{"metadata":{"formatVersion":2,"generatedBy":"LeapJS Playback 0.2.1","frames":86,"protocolVersion":6,"serviceVersion":"2.2.3+25971","frameRate":"1.1e+2","modified":"Sat Mar 14 2015 19:44:02 GMT-0300 (E. South America Standard Time)"},"frames":[["id","timestamp",{"hands":[["id","type","direction","palmNormal","palmPosition","palmVelocity","stabilizedPalmPosition","pinchStrength","grabStrength","confidence","armBasis","armWidth","elbow","wrist"]]},{"pointables":[["id","direction","handId","length","stabilizedTipPosition","tipPosition","tipVelocity","tool","carpPosition","mcpPosition","pipPosition","dipPosition","btipPosition","bases","type"]]},{"interactionBox":["center","size"]}],[385691,90461849356,[[40,"right",[-0.609893,0.75961,-0.225883],[-0.00827277,-0.291119,-0.956651],[-85.35,102.694,97.1125],[16.6805,1.60614,-6.178],[-85.6026,103.223,97.0669],0,0,0.95839,[[0.799211,0.575672,-0.172809],[-0.374332,0.701674,0.606241],[0.470252,-0.419827,0.776279]],59.3308,[69.1954,-35.7459,306.171],[-49.0266,69.7993,111.013]]],[[400,[-0.817591,0.521793,-0.243467],40,48.5264,[-156.094,77.1749,105.038],[-155.859,77.75,105.57],[8.21797,25.3153,-9.9864],false,[-68.2013,49.0137,106.993],[-68.2013,49.0137,106.993],[-113.69,57.292,111.739],[-139.646,73.8574,104.009],[-160.763,79.1623,104.924],[[[0.207265,0.642638,0.737602],[-0.396032,-0.634314,0.663932],[0.894539,-0.429724,0.123034]],[[0.194797,0.648556,0.735819],[-0.0648319,-0.740036,0.669436],[0.978699,-0.178108,-0.102109]],[[0.194797,0.648556,0.735819],[-0.541848,-0.554172,0.631897],[0.817591,-0.521793,0.243467]],[[0.194797,0.648556,0.735819],[-0.151916,-0.721188,0.675877],[0.969008,-0.243441,-0.0419593]]],0],[401,[-0.710591,0.527827,-0.465251],40,54.7567,[-172.554,147.712,67.0343],[-171.542,148.455,66.4296],[31.8567,17.7686,-26.6558],false,[-68.1762,66.2498,120.779],[-118.004,107.405,98.0636],[-147.194,130.481,83.3787],[-163.186,142.36,72.908],[-174.151,150.067,64.3367],[[[0.678788,0.70087,-0.219152],[-0.100743,0.384494,0.917614],[0.727391,-0.600787,0.331598]],[[0.671065,0.707178,-0.222643],[-0.131166,0.408808,0.903145],[0.729703,-0.576866,0.367095]],[[0.671065,0.707178,-0.222643],[-0.211498,0.470422,0.856721],[0.710591,-0.527827,0.465251]],[[0.671065,0.707178,-0.222643],[-0.273159,0.51501,0.812495],[0.689243,-0.484421,0.538778]]],1],[402,[-0.516514,0.710794,-0.477478],40,62.3908,[-146.462,181.522,59.0834],[-145.495,181.772,58.373],[37.6907,14.1537,-20.3222],false,[-61.0362,75.1379,119.566],[-101.8,119.995,96.1944],[-124.934,154.179,78.572],[-138.61,172.999,65.9295],[-147.598,184.633,56.4411],[[[0.777983,0.537373,-0.325535],[0.0314584,0.484166,0.874411],[0.627498,-0.690517,0.359768]],[[0.856149,0.438389,-0.27354],[0.0362088,0.477169,0.878065],[0.515459,-0.761659,0.392654]],[[0.856149,0.438389,-0.27354],[-0.0148909,0.55008,0.834979],[0.516514,-0.710794,0.477478]],[[0.856149,0.438389,-0.27354],[-0.0558562,0.604781,0.79443],[0.513701,-0.664872,0.54227]]],2],[403,[-0.445946,0.747101,-0.492921],40,59.9905,[-118.633,189.062,57.1904],[-117.371,189.035,56.1187],[41.4177,3.78838,-23.8836],false,[-52.6336,82.188,116.318],[-82.0109,127.268,93.8102],[-100.198,160.628,76.8675],[-111.701,179.898,64.1532],[-119.523,192.033,54.447],[[[0.857245,0.391863,-0.334029],[0.106949,0.499062,0.859941],[0.50368,-0.772904,0.385909]],[[0.892823,0.332394,-0.303941],[0.108356,0.496484,0.861256],[0.437179,-0.801884,0.407256]],[[0.892823,0.332394,-0.303941],[0.0632309,0.575633,0.81526],[0.445946,-0.747101,0.492921]],[[0.892823,0.332394,-0.303941],[0.0265595,0.634788,0.77223],[0.449623,-0.697538,0.557925]]],3],[404,[-0.26878,0.842461,-0.466922],40,47.0314,[-80.5364,185.298,60.9948],[-79.1376,185.067,60.0534],[42.347,-3.70348,-16.2576],false,[-42.5943,84.9426,108.119],[-63.1569,130.792,88.3699],[-71.0864,160.125,75.6943],[-75.9813,175.468,67.1909],[-80.6279,188.259,58.6836],[[[0.880245,0.211892,-0.424584],[0.283056,0.483678,0.828212],[0.380853,-0.84921,0.365778]],[[0.924992,0.0905809,-0.369031],[0.29391,0.445003,0.845925],[0.240845,-0.890936,0.385001]],[[0.924992,0.0905809,-0.369031],[0.2686,0.531087,0.803617],[0.26878,-0.842461,0.466922]],[[0.924992,0.0905809,-0.369031],[0.246103,0.597151,0.763442],[0.289521,-0.796998,0.530068]]],4]],[[0,200,0],[235.247,235.247,147.751]]],[385692,90461858065,[[40,"right",[-0.606573,0.76117,-0.229541],[-0.00805175,-0.294588,-0.95559],[-84.9841,102.976,97.0177],[23.4447,9.81992,-7.43332],[-85.5446,103.2,97.0623],0,0,0.962039,[[0.801236,0.572301,-0.174619],[-0.370755,0.703918,0.605838],[0.46964,-0.420679,0.776188]],59.3308,[69.2577,-35.7696,306.226],[-48.8104,69.9897,111.091]]],[[400,[-0.815158,0.524025,-0.246809],40,48.5264,[-156.043,77.3308,104.985],[-155.604,78.3448,105.426],[13.9189,36.5508,-11.4634],false,[-68.0611,49.2651,107.119],[-68.0611,49.2651,107.119],[-113.525,57.7409,111.754],[-139.404,74.3772,103.918],[-160.501,79.7693,104.775],[[[0.20874,0.644516,0.735545],[-0.399476,-0.630314,0.665676],[0.892663,-0.432785,0.125897]],[[0.196083,0.650578,0.733689],[-0.0689191,-0.73722,0.672129],[0.978162,-0.182358,-0.0997189]],[[0.196083,0.650578,0.733689],[-0.54504,-0.549677,0.633077],[0.815158,-0.524025,0.246809]],[[0.196083,0.650578,0.733689],[-0.155965,-0.717998,0.678347],[0.968105,-0.247442,-0.0393198]]],0],[401,[-0.708244,0.528681,-0.467854],40,54.7567,[-172.301,147.892,66.8448],[-170.97,148.94,66.0384],[40.6238,27.6845,-31.4462],false,[-67.9879,66.5514,120.842],[-117.621,107.819,97.9044],[-146.709,130.929,83.0703],[-162.648,142.827,72.541],[-173.58,150.548,63.9419],[[[0.681856,0.697387,-0.220735],[-0.10054,0.388247,0.916054],[0.724544,-0.602425,0.334844]],[[0.673784,0.704021,-0.224432],[-0.131414,0.413052,0.901176],[0.727149,-0.577705,0.370826]],[[0.673784,0.704021,-0.224432],[-0.210726,0.474185,0.854835],[0.708244,-0.528681,0.467854]],[[0.673784,0.704021,-0.224432],[-0.271607,0.518427,0.810841],[0.687201,-0.485375,0.540525]]],1],[402,[-0.513845,0.711889,-0.478725],40,62.3908,[-146.099,181.715,58.9006],[-144.807,182.181,57.9964],[47.9874,23.0714,-25.4712],false,[-60.8112,75.4068,119.607],[-101.364,120.338,96.0126],[-124.373,154.539,78.2607],[-137.978,173.388,65.5852],[-146.924,185.054,56.096],[[[0.780558,0.533112,-0.326376],[0.0321151,0.487239,0.872678],[0.624258,-0.691657,0.363197]],[[0.857787,0.434711,-0.274278],[0.0370687,0.479901,0.876539],[0.512668,-0.762051,0.395538]],[[0.857787,0.434711,-0.274278],[-0.0128517,0.55158,0.834023],[0.513845,-0.711889,0.478725]],[[0.857787,0.434711,-0.274278],[-0.0528924,0.605427,0.794142],[0.511278,-0.666697,0.54232]]],2],[403,[-0.442714,0.747667,-0.494973],40,59.9905,[-118.215,189.183,56.9648],[-116.644,189.322,55.7407],[52.7189,11.8237,-28.9355],false,[-52.3762,82.4119,116.346],[-81.5435,127.524,93.6304],[-99.594,160.897,76.5667],[-111.013,180.182,63.7995],[-118.781,192.332,54.0686],[[[0.859258,0.387261,-0.334222],[0.107684,0.501786,0.858263],[0.50008,-0.77346,0.389462]],[[0.894311,0.328222,-0.304103],[0.109323,0.498761,0.859818],[0.433886,-0.802189,0.410165]],[[0.894311,0.328222,-0.304103],[0.0649065,0.57729,0.813955],[0.442714,-0.747667,0.494973]],[[0.894311,0.328222,-0.304103],[0.0287936,0.636016,0.771138],[0.446519,-0.698393,0.559346]]],3],[404,[-0.264697,0.842696,-0.468827],40,47.0314,[-80.0998,185.346,60.827],[-78.4138,185.227,59.7446],[53.8355,2.48204,-21.3318],false,[-42.3144,85.0969,108.15],[-62.668,130.954,88.2044],[-70.4685,160.282,75.4375],[-75.289,175.629,66.8994],[-79.8691,188.431,58.3718],[[[0.881678,0.20687,-0.424085],[0.283774,0.485593,0.826845],[0.376982,-0.849355,0.369432]],[[0.925766,0.0859455,-0.368199],[0.294658,0.446225,0.845021],[0.236925,-0.890784,0.387775]],[[0.925766,0.0859455,-0.368199],[0.269986,0.531485,0.802889],[0.264697,-0.842696,0.468827]],[[0.925766,0.0859455,-0.368199],[0.248028,0.596964,0.762965],[0.285375,-0.797651,0.531332]]],4]],[[0,200,0],[235.247,235.247,147.751]]],[385693,90461866604,[[40,"right",[-0.603192,0.762972,-0.23245],[-0.00779814,-0.297066,-0.954825],[-84.5834,103.213,96.9206],[29.6096,14.5252,-8.46915],[-85.4584,103.201,97.0496],0,0,0.965305,[[0.803063,0.569271,-0.176126],[-0.367713,0.705993,0.605278],[0.468911,-0.421312,0.776285]],59.3308,[69.3225,-35.7985,306.294],[-48.5625,70.12,111.135]]],[[400,[-0.812673,0.526538,-0.249641],40,48.5264,[-155.967,77.5221,104.922],[-155.315,78.889,105.251],[19.2453,43.486,-13.5524],false,[-67.8897,49.4618,107.188],[-67.8897,49.4618,107.188],[-113.328,58.1319,111.719],[-139.128,74.8479,103.793],[-160.204,80.3269,104.597],[[[0.210208,0.645613,0.734164],[-0.402978,-0.626965,0.666726],[0.890742,-0.436003,0.128375]],[[0.197382,0.651814,0.732243],[-0.0730573,-0.73508,0.674032],[0.977601,-0.186538,-0.0974719]],[[0.197382,0.651814,0.732243],[-0.548273,-0.545799,0.63364],[0.812673,-0.526538,0.249641]],[[0.197382,0.651814,0.732243],[-0.16006,-0.715487,0.680044],[0.967172,-0.251431,-0.0368951]]],0],[401,[-0.705822,0.530127,-0.469872],40,54.7567,[-172.011,148.106,66.6449],[-170.357,149.42,65.6923],[48.5461,35.0341,-33.6511],false,[-67.7681,66.7837,120.866],[-117.202,108.188,97.7455],[-146.185,131.352,82.7911],[-162.07,143.283,72.2164],[-172.968,151.03,63.597],[[[0.684959,0.694084,-0.221538],[-0.10036,0.391053,0.91488],[0.721637,-0.604422,0.337513]],[[0.676581,0.701016,-0.22542],[-0.131529,0.416249,0.899687],[0.724526,-0.579062,0.373831]],[[0.676581,0.701016,-0.22542],[-0.209886,0.477013,0.853467],[0.705822,-0.530127,0.469872]],[[0.676581,0.701016,-0.22542],[-0.270041,0.521001,0.809713],[0.685066,-0.486964,0.541803]]],1],[402,[-0.510842,0.713103,-0.480129],40,62.3908,[-145.682,181.937,58.6996],[-144.063,182.571,57.6591],[57.7773,28.991,-28.7181],false,[-60.5543,75.6072,119.618],[-100.893,120.638,95.8452],[-123.762,154.874,77.9833],[-137.288,173.756,65.2706],[-146.185,185.45,55.7703],[[[0.783163,0.52914,-0.326599],[0.0327529,0.489401,0.871444],[0.620954,-0.693179,0.36595]],[[0.8596,0.431047,-0.274383],[0.0377602,0.481931,0.875395],[0.50957,-0.762851,0.397991]],[[0.8596,0.431047,-0.274383],[-0.0112946,0.552885,0.833181],[0.510842,-0.713103,0.480129]],[[0.8596,0.431047,-0.274383],[-0.0506536,0.606228,0.793676],[0.50845,-0.668345,0.542948]]],2],[403,[-0.439321,0.749012,-0.495962],40,59.9905,[-117.744,189.339,56.7453],[-115.873,189.616,55.4591],[62.7695,18.1177,-29.7416],false,[-52.0867,82.57,116.352],[-81.0399,127.738,93.474],[-98.9482,161.141,76.321],[-110.28,180.461,63.5283],[-117.991,192.645,53.7946],[[[0.861293,0.382957,-0.333944],[0.108401,0.503609,0.857104],[0.496411,-0.774417,0.392242]],[[0.895847,0.324263,-0.303828],[0.110255,0.500156,0.858888],[0.430467,-0.802931,0.412311]],[[0.895847,0.324263,-0.303828],[0.0667483,0.577784,0.813456],[0.439321,-0.749012,0.495962]],[[0.895847,0.324263,-0.303828],[0.0313585,0.635901,0.771133],[0.443255,-0.700345,0.559502]]],3],[404,[-0.260622,0.843343,-0.469945],40,47.0314,[-79.6104,185.417,60.6572],[-77.6493,185.376,59.5182],[63.7098,6.69951,-22.5795],false,[-42.002,85.1934,108.164],[-62.1429,131.079,88.0675],[-69.8124,160.416,75.2435],[-74.5588,175.775,66.685],[-79.0732,188.593,58.1466],[[[0.883128,0.202242,-0.423299],[0.284471,0.486632,0.825993],[0.373042,-0.849875,0.372226]],[[0.926536,0.0816963,-0.367229],[0.295408,0.44644,0.844645],[0.23295,-0.891076,0.389509]],[[0.926536,0.0816963,-0.367229],[0.271308,0.531129,0.80268],[0.260622,-0.843343,0.469945]],[[0.926536,0.0816963,-0.367229],[0.249827,0.596217,0.762962],[0.28128,-0.798656,0.532007]]],4]],[[0,200,0],[235.247,235.247,147.751]]],[385694,90461875738,[[40,"right",[-0.599543,0.765068,-0.234988],[-0.00655764,-0.298296,-0.954451],[-84.1355,103.48,96.9231],[35.0111,18.6345,-6.03575],[-85.3333,103.227,97.0376],0,0,0.966251,[[0.804516,0.566958,-0.176954],[-0.365416,0.707373,0.605058],[0.468214,-0.422117,0.776268]],59.3308,[69.4263,-35.858,306.428],[-48.2835,70.2629,111.273]]],[[400,[-0.809903,0.529375,-0.252626],40,48.5264,[-155.859,77.7637,104.844],[-154.986,79.4542,105.071],[24.0197,48.4374,-15.0096],false,[-67.683,49.6768,107.304],[-67.683,49.6768,107.304],[-113.098,58.5355,111.694],[-138.81,75.3416,103.674],[-159.867,80.9066,104.41],[[[0.21092,0.645739,0.733849],[-0.407176,-0.624467,0.666519],[0.888662,-0.439388,0.131217]],[[0.197936,0.652079,0.731857],[-0.0779001,-0.733803,0.674881],[0.977115,-0.190595,-0.0944487]],[[0.197936,0.652079,0.731857],[-0.552159,-0.542729,0.632903],[0.809903,-0.529375,0.252626]],[[0.197936,0.652079,0.731857],[-0.164863,-0.713846,0.68062],[0.966251,-0.255375,-0.0337921]]],0],[401,[-0.703059,0.532191,-0.471679],40,54.7567,[-171.647,148.382,66.4282],[-169.669,149.967,65.4223],[55.6159,41.8223,-32.2202],false,[-67.5269,67.0162,120.959],[-116.735,108.587,97.6584],[-145.602,131.818,82.5824],[-161.424,143.796,71.967],[-172.283,151.582,63.3334],[[[0.68829,0.691048,-0.220703],[-0.101122,0.392661,0.914107],[0.718353,-0.606853,0.340145]],[[0.679491,0.698387,-0.224829],[-0.132632,0.418316,0.898566],[0.721596,-0.580748,0.37687]],[[0.679491,0.698387,-0.224829],[-0.209763,0.47857,0.852626],[0.703059,-0.532191,0.471679]],[[0.679491,0.698387,-0.224829],[-0.268979,0.522229,0.809276],[0.6826,-0.489421,0.542701]]],1],[402,[-0.506969,0.714817,-0.481683],40,62.3908,[-145.157,182.221,58.4891],[-143.211,183.039,57.4405],[67.5331,35.2092,-27.2197],false,[-60.2748,75.8091,119.718],[-100.372,120.969,95.7833],[-123.068,155.272,77.8267],[-136.491,174.199,65.0729],[-145.321,185.927,55.5527],[[[0.7861,0.525574,-0.325297],[0.0324933,0.490419,0.870881],[0.617244,-0.69517,0.368441]],[[0.861896,0.42742,-0.272851],[0.0375353,0.482825,0.874912],[0.505694,-0.764324,0.400102]],[[0.861896,0.42742,-0.272851],[-0.0108423,0.553488,0.832787],[0.506969,-0.714817,0.481683]],[[0.861896,0.42742,-0.272851],[-0.0496626,0.606641,0.793423],[0.504648,-0.670298,0.544088]]],2],[403,[-0.435496,0.751017,-0.496303],40,59.9905,[-117.164,189.558,56.5566],[-115.015,190.002,55.3796],[71.5875,25.2099,-23.4733],false,[-51.7711,82.7337,116.464],[-80.4852,127.987,93.4534],[-98.234,161.456,76.2638],[-109.467,180.828,63.4622],[-117.113,193.053,53.729],[[[0.863664,0.37907,-0.332251],[0.108233,0.504305,0.856716],[0.492311,-0.775875,0.394522]],[[0.897636,0.320788,-0.302235],[0.110607,0.49984,0.859026],[0.426634,-0.804522,0.413193]],[[0.897636,0.320788,-0.302235],[0.0677755,0.577121,0.813841],[0.435496,-0.751017,0.496303]],[[0.897636,0.320788,-0.302235],[0.0329125,0.635043,0.771776],[0.439508,-0.70272,0.559479]]],3],[404,[-0.256236,0.844195,-0.470827],40,47.0314,[-79.0172,185.525,60.5136],[-76.8002,185.589,59.4803],[72.061,11.3453,-17.5735],false,[-41.6552,85.3059,108.299],[-61.5613,131.245,88.0907],[-69.091,160.601,75.2253],[-73.7575,175.975,66.6508],[-78.2005,188.811,58.1026],[[[0.885004,0.198152,-0.421313],[0.284314,0.486584,0.826076],[0.368693,-0.850865,0.374292]],[[0.927674,0.0779091,-0.365172],[0.295153,0.446019,0.844957],[0.228703,-0.891626,0.390765]],[[0.927674,0.0779091,-0.365172],[0.271595,0.530344,0.803101],[0.256236,-0.844195,0.470827]],[[0.927674,0.0779091,-0.365172],[0.250569,0.595188,0.763522],[0.276831,-0.799801,0.532619]]],4]],[[0,200,0],[235.247,235.247,147.751]]],[385695,90461883947,[[40,"right",[-0.597387,0.766855,-0.234654],[-0.00230437,-0.294243,-0.955728],[-83.5251,103.759,97.0187],[44.9985,22.5341,-1.54734],[-85.1787,103.273,97.036],0,0,0.830478,[[0.80424,0.568337,-0.173752],[-0.367814,0.705638,0.605631],[0.466809,-0.423164,0.776545]],59.3308,[69.5694,-35.9505,306.626],[-47.787,70.4337,111.401]]],[[400,[-0.808465,0.531272,-0.253247],40,48.5264,[-155.721,77.9857,104.755],[-154.454,79.7982,104.734],[34.3924,46.6577,-19.814],false,[-67.194,49.8905,107.251],[-67.194,49.8905,107.251],[-112.615,58.7939,111.486],[-138.282,75.6601,103.446],[-159.333,81.253,104.116],[[[0.208194,0.642344,0.737597],[-0.411235,-0.62674,0.661878],[0.887435,-0.441125,0.133671]],[[0.195702,0.64848,0.735645],[-0.0818306,-0.736736,0.671211],[0.977243,-0.191556,-0.0911155]],[[0.195702,0.64848,0.735645],[-0.555053,-0.545183,0.628245],[0.808465,-0.531272,0.253248]],[[0.195702,0.64848,0.735645],[-0.168871,-0.71666,0.676669],[0.966014,-0.256655,-0.0307427]]],0],[401,[-0.700516,0.535021,-0.472261],40,54.7567,[-171.251,148.667,66.2461],[-168.865,150.475,65.3042],[66.1149,46.825,-27.5148],false,[-67.0816,67.1717,120.98],[-116.122,108.906,97.6172],[-144.894,132.216,82.4825],[-160.659,144.257,71.8541],[-171.478,152.1,63.2213],[[[0.690263,0.691057,-0.214423],[-0.105054,0.388922,0.915261],[0.715892,-0.609245,0.341056]],[[0.681122,0.698733,-0.218734],[-0.136902,0.415019,0.899454],[0.719257,-0.582693,0.378337]],[[0.681122,0.698733,-0.218734],[-0.212957,0.474893,0.853888],[0.700516,-0.535021,0.472261]],[[0.681122,0.698733,-0.218734],[-0.271324,0.518357,0.81098],[0.680041,-0.493029,0.542648]]],1],[402,[-0.503718,0.717411,-0.481238],40,62.3908,[-144.598,182.527,58.3642],[-142.307,183.559,57.5814],[78.2959,42.0328,-16.3747],false,[-59.812,75.9601,119.812],[-99.7332,121.274,95.8742],[-122.299,155.673,77.936],[-135.636,174.668,65.194],[-144.405,186.449,55.6818],[[[0.788364,0.525897,-0.31924],[0.0288987,0.486684,0.8731],[0.61453,-0.697546,0.368486]],[[0.86375,0.427457,-0.266863],[0.0336867,0.479409,0.876945],[0.502793,-0.766451,0.39969]],[[0.86375,0.427457,-0.266863],[-0.0142584,0.550093,0.834982],[0.503718,-0.717411,0.481238]],[[0.86375,0.427457,-0.266863],[-0.0527042,0.6033,0.795771],[0.501157,-0.673282,0.543629]]],2],[403,[-0.432493,0.754156,-0.494165],40,59.9905,[-116.563,189.828,56.5159],[-114.123,190.531,55.778],[81.0544,35.2267,-4.97371],false,[-51.2834,82.8871,116.629],[-79.8258,128.275,93.6707],[-97.4606,161.862,76.5916],[-108.616,181.314,63.8451],[-116.207,193.597,54.1414],[[[0.865768,0.379321,-0.326438],[0.104725,0.500529,0.859362],[0.489366,-0.778194,0.393617]],[[0.899291,0.321293,-0.296726],[0.107651,0.494974,0.862214],[0.423895,-0.807324,0.410538]],[[0.899291,0.321293,-0.296726],[0.0650054,0.57273,0.817162],[0.432493,-0.754156,0.494165]],[[0.899291,0.321293,-0.296726],[0.0302932,0.631072,0.775132],[0.4363,-0.706058,0.557785]]],3],[404,[-0.253083,0.846664,-0.468091],40,47.0314,[-78.4158,185.694,60.5262],[-75.9192,186.026,59.9884],[81.0177,21.8307,2.40909],false,[-41.1246,85.4804,108.524],[-60.8717,131.531,88.4139],[-68.3094,160.953,75.6465],[-72.9185,176.372,67.1218],[-77.3066,189.254,58.6138],[[[0.887303,0.198753,-0.416162],[0.280929,0.482703,0.829504],[0.365749,-0.852933,0.372468]],[[0.929455,0.078534,-0.36048],[0.291682,0.441871,0.848335],[0.225908,-0.893635,0.387792]],[[0.929455,0.078534,-0.36048],[0.268444,0.526301,0.806812],[0.253083,-0.846664,0.468091]],[[0.929455,0.078534,-0.36048],[0.247703,0.591273,0.767489],[0.273416,-0.802639,0.530108]]],4]],[[0,200,0],[235.247,235.247,147.751]]],[385696,90461892756,[[40,"right",[-0.594347,0.772315,-0.224233],[-0.00803981,-0.284516,-0.958637],[-82.761,104.092,96.8073],[56.2521,26.6532,-7.60276],[-84.957,103.348,97.015],0,0,0.456293,[[0.805845,0.566441,-0.172506],[-0.368093,0.70742,0.603378],[0.463812,-0.422731,0.778574]],59.3308,[69.4661,-35.8394,306.428],[-47.137,70.4358,110.694]]],[[400,[-0.815384,0.534772,-0.221739],40,48.5264,[-155.551,78.2317,104.84],[-153.886,80.3539,105.675],[39.6243,48.9668,35.7923],false,[-66.6702,50.0378,106.421],[-66.6702,50.0378,106.421],[-111.94,59.1881,111.643],[-137.826,76.1655,104.603],[-158.853,81.7338,105.903],[[[0.21481,0.633729,0.743132],[-0.411641,-0.631259,0.657315],[0.885668,-0.447101,0.125268]],[[0.213884,0.634196,0.743],[-0.0750334,-0.747689,0.659797],[0.973973,-0.19687,-0.112333]],[[0.213884,0.634196,0.743],[-0.537961,-0.558404,0.631492],[0.815384,-0.534772,0.221739]],[[0.213884,0.634196,0.743],[-0.152015,-0.729727,0.666626],[0.964958,-0.255528,-0.0596696]]],0],[401,[-0.699755,0.540879,-0.466684],40,54.7567,[-170.729,149.09,66.1362],[-168.002,151.433,65.7743],[74.7809,61.8279,-8.43243],false,[-66.4064,67.1779,120.324],[-115.327,109.404,97.6021],[-144.048,132.902,82.6635],[-159.796,145.075,72.1605],[-170.612,153.028,63.6246],[[[0.69296,0.689571,-0.210471],[-0.0989924,0.380162,0.919607],[0.714148,-0.616416,0.331699]],[[0.682988,0.698055,-0.215052],[-0.134352,0.409453,0.902385],[0.717967,-0.587425,0.373437]],[[0.682988,0.698055,-0.215052],[-0.209454,0.469223,0.857881],[0.699755,-0.540879,0.466684]],[[0.682988,0.698055,-0.215052],[-0.267044,0.512668,0.816002],[0.679864,-0.499891,0.536557]]],1],[402,[-0.50185,0.721315,-0.477337],40,62.3908,[-143.887,182.959,58.3398],[-141.296,184.427,58.166],[88.43,53.7009,-0.215494],false,[-59.0956,75.9396,119.213],[-98.8812,121.703,95.9119],[-121.349,156.265,78.1667],[-134.637,175.364,65.528],[-143.378,187.217,56.0804],[[[0.789727,0.524972,-0.317388],[0.0352888,0.477643,0.877845],[0.612442,-0.704458,0.358682]],[[0.864884,0.425515,-0.266294],[0.0368286,0.475277,0.879065],[0.500619,-0.770097,0.395389]],[[0.864884,0.425515,-0.266294],[-0.0110317,0.546481,0.837399],[0.50185,-0.721315,0.477337]],[[0.864884,0.425515,-0.266294],[-0.0493546,0.600011,0.798468],[0.499539,-0.677439,0.539941]]],2],[403,[-0.431206,0.764412,-0.479308],40,59.9905,[-115.839,190.311,56.7722],[-113.135,191.605,56.9263],[90.1438,60.3774,34.4821],false,[-50.5446,82.8537,116.062],[-78.9469,128.622,93.6912],[-96.4902,162.58,77.2673],[-107.613,182.298,64.9041],[-115.193,194.774,55.4423],[[[0.866323,0.378072,-0.326413],[0.111126,0.49123,0.863912],[0.486965,-0.7847,0.38355]],[[0.899205,0.320461,-0.297884],[0.116643,0.480611,0.869142],[0.421692,-0.816283,0.394788]],[[0.899205,0.320461,-0.297884],[0.0741062,0.559446,0.825548],[0.431206,-0.764412,0.479308]],[[0.899205,0.320461,-0.297884],[0.0393391,0.61886,0.784516],[0.435755,-0.717159,0.543875]]],3],[404,[-0.250419,0.852501,-0.458837],40,47.0314,[-77.6774,185.984,60.6694],[-74.8812,186.691,60.5785],[91.5423,35.894,19.2465],false,[-40.4078,85.4758,107.939],[-59.9991,131.831,88.3838],[-67.3263,161.419,75.9417],[-71.8868,176.945,67.5856],[-76.2414,189.929,59.2173],[[[0.886512,0.198314,-0.418053],[0.287101,0.472784,0.833095],[0.362863,-0.858572,0.362193]],[[0.928359,0.0769909,-0.363624],[0.297692,0.431758,0.851448],[0.222551,-0.898697,0.377907]],[[0.928359,0.0769909,-0.363624],[0.274663,0.517024,0.810707],[0.250419,-0.852501,0.458837]],[[0.928359,0.0769909,-0.363624],[0.254036,0.582713,0.771953],[0.271322,-0.809023,0.521408]]],4]],[[0,200,0],[235.247,235.247,147.751]]],[385697,90461901348,[[40,"right",[-0.588519,0.777649,-0.221152],[-0.0156851,-0.28447,-0.958557],[-81.9504,104.479,96.1931],[66.3069,31.4973,-24.4633],[-84.6922,103.448,96.9426],0,0,0.501157,[[0.810444,0.558736,-0.176051],[-0.361718,0.713677,0.599855],[0.460804,-0.422468,0.7805]],59.3308,[69.2877,-35.7068,306.113],[-46.5591,70.5023,109.894]]],[[400,[-0.820308,0.537688,-0.194899],40,48.5264,[-155.386,78.4795,105.032],[-153.368,81.2079,106.661],[43.0529,59.1816,73.8284],false,[-66.2983,50.2816,105.727],[-66.2983,50.2816,105.727],[-111.365,59.8607,111.851],[-137.408,76.9307,105.664],[-158.391,82.4835,107.594],[[[0.22446,0.63179,0.741929],[-0.413847,-0.627486,0.659539],[0.88224,-0.455086,0.120619]],[[0.234211,0.626715,0.743219],[-0.0705937,-0.751501,0.655945],[0.969619,-0.206096,-0.131767]],[[0.234211,0.626715,0.743219],[-0.521766,-0.564021,0.640032],[0.820308,-0.537689,0.194899]],[[0.234211,0.626715,0.743219],[-0.133872,-0.736409,0.663159],[0.962925,-0.254815,-0.0885752]]],0],[401,[-0.697577,0.545518,-0.464539],40,54.7567,[-170.104,149.626,65.9899],[-166.945,152.49,65.507],[87.369,77.0178,-15.6464],false,[-65.806,67.4192,119.626],[-114.462,110.085,97.1598],[-143.061,133.765,82.2739],[-158.76,146.042,71.8192],[-169.555,154.071,63.3275],[[[0.698042,0.683269,-0.214195],[-0.0906831,0.381077,0.920085],[0.710291,-0.622835,0.327969]],[[0.687393,0.692464,-0.219053],[-0.128008,0.412397,0.901966],[0.714916,-0.591965,0.37212]],[[0.687393,0.692464,-0.219053],[-0.202179,0.472127,0.858032],[0.697577,-0.545518,0.464539]],[[0.687393,0.692464,-0.219053],[-0.259067,0.515543,0.816762],[0.678509,-0.504687,0.533776]]],1],[402,[-0.497961,0.725185,-0.475543],40,62.3908,[-143.036,183.488,58.2335],[-139.972,185.306,57.8084],[105.719,65.8099,-12.2372],false,[-58.4223,76.1143,118.475],[-97.9152,122.234,95.3815],[-120.172,156.964,77.6974],[-133.357,176.165,65.1061],[-142.042,188.089,55.6958],[[[0.792751,0.517798,-0.321609],[0.0442511,0.477339,0.877604],[0.607938,-0.709953,0.355498]],[[0.867196,0.417789,-0.270967],[0.0450589,0.47608,0.878247],[0.495923,-0.773822,0.394029]],[[0.867196,0.417789,-0.270967],[-0.00217563,0.54732,0.836921],[0.497962,-0.725185,0.475543]],[[0.867196,0.417789,-0.270967],[-0.040037,0.600882,0.798334],[0.496354,-0.681464,0.53781]]],2],[403,[-0.426974,0.768209,-0.47702],40,59.9905,[-114.96,190.835,56.8653],[-111.758,192.268,56.4914],[108.945,64.6576,11.6588],false,[-49.8259,82.9508,115.279],[-77.9313,128.973,93.0548],[-95.259,163.091,76.7328],[-106.272,182.906,64.4286],[-113.793,195.447,55.0042],[[[0.867966,0.370211,-0.331025],[0.120134,0.490239,0.863269],[0.481874,-0.789056,0.381036]],[[0.900398,0.312458,-0.302741],[0.125693,0.479357,0.868573],[0.416514,-0.820114,0.392338]],[[0.900398,0.312458,-0.302741],[0.0835198,0.558771,0.825106],[0.426974,-0.768209,0.47702]],[[0.900398,0.312458,-0.302741],[0.0489705,0.618643,0.784145],[0.432301,-0.720868,0.541724]]],3],[404,[-0.244637,0.855156,-0.457013],40,47.0314,[-76.7932,186.284,60.6357],[-73.5075,187.028,59.9611],[110.506,36.9379,-4.8463],false,[-39.7089,85.4808,107.102],[-58.9835,132.01,87.6469],[-66.0893,161.679,75.2683],[-70.5445,177.253,66.9454],[-74.8192,190.282,58.6047],[[[0.886044,0.190274,-0.422756],[0.295769,0.470202,0.831523],[0.356998,-0.861804,0.360343]],[[0.927143,0.0683374,-0.368423],[0.306309,0.428101,0.850238],[0.215825,-0.901144,0.375978]],[[0.927143,0.0683374,-0.368423],[0.283829,0.513846,0.80957],[0.244637,-0.855156,0.457012]],[[0.927143,0.0683374,-0.368423],[0.263564,0.579952,0.770837],[0.266345,-0.811779,0.519687]]],4]],[[0,200,0],[235.247,235.247,147.751]]],[385698,90461910004,[[40,"right",[-0.584115,0.783168,-0.213207],[-0.0190095,-0.275804,-0.961026],[-80.6972,104.822,95.2099],[87.1513,33.6577,-48.1371],[-84.3476,103.566,96.7932],0,0,0.541837,[[0.812944,0.555919,-0.173423],[-0.362808,0.716441,0.595889],[0.455513,-0.421505,0.784118]],59.3308,[69.0249,-35.4579,305.675],[-45.4918,70.5091,108.547]]],[[400,[-0.820096,0.54338,-0.179389],40,48.5264,[-155.143,78.7622,105.179],[-152.28,81.884,106.138],[65.3259,64.0212,43.3523],false,[-65.3612,50.4472,104.233],[-65.3612,50.4472,104.233],[-110.309,60.2975,110.792],[-136.344,77.5482,105.097],[-157.282,83.1692,107.303],[[[0.229548,0.623763,0.747146],[-0.416588,-0.630808,0.654626],[0.879638,-0.46152,0.115052]],[[0.244273,0.615932,0.748971],[-0.0718155,-0.758757,0.647402],[0.967043,-0.211931,-0.141111]],[[0.244273,0.615932,0.748971],[-0.517467,-0.570409,0.637857],[0.820096,-0.54338,0.179389]],[[0.244273,0.615932,0.748971],[-0.13083,-0.744374,0.654821],[0.96084,-0.257943,-0.101248]]],0],[401,[-0.695526,0.552759,-0.459021],40,54.7567,[-169.289,150.287,65.774],[-165.478,153.55,65.0434],[108.847,88.5426,-26.2216],false,[-64.7411,67.4568,118.284],[-113.173,110.617,96.282],[-141.67,134.545,81.5984],[-157.323,146.985,71.268],[-168.093,155.143,62.8687],[[[0.701855,0.68088,-0.209289],[-0.086829,0.373399,0.923598],[0.707008,-0.63006,0.321192]],[[0.690506,0.690828,-0.214377],[-0.125347,0.406176,0.905157],[0.712383,-0.598145,0.367061]],[[0.690506,0.690828,-0.214377],[-0.198606,0.466062,0.862173],[0.695526,-0.552759,0.459021]],[[0.690506,0.690828,-0.214377],[-0.254798,0.509689,0.821764],[0.676963,-0.51281,0.527965]]],1],[402,[-0.494301,0.732063,-0.468776],40,62.3908,[-141.945,184.157,58.0989],[-138.289,186.327,57.6222],[129.354,79.2975,-15.2387],false,[-57.3062,76.1166,117.198],[-96.5544,122.681,94.5838],[-118.629,157.692,77.2299],[-131.717,177.076,64.8178],[-140.344,189.127,55.5173],[[[0.795371,0.515798,-0.318334],[0.0486212,0.469211,0.881747],[0.604169,-0.716794,0.348118]],[[0.869288,0.414888,-0.268712],[0.0491989,0.468295,0.882201],[0.491851,-0.780108,0.386671]],[[0.869288,0.414888,-0.268712],[0.0022247,0.540325,0.841453],[0.494301,-0.732063,0.468776]],[[0.869288,0.414888,-0.268712],[-0.0354506,0.594542,0.803283],[0.493033,-0.688758,0.531536]]],2],[403,[-0.423227,0.774708,-0.469794],40,59.9905,[-113.831,191.466,56.9006],[-110.047,193.138,56.3488],[132.665,73.6172,3.58223],false,[-48.6735,82.9287,114.048],[-76.5335,129.318,92.2831],[-93.6846,163.683,76.2967],[-104.601,183.666,64.1789],[-112.064,196.326,54.8681],[[[0.869667,0.367846,-0.329194],[0.124557,0.481774,0.867398],[0.477666,-0.795351,0.373165]],[[0.901732,0.309763,-0.301538],[0.130054,0.470825,0.872588],[0.412268,-0.826057,0.384272]],[[0.901732,0.309763,-0.301538],[0.0880789,0.551248,0.829679],[0.423227,-0.774708,0.469794]],[[0.901732,0.309763,-0.301538],[0.0536489,0.611949,0.789075],[0.428953,-0.727712,0.535196]]],3],[404,[-0.240097,0.860628,-0.449081],40,47.0314,[-75.6828,186.666,60.5466],[-71.81,187.64,59.7047],[133.499,45.7103,-11.5889],false,[-38.5547,85.4698,105.877],[-57.5765,132.288,86.8702],[-64.5171,162.11,74.77],[-68.8897,177.784,66.5916],[-73.0981,190.91,58.3706],[[[0.886491,0.188627,-0.422555],[0.300014,0.46095,0.835175],[0.352313,-0.867148,0.352037]],[[0.926955,0.0658763,-0.369343],[0.310342,0.418539,0.85353],[0.210812,-0.905806,0.367523]],[[0.926955,0.0658763,-0.369343],[0.288283,0.504956,0.81358],[0.240097,-0.860628,0.449081]],[[0.926955,0.0658763,-0.369343],[0.268321,0.571658,0.775378],[0.262217,-0.817843,0.512225]]],4]],[[0,200,0],[235.247,235.247,147.751]]],[385699,90461918587,[[40,"right",[-0.579934,0.78818,-0.206032],[-0.0193418,-0.266155,-0.963736],[-79.4997,105.119,94.2831],[100.962,33.8953,-63.9177],[-83.9433,103.696,96.5839],0,0,0.581451,[[0.814411,0.55494,-0.169637],[-0.365646,0.717749,0.59257],[0.450597,-0.420568,0.787454]],59.3308,[68.7988,-35.2335,305.283],[-44.482,70.4981,107.315]]],[[400,[-0.817624,0.548764,-0.174209],40,48.5264,[-154.812,79.0864,105.214],[-151.223,82.4323,104.938],[80.5858,63.8017,-5.45783],false,[-64.4473,50.5803,102.782],[-64.4473,50.5803,102.782],[-109.35,60.6057,109.383],[-135.307,78.0273,103.852],[-156.219,83.7304,106.095],[[[0.231862,0.615153,0.753543],[-0.420474,-0.635166,0.647894],[0.877178,-0.467067,0.111385]],[[0.246601,0.6072,0.755312],[-0.0766874,-0.764711,0.639794],[0.966078,-0.215697,-0.142014]],[[0.246601,0.6072,0.755312],[-0.520268,-0.574601,0.631787],[0.817624,-0.548764,0.174209]],[[0.246601,0.6072,0.755312],[-0.13518,-0.75021,0.647233],[0.959643,-0.261712,-0.102922]]],0],[401,[-0.69263,0.560385,-0.454127],40,54.7567,[-168.314,151.042,65.4858],[-164.023,154.54,64.5016],[124.606,95.5416,-35.8799],false,[-63.7571,67.4463,117.002],[-111.947,111.066,95.3787],[-140.321,135.257,80.8893],[-155.909,147.869,70.669],[-166.636,156.162,62.3471],[[[0.7055,0.679377,-0.201782],[-0.0859633,0.364648,0.927169],[0.703477,-0.636772,0.315661]],[[0.693791,0.689796,-0.206966],[-0.12469,0.398097,0.90883],[0.7093,-0.604731,0.362207]],[[0.693791,0.689796,-0.206966],[-0.197275,0.45842,0.866564],[0.69263,-0.560385,0.454127]],[[0.693791,0.689796,-0.206966],[-0.252952,0.502477,0.82676],[0.674292,-0.521247,0.523099]]],1],[402,[-0.490032,0.738939,-0.462427],40,62.3908,[-140.662,184.926,57.9396],[-136.639,187.273,57.4275],[146.084,87.2447,-17.6118],false,[-56.2776,76.0789,116.01],[-95.2662,123.063,93.8178],[-117.143,158.35,76.7748],[-130.118,177.915,64.5309],[-138.672,190.096,55.3328],[[[0.798304,0.514917,-0.312364],[0.0500129,0.460186,0.886413],[0.600174,-0.723249,0.341616]],[[0.871696,0.413086,-0.263639],[0.0504201,0.45953,0.88673],[0.487446,-0.786252,0.379743]],[[0.871696,0.413086,-0.263639],[0.00379081,0.532287,0.846555],[0.490032,-0.738939,0.462427]],[[0.871696,0.413086,-0.263639],[-0.033614,0.587123,0.8088],[0.488892,-0.696166,0.525678]]],2],[403,[-0.419112,0.780035,-0.46464],40,59.9905,[-112.516,192.149,56.8712],[-108.394,193.917,56.2174],[148.751,76.4375,-4.2512],false,[-47.6072,82.8783,112.937],[-75.2096,129.621,91.6041],[-92.1821,164.197,75.8828],[-102.993,184.317,63.8979],[-110.385,197.071,54.6608],[[[0.871867,0.366706,-0.324614],[0.126027,0.472509,0.872269],[0.47325,-0.801412,0.36575]],[[0.903576,0.308259,-0.297535],[0.130794,0.462847,0.876736],[0.407974,-0.831113,0.377899]],[[0.903576,0.308259,-0.297535],[0.0888581,0.544538,0.834016],[0.419112,-0.780035,0.46464]],[[0.903576,0.308259,-0.297535],[0.0544613,0.606202,0.793444],[0.424952,-0.733141,0.530961]]],3],[404,[-0.235201,0.866031,-0.441216],40,47.0314,[-74.3997,187.112,60.4496],[-70.1584,188.239,59.6121],[149.361,51.6908,-11.882],false,[-37.4668,85.4493,104.802],[-56.232,132.549,86.2407],[-63.0015,162.526,74.4302],[-67.2849,178.298,66.395],[-71.4189,191.518,58.2877],[[[0.887892,0.18834,-0.419733],[0.301412,0.451121,0.840024],[0.347561,-0.872363,0.343779]],[[0.927728,0.06467,-0.367612],[0.311517,0.408387,0.858008],[0.205615,-0.910515,0.358726]],[[0.927728,0.06467,-0.367612],[0.28983,0.495791,0.818652],[0.235201,-0.866031,0.441216]],[[0.927728,0.06467,-0.367612],[0.270135,0.563324,0.780829],[0.25758,-0.823702,0.505142]]],4]],[[0,200,0],[235.247,235.247,147.751]]],[385700,90461927303,[[40,"right",[-0.575416,0.792206,-0.203239],[-0.0261848,-0.266218,-0.963557],[-78.5089,105.581,93.8497],[104.358,39.0175,-60.127],[-83.4844,103.855,96.353],0,0,0.615646,[[0.81887,0.547785,-0.171418],[-0.360092,0.722847,0.589768],[0.446975,-0.421217,0.78917]],59.3308,[68.7006,-35.1773,305.109],[-43.6696,70.7173,106.71]]],[[400,[-0.816705,0.552589,-0.166246],40,48.5264,[-154.399,79.4979,105.267],[-150.381,83.3532,105.072],[84.6157,74.2291,1.38363],false,[-63.7979,50.9398,102.285],[-63.7979,50.9398,102.285],[-108.58,61.3118,109.159],[-134.508,78.8548,103.881],[-155.375,84.6472,106.314],[[[0.240075,0.613664,0.752184],[-0.421598,-0.632045,0.650211],[0.874425,-0.473218,0.106981]],[[0.255864,0.604997,0.753997],[-0.0787757,-0.764318,0.64001],[0.963498,-0.223153,-0.147903]],[[0.255864,0.604997,0.753997],[-0.517229,-0.573257,0.635492],[0.816705,-0.552589,0.166246]],[[0.255864,0.604997,0.753997],[-0.132868,-0.75055,0.647319],[0.957538,-0.265808,-0.111654]]],0],[401,[-0.691496,0.56434,-0.450948],40,54.7567,[-167.226,151.906,65.2261],[-162.863,155.539,64.4635],[126.494,100.289,-27.4875],false,[-62.9155,67.8036,116.497],[-110.907,111.758,95.1109],[-139.204,136.108,80.7374],[-154.767,148.808,70.5886],[-165.486,157.164,62.3205],[[[0.709224,0.674341,-0.205585],[-0.0786103,0.365444,0.927508],[0.700587,-0.64165,0.312192]],[[0.696942,0.68539,-0.210979],[-0.117844,0.39966,0.909057],[0.707378,-0.608698,0.359309]],[[0.696942,0.68539,-0.210979],[-0.190011,0.460176,0.867257],[0.691496,-0.56434,0.450948]],[[0.696942,0.68539,-0.210979],[-0.245406,0.504382,0.827874],[0.67383,-0.525205,0.519724]]],1],[402,[-0.48724,0.741838,-0.460732],40,62.3908,[-139.264,185.762,57.7565],[-135.262,188.109,57.239],[149.276,89.1967,-19.2788],false,[-55.3805,76.383,115.464],[-94.1506,123.636,93.461],[-115.869,159.06,76.5006],[-128.77,178.702,64.3015],[-137.286,190.932,55.1313],[[[0.800295,0.509206,-0.316602],[0.0578245,0.460013,0.886028],[0.596812,-0.727391,0.338701]],[[0.873192,0.406912,-0.26825],[0.0579585,0.459794,0.886132],[0.483917,-0.789311,0.377905]],[[0.873192,0.406912,-0.26825],[0.0115205,0.533009,0.846031],[0.48724,-0.741838,0.460732]],[[0.873192,0.406912,-0.26825],[-0.025776,0.588182,0.808318],[0.486694,-0.698902,0.524085]]],2],[403,[-0.416034,0.782328,-0.463549],40,59.9905,[-111.09,192.857,56.7469],[-106.987,194.559,55.8938],[152.611,75.0008,-14.5146],false,[-46.6784,83.1204,112.344],[-74.06,130.052,91.1424],[-90.8716,164.728,75.4683],[-101.603,184.907,63.5117],[-108.953,197.699,54.2933],[[[0.872747,0.360478,-0.329194],[0.13385,0.471795,0.871489],[0.469465,-0.804652,0.363508]],[[0.904207,0.301763,-0.302239],[0.138228,0.462809,0.875615],[0.404107,-0.833515,0.376763]],[[0.904207,0.301763,-0.302239],[0.0965684,0.544886,0.832931],[0.416034,-0.782328,0.463549]],[[0.904207,0.301763,-0.302239],[0.0623447,0.606826,0.792386],[0.42252,-0.735324,0.529883]]],3],[404,[-0.230986,0.867455,-0.440643],40,47.0314,[-73.0158,187.564,60.2398],[-68.7512,188.631,59.1147],[153.302,49.7449,-24.5204],false,[-36.5621,85.6181,104.157],[-55.0901,132.845,85.6806],[-61.6906,162.872,73.8999],[-65.8972,178.67,65.8751],[-69.9758,191.91,57.7731],[[[0.887023,0.181983,-0.424349],[0.308911,0.449165,0.838347],[0.343168,-0.874719,0.342203]],[[0.926362,0.0576022,-0.372204],[0.318845,0.40609,0.856404],[0.200479,-0.912016,0.35782]],[[0.926362,0.0576022,-0.372204],[0.297489,0.494169,0.816883],[0.230986,-0.867455,0.440643]],[[0.926362,0.0576022,-0.372204],[0.27798,0.562228,0.778862],[0.254128,-0.824973,0.504815]]],4]],[[0,200,0],[235.247,235.247,147.751]]],[385701,90461936066,[[40,"right",[-0.571312,0.795401,-0.202337],[-0.0257575,-0.263787,-0.964237],[-77.5232,105.962,93.5901],[106.54,40.2138,-51.9399],[-82.9673,104.038,96.1133],0,0,0.649543,[[0.820957,0.545073,-0.170075],[-0.359097,0.724448,0.588409],[0.443936,-0.421985,0.790474]],59.3308,[68.7348,-35.1843,305.154],[-42.8714,70.9033,106.427]]],[[400,[-0.816288,0.553384,-0.165648],40,48.5264,[-153.925,79.9455,105.266],[-149.604,83.916,104.643],[84.5815,69.3279,-14.3536],false,[-63.0852,51.2319,101.92],[-63.0852,51.2319,101.92],[-107.847,61.814,108.608],[-133.761,79.3823,103.349],[-154.636,85.1266,105.822],[[[0.241655,0.610723,0.75407],[-0.425714,-0.631598,0.64796],[0.871993,-0.4776,0.107364]],[[0.25548,0.603057,0.75568],[-0.0852718,-0.764518,0.638938],[0.963047,-0.227674,-0.143895]],[[0.25548,0.603057,0.75568],[-0.518077,-0.574533,0.633647],[0.816288,-0.553384,0.165648]],[[0.25548,0.603057,0.75568],[-0.130759,-0.752885,0.645032],[0.957931,-0.263605,-0.113492]]],0],[401,[-0.688452,0.568186,-0.450776],40,54.7567,[-166.034,152.813,64.9423],[-161.613,156.355,64.1657],[130.585,98.2121,-29.0936],false,[-62.1479,68.0573,116.173],[-109.894,112.289,94.8098],[-138.067,136.783,80.4367],[-153.561,149.57,70.2917],[-164.234,157.989,62.0283],[[[0.712759,0.671471,-0.202735],[-0.0785047,0.363593,0.928244],[0.697002,-0.645698,0.311868]],[[0.700085,0.682996,-0.208321],[-0.117847,0.398256,0.909673],[0.704268,-0.612298,0.359302]],[[0.700085,0.682996,-0.208321],[-0.189513,0.459,0.867988],[0.688452,-0.568186,0.450776]],[[0.700085,0.682996,-0.208321],[-0.244517,0.503406,0.82873],[0.67089,-0.529243,0.519431]]],1],[402,[-0.483038,0.744744,-0.460468],40,62.3908,[-137.779,186.609,57.5574],[-133.829,188.825,57.0525],[153.031,86.7995,-20.3355],false,[-54.5707,76.6034,115.174],[-93.0788,124.091,93.2176],[-114.605,159.649,76.2916],[-127.395,179.368,64.0995],[-135.838,191.646,54.9275],[[[0.803243,0.506174,-0.313989],[0.0584474,0.457615,0.887228],[0.592777,-0.731011,0.337991]],[[0.875515,0.403514,-0.2658],[0.0584082,0.457679,0.887197],[0.479647,-0.792279,0.377137]],[[0.875515,0.403514,-0.2658],[0.012148,0.531538,0.846947],[0.483038,-0.744744,0.460468]],[[0.875515,0.403514,-0.2658],[-0.0250063,0.587196,0.809059],[0.482543,-0.701697,0.524189]]],2],[403,[-0.411412,0.78465,-0.46375],40,59.9905,[-109.576,193.557,56.5966],[-105.521,195.142,55.7625],[157.045,71.8743,-16.5578],false,[-45.8314,83.3071,112.086],[-72.954,130.418,90.9492],[-89.5696,165.193,75.2867],[-100.182,185.432,63.3248],[-107.453,198.263,54.0973],[[[0.875013,0.357135,-0.326812],[0.134553,0.469073,0.87285],[0.465024,-0.807728,0.362391]],[[0.906264,0.297968,-0.299833],[0.138452,0.460947,0.876561],[0.399394,-0.835908,0.376486]],[[0.906264,0.297968,-0.299833],[0.0970815,0.543635,0.833688],[0.411412,-0.78465,0.46375]],[[0.906264,0.297968,-0.299833],[0.0630916,0.606017,0.792946],[0.417976,-0.737536,0.530412]]],3],[404,[-0.225911,0.869333,-0.439572],40,47.0314,[-71.5539,188.023,60.0579],[-67.3104,189.047,59.0676],[156.724,48.8117,-20.1657],false,[-35.6892,85.7765,103.922],[-53.9616,133.134,85.5271],[-60.3883,163.22,73.7996],[-64.5025,179.052,65.7944],[-68.5026,192.322,57.7028],[[[0.888613,0.178803,-0.42237],[0.309563,0.445694,0.839957],[0.338434,-0.877147,0.340699]],[[0.927357,0.0537524,-0.370296],[0.319227,0.402609,0.857904],[0.195199,-0.913792,0.356204]],[[0.927357,0.0537524,-0.370296],[0.298283,0.491294,0.818326],[0.225911,-0.869333,0.439572]],[[0.927357,0.0537524,-0.370296],[0.279084,0.559831,0.780193],[0.24924,-0.826862,0.504162]]],4]],[[0,200,0],[235.247,235.247,147.751]]],[385702,90461944621,[[40,"right",[-0.566398,0.798943,-0.202198],[-0.026172