{"metadata":{"formatVersion":2,"generatedBy":"LeapJS Playback 0.2.1","frames":95,"protocolVersion":6,"serviceVersion":"2.2.3+25971","frameRate":"1.1e+2","modified":"Sat Mar 14 2015 19:43:21 GMT-0300 (E. South America Standard Time)"},"frames":[["id","timestamp",{"hands":[["id","type","direction","palmNormal","palmPosition","palmVelocity","stabilizedPalmPosition","pinchStrength","grabStrength","confidence","armBasis","armWidth","elbow","wrist"]]},{"pointables":[["id","direction","handId","length","stabilizedTipPosition","tipPosition","tipVelocity","tool","carpPosition","mcpPosition","pipPosition","dipPosition","btipPosition","bases","type"]]},{"interactionBox":["center","size"]}],[384166,90421286232,[[38,"right",[-0.71486,0.305033,-0.629229],[-0.224828,-0.952323,-0.206235],[-55.691,143.654,101.474],[19.6822,-12.4441,-23.4012],[-55.8975,144.142,101.907],0,0,0.837756,[[0.804514,0.0198259,-0.593603],[-0.053821,0.997764,-0.0396194],[0.59149,0.0638227,0.803782]],63.72,[148.632,148.574,347.652],[-11.07,131.342,130.631]]],[[380,[-0.933761,0.320381,0.159521],38,52.1164,[-99.3593,146.583,126.371],[-122.734,151.983,164.838],[45.0706,8.70531,-10.5115],false,[-29.9282,119.843,151.919],[-29.9282,119.843,151.919],[-77.9164,133.262,148.949],[-109.753,144.186,154.388],[-127.265,152.885,167.248],[[[0.328042,0.913704,-0.23986],[-0.153354,0.302051,0.940876],[0.932132,-0.271863,0.239206]],[[0.275041,0.927561,-0.252948],[0.0128002,0.259539,0.965648],[0.961347,-0.26883,0.0595107]],[[0.275041,0.927561,-0.252948],[0.229005,0.192318,0.954238],[0.933761,-0.320381,-0.159521]],[[0.275041,0.927561,-0.252948],[0.603735,0.0381253,0.796273],[0.748235,-0.371721,-0.549515]]],0],[381,[-0.763732,-0.213326,-0.609266],38,58.8075,[-150.587,136.653,54.4198],[-151.791,139.209,56.2891],[11.2211,34.1225,3.15498],false,[-27.841,141.776,143.175],[-89.655,153.188,104.948],[-122.914,146.623,78.5572],[-141.374,141.467,63.831],[-154.264,137.087,53.5074],[[[0.532712,0.0570921,-0.844369],[0.101311,0.986245,0.130602],[0.840211,-0.155117,0.5196]],[[0.616098,0.0408775,-0.786608],[-0.145301,0.987412,-0.0624917],[0.774152,0.152796,0.614282]],[[0.616098,0.0408775,-0.786608],[-0.192709,0.976126,-0.10021],[0.763732,0.213326,0.609266]],[[0.616098,0.0408775,-0.786608],[-0.226372,0.965711,-0.127117],[0.75444,0.256382,0.604226]]],1],[382,[-0.687834,-0.219395,-0.691918],38,67.0064,[-137.243,136.02,25.3895],[-137.763,137.616,25.6583],[-3.20792,49.9371,-3.43881],false,[-21.6746,144.242,132.806],[-74.6658,155.41,88.82],[-107.871,146.883,54.9377],[-127.43,140.644,35.2621],[-140.326,135.952,22.424],[[[0.616201,-0.133363,-0.776216],[0.208336,0.978054,-0.00265244],[0.759534,-0.160079,0.630462]],[[0.724812,-0.156213,-0.671003],[-0.00889949,0.971751,-0.235841],[0.688889,0.176912,0.702947]],[[0.724812,-0.156213,-0.671003],[-0.039128,0.963049,-0.266468],[0.687834,0.219395,0.691918]],[[0.724812,-0.156213,-0.671003],[-0.0608099,0.955648,-0.288166],[0.686257,0.24967,0.683166]]],2],[383,[-0.600305,-0.204241,-0.773252],38,64.4285,[-107.497,136.772,9.18158],[-107.474,136.805,9.0925],[-17.0428,42.9002,-9.43548],false,[-14.5773,143.623,122.797],[-55.5835,153.573,76.502],[-82.2323,146.204,41.4048],[-98.8619,140.546,19.9842],[-110.118,136.202,5.71837],[[[0.703786,-0.228814,-0.672554],[0.275935,0.960425,-0.0380037],[0.654634,-0.158835,0.739071]],[[0.79566,-0.250422,-0.551556],[0.10575,0.953986,-0.280584],[0.596441,0.164922,0.785531]],[[0.79566,-0.250422,-0.551556],[0.0809887,0.946348,-0.312836],[0.600305,0.204241,0.773252]],[[0.79566,-0.250422,-0.551556],[0.0629616,0.939802,-0.335869],[0.602463,0.232511,0.76353]]],3],[384,[-0.37076,0.0167248,-0.928578],38,50.5107,[-62.5455,149.525,2.88239],[-62.5343,148.266,2.87608],[-13.0971,73.0973,-21.0906],false,[-6.71667,135.863,113.823],[-37.9319,147.086,66.2634],[-50.0279,149.826,33.1506],[-57.2795,150.153,14.9887],[-64.045,149.601,-0.855271],[[[0.719491,-0.401183,-0.566908],[0.438784,0.895313,-0.0767022],[0.538332,-0.193564,0.820202]],[[0.832524,-0.437164,-0.340282],[0.435752,0.896039,-0.0850543],[0.342088,-0.0774685,0.936469]],[[0.832524,-0.437164,-0.340282],[0.411632,0.899226,-0.148159],[0.37076,-0.0167248,0.928578]],[[0.832524,-0.437164,-0.340282],[0.390954,0.898813,-0.198218],[0.392503,0.0319865,0.919194]]],4]],[[0,200,0],[235.247,235.247,147.751]]],[384167,90421294940,[[38,"right",[-0.711826,0.305369,-0.632498],[-0.22732,-0.952233,-0.203906],[-55.5733,144.043,101.345],[18.0383,2.79813,-21.1081],[-55.8716,144.134,101.862],0,0,0.851884,[[0.805146,0.0156261,-0.59287],[-0.052209,0.997639,-0.0446079],[0.590774,0.0668691,0.804061]],63.72,[148.422,149.731,347.781],[-11.0869,131.677,130.684]]],[[380,[-0.933837,0.322721,0.154271],38,52.1164,[-100.546,146.83,128.226],[-122.837,152.648,164.371],[30.4466,27.3173,-22.0644],false,[-30.0513,120.309,151.949],[-30.0513,120.309,151.949],[-78.0011,133.8,148.7],[-109.841,144.804,153.96],[-127.349,153.588,166.768],[[[0.331835,0.91184,-0.241729],[-0.155367,0.305578,0.939406],[0.930455,-0.274171,0.243071]],[[0.277866,0.926077,-0.255286],[0.00871745,0.26331,0.964672],[0.96058,-0.270275,0.0650919]],[[0.277866,0.926077,-0.255286],[0.225253,0.195529,0.954479],[0.933837,-0.322721,-0.154271]],[[0.277866,0.926077,-0.255286],[0.602637,0.0389034,0.797066],[0.748077,-0.375323,-0.547279]]],0],[381,[-0.760272,-0.218479,-0.611763],38,58.8075,[-150.655,137.009,54.6397],[-151.386,139.387,55.7854],[20.7951,29.2045,-12.6334],false,[-27.8634,142.207,143.141],[-89.5164,153.7,104.679],[-122.636,146.961,78.1569],[-141.012,141.681,63.3704],[-153.84,137.201,53.0119],[[[0.535601,0.0526187,-0.84283],[0.10416,0.986319,0.127768],[0.838023,-0.156222,0.522793]],[[0.620199,0.0360144,-0.783617],[-0.145141,0.986966,-0.0695128],[0.7709,0.156847,0.617343]],[[0.620199,0.0360144,-0.783617],[-0.193236,0.975177,-0.10812],[0.760272,0.218479,0.611763]],[[0.620199,0.0360144,-0.783617],[-0.227309,0.964338,-0.135585],[0.750789,0.262213,0.606268]]],1],[382,[-0.685505,-0.219722,-0.694121],38,67.0064,[-137.123,136.574,25.2111],[-137.354,137.975,25.2341],[10.416,47.8822,-15.7516],false,[-21.6557,144.619,132.784],[-74.4684,155.821,88.5925],[-107.552,147.261,54.6],[-127.045,141.013,34.8617],[-139.9,136.32,21.9832],[[[0.61824,-0.137891,-0.773799],[0.211583,0.977347,-0.00511475],[0.756975,-0.160561,0.63341]],[[0.72723,-0.160928,-0.667262],[-0.00500343,0.970858,-0.239602],[0.686375,0.177584,0.705232]],[[0.72723,-0.160928,-0.667262],[-0.0349086,0.962198,-0.270106],[0.685505,0.219722,0.694121]],[[0.72723,-0.160928,-0.667262],[-0.0563597,0.954844,-0.291711],[0.684076,0.249748,0.685322]]],2],[383,[-0.59779,-0.204195,-0.77521],38,64.4285,[-107.267,137.168,8.90262],[-107.047,137.106,8.78181],[1.4212,40.5376,-17.0141],false,[-14.5284,143.945,122.8],[-55.3528,153.881,76.3418],[-81.8825,146.494,41.1583],[-98.4425,140.837,19.6835],[-109.654,136.5,5.38047],[[[0.705176,-0.233297,-0.669552],[0.279236,0.959381,-0.0401918],[0.651732,-0.158621,0.741677]],[[0.797045,-0.254923,-0.54748],[0.110228,0.952723,-0.283141],[0.593776,0.165328,0.787462]],[[0.797045,-0.254923,-0.54748],[0.0858262,0.945156,-0.315142],[0.597791,0.204195,0.77521]],[[0.797045,-0.254923,-0.54748],[0.0680546,0.938682,-0.338001],[0.600073,0.232143,0.76552]]],3],[384,[-0.366156,0.019974,-0.930339],38,50.5107,[-62.0516,150.049,2.65865],[-62.0158,148.76,2.69773],[8.41005,68.2913,-21.5345],false,[-6.66481,136.129,113.876],[-37.6902,147.303,66.1808],[-49.5781,150.219,33.0079],[-56.7397,150.61,14.8115],[-63.4434,150.088,-1.05967],[[[0.719971,-0.405377,-0.563304],[0.441992,0.893608,-0.0781579],[0.535056,-0.192705,0.822545]],[[0.831913,-0.440942,-0.336885],[0.441459,0.893739,-0.0796459],[0.336206,-0.0824625,0.938171]],[[0.831913,-0.440942,-0.336885],[0.416954,0.897313,-0.144837],[0.366156,-0.019974,0.930339]],[[0.831913,-0.440942,-0.336885],[0.395809,0.897025,-0.196676],[0.388917,0.0302757,0.920775]]],4]],[[0,200,0],[235.247,235.247,147.751]]],[384168,90421303593,[[38,"right",[-0.708119,0.306236,-0.636228],[-0.229919,-0.951951,-0.202304],[-55.3684,144.393,101.152],[19.5361,12.811,-21.4103],[-55.8351,144.153,101.811],0,0,0.861298,[[0.804787,0.0117237,-0.593448],[-0.0517127,0.997388,-0.0504251],[0.591307,0.0712703,0.803291]],63.72,[148.605,151.189,347.596],[-11.0476,131.946,130.707]]],[[380,[-0.934661,0.323533,0.147427],38,52.1164,[-101.562,147.06,129.773],[-122.965,153.117,163.691],[18.4314,33.9843,-37.9546],false,[-30.1399,120.703,151.924],[-30.1399,120.703,151.924],[-78.0663,134.183,148.302],[-109.934,145.214,153.329],[-127.487,154.054,166.036],[[[0.336113,0.90999,-0.242789],[-0.158112,0.308648,0.937943],[0.928455,-0.276867,0.247621]],[[0.279613,0.925006,-0.257255],[0.00235392,0.267282,0.963616],[0.96011,-0.270045,0.0725579]],[[0.279613,0.925006,-0.257255],[0.219602,0.199224,0.955031],[0.934661,-0.323533,-0.147427]],[[0.279613,0.925006,-0.257255],[0.599422,0.0411218,0.799376],[0.750007,-0.37772,-0.542971]]],0],[381,[-0.757293,-0.221073,-0.614519],38,58.8075,[-150.601,137.369,54.678],[-150.91,139.694,55.167],[29.5395,30.6192,-27.4739],false,[-27.8369,142.569,143.067],[-89.2898,154.181,104.322],[-122.283,147.363,77.6624],[-140.587,142.02,62.8092],[-153.363,137.487,52.4095],[[[0.539239,0.0484349,-0.840759],[0.107195,0.986276,0.12557],[0.835303,-0.157838,0.526646]],[[0.624229,0.0315388,-0.780605],[-0.143457,0.986822,-0.0748478],[0.767957,0.158705,0.620527]],[[0.624229,0.0315388,-0.780605],[-0.191952,0.974747,-0.114116],[0.757293,0.221073,0.614519]],[[0.624229,0.0315388,-0.780605],[-0.226263,0.96366,-0.142002],[0.747759,0.265264,0.60868]]],1],[382,[-0.682688,-0.219851,-0.696852],38,67.0064,[-136.82,137.059,24.8773],[-136.796,138.343,24.681],[24.9521,46.3867,-28.5777],false,[-21.5781,144.931,132.729],[-74.1684,156.205,88.2912],[-107.107,147.63,54.162],[-126.52,141.378,34.346],[-139.325,136.685,21.4174],[[[0.620905,-0.142185,-0.770883],[0.21513,0.976561,-0.00684617],[0.753788,-0.161589,0.636941]],[[0.730075,-0.165479,-0.663028],[-0.000782607,0.970035,-0.242963],[0.683366,0.1779,0.708069]],[[0.730075,-0.165479,-0.663028],[-0.0304529,0.961396,-0.273478],[0.682688,0.219851,0.696852]],[[0.730075,-0.165479,-0.663028],[-0.0517333,0.95407,-0.295082],[0.681406,0.249733,0.687983]]],2],[383,[-0.594736,-0.203258,-0.777801],38,64.4285,[-106.838,137.535,8.54311],[-106.454,137.458,8.35606],[19.9302,40.8724,-26.1198],false,[-14.4124,144.205,122.777],[-55.0099,154.163,76.1244],[-81.3932,146.816,40.8228],[-97.8686,141.185,19.2762],[-109.026,136.866,4.92558],[[[0.707068,-0.237625,-0.666025],[0.28286,0.958259,-0.041597],[0.648109,-0.15898,0.744769]],[[0.798714,-0.259335,-0.542957],[0.115611,0.951683,-0.284488],[0.5905,0.164453,0.790104]],[[0.798714,-0.259335,-0.542957],[0.0913505,0.944157,-0.316581],[0.594736,0.203258,0.777801]],[[0.798714,-0.259335,-0.542957],[0.073669,0.937712,-0.339513],[0.597184,0.231175,0.768068]]],3],[384,[-0.361435,0.0222904,-0.932131],38,50.5107,[-61.3913,150.472,2.41971],[-61.3293,149.174,2.45566],[28.1855,62.3335,-23.3613],false,[-6.5406,136.337,113.906],[-37.3296,147.495,66.0536],[-49.0015,150.562,32.8175],[-56.0707,150.998,14.5862],[-62.7118,150.487,-1.31166],[[[0.720806,-0.409472,-0.55926],[0.445532,0.891798,-0.0787187],[0.53098,-0.192427,0.825246]],[[0.83143,-0.444769,-0.333024],[0.446947,0.891436,-0.0747008],[0.330094,-0.086736,0.939955]],[[0.83143,-0.444769,-0.333024],[0.422006,0.895368,-0.142222],[0.361435,-0.0222904,0.932131]],[[0.83143,-0.444769,-0.333024],[0.400347,0.895155,-0.19601],[0.385288,0.0296434,0.92232]]],4]],[[0,200,0],[235.247,235.247,147.751]]],[384169,90421312253,[[38,"right",[-0.703104,0.30575,-0.641999],[-0.232521,-0.952064,-0.198765],[-55.0439,144.975,100.916],[24.2997,27.274,-22.9717],[-55.7774,144.213,101.745],0,0,0.871857,[[0.804699,0.00521447,-0.59366],[-0.0481894,0.997235,-0.0565609],[0.591724,0.0741227,0.802726]],63.72,[148.816,152.518,347.534],[-10.9494,132.505,130.798]]],[[380,[-0.935707,0.324538,0.1383],38,52.1164,[-102.435,147.289,131.061],[-123.092,153.965,162.842],[9.56968,50.1533,-54.0479],false,[-30.2119,121.448,151.958],[-30.2119,121.448,151.958],[-78.1083,134.904,147.878],[-110.012,145.969,152.593],[-127.632,154.895,165.148],[[[0.341185,0.90738,-0.245467],[-0.162435,0.31412,0.935384],[0.925855,-0.279266,0.254563]],[[0.281635,0.923299,-0.261154],[-0.00506858,0.273598,0.961831],[0.959508,-0.269562,0.0817348]],[[0.281635,0.923299,-0.261154],[0.212446,0.205413,0.955339],[0.935707,-0.324538,-0.1383]],[[0.281635,0.923299,-0.261154],[0.594873,0.0455389,0.802529],[0.752866,-0.381374,-0.53642]]],0],[381,[-0.753478,-0.22432,-0.618023],38,58.8075,[-150.404,137.76,54.5203],[-150.244,140.184,54.3519],[41.7868,37.3736,-44.3602],false,[-27.769,143.259,143.002],[-88.9442,154.915,103.833],[-121.77,147.972,76.9994],[-139.982,142.55,62.0615],[-152.693,137.959,51.6092],[[[0.544404,0.041945,-0.837774],[0.110394,0.986479,0.121126],[0.831527,-0.158427,0.532413]],[[0.629545,0.0249014,-0.776565],[-0.14104,0.986543,-0.0827038],[0.764055,0.161592,0.624586]],[[0.629545,0.0249014,-0.776565],[-0.189588,0.974197,-0.122457],[0.753478,0.22432,0.618022]],[[0.629545,0.0249014,-0.776565],[-0.223904,0.962899,-0.150638],[0.744002,0.268709,0.611764]]],1],[382,[-0.678659,-0.221235,-0.700341],38,67.0064,[-136.315,137.518,24.391],[-135.977,138.786,23.9503],[43.6043,47.657,-43.4118],false,[-21.4396,145.543,132.69],[-73.72,156.795,87.8826],[-106.453,148.127,53.5798],[-125.752,141.836,33.6646],[-138.485,137.124,20.6717],[[[0.624891,-0.148634,-0.766432],[0.219072,0.975651,-0.0105934],[0.749345,-0.161284,0.642238]],[[0.73403,-0.171952,-0.656987],[0.00422052,0.968551,-0.248781],[0.679104,0.17984,0.711671]],[[0.73403,-0.171952,-0.656987],[-0.0249238,0.959942,-0.27909],[0.678659,0.221235,0.70034]],[[0.73403,-0.171952,-0.656987],[-0.0458269,0.952668,-0.30054],[0.677569,0.250713,0.691407]]],2],[383,[-0.590319,-0.204682,-0.780787],38,64.4285,[-106.176,137.878,8.09428],[-105.572,137.803,7.81869],[42.4295,40.4666,-36.1444],false,[-14.218,144.736,122.784],[-54.498,154.615,75.8407],[-80.6703,147.22,40.392],[-97.0233,141.55,18.7627],[-108.103,137.199,4.36093],[[[0.710048,-0.243871,-0.660574],[0.286933,0.9569,-0.0448459],[0.64304,-0.157698,0.74942]],[[0.801265,-0.265396,-0.536228],[0.121822,0.94983,-0.288066],[0.585777,0.165493,0.793396]],[[0.801265,-0.265396,-0.536228],[0.0974613,0.942163,-0.320673],[0.590319,0.204682,0.780787]],[[0.801265,-0.265396,-0.536228],[0.0796916,0.935592,-0.343973],[0.592979,0.232881,0.770806]]],3],[384,[-0.355135,0.0209351,-0.934581],38,50.5107,[-60.4735,150.782,2.12736],[-60.3451,149.48,2.14892],[51.5753,54.2699,-26.7153],false,[-6.32526,136.792,114.001],[-36.7851,147.824,65.9097],[-48.1884,150.903,32.5816],[-55.1344,151.312,14.3024],[-61.6846,150.753,-1.63158],[[[0.722465,-0.415217,-0.552846],[0.449555,0.889604,-0.0806565],[0.525304,-0.190263,0.829371]],[[0.831512,-0.44976,-0.326044],[0.452309,0.888897,-0.0726576],[0.322498,-0.0870572,0.942558]],[[0.831512,-0.44976,-0.326044],[0.427162,0.892904,-0.142318],[0.355135,-0.0209351,0.93458]],[[0.831512,-0.44976,-0.326044],[0.405192,0.892561,-0.197875],[0.380011,0.0324249,0.924414]]],4]],[[0,200,0],[235.247,235.247,147.751]]],[384170,90421338441,[[38,"right",[-0.684704,0.307369,-0.660836],[-0.235095,-0.951398,-0.198929],[-53.7801,146.063,100.054],[38.8444,35.9168,-28.9916],[-55.3446,144.614,101.379],0,0,0.902755,[[0.802051,-0.00520482,-0.597233],[-0.0453906,0.996539,-0.0696417],[0.595529,0.082965,0.799038]],63.72,[150.261,155.829,346.823],[-10.5318,133.429,131.083]]],[[380,[-0.936915,0.330519,0.11379],38,52.1164,[-104.008,147.829,133.171],[-123.321,155.711,160.205],[-0.804148,60.5775,-80.9716],false,[-30.3945,122.648,151.826],[-30.3945,122.648,151.826],[-78.1019,136.325,146.47],[-110.047,147.595,150.35],[-127.877,156.699,162.471],[[[0.354266,0.903227,-0.242233],[-0.182844,0.320936,0.929284],[0.917095,-0.284923,0.278847]],[[0.292983,0.920058,-0.260103],[-0.0274487,0.280023,0.959601],[0.955724,-0.274007,0.107296]],[[0.292983,0.920058,-0.260103],[0.190662,0.210356,0.958852],[0.936915,-0.330519,-0.11379]],[[0.292983,0.920058,-0.260103],[0.577692,0.0464245,0.814934],[0.761862,-0.389021,-0.517908]]],0],[381,[-0.738658,-0.2272,-0.634637],38,58.8075,[-148.908,138.908,52.7832],[-147.733,141.341,51.1747],[74.0248,41.0599,-89.626],false,[-27.5603,144.385,142.808],[-87.6621,156.282,102.08],[-119.833,149.216,74.4967],[-137.687,143.725,59.1573],[-150.151,139.086,48.4319],[[[0.565106,0.032728,-0.824369],[0.115185,0.986297,0.118116],[0.816938,-0.161703,0.553593]],[[0.648887,0.0153225,-0.76073],[-0.13494,0.986266,-0.0952361],[0.748823,0.164451,0.642043]],[[0.648887,0.0153225,-0.76073],[-0.182562,0.973728,-0.136109],[0.738658,0.2272,0.634637]],[[0.648887,0.0153225,-0.76073],[-0.216171,0.962311,-0.165007],[0.729531,0.271518,0.627744]]],1],[382,[-0.661528,-0.221525,-0.716455],38,67.0064,[-133.411,138.82,21.7993],[-132.73,139.911,21.0863],[92.8391,44.5708,-83.3786],false,[-20.962,146.558,132.641],[-72.0368,157.949,86.4984],[-103.916,149.25,51.4077],[-122.727,142.951,31.0343],[-135.147,138.239,17.7418],[[[0.64231,-0.158042,-0.749973],[0.226972,0.973841,-0.0108286],[0.732066,-0.163268,0.661379]],[[0.749845,-0.181839,-0.636135],[0.0175802,0.966626,-0.255587],[0.66138,0.180467,0.728016]],[[0.749845,-0.181839,-0.636135],[-0.0106404,0.958051,-0.286401],[0.661528,0.221525,0.716455]],[[0.749845,-0.181839,-0.636135],[-0.0308855,0.950821,-0.308198],[0.660893,0.250748,0.707352]]],2],[383,[-0.571545,-0.203861,-0.794844],38,64.4285,[-102.506,139.022,5.89151],[-102.005,138.799,5.72613],[100.25,38.9892,-63.256],false,[-13.5061,145.637,122.921],[-52.543,155.548,74.9453],[-77.8479,148.18,38.867],[-93.6808,142.532,16.8482],[-104.418,138.199,2.18454],[[[0.724089,-0.253305,-0.641507],[0.295503,0.95436,-0.0432943],[0.623196,-0.158218,0.765894]],[[0.812644,-0.274933,-0.51383],[0.137269,0.947215,-0.289725],[0.566362,0.16491,0.807489]],[[0.812644,-0.274933,-0.51383],[0.113779,0.939602,-0.322803],[0.571545,0.203861,0.794844]],[[0.812644,-0.274933,-0.51383],[0.0966181,0.933079,-0.346453],[0.574695,0.231898,0.784824]]],3],[384,[-0.330647,0.0199813,-0.943543],38,50.5107,[-56.3711,151.593,1.03247],[-56.5302,150.254,1.13932],[109.692,38.0529,-34.0102],false,[-5.46332,137.579,114.38],[-34.6461,148.561,65.4919],[-45.1125,151.679,31.8615],[-51.5796,152.07,13.4069],[-57.7363,151.464,-2.68142],[[[0.732505,-0.424097,-0.532521],[0.458417,0.885591,-0.0747088],[0.503279,-0.189392,0.843113]],[[0.835781,-0.45816,-0.302587],[0.462441,0.884485,-0.0619201],[0.296003,-0.0881769,0.951108]],[[0.835781,-0.45816,-0.302587],[0.43834,0.888645,-0.134789],[0.330647,-0.0199813,0.943543]],[[0.835781,-0.45816,-0.302587],[0.417,0.888175,-0.19302],[0.357184,0.0351437,0.933373]]],4]],[[0,200,0],[235.247,235.247,147.751]]],[384171,90421346960,[[38,"right",[-0.679275,0.308927,-0.665695],[-0.236092,-0.950852,-0.200351],[-53.2881,146.271,99.7725],[43.7999,32.9109,-30.0678],[-55.1865,144.741,101.255],0,0,0.911103,[[0.800623,-0.00751345,-0.599121],[-0.04521,0.996313,-0.07291],[0.59746,0.0854597,0.797332]],63.72,[151.024,156.61,346.386],[-10.2905,133.536,131.106]]],[[380,[-0.937144,0.331946,0.107575],38,52.1164,[-104.416,147.975,133.705],[-123.25,156.009,159.436],[1.84619,53.85,-82.516],false,[-30.3253,122.81,151.713],[-30.3253,122.81,151.713],[-77.9759,136.549,146.019],[-109.928,147.867,149.686],[-127.809,157.004,161.708],[[[0.358233,0.90227,-0.239953],[-0.188548,0.32163,0.927903],[0.914395,-0.287163,0.285339]],[[0.296021,0.919517,-0.258572],[-0.0337193,0.280596,0.959234],[0.954586,-0.275235,0.114068]],[[0.296021,0.919517,-0.258572],[0.184749,0.210475,0.959983],[0.937144,-0.331946,-0.107575]],[[0.296021,0.919517,-0.258572],[0.573278,0.0454962,0.818097],[0.764018,-0.390408,-0.513671]]],0],[381,[-0.734376,-0.227681,-0.639417],38,58.8075,[-148.458,139.182,52.2754],[-146.871,141.618,50.2392],[80.7925,38.4419,-94.2059],false,[-27.3731,144.538,142.709],[-87.1575,156.576,101.558],[-119.142,149.501,73.7605],[-136.892,143.998,58.3056],[-149.284,139.348,47.5014],[[[0.570955,0.0310965,-0.820392],[0.11684,0.986033,0.11869],[0.812625,-0.163621,0.559347]],[[0.65422,0.0135013,-0.756184],[-0.133258,0.986256,-0.0976802],[0.744472,0.164672,0.647027]],[[0.65422,0.0135013,-0.756184],[-0.180802,0.973642,-0.139038],[0.734376,0.227681,0.639417]],[[0.65422,0.0135013,-0.756184],[-0.214332,0.962161,-0.168252],[0.725299,0.272148,0.632358]]],1],[382,[-0.656465,-0.22075,-0.721335],38,67.0064,[-132.687,139.089,21.1896],[-131.651,140.238,20.2283],[101.898,42.6677,-87.9069],false,[-20.6982,146.692,132.589],[-71.4192,158.2,86.0859],[-103.045,149.534,50.7594],[-121.713,143.257,30.2473],[-134.04,138.56,16.8632],[[[0.647154,-0.159849,-0.745412],[0.229497,0.973263,-0.0094641],[0.726995,-0.164945,0.666536]],[[0.75433,-0.184,-0.630183],[0.0215555,0.966344,-0.25635],[0.656142,0.179789,0.732908]],[[0.75433,-0.184,-0.630183],[-0.00638713,0.957817,-0.287308],[0.656465,0.22075,0.721335]],[[0.75433,-0.184,-0.630183],[-0.0264328,0.950628,-0.309204],[0.655963,0.249899,0.712224]]],2],[383,[-0.56613,-0.20251,-0.799054],38,64.4285,[-101.681,139.254,5.42693],[-100.85,139.116,5.09345],[109.899,38.3233,-66.2914],false,[-13.1766,145.749,122.921],[-51.851,155.746,74.6704],[-76.9061,148.432,38.4074],[-92.589,142.822,16.272],[-103.228,138.516,1.52864],[[[0.72793,-0.25529,-0.636353],[0.298205,0.953602,-0.0414437],[0.617407,-0.159596,0.770284]],[[0.815733,-0.277156,-0.507705],[0.141826,0.946774,-0.288972],[0.560772,0.163718,0.811622]],[[0.815733,-0.277156,-0.507705],[0.118647,0.939241,-0.322101],[0.56613,0.20251,0.799054]],[[0.815733,-0.277156,-0.507705],[0.101708,0.932783,-0.345791],[0.569417,0.230435,0.789091]]],3],[384,[-0.323541,0.0208062,-0.945985],38,50.5107,[-55.383,151.771,0.786582],[-55.3048,150.496,0.831654],[119.073,34.9148,-34.5573],false,[-5.09451,137.669,114.439],[-33.9059,148.712,65.3445],[-44.0998,151.881,31.6351],[-50.4278,152.288,13.1328],[-56.4706,151.687,-2.9989],[[[0.73515,-0.426076,-0.52727],[0.461162,0.884415,-0.0716986],[0.496875,-0.190448,0.846667]],[[0.836813,-0.460363,-0.296328],[0.465436,0.883197,-0.057736],[0.288295,-0.0896073,0.95334]],[[0.836813,-0.460363,-0.296328],[0.441662,0.887487,-0.131536],[0.323541,-0.0208062,0.945985]],[[0.836813,-0.460363,-0.296328],[0.420526,0.887047,-0.190542],[0.350575,0.0348343,0.935887]]],4]],[[0,200,0],[235.247,235.247,147.751]]],[384172,90421355884,[[38,"right",[-0.67012,0.31081,-0.674045],[-0.237417,-0.950154,-0.202093],[-52.2457,146.765,99.1192],[63.7033,39.0236,-41.8284],[-54.9483,144.905,101.082],0,0,0.919081,[[0.797986,-0.012016,-0.602556],[-0.0437214,0.996013,-0.077764],[0.601088,0.0883992,0.794279]],63.72,[152.621,157.766,345.43],[-9.6728,133.898,130.975]]],[[380,[-0.938089,0.33205,0.0986472],38,52.1164,[-104.744,148.102,134.118],[-122.961,156.484,157.988],[10.3942,52.3448,-101.256],false,[-29.9923,123.274,151.354],[-29.9923,123.274,151.354],[-77.5848,136.962,145.079],[-109.569,148.283,148.442],[-127.532,157.44,160.327],[[[0.364579,0.900592,-0.236677],[-0.198278,0.323424,0.925247],[0.909818,-0.290398,0.296481]],[[0.298274,0.919128,-0.257365],[-0.0449701,0.282872,0.958103],[0.95342,-0.274203,0.125707]],[[0.298274,0.919128,-0.257365],[0.176127,0.212008,0.961266],[0.938089,-0.33205,-0.0986472]],[[0.298274,0.919128,-0.257365],[0.567438,0.0460598,0.822127],[0.767494,-0.391258,-0.50781]]],0],[381,[-0.727277,-0.229211,-0.646939],38,58.8075,[-147.794,139.499,51.5544],[-145.202,142.143,48.5079],[108.807,43.6158,-119.915],false,[-26.8486,144.98,142.362],[-86.0934,157.203,100.492],[-117.767,150.072,72.3554],[-135.346,144.532,56.7186],[-147.619,139.854,45.7906],[[[0.58076,0.0279322,-0.813595],[0.119279,0.985705,0.118985],[0.805289,-0.166147,0.569127]],[[0.662808,0.0101726,-0.74872],[-0.130951,0.986073,-0.102528],[0.73725,0.166002,0.654909]],[[0.662808,0.0101726,-0.74872],[-0.178196,0.973324,-0.144525],[0.727277,0.229211,0.646939]],[[0.662808,0.0101726,-0.74872],[-0.211476,0.961744,-0.174143],[0.718306,0.273759,0.639603]]],1],[382,[-0.647585,-0.220496,-0.729394],38,67.0064,[-131.51,139.461,20.2408],[-129.592,140.825,18.6084],[137.421,48.4683,-113.374],false,[-20.0458,147.096,132.319],[-70.1664,158.748,85.2054],[-101.351,150.093,49.486],[-119.766,143.823,28.7447],[-131.93,139.132,15.2105],[[[0.655318,-0.163222,-0.737507],[0.233398,0.97235,-0.00780968],[0.71839,-0.167015,0.675294]],[[0.761993,-0.187882,-0.619731],[0.0279458,0.965637,-0.258388],[0.646982,0.179571,0.741059]],[[0.761993,-0.187882,-0.619731],[0.000391847,0.957122,-0.289686],[0.647585,0.220496,0.729394]],[[0.761993,-0.187882,-0.619731],[-0.0193734,0.949946,-0.311813],[0.647295,0.249606,0.720212]]],2],[383,[-0.556758,-0.201197,-0.805941],38,64.4285,[-100.16,139.658,4.56898],[-98.6712,139.701,3.86043],[147.162,45.3035,-86.1316],false,[-12.4139,146.113,122.742],[-50.474,156.206,74.0255],[-75.0966,148.946,37.4565],[-90.52,143.372,15.1304],[-100.988,139.093,0.257894],[[[0.734421,-0.258853,-0.627393],[0.302402,0.952384,-0.0389504],[0.607601,-0.161119,0.777728]],[[0.820989,-0.281008,-0.497002],[0.14924,0.94585,-0.288262],[0.551093,0.162487,0.81847]],[[0.820989,-0.281008,-0.497002],[0.126481,0.938379,-0.321634],[0.556758,0.201197,0.805941]],[[0.820989,-0.281008,-0.497002],[0.109837,0.931968,-0.345502],[0.560279,0.229064,0.796001]]],3],[384,[-0.311643,0.0206777,-0.949974],38,50.5107,[-53.3458,152.124,0.188802],[-53.0303,150.936,0.145213],[156.695,37.474,-46.1134],false,[-4.2634,137.992,114.365],[-32.4472,149.091,64.9208],[-42.1854,152.292,31.0801],[-48.2808,152.696,12.4997],[-54.1325,152.079,-3.7016],[[[0.739679,-0.429541,-0.518044],[0.465434,0.882528,-0.0671942],[0.486051,-0.191414,0.85271]],[[0.838654,-0.464012,-0.285224],[0.469904,0.881192,-0.0518788],[0.275409,-0.0905193,0.957056]],[[0.838654,-0.464012,-0.285224],[0.446697,0.885587,-0.127265],[0.311643,-0.0206777,0.949974]],[[0.838654,-0.464012,-0.285224],[0.425918,0.885104,-0.187577],[0.339491,0.0358306,0.939927]]],4]],[[0,200,0],[235.247,235.247,147.751]]],[384173,90421364297,[[38,"right",[-0.660572,0.313055,-0.68238],[-0.238388,-0.949339,-0.204758],[-51.1938,147.108,98.4969],[79.6028,39.4837,-50.1581],[-54.6581,145.075,100.883],0,0,0.925945,[[0.796223,-0.0158801,-0.604795],[-0.0422324,0.995758,-0.0817453],[0.603527,0.0906294,0.792175]],63.72,[153.886,158.565,344.768],[-9.06635,134.095,130.881]]],[[380,[-0.938766,0.332782,0.0892994],38,52.1164,[-104.979,148.199,134.401],[-122.673,156.815,156.546],[16.9755,48.6614,-116.789],false,[-29.6757,123.552,151.01],[-29.6757,123.552,151.01],[-77.1889,137.241,144.163],[-109.197,148.588,147.208],[-127.252,157.766,158.934],[[[0.370793,0.899171,-0.23239],[-0.208533,0.324446,0.922631],[0.905001,-0.293644,0.307809]],[[0.30144,0.918766,-0.254956],[-0.0560913,0.284018,0.957177],[0.951834,-0.274231,0.137149]],[[0.30144,0.918766,-0.254956],[0.16689,0.212425,0.96282],[0.938766,-0.332782,-0.0892994]],[[0.30144,0.918766,-0.254956],[0.560323,0.0456573,0.827015],[0.771474,-0.392153,-0.501043]]],0],[381,[-0.71974,-0.230296,-0.654933],38,58.8075,[-147.014,139.802,50.7305],[-143.487,142.539,46.7675],[132.536,44.2052,-141.096],false,[-26.341,145.244,142.052],[-85.0172,157.671,99.4473],[-116.362,150.499,70.9545],[-133.758,144.932,55.1245],[-145.904,140.236,44.0639],[[[0.590893,0.0255375,-0.806346],[0.121421,0.985298,0.120183],[0.797561,-0.168923,0.579105]],[[0.671675,0.00758829,-0.740807],[-0.128715,0.985935,-0.106604],[0.729579,0.166956,0.663205]],[[0.671675,0.00758829,-0.740807],[-0.175575,0.973091,-0.149222],[0.71974,0.230296,0.654933]],[[0.671675,0.00758829,-0.740807],[-0.208544,0.961449,-0.179234],[0.710888,0.274878,0.647364]]],1],[382,[-0.63854,-0.22018,-0.737419],38,67.0064,[-131.51,139.461,20.2408],[-127.487,141.294,17.0099],[166.638,49.6613,-132.781],false,[-19.4066,147.332,132.093],[-68.8966,159.153,84.3589],[-99.6322,150.529,48.2448],[-117.79,144.268,27.2753],[-129.788,139.579,13.5928],[[[0.663798,-0.165865,-0.729288],[0.237051,0.971483,-0.00518474],[0.709351,-0.169437,0.684187]],[[0.769559,-0.191032,-0.609332],[0.0341117,0.96514,-0.2595],[0.637663,0.178915,0.749249]],[[0.769559,-0.191032,-0.609332],[0.00670778,0.956571,-0.291423],[0.63854,0.22018,0.737419]],[[0.769559,-0.191032,-0.609332],[-0.0129451,0.949342,-0.313978],[0.638444,0.249513,0.728102]]],2],[383,[-0.546606,-0.200076,-0.813137],38,64.4285,[-98.344,140.054,3.5763],[-96.4107,140.166,2.6418],[179.529,46.6837,-101.524],false,[-11.6603,146.318,122.612],[-49.0767,156.534,73.4245],[-73.2321,149.325,36.5355],[-88.3742,143.782,14.01],[-98.6571,139.523,-0.997248],[[[0.741179,-0.261751,-0.618175],[0.306363,0.951254,-0.0354628],[0.597324,-0.163102,0.78524]],[[0.826596,-0.284322,-0.485695],[0.15637,0.945051,-0.287101],[0.540636,0.161368,0.825635]],[[0.826596,-0.284322,-0.485695],[0.134017,0.93762,-0.320794],[0.546606,0.200076,0.813137]],[[0.826596,-0.284322,-0.485695],[0.117663,0.931239,-0.34489],[0.550358,0.227936,0.803213]]],3],[384,[-0.298865,0.0201981,-0.954082],38,50.5107,[-51.0855,152.4,-0.432801],[-50.6743,151.275,-0.498189],[189.489,35.8262,-54.0313],false,[-3.4366,138.164,114.339],[-30.9647,149.351,64.5458],[-40.2098,152.585,30.5702],[-46.0552,152.98,11.9096],[-51.7031,152.334,-4.36286],[[[0.744454,-0.432422,-0.508723],[0.469474,0.88079,-0.0616655],[0.474744,-0.192925,0.858719]],[[0.840807,-0.467295,-0.273274],[0.474006,0.879357,-0.045271],[0.261461,-0.0914696,0.96087]],[[0.840807,-0.467295,-0.273274],[0.451357,0.883871,-0.122675],[0.298865,-0.0201981,0.954082]],[[0.840807,-0.467295,-0.273274],[0.430907,0.883307,-0.184632],[0.327663,0.0374841,0.944051]]],4]],[[0,200,0],[235.247,235.247,147.751]]],[384174,90421373188,[[38,"right",[-0.65172,0.313886,-0.690461],[-0.23978,-0.948924,-0.205058],[-49.8596,147.658,97.7032],[98.7488,45.5773,-60.7868],[-54.2577,145.291,100.617],0,0,0.932378,[[0.793392,-0.0219268,-0.608316],[-0.0371739,0.99574,-0.0843754],[0.607574,0.0895563,0.789198]],63.72,[155.899,158.745,343.67],[-8.14587,134.564,130.586]]],[[380,[-0.939646,0.332587,0.0803153],38,52.1164,[-105.167,148.285,134.62],[-122.051,157.389,154.972],[31.2576,51.6697,-130.992],false,[-29.0186,124.152,150.51],[-29.0186,124.152,150.51],[-76.4705,137.756,143.094],[-108.508,149.096,145.832],[-126.655,158.303,157.393],[[[0.376843,0.897149,-0.230463],[-0.217522,0.327561,0.91945],[0.900374,-0.296357,0.318588]],[[0.303132,0.918096,-0.255364],[-0.0668052,0.287787,0.955362],[0.950604,-0.272541,0.148571]],[[0.303132,0.918096,-0.255364],[0.158668,0.215606,0.963503],[0.939646,-0.332587,-0.0803153]],[[0.303132,0.918096,-0.255364],[0.553993,0.0482579,0.831122],[0.775373,-0.39341,-0.49399]]],0],[381,[-0.713289,-0.234082,-0.660625],38,58.8075,[-146.016,140.133,49.7318],[-141.558,142.967,45.0301],[154.118,44.5625,-153.832],false,[-25.5003,145.808,141.537],[-83.6503,158.355,98.251],[-114.718,151.05,69.4901],[-131.959,145.392,53.5225],[-143.994,140.624,42.372],[[[0.59992,0.0212372,-0.799778],[0.123901,0.985121,0.119098],[0.790408,-0.170543,0.588363]],[[0.678903,0.00337769,-0.734221],[-0.127092,0.985435,-0.112983],[0.723145,0.170018,0.669444]],[[0.678903,0.00337769,-0.734221],[-0.174099,0.972211,-0.15651],[0.713289,0.234082,0.660625]],[[0.678903,0.00337769,-0.734221],[-0.207112,0.960261,-0.18709],[0.704412,0.279082,0.652624]]],1],[382,[-0.630198,-0.22144,-0.744187],38,67.0064,[-129.344,139.996,18.5991],[-125.181,141.797,15.353],[191.957,50.8892,-147.006],false,[-18.4475,147.844,131.651],[-67.3572,159.736,83.3394],[-97.6773,151.068,46.8862],[-115.598,144.771,25.7242],[-127.442,140.055,11.9185],[[[0.67122,-0.170251,-0.721441],[0.240864,0.970546,-0.00494009],[0.701033,-0.170453,0.692458]],[[0.776326,-0.195714,-0.599178],[0.0402649,0.964032,-0.262719],[0.629044,0.17983,0.756283]],[[0.776326,-0.195714,-0.599178],[0.0129659,0.955333,-0.295248],[0.630198,0.22144,0.744187]],[[0.776326,-0.195714,-0.599178],[-0.00660852,0.947996,-0.318213],[0.630297,0.250997,0.734661]]],2],[383,[-0.536915,-0.200561,-0.81945],38,64.4285,[-96.1229,140.485,2.37501],[-93.9518,140.638,1.3165],[207.168,47.2444,-114.903],false,[-10.6002,146.776,122.259],[-47.4272,157.014,72.6328],[-71.1363,149.777,35.4605],[-86.0099,144.221,12.7601],[-96.116,139.955,-2.36464],[[[0.746987,-0.266156,-0.609238],[0.310429,0.949974,-0.0343946],[0.587915,-0.163433,0.792241]],[[0.831658,-0.288935,-0.474197],[0.163584,0.943549,-0.28802],[0.530647,0.161963,0.831975]],[[0.831658,-0.288935,-0.474197],[0.141662,0.936105,-0.321932],[0.536915,0.200561,0.81945]],[[0.831658,-0.288935,-0.474197],[0.125615,0.929719,-0.346183],[0.540894,0.22834,0.809503]]],3],[384,[-0.28696,0.0166355,-0.957798],38,50.5107,[-48.5252,152.616,-1.22745],[-48.1384,151.577,-1.3134],[216.443,31.9292,-64.4331],false,[-2.31671,138.57,114.098],[-29.2456,149.738,63.974],[-38.0188,152.914,29.868],[-43.6314,153.239,11.1346],[-49.0938,152.505,-5.19724],[[[0.748383,-0.436562,-0.499336],[0.473547,0.878817,-0.058606],[0.46441,-0.192599,0.864424]],[[0.842543,-0.471381,-0.260617],[0.478079,0.877345,-0.041292],[0.248115,-0.0898051,0.964559]],[[0.842543,-0.471381,-0.260617],[0.455823,0.881773,-0.121251],[0.28696,-0.0166355,0.957798]],[[0.842543,-0.471381,-0.260617],[0.435535,0.880901,-0.185263],[0.316907,0.0425844,0.9475]]],4]],[[0,200,0],[235.247,235.247,147.751]]],[384175,90421381693,[[38,"right",[-0.644125,0.317439,-0.695943],[-0.246027,-0.947454,-0.204452],[-48.0341,147.819,96.6366],[129.074,38.5933,-77.6967],[-53.7413,145.501,100.287],0,0,0.938135,[[0.792898,-0.0305141,-0.60859],[-0.0289273,0.995735,-0.0876128],[0.608668,0.0870728,0.788633]],63.72,[157.673,157.978,342.784],[-6.66755,134.469,129.853]]],[[380,[-0.938517,0.336884,0.0754647],38,52.1164,[-105.313,148.362,134.79],[-120.635,157.913,153.446],[66.7793,53.4413,-141.013],false,[-27.7682,124.277,149.651],[-27.7682,124.277,149.651],[-75.1183,138.017,141.845],[-107.118,149.503,144.418],[-125.225,158.827,155.946],[[[0.38581,0.893466,-0.229934],[-0.221486,0.331641,0.917037],[0.895597,-0.302875,0.325841]],[[0.308152,0.91601,-0.256843],[-0.0725504,0.291823,0.953717],[0.948567,-0.275256,0.156383]],[[0.308152,0.91601,-0.256843],[0.155653,0.217797,0.963502],[0.938517,-0.336884,-0.0754648]],[[0.308152,0.91601,-0.256843],[0.553534,0.0469356,0.831503],[0.77372,-0.398401,-0.492579]]],0],[381,[-0.710778,-0.2338,-0.663425],38,58.8075,[-144.858,140.478,48.6647],[-139.38,143.445,43.3916],[179.123,47.4462,-162.091],false,[-24.0084,145.881,140.65],[-81.7394,158.791,96.9128],[-112.686,151.515,68.0137],[-129.865,145.864,51.9784],[-141.862,141.097,40.7855],[[[0.605843,0.0143319,-0.795455],[0.131073,0.984377,0.117565],[0.784713,-0.175488,0.5945]],[[0.682982,-0.00370595,-0.730425],[-0.121215,0.985547,-0.118342],[0.720307,0.169365,0.672662]],[[0.682982,-0.00370595,-0.730425],[-0.168315,0.972278,-0.162316],[0.710778,0.2338,0.663425]],[[0.682982,-0.00370595,-0.730425],[-0.201362,0.960284,-0.193155],[0.702131,0.279001,0.655111]]],1],[382,[-0.625705,-0.219864,-0.748433],38,67.0064,[-127.173,140.474,17.0282],[-122.726,142.232,13.7265],[217.225,50.3337,-158.3],false,[-16.8679,147.834,130.811],[-65.3281,160.003,82.1165],[-95.412,151.416,45.4488],[-113.205,145.164,24.1661],[-124.97,140.476,10.2834],[[[0.67501,-0.177533,-0.716131],[0.248807,0.968537,-0.00558537],[0.694591,-0.174408,0.697943]],[[0.77974,-0.203721,-0.592032],[0.0495164,0.962687,-0.266049],[0.624142,0.178134,0.760733]],[[0.77974,-0.203721,-0.592032],[0.0223053,0.954022,-0.298906],[0.625705,0.219864,0.748433]],[[0.77974,-0.203721,-0.592032],[0.00279336,0.946706,-0.322087],[0.626097,0.249491,0.738754]]],2],[383,[-0.531087,-0.199961,-0.823385],38,64.4285,[-93.7925,140.762,1.10973],[-91.3904,140.846,-0.0943039],[233.081,39.0314,-128.488],false,[-8.96183,146.679,121.478],[-45.3441,157.091,71.5615],[-68.7727,149.888,34.2052],[-83.4848,144.349,11.3958],[-93.488,140.092,-3.79977],[[[0.749178,-0.273767,-0.603145],[0.318413,0.947325,-0.0344837],[0.580815,-0.166215,0.796886]],[[0.833649,-0.297151,-0.465543],[0.173397,0.941124,-0.290206],[0.524369,0.161206,0.836092]],[[0.833649,-0.297151,-0.465543],[0.151579,0.933658,-0.32451],[0.531087,0.199961,0.823385]],[[0.833649,-0.297151,-0.465543],[0.135602,0.927249,-0.349029],[0.535389,0.227839,0.813294]]],3],[384,[-0.278553,0.0141132,-0.960317],38,50.5107,[-45.9156,152.49,-2.2321],[-45.4714,151.467,-2.3991],[242.963,16.7732,-81.1653],false,[-0.68677,138.385,113.398],[-27.1604,149.646,63.0528],[-35.5733,152.794,28.8537],[-41.0215,153.07,10.071],[-46.3632,152.268,-6.29755],[[[0.748387,-0.443902,-0.492816],[0.481115,0.87478,-0.0573356],[0.456558,-0.194192,0.868242]],[[0.841125,-0.479058,-0.251021],[0.485693,0.873255,-0.0390849],[0.237929,-0.0890438,0.967192]],[[0.841125,-0.479058,-0.251021],[0.463591,0.87767,-0.121572],[0.278553,-0.0141132,0.960317]],[[0.841125,-0.479058,-0.251021],[0.443248,0.876549,-0.187598],[0.309902,0.0465287,0.949629]]],4]],[[0,200,0],[235.247,235.247,147.751]]],[384176,90421390618,[[38,"right",[-0.635888,0.324709,-0.70015],[-0.249468,-0.944965,-0.211676],[-46.2947,147.605,95.3925],[147.016,21.5268,-94.518],[-53.0737,145.689,99.8482],0,0,0.943549,[[0.793005,-0.0315841,-0.608396],[-0.0292945,0.995523,-0.0898648],[0.60851,0.0890859,0.78853]],63.72,[158.986,157.9,341.82],[-5.31179,133.847,128.917]]],[[380,[-0.941147,0.331495,0.0659848],38,52.1164,[-105.428,148.418,134.918],[-119.635,156.934,151.343],[76.7592,3.39481,-169.692],false,[-26.6509,123.673,148.466],[-26.6509,123.673,148.466],[-73.9856,137.128,140.091],[-106.075,148.43,142.34],[-124.339,157.64,153.713],[[[0.392939,0.892443,-0.221687],[-0.228052,0.328121,0.916695],[0.890837,-0.309649,0.332455]],[[0.305647,0.918037,-0.252564],[-0.0859651,0.290782,0.95292],[0.948256,-0.269546,0.167796]],[[0.305647,0.918037,-0.252564],[0.1443,0.217532,0.965328],[0.941147,-0.331495,-0.0659848]],[[0.305647,0.918037,-0.252564],[0.545489,0.0485768,0.836709],[0.780398,-0.393509,-0.485932]]],0],[381,[-0.706302,-0.229118,-0.669807],38,58.8075,[-143.462,140.844,47.3772],[-137.169,143.798,41.3512],[196.527,45.6432,-179.128],false,[-22.6868,145.301,139.614],[-79.9388,158.767,95.4169],[-110.682,151.708,66.2482],[-127.753,146.17,50.0587],[-139.676,141.479,38.7558],[[[0.613215,0.0150254,-0.789773],[0.135528,0.982992,0.123932],[0.778202,-0.183033,0.600749]],[[0.688714,-0.00354697,-0.725025],[-0.11672,0.986403,-0.1157],[0.715577,0.164309,0.678935]],[[0.688714,-0.00354697,-0.725025],[-0.163741,0.973392,-0.160302],[0.706302,0.229118,0.669807]],[[0.688714,-0.00354697,-0.725025],[-0.196709,0.961566,-0.191562],[0.697839,0.27455,0.661546]]],1],[382,[-0.619003,-0.215944,-0.755118],38,67.0064,[-124.805,140.932,15.2835],[-120.156,142.647,11.7542],[236.42,47.778,-174.872],false,[-15.445,147.265,129.851],[-63.3854,159.962,80.7784],[-93.1294,151.627,43.7771],[-110.732,145.486,22.3042],[-122.375,140.855,8.30011],[[[0.680566,-0.177639,-0.710826],[0.254301,0.967124,0.00178611],[0.68714,-0.181979,0.703365]],[[0.784862,-0.205296,-0.584675],[0.0564905,0.963301,-0.26241],[0.617091,0.172927,0.767656]],[[0.784862,-0.205296,-0.584675],[0.0287655,0.954579,-0.296565],[0.619003,0.215944,0.755118]],[[0.784862,-0.205296,-0.584675],[0.00889488,0.947161,-0.320635],[0.619607,0.246453,0.745217]]],2],[383,[-0.522486,-0.196219,-0.829763],38,64.4285,[-91.1816,141.023,-0.409393],[-88.6629,141.207,-1.8128],[254.456,35.3933,-145.962],false,[-7.46,146.114,120.586],[-43.3217,156.991,70.3922],[-66.3512,149.961,32.7561],[-80.8252,144.525,9.76999],[-90.6722,140.337,-5.5463],[[[0.753147,-0.27488,-0.597671],[0.324049,0.945667,-0.0265829],[0.572505,-0.173654,0.8013]],[[0.837647,-0.299868,-0.456539],[0.180755,0.940913,-0.286374],[0.515437,0.157359,0.842355]],[[0.837647,-0.299868,-0.456539],[0.159238,0.933583,-0.321039],[0.522486,0.196219,0.829763]],[[0.837647,-0.299868,-0.456539],[0.143485,0.927274,-0.345796],[0.527029,0.224148,0.819755]]],3],[384,[-0.267807,0.0179883,-0.963305],38,50.5107,[-43.1067,152.58,-3.41956],[-42.6802,151.735,-3.62559],[263.215,16.8679,-96.5016],false,[0.842266,137.815,112.538],[-25.1026,149.487,62.0118],[-33.0772,152.841,27.7273],[-38.3152,153.193,8.88617],[-43.4944,152.43,-7.53642],[[[0.750382,-0.445578,-0.488249],[0.486544,0.872319,-0.0483209],[0.44744,-0.201296,0.871365]],[[0.84139,-0.48275,-0.242928],[0.491119,0.870607,-0.0290759],[0.225532,-0.0948425,0.969608]],[[0.84139,