{"metadata":{"formatVersion":2,"generatedBy":"LeapJS Playback 0.2.1","frames":1,"frameRate":"1.0e+2","modified":"Tue Mar 17 2015 20:47:09 GMT-0300 (E. South America Standard Time)","title":"b"},"frames":[["id","timestamp",{"hands":[["id","type","direction","palmNormal","palmPosition","palmVelocity","stabilizedPalmPosition","pinchStrength","grabStrength","confidence","armBasis","armWidth","elbow","wrist"]]},{"pointables":[["id","direction","handId","length","stabilizedTipPosition","tipPosition","tipVelocity","tool","carpPosition","mcpPosition","pipPosition","dipPosition","btipPosition","bases","type"]]},{"interactionBox":["center","size"]}],[101153,100411068406,[[201,"right",[-0.249244,0.760066,-0.600147],[-0.0418778,-0.627584,-0.777422],[43.0615,80.764,58.0849],[8.24876,4.80265,1.70979],[38.0424,89.944,51.9615],0,0,0.862741,[[0.851586,0.148442,-0.502759],[-0.171696,0.98515,0.0000470957],[0.4953,0.0862816,0.864427]],63.72,[197.808,67.013,325.812],[64.0768,43.717,92.4163]]],[[2010,[0.0721282,0.391176,-0.917485],201,52.1164,[30.7162,75.1183,-0.163632],[33.2002,70.3579,2.43877],[4.25155,6.71526,2.06218],false,[36.8949,29.5307,91.4405],[36.8949,29.5307,91.4405],[22.8508,52.1534,49.218],[25.3101,65.4908,17.9357],[35.4309,71.8036,-2.19992],[[[0.378154,0.7775,0.502487],[-0.662667,-0.151679,0.733394],[0.64643,-0.610318,0.457865]],[[0.236065,0.887049,0.396758],[-0.930117,0.0880487,0.356552],[0.281345,-0.453201,0.845845]],[[0.236065,0.887049,0.396758],[-0.969057,0.245204,0.0283617],[-0.0721282,-0.391176,0.917485]],[[0.236065,0.887049,0.396758],[-0.870208,0.374679,-0.319927],[-0.432448,-0.269738,0.860366]]],0],[2011,[-0.132663,0.933763,-0.332397],201,58.8075,[-7.14914,182.237,21.4237],[2.19841,172.557,25.2151],[9.21241,6.19908,3.98151],false,[42.8502,51.2952,98.7016],[12.6975,96.9003,49.4727],[7.17927,138.081,38.5419],[3.97274,160.65,30.5077],[1.65196,176.106,23.6048],[[[0.911951,0.293858,-0.286345],[-0.0191317,0.727588,0.685747],[0.409853,-0.61989,0.669147]],[[0.990087,0.109239,-0.0882821],[0.056827,0.263245,0.963054],[0.128443,-0.958524,0.254428]],[[0.990087,0.109239,-0.0882821],[0.0461237,0.340814,0.938999],[0.132663,-0.933763,0.332397]],[[0.990087,0.109239,-0.0882821],[0.0357264,0.412003,0.910482],[0.135833,-0.90461,0.404016]]],1],[2012,[-0.0322725,0.930328,-0.365306],201,67.0064,[27.426,198.733,14.3166],[31.2474,187.61,16.1155],[13.0844,5.77174,4.34175],false,[53.6846,56.4784,95.9868],[34.0692,102.054,46.9393],[33.0993,147.979,32.3348],[32.1816,174.434,21.9468],[31.3622,191.446,14.0055],[[[0.948749,0.0790361,-0.305988],[0.144323,0.753007,0.64199],[0.281151,-0.653248,0.703008]],[[0.983237,-0.0360719,-0.178727],[0.181217,0.301513,0.936082],[0.0201223,-0.95278,0.302996]],[[0.983237,-0.0360719,-0.178727],[0.179452,0.364951,0.913569],[0.0322725,-0.930328,0.365306]],[[0.983237,-0.0360719,-0.178727],[0.17704,0.423299,0.888524],[0.0436043,-0.905272,0.422589]]],2],[2013,[0.00213437,0.921909,-0.387402],201,64.4285,[55.6548,183.875,14.484],[57.1685,181.432,14.743],[6.19386,0.940676,-8.29589],false,[65.1821,58.6585,92.2474],[56.8223,100.837,46.6965],[57.4205,142.759,31.2542],[57.4797,168.297,20.5224],[57.324,185.205,12.5726],[[[0.966185,-0.0749475,-0.246718],[0.220627,0.735522,0.640571],[0.133458,-0.673342,0.727186]],[[0.969922,-0.0962049,-0.223597],[0.243047,0.332235,0.911344],[-0.013389,-0.938277,0.345624]],[[0.969922,-0.0962049,-0.223597],[0.243406,0.375272,0.894385],[-0.00213437,-0.921909,0.387402]],[[0.969922,-0.0962049,-0.223597],[0.243273,0.414548,0.876908],[0.00832901,-0.904928,0.425484]]],3],[2014,[0.174144,0.933416,-0.313702],201,50.5107,[90.183,162.025,23.1622],[89.0548,159.091,23.9875],[12.2584,3.75663,1.66859],false,[76.95,54.1936,85.6037],[77.3681,95.1858,44.5946],[83.9107,128.453,34.5572],[87.3168,146.71,28.4216],[90.1398,162.663,22.538],[[[0.925313,-0.272868,-0.263323],[0.379136,0.652514,0.656111],[-0.00720979,-0.706943,0.707234]],[[0.925331,-0.264076,-0.272078],[0.330945,0.21233,0.919452],[-0.185034,-0.94084,0.28387]],[[0.925331,-0.264076,-0.272078],[0.336803,0.242897,0.909706],[-0.174144,-0.933416,0.313702]],[[0.925331,-0.264076,-0.272078],[0.341965,0.271294,0.8997],[-0.163776,-0.925561,0.341341]]],4]],[[0,200,0],[235.247,235.247,147.751]]]]}