{"metadata":{"formatVersion":2,"generatedBy":"LeapJS Playback 0.2.1","frames":1,"frameRate":"1.0e+2","modified":"Tue Mar 17 2015 20:48:54 GMT-0300 (E. South America Standard Time)","title":"c"},"frames":[["id","timestamp",{"hands":[["id","type","direction","palmNormal","palmPosition","palmVelocity","stabilizedPalmPosition","pinchStrength","grabStrength","confidence","armBasis","armWidth","elbow","wrist"]]},{"pointables":[["id","direction","handId","length","stabilizedTipPosition","tipPosition","tipVelocity","tool","carpPosition","mcpPosition","pipPosition","dipPosition","btipPosition","bases","type"]]},{"interactionBox":["center","size"]}],[54493,99751795921,[[137,"left",[0.161454,0.976811,-0.140614],[0.830797,-0.211434,-0.514851],[-44.0693,85.6107,17.7638],[5.88116,4.95593,-19.395],[-44.311,87.4221,23.5107],0,0.205332,0.284673,[[-0.675334,-0.0406778,-0.736389],[-0.0535117,0.998549,-0.00608448],[-0.735568,-0.0352964,0.676531]],52.1312,[-219.943,35.1965,169.964],[-57.4602,42.9933,20.5217]]],[[1370,[0.75184,0.623101,0.215596],137,42.6379,[22.0671,93.4878,62.4609],[24.4674,91.4516,52.6627],[7.70171,-0.838558,-11.9476],false,[-38.1485,39.1763,36.09],[-38.1485,39.1763,36.09],[-7.52049,64.1799,46.3161],[13.4518,81.5611,52.3301],[27.7855,94.1947,53.5749],[[[-0.925917,0.36616,0.0927633],[-0.00588622,-0.25954,0.965715],[-0.377682,-0.893625,-0.242467]],[[-0.658276,0.727976,0.191634],[-0.0649587,-0.308553,0.948987],[-0.749969,-0.612247,-0.250401]],[[-0.658276,0.727976,0.191634],[-0.0375416,-0.286,0.957494],[-0.75184,-0.623101,-0.215596]],[[-0.658276,0.727976,0.191634],[0.0791159,-0.186255,0.979311],[-0.748608,-0.659818,-0.0650128]]],0],[1371,[0.74379,0.331269,-0.58055],137,48.1121,[3.34898,145.033,4.01144],[3.79995,142.114,2.83911],[-2.14264,14.1866,-4.23808],false,[-53.5401,50.8877,37.515],[-31.3251,106.655,33.1188],[-19.5738,137.176,20.2432],[-4.86574,143.727,8.7631],[6.45059,140.8,1.09705],[[[-0.497973,0.13079,-0.857273],[-0.784729,0.352777,0.509655],[-0.369084,-0.926522,0.0730389]],[[-0.577702,-0.118278,-0.807633],[-0.744636,0.48164,0.462104],[-0.334331,-0.868351,0.366319]],[[-0.577702,-0.118278,-0.807633],[-0.33621,0.936094,0.1034],[-0.74379,-0.331269,0.58055]],[[-0.577702,-0.118278,-0.807633],[0.104208,0.970662,-0.216694],[-0.809568,0.209347,0.548428]]],1],[1372,[0.857032,0.343639,-0.383937],137,54.8199,[3.99881,150.345,-4.03604],[4.16161,147.376,-3.31418],[-3.8349,23.2004,1.74709],false,[-59.4177,53.1289,29.6465],[-42.376,106.51,18.7783],[-26.2956,141.525,10.3898],[-6.357,149.52,1.45765],[7.46879,146.16,-4.36686],[[[-0.402137,-0.0576581,-0.913762],[-0.865533,0.349383,0.358865],[-0.298562,-0.935204,0.190405]],[[-0.395793,-0.0380497,-0.917551],[-0.822839,0.458352,0.33593],[-0.40778,-0.887956,0.212721]],[[-0.395793,-0.0380497,-0.917551],[-0.329915,0.938331,0.1034],[-0.857032,-0.343639,0.383937]],[[-0.395793,-0.0380497,-0.917551],[0.186128,0.975081,-0.120723],[-0.89928,0.218563,0.378848]]],2],[1373,[0.811341,0.367562,-0.454558],137,52.7108,[-2.07593,134.434,-23.2356],[-0.615579,134.1,-27.0839],[0.879316,21.0912,-12.065],false,[-63.8768,53.4373,20.644],[-52.7518,100.752,4.39978],[-29.2027,123.266,-12.1756],[-10.8146,131.596,-22.4776],[2.67211,134.42,-29.0954],[[[-0.37529,-0.220826,-0.900219],[-0.901128,0.31438,0.298551],[-0.217083,-0.923256,0.316976]],[[-0.382796,-0.253624,-0.888337],[-0.662142,0.745876,0.0723748],[-0.644233,-0.61591,0.453453]],[[-0.382796,-0.253624,-0.888337],[-0.441806,0.894747,-0.0650743],[-0.811341,-0.367562,0.454558]],[[-0.382796,-0.253624,-0.888337],[-0.273897,0.949501,-0.153061],[-0.882297,-0.184722,0.432932]]],3],[1374,[0.778811,0.475579,-0.408995],137,41.3243,[-23.19,123.11,-31.2225],[-21.062,123.84,-33.2756],[2.27991,21.6538,-10.5047],false,[-64.2841,49.9472,9.54305],[-59.3123,92.9553,-9.84966],[-42.728,112.912,-22.6383],[-30.2657,120.522,-29.1829],[-17.8858,124.869,-34.3507],[[[-0.243807,-0.375087,-0.894353],[-0.964145,0.193396,0.181723],[-0.104802,-0.906591,0.408789]],[[-0.243423,-0.371782,-0.895837],[-0.782358,0.621186,-0.045211],[-0.57329,-0.689859,0.442078]],[[-0.243423,-0.371782,-0.895837],[-0.578098,0.797247,-0.173781],[-0.778811,-0.475579,0.408995]],[[-0.243423,-0.371782,-0.895837],[-0.412369,0.875656,-0.251355],[-0.877894,-0.308229,0.366466]]],4]],[[0,200,0],[235.247,235.247,147.751]]]]}