{"metadata":{"formatVersion":2,"generatedBy":"LeapJS Playback 0.2.1","frames":1,"frameRate":"1.0e+2","modified":"Sun Mar 15 2015 10:14:53 GMT-0300 (E. South America Standard Time)","title":"c"},"frames":[["id","timestamp",{"hands":[["id","type","direction","palmNormal","palmPosition","palmVelocity","stabilizedPalmPosition","pinchStrength","grabStrength","confidence","armBasis","armWidth","elbow","wrist"]]},{"pointables":[["id","direction","handId","length","stabilizedTipPosition","tipPosition","tipVelocity","tool","carpPosition","mcpPosition","pipPosition","dipPosition","btipPosition","bases","type"]]},{"interactionBox":["center","size"]}],[54631,99753209785,[[137,"left",[0.251143,0.915952,-0.312984],[0.82188,-0.372595,-0.430913],[-47.1922,86.1202,13.7651],[1.18539,-3.97847,1.97078],[-45.3852,87.0259,20.5288],0,0.245332,0.300188,[[-0.668697,-0.162122,-0.725645],[-0.147035,0.9855,-0.0846825],[-0.728852,-0.0500684,0.682838]],52.1312,[-225.381,34.9821,174.672],[-64.381,46.042,23.8371]]],[[1370,[0.810053,0.578256,0.0971286],137,42.6379,[22.4042,92.2486,58.8041],[21.1306,91.6121,52.4042],[-3.03971,5.27379,-6.6783],false,[-45.8966,43.661,40.6462],[-45.8966,43.661,40.6462],[-13.2391,66.842,48.6436],[9.35699,82.9722,51.353],[24.9151,94.1254,51.7577],[[[-0.891856,0.452027,-0.0162334],[-0.0540682,-0.0709079,0.996016],[-0.449076,-0.889181,-0.0876799]],[[-0.582881,0.812136,0.0261758],[-0.144182,-0.135076,0.980289],[-0.799664,-0.567617,-0.195829]],[[-0.582881,0.812136,0.0261758],[-0.0637453,-0.0778182,0.994928],[-0.810053,-0.578256,-0.0971286]],[[-0.582881,0.812136,0.0261758],[-0.00191773,-0.0335889,0.999434],[-0.812555,-0.582501,-0.0211358]]],0],[1371,[0.794565,0.105465,-0.59795],137,48.1121,[3.1563,140.055,-0.394862],[3.44634,132.846,-7.4606],[-4.21231,11.5735,9.53772],false,[-60.2197,56.6568,39.2147],[-33.0347,108.566,25.4607],[-20.5045,136.685,8.49721],[-4.7924,138.77,-3.32695],[5.80799,131.514,-8.83704],[[[-0.461885,0.00689069,-0.886913],[-0.763327,0.506128,0.401457],[-0.451657,-0.862431,0.228513]],[[-0.566484,-0.225701,-0.792562],[-0.742975,0.555935,0.372726],[-0.356488,-0.799997,0.482618]],[[-0.566484,-0.225701,-0.792562],[-0.218545,0.968471,-0.11959],[-0.794565,-0.105465,0.59795]],[[-0.566484,-0.225701,-0.792562],[0.32249,0.824343,-0.465251],[-0.758351,0.519151,0.394191]]],1],[1372,[0.933844,0.180137,-0.309008],137,54.8199,[5.38184,142.077,-6.40102],[7.10617,138.545,-6.7845],[-5.75067,11.9527,10.6474],false,[-65.668,57.846,30.8252],[-43.6773,106.623,10.9434],[-24.6728,140.337,3.37659],[-2.94727,144.527,-3.81238],[10.0797,137.353,-7.7109],[[[-0.381718,-0.196074,-0.903242],[-0.840155,0.480949,0.250653],[-0.385266,-0.854543,0.34832]],[[-0.306849,-0.0404506,-0.950898],[-0.820724,0.517145,0.242843],[-0.481929,-0.854942,0.191884]],[[-0.306849,-0.0404506,-0.950898],[-0.183792,0.982809,0.0175004],[-0.933844,-0.180137,0.309008]],[[-0.306849,-0.0404506,-0.950898],[0.433467,0.883524,-0.177461],[-0.84732,0.466636,0.253574]]],2],[1373,[0.801478,0.465682,-0.375197],137,52.7108,[-1.71679,133.658,-27.0344],[2.17971,132.918,-29.3007],[1.13107,4.48594,9.00124],false,[-69.846,56.8128,21.7423],[-54.145,99.1242,-2.53812],[-25.7409,117.581,-16.2762],[-7.5763,128.135,-24.7796],[4.90548,134.852,-30.5018],[[[-0.369825,-0.355385,-0.858447],[-0.877134,0.438225,0.196456],[-0.306376,-0.825627,0.473786]],[[-0.312155,-0.209369,-0.926673],[-0.546579,0.837392,-0.00507946],[-0.777053,-0.504914,0.375833]],[[-0.312155,-0.209369,-0.926673],[-0.51009,0.859828,-0.0224401],[-0.801478,-0.465682,0.375197]],[[-0.312155,-0.209369,-0.926673],[-0.485592,0.873532,-0.0337886],[-0.816554,-0.439438,0.374346]]],3],[1374,[0.732876,0.570233,-0.371116],137,41.3243,[-23.2963,122.714,-33.5903],[-20.6632,121.61,-36.266],[5.01734,-0.506444,5.60408],false,[-70.2721,51.3325,11.4776],[-60.9982,89.3411,-15.3521],[-40.6922,106.828,-26.2483],[-28.965,115.953,-32.1867],[-18.3545,123.666,-37.3624],[[[-0.252753,-0.516043,-0.818423],[-0.947576,0.30294,0.101626],[-0.195489,-0.801204,0.565559]],[[-0.20555,-0.334405,-0.919741],[-0.681929,0.723026,-0.11048],[-0.701942,-0.604489,0.376658]],[[-0.20555,-0.334405,-0.919741],[-0.64857,0.750338,-0.127866],[-0.732876,-0.570233,0.371116]],[[-0.20555,-0.334405,-0.919741],[-0.625799,0.767466,-0.139182],[-0.752413,-0.546964,0.367022]]],4]],[[0,200,0],[235.247,235.247,147.751]]]]}