{"metadata":{"formatVersion":2,"generatedBy":"LeapJS Playback 0.2.1","frames":50,"frameRate":"96","modified":"Fri Mar 20 2015 19:19:44 GMT-0300 (E. South America Standard Time)","title":"familia"},"frames":[["id","timestamp",{"hands":[["id","type","direction","palmNormal","palmPosition","palmVelocity","stabilizedPalmPosition","pinchStrength","grabStrength","confidence","armBasis","armWidth","elbow","wrist"]]},{"pointables":[["id","direction","handId","length","stabilizedTipPosition","tipPosition","tipVelocity","tool","carpPosition","mcpPosition","pipPosition","dipPosition","btipPosition","bases","type"]]},{"interactionBox":["center","size"]}],[41076,99550039196,[[108,"left",[-0.183184,0.385589,-0.904303],[0.730941,-0.561704,-0.387573],[-104.307,114.451,122.005],[-70.5981,81.9749,-26.0604],[-88.7956,105.235,128.786],0,0.130024,0.322788,[[-0.462009,-0.746717,-0.478499],[-0.615148,0.658464,-0.433611],[-0.638859,-0.0940151,0.763558]],58.9095,[-262.183,68.818,358.035],[-102.714,92.2857,167.438]],[109,"right",[-0.163511,0.0460027,-0.985468],[-0.959245,-0.240768,0.147921],[109.548,120.946,85.9477],[22.0153,-0.611615,-19.6331],[110.173,121.976,87.0343],0,0,0.922242,[[0.435159,-0.897515,0.0714396],[0.545715,0.199813,-0.8138],[0.716123,0.393118,0.576737]],62.3787,[313.252,216.205,289.236],[123.968,112.297,136.794]]],[[1080,[-0.259549,0.415527,-0.871763],108,48.1819,[-92.9837,157.838,102.844],[-94.9577,159.376,109.004],[-40.6045,41.8091,-54.0464],false,[-77.5097,104.75,171.145],[-77.5097,104.75,171.145],[-80.9605,146.404,151.581],[-89.1419,159.502,124.102],[-96.0134,158.841,103.596],[[[-0.954053,0.283094,0.0981887],[0.273671,0.689821,0.670262],[-0.122014,-0.666337,0.7356]],[[-0.94656,0.0695069,0.314949],[0.31374,0.424824,0.849171],[0.0747747,-0.902604,0.423929]],[[-0.94656,0.0695069,0.314949],[0.191463,0.906921,0.375281],[0.259549,-0.415527,0.871763]],[[-0.94656,0.0695069,0.314949],[0.0562524,0.997114,-0.0509925],[0.317584,0.0305509,0.947738]]],0],[1081,[0.647124,-0.0600836,-0.760013],108,54.3679,[-44.7727,139.68,47.4027],[-50.2743,142.335,47.9041],[-18.0763,5.87448,-27.3162],false,[-97.4371,113.26,167.871],[-94.7845,141.427,106.019],[-73.3744,146.754,72.9914],[-58.9139,145.411,56.0084],[-47.8694,142.465,45.1068],[[[-0.678819,-0.656857,-0.328242],[-0.733269,0.630108,0.255502],[-0.0389996,-0.414129,0.909382]],[[-0.655036,-0.553877,-0.513953],[-0.529494,0.821727,-0.210715],[-0.53904,-0.134109,0.831535]],[[-0.655036,-0.553877,-0.513953],[-0.390073,0.830428,-0.397784],[-0.647124,0.0600836,0.760013]],[[-0.655036,-0.553877,-0.513953],[-0.286406,0.811441,-0.509447],[-0.699213,0.186507,0.690157]]],1],[1082,[0.43209,-0.166083,-0.886405],108,61.9479,[-71.7954,113.265,26.0285],[-78.7644,116.924,26.4749],[-38.5614,10.7571,-25.5836],false,[-106.214,107.08,164.082],[-109.648,127.684,103.057],[-97.6925,125.267,60.1971],[-86.333,120.901,36.8938],[-77.0868,116.77,22.7771],[[[-0.54283,-0.804498,-0.241078],[-0.838153,0.500742,0.216233],[0.0532414,-0.319439,0.94611]],[[-0.529204,-0.84257,-0.100097],[-0.804959,0.535848,-0.254771],[-0.2683,0.0542517,0.961807]],[[-0.529204,-0.84257,-0.100097],[-0.730234,0.512341,-0.451958],[-0.43209,0.166083,0.886405]],[[-0.529204,-0.84257,-0.100097],[-0.660834,0.483278,-0.574231],[-0.532204,0.237737,0.812551]]],2],[1083,[0.549693,-0.280284,-0.786942],108,59.5645,[-78.5502,89.1318,37.8879],[-85.268,91.6299,37.9501],[-47.0213,17.0054,-2.50109],false,[-113.087,98.647,160.819],[-121.838,110.595,104.834],[-108.953,103.759,66.1889],[-94.8746,96.5808,46.0348],[-83.1683,90.6843,34.7846],[[[-0.46434,-0.878181,-0.114833],[-0.87267,0.431546,0.228507],[0.151114,-0.206316,0.966746]],[[-0.440759,-0.897548,0.0118],[-0.841674,0.408681,-0.352938],[-0.311956,0.165492,0.935572]],[[-0.440759,-0.897548,0.0118],[-0.709626,0.340365,-0.616914],[-0.549693,0.280284,0.786942]],[[-0.440759,-0.897548,0.0118],[-0.588598,0.279068,-0.758732],[-0.677705,0.341363,0.651296]]],3],[1084,[0.588993,-0.162913,-0.791547],108,46.6975,[-90.2467,84.0781,53.6809],[-98.3732,84.5342,54.3948],[-80.7096,36.871,-14.5032],false,[-114.863,85.8897,158.131],[-129.281,92.3693,106.907],[-118.917,89.7914,76.011],[-108.267,86.8455,61.6981],[-96.6101,83.5308,51.3507],[[[-0.293114,-0.955309,-0.0383374],[-0.917466,0.269769,0.29237],[0.268962,-0.120871,0.955536]],[[-0.286834,-0.957842,-0.0162948],[-0.904,0.276261,-0.326287],[-0.317033,0.0788598,0.94513]],[[-0.286834,-0.957842,-0.0162948],[-0.755522,0.23664,-0.610892],[-0.588993,0.162913,0.791547]],[[-0.286834,-0.957842,-0.0162948],[-0.618565,0.198169,-0.760333],[-0.731508,0.20801,0.649329]]],4],[1090,[-0.0721483,-0.000909473,-0.997393],109,51.0194,[108.116,163.885,56.0653],[109.665,162.568,57.4498],[28.9451,4.774,-20.7706],false,[107.943,136.654,143.99],[107.943,136.654,143.99],[115.401,168.087,107.325],[112.993,168.057,74.034],[109.31,161.441,52.4105],[[[0.918806,-0.165795,-0.3582],[0.307324,0.869963,0.385638],[0.247684,-0.46441,0.85028]],[[0.949826,-0.305203,-0.0684291],[0.273009,0.702206,0.65755],[-0.152635,-0.64324,0.750297]],[[0.949826,-0.305203,-0.0684291],[0.304345,0.952287,-0.0228837],[0.0721483,0.000909473,0.997394]],[[0.949826,-0.305203,-0.0684291],[0.268293,0.907453,-0.323339],[0.16078,0.288757,0.943806]]],0],[1091,[-0.982289,-0.137674,-0.127098],109,57.5697,[31.0114,138.932,52.2657],[26.8448,138.488,45.9848],[31.5478,11.3857,-39.6003],false,[126.411,134.09,130.176],[101.926,146.342,63.5619],[62.919,144.514,47.942],[39.6765,141.257,44.9347],[23.252,138.112,45.2578],[[[0.199739,-0.948005,-0.247773],[0.918981,0.268978,-0.288314],[0.339969,-0.170111,0.924924]],[[0.172035,-0.93145,-0.320633],[0.331998,0.361266,-0.871358],[0.92746,0.0434545,0.37139]],[[0.172035,-0.93145,-0.320633],[0.0742426,0.336819,-0.938638],[0.982289,0.137674,0.127098]],[[0.172035,-0.93145,-0.320633],[-0.0782791,0.31153,-0.947007],[0.981976,0.188017,-0.019319]]],1],[1092,[-0.463405,0.0669599,-0.883613],109,65.596,[74.8108,132.957,-15.7123],[78.8428,132.626,-19.642],[38.8948,6.42358,-24.0102],false,[130.128,123.332,126.207],[108.906,125.953,61.3419],[102.497,130.742,14.8391],[89.5973,132.606,-9.75872],[76.729,133.181,-22.8929],[[[0.0842236,-0.994142,-0.067729],[0.94676,0.101034,-0.305676],[0.310729,-0.0383779,0.949724]],[[0.0697269,-0.991294,-0.111688],[0.988278,0.0838856,-0.127549],[0.135808,-0.101485,0.985524]],[[0.0697269,-0.991294,-0.111688],[0.883399,0.113368,-0.454702],[0.463405,-0.0669599,0.883613]],[[0.0697269,-0.991294,-0.111688],[0.711226,0.127907,-0.691229],[0.699497,-0.0312379,0.713952]]],2],[1093,[-0.270048,-0.0784902,-0.959642],109,63.0723,[98.1492,100.564,-15.0497],[100.491,98.2663,-15.8167],[27.8612,4.58096,-20.8132],false,[131.721,111.555,124.365],[114.869,104.921,65.7787],[115.67,101.998,22.1447],[108.346,99.8698,-3.87972],[99.1066,98.3466,-19.5914],[[[0.0574199,-0.993723,0.096006],[0.959781,0.0284744,-0.279303],[0.274816,0.108182,0.955391]],[[0.0492489,-0.996493,0.0676454],[0.998619,0.0503689,0.0149517],[-0.0183065,0.0668156,0.997597]],[[0.0492489,-0.996493,0.0676454],[0.961587,0.0289938,-0.272966],[0.270048,0.0784902,0.959642]],[[0.0492489,-0.996493,0.0676454],[0.861621,0.00813322,-0.507487],[0.505157,0.0832778,0.859]]],3],[1094,[-0.181564,-0.179948,-0.966775],109,49.4475,[109.185,73.8557,6.62331],[110.671,72.2966,9.14571],[26.8781,4.12405,-21.1872],false,[127.758,98.4091,126.733],[116.477,85.1976,72.6918],[120.495,78.0745,39.057],[117.019,74.6291,20.546],[109.739,72.2039,5.51789],[[[-0.0705373,-0.965477,0.250757],[0.977511,-0.116987,-0.175459],[0.198737,0.232742,0.952016]],[[-0.0815341,-0.976975,0.197159],[0.989886,-0.056336,0.130202],[-0.116097,0.205781,0.971687]],[[-0.0815341,-0.976975,0.197159],[0.979993,-0.114622,-0.162712],[0.181564,0.179948,0.966775]],[[-0.0815341,-0.976975,0.197159],[0.89844,-0.157681,-0.409808],[0.43146,0.143722,0.89061]]],4]],[[0,200,0],[235.247,235.247,147.751]]],[41077,99550047544,[[108,"left",[-0.153492,0.401115,-0.903076],[0.702567,-0.598359,-0.385182],[-105.88,115.299,121.479],[-100.948,87.0262,-35.5801],[-89.3825,105.58,128.535],0,0.13099,0.330815,[[-0.503324,-0.70548,-0.498962],[-0.592883,0.702026,-0.394524],[-0.628613,-0.0972523,0.771613]],58.9095,[-262.832,68.4998,359.371],[-105.92,92.7756,166.763]],[109,"right",[-0.162423,0.0461065,-0.985643],[-0.959814,-0.239067,0.146983],[109.773,120.959,85.7735],[23.2653,-0.0330628,-19.9511],[110.173,121.975,87.0322],0,0,0.924315,[[0.436568,-0.896519,0.0752478],[0.548657,0.199019,-0.812014],[0.71301,0.395785,0.578767]],62.3787,[312.586,216.908,289.614],[124.126,112.295,136.636]]],[[1080,[-0.23535,0.430252,-0.871489],108,48.1819,[-92.9845,157.839,102.848],[-94.2554,159.487,108.911],[-16.8254,32.3049,-38.9417],false,[-80.1056,103.813,170.781],[-80.1056,103.813,170.781],[-81.3279,145.782,151.629],[-88.7465,159.344,124.158],[-95.5705,158.941,103.629],[[[-0.937959,0.334359,0.0918557],[0.304929,0.669254,0.677582],[-0.165081,-0.663554,0.729688]],[[-0.943363,0.114605,0.31134],[0.330705,0.399755,0.854886],[0.0264856,-0.909429,0.415014]],[[-0.943363,0.114605,0.31134],[0.233832,0.895404,0.378912],[0.23535,-0.430252,0.871489]],[[-0.943363,0.114605,0.31134],[0.10294,0.993237,-0.0537049],[0.315389,0.018614,0.94878]]],0],[1081,[0.646315,-0.0810369,-0.758755],108,54.3679,[-44.8389,139.71,47.4046],[-49.8819,141.126,47.8957],[-1.74192,-29.4635,-21.9474],false,[-99.5058,113.426,167.394],[-94.7475,141.819,105.772],[-72.8794,146.393,72.9317],[-58.437,144.582,55.9768],[-47.5201,141.289,45.0461],[[[-0.710774,-0.6164,-0.338899],[-0.699933,0.667671,0.253591],[-0.0699593,-0.417452,0.906002]],[[-0.679577,-0.513377,-0.524041],[-0.484817,0.8504,-0.204382],[-0.55057,-0.11517,0.826806]],[[-0.679577,-0.513377,-0.524041],[-0.34706,0.854329,-0.386874],[-0.646315,0.0810369,0.758755]],[[-0.679577,-0.513377,-0.524041],[-0.245991,0.832448,-0.496506],[-0.691132,0.208505,0.691999]]],1],[1082,[0.429236,-0.183652,-0.884323],108,61.9479,[-71.909,113.329,26.0241],[-79.4212,117.016,26.1591],[-47.5424,10.0879,-28.4686],false,[-108.573,107.762,163.483],[-110.315,128.932,102.58],[-98.1209,126.102,59.8129],[-86.8364,121.274,36.5644],[-77.7326,116.747,22.4767],[[[-0.583885,-0.771862,-0.251611],[-0.811388,0.544522,0.212475],[0.0269936,-0.328215,0.944217]],[[-0.573542,-0.811785,-0.1098],[-0.772123,0.580492,-0.258564],[-0.273636,0.0635181,0.959734]],[[-0.573542,-0.811785,-0.1098],[-0.697715,0.554326,-0.45378],[-0.429236,0.183652,0.884323]],[[-0.573542,-0.811785,-0.1098],[-0.629654,0.522611,-0.574816],[-0.524009,0.260545,0.810883]]],2],[1083,[0.543441,-0.304786,-0.782162],108,59.5645,[-78.9143,89.2652,37.8516],[-87.2392,92.0621,37.4691],[-90.5308,25.9479,-13.9471],false,[-115.868,99.7409,160.1],[-123.439,112.526,104.128],[-110.437,105.247,65.6023],[-96.519,97.4415,45.5707],[-85.0186,90.988,34.4143],[[[-0.51071,-0.850586,-0.125216],[-0.849756,0.477244,0.223947],[0.130728,-0.220775,0.966524]],[[-0.489798,-0.871836,-0.000579326],[-0.813032,0.457001,-0.360735],[-0.314766,0.176216,0.932668]],[[-0.489798,-0.871836,-0.000579326],[-0.68174,0.383416,-0.623075],[-0.543441,0.304786,0.782162]],[[-0.489798,-0.871836,-0.000579326],[-0.562875,0.316731,-0.763448],[-0.665785,0.373609,0.645869]]],3],[1084,[0.59245,-0.189032,-0.783116],108,46.6975,[-90.916,84.1584,53.6558],[-100.798,85.5661,53.7957],[-127.373,62.2896,-25.3289],false,[-118.316,87.1185,157.305],[-131.888,94.7229,106.004],[-121.137,91.826,75.269],[-110.424,88.4079,61.1085],[-98.8053,84.534,50.9138],[[[-0.344676,-0.937505,-0.0477793],[-0.903935,0.317745,0.28625],[0.253179,-0.141853,0.956963]],[[-0.340007,-0.939933,-0.0303401],[-0.881043,0.329655,-0.339252],[-0.328876,0.0886169,0.940206]],[[-0.340007,-0.939933,-0.0303401],[-0.730341,0.28424,-0.621135],[-0.59245,0.189032,0.783116]],[[-0.340007,-0.939933,-0.0303401],[-0.593941,0.239639,-0.767989],[-0.729129,0.243101,0.639744]]],4],[1090,[-0.0715722,-0.000758326,-0.997435],109,51.0194,[108.12,163.884,56.067],[109.985,162.619,57.2557],[30.448,5.22858,-21.555],false,[108.135,136.681,143.811],[108.135,136.681,143.811],[115.66,168.095,107.143],[113.271,168.069,73.8503],[109.604,161.509,52.2072],[[[0.918881,-0.167463,-0.357229],[0.308446,0.869496,0.385794],[0.246003,-0.464685,0.850618]],[[0.949393,-0.306666,-0.0678917],[0.273756,0.701942,0.657522],[-0.153983,-0.642832,0.75037]],[[0.949393,-0.306666,-0.0678917],[0.305828,0.951817,-0.0226687],[0.0715722,0.000758326,0.997435]],[[0.949393,-0.306666,-0.0678917],[0.270254,0.90772,-0.320946],[0.16005,0.286356,0.944661]]],0],[1091,[-0.982358,-0.135981,-0.128384],109,57.5697,[31.0047,138.932,52.2521],[27.1609,138.657,45.6618],[33.2548,13.4435,-39.1276],false,[126.613,134.083,130.016],[102.218,146.365,63.3753],[63.2433,144.616,47.665],[39.9991,141.399,44.6272],[23.5695,138.279,44.9402],[[[0.198338,-0.948397,-0.247396],[0.919743,0.267322,-0.287423],[0.338725,-0.170533,0.925302]],[[0.170822,-0.931866,-0.320072],[0.334783,0.360414,-0.870645],[0.926682,0.0415703,0.373539]],[[0.170822,-0.931866,-0.320072],[0.0761131,0.336356,-0.938654],[0.982358,0.135981,0.128384]],[[0.170822,-0.931866,-0.320072],[-0.0771283,0.311203,-0.947208],[0.982279,0.18649,-0.0187131]]],1],[1092,[-0.462309,0.0678213,-0.884121],109,65.596,[74.8252,132.958,-15.7243],[79.2193,132.694,-19.8547],[40.0985,6.78209,-24.2242],false,[130.316,123.317,126.054],[109.164,125.964,61.1661],[102.82,130.765,14.656],[89.9499,132.653,-9.95606],[77.096,133.251,-23.1033],[[[0.0825582,-0.9943,-0.0674616],[0.947247,0.0993264,-0.304726],[0.309689,-0.0387452,0.950048]],[[0.068046,-0.991417,-0.111633],[0.988581,0.0820811,-0.126375],[0.134454,-0.101759,0.985681]],[[0.068046,-0.991417,-0.111633],[0.884104,0.11177,-0.453726],[0.462309,-0.0678213,0.884121]],[[0.068046,-0.991417,-0.111633],[0.712157,0.12663,-0.690505],[0.698715,-0.0325144,0.714661]]],2],[1093,[-0.269861,-0.0776619,-0.959762],109,63.0723,[98.1536,100.562,-15.0512],[100.781,98.3191,-15.9954],[28.4287,5.06965,-20.6701],false,[131.89,111.537,124.215],[115.086,104.921,65.6129],[115.919,102.012,21.9786],[108.601,99.9063,-4.0491],[99.3566,98.4059,-19.7605],[[[0.0555877,-0.993804,0.0962458],[0.960114,0.0267486,-0.278326],[0.274027,0.107878,0.955652]],[[0.0472885,-0.996608,0.0673471],[0.9987,0.0484577,0.0158344],[-0.0190442,0.0665108,0.997604]],[[0.0472885,-0.996608,0.0673471],[0.961737,0.0272113,-0.272618],[0.269861,0.0776619,0.959762]],[[0.0472885,-0.996608,0.0673471],[0.861592,0.0065831,-0.507558],[0.505394,0.0820274,0.858981]]],3],[1094,[-0.179778,-0.178576,-0.967363],109,49.4475,[109.191,73.8532,6.62854],[110.957,72.3655,8.95701],[28.4092,5.45012,-21.647],false,[127.901,98.3985,126.581],[116.652,85.1968,72.5312],[120.706,78.1045,38.8941],[117.264,74.6852,20.3719],[110.021,72.2877,5.32086],[[[-0.0724781,-0.965306,0.250861],[0.977485,-0.118725,-0.174438],[0.198169,0.23257,0.952177]],[[-0.0837081,-0.977041,0.195919],[0.989585,-0.0584004,0.131568],[-0.117106,0.204892,0.971754]],[[-0.0837081,-0.977041,0.195919],[0.980139,-0.116198,-0.160702],[0.179778,0.178576,0.967363]],[[-0.0837081,-0.977041,0.195919],[0.899325,-0.158752,-0.407447],[0.429195,0.142089,0.891966]]],4]],[[0,200,0],[235.247,235.247,147.751]]],[41078,99550056519,[[108,"left",[-0.135167,0.410439,-0.901815],[0.683931,-0.619908,-0.384645],[-106.964,115.657,121.025],[-106.398,74.1207,-39.6774],[-90.1656,106.029,128.201],0,0.131868,0.346223,[[-0.528641,-0.678806,-0.509667],[-0.577032,0.727734,-0.370727],[-0.622553,-0.0981126,0.776403]],58.9095,[-263.4,68.4389,359.999],[-108,92.9294,166.196]],[109,"right",[-0.16142,0.0465975,-0.985785],[-0.960352,-0.237487,0.146029],[109.999,120.943,85.5633],[23.8046,-0.526006,-20.9013],[110.172,121.973,87.0295],0,0,0.909927,[[0.438131,-0.895459,0.0787113],[0.551384,0.198558,-0.810278],[0.709942,0.398408,0.580736]],62.3787,[311.939,217.549,289.936],[124.29,112.244,136.438]]],[[1080,[-0.222509,0.440359,-0.869813],108,48.1819,[-92.9855,157.84,102.853],[-94.091,159.354,108.831],[-13.9213,19.7291,-26.4222],false,[-81.8489,103.067,170.398],[-81.8489,103.067,170.398],[-81.7768,145.23,151.634],[-88.7907,159.11,124.216],[-95.6299,158.853,103.691],[[[-0.926587,0.365441,0.0888234],[0.323857,0.655274,0.682446],[-0.19119,-0.661111,0.725519]],[[-0.939878,0.140195,0.311408],[0.341508,0.381658,0.8589],[-0.00156198,-0.913609,0.40659]],[[-0.939878,0.140195,0.311408],[0.259075,0.886808,0.382689],[0.222509,-0.440359,0.869813]],[[-0.939878,0.140195,0.311408],[0.129285,0.990052,-0.0555164],[0.316094,0.0119181,0.948653]]],0],[1081,[0.642055,-0.084384,-0.762001],108,54.3679,[-44.905,139.735,47.4021],[-49.9892,140.66,47.605],[-6.04882,-30.5118,-26.9238],false,[-100.895,113.347,166.962],[-94.8609,141.861,105.507],[-72.8404,146.193,72.7362],[-58.4933,144.308,55.7088],[-47.7069,140.983,44.6586],[[[-0.729433,-0.590363,-0.345542],[-0.678274,0.689727,0.253418],[-0.088721,-0.419224,0.903538]],[[-0.693661,-0.487222,-0.530517],[-0.459856,0.86644,-0.19446],[-0.554407,-0.109072,0.825068]],[[-0.693661,-0.487222,-0.530517],[-0.326496,0.869192,-0.371357],[-0.642055,0.084384,0.762001]],[[-0.693661,-0.487222,-0.530517],[-0.229183,0.847535,-0.478706],[-0.682868,0.210474,0.699565]]],1],[1082,[0.426125,-0.193713,-0.883682],108,61.9479,[-72.0405,113.396,26.014],[-80.0238,116.951,25.8111],[-52.2744,4.44701,-31.0907],false,[-110.129,108.013,162.977],[-110.838,129.524,102.173],[-98.5309,126.445,59.4555],[-87.3282,121.352,36.2239],[-78.3412,116.601,22.135],[[[-0.608325,-0.750447,-0.258398],[-0.793612,0.570618,0.211127],[0.010993,-0.333502,0.942685]],[[-0.599973,-0.791597,-0.11579],[-0.750839,0.607124,-0.260081],[-0.276178,0.069102,0.958619]],[[-0.599973,-0.791597,-0.11579],[-0.67709,0.579526,-0.453541],[-0.426125,0.193713,0.883682]],[[-0.599973,-0.791597,-0.11579],[-0.610282,0.546444,-0.573546],[-0.51729,0.273448,0.810949]]],2],[1083,[0.538733,-0.319047,-0.779728],108,59.5645,[-79.4063,89.4313,37.7896],[-88.5957,92.2393,37.0168],[-103.6,23.9146,-21.969],false,[-117.673,100.259,159.518],[-124.517,113.564,103.573],[-111.442,106.029,65.1211],[-97.6447,97.8585,45.1518],[-86.2937,91.0794,34.0355],[[[-0.538508,-0.832212,-0.132034],[-0.834291,0.504622,0.222069],[0.118182,-0.229741,0.96605]],[[-0.519303,-0.854541,-0.00914051],[-0.793808,0.486302,-0.365212],[-0.316534,0.1824,0.930879]],[[-0.519303,-0.854541,-0.00914051],[-0.663393,0.409839,-0.626052],[-0.538733,0.319047,0.779728]],[[-0.519303,-0.854541,-0.00914051],[-0.546352,0.340203,-0.76535],[-0.657133,0.392455,0.643549]]],3],[1084,[0.596416,-0.204374,-0.776221],108,46.6975,[-91.8164,84.3021,53.6005],[-102.315,86.118,53.3291],[-131.247,64.2166,-28.4436],false,[-120.531,87.7406,156.647],[-133.573,96.0476,105.317],[-122.469,92.9823,74.7245],[-111.684,89.2868,60.6887],[-100.078,85.0795,50.6115],[[[-0.375909,-0.92507,-0.0542016],[-0.894152,0.346747,0.2833],[0.243278,-0.15496,0.957498]],[[-0.372903,-0.926897,-0.0424777],[-0.863459,0.363413,-0.349813],[-0.339677,0.0937686,0.935856]],[[-0.372903,-0.926897,-0.0424777],[-0.710796,0.31479,-0.629029],[-0.596416,0.204374,0.776221]],[[-0.372903,-0.926897,-0.0424777],[-0.574933,0.266751,-0.773496],[-0.728283,0.264018,0.632376]]],4],[1090,[-0.0728528,-0.0000962989,-0.997343],109,51.0194,[108.124,163.883,56.0686],[110.204,162.663,57.0342],[25.3667,4.8385,-22.6055],false,[108.333,136.655,143.603],[108.333,136.655,143.603],[115.825,168.062,106.922],[113.393,168.059,73.6332],[109.706,161.556,51.9761],[[[0.918934,-0.168928,-0.356404],[0.309544,0.868891,0.386277],[0.244424,-0.465286,0.850744]],[[0.949084,-0.307306,-0.069298],[0.275207,0.701772,0.657097],[-0.153298,-0.642712,0.750614]],[[0.949084,-0.307306,-0.069298],[0.306483,0.951611,-0.0224795],[0.0728528,0.0000962989,0.997343]],[[0.949084,-0.307306,-0.069298],[0.270819,0.908296,-0.318834],[0.160923,0.283833,0.945274]]],0],[1091,[-0.982443,-0.134389,-0.129404],109,57.5697,[30.9979,138.932,52.2364],[27.4712,138.801,45.3339],[33.6793,13.8791,-38.1136],false,[126.82,134.028,129.825],[102.508,146.366,63.1637],[63.5611,144.696,47.3764],[40.3149,141.516,44.3145],[23.8809,138.42,44.6207],[[[0.196977,-0.948674,-0.247421],[0.92046,0.26584,-0.2865],[0.337569,-0.171307,0.925581]],[[0.169644,-0.932142,-0.319894],[0.337194,0.359909,-0.869923],[0.926024,0.0397109,0.375369]],[[0.169644,-0.932142,-0.319894],[0.0776326,0.33623,-0.938575],[0.982443,0.134389,0.129404]],[[0.169644,-0.932142,-0.319894],[-0.0762758,0.311206,-0.947276],[0.982549,0.1851,-0.0183056]]],1],[1092,[-0.461009,0.0695005,-0.88467],109,65.596,[74.8445,132.958,-15.7401],[79.6227,132.807,-20.1026],[40.9288,8.55141,-24.9283],false,[130.508,123.257,125.863],[109.422,125.954,60.9565],[103.159,130.81,14.441],[90.3252,132.744,-10.1863],[77.4867,133.378,-23.3468],[[[0.0809511,-0.994423,-0.0676058],[0.947698,0.0978023,-0.303814],[0.308732,-0.0394758,0.95033]],[[0.0662756,-0.991447,-0.112426],[0.988933,0.0802569,-0.124779],[0.132735,-0.102912,0.985794]],[[0.0662756,-0.991447,-0.112426],[0.884917,0.110461,-0.45246],[0.461009,-0.0695005,0.88467]],[[0.0662756,-0.991447,-0.112426],[0.71314,0.125872,-0.689628],[0.697882,-0.0344698,0.715383]]],2],[1093,[-0.269257,-0.0764987,-0.960025],109,63.0723,[98.1593,100.559,-15.0533],[101.076,98.3787,-16.2245],[28.8146,5.53814,-21.856],false,[132.064,111.475,124.023],[115.304,104.901,65.4041],[116.162,102.02,21.7684],[108.86,99.9456,-4.26643],[99.627,98.4732,-19.9869],[[[0.0538279,-0.993917,0.0960764],[0.960419,0.0251971,-0.277419],[0.273311,0.107206,0.955933]],[[0.0454128,-0.99674,0.0666873],[0.998776,0.0466128,0.016549],[-0.0196035,0.0658542,0.997637]],[[0.0454128,-0.99674,0.0666873],[0.961997,0.0256414,-0.271854],[0.269257,0.0764986,0.960025]],[[0.0454128,-0.99674,0.0666873],[0.862047,0.00536841,-0.506799],[0.504789,0.0805028,0.859481]]],3],[1094,[-0.177338,-0.176077,-0.968271],109,49.4475,[109.199,73.8507,6.63381],[111.284,72.4746,8.70332],[30.4986,7.863,-23.6045],false,[128.051,98.3426,126.383],[116.831,85.1718,72.3195],[120.948,78.1496,38.6753],[117.552,74.7782,20.1357],[110.355,72.4261,5.05579],[[[-0.0743351,-0.965238,0.250578],[0.977447,-0.120328,-0.173547],[0.197665,0.232026,0.952414]],[[-0.0859636,-0.977333,0.193469],[0.989175,-0.0605447,0.133668],[-0.118924,0.202866,0.971958]],[[-0.0859636,-0.977333,0.193469],[0.980388,-0.117546,-0.158182],[0.177338,0.176077,0.968271]],[[-0.0859636,-0.977333,0.193469],[0.90039,-0.15934,-0.404856],[0.426506,0.139395,0.893679]]],4]],[[0,200,0],[235.247,235.247,147.751]]],[41079,99550064928,[[108,"left",[-0.12375,0.415902,-0.90095],[0.673791,-0.631319,-0.383982],[-107.522,115.764,120.631],[-96.0055,58.1972,-41.5579],[-90.9707,106.481,127.85],0,0.131499,0.348367,[[-0.542997,-0.663373,-0.514869],[-0.567412,0.741833,-0.35739],[-0.61903,-0.0980808,0.779219]],58.9095,[-263.689,68.4263,360.225],[-109.169,92.9089,165.719]],[109,"right",[-0.160254,0.0477067,-0.985922],[-0.961957,-0.231445,0.145159],[110.402,120.924,85.2867],[30.0563,-0.967726,-24.0074],[110.173,121.971,87.0262],0,0,0.913481,[[0.438171,-0.894876,0.0848635],[0.55591,0.195582,-0.807906],[0.706378,0.401178,0.583169]],62.3787,[311.3,218.168,290.314],[124.593,112.13,136.173]]],[[1080,[-0.218551,0.445279,-0.86831],108,48.1819,[-92.987,157.841,102.859],[-94.1936,159.065,108.804],[-20.6432,5.55819,-15.7881],false,[-82.8498,102.541,170.062],[-82.8498,102.541,170.062],[-82.1818,144.871,151.69],[-89.0709,158.907,124.319],[-95.9815,158.532,103.819],[[[-0.919945,0.382427,0.0863125],[0.333248,0.646817,0.685984],[-0.206511,-0.659831,0.722479]],[[-0.937604,0.150779,0.313313],[0.347405,0.368716,0.862182],[-0.014475,-0.917232,0.398091]],[[-0.937604,0.150779,0.313313],[0.270434,0.882606,0.384542],[0.218551,-0.445279,0.86831]],[[-0.937604,0.150779,0.313313],[0.137427,0.988416,-0.0644074],[0.319395,0.0173309,0.947463]]],0],[1081,[0.638565,-0.0807454,-0.76532],108,54.3679,[-44.9558,139.755,47.3966],[-50.0357,140.61,47.278],[-7.51152,-20.6353,-31.7236],false,[-101.686,113.187,166.583],[-94.8664,141.788,105.251],[-72.794,146.106,72.5133],[-58.5248,144.302,55.4117],[-47.8251,141.068,44.2511],[[[-0.738922,-0.575447,-0.350507],[-0.666289,0.701457,0.253017],[-0.100268,-0.420499,0.901736]],[[-0.700564,-0.472583,-0.534673],[-0.447651,0.874554,-0.186453],[-0.555715,-0.108725,0.824233]],[[-0.700564,-0.472583,-0.534673],[-0.318505,0.877579,-0.358342],[-0.638565,0.0807454,0.765321]],[[-0.700564,-0.472583,-0.534673],[-0.224429,0.857169,-0.463566],[-0.677379,0.204762,0.706563]]],1],[1082,[0.423532,-0.198338,-0.883902],108,61.9479,[-72.1629,113.456,25.9999],[-80.2943,116.899,25.4579],[-47.7001,0.34435,-34.0329],false,[-111.001,108.04,162.543],[-111.058,129.763,101.81],[-98.6865,126.546,59.1214],[-87.552,121.332,35.884],[-78.6525,116.483,21.773],[[[-0.62119,-0.738061,-0.26342],[-0.78366,0.58467,0.209853],[0.000870629,-0.33679,0.941579]],[[-0.614025,-0.780243,-0.119139],[-0.738852,0.621295,-0.260939],[-0.277617,0.0721969,0.957975]],[[-0.614025,-0.780243,-0.119139],[-0.666029,0.593197,-0.452242],[-0.423532,0.198338,0.883902]],[[-0.614025,-0.780243,-0.119139],[-0.600477,0.559752,-0.571056],[-0.512251,0.279102,0.81222]]],2],[1083,[0.541828,-0.328066,-0.773818],108,59.5645,[-79.8769,89.5847,37.7268],[-88.9565,92.2464,36.7801],[-80.8184,15.5426,-18.9545],false,[-118.675,100.441,159.026],[-125.038,114.058,103.1],[-111.649,106.341,64.7931],[-97.7724,97.9391,44.975],[-86.4268,90.9637,33.9754],[[[-0.553436,-0.821538,-0.137053],[-0.825611,0.519411,0.220405],[0.109885,-0.235133,0.965732]],[[-0.535711,-0.844227,-0.0171895],[-0.779706,0.502378,-0.37373],[-0.324148,0.186808,0.927378]],[[-0.535711,-0.844227,-0.0171895],[-0.647639,0.423857,-0.633174],[-0.541828,0.328066,0.773818]],[[-0.535711,-0.844227,-0.0171895],[-0.530657,0.352428,-0.770842],[-0.656823,0.403827,0.636794]]],3],[1084,[0.60163,-0.213099,-0.769825],108,46.6975,[-92.7052,84.4592,53.5292],[-102.932,86.3573,52.9716],[-110.214,55.6281,-28.4465],false,[-121.755,87.9874,156.101],[-134.427,96.7082,104.748],[-123.006,93.5459,74.2824],[-112.127,89.6926,60.3623],[-100.493,85.2976,50.3982],[[[-0.392925,-0.917684,-0.0588795],[-0.888667,0.362481,0.280854],[0.236392,-0.162679,0.957943]],[[-0.391019,-0.918957,-0.0512068],[-0.851484,0.382308,-0.358908],[-0.349398,0.0967381,0.931967]],[[-0.391019,-0.918957,-0.0512068],[-0.696524,0.331824,-0.636198],[-0.60163,0.213099,0.769825]],[[-0.391019,-0.918957,-0.0512068],[-0.560478,0.281878,-0.778723],[-0.730047,0.275795,0.625275]]],4],[1090,[-0.0729592,0.00107539,-0.997334],109,51.0194,[108.13,163.881,56.0697],[110.85,162.698,56.743],[37.023,4.62361,-25.9132],false,[108.784,136.641,143.326],[108.784,136.641,143.326],[116.442,167.999,106.638],[114.007,168.035,73.3493],[110.291,161.607,51.6746],[[[0.918165,-0.174681,-0.355611],[0.314672,0.866887,0.386636],[0.240737,-0.466897,0.850913]],[[0.947266,-0.312792,-0.0696337],[0.27952,0.700269,0.65688],[-0.156704,-0.641704,0.750772]],[[0.947266,-0.312792,-0.0696337],[0.312033,0.949821,-0.0218023],[0.0729592,-0.00107539,0.997334]],[[0.947266,-0.312792,-0.0696337],[0.276377,0.907443,-0.316486],[0.162183,0.280552,0.946038]]],0],[1091,[-0.98316,-0.128288,-0.130148],109,57.5697,[30.9915,138.934,52.2179],[28.0334,139.311,44.9652],[42.3657,25.8087,-39.3057],false,[127.266,133.899,129.565],[103.091,146.396,62.8831],[64.1575,144.978,47.0386],[40.8943,141.943,43.9591],[24.4417,138.947,44.2604],[[[0.191214,-0.949873,-0.247342],[0.922369,0.260062,-0.285662],[0.335667,-0.173518,0.925861]],[[0.164093,-0.933193,-0.319726],[0.340785,0.357792,-0.869396],[0.92571,0.0337036,0.37673]],[[0.164093,-0.933193,-0.319726],[0.080436,0.335698,-0.938529],[0.98316,0.128288,0.130148]],[[0.164093,-0.933193,-0.319726],[-0.0740869,0.311545,-0.947339],[0.983659,0.179139,-0.0180149]]],1],[1092,[-0.459777,0.0729977,-0.885029],109,65.596,[74.8687,132.96,-15.7591],[80.2312,133.031,-20.4081],[48.565,13.2018,-27.5864],false,[130.89,123.106,125.605],[109.878,125.941,60.6799],[103.708,130.866,14.1592],[90.9093,132.898,-10.4781],[78.081,133.622,-23.6439],[[[0.0747437,-0.994907,-0.0676339],[0.948563,0.091858,-0.30297],[0.307639,-0.0415099,0.950597]],[[0.059966,-0.991789,-0.112956],[0.9896,0.0738902,-0.123421],[0.130754,-0.10438,0.985905]],[[0.059966,-0.991789,-0.112956],[0.886008,0.105006,-0.451624],[0.459777,-0.0729977,0.885029]],[[0.059966,-0.991789,-0.112956],[0.714241,0.121683,-0.689241],[0.697326,-0.0393468,0.715673]]],2],[1093,[-0.268073,-0.0738918,-0.960561],109,63.0723,[98.1661,100.556,-15.056],[101.481,98.4847,-16.5301],[33.5728,7.49361,-25.6821],false,[132.373,111.313,123.765],[115.624,104.851,65.1307],[116.504,102.003,21.4932],[109.234,99.9988,-4.5561],[100.03,98.6002,-20.3004],[[[0.0474799,-0.994246,0.0960244],[0.960802,0.0191716,-0.27657],[0.273138,0.105392,0.956184]],[[0.0388526,-0.997072,0.0658575],[0.999042,0.0400874,0.0175323],[-0.020121,0.0651133,0.997675]],[[0.0388526,-0.997072,0.0658575],[0.962615,0.0196657,-0.270159],[0.268073,0.0738918,0.960561]],[[0.0388526,-0.997072,0.0658575],[0.863294,0.000303744,-0.504701],[0.503204,0.0764634,0.860778]]],3],[1094,[-0.175719,-0.172915,-0.969135],109,49.4475,[109.207,73.8486,6.63804],[111.559,72.5656,8.38903],[31.0517,9.07167,-27.3232],false,[128.276,98.2067,126.12],[117.02,85.1119,72.0454],[121.163,78.1359,38.3948],[117.799,74.8251,19.8387],[110.638,72.5489,4.73001],[[[-0.080636,-0.964775,0.250416],[0.976822,-0.126468,-0.172698],[0.198284,0.230686,0.952611]],[[-0.092717,-0.97717,0.19116],[0.988473,-0.0672542,0.135643],[-0.11969,0.201532,0.972142]],[[-0.092717,-0.97717,0.19116],[0.980064,-0.123446,-0.155675],[0.175719,0.172915,0.969135]],[[-0.092717,-0.97717,0.19116],[0.900728,-0.16414,-0.402178],[0.424373,0.134894,0.895383]]],4]],[[0,200,0],[235.247,235.247,147.751]]],[41080,99550073877,[[108,"left",[-0.110998,0.419871,-0.900771],[0.660146,-0.646372,-0.382636],[-108.321,115.932,120.035],[-94.1822,47.424,-48.4032],[-91.8831,106.978,127.439],0,0.131741,0.351451,[[-0.559921,-0.644537,-0.520635],[-0.556022,0.758167,-0.34062],[-0.61427,-0.0987644,0.782891]],58.9095,[-263.984,68.4087,360.507],[-110.652,93.0619,165.085]],[109,"right",[-0.158609,0.0484333,-0.986153],[-0.96353,-0.225624,0.14389],[110.838,120.998,84.9407],[35.149,1.56174,-28.0131],[110.174,121.969,87.0216],0,0,0.91589,[[0.437731,-0.894492,0.090969],[0.560608,0.19243,-0.805413],[0.70293,0.403552,0.585692]],62.3787,[310.702,218.797,290.656],[124.906,112.131,135.848]]],[[1080,[-0.215595,0.453545,-0.864763],108,48.1819,[-92.9907,157.842,102.87],[-94.5634,158.873,108.676],[-34.5264,1.174,-8.60381],false,[-84.1298,102.071,169.528],[-84.1298,102.071,169.528],[-82.8044,144.589,151.633],[-89.6003,158.886,124.374],[-96.6538,158.416,103.925],[[[-0.911049,0.403691,0.0838065],[0.345967,0.63795,0.687988],[-0.22427,-0.655785,0.720867]],[[-0.933835,0.163101,0.318357],[0.35655,0.352965,0.865036],[-0.0287191,-0.921311,0.387764]],[[-0.933835,0.163101,0.318357],[0.285433,0.876182,0.388373],[0.215595,-0.453545,0.864763]],[[-0.933835,0.163101,0.318357],[0.147244,0.986371,-0.0734287],[0.325994,0.0216943,0.945123]]],0],[1081,[0.63552,-0.0860979,-0.767269],108,54.3679,[-45.0043,139.768,47.3863],[-50.2029,139.979,46.7144],[-11.0349,-33.4377,-41.0544],false,[-102.701,113.159,166.002],[-95.0105,141.674,104.733],[-72.8376,145.666,72.0221],[-58.6365,143.742,54.877],[-48.0289,140.451,43.6452],[[[-0.750982,-0.55757,-0.353754],[-0.650571,0.716489,0.251796],[-0.113067,-0.419236,0.900809]],[[-0.709891,-0.455921,-0.536834],[-0.42944,0.884327,-0.183161],[-0.558243,-0.100513,0.823566]],[[-0.709891,-0.455921,-0.536834],[-0.303594,0.885846,-0.350867],[-0.63552,0.0860979,0.767269]],[[-0.709891,-0.455921,-0.536834],[-0.212328,0.865285,-0.454091],[-0.671544,0.20837,0.711063]]],1],[1082,[0.420358,-0.206373,-0.883578],108,61.9479,[-72.2935,113.511,25.9779],[-80.8204,116.596,24.9071],[-50.4849,-9.5567,-41.5028],false,[-112.12,108.236,161.924],[-111.466,130.035,101.222],[-99.0423,126.563,58.5687],[-87.9912,121.138,35.3398],[-79.1941,116.124,21.2223],[[[-0.637369,-0.723004,-0.266506],[-0.770492,0.602532,0.208081],[-0.0101356,-0.337965,0.941104]],[[-0.631619,-0.765675,-0.121655],[-0.723412,0.638492,-0.262684],[-0.278806,0.0779096,0.957182]],[[-0.631619,-0.765675,-0.121655],[-0.651427,0.609223,-0.452207],[-0.420358,0.206373,0.883578]],[[-0.631619,-0.765675,-0.121655],[-0.587075,0.574852,-0.569989],[-0.506359,0.288595,0.812596]]],2],[1083,[0.540208,-0.339241,-0.770124],108,59.5645,[-80.4064,89.7373,37.64],[-89.8022,92.1295,36.3003],[-79.9042,6.95228,-25.8202],false,[-119.957,100.823,158.372],[-125.814,114.658,102.444],[-112.227,106.666,64.2634],[-98.3915,97.978,44.54],[-87.1423,90.7673,33.5931],[[[-0.572005,-0.808208,-0.140033],[-0.813991,0.538256,0.218402],[0.101141,-0.238913,0.965759]],[[-0.555866,-0.830928,-0.0238904],[-0.763417,0.521654,-0.380884],[-0.328949,0.193482,0.924314]],[[-0.555866,-0.830928,-0.0238904],[-0.631813,0.440992,-0.637446],[-0.540208,0.339241,0.770124]],[[-0.555866,-0.830928,-0.0238904],[-0.51662,0.367833,-0.773177],[-0.651242,0.417441,0.63374]]],3],[1084,[0.607254,-0.227593,-0.761212],108,46.6975,[-93.6917,84.6301,53.431],[-103.878,86.4553,52.5506],[-102.1,43.1355,-29.0498],false,[-123.317,88.4484,155.419],[-135.611,97.5308,104.037],[-123.849,94.1138,73.7284],[-112.868,89.9984,59.964],[-101.208,85.3215,50.1609],[[[-0.414044,-0.908179,-0.0614642],[-0.880894,0.382762,0.278422],[0.229331,-0.169423,0.95849]],[[-0.413188,-0.908803,-0.0578992],[-0.836541,0.40392,-0.370201],[-0.359826,0.104528,0.927146]],[[-0.413188,-0.908803,-0.0578992],[-0.678614,0.349684,-0.645913],[-0.607254,0.227593,0.761212]],[[-0.413188,-0.908803,-0.0578992],[-0.542079,0.296549,-0.786263],[-0.731728,0.293489,0.615174]]],4],[1090,[-0.0725229,0.00194283,-0.997365],109,51.0194,[108.139,163.879,56.0702],[111.533,162.825,56.3661],[46.2692,7.38081,-30.5752],false,[109.235,136.738,142.974],[109.235,136.738,142.974],[117.069,168.037,106.273],[114.648,168.102,72.9826],[110.923,161.758,51.2847],[[[0.917586,-0.180282,-0.354308],[0.319346,0.865073,0.386869],[0.236757,-0.468132,0.851351]],[[0.94554,-0.318026,-0.0693741],[0.283288,0.69903,0.656586],[-0.160317,-0.640481,0.751054]],[[0.94554,-0.318026,-0.0693741],[0.317323,0.94808,-0.0212272],[0.0725229,-0.00194283,0.997365]],[[0.94554,-0.318026,-0.0693741],[0.281979,0.906755,-0.313503],[0.162607,0.276867,0.94705]]],0],[1091,[-0.983767,-0.122588,-0.131051],109,57.5697,[30.9846,138.938,52.1906],[28.6429,139.872,44.4952],[49.4561,35.6359,-42.4447],false,[127.719,133.882,129.239],[103.711,146.508,62.5212],[64.7962,145.324,46.611],[41.5187,142.423,43.5102],[25.0491,139.521,43.8041],[[[0.18584,-0.951065,-0.246859],[0.924307,0.254445,-0.284454],[0.333346,-0.175311,0.926362]],[[0.158943,-0.934256,-0.319223],[0.344431,0.35549,-0.868904],[0.925259,0.028156,0.378289]],[[0.158943,-0.934256,-0.319223],[0.0833026,0.334871,-0.938575],[0.983767,0.122588,0.131051]],[[0.158943,-0.934256,-0.319223],[-0.0718154,0.311536,-0.947517],[0.984672,0.173526,-0.0175774]]],1],[1092,[-0.457857,0.0763615,-0.88574],109,65.596,[74.9048,132.965,-15.7867],[80.9435,133.322,-20.8064],[56.5717,18.6565,-31.9289],false,[131.283,123.066,125.287],[110.378,126.012,60.3321],[104.336,131.002,13.8015],[91.5902,133.128,-10.8556],[78.7825,133.939,-24.0365],[[[0.0688546,-0.995354,-0.0673012],[0.949513,0.0860821,-0.301686],[0.306078,-0.043131,0.951029]],[[0.0539121,-0.992086,-0.113398],[0.990302,0.0676836,-0.121331],[0.128046,-0.105757,0.986113]],[[0.0539121,-0.992086,-0.113398],[0.88739,0.0996722,-0.450117],[0.457857,-0.0763615,0.88574]],[[0.0539121,-0.992086,-0.113398],[0.715816,0.117576,-0.688319],[0.696204,-0.0440634,0.71649]]],2],[1093,[-0.266036,-0.0717252,-0.961291],109,63.0723,[98.1757,100.553,-15.0603],[101.987,98.647,-16.9074],[39.6761,10.4337,-30.3275],false,[132.698,111.265,123.452],[115.991,104.889,64.7956],[116.911,102.057,21.1579],[109.696,100.112,-4.91126],[100.542,98.7785,-20.6903],[[[0.0413704,-0.99449,0.0963192],[0.961279,0.0133298,-0.275253],[0.272452,0.103977,0.956535]],[[0.0325574,-0.997328,0.0654038],[0.999249,0.0338573,0.018866],[-0.02103,0.0647405,0.997681]],[[0.0325574,-0.997328,0.0654038],[0.963413,0.0138974,-0.26766],[0.266036,0.0717252,0.961291]],[[0.0325574,-0.997328,0.0654038],[0.865145,-0.00464562,-0.501501],[0.500465,0.0729114,0.862681]]],3],[1094,[-0.172671,-0.17,-0.970198],109,49.4475,[109.217,73.8468,6.64165],[111.958,72.737,8.01482],[35.0468,12.2123,-31.4804],false,[128.519,98.1836,125.804],[117.259,85.1438,71.7168],[121.465,78.2107,38.0652],[118.159,74.9557,19.4887],[111.061,72.7489,4.34019],[[[-0.086778,-0.964212,0.250527],[0.976281,-0.132379,-0.171325],[0.198358,0.229718,0.952829]],[[-0.0993284,-0.976967,0.188864],[0.987606,-0.0736125,0.13862],[-0.121524,0.200293,0.97217]],[[-0.0993284,-0.976967,0.188864],[0.979958,-0.12898,-0.151808],[0.172671,0.17,0.970198]],[[-0.0993284,-0.976967,0.188864],[0.901767,-0.168618,-0.397976],[0.420655,0.130781,0.897745]]],4]],[[0,200,0],[235.247,235.247,147.751]]],[41081,99550082285,[[108,"left",[-0.111928,0.424953,-0.898269],[0.65338,-0.649603,-0.388729],[-108.51,115.689,119.565],[-75.5971,27.6718,-50.3446],[-92.6877,107.399,127.058],0,0.130547,0.360494,[[-0.566217,-0.638281,-0.521532],[-0.550919,0.763697,-0.336534],[-0.613095,-0.0967704,0.78406]],58.9095,[-263.847,68.4705,360.232],[-110.808,92.626,164.518]],[109,"right",[-0.157699,0.0511019,-0.986164],[-0.964675,-0.221388,0.14279],[111.396,120.936,84.6315],[43.2433,-0.777474,-30.2845],[110.177,121.966,87.0158],0,0,0.917372,[[0.439182,-0.893343,0.0951751],[0.563937,0.191662,-0.803269],[0.699353,0.406454,0.587963]],62.3787,[310.237,219.336,290.94],[125.387,111.903,135.531]]],[[1080,[-0.227646,0.462587,-0.856849],108,48.1819,[-92.9983,157.843,102.886],[-95.2054,158.592,108.825],[-52.8268,-4.20607,5.1048],false,[-84.1974,101.411,168.88],[-84.1974,101.411,168.88],[-83.0666,144.216,151.669],[-90.2424,158.797,124.659],[-97.6102,158.229,104.324],[[[-0.90752,0.410266,0.0899378],[0.354038,0.632026,0.689347],[-0.225972,-0.657438,0.718826]],[[-0.929757,0.158228,0.332439],[0.367357,0.338598,0.866256],[-0.0245025,-0.927532,0.37294]],[[-0.929757,0.158228,0.332439],[0.289359,0.87234,0.394074],[0.227646,-0.462587,0.856849]],[[-0.929757,0.158228,0.332439],[0.139981,0.987053,-0.0783029],[0.340524,0.0262677,0.939869]]],0],[1081,[0.629356,-0.0827303,-0.772701],108,54.3679,[-45.0454,139.777,47.3732],[-50.6462,139.896,45.9767],[-22.179,-27.5642,-53.0609],false,[-102.699,112.657,165.492],[-95.0725,141.4,104.322],[-73.0723,145.445,71.5011],[-59.0089,143.597,54.2346],[-48.5078,140.376,42.8828],[[[-0.756874,-0.55012,-0.352859],[-0.643871,0.720261,0.258174],[-0.112123,-0.422601,0.899354]],[[-0.716005,-0.448231,-0.535187],[-0.424892,0.888097,-0.175356],[-0.553898,-0.101841,0.826332]],[[-0.716005,-0.448231,-0.535187],[-0.302073,0.890081,-0.341332],[-0.629356,0.0827303,0.772701]],[[-0.716005,-0.448231,-0.535187],[-0.213014,0.870358,-0.443962],[-0.664802,0.203877,0.71866]]],1],[1082,[0.412708,-0.204163,-0.887688],108,61.9479,[-72.4217,113.562,25.9491],[-81.5438,116.668,24.2464],[-60.3125,-5.14298,-51.082],false,[-112.174,107.826,161.435],[-111.633,129.905,100.833],[-99.4711,126.543,58.0957],[-88.6212,121.175,34.7588],[-79.9714,116.194,20.539],[[[-0.644135,-0.71683,-0.266916],[-0.764866,0.607435,0.214485],[-0.00838469,-0.342312,0.939549]],[[-0.637993,-0.760358,-0.121741],[-0.72005,0.645107,-0.255665],[-0.272933,0.0754528,0.95907]],[[-0.637993,-0.760358,-0.121741],[-0.650105,0.616582,-0.44406],[-0.412708,0.204163,0.887688]],[[-0.637993,-0.760358,-0.121741],[-0.587435,0.582799,-0.561485],[-0.49788,0.286708,0.818483]]],2],[1083,[0.538954,-0.340054,-0.770644],108,59.5645,[-80.8827,89.8691,37.5435],[-90.2564,92.1406,35.7798],[-68.0792,4.2412,-32.0098],false,[-120.085,100.489,157.884],[-126.094,114.633,102.05],[-112.442,106.683,63.8832],[-98.6394,97.9738,44.1465],[-87.4424,90.7302,33.1678],[[[-0.578845,-0.803129,-0.141149],[-0.808809,0.543446,0.224709],[0.103763,-0.244234,0.964149]],[[-0.563076,-0.825883,-0.0293614],[-0.757446,0.529973,-0.381318],[-0.330485,0.192472,0.923977]],[[-0.563076,-0.825883,-0.0293614],[-0.626478,0.449756,-0.636589],[-0.538954,0.340054,0.770644]],[[-0.563076,-0.825883,-0.0293614],[-0.512603,0.376913,-0.771476],[-0.648215,0.419349,0.635581]]],3],[1084,[0.609218,-0.230539,-0.758753],108,46.6975,[-94.5641,84.7725,53.3205],[-104.299,86.4186,52.1229],[-83.1808,30.0284,-30.9916