{"metadata":{"formatVersion":2,"generatedBy":"LeapJS Playback 0.2.1","frames":54,"frameRate":"96","modified":"Fri Mar 20 2015 19:20:38 GMT-0300 (E. South America Standard Time)","title":"familia"},"frames":[["id","timestamp",{"hands":[["id","type","direction","palmNormal","palmPosition","palmVelocity","stabilizedPalmPosition","pinchStrength","grabStrength","confidence","armBasis","armWidth","elbow","wrist"]]},{"pointables":[["id","direction","handId","length","stabilizedTipPosition","tipPosition","tipVelocity","tool","carpPosition","mcpPosition","pipPosition","dipPosition","btipPosition","bases","type"]]},{"interactionBox":["center","size"]}],[40617,99545303055,[[108,"left",[-0.0639132,-0.00991472,-0.997906],[0.987724,-0.143446,-0.0618359],[-140.745,145.389,96.3248],[-92.054,28.4287,-14.2919],[-134.897,141.656,92.0975],0,0,0.679664,[[-0.121198,-0.829331,-0.545455],[-0.989773,0.142615,0.00308519],[-0.0752315,-0.54025,0.838135]],58.9095,[-161.283,4.62759,355.737],[-142.504,139.483,146.524]],[109,"right",[-0.177484,-0.137557,-0.974463],[-0.978526,-0.0807967,0.18963],[128.749,131.217,73.7136],[86.0408,4.78477,-13.4372],[121.7,130.974,71.8417],0,0,0.689409,[[0.0369694,-0.983509,-0.17704],[0.972295,0.07632,-0.220947],[0.230815,-0.163966,0.959083]],62.3787,[204.06,88.1247,378.824],[143.052,131.464,125.322]]],[[1080,[0.108104,-0.0782247,-0.991057],108,48.1819,[-118.049,180.041,58.8578],[-127.328,185.332,61.7487],[-107.47,40.787,-8.35716],false,[-128.683,164.164,148.564],[-128.683,164.164,148.564],[-132.882,188.362,109.493],[-129.474,185.897,78.2532],[-127.395,185.064,56.7326],[[[-0.953274,-0.271849,-0.131786],[-0.302072,0.864451,0.401842],[-0.00468274,-0.422874,0.906176]],[[-0.952024,-0.295232,-0.0805438],[-0.292185,0.798684,0.526053],[0.0909788,-0.524349,0.846629]],[[-0.952024,-0.295232,-0.0805438],[-0.286292,0.952218,-0.106388],[-0.108104,0.0782247,0.991057]],[[-0.952024,-0.295232,-0.0805438],[-0.290547,0.95465,-0.0650082],[-0.0960837,0.0384876,0.994629]]],0],[1081,[0.987983,-0.116158,-0.101969],108,54.3679,[-63.322,151.928,55.9801],[-68.5875,161.142,60.4228],[-90.8785,92.4781,11.1878],false,[-148.234,159.28,139.951],[-140.896,168.352,72.944],[-102.694,165.605,62.4262],[-80.6165,163.009,60.1477],[-64.9753,160.831,59.8136],[[[-0.15124,-0.977224,-0.148858],[-0.982593,0.165057,-0.0852489],[-0.107877,-0.133374,0.985177]],[[-0.138754,-0.957199,-0.254003],[-0.235904,0.281048,-0.930248],[-0.961819,0.0691551,0.264804]],[[-0.138754,-0.957199,-0.254003],[-0.0681002,0.265099,-0.961813],[-0.987983,0.116158,0.101969]],[[-0.138754,-0.957199,-0.254003],[0.0147885,0.254453,-0.966972],[-0.990216,0.137928,0.0211508]]],1],[1082,[0.729975,-0.0527684,-0.681434],108,61.9479,[-82.1267,137.85,7.1624],[-87.2982,144.19,13.2267],[-59.5309,77.1451,4.91799],false,[-151.424,148.608,137.604],[-145.777,148.488,73.3511],[-117.014,145.869,39.4169],[-97.8229,144.481,21.5023],[-84.2888,143.638,10.6419],[[[0.00531476,-0.999983,0.00233971],[-0.996146,-0.00549918,-0.0875378],[-0.0875492,0.00186545,0.996158]],[[-0.00117056,-0.99711,0.0759596],[-0.763776,-0.048139,-0.643683],[-0.64548,0.0587696,0.761513]],[[-0.00117056,-0.99711,0.0759596],[-0.683473,-0.054651,-0.727927],[-0.729975,0.0527684,0.681434]],[[-0.00117056,-0.99711,0.0759596],[-0.627,-0.0584422,-0.776824],[-0.779019,0.048536,0.62512]]],2],[1083,[0.604364,-0.189316,-0.773889],108,59.5645,[-98.3083,107.591,10.0646],[-102.508,112.942,16.0242],[-38.8047,62.7153,-5.54739],false,[-152.127,137.3,136.802],[-148.276,128.552,79.6855],[-127.395,119.733,45.1539],[-111.916,114.885,25.3341],[-100.394,111.927,12.8095],[[[0.0674517,-0.98553,0.155499],[-0.995504,-0.0768671,-0.055347],[-0.066499,0.151067,0.986284]],[[0.058419,-0.958212,0.280029],[-0.860833,-0.190398,-0.471927],[-0.505523,0.213488,0.835984]],[[0.058419,-0.958212,0.280029],[-0.794563,-0.214449,-0.56805],[-0.604364,0.189316,0.773889]],[[0.058419,-0.958212,0.280029],[-0.742729,-0.229148,-0.629162],[-0.667039,0.17123,0.725079]]],3],[1084,[0.425202,-0.519618,-0.74108],108,46.6975,[-117.536,72.906,35.5917],[-120.346,77.4545,40.4232],[-42.8722,31.6018,-15.6178],false,[-146.73,125.458,138.742],[-146.395,110.376,87.3004],[-134.406,92.5302,62.6754],[-126.717,83.1343,49.275],[-119.282,75.1809,37.6386],[[[0.222855,-0.935083,0.275599],[-0.974832,-0.215567,0.0568674],[-0.00623426,0.281336,0.959589]],[[0.201656,-0.743816,0.637238],[-0.908196,-0.385622,-0.162716],[-0.366764,0.545924,0.753293]],[[0.201656,-0.743816,0.637238],[-0.882348,-0.420398,-0.211488],[-0.425202,0.519618,0.74108]],[[0.201656,-0.743816,0.637238],[-0.861193,-0.444565,-0.246392],[-0.466564,0.499099,0.730218]]],4],[1090,[-0.0807823,-0.207026,-0.974995],109,51.0194,[124.686,166.466,35.3416],[135.453,166.092,36.9657],[98.3934,-0.389091,-10.5913],false,[130.376,158.621,127.235],[130.376,158.621,127.235],[141.768,180.538,85.071],[139.071,173.628,52.5278],[134.537,163.415,32.5264],[[[0.882765,-0.351819,-0.311366],[0.422519,0.884304,0.198706],[0.205434,-0.306969,0.929283]],[[0.900614,-0.434264,0.0175903],[0.366812,0.781188,0.505167],[-0.233117,-0.448508,0.862842]],[[0.900614,-0.434264,0.0175903],[0.427047,0.876672,-0.221531],[0.0807823,0.207026,0.974995]],[[0.900614,-0.434264,0.0175903],[0.386956,0.782759,-0.487395],[0.197889,0.445761,0.873004]]],0],[1091,[-0.991261,-0.0645859,0.115024],109,57.5697,[39.4361,142.775,49.0236],[46.1986,147.968,47.5119],[89.0207,40.488,6.95891],false,[148.075,150.932,114.347],[123.906,152.216,46.5151],[82.1347,150.471,41.9287],[58.6799,148.943,44.6504],[42.4416,147.686,48.4577],[[[0.0735302,-0.996275,-0.0450588],[0.939135,0.0843749,-0.333027],[0.335589,-0.0178287,0.94184]],[[0.0527914,-0.993301,-0.102789],[0.104053,0.107844,-0.988708],[0.99317,0.0414998,0.109049]],[[0.0527914,-0.993301,-0.102789],[-0.120892,0.0958182,-0.98803],[0.991261,0.0645859,-0.115024]],[[0.0527914,-0.993301,-0.102789],[-0.233828,0.087775,-0.968308],[0.970844,0.0751533,-0.227628]]],1],[1092,[-0.34334,-0.0416017,-0.938289],109,65.596,[100.221,125.375,-37.1018],[108.955,126.379,-35.9731],[66.3533,20.9397,-8.28065],false,[150.323,139.203,112.712],[128.215,131.088,48.6012],[127.277,127.9,1.53256],[117.72,126.742,-24.5874],[106.714,126.468,-39.3265],[[[-0.0429907,-0.989212,0.140039],[0.945185,-0.0856837,-0.315092],[0.323692,0.118817,0.938673]],[[-0.0673093,-0.99536,0.068762],[0.997534,-0.0685089,-0.0152353],[0.0198754,0.067567,0.997517]],[[-0.0673093,-0.99536,0.068762],[0.936796,-0.0867644,-0.338946],[0.34334,0.0416017,0.938289]],[[-0.0673093,-0.99536,0.068762],[0.798499,-0.0950626,-0.594443],[0.598222,0.0148948,0.801192]]],2],[1093,[-0.156083,-0.213252,-0.964449],109,63.0723,[118.449,91.7585,-25.5007],[126.487,91.9365,-23.6198],[59.3444,13.8404,-14.4858],false,[150.382,127.194,113.356],[131.579,110.836,57.3279],[136.915,100.397,15.1892],[132.682,94.6139,-10.9655],[125.371,91.4041,-27.4213],[[[-0.0660172,-0.951653,0.299998],[0.949535,-0.152308,-0.274198],[0.306634,0.266757,0.913683]],[[-0.0894146,-0.969357,0.228808],[0.988494,-0.0582279,0.139603],[-0.122002,0.238658,0.96341]],[[-0.0894146,-0.969357,0.228808],[0.983689,-0.121949,-0.132232],[0.156083,0.213252,0.964449]],[[-0.0894146,-0.969357,0.228808],[0.912264,-0.171905,-0.371785],[0.399725,0.17549,0.899679]]],3],[1094,[-0.059228,-0.321138,-0.945179],109,49.4475,[123.673,71.111,4.74277],[132.459,70.6123,6.8425],[48.1349,4.34934,-14.6258],false,[144.848,115.433,118.375],[130.84,92.9196,68.1836],[138.177,80.0955,36.8802],[137.043,73.9466,18.7828],[131.909,69.6626,3.29024],[[[-0.186061,-0.876047,0.444885],[0.951043,-0.274301,-0.142393],[0.246776,0.396611,0.884196]],[[-0.216553,-0.92016,0.326207],[0.952984,-0.126693,0.275265],[-0.21196,0.370479,0.904333]],[[-0.216553,-0.92016,0.326207],[0.974473,-0.224002,0.0150441],[0.059228,0.321138,0.945179]],[[-0.216553,-0.92016,0.326207],[0.927645,-0.298079,-0.224997],[0.304269,0.25388,0.918131]]],4]],[[0,200,0],[235.247,235.247,147.751]]],[40618,99545315133,[[108,"left",[-0.0594695,-0.0120635,-0.998157],[0.990083,-0.128206,-0.0574389],[-142.587,145.986,95.7697],[-113.184,35.7642,-25.3744],[-135.253,141.856,92.2673],0,0,0.681025,[[-0.108461,-0.831021,-0.545564],[-0.991851,0.127362,0.00318326],[-0.066839,-0.541463,0.838063]],58.9095,[-161.153,4.9532,355.163],[-144.469,140.111,145.968]],[109,"right",[-0.184173,-0.139434,-0.972953],[-0.976498,-0.0867836,0.197281],[130.333,131.499,73.1881],[101.81,11.2749,-23.9632],[122.242,131.007,71.9261],0,0,0.71481,[[0.0465602,-0.982625,-0.179667],[0.973746,0.0847678,-0.211263],[0.222823,-0.165114,0.960774]],62.3787,[203.929,88.2335,378.633],[145.034,131.876,124.684]]],[[1080,[0.115403,-0.0766232,-0.990359],108,48.1819,[-119.175,180.614,59.0691],[-129.559,186.151,61.1791],[-131.259,51.3581,-22.3213],false,[-131.041,165.006,148.037],[-131.041,165.006,148.037],[-135.315,189.058,108.884],[-131.677,186.642,77.6659],[-129.489,185.955,56.1511],[[[-0.948377,-0.28673,-0.135524],[-0.317138,0.860137,0.399484],[-0.00202476,-0.421842,0.906667]],[[-0.947107,-0.309053,-0.0864523],[-0.30726,0.795527,0.522235],[0.0926229,-0.521175,0.848409]],[[-0.947107,-0.309053,-0.0864523],[-0.299449,0.947953,-0.108236],[-0.115403,0.0766232,0.990359]],[[-0.947107,-0.309053,-0.0864523],[-0.304563,0.950514,-0.0613628],[-0.101138,0.0317869,0.994364]]],0],[1081,[0.990092,-0.100964,-0.0975946],108,54.3679,[-63.67,152.464,56.1565],[-70.5276,162.813,60.1554],[-115.314,108.508,-0.43526],false,[-150.476,159.81,139.347],[-142.992,168.916,72.3603],[-104.707,166.749,62.0087],[-82.5829,164.493,59.8279],[-66.9086,162.556,59.5637],[[[-0.135455,-0.979622,-0.148302],[-0.984655,0.149723,-0.089649],[-0.110026,-0.133883,0.98487]],[[-0.122827,-0.959524,-0.253432],[-0.236246,0.276294,-0.931585],[-0.963899,0.0545521,0.26062]],[[-0.122827,-0.959524,-0.253432],[-0.068057,0.262908,-0.962418],[-0.990092,0.100964,0.0975946]],[[-0.122827,-0.959524,-0.253432],[0.0150208,0.253539,-0.967209],[-0.992314,0.122607,0.0167287]]],1],[1082,[0.733986,-0.0422818,-0.677847],108,61.9479,[-82.2965,138.034,7.30524],[-88.7689,145.508,12.9082],[-81.0079,88.4295,-5.85654],false,[-153.491,149.087,136.999],[-147.567,148.979,72.771],[-118.633,146.762,38.953],[-99.3371,145.651,21.1327],[-85.7328,145.005,10.3466],[[[0.020783,-0.999778,0.00359145],[-0.995557,-0.021025,-0.0917862],[-0.0918413,0.00166789,0.995772]],[[0.0139299,-0.996913,0.0772676],[-0.760406,-0.0607412,-0.646601],[-0.649298,0.0497477,0.758905]],[[0.0139299,-0.996913,0.0772676],[-0.679021,-0.0661557,-0.731132],[-0.733986,0.0422818,0.677847]],[[0.0139299,-0.996913,0.0772676],[-0.621799,-0.0691529,-0.780118],[-0.783053,0.037178,0.620843]]],2],[1083,[0.612131,-0.180525,-0.769875],108,59.5645,[-98.4144,107.706,10.1652],[-103.476,114.033,15.7006],[-51.2823,72.784,-11.7928],false,[-154.015,137.768,136.208],[-149.784,129.014,79.1192],[-128.597,120.479,44.7029],[-112.92,115.856,24.9859],[-101.263,113.072,12.5466],[[[0.0820311,-0.984186,0.156997],[-0.993948,-0.092337,-0.0595053],[-0.0730609,0.151166,0.985805]],[[0.072027,-0.956816,0.281629],[-0.855404,-0.204468,-0.475896],[-0.512929,0.206629,0.833192]],[[0.072027,-0.956816,0.281629],[-0.78747,-0.227846,-0.572694],[-0.612131,0.180525,0.769875]],[[0.072027,-0.956816,0.281629],[-0.734428,-0.241928,-0.634103],[-0.674854,0.161164,0.720138]]],3],[1084,[0.430723,-0.517416,-0.739431],108,46.6975,[-117.571,72.9442,35.6264],[-121.204,78.1215,40.0032],[-54.5154,38.4784,-22.6466],false,[-148.443,126.014,138.185],[-147.655,110.879,86.7643],[-135.497,93.0724,62.1932],[-127.709,83.7163,48.8227],[-120.18,75.8109,37.2137],[[[0.236118,-0.931199,0.277698],[-0.971613,-0.230569,0.0529668],[-0.0147059,0.282321,0.959207]],[[0.2103,-0.73923,0.639776],[-0.904134,-0.396009,-0.160371],[-0.371908,0.544717,0.751643]],[[0.2103,-0.73923,0.639776],[-0.87764,-0.431069,-0.20959],[-0.430723,0.517416,0.739431]],[[0.2103,-0.73923,0.639776],[-0.85591,-0.455453,-0.244908],[-0.472432,0.496087,0.728496]]],4],[1090,[-0.0864207,-0.207945,-0.974315],109,51.0194,[125.626,166.435,35.4351],[136.564,166.377,36.3772],[96.648,8.37248,-23.9714],false,[132.202,158.954,126.675],[132.202,158.954,126.675],[143.154,180.915,84.4174],[140.27,173.975,51.8968],[135.644,163.698,31.9491],[[[0.882514,-0.34652,-0.31795],[0.418488,0.887093,0.194767],[0.214561,-0.304943,0.927887]],[[0.90339,-0.42867,0.01136],[0.36559,0.783759,0.502061],[-0.224122,-0.449404,0.864758]],[[0.90339,-0.42867,0.01136],[0.420022,0.879205,-0.224901],[0.0864207,0.207945,0.974315]],[[0.90339,-0.42867,0.01136],[0.378323,0.784255,-0.491748],[0.201889,0.448538,0.870663]]],0],[1091,[-0.98983,-0.0708041,0.123382],109,57.5697,[40.1157,143.193,48.9133],[47.4792,147.707,47.6396],[95.0432,18.657,8.5717],false,[149.849,151.367,113.656],[125.146,152.446,46.0126],[83.3519,150.431,41.7631],[59.9309,148.755,44.6825],[43.7341,147.398,48.6295],[[[0.0794319,-0.995829,-0.0448925],[0.935974,0.0900017,-0.340371],[0.342991,-0.0149819,0.939219]],[[0.0582794,-0.993043,-0.102322],[0.0954325,0.107569,-0.989607],[0.993728,0.0479088,0.101038]],[[0.0582794,-0.993043,-0.102322],[-0.129769,0.0940912,-0.98707],[0.98983,0.0708041,-0.123382]],[[0.0582794,-0.993043,-0.102322],[-0.242642,0.0853325,-0.966356],[0.968364,0.0811463,-0.235981]]],1],[1092,[-0.35091,-0.0436807,-0.93539],109,65.596,[100.65,125.431,-37.0659],[109.752,126.497,-36.3202],[66.2396,17.635,-15.3129],false,[152.158,139.651,112.012],[129.605,131.346,48.0807],[128.404,128.145,1.01895],[118.635,126.929,-25.0203],[107.477,126.592,-39.6422],[[[-0.0356914,-0.989352,0.141099],[0.943231,-0.0800015,-0.322357],[0.330213,0.121584,0.936043]],[[-0.0607723,-0.995743,0.0692977],[0.997827,-0.0623759,-0.0212154],[0.0254476,0.0678578,0.99737]],[[-0.0607723,-0.995743,0.0692977],[0.934435,-0.081163,-0.346762],[0.35091,0.0436807,0.93539]],[[-0.0607723,-0.995743,0.0692977],[0.792708,-0.0903368,-0.602871],[0.606565,0.018295,0.794824]]],2],[1093,[-0.162694,-0.214328,-0.963117],109,63.0723,[118.776,91.7798,-25.4537],[127.584,92.1677,-24.0926],[69.7629,16.1806,-23.1855],false,[152.297,127.642,112.665],[133.163,111.123,56.796],[138.276,100.707,14.6241],[133.864,94.8943,-11.4945],[126.416,91.6423,-27.8804],[[[-0.0577114,-0.951812,0.301204],[0.948317,-0.146565,-0.281449],[0.312033,0.269394,0.911077]],[[-0.0817394,-0.969839,0.229632],[0.989773,-0.0519651,0.132846],[-0.116906,0.238142,0.964169]],[[-0.0817394,-0.969839,0.229632],[0.983285,-0.116084,-0.140268],[0.162694,0.214328,0.963117]],[[-0.0817394,-0.969839,0.229632],[0.909664,-0.166738,-0.380408],[0.407223,0.177793,0.895856]]],3],[1094,[-0.0651596,-0.322574,-0.944299],109,49.4475,[124.037,71.1033,4.79728],[133.915,70.8535,6.34976],[72.8278,9.63721,-23.6853],false,[146.876,115.851,117.734],[132.621,93.2109,67.6703],[139.819,80.391,36.333],[138.571,74.2146,18.2524],[133.314,69.8878,2.81324],[[[-0.1771,-0.876847,0.446963],[0.951613,-0.268442,-0.14957],[0.251134,0.398847,0.88196]],[[-0.208124,-0.921106,0.329012],[0.955741,-0.119998,0.268626],[-0.207952,0.370358,0.905313]],[[-0.208124,-0.921106,0.329012],[0.97593,-0.217969,0.00711643],[0.0651596,0.322574,0.944299]],[[-0.208124,-0.921106,0.329012],[0.927147,-0.292941,-0.233632],[0.311581,0.256418,0.914968]]],4]],[[0,200,0],[235.247,235.247,147.751]]],[40619,99545325283,[[108,"left",[-0.060263,-0.0161755,-0.998051],[0.991611,-0.115513,-0.058002],[-144.431,146.664,94.896],[-134.002,45.1996,-43.8134],[-135.739,142.111,92.4066],0,0,0.689076,[[-0.0978462,-0.832186,-0.545795],[-0.993421,0.114461,0.00357168],[-0.0595001,-0.542554,0.837911]],58.9095,[-161.041,5.50331,354.272],[-146.189,140.934,145.116]],[109,"right",[-0.192923,-0.137114,-0.971587],[-0.97413,-0.0920028,0.206412],[132.152,131.552,72.5982],[125.325,9.42719,-34.3386],[122.88,131.042,71.9694],0,0,0.733815,[[0.0563726,-0.981971,-0.180431],[0.975282,0.0928324,-0.200518],[0.213652,-0.164667,0.962932]],62.3787,[203.82,88.3048,378.47],[147.348,131.829,123.951]]],[[1080,[0.115832,-0.0769392,-0.990285],108,48.1819,[-120.529,181.267,59.1709],[-131.955,186.962,60.1443],[-161.863,61.46,-46.6724],false,[-133.083,166.008,147.088],[-133.083,166.008,147.088],[-137.656,189.859,107.846],[-134.004,187.434,76.6305],[-131.852,186.834,55.1093],[[[-0.944697,-0.299489,-0.133618],[-0.327915,0.857273,0.396932],[0.00432955,-0.418796,0.90807]],[[-0.943143,-0.321239,-0.0853594],[-0.317277,0.793529,0.519275],[0.0990763,-0.516834,0.850333]],[[-0.943143,-0.321239,-0.0853594],[-0.31155,0.943868,-0.109774],[-0.115832,0.0769392,0.990284]],[[-0.943143,-0.321239,-0.0853594],[-0.317155,0.946592,-0.0581064],[-0.0994666,0.0277305,0.994654]]],0],[1081,[0.99125,-0.0884699,-0.0979656],108,54.3679,[-64.2257,153.211,56.3103],[-72.6305,164.309,59.1533],[-143.299,120.166,-29.917],false,[-152.458,160.53,138.435],[-145.157,169.509,71.4107],[-106.857,167.806,61.0296],[-84.7066,165.829,58.8405],[-69.0088,164.094,58.5734],[[[-0.122845,-0.981791,-0.1449],[-0.986605,0.136607,-0.0891623],[-0.107333,-0.132006,0.985421]],[[-0.110572,-0.961866,-0.250175],[-0.240669,0.27014,-0.932257],[-0.964288,0.0428722,0.261362]],[[-0.110572,-0.961866,-0.250175],[-0.0720968,0.258818,-0.963232],[-0.99125,0.0884699,0.0979656]],[[-0.110572,-0.961866,-0.250175],[0.0112124,0.250495,-0.968053],[-0.993805,0.109845,0.016913]]],1],[1082,[0.734578,-0.0350504,-0.677618],108,61.9479,[-82.5776,138.307,7.4592],[-90.6776,146.594,12.002],[-112.984,94.2226,-30.6946],false,[-155.335,149.761,136.126],[-149.472,149.515,71.8924],[-120.554,147.554,38.0452],[-101.242,146.633,20.2309],[-87.6193,146.128,9.46079],[[[0.0337873,-0.999405,0.00690314],[-0.995287,-0.0342747,-0.0907194],[-0.090902,0.00380544,0.995853]],[[0.0269513,-0.99637,0.0807549],[-0.760357,-0.0728767,-0.645403],[-0.648945,0.0440082,0.759561]],[[0.0269513,-0.99637,0.0807549],[-0.677988,-0.0775835,-0.730967],[-0.734578,0.0350504,0.677618]],[[0.0269513,-0.99637,0.0807549],[-0.620015,-0.0800298,-0.780498],[-0.784127,0.0290339,0.619921]]],2],[1083,[0.616462,-0.174207,-0.767871],108,59.5645,[-98.5738,107.869,10.2714],[-104.901,114.971,14.9568],[-75.2262,79.8583,-28.4691],false,[-155.713,138.434,135.373],[-151.423,129.545,78.3093],[-130.09,121.191,43.9384],[-114.302,116.73,24.2727],[-102.565,114.077,11.8805],[[[0.0949742,-0.982506,0.160195],[-0.99272,-0.105451,-0.0582025],[-0.0740771,0.153501,0.985368]],[[0.0847415,-0.954874,0.284664],[-0.852112,-0.217529,-0.476011],[-0.516454,0.202228,0.832093]],[[0.0847415,-0.954874,0.284664],[-0.782811,-0.240555,-0.573881],[-0.616462,0.174207,0.767871]],[[0.0847415,-0.954874,0.284664],[-0.728757,-0.254227,-0.635832],[-0.679509,0.15357,0.717415]]],3],[1084,[0.429706,-0.518174,-0.739492],108,46.6975,[-117.632,72.9981,35.6628],[-122.586,78.6948,39.2787],[-81.7434,42.4375,-37.9959],false,[-149.987,126.76,137.384],[-149.051,111.465,86.0127],[-136.933,93.6111,61.456],[-129.163,84.2414,48.0844],[-121.646,76.3331,36.4695],[[[0.248474,-0.927116,0.280564],[-0.968481,-0.243005,0.0547073],[-0.0174582,0.285314,0.958275]],[[0.220451,-0.733972,0.642406],[-0.90221,-0.403743,-0.151684],[-0.370699,0.546146,0.751203]],[[0.220451,-0.733972,0.642406],[-0.875645,-0.439068,-0.20116],[-0.429706,0.518174,0.739492]],[[0.220451,-0.733972,0.642406],[-0.853768,-0.463689,-0.236798],[-0.47168,0.496263,0.728863]]],4],[1090,[-0.0947752,-0.204955,-0.974172],109,51.0194,[126.526,166.423,35.4763],[137.868,166.579,35.847],[106.399,12.0873,-32.6824],false,[134.411,158.841,126.156],[134.411,158.841,126.156],[144.852,180.993,83.8682],[141.689,174.152,51.3524],[136.918,163.917,31.4177],[[[0.881001,-0.341339,-0.327604],[0.416219,0.888402,0.193657],[0.224942,-0.306967,0.924755]],[[0.905443,-0.424467,0.0012143],[0.366766,0.783793,0.501149],[-0.213673,-0.453317,0.86536]],[[0.905443,-0.424467,0.0012143],[0.413753,0.881942,-0.225804],[0.0947752,0.204955,0.974172]],[[0.905443,-0.424467,0.0012143],[0.369869,0.787569,-0.492882],[0.208256,0.446725,0.870095]]],0],[1091,[-0.988204,-0.0758901,0.133018],109,57.5697,[40.8326,143.538,48.8396],[48.9818,147.453,47.9157],[111.201,5.33611,14.3796],false,[151.966,151.378,112.941],[126.605,152.563,45.5435],[84.7816,150.364,41.6937],[61.3991,148.569,44.8411],[45.2497,147.122,48.9472],[[[0.0836276,-0.995294,-0.0489584],[0.932209,0.0954989,-0.349093],[0.352125,-0.0164457,0.935808]],[[0.061931,-0.992424,-0.106111],[0.085296,0.111189,-0.990132],[0.994429,0.052269,0.0915359]],[[0.061931,-0.992424,-0.106111],[-0.140063,0.0966218,-0.985417],[0.988204,0.0758901,-0.133018]],[[0.061931,-0.992424,-0.106111],[-0.25281,0.0872505,-0.963574],[0.965532,0.0865011,-0.245491]]],1],[1092,[-0.360276,-0.0414216,-0.931926],109,65.596,[101.058,125.496,-37.0497],[110.569,126.86,-36.7051],[70.5862,23.786,-22.0611],false,[154.313,139.678,111.236],[131.182,131.478,47.4986],[129.62,128.456,0.435562],[119.59,127.303,-25.5072],[108.253,126.98,-39.9915],[[[-0.0297204,-0.989964,0.138157],[0.940432,-0.0745264,-0.331714],[0.338681,0.120068,0.933209]],[[-0.0557327,-0.996273,0.0658275],[0.997897,-0.0577668,-0.0294118],[0.0331048,0.0640498,0.997397]],[[-0.0557327,-0.996273,0.0658275],[0.93118,-0.0756548,-0.356625],[0.360276,0.0414216,0.931926]],[[-0.0557327,-0.996273,0.0658275],[0.78556,-0.0844481,-0.612996],[0.616271,0.0175475,0.787339]]],2],[1093,[-0.171776,-0.211277,-0.962214],109,63.0723,[119.108,91.8125,-25.4328],[128.649,92.566,-24.7775],[79.5944,23.6451,-36.6887],false,[154.515,127.669,111.848],[134.918,111.243,56.112],[139.695,101.01,13.8558],[135.037,95.2808,-12.2384],[127.412,92.0641,-28.5499],[[[-0.0503653,-0.953051,0.298591],[0.946222,-0.141199,-0.291078],[0.319573,0.267873,0.90891]],[[-0.0751866,-0.971071,0.226644],[0.991171,-0.047885,0.123643],[-0.109214,0.233939,0.966098]],[[-0.0751866,-0.971071,0.226644],[0.982263,-0.111278,-0.150921],[0.171776,0.211277,0.962214]],[[-0.0751866,-0.971071,0.226644],[0.905849,-0.161533,-0.391592],[0.416874,0.175863,0.891789]]],3],[1094,[-0.0734676,-0.320055,-0.944546],109,49.4475,[124.438,71.1051,4.82282],[135.375,71.132,5.54118],[93.7467,14.8785,-40.6362],false,[149.198,115.836,116.931],[134.564,93.2929,66.9316],[141.539,80.5941,35.4945],[140.132,74.466,17.4092],[134.715,70.1672,2.01724],[[[-0.168686,-0.879124,0.445743],[0.951361,-0.26349,-0.159641],[0.257793,0.397133,0.880811]],[[-0.200541,-0.923019,0.328359],[0.958744,-0.115973,0.259539],[-0.201478,0.36686,0.908196]],[[-0.200541,-0.923019,0.328359],[0.976927,-0.213544,-0.00362791],[0.0734676,0.320055,0.944546]],[[-0.200541,-0.923019,0.328359],[0.925602,-0.288332,-0.245205],[0.321005,0.254756,0.91217]]],4]],[[0,200,0],[235.247,235.247,147.751]]],[40620,99545336053,[[108,"left",[-0.0519161,-0.0219381,-0.99841],[0.993222,-0.105245,-0.0493337],[-146.782,147.49,93.531],[-160.88,55.2408,-70.2636],[-136.591,142.526,92.4933],0,0,0.681374,[[-0.0930433,-0.832899,-0.545548],[-0.994491,0.104309,0.0103592],[-0.0482776,-0.543506,0.838016]],58.9095,[-160.94,6.3308,352.947],[-148.89,141.999,143.764]],[109,"right",[-0.204447,-0.133563,-0.969723],[-0.971002,-0.0977436,0.218179],[133.985,131.628,71.3544],[139.652,8.69386,-60.2211],[123.78,131.089,71.9195],0,0,0.752926,[[0.0673724,-0.981249,-0.180589],[0.976777,0.101766,-0.188547],[0.20339,-0.163692,0.965317]],62.3787,[203.584,88.4763,377.663],[149.824,131.743,122.513]]],[[1080,[0.127187,-0.0786041,-0.988759],108,48.1819,[-122.425,182.167,59.0861],[-134.318,187.858,58.6439],[-176.286,70.377,-76.6987],false,[-136.067,167.221,145.712],[-136.067,167.221,145.712],[-140.385,190.786,106.269],[-136.376,188.309,75.1014],[-134.04,187.823,53.5966],[[[-0.940343,-0.310212,-0.13973],[-0.340227,0.855758,0.389774],[0.00133713,-0.414061,0.910248]],[[-0.939126,-0.330309,-0.0945435],[-0.33059,0.793815,0.510459],[0.0935593,-0.51064,0.854689]],[[-0.939126,-0.330309,-0.0945435],[-0.319165,0.940594,-0.11583],[-0.127187,0.0786041,0.988759]],[[-0.939126,-0.330309,-0.0945435],[-0.326174,0.943606,-0.0567298],[-0.10795,0.0224388,0.993903]]],0],[1081,[0.992917,-0.0784536,-0.089229],108,54.3679,[-65.2403,154.42,56.4496],[-74.8818,165.717,58.2799],[-164.2,123.369,-45.9585],false,[-155.311,161.493,136.93],[-147.558,170.205,69.9216],[-109.158,168.857,59.8615],[-86.9704,167.104,57.8676],[-71.2535,165.534,57.7421],[[[-0.111236,-0.983774,-0.140769],[-0.987235,0.125635,-0.097893],[-0.11399,-0.128082,0.985191]],[[-0.0983049,-0.964243,-0.246111],[-0.235879,0.262839,-0.935562],[-0.966797,0.0339179,0.253283]],[[-0.0983049,-0.964243,-0.246111],[-0.0667302,0.253139,-0.965126],[-0.992917,0.0784536,0.089229]],[[-0.0983049,-0.964243,-0.246111],[0.0168047,0.245665,-0.969209],[-0.995014,0.0994139,0.00794624]]],1],[1082,[0.744342,-0.0306589,-0.667094],108,61.9479,[-83.0611,138.754,7.64991],[-92.2272,147.532,11.2293],[-120.096,92.569,-41.0235],false,[-158.055,150.682,134.654],[-151.664,150.169,70.4726],[-122.41,148.324,36.9089],[-102.842,147.518,19.3713],[-89.0338,147.109,8.83528],[[[0.0443265,-0.99894,0.0123933],[-0.994091,-0.045335,-0.0986289],[-0.0990862,0.00794817,0.995047]],[[0.0367891,-0.995546,0.0868034],[-0.753439,-0.0846949,-0.65204],[-0.656488,0.0414131,0.753199]],[[0.0367891,-0.995546,0.0868034],[-0.666784,-0.0891532,-0.739899],[-0.744342,0.0306589,0.667094]],[[0.0367891,-0.995546,0.0868034],[-0.605786,-0.0912999,-0.790372],[-0.794777,0.0235072,0.606446]]],2],[1083,[0.627225,-0.170928,-0.759851],108,59.5645,[-98.841,108.129,10.3975],[-106.181,115.814,14.1498],[-86.241,80.1699,-41.4374],false,[-158.307,139.348,133.957],[-153.456,130.212,76.9776],[-131.69,121.918,42.865],[-115.626,117.54,23.4048],[-103.704,114.966,11.1729],[[[0.104074,-0.980604,0.166087],[-0.991036,-0.116312,-0.0657212],[-0.0837645,0.157758,0.983919]],[[0.092503,-0.952365,0.290592],[-0.844852,-0.229518,-0.483266],[-0.526942,0.200804,0.825839]],[[0.092503,-0.952365,0.290592],[-0.773326,-0.252555,-0.581536],[-0.627225,0.170928,0.75985]],[[0.092503,-0.952365,0.290592],[-0.717709,-0.266063,-0.64351],[-0.690172,0.149034,0.708133]]],3],[1084,[0.436997,-0.519517,-0.734259],108,46.6975,[-117.751,73.0939,35.7056],[-124.009,79.34,38.4011],[-98.5652,47.6396,-52.2971],false,[-152.474,127.746,136.075],[-150.955,112.198,84.7943],[-138.605,94.2773,60.4031],[-130.703,84.8833,47.126],[-123.067,76.9631,35.5972],[[[0.255987,-0.922966,0.287409],[-0.966265,-0.253019,0.0480983],[-0.0283268,0.290026,0.956599]],[[0.222959,-0.728288,0.647986],[-0.898635,-0.411177,-0.15293],[-0.377814,0.548206,0.746141]],[[0.222959,-0.728288,0.647986],[-0.871392,-0.446877,-0.202428],[-0.436997,0.519517,0.734259]],[[0.222959,-0.728288,0.647986],[-0.848949,-0.471779,-0.238138],[-0.47914,0.497012,0.723467]]],4],[1090,[-0.103992,-0.199406,-0.974383],109,51.0194,[127.575,166.439,35.4251],[139.184,166.883,34.708],[113.112,18.6996,-56.4271],false,[136.785,158.68,125.007],[136.785,158.68,125.007],[146.662,181.096,82.723],[143.191,174.441,50.2001],[138.252,164.29,30.2635],[[[0.878463,-0.335486,-0.340224],[0.4143,0.889532,0.192584],[0.238031,-0.310133,0.920412]],[[0.907344,-0.42025,-0.0108333],[0.368605,0.782919,0.501166],[-0.202134,-0.458723,0.865283]],[[0.907344,-0.42025,-0.0108333],[0.407325,0.885227,-0.224632],[0.103992,0.199406,0.974383]],[[0.907344,-0.42025,-0.0108333],[0.360893,0.791887,-0.492616],[0.215601,0.443062,0.870179]]],0],[1091,[-0.985998,-0.0814337,0.145519],109,57.5697,[41.7743,143.901,48.7477],[50.4375,147.232,47.809],[118.929,-2.9984,6.86878],false,[154.208,151.365,111.538],[127.997,152.737,44.4703],[86.1395,150.348,41.1406],[62.8092,148.421,44.5838],[46.7227,146.875,48.8958],[[[0.0878385,-0.994633,-0.0546693],[0.927275,0.101694,-0.360305],[0.363931,-0.0190448,0.931231]],[[0.065452,-0.991614,-0.111431],[0.0721757,0.116082,-0.990614],[0.995242,0.0567951,0.0791683]],[[0.065452,-0.991614,-0.111431],[-0.153373,0.100346,-0.98306],[0.985998,0.0814337,-0.145519]],[[0.065452,-0.991614,-0.111431],[-0.265944,0.0902962,-0.95975],[0.961764,0.0924519,-0.257804]]],1],[1092,[-0.372661,-0.0382017,-0.927181],109,65.596,[101.482,125.582,-37.0731],[111.065,127.377,-37.668],[62.408,31.9685,-43.3335],false,[156.591,139.685,109.749],[132.7,131.666,46.2689],[130.62,128.878,-0.788561],[120.246,127.815,-26.5993],[108.686,127.518,-40.9067],[[[-0.0231741,-0.990727,0.133876],[0.936541,-0.0683676,-0.343828],[0.349792,0.117412,0.92944]],[[-0.0502735,-0.996854,0.0612788],[0.997762,-0.052838,-0.0409734],[0.0440824,0.0590818,0.997279]],[[-0.0502735,-0.996854,0.0612788],[0.926605,-0.0694489,-0.369568],[0.372661,0.0382017,0.927181]],[[-0.0502735,-0.996854,0.0612788],[0.776268,-0.0776064,-0.625608],[0.628396,0.0161172,0.777727]]],2],[1093,[-0.183896,-0.206776,-0.96095],109,63.0723,[119.474,91.8659,-25.4577],[129.447,93.1306,-26.1462],[76.7276,33.4067,-65.5722],false,[156.858,127.674,110.302],[136.643,111.41,54.7398],[140.963,101.426,12.375],[135.976,95.8189,-13.6849],[128.119,92.6621,-29.8975],[[[-0.0419807,-0.954659,0.294727],[0.943165,-0.135198,-0.303581],[0.329663,0.265232,0.906077]],[[-0.0678752,-0.972618,0.222276],[0.992793,-0.0437881,0.111559],[-0.0987714,0.228246,0.96858]],[[-0.0678752,-0.972618,0.222276],[0.980599,-0.1061,-0.164826],[0.183896,0.206776,0.96095]],[[-0.0678752,-0.972618,0.222276],[0.900476,-0.155648,-0.406099],[0.429576,0.17259,0.886384]]],3],[1094,[-0.0844501,-0.316533,-0.944815],109,49.4475,[124.942,71.1218,4.79116],[136.673,71.5172,3.99928],[101.626,21.2087,-73.2319],false,[151.663,115.792,115.395],[136.512,93.4087,65.4787],[143.184,80.8663,33.9135],[141.568,74.8057,15.823],[135.943,70.5514,0.493285],[[[-0.158801,-0.881995,0.443696],[0.950549,-0.258069,-0.172794],[0.266908,0.394315,0.879361]],[[-0.191751,-0.925317,0.32714],[0.96233,-0.1118,0.247836],[-0.192753,0.362339,0.911898]],[[-0.191751,-0.925317,0.32714],[0.977804,-0.208796,-0.0174478],[0.0844501,0.316533,0.944815]],[[-0.191751,-0.925317,0.32714],[0.923112,-0.283241,-0.260074],[0.33331,0.252117,0.908483]]],4]],[[0,200,0],[235.247,235.247,147.751]]],[40621,99545346626,[[108,"left",[-0.0485981,-0.0332721,-0.998264],[0.994431,-0.0951873,-0.0452389],[-148.935,148.89,92.4925],[-174.319,79.4837,-79.0489],[-137.835,143.167,92.4933],0,0,0.48575,[[-0.0872085,-0.831563,-0.548542],[-0.995437,0.0941554,0.0155219],[-0.0387407,-0.547392,0.835979]],58.9095,[-160.81,7.28159,351.45],[-151.139,143.92,142.776]],[109,"right",[-0.209863,-0.129252,-0.96915],[-0.970093,-0.0961286,0.222888],[135.308,131.602,70.4083],[135.086,5.16755,-69.4142],[124.79,131.134,71.7871],0,0,0.677105,[[0.0686255,-0.981495,-0.178766],[0.978085,0.101498,-0.18179],[0.19657,-0.162373,0.966952]],62.3787,[203.372,88.5581,377.065],[151.415,131.476,121.483]]],[[1080,[0.136305,-0.0867373,-0.986862],108,48.1819,[-124.6,183.251,58.7698],[-136.475,189.077,57.161],[-178.09,85.4139,-97.3002],false,[-138.592,169.296,144.488],[-138.592,169.296,144.488],[-142.696,192.302,104.693],[-138.4,189.568,73.5859],[-135.935,189.07,52.0957],[[[-0.93656,-0.321701,-0.139155],[-0.350495,0.856246,0.379468],[0.00292384,-0.404167,0.91468]],[[-0.935556,-0.338894,-0.0994329],[-0.341799,0.797893,0.496527],[0.0889331,-0.498515,0.862307]],[[-0.935556,-0.338894,-0.0994329],[-0.325817,0.936818,-0.127341],[-0.136305,0.0867373,0.986862]],[[-0.935556,-0.338894,-0.0994329],[-0.334312,0.940544,-0.0601122],[-0.113893,0.0229967,0.993227]]],0],[1081,[0.994058,-0.0691443,-0.0840716],108,54.3679,[-66.7619,156.118,56.4967],[-77.1207,167.497,57.2826],[-179.085,137.003,-59.87],false,[-157.747,163.269,135.712],[-149.88,171.339,68.6362],[-111.432,170.29,58.7212],[-89.2195,168.745,56.8425],[-73.4869,167.334,56.8092],[[[-0.100349,-0.986366,-0.130433],[-0.988206,0.114048,-0.102182],[-0.115664,-0.118641,0.986178]],[[-0.087284,-0.967807,-0.236073],[-0.235359,0.250302,-0.939124],[-0.967981,0.0264087,0.24963]],[[-0.087284,-0.967807,-0.236073],[-0.065042,0.242008,-0.968092],[-0.994058,0.0691443,0.0840716]],[[-0.087284,-0.967807,-0.236073],[0.019042,0.235313,-0.971733],[-0.996001,0.089312,0.00211009]]],1],[1082,[0.749794,-0.0297038,-0.661004],108,61.9479,[-83.7851,139.391,7.84666],[-94.0115,148.603,10.4946],[-133.194,96.1458,-47.679],false,[-160.369,152.406,133.545],[-153.775,151.268,69.392],[-124.345,149.366,35.9852],[-104.633,148.585,18.6077],[-90.7202,148.218,8.20918],[[[0.0548922,-0.998219,0.0233457],[-0.993245,-0.0569828,-0.101086],[-0.102236,0.0176391,0.994604]],[[0.0470519,-0.994069,0.0980431],[-0.749415,-0.100024,-0.654501],[-0.660426,0.0426794,0.749677]],[[0.0470519,-0.994069,0.0980431],[-0.659996,-0.104614,-0.74395],[-0.749794,0.0297038,0.661004]],[[0.0470519,-0.994069,0.0980431],[-0.597054,-0.106677,-0.795076],[-0.80082,0.0211272,0.598533]]],2],[1083,[0.63377,-0.171723,-0.754219],108,59.5645,[-99.2476,108.51,10.5392],[-107.672,116.803,13.6454],[-101.009,85.229,-41.7275],false,[-160.498,141.063,132.97],[-155.374,131.364,76.1074],[-133.354,122.946,42.1889],[-117.122,118.548,22.8728],[-105.087,115.987,10.7501],[[[0.113967,-0.977589,0.177009],[-0.989537,-0.127564,-0.0674021],[-0.0884715,0.167475,0.981899]],[[0.101696,-0.948085,0.301319],[-0.839919,-0.24414,-0.484698],[-0.533098,0.203792,0.821143]],[[0.101696,-0.948085,0.301319],[-0.766807,-0.267668,-0.583404],[-0.63377,0.171723,0.754219]],[[0.101696,-0.948085,0.301319],[-0.710066,-0.281316,-0.645498],[-0.696753,0.148311,0.701811]]],3],[1084,[0.456012,-0.513572,-0.72684],108,46.6975,[-117.93,73.2642,35.7599],[-124.95,80.6799,38.1696],[-85.3837,79.7152,-42.5297],false,[-154.548,129.547,135.231],[-152.707,113.463,84.1262],[-139.791,95.6587,59.9431],[-131.546,86.3722,46.8002],[-123.593,78.5744,35.4034],[[[0.264884,-0.917029,0.29815],[-0.963668,-0.262761,0.0479648],[-0.0343573,0.300023,0.953313]],[[0.229222,-0.721369,0.653517],[-0.889588,-0.427766,-0.160155],[-0.395083,0.54465,0.739774]],[[0.229222,-0.721369,0.653517],[-0.859948,-0.464619,-0.211231],[-0.456012,0.513572,0.72684]],[[0.229222,-0.721369,0.653517],[-0.835699,-0.490082,-0.247843],[-0.499063,0.489333,0.715185]]],4],[1090,[-0.109613,-0.195073,-0.974644],109,51.0194,[128.653,166.464,35.3078],[140.406,166.992,33.8726],[113.724,16.374,-63.7292],false,[138.458,158.436,124.15],[138.458,158.436,124.15],[148.166,180.995,81.903],[144.507,174.484,49.3714],[139.438,164.432,29.417],[[[0.875807,-0.336384,-0.346132],[0.417579,0.887717,0.193872],[0.242052,-0.314332,0.917936]],[[0.906204,-0.422485,-0.0173567],[0.373265,0.779997,0.502273],[-0.198664,-0.46164,0.864535]],[[0.906204,-0.422485,-0.0173567],[0.408387,0.885129,-0.223086],[0.109613,0.195073,0.974644]],[[0.906204,-0.422485,-0.0173567],[0.360349,0.7931,-0.49106],[0.221231,0.438746,0.870953]]],0],[1091,[-0.985211,-0.079642,0.151711],109,57.5697,[42.8426,144.289,48.6174],[51.6838,147.503,47.4172],[118.716,5.89618,-6.10047],false,[155.792,151.13,110.562],[129.234,152.83,43.6384],[87.3508,150.557,40.5498],[64.0391,148.672,44.1395],[47.9791,147.147,48.556],[[[0.0850037,-0.994632,-0.0590032],[0.925633,0.100745,-0.364766],[0.368752,-0.0236089,0.929228]],[[0.0623324,-0.991335,-0.115624],[0.0665513,0.11972,-0.990575],[0.995834,0.05405,0.073437]],[[0.0623324,-0.991335,-0.115624],[-0.159605,0.104457,-0.981639],[0.985211,0.079642,-0.151711]],[[0.0623324,-0.991335,-0.115624],[-0.272307,0.0945616,-0.957553],[0.960189,0.0911716,-0.264053]]],1],[1092,[-0.379939,-0.0324574,-0.924442],109,65.596,[101.892,125.682,-37.1242],[111.77,127.904,-38.4593],[62.3293,38.3057,-52.5976],false,[158.135,139.451,108.715],[133.892,131.741,45.3302],[131.599,129.184,-1.73051],[121.022,128.281,-27.465],[109.308,128.095,-41.648],[[[-0.0250098,-0.991181,0.130135],[0.934549,-0.0694022,-0.349],[0.354954,0.112889,0.928043]],[[-0.0528547,-0.99699,0.0567274],[0.997419,-0.0554712,-0.0455845],[0.048594,0.0541717,0.997349]],[[-0.0528547,-0.99699,0.0567274],[0.9235,-0.0704141,-0.37708],[0.379939,0.0324574,0.924442]],[[-0.0528547,-0.99699,0.0567274],[0.769219,-0.076873,-0.634344],[0.636795,0.0101077,0.770967]]],2],[1093,[-0.189149,-0.201864,-0.960975],109,63.0723,[119.835,91.9282,-25.5147],[130.231,93.543,-27.214],[76.2122,35.4443,-76.7007],false,[158.374,127.437,109.219],[137.827,111.441,53.7014],[141.989,101.637,11.2789],[136.859,96.1631,-14.7817],[128.886,93.1071,-30.9567],[[[-0.0428815,-0.955694,0.291222],[0.941213,-0.136406,-0.309049],[0.33508,0.26085,0.905361]],[[-0.0694464,-0.973441,0.218152],[0.993037,-0.0465969,0.108198],[-0.0951588,0.224146,0.969899]],[[-0.0694464,-0.973441,0.218152],[0.979489,-0.108,-0.170107],[0.189149,0.201864,0.960975]],[[-0.0694464,-0.973441,0.218152],[0.89729,-0.156515,-0.412763],[0.435944,0.16708,0.884328]]],3],[1094,[-0.0985798,-0.314021,-0.944284],109,49.4475,[125.4,71.1409,4.72433],[137.291,71.6823,2.88727],[82.1891,18.1456,-82.415],false,[153.176,115.548,114.294],[137.707,93.3989,64.3706],[144.12,80.8707,32.7462],[142.233,74.8581,14.6659],[136.29,70.6931,-0.568024],[[[-0.158734,-0.883317,0.441085],[0.948967,-0.259806,-0.178782],[0.272517,0.390196,0.879478]],[[-0.191561,-0.925171,0.327663],[0.963833,-0.114299,0.240754],[-0.185287,0.361931,0.913605]],[[-0.191561,-0.925171,0.327663],[0.976518,-0.213189,-0.0310492],[0.0985798,0.314021,0.944284]],[[-0.191561,-0.925171,0.327663],[0.916128,-0.288331,-0.278523],[0.352157,0.246827,0.902808]]],4]],[[0,200,0],[235.247,235.247,147.751]]],[40622,99545354859,[[108,"left",[-0.044603,-0.0281525,-0.998608],[0.99353,-0.105757,-0.0413947],[-151.24,149.413,91.3946],[-201.192,75.4153,-92.8658],[-139.153,143.781,92.3853],0,0,0.507422,[[-0.107836,-0.830917,-0.545846],[-0.993773,0.105591,0.0355903],[-0.028064,-0.546285,0.837129]],58.9095,[-160.722,7.87365,350.605],[-153.717,144.235,141.644]],[109,"right",[-0.213953,-0.123469,-0.96901],[-0.969199,-0.0970282,0.226358],[136.101,131.562,69.8176],[125.209,2.6172,-70.0077],[125.594,131.165,71.6471],0,0,0.693032,[[0.0713041,-0.981578,-0.17726],[0.978737,0.103118,-0.177312],[0.192324,-0.160848,0.968059]],62.3787,[203.255,88.6143,376.698],[152.42,131.129,120.823]]],[[1080,[0.142979,-0.0823145,-0.986297],108,48.1819,[-126.359,184.121,58.421],[-137.962,189.676,56.2721],[-174.374,82.8334,-100.228],false,[-140.903,169.466,143.529],[-140.903,169.466,143.529],[-144.356,192.641,103.77],[-139.85,190.047,72.6805],[-137.25,189.732,51.2027],[[[-0.939372,-0.310882,-0.144683],[-0.342858,0.858243,0.381927],[-0.0054388,-0.408377,0.912797]],[[-0.938865,-0.326629,-0.108843],[-0.336056,0.800707,0.495919],[0.0748298,-0.502178,0.861521]],[[-0.938865,-0.326629,-0.108843],[-0.313194,0.941561,-0.123983],[-0.142979,0.0823145,0.986297]],[[-0.938865,-0.326629,-0.108843],[-0.322648,0.945041,-0.0528735],[-0.120131,0.014523,0.992652]]],0],[1081,[0.993665,-0.079763,-0.0791694],108,54.3679,[-68.2493,157.502,56.4561],[-79.0732,167.4,56.5953],[-193.718,98.9259,-64.8897],false,[-160.083,163.688,134.642],[-151.837,171.98,67.639],[-113.359,170.558,57.8936],[-91.1544,168.776,56.1245],[-75.4386,167.19,56.1726],[[[-0.11045,-0.984609,-0.135445],[-0.986459,0.125227,-0.105908],[-0.12124,-0.121913,0.985108]],[[-0.0967183,-0.965697,-0.240986],[-0.228316,0.257191,-0.939002],[-0.968771,0.0357978,0.245359]],[[-0.0967183,-0.965697,-0.240986],[-0.0572319,0.247116,-0.967294],[-0.993665,0.079763,0.0791694]],[[-0.0967183,-0.965697,-0.240986],[0.0271356,0.239473,-0.970524],[-0.994942,0.100407,-0.00304335]]],1],[1082,[0.754777,-0.0344597,-0.655076],108,61.9479,[-84.5539,139.985,7.97944],[-95.8662,148.9,9.74906],[-155.13,81.6434,-56.9306],false,[-162.814,152.863,132.413],[-155.952,151.949,68.2848],[-126.355,149.886,35.036],[-106.512,148.98,17.8144],[-92.5047,148.519,7.54761],[[[0.0439817,-0.998853,0.0189448],[-0.993353,-0.045743,-0.105629],[-0.106374,0.0141731,0.994225]],[[0.0358581,-0.994959,0.0936546],[-0.746705,-0.0889591,-0.659179],[-0.664188,0.0462954,0.746131]],[[0.0358581,-0.994959,0.0936546],[-0.655001,-0.0941781,-0.749736],[-0.754777,0.0344597,0.655076]],[[0.0358581,-0.994959,0.0936546],[-0.590458,-0.0967013,-0.801254],[-0.806271,0.0265677,0.590949]]],2],[1083,[0.643038,-0.17237,-0.746184],108,59.5645,[-99.7124,108.902,10.6451],[-109.624,117.347,12.8483],[-128.385,83.2926,-51.1055],false,[-163.063,141.526,131.785],[-157.797,132.033,74.9007],[-135.434,123.617,41.2063],[-118.966,119.203,22.096],[-106.767,116.621,10.1419],[[[0.102606,-0.979571,0.172955],[-0.990557,-0.116514,-0.0722577],[-0.0909333,0.163908,0.982276]],[[0.0901245,-0.950539,0.297243],[-0.835935,-0.234437,-0.496238],[-0.541378,0.203752,0.815717]],[[0.0901245,-0.950539,0.297243],[-0.760513,-0.258388,-0.595698],[-0.643038,0.17237,0.746184]],[[0.0901245,-0.950539,0.297243],[-0.702243,