{"metadata":{"formatVersion":2,"generatedBy":"LeapJS Playback 0.2.1","frames":1,"frameRate":"1.1e+2","modified":"Tue Mar 17 2015 20:43:46 GMT-0300 (E. South America Standard Time)","title":"l"},"frames":[["id","timestamp",{"hands":[["id","type","direction","palmNormal","palmPosition","palmVelocity","stabilizedPalmPosition","pinchStrength","grabStrength","confidence","armBasis","armWidth","elbow","wrist"]]},{"pointables":[["id","direction","handId","length","stabilizedTipPosition","tipPosition","tipVelocity","tool","carpPosition","mcpPosition","pipPosition","dipPosition","btipPosition","bases","type"]]},{"interactionBox":["center","size"]}],[67260,99953926846,[[152,"right",[-0.346614,0.915837,-0.202736],[-0.214162,-0.287693,-0.933471],[85.7295,119.603,63.7528],[-9.00653,-6.59527,-6.02603],[78.2975,115.998,56.8459],0,0,0.704735,[[0.891058,0.264112,-0.369134],[-0.323298,0.940143,-0.107749],[0.318581,0.215351,0.923109]],63.72,[198.35,131.67,325.717],[112.333,73.5257,76.478]]],[[1520,[-0.756564,0.619994,0.20789],152,52.1164,[3.87205,111.566,94.7387],[7.21459,117.602,100.14],[-5.35477,0.607489,0.683956],false,[85.1718,59.2985,75.5245],[85.1718,59.2985,75.5245],[48.0942,91.5034,84.4612],[22.2987,112.642,91.5494],[3.06427,119.244,103.133],[[[0.491398,0.548756,0.67631],[-0.503917,-0.45421,0.734684],[0.710349,-0.701827,0.0533289]],[[0.568322,0.466166,0.678011],[-0.353968,-0.605357,0.712916],[0.742776,-0.64516,-0.17903]],[[0.568322,0.466166,0.678011],[-0.323452,-0.631107,0.705041],[0.756564,-0.619994,-0.20789]],[[0.568322,0.466166,0.678011],[0.0394882,-0.838526,0.543428],[0.821858,-0.282069,-0.494961]]],0],[1521,[-0.350965,0.824865,-0.443195],152,58.8075,[25.4092,202.625,34.8535],[27.3006,204.236,36.6978],[-0.695284,1.32427,1.67084],false,[93.016,76.9832,89.2214],[54.6628,136.108,68.1075],[40.351,174.256,54.4819],[31.868,194.193,43.7697],[25.7132,207.204,34.5636],[[[0.842071,0.42993,-0.325695],[0.13836,0.41146,0.900865],[0.521319,-0.803655,0.286993]],[[0.930936,0.256363,-0.260069],[0.149621,0.381882,0.912019],[0.333123,-0.887944,0.317151]],[[0.930936,0.256363,-0.260069],[0.100903,0.503861,0.857871],[0.350965,-0.824865,0.443195]],[[0.930936,0.256363,-0.260069],[0.0599127,0.595293,0.801272],[0.360233,-0.761515,0.53882]]],1],[1522,[-0.0948405,-0.80088,-0.591267],152,67.0064,[55.5093,132.209,15.3244],[55.0897,132.936,16.1146],[-8.66604,-1.51641,-0.667417],false,[103.202,83.3939,86.6187],[75.1999,143,63.5854],[53.0695,168.357,29.0804],[50.3726,145.582,12.2669],[56.7089,128.663,17.4377],[[[0.868753,0.240915,-0.432698],[0.290142,0.460477,0.838915],[0.401355,-0.854354,0.330141]],[[0.885278,0.203788,-0.418035],[0.074025,0.825673,0.559271],[0.459133,-0.526056,0.715865]],[[0.885278,0.203788,-0.418035],[-0.455289,0.563082,-0.689675],[0.0948405,0.80088,0.591267]],[[0.885278,0.203788,-0.418035],[-0.320294,-0.38455,-0.865756],[-0.337186,0.900329,-0.275162]]],2],[1523,[-0.194314,-0.811782,-0.550684],152,64.4285,[76.9286,131.496,14.1592],[76.6807,131.84,14.8652],[-9.21289,-4.1966,-1.61509],false,[113.754,87.4545,81.8135],[97.3943,143.215,58.4273],[78.6107,167.362,25.8641],[73.2278,144.874,10.6091],[77.8262,127.685,16.3095],[[[0.893986,0.0771611,-0.441401],[0.364115,0.449043,0.815954],[0.261168,-0.890172,0.373343]],[[0.89013,0.0899804,-0.446735],[0.175859,0.83655,0.5189],[0.420407,-0.540451,0.728815]],[[0.89013,0.0899804,-0.446735],[-0.412202,0.576987,-0.705107],[0.194314,0.811782,0.550684]],[[0.89013,0.0899804,-0.446735],[-0.38353,-0.381522,-0.841039],[-0.246116,0.91997,-0.305094]]],3],[1524,[-0.367314,-0.751932,-0.547429],152,50.5107,[95.445,134.091,19.1707],[96.1959,134.618,20.0764],[-8.47,-7.52673,-5.35808],false,[123.817,86.4907,71.795],[116.941,139.917,50.3315],[101.239,161.975,27.5906],[94.0548,147.268,16.8835],[96.9894,130.785,20.9833],[[[0.845671,-0.101648,-0.523935],[0.520364,0.375157,0.767124],[0.118581,-0.921371,0.370154]],[[0.825986,0.00686357,-0.563648],[0.347214,0.78152,0.518333],[0.44406,-0.623842,0.643142]],[[0.825986,0.00686357,-0.563648],[-0.427583,0.659205,-0.618564],[0.367314,0.751932,0.547429]],[[0.825986,0.00686357,-0.563648],[-0.537364,-0.292425,-0.791029],[-0.170254,0.956264,-0.237851]]],4]],[[0,200,0],[235.247,235.247,147.751]]]]}