{"metadata":{"formatVersion":2,"generatedBy":"LeapJS Playback 0.2.1","frames":45,"frameRate":"1.1e+2","modified":"Fri Mar 20 2015 19:21:16 GMT-0300 (E. South America Standard Time)","title":"nome"},"frames":[["id","timestamp",{"hands":[["id","type","direction","palmNormal","palmPosition","palmVelocity","stabilizedPalmPosition","pinchStrength","grabStrength","confidence","armBasis","armWidth","elbow","wrist"]]},{"pointables":[["id","direction","handId","length","stabilizedTipPosition","tipPosition","tipVelocity","tool","carpPosition","mcpPosition","pipPosition","dipPosition","btipPosition","bases","type"]]},{"interactionBox":["center","size"]}],[46441,99627801575,[[125,"right",[0.390819,0.55466,-0.734583],[0.0605609,-0.81182,-0.580759],[-84.4949,139.083,26.3951],[156.71,10.979,96.7483],[-91.7792,138.911,21.9197],1,0,0.498814,[[0.924583,-0.175382,0.338212],[-0.0116376,0.874326,0.4852],[-0.380802,-0.452544,0.806346]],61.7915,[-198.13,-6.39882,281.013],[-98.4248,112.09,69.8886]]],[[1250,[0.769865,-0.0867904,-0.632278],125,50.5391,[-72.2086,110.764,-23.762],[-63.4457,109.85,-17.9123],[179.906,-14.3392,117.889],false,[-124.479,106.792,56.5441],[-124.479,106.792,56.5441],[-102.296,113.678,14.0739],[-76.8414,110.809,-6.83158],[-59.1894,108.666,-20.9346],[[[0.391685,0.760914,0.517293],[-0.918788,0.293456,0.264031],[0.0491021,-0.5787,0.814061]],[[0.372663,0.865402,0.334966],[-0.80692,0.480461,-0.343565],[-0.45826,-0.142257,0.87736]],[[0.372663,0.865402,0.334966],[-0.518102,0.493505,-0.698586],[-0.769865,0.0867904,0.632278]],[[0.372663,0.865402,0.334966],[-0.506144,0.492105,-0.708273],[-0.777779,0.0944058,0.621408]]],0],[1251,[0.413086,0.217023,-0.884455],125,57.0277,[-68.0727,176.459,-68.5094],[-64.9188,175.791,-67.1833],[173.133,21.3987,84.1989],false,[-114.388,126.514,62.6779],[-97.4453,158.662,1.28354],[-80.1254,169.484,-35.0295],[-70.4432,174.57,-55.7602],[-63.6409,177.628,-70.5553],[[[0.971053,-0.0867659,0.222547],[-0.0256156,0.888493,0.458174],[-0.237485,-0.450612,0.860552]],[[0.908134,-0.170913,0.382207],[0.0496879,0.950429,0.306947],[-0.415722,-0.259757,0.871609]],[[0.908134,-0.170913,0.382207],[0.0682168,0.961088,0.267688],[-0.413086,-0.217023,0.884455]],[[0.908134,-0.170913,0.382207],[0.08209,0.967852,0.237749],[-0.410554,-0.184533,0.892969]]],1],[1252,[0.137491,0.340538,-0.930124],125,64.9785,[-68.5183,187.744,-72.988],[-65.5721,186.394,-72.2045],[223.161,-11.0293,94.7447],false,[-102.825,127.213,65.5714],[-77.9139,156.524,9.91452],[-71.2586,173.779,-33.0129],[-67.4672,183.17,-58.6617],[-65.0317,188.972,-75.7641],[[[0.920084,-0.297034,0.255374],[0.133714,0.850925,0.507984],[-0.368193,-0.433241,0.82264]],[[0.977745,-0.19689,0.0724452],[0.15408,0.908274,0.38897],[-0.142385,-0.369151,0.918397]],[[0.977745,-0.19689,0.0724452],[0.158462,0.919385,0.36003],[-0.137491,-0.340538,0.930124]],[[0.977745,-0.19689,0.0724452],[0.161715,0.927291,0.337609],[-0.13365,-0.318381,0.938494]]],2],[1253,[-0.0717075,-0.695464,-0.714974],125,62.4785,[-65.1384,102.611,-48.0236],[-58.7499,102.939,-44.9366],[208.386,-22.4412,132.696],false,[-91.5075,124.779,68.3879],[-60.8932,149.187,21.9458],[-54.7763,132.069,-17.3836],[-56.7026,113.386,-36.5904],[-60.1099,98.6387,-46.5496],[[[0.843158,-0.420847,0.334624],[0.187302,0.813284,0.550896],[-0.503987,-0.401817,0.764552]],[[0.858083,-0.408443,0.311237],[0.493723,0.822844,-0.281362],[-0.141179,0.395097,0.907726]],[[0.858083,-0.408443,0.311237],[0.50848,0.591189,-0.626054],[0.0717075,0.695464,0.714974]],[[0.858083,-0.408443,0.311237],[0.477837,0.413131,-0.775239],[0.188059,0.813939,0.54967]]],3],[1254,[-0.16956,-0.646002,-0.744265],125,48.982,[-55.7304,102.61,-25.8798],[-48.3083,102.732,-21.3153],[190.732,-13.0309,141.394],false,[-81.3707,115.534,69.8884],[-46.5208,137.981,31.8957],[-41.679,123.609,1.14308],[-44.895,111.356,-12.9733],[-50.3714,99.2564,-23.1225],[[[0.736544,-0.593079,0.325209],[0.270897,0.69921,0.661604],[-0.619772,-0.399202,0.675663]],[[0.660363,-0.635062,0.400771],[0.737552,0.648847,-0.187122],[-0.141205,0.419158,0.896866]],[[0.660363,-0.635062,0.400771],[0.731554,0.42353,-0.534277],[0.16956,0.646002,0.744265]],[[0.660363,-0.635062,0.400771],[0.675707,0.26966,-0.686079],[0.327631,0.723865,0.607189]]],4]],[[0,200,0],[235.247,235.247,147.751]]],[46442,99627810165,[[125,"right",[0.400455,0.549921,-0.732955],[0.0663176,-0.815189,-0.575386],[-82.8782,139.3,26.9528],[165.024,14.7344,88.3502],[-90.5954,138.963,22.5891],1,0,0.446793,[[0.922947,-0.171465,0.344628],[-0.0187578,0.87421,0.485186],[-0.38447,-0.454265,0.803633]],61.7915,[-198.035,-6.36555,280.842],[-97.3704,112.574,70.4276]]],[[1250,[0.776408,-0.09125,-0.623589],125,50.5391,[-70.8584,110.563,-22.9071],[-61.4191,109.763,-17.0064],[192.616,-11.3693,112.656],false,[-123.27,107.238,56.8009],[-123.27,107.238,56.8009],[-100.628,113.84,14.5283],[-74.9571,110.823,-6.08991],[-57.208,108.628,-20.0622],[[[0.386582,0.763275,0.517653],[-0.921454,0.296267,0.251295],[0.0384433,-0.57414,0.817854]],[[0.369775,0.867207,0.333495],[-0.802796,0.478907,-0.3552],[-0.467745,-0.136384,0.873278]],[[0.369775,0.867207,0.333495],[-0.51035,0.489516,-0.707048],[-0.776408,0.09125,0.623589]],[[0.369775,0.867207,0.333495],[-0.501641,0.488465,-0.713974],[-0.782063,0.0967152,0.615648]]],0],[1251,[0.415095,0.213863,-0.884284],125,57.0277,[-66.4472,176.562,-67.9671],[-62.6237,175.718,-66.7651],[191.94,11.1182,71.1948],false,[-113.224,126.979,62.9439],[-95.4963,158.754,1.5769],[-78.1005,169.448,-34.7377],[-68.3712,174.461,-55.4644],[-61.5333,177.465,-70.2541],[[[0.968177,-0.0868943,0.234699],[-0.0297861,0.891116,0.452797],[-0.248489,-0.445379,0.860169]],[[0.907521,-0.165758,0.385914],[0.0454207,0.952173,0.302165],[-0.417543,-0.256693,0.871646]],[[0.907521,-0.165758,0.385914],[0.0640444,0.962698,0.26289],[-0.415095,-0.213863,0.884284]],[[0.907521,-0.165758,0.385914],[0.077999,0.969359,0.232936],[-0.4127,-0.181293,0.892643]]],1],[1252,[0.148879,0.337968,-0.929308],125,64.9785,[-66.0623,187.662,-72.2303],[-62.7169,186.297,-71.5816],[251.733,-10.7273,88.8999],false,[-101.695,127.678,65.9723],[-76.0733,156.638,10.4542],[-68.885,173.811,-32.4201],[-64.7796,183.13,-58.0464],[-62.1371,188.873,-75.1381],[[[0.9165,-0.2969,0.2681],[0.128876,0.853602,0.504732],[-0.378706,-0.428036,0.82059]],[[0.976643,-0.197498,0.0846369],[0.150062,0.908852,0.389192],[-0.153787,-0.367401,0.91726]],[[0.976643,-0.197498,0.0846369],[0.154932,0.920202,0.359477],[-0.148879,-0.337968,0.929308]],[[0.976643,-0.197498,0.0846369],[0.158562,0.928268,0.336418],[-0.145008,-0.31514,0.937902]]],2],[1253,[-0.0632571,-0.698843,-0.712472],125,62.4785,[-63.3353,102.459,-46.9847],[-56.292,102.724,-43.8424],[230.929,-20.2777,129.574],false,[-90.4165,125.244,68.9385],[-59.2095,149.344,22.7306],[-52.5548,132.077,-16.4459],[-54.2541,113.303,-35.5854],[-57.5636,98.5045,-45.5014],[[[0.838441,-0.42015,0.347118],[0.181889,0.816129,0.548499],[-0.513745,-0.396747,0.760696]],[[0.852972,-0.40848,0.324935],[0.498847,0.821162,-0.277207],[-0.153591,0.398543,0.904198]],[[0.852972,-0.40848,0.324935],[0.51811,0.587164,-0.621933],[0.0632571,0.698843,0.712472]],[[0.852972,-0.40848,0.324935],[0.488952,0.407465,-0.771296],[0.18266,0.816772,0.547283]]],3],[1254,[-0.161679,-0.650244,-0.742323],125,48.982,[-54.3505,102.503,-24.887],[-46.1816,102.603,-20.0865],[206.441,-12.9855,141.46],false,[-80.3124,115.993,70.6131],[-44.9746,138.174,32.916],[-39.7494,123.619,2.31245],[-42.8159,111.286,-11.7671],[-48.2006,99.1339,-21.9027],[[[0.731689,-0.592279,0.337396],[0.263975,0.702565,0.660847],[-0.628449,-0.394471,0.670407]],[[0.653482,-0.634207,0.41321],[0.741444,0.646211,-0.180754],[-0.152385,0.424491,0.892516]],[[0.653482,-0.634207,0.41321],[0.739473,0.418287,-0.527461],[0.161679,0.650244,0.742323]],[[0.653482,-0.634207,0.41321],[0.684972,0.263142,-0.67939],[0.322141,0.727006,0.606372]]],4]],[[0,200,0],[235.247,235.247,147.751]]],[46443,99627818867,[[125,"right",[0.403663,0.54453,-0.735216],[0.0763572,-0.820843,-0.566026],[-81.0871,139.865,27.9824],[175.909,28.1188,96.3473],[-89.2604,139.089,23.3463],1,0,0.459101,[[0.920675,-0.162123,0.355069],[-0.0327472,0.874373,0.484148],[-0.388954,-0.45737,0.799704]],61.7915,[-197.645,-6.23789,280.996],[-95.8057,113.515,71.6104]]],[[1250,[0.780232,-0.0924055,-0.618627],125,50.5391,[-69.3027,110.407,-21.9271],[-59.2278,109.96,-15.6194],[205.09,-0.109282,121.861],false,[-121.55,107.875,57.8125],[-121.55,107.875,57.8125],[-98.7123,114.139,15.5938],[-72.915,111.084,-4.86029],[-55.1128,108.898,-18.7665],[[[0.377344,0.771089,0.512868],[-0.925427,0.293284,0.239937],[0.0345973,-0.56516,0.824255]],[[0.36126,0.873962,0.325086],[-0.804305,0.46845,-0.365579],[-0.471789,-0.129399,0.872164]],[[0.36126,0.873962,0.325086],[-0.510617,0.477128,-0.715276],[-0.780232,0.0924055,0.618627]],[[0.36126,0.873962,0.325086],[-0.504194,0.476353,-0.720331],[-0.784398,0.0963198,0.612734]]],0],[1251,[0.409996,0.215189,-0.886339],125,57.0277,[-64.83,176.738,-67.4121],[-60.9203,175.985,-66.1215],[186.251,17.7307,68.8043],false,[-111.679,127.742,63.8329],[-93.5951,158.97,2.28915],[-76.4372,169.712,-34.1244],[-66.8273,174.756,-54.8992],[-60.0662,177.782,-69.7196],[[[0.966549,-0.0784705,0.244185],[-0.0391907,0.895684,0.442962],[-0.253472,-0.437714,0.862646]],[[0.910686,-0.150425,0.384737],[0.0322767,0.954408,0.296756],[-0.411836,-0.257833,0.874021]],[[0.910686,-0.150425,0.384737],[0.0505367,0.964918,0.257643],[-0.409996,-0.215189,0.886339]],[[0.910686,-0.150425,0.384737],[0.0642698,0.971597,0.227748],[-0.408069,-0.18268,0.894488]]],1],[1252,[0.154729,0.332294,-0.930398],125,64.9785,[-63.5289,187.584,-71.4116],[-60.3573,186.225,-70.7685],[256.305,-9.84803,89.8609],false,[-100.181,128.544,66.9557],[-74.2398,157.067,11.3603],[-66.7918,173.985,-31.5711],[-62.525,183.148,-57.2276],[-59.772,188.784,-74.3373],[[[0.915842,-0.288421,0.27937],[0.119225,0.859695,0.496699],[-0.383431,-0.421589,0.821732]],[[0.977184,-0.190169,0.0945904],[0.140432,0.9126,0.383979],[-0.159344,-0.361935,0.918484]],[[0.977184,-0.190169,0.0945904],[0.145501,0.923806,0.354137],[-0.154729,-0.332294,0.930398]],[[0.977184,-0.190169,0.0945904],[0.149294,0.931763,0.330952],[-0.151073,-0.309279,0.938895]]],2],[1253,[-0.0518548,-0.706275,-0.706036],125,62.4785,[-61.1869,102.348,-45.7354],[-53.6095,102.711,-42.1628],[253.667,-12.6825,145.128],false,[-88.9151,126.211,70.0475],[-57.4426,150.008,23.863],[-50.2459,132.444,-15.0854],[-51.639,113.471,-34.052],[-54.7719,98.5469,-43.8363],[[[0.837823,-0.411299,0.359006],[0.172069,0.823015,0.541331],[-0.518116,-0.391766,0.760313]],[[0.851777,-0.400351,0.337928],[0.496878,0.821819,-0.278795],[-0.166099,0.40538,0.898932]],[[0.851777,-0.400351,0.337928],[0.521332,0.583862,-0.622348],[0.0518548,0.706274,0.706036]],[[0.851777,-0.400351,0.337928],[0.494547,0.401539,-0.770837],[0.172915,0.823702,0.540014]]],3],[1254,[-0.151709,-0.659618,-0.736131],125,48.982,[-52.7404,102.452,-23.7219],[-43.7769,102.859,-18.2976],[225.783,-1.35942,158.518],false,[-78.7709,117.04,71.9105],[-43.2322,139.034,34.2929],[-37.6216,124.175,3.90442],[-40.4991,111.664,-10.0577],[-45.7404,99.3665,-20.0921],[[[0.732201,-0.584171,0.35018],[0.253832,0.711157,0.655611],[-0.632022,-0.391152,0.668991]],[[0.652488,-0.626254,0.426691],[0.739923,0.648082,-0.180287],[-0.163625,0.433353,0.886246]],[[0.652488,-0.626254,0.426691],[0.742458,0.415584,-0.525401],[0.151709,0.659618,0.736131]],[[0.652488,-0.626254,0.426691],[0.68988,0.257906,-0.676424],[0.313567,0.735724,0.600321]]],4]],[[0,200,0],[235.247,235.247,147.751]]],[46444,99627827568,[[125,"right",[0.406697,0.548883,-0.730291],[0.0883603,-0.819274,-0.566554],[-79.1211,139.986,28.5707],[189.261,24.346,88.6786],[-87.7326,139.224,24.1335],1,0,0.474719,[[0.918052,-0.156019,0.364471],[-0.0418973,0.875985,0.480516],[-0.394241,-0.456409,0.797662]],61.7915,[-197.29,-6.05134,280.858],[-94.0668,113.449,72.0078]]],[[1250,[0.78589,-0.08509,-0.612484],125,50.5391,[-67.4231,110.313,-20.886],[-56.6922,110.29,-14.9503],[226.502,11.3352,107.983],false,[-119.628,107.634,57.9455],[-119.628,107.634,57.9455],[-96.4926,114.12,15.923],[-70.5082,111.307,-4.32799],[-52.6073,109.315,-18.1362],[[[0.36622,0.773133,0.517831],[-0.930018,0.285686,0.231191],[0.0308041,-0.566259,0.823651]],[[0.351028,0.876814,0.328598],[-0.805202,0.461782,-0.37203],[-0.477942,-0.133995,0.868111]],[[0.351028,0.876814,0.328598],[-0.509074,0.473241,-0.718948],[-0.78589,0.08509,0.612484]],[[0.351028,0.876814,0.328598],[-0.504632,0.472753,-0.722393],[-0.78875,0.087759,0.608418]]],0],[1251,[0.397426,0.240102,-0.885666],125,57.0277,[-63.3827,177.527,-66.8479],[-59.5685,177.713,-65.4751],[169.204,73.8019,67.7665],false,[-109.972,127.566,64.0956],[-91.5216,159.037,2.7849],[-74.927,170.789,-33.5779],[-65.6118,176.417,-54.3369],[-59.0467,179.861,-69.154],[[[0.964657,-0.0713738,0.25366],[-0.0505566,0.894607,0.443985],[-0.258615,-0.441117,0.85938]],[[0.917179,-0.134349,0.375145],[0.011441,0.949939,0.312225],[-0.398312,-0.282074,0.872801]],[[0.917179,-0.134349,0.375145],[0.0289151,0.961406,0.27361],[-0.397426,-0.240102,0.885666]],[[0.917179,-0.134349,0.375145],[0.0421505,0.968877,0.243927],[-0.396241,-0.207912,0.894296]]],1],[1252,[0.16119,0.336168,-0.927906],125,64.9785,[-60.8696,187.815,-70.5045],[-57.783,186.837,-69.8379],[266.449,10.848,94.3865],false,[-98.5129,128.452,67.3339],[-72.2431,157.269,12.045],[-64.5014,174.427,-30.7388],[-60.0564,183.697,-56.3265],[-57.1835,189.385,-73.3993],[[[0.915238,-0.28177,0.288003],[0.107592,0.859759,0.499237],[-0.388283,-0.425934,0.8172]],[[0.977709,-0.182568,0.1037],[0.129044,0.912099,0.38913],[-0.165627,-0.367074,0.915327]],[[0.977709,-0.182568,0.1037],[0.134546,0.923937,0.358103],[-0.16119,-0.336168,0.927906]],[[0.977709,-0.182568,0.1037],[0.138674,0.932332,0.333956],[-0.157652,-0.312131,0.936867]]],2],[1253,[-0.0390806,-0.705545,-0.707587],125,62.4785,[-58.6048,102.375,-44.4735],[-50.6424,103.154,-41.3319],[278.11,5.273,131.118],false,[-87.2601,126.201,70.5339],[-55.5165,150.32,24.7028],[-47.744,132.91,-14.2038],[-48.7938,113.956,-33.2122],[-51.7201,99.0191,-43.0406],[[[0.837391,-0.405384,0.366662],[0.160275,0.823415,0.544334],[-0.522579,-0.397054,0.754493]],[[0.85088,-0.394772,0.346638],[0.493784,0.826248,-0.271092],[-0.17939,0.401831,0.897971]],[[0.85088,-0.394772,0.346638],[0.523904,0.588525,-0.615762],[0.0390806,0.705545,0.707587]],[[0.85088,-0.394772,0.346638],[0.499919,0.405578,-0.765237],[0.161506,0.824416,0.542452]]],3],[1254,[-0.140342,-0.660417,-0.737667],125,48.982,[-50.8093,102.483,-22.5005],[-41.1149,103.291,-17.3405],[247.811,12.2583,145.332],false,[-77.0639,117.106,72.4829],[-41.3254,139.439,35.256],[-35.2819,124.648,4.91767],[-37.9437,112.121,-9.07355],[-43.0194,99.7913,-19.1533],[[[0.733209,-0.579056,0.356508],[0.241766,0.712004,0.659242],[-0.635573,-0.397171,0.662044]],[[0.651695,-0.622508,0.433332],[0.737718,0.652985,-0.171414],[-0.176253,0.431386,0.884783]],[[0.651695,-0.622508,0.433332],[0.745384,0.41992,-0.517755],[0.140342,0.660417,0.737667]],[[0.651695,-0.622508,0.433332],[0.695044,0.261408,-0.669761],[0.303655,0.737665,0.603029]]],4]],[[0,200,0],[235.247,235.247,147.751]]],[46445,99627836461,[[125,"right",[0.409896,0.546416,-0.730352],[0.0990929,-0.822646,-0.559852],[-77.3012,140.297,29.6379],[193.444,27.2344,97.1946],[-86.0281,139.4,25.0329],1,0,0.485897,[[0.914774,-0.148124,0.37583],[-0.0548879,0.876147,0.478909],[-0.40022,-0.458722,0.793346]],61.7915,[-197.267,-6.1378,280.842],[-92.4781,113.969,73.1215]]],[[1250,[0.789713,-0.0831506,-0.607816],125,50.5391,[-65.267,110.261,-19.6902],[-54.4724,110.443,-13.6559],[229.678,15.2955,114.795],false,[-117.867,107.883,58.8629],[-117.867,107.883,58.8629],[-94.525,114.212,16.9309],[-68.4142,111.463,-3.16577],[-50.4819,109.567,-16.9468],[[[0.35622,0.7792,0.515708],[-0.934017,0.281092,0.220452],[0.0268153,-0.560209,0.827917]],[[0.341883,0.882308,0.323494],[-0.806589,0.452146,-0.380759],[-0.482213,-0.130752,0.866241]],[[0.341883,0.882308,0.323494],[-0.509382,0.463269,-0.725198],[-0.789713,0.0831506,0.607816]],[[0.341883,0.882308,0.323494],[-0.508732,0.4632,-0.725697],[-0.790131,0.0835315,0.607219]]],0],[1251,[0.385429,0.253376,-0.887268],125,57.0277,[-62.0755,178.441,-66.2236],[-58.3908,178.709,-64.7031],[153.063,87.8282,71.1762],false,[-108.401,127.923,64.9607],[-89.5847,159.082,3.60235],[-73.5238,171.439,-32.7995],[-64.4897,177.378,-53.5961],[-58.1135,181.023,-68.4477],[[[0.962684,-0.0631336,0.263162],[-0.0606393,0.897362,0.437108],[-0.263748,-0.436755,0.860048]],[[0.922679,-0.116659,0.367498],[-0.00706654,0.947853,0.31863],[-0.385505,-0.29659,0.873739]],[[0.922679,-0.116659,0.367498],[0.010393,0.960308,0.278748],[-0.385429,-0.253376,0.887268]],[[0.922679,-0.116659,0.367498],[0.0237218,0.968499,0.247884],[-0.384839,-0.219999,0.896381]]],1],[1252,[0.167506,0.33312,-0.927886],125,64.9785,[-58.1904,187.935,-69.4966],[-55.3647,186.822,-68.8202],[267.602,7.37016,99.6551],false,[-96.9793,128.908,68.2995],[-70.3827,157.509,13.0545],[-62.36,174.541,-29.7278],[-57.7409,183.727,-55.315],[-54.7488,189.354,-72.3875],[[[0.914337,-0.273608,0.29854],[0.097211,0.863963,0.494082],[-0.393112,-0.422736,0.816552]],[[0.97797,-0.175061,0.113699],[0.118802,0.914646,0.386405],[-0.171639,-0.364385,0.915294]],[[0.97797,-0.175061,0.113699],[0.124561,0.926491,0.355105],[-0.167506,-0.33312,0.927886]],[[0.97797,-0.175061,0.113699],[0.128898,0.934884,0.330723],[-0.164192,-0.308782,0.936854]]],2],[1253,[-0.0270121,-0.710407,-0.703273],125,62.4785,[-55.6636,102.424,-42.9794],[-47.8791,103.177,-39.7141],[288.807,6.66523,143.772],false,[-85.7424,126.755,71.6204],[-53.7301,150.761,25.9172],[-45.3896,133.203,-12.805],[-46.1153,114.119,-31.6974],[-48.8536,99.0907,-41.4411],[[[0.836575,-0.39718,0.377347],[0.149707,0.828291,0.539927],[-0.527002,-0.395198,0.752388]],[[0.849404,-0.387243,0.358546],[0.491383,0.828142,-0.269673],[-0.192498,0.405244,0.893712]],[[0.849404,-0.387243,0.358546],[0.527051,0.587678,-0.613882],[0.0270121,0.710407,0.703273]],[[0.849404,-0.387243,0.358546],[0.505639,0.402598,-0.763049],[0.151136,0.829432,0.537773]]],3],[1254,[-0.130938,-0.667907,-0.732636],125,48.982,[-48.612,102.542,-21.0656],[-38.7028,103.452,-15.5746],[254.657,13.8841,159.911],false,[-75.5049,117.742,73.7294],[-39.5671,140.05,36.6798],[-33.1318,125.044,6.52801],[-35.6153,112.375,-7.36779],[-40.5619,99.9261,-17.3648],[[[0.733645,-0.571612,0.367458],[0.230851,0.718242,0.656382],[-0.639119,-0.396723,0.658891]],[[0.650039,-0.615811,0.445227],[0.736361,0.655164,-0.168916],[-0.187677,0.43765,0.879341]],[[0.650039,-0.615811,0.445227],[0.748535,0.417944,-0.514799],[0.130938,0.667907,0.732636]],[[0.650039,-0.615811,0.445227],[0.699909,0.257019,-0.666385],[0.295935,0.744794,0.598084]]],4]],[[0,200,0],[235.247,235.247,147.751]]],[46446,99627844906,[[125,"right",[0.408891,0.543353,-0.733196],[0.094784,-0.824369,-0.55806],[-75.2151,140.293,31.2541],[207.378,20.0291,121.692],[-84.2683,139.545,26.0454],1,0,0.496165,[[0.91094,-0.155021,0.382304],[-0.0538933,0.874051,0.482836],[-0.409003,-0.460439,0.787853]],61.7915,[-197.403,-6.43529,281.141],[-90.3146,114.121,74.8587]]],[[1250,[0.785052,-0.0867739,-0.613321],125,50.5391,[-63.2153,110.186,-18.4703],[-52.8511,110.217,-12.2353],[216.604,5.55949,125.784],false,[-115.771,108.071,60.7047],[-115.771,108.071,60.7047],[-92.756,114.192,18.5613],[-66.7992,111.323,-1.71733],[-48.9966,109.366,-15.657],[[[0.360245,0.779507,0.512437],[-0.932434,0.284331,0.222987],[0.0281184,-0.558143,0.829268]],[[0.34516,0.883456,0.316813],[-0.809205,0.451128,-0.376393],[-0.475449,-0.12645,0.870608]],[[0.34516,0.883456,0.316813],[-0.514351,0.460409,-0.72351],[-0.785052,0.0867739,0.613321]],[[0.34516,0.883456,0.316813],[-0.515317,0.460515,-0.722754],[-0.784419,0.0862071,0.614212]]],0],[1251,[0.36874,0.263595,-0.891374],125,57.0277,[-61.0568,179.248,-65.4312],[-57.5537,179.455,-63.3823],[136.148,90.3536,93.549],false,[-106.226,128.099,66.7175],[-87.5362,159.046,5.21309],[-72.1775,171.916,-31.3136],[-63.5346,178.095,-52.2064],[-57.4334,181.878,-67.1387],[[[0.963416,-0.0652076,0.259957],[-0.0565479,0.898658,0.434989],[-0.261977,-0.433776,0.862094]],[[0.929507,-0.111651,0.351498],[-0.0106965,0.944512,0.328304],[-0.368649,-0.308921,0.876736]],[[0.929507,-0.111651,0.351498],[0.00686973,0.95815,0.286184],[-0.36874,-0.263595,0.891374]],[[0.929507,-0.111651,0.351498],[0.020357,0.967153,0.253378],[-0.368242,-0.228361,0.901249]]],1],[1252,[0.166342,0.335439,-0.92726],125,64.9785,[-55.9282,188.044,-68.2396],[-53.4367,186.89,-67.25],[258.779,8.61083,122.728],false,[-94.79,129.06,70.0137],[-68.3057,157.442,14.6021],[-60.3385,174.536,-28.1657],[-55.7515,183.786,-53.7356],[-52.7802,189.469,-70.7933],[[[0.914594,-0.27545,0.29605],[0.101405,0.864955,0.491497],[-0.391453,-0.419499,0.819015]],[[0.977782,-0.177763,0.111099],[0.122019,0.913592,0.387894],[-0.170453,-0.365719,0.914984]],[[0.977782,-0.177763,0.111099],[0.127566,0.925139,0.357555],[-0.166342,-0.335439,0.92726]],[[0.977782,-0.177763,0.111099],[0.131748,0.933357,0.333898],[-0.16305,-0.311842,0.936039]]],2],[1253,[-0.0312337,-0.712174,-0.701308],125,62.4785,[-53.0601,102.391,-41.4568],[-46.123,102.903,-38.0829],[268.742,-2.47818,156.177],false,[-83.5477,126.884,73.3009],[-51.6275,150.68,27.4239],[-43.4255,133.026,-11.2843],[-44.2645,113.895,-30.124],[-47.0851,98.8451,-39.8111],[[[0.836756,-0.398596,0.375448],[0.153959,0.829252,0.537251],[-0.525487,-0.391744,0.755248]],[[0.84901,-0.389171,0.357389],[0.493301,0.826153,-0.272259],[-0.189303,0.407451,0.893391]],[[0.84901,-0.389171,0.357389],[0.527452,0.584255,-0.616799],[0.0312337,0.712174,0.701308]],[[0.84901,-0.389171,0.357389],[0.504922,0.398288,-0.765781],[0.155676,0.83061,0.534652]]],3],[1254,[-0.135394,-0.669733,-0.730155],125,48.982,[-46.5055,102.544,-19.6159],[-36.8761,103.193,-13.9629],[245.954,2.9746,167.86],false,[-73.3287,117.847,75.3974],[-37.4574,139.956,38.1646],[-31.1127,124.852,8.0425],[-33.6807,112.149,-5.80624],[-38.7138,99.6859,-15.7422],[[[0.733294,-0.572757,0.366372],[0.235197,0.719271,0.653706],[-0.637936,-0.39319,0.662148]],[[0.648071,-0.617295,0.446039],[0.738759,0.651849,-0.171253],[-0.185037,0.440499,0.878477]],[[0.648071,-0.617295,0.446039],[0.749448,0.412802,-0.517613],[0.135394,0.669733,0.730155]],[[0.648071,-0.617295,0.446039],[0.699525,0.250926,-0.669105],[0.301112,0.745643,0.594431]]],4]],[[0,200,0],[235.247,235.247,147.751]]],[46447,99627853522,[[125,"right",[0.41065,0.538559,-0.735745],[0.0872474,-0.826428,-0.556241],[-73.0276,140.515,32.3435],[219.685,21.5393,122.947],[-82.2925,139.716,27.1525],1,0,0.514359,[[0.90763,-0.164206,0.386321],[-0.0499964,0.871476,0.487883],[-0.416783,-0.462132,0.782768]],61.7915,[-197.314,-6.43807,281.009],[-88.1879,114.561,76.0575]]],[[1250,[0.780274,-0.0928477,-0.618508],125,50.5391,[-61.1284,110.123,-17.2422],[-51.2002,110.173,-11.3034],[207.645,4.55187,119.054],false,[-113.728,108.659,61.9924],[-113.728,108.659,61.9924],[-90.9397,114.514,19.6883],[-65.141,111.444,-0.761828],[-47.4472,109.35,-14.8196],[[[0.367314,0.778185,0.50942],[-0.929719,0.29158,0.224953],[0.0265185,-0.556246,0.830594]],[[0.352208,0.882437,0.311858],[-0.808906,0.454616,-0.372821],[-0.470766,-0.120953,0.873928]],[[0.352208,0.882437,0.311858],[-0.516839,0.461178,-0.721244],[-0.780274,0.0928477,0.618508]],[[0.352208,0.882437,0.311858],[-0.517818,0.461294,-0.720467],[-0.779625,0.0922689,0.619413]]],0],[1251,[0.357691,0.266743,-0.894933],125,57.0277,[-59.9498,179.955,-64.648],[-56.1289,180.021,-62.5602],[142.849,83.229,94.2269],false,[-104.023,128.633,67.9269],[-85.2893,159.29,6.29068],[-70.3843,172.369,-30.3498],[-62.0004,178.621,-51.326],[-56.0848,182.431,-66.3263],[[[0.963673,-0.0714723,0.257343],[-0.0488364,0.900131,0.432873],[-0.262581,-0.429716,0.863942]],[[0.933784,-0.112669,0.339637],[-0.00753068,0.94274,0.333444],[-0.357758,-0.313922,0.879467]],[[0.933784,-0.112669,0.339637],[0.0102355,0.957159,0.289381],[-0.357691,-0.266743,0.894933]],[[0.933784,-0.112669,0.339637],[0.0239117,0.966663,0.254933],[-0.357038,-0.229931,0.905348]]],1],[1252,[0.167644,0.337706,-0.926202],125,64.9785,[-53.5529,188.248,-67.0239],[-51.1153,187.154,-66.1625],[263.424,15.4913,124.354],false,[-92.5701,129.52,71.1877],[-66.0437,157.572,15.6283],[-58.0106,174.731,-27.1012],[-53.3877,184.044,-52.6419],[-50.3942,189.78,-69.6779],[[[0.913449,-0.281268,0.294108],[0.109034,0.865436,0.489011],[-0.392075,-0.414618,0.8212]],[[0.976661,-0.184851,0.109378],[0.12883,0.911626,0.390309],[-0.171861,-0.367109,0.914164]],[[0.976661,-0.184851,0.109378],[0.134271,0.922922,0.360814],[-0.167644,-0.337706,0.926202]],[[0.976661,-0.184851,0.109378],[0.138379,0.930997,0.337781],[-0.16427,-0.314762,0.934848]]],2],[1253,[-0.0386497,-0.714353,-0.698717],125,62.4785,[-50.615,102.309,-39.9856],[-44.4117,102.7,-36.9368],[250.573,-7.78072,150.133],false,[-81.3342,127.271,74.448],[-49.3772,150.722,28.419],[-41.3869,132.902,-10.2571],[-42.4252,113.712,-29.0271],[-45.3958,98.6478,-38.6468],[[[0.83496,-0.403651,0.374043],[0.161463,0.829471,0.534703],[-0.526091,-0.386061,0.75775]],[[0.84663,-0.394828,0.356832],[0.499208,0.821549,-0.275407],[-0.184416,0.411301,0.892649]],[[0.84663,-0.394828,0.356832],[0.530777,0.577763,-0.620053],[0.0386497,0.714353,0.698717]],[[0.84663,-0.394828,0.356832],[0.506298,0.390997,-0.768625],[0.163955,0.831404,0.53093]]],3],[1254,[-0.142049,-0.670901,-0.727814],125,48.982,[-44.3412,102.511,-18.1605],[-35.0703,102.991,-12.8469],[237.958,-3.1696,157.508],false,[-71.1742,118.167,76.5379],[-35.2534,139.924,39.146],[-29.0243,124.692,9.06438],[-31.7186,111.967,-4.73996],[-36.886,99.5139,-14.6202],[[[0.730226,-0.577087,0.365706],[0.242247,0.719203,0.651201],[-0.638817,-0.386933,0.664978]],[[0.642307,-0.621929,0.447936],[0.744608,0.644865,-0.17236],[-0.181663,0.444245,0.877294]],[[0.642307,-0.621929,0.447936],[0.75317,0.403851,-0.519269],[0.142049,0.670901,0.727814]],[[0.642307,-0.621929,0.447936],[0.701336,0.241189,-0.670788],[0.309145,0.745005,0.591098]]],4]],[[0,200,0],[235.247,235.247,147.751]]],[46448,99627862253,[[125,"right",[0.412327,0.535101,-0.737328],[0.089196,-0.829152,-0.551861],[-70.5897,140.652,33.0351],[235.616,19.9661,111.244],[-80.0132,139.898,28.2982],1,0,0.528714,[[0.903663,-0.165071,0.39515],[-0.0543151,0.871093,0.488105],[-0.424785,-0.462545,0.778209]],61.7915,[-197.074,-6.19914,280.595],[-85.8531,114.908,76.8377]]],[[1250,[0.781067,-0.0952092,-0.617146],125,50.5391,[-58.7801,110.054,-15.9842],[-48.7167,110.089,-10.4739],[227.527,1.45119,112.083],false,[-111.352,108.921,62.7338],[-111.352,108.921,62.7338],[-88.5233,114.576,20.4244],[-62.6983,111.428,0.0192308],[-44.9798,109.275,-13.9983],[[[0.365516,0.780932,0.506501],[-0.93048,0.292177,0.220996],[0.0245949,-0.552067,0.833437]],[[0.350782,0.884533,0.307494],[-0.809039,0.451612,-0.376168],[-0.471601,-0.116822,0.87404]],[[0.350782,0.884533,0.307494],[-0.51661,0.456657,-0.724278],[-0.781067,0.0952092,0.617146]],[[0.350782,0.884533,0.307494],[-0.517145,0.456722,-0.723855],[-0.780713,0.0948962,0.617642]]],0],[1251,[0.349407,0.268038,-0.897814],125,57.0277,[-58.6121,180.479,-63.9986],[-54.2118,180.204,-62.1843],[161.189,64.1204,79.4323],false,[-101.674,128.931,68.5943],[-82.7917,159.29,6.8558],[-68.2411,172.427,-29.9057],[-60.0514,178.71,-50.9495],[-54.2701,182.538,-65.9972],[[[0.963018,-0.0696393,0.260281],[-0.0504946,0.902259,0.428229],[-0.264662,-0.425535,0.865375]],[[0.936954,-0.105657,0.333096],[-0.0118103,0.943078,0.332363],[-0.349252,-0.315343,0.882373]],[[0.936954,-0.105657,0.333096],[0.00557811,0.957597,0.288057],[-0.349407,-0.268038,0.897814]],[[0.936954,-0.105657,0.333096],[0.0189918,0.967184,0.253367],[-0.348935,-0.231067,0.908214]]],1],[1252,[0.170564,0.337963,-0.925575],125,64.9785,[-50.8968,188.403,-66.0277],[-48.4005,187.222,-65.4871],[276.603,14.1138,112.105],false,[-90.2303,129.84,71.8813],[-63.5703,157.629,16.2535],[-55.4023,174.815,-26.4395],[-50.6989,184.135,-51.963],[-47.6519,189.87,-68.9897],[[[0.912811,-0.279276,0.297962],[0.107244,0.867934,0.484962],[-0.39405,-0.410724,0.822211]],[[0.976478,-0.183718,0.112862],[0.126307,0.911621,0.391144],[-0.174748,-0.367688,0.913383]],[[0.976478,-0.183718,0.112862],[0.131901,0.923054,0.361349],[-0.170564,-0.337963,0.925575]],[[0.976478,-0.183718,0.112862],[0.136136,0.931236,0.338033],[-0.167204,-0.314717,0.934343]]],2],[1253,[-0.036385,-0.718132,-0.694955],125,62.4785,[-47.9529,102.187,-38.5779],[-41.7606,102.489,-35.9534],[265.26,-11.687,139.994],false,[-79.002,127.614,75.1829],[-46.9345,150.853,29.123],[-38.8012,132.85,-9.43903],[-39.7786,113.559,-28.108],[-42.7228,98.4397,-37.6486],[[[0.834175,-0.401302,0.378297],[0.15957,0.832228,0.530974],[-0.527911,-0.382561,0.75826]],[[0.845446,-0.392897,0.361736],[0.499983,0.820365,-0.277522],[-0.187718,0.415491,0.890016]],[[0.845446,-0.392897,0.361736],[0.53282,0.574386,-0.621437],[0.036385,0.718132,0.694955]],[[0.845446,-0.392897,0.361736],[0.50874,0.386401,-0.769336],[0.162495,0.834462,0.526564]]],3],[1254,[-0.140689,-0.675689,-0.723637],125,48.982,[-41.9184,102.452,-16.6769],[-32.5179,102.851,-11.7918],[253.523,-6.55997,147.949],false,[-68.8427,118.526,77.3456],[-32.8336,140.116,39.9417],[-26.4616,124.689,9.98933],[-29.13,111.874,-3.73579],[-34.3014,99.362,-13.5393],[[[0.729559,-0.574837,0.370548],[0.240101,0.72259,0.64824],[-0.640386,-0.383961,0.665191]],[[0.638242,-0.620658,0.455446],[0.74707,0.642157,-0.171814],[-0.185831,0.449909,0.873527]],[[0.638242,-0.620658,0.455446],[0.756871,0.39778,-0.518573],[0.140689,0.675689,0.723637]],[[0.638242,-0.620658,0.455446],[0.704933,0.233425,-0.669763],[0.309381,0.74853,0.586504]]],4]],[[0,200,0],[235.247,235.247,147.751]]],[46449,99627870866,[[125,"right",[0.416646,0.532329,-0.736906],[0.088401,-0.8305,-0.549958],[-68.2447,140.892,33.5972],[245.307,22.0694,99.0827],[-77.4985,140.11,29.4305],1,0,0.537834,[[0.900321,-0.168816,0.401152],[-0.0550022,0.870187,0.489642],[-0.431736,-0.462899,0.774163]],61.7915,[-196.786,-5.91689,280.093],[-83.745,115.283,77.3955]]],[[1250,[0.782631,-0.0990753,-0.614551],125,50.5391,[-56.237,110.009,-14.7467],[-46.3645,110.154,-9.80791],[239.366,3.26066,102.811],false,[-109.214,109.353,63.2141],[-109.214,109.353,63.2141],[-86.2615,114.847,20.9506],[-60.3848,111.571,0.631259],[-42.6251,109.325,-13.3195],[[[0.366306,0.780706,0.506279],[-0.930282,0.295644,0.217186],[0.0198801,-0.550539,0.834573]],[[0.352538,0.884212,0.306409],[-0.806776,0.453085,-0.379245],[-0.474162,-0.113505,0.873091]],[[0.352538,0.884212,0.306409],[-0.513035,0.456458,-0.72694],[-0.782631,0.0990753,0.614551]],[[0.352538,0.884212,0.306409],[-0.513196,0.456478,-0.726813],[-0.782526,0.0989817,0.6147]]],0],[1251,[0.344119,0.270527,-0.899109],125,57.0277,[-57.0234,180.973,-63.4245],[-52.0863,180.67,-61.7854],[182.58,59.6254,70.0814],false,[-99.4906,129.341,69.07],[-80.2943,159.519,7.33988],[-65.9654,172.738,-29.4796],[-57.8996,179.079,-50.5537],[-52.2051,182.955,-65.6224],[[[0.961872,-0.0722877,0.263775],[-0.0490294,0.903242,0.426322],[-0.269071,-0.423,0.865258]],[[0.938914,-0.103892,0.328095],[-0.012285,0.942621,0.33364],[-0.343931,-0.31729,0.883764]],[[0.938914,-0.103892,0.328095],[0.00465189,0.95709,0.289753],[-0.344119,-0.270527,0.899109]],[[0.938914,-0.103892,0.328095],[0.0177348,0.966686,0.255352],[-0.343693,-0.233935,0.909478]]],1],[1252,[0.175377,0.34004,-0.923913],125,64.9785,[-48.0124,188.688,-65.1417],[-45.5268,187.594,-64.785],[292.132,22.3142,104.396],false,[-88.056,130.22,72.3952],[-61.1114,157.814,16.8078],[-52.7131,175.124,-25.7903],[-47.8769,184.501,-51.2679],[-44.7441,190.265,-68.2694],[[[0.910846,-0.281686,0.301681],[0.108397,0.868511,0.483672],[-0.398257,-0.40785,0.821614]],[[0.975502,-0.18662,0.116485],[0.126937,0.909954,0.394804],[-0.179674,-0.370346,0.911351]],[[0.975502,-0.18662,0.116485],[0.132811,0.921708,0.364439],[-0.175377,-0.34004,0.923913]],[[0.975502,-0.18662,0.116485],[0.137267,0.930128,0.340618],[-0.171912,-0.316284,0.932958]]],2],[1253,[-0.0363744,-0.719667,-0.693366],125,62.4785,[-45.2117,102.101,-37.3084],[-39.2961,102.483,-35.1905],[271.141,-8.37751,126.278],false,[-76.8466,127.963,75.7403],[-44.5428,151.008,29.7483],[-36.306,132.91,-8.74704],[-37.2831,113.578,-27.3733],[-40.2523,98.4433,-36.8822],[[[0.831531,-0.4033,0.381975],[0.160445,0.832722,0.529935],[-0.531802,-0.379372,0.757142]],[[0.842444,-0.395298,0.366097],[0.50413,0.818089,-0.276737],[-0.190107,0.417696,0.888476]],[[0.842444,-0.395298,0.366097],[0.537554,0.570806,-0.620658],[0.0363744,0.719667,0.693366]],[[0.842444,-0.395298,0.366097],[0.513256,0.38213,-0.768469],[0.163878,0.835294,0.524812]]],3],[1254,[-0.142481,-0.67828,-0.720858],125,48.982,[-39.3621,102.385,-15.2349],[-30.2125,102.778,-10.9213],[257.722,-7.27888,135.968],false,[-66.7247,118.846,77.9558],[-30.5149,140.247,40.6367],[-24.0576,124.67,10.7805],[-26.76,111.805,-2.89192],[-31.9959,99.2789,-12.6431],[[[0.726375,-0.576506,0.374192],[0.240207,0.723047,0.647691],[-0.643956,-0.380583,0.663685]],[[0.631178,-0.623261,0.461693],[0.75243,0.636526,-0.169365],[-0.188321,0.454291,0.870721]],[[0.631178,-0.623261,0.461693],[0.762439,0.389207,-0.516918],[0.142481,0.67828,0.720858]],[[0.631178,-0.623261,0.461693],[0.709572,0.22359,-0.668217],[0.313244,0.749368,0.583374]]],4]],[[0,200,0],[235.247,235.247,147.751]]],[46450,99627879623,[[125,"right",[0.425231,0.523795,-0.738118],[0.0782517,-0.833746,-0.546575],[-65.9521,140.836,34.751],[249.733,14.4267,107.847],[-74.7568,140.283,30.6939],1,0,0.547798,[[0.897233,-0.179443,0.403451],[-0.0492417,0.86734,0.495275],[-0.438802,-0.464244,0.76937]],61.7915,[-196.773,-5.94343,280.059],[-81.8821,115.609,78.6165]]],[[1250,[0.781722,-0.111333,-0.613609],125,50.5391,[-53.6358,109.867,-13.4049],[-44.4638,109.657,-8.54551],[232.986,-11.6188,113.596],false,[-107.401,109.967,64.4072],[-107.401,109.967,64.4072],[-84.3299,115.011,22.1521],[-58.4833,111.33,1.86389],[-40.7413,108.803,-12.0613],[[[0.375826,0.777651,0.503998],[-0.926627,0.309011,0.214183],[0.0108187,-0.547514,0.836727]],[[0.363854,0.880528,0.303777],[-0.800282,0.462398,-0.381756],[-0.476613,-0.104204,0.872916]],[[0.363854,0.880528,0.303777],[-0.50648,0.460733,-0.728837],[-0.781722,0.111333,0.613609]],[[0.363854,0.880528,0.303777],[-0.506438,0.460727,-0.728869],[-0.781748,0.111358,0.613571]]],0],[1251,[0.341782,0.267922,-0.900779],125,57.0277,[-55.0836,181.25,-62.7122],[-49.6582,180.458,-60.8683],[208.04,36.2265,79.2432],false,[-97.4202,129.845,70.2054],[-77.6979,159.522,8.39796],[-63.4467,172.578,-28.5097],[-55.4357,178.858,-49.6229],[-49.7854,182.707,-64.715],[[[0.960292,-0.0842361,0.265976],[-0.0376607,0.905469,0.422739],[-0.276443,-0.41597,0.866342]],[[0.939673,-0.111844,0.323273],[-0.00222712,0.943018,0.332734],[-0.342067,-0.313381,0.88588]],[[0.939673,-0.111844,0.323273],[0.014135,0.956927,0.289985],[-0.341782,-0.267922,0.900779]],[[0.939673,-0.111844,0.323273],[0.0267693,0.966183,0.256463],[-0.341025,-0.232338,0.91089]]],1],[1252,[0.182005,0.33606,-0.924088],125,64.9785,[-44.7774,188.523,-64.0742],[-42.3918,187.073,-63.6792],[310.458,-0.285583,110.078],false,[-85.9813,130.583,73.5501],[-58.5582,157.594,17.9107],[-49.8268,174.757,-24.6802],[-44.8078,184.024,-50.1626],[-41.5616,189.703,-67.1714],[[[0.906371,-0.292779,0.304587],[0.11917,0.86884,0.480537],[-0.405328,-0.399247,0.822381]],[[0.972677,-0.199285,0.119101],[0.137856,0.90855,0.394376],[-0.186803,-0.367181,0.911198]],[[0.972677,-0.199285,0.119101],[0.144132,0.920516,0.363148],[-0.182005,-0.33606,0.924088]],[[0.972677,-0.199285,0.119101],[0.148889,0.929071,0.338614],[-0.178134,-0.311629,0.933357]]],2],[1253,[-0.0453154,-0.722846,-0.689522],125,62.4785,[-42.6296,101.778,-35.9214],[-37.4055,101.711,-33.7628],[256.464,-29.6215,136.379],false,[-74.8099,128.188,76.9262],[-42.1083,150.616,30.9105],[-34.0099,132.238,-7.48113],[-35.2272,112.82,-26.0042],[-38.405,97.6738,-35.4268],[[[0.825264,-0.412998,0.38519],[0.17064,0.832532,0.527041],[-0.53835,-0.36922,0.757533]],[[0.835501,-0.405795,0.370497],[0.516722,0.809574,-0.278547],[-0.186912,0.424171,0.886083]],[[0.835501,-0.405795,0.370497],[0.547617,0.559307,-0.622327],[0.0453154,0.722846,0.689522]],[[0.835501,-0.405795,0.370497],[0.520746,0.369525,-0.769594],[0.175389,0.835931,0.520055]]],3],[1254,[-0.150916,-0.67982,-0.717683],125,48.982,[-36.8142,102.141,-13.7036],[-28.3694,101.987,-9.48659],[245.666,-29.0518,143.494],false,[-64.8164,118.944,79.1972],[-28.2482,139.709,41.8683],[-21.8964,123.901,12.1107],[-24.7588,111.007,-1.50145],[-30.1738,98.5113,-11.1931],[[[0.717795,-0.584799,0.377864],[0.248685,0.722248,0.645378],[-0.650328,-0.36928,0.663857]],[[0.619383,-0.630851,0.467323],[0.762922,0.624097,-0.16868],[-0.185243,0.461009,0.867846]],[[0.619383,-0.630851,0.467323],[0.770447,0.373994,-0.516274],[0.150916,0.67982,0.717684]],[[0.619383,-0.630851,0.467323],[0.715135,0.207734,-0.667404],[0.323954,0.747578,0.579811]]],4]],[[0,200,0],[235.247,235.247,147.751]]],[46451,99627888244,[[125,"right",[0.432823,0.519491,-0.736745],[0.0841255,-0.836972,-0.54074],[-63.8152,140.828,35.2608],[249.241,10.3779,94.9528],[-71.9511,140.423,31.865],1,0,0.554036,[[0.894025,-0.175778,0.412093],[-0.0566397,0.868092,0.493162],[-0.444421,-0.46424,0.76614]],61.7915,[-196.56,-5.69193,279.704],[-80.198,115.859,79.1072]]],[[1250,[0.787813,-0.114479,-0.605182],125,50.5391,[-50.8593,109.691,-12.0769],[-41.8979,109.404,-7.64585],[250.206,-15.8391,111.107],false,[-105.566,110.127,64.6658],[-105.566,110.127,64.6658],[-82.0742,114.938,22.6158],[-56.0262,111.153,2.60624],[-38.1384,108.547,-11.1165],[[[0.370383,0.780741,0.503248],[-0.928876,0.310044,0.202636],[0.00217671,-0.542508,0.840048]],[[0.360491,0.882397,0.302361],[-0.796574,0.459887,-0.392395],[-0.4853,-0.0993981,0.868679]],[[0.360491,0.882397,0.302361],[-0.499397,0.456366,-0.736432],[-0.787813,0.114479,0.605182]],[[0.360491,0.882397,0.302361],[-0.498827,0.456284,-0.736869],[-0.788174,0.114809,0.60465]]],0],[1251,[0.346608,0.266451,-0.89937],125,57.0277,[-52.75,181.344,-62.0768],[-46.9104,180.204,-60.4889],[238.25,17.488,69.8287],false,[-95.6501,130.042,70.4493],[-75.2884,159.354,8.67535],[-60.8464,172.329,-28.1867],[-52.7223,178.574,-49.2669],[-46.9889,182.405,-64.3323],[[[0.957475,-0.0823995,0.276499],[-0.042256,0.907965,0.416909],[-0.285405,-0.410864,0.865872]],[[0.937967,-0.107681,0.32958],[-0.007369,0.944146,0.329444],[-0.346647,-0.311436,0.884784]],[[0.937967,-0.107681,0.32958],[0.00902781,0.957815,0.287245],[-0.346608,-0.266451,0.89937]],[[0.937967,-0.107681,0.32958],[0.021709,0.966926,0.254132],[-0.346045,-0.231213,0.909282]]],1],[1252,[0.191605,0.330641,-0.924102],125,64.9785,[-41.394,188.109,-63.2884],[-39.2314,186.535,-63.1736],[325.159,-17.4614,96.0298],false,[-84.2469,130.802,73.9089],[-56.2489,157.488,18.399],[-47.0714,174.428,-24.1873],[-41.7877,183.546,-49.6701],[-38.366,189.116,-66.6803],[[[0.903194,-0.290722,0.315788],[0.113969,0.871723,0.476561],[-0.413826,-0.394437,0.820468]],[[0.971416,-0.198322,0.130456],[0.133412,0.910672,0.390997],[-0.196346,-0.362417,0.9111]],[[0.971416,-0.198322,0.130456],[0.140136,0.922684,0.359189],[-0.191605,-0.330641,0.924102]],[[0.971416,-0.198322,0.130456],[0.145241,0.931247,0.334191],[-0.187764,-0.305691,0.933433]]],2],[1253,[-0.0385839,-0.728013,-0.684477],125,62.4785,[-39.8452,101.39,-34.5717],[-34.5623,101.242,-32.6474],[276.085,-36.1059,134.719],false,[-73.111,128.43,77.4159],[-39.9344,150.592,31.6115],[-31.4005,131.966,-6.56614],[-32.437,112.409,-24.9536],[-35.5372,97.1905,-34.2839],[[[0.821273,-0.410479,0.396255],[0.164957,0.835706,0.523817],[-0.546169,-0.364832,0.754054]],[[0.830856,-0.403926,0.382782],[0.520464,0.807498,-0.277603],[-0.196965,0.429873,0.881144]],[[0.830856,-0.403926,0.382782],[0.555148,0.553933,-0.620459],[0.0385839,0.728013,0.684477]],[[0.830856,-0.403926,0.382782],[0.529528,0.362356,-0.767006],[0.17111,0.839965,0.514956]]],3],[1254,[-0.144884,-0.685371,-0.713636],125,48.982,[-34.1407,101.861,-12.1773],[-25.8139,101.647,-8.26403],[259.546,-31.8046,143.266],false,[-63.1399,119.202,79.8463],[-26.1876,139.753,42.7785],[-19.4838,123.718,13.2209],[-22.2318,110.718,-0.314533],[-27.591,98.1558,-9.95065],[[[0.713919,-0.582348,0.388832],[0.241782,0.726151,0.64362],[-0.657161,-0.36548,0.659214]],[[0.611532,-0.629024,0.479956],[0.766685,0.620984,-