{"metadata":{"formatVersion":2,"generatedBy":"LeapJS Playback 0.2.1","frames":51,"frameRate":"1.0e+2","modified":"Wed Mar 18 2015 21:00:00 GMT-0300 (E. South America Standard Time)","title":"tchau"},"frames":[["id","timestamp",{"hands":[["id","type","direction","palmNormal","palmPosition","palmVelocity","stabilizedPalmPosition","pinchStrength","grabStrength","confidence","armBasis","armWidth","elbow","wrist"]]},{"pointables":[["id","direction","handId","length","stabilizedTipPosition","tipPosition","tipVelocity","tool","carpPosition","mcpPosition","pipPosition","dipPosition","btipPosition","bases","type"]]},{"interactionBox":["center","size"]}],[636352,601844644093,[[425,"right",[-0.510836,0.675674,-0.531517],[-0.254937,-0.709527,-0.656946],[15.9065,77.1428,28.5928],[-76.4665,-32.0837,54.3164],[16.0382,77.1744,28.3698],0,0,0.839096,[[0.820149,0.200724,-0.535785],[0.0816868,0.885769,0.456882],[0.566289,-0.418478,0.710066]],58.2952,[187.757,-55.4074,229.115],[47.8763,47.9622,53.7186]]],[[4250,[-0.743412,0.426089,-0.515545],425,47.6795,[-53.96,71.7648,38.3409],[-54.2335,71.9104,39.9901],[-67.3445,-104.968,46.395],false,[25.5439,33.6179,62.8373],[25.5439,33.6179,62.8373],[-16.2172,51.347,57.6177],[-39.4063,64.6379,41.5364],[-58.6073,73.2144,37.511],[[[0.458713,0.846981,0.26871],[-0.34737,-0.107411,0.931556],[0.817873,-0.520659,0.244945]],[[0.354498,0.904654,0.236499],[-0.195211,-0.175749,0.964886],[0.914453,-0.388217,0.114296]],[[0.354498,0.904654,0.236499],[-0.567159,0.00694354,0.823579],[0.743412,-0.426089,0.515545]],[[0.354498,0.904654,0.236499],[-0.264809,-0.14544,0.95327],[0.896776,-0.400559,0.188003]]],0],[4251,[-0.693374,0.658599,-0.29237],425,53.801,[-62.383,140.913,12.1151],[-61.9626,141.382,12.498],[-141.454,-101.224,69.0753],false,[31.1616,54.4013,65.4405],[-14.0786,89.4166,29.9808],[-38.4813,119.541,23.5079],[-53.8136,134.104,17.0428],[-65.3725,142.563,10.7836],[[[0.723582,0.310695,-0.616358],[0.156966,0.795501,0.585269],[0.672154,-0.520238,0.526842]],[[0.637295,0.371133,-0.675364],[0.456499,0.524257,0.718862],[0.620857,-0.76643,0.164684]],[[0.637295,0.371133,-0.675364],[0.336285,0.654606,0.677055],[0.693374,-0.658599,0.29237]],[[0.637295,0.371133,-0.675364],[0.216844,0.754614,0.619304],[0.739482,-0.541128,0.400433]]],1],[4252,[-0.357904,0.836446,-0.415047],425,61.3019,[-24.715,166.545,-11.1552],[-25.463,166.233,-11.0359],[-152.141,-64.0688,54.0444],false,[39.1073,59.3829,59.1995],[2.91573,94.9189,20.4513],[-10.0839,134.6,6.27555],[-19.3949,156.361,-4.52209],[-26.4717,169.5,-13.0576],[[[0.770308,0.0973561,-0.630196],[0.291755,0.82496,0.484066],[0.567014,-0.556743,0.607069]],[[0.809598,0.0565054,-0.584258],[0.507588,0.432497,0.745185],[0.294797,-0.899863,0.321467]],[[0.809598,0.0565054,-0.584258],[0.465248,0.545129,0.697408],[0.357904,-0.836446,0.415047]],[[0.809598,0.0565054,-0.584258],[0.418465,0.642442,0.641993],[0.411628,-0.764248,0.496474]]],2],[4253,[-0.249053,0.836131,-0.488731],425,58.9434,[4.59416,163.011,-23.079],[3.92211,163.007,-22.6538],[-157.515,-52.9124,29.3359],false,[47.5372,61.5691,52.0944],[22.3459,94.9319,12.897],[14.9118,131.765,-3.19403],[8.59987,152.955,-15.5802],[3.33964,165.983,-25.3165],[[[0.821153,-0.0481022,-0.568678],[0.363971,0.81164,0.456909],[0.439583,-0.582175,0.683988]],[[0.836304,-0.0688297,-0.543928],[0.517221,0.428142,0.741064],[0.181871,-0.901087,0.393657]],[[0.836304,-0.0688297,-0.543928],[0.488434,0.544195,0.682117],[0.249053,-0.836131,0.488731]],[[0.836304,-0.0688297,-0.543928],[0.453755,0.643741,0.616201],[0.307736,-0.762142,0.569595]]],3],[4254,[-0.0299676,0.833365,-0.55191],425,46.2105,[39.3291,143.563,-27.6595],[39.0185,143.816,-27.1631],[-147.379,-34.9176,12.826],false,[55.8132,57.4466,42.9266],[39.6619,90.6239,4.8141],[41.0374,119.258,-10.1732],[40.5012,134.17,-20.0489],[38.9703,146.364,-29.9304],[[[0.795009,-0.2486,-0.553317],[0.524656,0.739634,0.421519],[0.304462,-0.625412,0.718445]],[[0.816817,-0.297834,-0.49407],[0.575328,0.357423,0.735694],[-0.0425227,-0.88518,0.463302]],[[0.816817,-0.297834,-0.49407],[0.576118,0.465616,0.671781],[0.0299676,-0.833365,0.55191]],[[0.816817,-0.297834,-0.49407],[0.56867,0.559807,0.602686],[0.0970835,-0.773247,0.626629]]],4]],[[0,200,0],[235.247,235.247,147.751]]],[636353,601844653052,[[425,"right",[-0.512554,0.674899,-0.530848],[-0.256498,-0.710348,-0.65545],[15.9169,77.0561,28.6361],[-55.2348,-25.9547,40.7833],[15.9688,77.1067,28.5223],0,0,0.851652,[[0.820183,0.199251,-0.536283],[0.0828574,0.886137,0.455957],[0.56607,-0.418403,0.710284]],58.2952,[187.794,-55.4362,229.156],[47.9669,47.915,53.7056]]],[[4250,[-0.744954,0.423088,-0.515791],425,47.6795,[-54.0829,71.2943,38.3772],[-54.1929,71.6424,39.9177],[-48.2052,-84.5441,32.6486],false,[25.6651,33.5727,62.9021],[25.6651,33.5727,62.9021],[-16.1138,51.2182,57.5429],[-39.3511,64.4155,41.4539],[-58.5933,72.9283,37.4907],[[[0.459147,0.847445,0.266498],[-0.344747,-0.106504,0.932634],[0.818739,-0.520091,0.243253]],[[0.35268,0.906056,0.233836],[-0.196678,-0.172536,0.965168],[0.914841,-0.386386,0.117351]],[[0.35268,0.906056,0.233836],[-0.566268,0.00771179,0.824185],[0.744954,-0.423088,0.515791]],[[0.35268,0.906056,0.233836],[-0.260681,-0.144868,0.954494],[0.8987,-0.397588,0.1851]]],0],[4251,[-0.694631,0.657639,-0.291547],425,53.801,[-62.644,140.619,12.2997],[-62.0446,141.218,12.6687],[-104.823,-78.2169,55.4849],false,[31.2823,54.361,65.4666],[-14.0687,89.3206,30.0936],[-38.5024,119.427,23.6532],[-53.8625,133.969,17.2064],[-65.4455,142.404,10.9603],[[[0.721758,0.310273,-0.618706],[0.158297,0.796206,0.58395],[0.673801,-0.51941,0.525552]],[[0.635266,0.370626,-0.67755],[0.458252,0.525289,0.716991],[0.621645,-0.765968,0.163858]],[[0.635266,0.370626,-0.67755],[0.337528,0.655857,0.675224],[0.694631,-0.657639,0.291547]],[[0.635266,0.370626,-0.67755],[0.217535,0.755926,0.617458],[0.741024,-0.53964,0.39959]]],1],[4252,[-0.358786,0.836573,-0.414027],425,61.3019,[-24.8782,166.423,-10.9898],[-25.5262,166.137,-10.9234],[-112.863,-49.1963,43.7659],false,[39.2088,59.3386,59.1981],[2.8971,94.8184,20.511],[-10.12,134.511,6.38443],[-19.454,156.275,-4.38669],[-26.5534,169.412,-12.9064],[[[0.768523,0.0969358,-0.632437],[0.292795,0.825602,0.482341],[0.568897,-0.555864,0.606112]],[[0.807924,0.0561849,-0.586602],[0.51002,0.431981,0.743823],[0.295192,-0.900131,0.320352]],[[0.807924,0.0561849,-0.586602],[0.467473,0.544968,0.696045],[0.358786,-0.836573,0.414027]],[[0.807924,0.0561849,-0.586602],[0.420399,0.642609,0.640562],[0.412946,-0.764132,0.495559]]],2],[4253,[-0.25025,0.835892,-0.488528],425,58.9434,[4.43506,162.877,-23.061],[3.80478,162.876,-22.664],[-118.281,-42.0695,21.8449],false,[47.6182,61.52,52.0672],[22.3062,94.8301,12.9029],[14.8352,131.656,-3.18615],[8.49299,152.841,-15.5672],[3.20778,165.862,-25.2978],[[[0.819591,-0.0484357,-0.570898],[0.36494,0.812278,0.454999],[0.44169,-0.581257,0.683411]],[[0.834871,-0.0692044,-0.546077],[0.519215,0.42842,0.739508],[0.182774,-0.900926,0.393608]],[[0.834871,-0.0692044,-0.546077],[0.49027,0.544514,0.680544],[0.25025,-0.835892,0.488528]],[[0.834871,-0.0692044,-0.546077],[0.455398,0.644104,0.614608],[0.309197,-0.761801,0.569259]]],3],[4254,[-0.0284195,0.834884,-0.549692],425,46.2105,[39.3626,143.541,-27.5553],[39.0072,143.73,-27.1689],[-105.824,-25.94,12.4916],false,[55.8703,57.3903,42.8811],[39.6013,90.5194,4.77677],[41.0364,119.192,-10.1322],[40.5279,134.131,-19.9683],[39.0152,146.351,-29.8195],[[[0.793563,-0.248926,-0.555243],[0.525553,0.74029,0.419243],[0.30668,-0.624505,0.71829]],[[0.81571,-0.298478,-0.495508],[0.576757,0.353965,0.736247],[-0.0443616,-0.886352,0.460882]],[[0.81571,-0.298478,-0.495508],[0.577762,0.462472,0.672541],[0.0284195,-0.834884,0.549692]],[[0.81571,-0.298478,-0.495508],[0.570452,0.557112,0.603499],[0.0959218,-0.774944,0.624709]]],4]],[[0,200,0],[235.247,235.247,147.751]]],[636354,601844661444,[[425,"right",[-0.51324,0.672777,-0.532875],[-0.256885,-0.712847,-0.652579],[16.0047,77.0308,28.7798],[-38.2404,-20.0222,34.6637],[15.986,77.0703,28.6457],0,0,0.789283,[[0.819969,0.197251,-0.537349],[0.0851456,0.886276,0.455264],[0.56604,-0.419055,0.709923]],58.2952,[187.906,-55.5202,229.288],[48.0863,47.9922,53.9278]]],[[4250,[-0.745661,0.418884,-0.518195],425,47.6795,[-54.0819,71.0052,38.3539],[-54.095,71.4796,39.8317],[-33.0718,-67.8442,22.2074],false,[25.7971,33.6775,63.1977],[25.7971,33.6775,63.1977],[-15.9794,51.2365,57.5444],[-39.2387,64.3028,41.3805],[-58.5146,72.7442,37.4286],[[[0.459138,0.848562,0.262936],[-0.343863,-0.103149,0.933337],[0.819116,-0.518944,0.244429]],[[0.350574,0.907979,0.229506],[-0.200643,-0.166551,0.965403],[0.91479,-0.384494,0.123791]],[[0.350574,0.907979,0.229506],[-0.566646,0.0105323,0.823894],[0.745661,-0.418884,0.518195]],[[0.350574,0.907979,0.229506],[-0.258071,-0.141912,0.955647],[0.900276,-0.394254,0.184572]]],0],[4251,[-0.695238,0.656067,-0.293632],425,53.801,[-62.6997,140.444,12.3416],[-62.0077,141.087,12.6339],[-76.1944,-61.7627,40.1803],false,[31.4105,54.4769,65.6801],[-13.9833,89.2917,30.2194],[-38.4313,119.367,23.6905],[-53.8049,133.875,17.1976],[-65.3989,142.273,10.9229],[[[0.721099,0.308191,-0.620511],[0.158593,0.798411,0.580851],[0.674436,-0.51726,0.526856]],[[0.634535,0.368301,-0.6795],[0.458766,0.528058,0.714624],[0.622012,-0.765186,0.166107]],[[0.634535,0.368301,-0.6795],[0.337653,0.658734,0.672354],[0.695238,-0.656067,0.293632]],[[0.634535,0.368301,-0.6795],[0.217248,0.758727,0.614115],[0.741734,-0.537297,0.401426]]],1],[4252,[-0.358507,0.836349,-0.41472],425,61.3019,[-24.8248,166.344,-10.9284],[-25.4039,166.039,-10.9547],[-80.2013,-38.6685,33.6066],false,[39.3298,59.4335,59.3859],[2.97218,94.759,20.6008],[-10.0128,134.454,6.45159],[-19.3396,156.212,-4.33754],[-26.4415,169.338,-12.8721],[[[0.767915,0.0948184,-0.633494],[0.292989,0.82747,0.47901],[0.569617,-0.553446,0.607646]],[[0.807142,0.0544979,-0.587836],[0.511675,0.432083,0.742626],[0.294466,-0.900186,0.320868]],[[0.807142,0.0544979,-0.587836],[0.469035,0.545481,0.694591],[0.358507,-0.836349,0.41472]],[[0.807142,0.0544979,-0.587836],[0.421753,0.643516,0.638758],[0.413093,-0.76349,0.496424]]],2],[4253,[-0.250647,0.834267,-0.491095],425,58.9434,[4.45856,162.681,-23.1903],[3.85056,162.667,-22.8241],[-86.539,-37.4339,11.8357],false,[47.7321,61.5909,52.2393],[22.3744,94.7482,12.975],[14.888,131.519,-3.23331],[8.53571,152.662,-15.6794],[3.24328,165.653,-25.4479],[[[0.819083,-0.0503091,-0.571465],[0.365113,0.814065,0.451652],[0.442488,-0.57859,0.685156]],[[0.834422,-0.0710232,-0.54653],[0.519804,0.430966,0.737612],[0.183148,-0.899569,0.396526]],[[0.834422,-0.0710232,-0.54653],[0.490831,0.546767,0.678329],[0.250647,-0.834267,0.491095]],[[0.834422,-0.0710232,-0.54653],[0.455933,0.646068,0.612144],[0.309619,-0.759968,0.571476]]],3],[4254,[-0.0260209,0.835075,-0.549521],425,46.2105,[39.5609,143.44,-27.4838],[39.1702,143.565,-27.1977],[-72.2,-22.4182,11.4713],false,[55.977,57.4296,43.061],[39.6633,90.4125,4.84911],[41.1644,119.077,-10.0686],[40.6988,134.02,-19.9016],[39.2275,146.25,-29.7463],[[[0.793129,-0.250747,-0.555042],[0.525715,0.741994,0.416016],[0.307523,-0.621748,0.720318]],[[0.815423,-0.300262,-0.494903],[0.577003,0.353067,0.736486],[-0.0464048,-0.886107,0.461151]],[[0.815423,-0.300262,-0.494903],[0.578281,0.460969,0.673126],[0.0260209,-0.835075,0.549521]],[[0.815423,-0.300262,-0.494903],[0.571297,0.555241,0.604423],[0.0933053,-0.775596,0.624295]]],4]],[[0,200,0],[235.247,235.247,147.751]]],[636355,601844670336,[[425,"right",[-0.511204,0.676316,-0.530346],[-0.26025,-0.709909,-0.654445],[16.367,76.8787,28.5848],[-16.7756,-19.23,19.2806],[16.1539,76.9859,28.6188],0,0,0.782403,[[0.82059,0.195441,-0.537062],[0.0853509,0.887266,0.453292],[0.565109,-0.417805,0.7114]],58.2952,[187.952,-55.5606,229.339],[48.3627,47.6431,53.6135]]],[[4250,[-0.744962,0.423117,-0.515755],425,47.6795,[-53.8698,70.9242,38.2506],[-53.7506,71.5373,39.6526],[-13.8813,-47.1193,11.6935],false,[26.0284,33.3857,62.8631],[26.0284,33.3857,62.8631],[-15.6801,51.121,57.2581],[-38.9176,64.3192,41.1702],[-58.177,72.8364,37.3011],[[[0.46263,0.846017,0.265006],[-0.343322,-0.104629,0.933372],[0.817376,-0.522788,0.242052]],[[0.354104,0.90602,0.231813],[-0.201226,-0.168254,0.964986],[0.913301,-0.388352,0.122735]],[[0.354104,0.90602,0.231813],[-0.565369,0.00993898,0.824779],[0.744962,-0.423117,0.515755]],[[0.354104,0.90602,0.231813],[-0.255937,-0.144528,0.955828],[0.899503,-0.397792,0.180707]]],0],[4251,[-0.693533,0.658579,-0.292037],425,53.801,[-62.3641,140.468,12.3673],[-61.4626,141.214,12.6624],[-38.3171,-40.658,29.7502],false,[31.7235,54.156,65.402],[-13.5726,89.2493,30.0911],[-37.9209,119.427,23.6616],[-53.2568,133.99,17.2039],[-64.8332,142.422,10.9418],[[[0.721649,0.307297,-0.620315],[0.162214,0.796061,0.583072],[0.672985,-0.521398,0.524629]],[[0.635281,0.367896,-0.679022],[0.461162,0.524556,0.715661],[0.619474,-0.767785,0.163581]],[[0.635281,0.367896,-0.679022],[0.339751,0.656449,0.673531],[0.693533,-0.658579,0.292037]],[[0.635281,0.367896,-0.679022],[0.218915,0.757392,0.61517],[0.740604,-0.539454,0.400619]]],1],[4252,[-0.355859,0.838829,-0.411983],425,61.3019,[-24.3306,166.41,-10.8361],[-24.7389,166.162,-10.8454],[-38.3745,-24.6775,27.7232],false,[39.6554,59.1012,59.1146],[3.39392,94.6808,20.4719],[-9.45599,134.467,6.45381],[-18.7138,156.289,-4.26414],[-25.7774,169.463,-12.756],[[[0.767639,0.0937871,-0.633983],[0.296618,0.824912,0.481183],[0.568109,-0.557426,0.605416]],[[0.806738,0.0532033,-0.58851],[0.514061,0.427949,0.743371],[0.291402,-0.902236,0.317893]],[[0.806738,0.0532033,-0.58851],[0.47174,0.541789,0.695648],[0.355859,-0.838829,0.411983]],[[0.806738,0.0532033,-0.58851],[0.424698,0.640272,0.640065],[0.41086,-0.766304,0.493936]]],2],[4253,[-0.238037,0.847143,-0.475065],425,58.9434,[5.45694,163.228,-22.4369],[5.07001,163.167,-22.159],[-21.7469,-4.12892,40.1385],false,[48.0586,61.248,51.9661],[22.7883,94.6189,12.8265],[15.7379,131.71,-2.83831],[9.70523,153.18,-14.8782],[4.6476,166.481,-24.3479],[[[0.818315,-0.0517189,-0.572438],[0.368663,0.811315,0.453713],[0.440962,-0.582317,0.682978]],[[0.833705,-0.0727136,-0.547401],[0.524581,0.413918,0.743967],[0.172483,-0.907406,0.38323]],[[0.833705,-0.0727136,-0.547401],[0.498271,0.526366,0.688959],[0.238037,-0.847143,0.475065]],[[0.833705,-0.0727136,-0.547401],[0.466249,0.623842,0.627242],[0.295883,-0.77816,0.554003]]],3],[4254,[-0.0231756,0.837044,-0.546645],425,46.2105,[40.1243,143.38,-27.4756],[39.7526,143.496,-27.2097],[-34.9933,-18.1468,8.55761],false,[56.2784,57.0828,42.7671],[40.0525,90.2417,4.67027],[41.6599,118.954,-10.1446],[41.2452,133.932,-19.9261],[39.8114,146.199,-29.7303],[[[0.791614,-0.252105,-0.556588],[0.528953,0.738739,0.417699],[0.305869,-0.625066,0.718148]],[[0.813759,-0.301835,-0.496681],[0.579074,0.347998,0.737272],[-0.0496905,-0.887577,0.457971]],[[0.813759,-0.301835,-0.496681],[0.58074,0.456348,0.674157],[0.0231756,-0.837044,0.546645]],[[0.813759,-0.301835,-0.496681],[0.574046,0.551096,0.605611],[0.0909249,-0.777939,0.621727]]],4]],[[0,200,0],[235.247,235.247,147.751]]],[636356,601844678781,[[425,"right",[-0.510251,0.676483,-0.531051],[-0.265027,-0.711114,-0.651212],[16.8244,76.8138,28.4033],[1.67631,-16.2248,8.6761],[16.4216,76.9172,28.5328],0,0,0.792575,[[0.821031,0.18943,-0.538539],[0.0899859,0.888608,0.449755],[0.563746,-0.417724,0.712529]],58.2952,[188.038,-55.6435,229.436],[48.7854,47.54,53.4316]]],[[4250,[-0.744968,0.423866,-0.515131],425,47.6795,[-53.5042,71.0283,38.2045],[-53.278,71.7378,39.6069],[4.03278,-28.2766,8.20909],false,[26.4254,33.4004,62.7992],[26.4254,33.4004,62.7992],[-15.2184,51.2767,57.1614],[-38.4561,64.4983,41.093],[-57.7117,73.0607,37.3054],[[[0.466711,0.845118,0.260684],[-0.340803,-0.100136,0.934786],[0.816109,-0.525117,0.241284]],[[0.357944,0.905602,0.227509],[-0.200854,-0.163273,0.965919],[0.911885,-0.391441,0.123451]],[[0.357944,0.905602,0.227509],[-0.562937,0.0149011,0.826365],[0.744968,-0.423866,0.515131]],[[0.357944,0.905602,0.227509],[-0.251181,-0.141285,0.957573],[0.899324,-0.399904,0.176898]]],0],[4251,[-0.692105,0.659647,-0.293014],425,53.801,[-61.8661,140.567,12.2565],[-60.8338,141.351,12.4652],[-8.41864,-25.3931,15.7972],false,[32.2084,54.157,65.2496],[-13.0624,89.3051,29.9607],[-37.3124,119.553,23.4914],[-52.6167,134.14,17.0121],[-64.1838,142.575,10.737],[[[0.720885,0.302402,-0.623601],[0.167101,0.797401,0.579852],[0.672609,-0.522211,0.524303]],[[0.63477,0.363006,-0.682125],[0.465201,0.525331,0.712471],[0.616972,-0.769581,0.164594]],[[0.63477,0.363006,-0.682125],[0.343596,0.658098,0.669962],[0.692105,-0.659647,0.293014]],[[0.63477,0.363006,-0.682125],[0.222381,0.759608,0.611182],[0.74001,-0.539651,0.401451]]],1],[4252,[-0.353884,0.838812,-0.413716],425,61.3019,[-23.7264,166.398,-11.0624],[-24.0514,166.125,-11.1997],[-7.3285,-19.5098,9.54835],false,[40.1395,59.0502,58.9208],[3.89476,94.6383,20.2703],[-8.84175,134.428,6.1612],[-18.0482,156.25,-4.60181],[-25.0879,169.422,-13.1175],[[[0.766009,0.0886715,-0.636685],[0.301296,0.825388,0.477448],[0.567848,-0.557559,0.605538]],[[0.805102,0.048081,-0.591184],[0.518061,0.428349,0.740358],[0.28883,-0.902333,0.319956]],[[0.805102,0.048081,-0.591184],[0.476,0.542294,0.692344],[0.353884,-0.838812,0.413716]],[[0.805102,0.048081,-0.591184],[0.429122,0.640857,0.63652],[0.409468,-0.766153,0.495323]]],2],[4253,[-0.234612,0.848381,-0.474559],425,58.9434,[6.06312,163.298,-22.4301],[5.84361,163.078,-22.4787],[6.90735,-5.108,21.8588],false,[48.5286,61.1403,51.7388],[23.2648,94.4756,12.5648],[16.355,131.583,-3.12312],[10.4091,153.084,-15.1502],[5.40718,166.423,-24.5973],[[[0.816316,-0.0568196,-0.574803],[0.373202,0.811419,0.449799],[0.440849,-0.581696,0.68358]],[[0.831599,-0.0776403,-0.549924],[0.529026,0.412123,0.741812],[0.169042,-0.907814,0.383795]],[[0.831599,-0.0776403,-0.549924],[0.50339,0.523661,0.687297],[0.234612,-0.848381,0.474559]],[[0.831599,-0.0776403,-0.549924],[0.472032,0.620531,0.626201],[0.292626,-0.780329,0.552681]]],3],[4254,[-0.0155407,0.840031,-0.542315],425,46.2105,[40.9888,143.297,-27.5285],[40.5648,143.299,-27.4387],[1.69634,-16.0484,4.60308],false,[56.7035,56.9122,42.5285],[40.4864,90.0042,4.3698],[42.3236,118.758,-10.3367],[42.0455,133.789,-20.0408],[40.7358,146.131,-29.7689],[[[0.788893,-0.257046,-0.558189],[0.533098,0.738103,0.413534],[0.305703,-0.623803,0.719315]],[[0.811025,-0.306635,-0.49821],[0.582248,0.340415,0.738312],[-0.0567942,-0.888872,0.454623]],[[0.811025,-0.306635,-0.49821],[0.584805,0.447574,0.676521],[0.0155407,-0.840031,0.542315]],[[0.811025,-0.306635,-0.49821],[0.579085,0.541705,0.609275],[0.0830582,-0.782643,0.616905]]],4]],[[0,200,0],[235.247,235.247,147.751]]],[636357,601844687780,[[425,"right",[-0.505988,0.674246,-0.53793],[-0.26958,-0.716035,-0.64391],[17.8153,77.0901,28.0238],[31.4468,-3.34171,-5.28327],[17.014,76.9907,28.3164],0,0,0.805261,[[0.821779,0.178972,-0.54097],[0.099301,0.889882,0.445251],[0.561087,-0.419617,0.713514]],58.2952,[188.188,-55.7798,229.597],[49.5918,47.8713,53.3497]]],[[4250,[-0.74251,0.422517,-0.519768],425,47.6795,[-52.7622,71.5524,37.9092],[-52.3216,72.5003,39.1316],[31.8455,2.76236,-7.38991],false,[27.1432,33.9703,62.8614],[27.1432,33.9703,62.8614],[-14.3728,52.0368,56.8969],[-37.5338,65.2164,40.6838],[-56.7561,73.837,36.8596],[[[0.472082,0.84476,0.252032],[-0.341363,-0.0884164,0.935764],[0.812779,-0.527791,0.24663]],[[0.362927,0.905959,0.217995],[-0.204565,-0.150775,0.967171],[0.909086,-0.395606,0.130607]],[[0.362927,0.905959,0.217995],[-0.562995,0.0267746,0.826026],[0.74251,-0.422517,0.519768]],[[0.362927,0.905959,0.217995],[-0.249582,-0.130888,0.959467],[0.897771,-0.402624,0.178608]]],0],[4251,[-0.68814,0.660149,-0.301108],425,53.801,[-60.8411,140.938,11.5572],[-59.4648,141.895,11.3679],[36.3863,-1.31185,-22.3379],false,[33.0579,54.7138,65.0996],[-11.9916,89.7859,29.4538],[-36.0453,120.118,22.6516],[-51.2619,134.715,15.9933],[-62.7796,143.132,9.60264],[[[0.722743,0.291436,-0.626664],[0.172198,0.802208,0.571673],[0.669321,-0.521083,0.529605]],[[0.637405,0.35173,-0.685567],[0.468185,0.529864,0.70714],[0.611979,-0.771706,0.173063]],[[0.637405,0.35173,-0.685567],[0.346667,0.663694,0.662821],[0.68814,-0.660149,0.301108]],[[0.637405,0.35173,-0.685567],[0.225325,0.765756,0.602367],[0.736847,-0.538427,0.408843]]],1],[4252,[-0.348081,0.837402,-0.421424],425,61.3019,[-22.4761,166.508,-11.9517],[-22.4448,166.29,-12.4452],[43.4565,-9.02352,-30.4125],false,[41.0195,59.4917,58.721],[4.99835,94.9122,19.7092],[-7.46444,134.656,5.23031],[-16.5199,156.441,-5.73325],[-23.4683,169.584,-14.3689],[[[0.76651,0.0773006,-0.637564],[0.30656,0.828295,0.468987],[0.564344,-0.554935,0.611199]],[[0.805312,0.0369693,-0.591697],[0.521149,0.431646,0.736264],[0.282623,-0.901285,0.328343]],[[0.805312,0.0369693,-0.591697],[0.479908,0.545337,0.687238],[0.348081,-0.837402,0.421424]],[[0.805312,0.0369693,-0.591697],[0.433739,0.64365,0.630543],[0.404157,-0.764427,0.502304]]],2],[4253,[-0.228861,0.845362,-0.482687],425,58.9434,[7.26931,163.241,-23.1368],[7.42859,162.927,-23.7067],[52.9346,-8.39104,-21.2325],false,[49.4211,61.455,51.518],[24.3664,94.5479,12.0057],[17.7116,131.552,-4.03291],[11.9114,152.977,-16.2659],[6.99841,166.255,-25.8428],[[[0.815897,-0.067867,-0.5742],[0.378374,0.813589,0.441482],[0.4372,-0.577466,0.689484]],[[0.831055,-0.0885374,-0.549098],[0.531829,0.41548,0.737926],[0.162805,-0.905283,0.392373]],[[0.831055,-0.0885374,-0.549098],[0.506922,0.526806,0.682279],[0.228861,-0.845362,0.482687]],[[0.831055,-0.0885374,-0.549098],[0.476168,0.62344,0.620151],[0.287423,-0.776842,0.560271]]],3],[4254,[-0.00684072,0.838523,-0.544824],425,46.2105,[42.5358,143.078,-28.1769],[42.1516,142.987,-28.2663],[50.2367,-18.6577,-17.7277],false,[57.5684,57.0813,42.3513],[41.5587,89.8838,3.85662],[43.6683,118.563,-10.959],[43.5459,133.567,-20.7079],[42.3736,145.899,-30.4664],[[[0.787206,-0.267736,-0.55554],[0.537799,0.738893,0.405967],[0.301793,-0.618348,0.725649]],[[0.808639,-0.315877,-0.496311],[0.584679,0.337985,0.737507],[-0.0652157,-0.886559,0.457995]],[[0.808639,-0.315877,-0.496311],[0.588266,0.443961,0.675901],[0.00684072,-0.838523,0.544824]],[[0.808639,-0.315877,-0.496311],[0.583589,0.537304,0.608874],[0.0743406,-0.782001,0.618828]]],4]],[[0,200,0],[235.247,235.247,147.751]]],[636358,601844696098,[[425,"right",[-0.497167,0.669191,-0.552275],[-0.271319,-0.724499,-0.63363],[19.2743,77.8031,27.9976],[68.4035,19.5211,-4.7366],[17.9361,77.3221,28.1864],0,0,0.808532,[[0.82198,0.166827,-0.544534],[0.112231,0.889936,0.442061],[0.558348,-0.424479,0.712787]],58.2952,[188.575,-56.0936,230.076],[50.6554,48.7585,54.0076]]],[[4250,[-0.737056,0.41695,-0.531884],425,47.6795,[-51.7632,72.43,37.4757],[-51.0132,73.7534,38.5144],[62.9613,38.8356,-23.015],false,[28.0366,35.1971,63.6056],[28.0366,35.1971,63.6056],[-13.2937,53.395,56.8087],[-36.2846,66.4009,40.2177],[-55.4759,75.031,36.2615],[[[0.477294,0.84506,0.240965],[-0.347901,-0.0700891,0.934908],[0.806942,-0.530058,0.260544]],[[0.366135,0.907857,0.204308],[-0.216534,-0.130409,0.967526],[0.905018,-0.398485,0.148835]],[[0.366135,0.907857,0.204308],[-0.568061,0.0441545,0.821801],[0.737057,-0.41695,0.531884]],[[0.366135,0.907857,0.204308],[-0.250094,-0.115476,0.961311],[0.896325,-0.403066,0.18477]]],0],[4251,[-0.680865,0.66029,-0.316922],425,53.801,[-59.3463,141.626,10.44],[-57.3861,142.913,9.75171],[91.6969,30.905,-66.3523],false,[34.1042,55.9272,65.5364],[-10.4376,90.7578,29.0263],[-34.1947,121.168,21.562],[-49.2505,135.768,14.554],[-60.66,144.159,7.93915],[[[0.728968,0.275191,-0.626799],[0.175088,0.810229,0.559351],[0.661778,-0.517494,0.542448]],[[0.644719,0.335022,-0.687094],[0.467974,0.537739,0.701311],[0.604432,-0.77369,0.189909]],[[0.644719,0.335022,-0.687094],[0.347505,0.672144,0.653806],[0.680865,-0.66029,0.316922]],[[0.644719,0.335022,-0.687094],[0.227032,0.774366,0.590605],[0.729928,-0.536766,0.423187]]],1],[4252,[-0.337353,0.834587,-0.435498],425,61.3019,[-20.562,166.816,-13.1929],[-19.91,166.721,-14.1032],[110.581,7.27426,-72.1918],false,[42.1437,60.5346,59.1303],[6.65363,95.5856,19.3064],[-5.34971,135.223,4.16203],[-14.1261,156.935,-7.16765],[-20.8893,170.025,-16.027],[[[0.771074,0.0605621,-0.633859],[0.310294,0.83353,0.457105],[0.556024,-0.549144,0.623921]],[[0.809228,0.0207313,-0.587128],[0.520629,0.437736,0.73303],[0.272204,-0.898864,0.343435]],[[0.809228,0.0207313,-0.587128],[0.480981,0.550487,0.682365],[0.337353,-0.834586,0.435498]],[[0.809228,0.0207313,-0.587128],[0.436343,0.647978,0.624283],[0.393389,-0.761377,0.515316]]],2],[4253,[-0.218977,0.839111,-0.497938],425,58.9434,[9.0956,163.178,-24.2292],[9.9202,162.857,-25.2061],[115.921,-8.59526,-61.9091],false,[50.6057,62.3107,51.9494],[26.0658,94.9388,11.7337],[19.8136,131.728,-4.94964],[14.264,152.994,-17.5692],[9.51796,166.151,-27.3946],[[[0.818893,-0.0839176,-0.567778],[0.382158,0.817797,0.430306],[0.428217,-0.569356,0.701758]],[[0.833695,-0.104242,-0.542298],[0.53062,0.423217,0.734391],[0.152955,-0.900012,0.408146]],[[0.833695,-0.104242,-0.542298],[0.506954,0.533879,0.676735],[0.218977,-0.839111,0.497938]],[[0.833695,-0.104242,-0.542298],[0.477349,0.629784,0.612788],[0.277652,-0.769744,0.574807]]],3],[4254,[0.00526934,0.832267,-0.55435],425,46.2105,[44.8501,142.82,-28.8447],[44.6051,142.664,-29.051],[112.996,-22.191,-34.5733],false,[58.7745,57.7201,42.9088],[43.2705,90.0029,3.77304],[45.7519,118.479,-11.3734],[45.8462,133.371,-21.2927],[44.8701,145.607,-31.1921],[[[0.788475,-0.283213,-0.545983],[0.541194,0.741254,0.397055],[0.292261,-0.60855,0.737733]],[[0.808771,-0.329569,-0.487107],[0.583099,0.341319,0.737222],[-0.0767068,-0.880276,0.468221]],[[0.808771,-0.329569,-0.487107],[0.588099,0.445776,0.67485],[-0.00526933,-0.832267,0.55435]],[[0.808771,-0.329569,-0.487107],[0.584857,0.537863,0.607162],[0.061895,-0.775943,0.627759]]],4]],[[0,200,0],[235.247,235.247,147.751]]],[636359,601844704847,[[425,"right",[-0.487858,0.670272,-0.559223],[-0.281152,-0.727146,-0.626268],[21.1953,78.1485,27.0604],[108.926,24.8715,-32.1817],[19.3098,77.6704,27.7118],0,0,0.822213,[[0.823783,0.150333,-0.546609],[0.125131,0.892199,0.433963],[0.552923,-0.425889,0.716167]],58.2952,[188.751,-56.257,230.278],[52.1712,48.9433,53.3745]]],[[4250,[-0.732151,0.420899,-0.535536],425,47.6795,[-50.2873,73.5775,36.7473],[-49.1688,75.0988,37.5187],[101.831,69.596,-45.6403],false,[29.367,35.7924,63.1044],[29.367,35.7924,63.1044],[-11.6969,54.4648,55.9875],[-34.5348,67.5939,39.2826],[-53.6356,76.4197,35.3203],[[[0.488817,0.840848,0.23245],[-0.348959,-0.0557473,0.935479],[0.799554,-0.538393,0.266171]],[[0.377809,0.905144,0.194872],[-0.220736,-0.116349,0.968369],[0.899186,-0.408874,0.15584]],[[0.377809,0.905144,0.194872],[-0.566759,0.0596543,0.821721],[0.732151,-0.420899,0.535536]],[[0.377809,0.905144,0.194872],[-0.247831,-0.103929,0.963213],[0.892099,-0.412206,0.185057]]],0],[4251,[-0.671611,0.66598,-0.324667],425,53.801,[-57.1346,142.586,9.0258],[-54.5763,144.083,8.08883],[153.72,59.1842,-99.6073],false,[35.7184,56.456,64.825],[-8.33609,91.5196,27.9484],[-31.6638,122.177,20.1483],[-46.5149,136.903,12.969],[-57.8062,145.369,6.24906],[[[0.732763,0.258738,-0.629375],[0.186117,0.813424,0.551091],[0.654538,-0.520956,0.547892]],[[0.649747,0.31884,-0.69005],[0.47495,0.538494,0.696022],[0.593507,-0.779978,0.198452]],[[0.649747,0.31884,-0.69005],[0.356043,0.674397,0.646855],[0.671611,-0.66598,0.324667]],[[0.649747,0.31884,-0.69005],[0.236681,0.777802,0.582243],[0.722365,-0.541632,0.429912]]],1],[4252,[-0.324818,0.835609,-0.443002],425,61.3019,[-17.8647,167.241,-14.7401],[-16.674,167.222,-15.8933],[180.135,20.8282,-106.919],false,[43.8213,60.8869,58.3743],[8.82116,96.0128,18.1845],[-2.59009,135.687,2.68325],[-11.0404,157.426,-8.84166],[-17.6063,170.535,-17.8193],[[[0.771919,0.0434907,-0.634231],[0.321644,0.833822,0.448649],[0.548348,-0.550318,0.629655]],[[0.809602,0.0035246,-0.586969],[0.526858,0.43649,0.729313],[0.258777,-0.899702,0.351527]],[[0.809602,0.0035246,-0.586969],[0.488915,0.549314,0.677655],[0.324818,-0.835609,0.443002]],[[0.809602,0.0035246,-0.586969],[0.445742,0.646941,0.618694],[0.381915,-0.762532,0.522194]]],2],[4253,[-0.206292,0.838173,-0.504886],425,58.9434,[11.7157,163.149,-25.6659],[13.1147,162.848,-26.9222],[182.522,-6.23733,-96.5602],false,[52.3078,62.4732,51.178],[28.2237,95.0223,10.6241],[22.5273,131.763,-6.36077],[17.2991,153.006,-19.1564],[12.7515,166.15,-29.0927],[[[0.817742,-0.100949,-0.566664],[0.393289,0.816831,0.422033],[0.420265,-0.567976,0.707658]],[[0.832193,-0.121117,-0.541096],[0.536687,0.421202,0.731133],[0.139358,-0.898844,0.415523]],[[0.832193,-0.121117,-0.541096],[0.514682,0.531786,0.672537],[0.206292,-0.838173,0.504886]],[[0.832193,-0.121117,-0.541096],[0.486492,0.627705,0.60771],[0.266044,-0.768971,0.581295]]],3],[4254,[0.0184877,0.829068,-0.558842],425,46.2105,[47.6635,142.396,-30.1076],[47.5263,142.172,-30.4747],[172.109,-30.0187,-66.6384],false,[60.4141,57.6788,42.187],[45.3601,89.7696,2.7191],[48.2795,118.115,-12.5939],[48.6104,132.95,-22.5936],[47.834,145.149,-32.5555],[[[0.784588,-0.299574,-0.542842],[0.551264,0.737776,0.389609],[0.283778,-0.604932,0.743994]],[[0.803882,-0.344672,-0.484743],[0.587902,0.336784,0.735491],[-0.0902495,-0.876229,0.473368]],[[0.803882,-0.344672,-0.484743],[0.594502,0.440281,0.672845],[-0.0184877,-0.829068,0.558842]],[[0.803882,-0.344672,-0.484743],[0.592748,0.531699,0.604935],[0.049233,-0.773626,0.631727]]],4]],[[0,200,0],[235.247,235.247,147.751]]],[636360,601844713593,[[425,"right",[-0.473389,0.676296,-0.564382],[-0.288208,-0.724375,-0.626272],[23.27,78.5973,26.0149],[143.305,31.9573,-55.5904],[20.9541,78.0553,27.0072],0,0,0.753707,[[0.826043,0.138789,-0.546251],[0.133005,0.893828,0.42823],[0.547688,-0.426391,0.719881]],58.2952,[188.887,-56.3418,230.442],[53.6006,48.9825,52.6214]]],[[4250,[-0.72209,0.430905,-0.541209],425,47.6795,[-48.6096,74.9182,35.61],[-47.2109,76.6706,35.9763],[134.372,99.4533,-79.872],false,[30.5259,36.2181,62.2274],[30.5259,36.2181,62.2274],[-10.1826,55.5164,54.7474],[-32.7067,68.9576,37.8655],[-51.6458,78.0684,33.7743],[[[0.500351,0.833713,0.233606],[-0.356248,-0.0476741,0.933174],[0.789136,-0.550137,0.273155]],[[0.390635,0.899636,0.195089],[-0.229794,-0.10992,0.967012],[0.891403,-0.422579,0.163792]],[[0.390635,0.899636,0.195089],[-0.570956,0.0705434,0.817944],[0.72209,-0.430905,0.541209]],[[0.390635,0.899636,0.195089],[-0.254916,-0.0979232,0.961992],[0.884546,-0.425519,0.191079]]],0],[4251,[-0.658631,0.675435,-0.331653],425,53.801,[-54.4018,143.861,7.43548],[-51.3328,145.639,6.31116],[212.382,91.8134,-127.634],false,[37.1891,56.7842,63.9371],[-6.05306,92.4327,26.662],[-28.8335,123.432,18.6023],[-43.3976,138.368,11.2685],[-54.5049,146.987,4.43771],[[[0.74107,0.245463,-0.624951],[0.195062,0.811925,0.550207],[0.642469,-0.529646,0.553813]],[[0.659776,0.306455,-0.686135],[0.478307,0.532965,0.697976],[0.579584,-0.788691,0.205058]],[[0.659776,0.306455,-0.686135],[0.361803,0.670726,0.647476],[0.658631,-0.675435,0.331653]],[[0.659776,0.306455,-0.686135],[0.244436,0.77589,0.581589],[0.710596,-0.551435,0.437005]]],1],[4252,[-0.308797,0.838961,-0.448094],425,61.3019,[-14.5711,167.929,-16.2868],[-12.8874,168.126,-17.4604],[247.295,42.1046,-126.842],false,[45.405,61.0694,57.5312],[11.2397,96.6289,17.0057],[0.55759,136.426,1.30246],[-7.47592,158.252,-10.3549],[-13.7784,171.427,-19.4262],[[[0.776872,0.0296147,-0.628962],[0.331599,0.82991,0.448656],[0.535268,-0.557111,0.634914]],[[0.813693,-0.0109215,-0.581193],[0.528415,0.430553,0.731711],[0.242243,-0.902499,0.356109]],[[0.813693,-0.0109215,-0.581193],[0.492492,0.544081,0.679284],[0.308797,-0.838961,0.448094]],[[0.813693,-0.0109215,-0.581193],[0.451128,0.642395,0.619525],[0.366589,-0.766296,0.527639]]],2],[4253,[-0.189471,0.84024,-0.508033],425,58.9434,[15.0194,163.378,-27.027],[16.9254,163.287,-28.2179],[249.891,8.6038,-109.897],false,[53.965,62.5024,50.3899],[30.6761,95.3131,9.5831],[25.6827,132.104,-7.51535],[20.8808,153.398,-20.3907],[16.6103,166.591,-30.386],[[[0.819951,-0.115339,-0.560694],[0.40315,0.811722,0.422584],[0.406387,-0.572542,0.712071]],[[0.833823,-0.135534,-0.535135],[0.538346,0.414162,0.73393],[0.12216,-0.900056,0.418302]],[[0.833823,-0.135534,-0.535135],[0.518498,0.525002,0.674932],[0.189471,-0.84024,0.508033]],[[0.833823,-0.135534,-0.535135],[0.492263,0.62127,0.609673],[0.249832,-0.771786,0.584748]]],3],[4254,[0.0358916,0.828099,-0.559432],425,46.2105,[51.0285,142.275,-31.0715],[51.0402,142.081,-31.4438],[233.228,-24.5968,-77.7634],false,[62.0569,57.5565,41.4683],[47.782,89.7702,1.81145],[51.2572,118.042,-13.5212],[51.8994,132.86,-23.5314],[51.397,145.065,-33.5038],[[[0.783516,-0.313353,-0.536575],[0.560083,0.730108,0.39147],[0.269089,-0.607249,0.747555]],[[0.801551,-0.358181,-0.478772],[0.588196,0.328483,0.739002],[-0.107428,-0.87396,0.473976]],[[0.801551,-0.358181,-0.478772],[0.596848,0.431229,0.676619],[-0.0358916,-0.828099,0.559432]],[[0.801551,-0.358181,-0.478772],[0.597076,0.522148,0.608984],[0.0318635,-0.773995,0.63239]]],4]],[[0,200,0],[235.247,235.247,147.751]]],[636361,601844722396,[[425,"right",[-0.452569,0.691623,-0.562885],[-0.29676,-0.712062,-0.636319],[25.3684,78.3186,24.5388],[168.92,14.8166,-85.7956],[22.7332,78.1614,26.0124],0,0,0.765989,[[0.828673,0.130631,-0.544276],[0.134686,0.897278,0.420418],[0.543286,-0.421695,0.725957]],58.2952,[188.963,-56.3563,230.504],[54.7636,47.8082,51.183]]],[[4250,[-0.706458,0.455994,-0.541282],425,47.6795,[-46.8042,76.3116,34.0719],[-45.1743,78.0096,33.767],[161.78,120.645,-119.572],false,[31.3167,35.4533,60.4158],[31.3167,35.4533,60.4158],[-8.79514,55.894,52.7497],[-30.8316,70.1178,35.8656],[-49.5068,79.7579,31.7742],[[[0.515495,0.82051,0.247038],[-0.367415,-0.048801,0.928776],[0.774126,-0.569545,0.276311]],[[0.411874,0.886824,0.20953],[-0.242653,-0.114899,0.963285],[0.878339,-0.447595,0.167867]],[[0.411874,0.886824,0.20953],[-0.575567,0.0749156,0.814316],[0.706458,-0.455994,0.541282]],[[0.411874,0.886824,0.20953],[-0.2638,-0.104053,0.958949],[0.872221,-0.45024,0.191087]]],0],[4251,[-0.640173,0.692428,-0.332749],425,53.801,[-51.0965,145.268,5.78921],[-47.5683,147.114,4.65226],[270.793,113.21,-144.542],false,[38.3997,55.8541,62.3961],[-3.65706,92.7751,25.0036],[-25.6678,124.337,16.987],[-39.8237,139.648,9.62904],[-50.6662,148.562,2.7509],[[[0.752976,0.235345,-0.614524],[0.206351,0.802311,0.560104],[0.624857,-0.548553,0.555557]],[[0.674014,0.298407,-0.675765],[0.481773,0.515901,0.708337],[0.56,-0.802994,0.20396]],[[0.674014,0.298407,-0.675765],[0.368624,0.656884,0.657738],[0.640173,-0.692428,0.332749]],[[0.674014,0.298407,-0.675765],[0.254065,0.765335,0.591366],[0.693654,-0.570277,0.440031]]],1],[4252,[-0.286975,0.847795,-0.44597],425,61.3019,[-10.5356,168.666,-17.6288],[-8.38703,168.953,-18.5612],[316.594,53.8369,-128.464],false,[46.7754,60.0219,56.1208],[13.8267,96.6892,15.5753],[4.15886,136.826,0.0786811],[-3.30693,158.881,-11.5234],[-9.25637,172.218,-20.5961],[[[0.784189,0.0188236,-0.620236],[0.344349,0.81831,0.460209],[0.516208,-0.574468,0.635228]],[[0.819927,-0.0233465,-0.571992],[0.528823,0.413544,0.741166],[0.21924,-0.910185,0.351422]],[[0.819927,-0.0233465,-0.571992],[0.495344,0.52981,0.68843],[0.286975,-0.847795,0.44597]],[[0.819927,-0.0233465,-0.571992],[0.456032,0.630632,0.627963],[0.346056,-0.775731,0.527719]]],2],[4253,[-0.166287,0.848626,-0.502178],425,58.9434,[19.1465,163.669,-28.0631],[21.4365,163.632,-28.9367],[320.066,16.0738,-102.128],false,[55.442,61.3376,49.0864],[33.3107,95.0256,8.35019],[29.2956,132.081,-8.43093],[25.0813,153.588,-21.1579],[21.1897,166.949,-31.0836],[[[0.823402,-0.127661,-0.552912],[0.415776,0.798834,0.434735],[0.386187,-0.587849,0.71084]],[[0.836484,-0.148273,-0.52755],[0.539115,0.395229,0.74374],[0.098227,-0.906537,0.410539]],[[0.836484,-0.148273,-0.52755],[0.522152,0.507789,0.685206],[0.166287,-0.848626,0.502179]],[[0.836484,-0.148273,-0.52755],[0.49846,0.605832,0.620085],[0.227665,-0.781654,0.580677]]],3],[4254,[0.0605993,0.833739,-0.548823],425,46.2105,[55.0668,142.009,-31.5587],[55.1792,141.786,-31.9039],[296.831,-26.7426,-69.6077],false,[63.5236,56.3031,40.2051],[50.3784,89.1894,0.710134],[54.6492,117.556,-14.2422],[55.7335,132.474,-24.0627],[55.6166,144.808,-33.8882],[[[0.782472,-0.325064,-0.531104],[0.571258,0.714159,0.404526],[0.247796,-0.619928,0.744505]],[[0.79873,-0.370257,-0.474278],[0.587027,0.306574,0.749274],[-0.132023,-0.876882,0.462221]],[[0.79873,-0.370257,-0.474278],[0.59863,0.409621,0.68837],[-0.0605993,-0.833739,0.548823]],[[0.79873,-0.370257,-0.474278],[0.601644,0.501186,0.621962],[0.00741597,-0.782127,0.623075]]],4]],[[0,200,0],[235.247,235.247,147.751]]],[636362,601844731841,[[425,"right",[-0.436407,0.693164,-0.573649],[-0.297016,-0.71281,-0.635361],[28.1245,78.6948,23.7286],[204.068,21.9701,-85.7927],[25.0384,78.3895,25.0359],0,0,0.786476,[[0.831719,0.121224,-0.541802],[0.141267,0.897546,0.417678],[0.536924,-0.423929,0.729381]],58.2952,[189.409,-56.7029,231.141],[56.781,48.0133,50.9743]]],[[4250,[-0.693165,0.464082,-0.551498],425,47.6795,[-44.4574,77.8404,32.4675],[-42.4738,79.4605,32.0082],[198.592,134.462,-134.065],false,[33.0616,36.0124,59.9752],[33.0616,36.0124,59.9752],[-6.61708,57.035,51.6564],[-28.2389,71.5111,34.4535],[-46.7181,81.4142,30.1077],[[[0.522263,0.815828,0.248325],[-0.380377,-0.0377658,0.92406],[0.763253,-0.57706,0.290599]],[[0.422957,0.88145,0.210129],[-0.257295,-0.105525,0.960554],[0.868854,-0.460338,0.18216]],[[0.422957,0.88145,0.210129],[-0.583635,0.0876059,0.807277],[0.693165,-0.464082,0.551498]],[[0.422957,0.88145,0.210129],[-0.276098,-0.0955061,0.956372],[0.863063,-0.46252,0.202972]]],0],[4251,[-0.626839,0.697718,-0.346788],425,53.801,[-47.3226,146.578,3.70806],[-43.6898,148.217,2.35463],[311.512,114.91,-173.096],false,[40.3695,56.3381,61.9108],[-0.723333,93.5097,23.7037],[-22.2196,125.287,15.1591],[-36.0807,140.715,7.49074],[-46.7163,149.705,0.392022],[[[0.763981,0.221759,-0.605934],[0.208759,0.803625,0.55732],[0.610535,-0.552276,0.56766]],[[0.687043,0.285047,-0.668372],[0.478394,0.514898,0.711351],[0.546911,-0.808473,0.217392]],[[0.687043,0.285047,-0.668372],[0.367484,0.65722,0.658041],[0.626839,-0.697718,0.346788]],[[0.687043,0.285047,-0.668372],[0.254954,0.766789,0.589095],[0.68042,-0.575137,0.454143]]],1],[4252,[-0.271006,0.846811,-0.457676],425,61.3019,[-6.04709,169.221,-19.4605],[-3.90889,169.392,-20.5233],[360.526,50.2912,-152.652],false,[48.8792,60.3585,55.7204],[16.932,97.1425,14.4849],[7.97738,137.269,-1.45978],[0.927032,159.299,-13.3664],[-4.75349,172.601,-22.6587],[[[0.792585,0.00483612,-0.609742],[0.348267,0.817227,0.459184],[0.500518,-0.576296,0.646038]],[[0.82752,-0.037914,-0.560154],[0.523425,0.412966,0.745309],[0.203067,-0.909957,0.361583]],[[0.82752,-0.037914,-0.560154],[0.491697,0.530541,0.690478],[0.271006,-0.846811,0.457676]],[[0.82752,-0.037914,-0.560154],[0.453913,0.632353,0.627768],[0.330414,-0.773752,0.540495]]],2],[4253,[-0.149749,0.846549,-0.510813],425,58.9434,[23.8177,163.803,-29.4456],[25.9627,163.664,-30.3894],[364.504,11.6723,-117.161],false,[57.6547,61.5183,48.7944],[36.4888,95.1889,7.53421],[33.1531,132.175,-9.54702],[29.3579,153.629,-22.4928],[25.7442,166.945,-32.5824],[[[0.829078,-0.141643,-0.540895],[0.419782,0.796697,0.434808],[0.369342,-0.587547,0.719983]],[[0.841496,-0.162119,-0.515366],[0.534064,0.393702,0.74818],[0.0816061,-0.904829,0.417881]],[[0.841496,-0.162119,-0.515366],[0.519095,0.507022,0.688091],[0.149749,-0.846549,0.510813]],[[0.841496,-0.162119,-0.515366],[0.497181,0.605657,0.621281],[0.211413,-0.779036,0.590261]]],3],[4254,[0.0786449,0.830397,-0.551593],425,46.2105,[59.4467,141.691,-32.2454],[59.5159,141.452,-32.6401],[342.69,-28.7135,-70.8294],false,[65.7915,56.3227,40.0573],[53.5836,89.0901,0.164675],[58.4236,117.334,-14.846],[59.8308,132.193,-24.716],[60.0005,144.479,-34.5992],[[[0.78542,-0.338371,-0.518287],[0.574594,0.709908,0.407275],[0.230126,-0.617686,0.752001]],[[0.80014,-0.382617,-0.46193],[0.580853,0.30217,0.755846],[-0.149618,-0.873096,0.464023]],[[0.80014,-0.382617,-0.46193],[0.594635,0.405024,0.694525],[-0.0786449,-0.830397,0.551593]],[[0.80014,-0.382617,-0.46193],[0.599716,0.496507,0.627551],[-0.0107605,-0.779156,0.626737]]],4]],[[0,200,0],[235.247,235.247,147.751]]],[636363,601844740385,[[425,"right",[-