{"metadata":{"formatVersion":2,"generatedBy":"LeapJS Playback 0.2.1","frames":1,"frameRate":"1.1e+2","modified":"Sun Mar 15 2015 10:15:57 GMT-0300 (E. South America Standard Time)","title":"tres"},"frames":[["id","timestamp",{"hands":[["id","type","direction","palmNormal","palmPosition","palmVelocity","stabilizedPalmPosition","pinchStrength","grabStrength","confidence","armBasis","armWidth","elbow","wrist"]]},{"pointables":[["id","direction","handId","length","stabilizedTipPosition","tipPosition","tipVelocity","tool","carpPosition","mcpPosition","pipPosition","dipPosition","btipPosition","bases","type"]]},{"interactionBox":["center","size"]}],[82865,100156809699,[[176,"right",[-0.90771,-0.199065,-0.369372],[-0.41372,0.277778,0.866992],[73.8616,109.39,21.1434],[-18.2632,18.4377,12.087],[75.1029,105.79,16.866],0.76812,0,0.389686,[[-0.686525,-0.683643,0.24762],[-0.00548206,-0.335679,-0.94196],[0.727086,-0.648037,0.226704]],58.942,[302.942,-50.2531,95.1082],[121.349,111.597,38.4879]]],[[1760,[-0.654614,-0.606655,0.451055],176,48.2084,[41.902,109.365,63.1419],[40.9813,105.483,66.912],[-25.1382,-58.3756,5.68688],false,[118.244,139.785,39.4976],[118.244,139.785,39.4976],[72.7309,134.698,45.3959],[52.085,115.565,59.6217],[37.3215,102.886,69.1059],[[[0.22108,-0.665467,-0.712935],[0.482946,0.709802,-0.512781],[0.847282,-0.230943,0.478308]],[[-0.0435597,-0.565401,-0.823665],[-0.162951,0.817428,-0.552502],[0.985672,0.11015,-0.12774]],[[-0.0435597,-0.565401,-0.823665],[-0.754708,0.55883,-0.343694],[0.654614,0.606655,-0.451055]],[[-0.0435597,-0.565401,-0.823665],[-0.730094,0.580787,-0.360068],[0.681957,0.585668,-0.438095]]],0],[1761,[-0.984085,-0.100529,0.146526],176,54.3978,[-18.7914,118.456,6.66549],[-21.1189,117.745,11.855],[-19.9441,-2.97437,34.4972],false,[117.264,125.779,22.6557],[52.0753,125.995,3.12235],[12.7891,121.184,6.69799],[-9.21304,118.936,9.97402],[-24.6805,117.584,12.9251],[[[-0.0834158,-0.959876,0.267733],[0.274662,-0.280408,-0.919746],[0.957916,-0.00318541,0.287031]],[[0.144179,-0.933708,0.327721],[-0.0443324,-0.336944,-0.940481],[0.988558,0.121069,-0.0899739]],[[0.144179,-0.933708,0.327721],[-0.103867,-0.343632,-0.933343],[0.984085,0.100529,-0.146526]],[[0.144179,-0.933708,0.327721],[-0.146298,-0.347655,-0.926139],[0.978677,0.0855853,-0.186724]]],1],[1762,[-0.999816,-0.0103826,0.0161375],176,61.982,[-27.3943,103.543,4.26165],[-29.9745,104.882,7.81146],[-14.6864,-25.0904,14.6567],false,[116.235,114.523,24.0677],[54.2345,106.274,8.16673],[9.67269,105.029,7.38035],[-16.6266,104.756,7.80483],[-33.9948,104.8,8.51713],[[[0.0011764,-0.88952,0.456895],[0.277569,-0.438652,-0.854716],[0.960705,0.127826,0.246387]],[[0.0166522,-0.887345,0.460805],[0.0285139,-0.46026,-0.887326],[0.999455,0.0279153,0.0176373]],[[0.0166522,-0.887345,0.460805],[-0.00953521,-0.460989,-0.887355],[0.999816,0.0103826,-0.0161375]],[[0.0166522,-0.887345,0.460805],[-0.0375259,-0.461099,-0.886555],[0.999157,-0.00252898,-0.0409767]]],2],[1763,[-0.998649,0.0519623,-0.000718361],176,59.5973,[-16.5705,90.9729,9.87652],[-18.9617,91.4295,14.2958],[-9.95106,-12.765,17.6856],false,[115.75,104.002,28.3355],[61.0657,88.463,17.1331],[19.8137,89.1941,14.7135],[-5.77643,90.5256,14.6951],[-22.9933,91.854,15.4131],[[[0.121612,-0.825398,0.551297],[0.307428,-0.496785,-0.811599],[0.943768,0.268184,0.193336]],[[-0.0450909,-0.859551,0.509056],[0.041317,-0.510743,-0.85874],[0.998128,-0.0176887,0.0585439]],[[-0.0450909,-0.859551,0.509056],[-0.0258343,-0.508401,-0.860733],[0.998649,-0.0519623,0.000718361]],[[-0.0450909,-0.859551,0.509056],[-0.0748408,-0.505236,-0.85973],[0.996176,-0.0768641,-0.041548]]],3],[1764,[0.616636,0.615253,0.491146],176,46.7232,[70.0055,107.479,56.1071],[70.8432,105.478,60.426],[-28.1609,-37.7237,7.90497],false,[115.624,96.0229,38.806],[67.5101,74.2779,29.3622],[48.0579,90.3976,50.1364],[59.2142,101.529,59.0223],[74.2505,106.53,60.789],[[[0.177546,-0.695306,0.696439],[0.404764,-0.593458,-0.695682],[0.897019,0.405409,0.176069]],[[0.153533,-0.705882,0.691489],[-0.789131,-0.508763,-0.34414],[0.594726,-0.492839,-0.635146]],[[0.153533,-0.705882,0.691489],[-0.772132,0.35099,0.529734],[-0.616636,-0.615253,-0.491146]],[[0.153533,-0.705882,0.691489],[-0.295105,0.635096,0.713839],[-0.943049,-0.31366,-0.110801]]],4]],[[0,200,0],[235.247,235.247,147.751]]]]}