{"metadata":{"formatVersion":2,"generatedBy":"LeapJS Playback 0.2.1","frames":1,"frameRate":"1.1e+2","modified":"Sun Mar 15 2015 13:49:02 GMT-0300 (E. South America Standard Time)","title":"tres"},"frames":[["id","timestamp",{"hands":[["id","type","direction","palmNormal","palmPosition","palmVelocity","stabilizedPalmPosition","pinchStrength","grabStrength","confidence","armBasis","armWidth","elbow","wrist"]]},{"pointables":[["id","direction","handId","length","stabilizedTipPosition","tipPosition","tipVelocity","tool","carpPosition","mcpPosition","pipPosition","dipPosition","btipPosition","bases","type"]]},{"interactionBox":["center","size"]}],[82881,100156954244,[[176,"right",[-0.880541,-0.169503,-0.442625],[-0.453845,0.032293,0.890495],[71.1556,112.233,23.8294],[9.58772,-1.12126,6.77876],[74.6497,106.447,17.5401],0.795675,0,0.375722,[[-0.649125,-0.756584,-0.0788515],[0.206692,-0.0756704,-0.975476],[0.732062,-0.649503,0.205499]],58.942,[300.752,-48.591,94.4476],[117.916,113.625,43.1233]]],[[1760,[-0.621916,-0.738949,0.259181],176,48.2084,[38.5397,99.9172,65.2233],[37.4406,95.1418,65.0192],[-0.780032,-20.4902,-24.6325],false,[112.566,140.459,50.6421],[112.566,140.459,50.6421],[67.4749,130.638,52.1898],[47.8603,107.332,60.3641],[34.1199,91.5386,65.8805],[[[0.289096,-0.458321,-0.840456],[0.436636,0.844431,-0.310297],[0.851923,-0.277268,0.444241]],[[0.0478736,-0.366234,-0.929291],[-0.209936,0.905887,-0.367825],[0.976542,0.212701,-0.0335175]],[[0.0478736,-0.366234,-0.929291],[-0.78162,0.565532,-0.263143],[0.621916,0.738949,-0.259181]],[[0.0478736,-0.366234,-0.929291],[-0.771275,0.577621,-0.267374],[0.6347,0.729538,-0.254814]]],0],[1761,[-0.9773,-0.194277,0.0845029],176,54.3978,[-19.0413,118.373,6.99107],[-24.0483,116.28,13.5132],[12.9311,-3.09909,-7.30365],false,[113.079,130.849,30.9405],[48.534,131.059,9.3737],[9.61645,123.093,10.5138],[-12.234,118.749,12.4031],[-27.6275,115.755,14.3656],[[[-0.0131366,-0.999477,0.02955],[0.316655,-0.0321898,-0.947994],[0.94845,-0.00309632,0.316912]],[[0.20235,-0.974125,0.100667],[-0.00776688,-0.104387,-0.994506],[0.979282,0.200457,-0.0286887]],[[0.20235,-0.974125,0.100667],[-0.0627591,-0.115481,-0.991325],[0.9773,0.194277,-0.0845029]],[[0.20235,-0.974125,0.100667],[-0.101883,-0.123176,-0.987141],[0.973999,0.189492,-0.124171]]],1],[1762,[-0.991772,-0.125806,0.0237098],176,61.982,[-28.267,103.065,5.26577],[-31.4234,100.604,9.47865],[14.6504,-10.104,15.134],false,[112.913,119.538,29.6081],[52.1342,110.911,9.69553],[7.95456,104.918,9.28854],[-18.1331,101.609,9.9122],[-35.3717,99.5318,10.7378],[[[0.061335,-0.970476,0.233268],[0.330622,-0.20076,-0.922163],[0.941768,0.133684,0.308547]],[[0.127683,-0.958614,0.254474],[0.042953,-0.250988,-0.967037],[0.990884,0.134405,0.0091283]],[[0.127683,-0.958614,0.254474],[0.00928562,-0.255407,-0.966789],[0.991772,0.125806,-0.0237098]],[[0.127683,-0.958614,0.254474],[-0.0151262,-0.258426,-0.965913],[0.9917,0.119482,-0.0474968]]],2],[1763,[-0.997839,-0.0361147,0.0548987],176,59.5973,[-16.8498,90.8745,10.291],[-19.8941,88.8853,15.8493],[13.1481,-10.0826,19.698],false,[113.167,108.295,31.2437],[60.151,92.0092,14.4667],[18.8779,89.8675,14.7064],[-6.69149,88.9421,16.1132],[-23.8996,88.5111,17.6614],[[[0.174156,-0.922312,0.344979],[0.364012,-0.265219,-0.892835],[0.914967,0.281069,0.289543]],[[0.0511331,-0.951464,0.303482],[0.0102092,-0.303366,-0.952819],[0.99864,0.0518189,-0.00579833]],[[0.0511331,-0.951464,0.303482],[-0.0412739,-0.305634,-0.951254],[0.997839,0.0361147,-0.0548987]],[[0.0511331,-0.951464,0.303482],[-0.0776653,-0.306748,-0.948617],[0.995667,0.0249357,-0.0895807]]],3],[1764,[0.534632,0.528169,0.659702],176,46.7232,[68.6459,103.812,58.3052],[66.8921,98.7207,60.925],[-7.52881,-12.8687,3.57929],false,[113.437,98.0576,39.5165],[67.4216,75.8122,23.2471],[45.7938,84.7294,46.1058],[55.4665,94.2851,58.0413],[69.8997,99.9395,61.7736],[[[0.216328,-0.826997,0.518921],[0.466064,-0.379563,-0.799197],[0.857897,0.414739,0.303323]],[[0.195557,-0.836767,0.511448],[-0.724235,-0.474861,-0.49999],[0.661242,-0.272632,-0.698878]],[[0.195557,-0.836767,0.511448],[-0.822147,0.144427,0.55065],[-0.534632,-0.528169,-0.659702]],[[0.195557,-0.836767,0.511448],[-0.377248,0.417202,0.826817],[-0.90523,-0.354632,-0.234082]]],4]],[[0,200,0],[235.247,235.247,147.751]]]]}