{"metadata":{"formatVersion":2,"generatedBy":"LeapJS Playback 0.2.1","frames":1,"frameRate":"1.0e+2","modified":"Sun Mar 15 2015 10:17:47 GMT-0300 (E. South America Standard Time)","title":"u"},"frames":[["id","timestamp",{"hands":[["id","type","direction","palmNormal","palmPosition","palmVelocity","stabilizedPalmPosition","pinchStrength","grabStrength","confidence","armBasis","armWidth","elbow","wrist"]]},{"pointables":[["id","direction","handId","length","stabilizedTipPosition","tipPosition","tipVelocity","tool","carpPosition","mcpPosition","pipPosition","dipPosition","btipPosition","bases","type"]]},{"interactionBox":["center","size"]}],[60115,99815833634,[[146,"left",[-0.00349308,0.705922,-0.708281],[-0.102871,-0.704781,-0.701927],[-28.3742,90.8971,28.4303],[-11.213,25.9871,-18.3571],[-23.1107,86.9005,46.3416],0.0842491,0,0.194275,[[-0.91682,-0.036624,-0.397618],[0.0530536,0.975783,-0.212208],[-0.39576,0.215652,0.892675]],54.0825,[-124.966,111.002,268.52],[-34.2724,61.5826,63.9521]]],[[1460,[-0.139941,0.356371,-0.923805],146,44.2339,[-12.466,78.3104,-6.28457],[-17.6934,83.2562,-22.1179],[-26.5667,30.0532,-22.5547],false,[-11.1374,51.3682,57.7583],[-11.1374,51.3682,57.7583],[-11.4282,67.8051,18.7101],[-15.4779,78.118,-8.02368],[-17.6922,85.3434,-26.3939],[[[-0.308931,0.796456,0.519826],[0.847888,-0.0169735,0.529904],[-0.430869,-0.604458,0.670062]],[[-0.219436,0.898624,0.379898],[0.975603,0.20485,0.0789648],[0.00686258,-0.387957,0.921652]],[[-0.219436,0.898624,0.379898],[0.965538,0.255879,-0.0475537],[0.139941,-0.356371,0.923805]],[[-0.219436,0.898624,0.379898],[0.969238,0.245283,-0.020352],[0.111471,-0.363746,0.924804]]],0],[1461,[-0.0905927,0.69808,-0.710265],146,49.913,[-7.89898,148.63,-15.2051],[-13.3535,153.908,-34.3795],[-24.4111,15.2549,-38.3341],false,[-16.2711,69.958,63.4888],[-7.12342,105.673,13.092],[-10.0792,132.824,-11.0686],[-11.9377,147.145,-25.6395],[-13.3642,156.659,-36.4902],[[[-0.981154,0.187936,-0.044907],[0.125996,0.79846,0.588715],[-0.146497,-0.571963,0.807092]],[[-0.98618,0.0364566,0.161616],[0.144493,0.666524,0.731346],[0.0810586,-0.744592,0.66258]],[[-0.98618,0.0364566,0.161616],[0.138715,0.715091,0.68513],[0.0905927,-0.69808,0.710265]],[[-0.98618,0.0364566,0.161616],[0.133312,0.753807,0.643431],[0.09837,-0.656084,0.748249]]],1],[1462,[0.00659201,0.656181,-0.754575],146,56.8719,[-21.7265,154.739,-24.7986],[-25.2284,159.886,-41.6882],[-27.1206,33.8583,-12.0215],false,[-26.1594,73.3405,63.4716],[-25.5287,108.347,15.7156],[-25.4012,137.451,-13.0356],[-25.2421,153.288,-31.2476],[-25.0908,162.966,-43.9249],[[[-0.998933,-0.0299565,-0.0351523],[-0.0449403,0.805987,0.590225],[-0.0106512,-0.591175,0.806473]],[[-0.998936,-0.0301245,-0.0349231],[-0.0460152,0.702149,0.710542],[-0.00311652,-0.711393,0.702788]],[[-0.998936,-0.0301245,-0.0349231],[-0.0456471,0.754002,0.655284],[-0.00659201,-0.656181,0.754575]],[[-0.998936,-0.0301245,-0.0349231],[-0.0451338,0.79431,0.605833],[-0.00948938,-0.606765,0.794825]]],2],[1463,[0.18764,-0.795932,0.575572],146,54.6838,[-31.2961,57.6634,19.4741],[-34.7226,57.2673,18.2599],[-8.98565,21.9436,-20.3389],false,[-36.5511,74.0573,62.9963],[-43.9604,105.788,20.9863],[-40.4231,79.4939,-6.10905],[-36.0113,60.7798,7.42389],[-34.1418,55.5642,22.2826],[[[-0.983363,-0.177299,0.0395171],[-0.116511,0.782531,0.611613],[0.139362,-0.596833,0.79017]],[[-0.980123,-0.19015,0.0565767],[-0.175092,0.695023,-0.697342],[-0.0932776,0.693387,0.714503]],[[-0.980123,-0.19015,0.0565767],[0.064414,-0.574748,-0.815791],[-0.18764,0.795932,-0.575572]],[[-0.980123,-0.19015,0.0565767],[0.15956,-0.925027,-0.34477],[-0.117893,0.32889,-0.936981]]],3],[1464,[0.349214,-0.809553,0.471883],146,42.8711,[-42.5426,64.3346,22.5809],[-46.3741,64.6343,18.1303],[-13.7747,20.4522,-9.73689],false,[-47.2295,68.8948,60.7071],[-60.6255,99.4732,24.5459],[-54.4606,82.1178,0.850845],[-48.6635,68.6787,8.68437],[-45.7246,62.7334,21.7246],[[[-0.927765,-0.372028,0.0291021],[-0.255269,0.689605,0.677704],[0.272194,-0.621322,0.734758]],[[-0.925107,-0.377982,0.036162],[-0.319345,0.722981,-0.612631],[-0.205419,0.578297,0.789541]],[[-0.925107,-0.377982,0.036162],[0.149088,-0.44917,-0.880919],[-0.349214,0.809553,-0.471883]],[[-0.925107,-0.377982,0.036162],[0.322217,-0.831855,-0.451879],[-0.200883,0.406384,-0.891346]]],4]],[[0,200,0],[235.247,235.247,147.751]]]]}