{"metadata":{"formatVersion":2,"generatedBy":"LeapJS Playback 0.2.1","frames":1,"frameRate":"1.1e+2","modified":"Tue Mar 17 2015 20:42:09 GMT-0300 (E. South America Standard Time)","title":"v"},"frames":[["id","timestamp",{"hands":[["id","type","direction","palmNormal","palmPosition","palmVelocity","stabilizedPalmPosition","pinchStrength","grabStrength","confidence","armBasis","armWidth","elbow","wrist"]]},{"pointables":[["id","direction","handId","length","stabilizedTipPosition","tipPosition","tipVelocity","tool","carpPosition","mcpPosition","pipPosition","dipPosition","btipPosition","bases","type"]]},{"interactionBox":["center","size"]}],[77815,100073746876,[[167,"right",[-0.036903,0.996291,-0.0777382],[0.393962,-0.0569868,-0.917359],[44.058,66.8139,57.5035],[-3.36852,-7.4914,8.55894],[46.1142,79.3642,68.3205],1,0,0.15933,[[0.859861,0.485724,-0.157195],[-0.30716,0.738146,0.600661],[0.407788,-0.468201,0.783898]],63.72,[161.452,-112.662,280.293],[51.3494,13.7519,68.6402]]],[[1670,[0.789206,0.580067,-0.201685],167,52.1164,[76.9207,87.3159,17.274],[76.9291,86.5524,16.9149],[8.73875,-53.8431,-8.51082],false,[29.5491,7.88895,47.8693],[29.5491,7.88895,47.8693],[40.2253,53.0413,29.456],[67.1337,72.8191,22.5795],[79.8095,91.188,15.5341],[[[0.00998512,0.271325,0.962436],[-0.900894,-0.415224,0.126405],[0.433923,-0.868315,0.24029]],[[-0.0492349,0.387112,0.920717],[-0.975619,0.178758,-0.127329],[-0.213876,-0.904538,0.368873]],[[-0.0492349,0.387112,0.920717],[-0.612152,0.716705,-0.334071],[-0.789206,-0.580067,0.201685]],[[-0.0492349,0.387112,0.920717],[-0.839182,0.483855,-0.24831],[-0.541617,-0.784875,0.301035]]],0],[1671,[-0.221446,0.974024,-0.0473117],167,58.8075,[-6.84459,167.591,45.1998],[-0.2509,167.402,50.2119],[47.173,14.3245,-76.4562],false,[28.8581,20.1841,68.1236],[19.2919,90.2312,47.7675],[7.28441,131.239,52.2347],[1.93197,154.781,51.0911],[-0.864187,171.342,47.955],[[[0.899152,0.230843,0.371803],[-0.417873,0.200443,0.886118],[0.130029,-0.952121,0.276691]],[[0.900213,0.222837,0.374114],[-0.333922,-0.198163,0.921535],[0.279488,-0.954503,-0.103978]],[[0.900213,0.222837,0.374114],[-0.374939,-0.0402555,0.926175],[0.221446,-0.974024,0.0473117]],[[0.900213,0.222837,0.374114],[-0.403527,0.10401,0.909037],[0.163656,-0.969291,0.183551]]],1],[1672,[0.162303,0.979782,0.116979],167,67.0064,[44.4483,180.026,39.0859],[51.8365,180.281,73.8952],[64.194,2.33387,-69.8109],false,[39.0225,23.898,73.9979],[38.6633,91.885,58.3384],[44.5127,138.365,69.6816],[49.128,166.226,73.0081],[52.8341,184.649,73.1581],[[[0.966427,0.06251,0.249221],[-0.256889,0.215631,0.942078],[0.00514953,-0.974472,0.22445]],[[0.935154,-0.190563,0.298619],[-0.332806,-0.183835,0.924903],[-0.121356,-0.964308,-0.235334]],[[0.935154,-0.190563,0.298619],[-0.314873,-0.0609265,0.947176],[-0.162303,-0.979782,-0.116979]],[[0.935154,-0.190563,0.298619],[-0.294265,0.0514285,0.954339],[-0.197219,-0.980327,-0.00798256]]],2],[1673,[0.133373,-0.488516,-0.862301],167,64.4285,[73.3008,82.4923,-1.17701],[73.1655,81.3044,-1.47509],[1.60193,-50.9237,-6.67083],false,[50.6014,25.6558,77.7086],[58.9725,86.8673,67.372],[69.3469,107.974,29.3832],[73.0416,94.441,5.49569],[73.2004,77.9813,-3.34423],[[[0.973249,-0.0980072,0.207802],[-0.186891,0.188372,0.964151],[-0.133638,-0.977195,0.165017]],[[0.972604,-0.102641,0.208583],[-0.0112636,0.875388,0.48329],[-0.232196,-0.472399,0.85025]],[[0.972604,-0.102641,0.208583],[0.190404,0.866497,-0.461443],[-0.133373,0.488516,0.862301]],[[0.972604,-0.102641,0.208583],[0.232314,0.461938,-0.855946],[-0.00849699,0.880953,0.473128]]],3],[1674,[0.00719802,-0.395665,-0.918367],167,50.5107,[81.8119,80.7876,16.7241],[81.677,79.7997,16.257],[1.76086,-54.311,-4.7818],false,[64.546,23.6653,75.6733],[78.7199,79.7427,71.586],[82.3296,99.013,42.1598],[82.4704,91.2743,24.1977],[81.5031,77.1579,14.354],[[[0.968652,-0.240216,0.0633231],[-0.0443072,0.0837576,0.995501],[-0.244439,-0.967099,0.0704887]],[[0.993054,-0.105033,0.0530353],[0.0585054,0.831839,0.551924],[-0.102087,-0.544988,0.832206]],[[0.993054,-0.105033,0.0530353],[0.117443,0.912369,-0.392161],[-0.00719802,0.395665,0.918367]],[[0.993054,-0.105033,0.0530353],[0.103417,0.564143,-0.819175],[0.0561209,0.81897,0.571086]]],4]],[[0,200,0],[235.247,235.247,147.751]]]]}