{"metadata":{"formatVersion":2,"generatedBy":"LeapJS Playback 0.2.1","frames":1,"frameRate":"1.1e+2","modified":"Tue Mar 17 2015 20:42:57 GMT-0300 (E. South America Standard Time)","title":"v"},"frames":[["id","timestamp",{"hands":[["id","type","direction","palmNormal","palmPosition","palmVelocity","stabilizedPalmPosition","pinchStrength","grabStrength","confidence","armBasis","armWidth","elbow","wrist"]]},{"pointables":[["id","direction","handId","length","stabilizedTipPosition","tipPosition","tipVelocity","tool","carpPosition","mcpPosition","pipPosition","dipPosition","btipPosition","bases","type"]]},{"interactionBox":["center","size"]}],[78156,100076865162,[[169,"right",[-0.165714,0.688231,-0.706312],[-0.0686928,-0.722531,-0.687918],[59.6768,59.1537,55.387],[10.5046,25.9098,-7.28805],[59.2686,58.2572,55.9247],0.768691,0,0.311754,[[0.780316,0.068312,-0.621643],[-0.060729,0.997595,0.0333953],[0.62243,0.0116929,0.782588]],63.72,[244.477,28.7667,306.525],[76.4212,25.6096,95.2266]]],[[1690,[0.0617397,0.348404,-0.935309],169,52.1164,[46.7601,51.2013,1.26466],[46.7118,52.0514,0.804461],[-21.4117,27.0352,-4.31844],false,[48.2008,13.5845,94.9752],[48.2008,13.5845,94.9752],[45.7783,32.9599,49.0351],[47.8833,44.839,17.1452],[45.5263,54.3208,-4.12141],[[[0.424975,0.806896,0.410263],[-0.696347,0.00183687,0.717703],[0.578358,-0.590691,0.56266]],[[0.359399,0.866475,0.346487],[-0.931921,0.313947,0.18155],[0.04853,-0.388148,0.920319]],[[0.359399,0.866475,0.346487],[-0.931139,0.357541,0.0717202],[-0.0617397,-0.348404,0.935309]],[[0.359399,0.866475,0.346487],[-0.927733,0.291686,0.232874],[0.100714,-0.405142,0.908689]]],0],[1691,[-0.362949,0.80984,-0.460898],169,58.8075,[4.0362,140.173,11.5957],[2.49328,142.582,8.46287],[-5.06704,11.0796,-23.8227],false,[55.7052,35.6049,99.5214],[31.0525,76.2817,43.3954],[15.8662,112.249,25.4647],[7.09361,131.823,14.3246],[0.759002,145.198,5.78701],[[[0.941989,0.180104,-0.28323],[0.0191971,0.813549,0.581179],[0.335094,-0.552901,0.762897]],[[0.915845,0.218872,-0.336634],[0.190474,0.501229,0.844091],[0.353478,-0.837177,0.417359]],[[0.915845,0.218872,-0.336634],[0.171742,0.544292,0.821128],[0.362949,-0.80984,0.460898]],[[0.915845,0.218872,-0.336634],[0.154163,0.582451,0.798113],[0.370757,-0.782845,0.499693]]],1],[1692,[0.0394171,0.809091,-0.58636],169,67.0064,[56.4271,150.529,-6.19872],[56.3076,154.481,-10.1295],[18.1553,12.7089,-27.0928],false,[67.0147,39.5093,96.6114],[52.8491,79.3608,41.1247],[55.1715,119.636,14.7473],[56.2924,142.644,-1.92668],[56.8822,157.366,-13.5906],[[[0.961434,-0.0375974,-0.272455],[0.185527,0.81995,0.541537],[0.203039,-0.5712,0.795302]],[[0.982243,-0.139096,-0.125903],[0.181322,0.531461,0.827449],[-0.0481826,-0.835584,0.547245]],[[0.982243,-0.139096,-0.125903],[0.183427,0.570985,0.800206],[-0.0394171,-0.809091,0.58636]],[[0.982243,-0.139096,-0.125903],[0.184971,0.605712,0.773885],[-0.0313838,-0.783432,0.620685]]],2],[1693,[-0.17648,-0.98425,-0.010302],169,64.4285,[57.2283,29.0374,-6.17566],[59.0922,22.7441,10.9681],[9.4947,-11.886,74.1786],false,[78.7685,40.2566,93.1158],[75.4184,76.3522,42.031],[63.9553,61.6683,1.42012],[59.0665,34.4025,1.13473],[58.7406,19.1911,11.9789],[[[0.964094,-0.182948,-0.192493],[0.260121,0.796542,0.545764],[0.0534823,-0.576239,0.815529]],[[0.962708,-0.170418,-0.21012],[0.0858429,0.928949,-0.360117],[0.256561,0.32865,0.908936]],[[0.962708,-0.170418,-0.21012],[-0.205055,0.0469998,-0.977621],[0.17648,0.98425,0.010302]],[[0.962708,-0.170418,-0.21012],[-0.269979,-0.55509,-0.786757],[0.0174415,0.814145,-0.580399]]],3],[1694,[-0.376846,-0.635429,-0.673956],169,50.5107,[81.0077,43.9217,-7.6502],[80.5731,45.6707,-9.7376],[-2.52475,22.7734,-11.6326],false,[90.3336,34.0242,87.6419],[95.481,68.8839,41.592],[94.3732,69.5898,6.25717],[87.0025,57.1615,-6.9246],[78.7785,42.4326,-10.465],[[[0.907483,-0.377492,-0.184323],[0.410603,0.70433,0.579072],[-0.0887709,-0.601181,0.794167]],[[0.876283,-0.480368,-0.0370712],[0.480776,0.87684,0.00244271],[0.0313321,-0.0199635,0.99931]],[[0.876283,-0.480368,-0.0370712],[0.300191,0.604546,-0.737841],[0.376846,0.635429,0.673956]],[[0.876283,-0.480368,-0.0370712],[0.0669884,0.197673,-0.977977],[0.477116,0.854501,0.205396]]],4]],[[0,200,0],[235.247,235.247,147.751]]]]}