{"metadata":{"formatVersion":2,"generatedBy":"LeapJS Playback 0.2.1","frames":50,"frameRate":"1.1e+2","modified":"Fri Mar 20 2015 19:17:45 GMT-0300 (E. South America Standard Time)","title":"รง"},"frames":[["id","timestamp",{"hands":[["id","type","direction","palmNormal","palmPosition","palmVelocity","stabilizedPalmPosition","pinchStrength","grabStrength","confidence","armBasis","armWidth","elbow","wrist"]]},{"pointables":[["id","direction","handId","length","stabilizedTipPosition","tipPosition","tipVelocity","tool","carpPosition","mcpPosition","pipPosition","dipPosition","btipPosition","bases","type"]]},{"interactionBox":["center","size"]}],[79932,100105017908,[[171,"right",[-0.49964,0.799794,-0.3327],[-0.816131,-0.563363,-0.128654],[76.8465,139.615,55.5798],[16.8928,50.8547,-9.51019],[77.2589,139.916,50.8084],0,0.125067,0.680119,[[0.431212,-0.202468,-0.87924],[0.0459352,0.978159,-0.202719],[0.90108,0.0470268,0.431095]],62.6653,[348.289,110.467,181.26],[109.024,97.9804,66.7914]]],[[1710,[-0.920587,0.368394,-0.12964],171,51.2537,[2.42529,125.002,78.5115],[1.97834,132.928,84.0174],[3.53333,323.696,129.79],false,[93.8977,95.1156,92.7364],[93.8977,95.1156,92.7364],[48.9492,114.852,92.9946],[18.0808,127.205,88.6476],[-2.8936,134.922,83.1458],[[[0.749301,0.576558,-0.325774],[0.326323,0.106603,0.939228],[0.576248,-0.810072,-0.108267]],[[0.38951,0.890176,-0.236365],[0.0997089,0.21437,0.97165],[0.915609,-0.402035,-0.00525934]],[[0.38951,0.890176,-0.236365],[-0.0283271,0.268091,0.962977],[0.920587,-0.368394,0.12964]],[[0.38951,0.890176,-0.236365],[-0.133542,0.308507,0.941802],[0.91129,-0.335276,0.239042]]],0],[1711,[-0.930323,-0.00986419,-0.366608],171,57.8341,[2.01035,177.671,43.898],[1.01654,185.836,42.2502],[118.282,208.374,-89.1788],false,[106.637,112.722,84.2993],[59.1471,165.579,70.6746],[33.8181,194.249,52.7401],[11.704,194.014,44.0257],[-1.77548,184.351,41.3303],[[[0.202316,-0.0700165,-0.976814],[0.726806,0.67925,0.101847],[0.65637,-0.73056,0.188311]],[[0.35749,-0.247494,-0.900526],[0.716114,0.691596,0.0942094],[0.599484,-0.678558,0.424473]],[[0.35749,-0.247494,-0.900526],[0.0818503,0.968839,-0.233776],[0.930323,0.00986419,0.366608]],[[0.35749,-0.247494,-0.900526],[-0.478173,0.779763,-0.404129],[0.802217,0.575079,0.160413]]],1],[1712,[-0.967414,-0.060213,-0.245936],171,65.8973,[1.22282,173.904,23.4544],[-1.40424,181.401,23.3039],[93.879,151.807,-76.5288],false,[109.897,113.443,72.6592],[67.1145,162.374,50.677],[37.3092,192.459,29.3804],[10.2548,190.775,22.5026],[-4.45151,179.603,23.1699],[[[0.162247,-0.282837,-0.945346],[0.76478,0.64143,-0.0606516],[0.623528,-0.713142,0.320378]],[[0.249953,-0.382144,-0.889657],[0.736323,0.671687,-0.0816433],[0.62877,-0.634668,0.449272]],[[0.249953,-0.382144,-0.889657],[0.0404139,0.922139,-0.384742],[0.967414,0.060213,0.245936]],[[0.249953,-0.382144,-0.889657],[-0.551634,0.698923,-0.4552],[0.795753,0.604544,-0.0361055]]],2],[1713,[-0.963855,0.0719607,-0.256525],171,63.362,[5.56724,154.75,7.50482],[-1.85263,166.498,7.48911],[46.9259,123.371,-42.2858],false,[112.021,111.186,60.9816],[76.5243,152.846,32.7085],[38.1355,167.101,16.7765],[11.8767,169.061,9.7879],[-6.1237,167.158,6.62645],[[[0.194119,-0.432242,-0.880616],[0.793905,0.596523,-0.117793],[0.576223,-0.676259,0.458956]],[[0.200249,-0.439425,-0.875674],[0.443411,0.837652,-0.318946],[0.873663,-0.324415,0.362585]],[[0.200249,-0.439425,-0.875674],[0.175738,0.895392,-0.409132],[0.963855,-0.0719607,0.256525]],[[0.200249,-0.439425,-0.875674],[-0.0150783,0.89229,-0.451211],[0.979629,0.103558,0.172054]]],3],[1714,[-0.97266,0.189548,-0.134179],171,49.6747,[26.4155,151.303,4.85077],[20.8129,158.186,5.36592],[27.3444,31.6582,-35.8668],false,[110.565,102.783,49.8833],[82.5805,140.1,17.0784],[52.5588,155.164,8.07705],[33.8496,158.81,5.49611],[16.9167,159.09,4.75315],[[[0.125643,-0.600188,-0.789929],[0.862201,0.459927,-0.212314],[0.490738,-0.654402,0.575269]],[[0.031074,-0.466354,-0.884052],[0.503663,0.771282,-0.389162],[0.863341,-0.433172,0.258852]],[[0.031074,-0.466354,-0.884052],[0.230145,0.864052,-0.447714],[0.97266,-0.189548,0.134179]],[[0.031074,-0.466354,-0.884052],[0.0350496,0.884444,-0.465329],[0.998902,-0.0165261,0.0438287]]],4]],[[0,200,0],[235.247,235.247,147.751]]],[79933,100105026687,[[171,"right",[-0.478115,0.800966,-0.360359],[-0.833727,-0.542935,-0.100607],[76.9696,140.74,55.3687],[16.1183,71.6391,-13.4204],[77.2524,139.934,50.911],0,0.120125,0.704143,[[0.42526,-0.247923,-0.870453],[0.0645424,0.967609,-0.244063],[0.902767,0.047609,0.427487]],62.6653,[347.686,111.26,181.492],[107.973,98.6185,67.9813]]],[[1710,[-0.910003,0.394015,-0.129023],171,51.2537,[2.35677,128.453,80.3784],[2.19687,137.603,84.9543],[9.89979,381.886,127.72],false,[92.9826,97.231,94.1254],[92.9826,97.231,94.1254],[48.6851,118.39,94.1095],[18.1716,131.602,89.7832],[-2.61042,139.767,84.1986],[[[0.763568,0.540369,-0.353504],[0.337134,0.1333,0.931972],[0.550731,-0.830802,-0.0803929]],[[0.414583,0.867754,-0.274087],[0.117853,0.247456,0.961705],[0.902348,-0.431008,0.000323812]],[[0.414583,0.867754,-0.274087],[-0.00396571,0.302911,0.953011],[0.910003,-0.394015,0.129023]],[[0.414583,0.867754,-0.274087],[-0.113319,0.348075,0.930592],[0.902928,-0.354748,0.242639]]],0],[1711,[-0.933177,0.00394119,-0.359395],171,57.8341,[2.11654,179.239,43.4354],[2.47565,188.703,40.7604],[131.809,239.025,-111.576],false,[106.175,114.099,84.9121],[60.1837,167.8,69.5552],[35.5978,196.515,50.683],[13.4159,196.608,42.1401],[-0.364596,187.252,39.9269],[[[0.192037,-0.114273,-0.974712],[0.747705,0.660342,0.0698951],[0.635656,-0.74222,0.212253]],[[0.342507,-0.293348,-0.892544],[0.737621,0.672355,0.0620769],[0.581897,-0.679621,0.446666]],[[0.342507,-0.293348,-0.892544],[0.108946,0.955998,-0.272396],[0.933177,-0.00394119,0.359395]],[[0.342507,-0.293348,-0.892544],[-0.458342,0.777114,-0.431296],[0.820129,0.556813,0.131713]]],1],[1712,[-0.970788,-0.0402213,-0.236543],171,65.8973,[1.15403,174.554,23.3458],[-0.236796,183.616,22.0227],[104.976,177.844,-95.9533],false,[109.358,114.265,73.2299],[67.8856,163.575,49.6433],[38.8378,193.71,27.3923],[11.689,192.585,20.7772],[-3.33895,181.897,21.989],[[[0.145853,-0.324386,-0.934613],[0.783181,0.61506,-0.0912548],[0.604445,-0.718662,0.343761]],[[0.230945,-0.424,-0.875721],[0.755746,0.645041,-0.113006],[0.61279,-0.635725,0.469406]],[[0.230945,-0.424,-0.875721],[0.0650715,0.904768,-0.420904],[0.970788,0.0402213,0.236543]],[[0.230945,-0.424,-0.875721],[-0.534266,0.696956,-0.478344],[0.813157,0.578339,-0.06557]]],2],[1713,[-0.960981,0.101024,-0.257505],171,63.362,[5.21372,155.529,7.4438],[-1.1966,168.606,6.5958],[56.7845,156.965,-62.3188],false,[111.318,111.49,61.6354],[76.8559,153.07,31.9974],[38.8443,167.952,15.7377],[12.6639,170.704,8.72237],[-5.40571,169.499,5.61303],[[[0.173755,-0.472044,-0.864282],[0.81047,0.56709,-0.146791],[0.559418,-0.674969,0.481112]],[[0.179796,-0.479318,-0.859027],[0.468309,0.809658,-0.353753],[0.865078,-0.338687,0.370042]],[[0.179796,-0.479318,-0.859027],[0.210209,0.871807,-0.442452],[0.960981,-0.101024,0.257505]],[[0.179796,-0.479318,-0.859027],[0.02475,0.875186,-0.483154],[0.983392,0.0656083,0.169218]]],3],[1714,[-0.966893,0.214925,-0.13757],171,49.6747,[26.3748,151.368,4.84593],[21.1117,159.077,4.73086],[29.7503,48.6525,-47.7394],false,[109.518,102.707,50.8869],[82.397,139.545,16.8382],[52.7541,155.087,7.40527],[34.1559,159.221,4.75911],[17.239,160.048,4.06086],[[[0.101016,-0.634159,-0.766576],[0.873847,0.424892,-0.236345],[0.475592,-0.645995,0.597078]],[[0.0110495,-0.503335,-0.864021],[0.5227,0.739527,-0.424127],[0.852445,-0.446938,0.271265]],[[0.0110495,-0.503335,-0.864021],[0.254943,0.836936,-0.484296],[0.966893,-0.214925,0.13757]],[[0.0110495,-0.503335,-0.864021],[0.062898,0.862712,-0.501768],[0.997959,-0.0488009,0.0411913]]],4]],[[0,200,0],[235.247,235.247,147.751]]],[79934,100105035657,[[171,"right",[-0.459526,0.803265,-0.378947],[-0.847077,-0.524644,-0.084904],[77.0651,142.02,55.4033],[14.6203,91.1027,-8.68873],[77.247,139.994,51.0387],0,0.120354,0.714306,[[0.42077,-0.277677,-0.863625],[0.0754382,0.959415,-0.271721],[0.904025,0.0491817,0.42464]],62.6653,[347.116,112.536,181.735],[107.069,99.4767,68.9802]]],[[1710,[-0.900349,0.414882,-0.131321],171,51.2537,[2.35568,133.141,82.3643],[2.35991,141.547,85.4775],[12.812,398.555,110.279],false,[92.1326,99.1068,95.1895],[92.1326,99.1068,95.1895],[48.3937,121.396,94.9233],[18.2038,135.307,90.5199],[-2.38083,143.818,84.7243],[[[0.775426,0.51253,-0.36882],[0.343271,0.14808,0.92749],[0.529981,-0.845805,-0.0611119]],[[0.435018,0.850123,-0.296731],[0.130114,0.266738,0.954946],[0.890971,-0.454027,0.00542278]],[[0.435018,0.850123,-0.296731],[0.0114692,0.324289,0.945889],[0.900349,-0.414882,0.131321]],[[0.435018,0.850123,-0.296731],[-0.104347,0.374923,0.921165],[0.894355,-0.36976,0.251807]]],0],[1711,[-0.933967,0.017582,-0.356927],171,57.8341,[2.45482,181.449,42.7518],[3.73906,191.428,39.7935],[134.77,255.723,-110.838],false,[105.704,115.412,85.5251],[60.9917,169.828,68.9553],[37.0688,198.669,49.4349],[14.8681,199.087,40.9506],[0.863103,190.007,39.0138],[[[0.186067,-0.143109,-0.972059],[0.763857,0.643328,0.0515013],[0.617982,-0.752097,0.229017]],[[0.332426,-0.323794,-0.885805],[0.754257,0.655131,0.0435845],[0.566205,-0.682613,0.462007]],[[0.332426,-0.323794,-0.885805],[0.131145,0.945964,-0.296568],[0.933967,-0.017582,0.356927]],[[0.332426,-0.323794,-0.885805],[-0.441346,0.776628,-0.449515],[0.833491,0.540377,0.115266]]],1],[1712,[-0.972299,-0.0219768,-0.232707],171,65.8973,[1.15857,175.566,23.1417],[0.843582,185.977,21.2078],[109.535,200.433,-94.5051],false,[108.854,115.21,73.8341],[68.5242,164.922,49.1348],[40.1639,195.225,26.235],[12.9729,194.611,19.7272],[-2.30558,184.325,21.2465],[[[0.134884,-0.350965,-0.926623],[0.797699,0.593203,-0.108563],[0.587778,-0.724523,0.359979]],[[0.217397,-0.450783,-0.865756],[0.771227,0.622993,-0.130721],[0.598287,-0.639276,0.483093]],[[0.217397,-0.450783,-0.865756],[0.085874,0.892363,-0.443073],[0.972298,0.0219768,0.232707]],[[0.217397,-0.450783,-0.865756],[-0.518923,0.697861,-0.493668],[0.826715,0.556583,-0.0822091]]],2],[1713,[-0.958168,0.121235,-0.259262],171,63.362,[4.80735,156.682,7.32505],[-0.534384,170.755,6.07151],[62.5825,178.586,-62.6164],false,[110.707,112.101,62.3073],[77.1784,153.766,31.7327],[39.4887,169.159,15.2028],[13.3848,172.462,8.13963],[-4.71288,171.722,5.04846],[[[0.15939,-0.497472,-0.852711],[0.823628,0.543214,-0.162958],[0.544272,-0.676343,0.496315]],[[0.165358,-0.50487,-0.847209],[0.486739,0.788903,-0.375123],[0.857754,-0.35034,0.376191]],[[0.165358,-0.50487,-0.847209],[0.233605,0.854639,-0.463703],[0.958168,-0.121235,0.259262]],[[0.165358,-0.50487,-0.847209],[0.0508023,0.862255,-0.503921],[0.984924,0.0402872,0.168229]]],3],[1714,[-0.961003,0.236637,-0.143094],171,49.6747,[26.3273,151.466,4.83552],[21.5231,160.524,4.34495],[34.7262,78.1314,-47.8082],false,[108.659,103.101,51.7854],[82.3385,139.737,16.9006],[53.0474,155.718,7.1104],[34.5624,160.27,4.35798],[17.6758,161.556,3.62162],[[[0.0830196,-0.655279,-0.750811],[0.88322,0.397324,-0.249109],[0.461551,-0.642451,0.611741]],[[-0.003013,-0.526377,-0.850246],[0.538956,0.715338,-0.444767],[0.842329,-0.459585,0.281539]],[[-0.003013,-0.526377,-0.850246],[0.276521,0.816658,-0.506563],[0.961003,-0.236637,0.143094]],[[-0.003013,-0.526377,-0.850246],[0.087373,0.846859,-0.52459],[0.996171,-0.0758691,0.0434396]]],4]],[[0,200,0],[235.247,235.247,147.751]]],[79935,100105044785,[[171,"right",[-0.450723,0.803704,-0.388469],[-0.853099,-0.515943,-0.0776227],[77.0387,142.97,55.4885],[9.75412,94.7169,-3.68045],[77.2398,140.098,51.1943],0,0.120994,0.729835,[[0.418479,-0.292134,-0.859961],[0.080435,0.955058,-0.285297],[0.904658,0.0502197,0.423169]],62.6653,[346.784,113.593,181.93],[106.569,100.259,69.5651]]],[[1710,[-0.89558,0.425067,-0.131358],171,51.2537,[2.37223,137.739,84.0709],[2.38811,143.793,85.8209],[10.5163,356.542,91.2372],false,[91.657,100.384,95.7905],[91.657,100.384,95.7905],[48.1972,123.211,95.4316],[18.1673,137.464,91.027],[-2.31596,146.106,85.0679],[[[0.78084,0.499025,-0.375851],[0.345908,0.155634,0.925271],[0.520228,-0.852498,-0.0510916]],[[0.444439,0.841318,-0.307664],[0.13691,0.27562,0.951467],[0.885285,-0.464991,0.00731103]],[[0.444439,0.841318,-0.307664],[0.0202635,0.333919,0.942384],[0.89558,-0.425067,0.131358]],[[0.444439,0.841318,-0.307664],[-0.102312,0.388874,0.915592],[0.889947,-0.375447,0.258908]]],0],[1711,[-0.934075,0.023513,-0.356301],171,57.8341,[2.90201,183.944,41.9839],[4.29093,193.028,39.3246],[114.407,232.585,-94.3299],false,[105.403,116.412,85.9122],[61.2979,171.126,68.7089],[37.707,200.008,48.8477],[15.5037,200.566,40.3783],[1.40219,191.609,38.5751],[[[0.183406,-0.157265,-0.970376],[0.771203,0.635147,0.0428252],[0.609596,-0.756212,0.237773]],[[0.327886,-0.338658,-0.88193],[0.762062,0.646555,0.0350459],[0.558348,-0.683577,0.470075]],[[0.327886,-0.338658,-0.88193],[0.141401,0.940616,-0.308623],[0.934075,-0.023513,0.356301]],[[0.327886,-0.338658,-0.88193],[-0.433789,0.775335,-0.459001],[0.839236,0.533072,0.107315]]],1],[1712,[-0.972919,-0.0156949,-0.230612],171,65.8973,[1.21157,176.837,22.8761],[1.31605,187.341,20.8349],[93.3323,183.829,-78.8595],false,[108.538,116.03,74.2218],[68.7533,165.889,48.9441],[40.7105,196.22,25.6928],[13.5021,195.781,19.2435],[-1.85639,185.643,20.9381],[[[0.129901,-0.363943,-0.922318],[0.804304,0.582659,-0.116635],[0.579845,-0.726673,0.368409]],[[0.211389,-0.464004,-0.860241],[0.778035,0.612596,-0.139238],[0.591588,-0.639865,0.490507]],[[0.211389,-0.464004,-0.860241],[0.0935035,0.885694,-0.454756],[0.972919,0.0156949,0.230612]],[[0.211389,-0.464004,-0.860241],[-0.514469,0.695517,-0.501575],[0.831045,0.548595,-0.0916905]]],2],[1713,[-0.9569,0.129134,-0.260129],171,63.362,[4.36275,158.116,7.16881],[-0.281465,171.995,5.86032],[53.227,165.93,-52.0502],false,[110.344,112.756,62.7328],[77.2613,154.419,31.6739],[39.7252,170.02,14.989],[13.656,173.538,7.90222],[-4.45109,172.978,4.82783],[[[0.152811,-0.509793,-0.846617],[0.829604,0.531706,-0.170429],[0.537035,-0.676313,0.504177]],[[0.158794,-0.517309,-0.840938],[0.495004,0.778674,-0.385536],[0.854257,-0.355047,0.379719]],[[0.158794,-0.517309,-0.840938],[0.243161,0.846,-0.474507],[0.9569,-0.129134,0.260129]],[[0.158794,-0.517309,-0.840938],[0.0609042,0.855255,-0.514616],[0.985431,0.0305013,0.167316]]],3],[1714,[-0.958089,0.246345,-0.146218],171,49.6747,[26.2677,151.604,4.82012],[21.6567,161.498,4.2029],[29.2434,85.0868,-39.1467],false,[108.182,103.651,52.3252],[82.2454,140.15,17.0124],[53.1137,156.309,7.04072],[34.6848,161.048,4.22822],[17.8171,162.547,3.46313],[[[0.0747501,-0.665442,-0.742698],[0.887437,0.384088,-0.254817],[0.454827,-0.64005,0.619248]],[[-0.00950545,-0.537466,-0.843232],[0.545978,0.703688,-0.454677],[0.837746,-0.464708,0.286756]],[[-0.00950545,-0.537466,-0.843232],[0.286313,0.806501,-0.517282],[0.958089,-0.246345,0.146218]],[[-0.00950545,-0.537466,-0.843232],[0.0988079,0.838638,-0.535652],[0.995061,-0.0884096,0.0451343]]],4]],[[0,200,0],[235.247,235.247,147.751]]],[79936,100105053883,[[171,"right",[-0.442211,0.810492,-0.384125],[-0.857478,-0.507628,-0.0839372],[76.9292,143.611,55.8652],[3.71683,87.9979,8.81259],[77.2274,140.237,51.3801],0,0.121257,0.738884,[[0.419484,-0.287558,-0.861013],[0.0766164,0.956331,-0.282064],[0.904524,0.0523536,0.423197]],62.6653,[346.207,114.437,182.1],[106.028,100.535,69.7284]]],[[1710,[-0.891291,0.434303,-0.130313],171,51.2537,[2.29682,141.172,85.243],[2.19827,144.906,86.0103],[1.89942,291.223,71.6136],false,[91.0346,100.61,95.9077],[91.0346,100.61,95.9077],[47.7879,123.839,95.6125],[17.9018,138.402,91.243],[-2.47983,147.253,85.2447],[[[0.786501,0.494585,-0.369867],[0.344376,0.145922,0.927422],[0.51266,-0.856792,-0.0555555]],[[0.452945,0.839451,-0.30027],[0.137035,0.267245,0.953835],[0.880944,-0.473183,0.00601259]],[[0.452945,0.839451,-0.30027],[0.021017,0.326653,0.944911],[0.891291,-0.434303,0.130313]],[[0.452945,0.839451,-0.30027],[-0.10329,0.383943,0.917561],[0.885535,-0.38459,0.260612]]],0],[1711,[-0.932809,0.033633,-0.358797],171,57.8341,[3.40413,186.516,41.4125],[4.71097,194.438,39.8323],[95.6078,210.095,-52.1087],false,[104.956,116.582,86.1865],[61.4019,171.814,69.2371],[38.1473,201.056,49.5064],[15.9741,201.855,40.9777],[1.81191,193.014,39.0817],[[[0.185041,-0.152029,-0.9709],[0.776774,0.627813,0.0497368],[0.601982,-0.763373,0.234263]],[[0.327645,-0.335411,-0.88326],[0.767934,0.63914,0.0421562],[0.550387,-0.692097,0.466985]],[[0.327645,-0.335411,-0.88326],[0.150051,0.941471,-0.301855],[0.932809,-0.033633,0.358797]],[[0.327645,-0.335411,-0.88326],[-0.426914,0.781425,-0.455104],[0.842848,0.526188,0.112839]]],1],[1712,[-0.972435,-0.00649057,-0.233082],171,65.8973,[1.31725,178.38,22.653],[1.72967,188.894,21.3055],[79.6713,178.546,-41.7261],false,[108.125,116.254,74.5034],[68.872,166.65,49.4586],[41.1575,197.383,26.3418],[13.9626,197.202,19.8235],[-1.47364,187.165,21.4164],[[[0.129519,-0.35855,-0.924482],[0.809902,0.57616,-0.10999],[0.572087,-0.734494,0.365014]],[[0.209891,-0.459767,-0.862879],[0.783655,0.606851,-0.132728],[0.584663,-0.648341,0.487671]],[[0.209891,-0.459767,-0.862879],[0.101563,0.888016,-0.448456],[0.972435,0.00649057,0.233082]],[[0.209891,-0.459767,-0.862879],[-0.508229,0.702632,-0.498007],[0.835254,0.543068,-0.086191]]],2],[1713,[-0.954846,0.139678,-0.262218],171,63.362,[3.90621,159.876,7.03351],[0.0303695,173.695,6.20174],[48.2811,171.47,-26.9225],false,[109.937,113.046,62.997],[77.3306,155.227,32.1336],[39.9867,171.279,15.4454],[13.9733,175.084,8.30168],[-4.12786,174.713,5.16491],[[[0.15087,-0.505135,-0.849751],[0.83491,0.525364,-0.164067],[0.529305,-0.684713,0.501004]],[[0.156791,-0.512774,-0.844085],[0.503106,0.776921,-0.37852],[0.849883,-0.365316,0.379794]],[[0.156791,-0.512774,-0.844085],[0.252359,0.847085,-0.46772],[0.954846,-0.139678,0.262218]],[[0.156791,-0.512774,-0.844085],[0.0704791,0.858286,-0.508309],[0.985114,0.0202078,0.170711]]],3],[1714,[-0.955213,0.256119,-0.14823],171,49.6747,[26.1886,151.823,4.80424],[21.8703,163.01,4.50082],[27.6185,106.656,-18.9866],false,[107.726,104.035,52.5182],[82.2318,141.017,17.3862],[53.2559,157.467,7.43462],[34.8823,162.393,4.58341],[18.0343,164.07,3.75408],[[[0.0710783,-0.660803,-0.747186],[0.891673,0.377831,-0.249326],[0.447065,-0.648524,0.616076]],[[-0.0112801,-0.532061,-0.846631],[0.552758,0.70224,-0.448684],[0.833266,-0.473043,0.28618]],[[-0.0112801,-0.532061,-0.846631],[0.295705,0.80704,-0.511121],[0.955213,-0.256119,0.14823]],[[-0.0112801,-0.532061,-0.846631],[0.109779,0.840908,-0.529927],[0.993892,-0.0989197,0.0489236]]],4]],[[0,200,0],[235.247,235.247,147.751]]],[79937,100105062850,[[171,"right",[-0.442087,0.814631,-0.375414],[-0.858187,-0.505885,-0.0871479],[76.8269,144.323,56.2959],[-0.425152,85.6408,19.5502],[77.2102,140.413,51.5914],0,0.121739,0.753331,[[0.421863,-0.278599,-0.862794],[0.0721233,0.958915,-0.274372],[0.903786,0.05352,0.424625]],62.6653,[345.889,115.295,182.436],[105.906,101.084,69.6855]]],[[1710,[-0.891081,0.436518,-0.124203],171,51.2537,[2.23688,143.303,86.1707],[2.15765,145.407,86.6064],[0.196322,226.504,70.1443],false,[90.9642,100.922,95.8937],[90.9642,100.922,95.8937],[47.7427,124.2,95.9162],[17.8636,138.837,91.7515],[-2.51875,147.761,85.8642],[[[0.78631,0.497299,-0.366621],[0.346345,0.136596,0.928109],[0.511627,-0.856759,-0.0648304]],[[0.453242,0.841843,-0.293038],[0.139337,0.257791,0.956101],[0.88043,-0.474176,-0.000458421]],[[0.453242,0.841843,-0.293038],[0.0233567,0.317414,0.947999],[0.891081,-0.436518,0.124203]],[[0.453242,0.841843,-0.293038],[-0.101712,0.375439,0.921249],[0.885565,-0.387744,0.255791]]],0],[1711,[-0.933608,0.0369867,-0.356381],171,57.8341,[3.80971,188.893,41.2081],[4.65821,195.372,40.8954],[67.7277,180.066,-4.76557],false,[104.884,116.973,86.2998],[61.3561,172.411,69.97],[38.1073,201.874,50.5634],[15.9151,202.753,42.0921],[1.75679,193.914,40.1561],[[[0.182979,-0.142844,-0.972684],[0.777546,0.62648,0.0542678],[0.601616,-0.766236,0.2257]],[[0.325634,-0.327318,-0.887032],[0.768887,0.637657,0.0469648],[0.55025,-0.697321,0.459313]],[[0.325634,-0.327318,-0.887032],[0.149458,0.94419,-0.293542],[0.933608,-0.0369867,0.356381]],[[0.325634,-0.327318,-0.887032],[-0.4289,0.78495,-0.4471],[0.842619,0.526039,0.11522]]],1],[1712,[-0.973187,-0.00677166,-0.229915],171,65.8973,[1.40126,180.036,22.5806],[1.61523,189.922,22.3423],[53.278,157.49,2.58691],false,[108.029,116.754,74.6079],[68.782,167.431,50.1279],[40.9977,198.352,27.3473],[13.7818,198.162,20.9176],[-1.61469,188.062,22.4889],[[[0.127325,-0.349744,-0.928153],[0.810306,0.576337,-0.106015],[0.572007,-0.738589,0.356782]],[[0.208062,-0.452077,-0.867373],[0.783043,0.608388,-0.12926],[0.586135,-0.652296,0.480578]],[[0.208062,-0.452077,-0.867373],[0.0980656,0.891953,-0.441364],[0.973187,0.00677166,0.229915]],[[0.208062,-0.452077,-0.867373],[-0.512498,0.704919,-0.490341],[0.8331,0.546549,-0.0850218]]],2],[1713,[-0.955184,0.143239,-0.259047],171,63.362,[3.41865,161.829,7.0017],[-0.139338,174.977,7.07124],[29.8377,163.221,7.41417],false,[109.816,113.656,63.0675],[77.1943,156.167,32.6768],[39.8292,172.408,16.2204],[13.8067,176.31,9.163],[-4.30049,175.993,6.05492],[[[0.148664,-0.497067,-0.854882],[0.835154,0.526038,-0.160629],[0.529544,-0.690078,0.49333]],[[0.154622,-0.504812,-0.849269],[0.502962,0.780098,-0.372124],[0.850366,-0.369611,0.374521]],[[0.154622,-0.504812,-0.849269],[0.252418,0.851263,-0.46004],[0.955184,-0.143239,0.259047]],[[0.154622,-0.504812,-0.849269],[0.0707238,0.863057,-0.500131],[0.985439,0.0172677,0.16915]]],3],[1714,[-0.955119,0.258532,-0.144599],171,49.6747,[26.0794,152.143,4.80037],[21.6783,164.277,5.19138],[13.8986,115.294,7.60848],false,[107.574,104.748,52.5066],[82.0514,142.095,17.7834],[53.05,158.626,8.0437],[34.6782,163.599,5.26233],[17.8332,165.319,4.46164],[[[0.068905,-0.653633,-0.753668],[0.891591,0.379275,-0.247419],[0.447569,-0.654915,0.608907]],[[-0.0131016,-0.524536,-0.851287],[0.55161,0.706303,-0.443691],[0.833999,-0.475392,0.280086]],[[-0.0131016,-0.524536,-0.851287],[0.295932,0.811186,-0.504382],[0.955119,-0.258532,0.144599]],[[-0.0131016,-0.524536,-0.851287],[0.111164,0.845319,-0.522569],[0.993716,-0.101479,0.0472343]]],4]],[[0,200,0],[235.247,235.247,147.751]]],[79938,100105071982,[[171,"right",[-0.449008,0.814936,-0.36643],[-0.852335,-0.513717,-0.0980855],[76.4919,145.316,57.1576],[-10.5018,92.0371,40.3441],[77.1767,140.641,51.8506],0,0.152559,0.759136,[[0.422949,-0.263294,-0.867059],[0.0667281,0.963308,-0.259971],[0.903693,0.0520973,0.424999]],62.6653,[345.927,116.042,182.948],[105.969,102.209,70.0977]]],[[1710,[-0.895129,0.428791,-0.121996],171,51.2537,[1.98168,144.308,86.8879],[1.68126,145.189,87.1253],[-14.527,156.211,65.7731],false,[90.9082,101.531,96.2299],[90.9082,101.531,96.2299],[47.4415,124.348,96.3774],[17.4267,138.726,92.2868],[-3.01404,147.482,86.3497],[[[0.782648,0.510548,-0.356095],[0.340582,0.127611,0.931514],[0.521024,-0.850327,-0.0740093]],[[0.445519,0.850554,-0.279411],[0.132419,0.246059,0.960167],[0.885425,-0.464772,-0.00300612]],[[0.445519,0.850554,-0.279411],[0.016045,0.30446,0.95239],[0.895129,-0.428791,0.121996]],[[0.445519,0.850554,-0.279411],[-0.113099,0.363066,0.924874],[0.8881,-0.380447,0.257949]]],0],[1711,[-0.932469,0.030675,-0.359946],171,57.8341,[3.9184,190.861,41.3762],[3.87734,195.79,42.1105],[24.7755,141.725,34.3795],false,[104.7,117.858,86.9209],[60.6597,173.049,71.1375],[37.1933,202.529,52.0204],[15.0283,203.258,43.4644],[0.992484,194.263,41.3597],[[[0.188978,-0.127642,-0.97365],[0.770565,0.633887,0.0664607],[0.608701,-0.76282,0.218147]],[[0.333222,-0.311778,-0.889808],[0.761901,0.64497,0.0593331],[0.5554,-0.697717,0.452462]],[[0.333222,-0.311778,-0.889808],[0.139518,0.94966,-0.280501],[0.932469,-0.030675,0.359946]],[[0.333222,-0.311778,-0.889808],[-0.437261,0.785016,-0.438809],[0.835324,0.535299,0.125256]]],1],[1712,[-0.972104,-0.021211,-0.233588],171,65.8973,[1.38698,181.588,22.6751],[1.01524,190.341,23.4332],[19.5189,120.325,35.2611],false,[107.902,117.832,75.2422],[68.2298,168.419,51.2653],[40.1884,199.22,28.6383],[13.0028,198.627,22.1058],[-2.19039,188.205,23.5586],[[[0.135329,-0.335708,-0.932194],[0.804597,0.586281,-0.09433],[0.578195,-0.737276,0.34945]],[[0.218834,-0.440417,-0.870715],[0.775996,0.619537,-0.11834],[0.591559,-0.649774,0.477338]],[[0.218834,-0.440417,-0.870715],[0.0844073,0.897543,-0.432773],[0.972104,0.021211,0.233588]],[[0.218834,-0.440417,-0.870715],[-0.525609,0.698612,-0.485466],[0.822099,0.563892,-0.0786071]]],2],[1713,[-0.959291,0.122475,-0.25448],171,63.362,[2.8742,163.506,7.15522],[-0.887299,175.188,8.3308],[-7.36474,106.955,51.0748],false,[109.774,114.91,63.6695],[76.8422,157.483,33.7033],[38.9875,172.899,17.5757],[12.853,176.235,10.6427],[-5.24891,175.55,7.56353],[[[0.157898,-0.48378,-0.860828],[0.830231,0.536996,-0.149502],[0.534588,-0.691081,0.48644]],[[0.164071,-0.49174,-0.855145],[0.480504,0.796934,-0.366076],[0.861509,-0.350838,0.367036]],[[0.164071,-0.49174,-0.855145],[0.229872,0.862085,-0.451627],[0.959291,-0.122475,0.25448]],[[0.164071,-0.49174,-0.855145],[0.0505282,0.869944,-0.490556],[0.985154,0.0372769,0.167579]]],3],[1714,[-0.957019,0.250664,-0.145884],171,49.6747,[25.9324,152.579,4.82297],[21.3695,165.393,6.05241],[0.458725,117.206,32.1221],false,[107.677,106.124,52.9781],[81.9176,143.667,18.6436],[52.781,160.012,8.99365],[34.3727,164.834,6.18757],[17.5159,166.399,5.32131],[[[0.0793463,-0.642546,-0.762128],[0.88863,0.392034,-0.238005],[0.45171,-0.658365,0.602092]],[[-0.00354296,-0.51307,-0.858339],[0.545833,0.718208,-0.43156],[0.837886,-0.470039,0.277506]],[[-0.00354296,-0.51307,-0.858339],[0.290003,0.82093,-0.491906],[0.957019,-0.250664,0.145884]],[[-0.00354296,-0.51307,-0.858339],[0.105493,0.853363,-0.510531],[0.994414,-0.0923578,0.051102]]],4]],[[0,200,0],[235.247,235.247,147.751]]],[79939,100105080944,[[171,"right",[-0.451357,0.822025,-0.347207],[-0.84939,-0.51504,-0.115198],[76.1541,145.956,57.8923],[-17.9421,86.4015,51.7365],[77.1297,140.886,52.1287],0,0.161656,0.75778,[[0.426312,-0.237592,-0.872816],[0.0558573,0.969963,-0.236754],[0.90285,0.0521779,0.426778]],62.6653,[345.518,116.523,183.166],[105.783,102.668,69.8436]]],[[1710,[-0.896724,0.427482,-0.114651],171,51.2537,[1.66431,144.554,87.3394],[1.23238,144.664,87.448],[-24.3342,95.7159,54.9088],false,[90.6119,101.242,95.8814],[90.6119,101.242,95.8814],[47.033,123.837,96.4398],[16.9647,138.171,92.5954],[-3.46233,146.892,86.5609],[[[0.781707,0.523319,-0.33922],[0.335879,0.105025,0.936031],[0.52547,-0.84564,-0.0936735]],[[0.442464,0.859699,-0.255231],[0.127252,0.221539,0.966813],[0.887712,-0.460259,-0.0113756]],[[0.442464,0.859699,-0.255231],[0.0105412,0.279601,0.960058],[0.896724,-0.427482,0.114651]],[[0.442464,0.859699,-0.255231],[-0.128684,0.342527,0.930653],[0.887505,-0.378937,0.262186]]],0],[1711,[-0.931239,0.033996,-0.36282],171,57.8341,[3.86642,192.325,41.9128],[3.37529,196.435,43.8351],[2.18634,121.353,78.6542],false,[104.365,117.87,87.0608],[60.1262,173.242,72.5149],[36.5904,203.086,54.0605],[14.4545,203.894,45.4361],[0.491278,194.856,43.0544],[[[0.193854,-0.10145,-0.975771],[0.767176,0.6356,0.0863305],[0.611442,-0.765324,0.201044]],[[0.338638,-0.287032,-0.896067],[0.758303,0.64706,0.0793064],[0.557046,-0.706347,0.436776]],[[0.338638,-0.287032,-0.896067],[0.134604,0.957318,-0.255783],[0.931239,-0.033996,0.36282]],[[0.338638,-0.287032,-0.896067],[-0.441309,0.792639,-0.420679],[0.831006,0.5379,0.141748]]],1],[1712,[-0.970894,-0.022067,-0.238493],171,65.8973,[1.31597,182.972,22.9635],[0.613139,191.396,24.965],[1.05665,117.413,72.4131],false,[107.618,118.162,75.3999],[67.8056,169.165,52.5636],[39.6742,200.33,30.5558],[12.5225,199.713,23.8862],[-2.60514,189.157,25.0176],[[[0.141036,-0.310773,-0.939962],[0.802143,0.592342,-0.0754851],[0.580237,-0.743338,0.332826]],[[0.22568,-0.417767,-0.880079],[0.772579,0.627066,-0.0995497],[0.593456,-0.657464,0.464274]],[[0.22568,-0.417767,-0.880079],[0.0802136,0.908286,-0.410587],[0.970894,0.022067,0.238493]],[[0.22568,-0.417767,-0.880079],[-0.528242,0.706575,-0.470863],[0.818553,0.57116,-0.0612222]]],2],[1713,[-0.959385,0.12176,-0.254471],171,63.362,[2.37967,165.032,7.42871],[-1.25661,176.585,9.57168],[-17.5403,115.6,76.6098],false,[109.555,115.55,63.7638],[76.5478,158.729,34.763],[38.5776,174.177,18.9412],[12.4407,177.495,12.0086],[-5.64432,176.787,8.83628],[[[0.164012,-0.460538,-0.872356],[0.828257,0.544627,-0.1318],[0.535807,-0.700919,0.470769]],[[0.17038,-0.46885,-0.866689],[0.473539,0.810287,-0.345246],[0.864136,-0.351588,0.360076]],[[0.17038,-0.46885,-0.866689],[0.224836,0.874845,-0.429062],[0.959385,-0.12176,0.254471]],[[0.17038,-0.46885,-0.866689],[0.047553,0.882437,-0.468021],[0.98423,0.0385276,0.172645]]],3],[1714,[-0.957743,0.249129,-0.143745],171,49.6747,[25.7492,153.155,4.88969],[21.1302,167.069,7.06106],[-7.63166,134.967,55.3926],false,[107.547,107.034,52.8391],[81.7562,145.332,19.3734],[52.5355,161.711,10.039],[34.1133,166.503,7.2741],[17.2546,168.02,6.36057],[[[0.0858022,-0.622181,-0.778157],[0.887746,0.402288,-0.223766],[0.452266,-0.671607,0.586856]],[[0.00298768,-0.491121,-0.871086],[0.542107,0.73278,-0.411284],[0.840304,-0.470993,0.268429]],[[0.00298768,-0.491121,-0.871086],[0.287609,0.834707,-0.469623],[0.957743,-0.249129,0.143745]],[[0.00298768,-0.491121,-0.871086],[0.10446,0.866478,-0.488164],[0.994525,-0.0895348,0.053891]]],4]],[[0,200,0],[235.247,235.247,147.751]]],[79940,100105089945,[[171,"right",[-0.453596,0.829179,-0.326669],[-0.846224,-0.515706,-0.133984],[75.6211,146.24,58.6676],[-29.2771,71.3453,61.1825],[77.0646,141.117,52.4109],0,0.161295,0.762833,[[0.429088,-0.209852,-0.878547],[0.0430261,0.976282,-0.212183],[0.902237,0.0532449,0.42794]],62.6653,[344.973,116.918,183.202],[105.401,102.78,69.5712]]],[[1710,[-0.898293,0.426133,-0.10715],171,51.2537,[1.26033,144.311,87.6201],[0.572537,143.73,87.6942],[-37.8401,39.2432,44.3454],false,[90.1014,100.558,95.478],[90.1014,100.558,95.478],[46.4044,122.91,96.4271],[16.2835,137.199,92.8342],[-4.11824,145.898,86.6818],[[[0.78087,0.53628,-0.320385],[0.330476,0.0805943,0.940367],[0.530121,-0.840184,-0.114294]],[[0.439375,0.868662,-0.228859],[0.120999,0.195217,0.973267],[0.890117,-0.455321,-0.0193333]],[[0.439375,0.868662,-0.228859],[0.0044478,0.252662,0.967544],[0.898293,-0.426133,0.10715]],[[0.439375,0.868662,-0.228859],[-0.14571,0.320312,0.936039],[0.886407,-0.377925,0.26731]]],0],[1711,[-0.929688,0.0379045,-0.366392],171,57.8341,[3.69338,193.292,42.6139],[2.68503,196.713,45.6291],[-19.8834,95.201,112.718],false,[103.818,117.49,87.1958],[59.3827,173.033,73.9558],[35.7892,203.256,56.2052],[13.6902,204.157,47.496],[-0.194351,195.083,44.8086],[[[0.199434,-0.0733786,-0.97716],[0.763568,0.636626,0.108034],[0.614158,-0.767673,0.182994]],[[0.344784,-0.260498,-0.901812],[0.754522,0.64843,0.101166],[0.558408,-0.715318,0.42012]],[[0.344784,-0.260498,-0.901812],[0.129627,0.96473,-0.229113],[0.929688,-0.0379045,0.366392]],[[0.344784,-0.260498,-0.901812],[-0.445318,0.800335,-0.401441],[0.826326,0.540004,0.159939]]],1],[1712,[-0.969799,-0.0250782,-0.242613],171,65.8973,[1.18073,184.067,23.385],[-0.00952257,192.024,26.6355],[-20.0918,100.417,104.819],false,[107.13,118.122,75.5651],[67.1859,169.548,53.9404],[38.8829,201.046,32.6383],[11.7618,200.345,25.8535],[-3.26581,189.618,26.6559],[[[0.147464,-0.283866,-0.947457],[0.79959,0.598047,-0.0547304],[0.58216,-0.749506,0.315167]],[[0.232744,-0.392607,-0.889769],[0.767677,0.635854,-0.07976],[0.597077,-0.664492,0.449387]],[[0.232744,-0.392607,-0.889769],[0.0729377,0.919364,-0.386587],[0.969799,0.0250782,0.242613]],[[0.232744,-0.392607,-0.889769],[-0.533511,0.713401,-0.45434],[0.81314,0.580447,-0.0434199]]],2],[1713,[-0.958246,0.125415,-0.256975],171,63.362,[1.91533,166.467,7.78914],[-1.68274,177.881,10.7672],[-25.3078,123.696,91.6523],false,[109.141,115.843,63.8716],[76.0722,159.652,35.9041],[38.1162,175.354,20.2984],[12.0103,178.77,13.2975],[-6.05145,178.102,9.98713],[[[0.170827,-0.435339,-0.883911],[0.826233,0.55204,-0.112207],[0.536803,-0.711148,0.453995]],[[0.17741,-0.444044,-0.878266],[0.471543,0.821666,-0.320175],[0.863813,-0.357338,0.355157]],[[0.17741,-0.444044,-0.878266],[0.224256,0.887185,-0.403253],[0.958246,-0.125415,0.256975]],[[0.17741,-0.444044,-0.878266],[0.0480394,0.895266,-0.442935],[0.982964,0.0363897,0.180161]]],3],[1714,[-0.958211,0.248186,-0.142252],171,49.6747,[25.5222,153.874,5.01514],[20.7399,168.485,8.12563],[-17.854,140.279,73.5512],false,[107.232,107.624,52.7041],[81.4268,146.714,20.1767],[52.1408,163.149,11.1522],[33.7096,167.923,8.41599],[16.8508,169.4,7.43998],[[[0.0929268,-0.599909,-0.794653],[0.886902,0.412597,-0.207769],[0.452514,-0.685472,0.570402]],[[0.0102386,-0.467203,-0.884091],[0.539097,0.747222,-0.388631],[0.842181,-0.472632,0.259518]],[[0.0102386,-0.467203,-0.884091],[0.28588,0.848602,-0.445138],[0.958211,-0.248186,0.142252]],[[0.0102386,-0.467203,-0.884091],[0.103955,0.879843,-0.463755],[0.994529,-0.0871579,0.0575767]]],4]],[[0,200,0],[235.247,235.247,147.751]]],[79941,100105099016,[[171,"right",[-0.462651,0.830601,-0.30993],[-0.838867,-0.523246,-0.150052],[75.0105,146.464,59.4358],[-39.7913,58.4474,67.68],[76.9848,141.325,52.6838],0,0.161803,0.765524,[[0.431136,-0.184557,-0.88321],[0.0321242,0.981377,-0.189389],[0.901715,0.0532799,0.429035]],62.6653,[344.727,117.296,183.417],[105.294,103.148,69.4944]]],[[1710,[-0.903255,0.416825,-0.101921],171,51.2537,[0.794455,143.661,87.7989],[-0.115633,142.28,87.876],[-48.3935,-17.4533,33.6538],false,[89.9004,100.138,95.2653],[89.9004,100.138,95.2653],[45.9056,121.887,96.4557],[15.6184,135.864,93.0381],[-4.8151,144.342,86.6876],[[[0.775436,0.553398,-0.304056],[0.324892,0.0632176,0.943636],[0.541428,-0.830514,-0.130774]],[[0.429091,0.879306,-0.206643],[0.11287,0.174785,0.978116],[0.896182,-0.443024,-0.0242482]],[[0.429091,0.879306,-0.206643],[-0.00348542,0.230385,0.973093],[0.903255,-0.416825,0.101921]],[[0.429091,0.879306,-0.206643],[-0.166489,0.301847,0.938706],[0.887785,-0.368386,0.275915]]],0],[1711,[-0.928444,0.0334888,-0.36996],171,57.8341,[3.40281,193.815,43.2868],[1.50129,196.275,47.1835],[-50.9877,54.7783,129.594],false,[103.438,117.429,87.4425],[58.3555,172.69,75.2498],[34.4495,202.999,58.0731],[12.3801,203.795,49.279],[-1.36288,194.59,46.3231],[[[0.205051,-0.048404,-0.977554],[0.754787,0.643666,0.126452],[0.623097,-0.763774,0.168519]],[[0.352434,-0.235335,-0.905764],[0.745422,0.655763,0.119665],[0.565805,-0.71735,0.406537]],[[0.352434,-0.235335,-0.905764],[0.117397,0.971337,-0.206693],[0.928444,-0.0334888,0.36996]],[[0.352434,-0.235335,-0.905764],[-0.454784,0.802823,-0.385547],[0.8179,0.547807,0.175916]]],1],[1712,[-0.9683,-0.036873,-0.247054],171,65.8973,[0.98577,184.802,23.8185],[-1.0381,191.818,28.073],[-46.6005,62.9693,120.177],false,[106.797,118.369,75.8462],[66.299,169.764,55.1999],[37.6324,201.285,34.4236],[10.5532,200.254,27.5146],[-4.27128,189.232,28.0492],[[[0.155651,-0.260163,-0.952936],[0.792084,0.609291,-0.0369661],[0.590233,-0.749052,0.300908]],[[0.242872,-0.370138,-0.896667],[0.758482,0.648706,-0.0623377],[0.604746,-0.664965,0.438295]],[[0.242872,-0.370138,-0.896667],[0.0583812,0.928245,-0.36736],[0.9683,0.036873,0.247054]],[[0.242872,-0.370138,-0.896667],[-0.545498,0.712236,-0.44176],[0.80215,0.596421,-0.0289268]]],2],[1713,[-0.958291,0.119768,-0.259488],171,63.362,[1.46452,167.658,8.18582],[-2.46667,178.232,11.8556],[-42.0996,100.095,99.2973],false,[108.893,116.386,64.1141],[75.3983,160.399,36.9875],[37.3151,175.952,21.5441],[11.208,179.215,14.4747],[-6.82558,178.42,11.041],[[[0.180656,-0.412742,-0.892753],[0.819592,0.564958,-0.0953435],[0.54372,-0.714469,0.440344]],[[0.187508,-0.421732,-0.88712],[0.462232,0.834777,-0.299148],[0.866708,-0.353963,0.351466]],[[0.187508,-0.421732,-0.88712],[0.215683,0.898776,-0.381685],[0.958291,-0.119768,0.259488]],[[0.187508,-0.421732,-0.88712],[0.0404225,0.905687,-0.422015],[0.981431,0.0432715,0.186871]]],3],[1714,[-0.96063,0.23901,-0.141649],171,49.6747,[25.2574,154.64,5.19264],[20.0763,169.157,9.12059],[-33.5806,121.356,84.2806],false,[107.143,108.401,52.752],[80.9943,147.894,20.9959],[51.5178,164.115,12.2079],[33.0401,168.713,9.48331],[16.1702,170.01,8.44492],[[[0.104451,-0.580296,-0.80768],[0.882509,0.428528,-0.193758],[0.45855,-0.692546,0.556877]],[[0.0206716,-0.446938,-0.894326],[0.530135,0.763309,-0.36921],[0.847661,-0.466481,0.252717]],[[0.0206716,-0.446938,-0.894326],[0.277061,0.862044,-0.424402],[0.96063,-0.23901,0.141649]],[[0.0206716,-0.446938,-0.894326],[0.0958348,0.891284,-0.443203],[0.995183,-0.0765458,0.0612566]]],4]],[[0,200,0],[235.247,235.247,147.751]]],[79942,100105107980,[[171,"right",[-0.475863,0.829523,-0.292312],[-0.826036,-0.53565,-0.175338],[74.3331,147.054,60.708],[-49.5813,60.4754,87.9968],[76.8946,141.52,52.9566],0,0.162584,0.752765,[[0.431325,-0.152573,-0.889202],[0.0210542,0.987031,-0.159146],[0.901951,0.0499223,0.428944]],62.6653,[344.874,117.348,183.827],[105.378,104.092,69.9289]]],[[1710,[-0.910471,0.400989,-0.101242],171,51.2537,[0.179118,142.615,87.9168],[-1.01799,140.503,87.9627],[-62.8195,-68.2092,24.4054],false,[89.7383,100.042,95.4075],[89.7383,100.042,95.4075],[45.2826,120.832,96.6013],[14.7534,134.278,93.2065],[-5.73381,142.454,86.6357],[[[0.767506,0.577378,-0.278511],[0.312061,0.0429931,0.949089],[0.559958,-0.815344,-0.14718]],[[0.4131,0.893457,-0.176301],[0.0963906,0.149607,0.984036],[0.90557,-0.423499,-0.0243184]],[[0.4131,0.893457,-0.176301],[-0.0197607,0.20234,0.979116],[0.910471,-0.400989,0.101242]],[[0.4131,0.893457,-0.176301],[-0.192445,0.274864,0.942027],[0.89012,-0.355223,0.285488]]],0],[1711,[-0.92451,0.0240103,-0.380401],171,57.8341,[3.02993,194.082,43.9341],[-0.0308489,195.673,48.9281],[-84.5265,20.5336,148.168],false,[103.011,117.818,88.2462],[56.9513,172.479,77.0401],[32.615,202.754,60.4168],[10.6391,203.325,51.3746],[-2.86322,193.911,47.996],[[[0.217838,-0.0165015,-0.975846],[0.739787,0.654965,0.154067],[0.636602,-0.755479,0.154884]],[[0.368141,-0.20235,-0.907484],[0.72987,0.667541,0.147239],[0.575989,-0.71655,0.393438]],[[0.368141,-0.20235,-0.907484],[0.0987633,0.979019,-0.178236],[0.92451,-0.0240103,0.380401]],[[0.368141,-0.20235,-0.907484],[-0.467693,0.803256,-0.36884],[0.803577,0.560209,0.201073]]],1],[1712,[-0.964284,-0.0506849,-0.259975],171,65.8973,[0.756921,185.309,24.2437],[-2.25181,191.678,29.6673],[-71.3165,40.814,136.263],false,[106.49,119.155,76.7246],[65.1957,170.284,57.0184],[36.1094,201.761,36.7649],[9.14254,200.344,29.4945],[-5.44386,188.996,29.5411],[[[0.172513,-0.22983,-0.957819],[0.779762,0.626,-0.00976628],[0.60184,-0.745186,0.287206]],[[0.261433,-0.339742,-0.903453],[0.745082,0.666061,-0.0348664],[0.613601,-0.664032,0.427266]],[[0.261433,-0.339742,-0.903453],[0.0425331,0.939152,-0.340859],[0.964284,0.0506849,0.259975]],[[0.261433,-0.339742,-0.903453],[-0.555618,0.712407,-0.428679],[0.789267,0.614045,-0.00252022]]],2],[1713,[-0.957194,0.107991,-0.268548],171,63.362,[1.0551,168.605,8.59084],[-3.20499,178.593,13.0437],[-53.2152,83.3435,108.344],false,[108.769,117.547,64.9689],[74.706,161.625,38.667],[36.4941,176.814,23.1784],[10.4168,179.756,15.8622],[-7.55226,178.711,12.1674],[[[0.199923,-0.383517,-0.901635],[0.808882,0.583906,-0.0690127],[0.552938,-0.715519,0.426957]],[[0.207075,-0.392762,-0.896023],[0.448165,0.852207,-0.269983],[0.869637,-0.34566,0.352493]],[[0.207075,-0.392762,-0.896023],[0.202238,0.913278,-0.353587],[0.957194,-0.107991,0.268548]],[[0.207075,-0.392762,-0.896023],[0.0280355,0.917881,-0.395864],[0.977923,0.056853,0.201081]]],3],[1714,[-0.963522,0.223547,-0.147145],171,49.6747,[24.9813,155.409,5.42085],[19.5534,170.053,10.3511],[-40.605,115.614,99.3985],false,[107.321,109.855,53.3656],[80.7517,149.695,22.4026],[51.0489,165.547,13.704],[32.5155,169.847,10.8736],[15.6371,170.84,9.65392],[[[0.126158,-0.554924,-0.822279],[0.875782,0.451623,-0.170416],[0.465929,-0.698638,0.542969]],[[0.0407296,-0.420922,-0.906182],[0.518399,0.78422,-0.340971],[0.854168,-0.455876,0.250147]],[[0.0407296,-0.420922,-0.906182],[0.264511,0.87912,-0.396463],[0.963522,-0.223547,0.147145]],[[0.0407296,-0.420922,-0.906182],[0.0833513,0.905205,-0.416722],[0.995688,-0.0585586,0.071953]]],4]],[[0,200,0],