{"metadata":{"formatVersion":2,"generatedBy":"LeapJS Playback 0.2.1","frames":50,"frameRate":"1.1e+2","modified":"Fri Mar 20 2015 19:18:20 GMT-0300 (E. South America Standard Time)","title":"รง"},"frames":[["id","timestamp",{"hands":[["id","type","direction","palmNormal","palmPosition","palmVelocity","stabilizedPalmPosition","pinchStrength","grabStrength","confidence","armBasis","armWidth","elbow","wrist"]]},{"pointables":[["id","direction","handId","length","stabilizedTipPosition","tipPosition","tipVelocity","tool","carpPosition","mcpPosition","pipPosition","dipPosition","btipPosition","bases","type"]]},{"interactionBox":["center","size"]}],[79982,100105469554,[[171,"right",[-0.552487,0.791321,-0.261857],[-0.736472,-0.610565,-0.291238],[70.6689,143.615,56.9713],[-29.254,-57.1854,28.6426],[74.9553,143.256,55.4907],0,0.27517,0.707605,[[0.478757,-0.0243961,-0.877608],[-0.0568606,0.996654,-0.0587243],[0.876104,0.078016,0.475768]],62.6653,[338.697,124.662,191.548],[106.064,103.946,65.2171]]],[[1710,[-0.949504,0.30013,-0.0914497],171,51.2537,[-5.17668,125.81,78.9665],[-5.21061,125.539,79.3058],[-21.8306,-236.638,-48.8856],false,[89.1578,95.6935,88.8016],[89.1578,95.6935,88.8016],[42.4321,110.748,88.6059],[10.5941,120.812,85.5395],[-9.9135,126.861,77.0193],[[[0.707985,0.687664,-0.160857],[0.23083,-0.0100625,0.972942],[0.667439,-0.725959,-0.165858]],[[0.306295,0.94986,-0.0628446],[0.0154873,0.0610365,0.998015],[0.951811,-0.306661,0.00398441]],[[0.306295,0.94986,-0.0628446],[-0.0680029,0.0876818,0.993825],[0.949505,-0.30013,0.0914497]],[[0.306295,0.94986,-0.0628446],[-0.335103,0.16938,0.926831],[0.891004,-0.262825,0.370181]]],0],[1711,[-0.885366,-0.107197,-0.452366],171,57.8341,[-3.81374,189.039,43.8748],[-7.49762,182.244,42.9582],[-92.3689,-155.509,72.83],false,[100.602,115.508,84.3482],[49.0383,165.156,73.8061],[22.1285,193.328,57.4549],[1.08308,190.78,46.702],[-9.9823,179.08,41.906],[[[0.292039,0.101373,-0.951019],[0.637809,0.720324,0.272641],[0.71268,-0.68619,0.145706]],[[0.460782,-0.0732222,-0.884487],[0.618094,0.74165,0.260605],[0.636898,-0.666778,0.386998]],[[0.460782,-0.0732222,-0.884487],[-0.0616915,0.991538,-0.114223],[0.885366,0.107197,0.452366]],[[0.460782,-0.0732222,-0.884487],[-0.594979,0.713995,-0.369068],[0.658544,0.696311,0.285431]]],1],[1712,[-0.925479,-0.194422,-0.325097],171,65.8973,[-3.83578,186.14,25.705],[-8.24264,179.268,24.3862],[-77.4576,-138.4,65.4826],false,[104.755,118.326,73.3277],[58.997,165.847,54.467],[26.8835,194.678,34.8579],[1.00177,189.24,25.7663],[-11.0642,175.331,24.1906],[[[0.272601,-0.116559,-0.955041],[0.693491,0.711853,0.111067],[0.666902,-0.692589,0.274884]],[[0.363274,-0.212364,-0.907157],[0.639588,0.764844,0.0770768],[0.677465,-0.608207,0.413673]],[[0.363274,-0.212364,-0.907157],[-0.107333,0.957654,-0.267167],[0.925479,0.194422,0.325097]],[[0.363274,-0.212364,-0.907157],[-0.664656,0.623246,-0.412064],[0.652889,0.75264,0.08526]]],2],[1713,[-0.945079,-0.00398165,-0.326818],171,63.362,[-3.99991,172.94,10.5717],[-7.65549,167.92,6.67197],[-49.2455,-105.654,38.1662],false,[108.109,118.114,61.7224],[70.8917,160.14,36.3522],[31.263,169.459,19.8157],[5.51579,169.35,10.912],[-11.8907,166.673,5.67034],[[[0.314711,-0.270537,-0.909817],[0.732101,0.679265,0.0512563],[0.60414,-0.682209,0.411833]],[[0.315566,-0.271503,-0.909233],[0.295005,0.938781,-0.177939],[0.901881,-0.212077,0.376342]],[[0.315566,-0.271503,-0.909233],[0.085112,0.962429,-0.257848],[0.945079,0.00398165,0.326818]],[[0.315566,-0.271503,-0.909233],[-0.0550541,0.95134,-0.303184],[0.947305,0.145732,0.285264]]],3],[1714,[-0.973316,0.0997952,-0.20663],171,49.6747,[20.2901,162.047,6.89442],[16.5438,163.162,4.19946],[-38.7406,-56.5894,40.4432],false,[108.528,111.432,49.4308],[79.6107,150.593,19.7311],[47.8974,161.344,10.3541],[29.1756,163.263,6.37952],[12.4556,162.605,3.66675],[[[0.257199,-0.456167,-0.851915],[0.822617,0.565959,-0.0546957],[0.5071,-0.686732,0.520815]],[[0.163865,-0.328085,-0.930327],[0.376079,0.89263,-0.248549],[0.911983,-0.309148,0.269656]],[[0.163865,-0.328085,-0.930327],[0.160634,0.939362,-0.302978],[0.973316,-0.0997952,0.20663]],[[0.163865,-0.328085,-0.930327],[0.0163605,0.943849,-0.329972],[0.986347,0.0388501,0.160031]]],4]],[[0,200,0],[235.247,235.247,147.751]]],[79983,100105478573,[[171,"right",[-0.555955,0.787199,-0.266893],[-0.734926,-0.615533,-0.284611],[70.7093,143.148,56.9989],[-19.9754,-55.7203,21.607],[74.8836,143.254,55.5162],0,0.275675,0.722187,[[0.479089,-0.0299574,-0.877255],[-0.0563232,0.996309,-0.0647823],[0.875958,0.0804462,0.475633]],62.6653,[338.861,125.034,191.775],[106.267,103.673,65.4794]]],[[1710,[-0.950799,0.295977,-0.0915334],171,51.2537,[-5.06813,125.09,79.2524],[-5.05305,124.978,79.6499],[-11.0591,-188.723,-24.8784],false,[89.4453,95.5496,89.1687],[89.4453,95.5496,89.1687],[42.665,110.433,88.9516],[10.7835,120.357,85.8823],[-9.76712,126.265,77.3666],[[[0.705115,0.6889,-0.16802],[0.233115,-0.00142659,0.972448],[0.66968,-0.724855,-0.161599]],[[0.302711,0.950421,-0.0711716],[0.0173736,0.0691601,0.997454],[0.952924,-0.303176,0.00442327]],[[0.302711,0.950421,-0.0711716],[-0.0659302,0.095378,0.993255],[0.950799,-0.295977,0.0915334]],[[0.302711,0.950421,-0.0711716],[-0.333377,0.175547,0.926306],[0.892875,-0.256676,0.369989]]],0],[1711,[-0.886018,-0.113992,-0.44942],171,57.8341,[-4.35474,187.867,43.7363],[-7.62893,181.379,42.86],[-70.9231,-139.022,49.9031],false,[100.807,115.369,84.5299],[49.0398,164.744,73.7112],[21.9902,192.687,57.1979],[0.929298,189.977,46.5151],[-10.1051,178.2,41.8386],[[[0.289468,0.0947946,-0.952482],[0.635823,0.724783,0.265366],[0.715498,-0.682425,0.149529]],[[0.458997,-0.0786519,-0.88495],[0.616001,0.745942,0.253204],[0.640206,-0.66135,0.390835]],[[0.458997,-0.0786519,-0.88495],[-0.0655295,0.990363,-0.122009],[0.886018,0.113992,0.44942]],[[0.458997,-0.0786519,-0.88495],[-0.598387,0.708892,-0.37337],[0.6567,0.700918,0.278315]]],1],[1712,[-0.924626,-0.206544,-0.320012],171,65.8973,[-4.13252,185.561,25.6291],[-8.40572,177.945,24.3576],[-60.9864,-142.855,46.6252],false,[104.925,118.114,73.4776],[58.9512,165.316,54.344],[26.592,193.732,34.5342],[0.734166,187.956,25.5848],[-11.1902,173.904,24.2089],[[[0.270811,-0.123231,-0.954712],[0.691162,0.715216,0.103735],[0.670042,-0.687954,0.278861]],[[0.362434,-0.218845,-0.905952],[0.634536,0.769908,0.0678699],[0.682646,-0.599457,0.417906]],[[0.362434,-0.218845,-0.905952],[-0.117086,0.953649,-0.277208],[0.924626,0.206544,0.320012]],[[0.362434,-0.218845,-0.905952],[-0.672552,0.611527,-0.416783],[0.645225,0.760356,0.0744537]]],2],[1713,[-0.945681,-0.0094241,-0.324959],171,63.362,[-4.11621,172.745,10.4653],[-7.82227,166.759,6.67818],[-40.4925,-111.255,27.5306],false,[108.252,117.82,61.8664],[70.8245,159.507,36.2476],[31.1242,168.534,19.7209],[5.36058,168.277,10.8679],[-12.0484,165.517,5.67768],[[[0.313583,-0.276689,-0.908355],[0.729751,0.682289,0.0440971],[0.607559,-0.676701,0.415869]],[[0.31465,-0.277877,-0.907623],[0.290972,0.938393,-0.186425],[0.90351,-0.205434,0.37612]],[[0.31465,-0.277877,-0.907623],[0.0817452,0.96057,-0.265749],[0.945681,0.0094241,0.324959]],[[0.31465,-0.277877,-0.907623],[-0.0578505,0.948799,-0.310539],[0.947443,0.150218,0.282464]]],3],[1714,[-0.974158,0.0947822,-0.20502],171,49.6747,[20.2415,162.042,6.86415],[16.3825,162.065,4.20867],[-32.9272,-74.2871,29.8201],false,[108.667,111.042,49.6278],[79.5395,149.859,19.6832],[47.7579,160.405,10.306],[29.0199,162.228,6.3624],[12.2959,161.497,3.69323],[[[0.256879,-0.462055,-0.848834],[0.820432,0.568465,-0.0611554],[0.510789,-0.6807,0.525111]],[[0.162764,-0.334758,-0.928141],[0.371759,0.892165,-0.256588],[0.913949,-0.303282,0.269662]],[[0.162764,-0.334758,-0.928141],[0.156603,0.937525,-0.31068],[0.974158,-0.0947822,0.20502]],[[0.162764,-0.334758,-0.928141],[0.0126854,0.941317,-0.337285],[0.986583,0.0431241,0.157459]]],4]],[[0,200,0],[235.247,235.247,147.751]]],[79984,100105487861,[[171,"right",[-0.55607,0.783565,-0.277151],[-0.736421,-0.619095,-0.272774],[70.8347,142.726,57.0658],[-10.5357,-52.8236,17.5437],[74.8057,143.244,55.546],0,0.276077,0.734271,[[0.47877,-0.0441095,-0.876832],[-0.0513548,0.99562,-0.0781261],[0.876437,0.082434,0.474408]],62.6653,[339.104,125.239,192.006],[106.383,103.351,66.0365]]],[[1710,[-0.950816,0.295477,-0.0929617],171,51.2537,[-4.89745,124.935,79.7932],[-4.87245,124.979,80.2277],[-2.52429,-135.605,-0.252012],false,[89.6294,95.6079,89.9016],[89.6294,95.6079,89.9016],[42.8623,110.531,89.5933],[10.9802,120.439,86.4762],[-9.59421,126.236,77.9425],[[[0.705219,0.685541,-0.180831],[0.23625,0.0132565,0.971602],[0.66847,-0.727913,-0.15261]],[[0.303366,0.94892,-0.0867121],[0.0204005,0.0845118,0.996214],[0.952656,-0.303986,0.0062796]],[[0.303366,0.94892,-0.0867121],[-0.0625917,0.110649,0.991887],[0.950816,-0.295477,0.0929617]],[[0.303366,0.94892,-0.0867121],[-0.329988,0.189992,0.924668],[0.893911,-0.251899,0.370769]]],0],[1711,[-0.887568,-0.120011,-0.44477],171,57.8341,[-4.86558,186.626,43.5579],[-7.51265,180.81,42.5938],[-47.4192,-117.013,27.945],false,[100.995,115.343,84.9229],[49.2396,164.597,73.5143],[22.1626,192.309,56.6608],[1.0648,189.457,46.0885],[-9.99569,177.62,41.6287],[[[0.286483,0.0798875,-0.954749],[0.63736,0.728135,0.252173],[0.715332,-0.680762,0.157681]],[[0.456067,-0.0926737,-0.885107],[0.6175,0.749146,0.23974],[0.640856,-0.655891,0.398887]],[[0.456067,-0.0926737,-0.885107],[-0.0650037,0.988438,-0.136987],[0.887568,0.120011,0.44477]],[[0.456067,-0.0926737,-0.885107],[-0.59892,0.703673,-0.382282],[0.658253,0.704455,0.265418]]],1],[1712,[-0.925925,-0.209567,-0.314235],171,65.8973,[-4.46819,184.833,25.5245],[-8.34602,177.109,24.1393],[-41.8156,-126.438,26.7744],false,[105.08,117.913,73.8165],[59.089,164.862,54.1089],[26.7175,193.027,33.9628],[0.823371,187.166,25.1749],[-11.1325,173.119,24.0446],[[[0.267613,-0.138128,-0.953574],[0.692168,0.716036,0.0905316],[0.670288,-0.684261,0.287229]],[[0.359428,-0.233206,-0.903563],[0.635966,0.769805,0.0542975],[0.682905,-0.594151,0.425]],[[0.359428,-0.233206,-0.903563],[-0.116075,0.949577,-0.291255],[0.925925,0.209567,0.314235]],[[0.359428,-0.233206,-0.903563],[-0.67253,0.606524,-0.424067],[0.646927,0.760095,0.0611638]]],2],[1713,[-0.94668,-0.0131276,-0.321908],171,63.362,[-4.26318,172.458,10.3299],[-7.84061,165.636,6.6384],[-29.53,-113.486,18.6346],false,[108.369,117.439,62.2007],[70.8984,158.765,36.0657],[31.1516,167.566,19.5287],[5.36076,167.208,10.7589],[-12.068,164.399,5.66181],[[[0.31039,-0.290899,-0.905006],[0.730534,0.68216,0.0312818],[0.608259,-0.670847,0.424247]],[[0.311519,-0.292145,-0.904216],[0.291054,0.935166,-0.201872],[0.904568,-0.200288,0.376352]],[[0.311519,-0.292145,-0.904216],[0.0821737,0.956284,-0.280658],[0.94668,0.0131276,0.321908]],[[0.311519,-0.292145,-0.904216],[-0.0571785,0.944079,-0.324724],[0.948518,0.15286,0.277395]]],3],[1714,[-0.974699,0.0928252,-0.203336],171,49.6747,[20.1751,162.018,6.82248],[16.3508,160.883,4.16925],[-24.578,-89.0179,20.4246],false,[108.739,110.473,50.0662],[79.5508,148.855,19.6233],[47.7446,159.279,10.1929],[28.9962,161.064,6.28175],[12.2629,160.319,3.67513],[[[0.253702,-0.475274,-0.842466],[0.820766,0.566644,-0.0725029],[0.511838,-0.673074,0.533848]],[[0.159403,-0.349046,-0.923449],[0.371476,0.887867,-0.271474],[0.914657,-0.299765,0.271191]],[[0.159403,-0.349046,-0.923449],[0.156693,0.932497,-0.325419],[0.974699,-0.0928252,0.203336]],[[0.159403,-0.349046,-0.923449],[0.0130556,0.936073,-0.351564],[0.987127,0.0439842,0.15377]]],4]],[[0,200,0],[235.247,235.247,147.751]]],[79985,100105496706,[[171,"right",[-0.551862,0.781485,-0.291082],[-0.741889,-0.619479,-0.256607],[71.0207,142.297,57.1686],[-1.99304,-51.6362,15.9408],[74.7302,143.225,55.5784],0,0.276275,0.738806,[[0.477798,-0.0656568,-0.876013],[-0.042948,0.994265,-0.0979446],[0.877419,0.0844207,0.472238]],62.6653,[339.317,125.286,192.202],[106.335,102.87,66.8079]]],[[1710,[-0.949161,0.300215,-0.0946851],171,51.2537,[-4.73946,125.388,80.54],[-4.70761,125.572,81.024],[3.03928,-80.8216,24.571],false,[89.6348,95.7447,90.9013],[89.6348,95.7447,90.9013],[42.9712,110.985,90.4634],[11.1447,121.052,87.2885],[-9.43612,126.821,78.7509],[[[0.709134,0.676658,-0.19815],[0.240646,0.0318815,0.970089],[0.662736,-0.735607,-0.140227]],[[0.309574,0.94474,-0.107843],[0.0250537,0.105271,0.994128],[0.950545,-0.310458,0.00892009]],[[0.309574,0.94474,-0.107843],[-0.0570766,0.131673,0.989649],[0.949161,-0.300215,0.0946851]],[[0.309574,0.94474,-0.107843],[-0.323408,0.211265,0.922374],[0.894187,-0.250666,0.370939]]],0],[1711,[-0.890268,-0.123928,-0.438252],171,57.8341,[-5.24504,185.504,43.343],[-7.12489,180.575,42.242],[-22.9186,-92.6341,9.83805],false,[101.114,115.291,85.4623],[49.6507,164.658,73.2488],[22.6783,192.184,55.928],[1.51635,189.238,45.5106],[-9.63507,177.376,41.3536],[[[0.282788,0.0579289,-0.957431],[0.643493,0.728757,0.234156],[0.711299,-0.682318,0.168807]],[[0.451529,-0.114376,-0.884895],[0.623372,0.750002,0.221143],[0.63838,-0.651471,0.409947]],[[0.451529,-0.114376,-0.884895],[-0.059538,0.985677,-0.157783],[0.890268,0.123928,0.438252]],[[0.451529,-0.114376,-0.884895],[-0.596382,0.698981,-0.394658],[0.663664,0.705935,0.247398]]],1],[1712,[-0.928807,-0.208541,-0.306313],171,65.8973,[-4.78228,184.057,25.3942],[-8.06471,176.547,23.8559],[-21.9621,-107.768,10.7402],false,[105.167,117.601,74.2872],[59.4154,164.449,53.7999],[27.1705,192.428,33.1973],[1.19572,186.596,24.631],[-10.8811,172.629,23.8339],[[[0.262416,-0.159877,-0.951618],[0.697498,0.712902,0.0725694],[0.666808,-0.682796,0.298591]],[[0.353971,-0.254717,-0.899902],[0.641859,0.765993,0.0356568],[0.680236,-0.590232,0.434632]],[[0.353971,-0.254717,-0.899902],[-0.109643,0.944261,-0.310401],[0.928807,0.208541,0.306313]],[[0.353971,-0.254717,-0.899902],[-0.669086,0.603331,-0.433953],[0.653475,0.755718,0.0431338]]],2],[1713,[-0.948005,-0.0118947,-0.318033],171,63.362,[-4.41983,172.105,10.1788],[-7.72254,164.716,6.59926],[-17.7583,-109.354,12.185],false,[108.402,116.861,62.6698],[71.1022,157.894,35.8376],[31.3446,166.619,19.2866],[5.51765,166.295,10.6223],[-11.9543,163.544,5.64283],[[[0.304351,-0.311897,-0.900051],[0.735366,0.677529,0.0138766],[0.605482,-0.666089,0.435565]],[[0.305578,-0.313248,-0.899165],[0.296536,0.92868,-0.222754],[0.904814,-0.198566,0.376674]],[[0.305578,-0.313248,-0.899165],[0.0889276,0.949597,-0.300595],[0.948005,0.0118947,0.318033]],[[0.305578,-0.313248,-0.899165],[-0.049726,0.937797,-0.343605],[0.950868,0.14971,0.270994]]],3],[1714,[-0.974901,0.0955145,-0.201109],171,49.6747,[20.095,161.964,6.77087],[16.4269,159.725,4.13808],[-15.642,-100.125,14.1789],false,[108.669,109.64,50.6822],[79.6128,147.582,19.569],[47.8356,158.024,10.0607],[29.0833,159.861,6.19238],[12.334,159.184,3.67127],[[[0.246668,-0.494525,-0.833427],[0.824336,0.559242,-0.0878568],[0.509535,-0.665352,0.545601]],[[0.152897,-0.369374,-0.916616],[0.37623,0.879433,-0.291632],[0.913824,-0.300269,0.273432]],[[0.152897,-0.369374,-0.916616],[0.161835,0.924359,-0.345499],[0.974901,-0.0955145,0.201109]],[[0.152897,-0.369374,-0.916616],[0.0183335,0.928423,-0.371073],[0.988072,0.0399312,0.148725]]],4]],[[0,200,0],[235.247,235.247,147.751]]],[79986,100105505760,[[171,"right",[-0.545982,0.78015,-0.3054],[-0.748215,-0.618056,-0.241207],[71.1214,142.05,57.1402],[1.62365,-44.9355,10.6777],[74.6507,143.199,55.6128],0,0.277397,0.74582,[[0.476657,-0.0879215,-0.874682],[-0.0334534,0.992451,-0.11799],[0.878453,0.0855017,0.470117]],62.6653,[339.377,125.222,192.309],[106.121,102.519,67.478]]],[[1710,[-0.946854,0.307444,-0.0945849],171,51.2537,[-4.71911,126.101,81.1653],[-4.69027,126.543,81.7158],[2.04095,-27.941,42.157],false,[89.4436,96.043,91.7699],[89.4436,96.043,91.7699],[42.9202,111.7,91.1513],[11.1711,122.009,87.9797],[-9.4508,127.838,79.5826],[[[0.714361,0.666083,-0.214526],[0.244337,0.0498503,0.968408],[0.655735,-0.74421,-0.127137]],[[0.31786,0.939382,-0.128555],[0.0291645,0.125835,0.991622],[0.947689,-0.318946,0.0126014]],[[0.31786,0.939382,-0.128555],[-0.049328,0.151787,0.987182],[0.946854,-0.307444,0.0945849]],[[0.31786,0.939382,-0.128555],[-0.310163,0.231147,0.922155],[0.895971,-0.253243,0.364834]]],0],[1711,[-0.892844,-0.125211,-0.43261],171,57.8341,[-5.51286,184.522,43.0485],[-6.7356,180.691,41.6833],[-4.86544,-63.3988,-9.66787],false,[101.076,115.37,85.8878],[50.0058,164.928,72.824],[23.2145,192.324,55.0232],[1.99133,189.347,44.74],[-9.27725,177.5,40.8684],[[[0.27991,0.0355534,-0.959368],[0.650707,0.727715,0.216822],[0.705855,-0.684958,0.18056]],[[0.44741,-0.136733,-0.883815],[0.630673,0.748919,0.2034],[0.634094,-0.648401,0.421308]],[[0.44741,-0.136733,-0.883815],[-0.0515113,0.982663,-0.178102],[0.892844,0.125211,0.43261]],[[0.44741,-0.136733,-0.883815],[-0.591667,0.695807,-0.407164],[0.670637,0.705093,0.230411]]],1],[1712,[-0.931735,-0.20621,-0.298911],171,65.8973,[-5.07987,183.232,25.2149],[-7.77978,176.299,23.3897],[-7.40713,-84.7358,-6.15201],false,[105.109,117.411,74.6537],[59.6997,164.229,53.3512],[27.6329,192.065,32.2825],[1.57629,186.298,23.9233],[-10.6329,172.432,23.4518],[[[0.257641,-0.181896,-0.948965],[0.704,0.708034,0.0554195],[0.661819,-0.68235,0.310474]],[[0.348502,-0.276414,-0.895624],[0.648786,0.760766,0.0176603],[0.676478,-0.587223,0.444462]],[[0.348502,-0.276414,-0.895624],[-0.102063,0.938655,-0.329409],[0.931735,0.20621,0.298911]],[[0.348502,-0.276414,-0.895624],[-0.664911,0.600572,-0.44408],[0.660636,0.750273,0.0255098]]],2],[1713,[-0.949203,-0.0101491,-0.3145],171,63.362,[-4.5921,171.672,9.99728],[-7.61009,164.086,6.38919],[-9.52803,-98.1221,2.73526],false,[108.296,116.402,63.0434],[71.2649,157.199,35.4899],[31.5183,165.905,18.9023],[5.65871,165.628,10.3342],[-11.8546,162.936,5.46952],[[[0.298417,-0.33318,-0.894393],[0.741347,0.671116,-0.00265241],[0.601125,-0.662264,0.447275]],[[0.299619,-0.334505,-0.893496],[0.303301,0.921332,-0.243219],[0.904564,-0.198125,0.377505]],[[0.299619,-0.334505,-0.893496],[0.0961338,0.942339,-0.320554],[0.949203,0.0101491,0.3145]],[[0.299619,-0.334505,-0.893496],[-0.0423731,0.930931,-0.362729],[0.953117,0.146541,0.264751]]],3],[1714,[-0.974649,0.100467,-0.199915],171,49.6747,[19.9949,161.873,6.70035],[16.4911,158.861,3.94323],[-9.35053,-98.2949,4.50406],false,[108.458,108.932,51.2075],[79.627,146.477,19.4106],[47.9061,156.995,9.7988],[29.1587,158.928,5.95343],[12.3956,158.363,3.49715],[[[0.239363,-0.513868,-0.823799],[0.828913,0.549961,-0.102205],[0.505577,-0.658394,0.557592]],[[0.146353,-0.389569,-0.909295],[0.382711,0.869913,-0.311099],[0.912202,-0.302467,0.276407]],[[0.146353,-0.389569,-0.909295],[0.169234,0.915501,-0.36499],[0.974649,-0.100467,0.199915]],[[0.146353,-0.389569,-0.909295],[0.0261773,0.920395,-0.390112],[0.988886,0.0332911,0.1449]]],4]],[[0,200,0],[235.247,235.247,147.751]]],[79987,100105514762,[[171,"right",[-0.53528,0.77994,-0.324298],[-0.759285,-0.612506,-0.219824],[71.4561,141.848,57.2118],[11.3915,-38.7513,9.92795],[74.5768,143.168,55.6498],0,0.277612,0.756229,[[0.474583,-0.11942,-0.872072],[-0.0195077,0.989083,-0.146059],[0.879994,0.0863294,0.467073]],62.6653,[339.549,124.99,192.493],[105.883,102.066,68.4706]]],[[1710,[-0.942443,0.320798,-0.0942868],171,51.2537,[-4.62319,127.149,81.9089],[-4.47782,128.31,82.7963],[7.27832,34.7858,67.5683],false,[89.2441,96.5407,93.0221],[89.2441,96.5407,93.0221],[42.9779,112.935,92.2283],[11.3766,123.692,89.0668],[-9.26538,129.679,80.8325],[[[0.723595,0.648299,-0.236894],[0.250622,0.0730084,0.965328],[0.643116,-0.757878,-0.109649]],[[0.332262,0.930095,-0.156607],[0.0372601,0.152967,0.987529],[0.942451,-0.333954,0.0161696]],[[0.332262,0.930095,-0.156607],[-0.0374566,0.178921,0.98315],[0.942443,-0.320798,0.0942868]],[[0.332262,0.930095,-0.156607],[-0.29201,0.259322,0.920588],[0.896845,-0.260146,0.35776]]],0],[1711,[-0.897171,-0.122944,-0.424226],171,57.8341,[-5.56523,183.895,42.7312],[-5.8652,181.282,41.0864],[22.8071,-27.8634,-24.8491],false,[101.147,115.507,86.5388],[50.7959,165.491,72.3582],[24.3413,192.803,53.9365],[3.0152,189.881,43.8525],[-8.46197,178.112,40.3742],[[[0.274956,0.00421147,-0.961448],[0.66339,0.722986,0.192884],[0.695926,-0.69085,0.195995]],[[0.440136,-0.168557,-0.881969],[0.643619,0.744124,0.178978],[0.626126,-0.646427,0.436003]],[[0.440136,-0.168557,-0.881969],[-0.0369263,0.977995,-0.205337],[0.897171,0.122944,0.424226]],[[0.440136,-0.168557,-0.881969],[-0.582856,0.693541,-0.423413],[0.683051,0.700421,0.207008]]],1],[1712,[-0.936685,-0.198767,-0.288293],171,65.8973,[-5.28937,182.479,25.003],[-7.09825,176.4,22.9299],[14.9066,-57.1958,-18.1715],false,[105.149,117.168,75.2308],[60.3662,164.093,52.8619],[28.6201,191.838,31.1969],[2.42499,186.28,23.1345],[-10.0231,172.62,23.1038],[[[0.249302,-0.212477,-0.944829],[0.715442,0.697947,0.0318193],[0.652679,-0.683903,0.326015]],[[0.338847,-0.306793,-0.889416],[0.660808,0.750521,-0.00713002],[0.669713,-0.585317,0.457043]],[[0.338847,-0.306793,-0.889416],[-0.0883404,0.93079,-0.35472],[0.936685,0.198767,0.288293]],[[0.338847,-0.306793,-0.889416],[-0.656882,0.599642,-0.457096],[0.673564,0.739127,0.00166018]]],2],[1713,[-0.951036,-0.0036967,-0.309057],171,63.362,[-4.75068,171.199,9.80179],[-7.20883,163.707,6.28249],[5.14473,-82.2832,-0.799524],false,[108.253,115.783,63.6368],[71.7162,156.381,35.1443],[32.016,165.251,18.5323],[6.10647,165.15,10.1126],[-11.4751,162.606,5.41724],[[[0.287985,-0.362809,-0.886247],[0.751867,0.658826,-0.0253894],[0.593094,-0.659028,0.462516]],[[0.289127,-0.364078,-0.885354],[0.316349,0.909233,-0.270589],[0.903509,-0.201846,0.37806]],[[0.289127,-0.364078,-0.885354],[0.109248,0.931361,-0.34732],[0.951036,0.0036967,0.309057]],[[0.289127,-0.364078,-0.885354],[-0.0295543,0.921019,-0.388396],[0.956834,0.138462,0.255532]]],3],[1714,[-0.974037,0.110458,-0.197614],171,49.6747,[19.8861,161.741,6.61449],[16.7901,158.026,3.85273],[2.22498,-96.5029,0.773329],false,[108.228,107.984,52.0144],[79.8153,145.081,19.3284],[48.2051,155.818,9.59493],[29.4695,157.943,5.79381],[12.6862,157.585,3.43868],[[[0.226478,-0.540482,-0.8103],[0.836931,0.533546,-0.121961],[0.498251,-0.650544,0.573183]],[[0.135018,-0.417227,-0.898717],[0.394275,0.854744,-0.337579],[0.90902,-0.308762,0.279908]],[[0.135018,-0.417227,-0.898717],[0.181721,0.902065,-0.391481],[0.974037,-0.110458,0.197614]],[[0.135018,-0.417227,-0.898717],[0.038976,0.908557,-0.41594],[0.990076,0.0211312,0.138934]]],4]],[[0,200,0],[235.247,235.247,147.751]]],[79988,100105523793,[[171,"right",[-0.521298,0.77938,-0.347583],[-0.773353,-0.603657,-0.193712],[71.818,141.605,57.2178],[19.2878,-35.4903,7.37837],[74.5089,143.129,55.6883],0,0.281226,0.771239,[[0.471584,-0.158425,-0.867473],[-0.00196458,0.983538,-0.18069],[0.881819,0.0869148,0.46351]],62.6653,[339.643,124.6,192.698],[105.492,101.521,69.6221]]],[[1710,[-0.93624,0.339376,-0.0909898],171,51.2537,[-4.49335,128.626,82.9145],[-4.23406,130.696,84.1937],[11.7721,100.514,99.2732],false,[88.9175,97.192,94.4554],[88.9175,97.192,94.4554],[43.0133,114.567,93.5277],[11.62,125.947,90.4767],[-9.06132,132.213,82.5541],[[[0.735169,0.624478,-0.263732],[0.258932,0.100862,0.960615],[0.626483,-0.774502,-0.0875467]],[[0.350867,0.916774,-0.190834],[0.0502202,0.185075,0.98144],[0.935078,-0.353939,0.018896]],[[0.350867,0.916774,-0.190834],[-0.0186525,0.210592,0.977396],[0.93624,-0.339376,0.0909898]],[[0.350867,0.916774,-0.190834],[-0.263617,0.292249,0.919291],[0.898554,-0.272242,0.344218]]],0],[1711,[-0.902515,-0.118582,-0.41401],171,57.8341,[-5.44393,183.556,42.375],[-4.78327,182.07,40.2358],[49.2164,4.025,-43.5103],false,[101.165,115.671,87.2458],[51.7601,166.182,71.6713],[25.7458,193.392,52.4873],[4.29273,190.574,42.6461],[-7.4513,178.936,39.6483],[[[0.268147,-0.0345808,-0.962757],[0.679578,0.715131,0.16359],[0.68284,-0.698135,0.215261]],[[0.430278,-0.207945,-0.878419],[0.660129,0.736211,0.149072],[0.615703,-0.644012,0.454046]],[[0.430278,-0.207945,-0.878419],[-0.0180733,0.970926,-0.238696],[0.902515,0.118582,0.41401]],[[0.430278,-0.207945,-0.878419],[-0.571273,0.690722,-0.44334],[0.698934,0.692576,0.17841]]],1],[1712,[-0.942867,-0.186886,-0.275816],171,65.8973,[-5.389,181.882,24.7654],[-6.27298,176.631,22.2662],[35.2251,-32.1288,-33.255],false,[105.119,116.858,75.8619],[61.1606,163.914,52.1741],[29.8415,191.574,29.7889],[3.4735,186.347,22.0755],[-9.29611,172.996,22.5646],[[[0.238129,-0.249986,-0.93851],[0.729955,0.683488,0.00315534],[0.640672,-0.685822,0.345237]],[[0.325786,-0.343869,-0.880691],[0.676264,0.735725,-0.0371021],[0.660705,-0.583492,0.472235]],[[0.325786,-0.343869,-0.880691],[-0.0697441,0.920232,-0.385108],[0.942867,0.186886,0.275816]],[[0.325786,-0.343869,-0.880691],[-0.645319,0.599901,-0.472951],[0.690961,0.722407,-0.0264655]]],2],[1713,[-0.953479,0.00398334,-0.301434],171,63.362,[-4.88879,170.682,9.59511],[-6.78184,163.228,6.14633],[16.2597,-74.5191,-3.38112],false,[108.111,115.011,64.3029],[72.2223,155.363,34.661],[32.5579,164.412,18.0604],[6.58186,164.521,9.84829],[-11.0834,162.159,5.37686],[[[0.274105,-0.398993,-0.875026],[0.765154,0.64167,-0.0529013],[0.582585,-0.655029,0.481176]],[[0.274784,-0.399758,-0.874464],[0.331117,0.893186,-0.304269],[0.902693,-0.205941,0.3778]],[[0.274784,-0.399758,-0.874464],[0.123984,0.916612,-0.380066],[0.953479,-0.00398334,0.301434]],[[0.274784,-0.399758,-0.874464],[-0.0151051,0.907566,-0.419637],[0.961387,0.128519,0.243347]]],3],[1714,[-0.972925,0.123731,-0.195212],171,49.6747,[19.7715,161.55,6.50868],[17.1083,157.054,3.68409],[11.1828,-99.3783,-4.32511],false,[107.843,106.819,52.957],[79.973,143.359,19.1929],[48.5126,154.386,9.29944],[29.7983,156.766,5.54453],[12.9956,156.682,3.30506],[[[0.209471,-0.572625,-0.792604],[0.846917,0.511393,-0.145636],[0.488727,-0.640763,0.592088]],[[0.120132,-0.450837,-0.884486],[0.408732,0.834385,-0.369785],[0.904714,-0.317094,0.284507]],[[0.120132,-0.450837,-0.884486],[0.197447,0.883989,-0.423766],[0.972925,-0.123731,0.195212]],[[0.120132,-0.450837,-0.884486],[0.0551896,0.892593,-0.447473],[0.991223,0.00494141,0.13211]]],4]],[[0,200,0],[235.247,235.247,147.751]]],[79989,100105532792,[[171,"right",[-0.505685,0.781209,-0.366053],[-0.787882,-0.591042,-0.172946],[71.8713,141.357,57.1048],[15.6204,-33.2933,1.90402],[74.4407,143.084,55.725],0,0.285787,0.77583,[[0.468987,-0.191235,-0.862253],[0.0123716,0.977604,-0.21009],[0.883119,0.0878618,0.460849]],62.6653,[339.204,124.205,192.794],[104.708,100.875,70.4245]]],[[1710,[-0.928793,0.361459,-0.0817929],171,51.2537,[-4.45998,130.362,84.0775],[-4.29508,133.149,85.5511],[5.5456,151.243,123.722],false,[88.1883,97.6022,95.4553],[88.1883,97.6022,95.4553],[42.7024,116.044,94.518],[11.5588,128.164,91.7754],[-9.1705,134.885,84.3671],[[[0.747454,0.600222,-0.284686],[0.26685,0.121168,0.956091],[0.608361,-0.790603,-0.0696013]],[[0.370566,0.902896,-0.217853],[0.0646027,0.208928,0.975795],[0.926557,-0.37567,0.0190921]],[[0.370566,0.902896,-0.217853],[0.00489462,0.23265,0.972548],[0.928793,-0.361459,0.0817929]],[[0.370566,0.902896,-0.217853],[-0.227009,0.315482,0.921379],[0.900638,-0.291977,0.321872]]],0],[1711,[-0.907411,-0.109403,-0.405754],171,57.8341,[-5.23364,183.428,41.9927],[-3.90452,183.058,39.4288],[62.1006,33.2682,-55.8693],false,[100.805,115.595,87.6761],[52.458,166.768,70.9852],[26.9416,194.02,51.2004],[5.3721,191.419,41.5554],[-6.65008,179.976,38.9395],[[[0.261565,-0.0669315,-0.962862],[0.696463,0.703748,0.140277],[0.668224,-0.70729,0.230691]],[[0.420238,-0.24154,-0.874676],[0.677257,0.72502,0.125176],[0.603922,-0.644984,0.468266]],[[0.420238,-0.24154,-0.874676],[0.00231348,0.964204,-0.265151],[0.907411,0.109403,0.405754]],[[0.420238,-0.24154,-0.874676],[-0.558102,0.691243,-0.459026],[0.715487,0.681059,0.155683]]],1],[1712,[-0.948724,-0.171445,-0.265574],171,65.8973,[-5.41955,181.467,24.5321],[-5.65632,177.198,21.648],[43.5016,-4.13974,-42.5266],false,[104.717,116.381,76.243],[61.6889,163.757,51.5077],[30.8439,191.508,28.5843],[4.31218,186.713,21.1574],[-8.78265,173.703,22.0556],[[[0.226852,-0.280858,-0.932554],[0.745159,0.666602,-0.0194947],[0.627118,-0.690478,0.360504]],[[0.312083,-0.374397,-0.873173],[0.692236,0.719096,-0.0609185],[0.650703,-0.58543,0.483588]],[[0.312083,-0.374397,-0.873173],[-0.050271,0.911281,-0.408704],[0.948724,0.171445,0.265574]],[[0.312083,-0.374397,-0.873173],[-0.63289,0.603526,-0.484981],[0.708558,0.703976,-0.0486016]]],2],[1713,[-0.955236,0.0154609,-0.295442],171,63.362,[-5.01156,170.173,9.38168],[-6.57147,163.21,5.94535],[17.7755,-55.2058,-7.79432],false,[107.599,114.152,64.7233],[72.451,154.482,34.1771],[32.8597,163.866,17.588],[6.83577,164.287,9.53915],[-10.9047,162.18,5.24182],[[[0.259842,-0.428853,-0.865198],[0.779074,0.622482,-0.0745697],[0.570549,-0.654676,0.495855]],[[0.260472,-0.429577,-0.864649],[0.346845,0.877412,-0.331432],[0.901029,-0.213571,0.377538]],[[0.260472,-0.429577,-0.864649],[0.140283,0.902898,-0.40632],[0.955236,-0.0154609,0.295442]],[[0.260472,-0.429577,-0.864649],[0.00130782,0.895719,-0.444619],[0.96548,0.11468,0.233872]]],3],[1714,[-0.971391,0.13864,-0.192815],171,49.6747,[19.6481,161.315,6.3849],[17.1695,156.482,3.48881],[9.69595,-90.081,-8.61996],false,[107.078,105.661,53.608],[79.8373,141.887,19.0031],[48.5442,153.282,8.99637],[29.8594,155.948,5.28757],[13.0447,156.161,3.14845],[[[0.191809,-0.59866,-0.777699],[0.85733,0.487901,-0.164129],[0.477697,-0.635263,0.606833]],[[0.104932,-0.477787,-0.872186],[0.423278,0.815079,-0.395579],[0.899903,-0.327668,0.287764]],[[0.104932,-0.477787,-0.872186],[0.213044,0.867467,-0.44957],[0.971392,-0.13864,0.192815]],[[0.104932,-0.477787,-0.872186],[0.0712037,0.878387,-0.472617],[0.991927,-0.0125104,0.126191]]],4]],[[0,200,0],[235.247,235.247,147.751]]],[79990,100105541903,[[171,"right",[-0.496482,0.779117,-0.38273],[-0.796555,-0.584139,-0.155823],[71.9518,141.439,57.0155],[13.7377,-21.5664,-1.34179],[74.3735,143.039,55.7598],0,0.289596,0.782351,[[0.465746,-0.217964,-0.857655],[0.0255017,0.972095,-0.233199],[0.884551,0.0867397,0.458307]],62.6653,[339.164,123.871,192.871],[104.288,100.839,71.1763]]],[[1710,[-0.924021,0.374667,-0.0762225],171,51.2537,[-4.42769,132.113,85.192],[-4.24708,135.126,86.5532],[5.08166,171.406,125.931],false,[87.8271,98.3914,96.3397],[87.8271,98.3914,96.3397],[42.5997,117.453,95.29],[11.6162,130.016,92.7342],[-9.14181,136.981,85.6389],[[[0.754397,0.582955,-0.301744],[0.272358,0.140266,0.951917],[0.597249,-0.800306,-0.0529565]],[[0.381699,0.892394,-0.240705],[0.074381,0.229921,0.970363],[0.921289,-0.38829,0.0213835]],[[0.381699,0.892394,-0.240705],[0.0221638,0.251511,0.967601],[0.924021,-0.374667,0.0762225]],[[0.381699,0.892394,-0.240705],[-0.20226,0.334755,0.920342],[0.901885,-0.302609,0.308272]]],0],[1711,[-0.910521,-0.107516,-0.399238],171,57.8341,[-5.00088,183.404,41.5964],[-3.3403,183.687,38.6451],[61.4576,43.0942,-63.8821],false,[100.656,116.019,88.0856],[52.943,167.438,70.357],[27.6831,194.524,50.0237],[6.03968,191.968,40.5336],[-6.1421,180.624,38.242],[[[0.256714,-0.0934574,-0.961958],[0.706548,0.697277,0.120811],[0.65946,-0.710683,0.245033]],[[0.413245,-0.267949,-0.870306],[0.68688,0.719186,0.104727],[0.59785,-0.641073,0.481249]],[[0.413245,-0.267949,-0.870306],[0.0134036,0.957415,-0.288404],[0.910521,0.107516,0.399238]],[[0.413245,-0.267949,-0.870306],[-0.551021,0.68732,-0.473251],[0.724986,0.675125,0.136386]]],1],[1712,[-0.952588,-0.162635,-0.257149],171,65.8973,[-5.42177,181.17,24.3135],[-5.29832,177.526,21.0864],[41.1372,9.44496,-46.7109],false,[104.532,116.478,76.6224],[62.0528,163.836,50.9227],[31.4337,191.482,27.5736],[4.79391,186.934,20.3822],[-8.51264,174.167,21.6055],[[[0.219214,-0.306104,-0.926415],[0.754083,0.655666,-0.0382082],[0.619115,-0.690219,0.374559]],[[0.301794,-0.397589,-0.866512],[0.701204,0.708367,-0.0808064],[0.645936,-0.583215,0.492571]],[[0.301794,-0.397589,-0.866512],[-0.0386857,0.903035,-0.427821],[0.952588,0.162635,0.257149]],[[0.301794,-0.397589,-0.866512],[-0.624899,0.603925,-0.494747],[0.720015,0.690795,-0.066192]]],2],[1713,[-0.95628,0.0198378,-0.291779],171,63.362,[-5.12009,169.672,9.16069],[-6.42912,163.008,5.68026],[17.0547,-46.5526,-13.4953],false,[107.336,113.935,65.1486],[72.617,154.004,33.7786],[33.0596,163.435,17.1357],[7.00721,163.976,9.18665],[-10.7763,161.989,5.01176],[[[0.250459,-0.452889,-0.855664],[0.78717,0.609784,-0.0923392],[0.56359,-0.650426,0.509227]],[[0.251401,-0.453977,-0.854811],[0.355434,0.864772,-0.354734],[0.900258,-0.214649,0.378764]],[[0.251401,-0.453977,-0.854811],[0.149419,0.890792,-0.429142],[0.95628,-0.0198378,0.291779]],[[0.251401,-0.453977,-0.854811],[0.0107101,0.884427,-0.466556],[0.967824,0.108138,0.227208]]],3],[1714,[-0.970855,0.144197,-0.191436],171,49.6747,[19.5152,161.03,6.24378],[17.1846,155.872,3.30987],[7.05799,-85.0731,-11.0578],false,[106.655,105.19,54.2414],[79.7694,140.951,18.8825],[48.541,152.415,8.75421],[29.8665,155.189,5.07192],[13.0448,155.535,3.0069],[[[0.180475,-0.619612,-0.763878],[0.863221,0.472045,-0.178948],[0.471463,-0.6271,0.620055]],[[0.0953283,-0.500519,-0.860461],[0.429459,0.800495,-0.418058],[0.898041,-0.32968,0.291262]],[[0.0953283,-0.500519,-0.860461],[0.219894,0.853632,-0.472185],[0.970855,-0.144197,0.191436]],[[0.0953283,-0.500519,-0.860461],[0.0785471,0.865485,-0.494739],[0.992342,-0.0204241,0.121819]]],4]],[[0,200,0],[235.247,235.247,147.751]]],[79991,100105550834,[[171,"right",[-0.485313,0.773913,-0.406853],[-0.807658,-0.575044,-0.130431],[72.1313,141.528,56.8829],[15.4734,-12.9676,-5.02712],[74.3143,142.999,55.7895],0,0.293462,0.784931,[[0.460553,-0.256134,-0.849874],[0.04464,0.962934,-0.266017],[0.886509,0.0845766,0.454916]],62.6653,[339.242,123.34,193.06],[103.846,100.883,72.2656]]],[[1710,[-0.917708,0.389822,-0.076497],171,51.2537,[-4.32069,134.132,86.3135],[-3.9965,137.759,87.6419],[11.5052,206.918,129.211],false,[87.512,99.6085,97.5979],[87.512,99.6085,97.5979],[42.6318,119.465,96.3912],[11.86,132.536,93.8261],[-8.88258,139.726,86.9128],[[[0.762454,0.558595,-0.32655],[0.28107,0.168648,0.944753],[0.582806,-0.812114,-0.0284184]],[[0.39526,0.876722,-0.274096],[0.0893154,0.260299,0.961388],[0.914217,-0.404479,0.024581]],[[0.39526,0.876722,-0.274096],[0.039782,0.281776,0.958655],[0.917708,-0.389822,0.076497]],[[0.39526,0.876722,-0.274096],[-0.177712,0.365743,0.913592],[0.901215,-0.312396,0.300368]]],0],[1711,[-0.914972,-0.106329,-0.389256],171,57.8341,[-4.73948,183.459,41.1718],[-2.55301,184.375,37.5119],[68.1001,52.2643,-80.5192],false,[100.592,116.706,88.6531],[53.6687,168.31,69.4175],[28.7122,195.077,48.3017],[6.96305,192.55,39.049],[-5.42266,181.34,37.2371],[[[0.248662,-0.131591,-0.95961],[0.719412,0.688462,0.0920111],[0.648547,-0.713234,0.265862]],[[0.402605,-0.305375,-0.862934],[0.699301,0.710915,0.0746829],[0.590667,-0.633519,0.499767]],[[0.402605,-0.305375,-0.862934],[0.0271143,0.946277,-0.322218],[0.914972,0.106329,0.389256]],[[0.402605,-0.305375,-0.862934],[-0.542734,0.679502,-0.493676],[0.737122,0.6671,0.107833]]],1],[1712,[-0.957402,-0.153867,-0.244349],171,65.8973,[-5.39623,180.956,24.1041],[-4.77883,177.704,20.2725],[44.8261,14.0126,-57.3383],false,[104.4,116.696,77.1578],[62.5851,163.87,50.0672],[32.2309,191.239,26.0555],[5.45649,186.936,19.222],[-8.07657,174.471,20.9584],[[[0.207687,-0.342167,-0.9164],[0.765158,0.640478,-0.0657324],[0.609425,-0.687539,0.39483]],[[0.287569,-0.431313,-0.855145],[0.71222,0.693259,-0.110156],[0.640349,-0.577374,0.50655]],[[0.287569,-0.431313,-0.855145],[-0.0261872,0.888985,-0.457187],[0.957402,0.153867,0.244349]],[[0.287569,-0.431313,-0.855145],[-0.61732,0.59918,-0.509804],[0.732271,0.674502,-0.0939526]]],2],[1713,[-0.95803,0.0239493,-0.285666],171,63.362,[-5.20727,169.184,8.94058],[-6.24112,162.505,5.35343],[17.955,-49.9589,-19.1618],false,[107.082,113.704,65.7636],[72.862,153.258,33.2157],[33.3343,162.703,16.5096],[7.23425,163.355,8.72705],[-10.608,161.49,4.75159],[[[0.236829,-0.486916,-0.840729],[0.797079,0.592151,-0.118417],[0.555498,-0.642082,0.528349]],[[0.238115,-0.488402,-0.839503],[0.366133,0.845733,-0.388177],[0.899582,-0.214939,0.380202]],[[0.238115,-0.488402,-0.839503],[0.159626,0.87229,-0.462201],[0.95803,-0.0239493,0.285666]],[[0.238115,-0.488402,-0.839503],[0.0204392,0.866693,-0.498423],[0.971022,0.101523,0.216355]]],3],[1714,[-0.970105,0.151467,-0.189617],171,49.6747,[19.3785,160.681,6.08683],[17.2124,154.883,3.08195],[5.60433,-93.2255,-14.35],false,[106.176,104.596,55.1745],[79.6863,139.568,18.7442],[48.5482,151.112,8.43074],[29.8882,154.026,4.78344],[13.0584,154.549,2.82484],[[[0.164552,-0.64906,-0.742727],[0.870135,0.450141,-0.200593],[0.464529,-0.613265,0.638842]],[[0.0814504,-0.532799,-0.842313],[0.437662,0.7784,-0.45005],[0.895443,-0.331992,0.296587]],[[0.0814504,-0.532799,-0.842313],[0.228611,0.832576,-0.504534],[0.970105,-0.151467,0.189617]],[[0.0814504,-0.532799,-0.842313],[0.0875761,0.845678,-0.526459],[0.992822,-0.0308861,0.115541]]],4]],[[0,200,0],[235.247,235.247,147.751]]],[79992,100105559912,[[171,"right",[-0.471995,0.763431,-0.440902],[-0.821351,-0.562505,-0.0947152],[72.5433,141.704,56.6895],[23.744,-4.00632,-9.53059],[74.2684,142.966,55.8128],0,0.297816,0.798304,[[0.452445,-0.308907,-0.836582],[0.0708421,0.947576,-0.311578],[0.888974,0.0817067,0.45061]],62.6653,[339.55,122.867,193.466],[103.5,101.172,73.8154]]],[[1710,[-0.909248,0.408348,-0.0807413],171,51.2537,[-4.00871,136.886,87.5693],[-3.35944,141.382,88.8192],[28.3432,262.583,132.968],false,[87.384,101.527,99.3168],[87.384,101.527,99.3168],[42.9662,122.375,97.762],[12.478,136.067,95.0547],[-8.21385,143.484,88.2293],[[[0.771432,0.524357,-0.360476],[0.293732,0.209086,0.93274],[0.564459,-0.825429,0.00727487]],[[0.41159,0.85303,-0.320833],[0.109228,0.303325,0.946606],[0.9048,-0.424658,0.0316707]],[[0.41159,0.85303,-0.320833],[0.0621369,0.324949,0.943688],[0.909248,-0.408348,0.0807413]],[[0.41159,0.85303,-0.320833],[-0.149575,0.410487,0.899515],[0.899011,-0.322243,0.296544]]],0],[1711,[-0.920812,-0.105526,-0.375459],171,57.8341,[-4.41761,183.581,40.6712],[-1.37808,185.163,35.8435],[84.488,62.0401,-108.461],false,[100.752,117.86,89.4188],[54.7962,169.486,68.0257],[30.2067,195.697,45.8109],[8.31867,193.189,36.8861],[-4.3262,182.182,35.7429],[[[0.236522,-0.184742,-0.953901],[0.735264,0.675828,0.0514225],[0.635173,-0.713532,0.295682]],[[0.387483,-0.356885,-0.849994],[0.71495,0.698411,0.0326802],[0.581982,-0.620366,0.525777]],[[0.387483,-0.356885,-0.849994],[0.0442993,0.928169,-0.369514],[0.920812,0.105526,0.375459]],[[0.387483,-0.356885,-0.849994],[-0.532477,0.666024,-0.52238],[0.752546,0.655015,0.0680393]]],1],[1712,[-0.963804,-0.141357,-0.226052],171,65.8973,[-5.34344,180.797,23.8889],[-4.03382,177.829,19.1768],[53.3031,17.7141,-72.2187],false,[104.448,117.192,77.9066],[63.4273,163.889,48.8468],[33.3252,190.79,24.0039],[6.37177,186.837,17.6822],[-7.46017,174.823,20.1081],[[[0.191328,-0.391932,-0.89988],[0.778432,0.619036,-0.104107],[0.597861,-0.680576,0.423531]],[[0.266389,-0.47594,-0.838163],[0.725103,0.671869,-0.151057],[0.63503,-0.567515,0.524084]],[[0.266389,-0.47594,-0.838163],[-0.010893,0.868043,-0.496369],[0.963804,0.141357,0.226052]],[[0.266389,-0.47594,-0.838163],[-0.607347,0.59235,-0.529388],[0.748443,0.650079,-0.131265]]],2],[1713,[-0.96044,0.0286328,-0.277012],171,63.362,[-5.26843,168.666,8.70736],[-5.8897,161.678,4.93024],[23.314,-61.7615,-25.4152],false,[106.956,113.577,66.654],[73.3063,152.223,32.4604],[33.7968,161.613,15.6807],[7.63113,162.393,8.13392],[-10.2865,160.685,4.4363],[[[0.217993,-0.533355,-0.81732],[0.808774,0.567442,-0.154579],[0.546227,-0.62733,0.555062]],[[0.219378,-0.534944,-0.815909],[0.378647,0.817414,-0.434122],[0.899166,-0.213705,0.381877]],[[0.219378,-0.534944,-0.815909],[0.171548,0.844402,-0.5075],[0.96044,-0.0286328,0.277012]],[[0.219378,-0.534944,-0.815909],[0.0317971,0.839757,-0.542031],[0.975122,0.092966,0.201234]]],3],[1714,[-0.968883,0.161377,-0.187678],171,49.6747,[19.2385,160.215,5.90097],[17.3734,153.482,2.80672],[8.65029,-110.419,-17.7202],false,[105.748,103.976,56.5411],[79.6885,137.679,18.634],[48.6804,149.325,8.04594],[30.0439,152.429,4.43594],[13.2078,153.194,2.61581],[[[0.143098,-0.688754,-0.710733],[0.877894,0.41991,-0.23017],[0.456975,-0.591011,0.664741]],[[0.0619046,-0.576154,-0.814993],[0.448364,0.745582,-0.493028],[0.891705,-0.334893,0.304482]],[[0.0619046,-0.576154,-0.814993],[0.239653,0.801251,-0.548236],[0.968883,-0.16137