{"metadata":{"formatVersion":2,"generatedBy":"LeapJS Playback 0.2.1","frames":901,"protocolVersion":6,"serviceVersion":"2.2.3+25971","frameRate":"1.1e+2","modified":"Sun Mar 08 2015 17:30:16 GMT-0300 (E. South America Standard Time)"},"frames":[["id","timestamp",{"hands":[["id","type","direction","palmNormal","palmPosition","palmVelocity","stabilizedPalmPosition","pinchStrength","grabStrength","confidence","armBasis","armWidth","elbow","wrist"]]},{"pointables":[["id","direction","handId","length","stabilizedTipPosition","tipPosition","tipVelocity","tool","carpPosition","mcpPosition","pipPosition","dipPosition","btipPosition","bases","type"]]},{"interactionBox":["center","size"]}],[66593,99947807521,[[152,"right",[-0.485689,-0.24947,-0.837778],[-0.0365142,-0.951784,0.304587],[54.4627,102.515,47.23],[1.19209e-7,1.19209e-7,1.19209e-7],[54.4627,102.515,47.23],0,0.214233,0,[[0.891727,-0.165887,-0.421075],[0.0000348694,0.930426,-0.366479],[0.452573,0.326784,0.829693]],63.72,[209.7,206.969,311.717],[87.5051,118.737,87.6998]]],[[1520,[-0.538958,-0.689854,-0.483347],152,52.1164,[-0.893751,55.7453,67.3216],[-0.893751,55.7453,67.3216],[1.19209e-7,1.19209e-7,1.19209e-7],false,[63.8747,114.401,106.775],[63.8747,114.401,106.775],[20.2353,93.5023,94.5024],[1.85916,69.9813,78.0224],[-1.71605,51.4929,64.1253],[[[0.289327,0.730784,-0.618259],[-0.497005,0.666686,0.555441],[0.818093,0.146574,0.556094]],[[-0.0686449,0.607883,-0.791054],[-0.480636,0.674686,0.560168],[0.874229,0.418662,0.245857]],[[-0.0686449,0.607883,-0.791054],[-0.839531,0.393166,0.374979],[0.538958,0.689854,0.483347]],[[-0.0686449,0.607883,-0.791054],[-0.985876,0.0800824,0.14709],[0.152763,0.789978,0.5938]]],0],[1521,[-0.394786,-0.389624,-0.832068],152,58.8075,[-8.93681,88.773,-29.711],[-8.93681,88.773,-29.711],[1.19209e-7,1.19209e-7,1.19209e-7],false,[66.4356,128.902,88.1998],[20.5332,102.803,36.9718],[4.81297,108.506,-2.60238],[-4.72917,99.0887,-22.7138],[-10.1936,85.6917,-31.801],[[[0.779422,-0.217877,-0.587393],[-0.0566669,0.90922,-0.412442],[0.623931,0.354752,0.69632]],[[0.917288,-0.115683,-0.38105],[0.157141,0.984376,0.0794332],[0.365908,-0.132742,0.921136]],[[0.917288,-0.115683,-0.38105],[-0.0522102,0.91368,-0.403068],[0.394786,0.389624,0.832068]],[[0.917288,-0.115683,-0.38105],[-0.237258,0.609744,-0.756255],[0.319829,0.784111,0.531864]]],1],[1522,[-0.460019,-0.3605,-0.811432],152,67.0064,[3.63802,86.398,-48.7945],[3.63802,86.398,-48.7945],[1.19209e-7,1.19209e-7,1.19209e-7],false,[75.4656,127.587,79.9326],[39.7932,100.899,26.2405],[23.3213,107.373,-18.593],[10.24,97.1215,-41.6672],[1.66601,83.1949,-50.9234],[[[0.854715,-0.319732,-0.408942],[0.0896315,0.866863,-0.490423],[0.5113,0.382518,0.769579]],[[0.881059,-0.298626,-0.36682],[0.327031,0.944874,0.0162748],[0.341739,-0.1343,0.93015]],[[0.881059,-0.298626,-0.36682],[0.110076,0.883664,-0.454995],[0.460019,0.3605,0.811432]],[[0.881059,-0.298626,-0.36682],[-0.124756,0.601339,-0.789194],[0.456257,0.74109,0.49256]]],2],[1523,[-0.334299,-0.655598,-0.677079],152,64.4285,[41.2194,70.4927,-40.3682],[41.2194,70.4927,-40.3682],[1.19209e-7,1.19209e-7,1.19209e-7],false,[85.5756,124.145,73.8604],[62.0136,98.6071,21.7411],[54.6177,102.422,-22.1566],[45.357,84.2608,-40.9131],[39.9835,66.3802,-40.2055],[[[0.911436,-0.324388,-0.253093],[0.166721,0.853557,-0.493604],[0.376149,0.407693,0.832045]],[[0.939414,-0.289572,-0.183438],[0.300168,0.95334,0.0322799],[0.165532,-0.0853866,0.982501]],[[0.939414,-0.289572,-0.183438],[0.0758015,0.697381,-0.712681],[0.334299,0.655598,0.677079]],[[0.939414,-0.289572,-0.183438],[-0.186517,0.0171794,-0.982301],[0.287599,0.957002,-0.0378717]]],3],[1524,[-0.221095,-0.706172,-0.672635],152,50.5107,[76.9405,69.7148,-25.1462],[76.9405,69.7148,-25.1462],[1.19209e-7,1.19209e-7,1.19209e-7],false,[96.8177,115.493,72.7117],[82.6912,93.0803,21.1328],[85.9872,95.7716,-13.9694],[81.6628,81.9597,-27.1254],[75.5299,66.0573,-24.555],[[[0.908686,-0.411565,-0.0700317],[0.339026,0.825355,-0.451499],[0.243622,0.386528,0.889519]],[[0.934552,-0.350581,0.0608731],[0.3434,0.933435,0.10381],[-0.0932149,-0.0761121,0.992733]],[[0.934552,-0.350581,0.0608731],[0.2788,0.615153,-0.737467],[0.221095,0.706172,0.672635]],[[0.934552,-0.350581,0.0608731],[0.00388155,-0.161021,-0.986943],[0.355805,0.922586,-0.149122]]],4]],[[0,200,0],[235.247,235.247,147.751]]],[66594,99947816670,[[152,"right",[-0.497888,-0.212767,-0.840736],[-0.0160349,-0.967013,0.25422],[56.5323,100.845,47.1197],[226.212,-182.466,-12.0536],[54.5238,102.465,47.2267],0,0.205966,0.0455436,[[0.895217,-0.119986,-0.429173],[-0.0459248,0.933102,-0.356668],[0.443257,0.339005,0.829818]],63.72,[209.777,206.976,311.828],[90.0972,115.445,87.7772]]],[[1520,[-0.554596,-0.660313,-0.506369],152,52.1164,[-0.838894,55.685,67.2897],[1.3463,53.335,66.0798],[202.416,-222.227,-117.76],false,[66.9086,109.722,107.028],[66.9086,109.722,107.028],[22.7378,89.8549,94.9441],[3.82855,67.3412,77.6792],[0.100761,49.6411,62.8286],[[[0.266104,0.767048,-0.583803],[-0.496352,0.628212,0.599153],[0.826331,0.130335,0.547896]],[[-0.0864662,0.650965,-0.754168],[-0.457737,0.646411,0.610434],[0.884873,0.397992,0.242078]],[[-0.0864662,0.650965,-0.754168],[-0.827615,0.374475,0.418117],[0.554596,0.660313,0.506369]],[[-0.0864662,0.650965,-0.754168],[-0.983439,0.0652597,0.169082],[0.159283,0.756298,0.634541]]],0],[1521,[-0.405036,-0.350045,-0.844639],152,58.8075,[-8.92787,88.7892,-29.7064],[-8.14338,90.1746,-29.29],[85.2714,154.496,43.816],false,[68.8879,125.224,89.2053],[22.4107,101.121,37.5195],[5.83233,108.612,-1.40112],[-3.95756,100.151,-21.8164],[-9.41094,87.2101,-31.5485],[[[0.771187,-0.17379,-0.612427],[-0.0785473,0.928689,-0.362446],[0.631744,0.327618,0.702543]],[[0.911354,-0.0804663,-0.403681],[0.143278,0.98139,0.127844],[0.385882,-0.17435,0.905923]],[[0.911354,-0.0804663,-0.403681],[-0.0733416,0.933271,-0.351607],[0.405036,0.350045,0.844639]],[[0.911354,-0.0804663,-0.403681],[-0.259918,0.647962,-0.715953],[0.31918,0.757411,0.569608]]],1],[1522,[-0.469143,-0.326883,-0.820397],152,67.0064,[3.64777,86.4466,-48.7934],[4.09763,88.751,-48.714],[48.7489,242.88,5.67894],false,[77.7757,124.495,80.7146],[41.4869,100.102,26.3485],[23.9916,108.326,-17.8053],[10.6509,99.0302,-41.1345],[2.1225,85.5107,-51.0151],[[[0.851463,-0.283685,-0.441059],[0.0668508,0.892905,-0.445254],[0.520136,0.349632,0.779241]],[[0.87886,-0.263965,-0.3974],[0.309609,0.949322,0.054139],[0.362969,-0.170619,0.916047]],[[0.87886,-0.263965,-0.3974],[0.0866533,0.907452,-0.411122],[0.469143,0.326883,0.820397]],[[0.87886,-0.263965,-0.3974],[-0.147112,0.642447,-0.752077],[0.453831,0.719433,0.525789]]],2],[1523,[-0.339562,-0.626177,-0.701855],152,64.4285,[41.2435,70.5838,-40.4078],[42.0125,73.2918,-41.6597],[81.254,306.223,-132.889],false,[87.8182,121.544,74.2826],[63.6488,98.4134,21.3242],[55.2763,104.487,-22.1417],[45.8697,87.1404,-41.5845],[40.7958,69.1585,-41.5839],[[[0.911247,-0.29564,-0.286752],[0.14406,0.881046,-0.45056],[0.385845,0.369262,0.84544]],[[0.939278,-0.265045,-0.217962],[0.287473,0.954607,0.0780102],[0.187391,-0.135931,0.972835]],[[0.939278,-0.265045,-0.217962],[0.0495407,0.733248,-0.678154],[0.339562,0.626177,0.701855]],[[0.939278,-0.265045,-0.217962],[-0.209778,0.0591642,-0.975957],[0.271568,0.962419,-0.0000290505]]],3],[1524,[-0.223154,-0.671425,-0.706676],152,50.5107,[76.9719,69.7861,-25.2085],[78.092,72.2965,-27.3665],[124.731,282.655,-247.089],false,[99.1673,113.15,72.4686],[84.3931,93.2648,20.0415],[86.9447,97.8476,-14.9265],[82.5801,84.7153,-28.7483],[76.7379,68.5926,-27.0061],[[[0.913366,-0.392399,-0.10856],[0.317557,0.853477,-0.413201],[0.254793,0.34293,0.904146]],[[0.940741,-0.338254,0.0243146],[0.33136,0.932087,0.146335],[-0.0721618,-0.129607,0.988936]],[[0.940741,-0.338254,0.0243146],[0.255362,0.659373,-0.707119],[0.223154,0.671425,0.706676]],[[0.940741,-0.338254,0.0243146],[-0.0114451,-0.103324,-0.994582],[0.338934,0.935365,-0.101072]]],4]],[[0,200,0],[235.247,235.247,147.751]]],[66595,99947825559,[[152,"right",[-0.501667,-0.205217,-0.840367],[-0.0237269,-0.967824,0.250506],[56.7099,100.686,46.9894],[170.178,-137.763,-12.7618],[54.6293,102.38,47.2153],0,0.19801,0.0761555,[[0.896237,-0.123107,-0.426149],[-0.043093,0.932007,-0.359869],[0.441477,0.340892,0.829995]],63.72,[209.693,206.88,311.722],[90.4941,114.839,87.6231]]],[[1520,[-0.599234,-0.627533,-0.497113],152,52.1164,[-0.889507,55.7346,67.3038],[-1.93804,57.1472,67.4998],[39.0275,-49.1742,-38.9565],false,[67.3026,109.24,106.907],[67.3026,109.24,106.907],[21.6337,92.1785,96.1812],[1.20245,70.7824,79.2318],[-3.72013,53.4004,64.3536],[[[0.271298,0.767011,-0.581457],[-0.48954,0.630099,0.602765],[0.828703,0.121118,0.546427]],[[-0.0710051,0.660159,-0.747763],[-0.39742,0.668861,0.628238],[0.914886,0.341784,0.214867]],[[-0.0710051,0.660159,-0.747763],[-0.797419,0.412788,0.440148],[0.599234,0.627533,0.497113]],[[-0.0710051,0.660159,-0.747763],[-0.975048,0.11214,0.19159],[0.210334,0.742708,0.635723]]],0],[1521,[-0.410175,-0.347192,-0.843335],152,58.8075,[-8.91713,88.8189,-29.6996],[-8.28585,90.5886,-29.304],[56.8057,120.333,31.3319],false,[69.3729,124.793,89.1396],[22.5695,101.291,37.4717],[5.89394,108.726,-1.41822],[-4.02016,100.334,-21.802],[-9.6173,87.4874,-31.5774],[[[0.768228,-0.177999,-0.614932],[-0.0714343,0.930734,-0.358653],[0.636178,0.319455,0.702301]],[[0.909476,-0.0868708,-0.40658],[0.148992,0.981076,0.123661],[0.388143,-0.173044,0.905207]],[[0.909476,-0.0868708,-0.40658],[-0.0679001,0.933762,-0.351395],[0.410175,0.347192,0.843335]],[[0.909476,-0.0868708,-0.40658],[-0.256,0.653543,-0.712282],[0.327594,0.751887,0.572143]]],1],[1522,[-0.472717,-0.319001,-0.821448],152,67.0064,[3.65903,86.5472,-48.7981],[3.96193,89.3379,-48.8439],[31.4932,193.794,-1.32251],false,[78.2342,124.021,80.625],[41.6099,100.152,26.2514],[24.0678,108.515,-17.8577],[10.6255,99.4442,-41.2167],[1.9597,86.1053,-51.2225],[[[0.847962,-0.289245,-0.444183],[0.0734567,0.894029,-0.441946],[0.524943,0.342125,0.779349]],[[0.876194,-0.269507,-0.399562],[0.31596,0.947238,0.0539465],[0.363941,-0.173513,0.915118]],[[0.876194,-0.269507,-0.399562],[0.0939251,0.908628,-0.406908],[0.472717,0.319001,0.821448]],[[0.876194,-0.269507,-0.399562],[-0.140119,0.650783,-0.746222],[0.46114,0.709822,0.532449]]],2],[1523,[-0.348503,-0.620144,-0.702828],152,64.4285,[41.2602,70.7404,-40.4739],[41.6671,73.6548,-41.814],[47.2706,235.033,-100.884],false,[88.2358,121.01,74.1577],[63.7447,98.2936,21.1677],[55.2609,104.676,-22.2322],[45.6067,87.497,-41.7019],[40.3684,69.5624,-41.7231],[[[0.908003,-0.302313,-0.290066],[0.150549,0.88153,-0.447482],[0.390981,0.362646,0.845944]],[[0.935776,-0.273053,-0.223082],[0.297101,0.951333,0.0818307],[0.189881,-0.142853,0.971359]],[[0.935776,-0.273053,-0.223082],[0.053567,0.735434,-0.675475],[0.348503,0.620144,0.702828]],[[0.935776,-0.273053,-0.223082],[-0.213825,0.0636031,-0.974799],[0.280361,0.959894,0.00113249]]],3],[1524,[-0.229842,-0.663742,-0.711772],152,50.5107,[77.0036,69.8783,-25.3059],[77.8487,72.2826,-27.7665],[83.3867,205.964,-194.068],false,[99.5083,112.526,72.2841],[84.441,92.9727,19.8157],[86.938,97.677,-15.1401],[82.4426,84.695,-29.0615],[76.4623,68.6033,-27.5122],[[[0.909711,-0.399779,-0.112256],[0.32389,0.85233,-0.410644],[0.259846,0.337208,0.904859]],[[0.937805,-0.346567,0.0203497],[0.339905,0.928542,0.149243],[-0.0706184,-0.133044,0.988591]],[[0.937805,-0.346567,0.0203497],[0.260183,0.662826,-0.702116],[0.229842,0.663742,0.711772]],[[0.937805,-0.346567,0.0203497],[-0.0121529,-0.0913537,-0.995744],[0.346951,0.933566,-0.0898837]]],4]],[[0,200,0],[235.247,235.247,147.751]]],[66596,99947834579,[[152,"right",[-0.507578,-0.202284,-0.837524],[-0.0251195,-0.968162,0.24906],[57.165,100.65,46.7399],[137.24,-100.971,-16.8604],[54.791,102.269,47.185],0,0.187392,0.112308,[[0.897681,-0.121519,-0.423559],[-0.0435797,0.932026,-0.359761],[0.438486,0.341409,0.831366]],63.72,[209.639,206.812,311.652],[91.2477,114.631,87.183]]],[[1520,[-0.6433,-0.595845,-0.480764],152,52.1164,[-1.03582,55.9091,67.3796],[-4.72229,61.0303,69.3932],[-52.544,71.8105,26.0837],false,[68.161,109.071,106.603],[68.161,109.071,106.603],[21.3574,94.3836,97.3586],[-0.576275,74.0679,80.9667],[-6.63094,56.9947,66.1486],[[[0.269983,0.767143,-0.581894],[-0.483797,0.630591,0.606873],[0.832496,0.117673,0.541391]],[[-0.0625412,0.666744,-0.742658],[-0.341998,0.684747,0.643552],[0.937617,0.294236,0.1852]],[[-0.0625412,0.666744,-0.742658],[-0.763056,0.447685,0.466181],[0.6433,0.595845,0.480764]],[[-0.0625412,0.666744,-0.742658],[-0.963929,0.152533,0.218116],[0.258707,0.729511,0.633154]]],0],[1521,[-0.416635,-0.353889,-0.837364],152,58.8075,[-8.90914,88.8388,-29.6881],[-8.43665,90.2285,-29.1197],[35.0341,67.0144,28.3526],false,[70.1671,124.648,88.8491],[22.9673,101.375,37.4386],[5.93105,108.209,-1.4051],[-4.13919,99.6556,-21.6445],[-9.84339,86.8292,-31.3842],[[[0.76379,-0.179326,-0.620054],[-0.0708344,0.931543,-0.356666],[0.641566,0.316339,0.698801]],[[0.906261,-0.0892856,-0.413181],[0.146451,0.983222,0.108754],[0.396539,-0.15907,0.904131]],[[0.906261,-0.0892856,-0.413181],[-0.0714559,0.931016,-0.357915],[0.416635,0.353889,0.837364]],[[0.906261,-0.0892856,-0.413181],[-0.259284,0.654563,-0.710154],[0.33386,0.750716,0.570055]]],1],[1522,[-0.477494,-0.314128,-0.820563],152,67.0064,[3.66559,86.6876,-48.8097],[3.79745,89.5871,-48.8913],[17.9548,147.837,-4.44216],false,[78.9722,123.863,80.2775],[41.9331,100.197,26.0966],[24.1277,108.503,-17.9176],[10.5495,99.5701,-41.2515],[1.77482,86.3809,-51.3604],[[[0.844255,-0.291099,-0.449994],[0.0734158,0.894534,-0.44093],[0.530889,0.339221,0.776586]],[[0.873444,-0.271068,-0.404496],[0.317231,0.947009,0.0503843],[0.369404,-0.172327,0.913151]],[[0.873444,-0.271068,-0.404496],[0.0953646,0.90986,-0.403806],[0.477494,0.314128,0.820563]],[[0.873444,-0.271068,-0.404496],[-0.138078,0.658733,-0.739598],[0.466936,0.70185,0.537938]]],2],[1523,[-0.35688,-0.616605,-0.701737],152,64.4285,[41.2584,70.9396,-40.5641],[41.3768,73.8635,-42.0037],[23.8334,177.54,-79.1049],false,[88.9236,120.832,73.7423],[64.0296,98.2788,20.8705],[55.2127,104.795,-22.4431],[45.3264,87.7137,-41.8826],[40.0079,69.8027,-41.9235],[[[0.905225,-0.304607,-0.29628],[0.150433,0.881808,-0.446973],[0.397413,0.360041,0.844058]],[[0.932742,-0.276443,-0.231456],[0.301747,0.9499,0.0814801],[0.197336,-0.145841,0.969427]],[[0.932742,-0.276443,-0.231456],[0.0512729,0.737141,-0.673791],[0.35688,0.616605,0.701737]],[[0.932742,-0.276443,-0.231456],[-0.221275,0.0679279,-0.972843],[0.284658,0.958627,0.00218933]]],3],[1524,[-0.234745,-0.656849,-0.71655],152,50.5107,[77.0329,69.9775,-25.4339],[77.7591,72.3728,-28.3842],[57.8753,152.807,-162.543],false,[100.158,112.316,71.7838],[84.7006,92.8968,19.3793],[86.9845,97.6601,-15.5831],[82.3932,84.8129,-29.5979],[76.3675,68.7173,-28.283],[[[0.907755,-0.402373,-0.118645],[0.323912,0.852017,-0.411276],[0.266574,0.334907,0.903756]],[[0.936802,-0.349596,0.0135678],[0.343845,0.927165,0.14878],[-0.0645924,-0.134712,0.988777]],[[0.936802,-0.349596,0.0135678],[0.259415,0.668081,-0.697404],[0.234745,0.656849,0.71655]],[[0.936802,-0.349596,0.0135678],[-0.0140009,-0.0762109,-0.996993],[0.349579,0.933796,-0.0762892]]],4]],[[0,200,0],[235.247,235.247,147.751]]],[66597,99947843615,[[152,"right",[-0.516738,-0.196403,-0.833311],[-0.0226883,-0.969848,0.242652],[57.9763,100.14,46.4946],[124.168,-88.7078,-19.6942],[55.036,102.106,47.1319],0,0.173236,0.151337,[[0.899687,-0.11303,-0.421648],[-0.0509255,0.932126,-0.358534],[0.433555,0.344041,0.832866]],63.72,[209.562,206.726,311.533],[92.5021,113.835,86.6589]]],[[1520,[-0.688969,-0.558734,-0.461669],152,52.1164,[-1.31282,56.2673,67.5646],[-6.79935,64.2869,71.4402],[-99.0018,143.702,78.7748],false,[69.6269,108.146,106.291],[69.6269,108.146,106.291],[21.8763,95.7744,98.6371],[-1.61451,76.7241,82.8962],[-8.91623,60.1062,68.1226],[[[0.263849,0.77107,-0.579512],[-0.476966,0.626506,0.616437],[0.838384,0.113761,0.533077]],[[-0.0579671,0.677406,-0.733322],[-0.285621,0.692599,0.662365],[0.956588,0.247848,0.153333]],[[-0.0579671,0.677406,-0.733322],[-0.722469,0.478475,0.4991],[0.688969,0.558734,0.461669]],[[-0.0579671,0.677406,-0.733322],[-0.948315,0.192198,0.252505],[0.311991,0.710057,0.631253]]],0],[1521,[-0.426246,-0.354635,-0.832195],152,58.8075,[-8.90557,88.8419,-29.6711],[-8.56713,89.67,-28.7076],[19.9155,25.1612,32.699],false,[71.4438,123.845,88.6236],[23.6795,100.937,37.5719],[6.08944,107.382,-1.09093],[-4.21308,98.8101,-21.2054],[-10.0541,86.0855,-30.9975],[[[0.756932,-0.175222,-0.629565],[-0.0744439,0.933991,-0.349455],[0.64924,0.311381,0.693923]],[[0.901226,-0.0870052,-0.424526],[0.141985,0.984847,0.0995779],[0.409429,-0.150018,0.899923]],[[0.901226,-0.0870052,-0.424526],[-0.0781465,0.930948,-0.356692],[0.426245,0.354635,0.832195]],[[0.901226,-0.0870052,-0.424526],[-0.266302,0.661645,-0.700934],[0.34187,0.744752,0.573122]]],1],[1522,[-0.484555,-0.306844,-0.819178],152,67.0064,[3.66142,86.8417,-48.8201],[3.59165,89.6324,-48.7702],[6.87657,107.014,-1.95979],false,[80.1547,123.117,79.9513],[42.5202,99.8317,26.016],[24.2148,108.138,-17.7926],[10.4358,99.4123,-41.0871],[1.54763,86.4241,-51.3559],[[[0.839213,-0.288181,-0.461165],[0.0688681,0.897531,-0.43554],[0.539424,0.333751,0.773066]],[[0.869884,-0.267767,-0.414249],[0.314755,0.947948,0.04821],[0.379777,-0.172324,0.908886]],[[0.869884,-0.267767,-0.414249],[0.0922393,0.913317,-0.396667],[0.484555,0.306844,0.819178]],[[0.869884,-0.267767,-0.414249],[-0.139991,0.671271,-0.727872],[0.472974,0.691155,0.546443]]],2],[1523,[-0.365845,-0.548839,-0.75162],152,64.4285,[41.1827,71.2494,-40.9069],[40.5395,75.5209,-44.7651],[-17.4356,183.141,-177.126],false,[90.0334,120.128,73.2873],[64.5578,97.9452,20.5362],[54.8802,104.313,-22.6154],[44.7456,89.1093,-43.4367],[38.7033,71.7078,-46.5627],[[[0.901851,-0.302759,-0.308222],[0.145811,0.88483,-0.44251],[0.406698,0.354136,0.842131]],[[0.927898,-0.277457,-0.249045],[0.303464,0.950107,0.0721536],[0.2166,-0.142527,0.9658]],[[0.927898,-0.277457,-0.249045],[0.0718565,0.788539,-0.610773],[0.365845,0.548839,0.75162]],[[0.927898,-0.277457,-0.249045],[-0.18553,0.235782,-0.953932],[0.323395,0.931356,0.167305]]],3],[1524,[-0.238837,-0.643513,-0.727219],152,50.5107,[77.0615,70.0702,-25.5886],[77.8093,72.4847,-29.3818],[44.245,115.021,-153.058],false,[101.243,111.624,71.1479],[85.2097,92.569,18.7827],[87.1361,97.5667,-16.1685],[82.4647,84.9804,-30.392],[76.4448,68.851,-29.5492],[[[0.906289,-0.401747,-0.131302],[0.319661,0.854756,-0.408912],[0.27651,0.32862,0.903078]],[[0.936901,-0.349592,0.00165017],[0.345324,0.92618,0.151468],[-0.0544804,-0.141341,0.988461]],[[0.936901,-0.349592,0.00165017],[0.255292,0.680938,-0.686404],[0.238837,0.643513,0.727219]],[[0.936901,-0.349592,0.00165017],[-0.0155502,-0.046389,-0.998802],[0.349249,0.935753,-0.0488981]]],4]],[[0,200,0],[235.247,235.247,147.751]]],[66598,99947852637,[[152,"right",[-0.525292,-0.193043,-0.828736],[-0.0163965,-0.97145,0.236679],[58.8287,99.5302,46.459],[115.998,-82.8845,-15.3628],[55.3734,101.876,47.072],0,0.15574,0.190351,[[0.901261,-0.101769,-0.421156],[-0.0611196,0.932442,-0.356112],[0.428945,0.346691,0.834153]],63.72,[209.565,206.706,311.544],[93.7504,113.1,86.3225]]],[[1520,[-0.733469,-0.519125,-0.438785],152,52.1164,[-1.79978,56.9409,67.9638],[-8.73009,67.6516,73.9467],[-126.761,196.52,129.666],false,[71.1172,107.2,106.172],[71.1172,107.2,106.172],[22.6187,97.0389,100.138],[-2.3894,79.339,85.1778],[-11.0269,63.258,70.5312],[[[0.254509,0.775726,-0.577473],[-0.472355,0.620776,0.625715],[0.843864,0.113522,0.524411]],[[-0.0541613,0.688119,-0.723574],[-0.230465,0.696458,0.679582],[0.971572,0.203566,0.120867]],[[-0.0541613,0.688119,-0.723574],[-0.677561,0.506954,0.53283],[0.733469,0.519124,0.438785]],[[-0.0541613,0.688119,-0.723574],[-0.927824,0.23315,0.291176],[0.369065,0.68712,0.625825]]],0],[1521,[-0.434795,-0.354046,-0.828013],152,58.8075,[-8.90426,88.8324,-29.6515],[-8.62149,88.8746,-28.0861],[11.6126,-9.33988,41.9454],false,[72.6787,123.018,88.5859],[24.4316,100.255,37.9246],[6.28341,106.378,-0.532078],[-4.22575,97.8207,-20.5455],[-10.1706,85.2067,-30.4178],[[[0.750489,-0.168368,-0.639076],[-0.0817904,0.935907,-0.342619],[0.655802,0.309402,0.688617]],[[0.896312,-0.0812514,-0.435917],[0.134859,0.986451,0.0934245],[0.42242,-0.142525,0.895125]],[[0.896312,-0.0812514,-0.435917],[-0.0870574,0.931692,-0.352663],[0.434795,0.354046,0.828013]],[[0.896312,-0.0812514,-0.435917],[-0.274882,0.669577,-0.690004],[0.347944,0.738285,0.577815]]],1],[1522,[-0.490357,-0.302717,-0.817259],152,67.0064,[3.64777,86.9652,-48.815],[3.43812,89.2125,-48.4292],[0.164022,62.0109,6.51547],false,[81.2947,122.378,79.8126],[43.1458,99.2945,26.1525],[24.2719,107.372,-17.4573],[10.3279,98.7633,-40.6972],[1.37458,85.9554,-51.1344],[[[0.835064,-0.282085,-0.472331],[0.0606841,0.900535,-0.430528],[0.546796,0.330856,0.769122]],[[0.867361,-0.261027,-0.423732],[0.307173,0.950676,0.0431348],[0.391573,-0.167572,0.90476]],[[0.867361,-0.261027,-0.423732],[0.0850559,0.916639,-0.390561],[0.490357,0.302717,0.817259]],[[0.867361,-0.261027,-0.423732],[-0.143824,0.683622,-0.715525],[0.476444,0.681562,0.555405]]],2],[1523,[-0.369337,-0.475506,-0.798426],152,64.4285,[41.0589,71.6739,-41.4655],[39.7685,77.9139,-48.2604],[-37.8203,197.013,-241.424],false,[91.1092,119.469,73.0198],[65.1277,97.5257,20.4153],[54.6017,103.539,-22.5884],[44.3703,90.3662,-44.7064],[37.743,74.069,-50.9968],[[[0.899461,-0.2974,-0.320192],[0.13759,0.888168,-0.438437],[0.414776,0.350302,0.839792]],[[0.924647,-0.273869,-0.26462],[0.299209,0.952304,0.05992],[0.235589,-0.134582,0.962489]],[[0.924647,-0.273869,-0.26462],[0.0928358,0.835996,-0.540825],[0.369337,0.475506,0.798426]],[[0.924647,-0.273869,-0.26462],[-0.138612,0.405167,-0.903674],[0.354704,0.872259,0.336675]]],3],[1524,[-0.227304,-0.604996,-0.763095],152,50.5107,[77.1009,70.1593,-25.7887],[78.2829,72.9394,-31.2678],[48.7188,97.8943,-187.56],false,[102.326,111.02,70.7011],[85.7784,92.2385,18.3971],[87.3876,97.3081,-16.5597],[82.9418,85.4751,-31.485],[77.0112,69.3216,-32.4853],[[[0.906241,-0.397493,-0.14397],[0.311915,0.858535,-0.406973],[0.285372,0.32391,0.902023]],[[0.938846,-0.344273,-0.00670906],[0.341317,0.927858,0.150274],[-0.0455104,-0.143374,0.988622]],[[0.938846,-0.344273,-0.00670906],[0.258654,0.717953,-0.646252],[0.227304,0.604996,0.763095]],[[0.938846,-0.344273,-0.00670906],[0.0136931,0.0567959,-0.998292],[0.344066,0.93715,0.0580368]]],4]],[[0,200,0],[235.247,235.247,147.751]]],[66599,99947861798,[[152,"right",[-0.536116,-0.19246,-0.821911],[0.00533636,-0.974416,0.22469],[60.5373,98.9915,46.9525],[135.653,-76.1706,3.93702],[55.9176,101.572,47.0594],0,0.133802,0.221252,[[0.902292,-0.074085,-0.424713],[-0.0863713,0.93409,-0.346432],[0.422386,0.349266,0.836423]],63.72,[209.943,207.011,312.209],[95.8991,112.709,86.3751]]],[[1520,[-0.764894,-0.488606,-0.419764],152,52.1164,[-2.29028,57.7906,68.5725],[-8.19317,69.2563,76.3062],[-76.8154,193.308,168.148],false,[73.7269,106.153,106.536],[73.7269,106.153,106.536],[24.8127,97.3075,101.962],[-1.26685,80.6482,87.6501],[-10.7384,65.0679,72.978],[[[0.230288,0.787281,-0.571976],[-0.472508,0.604298,0.641529],[0.850708,0.122527,0.511159]],[[-0.0610656,0.703716,-0.707853],[-0.189915,0.688029,0.700392],[0.9799,0.177202,0.0916311]],[[-0.0610656,0.703716,-0.707853],[-0.641255,0.515799,0.568105],[0.764894,0.488606,0.419764]],[[-0.0610656,0.703716,-0.707853],[-0.912406,0.248189,0.325451],[0.404706,0.665722,0.626918]]],0],[1521,[-0.443761,-0.350376,-0.824811],152,58.8075,[-8.89798,88.814,-29.6204],[-8.10009,87.8624,-26.603],[23.3643,-37.6953,74.0933],false,[74.694,122.21,89.1263],[25.9888,99.1905,39.0228],[6.99656,105.173,0.953506],[-3.72931,96.7046,-18.9825],[-9.6791,84.2187,-29.0134],[[[0.742129,-0.146741,-0.653997],[-0.1047,0.938382,-0.329359],[0.662029,0.312901,0.681036]],[[0.889438,-0.059802,-0.453127],[0.116092,0.988449,0.0974235],[0.442067,-0.139256,0.886106]],[[0.889438,-0.059802,-0.453127],[-0.109439,0.934698,-0.338175],[0.443761,0.350375,0.824811]],[[0.889438,-0.059802,-0.453127],[-0.296029,0.679982,-0.670814],[0.348234,0.730786,0.587098]]],1],[1522,[-0.496747,-0.30086,-0.81408],152,67.0064,[3.64894,87.0184,-48.7628],[3.69269,88.5389,-47.2908],[7.40026,20.9091,36.6701],false,[83.1656,121.836,80.1983],[44.5088,98.7175,26.9183],[24.6599,106.417,-16.3254],[10.5342,97.8616,-39.4749],[1.62377,85.2082,-50.1349],[[[0.831651,-0.260924,-0.490179],[0.0368327,0.906706,-0.420152],[0.554076,0.331365,0.763673]],[[0.865662,-0.239004,-0.439893],[0.284694,0.957789,0.039858],[0.411799,-0.159739,0.897165]],[[0.865662,-0.239004,-0.439893],[0.0622224,0.923234,-0.379167],[0.496747,0.30086,0.81408]],[[0.865662,-0.239004,-0.439893],[-0.160619,0.699637,-0.696211],[0.474163,0.673339,0.567261]]],2],[1523,[-0.373411,-0.42613,-0.824001],152,64.4285,[40.9361,72.2057,-42.1047],[39.7469,79.486,-49.5412],[-29.2464,199.788,-222.158],false,[92.9109,119.191,73.2011],[66.4154,97.4222,20.7809],[54.7752,103.321,-21.9506],[44.431,91.5159,-44.7771],[37.6409,76.1879,-53.0257],[[[0.898964,-0.276921,-0.339379],[0.1138,0.895848,-0.429541],[0.422981,0.34752,0.836849]],[[0.923505,-0.254797,-0.286735],[0.281541,0.957941,0.0555353],[0.260525,-0.132015,0.956399]],[[0.923505,-0.254797,-0.286735],[0.0877665,0.868039,-0.488677],[0.373411,0.42613,0.824001]],[[0.923505,-0.254797,-0.286735],[-0.122745,0.511911,-0.850224],[0.363418,0.820381,0.441477]]],3],[1524,[-0.203685,-0.542654,-0.814886],152,50.5107,[77.1765,70.2856,-26.059],[79.722,74.6618,-33.9066],[80.1326,122.988,-238.057],false,[104.236,110.979,70.5832],[87.12,92.5394,18.3404],[88.0854,97.5711,-16.6457],[84.1015,86.9574,-32.5838],[78.5853,71.1146,-36.5439],[[[0.910634,-0.379026,-0.164573],[0.289156,0.869031,-0.401465],[0.295185,0.318001,0.900967]],[[0.945775,-0.324174,-0.0205261],[0.323674,0.935233,0.143436],[-0.0273013,-0.142302,0.989447]],[[0.945775,-0.324174,-0.0205261],[0.253026,0.774879,-0.579258],[0.203685,0.542654,0.814886]],[[0.945775,-0.324174,-0.0205261],[0.0556115,0.223857,-0.973034],[0.320027,0.91913,0.229746]]],4]],[[0,200,0],[235.247,235.247,147.751]]],[66600,99947871043,[[152,"right",[-0.544571,-0.196192,-0.815446],[0.0184356,-0.974821,0.222225],[61.5506,98.4241,47.4595],[128.334,-72.0154,18.2335],[56.5917,101.196,47.1073],0,0.107884,0.259446,[[0.902877,-0.0593639,-0.42578],[-0.0997227,0.934484,-0.341754],[0.418172,0.351022,0.837804]],63.72,[210.176,207.198,312.666],[97.2695,112.422,86.4593]]],[[1520,[-0.79963,-0.451371,-0.39605],152,52.1164,[-2.87963,58.9376,69.4395],[-8.85344,71.9667,78.7675],[-77.4745,223.049,197.505],false,[75.4277,105.586,106.887],[75.4277,105.586,106.887],[26.1495,98.3683,103.522],[-1.11438,82.9785,90.0186],[-11.7344,67.964,75.5442],[[[0.214662,0.790975,-0.572956],[-0.470548,0.597816,0.649],[0.855865,0.130287,0.50052]],[[-0.0568231,0.713459,-0.698389],[-0.149076,0.685614,0.712537],[0.987192,0.144602,0.0674009]],[[-0.0568231,0.713459,-0.698389],[-0.597798,0.535948,0.596151],[0.79963,0.451371,0.39605]],[[-0.0568231,0.713459,-0.698389],[-0.889301,0.281771,0.360207],[0.453778,0.641546,0.618468]]],0],[1521,[-0.451777,-0.349754,-0.820713],152,58.8075,[-8.89178,88.7868,-29.5809],[-7.99964,86.6852,-25.3163],[18.7836,-61.8618,90.927],false,[76.003,121.693,89.505],[26.903,98.278,39.9733],[7.31127,103.935,2.15878],[-3.60835,95.481,-17.6782],[-9.63051,83.0986,-27.7939],[[[0.735174,-0.137421,-0.663803],[-0.118751,0.937986,-0.325701],[0.667396,0.318274,0.673264]],[[0.883755,-0.0496846,-0.465305],[0.104996,0.990048,0.0937023],[0.456019,-0.131665,0.880177]],[[0.883755,-0.0496846,-0.465305],[-0.121965,0.935523,-0.331543],[0.451777,0.349754,0.820713]],[[0.883755,-0.0496846,-0.465305],[-0.307803,0.687243,-0.657993],[0.35247,0.724727,0.592061]]],1],[1522,[-0.501956,-0.302324,-0.810333],152,67.0064,[3.64519,87.0104,-48.6951],[3.58947,87.302,-46.3],[1.24646,-25.5092,53.7715],false,[84.3627,121.429,80.4683],[45.27,98.0277,27.6315],[24.697,104.994,-15.3974],[10.4231,96.3974,-38.4404],[1.48276,83.9125,-49.2726],[[[0.827983,-0.251034,-0.501424],[0.0219297,0.908009,-0.418375],[0.560324,0.335412,0.757321]],[[0.863512,-0.228103,-0.449795],[0.268641,0.962849,0.0274489],[0.426823,-0.144536,0.89271]],[[0.863512,-0.228103,-0.449795],[0.0488556,0.92551,-0.375558],[0.501956,0.302324,0.810333]],[[0.863512,-0.228103,-0.449795],[-0.167346,0.711744,-0.682214],[0.475754,0.664371,0.576428]]],2],[1523,[-0.378398,-0.393362,-0.837903],152,64.4285,[40.8008,72.7304,-42.7302],[39.3802,79.9241,-50.1247],[-32.6246,164.835,-182.749],false,[94.0447,118.902,73.3405],[67.1085,96.977,21.2109],[54.6662,102.468,-21.3486],[44.1839,91.5706,-44.5602],[37.2192,77.0763,-54.0733],[[[0.89739,-0.26667,-0.351538],[0.09888,0.897983,-0.428776],[0.430017,0.350019,0.832209]],[[0.921541,-0.24522,-0.301047],[0.270579,0.961647,0.044957],[0.278477,-0.122887,0.952549]],[[0.921541,-0.24522,-0.301047],[0.0870502,0.886077,-0.45529],[0.378398,0.393362,0.837903]],[[0.921541,-0.24522,-0.301047],[-0.108684,0.581432,-0.806303],[0.37276,0.77576,0.509161]]],3],[1524,[-0.176792,-0.471852,-0.863771],152,50.5107,[77.2828,70.4519,-26.3943],[81.0495,76.4578,-36.7354],[98.056,143.046,-264.419],false,[105.421,110.816,70.5577],[87.8301,92.3179,18.4936],[88.5479,97.3076,-16.5044],[85.0901,88.0788,-33.3987],[80.0182,73.1137,-40.2856],[[[0.912372,-0.369049,-0.177145],[0.274853,0.872947,-0.403014],[0.30337,0.319009,0.897886]],[[0.950208,-0.310628,-0.0247975],[0.310954,0.939998,0.140396],[-0.0203014,-0.141117,0.989785]],[[0.950208,-0.310628,-0.0247975],[0.25661,0.825146,-0.503274],[0.176792,0.471852,0.863771]],[[0.950208,-0.310628,-0.0247975],[0.10258,0.386947,-0.916378],[0.294248,0.868206,0.399545]]],4]],[[0,200,0],[235.247,235.247,147.751]]],[66601,99947879809,[[152,"right",[-0.548849,-0.204215,-0.810593],[0.0533734,-0.976282,0.209819],[63.0853,98.0513,49.1782],[140.884,-64.0966,65.9833],[57.3758,100.816,47.3574],0,0,0.289006,[[0.899713,-0.0238007,-0.435832],[-0.13358,0.935589,-0.326849],[0.415539,0.352289,0.838582]],63.72,[211.047,207.866,314.293],[98.8515,112.748,87.8762]]],[[1520,[-0.817313,-0.431578,-0.381758],152,52.1164,[-3.28376,59.919,70.3584],[-7.77468,72.3083,81.6789],[-25.8328,182.972,231.957],false,[77.5242,104.953,108.502],[77.5242,104.953,108.502],[28.1591,98.0084,105.93],[0.292261,83.2935,92.9135],[-10.847,68.71,78.3888],[[[0.180849,0.804434,-0.565844],[-0.481045,0.574165,0.662518],[0.85784,0.15238,0.490807]],[[-0.0671246,0.729358,-0.680831],[-0.132307,0.669837,0.730625],[0.988933,0.139122,0.0515367]],[[-0.0671246,0.729358,-0.680831],[-0.57227,0.530827,0.625084],[0.817313,0.431578,0.381758]],[[-0.0671246,0.729358,-0.680831],[-0.876899,0.282392,0.388976],[0.475964,0.62313,0.620619]]],0],[1521,[-0.465505,-0.237937,-0.852462],152,58.8075,[-8.89084,88.7793,-29.5593],[-7.77521,87.7364,-24.4294],[-1.40539,4.60979,47.4168],false,[77.3359,121.278,91.3164],[28.3628,96.8544,42.147],[7.99927,99.9812,4.44661],[-3.25216,94.2301,-16.1577],[-10.3791,85.5863,-29.0577],[[[0.73022,-0.105162,-0.67507],[-0.153821,0.937408,-0.312417],[0.66567,0.331973,0.668339]],[[0.879262,-0.0144003,-0.47612],[0.0472883,0.997244,0.0571665],[0.473985,-0.0727793,0.87752]],[[0.879262,-0.0144003,-0.47612],[-0.101011,0.971174,-0.215912],[0.465505,0.237937,0.852462]],[[0.879262,-0.0144003,-0.47612],[-0.230002,0.862465,-0.450835],[0.417129,0.505911,0.755021]]],1],[1522,[-0.496342,-0.233806,-0.83605],152,67.0064,[3.64082,87.0138,-48.6622],[4.1202,87.332,-45.3722],[-1.64622,-7.16026,24.3935],false,[85.5766,121.397,82.168],[46.5593,97.3571,29.5627],[24.6594,101.112,-13.2108],[10.5452,94.4638,-36.9851],[1.33785,84.9776,-50.3408],[[[0.828893,-0.217599,-0.515351],[-0.0135021,0.913195,-0.407299],[0.559244,0.344566,0.754003]],[[0.866487,-0.1926,-0.460549],[0.206797,0.978179,-0.0199997],[0.454352,-0.0779108,0.887409]],[[0.866487,-0.1926,-0.460549],[0.0533445,0.953016,-0.298185],[0.496342,0.233806,0.83605]],[[0.866487,-0.1926,-0.460549],[-0.0956011,0.841476,-0.531769],[0.48996,0.5048,0.710715]]],2],[1523,[-0.37687,-0.380172,-0.844653],152,64.4285,[40.7123,73.2498,-43.2335],[39.9775,80.4234,-48.9911],[-6.24862,137.859,-97.9157],false,[95.2387,119.276,74.8826],[68.3315,97.1032,22.8429],[55.0199,102.397,-19.4778],[44.5798,91.8656,-42.8764],[37.8479,77.721,-53.0598],[[[0.9008,-0.232739,-0.366596],[0.0635874,0.905834,-0.418834],[0.429554,0.353975,0.830774]],[[0.924442,-0.211578,-0.317241],[0.237996,0.970153,0.046497],[0.297935,-0.118486,0.947204]],[[0.924442,-0.211578,-0.317241],[0.0581036,0.900391,-0.431184],[0.37687,0.380172,0.844653]],[[0.924442,-0.211578,-0.317241],[-0.124847,0.618159,-0.776075],[0.360306,0.757043,0.545038]]],3],[1524,[-0.151158,-0.40557,-0.901479],152,50.5107,[77.4774,70.7751,-26.8254],[82.9747,79.8283,-37.5398],[133.067,218.129,-217.203],false,[106.835,111.603,71.8501],[89.1559,93.1618,19.7956],[89.5419,99.083,-15.0621],[86.5854,91.1506,-32.694],[82.1723,77.0081,-41.5044],[[[0.921489,-0.336655,-0.193703],[0.240619,0.886297,-0.395701],[0.304893,0.318026,0.897719]],[[0.960198,-0.276939,-0.0364112],[0.279109,0.946183,0.163816],[-0.0109154,-0.167459,0.985819]],[[0.960198,-0.276939,-0.0364112],[0.234887,0.871102,-0.431289],[0.151158,0.40557,0.901479]],[[0.960198,-0.276939,-0.0364112],[0.11168,0.500118,-0.858725],[0.256024,0.82048,0.511141]]],4]],[[0,200,0],[235.247,235.247,147.751]]],[66602,99947889034,[[152,"right",[-0.5581,-0.211676,-0.80232],[0.0643476,-0.975043,0.212485],[64.1339,97.17,49.8304],[133.256,-72.9121,67.3056],[58.2733,100.332,47.6858],0,0,0.335039,[[0.90035,-0.0131031,-0.43497],[-0.143267,0.934899,-0.324713],[0.410908,0.354673,0.839858]],63.72,[211.245,208.064,314.748],[100.299,112.302,87.9858]]],[[1520,[-0.837329,-0.402543,-0.369918],152,52.1164,[-3.62259,61.0037,71.3327],[-7.06717,73.6024,83.177],[-0.842501,192.341,207.394],false,[79.3202,104.405,108.928],[79.3202,104.405,108.928],[29.7701,98.7153,106.884],[1.22085,84.9904,94.2719],[-10.366,70.7956,79.7124],[[[0.166435,0.803855,-0.571066],[-0.476756,0.572552,0.666999],[0.863136,0.161247,0.478536]],[[-0.0568718,0.737104,-0.673382],[-0.106926,0.666097,0.738161],[0.992639,0.113983,0.0409335]],[[-0.0568718,0.737104,-0.673382],[-0.543733,0.542804,0.640092],[0.837329,0.402543,0.369918]],[[-0.0568718,0.737104,-0.673382],[-0.866978,0.298004,0.399427],[0.49509,0.606523,0.622105]]],0],[1521,[-0.481524,-0.184916,-0.856704],152,58.8075,[-8.8926,88.7737,-29.5403],[-8.21916,87.2777,-23.748],[-16.9216,3.91539,51.7204],false,[78.7624,120.665,91.689],[29.3302,95.6603,43.2772],[8.36509,97.0318,5.80256],[-3.27353,92.5623,-14.9043],[-11.0525,86.1101,-28.6802],[[[0.721824,-0.101551,-0.684585],[-0.165854,0.934969,-0.313569],[0.671909,0.339883,0.658041]],[[0.872534,-0.00904355,-0.488469],[0.0234813,0.999449,0.0234399],[0.487988,-0.031922,0.872266]],[[0.872534,-0.00904355,-0.488469],[-0.0825779,0.982713,-0.1657],[0.481524,0.184916,0.856704]],[[0.872534,-0.00904355,-0.488469],[-0.177174,0.925909,-0.333621],[0.455295,0.377639,0.806285]]],1],[1522,[-0.498948,-0.191279,-0.845259],152,67.0064,[3.62951,87.0026,-48.6289],[3.91734,86.4292,-45.0388],[-9.99448,-23.8575,17.7131],false,[86.8766,120.82,82.4288],[47.3491,96.2682,30.4444],[24.6181,97.5888,-12.0389],[10.4298,92.1495,-36.075],[0.995876,84.8697,-50.6058],[[[0.823592,-0.21259,-0.525834],[-0.0266414,0.911576,-0.410268],[0.566556,0.351903,0.745103]],[[0.864024,-0.185409,-0.468067],[0.176242,0.982279,-0.0637646],[0.471595,-0.0273989,0.88139]],[[0.864024,-0.185409,-0.468067],[0.0671873,0.963865,-0.257779],[0.498948,0.191279,0.845259]],[[0.864024,-0.185409,-0.468067],[-0.0379588,0.903079,-0.427794],[0.502018,0.387391,0.773244]]],2],[1523,[-0.385445,-0.367372,-0.846445],152,64.4285,[40.6049,73.7284,-43.7022],[39.6502,79.7313,-48.6204],[-13.7914,83.9981,-58.0406],false,[96.4561,118.753,75.0199],[69.0293,96.1702,23.4296],[55.0588,101.255,-18.704],[44.3812,91.0782,-42.1522],[37.51,77.3064,-52.7454],[[[0.897638,-0.226597,-0.378021],[0.0503428,0.904811,-0.422827],[0.437849,0.360515,0.8236]],[[0.921225,-0.205593,-0.330267],[0.231464,0.971998,0.0405579],[0.31268,-0.113808,0.943016]],[[0.921225,-0.205593,-0.330267],[0.0526925,0.907066,-0.417677],[0.385445,0.367372,0.846445]],[[0.921225,-0.205593,-0.330267],[-0.126873,0.64376,-0.754637],[0.36776,0.737092,0.566963]]],3],[1524,[-0.145556,-0.369913,-0.917594],152,50.5107,[77.7154,71.1459,-27.3503],[83.4371,79.8553,-38.5386],[111.558,163.712,-189.368],false,[108.074,111.165,71.8565],[89.8424,92.3904,20.1126],[89.764,97.9554,-14.8059],[86.9171,90.7203,-32.7529],[82.7484,77.4247,-42.8996],[[[0.921541,-0.329713,-0.205063],[0.227829,0.886824,-0.40204],[0.314413,0.323778,0.892364]],[[0.962493,-0.267582,-0.0448073],[0.271299,0.950595,0.150888],[0.00221876,-0.157384,0.987535]],[[0.962493,-0.267582,-0.0448073],[0.228957,0.889699,-0.394987],[0.145556,0.369913,0.917594]],[[0.962493,-0.267582,-0.0448073],[0.122955,0.577426,-0.807132],[0.241847,0.771349,0.588668]]],4]],[[0,200,0],[235.247,235.247,147.751]]],[66603,99947897856,[[152,"right",[-0.563499,-0.218724,-0.796636],[0.0726021,-0.973694,0.215982],[64.581,96.4961,50.2033],[110.961,-73.8489,60.5456],[59.0905,99.8348,48.0119],0,0,0.376012,[[0.900445,-0.00665059,-0.43492],[-0.149215,0.934486,-0.323221],[0.408576,0.355939,0.84046]],63.72,[211.285,208.13,314.909],[100.969,112.027,87.9851]]],[[1520,[-0.847735,-0.387089,-0.36264],152,52.1164,[-3.8843,62.0032,72.2184],[-6.62975,74.004,84.0834],[11.5978,170.855,173.55],false,[80.2217,104.08,109.138],[80.2217,104.08,109.138],[30.5856,99.0744,107.416],[1.68157,85.8764,95.0517],[-9.98535,71.8227,80.4193],[[[0.156247,0.802518,-0.575805],[-0.474836,0.57221,0.66866],[0.866094,0.168937,0.47047]],[[-0.0514213,0.74044,-0.670153],[-0.0927457,0.6646,0.741421],[0.994361,0.100279,0.0344981]],[[-0.0514213,0.74044,-0.670153],[-0.527922,0.549464,0.647601],[0.847735,0.387089,0.36264]],[[-0.0514213,0.74044,-0.670153],[-0.865358,0.301928,0.399995],[0.49851,0.60049,0.62522]]],0],[1521,[-0.493274,-0.159136,-0.855194],152,58.8075,[-8.89621,88.768,-29.5227],[-8.78721,86.6395,-23.1402],[-30.9314,-8.50825,60.2156],false,[79.4095,120.263,91.8373],[29.7335,94.7299,43.9539],[8.31106,95.1624,6.71605],[-3.61157,91.3161,-13.9543],[-11.74,85.9999,-28.0108],[[[0.716625,-0.0996856,-0.690298],[-0.174698,0.932528,-0.316027],[0.675225,0.347066,0.650858]],[[0.866747,-0.00663213,-0.498704],[0.010769,0.999927,0.00541869],[0.498632,-0.0100672,0.866755]],[[0.866747,-0.00663213,-0.498704],[-0.0736902,0.987234,-0.141203],[0.493274,0.159136,0.855194]],[[0.866747,-0.00663213,-0.498704],[-0.149714,0.950339,-0.272841],[0.475747,0.311147,0.82271]]],1],[1522,[-0.501584,-0.180239,-0.846125],152,67.0064,[3.61193,86.9636,-48.5847],[3.60964,85.2121,-44.6319],[-15.2175,-52.5199,26.74],false,[87.4435,120.432,82.5075],[47.638,95.4022,30.9653],[24.488,95.5171,-11.3117],[10.2247,90.3918,-35.3724],[0.720964,83.9049,-50.2297],[[[0.820473,-0.209382,-0.531961],[-0.0361623,0.909643,-0.413814],[0.57054,0.35876,0.738766]],[[0.862452,-0.180779,-0.472754],[0.159689,0.983521,-0.0847697],[0.480288,-0.00238399,0.877108]],[[0.862452,-0.180779,-0.472754],[0.0677523,0.966868,-0.246124],[0.501584,0.180239,0.846125]],[[0.862452,-0.180779,-0.472754],[-0.0202633,0.920958,-0.389136],[0.505734,0.34519,0.790618]]],2],[1523,[-0.39055,-0.357638,-0.848273],152,64.4285,[40.4864,74.1267,-44.1035],[39.238,79.1953,-48.5158],[-21.7532,49.8989,-36.6569],false,[96.973,118.397,75.0257],[69.2578,95.4173,23.7659],[54.8883,100.402,-18.2452],[44.0693,90.495,-41.744],[37.1073,76.9958,-52.6248],[[[0.895866,-0.222278,-0.384729],[0.0407552,0.903332,-0.427002],[0.442451,0.366856,0.818323]],[[0.919232,-0.201391,-0.338312],[0.227109,0.973136,0.0377906],[0.321612,-0.111572,0.940275]],[[0.919232,-0.201391,-0.338312],[0.0498416,0.911886,-0.407405],[0.39055,0.357638,0.848273]],[[0.919232,-0.201391,-0.338312],[-0.12715,0.661384,-0.739192],[0.37262,0.722505,0.582358]]],3],[1524,[-0.13948,-0.348652,-0.926816],152,50.5107,[77.9415,71.4799,-27.8517],[83.6362,79.6615,-39.2225],[89.7263,116.885,-158.812],false,[108.613,110.872,71.7948],[90.0666,91.7605,20.2871],[89.7551,97.0028,-14.68],[87.0271,90.1836,-32.8074],[83.0671,77.4734,-43.7562],[[[0.921922,-0.324505,-0.211554],[0.218527,0.886601,-0.407657],[0.319851,0.329598,0.888291]],[[