{"metadata":{"formatVersion":2,"generatedBy":"LeapJS Playback 0.2.1","frames":458,"protocolVersion":6,"serviceVersion":"2.2.3+25971","frameRate":"1.1e+2","modified":"Sun Mar 08 2015 17:25:05 GMT-0300 (E. South America Standard Time)"},"frames":[["id","timestamp",{"hands":[["id","type","direction","palmNormal","palmPosition","palmVelocity","stabilizedPalmPosition","pinchStrength","grabStrength","confidence","armBasis","armWidth","elbow","wrist"]]},{"pointables":[["id","direction","handId","length","stabilizedTipPosition","tipPosition","tipVelocity","tool","carpPosition","mcpPosition","pipPosition","dipPosition","btipPosition","bases","type"]]},{"interactionBox":["center","size"]}],[46326,99626787266,[[125,"right",[0.493468,0.43762,-0.751651],[0.0920306,-0.885621,-0.4552],[-55.9938,124.339,11.3839],[1.19209e-7,1.19209e-7,1.19209e-7],[-55.9938,124.339,11.3839],1,0.684283,0,[[0.884243,-0.138745,0.445941],[-0.0766128,0.898824,0.431562],[-0.460699,-0.415771,0.78415]],61.7915,[-196.451,-4.87657,261.492],[-75.8269,103.984,56.1798]]],[[1250,[0.473141,-0.0410883,-0.880028],125,50.5391,[-56.1157,94.6634,-47.4067],[-56.1157,94.6634,-47.4067],[1.19209e-7,1.19209e-7,1.19209e-7],false,[-100.41,97.5541,40.7116],[-100.41,97.5541,40.7116],[-81.4124,97.4366,-3.81121],[-65.7687,96.0781,-32.9082],[-53.2323,94.2409,-51.7374],[[[0.362003,0.814964,0.452535],[-0.929792,0.350381,0.112786],[-0.0666428,-0.461593,0.884585]],[[0.364686,0.918443,0.153189],[-0.844378,0.395546,-0.361342],[-0.392465,0.00242677,0.919764]],[[0.364686,0.918443,0.153189],[-0.801961,0.393414,-0.449537],[-0.473141,0.0410883,0.880028]],[[0.364686,0.918443,0.153189],[-0.749589,0.387182,-0.536848],[-0.552376,0.0809521,0.829655]]],0],[1251,[-0.0214353,-0.982744,-0.183722],125,57.0277,[-56.2948,86.7191,-52.7106],[-56.2948,86.7191,-52.7106],[1.19209e-7,1.19209e-7,1.19209e-7],false,[-90.2705,117.672,45.2764],[-65.2203,140.578,-17.474],[-53.0242,121.528,-52.4609],[-53.5266,98.4938,-56.7671],[-57.1216,83.202,-51.499],[[[0.935458,-0.0797673,0.34432],[-0.0403917,0.943689,0.328358],[-0.351123,-0.321073,0.879559]],[[0.924329,-0.0895097,0.37095],[0.244786,0.884821,-0.396449],[-0.292739,0.457253,0.839776]],[[0.924329,-0.0895097,0.37095],[0.380994,0.161868,-0.910298],[0.0214353,0.982744,0.183722]],[[0.924329,-0.0895097,0.37095],[0.313905,-0.374388,-0.872523],[0.216979,0.922942,-0.31796]]],1],[1252,[-0.112108,-0.910081,-0.39898],125,64.9785,[-39.556,80.9052,-57.451],[-39.556,80.9052,-57.451],[1.19209e-7,1.19209e-7,1.19209e-7],false,[-79.0868,118.471,49.3832],[-46.8884,139.16,-6.40756],[-31.8343,119.237,-45.9196],[-34.9258,94.1406,-56.9217],[-40.939,76.9518,-57.609],[[[0.872507,-0.282111,0.39893],[0.110641,0.90934,0.401073],[-0.47591,-0.305801,0.824618]],[[0.826919,-0.308091,0.470409],[0.460951,0.850523,-0.253249],[-0.32207,0.426251,0.845329]],[[0.826919,-0.308091,0.470409],[0.551032,0.277187,-0.787103],[0.112108,0.910081,0.39898]],[[0.826919,-0.308091,0.470409],[0.455326,-0.124036,-0.881642],[0.329974,0.943236,0.0377145]]],2],[1253,[-0.278208,-0.921872,-0.269727],125,62.4785,[-36.6394,74.1843,-32.5082],[-36.6394,74.1843,-32.5082],[1.19209e-7,1.19209e-7,1.19209e-7],false,[-68.2682,116.164,53.8066],[-31.6456,133.128,8.41002],[-22.3889,110.914,-27.6191],[-29.8626,86.1492,-34.8649],[-38.6636,70.6104,-31.8043],[[[0.782123,-0.39178,0.484554],[0.157468,0.876649,0.454633],[-0.6029,-0.279277,0.74734]],[[0.8155,-0.375071,0.440774],[0.537881,0.772303,-0.337983],[-0.213644,0.512709,0.831556]],[[0.8155,-0.375071,0.440774],[0.507504,0.097335,-0.856134],[0.278208,0.921872,0.269727]],[[0.8155,-0.375071,0.440774],[0.314659,-0.351863,-0.881579],[0.485747,0.857621,-0.168925]]],3],[1254,[-0.287372,-0.802436,-0.522985],125,48.982,[-22.488,83.2242,-20.6536],[-22.488,83.2242,-20.6536],[1.19209e-7,1.19209e-7,1.19209e-7],false,[-58.7538,106.961,57.7129],[-18.9572,123.045,21.3899],[-10.0489,109.042,-8.6151],[-15.4994,93.8225,-18.5345],[-24.5755,80.0585,-21.2866],[[[0.670246,-0.560896,0.48597],[0.223312,0.7769,0.588692],[-0.707745,-0.286045,0.645969]],[[0.694522,-0.550578,0.463145],[0.670928,0.728074,-0.140588],[-0.259799,0.408378,0.875061]],[[0.694522,-0.550578,0.463145],[0.659588,0.23013,-0.71553],[0.287372,0.802436,0.522985]],[[0.694522,-0.550578,0.463145],[0.472025,-0.137129,-0.870855],[0.542984,0.823444,0.164648]]],4]],[[0,200,0],[235.247,235.247,147.751]]],[46327,99626795545,[[125,"right",[0.518646,0.413071,-0.748585],[0.0719808,-0.893536,-0.443184],[-55.3859,123.241,10.882],[73.4344,-132.64,-60.6297],[-55.9896,124.332,11.3804],1,0.684283,0.0138742,[[0.886503,-0.146979,0.438759],[-0.0669049,0.897533,0.435842],[-0.457861,-0.41573,0.785832]],61.7915,[-196.43,-4.79702,261.337],[-76.549,104.053,55.5842]]],[[1250,[0.482891,-0.0621967,-0.873469],125,50.5391,[-56.1103,94.648,-47.4094],[-55.5649,93.0873,-47.6212],[61.401,-176.361,-31.2664],false,[-101.069,98.1889,39.7932],[-101.069,98.1889,39.7932],[-81.3042,97.045,-4.38007],[-65.338,94.9885,-33.2602],[-52.7008,92.6701,-51.9685],[[[0.379647,0.808996,0.44877],[-0.920247,0.380016,0.0934506],[-0.0949386,-0.448457,0.888748]],[[0.390375,0.908164,0.151149],[-0.825166,0.417948,-0.380027],[-0.408299,0.0236301,0.912542]],[[0.390375,0.908164,0.151149],[-0.783852,0.413969,-0.462824],[-0.482891,0.0621967,0.873469]],[[0.390375,0.908164,0.151149],[-0.733182,0.40596,-0.545565],[-0.556823,0.102155,0.824325]]],0],[1251,[-0.0487421,-0.983808,-0.172473],125,57.0277,[-56.2874,86.69,-52.7114],[-55.8213,84.8648,-52.7619],[57.1979,-223.983,-6.19232],false,[-90.3884,118.042,44.286],[-63.6461,139.4,-18.3119],[-51.485,119.558,-52.8683],[-52.6275,96.4986,-56.9109],[-56.7752,81.3897,-51.5226],[[[0.926941,-0.104118,0.360472],[-0.0165598,0.948438,0.316529],[-0.374842,-0.299373,0.877422]],[[0.915094,-0.113189,0.38703],[0.278209,0.871991,-0.40278],[-0.291896,0.476256,0.829444]],[[0.915094,-0.113189,0.38703],[0.400285,0.138964,-0.905793],[0.0487421,0.983808,0.172473]],[[0.915094,-0.113189,0.38703],[0.316124,-0.394485,-0.862813],[0.250338,0.911904,-0.325209]]],1],[1252,[-0.133686,-0.911049,-0.390023],125,64.9785,[-39.5471,80.8453,-57.4437],[-39.1958,78.4838,-57.1594],[43.5065,-292.471,35.2182],false,[-79.2524,118.548,48.5653],[-45.5456,137.558,-6.93152],[-30.4829,116.7,-45.9552],[-34.1694,91.5769,-56.7104],[-40.6972,74.5729,-57.2935],[[[0.856927,-0.303757,0.416423],[0.132163,0.910379,0.392101],[-0.498206,-0.280966,0.820274]],[[0.809425,-0.327452,0.487448],[0.490901,0.832855,-0.255673],[-0.322253,0.446237,0.83488]],[[0.809425,-0.327452,0.487448],[0.571803,0.250529,-0.781202],[0.133686,0.911049,0.390023]],[[0.809425,-0.327452,0.487448],[0.465313,-0.148707,-0.872565],[0.35821,0.933092,0.0320005]]],2],[1253,[-0.299343,-0.915828,-0.26768],125,62.4785,[-36.6411,74.1431,-32.5047],[-36.7847,72.0251,-32.2433],[-10.8854,-258.455,22.0915],false,[-68.582,115.966,53.1917],[-30.7342,131.244,8.20306],[-21.54,108.402,-27.4478],[-29.5814,83.8,-34.6386],[-38.8647,68.5332,-31.6343],[[[0.761854,-0.409551,0.501843],[0.1771,0.87693,0.446799],[-0.623069,-0.251519,0.740624]],[[0.796679,-0.394288,0.458082],[0.565926,0.752735,-0.336331],[-0.212203,0.527188,0.822826]],[[0.796679,-0.394288,0.458082],[0.525067,0.0761314,-0.847649],[0.299343,0.915828,0.26768]],[[0.796679,-0.394288,0.458082],[0.320605,-0.366805,-0.873308],[0.512361,0.84261,-0.165815]]],3],[1254,[-0.302483,-0.799292,-0.519265],125,48.982,[-22.4904,83.164,-20.6415],[-22.6113,80.7571,-20.1434],[-11.81,-296.127,59.7242],false,[-59.419,106.524,57.3609],[-18.5711,120.937,21.5063],[-9.5785,106.339,-8.18829],[-15.3157,91.1791,-18.0371],[-24.7574,77.6642,-20.793],[[[0.644815,-0.575136,0.503421],[0.237693,0.776865,0.58308],[-0.72644,-0.256319,0.63764]],[[0.669635,-0.565895,0.48099],[0.694844,0.706052,-0.136679],[-0.262259,0.425738,0.866007]],[[0.669635,-0.565895,0.48099],[0.678301,0.202227,-0.706408],[0.302483,0.799292,0.519265]],[[0.669635,-0.565895,0.48099],[0.482205,-0.161286,-0.861083],[0.56486,0.808548,0.164874]]],4]],[[0,200,0],[235.247,235.247,147.751]]],[46328,99626804300,[[125,"right",[0.550552,0.374658,-0.746005],[0.0582884,-0.908704,-0.413351],[-53.4592,121.941,8.90015],[112.764,-136.898,-105.082],[-55.9479,124.292,11.3396],1,0.687306,0.0282915,[[0.887534,-0.139758,0.439033],[-0.072152,0.898968,0.43203],[-0.455057,-0.415119,0.787781]],61.7915,[-195.524,-3.92219,259.82],[-76.3776,104.768,53.5564]]],[[1250,[0.479403,-0.0860868,-0.873363],125,50.5391,[-56.0898,94.5825,-47.469],[-54.5096,91.1172,-49.5911],[58.3162,-176.929,-98.785],false,[-100.616,99.0966,37.2686],[-100.616,99.0966,37.2686],[-80.2852,96.4854,-6.58417],[-64.4344,93.6391,-35.4608],[-52.4033,91.0439,-54.5289],[[[0.390398,0.811801,0.434245],[-0.911131,0.408322,0.0557911],[-0.132021,-0.417435,0.899065]],[[0.412075,0.900729,0.13741],[-0.808576,0.431019,-0.400533],[-0.419998,0.0539432,0.90592]],[[0.412075,0.900729,0.13741],[-0.774834,0.425765,-0.467286],[-0.479403,0.0860868,0.873363]],[[0.412075,0.900729,0.13741],[-0.741062,0.41906,-0.52461],[-0.530114,0.114349,0.840181]]],0],[1251,[-0.0723235,-0.987003,-0.143505],125,57.0277,[-56.146,86.4525,-52.7494],[-53.2629,81.6075,-53.5231],[120.234,-263.697,-27.8498],false,[-89.4951,118.775,41.449],[-60.4512,137.397,-20.9969],[-47.9283,116.145,-54.5719],[-49.6235,93.0112,-57.9355],[-54.35,78.2012,-52.2051],[[[0.91338,-0.118569,0.389459],[0.00212486,0.958023,0.286682],[-0.407103,-0.261022,0.875291]],[[0.900556,-0.126464,0.415939],[0.314083,0.850771,-0.421355],[-0.300582,0.510093,0.805888]],[[0.900556,-0.126464,0.415939],[0.428681,0.0991519,-0.897999],[0.0723235,0.987003,0.143505]],[[0.900556,-0.126464,0.415939],[0.328056,-0.430122,-0.841056],[0.285268,0.893869,-0.345862]]],1],[1252,[-0.150073,-0.919099,-0.364329],125,64.9785,[-39.355,80.4145,-57.422],[-36.758,74.6478,-57.1774],[105.647,-331.342,26.6109],false,[-78.4701,119.105,46.0226],[-42.7284,135.409,-9.06011],[-27.2084,112.934,-46.991],[-31.3468,87.5887,-57.0376],[-38.4113,70.791,-57.1602],[[[0.836147,-0.314314,0.449517],[0.147574,0.918223,0.367545],[-0.528281,-0.240984,0.814153]],[[0.786115,-0.334407,0.519802],[0.521318,0.810529,-0.266965],[-0.33204,0.480848,0.811502]],[[0.786115,-0.334407,0.519802],[0.599584,0.208396,-0.772703],[0.150073,0.919099,0.364329]],[[0.786115,-0.334407,0.519802],[0.481389,-0.196225,-0.85426],[0.387669,0.921774,0.00672481]]],2],[1253,[-0.316294,-0.914989,-0.250506],125,62.4785,[-36.5591,73.8789,-32.4952],[-35.1082,68.9033,-32.1875],[44.4173,-284.842,16.4197],false,[-68.0086,116.372,51.0247],[-28.5234,129.164,6.67222],[-19.0018,104.999,-28.007],[-27.4985,80.4191,-34.7365],[-37.2662,65.4858,-31.5943],[[[0.735772,-0.414671,0.535432],[0.19002,0.88527,0.424488],[-0.650024,-0.210584,0.730153]],[[0.772396,-0.401697,0.49198],[0.595911,0.726343,-0.342513],[-0.21976,0.557732,0.8004]],[[0.772396,-0.401697,0.49198],[0.550784,0.0378793,-0.833788],[0.316294,0.914989,0.250506]],[[0.772396,-0.401697,0.49198],[0.335825,-0.399176,-0.853159],[0.539098,0.824196,-0.173422]]],3],[1254,[-0.308833,-0.80594,-0.505058],125,48.982,[-22.3941,82.8313,-20.6004],[-20.991,77.6597,-19.922],[42.6871,-310.681,49.5427],false,[-59.2384,106.815,55.7382],[-17.0295,118.945,20.6227],[-7.55956,103.257,-8.35878],[-13.4172,87.9706,-17.9381],[-23.1485,74.6386,-20.5751],[[[0.614015,-0.57679,0.538793],[0.243966,0.787891,0.565428],[-0.750643,-0.215734,0.624494]],[[0.639479,-0.569026,0.516988],[0.71749,0.683276,-0.135433],[-0.27618,0.45754,0.845211]],[[0.639479,-0.569026,0.516988],[0.704052,0.163311,-0.691116],[0.308833,0.80594,0.505057]],[[0.639479,-0.569026,0.516988],[0.50212,-0.200099,-0.84133],[0.582187,0.797602,0.15776]]],4]],[[0,200,0],[235.247,235.247,147.751]]],[46329,99626812902,[[125,"right",[0.559876,0.42905,-0.708841],[0.0834365,-0.880338,-0.466952],[-51.0161,121.908,5.44006],[158.011,-101.74,-183.596],[-55.8327,124.237,11.2018],1,0.689976,0.0464562,[[0.889862,-0.152757,0.429895],[-0.0484025,0.905352,0.421895],[-0.453654,-0.396237,0.798245]],61.7915,[-193.37,-2.11285,257.426],[-74.5901,101.633,48.4232]]],[[1250,[0.471012,-0.0119614,-0.882046],125,50.5391,[-56.0453,94.6137,-47.633],[-52.5339,95.7659,-56.0698],[92.962,14.9852,-279.121],false,[-98.364,96.5819,31.2695],[-98.364,96.5819,31.2695],[-77.8289,97.2436,-12.5608],[-62.2555,96.8481,-41.7245],[-50.9378,96.2234,-61.3865],[[[0.366344,0.789718,0.492075],[-0.919257,0.38906,0.0599859],[-0.144075,-0.474319,0.868484]],[[0.392982,0.898048,0.197674],[-0.815846,0.439685,-0.375596],[-0.424218,-0.0136691,0.905457]],[[0.392982,0.898048,0.197674],[-0.789755,0.439735,-0.427692],[-0.471012,0.0119614,0.882046]],[[0.392982,0.898048,0.197674],[-0.77258,0.439036,-0.458659],[-0.498684,0.0275258,0.866347]]],0],[1251,[-0.0398685,-0.972735,-0.228465],125,57.0277,[-55.6648,86.4494,-53.2082],[-48.2998,86.142,-60.0553],[247.856,-46.8291,-233.101],false,[-87.6889,116.144,36.9032],[-57.6308,139.065,-23.6027],[-43.7072,121.012,-58.4732],[-44.6417,98.2124,-63.8281],[-49.0987,82.8714,-59.4345],[[[0.906666,-0.127382,0.402157],[-0.0211723,0.938378,0.344961],[-0.421317,-0.321279,0.848099]],[[0.893456,-0.137078,0.427721],[0.300073,0.890753,-0.341344],[-0.334203,0.433324,0.836982]],[[0.893456,-0.137078,0.427721],[0.447377,0.187071,-0.874562],[0.0398685,0.972735,0.228465]],[[0.893456,-0.137078,0.427721],[0.359683,-0.351986,-0.864138],[0.269006,0.925914,-0.265179]]],1],[1252,[-0.126536,-0.897519,-0.422432],125,64.9785,[-38.7478,80.3029,-57.8803],[-32.0847,79.0821,-62.9512],[220.493,-107.598,-156.615],false,[-76.7734,116.372,41.7385],[-40.1391,136.635,-11.4098],[-23.3959,116.817,-50.2899],[-26.8852,92.0669,-61.9388],[-33.7079,75.2122,-63.1461],[[[0.831645,-0.327708,0.448302],[0.12317,0.896052,0.42652],[-0.541476,-0.299496,0.785561]],[[0.780511,-0.352906,0.516004],[0.512338,0.834075,-0.204524],[-0.358208,0.424001,0.831811]],[[0.780511,-0.352906,0.516004],[0.612202,0.26442,-0.745178],[0.126536,0.897519,0.422432]],[[0.780511,-0.352906,0.516004],[0.500632,-0.14148,-0.85402],[0.374393,0.9249,0.0662492]]],2],[1253,[-0.259299,-0.895539,-0.361626],125,62.4785,[-36.0739,73.8328,-33.0136],[-29.2289,72.8352,-40.1889],[232.409,-80.7965,-257.255],false,[-66.3761,113.508,46.8005],[-26.1704,129.664,4.22892],[-14.5441,109.209,-32.1537],[-21.5098,85.1519,-41.8683],[-30.6101,69.5176,-40.8522],[[[0.73123,-0.434819,0.52558],[0.164949,0.860345,0.482284],[-0.661887,-0.265967,0.700833]],[[0.770913,-0.417468,0.481055],[0.577658,0.776432,-0.251923],[-0.268336,0.472095,0.839715]],[[0.770913,-0.417468,0.481055],[0.58177,0.154045,-0.798632],[0.259299,0.895539,0.361626]],[[0.770913,-0.417468,0.481055],[0.391686,-0.284851,-0.874895],[0.50227,0.862891,-0.0560791]]],3],[1254,[-0.278007,-0.776411,-0.565595],125,48.982,[-21.9834,82.645,-20.957],[-16.9244,80.1552,-25.4088],[159.715,-150.02,-133.893],false,[-57.5416,103.823,51.1166],[-14.8022,118.793,17.7837],[-4.23428,105.237,-11.8863],[-9.5072,90.5114,-22.6138],[-18.8913,77.202,-26.3811],[[[0.612336,-0.598816,0.516201],[0.217546,0.755341,0.61817],[-0.760078,-0.26623,0.592792]],[[0.637103,-0.589698,0.496343],[0.706478,0.704253,-0.0701182],[-0.308203,0.395328,0.86529]],[[0.637103,-0.589698,0.496343],[0.718896,0.222355,-0.658594],[0.278007,0.776411,0.565595]],[[0.637103,-0.589698,0.496343],[0.528121,-0.135063,-0.838359],[0.561416,0.79625,0.225382]]],4]],[[0,200,0],[235.247,235.247,147.751]]],[46330,99626821581,[[125,"right",[0.588244,0.451921,-0.670624],[0.0194999,-0.836964,-0.54691],[-52.4283,123.262,12.3176],[72.6226,-33.1112,76.2505],[-55.7563,124.215,11.2268],0.974628,0.486688,0.0718016,[[0.891435,-0.247904,0.379325],[0.0450715,0.881442,0.470137],[-0.450902,-0.402,0.796922]],61.7915,[-195.397,-4.4331,262.088],[-77.3377,100.822,53.4309]]],[[1250,[0.46002,-0.0200994,-0.887681],125,50.5391,[-56.0615,94.6674,-47.7112],[-56.5271,97.2111,-51.4745],[-38.2234,55.4741,-64.7283],false,[-101.435,99.089,36.074],[-101.435,99.089,36.074],[-80.5598,99.034,-7.60018],[-65.3498,98.3695,-36.9502],[-54.5197,97.652,-56.8818],[[[0.422662,0.712592,0.559973],[-0.888926,0.446325,0.102983],[-0.176545,-0.541301,0.822086]],[[0.457973,0.861867,0.217819],[-0.777356,0.507132,-0.372202],[-0.431252,0.00113548,0.902231]],[[0.457973,0.861867,0.217819],[-0.760685,0.506735,-0.405681],[-0.46002,0.0200994,0.887681]],[[0.457973,0.861867,0.217819],[-0.750031,0.506147,-0.425756],[-0.477194,0.0316139,0.878229]]],0],[1251,[0.0683969,-0.76037,-0.645879],125,57.0277,[-54.3921,88.3785,-55.6689],[-45.6617,119.437,-77.8897],[262.595,442.504,-555.398],false,[-89.378,117.235,43.4051],[-57.835,143.465,-14.9629],[-46.0801,131.585,-53.1258],[-44.477,113.762,-68.2645],[-45.7302,98.4158,-74.382],[[[0.895739,-0.22838,0.381438],[0.0466017,0.901478,0.430309],[-0.442132,-0.367669,0.818131]],[[0.913101,-0.213125,0.347599],[0.294347,0.934483,-0.200251],[-0.282147,0.285164,0.91601]],[[0.913101,-0.213125,0.347599],[0.401957,0.613527,-0.679717],[-0.0683969,0.76037,0.645879]],[[0.913101,-0.213125,0.347599],[0.400657,0.310847,-0.861887],[0.0756392,0.926257,0.369224]]],1],[1252,[-0.00254828,-0.724306,-0.689474],125,64.9785,[-37.3861,81.5332,-59.3807],[-23.7482,98.1658,-71.7433],[295.024,261.816,-332.105],false,[-78.4679,116.235,48.1537],[-40.5462,138.675,-3.18622],[-24.9523,122.044,-43.9908],[-25.0226,102.071,-63.0036],[-28.6235,86.6512,-72.0231],[[[0.806613,-0.426265,0.40948],[0.187648,0.841599,0.506458],[-0.560503,-0.331678,0.758832]],[[0.755281,-0.453275,0.473383],[0.564135,0.817277,-0.117514],[-0.333619,0.355808,0.872983]],[[0.755281,-0.453275,0.473383],[0.655396,0.519541,-0.54821],[0.00254828,0.724306,0.689474]],[[0.755281,-0.453275,0.473383],[0.624903,0.280282,-0.728655],[0.1976,0.846158,0.494945]]],2],[1253,[-0.119945,-0.740485,-0.661283],125,62.4785,[-35.0925,74.321,-34.398],[-14.0252,85.692,-49.8736],[313.575,149.284,-469.97],false,[-68.2959,112.181,52.8465],[-27.0922,129.307,11.63],[-16.0956,111.447,-26.2825],[-19.3177,91.5551,-44.0469],[-25.209,76.4352,-52.1069],[[[0.698882,-0.53265,0.477334],[0.226834,0.797991,0.558352],[-0.678314,-0.281947,0.678525]],[[0.720166,-0.523384,0.455445],[0.645712,0.745756,-0.164022],[-0.253804,0.412209,0.875024]],[[0.720166,-0.523384,0.455445],[0.683355,0.421605,-0.596049],[0.119945,0.740485,0.661283]],[[0.720166,-0.523384,0.455445],[0.612894,0.172275,-0.771157],[0.32515,0.8345,0.444846]]],3],[1254,[-0.0524061,-0.594912,-0.802081],125,48.982,[-20.5088,82.9084,-21.9351],[0.331873,88.3729,-25.4476],[359.481,35.0426,-225.989],false,[-60.1726,101.532,56.1791],[-16.5145,116.444,24.0319],[-4.09884,105.062,-5.83489],[-5.09282,93.778,-21.0478],[-9.95212,82.3704,-32.2571],[[[0.568527,-0.686183,0.453796],[0.27195,0.677365,0.683535],[-0.776415,-0.265198,0.571707]],[[0.524604,-0.699831,0.484796],[0.770508,0.632485,0.0792518],[-0.362089,0.331963,0.871029]],[[0.524604,-0.699831,0.484796],[0.849732,0.395368,-0.348769],[0.0524061,0.594912,0.802081]],[[0.524604,-0.699831,0.484796],[0.800173,0.210867,-0.561479],[0.290713,0.682475,0.670607]]],4]],[[0,200,0],[235.247,235.247,147.751]]],[46331,99626830264,[[125,"right",[0.631536,0.439611,-0.638674],[-0.0236708,-0.812412,-0.582604],[-51.9093,123.773,13.6852],[69.2016,-8.63585,97.8931],[-55.6821,124.206,11.2742],0.645762,0.393812,0.0850654,[[0.889163,-0.304591,0.341487],[0.105514,0.862638,0.494695],[-0.445259,-0.403833,0.799164]],61.7915,[-195.734,-4.41089,262.53],[-79.1522,101.324,53.2862]]],[[1250,[0.463166,-0.044,-0.885179],125,50.5391,[-56.0883,94.7237,-47.7913],[-57.4583,97.5294,-51.8218],[-47.9106,47.1073,-53.3677],false,[-102.92,101.946,35.4077],[-102.92,101.946,35.4077],[-80.9972,100.197,-7.71461],[-65.6832,98.7419,-36.9819],[-55.2613,97.8121,-57.1213],[[[0.456257,0.658286,0.59874],[-0.859583,0.500036,0.105261],[-0.2301,-0.562693,0.793996]],[[0.510356,0.829791,0.225795],[-0.731042,0.556902,-0.394257],[-0.452896,0.0361459,0.89083]],[[0.510356,0.829791,0.225795],[-0.724579,0.556336,-0.406787],[-0.463166,0.044,0.885179]],[[0.510356,0.829791,0.225795],[-0.727092,0.556568,-0.401957],[-0.45921,0.0409674,0.887383]]],0],[1251,[0.12923,-0.538286,-0.832795],125,57.0277,[-50.43,96.2351,-62.9114],[-40.1605,132.93,-83.9156],[336.566,738.241,-641.531],false,[-89.8571,118.917,43.7589],[-55.3635,145.432,-12.7825],[-44.2507,137.038,-52.048],[-41.2217,124.421,-71.5677],[-40.6094,112.743,-83.3052],[[[0.870019,-0.303804,0.388291],[0.0964591,0.87725,0.470242],[-0.48349,-0.371665,0.792529]],[[0.910148,-0.268977,0.315089],[0.316989,0.941836,-0.111634],[-0.266736,0.201484,0.942474]],[[0.910148,-0.268977,0.315089],[0.393611,0.798686,-0.455161],[-0.12923,0.538286,0.832795]],[[0.910148,-0.268977,0.315089],[0.412631,0.65641,-0.631555],[-0.0369541,0.704824,0.708419]]],1],[1252,[0.0931134,-0.58559,-0.805242],125,64.9785,[-33.8149,85.1426,-62.7495],[-16.7893,105.821,-75.794],[410.198,419.479,-379.775],false,[-79.1448,116.989,48.669],[-38.6943,139,-0.895378],[-23.26,123.649,-42.2585],[-20.6924,107.501,-64.4637],[-21.7136,94.657,-77.3504],[[[0.767422,-0.496293,0.405903],[0.231519,0.804887,0.546403],[-0.597882,-0.325348,0.732589]],[[0.718982,-0.519926,0.46124],[0.61158,0.788553,-0.0644486],[-0.330204,0.328423,0.884932]],[[0.718982,-0.519926,0.46124],[0.688763,0.621902,-0.372616],[-0.0931134,0.58559,0.805242]],[[0.718982,-0.519926,0.46124],[0.692766,0.482585,-0.535899],[0.0560403,0.704833,0.707156]]],2],[1253,[0.0187115,-0.603525,-0.797125],125,62.4785,[-32.0306,76.0945,-37.6542],[-3.30747,92.0753,-54.2428],[496.477,291.986,-508.399],false,[-69.3694,112.067,53.3751],[-26.2204,128.132,13.753],[-13.7237,111.837,-24.3988],[-13.221,95.624,-45.8124],[-15.7499,82.9453,-58.5063],[[[0.651423,-0.598015,0.466932],[0.266579,0.75659,0.597082],[-0.71034,-0.264478,0.652279]],[[0.649704,-0.598653,0.468507],[0.703346,0.707224,-0.0716858],[-0.288425,0.376097,0.880546]],[[0.649704,-0.598653,0.468507],[0.759957,0.526662,-0.380911],[-0.0187115,0.603525,0.797125]],[[0.649704,-0.598653,0.468507],[0.747264,0.389793,-0.538198],[0.139573,0.699769,0.700602]]],3],[1254,[0.113828,-0.495992,-0.860834],125,48.982,[-16.6903,83.5474,-23.6008],[7.48273,88.2592,-25.8288],[492.086,59.8695,-184.088],false,[-62.0428,100.767,56.394],[-16.7928,114.075,25.781],[-2.70486,102.817,-3.38274],[-0.545888,93.4098,-19.7101],[-1.64204,83.9267,-33.431],[[[0.51177,-0.741342,0.434171],[0.300843,0.628008,0.717704],[-0.804727,-0.236682,0.544423]],[[0.414043,-0.763952,0.49492],[0.812258,0.555497,0.177934],[-0.410859,0.32833,0.850526]],[[0.414043,-0.763952,0.49492],[0.903112,0.412759,-0.118403],[-0.113828,0.495992,0.860834]],[[0.414043,-0.763952,0.49492],[0.907892,0.30742,-0.285001],[0.0655784,0.567336,0.820871]]],4]],[[0,200,0],[235.247,235.247,147.751]]],[46332,99626838903,[[125,"right",[0.628669,0.451721,-0.633027],[-0.00982148,-0.809325,-0.58728],[-51.9268,123.676,13.8442],[50.3122,-9.32625,76.8133],[-55.6221,124.198,11.3153],0.448355,0.330127,0.11818,[[0.889529,-0.298657,0.345749],[0.100328,0.86598,0.48991],[-0.445727,-0.401101,0.800278]],61.7915,[-195.762,-4.38342,262.717],[-79.0582,100.636,53.1816]]],[[1250,[0.433773,-0.0360376,-0.900301],125,50.5391,[-56.1565,94.7738,-47.9016],[-59.0547,97.2737,-52.9545],[-102.707,18.2177,-82.0791],false,[-102.745,101.04,35.1884],[-102.745,101.04,35.1884],[-81.2113,98.9095,-8.11293],[-66.8691,97.718,-37.8802],[-57.763,97.4242,-58.6665],[[[0.444367,0.660958,0.604708],[-0.866771,0.487788,0.103781],[-0.226374,-0.570261,0.789657]],[[0.498527,0.841921,0.206494],[-0.744036,0.537803,-0.396458],[-0.444839,0.0440059,0.894529]],[[0.498527,0.841921,0.206494],[-0.750541,0.538396,-0.383169],[-0.433773,0.0360376,0.900301]],[[0.498527,0.841921,0.206494],[-0.768429,0.539445,-0.344261],[-0.401233,0.0129475,0.915884]]],0],[1251,[0.18,-0.391434,-0.90243],125,57.0277,[-46.7286,104.922,-69.7177],[-38.9965,135.965,-85.9736],[304.76,785.465,-580.269],false,[-89.9529,118.137,43.7002],[-55.5433,145.437,-12.5181],[-44.7002,139.218,-52.2608],[-40.4812,130.043,-73.4127],[-38.4002,121.345,-87.3598],[[[0.872126,-0.294247,0.390914],[0.0822783,0.875778,0.47565],[-0.482313,-0.382663,0.787999]],[[0.924987,-0.244768,0.290669],[0.276881,0.958022,-0.0743728],[-0.260263,0.149274,0.953929]],[[0.924987,-0.244768,0.290669],[0.334664,0.887056,-0.318013],[-0.18,0.391434,0.90243]],[[0.924987,-0.244768,0.290669],[0.358643,0.815145,-0.454877],[-0.125598,0.525001,0.841783]]],1],[1252,[0.204144,-0.470405,-0.858513],125,64.9785,[-26.5892,92.8234,-68.3649],[-11.1092,113.34,-78.0579],[498.818,537.858,-369.549],false,[-79.2399,116.325,48.6528],[-38.8473,139.163,-0.584264],[-22.1657,126.084,-42.2427],[-16.5362,113.112,-65.9169],[-14.6034,102.696,-80.7445],[[[0.772055,-0.4882,0.406929],[0.217928,0.80481,0.552076],[-0.597024,-0.337552,0.727751]],[[0.732037,-0.508909,0.452916],[0.580302,0.81407,-0.0232151],[-0.356891,0.279823,0.891251]],[[0.732037,-0.508909,0.452916],[0.64996,0.720923,-0.240463],[-0.204144,0.470405,0.858513]],[[0.732037,-0.508909,0.452916],[0.672958,0.643671,-0.364438],[-0.106063,0.571576,0.813665]]],2],[1253,[0.147927,-0.524558,-0.838425],125,62.4785,[-25.4308,79.8953,-42.9623],[1.5291,95.0823,-55.6856],[599.336,347.891,-428.041],false,[-69.4221,111.509,53.3799],[-26.2998,128.381,14.0648],[-12.0444,112.734,-23.7402],[-8.07052,98.6424,-46.2633],[-7.36628,87.6849,-60.6757],[[[0.657143,-0.591824,0.466805],[0.253388,0.756703,0.602656],[-0.709899,-0.277749,0.647224]],[[0.633795,-0.600513,0.487532],[0.700037,0.71342,-0.0313037],[-0.329017,0.361131,0.872544]],[[0.633795,-0.600513,0.487532],[0.759224,0.603509,-0.24363],[-0.147927,0.524558,0.838425]],[[0.633795,-0.600513,0.487532],[0.772524,0.523102,-0.35996],[-0.0388687,0.604771,0.79545]]],3],[1254,[0.271164,-0.44344,-0.854301],125,48.982,[-8.55049,85.2718,-25.5772],[13.3925,90.0263,-24.9475],[603.713,116.185,-103.22],false,[-61.9584,100.292,56.3716],[-16.7424,114.384,26.0604],[-0.528112,103.341,-2.06247],[4.61502,94.9307,-18.2659],[7.06012,86.5267,-32.5063],[[[0.519603,-0.736832,0.432541],[0.288793,0.62791,0.722722],[-0.804122,-0.250614,0.539056]],[[0.374992,-0.768759,0.518064],[0.797355,0.552534,0.242758],[-0.472871,0.322049,0.820169]],[[0.374992,-0.768759,0.518064],[0.886482,0.460837,0.0421733],[-0.271164,0.44344,0.854301]],[[0.374992,-0.768759,0.518064],[0.915414,0.395258,-0.0760809],[-0.146281,0.502773,0.851951]]],4]],[[0,200,0],[235.247,235.247,147.751]]],[46333,99626847555,[[125,"right",[0.624774,0.462841,-0.628837],[0.00496465,-0.807708,-0.589562],[-51.8982,123.563,14.0093],[37.8317,-10.3046,61.4852],[-55.5731,124.189,11.3508],0.345415,0.304958,0.148437,[[0.88992,-0.290376,0.351744],[0.0923516,0.86991,0.484487],[-0.446669,-0.398671,0.800967]],61.7915,[-195.815,-4.37337,262.872],[-78.864,100.01,53.1559]]],[[1250,[0.391315,-0.0133861,-0.92016],125,50.5391,[-56.3185,94.8553,-48.0845],[-61.9302,97.8811,-54.3956],[-166.095,32.7191,-107.345],false,[-102.47,100.112,35.0538],[-102.47,100.112,35.0538],[-81.3536,97.9908,-8.45259],[-68.4153,97.5482,-38.8765],[-61.1377,98.2932,-60.3603],[[[0.431661,0.665787,0.608602],[-0.874422,0.474515,0.101097],[-0.221482,-0.575815,0.787009]],[[0.485131,0.852671,0.193906],[-0.757856,0.520607,-0.39322],[-0.436237,0.0438099,0.898765]],[[0.485131,0.852671,0.193906],[-0.781998,0.522276,-0.340157],[-0.391315,0.0133861,0.92016]],[[0.485131,0.852671,0.193906],[-0.813524,0.521415,-0.257499],[-0.320668,-0.0328268,0.946623]]],0],[1251,[0.203928,-0.300165,-0.931834],125,57.0277,[-43.9306,112.485,-74.9173],[-38.5786,136.261,-86.4824],[245.078,720.06,-470.354],false,[-89.9748,117.373,43.6724],[-55.7173,145.343,-12.309],[-45.137,140.177,-52.2727],[-40.3572,133.141,-74.1139],[-37.5385,126.477,-89.0191],[[[0.874606,-0.282324,0.394153],[0.0670069,0.875551,0.478456],[-0.480181,-0.39205,0.78468]],[[0.934953,-0.222538,0.276295],[0.247729,0.967005,-0.0594276],[-0.253954,0.124008,0.959234]],[[0.934953,-0.222538,0.276295],[0.290303,0.927566,-0.235258],[-0.203928,0.300165,0.931834]],[[0.934953,-0.222538,0.276295],[0.311321,0.888098,-0.338172],[-0.170121,0.402192,0.899611]]],1],[1252,[0.276866,-0.372418,-0.885805],125,64.9785,[-20.1181,100.614,-72.6397],[-8.20378,118.91,-79.1639],[498.129,603.607,-317.183],false,[-79.2589,115.708,48.6698],[-38.9848,139.285,-0.315059],[-21.367,128.513,-42.2477],[-13.7322,118.243,-66.6745],[-9.86526,109.989,-82.4546],[[[0.777368,-0.477792,0.409163],[0.203346,0.806396,0.555315],[-0.595273,-0.348482,0.724024]],[[0.749553,-0.493114,0.441598],[0.544152,0.838884,0.0131221],[-0.37692,0.230461,0.897117]],[[0.749553,-0.493114,0.441598],[0.601262,0.786221,-0.142621],[-0.276866,0.372418,0.885805]],[[0.749553,-0.493114,0.441598],[0.627011,0.742767,-0.23485],[-0.212197,0.452919,0.865931]]],2],[1253,[0.245795,-0.462251,-0.852003],125,62.4785,[-17.5592,84.5153,-47.7373],[5.01898,97.5803,-55.8638],[629.746,372.828,-320.769],false,[-69.3922,111.025,53.4292],[-26.3455,128.649,14.3623],[-10.3351,113.77,-23.0481],[-3.73217,101.352,-45.9359],[-0.640911,91.8398,-61.0436],[[[0.66374,-0.583287,0.468216],[0.239286,0.75868,0.605927],[-0.708655,-0.29014,0.643138]],[[0.621918,-0.598997,0.504401],[0.690414,0.723373,0.00776662],[-0.369523,0.343415,0.863434]],[[0.621918,-0.598997,0.504401],[0.743507,0.653855,-0.140252],[-0.245795,0.462251,0.852003]],[[0.621918,-0.598997,0.504401],[0.76427,0.604628,-0.224312],[-0.170613,0.525002,0.833825]]],3],[1254,[0.384937,-0.404627,-0.829518],125,48.982,[2.05561,87.8942,-26.4548],[17.2294,91.5294,-23.7761],[626.978,147.08,-17.081],false,[-61.7759,99.9116,56.4245],[-16.6358,114.762,26.3633],[1.34786,103.963,-0.760374],[8.6489,96.2882,-16.4937],[13.6233,88.7341,-30.5503],[[[0.528537,-0.730232,0.432909],[0.276055,0.630088,0.725798],[-0.802771,-0.264105,0.534609]],[[0.346649,-0.769587,0.536255],[0.777665,0.555461,0.294448],[-0.524472,0.314957,0.791031]],[[0.346649,-0.769587,0.536255],[0.85537,0.493976,0.155979],[-0.384937,0.404627,0.829518]],[[0.346649,-0.769587,0.536255],[0.889534,0.451102,0.072365],[-0.297597,0.451932,0.840948]]],4]],[[0,200,0],[235.247,235.247,147.751]]],[46334,99626856262,[[125,"right",[0.609418,0.495178,-0.6192],[0.0421389,-0.800106,-0.598376],[-51.0734,122.227,14.9269],[53.0218,-48.5094,73.2052],[-55.5152,124.164,11.3968],0.277412,0.286459,0.18413,[[0.88788,-0.273195,0.37018],[0.075467,0.880192,0.468579],[-0.453843,-0.388106,0.802122]],61.7915,[-196.139,-4.47099,263.636],[-77.31,97.1461,53.6171]]],[[1250,[0.346038,0.0334055,-0.937626],125,50.5391,[-56.6001,94.982,-48.3599],[-64.3928,98.549,-55.4747],[-184.191,41.4752,-109.431],false,[-100.778,96.4831,35.3483],[-100.778,96.4831,35.3483],[-80.277,95.8241,-8.49774],[-68.8357,96.9286,-39.4991],[-63.6567,99.2192,-61.4765],[[[0.399816,0.676023,0.618983],[-0.893858,0.437047,0.100044],[-0.202893,-0.593282,0.779007]],[[0.448349,0.871985,0.196534],[-0.787153,0.489343,-0.37541],[-0.423525,0.0136129,0.905782]],[[0.448349,0.871985,0.196534],[-0.824161,0.488392,-0.286763],[-0.346038,-0.0334055,0.937626]],[[0.448349,0.871985,0.196534],[-0.864239,0.479016,-0.153735],[-0.228197,-0.100925,0.96837]]],0],[1251,[0.226897,-0.221617,-0.948369],125,57.0277,[-41.5228,119.027,-78.5429],[-37.5535,136.679,-85.675],[216.641,630.803,-338.405],false,[-89.0615,114.145,44.2461],[-55.6081,144.128,-11.1765],[-44.9383,140.398,-51.276],[-39.6201,135.203,-73.5048],[-36.1919,130.223,-88.9307],[[[0.882811,-0.250621,0.397282],[0.027726,0.872099,0.488543],[-0.468909,-0.420276,0.776848]],[[0.946194,-0.180528,0.268563],[0.197806,0.979485,-0.0384921],[-0.256104,0.0895442,0.962493]],[[0.946194,-0.180528,0.268563],[0.230726,0.958277,-0.168731],[-0.226897,0.221617,0.948369]],[[0.946194,-0.180528,0.268563],[0.248805,0.936514,-0.247058],[-0.206912,0.300584,0.931041]]],1],[1252,[0.332201,-0.280465,-0.900545],125,64.9785,[-14.2508,108.362,-75.2994],[-5.62139,123.147,-78.6425],[482.981,631.548,-226.416],false,[-78.32,112.864,49.3016],[-38.7216,138.627,0.869671],[-20.1352,130.63,-41.2656],[-10.9745,122.896,-66.0989],[-5.69785,116.608,-82.3685],[[[0.793595,-0.450073,0.40944],[0.166275,0.807735,0.565612],[-0.585286,-0.380787,0.71585]],[[0.776373,-0.460875,0.42993],[0.489006,0.870821,0.0504475],[-0.397641,0.171072,0.901452]],[[0.776373,-0.460875,0.42993],[0.535619,0.841982,-0.0646421],[-0.332201,0.280465,0.900545]],[[0.776373,-0.460875,0.42993],[0.559824,0.81763,-0.134455],[-0.289556,0.345072,0.892795]]],2],[1253,[0.334122,-0.39478,-0.855869],125,62.4785,[-9.14536,89.6108,-50.932],[9.452,100.89,-54.8592],[664.991,405.743,-199.592],false,[-68.3012,108.537,54.0797],[-25.7545,128.354,15.5192],[-7.63874,115.157,-21.5608],[1.33698,104.552,-44.5525],[6.45886,96.4941,-59.9513],[[[0.684008,-0.560805,0.46651],[0.203807,0.760965,0.615951],[-0.700425,-0.326238,0.634802]],[[0.627378,-0.58451,0.514534],[0.656947,0.75205,0.053305],[-0.418113,0.304579,0.855812]],[[0.627378,-0.58451,0.514534],[0.703391,0.70887,-0.0523784],[-0.334122,0.39478,0.855869]],[[0.627378,-0.58451,0.514534],[0.725593,0.678653,-0.113775],[-0.282687,0.444722,0.849888]]],3],[1254,[0.480287,-0.357129,-0.801114],125,48.982,[11.1953,90.7093,-25.3633],[21.6962,93.7274,-21.7802],[652.54,186.655,75.1304],false,[-60.2546,97.7123,57.007],[-15.5626,114.742,27.4359],[4.285,104.921,1.25683],[13.3945,98.147,-13.9378],[20.3782,91.5184,-27.601],[[[0.555204,-0.712767,0.428617],[0.245027,0.632643,0.734659],[-0.794802,-0.302863,0.525893]],[[0.340809,-0.765602,0.545621],[0.740812,0.576025,0.345533],[-0.578832,0.286442,0.763481]],[[0.340809,-0.765602,0.545621],[0.808192,0.535082,0.245996],[-0.480287,0.357129,0.801114]],[[0.340809,-0.765602,0.545621],[0.842191,0.506549,0.184723],[-0.417808,0.396562,0.81742]]],4]],[[0,200,0],[235.247,235.247,147.751]]],[46335,99626864916,[[125,"right",[0.598947,0.504505,-0.621882],[0.0634183,-0.804031,-0.591195],[-49.6676,121.405,15.5754],[82.0805,-60.8628,73.6641],[-55.4305,124.124,11.4573],0.228852,0.271569,0.213042,[[0.885474,-0.255452,0.388175],[0.0554359,0.887449,0.457561],[-0.46137,-0.383639,0.799974]],61.7915,[-196.196,-4.41916,263.87],[-75.3967,96.0285,54.4136]]],[[1250,[0.305874,0.0509018,-0.95071],125,50.5391,[-57.0079,95.1221,-48.7071],[-65.8737,98.1547,-55.7486],[-179.941,18.944,-86.5482],false,[-98.7885,94.6324,36.0879],[-98.7885,94.6324,36.0879],[-78.9321,94.2743,-8.05747],[-68.8188,95.9573,-39.4915],[-65.552,99.0219,-61.7403],[[[0.381374,0.690976,0.61409],[-0.904555,0.415917,0.0937738],[-0.190615,-0.591241,0.783646]],[[0.426311,0.885547,0.184571],[-0.806224,0.464491,-0.366403],[-0.410198,0.00739632,0.911966]],[[0.426311,0.885547,0.184571],[-0.851293,0.461753,-0.249165],[-0.305874,-0.0509018,0.95071]],[[0.426311,0.885547,0.184571],[-0.893051,0.444492,-0.0698989],[-0.143939,-0.135032,0.98033]]],0],[1251,[0.235383,-0.187553,-0.953635],125,57.0277,[-39.3989,123.733,-80.9837],[-36.209,135.446,-85.3166],[198.622,481.001,-244.244],false,[-87.5325,112.652,44.8616],[-54.6597,142.96,-10.732],[-44.0409,139.559,-50.8743],[-38.5238,135.163,-73.2264],[-34.8471,130.985,-88.8323],[[[0.887505,-0.225481,0.401861],[0.00498774,0.876749,0.480923],[-0.46077,-0.424817,0.779244]],[[0.952488,-0.150627,0.264724],[0.166742,0.985215,-0.0393587],[-0.254881,0.0816291,0.963521]],[[0.952488,-0.150627,0.264724],[0.193293,0.970636,-0.143187],[-0.235383,0.187553,0.953635]],[[0.952488,-0.150627,0.264724],[0.208626,0.955893,-0.206746],[-0.221906,0.252151,0.941901]]],1],[1252,[0.353891,-0.232523,-0.905922],125,64.9785,[-9.68974,114.256,-76.8432],[-4.10759,123.909,-78.4265],[422.477,545.007,-163.354],false,[-76.7776,111.679,49.9572],[-37.6791,137.978,1.40784],[-19.0107,131.098,-40.888],[-9.25187,124.686,-65.8695],[-3.34473,119.509,-82.3129],[[[0.803153,-0.426941,0.415532],[0.144842,0.816467,0.55893],[-0.577898,-0.38872,0.717587]],[[0.797778,-0.430516,0.422146],[0.451701,0.890502,0.054526],[-0.399396,0.147184,0.904886]],[[0.797778,-0.430516,0.422146],[0.488172,0.872118,-0.0331456],[-0.353891,0.232523,0.905922]],[[0.797778,-0.430516,0.422146],[0.508405,0.856702,-0.0871035],[-0.324154,0.28411,0.902333]]],2],[1253,[0.399162,-0.350393,-0.847287],125,62.4785,[-0.770354,94.375,-52.5711],[13.8616,102.931,-53.6025],[669.302,384.636,-100.543],false,[-66.6702,107.639,54.8004],[-24.5077,128.153,16.1823],[-4.59333,116.036,-20.3397],[6.1296,106.624,-43.1008],[12.6835,99.5421,-58.4364],[[[0.696137,-0.539817,0.473277],[0.183358,0.77107,0.60978],[-0.694099,-0.337711,0.63575]],[[0.627624,-0.569241,0.531086],[0.628356,0.773145,0.0861157],[-0.459627,0.279662,0.842931]],[[0.627624,-0.569241,0.531086],[0.668399,0.743767,0.00730441],[-0.399162,0.350393,0.847287]],[[0.627624,-0.569241,0.531086],[0.689378,0.72333,-0.0393927],[-0.361726,0.390843,0.846402]]],3],[1254,[0.543819,-0.335038,-0.769422],125,48.982,[18.4851,92.7719,-23.2523],[25.4223,94.6902,-19.8873],[635.562,175.484,140.009],false,[-58.3701,97.0412,57.8446],[-14.0213,114.9,28.2458],[7.16467,105.391,3.01737],[17.4792,99.0366,-11.5762],[25.7735,92.8777,-24.7164],[[[0.571195,-0.695208,0.436374],[0.227353,0.644836,0.729724],[-0.7887,-0.317603,0.526385]],[[0.332626,-0.755701,0.564159],[0.712463,0.593306,0.374679],[-0.617864,0.277315,0.735758]],[[0.332626,-0.755701,0.564159],[0.770468,0.56273,0.299522],[-0.543819,0.335038,0.769422]],[[0.332626,-0.755701,0.564159],[0.801954,0.541432,0.252429],[-0.496215,0.368465,0.786132]]],4]],[[0,200,0],[235.247,235.247,147.751]]],[46336,99626873738,[[125,"right",[0.59039,0.517688,-0.619225],[0.0848614,-0.802767,-0.590224],[-47.9927,119.541,15.4585],[111.175,-101.474,50.2017],[-55.2727,124.027,11.5422],0.198073,0.26309,0.242783,[[0.882301,-0.242943,0.403143],[0.0437609,0.89513,0.443652],[-0.468648,-0.373792,0.800405]],61.7915,[-196.036,-4.26197,263.754],[-73.3312,93.6074,54.1854]]],[[1250,[0.269755,0.0768251,-0.959859],125,50.5391,[-57.5026,95.2464,-49.1397],[-66.4879,97.3649,-56.7255],[-156.621,-6.15448,-91.7752],false,[-96.5909,91.6626,35.7419],[-96.5909,91.6626,35.7419],[-77.292,92.1295,-8.64903],[-68.3729,94.6697,-40.3855],[-66.7572,98.5584,-62.6867],[[[0.362284,0.699959,0.615474],[-0.914323,0.395123,0.0888332],[-0.181008,-0.594924,0.783135]],[[0.404938,0.895337,0.185463],[-0.822848,0.445284,-0.353049],[-0.398682,-0.00964516,0.917039]],[[0.404938,0.895337,0.185463],[-0.873646,0.438713,-0.210413],[-0.269755,-0.0768251,0.959859]],[[0.404938,0.895337,0.185463],[-0.911569,0.411109,0.00564402],[-0.0711923,-0.171348,0.982635]]],0],[1251,[0.243356,-0.163498,-0.956057],125,57.0277,[-37.2807,126.686,-82.7435],[-34.3764,133.917,-85.5005],[199.007,333.229,-187.057],false,[-85.7961,109.942,44.5585],[-53.3433,140.958,-10.8911],[-42.6083,138.01,-51.0383],[-36.9043,134.177,-73.4473],[-33.0388,130.519,-89.1377],[[[0.890377,-0.204792,0.406556],[-0.0175783,0.876959,0.480243],[-0.454883,-0.434744,0.777225]],[[0.956029,-0.12589,0.264878],[0.140056,0.989517,-0.0352139],[-0.257668,0.0707633,0.963639]],[[0.956029,-0.12589,0.264878],[0.163665,0.978478,-0.125673],[-0.243356,0.163498,0.956058]],[[0.956029,-0.12589,0.264878],[0.177703,0.967161,-0.181718],[-0.233303,0.220798,0.947005]]],1],[1252,[0.370596,-0.188166,-0.909534],125,64.9785,[-5.87315,118.46,-77.9069],[-2.08499,124.026,-78.6448],[380.577,448.221,-130.245],false,[-75.048,109.219,49.7096],[-36.3152,136.375,1.33904],[-17.4636,130.763,-41.0626],[-7.2441,125.574,-66.1437],[-0.882284,121.381,-82.6975],[[[0.810598,-0.408124,0.419958],[0.123221,0.819954,0.55901],[-0.572492,-0.401385,0.714943]],[[0.814051,-0.405686,0.41562],[0.41792,0.906092,0.0658794],[-0.403316,0.120066,0.907149]],[[0.814051,-0.405686,0.41562],[0.447191,0.894434,-0.00283172],[-0.370596,0.188166,0.909534]],[[0.814051,-0.405686,0.41562],[0.464163,0.88457,-0.045702],[-0.349104,0.230119,0.90839]]],2],[1253,[0.450228,-0.307381,-0.838339],125,62.4785,[7.27276,98.4333,-53.273],[18.0084,104.098,-53.0851],[651.806,339.638,-47.9954],false,[-64.8754,105.416,54.6074],[-22.9977,126.865,16.1882],[-1.4535,116.129,-19.8374],[10.6412,107.872,-42.3582],[18.2617,101.666,-57.58],[[[0.705906,-0.523386,0.477247],[0.162507,0.775487,0.610091],[-0.689412,-0.353111,0.632475]],[[0.628273,-0.558091,0.54204],[0.598351,0.791918,0.121827],[-0.497242,0.247789,0.831475]],[[0.628273,-0.558091,0.54204],[0.634482,0.770747,0.0581485],[-0.450228,0.307381,0.838339]],[[0.628273,-0.558091,0.54204],[0.654507,0.755803,0.0195526],[-0.420588,0.342484,0.840125]]],3],[1254,[0.599362,-0.305817,-0.739758],125,48.982,[24.7735,94.0798,-21.1337],[29.3398,95.0238,-18.7076],[616.108,147.412,161.257],false,[-56.3501,95.0