{"metadata":{"formatVersion":2,"generatedBy":"LeapJS Playback 0.2.1","frames":451,"protocolVersion":6,"serviceVersion":"2.2.3+25971","frameRate":"1.1e+2","modified":"Sun Mar 08 2015 17:23:51 GMT-0300 (E. South America Standard Time)"},"frames":[["id","timestamp",{"hands":[["id","type","direction","palmNormal","palmPosition","palmVelocity","stabilizedPalmPosition","pinchStrength","grabStrength","confidence","armBasis","armWidth","elbow","wrist"]]},{"pointables":[["id","direction","handId","length","stabilizedTipPosition","tipPosition","tipVelocity","tool","carpPosition","mcpPosition","pipPosition","dipPosition","btipPosition","bases","type"]]},{"interactionBox":["center","size"]}],[41931,99567463454,[[112,"right",[-0.294198,0.39741,-0.869202],[-0.316164,-0.898715,-0.303893],[120.581,129.011,101.811],[1.19209e-7,1.19209e-7,1.19209e-7],[120.581,129.011,101.811],0,0.065072,0,[[0.926872,-0.211675,-0.310004],[0.285817,0.93333,0.217265],[0.243347,-0.289981,0.925577]],60.7581,[206.237,36.2475,383.272],[143.588,110.903,144.982]]],[[1120,[-0.750886,0.261899,-0.606283],112,49.6939,[43.6229,130.952,96.4612],[43.6229,130.952,96.4612],[1.19209e-7,1.19209e-7,1.19209e-7],false,[116.774,105.391,155.292],[116.774,105.391,155.292],[80.9272,117.946,126.606],[56.5153,126.46,106.895],[39.7719,132.294,93.3445],[[[0.588315,0.806776,-0.0547536],[-0.469665,0.396037,0.789031],[0.658256,-0.438483,0.611908]],[[0.446865,0.877434,-0.174416],[-0.482805,0.400674,0.778691],[0.753134,-0.263761,0.602677]],[[0.446865,0.877434,-0.174416],[-0.486294,0.401893,0.775887],[0.750886,-0.261899,0.606283]],[[0.446865,0.877434,-0.174416],[-0.487207,0.402211,0.775149],[0.750294,-0.26141,0.607226]]],0],[1121,[-0.438675,-0.437598,-0.784903],112,56.074,[60.7839,127.336,28.6488],[60.7839,127.336,28.6488],[1.19209e-7,1.19209e-7,1.19209e-7],false,[126.604,124.776,149.089],[92.688,144.762,91.0266],[75.7276,146.607,53.7827],[65.6175,136.521,35.6931],[59.3401,124.592,26.5447],[[[0.839735,-0.116048,-0.53045],[0.24718,0.951505,0.183138],[0.483474,-0.284904,0.827697]],[[0.896505,-0.152857,-0.415828],[0.157694,0.987222,-0.0229194],[0.414018,-0.0450261,0.909155]],[[0.896505,-0.152857,-0.415828],[-0.0619872,0.886083,-0.459363],[0.438675,0.437597,0.784903]],[[0.896505,-0.152857,-0.415828],[-0.218653,0.663659,-0.715366],[0.385316,0.732251,0.561551]]],1],[1122,[-0.419976,-0.344599,-0.839566],112,63.8918,[81.2095,128.643,8.10669],[81.2095,128.643,8.10669],[1.19209e-7,1.19209e-7,1.19209e-7],false,[136.486,125.133,142.761],[112.249,142.762,83.3694],[98.9424,146.635,39.5488],[87.5549,137.291,16.7843],[79.3142,126.059,5.51468],[[[0.842809,-0.313969,-0.437145],[0.396143,0.911702,0.10895],[0.364339,-0.264996,0.892768]],[[0.887406,-0.349691,-0.300377],[0.358729,0.933067,-0.0264543],[0.289523,-0.0842784,0.953454]],[[0.887406,-0.349691,-0.300377],[0.190079,0.871188,-0.452661],[0.419976,0.344599,0.839566]],[[0.887406,-0.349691,-0.300377],[0.0316445,0.696266,-0.717086],[0.459901,0.626842,0.628936]]],2],[1123,[-0.2983,-0.281195,-0.912111],112,61.4337,[114.589,125.98,4.39317],[114.589,125.98,4.39317],[1.19209e-7,1.19209e-7,1.19209e-7],false,[146.366,122.463,137.06],[132.854,136.454,80.5877],[128.025,140.959,38.4999],[120.146,133.531,14.4071],[112.929,123.724,1.402],[[[0.854962,-0.417372,-0.307963],[0.466758,0.878028,0.105843],[0.226224,-0.234236,0.945492]],[[0.880447,-0.450059,-0.149196],[0.460397,0.886715,0.0420975],[0.113348,-0.105754,0.987911]],[[0.880447,-0.450059,-0.149196],[0.368551,0.847571,-0.38183],[0.2983,0.281195,0.912111]],[[0.880447,-0.450059,-0.149196],[0.246409,0.703153,-0.666977],[0.405087,0.550475,0.729988]]],3],[1124,[-0.216806,-0.192842,-0.956978],112,48.1629,[147.009,126.933,22.5587],[147.009,126.933,22.5587],[1.19209e-7,1.19209e-7,1.19209e-7],false,[154.989,113.071,132.414],[150.456,126.246,78.9083],[157.508,138.162,48.1672],[153.465,134.565,30.3199],[145.081,124.653,20.2405],[[[0.786445,-0.580977,-0.209689],[0.612194,0.778256,0.139769],[0.0819895,-0.238291,0.967727]],[[0.789589,-0.611099,-0.0557404],[0.576886,0.708271,0.406884],[-0.209167,-0.353427,0.911778]],[[0.789589,-0.611099,-0.0557404],[0.574059,0.767705,-0.284756],[0.216806,0.192842,0.956978]],[[0.789589,-0.611099,-0.0557404],[0.341149,0.51266,-0.787907],[0.510065,0.603107,0.613266]]],4]],[[0,200,0],[235.247,235.247,147.751]]],[41932,99567472115,[[112,"right",[-0.288616,0.44112,-0.849773],[-0.330114,-0.878967,-0.344155],[116.838,127.703,102.083],[-432.245,-151.074,31.4779],[120.344,128.928,101.828],0,0.0650617,0.0447918,[[0.927912,-0.209283,-0.308512],[0.278642,0.939124,0.201008],[0.247664,-0.272482,0.92974]],60.7581,[203.352,37.1428,383.715],[139.591,107.293,144.353]]],[[1120,[-0.747986,0.303335,-0.590344],112,49.6939,[43.4079,130.971,96.4988],[39.8811,131.214,97.0534],[-434.517,39.5828,76.0088],false,[112.703,101.728,154.436],[112.703,101.728,154.436],[77.0094,116.237,126.49],[52.6918,126.098,107.298],[36.0266,132.847,94.0793],[[[0.600593,0.799337,-0.0186757],[-0.463029,0.366756,0.806904],[0.651837,-0.475974,0.590387]],[[0.461355,0.877053,-0.133899],[-0.474133,0.371289,0.798337],[0.749899,-0.304831,0.587137]],[[0.461355,0.877053,-0.133899],[-0.477147,0.372513,0.795968],[0.747986,-0.303335,0.590344]],[[0.461355,0.877053,-0.133899],[-0.479009,0.373267,0.794495],[0.746794,-0.302405,0.592325]]],0],[1121,[-0.446186,-0.390548,-0.805227],112,56.074,[60.4005,127.668,28.6784],[56.985,130.506,28.9653],[-438.159,379.84,33.869],false,[122.824,121.223,149.112],[89.1825,144.355,92.0663],[72.2602,148.377,54.977],[61.977,139.377,36.419],[55.4991,128.012,26.7088],[[[0.837518,-0.104556,-0.536313],[0.261871,0.938262,0.226026],[0.47957,-0.329746,0.813191]],[[0.893714,-0.147357,-0.423747],[0.175028,0.984196,0.0268943],[0.413087,-0.0982034,0.905381]],[[0.893714,-0.147357,-0.423747],[-0.0468377,0.908712,-0.414787],[0.446186,0.390548,0.805227]],[[0.893714,-0.147357,-0.423747],[-0.207775,0.701175,-0.682044],[0.397625,0.697596,0.596032]]],1],[1122,[-0.424032,-0.297645,-0.855339],112,63.8918,[80.8158,129.008,8.13354],[77.4417,132.158,8.42086],[-433.156,402.183,29.5437],false,[132.707,121.717,142.793],[108.705,142.406,84.2997],[95.4217,148.262,40.6928],[83.9242,140.191,17.5006],[75.5265,129.717,5.63303],[[[0.837613,-0.306553,-0.452139],[0.410159,0.899611,0.149901],[0.360796,-0.311007,0.879261]],[[0.882126,-0.349589,-0.31566],[0.371908,0.9282,0.0113443],[0.28903,-0.127404,0.948804]],[[0.882126,-0.349589,-0.31566],[0.205062,0.888367,-0.410797],[0.424032,0.297645,0.855339]],[[0.882126,-0.349589,-0.31566],[0.0470139,0.732176,-0.679491],[0.468661,0.584557,0.662307]]],2],[1123,[-0.303191,-0.234881,-0.923529],112,61.4337,[114.199,126.305,4.41799],[110.735,129.203,4.63822],[-445.023,371.323,28.3752],false,[142.541,119.159,136.963],[129.209,135.917,81.2056],[124.422,142.403,39.3725],[116.413,136.199,14.9781],[109.038,127.104,1.55062],[[[0.848259,-0.415918,-0.327825],[0.480247,0.865037,0.145167],[0.223203,-0.280576,0.933519]],[[0.873346,-0.456215,-0.170687],[0.473958,0.876751,0.0816826],[0.112385,-0.152236,0.981934]],[[0.873346,-0.456215,-0.170687],[0.381237,0.858311,-0.343453],[0.303191,0.234881,0.923529]],[[0.873346,-0.456215,-0.170687],[0.256715,0.728893,-0.634675],[0.413961,0.510473,0.753693]]],3],[1124,[-0.220378,-0.144774,-0.964611],112,48.1629,[146.716,127.076,22.5688],[143.142,128.832,22.7272],[-449.246,218.76,15.313],false,[151.016,109.858,131.881],[146.652,125.529,79.0388],[153.787,138.664,48.8181],[149.677,135.964,30.8285],[141.159,126.696,20.2608],[[[0.777302,-0.582769,-0.237026],[0.624156,0.761607,0.174311],[0.0789377,-0.283434,0.955738]],[[0.780107,-0.619817,-0.0852004],[0.58876,0.681208,0.435106],[-0.211647,-0.389592,0.896339]],[[0.780107,-0.619817,-0.0852004],[0.585548,0.771276,-0.249533],[0.220378,0.144774,0.964611]],[[0.780107,-0.619817,-0.0852004],[0.350483,0.545746,-0.761133],[0.518261,0.563904,0.642976]]],4]],[[0,200,0],[235.247,235.247,147.751]]],[41933,99567480756,[[112,"right",[-0.264091,0.517885,-0.813665],[-0.34275,-0.838942,-0.422727],[110.287,124.727,101.794],[-518.674,-202.35,14.263],[118.611,128.204,101.822],0,0.0624383,0.0748461,[[0.928822,-0.189246,-0.318551],[0.25358,0.951518,0.1741],[0.270159,-0.242486,0.93178]],60.7581,[201.402,37.8732,382.417],[131.85,100.301,142.531]]],[[1120,[-0.728686,0.392167,-0.561446],112,49.6939,[41.9231,131.252,96.6505],[33.6338,132.136,97.011],[-513.689,76.5094,67.7948],false,[104.675,94.5182,151.68],[104.675,94.5182,151.68],[69.7503,113.343,125.385],[46.0602,126.092,107.132],[29.7815,134.855,94.6341],[[[0.61781,0.78413,0.0587446],[-0.469208,0.307672,0.827757],[0.630995,-0.53896,0.558003]],[[0.497362,0.866612,-0.0401885],[-0.462855,0.30425,0.832584],[0.733755,-0.395494,0.552438]],[[0.497362,0.866612,-0.0401885],[-0.470795,0.308527,0.826537],[0.728686,-0.392167,0.561446]],[[0.497362,0.866612,-0.0401885],[-0.469578,0.307872,0.827473],[0.729471,-0.392682,0.560066]]],0],[1121,[-0.440448,-0.311304,-0.842078],112,56.074,[58.2909,129.504,28.5741],[51.7914,135.054,28.2578],[-481.557,418.279,3.7211],false,[115.304,114.158,148.191],[83.1754,142.793,92.7943],[66.9821,150.312,55.9242],[56.8312,143.138,36.5169],[50.2829,132.777,25.7841],[[[0.844402,-0.0779169,-0.530013],[0.277884,0.909559,0.309004],[0.458001,-0.408206,0.789685]],[[0.897543,-0.131202,-0.420955],[0.195351,0.974216,0.112877],[0.395291,-0.183546,0.900031]],[[0.897543,-0.131202,-0.420955],[-0.020562,0.94121,-0.337196],[0.440448,0.311304,0.842078]],[[0.897543,-0.131202,-0.420955],[-0.181267,0.760501,-0.623522],[0.401944,0.635943,0.6588]]],1],[1122,[-0.414128,-0.224602,-0.882073],112,63.8918,[78.7673,131.021,8.13871],[72.6565,137.357,8.23225],[-465.007,445.256,15.3079],false,[125.305,114.958,142.093],[102.786,141.064,85.1985],[90.3563,150.285,41.9228],[79.1274,144.195,18.0058],[70.7508,134.857,5.21135],[[[0.838689,-0.286259,-0.463311],[0.426628,0.874109,0.232213],[0.338511,-0.392415,0.855231]],[[0.880803,-0.343257,-0.326129],[0.388645,0.91756,0.0838957],[0.270445,-0.200644,0.941595]],[[0.880803,-0.343257,-0.326129],[0.229528,0.911991,-0.339983],[0.414128,0.224602,0.882073]],[[0.880803,-0.343257,-0.326129],[0.0751295,0.781383,-0.619513],[0.467483,0.521167,0.714034]]],2],[1123,[-0.292217,-0.150879,-0.944375],112,61.4337,[112.141,128.305,4.49492],[105.897,134.478,4.73691],[-476.192,432.533,23.6214],false,[135.183,112.679,136.222],[123.198,134.393,81.8872],[119.233,144.362,40.6573],[111.515,140.376,15.7122],[104.188,132.613,1.44862],[[[0.844799,-0.40596,-0.348584],[0.496032,0.838468,0.225662],[0.200667,-0.363548,0.909706]],[[0.866278,-0.460126,-0.194539],[0.49082,0.856465,0.159888],[0.0930471,-0.233991,0.967776]],[[0.866278,-0.460126,-0.194539],[0.40518,0.87494,-0.26516],[0.292217,0.150879,0.944375]],[[0.866278,-0.460126,-0.194539],[0.283621,0.77357,-0.5667],[0.411243,0.435745,0.800628]]],3],[1124,[-0.206152,-0.0570781,-0.976854],112,48.1629,[145.108,127.97,22.6729],[137.984,131.957,23.2001],[-488.705,256.673,24.9113],false,[143.545,103.65,130.503],[140.449,123.829,79.1205],[148.345,139.261,50.2023],[144.501,138.196,31.9843],[135.995,130.088,20.4935],[[[0.768697,-0.57823,-0.273415],[0.637157,0.729685,0.248175],[0.0560044,-0.36498,0.929329]],[[0.768042,-0.628003,-0.12539],[0.596033,0.629387,0.498614],[-0.234212,-0.457693,0.857707]],[[0.768042,-0.628003,-0.12539],[0.606311,0.776115,-0.173303],[0.206152,0.0570781,0.976854]],[[0.768042,-0.628003,-0.12539],[0.377206,0.601864,-0.7039],[0.517519,0.493327,0.699144]]],4]],[[0,200,0],[235.247,235.247,147.751]]],[41934,99567489629,[[112,"right",[-0.259735,0.545914,-0.796565],[-0.339257,-0.82388,-0.454012],[103.782,125.059,101.822],[-576.843,-137.315,11.2454],[113.796,127.183,101.822],0,0.0569509,0.121103,[[0.927219,-0.16956,-0.333938],[0.235971,0.956893,0.169331],[0.290832,-0.235806,0.927261]],60.7581,[200,38.5278,380.529],[125.125,99.2361,141.806]]],[[1120,[-0.723952,0.434486,-0.535832],112,49.6939,[37.5116,132.556,97.4503],[27.1759,134.653,98.5505],[-574.515,142.26,106.001],false,[97.902,93.1109,150.581],[97.902,93.1109,150.581],[63.1031,113.991,125.71],[39.5669,128.116,108.289],[23.2179,137.925,96.6926],[[[0.616575,0.782134,0.0900099],[-0.474549,0.277984,0.835182],[0.628203,-0.557667,0.542558]],[[0.5119,0.859031,0.00493867],[-0.451041,0.263875,0.852603],[0.731109,-0.438675,0.522536]],[[0.5119,0.859031,0.00493867],[-0.462442,0.270717,0.84431],[0.723952,-0.434486,0.535832]],[[0.5119,0.859031,0.00493867],[-0.44858,0.262399,0.854355],[0.732622,-0.43956,0.519666]]],0],[1121,[-0.436377,-0.281462,-0.854607],112,56.074,[52.717,133.221,28.4798],[45.6369,137.893,28.3534],[-540.703,391.037,5.96382],false,[108.53,112.87,147.848],[76.7057,143.406,93.2974],[60.6379,152.129,56.6383],[50.5807,145.642,36.9422],[44.0885,135.692,25.7952],[[[0.84768,-0.0584949,-0.527273],[0.275003,0.89839,0.342447],[0.453666,-0.435287,0.777633]],[[0.899527,-0.114665,-0.421549],[0.192377,0.970313,0.146572],[0.392228,-0.212942,0.894881]],[[0.899527,-0.114665,-0.421549],[-0.0206566,0.952697,-0.30322],[0.436377,0.281463,0.854607]],[[0.899527,-0.114665,-0.421549],[-0.179007,0.783471,-0.595088],[0.398508,0.610758,0.684227]]],1],[1122,[-0.407364,-0.200293,-0.891031],112,63.8918,[73.4436,135.008,8.25434],[66.7453,140.506,8.50142],[-518.916,415.805,18.6404],false,[118.567,113.894,141.843],[96.3637,141.962,85.765],[84.1958,152.322,42.673],[73.1502,146.891,18.513],[64.8878,137.931,5.37778],[[[0.841794,-0.269057,-0.467966],[0.424247,0.865792,0.265364],[0.333763,-0.421915,0.842965]],[[0.883841,-0.332125,-0.32942],[0.385657,0.915904,0.111302],[0.264751,-0.225416,0.9376]],[[0.883841,-0.332125,-0.32942],[0.229953,0.921724,-0.312323],[0.407364,0.200293,0.891031]],[[0.883841,-0.332125,-0.32942],[0.0787532,0.799803,-0.595074],[0.46111,0.500008,0.733055]]],2],[1123,[-0.28652,-0.120081,-0.950519],112,61.4337,[106.671,132.568,4.75566],[99.9201,138.036,5.11185],[-530.518,421.231,27.9313],false,[128.483,111.831,135.957],[116.802,135.43,82.3459],[112.997,146.624,41.4167],[105.428,143.452,16.3094],[98.2113,136.199,1.72552],[[[0.847342,-0.392709,-0.35748],[0.493729,0.830466,0.257989],[0.19556,-0.395103,0.89758]],[[0.867995,-0.452519,-0.204477],[0.488472,0.852162,0.187659],[0.0893281,-0.262768,0.960715]],[[0.867995,-0.452519,-0.204477],[0.405575,0.883633,-0.233885],[0.28652,0.120081,0.950519]],[[0.867995,-0.452519,-0.204477],[0.28718,0.793379,-0.536729],[0.405108,0.407157,0.818603]]],3],[1124,[-0.199482,-0.0228404,-0.979635],112,48.1629,[140.558,130.396,22.9639],[131.93,135.037,23.626],[-541.439,280.678,29.8257],false,[136.889,103.015,129.975],[134.081,124.985,79.3148],[142.072,141.338,50.9337],[138.352,140.912,32.6638],[129.96,133.254,20.7863],[[[0.770976,-0.567581,-0.288873],[0.634836,0.721085,0.277526],[0.0507832,-0.397352,0.91626]],[[0.769442,-0.622695,-0.142162],[0.593122,0.614008,0.520768],[-0.236991,-0.48502,0.841778]],[[0.769442,-0.622695,-0.142162],[0.606767,0.782131,-0.141791],[0.199482,0.0228404,0.979635]],[[0.769442,-0.622695,-0.142162],[0.383769,0.628636,-0.676415],[0.510568,0.465905,0.72267]]],4]],[[0,200,0],[235.247,235.247,147.751]]],[41935,99567498164,[[112,"right",[-0.25378,0.581092,-0.773258],[-0.338317,-0.802261,-0.491853],[96.9934,124.679,100.621],[-634.203,-112.945,-28.6515],[105.548,125.954,101.232],0,0.0496975,0.148819,[[0.924949,-0.149476,-0.349466],[0.216386,0.96297,0.160831],[0.312485,-0.22438,0.923042]],60.7581,[198.49,39.3025,377.19],[118.041,97.0692,139.553]]],[[1120,[-0.71964,0.485612,-0.496286],112,49.6939,[29.4727,135.152,98.9814],[20.4575,137.161,99.8593],[-633.478,181.517,121.099],false,[90.7523,90.6296,147.889],[90.7523,90.6296,147.889],[56.1574,113.911,124.941],[32.7613,129.699,108.806],[16.3923,140.687,98.3509],[[[0.617718,0.775912,0.128003],[-0.478936,0.242085,0.84381],[0.623735,-0.582542,0.521153]],[[0.530408,0.845727,0.0584177],[-0.436338,0.213275,0.874141],[0.726826,-0.489142,0.482146]],[[0.530408,0.845727,0.0584177],[-0.448091,0.221195,0.866191],[0.71964,-0.485612,0.496286]],[[0.530408,0.845727,0.0584177],[-0.424989,0.205647,0.881529],[0.73352,-0.492397,0.468501]]],0],[1121,[-0.436055,-0.245382,-0.86582],112,56.074,[45.9005,136.869,28.0408],[39.0528,140.676,27.5365],[-605.908,370.297,-19.3545],false,[101.44,110.464,146.092],[70.0082,143.449,92.7533],[53.8937,153.554,56.4712],[43.844,147.899,36.5168],[37.3535,138.476,24.9191],[[[0.850692,-0.0372753,-0.524341],[0.274893,0.881768,0.383301],[0.44806,-0.470209,0.760359]],[[0.899649,-0.0952431,-0.4261],[0.189455,0.964411,0.18444],[0.393369,-0.246658,0.885675]],[[0.899649,-0.0952431,-0.4261],[-0.0220938,0.964736,-0.262289],[0.436055,0.245382,0.86582]],[[0.899649,-0.0952431,-0.4261],[-0.178633,0.810208,-0.558259],[0.3984,0.578352,0.711889]]],1],[1122,[-0.400363,-0.164485,-0.901473],112,63.8918,[67.1767,139.061,7.92642],[60.6175,143.899,7.75665],[-570.195,407.021,-11.2145],false,[111.515,111.727,140.197],[89.7078,142.291,85.2804],[77.8338,154.147,42.4931],[66.9782,149.687,18.05],[58.8138,141.334,4.46179],[[[0.843995,-0.25023,-0.474403],[0.424525,0.852234,0.305738],[0.327798,-0.459437,0.82551]],[[0.88586,-0.321156,-0.33483],[0.385363,0.911213,0.145557],[0.258355,-0.257974,0.930968]],[[0.88586,-0.321156,-0.33483],[0.234439,0.932633,-0.274289],[0.400363,0.164485,0.901473]],[[0.88586,-0.321156,-0.33483],[0.0874531,0.82434,-0.559299],[0.455636,0.466179,0.758336]]],2],[1123,[-0.281255,-0.0811379,-0.956197],112,61.4337,[100.25,136.875,4.59387],[93.6752,141.634,4.50009],[-584.164,417.361,0.505251],false,[121.461,109.901,134.284],[110.152,135.866,81.6971],[106.514,148.55,41.1892],[99.0847,146.407,15.9319],[91.96,139.822,0.989545],[[[0.848614,-0.37864,-0.36944],[0.493973,0.817098,0.297222],[0.189329,-0.43472,0.880439]],[[0.868297,-0.445782,-0.217573],[0.488637,0.844182,0.220435],[0.0854054,-0.297717,0.950826]],[[0.868297,-0.445782,-0.217573],[0.408602,0.891457,-0.19583],[0.281255,0.0811379,0.956197]],[[0.868297,-0.445782,-0.217573],[0.293475,0.815276,-0.499196],[0.399915,0.369598,0.838728]]],3],[1124,[-0.192328,0.0204889,-0.981117],112,48.1629,[133.206,134.092,22.9034],[125.629,137.967,23.0053],[-593.054,296.367,1.16673],false,[129.884,101.337,127.969],[127.427,125.523,78.3106],[135.558,142.964,50.6259],[131.971,143.346,32.3284],[123.684,136.301,20.0067],[[[0.771461,-0.556178,-0.309053],[0.634723,0.706621,0.312752],[0.0444378,-0.437439,0.898149]],[[0.768822,-0.618176,-0.163622],[0.592239,0.591836,0.546793],[-0.241177,-0.51729,0.821124]],[[0.768822,-0.618176,-0.163622],[0.609855,0.785773,-0.103141],[0.192328,-0.0204889,0.981117]],[[0.768822,-0.618176,-0.163622],[0.393305,0.658878,-0.641242],[0.504207,0.428647,0.749691]]],4]],[[0,200,0],[235.247,235.247,147.751]]],[41936,99567507104,[[112,"right",[-0.258088,0.589963,-0.765071],[-0.331699,-0.797873,-0.503362],[90.4504,125.633,99.9798],[-660.872,-52.9656,-40.4019],[97.2327,125.777,100.542],0,0.0410755,0.195117,[[0.92101,-0.132665,-0.366252],[0.203522,0.965568,0.162043],[0.332144,-0.223783,0.916298]],60.7581,[197.211,40.0295,374.428],[111.701,97.6425,138.528]]],[[1120,[-0.725317,0.504916,-0.467947],112,49.6939,[20.909,137.858,100.933],[13.5717,139.19,101.537],[-672.724,197.034,147.022],false,[84.4616,90.8679,146.757],[84.4616,90.8679,146.757],[49.6639,115.022,125.05],[26.0833,131.437,109.837],[9.36319,142.935,100.551],[[[0.611453,0.778919,0.139323],[-0.481203,0.226261,0.846906],[0.628148,-0.584885,0.513166]],[[0.534695,0.841341,0.0790335],[-0.42381,0.186073,0.886432],[0.731086,-0.507466,0.456061]],[[0.534695,0.841341,0.0790335],[-0.433608,0.192885,0.880215],[0.725317,-0.504916,0.467947]],[[0.534695,0.841341,0.0790335],[-0.390799,0.163267,0.905881],[0.749251,-0.515256,0.416093]]],0],[1121,[-0.439389,-0.236936,-0.866486],112,56.074,[38.0443,139.677,27.6288],[32.0474,142.059,27.2053],[-659.786,309.32,-22.9977],false,[94.991,110.811,145.248],[63.3195,144.298,92.3652],[46.7825,154.533,56.3105],[36.656,149.072,36.3407],[30.1746,139.832,24.592],[[[0.85118,-0.023047,-0.524368],[0.267688,0.878404,0.395916],[0.451482,-0.477363,0.753849]],[[0.897607,-0.0779971,-0.433842],[0.177039,0.96514,0.192774],[0.403682,-0.249842,0.880125]],[[0.897607,-0.0779971,-0.433842],[-0.0352093,0.968389,-0.246946],[0.439389,0.236936,0.866486]],[[0.897607,-0.0779971,-0.433842],[-0.189805,0.819914,-0.540107],[0.39784,0.567149,0.721156]]],1],[1122,[-0.395938,-0.154162,-0.905244],112,63.8918,[60.0197,142.399,7.43189],[54.0761,145.745,7.2601],[-612.548,352.537,-25.158],false,[105.058,112.237,139.376],[83.0309,143.402,84.887],[71.1435,155.559,42.1878],[60.4078,151.379,17.6425],[52.3552,143.238,3.86039],[[[0.846162,-0.236735,-0.477458],[0.417583,0.851168,0.318021],[0.331111,-0.468475,0.819083]],[[0.88915,-0.310682,-0.33599],[0.377511,0.912969,0.154831],[0.258645,-0.264508,0.929052]],[[0.88915,-0.310682,-0.33599],[0.229446,0.937929,-0.260084],[0.395938,0.154162,0.905244]],[[0.88915,-0.310682,-0.33599],[0.0863035,0.834889,-0.543611],[0.449404,0.454355,0.769154]]],2],[1123,[-0.279428,-0.071292,-0.957516],112,61.4337,[92.9056,140.46,4.22419],[87.0171,143.737,4.03851],[-628.011,365.542,-14.975],false,[115.021,110.575,133.443],[103.528,137.192,81.2237],[99.7353,150.169,40.8229],[92.3544,148.286,15.5307],[85.3234,141.903,0.456963],[[[0.851762,-0.366581,-0.374326],[0.487313,0.816712,0.309044],[0.192426,-0.445646,0.874284]],[[0.871991,-0.436297,-0.221985],[0.481362,0.846681,0.226764],[0.0890138,-0.304591,0.948315]],[[0.871991,-0.436297,-0.221985],[0.401936,0.896974,-0.18408],[0.279428,0.071292,0.957516]],[[0.871991,-0.436297,-0.221985],[0.289621,0.825401,-0.484596],[0.394654,0.358272,0.846103]]],3],[1124,[-0.188039,0.0324109,-0.981627],112,48.1629,[125.303,137.293,22.2874],[118.947,140.034,22.1794],[-636.215,275.781,-31.3504],false,[123.515,102.169,127.012],[120.885,127.037,77.7],[128.57,144.435,49.8616],[125.064,145.039,31.5546],[117.027,138.361,18.8687],[[[0.776003,-0.545568,-0.316504],[0.628934,0.707151,0.323079],[0.0475543,-0.449771,0.891877]],[[0.773499,-0.611031,-0.168345],[0.59139,0.600293,0.53843],[-0.227941,-0.516033,0.825683]],[[0.773499,-0.611031,-0.168345],[0.60526,0.790943,-0.0898278],[0.188039,-0.0324109,0.981627]],[[0.773499,-0.611031,-0.168345],[0.40322,0.67935,-0.613105],[0.488991,0.406356,0.771856]]],4]],[[0,200,0],[235.247,235.247,147.751]]],[41937,99567515841,[[112,"right",[-0.255875,0.601824,-0.756529],[-0.329594,-0.790002,-0.516976],[83.9623,125.896,99.0434],[-682.753,-30.7409,-58.2815],[89.5125,125.846,99.6703],0,0.0329418,0.237826,[[0.915276,-0.121028,-0.384217],[0.194399,0.96809,0.158146],[0.352817,-0.219439,0.909597]],60.7581,[195.933,40.8166,371.391],[105.1,97.3112,137.216]]],[[1120,[-0.727262,0.524567,-0.442628],112,49.6939,[12.8594,139.985,102.55],[6.7767,140.511,102.371],[-702.843,187.628,143.555],false,[77.8377,90.3942,145.247],[77.8377,90.3942,145.247],[43.0604,115.426,124.524],[19.4165,132.48,110.133],[2.44492,144.461,101.984],[[[0.610562,0.776928,0.153614],[-0.484129,0.212643,0.848765],[0.626764,-0.592593,0.505965]],[[0.541454,0.834798,0.0996969],[-0.415895,0.1629,0.894704],[0.730657,-0.525904,0.435391]],[[0.541454,0.834798,0.0996969],[-0.421802,0.167157,0.891146],[0.727262,-0.524567,0.442628]],[[0.541454,0.834798,0.0996969],[-0.358379,0.121907,0.925582],[0.760521,-0.536889,0.365182]]],0],[1121,[-0.443761,-0.223376,-0.867859],112,56.074,[30.2569,141.667,27.0349],[25.2953,143.256,26.4825],[-696.426,261.088,-37.7622],false,[88.361,110.364,144.087],[56.8467,144.664,91.6339],[39.9637,155.129,55.8061],[29.7364,149.981,35.8046],[23.2023,141.027,23.8655],[[[0.852925,-0.0143565,-0.521837],[0.265895,0.872185,0.410601],[0.449243,-0.488965,0.747726]],[[0.89517,-0.0653336,-0.44091],[0.169766,0.964615,0.201737],[0.412128,-0.255441,0.874586]],[[0.89517,-0.0653336,-0.44091],[-0.0417882,0.97254,-0.228952],[0.443761,0.223376,0.867859]],[[0.89517,-0.0653336,-0.44091],[-0.19445,0.832861,-0.518201],[0.401072,0.549613,0.732848]]],1],[1122,[-0.390058,-0.137897,-0.910406],112,63.8918,[53.1155,144.962,6.6643],[48.0046,147.386,6.40688],[-633.099,309.695,-46.4357],false,[98.4467,111.887,138.272],[76.5831,143.897,84.208],[64.8925,156.548,41.5982],[54.3162,152.809,16.9129],[46.3534,144.995,2.89112],[[[0.847868,-0.22876,-0.478319],[0.416062,0.846255,0.332784],[0.328652,-0.481167,0.812691]],[[0.890956,-0.306166,-0.33535],[0.376158,0.911314,0.167369],[0.254366,-0.275263,0.927107]],[[0.890956,-0.306166,-0.33535],[0.232491,0.941938,-0.242283],[0.390058,0.137897,0.910406]],[[0.890956,-0.306166,-0.33535],[0.0933462,0.846227,-0.524582],[0.444391,0.436076,0.782531]]],2],[1123,[-0.275206,-0.0561213,-0.959746],112,61.4337,[85.8177,143.128,3.61107],[80.8359,145.415,3.32622],[-649.118,318.519,-33.9473],false,[108.43,110.324,132.347],[97.0952,137.755,80.5154],[93.3796,151.195,40.259],[86.1102,149.712,14.9079],[79.1682,143.632,-0.330954],[[[0.853197,-0.360213,-0.377228],[0.48584,0.811979,0.323497],[0.189773,-0.459279,0.867784]],[[0.873002,-0.4327,-0.22503],[0.479855,0.844546,0.237656],[0.0872147,-0.315457,0.944924]],[[0.873002,-0.4327,-0.22503],[0.402653,0.89979,-0.168076],[0.275206,0.0561213,0.959746]],[[0.873002,-0.4327,-0.22503],[0.29331,0.834427,-0.466584],[0.389662,0.341325,0.855372]]],3],[1124,[-0.178189,0.0482534,-0.982812],112,48.1629,[117.96,139.53,21.2778],[112.744,141.335,21.1482],[-655.347,239.891,-60.7382],false,[116.95,102.024,125.812],[114.47,127.665,76.8896],[121.991,145.002,48.9684],[118.668,145.902,30.6393],[110.907,139.711,17.5409],[[[0.777345,-0.540127,-0.322486],[0.627474,0.70228,0.336273],[0.0448457,-0.463752,0.884829]],[[0.773925,-0.609959,-0.170264],[0.592684,0.602935,0.534036],[-0.223082,-0.514217,0.82814]],[[0.773925,-0.609959,-0.170264],[0.607691,0.790962,-0.0713437],[0.178189,-0.0482534,0.982812]],[[0.773925,-0.609959,-0.170264],[0.421972,0.69718,-0.579551],[0.472207,0.376682,0.796951]]],4]],[[0,200,0],[235.247,235.247,147.751]]],[41938,99567524170,[[112,"right",[-0.262183,0.591191,-0.762728],[-0.320137,-0.798902,-0.509184],[78.1533,127.299,98.5132],[-686.531,20.4542,-59.6609],[82.7074,126.716,98.9771],0,0.0224111,0.279061,[[0.909558,-0.110184,-0.400705],[0.18944,0.968134,0.163797],[0.369888,-0.224892,0.901447]],60.7581,[194.816,41.4463,369.063],[99.5887,99.3448,136.985]]],[[1120,[-0.737174,0.514646,-0.437851],112,49.6939,[5.5245,141.435,103.486],[0.464687,141.446,102.644],[-719.318,164.987,117.055],false,[72.4009,92.1973,145.069],[72.4009,92.1973,145.069],[37.2488,116.719,124.368],[13.2827,133.45,110.133],[-4.01885,145.248,102.422],[[[0.601509,0.785383,0.146151],[-0.487169,0.215632,0.846268],[0.63313,-0.580238,0.512319]],[[0.53259,0.841334,0.0922195],[-0.413425,0.163528,0.895733],[0.738531,-0.515184,0.434923]],[[0.53259,0.841334,0.0922195],[-0.41584,0.165213,0.894305],[0.737174,-0.514646,0.437851]],[[0.53259,0.841334,0.0922195],[-0.339478,0.112538,0.933858],[0.775308,-0.52867,0.345551]]],0],[1121,[-0.447231,-0.231163,-0.86403],112,56.074,[22.962,142.564,26.3889],[18.8753,143.282,25.8291],[-720.237,196.197,-48.1209],false,[82.6957,112.273,143.714],[50.83,145.68,90.8974],[33.4753,155.366,55.0762],[23.168,150.038,35.1629],[16.629,141.103,23.2127],[[[0.853424,-0.00984491,-0.521124],[0.255581,0.879272,0.401944],[0.454252,-0.476218,0.752908]],[[0.892669,-0.0549783,-0.447346],[0.153845,0.97009,0.187771],[0.423643,-0.236439,0.874427]],[[0.892669,-0.0549783,-0.447346],[-0.0559072,0.97136,-0.23094],[0.447231,0.231163,0.86403]],[[0.892669,-0.0549783,-0.447346],[-0.205034,0.834353,-0.511681],[0.401376,0.548483,0.733529]]],1],[1122,[-0.383563,-0.145565,-0.911971],112,63.8918,[46.7227,146.193,5.72045],[42.2124,147.493,5.45368],[-646.888,236.927,-66.1086],false,[92.7677,113.854,137.891],[70.5795,145.064,83.4922],[58.8751,156.989,40.6775],[48.4749,153.042,15.9498],[40.6697,145.213,1.84853],[[[0.850791,-0.223842,-0.475447],[0.406094,0.854281,0.324488],[0.333531,-0.469147,0.817715]],[[0.895308,-0.300805,-0.328541],[0.36547,0.917707,0.155712],[0.254666,-0.259482,0.931566]],[[0.895308,-0.300805,-0.328541],[0.226501,0.942511,-0.245703],[0.383563,0.145565,0.911971]],[[0.895308,-0.300805,-0.328541],[0.0931623,0.84769,-0.522248],[0.435596,0.436965,0.786967]]],2],[1123,[-0.271912,-0.0673848,-0.95996],112,61.4337,[79.2319,144.482,2.84246],[74.9115,145.764,2.52404],[-664.238,247.425,-51.1675],false,[102.773,112.345,131.988],[91.1633,139.121,79.8748],[87.2929,151.939,39.4309],[80.1105,150.159,14.0742],[73.3025,143.951,-1.17388],[[[0.857549,-0.3542,-0.37303],[0.476267,0.820714,0.315592],[0.194369,-0.448297,0.872497]],[[0.87813,-0.425422,-0.21887],[0.469718,0.853514,0.225564],[0.0908491,-0.300882,0.949324]],[[0.87813,-0.425422,-0.21887],[0.39364,0.902483,-0.17485],[0.271912,0.0673848,0.95996]],[[0.87813,-0.425422,-0.21887],[0.287847,0.835221,-0.468562],[0.382142,0.348457,0.855889]]],3],[1124,[-0.171609,0.034384,-0.984565],112,48.1629,[111.264,140.77,20.0131],[106.811,141.929,19.9647],[-669.965,192.698,-88.0567],false,[111.392,104.078,125.542],[108.655,129.194,76.3621],[115.674,145.663,47.7918],[112.473,146.304,29.43],[105.054,140.2,16.0953],[[[0.783722,-0.534409,-0.316524],[0.619137,0.71278,0.329565],[0.0494899,-0.454259,0.889494]],[[0.7804,-0.605208,-0.157159],[0.589614,0.628589,0.507179],[-0.208161,-0.488466,0.84739]],[[0.7804,-0.605208,-0.157159],[0.601271,0.795324,-0.0770257],[0.171609,-0.034384,0.984565]],[[0.7804,-0.605208,-0.157159],[0.432652,0.704108,-0.563067],[0.451429,0.371422,0.81133]]],4]],[[0,200,0],[235.247,235.247,147.751]]],[41939,99567533287,[[112,"right",[-0.272516,0.578668,-0.768686],[-0.31298,-0.808789,-0.497899],[72.7245,128.173,97.4017],[-661.247,41.3945,-76.9444],[76.0564,127.687,97.9275],0,0.00731535,0.319926,[[0.904339,-0.101596,-0.414547],[0.185477,0.9683,0.167311],[0.384408,-0.228195,0.894515]],60.7581,[193.624,42.1979,366.407],[94.6586,100.947,136.114]]],[[1120,[-0.751732,0.50157,-0.428167],112,49.6939,[-1.9462,142.19,104.132],[-5.56908,141.675,102.841],[-707.179,121.79,93.8606],false,[67.593,93.581,144.409],[67.593,93.581,144.409],[31.9222,117.41,123.786],[7.4828,133.716,109.866],[-10.2856,145.28,102.898],[[[0.592871,0.794109,0.133768],[-0.485898,0.22029,0.845799],[0.642189,-0.566448,0.516459]],[[0.521927,0.849359,0.0786218],[-0.407365,0.167216,0.897827],[0.74943,-0.500628,0.433274]],[[0.521927,0.849359,0.0786218],[-0.403102,0.16437,0.900273],[0.751732,-0.50157,0.428167]],[[0.521927,0.849359,0.0786218],[-0.305966,0.100379,0.946736],[0.796226,-0.518183,0.312266]]],0],[1121,[-0.457561,-0.234369,-0.857735],112,56.074,[15.199,142.74,25.4767],[12.2957,142.807,24.905],[-726.008,131.66,-63.1934],false,[77.6448,113.758,142.761],[45.1532,146.138,89.6874],[27.0562,155.003,54.0213],[16.5108,149.601,34.2531],[9.84356,140.803,22.2718],[[[0.851151,-0.00624939,-0.524884],[0.247005,0.887075,0.389982],[0.463174,-0.461583,0.756579]],[[0.886416,-0.0442557,-0.460768],[0.138242,0.975301,0.172272],[0.441764,-0.216402,0.87064]],[[0.886416,-0.0442557,-0.460768],[-0.0700299,0.97114,-0.227998],[0.457561,0.234368,0.857735]],[[0.886416,-0.0442557,-0.460768],[-0.216289,0.840471,-0.496817],[0.40925,0.540046,0.735435]]],1],[1122,[-0.380382,-0.150523,-0.912498],112,63.8918,[40.0545,146.537,4.26847],[36.3841,146.999,3.9992],[-642.684,161.892,-95.0327],false,[87.6714,115.384,136.873],[64.8754,145.662,82.1995],[52.9487,156.75,39.2214],[42.6348,152.669,14.4794],[34.9342,144.929,0.271339],[[[0.851239,-0.219686,-0.476582],[0.397456,0.862899,0.312146],[0.342668,-0.455131,0.821848]],[[0.898039,-0.295877,-0.325548],[0.355223,0.924257,0.139879],[0.259503,-0.241259,0.935122]],[[0.898039,-0.295877,-0.325548],[0.220985,0.943292,-0.247722],[0.380382,0.150523,0.912498]],[[0.898039,-0.295877,-0.325548],[0.0939907,0.851987,-0.515058],[0.429757,0.431944,0.792927]]],2],[1123,[-0.272315,-0.078957,-0.958963],112,61.4337,[72.3376,144.861,1.51428],[68.9131,145.404,1.09967],[-661.131,168.71,-81.9775],false,[97.6671,113.92,130.943],[85.5114,139.917,78.5604],[81.2856,151.991,37.9237],[74.0925,149.906,12.5933],[67.3678,143.599,-2.65146],[[[0.859987,-0.348687,-0.372611],[0.467978,0.83005,0.303338],[0.203515,-0.435241,0.87701]],[[0.882184,-0.418412,-0.216062],[0.460339,0.862905,0.208525],[0.0991921,-0.283419,0.953852]],[[0.882184,-0.418412,-0.216062],[0.384182,0.904819,-0.183595],[0.272315,0.078957,0.958963]],[[0.882184,-0.418412,-0.216062],[0.281555,0.836441,-0.470206],[0.377463,0.353975,0.855701]]],3],[1124,[-0.165935,0.0198044,-0.985938],112,48.1629,[104.521,141.186,18.0547],[101.02,141.825,18.0109],[-658.001,132.991,-128.071],false,[106.354,105.677,124.559],[103.103,130.153,75.089],[109.6,145.664,45.8668],[106.506,146.033,27.4794],[99.4138,140.016,13.9287],[[[0.788538,-0.529041,-0.313566],[0.61217,0.723976,0.317973],[0.0587936,-0.44269,0.894745]],[[0.785964,-0.601184,-0.144355],[0.587473,0.653399,0.477436],[-0.192705,-0.460052,0.866728]],[[0.785964,-0.601184,-0.144355],[0.595589,0.798865,-0.0841919],[0.165935,-0.0198044,0.985938]],[[0.785964,-0.601184,-0.144355],[0.442801,0.710291,-0.547187],[0.431494,0.366149,0.824468]]],4]],[[0,200,0],[235.247,235.247,147.751]]],[41940,99567541463,[[112,"right",[-0.280093,0.564288,-0.776613],[-0.306957,-0.819168,-0.484501],[68.1425,128.597,96.4085],[-635.744,44.0454,-88.2076],[70.8869,128.281,96.9353],0,0,0.357568,[[0.89919,-0.0964968,-0.426786],[0.184095,0.968282,0.168937],[0.396947,-0.230475,0.888434]],60.7581,[192.634,42.8342,364.192],[90.4401,102.17,135.465]]],[[1120,[-0.766205,0.486618,-0.419682],112,49.6939,[-7.99427,142.203,104.53],[-10.8015,141.462,103.019],[-694.855,78.3421,78.3317],false,[63.4681,94.6842,143.955],[63.4681,94.6842,143.955],[27.3654,117.687,123.148],[2.45547,133.507,109.503],[-15.7755,144.811,103.351],[[[0.585906,0.801478,0.119781],[-0.485434,0.228759,0.843815],[0.648898,-0.552542,0.523096]],[[0.510899,0.857441,0.0614593],[-0.404544,0.176729,0.89728],[0.758503,-0.483282,0.437163]],[[0.510899,0.857441,0.0614593],[-0.38976,0.167325,0.905588],[0.766205,-0.486618,0.419682]],[[0.510899,0.857441,0.0614593],[-0.267518,0.0906391,0.95928],[0.816956,-0.506537,0.275688]]],0],[1121,[-0.467453,-0.234733,-0.852284],112,56.074,[8.90174,142.415,24.5518],[6.6931,142.015,23.977],[-719.964,80.3996,-76.7631],false,[73.3283,114.925,141.968],[40.3841,146.188,88.5048],[21.6651,154.285,52.9775],[10.8917,148.876,33.335],[4.06681,140.266,21.3055],[[[0.849633,-0.00647842,-0.527334],[0.239947,0.895181,0.375602],[0.469626,-0.445656,0.76213]],[[0.880504,-0.0377461,-0.472534],[0.126143,0.979541,0.156805],[0.456948,-0.197675,0.867251]],[[0.880504,-0.0377461,-0.472534],[-0.078749,0.971327,-0.224328],[0.467453,0.234733,0.852284]],[[0.880504,-0.0377461,-0.472534],[-0.221842,0.848121,-0.481121],[0.418926,0.528457,0.7384]]],1],[1122,[-0.375453,-0.152623,-0.914189],112,63.8918,[34.8391,146.199,2.76213],[31.6423,146.054,2.51645],[-625.081,99.5306,-120.228],false,[83.3222,116.553,136.025],[60.0879,145.778,80.9647],[48.0399,155.973,37.7996],[37.8596,151.835,13.0118],[30.2753,144.279,-1.35699],[[[0.851833,-0.21914,-0.475772],[0.390386,0.871196,0.297684],[0.349257,-0.439311,0.827663]],[[0.900422,-0.293888,-0.320734],[0.347164,0.929743,0.122698],[0.262141,-0.221828,0.939188]],[[0.900422,-0.293888,-0.320734],[0.219718,0.943576,-0.247766],[0.375453,0.152623,0.914189]],[[0.900422,-0.293888,-0.320734],[0.100423,0.857801,-0.504077],[0.423268,0.421672,0.801895]]],2],[1123,[-0.270249,-0.0905283,-0.958525],112,61.4337,[66.9274,144.343,0.139282],[64.0024,144.359,-0.275958],[-644.122,95.665,-105.934],false,[93.3136,115.09,130.087],[80.7653,140.168,77.3507],[76.2853,151.359,36.4888],[69.1468,148.967,11.17],[62.5391,142.605,-4.10243],[[[0.862075,-0.346446,-0.369867],[0.461182,0.838865,0.289164],[0.210089,-0.419857,0.88294]],[[0.885484,-0.414239,-0.210533],[0.452615,0.871438,0.189041],[0.105158,-0.262683,0.959135]],[[0.885484,-0.414239,-0.210533],[0.378,0.905655,-0.192109],[0.270249,0.0905283,0.958525]],[[0.885484,-0.414239,-0.210533],[0.279919,0.837172,-0.469882],[0.370895,0.35714,0.857256]]],3],[1124,[-0.15328,0.00568474,-0.988166],112,48.1629,[99.4353,140.702,16.0721],[96.3995,140.932,16.1113],[-630.576,69.2727,-160.568],false,[102.057,106.83,123.804],[98.4362,130.514,73.9751],[104.519,144.807,44.051],[101.661,144.913,25.622],[95.0255,139.088,11.7595],[[[0.792466,-0.526522,-0.30785],[0.606389,0.734357,0.304978],[0.0654944,-0.428362,0.901231]],[[0.790005,-0.600015,-0.125994],[0.585951,0.678432,0.44316],[-0.180424,-0.423925,0.887544]],[[0.790005,-0.600015,-0.125994],[0.59363,0.799969,-0.0874795],[0.15328,-0.00568474,0.988166]],[[0.790005,-0.600015,-0.125994],[0.461427,0.717194,-0.522224],[0.403704,0.354423,0.84345]]],4]],[[0,200,0],[235.247,235.247,147.751]]],[41941,99567550480,[[112,"right",[-0.296613,0.536151,-0.790293],[-0.291099,-0.838911,-0.459879],[63.8954,129.508,95.1799],[-590.438,59.7108,-101.422],[65.8969,129.157,95.6824],0,0,0.39571,[[0.895968,-0.0854352,-0.435824],[0.179015,0.967546,0.17835],[0.406442,-0.237814,0.882184]],60.7581,[191.617,43.4512,361.941],[86.9781,104.676,134.823]]],[[1120,[-0.790013,0.45355,-0.41252],112,49.6939,[-14.2462,141.436,105.021],[-16.0307,140.602,103.382],[-668.765,22.8663,71.1555],false,[60.2239,96.8336,143.673],[60.2239,96.8336,143.673],[23.2581,118.119,122.554],[-2.42583,132.864,109.143],[-21.3436,143.559,104.071],[[[0.568489,0.817282,0.0941841],[-0.486059,0.241299,0.839953],[0.663752,-0.523283,0.534423]],[[0.485774,0.873564,0.0301504],[-0.401071,0.192115,0.895675],[0.776637,-0.447188,0.443686]],[[0.485774,0.873564,0.0301504],[-0.374037,0.176572,0.91045],[0.790013,-0.45355,0.41252]],[[0.485774,0.873564,0.0301504],[-0.213018,0.0848611,0.973356],[0.84773,-0.479254,0.227308]]],0],[1121,[-0.479906,-0.237062,-0.844684],112,56.074,[2.23465,141.53,23.318],[0.851089,140.58,22.8331],[-704.296,26.0197,-93.1978],false,[69.6198,117.225,141.07],[35.7111,146.253,86.9531],[16.1231,153.079,51.6278],[5.06278,147.616,32.1604],[-1.95596,139.269,20.0576],[[[0.846836,-0.00229723,-0.531849],[0.22185,0.910366,0.349308],[0.483375,-0.413797,0.771441]],[[0.872206,-0.0251148,-0.488494],[0.103059,0.985698,0.133333],[0.478159,-0.166638,0.86232]],[[0.872206,-0.0251148,-0.488494],[-0.0945893,0.97117,-0.21882],[0.479906,0.237062,0.844684]],[[0.872206,-0.0251148,-0.488494],[-0.231619,0.858413,-0.45769],[0.430824,0.512344,0.742895]]],1],[1122,[-0.368328,-0.161802,-0.915508],112,63.8918,[29.6,145.118,0.731789],[26.9422,144.326,0.578795],[-594.727,30.7594,-150.51],false,[79.5441,118.908,135.026],[55.38,146.071,79.3135],[43.0423,154.754,35.9004],[33.0553,150.367,11.0767],[25.6829,142.955,-3.47634],[[[0.854045,-0.213343,-0.474438],[0.372382,0.887566,0.271216],[0.363233,-0.408303,0.837467]],[[0.905856,-0.284031,-0.314247],[0.327662,0.940017,0.0948962],[0.268444,-0.188929,0.944586]],[[0.905856,-0.284031,-0.314247],[0.209187,0.945064,-0.251185],[0.368328,0.161802,0.915508]],[[0.905856,-0.284031,-0.314247],[0.100707,0.865014,-0.491538],[0.41144,0.413616,0.812182]]],2],[1123,[-0.266957,-0.114031,-0.956938],112,61.4337,[61.4782,142.994,-1.72274],[59.1049,142.62,-2.08402],[-613.683,19.7773,-134.59],false,[89.5349,117.503,129.073],[76.1585,140.821,75.7368],[71.2271,150.525,34.5481],[64.1756,147.513,9.27117],[57.7772,140.928,-5.99595],[[[0.867671,-0.3374,-0.365113],[0.443838,0.856587,0.263185],[0.223953,-0.390409,0.892987]],[[0.893597,-0.401107,-0.20149],[0.433689,0.887259,0.157116],[0.115753,-0.227782,0.966807]],[[0.893597,-0.401107,-0.20149],[0.360858,0.908906,-0.208976],[0.266957,0.114031,0.956938]],[[0.893597,-0.401107,-0.20149],[0.269251,0.838139,-0.474371],[0.359149,0.369645,0.856957]]],3],[1124,[-0.134764,-0.019963,-0.990677],112,48.1629,[94.6247,139.644,13.4469],[92.0308,139.752,13.6105],[-584.449,11.2717,-199.583],false,[98.4282,109.267,122.971],[94.0227,131.472,72.5276],[99.4493,143.902,41.6605],[96.9361,143.53,23.1847],[91.0166,137.842,8.94595],[[[0.802418,-0.517182,-0.297739],[0.591419,0.755802,0.281045],[0.0796803,-0.401604,0.91234]],[[0.801023,-0.590713,-0.0970616],[0.57659,0.717724,0.390404],[-0.160953,-0.368687,0.915513]],[[0.801023,-0.590713,-0.0970616],[0.583268,0.806635,-0.0955977],[0.134764,0.019963,0.990677]],[[0.801023,-0.590713,-0.0970616],[0.478168,0.728913,-0.489939],[0.360163,0.346041,0.866336]]],4]],[[0,200,0],[235.247,235.247,147.751]]],[41942,99567558821,[[112,"right",[-0.298873,0.517782,-0.801609],[-0.280301,-