{"metadata":{"formatVersion":2,"generatedBy":"LeapJS Playback 0.2.1","frames":709,"protocolVersion":6,"serviceVersion":"2.2.3+25971","frameRate":"1.1e+2","modified":"Sun Mar 08 2015 17:33:37 GMT-0300 (E. South America Standard Time)"},"frames":[["id","timestamp",{"hands":[["id","type","direction","palmNormal","palmPosition","palmVelocity","stabilizedPalmPosition","pinchStrength","grabStrength","confidence","armBasis","armWidth","elbow","wrist"]]},{"pointables":[["id","direction","handId","length","stabilizedTipPosition","tipPosition","tipVelocity","tool","carpPosition","mcpPosition","pipPosition","dipPosition","btipPosition","bases","type"]]},{"interactionBox":["center","size"]}],[82326,100151865577,[[175,"left",[-0.764054,0.641489,-0.0686519],[-0.51281,-0.668442,-0.538712],[32.8666,124.93,40.1603],[1.19209e-7,1.19209e-7,1.19209e-7],[32.8666,124.93,40.1603],1,1,0,[[-0.371177,-0.389193,0.843064],[0.391017,0.757988,0.522072],[0.842219,-0.523434,0.129166]],58.942,[280.668,-37.8255,83.9229],[70.3206,92.9042,51.663]]],[[1750,[-0.953339,0.0604,-0.295797],175,48.2084,[-11.9355,99.6716,-3.29183],[-11.9355,99.6716,-3.29183],[1.19209e-7,1.19209e-7,1.19209e-7],false,[77.9393,94.1216,24.3556],[77.9393,94.1216,24.3556],[34.5087,97.9238,9.14311],[4.44138,99.8287,-0.186018],[-16.8272,99.6246,-4.21955],[[[0.152054,0.571586,0.806331],[0.84257,0.351511,-0.408064],[0.516677,-0.741438,0.428152]],[[-0.105757,0.850886,0.514596],[0.322703,0.518857,-0.791612],[0.940573,-0.0823429,0.329456]],[[-0.105757,0.850886,0.514596],[0.282771,0.521867,-0.804795],[0.953339,-0.0604,0.295797]],[[-0.105757,0.850886,0.514596],[0.153683,0.525266,-0.836945],[0.982444,0.00942812,0.186317]]],0],[1751,[-0.394145,-0.77405,-0.495477],175,54.3978,[-9.83995,99.1815,-19.5671],[-9.83995,99.1815,-19.5671],[1.19209e-7,1.19209e-7,1.19209e-7],false,[76.7313,109.753,39.6844],[25.287,149.818,20.2031],[2.8546,126.634,-3.00566],[-5.95768,109.328,-14.0835],[-10.9996,96.1507,-21.205],[[[-0.514197,-0.263349,0.816241],[0.405155,0.76423,0.501799],[0.755944,-0.588728,0.286267]],[[-0.608034,-0.184645,0.772141],[-0.558276,0.790941,-0.250482],[0.564467,0.583368,0.584002]],[[-0.608034,-0.184645,0.772141],[-0.689163,0.605602,-0.397872],[0.394145,0.77405,0.495477]],[[-0.608034,-0.184645,0.772141],[-0.726995,0.520308,-0.44806],[0.319018,0.833778,0.450601]]],1],[1752,[-0.404942,-0.649146,-0.643919],175,61.982,[-24.3097,96.3451,-14.8506],[-24.3097,96.3451,-14.8506],[1.19209e-7,1.19209e-7,1.19209e-7],false,[71.1636,108.31,49.5155],[18.258,143.551,38.3789],[-9.94481,123.099,10.5537],[-20.5964,106.024,-6.38405],[-25.4188,93.454,-17.3795],[[[-0.468823,-0.466865,0.749828],[0.32889,0.695594,0.638733],[0.819778,-0.546064,0.172563]],[[-0.37314,-0.525606,0.764529],[-0.678712,0.71647,0.16131],[0.632548,0.458704,0.624079]],[[-0.37314,-0.525606,0.764529],[-0.834739,0.549862,-0.0293824],[0.404942,0.649146,0.643919]],[[-0.37314,-0.525606,0.764529],[-0.885327,0.448125,-0.124016],[0.277421,0.723134,0.632546]]],2],[1753,[-0.450678,-0.572415,-0.685004],175,59.5973,[-26.9771,90.4908,2.35573],[-26.9771,90.4908,2.35573],[1.19209e-7,1.19209e-7,1.19209e-7],false,[65.5139,104.024,58.3957],[14.9033,132.114,55.7637],[-10.6069,113.437,29.1456],[-22.1555,98.7693,11.5926],[-28.4173,88.018,-0.403319],[[[-0.366526,-0.593234,0.716751],[0.320519,0.642699,0.695848],[0.873456,-0.484779,0.0454231]],[[-0.283534,-0.635829,0.717865],[-0.733907,0.625707,0.264332],[0.617243,0.451899,0.644049]],[[-0.283534,-0.635829,0.717865],[-0.846462,0.517748,0.124255],[0.450678,0.572415,0.685004]],[[-0.283534,-0.635829,0.717865],[-0.887885,0.456887,0.0539886],[0.362311,0.622074,0.694086]]],3],[1754,[-0.367499,-0.487126,-0.792245],175,46.7232,[-15.6981,88.8252,20.7196],[-15.6981,88.8252,20.7196],[1.19209e-7,1.19209e-7,1.19209e-7],false,[59.3187,93.8772,64.05],[11.6208,117.877,69.1363],[-5.42529,103.887,44.9801],[-12.0742,95.074,30.6467],[-16.7806,86.9586,17.7544],[[[-0.310857,-0.743338,0.592298],[0.335509,0.497235,0.800119],[0.88927,-0.447444,-0.0948282]],[[-0.121117,-0.819533,0.560087],[-0.84482,0.381346,0.375305],[0.521161,0.427717,0.738545]],[[-0.121117,-0.819533,0.560087],[-0.922104,0.301786,0.242179],[0.367499,0.487126,0.792245]],[[-0.121117,-0.819533,0.560087],[-0.947734,0.263258,0.180262],[0.295178,0.508981,0.808584]]],4]],[[0,200,0],[235.247,235.247,147.751]]],[82327,100151874887,[[175,"left",[-0.706344,0.706339,-0.0465077],[-0.593191,-0.626487,-0.505607],[39.2262,122.158,40.6914],[683.096,-297.783,57.0424],[34.0839,124.399,40.262],1,1,0.0278755,[[-0.350293,-0.351693,0.868105],[0.39552,0.784599,0.47746],[0.849034,-0.510604,0.135738]],58.942,[286.205,-40.4701,85.0107],[74.1555,87.0553,51.1095]]],[[1750,[-0.95567,0.142814,-0.257484],175,48.2084,[-11.8805,99.6911,-3.22994],[-9.47657,100.522,-0.470156],[265.352,94.4669,299.064],false,[80.6513,87.251,23.4873],[80.6513,87.251,23.4873],[37.1141,94.7513,10.0579],[6.97324,99.2555,1.93712],[-14.3752,100.938,-1.23777],[[[0.237303,0.565568,0.789823],[0.851809,0.26973,-0.449073],[0.46702,-0.779345,0.417749]],[[-0.00707716,0.863099,0.504986],[0.33305,0.4782,-0.812651],[0.942882,-0.162434,0.29084]],[[-0.00707716,0.863099,0.504986],[0.294354,0.484422,-0.823827],[0.95567,-0.142814,0.257485]],[[-0.00707716,0.863099,0.504986],[0.165825,0.499019,-0.850577],[0.98613,-0.0777198,0.146655]]],0],[1751,[-0.482596,-0.741741,-0.465748],175,54.3978,[-9.82454,99.1854,-19.5411],[-8.16751,99.5984,-16.7465],[179.639,44.7817,302.961],false,[81.5072,103.115,38.5993],[33.0214,147.376,20.6748],[7.62619,126.008,-1.18392],[-3.16368,109.424,-11.5971],[-9.66216,96.6636,-18.2846],[[[-0.499379,-0.206271,0.84147],[0.492957,0.731054,0.471755],[0.71247,-0.650393,0.263391]],[[-0.587695,-0.12004,0.800128],[-0.496253,0.834548,-0.239294],[0.639021,0.537698,0.55003]],[[-0.587695,-0.12004,0.800128],[-0.649396,0.659856,-0.377987],[0.482596,0.741741,0.465748]],[[-0.587695,-0.12004,0.800128],[-0.696811,0.577676,-0.425142],[0.411181,0.807391,0.423142]]],1],[1752,[-0.467203,-0.634579,-0.615655],175,61.982,[-24.136,96.3335,-14.7068],[-20.7874,96.3603,-11.6496],[399.709,-26.5863,330.822],false,[76.2684,102.297,48.6799],[26.2649,141.987,39.2313],[-3.54026,122.308,12.5425],[-15.8296,105.616,-3.65177],[-22.0098,93.2545,-14.1957],[[[-0.475202,-0.413829,0.776485],[0.416957,0.671201,0.612892],[0.77481,-0.615008,0.146407]],[[-0.390621,-0.476533,0.787612],[-0.632883,0.760329,0.146143],[0.668486,0.44138,0.59859]],[[-0.390621,-0.476533,0.787612],[-0.793181,0.608462,-0.025242],[0.467203,0.634579,0.615655]],[[-0.390621,-0.476533,0.787612],[-0.849124,0.516962,-0.108348],[0.355534,0.711103,0.606571]]],2],[1753,[-0.533484,-0.535012,-0.655101],175,59.5973,[-26.9325,90.5629,2.46162],[-25.2631,92.9557,6.098],[170.777,276.346,405.887],false,[70.6541,98.6426,57.8598],[22.671,131.11,56.9251],[-5.73533,114.672,31.8059],[-19.4057,100.962,15.019],[-27.1738,90.7043,3.48073],[[[-0.386074,-0.549235,0.74114],[0.406427,0.619972,0.671157],[0.828109,-0.560335,0.0161311]],[[-0.307164,-0.599097,0.739414],[-0.658214,0.694901,0.289598],[0.687316,0.397739,0.607783]],[[-0.307164,-0.599097,0.739414],[-0.788064,0.595689,0.155272],[0.533484,0.535012,0.655101]],[[-0.307164,-0.599097,0.739414],[-0.838829,0.537405,0.0869596],[0.449462,0.593531,0.667611]]],3],[1754,[-0.477462,-0.447165,-0.756355],175,46.7232,[-15.689,88.8713,20.7959],[-14.7464,91.095,24.6858],[52.4763,265.737,440.035],false,[63.8354,89.1602,63.9349],[18.7249,117.389,70.6529],[-1.5747,105.251,48.0608],[-10.213,97.1611,34.3767],[-16.702,89.5482,21.9606],[[[-0.349445,-0.705233,0.616875],[0.412985,0.475042,0.777032],[0.84103,-0.52629,-0.125249]],[[-0.161796,-0.801348,0.575902],[-0.767225,0.469182,0.437303],[0.620635,0.371092,0.690726]],[[-0.161796,-0.801348,0.575902],[-0.863627,0.397347,0.310264],[0.477462,0.447165,0.756355]],[[-0.161796,-0.801348,0.575902],[-0.898995,0.360372,0.248878],[0.406977,0.477465,0.778715]]],4]],[[0,200,0],[235.247,235.247,147.751]]],[82328,100151883668,[[175,"left",[-0.675861,0.735945,-0.039964],[-0.62995,-0.604966,-0.48701],[42.8032,120.673,41.0218],[608.95,-263.186,51.8226],[37.1105,123.106,40.5257],1,1,0.0534185,[[-0.33906,-0.330478,0.880808],[0.398893,0.797436,0.452747],[0.852011,-0.504857,0.138553]],58.942,[289.176,-41.9043,85.7204],[76.3826,84.1857,51.1162]]],[[1750,[-0.953277,0.182526,-0.240724],175,48.2084,[-11.7351,99.7308,-3.08718],[-7.60553,100.813,1.03881],[251.518,78.563,264.32],false,[82.3177,83.8284,23.3697],[82.3177,83.8284,23.3697],[38.8873,93.1032,10.7256],[8.82198,98.8599,3.13347],[-12.488,101.459,0.341852],[[[0.277609,0.562386,0.778881],[0.853393,0.227974,-0.468774],[0.441196,-0.794827,0.416648]],[[0.0407993,0.867323,0.496071],[0.337142,0.455417,-0.823972],[0.940569,-0.200864,0.273831]],[[0.0407993,0.867323,0.496071],[0.299331,0.463071,-0.834246],[0.953277,-0.182526,0.240724]],[[0.0407993,0.867323,0.496071],[0.1714,0.483049,-0.858653],[0.984356,-0.120059,0.128951]]],0],[1751,[-0.523667,-0.724533,-0.448134],175,54.3978,[-9.78387,99.1912,-19.4851],[-6.68215,99.6389,-15.2186],[176.82,33.9802,268.285],false,[84.1676,99.7871,38.2919],[37.2917,145.941,20.8653],[10.5547,125.486,-0.255231],[-1.15342,109.287,-10.2746],[-8.33358,96.757,-16.6953],[[[-0.490636,-0.176094,0.853385],[0.533675,0.713464,0.454047],[0.688815,-0.678203,0.256075]],[[-0.575954,-0.0865066,0.812892],[-0.464373,0.852993,-0.238246],[0.672781,0.514704,0.531455]],[[-0.575954,-0.0865066,0.812892],[-0.627734,0.68379,-0.371997],[0.523667,0.724533,0.448134]],[[-0.575954,-0.0865066,0.812892],[-0.679615,0.603296,-0.417322],[0.454313,0.792812,0.406261]]],1],[1752,[-0.497991,-0.6267,-0.599376],175,61.982,[-23.7088,96.2978,-14.3701],[-18.715,96.3547,-9.94713],[362.089,-27.1685,292.655],false,[79.1044,99.296,48.4828],[30.6866,141.032,39.6088],[0.0603596,121.755,13.5642],[-13.0388,105.27,-2.20187],[-19.8807,93.0299,-12.4748],[[[-0.476806,-0.385134,0.790145],[0.458038,0.658359,0.597297],[0.750238,-0.646711,0.137504]],[[-0.397604,-0.449234,0.800062],[-0.608339,0.781822,0.136668],[0.686902,0.432369,0.584142]],[[-0.397604,-0.449234,0.800062],[-0.770659,0.636738,-0.0254645],[0.497991,0.6267,0.599376]],[[-0.397604,-0.449234,0.800062],[-0.828851,0.549878,-0.103155],[0.393596,0.704147,0.590982]]],2],[1753,[-0.571167,-0.51614,-0.638254],175,59.5973,[-26.8089,90.7075,2.68579],[-23.6653,94.0528,8.05611],[172.776,236.909,357.063],false,[73.5247,95.98,57.811],[26.9851,130.496,57.4854],[-2.66254,115.127,33.1354],[-17.2986,101.901,16.7803],[-25.7709,91.9028,5.51266],[[[-0.394368,-0.524631,0.754477],[0.446484,0.60821,0.656302],[0.803197,-0.595687,0.0056189]],[[-0.317865,-0.57782,0.751722],[-0.619974,0.726526,0.296297],[0.717352,0.371866,0.58917]],[[-0.317865,-0.57782,0.751722],[-0.75679,0.632237,0.165968],[0.571167,0.51614,0.638254]],[[-0.317865,-0.57782,0.751722],[-0.811576,0.575735,0.0993712],[0.490211,0.578493,0.65195]]],3],[1754,[-0.534104,-0.421686,-0.732744],175,46.7232,[-15.661,88.9704,20.9573],[-13.7703,92.4181,26.9515],[57.9706,241.231,396.041],false,[66.4264,86.8633,64.1212],[22.7279,117.094,71.4343],[0.803652,106.068,49.8116],[-8.85946,98.4384,36.5547],[-16.2749,91.1578,24.4623],[[[-0.367071,-0.683283,0.631176],[0.448905,0.464173,0.763562],[0.814704,-0.563619,-0.136345]],[[-0.181472,-0.789335,0.58653],[-0.719553,0.513124,0.467918],[0.670307,0.337125,0.661086]],[[-0.181472,-0.789335,0.58653],[-0.825712,0.446241,0.345063],[0.534104,0.421686,0.732744]],[[-0.181472,-0.789335,0.58653],[-0.866468,0.410416,0.28424],[0.465082,0.456628,0.758413]]],4]],[[0,200,0],[235.247,235.247,147.751]]],[82329,100151892743,[[175,"left",[-0.66043,0.750028,-0.0359344],[-0.649884,-0.594911,-0.473003],[44.9538,119.536,41.1322],[506.095,-225.038,40.8564],[40.8008,121.426,40.8111],1,1,0.0791705,[[-0.332156,-0.315568,0.88887],[0.401288,0.805556,0.435944],[0.853604,-0.501494,0.140936]],58.942,[291.079,-42.8393,86.224],[77.8876,82.411,51.0246]]],[[1750,[-0.95213,0.202322,-0.229162],175,48.2084,[-11.5107,99.7673,-2.87553],[-6.43426,100.521,2.01188],[217.934,48.8396,220.36],false,[83.4047,81.7155,23.1984],[83.4047,81.7155,23.1984],[40.0094,91.8593,11.1135],[9.98026,98.2403,3.88596],[-11.3011,101.303,1.35864],[[[0.301043,0.562153,0.770296],[0.851097,0.205955,-0.482925],[0.430124,-0.800978,0.416446]],[[0.067077,0.869647,0.489097],[0.335052,0.442102,-0.832037],[0.939809,-0.219684,0.261722]],[[0.067077,0.869647,0.489097],[0.298245,0.450312,-0.841587],[0.95213,-0.202322,0.229162]],[[0.067077,0.869647,0.489097],[0.170722,0.472968,-0.864382],[0.983033,-0.14148,0.116742]]],0],[1751,[-0.54563,-0.716445,-0.434735],175,54.3978,[-9.72423,99.1906,-19.4064],[-5.79362,99.1491,-14.2145],[155,9.65915,224.694],false,[85.816,97.7432,37.9657],[39.6897,144.764,20.8592],[12.2122,124.731,0.292002],[0.0130002,108.713,-9.4278],[-7.52807,96.2924,-15.6443],[[[-0.481691,-0.158998,0.861797],[0.555484,0.705208,0.440589],[0.677799,-0.690942,0.251371]],[[-0.565653,-0.0679007,0.821843],[-0.44942,0.86098,-0.23819],[0.691418,0.504085,0.517532]],[[-0.565653,-0.0679007,0.821843],[-0.618324,0.694332,-0.36821],[0.54563,0.716445,0.434735]],[[-0.565653,-0.0679007,0.821843],[-0.672582,0.614634,-0.412139],[0.477148,0.785884,0.393338]]],1],[1752,[-0.520253,-0.620176,-0.587127],175,61.982,[-23.1391,96.2364,-13.8782],[-17.7829,96.1208,-8.76049],[289.528,-26.5766,247.92],false,[80.8939,97.4387,48.2328],[33.2575,140.141,39.735],[1.87923,121.292,14.2785],[-11.8056,104.979,-1.16536],[-19.0742,92.8219,-11.242],[[[-0.473281,-0.368761,0.800013],[0.480798,0.652834,0.585355],[0.738132,-0.661682,0.131674]],[[-0.395724,-0.434169,0.809259],[-0.590012,0.795469,0.138258],[0.703767,0.422761,0.570951]],[[-0.395724,-0.434169,0.809259],[-0.756795,0.65336,-0.0195401],[0.520253,0.620176,0.587127]],[[-0.395724,-0.434169,0.809259],[-0.817651,0.567788,-0.0952079],[0.418151,0.699367,0.579686]]],2],[1753,[-0.595993,-0.504496,-0.624721],175,59.5973,[-26.6368,90.8785,2.99032],[-22.7321,94.2869,9.40242],[150.892,180.998,300.009],false,[75.3823,94.3145,57.667],[29.5942,129.823,57.7462],[-0.806253,115.007,33.9888],[-16.0784,102.079,17.9805],[-25.0318,92.2587,6.93068],[[[-0.394389,-0.51027,0.764252],[0.469041,0.603394,0.644916],[0.790227,-0.612813,-0.00136561]],[[-0.319169,-0.565064,0.760811],[-0.597557,0.743095,0.301224],[0.735566,0.358487,0.57483]],[[-0.319169,-0.565064,0.760811],[-0.736834,0.652829,0.175755],[0.595992,0.504496,0.624721]],[[-0.319169,-0.565064,0.760811],[-0.793575,0.598193,0.111372],[0.518044,0.568214,0.639345]]],3],[1754,[-0.571047,-0.405666,-0.713681],175,46.7232,[-15.622,89.0911,21.1717],[-13.2192,92.9223,28.5592],[53.0622,194.225,339.034],false,[68.1835,85.4012,64.1516],[25.2561,116.622,71.8609],[2.30896,106.26,50.984],[-8.02253,98.9202,38.0719],[-16.0508,91.8535,26.2471],[[[-0.372319,-0.670404,0.641823],[0.469948,0.460156,0.753263],[0.800329,-0.582078,-0.14373]],[[-0.188293,-0.781467,0.594858],[-0.687262,0.537526,0.488607],[0.701581,0.316822,0.638285]],[[-0.188293,-0.781467,0.594858],[-0.799032,0.474073,0.36987],[0.571047,0.405666,0.713681]],[[-0.188293,-0.781467,0.594858],[-0.843215,0.439169,0.310031],[0.503522,0.443216,0.741637]]],4]],[[0,200,0],[235.247,235.247,147.751]]],[82330,100151902066,[[175,"left",[-0.653504,0.756141,-0.0343862],[-0.66065,-0.591969,-0.461643],[46.1352,118.503,41.0051],[398.772,-192.723,25.4419],[43.6199,119.881,40.9136],1,1,0.107277,[[-0.32722,-0.304215,0.89464],[0.402817,0.811523,0.423284],[0.85479,-0.498883,0.143003]],58.942,[292.301,-43.4664,86.5333],[78.8134,81.1318,50.8176]]],[[1750,[-0.951963,0.211377,-0.221556],175,48.2084,[-11.2516,99.7736,-2.63528],[-5.8269,99.7872,2.52735],[175.037,13.9978,172.894],false,[84.0238,80.1809,22.9399],[84.0238,80.1809,22.9399],[40.6069,90.6954,11.2562],[10.583,97.3621,4.26858],[-10.6785,100.666,1.88089],[[[0.314729,0.564764,0.762881],[0.847801,0.194154,-0.493496],[0.426825,-0.802088,0.417702]],[[0.0812805,0.872004,0.482704],[0.330563,0.433309,-0.838434],[0.940278,-0.227712,0.253032]],[[0.0812805,0.872004,0.482704],[0.29523,0.441508,-0.847296],[0.951963,-0.211377,0.221556]],[[0.0812805,0.872004,0.482704],[0.169835,0.465106,-0.868811],[0.982115,-0.152597,0.110293]]],0],[1751,[-0.557169,-0.714231,-0.423599],175,54.3978,[-9.65931,99.1759,-19.3199],[-5.39936,98.2105,-13.6446],[123.115,-21.5555,178.422],false,[86.7485,96.2911,37.5624],[40.8971,143.633,20.6046],[13.0077,123.72,0.480128],[0.550517,107.752,-8.99069],[-7.17659,95.3605,-15.0347],[[[-0.473903,-0.148051,0.868042],[0.566977,0.702942,0.42943],[0.67376,-0.695668,0.249185]],[[-0.557406,-0.0564321,0.82832],[-0.443622,0.863566,-0.239696],[0.701782,0.501068,0.506392]],[[-0.557406,-0.0564321,0.82832],[-0.615516,0.697631,-0.366675],[0.557169,0.714231,0.423599]],[[-0.557406,-0.0564321,0.82832],[-0.671011,0.618149,-0.409434],[0.48892,0.784032,0.382427]]],1],[1752,[-0.532582,-0.619252,-0.576961],175,61.982,[-22.5452,96.1008,-13.3307],[-17.3566,95.3356,-8.04248],[220.26,-42.9239,199.578],false,[81.9345,96.1089,47.8834],[34.624,139.21,39.5815],[2.79557,120.481,14.6002],[-11.2135,104.192,-0.576227],[-18.7102,92.0355,-10.4852],[[[-0.468184,-0.358327,0.807716],[0.49335,0.652348,0.575367],[0.733082,-0.667865,0.128638]],[[-0.391198,-0.424395,0.816611],[-0.580829,0.802135,0.138626],[0.713864,0.420081,0.560294]],[[-0.391198,-0.424395,0.816611],[-0.750547,0.660618,-0.0162249],[0.532582,0.619252,0.576961]],[[-0.391198,-0.424395,0.816611],[-0.813002,0.575177,-0.0905481],[0.431268,0.699329,0.570042]]],2],[1753,[-0.614462,-0.496846,-0.612846],175,59.5973,[-26.4734,91.0235,3.30254],[-22.4126,93.9677,10.2754],[114.289,123.492,242.546],false,[76.4948,93.107,57.3987],[31.0553,129.059,57.7062],[0.155642,114.5,34.4388],[-15.5898,101.769,18.7348],[-24.9174,92.0817,7.87842],[[[-0.391052,-0.500854,0.772155],[0.481758,0.603458,0.635412],[0.784212,-0.620471,-0.00530689]],[[-0.316372,-0.556424,0.76831],[-0.583898,0.752532,0.304562],[0.747644,0.35226,0.562975]],[[-0.316372,-0.556424,0.76831],[-0.722734,0.665985,0.184714],[0.614462,0.496846,0.612846]],[[-0.316372,-0.556424,0.76831],[-0.780153,0.613383,0.122975],[0.539695,0.560493,0.628153]]],3],[1754,[-0.592892,-0.398915,-0.699533],175,46.7232,[-15.5831,89.1919,21.3814],[-12.9399,92.7142,29.5403],[44.7625,134.891,274.565],false,[69.2805,84.3113,64.0252],[26.7421,116.004,71.9632],[3.2091,105.926,51.6056],[-7.51761,98.7084,38.9495],[-15.9144,91.7289,27.3306],[[[-0.371849,-0.662078,0.650678],[0.482448,0.461007,0.744793],[0.793078,-0.590868,-0.147994]],[[-0.18907,-0.775441,0.602449],[-0.668271,0.551135,0.499665],[0.719491,0.308127,0.622407]],[[-0.18907,-0.775441,0.602449],[-0.782772,0.489447,0.38433],[0.592892,0.398915,0.699533]],[[-0.18907,-0.775441,0.602449],[-0.8288,0.455049,0.325609],[0.526634,0.437747,0.728721]]],4]],[[0,200,0],[235.247,235.247,147.751]]],[82331,100151910784,[[175,"left",[-0.653682,0.756243,-0.0282238],[-0.663767,-0.590862,-0.45858],[46.6106,117.816,41.1842],[306.775,-162.274,24.1318],[45.2553,118.752,41.0615],1,1,0.131511,[[-0.326942,-0.302731,0.895244],[0.401657,0.812975,0.421596],[0.855442,-0.497419,0.144202]],58.942,[293.002,-43.8115,86.7043],[79.3521,80.4208,50.6894]]],[[1750,[-0.952659,0.213785,-0.216188],175,48.2084,[-11.0145,99.761,-2.41029],[-5.57381,99.2994,2.93659],[136.443,-3.10279,138.121],false,[84.3751,79.5351,22.7751],[84.3751,79.5351,22.7751],[40.8926,90.1275,11.4103],[10.8467,96.8701,4.59192],[-10.4105,100.247,2.26863],[[[0.319875,0.562964,0.76207],[0.844477,0.19528,-0.498724],[0.42958,-0.80308,0.412945]],[[0.0852233,0.870306,0.485083],[0.325483,0.435826,-0.839116],[0.941699,-0.229398,0.246127]],[[0.0852233,0.870306,0.485083],[0.291853,0.443694,-0.847324],[0.952659,-0.213785,0.216188]],[[0.0852233,0.870306,0.485083],[0.169056,0.467164,-0.867858],[0.981915,-0.155968,0.107318]]],0],[1751,[-0.560039,-0.713217,-0.421519],175,54.3978,[-9.60309,99.1563,-19.2407],[-5.29089,97.6535,-13.1655],[93.5375,-32.8688,145.426],false,[87.1988,95.6109,37.4166],[41.2369,142.994,20.8782],[13.2119,123.13,0.894979],[0.690593,107.184,-8.52933],[-7.07757,94.8068,-14.5503],[[[-0.468069,-0.150067,0.870857],[0.569885,0.701914,0.427257],[0.675384,-0.696274,0.243023]],[[-0.551832,-0.0583533,0.831911],[-0.445178,0.864141,-0.234686],[0.705193,0.499856,0.502838]],[[-0.551832,-0.0583533,0.831911],[-0.61793,0.69851,-0.360896],[0.560039,0.713217,0.421519]],[[-0.551832,-0.0583533,0.831911],[-0.673714,0.619131,-0.403468],[0.491518,0.783117,0.38097]]],1],[1752,[-0.537137,-0.617296,-0.57483],175,61.982,[-22.0476,95.9411,-12.8338],[-17.2169,94.7644,-7.49661],[165.047,-48.373,162.93],false,[82.4542,95.4047,47.7693],[35.0912,138.527,39.8865],[3.10218,119.848,15.0731],[-11.0267,103.61,-0.0472776],[-18.6113,91.4923,-9.93618],[[[-0.462766,-0.360203,0.810001],[0.497238,0.650981,0.573567],[0.733895,-0.66819,0.122146]],[[-0.38578,-0.426249,0.818221],[-0.580014,0.801743,0.144195],[0.717466,0.418952,0.556527]],[[-0.38578,-0.426249,0.818221],[-0.750105,0.661255,-0.00918649],[0.537137,0.617296,0.57483]],[[-0.38578,-0.426249,0.818221],[-0.812892,0.576476,-0.0829554],[0.436325,0.697128,0.568887]]],2],[1753,[-0.625787,-0.488728,-0.607894],175,59.5973,[-26.3558,91.1258,3.56087],[-22.4535,93.6659,10.9621],[79.0422,84.3603,199.807],false,[77.0784,92.3807,57.3139],[31.6438,128.333,58.0109],[0.477268,113.971,34.979],[-15.5584,101.447,19.4018],[-25.126,91.9181,8.61462],[[[-0.385882,-0.502648,0.773589],[0.486046,0.60195,0.633573],[0.784127,-0.620484,-0.0120285]],[[-0.311052,-0.558338,0.769094],[-0.578427,0.753317,0.312946],[0.754101,0.347522,0.557278]],[[-0.311052,-0.558338,0.769094],[-0.715289,0.670375,0.197381],[0.625787,0.488728,0.607894]],[[-0.311052,-0.558338,0.769094],[-0.772521,0.619903,0.137593],[0.553587,0.551343,0.62415]]],3],[1754,[-0.60328,-0.393566,-0.693656],175,46.7232,[-15.5533,89.2568,21.5448],[-12.8378,92.2636,30.2166],[35.7474,85.443,222.568],false,[69.9084,83.5698,63.9681],[27.4258,115.245,72.2659],[3.63244,105.326,52.1339],[-7.28221,98.2059,39.5841],[-15.8599,91.3114,28.0468],[[[-0.367503,-0.663588,0.651608],[0.487464,0.459243,0.742613],[0.792036,-0.590548,-0.154702]],[[-0.185792,-0.776472,0.602139],[-0.660527,0.552384,0.508504],[0.727451,0.303253,0.61551]],[[-0.185792,-0.776472,0.602139],[-0.775587,0.492135,0.395308],[0.60328,0.393566,0.693656]],[[-0.185792,-0.776472,0.602139],[-0.822231,0.458376,0.337384],[0.537975,0.432414,0.723602]]],4]],[[0,200,0],[235.247,235.247,147.751]]],[82332,100151919835,[[175,"left",[-0.654059,0.755859,-0.0297352],[-0.664908,-0.593213,-0.453867],[46.9252,117.205,41.2376],[231.725,-136.136,19.1025],[46.2593,117.822,41.1674],1,1,0.15595,[[-0.324256,-0.298657,0.897587],[0.402385,0.815186,0.416603],[0.856122,-0.496261,0.144154]],58.942,[293.53,-44.0774,86.8192],[79.7097,79.866,50.8161]]],[[1750,[-0.952484,0.214687,-0.216066],175,48.2084,[-10.775,99.7249,-2.18981],[-5.31097,98.651,3.10055],[107.359,-19.8952,103.129],false,[84.6492,78.8539,22.8913],[84.6492,78.8539,22.8913],[41.1437,89.4408,11.6097],[11.1034,96.2119,4.79526],[-10.1224,99.6913,2.34065],[[[0.32194,0.56658,0.758513],[0.8429,0.193304,-0.502148],[0.431131,-0.801012,0.415338]],[[0.0871811,0.871844,0.481962],[0.323517,0.432803,-0.841438],[0.942198,-0.22928,0.244324]],[[0.0871811,0.871844,0.481962],[0.291847,0.440224,-0.849134],[0.952484,-0.214687,0.216066]],[[0.0871811,0.871844,0.481962],[0.176314,0.462662,-0.868825],[0.980466,-0.160722,0.113383]]],0],[1751,[-0.561022,-0.715357,-0.416555],175,54.3978,[-9.54723,99.1265,-19.161],[-5.13124,96.7732,-12.8629],[72.5972,-50.6352,114.528],false,[87.5106,94.9978,37.4503],[41.4808,142.288,20.8324],[13.4037,122.321,1.02485],[0.860407,106.327,-8.28848],[-6.92095,93.9195,-14.2292],[[[-0.465396,-0.146241,0.872938],[0.57089,0.704084,0.422316],[0.676381,-0.694895,0.24419]],[[-0.549312,-0.0547381,0.833823],[-0.446217,0.862885,-0.237316],[0.706503,0.502427,0.498418]],[[-0.549312,-0.0547381,0.833823],[-0.619283,0.696612,-0.362245],[0.561022,0.715357,0.416555]],[[-0.549312,-0.0547381,0.833823],[-0.675163,0.617016,-0.404283],[0.492353,0.785044,0.375891]]],1],[1752,[-0.542388,-0.616799,-0.570416],175,61.982,[-21.609,95.7407,-12.3657],[-17.1317,93.9738,-7.1586],[119.157,-56.3797,128.544],false,[82.7971,94.8374,47.818],[35.3938,137.905,39.8794],[3.32693,119.115,15.2511],[-10.9401,102.891,0.246783],[-18.6523,90.7976,-9.57382],[[[-0.460193,-0.356651,0.813033],[0.498702,0.653797,0.569075],[0.734519,-0.667345,0.12301]],[[-0.383144,-0.422641,0.821325],[-0.579598,0.802347,0.142496],[0.719213,0.421441,0.552376]],[[-0.383144,-0.422641,0.821325],[-0.747674,0.664028,-0.00708728],[0.542388,0.616799,0.570416]],[[-0.383144,-0.422641,0.821325],[-0.810162,0.580853,-0.0790384],[0.443664,0.69569,0.564958]]],2],[1753,[-0.632084,-0.487313,-0.602491],175,59.5973,[-26.2657,91.1918,3.77298],[-22.4379,93.1126,11.4024],[56.0508,45.8518,158.534],false,[77.4511,91.8553,57.3925],[32.0048,127.794,58.0607],[0.705661,113.407,35.224],[-15.4913,100.92,19.7853],[-25.1965,91.4265,9.0903],[[[-0.383363,-0.499234,0.777045],[0.487709,0.605038,0.62934],[0.784329,-0.620238,-0.0115316]],[[-0.308705,-0.55479,0.772599],[-0.575484,0.755674,0.312691],[0.75731,0.348089,0.552553]],[[-0.308705,-0.55479,0.772599],[-0.710754,0.67434,0.200237],[0.632084,0.487313,0.602491]],[[-0.308705,-0.55479,0.772599],[-0.767706,0.624879,0.141964],[0.561542,0.549304,0.618819]]],3],[1754,[-0.610049,-0.393784,-0.687586],175,46.7232,[-15.5307,89.2985,21.6728],[-12.7974,91.7562,30.7022],[27.1157,46.7018,176.191],false,[70.3046,83.0723,64.1086],[27.8347,114.769,72.3882],[3.88976,104.836,52.444],[-7.14736,97.7117,40.0041],[-15.8477,90.8128,28.5617],[[[-0.365287,-0.660725,0.655749],[0.48951,0.462834,0.739029],[0.791799,-0.590954,-0.154364]],[[-0.184259,-0.773474,0.606454],[-0.655819,0.556332,0.510291],[0.732086,0.303698,0.609768]],[[-0.184259,-0.773474,0.606454],[-0.770642,0.49666,0.399299],[0.610049,0.393784,0.687586]],[[-0.184259,-0.773474,0.606454],[-0.817492,0.463157,0.342334],[0.54567,0.432692,0.71765]]],4]],[[0,200,0],[235.247,235.247,147.751]]],[82333,100151928823,[[175,"left",[-0.650218,0.758703,-0.0398241],[-0.666028,-0.594447,-0.4506],[47.3018,116.03,41.4336],[179.662,-134.646,19.8441],[46.9221,116.683,41.3366],1,1,0.174944,[[-0.318079,-0.294461,0.901176],[0.402353,0.818768,0.409549],[0.858451,-0.49286,0.141955]],58.942,[294.266,-44.4649,86.9659],[79.8648,78.629,51.5119]]],[[1750,[-0.949314,0.220186,-0.224322],175,48.2084,[-10.5122,99.646,-1.97373],[-4.79126,97.5719,3.08783],[94.6529,-44.7047,71.9846],false,[84.9088,77.3155,23.6183],[84.9088,77.3155,23.6183],[41.5296,88.0983,12.0395],[11.5892,95.0427,4.96461],[-9.55515,98.7524,2.16839],[[[0.32174,0.572512,0.754131],[0.845802,0.184199,-0.500689],[0.42556,-0.798937,0.424968]],[[0.0907047,0.87519,0.4752],[0.330434,0.423686,-0.843388],[0.93946,-0.233522,0.250762]],[[0.0907047,0.87519,0.4752],[0.300957,0.430767,-0.850802],[0.949314,-0.220186,0.224322]],[[0.0907047,0.87519,0.4752],[0.194472,0.452415,-0.870346],[0.976705,-0.171357,0.129164]]],0],[1751,[-0.56289,-0.716719,-0.411667],175,54.3978,[-9.47958,99.074,-19.0715],[-4.64172,95.3158,-12.6679],[67.6238,-81.2191,89.0654],false,[87.7922,93.5891,38.0278],[42.0607,140.935,20.7593],[13.9639,120.909,1.03933],[1.37878,104.885,-8.16472],[-6.44005,92.4575,-14.013],[[[-0.469528,-0.135294,0.87249],[0.572679,0.705455,0.417578],[0.671998,-0.695722,0.253751]],[[-0.55284,-0.0437767,0.832137],[-0.441041,0.862649,-0.247629],[0.707001,0.503906,0.496214]],[[-0.55284,-0.0437767,0.832137],[-0.61443,0.695987,-0.371589],[0.562889,0.716719,0.411667]],[[-0.55284,-0.0437767,0.832137],[-0.670535,0.616251,-0.413058],[0.494723,0.786332,0.370042]]],1],[1752,[-0.549157,-0.61439,-0.566526],175,61.982,[-21.2129,95.4781,-11.9402],[-16.8535,92.7783,-6.99728],[90.6157,-73.3737,98.6345],false,[83.0374,93.5546,48.3778],[35.8777,136.772,39.8244],[3.77722,117.945,15.2676],[-10.6679,101.784,0.365681],[-18.5574,89.7467,-9.38181],[[[-0.465124,-0.346312,0.814695],[0.49967,0.65698,0.564541],[0.730746,-0.66966,0.132536]],[[-0.388263,-0.412728,0.823958],[-0.57524,0.807066,0.133204],[0.719965,0.422256,0.550772]],[[-0.388263,-0.412728,0.823958],[-0.740053,0.672444,-0.0118923],[0.549157,0.61439,0.566526]],[[-0.388263,-0.412728,0.823958],[-0.802033,0.591686,-0.0815507],[0.453866,0.692505,0.560752]]],2],[1753,[-0.63445,-0.487855,-0.599558],175,59.5973,[-26.1954,91.2202,3.93096],[-22.1791,92.1051,11.5943],[48.1836,3.18106,120.763],false,[77.6393,90.6938,57.9601],[32.3677,126.858,58.0915],[1.05915,112.444,35.2856],[-15.1985,99.9425,19.922],[-24.9645,90.4377,9.2925],[[[-0.388854,-0.489617,0.780428],[0.488202,0.608877,0.625242],[0.781314,-0.624134,-0.00226771]],[[-0.314825,-0.545315,0.776864],[-0.571857,0.762228,0.303296],[0.757539,0.34877,0.55181]],[[-0.314825,-0.545315,0.776864],[-0.705945,0.681637,0.192386],[0.63445,0.487855,0.599558]],[[-0.314825,-0.545315,0.776864],[-0.762619,0.632603,0.134999],[0.565064,0.54995,0.615027]]],3],[1754,[-0.614621,-0.393962,-0.6834],175,46.7232,[-15.5151,89.3197,21.7628],[-12.7678,90.9621,31.0548],[20.3839,10.3525,138.584],false,[70.4234,82.013,64.7345],[28.0776,113.997,72.5308],[4.06641,104.076,52.6605],[-7.05342,96.948,40.2963],[-15.8457,90.039,28.9305],[[[-0.371096,-0.652392,0.660812],[0.488874,0.467763,0.736342],[0.789487,-0.596308,-0.145353]],[[-0.191258,-0.766078,0.613633],[-0.651538,0.566665,0.50437],[0.734111,0.30334,0.607508]],[[-0.191258,-0.766078,0.613633],[-0.765285,0.507857,0.395499],[0.614621,0.393962,0.6834]],[[-0.191258,-0.766078,0.613633],[-0.811995,0.474718,0.339569],[0.551439,0.433321,0.712845]]],4]],[[0,200,0],[235.247,235.247,147.751]]],[82334,100151937879,[[175,"left",[-0.650582,0.758371,-0.0402151],[-0.666768,-0.595744,-0.447783],[47.5972,115.493,41.5621],[139.073,-113.863,18.2847],[47.3759,115.883,41.4882],1,1,0.202294,[[-0.316264,-0.292307,0.902515],[0.402479,0.820142,0.406667],[0.859062,-0.491858,0.141734]],58.942,[294.75,-44.7164,87.0573],[80.1953,78.127,51.6586]]],[[1750,[-0.94849,0.222698,-0.225328],175,48.2084,[-10.2255,99.5511,-1.752],[-4.47099,97.1826,3.1542],[79.1732,-41.4126,51.6987],false,[85.1803,76.75,23.7575],[85.1803,76.75,23.7575],[41.8115,87.6078,12.2099],[11.8972,94.6315,5.10332],[-9.19347,98.4897,2.10923],[[[0.323137,0.574396,0.752098],[0.844664,0.183332,-0.502923],[0.426761,-0.797783,0.425931]],[[0.0927103,0.875222,0.474755],[0.330517,0.422721,-0.84384],[0.939236,-0.235147,0.250085]],[[0.0927103,0.875222,0.474755],[0.302939,0.42941,-0.850785],[0.94849,-0.222698,0.225328]],[[0.0927103,0.875222,0.474755],[0.205656,0.449695,-0.869184],[0.974223,-0.178219,0.138303]]],0],[1751,[-0.563502,-0.717887,-0.408783],175,54.3978,[-9.40161,99.0051,-18.9676],[-4.454,94.6326,-12.3797],[54.6793,-79.6252,73.2659],false,[88.0885,93.0584,38.1226],[42.3028,140.347,20.8407],[14.1713,120.265,1.22778],[1.57256,104.215,-7.91179],[-6.25414,91.7704,-13.7143],[[[-0.467616,-0.133418,0.873805],[0.573308,0.706641,0.4147],[0.672795,-0.69488,0.253947]],[[-0.551047,-0.0420261,0.833415],[-0.441886,0.861905,-0.248709],[0.707872,0.505325,0.493521]],[[-0.551047,-0.0420261,0.833415],[-0.615477,0.69489,-0.371908],[0.563502,0.717887,0.408783]],[[-0.551047,-0.0420261,0.833415],[-0.671642,0.615037,-0.41307],[0.495221,0.787378,0.367141]]],1],[1752,[-0.552661,-0.613619,-0.563948],175,61.982,[-20.8532,95.1985,-11.5359],[-16.7203,92.1514,-6.68902],[68.0443,-70.6373,80.984],false,[83.3558,93.0465,48.4828],[36.162,136.227,39.9287],[4.01671,117.33,15.4847],[-10.5205,101.189,0.650552],[-18.4974,89.1782,-9.05891],[[[-0.463258,-0.344569,0.816495],[0.500631,0.658484,0.561932],[0.731274,-0.669082,0.132546]],[[-0.386345,-0.410943,0.82575],[-0.575273,0.807153,0.132534],[0.72097,0.423829,0.548244]],[[-0.386345,-0.410943,0.82575],[-0.738447,0.674238,-0.00995662],[0.552661,0.613619,0.563948]],[[-0.386345,-0.410943,0.82575],[-0.800099,0.594726,-0.0783718],[0.458889,0.690961,0.558564]]],2],[1753,[-0.637169,-0.487836,-0.596684],175,59.5973,[-26.14,91.2335,4.05564],[-22.0239,91.565,11.9475],[39.4563,-13.8891,98.177],false,[77.9792,90.2062,58.0832],[32.6946,126.354,58.2264],[1.32371,111.908,35.5264],[-15.0036,99.4075,20.2365],[-24.8279,89.9076,9.65652],[[[-0.387008,-0.487927,0.782401],[0.48931,0.610519,0.62277],[0.781537,-0.623854,-0.00247168]],[[-0.313391,-0.543305,0.778849],[-0.570642,0.763313,0.302854],[0.759048,0.349532,0.549248]],[[-0.313391,-0.543305,0.778849],[-0.704132,0.683254,0.193294],[0.637169,0.487836,0.596684]],[[-0.313391,-0.543305,0.778849],[-0.760702,0.634571,0.136571],[0.568435,0.549672,0.612162]]],3],[1754,[-0.619644,-0.393203,-0.679288],175,46.7232,[-15.5038,89.3316,21.8274],[-12.6787,90.5187,31.4714],[17.8279,-6.02748,113],false,[70.781,81.5386,64.8933],[28.44,113.526,72.705],[4.33193,103.607,52.951],[-6.87879,96.4931,40.6612],[-15.7671,89.5988,29.3613],[[[-0.369445,-0.650975,0.66313],[0.490271,0.469666,0.734199],[0.789395,-0.59636,-0.145639]],[[-0.190295,-0.76438,0.616045],[-0.648466,0.569,0.505698],[0.737075,0.303252,0.603952]],[[-0.190295,-0.76438,0.616045],[-0.761465,0.510993,0.398819],[0.619644,0.393203,0.679288]],[[-0.190295,-0.76438,0.616045],[-0.808102,0.478283,0.343826],[0.557458,0.432399,0.708712]]],4]],[[0,200,0],[235.247,235.247,147.751]]],[82335,100151946968,[[175,"left",[-0.65069,0.758228,-0.0411519],[-0.667795,-0.597197,-0.444303],[47.8144,115.119,41.5983],[107.183,-93.7221,14.3237],[47.6849,115.345,41.5658],1,1,0.22794,[[-0.314361,-0.289261,0.90416],[0.403159,0.821606,0.403021],[0.859442,-0.491214,0.141663]],58.942,[295.086,-44.8963,87.1205],[80.4368,77.7866,51.7396]]],[[1750,[-0.947991,0.224607,-0.225533],175,48.2084,[-9.91916,99.4431,-1.52537],[-4.25677,96.9089,3.18546],[64.4012,-36.2883,36.6405],false,[85.3569,76.3195,23.8315],[85.3569,76.3195,23.8315],[41.9916,87.2361,12.3264],[12.093,94.32,5.21328],[-8.94715,98.3124,2.04467],[[[0.324873,0.576828,0.749485],[0.843488,0.181718,-0.505476],[0.427767,-0.796397,0.427512]],[[0.0949175,0.875805,0.473239],[0.330105,0.420797,-0.844962],[0.93916,-0.236421,0.249167]],[[0.0949175,0.875805,0.473239],[0.303816,0.42722,-0.851575],[0.947991,-0.224607,0.225533]],[[0.0949175,0.875805,0.473239],[0.215462,0.446043,-0.86869],[0.971888,-0.184419,0.146365]]],0],[1751,[-0.564436,-0.719212,-0.40515],175,54.3978,[-9.3146,98.9201,-18.85],[-4.36165,94.0839,-12.1546],[42.3528,-74.2924,59.8361],false,[88.2981,92.6742,38.1371],[42.4713,139.906,20.8091],[14.2947,119.76,1.32659],[1.67507,103.68,-7.73175],[-6.16483,91.2175,-13.4757],[[[-0.46558,-0.130601,0.875317],[0.574256,0.707985,0.41108],[0.673399,-0.694046,0.254625]],[[-0.549106,-0.0393408,0.834826],[-0.442482,0.861091,-0.250464],[0.709007,0.506927,0.490238]],[[-0.549106,-0.0393408,0.834826],[-0.616356,0.693676,-0.372719],[0.564436,0.719212,0.40515]],[[-0.549106,-0.0393408,0.834826],[-0.672614,0.61369,-0.413492],[0.496057,0.788567,0.363442]]],1],[1752,[-0.556814,-0.612833,-0.560709],175,61.982,[-20.5383,94.9205,-11.1597],[-16.6972,91.6836,-6.43815],[48.1642,-63.6389,66.3783],false,[83.5895,92.6957,48.5082],[36.375,135.847,39.9245],[4.16979,116.876,15.6178],[-10.4767,100.756,0.868811],[-18.5548,88.7722,-8.79084],[[[-0.46135,-0.341936,0.81868],[0.501922,0.660304,0.558635],[0.731595,-0.66864,0.133006]],[[-0.384381,-0.408305,0.827972],[-0.574903,0.807607,0.131367],[0.722314,0.425509,0.545165]],[[-0.384381,-0.408305,0.827972],[-0.736349,0.676552,-0.00821203],[0.556814,0.612833,0.560709]],[[-0.384381,-0.408305,0.827972],[-0.797678,0.598372,-0.0752371],[0.464716,0.689375,0.555699]]],2],[1753,[-0.639654,-0.488603,-0.593388],175,59.5973,[-26.0954,91.2391,4.15681],[-21.9352,91.1615,12.235],[31.2799,-22.2584,79.655],false,[78.2353,89.8864,58.1303],[32.9504,126.034,58.262],[1.51776,111.535,35.6817],[-14.8732,99.0145,20.4762],[-24.7496,89.5042,9.95417],[[[-0.385177,-0.485402,0.784872],[0.490744,0.612535,0.619654],[0.781543,-0.623847,-0.00227384]],[[-0.312001,-0.540482,0.781367],[-0.569413,0.764725,0.301603],[0.760542,0.35082,0.546353]],[[-0.312001,-0.540482,0.781367],[-0.702494,0.684942,0.193277],[0.639654,0.488603,0.593388]],[[-0.312001,-0.540482,0.781367],[-0.75901,0.636464,0.137177],[0.571453,0.550266,0.608809]]],3],[1754,[-0.623712,-0.393615,-0.675315],175,46.7232,[-15.4954,89.3385,21.8744],[-12.621,90.212,31.7979],[15.2205,-13.853,91.4608],false,[71.0531,81.2408,64.9851],[28.7298,113.252,72.7918],[4.54178,103.307,53.1494],[-6.74254,96.1853,40.9315],[-15.7085,89.2859,29.6962],[[[-0.367888,-0.648835,0.666087],[0.491967,0.472043,0.731535],[0.789067,-0.596816,-0.145547]],[[-0.189447,-0.762074,0.619155],[-0.645928,0.571647,0.505962],[0.739518,0.304076,0.600542]],[[-0.189447,-0.762074,0.619155],[-0.758349,0.514111,0.400746],[0.623712,0.393615,0.675315]],[[-0.189447,-0.762074,0.619155],[-0.80492,0.481664,0.34656],[0.562329,0.432715,0.704659]]],4]],[[0,200,0],[235.247,235.247,147.751]]],[82336,100151955954,[[175,"left",[-0.640486,0.766795,-0.0424674],[-0.676084,-0.589219,-0.442415],[48.5851,113.915,42.0537],[101.31,-104.775,24.2922],[48.337,114.309,41.9192],1,1,0.245133,[[-0.309215,-0.286694,0.906748],[0.401243,0.825122,0.397715],[0.862201,-0.486806,0.140106]],58.942,[296.049,-45.4102,87.2514],[80.7111,76.1715,52.2593]]],[[1750,[-0.94432,0.238773,-0.226379],175,48.2084,[-9.58627,99.3159,-1.28013],[-3.69553,96.4799,3.61177],[64.4201,-38.3234,39.079],false,[85.5901,74.5731,24.3512],[85.5901,74.5731,24.3512],[42.3852,86.1141,12.8521],[12.6023,93.6448,5.71236],[-8.34691,98.004,2.42697],[[[0.333149,0.57417,0.747891],[0.845471,0.169194,-0.50651],[0.417362,-0.801063,0.429077]],[[0.107942,0.874759,0.472382],[0.335915,0.41512,-0.84548],[0.935687,-0.249943,0.249036]],[[0.107942,0.874759,0.472382],[0.310819,0.421644,-0.851826],[0.94432,-0.238773,0.226379]],[[0.107942,0.874759,0.472382],[0.227872,0.440738,-0.868231],[0.967689,-0.201361,0.151759]]],0],[1751,[-0.574342,-0.712519,-0.403049],175,54.3978,[-9.21378,98.8182,-18.715],[-3.90901,93.4558,-11.612],[44.552,-73.0868,59.9876],false,[88.7613,90.9204,38.6161],[43.5595,138.722,21.21],[15.1004,118.911,1.79532],[2.25929,102.981,-7.21604],[-5.75149,90.6108,-12.925],[[[-0.466632,-0.122288,0.875957],[0.584015,0.701175,0.408999],[0.664214,-0.702424,0.255773]],[[-0.548957,-0.0300101,0.835312],[-0.431074,0.866363,-0.252171],[0.716116,0.498512,0.488532]],[[-0.548957,-0.0300101,0.835312],[-0.607271,0.701011,-0.373906],[0.574342,0.712519,0.403049]],[[-0.548957,-0.0300101,0.835312],[-0.664628,0.621692,-0.41445],[0.506869,0.782687,0.361227]]],1],[1752,[-0.566358,-0.605716,-0.55888],175,61.982,[-20.2389,94.6505,-10.7953],[-16.2951,91.2483,-5.88843],[46.6913,-58.9747,65.0302],false,[84.0612,91.0294,48.9906],[37.4236,134.791,40.3394],[4.95663,116.185,16.0978],[-9.94091,100.252,1.39699],[-18.2154,88.3783,-8.23133],[[[-0.465281,-0.333793,0.819814],[0.511159,0.654815,0.556718],[0.722655,-0.678086,0.134052]],[[-0.389264,-0.401117,0.829204],[-0.564109,0.815458,0.12965],[0.728186,0.417293,0.543702]],[[-0.389264,-0.401117,0.829204],[-0.726438,0.687178,-0.00860772],[0.566358,0.605716,0.55888]],[[-0.389264,-0.401117,0.829204],[-0.788595,0.610326,-0.0749631],[0.476016,0.683087,0.553896]]],2],[1753,[-0.648508,-0.479363,-0.591311],175,59.5973,[-26.0561,91.2415,4.24416],[-21.594,90.9281,12.8187],[33.0546,-22.7033,75.6038],false,[78.6771,88.3148,58.6231],[33.8815,125.067,58.7024],[2.2248,110.967,36.1824],[-14.3931,98.6833,21.0302],[-24.4525,89.3244,10.5459],[[[-0.391066,-0.478347,0.78629],[0.499387,0.607344,0.617857],[0.773098,-0.634285,-0.00136878]],[[-0.319035,-0.534123,0.782898],[-0.558139,0.77351,0.300274],[0.765962,0.341167,0.544892]],[[-0.319035,-0.534123,0.782898],[-0.691125,0.696364,0.193449],[0.648508,0.479363,0.591311]],[[-0.319035,-0.534123,0.782898],[-0.747959,0.649215,0.138122],[0.582043,0.541509,0.606625]]],3],[1754,[-0.631415,-0.385281,-0.672959],175,46.7232,[-15.4879,89.3426,21.9118],[-12.2944,89.882,32.4082],[21.8556,-19.8973,84.7165],false,[71.3846,79.7824,65.5034],[29.5006,112.377,73.2652],[5.14516,102.739,53.6764],[-6.27852,95.7688,41.5011],[-15.3871,88.9914,30.3064],[[[-0.376061,-0.642275,0.667878],[0.498809,0.46711,0.730067],[0.780876,-0.607693,-0.14471]],[[-0.199925,-0.757614,0.62133],[-0.636825,0.582401,0.505236],[0.744637,0.294669,0.598903]],[[-0.199925,-0.757614,0.62133],[-0.74923,0.526858,0.401342],[0.631415,0.385281,0.672959]],[[-0.199925,-0.757614,0.62133],[-0.796038,0.4