{"metadata":{"formatVersion":2,"generatedBy":"LeapJS Playback 0.2.1","frames":1,"protocolVersion":6,"serviceVersion":"2.2.3+25971","frameRate":"71","modified":"Tue Mar 03 2015 19:52:14 GMT-0300 (E. South America Standard Time)"},"frames":[["id","timestamp",{"hands":[["id","type","direction","palmNormal","palmPosition","palmVelocity","stabilizedPalmPosition","pinchStrength","grabStrength","confidence","armBasis","armWidth","elbow","wrist"]]},{"pointables":[["id","direction","handId","length","stabilizedTipPosition","tipPosition","tipVelocity","tool","carpPosition","mcpPosition","pipPosition","dipPosition","btipPosition","bases","type"]]},{"interactionBox":["center","size"]}],[638584,601890444476,[[426,"right",[-0.896954,-0.00364912,-0.442109],[-0.440367,0.0964452,0.892623],[49.654,137.885,-26.8574],[-14.3169,-44.2682,-8.97207],[52.7006,133.716,-15.8777],0.791827,0.128157,0.255925,[[-0.0314071,-0.995343,0.0911396],[0.352969,-0.0963545,-0.93066],[0.935108,0.00294016,0.354352]],61.21,[340.254,131.149,84.9232],[97.7206,130.386,-6.983]]],[[4260,[-0.962671,-0.144698,0.228752],426,50.0634,[12.6245,156.381,21.263],[13.8963,159.076,17.654],[0.69197,-6.78979,-11.3769],false,[97.1789,158.656,1.31787],[97.1789,158.656,1.31787],[53.2126,177.272,5.76031],[21.6827,172.533,13.2525],[10.7888,154.01,19.8608],[[[0.203004,-0.487494,-0.849199],[0.578682,0.759329,-0.297567],[0.789884,-0.431009,0.436251]],[[-0.192674,-0.227249,-0.954586],[0.349541,0.893106,-0.283165],[0.916896,-0.388226,-0.092645]],[[-0.192674,-0.227249,-0.954586],[-0.19011,0.963027,-0.190887],[0.962671,0.144698,-0.228752]],[[-0.192674,-0.227249,-0.954586],[-0.853271,0.519195,0.0486244],[0.484567,0.82389,-0.29394]]],0],[4261,[-0.952196,0.0663247,0.2982],426,56.491,[-44.5335,165.248,-23.1498],[-44.5354,166.211,-23.9868],[6.36777,22.6564,-0.671639],false,[95.9255,149.095,-19.3101],[29.9732,161.535,-41.4465],[-10.6747,164.014,-34.7517],[-32.7831,165.554,-27.828],[-47.8736,166.7,-21.477],[[[-0.189423,-0.981814,0.012632],[0.30531,-0.0711214,-0.949593],[0.933223,-0.176018,0.31323]],[[-0.0512169,-0.99699,0.0582042],[-0.165228,-0.0490183,-0.985037],[0.984925,-0.0600674,-0.16222]],[[-0.0512169,-0.99699,0.0582042],[-0.301163,-0.0401489,-0.952727],[0.952196,-0.0663247,-0.2982]],[[-0.0512169,-0.99699,0.0582042],[-0.38986,-0.0336968,-0.920257],[0.919449,-0.0698242,-0.386961]]],1],[4262,[0.702817,0.107522,0.703198],426,64.367,[43.7702,154.495,22.6573],[43.6267,154.137,22.4754],[6.62636,-23.3213,-14.1273],false,[93.6802,137.59,-20.8924],[29.9581,140.277,-41.4816],[11.2414,151.342,-0.602662],[30.4397,154.279,18.6061],[47.7288,154.094,23.7943],[[[-0.110854,-0.969962,0.216531],[0.289305,-0.239932,-0.92668],[0.950797,-0.0400826,0.307212]],[[-0.0784604,-0.970764,0.226851],[-0.911284,-0.0224295,-0.411166],[0.404233,-0.238986,-0.882882]],[[-0.0784604,-0.970764,0.226851],[-0.707031,0.214608,0.673833],[-0.702817,-0.107522,-0.703198]],[[-0.0784604,-0.970764,0.226851],[-0.276681,0.239818,0.930556],[-0.957753,0.0102463,-0.287408]]],2],[4263,[0.691357,0.197033,0.695128],426,61.8905,[48.0133,138.441,22.3238],[49.1505,137.989,21.7839],[-5.83176,-26.8042,-9.84718],false,[91.8794,126.024,-19.3932],[34.6895,119.403,-36.8922],[16.3991,132.287,-0.264822],[34.7967,137.531,18.2331],[51.9243,138.484,23.512],[[[0.00878064,-0.944423,0.328616],[0.310807,-0.309774,-0.898576],[0.950432,0.110026,0.290814]],[[-0.0433926,-0.949038,0.312161],[-0.90361,-0.0959975,-0.417462],[0.426154,-0.300186,-0.853394]],[[-0.0433926,-0.949038,0.312161],[-0.721209,0.245978,0.647574],[-0.691357,-0.197033,-0.695128]],[[-0.0433926,-0.949038,0.312161],[-0.295713,0.310655,0.903353],[-0.954291,-0.0531112,-0.294123]]],3],[4264,[0.684482,0.312737,0.658544],426,48.521,[48.1682,123.332,14.4721],[48.731,122.922,14.0297],[-19.1751,-29.2873,-2.73748],false,[90.2838,115.362,-10.9849],[39.1571,101.359,-28.0893],[23.2433,115.885,-1.83217],[36.1036,121.761,10.5408],[51.7326,123.698,15.6539],[[[0.0672479,-0.861088,0.503989],[0.391129,-0.441949,-0.807279],[0.917876,0.251412,0.307076]],[[-0.042134,-0.884836,0.463994],[-0.882449,-0.184818,-0.432581],[0.468518,-0.427677,-0.773035]],[[-0.042134,-0.884836,0.463994],[-0.727811,0.345343,0.592477],[-0.684482,-0.312737,-0.658544]],[[-0.042134,-0.884836,0.463994],[-0.32752,0.450977,0.830271],[-0.943904,-0.116985,-0.308803]]],4]],[[0,200,0],[235.247,235.247,147.751]]]]}