{"metadata":{"formatVersion":2,"generatedBy":"LeapJS Playback 0.2.1","frames":550,"protocolVersion":6,"serviceVersion":"2.2.3+25971","frameRate":"1.1e+2","modified":"Sun Mar 08 2015 17:32:16 GMT-0300 (E. South America Standard Time)"},"frames":[["id","timestamp",{"hands":[["id","type","direction","palmNormal","palmPosition","palmVelocity","stabilizedPalmPosition","pinchStrength","grabStrength","confidence","armBasis","armWidth","elbow","wrist"]]},{"pointables":[["id","direction","handId","length","stabilizedTipPosition","tipPosition","tipVelocity","tool","carpPosition","mcpPosition","pipPosition","dipPosition","btipPosition","bases","type"]]},{"interactionBox":["center","size"]}],[77644,100072156291,[[167,"right",[-0.365294,0.381487,-0.849133],[-0.268073,-0.91664,-0.296491],[118.833,107.402,37.2836],[1.19209e-7,1.19209e-7,1.19209e-7],[118.833,107.402,37.2836],0,0,0,[[0.914895,-0.148507,-0.375385],[0.278923,0.90477,0.32186],[0.291838,-0.399171,0.869191]],63.72,[225.309,-17.9243,315.767],[146.512,89.852,81.0857]]],[[1670,[-0.877721,0.209587,-0.430906],167,52.1164,[28.6341,104.815,53.1818],[28.6341,104.815,53.1818],[1.19209e-7,1.19209e-7,1.19209e-7],false,[119.453,82.0485,93.2505],[119.453,82.0485,93.2505],[74.0762,94.1681,76.3447],[44.1498,101.314,61.6527],[23.9995,105.861,50.6516],[[[0.527211,0.846293,-0.0763956],[-0.454992,0.357084,0.815765],[0.717656,-0.395321,0.573315]],[[0.327316,0.919015,-0.219719],[-0.2579,0.310587,0.91489],[0.909039,-0.242792,0.338674]],[[0.327316,0.919015,-0.219719],[-0.349959,0.333895,0.875239],[0.877721,-0.209587,0.430906]],[[0.327316,0.919015,-0.219719],[-0.389309,0.343035,0.854849],[0.86099,-0.194267,0.470061]]],0],[1671,[-0.555178,-0.02014,-0.831488],167,58.8075,[43.5239,122.391,-39.1419],[43.5239,122.391,-39.1419],[1.19209e-7,1.19209e-7,1.19209e-7],false,[127.976,103.092,86.4363],[87.9607,121.907,27.638],[64.2626,123.765,-8.14906],[50.8437,123.278,-28.2465],[41.3375,122.126,-42.3964],[[[0.817469,-0.0535771,-0.573476],[0.189486,0.965258,0.179925],[0.543912,-0.255749,0.79922]],[[0.83083,-0.0599634,-0.553286],[0.0738794,0.997263,0.00285923],[0.551601,-0.043252,0.832986]],[[0.83083,-0.0599634,-0.553286],[0.0387156,0.997997,-0.0500233],[0.555178,0.02014,0.831488]],[[0.83083,-0.0599634,-0.553286],[0.0123304,0.995918,-0.0894187],[0.55639,0.0674695,0.828178]]],1],[1672,[-0.396255,0.0953553,-0.913175],167,67.0064,[73.3545,133.902,-64.4104],[73.3545,133.902,-64.4104],[1.19209e-7,1.19209e-7,1.19209e-7],false,[137.936,104.233,79.2864],[108.133,121.301,18.5573],[90.7002,131.04,-25.3122],[79.4321,133.752,-51.2797],[71.5392,133.947,-68.3326],[[[0.839077,-0.2514,-0.48244],[0.336856,0.936454,0.0978852],[0.427175,-0.244646,0.870443]],[[0.872297,-0.271252,-0.406842],[0.329084,0.941061,0.078151],[0.361664,-0.202056,0.91015]],[[0.872297,-0.271252,-0.406842],[0.286495,0.957773,-0.0243067],[0.396255,-0.0953553,0.913175]],[[0.872297,-0.271252,-0.406842],[0.250365,0.962453,-0.104891],[0.420017,-0.0103632,0.907457]]],2],[1673,[-0.298975,-0.0440863,-0.953242],167,64.4285,[106.221,117.689,-68.3488],[106.221,117.689,-68.3488],[1.19209e-7,1.19209e-7,1.19209e-7],false,[148.146,102.203,72.7627],[129.972,116.233,14.482],[119.427,121.306,-28.638],[111.144,120.085,-55.0447],[104.751,116.973,-72.3227],[[[0.864996,-0.354535,-0.355086],[0.409389,0.907824,0.0908648],[0.290141,-0.223966,0.930407]],[[0.889391,-0.374892,-0.26161],[0.391511,0.920089,0.0125084],[0.236015,-0.113548,0.965093]],[[0.889391,-0.374892,-0.26161],[0.345829,0.92602,-0.151293],[0.298975,0.0440863,0.953242]],[[0.889391,-0.374892,-0.26161],[0.303113,0.911988,-0.276407],[0.342208,0.166537,0.924748]]],3],[1674,[-0.00307755,-0.117654,-0.99305],167,50.5107,[151.56,102.808,-55.7025],[151.56,102.808,-55.7025],[1.19209e-7,1.19209e-7,1.19209e-7],false,[157.591,93.0417,67.3387],[149.017,106.856,11.6797],[152.813,108.278,-23.4464],[152.752,105.977,-42.8692],[151.204,101.862,-59.5359],[[[0.81315,-0.523166,-0.255115],[0.562958,0.818252,0.11637],[0.147867,-0.238245,0.959883]],[[0.81774,-0.571881,0.0652208],[0.565489,0.81935,0.0942737],[-0.107352,-0.0402097,0.993408]],[[0.81774,-0.571881,0.0652208],[0.57558,0.811856,-0.0979704],[0.00307755,0.117654,0.99305]],[[0.81774,-0.571881,0.0652208],[0.568534,0.78483,-0.246597],[0.0898367,0.238732,0.966921]]],4]],[[0,200,0],[235.247,235.247,147.751]]],[77645,100072165195,[[167,"right",[-0.3868,0.392202,-0.834604],[-0.269413,-0.913625,-0.304476],[118.919,105.619,40.4787],[9.67169,-200.29,358.839],[118.834,107.385,37.3146],0,0,0.0441915,[[0.915991,-0.147768,-0.372995],[0.276239,0.906517,0.319248],[0.290952,-0.395464,0.871181]],63.72,[226.25,-19.2049,318.582],[147.693,87.5703,83.3634]]],[[1670,[-0.885542,0.222685,-0.40771],167,52.1164,[28.6397,104.805,53.2191],[29.336,103.06,58.376],[87.9058,-154.188,581.949],false,[120.965,79.4138,96.0178],[120.965,79.4138,96.0178],[75.3366,92.0506,80.201],[45.1435,99.6432,66.2999],[24.7192,104.577,55.9929],[[[0.52038,0.850613,-0.0752491],[-0.438334,0.341702,0.831326],[0.73285,-0.399621,0.550667]],[[0.327017,0.922156,-0.20661],[-0.239888,0.292473,0.925696],[0.914064,-0.253155,0.316858]],[[0.327017,0.922156,-0.20661],[-0.329963,0.31629,0.889429],[0.885542,-0.222685,0.40771]],[[0.327017,0.922156,-0.20661],[-0.362568,0.324329,0.873702],[0.872699,-0.210805,0.440406]]],0],[1671,[-0.575178,-0.0114423,-0.817948],167,58.8075,[43.5012,122.378,-39.0767],[41.7375,121.331,-33.9247],[-204.748,-117.681,588.992],false,[129.207,100.611,89.3383],[87.7505,120.078,31.763],[63.181,122.418,-3.4028],[49.2787,122.141,-23.1729],[39.4373,121.104,-37.1009],[[[0.804467,-0.0397103,-0.592669],[0.187903,0.963538,0.190493],[0.563494,-0.264609,0.782596]],[[0.817442,-0.0458958,-0.57418],[0.068831,0.997461,0.0182627],[0.571884,-0.0544501,0.818525]],[[0.817442,-0.0458958,-0.57418],[0.0309704,0.998881,-0.0357517],[0.575178,0.0114423,0.817948]],[[0.817442,-0.0458958,-0.57418],[0.00257279,0.997102,-0.0760382],[0.576006,0.0606795,0.81519]]],1],[1672,[-0.416817,0.107129,-0.902656],167,67.0064,[73.318,133.894,-64.3366],[71.0234,133.416,-59.7476],[-258.753,-53.0362,522.645],false,[138.994,101.924,81.9823],[107.713,119.737,22.2179],[89.2714,130.073,-21.099],[77.4186,133.119,-46.7672],[69.1485,133.522,-63.6368],[[[0.829302,-0.238769,-0.505221],[0.333528,0.93691,0.104688],[0.44835,-0.255323,0.856617]],[[0.86462,-0.259738,-0.43008],[0.325647,0.941569,0.0860297],[0.382605,-0.214437,0.898683]],[[0.86462,-0.259738,-0.43008],[0.280528,0.959719,-0.015637],[0.416817,-0.107129,0.902656]],[[0.86462,-0.259738,-0.43008],[0.24239,0.965441,-0.0957637],[0.44009,-0.0214479,0.897698]]],2],[1673,[-0.316389,-0.02859,-0.948199],167,64.4285,[106.196,117.688,-68.3041],[104.061,117.569,-64.7358],[-229.775,-6.02074,401.334],false,[149.064,100.058,75.1976],[129.483,114.867,17.5692],[118.094,120.597,-25.2528],[109.329,119.805,-51.5198],[102.636,116.987,-68.7347],[[[0.858723,-0.343684,-0.3801],[0.406048,0.90884,0.0955785],[0.312602,-0.236415,0.919994]],[[0.88605,-0.365934,-0.284618],[0.38722,0.921763,0.0203508],[0.254903,-0.128242,0.958425]],[[0.88605,-0.365934,-0.284618],[0.338841,0.930201,-0.14111],[0.316389,0.02859,0.948199]],[[0.88605,-0.365934,-0.284618],[0.29424,0.918342,-0.26471],[0.358243,0.1508,0.921369]]],3],[1674,[-0.0230102,-0.0982681,-0.994894],167,50.5107,[151.537,102.809,-55.674],[149.608,102.804,-53.2993],[-215.056,8.83307,268.808],false,[158.436,91.0391,69.4192],[148.513,105.653,14.19],[151.525,107.72,-20.98],[151.074,105.798,-40.439],[149.218,102.018,-57.1534],[[[0.810158,-0.514147,-0.281599],[0.560679,0.81984,0.116197],[0.171124,-0.252024,0.952471]],[[0.822409,-0.567688,0.037051],[0.562486,0.821165,0.0964229],[-0.0851632,-0.0584584,0.994651]],[[0.822409,-0.567688,0.037051],[0.568431,0.817358,-0.0938792],[0.0230102,0.0982681,0.994894]],[[0.822409,-0.567688,0.037051],[0.55861,0.793495,-0.241496],[0.107695,0.219306,0.969694]]],4]],[[0,200,0],[235.247,235.247,147.751]]],[77646,100072174497,[[167,"right",[-0.404457,0.394667,-0.825016],[-0.258968,-0.914596,-0.310562],[116.998,103.859,44.2283],[-51.3613,-197.156,371.334],[118.805,107.329,37.4231],0,0,0.0929884,[[0.917197,-0.133889,-0.375265],[0.26416,0.909434,0.32117],[0.298277,-0.393706,0.869498]],63.72,[227.179,-20.474,321.286],[146.644,85.8267,86.522]]],[[1670,[-0.890898,0.221088,-0.396764],167,52.1164,[28.6335,104.763,53.3289],[27.9275,100.332,63.2108],[22.3955,-185.484,562.615],false,[120.226,77.1085,99.4504],[120.226,77.1085,99.4504],[74.3589,89.5882,84.2104],[43.9832,97.1263,70.6825],[23.3249,102.127,60.8868],[[[0.505659,0.859623,-0.0731924],[-0.432246,0.325853,0.840823],[0.746641,-0.393532,0.536339]],[[0.317615,0.927691,-0.19624],[-0.234165,0.277284,0.931816],[0.918851,-0.250006,0.305302]],[[0.317615,0.927691,-0.19624],[-0.324688,0.300848,0.896699],[0.890898,-0.221088,0.396764]],[[0.317615,0.927691,-0.19624],[-0.346359,0.30616,0.886737],[0.882698,-0.213671,0.418555]]],0],[1671,[-0.58822,-0.0117049,-0.808616],167,58.8075,[43.3745,122.301,-38.8229],[38.4558,119.202,-28.8588],[-248.26,-147.44,577.762],false,[128.036,98.5049,92.887],[85.4861,117.906,36.0926],[60.3181,120.389,1.36261],[46.1005,120.106,-18.182],[36.0515,119.017,-31.9569],[[[0.796765,-0.0205287,-0.603941],[0.175111,0.964384,0.19824],[0.578362,-0.263707,0.771982]],[[0.808577,-0.0259884,-0.587816],[0.0549851,0.99799,0.0315126],[0.585815,-0.0578015,0.808381]],[[0.808577,-0.0259884,-0.587816],[0.0141343,0.999594,-0.0247512],[0.58822,0.0117049,0.808616]],[[0.808577,-0.0259884,-0.587816],[-0.0165003,0.99763,-0.0668041],[0.588159,0.0637154,0.806232]]],1],[1672,[-0.430452,0.109547,-0.895941],167,67.0064,[73.132,133.833,-64.0472],[67.3164,131.922,-55.0465],[-297.773,-83.6341,517.53],false,[137.699,100.052,85.4132],[105.318,117.986,26.2739],[86.1442,128.478,-16.6859],[73.9037,131.594,-42.1632],[65.403,132.028,-58.917],[[[0.825973,-0.220069,-0.518978],[0.319948,0.941006,0.110183],[0.464113,-0.257054,0.847657]],[[0.862863,-0.241382,-0.444073],[0.311805,0.9457,0.091809],[0.397799,-0.217683,0.891274]],[[0.862863,-0.241382,-0.444073],[0.264912,0.964227,-0.0093792],[0.430452,-0.109547,0.895941]],[[0.862863,-0.241382,-0.444073],[0.225477,0.970154,-0.089224],[0.452357,-0.0231404,0.891537]]],2],[1673,[-0.322013,-0.018226,-0.94656],167,64.4285,[106.079,117.675,-68.1308],[100.898,116.922,-60.7612],[-255.548,-20.1117,406.589],false,[147.703,98.4197,78.4726],[127.097,113.516,21.2778],[115.309,119.624,-21.3838],[106.389,119.119,-47.6054],[99.6356,116.516,-64.8308],[[[0.858784,-0.325805,-0.395401],[0.392775,0.914205,0.099788],[0.328966,-0.241,0.913072]],[[0.888988,-0.349665,-0.295695],[0.374294,0.926848,0.0292758],[0.263827,-0.136703,0.954834]],[[0.888988,-0.349665,-0.295695],[0.325589,0.936698,-0.128799],[0.322013,0.018226,0.94656]],[[0.888988,-0.349665,-0.295695],[0.281179,0.926462,-0.250212],[0.36144,0.139293,0.921932]]],3],[1674,[-0.0355279,-0.0871197,-0.995564],167,50.5107,[151.409,102.806,-55.5316],[146.411,102.559,-49.9875],[-251.933,-0.577245,293.361],false,[157.137,89.6142,72.471],[146.224,104.645,17.5416],[148.685,107.141,-17.6434],[147.99,105.437,-37.1155],[145.964,101.829,-53.8483],[[[0.814304,-0.498053,-0.298081],[0.549075,0.827494,0.117347],[0.188215,-0.259225,0.9473]],[[0.831869,-0.554652,0.0188501],[0.550589,0.829084,0.0973211],[-0.0696076,-0.0705797,0.995075]],[[0.831869,-0.554652,0.0188501],[0.553834,0.827509,-0.0921778],[0.0355279,0.0871197,0.995564]],[[0.831869,-0.554652,0.0188501],[0.54238,0.80533,-0.239306],[0.117551,0.209295,0.970761]]],4]],[[0,200,0],[235.247,235.247,147.751]]],[77647,100072183251,[[167,"right",[-0.419952,0.373353,-0.827193],[-0.233722,-0.925209,-0.298935],[113.842,103.336,47.7492],[-134.27,-160.289,379.614],[118.717,107.259,37.6058],0,0,0.136929,[[0.91737,-0.11331,-0.381568],[0.250365,0.909503,0.331846],[0.309436,-0.399956,0.862719]],63.72,[227.762,-21.3329,323.016],[144.214,86.6553,90.0821]]],[[1670,[-0.893317,0.196675,-0.404109],167,52.1164,[28.5934,104.688,53.5],[25.2672,98.0571,66.9742],[-63.0218,-199.444,522.632],false,[118.127,77.3182,103.248],[118.127,77.3182,103.248],[71.996,88.6871,87.9374],[41.5379,95.3929,74.159],[20.689,99.9442,64.5498],[[[0.479978,0.873104,-0.0854989],[-0.437335,0.322621,0.839436],[0.760499,-0.365519,0.536691]],[[0.29744,0.932792,-0.203538],[-0.239757,0.279332,0.92978],[0.924146,-0.227754,0.306728]],[[0.29744,0.932792,-0.203538],[-0.336919,0.302023,0.891778],[0.893317,-0.196675,0.404109]],[[0.29744,0.932792,-0.203538],[-0.343412,0.303446,0.888813],[0.890841,-0.194471,0.41059]]],0],[1671,[-0.595169,-0.0351912,-0.802829],167,58.8075,[43.0206,122.06,-38.2845],[34.337,115.827,-24.9283],[-310.543,-207.052,545.021],false,[125.276,98.8574,96.4048],[81.8931,116.366,39.6262],[56.3487,118.087,5.12556],[41.9632,117.237,-14.2792],[31.8247,115.671,-27.9422],[[[0.793975,-0.00414631,-0.607937],[0.147884,0.971258,0.186514],[0.58969,-0.237991,0.771768]],[[0.803469,-0.00802013,-0.595292],[0.0302842,0.999165,0.0274135],[0.594575,-0.0400539,0.803042]],[[0.803469,-0.00802013,-0.595292],[-0.0145102,0.999348,-0.0330484],[0.595169,0.0351912,0.802829]],[[0.803469,-0.00802013,-0.595292],[-0.0481187,0.995763,-0.0783616],[0.593398,0.0916059,0.799679]]],1],[1672,[-0.436689,0.0882727,-0.895271],167,67.0064,[72.6522,133.601,-63.4578],[62.9374,128.884,-51.5905],[-350.873,-152.965,484.15],false,[134.852,100.6,88.8625],[101.665,116.913,29.701],[82.0352,126.399,-13.2871],[69.6173,128.909,-38.7453],[61.0471,128.94,-55.4693],[[[0.829422,-0.201776,-0.520908],[0.292896,0.951114,0.0979488],[0.475679,-0.233813,0.847975]],[[0.867702,-0.221375,-0.445069],[0.285026,0.955124,0.0806098],[0.407251,-0.196801,0.891861]],[[0.867702,-0.221375,-0.445069],[0.237478,0.971185,-0.0200776],[0.436689,-0.0882727,0.895271]],[[0.867702,-0.221375,-0.445069],[0.197752,0.975187,-0.0995163],[0.456056,-0.00166307,0.889949]]],2],[1673,[-0.319749,-0.0336305,-0.946905],167,64.4285,[105.801,117.594,-67.7829],[97.2186,114.949,-57.4175],[-295.566,-72.4239,398.154],false,[144.865,99.1819,81.887],[123.539,113.023,24.6384],[111.615,118.367,-18.0878],[102.757,117.435,-44.3189],[96.1186,114.573,-61.5476],[[[0.865927,-0.305106,-0.396335],[0.366421,0.926329,0.0874637],[0.340451,-0.220963,0.91393]],[[0.898536,-0.327878,-0.291771],[0.348438,0.937119,0.0199607],[0.266879,-0.1196,0.95628]],[[0.898536,-0.327878,-0.291771],[0.300657,0.944121,-0.135057],[0.319749,0.0336305,0.946905]],[[0.898536,-0.327878,-0.291771],[0.257645,0.932219,-0.25414],[0.355321,0.153181,0.922108]]],3],[1674,[-0.0415386,-0.100668,-0.994053],167,50.5107,[151.069,102.768,-55.1892],[142.647,101.766,-46.6014],[-302.729,-26.1321,318.312],false,[154.522,90.5876,75.9337],[142.898,104.672,20.8991],[144.962,106.765,-14.3376],[144.15,104.796,-33.7801],[142.093,100.931,-50.4517],[[[0.826984,-0.477463,-0.296861],[0.525272,0.844412,0.105152],[0.200467,-0.242892,0.949114]],[[0.84796,-0.529747,0.0182137],[0.526834,0.846087,0.0811311],[-0.0583894,-0.0592003,0.996537]],[[0.84796,-0.529747,0.0182137],[0.52843,0.84216,-0.107367],[0.0415386,0.100668,0.994053]],[[0.84796,-0.529747,0.0182137],[0.516459,0.81798,-0.253334],[0.119305,0.224224,0.967207]]],4]],[[0,200,0],[235.247,235.247,147.751]]],[77648,100072192539,[[167,"right",[-0.440002,0.344477,-0.829297],[-0.203316,-0.937731,-0.281645],[110.646,102.774,51.0529],[-193.45,-132.149,372.868],[118.536,107.158,37.9072],0,0,0.180288,[[0.917624,-0.0921989,-0.386607],[0.236234,0.908773,0.343984],[0.319623,-0.406978,0.855693]],63.72,[228.25,-22.0011,324.41],[141.952,87.8829,93.3726]]],[[1670,[-0.896973,0.163866,-0.410593],167,52.1164,[28.4984,104.545,53.7889],[22.7719,95.3238,70.7674],[-119.272,-221.727,484.929],false,[116.326,77.8505,106.928],[116.326,77.8505,106.928],[69.8464,87.7241,91.6345],[39.2635,93.3112,77.6351],[18.2021,97.2071,68.2028],[[[0.447961,0.887969,-0.104125],[-0.441293,0.320891,0.838027],[0.777555,-0.329454,0.535601]],[[0.270556,0.937998,-0.2167],[-0.244512,0.284668,0.926919],[0.931135,-0.197798,0.306371]],[[0.270556,0.937998,-0.2167],[-0.349626,0.305463,0.885694],[0.896973,-0.163866,0.410593]],[[0.270556,0.937998,-0.2167],[-0.341965,0.304055,0.889163],[0.899922,-0.166464,0.403026]]],0],[1671,[-0.604546,-0.064883,-0.793924],167,58.8075,[42.1444,121.405,-37.136],[29.8955,111.651,-20.9003],[-360.721,-270.052,515.246],false,[122.648,99.512,99.6684],[78.1863,114.531,43.011],[52.1303,115.265,8.85974],[37.5182,113.697,-10.3297],[27.2602,111.536,-23.8212],[[[0.788383,0.0137879,-0.61503],[0.114938,0.978843,0.169278],[0.604352,-0.204146,0.770119]],[[0.795094,0.0115036,-0.606377],[0.00122256,0.999788,0.0205701],[0.606485,-0.0170965,0.794911]],[[0.795094,0.0115036,-0.606377],[-0.0484766,0.997827,-0.0446337],[0.604546,0.064883,0.793924]],[[0.795094,0.0115036,-0.606377],[-0.0857764,0.991903,-0.0936543],[0.60039,0.126477,0.789643]]],1],[1672,[-0.444863,0.0627272,-0.893399],167,67.0064,[71.5014,132.931,-62.245],[58.1513,125.073,-48.2648],[-395.471,-221.871,447.79],false,[132.091,101.466,92.0113],[97.8405,115.611,32.8977],[77.6113,123.784,-10.082],[64.961,125.567,-35.4871],[56.2979,125.146,-52.1578],[[[0.831562,-0.180992,-0.525115],[0.259809,0.962363,0.0797299],[0.490921,-0.20273,0.847288]],[[0.871773,-0.198235,-0.448013],[0.252731,0.965376,0.0646247],[0.41969,-0.169565,0.891689]],[[0.871773,-0.198235,-0.448013],[0.205206,0.978145,-0.0335038],[0.444863,-0.0627272,0.893399]],[[0.871773,-0.198235,-0.448013],[0.165813,0.979898,-0.110933],[0.460997,0.0224217,0.887118]]],2],[1673,[-0.321828,-0.0562448,-0.945126],167,64.4285,[105.145,117.327,-67.0721],[93.0032,112.231,-54.2411],[-338.094,-132.412,380.927],false,[142.088,100.287,84.9686],[119.795,112.412,27.6993],[107.487,116.638,-15.0432],[98.5717,115.08,-41.2251],[91.9845,111.837,-58.406],[[[0.872774,-0.280881,-0.399213],[0.334074,0.94002,0.0689781],[0.355893,-0.193569,0.91426]],[[0.90796,-0.301309,-0.291241],[0.315795,0.948823,0.00288461],[0.275467,-0.0945916,0.956645]],[[0.90796,-0.301309,-0.291241],[0.268394,0.951866,-0.148038],[0.321828,0.0562448,0.945126]],[[0.90796,-0.301309,-0.291241],[0.226515,0.937595,-0.263832],[0.352561,0.173578,0.919549]]],3],[1674,[-0.0533925,-0.121601,-0.991142],167,50.5107,[150.238,102.619,-54.4424],[138.349,100.493,-43.5083],[-353.124,-60.3449,322.357],false,[151.992,91.9409,79.0681],[139.405,104.688,23.9197],[140.802,106.089,-11.3841],[139.757,103.71,-30.7696],[137.598,99.4767,-47.3383],[[[0.840823,-0.452829,-0.296586],[0.495876,0.86407,0.0865462],[0.217081,-0.21984,0.951076]],[[0.866605,-0.498784,0.0145108],[0.497428,0.865821,0.0540307],[-0.0395134,-0.0396052,0.998434]],[[0.866605,-0.498784,0.0145108],[0.496131,0.858154,-0.132011],[0.0533925,0.121601,0.991142]],[[0.866605,-0.498784,0.0145108],[0.483014,0.831195,-0.27534],[0.125274,0.24562,0.961237]]],4]],[[0,200,0],[235.247,235.247,147.751]]],[77649,100072201347,[[167,"right",[-0.45024,0.332757,-0.828587],[-0.190276,-0.942406,-0.275074],[107.041,100.709,53.2402],[-251.626,-159.744,339.292],[118.198,106.969,38.3581],0,0,0.225056,[[0.915204,-0.0793288,-0.395105],[0.227185,0.911349,0.343262],[0.332848,-0.403917,0.852093]],63.72,[228.696,-22.5043,325.52],[138.826,86.5534,95.4552]]],[[1670,[-0.896367,0.153646,-0.415835],167,52.1164,[28.314,104.313,54.1991],[19.6633,92.6904,73.2274],[-181.173,-237.977,426.934],false,[113.442,76.2006,109.221],[113.442,76.2006,109.221],[66.8622,85.667,93.9733],[36.3,90.9056,79.7951],[15.0965,94.6998,70.644],[[[0.433382,0.89424,-0.111869],[-0.441295,0.318804,0.838822],[0.785773,-0.314163,0.532788]],[[0.262658,0.939715,-0.218968],[-0.245517,0.284557,0.926687],[0.93313,-0.189641,0.305457]],[[0.262658,0.939715,-0.218968],[-0.357123,0.305498,0.882686],[0.896367,-0.153646,0.415835]],[[0.262658,0.939715,-0.218968],[-0.331943,0.301087,0.893958],[0.905994,-0.16212,0.391014]]],0],[1671,[-0.610855,-0.0755625,-0.788129],167,58.8075,[40.5969,120.244,-35.3775],[25.5723,108.232,-18.1449],[-397.327,-298.465,461.547],false,[119.381,97.9157,101.8],[74.3547,111.91,45.3266],[47.9751,112.41,11.4204],[33.2105,110.584,-7.62899],[22.8674,108.171,-21.0125],[[[0.784418,0.02254,-0.619823],[0.100601,0.981482,0.163008],[0.61202,-0.190221,0.767625]],[[0.789236,0.021034,-0.613729],[-0.00945401,0.999711,0.022105],[0.614017,-0.0116439,0.789207]],[[0.789236,0.021034,-0.613729],[-0.0629525,0.996919,-0.046788],[0.610854,0.0755625,0.788129]],[[0.789236,0.021034,-0.613729],[-0.10314,0.989756,-0.0987135],[0.605366,0.141208,0.783321]]],1],[1672,[-0.44943,0.0544981,-0.891652],167,67.0064,[69.515,131.702,-60.4133],[53.7115,121.781,-45.9211],[-423.788,-260.354,398.256],false,[128.746,99.9731,94.0758],[93.9294,113.238,35.0894],[73.3767,120.897,-7.8315],[60.5965,122.447,-33.1869],[51.8763,121.907,-49.8244],[[[0.831172,-0.171018,-0.529062],[0.24518,0.966749,0.0726861],[0.499039,-0.19013,0.845464]],[[0.872516,-0.187355,-0.451236],[0.238534,0.969355,0.0587523],[0.426401,-0.158897,0.890469]],[[0.872516,-0.187355,-0.451236],[0.191647,0.980779,-0.0366526],[0.44943,-0.0544981,0.891652]],[[0.872516,-0.187355,-0.451236],[0.152922,0.981873,-0.111985],[0.464037,0.0287048,0.88535]]],2],[1673,[-0.324153,-0.0642509,-0.94382],167,64.4285,[103.94,116.752,-65.9487],[88.7809,109.386,-52.0612],[-375.531,-182.955,344.366],false,[138.719,98.9088,86.98],[115.9,110.353,29.7775],[103.351,114.134,-12.9367],[94.3717,112.354,-39.0824],[87.7831,108.992,-56.2398],[[[0.874686,-0.269521,-0.402842],[0.319721,0.945506,0.0616158],[0.364283,-0.182692,0.913193]],[[0.911281,-0.289034,-0.293301],[0.301142,0.953571,-0.00405414],[0.280855,-0.0846309,0.956012]],[[0.911281,-0.289034,-0.293301],[0.253951,0.95516,-0.152242],[0.324153,0.0642509,0.94382]],[[0.911281,-0.289034,-0.293301],[0.21264,0.940254,-0.265905],[0.352633,0.179947,0.918297]]],3],[1674,[-0.0616079,-0.12768,-0.9899],167,50.5107,[148.711,102.215,-53.2521],[133.984,98.2816,-41.475],[-394.572,-112.204,297.547],false,[148.717,90.6848,81.0677],[135.605,102.915,25.9243],[136.559,104.045,-9.40398],[135.354,101.547,-28.7652],[133.115,97.2322,-45.3022],[[[0.846038,-0.44135,-0.299049],[0.482793,0.872196,0.0786438],[0.22612,-0.210914,0.950992]],[[0.874567,-0.484837,0.00810546],[0.484154,0.874021,0.0410281],[-0.0269763,-0.0319576,0.999125]],[[0.874567,-0.484837,0.00810546],[0.480975,0.865235,-0.141534],[0.0616079,0.12768,0.9899]],[[0.874567,-0.484837,0.00810546],[0.467182,0.838008,-0.281929],[0.129897,0.250352,0.959401]]],4]],[[0,200,0],[235.247,235.247,147.751]]],[77650,100072210562,[[167,"right",[-0.456813,0.316157,-0.831484],[-0.170271,-0.948505,-0.267106],[103.079,98.5333,55.4593],[-301.583,-181.129,311.708],[117.5,106.579,39.148],0,0,0.270744,[[0.912886,-0.0603721,-0.403726],[0.213245,0.913861,0.345522],[0.348089,-0.401515,0.847124]],63.72,[229.123,-22.9998,326.524],[135.138,85.4092,97.8002]]],[[1670,[-0.892462,0.137992,-0.429501],167,52.1164,[27.9196,103.865,54.8796],[16.1798,89.649,75.1203],[-235.253,-259.105,361.879],false,[109.972,74.6411,111.648],[109.972,74.6411,111.648],[63.3695,83.4604,96.0847],[32.9405,88.1654,81.4406],[11.6214,91.7677,72.4825],[[[0.414495,0.90219,-0.119359],[-0.448252,0.316542,0.835986],[0.792,-0.293009,0.535613]],[[0.25222,0.941992,-0.221442],[-0.254563,0.28537,0.923992],[0.933586,-0.176678,0.311772]],[[0.25222,0.941992,-0.221442],[-0.374029,0.305957,0.875496],[0.892462,-0.137992,0.429501]],[[0.25222,0.941992,-0.221442],[-0.326476,0.298259,0.896914],[0.910933,-0.153924,0.382765]]],0],[1671,[-0.611154,-0.0899849,-0.78638],167,58.8075,[37.8464,118.073,-32.6154],[21.346,104.139,-15.8976],[-415.633,-335.352,400.757],false,[115.455,96.4128,104.044],[70.1671,108.976,47.4436],[43.7016,109.025,13.6007],[28.9297,106.85,-5.40642],[18.609,104.139,-18.7499],[[[0.78402,0.0338007,-0.619815],[0.0798394,0.984732,0.154692],[0.61558,-0.170767,0.76935]],[[0.78733,0.0328787,-0.615654],[-0.0251946,0.999459,0.0211554],[0.616017,-0.00114512,0.787732]],[[0.78733,0.0328787,-0.615654],[-0.0812547,0.9954,-0.0507538],[0.611154,0.0899849,0.78638]],[[0.78733,0.0328787,-0.615654],[-0.123377,0.986781,-0.105082],[0.604061,0.158692,0.780978]]],1],[1672,[-0.448908,0.0416949,-0.892605],167,67.0064,[66.0889,129.369,-57.5893],[49.4264,117.818,-43.916],[-434.982,-305.526,347.285],false,[124.778,98.6014,96.3046],[89.7136,110.629,37.1999],[69.0527,117.526,-5.79827],[56.2874,118.711,-31.1807],[47.6136,117.977,-47.835],[[[0.834804,-0.157953,-0.527403],[0.224733,0.972281,0.064531],[0.502591,-0.172396,0.847161]],[[0.876673,-0.172836,-0.448968],[0.218421,0.974503,0.0513492],[0.428646,-0.14308,0.892071]],[[0.876673,-0.172836,-0.448968],[0.172994,0.984068,-0.0410347],[0.448908,-0.0416949,0.892605]],[[0.876673,-0.172836,-0.448968],[0.135642,0.984176,-0.114012],[0.461569,0.0390519,0.886244]]],2],[1673,[-0.321696,-0.0784354,-0.943589],167,64.4285,[101.72,115.516,-64.0766],[84.7295,105.954,-49.9385],[-393.786,-236.01,312.316],false,[134.774,97.6873,89.2203],[111.742,108.162,31.9177],[99.15,111.292,-10.8364],[90.2383,109.119,-36.9757],[83.7437,105.502,-54.1172],[[[0.880333,-0.254443,-0.400342],[0.299709,0.95252,0.0536583],[0.367681,-0.167223,0.914794]],[[0.917421,-0.272321,-0.290138],[0.280907,0.959654,-0.0124901],[0.281833,-0.070043,0.956903]],[[0.917421,-0.272321,-0.290138],[0.234202,0.959004,-0.159563],[0.321696,0.0784354,0.943589]],[[0.917421,-0.272321,-0.290138],[0.193675,0.942534,-0.27225],[0.347604,0.193575,0.917442]]],3],[1674,[-0.0635473,-0.136619,-0.988583],167,50.5107,[146.011,101.317,-51.2988],[129.828,95.8445,-39.2284],[-413.67,-155.193,282.321],false,[144.946,89.6259,83.3804],[131.602,101.109,28.1322],[132.304,101.873,-7.2118],[131.061,99.2009,-26.5473],[128.86,94.7537,-43.0543],[[[0.855268,-0.42595,-0.2951],[0.464283,0.882809,0.071345],[0.230127,-0.198029,0.952799]],[[0.884789,-0.465931,0.00751493],[0.465568,0.884557,0.0283871],[-0.0198738,-0.0216179,0.999569]],[[0.884789,-0.465931,0.00751493],[0.461639,0.87421,-0.150488],[0.0635473,0.136619,0.988583]],[[0.884789,-0.465931,0.00751493],[0.448144,0.846369,-0.287797],[0.127733,0.258007,0.957662]]],4]],[[0,200,0],[235.247,235.247,147.751]]],[77651,100072219427,[[167,"right",[-0.464411,0.289025,-0.83713],[-0.143065,-0.957316,-0.251153],[99.3048,97.0042,56.7019],[-335.251,-178.785,265.207],[116.305,105.95,40.3006],0,0,0.311379,[[0.911172,-0.0403774,-0.410044],[0.198775,0.914795,0.351624],[0.360908,-0.401896,0.841561]],63.72,[229.108,-23.0033,326.509],[131.663,85.5086,99.2877]]],[[1670,[-0.890528,0.109664,-0.441513],167,52.1164,[27.1879,103.074,55.9067],[12.8584,86.5863,76.179],[-273.449,-280.597,294.693],false,[106.792,74.2697,113.293],[106.792,74.2697,113.293],[60.0921,81.8034,97.3504],[29.7291,85.5424,82.2967],[8.24994,88.6553,73.5397],[[[0.38903,0.91139,-0.134253],[-0.458156,0.317845,0.830101],[0.799217,-0.261425,0.54121]],[[0.232042,0.944267,-0.233488],[-0.266341,0.292545,0.918412],[0.935531,-0.150923,0.319379]],[[0.232042,0.944267,-0.233488],[-0.391301,0.310377,0.866342],[0.890528,-0.109664,0.441513]],[[0.232042,0.944267,-0.233488],[-0.322264,0.301112,0.897484],[0.91777,-0.133009,0.374174]]],0],[1671,[-0.609341,-0.112525,-0.784883],167,58.8075,[33.9152,114.743,-29.2069],[17.4016,99.6378,-14.7412],[-424.399,-377.046,326.689],false,[111.669,96.0559,105.327],[66.122,106.376,48.4809],[39.6374,105.554,14.6629],[24.9094,102.834,-4.30808],[14.6524,99.707,-17.6098],[[[0.783605,0.0454463,-0.619595],[0.0518013,0.989068,0.13806],[0.619096,-0.14028,0.772685]],[[0.785974,0.0449079,-0.616627],[-0.0471579,0.998808,0.0126324],[0.616459,0.0191501,0.787154]],[[0.785974,0.0449079,-0.616627],[-0.104633,0.992634,-0.0610771],[0.609341,0.112525,0.784883]],[[0.785974,0.0449079,-0.616627],[-0.147808,0.982086,-0.116877],[0.600331,0.183005,0.778532]]],1],[1672,[-0.448067,0.0203832,-0.893768],167,67.0064,[61.4259,125.858,-54.3208],[45.3036,113.389,-43.0433],[-443.627,-354.264,279.685],false,[120.937,98.3758,97.5597],[85.6281,108.407,38.2282],[64.8428,114.093,-4.88706],[52.1014,114.672,-30.3026],[43.4888,113.597,-46.9701],[[[0.839653,-0.143206,-0.523903],[0.197113,0.979193,0.0482531],[0.506091,-0.143784,0.85041]],[[0.881651,-0.155522,-0.445539],[0.191666,0.980765,0.0369262],[0.431226,-0.117951,0.894501]],[[0.881651,-0.155522,-0.445539],[0.148082,0.987622,-0.0517134],[0.448067,-0.0203832,0.893768]],[[0.881651,-0.155522,-0.445539],[0.112436,0.986173,-0.121745],[0.458312,0.0572415,0.886946]]],2],[1673,[-0.317625,-0.103074,-0.942598],167,64.4285,[98.314,113.333,-61.5598],[80.9285,102.13,-48.8386],[-403.658,-289.011,261.099],false,[130.964,97.6247,90.5008],[107.725,106.475,33.0083],[95.1169,108.495,-9.80789],[86.3181,105.64,-35.9197],[79.9618,101.573,-53.0121],[[[0.887713,-0.23621,-0.395184],[0.272631,0.961376,0.0377839],[0.370996,-0.141281,0.917824]],[[0.925238,-0.251209,-0.284305],[0.253591,0.966876,-0.0290396],[0.282183,-0.0452287,0.958294]],[[0.925238,-0.251209,-0.284305],[0.207484,0.962429,-0.175158],[0.317625,0.103074,0.942597]],[[0.925238,-0.251209,-0.284305],[0.167926,0.943141,-0.286855],[0.340201,0.217667,0.914814]]],3],[1674,[-0.062685,-0.154923,-0.985936],167,50.5107,[142.174,99.8227,-48.806],[125.992,93.4118,-37.9041],[-421.419,-188.569,246.17],false,[141.367,89.7562,84.8074],[127.78,99.9217,29.3606],[128.289,99.9859,-5.99485],[127.063,96.9558,-25.2786],[124.962,92.2201,-41.7183],[[[0.867354,-0.406552,-0.287074],[0.439082,0.89665,0.0567966],[0.234314,-0.175312,0.956223]],[[0.89773,-0.440379,0.012121],[0.440311,0.89781,0.00796776],[-0.0143912,-0.00181588,0.999895]],[[0.89773,-0.440379,0.012121],[0.436064,0.884344,-0.166684],[0.062685,0.154923,0.985936]],[[0.89773,-0.440379,0.012121],[0.423346,0.85474,-0.300329],[0.121898,0.274746,0.953759]]],4]],[[0,200,0],[235.247,235.247,147.751]]],[77652,100072228433,[[167,"right",[-0.467644,0.27359,-0.84051],[-0.124981,-0.961806,-0.243536],[95.6209,94.4569,57.5931],[-355.527,-207.373,219.532],[114.235,104.8,42.0312],0,0,0.353817,[[0.908598,-0.0235459,-0.417008],[0.184965,0.917854,0.351186],[0.374484,-0.396218,0.838315]],63.72,[229.194,-23.0735,326.689],[128.084,83.9054,100.344]]],[[1670,[-0.886675,0.0946239,-0.452607],167,52.1164,[25.794,101.599,57.5319],[9.5105,83.2595,76.7752],[-300.906,-302.363,231.88],false,[103.389,72.3297,114.387],[103.389,72.3297,114.387],[56.7099,79.1962,98.0859],[26.4782,82.4224,82.654],[4.8538,85.3788,74.2057],[[[0.372646,0.917209,-0.140937],[-0.465826,0.316246,0.826435],[0.802584,-0.242316,0.545108]],[[0.221863,0.945864,-0.236892],[-0.276291,0.293972,0.91501],[0.935115,-0.137556,0.326555]],[[0.221863,0.945864,-0.236892],[-0.405689,0.310463,0.859668],[0.886675,-0.0946239,0.452607]],[[0.221863,0.945864,-0.236892],[-0.311518,0.298972,0.901982],[0.923977,-0.12632,0.360985]]],0],[1671,[-0.606722,-0.121262,-0.785611],167,58.8075,[29.3464,110.699,-25.7992],[13.7415,95.6001,-14.0196],[-419.451,-392.042,257.717],false,[107.886,94.1351,106.251],[62.2919,103.153,49.222],[35.8654,102.006,15.3681],[21.2007,99.0753,-3.62048],[11.007,95.7813,-16.9305],[[[0.784096,0.054651,-0.618229],[0.0334182,0.990953,0.129984],[0.619739,-0.12258,0.775176]],[[0.78622,0.0542297,-0.615562],[-0.0591661,0.998172,0.0123675],[0.615108,0.0266969,0.787991]],[[0.78622,0.0542297,-0.615562],[-0.117248,0.991138,-0.0624362],[0.606722,0.121262,0.785611]],[[0.78622,0.0542297,-0.615562],[-0.160923,0.979739,-0.119224],[0.596625,0.192795,0.779018]]],1],[1672,[-0.446538,0.0087543,-0.894722],167,67.0064,[56.2059,121.597,-51.1901],[41.5516,109.227,-42.3953],[-437.279,-382.071,222.882],false,[117.129,96.5599,98.4855],[81.7817,105.456,38.9958],[60.9685,110.46,-4.19039],[48.2706,110.709,-29.6331],[39.7146,109.453,-46.3171],[[[0.843354,-0.132152,-0.520856],[0.179096,0.982994,0.0405808],[0.506635,-0.127507,0.85268]],[[0.885007,-0.142951,-0.443088],[0.174086,0.984268,0.0301629],[0.431806,-0.10383,0.895971]],[[0.885007,-0.142951,-0.443088],[0.131781,0.989691,-0.0560856],[0.446538,-0.0087543,0.894722]],[[0.885007,-0.142951,-0.443088],[0.0972903,0.987469,-0.124258],[0.455298,0.0668615,0.887825]]],2],[1673,[-0.313225,-0.116599,-0.942494],167,64.4285,[93.3507,109.783,-58.3301],[77.4231,98.37,-48.0376],[-400.096,-324.704,213.818],false,[127.184,95.934,91.4552],[103.922,103.884,33.8405],[91.3825,105.284,-9.02048],[82.7056,102.054,-35.1294],[76.4712,97.7443,-52.2072],[[[0.8928,-0.223199,-0.391267],[0.254951,0.966475,0.0304252],[0.371359,-0.126918,0.919774]],[[0.930402,-0.236623,-0.279933],[0.235764,0.971096,-0.0372524],[0.280656,-0.0313383,0.959297]],[[0.930402,-0.236623,-0.279933],[0.190376,0.96458,-0.1826],[0.313225,0.116599,0.942494]],[[0.930402,-0.236623,-0.279933],[0.151707,0.943821,-0.293576],[0.333673,0.230676,0.91403]]],3],[1674,[-0.061365,-0.163311,-0.984664],167,50.5107,[136.937,97.4136,-45.7717],[122.353,90.539,-36.9269],[-418.704,-224.833,208.164],false,[137.743,88.2102,85.8499],[124.103,97.6689,30.2912],[124.491,97.3458,-5.06439],[123.291,94.1516,-24.3232],[121.276,89.3083,-40.7424],[[[0.8753,-0.392989,-0.281796],[0.422511,0.904959,0.0503381],[0.235231,-0.163123,0.958153]],[[0.905726,-0.423638,0.0138166],[0.423721,0.905786,-0.00362628],[-0.0109786,0.0091388,0.999898]],[[0.905726,-0.423638,0.0138166],[0.419398,0.890989,-0.173911],[0.061365,0.163311,0.984664]],[[0.905726,-0.423638,0.0138166],[0.407425,0.861149,-0.304017],[0.116895,0.280985,0.952566]]],4]],[[0,200,0],[235.247,235.247,147.751]]],[77653,100072237490,[[167,"right",[-0.467243,0.26371,-0.843884],[-0.114231,-0.964487,-0.23815],[92.0281,91.5525,58.1943],[-366.889,-238.653,177.253],[110.918,102.821,44.4456],0,0,0.395086,[[0.904918,-0.0112672,-0.425436],[0.174404,0.921674,0.346555],[0.388209,-0.387802,0.836005]],63.72,[229.252,-23.1144,326.849],[124.436,81.5921,101.128]]],[[1670,[-0.881698,0.0906964,-0.463015],167,52.1164,[23.3864,99.1644,59.8838],[6.14475,80.4605,77.0045],[-320.966,-300.137,176.573],false,[99.8074,69.8492,115.15],[99.8074,69.8492,115.15],[53.2428,76.5843,98.472],[23.1808,79.6767,82.6852],[1.44465,82.7373,74.5673],[[[0.363786,0.920108,-0.145123],[-0.472143,0.316443,0.822766],[0.802957,-0.230792,0.549541]],[[0.221594,0.945982,-0.236671],[-0.284124,0.294809,0.912338],[0.932829,-0.134925,0.334105]],[[0.221594,0.945982,-0.236671],[-0.416538,0.311274,0.854169],[0.881698,-0.0906964,0.463015]],[[0.221594,0.945982,-0.236671],[-0.297182,0.296673,0.907562],[0.928751,-0.130776,0.34687]]],0],[1671,[-0.6028,-0.124706,-0.788087],167,58.8075,[24.2782,106.051,-22.6146],[10.3625,91.9261,-13.7446],[-405.765,-392.889,193.429],false,[104.112,91.6499,106.899],[58.6438,99.8565,49.6471],[32.3641,98.5568,15.6846],[17.7941,95.5426,-3.36382],[7.67398,92.1891,-16.715],[[[0.785821,0.0589425,-0.615639],[0.0228041,0.99201,0.124085],[0.618033,-0.111548,0.778198]],[[0.788442,0.0584677,-0.612324],[-0.0647428,0.997831,0.0119134],[0.611692,0.0302505,0.790517]],[[0.788442,0.0584677,-0.612324],[-0.122438,0.99047,-0.0630791],[0.6028,0.124706,0.788087]],[[0.788442,0.0584677,-0.612324],[-0.165874,0.978804,-0.120122],[0.592322,0.196278,0.781428]]],1],[1672,[-0.443948,0.00205273,-0.89605],167,67.0064,[50.6864,116.764,-48.4098],[38.1439,105.31,-42.0638],[-421.792,-394.996,171.859],false,[113.359,94.1223,99.1526],[78.1475,102.297,39.4793],[57.3923,106.827,-3.78703],[44.768,106.886,-29.2675],[36.2773,105.55,-45.9787],[[[0.846616,-0.126653,-0.516914],[0.168891,0.985003,0.0352726],[0.504694,-0.117165,0.85531]],[[0.88755,-0.136424,-0.44005],[0.16382,0.986181,0.0246795],[0.430602,-0.0939934,0.897634]],[[0.88755,-0.136424,-0.44005],[0.123146,0.990648,-0.0587432],[0.443948,-0.00205273,0.89605]],[[0.88755,-0.136424,-0.44005],[0.090051,0.988099,-0.124703],[0.451825,0.0710532,0.889272]]],2],[1673,[-0.308123,-0.12595,-0.942972],167,64.4285,[87.8034,105.367,-55.1932],[74.2206,94.6042,-47.5396],[-387.76,-351.21,170.146],false,[123.447,93.557,92.1635],[100.322,100.921,34.4158],[87.9312,101.852,-8.50117],[79.3956,98.3629,-34.6234],[73.2795,93.8983,-51.7042],[[[0.896502,-0.216405,-0.386592],[0.244949,0.969201,0.0254988],[0.369167,-0.117555,0.921898]],[[0.933935,-0.228812,-0.274608],[0.225509,0.973247,-0.0439888],[0.277327,-0.0208439,0.960549]],[[0.933935,-0.228812,-0.274608],[0.181176,0.965288,-0.188131],[0.308123,0.12595,0.942972]],[[0.933935,-0.228812,-0.274608],[0.14356,0.943688,-0.298067],[0.327346,0.238953,0.914192]]],3],[1674,[-0.0594086,-0.168485,-0.983912],167,50.5107,[130.705,94.0116,-42.595],[118.935,87.3327,-36.2091],[-408.914,-260.293,172.352],false,[134.105,85.908,86.6444],[120.578,94.8911,30.9791],[120.923,94.2862,-4.37321],[119.761,90.9909,-23.6174],[117.822,86.097,-40.0307],[[[0.880325,-0.385702,-0.276157],[0.413052,0.909524,0.0464059],[0.233273,-0.15492,0.959991]],[[0.910082,-0.41412,0.015963],[0.414313,0.910061,-0.0115281],[-0.00975332,0.0171052,0.999806]],[[0.910082,-0.41412,0.015963],[0.410148,0.894493,-0.177937],[0.0594086,0.168485,0.983912]],[[0.910082,-0.41412,0.015963],[0.398868,0.864808,-0.304977],[0.112492,0.283921,0.952226]]],4]],[[0,200,0],[235.247,235.247,147.751]]],[77654,100072246507,[[167,"right",[-0.465354,0.257144,-0.846949],[-0.104318,-0.966134,-0.236013],[88.7804,88.5452,58.6557],[-365.044,-264.743,142.576],[106.222,99.7928,47.46],0,0,0.434626,[[0.901529,0.00137786,-0.432716],[0.162602,0.92563,0.341716],[0.401006,-0.378427,0.834259]],63.72,[229.332,-23.1785,327.029],[121.06,78.9968,101.779]]],[[1670,[-0.876658,0.0904943,-0.472526],167,52.1164,[19.7491,95.5746,62.9049],[3.07548,77.6881,77.0108],[-327.07,-298.243,130.812],false,[96.4686,67.0703,115.71],[96.4686,67.0703,115.71],[50.0593,73.8057,98.605],[20.1691,76.8912,82.4939],[-1.67432,80.1352,74.7436],[[[0.356189,0.922956,-0.145881],[-0.479115,0.31443,0.819502],[0.802233,-0.222004,0.554198]],[[0.223155,0.946594,-0.232727],[-0.292962,0.292838,0.910176],[0.929718,-0.13493,0.342664]],[[0.223155,0.946594,-0.232727],[-0.42623,0.309469,0.850034],[0.876658,-0.0904943,0.472526]],[[0.223155,0.946594,-0.232727],[-0.281215,0.291113,0.914424],[0.933338,-0.138612,0.331159]]],0],[1671,[-0.597824,-0.124546,-0.791894],167,58.8075,[19.0416,101.038,-19.8863],[7.44238,88.4955,-13.7242],[-382.323,-386.77,139.428],false,[100.618,88.8863,107.42],[55.3659,96.5233,49.9182],[29.2854,95.2047,15.8031],[14.8357,92.1944,-3.33724],[4.80417,88.8489,-16.7571],[[[0.788344,0.0643473,-0.61186],[0.0132216,0.992514,0.121415],[0.615092,-0.103806,0.781592]],[[0.791632,0.0637895,-0.607659],[-0.0693034,0.997491,0.0144271],[0.607055,0.0306918,0.794067]],[[0.791632,0.0637895,-0.607659],[-0.126196,0.990161,-0.0604596],[0.597824,0.124546,0.791894]],[[0.791632,0.0637895,-0.607659],[-0.169087,0.978566,-0.117554],[0.587135,0.195807,0.78545]]],1],[1672,[-0.440244,-0.00190296,-0.897876],167,67.0064,[45.2792,111.654,-46.1434],[35.2264,101.636,-41.8895],[-396.124,-398.141,130.316],false,[109.881,91.4208,99.7129],[74.8976,99.1117,39.8414],[54.2603,103.294,-3.51627],[41.7413,103.24,-29.0486],[33.335,101.88,-45.8004],[[[0.850315,-0.120417,-0.512312],[0.159811,0.986584,0.0333546],[0.501422,-0.110235,0.858152]],[[0.890428,-0.129484,-0.436317],[0.154337,0.987777,0.0218282],[0.428157,-0.0867762,0.899528]],[[0.890428,-0.129484,-0.436317],[0.115431,0.99158,-0.0586991],[0.440244,0.00190296,0.897876]],[[0.890428,-0.129484,-0.436317],[0.0838385,0.988935,-0.122387],[0.447336,0.0723966,0.891431]]],2],[1673,[-0.301868,-0.132387,-0.944113],167,64.4285,[82.429,100.602,-52.5547],[71.5136,91.0673,-47.189],[-364.363,-364.693,134.397],false,[120.008,90.9274,92.776],[97.1089,97.9223,34.8928],[84.9227,98.4935,-8.08901],[76.5604,94.8261,-34.2428],[70.5818,90.2678,-51.3475],[[[0.900353,-0.209355,-0.381491],[0.236057,0.971443,0.024006],[0.365571,-0.111667,0.924061]],[[0.93748,-0.221163,-0.268735],[0.216195,0.975153,-0.0483355],[0.272747,-0.0127855,0.962001]],[[0.93748,-0.221163,-0.268735],[0.173226,0.966209,-0.190872],[0.301868,0.132387,0.944113]],[[0.93748,-0.221163,-0.268735],[0.136906,0.944228,-0.299485],[0.319982,0.24397,0.915473]]],3],[1674,[-0.0553694,-0.170148,-0.983862],167,50.5107,[124.997,90.3773,-40.022],[116.029,84.3207,-35.6109],[-385.984,-280.148,142.936],false,[130.762,83.3599,87.3318],[117.436,92.0667,31.5745],[117.828,91.3183,-3.77459],[116.745,87.9904,-23.0177],[114.911,83.0997,-39.444],[[[0.88515,-0.378486,-0.270664],[0.404585,0.913347,0.0459217],[0.229829,-0.150154,0.961578]],[[0.913802,-0.405728,0.0187395],[0.406009,0.913749,-0.0148343],[-0.0111044,0.021164,0.999714]],[[0.913802,-0.40572