{"metadata":{"formatVersion":2,"generatedBy":"LeapJS Playback 0.2.1","frames":1,"protocolVersion":6,"serviceVersion":"2.2.5+26752","frameRate":"1.1e+2","modified":"Sun Apr 19 2015 21:57:00 GMT-0300 (E. South America Standard Time)"},"frames":[["id","timestamp",{"hands":[["id","type","direction","palmNormal","palmPosition","palmVelocity","stabilizedPalmPosition","pinchStrength","grabStrength","confidence","armBasis","armWidth","elbow","wrist"]]},{"pointables":[["id","direction","handId","length","stabilizedTipPosition","tipPosition","tipVelocity","tool","carpPosition","mcpPosition","pipPosition","dipPosition","btipPosition","bases","type"]]},{"interactionBox":["center","size"]}],[1282918,271598070260,[[425,"right",[-0.108986,0.992505,-0.0552846],[-0.335348,-0.0890659,-0.937875],[-12.2707,133.662,11.0142],[-0.849384,0.979254,-0.339337],[-15.9111,137.378,17.3748],0.641364,1,0.387832,[[0.986089,0.0344832,-0.162599],[0.00932712,0.965222,0.261264],[0.165954,-0.259146,0.951474]],60.534,[44.0402,17.247,259.272],[1.47304,83.718,15.2188]]],[[4250,[0.0764253,0.782726,-0.617656],425,49.5106,[-45.2772,154.555,-27.7778],[-43.9854,153.564,-27.0144],[6.15669,-1.51742,1.53628],false,[-26.9565,77.3115,15.0529],[-26.9565,77.3115,15.0529],[-51.3556,116.735,5.0891],[-48.8801,142.088,-14.9173],[-42.4581,156.825,-30.2765],[[[0.655229,0.307004,0.690235],[-0.560596,-0.41485,0.716682],[0.506368,-0.856533,-0.0997164]],[[0.519907,0.497304,0.69454],[-0.681888,-0.248113,0.68809],[0.514515,-0.831341,0.21011]],[[0.519907,0.497304,0.69454],[-0.850797,0.374204,0.368938],[-0.0764253,-0.782726,0.617656]],[[0.519907,0.497304,0.69454],[-0.803906,0.559775,0.200965],[-0.288846,-0.662828,0.690817]]],0],[4251,[0.195539,-0.980587,-0.0146371],425,55.8671,[-44.1558,127.174,-11.795],[-40.7449,120.184,-12.0937],[-0.0473681,-2.76495,4.97378],false,[-14.6651,89.6964,29.288],[-36.4274,155.428,19.7727],[-49.7808,151.961,-18.6392],[-45.2908,129.445,-18.9753],[-39.4555,117.42,-9.76613],[[[0.904186,0.249131,-0.346961],[0.292393,0.231135,0.927945],[0.311375,-0.940484,0.136145]],[[0.92213,0.188921,-0.337618],[-0.206482,0.978311,-0.0165245],[0.327173,0.0849497,0.941138]],[[0.92213,0.188921,-0.337618],[-0.333829,-0.05252,-0.941169],[-0.195539,0.980587,0.0146371]],[[0.92213,0.188921,-0.337618],[-0.142932,-0.644566,-0.751069],[-0.35951,0.74084,-0.567371]]],1],[4252,[0.0469871,-0.998413,0.0310406],425,63.6561,[-35.9825,121.77,-17.1433],[-31.7509,115.563,-17.2676],[1.52077,-1.53151,2.9228],false,[-3.90344,93.4794,26.6975],[-16.172,157.466,14.5245],[-37.4214,153.044,-25.7951],[-36.152,126.072,-24.9565],[-30.3915,112.51,-14.8771],[[[0.874758,0.0767003,-0.478452],[0.447813,0.249222,0.858692],[0.185103,-0.965404,0.183661]],[[0.883112,0.0269988,-0.468384],[-0.0690089,0.994959,-0.0727608],[0.464058,0.0965786,0.880524]],[[0.883112,0.0269988,-0.468384],[-0.466802,-0.0494203,-0.88298],[-0.0469871,0.998413,-0.0310406]],[[0.883112,0.0269988,-0.468384],[-0.340577,-0.64974,-0.679592],[-0.322676,0.759677,-0.564598]]],2],[4253,[-0.0677326,-0.988395,0.135968],425,61.2071,[-20.7337,119.026,-14.3303],[-16.1028,112.224,-16.1674],[-0.0749239,0.459409,0.341638],false,[6.49437,95.3357,21.7323],[3.92444,153.121,7.75139],[-17.8156,148.361,-28.392],[-19.5981,122.35,-24.8137],[-15.0807,109.26,-13.7088],[[[0.856199,-0.08521,-0.509571],[0.514838,0.223163,0.827732],[0.0431863,-0.97105,0.234941]],[[0.857267,-0.127373,-0.498868],[0.0525174,0.985495,-0.161374],[0.512187,0.112141,0.851522]],[[0.857267,-0.127373,-0.498868],[-0.510397,-0.0827713,-0.855946],[0.0677326,0.988395,-0.135968]],[[0.857267,-0.127373,-0.498868],[-0.447569,-0.663305,-0.599757],[-0.254509,0.73743,-0.625638]]],3],[4254,[-0.11118,-0.991686,0.06479],425,47.9852,[-3.55858,124.458,-18.4108],[0.873876,117.957,-20.0602],[-0.239135,1.10451,-0.232817],false,[14.9197,93.4421,11.3286],[20.5689,146.603,-1.95686],[-0.818584,146.476,-27.8592],[-2.88441,128.049,-26.6553],[1.97805,114.946,-18.1236],[[[0.758528,-0.23272,-0.608668],[0.64352,0.12052,0.755881],[-0.102552,-0.965047,0.241178]],[[0.765169,-0.127022,-0.631175],[0.0955596,0.991893,-0.0837687],[0.636698,0.00378243,0.771104]],[[0.765169,-0.127022,-0.631175],[-0.634157,0.020599,-0.77293],[0.11118,0.991686,-0.06479]],[[0.765169,-0.127022,-0.631175],[-0.571261,-0.586098,-0.574587],[-0.296945,0.800222,-0.521027]]],4]],[[0,200,0],[235.247,235.247,147.751]]]]}