{"metadata":{"formatVersion":2,"generatedBy":"LeapJS Playback 0.2.1","frames":1,"protocolVersion":6,"serviceVersion":"2.2.5+26752","frameRate":"1.1e+2","modified":"Sun Apr 19 2015 21:57:24 GMT-0300 (E. South America Standard Time)"},"frames":[["id","timestamp",{"hands":[["id","type","direction","palmNormal","palmPosition","palmVelocity","stabilizedPalmPosition","pinchStrength","grabStrength","confidence","armBasis","armWidth","elbow","wrist"]]},{"pointables":[["id","direction","handId","length","stabilizedTipPosition","tipPosition","tipVelocity","tool","carpPosition","mcpPosition","pipPosition","dipPosition","btipPosition","bases","type"]]},{"interactionBox":["center","size"]}],[1283020,271598954803,[[425,"right",[-0.0633987,0.997844,0.0169814],[-0.332797,-0.00509668,-0.942985],[-5.57596,137.01,14.9758],[35.2632,19.5356,9.56333],[-14.953,136.967,16.618],0.806327,1,0.361414,[[0.986553,0.00884767,-0.163203],[0.0421963,0.950895,0.306625],[0.157901,-0.309388,0.937734]],60.534,[46.3573,6.95738,256.096],[5.85557,86.3155,15.5675]]],[[4250,[-0.0770503,0.850793,-0.519822],425,49.5106,[-46.651,154.087,-24.3363],[-47.1756,156.357,-19.3621],[9.75649,41.7785,42.9053],false,[-22.834,81.2472,14.8397],[-22.834,81.2472,14.8397],[-52.3307,118.027,9.73831],[-54.8264,145.585,-7.09916],[-46.3356,159.59,-22.135],[[[0.663893,0.225601,0.712986],[-0.583628,-0.439806,0.682604],[0.467572,-0.869296,-0.160317]],[[0.482748,0.488017,0.727182],[-0.616491,-0.400382,0.677963],[0.622008,-0.775586,0.107574]],[[0.482748,0.488017,0.727182],[-0.872363,0.194913,0.44832],[0.0770503,-0.850793,0.519822]],[[0.482748,0.488017,0.727182],[-0.788108,0.604174,0.117728],[-0.381891,-0.629931,0.676274]]],0],[4251,[0.138956,-0.971745,-0.190795],425,55.8671,[-42.1046,126.244,-11.6268],[-35.2606,129.291,-11.5183],[43.2709,47.8416,-7.69397],false,[-10.0875,91.9868,29.982],[-28.7764,159.164,25.22],[-42.7951,162.712,-12.9467],[-39.6044,140.399,-17.3277],[-34.2373,126.895,-10.0957],[[[0.916863,0.232046,-0.324833],[0.296411,0.14933,0.943314],[0.2674,-0.961174,0.068134]],[[0.926283,0.195684,-0.322037],[-0.154998,0.976807,0.147727],[0.343475,-0.0869216,0.935131]],[[0.926283,0.195684,-0.322037],[-0.350273,0.131981,-0.927302],[-0.138956,0.971745,0.190795]],[[0.926283,0.195684,-0.322037],[-0.180729,-0.519199,-0.835326],[-0.330661,0.83195,-0.445559]]],1],[4252,[-0.0487026,-0.989519,-0.135943],425,63.6561,[-33.8967,121.588,-17.2496],[-27.2479,125.498,-17.4561],[51.7922,46.9005,-3.37588],false,[0.851938,95.4513,27.7105],[-8.41473,160.649,20.202],[-29.5689,164.67,-20.2095],[-30.8845,137.938,-23.882],[-26.3037,122.721,-15.7473],[[[0.880506,0.071175,-0.468662],[0.452949,0.165272,0.876084],[0.139812,-0.983676,0.113284]],[[0.886592,0.0198517,-0.462127],[0.0230571,0.99594,0.0870181],[0.461978,-0.0878048,0.882534]],[[0.886592,0.0198517,-0.462127],[-0.459982,0.143033,-0.876332],[0.0487026,0.989519,0.135943]],[[0.886592,0.0198517,-0.462127],[-0.384856,-0.522566,-0.760796],[-0.256595,0.852368,-0.455663]]],2],[4253,[-0.122372,-0.990677,0.0598637],425,61.2071,[-19.6408,118.469,-14.2875],[-10.3625,117.991,-13.7541],[40.2832,46.4349,-16.5307],false,[11.3562,97.186,22.9287],[11.5081,155.893,13.1966],[-10.1262,155.088,-23.3128],[-13.3467,129.016,-21.7374],[-9.62057,114.927,-11.6059],[[[0.854816,-0.0870196,-0.511584],[0.518925,0.138493,0.843526],[-0.00255278,-0.986533,0.163542]],[[0.853638,-0.13583,-0.502845],[0.107302,0.990551,-0.0854133],[0.509695,0.0189559,0.860146]],[[0.853638,-0.13583,-0.502845],[-0.506288,0.0104322,-0.862301],[0.122372,0.990677,-0.0598637]],[[0.853638,-0.13583,-0.502845],[-0.476692,-0.59281,-0.649108],[-0.209924,0.793805,-0.570794]]],3],[4254,[-0.15396,-0.988057,-0.00633397],425,47.9852,[-2.41113,123.796,-18.3887],[7.08113,122.951,-17.0869],[49.2626,35.6201,6.78344],false,[19.7559,95.6708,12.4426],[27.9034,149.343,3.09364],[6.68925,151.988,-22.8165],[3.82854,133.629,-22.9342],[8.06311,119.746,-15.353],[[[0.751204,-0.222294,-0.621512],[0.643286,0.0355663,0.7648],[-0.147906,-0.974331,0.169716]],[[0.762849,-0.114789,-0.636306],[0.138642,0.990265,-0.0124292],[0.631538,-0.0787369,0.771336]],[[0.762849,-0.114789,-0.636306],[-0.62798,0.102798,-0.771411],[0.15396,0.988057,0.00633397]],[[0.762849,-0.114789,-0.636306],[-0.592611,-0.517726,-0.617067],[-0.2586,0.847811,-0.462972]]],4]],[[0,200,0],[235.247,235.247,147.751]]]]}