{"metadata":{"formatVersion":2,"generatedBy":"LeapJS Playback 0.2.1","frames":1,"protocolVersion":6,"serviceVersion":"2.2.5+26752","frameRate":"65","modified":"Sun Apr 19 2015 12:45:46 GMT-0300 (E. South America Standard Time)"},"frames":[["id","timestamp",{"hands":[["id","type","direction","palmNormal","palmPosition","palmVelocity","stabilizedPalmPosition","pinchStrength","grabStrength","confidence","armBasis","armWidth","elbow","wrist"]]},{"pointables":[["id","direction","handId","length","stabilizedTipPosition","tipPosition","tipVelocity","tool","carpPosition","mcpPosition","pipPosition","dipPosition","btipPosition","bases","type"]]},{"interactionBox":["center","size"]}],[614593,238526275606,[[227,"right",[-0.0319048,0.969104,-0.244581],[-0.131997,-0.246648,-0.960074],[2.36409,92.816,25.8944],[1.53219,-2.29695,-1.67074],[2.584,100.968,23.1178],0,0,0.469292,[[0.866704,0.0112926,-0.498694],[0.00626059,0.999419,0.0335117],[0.498783,-0.0321669,0.86613]],63.72,[146.881,32.8522,276.069],[12.2093,41.5373,42.2142]]],[[2270,[0.0068152,0.95369,-0.300714],227,52.1164,[-42.5022,125.569,16.5509],[-40.3159,125.348,26.1508],[3.25162,-2.06145,3.8743],false,[-17.3511,35.6044,36.5534],[-17.3511,35.6044,36.5534],[-44.3337,76.8875,44.2609],[-44.1013,109.404,34.0078],[-39.5953,130.149,24.1557],[[[0.510506,0.409047,0.756349],[-0.725856,-0.266572,0.634091],[0.460995,-0.872708,0.160822]],[[0.587351,0.239563,0.773064],[-0.602356,-0.508563,0.615249],[0.540543,-0.827027,-0.154403]],[[0.587351,0.239563,0.773064],[-0.809304,0.181893,0.558518],[-0.0068152,-0.95369,0.300714]],[[0.587351,0.239563,0.773064],[-0.786098,0.396097,0.474508],[-0.192534,-0.886407,0.420968]]],0],[2271,[0.0851457,0.991414,-0.0992421],227,58.8075,[-23.231,203.014,7.28464],[-15.9577,197.279,18.8231],[5.37543,-0.62209,11.8475],false,[-7.12084,50.7837,51.6138],[-22.9523,117.619,25.2529],[-19.1539,160.342,22.7903],[-17.0959,184.305,20.3915],[-15.693,201.173,18.0603],[[[0.971315,0.161085,-0.174926],[0.101195,0.385676,0.917068],[0.215191,-0.908463,0.358312]],[[0.993207,-0.0923815,-0.0707458],[0.0756473,0.0506764,0.995846],[-0.0884126,-0.994433,0.0573206]],[[0.993207,-0.0923815,-0.0707458],[0.0793064,0.0925442,0.992545],[-0.0851457,-0.991414,0.0992421]],[[0.993207,-0.0923815,-0.0707458],[0.0824478,0.129707,0.988119],[-0.0821077,-0.987239,0.136442]]],1],[2272,[-0.0207318,0.986246,-0.163981],227,67.0064,[3.63157,213.364,2.2633],[-0.952527,208.043,10.3609],[-34.6514,-1.36914,4.50316],false,[4.75608,53.9375,50.8331],[-0.850866,118.223,24.3089],[-1.45308,165.97,17.7427],[-2.04261,194.015,13.0797],[-2.56655,212.465,9.5468],[[[0.959879,-0.0312574,-0.278666],[0.268651,0.387319,0.881936],[0.0803656,-0.921416,0.380176]],[[0.959451,-0.026491,-0.280629],[0.281599,0.134209,0.9501],[0.0124939,-0.990599,0.136227]],[[0.959451,-0.026491,-0.280629],[0.281113,0.163149,0.945705],[0.0207318,-0.986246,0.163981]],[[0.959451,-0.026491,-0.280629],[0.280494,0.188202,0.941224],[0.0278809,-0.981773,0.188001]]],2],[2273,[0.0418441,0.975373,-0.216554],227,64.4285,[26.1419,202.101,0.170619],[25.7664,196.782,6.01532],[-9.35259,-2.23404,-1.43001],false,[16.6664,54.66,47.9086],[21.0073,111.935,22.919],[23.4468,155.806,14.8147],[24.606,182.826,8.81573],[25.183,200.924,4.21218],[[[0.938242,-0.195619,-0.285369],[0.338968,0.354526,0.871443],[-0.0693001,-0.914355,0.398939]],[[0.940654,-0.111517,-0.320521],[0.334946,0.153122,0.929712],[-0.0546002,-0.981895,0.181387]],[[0.940654,-0.111517,-0.320521],[0.336778,0.190291,0.922155],[-0.0418441,-0.975373,0.216554]],[[0.940654,-0.111517,-0.320521],[0.337959,0.221869,0.914635],[-0.0308841,-0.968679,0.24639]]],3],[2274,[0.0711859,0.984641,-0.159421],227,50.5107,[49.1437,176.072,2.57768],[46.1792,170.028,8.74842],[-3.09497,-2.15877,-1.7422],false,[27.5279,50.5297,39.6913],[39.8398,102.935,18.1423],[43.257,137.908,14.2078],[44.6494,157.167,11.0898],[45.5007,174.034,7.64329],[[[0.854924,-0.356002,-0.377316],[0.47331,0.237601,0.848248],[-0.212327,-0.903775,0.371629]],[[0.880854,-0.137045,-0.453116],[0.463417,0.0542226,0.88448],[-0.0966447,-0.98908,0.111271]],[[0.880854,-0.137045,-0.453116],[0.468005,0.108171,0.877081],[-0.0711859,-0.984641,0.159421]],[[0.880854,-0.137045,-0.453116],[0.470804,0.153746,0.868738],[-0.0493919,-0.978561,0.199949]]],4]],[[0,200,0],[235.247,235.247,147.751]]]]}