{"metadata":{"formatVersion":2,"generatedBy":"LeapJS Playback 0.2.1","frames":1,"protocolVersion":6,"serviceVersion":"2.2.5+26752","frameRate":"65","modified":"Sun Apr 19 2015 12:46:13 GMT-0300 (E. South America Standard Time)"},"frames":[["id","timestamp",{"hands":[["id","type","direction","palmNormal","palmPosition","palmVelocity","stabilizedPalmPosition","pinchStrength","grabStrength","confidence","armBasis","armWidth","elbow","wrist"]]},{"pointables":[["id","direction","handId","length","stabilizedTipPosition","tipPosition","tipVelocity","tool","carpPosition","mcpPosition","pipPosition","dipPosition","btipPosition","bases","type"]]},{"interactionBox":["center","size"]}],[614694,238528207354,[[227,"right",[-0.0729191,0.942663,-0.325683],[-0.138805,-0.332967,-0.932666],[0.162461,89.7331,24.1116],[0.194147,12.0279,-3.25643],[2.45291,94.8405,24.632],0,0,0.475414,[[0.876961,0.0615479,-0.476605],[-0.00391604,0.992647,0.120983],[0.480546,-0.104231,0.870753]],63.72,[141.976,12.2991,279.648],[12.2282,40.4415,44.5451]]],[[2270,[-0.0890929,0.954437,-0.284802],227,52.1164,[-41.8406,122.635,24.1102],[-42.7453,116.681,29.0685],[2.5068,2.54098,-0.655217],false,[-17.1768,32.9697,40.0091],[-17.1768,32.9697,40.0091],[-47.2372,71.4649,50.3173],[-50.2749,104.007,40.6068],[-40.0468,119.51,26.3666],[[[0.507342,0.490934,0.708229],[-0.704307,-0.237332,0.669048],[0.496544,-0.838246,0.22536]],[[0.610583,0.278247,0.741463],[-0.514339,-0.572597,0.638426],[0.6022,-0.771175,-0.206505]],[[0.610583,0.278247,0.741463],[-0.786925,0.107836,0.607553],[0.0890929,-0.954437,0.284802]],[[0.610583,0.278247,0.741463],[-0.66045,0.695559,0.282849],[-0.43703,-0.662402,0.608464]]],0],[2271,[0.0554575,0.99149,-0.117779],227,58.8075,[-19.4556,198.874,11.8199],[-21.4388,193.148,13.9975],[3.18505,13.8452,7.23205],false,[-7.27742,49.7511,53.5098],[-26.0869,113.449,21.8673],[-23.5414,156.217,18.6745],[-22.2009,180.182,15.8277],[-21.3139,197.032,13.1443],[[[0.961368,0.180754,-0.207606],[0.102007,0.466565,0.878585],[0.25567,-0.865821,0.430102]],[[0.994591,-0.0652331,-0.0808342],[0.0853163,0.0691263,0.993953],[-0.0592509,-0.995473,0.0743178]],[[0.994591,-0.0652331,-0.0808342],[0.0878294,0.112659,0.989744],[-0.0554575,-0.99149,0.117779]],[[0.994591,-0.0652331,-0.0808342],[0.089966,0.152011,0.984276],[-0.0519197,-0.986224,0.157057]]],1],[2272,[0.00532005,0.983361,-0.181584],227,67.0064,[2.23198,209.404,6.3],[-2.78928,204.573,5.53329],[1.9743,14.2814,8.94115],false,[4.45587,53.2571,52.2232],[-4.04369,114.775,20.4293],[-3.30621,162.44,13.2987],[-3.15492,190.403,8.13511],[-3.22235,208.77,4.16241],[[[0.955501,-0.0200874,-0.294304],[0.268658,0.471284,0.840068],[0.121826,-0.881753,0.455709]],[[0.959677,-0.0560575,-0.27546],[0.28069,0.137756,0.949861],[-0.0153005,-0.988879,0.147936]],[[0.959677,-0.0560575,-0.27546],[0.281056,0.172797,0.944007],[-0.00532005,-0.983361,0.181584]],[[0.959677,-0.0560575,-0.27546],[0.281083,0.203867,0.937779],[0.00358784,-0.977392,0.211404]]],2],[2273,[0.0652183,0.977658,-0.199828],227,64.4285,[26.6929,197.189,3.16512],[24.103,194.171,3.14243],[11.816,15.8233,23.7303],false,[16.2786,54.1592,49.0079],[18.0112,109.193,19.14],[21.6771,153.195,12.3124],[23.4838,180.278,6.77677],[24.4203,198.386,2.27039],[[[0.940024,-0.185095,-0.28652],[0.339984,0.440296,0.830993],[-0.0276594,-0.878566,0.476819]],[[0.93983,-0.127481,-0.316967],[0.331644,0.11761,0.936045],[-0.0820497,-0.984843,0.152812]],[[0.93983,-0.127481,-0.316967],[0.33536,0.167132,0.927147],[-0.0652183,-0.977658,0.199828]],[[0.93983,-0.127481,-0.316967],[0.337946,0.210791,0.917257],[-0.0501192,-0.969183,0.241189]]],3],[2274,[0.127441,0.979631,-0.155184],227,50.5107,[46.9984,171.626,4.32633],[45.5402,167.404,5.42527],[12.0261,11.7773,6.6034],false,[27.1484,49.7362,40.9554],[37.0887,100.508,14.7694],[42.4945,135.251,11.0286],[44.9871,154.411,7.99339],[46.7916,171.209,4.57488],[[[0.861322,-0.355724,-0.362747],[0.478265,0.326787,0.815152],[-0.171429,-0.875597,0.451599]],[[0.878196,-0.184171,-0.441421],[0.453209,0.0254213,0.891042],[-0.152883,-0.982565,0.105793]],[[0.878196,-0.184171,-0.441421],[0.46101,0.0800264,0.883779],[-0.127441,-0.979631,0.155184]],[[0.878196,-0.184171,-0.441421],[0.466704,0.127959,0.875108],[-0.104686,-0.974529,0.198326]]],4]],[[0,200,0],[235.247,235.247,147.751]]]]}