{"metadata":{"formatVersion":2,"generatedBy":"LeapJS Playback 0.2.1","frames":1,"protocolVersion":6,"serviceVersion":"2.2.5+26752","frameRate":"1.1e+2","modified":"Sun Apr 19 2015 20:48:03 GMT-0300 (E. South America Standard Time)"},"frames":[["id","timestamp",{"hands":[["id","type","direction","palmNormal","palmPosition","palmVelocity","stabilizedPalmPosition","pinchStrength","grabStrength","confidence","armBasis","armWidth","elbow","wrist"]]},{"pointables":[["id","direction","handId","length","stabilizedTipPosition","tipPosition","tipVelocity","tool","carpPosition","mcpPosition","pipPosition","dipPosition","btipPosition","bases","type"]]},{"interactionBox":["center","size"]}],[814355,267459863570,[[286,"right",[-0.0223817,0.859577,-0.510516],[-0.124178,-0.50908,-0.851715],[62.4213,133.557,47.9073],[43.2699,1.35571,-3.68225],[54.6868,134.773,46.6212],0.605084,1,0.730544,[[0.781909,-0.0475229,-0.621578],[0.0418058,0.998843,-0.0237775],[0.621989,-0.0073937,0.782991]],63.72,[239.665,87.0044,289.662],[71.7282,89.0007,78.2541]]],[[2860,[-0.216423,0.551144,-0.805855],286,52.1164,[11.4345,127.257,16.4253],[12.8421,126.454,15.817],[43.7274,9.45269,-8.25998],false,[42.1835,81.825,74.1703],[42.1835,81.825,74.1703],[5.24985,108.879,54.2761],[-2.12922,127.67,26.8],[16.8192,127.427,13.0658],[[[0.505882,0.605227,0.614641],[-0.734093,-0.0721169,0.675209],[0.452981,-0.79278,0.40781]],[[0.346909,0.814964,0.464207],[-0.57638,-0.205205,0.790997],[0.739892,-0.541964,0.398541]],[[0.346909,0.814964,0.464207],[-0.912587,0.179094,0.367574],[0.216423,-0.551144,0.805855]],[[0.346909,0.814964,0.464207],[-0.47344,0.579419,-0.663422],[-0.809635,0.0103734,0.586842]]],0],[2861,[-0.135537,-0.561635,-0.816208],286,58.8075,[12.8986,166.688,1.80666],[19.6053,164.21,1.54198],[56.3925,-28.8762,-27.3991],false,[52.373,100.62,84.4086],[37.2943,157.257,39.9411],[18.2648,189.336,18.6203],[14.9888,175.761,-1.10778],[21.2939,160.142,1.76116],[[[0.974167,0.100622,-0.202174],[0.0948232,0.630251,0.770579],[0.204958,-0.769843,0.604429]],[[0.889096,0.294573,-0.350336],[0.115403,0.596403,0.794346],[0.442934,-0.746679,0.496265]],[[0.889096,0.294573,-0.350336],[-0.437194,0.773171,-0.459422],[0.135537,0.561635,0.816208]],[[0.889096,0.294573,-0.350336],[-0.270787,-0.278577,-0.921449],[-0.369029,0.914124,-0.167915]]],1],[2862,[-0.270308,-0.570548,-0.775506],286,67.0064,[38.4397,167.637,-8.91631],[45.7514,165.975,-7.96711],[50.8789,-16.6262,-11.0168],false,[64.2798,103.372,82.9017],[59.4079,157.475,39.1223],[53.259,195.378,9.98734],[45.5724,179.154,-12.0653],[45.8006,161.003,-7.20176],[[[0.962367,-0.113238,-0.247037],[0.262629,0.621135,0.738388],[0.0698296,-0.77548,0.627499]],[[0.956122,-0.0645537,-0.28577],[0.263737,0.614388,0.743619],[0.12757,-0.786359,0.604455]],[[0.956122,-0.0645537,-0.28577],[-0.112983,0.818724,-0.562962],[0.270308,0.570548,0.775506]],[[0.956122,-0.0645537,-0.28577],[-0.292718,-0.25092,-0.922689],[-0.0121425,0.965853,-0.258806]]],2],[2863,[-0.318922,-0.943065,-0.0944306],286,64.4285,[54.0685,103.37,1.75126],[58.5917,103.588,1.64153],[76.1389,17.9986,1.54851],false,[76.2237,103.183,80.0317],[81.2325,150.961,39.8338],[70.1684,142.605,-2.64],[61.3336,116.48,-5.25592],[58.1004,100.574,3.99746],[[[0.939599,-0.272622,-0.206958],[0.332807,0.58642,0.738479],[-0.0799609,-0.762751,0.64173]],[[0.936379,-0.29811,-0.185267],[0.248741,0.936028,-0.248956],[0.247632,0.187034,0.95063]],[[0.936379,-0.29811,-0.185267],[-0.146568,0.147509,-0.978141],[0.318922,0.943065,0.0944306]],[[0.936379,-0.29811,-0.185267],[-0.305366,-0.431688,-0.848762],[0.173047,0.851337,-0.495257]]],3],[2864,[-0.598881,-0.800768,-0.0106107],286,50.5107,[67.0595,108.373,11.3416],[71.9737,108.932,11.5005],[73.777,18.9983,6.98709],false,[87.1366,96.8399,73.4563],[100.046,140.896,38.0348],[89.8886,134.281,4.81822],[78.1752,118.618,4.61069],[70.6133,106.457,14.2031],[[[0.856037,-0.45219,-0.250448],[0.466517,0.467172,0.751074],[-0.222626,-0.759786,0.610871]],[[0.79532,-0.593149,-0.125058],[0.533809,0.78305,-0.319187],[0.287252,0.187099,0.939404]],[[0.79532,-0.593149,-0.125058],[-0.0938486,0.0833336,-0.992093],[0.598881,0.800768,0.0106107]],[[0.79532,-0.593149,-0.125058],[-0.418331,-0.387739,-0.821376],[0.438709,0.705572,-0.556509]]],4]],[[0,200,0],[235.247,235.247,147.751]]]]}