{"metadata":{"formatVersion":2,"generatedBy":"LeapJS Playback 0.2.1","frames":1,"protocolVersion":6,"serviceVersion":"2.2.5+26752","frameRate":"1.1e+2","modified":"Sun Apr 19 2015 20:47:40 GMT-0300 (E. South America Standard Time)"},"frames":[["id","timestamp",{"hands":[["id","type","direction","palmNormal","palmPosition","palmVelocity","stabilizedPalmPosition","pinchStrength","grabStrength","confidence","armBasis","armWidth","elbow","wrist"]]},{"pointables":[["id","direction","handId","length","stabilizedTipPosition","tipPosition","tipVelocity","tool","carpPosition","mcpPosition","pipPosition","dipPosition","btipPosition","bases","type"]]},{"interactionBox":["center","size"]}],[814121,267457755887,[[286,"right",[0.0166232,0.833501,-0.552268],[-0.297754,-0.523158,-0.798529],[32.7353,143.522,37.3184],[-17.349,-35.6688,-10.4846],[33.7607,141.29,41.2522],0.473615,1,0.443669,[[0.664175,-0.147509,-0.73288],[0.172823,0.984081,-0.041448],[0.727327,-0.0991295,0.679094]],63.72,[236.778,72.6538,252.121],[40.3998,99.4188,68.765]]],[[2860,[-0.208057,0.401763,-0.891795],286,52.1164,[-18.8792,130.051,10.6271],[-19.9162,132.116,6.65746],[-17.5128,-8.96706,-9.59741],false,[9.91629,95.9828,68.8579],[9.91629,95.9828,68.8579],[-27.2141,121.281,47.1071],[-34.3079,134.979,16.7008],[-15.6317,130.461,3.33981],[[[0.65365,0.559058,0.510094],[-0.641502,0.0517005,0.765377],[0.401518,-0.827515,0.392431]],[[0.416475,0.861356,0.290885],[-0.522744,-0.0348976,0.851775],[0.743833,-0.506802,0.435735]],[[0.416475,0.861356,0.290885],[-0.88502,0.31089,0.346536],[0.208057,-0.401763,0.891795]],[[0.416475,0.861356,0.290885],[-0.435589,0.469891,-0.767766],[-0.798004,0.193049,0.570895]]],0],[2861,[-0.348607,-0.498077,-0.793973],286,58.8075,[-10.8779,178.768,-2.52927],[-11.8564,181.925,-2.61709],[-9.54727,-12.2429,4.29372],false,[23.6146,113.698,76.6308],[9.8974,169.94,31.2315],[-7.13998,205.616,14.4157],[-15.5659,193.577,-4.77496],[-10.9281,177.276,-2.61174],[[[0.943739,-0.0352446,-0.328809],[0.273117,0.643682,0.714899],[0.186452,-0.764481,0.617094]],[[0.854789,0.178527,-0.487303],[0.334771,0.527818,0.7806],[0.396565,-0.830383,0.391407]],[[0.854789,0.178527,-0.487303],[-0.384459,0.848556,-0.363515],[0.348607,0.498077,0.793973]],[[0.854789,0.178527,-0.487303],[-0.442327,-0.240501,-0.864006],[-0.271445,0.95409,-0.126611]]],1],[2862,[-0.444168,-0.450964,-0.774174],286,67.0064,[18.1039,180.492,-14.3761],[16.0941,182.465,-15.5202],[-10.3996,-21.4532,1.78535],false,[35.4652,114.815,73.4791],[31.5642,167.249,27.6207],[30.0562,208.231,2.29415],[17.4256,195.408,-19.7206],[15.3804,177.394,-14.7761],[[[0.899772,-0.247417,-0.359437],[0.432763,0.611517,0.662392],[0.0559145,-0.751553,0.657299]],[[0.895822,-0.209309,-0.392037],[0.443311,0.482968,0.755127],[0.031286,-0.850254,0.525442]],[[0.895822,-0.209309,-0.392037],[-0.0147527,0.867652,-0.496952],[0.444168,0.450964,0.774174]],[[0.895822,-0.209309,-0.392037],[-0.430881,-0.193037,-0.88152],[0.108833,0.958606,-0.263114]]],2],[2863,[-0.445506,-0.895239,-0.00844737],286,64.4285,[22.3019,107.642,-2.06913],[18.0582,110.487,-6.63211],[-32.6154,-31.6145,-9.6079],false,[46.8085,112.957,69.1422],[52.3173,157.988,25.9494],[33.7939,146.609,-13.0848],[21.4525,121.809,-13.3188],[16.9019,106.322,-3.91053],[[[0.862993,-0.400708,-0.307697],[0.497503,0.568008,0.655635],[-0.0879439,-0.718888,0.68954]],[[0.859484,-0.425033,-0.28396],[0.299011,0.868611,-0.395103],[0.414583,0.254678,0.873648]],[[0.859484,-0.425033,-0.28396],[-0.250622,0.133766,-0.958799],[0.445506,0.895239,0.00844737]],[[0.859484,-0.425033,-0.28396],[-0.449406,-0.363631,-0.81597],[0.243558,0.828927,-0.503548]]],3],[2864,[-0.718236,-0.695412,0.0232429],286,50.5107,[37.9939,112.687,5.65517],[33.3508,116.647,-1.49869],[-31.7809,-27.6323,-14.8316],false,[55.887,104.985,61.6199],[69.3378,145.498,22.3761],[54.3328,138.62,-8.89401],[40.285,125.019,-8.43941],[31.0277,113.877,0.902785],[[[0.75287,-0.569524,-0.329894],[0.615937,0.43301,0.658122],[-0.231969,-0.698673,0.676791]],[[0.682466,-0.710587,-0.171191],[0.595113,0.676189,-0.434292],[0.424359,0.194511,0.884355]],[[0.682466,-0.710587,-0.171191],[-0.135564,0.107093,-0.984964],[0.718236,0.695412,-0.0232429]],[[0.682466,-0.710587,-0.171191],[-0.495787,-0.27795,-0.822763],[0.537062,0.646382,-0.541991]]],4]],[[0,200,0],[235.247,235.247,147.751]]]]}