{"metadata":{"formatVersion":2,"generatedBy":"LeapJS Playback 0.2.1","frames":1,"protocolVersion":6,"serviceVersion":"2.2.5+26752","frameRate":"1.1e+2","modified":"Sun Apr 19 2015 20:48:37 GMT-0300 (E. South America Standard Time)"},"frames":[["id","timestamp",{"hands":[["id","type","direction","palmNormal","palmPosition","palmVelocity","stabilizedPalmPosition","pinchStrength","grabStrength","confidence","armBasis","armWidth","elbow","wrist"]]},{"pointables":[["id","direction","handId","length","stabilizedTipPosition","tipPosition","tipVelocity","tool","carpPosition","mcpPosition","pipPosition","dipPosition","btipPosition","bases","type"]]},{"interactionBox":["center","size"]}],[820371,267513161557,[[287,"right",[-0.881898,-0.111139,-0.458152],[-0.466452,0.0647163,0.882176],[37.2675,105.296,-2.4458],[4.57779,39.9229,15.2552],[40.4525,109.764,2.9521],0.726916,0,0.472868,[[-0.335999,-0.90861,-0.248058],[0.656992,-0.0373851,-0.75297],[0.674882,-0.415969,0.609511]],63.72,[269.645,-8.85331,183.882],[87.4264,103.458,19.3136]]],[[2870,[-0.911558,-0.403644,0.0783183],287,52.1164,[4.73668,112.383,27.673],[3.76148,114.907,26.4586],[-5.90893,7.63668,13.8575],false,[83.4568,132.809,27.304],[83.4568,132.809,27.304],[36.2409,145.099,16.75],[5.16076,131.336,19.4203],[3.52827,109.903,28.6757],[[[0.272642,-0.478626,-0.834616],[0.497734,0.812542,-0.303374],[0.823363,-0.332704,0.459762]],[[0.0992444,-0.400838,-0.910758],[0.308977,0.882448,-0.35471],[0.945877,-0.2462,0.211428]],[[0.0992444,-0.400838,-0.910758],[-0.399015,0.822435,-0.405447],[0.911558,0.403644,-0.0783183]],[[0.0992444,-0.400838,-0.910758],[-0.992615,0.0242809,-0.118851],[0.069754,0.915827,-0.395468]]],0],[2871,[-0.996687,-0.0546991,0.0601956],287,58.8075,[-63.2691,117.675,-15.6443],[-65.5188,122.526,-15.3965],[1.02065,16.8211,1.46111],false,[83.6924,122.356,6.03048],[14.5141,127.205,-18.5324],[-28.3626,124.735,-17.415],[-52.4529,123.413,-15.9601],[-69.4538,122.513,-14.5189],[[[-0.0806491,-0.996278,0.0304435],[0.330624,-0.0555529,-0.942126],[0.94031,-0.0659163,0.333873]],[[0.0594128,-0.995061,0.0795242],[-0.0213075,-0.0809109,-0.996494],[0.998006,0.05751,-0.0260094]],[[0.0594128,-0.995061,0.0795242],[-0.0555484,-0.0828371,-0.995014],[0.996687,0.0546991,-0.0601956]],[[0.0594128,-0.995061,0.0795242],[-0.0797454,-0.0841415,-0.993258],[0.995043,0.0526706,-0.0843506]]],1],[2872,[-0.995243,0.064655,0.0728715],287,67.0064,[-67.5367,107.661,-22.0417],[-73.8422,110.556,-13.5725],[5.31682,4.74172,-2.40425],false,[82.7189,110.165,4.60086],[16.9301,105.212,-18.0901],[-31.161,107.936,-16.3273],[-59.4621,109.775,-14.2551],[-78.1164,111.096,-12.4085],[[[-0.00804196,-0.971858,0.235432],[0.332793,-0.224619,-0.915857],[0.942966,0.0709848,0.325234]],[[-0.0470338,-0.973962,0.221779],[-0.048152,-0.219556,-0.974411],[0.997732,-0.0565094,-0.0365716]],[[-0.0470338,-0.973962,0.221779],[-0.0853132,-0.217297,-0.97237],[0.995243,-0.064655,-0.0728715]],[[-0.0470338,-0.973962,0.221779],[-0.111299,-0.215533,-0.970133],[0.992673,-0.0703128,-0.0982634]]],2],[2873,[0.782967,0.287884,0.551439],287,64.4285,[34.1226,101.692,38.871],[34.5114,104.063,37.4631],[-0.15149,12.9638,15.2933],false,[82.1466,98.0235,6.38754],[24.1138,84.2559,-12.7543],[-0.679925,94.8742,22.8658],[21.0098,102.849,38.1417],[39.6021,104.534,37.3795],[[[0.105747,-0.931102,0.349093],[0.361258,-0.291103,-0.885862],[0.92645,0.21979,0.305585]],[[0.0987263,-0.93274,0.346769],[-0.826023,-0.271138,-0.494136],[0.554922,-0.237655,-0.797234]],[[0.0987263,-0.93274,0.346769],[-0.614178,0.217067,0.758727],[-0.782967,-0.287884,-0.551439]],[[0.0987263,-0.93274,0.346769],[0.00678849,0.349094,0.937063],[-0.995091,-0.0901587,0.0407967]]],3],[2874,[0.696684,0.571712,0.433332],287,50.5107,[35.652,88.7356,31.4186],[34.8772,91.7018,30.1901],[-1.91584,23.8303,5.3656],false,[81.5362,86.9823,15.3473],[30.6116,66.2807,-3.10295],[9.10076,77.2858,22.7126],[22.7271,88.4678,31.1881],[39.1845,93.3499,29.6304],[[[0.151109,-0.838423,0.523654],[0.453729,-0.41181,-0.79028],[0.878235,0.357015,0.318188]],[[0.28324,-0.774189,0.566044],[-0.741406,-0.551146,-0.382825],[0.608352,-0.311237,-0.730095]],[[0.28324,-0.774189,0.566044],[-0.659095,0.271617,0.701297],[-0.696684,-0.571712,-0.433332]],[[0.28324,-0.774189,0.566044],[-0.0903591,0.566046,0.819406],[-0.954783,-0.283236,0.0903718]]],4]],[[0,200,0],[235.247,235.247,147.751]]]]}