{"metadata":{"formatVersion":2,"generatedBy":"LeapJS Playback 0.2.1","frames":1,"protocolVersion":6,"serviceVersion":"2.2.5+26752","frameRate":"1.1e+2","modified":"Sun Apr 19 2015 20:49:05 GMT-0300 (E. South America Standard Time)"},"frames":[["id","timestamp",{"hands":[["id","type","direction","palmNormal","palmPosition","palmVelocity","stabilizedPalmPosition","pinchStrength","grabStrength","confidence","armBasis","armWidth","elbow","wrist"]]},{"pointables":[["id","direction","handId","length","stabilizedTipPosition","tipPosition","tipVelocity","tool","carpPosition","mcpPosition","pipPosition","dipPosition","btipPosition","bases","type"]]},{"interactionBox":["center","size"]}],[820574,267514940531,[[287,"right",[-0.82653,-0.0355694,-0.561767],[-0.562752,0.0299798,0.826082],[60.3311,110.339,5.73627],[49.3999,168.755,15.3462],[58.6263,105.773,5.31442],0.717688,0.123727,0.451062,[[-0.210458,-0.976469,-0.0470775],[0.377505,-0.036754,-0.925278],[0.901775,-0.212504,0.376357]],63.72,[350.97,47.14,134.461],[107.49,104.516,32.8445]]],[[2870,[-0.911735,-0.41029,-0.0200383],287,52.1164,[18.1076,111.842,33.5552],[25.4802,115.864,34.026],[17.3991,60.4311,12.925],false,[103.884,133.439,42.4115],[103.884,133.439,42.4115],[57.6033,146.608,29.1274],[26.5171,132.619,28.4442],[25.224,110.564,36.1642],[[[0.347105,-0.435717,-0.830463],[0.564143,0.804397,-0.186249],[0.749174,-0.403852,0.525017]],[[0.170863,-0.334421,-0.926805],[0.333512,0.904742,-0.264975],[0.927133,-0.263827,0.26612]],[[0.170863,-0.334421,-0.926805],[-0.373558,0.848424,-0.375007],[0.911735,0.41029,0.0200383]],[[0.170863,-0.334421,-0.926805],[-0.983744,-0.00515221,-0.179501],[0.0552538,0.94241,-0.329865]]],0],[2871,[-0.995516,-0.0442753,0.0835967],287,58.8075,[-43.9901,127.502,-7.24805],[-39.3995,130.472,-7.43984],[24.0812,46.0064,3.47666],false,[106.144,124.415,20.6089],[40.5683,134.394,-11.2145],[-2.31732,132.42,-9.57357],[-26.3793,131.35,-7.55301],[-43.3374,130.614,-5.60375],[[[-0.126413,-0.990709,-0.0501618],[0.435347,-0.0099699,-0.900208],[0.891343,-0.135635,0.432562]],[[0.0472466,-0.998308,0.0339052],[-0.0365714,-0.0356491,-0.998695],[0.998214,0.045945,-0.0381938]],[[0.0472466,-0.998308,0.0339052],[-0.0819541,-0.0377028,-0.995923],[0.995516,0.0442753,-0.0835967]],[[0.0472466,-0.998308,0.0339052],[-0.112433,-0.0390423,-0.992892],[0.992535,0.0430987,-0.114088]]],1],[2872,[-0.99694,0.0464518,0.0628752],287,67.0064,[-55.5905,114.234,-8.56065],[-48.8988,116.368,-9.17004],[48.0459,36.9841,2.44776],false,[104.82,112.411,18.2107],[41.9684,112.325,-12.0746],[-6.17824,114.234,-10.8328],[-34.5276,115.554,-9.04483],[-53.222,116.514,-7.39051],[[[-0.077178,-0.983612,0.162943],[0.427171,-0.180293,-0.886013],[0.900871,0.00122411,0.434086]],[[-0.034208,-0.982439,0.183422],[-0.0325727,-0.182336,-0.982697],[0.998884,-0.0395907,-0.0257633]],[[-0.034208,-0.982439,0.183422],[-0.0702913,-0.18071,-0.981021],[0.99694,-0.0464518,-0.0628752]],[[-0.034208,-0.982439,0.183422],[-0.0958552,-0.179458,-0.979085],[0.994807,-0.0510745,-0.088033]]],2],[2873,[0.779478,0.194122,0.595593],287,64.4285,[52.0708,101.563,43.3895],[57.9026,106.634,44.8541],[21.5038,94.7593,10.5083],false,[103.522,100.223,19.0488],[47.5742,90.7235,-7.47172],[22.1352,100.879,27.8269],[43.7283,106.256,44.326],[62.3979,106.766,44.8514],[[[0.0242529,-0.956302,0.291371],[0.449066,-0.249976,-0.857818],[0.893169,0.15165,0.42338]],[[0.018037,-0.957335,0.288418],[-0.821886,-0.178465,-0.540974],[0.569366,-0.227289,-0.790039]],[[0.018037,-0.957335,0.288418],[-0.62617,0.214073,0.749722],[-0.779478,-0.194122,-0.595593]],[[0.018037,-0.957335,0.288418],[-0.0347927,0.287689,0.957092],[-0.999232,-0.0272979,-0.0281192]]],3],[2874,[0.706851,0.500927,0.499433],287,50.5107,[49.1496,90.881,35.6455],[56.2817,96.016,36.3523],[49.9289,102.883,-15.3061],false,[101.399,88.6594,27.0697],[52.1254,71.8425,1.54339],[29.7609,83.1123,26.5053],[43.5861,92.9099,36.2736],[60.3647,96.8565,36.1879],[[[0.0529302,-0.877786,0.476119],[0.524505,-0.381286,-0.761259],[0.849761,0.29002,0.440222]],[[0.194863,-0.816626,0.543277],[-0.749654,-0.481183,-0.454403],[0.632493,-0.318723,-0.705952]],[[0.194863,-0.816626,0.543277],[-0.679993,0.286695,0.674845],[-0.706851,-0.500927,-0.499433]],[[0.194863,-0.816626,0.543277],[-0.120331,0.529807,0.839538],[-0.973421,-0.228969,0.00497434]]],4]],[[0,200,0],[235.247,235.247,147.751]]]]}