{"metadata":{"formatVersion":2,"generatedBy":"LeapJS Playback 0.2.1","frames":1,"protocolVersion":6,"serviceVersion":"2.2.5+26752","frameRate":"98","modified":"Sun Apr 19 2015 20:49:38 GMT-0300 (E. South America Standard Time)"},"frames":[["id","timestamp",{"hands":[["id","type","direction","palmNormal","palmPosition","palmVelocity","stabilizedPalmPosition","pinchStrength","grabStrength","confidence","armBasis","armWidth","elbow","wrist"]]},{"pointables":[["id","direction","handId","length","stabilizedTipPosition","tipPosition","tipVelocity","tool","carpPosition","mcpPosition","pipPosition","dipPosition","btipPosition","bases","type"]]},{"interactionBox":["center","size"]}],[827832,267579502739,[[290,"right",[-0.200066,0.861733,-0.46625],[-0.328476,-0.507323,-0.796698],[6.43513,122.647,9.94006],[-1.25072,-17.5039,1.72512],[1.67839,108.185,18.5903],0.418786,1,0.499864,[[0.754353,0.0587847,-0.653832],[0.0582797,0.986053,0.155894],[0.653877,-0.155704,0.740406]],63.72,[202.241,36.3122,235.538],[25.6941,78.3523,35.6279]]],[[2900,[-0.341585,0.616725,-0.709203],290,52.1164,[-43.973,120.475,-6.94329],[-42.3334,122.129,-8.9321],[1.79876,-19.1436,3.99793],false,[-3.48406,69.7465,39.582],[-3.48406,69.7465,39.582],[-41.5086,100.601,29.8922],[-53.1552,121.629,5.71146],[-38.8014,122.063,-12.7685],[[[0.626203,0.624426,0.466863],[-0.517912,-0.114444,0.847744],[0.582783,-0.772654,0.251733]],[[0.508267,0.755945,0.412567],[-0.401754,-0.215608,0.890004],[0.761747,-0.61811,0.194117]],[[0.508267,0.755945,0.412567],[-0.790559,0.219538,0.571681],[0.341585,-0.616725,0.709203]],[[0.508267,0.755945,0.412567],[-0.604572,0.654372,-0.454192],[-0.613316,-0.0185759,0.789619]]],0],[2901,[-0.346065,-0.264957,-0.90002],290,58.8075,[-35.3795,160.219,-19.8471],[-34.0033,166.271,-22.4302],[2.9998,-11.7071,2.59265],false,[8.24291,88.9376,47.0695],[-20.9673,145.131,9.63174],[-26.081,186.316,-1.47784],[-34.4456,179.911,-23.2317],[-33.5739,162.906,-21.8228],[[[0.876385,0.150838,-0.457381],[0.272594,0.62757,0.729279],[0.397042,-0.763809,0.508875]],[[0.931483,0.0176426,-0.363357],[0.343761,0.28412,0.895044],[0.119028,-0.958626,0.258589]],[[0.931483,0.0176426,-0.363357],[-0.112152,0.964099,-0.240697],[0.346065,0.264957,0.90002]],[[0.931483,0.0176426,-0.363357],[-0.36019,-0.0953518,-0.927993],[-0.0510189,0.995287,-0.0824639]]],1],[2902,[-0.447008,-0.285413,-0.847775],290,67.0064,[-15.1511,163.399,-32.9326],[-13.3871,168.848,-36.0102],[6.2478,-10.2866,4.50078],false,[19.1481,92.2932,42.4399],[0.049826,146.46,2.83143],[1.23465,191.54,-14.1879],[-11.4767,183.424,-38.2956],[-13.6128,165.055,-34.9552],[[[0.862572,-0.0629522,-0.502003],[0.425484,0.627115,0.65245],[0.27374,-0.776379,0.567716]],[[0.893877,-0.178717,-0.411149],[0.447637,0.305518,0.840405],[-0.0245812,-0.935264,0.353096]],[[0.893877,-0.178717,-0.411149],[0.0341646,0.941594,-0.335012],[0.447008,0.285413,0.847775]],[[0.893877,-0.178717,-0.411149],[-0.433661,-0.112156,-0.894069],[0.113673,0.977487,-0.177756]]],2],[2903,[-0.476211,-0.1079,-0.872686],290,64.4285,[8.26233,160.194,-30.9536],[11.9639,166.786,-35.3419],[5.70767,-12.9622,4.82528],false,[29.8514,92.7252,36.4247],[21.5142,141.037,-2.5653],[28.7345,183.955,-12.6732],[15.5425,180.966,-36.8483],[11.4005,162.87,-34.7382],[[[0.858908,-0.223611,-0.460734],[0.494533,0.595945,0.632682],[0.133098,-0.771263,0.622445]],[[0.862812,-0.248797,-0.440062],[0.478998,0.124079,0.869002],[-0.161603,-0.960575,0.226231]],[[0.862812,-0.248797,-0.440062],[0.169639,0.962527,-0.211577],[0.476211,0.1079,0.872686]],[[0.862812,-0.248797,-0.440062],[-0.454324,0.000110574,-0.890837],[0.221686,0.968556,-0.112939]]],3],[2904,[-0.629336,0.0441543,-0.775878],290,50.5107,[26.707,146.826,-24.4152],[29.2139,154.368,-29.5812],[5.07971,-13.8514,4.16281],false,[38.8339,86.9915,26.9908],[39.5619,131.939,-9.63522],[45.2625,166.549,-14.0995],[32.9535,167.413,-29.2748],[28.2784,150.823,-29.4852],[[[0.774942,-0.406746,-0.483758],[0.631907,0.483415,0.605808],[-0.0125546,-0.775156,0.631645]],[[0.754457,-0.204707,-0.62361],[0.636241,-0.00528519,0.771472],[-0.161222,-0.978809,0.126255]],[[0.754457,-0.204707,-0.62361],[0.186363,0.977827,-0.095517],[0.629336,-0.0441543,0.775878]],[[0.754457,-0.204707,-0.62361],[-0.597687,0.178351,-0.78164],[0.271229,0.962437,0.0122078]]],4]],[[0,200,0],[235.247,235.247,147.751]]]]}