{"metadata":{"formatVersion":2,"generatedBy":"LeapJS Playback 0.2.1","frames":1,"protocolVersion":6,"serviceVersion":"2.2.5+26752","frameRate":"98","modified":"Sun Apr 19 2015 20:49:56 GMT-0300 (E. South America Standard Time)"},"frames":[["id","timestamp",{"hands":[["id","type","direction","palmNormal","palmPosition","palmVelocity","stabilizedPalmPosition","pinchStrength","grabStrength","confidence","armBasis","armWidth","elbow","wrist"]]},{"pointables":[["id","direction","handId","length","stabilizedTipPosition","tipPosition","tipVelocity","tool","carpPosition","mcpPosition","pipPosition","dipPosition","btipPosition","bases","type"]]},{"interactionBox":["center","size"]}],[827947,267580673365,[[290,"right",[-0.134909,0.93469,-0.328869],[-0.127518,-0.345521,-0.929707],[30.3884,113.318,9.31879],[71.2211,-4.46235,13.9366],[13.3074,112.524,12.8666],0.568408,1,0.561963,[[0.805393,0.095058,-0.585069],[-0.074623,0.995464,0.0590119],[0.588025,-0.00386818,0.808833]],63.72,[204.481,63.9293,248.215],[45.7146,64.9737,29.8302]]],[[2900,[-0.202975,0.767632,-0.6079],290,52.1164,[-15.9258,117.271,-13.541],[-12.6232,116.516,-13.6111],[62.2487,-33.2986,-6.74837],false,[16.7865,55.6635,25.6415],[16.7865,55.6635,25.6415],[-20.3538,87.9815,17.4005],[-27.2743,114.154,-3.32618],[-8.34505,116.358,-16.9113],[[[0.483133,0.525028,0.700663],[-0.681127,-0.277446,0.677561],[0.550134,-0.804593,0.223568]],[[0.402302,0.631381,0.662956],[-0.533451,-0.426844,0.730229],[0.744032,-0.647427,0.165091]],[[0.402302,0.631381,0.662956],[-0.892723,0.109997,0.436975],[0.202975,-0.767632,0.6079]],[[0.402302,0.631381,0.662956],[-0.428909,0.769737,-0.472801],[-0.80882,-0.0941389,0.580473]]],0],[2901,[-0.128331,-0.314304,-0.940609],290,58.8075,[-23.9763,158.527,-24.3915],[-8.28628,154.707,-28.5205],[59.6287,-16.7621,-5.05378],false,[25.7614,73.0946,38.964],[2.69027,135.342,7.25582],[-8.12039,174.633,-6.35069],[-11.2222,167.036,-29.0856],[-7.82691,150.292,-29.2075],[[[0.946017,0.23924,-0.218667],[0.0819048,0.476303,0.875458],[0.313596,-0.846109,0.430996]],[[0.960642,0.196222,-0.196631],[0.117682,0.353721,0.927918],[0.251631,-0.914537,0.316707]],[[0.960642,0.196222,-0.196631],[-0.24637,0.928822,-0.276752],[0.128331,0.314304,0.940609]],[[0.960642,0.196222,-0.196631],[-0.194105,-0.0322193,-0.980452],[-0.198722,0.98003,0.00713646]]],1],[2902,[-0.259223,-0.39772,-0.880126],290,67.0064,[-1.23199,160.761,-36.1397],[12.6661,156.872,-37.3912],[62.7593,-32.8008,-3.19052],false,[37.2394,77.318,37.5369],[24.5918,138.031,5.57585],[19.4559,181.642,-14.2996],[12.0845,170.332,-39.3272],[12.3678,151.635,-37.4595],[[[0.951771,0.0380011,-0.304447],[0.247526,0.491201,0.835136],[0.18128,-0.870217,0.458104]],[[0.960767,-0.0131155,-0.277048],[0.256073,0.425693,0.867878],[0.106555,-0.904773,0.41235]],[[0.960767,-0.0131155,-0.277048],[-0.0986442,0.917413,-0.385516],[0.259223,0.39772,0.880126]],[[0.960767,-0.0131155,-0.277048],[-0.276948,-0.0996683,-0.955702],[-0.0150784,0.994934,-0.0993903]]],2],[2903,[-0.328143,-0.369886,-0.869199],290,64.4285,[20.6741,156.406,-34.0297],[34.8533,151.379,-35.2357],[65.5188,-26.9105,0.944614],false,[48.9488,78.9387,34.1912],[46.9371,133.826,4.07371],[44.2088,174.916,-13.2594],[35.1186,164.67,-37.338],[34.3435,146.109,-35.3435],[[[0.946688,-0.12761,-0.295799],[0.320546,0.464669,0.825429],[0.0321153,-0.876241,0.480802]],[[0.942998,-0.0742354,-0.324413],[0.327148,0.385639,0.862703],[0.0610632,-0.919658,0.387943]],[[0.942998,-0.0742354,-0.324413],[-0.0554704,0.926107,-0.373162],[0.328143,0.369886,0.869199]],[[0.942998,-0.0742354,-0.324413],[-0.330203,-0.087207,-0.939873],[0.0414808,0.99342,-0.106749]]],3],[2904,[-0.476301,-0.22993,-0.848687],290,50.5107,[40.2368,145.875,-25.8097],[54.4491,143.545,-25.3284],[63.463,-20.4433,1.0678],false,[59.9883,75.1616,26.0414],[66.4719,126.325,-0.464434],[64.5524,160.513,-9.28159],[55.2365,156.016,-25.8809],[53.77,138.842,-25.9633],[[[0.877978,-0.303179,-0.370454],[0.465458,0.359913,0.808586],[-0.111815,-0.882352,0.457113]],[[0.878022,-0.0727055,-0.473066],[0.475532,0.244625,0.845002],[0.0542873,-0.966888,0.24936]],[[0.878022,-0.0727055,-0.473066],[-0.0470677,0.970488,-0.236513],[0.476301,0.22993,0.848687]],[[0.878022,-0.0727055,-0.473066],[-0.470998,0.0444434,-0.881014],[0.0850793,0.996363,0.00477813]]],4]],[[0,200,0],[235.247,235.247,147.751]]]]}