{"metadata":{"formatVersion":2,"generatedBy":"LeapJS Playback 0.2.1","frames":1,"protocolVersion":6,"serviceVersion":"2.2.5+26752","frameRate":"1.1e+2","modified":"Sun Apr 19 2015 20:50:36 GMT-0300 (E. South America Standard Time)"},"frames":[["id","timestamp",{"hands":[["id","type","direction","palmNormal","palmPosition","palmVelocity","stabilizedPalmPosition","pinchStrength","grabStrength","confidence","armBasis","armWidth","elbow","wrist"]]},{"pointables":[["id","direction","handId","length","stabilizedTipPosition","tipPosition","tipVelocity","tool","carpPosition","mcpPosition","pipPosition","dipPosition","btipPosition","bases","type"]]},{"interactionBox":["center","size"]}],[833426,267629176027,[[292,"right",[-0.427236,0.824201,-0.371702],[-0.262787,-0.506559,-0.821182],[-6.87985,95.4365,16.1215],[-2.46052,6.79669,0.82947],[-7.14561,100.188,20.1652],0.345036,0,0.544483,[[0.867679,0.252098,-0.428461],[-0.129721,0.946837,0.294401],[0.479901,-0.199865,0.854254]],63.72,[153.494,1.0842,267.089],[23.9206,55.0477,36.4402]]],[[2920,[-0.480474,0.592742,-0.646376],292,52.1164,[-67.1263,98.3543,-8.9873],[-65.5027,97.0169,-8.23533],[-1.81545,12.6745,2.24525],false,[-2.11806,39.5394,41.1877],[-2.11806,39.5394,41.1877],[-41.3251,66.4652,26.036],[-57.7072,86.6751,3.99746],[-67.6117,100.476,-12.101],[[[0.499794,0.71578,0.487714],[-0.411977,-0.298858,0.86079],[0.761893,-0.631145,0.145517]],[[0.375443,0.805091,0.459207],[-0.49207,-0.246719,0.834863],[0.785436,-0.539406,0.303533]],[[0.375443,0.805091,0.459207],[-0.792583,0.0220401,0.609365],[0.480474,-0.592742,0.646376]],[[0.375443,0.805091,0.459207],[-0.824586,0.0639147,0.562115],[0.423204,-0.589698,0.687863]]],0],[2921,[0.560528,-0.771997,0.299715],292,58.8075,[-28.0805,70.1048,0.688426],[-27.6027,65.1799,1.27981],[-7.95673,7.49067,-2.85971],false,[5.42609,60.3055,49.7748],[-38.6523,110.799,19.443],[-49.015,87.8585,-15.3727],[-35.4668,69.199,-8.12844],[-25.1418,63.9003,4.4109],[[[0.781093,0.387951,-0.489272],[0.175857,0.615176,0.768526],[0.599139,-0.686332,0.412286]],[[0.786101,0.382169,-0.48579],[-0.569093,0.754211,-0.327565],[0.241203,0.533959,0.810376]],[[0.786101,0.382169,-0.48579],[-0.260487,-0.507905,-0.821084],[-0.560528,0.771997,-0.299715]],[[0.786101,0.382169,-0.48579],[0.129821,-0.870498,-0.474742],[-0.604311,0.310129,-0.733913]]],1],[2922,[0.434709,-0.830718,0.347757],292,67.0064,[-17.8451,66.5635,-3.47261],[-16.2292,61.3117,-3.24702],[-6.92167,7.87998,-8.9538],false,[14.8869,66.4826,44.8804],[-19.0791,117.56,11.639],[-37.0445,90.1073,-23.6722],[-24.683,66.4847,-13.7832],[-13.6682,59.802,-0.102773],[[[0.813357,0.181063,-0.552871],[0.318489,0.65669,0.68361],[0.486841,-0.732103,0.476457]],[[0.807925,0.189147,-0.558105],[-0.456436,0.799897,-0.389655],[0.372725,0.569551,0.73259]],[[0.807925,0.189147,-0.558105],[-0.397851,-0.523575,-0.753382],[-0.434709,0.830718,-0.347757]],[[0.807925,0.189147,-0.558105],[-0.0607731,-0.915293,-0.398177],[-0.586143,0.355615,-0.727993]]],2],[2923,[0.250149,-0.878928,0.406091],292,64.4285,[-4.87787,67.2523,-5.25131],[-3.12132,63.1768,-5.41752],[-1.18903,11.7666,-0.205902],false,[24.7174,69.8879,38.3463],[2.58373,117.776,4.57337],[-16.7088,93.7177,-27.7572],[-9.77919,69.3696,-16.5077],[-1.00658,61.4921,-2.01362],[[[0.849796,0.021332,-0.52668],[0.391143,0.644276,0.657203],[0.353347,-0.764496,0.539159]],[[0.856852,0.00567545,-0.515531],[-0.2817,0.842631,-0.458931],[0.431798,0.538461,0.723609]],[[0.856852,0.00567545,-0.515531],[-0.45081,-0.47692,-0.754531],[-0.250149,0.878928,-0.406091]],[[0.856852,0.00567545,-0.515531],[-0.212955,-0.906755,-0.363931],[-0.469526,0.42162,-0.775746]]],3],[2924,[-0.0290422,0.631143,-0.775123],292,50.5107,[22.7417,160.997,-51.762],[23.2995,160.033,-52.1856],[0.69912,7.21148,2.94598],false,[34.0333,67.182,27.9324],[21.6475,113.758,-4.30951],[26.3608,141.917,-25.1689],[25.7928,154.262,-40.3294],[22.9563,161.982,-55.4774],[[[0.808593,-0.174042,-0.562039],[0.548226,0.569661,0.612319],[0.213603,-0.803241,0.556038]],[[0.835216,-0.410699,-0.365705],[0.533522,0.443971,0.719891],[-0.133296,-0.796376,0.589929]],[[0.835216,-0.410699,-0.365705],[0.549154,0.658016,0.515213],[0.0290422,-0.631143,0.775123]],[[0.835216,-0.410699,-0.365705],[0.524722,0.794184,0.306492],[0.164561,-0.447881,0.878819]]],4]],[[0,200,0],[235.247,235.247,147.751]]]]}