{"metadata":{"formatVersion":2,"generatedBy":"LeapJS Playback 0.2.1","frames":1,"protocolVersion":6,"serviceVersion":"2.2.5+26752","frameRate":"1.1e+2","modified":"Sun Apr 19 2015 20:50:53 GMT-0300 (E. South America Standard Time)"},"frames":[["id","timestamp",{"hands":[["id","type","direction","palmNormal","palmPosition","palmVelocity","stabilizedPalmPosition","pinchStrength","grabStrength","confidence","armBasis","armWidth","elbow","wrist"]]},{"pointables":[["id","direction","handId","length","stabilizedTipPosition","tipPosition","tipVelocity","tool","carpPosition","mcpPosition","pipPosition","dipPosition","btipPosition","bases","type"]]},{"interactionBox":["center","size"]}],[833600,267630702304,[[292,"right",[-0.363167,0.806219,-0.467034],[-0.21836,-0.560945,-0.798536],[7.7813,99.2469,11.5387],[-3.01602,-7.22437,-0.830099],[1.65326,99.0145,14.3424],0.31442,0,0.600807,[[0.877572,0.206176,-0.432849],[-0.0491752,0.93676,0.346501],[0.476916,-0.282795,0.832213]],63.72,[164.007,-16.7869,262.011],[35.2401,59.5676,37.3134]]],[[2920,[-0.354823,0.560917,-0.74798],292,52.1164,[-52.8385,102.426,-12.7771],[-50.9249,102.648,-13.4658],[-7.535,-5.87207,-2.39027],false,[8.3027,45.3905,41.1136],[8.3027,45.3905,41.1136],[-29.0441,72.7684,22.4742],[-41.142,91.8932,-3.02865],[-53.875,105.393,-17.289],[[[0.488923,0.734703,0.470283],[-0.489577,-0.215094,0.845014],[0.721989,-0.643386,0.25453]],[[0.38401,0.816872,0.430415],[-0.54109,-0.178632,0.821774],[0.748169,-0.548462,0.373405]],[[0.38401,0.816872,0.430415],[-0.85243,0.134511,0.505242],[0.354823,-0.560917,0.74798]],[[0.38401,0.816872,0.430415],[-0.746012,-0.000185327,0.665933],[0.544061,-0.576819,0.609325]]],0],[2921,[0.511713,-0.773377,0.374217],292,58.8075,[-18.2694,68.2552,-2.53847],[-13.1309,68.5894,-3.31583],[-4.52906,-4.4031,-1.56165],false,[15.9917,66.5022,48.6673],[-23.5035,115.908,11.0947],[-32.4595,91.1088,-22.8253],[-20.0912,72.416,-13.7803],[-10.7358,67.4937,-0.35779],[[[0.83194,0.320717,-0.452788],[0.140277,0.667953,0.730863],[0.536841,-0.67155,0.510708]],[[0.827422,0.326321,-0.457042],[-0.521456,0.748548,-0.409583],[0.208463,0.577226,0.789528]],[[0.827422,0.326321,-0.457042],[-0.231351,-0.543509,-0.806892],[-0.511713,0.773377,-0.374217]],[[0.827422,0.326321,-0.457042],[0.124688,-0.900286,-0.417058],[-0.547564,0.288095,-0.785605]]],1],[2922,[0.363822,-0.816193,0.448845],292,67.0064,[-7.42336,64.0203,-5.65391],[-1.56364,63.9837,-5.70339],[-7.85136,-6.18279,-0.097495],false,[26.048,71.9415,44.0953],[-3.12342,121.35,4.40385],[-19.305,91.7497,-30.0238],[-8.95923,68.5401,-17.2603],[0.532988,62.5386,-2.19313],[[[0.860635,0.108439,-0.497542],[0.290659,0.697652,0.654827],[0.41812,-0.708182,0.568905]],[[0.860087,0.109367,-0.498287],[-0.384118,0.781609,-0.491469],[0.335715,0.614107,0.714261]],[[0.860087,0.109367,-0.498287],[-0.35761,-0.567334,-0.741787],[-0.363822,0.816193,-0.448845]],[[0.860087,0.109367,-0.498287],[-0.0714477,-0.941299,-0.329927],[-0.50512,0.319367,-0.801784]]],2],[2923,[0.20314,-0.837544,0.507203],292,64.4285,[8.36454,65.2809,-6.0402],[12.8211,65.4856,-6.10711],[-6.4208,-7.42817,-1.63181],false,[36.4877,74.4762,38.1358],[19.0148,120.258,-0.883052],[1.45967,93.7411,-32.2665],[7.08706,70.5395,-18.2159],[14.6462,63.9781,-2.43936],[[[0.888408,-0.0498604,-0.456338],[0.364585,0.680686,0.635409],[0.278941,-0.730876,0.622906]],[[0.890982,-0.0567041,-0.450484],[-0.227531,0.802836,-0.551075],[0.392913,0.593497,0.70241]],[[0.890982,-0.0567041,-0.450484],[-0.40606,-0.54342,-0.734718],[-0.20314,0.837544,-0.507203]],[[0.890982,-0.0567041,-0.450484],[-0.206078,-0.934592,-0.289948],[-0.404577,0.351173,-0.84439]]],3],[2924,[0.0804775,0.564184,-0.821717],292,50.5107,[46.7064,157.2,-59.1047],[46.9844,156.454,-59.3237],[3.70107,-9.09579,-0.0993368],false,[46.4692,70.6318,28.747],[38.5339,114.894,-7.8619],[46.5532,140.676,-30.6928],[48.1272,151.71,-46.7646],[47.2962,158.429,-62.6164],[[[0.842188,-0.245895,-0.47985],[0.521529,0.597381,0.609215],[0.13685,-0.763329,0.631349]],[[0.840828,-0.481148,-0.248003],[0.4915,0.486664,0.722209],[-0.226795,-0.729147,0.645685]],[[0.840828,-0.481148,-0.248003],[0.535287,0.670964,0.513103],[-0.0804775,-0.564184,0.821717]],[[0.840828,-0.481148,-0.248003],[0.539151,0.785223,0.304534],[0.0482119,-0.389771,0.919649]]],4]],[[0,200,0],[235.247,235.247,147.751]]]]}