{"metadata":{"formatVersion":2,"generatedBy":"LeapJS Playback 0.2.1","frames":1,"protocolVersion":6,"serviceVersion":"2.2.5+26752","frameRate":"76","modified":"Sun Apr 19 2015 12:48:36 GMT-0300 (E. South America Standard Time)"},"frames":[["id","timestamp",{"hands":[["id","type","direction","palmNormal","palmPosition","palmVelocity","stabilizedPalmPosition","pinchStrength","grabStrength","confidence","armBasis","armWidth","elbow","wrist"]]},{"pointables":[["id","direction","handId","length","stabilizedTipPosition","tipPosition","tipVelocity","tool","carpPosition","mcpPosition","pipPosition","dipPosition","btipPosition","bases","type"]]},{"interactionBox":["center","size"]}],[622175,238707887248,[[230,"right",[-0.229993,0.872316,-0.431472],[-0.0692153,-0.456896,-0.886823],[55.8598,112.564,22.1686],[16.3892,50.3528,3.91866],[49.4531,103.947,24.9291],0,0,0.194873,[[0.880531,0.17571,-0.440216],[-0.166236,0.984238,0.0603441],[0.443881,0.020045,0.895862]],63.1764,[194.632,74.5,287.636],[75.8064,69.134,47.8171]]],[[2300,[-0.946872,0.299212,-0.11792],230,51.6717,[-46.1047,82.1973,33.603],[-43.2507,87.2548,32.5184],[8.45018,8.53485,-5.934],false,[48.4081,56.3611,44.4618],[48.4081,56.3611,44.4618],[5.40233,75.8457,29.6198],[-26.6064,85.9605,25.6335],[-48.6067,86.6464,32.9777],[[[0.407647,0.648934,0.642423],[-0.660524,-0.276217,0.698149],[0.630502,-0.708934,0.316037]],[[0.198633,0.832446,0.517279],[-0.45329,-0.389922,0.801554],[0.868949,-0.393693,0.299889]],[[0.198633,0.832446,0.517279],[-0.252939,-0.466374,0.847654],[0.946872,-0.299212,0.11792]],[[0.198633,0.832446,0.517279],[0.248182,-0.553317,0.795139],[0.94813,-0.0295617,-0.316505]]],0],[2301,[-0.20403,0.753333,-0.625188],230,58.3058,[9.23902,188.619,-31.7339],[9.84467,193.645,-26.9927],[-0.869491,64.3594,41.5094],false,[55.0724,75.8655,55.7535],[26.2114,130.844,17.4795],[17.659,167.876,-1.75417],[12.7696,185.929,-16.7363],[9.38281,196.621,-29.4313],[[[0.918331,0.318091,-0.235557],[0.0106389,0.575068,0.818037],[0.395671,-0.753734,0.524718]],[[0.978948,0.160773,-0.125753],[0.03673,0.467282,0.883345],[0.20078,-0.869367,0.451539]],[[0.978948,0.160773,-0.125753],[-0.00577963,0.637684,0.770276],[0.20403,-0.753333,0.625188]],[[0.978948,0.160773,-0.125753],[-0.0411129,0.758785,0.650043],[0.199928,-0.631188,0.74942]]],1],[2302,[0.142547,-0.980721,0.133668],230,66.4348,[42.2291,82.8561,-16.6052],[42.8417,89.1125,-15.508],[12.0663,53.3513,9.30878],false,[65.9498,81.1179,53.9829],[47.5311,135.72,15.7183],[35.0529,124.509,-29.03],[39.0719,96.8587,-25.2613],[44.4625,85.6362,-11.4],[[[0.947985,0.110607,-0.29848],[0.174425,0.603878,0.777758],[0.266271,-0.789365,0.553175]],[[0.951857,0.0988012,-0.290182],[-0.160592,0.967057,-0.19751],[0.261109,0.234602,0.936368]],[[0.951857,0.0988012,-0.290182],[-0.271381,-0.168598,-0.94759],[-0.142547,0.980721,-0.133668]],[[0.951857,0.0988012,-0.290182],[-0.101282,-0.792106,-0.601923],[-0.289326,0.602335,-0.743965]]],2],[2303,[-0.0367486,-0.989162,0.142154],230,63.8788,[58.6,83.9283,-14.0251],[59.289,90.4353,-13.0531],[9.89619,52.3906,1.96696],false,[77.379,83.6396,50.6095],[70.0362,133.914,14.8926],[58.2311,125.592,-26.9851],[57.2218,98.4243,-23.0808],[60.1178,86.809,-8.94364],[[[0.960972,-0.0525996,-0.271599],[0.250108,0.584767,0.771683],[0.118232,-0.809494,0.5751]],[[0.96362,-0.0727596,-0.25718],[0.0204726,0.979499,-0.200405],[0.266489,0.187849,0.945355]],[[0.96362,-0.0727596,-0.25718],[-0.264736,-0.127532,-0.955851],[0.0367486,0.989162,-0.142154]],[[0.96362,-0.0727596,-0.25718],[-0.216784,-0.775598,-0.592835],[-0.156334,0.62702,-0.763155]]],3],[2304,[-0.265502,-0.952695,0.147924],230,50.0798,[72.9437,93.2964,-9.41856],[73.8252,98.8218,-9.36265],[12.9179,48.3666,2.73011],false,[88.8369,80.2817,43.089],[90.1951,128.239,11.4129],[78.6062,124.71,-21.4849],[73.4576,106.235,-18.6164],[74.0108,95.2634,-5.52525],[[[0.913574,-0.241829,-0.326957],[0.405985,0.495637,0.767802],[-0.0236244,-0.834184,0.55098]],[[0.909816,-0.298345,-0.288487],[0.250919,0.949132,-0.190229],[0.330567,0.100687,0.938396]],[[0.909816,-0.298345,-0.288487],[-0.318973,-0.05799,-0.945988],[0.265502,0.952695,-0.147924]],[[0.909816,-0.298345,-0.288487],[-0.413747,-0.706279,-0.574441],[-0.0323708,0.641997,-0.766024]]],4]],[[0,200,0],[235.247,235.247,147.751]]]]}