{"metadata":{"formatVersion":2,"generatedBy":"LeapJS Playback 0.2.1","frames":1,"protocolVersion":6,"serviceVersion":"2.2.5+26752","frameRate":"76","modified":"Sun Apr 19 2015 12:49:18 GMT-0300 (E. South America Standard Time)"},"frames":[["id","timestamp",{"hands":[["id","type","direction","palmNormal","palmPosition","palmVelocity","stabilizedPalmPosition","pinchStrength","grabStrength","confidence","armBasis","armWidth","elbow","wrist"]]},{"pointables":[["id","direction","handId","length","stabilizedTipPosition","tipPosition","tipVelocity","tool","carpPosition","mcpPosition","pipPosition","dipPosition","btipPosition","bases","type"]]},{"interactionBox":["center","size"]}],[622246,238708817637,[[230,"right",[0.0181185,0.925349,-0.378684],[-0.234061,-0.364296,-0.90139],[53.5126,107.142,21.6159],[2.50937,-64.7613,10.7052],[54.3459,110.461,20.8884],0,0,0.316489,[[0.924401,-0.0993154,-0.368265],[0.107997,0.994147,0.00298258],[0.365813,-0.0425286,0.929716]],63.1764,[158.819,46.9821,293.046],[60.8916,58.3668,44.1641]]],[[2300,[-0.878038,0.453687,-0.152375],230,51.6717,[-52.2829,100.611,25.62],[-54.2596,99.1343,25.8628],[1.71279,-53.9001,-17.2417],false,[30.8489,54.2934,41.7322],[30.8489,54.2934,41.7322],[-7.79993,80.0526,24.6395],[-37.4817,95.3894,19.4886],[-58.9604,100.385,26.709],[[[0.604037,0.464163,0.647836],[-0.684698,-0.113736,0.719897],[0.407832,-0.878417,0.249111]],[[0.344389,0.820031,0.457106],[-0.521122,-0.238022,0.819621],[0.780915,-0.520476,0.345364]],[[0.344389,0.820031,0.457106],[-0.332335,-0.34888,0.876263],[0.878038,-0.453687,0.152375]],[[0.344389,0.820031,0.457106],[0.15676,-0.530283,0.833203],[0.925647,-0.215289,-0.311171]]],0],[2301,[0.110727,0.94762,-0.299594],230,58.3058,[37.3605,212.512,-2.02551],[39.9185,208.948,1.43254],[22.8673,-57.0493,15.5993],false,[43.3518,70.3336,53.5103],[30.3345,133.466,19.3718],[36.804,175.461,16.3817],[39.4575,198.17,9.20222],[40.5937,212.823,0.778297],[[[0.961296,0.0518912,-0.270588],[0.20991,0.498198,0.841271],[0.178461,-0.865509,0.468023]],[[0.975784,-0.160873,-0.148205],[0.157408,0.0459876,0.986462],[-0.15188,-0.985903,0.0701967]],[[0.975784,-0.160873,-0.148205],[0.188638,0.275929,0.942485],[-0.110727,-0.94762,0.299594]],[[0.975784,-0.160873,-0.148205],[0.208195,0.475302,0.854835],[-0.0670781,-0.86499,0.497285]]],1],[2302,[-0.0899014,-0.964968,0.246483],230,66.4348,[35.8797,83.8062,-8.07866],[33.8153,80.5004,-7.7446],[9.28505,-67.0359,11.9444],false,[55.2113,72.3066,51.389],[52.0635,132.055,16.6753],[34.301,116.637,-24.9248],[31.7663,89.4308,-17.9755],[34.398,77.084,-4.27266],[[[0.926605,-0.151215,-0.344293],[0.373274,0.480675,0.793485],[0.0455063,-0.863762,0.501841]],[[0.927414,-0.171331,-0.332489],[0.0418692,0.930888,-0.362898],[0.371685,0.322636,0.870492]],[[0.927414,-0.171331,-0.332489],[-0.363071,-0.198701,-0.910328],[0.0899014,0.964968,-0.246483]],[[0.927414,-0.171331,-0.332489],[-0.346341,-0.729039,-0.590381],[-0.141247,0.662682,-0.73546]]],2],[2303,[-0.201212,-0.917157,0.344002],230,63.8788,[51.604,79.6989,-3.34131],[49.6642,76.1872,-2.96854],[9.07173,-66.9559,17.9003],false,[66.7384,71.6055,47.5161],[73.0105,123.863,14.5472],[54.3072,109.365,-22.9007],[48.7808,84.1744,-13.4525],[50.1762,73.0638,1.30447],[[[0.892409,-0.312479,-0.325521],[0.439782,0.440864,0.782452],[-0.10099,-0.841425,0.530853]],[[0.891884,-0.316749,-0.32282],[0.162113,0.890257,-0.425631],[0.422211,0.32728,0.845355]],[[0.891884,-0.316749,-0.32282],[-0.405039,-0.241854,-0.881731],[0.201212,0.917157,-0.344002]],[[0.891884,-0.316749,-0.32282],[-0.445947,-0.734806,-0.511069],[-0.0753295,0.599775,-0.796615]]],3],[2304,[-0.364953,-0.877564,0.310952],230,50.0798,[65.5175,83.3424,-4.11388],[65.112,81.3027,-4.11826],[7.61069,-66.8459,19.1474],false,[76.4149,65.5228,39.2406],[90.4827,112.81,9.72535],[72.1976,106.3,-19.4688],[65.1204,89.2822,-13.4388],[65.057,78.2533,-0.384348],[[[0.789708,-0.476284,-0.386672],[0.562569,0.310813,0.766101],[-0.244699,-0.822526,0.513394]],[[0.792071,-0.468189,-0.391691],[0.317146,0.863894,-0.391288],[0.521576,0.185705,0.83275]],[[0.792071,-0.468189,-0.391691],[-0.489318,-0.103347,-0.86596],[0.364953,0.877564,-0.310952]],[[0.792071,-0.468189,-0.391691],[-0.610417,-0.603591,-0.512901],[0.00371368,0.645349,-0.763878]]],4]],[[0,200,0],[235.247,235.247,147.751]]]]}