{"metadata":{"formatVersion":2,"generatedBy":"LeapJS Playback 0.2.1","frames":40,"protocolVersion":6,"serviceVersion":"2.2.5+26752","frameRate":"71","modified":"Sun Apr 19 2015 12:52:49 GMT-0300 (E. South America Standard Time)"},"frames":[["id","timestamp",{"hands":[["id","type","direction","palmNormal","palmPosition","palmVelocity","stabilizedPalmPosition","pinchStrength","grabStrength","confidence","armBasis","armWidth","elbow","wrist"]]},{"pointables":[["id","direction","handId","length","stabilizedTipPosition","tipPosition","tipVelocity","tool","carpPosition","mcpPosition","pipPosition","dipPosition","btipPosition","bases","type"]]},{"interactionBox":["center","size"]}],[633784,238933534968,[[257,"right",[-0.0348488,0.676768,-0.735371],[-0.408704,-0.681126,-0.607477],[-35.4737,92.6121,46.5793],[75.4092,7.12585,3.17856],[-43.6603,92.0004,49.3678],1,0,0.62832,[[0.704854,-0.0922546,-0.703327],[0.355135,0.904194,0.237304],[0.614052,-0.417041,0.670088]],63.72,[140.92,-55.7215,267.548],[-24.8743,56.8794,86.6243]]],[[2570,[0.17883,-0.0844473,-0.980249],257,52.1164,[-52.4543,54.0992,1.83202],[-51.4401,54.1773,2.25926],[75.2088,-19.3274,16.4481],false,[-55.1685,55.172,91.1419],[-55.1685,55.172,91.1419],[-70.3967,63.0596,44.2627],[-64.2994,60.1803,10.8406],[-45.9477,51.037,-0.444247],[[[0.725743,0.628855,0.278996],[-0.537595,0.265333,0.800369],[0.429289,-0.730849,0.530633]],[[0.448289,0.893876,0.00477622],[-0.840221,0.419544,0.343527],[0.305067,-0.158012,0.939131]],[[0.448289,0.893876,0.00477622],[-0.875818,0.440289,-0.197708],[-0.17883,0.0844473,0.980249]],[[0.448289,0.893876,0.00477622],[-0.429145,0.219902,-0.876058],[-0.784138,0.390677,0.482182]]],0],[2571,[-0.23893,0.270372,-0.932637],257,58.8075,[-83.8676,143.45,-34.9968],[-76.5671,142.769,-36.9347],[85.4863,-16.065,-15.1028],false,[-40.1943,73.4787,92.729],[-58.2949,117.998,37.0253],[-67.6517,132.222,-2.41936],[-73.4267,138.757,-24.9616],[-77.7605,142.61,-41.0331],[[[0.893203,-0.161782,-0.419541],[0.376371,0.779515,0.5007],[0.246034,-0.60513,0.757156]],[[0.919202,-0.246632,-0.306986],[0.328078,0.910798,0.250623],[0.217791,-0.331089,0.918122]],[[0.919202,-0.246632,-0.306986],[0.313018,0.93063,0.189599],[0.23893,-0.270372,0.932637]],[[0.919202,-0.246632,-0.306986],[0.301213,0.942513,0.144703],[0.25365,-0.22548,0.940649]]],1],[2572,[-0.305701,0.273342,-0.912048],257,67.0064,[-71.286,142.329,-48.6395],[-64.5311,140.638,-50.785],[87.3308,-18.8983,-14.522],false,[-28.8185,73.1915,88.0249],[-37.3301,113.391,31.6413],[-50.869,128.878,-11.9493],[-59.5621,136.651,-37.8846],[-65.6319,141.129,-55.0962],[[[0.840894,-0.372552,-0.392558],[0.52727,0.727467,0.439065],[0.121998,-0.576191,0.808158]],[[0.840781,-0.372017,-0.393308],[0.462806,0.870846,0.165644],[0.280888,-0.321295,0.904362]],[[0.840781,-0.372017,-0.393308],[0.446805,0.887067,0.116094],[0.305701,-0.273342,0.912048]],[[0.840781,-0.372017,-0.393308],[0.434466,0.897109,0.0802183],[0.322997,-0.238325,0.915901]]],2],[2573,[-0.387452,-0.822163,0.417047],257,64.4285,[-57.7778,47.5763,24.5538],[-53.8656,49.8745,22.7495],[61.6329,1.99014,19.0988],false,[-18.1641,69.7648,82.9583],[-17.1737,102.92,29.8213],[-41.7744,80.9087,-0.288205],[-52.5076,58.1331,11.2648],[-54.0135,47.6063,26.6275],[[[0.807525,-0.507055,-0.301326],[0.589621,0.680252,0.435435],[-0.0158119,-0.529293,0.848292]],[[0.806795,-0.521283,-0.27811],[0.214283,0.696827,-0.684482],[0.550604,0.492642,0.673899]],[[0.806795,-0.521283,-0.27811],[-0.446052,-0.228717,-0.86529],[0.387452,0.822163,-0.417047]],[[0.806795,-0.521283,-0.27811],[-0.585308,-0.64096,-0.496573],[0.0805973,0.563413,-0.822235]]],3],[2574,[-0.599229,-0.632863,0.490316],257,50.5107,[-43.1184,55.3565,26.6984],[-38.6785,55.6795,25.0376],[63.2625,-0.653292,14.9621],false,[-10.2995,59.7706,76.5692],[-1.03387,89.0605,27.3907],[-23.1547,73.6401,4.51812],[-34.8749,61.2621,14.1081],[-39.536,54.1705,29.1111],[[[0.691671,-0.670288,-0.268897],[0.704314,0.543653,0.45649],[-0.159793,-0.505129,0.848122]],[[0.661103,-0.736585,-0.142778],[0.414203,0.516965,-0.749122],[0.625603,0.436107,0.646863]],[[0.661103,-0.736585,-0.142778],[-0.451518,-0.238592,-0.85977],[0.599229,0.632863,-0.490316]],[[0.661103,-0.736585,-0.142778],[-0.699869,-0.536817,-0.47118],[0.270419,0.411424,-0.870404]]],4]],[[0,200,0],[235.247,235.247,147.751]]],[633785,238933554820,[[257,"right",[-0.0326011,0.675747,-0.736412],[-0.42118,-0.677476,-0.60302],[-33.7546,92.4587,46.3785],[81.0856,-0.41103,-3.56657],[-42.8295,92.0388,49.1171],1,0,0.644611,[[0.700514,-0.107338,-0.70552],[0.365794,0.902881,0.225835],[0.61276,-0.416275,0.671744]],63.72,[142.18,-55.7138,267.783],[-23.2655,56.6806,86.4119]]],[[2570,[0.175685,-0.0917324,-0.980163],257,52.1164,[-51.0832,53.6046,1.93398],[-50.1545,53.872,2.22865],[70.909,-18.2911,6.80461],false,[-53.5421,55.3331,91.1627],[-53.5421,55.3331,91.1627],[-68.827,63.1392,44.2883],[-62.8369,60.0116,10.8691],[-44.664,50.6418,-0.518699],[[[0.735083,0.620915,0.272246],[-0.528377,0.273051,0.803903],[0.424819,-0.734784,0.528793]],[[0.457682,0.889115,-0.00117603],[-0.834726,0.430139,0.343822],[0.306203,-0.156379,0.939034]],[[0.457682,0.889115,-0.00117603],[-0.871586,0.448397,-0.198189],[-0.175685,0.0917324,0.980163]],[[0.457682,0.889115,-0.00117603],[-0.433098,0.221787,-0.873634],[-0.7765,0.400356,0.486582]]],0],[2571,[-0.242634,0.27192,-0.93123],257,58.8075,[-82.8125,143.264,-35.2758],[-74.8952,142.928,-36.9243],[84.651,-3.15662,-6.90542],false,[-38.3451,73.4679,92.6001],[-56.3522,118.09,36.9482],[-65.8435,132.342,-2.45427],[-71.7081,138.914,-24.9625],[-76.1123,142.805,-41.0057],[[[0.88805,-0.17292,-0.425989],[0.389178,0.776034,0.496299],[0.244762,-0.606523,0.756453]],[[0.913925,-0.257883,-0.313427],[0.34049,0.907439,0.246212],[0.220922,-0.331738,0.917139]],[[0.913925,-0.257883,-0.313427],[0.325375,0.927122,0.185943],[0.242634,-0.27192,0.93123]],[[0.913925,-0.257883,-0.313427],[0.313516,0.938963,0.141621],[0.257775,-0.227695,0.938993]]],1],[2572,[-0.30807,0.2772,-0.910084],257,67.0064,[-70.1754,142.063,-48.9665],[-62.9112,140.705,-50.8647],[84.9194,-5.48996,-8.7012],false,[-27.0096,73.0399,87.8105],[-35.4838,113.23,31.4143],[-49.1253,128.85,-12.0964],[-57.8857,136.733,-37.9759],[-64.0036,141.299,-55.1476],[[[0.833509,-0.383018,-0.398196],[0.53899,0.722123,0.433623],[0.121461,-0.576052,0.808339]],[[0.833436,-0.382672,-0.398681],[0.474643,0.86518,0.161794],[0.283017,-0.324076,0.902705]],[[0.833436,-0.382672,-0.398681],[0.458778,0.881318,0.113139],[0.30807,-0.2772,0.910084]],[[0.833436,-0.382672,-0.398681],[0.446537,0.891367,0.0779045],[0.325559,-0.242954,0.913775]]],2],[2573,[-0.393899,-0.81686,0.421406],257,64.4285,[-57.5349,47.6925,24.4857],[-52.8227,49.8926,22.7719],[57.0055,1.32393,9.75911],false,[-16.4345,69.4803,82.6699],[-15.4644,102.522,29.4619],[-40.5463,80.7415,-0.417529],[-51.4581,58.1129,11.2563],[-52.9731,47.6298,26.6479],[[[0.799279,-0.516953,-0.30645],[0.60076,0.674182,0.429612],[-0.0154865,-0.527483,0.849424]],[[0.798559,-0.531153,-0.28316],[0.217173,0.692995,-0.687455],[0.561372,0.487479,0.66875]],[[0.798559,-0.531153,-0.28316],[-0.455133,-0.224981,-0.861532],[0.393899,0.81686,-0.421406]],[[0.798559,-0.531153,-0.28316],[-0.596429,-0.634882,-0.491118],[0.0810853,0.561072,-0.823786]]],3],[2574,[-0.603263,-0.624955,0.495485],257,50.5107,[-42.8074,55.3721,26.6355],[-37.5555,55.5276,24.9309],[59.7661,-4.29798,4.05804],false,[-8.73505,59.3836,76.2409],[0.494732,88.4719,26.9361],[-21.9712,73.2697,4.25465],[-33.7703,61.0463,13.9457],[-38.4126,54.0329,28.9913],[[[0.681791,-0.67877,-0.272822],[0.71402,0.536301,0.450064],[-0.159175,-0.50165,0.8503]],[[0.651349,-0.744579,-0.146107],[0.414799,0.510643,-0.753117],[0.635363,0.429937,0.641458]],[[0.651349,-0.744579,-0.146107],[-0.460238,-0.234593,-0.85624],[0.603263,0.624955,-0.495485]],[[0.651349,-0.744579,-0.146107],[-0.709372,-0.529195,-0.465559],[0.269326,0.406885,-0.872873]]],4]],[[0,200,0],[235.247,235.247,147.751]]],[633786,238933574557,[[257,"right",[-0.0266378,0.673948,-0.738298],[-0.4204,-0.677626,-0.603396],[-31.8819,92.4588,46.467],[88.0597,-0.200536,0.502176],[-41.6757,92.0831,48.8378],1,0,0.670571,[[0.699162,-0.109395,-0.706545],[0.367291,0.902812,0.22367],[0.613408,-0.415889,0.671391]],63.72,[143.906,-55.5406,267.92],[-21.7139,56.7495,86.6445]]],[[2570,[0.187496,-0.0997457,-0.977188],257,52.1164,[-48.8509,52.9964,2.07306],[-47.6685,53.407,2.33678],[99.6844,-21.5889,6.69996],false,[-52.0184,55.515,91.2459],[-52.0184,55.515,91.2459],[-66.7731,62.9948,44.149],[-60.3804,59.594,10.8312],[-42.1208,50.1304,-0.338288],[[[0.735773,0.619168,0.274354],[-0.531501,0.276883,0.800526],[0.419696,-0.734825,0.532811]],[[0.45887,0.888499,-0.00264823],[-0.837896,0.433723,0.331383],[0.295582,-0.149843,0.943493]],[[0.45887,0.888499,-0.00264823],[-0.868495,0.447906,-0.21236],[-0.187496,0.0997457,0.977188]],[[0.45887,0.888499,-0.00264823],[-0.425113,0.216933,-0.87876],[-0.780203,0.404362,0.477257]]],0],[2571,[-0.236045,0.27286,-0.932647],257,58.8075,[-81.2705,143.069,-35.6166],[-72.4103,142.879,-37.1759],[106.289,-0.0422429,-9.05697],false,[-36.7683,73.6028,92.7135],[-54.3459,118.14,36.8572],[-63.5782,132.346,-2.62348],[-69.2835,138.941,-25.1659],[-73.5693,142.873,-41.2311],[[[0.8896,-0.176972,-0.421062],[0.389265,0.776014,0.496262],[0.238925,-0.605379,0.759231]],[[0.914635,-0.261785,-0.308076],[0.342438,0.906715,0.246179],[0.214891,-0.330661,0.918959]],[[0.914635,-0.261785,-0.308076],[0.328215,0.925752,0.187774],[0.236045,-0.27286,0.932647]],[[0.914635,-0.261785,-0.308076],[0.31705,0.937285,0.144828],[0.250841,-0.230141,0.940273]]],1],[2572,[-0.299559,0.282167,-0.911398],257,67.0064,[-68.4979,141.821,-49.3449],[-60.2088,140.807,-51.0248],[112.472,5.64343,-6.83276],false,[-25.4104,73.1247,87.9821],[-33.4663,113.197,31.4411],[-46.748,128.938,-12.1375],[-55.2664,136.962,-38.0544],[-61.2118,141.654,-55.2524],[[[0.834219,-0.386815,-0.393005],[0.539209,0.721443,0.43448],[0.115467,-0.574364,0.810416]],[[0.834112,-0.386287,-0.39375],[0.477836,0.86263,0.165959],[0.275552,-0.326577,0.904112]],[[0.834112,-0.386287,-0.39375],[0.463164,0.87816,0.119643],[0.299559,-0.282167,0.911398]],[[0.834112,-0.386287,-0.39375],[0.451843,0.887936,0.0860675],[0.316378,-0.249703,0.915179]]],2],[2573,[-0.399042,-0.814509,0.421117],257,64.4285,[-57.1085,47.841,24.4038],[-50.9758,49.8977,22.869],[75.2249,0.687814,6.94222],false,[-14.8215,69.5167,82.9041],[-13.4733,102.417,29.6171],[-38.4741,80.6475,-0.337887],[-49.5283,58.084,11.3279],[-51.1643,47.6401,26.7338],[[[0.799081,-0.520399,-0.30109],[0.600838,0.673286,0.430905],[-0.0215227,-0.525234,0.850686]],[[0.79819,-0.534601,-0.277657],[0.223132,0.690504,-0.688053],[0.559557,0.487243,0.67044]],[[0.79819,-0.534601,-0.277657],[-0.451284,-0.225335,-0.863462],[0.399042,0.814509,-0.421117]],[[0.79819,-0.534601,-0.277657],[-0.596008,-0.633836,-0.492977],[0.0875575,0.558976,-0.824548]]],3],[2574,[-0.608184,-0.621668,0.493601],257,50.5107,[-42.2912,55.3883,26.5681],[-35.7022,55.4856,25.0989],[76.7005,-3.2837,5.87089],false,[-7.1235,59.3779,76.5399],[2.45139,88.3079,27.2078],[-19.9491,73.1216,4.45102],[-31.8444,60.9625,14.1053],[-36.597,53.9992,29.1396],[[[0.680885,-0.681736,-0.26764],[0.713533,0.535083,0.45228],[-0.165126,-0.498921,0.850771]],[[0.649535,-0.747193,-0.14074],[0.420438,0.507193,-0.752321],[0.633511,0.429486,0.643588]],[[0.649535,-0.747193,-0.14074],[-0.456308,-0.235015,-0.858225],[0.608184,0.621668,-0.493601]],[[0.649535,-0.747193,-0.14074],[-0.708576,-0.527734,-0.46842],[0.275727,0.40398,-0.872224]]],4]],[[0,200,0],[235.247,235.247,147.751]]],[633787,238933593918,[[257,"right",[-0.0309771,0.653607,-0.7562],[-0.437724,-0.689026,-0.577616],[-28.8147,93.3722,45.7493],[123.148,23.4276,-18.2343],[-39.7758,92.2735,48.3815],1,0,0.672065,[[0.693354,-0.128571,-0.709034],[0.386119,0.897064,0.214913],[0.608418,-0.422783,0.671627]],63.72,[145.871,-55.4841,268.075],[-18.4014,58.6672,86.7359]]],[[2570,[0.175411,-0.132299,-0.975565],257,52.1164,[-46.2522,52.3993,2.54059],[-45.3917,53.006,3.00377],[107.947,-21.3633,21.4552],false,[-48.6395,57.9154,91.8499],[-48.6395,57.9154,91.8499],[-63.9314,64.0981,44.7363],[-57.9506,59.5873,11.4738],[-39.9235,49.601,0.382199],[[[0.747052,0.617827,0.245362],[-0.515322,0.305055,0.800865],[0.419947,-0.724728,0.546272]],[[0.467337,0.883356,-0.0357644],[-0.829307,0.452042,0.328493],[0.306344,-0.123857,0.943829]],[[0.467337,0.883356,-0.0357644],[-0.866503,0.449644,-0.216779],[-0.175411,0.132299,0.975565]],[[0.467337,0.883356,-0.0357644],[-0.433905,0.193935,-0.879838],[-0.770274,0.426699,0.473926]]],0],[2571,[-0.24564,0.260721,-0.933641],257,58.8075,[-79.3573,142.84,-36.1604],[-70.0578,142.283,-38.529],[115.289,-5.92554,-36.324],false,[-33.1646,75.8567,92.5729],[-51.1403,119.041,35.7881],[-60.8193,132.524,-3.83854],[-66.7565,138.826,-26.405],[-71.1977,142.61,-42.4635],[[[0.880618,-0.198927,-0.430047],[0.405971,0.784782,0.4683],[0.244335,-0.58698,0.771851]],[[0.906315,-0.279907,-0.316616],[0.357545,0.907276,0.221387],[0.22529,-0.313851,0.922357]],[[0.906315,-0.279907,-0.316616],[0.343881,0.923946,0.167539],[0.24564,-0.260721,0.933641]],[[0.906315,-0.279907,-0.316616],[0.333203,0.93413,0.127969],[0.259941,-0.221478,0.939882]]],1],[2572,[-0.304769,0.277312,-0.911161],257,67.0064,[-66.4136,141.565,-49.9525],[-57.7927,140.181,-52.4411],[121.059,-0.382536,-36.9811],false,[-21.8908,75.1153,87.6771],[-30.4081,113.705,30.1807],[-44.031,128.969,-13.4624],[-52.6976,136.855,-39.3725],[-58.7182,141.524,-56.5505],[[[0.823335,-0.407253,-0.395303],[0.554271,0.726775,0.405686],[0.12208,-0.553121,0.824108]],[[0.822851,-0.405089,-0.39852],[0.492986,0.857687,0.146076],[0.282631,-0.316664,0.905452]],[[0.822851,-0.405089,-0.39852],[0.479616,0.871206,0.104728],[0.304769,-0.277312,0.911161]],[[0.822851,-0.405089,-0.39852],[0.469331,0.879857,0.0746992],[0.320381,-0.248504,0.914113]]],2],[2573,[-0.401455,-0.797851,0.449743],257,64.4285,[-56.3858,48.0706,24.3662],[-48.7681,50.4029,23.6502],[94.624,13.4349,23.297],false,[-11.4268,71.2448,82.5338],[-10.57,102.646,28.3397],[-36.296,80.3505,-0.597289],[-47.4171,58.2484,11.8615],[-48.9254,48.251,27.5735],[[[0.788184,-0.537832,-0.299171],[0.615288,0.677819,0.402471],[-0.0136781,-0.501297,0.865167]],[[0.78751,-0.551415,-0.275263],[0.219768,0.668528,-0.710474],[0.575787,0.499011,0.647655]],[[0.78751,-0.551415,-0.275263],[-0.467614,-0.243671,-0.849683],[0.401455,0.797851,-0.449743]],[[0.78751,-0.551415,-0.275263],[-0.610992,-0.640024,-0.465895],[0.0807269,0.53508,-0.840935]]],3],[2574,[-0.60721,-0.600628,0.520136],257,50.5107,[-41.4163,55.4468,26.5187],[-33.399,55.8708,25.4863],[97.9003,8.54631,12.5546],false,[-3.94771,60.8449,76.3321],[5.15341,88.2898,26.0705],[-17.7838,72.7426,4.10593],[-29.6601,60.9951,14.2792],[-34.2521,54.5034,29.5723],[[[0.668733,-0.696789,-0.259386],[0.726747,0.538946,0.425883],[-0.156956,-0.47331,0.8668]],[[0.638679,-0.758386,-0.13015],[0.413872,0.481165,-0.772781],[0.64869,0.439693,0.621185]],[[0.638679,-0.758386,-0.13015],[-0.472636,-0.253172,-0.844108],[0.60721,0.600628,-0.520136]],[[0.638679,-0.758386,-0.13015],[-0.721884,-0.531985,-0.442578],[0.266407,0.376619,-0.887235]]],4]],[[0,200,0],[235.247,235.247,147.751]]],[633788,238933612171,[[257,"right",[-0.0290227,0.65215,-0.757534],[-0.435754,-0.690305,-0.577578],[-26.6922,92.9354,45.7264],[119.864,0.766649,-10.1095],[-37.514,92.3879,47.9225],1,0,0.698078,[[0.694261,-0.12889,-0.708088],[0.385094,0.897681,0.214174],[0.608033,-0.421374,0.67286]],63.72,[147.784,-55.4579,268.482],[-16.3851,58.3129,86.8095]]],[[2570,[0.187739,-0.139819,-0.972216],257,52.1164,[-42.9808,51.4637,2.92452],[-42.5582,52.0702,3.13313],[132.167,-36.0553,16.514],false,[-46.6377,57.5586,91.8364],[-46.6377,57.5586,91.8364],[-61.5867,63.4436,44.5748],[-55.1856,58.6764,11.4265],[-36.9906,48.6388,0.660127],[[[0.746083,0.618598,0.246368],[-0.517789,0.306374,0.798768],[0.418635,-0.723514,0.548883]],[[0.465729,0.884144,-0.037219],[-0.832713,0.452095,0.319685],[0.299474,-0.117894,0.946793]],[[0.465729,0.884144,-0.037219],[-0.864783,0.445802,-0.231106],[-0.187739,0.139819,0.972216]],[[0.465729,0.884144,-0.037219],[-0.422696,0.185314,-0.887123],[-0.777447,0.428892,0.46003]]],0],[2571,[-0.240986,0.27001,-0.932213],257,58.8075,[-77.0786,142.654,-36.6784],[-67.6491,142.086,-38.66],[124.794,0.878114,-19.9456],false,[-31.1722,75.5075,92.5705],[-48.9987,118.576,35.6508],[-58.5382,132.292,-3.92978],[-64.3629,138.818,-26.4617],[-68.7089,142.809,-42.4962],[[[0.881954,-0.199391,-0.427084],[0.404283,0.785839,0.467988],[0.242307,-0.585406,0.773684]],[[0.90709,-0.278907,-0.315275],[0.35761,0.905693,0.227673],[0.222043,-0.319265,0.921285]],[[0.90709,-0.278907,-0.315275],[0.345129,0.921578,0.177711],[0.240986,-0.27001,0.932213]],[[0.90709,-0.278907,-0.315275],[0.33539,0.931478,0.140933],[0.254365,-0.233579,0.938477]]],1],[2572,[-0.297178,0.287077,-0.910644],257,67.0064,[-63.8321,141.394,-50.5316],[-55.0578,140.212,-52.5353],[136.583,8.31922,-19.7644],false,[-19.8838,74.7614,87.7091],[-28.248,113.238,30.1144],[-41.5667,128.849,-13.4998],[-50.0174,137.012,-39.3952],[-55.8799,141.899,-56.5675],[[[0.824652,-0.407673,-0.392111],[0.552789,0.727773,0.405919],[0.119886,-0.551497,0.825517]],[[0.824003,-0.404735,-0.396495],[0.494638,0.85516,0.155033],[0.276319,-0.323869,0.904852]],[[0.824003,-0.404735,-0.396495],[0.482394,0.868203,0.116274],[0.297178,-0.287077,0.910644]],[[0.824003,-0.404735,-0.396495],[0.472963,0.876674,0.0880269],[0.311969,-0.260062,0.913807]]],2],[2573,[-0.402379,-0.796995,0.450433],257,64.4285,[-55.3059,48.2841,24.3257],[-46.5613,49.9108,23.6776],[107,-6.12977,12.9778],false,[-9.40328,70.8853,82.6039],[-8.40025,102.183,28.3526],[-34.0371,79.8016,-0.5968],[-45.1839,57.7232,11.8811],[-46.7362,47.7571,27.6087],[[[0.789272,-0.538082,-0.295832],[0.613834,0.678836,0.402976],[-0.0160126,-0.49965,0.866079]],[[0.788528,-0.551696,-0.271765],[0.221325,0.666851,-0.711566],[0.573794,0.500941,0.647934]],[[0.788528,-0.551696,-0.271765],[-0.465097,-0.245826,-0.850444],[0.402379,0.796995,-0.450433]],[[0.788528,-0.551696,-0.271765],[-0.609361,-0.641179,-0.466442],[0.0830843,0.533405,-0.84177]]],3],[2574,[-0.608602,-0.599866,0.519388],257,50.5107,[-40.1635,55.4552,26.4671],[-31.2038,55.3928,25.5288],[108.411,-8.12418,7.47448],false,[-1.90185,60.4766,76.444],[7.33552,87.8292,26.157],[-15.5325,72.2281,4.1585],[-27.436,60.4955,14.3171],[-32.0749,54.0293,29.6069],[[[0.669769,-0.697012,-0.256094],[0.72528,0.540053,0.42698],[-0.159306,-0.471718,0.867239]],[[0.63934,-0.758404,-0.126758],[0.415907,0.479739,-0.772574],[0.646734,0.441219,0.622143]],[[0.63934,-0.758404,-0.126758],[-0.469944,-0.254921,-0.845085],[0.608602,0.599866,-0.519388]],[[0.63934,-0.758404,-0.126758],[-0.720287,-0.533007,-0.443948],[0.269129,0.375136,-0.887042]]],4]],[[0,200,0],[235.247,235.247,147.751]]],[633789,238933629669,[[257,"right",[-0.0214694,0.640138,-0.76796],[-0.421005,-0.702499,-0.573803],[-25.1359,92.7517,45.4361],[105.508,-4.46391,-13.1201],[-35.2347,92.4549,47.4647],1,0,0.707597,[[0.697408,-0.118321,-0.70684],[0.378045,0.898634,0.222574],[0.608855,-0.422442,0.671445]],63.72,[149.145,-55.211,268.506],[-15.2455,58.8484,87.2155]]],[[2570,[0.214356,-0.158568,-0.963798],257,52.1164,[-39.0763,50.0356,3.31975],[-39.3861,50.7227,3.34813],[156.589,-54.5121,16.7575],false,[-45.5701,57.9368,91.7592],[-45.5701,57.9368,91.7592],[-59.5267,62.7969,44.0795],[-52.2181,57.3904,11.2182],[-33.6782,47.3001,1.10954],[[[0.737264,0.628102,0.248855],[-0.533133,0.314632,0.785351],[0.414983,-0.711684,0.566829]],[[0.459,0.887351,-0.0439058],[-0.843295,0.450698,0.292787],[0.279593,-0.0973634,0.955169]],[[0.459,0.887351,-0.0439058],[-0.86219,0.432971,-0.262992],[-0.214356,0.158568,0.963798]],[[0.459,0.887351,-0.0439058],[-0.402201,0.163473,-0.900839],[-0.792183,0.431144,0.431928]]],0],[2571,[-0.222682,0.275265,-0.935223],257,58.8075,[-74.3653,142.427,-37.4395],[-64.8544,141.254,-40.108],[144.437,-6.54755,-45.6651],false,[-30.2541,76.0145,92.4662],[-47.4658,118.059,34.6003],[-56.3172,131.783,-5.1373],[-61.6995,138.437,-27.742],[-65.7071,142.58,-43.8259],[[[0.890326,-0.199101,-0.409485],[0.390622,0.796083,0.46224],[0.233952,-0.571498,0.786547]],[[0.913891,-0.275069,-0.298564],[0.349795,0.906804,0.235263],[0.206026,-0.319441,0.924938]],[[0.913891,-0.275069,-0.298564],[0.339435,0.921177,0.190309],[0.222682,-0.275265,0.935223]],[[0.913891,-0.275069,-0.298564],[0.33134,0.930342,0.157088],[0.234557,-0.242488,0.941373]]],1],[2572,[-0.282894,0.274545,-0.919019],257,67.0064,[-60.7953,140.85,-51.3943],[-52.1011,138.563,-53.9602],[151.392,-37.3481,-47.5581],false,[-18.882,75.2811,87.8019],[-26.5875,112.798,29.4868],[-39.2346,127.813,-14.5346],[-47.2791,135.62,-40.6682],[-52.8692,140.269,-57.9968],[[[0.834024,-0.407258,-0.372216],[0.54056,0.738222,0.403513],[0.110444,-0.537745,0.835842]],[[0.833347,-0.404027,-0.37722],[0.486504,0.860074,0.153581],[0.262386,-0.311505,0.913301]],[[0.833347,-0.404027,-0.37722],[0.474872,0.872575,0.114495],[0.282894,-0.274545,0.919019]],[[0.833347,-0.404027,-0.37722],[0.465877,0.880664,0.0859605],[0.297474,-0.247373,0.922126]]],2],[2573,[-0.403771,-0.79296,0.456272],257,64.4285,[-53.7985,48.4305,24.2914],[-44.3177,49.2325,23.7572],[116.478,-21.3804,9.08798],false,[-8.29015,71.4082,82.9292],[-6.63094,101.872,28.2213],[-31.6239,78.8305,-0.773502],[-42.8091,56.8639,11.8661],[-44.5501,47.128,27.7177],[[[0.798048,-0.536436,-0.27451],[0.602011,0.68972,0.402328],[-0.0264881,-0.486335,0.873371]],[[0.797003,-0.54975,-0.250122],[0.227769,0.657127,-0.718544],[0.559381,0.515712,0.648948]],[[0.797003,-0.54975,-0.250122],[-0.449172,-0.262658,-0.853964],[0.403771,0.79296,-0.456272]],[[0.797003,-0.54975,-0.250122],[-0.596745,-0.652874,-0.466532],[0.0931784,0.521086,-0.848403]]],3],[2574,[-0.612624,-0.59646,0.518582],257,50.5107,[-38.5169,55.3888,26.4452],[-29.0342,54.8681,25.7602],[115.26,-18.0707,10.0086],false,[-0.610511,60.9643,77.0552],[9.2462,87.6086,26.5062],[-13.1404,71.4905,4.38557],[-25.1226,59.8245,14.5284],[-29.9671,53.5583,29.8376],[[[0.679105,-0.695657,-0.23426],[0.714087,0.552194,0.430303],[-0.169987,-0.459503,0.871758]],[[0.646994,-0.755312,-0.104418],[0.424922,0.470866,-0.773128],[0.633119,0.455839,0.625596]],[[0.646994,-0.755312,-0.104418],[-0.453972,-0.271551,-0.848628],[0.612624,0.59646,-0.518582]],[[0.646994,-0.755312,-0.104418],[-0.708806,-0.545294,-0.447492],[0.281057,0.363536,-0.888171]]],4]],[[0,200,0],[235.247,235.247,147.751]]],[633790,238933646432,[[257,"right",[-0.0145739,0.635716,-0.771786],[-0.408298,-0.708367,-0.575768],[-23.3023,92.6493,45.2159],[107.251,-5.20399,-13.126],[-32.9322,92.4924,47.0308],1,0,0.712242,[[0.702096,-0.108505,-0.703767],[0.370628,0.899583,0.231053],[0.608026,-0.423057,0.671809]],63.72,[150.373,-55.1827,268.711],[-13.794,59.0427,87.3224]]],[[2570,[0.237064,-0.166515,-0.957117],257,52.1164,[-35.1794,49.0491,3.45217],[-36.1445,49.9812,3.30882],[174.028,-48.8061,10.1565],false,[-44.1739,57.9611,91.439],[-44.1739,57.9611,91.439],[-57.2586,62.3459,43.4668],[-49.1757,56.6685,10.8334],[-30.3343,46.605,1.26998],[[[0.72963,0.634205,0.255781],[-0.546277,0.315547,0.775894],[0.411365,-0.705843,0.576684]],[[0.453855,0.890065,-0.0424365],[-0.851649,0.447291,0.273175],[0.262125,-0.0878407,0.961028]],[[0.453855,0.890065,-0.0424365],[-0.858962,0.424332,-0.286576],[-0.237064,0.166515,0.957117]],[[0.453855,0.890065,-0.0424365],[-0.381953,0.151294,-0.911714],[-0.805064,0.429995,0.408628]]],0],[2571,[-0.209223,0.284085,-0.935693],257,58.8075,[-71.288,142.293,-38.2872],[-62.0303,141.196,-40.9378],[155.828,3.33748,-44.865],false,[-28.9848,76.1406,92.262],[-45.6357,117.752,33.9207],[-53.9911,131.672,-5.85616],[-59.0481,138.538,-28.4722],[-62.8036,142.885,-44.5632],[[[0.897328,-0.195635,-0.395638],[0.378916,0.801133,0.463258],[0.226329,-0.565608,0.793008]],[[0.919391,-0.268785,-0.287183],[0.341901,0.907074,0.245603],[0.194482,-0.323993,0.925854]],[[0.919391,-0.268785,-0.287183],[0.333085,0.920354,0.204949],[0.209223,-0.284085,0.935693]],[[0.919391,-0.268785,-0.287183],[0.3262,0.928994,0.174822],[0.219802,-0.254409,0.941787]]],1],[2572,[-0.269394,0.271575,-0.923945],257,67.0064,[-57.3033,140.248,-52.3579],[-48.9709,138.011,-54.7785],[167.748,-33.4013,-47.4507],false,[-17.5429,75.4546,87.7643],[-24.6535,112.598,29.1348],[-36.6707,127.46,-15.1141],[-44.3312,135.183,-41.3878],[-49.6627,139.777,-58.812],[[[0.841824,-0.40394,-0.358001],[0.530042,0.743913,0.406999],[0.101918,-0.532377,0.840349]],[[0.841195,-0.400728,-0.363052],[0.479824,0.862749,0.159476],[0.249317,-0.308352,0.91802]],[[0.841195,-0.400728,-0.363052],[0.468847,0.875022,0.120494],[0.269394,-0.271575,0.923945]],[[0.841195,-0.400728,-0.363052],[0.460327,0.882972,0.0919782],[0.283707,-0.244494,0.927218]]],2],[2573,[-0.405064,-0.792743,0.455501],257,64.4285,[-51.8111,48.524,24.2238],[-41.8956,48.8762,23.5555],[128.694,-21.6677,-0.121051],false,[-6.85815,71.6231,83.0648],[-4.61188,101.793,28.2152],[-29.0514,78.3947,-0.965101],[-40.2725,56.4341,11.6532],[-42.1811,46.777,27.5337],[[[0.805279,-0.532803,-0.26009],[0.591811,0.695802,0.406963],[-0.03586,-0.481643,0.875634]],[[0.803958,-0.546087,-0.235459],[0.233341,0.65386,-0.719735],[0.546995,0.523695,0.6531]],[[0.803958,-0.546087,-0.235459],[-0.435401,-0.270828,-0.858532],[0.405064,0.792743,-0.455501]],[[0.803958,-0.546087,-0.235459],[-0.585847,-0.659272,-0.471321],[0.102151,0.516865,-0.84995]]],3],[2574,[-0.616196,-0.597429,0.513207],257,50.5107,[-36.448,55.2808,26.4148],[-26.6811,54.6312,25.7164],[126.145,-16.3151,4.22426],false,[0.970787,61.1963,77.3598],[11.3785,87.6227,26.8068],[-10.5927,71.2311,4.47165],[-22.6448,59.5461,14.5094],[-27.6714,53.3329,29.7814],[[[0.686788,-0.692561,-0.22064],[0.704348,0.559157,0.437306],[-0.179489,-0.455744,0.871827]],[[0.653178,-0.751735,-0.0908448],[0.43273,0.469037,-0.769902],[0.621371,0.463572,0.631663]],[[0.653178,-0.751735,-0.0908448],[-0.440069,-0.279237,-0.853444],[0.616196,0.597429,-0.513207]],[[0.653178,-0.751735,-0.0908448],[-0.698794,-0.552233,-0.45467],[0.291624,0.360463,-0.886015]]],4]],[[0,200,0],[235.247,235.247,147.751]]],[633791,238933662269,[[257,"right",[-0.0101354,0.628362,-0.777855],[-0.400255,-0.715409,-0.572701],[-20.695,93.0613,45.0903],[132.016,8.26998,-10.8856],[-30.35,92.6125,46.6213],1,0,0.723833,[[0.707212,-0.10201,-0.699604],[0.367457,0.898419,0.240454],[0.604009,-0.427126,0.672857]],63.72,[151.649,-55.4328,269.267],[-11.4335,59.8913,87.5961]]],[[2570,[0.250634,-0.176816,-0.951798],257,52.1164,[-31.3359,48.7268,3.78098],[-32.6394,49.7335,3.58099],[193.93,-33.3507,14.6198],false,[-41.8449,58.7249,91.4494],[-41.8449,58.7249,91.4494],[-54.3836,62.5168,43.2812],[-45.8381,56.4882,10.8291],[-26.8035,46.3917,1.69286],[[[0.724757,0.639548,0.256332],[-0.554516,0.320607,0.767934],[0.408949,-0.698706,0.587002]],[[0.450356,0.891609,-0.0470437],[-0.856787,0.446389,0.258173],[0.251189,-0.0759633,0.964953]],[[0.450356,0.891609,-0.0470437],[-0.856949,0.416857,-0.303097],[-0.250634,0.176816,0.951798]],[[0.450356,0.891609,-0.0470437],[-0.36836,0.137548,-0.919452],[-0.81332,0.43141,0.390379]]],0],[2571,[-0.200933,0.285962,-0.936937],257,58.8075,[-67.7587,142.256,-39.2002],[-58.7956,141.276,-41.6793],[176.776,9.43998,-44.0525],false,[-26.7363,76.9731,92.2372],[-43.0253,117.966,33.3581],[-51.0743,131.854,-6.493],[-55.9309,138.766,-29.1391],[-59.5314,143.176,-45.2481],[[[0.901637,-0.195696,-0.385686],[0.371522,0.806992,0.45906],[0.221409,-0.557196,0.800319]],[[0.922684,-0.266033,-0.279072],[0.336979,0.908147,0.248423],[0.187349,-0.323257,0.92758]],[[0.922684,-0.266033,-0.279072],[0.32906,0.920572,0.210398],[0.200933,-0.285962,0.936937]],[[0.922684,-0.266033,-0.279072],[0.322874,0.928749,0.182148],[0.21073,-0.25817,0.942837]]],1],[2572,[-0.257584,0.271294,-0.927389],257,67.0064,[-53.1955,139.805,-53.3664],[-45.3187,137.986,-55.4602],[196.503,-14.3727,-44.4596],false,[-15.2516,76.2913,87.8492],[-21.9803,112.852,28.81],[-33.4745,127.626,-15.6072],[-40.7993,135.341,-41.9788],[-45.8971,139.95,-59.4689],[[[0.846626,-0.403862,-0.346584],[0.523376,0.74986,0.404706],[0.0964442,-0.524028,0.846223]],[[0.845977,-0.400426,-0.352111],[0.476924,0.863543,0.163818],[0.238466,-0.306517,0.92151]],[[0.845977,-0.400426,-0.352111],[0.466876,0.875248,0.126365],[0.257584,-0.271294,0.927389]],[[0.845977,-0.400426,-0.352111],[0.459055,0.882887,0.0988871],[0.271277,-0.245294,0.93072]]],2],[2573,[-0.406019,-0.78999,0.459418],257,64.4285,[-49.193,48.6448,24.1827],[-38.918,49.0068,23.694],[154.047,-8.85296,3.69014],false,[-4.50968,72.4592,83.2825],[-1.88833,102.121,28.1727],[-25.9732,78.3369,-0.990833],[-37.2207,56.4526,11.736],[-39.2375,46.9366,27.6881],[[[0.809711,-0.531946,-0.247793],[0.585334,0.702003,0.405679],[-0.0418478,-0.473525,0.879786]],[[0.808215,-0.545048,-0.222961],[0.23708,0.647731,-0.724043],[0.539057,0.532323,0.652726]],[[0.808215,-0.545048,-0.222961],[-0.426542,-0.280782,-0.859781],[0.406019,0.78999,-0.459418]],[[0.808215,-0.545048,-0.222961],[-0.578911,-0.665975,-0.470467],[0.107941,0.509313,-0.853785]]],3],[2574,[-0.618385,-0.594868,0.513548],257,50.5107,[-33.8063,55.2175,26.4328],[-23.7514,54.8447,25.9531],[151.105,-3.52053,8.7676],false,[3.41195,62.0112,77.7468],[14.1704,88.0029,27.0421],[-7.54556,71.2969,4.69038],[-19.6404,59.662,14.7348],[-24.7848,53.5725,30.0175],[[[0.691507,-0.691806,-0.207903],[0.698136,0.566109,0.438322],[-0.185538,-0.448248,0.874443]],[[0.65691,-0.749955,-0.0776964],[0.437362,0.462971,-0.770956],[0.614153,0.472467,0.632132]],[[0.65691,-0.749955,-0.0776964],[-0.431357,-0.289308,-0.854536],[0.618386,0.594868,-0.513548]],[[0.65691,-0.749955,-0.0776964],[-0.692384,-0.55925,-0.455899],[0.298452,0.35328,-0.886634]]],4]],[[0,200,0],[235.247,235.247,147.751]]],[633792,238933677553,[[257,"right",[-0.00889096,0.608128,-0.793789],[-0.401113,-0.729326,-0.554249],[-17.7173,94.0603,44.3575],[158.412,32.2635,-26.4584],[-27.2626,92.9663,46.068],1,0,0.692805,[[0.710032,-0.104074,-0.696436],[0.373556,0.89405,0.247244],[0.596917,-0.435709,0.673682]],63.72,[152.646,-55.6589,269.602],[-8.52201,61.9826,87.7077]]],[[2570,[0.254144,-0.203534,-0.945508],257,52.1164,[-28.0509,48.5442,4.27322],[-29.4624,49.5322,4.03244],[198.886,-24.0208,21.7035],false,[-38.9366,60.9614,91.5769],[-38.9366,60.9614,91.5769],[-51.3692,63.4588,43.2968],[-42.7039,56.5192,11.0592],[-23.6562,46.1611,2.24891],[[[0.725621,0.644854,0.240076],[-0.554326,0.341114,0.759186],[0.407671,-0.683962,0.604979]],[[0.451297,0.889608,-0.0701959],[-0.856912,0.453975,0.244146],[0.249062,-0.0500309,0.967194]],[[0.451297,0.889608,-0.0701959],[-0.855419,0.408865,-0.317943],[-0.254144,0.203534,0.945508]],[[0.451297,0.889608,-0.0701959],[-0.365961,0.11276,-0.923774],[-0.813882,0.442586,0.37645]]],0],[2571,[-0.199337,0.272471,-0.941289],257,58.8075,[-64.0394,142.101,-40.4535],[-55.6716,140.702,-43.4721],[188.552,-5.91536,-74.0166],false,[-23.8009,79.2011,91.9007],[-40.0056,118.688,31.9782],[-48.0081,131.928,-8.10186],[-52.8261,138.514,-30.8532],[-56.3937,142.714,-47.0258],[[[0.901489,-0.206915,-0.380136],[0.372561,0.817994,0.438275],[0.220263,-0.536724,0.814501]],[[0.92208,-0.273003,-0.274294],[0.339223,0.911311,0.233326],[0.186268,-0.308192,0.93291]],[[0.92208,-0.273003,-0.274294],[0.331712,0.922621,0.196821],[0.199337,-0.272471,0.941289]],[[0.92208,-0.273003,-0.274294],[0.325836,0.930082,0.169643],[0.208803,-0.245799,0.946564]]],1],[2572,[-0.25021,0.261868,-0.932105],257,67.0064,[-48.7271,139.337,-54.7565],[-41.7549,137.368,-57.1803],[214.408,-18.0595,-72.3085],false,[-12.3155,78.3894,87.5366],[-18.9666,113.427,27.5722],[-30.1434,127.658,-17.1023],[-37.2585,135.105,-43.6081],[-42.2086,139.561,-61.1801],[[[0.846149,-0.413922,-0.335707],[0.52435,0.759254,0.385474],[0.0953306,-0.502197,0.859482]],[[0.845409,-0.410134,-0.342161],[0.481159,0.862909,0.154512],[0.231884,-0.29526,0.92685]],[[0.845409,-0.410134,-0.342161],[0.471889,0.873622,0.118766],[0.25021,-0.261868,0.932105]],[[0.845409,-0.410134,-0.342161],[0.464648,0.880657,0.0924415],[0.263414,-0.237135,0.935083]]],2],[2573,[-0.407112,-0.776959,0.480202],257,64.4285,[-45.9599,48.877,24.2546],[-35.9944,49.4891,24.145],[169.531,8.0024,14.7921],false,[-1.57764,74.4248,83.0746],[1.10949,102.653,27.2201],[-23.0107,78.1278,-1.29315],[-34.2886,56.6045,12.0094],[-36.3242,47.5116,28.204],[[[0.809004,-0.539363,-0.233665],[0.586236,0.711345,0.387707],[-0.042898,-0.450639,0.891675]],[[0.807469,-0.551884,-0.208372],[0.237819,0.627793,-0.74116],[0.539849,0.548909,0.638171]],[[0.807469,-0.551884,-0.208372],[-0.426912,-0.302917,-0.852049],[0.407112,0.776959,-0.480202]],[[0.807469,-0.551884,-0.208372],[-0.579762,-0.677183,-0.453099],[0.108952,0.48667,-0.866765]]],3],[2574,[-0.619456,-0.580374,0.528621],257,50.5107,[-30.5731,55.2873,26.5178],[-20.8282,55.3656,26.2359],[167.738,12.466,12.643],false,[6.33036,63.8258,77.8133],[17.1474,88.4865,26.4603],[-4.59538,71.231,4.55663],[-16.7112,59.8795,14.8958],[-21.8748,54.1928,30.3265],[[[0.690543,-0.697966,-0.18972],[0.69882,0.576168,0.423887],[-0.186548,-0.425293,0.885622]],[[0.655774,-0.752728,-0.057964],[0.438,0.44187,-0.782884],[0.614911,0.488007,0.619462]],[[0.655774,-0.752728,-0.057964],[-0.431549,-0.31075,-0.846877],[0.619456,0.580374,-0.528621]],[[0.655774,-0.752728,-0.057964],[-0.692978,-0.569695,-0.441848],[0.29957,0.32992,-0.895215]]],4]],[[0,200,0],[235.247,235.247,147.751]]],[633793,238933692536,[[257,"right",[-0.00667889,0.600157,-0.799855],[-0.40583,-0.732666,-0.546354],[-14.7657,94.5993,44.4646],[174.384,33.7977,-12.5467],[-23.6567,93.4375,45.6054],1,0,0.67003,[[0.71167,-0.109859,-0.693871],[0.380512,0.890546,0.249275],[0.59054,-0.441428,0.675577]],63.72,[153.76,-56.2762,270.529],[-5.68522,62.9094,88.1231]]],[[2570,[0.253772,-0.215601,-0.94293],257,52.1164,[-25.2785,48.6505,4.87805],[-26.6478,49.6199,4.63634],[193.166,-11.1049,29.4594],false,[-36.0995,62.0927,92.0425],[-36.0995,62.0927,92.0425],[-48.5374,64.1228,43.7419],[-39.8849,56.7718,11.5922],[-20.8971,46.2253,2.87657],[[[0.729442,0.643275,0.232619],[-0.551422,0.351742,0.756447],[0.404781,-0.680055,0.611291]],[[0.455663,0.886544,-0.0800746],[-0.854568,0.460854,0.23943],[0.249168,-0.04067,0.967606]],[[0.455663,0.886544,-0.0800746],[-0.853212,0.409337,-0.323221],[-0.253772,0.215601,0.94293]],[[0.455663,0.886544,-0.0800746],[-0.366237,0.104725,-0.92461],[-0.811321,0.450637,0.372404]]],0],[2571,[-0.197684,0.271661,-0.941871],257,58.8075,[-59.9771,142.145,-41.5],[-52.4948,141.087,-43.6495],[199.316,9.77667,-47.7044],false,[-20.8646,80.2521,92.1629],[-36.9369,119.222,31.8676],[-44.8507,132.443,-8.23666],[-49.6288,139.009,-31.0021],[-53.1739,143.188,-47.1848],[[[0.899829,-0.215632,-0.379225],[0.3776,0.820318,0.429531],[0.218464,-0.5297,0.819568]],[[0.920068,-0.2801,-0.273896],[0.345752,0.909311,0.231537],[0.184203,-0.30773,0.933473]],[[0.920068,-0.2801,-0.273896],[0.338225,0.92073,0.194576],[0.197684,-0.271661,0.941871]],[[0.920068,-0.2801,-0.273896],[0.3323,0.928281,0.16695],[0.20749,-0.24462,0.947158]]],1],[2572,[-0.245175,0.26341,-0.933008],257,67.0064,[-44.0387,139.192,-55.8345],[-38.3268,137.72,-57.3749],[221.596,2.05228,-47.2632],false,[-9.38981,79.334,87.792],[-15.9328,113.802,27.487],[-26.8913,128.034,-17.2417],[-33.8632,135.524,-43.7731],[-38.7129,140.03,-61.3606],[[[0.843427,-0.421877,-0.332643],[0.528996,0.760224,0.377124],[0.0937828,-0.494043,0.864365]],[[0.842662,-0.417974,-0.339438],[0.48809,0.85914,0.153773],[0.227351,-0.295255,0.927974]],[[0.842662,-0.417974,-0.339438],[0.479385,0.869432,0.119489],[0.245175,-0.26341,0.933008]],[[0.842662,-0.417974,-0.339438],[0.472566,0.87625,0.094166],[0.258073,-0.239757,0.935903]]],2],[2573,[-0.410017,-0.769254,0.490035],257,64.4285,[-42.366,49.1955,24.5139],[-33.3035,49.9132,24.8159],[173.547,15.9438,27.9568],false,[1.32025,75.2664,83.3559],[4.08389,102.916,27.2168],[-20.2295,78.1775,-0.945424],[-31.5878,56.8676,12.6295],[-33.6433,47.962,28.9254],[[[0.805741,-0.546082,-0.229295],[0.590623,0.712004,0.379757],[-0.0441194,-0.441412,0.896219]],[[0.804162,-0.558406,-0.203733],[0.239165,0.61774,-0.749131],[0.544173,0.553697,0.630314]],[[0.804162,-0.558406,-0.203733],[-0.430361,-0.310533,-0.847561],[0.410017,0.769254,-0.490035]],[[0.804162,-0.558406,-0.203733],[-0.584141,-0.678964,-0.444732],[0.110014,0.476645,-0.872185]]],3],[2574,[-0.621666,-0.57145,0.535702],257,50.5107,[-26.9709,55.4542,26.7455],[-18.1144,55.7392,26.7751],[173.08,17.5257,22.2328],false,[9.16333,64.5721,78.1911],[20.0436,88.656,26.5784],[-1.83791,71.2843,4.90583],[-13.9969,60.1075,15.3835],[-19.1705,54.6051,30.8776],[[[0.686481,-0.703587,-0.1836],[0.702521,0.576587,0.417147],[-0.187638,-0.415346,0.890101]],[[0.651582,-0.756847,-0.0512104],[0.438731,0.431062,-0.78848],[0.618834,0.491292,0.612925]],[[0.651582,-0.756847,-0.0512104],[-0.434709,-0.317219,-0.842853],[0.621666,0.57145,-0.535702]],[[0.651582,-0.756847,-0.0512104],[-0.696671,-0.570331,-0.435168],[0.300148,0.319224,-0.898892]]],4]],[[0,200,0],[235.247,235.247,147.751]]],[633794,238933706979,[[257,"right",[-0.000354018,0.609982,-0.792415],[-0.390972,-0.729425,-0.56132],[-11.9182,93.7015,45.3211],[183.552,-4.83461,16.3778],[-19.8491,93.5231,45.5131],1,0,0.691344,[[0.721217,-0.0970065,-0.685883],[0.367859,0.892629,0.260562],[0.586963,-0.44023,0.679465]],63.72,[155.286,-57.3087,272.172],[-3.19404,61.5534,88.7165]]],[[2570,[0.270207,-0.201811,-0.941414],257,52.1164,[-21.407,48.1502,5.02825],[-22.7494,49.087,4.77951],[223.498,-20.6679,21.7219],false,[-33.6542,60.4148,92.172],[-33.6542,60.4148,92.172],[-45.391,62.9335,43.7192],[-36.1781,56.0527,11.6211],[-16.9678,45.7863,3.05999],[[[0.719995,0.646857,0.251363],[-0.565748,0.33733,0.752421],[0.401917,-0.683948,0.608834]],[[0.448668,0.891522,-0.0623372],[-0.862215,0.450159,0.232256],[0.235123,-0.050458,0.970655]],[[0.448668,0.891522,-0.0623372],[-0.851871,0.405538,-0.331442],[-0.270207,0.201811,0.941414]],[[0.448668,0.891522,-0.0623372],[-0.353468,0.112957,-0.928602],[-0.820827,0.438668,0.365805]]],0],[2571,[-0.186036,0.287044,-0.939679],257,58.8075,[-55.392,142.294,-41.8748],[-48.7441,141.334,-42.6548],[223.068,13.8396,0.349558],false,[-18.5898,78.7074,92.7429],[-34.1255,118.279,32.6993],[-41.5586,132.155,-7.27519],[-46.0552,139.093,-29.9876],[-49.396,143.536,-46.1437],[[[0.907277,-0.202801,-0.368403],[0.363671,0.818267,0.445177],[0.21117,-0.537876,0.816147]],[[0.926374,-0.267485,-0.26511],[0.334511,0.907814,0.252934],[0.173015,-0.322994,0.930452]],[[0.926374,-0.267485,-0.26511],[0.327448,0.919814,0.216148],[0.186036,-0.287044,0.939679]],[[0.926374,-0.267485,-0.26511],[0.321866,0.927817,0.188567],[0.195535,-0.260014,0.9456]]],1],[2572,[-0.231159,0.278987,-0.932058],257,67.0064,[-38.8541,139.435,-55.975],[-34.1343,138.371,-56.2324],[248.727,20.6417,5.02825],false,[-7.04377,77.9469,88.5325],[-13.0102,113.103,28.5657],[-23.3252,128.056,-16.0805],[-29.8985,135.99,-42.5848],[-34.4765,140.795,-60.1658],[[[0.852085,-0.410109,-0.325209],[0.516369,0.760193,0.394296],[0.085518,-0.503902,0.859517]],[[0.851319,-0.405761,-0.332588],[0.47902,0.859718,0.177273],[0.214002,-0.310232,0.926261]],[[0.851319,-0.405761,-0.332588],[0.47098,0.870359,0.143711],[0.231159,-0.278987,0.932058]],[[0.851319,-0.405761,-0.332588],[0.464659,0.877478,0.118847],[0.243616,-0.255717,0.935554]]],2],[2573,[-0.409956,-0.778633,0.475044],257,64.4285,[-38.1556,49.1893,24.7632],[-29.7503,49.0925,24.8955],[202.392,-13.7117,19.2296],false,[3.76756,74.0313,84.2067],[7.10733,102.402,28.4597],[-16.568,77.7685,-0.331859],[-27.9246,56.1988,12.8278],[-30.1384,47.0791,28.984],[[[0.814016,-0.535924,-0.223972],[0.57839,0.7125,0.397252],[-0.0533169,-0.452913,0.889959]],[[0.812157,-0.548662,-0.198419],[0.244164,0.628495,-0.738497],[0.529891,0.551329,0.6444]],[[0.812157,-0.548662,-0.198419],[-0.415134,-0.304467,-0.8573],[0.409956,0.778633,-0.475044]],[[0.812157,-0.548662,-0.198419],[-0.57128,-0.678767,-0.461426],[0.118486,0.488103,-0.864706]]],3],[2574,[-0.623934,-0.583284,0.520083],257,50.5107,[-22.8384,55.3528,27.0641],[-14.6525,55.0328,27.159],[199.364,-9.63866,24.1538],false,[11.7839,63.473,79.028],[23.2048,88.2943,27.8836],[1.78489,70.9752,5.71355],[-10.4185,59.5669,15.8858],[-15.7683,53.8296,31.2341],[[[0.695543,-0.695051,-0.182002],[0.69096,0.577639,0.434635],[-0.196962,-