{"metadata":{"formatVersion":2,"generatedBy":"LeapJS Playback 0.2.1","frames":57,"protocolVersion":6,"serviceVersion":"2.2.5+26752","frameRate":"83","modified":"Sun Apr 19 2015 12:54:08 GMT-0300 (E. South America Standard Time)"},"frames":[["id","timestamp",{"hands":[["id","type","direction","palmNormal","palmPosition","palmVelocity","stabilizedPalmPosition","pinchStrength","grabStrength","confidence","armBasis","armWidth","elbow","wrist"]]},{"pointables":[["id","direction","handId","length","stabilizedTipPosition","tipPosition","tipVelocity","tool","carpPosition","mcpPosition","pipPosition","dipPosition","btipPosition","bases","type"]]},{"interactionBox":["center","size"]}],[638893,239036136939,[[265,"right",[-0.369827,0.24244,-0.896912],[-0.123233,-0.969625,-0.211282],[-72.8931,122.258,22.251],[-59.6325,24.9056,-9.90415],[-62.697,117.383,28.6224],1,0,0.749957,[[0.653914,0.121904,-0.746683],[0.155777,0.944092,0.290557],[0.740358,-0.306315,0.598366]],60.534,[143.155,34.9957,219.797],[-46.7464,113.566,66.3165]]],[[2650,[0.125974,-0.31291,-0.941391],265,49.5106,[-64.1537,75.1325,5.42999],[-75.2208,81.0696,-1.12978],[-47.5109,27.8309,-11.2435],false,[-71.7487,103.706,77.5853],[-71.7487,103.706,77.5853],[-93.9503,97.096,36.2064],[-89.8699,86.9606,5.71396],[-70.3243,79.6433,-1.95105],[[[0.408622,0.901533,-0.14236],[-0.541686,0.365083,0.75716],[0.734578,-0.232278,0.637528]],[[0.239623,0.93045,-0.277208],[-0.850526,0.33887,0.402209],[0.468173,0.139394,0.872573]],[[0.239623,0.93045,-0.277208],[-0.962658,0.190658,-0.192193],[-0.125974,0.31291,0.941391]],[[0.239623,0.93045,-0.277208],[-0.412006,-0.161085,-0.896829],[-0.879108,0.329113,0.344752]]],0],[2651,[-0.267823,0.256891,-0.928589],265,55.8671,[-113.234,148.957,-51.8533],[-123.718,151.534,-59.8044],[-51.6146,19.0849,-15.8726],false,[-66.1631,123.934,69.416],[-103.327,130.776,10.6212],[-114.082,143.028,-26.7958],[-120.231,148.926,-48.118],[-124.631,152.488,-63.3302],[[[0.845724,0.00877435,-0.533549],[0.0448521,0.995158,0.0874603],[0.531733,-0.0978981,0.841235]],[[0.959298,-0.0184706,-0.281789],[0.10152,0.953705,0.283092],[0.263515,-0.300177,0.916763]],[[0.959298,-0.0184706,-0.281789],[0.0895409,0.966264,0.241489],[0.267823,-0.256891,0.928589]],[[0.959298,-0.0184706,-0.281789],[0.0791451,0.975452,0.205496],[0.271077,-0.219434,0.937212]]],1],[2652,[-0.319818,0.227238,-0.919826],265,63.6561,[-101.646,151.054,-69.6849],[-110.837,153.415,-76.5234],[-52.1883,23.4118,-13.0914],false,[-56.6016,125.7,62.9126],[-83.8451,132.114,2.8323],[-98.0145,144.296,-38.9717],[-106.654,150.435,-63.8204],[-112.514,153.898,-80.3245],[[[0.889666,-0.174312,-0.42203],[0.198849,0.979924,0.0144463],[0.411039,-0.0967727,0.906467]],[[0.914412,-0.180212,-0.362456],[0.260955,0.946964,0.187516],[0.30944,-0.266052,0.912942]],[[0.914412,-0.180212,-0.362456],[0.248127,0.95702,0.150154],[0.319818,-0.227238,0.919826]],[[0.914412,-0.180212,-0.362456],[0.2369,0.964317,0.118201],[0.328221,-0.19395,0.924475]]],2],[2653,[0.088654,-0.535822,0.839664],265,61.2071,[-54.9162,72.9133,31.5287],[-70.7281,81.9171,18.9837],[-50.994,26.6012,-16.8813],false,[-46.4197,124.589,57.3172],[-62.4591,129.956,0.263347],[-77.418,93.9893,-16.5975],[-75.0849,79.8881,5.49984],[-69.5985,82.4463,22.1855],[[[0.922919,-0.260025,-0.283916],[0.274905,0.961381,0.0131461],[0.269533,-0.0901828,0.958759]],[[0.928038,-0.261747,-0.265016],[-0.120586,0.462047,-0.878619],[0.352426,0.847349,0.397234]],[[0.928038,-0.261747,-0.265016],[-0.361781,-0.802735,-0.474058],[-0.088654,0.535822,-0.839664]],[[0.928038,-0.261747,-0.265016],[-0.207859,-0.954314,0.21466],[-0.309095,-0.144127,-0.940047]]],3],[2654,[-0.0150875,-0.554572,0.831999],265,47.9852,[-41.991,80.0068,23.4949],[-55.8,88.1799,13.1421],[-50.7247,29.9019,-11.7811],false,[-36.0764,116.8,53.4248],[-43.1965,123.504,-0.786155],[-59.4735,97.5875,-14.635],[-59.7538,87.283,0.824276],[-54.6563,88.3747,16.3472],[[[0.889717,-0.423965,-0.169285],[0.437832,0.897465,0.0534789],[0.129254,-0.121699,0.984115]],[[0.874254,-0.411123,-0.258182],[-0.0296948,0.485538,-0.873711],[0.48456,0.771512,0.412275]],[[0.874254,-0.411123,-0.258182],[-0.485235,-0.723483,-0.49104],[0.0150875,0.554572,-0.831999]],[[0.874254,-0.411123,-0.258182],[-0.372521,-0.909139,0.186265],[-0.311301,-0.066665,-0.94797]]],4]],[[0,200,0],[235.247,235.247,147.751]]],[638894,239036155767,[[265,"right",[-0.371774,0.243727,-0.895757],[-0.121989,-0.969379,-0.213129],[-73.7472,122.641,22.339],[-52.6548,22.6874,-2.77373],[-65.2881,118.616,27.1491],1,0,0.738269,[[0.649291,0.130161,-0.749319],[0.158012,0.94066,0.300317],[0.743944,-0.313395,0.590195]],60.534,[143.311,33.5132,217.726],[-47.5103,113.899,66.3409]]],[[2650,[0.12464,-0.310723,-0.942293],265,49.5106,[-64.5435,75.3568,5.24158],[-76.0587,81.5177,-1.068],[-46.8141,25.7227,-4.61711],false,[-72.4768,103.974,77.6318],[-72.4768,103.974,77.6318],[-94.7826,97.426,36.2991],[-90.7454,87.3614,5.77744],[-71.1897,80.0987,-1.91364],[[[0.406881,0.902511,-0.141147],[-0.540985,0.362575,0.758864],[0.736059,-0.232409,0.63577]],[[0.237482,0.931437,-0.27573],[-0.849914,0.336684,0.405327],[0.470371,0.138089,0.871598]],[[0.237482,0.931437,-0.27573],[-0.963362,0.18941,-0.189886],[-0.12464,0.310723,0.942293]],[[0.237482,0.931437,-0.27573],[-0.412277,-0.160371,-0.896833],[-0.879563,0.326658,0.345925]]],0],[2651,[-0.269436,0.257585,-0.92793],265,55.8671,[-113.942,149.151,-52.3355],[-124.738,151.975,-59.5836],[-52.6809,20.4957,-2.61925],false,[-66.9388,124.229,69.4959],[-104.215,131.134,10.7797],[-115.038,143.418,-26.6071],[-121.225,149.332,-47.9141],[-125.65,152.904,-63.1166],[[[0.844787,0.0113118,-0.534982],[0.0433523,0.995043,0.0894968],[0.533343,-0.0987985,0.84011]],[[0.958985,-0.0163288,-0.282986],[0.100128,0.953493,0.284298],[0.265183,-0.300972,0.916021]],[[0.958985,-0.0163288,-0.282986],[0.0880449,0.966118,0.242621],[0.269436,-0.257585,0.92793]],[[0.958985,-0.0163288,-0.282986],[0.077564,0.975353,0.20657],[0.272638,-0.220047,0.936615]]],1],[2652,[-0.321969,0.225143,-0.91959],265,63.6561,[-102.446,151.228,-70.19],[-111.944,153.747,-76.3447],[-54.8928,18.4794,-2.75587],false,[-57.3915,126.024,62.9797],[-84.749,132.52,2.96016],[-99.0128,144.641,-38.8297],[-107.711,150.723,-63.672],[-113.609,154.137,-80.1722],[[[0.889226,-0.171938,-0.423928],[0.197248,0.98022,0.0161859],[0.41276,-0.0980121,0.905551]],[[0.914349,-0.177988,-0.363711],[0.258712,0.947763,0.186585],[0.311502,-0.2647,0.912634]],[[0.914349,-0.177988,-0.363711],[0.245563,0.957931,0.148553],[0.321969,-0.225143,0.91959]],[[0.914349,-0.177988,-0.363711],[0.234066,0.965269,0.116059],[0.330422,-0.19125,0.924254]]],2],[2653,[0.091158,-0.537339,0.838425],265,61.2071,[-55.9419,73.4868,30.72],[-71.5214,82.32,18.962],[-46.5736,24.282,-8.95504],false,[-47.2174,124.942,57.3645],[-63.3639,130.403,0.349864],[-78.2958,94.4544,-16.5725],[-75.8968,80.3133,5.49229],[-70.3819,82.8538,22.1712],[[[0.922858,-0.257888,-0.286054],[0.273333,0.961807,0.0147156],[0.271334,-0.0917683,0.958101]],[[0.927981,-0.25963,-0.26729],[-0.122866,0.463999,-0.877273],[0.351789,0.846934,0.398683]],[[0.927981,-0.25963,-0.26729],[-0.361306,-0.802408,-0.474973],[-0.091158,0.537339,-0.838425]],[[0.927981,-0.25963,-0.26729],[-0.20571,-0.955043,0.213488],[-0.310701,-0.143129,-0.93967]]],3],[2654,[-0.0122775,-0.556326,0.830874],265,47.9852,[-43.0101,80.6025,22.7475],[-56.6075,88.6158,13.1191],[-46.7836,26.7338,-6.50029],false,[-36.8679,117.178,53.4378],[-44.0925,123.985,-0.746456],[-60.3551,98.0761,-14.625],[-60.5833,87.7391,0.813315],[-55.4518,88.8112,16.3265],[[[0.890126,-0.422125,-0.171714],[0.436434,0.898076,0.0546324],[0.131151,-0.123572,0.983631]],[[0.874398,-0.409052,-0.260967],[-0.0322812,0.48761,-0.872465],[0.484134,0.771306,0.413161]],[[0.874398,-0.409052,-0.260967],[-0.485054,-0.72331,-0.491472],[0.0122775,0.556326,-0.830874]],[[0.874398,-0.409052,-0.260967],[-0.370439,-0.910159,0.185433],[-0.313374,-0.0654697,-0.94737]]],4]],[[0,200,0],[235.247,235.247,147.751]]],[638895,239036174577,[[265,"right",[-0.374333,0.243178,-0.89484],[-0.121127,-0.969556,-0.212812],[-74.3652,123.022,22.229],[-42.9787,21.4783,-4.27591],[-67.5721,119.725,25.9111],1,0,0.73654,[[0.647348,0.137127,-0.749758],[0.162092,0.936413,0.311217],[0.744759,-0.322996,0.583959]],60.534,[143.023,31.4693,215.952],[-48.0073,114.318,66.1662]]],[[2650,[0.121701,-0.310578,-0.942725],265,49.5106,[-65.378,75.8353,4.86012],[-76.7293,81.9227,-1.08531],[-43.0349,23.5228,-3.50428],false,[-72.9316,104.357,77.5187],[-72.9316,104.357,77.5187],[-95.4247,97.7918,36.2905],[-91.4827,87.7319,5.75484],[-71.9242,80.5064,-1.96406],[[[0.405238,0.90309,-0.142165],[-0.539628,0.361814,0.760192],[0.737959,-0.231343,0.633953]],[[0.235054,0.931786,-0.27663],[-0.848392,0.335566,0.409422],[0.474321,0.138454,0.869396]],[[0.235054,0.931786,-0.27663],[-0.964333,0.187925,-0.186402],[-0.121701,0.310578,0.942725]],[[0.235054,0.931786,-0.27663],[-0.413393,-0.161743,-0.896072],[-0.879691,0.324982,0.347176]]],0],[2651,[-0.271935,0.256826,-0.927411],265,55.8671,[-114.778,149.384,-52.8629],[-125.59,152.269,-59.5752],[-49.0201,17.7974,-1.21233],false,[-67.4427,124.62,69.3689],[-104.873,131.47,10.7448],[-115.8,143.728,-26.6206],[-122.044,149.625,-47.9157],[-126.509,153.183,-63.1097],[[[0.843447,0.0125113,-0.537067],[0.0421486,0.995106,0.0893745],[0.535557,-0.0980193,0.838791]],[[0.958363,-0.014981,-0.285159],[0.0993535,0.953721,0.283803],[0.267711,-0.300318,0.9155]],[[0.958363,-0.014981,-0.285159],[0.0871299,0.966342,0.242059],[0.271935,-0.256826,0.927411]],[[0.958363,-0.014981,-0.285159],[0.076531,0.975565,0.205953],[0.275106,-0.219202,0.936092]]],1],[2652,[-0.323989,0.222595,-0.919501],265,63.6561,[-103.355,151.423,-70.7239],[-112.837,153.946,-76.3984],[-50.2054,13.6851,-3.34471],false,[-57.914,126.428,62.8292],[-85.429,132.884,2.87726],[-99.782,144.914,-38.9082],[-108.534,150.928,-63.7482],[-114.47,154.288,-80.2462],[[[0.888421,-0.170672,-0.42612],[0.195884,0.980502,0.015684],[0.415135,-0.0974043,0.904531]],[[0.914114,-0.176785,-0.364888],[0.257187,0.948538,0.184744],[0.31345,-0.262721,0.912539]],[[0.914114,-0.176785,-0.364888],[0.243776,0.958748,0.146201],[0.323989,-0.222595,0.919501]],[[0.914114,-0.176785,-0.364888],[0.232055,0.966084,0.113283],[0.332485,-0.188228,0.924134]]],2],[2653,[0.0941393,-0.537063,0.838273],265,61.2071,[-57.0243,74.0974,29.8881],[-72.0904,82.7112,18.8302],[-38.5337,22.7484,-7.77248],false,[-47.7523,125.361,57.1889],[-64.0474,130.798,0.214184],[-78.9723,94.8325,-16.6791],[-76.4948,80.6986,5.38167],[-70.9392,83.2552,22.0446],[[[0.922517,-0.256571,-0.288328],[0.271991,0.962198,0.0140261],[0.27383,-0.091362,0.957429]],[[0.927665,-0.258299,-0.269664],[-0.125691,0.464029,-0.876857],[0.351623,0.847325,0.397998]],[[0.927665,-0.258299,-0.269664],[-0.361352,-0.803023,-0.473899],[-0.0941393,0.537063,-0.838273]],[[0.927665,-0.258299,-0.269664],[-0.203642,-0.955267,0.214463],[-0.312997,-0.144035,-0.938769]]],3],[2654,[-0.00905688,-0.556273,0.83095],265,47.9852,[-44.0642,81.2241,21.9947],[-57.1947,89.0254,12.9578],[-39.0934,24.4328,-7.40703],false,[-37.4015,117.612,53.2367],[-44.7696,124.408,-0.929631],[-61.0332,98.4794,-14.7716],[-61.2015,88.1434,0.668211],[-56.0256,89.2285,16.1657],[[[0.890303,-0.420854,-0.173906],[0.435282,0.898701,0.0535409],[0.133757,-0.123366,0.983306]],[[0.874265,-0.407752,-0.263437],[-0.0353173,0.487804,-0.872238],[0.484163,0.771871,0.41207]],[[0.874265,-0.407752,-0.263437],[-0.485364,-0.724085,-0.490023],[0.00905688,0.556273,-0.83095]],[[0.874265,-0.407752,-0.263437],[-0.368444,-0.910685,0.186821],[-0.316085,-0.066269,-0.946414]]],4]],[[0,200,0],[235.247,235.247,147.751]]],[638896,239036193378,[[265,"right",[-0.375723,0.242316,-0.894492],[-0.118772,-0.969842,-0.212839],[-75.0313,123.267,22.2118],[-39.2887,17.3461,-2.63426],[-69.52,120.65,24.945],1,0,0.736743,[[0.645576,0.14543,-0.749721],[0.164638,0.932114,0.322578],[0.745739,-0.331682,0.577807]],60.534,[142.668,29.5494,214.333],[-48.6136,114.626,66.1255]]],[[2650,[0.120466,-0.310059,-0.943054],265,49.5106,[-66.5779,76.5101,4.34729],[-77.3605,82.194,-1.02531],[-39.9604,18.9763,-0.927599],false,[-73.5022,104.599,77.4978],[-73.5022,104.599,77.4978],[-96.0945,97.9956,36.3298],[-92.1925,87.9525,5.78353],[-72.6093,80.7877,-1.92943],[[[0.402756,0.904165,-0.142387],[-0.53993,0.360303,0.760695],[0.739096,-0.229496,0.6333]],[[0.23208,0.932444,-0.276925],[-0.848039,0.333405,0.411912],[0.476413,0.139247,0.868125]],[[0.23208,0.932444,-0.276925],[-0.965208,0.185504,-0.184286],[-0.120466,0.310059,0.943054]],[[0.23208,0.932444,-0.276925],[-0.412712,-0.163405,-0.896084],[-0.880799,0.322253,0.346908]]],0],[2651,[-0.272983,0.255532,-0.927461],265,55.8671,[-115.693,149.627,-53.4006],[-126.379,152.364,-59.5606],[-45.3557,11.0101,-0.44535],false,[-68.0731,124.876,69.346],[-105.571,131.637,10.7545],[-116.544,143.849,-26.6121],[-122.813,149.716,-47.9083],[-127.293,153.251,-63.1032],[[[0.842957,0.0147863,-0.537777],[0.0396226,0.995201,0.089471],[0.536519,-0.0967283,0.838326]],[[0.958297,-0.0124862,-0.2855],[0.0968552,0.954106,0.283373],[0.268859,-0.299208,0.915527]],[[0.958297,-0.0124862,-0.2855],[0.0845348,0.96672,0.241467],[0.272983,-0.255532,0.927461]],[[0.958297,-0.0124862,-0.2855],[0.0738584,0.975923,0.205229],[0.276063,-0.217757,0.936147]]],1],[2652,[-0.324889,0.220163,-0.919769],265,63.6561,[-104.321,151.617,-71.2519],[-113.654,153.998,-76.4109],[-46.0915,7.68076,-2.44418],false,[-58.5548,126.711,62.7985],[-86.1371,133.103,2.87069],[-100.531,145.046,-38.9256],[-109.308,150.994,-63.7728],[-115.259,154.303,-80.2755],[[[0.888504,-0.168294,-0.426892],[0.193334,0.981008,0.0156488],[0.416151,-0.0964367,0.904167]],[[0.914596,-0.174426,-0.364814],[0.254364,0.949498,0.183719],[0.314344,-0.260824,0.912775]],[[0.914596,-0.174426,-0.364814],[0.24075,0.959741,0.144692],[0.324889,-0.220163,0.919769]],[[0.914596,-0.174426,-0.364814],[0.228857,0.967068,0.111371],[0.333374,-0.18535,0.924396]]],2],[2653,[0.0963765,-0.536846,0.838157],265,61.2071,[-58.1253,74.7148,29.0696],[-72.6549,82.9701,18.787],[-34.2948,18.5184,-4.90209],false,[-48.3951,125.671,57.1495],[-64.7524,131.072,0.189296],[-79.6006,95.0767,-16.7067],[-77.0643,80.9485,5.35102],[-71.4981,83.5246,22.0075],[[[0.922941,-0.254121,-0.289141],[0.269487,0.962903,0.0139242],[0.274876,-0.0907708,0.957185]],[[0.928084,-0.255829,-0.270577],[-0.127625,0.464087,-0.876547],[0.349818,0.848042,0.398062]],[[0.928084,-0.255829,-0.270577],[-0.359683,-0.803957,-0.473582],[-0.0963765,0.536846,-0.838157]],[[0.928084,-0.255829,-0.270577],[-0.2008,-0.955765,0.214923],[-0.313592,-0.145134,-0.938401]]],3],[2654,[-0.00650867,-0.556631,0.830734],265,47.9852,[-45.1173,81.8421,21.2697],[-57.7752,89.3225,12.9],[-34.9813,20.3565,-5.30196],false,[-38.0274,117.949,53.1875],[-45.4589,124.733,-0.971636],[-61.6731,98.7769,-14.8197],[-61.794,88.4342,0.616059],[-56.5977,89.5345,16.1056],[[[0.891253,-0.418502,-0.174713],[0.432976,0.899829,0.0532928],[0.134909,-0.123144,0.983176]],[[0.874989,-0.405344,-0.264744],[-0.0374627,0.488506,-0.871756],[0.482691,0.772695,0.412252]],[[0.874989,-0.405344,-0.264744],[-0.484098,-0.725161,-0.489685],[0.00650867,0.556631,-0.830734]],[[0.874989,-0.405344,-0.264744],[-0.365638,-0.911691,0.187424],[-0.317336,-0.0671931,-0.94593]]],4]],[[0,200,0],[235.247,235.247,147.751]]],[638897,239036212193,[[265,"right",[-0.374511,0.2425,-0.89495],[-0.111757,-0.969963,-0.216059],[-75.7603,123.356,22.1275],[-39.0238,11.1805,-3.53771],[-71.1744,121.367,24.1981],1,0,0.739721,[[0.645975,0.157626,-0.746907],[0.161584,0.928042,0.335601],[0.746061,-0.337478,0.574022]],60.534,[141.941,28.1947,213.335],[-49.4236,114.758,66.0983]]],[[2650,[0.124401,-0.306334,-0.94376],265,49.5106,[-67.8596,77.2199,3.80232],[-77.7803,82.3617,-1.17716],[-32.4102,13.9706,-4.96974],false,[-74.2814,104.535,77.3629],[-74.2814,104.535,77.3629],[-96.7472,97.9182,36.1279],[-92.7177,87.9958,5.55872],[-73.0514,80.9882,-2.08699],[[[0.397271,0.907195,-0.138466],[-0.544646,0.354514,0.760053],[0.738605,-0.226532,0.634938]],[[0.226737,0.934759,-0.273525],[-0.850974,0.326738,0.411201],[0.473745,0.139528,0.869539]],[[0.226737,0.934759,-0.273525],[-0.965979,0.179958,-0.185743],[-0.124401,0.306334,0.94376]],[[0.226737,0.934759,-0.273525],[-0.407658,-0.163972,-0.898292],[-0.884537,0.315181,0.343883]]],0],[2651,[-0.27147,0.255244,-0.927984],265,55.8671,[-116.621,149.853,-53.9298],[-127.023,152.312,-59.7396],[-39.8351,3.4041,-5.12162],false,[-68.9598,124.871,69.2878],[-106.318,131.56,10.599],[-117.242,143.778,-26.78],[-123.476,149.639,-48.0882],[-127.928,153.163,-63.2941],[[[0.844515,0.021887,-0.535085],[0.0328283,0.99517,0.0925186],[0.534525,-0.0956992,0.839717]],[[0.959358,-0.00541719,-0.282139],[0.089422,0.954125,0.285742],[0.267648,-0.299359,0.915832]],[[0.959358,-0.00541719,-0.282139],[0.0770414,0.966861,0.2434],[0.27147,-0.255244,0.927984]],[[0.959358,-0.00541719,-0.282139],[0.0663258,0.976136,0.206786],[0.274285,-0.217095,0.936823]]],1],[2652,[-0.323715,0.218068,-0.920682],265,63.6561,[-105.278,151.79,-71.7571],[-114.301,153.969,-76.5563],[-40.051,1.93539,-5.43482],false,[-59.4333,126.788,62.7756],[-86.8699,133.176,2.7806],[-101.215,145.065,-39.0479],[-109.96,150.956,-63.9197],[-115.889,154.214,-80.4408],[[[0.890913,-0.161219,-0.424596],[0.186858,0.9822,0.0191376],[0.413953,-0.0963892,0.905181]],[[0.916997,-0.167399,-0.362069],[0.246924,0.951086,0.185648],[0.313282,-0.259642,0.913477]],[[0.916997,-0.167399,-0.362069],[0.233077,0.96147,0.145778],[0.323715,-0.218068,0.920682]],[[0.916997,-0.167399,-0.362069],[0.22099,0.968852,0.111753],[0.332084,-0.182491,0.925428]]],2],[2653,[0.0973222,-0.538841,0.836767],265,61.2071,[-59.1595,75.2861,28.3088],[-73.1134,83.0918,18.5622],[-29.3286,12.7846,-8.24231],false,[-49.2494,125.83,57.1554],[-65.4641,131.294,0.160341],[-80.0288,95.2638,-16.9088],[-77.4676,81.0831,5.11231],[-71.9674,83.6503,21.792],[[[0.925481,-0.247226,-0.28699],[0.263133,0.964599,0.0175986],[0.272479,-0.0918038,0.957772]],[[0.930545,-0.248944,-0.268538],[-0.127837,0.466356,-0.875311],[0.343138,0.848845,0.402141]],[[0.930545,-0.248944,-0.268538],[-0.353008,-0.804784,-0.477188],[-0.0973222,0.538841,-0.836767]],[[0.930545,-0.248944,-0.268538],[-0.195097,-0.957658,0.211729],[-0.309877,-0.144632,-0.939712]]],3],[2654,[-0.00507635,-0.559148,0.829052],265,47.9852,[-46.1165,82.4261,20.5955],[-58.2485,89.5589,12.756],[-30.0415,16.7063,-6.39097],false,[-38.8191,118.189,53.2034],[-46.1261,125.084,-0.958689],[-62.1315,99.0712,-14.9426],[-62.2259,88.6817,0.461946],[-57.0765,89.7755,15.9677],[[[0.894513,-0.412149,-0.173146],[0.426908,0.902478,0.0572943],[0.132646,-0.125168,0.983228]],[[0.87836,-0.398767,-0.263567],[-0.0380966,0.491241,-0.87019],[0.476478,0.774382,0.416295]],[[0.87836,-0.398767,-0.263567],[-0.477972,-0.726869,-0.493158],[0.00507635,0.559148,-0.829052]],[[0.87836,-0.398767,-0.263567],[-0.359994,-0.914616,0.18407],[-0.314464,-0.0667973,-0.946916]]],4]],[[0,200,0],[235.247,235.247,147.751]]],[638898,239036230967,[[265,"right",[-0.37203,0.243057,-0.895833],[-0.103386,-0.969953,-0.220232],[-76.5295,123.389,22.0025],[-39.9731,6.58116,-5.05952],[-72.5931,121.903,23.6164],1,0,0.742164,[[0.645628,0.171448,-0.744157],[0.156647,0.924016,0.348792],[0.747413,-0.34176,0.569714]],60.534,[141.371,27.1616,212.199],[-50.34,114.823,66.0675]]],[[2650,[0.130769,-0.301873,-0.944337],265,49.5106,[-69.0523,77.8681,3.28825],[-78.1471,82.4854,-1.39576],[-26.9324,10.166,-8.475],false,[-75.1736,104.371,77.1735],[-75.1736,104.371,77.1735],[-97.4363,97.7437,35.8301],[-93.2006,87.9658,5.24227],[-73.4238,81.1478,-2.28874],[[[0.391065,0.910682,-0.133142],[-0.550953,0.347518,0.758737],[0.737238,-0.223361,0.637645]],[[0.220711,0.937477,-0.269116],[-0.854922,0.318761,0.409267],[0.469462,0.139744,0.871824]],[[0.220711,0.937477,-0.269116],[-0.966533,0.173234,-0.18922],[-0.130769,0.301873,0.944337]],[[0.220711,0.937477,-0.269116],[-0.400072,-0.164621,-0.901577],[-0.88951,0.306654,0.338725]]],0],[2651,[-0.268765,0.256412,-0.928449],265,55.8671,[-117.492,150.048,-54.4222],[-127.605,152.256,-60.0094],[-35.4751,0.0612807,-9.68504],false,[-69.9672,124.777,69.2005],[-107.093,131.406,10.3575],[-117.922,143.672,-27.0333],[-124.094,149.56,-48.3522],[-128.497,153.102,-63.5681],[[[0.846885,0.0302781,-0.530913],[0.024863,0.995031,0.096407],[0.531194,-0.0948458,0.841925]],[[0.96077,0.00286322,-0.277331],[0.0807244,0.953767,0.289504],[0.265338,-0.300534,0.916119]],[[0.96077,0.00286322,-0.277331],[0.0684526,0.966563,0.247123],[0.268765,-0.256412,0.928449]],[[0.96077,0.00286322,-0.277331],[0.0578454,0.975887,0.210472],[0.271246,-0.218257,0.937438]]],1],[2652,[-0.320923,0.215703,-0.922215],265,63.6561,[-106.15,151.926,-72.2169],[-114.839,153.877,-76.7987],[-33.9112,-3.05101,-9.70508],false,[-60.4243,126.79,62.7416],[-87.6199,133.198,2.63916],[-101.848,145.015,-39.2499],[-110.517,150.842,-64.1632],[-116.392,154.046,-80.7139],[[[0.894135,-0.15289,-0.420889],[0.179337,0.983502,0.0237228],[0.410318,-0.0966925,0.906802]],[[0.920257,-0.159182,-0.357473],[0.23787,0.952925,0.188021],[0.310716,-0.25806,0.914801]],[[0.920257,-0.159182,-0.357473],[0.223909,0.963397,0.147417],[0.320923,-0.215703,0.922215]],[[0.920257,-0.159182,-0.357473],[0.211738,0.970796,0.112791],[0.329079,-0.179488,0.927087]]],2],[2653,[0.0968058,-0.542824,0.834249],265,61.2071,[-60.027,75.7547,27.6676],[-73.5869,83.1698,18.1827],[-27.4096,8.78688,-14.6352],false,[-50.2066,125.931,57.1672],[-66.1882,131.487,0.115305],[-80.4162,95.4743,-17.2709],[-77.8686,81.1889,4.68394],[-72.4668,83.7308,21.3997],[[[0.928691,-0.239155,-0.283441],[0.25575,0.966482,0.0224864],[0.268562,-0.0933727,0.958726]],[[0.933649,-0.240894,-0.265084],[-0.126235,0.471291,-0.872897],[0.335207,0.848443,0.409611]],[[0.933649,-0.240894,-0.265084],[-0.344859,-0.804557,-0.483487],[-0.0968058,0.542824,-0.834249]],[[0.933649,-0.240894,-0.265084],[-0.188899,-0.959928,0.207014],[-0.30433,-0.143204,-0.941741]]],3],[2654,[-0.0044558,-0.562588,0.826725],265,47.9852,[-47.0267,82.9541,19.9899],[-58.7136,89.7663,12.5664],[-27.3321,14.102,-8.23405],false,[-39.6999,118.383,53.2369],[-46.7986,125.427,-0.93357],[-62.5468,99.3619,-15.1096],[-62.6296,88.9086,0.251654],[-57.5531,89.985,15.7826],[[[0.898423,-0.404736,-0.170366],[0.419797,0.905447,0.0627396],[0.128865,-0.127886,0.983381]],[[0.882487,-0.391042,-0.261349],[-0.0377695,0.494949,-0.868101],[0.468819,0.775958,0.422016]],[[0.882487,-0.391042,-0.261349],[-0.470316,-0.72841,-0.498219],[0.0044558,0.562588,-0.826725]],[[0.882487,-0.391042,-0.261349],[-0.353706,-0.918022,0.179242],[-0.310015,-0.0657376,-0.948456]]],4]],[[0,200,0],[235.247,235.247,147.751]]],[638899,239036249872,[[265,"right",[-0.370136,0.242623,-0.896735],[-0.0953563,-0.970116,-0.223118],[-77.1225,123.312,21.9358],[-35.7526,1.37212,-4.30988],[-73.7776,122.271,23.1769],1,0,0.7482,[[0.645205,0.182887,-0.741797],[0.151268,0.921126,0.358671],[0.748885,-0.343626,0.56665]],60.534,[141.038,26.6856,211.432],[-51.0514,114.826,66.0861]]],[[2650,[0.136321,-0.298566,-0.944603],265,49.5106,[-70.0623,78.3996,2.85205],[-78.3685,82.4733,-1.50227],[-20.2926,4.65713,-7.35199],false,[-75.8528,104.163,77.0634],[-75.8528,104.163,77.0634],[-97.9471,97.4799,35.6387],[-93.5315,87.8091,5.04226],[-73.6538,81.1684,-2.38086],[[[0.384907,0.913865,-0.129219],[-0.556591,0.341516,0.757346],[0.736242,-0.219586,0.640101]],[[0.214592,0.939765,-0.266067],[-0.858416,0.311418,0.407604],[0.46591,0.140928,0.873537]],[[0.214592,0.939765,-0.266067],[-0.967144,0.166434,-0.192179],[-0.136321,0.298566,0.944603]],[[0.214592,0.939765,-0.266067],[-0.39323,-0.16623,-0.904288],[-0.894047,0.298679,0.333872]]],0],[2651,[-0.266238,0.255036,-0.929556],265,55.8671,[-118.266,150.188,-54.8604],[-128.037,151.945,-60.2426],[-28.9953,-9.17934,-11.3687],false,[-70.7638,124.627,69.1637],[-107.696,131.135,10.1855],[-118.437,143.373,-27.24],[-124.55,149.229,-48.5844],[-128.907,152.74,-63.8208],[[[0.848806,0.0378532,-0.527348],[0.0171592,0.994936,0.0990358],[0.528426,-0.093111,0.843858]],[[0.962055,0.0105477,-0.272652],[0.0720819,0.953929,0.291244],[0.263163,-0.299846,0.916972]],[[0.962055,0.0105477,-0.272652],[0.0597317,0.966874,0.248167],[0.266238,-0.255036,0.929556]],[[0.962055,0.0105477,-0.272652],[0.0490729,0.976271,0.210921],[0.268407,-0.216298,0.938708]]],1],[2652,[-0.318836,0.213348,-0.923486],265,63.6561,[-106.924,152.016,-72.6233],[-115.268,153.614,-76.9787],[-28.0485,-9.30119,-9.95032],false,[-61.2096,126.727,62.7493],[-88.2054,133.09,2.55195],[-102.352,144.817,-39.3901],[-110.965,150.58,-64.3377],[-116.798,153.737,-80.9124],[[[0.896949,-0.145245,-0.417596],[0.17201,0.984726,0.0269583],[0.407302,-0.0960109,0.908233]],[[0.923007,-0.151547,-0.353682],[0.229385,0.954699,0.189556],[0.308934,-0.256091,0.915957]],[[0.923007,-0.151547,-0.353682],[0.215409,0.965151,0.148603],[0.318836,-0.213348,0.923486]],[[0.923007,-0.151547,-0.353682],[0.203241,0.972505,0.113697],[0.326727,-0.176826,0.92843]]],2],[2653,[0.0973213,-0.544476,0.833111],265,61.2071,[-60.7326,76.127,27.1466],[-73.8764,83.138,17.9793],[-21.3636,3.89152,-12.6435],false,[-50.9631,125.957,57.2147],[-66.7515,131.543,0.111894],[-80.6496,95.4918,-17.4613],[-78.0884,81.1628,4.46361],[-72.7715,83.7092,21.2058],[[[0.931574,-0.231608,-0.280226],[0.24855,0.96827,0.0259928],[0.265315,-0.0938644,0.959582]],[[0.936458,-0.233353,-0.261901],[-0.125831,0.473464,-0.871779],[0.327433,0.84934,0.414016]],[[0.936458,-0.233353,-0.261901],[-0.337008,-0.805662,-0.487169],[-0.0973213,0.544476,-0.833111]],[[0.936458,-0.233353,-0.261901],[-0.182535,-0.961751,0.204244],[-0.299545,-0.14346,-0.943235]]],3],[2654,[-0.0034155,-0.565769,0.824557],265,47.9852,[-47.8241,83.4112,19.4632],[-59.02,89.8537,12.4335],[-21.7893,9.6228,-7.98396],false,[-40.3853,118.496,53.3085],[-47.3137,125.628,-0.872641],[-62.825,99.5197,-15.23],[-62.8884,89.0072,0.0909408],[-57.8694,90.0776,15.641],[[[0.902062,-0.397696,-0.167699],[0.412875,0.908337,0.0667649],[0.125775,-0.129465,0.983575]],[[0.886198,-0.383729,-0.259625],[-0.0377774,0.498659,-0.865974],[0.461764,0.777233,0.427415]],[[0.886198,-0.383729,-0.259625],[-0.463294,-0.729834,-0.502694],[0.0034155,0.565769,-0.824557]],[[0.886198,-0.383729,-0.259625],[-0.347427,-0.92113,0.175541],[-0.306508,-0.0653637,-0.949621]]],4]],[[0,200,0],[235.247,235.247,147.751]]],[638900,239036269161,[[265,"right",[-0.369083,0.242913,-0.89709],[-0.0886564,-0.97004,-0.226191],[-77.4547,123.242,21.8428],[-26.5364,-1.10807,-4.56241],[-74.7002,122.515,22.8422],1,0,0.697506,[[0.645699,0.191285,-0.739244],[0.145984,0.919334,0.365396],[0.749507,-0.343854,0.565689]],60.534,[140.791,26.5922,211.142],[-51.4573,114.791,66.0432]]],[[2650,[0.139749,-0.294999,-0.945223],265,49.5106,[-70.8047,78.7848,2.52037],[-78.4334,82.4812,-1.65163],[-13.148,2.28537,-8.14392],false,[-76.2228,103.941,76.9184],[-76.2228,103.941,76.9184],[-98.2259,97.2437,35.4476],[-93.6993,87.6885,4.83105],[-73.7522,81.2017,-2.54182],[[[0.379558,0.91662,-0.125474],[-0.560873,0.335836,0.756727],[0.73577,-0.216846,0.641577]],[[0.209069,0.94186,-0.263039],[-0.860817,0.30488,0.407483],[0.463988,0.141237,0.87451]],[[0.209069,0.94186,-0.263039],[-0.967864,0.160857,-0.193299],[-0.139749,0.294999,0.945223]],[[0.209069,0.94186,-0.263039],[-0.389076,-0.166661,-0.906004],[-0.897168,0.29176,0.331612]]],0],[2651,[-0.264516,0.254381,-0.930227],265,55.8671,[-118.919,150.286,-55.2352],[-128.274,151.72,-60.4323],[-20.384,-11.5664,-11.0017],false,[-71.2392,124.46,69.0925],[-108.043,130.909,10.0275],[-118.727,143.129,-27.4201],[-124.801,148.97,-48.7799],[-129.125,152.467,-64.0287],[[[0.850055,0.0446799,-0.524796],[0.0106602,0.994732,0.101956],[0.526586,-0.092263,0.8451]],[[0.962957,0.0172623,-0.269102],[0.0647344,0.953967,0.292841],[0.26177,-0.299413,0.917512]],[[0.962957,0.0172623,-0.269102],[0.0523966,0.96695,0.249524],[0.264516,-0.254381,0.930227]],[[0.962957,0.0172623,-0.269102],[0.0417652,0.976359,0.212084],[0.266401,-0.215467,0.93947]]],1],[2652,[-0.317943,0.2125,-0.923989],265,63.6561,[-107.598,152.081,-72.9763],[-115.539,153.481,-77.1112],[-21.0613,-8.54944,-8.51078],false,[-61.68,126.637,62.7116],[-88.5431,133.007,2.45558],[-102.661,144.703,-39.5045],[-111.251,150.443,-64.4657],[-117.063,153.583,-81.0509],[[[0.899027,-0.138432,-0.415435],[0.165777,0.985698,0.030295],[0.4053,-0.0961056,0.909118]],[[0.924911,-0.144749,-0.35155],[0.22243,0.955936,0.191601],[0.308325,-0.25541,0.916352]],[[0.924911,-0.144749,-0.35155],[0.208451,0.966381,0.150522],[0.317943,-0.2125,0.923989]],[[0.924911,-0.144749,-0.35155],[0.196295,0.973716,0.11552],[0.325588,-0.175853,0.929014]]],2],[2653,[0.097895,-0.547377,0.83114],265,61.2071,[-61.1959,76.3689,26.7967],[-73.966,83.1087,17.6923],[-13.1037,1.35154,-14.0002],false,[-51.4132,125.948,57.2043],[-67.0731,131.601,0.072703],[-80.707,95.5585,-17.7236],[-78.1307,81.1533,4.14943],[-72.8781,83.6817,20.9146],[[[0.933799,-0.224976,-0.278217],[0.242421,0.969723,0.0295019],[0.263156,-0.0949942,0.960065]],[[0.93864,-0.226744,-0.259887],[-0.125612,0.477025,-0.869867],[0.32121,0.849137,0.419273]],[[0.93864,-0.226744,-0.259887],[-0.330712,-0.805584,-0.491594],[-0.097895,0.547377,-0.83114]],[[0.93864,-0.226744,-0.259887],[-0.177146,-0.963481,0.200805],[-0.295928,-0.142446,-0.94453]]],3],[2654,[-0.0019912,-0.56828,0.822833],265,47.9852,[-48.4586,83.7767,19.0388],[-59.1133,89.931,12.2795],[-13.2688,6.96399,-7.94151],false,[-40.7779,118.565,53.307],[-47.596,125.81,-0.873059],[-62.9069,99.6566,-15.3619],[-62.9439,89.0975,-0.0729977],[-57.9695,90.1578,15.4921],[[[0.905004,-0.391571,-0.166254],[0.407,0.910698,0.0705727],[0.123773,-0.131534,0.983554]],[[0.889251,-0.377384,-0.258484],[-0.0384762,0.501377,-0.864373],[0.455799,0.77859,0.431329]],[[0.889251,-0.377384,-0.258484],[-0.457415,-0.73119,-0.506095],[0.0019912,0.56828,-0.822833]],[[0.889251,-0.377384,-0.258484],[-0.341982,-0.92379,0.172221],[-0.303779,-0.0647513,-0.95054]]],4]],[[0,200,0],[235.247,235.247,147.751]]],[638901,239036287937,[[265,"right",[-0.367144,0.242094,-0.898107],[-0.0787002,-0.970159,-0.229344],[-77.7323,123,21.7657],[-20.799,-6.88182,-4.34162],[-75.3899,122.625,22.5973],1,0,0.703898,[[0.64668,0.201949,-0.735542],[0.13759,0.917611,0.372905],[0.75025,-0.342353,0.565614]],60.534,[140.576,26.846,211.143],[-51.8631,114.66,66.0624]]],[[2650,[0.14553,-0.290987,-0.945594],265,49.5106,[-71.1852,78.9758,2.34011],[-78.2877,82.3156,-1.78585],[-4.25372,-3.36521,-8.27687],false,[-76.578,103.553,76.7915],[-76.578,103.553,76.7915],[-98.3943,96.7763,35.2349],[-93.6805,87.351,4.60638],[-73.6341,81.0759,-2.67994],[[[0.371703,0.920417,-0.121114],[-0.567427,0.328506,0.755056],[0.734754,-0.211933,0.644377]],[[0.201267,0.94449,-0.259672],[-0.864781,0.295836,0.405752],[0.46005,0.142895,0.876319]],[[0.201267,0.94449,-0.259672],[-0.968666,0.152527,-0.196017],[-0.14553,0.290987,0.945594]],[[0.201267,0.94449,-0.259672],[-0.382816,-0.16817,-0.908389],[-0.901634,0.282235,0.327719]]],0],[2651,[-0.262024,0.253373,-0.931206],265,55.8671,[-119.443,150.332,-55.5471],[-128.399,151.192,-60.6893],[-13.4472,-20.393,-12.5576],false,[-71.7468,124.139,69.0469],[-108.335,130.419,9.82986],[-118.936,142.611,-27.6502],[-124.953,148.429,-49.0324],[-129.23,151.906,-64.2993],[[[0.852027,0.0539769,-0.520707],[0.00105621,0.994491,0.104818],[0.523497,-0.0898577,0.847276]],[[0.96415,0.0268014,-0.264001],[0.0542537,0.953961,0.294984],[0.259753,-0.298732,0.918307]],[[0.96415,0.0268014,-0.264001],[0.0419332,0.966997,0.251312],[0.262024,-0.253373,0.931206]],[[0.96415,0.0268014,-0.264001],[0.0313368,0.976425,0.213571],[0.263502,-0.214187,0.94058]]],1],[2652,[-0.316649,0.209535,-0.92511],265,63.6561,[-108.157,152.098,-73.2765],[-115.702,152.989,-77.3008],[-15.422,-18.2194,-9.39766],false,[-62.1786,126.422,62.7168],[-88.82,132.718,2.35473],[-102.898,144.295,-39.6519],[-111.452,149.956,-64.6433],[-117.235,153.037,-81.2496],[[[0.902172,-0.128992,-0.411638],[0.156579,0.987085,0.0338535],[0.401955,-0.0949957,0.910718]],[[0.927641,-0.13521,-0.34814],[0.212056,0.958017,0.192964],[0.307433,-0.252826,0.917368]],[[0.927641,-0.13521,-0.34814],[0.198032,0.968408,0.151559],[0.316649,-0.209535,0.92511]],[[0.927641,-0.13521,-0.34814],[0.18586,0.975668,0.116308],[0.323943,-0.172597,0.9302]]],2],[2653,[0.0982187,-0.551002,0.828703],265,61.2071,[-61.4207,76.4835,26.6201],[-73.889,82.9123,17.3838],[-4.88699,-4.43314,-15.8188],false,[-51.8805,125.842,57.2554],[-67.3272,131.515,0.0677871],[-80.5655,95.4701,-18.0191],[-77.9807,80.9694,3.78983],[-72.8319,83.4806,20.5898],[[[0.937102,-0.215607,-0.274505],[0.233369,0.971815,0.0333717],[0.259573,-0.0953337,0.961006]],[[0.941872,-0.217382,-0.256168],[-0.124909,0.481245,-0.867641],[0.311889,0.849205,0.426118]],[[0.941872,-0.217382,-0.256168],[-0.321294,-0.805693,-0.497623],[-0.0982187,0.551002,-0.828703]],[[0.941872,-0.217382,-0.256168],[-0.169508,-0.96578,0.196308],[-0.290076,-0.141475,-0.946489]]],3],[2654,[-0.000353964,-0.571133,0.820857],265,47.9852,[-48.8131,83.9811,18.796],[-59.0397,89.8902,12.1633],[-4.7962,2.62549,-7.1803],false,[-41.16,118.568,53.3867],[-47.7937,125.906,-0.803734],[-62.8039,99.6733,-15.463],[-62.8105,89.0612,-0.210761],[-57.9097,90.1217,15.3776],[[[0.909319,-0.38278,-0.163149],[0.398291,0.914184,0.0750407],[0.120424,-0.133217,0.983743]],[[0.893754,-0.368383,-0.255927],[-0.0391027,0.504396,-0.862587],[0.44685,0.780947,0.436401]],[[0.893754,-0.368383,-0.255927],[-0.448558,-0.733554,-0.510583],[0.000353964,0.571133,-0.820857]],[[0.893754,-0.368383,-0.255927],[-0.334111,-0.927416,0.168136],[-0.299289,-0.0647644,-0.951962]]],4]],[[0,200,0],[235.247,235.247,147.751]]],[638902,239036307118,[[265,"right",[-0.364759,0.241218,-0.899314],[-0.0675493,-0.97017,-0.232826],[-77.85,122.674,21.6576],[-13.5354,-11.8797,-4.98324],[-75.9032,122.635,22.4012],1,0,0.706966,[[0.647852,0.212916,-0.731406],[0.127481,0.916302,0.379658],[0.751023,-0.339203,0.566485]],60.534,[140.502,27.4508,211.371],[-52.1358,114.456,66.0672]]],[[2650,[0.150996,-0.2864,-0.946137],265,49.5106,[-71.4343,79.0956,2.21081],[-77.9927,82.0851,-1.95696],[3.13529,-7.99183,-9.72718],false,[-76.7933,103.063,76.6272],[-76.7933,103.063,76.6272],[-98.4373,96.2062,34.9938],[-93.5464,86.9295,4.34769],[-73.4087,80.8854,-2.88176],[[[0.362927,0.924544,-0.116196],[-0.574809,0.320277,0.753005],[0.733402,-0.206496,0.647674]],[[0.192405,0.947321,-0.256053],[-0.868715,0.285786,0.40455],[0.456415,0.144599,0.877939]],[[0.192405,0.947321,-0.256053],[-0.969629,0.143378,-0.198147],[-0.150996,0.2864,0.946137]],[[0.192405,0.947321,-0.256053],[-0.37764,-0.169355,-0.910333],[-0.905742,0.271848,0.325162]]],0],[2651,[-0.259127,0.252193,-0.932337],265,55.8671,[-119.886,150.336,-55.8301],[-128.329,150.541,-61.011],[-4.79478,-28.0218,-14.9275],false,[-72.1311,123.722,68.9739],[-108.462,129.819,9.57968],[-118.968,141.968,-27.9416],[-124.918,147.758,-49.3498],[-129.14,151.215,-64.6365],[[[0.854221,0.064335,-0.515914],[-0.00966798,0.994108,0.107959],[0.51982,-0.0872328,0.849811]],[[0.96537,0.037427,-0.258185],[0.0424417,0.953941,0.296978],[0.257408,-0.297651,0.919318]],[[0.96537,0.037427,-0.258185],[0.0302178,0.966953,0.253158],[0.259127,-0.252193,0.932337]],[[0.96537,0.037427,-0.258185],[0.0197292,0.976348,0.215302],[0.260136,-0.21294,0.941799]]],1],[2652,[-0.314886,0.20667,-0.926356],265,63.6561,[-108.636,152.074,-73.5486],[-115.662,152.417,-77.5375],[-7.09391,-24.8245,-10.9081],false,[-62.5528,126.123,62.7029],[-88.9319,132.341,2.21762],[-102.948,143.813,-39.8384],[-111.454,149.396,-64.8635],[-117.199,152.418,-81.4939],[[[0.905645,-0.118462,-0.407152],[0.146302,0.988517,0.0378144],[0.397997,-0.0938138,0.912577]],[[0.930623,-0.12457,-0.344128],[0.200624,0.960062,0.195015],[0.306091,-0.250526,0.918447]],[[0.930623,-0.12457,-0.344128],[0.186517,0.970448,0.153107],[0.314886,-0.20667,0.926356]],[[0.930623,-0.12457,-0.344128],[0.174297,0.977664,0.117448],[0.321811,-0.16928,0.931548]]],2],[2653,[0.0982366,-0.555277,0.825843],265,61.2071,[-61.5518,76.5488,26.5106],[-73.6146,82.6388,17.0132],[4.3817,-9.39371,-18.2895],false,[-52.2201,125.666,57.2955],[-67.4159,131.365,0.0432988],[-80.2063,95.3257,-18.3745],[-77.621,80.7126,3.35914],[-72.5951,83.1974,20.2002],[[[0.94072,-0.205156,-0.270106],[0.223246,0.974033,0.0377003],[0.255357,-0.0957653,0.962092]],[[0.945442,-0.206954,-0.251614],[-0.123837,0.486062,-0.865106],[0.301337,0.849066,0.433915]],[[0.945442,-0.206954,-0.251614],[-0.310627,-0.805505,-0.504652],[-0.0982366,0.555277,-0.825843]],[[0.945442,-0.206954,-0.251614],[-0.161134,-0.968283,0.190956],[-0.283153,-0.139994,-0.948802]]],3],[2654,[0.00139088,-0.574025,0.818837],265,47.9852,[-49.0206,84.1022,18.6471],[-58.7651,89.792,12.0323],[4.7889,-1.11238,-7.00292],false,[-41.4051,118.514,53.462],[-47.8217,125.958,-0.740134],[-62.4905,99.6324,-15.5771],[-62.4647,88.9665,-0.362384],[-57.6505,90.0274,15.2529],[[[0.914048,-0.37296,-0.15943],[0.388521,0.917953,0.0800796],[0.116483,-0.135138,0.983956]],[[0.898733,-0.358339,-0.252731],[-0.0397946,0.507326,-0.860835],[0.436688,0.783718,0.441691]],[[0.898733,-0.358339,-0.252731],[-0.438495,-0.736267,-0.515396],[-0.00139088,0.574025,-0.818837]],[[0.898733,-0.358339,-0.252731],[-0.325341,-0.931341,0.163576],[-0.293994,-0.0647875,-0.953609]]],4]],[[0,200,0],[235.247,235.247,147.751]]],[638903,239036366141,[[265,"right",[-0.351633,0.239525,-0.904976],[-0.0317398,-0.969207,-0.244193],[-76.8162,120.913,21.6502],[13.7329,-27.6495,-0.716257],[-76.3519,121.789,22.0321],1,0,0.723693,[[0.647103,0.250472,-0.720084],[0.0937473,0.911185,0.401189],[0.756617,-0.327117,0.56615]],60.534,[142.2,29.1114,211.772],[-51.8719,113.017,66.5546]]],[[2650,[0.176062,-0.271149,-0.946298],265,49.5106,[-72.7521,79.6248,1.0027],[-75.426,80.6289,-2.29528],[35.9727,-23.1123,-7.63109],false,[-76.393,100.747,76.427],[-76.393,100.747,76.427],[-97.0854,93.6838,34.3465],[-91.3826,84.901,3.69517],[-70.9484,79.5589,-3.24951],[[[0.336257,0.936618,-0.0983756],[-0.601541,0.293977,0.742783],[0.724624,-0.190589,0.662265]],[[0.167342,0.955567,-0.24267],[-0.884079,0.254382,0.392037],[0.436349,0.148935,0.887366]],[[0.167342,0.955567,-0.24267],[-0.970051,0.115631,-0.213613],[-0.176062,0.271149,0.946298]],[[0.167342,0.955567,-0.24267],[-0.356782,-0.170763,-0.918448],[-0.919077,0.240275,0.312353]]],0],[2651,[-0.245708,0.254183,-0.935424],265,55.8671,[-120.988,149.917,-56.9214],[-126.254,148.089,-61.8735],[30.3325,-39.8009,-14.5971],false,[-72.2093,121.623,69.094],[-107.355,127.232,8.94353],[-117.384,139.448,-28.6863],[-123.026,145.284,-50.1654],[-127.007,148.778,-65.5082],[[[0.863278,0.0965482,-0.495409],[-0.0433349,0.992088,0.11783],[0.502865,-0.0802518,0.860631]],[[0.969326,0.0703119,-0.235507],[0.00566259,0.951563,0.307401],[0.245714,-0.299305,0.921977]],[[0.969326,0.0703119,-0.235507],[-0.00590954,0.964597,0.263662],[0.245708,-0.254183,0.935424]],[[0.969326,0.0703119,-0.235507],[-0.0157772,0.974031,0.225864],[0.245272,-0.21522,0.945263]]],1],[2652,[-0.301832,0.203802,-0.931323],265,63.6561,[-109.648,151.567,-74.501],[-113.395,150.303,-78.1045],[32.6665,-34.9919,-9.84511],false,[-62.5711,124.389,63.0702],[-87.7518,130.441,2.05957],[-101.245,141.78,-40.203],[-109.399,147.286,-65.3623],[-114.887,150.258,-82.0883],[[[0.917934,-0.0857327,-0.38736],[0.114287,0.992125,0.0512457],[0.379916,-0.0913103,0.920503]],[[0.941231,-0.0916325,-0.325095],[0.165073,0.964514,0.206067],[0.294676,-0.247621,0.922957]],[[0.941231,-0.0916325,-0.325095],[0.151594,0.974714,0.164167],[0.301832,-0.203802,0.931323]],[[0.941231,-0.0916325,-0.325095],[0.139976,0.981776,0.128538],[0.307392,-0.16649,0.936905]]],2],[2653,[0.095312,-0.564778,0.819721],265,61.2071,[-62.4039,76.9385,25.5801],[-71.2765,81.0754,16.4659],[35.318,-24.455,-10.9352],false,[-52.109,124.314,57.898],[-66.1719,130.16,0.371824],[-77.4266,94.0601,-18.9093],[-74.9182,79.1969,2.6632],[-70.3662,81.6155,19.6481],[[[0.952592,-0.17278,-0.250431],[0.19163,0.980048,0.0527571],[0.23632,-0.0982462,0.966696]],[[0.957002,-0.174656,-0.23161],[-0.117645,0.496135,-0.860238],[0.265155,0.850497,0.454255]],[[0.957002,-0.174656,-0.23161],[-0.273977,-0.806549,-0.523846],[-0.095312,0.564778,-0.819721]],[[0.957002,-0.174656,-0.23161],[-0.13557,-0.975156,0.175191],[-0.256454,-0.136259,-0.956904]]],3],[2654,[0.00116916,-0.582476,0.812847],265,47.9852,[-49.