{"metadata":{"formatVersion":2,"generatedBy":"LeapJS Playback 0.2.1","frames":1,"protocolVersion":6,"serviceVersion":"2.2.5+26752","frameRate":"1.1e+2","modified":"Sun Apr 19 2015 20:51:44 GMT-0300 (E. South America Standard Time)"},"frames":[["id","timestamp",{"hands":[["id","type","direction","palmNormal","palmPosition","palmVelocity","stabilizedPalmPosition","pinchStrength","grabStrength","confidence","armBasis","armWidth","elbow","wrist"]]},{"pointables":[["id","direction","handId","length","stabilizedTipPosition","tipPosition","tipVelocity","tool","carpPosition","mcpPosition","pipPosition","dipPosition","btipPosition","bases","type"]]},{"interactionBox":["center","size"]}],[840029,267687478038,[[295,"right",[-0.908573,-0.0738822,-0.411142],[-0.00755115,-0.981169,0.193003],[35.0375,156.681,39.7625],[90.5576,17.9552,53.2381],[28.2548,155.605,36.6349],0.62719,1,0.403077,[[0.46397,-0.180933,-0.867176],[0.123593,0.982566,-0.138883],[0.877187,-0.0427393,0.478243]],63.72,[324.157,152.01,183.465],[87.3167,163.549,54.3392]]],[[2950,[-0.517949,-0.672925,-0.52811],295,52.1164,[4.2303,92.6521,42.9698],[11.5675,93.3655,44.8811],[104.183,14.7543,10.9941],false,[78.4376,158.293,83.2286],[78.4376,158.293,83.2286],[41.3713,128.024,69.0299],[23.7116,105.08,51.0236],[7.64469,90.2702,42.6414],[[[-0.00247321,0.791355,-0.611352],[0.0218313,0.611251,0.791135],[0.999759,-0.01139,-0.018788]],[[-0.386723,0.734888,-0.557122],[-0.546868,0.30369,0.780197],[0.74255,0.606393,0.284443]],[[-0.386723,0.734888,-0.557122],[-0.763003,0.0843279,0.64087],[0.517949,0.672925,0.52811]],[[-0.386723,0.734888,-0.557122],[-0.615748,0.243962,0.749224],[0.686513,0.632789,0.35816]]],0],[2951,[0.138439,-0.963223,0.230295],295,58.8075,[-26.1804,124.979,41.7709],[-19.9048,124.927,43.6856],[100.812,-2.19299,37.5673],false,[72.2317,175.248,67.8698],[1.8819,161.422,51.3711],[-34.2103,149.748,31.2008],[-30.8642,126.466,36.7671],[-16.5061,124.439,45.8033],[[[0.259179,-0.188334,-0.947289],[-0.1358,0.963954,-0.228802],[0.956235,0.187942,0.224261]],[[0.515156,-0.128563,-0.8474],[-0.169899,0.95375,-0.247983],[0.840089,0.271722,0.469487]],[[0.515156,-0.128563,-0.8474],[-0.845842,-0.235951,-0.478412],[-0.138439,0.963223,-0.230295]],[[0.515156,-0.128563,-0.8474],[-0.168527,-0.98458,0.0469231],[-0.840365,0.118637,-0.528878]]],1],[2952,[0.0990437,-0.913516,0.394561],295,67.0064,[-21.9765,118.117,29.5305],[-16.0306,118.343,31.1412],[99.0394,9.84841,29.9129],false,[74.5943,174.485,55.8095],[10.9959,159.602,31.2873],[-31.1075,145.366,12.6348],[-28.291,119.389,23.8547],[-12.2311,117.964,33.5081],[[[0.405314,-0.322763,-0.855304],[-0.0690004,0.922129,-0.380679],[0.91157,0.213311,0.351481]],[[0.470267,-0.306467,-0.827603],[-0.125841,0.904899,-0.406597],[0.873506,0.295355,0.386979]],[[0.470267,-0.306467,-0.827603],[-0.876949,-0.267518,-0.399243],[-0.0990437,0.913516,-0.394561]],[[0.470267,-0.306467,-0.827603],[-0.220182,-0.948856,0.226255],[-0.854616,0.0758233,-0.513695]]],2],[2953,[-0.430463,-0.891227,0.142882],295,64.4285,[-23.5831,120.988,1.56522],[-15.8014,121.711,3.42957],[54.5154,29.2984,29.8134],false,[78.7392,171.194,44.7225],[25.9847,156.179,14.469],[-11.8124,155.639,-9.35016],[-23.7371,130.95,-5.39206],[-15.0119,118.83,5.83593],[[[0.539082,-0.356444,-0.763111],[-0.0107722,0.903043,-0.429415],[0.842184,0.239711,0.482974]],[[0.499664,-0.367121,-0.784575],[0.186244,0.930095,-0.316602],[0.84596,0.0120725,0.533109]],[[0.499664,-0.367121,-0.784575],[-0.751689,0.266338,-0.603347],[0.430463,0.891227,-0.142882]],[[0.499664,-0.367121,-0.784575],[-0.729559,-0.666658,-0.152682],[-0.46699,0.648683,-0.600941]]],3],[2954,[-0.563163,-0.804467,0.188892],295,50.5107,[0.381833,126.283,-7.70924],[6.77488,127.024,-5.93393],[79.6177,24.305,18.6476],false,[85.7716,161.913,36.5397],[41.4308,149.094,1.44174],[12.6404,151.077,-18.9899],[1.6256,135.343,-15.2954],[7.31959,124.013,-3.62027],[[[0.627252,-0.470581,-0.620571],[0.147653,0.854216,-0.498512],[0.764691,0.221063,0.605292]],[[0.476863,-0.503067,-0.720781],[0.331112,0.862425,-0.382867],[0.814228,-0.0560846,0.57783]],[[0.476863,-0.503067,-0.720781],[-0.67487,0.315842,-0.666929],[0.563163,0.804467,-0.188892]],[[0.476863,-0.503067,-0.720781],[-0.814542,-0.561099,-0.147276],[-0.330339,0.657337,-0.677336]]],4]],[[0,200,0],[235.247,235.247,147.751]]]]}