{"metadata":{"formatVersion":2,"generatedBy":"LeapJS Playback 0.2.1","frames":1,"protocolVersion":6,"serviceVersion":"2.2.5+26752","frameRate":"1.1e+2","modified":"Sun Apr 19 2015 20:51:28 GMT-0300 (E. South America Standard Time)"},"frames":[["id","timestamp",{"hands":[["id","type","direction","palmNormal","palmPosition","palmVelocity","stabilizedPalmPosition","pinchStrength","grabStrength","confidence","armBasis","armWidth","elbow","wrist"]]},{"pointables":[["id","direction","handId","length","stabilizedTipPosition","tipPosition","tipVelocity","tool","carpPosition","mcpPosition","pipPosition","dipPosition","btipPosition","bases","type"]]},{"interactionBox":["center","size"]}],[839970,267686950089,[[295,"right",[-0.961918,0.0516222,-0.268419],[-0.0997324,-0.980588,0.168819],[-4.12811,155.314,28.697],[17.6077,-2.5323,-6.57066],[-11.2582,154.566,25.0001],0.621845,1,0.312849,[[0.44779,-0.193287,-0.872997],[0.088062,0.981142,-0.172062],[0.889792,0.000169459,0.456367]],63.72,[290.43,155.366,158.452],[50.1863,155.32,35.2329]]],[[2950,[-0.642434,-0.601253,-0.475156],295,52.1164,[-41.2096,93.0215,41.3638],[-33.2318,93.8612,36.2829],[22.5222,-8.59991,-13.7363],false,[45.1457,149.946,65.0116],[45.1457,149.946,65.0116],[3.36466,123.957,56.6044],[-18.5395,103.457,40.4037],[-37.3733,90.7184,34.8587],[[[0.00390934,0.81102,-0.585005],[0.21519,0.570622,0.792518],[0.976564,-0.128985,-0.172292]],[[-0.399697,0.791908,-0.461654],[-0.373729,0.319087,0.870925],[0.837,0.52064,0.168421]],[[-0.399697,0.791908,-0.461654],[-0.653851,0.106664,0.749068],[0.642434,0.601253,0.475156]],[[-0.399697,0.791908,-0.461654],[-0.438901,0.276812,0.854834],[0.804741,0.544295,0.236928]]],0],[2951,[0.059831,-0.980575,0.186796],295,58.8075,[-65.9005,125.835,42.3346],[-61.0927,129.323,40.7043],[26.2303,-22.5487,-13.5658],false,[38.8554,168.147,51.1893],[-34.3333,163.458,45.3653],[-74.2015,156.229,31.0812],[-72.7553,132.528,35.5961],[-57.5695,128.319,42.1983],[[[0.0893726,-0.177808,-0.979998],[-0.0483753,0.982,-0.182582],[0.994823,0.0637256,0.0791624]],[[0.357855,-0.153622,-0.921054],[-0.103907,0.973697,-0.202773],[0.927978,0.168267,0.33248]],[[0.357855,-0.153622,-0.921054],[-0.931858,-0.121953,-0.341712],[-0.059831,0.980575,-0.186796]],[[0.357855,-0.153622,-0.921054],[-0.286273,-0.956926,0.0483803],[-0.888813,0.24636,-0.386418]]],1],[2952,[0.0701822,-0.929784,0.361353],295,67.0064,[-65.0827,119.96,30.6327],[-59.3116,122.042,27.6188],[28.9507,-16.7318,-15.3588],false,[39.2756,167.615,38.8946],[-28.6197,161.416,24.0835],[-74.0948,151.075,11.9033],[-72.0991,124.635,22.1789],[-55.1301,121.058,29.4173],[[[0.229884,-0.332348,-0.914712],[-0.0107165,0.938963,-0.343852],[0.973159,0.0888485,0.212291]],[[0.312757,-0.323471,-0.893056],[-0.109857,0.921595,-0.372281],[0.943459,0.214542,0.2527]],[[0.312757,-0.323471,-0.893056],[-0.947237,-0.175692,-0.268094],[-0.0701822,0.929784,-0.361353]],[[0.312757,-0.323471,-0.893056],[-0.294608,-0.92689,0.232552],[-0.902989,0.190369,-0.385189]]],2],[2953,[-0.0749598,-0.919229,0.386521],295,64.4285,[-52.9379,119.638,9.54045],[-48.5251,121.7,7.28943],[23.688,-6.82436,-14.9032],false,[41.2779,164.324,27.2287],[-16.8527,156.949,5.08805],[-58.358,150.789,-10.2623],[-60.4345,125.325,0.445077],[-44.8388,120.436,9.49872],[[[0.370736,-0.385481,-0.844961],[0.0367627,0.915172,-0.401383],[0.92801,0.117744,0.353459]],[[0.369851,-0.385594,-0.845297],[0.0159402,0.912311,-0.409188],[0.928954,0.137864,0.343566]],[[0.369851,-0.385594,-0.845297],[-0.926062,-0.0795918,-0.368882],[0.0749598,0.919229,-0.386521]],[[0.369851,-0.385594,-0.845297],[-0.408003,-0.884797,0.225095],[-0.834712,0.261632,-0.484566]]],3],[2954,[-0.258042,-0.851597,0.456286],295,50.5107,[-36.3703,126.16,-5.24308],[-31.9197,126.204,-8.14564],[22.5122,1.3612,-15.6959],false,[45.8072,154.627,17.8481],[-4.52239,148.637,-10.3182],[-36.7285,147.372,-24.8591],[-41.7755,130.716,-15.9347],[-29.0395,124.897,-5.88288],[[[0.464447,-0.515142,-0.72036],[0.17582,0.850858,-0.495104],[0.867973,0.103295,0.48575]],[[0.367643,-0.523302,-0.768761],[0.187701,0.851396,-0.489789],[0.910828,0.0357697,0.411234]],[[0.367643,-0.523302,-0.768761],[-0.89345,0.0306225,-0.448117],[0.258042,0.851597,-0.456286]],[[0.367643,-0.523302,-0.768761],[-0.564704,-0.78242,0.262543],[-0.738883,0.337601,-0.583162]]],4]],[[0,200,0],[235.247,235.247,147.751]]]]}