{"metadata":{"formatVersion":2,"generatedBy":"LeapJS Playback 0.2.1","frames":161,"protocolVersion":6,"serviceVersion":"2.2.5+26752","frameRate":"83","modified":"Sun Apr 19 2015 12:55:12 GMT-0300 (E. South America Standard Time)"},"frames":[["id","timestamp",{"hands":[["id","type","direction","palmNormal","palmPosition","palmVelocity","stabilizedPalmPosition","pinchStrength","grabStrength","confidence","armBasis","armWidth","elbow","wrist"]]},{"pointables":[["id","direction","handId","length","stabilizedTipPosition","tipPosition","tipVelocity","tool","carpPosition","mcpPosition","pipPosition","dipPosition","btipPosition","bases","type"]]},{"interactionBox":["center","size"]}],[641691,239096788705,[[266,"right",[-0.0116026,0.975817,-0.218281],[-0.488414,-0.196014,-0.850312],[-82.9022,84.6993,53.5088],[-42.3449,41.0196,-25.6189],[-73.5399,77.1165,59.0842],0.678345,0.197672,0.33445,[[0.703173,0.0369904,-0.710056],[0.276712,0.905679,0.321211],[0.654964,-0.422348,0.626613]],63.72,[103.326,-81.9194,234.505],[-73.5146,32.1145,65.319]]],[[2660,[-0.482076,0.769465,-0.418959],266,52.1164,[-139.064,103.962,17.1655],[-140.09,103.929,17.2054],[-76.8851,26.6044,18.974],false,[-103.624,29.4164,70.5344],[-103.624,29.4164,70.5344],[-124.673,67.6287,46.2751],[-141.11,93.8641,31.9905],[-139.917,107.465,12.9818],[[[0.785692,0.326804,0.52525],[-0.479257,-0.215306,0.850856],[0.391152,-0.920241,-0.0125415]],[[0.590054,0.638624,0.493959],[-0.688492,0.0784656,0.720987],[0.421681,-0.765508,0.485987]],[[0.590054,0.638624,0.493959],[-0.647641,0.00908273,0.761891],[0.482076,-0.769465,0.418959]],[[0.590054,0.638624,0.493959],[-0.805753,0.504424,0.310352],[-0.0509663,-0.581133,0.812211]]],0],[2661,[0.116495,-0.980888,-0.155848],266,58.8075,[-108.514,73.3388,28.5776],[-119.186,77.1954,26.6584],[-56.8121,29.6788,-0.529677],false,[-87.1608,42.9105,80.9628],[-103.982,111.941,61.8772],[-127.167,110.32,25.7442],[-124.351,86.6115,21.9773],[-116.761,73.0018,28.9828],[[[0.8582,0.0684694,-0.508728],[0.459582,0.338953,0.820911],[0.228642,-0.938308,0.259422]],[[0.823655,0.183098,-0.536719],[-0.17425,0.98237,0.0677221],[0.539656,0.0377437,0.841039]],[[0.823655,0.183098,-0.536719],[-0.554996,0.0658397,-0.829243],[-0.116495,0.980888,0.155848]],[[0.823655,0.183098,-0.536719],[-0.352454,-0.576165,-0.737435],[-0.444261,0.796561,-0.410028]]],1],[2662,[-0.105306,-0.992776,0.0574966],266,67.0064,[-100.299,64.7499,25.9647],[-112.215,68.834,23.908],[-47.3599,16.2063,6.49238],false,[-76.0595,44.8743,76.0107],[-83.7116,110.342,53.143],[-113.12,107.332,15.0729],[-116.115,79.1011,16.7079],[-110.44,64.4775,27.0557],[[[0.790194,-0.117722,-0.601444],[0.602962,0.324966,0.728583],[0.109679,-0.93837,0.327769]],[[0.790302,-0.118643,-0.601122],[0.0561642,0.990971,-0.121748],[0.610139,0.0624561,0.789829]],[[0.790302,-0.118643,-0.601122],[-0.603601,0.0178623,-0.797086],[0.105306,0.992776,-0.0574966]],[[0.790302,-0.118643,-0.601122],[-0.533114,-0.616729,-0.579167],[-0.302015,0.778183,-0.550652]]],2],[2663,[-0.262059,-0.952119,0.15746],266,64.4285,[-86.0767,59.4856,24.5198],[-97.4813,63.4807,22.0284],[-61.6929,42.4244,-28.5165],false,[-65.9467,44.4976,69.0453],[-64.5676,101.933,44.0853],[-92.6117,100.094,9.35181],[-99.8713,73.7188,13.7138],[-96.4785,59.5064,25.358],[[[0.750004,-0.278688,-0.599855],[0.661066,0.285646,0.693828],[-0.0220151,-0.916918,0.398467]],[[0.749126,-0.303559,-0.58878],[0.211751,0.951923,-0.221368],[0.627671,0.0411581,0.77739]],[[0.749126,-0.303559,-0.58878],[-0.608387,0.036338,-0.792808],[0.262059,0.952119,-0.15746]],[[0.749126,-0.303559,-0.58878],[-0.637053,-0.573785,-0.514718],[-0.181586,0.760673,-0.623221]]],3],[2664,[-0.348955,0.657035,-0.668233],266,50.5107,[-69.7434,136.679,-10.9623],[-71.9202,137.322,-11.8143],[-98.8468,66.5933,-20.8707],false,[-59.2012,39.5999,57.5097],[-49.7243,91.26,32.9393],[-59.5155,116.751,10.4762],[-66.3406,129.602,-2.59368],[-73.1489,140.128,-14.4243],[[[0.622809,-0.426279,-0.656045],[0.765112,0.156686,0.624542],[-0.163436,-0.890919,0.423736]],[[0.633024,-0.360528,-0.685055],[0.722913,0.591846,0.356532],[0.276907,-0.720928,0.635283]],[[0.633024,-0.360528,-0.685055],[0.691022,0.662061,0.290111],[0.348955,-0.657035,0.668233]],[[0.633024,-0.360528,-0.685055],[0.665783,0.705068,0.244156],[0.394985,-0.610655,0.686358]]],4]],[[0,200,0],[235.247,235.247,147.751]]],[641692,239096804583,[[266,"right",[-0.0223659,0.976963,-0.212233],[-0.494704,-0.19529,-0.846835],[-83.0345,84.8994,53.3358],[-27.6385,28.7313,-19.2541],[-74.3888,77.8124,58.5702],0.662669,0.192903,0.341498,[[0.706786,0.041487,-0.70621],[0.27271,0.905143,0.326106],[0.65275,-0.423078,0.628428]],63.72,[103.175,-81.9,234.413],[-73.0672,32.3311,64.7373]]],[[2660,[-0.493002,0.767716,-0.409342],266,52.1164,[-140,104.115,17.5323],[-140.739,103.851,17.7067],[-61.3799,12.8371,24.624],false,[-103.101,29.332,70.2204],[-103.101,29.332,70.2204],[-124.713,67.5038,46.396],[-141.522,93.6795,32.4392],[-140.64,107.412,13.5085],[[[0.787704,0.330682,0.51978],[-0.469217,-0.224683,0.854022],[0.399196,-0.916606,-0.0218224]],[[0.589125,0.640788,0.492262],[-0.682262,0.0680468,0.727934],[0.432955,-0.764696,0.477274]],[[0.589125,0.640788,0.492262],[-0.640219,-0.00153228,0.768191],[0.493002,-0.767716,0.409342]],[[0.589125,0.640788,0.492262],[-0.807163,0.495077,0.321537],[-0.03767,-0.586761,0.808883]]],0],[2661,[0.128706,-0.979827,-0.152882],266,58.8075,[-109.777,73.6254,28.4715],[-119.263,76.7646,27.0342],[-33.6311,2.85794,9.57201],false,[-86.6598,42.9105,80.5746],[-104.276,111.901,62.0682],[-127.662,109.727,26.0945],[-124.551,86.0438,22.3992],[-116.767,72.5043,29.3276],[[[0.852685,0.0792034,-0.516386],[0.464322,0.338138,0.818577],[0.239444,-0.937758,0.25155]],[[0.817442,0.192105,-0.543033],[-0.188339,0.980068,0.0632011],[0.54435,0.0506109,0.83733]],[[0.817442,0.192105,-0.543033],[-0.561448,0.0550805,-0.825677],[-0.128706,0.979827,0.152882]],[[0.817442,0.192105,-0.543033],[-0.352425,-0.578895,-0.735307],[-0.455615,0.792449,-0.40551]]],1],[2662,[-0.0889993,-0.994268,0.0592443],266,67.0064,[-101.575,65.0824,25.8544],[-112.27,68.7081,24.1889],[-26.9212,6.28637,11.8333],false,[-75.624,45.0033,75.5298],[-84.0757,110.536,53.1333],[-113.844,107.198,15.371],[-116.375,78.925,17.0557],[-110.364,64.3912,27.3404],[[[0.785463,-0.107032,-0.609584],[0.606938,0.32599,0.724815],[0.12114,-0.939295,0.321015]],[[0.785411,-0.106635,-0.60972],[0.0413229,0.991884,-0.120242],[0.617593,0.0692438,0.783444]],[[0.785411,-0.106635,-0.60972],[-0.612542,0.00773353,-0.7904],[0.0889993,0.994268,-0.0592443]],[[0.785411,-0.106635,-0.60972],[-0.529921,-0.624879,-0.573333],[-0.319864,0.773405,-0.547295]]],2],[2663,[-0.255477,-0.95519,0.14948],266,64.4285,[-87.3841,59.888,24.2702],[-97.7957,63.696,21.7907],[-45.2272,31.3672,-26.147],false,[-65.5748,44.7589,68.467],[-64.9445,102.353,43.8443],[-93.2878,100.537,9.35337],[-100.365,74.0758,13.4943],[-96.818,59.7472,24.9485],[[[0.746725,-0.268358,-0.608593],[0.665057,0.287401,0.689275],[-0.010062,-0.919448,0.393083]],[[0.74618,-0.293117,-0.597744],[0.201971,0.955212,-0.216283],[0.634368,0.040659,0.771961]],[[0.74618,-0.293117,-0.597744],[-0.614774,0.0411712,-0.787628],[0.255477,0.95519,-0.14948]],[[0.74618,-0.293117,-0.597744],[-0.638102,-0.570927,-0.516593],[-0.189846,0.766893,-0.613053]]],3],[2664,[-0.358487,0.66052,-0.659697],266,50.5107,[-71.6062,137.881,-11.3582],[-73.0171,138.133,-11.7094],[-85.0675,60.8298,-8.47017],false,[-58.8958,39.9911,56.8387],[-50.1132,91.8802,32.494],[-60.2736,117.479,10.3182],[-67.2852,130.398,-2.58471],[-74.2479,140.989,-14.266],[[[0.620321,-0.416744,-0.664474],[0.769585,0.159795,0.618227],[-0.151463,-0.894869,0.419844]],[[0.629688,-0.35061,-0.693228],[0.721751,0.594111,0.355116],[0.287347,-0.72395,0.627158]],[[0.629688,-0.35061,-0.693228],[0.689188,0.663917,0.290232],[0.358487,-0.66052,0.659697]],[[0.629688,-0.35061,-0.693228],[0.663566,0.706763,0.245289],[0.403947,-0.614458,0.677693]]],4]],[[0,200,0],[235.247,235.247,147.751]]],[641693,239096820026,[[266,"right",[-0.0324437,0.977672,-0.207616],[-0.502997,-0.195474,-0.841893],[-84.0569,87.0618,52.7721],[-43.9731,75.8671,-26.5571],[-75.3125,78.6961,58.0163],0.650002,0.189493,0.319372,[[0.709018,0.045503,-0.70372],[0.272714,0.902581,0.333128],[0.650323,-0.428108,0.627537]],63.72,[102.039,-81.0651,233.259],[-73.5484,34.5241,63.8234]]],[[2660,[-0.50382,0.765699,-0.399839],266,52.1164,[-141.324,105.214,17.8291],[-142.323,105.732,17.9143],[-78.8703,58.8626,20.0651],false,[-103.492,31.2659,69.6415],[-103.492,31.2659,69.6415],[-125.671,69.3751,46.2419],[-142.849,95.4821,32.6092],[-142.303,109.31,13.7357],[[[0.791105,0.334581,0.512062],[-0.457475,-0.23207,0.858406],[0.406041,-0.913345,-0.0305291]],[[0.589918,0.64312,0.488256],[-0.674227,0.0595944,0.736115],[0.444313,-0.763443,0.468765]],[[0.589918,0.64312,0.488256],[-0.631001,-0.0101208,0.775716],[0.50382,-0.765699,0.399839]],[[0.589918,0.64312,0.488256],[-0.807126,0.487112,0.33357],[-0.0233098,-0.590863,0.806435]]],0],[2661,[0.138622,-0.978813,-0.150696],266,58.8075,[-110.994,74.0654,28.3815],[-120.309,78.3539,27.0696],[-47.7999,44.2934,5.844],false,[-87.0376,44.9276,79.8643],[-105.404,113.858,61.8705],[-129.085,111.206,26.1219],[-125.735,87.5477,22.4795],[-117.759,74.0746,29.3191],[[[0.845971,0.088132,-0.525896],[0.471176,0.338201,0.814625],[0.249653,-0.936938,0.244583]],[[0.810021,0.199607,-0.551383],[-0.200125,0.97793,0.0600247],[0.551195,0.061724,0.83209]],[[0.810021,0.199607,-0.551383],[-0.56978,0.0456335,-0.820529],[-0.138622,0.978813,0.150696]],[[0.810021,0.199607,-0.551383],[-0.354895,-0.581655,-0.731933],[-0.466814,0.788565,-0.400314]]],1],[2662,[-0.079382,-0.995238,0.0565591],266,67.0064,[-102.886,65.6213,25.7215],[-113.454,70.6953,23.9505],[-47.8063,58.8134,-0.603169],false,[-76.078,47.1288,74.7011],[-85.3,112.69,52.6956],[-115.486,109.229,15.2776],[-117.743,80.9277,16.886],[-111.484,66.4065,27.0395],[[[0.77912,-0.098217,-0.619133],[0.612781,0.32758,0.71916],[0.132182,-0.939705,0.315409]],[[0.778996,-0.0973361,-0.619429],[0.0310793,0.992657,-0.116899],[0.626259,0.0718126,0.776301]],[[0.778996,-0.0973361,-0.619429],[-0.621984,0.00511221,-0.783013],[0.079382,0.995238,-0.0565591]],[[0.778996,-0.0973361,-0.619429],[-0.531247,-0.62722,-0.569537],[-0.333081,0.772736,-0.540311]]],2],[2663,[-0.248939,-0.957643,0.144739],266,64.4285,[-88.7715,60.5327,23.9592],[-99.0726,65.8636,21.2472],[-62.1868,78.9622,-32.5479],false,[-66.1101,46.994,67.5211],[-66.2152,104.698,43.1489],[-94.9294,102.882,8.96613],[-101.826,76.3533,12.9757],[-98.0919,61.9499,24.2759],[[[0.741654,-0.259845,-0.61841],[0.670781,0.289603,0.682776],[0.00167739,-0.921201,0.389084]],[[0.741429,-0.284582,-0.607697],[0.193022,0.95779,-0.213029],[0.64267,0.0406472,0.765064]],[[0.741429,-0.284582,-0.607697],[-0.623147,0.0439659,-0.780868],[0.248939,0.957643,-0.144739]],[[0.741429,-0.284582,-0.607697],[-0.640586,-0.569859,-0.514694],[-0.199829,0.770892,-0.604809]]],3],[2664,[-0.369767,0.662146,-0.651794],266,50.5107,[-73.8789,140.268,-11.7995],[-75.1297,140.74,-12.1072],[-106.582,107.027,-15.5316],false,[-59.5301,42.3293,55.795],[-51.436,94.3912,31.5807],[-62.0039,120.05,9.66712],[-69.2361,133.001,-3.08118],[-76.3901,143.619,-14.6219],[[[0.615767,-0.408972,-0.673478],[0.775465,0.163131,0.609953],[-0.139589,-0.897847,0.417594]],[[0.624299,-0.342494,-0.702103],[0.721753,0.596743,0.350672],[0.298872,-0.725669,0.619742]],[[0.624299,-0.342494,-0.702103],[0.688131,0.666528,0.286734],[0.369767,-0.662146,0.651794]],[[0.624299,-0.342494,-0.702103],[0.661806,0.7094,0.242413],[0.415047,-0.615995,0.669542]]],4]],[[0,200,0],[235.247,235.247,147.751]]],[641694,239096835686,[[266,"right",[-0.0551382,0.978408,-0.199194],[-0.500064,-0.199734,-0.84264],[-85.4617,89.5275,51.9501],[-63.544,110.783,-37.6573],[-76.532,79.9976,57.2874],0.609296,0.18516,0.335196,[[0.717429,0.0654899,-0.693546],[0.260112,0.898385,0.353902],[0.646248,-0.434299,0.627493]],63.72,[100.751,-80.1095,231.956],[-73.7361,37.1512,62.5332]]],[[2660,[-0.560971,0.736508,-0.377978],266,52.1164,[-146.34,105.886,18.1442],[-146.743,106.177,17.929],[-197.212,33.0605,16.1664],false,[-103.586,33.1612,68.3763],[-103.586,33.1612,68.3763],[-128.17,70.0563,45.4389],[-147.297,95.1679,32.5515],[-148.202,109.375,13.9757],[[[0.784276,0.34818,0.5135],[-0.450374,-0.249741,0.8572],[0.426702,-0.903549,-0.0390545]],[[0.55534,0.67341,0.487971],[-0.670105,0.0148564,0.742117],[0.4925,-0.73912,0.459506]],[[0.55534,0.67341,0.487971],[-0.613929,-0.0638318,0.786776],[0.560971,-0.736508,0.377978]],[[0.55534,0.67341,0.487971],[-0.830723,0.421902,0.363178],[0.0386922,-0.607056,0.793716]]],0],[2661,[0.164537,-0.975091,-0.148747],266,58.8075,[-112.276,74.6815,28.2249],[-121.335,79.8584,26.5124],[-54.6128,66.4578,-11.3273],false,[-87.4275,47.1074,78.6864],[-107.397,115.751,61.315],[-130.958,112.47,25.5399],[-126.982,88.9018,21.9447],[-118.682,75.6242,28.7817],[[[0.842705,0.111883,-0.526622],[0.464943,0.341925,0.816649],[0.271434,-0.933043,0.236122]],[[0.805322,0.219876,-0.550555],[-0.225135,0.972534,0.059086],[0.548425,0.0763661,0.832705]],[[0.805322,0.219876,-0.550555],[-0.569547,0.0292025,-0.82144],[-0.164537,0.975091,0.148747]],[[0.805322,0.219876,-0.550555],[-0.339863,-0.58969,-0.732638],[-0.485746,0.777123,-0.400163]]],1],[2662,[-0.0545206,-0.997252,0.0501496],266,67.0064,[-104.323,66.4092,25.4803],[-114.458,72.6048,23.1385],[-54.3683,86.1398,-23.1286],false,[-76.5311,49.6019,73.5228],[-87.289,115.12,52.0948],[-117.467,111.146,14.7211],[-119.017,82.788,16.1471],[-112.388,68.3455,26.1775],[[[0.779937,-0.0751432,-0.62133],[0.606565,0.33535,0.720846],[0.154196,-0.939092,0.307131]],[[0.779732,-0.0738943,-0.621738],[0.00603252,0.993852,-0.110555],[0.626085,0.0824526,0.775383]],[[0.779732,-0.0738943,-0.621738],[-0.623736,-0.0052057,-0.781618],[0.0545206,0.997252,-0.0501496]],[[0.779732,-0.0738943,-0.621738],[-0.517274,-0.635516,-0.57319],[-0.352769,0.768543,-0.533756]]],2],[2663,[-0.230048,-0.964085,0.132735],266,64.4285,[-90.3544,61.5366,23.4757],[-100.127,68.2389,20.1875],[-65.6511,111.416,-50.3905],false,[-66.5769,49.7557,66.3242],[-68.0457,107.647,42.4463],[-96.7657,105.543,8.28494],[-103.139,78.8359,11.962],[-99.1291,64.3565,23.0689],[[[0.746168,-0.237584,-0.621922],[0.665344,0.299017,0.684036],[0.0234491,-0.924198,0.381192]],[[0.746529,-0.262321,-0.611459],[0.171766,0.96383,-0.203782],[0.642799,0.0471012,0.764585]],[[0.746529,-0.262321,-0.611459],[-0.624318,0.0415748,-0.780063],[0.230048,0.964085,-0.132735]],[[0.746529,-0.262321,-0.611459],[-0.629798,-0.574996,-0.52224],[-0.214592,0.774962,-0.594461]]],3],[2664,[-0.38401,0.661148,-0.64453],266,50.5107,[-76.9345,143.977,-12.2171],[-77.7815,144.053,-12.4344],[-133.014,152.555,-17.3717],false,[-59.9153,45.3423,54.547],[-53.0581,97.7793,30.7643],[-64.1872,123.432,9.12326],[-71.698,136.364,-3.48297],[-79.0785,146.955,-14.9052],[[[0.623607,-0.389072,-0.678039],[0.772742,0.175591,0.60995],[-0.118257,-0.904318,0.410151]],[[0.630567,-0.322131,-0.706128],[0.709452,0.608177,0.356089],[0.314743,-0.725501,0.612033]],[[0.630567,-0.322131,-0.706128],[0.674479,0.67758,0.293197],[0.38401,-0.661148,0.64453]],[[0.630567,-0.322131,-0.706128],[0.647334,0.72021,0.249509],[0.428186,-0.614433,0.662668]]],4]],[[0,200,0],[235.247,235.247,147.751]]],[641695,239096851571,[[266,"right",[-0.0758225,0.978676,-0.190902],[-0.493266,-0.203201,-0.845812],[-86.1416,92.032,50.8926],[-54.5721,131.061,-50.1632],[-77.9576,81.7829,56.3387],0.581055,0.180937,0.348838,[[0.727333,0.0852585,-0.680969],[0.246795,0.893381,0.375451],[0.640374,-0.441137,0.628744]],63.72,[99.5905,-79.2746,230.819],[-73.3106,39.8324,61.0579]]],[[2660,[-0.598775,0.713248,-0.364343],266,52.1164,[-150.625,106.464,17.66],[-149.516,106.882,17.2421],[-196.995,30.2824,-8.3616],false,[-103.083,35.145,66.7778],[-103.083,35.145,66.7778],[-129.283,71.1052,44.1464],[-149.698,95.4238,31.7239],[-151.543,109.848,13.3865],[[[0.775099,0.360634,0.51881],[-0.447222,-0.266897,0.853673],[0.446333,-0.893705,-0.0455881]],[[0.526198,0.693283,0.492417],[-0.66905,-0.0198892,0.742951],[0.52487,-0.720391,0.453375]],[[0.526198,0.693283,0.492417],[-0.603808,-0.10313,0.79043],[0.598775,-0.713248,0.364343]],[[0.526198,0.693283,0.492417],[-0.846702,0.37348,0.378958],[0.0788173,-0.616337,0.783529]]],0],[2661,[0.188919,-0.970622,-0.149004],266,58.8075,[-113.441,75.4604,27.945],[-121.549,81.5357,25.4764],[-36.486,83.9707,-34.5119],false,[-87.2598,49.3484,77.2558],[-108.667,117.691,60.4185],[-131.957,113.928,24.5134],[-127.391,90.4672,20.912],[-118.822,77.3629,27.7507],[[[0.841535,0.134714,-0.523136],[0.455137,0.344817,0.820945],[0.290979,-0.928953,0.228862]],[[0.802747,0.240043,-0.545872],[-0.24843,0.966802,0.0598088],[0.542107,0.0875996,0.835731]],[[0.802747,0.240043,-0.545872],[-0.565603,0.0164863,-0.824513],[-0.188919,0.970622,0.149004]],[[0.802747,0.240043,-0.545872],[-0.322593,-0.59508,-0.73608],[-0.501529,0.766981,-0.400262]]],1],[2662,[-0.0295541,-0.998557,0.0448457],266,67.0064,[-105.656,67.3905,25.1002],[-114.56,74.4908,22.0037],[-33.2897,99.7144,-44.4301],false,[-76.4058,52.1235,72.1462],[-88.5248,117.577,51.2529],[-118.505,112.985,13.7915],[-119.346,84.5901,15.0667],[-112.406,70.2317,25.0071],[[[0.783108,-0.0527994,-0.619641],[0.597134,0.342149,0.72551],[0.173703,-0.938161,0.299468]],[[0.782777,-0.0510215,-0.620207],[-0.0194276,0.994144,-0.106304],[0.621999,0.0952611,0.777202]],[[0.782777,-0.0510215,-0.620207],[-0.6216,-0.0167745,-0.783155],[0.0295541,0.998557,-0.0448457]],[[0.782777,-0.0510215,-0.620207],[-0.500871,-0.643111,-0.579255],[-0.369308,0.764071,-0.528968]]],2],[2663,[-0.212817,-0.969763,0.11945],266,64.4285,[-91.9194,62.8945,22.7789],[-100.335,70.6826,18.8122],[-44.2498,130.922,-68.647],false,[-66.4374,52.5558,64.9788],[-69.097,110.607,41.5973],[-97.6588,108.246,7.32028],[-103.554,81.3821,10.6293],[-99.3385,66.8248,21.5566],[[[0.752876,-0.215923,-0.621735],[0.656791,0.307422,0.688562],[0.0424583,-0.926752,0.373267]],[[0.753745,-0.240731,-0.611488],[0.152369,0.969152,-0.19372],[0.639259,0.052844,0.767174]],[[0.753745,-0.240731,-0.611488],[-0.621753,0.0401005,-0.782186],[0.212817,0.969763,-0.11945]],[[0.753745,-0.240731,-0.611488],[-0.617218,-0.5788,-0.532946],[-0.225633,0.779127,-0.584851]]],3],[2664,[-0.394669,0.660275,-0.638963],266,50.5107,[-78.8638,147.685,-12.7411],[-79.3694,147.378,-12.9428],[-118.468,177.798,-23.1734],false,[-59.6488,48.3905,53.1837],[-53.8662,101.169,29.875],[-65.4307,126.819,8.45967],[-73.1499,139.733,-4.03768],[-80.6951,150.299,-15.3746],[[[0.633791,-0.369541,-0.679521],[0.767049,0.187003,0.613731],[-0.0997259,-0.910203,0.401977]],[[0.639382,-0.302066,-0.707069],[0.695862,0.618495,0.365022],[0.327058,-0.72541,0.605651]],[[0.639382,-0.302066,-0.707069],[0.659869,0.6876,0.302952],[0.394669,-0.660275,0.638963]],[[0.639382,-0.302066,-0.707069],[0.632122,0.730042,0.25973],[0.437735,-0.613021,0.657719]]],4]],[[0,200,0],[235.247,235.247,147.751]]],[641696,239096866556,[[266,"right",[-0.101662,0.979211,-0.17553],[-0.514666,-0.202766,-0.833069],[-84.7596,93.7567,50.1862],[6.20431,124.45,-48.9109],[-78.997,83.6126,55.3985],0.566673,0.175921,0.349088,[[0.737807,0.088454,-0.669191],[0.244269,0.889202,0.38685],[0.629264,-0.448883,0.634453]],63.72,[99.3444,-79.4863,230.567],[-70.557,41.7122,59.265]]],[[2660,[-0.633293,0.698817,-0.332558],266,52.1164,[-151.764,106.814,19.1248],[-150.283,107.322,18.8888],[-136.917,26.7001,41.8159],false,[-100.038,36.3325,65.8233],[-100.038,36.3325,65.8233],[-128.006,71.7619,44.5096],[-149.599,95.5885,33.1708],[-152.583,110.22,15.1502],[[[0.783072,0.370163,0.499778],[-0.415314,-0.286926,0.863243],[0.462939,-0.883546,-0.0709497]],[[0.52114,0.702752,0.484307],[-0.643799,-0.0488419,0.763634],[0.560299,-0.709757,0.426978]],[[0.52114,0.702752,0.484307],[-0.572148,-0.133399,0.809229],[0.633293,-0.698817,0.332558]],[[0.52114,0.702752,0.484307],[-0.843896,0.339531,0.415402],[0.127487,-0.625187,0.769992]]],0],[2661,[0.20624,-0.964955,-0.162254],266,58.8075,[-114.295,76.2756,27.7547],[-120.568,82.6457,25.867],[6.54046,80.6032,-10.4235],false,[-84.1956,50.7297,76.0034],[-107.504,118.818,60.7305],[-131.731,114.827,25.4759],[-126.746,91.5034,21.5542],[-117.702,78.5293,28.0195],[[[0.822187,0.158843,-0.546605],[0.472902,0.343858,0.81125],[0.316816,-0.925489,0.207598]],[[0.781202,0.262226,-0.566534],[-0.267807,0.960525,0.0753072],[0.563918,0.0928913,0.82059]],[[0.781202,0.262226,-0.566534],[-0.589227,0.00991115,-0.807907],[-0.20624,0.964955,0.162254]],[[0.781202,0.262226,-0.566534],[-0.330977,-0.595487,-0.732017],[-0.529318,0.759363,-0.378405]]],1],[2662,[-0.0039466,-0.999335,0.036257],266,67.0064,[-106.652,68.397,24.7839],[-113.542,75.733,22.1029],[9.66062,92.1506,-24.2443],false,[-73.5623,53.7951,70.604],[-87.6534,119.24,50.9571],[-118.657,114.188,14.3983],[-118.769,85.7708,15.4293],[-111.207,71.4641,24.9829],[[[0.764685,-0.0286163,-0.643768],[0.611935,0.34536,0.711521],[0.20197,-0.938034,0.281603]],[[0.764206,-0.0263987,-0.644432],[-0.0475164,0.994142,-0.0970722],[0.64322,0.104804,0.758475]],[[0.764206,-0.0263987,-0.644432],[-0.64496,-0.0251645,-0.763802],[0.0039466,0.999335,-0.036257]],[[0.764206,-0.0263987,-0.644432],[-0.50404,-0.647838,-0.571182],[-0.402409,0.76132,-0.508388]]],2],[2663,[-0.191951,-0.975257,0.109677],266,64.4285,[-93.1253,64.3342,22.0806],[-99.5591,72.498,18.1966],[-5.34449,127.748,-59.3025],false,[-63.8289,54.5258,63.1436],[-68.3916,112.8,40.6248],[-97.9288,110.326,7.19273],[-103.246,83.3092,10.231],[-98.463,68.6479,20.7789],[[[0.737752,-0.192297,-0.647105],[0.671131,0.312354,0.672323],[0.0728404,-0.930299,0.359496]],[[0.739441,-0.217199,-0.637222],[0.127238,0.974556,-0.184532],[0.661088,0.0553715,0.748262]],[[0.739441,-0.217199,-0.637222],[-0.645276,0.0412157,-0.762836],[0.191951,0.975257,-0.109677]],[[0.739441,-0.217199,-0.637222],[-0.622645,-0.580579,-0.524634],[-0.256007,0.784699,-0.564542]]],3],[2664,[-0.425237,0.662317,-0.616855],266,50.5107,[-80.4578,150.555,-12.8415],[-80.9599,150.159,-13.0296],[-112.743,181.87,-15.7553],false,[-57.3208,50.6523,51.0938],[-53.3368,103.83,28.3216],[-66.0012,129.568,7.64708],[-74.3183,142.522,-4.41786],[-82.3825,153.118,-15.3634],[[[0.620124,-0.347625,-0.70328],[0.781489,0.195217,0.592592],[-0.0687072,-0.917086,0.392724]],[[0.623487,-0.279678,-0.730099],[0.694969,0.626049,0.353668],[0.358164,-0.727904,0.584701]],[[0.623487,-0.279678,-0.730099],[0.656077,0.695066,0.294017],[0.425237,-0.662317,0.616855]],[[0.623487,-0.279678,-0.730099],[0.626407,0.737492,0.252427],[0.467844,-0.614724,0.635009]]],4]],[[0,200,0],[235.247,235.247,147.751]]],[641697,239096880649,[[266,"right",[-0.116209,0.979844,-0.162486],[-0.536685,-0.199602,-0.819834],[-83.8376,95.8832,49.4618],[29.6025,134.897,-49.8944],[-79.7756,85.5862,54.4437],0.558075,0.169734,0.350644,[[0.743799,0.0841828,-0.663081],[0.248453,0.886135,0.391198],[0.620512,-0.455717,0.63819]],63.72,[98.665,-79.1482,229.904],[-68.8731,43.8955,57.5924]]],[[2660,[-0.653814,0.692527,-0.30485],266,52.1164,[-152.285,108.105,20.4886],[-150.824,108.895,20.3424],[-96.8376,58.9619,66.9594],false,[-98.0971,38.1567,64.9469],[-98.0971,38.1567,64.9469],[-127.188,73.3851,44.8367],[-149.481,96.9973,34.4427],[-153.267,111.783,16.7004],[[[0.79365,0.372976,0.480634],[-0.387235,-0.299627,0.871936],[0.469222,-0.87813,-0.0933696]],[[0.525385,0.705437,0.475741],[-0.619943,-0.0655943,0.7819],[0.582787,-0.705731,0.402868]],[[0.525385,0.705437,0.475741],[-0.544515,-0.150882,0.825068],[0.653814,-0.692527,0.30485]],[[0.525385,0.705437,0.475741],[-0.83534,0.321322,0.446048],[0.161793,-0.631752,0.758098]]],0],[2661,[0.212498,-0.961526,-0.174103],266,58.8075,[-114.998,77.2715,27.6238],[-120.114,84.5001,26.1899],[17.04,101.397,1.72741],false,[-82.106,52.6095,74.8104],[-106.507,120.61,60.9166],[-131.656,116.581,26.318],[-126.52,93.3407,22.1099],[-117.164,80.419,28.2256],[[[0.804366,0.172472,-0.56855],[0.492938,0.34048,0.800678],[0.331674,-0.924298,0.188853]],[[0.762305,0.274591,-0.586081],[-0.27609,0.956978,0.0892586],[0.585376,0.0937688,0.805321]],[[0.762305,0.274591,-0.586081],[-0.611339,0.00817878,-0.791327],[-0.212498,0.961526,0.174103]],[[0.762305,0.274591,-0.586081],[-0.34496,-0.593817,-0.7269],[-0.547625,0.756294,-0.357947]]],1],[2662,[0.00685581,-0.999637,0.0260408],266,67.0064,[-107.52,69.6235,24.4801],[-113.23,77.8055,22.0581],[14.8824,114.295,-17.2868],false,[-71.6644,55.8344,69.1367],[-86.9545,121.327,50.5769],[-118.957,116.304,14.8853],[-118.762,87.878,15.6258],[-110.79,73.5471,24.8028],[[[0.745883,-0.0145775,-0.665918],[0.628991,0.344361,0.696983],[0.219156,-0.938724,0.266022]],[[0.745337,-0.0122527,-0.666575],[-0.0603948,0.994479,-0.0858112],[0.663946,0.104216,0.740483]],[[0.745337,-0.0122527,-0.666575],[-0.666652,-0.0239791,-0.744983],[-0.00685581,0.999637,-0.0260408]],[[0.745337,-0.0122527,-0.666575],[-0.514317,-0.646748,-0.5632],[-0.424205,0.762605,-0.488348]]],2],[2663,[-0.1815,-0.978024,0.102602],266,64.4285,[-94.1741,65.9903,21.3605],[-99.4155,74.7726,17.638],[-0.0169935,141.725,-53.0812],false,[-62.1596,56.7364,61.4053],[-67.9399,115.183,39.6253],[-98.4079,112.781,7.03393],[-103.436,85.6879,9.87621],[-98.2574,70.923,20.0877],[[[0.720451,-0.178477,-0.670147],[0.687339,0.31234,0.65575],[0.092277,-0.933054,0.3477]],[[0.722665,-0.203412,-0.66059],[0.112868,0.977616,-0.177559],[0.681921,0.0537562,0.729447]],[[0.722665,-0.203412,-0.66059],[-0.666943,0.0457503,-0.743702],[0.1815,0.978024,-0.102602]],[[0.722665,-0.203412,-0.66059],[-0.633198,-0.57805,-0.514703],[-0.277157,0.790242,-0.546536]]],3],[2664,[-0.446851,0.666959,-0.59623],266,50.5107,[-81.7679,153.529,-12.9877],[-82.2845,153.096,-13.1882],[-104.457,193.259,-13.6716],false,[-55.9675,53.0481,49.1329],[-53.163,106.486,26.7999],[-66.5834,132.385,6.8141],[-75.3233,145.43,-4.84744],[-83.7619,156.106,-15.4269],[[[0.602751,-0.334406,-0.724475],[0.796463,0.197109,0.57166],[-0.0483659,-0.921586,0.38515]],[[0.604674,-0.266005,-0.75074],[0.700224,0.626717,0.341925],[0.379547,-0.732439,0.565223]],[[0.604674,-0.266005,-0.75074],[0.659313,0.695994,0.284428],[0.446851,-0.666958,0.59623]],[[0.604674,-0.266005,-0.75074],[0.628245,0.73867,0.244283],[0.489568,-0.619361,0.613771]]],4]],[[0,200,0],[235.247,235.247,147.751]]],[641698,239096894472,[[266,"right",[-0.127372,0.980127,-0.152079],[-0.554258,-0.197489,-0.808577],[-83.2312,98.7676,48.4044],[35.1535,163.609,-60.2485],[-80.4139,88.0212,53.3281],0.551834,0.162519,0.356286,[[0.744651,0.0823098,-0.662359],[0.250536,0.885335,0.391681],[0.618649,-0.457611,0.638644]],63.72,[99.3464,-76.7185,228.211],[-67.6887,46.8364,55.777]]],[[2660,[-0.668744,0.687657,-0.282684],266,52.1164,[-152.701,110.25,21.3055],[-151.285,111.338,21.0553],[-70.7433,104.094,61.5641],false,[-96.6879,40.8165,63.7687],[-96.6879,40.8165,63.7687],[-126.618,75.8865,44.6353],[-149.419,99.3325,34.9971],[-153.821,114.225,17.4881],[[[0.801878,0.375418,0.464815],[-0.364396,-0.309238,0.878401],[0.473506,-0.873747,-0.11117]],[[0.529265,0.707331,0.468574],[-0.600319,-0.0780805,0.79594],[0.59958,-0.702557,0.383299]],[[0.529265,0.707331,0.468574],[-0.522169,-0.163741,0.836976],[0.668744,-0.687657,0.282684]],[[0.529265,0.707331,0.468574],[-0.827348,0.307831,0.469825],[0.188081,-0.636335,0.748133]]],0],[2661,[0.217059,-0.958779,-0.183382],266,58.8075,[-115.665,78.7184,27.4534],[-119.858,87.1498,25.9909],[17.7695,137.236,-5.43887],false,[-80.5792,55.3167,73.3674],[-105.811,123.23,60.5791],[-131.691,119.153,26.5292],[-126.445,95.9793,22.0968],[-116.847,83.1041,27.93],[[[0.789478,0.182999,-0.585863],[0.509013,0.338167,0.791548],[0.342971,-0.923122,0.173827]],[[0.74665,0.284083,-0.601507],[-0.282233,0.954092,0.100269],[0.602378,0.0948993,0.79255]],[[0.74665,0.284083,-0.601507],[-0.628808,0.00635983,-0.777535],[-0.217059,0.958779,0.183382]],[[0.74665,0.284083,-0.601507],[-0.356289,-0.592815,-0.722239],[-0.561758,0.75357,-0.34141]]],1],[2662,[0.015038,-0.999725,0.0180175],266,67.0064,[-108.378,71.3598,24.0808],[-113.109,80.64,21.5671],[12.7566,149.954,-25.3983],false,[-70.2982,58.6652,67.4762],[-86.5128,124.178,49.7904],[-119.305,119.162,14.8217],[-118.877,90.7332,15.3341],[-110.587,76.3907,24.2055],[[[0.730137,-0.00374959,-0.68329],[0.642562,0.343887,0.68473],[0.232407,-0.939003,0.253494]],[[0.729542,-0.00135235,-0.683935],[-0.0701904,0.99457,-0.0768374],[0.680325,0.104062,0.725485]],[[0.729542,-0.00135235,-0.683935],[-0.683771,-0.0234295,-0.72932],[-0.015038,0.999725,-0.0180175]],[[0.729542,-0.00135235,-0.683935],[-0.522634,-0.646132,-0.556208],[-0.44116,0.763225,-0.472087]]],2],[2663,[-0.17419,-0.979969,0.0965335],266,64.4285,[-95.1994,68.1572,20.483],[-99.4638,77.7483,16.725],[-2.36601,170.888,-59.5652],false,[-60.9846,59.6994,59.5316],[-67.7147,118.264,38.3492],[-98.9176,115.899,6.45793],[-103.743,88.7517,9.1321],[-98.2742,73.8971,19.058],[[[0.705849,-0.167804,-0.688199],[0.700166,0.312632,0.641894],[0.107441,-0.934935,0.338162]],[[0.708476,-0.192807,-0.678887],[0.101688,0.979808,-0.172149],[0.69837,0.0529287,0.713777]],[[0.708476,-0.192807,-0.678887],[-0.6839,0.0498635,-0.727869],[0.17419,0.979969,-0.0965335]],[[0.708476,-0.192807,-0.678887],[-0.642176,-0.575086,-0.506838],[-0.292697,0.795048,-0.531251]]],3],[2664,[-0.462554,0.671356,-0.579072],266,50.5107,[-82.8665,157.11,-13.5187],[-83.4076,156.642,-13.7422],[-94.3034,218.92,-23.6515],false,[-55.0545,56.1525,47.0893],[-53.1777,109.779,25.114],[-67.1504,135.821,5.70078],[-76.1974,148.952,-5.62517],[-84.9077,159.706,-15.9003],[[[0.588085,-0.324218,-0.740971],[0.808151,0.198891,0.554377],[-0.0323669,-0.924838,0.378982]],[[0.588876,-0.255615,-0.766737],[0.705032,0.626296,0.33269],[0.395164,-0.736488,0.549028]],[[0.588876,-0.255615,-0.766737],[0.662773,0.695659,0.27711],[0.462554,-0.671356,0.579072]],[[0.588876,-0.255615,-0.766737],[0.630762,0.738498,0.238243],[0.505335,-0.623924,0.596116]]],4]],[[0,200,0],[235.247,235.247,147.751]]],[641699,239096907966,[[266,"right",[-0.141986,0.97851,-0.149526],[-0.560354,-0.203977,-0.802744],[-82.8124,102.231,47.4199],[33.5824,199.145,-65.105],[-80.9484,91.1876,52.0115],0.549066,0.153211,0.362059,[[0.743417,0.088986,-0.662882],[0.247983,0.883794,0.396753],[0.621156,-0.459336,0.634961]],63.72,[101.208,-73.5184,226.001],[-66.5043,50.5024,54.5618]]],[[2660,[-0.67597,0.67905,-0.286278],266,52.1164,[-152.307,112.752,20.4079],[-151.136,113.761,20.2094],[-27.3321,133.633,1.66282],false,[-95.3326,44.0903,62.8608],[-95.3326,44.0903,62.8608],[-125.621,78.7351,43.5193],[-148.669,101.888,33.7585],[-153.293,116.641,16.189],[[[0.801842,0.385531,0.456525],[-0.350696,-0.314954,0.881939],[0.483799,-0.867277,-0.117339]],[[0.522641,0.715627,0.463385],[-0.59889,-0.0786647,0.796959],[0.606777,-0.694039,0.387468]],[[0.522641,0.715627,0.463385],[-0.51953,-0.163614,0.838641],[0.67597,-0.67905,0.286278]],[[0.522641,0.715627,0.463385],[-0.829346,0.300806,0.470851],[0.197565,-0.630392,0.750716]]],0],[2661,[0.233226,-0.956614,-0.174626],266,58.8075,[-116.201,80.6779,27.2306],[-119.233,89.7819,25.6845],[29.913,158.624,-10.9213],false,[-79.3139,58.7927,72.3012],[-105.581,126.379,59.868],[-131.6,121.554,26.023],[-125.963,98.4318,21.8022],[-116.122,85.7577,27.6712],[[[0.780569,0.194056,-0.594184],[0.513067,0.344061,0.786374],[0.357036,-0.918675,0.168999]],[[0.737973,0.291061,-0.608835],[-0.29768,0.950088,0.0933811],[0.605626,0.112325,0.787782]],[[0.737973,0.291061,-0.608835],[-0.633247,-0.013127,-0.773838],[-0.233226,0.956614,0.174626]],[[0.737973,0.291061,-0.608835],[-0.351653,-0.604166,-0.715069],[-0.575966,0.7418,-0.343506]]],1],[2662,[0.0285067,-0.999456,0.0166109],266,67.0064,[-109.162,73.7643,23.5317],[-112.725,83.7062,20.897],[18.9426,180.004,-35.2528],false,[-69.1428,62.2834,66.3026],[-86.4149,127.593,48.8715],[-119.515,122.164,14.2568],[-118.704,93.7426,14.7292],[-110.131,79.4982,23.489],[[[0.72265,0.00663926,-0.691182],[0.645359,0.351662,0.678119],[0.247565,-0.936104,0.249844]],[[0.721998,0.00909473,-0.691835],[-0.0844686,0.993593,-0.0750898],[0.686719,0.112653,0.71814]],[[0.721998,0.00909473,-0.691835],[-0.691307,-0.031715,-0.721864],[-0.0285067,0.999456,-0.0166109]],[[0.721998,0.00909473,-0.691835],[-0.520173,-0.652188,-0.551426],[-0.456222,0.758003,-0.466148]]],2],[2663,[-0.162368,-0.982154,0.0949252],266,64.4285,[-96.1233,70.9719,19.4313],[-99.1761,80.9924,15.8346],[5.8538,197.784,-63.1411],false,[-59.9306,63.4491,58.2586],[-67.6656,121.941,37.2198],[-99.1787,119.205,5.66507],[-103.677,91.997,8.29469],[-97.9585,77.1563,18.1002],[[[0.700485,-0.157717,-0.696022],[0.702903,0.321218,0.634623],[0.123483,-0.93378,0.335868]],[[0.703543,-0.182685,-0.686771],[0.0869583,0.981262,-0.17194],[0.705313,0.0612466,0.706246]],[[0.703543,-0.182685,-0.686771],[-0.691856,0.044726,-0.720649],[0.162368,0.982154,-0.0949252]],[[0.703543,-0.182685,-0.686771],[-0.641376,-0.579409,-0.502913],[-0.306047,0.794299,-0.524809]]],3],[2664,[-0.473606,0.670129,-0.571511],266,50.5107,[-83.6372,160.911,-14.3074],[-84.2111,160.388,-14.5562],[-79.7329,242.902,-37.1523],false,[-54.0897,59.9941,45.7484],[-53.1623,113.664,23.8175],[-67.5509,139.664,4.65337],[-76.8141,152.77,-6.52469],[-85.7078,163.502,-16.6654],[[[0.584235,-0.315624,-0.747697],[0.811427,0.209009,0.545804],[-0.0159936,-0.925579,0.378216]],[[0.583837,-0.246962,-0.773398],[0.702528,0.631147,0.328798],[0.406927,-0.735298,0.541985]],[[0.583837,-0.246962,-0.773398],[0.659418,0.699955,0.274283],[0.473606,-0.670129,0.571511]],[[0.583837,-0.246962,-0.773398],[0.626826,0.742532,0.236084],[0.515969,-0.622621,0.58832]]],4]],[[0,200,0],[235.247,235.247,147.751]]],[641700,239096921657,[[266,"right",[-0.190234,0.9671,-0.168905],[-0.515271,-0.244801,-0.821321],[-83.992,108.012,46.1111],[-12.6806,285.35,-76.8854],[-81.9295,96.611,50.1095],0.564505,0.140143,0.385712,[[0.752142,0.140363,-0.64388],[0.216598,0.870116,0.442699],[0.622389,-0.472436,0.624048]],63.72,[102.922,-70.184,223.12],[-65.1235,57.3737,54.6265]]],[[2660,[-0.683069,0.640056,-0.351774],266,52.1164,[-151.136,114.083,15.6928],[-150.39,115.159,14.216],[30.6433,124.418,-193.766],false,[-93.8601,49.4473,61.868],[-93.8601,49.4473,61.868],[-124.172,82.1504,39.4304],[-147.462,103.974,27.4364],[-151.471,117.97,9.11287],[[[0.760014,0.43552,0.482391],[-0.367846,-0.323647,0.871747],[0.535787,-0.839985,-0.0857721]],[[0.460262,0.751215,0.473112],[-0.64762,-0.0804107,0.757708],[0.607245,-0.655142,0.449492]],[[0.460262,0.751215,0.473112],[-0.567076,-0.16126,0.807725],[0.683069,-0.640056,0.351774]],[[0.460262,0.751215,0.473112],[-0.871099,0.279311,0.403946],[0.171305,-0.598048,0.782939]]],0],[2661,[0.290753,-0.948075,-0.128908],266,58.8075,[-116.563,83.3188,26.5724],[-118.546,92.8138,23.6677],[37.271,183.086,-58.6347],false,[-79.0807,65.1407,71.7254],[-108.556,130.987,57.304],[-132.553,123.845,22.3911],[-125.526,100.93,19.2754],[-115.382,88.9578,26.0359],[[[0.791844,0.230607,-0.565513],[0.460939,0.381793,0.801105],[0.400649,-0.895017,0.196025]],[[0.752783,0.309831,-0.580795],[-0.348327,0.936147,0.0479225],[0.558558,0.166231,0.812638]],[[0.752783,0.309831,-0.580795],[-0.590576,-0.0718286,-0.803779],[-0.290753,0.948075,0.128908]],[[0.752783,0.309831,-0.580795],[-0.284367,-0.64267,-0.711414],[-0.593678,0.700699,-0.395686]]],1],[2662,[0.0809511,-0.996318,0.0282341],266,67.0064,[-109.696,77.0856,22.38],[-111.754,87.3266,18.6328],[37.2307,213.5,-87.4714],false,[-68.8867,69.1268,66.0853],[-89.0601,133.147,47.0587],[-120.372,125.338,11.2557],[-118.07,97.0066,12.0586],[-109.142,83.2654,21.2567],[[[0.748434,0.0390785,-0.662057],[0.596858,0.39554,0.698075],[0.28915,-0.917617,0.272712]],[[0.747525,0.0419509,-0.662908],[-0.138556,0.985898,-0.0938517],[0.649622,0.162006,0.742796]],[[0.747525,0.0419509,-0.662908],[-0.659282,-0.0747688,-0.748169],[-0.0809511,0.996318,-0.0282341]],[[0.747525,0.0419509,-0.662908],[-0.464204,-0.680841,-0.566543],[-0.475102,0.731229,-0.489472]]],2],[2663,[-0.1123,-0.988535,0.10093],266,64.4285,[-96.6765,75.142,17.8705],[-97.8982,85.4765,14.1704],[39.7562,248.027,-86.3152],false,[-59.4371,70.7135,58.3965],[-69.57,128.421,36.2399],[-99.583,123.537,3.50393],[-102.694,96.153,6.29989],[-96.5877,81.7439,16.5069],[[[0.73569,-0.126312,-0.665437],[0.657718,0.367868,0.657328],[0.161765,-0.921259,0.353715]],[[0.739765,-0.150987,-0.655706],[0.0389539,0.982474,-0.182283],[0.671736,0.109305,0.732682]],[[0.739765,-0.150987,-0.655706],[-0.663427,-0.00102853,-0.74824],[0.1123,0.988535,-0.10093]],[[0.739765,-0.150987,-0.655706],[-0.588165,-0.618425,-0.521164],[-0.326816,0.771202,-0.546295]]],3],[2664,[-0.481618,0.64155,-0.59704],266,50.5107,[-85.2214,166.14,-16.2309],[-85.8485,165.57,-16.5606],[-94.4631,298.21,-78.2206],false,[-52.9128,67.4437,46.1777],[-54.0988,120.815,23.541],[-68.944,145.915,3.54461],[-78.3639,158.463,-8.13279],[-87.3404,168.666,-18.7357],[[[0.630613,-0.291123,-0.719427],[0.775828,0.260898,0.574476],[0.0204537,-0.920424,0.390387]],[[0.627441,-0.223206,-0.745987],[0.655784,0.668028,0.351692],[0.41984,-0.709872,0.565523]],[[0.627441,-0.223206,-0.745987],[0.611852,0.733888,0.295035],[0.481618,-0.64155,0.59704]],[[0.627441,-0.223206,-0.745987],[0.578886,0.774454,0.25517],[0.520778,-0.591945,0.615135]]],4]],[[0,200,0],[235.247,235.247,147.751]]],[641701,239096934801,[[266,"right",[-0.205804,0.961853,-0.180232],[-0.488353,-0.260549,-0.832842],[-84.0063,112.105,45.1146],[-8.34286,295.09,-76.4831],[-82.7635,102.833,48.1037],0.591289,0.13104,0.396835,[[0.75531,0.16511,-0.634228],[0.202597,0.861518,0.465556],[0.623266,-0.480131,0.617262]],63.72,[103.963,-67.7097,221.117],[-64.3189,61.9258,54.4557]]],[[2660,[-0.653258,0.64043,-0.403861],266,52.1164,[-148.486,116.539,11.528],[-147.443,118.19,9.88215],[129.993,177.003,-254.307],false,[-93.0646,53.4433,60.9973],[-93.0646,53.4433,60.9973],[-122.355,85.9397,36.9593],[-144.628,107.775,23.1894],[-147.263,121.357,4.31254],[[[0.737882,0.454285,0.499155],[-0.383774,-0.325964,0.863982],[0.555201,-0.829079,-0.0661804]],[[0.443069,0.755893,0.481992],[-0.67778,-0.0694589,0.731976],[0.586774,-0.651,0.481554]],[[0.443069,0.755893,0.481992],[-0.613958,-0.135927,0.777547],[0.653258,-0.64043,0.403861]],[[0.443069,0.755893,0.481992],[-0.88939,0.303105,0.342217],[0.112585,-0.580305,0.80658]]],0],[2661,[0.309709,-0.944995,-0.105189],266,58.8075,[-116.641,86.4469,25.6053],[-117.593,95.8589,22.1456],[47.9623,203.056,-78.3801],false,[-78.8782,69.5027,71.1327],[-109.328,134.627,55.5099],[-132.121,126.674,19.9713],[-124.635,103.833,17.4288],[-114.524,92.1268,24.686],[[[0.801437,0.243699,-0.546177],[0.431732,0.396246,0.810307],[0.413891,-0.885212,0.212353]],[[0.765889,0.313496,-0.561368],[-0.363253,0.931368,0.0245269],[0.530529,0.185134,0.827203]],[[0.765889,0.313496,-0.561368],[-0.563467,-0.0932977,-0.820854],[-0.309709,0.944995,0.105189]],[[0.765889,0.313496,-0.561368],[-0.251452,-0.65751,-0.710248],[-0.591765,0.685129,-0.42475]]],1],[2662,[0.093434,-0.995257,0.0270717],266,67.0064,[-109.891,80.7366,20.8558],[-110.753,90.4704,16.8369],[46.9516,223.962,-111.269],false,[-68.6249,73.6671,65.734],[-89.619,137.133,45.7627],[-119.821,128.468,9.21064],[-117.164,100.167,9.98046],[-108.334,86.4431,19.2989],[[[0.764566,0.050718,-0.642547],[0.569991,0.41221,0.710769],[0.300913,-0.909676,0.286253]],[[0.763421,0.0541623,-0.643627],[-0.156779,0.982216,-0.103304],[0.626585,0.179772,0.758336]],[[0.763421,0.0541623,-0.643627],[-0.639108,-0.0808037,-0.764861],[-0.093434,0.995257,-0.0270717]],[[0.763421,0.0541623,-0.643627],[-0.44318,-0.680981,-0.582972],[-0.469872,0.730296,-0.495871]]],2],[2663,[-0.0946933,-0.990054,0.104051],266,64.4285,[-96.6851,79.8858,16.1404],[-96.6114,89.0708,12.96],[61.6427,257.657,-88.6792],false,[-59.0119,75.4046,58.2841],[-69.7579,132.751,35.4877],[-98.7943,127.037,2.01377],[-101.417,99.6107,4.8962],[-95.292,85.3841,15.3449],[[[0.755356,-0.114921,-0.645159],[0.632462,0.385572,0.671808],[0.171551,-0.915493,0.363927]],[[0.759682,-0.139414,-0.635175],[0.02322,0.981941,-0.187755],[0.64988,0.127885,0.749201]],[[0.759682,-0.139414,-0.635175],[-0.643363,-0.0188993,-0.765328],[0.0946933,0.990054,-0.104051]],[[0.759682,-0.139414,-0.635175],[-0.561607,-0.633077,-0.532739],[-0.327843,0.761431,-0.559234]]],3],[2664,[-0.475798,0.631486,-0.612243],266,50.5107,[-84.6611,170.063,-17.5255],[-85.2174,169.456,-17.8714],[-40.8643,298.387,-85.6375