{"metadata":{"formatVersion":2,"generatedBy":"LeapJS Playback 0.2.1","frames":139,"protocolVersion":6,"serviceVersion":"2.2.5+26752","frameRate":"84","modified":"Sun Apr 19 2015 12:56:20 GMT-0300 (E. South America Standard Time)"},"frames":[["id","timestamp",{"hands":[["id","type","direction","palmNormal","palmPosition","palmVelocity","stabilizedPalmPosition","pinchStrength","grabStrength","confidence","armBasis","armWidth","elbow","wrist"]]},{"pointables":[["id","direction","handId","length","stabilizedTipPosition","tipPosition","tipVelocity","tool","carpPosition","mcpPosition","pipPosition","dipPosition","btipPosition","bases","type"]]},{"interactionBox":["center","size"]}],[645458,239164462245,[[269,"right",[-0.212072,0.940974,-0.263805],[-0.475095,-0.335169,-0.813601],[-55.5949,101.52,57.0838],[-30.0016,249.381,-71.9102],[-53.9109,93.1581,59.6424],0.83227,0.131156,0.521412,[[0.553064,0.141185,-0.821089],[0.0806021,0.971847,0.221399],[0.829231,-0.188629,0.526114]],62.1964,[182.479,3.97454,209.218],[-36.0593,53.6866,70.5641]]],[[2690,[-0.532715,0.56465,-0.630385],269,50.8702,[-110.902,95.6375,21.0195],[-110.66,96.1631,20.2564],[-22.4,185.786,-79.9278],false,[-64.123,45.6967,77.2863],[-64.123,45.6967,77.2863],[-99.8054,72.3409,57.5155],[-117.534,91.1326,36.5361],[-108.928,97.1753,16.2563],[[[0.727202,0.502396,0.467734],[-0.392058,-0.25533,0.883797],[0.563443,-0.826078,0.0112918]],[[0.388445,0.824917,0.410636],[-0.559279,-0.143105,0.816534],[0.732337,-0.546839,0.40577]],[[0.388445,0.824917,0.410636],[-0.751881,0.0261179,0.658781],[0.532715,-0.56465,0.630385]],[[0.388445,0.824917,0.410636],[-0.840945,0.499541,-0.208016],[-0.376726,-0.26452,0.887754]]],0],[2691,[0.136702,-0.98838,-0.0664583],269,57.4013,[-91.5151,67.4385,36.5057],[-92.8414,77.2469,32.9742],[13.97,201.149,-85.7112],false,[-50.5473,62.2935,85.9802],[-80.6377,124.036,65.023],[-100.405,110.547,30.5869],[-97.1802,87.2288,29.019],[-90.5627,73.2918,35.3508],[[[0.806266,0.20453,-0.55507],[0.417557,0.467888,0.778927],[0.419025,-0.859795,0.291839]],[[0.830654,0.150923,-0.535943],[-0.296324,0.934752,-0.19604],[0.471387,0.321654,0.821178]],[[0.830654,0.150923,-0.535943],[-0.539746,-0.0180605,-0.841634],[-0.136702,0.98838,0.0664583]],[[0.830654,0.150923,-0.535943],[-0.390585,-0.528044,-0.754064],[-0.396808,0.835698,-0.379674]]],1],[2692,[0.020632,-0.998316,0.0542158],269,65.4042,[-83.6639,60.6755,31.9771],[-84.5189,70.5563,28.2487],[26.2796,213.992,-85.1882],false,[-40.5083,65.997,80.5071],[-61.3004,125.859,55.5714],[-89.0832,109.222,21.4419],[-88.5106,81.5122,22.9468],[-82.2866,66.3233,31.1328],[[[0.772389,0.00370807,-0.635139],[0.556952,0.476741,0.68009],[0.305318,-0.879036,0.366164]],[[0.779654,-0.0178809,-0.625955],[-0.208381,0.935217,-0.286263],[0.590522,0.353624,0.72542]],[[0.779654,-0.0178809,-0.625955],[-0.62587,-0.0551843,-0.777972],[-0.020632,0.998316,-0.0542158]],[[0.779654,-0.0178809,-0.625955],[-0.526313,-0.560342,-0.639539],[-0.339314,0.828068,-0.446284]]],2],[2693,[-0.177773,-0.979604,0.0936654],269,62.8879,[-72.157,64.0873,26.014],[-72.5018,72.6289,22.7919],[36.8678,222.624,-62.1427],false,[-31.0468,67.1642,73.2327],[-41.7474,120.941,46.1795],[-69.505,110.132,14.3266],[-74.3119,83.6435,16.8593],[-70.9889,68.2862,26.1171],[[[0.764703,-0.161639,-0.623781],[0.620162,0.447523,0.6443],[0.175012,-0.879543,0.442464]],[[0.771276,-0.197813,-0.604982],[-0.00547615,0.948384,-0.317077],[0.636478,0.247867,0.730382]],[[0.771276,-0.197813,-0.604982],[-0.611171,0.0353077,-0.79071],[0.177773,0.979604,-0.0936654]],[[0.771276,-0.197813,-0.604982],[-0.609863,-0.501758,-0.613437],[-0.182209,0.842086,-0.507633]]],3],[2694,[-0.41437,0.544675,-0.729128],269,49.3029,[-51.8963,150.925,-12.7641],[-50.9782,151.954,-12.3542],[-94.811,269.737,-58.1636],false,[-24.1227,63.1178,61.8895],[-25.9569,112.929,35.0768],[-38.1159,134.174,10.7461],[-46.0267,144.573,-3.17377],[-53.6681,152.88,-15.6506],[[[0.666768,-0.334057,-0.666203],[0.744561,0.337458,0.575978],[0.032406,-0.880073,0.473732]],[[0.667472,-0.362743,-0.650307],[0.656025,0.699641,0.283079],[0.352297,-0.615565,0.704959]],[[0.667472,-0.362743,-0.650307],[0.618692,0.75614,0.213246],[0.41437,-0.544675,0.729128]],[[0.667472,-0.362743,-0.650307],[0.590088,0.790338,0.164811],[0.454178,-0.493745,0.741578]]],4]],[[0,200,0],[235.247,235.247,147.751]]],[645459,239164475388,[[269,"right",[-0.236396,0.93501,-0.264336],[-0.463049,-0.347575,-0.815339],[-56.2057,106.101,55.0546],[-36.1674,286.492,-102.777],[-54.895,98.7084,57.675],0.82795,0.138357,0.522528,[[0.576342,0.169168,-0.799508],[0.0770595,0.96273,0.259254],[0.813568,-0.211028,0.541826]],62.1964,[178.974,3.19119,211.388],[-35.4372,58.8064,68.5928]]],[[2690,[-0.550954,0.551454,-0.626377],269,50.8702,[-111.413,98.688,19.1652],[-111.151,99.3134,18.2684],[-29.913,207.938,-105.493],false,[-63.299,50.0619,75.2145],[-63.299,50.0619,75.2145],[-99.6349,75.7904,55.4212],[-117.971,94.1429,34.5751],[-109.523,100.458,14.3117],[[[0.711773,0.521637,0.470397],[-0.388138,-0.266072,0.882358],[0.58543,-0.810617,0.0130844]],[[0.365957,0.834203,0.41253],[-0.556716,-0.15898,0.815348],[0.74575,-0.528044,0.406234]],[[0.365957,0.834203,0.41253],[-0.750017,0.00194178,0.661416],[0.550954,-0.551454,0.626377]],[[0.365957,0.834203,0.41253],[-0.854002,0.477173,-0.207332],[-0.369805,-0.276427,0.887035]]],0],[2691,[0.164204,-0.984275,-0.0651198],269,57.4013,[-91.6203,70.9694,35.1852],[-92.6513,80.799,30.8694],[14.2257,228.031,-113.955],false,[-50.2055,67.0153,83.9597],[-81.8732,127.932,62.911],[-101.137,113.891,28.4105],[-97.2634,90.6691,26.8742],[-90.2877,76.9236,33.2403],[[[0.802408,0.226334,-0.55219],[0.40208,0.478709,0.780493],[0.44099,-0.848299,0.293116]],[[0.828152,0.173422,-0.533],[-0.321144,0.92618,-0.197629],[0.45938,0.334837,0.822711]],[[0.828152,0.173422,-0.533],[-0.535911,-0.0335917,-0.843606],[-0.164204,0.984275,0.0651198]],[[0.828152,0.173422,-0.533],[-0.373106,-0.53907,-0.755113],[-0.418277,0.824214,-0.381727]]],1],[2692,[0.0481587,-0.997319,0.0550977],269,65.4042,[-83.5585,64.7029,30.482],[-84.1261,74.3328,26.1829],[27.6461,242.512,-112.601],false,[-40.2507,70.9894,78.5228],[-62.559,130.278,53.5277],[-89.7536,112.868,19.3104],[-88.4169,85.1855,20.8398],[-81.8037,70.1795,29.0578],[[[0.77423,0.0246977,-0.632422],[0.541533,0.491341,0.682148],[0.327583,-0.870617,0.367036]],[[0.782033,0.00333217,-0.623228],[-0.233057,0.929001,-0.287476],[0.578021,0.370063,0.727286]],[[0.782033,0.00333217,-0.623228],[-0.621373,-0.0731021,-0.780097],[-0.0481587,0.997319,-0.0550977]],[[0.782033,0.00333217,-0.623228],[-0.508367,-0.575072,-0.64098],[-0.360537,0.818096,-0.448031]]],2],[2693,[-0.144611,-0.984257,0.101619],269,62.8879,[-71.7586,68.7091,24.5567],[-71.9327,76.5855,21.0987],[40.3474,253.003,-86.4555],false,[-30.7986,72.4131,71.282],[-42.8479,125.891,44.2034],[-70.1861,114.095,12.3378],[-74.0963,87.4816,15.0855],[-70.2653,72.3253,24.4774],[[[0.770957,-0.1408,-0.621129],[0.605631,0.463846,0.646574],[0.19707,-0.874655,0.442878]],[[0.778392,-0.176562,-0.602438],[-0.0339376,0.946396,-0.32122],[0.62686,0.27048,0.730676]],[[0.778392,-0.176562,-0.602438],[-0.610895,0.00801951,-0.791671],[0.144611,0.984257,-0.101619]],[[0.778392,-0.176562,-0.602438],[-0.591591,-0.527408,-0.609804],[-0.210062,0.831063,-0.514983]]],3],[2694,[-0.428696,0.529629,-0.731924],269,49.3029,[-53.719,155.304,-14.8392],[-52.8728,156.427,-14.4515],[-112.056,295.187,-96.4084],false,[-23.7284,68.5582,59.9622],[-26.8086,118.31,33.1545],[-39.5273,139.113,8.72719],[-47.7116,149.224,-5.24605],[-55.5697,157.255,-17.7687],[[[0.677847,-0.315778,-0.663933],[0.733186,0.357192,0.578665],[0.0544217,-0.879033,0.473645]],[[0.679294,-0.345158,-0.647631],[0.634633,0.719433,0.282235],[0.368511,-0.602729,0.707755]],[[0.679294,-0.345158,-0.647631],[0.595634,0.774828,0.211806],[0.428696,-0.529629,0.731924]],[[0.679294,-0.345158,-0.647631],[0.566053,0.808082,0.163056],[0.467059,-0.477356,0.744303]]],4]],[[0,200,0],[235.247,235.247,147.751]]],[645460,239164488342,[[269,"right",[-0.241994,0.928718,-0.28093],[-0.428653,-0.362079,-0.827741],[-57.8429,111.011,53.1284],[-69.5484,320.732,-119.766],[-56.4058,105.013,55.3449],0.82147,0.145764,0.4884,[[0.594668,0.192349,-0.780623],[0.0758014,0.953219,0.292621],[0.80039,-0.233185,0.552268]],62.1964,[174.134,2.7258,213.359],[-36.8036,64.1802,67.8123]]],[[2690,[-0.546623,0.54011,-0.639909],269,50.8702,[-112.05,102.354,16.292],[-111.696,103.177,14.9783],[-38.8206,245.682,-157.943],false,[-64.7357,55.0382,73.5406],[-64.7357,55.0382,73.5406],[-100.814,80.1408,52.5111],[-119.006,98.1158,31.2147],[-110.122,104.485,11.1559],[[[0.686448,0.537223,0.490083],[-0.414397,-0.264812,0.870718],[0.597549,-0.800791,0.0408442]],[[0.341582,0.841533,0.418503],[-0.578822,-0.162458,0.799107],[0.740464,-0.515199,0.431605]],[[0.341582,0.841533,0.418503],[-0.764542,-0.0101819,0.644493],[0.546623,-0.54011,0.639909]],[[0.341582,0.841533,0.418503],[-0.85562,0.462687,-0.232023],[-0.388891,-0.278825,0.878078]]],0],[2691,[0.182187,-0.981975,-0.0503318],269,57.4013,[-91.8224,75.0808,33.2233],[-93.0046,84.9056,27.9307],[-1.87546,261.708,-154.994],false,[-52.2294,72.2778,82.5807],[-84.1161,132.486,59.8875],[-101.936,117.837,24.8674],[-97.638,94.6697,23.68],[-90.6686,81.0962,30.4113],[[[0.817468,0.234686,-0.525992],[0.366843,0.491894,0.789599],[0.444041,-0.838429,0.316015]],[[0.843368,0.182378,-0.505439],[-0.328865,0.919083,-0.217106],[0.424945,0.349322,0.835103]],[[0.843368,0.182378,-0.505439],[-0.505507,-0.0496362,-0.861393],[-0.182187,0.981975,0.0503318]],[[0.843368,0.182378,-0.505439],[-0.337765,-0.551633,-0.762637],[-0.417905,0.813904,-0.403629]]],1],[2692,[0.0629291,-0.99578,0.0667935],269,65.4042,[-83.5062,69.3184,28.4366],[-84.1728,78.5032,23.6621],[14.9869,272.948,-142.53],false,[-42.1558,76.3675,77.4571],[-64.5262,135.067,51.1606],[-90.2167,116.884,16.1912],[-88.47,89.2443,18.0452],[-81.8983,74.4308,26.6374],[[[0.795349,0.0319364,-0.605311],[0.509424,0.505962,0.696053],[0.328494,-0.861964,0.386147]],[[0.803161,0.0108012,-0.595665],[-0.238245,0.922231,-0.304514],[0.546052,0.386488,0.743273]],[[0.803161,0.0108012,-0.595665],[-0.59243,-0.0911306,-0.800451],[-0.0629291,0.99578,-0.0667935]],[[0.803161,0.0108012,-0.595665],[-0.475998,-0.589635,-0.6525],[-0.358273,0.807597,-0.46843]]],2],[2693,[-0.124082,-0.985378,0.116761],269,62.8879,[-71.3263,73.7887,22.8225],[-71.5833,80.7207,19.4204],[35.298,278.084,-100.277],false,[-32.4807,77.8835,70.5368],[-44.4336,130.924,42.568],[-70.4352,118.065,10.0024],[-73.7903,91.4209,13.1596],[-69.9075,76.5453,22.9697],[[[0.794339,-0.13349,-0.592626],[0.575158,0.479216,0.662982],[0.195494,-0.867487,0.457438]],[[0.801677,-0.168894,-0.573401],[-0.0429447,0.940502,-0.337065],[0.596213,0.294841,0.746726]],[[0.801677,-0.168894,-0.573401],[-0.584737,-0.0224553,-0.810912],[0.124082,0.985378,-0.116761]],[[0.801677,-0.168894,-0.573401],[-0.558556,-0.553317,-0.617944],[-0.212905,0.815668,-0.537919]]],3],[2694,[-0.413625,0.51242,-0.752555],269,49.3029,[-53.8947,159.312,-17.1213],[-53.0583,160.548,-16.7724],[-74.6193,303.024,-127.68],false,[-24.9585,74.0478,59.5054],[-27.8986,123.511,32.1534],[-40.1693,143.774,7.05248],[-48.0659,153.557,-7.31465],[-55.6468,161.283,-20.1946],[[[0.705602,-0.310328,-0.637042],[0.706702,0.374083,0.600528],[0.0519464,-0.873933,0.483263]],[[0.706967,-0.340068,-0.620123],[0.611388,0.73463,0.294147],[0.355531,-0.587088,0.727273]],[[0.706967,-0.340068,-0.620123],[0.573683,0.78853,0.221603],[0.413625,-0.51242,0.752555]],[[0.706967,-0.340068,-0.620123],[0.545135,0.820629,0.171454],[0.450585,-0.459263,0.76554]]],4]],[[0,200,0],[235.247,235.247,147.751]]],[645461,239164501005,[[269,"right",[-0.243467,0.929905,-0.275682],[-0.425153,-0.357793,-0.831402],[-57.4351,113.852,52.4096],[-32.568,285.721,-96.8707],[-56.9789,109.934,53.7106],0.817577,0.153621,0.49612,[[0.607992,0.199095,-0.768575],[0.0769785,0.948704,0.306652],[0.790203,-0.245605,0.561478]],62.1964,[171.93,2.25291,214.831],[-36.3232,66.9807,66.8565]]],[[2690,[-0.553153,0.546128,-0.6291],269,50.8702,[-111.998,105.56,15.5901],[-111.439,106.289,14.5512],[-19.5895,248.784,-109.962],false,[-64.2498,57.7318,72.438],[-64.2498,57.7318,72.438],[-100.414,83.0184,51.7795],[-118.823,101.194,30.8429],[-109.945,107.747,10.8407],[[[0.683555,0.535763,0.495692],[-0.416438,-0.271477,0.867686],[0.599444,-0.799536,0.0375426]],[[0.342095,0.83745,0.426202],[-0.57626,-0.171292,0.799114],[0.742223,-0.518976,0.423991]],[[0.342095,0.83745,0.426202],[-0.759601,-0.0205428,0.650065],[0.553152,-0.546128,0.6291]],[[0.342095,0.83745,0.426202],[-0.855529,0.465177,-0.227333],[-0.38864,-0.286859,0.875598]]],0],[2691,[0.184857,-0.981165,-0.0560671],269,57.4013,[-91.7878,79.1239,31.4258],[-92.4465,87.8188,26.9409],[14.658,250.235,-127.3],false,[-51.8154,74.9439,81.6284],[-83.7835,135.217,59.2249],[-101.458,120.751,24.055],[-97.0964,97.6031,22.7323],[-90.1131,84.0047,29.3986],[[[0.818507,0.240135,-0.521901],[0.363133,0.487696,0.793906],[0.445174,-0.839338,0.311982]],[[0.844472,0.187767,-0.501608],[-0.330509,0.919645,-0.212171],[0.421462,0.344958,0.838674]],[[0.844472,0.187767,-0.501608],[-0.502687,-0.0453786,-0.863277],[-0.184857,0.981165,0.0560671]],[[0.844472,0.187767,-0.501608],[-0.333953,-0.547604,-0.767206],[-0.418738,0.815398,-0.399731]]],1],[2692,[0.0658748,-0.995938,0.0613882],269,65.4042,[-83.2352,73.6953,26.624],[-83.5442,81.433,22.7121],[27.14,258.113,-118.576],false,[-41.7363,79.0919,76.563],[-64.173,137.904,50.5763],[-89.6999,119.85,15.4206],[-87.8714,92.2059,17.1245],[-81.2808,77.3637,25.6524],[[[0.797148,0.0378475,-0.602596],[0.505969,0.502727,0.7009],[0.329469,-0.863616,0.381598]],[[0.804977,0.016688,-0.593071],[-0.240058,0.923288,-0.299852],[0.542572,0.383745,0.747232]],[[0.804977,0.016688,-0.593071],[-0.589637,-0.0884846,-0.802807],[-0.0658748,0.995938,-0.0613882]],[[0.804977,0.016688,-0.593071],[-0.472133,-0.587346,-0.657355],[-0.359308,0.809164,-0.464921]]],2],[2693,[-0.118085,-0.986287,0.115304],269,62.8879,[-70.698,78.269,21.4379],[-70.8201,83.6284,18.7372],[44.0533,261.207,-84.1125],false,[-32.0435,80.6769,69.683],[-44.0434,133.867,42.0201],[-69.9043,121.012,9.34133],[-73.0972,94.3427,12.4591],[-69.1379,79.4821,22.2613],[[[0.796518,-0.127659,-0.590984],[0.571874,0.47636,0.667863],[0.196262,-0.869933,0.452435]],[[0.803876,-0.163115,-0.571994],[-0.0463779,0.941545,-0.333679],[0.592987,0.294764,0.74932]],[[0.803876,-0.163115,-0.571994],[-0.582958,-0.0251461,-0.812113],[0.118085,0.986287,-0.115304]],[[0.803876,-0.163115,-0.571994],[-0.55376,-0.556251,-0.619624],[-0.217102,0.814849,-0.537483]]],3],[2694,[-0.41504,0.512156,-0.751956],269,49.3029,[-53.5829,162.352,-17.689],[-52.7305,163.601,-17.2555],[-37.7179,280.326,-95.4593],false,[-24.4773,76.9316,58.6507],[-27.4573,126.563,31.6096],[-39.7867,146.831,6.54178],[-47.7103,156.609,-7.81391],[-55.3103,164.328,-20.6872],[[[0.708367,-0.304429,-0.636819],[0.703877,0.371965,0.605144],[0.0526513,-0.876907,0.477768]],[[0.709772,-0.334798,-0.619786],[0.607131,0.736927,0.297205],[0.357233,-0.587239,0.726316]],[[0.709772,-0.334798,-0.619786],[0.56918,0.790953,0.224559],[0.41504,-0.512156,0.751956]],[[0.709772,-0.334798,-0.619786],[0.54053,0.823048,0.174412],[0.451721,-0.458805,0.765144]]],4]],[[0,200,0],[235.247,235.247,147.751]]],[645462,239164513013,[[269,"right",[-0.24374,0.935914,-0.254273],[-0.434354,-0.33976,-0.834206],[-56.5747,115.57,51.733],[3.73978,236.01,-82.7516],[-56.7547,113.06,52.6138],0.807394,0.161665,0.500607,[[0.622012,0.201093,-0.756745],[0.0756245,0.946512,0.313681],[0.779347,-0.252342,0.573534]],62.1964,[169.948,1.85943,216.164],[-35.444,68.3625,65.0122]]],[[2690,[-0.568065,0.563396,-0.599906],269,50.8702,[-112.125,108.591,15.8249],[-111.459,109.153,14.8851],[-17.5292,248.702,-59.1012],false,[-63.338,59.0701,70.6838],[-63.338,59.0701,70.6838],[-99.7209,85.0077,51.253],[-118.626,103.758,31.2879],[-110.217,110.857,11.2697],[[[0.68987,0.523894,0.499614],[-0.408494,-0.288063,0.866113],[0.597672,-0.801595,0.0152821]],[[0.352871,0.825277,0.440909],[-0.563828,-0.18851,0.804091],[0.746713,-0.532337,0.398794]],[[0.352871,0.825277,0.440909],[-0.743494,-0.0387758,0.667617],[0.568065,-0.563396,0.599906]],[[0.352871,0.825277,0.440909],[-0.860214,0.47153,-0.194141],[-0.368122,-0.310769,0.876304]]],0],[2691,[0.181724,-0.980266,-0.0778118],269,57.4013,[-91.5763,82.6623,29.9065],[-91.9014,90.1418,26.0988],[25.4486,230.013,-108.158],false,[-50.7673,76.0612,80.0973],[-82.7974,136.856,59.2445],[-100.859,123.153,23.9664],[-96.572,100.026,22.1306],[-89.5581,86.2782,28.4499],[[[0.813903,0.248708,-0.525078],[0.372308,0.47055,0.799981],[0.446037,-0.846597,0.290386]],[[0.839927,0.195882,-0.506116],[-0.330169,0.924583,-0.190093],[0.430711,0.326768,0.841256]],[[0.839927,0.195882,-0.506116],[-0.511371,-0.026617,-0.858948],[-0.181724,0.980266,0.0778118]],[[0.839927,0.195882,-0.506116],[-0.342988,-0.531126,-0.774767],[-0.420574,0.824339,-0.378922]]],1],[2692,[0.0644115,-0.997073,0.0411931],269,65.4042,[-82.8638,77.3612,25.0754],[-83.0219,83.7912,21.6986],[32.6871,236.373,-107.767],false,[-40.7282,80.2868,75.0166],[-63.267,139.67,50.4565],[-89.1827,122.368,15.2072],[-87.3949,94.6931,16.3505],[-80.7515,79.6728,24.5183],[[[0.791206,0.0481576,-0.60965],[0.51425,0.487122,0.705875],[0.330967,-0.872005,0.360649]],[[0.799068,0.0268053,-0.600643],[-0.24097,0.929538,-0.279093],[0.550839,0.367752,0.749223]],[[0.799068,0.0268053,-0.600643],[-0.59778,-0.0716044,-0.798456],[-0.0644115,0.997073,-0.0411931]],[[0.799068,0.0268053,-0.600643],[-0.479911,-0.573355,-0.66404],[-0.362181,0.818868,-0.445286]]],2],[2693,[-0.118198,-0.98812,0.0982203],269,62.8879,[-70.1184,81.7606,20.1838],[-70.299,86.0041,17.7077],[43.5761,238.947,-86.2394],false,[-31.1002,81.9879,68.0735],[-43.2342,135.759,41.619],[-69.4501,123.573,8.96658],[-72.6461,96.8546,11.6224],[-68.607,81.8088,21.1043],[[[0.790254,-0.117549,-0.601398],[0.579753,0.461272,0.671651],[0.198456,-0.879438,0.432672]],[[0.797705,-0.153393,-0.583213],[-0.04811,0.947839,-0.315098],[0.601126,0.279414,0.748716]],[[0.797705,-0.153393,-0.583213],[-0.591351,-0.00941597,-0.806359],[0.118198,0.98812,-0.0982203]],[[0.797705,-0.153393,-0.583213],[-0.560905,-0.54391,-0.624137],[-0.221477,0.825004,-0.519919]]],3],[2694,[-0.423736,0.524276,-0.738636],269,49.3029,[-53.4535,165.209,-17.5472],[-52.6106,166.462,-17.0527],[-21.1441,265.794,-56.7055],false,[-23.6541,78.4494,56.8922],[-26.772,128.628,30.8968],[-39.3878,149.305,6.31031],[-47.4774,159.314,-7.79107],[-55.2262,167.241,-20.4479],[[[0.701184,-0.293133,-0.649933],[0.710849,0.357853,0.605504],[0.0550869,-0.886574,0.459294]],[[0.702693,-0.324288,-0.633293],[0.610417,0.732064,0.302446],[0.365531,-0.599099,0.712367]],[[0.702693,-0.324288,-0.633293],[0.57155,0.787383,0.230993],[0.423736,-0.524276,0.738636]],[[0.702693,-0.324288,-0.633293],[0.542314,0.820293,0.1817],[0.460562,-0.471123,0.75228]]],4]],[[0,200,0],[235.247,235.247,147.751]]],[645463,239164524730,[[269,"right",[-0.250962,0.937491,-0.241097],[-0.432945,-0.331475,-0.838261],[-56.031,117.074,51.3214],[18.3138,199.246,-66.4841],[-56.3574,115.263,51.9043],0.804097,0.170225,0.453591,[[0.63403,0.21201,-0.743679],[0.0701727,0.941943,0.328358],[0.770118,-0.260375,0.582343]],62.1964,[168.424,1.22603,217.398],[-34.5357,69.8462,63.9252]]],[[2690,[-0.575582,0.569098,-0.587225],269,50.8702,[-111.784,110.616,15.6758],[-111.048,110.887,14.6767],[1.07452,215.691,-45.5239],false,[-62.353,60.2712,69.5028],[-62.353,60.2712,69.5028],[-98.9169,86.3059,50.5476],[-118.072,105.246,31.0045],[-109.82,112.726,11.0598],[[[0.686655,0.522065,0.505917],[-0.405214,-0.302929,0.862575],[0.603577,-0.797297,0.00354071]],[[0.349649,0.820424,0.452382],[-0.560894,-0.203456,0.802499],[0.750429,-0.534331,0.389033]],[[0.349649,0.820424,0.452382],[-0.739223,-0.0550602,0.671206],[0.575582,-0.569098,0.587225]],[[0.349649,0.820424,0.452382],[-0.864438,0.46869,-0.181871],[-0.361238,-0.327465,0.873083]]],0],[2691,[0.188861,-0.977736,-0.0914551],269,57.4013,[-91.1922,85.5587,28.649],[-91.1981,91.7364,25.3904],[37.3107,197.885,-92.3297],false,[-49.8952,77.2238,79.1333],[-82.3997,138.061,59.1567],[-100.407,124.711,23.7156],[-95.9516,101.644,21.558],[-88.8277,87.8637,27.6803],[[[0.811353,0.261891,-0.522608],[0.369893,0.462262,0.805912],[0.452643,-0.847188,0.278186]],[[0.837787,0.20901,-0.504408],[-0.337217,0.924648,-0.17695],[0.429416,0.318342,0.84514]],[[0.837787,0.20901,-0.504408],[-0.512293,-0.0186433,-0.858608],[-0.188861,0.977736,0.0914551]],[[0.837787,0.20901,-0.504408],[-0.340059,-0.523026,-0.781539],[-0.427168,0.826292,-0.367109]]],1],[2692,[0.0723166,-0.996987,0.0280744],269,65.4042,[-82.334,80.2792,23.8144],[-82.244,85.4841,20.9346],[44.0011,205.154,-93.9925],false,[-39.8942,81.5928,74.0989],[-62.9022,141.14,50.3842],[-88.7295,124.106,14.9399],[-86.7223,96.433,15.7192],[-79.951,81.3592,23.6806],[[[0.790022,0.0623581,-0.609899],[0.511584,0.481171,0.711868],[0.337856,-0.874406,0.348234]],[[0.798047,0.0409572,-0.601201],[-0.248523,0.931257,-0.266452],[0.54896,0.362053,0.753366]],[[0.798047,0.0409572,-0.601201],[-0.59824,-0.0658815,-0.798604],[-0.0723166,0.996987,-0.0280744]],[[0.798047,0.0409572,-0.601201],[-0.476283,-0.568319,-0.670945],[-0.369154,0.821788,-0.434039]]],2],[2693,[-0.110037,-0.99022,0.0857681],269,62.8879,[-69.449,84.4366,19.1721],[-69.5347,87.8366,16.983],[50.7132,210.95,-78.9812],false,[-30.2883,83.4599,67.168],[-42.8529,137.498,41.4693],[-69.0199,125.536,8.69507],[-71.9952,98.7609,11.0142],[-67.8204,83.6283,20.297],[[[0.790301,-0.103449,-0.603923],[0.57723,0.456277,0.677213],[0.205499,-0.883804,0.42031]],[[0.798035,-0.139459,-0.586252],[-0.0559912,0.951485,-0.302559],[0.600005,0.274278,0.751509]],[[0.798035,-0.139459,-0.586252],[-0.59248,-0.00393629,-0.805576],[0.110037,0.99022,-0.085768]],[[0.798035,-0.139459,-0.586252],[-0.557437,-0.540407,-0.630257],[-0.22892,0.829766,-0.509003]]],3],[2694,[-0.431472,0.526497,-0.732552],269,49.3029,[-53.5405,167.444,-17.3902],[-52.7238,168.653,-16.8794],[-16.9095,238.53,-32.7461],false,[-22.8312,80.1303,55.9301],[-26.3528,130.637,30.63],[-39.2472,151.42,6.27852],[-47.4845,161.471,-7.70673],[-55.3572,169.427,-20.2686],[[[0.702462,-0.279003,-0.654755],[0.708996,0.354746,0.609492],[0.0622217,-0.892364,0.447008]],[[0.704245,-0.310912,-0.638257],[0.603706,0.735341,0.307917],[0.373601,-0.602169,0.70556]],[[0.704245,-0.310912,-0.638257],[0.5638,0.791287,0.236633],[0.431472,-0.526497,0.732552]],[[0.704245,-0.310912,-0.638257],[0.53393,0.824475,0.187508],[0.467928,-0.472837,0.746638]]],4]],[[0,200,0],[235.247,235.247,147.751]]],[645464,239164536270,[[269,"right",[-0.260943,0.937114,-0.23179],[-0.426556,-0.327326,-0.843154],[-55.3643,119.504,50.4844],[31.6273,203.078,-68.5263],[-55.8129,117.589,51.1258],0.802699,0.178139,0.462883,[[0.647621,0.226156,-0.727627],[0.0638717,0.935464,0.347603],[0.759281,-0.27159,0.591381]],62.1964,[166.736,0.815863,218.502],[-33.3682,72.3917,62.6474]]],[[2690,[-0.581798,0.569968,-0.580213],269,50.8702,[-111.047,112.881,14.8625],[-110.263,113.165,13.7528],[24.3392,210.086,-57.5333],false,[-61.091,62.4401,68.0331],[-61.091,62.4401,68.0331],[-97.8707,88.3287,49.2967],[-117.233,107.297,29.987],[-109.022,115.097,10.1481],[[[0.679082,0.524378,0.513689],[-0.404355,-0.316833,0.857971],[0.612655,-0.790345,-0.00312065]],[[0.340436,0.818534,0.462714],[-0.560616,-0.218372,0.798763],[0.754859,-0.531333,0.384542]],[[0.340436,0.818534,0.462714],[-0.738657,-0.0716809,0.67026],[0.581798,-0.569968,0.580213]],[[0.340436,0.818534,0.462714],[-0.868843,0.461983,-0.178],[-0.359465,-0.341428,0.868453]]],0],[2691,[0.200352,-0.974469,-0.101338],269,57.4013,[-90.5708,88.2916,27.3853],[-90.1542,94.0446,24.1769],[55.2647,198.725,-96.9614],false,[-48.8577,79.4288,77.8851],[-81.9955,140.103,58.4611],[-99.7409,126.933,22.8212],[-95.0141,103.943,20.4304],[-87.7511,90.1801,26.4276],[[[0.809895,0.276766,-0.517175],[0.362109,0.457726,0.812013],[0.461462,-0.844919,0.27049]],[[0.836874,0.224003,-0.499464],[-0.347238,0.922599,-0.168038],[0.423164,0.31406,0.849882]],[[0.836874,0.224003,-0.499464],[-0.509412,-0.0152614,-0.860387],[-0.200352,0.974469,0.101338]],[[0.836874,0.224003,-0.499464],[-0.331621,-0.51847,-0.788173],[-0.435511,0.825234,-0.35961]]],1],[2692,[0.0841029,-0.996291,0.0181693],269,65.4042,[-81.5496,83.0525,22.5456],[-81.0844,87.9174,19.7208],[62.8316,207.404,-98.3534],false,[-38.892,83.9658,72.9298],[-62.5077,143.499,49.7843],[-88.0233,126.531,14.0835],[-85.6889,98.8773,14.5878],[-78.7639,83.8037,22.4162],[[[0.791117,0.0779569,-0.606676],[0.503861,0.479266,0.718629],[0.346781,-0.874201,0.339876]],[[0.799356,0.0565693,-0.598189],[-0.258663,0.930984,-0.257609],[0.542331,0.360651,0.75882]],[[0.799356,0.0565693,-0.598189],[-0.594943,-0.0648332,-0.801149],[-0.0841029,0.996291,-0.0181693]],[[0.799356,0.0565693,-0.598189],[-0.467437,-0.56699,-0.678252],[-0.377535,0.82178,-0.426784]]],2],[2693,[-0.0987336,-0.992284,0.0749997],269,62.8879,[-68.5436,87.1242,18.061],[-68.4072,90.4691,15.8201],[66.3837,216.956,-87.0099],false,[-29.2869,86.0173,66.05],[-42.3909,140.182,40.8946],[-68.3185,128.268,7.91338],[-70.9882,101.437,9.94134],[-66.6651,86.257,19.0772],[[[0.793277,-0.0878911,-0.602484],[0.569893,0.455499,0.683917],[0.21432,-0.885887,0.411425]],[[0.801362,-0.123967,-0.585194],[-0.0661152,0.95394,-0.29262],[0.594515,0.273185,0.756255]],[[0.801362,-0.123967,-0.585194],[-0.589975,-0.00232359,-0.807418],[0.0987336,0.992284,-0.0749997]],[[0.801362,-0.123967,-0.585194],[-0.549207,-0.540156,-0.637655],[-0.237047,0.832384,-0.500944]]],3],[2694,[-0.437785,0.525026,-0.729858],269,49.3029,[-53.4209,170.336,-17.7519],[-52.6129,171.585,-17.2601],[-7.31212,243.472,-33.2543],false,[-21.7578,82.8945,54.8007],[-25.7803,133.628,30.0346],[-38.9205,154.397,5.8029],[-47.2783,164.42,-8.13089],[-55.2459,172.34,-20.6553],[[[0.70761,-0.263877,-0.655482],[0.70302,0.356216,0.615527],[0.0710694,-0.89637,0.437573]],[[0.709738,-0.296521,-0.639021],[0.592724,0.741591,0.314201],[0.380724,-0.601763,0.70209]],[[0.709738,-0.296521,-0.639021],[0.551921,0.797761,0.242818],[0.437785,-0.525026,0.729858]],[[0.709738,-0.296521,-0.639021],[0.521541,0.830954,0.193674],[0.473568,-0.470733,0.744408]]],4]],[[0,200,0],[235.247,235.247,147.751]]],[645465,239164547807,[[269,"right",[-0.272362,0.936407,-0.22127],[-0.415779,-0.321923,-0.850584],[-54.9777,123.021,48.8187],[32.2617,237.387,-94.1133],[-55.3465,120.622,49.8375],0.806998,0.184533,0.40073,[[0.664531,0.24365,-0.706422],[0.0549912,0.926841,0.371405],[0.745234,-0.285657,0.602516]],62.1964,[163.99,0.777059,219.309],[-32.4123,76.0603,60.519]]],[[2690,[-0.584715,0.57049,-0.576758],269,50.8702,[-110.129,115.902,12.9848],[-109.415,116.416,11.692],[44.5338,233.546,-100.001],false,[-60.0313,65.6525,65.5651],[-60.0313,65.6525,65.5651],[-96.9945,91.3318,46.9016],[-116.454,110.318,27.7069],[-107.993,118.385,8.08087],[[[0.667907,0.526862,0.525658],[-0.406105,-0.333881,0.850648],[0.623682,-0.781626,-0.00904062]],[[0.326618,0.816342,0.476346],[-0.563748,-0.236257,0.791436],[0.758623,-0.527036,0.383045]],[[0.326618,0.816342,0.476346],[-0.742582,-0.0901474,0.66366],[0.584715,-0.57049,0.576758]],[[0.326618,0.816342,0.476346],[-0.869556,0.457046,-0.187034],[-0.370396,-0.353121,0.859135]]],0],[2691,[0.214754,-0.97014,-0.112735],269,57.4013,[-89.8119,91.3533,25.7172],[-89.2097,97.4295,21.9232],[64.2046,230.772,-130.414],false,[-48.1094,82.6766,75.7328],[-81.9524,143.138,56.8692],[-99.252,130.201,20.9261],[-94.1855,107.313,18.2664],[-86.7735,93.5743,24.1354],[[[0.809677,0.294909,-0.507398],[0.349738,0.451818,0.820697],[0.471282,-0.841956,0.262686]],[[0.83726,0.242301,-0.49019],[-0.358904,0.919846,-0.15834],[0.412533,0.308503,0.857113]],[[0.83726,0.242301,-0.49019],[-0.502868,-0.0108819,-0.864294],[-0.214754,0.97014,0.112735]],[[0.83726,0.242301,-0.49019],[-0.318541,-0.51251,-0.797412],[-0.444441,0.823786,-0.351921]]],1],[2692,[0.0983435,-0.995134,0.00611708],269,65.4042,[-80.614,86.2521,20.8258],[-79.994,91.4653,17.489],[73.2386,241.478,-130.956],false,[-38.1726,87.4177,70.9127],[-62.4516,146.92,48.384],[-87.46,130.056,12.2775],[-84.7303,102.435,12.4473],[-77.6465,87.362,20.1338],[[[0.79434,0.0970726,-0.599667],[0.49185,0.476577,0.728669],[0.356521,-0.873757,0.330819]],[[0.802811,0.075702,-0.591408],[-0.270086,0.930476,-0.247526],[0.531553,0.358447,0.767442]],[[0.802811,0.075702,-0.591408],[-0.588067,-0.063072,-0.806349],[-0.0983435,0.995134,-0.00611708]],[[0.802811,0.075702,-0.591408],[-0.454258,-0.564817,-0.688934],[-0.386191,0.821736,-0.419053]]],2],[2693,[-0.0849814,-0.994485,0.0614614],269,62.8879,[-67.5234,90.4782,16.378],[-67.3319,94.2443,13.7161],[75.1061,254.332,-119.912],false,[-28.5474,89.6946,64.1326],[-42.2261,144.004,39.6014],[-67.7424,132.152,6.27876],[-70.0403,105.261,7.94065],[-65.5662,90.0255,16.9098],[[[0.798794,-0.0687705,-0.597661],[0.55846,0.454198,0.694137],[0.22372,-0.888243,0.401216]],[[0.80724,-0.104877,-0.58083],[-0.0777101,0.956634,-0.280736],[0.585085,0.271758,0.764083]],[[0.80724,-0.104877,-0.58083],[-0.584073,-0.000254302,-0.811701],[0.0849814,0.994485,-0.0614614]],[[0.80724,-0.104877,-0.58083],[-0.536823,-0.539494,-0.648665],[-0.245324,0.835432,-0.491802]]],3],[2694,[-0.441963,0.524875,-0.727444],269,49.3029,[-53.3859,174.489,-18.7727],[-52.6122,175.807,-18.305],[-3.98055,284.725,-53.0092],false,[-20.8936,86.8277,52.8993],[-25.4466,137.827,28.7796],[-38.7677,158.631,4.67699],[-47.2052,168.651,-9.21073],[-55.2293,176.557,-21.7084],[[[0.715991,-0.245208,-0.653629],[0.69346,0.357702,0.62543],[0.0804439,-0.901067,0.426153]],[[0.718479,-0.27841,-0.637398],[0.578636,0.747762,0.325626],[0.385964,-0.602777,0.698349]],[[0.718479,-0.27841,-0.637398],[0.537082,0.804359,0.254065],[0.441963,-0.524875,0.727444]],[[0.718479,-0.27841,-0.637398],[0.506291,0.837691,0.204798],[0.476925,-0.469852,0.74282]]],4]],[[0,200,0],[235.247,235.247,147.751]]],[645466,239164559422,[[269,"right",[-0.271711,0.938907,-0.21125],[-0.416796,-0.31266,-0.853537],[-54.7982,127.539,46.9211],[26.5613,288.828,-117.607],[-55.0222,124.714,48.1123],0.809088,0.192293,0.403416,[[0.675445,0.247191,-0.694745],[0.0583119,0.921287,0.384486],[0.735101,-0.300211,0.607864]],62.1964,[161.467,1.32069,218.31],[-32.2649,80.4395,58.1111]]],[[2690,[-0.585775,0.577567,-0.568581],269,50.8702,[-109.811,120.479,11.2019],[-109.27,121.374,9.91266],[35.1828,298.656,-118.049],false,[-59.8889,70.0041,63.0723],[-59.8889,70.0041,63.0723],[-96.8537,95.9388,44.7687],[-116.348,115.16,25.8461],[-107.768,123.357,6.32561],[[[0.66883,0.520754,0.530548],[-0.405675,-0.34238,0.847469],[0.622972,-0.782043,-0.017737]],[[0.328639,0.810546,0.484779],[-0.562526,-0.244325,0.789854],[0.758657,-0.532278,0.375659]],[[0.328639,0.810546,0.484779],[-0.740854,-0.0971134,0.664609],[0.585775,-0.577567,0.568581]],[[0.328639,0.810546,0.484779],[-0.866557,0.46291,-0.186529],[-0.3756,-0.358788,0.854515]]],0],[2691,[0.213813,-0.969099,-0.123005],269,57.4013,[-89.2204,95.4651,23.6735],[-89.0711,102.257,19.7961],[46.3498,293.34,-148.675],false,[-47.943,86.9106,73.4067],[-81.7479,147.595,55.2045],[-99.0903,135.05,19.1432],[-94.0459,112.187,16.2412],[-86.6407,98.3821,21.961],[[[0.809506,0.299469,-0.504994],[0.350846,0.442918,0.825064],[0.470752,-0.845069,0.253477]],[[0.837053,0.246666,-0.488362],[-0.358212,0.921771,-0.1484],[0.413553,0.299156,0.85993]],[[0.837053,0.246666,-0.488362],[-0.503613,-0.00145628,-0.863928],[-0.213813,0.969099,0.123005]],[[0.837053,0.246666,-0.488362],[-0.319649,-0.50394,-0.802414],[-0.444034,0.827768,-0.342978]]],1],[2692,[0.0978357,-0.995195,-0.00385207],269,65.4042,[-79.9428,90.5175,18.7224],[-79.8381,96.3088,15.3238],[52.6179,301.065,-150.387],false,[-38.0061,91.693,68.6277],[-62.251,151.449,46.7423],[-87.2997,134.965,10.4886],[-84.5842,107.342,10.3817],[-77.5025,92.1889,17.9113],[[[0.793912,0.10262,-0.59931],[0.492902,0.468509,0.733176],[0.356021,-0.877478,0.321374]],[[0.802367,0.0811678,-0.591286],[-0.269716,0.933087,-0.237913],[0.53241,0.350372,0.770571]],[[0.802367,0.0811678,-0.591286],[-0.588757,-0.0547581,-0.806453],[-0.0978357,0.995195,0.00385207]],[[0.802367,0.0811678,-0.591286],[-0.45514,-0.557652,-0.69417],[-0.386076,0.826097,-0.410499]]],2],[2693,[-0.0843247,-0.995026,0.0530315],269,62.8879,[-66.8927,94.9307,14.322],[-67.1316,99.0628,11.6452],[55.07,308.709,-140.623],false,[-28.3846,94.0319,61.8635],[-42.0357,148.606,37.9122],[-67.5853,137.043,4.51384],[-69.8654,110.138,5.94779],[-65.3766,94.8237,14.7752],[[[0.798219,-0.0632388,-0.599038],[0.559462,0.446433,0.698355],[0.223267,-0.89258,0.391731]],[[0.806623,-0.0994113,-0.582646],[-0.0783531,0.959071,-0.27211],[0.58585,0.265142,0.765819]],[[0.806623,-0.0994113,-0.582646],[-0.58502,0.0063551,-0.810994],[0.0843247,0.995026,-0.0530315]],[[0.806623,-0.0994113,-0.582646],[-0.537379,-0.533841,-0.65287],[-0.246138,0.839721,-0.48403]]],3],[2694,[-0.445327,0.527489,-0.72349],269,49.3029,[-53.405,179.352,-20.2245],[-52.6322,180.726,-19.7739],[-3.28343,331.557,-78.228],false,[-20.7431,91.2756,50.5942],[-25.271,142.528,27.012],[-38.6766,163.47,3.07673],[-47.1784,173.541,-10.7355],[-55.2664,181.474,-23.1741],[[[0.71521,-0.239009,-0.656772],[0.694316,0.35054,0.628528],[0.0800009,-0.905537,0.416657]],[[0.717708,-0.272817,-0.640676],[0.577954,0.746578,0.329532],[0.388413,-0.606789,0.6935]],[[0.717708,-0.272817,-0.640676],[0.53533,0.804566,0.257091],[0.445327,-0.527489,0.72349]],[[0.717708,-0.272817,-0.640676],[0.503784,0.838597,0.20726],[0.480725,-0.471514,0.739309]]],4]],[[0,200,0],[235.247,235.247,147.751]]],[645467,239164570916,[[269,"right",[-0.274747,0.939676,-0.203772],[-0.412465,-0.30662,-0.857821],[-54.1404,130.862,45.4468],[36.8765,288.919,-121.192],[-54.4808,128.489,46.4757],0.814163,0.201345,0.405193,[[0.681748,0.256057,-0.685313],[0.0565463,0.915504,0.398316],[0.729398,-0.310303,0.609664]],62.1964,[160.771,1.97568,216.967],[-31.4571,83.7542,56.2939]]],[[2690,[-0.586901,0.581249,-0.563646],269,50.8702,[-108.966,124.023,9.65805],[-108.389,124.789,8.38988],[51.8781,297.331,-122.871],false,[-59.0562,73.1637,61.0608],[-59.0562,73.1637,61.0608],[-96.0793,99.1539,42.9547],[-115.612,118.498,24.1964],[-106.722,126.759,4.8422],[[[0.664812,0.518628,0.537634],[-0.407323,-0.351633,0.842877],[0.626189,-0.779346,-0.0225203]],[[0.324935,0.806722,0.493575],[-0.563063,-0.254297,0.786316],[0.759853,-0.533416,0.371606]],[[0.324935,0.806722,0.493575],[-0.741596,-0.106532,0.662334],[0.586901,-0.581249,0.563646]],[[0.324935,0.806722,0.493575],[-0.86197,0.467362,-0.196419],[-0.389134,-0.361624,0.847233]]],0],[2691,[0.218196,-0.967084,-0.130918],269,57.4013,[-88.4668,99.6009,21.5642],[-88.2083,105.685,17.9775],[55.874,294.984,-152.135],false,[-47.216,90.0241,71.5902],[-81.2005,150.734,53.8127],[-98.363,138.446,17.5773],[-93.2152,115.63,14.4886],[-85.7743,101.805,20.1117],[[[0.810094,0.307256,-0.499342],[0.346091,0.436864,0.830284],[0.473254,-0.845425,0.247562]],[[0.837792,0.254423,-0.483088],[-0.3614,0.921631,-0.141371],[0.409261,0.293027,0.864083]],[[0.837792,0.254423,-0.483088],[-0.500495,0.00427388,-0.865729],[-0.218196,0.967084,0.130918]],[[0.837792,0.254423,-0.483088],[-0.314696,-0.498023,-0.808047],[-0.446174,0.829001,-0.337174]]],1],[2692,[0.102215,-0.99469,-0.0120019],269,65.4042,[-79.1065,94.7054,16.6066],[-78.9113,99.7933,13.5143],[61.7048,301.949,-153.234],false,[-37.2814,94.8893,66.8905],[-61.6891,154.742,45.4562],[-86.5356,138.467,8.96964],[-83.6985,110.858,8.63651],[-76.5783,95.6718,16.0614],[[[0.795635,0.111204,-0.595482],[0.488371,0.463853,0.739144],[0.358412,-0.878905,0.314748]],[[0.804144,0.0897244,-0.587624],[-0.272859,0.933961,-0.230792],[0.528111,0.345929,0.775521]],[[0.804144,0.0897244,-0.587624],[-0.585581,-0.0504126,-0.809045],[-0.102215,0.99469,0.0120019]],[[0.804144,0.0897244,-0.587624],[-0.450193,-0.553607,-0.700604],[-0.388175,0.82793,-0.404787]]],2],[2693,[-0.0796622,-0.995822,0.0446431],269,62.8879,[-66.0486,99.0786,12.3482],[-66.1826,102.6,9.94201],[63.8221,308.52,-144.047],false,[-27.6453,97.3277,60.1825],[-41.4309,152.06,36.6742],[-66.8107,140.647,3.09521],[-68.9648,113.721,4.30234],[-64.4351,98.3533,13.0156],[[[0.800612,-0.0546317,-0.596688],[0.555144,0.442358,0.704368],[0.225469,-0.895173,0.384486]],[[0.809067,-0.0907541,-0.580667],[-0.082084,0.960873,-0.264549],[0.581956,0.261701,0.769961]],[[0.809067,-0.0907541,-0.580667],[-0.582292,0.0101379,-0.812916],[0.0796622,0.995822,-0.0446431]],[[0.809067,-0.0907541,-0.580667],[-0.532653,-0.530773,-0.659212],[-0.248376,0.842641,-0.477771]]],3],[2694,[-0.448678,0.526112,-0.722422],269,49.3029,[-52.9763,182.98,-21.366],[-52.1694,184.324,-20.8934],[11.253,324.76,-84.998],false,[-19.9523,94.7038,48.9166],[-24.6028,146.148,25.7805],[-38.1091,167.109,1.91853],[-46.6748,177.154,-11.8733],[-54.8206,185.042,-24.3025],[[[0.718521,-0.230205,-0.656302],[0.690634,0.34764,0.634169],[0.0821678,-0.908929,0.408775]],[[0.721112,-0.264371,-0.640395],[0.571716,0.749165,0.334503],[0.391329,-0.607338,0.691377]],[[0.721112,-0.264371,-0.640395],[0.527907,0.808279,0.260768],[0.448678,-0.526112,0.722422]],[[0.721112,-0.264371,-0.640395],[0.495568,0.842772,0.210114],[0.484159,-0.468875,0.738746]]],4]],[[0,200,0],[235.247,235.247,147.751]]],[645468,239164582244,[[269,"right",[-0.276656,0.940316,-0.198157],[-0.408942,-0.301804,-0.861209],[-53.6503,133.338,44.4757],[38.9976,265.525,-109.403],[-53.9631,131.511,45.229],0.820346,0.209842,0.399754,[[0.683603,0.263886,-0.680479],[0.0553617,0.910915,0.408864],[0.727751,-0.317173,0.608095]],62.1964,[160.921,2.62833,215.329],[-30.8734,86.2173,55.0694]]],[[2690,[-0.58808,0.584752,-0.558772],269,50.8702,[-108.185,126.705,8.67826],[-107.703,127.338,7.50173],[57.4571,272.363,-107.287],false,[-58.4585,75.52,59.6762],[-58.4585,75.52,59.6762],[-95.5502,101.575,41.8047],[-115.122,121.035,23.2086],[-105.858,129.27,4.0194],[[[0.661714,0.516694,0.543287],[-0.409006,-0.358534,0.839147],[0.628369,-0.777483,-0.025916]],[[0.322986,0.803174,0.50059],[-0.562282,-0.262612,0.784139],[0.761261,-0.534739,0.366791]],[[0.322986,0.803174,0.50059],[-0.741513,-0.113911,0.661198],[0.58808,-0.584752,0.558772]],[[0.322986,0.803174,0.50059],[-0.85513,0.474303,-0.209259],[-0.405503,-0.360482,0.840012]]],0],[2691,[0.221254,-0.965565,-0.136859],269,57.4013,[-87.73,103.206,19.7523],[-87.5587,108.255,16.7324],[56.2152,272.389,-138.313],false,[-46.6971,92.3391,70.3589],[-80.7904,153.079,52.893],[-97.8062,140.996,16.5198],[-92.5862,118.216,13.291],[-85.1251,104.373,18.843],[[[0.810817,0.312873,-0.494657],[0.342302,0.432056,0.83436],[0.474768,-0.845836,0.243221]],[[0.838604,0.26001,-0.478683],[-0.363453,0.921612,-0.136135],[0.405764,0.288142,0.867369]],[[0.838604,0.26001,-0.478683],[-0.497784,0.00885979,-0.867256],[-0.221254,0.965565,0.136859]],[[0.838604,0.26001,-0.478683],[-0.310778,-0.493342,-0.812423],[-0.447392,0.830065,-0.332914]]],1],[2692,[0.105119,-0.994289,-0.0184506],269,65.4042,[-78.3169,98.2636,14.8419],[-78.2225,102.413,12.2664],[61.1832,278.575,-139.271],false,[-36.761,97.2633,65.7241],[-61.2638,157.197,44.6259],[-85.9509,141.103,7.95126],[-83.0332,113.505,7.43913],[-75.8923,98.2888,14.7827],[[[0.797192,0.117451,-0.592191],[0.484792,0.460056,0.743858],[0.359808,-0.880088,0.309813]],[[0.805701,0.0960269,-0.584487],[-0.274796,0.934752,-0.225226],[0.524722,0.342079,0.779518]],[[0.805701,0.0960269,-0.584487],[-0.58292,-0.0465749,-0.811193],[-0.105119,0.994288,0.0184506]],[[0.805701,0.0960269,-0.584487],[-0.446418,-0.550109,-0.705756],[-0.389303,0.829554,-0.400355]]],2],[2693,[-0.074583,-0.996388,0.0405977],269,62.8879,[-65.2204,102.376,10.8833],[-65.3923,105.181,8.90059],[65.5619,281.71,-127.214],false,[-27.1106,99.7738,59.0634],[-40.9711,154.63,35.8895],[-66.2055,143.256,2.1881],[-68.2222,116.314,3.28584],[-63.641,100.931,11.9451],[[[0.802622,-0.0483588,-0.594524],[0.551732,0.438982,0.709145],[0.226692,-0.897194,0.379017]],[[0.811067,-0.0842961,-0.578848],[-0.0858329,0.961701,-0.260317],[0.578622,0.260818,0.772768]],[[0.811067,-0.0842961,-0.578848],[-0.580179,0.0102447,-0.814424],[0.074583,0.996388,-0.0405977]],[[0.811067,-0.0842961,-0.578848],[-0.52827,-0.530509,-0.662941],[-0.251201,0.843478,-0.474809]]],3],[2694,[-0.4517,0.523793,-0.722224],269,49.3029,[-52.6427,185.619,-22.1167],[-51.835,186.93,-21.619],[