{"metadata":{"formatVersion":2,"generatedBy":"LeapJS Playback 0.2.1","frames":1,"protocolVersion":6,"serviceVersion":"2.2.5+26752","frameRate":"74","modified":"Sun Apr 19 2015 12:11:35 GMT-0300 (E. South America Standard Time)"},"frames":[["id","timestamp",{"hands":[["id","type","direction","palmNormal","palmPosition","palmVelocity","stabilizedPalmPosition","pinchStrength","grabStrength","confidence","armBasis","armWidth","elbow","wrist"]]},{"pointables":[["id","direction","handId","length","stabilizedTipPosition","tipPosition","tipVelocity","tool","carpPosition","mcpPosition","pipPosition","dipPosition","btipPosition","bases","type"]]},{"interactionBox":["center","size"]}],[428508,236416134948,[[205,"right",[-0.974318,0.200124,-0.10322],[0.0202765,0.53451,0.844919],[26.1931,101.911,-3.28322],[31.4081,-14.8599,-4.06525],[25.4016,103.439,1.42191],0,0,0.386374,[[-0.199801,-0.819349,0.537351],[0.40707,-0.568254,-0.715109],[0.891276,0.0758602,0.447071]],62.7613,[313.269,103.002,121.445],[76.2447,82.8276,2.5522]]],[[2050,[-0.876577,0.332715,-0.347727],205,51.3322,[7.97594,144.243,-51.2626],[8.61536,147.46,-45.9413],[20.3067,19.5718,33.7669],false,[86.0413,110.895,-2.84917],[86.0413,110.895,-2.84917],[55.6465,133.38,-34.2808],[26.2087,144.553,-45.9584],[3.55323,148.673,-47.0187],[[[-0.298499,-0.769449,-0.564665],[0.551657,0.343696,-0.759965],[0.778828,-0.53835,0.321879]],[[-0.13408,-0.862759,-0.487513],[0.774499,0.215666,-0.594676],[0.618202,-0.457313,0.63929]],[[-0.13408,-0.862759,-0.487513],[0.462208,0.38072,-0.800885],[0.876577,-0.332715,0.347727]],[[-0.13408,-0.862759,-0.487513],[0.126816,0.472972,-0.871903],[0.982823,-0.178729,0.0459952]]],0],[2051,[-0.929867,0.301245,0.211185],205,57.9227,[-65.634,146.389,-17.2758],[-66.7594,148.147,-7.1715],[24.691,-23.3636,45.3563],false,[73.6005,96.1874,-16.0401],[7.68735,125.95,-20.5647],[-32.7571,137.007,-14.8522],[-54.8942,144.179,-9.82455],[-70.1169,149.742,-5.29494],[[[-0.384666,-0.775869,0.50006],[-0.156946,-0.47888,-0.863737],[0.909615,-0.410733,0.06244]],[[-0.161727,-0.850307,0.500821],[-0.245652,-0.456838,-0.854959],[0.955772,-0.261298,-0.134997]],[[-0.161727,-0.850307,0.500821],[-0.330442,-0.431543,-0.839392],[0.929867,-0.301245,-0.211185]],[[-0.161727,-0.850307,0.500821],[-0.394434,-0.409502,-0.822636],[0.904581,-0.330583,-0.269162]]],1],[2052,[-0.909028,0.30841,0.28027],205,65.9983,[-80.5466,128.84,-2.98172],[-80.0465,132.973,11.2531],[28.1904,-40.7082,32.5508],false,[68.1945,86.3142,-11.5251],[2.67293,107.023,-10.9884],[-42.0868,119.186,-0.863755],[-67.5474,127.824,6.98619],[-83.7984,134.241,13.0952],[[[-0.225808,-0.731145,0.643768],[-0.19971,-0.612057,-0.765181],[0.953481,-0.301351,-0.00780957]],[[-0.0660929,-0.770719,0.633738],[-0.326734,-0.583394,-0.74357],[0.942803,-0.256208,-0.213262]],[[-0.0660929,-0.770719,0.633738],[-0.41146,-0.557561,-0.720989],[0.909028,-0.30841,-0.28027]],[[-0.0660929,-0.770719,0.633738],[-0.474083,-0.534605,-0.699602],[0.877996,-0.346683,-0.330052]]],2],[2053,[-0.965367,0.231183,0.120916],205,63.4591,[-77.1472,103.372,-5.87375],[-78.6558,107.272,9.98692],[32.5906,-40.48,19.98],false,[64.528,77.2113,-4.4458],[4.03608,88.0755,0.965157],[-38.9405,96.7755,4.70302],[-65.2807,103.083,8.00224],[-82.8493,107.822,10.7517],[[[-0.0673325,-0.719289,0.691441],[-0.184836,-0.672025,-0.71709],[0.98046,-0.176087,-0.0877014]],[[-0.0846921,-0.716056,0.692886],[-0.197799,-0.669463,-0.716027],[0.976577,-0.197694,-0.0849372]],[[-0.0846921,-0.716056,0.692886],[-0.246766,-0.658649,-0.710836],[0.965367,-0.231183,-0.120916]],[[-0.0846921,-0.716056,0.692886],[-0.285386,-0.64882,-0.705399],[0.954663,-0.257482,-0.149402]]],3],[2054,[-0.969132,0.245482,0.0228507],205,49.7508,[-57.6226,89.6534,9.87541],[-57.5036,88.7341,15.6179],[33.326,-48.2374,25.215],false,[64.2975,71.074,8.15532],[7.68001,73.1158,15.3775],[-26.451,80.0274,14.8889],[-45.1208,84.7565,15.3291],[-61.3858,89.543,16.2098],[[[0.0780697,-0.613843,0.785559],[-0.105706,-0.788619,-0.605729],[0.991328,-0.0357494,-0.126454]],[[-0.131401,-0.592722,0.794616],[-0.14938,-0.780575,-0.60695],[0.98001,-0.198454,0.0140276]],[[-0.131401,-0.592722,0.794616],[-0.208608,-0.767085,-0.606682],[0.969132,-0.245482,-0.0228507]],[[-0.131401,-0.592722,0.794616],[-0.254775,-0.75445,-0.604892],[0.958031,-0.281932,-0.0518752]]],4]],[[0,200,0],[235.247,235.247,147.751]]]]}