{"metadata":{"formatVersion":2,"generatedBy":"LeapJS Playback 0.2.1","frames":1,"protocolVersion":6,"serviceVersion":"2.2.5+26752","frameRate":"74","modified":"Sun Apr 19 2015 12:14:14 GMT-0300 (E. South America Standard Time)"},"frames":[["id","timestamp",{"hands":[["id","type","direction","palmNormal","palmPosition","palmVelocity","stabilizedPalmPosition","pinchStrength","grabStrength","confidence","armBasis","armWidth","elbow","wrist"]]},{"pointables":[["id","direction","handId","length","stabilizedTipPosition","tipPosition","tipVelocity","tool","carpPosition","mcpPosition","pipPosition","dipPosition","btipPosition","bases","type"]]},{"interactionBox":["center","size"]}],[428559,236417257872,[[205,"right",[-0.989152,0.0793136,-0.123646],[-0.0789667,0.422661,0.902841],[31.7628,106.683,-5.29831],[1.23082,-1.38056,0.121691],[27.7849,103.925,-1.94367],0,0,0.38881,[[-0.158139,-0.905774,0.393147],[0.461842,-0.419771,-0.781341],[0.872751,0.0580115,0.484707]],62.7613,[315.877,109.315,129.43],[83.7793,93.888,0.528439]]],[[2050,[-0.902637,0.254085,-0.347401],205,51.3322,[8.01012,148.738,-47.0143],[9.39532,154.602,-43.3105],[5.57705,-0.352234,-1.19072],false,[89.7513,123.467,-1.01417],[89.7513,123.467,-1.01417],[57.4931,145.425,-30.924],[27.1802,153.958,-42.5906],[4.22155,155.156,-44.2745],[[[-0.17223,-0.725851,-0.665941],[0.521034,0.506604,-0.686933],[0.835979,-0.465288,0.290941]],[[0.00146336,-0.805337,-0.592815],[0.754672,0.389837,-0.527728],[0.6561,-0.446609,0.608336]],[[0.00146336,-0.805337,-0.592815],[0.430401,0.535605,-0.726555],[0.902637,-0.254085,0.347401]],[[0.00146336,-0.805337,-0.592815],[0.0896343,0.590535,-0.802018],[0.995974,-0.0519629,0.07305]]],0],[2051,[-0.967894,0.146047,0.204578],205,57.9227,[-66.0668,144.797,-13.053],[-66.4885,140.302,-7.51819],[4.07671,6.86229,-1.28326],false,[79.863,108.991,-16.4339],[10.6273,130,-20.4188],[-31.0967,134.77,-15.2229],[-54.1391,138.247,-10.3525],[-70.0996,141.126,-5.86097],[[[-0.28819,-0.876677,0.385206],[-0.0634699,-0.3839,-0.921191],[0.955467,-0.289927,0.0549935]],[[-0.056962,-0.920153,0.387393],[-0.156658,-0.374978,-0.913701],[0.986009,-0.112734,-0.122789]],[[-0.056962,-0.920153,0.387393],[-0.244821,-0.363302,-0.89893],[0.967894,-0.146047,-0.204578]],[[-0.056962,-0.920153,0.387393],[-0.311865,-0.352207,-0.882435],[0.948417,-0.171079,-0.266901]]],1],[2052,[-0.946315,0.0884669,0.310905],205,65.9983,[-79.5975,118.823,10.4863],[-77.8278,116.002,11.2492],[1.93443,8.29989,-0.649211],false,[75.7446,97.9974,-13.3888],[8.00012,109.525,-13.4199],[-38.0739,111.44,-2.13219],[-64.5788,113.918,6.57581],[-81.654,116.228,13.3352],[[[-0.141382,-0.829411,0.540453],[-0.0902856,-0.532858,-0.841374],[0.985829,-0.167751,0.000452827]],[[0.0935977,-0.845625,0.525507],[-0.222253,-0.532251,-0.816892],[0.970486,-0.0403361,-0.23776]],[[0.0935977,-0.845625,0.525507],[-0.309399,-0.526395,-0.791947],[0.946315,-0.0884669,-0.310905]],[[0.0935977,-0.845625,0.525507],[-0.374417,-0.518974,-0.768426],[0.922524,-0.124836,-0.365191]]],2],[2053,[-0.9905,0.0371344,0.132403],205,63.4591,[-75.9112,96.2202,6.40843],[-73.1924,92.037,5.81499],[0.0148698,8.70812,0.896077],false,[73.1656,87.6736,-7.62776],[11.6186,89.5871,-3.7696],[-32.2015,89.8896,0.275137],[-59.2275,90.9028,3.88777],[-77.3446,92.0299,6.91529],[[[0.0124427,-0.802511,0.596507],[-0.0686839,-0.59583,-0.800168],[0.997561,-0.0310142,-0.0625334]],[[0.0492647,-0.803109,0.593792],[-0.077896,-0.595792,-0.799352],[0.995744,-0.00687419,-0.0919105]],[[0.0492647,-0.803109,0.593792],[-0.128384,-0.594673,-0.793651],[0.9905,-0.0371344,-0.132403]],[[0.0492647,-0.803109,0.593792],[-0.168489,-0.592676,-0.787621],[0.984472,-0.0612453,-0.164513]]],3],[2054,[-0.996818,0.0696357,0.0387906],205,49.7508,[-54.5396,83.0841,13.2425],[-50.0736,77.5862,10.0724],[-1.66569,0.997967,0.248211],false,[73.4137,80.0351,4.12386],[16.8699,73.5673,8.9022],[-17.944,74.5263,8.81103],[-37.1472,75.8678,9.55831],[-53.9913,77.6116,10.7705],[[[0.138992,-0.691153,0.709217],[0.0224913,-0.71378,-0.700009],[0.990038,0.113247,-0.083665]],[[-0.0211621,-0.700369,0.713467],[-0.0178137,-0.71325,-0.700684],[0.999617,-0.0275375,0.00261771]],[[-0.0211621,-0.700369,0.713467],[-0.0768505,-0.710376,-0.699614],[0.996818,-0.0696357,-0.0387906]],[[-0.0211621,-0.700369,0.713467],[-0.12329,-0.706352,-0.697041],[0.992145,-0.102714,-0.0714003]]],4]],[[0,200,0],[235.247,235.247,147.751]]]]}