{"metadata":{"formatVersion":2,"generatedBy":"LeapJS Playback 0.2.1","frames":127,"protocolVersion":6,"serviceVersion":"2.2.5+26752","frameRate":"92","modified":"Sun Apr 19 2015 12:57:59 GMT-0300 (E. South America Standard Time)"},"frames":[["id","timestamp",{"hands":[["id","type","direction","palmNormal","palmPosition","palmVelocity","stabilizedPalmPosition","pinchStrength","grabStrength","confidence","armBasis","armWidth","elbow","wrist"]]},{"pointables":[["id","direction","handId","length","stabilizedTipPosition","tipPosition","tipVelocity","tool","carpPosition","mcpPosition","pipPosition","dipPosition","btipPosition","bases","type"]]},{"interactionBox":["center","size"]}],[649750,239243062058,[[270,"right",[-0.327142,0.663298,-0.673063],[-0.133191,-0.73751,-0.662072],[-4.11626,85.208,10.914],[-189.72,-47.324,-8.2549],[-4.03594,85.2326,10.9112],0,0,0.691052,[[0.926683,0.131641,-0.352036],[-0.052874,0.973001,0.224662],[0.372106,-0.189577,0.908624]],63.72,[121.725,2.35793,292.935],[21.2562,53.5436,47.607]]],[[2700,[-0.578202,0.555267,-0.597796],270,52.1164,[-79.6967,95.658,15.0422],[-81.0057,94.7646,16.386],[-203.95,-207.016,96.2869],false,[-5.73331,39.6898,52.1566],[-5.73331,39.6898,52.1566],[-46.7533,66.0993,41.5894],[-66.4675,85.0314,21.2072],[-84.5359,97.846,13.6543],[[[0.431753,0.840162,0.328202],[-0.565681,-0.0312017,0.824033],[0.702562,-0.541437,0.461793]],[[0.446433,0.82859,0.337841],[-0.354144,-0.183116,0.917088],[0.821754,-0.529063,0.211691]],[[0.446433,0.82859,0.337841],[-0.68292,0.0715354,0.726982],[0.578202,-0.555267,0.597796]],[[0.446433,0.82859,0.337841],[-0.452392,-0.116749,0.884144],[0.772036,-0.547548,0.322727]]],0],[2701,[-0.453986,0.731878,-0.508184],270,58.8075,[-70.6507,161.308,-33.8861],[-69.91,161.658,-33.7837],[-440.691,-180.334,78.2232],false,[0.915926,62.232,55.2417],[-35.4296,100.206,3.76885],[-53.6675,134.922,-13.7799],[-64.6406,152.612,-26.0629],[-72.7436,163.751,-36.171],[[[0.867333,0.236512,-0.437945],[0.0605771,0.823186,0.564531],[0.494029,-0.516166,0.699649]],[[0.86831,0.235489,-0.436558],[0.256571,0.54,0.801606],[0.42451,-0.80805,0.408467]],[[0.86831,0.235489,-0.436558],[0.199836,0.639453,0.742406],[0.453986,-0.731878,0.508184]],[[0.86831,0.235489,-0.436558],[0.145304,0.720749,0.677796],[0.474262,-0.651971,0.591616]]],1],[2702,[-0.140078,0.817491,-0.558647],270,67.0064,[-25.9617,181.21,-49.569],[-26.7602,180.595,-50.1585],[-466.246,-59.3756,39.2517],false,[11.2929,66.8183,50.456],[-14.5739,104.669,-2.1352],[-19.5708,147.131,-24.3894],[-23.5541,170.378,-40.2753],[-26.7898,184.423,-52.3334],[[[0.902983,0.0207799,-0.429173],[0.217169,0.839788,0.497588],[0.370754,-0.542517,0.753802]],[[0.946166,-0.0557596,-0.318842],[0.306631,0.4699,0.827751],[0.103669,-0.880957,0.461701]],[[0.946166,-0.0557596,-0.318842],[0.291801,0.573236,0.765671],[0.140078,-0.817491,0.558647]],[[0.946166,-0.0557596,-0.318842],[0.274086,0.662016,0.697576],[0.172182,-0.747413,0.64166]]],2],[2703,[-0.0518675,0.844134,-0.533617],270,64.4285,[4.92743,177.84,-48.5839],[4.40482,177.41,-49.1215],[-481.424,-3.69891,-20.2215],false,[22.223,68.2735,45.0391],[7.98253,103.164,-4.9971],[7.29651,143.088,-25.0432],[5.85968,166.473,-39.8255],[4.25948,181.219,-51.1867],[[[0.928743,-0.122649,-0.349848],[0.292837,0.821404,0.48943],[0.227338,-0.557003,0.79879]],[[0.936805,-0.143996,-0.318845],[0.349516,0.425205,0.834889],[0.0153543,-0.893569,0.448663]],[[0.936805,-0.143996,-0.318845],[0.345986,0.516433,0.78332],[0.0518675,-0.844134,0.533617]],[[0.936805,-0.143996,-0.318845],[0.339207,0.596954,0.727038],[0.0856456,-0.789247,0.608074]]],3],[2704,[0.217095,0.787212,-0.577206],270,50.5107,[44.7752,151.548,-45.7701],[43.2103,152.142,-45.3988],[-391.103,49.3685,-106.379],false,[33.1105,62.7179,37.7482],[28.1509,97.022,-8.73745],[37.3339,126.508,-25.9577],[41.58,141.905,-37.2471],[44.5949,154.573,-48.5397],[[[0.887576,-0.320314,-0.331072],[0.452652,0.73987,0.497693],[0.085532,-0.591601,0.801681]],[[0.890677,-0.401717,-0.212879],[0.373157,0.378481,0.847057],[-0.259707,-0.833892,0.487008]],[[0.890677,-0.401717,-0.212879],[0.399454,0.46789,0.788363],[-0.217095,-0.787212,0.577206]],[[0.890677,-0.401717,-0.212879],[0.419644,0.546287,0.724892],[-0.174909,-0.734978,0.655144]]],4]],[[0,200,0],[235.247,235.247,147.751]]],[649751,239243071685,[[270,"right",[-0.351598,0.649108,-0.674565],[-0.119504,-0.745798,-0.655365],[-6.1093,84.5048,10.8785],[-194.749,-54.799,-6.92724],[-6.04238,84.5283,10.8796],0,0,0.716623,[[0.924764,0.151743,-0.348977],[-0.0712627,0.969889,0.232889],[0.373808,-0.190498,0.907732]],63.72,[121.399,2.38219,292.634],[20.4709,53.8167,47.5461]]],[[2700,[-0.597997,0.535878,-0.596015],270,52.1164,[-81.8532,93.087,15.9324],[-83.1349,92.0697,17.0952],[-210.734,-227.277,93.5454],false,[-6.08612,39.2701,52.4633],[-6.08612,39.2701,52.4633],[-47.9007,64.5185,42.1761],[-68.2897,82.7896,21.8546],[-86.8333,95.0558,14.5468],[[[0.411902,0.854008,0.317816],[-0.556585,-0.0403602,0.82981],[0.721491,-0.518692,0.458703]],[[0.427877,0.842238,0.327958],[-0.339453,-0.186543,0.92194],[0.837671,-0.505803,0.206082]],[[0.427877,0.842238,0.327958],[-0.677732,0.058903,0.732946],[0.597997,-0.535878,0.596015]],[[0.427877,0.842238,0.327958],[-0.43488,-0.126247,0.891594],[0.792339,-0.524115,0.312254]]],0],[2701,[-0.479407,0.716352,-0.50696],270,58.8075,[-75.1848,158.516,-33.5978],[-74.4815,158.819,-33.6052],[-448.943,-212.548,63.393],false,[-0.0230557,62.007,55.3192],[-37.8871,98.5936,3.9361],[-57.2493,132.719,-13.5654],[-68.8368,150.034,-25.8188],[-77.355,160.88,-35.9039],[[[0.856277,0.256671,-0.448229],[0.0436406,0.828738,0.557933],[0.51467,-0.497306,0.698428]],[[0.856597,0.256362,-0.447794],[0.251257,0.550761,0.795947],[0.450678,-0.794318,0.407368]],[[0.856597,0.256362,-0.447794],[0.190813,0.648936,0.736527],[0.479407,-0.716352,0.50696]],[[0.856597,0.256362,-0.447794],[0.132954,0.728876,0.671613],[0.498562,-0.634838,0.590269]]],1],[2702,[-0.166202,0.811895,-0.559646],270,67.0064,[-31.0303,179.644,-49.7593],[-31.7798,178.981,-50.3994],[-483.283,-89.5049,21.7506],false,[10.1782,66.8371,50.3977],[-17.219,103.576,-2.20672],[-23.5195,145.812,-24.5608],[-28.2457,168.899,-40.4751],[-31.9506,182.826,-52.5359],[[[0.897868,0.0420582,-0.43825],[0.199065,0.849081,0.489321],[0.39269,-0.526586,0.753991]],[[0.94424,-0.0325545,-0.327645],[0.3022,0.480741,0.823142],[0.130716,-0.876258,0.463773]],[[0.94424,-0.0325545,-0.327645],[0.284233,0.582895,0.761213],[0.166202,-0.811895,0.559646]],[[0.94424,-0.0325545,-0.327645],[0.263709,0.670614,0.693351],[0.197152,-0.741092,0.641805]]],2],[2703,[-0.0782083,0.83844,-0.539353],270,64.4285,[-0.0567619,176.937,-49.3136],[-0.570129,176.484,-49.8642],[-490.403,-30.8476,-37.7778],false,[21.0115,68.5478,44.8622],[5.34115,102.663,-5.28133],[3.46537,142.422,-25.5781],[1.29884,165.648,-40.5193],[-0.783535,180.251,-51.9875],[[[0.928291,-0.10002,-0.358149],[0.275122,0.832697,0.480546],[0.250166,-0.544621,0.800503]],[[0.93764,-0.121939,-0.325519],[0.345064,0.439612,0.82926],[0.041983,-0.889872,0.454274]],[[0.93764,-0.121939,-0.325519],[0.338696,0.531177,0.776618],[0.0782083,-0.83844,0.539353]],[[0.93764,-0.121939,-0.325519],[0.329257,0.611805,0.719225],[0.111453,-0.781554,0.613801]]],3],[2704,[0.191031,0.790427,-0.582007],270,50.5107,[40.5211,151.855,-46.5741],[38.9139,152.313,-46.3074],[-407.699,42.9593,-99.8651],false,[31.9747,63.2352,37.504],[25.6318,97.0424,-9.17709],[33.8583,126.675,-26.6277],[37.5947,142.135,-38.0111],[40.1816,154.846,-49.3613],[[[0.892702,-0.298583,-0.337537],[0.437169,0.755594,0.487812],[0.109388,-0.583032,0.805052]],[[0.899176,-0.378721,-0.219209],[0.370613,0.392765,0.841654],[-0.232655,-0.838037,0.493524]],[[0.899176,-0.378721,-0.219209],[0.393687,0.481452,0.78308],[-0.191031,-0.790427,0.582007]],[[0.899176,-0.378721,-0.219209],[0.411045,0.5592,0.719956],[-0.150081,-0.737472,0.658491]]],4]],[[0,200,0],[235.247,235.247,147.751]]],[649752,239243081387,[[270,"right",[-0.374885,0.642249,-0.668564],[-0.115711,-0.747933,-0.653611],[-7.93621,83.5398,11.0767],[-192.863,-67.8621,1.07377],[-7.88448,83.5668,11.0713],0,0,0.730203,[[0.923075,0.166055,-0.346927],[-0.0852426,0.967892,0.236471],[0.375055,-0.188708,0.907592]],63.72,[121.084,2.41649,292.349],[19.819,53.3676,47.2989]]],[[2700,[-0.617318,0.524832,-0.586063],270,52.1164,[-83.8205,90.6366,17.3596],[-84.968,89.6489,18.5919],[-206.417,-233.356,114.514],false,[-6.37015,38.3123,52.6397],[-6.37015,38.3123,52.6397],[-48.8129,62.7771,43.0556],[-69.8607,80.6715,23.0735],[-88.8334,92.563,16.2646],[[[0.400476,0.861765,0.311417],[-0.542215,-0.0510996,0.838684],[0.738662,-0.504728,0.446798]],[[0.417316,0.849959,0.321584],[-0.3208,-0.193305,0.927211],[0.850256,-0.490104,0.191997]],[[0.417316,0.849959,0.321584],[-0.666908,0.0460539,0.743716],[0.617318,-0.524832,0.586063]],[[0.417316,0.849959,0.321584],[-0.41068,-0.139288,0.901078],[0.810672,-0.508103,0.290934]]],0],[2701,[-0.501976,0.708081,-0.49663],270,58.8075,[-79.1912,156.278,-32.0967],[-78.5262,156.552,-32.1345],[-437.894,-217.199,91.8928],false,[-0.700381,61.1615,55.4052],[-40.0873,97.0147,4.65383],[-60.395,130.824,-12.3835],[-72.528,147.939,-24.3873],[-81.4332,158.628,-34.3052],[[[0.84382,0.273123,-0.461922],[0.0366998,0.829401,0.557447],[0.53537,-0.487337,0.689842]],[[0.843383,0.273521,-0.462484],[0.255488,0.553065,0.792997],[0.472685,-0.78696,0.396565]],[[0.843383,0.273521,-0.462484],[0.191638,0.651005,0.734485],[0.501976,-0.708081,0.49663]],[[0.843383,0.273521,-0.462484],[0.130558,0.73062,0.670186],[0.52121,-0.625604,0.580482]]],1],[2702,[-0.188639,0.812636,-0.551396],270,67.0064,[-35.4749,178.509,-48.6704],[-36.2044,177.791,-49.3719],[-475.668,-97.351,48.7398],false,[9.32515,66.1873,50.3212],[-19.6209,102.394,-1.82054],[-26.9936,144.646,-23.8142],[-32.3578,167.754,-39.4939],[-36.4837,181.702,-51.3924],[[[0.889689,0.0593499,-0.452692],[0.190574,0.852735,0.486338],[0.414891,-0.518961,0.747359]],[[0.939335,-0.0144793,-0.342696],[0.307008,0.481033,0.82119],[0.152958,-0.876583,0.456296]],[[0.939335,-0.0144793,-0.342696],[0.286471,0.582591,0.760606],[0.188639,-0.812636,0.551396]],[[0.939335,-0.0144793,-0.342696],[0.263525,0.669994,0.694019],[0.219555,-0.742226,0.633164]]],2],[2703,[-0.101619,0.837164,-0.537429],270,64.4285,[-4.55625,176.106,-49.1439],[-5.04961,175.663,-49.6418],[-480.891,-46.6055,-20.3023],false,[20.0326,68.1064,44.6118],[2.89991,101.916,-5.25976],[0.0163768,141.675,-25.4371],[-2.79867,164.866,-40.3249],[-5.32894,179.417,-51.7689],[[[0.924132,-0.0821192,-0.373144],[0.26678,0.837818,0.476329],[0.273511,-0.539738,0.796162]],[[0.934735,-0.104558,-0.339615],[0.349436,0.444044,0.825057],[0.0645379,-0.889883,0.4516]],[[0.934735,-0.104558,-0.339615],[0.340506,0.536864,0.771902],[0.101619,-0.837164,0.537429]],[[0.934735,-0.104558,-0.339615],[0.328528,0.618517,0.713797],[0.135425,-0.778784,0.6125]]],3],[2704,[0.167818,0.794858,-0.583128],270,50.5107,[36.428,151.876,-47.0575],[34.9413,152.215,-46.7652],[-408.292,29.101,-82.8092],false,[30.9756,63.0061,37.0755],[23.2294,96.687,-9.48499],[30.646,126.493,-27.003],[33.9283,142.039,-38.4083],[36.1142,154.819,-49.7663],[[[0.892709,-0.281332,-0.352028],[0.430378,0.763848,0.480948],[0.13359,-0.580852,0.802973]],[[0.902639,-0.361704,-0.233266],[0.375829,0.398267,0.836741],[-0.20975,-0.842943,0.49543]],[[0.902639,-0.361704,-0.233266],[0.396333,0.487208,0.77817],[-0.167818,-0.794858,0.583128]],[[0.902639,-0.361704,-0.233266],[0.411291,0.565203,0.715112],[-0.126816,-0.741428,0.65894]]],4]],[[0,200,0],[235.247,235.247,147.751]]],[649753,239243090595,[[270,"right",[-0.396328,0.631752,-0.666193],[-0.108541,-0.752767,-0.649278],[-9.68053,82.5429,11.2612],[-191.904,-79.1748,6.3809],[-9.62819,82.5727,11.2556],0,0,0.741771,[[0.920948,0.180581,-0.345318],[-0.0990003,0.965496,0.240868],[0.376899,-0.18764,0.907049]],63.72,[120.902,2.42764,292.147],[19.1395,53.0905,47.2436]]],[[2700,[-0.634337,0.510369,-0.580638],270,52.1164,[-85.5863,88.2276,18.6182],[-86.6936,87.142,19.7635],[-202.412,-243.738,120.537],false,[-6.66648,37.5243,52.9711],[-6.66648,37.5243,52.9711],[-49.7024,61.1105,43.8401],[-71.3305,78.5118,24.0429],[-90.6917,89.974,17.6017],[[[0.3866,0.871021,0.30309],[-0.530493,-0.0588037,0.845647],[0.754399,-0.487714,0.439337]],[[0.404392,0.859203,0.31343],[-0.305261,-0.196249,0.931827],[0.862139,-0.472501,0.18292]],[[0.404392,0.859203,0.31343],[-0.65885,0.0359846,0.751413],[0.634337,-0.510369,0.580638]],[[0.404392,0.859203,0.31343],[-0.389981,-0.147994,0.908852],[0.827274,-0.489764,0.275225]]],0],[2701,[-0.523193,0.697067,-0.490273],270,58.8075,[-82.9443,153.788,-31.0404],[-82.3726,153.963,-31.1743],[-430.508,-233.424,98.039],false,[-1.43208,60.4957,55.5787],[-42.1792,95.3314,5.19388],[-63.3968,128.716,-11.5715],[-76.0426,145.564,-23.4216],[-85.3044,156.047,-33.2322],[[[0.832184,0.288463,-0.47356],[0.026677,0.832214,0.553812],[0.553858,-0.473507,0.68486]],[[0.830941,0.289523,-0.475093],[0.256192,0.558894,0.788672],[0.493866,-0.777055,0.390234]],[[0.830941,0.289523,-0.475093],[0.189226,0.655953,0.730698],[0.523193,-0.697067,0.490273]],[[0.830941,0.289523,-0.475093],[0.125248,0.734666,0.666768],[0.542079,-0.613549,0.574201]]],1],[2702,[-0.21056,0.80978,-0.54765],270,67.0064,[-39.7511,176.974,-48.1012],[-40.47,176.201,-48.8569],[-472.986,-117.124,52.258],false,[8.42376,65.705,50.3497],[-21.9102,101.102,-1.55849],[-30.3511,143.222,-23.4206],[-36.3386,166.249,-38.9938],[-40.8682,180.143,-50.8086],[[[0.882538,0.0757115,-0.464105],[0.179137,0.858404,0.48068],[0.434783,-0.507357,0.744011]],[[0.935048,0.00338108,-0.354506],[0.308251,0.486188,0.817681],[0.175121,-0.873847,0.453567]],[[0.935048,0.00338108,-0.354506],[0.28522,0.586724,0.757895],[0.21056,-0.80978,0.54765]],[[0.935048,0.00338108,-0.354506],[0.259974,0.673327,0.692131],[0.241038,-0.739337,0.628714]]],2],[2703,[-0.125271,0.832737,-0.539311],270,64.4285,[-8.92623,174.933,-49.3218],[-9.42331,174.474,-49.8195],[-479.248,-69.7337,-20.4866],false,[19.0172,67.8197,44.4985],[0.570856,101.071,-5.27984],[-3.36418,140.689,-25.5561],[-6.83444,163.758,-40.4961],[-9.80397,178.203,-51.9684],[[[0.920869,-0.0647025,-0.384466],[0.255501,0.845008,0.469766],[0.294482,-0.530824,0.794674]],[[0.932413,-0.0869165,-0.350786],[0.350498,0.454037,0.819147],[0.0880724,-0.886734,0.453814]],[[0.932413,-0.0869165,-0.350786],[0.338988,0.546805,0.765567],[0.125271,-0.832737,0.539311]],[[0.932413,-0.0869165,-0.350786],[0.32457,0.628272,0.707057],[0.158934,-0.773124,0.614019]]],3],[2704,[0.145381,0.797435,-0.585629],270,50.5107,[32.5986,151.68,-47.4793],[31.1571,151.895,-47.2728],[-409.393,13.6553,-72.1394],false,[29.9671,62.914,36.8439],[20.9486,96.2418,-9.7416],[27.5921,126.191,-27.3257],[30.4356,141.788,-38.7799],[32.2279,154.582,-50.1898],[[[0.893803,-0.264429,-0.362206],[0.420626,0.774419,0.472598],[0.15553,-0.574763,0.803404]],[[0.906865,-0.344052,-0.243359],[0.377219,0.405259,0.832749],[-0.187886,-0.846991,0.497298]],[[0.906865,-0.344052,-0.243359],[0.395549,0.495707,0.773185],[-0.145381,-0.797435,0.585629]],[[0.906865,-0.344052,-0.243359],[0.408391,0.574997,0.70894],[-0.103981,-0.742298,0.661953]]],4]],[[0,200,0],[235.247,235.247,147.751]]],[649754,239243099894,[[270,"right",[-0.417069,0.617654,-0.66675],[-0.0988291,-0.76007,-0.642282],[-11.5143,81.1645,11.4144],[-193.401,-98.666,9.23217],[-11.4669,81.2,11.4104],0,0,0.672669,[[0.918226,0.195205,-0.344609],[-0.112797,0.96296,0.244918],[0.379654,-0.186019,0.906234]],63.72,[120.828,2.4091,291.995],[18.3214,52.6344,47.3119]]],[[2700,[-0.650134,0.492616,-0.578494],270,52.1164,[-87.375,85.4367,19.6683],[-88.4622,84.2049,20.691],[-199.351,-263.196,115.77],false,[-7.0754,36.5539,53.4341],[-7.0754,36.5539,53.4341],[-50.6813,59.1716,44.5612],[-72.848,75.9676,24.8371],[-92.5519,86.958,18.6162],[[[0.370572,0.881629,0.292246],[-0.520154,-0.0636886,0.851694],[0.769491,-0.467627,0.434982]],[[0.389505,0.869784,0.302923],[-0.29186,-0.195386,0.936292],[0.873558,-0.453101,0.177751]],[[0.389505,0.869784,0.302923],[-0.652389,0.0283855,0.757352],[0.650134,-0.492616,0.578494]],[[0.389505,0.869784,0.302923],[-0.37345,-0.151501,0.915195],[0.841915,-0.469599,0.265811]]],0],[2701,[-0.5444,0.68244,-0.487755],270,58.8075,[-86.8199,150.561,-30.4295],[-86.291,150.659,-30.6568],[-426.78,-266.796,88.0701],false,[-2.31887,59.6541,55.8093],[-44.3476,93.1917,5.59676],[-66.4956,126.006,-11.0895],[-79.654,142.501,-22.8788],[-89.2653,152.715,-32.6368],[[[0.820632,0.30282,-0.484626],[0.0142429,0.836953,0.54709],[0.571279,-0.455862,0.682517]],[[0.818403,0.304592,-0.487279],[0.253882,0.569064,0.782119],[0.51552,-0.7638,0.388393]],[[0.818403,0.304592,-0.487279],[0.183972,0.664454,0.724331],[0.5444,-0.68244,0.487755]],[[0.818403,0.304592,-0.487279],[0.117333,0.741526,0.660584],[0.562539,-0.597798,0.571129]]],1],[2702,[-0.23178,0.806514,-0.543888],270,67.0064,[-44.0683,174.936,-47.6534],[-44.7593,174.063,-48.5289],[-470.519,-146.183,51.034],false,[7.36484,65.0359,50.4354],[-24.2822,99.3504,-1.41592],[-33.7655,141.317,-23.1452],[-40.3564,164.251,-38.6114],[-45.2746,178.082,-50.3441],[[[0.875737,0.0913005,-0.474077],[0.165314,0.865887,0.472134],[0.453603,-0.491837,0.743196]],[[0.930757,0.0213296,-0.365016],[0.308192,0.491411,0.814575],[0.196748,-0.870667,0.45081]],[[0.930757,0.0213296,-0.365016],[0.28279,0.590831,0.755612],[0.23178,-0.806514,0.543888]],[[0.930757,0.0213296,-0.365016],[0.255334,0.676647,0.690618],[0.261718,-0.735999,0.624347]]],2],[2703,[-0.149252,0.825809,-0.543842],270,64.4285,[-13.4477,173.106,-49.823],[-13.9095,172.622,-50.3272],[-480.629,-106.06,-30.2651],false,[17.8472,67.3352,44.4553],[-1.84622,99.7803,-5.37694],[-6.8639,139.155,-25.8887],[-10.9985,162.031,-40.9542],[-14.407,176.322,-52.4973],[[[0.917973,-0.0476083,-0.393776],[0.241835,0.854078,0.460508],[0.314391,-0.517962,0.795533]],[[0.930272,-0.0691431,-0.360296],[0.349259,0.467537,0.812052],[0.112304,-0.881265,0.459085]],[[0.930272,-0.0691431,-0.360296],[0.335138,0.559696,0.757907],[0.149252,-0.825809,0.543842]],[[0.930272,-0.0691431,-0.360296],[0.318298,0.640458,0.698928],[0.182428,-0.764875,0.617808]]],3],[2704,[0.122841,0.800279,-0.58691],270,50.5107,[28.6347,151.083,-47.8654],[27.296,151.082,-47.8244],[-412.247,-10.3761,-63.0074],false,[28.821,62.6095,36.722],[18.5845,95.3628,-10.019],[24.4282,125.448,-27.6542],[26.8308,141.101,-39.1334],[28.2384,153.924,-50.5647],[[[0.895529,-0.247696,-0.369695],[0.408489,0.787137,0.462117],[0.176536,-0.564856,0.806085]],[[0.911478,-0.324915,-0.252264],[0.376688,0.412904,0.829226],[-0.165267,-0.850847,0.498745]],[[0.911478,-0.324915,-0.252264],[0.392578,0.503967,0.76935],[-0.122841,-0.80028,0.58691]],[[0.911478,-0.324915,-0.252264],[0.403161,0.583882,0.704659],[-0.0816619,-0.743984,0.663188]]],4]],[[0,200,0],[235.247,235.247,147.751]]],[649755,239243108669,[[270,"right",[-0.435432,0.610376,-0.661695],[-0.0963486,-0.762412,-0.639879],[-13.4078,79.4891,12.008],[-199.414,-123.461,24.9312],[-13.3484,79.5415,11.9897],0,0,0.651117,[[0.915185,0.206107,-0.346348],[-0.123587,0.961464,0.245589],[0.383618,-0.181955,0.905389]],63.72,[120.921,2.33242,291.98],[17.3445,51.4603,47.525]]],[[2700,[-0.661467,0.4834,-0.573399],270,52.1164,[-88.978,82.8505,20.9895],[-90.1019,81.5067,22.1891],[-195.139,-273.144,130.023],false,[-7.72222,35.0121,54.0192],[-7.72222,35.0121,54.0192],[-51.6987,57.072,45.5814],[-74.2518,73.5539,26.031],[-94.2258,84.2577,20.1833],[[[0.361376,0.887489,0.285955],[-0.507309,-0.0701735,0.858902],[0.782333,-0.455454,0.424873]],[[0.381977,0.875111,0.297112],[-0.279225,-0.197183,0.939762],[0.880981,-0.441928,0.169034]],[[0.381977,0.875111,0.297112],[-0.645411,0.0224952,0.763504],[0.661467,-0.4834,0.573399]],[[0.381977,0.875111,0.297112],[-0.354546,-0.15813,0.92157],[0.853458,-0.457358,0.249865]]],0],[2701,[-0.561848,0.674225,-0.479319],270,58.8075,[-90.3107,147.769,-28.8229],[-89.8592,147.814,-29.0071],[-420.309,-281.416,116.385],false,[-3.27871,58.1841,56.2987],[-46.4944,91.0167,6.63063],[-69.3774,123.499,-9.7096],[-82.9576,139.796,-21.2949],[-92.8677,149.863,-30.9056],[[[0.809235,0.314303,-0.496339],[0.00931469,0.837883,0.54577],[0.587412,-0.446279,0.675116]],[[0.806239,0.316567,-0.499764],[0.257456,0.572833,0.77819],[0.532631,-0.756074,0.380338]],[[0.806239,0.316567,-0.499764],[0.185217,0.667237,0.72145],[0.561848,-0.674225,0.479319]],[[0.806239,0.316567,-0.499764],[0.116395,0.743385,0.658658],[0.580027,-0.589206,0.562499]]],1],[2702,[-0.249996,0.806647,-0.535559],270,67.0064,[-48.0151,173.068,-46.1939],[-48.7019,172.138,-47.1096],[-465.942,-164.59,82.9974],false,[6.24827,63.7018,50.7842],[-26.6221,97.4635,-0.667333],[-36.9586,139.426,-22.0114],[-44.0676,162.364,-37.2408],[-49.3341,176.199,-48.8165],[[[0.867632,0.103645,-0.486285],[0.158886,0.868956,0.468691],[0.471138,-0.483915,0.737466]],[[0.924838,0.0351735,-0.378731],[0.314143,0.490755,0.812695],[0.214449,-0.870587,0.442819]],[[0.924838,0.0351735,-0.378731],[0.286665,0.589987,0.754811],[0.249996,-0.806647,0.535559]],[[0.924838,0.0351735,-0.378731],[0.257161,0.675833,0.690738],[0.280254,-0.736215,0.615991]]],2],[2703,[-0.170063,0.823693,-0.540933],270,64.4285,[-17.6326,171.392,-49.1732],[-18.0477,170.893,-49.6632],[-479.607,-130.075,-0.807022],false,[16.6114,66.1482,44.6564],[-4.25199,98.222,-4.93946],[-10.1649,137.544,-25.3123],[-14.876,160.362,-40.2972],[-18.6827,174.594,-51.7893],[[[0.913044,-0.0344991,-0.406399],[0.235406,0.858271,0.45602],[0.333069,-0.512035,0.791761]],[[0.925586,-0.0548668,-0.37454],[0.354649,0.471612,0.807345],[0.132341,-0.880097,0.455976]],[[0.925586,-0.0548668,-0.37454],[0.338185,0.564375,0.753068],[0.170063,-0.823693,0.540933]],[[0.925586,-0.0548668,-0.37454],[0.319031,0.645611,0.693833],[0.203739,-0.761692,0.615073]]],3],[2704,[0.10333,0.803713,-0.585976],270,50.5107,[24.8753,150.127,-47.7568],[23.6028,149.98,-47.7115],[-415.753,-38.964,-39.9897],false,[27.5464,61.5752,36.7779],[16.1762,94.1028,-9.85856],[21.3366,124.311,-27.4967],[23.3576,140.031,-38.9576],[24.4292,152.913,-50.3592],[[[0.893926,-0.234864,-0.381754],[0.403047,0.793826,0.455405],[0.196088,-0.560963,0.804282]],[[0.912558,-0.310964,-0.265593],[0.38202,0.416447,0.825005],[-0.145941,-0.854326,0.498826]],[[0.912558,-0.310964,-0.265593],[0.395678,0.507293,0.765567],[-0.10333,-0.803713,0.585976]],[[0.912558,-0.310964,-0.265593],[0.404194,0.587112,0.701375],[-0.0621696,-0.747396,0.661463]]],4]],[[0,200,0],[235.247,235.247,147.751]]],[649756,239243117821,[[270,"right",[-0.451028,0.59796,-0.662584],[-0.0899025,-0.769045,-0.63284],[-15.0919,78.0416,12.5738],[-195.125,-133.127,35.2043],[-15.0418,78.0847,12.557],0,0,0.574256,[[0.912235,0.215702,-0.348282],[-0.132382,0.959758,0.247668],[0.387689,-0.179825,0.90408]],63.72,[121.097,2.24279,292.135],[16.4207,50.7957,48.0334]]],[[2700,[-0.669149,0.469445,-0.576074],270,52.1164,[-90.441,80.3475,22.0684],[-91.5092,79.0498,23.1875],[-182.459,-270.298,122.816],false,[-8.32113,34.0049,54.8869],[-8.32113,34.0049,54.8869],[-52.6331,55.4044,46.5039],[-75.4482,71.4104,26.8623],[-95.6466,81.7729,21.1728],[[[0.349718,0.895422,0.27553],[-0.498408,-0.0712062,0.864014],[0.793276,-0.439487,0.421383]],[[0.371924,0.882687,0.28729],[-0.271396,-0.192569,0.943007],[0.887703,-0.428696,0.167937]],[[0.371924,0.882687,0.28729],[-0.64336,0.0220158,0.765247],[0.669149,-0.469445,0.576074]],[[0.371924,0.882687,0.28729],[-0.341789,-0.157529,0.92648],[0.863049,-0.442772,0.243104]]],0],[2701,[-0.577953,0.662597,-0.476378],270,58.8075,[-93.5412,144.856,-27.7853],[-93.0937,144.847,-28.0974],[-400.691,-291.775,114.091],false,[-4.22765,57.2624,56.94],[-48.405,88.9979,7.40509],[-71.9825,121.031,-8.836],[-85.9519,137.046,-20.3502],[-96.1317,146.897,-29.9023],[[[0.799636,0.323053,-0.506181],[0.000835657,0.842354,0.538924],[0.600484,-0.431366,0.673307]],[[0.795229,0.326195,-0.511085],[0.257753,0.5811,0.771936],[0.548793,-0.7456,0.37803]],[[0.795229,0.326195,-0.511085],[0.183251,0.674212,0.715442],[0.577953,-0.662597,0.476378]],[[0.795229,0.326195,-0.511085],[0.112316,0.749101,0.652865],[0.595815,-0.576581,0.55907]]],1],[2702,[-0.26435,0.807797,-0.526862],270,67.0064,[-51.45,171.328,-45.0038],[-52.1122,170.265,-46.0902],[-440.661,-171.802,96.0064],false,[5.16027,62.8855,51.2951],[-28.7043,95.6997,-0.124702],[-39.79,137.588,-21.2386],[-47.3072,160.558,-36.2206],[-52.8256,174.475,-47.5795],[[[0.861475,0.113438,-0.494968],[0.149195,0.875168,0.460241],[0.485389,-0.470333,0.737011]],[[0.920123,0.0475706,-0.388731],[0.316982,0.492459,0.81056],[0.229993,-0.869035,0.438043]],[[0.920123,0.0475706,-0.388731],[0.288952,0.587538,0.755847],[0.26435,-0.807797,0.526862]],[[0.920123,0.0475706,-0.388731],[0.259117,0.670326,0.695358],[0.293655,-0.740541,0.604455]]],2],[2703,[-0.188927,0.817369,-0.544255],270,64.4285,[-21.4481,169.437,-49.1044],[-21.7663,168.936,-49.6422],[-460.518,-153.056,0.754235],false,[15.4277,65.4461,45.0539],[-6.38839,96.7785,-4.60596],[-13.1326,135.888,-25.1308],[-18.3662,158.53,-40.2077],[-22.5259,172.614,-51.759],[[[0.9098,-0.023311,-0.414393],[0.225759,0.865597,0.446962],[0.348278,-0.500199,0.792782]],[[0.922425,-0.0423777,-0.383845],[0.355455,0.481681,0.801021],[0.150945,-0.875321,0.459378]],[[0.922425,-0.0423777,-0.383845],[0.336807,0.574553,0.745955],[0.188927,-0.817369,0.544255]],[[0.922425,-0.0423777,-0.383845],[0.315541,0.655739,0.685887],[0.222636,-0.753797,0.618242]]],3],[2704,[0.0834943,0.80476,-0.587699],270,50.5107,[21.2451,149.034,-47.7112],[20.2341,148.789,-47.806],[-405.668,-60.8992,-27.8666],false,[26.3633,60.9832,37.1132],[14.058,92.9442,-9.67736],[18.509,123.203,-27.4212],[20.1421,138.944,-38.9158],[20.8786,151.839,-50.3296],[[[0.894102,-0.223746,-0.387968],[0.394395,0.803819,0.44534],[0.212213,-0.551192,0.80694]],[[0.914562,-0.296088,-0.275514],[0.384357,0.42426,0.819923],[-0.12588,-0.855766,0.501815]],[[0.914562,-0.296088,-0.275514],[0.395733,0.514483,0.760725],[-0.0834943,-0.80476,0.587699]],[[0.914562,-0.296088,-0.275514],[0.402182,0.593827,0.696864],[-0.0427256,-0.748132,0.662173]]],4]],[[0,200,0],[235.247,235.247,147.751]]],[649757,239243126763,[[270,"right",[-0.472189,0.591452,-0.653623],[-0.0723509,-0.764993,-0.639961],[-15.4701,78.4399,12.6339],[-153.389,-84.6077,27.4273],[-15.4555,78.4278,12.6313],0,0,0.415619,[[0.909492,0.241975,-0.338042],[-0.156788,0.952751,0.260159],[0.385022,-0.183612,0.904458]],63.72,[120.993,2.17409,291.818],[17.0375,51.7493,47.6145]]],[[2700,[-0.688019,0.458995,-0.562097],270,52.1164,[-91.1339,78.5378,23.1623],[-91.8157,77.3646,24.0497],[-145.568,-245.672,124.082],false,[-7.17309,34.1969,54.4572],[-7.17309,34.1969,54.4572],[-52.0746,54.5588,46.6458],[-75.533,70.2085,27.4808],[-96.1714,80.0401,22.4682],[[[0.326088,0.90221,0.282282],[-0.490395,-0.093843,0.866433],[0.808195,-0.420963,0.411838]],[[0.351528,0.888422,0.295187],[-0.259435,-0.210515,0.942537],[0.899512,-0.40791,0.156486]],[[0.351528,0.888422,0.295187],[-0.634868,-0.0055016,0.772601],[0.688019,-0.458995,0.562097]],[[0.351528,0.888422,0.295187],[-0.314287,-0.185019,0.931124],[0.881846,-0.420089,0.21418]]],0],[2701,[-0.600306,0.650779,-0.464886],270,58.8075,[-96.0952,143.325,-26.499],[-95.6648,143.402,-26.7858],[-369.058,-256.436,123.503],false,[-3.72544,57.5397,56.718],[-49.1136,88.4979,7.78965],[-73.7188,120.016,-7.92499],[-88.2285,135.746,-19.1615],[-98.7597,145.4,-28.5322],[[[0.78677,0.35058,-0.508023],[-0.019381,0.836672,0.547361],[0.616942,-0.420801,0.665063]],[[0.781578,0.35409,-0.513571],[0.247251,0.580013,0.776178],[0.572715,-0.733625,0.365777]],[[0.781578,0.35409,-0.513571],[0.16961,0.671645,0.721197],[0.600306,-0.650779,0.464886]],[[0.781578,0.35409,-0.513571],[0.0959871,0.745216,0.659879],[0.616378,-0.565043,0.548457]]],1],[2702,[-0.288647,0.808623,-0.512652],270,67.0064,[-54.6282,171.421,-43.472],[-55.3135,170.432,-44.5141],[-418.925,-120.237,117.752],false,[5.46165,63.4822,51.0699],[-29.6613,95.8297,0.20147],[-42.0016,137.677,-20.2876],[-50.2097,160.671,-34.8656],[-56.1517,174.639,-45.9446],[[[0.854586,0.142702,-0.499318],[0.12746,0.874455,0.468063],[0.503424,-0.463643,0.729108]],[[0.915937,0.077285,-0.39381],[0.309051,0.490171,0.814997],[0.256022,-0.868193,0.425081]],[[0.915937,0.077285,-0.39381],[0.278824,0.583229,0.762956],[0.288647,-0.808623,0.512652]],[[0.915937,0.077285,-0.39381],[0.24714,0.664522,0.705218],[0.316198,-0.743262,0.58956]]],2],[2703,[-0.216332,0.817715,-0.533426],270,64.4285,[-24.8826,170.198,-47.9779],[-25.1504,169.784,-48.5032],[-439.331,-85.3827,35.9935],false,[15.6105,66.3944,44.7891],[-7.4153,97.585,-4.41179],[-15.4182,136.728,-24.4125],[-21.4111,159.381,-39.1894],[-26.0635,173.461,-50.5558],[[[0.907298,0.00658855,-0.420436],[0.204174,0.86719,0.454196],[0.36759,-0.497934,0.785455]],[[0.920222,-0.0117561,-0.39122],[0.348006,0.482009,0.804089],[0.179119,-0.876087,0.447646]],[[0.920222,-0.0117561,-0.39122],[0.326177,0.575504,0.749936],[0.216332,-0.817715,0.533426]],[[0.920222,-0.0117561,-0.39122],[0.301975,0.65723,0.690551],[0.249003,-0.753598,0.608348]]],3],[2704,[0.053616,0.817749,-0.573072],270,50.5107,[18.0989,150.902,-46.8645],[17.3359,150.956,-46.9762],[-387.747,25.4921,8.92906],false,[26.6145,62.322,36.7339],[13.097,94.3821,-9.65263],[16.4195,125.031,-26.9692],[17.4681,141.025,-38.1778],[17.7284,154.184,-49.3089],[[[0.897454,-0.194462,-0.39593],[0.374475,0.810237,0.450871],[0.23312,-0.552902,0.799972]],[[0.919922,-0.263683,-0.290198],[0.380676,0.423249,0.82216],[-0.0939638,-0.866794,0.489734]],[[0.919922,-0.263683,-0.290198],[0.388418,0.511622,0.766403],[-0.053616,-0.817749,0.573072]],[[0.919922,-0.263683,-0.290198],[0.391811,0.589678,0.706232],[-0.0150981,-0.763381,0.645772]]],4]],[[0,200,0],[235.247,235.247,147.751]]],[649758,239243136263,[[270,"right",[-0.490331,0.58461,-0.64638],[-0.0702588,-0.765757,-0.639281],[-16.9152,77.2617,12.9058],[-153.024,-95.9357,27.7686],[-16.872,77.2962,12.8977],0,0,0.430794,[[0.906793,0.252941,-0.337264],[-0.167791,0.950456,0.261686],[0.386746,-0.180705,0.904308]],63.72,[120.909,2.25367,291.56],[16.4881,51.0441,47.3968]]],[[2700,[-0.703391,0.450668,-0.549673],270,52.1164,[-92.2613,76.4643,24.691],[-93.0488,75.1679,25.5997],[-143.234,-240.93,140.027],false,[-7.3578,33.132,54.5794],[-7.3578,33.132,54.5794],[-52.6196,52.9251,47.4122],[-76.6021,68.2909,28.6708],[-97.5478,77.7855,24.3281],[[[0.316724,0.906851,0.278043],[-0.476345,-0.101417,0.87339],[0.820232,-0.409068,0.399853]],[[0.344181,0.892553,0.291357],[-0.243681,-0.214765,0.945778],[0.90673,-0.396517,0.143581]],[[0.344181,0.892553,0.291357],[-0.621917,-0.015751,0.782925],[0.703391,-0.450668,0.549673]],[[0.344181,0.892553,0.291357],[-0.283818,-0.196894,0.938446],[0.894979,-0.405688,0.185555]]],0],[2701,[-0.617178,0.643165,-0.453244],270,58.8075,[-99.0447,141.11,-24.8564],[-98.6987,141.077,-25.1582],[-353.662,-251.918,138.892],false,[-4.2244,56.5225,56.8033],[-50.7709,86.821,8.5549],[-76.0844,118.012,-6.67992],[-91.0018,133.558,-17.635],[-101.824,143.084,-26.8038],[[[0.77404,0.362397,-0.519163],[-0.0238582,0.836099,0.54806],[0.632687,-0.411834,0.65582]],[[0.767805,0.366414,-0.525562],[0.251633,0.581931,0.773329],[0.589199,-0.726015,0.354608]],[[0.767805,0.366414,-0.525562],[0.171948,0.672369,0.719968],[0.617178,-0.643165,0.453244]],[[0.767805,0.366414,-0.525562],[0.0963823,0.744921,0.660154],[0.633392,-0.557525,0.536638]]],1],[2702,[-0.30747,0.805914,-0.50593],270,67.0064,[-58.1823,169.868,-42.3974],[-58.8803,168.812,-43.4298],[-407.087,-135.343,115.882],false,[4.79073,62.6027,51.0261],[-31.5414,94.4433,0.689995],[-44.7825,136.145,-19.5323],[-53.5258,159.062,-33.9191],[-59.8215,172.987,-44.8548],[[[0.845052,0.155545,-0.511559],[0.121242,0.876085,0.466665],[0.520757,-0.456378,0.721478]],[[0.908798,0.0911156,-0.407166],[0.31404,0.493134,0.811294],[0.274709,-0.865169,0.419545]],[[0.908798,0.0911156,-0.407166],[0.282042,0.58498,0.760428],[0.30747,-0.805914,0.50593]],[[0.908798,0.0911156,-0.407166],[0.248696,0.665268,0.703966],[0.335017,-0.741024,0.581935]]],2],[2703,[-0.236423,0.814715,-0.529475],270,64.4285,[-28.6103,168.951,-47.4668],[-28.8458,168.49,-48.0053],[-425.262,-100.244,40.3905],false,[14.8033,65.6674,44.6007],[-9.39312,96.5302,-4.24392],[-18.2802,135.556,-24.1002],[-24.8296,158.125,-38.7677],[-29.8587,172.144,-50.0489],[[[0.900915,0.0202014,-0.433526],[0.197846,0.869964,0.451685],[0.386277,-0.492701,0.779767]],[[0.914385,0.00224444,-0.40484],[0.352614,0.486892,0.799124],[0.198907,-0.873459,0.444415]],[[0.914385,0.00224444,-0.40484],[0.328641,0.579857,0.745493],[0.236423,-0.814715,0.529475]],[[0.914385,0.00224444,-0.40484],[0.302407,0.661064,0.686691],[0.269167,-0.750326,0.603788]]],3],[2704,[0.0310853,0.821619,-0.569189],270,50.5107,[14.4975,150.689,-46.6668],[13.8828,150.412,-46.9415],[-383.373,3.35215,9.45277],false,[25.7485,61.7616,36.3846],[11.0863,93.634,-9.78306],[13.6203,124.41,-27.008],[14.2283,140.48,-38.1406],[14.1,153.711,-49.1873],[[[0.89441,-0.180982,-0.408995],[0.368907,0.815546,0.445861],[0.252861,-0.549664,0.796198]],[[0.918833,-0.247637,-0.307281],[0.388085,0.42558,0.817479],[-0.0716652,-0.870378,0.487141]],[[0.918833,-0.247637,-0.307281],[0.39342,0.513437,0.762629],[-0.0310853,-0.821619,0.569189]],[[0.918833,-0.247637,-0.307281],[0.394576,0.591149,0.703458],[0.0074468,-0.767606,0.640879]]],4]],[[0,200,0],[235.247,235.247,147.751]]],[649759,239243144905,[[270,"right",[-0.506784,0.576311,-0.64112],[-0.0675457,-0.767955,-0.636932],[-18.1758,76.182,13.2984],[-151.126,-103.629,32.4534],[-18.1173,76.232,13.2804],0,0,0.444147,[[0.904284,0.262471,-0.336718],[-0.177141,0.94827,0.263447],[0.388447,-0.178585,0.904]],63.72,[120.914,2.29135,291.487],[16.0335,50.5092,47.407]]],[[2700,[-0.716598,0.439672,-0.541457],270,52.1164,[-93.2633,74.5181,26.0113],[-94.0957,73.0507,26.9757],[-137.992,-242.12,145.487],false,[-7.46226,32.2757,54.9268],[-7.46226,32.2757,54.9268],[-53.0773,51.4252,48.2689],[-77.5102,66.416,29.8076],[-98.6624,75.5911,25.7912],[[[0.307354,0.9118,0.272313],[-0.463671,-0.106399,0.879596],[0.830989,-0.396611,0.390073]],[[0.335281,0.897866,0.285349],[-0.229222,-0.216035,0.949098],[0.913808,-0.383622,0.133378]],[[0.335281,0.897866,0.285349],[-0.611616,-0.0229404,0.790822],[0.716598,-0.439672,0.541457]],[[0.335281,0.897866,0.285349],[-0.265956,-0.200359,0.942934],[0.9038,-0.392038,0.171616]]],0],[2701,[-0.632289,0.637018,-0.440929],270,58.8075,[-101.591,139.119,-23.1909],[-101.404,138.895,-23.5121],[-341.069,-248.894,156.029],false,[-4.6328,55.7127,57.0677],[-52.2165,85.2522,9.36352],[-78.1625,116.154,-5.38864],[-93.4451,131.551,-16.0461],[-104.53,140.983,-24.9945],[[[0.762132,0.372278,-0.529683],[-0.0287163,0.836775,0.546794],[0.646785,-0.401519,0.648423]],[[0.754468,0.376977,-0.537276],[0.257011,0.583538,0.770343],[0.603923,-0.719286,0.343374]],[[0.754468,0.376977,-0.537276],[0.176035,0.672381,0.718969],[0.632289,-0.637018,0.440929]],[[0.754468,0.376977,-0.537276],[0.09916,0.743733,0.661082],[0.648803,-0.552041,0.523742]]],1],[2702,[-0.325212,0.801448,-0.501915],270,67.0064,[-61.3686,168.215,-41.5254],[-62.1178,167.119,-42.5213],[-399.283,-151.887,112.391],false,[4.22072,61.9083,51.1646],[-33.199,93.1303,1.23937],[-47.2844,134.631,-18.8254],[-56.5322,157.421,-33.0981],[-63.1622,171.259,-43.9472],[[[0.836162,0.166468,-0.522611],[0.114752,0.878648,0.463476],[0.536345,-0.447511,0.715589]],[[0.901936,0.103389,-0.419312],[0.317988,0.49799,0.806777],[0.292225,-0.860997,0.416279]],[[0.901936,0.103389,-0.419312],[0.284164,0.589061,0.756478],[0.325212,-0.801448,0.501915]],[[0.901936,0.103389,-0.419312],[0.249075,0.668647,0.700624],[0.352809,-0.736358,0.577325]]],2],[2703,[-0.256157,0.810409,-0.526897],270,64.4285,[-32.0512,167.59,-47.0315],[-32.2528,167.132,-47.5564],[-418.838,-115.898,43.1042],false,[14.1059,65.1016,44.606],[-11.1473,95.5206,-3.98127],[-20.9186,134.359,-23.7898],[-28.0147,156.809,-38.3859],[-33.4084,170.75,-49.5948],[[[0.89493,0.0320855,-0.445051],[0.191237,0.873582,0.447529],[0.403148,-0.485617,0.775659]],[[0.908305,0.0153143,-0.418029],[0.356587,0.494116,0.792903],[0.218697,-0.869261,0.443347]],[[0.908305,0.0153143,-0.418029],[0.330705,0.585664,0.740021],[0.256157,-0.810409,0.526897]],[[0.908305,0.0153143,-0.418029],[0.30273,0.665587,0.682164],[0.288682,-0.746163,0.59992]]],3],[2704,[0.011334,0.820963,-0.570869],270,50.5107,[11.3636,149.987,-46.765],[10.7882,149.654,-47.0581],[-377.633,-20.8975,2.96241],false,[24.9997,61.3347,36.2578],[9.2988,92.9036,-9.77664],[11.1431,123.677,-27.0941],[11.3648,139.734,-38.2596],[10.8954,152.945,-49.3203],[[[0.891593,-0.16912,-0.420072],[0.362964,0.82158,0.439617],[0.270775,-0.54443,0.7939]],[[0.918107,-0.234734,-0.319341],[0.392884,0.432994,0.811269],[-0.0521592,-0.870296,0.489759]],[[0.918107,-0.234734,-0.319341],[0.39617,0.520499,0.756393],[-0.011334,-0.820963,0.570869]],[[0.918107,-0.234734,-0.319341],[0.395395,0.597836,0.69732],[0.0272291,-0.766481,0.64169]]],4]],[[0,200,0],[235.247,235.247,147.751]]],[649760,239243153921,[[270,"right",[-0.524142,0.561857,-0.639994],[-0.0611654,-0.774387,-0.629749],[-19.0517,75.4198,13.6282],[-136.283,-98.3789,33.5877],[-19.0097,75.4563,13.6126],0,0,0.406585,[[0.902407,0.271476,-0.334609],[-0.18543,0.945649,0.267139],[0.388944,-0.179021,0.9037]],63.72,[121.006,2.30679,291.551],[15.9912,50.6426,47.5524]]],[[2700,[-0.72882,0.421286,-0.539759],270,52.1164,[-94.0128,72.4905,27.1168],[-94.6935,71.0328,28.0396],[-118.819,-238.76,135.737],false,[-7.09148,32.0626,55.492],[-7.09148,32.0626,55.492],[-53.0845,50.3367,48.9752],[-77.934,64.7007,30.5718],[-99.3351,73.4116,26.8513],[[[0.29424,0.91934,0.261223],[-0.45171,-0.107096,0.885714],[0.842248,-0.37861,0.383762]],[[0.321438,0.906559,0.273549],[-0.218494,-0.210078,0.952957],[0.921378,-0.366085,0.130551]],[[0.321438,0.906559,0.273549],[-0.604565,-0.0258688,0.796135],[0.72882,-0.421286,0.539759]],[[0.321438,0.906559,0.273549],[-0.245932,-0.199043,0.94863],[0.914437,-0.3722,0.158972]]],0],[2701,[-0.648502,0.625877,-0.433271],270,58.8075,[-103.974,136.884,-21.9458],[-103.848,136.501,-22.4102],[-319.908,-250.43,149.521],false,[-4.65309,55.5631,57.4066],[-53.29,83.8559,10.0099],[-79.9406,114.269,-4.50055],[-95.6151,129.397,-14.9729],[-106.975,138.647,-23.7652],[[[0.749369,0.381139,-0.541461],[-0.0373154,0.840736,0.540157],[0.661101,-0.384572,0.644244]],[[0.740365,0.386302,-0.550119],[0.258959,0.591307,0.763738],[0.620323,-0.707903,0.337747]],[[0.740365,0.386302,-0.550119],[0.176933,0.677532,0.713895],[0.648501,-0.625877,0.433271]],[[0.740365,0.386302,-0.550119],[0.0990525,0.746751,0.657687],[0.664867,-0.541419,0.514604]]],1],[2702,[-0.345643,0.792507,-0.502458],270,67.0064,[-64.5576,166.31,-41.2093],[-65.23,165.216,-42.2386],[-386.26,-168.594,89.6471],false,[4.02189,61.8634,51.3512],[-34.5082,91.9984,1.60298],[-49.585,133.105,-18.551],[-59.4138,155.641,-32.8391],[-66.4222,169.3,-43.6769],[[[0.827104,0.17673,-0.53354],[0.104435,0.884421,0.454854],[0.552261,-0.431932,0.713052]],[[0.89447,0.116405,-0.431709],[0.319505,0.50904,0.799246],[0.312793,-0.852835,0.418129]],[[0.89447,0.116405,-0.431709],[0.283644,0.598651,0.749108],[0.345643,-0.792507,0.502458]],[[0.89447,0.116405,-0.431709],[0.246652,0.676866,0.693553],[0.372942,-0.726845,0.576725]]],2],[2703,[-0.277813,0.80145,-0.529621],270,64.4285,[-35.3834,166.047,-47.2142],[-35.5017,165.612,-47.7447],[-404.443,-130.924,25.0818],false,[13.774,65.1745,44.6533],[-12.5629,94.7322,-3.89024],[-23.3194,133.205,-23.9007],[-31.0153,155.407,-38.5723],[-36.8034,169.172,-49.8018],[[[0.889117,0.0440642,-0.455554],[0.180812,0.880568,0.438071],[0.42045,-0.471866,0.774961]],[[0.902371,0.028634,-0.430008],[0.357447,0.507664,0.783906],[0.240746,-0.861079,0.447866]],[[0.902371,0.028634,-0.430008],[0.329465,0.597376,0.73116],[0.277813,-0.80145,0.529621]],[[0.902371,0.028634,-0.430008],[0.2996,0.675556,0.673694],[0.309785,-0.736752,0.601024]]],3],[2704,[-0.0103575,0.816272,-0.577575],270,50.5107,[8.36013,149.211,-47.3296],[7.89825,148.887,-47.6505],[-362.756,-38.5409,-16.2973],false,[24.6374,61.5294,36.2119],[7.85921,92.4265,-9.89832],[8.93481,123.078,-27.4936],[8.73223,139.043,-38.7903],[7.8935,152.156,-49.9472],[[[0.889624,-0.15695,-0.428877],[0.353332,0.831531,0.428616],[0.289353,-0.532844,0.795206]],[[0.918298,-0.220837,-0.328572],[0.394719,0.446964,0.802758],[-0.0304191,-0.866864,0.497615]],[[0.918298,-0.220837