{"metadata":{"formatVersion":2,"generatedBy":"LeapJS Playback 0.2.1","frames":99,"protocolVersion":6,"serviceVersion":"2.2.5+26752","frameRate":"92","modified":"Sun Apr 19 2015 12:57:39 GMT-0300 (E. South America Standard Time)"},"frames":[["id","timestamp",{"hands":[["id","type","direction","palmNormal","palmPosition","palmVelocity","stabilizedPalmPosition","pinchStrength","grabStrength","confidence","armBasis","armWidth","elbow","wrist"]]},{"pointables":[["id","direction","handId","length","stabilizedTipPosition","tipPosition","tipVelocity","tool","carpPosition","mcpPosition","pipPosition","dipPosition","btipPosition","bases","type"]]},{"interactionBox":["center","size"]}],[649651,239242030846,[[270,"right",[0.121509,0.796248,-0.592642],[-0.150902,-0.575307,-0.803897],[26.1309,96.5466,9.30866],[-49.9629,18.0638,31.9361],[28.258,95.8452,7.90283],0,0,0.574516,[[0.932278,-0.151621,-0.328432],[0.191072,0.977331,0.0911859],[0.307162,-0.147765,0.940116]],63.72,[110.633,14.7117,298.232],[27.6997,54.6082,44.4011]]],[[2700,[-0.166265,0.789837,-0.59035],270,52.1164,[-43.0568,132.696,1.4755],[-44.4572,131.245,1.52796],[-88.7538,-46.2667,41.0337],false,[-2.31378,51.0044,39.1796],[-2.31378,51.0044,39.1796],[-31.6166,90.2652,29.6034],[-37.2855,117.195,9.47509],[-46.2179,136.468,-0.348709],[[[0.553454,0.594651,0.583163],[-0.76948,0.0971241,0.631243],[0.31873,-0.798096,0.511326]],[[0.563932,0.567279,0.600146],[-0.580849,-0.244115,0.776545],[0.587023,-0.786512,0.191839]],[[0.563932,0.567279,0.600146],[-0.808911,0.233134,0.539733],[0.166265,-0.789837,0.59035]],[[0.563932,0.567279,0.600146],[-0.732333,0.00765776,0.680904],[0.381667,-0.82349,0.419756]]],0],[2701,[0.0363283,0.853984,-0.519029],270,58.8075,[9.23697,191.985,-42.3112],[7.52638,192.213,-41.6717],[-154.949,10.175,47.0293],false,[9.8496,69.2646,48.1516],[4.93334,122.381,-2.51367],[6.94889,160.659,-21.9169],[7.82696,181.3,-34.462],[8.28539,195.262,-44.2992],[[[0.987527,-0.0507637,-0.149043],[0.142567,0.690041,0.70959],[0.0668245,-0.721988,0.688672]],[[0.989776,-0.102429,-0.0992535],[0.134692,0.442359,0.886666],[-0.0469143,-0.89097,0.451632]],[[0.989776,-0.102429,-0.0992535],[0.137924,0.510117,0.848974],[-0.0363283,-0.853984,0.519029]],[[0.989776,-0.102429,-0.0992535],[0.140082,0.567207,0.811575],[-0.0268312,-0.817181,0.575756]]],1],[2702,[0.23527,0.769148,-0.594188],270,67.0064,[49.5371,191.014,-53.5385],[49.259,191.689,-52.5291],[-153.729,51.3845,41.8355],false,[22.0818,70.2463,47.1384],[26.8794,119.591,-1.94974],[39.3423,158.8,-27.0616],[46.0325,180.672,-43.9581],[50.0459,194.312,-56.2461],[[[0.948605,-0.264727,-0.1734],[0.3089,0.655506,0.689124],[-0.0687646,-0.70727,0.703591]],[[0.932692,-0.350622,-0.084562],[0.251457,0.464056,0.849365],[-0.258564,-0.813459,0.520988]],[[0.932692,-0.350622,-0.084562],[0.273376,0.5343,0.799868],[-0.23527,-0.769148,0.594188]],[[0.932692,-0.350622,-0.084562],[0.290646,0.591821,0.751847],[-0.213568,-0.725819,0.653893]]],2],[2703,[0.365755,0.756357,-0.542353],270,64.4285,[81.8684,175.324,-45.3387],[79.551,177.576,-43.3283],[-122.046,96.4169,70.5945],false,[34.0129,68.1805,45.0619],[47.5363,110.365,0.775054],[64.8662,145.634,-20.4871],[74.9983,166.586,-35.5114],[81.4353,180.106,-46.6857],[[[0.902143,-0.414578,-0.119423],[0.373535,0.612038,0.697052],[-0.215891,-0.67345,0.707005]],[[0.881045,-0.469192,-0.0601645],[0.270771,0.395936,0.877449],[-0.387871,-0.789363,0.475881]],[[0.881045,-0.469192,-0.0601645],[0.299973,0.455832,0.837994],[-0.365755,-0.756357,0.542353]],[[0.881045,-0.469192,-0.0601645],[0.324144,0.506196,0.799184],[-0.344516,-0.723619,0.598067]]],3],[2704,[0.56545,0.670099,-0.480868],270,50.5107,[104.127,143.653,-30.2388],[103.834,144.533,-29.0854],[-82.5149,96.9218,43.4319],false,[44.2592,59.7941,39.8427],[64.849,97.7718,1.16398],[85.7049,122.224,-13.5806],[96.7645,135.33,-22.9857],[106.098,146.505,-32.2118],[[[0.79689,-0.585126,-0.150313],[0.488753,0.478186,0.729697],[-0.355087,-0.654955,0.667044]],[[0.741689,-0.66815,-0.0589322],[0.319367,0.274519,0.906997],[-0.589832,-0.691531,0.416993]],[[0.741689,-0.66815,-0.0589322],[0.360782,0.323331,0.87481],[-0.56545,-0.670099,0.480868]],[[0.741689,-0.66815,-0.0589322],[0.395837,0.365082,0.842632],[-0.541489,-0.648298,0.535256]]],4]],[[0,200,0],[235.247,235.247,147.751]]],[649652,239242041919,[[270,"right",[0.103949,0.800106,-0.590784],[-0.141326,-0.576092,-0.805075],[25.435,96.7256,9.43028],[-54.1671,17.4449,25.0994],[27.7754,95.9957,8.16397],0,0,0.586923,[[0.936293,-0.13125,-0.325773],[0.171785,0.980165,0.0988241],[0.306341,-0.148491,0.940269]],63.72,[110.649,14.6416,298.278],[27.9368,54.7343,44.4051]]],[[2700,[-0.188075,0.790727,-0.582563],270,52.1164,[-44.4477,131.755,2.04023],[-45.8276,130.189,2.07301],[-101.202,-61.7811,44.8702],false,[-2.01114,50.5405,39.2483],[-2.01114,50.5405,39.2483],[-32.0576,89.2926,29.9077],[-38.4702,116.253,10.0448],[-47.689,135.4,0.240278],[[[0.542846,0.604126,0.583395],[-0.769676,0.0799291,0.633411],[0.33603,-0.79287,0.508371]],[[0.554658,0.575019,0.601421],[-0.574495,-0.25822,0.77671],[0.601922,-0.776322,0.187121]],[[0.554658,0.575019,0.601421],[-0.810544,0.210011,0.54673],[0.188075,-0.790727,0.582563]],[[0.554658,0.575019,0.601421],[-0.732934,-0.00453772,0.680284],[0.393905,-0.818128,0.418934]]],0],[2701,[0.0152101,0.855224,-0.518036],270,58.8075,[6.3068,191.946,-41.8757],[4.69844,192.087,-41.337],[-191.396,3.34683,41.1532],false,[9.80483,69.0182,48.2395],[3.69166,122.159,-2.26943],[4.77685,160.495,-21.6339],[5.14448,181.166,-34.155],[5.25205,195.148,-43.9735],[[[0.987968,-0.0304677,-0.15163],[0.130443,0.690885,0.711099],[0.0830937,-0.722322,0.686546]],[[0.991351,-0.0804431,-0.103696],[0.128787,0.444213,0.886616],[-0.025259,-0.892302,0.450731]],[[0.991351,-0.0804431,-0.103696],[0.130356,0.511978,0.84905],[-0.0152101,-0.855224,0.518036]],[[0.991351,-0.0804431,-0.103696],[0.131089,0.569041,0.811793],[-0.00629579,-0.818365,0.574664]]],1],[2702,[0.217884,0.775123,-0.593053],270,67.0064,[46.7445,191.827,-53.1842],[46.4613,192.446,-52.2673],[-185.941,57.4416,36.6894],false,[22.0122,70.2486,47.1986],[25.6908,119.81,-1.76752],[37.2826,159.323,-26.8208],[43.4785,181.365,-43.6851],[47.1784,195.111,-55.9529],[[[0.9533,-0.245106,-0.17647],[0.297386,0.659762,0.690128],[-0.052726,-0.710378,0.701842]],[[0.939385,-0.331381,-0.0879937],[0.244376,0.467105,0.849761],[-0.240493,-0.819756,0.519773]],[[0.939385,-0.331381,-0.0879937],[0.264733,0.537932,0.800341],[-0.217884,-0.775123,0.593053]],[[0.939385,-0.331381,-0.0879937],[0.280698,0.595924,0.752385],[-0.196889,-0.731478,0.65282]]],2],[2703,[0.344713,0.769054,-0.538265],270,64.4285,[79.6605,176.871,-44.6174],[76.8577,179.079,-43.1113],[-166.896,114.547,57.604],false,[33.9771,68.4291,45.0869],[46.5361,110.995,0.881009],[62.8538,146.756,-20.3595],[72.4031,168.061,-35.2705],[78.4787,181.852,-46.315],[[[0.910002,-0.396006,-0.122784],[0.362903,0.617583,0.697777],[-0.200495,-0.679537,0.705713]],[[0.891808,-0.447284,-0.0679363],[0.267012,0.39915,0.877145],[-0.365216,-0.800385,0.475396]],[[0.891808,-0.447284,-0.0679363],[0.293004,0.45661,0.840033],[-0.344713,-0.769054,0.538265]],[[0.891808,-0.447284,-0.0679363],[0.314544,0.505074,0.803718],[-0.325177,-0.738131,0.59112]]],3],[2704,[0.551715,0.680787,-0.481809],270,50.5107,[102.464,145.436,-30.1352],[102.114,146.255,-29.1436],[-105.385,115.955,28.2957],false,[44.3769,60.2647,39.8196],[64.0997,98.752,1.19287],[84.4629,123.598,-13.5818],[95.2537,136.913,-23.0054],[104.355,148.264,-32.2485],[[[0.808126,-0.568556,-0.153874],[0.480875,0.485993,0.729774],[-0.340135,-0.663743,0.666148]],[[0.753867,-0.65418,-0.0610988],[0.316278,0.279812,0.906462],[-0.575893,-0.702676,0.417844]],[[0.753867,-0.65418,-0.0610988],[0.356786,0.329511,0.874143],[-0.551715,-0.680787,0.48181]],[[0.753867,-0.65418,-0.0610988],[0.391036,0.371997,0.841849],[-0.527992,-0.658534,0.536244]]],4]],[[0,200,0],[235.247,235.247,147.751]]],[649653,239242053266,[[270,"right",[0.0851498,0.802833,-0.590091],[-0.133118,-0.577766,-0.805274],[24.7834,96.6118,9.70712],[-55.2517,8.30053,24.866],[27.2163,96.1108,8.45229],0,0,0.555823,[[0.939944,-0.111282,-0.322678],[0.152571,0.98264,0.10555],[0.30533,-0.148442,0.940605]],63.72,[110.727,14.5539,298.575],[28.2874,54.6333,44.6112]]],[[2700,[-0.211936,0.789758,-0.575644],270,52.1164,[-45.9899,130.47,2.81866],[-47.2444,128.772,2.89231],[-111.688,-83.1535,55.4778],false,[-1.59157,49.8403,39.5777],[-1.59157,49.8403,39.5777],[-32.4367,88.0182,30.479],[-39.6628,114.946,10.852],[-49.2883,133.934,1.13004],[[[0.533021,0.614228,0.581904],[-0.768381,0.0634693,0.636838],[0.35423,-0.786572,0.505792]],[[0.545964,0.584217,0.600511],[-0.565771,-0.271553,0.778564],[0.617921,-0.76482,0.182275]],[[0.545964,0.584217,0.600511],[-0.81056,0.187011,0.554996],[0.211936,-0.789758,0.575644]],[[0.545964,0.584217,0.600511],[-0.72991,-0.0201842,0.683245],[0.411284,-0.811346,0.415406]]],0],[2701,[-0.00945521,0.855516,-0.51769],270,58.8075,[3.00416,191.536,-41.4259],[1.68984,191.557,-40.9164],[-221.686,-12.9696,39.8661],false,[9.88648,68.5417,48.5441],[2.47857,121.615,-1.8626],[2.48675,159.965,-21.2281],[2.25821,180.643,-33.7409],[1.95259,194.631,-43.5478],[[[0.987715,-0.0102346,-0.155933],[0.119503,0.69244,0.711509],[0.100693,-0.721403,0.685157]],[[0.992143,-0.0565614,-0.111592],[0.125108,0.447192,0.885645],[-0.000190314,-0.892648,0.450754]],[[0.992143,-0.0565614,-0.111592],[0.12475,0.514678,0.848259],[0.00945521,-0.855516,0.51769]],[[0.992143,-0.0565614,-0.111592],[0.123822,0.571474,0.811225],[0.0178879,-0.818669,0.573987]]],1],[2702,[0.198646,0.781639,-0.591253],270,67.0064,[43.7531,192.371,-52.7381],[43.5339,192.862,-51.9185],[-210.493,52.6867,37.6395],false,[22.0618,70.0207,47.4523],[24.5227,119.712,-1.45892],[35.1492,159.53,-26.4558],[40.798,181.757,-43.2689],[44.1519,195.629,-55.4944],[[[0.957296,-0.225498,-0.180928],[0.286949,0.664735,0.689773],[-0.0352736,-0.712234,0.701055]],[[0.945744,-0.311143,-0.0935859],[0.238671,0.469834,0.849878],[-0.220464,-0.826103,0.518603]],[[0.945744,-0.311143,-0.0935859],[0.257115,0.540584,0.801038],[-0.198646,-0.781639,0.591253]],[[0.945744,-0.311143,-0.0935859],[0.271503,0.598569,0.753658],[-0.178478,-0.738177,0.650569]]],2],[2703,[0.315178,0.775421,-0.547161],270,64.4285,[76.5533,178.277,-44.4286],[73.6954,179.963,-43.4519],[-214.336,104.203,24.5716],false,[34.0518,68.4468,45.2864],[45.5537,111.318,1.08717],[60.5983,147.47,-20.4294],[69.3294,168.95,-35.5869],[74.8369,182.816,-46.8341],[[[0.917298,-0.377316,-0.127269],[0.35334,0.623882,0.697081],[-0.183619,-0.6844,0.705607]],[[0.902753,-0.422808,-0.0791822],[0.267683,0.408081,0.872821],[-0.336723,-0.809138,0.481575]],[[0.902753,-0.422808,-0.0791822],[0.292744,0.468995,0.833273],[-0.315178,-0.775421,0.547161]],[[0.902753,-0.422808,-0.0791822],[0.313281,0.520093,0.794581],[-0.294773,-0.742117,0.601973]]],3],[2704,[0.536713,0.691277,-0.483814],270,50.5107,[100.667,146.912,-30.1639],[100.321,147.653,-29.214],[-122.182,118.459,17.5836],false,[44.592,60.5019,39.9627],[63.363,99.4324,1.30591],[83.1801,124.657,-13.5699],[93.6776,138.177,-23.0327],[102.529,149.707,-32.2977],[[[0.818805,-0.551854,-0.158164],[0.474092,0.494669,0.728382],[-0.323721,-0.671387,0.666666]],[[0.765993,-0.639637,-0.0641735],[0.314878,0.28629,0.904925],[-0.560452,-0.713374,0.420704]],[[0.765993,-0.639637,-0.0641735],[0.353827,0.336155,0.872815],[-0.536713,-0.691277,0.483814]],[[0.765993,-0.639637,-0.0641735],[0.386737,0.378777,0.84081],[-0.513506,-0.668874,0.537512]]],4]],[[0,200,0],[235.247,235.247,147.751]]],[649654,239242064512,[[270,"right",[0.0661478,0.80424,-0.590613],[-0.123371,-0.580775,-0.804661],[24.0875,96.4659,9.98095],[-57.4418,1.26973,24.6952],[26.6022,96.1805,8.75236],0,0,0.559736,[[0.943275,-0.0901694,-0.319533],[0.132329,0.984773,0.112747],[0.304501,-0.148635,0.940844]],63.72,[110.811,14.4532,298.914],[28.5962,54.5847,44.8867]]],[[2700,[-0.236501,0.787228,-0.569508],270,52.1164,[-47.6433,128.976,3.66815],[-48.7665,127.237,3.66526],[-123.014,-101.485,62.213],false,[-1.18994,49.1549,39.9508],[-1.18994,49.1549,39.9508],[-32.857,86.6951,31.0233],[-40.9206,113.536,11.6056],[-51.0445,132.33,2.01293],[[[0.521689,0.625656,0.579996],[-0.767512,0.0473418,0.639285],[0.372514,-0.778662,0.504896]],[[0.535911,0.594605,0.59937],[-0.557094,-0.284388,0.780237],[0.634386,-0.752043,0.178844]],[[0.535911,0.594605,0.59937],[-0.810473,0.163454,0.562509],[0.236501,-0.787228,0.569508]],[[0.535911,0.594605,0.59937],[-0.725035,-0.0396154,0.687571],[0.432577,-0.803042,0.409879]]],0],[2701,[-0.043215,0.85412,-0.518278],270,58.8075,[-0.956319,190.86,-41.0785],[-1.85896,190.811,-40.6528],[-265.252,-29.9551,35.5413],false,[9.91612,68.0998,48.8744],[1.2185,120.984,-1.52482],[-0.234027,159.301,-20.9026],[-1.27855,179.945,-33.4296],[-2.15438,193.899,-43.2497],[[[0.987203,0.0107324,-0.159104],[0.107018,0.695098,0.710905],[0.118223,-0.718835,0.685054]],[[0.991894,-0.0253682,-0.124513],[0.12249,0.451594,0.883775],[0.0338093,-0.891863,0.451041]],[[0.991894,-0.0253682,-0.124513],[0.119496,0.519458,0.846099],[0.043215,-0.85412,0.518278]],[[0.991894,-0.0253682,-0.124513],[0.116272,0.576481,0.808796],[0.0512614,-0.816717,0.574757]]],1],[2702,[0.176306,0.790673,-0.586303],270,67.0064,[40.4563,192.992,-52.1046],[40.3365,193.283,-51.5201],[-237.945,53.6141,44.3143],false,[22.0536,69.8372,47.743],[23.2994,119.551,-1.19141],[32.7877,159.75,-26.036],[37.8012,182.234,-42.7084],[40.7594,196.297,-54.8171],[[[0.961294,-0.205139,-0.183934],[0.274945,0.670955,0.68864],[-0.0178558,-0.712557,0.701387]],[[0.952611,-0.287054,-0.100656],[0.231908,0.471204,0.850991],[-0.196851,-0.834007,0.515444]],[[0.952611,-0.287054,-0.100656],[0.247886,0.540773,0.803814],[-0.176306,-0.790674,0.586303]],[[0.952611,-0.287054,-0.100656],[0.26029,0.597974,0.758074],[-0.157419,-0.74835,0.644354]]],2],[2703,[0.279043,0.783639,-0.555018],270,64.4285,[72.4998,179.655,-44.5509],[70.0047,180.887,-43.8184],[-265.346,101.314,4.80237],false,[34.0674,68.5181,45.539],[44.5123,111.607,1.28969],[57.9826,148.231,-20.4705],[65.7126,169.939,-35.8456],[70.5322,183.915,-47.2718],[[[0.924709,-0.357754,-0.1301],[0.342213,0.631527,0.695747],[-0.166744,-0.687885,0.706407]],[[0.915009,-0.392347,-0.0939278],[0.268077,0.417317,0.868321],[-0.301486,-0.819701,0.487028]],[[0.915009,-0.392347,-0.0939278],[0.291365,0.481636,0.826519],[-0.279043,-0.783639,0.555018]],[[0.915009,-0.392347,-0.0939278],[0.310195,0.535342,0.785613],[-0.25795,-0.747979,0.611547]]],3],[2704,[0.516287,0.701113,-0.491822],270,50.5107,[98.5035,148.317,-30.4885],[98.2506,148.99,-29.515],[-145.45,119.78,1.54089],false,[44.7572,60.7973,40.184],[62.5712,100.104,1.45488],[81.6946,125.732,-13.6363],[91.7925,139.445,-23.2558],[100.279,151.116,-32.6833],[[[0.829855,-0.53436,-0.160623],[0.465788,0.504925,0.726699],[-0.307216,-0.677872,0.667913]],[[0.780072,-0.622004,-0.0678177],[0.314624,0.296254,0.901801],[-0.540833,-0.724807,0.426797]],[[0.780072,-0.622004,-0.0678177],[0.353463,0.348643,0.868051],[-0.516287,-0.701113,0.491822]],[[0.780072,-0.622004,-0.0678177],[0.38612,0.393266,0.834418],[-0.492341,-0.677092,0.546944]]],4]],[[0,200,0],[235.247,235.247,147.751]]],[649655,239242076055,[[270,"right",[0.031442,0.808575,-0.587552],[-0.118695,-0.580663,-0.805445],[21.2195,96.2415,10.2876],[-121.908,-5.71913,25.3275],[25.2582,96.1958,9.13571],0,0,0.572179,[[0.945977,-0.0607149,-0.318498],[0.104021,0.987216,0.120764],[0.307094,-0.147371,0.940199]],63.72,[110.515,14.5722,298.756],[27.5995,54.3623,44.9026]]],[[2700,[-0.267538,0.784046,-0.560085],270,52.1164,[-50.5915,126.947,5.09381],[-52.4914,124.914,5.32506],[-185.813,-132.304,90.7143],false,[-2.08236,48.0343,40.4299],[-2.08236,48.0343,40.4299],[-34.8849,84.751,32.2052],[-44.0068,111.483,13.1088],[-54.7562,130.053,3.76256],[[[0.511652,0.638886,0.574489],[-0.757893,0.0206295,0.652053],[0.404736,-0.769025,0.494762]],[[0.528477,0.605445,0.595104],[-0.537482,-0.303988,0.786578],[0.657134,-0.735546,0.164765]],[[0.528477,0.605445,0.595104],[-0.805689,0.136779,0.57633],[0.267538,-0.784046,0.560085]],[[0.528477,0.605445,0.595104],[-0.713968,-0.0622862,0.697402],[0.459305,-0.793446,0.399351]]],0],[2701,[-0.0890044,0.856495,-0.508423],270,58.8075,[-7.99389,190.116,-39.6999],[-9.04594,190.018,-39.2456],[-394.265,-41.0442,69.5045],false,[8.57928,67.2736,49.2652],[-2.58435,120.091,-0.716481],[-6.00136,158.477,-19.7059],[-8.15263,179.179,-31.9946],[-9.80818,193.186,-41.6369],[[[0.983623,0.0420466,-0.175264],[0.0972613,0.694848,0.712549],[0.151742,-0.717926,0.679379]],[[0.988742,0.0143351,-0.14894],[0.126739,0.44887,0.884564],[0.0795349,-0.893482,0.442]],[[0.988742,0.0143351,-0.14894],[0.120278,0.515955,0.848129],[0.0890044,-0.856495,0.508423]],[[0.988742,0.0143351,-0.14894],[0.114016,0.572427,0.81199],[0.0968972,-0.81983,0.564349]]],1],[2702,[0.141307,0.804605,-0.576752],270,67.0064,[33.7537,193.989,-50.875],[33.3567,194.09,-50.5686],[-361.482,65.4154,66.6568],false,[20.6368,69.3915,47.9431],[19.5328,119.341,-0.753546],[27.3078,160.163,-25.1757],[31.3261,183.043,-41.5765],[33.639,197.384,-53.4984],[[[0.963991,-0.174409,-0.200754],[0.265462,0.676023,0.687403],[0.0158244,-0.715943,0.697979]],[[0.959545,-0.254635,-0.120139],[0.230765,0.466804,0.853722],[-0.161306,-0.846909,0.50668]],[[0.959545,-0.254635,-0.120139],[0.243526,0.536443,0.808037],[-0.141307,-0.804605,0.576752]],[[0.959545,-0.254635,-0.120139],[0.253226,0.593965,0.763598],[-0.123081,-0.76313,0.634416]]],2],[2703,[0.242521,0.795398,-0.555451],270,64.4285,[65.6938,181.411,-44.6222],[63.3847,182.318,-43.9152],[-370.541,109.994,2.91512],false,[32.6474,68.4554,45.5352],[41.0194,112.048,1.33816],[52.855,149.205,-20.4688],[59.5733,171.239,-35.8559],[63.7154,185.431,-47.2805],[[[0.93304,-0.328327,-0.147096],[0.334026,0.638667,0.693204],[-0.133652,-0.695921,0.705572]],[[0.925578,-0.361245,-0.113173],[0.270432,0.421771,0.865434],[-0.264901,-0.831632,0.488074]],[[0.925578,-0.361245,-0.113173],[0.290671,0.486666,0.823812],[-0.242521,-0.795398,0.555451]],[[0.925578,-0.361245,-0.113173],[0.306853,0.54087,0.783136],[-0.221692,-0.75958,0.611466]]],3],[2704,[0.486535,0.716589,-0.499784],270,50.5107,[93.4921,150.385,-31.2908],[93.0875,151.081,-30.343],[-247.014,140.291,-23.1488],false,[43.4804,61.094,39.9661],[59.4255,101.109,1.14821],[77.5281,127.324,-14.1934],[87.0442,141.339,-23.9685],[95.0054,153.257,-33.544],[[[0.843198,-0.507648,-0.176947],[0.461952,0.515816,0.72148],[-0.274986,-0.690092,0.669445]],[[0.796887,-0.598489,-0.0823499],[0.320723,0.303591,0.897201],[-0.511964,-0.741379,0.433878]],[[0.796887,-0.598489,-0.0823499],[0.358126,0.358205,0.862227],[-0.486535,-0.716589,0.499784]],[[0.796887,-0.598489,-0.0823499],[0.389415,0.404657,0.827411],[-0.461872,-0.691421,0.555527]]],4]],[[0,200,0],[235.247,235.247,147.751]]],[649656,239242087941,[[270,"right",[0.0111515,0.811922,-0.583659],[-0.103881,-0.579597,-0.808255],[19.4016,96.0328,11.5767],[-132.632,-9.80912,54.0508],[23.5055,96.147,9.86623],0,0,0.605437,[[0.947209,-0.0344417,-0.318761],[0.0793137,0.988483,0.128879],[0.310651,-0.147358,0.939032]],63.72,[110.705,14.3754,299.531],[26.8292,54.162,45.9923]]],[[2700,[-0.285364,0.780767,-0.555851],270,52.1164,[-53.2741,124.923,6.57791],[-54.9537,122.929,6.7142],[-190.817,-142.074,101.085],false,[-2.68289,47.1094,41.4806],[-2.68289,47.1094,41.4806],[-36.2968,83.1147,33.388],[-46.0264,109.735,14.4359],[-57.2448,128.096,5.22975],[[[0.495285,0.648814,0.577696],[-0.758284,-0.00161121,0.651922],[0.423907,-0.760945,0.491188]],[[0.513703,0.614223,0.599032],[-0.531657,-0.3201,0.784141],[0.673388,-0.721295,0.16212]],[[0.513703,0.614223,0.599032],[-0.809121,0.1146,0.576359],[0.285364,-0.780767,0.555851]],[[0.513703,0.614223,0.599032],[-0.711576,-0.0850683,0.69744],[0.479343,-0.784534,0.393366]]],0],[2701,[-0.124906,0.85659,-0.500652],270,58.8075,[-13.744,189.32,-37.7764],[-14.0312,189.223,-37.368],[-412.584,-49.6411,102.969],false,[7.48887,66.5687,50.4112],[-4.99397,119.327,0.6801],[-9.98927,157.677,-18.032],[-13.0083,178.381,-30.133],[-15.2622,192.407,-39.6251],[[[0.982281,0.0676674,-0.174772],[0.0795924,0.69365,0.715902],[0.169674,-0.717127,0.675973]],[[0.985979,0.0508866,-0.158924],[0.119696,0.447917,0.886026],[0.116272,-0.892626,0.435546]],[[0.985979,0.0508866,-0.158924],[0.110656,0.513482,0.850936],[0.124906,-0.85659,0.500652]],[[0.985979,0.0508866,-0.158924],[0.102197,0.568739,0.816144],[0.131917,-0.820942,0.555564]]],1],[2702,[0.120372,0.810487,-0.573255],270,67.0064,[29.1778,194.392,-49.171],[29.0321,194.442,-48.8283],[-362.688,52.78,94.1397],false,[19.4894,68.9962,49.1028],[17.135,119.136,0.64593],[23.8541,160.259,-23.5815],[27.277,183.307,-39.8828],[29.2146,197.75,-51.7477],[[[0.968116,-0.14909,-0.201305],[0.248219,0.679191,0.690715],[0.0337458,-0.71866,0.694543]],[[0.965726,-0.229369,-0.121506],[0.218957,0.468474,0.855915],[-0.139398,-0.853184,0.502639]],[[0.965726,-0.229369,-0.121506],[0.229966,0.538981,0.810318],[-0.120372,-0.810487,0.573255]],[[0.965726,-0.229369,-0.121506],[0.238207,0.597211,0.765896],[-0.103108,-0.768589,0.631379]]],2],[2703,[0.222375,0.804993,-0.550033],270,64.4285,[60.1212,182.949,-43.1709],[59.3497,183.446,-42.1653],[-358.836,105.658,55.2876],false,[31.5202,68.3747,46.694],[38.7983,112.376,2.70894],[49.6865,149.959,-18.8609],[55.8467,172.259,-34.0979],[59.6317,186.631,-45.421],[[[0.941045,-0.303995,-0.148395],[0.317701,0.643548,0.696356],[-0.116189,-0.702448,0.702187]],[[0.934515,-0.336799,-0.115099],[0.259412,0.423104,0.868152],[-0.243694,-0.84116,0.482766]],[[0.934515,-0.336799,-0.115099],[0.277905,0.488419,0.827173],[-0.222375,-0.804993,0.550033]],[[0.934515,-0.336799,-0.115099],[0.292647,0.54303,0.787068],[-0.202581,-0.76921,0.606033]]],3],[2704,[0.470086,0.724454,-0.504168],270,50.5107,[90.2514,151.807,-30.3488],[89.9615,152.509,-29.2277],[-251.102,131.296,15.0131],false,[42.5363,61.3156,41.0928],[57.4744,101.906,2.47195],[74.9877,128.437,-13.0094],[84.182,142.606,-22.8703],[91.8647,154.643,-32.5246],[[[0.855757,-0.485378,-0.179132],[0.448679,0.523827,0.724081],[-0.257619,-0.70001,0.666047]],[[0.809481,-0.581548,-0.0808846],[0.315308,0.314353,0.895412],[-0.495299,-0.750323,0.43783]],[[0.809481,-0.581548,-0.0808846],[0.351795,0.370092,0.859809],[-0.470086,-0.724454,0.504168]],[[0.809481,-0.581548,-0.0808846],[0.382206,0.417338,0.824468],[-0.445711,-0.698306,0.560099]]],4]],[[0,200,0],[235.247,235.247,147.751]]],[649657,239242099183,[[270,"right",[-0.00166319,0.824105,-0.566435],[-0.120306,-0.562486,-0.818007],[16.9976,95.9973,11.0959],[-159.46,-7.61347,22.0674],[21.1422,96.0926,10.3128],0,0,0.467216,[[0.946212,-0.0352698,-0.321619],[0.0790531,0.989115,0.124107],[0.313741,-0.142857,0.938701]],63.72,[109.884,14.8452,297.903],[25.1745,53.4165,44.4543]]],[[2700,[-0.294551,0.792386,-0.534195],270,52.1164,[-55.552,124.333,7.96916],[-57.3641,122.951,8.13957],[-192.61,-91.6771,109.638],false,[-4.42011,46.4255,40.4112],[-4.42011,46.4255,40.4112],[-38.0351,82.689,33.5733],[-48.078,109.706,15.3596],[-59.4972,128.258,6.80768],[[[0.506755,0.637039,0.580846],[-0.744496,-0.0163189,0.667428],[0.434656,-0.770659,0.466003]],[[0.526109,0.601115,0.601557],[-0.519354,-0.333026,0.786998],[0.67341,-0.726467,0.136983]],[[0.526109,0.601115,0.601557],[-0.797777,0.103856,0.593941],[0.294551,-0.792386,0.534195]],[[0.526109,0.601115,0.601557],[-0.696521,-0.101266,0.710355],[0.487922,-0.792721,0.365412]]],0],[2701,[-0.145383,0.866725,-0.477129],270,58.8075,[-18.0952,189.991,-35.4413],[-18.1,190.154,-34.9967],[-400.647,-5.44115,141.624],false,[5.92123,65.7036,49.5377],[-7.63807,119.488,1.20676],[-13.4383,158.239,-16.4142],[-16.9523,179.188,-27.9466],[-19.5802,193.395,-37.0663],[[[0.978363,0.0725318,-0.193765],[0.0940062,0.678439,0.728617],[0.184306,-0.731067,0.656941]],[[0.98075,0.0627082,-0.184926],[0.141078,0.427219,0.893074],[0.135007,-0.901971,0.410148]],[[0.98075,0.0627082,-0.184926],[0.13036,0.494829,0.859157],[0.145383,-0.866725,0.477129]],[[0.98075,0.0627082,-0.184926],[0.120299,0.551937,0.825163],[0.153812,-0.831525,0.533768]]],1],[2702,[0.106747,0.822184,-0.559123],270,67.0064,[25.3472,195.514,-47.7962],[25.2216,195.655,-47.4467],[-355.575,70.7962,103.325],false,[17.89,68.1727,48.0308],[14.4855,119.324,0.706633],[20.6215,160.949,-22.8079],[23.657,184.329,-38.7073],[25.315,199.012,-50.3183],[[[0.963812,-0.143632,-0.224582],[0.26208,0.664719,0.699616],[0.0487967,-0.733156,0.678308]],[[0.963197,-0.225031,-0.147013],[0.236741,0.45118,0.86046],[-0.127301,-0.863596,0.487849]],[[0.963197,-0.225031,-0.147013],[0.246692,0.522852,0.815947],[-0.106747,-0.822184,0.559123]],[[0.963197,-0.225031,-0.147013],[0.253903,0.582159,0.772414],[-0.0882323,-0.781314,0.61787]]],2],[2703,[0.210413,0.818027,-0.535311],270,64.4285,[55.8701,184.34,-42.2298],[55.7168,184.634,-41.5368],[-346.158,107.423,58.8963],false,[29.8683,67.6168,45.3587],[36.1923,112.548,2.17335],[46.6024,150.638,-18.7325],[52.4313,173.299,-33.5617],[55.9732,187.941,-44.6145],[[[0.93797,-0.299655,-0.174412],[0.331693,0.629049,0.703049],[-0.100958,-0.71729,0.689422]],[[0.932243,-0.332769,-0.142082],[0.276831,0.403099,0.872282],[-0.232995,-0.852512,0.467907]],[[0.932243,-0.332769,-0.142082],[0.294362,0.469144,0.832619],[-0.210413,-0.818027,0.535311]],[[0.932243,-0.332769,-0.142082],[0.308197,0.524546,0.793641],[-0.189571,-0.783656,0.591562]]],3],[2704,[0.461365,0.735148,-0.496688],270,50.5107,[87.0721,152.724,-30.9214],[86.7537,153.352,-29.9635],[-261.432,114.155,-8.87431],false,[40.7703,60.691,39.3806],[54.8673,102.107,1.32483],[72.1121,128.96,-13.9008],[81.1359,143.339,-23.6154],[88.6519,155.583,-33.1386],[[[0.852196,-0.480449,-0.207197],[0.463312,0.508925,0.725491],[-0.243114,-0.714257,0.656302]],[[0.807299,-0.580055,-0.108653],[0.332284,0.29463,0.89598],[-0.487705,-0.759427,0.430598]],[[0.807299,-0.580055,-0.108653],[0.367983,0.350847,0.861101],[-0.461365,-0.735148,0.496688]],[[0.807299,-0.580055,-0.108653],[0.397659,0.398649,0.826405],[-0.436046,-0.710363,0.552493]]],4]],[[0,200,0],[235.247,235.247,147.751]]],[649658,239242110170,[[270,"right",[-0.0246094,0.8227,-0.567943],[-0.118983,-0.566487,-0.815436],[14.817,96.1208,10.8204],[-172.106,-1.49865,6.78394],[18.3186,96.1052,10.5394],0,0,0.525455,[[0.946616,-0.0168436,-0.321924],[0.0620978,0.989458,0.130828],[0.316327,-0.143835,0.937683]],63.72,[109.635,14.9448,297.334],[24.2262,53.7801,44.1596]]],[[2700,[-0.314046,0.784968,-0.534041],270,52.1164,[-58.0508,123.294,8.6872],[-59.9376,121.724,8.59243],[-205.553,-99.4021,83.1682],false,[-5.27146,46.2012,40.4844],[-5.27146,46.2012,40.4844],[-39.5453,81.8671,33.7751],[-50.2529,108.631,15.5667],[-62.1655,126.931,7.14531],[[[0.501036,0.6481,0.573524],[-0.736016,-0.0294953,0.676321],[0.45524,-0.760984,0.462234]],[[0.521292,0.612691,0.594024],[-0.506777,-0.337797,0.793139],[0.686609,-0.714495,0.134406]],[[0.521292,0.612691,0.594024],[-0.793492,0.0918408,0.601611],[0.314046,-0.784968,0.534041]],[[0.521292,0.612691,0.594024],[-0.684958,-0.114784,0.719484],[0.509005,-0.781943,0.359831]]],0],[2701,[-0.186558,0.855651,-0.482761],270,58.8075,[-23.9093,189.113,-35.3445],[-23.7975,189.12,-35.2268],[-448.49,-38.4699,85.1561],false,[4.79732,65.698,49.4497],[-10.3915,119.102,1.18216],[-17.9173,157.516,-16.5256],[-22.4265,178.197,-28.1941],[-25.7675,192.16,-37.4568],[[[0.974368,0.0912991,-0.2056],[0.089346,0.68171,0.726146],[0.206456,-0.725903,0.656079]],[[0.973428,0.0945699,-0.208554],[0.147492,0.437748,0.886917],[0.17517,-0.89411,0.412168]],[[0.973428,0.0945699,-0.208554],[0.132795,0.50884,0.850557],[0.186558,-0.855651,0.482761]],[[0.973428,0.0945699,-0.208554],[0.119166,0.56851,0.814],[0.195545,-0.817222,0.542134]]],1],[2702,[0.0866403,0.827049,-0.555412],270,67.0064,[20.8092,196.055,-47.6389],[20.5031,196.006,-47.6499],[-376.048,61.933,70.5759],false,[16.6964,68.3982,47.7949],[11.7235,119.371,0.417568],[16.8797,161.214,-22.9462],[19.3434,184.732,-38.7401],[20.6289,199.511,-50.2755],[[[0.963699,-0.125174,-0.235828],[0.257299,0.671229,0.695161],[0.0712784,-0.730605,0.67907]],[[0.96558,-0.20696,-0.157554],[0.237091,0.451183,0.860362],[-0.106974,-0.868103,0.484721]],[[0.96558,-0.20696,-0.157554],[0.245253,0.522644,0.816513],[-0.0866403,-0.827049,0.555412]],[[0.96558,-0.20696,-0.157554],[0.250951,0.581942,0.773542],[-0.0684043,-0.786455,0.613848]]],2],[2703,[0.188063,0.821969,-0.537587],270,64.4285,[51.0137,185.321,-42.7756],[51.1292,185.437,-42.3803],[-368.311,97.1067,17.692],false,[28.6506,68.0717,44.9808],[33.5751,113.026,1.63726],[42.988,151.307,-19.3914],[48.1977,174.077,-34.2836],[51.3236,188.787,-45.3719],[[[0.941528,-0.281566,-0.185056],[0.327635,0.636938,0.697829],[-0.0786158,-0.717656,0.691946]],[[0.936898,-0.314379,-0.152932],[0.278996,0.408737,0.868963],[-0.210675,-0.856796,0.470655]],[[0.936898,-0.314379,-0.152932],[0.294711,0.474903,0.829224],[-0.188063,-0.821969,0.537587]],[[0.936898,-0.314379,-0.152932],[0.306973,0.530427,0.790199],[-0.167303,-0.787282,0.593462]]],3],[2704,[0.446629,0.743064,-0.498376],270,50.5107,[83.6338,154.087,-31.803],[83.1892,154.675,-31.0685],[-278.269,117.911,-32.3812],false,[39.6145,61.3484,38.8858],[52.4401,102.952,0.585159],[69.1452,130.079,-14.7556],[77.8807,144.612,-24.5033],[85.1529,156.997,-34.0346],[[[0.858937,-0.464079,-0.216467],[0.461847,0.519468,0.718923],[-0.221189,-0.717484,0.660524]],[[0.81574,-0.567004,-0.114346],[0.333723,0.299892,0.893697],[-0.472438,-0.767184,0.433856]],[[0.81574,-0.567004,-0.114346],[0.367548,0.355475,0.859387],[-0.446629,-0.743064,0.498376]],[[0.81574,-0.567004,-0.114346],[0.395689,0.40283,0.825323],[-0.4219,-0.718494,0.552962]]],4]],[[0,200,0],[235.247,235.247,147.751]]],[649659,239242121341,[[270,"right",[-0.049503,0.831585,-0.553187],[-0.105937,-0.555113,-0.825001],[13.2422,95.9912,11.1418],[-161.876,-4.82124,14.008],[15.6137,96.0444,10.8603],0,0,0.500732,[[0.947979,0.0121013,-0.318104],[0.0338112,0.989797,0.138414],[0.316534,-0.141969,0.937897]],63.72,[109.407,15.0166,296.929],[23.9434,53.3483,43.6968]]],[[2700,[-0.331729,0.785147,-0.522972],270,52.1164,[-60.2568,121.539,9.36618],[-61.899,119.728,9.37297],[-193.566,-126.273,73.7652],false,[-5.3438,45.0138,39.9747],[-5.3438,45.0138,39.9747],[-40.4097,79.983,33.7056],[-51.7202,106.753,15.8745],[-64.1801,124.864,7.84484],[[[0.48473,0.65163,0.583451],[-0.732577,-0.0619881,0.677856],[0.477878,-0.756,0.447321]],[[0.506334,0.615932,0.603534],[-0.500154,-0.360378,0.787384],[0.702476,-0.700539,0.125589]],[[0.506334,0.615932,0.603534],[-0.795979,0.0645892,0.601869],[0.331729,-0.785147,0.522972]],[[0.506334,0.615932,0.603534],[-0.678368,-0.147597,0.719744],[0.532393,-0.773849,0.343095]]],0],[2701,[-0.23272,0.839882,-0.490347],270,58.8075,[-30.001,187.4,-35.0098],[-29.5248,187.649,-34.3167],[-475.971,-79.163,68.0058],false,[4.20794,64.6232,49.2547],[-12.6307,118.426,1.9869],[-22.1474,156.344,-15.8285],[-27.7723,176.644,-27.6804],[-31.8904,190.269,-37.1319],[[[0.970729,0.122114,-0.206816],[0.0727905,0.671021,0.737857],[0.22888,-0.731314,0.642491]],[[0.965379,0.138406,-0.221105],[0.137753,0.449295,0.882699],[0.221512,-0.882597,0.414674]],[[0.965379,0.138406,-0.221105],[0.117835,0.524826,0.843014],[0.23272,-0.839882,0.490347]],[[0.965379,0.138406,-0.221105],[0.0997508,0.587326,0.80318],[0.241026,-0.797428,0.553186]]],1],[2702,[0.0661698,0.850654,-0.521544],270,67.0064,[16.6948,197.88,-44.2116],[16.1728,197.68,-44.3445],[-375.046,100.494,160.669],false,[16.0213,67.6837,47.6131],[9.46546,119.326,1.16208],[13.5754,162.173,-20.5286],[15.457,186.363,-35.3594],[16.3783,201.625,-46.2842],[[[0.966,-0.094006,-0.240848],[0.240863,0.665786,0.706196],[0.0939666,-0.740197,0.665792]],[[0.970443,-0.176436,-0.16465],[0.225763,0.42267,0.877714],[-0.0852681,-0.888944,0.45001]],[[0.970443,-0.176436,-0.16465],[0.23208,0.495235,0.837187],[-0.0661698,-0.850654,0.521544]],[[0.970443,-0.176436,-0.16465],[0.236296,0.556099,0.796817],[-0.0490258,-0.812172,0.581354]]],2],[2703,[0.165393,0.834452,-0.525675],270,64.4285,[46.8459,186.921,-41.2719],[46.9534,187.123,-40.6971],[-366.799,113.26,60.6969],false,[27.9702,67.7412,44.7584],[31.4897,113.573,2.20469],[39.8733,152.421,-18.2114],[44.455,175.537,-32.7737],[47.1649,190.473,-43.6678],[[[0.948374,-0.251828,-0.192792],[0.312137,0.633434,0.708048],[-0.0561853,-0.731672,0.679337]],[[0.944468,-0.287476,-0.159179],[0.269763,0.401701,0.875136],[-0.187638,-0.869479,0.456944]],[[0.944468,-0.287476,-0.159179],[0.283946,0.470156,0.83566],[-0.165393,-0.834452,0.525675]],[[0.944468,-0.287476,-0.159179],[0.294862,0.527605,0.796674],[-0.145041,-0.799369,0.583071]]],3],[2704,[0.440386,0.746754,-0.498416],270,50.5107,[81.3337,155.482,-31.4436],[80.6187,156.284,-30.5181],[-252.35,119.835,-9.63689],false,[39.0963,61.4356,38.5128],[50.6246,104.051,0.918532],[67.1315,131.362,-14.31],[75.7449,145.967,-24.0584],[82.898,158.388,-33.6332],[[[0.870799,-0.435995,-0.227193],[0.449645,0.519407,0.72666],[-0.198815,-0.734931,0.648343]],[[0.822359,-0.55827,-0.109818],[0.325258,0.302907,0.895799],[-0.466833,-0.772387,0.43068]],[[0.822359,-0.55827,-0.109818],[0.360258,0.361514,0.859954],[-0.440386,-0.746754,0.498416]],[[0.822359,-0.55827,-0.109818],[0.389243,0.411236,0.824242],[-0.414989,-0.720569,0.555486]]],4]],[[0,200,0],[235.247,235.247,147.751]]],[649660,239242132499,[[270,"right",[-0.0717414,0.835166,-0.545299],[-0.0986138,-0.549969,-0.829343],[11.831,95.756,10.8855],[-150.252,-10.1585,1.86925],[13.3364,95.8708,10.8755],0,0,0.527517,[[0.948633,0.0342898,-0.314515],[0.0119612,0.989512,0.143958],[0.316153,-0.140325,0.938273]],63.72,[109.058,15.1887,296.32],[23.6969,53.0765,42.9859]]],[[2700,[-0.34685,0.782937,-0.516435],270,52.1164,[-62.0433,119.762,9.64176],[-63.4571,118.062,9.58738],[-173.119,-133.933,51.4183],false,[-5.41793,44.1158,39.3677],[-5.41793,44.1158,39.3677],[-41.0964,78.5166,33.4181],[-52.9224,105.211,15.8099],[-65.7235,123.157,7.94675],[[[0.473598,0.657178,0.586363],[-0.726688,-0.0845887,0.68174],[0.497625,-0.748974,0.437502]],[[0.496991,0.620382,0.606734],[-0.492075,-0.374425,0.785919],[0.714746,-0.689153,0.119188]],[[0.496991,0.620382,0.606734],[-0.795421,0.0462181,0.604292],[0.34685,-0.782937,0.516435]],[[0.496991,0.620382,0.606734],[-0.673663,-0.164886,0.72041],[0.546972,-0.766771,0.335981]]],0],[2701,[-0.266528,0.831213,-0.487902],270,58.8075,[-34.9709,185.936,-34.6348],[-34.1724,186.347,-33.9035],[-457.515,-94.1642,56.6466],false,[3.74779,63.8523,48.7667],[-14.5986,117.681,2.09343],[-25.5754,155.295,-15.5272],[-32.0175,175.385,-27.32],[-36.705,188.836,-36.7555],[[[0.966401,0.145869,-0.211642],[0.0623109,0.665872,0.74346],[0.249374,-0.731667,0.634409]],[[0.957482,0.170354,-0.232825],[0.133969,0.452188,0.881804],[0.2555,-0.875503,0.41014]],[[0.957482,0.170354,-0.232825],[0.11041,0.529212,0.841275],[0.266528,-0.831213,0.487902]],[[0.957482,0.170354,-0.232825],[0.0892115,0.592645,0.800508],[0.274352,-0.787243,0.552249]]],1],[2702,[0.0501985,0.853203,-0.519157],270,67.0064,[13.1801,198.098,-43.6175],[12.5017,197.839,-43.8909],[-353.852,67.8827,114.827],false,[15.4785,67.1937,47.0806],[7.46602,119.088,1.14146],[10.7906,162.086,-20.385],[12.2181,186.348,-35.148],[12.8465,201.646,-46.0424],[[[0.96633,-0.0699897,-0.247605],[0.230255,0.664721,0.710724],[0.114845,-0.743806,0.658455]],[[0.973128,-0.158746,-0.166796],[0.21969,0.423098,0.879048],[-0.0689746,-0.89207,0.446603]],[[0.973128,-0.158746,-0.166796],[0.224725,0.496834,0.838245],[-0.0501985,-0.853203,0.519157]],[[0.973128,-0.158746,-0.166796],[0.227823,0.558585,0.797546],[-0.0334378,-0.814114,0.579741]]],2],[2703,[0.153515,0.842877,-0.515743],270,64.4285,[43.8034,187.903,-40.6292],[43.6517,188.049,-40.2476],[-332.995,103.51,57.7274],false,[27.4048,67.5467,44.1534],[29.6205,113.825,1.99685],[37.4097,152.974,-18.0777],[41.6623,176.323,-32.3648],[44.1758,191.449,-43.0414],[[[0.952572,-0.228593,-0.200877],[0.30225,0.633972,0.711845],[-0.0353722,-0.738799,0.672997]],[[0.948871,-0.271429,-0.161156],[0.263159,0.398232,0.878726],[-0.174334,-0.876207,0.449299]],[[0.948871,-0.271429,-0.161156],[0.275822,0.464633,0.84145],[-0.153515,-0.842877,0.515743]],[[0.948871,-0.271429,-0.161156],[0.285567,0.520535,0.804671],[-0.134523,-0.809549,0.571431]]],3],[2704,[0.429878,0.754318,-0.496195],270,50.5107,[78.9587,156.735,-31.5962],[78.1018,157.532,-30.7927],[-239.072,117.007,-11.4667],false,[38.6305,61.5503,37.7828],[48.9568,104.75,0.507079],[65.1261,132.377,-14.5115],[73.534,147.13,-24.2165],[80.4877,159.652,-33.8064],[[[0.878953,-0.414152,-0.236473],[0.44241,0.522922,0.728578],[-0.178085,-0.745004,0.642849]],[[0.829972,-0.546498,-0.111742],[0.319429,0.301427,0.898391],[-0.457287,-0.781334,0.424743]],[[0.829972,-0.546498,-0.111742],[0.355459,0.363793,0.86099],[-0.429878,-0.754318,0.496195]],[[0.829972,-0.546498,-0.111742],[0.385223,0.416685,0.823393],[-0.403421,-0.72644,0.55636]]],4]],[[0,200,0],[235.247,235.247,147.751]]],[649661,239242143470,[[270,"right",[-0.0965005,0.834569,-0.542386],[-0.102007,-0.550353,-0.828677],[10.0371,95.4936,10.5013],[-154.546,-14.6136,-10.0768],[11.1482,95.6206,10.6273],0,0,0.557096,[[0.948634,0.0505712,-0.312309],[-0.00391199,0.988942,0.148254],[0.316352,-0.139417,0.938341]],63.72,[108.651,15.3497,295.668],[23.236,52.9922,42.3163]]],[[2700,[-0.3661,0.776788,-0.512417],270,52.1164,[-63.9911,118.092,10.075],[-65.4078,116.548,10.2319],[-173.874,-136.264,48.8858],false,[-5.76105,43.4901,39.1636],[-5.76105,43.4901,39.1636],[-41.9991,77.3607,33.5641],[-54.4815,103.846,16.0929],[-67.7576,121.554,8.4834],[[[0.470818,0.665017,0.579726],[-0.71354,-0.0994076,0.693526],[0.518836,-0.740183,0.427714]],[[0.495109,0.628832,0.599531],[-0.477339,-0.379696,0.792451],[0.725958,-0.678529,0.112175]],[[0.495109,0.628832,0.599531],[-0.787933,0.0342135,0.61481],[0.3661,-0.776788,0.512417]],[[0.495109,0.628832,0.599531],[-0.658085,-0.179113,0.73133],[0.567267,-0.75663,0.325144]]],0],[2701,[-0.295943,0.825077,-0.481316],270,58.8075,[-39.7421,184.67,-34.0071],[-38.8529,185.122,-33.3681],[-447.528,-99.7459,57.5672],false,[3.18637,63.3804,48.4483],[-16.9429,116.931,2.19187],[-29.1538,154.311,-15.1116],[-36.3069,174.253,-26.7452],[-41.5031,187.587,-36.0795],[[[0.959834,0.164416,-0.227347],[0.062107,0.665693,0.743637],[0.273609,-0.727887,0.628743]],[[0.948255,0.193091,-0.252049],[0.141528,0.453555,0.879919],[0.284222,-0.87006,0.402758]],[[0.948255,0.193091,-0.252049],[0.115022,0.531002,0.839528],[0.295943,-0.825077,0.481316]],[[0.948255,0.193091,-0.252049],[0.0912088,0.594714,0.798747],[0.304127,-0.780405,0.546328]]],1],[2702,[0.0342229,0.855524,-0.516632],270,67.0064,[9.37197,198.024,-43.5592],[8.416,197.733,-43.9112],[-352.385,42.5511,77.205],false,[14.8225,66.9451,46.5745],[5.07238,118.755,0.877002],[7.6484,161.879,-20.5002],[8.62158,186.207,-35.1913],[8.94361,201.541,-46.0487],[[[0.963229,-0.0513451,-0.263729],[0.229476,0.667764,0.708119],[0.13975,-0.7426,0.654992]],[[0.973198,-0.146152,-0.177556],[0.223674,0.42213,0.878508],[-0.053444,-0.894676,0.443507]],[[0.973198,-0.146152,-0.177556],[0.22741,0.496708,0.837595],[-0.0342229,-0.855524,0.516632]],[[0.973198,-0.146152,-0.177556],[0.229331,0.559239,0.796655],[-0.0171368,-0.816022,0.577767]]],2],[2703,[0.135,0.848278,-0.512055],270,64.4285,[39.9255,188.452,-40.9738],[39.5669,188.512,-40.8041],[-340.482,85.2155,26.9664],false,[26.6897,67.5278,43.4507],[27.3332,113.91,1.35459],[34.2744,153.243,-18.6708],[38.0142,176.742,-32.8557],[40.1916,191.994,-43.4257],[[[0.953238,-0.210257,-0.217093],[0.302046,0.638376,0.707986],[-0.0102721,-0.740451,0.672032]],[[0.950695,-0.256514,-0.174299],[0.26841,0.399022,0.876777],[-0.155356,-0.880331,0.448199]],[[0.950695,-0.256514,-0.174299],[0.279203,0.463278,0.841082],[-0.135,-0.848277,0.512055]],[[0.950695,-0.256514,-0.174299],[0.2874,0.517519,0.805962],[-0.116537,-0.816318,0.565725]]],3],[2704,[0.417814,0.760001,-0.497824],270,50.5107,[76.0077,157.581,-32.693],[74.9822,158.326,-32.0901],[-249.392,103.764,-41.0039],false,[37.9189,61.7547,36.883],[46.8095,105.203,-0.473455],[62.5463,133.021,-15.5986],[70.7182,147.886,-25.3354],[77.4683,160.511,-34.9351],[[[0.882544,-0.397112,-0.251829],[0.44453,0.52996,0.722174],[-0.153324,-0.749296,0.644242]],[[0.834863,-0.537309,-0.119596],[0.323928,0.303891,0.895947],[-0.445056,-0.786733,0.427757]],[[0.834863,-0.537309,-0.11959