{"metadata":{"formatVersion":2,"generatedBy":"LeapJS Playback 0.2.1","frames":1,"protocolVersion":6,"serviceVersion":"2.2.5+26752","frameRate":"1.1e+2","modified":"Sun Apr 19 2015 21:58:51 GMT-0300 (E. South America Standard Time)"},"frames":[["id","timestamp",{"hands":[["id","type","direction","palmNormal","palmPosition","palmVelocity","stabilizedPalmPosition","pinchStrength","grabStrength","confidence","armBasis","armWidth","elbow","wrist"]]},{"pointables":[["id","direction","handId","length","stabilizedTipPosition","tipPosition","tipVelocity","tool","carpPosition","mcpPosition","pipPosition","dipPosition","btipPosition","bases","type"]]},{"interactionBox":["center","size"]}],[1298215,271733423277,[[435,"left",[-0.0666819,0.89293,-0.44523],[-0.0962703,-0.449899,-0.887875],[-17.5605,84.6787,81.1911],[0.346612,-0.297229,0.06163],[-16.6113,74.1386,73.0756],1,0,0.578539,[[-0.903295,0.277193,-0.327449],[0.0515913,0.827892,0.55851],[-0.425907,-0.487606,0.762131]],56.5106,[-122.696,-73.2287,289.192],[-20.712,43.5292,106.699]]],[[4350,[-0.55602,0.327473,-0.76394],435,46.2198,[-30.7768,68.9496,24.3818],[-30.7414,70.4313,24.8765],[-1.88514,-1.97048,1.42329],false,[3.67691,36.9234,96.6142],[3.67691,36.9234,96.6142],[-1.43151,56.8899,57.4343],[-18.2444,66.7919,34.3343],[-34.3507,71.1237,21.9803],[[[-0.326534,0.570065,0.753924],[0.868333,-0.134125,0.477502],[-0.373327,-0.810578,0.45121]],[[-0.118998,0.878282,0.463098],[0.986166,0.158755,-0.047677],[0.115393,-0.451018,0.885024]],[[-0.118998,0.878282,0.463098],[0.822607,0.348399,-0.449373],[0.55602,-0.327473,0.76394]],[[-0.118998,0.878282,0.463098],[0.619413,0.43019,-0.656707],[0.775994,-0.208702,0.595211]]],0],[4351,[-0.0619425,0.842002,-0.535906],435,52.1539,[5.35305,145.12,13.5364],[-0.810889,166.794,34.2627],[-1.28772,-3.5178,-4.71472],false,[-2.39006,53.0819,108.615],[3.19583,105.702,70.4453],[1.12957,139.089,52.2026],[-0.198209,157.137,40.7151],[-1.23052,169.422,31.9047],[[[-0.990217,0.133814,0.0395615],[0.110189,0.575906,0.810056],[-0.085613,-0.80649,0.585016]],[[-0.99166,0.00888281,0.128577],[0.116919,0.481771,0.868462],[0.0542303,-0.876252,0.478791]],[[-0.99166,0.00888281,0.128577],[0.113022,0.539401,0.83443],[0.0619425,-0.842002,0.535906]],[[-0.99166,0.00888281,0.128577],[0.109405,0.585361,0.803357],[0.0681279,-0.810724,0.581451]]],1],[4352,[-0.0119803,0.812115,-0.583375],435,59.4252,[-11.4609,150.181,7.19042],[-17.0141,173.449,29.5989],[1.51976,-3.36064,-4.34775],false,[-12.876,55.8182,109.96],[-16.024,106.332,74.3673],[-16.7259,142.781,52.0449],[-17.028,163.262,37.3328],[-17.1664,176.19,26.8161],[[[-0.996858,-0.0765279,-0.0204427],[-0.0607113,0.572392,0.81773],[0.0508779,-0.816401,0.575239]],[[-0.998075,-0.0452171,-0.0424499],[-0.0598079,0.520496,0.851767],[0.0164194,-0.852666,0.522198]],[[-0.998075,-0.0452171,-0.0424499],[-0.0608527,0.581743,0.811093],[0.0119803,-0.812115,0.583375]],[[-0.998075,-0.0452171,-0.0424499],[-0.0614623,0.629463,0.774595],[0.00830426,-0.775713,0.631031]]],2],[4353,[0.228981,-0.89511,-0.382551],435,57.1389,[-23.3472,41.7383,43.3843],[-24.2865,57.9752,32.8339],[-0.411454,-0.0387736,-9.34876],false,[-23.769,56.0396,109.973],[-34.8913,100.907,79.162],[-33.1195,92.2135,40.5437],[-27.4939,70.2226,31.1453],[-23.3003,54.2344,32.3096],[[[-0.971073,-0.238764,0.00284589],[-0.130124,0.539145,0.8321],[0.20021,-0.80766,0.554618]],[[-0.967428,-0.252838,0.0125347],[-0.249168,0.942302,-0.223566],[-0.0447143,0.219407,0.974608]],[[-0.967428,-0.252838,0.0125347],[-0.107943,0.367221,-0.923849],[-0.228981,0.89511,0.382551]],[[-0.967428,-0.252838,0.0125347],[0.0056714,-0.0711501,-0.997449],[-0.253085,0.964889,-0.0702665]]],3],[4354,[0.508801,-0.766166,-0.39257],435,44.7958,[-33.045,50.1344,48.4828],[-33.5202,63.8378,44.786],[0.236301,0.898169,-8.15803],false,[-34.7354,51.0325,106.233],[-51.7954,92.4461,80.9673],[-48.8606,86.8159,50.2582],[-40.035,73.5261,43.4487],[-31.4449,60.908,44.269],[[[-0.906436,-0.416415,-0.0705087],[-0.261375,0.421958,0.868121],[0.331747,-0.805326,0.491318]],[[-0.827115,-0.561524,0.0239049],[-0.554186,0.807747,-0.201053],[-0.0935868,0.179541,0.979289]],[[-0.827115,-0.561524,0.0239049],[-0.238753,0.312538,-0.919411],[-0.508801,0.766166,0.39257]],[[-0.827115,-0.561524,0.0239049],[0.0104,-0.0578169,-0.998273],[-0.561937,0.825438,-0.053661]]],4]],[[0,200,0],[235.247,235.247,147.751]]]]}