{"metadata":{"formatVersion":2,"generatedBy":"LeapJS Playback 0.2.1","frames":1,"protocolVersion":6,"serviceVersion":"2.2.5+26752","frameRate":"1.1e+2","modified":"Sun Apr 19 2015 21:59:12 GMT-0300 (E. South America Standard Time)"},"frames":[["id","timestamp",{"hands":[["id","type","direction","palmNormal","palmPosition","palmVelocity","stabilizedPalmPosition","pinchStrength","grabStrength","confidence","armBasis","armWidth","elbow","wrist"]]},{"pointables":[["id","direction","handId","length","stabilizedTipPosition","tipPosition","tipVelocity","tool","carpPosition","mcpPosition","pipPosition","dipPosition","btipPosition","bases","type"]]},{"interactionBox":["center","size"]}],[1298435,271735425808,[[435,"left",[0.0143271,0.914059,-0.405328],[-0.127099,-0.400417,-0.907476],[-16.2436,88.3626,83.9319],[1.95728,-2.54619,0.813653],[-16.3466,79.3142,76.8655],1,0,0.551078,[[-0.901709,0.335255,-0.272992],[0.11773,0.797965,0.591093],[-0.416005,-0.500855,0.759003]],56.5106,[-122.76,-73.3721,289.311],[-23.1475,46.5583,107.566]]],[[4350,[-0.502919,0.420089,-0.755379],435,46.2198,[-27.891,74.7836,25.9786],[-25.1154,78.4923,27.4076],[-5.95318,-0.739387,1.70314],false,[0.66659,38.3179,97.3125],[0.66659,38.3179,97.3125],[2.30778,61.1412,59.415],[-12.8994,73.8438,36.5739],[-28.6955,79.9957,24.5974],[[[-0.282616,0.562468,0.777019],[0.849433,-0.229577,0.47514],[-0.445637,-0.794307,0.412897]],[[-0.0556841,0.856381,0.513333],[0.99776,0.0286383,0.0604561],[-0.0370724,-0.51555,0.856057]],[[-0.0556841,0.856381,0.513333],[0.862538,0.300227,-0.407298],[0.502919,-0.420089,0.755379]],[[-0.0556841,0.856381,0.513333],[0.646304,0.422801,-0.63524],[0.761046,-0.296396,0.577026]]],0],[4351,[-0.0637911,0.875944,-0.478177],435,52.1539,[4.32654,150.654,19.1408],[2.52986,171.165,41.8563],[-0.19158,-2.44631,2.50795],false,[-4.08748,54.3973,109.993],[6.3384,107.964,74.2309],[4.32922,142.54,58.3503],[2.96181,161.317,48.1003],[1.85924,174.142,40.107],[[[-0.975301,0.217075,0.0408161],[0.15249,0.528047,0.835412],[-0.159794,-0.821003,0.548106]],[[-0.985677,0.0196534,0.167496],[0.160189,0.41966,0.893434],[0.0527323,-0.907469,0.416797]],[[-0.985677,0.0196534,0.167496],[0.156115,0.482013,0.862144],[0.0637911,-0.875944,0.478177]],[[-0.985677,0.0196534,0.167496],[0.152139,0.532156,0.832865],[0.0727653,-0.846418,0.527524]]],1],[4352,[-0.00839521,0.836235,-0.548307],435,59.4252,[-12.3365,157.764,14.6123],[-12.953,178.961,36.1139],[-0.079599,-2.58212,1.14757],false,[-14.3096,57.9683,111.408],[-12.7884,110.081,78.0865],[-13.2103,147.639,57.6765],[-13.422,168.728,43.8487],[-13.5411,182.015,33.7895],[[[-0.999533,0.0109375,-0.0285275],[-0.0181367,0.538991,0.842116],[-0.0245867,-0.842241,0.538541]],[[-0.999799,-0.0170152,-0.0106422],[-0.0174744,0.477262,0.878588],[0.00987023,-0.878597,0.477463]],[[-0.999799,-0.0170152,-0.0106422],[-0.018229,0.548107,0.83621],[0.00839521,-0.836235,0.548307]],[[-0.999799,-0.0170152,-0.0106422],[-0.0187549,0.603388,0.797227],[0.00714359,-0.797266,0.603586]]],2],[4353,[0.145186,-0.875725,-0.460463],435,57.1389,[-23.4091,45.1914,40.814],[-24.1684,59.6024,32.3111],[1.00476,3.45399,-6.01113],false,[-25.1428,59.1301,111.38],[-32.0933,106.103,82.5459],[-29.7521,93.7453,44.9705],[-26.1852,72.2307,33.658],[-23.5569,56.0179,31.4661],[[[-0.988027,-0.153787,-0.0123664],[-0.090277,0.511271,0.854665],[0.125114,-0.845548,0.519033]],[[-0.987268,-0.158793,-0.00929169],[-0.147684,0.936764,-0.317272],[-0.0590848,0.311861,0.948289]],[[-0.987268,-0.158793,-0.00929169],[-0.0649814,0.45595,-0.88763],[-0.145186,0.875725,0.460463]],[[-0.987268,-0.158793,-0.00929169],[-0.0119139,0.13207,-0.991169],[-0.158618,0.978439,0.132281]]],3],[4354,[0.414544,-0.790307,-0.451186],435,44.7958,[-32.7334,54.4752,46.8648],[-32.0374,66.6786,44.9166],[0.691927,-0.134624,-1.86354],false,[-36.4676,55.2594,107.369],[-49.6785,99.0637,83.8929],[-44.5459,90.6866,54.113],[-37.3553,76.978,46.2868],[-30.4457,63.4801,44.3523],[[[-0.938316,-0.332965,-0.0932551],[-0.231442,0.404404,0.884812],[0.256899,-0.851817,0.456521]],[[-0.891365,-0.45252,-0.0263315],[-0.422704,0.8508,-0.312186],[-0.163673,0.267141,0.949656]],[[-0.891365,-0.45252,-0.0263315],[-0.183361,0.413087,-0.892041],[-0.414544,0.790307,0.451186]],[[-0.891365,-0.45252,-0.0263315],[-0.0340165,0.124705,-0.991611],[-0.452007,0.882992,0.126551]]],4]],[[0,200,0],[235.247,235.247,147.751]]]]}