{"metadata":{"formatVersion":2,"generatedBy":"LeapJS Playback 0.2.1","frames":1,"protocolVersion":6,"serviceVersion":"2.2.5+26752","frameRate":"1.1e+2","modified":"Sun Apr 19 2015 20:53:35 GMT-0300 (E. South America Standard Time)"},"frames":[["id","timestamp",{"hands":[["id","type","direction","palmNormal","palmPosition","palmVelocity","stabilizedPalmPosition","pinchStrength","grabStrength","confidence","armBasis","armWidth","elbow","wrist"]]},{"pointables":[["id","direction","handId","length","stabilizedTipPosition","tipPosition","tipVelocity","tool","carpPosition","mcpPosition","pipPosition","dipPosition","btipPosition","bases","type"]]},{"interactionBox":["center","size"]}],[854344,267813838286,[[303,"right",[-0.966688,-0.031874,-0.253967],[-0.251965,-0.0560922,0.966109],[20.6146,107.837,27.603],[9.67633,2.77214,15.4362],[20.0368,107.499,26.5247],0.841888,0,0.375029,[[-0.195733,-0.944652,-0.263287],[0.676083,0.0644899,-0.733998],[0.710352,-0.321672,0.626041]],63.72,[266.043,15.3426,205.823],[74.2476,102.194,36.7915]]],[[3030,[-0.943054,-0.0269229,0.331547],303,52.1164,[-8.90024,121.561,75.3206],[-8.459,122.833,79.1204],[-5.32486,15.2404,4.21416],false,[73.5503,130.146,49.4114],[73.5503,130.146,49.4114],[27.1331,141.814,63.5911],[-5.02088,140.896,74.8954],[-9.67784,118.579,80.1848],[[[0.0548562,-0.357608,-0.932259],[0.453699,0.840642,-0.295768],[0.889465,-0.40674,0.208361]],[[-0.323819,-0.15369,-0.933553],[0.174558,0.960074,-0.218605],[0.929877,-0.233747,-0.284062]],[[-0.323819,-0.15369,-0.933553],[-0.0760896,0.987752,-0.13622],[0.943054,0.0269229,-0.331547]],[[-0.323819,-0.15369,-0.933553],[-0.924957,0.258949,0.278207],[0.198985,0.953585,-0.22601]]],0],[3031,[-0.996835,0.00239568,0.0794625],303,58.8075,[-83.1634,131.392,18.981],[-84.1432,132.849,22.8417],[13.1365,6.66859,14.2377],false,[68.4964,122.853,27.4306],[-4.13716,132.145,20.3231],[-47.0851,132.592,19.3034],[-71.179,132.65,21.224],[-88.046,132.584,23.9477],[[[-0.117909,-0.989102,-0.0881782],[0.106693,0.0756653,-0.991409],[0.987276,-0.126304,0.0966084]],[[-0.0085349,-0.996994,-0.07701],[0.0244654,0.0767816,-0.996748],[0.999664,-0.0103912,0.0237365]],[[-0.0085349,-0.996994,-0.07701],[-0.0790391,0.0774445,-0.993859],[0.996835,-0.00239568,-0.0794625]],[[-0.0085349,-0.996994,-0.07701],[-0.159231,0.0773852,-0.984204],[0.987205,0.00386228,-0.159412]]],1],[3032,[0.845031,0.0684877,0.530312],303,67.0064,[18.4744,115.936,76.4425],[21.0464,116.751,77.5067],[-8.57245,-22.4803,14.4535],false,[66.6602,111.008,24.6119],[-2.70825,110.285,17.1908],[-17.7177,114.489,62.8013],[6.31199,116.437,77.8815],[25.0939,116.745,77.3488],[[[0.000110596,-0.995382,0.0959963],[0.106872,-0.0954348,-0.989682],[0.994273,0.0103688,0.106368]],[[0.0191324,-0.995001,0.0980137],[-0.950088,-0.0486255,-0.308171],[0.311396,-0.0872256,-0.946269]],[[0.0191324,-0.995001,0.0980137],[-0.534374,0.0726785,0.842118],[-0.845031,-0.0684877,-0.530312]],[[0.0191324,-0.995001,0.0980137],[0.0265953,0.0985034,0.994781],[-0.999463,-0.0164258,0.0283469]]],2],[3033,[0.809355,0.197318,0.553181],303,64.4285,[24.0741,101.07,73.4189],[25.5911,101.678,74.499],[-8.64671,-19.6621,13.7645],false,[65.942,98.7455,24.8071],[4.51198,88.6812,17.8196],[-11.4517,94.5258,59.1387],[10.9691,99.992,74.4629],[29.5269,102.16,74.5044],[[[0.138368,-0.972961,0.184934],[0.138248,-0.165927,-0.976399],[0.980684,0.160669,0.111551]],[[0.113672,-0.976693,0.182072],[-0.92705,-0.170175,-0.334094],[0.357291,-0.130813,-0.924787]],[[0.113672,-0.976693,0.182072],[-0.576214,0.0844797,0.812921],[-0.809355,-0.197318,-0.553181]],[[0.113672,-0.976693,0.182072],[-0.0232891,0.18059,0.983283],[-0.993245,-0.116012,-0.0022183]]],3],[3034,[0.760604,0.343811,0.550704],303,50.5107,[24.0886,86.7863,62.9315],[25.3231,87.5105,65.4028],[-5.38327,-13.2168,6.14252],false,[66.8556,86.542,32.0733],[12.1765,69.4175,23.1716],[-2.71492,78.2425,54.004],[12.1616,84.967,64.7751],[29.0597,88.294,65.4766],[[[0.226184,-0.906946,0.355373],[0.244181,-0.300387,-0.922032],[0.942983,0.295324,0.153516]],[[0.167484,-0.923461,0.345208],[-0.891394,-0.291426,-0.347113],[0.421148,-0.24958,-0.871977]],[[0.167484,-0.923461,0.345208],[-0.62724,0.170332,0.759972],[-0.760604,-0.343811,-0.550704]],[[0.167484,-0.923461,0.345208],[-0.10421,0.331609,0.937644],[-0.980352,-0.193015,-0.040695]]],4]],[[0,200,0],[235.247,235.247,147.751]]]]}