{"metadata":{"formatVersion":2,"generatedBy":"LeapJS Playback 0.2.1","frames":1,"protocolVersion":6,"serviceVersion":"2.2.5+26752","frameRate":"1.1e+2","modified":"Sun Apr 19 2015 20:53:51 GMT-0300 (E. South America Standard Time)"},"frames":[["id","timestamp",{"hands":[["id","type","direction","palmNormal","palmPosition","palmVelocity","stabilizedPalmPosition","pinchStrength","grabStrength","confidence","armBasis","armWidth","elbow","wrist"]]},{"pointables":[["id","direction","handId","length","stabilizedTipPosition","tipPosition","tipVelocity","tool","carpPosition","mcpPosition","pipPosition","dipPosition","btipPosition","bases","type"]]},{"interactionBox":["center","size"]}],[854634,267816422582,[[303,"right",[-0.955875,0.100202,-0.276157],[-0.293473,-0.2831,0.913087],[44.7107,112.335,26.6122],[90.7573,40.2729,12.7356],[41.132,111.226,26.3217],0.805022,0,0.209216,[[0.344646,-0.936456,-0.06534],[0.522483,0.249185,-0.815425],[0.779892,0.246894,0.575163]],63.72,[308.065,167.537,190.587],[97.4942,100.876,35.2932]]],[[3030,[-0.912839,-0.331272,0.238714],303,52.1164,[15.945,113.638,77.5253],[19.4609,111.016,77.2408],[93.2199,-121.107,-28.1863],false,[97.9752,124.668,54.6524],[97.9752,124.668,54.6524],[52.657,138.924,69.9748],[21.5332,127.629,78.1139],[19.1405,104.426,76.2143],[[[0.0706103,-0.111058,-0.991302],[0.515004,0.855147,-0.0591209],[0.854275,-0.50635,0.117578]],[[-0.287896,0.107593,-0.951599],[0.304802,0.95229,0.0154569],[0.907861,-0.285599,-0.306955]],[[-0.287896,0.107593,-0.951599],[-0.289554,0.937381,0.193587],[0.912839,0.331272,-0.238714]],[[-0.287896,0.107593,-0.951599],[-0.952189,0.07392,0.296432],[0.102236,0.991443,0.0811678]]],0],[3031,[-0.99371,-0.0713457,0.08631],303,58.8075,[-65.4552,137.929,28.9278],[-58.0333,134.949,27.9137],[74.3385,-11.6893,-4.16402],false,[93.3779,123.582,31.4237],[21.7798,139.331,25.2467],[-21.1351,137.998,23.729],[-45.1535,136.274,25.8151],[-61.8737,134.539,28.8715],[[[-0.173618,-0.923476,-0.342123],[0.150775,0.318378,-0.935897],[0.973203,-0.214072,0.0839615]],[[0.0406179,-0.947915,-0.315923],[0.0236851,0.317008,-0.948127],[0.998894,0.0310283,0.0353277]],[[0.0406179,-0.947915,-0.315923],[-0.104354,0.31043,-0.944851],[0.99371,0.0713457,-0.08631]],[[0.0406179,-0.947915,-0.315923],[-0.201656,0.3019,-0.931768],[0.978614,0.101554,-0.17889]]],1],[3032,[0.928848,-0.153333,0.33724],303,67.0064,[39.868,107.861,70.8104],[50.1897,107.104,69.2801],[78.8549,-10.3928,5.64183],false,[90.9465,113.002,25.6138],[22.0144,118.947,16.6363],[9.95333,112.286,62.8255],[36.3664,107.925,72.4154],[54.493,106.888,67.5687],[[[-0.0636808,-0.984562,-0.16304],[0.140582,0.152892,-0.978192],[0.988019,-0.0852127,0.128676]],[[-0.100965,-0.98064,-0.167785],[-0.962908,0.138736,-0.23143],[0.250227,0.138196,-0.958274]],[[-0.100965,-0.98064,-0.167785],[-0.356438,-0.121798,0.926346],[-0.928848,0.153333,-0.33724]],[[-0.100965,-0.98064,-0.167785],[0.24366,-0.187884,0.951488],[-0.964591,0.0551844,0.257912]]],2],[3033,[0.922009,0.00852587,0.387075],303,64.4285,[47.0377,95.205,63.8467],[55.0209,94.8091,62.8414],[79.8256,-0.835184,1.25767],false,[89.484,101.173,22.6344],[27.8896,97.4543,11.861],[15.4844,93.7938,54.6275],[41.0259,94.0299,65.3503],[59.2536,95.0577,61.3772],[[[0.0719931,-0.995076,-0.0681199],[0.167098,0.0793649,-0.982741],[0.983308,0.0593679,0.171989]],[[0.040134,-0.996476,-0.07365],[-0.959844,-0.0179669,-0.279957],[0.277647,0.0819284,-0.957183]],[[0.040134,-0.996476,-0.07365],[-0.385083,-0.0834409,0.919102],[-0.922009,-0.00852587,-0.387075]],[[0.040134,-0.996476,-0.07365],[0.215948,-0.0633171,0.97435],[-0.97558,-0.0550092,0.212646]]],3],[3034,[0.870095,0.213039,0.444465],303,50.5107,[44.2748,84.814,53.8045],[51.3781,84.9404,52.0533],[83.1001,5.68148,-4.1578],false,[89.3686,87.4876,26.5398],[34.1592,76.9846,12.2607],[21.3177,78.7245,45.1597],[38.3357,82.8913,53.8529],[55.1614,85.6317,51.3045],[[[0.156711,-0.98086,0.115564],[0.262473,-0.0714408,-0.962291],[0.952129,0.181134,0.246254]],[[0.177383,-0.976688,0.120892],[-0.914681,-0.208946,-0.345978],[0.363172,-0.0492075,-0.930422]],[[0.177383,-0.976688,0.120892],[-0.459859,0.0263474,0.887601],[-0.870095,-0.213039,-0.444465]],[[0.177383,-0.976688,0.120892],[0.125178,0.144234,0.981594],[-0.976148,-0.158985,0.147845]]],4]],[[0,200,0],[235.247,235.247,147.751]]]]}