{"metadata":{"formatVersion":2,"generatedBy":"LeapJS Playback 0.2.1","frames":1,"protocolVersion":6,"serviceVersion":"2.2.5+26752","frameRate":"72","modified":"Sun Apr 19 2015 12:59:29 GMT-0300 (E. South America Standard Time)"},"frames":[["id","timestamp",{"hands":[["id","type","direction","palmNormal","palmPosition","palmVelocity","stabilizedPalmPosition","pinchStrength","grabStrength","confidence","armBasis","armWidth","elbow","wrist"]]},{"pointables":[["id","direction","handId","length","stabilizedTipPosition","tipPosition","tipVelocity","tool","carpPosition","mcpPosition","pipPosition","dipPosition","btipPosition","bases","type"]]},{"interactionBox":["center","size"]}],[655931,239357448259,[[283,"right",[-0.0881033,0.540111,-0.83697],[-0.0283933,-0.841257,-0.539889],[8.86338,89.1976,20.9557],[-5.06602,-9.32693,29.4202],[3.89688,92.0054,34.0782],0.614952,0,0.35031,[[0.93996,0.2246,-0.256963],[0.0527418,0.648287,0.759567],[0.337185,-0.727515,0.597518]],62.9556,[111.132,-129.921,226.635],[21.184,64.1514,67.2406]]],[[2830,[0.632399,-0.0919877,-0.769161],283,51.4912,[26.7813,59.7951,-24.3526],[24.0343,55.4006,-22.2375],[-44.0854,-71.6816,47.0753],false,[-6.86621,52.6784,66.829],[-6.86621,52.6784,66.829],[-7.10624,59.1984,17.9437],[14.1971,56.0997,-7.96676],[28.6316,54.0517,-25.9144],[[[0.408874,0.867414,0.283575],[-0.754257,0.146281,0.640077],[0.51373,-0.475599,0.714064]],[[0.290178,0.948759,0.125115],[-0.95696,0.287018,0.0429796],[0.00486686,-0.132202,0.991211]],[[0.290178,0.948759,0.125115],[-0.71824,0.302316,-0.626687],[-0.632399,0.0919877,0.769161]],[[0.290178,0.948759,0.125115],[-0.725332,0.303336,-0.617965],[-0.624251,0.0885692,0.776187]]],0],[2831,[-0.313584,0.794434,-0.520134],283,58.1021,[-46.4556,168.23,-32.3688],[-42.7057,167.23,-36.6675],[19.559,-16.6778,2.8567],false,[0.685259,74.8302,67.6976],[-17.8816,103.746,3.64626],[-30.8539,138.525,-16.9419],[-38.3424,157.496,-29.3629],[-43.7545,170.483,-38.6909],[[[0.966779,0.114149,-0.228712],[-0.00960427,0.91034,0.41375],[0.255435,-0.397808,0.881194]],[[0.933248,0.156753,-0.323228],[0.188809,0.551438,0.812569],[0.305613,-0.819356,0.485032]],[[0.933248,0.156753,-0.323228],[0.175251,0.586773,0.79056],[0.313584,-0.794434,0.520134]],[[0.933248,0.156753,-0.323228],[0.162047,0.619329,0.768226],[0.320606,-0.769324,0.552587]]],1],[2832,[0.169272,0.778491,-0.6044],283,66.2026,[8.81479,183.804,-38.8851],[18.2137,176.344,-51.319],[6.85645,-69.3225,-44.4414],false,[12.1553,77.9666,65.1282],[3.83566,106.118,2.76018],[12.089,144.542,-24.1352],[16.8447,166.414,-41.116],[19.9096,180.337,-53.01],[[[0.979777,-0.09752,-0.174717],[0.15959,0.907578,0.388373],[0.120696,-0.408402,0.904788]],[[0.981748,-0.187142,0.0339077],[0.0783327,0.560333,0.824555],[-0.173308,-0.806849,0.564765]],[[0.981748,-0.187142,0.0339077],[0.0867115,0.599108,0.795959],[-0.169272,-0.778491,0.6044]],[[0.981748,-0.187142,0.0339077],[0.0944588,0.634523,0.76711],[-0.165074,-0.749906,0.640618]]],2],[2833,[-0.0978556,-0.587391,0.803366],283,63.6556,[17.7277,56.8917,18.1696],[13.8243,50.216,20.303],[-32.2246,-28.5548,48.3701],false,[24.0334,77.9271,62.63],[25.8971,103.19,6.16301],[15.9105,66.332,-15.9828],[13.2323,50.2553,6.00512],[14.0618,49.6382,24.436],[[[0.972023,-0.224694,-0.0684429],[0.232949,0.88481,0.403542],[-0.0301147,-0.408196,0.912398]],[[0.971296,-0.232235,-0.0514906],[0.0735143,0.498924,-0.863522],[0.22623,0.83495,0.501675]],[[0.971296,-0.232235,-0.0514906],[-0.216815,-0.775267,-0.593256],[0.0978556,0.587391,-0.803366]],[[0.971296,-0.232235,-0.0514906],[-0.233591,-0.972085,-0.022032],[-0.0449366,0.0334274,-0.99843]]],3],[2834,[-0.236515,-0.586023,0.775009],283,49.9048,[32.0569,65.2588,18.5777],[28.8638,57.8161,16.837],[-29.4228,-30.6198,37.4624],false,[35.718,70.7458,59.5275],[45.4935,95.702,8.8942],[33.096,69.8279,-11.038],[28.5255,58.5035,3.93843],[28.6798,57.4856,20.9373],[[[0.910063,-0.413515,-0.0281125],[0.377716,0.799528,0.466996],[-0.170633,-0.435615,0.883812]],[[0.910972,-0.411156,-0.0328873],[0.210227,0.531426,-0.820604],[0.354873,0.740633,0.57055]],[[0.910972,-0.411156,-0.0328873],[-0.337922,-0.698233,-0.631094],[0.236515,0.586023,-0.775009]],[[0.910972,-0.411156,-0.0328873],[-0.412369,-0.909603,-0.0507275],[-0.00905756,0.059773,-0.998171]]],4]],[[0,200,0],[235.247,235.247,147.751]]]]}