{"metadata":{"formatVersion":2,"generatedBy":"LeapJS Playback 0.2.1","frames":1,"protocolVersion":6,"serviceVersion":"2.2.5+26752","frameRate":"72","modified":"Sun Apr 19 2015 12:59:53 GMT-0300 (E. South America Standard Time)"},"frames":[["id","timestamp",{"hands":[["id","type","direction","palmNormal","palmPosition","palmVelocity","stabilizedPalmPosition","pinchStrength","grabStrength","confidence","armBasis","armWidth","elbow","wrist"]]},{"pointables":[["id","direction","handId","length","stabilizedTipPosition","tipPosition","tipVelocity","tool","carpPosition","mcpPosition","pipPosition","dipPosition","btipPosition","bases","type"]]},{"interactionBox":["center","size"]}],[655965,239358127432,[[283,"right",[-0.13794,0.516533,-0.845083],[-0.231784,-0.846382,-0.479494],[15.1526,95.4327,26.7958],[10.2818,9.70788,20.6477],[4.58303,92.1151,33.45],0.55992,0,0.313909,[[0.916466,0.0620131,-0.395278],[0.262491,0.652418,0.710949],[0.301975,-0.755318,0.581641]],62.9556,[111.309,-130.979,227.308],[30.7535,70.5099,72.1485]]],[[2830,[0.486883,-0.243769,-0.838762],283,51.4912,[20.4732,50.5047,-18.2216],[16.2627,51.2953,-16.3414],[-39.326,-7.34774,29.8583],false,[1.62446,63.3865,76.5498],[1.62446,63.3865,76.5498],[-7.08198,62.3772,28.0161],[9.31944,54.1655,-0.238964],[17.4009,49.5079,-21.397],[[[0.56788,0.805614,0.168812],[-0.617476,0.281339,0.734555],[0.544274,-0.521377,0.657215]],[[0.33358,0.939374,-0.0793743],[-0.926045,0.342283,0.159005],[0.176534,0.0204631,0.984082]],[[0.33358,0.939374,-0.0793743],[-0.80726,0.241149,-0.538682],[-0.486883,0.243769,0.838762]],[[0.33358,0.939374,-0.0793743],[-0.875542,0.277494,-0.395504],[-0.3495,0.201428,0.915028]]],0],[2831,[-0.273662,0.777286,-0.566513],283,58.1021,[-37.7495,171.338,-32.9742],[-32.1505,176.72,-29.7567],[19.8911,8.90007,7.44165],false,[12.3172,84.1646,74.9944],[-11.5787,113.207,12.7937],[-22.0355,148.13,-8.94959],[-28.5707,166.692,-22.4782],[-33.6008,179.02,-32.8549],[[[0.926107,-0.0411665,-0.375008],[0.185064,0.915784,0.356498],[0.32875,-0.399556,0.855733]],[[0.895963,-0.00819664,-0.444054],[0.369544,0.568344,0.735134],[0.24635,-0.82275,0.512244]],[[0.895963,-0.00819664,-0.444054],[0.3498,0.629095,0.694176],[0.273662,-0.777286,0.566513]],[[0.895963,-0.00819664,-0.444054],[0.329332,0.683076,0.651881],[0.297979,-0.730302,0.61471]]],1],[2832,[0.213747,0.709667,-0.67133],283,66.2026,[25.1209,177.267,-49.6209],[29.2087,177.456,-50.1985],[20.3103,-18.6384,-8.39756],false,[23.5825,85.4419,70.5828],[9.85405,112.247,8.57868],[20.7548,147.631,-21.3714],[26.76,167.569,-40.2326],[30.4499,180.119,-53.4087],[[[0.916799,-0.250281,-0.31119],[0.346142,0.886646,0.306667],[0.199163,-0.388868,0.899509]],[[0.936956,-0.343406,-0.064696],[0.264042,0.574453,0.774781],[-0.2289,-0.743018,0.628911]],[[0.936956,-0.343406,-0.064696],[0.276452,0.615178,0.738329],[-0.213747,-0.709667,0.67133]],[[0.936956,-0.343406,-0.064696],[0.287433,0.652068,0.701562],[-0.198734,-0.675928,0.709666]]],2],[2833,[-0.0657367,-0.577831,0.813505],283,63.6556,[16.9278,55.4175,19.6585],[13.8657,54.4345,26.5197],[-18.6719,6.37571,14.9602],false,[34.8023,83.5229,66.3679],[31.5256,106.154,8.85865],[13.0054,70.8231,-10.047],[11.2062,55.0081,12.2184],[14.5727,53.8886,30.3341],[[[0.907395,-0.370901,-0.197655],[0.416931,0.853651,0.312168],[0.0529447,-0.365668,0.929238]],[[0.907713,-0.373217,-0.191746],[0.00637542,0.469197,-0.883071],[0.419543,0.800352,0.428276]],[[0.907713,-0.373217,-0.191746],[-0.41441,-0.725824,-0.549039],[0.0657367,0.577831,-0.813505]],[[0.907713,-0.373217,-0.191746],[-0.377887,-0.92576,0.0130176],[-0.182369,0.0606421,-0.981358]]],3],[2834,[-0.195834,-0.558989,0.805717],283,49.9048,[31.1779,62.8468,18.8378],[29.022,59.5702,21.4666],[-11.4985,2.45479,22.7308],false,[44.7154,74.5556,62.0039],[50.0298,95.9029,9.10641],[30.985,71.4161,-6.96048],[27.2007,60.6141,8.60935],[29.5584,58.9642,25.3945],[[[0.825978,-0.546645,-0.137621],[0.556017,0.749888,0.358487],[-0.0927647,-0.372622,0.923335]],[[0.828649,-0.533693,-0.168857],[0.127093,0.473154,-0.871764],[0.54515,0.700926,0.459907]],[[0.828649,-0.533693,-0.168857],[-0.524395,-0.634589,-0.567721],[0.195834,0.558989,-0.805717]],[[0.828649,-0.533693,-0.168857],[-0.542377,-0.840111,-0.00639216],[-0.138447,0.0968812,-0.98562]]],4]],[[0,200,0],[235.247,235.247,147.751]]]]}