{"metadata":{"formatVersion":2,"generatedBy":"LeapJS Playback 0.2.1","frames":92,"protocolVersion":6,"serviceVersion":"2.2.5+26752","frameRate":"79","modified":"Sun Apr 19 2015 12:47:23 GMT-0300 (E. South America Standard Time)"},"frames":[["id","timestamp",{"hands":[["id","type","direction","palmNormal","palmPosition","palmVelocity","stabilizedPalmPosition","pinchStrength","grabStrength","confidence","armBasis","armWidth","elbow","wrist"]]},{"pointables":[["id","direction","handId","length","stabilizedTipPosition","tipPosition","tipVelocity","tool","carpPosition","mcpPosition","pipPosition","dipPosition","btipPosition","bases","type"]]},{"interactionBox":["center","size"]}],[618617,238623356418,[[229,"right",[-0.560487,0.587454,-0.58374],[-0.819578,-0.494691,0.289091],[22.0754,121.321,10.6405],[9.04427,-12.2699,16.1729],[27.8081,126.942,10.3523],0,0.182372,0.778474,[[0.246427,-0.663872,-0.706079],[0.368952,0.73795,-0.565071],[0.896185,-0.12126,0.426788]],63.72,[298.759,54.1137,150.363],[56.7889,86.854,35.13]]],[[2290,[-0.939181,0.153058,-0.307429],229,52.1164,[-46.3623,132.134,41.1168],[-47.5277,130.071,47.0101],[7.42777,-23.7523,16.179],false,[46.4646,97.7592,61.8797],[46.4646,97.7592,61.8797],[1.24226,118.797,59.8541],[-30.7797,124.016,49.3721],[-52.4096,132.651,47.0689],[[[0.671546,0.29938,-0.677789],[0.48954,0.507402,0.70915],[0.556217,-0.808032,0.194185]],[[0.330701,0.644473,-0.689414],[0.264407,0.637987,0.72323],[0.905939,-0.421458,0.0405794]],[[0.330701,0.644473,-0.689414],[-0.0926091,0.749151,0.655893],[0.939181,-0.153058,0.307429]],[[0.330701,0.644473,-0.689414],[0.190951,0.669712,0.717652],[0.924216,-0.368972,0.098411]]],0],[2291,[-0.986628,0.106139,-0.123691],229,58.8075,[-51.5089,182.501,13.1833],[-55.6766,176.988,-4.15421],[16.4515,-9.95769,12.883],false,[57.4519,108.553,43.8613],[6.85494,153.111,14.4173],[-19.5137,180.713,-5.29606],[-43.3609,183.278,-8.28571],[-58.6337,176.539,-4.64683],[[[0.0231476,-0.532725,-0.845972],[0.725585,0.591075,-0.352358],[0.687743,-0.605668,0.400219]],[[0.0450481,-0.551752,-0.832791],[0.788206,0.531805,-0.309702],[0.613761,-0.642459,0.458851]],[[0.0450481,-0.551752,-0.832791],[0.156638,0.827227,-0.539593],[0.986628,-0.106139,0.123691]],[[0.0450481,-0.551752,-0.832791],[-0.446001,0.734836,-0.510979],[0.893898,0.394445,-0.212979]]],1],[2292,[-0.990201,0.070693,-0.120435],229,67.0064,[-55.5322,174.492,-19.1198],[-59.3849,161.528,-28.9307],[17.254,-0.00780414,18.0055],false,[58.5639,103.427,32.721],[11.1826,140.14,-2.98218],[-17.9864,165.629,-31.6655],[-46.1441,167.64,-35.0902],[-62.5386,161.022,-28.721],[[[-0.00818458,-0.702561,-0.711576],[0.733976,0.479062,-0.481435],[0.679126,-0.52622,0.511742]],[[0.0306273,-0.731477,-0.681178],[0.795514,0.430448,-0.426464],[0.60516,-0.528825,0.595084]],[[0.0306273,-0.731477,-0.681178],[0.13625,0.678192,-0.722144],[0.990201,-0.070693,0.120435]],[[0.0306273,-0.731477,-0.681178],[-0.487803,0.58389,-0.648938],[0.872416,0.352156,-0.338933]]],2],[2293,[-0.978292,0.0615168,-0.197891],229,64.4285,[-57.7953,137.887,-45.0131],[-58.0155,135.841,-43.6528],[15.2632,-1.40098,12.6524],false,[58.5675,95.7009,23.1689],[17.3977,122.353,-15.7985],[-16.4573,137.067,-40.97],[-43.558,138.771,-46.452],[-61.8726,135.836,-44.2056],[[[0.0365369,-0.806443,-0.590182],[0.75279,0.410624,-0.514485],[0.657245,-0.425486,0.622085]],[[0.0625683,-0.822679,-0.565052],[0.649563,0.463406,-0.602763],[0.757729,-0.329323,0.563377]],[[0.0625683,-0.822679,-0.565052],[0.197561,0.565168,-0.800971],[0.978292,-0.0615168,0.197891]],[[0.0625683,-0.822679,-0.565052],[-0.187695,0.54636,-0.816248],[0.980232,0.157129,-0.120228]]],3],[2294,[-0.973373,0.0879158,-0.211696],229,50.5107,[-37.7442,114.029,-49.2643],[-37.6574,112.939,-47.9921],[16.0585,1.46763,10.5712],false,[55.1665,83.0182,17.6788],[20.7257,103.051,-24.4494],[-5.23816,112.558,-46.4898],[-24.2762,114.277,-50.6303],[-41.3047,113.141,-48.2126],[[[-0.0125281,-0.906955,-0.421041],[0.804398,0.240979,-0.543022],[0.593959,-0.345488,0.726534]],[[0.0042931,-0.916373,-0.400303],[0.678823,0.296614,-0.671729],[0.734289,-0.268851,0.623329]],[[0.0042931,-0.916373,-0.400303],[0.229185,0.390553,-0.891596],[0.973373,-0.0879158,0.211696]],[[0.0042931,-0.916373,-0.400303],[-0.154917,0.394864,-0.905584],[0.987918,0.0659016,-0.140267]]],4]],[[0,200,0],[235.247,235.247,147.751]]],[618618,238623371701,[[229,"right",[-0.554549,0.600471,-0.576116],[-0.823307,-0.496572,0.274922],[22.2881,121.105,11.2991],[11.0926,-13.0556,27.485],[27.7367,126.866,10.3646],0,0.183957,0.795511,[[0.255364,-0.651017,-0.714819],[0.361692,0.749973,-0.553822],[0.896643,-0.117118,0.426984]],63.72,[298.806,54.4255,150.64],[56.7128,86.0474,35.3541]]],[[2290,[-0.935777,0.155994,-0.316208],229,52.1164,[-46.3649,132.128,41.1321],[-47.5083,129.251,47.1853],[3.91385,-42.7542,8.12364],false,[46.2692,96.4979,62.2387],[46.2692,96.4979,62.2387],[1.11074,117.675,60.2317],[-30.7951,122.993,49.4504],[-52.4236,131.588,46.9862],[[[0.676868,0.309105,-0.66806],[0.487235,0.492159,0.721375],[0.551772,-0.813778,0.18252]],[[0.337517,0.655737,-0.675345],[0.260138,0.624528,0.736405],[0.90466,-0.424232,0.0402068]],[[0.337517,0.655737,-0.675345],[-0.101999,0.738698,0.666275],[0.935777,-0.155994,0.316208]],[[0.337517,0.655737,-0.675345],[0.178965,0.659658,0.729947],[0.92415,-0.367233,0.105292]]],0],[2291,[-0.985763,0.109574,-0.127537],229,58.8075,[-51.5115,182.497,13.1684],[-55.0783,177.33,-3.03272],[25.9272,0.812001,40.6133],false,[57.4096,107.578,44.4901],[7.17265,152.882,15.5728],[-18.9331,180.929,-3.86016],[-42.7594,183.578,-6.94278],[-58.0393,176.761,-3.48249],[[[0.0261727,-0.51706,-0.855549],[0.73009,0.594498,-0.336957],[0.682849,-0.615809,0.39306]],[[0.0491654,-0.537515,-0.841819],[0.792688,0.533764,-0.294521],[0.607642,-0.65282,0.452325]],[[0.0491654,-0.537515,-0.841819],[0.160795,0.836104,-0.524475],[0.985763,-0.109574,0.127537]],[[0.0491654,-0.537515,-0.841819],[-0.444733,0.742892,-0.500323],[0.894313,0.398984,-0.202526]]],1],[2292,[-0.98927,0.0769178,-0.124215],229,67.0064,[-55.5833,174.267,-19.3243],[-58.6829,162.443,-28.0415],[29.7273,24.7647,37.5314],false,[58.569,102.654,33.2636],[11.5543,140.218,-2.03777],[-17.2672,166.416,-30.4317],[-45.3985,168.604,-33.964],[-61.8297,161.904,-27.7777],[[[-0.00666111,-0.689225,-0.724517],[0.738819,0.48486,-0.468035],[0.673871,-0.538404,0.505983]],[[0.031376,-0.718509,-0.694809],[0.800917,0.433946,-0.412581],[0.597953,-0.543539,0.589082]],[[0.031376,-0.718509,-0.694809],[0.142693,0.691251,-0.708386],[0.98927,-0.0769178,0.124215]],[[0.031376,-0.718509,-0.694809],[-0.484242,0.597193,-0.63943],[0.874371,0.356519,-0.329195]]],2],[2293,[-0.976942,0.0687044,-0.202148],229,64.4285,[-57.6802,137.846,-44.8947],[-57.3961,136.959,-43.2139],[25.9598,29.6663,20.7397],false,[58.5999,95.1068,23.5701],[17.7761,122.646,-15.144],[-15.857,137.963,-40.2533],[-42.9203,139.866,-45.8532],[-61.255,136.948,-43.7514],[[[0.0369009,-0.79552,-0.604802],[0.75756,0.416969,-0.502235],[0.651722,-0.439641,0.618041]],[[0.0628216,-0.812395,-0.579714],[0.655289,0.471691,-0.590003],[0.752761,-0.342815,0.561986]],[[0.0628216,-0.812395,-0.579714],[0.204053,0.579046,-0.789347],[0.976942,-0.0687044,0.202148]],[[0.0628216,-0.812395,-0.579714],[-0.181917,0.561809,-0.807017],[0.981305,0.156158,-0.112495]]],3],[2294,[-0.971787,0.0958504,-0.215504],229,50.5107,[-37.568,114.125,-49.1442],[-37.074,114.085,-47.8701],[25.8227,32.4398,10.4258],false,[55.1816,82.5421,17.8254],[21.0793,103.494,-24.1311],[-4.65915,113.544,-46.1944],[-23.6661,115.419,-50.4094],[-40.707,114.292,-48.0756],[[[-0.0135989,-0.898944,-0.437853],[0.808659,0.24767,-0.533601],[0.58812,-0.36133,0.723571]],[[0.00292263,-0.908737,-0.41736],[0.685661,0.305626,-0.660652],[0.727915,-0.284237,0.623978]],[[0.00292263,-0.908737,-0.41736],[0.235841,0.406215,-0.882819],[0.971787,-0.0958504,0.215504]],[[0.00292263,-0.908737,-0.41736],[-0.150321,0.41222,-0.898598],[0.988633,0.0653643,-0.135397]]],4]],[[0,200,0],[235.247,235.247,147.751]]],[618619,238623386978,[[229,"right",[-0.549842,0.615592,-0.564553],[-0.825198,-0.504987,0.253054],[22.6013,121.545,12.4509],[15.0455,4.51644,47.6105],[27.6983,126.827,10.3802],0,0.187499,0.808755,[[0.265831,-0.629295,-0.730289],[0.353116,0.768458,-0.533649],[0.897019,-0.116016,0.426494]],63.72,[299.038,54.5484,151.008],[56.8433,85.8727,35.8548]]],[[2290,[-0.930147,0.147185,-0.336398],229,52.1164,[-46.3726,132.1,41.1681],[-47.5802,127.866,47.0803],[-1.9411,-75.8452,-12.1406],false,[46.1262,95.5599,62.9169],[46.1262,95.5599,62.9169],[0.843578,116.449,60.7046],[-30.8703,121.467,49.2349],[-52.6,129.633,46.2547],[[[0.682823,0.328342,-0.652644],[0.479552,0.4725,0.739441],[0.551164,-0.817884,0.165177]],[[0.343126,0.674596,-0.653594],[0.243611,0.608114,0.755547],[0.907148,-0.418471,0.0443207]],[[0.343126,0.674596,-0.653594],[-0.130734,0.723365,0.677976],[0.930147,-0.147185,0.336398]],[[0.343126,0.674596,-0.653594],[0.142127,0.650538,0.746056],[0.928474,-0.348885,0.127338]]],0],[2291,[-0.98504,0.109201,-0.133306],229,58.8075,[-51.5132,182.495,13.1585],[-54.6554,178.028,-1.12353],[26.3396,17.5874,78.8595],false,[57.421,107.142,45.5914],[7.39948,153.173,17.459],[-18.5517,181.699,-1.47773],[-42.3605,184.338,-4.69979],[-57.6245,177.342,-1.54041],[[[0.0351591,-0.49306,-0.869285],[0.732442,0.60449,-0.313244],[0.679921,-0.625687,0.382391]],[[0.0587385,-0.514481,-0.855488],[0.794783,0.542643,-0.271769],[0.604044,-0.663964,0.440775]],[[0.0587385,-0.514481,-0.855488],[0.162004,0.85052,-0.50037],[0.98504,-0.109201,0.133306]],[[0.0587385,-0.514481,-0.855488],[-0.445439,0.753417,-0.483681],[0.893383,0.409478,-0.184915]]],1],[2292,[-0.988509,0.0783467,-0.129277],229,67.0064,[-55.6163,174.091,-19.4783],[-57.9661,163.925,-26.4843],[36.8673,54.4735,68.836],false,[58.6956,102.533,34.2443],[11.9689,141.008,-0.453274],[-16.5738,168.023,-28.3594],[-44.6834,170.251,-32.0356],[-61.1163,163.306,-26.1307],[[[0.00131368,-0.668838,-0.743407],[0.742591,0.498546,-0.447225],[0.669744,-0.55146,0.497328]],[[0.0381618,-0.698166,-0.714918],[0.804912,0.445444,-0.392041],[0.592166,-0.560485,0.578961]],[[0.0381618,-0.698166,-0.714918],[0.146268,0.711636,-0.687154],[0.988509,-0.0783467,0.129277]],[[0.0381618,-0.698166,-0.714918],[-0.48359,0.613177,-0.624623],[0.874462,0.369564,-0.314227]]],2],[2293,[-0.974642,0.0743986,-0.211039],229,64.4285,[-57.4395,138.114,-44.6859],[-56.4688,138.938,-42.5193],[41.447,72.4717,32.111],false,[58.8308,95.2582,24.3456],[18.342,123.814,-13.9817],[-14.9497,139.877,-39.0801],[-41.9493,141.938,-44.9263],[-60.2985,138.94,-43.0797],[[[0.0438743,-0.778366,-0.626276],[0.761759,0.431653,-0.483114],[0.646374,-0.455875,0.611866]],[[0.0694921,-0.795845,-0.601499],[0.6633,0.487226,-0.568018],[0.74512,-0.359501,0.561742]],[[0.0694921,-0.795845,-0.601499],[0.212705,0.600912,-0.770494],[0.974642,-0.0743986,0.211039]],[[0.0694921,-0.795845,-0.601499],[-0.175164,0.583855,-0.792737],[0.982084,0.16045,-0.09883]]],3],[2294,[-0.970065,0.0998082,-0.221386],229,50.5107,[-37.2465,114.58,-48.9623],[-36.1492,116.092,-47.4774],[40.6112,73.7142,18.0691],false,[55.4861,82.854,18.2214],[21.7593,104.923,-23.4647],[-3.7508,115.549,-45.5239],[-22.7241,117.501,-49.8539],[-39.7776,116.263,-47.6737],[[[-0.00808163,-0.886448,-0.462759],[0.813402,0.263351,-0.518674],[0.581645,-0.380601,0.71891]],[[0.00857888,-0.896984,-0.441981],[0.692407,0.324222,-0.644557],[0.721456,-0.300501,0.623859]],[[0.00857888,-0.896984,-0.441981],[0.242693,0.430649,-0.869276],[0.970065,-0.0998082,0.221386]],[[0.00857888,-0.896984,-0.441981],[-0.145185,0.436196,-0.888062],[0.989367,0.0717873,-0.126486]]],4]],[[0,200,0],[235.247,235.247,147.751]]],[618620,238623402631,[[229,"right",[-0.54489,0.639766,-0.542028],[-0.82754,-0.514514,0.224619],[23.199,122.069,13.5368],[24.9461,16.8939,56.9215],[27.6744,126.801,10.3969],0,0.193116,0.826974,[[0.28334,-0.597074,-0.750481],[0.341347,0.79409,-0.502895],[0.896215,-0.113684,0.428806]],63.72,[299.206,54.6971,151.441],[57.2285,85.3917,35.6632]]],[[2290,[-0.925185,0.152065,-0.347721],229,52.1164,[-46.3856,132.018,41.247],[-47.2703,126.48,47.2713],[6.78121,-87.2178,-9.09063],false,[46.302,93.9222,63.0293],[46.302,93.9222,63.0293],[0.976419,114.746,61.0944],[-30.5683,119.93,49.2387],[-52.3152,128.009,46.1517],[[[0.688243,0.355288,-0.632528],[0.473948,0.439911,0.762792],[0.549267,-0.824772,0.134377]],[[0.348845,0.701583,-0.62136],[0.232011,0.577721,0.782566],[0.908008,-0.417156,0.0387603]],[[0.348845,0.701583,-0.62136],[-0.149468,0.696173,0.702141],[0.925185,-0.152065,0.347721]],[[0.348845,0.701583,-0.62136],[0.121957,0.623388,0.772343],[0.929211,-0.345207,0.131903]]],0],[2291,[-0.984926,0.109296,-0.134069],229,58.8075,[-51.5142,182.494,13.1515],[-53.8548,179.035,1.73914],[35.8295,33.2364,127.908],false,[57.7429,106.224,46.3061],[7.97931,153.469,19.7738],[-17.839,182.749,1.83285],[-41.645,185.39,-1.40766],[-56.8519,178.129,1.40995],[[[0.0417705,-0.455419,-0.889297],[0.735336,0.616597,-0.281228],[0.676414,-0.642185,0.360642]],[[0.0661302,-0.478276,-0.875716],[0.796546,0.553878,-0.242351],[0.600951,-0.681521,0.417597]],[[0.0661302,-0.478276,-0.875716],[0.159834,0.871382,-0.463839],[0.984926,-0.109296,0.134069]],[[0.0661302,-0.478276,-0.875716],[-0.451066,0.768515,-0.45379],[0.890037,0.425015,-0.164912]]],1],[2292,[-0.987743,0.0838419,-0.131662],229,67.0064,[-55.6321,173.941,-19.5977],[-56.9659,166.202,-24.1614],[48.0794,92.8561,106.963],false,[59.1049,102.104,34.7825],[12.6835,142.077,1.39384],[-15.5988,170.339,-25.5257],[-43.6866,172.723,-29.2696],[-60.1318,165.499,-23.7459],[[[0.00679963,-0.636391,-0.771337],[0.746483,0.516478,-0.419539],[0.665369,-0.572937,0.478567]],[[0.0426651,-0.666357,-0.744411],[0.808634,0.460621,-0.365977],[0.586763,-0.586342,0.558491]],[[0.0426651,-0.666357,-0.744411],[0.150147,0.740904,-0.654612],[0.987743,-0.0838419,0.131662]],[[0.0426651,-0.666357,-0.744411],[-0.482027,0.638906,-0.599541],[0.875117,0.384406,-0.293943]]],2],[2293,[-0.972154,0.0866972,-0.217717],229,64.4285,[-56.9713,138.952,-44.286],[-55.239,142.09,-41.4832],[58.7051,129.299,47.7395],false,[59.3143,95.2594,24.5827],[19.1527,125.472,-12.8074],[-13.7261,142.793,-37.6111],[-40.6567,145.195,-43.6423],[-59.022,142.14,-42.0679],[[[0.0483475,-0.750878,-0.658668],[0.765892,0.451164,-0.458106],[0.641149,-0.48232,0.596904]],[[0.0735334,-0.769272,-0.634676],[0.673107,0.507867,-0.537585],[0.73588,-0.387674,0.555148]],[[0.0735334,-0.769272,-0.634676],[0.222508,0.633012,-0.741476],[0.972154,-0.0866972,0.217717]],[[0.0735334,-0.769272,-0.634676],[-0.168582,0.617652,-0.76817],[0.982941,0.163481,-0.084267]]],3],[2294,[-0.967746,0.110593,-0.226354],229,50.5107,[-36.6668,115.733,-48.7158],[-34.9679,119.301,-47.165],[56.5348,130.27,19.1571],false,[56.0102,83.1322,17.9065],[22.6329,107.001,-23.0633],[-2.56691,118.631,-44.972],[-21.4949,120.794,-49.3992],[-38.5626,119.466,-47.3905],[[[-0.00498793,-0.865809,-0.500349],[0.817703,0.284486,-0.500429],[0.575619,-0.411633,0.706556]],[[0.0118646,-0.877488,-0.479451],[0.70139,0.349046,-0.621465],[0.712679,-0.328909,0.619603]],[[0.0118646,-0.877488,-0.479451],[0.251647,0.466673,-0.847874],[0.967746,-0.110593,0.226354]],[[0.0118646,-0.877488,-0.479451],[-0.139202,0.473367,-0.869797],[0.990193,0.0770605,-0.116532]]],4]],[[0,200,0],[235.247,235.247,147.751]]],[618621,238623417578,[[229,"right",[-0.527409,0.676435,-0.514077],[-0.836531,-0.519208,0.17504],[23.7806,121.677,15.4747],[30.7158,-0.901029,86.9763],[27.6616,126.784,10.4136],0,0.197072,0.849633,[[0.306671,-0.548701,-0.777741],[0.318123,0.82921,-0.459574],[0.897079,-0.106479,0.428849]],63.72,[299.218,54.6617,151.867],[57.0066,83.411,36.0779]]],[[2290,[-0.911431,0.165841,-0.376551],229,52.1164,[-46.4156,131.772,41.3774],[-47.383,123.914,46.7341],[0.232759,-129.483,-33.0202],false,[45.5431,90.3803,63.6655],[45.5431,90.3803,63.6655],[0.28797,111.313,61.3107],[-30.7878,116.968,48.4719],[-52.4256,125.216,45.0801],[[[0.705061,0.386192,-0.594765],[0.460418,0.3886,0.798126],[0.539355,-0.836568,0.0961765]],[[0.369127,0.733865,-0.570252],[0.204516,0.534402,0.820114],[0.906597,-0.419352,0.0471751]],[[0.369127,0.733865,-0.570252],[-0.181766,0.65874,0.730084],[0.911431,-0.165841,0.376551]],[[0.369127,0.733865,-0.570252],[0.0946146,0.580722,0.808585],[0.92455,-0.352425,0.144926]]],0],[2291,[-0.982061,0.119097,-0.146194],229,58.8075,[-51.5145,182.492,13.147],[-52.499,179.814,5.4471],[57.2392,36.4143,182.498],false,[57.4544,103.558,47.9696],[8.68356,152.788,23.2664],[-16.5753,183.256,6.5493],[-40.3121,186.135,3.01573],[-55.5488,178.701,5.13599],[[[0.0578476,-0.401369,-0.914088],[0.746452,0.625392,-0.227366],[0.66292,-0.66917,0.33578]],[[0.0824626,-0.425978,-0.900967],[0.804698,0.561792,-0.191964],[0.587929,-0.709177,0.389111]],[[0.0824626,-0.425978,-0.900967],[0.169578,0.89686,-0.408516],[0.982061,-0.119097,0.146194]],[[0.0824626,-0.425978,-0.900967],[-0.444879,0.793237,-0.415762],[0.891786,0.435107,-0.124097]]],1],[2292,[-0.984211,0.0998287,-0.146159],229,67.0064,[-55.6009,173.827,-19.66],[-55.1021,168.79,-21.1972],[79.9791,125.458,148.905],false,[59.0392,100.128,36.2504],[13.7027,142.48,4.33795],[-13.7184,172.617,-21.4138],[-41.7058,175.456,-25.5701],[-58.2917,168.017,-20.8043],[[[0.0187736,-0.58878,-0.808076],[0.759858,0.533689,-0.371203],[0.649817,-0.607054,0.457408]],[[0.053309,-0.620234,-0.782604],[0.820679,0.473702,-0.319519],[0.568897,-0.625233,0.534265]],[[0.053309,-0.620234,-0.782604],[0.168779,0.778039,-0.605119],[0.984211,-0.0998287,0.146159]],[[0.053309,-0.620234,-0.782604],[-0.467091,0.677207,-0.568521],[0.882601,0.395855,-0.253605]]],2],[2293,[-0.965555,0.111578,-0.235061],229,64.4285,[-55.9786,140.722,-43.5366],[-53.081,145.948,-40.1019],[95.6213,184.514,68.2484],false,[59.4197,93.9083,25.6624],[20.3505,126.701,-10.6972],[-11.6519,145.957,-35.219],[-38.3997,149.048,-41.7307],[-56.8225,146.093,-40.7488],[[[0.0568599,-0.71024,-0.701659],[0.779585,0.470636,-0.413217],[0.623709,-0.523508,0.580453]],[[0.0808879,-0.729915,-0.678735],[0.693125,0.530548,-0.487951],[0.716265,-0.430979,0.548837]],[[0.0808879,-0.729915,-0.678735],[0.247306,0.67437,-0.695748],[0.965555,-0.111578,0.235061]],[[0.0808879,-0.729915,-0.678735],[-0.145693,0.664994,-0.7325],[0.986018,0.158138,-0.0525539]]],3],[2294,[-0.961788,0.132861,-0.239399],229,50.5107,[-35.5626,117.91,-48.2865],[-33.0107,123.139,-46.5366],[87.8182,183.127,30.4378],false,[56.166,82.2376,18.1948],[23.9069,108.849,-21.9732],[-0.671994,122.039,-43.7029],[-19.4834,124.637,-48.3853],[-36.5965,123.329,-46.7916],[[[-0.00093164,-0.833991,-0.551777],[0.830959,0.306326,-0.464404],[0.556333,-0.458936,0.692727]],[[0.015262,-0.846996,-0.53138],[0.718732,0.378752,-0.583071],[0.695119,-0.373021,0.614544]],[[0.015262,-0.846996,-0.53138],[0.273369,0.514728,-0.812603],[0.961788,-0.132861,0.239399]],[[0.015262,-0.846996,-0.53138],[-0.118642,0.526153,-0.842073],[0.99282,0.0758955,-0.092459]]],4]],[[0,200,0],[235.247,235.247,147.751]]],[618622,238623432821,[[229,"right",[-0.52758,0.70211,-0.478227],[-0.833661,-0.536127,0.132579],[24.4402,122.912,16.8291],[35.9803,33.4334,87.765],[27.6524,126.773,10.432],0,0.199788,0.86807,[[0.328133,-0.495817,-0.804049],[0.301065,0.861681,-0.408491],[0.895371,-0.108032,0.432019]],63.72,[299.526,54.5729,152.108],[57.7757,83.7414,35.4628]]],[[2290,[-0.90432,0.168577,-0.392157],229,52.1164,[-46.4527,131.254,41.5479],[-47.1091,121.835,46.1008],[7.57353,-136.5,-45.8002],false,[45.922,88.9083,63.281],[45.922,88.9083,63.281],[0.369584,109.197,61.0194],[-30.4638,114.945,47.6486],[-52.1713,122.926,44.0692],[[[0.708414,0.427957,-0.56125],[0.447294,0.342901,0.826043],[0.545964,-0.836224,0.0514937]],[[0.369002,0.770563,-0.519682],[0.176308,0.490956,0.853158],[0.912553,-0.406441,0.045307]],[[0.369002,0.770563,-0.519682],[-0.214575,0.614666,0.759041],[0.90432,-0.168577,0.392157]],[[0.369002,0.770563,-0.519682],[0.0593705,0.538457,0.840559],[0.92753,-0.341022,0.152943]]],0],[2291,[-0.983399,0.106029,-0.147253],229,58.8075,[-51.5146,182.492,13.1454],[-52.2421,180.533,9.4292],[37.6062,33.2442,220.534],false,[57.8947,103.125,48.5693],[8.96222,153.356,26.3219],[-16.5416,184.42,11.1444],[-40.3108,186.982,7.58525],[-55.3428,179.019,9.17919],[[[0.0724047,-0.344087,-0.936142],[0.74322,0.64454,-0.179423],[0.665118,-0.682768,0.3024]],[[0.0983505,-0.370515,-0.923605],[0.798704,0.583026,-0.148837],[0.593632,-0.723049,0.353273]],[[0.0983505,-0.370515,-0.923605],[0.152488,0.922755,-0.353936],[0.983399,-0.106029,0.147253]],[[0.0983505,-0.370515,-0.923605],[-0.46505,0.803416,-0.371821],[0.879804,0.466091,-0.0932915]]],1],[2292,[-0.983841,0.0978643,-0.149931],229,67.0064,[-55.5424,173.781,-19.6187],[-54.3869,171.495,-17.8287],[65.2718,145.857,183.289],false,[59.65,100.433,36.6827],[14.301,144.271,6.86188],[-13.0939,175.707,-17.316],[-41.0708,178.49,-21.5795],[-57.5923,170.557,-17.4256],[[[0.03383,-0.537971,-0.842284],[0.759183,0.561942,-0.328423],[0.649997,-0.628338,0.427429]],[[0.0680194,-0.57032,-0.818602],[0.819967,0.499375,-0.279782],[0.568354,-0.652196,0.501611]],[[0.0680194,-0.57032,-0.818602],[0.165621,0.815572,-0.554447],[0.983841,-0.0978643,0.149931]],[[0.0680194,-0.57032,-0.818602],[-0.471621,0.704658,-0.530123],[0.879174,0.422129,-0.221044]]],2],[2293,[-0.962063,0.122331,-0.243867],229,64.4285,[-54.507,143.93,-42.2129],[-51.7349,150.228,-38.3918],[93.8551,227.707,87.5958],false,[60.2138,94.8776,25.7396],[21.2733,129.5,-9.02692],[-10.3604,150.161,-32.8743],[-37.0115,153.55,-39.6299],[-55.4276,150.44,-39.112],[[[0.0717863,-0.665393,-0.743034],[0.779994,0.501754,-0.373968],[0.621656,-0.552716,0.555022]],[[0.0955723,-0.686099,-0.721204],[0.699704,0.561632,-0.441571],[0.708012,-0.462427,0.533742]],[[0.0955723,-0.686099,-0.721204],[0.255542,0.71715,-0.648378],[0.962063,-0.122331,0.243867]],[[0.0955723,-0.686099,-0.721204],[-0.139056,0.708214,-0.692168],[0.985662,0.16644,-0.0277202]]],3],[2294,[-0.960007,0.139057,-0.243003],229,50.5107,[-33.9263,121.788,-47.5397],[-31.5707,127.714,-45.7209],[90.9622,232.914,41.3142],false,[57.1578,83.6589,17.5324],[25.1293,112.404,-21.3289],[0.747181,126.718,-42.5628],[-18.0294,129.438,-47.3156],[-35.1439,127.871,-45.9952],[[[0.0133828,-0.798588,-0.601729],[0.833501,0.341338,-0.434471],[0.552356,-0.495727,0.670192]],[[0.0295519,-0.812762,-0.581846],[0.72363,0.418961,-0.548481],[0.689555,-0.404832,0.60052]],[[0.0295519,-0.812762,-0.581846],[0.278413,0.565757,-0.776148],[0.960007,-0.139057,0.243003]],[[0.0295519,-0.812762,-0.581846],[-0.115178,0.575454,-0.809683],[0.992905,0.0909433,-0.0766063]]],4]],[[0,200,0],[235.247,235.247,147.751]]],[618623,238623448190,[[229,"right",[-0.518643,0.726498,-0.450788],[-0.835458,-0.542686,0.0866113],[24.9713,123.245,18.5858],[35.3811,28.494,98.9624],[27.6464,126.765,10.4501],0,0.202831,0.887793,[[0.344373,-0.447032,-0.825573],[0.279947,0.888252,-0.364196],[0.896123,-0.105697,0.431035]],63.72,[299.926,54.6074,152.161],[57.9724,83.1457,35.782]]],[[2290,[-0.892345,0.18029,-0.413783],229,52.1164,[-46.5003,130.45,41.6838],[-47.1277,119.919,45.0771],[4.56845,-132.911,-61.9609],false,[45.5439,86.8158,63.5871],[45.5439,86.8158,63.5871],[-0.0747492,106.895,60.842],[-30.4998,113.042,46.7339],[-52.1515,120.939,42.6639],[[[0.719173,0.457532,-0.522928],[0.429794,0.298419,0.852187],[0.545955,-0.837622,0.01797]],[[0.379082,0.79696,-0.470267],[0.145336,0.450613,0.880809],[0.913879,-0.402246,0.0549923]],[[0.379082,0.79696,-0.470267],[-0.244984,0.576498,0.779508],[0.892345,-0.18029,0.413783]],[[0.379082,0.79696,-0.470267],[0.0200904,0.500989,0.86522],[0.925145,-0.337437,0.173905]]],0],[2291,[-0.983012,0.0954447,-0.156775],229,58.8075,[-51.5146,182.491,13.1452],[-51.6129,180.622,12.7547],[36.3817,12.264,223.768],false,[57.7957,101.801,49.9045],[9.25983,153.135,29.3707],[-16.1764,184.782,15.3287],[-39.9362,187.089,11.5394],[-54.762,178.658,12.5529],[[[0.0920527,-0.29357,-0.951495],[0.745845,0.65342,-0.129446],[0.659728,-0.697752,0.279107]],[[0.118612,-0.3215,-0.939451],[0.797119,0.594977,-0.102972],[0.592057,-0.736641,0.326845]],[[0.118612,-0.3215,-0.939451],[0.140069,0.942087,-0.304717],[0.983012,-0.0954447,0.156775]],[[0.118612,-0.3215,-0.939451],[-0.482662,0.808161,-0.337509],[0.867737,0.49347,-0.0593185]]],1],[2292,[-0.981353,0.102929,-0.162332],229,67.0064,[-55.4407,173.801,-19.4718],[-53.1634,173.571,-14.977],[70.3203,139.189,188.411],false,[59.798,99.7486,37.9297],[15.0089,145.104,9.56716],[-11.9601,177.784,-13.4094],[-39.8662,180.711,-18.0256],[-56.4105,172.489,-14.5865],[[[0.0518317,-0.492202,-0.868937],[0.764974,0.578904,-0.282285],[0.641973,-0.650082,0.406527]],[[0.084981,-0.525181,-0.846737],[0.82445,0.514274,-0.236229],[0.559518,-0.678018,0.476689]],[[0.084981,-0.525181,-0.846737],[0.172408,0.844743,-0.506641],[0.981353,-0.102929,0.162332]],[[0.084981,-0.525181,-0.846737],[-0.466577,0.729905,-0.499544],[0.880389,0.43752,-0.183009]]],2],[2293,[-0.956482,0.136486,-0.257902],229,64.4285,[-52.5925,147.916,-40.4579],[-49.9637,153.617,-36.7722],[103.527,225.387,97.3696],false,[60.5937,94.7861,26.7195],[22.3259,131.204,-6.94114],[-8.71811,153.204,-30.3625],[-35.2146,156.985,-37.5069],[-53.6335,153.849,-37.5354],[[[0.0879229,-0.624733,-0.775873],[0.786797,0.521241,-0.330542],[0.610918,-0.581392,0.537367]],[[0.111246,-0.646531,-0.754733],[0.710534,0.582714,-0.394443],[0.694813,-0.492383,0.524207]],[[0.111246,-0.646531,-0.754733],[0.269752,0.750579,-0.603212],[0.956482,-0.136486,0.257902]],[[0.111246,-0.646531,-0.754733],[-0.12569,0.744195,-0.656031],[0.985813,0.167843,0.00152608]]],3],[2294,[-0.954833,0.151725,-0.255486],229,50.5107,[-31.7673,126.541,-46.5121],[-29.6998,131.4,-44.8076],[104.449,236.26,50.0283],false,[57.7221,84.0209,17.8638],[26.4569,114.791,-20.0566],[2.55036,130.237,-41.0371],[-16.125,133.204,-46.034],[-33.2593,131.553,-45.1412],[[[0.0268207,-0.765302,-0.643112],[0.841755,0.364301,-0.398413],[0.539193,-0.530657,0.653968]],[[0.0427714,-0.780677,-0.62347],[0.735562,0.44691,-0.509136],[0.676106,-0.436824,0.593351]],[[0.0427714,-0.780677,-0.62347],[0.294048,0.606237,-0.738927],[0.954833,-0.151725,0.255486]],[[0.0427714,-0.780677,-0.62347],[-0.100186,0.617544,-0.78013],[0.994049,0.0958299,-0.0517993]]],4]],[[0,200,0],[235.247,235.247,147.751]]],[618624,238623462146,[[229,"right",[-0.516438,0.741938,-0.427575],[-0.834101,-0.548857,0.0550648],[25.461,123.507,20.0832],[35.2674,24.6828,102.23],[27.643,126.76,10.465],0,0.205588,0.818433,[[0.35577,-0.409512,-0.840076],[0.263616,0.906359,-0.330182],[0.896624,-0.103988,0.430409]],63.72,[300.518,54.8017,152.267],[58.4295,82.8786,36.0564]]],[[2290,[-0.885058,0.187908,-0.425866],229,52.1164,[-46.5284,129.513,41.7782],[-46.8749,118.4,44.6002],[10.833,-122.864,-55.2104],false,[45.6629,85.3899,63.8371],[45.6629,85.3899,63.8371],[-0.0548364,105.208,60.8544],[-30.2314,111.615,46.3342],[-51.8593,119.421,41.9722],[[[0.723262,0.480734,-0.495769],[0.418582,0.265813,0.868408],[0.549255,-0.835607,-0.00897413]],[[0.382018,0.815963,-0.433896],[0.123508,0.420217,0.898979],[0.915865,-0.397016,0.059752]],[[0.382018,0.815963,-0.433896],[-0.265959,0.546712,0.79396],[0.885058,-0.187908,0.425866]],[[0.382018,0.815963,-0.433896],[-0.00735643,0.472176,0.881473],[0.924126,-0.333547,0.186382]]],0],[2291,[-0.984392,0.0747596,-0.159321],229,58.8075,[-51.5145,182.491,13.1455],[-51.2807,180.027,15.717],[28.7041,-20.1528,223.186],false,[58.0095,100.955,50.9078],[9.49857,152.883,31.8642],[-16.16,184.747,18.7459],[-39.9531,186.554,14.895],[-54.4524,177.542,15.5793],[[[0.10436,-0.255039,-0.961283],[0.744524,0.660872,-0.0945084],[0.659388,-0.705835,0.258851]],[[0.132065,-0.284567,-0.949516],[0.791121,0.607407,-0.0720041],[0.597233,-0.741672,0.305344]],[[0.132065,-0.284567,-0.949516],[0.116323,0.955737,-0.270253],[0.984392,-0.0747595,0.159321]],[[0.132065,-0.284567,-0.949516],[-0.512246,0.800493,-0.311152],[0.848624,0.527478,-0.0400514]]],1],[2292,[-0.980909,0.100568,-0.166443],229,67.0064,[-55.3476,173.844,-19.282],[-52.5045,174.722,-12.272],[58.7382,112.396,194.598],false,[60.1597,99.3894,38.8852],[15.5116,145.67,11.8256],[-11.4533,179.073,-10.0933],[-39.3469,181.932,-14.8264],[-55.8264,173.409,-11.8412],[[[0.0640238,-0.456955,-0.887182],[0.765745,0.592584,-0.249958],[0.63995,-0.663352,0.387851]],[[0.0967022,-0.490317,-0.866163],[0.823214,0.528537,-0.207286],[0.559435,-0.692993,0.454746]],[[0.0967022,-0.490317,-0.866163],[0.168718,0.865723,-0.471231],[0.980909,-0.100568,0.166443]],[[0.0967022,-0.490317,-0.866163],[-0.470758,0.744218,-0.473843],[0.876947,0.453575,-0.158853]]],2],[2293,[-0.953848,0.143614,-0.263721],229,64.4285,[-51.0194,151.19,-38.6884],[-48.8781,155.871,-34.9496],[93.5872,200.668,112.364],false,[61.1068,94.8809,27.4963],[23.079,132.468,-5.13584],[-7.71315,155.333,-28.0555],[-34.1367,159.311,-35.3611],[-52.5385,156.097,-35.7185],[[[0.0995914,-0.592955,-0.799053],[0.788372,0.536974,-0.300213],[0.607084,-0.600053,0.520947]],[[0.122629,-0.615368,-0.778643],[0.71414,0.59953,-0.361342],[0.689178,-0.511749,0.512978]],[[0.122629,-0.615368,-0.778643],[0.274109,0.775047,-0.569356],[0.953848,-0.143614,0.263721]],[[0.122629,-0.615368,-0.778643],[-0.122203,0.769232,-0.627175],[0.9849,0.172062,0.0191304]]],3],[2294,[-0.95243,0.158148,-0.260511],229,50.5107,[-29.9893,130.413,-45.3424],[-28.481,133.992,-43.592],[97.8396,216.785,65.5272],false,[58.384,84.4668,18.1856],[27.432,116.607,-18.8451],[3.7265,132.798,-39.489],[-14.9019,135.891,-44.5843],[-32.037,134.132,-43.9511],[[[0.0375452,-0.738938,-0.672727],[0.844782,0.383074,-0.373629],[0.533793,-0.554279,0.638623]],[[0.0533667,-0.755058,-0.653482],[0.740062,0.469264,-0.481768],[0.670418,-0.457907,0.583833]],[[0.0533667,-0.755058,-0.653482],[0.300048,0.636299,-0.7107],[0.95243,-0.158148,0.260511]],[[0.0533667,-0.755058,-0.653482],[-0.0944253,0.647667,-0.75605],[0.994101,0.102053,-0.0367327]]],4]],[[0,200,0],[235.247,235.247,147.751]]],[618625,238623476022,[[229,"right",[-0.509948,0.757375,-0.407843],[-0.8358,-0.548386,0.0266797],[25.3794,123.569,20.9229],[19.2035,16.767,85.9452],[27.6408,126.757,10.4755],0,0.206381,0.823268,[[0.36518,-0.377855,-0.850805],[0.248539,0.920322,-0.302052],[0.897147,-0.101155,0.429995]],63.72,[300.308,55.0254,151.973],[58.0781,82.3373,35.8742]]],[[2290,[-0.875208,0.197576,-0.441559],229,52.1164,[-46.5708,128.57,41.7537],[-47.1439,117.288,43.242],[0.173625,-106.121,-76.8402],false,[44.9966,83.9286,63.5762],[44.9966,83.9286,63.5762],[-0.687911,103.752,60.1511],[-30.5287,110.488,45.0959],[-52.0674,118.316,40.3487],[[[0.729922,0.495638,-0.470699],[0.409062,0.234953,0.88174],[0.547616,-0.836146,-0.0312493]],[[0.389716,0.828743,-0.40163],[0.102631,0.394312,0.913228],[0.915198,-0.39712,0.0686148]],[[0.389716,0.828743,-0.40163],[-0.286586,0.523593,0.802321],[0.875208,-0.197576,0.441559]],[[0.389716,0.828743,-0.40163],[-0.0337664,0.448677,0.893056],[0.920316,-0.334477,0.20284]]],0],[2291,[-0.98424,0.0652613,-0.164358],229,58.8075,[-51.5145,182.491,13.1459],[-51.2185,179.764,17.6725],[17.1086,-26.4227,193.472],false,[57.5235,99.8966,51.3295],[9.34189,152.563,33.5179],[-16.3293,184.727,21.1804],[-40.1188,186.305,17.2078],[-54.4209,176.964,17.5388],[[[0.114939,-0.222283,-0.968183],[0.746913,0.661902,-0.0632939],[0.654912,-0.715874,0.242105]],[[0.143019,-0.252887,-0.956867],[0.788991,0.612824,-0.0440341],[0.597527,-0.748662,0.287171]],[[0.143019,-0.252887,-0.956867],[0.10401,0.965292,-0.239568],[0.98424,-0.0652613,0.164358]],[[0.143019,-0.252887,-0.956867],[-0.528044,0.79821,-0.289881],[0.837087,0.546726,-0.0193765]]],1],[2292,[-0.979809,0.103433,-0.171105],229,67.0064,[-55.2629,173.903,-19.0842],[-52.0562,175.937,-10.4572],[47.2936,98.5427,172.975],false,[59.8092,98.7375,39.2858],[15.5714,146.025,13.3146],[-11.1063,180.214,-7.72576],[-38.9686,183.155,-12.5914],[-55.4092,174.43,-10.0002],[[[0.0733375,-0.426516,-0.901502],[0.76979,0.598916,-0.220735],[0.634071,-0.677779,0.372251]],[[0.105347,-0.460286,-0.881498],[0.826177,0.533873,-0.180033],[0.553474,-0.709307,0.436519]],[[0.105347,-0.460286,-0.881498],[0.169933,0.881725,-0.440096],[0.979809,-0.103433,0.171105]],[[0.105347,-0.460286,-0.881498],[-0.47275,0.756676,-0.451606],[0.874877,0.464304,-0.137887]]],2],[2293,[-0.949769,0.156876,-0.270793],229,64.4285,[-49.7225,154.165,-37.1365],[-48.1457,158.138,-33.9146],[77.9797,186.613,99.0201],false,[60.8786,94.6187,27.761],[23.3073,133.392,-4.00051],[-7.07852,157.185,-26.5139],[-33.389,161.531,-34.0154],[-51.7958,158.401,-34.7116],[[[0.107607,-0.565535,-0.817674],[0.792883,0.545001,-0.2726],[0.599798,-0.618986,0.507049]],[[0.130265,-0.588591,-0.797867],[0.721471,0.608253,-0.33092],[0.680082,-0.53253,0.503885]],[[0.130265,-0.588591,-0.797867],[0.284553,0.793064,-0.53859],[0.949769,-0.156876,0.270793]],[[0.130265,-0.588591,-0.797867],[-0.111732,0.790883,-0.601681],[0.985163,0.167525,0.0372594]]],3],[2294,[-0.949096,0.169199,-0.265684],229,50.5107,[-28.6681,133.731,-44.3752],[-27.7891,136.365,-42.9752],[79.2403,199.133,58.2401],false,[58.2424,84.5355,18.0689],[27.7859,117.998,-18.1935],[4.36452,134.952,-38.5468],[-14.1987,138.262,-43.7433],[-31.3425,136.516,-43.3578],[[[0.0438074,-0.715599,-0.697136],[0.849822,0.393564,-0.350585],[0.525246,-0.577084,0.625373]],[[0.059327,-0.732358,-0.67833],[0.746811,0.483465,-0.456656],[0.662384,-0.479493,0.575616]],[[0.059327,-0.732358,-0.67833],[0.309348,0.659563,-0.68504],[0.949096,-0.169199,0.265684]],[[0.059327,-0.732358,-0.67833],[-0.08508,0.673345,-0.734417],[0.994606,0.101283,-0.0223615]]],4]],[[0,200,0],[235.247,235.247,147.751]]],[618626,238623489524,[[229,"right",[-0.50527,0.769248,-0.391101],[-0.836797,-0.547497,0.00421366],[25.3761,123.798,21.6463],[11.7687,16.8371,73.5735],[27.6393,126.755,10.4827],0,0.21177,0.835001,[[0.371993,-0.351991,-0.858908],[0.236815,0.930681,-0.27884],[0.897519,-0.0996757,0.429563]],63.72,[300.213,55.1999,151.714],[57.8831,82.1124,35.7321]]],[[2290,[-0.866408,0.203736,-0.455882],229,52.1164,[-46.5708,128.57,41.7537],[-47.2396,116.475,41.9465],[-1.74514,-89.082,-87.7606],false,[44.5628,82.9577,63.353],[44.5628,82.9577,63.353],[-1.11274,102.721,59.4918],[-30.6534,109.668,43.9483],[-52.1151,117.482,38.8431],[[[0.734719,0.507251,-0.450427],[0.401697,0.209738,0.891431],[0.546651,-0.835887,-0.0496622]],[[0.394641,0.83875,-0.375177],[0.0836647,0.373819,0.92372],[0.915019,-0.395927,0.0773505]],[[0.394641,0.83875,-0.375177],[-0.305934,0.504966,0.807102],[0.866408,-0.203736,0.455882]],[[0.394641,0.83875,-0.375177],[-0.0576914,0.430131,0.900921],[0.917023,-0.333896,0.218136]]],0],[2291,[-0.984053,0.057753,-0.168242],229,58.8075,[-51.5145,182.491,13.1462],[-51.1381,179.664,19.3466],[11.3694,-23.6071,168.507],false,[57.2192,99.2376,51.6628],[9.27146,152.459,34.9006],[-16.4318,184.846,23.2294],[-40.2168,186.242,19.1629],[-54.3549,176.648,19.202],[[[0.123056,-0.195567,-0.972939],[0.748399,0.662134,-0.0384371],[0.651733,-0.723417,0.227842]],[[0.15119,-0.22674,-0.962149],[0.786899,0.616701,-0.0216805],[0.598274,-0.753836,0.27166]],[[0.15119,-0.22674,-0.962149],[0.093714,0.972242,-0.214392],[0.984053,-0.057753,0.168242]],[[0.15119,-0.22674,-0.962149],[-0.540741,0.795823,-0.272514],[0.827491,0.561475,-0.00228741]]],1],[2292,[-0.979306,0.103929,-0.173661],229,67.0064,[-55.1899,173.966,-18.8975],[-51.6604,176.997,-8.83925],[39.3016,86.4845,155.346],false,[59.6082,98.4087,39.6119],[15.6674,146.472,14.5786],[-10.8145,181.26,-5.71481],[-38.6625,184.215,-10.6531],[-55.038,175.288,-8.35481],[[[0.0805771,-0.401499,-0.912308],[0.772556,0.603496,-0.197359],[0.629813,-0.688906,0.358808]],[[0.112145,-0.435632,-0.893112],[0.827991,0.537903,-0.158404],[0.549413,-0.721724,0.421022]],[[0.112145,-0.435632,-0.893112],[0.168472,0.894105,-0.414962],[0.979306,-0.103929,0.173661]],[[0.112145,-0.435632,-0.893112],[-0.477564,0.764551,-0.43289],[0.87141,0.475065,-0.122302]]],2],[2293,[-0.947105,0.166117,-0.274584],229,64.4285,[-48.6929,156.693,-35.7933],[-47.5128,160.094,-32.891],[66.5781,170.328,91.7843],false,[60.7721,94.609,27.9871],[23.5356,134.311,-3.0123],[-6.50826,158.867,-25.1628],[-32.745,163.469,-32.7693],[-51.1439,160.347,-33.6794],[[[0.113912,-0.542845,-0.832072],[0.796022,0.551,-0.250496],[0.594452,-0.633813,0.494882]],[[0.136295,-0.566408,-0.812776],[0.727504,0.614105,-0.305963],[0.67243,-0.549597,0.495763]],[[0.136295,-0.566408,-0.812776],[0.290543,0.807209,-0.513808],[0.947105,-0.166117,0.274584]],[[0.136295,-0.566408,-0.812776],[-0.108194,0.807014,-0.580536],[0.984743,0.167061,0.0487096]]],3],[2294,[-0.946528,0.178089,-0.269013],229,50.5107,[-27.7139,136.444,-43.5575],[-27.2006,138.462,-42.3373],[65.6999,182.517,54.813],false,[58.2059,84.8028,17.9966],[28.1155,119.309,-17.5872],[4.90932,136.87,-37.6702],[-13.6036,140.354,-42.9318],[-30.752,138.62,-42.7362],[[[0.0488453,-0.696082,-0.716299],[0.853419,0.401685,-0.332152],[0.518932,-0.595079,0.61367]],[[0.064132,-0.713333,-0.697884],[0.751771,0.494446,-0.436307],[0.656298,-0.496668,0.567973]],[[0.064132,-0.713333,-0.697884],[0.316182,0.67782,-0.663769],[0.946529,-0.178089,0.269013]],[[0.064132,-0.713333,-0.697884],[-0.0782643,0.693575,-0.716121],[0.994868,0.100546,-0.0113482]]],4]],[[0,200,0],[235.247,235.247,147.751]]],[618627,238623503046,[[229,"right",[-0.501376,0.781851,-0.370582],[-0.836686,-0.547219,-0.0225314],[25.9602,123.893,22.7633],[23.7943,13.0999,77.0284],[27.6385,126.754,10.4884],0,0.212691,0.849684,[[0.380012,-0.320214,-0.867787],[0.221976,0.942322,-0.250512],[0.897952,-0.0974306,0.429174]],63.72,[300.776,55.4535,151.671],[58.3291,81.7597,35.7941]]],[[2290,[-0.859013,0.215093,-0.464577],229,52.1164,[-46.5708,128.57,41.7537],[-46.7876,115.593,41.2615],[12.5052,-78.1628,-73.703],false,[44.7252,81.6915,63.2894],[44.7252,81.6915,63.2894],[-0.9371,101.44,59.1997],[-30.2257,108.774,43.3597],[-51.6195,116.686,38.1229],[[[0.739211,0.52179,-0.425796],[0.392465,0.180039,0.901974],[0.547301,-0.833859,-0.0716979]],[[0.39857,0.850507,-0.343191],[0.0660926,0.346589,0.935686],[0.914753,-0.395619,0.0819279]],[[0.39857,0.850507,-0.343191],[-0.321307,0.479972,0.816326],[0.859013,-0.215093,0.464577]],[[0.39857,0.850507,-0.343191],[-0.074281,0.402904,0.912223],[0.914125,-0.338092,0.223762]]],0],[2291,[-0.982991,0.0557071,-0.175002],229,58.8075,[-51.5144,182.49,13.1465],[-50.5333,179.502,21.5538],[23.8476,-20.7122,166.902],false,[57.4979,98.348,52.2757],[9.71433,152.102,36.7933],[-15.95,184.8,25.9319],[-39.7093,186.146,21.702],[-53.7342,176.395,21.3291],[[[0.133095,-0.163249,-0.977566],[0.748621,0.66294,-0.00878329],[0.649502,-0.730658,0.210445]],[[0.161201,-0.194854,-0.967495],[0.785599,0.618704,0.00628684],[0.597368,-0.761076,0.252813]],[[0.161201,-0.194854,-0.967495],[0.0879961,0.979249,-0.182559],[0.982991,-0.0557071,0.175002]],[[0.161201,-0.194854,-0.967495],[-0.547912,0.797694,-0.251947],[0.820857,0.570716,0.0218264]]],1],[2292,[-0.98165,0.0856523,-0.170374],229,67.0064,[-55.1337,174.004,-18.7424],[-50.8121,177.246,-6.37524],[43.2249,45.4318,171.258],false,[60.0109,97.9184,40.2292],[16.3201,146.791,16.351],[-10.3321,181.976,-3.01236],[-38.2467,184.412,-7.85718],[-54.292,174.864,-5.73166],[[[0.0900366,-0.371069,-0.92423],[0.774423,0.609595,-0.169304],[0.626229,-0.700501,0.34225]],[[0.121741,-0.406185,-0.905645],[0.824276,0.549679,-0.13573],[0.552946,-0.729977,0.401727]],[[0.121741,-0.406185,-0.905645],[0.146774,0.909768,-0.388304],[0.98165,-0.0856523,0.170374]],[[0.121741,-0.406185,-0.905645],[-0.506101,0.759505,-0.408673],[0.853839,0.5081,-0.113107]]],2],[2293,[-0.944103,0.175619,-0.278977],229,64.4285,[-47.6393,158.936,-34.3953],[-46.3245,162.044,-31.3244],[74.6958,160.239,102.358],false,[61.295,94.5057,28.4974],[24.3713,135.218,-1.55118],[-5.41294,160.525,-23.2012],[-31.5665,165.39,-30.9294],[-49.9542,162.301,-32.1319],[[[0.122573,-0.515,-0.848381],[0.798445,0.558884,-0.223907],[0.589459,-0.649941,0.479703]],[[0.144826,-0.539264,-0.82959],[0.731194,0.623198,-0.277453],[0.666619,-0.566408,0.484562]],[[0.144826,-0.539264,-0.82959],[0.296134,0.823621,-0.483687],[0.944103,-0.175619,0.278977]],[[0.144826,-0.539264,-0.82959],[-0.102422,0.825755,-0.554652],[0.984142,0.165296,0.0643588]]],3],[2294,[-0.943103,0.188977,-0.273577],229,50.5107,[-26.5331,139.016,-42.595],[-25.8621,140.794,-41.2926],[79.0819,179.556,64.1694],false,[58.8336,85.0361,18.1618],[29.1039,120.706