{"metadata":{"formatVersion":2,"generatedBy":"LeapJS Playback 0.2.1","frames":70,"protocolVersion":6,"serviceVersion":"2.2.5+26752","frameRate":"79","modified":"Sun Apr 19 2015 12:47:49 GMT-0300 (E. South America Standard Time)"},"frames":[["id","timestamp",{"hands":[["id","type","direction","palmNormal","palmPosition","palmVelocity","stabilizedPalmPosition","pinchStrength","grabStrength","confidence","armBasis","armWidth","elbow","wrist"]]},{"pointables":[["id","direction","handId","length","stabilizedTipPosition","tipPosition","tipVelocity","tool","carpPosition","mcpPosition","pipPosition","dipPosition","btipPosition","bases","type"]]},{"interactionBox":["center","size"]}],[618709,238624648254,[[229,"right",[-0.573559,0.448948,-0.685183],[-0.810215,-0.434212,0.393715],[34.566,124.315,12.4821],[-2.26115,-51.3237,-52.2538],[28.3904,126.605,11.9569],0,0.801194,0.736175,[[0.203585,-0.792605,-0.574743],[0.401419,0.603002,-0.689385],[0.892982,-0.0903641,0.440929]],63.72,[311.064,71.5962,162.161],[69.9587,95.9945,43.11]]],[[2290,[-0.926047,-0.0222011,-0.376755],229,52.1164,[-36.7147,127.651,42.7493],[-35.4711,131.916,41.923],[13.8627,20.8227,-22.8932],false,[59.7286,112.033,67.1763],[59.7286,112.033,67.1763],[12.9766,126.792,57.786],[-18.5975,126.035,44.9403],[-40.5245,132.912,40.5088],[[[0.66135,0.161717,-0.732437],[0.488995,0.647492,0.584498],[0.56877,-0.744716,0.34914]],[[0.318026,0.491615,-0.810662],[0.147214,0.819078,0.554472],[0.936583,-0.295677,0.188116]],[[0.318026,0.491615,-0.810662],[-0.203216,0.870529,0.448198],[0.926047,0.0222011,0.376755]],[[0.318026,0.491615,-0.810662],[0.145123,0.819736,0.55405],[0.936909,-0.293848,0.189353]]],0],[2291,[-0.970685,0.0694605,-0.230101],229,58.8075,[-49.5045,181.469,11.6035],[-35.5583,175.061,-19.8684],[6.40563,-95.7455,-223.018],false,[70.4076,119.028,47.2037],[18.9531,156.029,9.84294],[-0.387002,179.827,-20.2467],[-23.8488,181.506,-25.8084],[-38.3157,174.47,-20.0534],[[[0.0227406,-0.694498,-0.719135],[0.714369,0.514511,-0.474294],[0.699399,-0.502942,0.507829]],[[0.102193,-0.747226,-0.656665],[0.887079,0.367179,-0.279767],[0.450163,-0.553924,0.700372]],[[0.102193,-0.747226,-0.656665],[0.21755,0.66093,-0.718223],[0.970685,-0.0694605,0.230101]],[[0.102193,-0.747226,-0.656665],[-0.522114,0.521597,-0.674784],[0.846731,0.411812,-0.336834]]],1],[2292,[-0.979226,0.0128614,-0.202364],229,67.0064,[-44.1259,166.601,-22.4283],[-39.6299,153.12,-40.3663],[-11.3724,-170.232,-161.85],false,[71.4887,111.741,37.3375],[23.299,139.817,-4.57958],[0.707584,158.132,-43.0174],[-27.1381,158.498,-48.7719],[-42.6645,152.38,-40.1324],[[[-0.00509511,-0.83353,-0.552451],[0.723111,0.378523,-0.57778],[0.690713,-0.402427,0.600806]],[[0.0853831,-0.879044,-0.469032],[0.879222,0.287924,-0.379563],[0.468698,-0.379975,0.797459]],[[0.0853831,-0.879044,-0.469032],[0.183919,0.476567,-0.859685],[0.979226,-0.0128614,0.202364]],[[0.0853831,-0.879044,-0.469032],[-0.556831,0.348272,-0.754086],[0.826226,0.325558,-0.459742]]],2],[2293,[-0.987774,-0.0901292,-0.127197],229,64.4285,[-33.0948,136.008,-38.9533],[-33.1286,122.169,-44.9099],[-37.0018,-228.202,-2.26305],false,[71.5108,102.222,29.5708],[29.638,119.853,-13.552],[6.18088,129.305,-50.3853],[-21.1824,126.809,-53.9089],[-35.5169,121.231,-43.3018],[[[0.0421079,-0.909813,-0.412878],[0.742549,0.304983,-0.596327],[0.668466,-0.281472,0.688423]],[[0.127037,-0.938286,-0.321685],[0.841563,0.273615,-0.465733],[0.525008,-0.211553,0.824386]],[[0.127037,-0.938286,-0.321685],[0.0903538,0.333911,-0.938264],[0.987774,0.0901292,0.127197]],[[0.127037,-0.938286,-0.321685],[-0.628698,0.174678,-0.757777],[0.767203,0.298509,-0.567708]]],3],[2294,[-0.993478,-0.0704419,-0.0896586],229,50.5107,[-13.2904,101.356,-42.3866],[-14.7515,97.8589,-41.0198],[-24.3303,-215.959,38.6057],false,[68.2319,88.6454,26.8343],[33.1482,99.2271,-18.1039],[15.6553,101.379,-48.7575],[-3.7759,100.001,-50.5111],[-16.6033,97.6419,-39.2418],[[[-0.00408079,-0.974077,-0.226181],[0.79618,0.133687,-0.590106],[0.605046,-0.182489,0.774995]],[[0.080622,-0.990029,-0.115513],[0.865306,0.127039,-0.484878],[0.494718,-0.0608621,0.86692]],[[0.080622,-0.990029,-0.115513],[0.0806276,0.121988,-0.989251],[0.993478,0.0704419,0.0896586]],[[0.080622,-0.990029,-0.115513],[-0.663085,0.0332534,-0.747805],[0.74419,0.136884,-0.653792]]],4]],[[0,200,0],[235.247,235.247,147.751]]],[618710,238624660585,[[229,"right",[-0.57263,0.43346,-0.69585],[-0.810442,-0.427279,0.400769],[34.5205,123.508,12.5883],[-2.76916,-56.3623,-30.5964],[28.3975,126.602,11.9577],0,0.798079,0.746417,[[0.194903,-0.802948,-0.563283],[0.400281,0.589411,-0.701691],[0.895426,-0.0887098,0.436282]],63.72,[311.651,71.9467,161.686],[69.8858,95.8984,43.8899]]],[[2290,[-0.92497,-0.0322098,-0.378672],229,52.1164,[-36.6286,127.912,42.6388],[-35.5973,131.596,41.6924],[5.42931,4.37402,-20.7131],false,[59.5688,112.42,67.5893],[59.5688,112.42,67.5893],[12.8193,126.923,57.7958],[-18.7181,125.825,44.8847],[-40.6461,132.568,40.2568],[[[0.662881,0.147475,-0.734057],[0.486442,0.660476,0.571967],[0.569178,-0.736222,0.366079]],[[0.319166,0.475069,-0.820026],[0.145044,0.8306,0.537649],[0.936534,-0.290539,0.196193]],[[0.319166,0.475069,-0.820026],[-0.206308,0.879359,0.429145],[0.92497,0.0322098,0.378672]],[[0.319166,0.475069,-0.820026],[0.142342,0.831434,0.53708],[0.936948,-0.288142,0.197743]]],0],[2291,[-0.967973,0.0656613,-0.242315],229,58.8075,[-49.5027,181.468,11.5993],[-35.3681,173.603,-21.4683],[10.4004,-106.906,-190.478],false,[70.2852,119.013,47.5003],[18.86,155.132,9.24598],[-0.176583,178.229,-21.5742],[-23.5729,179.816,-27.4311],[-38.1158,172.939,-21.6757],[[[0.0257044,-0.709396,-0.704341],[0.714659,0.505701,-0.483249],[0.699001,-0.490942,0.519975]],[[0.108012,-0.762374,-0.638059],[0.889942,0.360208,-0.279737],[0.443098,-0.537621,0.717376]],[[0.108012,-0.762374,-0.638059],[0.22663,0.643797,-0.730865],[0.967973,-0.0656613,0.242315]],[[0.108012,-0.762374,-0.638059],[-0.513639,0.506719,-0.692395],[0.851181,0.402519,-0.336853]]],1],[2292,[-0.97767,0.0111629,-0.209848],229,67.0064,[-44.0913,166.502,-22.5683],[-39.5183,151.305,-41.3506],[-5.24654,-161.971,-130.872],false,[71.4031,111.523,37.7919],[23.2692,138.628,-4.82244],[0.82134,156.197,-43.6902],[-26.9801,156.515,-49.6576],[-42.6181,150.618,-41.0657],[[[-0.00230537,-0.844948,-0.534844],[0.723889,0.367588,-0.583836],[0.689913,-0.388513,0.610801]],[[0.086775,-0.888031,-0.45152],[0.880667,0.280256,-0.381945],[0.46572,-0.364496,0.806379]],[[0.086775,-0.888031,-0.45152],[0.191392,0.459647,-0.867233],[0.97767,-0.0111629,0.209848]],[[0.086775,-0.888031,-0.45152],[-0.547695,0.336065,-0.766218],[0.832166,0.313784,-0.457209]]],2],[2293,[-0.988166,-0.0957149,-0.119862],229,64.4285,[-32.8397,131.485,-40.7891],[-32.9893,120.054,-44.7188],[-23.5892,-209.673,10.9528],false,[71.4607,101.843,30.2268],[29.6645,118.492,-13.3584],[6.12169,127.157,-50.3302],[-21.2525,124.506,-53.6506],[-35.4849,119.098,-42.8204],[[[0.0446829,-0.918201,-0.393586],[0.743498,0.293708,-0.600788],[0.667244,-0.265785,0.695805]],[[0.12822,-0.944332,-0.30298],[0.840184,0.265748,-0.472725],[0.526926,-0.193946,0.827487]],[[0.12822,-0.944332,-0.30298],[0.0841897,0.314763,-0.945429],[0.988166,0.0957149,0.119862]],[[0.12822,-0.944332,-0.30298],[-0.635065,0.156471,-0.756446],[0.761743,0.289403,-0.579649]]],3],[2294,[-0.99351,-0.0735285,-0.0867797],229,50.5107,[-13.3593,98.7008,-41.7452],[-14.4891,95.9032,-40.4318],[-9.0555,-195.859,44.7328],false,[68.2118,88.2063,27.7679],[33.2211,97.7808,-17.4678],[15.8321,99.3112,-48.2176],[-3.59974,97.8731,-49.9149],[-16.3582,95.7237,-38.5259],[[[-0.00185698,-0.978614,-0.205695],[0.797406,0.122676,-0.590842],[0.60344,-0.165119,0.780125]],[[0.0817726,-0.992054,-0.0956177],[0.86687,0.118136,-0.484335],[0.491782,-0.0432829,0.869642]],[[0.0817726,-0.992054,-0.0956177],[0.0790595,0.102093,-0.991628],[0.99351,0.0735285,0.0867797]],[[0.0817726,-0.992054,-0.0956177],[-0.667411,0.0167446,-0.744501],[0.740186,0.124696,-0.660738]]],4]],[[0,200,0],[235.247,235.247,147.751]]],[618711,238624672653,[[229,"right",[-0.572658,0.424891,-0.701092],[-0.810293,-0.423191,0.405382],[34.4346,123.372,12.5896],[-4.28889,-40.5841,-19.8561],[28.4095,126.595,11.9589],0,0.797232,0.752423,[[0.189397,-0.808715,-0.556874],[0.400412,0.581452,-0.708226],[0.896548,-0.0888433,0.433945]],63.72,[311.875,72.1681,161.391],[69.8073,96.1558,44.2256]]],[[2290,[-0.925094,-0.0362141,-0.378008],229,52.1164,[-36.5618,128.161,42.5535],[-35.6756,131.897,41.6712],[1.57362,16.3326,-10.7202],false,[59.4678,112.945,67.7265],[59.4678,112.945,67.7265],[12.749,127.521,57.8952],[-18.7926,126.286,45.0068],[-40.7115,133.035,40.3435],[[[0.663083,0.139411,-0.735449],[0.485704,0.667461,0.564435],[0.569572,-0.731478,0.37487]],[[0.319024,0.46582,-0.82537],[0.149269,0.835311,0.529126],[0.935918,-0.292006,0.196952]],[[0.319024,0.46582,-0.82537],[-0.205973,0.884138,0.419374],[0.925094,0.0362141,0.378008]],[[0.319024,0.46582,-0.82537],[0.145191,0.836575,0.528263],[0.936559,-0.288365,0.199254]]],0],[2291,[-0.966868,0.0630588,-0.247364],229,58.8075,[-49.4996,181.466,11.5917],[-35.3416,173.099,-22.3415],[7.546,-86.4658,-148.316],false,[70.1878,119.312,47.5666],[18.7519,154.943,8.8725],[-0.156103,177.646,-22.3175],[-23.5257,179.171,-28.2964],[-38.0948,172.372,-22.5134],[[[0.0265354,-0.717535,-0.696017],[0.714486,0.500574,-0.48881],[0.699146,-0.484324,0.525952]],[[0.110356,-0.770534,-0.627773],[0.891139,0.356403,-0.2808],[0.440106,-0.528445,0.725984]],[[0.110356,-0.770534,-0.627773],[0.230189,0.634271,-0.738046],[0.966868,-0.0630588,0.247364]],[[0.110356,-0.770534,-0.627773],[-0.510591,0.497957,-0.700954],[0.852713,0.397889,-0.338475]]],1],[2292,[-0.977015,0.00965278,-0.212951],229,67.0064,[-44.0222,166.291,-22.8575],[-39.5561,150.587,-41.8929],[-5.23442,-126.816,-99.4025],false,[71.3154,111.709,37.9466],[23.1795,138.28,-5.00081],[0.776342,155.407,-44.0911],[-27.0065,155.681,-50.1467],[-42.692,149.904,-41.5606],[[[-0.00144531,-0.851124,-0.524963],[0.723863,0.361305,-0.587777],[0.689943,-0.380851,0.615574]],[[0.0873759,-0.893066,-0.441359],[0.881098,0.276002,-0.384043],[0.464792,-0.355325,0.810995]],[[0.0873759,-0.893066,-0.441359],[0.19444,0.449822,-0.871696],[0.977015,-0.00965278,0.212951]],[[0.0873759,-0.893066,-0.441359],[-0.543744,0.328477,-0.772299],[0.834691,0.307467,-0.456898]]],2],[2293,[-0.988762,-0.0970428,-0.113723],229,64.4285,[-32.6665,127.776,-42.1022],[-32.9866,119.304,-44.5609],[-17.4802,-157.388,16.392],false,[71.3835,101.942,30.4948],[29.5935,118.05,-13.2989],[5.99372,126.394,-50.3084],[-21.397,123.705,-53.4588],[-35.5377,118.394,-42.4623],[[[0.0455375,-0.922691,-0.382841],[0.743534,0.287248,-0.603859],[0.667145,-0.257158,0.699133]],[[0.126829,-0.947224,-0.294417],[0.839595,0.260567,-0.47664],[0.5282,-0.18674,0.828331]],[[0.126829,-0.947224,-0.294417],[0.07915,0.305532,-0.948886],[0.988762,0.0970428,0.113723]],[[0.126829,-0.947224,-0.294417],[-0.64118,0.148181,-0.752948],[0.756837,0.28427,-0.588548]]],3],[2294,[-0.993569,-0.0740289,-0.0856752],229,50.5107,[-13.3682,97.1065,-41.2854],[-14.4185,95.192,-40.1546],[-4.53279,-147.537,38.2745],false,[68.1458,88.2752,28.1936],[33.1674,97.2956,-17.1652],[15.8524,98.5325,-47.97],[-3.58065,97.0846,-49.6457],[-16.3031,95.0548,-38.1947],[[[-0.00103734,-0.980946,-0.194279],[0.797566,0.116383,-0.591898],[0.603231,-0.155564,0.782248]],[[0.0813686,-0.993001,-0.0856092],[0.868092,0.11281,-0.483414],[0.489688,-0.0349819,0.871195]],[[0.0813686,-0.993001,-0.0856092],[0.078738,0.0920299,-0.992638],[0.993569,0.0740289,0.0856752]],[[0.0813686,-0.993001,-0.0856092],[-0.669766,0.00913215,-0.742516],[0.738101,0.117756,-0.664335]]],4]],[[0,200,0],[235.247,235.247,147.751]]],[618712,238624684820,[[229,"right",[-0.572536,0.422603,-0.702573],[-0.810564,-0.420572,0.407561],[34.4037,123.266,12.5061],[-3.67241,-29.3612,-15.2807],[28.4267,126.586,11.9605],0,0.794117,0.766796,[[0.18766,-0.811161,-0.553896],[0.399925,0.578155,-0.711194],[0.897131,-0.0880547,0.4329]],63.72,[311.987,72.3676,161.121],[69.7618,96.1424,44.2378]]],[[2290,[-0.925153,-0.0375208,-0.377735],229,52.1164,[-36.5009,128.394,42.474],[-35.6687,132.005,41.5997],[1.39015,14.7744,-8.23365],false,[59.4534,113.041,67.6735],[59.4534,113.041,67.6735],[12.7599,127.706,57.8542],[-18.7838,126.427,44.9751],[-40.6975,133.181,40.2952],[[[0.662864,0.135581,-0.736362],[0.486748,0.669266,0.561391],[0.568936,-0.730548,0.377638]],[[0.319115,0.46201,-0.827474],[0.152219,0.836801,0.525921],[0.935412,-0.293786,0.19671]],[[0.319115,0.46201,-0.827474],[-0.205565,0.886081,0.415456],[0.925153,0.0375208,0.377735]],[[0.319115,0.46201,-0.827474],[0.146414,0.838607,0.524691],[0.936338,-0.288591,0.199968]]],0],[2291,[-0.965564,0.0654349,-0.251802],229,58.8075,[-49.4946,181.464,11.5797],[-35.2023,173.052,-22.8759],[8.82457,-58.4764,-110.878],false,[70.1702,119.312,47.4816],[18.7549,154.839,8.66492],[-0.00780604,177.437,-22.6893],[-23.3459,179.018,-28.7754],[-37.9719,172.308,-23.0336],[[[0.025367,-0.72047,-0.693022],[0.714802,0.497714,-0.491263],[0.698867,-0.482911,0.527619]],[[0.110202,-0.773869,-0.623685],[0.892821,0.352803,-0.280002],[0.436723,-0.525982,0.729806]],[[0.110202,-0.773869,-0.623685],[0.235672,0.629956,-0.740009],[0.965564,-0.0654349,0.251802]],[[0.110202,-0.773869,-0.623685],[-0.50502,0.496866,-0.705747],[0.856044,0.392748,-0.336063]]],1],[2292,[-0.977053,0.0101583,-0.212752],229,67.0064,[-43.9195,165.971,-23.2935],[-39.5716,150.364,-42.0995],[-4.16021,-89.0487,-69.446],false,[71.2843,111.667,37.893],[23.1565,138.113,-5.1408],[0.756872,155.11,-44.2896],[-27.027,155.399,-50.3396],[-42.7203,149.679,-41.7292],[[[-0.00267715,-0.85331,-0.521396],[0.72397,0.358022,-0.589651],[0.689827,-0.379054,0.616812]],[[0.0860213,-0.894958,-0.43778],[0.88127,0.273312,-0.385569],[0.464719,-0.352635,0.81221]],[[0.0860213,-0.894958,-0.43778],[0.194851,0.446036,-0.873547],[0.977053,-0.0101583,0.212752]],[[0.0860213,-0.894958,-0.43778],[-0.543322,0.326178,-0.773569],[0.835106,0.304399,-0.458192]]],2],[2293,[-0.989389,-0.0942744,-0.11055],229,64.4285,[-32.5539,125.087,-43.0147],[-32.9791,119.194,-44.5396],[-12.4022,-103.476,13.573],false,[71.3375,101.869,30.4821],[29.5433,117.842,-13.3574],[5.9408,126.224,-50.3563],[-21.4673,123.612,-53.4188],[-35.565,118.355,-42.3418],[[[0.0442975,-0.924336,-0.379],[0.74355,0.283876,-0.605433],[0.667212,-0.254986,0.699864]],[[0.123111,-0.948052,-0.293328],[0.840109,0.256901,-0.477723],[0.528262,-0.187614,0.828094]],[[0.123111,-0.948052,-0.293328],[0.077154,0.303825,-0.949599],[0.989389,0.0942744,0.11055]],[[0.123111,-0.948052,-0.293328],[-0.644609,0.148339,-0.749984],[0.754535,0.281413,-0.59286]]],3],[2294,[-0.993812,-0.0726444,-0.0840278],229,50.5107,[-13.382,96.2325,-41.0252],[-14.418,94.9676,-40.1107],[-3.50986,-102.023,27.1419],false,[68.0832,88.1966,28.2398],[33.0917,97.0668,-17.1386],[15.8069,98.2368,-47.963],[-3.63086,96.816,-49.6064],[-16.3139,94.8465,-38.1012],[[[-0.00224664,-0.981748,-0.190172],[0.797394,0.113002,-0.592785],[0.603455,-0.152973,0.782586]],[[0.0795771,-0.993423,-0.0823307],[0.868739,0.109617,-0.482987],[0.488835,-0.0330892,0.871748]],[[0.0795771,-0.993423,-0.0823307],[0.0774943,0.0885079,-0.993056],[0.993812,0.0726444,0.0840278]],[[0.0795771,-0.993423,-0.0823307],[-0.672497,0.0074636,-0.740063],[0.73581,0.114259,-0.66748]]],4]],[[0,200,0],[235.247,235.247,147.751]]],[618713,238624696927,[[229,"right",[-0.573808,0.420469,-0.702816],[-0.809934,-0.418599,0.410831],[34.3955,123.267,12.4141],[-2.62298,-19.033,-12.5867],[28.4471,126.574,11.962],0,0.792163,0.781231,[[0.186014,-0.813321,-0.551279],[0.400088,0.575148,-0.713537],[0.897401,-0.0878323,0.432385]],63.72,[312.104,72.5191,160.908],[69.8059,96.2338,44.1645]]],[[2290,[-0.925918,-0.0385697,-0.37575],229,52.1164,[-36.4349,128.641,42.4005],[-35.5935,132.185,41.647],[3.22738,16.0776,-3.17521],false,[59.5597,113.222,67.5625],[59.5597,113.222,67.5625],[12.8733,127.983,57.8536],[-18.6965,126.668,45.0422],[-40.6193,133.4,40.3725],[[[0.661332,0.132535,-0.738292],[0.488403,0.670946,0.557937],[0.5693,-0.729565,0.378988]],[[0.317635,0.458827,-0.829811],[0.15614,0.837876,0.523053],[0.935269,-0.295707,0.194498]],[[0.317635,0.458827,-0.829811],[-0.204409,0.887688,0.412585],[0.925918,0.0385697,0.37575]],[[0.317635,0.458827,-0.829811],[0.147117,0.840687,0.521154],[0.936731,-0.287616,0.199531]]],0],[2291,[-0.965081,0.0662408,-0.253437],229,58.8075,[-49.4886,181.461,11.5652],[-35.1528,173.045,-23.22],[6.86253,-39.6187,-81.2114],false,[70.2362,119.414,47.325],[18.7583,154.836,8.49491],[0.0391649,177.315,-22.9704],[-23.2872,178.916,-29.0961],[-37.9386,172.264,-23.351],[[[0.0233886,-0.722947,-0.690507],[0.714037,0.495504,-0.494597],[0.699717,-0.48148,0.5278]],[[0.109529,-0.776822,-0.620122],[0.893399,0.350411,-0.28116],[0.435709,-0.523221,0.732392]],[[0.109529,-0.776822,-0.620122],[0.237953,0.626227,-0.742441],[0.965081,-0.0662408,0.253437]],[[0.109529,-0.776822,-0.620122],[-0.50264,0.494943,-0.708791],[0.857529,0.389331,-0.336251]]],1],[2292,[-0.977506,0.0100079,-0.21067],229,67.0064,[-43.7902,165.555,-23.8559],[-39.6734,150.225,-42.1453],[-5.82635,-62.2555,-46.005],false,[71.3244,111.735,37.7612],[23.119,138.059,-5.26081],[0.649245,154.931,-44.4236],[-27.1475,155.215,-50.4143],[-42.8244,149.535,-41.7478],[[[-0.00436302,-0.855158,-0.518349],[0.722901,0.355457,-0.592508],[0.690938,-0.3773,0.616643]],[[0.084518,-0.896574,-0.434754],[0.880647,0.271342,-0.388374],[0.466173,-0.350041,0.812499]],[[0.084518,-0.896574,-0.434754],[0.193232,0.44278,-0.875561],[0.977506,-0.0100079,0.21067]],[[0.084518,-0.896574,-0.434754],[-0.544895,0.323709,-0.7735],[0.834234,0.30227,-0.461179]]],2],[2293,[-0.990086,-0.0908506,-0.107122],229,64.4285,[-32.5183,123.332,-43.579],[-33.0511,119.249,-44.4486],[-11.592,-63.3354,12.9244],false,[71.3551,101.911,30.3851],[29.4749,117.754,-13.4192],[5.8121,126.226,-50.3591],[-21.6153,123.709,-53.3266],[-35.6795,118.498,-42.185],[[[0.042879,-0.925706,-0.375805],[0.742399,0.281243,-0.608068],[0.668585,-0.252924,0.699303]],[[0.118806,-0.948502,-0.293648],[0.839879,0.253745,-0.479809],[0.529611,-0.189625,0.826774]],[[0.118806,-0.948502,-0.293648],[0.0749269,0.303463,-0.949893],[0.990086,0.0908506,0.107122]],[[0.118806,-0.948502,-0.293648],[-0.647508,0.150195,-0.747111],[0.75274,0.278901,-0.596319]]],3],[2294,[-0.994179,-0.0711035,-0.0809434],229,50.5107,[-13.4067,95.7832,-40.8436],[-14.4394,94.8899,-40.0216],[-3.43615,-68.0119,21.2153],false,[68.0872,88.2323,28.1986],[33.0018,96.9635,-17.1343],[15.7221,98.1107,-47.9623],[-3.7229,96.72,-49.5454],[-16.3383,94.796,-37.9584],[[[-0.00328698,-0.982417,-0.186671],[0.796162,0.11038,-0.59493],[0.605074,-0.150576,0.7818]],[[0.0776245,-0.993728,-0.0804904],[0.868996,0.107012,-0.483109],[0.488692,-0.0324448,0.871853]],[[0.0776245,-0.993728,-0.0804904],[0.0747125,0.0863051,-0.993463],[0.994179,0.0711035,0.0809434]],[[0.0776245,-0.993728,-0.0804904],[-0.676993,0.0067286,-0.735959],[0.731885,0.11162,-0.672225]]],4]],[[0,200,0],[235.247,235.247,147.751]]],[618714,238624708610,[[229,"right",[-0.575846,0.418763,-0.702167],[-0.808809,-0.417115,0.41454],[34.3589,123.219,12.3066],[-2.79571,-13.9494,-11.4332],[28.4674,126.563,11.9632],0,0.790267,0.795451,[[0.18492,-0.815113,-0.548994],[0.40001,0.572688,-0.715556],[0.897662,-0.0872827,0.431955]],63.72,[312.227,72.6925,160.648],[69.858,96.2588,44.0201]]],[[2290,[-0.927002,-0.0396884,-0.37295],229,52.1164,[-36.3674,128.88,42.3371],[-35.5296,132.239,41.7312],[4.023,12.2413,0.432414],false,[59.6926,113.316,67.4031],[59.6926,113.316,67.4031],[12.9863,128.092,57.8133],[-18.6204,126.739,45.0974],[-40.5577,133.452,40.4685],[[[0.659056,0.130208,-0.740737],[0.490438,0.672282,0.554533],[0.570189,-0.728754,0.379213]],[[0.31522,0.456382,-0.832077],[0.158621,0.839105,0.520328],[0.935668,-0.296003,0.192111]],[[0.31522,0.456382,-0.832077],[-0.203231,0.888898,0.410557],[0.927002,0.0396884,0.37295]],[[0.31522,0.456382,-0.832077],[0.148386,0.84229,0.518198],[0.937346,-0.286815,0.197786]]],0],[2291,[-0.96486,0.0673427,-0.253988],229,58.8075,[-49.4825,181.458,11.5503],[-35.1771,173.01,-23.4619],[3.57196,-28.1487,-59.8646],false,[70.3079,119.448,47.1149],[18.7225,154.784,8.34919],[0.0157295,177.179,-23.1833],[-23.3053,178.807,-29.3223],[-37.9756,172.207,-23.5652],[[[0.0209114,-0.724868,-0.68857],[0.712681,0.493828,-0.498217],[0.701177,-0.480312,0.526926]],[[0.108172,-0.779098,-0.6175],[0.893703,0.348267,-0.282851],[0.435423,-0.521265,0.733955]],[[0.108172,-0.779098,-0.6175],[0.239465,0.623275,-0.744436],[0.96486,-0.0673427,0.253988]],[[0.108172,-0.779098,-0.6175],[-0.501045,0.493758,-0.710744],[0.858634,0.386277,-0.336952]]],1],[2292,[-0.978132,0.00994684,-0.207748],229,67.0064,[-43.6414,165.049,-24.5311],[-39.8619,150.07,-42.1209],[-9.63229,-45.86,-29.1148],false,[71.3627,111.742,37.569],[23.0329,137.966,-5.37364],[0.450844,154.743,-44.513],[-27.3637,155.025,-50.4206],[-43.0177,149.377,-41.6919],[[[-0.00635242,-0.856589,-0.51596],[0.721177,0.353507,-0.595766],[0.692722,-0.375883,0.615507]],[[0.082743,-0.897799,-0.432562],[0.879578,0.269845,-0.391824],[0.468504,-0.348052,0.812013]],[[0.082743,-0.897799,-0.432562],[0.190818,0.440292,-0.877343],[0.978132,-0.00994684,0.207748]],[[0.082743,-0.897799,-0.432562],[-0.547029,0.321897,-0.772749],[0.833014,0.300564,-0.464487]]],2],[2293,[-0.991143,-0.0850824,-0.101965],229,64.4285,[-32.5476,122.372,-43.8472],[-33.1708,119.452,-44.2718],[-12.7115,-31.6571,15.8029],false,[71.3661,101.897,30.2202],[29.3546,117.636,-13.4957],[5.61955,126.388,-50.324],[-21.8371,124.031,-53.1486],[-35.8389,118.852,-41.9139],[[[0.0413093,-0.926762,-0.37337],[0.740595,0.279241,-0.611182],[0.67068,-0.251268,0.697891]],[[0.111994,-0.948136,-0.297483],[0.839793,0.250346,-0.481741],[0.531229,-0.195872,0.824275]],[[0.111994,-0.948136,-0.297483],[0.071366,0.306268,-0.949267],[0.991143,0.0850824,0.101965]],[[0.111994,-0.948136,-0.297483],[-0.652574,0.155592,-0.741579],[0.749403,0.277182,-0.601303]]],3],[2294,[-0.994538,-0.0703042,-0.0771429],229,50.5107,[-13.4806,95.5106,-40.7008],[-14.571,94.7622,-39.9157],[-6.68627,-48.4796,17.7964],false,[68.0856,88.2138,28.0819],[32.8612,96.8342,-17.1642],[15.5283,97.9427,-47.9638],[-3.92372,96.5676,-49.4726],[-16.4751,94.6792,-37.8105],[[[-0.00428379,-0.982929,-0.183935],[0.794329,0.108393,-0.59774],[0.607473,-0.148666,0.780304]],[[0.0763723,-0.993964,-0.0787537],[0.86826,0.105129,-0.484843],[0.490196,-0.0313501,0.871048]],[[0.0763723,-0.993964,-0.0787537],[0.0711406,0.0842151,-0.993905],[0.994538,0.0703042,0.0771429]],[[0.0763723,-0.993964,-0.0787537],[-0.681124,0.00567438,-0.732146],[0.728174,0.109557,-0.67658]]],4]],[[0,200,0],[235.247,235.247,147.751]]],[618715,238624720671,[[229,"right",[-0.577507,0.417512,-0.701548],[-0.807909,-0.415789,0.417615],[34.3217,123.183,12.2249],[-2.89686,-10.0972,-9.80602],[28.4874,126.551,11.9641],0,0.789591,0.800951,[[0.18403,-0.816583,-0.547106],[0.399904,0.570664,-0.71723],[0.897892,-0.0867986,0.431574]],63.72,[312.322,72.8395,160.428],[69.8917,96.2752,43.9027]]],[[2290,[-0.927812,-0.040893,-0.370801],229,52.1164,[-36.2981,129.114,42.282],[-35.4758,132.29,41.8085],[4.24329,9.4474,2.5807],false,[59.7975,113.389,67.2751],[59.7975,113.389,67.2751],[13.0802,128.203,57.798],[-18.5541,126.809,45.1553],[-40.5046,133.497,40.5542],[[[0.657141,0.128241,-0.742778],[0.492257,0.67325,0.55174],[0.570831,-0.728209,0.379293]],[[0.313249,0.454374,-0.833918],[0.161211,0.839926,0.518204],[0.935888,-0.296764,0.189856]],[[0.313249,0.454374,-0.833918],[-0.202583,0.889872,0.408764],[0.927812,0.040893,0.370801]],[[0.313249,0.454374,-0.833918],[0.148992,0.843725,0.515684],[0.93791,-0.285785,0.196598]]],0],[2291,[-0.965061,0.0676141,-0.253151],229,58.8075,[-49.4759,181.454,11.5339],[-35.2272,172.969,-23.5936],[0.457386,-20.5705,-41.8293],false,[70.3616,119.471,46.9453],[18.6908,154.748,8.23972],[-0.0428494,177.071,-23.328],[-23.3688,178.705,-29.4467],[-38.0403,172.136,-23.6577],[[[0.0187061,-0.726391,-0.687027],[0.711597,0.492367,-0.501203],[0.702339,-0.479511,0.526108]],[[0.106753,-0.780855,-0.615523],[0.89357,0.346837,-0.285022],[0.436047,-0.519586,0.734774]],[[0.106753,-0.780855,-0.615523],[0.239292,0.621042,-0.746355],[0.965061,-0.0676141,0.253151]],[[0.106753,-0.780855,-0.615523],[-0.501228,0.492383,-0.711569],[0.858705,0.38448,-0.338823]]],1],[2292,[-0.978552,0.0107458,-0.205718],229,67.0064,[-43.4629,164.424,-25.3597],[-39.965,150.02,-42.1555],[-9.14491,-31.4551,-18.3074],false,[71.387,111.743,37.4136],[22.956,137.898,-5.45752],[0.345787,154.643,-44.5941],[-27.4807,154.948,-50.444],[-43.1118,149.327,-41.6568],[[[-0.00816319,-0.857719,-0.514054],[0.719762,0.351827,-0.598465],[0.694173,-0.374882,0.614481]],[[0.0807725,-0.898654,-0.431158],[0.87945,0.267834,-0.393487],[0.469087,-0.347399,0.811955]],[[0.0807725,-0.898654,-0.431158],[0.189502,0.438527,-0.878512],[0.978552,-0.0107458,0.205718]],[[0.0807725,-0.898654,-0.431158],[-0.549176,0.320866,-0.771655],[0.831794,0.29911,-0.467602]]],2],[2293,[-0.992095,-0.0777277,-0.0985223],229,64.4285,[-32.596,121.958,-43.952],[-33.2575,119.806,-44.1302],[-12.3866,-5.88633,15.7711],false,[71.3658,101.882,30.0865],[29.2457,117.547,-13.5517],[5.48015,126.666,-50.271],[-22.0029,124.512,-53.0003],[-35.974,119.367,-41.7121],[[[0.0398437,-0.927602,-0.371438],[0.739101,0.277518,-0.61377],[0.672415,-0.250076,0.696649]],[[0.104288,-0.947344,-0.302761],[0.840354,0.246749,-0.482618],[0.531911,-0.204095,0.821837]],[[0.104288,-0.947344,-0.302761],[0.0698016,0.310642,-0.947961],[0.992095,0.0777277,0.0985223]],[[0.104288,-0.947344,-0.302761],[-0.65573,0.163385,-0.737105],[0.747758,0.2754,-0.604162]]],3],[2294,[-0.994849,-0.0691171,-0.0741521],229,50.5107,[-13.5703,95.3375,-40.5819],[-14.6793,94.6929,-39.8303],[-8.09753,-33.2913,14.6592],false,[68.0727,88.196,27.9871],[32.7319,96.7349,-17.1837],[15.3638,97.836,-47.9637],[-4.0943,96.4841,-49.414],[-16.5921,94.6253,-37.6898],[[[-0.00527168,-0.983329,-0.181759],[0.792784,0.106672,-0.600095],[0.60948,-0.14726,0.779005]],[[0.0748685,-0.994153,-0.0778106],[0.867827,0.103393,-0.485989],[0.491193,-0.0311409,0.870494]],[[0.0748685,-0.994153,-0.0778106],[0.0683405,0.0829615,-0.994207],[0.994849,0.0691171,0.0741521]],[[0.0748685,-0.994153,-0.0778106],[-0.684598,0.00549358,-0.728901],[0.725066,0.107841,-0.680183]]],4]],[[0,200,0],[235.247,235.247,147.751]]],[618716,238624732855,[[229,"right",[-0.578402,0.417023,-0.701101],[-0.807437,-0.41507,0.419239],[34.2971,123.167,12.2251],[-2.58768,-7.00684,-6.34327],[28.5076,126.539,11.965],0,0.788976,0.807873,[[0.183559,-0.817296,-0.546199],[0.399728,0.569686,-0.718105],[0.898067,-0.0865164,0.431267]],63.72,[312.382,72.9181,160.319],[69.9045,96.2775,43.8767]]],[[2290,[-0.928187,-0.0417336,-0.369766],229,52.1164,[-36.2369,129.315,42.2413],[-35.4453,132.313,41.8956],[3.68923,6.81545,4.22393],false,[59.8516,113.419,67.247],[59.8516,113.419,67.247],[13.133,128.277,57.8459],[-18.5141,126.854,45.2385],[-40.4743,133.515,40.6439],[[[0.656077,0.127253,-0.743888],[0.493331,0.673619,0.550329],[0.571128,-0.728041,0.379168]],[[0.312193,0.453405,-0.834841],[0.163103,0.840134,0.517273],[0.935913,-0.297654,0.188332]],[[0.312193,0.453405,-0.834841],[-0.202495,0.890327,0.407816],[0.928187,0.0417336,0.369766]],[[0.312193,0.453405,-0.834841],[0.148593,0.844642,0.514295],[0.938326,-0.284611,0.196319]]],0],[2291,[-0.964986,0.0682528,-0.253266],229,58.8075,[-49.469,181.451,11.517],[-35.2313,172.984,-23.6538],[-0.0938588,-13.5854,-27.951],false,[70.3875,119.476,46.8953],[18.6719,154.734,8.23169],[-0.0526679,177.029,-23.3608],[-23.3768,178.678,-29.4824],[-38.0554,172.132,-23.6859],[[[0.0174095,-0.727086,-0.686325],[0.711028,0.4916,-0.50276],[0.702948,-0.479244,0.525537]],[[0.105989,-0.781757,-0.61451],[0.893763,0.345765,-0.285716],[0.435836,-0.518944,0.735353]],[[0.105989,-0.781757,-0.61451],[0.239935,0.619837,-0.74715],[0.964986,-0.0682528,0.253266]],[[0.105989,-0.781757,-0.61451],[-0.500675,0.491981,-0.712235],[0.859122,0.383159,-0.339262]]],1],[2292,[-0.978635,0.0120538,-0.205253],229,67.0064,[-43.2639,163.73,-26.2829],[-39.9762,150.068,-42.1898],[-5.98091,-18.9467,-11.094],false,[71.3958,111.738,37.3698],[22.9104,137.868,-5.45502],[0.339141,154.641,-44.6021],[-27.4897,154.984,-50.4388],[-43.1118,149.381,-41.6242],[[[-0.00924954,-0.85823,-0.513182],[0.718996,0.350959,-0.599894],[0.694953,-0.374524,0.613818]],[[0.079295,-0.898925,-0.430866],[0.880015,0.266167,-0.393355],[0.468279,-0.347977,0.812174]],[[0.079295,-0.898925,-0.430866],[0.1897,0.437936,-0.878764],[0.978635,-0.0120538,0.205253]],[[0.079295,-0.898925,-0.430866],[-0.550117,0.320991,-0.770932],[0.831315,0.298158,-0.469061]]],2],[2293,[-0.992864,-0.0728855,-0.0943857],229,64.4285,[-32.6419,121.787,-43.9638],[-33.3119,120.106,-43.9248],[-11.2165,7.19996,18.472],false,[71.36,101.87,30.0526],[29.1805,117.507,-13.5382],[5.35486,126.904,-50.1481],[-22.1495,124.885,-52.7628],[-36.0736,119.75,-41.4123],[[[0.0389448,-0.927989,-0.370567],[0.738285,0.276628,-0.615152],[0.673364,-0.249627,0.695893]],[[0.0986865,-0.946515,-0.307198],[0.840179,0.244678,-0.483976],[0.533255,-0.210339,0.819388]],[[0.0986865,-0.946515,-0.307198],[0.0669471,0.314321,-0.946953],[0.992864,0.0728855,0.0943857]],[[0.0986865,-0.946515,-0.307198],[-0.659446,0.168986,-0.732513],[0.745246,0.27487,-0.607498]]],3],[2294,[-0.994999,-0.0673097,-0.0738026],229,50.5107,[-13.6256,95.262,-40.503],[-14.6756,94.7329,-39.7975],[-5.72671,-19.7922,10.5976],false,[68.0587,88.1831,27.9719],[32.6535,96.6898,-17.1545],[15.3286,97.8521,-47.9566],[-4.13242,96.5356,-49.4001],[-16.6024,94.6892,-37.6443],[[[-0.0059074,-0.983508,-0.180766],[0.791925,0.105776,-0.601387],[0.61059,-0.146705,0.77824]],[[0.073089,-0.994221,-0.0786249],[0.868669,0.102193,-0.484737],[0.489971,-0.0328701,0.871119]],[[0.073089,-0.994221,-0.0786249],[0.0680839,0.0836259,-0.994169],[0.994999,0.0673097,0.0738026]],[[0.073089,-0.994221,-0.0786249],[-0.686495,0.00703367,-0.727101],[0.723452,0.107119,-0.682014]]],4]],[[0,200,0],[235.247,235.247,147.751]]],[618717,238624744800,[[229,"right",[-0.580528,0.418136,-0.698677],[-0.806099,-0.416174,0.420718],[34.2181,123.174,12.266],[-3.98545,-4.36722,-2.95485],[28.5303,126.526,11.9662],0,0.787143,0.823019,[[0.184406,-0.816444,-0.547187],[0.398653,0.571015,-0.717647],[0.898371,-0.0857996,0.430777]],63.72,[312.485,73.0722,160.076],[69.9245,96.2381,43.7661]]],[[2290,[-0.928716,-0.0434394,-0.368239],229,52.1164,[-36.2008,129.424,42.227],[-35.4292,132.174,42.1148],[2.95336,-0.0234433,8.83117],false,[59.9309,113.331,67.1971],[59.9309,113.331,67.1971],[13.1945,128.256,57.993],[-18.4707,126.775,45.4377],[-40.4629,133.339,40.856],[[[0.653934,0.128917,-0.745487],[0.494624,0.672759,0.55022],[0.572466,-0.728543,0.376174]],[[0.309737,0.455065,-0.834853],[0.165708,0.83876,0.518674],[0.936271,-0.298994,0.184387]],[[0.309737,0.455065,-0.834853],[-0.203838,0.889398,0.409171],[0.928716,0.0434394,0.368239]],[[0.309737,0.455065,-0.834853],[0.145042,0.845143,0.514486],[0.939695,-0.280443,0.195769]]],0],[2291,[-0.964898,0.0700141,-0.253119],229,58.8075,[-49.4624,181.447,11.5004],[-35.3454,173.121,-23.4923],[-3.62509,-5.13591,-12.7281],false,[70.4072,119.431,46.8274],[18.5698,154.742,8.37663],[-0.167711,177.105,-23.1605],[-23.4897,178.797,-29.2785],[-38.181,172.263,-23.4997],[[[0.0157518,-0.725773,-0.687754],[0.709426,0.492827,-0.503822],[0.704603,-0.479975,0.522645]],[[0.104931,-0.780755,-0.615964],[0.893741,0.345672,-0.285899],[0.436138,-0.520512,0.734064]],[[0.104931,-0.780755,-0.615964],[0.24075,0.620902,-0.746003],[0.964898,-0.0700141,0.253119]],[[0.104931,-0.780755,-0.615964],[-0.499621,0.494155,-0.71147],[0.859865,0.382404,-0.338229]]],1],[2292,[-0.97872,0.0145731,-0.204684],229,67.0064,[-43.0378,162.925,-27.3648],[-40.1278,150.31,-42.0593],[-8.40406,-4.516,-1.76656],false,[71.3917,111.712,37.2845],[22.7761,137.905,-5.35401],[0.190564,154.839,-44.423],[-27.6407,155.254,-50.2435],[-43.2678,149.651,-41.4375],[[[-0.0103708,-0.857256,-0.514786],[0.717174,0.352374,-0.601244],[0.696817,-0.375426,0.611147]],[[0.0773612,-0.89767,-0.433824],[0.880029,0.265985,-0.393447],[0.468576,-0.35134,0.810553]],[[0.0773612,-0.89767,-0.433824],[0.190061,0.440426,-0.87744],[0.97872,-0.0145731,0.204684]],[[0.0773612,-0.89767,-0.433824],[-0.549986,0.324509,-0.769551],[0.831583,0.29813,-0.468602]]],2],[2293,[-0.993359,-0.0692692,-0.0918681],229,64.4285,[-32.7021,121.727,-43.9377],[-33.4867,120.479,-43.6915],[-13.266,16.9946,19.2376],false,[71.339,101.857,29.9486],[29.0311,117.561,-13.4935],[5.14328,127.246,-49.9878],[-22.3748,125.327,-52.5327],[-36.272,120.167,-41.1602],[[[0.0382508,-0.927267,-0.372441],[0.736447,0.278079,-0.616699],[0.675412,-0.250694,0.69352]],[[0.0948363,-0.945045,-0.312884],[0.839737,0.244745,-0.484708],[0.534647,-0.216772,0.8168]],[[0.0948363,-0.945045,-0.312884],[0.0651463,0.319518,-0.945338],[0.993359,0.0692692,0.0918681]],[[0.0948363,-0.945045,-0.312884],[-0.661635,0.175,-0.729119],[0.743805,0.276162,-0.608678]]],3],[2294,[-0.995256,-0.0665395,-0.0709772],229,50.5107,[-13.6919,95.267,-40.4308],[-14.7983,94.8867,-39.7016],[-7.86721,-8.07417,10.3601],false,[68.037,88.1732,27.8511],[32.5018,96.7523,-17.1592],[15.145,98.0274,-47.9389],[-4.32106,96.7259,-49.3271],[-16.7306,94.8493,-37.5124],[[[-0.00604639,-0.983165,-0.18262],[0.79019,0.107222,-0.603409],[0.612832,-0.147953,0.776239]],[[0.0723004,-0.994011,-0.0819483],[0.868226,0.103163,-0.485325],[0.490873,-0.0360605,0.870485]],[[0.0723004,-0.994011,-0.0819483],[0.0650993,0.0866913,-0.994106],[0.995256,0.0665395,0.0709772]],[[0.0723004,-0.994011,-0.0819483],[-0.690254,0.00944106,-0.723506],[0.719946,0.108875,-0.685437]]],4]],[[0,200,0],[235.247,235.247,147.751]]],[618718,238624757035,[[229,"right",[-0.582859,0.420971,-0.695025],[-0.804537,-0.418977,0.420926],[34.1102,123.127,12.2926],[-5.69456,-4.20828,-1.14014],[28.5593,126.508,11.9679],0,0.786724,0.832392,[[0.186894,-0.813948,-0.550053],[0.396802,0.574758,-0.715682],[0.898676,-0.084506,0.430395]],63.72,[312.572,73.2549,159.769],[69.9292,96.0715,43.5623]]],[[2290,[-0.927964,-0.0493932,-0.369382],229,52.1164,[-36.1638,129.506,42.2143],[-35.422,131.659,42.2209],[2.31159,-17.6583,6.8425],false,[59.9847,113.041,67.1038],[59.9847,113.041,67.1038],[13.2248,128.024,58.1155],[-18.4147,126.34,45.5212],[-40.4615,132.676,40.882],[[[0.651739,0.133155,-0.746664],[0.495522,0.67055,0.552106],[0.574191,-0.729817,0.371042]],[[0.30734,0.459155,-0.833498],[0.167502,0.836113,0.522359],[0.936742,-0.300154,0.180062]],[[0.30734,0.459155,-0.833498],[-0.210773,0.886982,0.410898],[0.927964,0.0493932,0.369382]],[[0.30734,0.459155,-0.833498],[0.134626,0.846102,0.515739],[0.942029,-0.270718,0.198227]]],0],[2291,[-0.965395,0.0705169,-0.251077],229,58.8075,[-49.4371,181.434,11.4376],[-35.561,173.205,-23.1153],[-8.99223,-1.37407,3.56361],false,[70.3987,119.249,46.735],[18.4217,154.698,8.60004],[-0.396628,177.187,-22.7986],[-23.7306,178.892,-28.8672],[-38.4078,172.323,-23.0927],[[[0.0145199,-0.722411,-0.691312],[0.707562,0.495939,-0.503388],[0.706502,-0.481837,0.518352]],[[0.104349,-0.777876,-0.619693],[0.89289,0.347699,-0.286101],[0.438018,-0.523464,0.73084]],[[0.104349,-0.777876,-0.619693],[0.239006,0.624448,-0.7436],[0.965395,-0.0705169,0.251077]],[[0.104349,-0.777876,-0.619693],[-0.501163,0.497073,-0.708346],[0.859039,0.384482,-0.337974]]],1],[2292,[-0.978438,0.0195681,-0.205614],229,67.0064,[-42.7956,162.062,-28.5623],[-40.2751,150.752,-41.938],[-9.6843,12.087,4.30182],false,[71.3639,111.578,37.1519],[22.6055,137.931,-5.22383],[0.0602784,155.225,-44.1588],[-27.763,155.781,-50.0057],[-43.4223,150.168,-41.264],[[[-0.0109989,-0.854757,-0.518912],[0.71517,0.355969,-0.601513],[0.698864,-0.377726,0.607381]],[[0.0746979,-0.894592,-0.440597],[0.880704,0.266424,-0.391636],[0.46774,-0.358781,0.807772]],[[0.0746979,-0.894592,-0.440597],[0.192562,0.446455,-0.873841],[0.978438,-0.0195681,0.205614]],[[0.0746979,-0.894592,-0.440597],[-0.54775,0.332401,-0.767775],[0.833301,0.298688,-0.465183]]],2],[2293,[-0.993817,-0.0671153,-0.0884465],229,64.4285,[-32.7753,121.732,-43.8824],[-33.6759,120.864,-43.4516],[-14.4066,22.8886,20.3253],false,[71.3,101.759,29.7685],[28.8569,117.633,-13.4793],[4.90659,127.656,-49.8413],[-22.6241,125.796,-52.2915],[-36.4596,120.562,-40.8777],[[[0.0380835,-0.925412,-0.377044],[0.73447,0.281768,-0.617382],[0.677571,-0.253416,0.690418]],[[0.0921949,-0.942727,-0.320573],[0.839139,0.246874,-0.484664],[0.536046,-0.224321,0.813839]],[[0.0921949,-0.942727,-0.320573],[0.0618655,0.326745,-0.943086],[0.993817,0.0671153,0.0884465]],[[0.0921949,-0.942727,-0.320573],[-0.665708,0.181062,-0.723913],[0.740495,0.280149,-0.610887]]],3],[2294,[-0.995517,-0.0653942,-0.0683345],229,50.5107,[-13.7657,95.3365,-40.3802],[-14.9165,95.1484,-39.7068],[-9.17607,3.24238,7.34416],false,[68.005,88.0822,27.6137],[32.3369,96.8459,-17.2557],[14.9576,98.3552,-48.0121],[-4.51352,97.0762,-49.3486],[-16.857,95.1248,-37.4768],[[[-0.00563376,-0.982272,-0.187375],[0.78841,0.110899,-0.605071],[0.615125,-0.151137,0.773808]],[[0.0713743,-0.993464,-0.0890841],[0.867944,0.105869,-0.485248],[0.491507,-0.0426858,0.869827]],[[0.0713743,-0.993464,-0.0890841],[0.0620622,0.0935621,-0.993677],[0.995517,0.0653942,0.0683345]],[[0.0713743,-0.993464,-0.0890841],[-0.694329,0.0146353,-0.719509],[0.71611,0.113208,-0.688746]]],4]],[[0,200,0],[235.247,235.247,147.751]]],[618719,238624769296,[[229,"right",[-0.587574,0.426427,-0.68769],[-0.800849,-0.428036,0.418839],[34.17,123.148,12.6736],[-1.95078,-2.10862,10.2694],[28.5777,126.497,11.9702],0,0.786156,0.713716,[[0.192524,-0.806736,-0.558669],[0.392793,0.585076,-0.709507],[0.899249,-0.0828444,0.429521]],63.72,[313.038,73.5276,159.45],[70.241,95.8956,43.4791]]],[[2290,[-0.925666,-0.062352,-0.373168],229,52.1164,[-36.1141,129.516,42.211],[-35.2244,130.359,42.5801],[7.26511,-55.3707,10.2384],false,[60.3026,112.53,67.2613],[60.3026,112.53,67.2613],[13.4267,127.304,58.5349],[-18.1345,125.178,45.8115],[-40.2857,131.047,41.0569],[[[0.648224,0.145413,-0.747436],[0.494304,0.666292,0.558318],[0.579197,-0.731376,0.360028]],[[0.302544,0.470254,-0.829053],[0.163162,0.831425,0.531142],[0.939066,-0.295963,0.174815]],[[0.302544,0.470254,-0.829053],[-0.227177,0.880326,0.416434],[0.925666,0.062352,0.373168]],[[0.302544,0.470254,-0.829053],[0.112364,0.846154,0.520959],[0.946489,-0.250769,0.203159]]],0],[2291,[-0.9663,0.0696238,-0.247825],229,58.8075,[-49.4184,181.424,11.3916],[-35.8305,173.358,-21.9598],[-13.9762,3.76697,36.7598],false,[70.6081,119.036,46.9302],[18.3118,154.683,9.42212],[-0.68918,177.469,-21.6504],[-24.045,179.152,-27.6404],[-38.6811,172.454,-21.9102],[[[0.0154537,-0.713924,-0.700052],[0.703182,0.505505,-0.5],[0.710842,-0.484537,0.509831]],[[0.105939,-0.769865,-0.629353],[0.890604,0.354963,-0.284299],[0.442269,-0.530386,0.723249]],[[0.105939,-0.769865,-0.629353],[0.23461,0.634398,-0.736544],[0.9663,-0.0696238,0.247825]],[[0.105939,-0.769865,-0.629353],[-0.504934,0.503594,-0.701024],[0.856632,0.392047,-0.335381]]],1],[2292,[-0.97854,0.0221754,-0.204861],229,67.0064,[-42.6034,161.402,-29.4861],[-40.3811,151.377,-41.1667],[-8.87978,28.2681,27.4263],false,[71.5746,111.485,37.2515],[22.5257,138.105,-4.61921],[-0.0430557,155.972,-43.2808],[-27.8692,156.602,-49.1063],[-43.5087,150.843,-40.4246],[[[-0.00875434,-0.848469,-0.529172],[0.711107,0.36677,-0.599839],[0.703029,-0.381549,0.600141]],[[0.0749327,-0.88783,-0.454029],[0.880425,0.272692,-0.387931],[0.468227,-0.37067,0.802102]],[[0.0749327,-0.88783,-0.454029],[0.19195,0.459636,-0.867116],[0.97854,-0.0221754,0.204861]],[[0.0749327,-0.88783,-0.454029],[-0.549329,0.343243,-0.761855],[0.83224,0.306499,-0.461991]]],2],[2293,[-0.994726,-0.0709083,-0.0741059],229,64.4285,[-32.8341,121.783,-43.7311],[-33.7509,121.412,-42.4458],[-13.1107,29.6646,49.2851],false,[71.5311,101.756,29.75],[28.8457,117.94,-13.1431],[4.58299,128.48,-49.1499],[-22.9729,126.516,-51.2028],[-36.5265,121.016,-39.5774],[[[0.0412165,-0.920588,-0.388355],[0.730713,0.292864,-0.616676],[0.68144,-0.258359,0.684756]],[[0.0918644,-0.937276,-0.336266],[0.834668,0.256638,-0.487306],[0.543038,-0.235905,0.80589]],[[0.0918644,-0.937276,-0.336266],[0.0456136,0.341301,-0.938847],[0.994726,0.0709083,0.0741059]],[[0.0918644,-0.937276,-0.33