{"metadata":{"formatVersion":2,"generatedBy":"LeapJS Playback 0.2.1","frames":1,"protocolVersion":6,"serviceVersion":"2.2.4+26750","frameRate":"1.1e+2","modified":"Wed Apr 15 2015 21:26:49 GMT-0300 (E. South America Standard Time)"},"frames":[["id","timestamp",{"hands":[["id","type","direction","palmNormal","palmPosition","palmVelocity","stabilizedPalmPosition","pinchStrength","grabStrength","confidence","armBasis","armWidth","elbow","wrist"]]},{"pointables":[["id","direction","handId","length","stabilizedTipPosition","tipPosition","tipVelocity","tool","carpPosition","mcpPosition","pipPosition","dipPosition","btipPosition","bases","type"]]},{"interactionBox":["center","size"]}],[1210763,287092388752,[[1056,"right",[-0.032905,0.985134,-0.168606],[-0.0505844,-0.170123,-0.984124],[43.1611,118.347,46.6558],[-4.03095,-4.62119,-6.06578],[36.1391,114.146,39.8692],0.660238,1,0.5078,[[0.909028,0.0553994,-0.413037],[-0.0186557,0.995541,0.0924708],[0.416318,-0.076353,0.906008]],63.2914,[164.35,45.9417,302.479],[52.7008,66.4183,59.5024]]],[[10560,[-0.137936,0.957989,-0.251459],1056,51.7658,[-2.34397,141.904,36.8282],[-1.5112,141.619,36.5169],[-3.89163,-6.00206,0.842393],false,[24.0053,60.5695,51.088],[24.0053,60.5695,51.088],[-7.38833,98.6486,55.8611],[-12.0597,131.092,47.3451],[1.72778,144.913,34.7247],[[[0.440487,0.353993,0.825021],[-0.767864,-0.327579,0.550525],[0.465141,-0.876003,0.127524]],[[0.474383,0.286771,0.8323],[-0.611603,-0.572653,0.545903],[0.633168,-0.768004,-0.0962665]],[[0.474383,0.286771,0.8323],[-0.869445,0.00448314,0.49401],[0.137936,-0.957989,0.251459]],[[0.474383,0.286771,0.8323],[-0.650525,0.751188,0.111953],[-0.593109,-0.594541,0.542903]]],0],[10561,[-0.0908171,0.0335092,-0.995304],1056,58.4119,[9.83719,172.436,19.7504],[9.73198,171.956,18.8314],[-4.09993,2.81049,2.15538],false,[32.6345,74.5352,67.9654],[17.6305,142.583,45.9586],[9.63277,184.487,47.0121],[7.45245,185.291,23.117],[10.2237,169.085,18.9124],[[[0.978482,0.188921,-0.0829527],[0.0203517,0.311707,0.94996],[0.205324,-0.931208,0.301155]],[[0.9785,0.188839,-0.0829262],[0.0860928,-0.00861394,0.99625],[0.187417,-0.98197,-0.0246864]],[[0.9785,0.188839,-0.0829262],[-0.185173,0.981436,0.0499386],[0.0908171,-0.0335092,0.995304]],[[0.9785,0.188839,-0.0829262],[-0.125978,0.228891,-0.965266],[-0.163299,0.95496,0.24776]]],1],[10562,[-0.196879,-0.0170801,-0.980279],1056,66.5557,[33.6317,176.739,14.7856],[33.4722,175.927,13.8487],[-3.6819,2.54708,0.713538],false,[44.3873,77.8928,68.3918],[39.5713,143.578,46.8388],[39.7849,191.425,45.162],[34.2241,190.942,17.4739],[33.3186,172.623,14.011],[[[0.979324,0.00544949,-0.202224],[0.189986,0.318639,0.928641],[0.0694972,-0.947861,0.311015]],[[0.980398,-0.0112721,-0.196706],[0.196979,0.0334595,0.979837],[-0.00446308,-0.999377,0.035024]],[[0.980398,-0.0112721,-0.196706],[0.00769,0.999791,-0.0189645],[0.196879,0.0170801,0.980279]],[[0.980398,-0.0112721,-0.196706],[-0.190965,0.191433,-0.962749],[0.0485082,0.981441,0.185528]]],2],[10563,[-0.231315,0.104404,-0.967261],1056,63.9951,[56.2384,167.999,16.4548],[57.7403,170.096,18.1301],[-1.8107,2.15221,3.53222],false,[56.3921,79.0163,66.5133],[61.4503,137.784,46.7159],[66.7832,181.766,49.2918],[60.4184,184.639,22.677],[57.3849,166.908,18.1134],[[[0.96175,-0.158131,-0.223677],[0.261587,0.287836,0.921262],[-0.081298,-0.944534,0.318191]],[[0.964853,-0.102825,-0.241838],[0.233707,-0.0850641,0.968579],[-0.120166,-0.991056,-0.0580434]],[[0.964853,-0.102825,-0.241838],[0.124707,0.989205,0.0769494],[0.231315,-0.104404,0.967261]],[[0.964853,-0.102825,-0.241838],[-0.20577,0.276794,-0.938639],[0.163455,0.955412,0.245907]]],3],[10564,[-0.378163,0.21277,-0.900956],1056,50.171,[71.0223,150.63,19.7403],[74.7334,155.274,25.5208],[-0.838647,1.72125,6.47123],false,[67.8752,75.7457,58.9447],[80.6563,129.533,42.7949],[85.0394,163.929,48.3804],[77.6928,168.062,30.8773],[74.3302,152.265,25.1969],[[[0.889346,-0.311759,-0.334471],[0.399773,0.175151,0.899724],[-0.221914,-0.933878,0.280402]],[[0.916339,-0.0523056,-0.396973],[0.380458,-0.19527,0.903948],[-0.124798,-0.979354,-0.159033]],[[0.916339,-0.0523056,-0.396973],[0.131589,0.975701,0.17519],[0.378163,-0.21277,0.900956]],[[0.916339,-0.0523056,-0.396973],[-0.348925,0.381996,-0.855763],[0.196403,0.922683,0.331787]]],4]],[[0,200,0],[235.247,235.247,147.751]]]]}