{"metadata":{"formatVersion":2,"generatedBy":"LeapJS Playback 0.2.1","frames":1,"protocolVersion":6,"serviceVersion":"2.2.4+26750","frameRate":"1.1e+2","modified":"Wed Apr 15 2015 21:25:30 GMT-0300 (E. South America Standard Time)"},"frames":[["id","timestamp",{"hands":[["id","type","direction","palmNormal","palmPosition","palmVelocity","stabilizedPalmPosition","pinchStrength","grabStrength","confidence","armBasis","armWidth","elbow","wrist"]]},{"pointables":[["id","direction","handId","length","stabilizedTipPosition","tipPosition","tipVelocity","tool","carpPosition","mcpPosition","pipPosition","dipPosition","btipPosition","bases","type"]]},{"interactionBox":["center","size"]}],[1204836,287008190387,[[1051,"right",[-0.164297,0.948886,-0.269486],[-0.251515,-0.304467,-0.918716],[15.8704,132.976,64.5795],[-9.52516,0.696757,0.467993],[12.5471,127.311,79.6084],0.823832,0,0.589008,[[0.932114,0.116784,-0.342818],[0.0773489,0.860548,0.503463],[0.353808,-0.495801,0.793096]],63.72,[128.628,-50.1807,295.036],[33.0995,83.6857,80.9001]]],[[10510,[-0.411576,0.585524,-0.698403],1051,52.1164,[-39.4873,136.045,49.5142],[-26.6228,126.746,15.2265],[-8.32798,-1.13587,-0.406986],false,[3.75421,74.7796,80.1299],[3.75421,74.7796,80.1299],[-25.2714,103,50.9254],[-39.3043,122.964,27.1129],[-22.683,127.948,11.4088],[[[0.576712,0.490946,0.652974],[-0.591017,-0.301083,0.748363],[0.564005,-0.817509,0.11652]],[[0.256038,0.809741,0.527981],[-0.772229,-0.157209,0.615587],[0.58147,-0.565336,0.585054]],[[0.256038,0.809741,0.527981],[-0.874671,-0.0384864,0.483186],[0.411576,-0.585524,0.698403]],[[0.256038,0.809741,0.527981],[-0.655786,0.546779,-0.520555],[-0.710203,-0.212961,0.671013]]],0],[10511,[0.288299,-0.956064,0.0531447],1051,58.8075,[-15.8277,113.638,46.8641],[-10.7211,111.469,36.0615],[-7.23301,-0.643685,0.252283],false,[14.6069,91.5572,92.8819],[-11.5733,155.275,67.0538],[-22.9,143.363,27.3604],[-15.9317,120.254,28.6449],[-8.86561,108.475,38.805],[[[0.91268,0.241301,-0.329831],[0.200951,0.437787,0.876334],[0.355856,-0.866092,0.35107]],[[0.906984,0.254861,-0.335299],[-0.328439,0.926371,-0.184293],[0.263643,0.277276,0.923911]],[[0.906984,0.254861,-0.335299],[-0.307023,-0.144868,-0.940612],[-0.288299,0.956064,-0.0531447]],[[0.906984,0.254861,-0.335299],[-0.079616,-0.678017,-0.730722],[-0.413571,0.689448,-0.59466]]],1],[10512,[0.0936058,-0.992153,0.0828903],1051,67.0064,[-3.00248,105.916,35.2512],[-2.0872,106.752,31.1874],[-3.9949,-5.23219,6.04621],false,[25.8566,95.7519,90.1492],[9.95829,157.87,62.6504],[-9.36582,145.448,20.2764],[-6.70401,117.235,22.6335],[-0.613689,103.514,33.9376],[[[0.904647,0.043879,-0.423896],[0.360121,0.453159,0.815451],[0.227873,-0.890349,0.394147]],[[0.903168,0.0495852,-0.426414],[-0.153485,0.964948,-0.21288],[0.400912,0.257715,0.879121]],[[0.903168,0.0495852,-0.426414],[-0.418958,-0.114779,-0.900722],[-0.0936058,0.992153,-0.0828903]],[[0.903168,0.0495852,-0.426414],[-0.281519,-0.681486,-0.675517],[-0.324091,0.730149,-0.601537]]],2],[10513,[-0.100848,-0.982269,0.158042],1051,64.4285,[6.90194,104.05,40.3061],[12.0603,105.124,32.7684],[-7.16388,-1.03642,2.35765],false,[37.053,97.4267,85.378],[31.8634,153.566,58.0797],[12.5744,142.734,19.2615],[9.78069,115.523,23.6395],[12.9134,101.837,35.9676],[[[0.898582,-0.121908,-0.421532],[0.430914,0.426522,0.795231],[0.0828477,-0.896224,0.435797]],[[0.901168,-0.157498,-0.403845],[0.038924,0.957294,-0.286482],[0.431719,0.24245,0.868814]],[[0.901168,-0.157498,-0.403845],[-0.421576,-0.101696,-0.901073],[0.100848,0.982269,-0.158042]],[[0.901168,-0.157498,-0.403845],[-0.399729,-0.662318,-0.633681],[-0.167671,0.732482,-0.659816]]],3],[10514,[-0.0182039,0.598451,-0.800953],1051,50.5107,[47.7277,187.619,2.84599],[50.8,188.415,-2.26472],[2.01213,3.7323,4.99621],false,[46.8921,93.9194,75.7112],[50.5456,146.12,50.7306],[53.0068,170.23,24.9834],[52.6507,181.935,9.3177],[51.2438,191.08,-5.22546],[[[0.818497,-0.293604,-0.493822],[0.571046,0.321503,0.755343],[-0.0630065,-0.90024,0.43081]],[[0.783043,-0.489585,-0.383602],[0.61806,0.543481,0.568005],[-0.069606,-0.681861,0.728162]],[[0.783043,-0.489585,-0.383602],[0.621701,0.634163,0.4597],[0.0182039,-0.598451,0.800953]],[[0.783043,-0.489585,-0.383602],[0.616588,0.691986,0.375465],[0.081625,-0.53053,0.843727]]],4]],[[0,200,0],[235.247,235.247,147.751]]]]}