{"metadata":{"formatVersion":2,"generatedBy":"LeapJS Playback 0.2.1","frames":138,"protocolVersion":6,"serviceVersion":"2.2.4+26750","frameRate":"1.1e+2","modified":"Wed Apr 15 2015 21:26:14 GMT-0300 (E. South America Standard Time)"},"frames":[["id","timestamp",{"hands":[["id","type","direction","palmNormal","palmPosition","palmVelocity","stabilizedPalmPosition","pinchStrength","grabStrength","confidence","armBasis","armWidth","elbow","wrist"]]},{"pointables":[["id","direction","handId","length","stabilizedTipPosition","tipPosition","tipVelocity","tool","carpPosition","mcpPosition","pipPosition","dipPosition","btipPosition","bases","type"]]},{"interactionBox":["center","size"]}],[1207887,287053620666,[[1055,"right",[-0.217286,0.974696,-0.0524899],[-0.537728,-0.164407,-0.826934],[-30.2063,109.599,71.9587],[-130.912,337.933,-22.1838],[-28.1953,104.736,72.3783],0.723939,0.308821,0.527357,[[0.977621,-0.0269524,-0.20864],[0.112096,0.90598,0.408209],[0.178021,-0.422461,0.888727]],61.1481,[35.3676,-48.5813,304.283],[-10.7581,60.8794,74.0116]]],[[10550,[-0.576183,0.713877,-0.397985],1055,50.0129,[-89.6305,112.129,45.7352],[-92.5103,118.038,44.6903],[-132.537,276.828,-36.972],false,[-37.904,51.8313,80.9295],[-37.904,51.8313,80.9295],[-72.4822,83.5381,71.2494],[-91.3346,106.896,58.2275],[-92.8636,121.37,41.1234],[[[0.766367,0.39819,0.504109],[-0.330337,-0.428755,0.84086],[0.550962,-0.810934,-0.197047]],[[0.481204,0.689895,0.540822],[-0.497382,-0.293146,0.816502],[0.721841,-0.661899,0.202079]],[[0.481204,0.689895,0.540822],[-0.660648,-0.120101,0.741026],[0.576183,-0.713877,0.397985]],[[0.481204,0.689895,0.540822],[-0.873961,0.329651,0.357102],[0.0680804,-0.644496,0.761571]]],0],[10551,[0.081942,-0.889485,-0.449558],1055,56.4339,[-68.0405,86.2976,41.6387],[-71.1376,93.8055,40.4942],[-100.813,293.872,-28.3207],false,[-23.7401,66.0972,91.5741],[-53.8768,129.686,85.8639],[-77.2164,125.227,52.1718],[-75.3157,104.596,41.7444],[-68.8617,89.55,40.8487],[[[0.766591,0.312959,-0.56071],[0.479714,0.30135,0.824053],[0.426865,-0.900691,0.080881]],[[0.746324,0.353713,-0.563815],[-0.350037,0.92908,0.119519],[0.566105,0.108156,0.817207]],[[0.746324,0.353713,-0.563815],[-0.66052,0.289315,-0.692828],[-0.081942,0.889485,0.449558]],[[0.746324,0.353713,-0.563815],[-0.536703,-0.181168,-0.824092],[-0.393638,0.917641,0.0546287]]],1],[10552,[-0.0958701,-0.960047,-0.262906],1055,64.3019,[-63.846,83.8357,36.5618],[-65.5777,88.0141,35.6634],[-102.408,326.835,-33.1852],false,[-14.2369,70.7569,86.3203],[-35.568,133.332,75.7401],[-66.1914,127.666,41.5403],[-68.8076,101.468,34.3659],[-64.131,84.1938,36.5888],[[[0.724127,0.132406,-0.676838],[0.611664,0.330073,0.71897],[0.318602,-0.934623,0.158027]],[[0.73112,0.111319,-0.673106],[-0.164751,0.986208,-0.015851],[0.662058,0.122484,0.739376]],[[0.73112,0.111319,-0.673106],[-0.67548,0.256747,-0.691237],[0.0958701,0.960047,0.262906]],[[0.73112,0.111319,-0.673106],[-0.63104,-0.264678,-0.729201],[-0.25933,0.95789,-0.123264]]],2],[10553,[-0.181427,-0.976174,-0.119031],1055,61.828,[-47.828,80.9172,34.4708],[-49.9799,86.7085,33.4139],[-72.1371,316.036,-1.88944],false,[-5.46426,73.3312,78.8768],[-17.1377,130.474,64.3236],[-46.8888,125.201,33.9026],[-51.7119,99.2507,30.7383],[-48.257,82.3153,35.5067],[[[0.714935,-0.0318361,-0.698466],[0.671682,0.308728,0.673447],[0.194196,-0.950618,0.242104]],[[0.718302,-0.0488751,-0.694013],[-0.0506773,0.991204,-0.122255],[0.693884,0.122987,0.709507]],[[0.718302,-0.0488751,-0.694013],[-0.67166,0.211412,-0.710055],[0.181427,0.976174,0.119031]],[[0.718302,-0.0488751,-0.694013],[-0.668516,-0.32476,-0.669042],[-0.192688,0.944533,-0.26595]]],3],[10554,[-0.550307,0.600385,-0.580259],1055,48.472,[-35.7488,163.943,13.92],[-36.2048,167.069,14.2882],[-176.749,337.134,-18.2004],false,[0.456777,71.6909,66.679],[-2.56186,124.974,50.9257],[-19.0427,148.077,32.3249],[-29.3716,159.346,21.4338],[-39.1121,168.349,11.5508],[[[0.611731,-0.192216,-0.767358],[0.789204,0.214812,0.575338],[0.0542484,-0.957554,0.283105]],[[0.611229,-0.18377,-0.769823],[0.624895,0.708966,0.326916],[0.485701,-0.680879,0.548177]],[[0.611229,-0.18377,-0.769823],[0.568824,0.77831,0.265843],[0.550307,-0.600385,0.580259]],[[0.611229,-0.18377,-0.769823],[0.528805,0.818522,0.224469],[0.588867,-0.544288,0.597483]]],4]],[[0,200,0],[235.247,235.247,147.751]]],[1207888,287053628990,[[1055,"right",[-0.227351,0.972366,-0.0530585],[-0.536936,-0.170624,-0.826189],[-31.3905,112.642,71.5333],[-133.826,345.018,-29.6149],[-30.0051,109.214,71.8997],0.722865,0.308331,0.485521,[[0.975439,-0.0190521,-0.219445],[0.111605,0.901655,0.417808],[0.189903,-0.432037,0.881635]],61.1481,[37.7641,-47.8156,302.039],[-11.4403,64.1261,73.6049]]],[[10550,[-0.583592,0.707844,-0.397966],1055,50.0129,[-91.4493,115.748,45.298],[-93.804,120.424,44.3612],[-138.335,279.469,-37.5128],false,[-38.484,54.8054,80.561],[-38.484,54.8054,80.561],[-73.4062,86.1484,70.9312],[-92.501,109.309,57.91],[-94.192,123.753,40.7958],[[[0.762798,0.406471,0.502912],[-0.324972,-0.431415,0.84159],[0.559046,-0.805396,-0.196991]],[[0.474992,0.695051,0.53971],[-0.492859,-0.297974,0.817497],[0.729022,-0.654305,0.201027]],[[0.474992,0.695051,0.53971],[-0.658637,-0.12594,0.741847],[0.583592,-0.707844,0.397966]],[[0.474992,0.695051,0.53971],[-0.876763,0.321317,0.357829],[0.0752912,-0.643163,0.762018]]],0],[10551,[0.0912461,-0.889272,-0.448184],1055,56.4339,[-69.4279,90.1803,41.2526],[-72.1495,96.3637,40.1613],[-106.259,298.05,-31.5451],false,[-24.4555,69.2251,91.1777],[-55.2505,132.496,85.4484],[-78.5732,127.75,51.7838],[-76.4568,107.123,41.3882],[-69.8398,92.1476,40.5132],[[[0.762705,0.320346,-0.561836],[0.477514,0.306961,0.823259],[0.436189,-0.896188,0.0811513]],[[0.742028,0.360867,-0.564951],[-0.359698,0.925485,0.11872],[0.565696,0.115119,0.816539]],[[0.742028,0.360867,-0.564951],[-0.66413,0.281015,-0.692793],[-0.0912461,0.889272,0.448184]],[[0.742028,0.360867,-0.564951],[-0.53528,-0.188397,-0.823397],[-0.403572,0.91339,0.0533693]]],1],[10552,[-0.0868749,-0.96098,-0.262623],1055,64.3019,[-65.1704,87.7635,36.0823],[-66.5788,90.7413,35.3081],[-107.965,328.239,-36.4578],false,[-15.0066,73.9777,85.9092],[-36.9915,136.321,75.3009],[-67.6121,130.417,41.1389],[-69.9828,104.193,33.9723],[-65.1208,86.972,36.2099],[[[0.721969,0.139267,-0.677765],[0.609045,0.33695,0.718004],[0.328367,-0.931166,0.158447]],[[0.729174,0.118284,-0.674029],[-0.173397,0.984741,-0.0147733],[0.661996,0.127647,0.738558]],[[0.729174,0.118284,-0.674029],[-0.678792,0.250054,-0.690445],[0.0868749,0.96098,0.262623]],[[0.729174,0.118284,-0.674029],[-0.628982,-0.2722,-0.728209],[-0.269606,0.954943,-0.124082]]],2],[10553,[-0.170053,-0.978547,-0.116308],1055,61.828,[-48.8888,84.9515,34.2879],[-50.8806,89.5053,33.1273],[-81.8256,322.428,-10.9008],false,[-6.26924,76.6358,78.4537],[-18.5456,133.644,63.8659],[-48.2752,128.054,33.4803],[-52.7959,102.041,30.3884],[-49.1207,85.1674,35.2116],[[[0.714442,-0.0250788,-0.699245],[0.669227,0.316184,0.672431],[0.204226,-0.948366,0.242678]],[[0.718013,-0.0422011,-0.694749],[-0.0606599,0.990568,-0.122861],[0.693381,0.130359,0.708681]],[[0.718013,-0.0422011,-0.694749],[-0.674936,0.201655,-0.709786],[0.170053,0.978547,0.116308]],[[0.718013,-0.0422011,-0.694749],[-0.665164,-0.335551,-0.667055],[-0.204973,0.941076,-0.269001]]],3],[10554,[-0.556479,0.595242,-0.579671],1055,48.472,[-37.8762,167.797,13.5295],[-38.0503,170,13.8208],[-187.073,342.186,-27.1487],false,[-0.345318,75.0461,66.2506],[-3.92903,128.282,50.4562],[-20.6648,151.207,31.8627],[-31.1096,162.38,20.9827],[-40.9382,171.3,11.1123],[[[0.612815,-0.186569,-0.767887],[0.787598,0.223397,0.574267],[0.0644034,-0.956706,0.283843]],[[0.612208,-0.177924,-0.770418],[0.618013,0.715449,0.325871],[0.493215,-0.67563,0.547963]],[[0.612208,-0.177924,-0.770418],[0.561723,0.783601,0.265401],[0.556479,-0.595242,0.579671]],[[0.612208,-0.177924,-0.770418],[0.521667,0.823095,0.22445],[0.594192,-0.539312,0.596723]]],4]],[[0,200,0],[235.247,235.247,147.751]]],[1207889,287053637612,[[1055,"right",[-0.234365,0.970476,-0.0570085],[-0.536066,-0.177932,-0.825211],[-32.2611,115.303,71.3148],[-125.131,335.388,-28.4815],[-31.475,113.181,71.5186],0.719229,0.308019,0.454457,[[0.972004,-0.0131054,-0.234597],[0.114886,0.897461,0.42587],[0.20496,-0.440899,0.873842]],61.1481,[41.1442,-47.2969,299.994],[-11.9615,66.9411,73.5794]]],[[10550,[-0.589573,0.702314,-0.398946],1055,50.0129,[-93.1415,119.134,45.0131],[-94.8067,122.534,44.3035],[-133.797,270.493,-27.7721],false,[-38.9343,57.4552,80.5873],[-38.9343,57.4552,80.5873],[-74.1353,88.4929,70.9836],[-93.4258,111.472,57.9304],[-95.2728,125.857,40.7817],[[[0.760081,0.414045,0.500843],[-0.32148,-0.430221,0.843541],[0.564737,-0.80217,-0.193895]],[[0.470973,0.700179,0.536595],[-0.488051,-0.29989,0.819678],[0.734841,-0.647932,0.200483]],[[0.470973,0.700179,0.536595],[-0.656192,-0.12847,0.743578],[0.589573,-0.702314,0.398946]],[[0.470973,0.700179,0.536595],[-0.878306,0.315483,0.359234],[0.0822411,-0.640484,0.763555]]],0],[10551,[0.0980837,-0.890733,-0.443818],1055,56.4339,[-70.7107,93.8549,40.9442],[-72.8739,98.5645,40.0632],[-100.591,287.418,-26.3479],false,[-25.0052,72.0197,91.137],[-56.2572,135.043,85.1584],[-79.553,129.971,51.5228],[-77.2779,109.31,41.2285],[-70.5447,94.3821,40.4275],[[[0.760127,0.323473,-0.563535],[0.475664,0.313825,0.82174],[0.442662,-0.892681,0.0846826]],[[0.739168,0.363813,-0.566808],[-0.366548,0.923311,0.114627],[0.565043,0.123034,0.815836]],[[0.739168,0.363813,-0.566808],[-0.666341,0.272461,-0.694085],[-0.0980837,0.890733,0.443818]],[[0.739168,0.363813,-0.566808],[-0.533839,-0.196659,-0.8224],[-0.410667,0.910476,0.0488536]]],1],[10552,[-0.0805984,-0.962475,-0.259127],1055,64.3019,[-66.3112,91.2188,35.7632],[-67.3079,93.0704,35.2093],[-102.639,313.855,-30.6038],false,[-15.5931,76.8181,85.8442],[-38.0307,138.957,74.9862],[-68.6407,132.783,40.8624],[-70.8401,106.518,33.7912],[-65.8484,89.3445,36.1034],[[[0.720643,0.141624,-0.678687],[0.606928,0.344319,0.716298],[0.33513,-0.928109,0.162176]],[[0.727991,0.120733,-0.674872],[-0.179146,0.983671,-0.017271],[0.661767,0.133474,0.737733]],[[0.727991,0.120733,-0.674872],[-0.680832,0.243036,-0.690942],[0.0805984,0.962475,0.259127]],[[0.727991,0.120733,-0.674872],[-0.627225,-0.280144,-0.726711],[-0.276799,0.952335,-0.128216]]],2],[10553,[-0.161872,-0.980594,-0.110599],1055,61.828,[-49.8731,88.6549,34.1593],[-51.5195,91.8791,33.1053],[-80.3104,311.528,-9.27033],false,[-6.8784,79.5077,78.3735],[-19.5712,136.364,63.5537],[-49.2752,130.48,33.1989],[-53.5784,104.412,30.2587],[-49.7391,87.6085,35.1972],[[[0.714288,-0.0228608,-0.699478],[0.667238,0.323796,0.670783],[0.211154,-0.945851,0.246538]],[[0.718031,-0.0401585,-0.694851],[-0.0669348,0.989723,-0.126368],[0.692785,0.137246,0.707964]],[[0.718031,-0.0401585,-0.694851],[-0.676926,0.19189,-0.710598],[0.161872,0.980594,0.110599]],[[0.718031,-0.0401585,-0.694851],[-0.662254,-0.346556,-0.664318],[-0.214127,0.937169,-0.275433]]],3],[10554,[-0.560741,0.589325,-0.581606],1055,48.472,[-39.5737,170.91,13.0574],[-39.3692,172.366,13.3647],[-177.258,324.958,-33.3343],false,[-0.948695,77.9097,66.1743],[-4.92247,131.052,50.1595],[-21.8305,153.784,31.4846],[-32.3552,164.845,20.5682],[-42.2457,173.667,10.6704],[[[0.613795,-0.185363,-0.767396],[0.786229,0.231455,0.572951],[0.0714132,-0.955023,0.287804]],[[0.613111,-0.176556,-0.770015],[0.613027,0.721124,0.322766],[0.49829,-0.669932,0.550362]],[[0.613111,-0.176556,-0.770015],[0.556475,0.788368,0.262319],[0.560741,-0.589325,0.581606]],[[0.613111,-0.176556,-0.770015],[0.516308,0.827286,0.221414],[0.597931,-0.533316,0.598375]]],4]],[[0,200,0],[235.247,235.247,147.751]]],[1207890,287053646323,[[1055,"right",[-0.241067,0.969042,-0.0533392],[-0.533626,-0.178255,-0.826721],[-32.6986,117.468,71.2989],[-105.124,312.208,-21.3655],[-32.3441,116.226,71.3625],0.71507,0.307863,0.455904,[[0.969897,-0.00257259,-0.243501],[0.111275,0.894123,0.433776],[0.216604,-0.447814,0.867494]],61.1481,[44.0583,-46.789,298.163],[-12.0643,69.2407,73.3932]]],[[10550,[-0.594918,0.700172,-0.394756],1055,50.0129,[-94.3855,121.977,44.969],[-95.3455,124.378,44.4436],[-116.216,254.657,-14.0486],false,[-38.9801,59.5375,80.3224],[-38.9801,59.5375,80.3224],[-74.4597,90.3394,70.9885],[-93.9251,113.249,58.0723],[-95.8926,127.716,41.0064],[[[0.756447,0.41727,0.50366],[-0.31967,-0.435949,0.841285],[0.570613,-0.797392,-0.196384]],[[0.466152,0.700638,0.540194],[-0.48387,-0.309268,0.818672],[0.740657,-0.643009,0.194851]],[[0.466152,0.700638,0.540194],[-0.654809,-0.137355,0.743208],[0.594918,-0.700172,0.394756]],[[0.466152,0.700638,0.540194],[-0.880357,0.30689,0.36165],[0.0876058,-0.644147,0.759868]]],0],[10551,[0.105526,-0.888423,-0.446731],1055,56.4339,[-71.5664,96.9886,40.7041],[-73.1098,100.543,39.9485],[-81.2,271.834,-23.1068],false,[-25.1683,74.1552,90.9525],[-56.8519,136.983,85.1888],[-80.0568,131.871,51.4964],[-77.6092,111.264,41.1345],[-70.7623,96.3898,40.2948],[[[0.758652,0.331111,-0.561082],[0.47228,0.313735,0.823725],[0.448775,-0.889908,0.0816388]],[[0.737424,0.3713,-0.564218],[-0.373389,0.920197,0.117548],[0.562838,0.12399,0.817215]],[[0.737424,0.3713,-0.564218],[-0.667136,0.269891,-0.694326],[-0.105526,0.888423,0.446731]],[[0.737424,0.3713,-0.564218],[-0.530868,-0.197848,-0.824036],[-0.417594,0.907189,0.051213]]],1],[10552,[-0.0739332,-0.961769,-0.263694],1055,64.3019,[-66.9447,94.069,35.5211],[-67.5382,95.2035,35.0603],[-83.0544,296.141,-27.5784],false,[-15.7825,79.0412,85.6934],[-38.6387,141.066,75.0595],[-69.1709,134.899,40.865],[-71.1885,108.653,33.6691],[-66.0759,91.507,35.9218],[[[0.720606,0.149469,-0.677043],[0.603478,0.345583,0.718601],[0.341383,-0.926408,0.158828]],[[0.728087,0.128635,-0.673307],[-0.18487,0.982688,-0.0121689],[0.660085,0.133334,0.739263]],[[0.728087,0.128635,-0.673307],[-0.681486,0.241772,-0.690741],[0.0739332,0.961769,0.263694]],[[0.728087,0.128635,-0.673307],[-0.624112,-0.281835,-0.728734],[-0.283502,0.950801,-0.124918]]],2],[10553,[-0.155438,-0.981095,-0.115293],1055,61.828,[-50.4818,91.8477,34.0022],[-51.6992,94.1304,33.0063],[-65.955,299.584,-11.55],false,[-7.07614,81.8226,78.2466],[-20.1452,138.65,63.6434],[-49.7718,132.806,33.2052],[-53.9039,106.725,30.1402],[-49.9424,89.936,35.0312],[[[0.715432,-0.0149686,-0.698522],[0.663995,0.325671,0.67309],[0.217413,-0.945365,0.242934]],[[0.719324,-0.032419,-0.693918],[-0.0715658,0.990137,-0.120444],[0.690979,0.136299,0.709909]],[[0.719324,-0.032419,-0.693918],[-0.677062,0.190794,-0.710764],[0.155438,0.981095,0.115293]],[[0.719324,-0.032419,-0.693918],[-0.658601,-0.34954,-0.666383],[-0.220948,0.936361,-0.272783]]],3],[10554,[-0.56395,0.58801,-0.579832],1055,48.472,[-40.567,173.596,13.1484],[-40.1318,174.714,13.5729],[-152.78,310.602,-17.8337],false,[-1.11794,80.3167,66.0495],[-5.44049,133.496,50.2487],[-22.481,156.189,31.6475],[-33.0659,167.226,20.7644],[-43.0018,176.024,10.8913],[[[0.616175,-0.177887,-0.767258],[0.783769,0.234569,0.575051],[0.0776811,-0.955685,0.283958]],[[0.615421,-0.168935,-0.769882],[0.607502,0.723999,0.326752],[0.502194,-0.668795,0.548193]],[[0.615421,-0.168935,-0.769882],[0.550652,0.791016,0.266602],[0.56395,-0.58801,0.579832]],[[0.615421,-0.168935,-0.769882],[0.510337,0.829782,0.22587],[0.600677,-0.531904,0.596879]]],4]],[[0,200,0],[235.247,235.247,147.751]]],[1207891,287053654934,[[1055,"right",[-0.244134,0.96846,-0.0498378],[-0.53941,-0.178326,-0.822944],[-33.4277,121.273,71.004],[-99.7161,346.482,-24.7694],[-33.1828,120.132,71.085],0.708573,0.307913,0.456671,[[0.964981,0.0013744,-0.262316],[0.119127,0.888627,0.442889],[0.23371,-0.458629,0.857345]],61.1481,[47.9094,-45.7328,294.998],[-12.6453,73.0989,72.8584]]],[[10550,[-0.601703,0.699466,-0.385617],1055,50.0129,[-95.7208,125.613,45.2939],[-96.4542,128.066,44.9393],[-121.93,300.682,7.5653],false,[-39.4808,63.3096,79.9755],[-39.4808,63.3096,79.9755],[-75.2013,93.9955,71.1947],[-94.8887,116.882,58.5775],[-97.1461,131.425,41.6124],[[[0.759107,0.418505,0.498608],[-0.312055,-0.43826,0.842941],[0.571295,-0.795476,-0.202089]],[[0.469372,0.700288,0.537853],[-0.472908,-0.315032,0.822869],[0.745686,-0.640587,0.183305]],[[0.469372,0.700288,0.537853],[-0.646253,-0.14263,0.749676],[0.601703,-0.699466,0.385617]],[[0.469372,0.700288,0.537853],[-0.877261,0.300494,0.37432],[0.10051,-0.647533,0.75538]]],0],[10551,[0.105092,-0.887586,-0.448495],1055,56.4339,[-72.5321,100.799,40.5768],[-73.9939,104.259,39.9596],[-87.055,314.492,-17.0833],false,[-25.6288,77.9473,90.5253],[-57.5283,140.697,85.1108],[-80.9688,135.563,51.5851],[-78.5312,114.976,41.1824],[-71.6426,100.125,40.2768],[[[0.753445,0.334161,-0.566266],[0.47767,0.313641,0.820646],[0.451833,-0.8888,0.0766927]],[[0.732091,0.374281,-0.569171],[-0.375222,0.918918,0.121646],[0.568552,0.124509,0.813171]],[[0.732091,0.374281,-0.569171],[-0.673051,0.268524,-0.689128],[-0.105092,0.887586,0.448495]],[[0.732091,0.374281,-0.569171],[-0.536213,-0.198698,-0.820362],[-0.42014,0.905777,0.0552293]]],1],[10552,[-0.07367,-0.961381,-0.265179],1055,64.3019,[-67.874,97.8966,35.3784],[-68.4816,99.0279,35.002],[-90.6092,335.825,-22.6621],false,[-16.2968,82.8682,85.2034],[-39.404,144.848,74.8504],[-70.1915,138.721,40.878],[-72.2018,112.486,33.6416],[-67.0215,95.3521,35.8295],[[[0.715017,0.152612,-0.682246],[0.607976,0.34603,0.714583],[0.345132,-0.925728,0.154634]],[[0.722578,0.13181,-0.678606],[-0.18669,0.982387,-0.00797133],[0.665603,0.132449,0.734459]],[[0.722578,0.13181,-0.678606],[-0.687352,0.241605,-0.684962],[0.07367,0.961381,0.265179]],[[0.722578,0.13181,-0.678606],[-0.628778,-0.282602,-0.724413],[-0.287261,0.950138,-0.121323]]],2],[10553,[-0.15425,-0.981165,-0.116286],1055,61.828,[-51.3968,95.9252,33.791],[-52.6105,98.0363,32.8624],[-78.0411,342.933,-15.0003],false,[-7.65506,85.6863,77.6954],[-20.9914,142.502,63.2897],[-50.8437,136.789,33.048],[-54.9443,110.705,29.9566],[-50.8803,93.9304,34.8109],[[[0.710133,-0.0118026,-0.703969],[0.668199,0.326363,0.668578],[0.221858,-0.945171,0.239648]],[[0.714136,-0.0293794,-0.69939],[-0.0724773,0.990646,-0.11562],[0.696244,0.133258,0.705327]],[[0.714136,-0.0293794,-0.69939],[-0.6828,0.190925,-0.705217],[0.15425,0.981165,0.116286]],[[0.714136,-0.0293794,-0.69939],[-0.662295,-0.351867,-0.661479],[-0.226659,0.935589,-0.270739]]],3],[10554,[-0.570047,0.587462,-0.5744],1055,48.472,[-41.9561,177.612,13.0418],[-41.4697,178.586,13.4336],[-153.323,347.686,-17.0335],false,[-1.78574,84.2176,65.4508],[-6.37487,137.411,49.7748],[-23.6227,160.089,31.3465],[-34.3221,171.115,20.5653],[-44.3581,179.904,10.7852],[[[0.610805,-0.174878,-0.772227],[0.787474,0.23576,0.569475],[0.0824718,-0.955947,0.281715]],[[0.60999,-0.165745,-0.774881],[0.607897,0.725159,0.32343],[0.508305,-0.668336,0.543095]],[[0.60999,-0.165745,-0.774881],[0.550417,0.792097,0.263864],[0.570047,-0.587462,0.5744]],[[0.60999,-0.165745,-0.774881],[0.509698,0.830808,0.223529],[0.606729,-0.531306,0.591264]]],4]],[[0,200,0],[235.247,235.247,147.751]]],[1207892,287053663662,[[1055,"right",[-0.245441,0.968481,-0.0424687],[-0.543169,-0.173677,-0.821464],[-33.8042,124.111,70.939],[-84.5807,340.781,-20.1368],[-33.7038,123.468,70.9626],0.703231,0.308129,0.458497,[[0.961375,0.00711828,-0.275149],[0.122377,0.884367,0.450465],[0.246539,-0.466738,0.849337]],61.1481,[50.919,-44.9831,292.451],[-12.9599,75.9498,72.3853]]],[[10550,[-0.605813,0.701498,-0.375354],1055,50.0129,[-96.7675,129.187,45.8242],[-97.0873,131.017,45.4681],[-110.212,310.828,23.4397],false,[-39.75,66.0847,79.5686],[-39.75,66.0847,79.5686],[-75.5984,96.7698,71.3227],[-95.4202,119.722,59.0413],[-97.8728,134.414,42.2323],[[[0.761036,0.416173,0.497619],[-0.307508,-0.443992,0.841612],[0.571195,-0.793518,-0.209917]],[[0.472142,0.696716,0.540063],[-0.46588,-0.322887,0.823833],[0.748357,-0.640571,0.172137]],[[0.472142,0.696716,0.540063],[-0.640369,-0.149957,0.753287],[0.605813,-0.701498,0.375354]],[[0.472142,0.696716,0.540063],[-0.874732,0.29439,0.38494],[0.109205,-0.654157,0.748434]]],0],[10551,[0.104397,-0.884785,-0.454154],1055,56.4339,[-73.2927,104.494,40.5382],[-74.4669,107.221,40.0065],[-78.5169,321.455,-11.5297],false,[-25.8635,80.6705,90.1451],[-57.8581,143.417,85.2854],[-81.4484,138.458,51.8387],[-79.0269,117.936,41.3047],[-72.1195,103.101,40.282],[[[0.750339,0.338629,-0.567734],[0.481269,0.308934,0.820329],[0.453179,-0.888758,0.0688335]],[[0.728936,0.378728,-0.570279],[-0.375838,0.917659,0.129028],[0.572188,0.120279,0.811255]],[[0.728936,0.378728,-0.570279],[-0.676575,0.271514,-0.68449],[-0.104397,0.884785,0.454154]],[[0.728936,0.378728,-0.570279],[-0.5396,-0.194783,-0.81908],[-0.421289,0.904779,0.0623778]]],1],[10552,[-0.0742221,-0.959624,-0.271317],1055,64.3019,[-68.5786,101.486,35.3013],[-69.0073,102.106,34.9725],[-82.9787,340.727,-17.9569],false,[-16.5627,85.6358,84.8099],[-39.788,147.654,74.9647],[-70.7434,141.769,41.1024],[-72.7688,115.582,33.6985],[-67.5559,98.4416,35.755],[[[0.711554,0.15778,-0.684687],[0.611027,0.342148,0.713849],[0.346895,-0.926305,0.147049]],[[0.71915,0.13698,-0.681219],[-0.186946,0.98237,0.000180373],[0.669234,0.127222,0.73208]],[[0.71915,0.13698,-0.681219],[-0.690879,0.245679,-0.679947],[0.0742221,0.959624,0.271317]],[[0.71915,0.13698,-0.681219],[-0.631872,-0.278928,-0.723143],[-0.289068,0.950492,-0.114037]]],2],[10553,[-0.155702,-0.980042,-0.123593],1055,61.828,[-52.1725,99.8469,33.5682],[-53.129,101.221,32.7592],[-75.5366,351.766,-16.985],false,[-7.96032,88.5117,77.2786],[-21.4286,145.403,63.3009],[-51.4341,140.06,33.1431],[-55.5733,114.007,29.8575],[-51.4709,97.2056,34.5864],[[[0.706747,-0.00649733,-0.707436],[0.67105,0.322843,0.667431],[0.224054,-0.94643,0.232529]],[[0.710834,-0.0242849,-0.702941],[-0.070513,0.991908,-0.105573],[0.699817,0.124611,0.70337]],[[0.710834,-0.0242849,-0.702941],[-0.68591,0.197303,-0.700428],[0.155702,0.980042,0.123593]],[[0.710834,-0.0242849,-0.702941],[-0.665105,-0.348316,-0.660539],[-0.228804,0.937063,-0.263746]]],3],[10554,[-0.573637,0.590372,-0.567805],1055,48.472,[-42.7602,180.993,13.3724],[-42.2036,181.767,13.7721],[-134.677,352.506,-1.88023],false,[-2.14841,87.1279,64.9968],[-6.87177,140.415,49.6835],[-24.2393,163.189,31.4868],[-35.0061,174.27,20.8295],[-45.1016,183.107,11.1553],[[[0.607272,-0.169246,-0.776258],[0.789946,0.233011,0.567178],[0.084884,-0.957633,0.275196]],[[0.606416,-0.159904,-0.778903],[0.608512,0.723872,0.325151],[0.511833,-0.671149,0.536271]],[[0.606416,-0.159904,-0.778903],[0.550637,0.791133,0.266284],[0.573637,-0.590372,0.567805]],[[0.606416,-0.159904,-0.778903],[0.509663,0.830054,0.226393],[0.610331,-0.534266,0.584855]]],4]],[[0,200,0],[235.247,235.247,147.751]]],[1207893,287053672268,[[1055,"right",[-0.239796,0.97049,-0.0254223],[-0.546734,-0.156638,-0.822524],[-34.7863,127.436,70.2075],[-92.3863,352.834,-37.2812],[-34.6736,127.023,70.2861],0.698336,0.308388,0.423474,[[0.952893,0.024317,-0.30233],[0.122639,0.880775,0.457379],[0.277406,-0.472911,0.836302]],61.1481,[57.6517,-43.397,287.466],[-14.2249,79.1352,70.7786]]],[[10550,[-0.604033,0.711532,-0.358981],1055,50.0129,[-98.0183,133.595,45.9108],[-98.2136,135.168,45.2721],[-116.772,356.275,12.4457],false,[-41.0509,69.3092,77.8808],[-41.0509,69.3092,77.8808],[-76.7707,100.337,70.3918],[-96.5343,123.617,58.6462],[-99.0493,138.646,42.1474],[[[0.765039,0.40325,0.502101],[-0.307542,-0.456248,0.835019],[0.565804,-0.793239,-0.225031]],[[0.478884,0.6841,0.550162],[-0.463298,-0.335373,0.820293],[0.745671,-0.647714,0.156338]],[[0.478884,0.6841,0.550162],[-0.637036,-0.160406,0.753959],[0.604032,-0.711532,0.358981]],[[0.478884,0.6841,0.550162],[-0.870707,0.290189,0.397063],[0.11198,-0.669177,0.734617]]],0],[10551,[0.0981568,-0.877824,-0.468818],1055,56.4339,[-74.4258,108.865,39.8911],[-75.6136,111.282,39.1481],[-93.3964,361.181,-35.474],false,[-27.0452,83.6329,88.6563],[-58.6801,146.64,84.9527],[-82.398,142.371,51.5011],[-80.1213,122.01,40.6269],[-73.2993,107.156,39.3431],[[[0.750583,0.343684,-0.564364],[0.485638,0.292258,0.823858],[0.448086,-0.89245,0.0524578]],[[0.729418,0.383934,-0.566167],[-0.370136,0.917537,0.145345],[0.575282,0.103541,0.811375]],[[0.729418,0.383934,-0.566167],[-0.67699,0.286391,-0.677986],[-0.0981568,0.877824,0.468818]],[[0.729418,0.383934,-0.566167],[-0.542982,-0.178455,-0.820563],[-0.416077,0.905952,0.0783011]]],1],[10552,[-0.0810732,-0.954358,-0.287452],1055,64.3019,[-69.8146,105.937,34.4232],[-70.2315,106.291,33.9974],[-99.0268,379.36,-43.4465],false,[-17.7314,88.6322,83.3755],[-40.6172,150.943,74.6469],[-71.7214,145.863,40.7907],[-73.9337,119.82,32.9465],[-68.8139,102.618,34.7011],[[[0.710359,0.165058,-0.684211],[0.615261,0.326489,0.717536],[0.341823,-0.930677,0.130371]],[[0.717837,0.144172,-0.68112],[-0.180331,0.983439,0.0181117],[0.672451,0.109826,0.731948]],[[0.717837,0.144172,-0.68112],[-0.691474,0.261564,-0.673385],[0.0810732,0.954358,0.287452]],[[0.717837,0.144172,-0.68112],[-0.635695,-0.263216,-0.725678],[-0.283904,0.953903,-0.097297]]],2],[10553,[-0.161959,-0.9769,-0.139415],1055,61.828,[-53.414,104.347,32.6282],[-54.338,105.33,31.7408],[-93.3794,385.191,-44.6155],false,[-9.13546,91.5834,75.8661],[-22.3077,148.78,62.8884],[-52.4398,144.166,32.7365],[-56.7453,118.196,29.0303],[-52.7195,101.299,33.4753],[[[0.704503,0.00121739,-0.7097],[0.675024,0.307613,0.670609],[0.21913,-0.951511,0.215893]],[[0.708523,-0.0167834,-0.705489],[-0.0641189,0.994051,-0.0880428],[0.702769,0.107615,0.703231]],[[0.708523,-0.0167834,-0.705489],[-0.686852,0.213039,-0.694874],[0.161959,0.9769,0.139415]],[[0.708523,-0.0167834,-0.705489],[-0.669016,-0.334055,-0.663946],[-0.224529,0.942404,-0.247914]]],3],[10554,[-0.57213,0.603018,-0.55591],1055,48.472,[-43.5972,185.303,13.6416],[-43.0401,186.074,14.039],[-124.775,392.222,6.82809],false,[-3.36994,90.3719,63.5442],[-7.82306,143.936,49.1428],[-25.1182,167.111,31.39],[-35.8568,178.43,20.956],[-45.9341,187.484,11.4647],[[[0.603847,-0.159761,-0.780926],[0.793072,0.218778,0.568483],[0.0800276,-0.962607,0.258811]],[[0.603018,-0.150137,-0.783472],[0.613657,0.714826,0.335334],[0.5097,-0.682995,0.523185]],[[0.603018,-0.150137,-0.783472],[0.55591,0.783472,0.277733],[0.57213,-0.603018,0.55591]],[[0.603018,-0.150137,-0.783472],[0.514985,0.823324,0.238597],[0.609229,-0.547354,0.573797]]],4]],[[0,200,0],[235.247,235.247,147.751]]],[1207894,287053680970,[[1055,"right",[-0.233305,0.972403,-0.000463319],[-0.558756,-0.13445,-0.818361],[-35.1604,131.227,69.6095],[-79.2063,374.932,-45.6684],[-35.1344,131.003,69.6456],0.693363,0.308372,0.363343,[[0.94192,0.0415647,-0.333256],[0.125855,0.876312,0.465014],[0.311365,-0.479948,0.820184]],61.1481,[65.7429,-41.5669,281.334],[-14.9324,82.7888,68.8222]]],[[10550,[-0.605184,0.72334,-0.332463],1055,50.0129,[-99.0799,138.976,46.4863],[-98.9846,139.958,45.8978],[-110.346,407.993,29.0956],false,[-41.7293,72.9859,76.0645],[-41.7293,72.9859,76.0645],[-77.3487,104.404,69.8326],[-97.15,128.071,58.9546],[-99.9129,143.533,42.9011],[[[0.774485,0.386728,0.500614],[-0.299552,-0.472816,0.828682],[0.557173,-0.791762,-0.250343]],[[0.491451,0.668005,0.558789],[-0.4534,-0.351566,0.819042],[0.743575,-0.655874,0.130096]],[[0.491451,0.668005,0.558789],[-0.626281,-0.174781,0.759752],[0.605184,-0.72334,0.332463]],[[0.491451,0.668005,0.558789],[-0.862173,0.282543,0.420508],[0.123019,-0.688432,0.714792]]],0],[10551,[0.0861437,-0.867903,-0.489207],1055,56.4339,[-75.5162,114.189,39.3446],[-76.4818,116.023,38.771],[-95.3778,410.053,-38.5422],false,[-27.4808,86.9697,86.9675],[-58.7199,150.255,85.1022],[-82.9074,146.887,51.8847],[-80.9093,126.756,40.5376],[-74.2034,111.891,38.8389],[[[0.745369,0.35123,-0.566624],[0.498635,0.270413,0.823553],[0.442479,-0.896389,0.0264213]],[[0.724471,0.39164,-0.567239],[-0.361886,0.916484,0.170575],[0.586669,0.0816989,0.805695]],[[0.724471,0.39164,-0.567239],[-0.683902,0.305552,-0.662508],[-0.0861437,0.867903,0.489207]],[[0.724471,0.39164,-0.567239],[-0.554855,-0.156939,-0.81701],[-0.408996,0.906635,0.103606]]],1],[10552,[-0.0918621,-0.946982,-0.307875],1055,64.3019,[-70.9506,111.229,33.7476],[-71.2335,111.179,33.4259],[-103.563,428.081,-49.6383],false,[-18.2036,92.0237,81.6746],[-40.7665,154.667,74.6521],[-72.3633,150.604,41.1161],[-74.8701,124.762,32.7146],[-69.8455,107.492,34.0171],[[[0.702297,0.175616,-0.689882],[0.627064,0.306154,0.716283],[0.337001,-0.935644,0.104888]],[[0.709665,0.154629,-0.687362],[-0.172482,0.984061,0.0432953],[0.6831,0.0878326,0.725024]],[[0.709665,0.154629,-0.687362],[-0.698525,0.281631,-0.657835],[0.0918621,0.946982,0.307875]],[[0.709665,0.154629,-0.687362],[-0.647104,-0.242773,-0.722715],[-0.278625,0.95768,-0.0722264]]],2],[10553,[-0.17063,-0.972457,-0.158789],1055,61.828,[-54.6098,109.752,31.6868],[-55.3473,110.154,30.9608],[-99.8416,430.609,-57.6275],false,[-9.68825,95.0851,74.1176],[-22.6314,152.646,62.6018],[-53.1973,148.97,32.7592],[-57.7333,123.118,28.538],[-53.7534,106.106,32.567],[[[0.694953,0.0124323,-0.718948],[0.686061,0.287936,0.668142],[0.215318,-0.957569,0.191573]],[[0.698939,-0.005862,-0.715157],[-0.057244,0.9963,-0.0641123],[0.712887,0.085749,0.696017]],[[0.698939,-0.005862,-0.715157],[-0.694529,0.233011,-0.680688],[0.17063,0.972457,0.158789]],[[0.698939,-0.005862,-0.715157],[-0.679864,-0.3158,-0.661857],[-0.221967,0.948808,-0.22471]]],3],[10554,[-0.575295,0.619219,-0.534419],1055,48.472,[-44.3259,190.402,14.4731],[-43.7606,191.159,14.8822],[-113.705,444.162,30.8447],false,[-4.09646,94.112,61.695],[-8.36591,148.015,48.5569],[-25.7355,171.699,31.565],[-36.5334,183.322,21.5343],[-46.6732,192.655,12.3864],[[[0.592228,-0.146227,-0.792391],[0.802109,0.200627,0.562468],[0.076727,-0.968693,0.236107]],[[0.591423,-0.13643,-0.794737],[0.623045,0.702982,0.342975],[0.511893,-0.698,0.500761]],[[0.591423,-0.13643,-0.794737],[0.565026,0.773276,0.287733],[0.575295,-0.619219,0.534419]],[[0.591423,-0.13643,-0.794737],[0.523871,0.814263,0.25007],[0.613007,-0.564237,0.553045]]],4]],[[0,200,0],[235.247,235.247,147.751]]],[1207895,287053689588,[[1055,"right",[-0.229321,0.97313,0.0207515],[-0.566779,-0.11617,-0.815638],[-35.2684,134.616,68.708],[-61.5646,379.786,-61.2655],[-35.2609,134.414,68.7605],0.690308,0.308226,0.365126,[[0.933096,0.056834,-0.355108],[0.12721,0.871433,0.473732],[0.336377,-0.487211,0.805901]],61.1481,[71.9092,-40.1133,275.595],[-15.2468,86.1241,66.7845]]],[[10550,[-0.605785,0.732091,-0.311556],1055,50.0129,[-99.6126,143.832,46.5466],[-99.339,144.082,45.8572],[-92.3464,426.706,20.0605],false,[-42.0161,76.2857,74.0808],[-42.0161,76.2857,74.0808],[-77.5561,107.969,68.8094],[-97.377,131.922,58.6155],[-100.319,147.74,42.9459],[[[0.780616,0.373793,0.500916],[-0.293875,-0.487822,0.82199],[0.551612,-0.788865,-0.270953]],[[0.499579,0.654766,0.567188],[-0.44719,-0.365832,0.816204],[0.741918,-0.661399,0.110043]],[[0.499579,0.654766,0.567188],[-0.61923,-0.187947,0.762385],[0.605785,-0.732091,0.311556]],[[0.499579,0.654766,0.567188],[-0.856308,0.274261,0.437627],[0.130985,-0.704317,0.697697]]],0],[10551,[0.0784865,-0.858645,-0.506527],1055,56.4339,[-76.1299,119.061,38.4793],[-76.9054,120.157,37.9786],[-83.4165,428.486,-53.4705],false,[-27.6112,89.9969,85.1236],[-58.607,153.428,84.7878],[-83.1074,150.797,51.7335],[-81.2869,130.881,39.9847],[-74.6522,116.027,37.9413],[[[0.741574,0.359372,-0.566498],[0.507265,0.252238,0.82405],[0.439033,-0.898458,0.00475641]],[[0.720842,0.399857,-0.566128],[-0.356709,0.914353,0.191618],[0.59426,0.0638168,0.801737]],[[0.720842,0.399857,-0.566128],[-0.688641,0.320692,-0.650331],[-0.0784865,0.858645,0.506527]],[[0.720842,0.399857,-0.566128],[-0.562708,-0.139253,-0.814842],[-0.404656,0.905938,0.124624]]],1],[10552,[-0.0987918,-0.940282,-0.325746],1055,64.3019,[-71.5031,115.544,32.8108],[-71.7532,115.46,32.4817],[-92.3706,446.312,-65.7024],false,[-18.3623,95.1176,79.8451],[-40.7323,157.974,74.2606],[-72.6586,154.736,40.9478],[-75.3545,129.077,32.0586],[-70.3866,111.766,32.9781],[[[0.696656,0.186382,-0.692771],[0.63485,0.289577,0.716318],[0.334119,-0.938833,0.0834108]],[[0.703957,0.165331,-0.690732],[-0.167432,0.98375,0.0648292],[0.690225,0.0700139,0.720199]],[[0.703957,0.165331,-0.690732],[-0.703338,0.29755,-0.645584],[0.0987918,0.940282,0.325746]],[[0.703957,0.165331,-0.690732],[-0.65464,-0.226177,-0.721312],[-0.275483,0.959953,-0.0509861]]],2],[10553,[-0.17707,-0.968149,-0.177013],1055,61.828,[-55.2279,114.175,30.5209],[-55.8873,114.429,29.8538],[-91.1894,448.59,-77.8855],false,[-9.9041,98.2935,72.2712],[-22.7167,156.12,62.0059],[-53.5727,153.224,32.3766],[-58.2799,127.487,27.6709],[-54.3417,110.381,31.3243],[[[0.688378,0.0238302,-0.72496],[0.693328,0.272077,0.667286],[0.213147,-0.96198,0.17077]],[[0.692357,0.00529437,-0.721536],[-0.0523856,0.997703,-0.0429463],[0.719651,0.0675323,0.691044]],[[0.692357,0.00529437,-0.721536],[-0.699492,0.250318,-0.669367],[0.17707,0.968149,0.177013]],[[0.692357,0.00529437,-0.721536],[-0.687313,-0.299556,-0.661715],[-0.219644,0.954064,-0.203761]]],3],[10554,[-0.577588,0.631997,-0.516693],1055,48.472,[-44.7024,194.918,14.8497],[-44.1332,195.64,15.2468],[-94.9495,464.924,33.9547],false,[-4.43043,97.5427,59.7807],[-8.59966,151.709,47.7416],[-26.0278,175.793,31.3828],[-36.8687,187.655,21.6848],[-47.0524,197.21,12.8181],[[[0.584337,-0.132954,-0.800546],[0.808045,0.186407,0.558853],[0.0749257,-0.973435,0.216357]],[[0.583539,-0.122969,-0.802721],[0.629031,0.693618,0.351018],[0.513618,-0.709769,0.482104]],[[0.583539,-0.122969,-0.802721],[0.570855,0.765152,0.297769],[0.577588,-0.631997,0.516693]],[[0.583539,-0.122969,-0.802721],[0.529568,0.807005,0.261344],[0.615663,-0.5776,0.536039]]],4]],[[0,200,0],[235.247,235.247,147.751]]],[1207896,287053698817,[[1055,"right",[-0.227483,0.97307,0.0372247],[-0.573791,-0.103058,-0.812492],[-36.0243,137.762,68.1362],[-67.2676,368.854,-61.4602],[-35.9884,137.604,68.1656],0.68773,0.307178,0.373092,[[0.915406,0.0826819,-0.393948],[0.128979,0.866829,0.481634],[0.381308,-0.491702,0.782837]],61.1481,[82.6959,-38.1288,268.154],[-16.102,89.2722,65.3197]]],[[10550,[-0.60778,0.737439,-0.294598],1055,50.0129,[-100.617,147.608,46.7054],[-100.33,147.687,46.03],[-96.8911,416.62,19.2882],false,[-42.8259,79.3679,72.6928],[-42.8259,79.3679,72.6928],[-78.3412,111.194,68.1734],[-98.2274,135.323,58.5343],[-101.366,151.408,43.1776],[[[0.785421,0.365025,0.499871],[-0.287807,-0.499604,0.817045],[0.547979,-0.785591,-0.287343]],[[0.505474,0.645384,0.572692],[-0.441383,-0.376905,0.814324],[0.741402,-0.664396,0.0943458]],[[0.505474,0.645384,0.572692],[-0.612454,-0.199158,0.765007],[0.60778,-0.737439,0.294598]],[[0.505474,0.645384,0.572692],[-0.851451,0.265596,0.452206],[0.139742,-0.716197,0.683764]]],0],[10551,[0.0731475,-0.851274,-0.519597],1055,56.4339,[-77.1508,122.926,37.9942],[-77.9151,123.805,37.5619],[-90.9403,419.285,-51.7967],false,[-28.3057,92.8896,83.8179],[-59.1952,156.368,84.6909],[-83.9723,154.26,51.8058],[-82.2756,134.515,39.7538],[-75.6781,119.684,37.4409],[[[0.737412,0.36664,-0.567273],[0.514581,0.239079,0.823437],[0.437528,-0.89912,-0.0123665]],[[0.716758,0.407138,-0.566125],[-0.353684,0.911936,0.208042],[0.600971,0.0511133,0.797635]],[[0.716758,0.407138,-0.566125],[-0.693475,0.331015,-0.639939],[-0.0731475,0.851274,0.519597]],[[0.716758,0.407138,-0.566125],[-0.569513,-0.126691,-0.81216],[-0.402384,0.904538,0.141064]]],1],[10552,[-0.103344,-0.935042,-0.339141],1055,64.3019,[-72.5865,119.384,32.2435],[-72.8436,119.242,31.9437],[-99.8582,436.146,-63.8347],false,[-19.0926,98.0741,78.539],[-41.4016,161.043,74.0831],[-73.618,158.392,40.9984],[-76.4381,132.876,31.7437],[-71.49,115.546,32.3645],[[[0.691143,0.19563,-0.695737],[0.641322,0.277824,0.715207],[0.333208,-0.940501,0.0665543]],[[0.698421,0.17455,-0.694075],[-0.164624,0.982979,0.081551],[0.696496,0.0573041,0.715269]],[[0.698421,0.17455,-0.694075],[-0.708186,0.308591,-0.635015],[0.103344,0.935042,0.339141]],[[0.698421,0.17455,-0.694075],[-0.660999,-0.214487,-0.719079],[-0.274386,0.961003,-0.034425]]],2],[10553,[-0.179314,-0.965466,-0.189],1055,61.828,[-56.287,117.939,29.8438],[-56.9559,118.176,29.2063],[-98.1354,436.22,-76.0916],false,[-10.6928,101.35,70.9426],[-23.4926,159.343,61.6511],[-54.599,156.925,32.2417],[-59.3659,131.259,27.2174],[-55.4071,114.102,30.6029],[[[0.682319,0.0335913,-0.730282],[0.699357,0.260968,0.665429],[0.212933,-0.964763,0.154571]],[[0.68632,0.014878,-0.727148],[-0.0512215,0.998297,-0.0279195],[0.725494,0.0564073,0.685913]],[[0.68632,0.014878,-0.727148],[-0.704849,0.260102,-0.659951],[0.179314,0.965466,0.189]],[[0.68632,0.014878,-0.727148],[-0.692975,-0.290142,-0.660002],[-0.220796,0.956868,-0.18882]]],3],[10554,[-0.580396,0.641259,-0.501923],1055,48.472,[-45.7733,198.949,15.2935],[-45.2369,199.596,15.6719],[-101.128,456.036,37.8891],false,[-5.32528,100.777,58.3968],[-9.50306,155.124,47.2043],[-27.0163,179.493,31.3665],[-37.9099,191.529,21.9457],[-48.1435,201.245,13.3153],[[[0.577382,-0.12188,-0.807326],[0.813015,0.176749,0.554767],[0.0750795,-0.976681,0.201142]],[[0.576566,-0.111673,-0.809383],[0.633392,0.686856,0.356431],[0.516126,-0.718163,0.466751]],[[0.576566,-0.111673,-0.809383],[0.575075,0.759155,0.304913],[0.580396,-0.641259,0.501923]],[[0.576566,-0.111673,-0.809383],[0.533681,0.80157,0.269574],[0.618673,-0.58738,0.521756]]],4]],[[0,200,0],[235.247,235.247,147.751]]],[1207897,287053706915,[[1055,"right",[-0.205089,0.977615,0.0469738],[-0.570934,-0.0805153,-0.817038],[-37.1533,141.104,67.6522],[-85.368,379.869,-61.0355],[-37.0728,140.862,67.6877],0.684901,0.307088,0.376632,[[0.883173,0.113502,-0.455107],[0.137876,0.864593,0.483186],[0.448325,-0.489485,0.747936]],61.1481,[97.8187,-34.6273,258.193],[-18.3434,92.1994,64.4014]]],[[10550,[-0.589346,0.754496,-0.288802],1055,50.0129,[-101.442,152.641,46.0305],[-101.138,152.795,45.3398],[-98.2804,470.864,-7.39075],false,[-45.3353,82.8367,71.5007],[-45.3353,82.8367,71.5007],[-80.0536,115.548,67.106],[-99.3366,140.234,57.6565],[-102.112,156.597,42.5242],[[[0.790532,0.340999,0.508703],[-0.304416,-0.501961,0.809547],[0.531404,-0.79483,-0.29301]],[[0.516825,0.626869,0.583033],[-0.455642,-0.375147,0.807252],[0.724764,-0.682862,0.0917426]],[[0.516825,0.626869,0.583033],[-0.620937,-0.194349,0.759385],[0.589346,-0.754496,0.288802]],[[0.516825,0.626869,0.583033],[-0.847127,0.276183,0.45398],[0.123562,-0.728532,0.673776]]],0],[10551,[0.056943,-0.846994,-0.528543],1055,56.4339,[-78.37,127.431,37.1435],[-79.1423,128.45,36.6844],[-107.003,457.644,-66.2357],false,[-30.5753,95.8907,82.8663],[-59.9897,160.056,84.2793],[-84.5997,158.888,51.2224],[-83.279,139.242,38.9629],[-77.0083,124.29,36.5271],[[[0.749247,0.355769,-0.558622],[0.514826,0.217744,0.829181],[0.416633,-0.908854,-0.020015]],[[0.729535,0.396711,-0.557135],[-0.333864,0.917507,0.216141],[0.59692,0.0283246,0.801801]],[[0.729535,0.396711,-0.557135],[-0.681569,0.353866,-0.640502],[-0.056943,0.846994,0.528543]],[[0.729535,0.396711,-0.557135],[-0.567017,-0.104696,-0.817025],[-0.382453,0.911954,0.148563]]],1],[10552,[-0.123054,-0.928411,-0.350587],1055,64.3019,[-73.8745,123.897,31.3661],[-74.1642,123.883,31.038],[-115.848,470.459,-75.9779],false,[-21.2118,100.919,77.7023],[-42.0265,164.435,73.8323],[-74.0928,162.94,40.5302],[-77.4508,137.605,30.9631],[-72.908,120.159,31.4172],[[[0.69983,0.18734,-0.689305],[0.643106,0.25475,0.722161],[0.31089,-0.948687,0.0578018]],[[0.706604,0.166088,-0.687841],[-0.141819,0.985581,0.092294],[0.693252,0.0323334,0.71997]],[[0.706604,0.166088,-0.687841],[-0.696827,0.332368,-0.635581],[0.123054,0.928411,0.350587]],[[0.706604,0.166088,-0.687841],[-0.661251,-0.191067,-0.725424],[-0.251908,0.967424,-0.0251826]]],2],[10553,[-0.198848,-0.95953,-0.199405],1055,61.828,[-57.5258,122.043,29.105],[-58.2169,122.413,28.4494],[-112.881,456.943,-80.44],false,[-12.6909,104.084,70.1942],[-24.0843,162.46,61.4892],[-55.052,161.054,31.8684],[-60.3382,135.546,26.5674],[-56.7669,118.278,29.8145],[[[0.687467,0.0259507,-0.725751],[0.701045,0.237112,0.672543],[0.189537,-0.971136,0.144814]],[[0.691034,0.00700037,-0.722788],[-0.0285404,0.999438,-0.0176068],[0.722258,0.0327956,0.690845]],[[0.691034,0.00700037,-0.722788],[-0.694932,0.281521,-0.661676],[0.198848,0.95953,0.199405]],[[0.691034,0.00700037,-0.722788],[-0.694838,-0.269111,-0.666918],[-0.199179,0.963084,-0.181101]]],3],[10554,[-0.562242,0.660225,-0.497982],1055,48.472,[-45.1811,203.055,15.4614],[-44.6074,203.719,15.8421],