{"metadata":{"formatVersion":2,"generatedBy":"LeapJS Playback 0.2.1","frames":59,"protocolVersion":6,"serviceVersion":"2.2.4+26750","frameRate":"1.1e+2","modified":"Wed Apr 15 2015 21:28:40 GMT-0300 (E. South America Standard Time)"},"frames":[["id","timestamp",{"hands":[["id","type","direction","palmNormal","palmPosition","palmVelocity","stabilizedPalmPosition","pinchStrength","grabStrength","confidence","armBasis","armWidth","elbow","wrist"]]},{"pointables":[["id","direction","handId","length","stabilizedTipPosition","tipPosition","tipVelocity","tool","carpPosition","mcpPosition","pipPosition","dipPosition","btipPosition","bases","type"]]},{"interactionBox":["center","size"]}],[1218668,287201466793,[[1070,"right",[-0.0647111,0.492848,-0.867706],[-0.20479,-0.85758,-0.471824],[-6.05277,92.2729,49.0266],[68.3996,8.04477,1.81146],[-6.73214,98.6371,49.8085],0.775288,0,0.575164,[[0.969441,-0.120593,-0.21364],[0.198167,0.898295,0.392168],[0.144619,-0.42252,0.894741]],63.72,[44.8184,-45.8384,338.309],[5.77119,68.2421,96.7286]]],[[10700,[0.432689,-0.17031,-0.885311],1070,52.1164,[-5.35905,57.4084,4.01199],[-2.3799,56.3425,7.3981],[83.0211,-14.3599,26.3585],false,[-24.0619,61.4891,99.0615],[-24.0619,61.4891,99.0615],[-29.3728,67.5863,49.8032],[-14.62,61.7794,19.618],[1.30398,54.3712,4.14949],[[[0.563549,0.803995,0.189749],[-0.669174,0.309618,0.675531],[0.484373,-0.50767,0.712498]],[[0.467457,0.882059,0.0587815],[-0.87759,0.45503,0.150942],[0.106392,-0.122145,0.986793]],[[0.467457,0.882059,0.0587815],[-0.770885,0.439279,-0.46127],[-0.432689,0.17031,0.885311]],[[0.467457,0.882059,0.0587815],[-0.564385,0.348959,-0.748129],[-0.680406,0.316543,0.660944]]],0],[10701,[0.038212,0.47171,-0.880925],1070,58.8075,[-37.1111,162.925,-34.4222],[-27.55,153.489,-34.1977],[106.804,-9.48043,-20.7432],false,[-12.8729,82.3444,97.7408],[-31.6799,110.131,32.2682],[-28.6381,137.508,-0.702],[-27.7145,148.91,-21.9943],[-27.5804,154.169,-38.2496],[[[0.951934,-0.0623259,-0.299894],[0.168736,0.923829,0.343611],[0.255635,-0.377698,0.889941]],[[0.98555,-0.163372,-0.0447306],[0.153878,0.753163,0.639583],[-0.0708004,-0.637224,0.767419]],[[0.98555,-0.163372,-0.0447306],[0.165018,0.866487,0.471137],[-0.038212,-0.47171,0.880925]],[[0.98555,-0.163372,-0.0447306],[0.169203,0.937305,0.304679],[-0.00784978,-0.307845,0.951404]]],1],[10702,[-0.293972,0.602968,-0.741627],1070,67.0064,[-43.342,173.815,-33.6659],[-33.5124,168.368,-33.9073],[98.3319,-10.9444,-26.3159],false,[-1.1409,83.3803,94.1485],[-9.73472,108.797,29.7459],[-20.1921,144.128,-1.32904],[-28.5516,161.274,-22.4182],[-35.2307,170.083,-37.6147],[[[0.934913,-0.269352,-0.231056],[0.332814,0.891476,0.307419],[0.123177,-0.364308,0.923096]],[[0.866138,-0.160079,-0.473477],[0.450262,0.661125,0.600148],[0.216956,-0.732999,0.644703]],[[0.866138,-0.160079,-0.473477],[0.40421,0.78154,0.475194],[0.293972,-0.602968,0.741627]],[[0.866138,-0.160079,-0.473477],[0.351395,0.868702,0.34911],[0.355425,-0.468755,0.808667]]],2],[10703,[-0.209414,-0.737155,0.642455],1070,64.4285,[-8.63305,54.7029,33.0044],[-10.3323,45.5537,39.3619],[64.5916,1.90183,-4.76131],false,[10.4868,81.1891,90.8434],[12.0275,102.402,31.9247],[-5.24888,69.6352,6.94198],[-11.0501,49.2145,24.7393],[-10.6284,43.8035,42.6176],[[[0.915083,-0.386459,-0.115209],[0.402516,0.857886,0.319395],[-0.0245966,-0.338646,0.940592]],[[0.915404,-0.378783,-0.136232],[0.111888,0.564528,-0.817796],[0.386674,0.733371,0.559152]],[[0.915404,-0.378783,-0.136232],[-0.343775,-0.559577,-0.754117],[0.209414,0.737155,-0.642455]],[[0.915404,-0.378783,-0.136232],[-0.401903,-0.879006,-0.256559],[-0.0225688,0.289608,-0.956879]]],3],[10704,[-0.381051,-0.651673,0.655837],1070,50.5107,[7.40761,61.3406,34.109],[4.87848,52.6618,40.3646],[67.1275,2.91045,9.50097],false,[20.7139,71.8775,87.4879],[30.5412,91.8348,33.9397],[13.1241,68.2763,14.1428],[5.6712,55.5304,26.9701],[4.08266,51.0816,43.547],[[[0.826915,-0.559456,-0.0567505],[0.536179,0.754022,0.379423],[-0.169479,-0.344179,0.923481]],[[0.829161,-0.554684,-0.0694072],[0.264314,0.49842,-0.825661],[0.492575,0.66626,0.559881]],[[0.829161,-0.554684,-0.0694072],[-0.409013,-0.517347,-0.751705],[0.381051,0.651673,-0.655837]],[[0.829161,-0.554684,-0.0694072],[-0.551361,-0.791018,-0.265127],[0.0921597,0.258102,-0.961712]]],4]],[[0,200,0],[235.247,235.247,147.751]]],[1218669,287201475465,[[1070,"right",[-0.0583694,0.493134,-0.867993],[-0.18992,-0.859082,-0.475299],[-5.11107,92.2563,49.3565],[79.0922,5.39477,11.4499],[-6.70422,98.5271,49.8007],0.773634,0,0.584346,[[0.972512,-0.108037,-0.206274],[0.183983,0.899497,0.396301],[0.142728,-0.423358,0.894649]],63.72,[44.8687,-46.0136,338.74],[6.3321,68.2932,97.1852]]],[[10700,[0.44249,-0.164721,-0.881515],1070,52.1164,[-5.0548,57.3187,4.29172],[-0.800944,56.3686,7.79126],[104.391,-9.57663,30.5649],false,[-23.459,61.2363,99.1217],[-23.459,61.2363,99.1217],[-28.538,67.3097,49.836],[-13.451,61.6934,19.7802],[2.79444,54.4377,4.57596],[[[0.552855,0.809441,0.197882],[-0.681034,0.302083,0.667037],[0.48015,-0.503539,0.718265]],[[0.455219,0.888181,0.0625378],[-0.884547,0.443094,0.145756],[0.101747,-0.121668,0.987342]],[[0.455219,0.888181,0.0625378],[-0.772643,0.428955,-0.467996],[-0.44249,0.164721,0.881515]],[[0.455219,0.888181,0.0625378],[-0.557621,0.339145,-0.757654],[-0.694143,0.310026,0.649653]]],0],[10701,[0.0449488,0.472367,-0.880255],1070,58.8075,[-36.5136,162.369,-34.4225],[-26.1397,153.294,-34.1126],[122.023,-12.9779,-12.7107],false,[-12.4655,82.2051,97.9677],[-30.6968,109.873,32.2823],[-27.5013,137.291,-0.639631],[-26.4149,148.708,-21.9158],[-26.1215,153.975,-38.1667],[[[0.956349,-0.0523623,-0.287497],[0.154874,0.925105,0.346691],[0.247811,-0.376084,0.892833]],[[0.98765,-0.153396,-0.0318832],[0.137894,0.754462,0.641696],[-0.0743788,-0.638167,0.766297]],[[0.98765,-0.153396,-0.0318832],[0.150088,0.867951,0.473428],[-0.0449488,-0.472367,0.880255]],[[0.98765,-0.153396,-0.0318832],[0.15573,0.938853,0.307087],[-0.0171722,-0.30826,0.951147]]],1],[10702,[-0.290964,0.600756,-0.744602],1070,67.0064,[-42.9069,173.575,-33.6819],[-32.3001,168.143,-33.8587],[109.012,-14.7847,-17.604],false,[-0.698661,83.3636,94.5299],[-8.70824,108.764,30.0456],[-19.1551,144.005,-1.13506],[-27.429,161.088,-22.3089],[-34.0065,169.853,-37.575],[[[0.940528,-0.259627,-0.21909],[0.319729,0.894453,0.312613],[0.114803,-0.364071,0.924269]],[[0.873587,-0.150518,-0.462807],[0.435741,0.665428,0.606082],[0.216738,-0.73113,0.646896]],[[0.873587,-0.150518,-0.462807],[0.39011,0.785135,0.481017],[0.290964,-0.600756,0.744602]],[[0.873587,-0.150518,-0.462807],[0.338137,0.871665,0.354772],[0.350013,-0.466416,0.812371]]],2],[10703,[-0.212144,-0.742321,0.635574],1070,64.4285,[-8.64043,54.5837,33.072],[-8.86014,45.4197,39.4226],[92.9844,-2.83696,-2.00873],false,[10.9928,81.2938,91.3748],[13.0874,102.587,32.5021],[-3.5148,69.7158,7.2011],[-9.3916,49.152,24.8078],[-9.19439,43.643,42.6601],[[[0.920375,-0.377057,-0.103627],[0.389605,0.861556,0.325466],[-0.0334387,-0.339924,0.939858]],[[0.920886,-0.369516,-0.124201],[0.117873,0.567627,-0.814804],[0.371583,0.735702,0.566276]],[[0.920886,-0.369516,-0.124201],[-0.327052,-0.558943,-0.761984],[0.212144,0.742321,-0.635574]],[[0.920886,-0.369516,-0.124201],[-0.389688,-0.881204,-0.267624],[-0.0105553,0.294851,-0.955485]]],3],[10704,[-0.383123,-0.656341,0.649949],1070,50.5107,[7.38384,61.196,34.2047],[6.31606,52.7448,40.7887],[93.9168,4.72832,20.2833],false,[21.3565,72.0898,88.1441],[31.6792,92.205,34.7484],[14.7578,68.4859,14.7149],[7.26434,55.6487,27.4271],[5.49685,51.1559,43.9739],[[[0.833208,-0.551002,-0.0464945],[0.523519,0.758983,0.387133],[-0.178022,-0.346903,0.920851]],[[0.835559,-0.546217,-0.0590546],[0.269857,0.501666,-0.821893],[0.478558,0.670804,0.566572]],[[0.835559,-0.546217,-0.0590546],[-0.393773,-0.520446,-0.75768],[0.383123,0.656341,-0.649949]],[[0.835559,-0.546217,-0.0590546],[-0.539746,-0.796059,-0.273797],[0.102542,0.260648,-0.959973]]],4]],[[0,200,0],[235.247,235.247,147.751]]],[1218670,287201484119,[[1070,"right",[-0.054031,0.492715,-0.868512],[-0.178707,-0.860511,-0.477059],[-4.10935,92.4055,49.6861],[88.8282,8.54251,18.5244],[-6.64802,98.3946,49.7982],0.772186,0,0.594621,[[0.974832,-0.0989572,-0.199777],[0.173371,0.899859,0.400246],[0.140163,-0.424808,0.894367]],63.72,[44.9132,-46.1685,339.1],[7.06905,68.5297,97.621]]],[[10700,[0.447234,-0.160348,-0.879926],1070,52.1164,[-4.57974,57.2252,4.66461],[0.532695,56.525,8.19285],[112.366,-1.71948,33.4984],false,[-22.6829,61.24,99.2764],[-22.6829,61.24,99.2764],[-27.7224,67.2524,49.9791],[-12.4737,61.7852,19.9775],[4.01326,54.6351,4.98468],[[[0.544619,0.813725,0.203079],[-0.689637,0.29671,0.660578],[0.477274,-0.499814,0.722769]],[[0.445078,0.893242,0.0634426],[-0.889783,0.433142,0.143786],[0.100956,-0.120446,0.987573]],[[0.445078,0.893242,0.0634426],[-0.775814,0.420009,-0.470856],[-0.447234,0.160348,0.879926]],[[0.445078,0.893242,0.0634426],[-0.552847,0.329819,-0.765232],[-0.704461,0.305514,0.640621]]],0],[10701,[0.0495698,0.472433,-0.879972],1070,58.8075,[-35.7495,161.736,-34.4154],[-24.8268,153.251,-33.9981],[130.167,-10.7353,-5.80468],false,[-11.8432,82.2942,98.2259],[-29.6698,109.823,32.3711],[-26.3783,137.25,-0.533145],[-25.1802,148.669,-21.8024],[-24.7742,153.935,-38.0511],[[[0.959399,-0.0448675,-0.27846],[0.14436,0.926266,0.348125],[0.242309,-0.37419,0.895136]],[[0.989074,-0.145691,-0.0225019],[0.125948,0.755792,0.642585],[-0.0766122,-0.638398,0.765884]],[[0.989074,-0.145691,-0.0225019],[0.138835,0.869242,0.474493],[-0.0495698,-0.472433,0.879972]],[[0.989074,-0.145691,-0.0225019],[0.14549,0.940093,0.308316],[-0.023765,-0.308221,0.951018]]],1],[10702,[-0.289879,0.597426,-0.747698],1070,67.0064,[-42.3561,173.292,-33.6994],[-31.1947,167.998,-33.8303],[113.006,-15.9825,-12.4283],false,[-0.053939,83.5449,94.8993],[-7.65311,108.886,30.3419],[-18.1569,143.98,-0.984491],[-26.4,160.969,-22.2463],[-32.9197,169.672,-37.5724],[[[0.944554,-0.252253,-0.210204],[0.309764,0.896906,0.315605],[0.108921,-0.363219,0.925315]],[[0.878773,-0.14332,-0.455212],[0.424582,0.670331,0.608594],[0.217919,-0.72809,0.64992]],[[0.878773,-0.14332,-0.455212],[0.379116,0.789013,0.483456],[0.289879,-0.597426,0.747698]],[[0.878773,-0.14332,-0.455212],[0.327708,0.874627,0.35726],[0.346938,-0.463127,0.815566]]],2],[10703,[-0.214561,-0.74698,0.629272],1070,64.4285,[-8.62633,54.4118,33.1706],[-7.47731,45.4454,39.4996],[110.98,-1.33281,0.188245],false,[11.6826,81.5667,91.8546],[14.166,102.879,33.004],[-1.91861,69.9445,7.45248],[-7.86238,49.2517,24.8846],[-7.84455,43.645,42.7075],[[[0.924231,-0.369845,-0.0949343],[0.379771,0.864556,0.329116],[-0.0396459,-0.340233,0.939505]],[[0.924866,-0.362501,-0.114959],[0.122569,0.570301,-0.81224],[0.359999,0.737122,0.571884]],[[0.924866,-0.362501,-0.114959],[-0.313984,-0.557327,-0.768636],[0.214561,0.74698,-0.629272]],[[0.924866,-0.362501,-0.114959],[-0.380291,-0.882352,-0.277187],[-0.0009542,0.300079,-0.953914]]],3],[10704,[-0.38478,-0.660379,0.64486],1070,50.5107,[7.38161,61.0031,34.3437],[7.67816,52.9451,41.1692],[111.274,9.76408,26.5159],false,[22.148,72.4442,88.722],[32.8164,92.6428,35.4258],[16.2767,68.8053,15.2147],[8.75082,55.8891,27.8274],[6.84291,51.3504,44.3461],[[[0.837891,-0.544469,-0.0386245],[0.513895,0.763029,0.392045],[-0.183985,-0.34834,0.919135]],[[0.840334,-0.539645,-0.0512146],[0.273931,0.504285,-0.818938],[0.467762,0.674152,0.571593]],[[0.840334,-0.539645,-0.0512146],[-0.381816,-0.522191,-0.762583],[0.38478,0.660379,-0.64486]],[[0.840334,-0.539645,-0.0512146],[-0.530648,-0.799656,-0.281005],[0.110689,0.263315,-0.958339]]],4]],[[0,200,0],[235.247,235.247,147.751]]],[1218671,287201493464,[[1070,"right",[-0.0462589,0.495197,-0.867548],[-0.158414,-0.861124,-0.483084],[-2.97579,92.7109,50.2548],[98.033,15.3837,30.5247],[-6.54025,98.2278,49.8116],0.774998,0,0.607441,[[0.978429,-0.0814662,-0.189843],[0.153821,0.900721,0.406253],[0.1379,-0.426691,0.893822]],63.72,[44.9577,-46.3936,339.62],[7.72477,68.8131,98.2877]]],[[10700,[0.455746,-0.148698,-0.877602],1070,52.1164,[-3.75793,57.1739,5.20834],[2.30234,57.0463,8.69497],[126.786,15.4735,36.6616],false,[-21.945,61.0992,99.4111],[-21.945,61.0992,99.4111],[-26.771,67.1873,50.1018],[-11.2321,62.1174,20.1794],[5.6235,55.2512,5.46636],[[[0.529543,0.820532,0.2152],[-0.704861,0.284469,0.649807],[0.47197,-0.495787,0.728999]],[[0.427717,0.901244,0.0694128],[-0.898728,0.415794,0.139297],[0.0966795,-0.121963,0.987815]],[[0.427717,0.901244,0.0694128],[-0.780611,0.406999,-0.474339],[-0.455746,0.148698,0.877602]],[[0.427717,0.901244,0.0694128],[-0.546217,0.318883,-0.774572],[-0.720212,0.293383,0.628666]]],0],[10701,[0.0576689,0.474907,-0.878145],1070,58.8075,[-34.6614,160.975,-34.3752],[-23.1374,153.474,-33.6187],[144.836,-1.37542,6.87002],false,[-11.3877,82.3077,98.6199],[-28.4827,109.833,32.5697],[-25.0274,137.366,-0.229285],[-23.6335,148.844,-21.4544],[-23.0284,154.154,-37.6828],[[[0.96452,-0.0303069,-0.262265],[0.125332,0.926879,0.353819],[0.232365,-0.374136,0.897791]],[[0.991271,-0.1317,-0.00612644],[0.104471,0.756278,0.645856],[-0.0804261,-0.640858,0.763435]],[[0.991271,-0.1317,-0.00612644],[0.118561,0.870126,0.478356],[-0.0576689,-0.474907,0.878145]],[[0.991271,-0.1317,-0.00612644],[0.126997,0.941324,0.312699],[-0.0354156,-0.310748,0.949832]]],1],[10702,[-0.286609,0.594725,-0.751104],1070,67.0064,[-41.5831,172.945,-33.7028],[-29.7883,168.125,-33.5118],[123.104,-8.50327,-0.0145189],false,[0.437439,83.7368,95.4987],[-6.42369,109.213,30.9119],[-16.9573,144.193,-0.532064],[-25.1075,161.105,-21.8908],[-31.5019,169.758,-37.298],[[[0.951453,-0.238139,-0.195008],[0.291662,0.899972,0.324012],[0.098342,-0.365158,0.925737]],[[0.888147,-0.129034,-0.441072],[0.404271,0.675782,0.616347],[0.218539,-0.72572,0.652359]],[[0.888147,-0.129034,-0.441072],[0.359234,0.793506,0.491221],[0.286609,-0.594725,0.751104]],[[0.888147,-0.129034,-0.441072],[0.30888,0.878262,0.365033],[0.340275,-0.460442,0.819882]]],2],[10703,[-0.216467,-0.754872,0.619121],1070,64.4285,[-8.54558,54.1352,33.337],[-5.57367,45.6596,39.6485],[137.93,5.6456,4.13818],false,[12.2507,81.9354,92.647],[15.4299,103.504,33.9232],[0.266554,70.498,7.90448],[-5.73,49.5866,25.0554],[-5.98072,43.8276,42.8279],[[[0.930842,-0.356441,-0.0805194],[0.36188,0.868559,0.338596],[-0.0507536,-0.344318,0.93748]],[[0.931697,-0.349198,-0.100011],[0.129473,0.576507,-0.806769],[0.339379,0.738715,0.582341]],[[0.931697,-0.349198,-0.100011],[-0.291691,-0.555184,-0.778901],[0.216467,0.754872,-0.619121]],[[0.931697,-0.349198,-0.100011],[-0.36299,-0.884903,-0.291865],[0.0134189,0.308232,-0.951216]]],3],[10704,[-0.386788,-0.669122,0.634564],1070,50.5107,[7.44141,60.7222,34.5776],[9.48591,53.4129,41.7469],[135.321,21.3106,36.4207],false,[22.8955,72.9731,89.6603],[34.1793,93.5218,36.6254],[18.327,69.5399,16.0379],[10.7619,56.4527,28.4492],[8.62226,51.7949,44.9062],[[[0.846037,-0.532475,-0.0263068],[0.49634,0.768691,0.403436],[-0.194598,-0.354379,0.91463]],[[0.84865,-0.527518,-0.0389659],[0.280713,0.511586,-0.812084],[0.448323,0.678237,0.582238]],[[0.84865,-0.527518,-0.0389659],[-0.360816,-0.523451,-0.771888],[0.386788,0.669122,-0.634564]],[[0.84865,-0.527518,-0.0389659],[-0.514184,-0.805423,-0.294803],[0.12413,0.27022,-0.954763]]],4]],[[0,200,0],[235.247,235.247,147.751]]],[1218672,287201501457,[[1070,"right",[-0.042005,0.496563,-0.866984],[-0.14455,-0.86164,-0.486499],[-1.77572,93.0471,50.4809],[110.958,22.0006,29.9677],[-6.39194,98.0665,49.8325],0.782719,0,0.621747,[[0.980903,-0.0702265,-0.181375],[0.140433,0.900908,0.410663],[0.134562,-0.428291,0.893566]],63.72,[44.9847,-46.4832,339.839],[8.65289,69.1555,98.5766]]],[[10700,[0.458885,-0.140615,-0.877298],1070,52.1164,[-2.77661,57.1882,5.75652],[3.80836,57.4878,8.91945],[136.871,25.3943,33.1727],false,[-20.9477,61.1406,99.3673],[-20.9477,61.1406,99.3673],[-25.7726,67.2308,50.0581],[-10.1266,62.4365,20.1461],[7.03146,55.7316,5.71089],[[[0.518905,0.825364,0.222514],[-0.714586,0.275959,0.642817],[0.469153,-0.492566,0.73299]],[[0.414631,0.907178,0.0714751],[-0.904842,0.402669,0.138271],[0.0966555,-0.122005,0.987812]],[[0.414631,0.907178,0.0714751],[-0.785816,0.396554,-0.474593],[-0.458885,0.140615,0.877298]],[[0.414631,0.907178,0.0714751],[-0.539064,0.308142,-0.783874],[-0.733138,0.286489,0.616792]]],0],[10701,[0.0620364,0.474536,-0.878048],1070,58.8075,[-33.5227,160.277,-34.3386],[-21.6654,153.607,-33.5934],[154.752,1.8446,4.90774],false,[-10.5973,82.4561,98.732],[-27.2642,109.949,32.5591],[-23.7454,137.47,-0.242607],[-22.2459,148.94,-21.4654],[-21.5244,154.245,-37.6904],[[[0.967518,-0.0200239,-0.252007],[0.112185,0.927335,0.357023],[0.226545,-0.373697,0.89946]],[[0.992552,-0.121742,0.00433154],[0.0901753,0.758167,0.645795],[-0.0819046,-0.640595,0.763498]],[[0.992552,-0.121742,0.00433154],[0.10484,0.871777,0.478554],[-0.0620364,-0.474536,0.878048]],[[0.992552,-0.121742,0.00433154],[0.114265,0.942741,0.313342],[-0.0422305,-0.310514,0.94963]]],1],[10702,[-0.285692,0.591425,-0.754053],1070,67.0064,[-40.7772,172.623,-33.708],[-28.5395,168.228,-33.5083],[130.743,-4.46531,-0.949303],false,[1.24536,84.0109,95.7402],[-5.18367,109.555,31.1358],[-15.8009,144.399,-0.43101],[-23.9249,161.217,-21.8736],[-30.2576,169.805,-37.3424],[[[0.955834,-0.22812,-0.185316],[0.279087,0.902169,0.328939],[0.0921487,-0.36613,0.92599]],[[0.893962,-0.119019,-0.43205],[0.390273,0.680631,0.620024],[0.220272,-0.722895,0.654907]],[[0.893962,-0.119019,-0.43205],[0.345271,0.797528,0.494708],[0.285692,-0.591425,0.754053]],[[0.893962,-0.119019,-0.43205],[0.295418,0.881468,0.368432],[0.336988,-0.456999,0.823159]]],2],[10703,[-0.217065,-0.760727,0.6117],1070,64.4285,[-8.38578,53.8178,33.5297],[-3.83831,45.9353,39.5475],[158.126,13.2788,-0.779386],false,[13.1059,82.3348,93.0113],[16.6931,104.06,34.3688],[2.16551,71.0345,8.01435],[-3.84764,49.9608,24.9597],[-4.26604,44.0938,42.6937],[[[0.9352,-0.346869,-0.071295],[0.349459,0.871435,0.344209],[-0.0572666,-0.346819,0.936182]],[[0.936171,-0.339747,-0.0903126],[0.133646,0.58157,-0.802443],[0.32515,0.739154,0.589855]],[[0.936171,-0.339747,-0.0903126],[-0.276526,-0.553052,-0.785918],[0.217065,0.760727,-0.6117]],[[0.936171,-0.339747,-0.0903126],[-0.350831,-0.886548,-0.301579],[0.0223938,0.314014,-0.949154]]],3],[10704,[-0.387299,-0.67587,0.627055],1070,50.5107,[7.57768,60.4212,34.851],[11.1483,53.8486,41.9477],[154.013,29.7118,33.3144],false,[23.872,73.4866,90.1203],[35.5125,94.2615,37.2508],[20.1328,70.1886,16.4125],[12.5577,56.9694,28.677],[10.2728,52.2134,45.0863],[[[0.851604,-0.523864,-0.0183497],[0.484221,0.772788,0.410278],[-0.20075,-0.35828,0.911776]],[[0.854384,-0.518695,-0.0313665],[0.284329,0.517158,-0.807282],[0.434955,0.68081,0.589332]],[[0.854384,-0.518695,-0.0313665],[-0.34645,-0.523598,-0.778343],[0.387299,0.67587,-0.627055]],[[0.854384,-0.518695,-0.0313665],[-0.50245,-0.80921,-0.304505],[0.132563,0.275924,-0.951994]]],4]],[[0,200,0],[235.247,235.247,147.751]]],[1218673,287201510149,[[1070,"right",[-0.0393442,0.497336,-0.866665],[-0.136353,-0.861896,-0.488409],[-0.479087,93.3202,50.6549],[121.146,24.5123,27.3184],[-6.14068,97.8648,49.8674],0.788625,0,0.633054,[[0.982542,-0.064428,-0.174531],[0.13256,0.900677,0.413773],[0.130538,-0.429685,0.893493]],63.72,[45.0254,-46.5818,340.033],[9.78014,69.4331,98.7894]]],[[10700,[0.45955,-0.135953,-0.877685],1070,52.1164,[-1.38902,57.2637,6.41844],[5.17035,57.7911,9.0804],[139.033,27.8765,28.0981],false,[-19.7774,61.2438,99.3802],[-19.7774,61.2438,99.3802],[-24.6661,67.2961,50.0726],[-8.99745,62.6607,20.1475],[8.33076,56.0564,5.87004],[[[0.512605,0.82813,0.226799],[-0.720315,0.270998,0.638519],[0.467314,-0.490674,0.735429]],[[0.406162,0.910995,0.071551],[-0.908538,0.394191,0.138465],[0.0979358,-0.121246,0.987779]],[[0.406162,0.910995,0.071551],[-0.789839,0.389364,-0.473867],[-0.45955,0.135953,0.877685]],[[0.406162,0.910995,0.071551],[-0.535563,0.300757,-0.789124],[-0.740408,0.282192,0.610052]]],0],[10701,[0.0646816,0.471979,-0.879234],1070,58.8075,[-32.0434,159.465,-34.3063],[-20.1951,153.612,-33.6376],[158.652,-0.223948,0.868808],false,[-9.5485,82.6204,98.8361],[-25.9506,110.093,32.5889],[-22.391,137.51,-0.295829],[-20.8276,148.918,-21.5473],[-20.036,154.185,-37.7815],[[[0.96922,-0.0140474,-0.245794],[0.104436,0.927553,0.358803],[0.222947,-0.373429,0.90047]],[[0.99319,-0.116002,0.0107943],[0.0819028,0.761112,0.643428],[-0.0828545,-0.638163,0.76543]],[[0.99319,-0.116002,0.0107943],[0.096898,0.873944,0.476269],[-0.0646816,-0.471979,0.879234]],[[0.99319,-0.116002,0.0107943],[0.106894,0.944204,0.311533],[-0.0463304,-0.308258,0.950174]]],1],[10702,[-0.285185,0.588384,-0.75662],1070,67.0064,[-39.7165,172.24,-33.7201],[-27.2242,168.277,-33.542],[135.882,-3.14929,-2.98416],false,[2.30385,84.2482,95.9224],[-3.85946,109.831,31.3073],[-14.5425,144.528,-0.398687],[-22.6521,161.259,-21.9142],[-28.9443,169.797,-37.4271],[[[0.95833,-0.222288,-0.179419],[0.27166,0.903401,0.331765],[0.0883402,-0.366682,0.926143]],[[0.897432,-0.113289,-0.426358],[0.381434,0.684824,0.620906],[0.221639,-0.719848,0.657796]],[[0.897432,-0.113289,-0.426358],[0.336579,0.800606,0.495726],[0.285184,-0.588384,0.75662]],[[0.897432,-0.113289,-0.426358],[0.287235,0.883592,0.369812],[0.334831,-0.454346,0.825505]]],2],[10703,[-0.218121,-0.765151,0.605778],1070,64.4285,[-8.06947,53.3733,33.8008],[-2.25132,46.1336,39.456],[164.972,16.0439,-3.71409],false,[14.1914,82.645,93.268],[18.028,104.46,34.6749],[3.88403,71.4412,8.10465],[-2.15837,50.245,24.8859],[-2.69575,44.2759,42.5826],[[[0.937661,-0.341291,-0.0656702],[0.342112,0.873061,0.347453],[-0.0612484,-0.34826,0.935395]],[[0.938693,-0.334299,-0.0842551],[0.136536,0.584897,-0.799533],[0.316564,0.739013,0.594683]],[[0.938693,-0.334299,-0.0842551],[-0.266979,-0.550262,-0.79116],[0.218121,0.765151,-0.605778]],[[0.938693,-0.334299,-0.0842551],[-0.343551,-0.886667,-0.309507],[0.0287616,0.319478,-0.947157]]],3],[10704,[-0.387626,-0.680241,0.622108],1070,50.5107,[7.86044,60.0217,35.2394],[12.7118,54.1665,42.088],[161.5,31.8124,28.6286],false,[25.0276,73.8635,90.4362],[36.8857,94.7691,37.6667],[21.7896,70.6535,16.671],[14.2081,57.3488,28.8387],[11.8354,52.5244,45.2156],[[[0.854768,-0.518836,-0.0134676],[0.477023,0.775129,0.414275],[-0.204502,-0.360533,0.910052]],[[0.85771,-0.513426,-0.0269777],[0.286464,0.52081,-0.804174],[0.426934,0.682019,0.593782]],[[0.85771,-0.513426,-0.0269777],[-0.337758,-0.523131,-0.782466],[0.387626,0.680241,-0.622108]],[[0.85771,-0.513426,-0.0269777],[-0.495363,-0.811206,-0.31074],[0.137658,0.279889,-0.950112]]],4]],[[0,200,0],[235.247,235.247,147.751]]],[1218674,287201518847,[[1070,"right",[-0.0372487,0.498692,-0.865979],[-0.132543,-0.861389,-0.490348],[0.826078,93.4605,50.7783],[128.856,22.2768,23.8155],[-5.77516,97.6337,49.9152],0.794077,0,0.647579,[[0.983576,-0.0627484,-0.169236],[0.12892,0.900457,0.415399],[0.126324,-0.430394,0.893758]],63.72,[45.0678,-46.6898,340.226],[10.9603,69.5167,98.9111]]],[[10700,[0.458731,-0.133034,-0.87856],1070,52.1164,[0.232805,57.3719,7.06567],[6.38103,57.9475,9.13099],[137.124,24.97,20.9335],false,[-18.5803,61.2586,99.3777],[-18.5803,61.2586,99.3777],[-23.5425,67.2914,50.075],[-7.90178,62.7555,20.12],[9.49315,56.2199,5.89221],[[[0.509847,0.828924,0.230091],[-0.723318,0.268278,0.636269],[0.46569,-0.490829,0.736356]],[[0.401418,0.913113,0.07133],[-0.910484,0.389382,0.139283],[0.0994068,-0.120856,0.98768]],[[0.401418,0.913113,0.07133],[-0.792736,0.385391,-0.472275],[-0.458731,0.133034,0.87856]],[[0.401418,0.913113,0.07133],[-0.535191,0.297052,-0.790778],[-0.743259,0.279257,0.607932]]],0],[10701,[0.0665197,0.469312,-0.880523],1070,58.8075,[-30.3513,158.626,-34.282],[-18.7328,153.576,-33.6612],[161.037,-2.98418,-1.45316],false,[-8.39872,82.6594,98.9074],[-24.6163,110.205,32.645],[-21.0104,137.515,-0.324197],[-19.4026,148.858,-21.6068],[-18.5685,154.084,-37.8523],[[[0.970162,-0.0114129,-0.242189],[0.10096,0.927189,0.360732],[0.220438,-0.37442,0.900676]],[[0.993402,-0.113775,0.0144062],[0.0781528,0.763543,0.641011],[-0.0839305,-0.635655,0.767397]],[[0.993402,-0.113775,0.0144062],[0.0934202,0.875672,0.473784],[-0.0665197,-0.469312,0.880523]],[[0.993402,-0.113775,0.0144062],[0.103774,0.945259,0.309381],[-0.0488173,-0.305845,0.950829]]],1],[10702,[-0.284201,0.586147,-0.758723],1070,67.0064,[-38.4605,171.828,-33.741],[-25.8453,168.281,-33.5687],[141.895,-3.96258,-4.86021],false,[3.46067,84.3193,96.0408],[-2.51994,109.996,31.4457],[-13.2239,144.554,-0.404173],[-21.3056,161.222,-21.9795],[-27.5569,169.739,-37.5208],[[[0.959503,-0.219788,-0.176202],[0.268339,0.903466,0.334281],[0.0857213,-0.368025,0.925856]],[[0.899533,-0.110824,-0.422561],[0.376196,0.688232,0.620332],[0.222073,-0.716976,0.66078]],[[0.899533,-0.110824,-0.422561],[0.331768,0.802589,0.495763],[0.284201,-0.586147,0.758723]],[[0.899533,-0.110824,-0.422561],[0.283155,0.884496,0.370796],[0.332661,-0.453194,0.827014]]],2],[10703,[-0.220509,-0.769722,0.599086],1070,64.4285,[-7.5907,52.8407,34.1133],[-0.861784,46.1934,39.2601],[163.671,13.6106,-9.32619],false,[15.3617,82.7478,93.4282],[19.367,104.669,34.8861],[5.42046,71.7311,8.11252],[-0.688075,50.4083,24.7084],[-1.32646,44.3053,42.356],[[[0.938683,-0.339028,-0.0627287],[0.338801,0.873262,0.350181],[-0.0639428,-0.349962,0.934579]],[[0.939748,-0.332164,-0.0808757],[0.139422,0.588376,-0.796477],[0.312147,0.737212,0.599236]],[[0.939748,-0.332164,-0.0808757],[-0.261247,-0.545156,-0.79659],[0.220509,0.769722,-0.599086]],[[0.939748,-0.332164,-0.0808757],[-0.340157,-0.884857,-0.318309],[0.0341676,0.326641,-0.944531]]],3],[10704,[-0.388676,-0.683825,0.617507],1070,50.5107,[8.30164,59.5588,35.7013],[14.1212,54.3054,42.1109],[162.144,27.8748,21.4882],false,[26.2286,73.996,90.6224],[38.2357,95.0169,37.9324],[23.2832,70.93,16.8014],[15.6812,57.5552,28.8791],[13.247,52.6553,45.2245],[[[0.856003,-0.51685,-0.0111318],[0.473687,0.775528,0.417345],[-0.207072,-0.362522,0.90868]],[[0.859124,-0.511142,-0.0252807],[0.288242,0.524111,-0.801389],[0.422874,0.681206,0.597609]],[[0.859124,-0.511142,-0.0252807],[-0.332921,-0.520689,-0.786159],[0.388676,0.683825,-0.617507]],[[0.859124,-0.511142,-0.0252807],[-0.491896,-0.811127,-0.316404],[0.141222,0.284266,-0.948288]]],4]],[[0,200,0],[235.247,235.247,147.751]]],[1218675,287201527499,[[1070,"right",[-0.0352873,0.500342,-0.865109],[-0.127247,-0.860852,-0.492689],[2.17495,93.607,51.1477],[136.038,20.8585,28.8267],[-5.27555,97.3807,49.9926],0.795994,0,0.657035,[[0.984779,-0.0597108,-0.163234],[0.123797,0.900168,0.417579],[0.122004,-0.431431,0.893858]],63.72,[45.1273,-46.8854,340.617],[12.1862,69.6009,99.2751]]],[[10700,[0.457289,-0.128781,-0.879945],1070,52.1164,[2.0085,57.5164,7.70353],[7.65062,58.1296,9.3974],[137.327,23.6728,22.0937],false,[-17.3258,61.2341,99.5954],[-17.3258,61.2341,99.5954],[-22.3641,67.2438,50.2977],[-6.77257,62.853,20.2955],[10.7052,56.4165,6.12412],[[[0.505801,0.830301,0.234021],[-0.727069,0.264321,0.633645],[0.464259,-0.490647,0.73738]],[[0.395077,0.915879,0.0712735],[-0.913086,0.382977,0.140007],[0.100933,-0.120392,0.987582]],[[0.395077,0.915879,0.0712735],[-0.796744,0.380238,-0.4697],[-0.457289,0.128781,0.879945]],[[0.395077,0.915879,0.0712735],[-0.534981,0.292454,-0.792632],[-0.746799,0.275021,0.60552]]],0],[10701,[0.0681319,0.467775,-0.881217],1070,58.8075,[-28.49,157.804,-34.2263],[-17.2617,153.59,-33.4059],[163.194,-2.93524,5.82493],false,[-7.22055,82.6729,99.2136],[-23.249,110.296,32.9375],[-19.6188,137.545,-0.0788474],[-17.9721,148.852,-21.3782],[-17.0951,154.054,-37.6289],[[[0.971246,-0.00737231,-0.237962],[0.0959902,0.926803,0.363072],[0.217868,-0.375474,0.900862]],[[0.993748,-0.110123,0.0183762],[0.0729734,0.765243,0.639593],[-0.0844958,-0.634253,0.768494]],[[0.993748,-0.110123,0.0183762],[0.088446,0.87696,0.472354],[-0.0681319,-0.467775,0.881217]],[[0.993748,-0.110123,0.0183762],[0.0991458,0.946129,0.308236],[-0.05133,-0.304487,0.951132]]],1],[10702,[-0.282848,0.582646,-0.761919],1070,67.0064,[-37.0094,171.387,-33.7551],[-24.433,168.212,-33.4124],[148.352,-7.35688,-1.38565],false,[4.64511,84.382,96.4024],[-1.14699,110.17,31.8345],[-11.8642,144.549,-0.204177],[-19.9074,161.118,-21.8704],[-26.1069,169.582,-37.461],[[[0.961061,-0.215921,-0.17245],[0.263569,0.903746,0.337305],[0.0830194,-0.369623,0.925466]],[[0.902437,-0.107476,-0.417201],[0.369011,0.692611,0.619775],[0.222347,-0.71326,0.664697]],[[0.902437,-0.107476,-0.417201],[0.324968,0.805588,0.495402],[0.282848,-0.582646,0.761919]],[[0.902437,-0.107476,-0.417201],[0.277076,0.886331,0.371007],[0.329904,-0.450406,0.829637]]],2],[10703,[-0.221005,-0.772763,0.594974],1070,64.4285,[-6.91213,52.2431,34.486],[0.678451,46.3078,39.4342],[167.776,13.6877,-1.03535],false,[16.5631,82.8593,93.8387],[20.7441,104.916,35.3598],[7.04142,71.9957,8.43899],[0.919137,50.5886,24.921],[0.206236,44.4077,42.5386],[[[0.940182,-0.335471,-0.0593136],[0.334071,0.873767,0.353452],[-0.0667465,-0.352124,0.93357]],[[0.941289,-0.328653,-0.0772146],[0.14113,0.590836,-0.794352],[0.306687,0.736817,0.602531]],[[0.941289,-0.328653,-0.0772146],[-0.255209,-0.542978,-0.800027],[0.221005,0.772763,-0.594974]],[[0.941289,-0.328653,-0.0772146],[-0.335438,-0.884618,-0.323932],[0.0381557,0.330814,-0.942924]]],3],[10704,[-0.39025,-0.690391,0.609152],1070,50.5107,[8.93158,59.0532,36.2275],[15.6167,54.44,42.2548],[165.548,24.876,18.8209],false,[27.4741,74.153,91.0625],[39.6344,95.3264,38.4688],[24.8984,71.3096,17.1074],[17.2656,57.8064,29.0216],[14.7397,52.7666,45.3105],[[[0.857929,-0.5137,-0.00844406],[0.469019,0.776387,0.421005],[-0.209714,-0.365152,0.907019]],[[0.861289,-0.507573,-0.0234849],[0.290688,0.530116,-0.796541],[0.416753,0.679225,0.604128]],[[0.861289,-0.507573,-0.0234849],[-0.325403,-0.51549,-0.792706],[0.39025,0.690391,-0.609152]],[[0.861289,-0.507573,-0.0234849],[-0.486527,-0.810482,-0.326206],[0.146539,0.292383,-0.945007]]],4]],[[0,200,0],[235.247,235.247,147.751]]],[1218676,287201536241,[[1070,"right",[-0.0340027,0.502022,-0.864186],[-0.125162,-0.860017,-0.494676],[3.61708,93.8955,51.3737],[143.787,24.109,28.0315],[-4.60183,97.1166,50.0973],0.798798,0,0.664251,[[0.985622,-0.059789,-0.158033],[0.121818,0.899585,0.419413],[0.117088,-0.432634,0.893934]],63.72,[45.166,-47.0059,340.837],[13.5523,69.8053,99.4749]]],[[10700,[0.453436,-0.125934,-0.882347],1070,52.1164,[3.85594,57.719,8.26986],[8.83982,58.4074,9.5265],[135.074,25.1755,19.2143],false,[-15.9504,61.4032,99.7145],[-15.9504,61.4032,99.7145],[-21.1566,67.3728,50.4294],[-5.69642,63.079,20.3452],[11.8474,56.6814,6.23805],[[[0.504312,0.830428,0.236769],[-0.728752,0.262202,0.63259],[0.463239,-0.491569,0.737408]],[[0.390873,0.917788,0.0698767],[-0.914516,0.378633,0.142466],[0.104296,-0.11959,0.98733]],[[0.390873,0.917788,0.0698767],[-0.801008,0.376571,-0.465383],[-0.453436,0.125934,0.882347]],[[0.390873,0.917788,0.0698767],[-0.534122,0.287991,-0.794842],[-0.749621,0.27336,0.602779]]],0],[10701,[0.0689792,0.465478,-0.882367],1070,58.8075,[-26.4548,157.032,-34.1567],[-15.7345,153.758,-33.2724],[166.011,1.65901,7.3245],false,[-5.86966,82.8546,99.3973],[-21.787,110.591,33.1417],[-18.1361,137.755,0.0574367],[-16.4688,149.006,-21.2697],[-15.5719,154.17,-37.5316],[[[0.971768,-0.00575563,-0.235868],[0.0941086,0.926191,0.365123],[0.216358,-0.377012,0.900584]],[[0.993841,-0.108953,0.0202176],[0.0711187,0.76705,0.637634],[-0.0849797,-0.632269,0.770074]],[[0.993841,-0.108953,0.0202176],[0.0867254,0.878328,0.470127],[-0.0689792,-0.465478,0.882367]],[[0.993841,-0.108953,0.0202176],[0.0975895,0.946988,0.306088],[-0.0524949,-0.30223,0.951789]]],1],[10702,[-0.281859,0.578645,-0.765327],1070,67.0064,[-35.331,170.929,-33.7792],[-22.9318,168.274,-33.4005],[155.279,-6.19199,-3.44278],false,[6.00003,84.5832,96.6152],[0.317453,110.493,32.0864],[-10.3957,144.691,-0.146597],[-18.4108,161.146,-21.9097],[-24.5761,169.539,-37.5521],[[[0.961687,-0.214446,-0.170793],[0.26177,0.903382,0.339673],[0.0814496,-0.371368,0.924906]],[[0.904229,-0.106519,-0.413551],[0.36465,0.6966,0.617882],[0.222263,-0.709508,0.668728]],[[0.904229,-0.106519,-0.413551],[0.320821,0.808594,0.493204],[0.281859,-0.578645,0.765327]],[[0.904229,-0.106519,-0.413551],[0.273371,0.888355,0.36891],[0.328084,-0.446631,0.832395]]],2],[10703,[-0.221894,-0.775071,0.591632],1070,64.4285,[-6.00645,51.6107,34.9046],[2.1771,46.5781,39.4832],[168.974,18.5326,1.11299],false,[17.9253,83.0797,94.0744],[22.207,105.258,35.6487],[8.60665,72.3895,8.61252],[2.45975,50.9185,25.0019],[1.7016,44.6698,42.5937],[[[0.940703,-0.334245,-0.0579407],[0.332272,0.873453,0.355914],[-0.0683541,-0.354061,0.932721]],[[0.941836,-0.327433,-0.0757163],[0.142433,0.592965,-0.792531],[0.304398,0.735649,0.605113]],[[0.941836,-0.327433,-0.0757163],[-0.252405,-0.540419,-0.802645],[0.221894,0.775071,-0.591632]],[[0.941836,-0.327433,-0.0757163],[-0.333615,-0.883706,-0.328275],[0.040577,0.334441,-0.941543]]],3],[10704,[-0.39169,-0.696339,0.601408],1070,50.5107,[9.77876,58.5271,36.7934],[17.0931,54.6689,42.2218],[166.99,25.3214,11.6125],false,[28.8526,74.3917,91.3046],[41.1019,95.6842,38.7796],[26.4691,71.7713,17.2314],[18.8081,58.1518,28.9942],[16.2196,52.9647,45.2269],[[[0.858551,-0.512672,-0.00760441],[0.467188,0.776098,0.423565],[-0.211248,-0.367205,0.905834]],[[0.862266,-0.50588,-0.0241482],[0.291958,0.535468,-0.792486],[0.413833,0.676284,0.609411]],[[0.862266,-0.50588,-0.0241482],[-0.321055,-0.509115,-0.798577],[0.39169,0.696339,-0.601408]],[[0.862266,-0.50588,-0.0241482],[-0.483678,-0.808411,-0.33545],[0.150175,0.300927,-0.941749]]],4]],[[0,200,0],[235.247,235.247,147.751]]],[1218677,287201544813,[[1070,"right",[-0.0330465,0.503966,-0.863091],[-0.124307,-0.85893,-0.496777],[5.1138,94.0557,51.6935],[151.905,22.6812,30.4742],[-3.75342,96.8493,50.2367],0.799859,0,0.67164,[[0.986321,-0.0611083,-0.153089],[0.121006,0.899079,0.42073],[0.111929,-0.4335,0.894175]],63.72,[45.2156,-47.1856,341.18],[14.9947,69.8594,99.7526]]],[[10700,[0.447847,-0.123039,-0.885604],1070,52.1164,[5.62975,57.9174,8.73424],[9.99232,58.5551,9.68657],[133.135,22.5727,17.5186],false,[-14.5059,61.449,99.936],[-14.5059,61.449,99.936],[-19.8754,67.367,50.6621],[-4.60577,63.1719,20.4669],[12.9434,56.8239,6.34394],[[[0.50379,0.830024,0.239283],[-0.72962,0.260578,0.632261],[0.462439,-0.493112,0.736879]],[[0.387444,0.919367,0.0682001],[-0.915596,0.375112,0.144827],[0.107566,-0.118556,0.987104]],[[0.387444,0.919367,0.0682001],[-0.805804,0.373666,-0.459407],[-0.447847,0.123039,0.885604]],[[0.387444,0.919367,0.0682001],[-0.536297,0.284945,-0.794476],[-0.749848,0.27124,0.603454]]],0],[10701,[0.0692254,0.462671,-0.883823],1070,58.8075,[-24.3436,156.33,-34.0592],[-14.1871,153.798,-33.0358],[169.387,0.89999,11.4895],false,[-4.43059,82.9037,99.68],[-20.2717,110.786,33.4672],[-16.6134,137.851,0.302844],[-14.9402,149.034,-21.0595],[-14.0377,154.148,-37.3369],[[[0.972066,-0.00496475,-0.234654],[0.0933996,0.925388,0.367334],[0.215322,-0.37899,0.900002]],[[0.99386,-0.108636,0.0209742],[0.0706475,0.768985,0.635351],[-0.085151,-0.629968,0.771939]],[[0.99386,-0.108636,0.0209742],[0.0863111,0.879849,0.467351],[-0.0692254,-0.462671,0.883823]],[[0.99386,-0.108636,0.0209742],[0.0972194,0.947952,0.303208],[-0.052822,-0.299307,0.952694]]],1],[10702,[-0.279982,0.5757,-0.768232],1070,67.0064,[-33.4571,170.474,-33.7909],[-21.313,168.293,-33.2385],[165.793,-5.83024,0.208274],false,[7.44214,84.6417,96.9168],[1.83407,110.696,32.4396],[-8.80912,144.78,0.0632494],[-16.7708,161.151,-21.7825],[-22.893,169.484,-37.4742],[[[0.961959,-0.213805,-0.170063],[0.261099,0.902681,0.342045],[0.0803817,-0.373437,0.924166]],[[0.905815,-0.106635,-0.410034],[0.361582,0.698978,0.616999],[0.220811,-0.707148,0.671702]],[[0.905815,-0.106635,-0.410034],[0.317977,0.810678,0.491622],[0.279982,-0.5757,0.768232]],[[0.905815,-0.106635,-0.410034],[0.270853,0.889956,0.366901],[0.325788,-0.443403,0.835018]]],2],[10703,[-0.222904,-0.777346,0.588258],1070,64.4285,[-4.90008,50.9794,35.3515],[3.67668,46.7208,39.6191],[170.701,18.1736,5.40084],false,[19.371,83.1471,94.3876],[23.7205,105.459,36.0177],[10.1663,72.6574,8.87688],[3.99138,51.1234,25.1728],[3.19821,44.7998,42.7362],[[[0.940865,-0.333864,-0.0575084],[0.331589,0.872734,0.358307],[-0.0694364,-0.356188,0.931831]],[[0.942015,-0.327035,-0.0752061],[0.143447,0.595047,-0.790786],[0.303366,0.734144,0.607455]],[[0.942015,-0.327035,-0.0752061],[-0.250842,-0.537384,-0.805169],[0.222904,0.777346,-0.588258]],[[0.942015,-0.327035,-0.0752061],[-0.332875,-0.882326,-0.33271],[0.0424515,0.338452,-0.940026]]],3],[10704,[-0.393107,-0.701092,0.594926],1070,50.5107,[10.8203,58.0075,37.3737],[18.5819,54.7735,42.2998],[169.125,22.027,10.2953],false,[30.3041,74.4684,91.612],[42.614,95.8828,39.1508],[28.0357,72.0723,17.4527],[20.347,58.3598,29.0888],[17.7091,53.0453,45.2722],[[[0.858697,-0.512426,-0.00767945],[0.466445,0.775262,0.425909],[-0.212293,-0.369308,0.904734]],[[0.862663,-0.505147,-0.0252726],[0.292964,0.539791,-0.789175],[0.412291,0.673388,0.613648]],[[0.862663,-0.505147,-0.0252726],[-0.318244,-0.503286,-0.803383],[0.393107,0.701092,-0.594926]],[[0.862663,-0.505147,-0.0252726],[-0.48207,-0.806078,-0.343287],[0.153039,0.308325,-0.93889]]],4]],[[0,200,0],[235.247,235.247,147.751]]],[1218678,287201553483,[[1070,"right",[-0.0327453,0.506421,-0.861664],[-0.126701,-0.857275,-0.499026],[6.60394,94.2982,51.9329],[157.217,24.0898,29.7136],[-2.69245,96.588,50.4104],0.802083,0,0.650872,[[0.986625,-0.0653955,-0.149313],[0.123341,0.898383,0.421538],[0.106574,-0.434316,0.894434]],63.72,[45.2517,-47.3181,341.413],[16.4767,69.9473,99.9155]]],[[10700,[0.440213,-0.120958,-0.889709],1070,52.1164,[7.27952,58.1396,9.06851],[10.9868,58.7786,9.73064],[127.104,22.8222,12.8616],false,[-13.0425,61.6022,100.104],[-13.0425,61.6022,100.104],[-18.6228,67.4889,50.8499],[-3.61348,63.3648,20.5147],[13.8908,57.031,6.32978],[[[0.505872,0.828233,0.241088],[-0.728431,0.260458,0.633679],[0.462041,-0.496177,0.735069]],[[0.386481,0.919921,0.0661594],[-0.915497,0.373949,0.148416],[0.11179,-0.117929,0.98671]],[[0.386481,0.919921,0.0661594],[-0.81046,0.37298,-0.451709],[-0.440213,0.120958,0.889709]],[[0.386481,0.919921,0.0661594],[-0.539661,0.283729,-0.792631],[-0.74793,0.270633,0.606101]]],0],[10701,[0.0683183,0.460044,-0.885264],1070,58.8075,[-22.1511,155.723,-33.9349],[-12.704,154.002,-32.8128],[169.047,5.57493,14.2383],false,[-2.91947,83.035,99.8976],[-18.7615,111.135,33.7773],[-15.1155,138.112,0.539527],[-13.4642,149.231,-20.8577],[-12.5858,154.297,-37.1514],[[[0.971828,-0.00648596,-0.235601],[0.0958182,0.924158,0.369797],[0.215335,-0.381954,0.898745]],[[0.99367,-0.110692,0.0191609],[0.0736057,0.770377,0.633326],[-0.0848656,-0.627907,0.773648]],[[0.99367,-0.110692,0.0191609],[0.0891772,0.880969,0.464694],[-0.0683183,-0.460044,0.885264]],[[0.99367,-0.110692,0.0191609],[0.0998816,0.948603,0.300293],[-0.0514163,-0.296478,0.953654]]],1],[10702,[-0.276681,0.570124,-0.773567],1070,67.0064,[-31.3047,169.999,-33.8304],[-19.5918,168.272,-33.277],[177.609,-8.49126,-5.34441],false,[8.95447,84.7542,97.1278],[3.343,110.999,32.7282],[-7.12645,144.903,0.106918],[-14.9943,161.116,-21.8905],[-21.0567,169.316,-37.6746],[[[0.961316,-0.215481,-0.171578],[0.263442,0.901147,0.344284],[0.0804304,-0.376167,0.923054]],[[0.907311,-0.110225,-0.405754],[0.36001,0.702186,0.61427],[0.217207,-0.703409,0.676784]],[[0.907311,-0.110225,-0.405754],[0.316597,0.814131,0.486783],[0.276681,-0.570124,0.773567]],[[0.907311,-0.110225,-0.405754],[0.269649,0.892981,0.360381],[0.322608,-0.436389,0.839934]]],2],[10703,[-0.224914,-0.780051,0.583895],1070,64.4285,[-3.59917,50.3715,35.8013],[5.01405,46.9431,39.5982],[166.388,20.3874,3.3693],false,[20.8776,83.24,94.583],[25.2211,105.703,36.2708],[11.577,73.0407,9.00761],[5.34641,51.4317,25.1827],[4.53294,45.006,42.7081],[[[0.940061,-0.335803,-0.059335],[0.33388,0.870999,0.360396],[-0.0693413,-0.358605,0.93091]],[[0.941205,-0.328962,-0.0769269],[0.144494,0.597808,-0.788509],[0.305377,0.731033,0.610193]],[[0.941205,-0.328962,-0.0769269],[-0.252086,-0.532263,-0.808176],[0.224914,0.780051,-0.583895]],[[0.941205,-0.328962,-0.0769269],[-0.33502,-0.879492,-0.338017],[0.0435383,0.343915,-0.937991]]],3],[10704,[-0.394792,-0.70485,0.589343],1070,50.5107,[12.0567,57.5095,37.9486],[19.9475,54.9359,42.2626],[166.283,21.3133,5.95993],false,[3