{"metadata":{"formatVersion":2,"generatedBy":"LeapJS Playback 0.2.1","frames":85,"protocolVersion":6,"serviceVersion":"2.2.4+26750","frameRate":"89","modified":"Wed Apr 15 2015 21:28:11 GMT-0300 (E. South America Standard Time)"},"frames":[["id","timestamp",{"hands":[["id","type","direction","palmNormal","palmPosition","palmVelocity","stabilizedPalmPosition","pinchStrength","grabStrength","confidence","armBasis","armWidth","elbow","wrist"]]},{"pointables":[["id","direction","handId","length","stabilizedTipPosition","tipPosition","tipVelocity","tool","carpPosition","mcpPosition","pipPosition","dipPosition","btipPosition","bases","type"]]},{"interactionBox":["center","size"]}],[1216432,287171281180,[[1068,"left",[-0.0142883,0.448754,-0.893541],[0.905385,-0.373445,-0.20203],[-99.393,171.321,88.1999],[-30.7603,166.756,35.0948],[-97.9027,164.488,84.6691],0,0.603603,0.127232,[[-0.150688,-0.762637,-0.629029],[-0.579232,0.583744,-0.568975],[-0.801114,-0.278617,0.529707]],60.9867,[-312.516,71.7488,269.177],[-105.494,143.748,132.291]],[1069,"right",[0.181775,0.432338,-0.883199],[-0.961611,-0.109616,-0.251572],[37.3426,96.3492,56.4277],[-37.4868,-158.736,37.5285],[37.2939,97.7326,55.8025],0.104325,0,0.477883,[[0.20452,-0.894609,-0.397299],[0.798548,0.387222,-0.460846],[0.56612,-0.22301,0.793583]],63.72,[186.1,6.44118,316.458],[33.248,66.6539,102.19]]],[[10680,[-0.15261,0.980268,-0.125639],1068,49.8808,[-92.1302,242.569,115.168],[-100.4,254.064,127.741],[-89.3357,148.726,44.2684],false,[-84.51,160.571,144.07],[-84.51,160.571,144.07],[-91.9002,206.675,133.95],[-96.8803,238.664,129.85],[-100.323,260.486,126.153],[[[-0.983347,0.0948856,-0.155003],[-0.0578102,0.645278,0.761758],[-0.1723,-0.758033,0.629046]],[[-0.987819,-0.147392,0.0498881],[0.0169215,0.216953,0.976035],[0.154683,-0.964991,0.211817]],[[-0.987819,-0.147392,0.0498881],[0.0303856,0.131722,0.990821],[0.15261,-0.980268,0.125639]],[[-0.987819,-0.147392,0.0498881],[0.0242771,0.170699,0.985024],[0.1537,-0.974237,0.165041]]],0],[10681,[-0.0226979,-0.61054,0.79166],1068,56.2849,[-59.9385,158.148,93.1343],[-62.266,168.733,97.4575],[-19.3266,209.838,9.39544],false,[-104.876,165.888,135.604],[-91.4384,202.285,76.8439],[-54.2381,186.398,69.4598],[-54.7632,172.274,87.7737],[-63.8697,167.552,100.509],[[[-0.420725,-0.725013,-0.545295],[-0.886889,0.455158,0.0791143],[-0.190837,-0.516901,0.834503]],[[-0.416642,-0.714045,-0.562627],[0.0891632,0.583822,-0.806971],[-0.904687,0.386384,0.179578]],[[-0.416642,-0.714045,-0.562627],[0.908787,-0.342609,-0.238169],[0.0226979,0.61054,-0.79166]],[[-0.416642,-0.714045,-0.562627],[0.718535,-0.637797,0.277348],[0.556881,0.288713,-0.7788]]],1],[10682,[0.0307388,-0.468408,0.882977],1068,64.1322,[-63.3106,148.125,95.0321],[-65.0858,158.008,98.802],[-13.1145,204.362,14.8301],false,[-111.118,158.469,128.906],[-102.257,185.991,68.7148],[-58.0417,173.747,63.8832],[-57.2051,160.998,87.9148],[-66.9874,156.747,102.397],[[[-0.285241,-0.855082,-0.432981],[-0.949224,0.314575,0.00408891],[-0.132709,-0.412162,0.901394]],[[-0.283955,-0.851089,-0.441607],[0.0280759,0.452987,-0.891075],[-0.958426,0.265424,0.104733]],[[-0.283955,-0.851089,-0.441607],[0.958345,-0.237151,-0.159168],[-0.0307388,0.468408,-0.882977]],[[-0.283955,-0.851089,-0.441607],[0.789659,-0.468821,0.395785],[0.543883,0.236333,-0.805194]]],2],[10683,[0.104389,-0.325123,0.939893],1068,61.6648,[-72.5402,139.894,95.2219],[-73.2216,147.191,97.0133],[-13.4962,199.568,14.1351],false,[-115.17,149.059,123.135],[-111.045,166.238,65.8446],[-69.4838,157.627,60.6276],[-66.716,149.007,85.5476],[-75.619,146.342,100.826],[[[-0.229288,-0.92768,-0.294682],[-0.970924,0.23938,0.00187631],[-0.0688004,-0.286544,0.955593]],[[-0.229238,-0.927474,-0.295367],[-0.0536737,0.315031,-0.947563],[-0.971889,0.201364,0.121998]],[[-0.229238,-0.927474,-0.295367],[0.967757,-0.184626,-0.171348],[-0.104389,0.325123,-0.939893]],[[-0.229238,-0.927474,-0.295367],[0.836415,-0.342902,0.427585],[0.497856,0.14903,-0.854359]]],3],[10684,[0.757726,0.053716,-0.650358],1068,48.3441,[-68.2317,149.178,19.4175],[-68.5208,150.455,20.8859],[-46.4503,238.499,2.15368],false,[-113.487,136.148,119.13],[-115.037,146.178,64.5682],[-92.4471,148.731,39.4986],[-78.2626,149.736,27.324],[-64.9644,150.399,17.5832],[[[-0.0721117,-0.981324,-0.178334],[-0.997006,0.0659156,0.0404367],[0.0279265,-0.180716,0.983139]],[[-0.0717213,-0.983714,-0.164811],[-0.741144,0.163141,-0.651222],[-0.667504,-0.0754422,0.740774]],[[-0.0717213,-0.983714,-0.164811],[-0.64862,0.171526,-0.741533],[-0.757726,-0.053716,0.650358]],[[-0.0717213,-0.983714,-0.164811],[-0.587448,0.175198,-0.79007],[-0.806078,-0.0401531,0.590446]]],4],[10690,[-0.289476,0.885942,-0.362368],1069,52.1164,[-17.5563,172.028,62.1346],[-16.693,169.805,61.9679],[-40.5566,-97.3798,92.9596],false,[16.38,89.506,113.779],[16.38,89.506,113.779],[-0.710328,127.182,85.8477],[-10.5802,157.389,73.4925],[-18.6136,174.979,60.3093],[[[0.978285,-0.177749,-0.106604],[0.193659,0.600605,0.775738],[-0.0738599,-0.779538,0.621985]],[[0.922599,0.157402,-0.352188],[0.177747,0.636823,0.750242],[0.34237,-0.754773,0.559554]],[[0.922599,0.157402,-0.352188],[0.254981,0.43627,0.862933],[0.289476,-0.885942,0.362368]],[[0.922599,0.157402,-0.352188],[0.176032,0.640589,0.747434],[0.343255,-0.751578,0.563299]]],0],[10691,[-0.515888,-0.583562,0.627148],1069,58.8075,[-8.82151,112.677,49.537],[-8.41068,113.276,48.8165],[-30.0511,-198.474,69.0832],false,[38.7858,89.0569,106.055],[38.8176,129.803,44.7995],[1.52286,133.451,23.7861],[-10.9464,119.346,38.9445],[-7.62226,110.487,53.1709],[[[0.233179,-0.809728,-0.538488],[0.972434,0.193918,0.129493],[-0.000431442,-0.553839,0.832624]],[[0.233152,-0.800099,-0.552704],[0.438271,0.593828,-0.67475],[0.868078,-0.0849151,0.489112]],[[0.233152,-0.800099,-0.552704],[-0.824318,0.138913,-0.54882],[0.515888,0.583562,-0.627148]],[[0.233152,-0.800099,-0.552704],[-0.952779,-0.301666,0.0347758],[-0.194556,0.518497,-0.832652]]],1],[10692,[-0.586335,-0.372387,0.719402],1069,67.0064,[-13.406,100.774,48.9715],[-14.2488,100.766,48.5012],[13.1604,-175.094,45.6413],false,[43.2817,79.8501,99.226],[45.4424,110.375,36.5275],[2.52082,117.128,15.6609],[-14.1524,106.539,36.1181],[-12.6243,98.7607,53.1564],[[[0.0617607,-0.898223,-0.435179],[0.99761,0.0420255,0.0548393],[-0.0309694,-0.437526,0.898672]],[[0.0611974,-0.9059,-0.419047],[0.450884,0.399647,-0.798114],[0.890482,-0.140099,0.432913]],[[0.0611974,-0.9059,-0.419047],[-0.807754,0.201677,-0.55395],[0.586335,0.372387,-0.719402]],[[0.0611974,-0.9059,-0.419047],[-0.994807,-0.0895633,0.0483378],[-0.0813204,0.413913,-0.906677]]],2],[10693,[-0.694866,-0.191057,0.693296],1069,64.4285,[-10.5318,86.6916,43.8118],[-11.1495,86.5981,42.5928],[54.1872,-206.422,127.699],false,[44.9604,69.2663,93.2182],[48.7627,88.0259,33.5743],[10.4697,95.296,11.7326],[-8.77946,90.0033,30.9382],[-10.1808,84.7353,48.8093],[[[-0.0188508,-0.953414,-0.301076],[0.997978,-0.0362247,0.0522274],[-0.0607007,-0.299483,0.952169]],[[-0.0199249,-0.958578,-0.284134],[0.514837,0.233778,-0.824798],[0.857057,-0.162716,0.488853]],[[-0.0199249,-0.958578,-0.284134],[-0.718863,0.211249,-0.662276],[0.694866,0.191057,-0.693296]],[[-0.0199249,-0.958578,-0.284134],[-0.996984,0.0403689,-0.0662784],[0.0750031,0.281956,-0.956491]]],3],[10694,[-0.20932,-0.0971581,-0.973009],1069,50.5107,[34.576,59.7491,-34.6209],[35.5267,59.7759,-34.6538],[-25.4337,-179.095,48.4212],false,[39.7908,56.7994,88.7004],[47.0983,66.7337,32.0418],[42.1893,62.6697,-2.73836],[38.0952,60.7694,-21.7692],[33.5888,59.3305,-38.3442],[[[-0.190384,-0.962489,-0.193313],[0.973587,-0.21039,0.0886786],[-0.126023,-0.171324,0.977121]],[[-0.221532,-0.964468,0.143963],[0.96522,-0.237891,-0.108438],[0.138832,0.114933,0.983624]],[[-0.221532,-0.964468,0.143963],[0.952423,-0.245687,-0.180358],[0.20932,0.0971581,0.973009]],[[-0.221532,-0.964468,0.143963],[0.939452,-0.250664,-0.233662],[0.261446,0.0834823,0.961601]]],4]],[[0,200,0],[235.247,235.247,147.751]]],[1216433,287171289510,[[1068,"left",[-0.0120815,0.453646,-0.8911],[0.905803,-0.372494,-0.201912],[-99.2246,171.29,88.1992],[-17.6565,122.939,26.0517],[-98.2217,166.13,85.5211],0,0.603977,0.142513,[[-0.154146,-0.760656,-0.630588],[-0.578231,0.586959,-0.566681],[-0.801179,-0.277274,0.530313]],60.9867,[-312.475,71.8248,269.167],[-105.435,143.477,132.124]],[1069,"right",[0.195767,0.429326,-0.881677],[-0.962483,-0.0881386,-0.256628],[37.7135,95.3078,57.0387],[-16.408,-150.07,46.7356],[37.4839,96.6345,56.3623],0.118368,0,0.507547,[[0.192912,-0.900813,-0.389],[0.799054,0.374312,-0.470534],[0.569471,-0.22006,0.792008]],63.72,[186.489,6.23704,316.582],[32.7322,65.6533,102.74]]],[[10680,[-0.151147,0.981004,-0.121598],1068,49.8808,[-93.0979,244.268,116.807],[-100.19,253.823,128.046],[-60.4711,102.982,44.3879],false,[-84.4767,160.231,144.045],[-84.4767,160.231,144.045],[-91.784,206.392,134.124],[-96.7164,238.405,130.156],[-100.124,260.247,126.546],[[[-0.982958,0.0959086,-0.156827],[-0.0595215,0.641105,0.765142],[-0.173926,-0.761437,0.624471]],[[-0.988136,-0.146553,0.0459271],[0.0139414,0.212213,0.977124],[0.152947,-0.966172,0.207652]],[[-0.988136,-0.146553,0.0459271],[0.0272341,0.127097,0.991516],[0.151147,-0.981004,0.121598]],[[-0.988136,-0.146553,0.0459271],[0.0211661,0.166237,0.985859],[0.152116,-0.975134,0.161163]]],0],[10681,[-0.0221675,-0.615987,0.787445],1068,56.2849,[-60.2982,160.481,94.1301],[-62.0716,168.646,97.4808],[-7.18051,153.281,6.8124],false,[-104.822,165.599,135.56],[-91.2378,202.315,77.0321],[-54.0145,186.512,69.5817],[-54.5273,172.262,87.7982],[-63.6381,167.445,100.495],[[[-0.419542,-0.72194,-0.550261],[-0.887,0.454876,0.0794908],[-0.192913,-0.521431,0.8312]],[[-0.415374,-0.710764,-0.567696],[0.0893927,0.589166,-0.803052],[-0.905248,0.384315,0.181187]],[[-0.415374,-0.710764,-0.567696],[0.909381,-0.339668,-0.240109],[0.0221675,0.615987,-0.787445]],[[-0.415374,-0.710764,-0.567696],[0.719066,-0.638794,0.273652],[0.557143,0.294543,-0.776425]]],1],[10682,[0.0269443,-0.472956,0.880674],1068,64.1322,[-63.6092,150.23,95.9416],[-64.9902,157.9,98.8491],[-7.23608,148.381,13.013],false,[-111.049,158.217,128.806],[-102.039,186.067,68.788],[-57.8168,173.812,64.0537],[-57.0835,160.939,88.0227],[-66.9182,156.62,102.449],[[[-0.284348,-0.852646,-0.438339],[-0.949179,0.314717,0.00354777],[-0.134928,-0.417071,0.898803]],[[-0.283024,-0.848555,-0.447048],[0.0316817,0.45758,-0.888604],[-0.958589,0.26566,0.102623]],[[-0.283024,-0.848555,-0.447048],[0.958734,-0.237207,-0.156722],[-0.0269443,0.472956,-0.880674]],[[-0.283024,-0.848555,-0.447048],[0.787979,-0.471451,0.396009],[0.546797,0.240184,-0.802075]]],2],[10683,[0.097775,-0.329461,0.939093],1068,61.6648,[-72.8052,141.644,95.736],[-73.2365,147.136,96.9768],[-10.9433,146.549,9.52678],false,[-115.088,148.84,122.974],[-110.824,166.332,65.7886],[-69.2491,157.724,60.6762],[-66.6567,148.989,85.5751],[-75.6752,146.275,100.776],[[[-0.228737,-0.92601,-0.300307],[-0.970886,0.239539,0.000871445],[-0.0711282,-0.291763,0.953842]],[[-0.228686,-0.925802,-0.300988],[-0.050097,0.319963,-0.946105],[-0.97221,0.201282,0.119551]],[[-0.228686,-0.925802,-0.300988],[0.968578,-0.185328,-0.165863],[-0.097775,0.329461,-0.939093]],[[-0.228686,-0.925802,-0.300988],[0.832683,-0.346194,0.43219],[0.504322,0.151792,-0.850069]]],3],[10684,[0.759062,0.0574088,-0.648482],1068,48.3441,[-67.8942,150.078,19.6458],[-68.1968,150.802,20.8427],[-24.4889,188.117,0.205058],false,[-113.398,135.951,118.903],[-114.816,146.279,64.3928],[-92.16,148.972,39.3979],[-77.9505,150.047,27.2584],[-64.6358,150.766,17.5441],[[[-0.0718479,-0.980319,-0.18388],[-0.997088,0.0658707,0.0384185],[0.0255501,-0.186105,0.982198]],[[-0.0714988,-0.982727,-0.17069],[-0.739394,0.167078,-0.652213],[-0.669465,-0.0795745,0.738569]],[[-0.0714988,-0.982727,-0.17069],[-0.64708,0.17593,-0.741846],[-0.759062,-0.0574088,0.648482]],[[-0.0714988,-0.982727,-0.17069],[-0.586103,0.179861,-0.790021],[-0.807076,-0.0435561,0.588839]]],4],[10690,[-0.280645,0.885996,-0.36912],1069,52.1164,[-17.0881,171.496,62.4721],[-15.5206,169.573,62.2876],[-6.54947,-93.0615,66.4071],false,[16.3112,88.8565,114.273],[16.3112,88.8565,114.273],[-0.369772,126.58,86.1582],[-9.93852,156.788,73.5728],[-17.8127,174.287,60.1734],[[[0.974677,-0.199081,-0.101844],[0.202825,0.595246,0.777524],[-0.0941684,-0.778491,0.620551]],[[0.924289,0.145816,-0.352742],[0.184444,0.638461,0.747226],[0.33417,-0.755715,0.563228]],[[0.924289,0.145816,-0.352742],[0.258704,0.440169,0.859839],[0.280645,-0.885996,0.36912]],[[0.924289,0.145816,-0.352742],[0.180247,0.64787,0.740118],[0.336452,-0.747664,0.572536]]],0],[10691,[-0.523591,-0.573945,0.629635],1069,58.8075,[-7.98367,112.425,50.2569],[-7.52726,113.032,49.5749],[5.46007,-155.166,75.5619],false,[38.7411,87.9244,106.663],[39.983,128.735,45.4632],[2.72226,133.001,24.5059],[-9.93315,119.129,39.7245],[-6.75542,110.227,53.9579],[[[0.218089,-0.813994,-0.538378],[0.975783,0.172333,0.134719],[-0.0168802,-0.554721,0.831865]],[[0.218337,-0.804748,-0.552005],[0.447372,0.585252,-0.676268],[0.867287,-0.0992968,0.487804]],[[0.218337,-0.804748,-0.552005],[-0.823517,0.151552,-0.546673],[0.523591,0.573944,-0.629635]],[[0.218337,-0.804748,-0.552005],[-0.957986,-0.284556,0.0359273],[-0.185989,0.520968,-0.833067]]],1],[10692,[-0.59421,-0.361057,0.718716],1069,67.0064,[-12.7922,100.67,49.3781],[-13.5262,100.828,48.9773],[31.1635,-129.037,48.6602],false,[43.0686,78.6294,99.8446],[46.2217,109.177,37.199],[3.54161,116.869,16.1627],[-13.3556,106.602,36.6004],[-11.9622,98.7861,53.6331],[[[0.0442393,-0.898827,-0.436065],[0.997998,0.0200159,0.059991],[-0.0451933,-0.437846,0.897913]],[[0.0434065,-0.906674,-0.419593],[0.462662,0.390482,-0.795907],[0.885471,-0.159582,0.436433]],[[0.0434065,-0.906674,-0.419593],[-0.803138,0.218129,-0.554427],[0.59421,0.361057,-0.718716]],[[0.0434065,-0.906674,-0.419593],[-0.996302,-0.0704542,0.0491738],[-0.0741467,0.415907,-0.906379]]],2],[10693,[-0.687072,-0.181334,0.703598],1069,64.4285,[-9.84356,86.2621,44.6714],[-10.2864,86.4004,43.6728],[66.7252,-159.868,126.506],false,[44.5451,68.0187,93.8311],[49.0651,86.7636,34.2328],[10.8919,94.8287,12.4606],[-8.14139,89.8054,31.9516],[-9.2575,84.5206,49.8379],[[[-0.0382535,-0.952397,-0.30245],[0.996659,-0.0582202,0.0572757],[-0.072158,-0.299249,0.951443]],[[-0.0395366,-0.957592,-0.285402],[0.518149,0.224575,-0.82528],[0.854376,-0.18051,0.487296]],[[-0.0395366,-0.957592,-0.285402],[-0.725513,0.22391,-0.650765],[0.687072,0.181334,-0.703598]],[[-0.0395366,-0.957592,-0.285402],[-0.997431,0.0548974,-0.04602],[0.0597362,0.28285,-0.957302]]],3],[10694,[-0.208742,-0.0910618,-0.973722],1069,50.5107,[34.519,59.0189,-34.0995],[35.4142,58.9008,-34.0751],[-22.6588,-159.113,53.7649],false,[39.126,55.674,89.2702],[46.941,65.515,32.6631],[42.0461,61.6096,-2.13716],[37.9633,59.8286,-21.182],[33.4698,58.515,-37.7708],[[[-0.210496,-0.957832,-0.195577],[0.96826,-0.231852,0.0933676],[-0.134775,-0.169716,0.976234]],[[-0.243434,-0.959479,0.141916],[0.959987,-0.259232,-0.105938],[0.138435,0.110449,0.984194]],[[-0.243434,-0.959479,0.141916],[0.947189,-0.266661,-0.178116],[0.208742,0.0910618,0.973722]],[[-0.243434,-0.959479,0.141916],[0.934226,-0.271279,-0.231578],[0.260693,0.0762078,0.962409]]],4]],[[0,200,0],[235.247,235.247,147.751]]],[1216434,287171306804,[[1068,"left",[-0.0231573,0.469442,-0.88266],[0.911979,-0.351798,-0.21103],[-98.9532,171.25,87.7251],[-2.30512,65.2896,1.43728],[-98.5451,168.393,86.4953],0,0.607769,0.169193,[[-0.158164,-0.762975,-0.62678],[-0.576928,0.586555,-0.568425],[-0.801335,-0.271703,0.532954]],60.9572,[-311.492,72.3688,268.79],[-104.513,142.548,131.132]],[1069,"right",[0.216924,0.422124,-0.880202],[-0.962984,-0.0552681,-0.263831],[37.8732,93.9521,57.9454],[-4.60282,-117.073,49.3584],[37.7406,94.8662,57.4059],0.106155,0,0.554522,[[0.173607,-0.9102,-0.376028],[0.799558,0.353186,-0.485764],[0.57495,-0.216324,0.789073]],63.72,[186.776,6.09114,316.659],[31.5392,64.4987,103.609]]],[[10680,[-0.168567,0.980139,-0.10446],1068,49.8567,[-94.7434,246.554,119.399],[-101.187,253.029,128.894],[-60.7262,33.8437,48.6031],false,[-83.8444,159.463,143.294],[-83.8444,159.463,143.294],[-91.975,205.631,134.196],[-97.4732,237.6,130.789],[-101.268,259.427,127.559],[[[-0.985032,0.0803776,-0.152481],[-0.0691816,0.625888,0.776839],[-0.157877,-0.77576,0.610959]],[[-0.985325,-0.164671,0.0449249],[0.0120608,0.195371,0.980655],[0.170263,-0.966806,0.190518]],[[-0.985325,-0.164671,0.0449249],[0.0268311,0.1105,0.993514],[0.168567,-0.980139,0.10446]],[[-0.985325,-0.164671,0.0449249],[0.02004,0.149772,0.988517],[0.169509,-0.974911,0.144274]]],0],[10681,[-0.00607064,-0.631134,0.77565],1068,56.2577,[-60.6591,164.162,95.3139],[-61.6856,169.136,96.822],[6.86546,96.1606,-14.5841],false,[-104.301,164.6,134.966],[-91.5819,202.601,77.1088],[-54.1065,187.681,69.2246],[-54.2469,173.088,87.1595],[-63.1978,167.855,99.7947],[[[-0.407657,-0.719537,-0.562212],[-0.895074,0.436725,0.0900796],[-0.180716,-0.539943,0.822072]],[[-0.403783,-0.708071,-0.579306],[0.074473,0.60568,-0.792216],[-0.911819,0.363026,0.191831]],[[-0.403783,-0.708071,-0.579306],[0.914835,-0.316711,-0.250543],[0.00607064,0.631134,-0.77565]],[[-0.403783,-0.708071,-0.579306],[0.732842,-0.629387,0.258484],[0.547632,0.320168,-0.77304]]],1],[10682,[0.0363803,-0.487968,0.872103],1068,64.1011,[-63.8554,153.516,96.9712],[-64.5004,158.293,98.0888],[8.44663,90.6366,-12.9689],false,[-110.407,157.231,128.098],[-102.098,186.315,68.6027],[-57.6926,174.943,63.6039],[-56.703,161.669,87.3281],[-66.4292,156.917,101.681],[[[-0.269723,-0.849707,-0.453042],[-0.954858,0.296831,0.0117607],[-0.124484,-0.435763,0.891412]],[[-0.268483,-0.845369,-0.461809],[0.0222479,0.473841,-0.880329],[-0.963028,0.246628,0.108411]],[[-0.268483,-0.845369,-0.461809],[0.962597,-0.217344,-0.161766],[-0.0363803,0.487968,-0.872103]],[[-0.268483,-0.845369,-0.461809],[0.796996,-0.464206,0.386406],[0.541031,0.264317,-0.798387]]],2],[10683,[0.101777,-0.343738,0.933534],1068,61.635,[-72.9197,144.144,96.0049],[-72.6807,147.459,96.0348],[8.47607,87.6696,-19.9958],false,[-114.286,147.892,122.111],[-110.519,166.486,65.2692],[-68.8228,158.733,59.9537],[-66.1256,149.624,84.6932],[-75.1322,146.504,99.8135],[[[-0.212349,-0.924514,-0.316514],[-0.97517,0.221322,0.00777316],[-0.0628652,-0.310306,0.948556]],[[-0.212304,-0.924293,-0.31719],[-0.05741,0.335826,-0.940173],[-0.975516,0.181392,0.124361]],[[-0.212304,-0.924293,-0.31719],[0.971889,-0.16591,-0.167049],[-0.101777,0.343738,-0.933534]],[[-0.212304,-0.924293,-0.31719],[0.837268,-0.339427,0.428686],[0.503894,0.174561,-0.845943]]],3],[10684,[0.757227,0.0836584,-0.647772],1068,48.3207,[-67.2643,152.124,19.0768],[-67.6899,152.595,19.9887],[0.854377,150.24,-20.8377],false,[-112.369,135.119,117.803],[-114.14,146.401,63.5199],[-91.5637,149.982,38.5859],[-77.3954,151.547,26.4656],[-64.1152,152.695,16.7588],[[[-0.0541325,-0.97799,-0.201506],[-0.998024,0.0465421,0.042221],[0.0319132,-0.203394,0.978577]],[[-0.0537352,-0.980422,-0.189434],[-0.742744,0.166041,-0.648662],[-0.667416,-0.105845,0.737125]],[[-0.0537352,-0.980422,-0.189434],[-0.650937,0.178253,-0.737907],[-0.757227,-0.0836584,0.647772]],[[-0.0537352,-0.980422,-0.189434],[-0.590326,0.184198,-0.785867],[-0.805374,-0.0695993,0.588666]]],4],[10690,[-0.256911,0.895026,-0.36459],1069,52.1164,[-16.0366,171.235,63.2182],[-13.5789,170.183,63.4631],[42.4738,-36.0149,68.1495],false,[15.8349,88.2529,115.018],[15.8349,88.2529,115.018],[0.18111,126.581,87.1313],[-8.57843,157.097,74.7004],[-15.9743,174.887,61.4131],[[[0.968038,-0.232307,-0.0945276],[0.217222,0.588196,0.778999],[-0.125366,-0.774635,0.619858]],[[0.927979,0.1231,-0.351712],[0.201284,0.628717,0.751132],[0.313592,-0.767829,0.558658]],[[0.927979,0.1231,-0.351712],[0.269911,0.42869,0.862191],[0.256911,-0.895026,0.36459]],[[0.927979,0.1231,-0.351712],[0.197459,0.638002,0.744287],[0.316015,-0.760132,0.567745]]],0],[10691,[-0.539508,-0.556959,0.631449],1069,58.8075,[-6.90159,112.288,51.2791],[-6.58823,112.99,50.507],[28.1484,-84.6047,65.7169],false,[38.2762,86.5525,107.577],[41.3705,127.279,46.386],[4.27346,132.603,25.3806],[-8.76667,119.141,40.6429],[-5.87429,110.181,54.9003],[[[0.194167,-0.821131,-0.536696],[0.980066,0.138923,0.142022],[-0.0420597,-0.553574,0.831737]],[[0.194814,-0.812179,-0.54992],[0.465247,0.570093,-0.677155],[0.863477,-0.123929,0.488926]],[[0.194814,-0.812179,-0.54992],[-0.819133,0.173671,-0.546681],[0.539508,0.556959,-0.631449]],[[0.194814,-0.812179,-0.54992],[-0.966121,-0.255661,0.0353299],[-0.169287,0.524406,-0.83447]]],1],[10692,[-0.607342,-0.341303,0.71739],1069,67.0064,[-11.9988,100.819,50.0794],[-12.8578,101.165,49.6429],[33.395,-61.6757,43.9154],false,[42.3344,77.113,100.791],[46.9988,107.517,38.1695],[4.73634,116.626,16.858],[-12.5343,106.92,37.258],[-11.3987,99.0792,54.2981],[[[0.0167579,-0.899943,-0.435686],[0.997622,-0.0140867,0.0674689],[-0.0668556,-0.435781,0.897566]],[[0.015505,-0.907933,-0.418828],[0.480591,0.374087,-0.793153],[0.876808,-0.188987,0.442145]],[[0.015505,-0.907933,-0.418828],[-0.794289,0.243249,-0.556718],[0.607342,0.341303,-0.71739]],[[0.015505,-0.907933,-0.418828],[-0.998052,-0.0393677,0.0483933],[-0.0604262,0.417262,-0.906775]]],2],[10693,[-0.682192,-0.162884,0.712799],1069,64.4285,[-8.98067,85.9438,46.041],[-9.63939,86.4014,45.0174],[52.0421,-86.4601,101.303],false,[43.4924,66.4563,94.7892],[49.0966,85.0182,35.2256],[11.2119,94.3061,13.4369],[-7.68622,89.7939,33.1829],[-8.6112,84.5149,51.0818],[[[-0.0685161,-0.950623,-0.302691],[0.99363,-0.0922321,0.0647468],[-0.0894676,-0.296327,0.950887]],[[-0.070116,-0.955805,-0.28552],[0.525465,0.207905,-0.825022],[0.847921,-0.207878,0.487665]],[[-0.070116,-0.955805,-0.28552],[-0.727804,0.244758,-0.640621],[0.682192,0.162884,-0.7128]],[[-0.070116,-0.955805,-0.28552],[-0.99631,0.0813048,-0.0275085],[0.0495068,0.282537,-0.957978]]],3],[10694,[-0.206887,-0.0839044,-0.97476],1069,50.5107,[33.9933,57.7171,-33.1406],[34.85,57.6241,-33.1549],[-27.273,-118.786,53.3833],false,[37.6889,54.3027,90.1883],[46.2594,63.8541,33.6409],[41.4152,60.1136,-1.18458],[37.3688,58.4726,-20.2497],[32.9134,57.3139,-36.8604],[[[-0.241639,-0.950136,-0.197111],[0.959043,-0.264781,0.100632],[-0.147805,-0.164722,0.975203]],[[-0.277172,-0.950471,0.140642],[0.951003,-0.292256,-0.100892],[0.136998,0.105786,0.984906]],[[-0.277172,-0.950471,0.140642],[0.938282,-0.299273,-0.173384],[0.206887,0.0839044,0.97476]],[[-0.277172,-0.950471,0.140642],[0.925399,-0.303457,-0.227049],[0.258482,0.0672181,0.963675]]],4]],[[0,200,0],[235.247,235.247,147.751]]],[1216435,287171315505,[[1068,"left",[-0.0279941,0.477121,-0.878392],[0.912992,-0.345596,-0.216816],[-98.7495,171.348,87.519],[4.556,50.8631,-5.26398],[-98.5967,169.139,86.7537],0,0.610775,0.184475,[[-0.161303,-0.761827,-0.627376],[-0.575729,0.58896,-0.567153],[-0.801572,-0.269715,0.533607]],60.9572,[-311.085,72.5708,268.513],[-104.045,142.236,130.686]],[1069,"right",[0.224522,0.417873,-0.880325],[-0.962854,-0.0439305,-0.266424],[37.8304,93.401,58.7839],[-4.68923,-102.734,61.899],[37.7747,94.3097,57.9294],0.111368,0,0.580673,[[0.165392,-0.913475,-0.371765],[0.798821,0.345152,-0.492701],[0.578386,-0.215485,0.786788]],63.72,[187.173,5.9276,316.913],[31.0091,64.1084,104.481]]],[[10680,[-0.172994,0.980257,-0.0957537],1068,49.8567,[-95.3252,247.332,120.363],[-101.18,252.755,129.339],[-45.0343,16.542,50.674],false,[-83.42,159.141,142.937],[-83.42,159.141,142.937],[-91.7695,205.35,134.255],[-97.4121,237.323,131.131],[-101.308,259.16,128.094],[[[-0.985849,0.077061,-0.148871],[-0.0698138,0.618653,0.782556],[-0.152404,-0.781876,0.604519]],[[-0.9845,-0.169252,0.0459731],[0.0137136,0.187037,0.982257],[0.174848,-0.967663,0.181817]],[[-0.9845,-0.169252,0.0459731],[0.028859,0.102223,0.994343],[0.172994,-0.980257,0.0957537]],[[-0.9845,-0.169252,0.0459731],[0.0218768,0.141571,0.989686],[0.174015,-0.975352,0.135674]]],0],[10681,[0.00139971,-0.638606,0.769533],1068,56.2577,[-60.6996,165.406,95.5982],[-61.4029,169.343,96.4426],[14.638,77.1866,-23.1383],false,[-103.925,164.255,134.715],[-91.5575,202.826,77.1595],[-54.0308,188.203,68.9696],[-53.9984,173.436,86.7631],[-62.8653,168.033,99.386],[[[-0.405938,-0.716454,-0.56737],[-0.896847,0.431669,0.0965743],[-0.175725,-0.548047,0.817781]],[[-0.402198,-0.704908,-0.584244],[0.0674126,0.6136,-0.786734],[-0.913068,0.355808,0.199269]],[[-0.402198,-0.704908,-0.584244],[0.915552,-0.308687,-0.257832],[-0.00139971,0.638606,-0.769533]],[[-0.402198,-0.704908,-0.584244],[0.737524,-0.62756,0.249453],[0.542489,0.330565,-0.77229]]],1],[10682,[0.0404162,-0.495359,0.867748],1068,64.1011,[-63.8721,154.621,97.2118],[-64.2305,158.454,97.6882],[14.3577,71.3242,-21.6402],false,[-110.017,156.918,127.8],[-102.022,186.566,68.5403],[-57.5793,175.433,63.3413],[-56.4799,161.957,86.947],[-66.15,157.037,101.281],[[[-0.267069,-0.846931,-0.459763],[-0.956205,0.292193,0.0171942],[-0.119777,-0.44422,0.887875]],[[-0.265867,-0.842481,-0.468552],[0.0181444,0.481586,-0.876211],[-0.963839,0.241457,0.112751]],[[-0.265867,-0.842481,-0.468552],[0.963162,-0.211768,-0.165749],[-0.0404162,0.495359,-0.867748]],[[-0.265867,-0.842481,-0.468552],[0.799977,-0.464025,0.380417],[0.537914,0.273691,-0.797334]]],2],[10683,[0.104173,-0.351171,0.930498],1068,61.635,[-72.8898,144.942,95.969],[-72.4201,147.621,95.5583],[14.2627,69.0775,-29.2669],false,[-113.87,147.614,121.741],[-110.359,166.728,65.0559],[-68.6418,159.211,59.5735],[-65.8811,149.905,84.2326],[-74.8644,146.623,99.3325],[[[-0.208936,-0.922671,-0.324073],[-0.976173,0.216627,0.012597],[-0.05858,-0.318983,0.945948]],[[-0.208894,-0.922444,-0.324745],[-0.0612035,0.343752,-0.937064],[-0.976021,0.175872,0.128265]],[[-0.208894,-0.922444,-0.324745],[0.972374,-0.160546,-0.169452],[-0.104173,0.351171,-0.930498]],[[-0.208894,-0.922444,-0.324745],[0.838907,-0.339689,0.425261],[0.502592,0.183596,-0.844804]]],3],[10684,[0.755983,0.0931135,-0.647935],1068,48.3207,[-67.1009,152.863,18.7837],[-67.5513,153.452,19.5813],[5.69161,136.781,-26.9472],false,[-111.906,134.889,117.314],[-113.891,146.643,63.1393],[-91.36,150.557,38.2146],[-77.215,152.299,26.0913],[-63.9546,153.598,16.3764],[[[-0.0501283,-0.976414,-0.210008],[-0.998102,0.0414425,0.045561],[0.0357831,-0.211893,0.976637]],[[-0.0497097,-0.978807,-0.198661],[-0.74422,0.168953,-0.646213],[-0.666082,-0.115725,0.736846]],[[-0.0497097,-0.978807,-0.198661],[-0.652702,0.182393,-0.735332],[-0.755983,-0.0931135,0.647935]],[[-0.0497097,-0.978807,-0.198661],[-0.592311,0.189045,-0.783217],[-0.804174,-0.0787359,0.589156]]],4],[10690,[-0.254021,0.893522,-0.37026],1069,52.1164,[-15.7321,171.112,63.5029],[-13.3217,170.086,64.0512],[31.783,-35.0401,62.7725],false,[15.5657,88.0735,115.805],[15.5657,88.0735,115.805],[0.0561436,126.374,87.7988],[-8.60486,156.839,75.1745],[-15.9392,174.599,61.8139],[[[0.965376,-0.244319,-0.0914192],[0.222256,0.586869,0.77858],[-0.136571,-0.771941,0.620851]],[[0.928071,0.117393,-0.353417],[0.205302,0.630495,0.74855],[0.310702,-0.767265,0.561042]],[[0.928071,0.117393,-0.353417],[0.27232,0.433403,0.859071],[0.254021,-0.893522,0.37026]],[[0.928071,0.117393,-0.353417],[0.20118,0.640575,0.741073],[0.313387,-0.758869,0.570882]]],0],[10691,[-0.543849,-0.550075,0.633756],1069,58.8075,[-6.63392,112.218,51.7831],[-6.32136,112.862,51.3658],[29.1723,-65.7878,74.6648],false,[38.005,86.0851,108.429],[41.768,126.662,47.1763],[4.71794,132.307,26.1718],[-8.4271,119.012,41.4899],[-5.61428,110.061,55.7689],[[[0.185573,-0.824399,-0.534724],[0.981298,0.127153,0.144518],[-0.0511484,-0.551542,0.832577]],[[0.186363,-0.815515,-0.547909],[0.470706,0.563622,-0.678797],[0.862383,-0.131401,0.488906]],[[0.186363,-0.815515,-0.547909],[-0.818228,0.179871,-0.54603],[0.543849,0.550075,-0.633756]],[[0.186363,-0.815515,-0.547909],[-0.968589,-0.245953,0.0366284],[-0.164631,0.523873,-0.835735]]],1],[10692,[-0.61178,-0.332969,0.717536],1069,67.0064,[-11.8161,100.851,50.4714],[-12.6907,101.197,50.3869],[28.9502,-44.5502,54.9038],false,[41.966,76.5846,101.671],[47.1763,106.818,39.01],[5.07618,116.394,17.5824],[-12.3206,106.926,37.9865],[-11.2734,99.106,55.0421],[[[0.00693151,-0.900851,-0.434073],[0.997183,-0.0261915,0.0702799],[-0.0746807,-0.433338,0.898132]],[[0.00552105,-0.908868,-0.417048],[0.4869,0.366721,-0.792745],[0.87344,-0.198684,0.444552]],[[0.00552105,-0.908868,-0.417048],[-0.791009,0.25118,-0.557865],[0.61178,0.332969,-0.717536]],[[0.00552105,-0.908868,-0.417048],[-0.998431,-0.0282509,0.0483492],[-0.0557251,0.416127,-0.907597]]],2],[10693,[-0.681366,-0.154807,0.715385],1069,64.4285,[-8.7751,85.8576,46.5894],[-9.51051,86.3182,45.9866],[41.3253,-65.6246,102.022],false,[43.0098,65.9038,95.6909],[49.0063,84.29,36.1111],[11.259,93.9857,14.2615],[-7.61617,89.6972,34.0791],[-8.49794,84.4493,51.9893],[[[-0.0793257,-0.950247,-0.301229],[0.992242,-0.104287,0.0676824],[-0.0957292,-0.293523,0.951147]],[[-0.0810477,-0.95541,-0.283941],[0.528838,0.200251,-0.824761],[0.844844,-0.217004,0.489027]],[[-0.0810477,-0.95541,-0.283941],[-0.727442,0.251448,-0.638437],[0.681366,0.154807,-0.715385]],[[-0.0810477,-0.95541,-0.283941],[-0.995592,0.091091,-0.0223244],[0.0471934,0.28088,-0.958582]]],3],[10694,[-0.206032,-0.0831613,-0.975005],1069,50.5107,[33.7755,57.2138,-32.5124],[34.5534,56.9473,-32.2511],[-28.9625,-107.537,66.8002],false,[37.0706,53.8141,91.0949],[45.9142,63.1596,34.5552],[41.0924,59.4137,-0.272789],[37.0626,57.7872,-19.3427],[32.6251,56.6528,-35.9598],[[[-0.252721,-0.947451,-0.196134],[0.955443,-0.276335,0.10377],[-0.152516,-0.16117,0.975071]],[[-0.289212,-0.946695,0.141861],[0.947502,-0.304213,-0.0984604],[0.136368,0.105938,0.984978]],[[-0.289212,-0.946695,0.141861],[0.93483,-0.311212,-0.170998],[0.206032,0.0831613,0.975005]],[[-0.289212,-0.946695,0.141861],[0.921996,-0.315337,-0.224691],[0.257448,0.0658119,0.964048]]],4]],[[0,200,0],[235.247,235.247,147.751]]],[1216436,287171325494,[[1068,"left",[-0.0342719,0.485677,-0.873466],[0.914295,-0.337705,-0.22365],[-98.5414,171.522,87.1479],[9.43649,40.8371,-14.8213],[-98.5818,169.779,86.8596],0,0.613811,0.196006,[[-0.164615,-0.76081,-0.627751],[-0.574773,0.5912,-0.565789],[-0.801584,-0.267677,0.534614]],60.9277,[-310.434,72.8572,268.04],[-103.49,141.963,130.02]],[1069,"right",[0.231445,0.416439,-0.879211],[-0.962511,-0.033377,-0.269182],[37.575,92.0722,60.93],[-10.947,-111.815,107.742],[37.7043,93.521,58.987],0.10344,0,0.605597,[[0.160348,-0.915851,-0.368111],[0.79499,0.340874,-0.501792],[0.585047,-0.212183,0.782751]],63.72,[188.276,5.51352,317.916],[30.3132,62.803,106.574]]],[[10680,[-0.178778,0.980128,-0.0859479],1068,49.8326,[-95.7986,247.929,121.17],[-101.229,252.503,129.68],[-34.0009,2.90555,46.9626],false,[-82.9348,158.864,142.357],[-82.9348,158.864,142.357],[-91.5659,205.084,134.148],[-97.3943,237.038,131.346],[-101.42,258.87,128.527],[[[-0.986864,0.0723825,-0.144432],[-0.0706995,0.610366,0.788958],[-0.145263,-0.788806,0.59723]],[[-0.983387,-0.175214,0.0474288],[0.0157938,0.177706,0.983957],[0.180831,-0.96836,0.171986]],[[-0.983387,-0.175214,0.0474288],[0.031427,0.0929993,0.99517],[0.178778,-0.980128,0.0859479]],[[-0.983387,-0.175214,0.0474288],[0.0241942,0.132437,0.990896],[0.1799,-0.975582,0.125998]]],0],[10681,[0.0113277,-0.647048,0.762365],1068,56.2305,[-60.6463,166.481,95.662],[-61.0888,169.68,95.8477],[20.3258,64.7168,-35.2204],false,[-103.492,163.93,134.266],[-91.5874,203.131,77.082],[-54.0138,188.9,68.5229],[-53.752,173.946,86.1421],[-62.5028,168.343,98.7484],[[[-0.40362,-0.713279,-0.572996],[-0.89914,0.425073,0.104216],[-0.16923,-0.557267,0.812905]],[[-0.400055,-0.701669,-0.58959],[0.0580465,0.622622,-0.780367],[-0.914651,0.346413,0.208353]],[[-0.400055,-0.701669,-0.58959],[0.916421,-0.298309,-0.266803],[-0.0113277,0.647048,-0.762365]],[[-0.400055,-0.701669,-0.58959],[0.743668,-0.624511,0.238628],[0.535643,0.342995,-0.771648]]],1],[10682,[0.0471517,-0.503868,0.862493],1068,64.0701,[-63.8056,155.563,97.2406],[-63.9017,158.743,97.0523],[19.8148,58.864,-34.8047],false,[-109.561,156.628,127.304],[-101.979,186.901,68.3437],[-57.5084,176.112,62.8559],[-56.2264,162.411,86.3073],[-65.8033,157.287,100.621],[[[-0.263538,-0.843953,-0.467216],[-0.957929,0.286027,0.0236657],[-0.113664,-0.453796,0.883827]],[[-0.26239,-0.839379,-0.47602],[0.0114873,0.490552,-0.871336],[-0.964894,0.234098,0.119074]],[[-0.26239,-0.839379,-0.47602],[0.963809,-0.203864,-0.171788],[-0.0471517,0.503868,-0.862493]],[[-0.26239,-0.839379,-0.47602],[0.804413,-0.462737,0.372552],[0.532984,0.285163,-0.796624]]],2],[10683,[0.107272,-0.359371,0.927009],1068,61.6051,[-72.8008,145.606,95.7744],[-72.1416,147.896,94.8763],[18.154,56.7725,-41.095],false,[-113.377,147.365,121.17],[-110.201,167.056,64.6938],[-68.4769,159.847,59.0155],[-65.6355,150.328,83.5701],[-74.5843,146.86,98.6387],[[[-0.204424,-0.920679,-0.332507],[-0.977445,0.210388,0.0183871],[-0.0530268,-0.328766,0.942922]],[[-0.204387,-0.920445,-0.333176],[-0.0661154,0.352564,-0.933449],[-0.976655,0.168757,0.132915]],[[-0.204387,-0.920445,-0.333176],[0.972995,-0.153728,-0.172188],[-0.107272,0.359371,-0.927009]],[[-0.204387,-0.920445,-0.333176],[0.841022,-0.339282,0.42139],[0.500907,0.194082,-0.84346]]],3],[10684,[0.754157,0.104735,-0.648289],1068,48.2973,[-66.9537,153.873,18.3159],[-67.4333,154.528,18.9817],[7.81659,128.846,-35.0498],false,[-111.352,134.703,116.611],[-113.614,146.979,62.5906],[-91.1652,151.3,37.681],[-77.0612,153.259,25.5569],[-63.8347,154.742,15.8358],[[[-0.0448566,-0.974564,-0.219576],[-0.998161,0.0347498,0.0496786],[0.0407847,-0.2214,0.97433]],[[-0.0444328,-0.976799,-0.209496],[-0.746442,0.171835,-0.642882],[-0.663966,-0.127812,0.736759]],[[-0.0444328,-0.976799,-0.209496],[-0.655189,0.186798,-0.732006],[-0.754157,-0.104735,0.648289]],[[-0.0444328,-0.976799,-0.209496],[-0.594988,0.194329,-0.779888],[-0.802505,-0.0899951,0.589819]]],4],[10690,[-0.249549,0.896886,-0.365131],1069,52.1164,[-15.5418,170.929,64.0428],[-13.3222,169.38,66.5616],[19.4311,-46.5059,120.392],false,[15.0938,86.9185,117.882],[15.0938,86.9185,117.882],[-0.266559,125.392,90.0316],[-8.77508,155.972,77.5823],[-16.0107,173.907,64.4029],[[[0.962974,-0.254484,-0.0889825],[0.226291,0.583601,0.779873],[-0.146535,-0.771134,0.619581]],[[0.928082,0.113897,-0.354528],[0.209702,0.626892,0.750354],[0.307714,-0.770736,0.557923]],[[0.928082,0.113897,-0.354528],[0.276384,0.427344,0.860807],[0.249549,-0.896886,0.365131]],[[0.928082,0.113897,-0.354528],[0.207554,0.632244,0.746451],[0.309167,-0.766352,0.563135]]],0],[10691,[-0.54617,-0.546226,0.635086],1069,58.8075,[-6.48272,111.835,52.8317],[-6.2809,111.867,53.6431],[22.1128,-75.7229,120.467],false,[37.5315,84.6995,110.567],[41.8993,125.302,49.3717],[4.86768,131.245,28.4168],[-8.33348,118.043,43.767],[-5.56934,109.067,58.0398],[[[0.178295,-0.825732,-0.535143],[0.982184,0.116534,0.147423],[-0.0593696,-0.551894,0.831798]],[[0.179222,-0.816797,-0.548382],[0.474253,0.560095,-0.679248],[0.861953,-0.138336,0.48775]],[[0.179222,-0.816797,-0.548382],[-0.818277,0.185688,-0.544006],[0.54617,0.546226,-0.635086]],[[0.179222,-0.816797,-0.548382],[-0.970415,-0.238434,0.0379885],[-0.161782,0.52535,-0.835365]]],1],[10692,[-0.615177,-0.327772,0.717023],1069,67.0064,[-11.7384,100.613,51.3189],[-12.7128,100.383,52.4785],[18.7342,-55.858,100.934],false,[41.4102,75.1648,103.809],[47.1191,105.411,41.1979],[5.1688,115.444,19.6854],[-12.3246,106.123,40.0749],[-11.3389,98.2785,57.1228],[[[-0.00143342,-0.90039,-0.435082],[0.996645,-0.036888,0.073055],[-0.0818272,-0.433518,0.897422]],[[-0.00299523,-0.908501,-0.417871],[0.492458,0.36235,-0.79132],[0.870331,-0.208154,0.446314]],[[-0.00299523,-0.908501,-0.417871],[-0.788383,0.259213,-0.557908],[0.615177,0.327772,-0.717023]],[[-0.00299523,-0.908501,-0.417871],[-0.998619,-0.0192028,0.0489071],[-0.0524565,0.417441,-0.907189]]],2],[10693,[-0.677304,-0.150897,0.720062],1069,64.4285,[-8.65722,85.5664,47.5071],[-9.48818,85.3598,48.3983],[28.5378,-74.5037,142.011],false,[42.3571,64.4802,97.82],[48.7173,82.868,38.2783],[11.0378,92.9484,16.486],[-7.72487,88.7683,36.4332],[-8.48283,83.4911,54.3404],[[[-0.0885866,-0.949012,-0.302538],[0.99088,-0.114923,0.0703542],[-0.101536,-0.293546,0.950537]],[[-0.0904357,-0.954241,-0.285037],[0.529737,0.19627,-0.825141],[0.843327,-0.225617,0.487746]],[[-0.0904357,-0.954241,-0.285037],[-0.730124,0.258176,-0.632664],[0.677304,0.150897,-0.720062]],[[-0.0904357,-0.954241,-0.285037],[-0.995076,0.0982391,-0.0131683],[0.0405675,0.282443,-0.958426]]],3],[10694,[-0.205114,-0.0798838,-0.975473],1069,50.5107,[33.4462,56.3757,-31.1101],[34.092,55.7556,-30.1435],[-33.8585,-110.767,109.943],false,[36.3025,52.4596,93.1935],[45.4049,61.7734,36.6896],[40.6073,58.1172,1.84871],[36.5955,56.5547,-17.2304],[32.177,55.4861,-33.8569],[[[-0.262239,-0.944487,-0.197928],[0.95215,-0.28661,0.106142],[-0.156977,-0.160623,0.974453]],[[-0.299695,-0.943663,0.140296],[0.944338,-0.314337,-0.0970478],[0.135681,0.103402,0.985342]],[[-0.299695,-0.943663,0.140296],[0.931725,-0.321121,-0.169617],[0.205114,0.0798838,0.975473]],[[-0.299695,-0.943663,0.140296],[0.918951,-0.325048,-0.223322],[0.256343,0.0619967,0.964595]]],4]],[[0,200,0],[235.247,235.247,147.751]]],[1216437,287171341939,[[1068,"left",[-0.0439954,0.487593,-0.871962],[0.924195,-0.311581,-0.220864],[-99.192,173.65,84.7543],[-12.3081,80.1439,-72.8347],[-98.7719,170.985,86.2039],0,0.618129,0.222208,[[-0.156205,-0.769152,-0.619681],[-0.58588,0.577247,-0.568797],[-0.795201,-0.27421,0.5408]],60.9277,[-308.799,73.0242,267.122],[-103.503,143.816,127.505]],[1069,"right",[0.241487,0.409556,-0.879743],[-0.961738,-0.0198753,-0.273247],[36.693,90.8133,62.6677],[-29.8871,-96.1649,106.822],[37.3139,92.4758,60.4078],0.0948105,0,0.62973,[[0.150123,-0.919918,-0.362236],[0.791224,0.331477,-0.513894],[0.592813,-0.209463,0.777623]],63.72,[188.853,5.27573,318.347],[28.7938,61.8307,108.388]]],[[10680,[-0.204709,0.975206,-0.0840698],1068,49.8326,[-97.1495,249.297,122.188],[-104.194,254.394,127.432],[-100.633,52.9603,-32.8179],false,[-83.4738,161.235,139.987],[-83.4738,161.235,139.987],[-93.3075,207.231,131.872],[-99.9814,239.024,129.131],[-104.58,260.747,126.351],[[[-0.987871,0.0456447,-0.148418],[-0.0908212,0.605427,0.790702],[-0.125947,-0.794591,0.593938]],[[-0.978526,-0.201777,0.0421021],[0.00626777,0.175035,0.984542],[0.206027,-0.963664,0.170012]],[[-0.978526,-0.201777,0.0421021],[0.0240948,0.0908832,0.99557],[0.204709,-0.975206,0.0840698]],[[-0.978526,-0.201777,0.0421021],[0.0158037,0.130213,0.99136],[0.205516,-0.970737,0.124228]]],0],[10681,[0.0263014,-0.649151,0.760205],1068,56.2305,[-60.8107,168.627,94.9622],[-61.7324,172.813,93.6031],[-5.93764,121.021,-80.0865],false,[-104.129,165.76,131.825],[-93.0707,205.474,74.825],[-55.0831,192.319,66.3729],[-54.4752,177.316,83.9422],[-63.1167,171.428,96.494],[[[-0.38138,-0.722134,-0.577124],[-0.910955,0.39975,0.101792],[-0.157198,-0.564555,0.810288]],[[-0.378086,-0.710438,-0.593573],[0.0439068,0.626684,-0.778035],[-0.924729,0.320226,0.205747]],[[-0.378086,-0.710438,-0.593573],[0.925397,-0.271811,-0.26412],[-0.0263014,0.649151,-0.760205]],[[-0.378086,-0.710438,-0.593573],[0.759776,-0.60446,0.239517],[0.528953,0.360425,-0.768312]]],1],[10682,[0.0617379,-0.506314,0.860136],1068,64.0701,[-63.8024,157.479,96.4854],[-64.1781,161.82,94.6673],[5.76415,116.631,-85.7073],false,[-109.965,158.318,124.813],[-102.973,188.994,65.9875],[-58.1997,179.548,60.4914],[-56.521,165.781,83.8787],[-65.9683,160.318,98.1537],[[[-0.238191,-0.849264,-0.471185],[-0.965547,0.259418,0.0205217],[-0.104806,-0.45984,0.881795]],[[-0.237114,-0.844549,-0.480119],[-0.00231091,0.494702,-0.869059],[-0.971479,0.204956,0.119252]],[[-0.237114,-0.844549,-0.480119],[0.969518,-0.174308,-0.172195],[-0.0617379,0.506314,-0.860136]],[[-0.237114,-0.844549,-0.480119],[0.81691,-0.440806,0.371953],[0.525772,0.304019,-0.794441]]],2],[10683,[0.110607,-0.359164,0.926697],1068,61.6051,[-72.7597,147.114,94.8681],[-72.2957,150.747,92.5415],[6.28698,108.163,-85.9463],false,[-113.498,148.975,118.631],[-110.63,168.943,62.2355],[-68.6967,162.895,56.7433],[-65.767,153.381,81.2897],[-74.7285,149.634,96.2836],[[[-0.177548,-0.9248,-0.336484],[-0.982946,0.183288,0.0149044],[-0.0478899,-0.333391,0.941571]],[[-0.177514,-0.924564,-0.33715],[-0.0711268,0.353749,-0.932632],[-0.981545,0.141575,0.128557]],[[-0.1