{"metadata":{"formatVersion":2,"generatedBy":"LeapJS Playback 0.2.1","frames":38,"protocolVersion":6,"serviceVersion":"2.2.4+26750","frameRate":"85","modified":"Wed Apr 15 2015 21:27:35 GMT-0300 (E. South America Standard Time)"},"frames":[["id","timestamp",{"hands":[["id","type","direction","palmNormal","palmPosition","palmVelocity","stabilizedPalmPosition","pinchStrength","grabStrength","confidence","armBasis","armWidth","elbow","wrist"]]},{"pointables":[["id","direction","handId","length","stabilizedTipPosition","tipPosition","tipVelocity","tool","carpPosition","mcpPosition","pipPosition","dipPosition","btipPosition","bases","type"]]},{"interactionBox":["center","size"]}],[1214097,287132784991,[[1063,"right",[-0.27142,0.0324716,-0.961913],[-0.54511,-0.828868,0.125832],[16.1658,137.644,73.2917],[11.3419,-67.8807,-4.57785],[17.1562,142.365,75.0504],0.652609,0,0.712265,[[0.552871,-0.453668,-0.698942],[0.55203,0.827733,-0.100601],[0.624177,-0.330217,0.708068]],63.72,[207.752,46.0555,314.02],[39.2238,135.214,122.842]],[1065,"left",[0.870876,-0.0282334,-0.490691],[0.4818,-0.148354,0.863632],[-91.6991,99.1466,0.794056],[-23.4505,40.8422,7.382],[-100.142,103.094,-13.8581],0.932704,0,0.194398,[[-0.500643,-0.864114,-0.0516145],[-0.117129,0.126697,-0.985002],[-0.857693,0.487088,0.164643]],63.1392,[-370.561,224.141,66.5282],[-141.094,93.8257,22.4799]]],[[10630,[-0.467042,-0.41408,-0.781287],1063,52.1164,[-35.8425,107.101,61.6339],[-36.0138,107.743,60.7031],[17.9359,-85.6413,21.92],false,[11.6525,142.073,134.41],[11.6525,142.073,134.41],[-22.9107,135.352,99.027],[-38.8347,121.233,72.3885],[-34.9371,102.855,58.4321],[[[0.753785,0.522958,-0.397898],[-0.288666,0.807487,0.514428],[0.590322,-0.272908,0.759632]],[[0.523049,0.583038,-0.62168],[-0.496987,0.801209,0.333269],[0.692404,0.134651,0.708834]],[[0.523049,0.583038,-0.62168],[-0.712946,0.699002,0.0557187],[0.467042,0.41408,0.781287]],[[0.523049,0.583038,-0.62168],[-0.835873,0.20838,-0.507833],[-0.16654,0.785267,0.596339]]],0],[10631,[-0.274949,-0.130893,-0.952507],1063,58.8075,[-29.8539,147.773,-21.9819],[-29.7126,146.059,-21.8256],[13.7454,-101.991,-11.7138],false,[25.8044,154.123,119.7],[-9.3013,154.229,55.0463],[-18.8074,152.54,13.1829],[-25.453,149.376,-9.83962],[-30.8722,145.857,-25.6563],[[[0.73638,-0.545121,-0.400734],[0.479632,0.838356,-0.25906],[0.477177,-0.00143787,0.878806]],[[0.832461,-0.528088,-0.167727],[0.507987,0.848279,-0.149571],[0.221266,0.0393092,0.974421]],[[0.832461,-0.528088,-0.167727],[0.481053,0.839041,-0.25416],[0.274949,0.130893,0.952507]],[[0.832461,-0.528088,-0.167727],[0.454322,0.823834,-0.338954],[0.317176,0.205964,0.925731]]],1],[10632,[0.0744252,-0.234095,0.969361],1063,67.0064,[-14.6393,107.02,92.4997],[-13.8078,105.269,93.4797],[17.937,-62.0386,14.1754],false,[35.3095,148.911,113.86],[9.31566,143.722,49.3232],[-23.2836,108.409,52.9977],[-21.1672,101.752,80.5628],[-12.3215,105.841,96.6305],[[[0.701451,-0.675182,-0.228245],[0.60758,0.733893,-0.303723],[0.372576,0.0743692,0.925017]],[[0.705914,-0.674231,-0.217021],[-0.210399,0.0929627,-0.973186],[0.676327,0.732646,-0.0762339]],[[0.705914,-0.674231,-0.217021],[-0.704377,-0.700437,-0.115071],[-0.0744252,0.234095,-0.969361]],[[0.705914,-0.674231,-0.217021],[-0.529258,-0.70573,0.47099],[-0.470714,-0.217618,-0.855027]]],2],[10633,[-0.0276443,-0.179128,0.983437],1063,64.4285,[1.10963,100.107,91.543],[2.49965,99.7738,92.5542],[15.1956,-62.2719,13.8182],false,[44.126,141.257,110.037],[28.4021,131.307,50.2247],[-3.67113,100.251,51.9877],[-4.43693,95.289,79.2309],[3.17104,100.048,95.6188],[[[0.700822,-0.710269,-0.0660839],[0.667711,0.685775,-0.289611],[0.251021,0.158841,0.95486]],[[0.688141,-0.716997,-0.111254],[-0.105622,0.0527102,-0.993008],[0.717849,0.69508,-0.0394586]],[[0.688141,-0.716997,-0.111254],[-0.725051,-0.673668,-0.143086],[0.0276443,0.179128,-0.983437]],[[0.688141,-0.716997,-0.111254],[-0.600547,-0.648876,0.467229],[-0.407192,-0.254706,-0.877109]]],3],[10634,[-0.207495,-0.102776,0.972822],1063,50.5107,[14.8326,98.4881,83.2552],[16.1361,97.3408,84.0066],[15.2179,-63.0565,13.9544],false,[50.1129,128.349,110.344],[43.5865,116.67,53.9234],[15.3428,95.4549,52.3552],[11.2844,93.4447,71.3824],[16.3059,98.0554,87.2138],[[[0.605141,-0.790592,0.0936416],[0.788122,0.578275,-0.210859],[0.112553,0.2014,0.973021]],[[0.598503,-0.799958,0.0431419],[0.0613658,-0.00791495,-0.998084],[0.798767,0.600003,0.044353]],[[0.598503,-0.799958,0.0431419],[-0.773783,-0.591188,-0.227499],[0.207495,0.102776,-0.972822]],[[0.598503,-0.799958,0.0431419],[-0.746274,-0.537135,0.393143],[-0.291325,-0.267493,-0.918465]]],4],[10650,[0.894062,-0.438104,0.0933646],1065,51.6414,[-57.0298,105.326,37.8379],[-52.4755,98.7854,43.9685],[-40.777,11.5019,23.4046],false,[-136.146,120.258,36.6512],[-136.146,120.258,36.6512],[-87.5769,129.302,39.0575],[-57.3711,114.501,42.2118],[-50.9108,92.3393,44.4282],[[[-0.300103,-0.2706,-0.914721],[-0.477131,0.872928,-0.101699],[-0.826005,-0.405921,0.39108]],[[0.0643108,-0.0807297,-0.994659],[-0.177946,0.979821,-0.0910307],[-0.981937,-0.18285,-0.0486475]],[[0.0643108,-0.0807297,-0.994659],[0.443302,0.895292,-0.0440026],[-0.894062,0.438104,-0.0933646]],[[0.0643108,-0.0807297,-0.994659],[0.958258,0.283236,0.0389689],[-0.278577,0.955646,-0.0955751]]],0],[10651,[0.999553,0.0229075,0.0191933],1065,58.2715,[8.1454,117.548,-14.4192],[10.4515,125.942,-11.5406],[-13.8842,21.1081,34.3611],false,[-137.024,114.933,13.7917],[-68.745,123.288,-10.3429],[-26.3921,125.155,-14.2186],[-2.45266,125.703,-13.7589],[14.3918,125.827,-12.0644],[[[0.0504223,-0.979238,-0.196342],[-0.346697,0.167204,-0.922954],[-0.936621,-0.114608,0.331068]],[[0.0261065,-0.981882,-0.187687],[-0.0976229,0.184349,-0.978001],[-0.994881,-0.0438547,0.0910415]],[[0.0261065,-0.981882,-0.187687],[0.0145461,0.188104,-0.982041],[-0.999553,-0.0229075,-0.0191933]],[[0.0261065,-0.981882,-0.187687],[0.0968996,0.189352,-0.977116],[-0.994952,-0.00732231,-0.100087]]],1],[10652,[-0.523136,0.0325012,0.851629],1065,66.3957,[-73.6584,107.33,55.0796],[-73.0444,103.278,58.2812],[-85.5926,60.1329,-5.49234],false,[-136.453,103.463,9.67181],[-71.8012,102.029,-14.7679],[-47.1008,101.852,26.1097],[-61.8413,102.767,50.1063],[-77.8091,103.484,59.6586],[[[-0.0182226,-0.99978,0.0104292],[-0.35366,-0.00331131,-0.935368],[-0.935196,0.0207332,0.353522]],[[-0.0348634,-0.999252,0.0167192],[0.855175,-0.0384854,-0.516908],[-0.517165,0.00372333,-0.855877]],[[-0.0348634,-0.999252,0.0167192],[0.851536,-0.0209443,0.523878],[0.523136,-0.0325012,-0.851629]],[[-0.0348634,-0.999252,0.0167192],[0.513252,-0.00354744,0.85823],[0.857529,-0.038502,-0.512992]]],2],[10653,[-0.491991,0.182176,0.851326],1065,63.8413,[-80.6616,92.5647,52.897],[-79.8802,90.2103,54.4912],[-60.9924,57.1284,3.82895],false,[-136.229,91.3322,8.67627],[-79.4723,80.8025,-14.1347],[-55.3095,82.6139,22.9183],[-68.8144,87.6146,46.2868],[-84.2996,90.9982,55.8532],[[[-0.128933,-0.982718,0.132821],[-0.38369,-0.07407,-0.920487],[-0.914417,0.169644,0.367509]],[[-0.131835,-0.982175,0.133987],[0.827496,-0.183464,-0.530652],[-0.545775,-0.0409152,-0.836932]],[[-0.131835,-0.982175,0.133987],[0.86056,-0.0463141,0.507238],[0.491991,-0.182176,-0.851326]],[[-0.131835,-0.982175,0.133987],[0.531999,0.0439473,0.845604],[0.836419,-0.182761,-0.516722]]],3],[10654,[-0.422155,0.404483,0.811282],1065,50.0504,[-84.2024,84.3507,39.9298],[-82.7815,79.4779,41.6482],[-53.7663,52.2266,6.17183],false,[-135.824,78.6586,14.8488],[-86.3072,61.4698,-8.68605],[-65.0024,66.8247,18.6089],[-73.184,74.6638,34.332],[-86.5771,80.9886,42.8371],[[[-0.16872,-0.930641,0.324717],[-0.478342,-0.210736,-0.852513],[-0.861813,0.299161,0.40961]],[[-0.212492,-0.914157,0.345203],[0.764919,-0.375445,-0.523393],[-0.608067,-0.152835,-0.779035]],[[-0.212492,-0.914157,0.345203],[0.881268,-0.0266618,0.471865],[0.422155,-0.404483,-0.811282]],[[-0.212492,-0.914157,0.345203],[0.583052,0.164878,0.795528],[0.784154,-0.370314,-0.497966]]],4]],[[0,200,0],[235.247,235.247,147.751]]],[1214098,287132793610,[[1063,"right",[-0.269269,0.0277961,-0.962664],[-0.546463,-0.827495,0.128959],[16.4122,136.916,73.4019],[15.907,-72.2686,0.0183788],[17.0654,141.699,74.8491],0.65292,0,0.71427,[[0.549799,-0.456667,-0.699411],[0.552991,0.826547,-0.104978],[0.626036,-0.329051,0.706968]],63.72,[208.388,45.8716,313.896],[39.3584,134.715,123.014]],[1065,"left",[0.874223,-0.0381307,-0.484025],[0.475072,-0.13857,0.868968],[-92.2615,99.8023,0.471413],[-34.5124,50.1671,-4.47884],[-100.001,103.036,-13.6033],0.930804,0,0.209103,[[-0.496519,-0.867204,-0.0377647],[-0.126596,0.115387,-0.98522],[-0.858745,0.4844,0.167076]],63.1392,[-371.578,224.557,66.5721],[-141.83,94.9609,21.8726]]],[[10630,[-0.466016,-0.41778,-0.779929],1063,52.1164,[-35.6843,106.512,61.8281],[-35.8067,107.031,60.9273],[18.5127,-83.2593,22.7419],false,[11.7708,141.67,134.487],[11.7708,141.67,134.487],[-22.7855,134.88,99.1097],[-38.6746,120.635,72.5175],[-34.7597,102.176,58.6737],[[[0.755335,0.519899,-0.398966],[-0.288741,0.810536,0.509569],[0.5883,-0.269698,0.762343]],[[0.524828,0.579144,-0.623817],[-0.495301,0.803796,0.329529],[0.692266,0.136031,0.708705]],[[0.524828,0.579144,-0.623817],[-0.712309,0.700037,0.0506279],[0.466016,0.41778,0.779929]],[[0.524828,0.579144,-0.623817],[-0.83461,0.2061,-0.510831],[-0.167276,0.788743,0.591526]]],0],[10631,[-0.272926,-0.134815,-0.952542],1063,58.8075,[-29.5658,146.882,-22.015],[-29.2329,144.956,-21.8707],[24.9879,-108.689,-10.0081],false,[25.9706,153.625,119.744],[-8.99321,153.438,55.0143],[-18.3933,151.592,13.1335],[-24.9901,148.333,-9.88979],[-30.3811,144.744,-25.7003],[[[0.736546,-0.548157,-0.396263],[0.48129,0.836371,-0.262379],[0.475248,0.00253738,0.879848]],[[0.832066,-0.530068,-0.163386],[0.5097,0.846865,-0.151741],[0.218798,0.0429806,0.974823]],[[0.832066,-0.530068,-0.163386],[0.482885,0.83717,-0.256844],[0.272926,0.134815,0.952542]],[[0.832066,-0.530068,-0.163386],[0.456186,0.821522,-0.342047],[0.315533,0.210071,0.92537]]],1],[10632,[0.0720369,-0.22908,0.970738],1063,67.0064,[-14.5495,106.476,92.6302],[-13.6502,104.685,93.6886],[18.188,-63.5235,16.9587],false,[35.4817,148.37,113.953],[9.62254,142.878,49.387],[-23.0307,107.626,53.1738],[-20.9822,101.112,80.7781],[-12.1654,105.275,96.8426],[[[0.701069,-0.67727,-0.223174],[0.6092,0.731511,-0.306214],[0.370644,0.0787198,0.925433]],[[0.705509,-0.676267,-0.211944],[-0.208138,0.088154,-0.974119],[0.677448,0.731363,-0.0785631]],[[0.705509,-0.676267,-0.211944],[-0.70503,-0.700133,-0.112902],[-0.0720369,0.22908,-0.970738]],[[0.705509,-0.676267,-0.211944],[-0.531155,-0.702551,0.4736],[-0.469181,-0.221554,-0.854858]]],2],[10633,[-0.0304366,-0.17415,0.984249],1063,64.4285,[1.24023,99.5936,91.709],[2.62612,99.1456,92.8116],[15.4596,-64.802,18.3527],false,[44.2965,140.685,110.189],[28.6907,130.443,50.3953],[-3.42698,99.4375,52.236],[-4.27013,94.6132,79.5016],[3.30247,99.4457,95.8844],[[[0.700039,-0.711509,-0.0608337],[0.669236,0.68339,-0.29172],[0.249134,0.163503,0.954567]],[[0.687489,-0.718438,-0.105859],[-0.103058,0.0477736,-0.993527],[0.718845,0.693949,-0.041197]],[[0.687489,-0.718438,-0.105859],[-0.725557,-0.673438,-0.141593],[0.0304366,0.17415,-0.984249]],[[0.687489,-0.718438,-0.105859],[-0.602571,-0.645718,0.468995],[-0.405299,-0.258642,-0.876834]]],3],[10634,[-0.210504,-0.0975886,0.97271],1063,50.5107,[14.9485,97.9529,83.4066],[16.2751,96.6588,84.3038],[15.8618,-67.1922,19.373],false,[50.2659,127.771,110.577],[43.848,115.806,54.2038],[15.5835,94.6163,52.662],[11.4663,92.7076,71.687],[16.4492,97.3948,87.5082],[[[0.603904,-0.790872,0.0990983],[0.789335,0.576148,-0.212143],[0.110683,0.206336,0.972201]],[[0.597415,-0.800435,0.0489813],[0.0642547,-0.0131043,-0.997847],[0.799354,0.599276,0.0436031]],[[0.597415,-0.800435,0.0489813],[-0.773811,-0.591422,-0.226795],[0.210504,0.0975886,-0.97271]],[[0.597415,-0.800435,0.0489813],[-0.748014,-0.534189,0.39385],[-0.289086,-0.27193,-0.917869]]],4],[10650,[0.891576,-0.440433,0.105408],1065,51.6414,[-56.7774,104.874,38.2379],[-53.313,99.822,43.9132],[-55.2769,41.2103,15.8888],false,[-136.879,121.562,35.7235],[-136.879,121.562,35.7235],[-88.288,130.427,38.3397],[-58.1663,115.547,41.9009],[-51.743,93.4121,44.4652],[[[-0.29465,-0.28172,-0.913135],[-0.472992,0.87329,-0.116802],[-0.830337,-0.39749,0.390566]],[[0.0707089,-0.0945169,-0.993009],[-0.172969,0.979258,-0.105525],[-0.982386,-0.179222,-0.0528937]],[[0.0707089,-0.0945169,-0.993009],[0.447317,0.892796,-0.0531265],[-0.891576,0.440433,-0.105408]],[[0.0707089,-0.0945169,-0.993009],[0.958271,0.282862,0.0413119],[-0.276979,0.954492,-0.110574]]],0],[10651,[0.999481,0.0191787,0.0258917],1065,58.2715,[8.16999,117.651,-14.3946],[10.0788,126.03,-11.5138],[-21.5105,17.7369,26.4609],false,[-137.615,115.934,12.9317],[-69.1349,123.704,-10.8236],[-26.7492,125.35,-14.4305],[-2.81148,125.81,-13.8104],[14.021,125.889,-11.9985],[[[0.0480006,-0.981972,-0.182832],[-0.339478,0.156109,-0.927569],[-0.939388,-0.106591,0.325865]],[[0.0234036,-0.984425,-0.174243],[-0.0901459,0.171503,-0.981051],[-0.995654,-0.0386674,0.084728]],[[0.0234036,-0.984425,-0.174243],[0.0221467,0.174758,-0.984362],[-0.999481,-0.0191787,-0.0258917]],[[0.0234036,-0.984425,-0.174243],[0.104537,0.175745,-0.97887],[-0.994246,-0.00469418,-0.107022]]],1],[10652,[-0.530812,0.0459687,0.846242],1065,66.3957,[-73.7901,107.096,55.2602],[-74.0849,104.636,57.9501],[-94.1407,85.6843,-14.249],false,[-137.06,104.407,8.9701],[-72.2424,102.4,-14.985],[-47.8284,102.677,26.0637],[-62.7852,103.972,49.9085],[-78.8468,104.878,59.2858],[[[-0.0221907,-0.999473,0.023699],[-0.347018,-0.0145308,-0.937746],[-0.937596,0.0290332,0.346512]],[[-0.0388833,-0.998797,0.0298658],[0.858599,-0.0486852,-0.51033],[-0.511171,-0.00579938,-0.85946]],[[-0.0388833,-0.998797,0.0298658],[0.846597,-0.0170516,0.531961],[0.530812,-0.0459687,-0.846242]],[[-0.0388833,-0.998797,0.0298658],[0.504446,0.00617963,0.863421],[0.862567,-0.0486384,-0.503599]]],2],[10653,[-0.500565,0.195559,0.843322],1065,63.8413,[-80.8202,92.4278,52.9652],[-80.9847,91.542,54.2481],[-78.8077,82.6556,-4.77348],false,[-136.877,92.2637,8.13888],[-80.0005,81.213,-14.1222],[-56.0979,83.4316,23.0771],[-69.8381,88.7996,46.2258],[-85.4301,92.3633,55.5505],[[[-0.133701,-0.980348,0.145056],[-0.377428,-0.0849685,-0.922133],[-0.916336,0.178038,0.358651]],[[-0.136533,-0.979793,0.146164],[0.830583,-0.193634,-0.522147],[-0.539899,-0.0501114,-0.840237]],[[-0.136533,-0.979793,0.146164],[0.854865,-0.0419765,0.51715],[0.500565,-0.195559,-0.843322]],[[-0.136533,-0.979793,0.146164],[0.52162,0.0543307,0.851446],[0.842183,-0.192493,-0.503662]]],3],[10654,[-0.428164,0.417148,0.801663],1065,50.0504,[-84.2267,84.0117,40.0108],[-83.764,80.6448,41.5759],[-69.2782,73.8256,2.21597],false,[-136.565,79.6728,14.4834],[-86.9492,61.9813,-8.46398],[-65.8012,67.6117,18.8975],[-74.0993,75.6963,34.4341],[-87.5616,82.1784,42.7084],[[[-0.174646,-0.925548,0.335947],[-0.473092,-0.220349,-0.853012],[-0.863529,0.307909,0.399386]],[[-0.218674,-0.90855,0.355975],[0.76672,-0.385632,-0.513252],[-0.603591,-0.160698,-0.780932]],[[-0.218674,-0.90855,0.355975],[0.876845,-0.0228871,0.480228],[0.428164,-0.417148,-0.801663]],[[-0.218674,-0.90855,0.355975],[0.575249,0.174645,0.799117],[0.788207,-0.37952,-0.484452]]],4]],[[0,200,0],[235.247,235.247,147.751]]],[1214099,287132810965,[[1063,"right",[-0.265795,0.0195566,-0.963831],[-0.545294,-0.827533,0.133584],[17.1351,135.631,73.4463],[27.7877,-73.0952,1.19032],[17.0824,140.213,74.5055],0.653737,0,0.729216,[[0.547666,-0.457419,-0.700592],[0.552094,0.826732,-0.108194],[0.628692,-0.327539,0.705312]],63.72,[209.65,45.4374,313.592],[39.9037,133.873,123.158]],[1065,"left",[0.875612,-0.0488277,-0.480542],[0.472206,-0.122763,0.872898],[-93.1844,100.24,0.368729],[-43.1258,38.6649,-5.14246],[-99.6824,102.905,-12.9495],0.929915,0,0.229786,[[-0.492134,-0.870335,-0.0179118],[-0.137543,0.0980586,-0.98563],[-0.859585,0.482598,0.167966]],63.1392,[-372.798,225.005,66.6447],[-142.825,95.8916,21.7072]]],[[10630,[-0.462576,-0.425626,-0.777731],1063,52.1164,[-34.9566,105.067,62.0745],[-35.0289,105.553,61.1655],[29.2597,-82.0064,18.2074],false,[12.2604,140.864,134.474],[12.2604,140.864,134.474],[-22.2683,133.836,99.1163],[-38.0402,119.324,72.5991],[-34.0071,100.752,58.9404],[[[0.755762,0.518208,-0.400356],[-0.292209,0.814003,0.502009],[0.586036,-0.262411,0.766617]],[[0.525108,0.575276,-0.627151],[-0.495773,0.805751,0.323997],[0.691716,0.140791,0.708313]],[[0.525108,0.575276,-0.627151],[-0.714342,0.698498,0.0426094],[0.462576,0.425626,0.777731]],[[0.525108,0.575276,-0.627151],[-0.833406,0.198386,-0.515827],[-0.172325,0.793536,0.583613]]],0],[10631,[-0.268816,-0.141577,-0.95273],1063,58.8075,[-28.5681,144.716,-22.1841],[-28.1421,142.943,-22.0792],[42.7498,-111.754,-10.9689],false,[26.4905,152.729,119.688],[-8.23549,151.954,54.8345],[-17.44,149.851,12.9224],[-23.9374,146.429,-10.1054],[-29.2649,142.713,-25.9084],[[[0.739076,-0.549828,-0.389173],[0.480592,0.835211,-0.267308],[0.472015,0.0105272,0.881527]],[[0.833597,-0.529745,-0.156482],[0.509131,0.846743,-0.154314],[0.214247,0.0489662,0.975551]],[[0.833597,-0.529745,-0.156482],[0.482549,0.836258,-0.260422],[0.268816,0.141577,0.95273]],[[0.833597,-0.529745,-0.156482],[0.455949,0.81981,-0.346442],[0.311811,0.217446,0.924928]]],1],[10632,[0.0691808,-0.2209,0.97284],1063,67.0064,[-14.1577,105.271,92.8883],[-12.942,103.501,93.8709],[29.1335,-65.4699,14.3531],false,[36.0331,147.447,113.973],[10.4216,141.387,49.3598],[-22.1742,106.1,53.3151],[-20.2069,99.8186,80.9792],[-11.4525,104.135,97.0375],[[[0.703221,-0.677624,-0.215188],[0.608869,0.730261,-0.309835],[0.367095,0.0868615,0.926119]],[[0.707623,-0.67652,-0.203936],[-0.204813,0.0798464,-0.975539],[0.676256,0.732082,-0.0820587]],[[0.707623,-0.67652,-0.203936],[-0.703195,-0.702512,-0.109512],[-0.0691808,0.2209,-0.97284]],[[0.707623,-0.67652,-0.203936],[-0.531267,-0.699691,0.47769],[-0.465859,-0.229679,-0.854531]]],2],[10633,[-0.0342362,-0.166573,0.985435],1063,64.4285,[1.73996,98.4135,92.0439],[3.31086,97.9607,93.079],[27.2013,-66.1104,17.4149],false,[44.8769,139.749,110.304],[29.5105,128.998,50.5372],[-2.55224,97.9433,52.492],[-3.50065,93.3289,79.7905],[3.99449,98.3048,96.166],[[[0.701664,-0.710565,-0.0525834],[0.668947,0.682378,-0.294737],[0.245312,0.171631,0.95413]],[[0.689352,-0.71785,-0.0973919],[-0.0991009,0.0397295,-0.994284],[0.717616,0.695064,-0.043752]],[[0.689352,-0.71785,-0.0973919],[-0.723617,-0.675977,-0.139404],[0.0342362,0.166573,-0.985435]],[[0.689352,-0.71785,-0.0973919],[-0.603216,-0.643246,0.471556],[-0.401153,-0.26632,-0.876442]]],3],[10634,[-0.215098,-0.090235,0.972415],1063,50.5107,[15.4089,96.7507,83.7434],[16.985,95.4475,84.6348],[28.0526,-68.2442,19.2982],false,[50.8704,126.851,110.817],[44.6827,114.423,54.5179],[16.4725,93.1584,53.0133],[12.2654,91.3935,72.0326],[17.1633,96.2215,87.8379],[[[0.605101,-0.78884,0.107627],[0.788965,0.576017,-0.213867],[0.106712,0.214325,0.970916]],[[0.598927,-0.798673,0.0583696],[0.0690878,-0.0210832,-0.997388],[0.797818,0.601395,0.0425513]],[[0.598927,-0.798673,0.0583696],[-0.771375,-0.594961,-0.225837],[0.215098,0.090235,-0.972415]],[[0.598927,-0.798673,0.0583696],[-0.748694,-0.532602,0.394705],[-0.284153,-0.280101,-0.916952]]],4],[10650,[0.890265,-0.440394,0.116107],1065,51.6414,[-56.3626,104.027,39.1549],[-54.3357,100.946,43.8943],[-56.6506,53.2756,8.32253],false,[-137.871,122.744,35.0631],[-137.871,122.744,35.0631],[-89.2652,131.548,37.625],[-59.1877,116.669,41.5476],[-52.7509,94.5949,44.5593],[[[-0.292383,-0.298595,-0.908489],[-0.471119,0.871696,-0.13488],[-0.832201,-0.38857,0.395543]],[[0.0728604,-0.113933,-0.990813],[-0.17046,0.977413,-0.124927],[-0.982667,-0.177996,-0.0517938]],[[0.0728604,-0.113933,-0.990813],[0.449576,0.890546,-0.0693433],[-0.890265,0.440394,-0.116107]],[[0.0728604,-0.113933,-0.990813],[0.957939,0.284479,0.0377309],[-0.277567,0.951888,-0.129868]]],0],[10651,[0.999454,0.0176087,0.0279615],1065,58.2715,[8.20613,117.911,-14.3426],[9.23923,126.037,-11.8725],[-33.9297,9.16283,5.22137],false,[-138.548,116.683,12.3806],[-69.9823,123.884,-11.3096],[-27.5853,125.374,-14.8519],[-3.64829,125.795,-14.1822],[13.1796,125.875,-12.3283],[[[0.0468451,-0.985361,-0.163921],[-0.336407,0.138953,-0.931409],[-0.940551,-0.0987761,0.324973]],[[0.0217425,-0.987644,-0.155195],[-0.0876146,0.152753,-0.984373],[-0.995917,-0.0350001,0.0832109]],[[0.0217425,-0.987644,-0.155195],[0.0248833,0.155719,-0.987488],[-0.999454,-0.0176087,-0.0279615]],[[0.0217425,-0.987644,-0.155195],[0.107426,0.156641,-0.981796],[-0.993975,-0.00467475,-0.109504]]],1],[10652,[-0.53454,0.0629224,0.842797],1065,66.3957,[-74.313,106.896,55.6068],[-75.2338,106.137,57.7081],[-79.9484,85.5755,-13.9587],false,[-138.001,105.082,8.64138],[-73.1143,102.509,-15.0733],[-48.7822,103.526,26.0124],[-63.8441,105.299,49.7601],[-79.9592,106.408,59.0232],[[[-0.0239993,-0.9988,0.0426912],[-0.344212,-0.0318367,-0.938352],[-0.938585,0.0372147,0.343035]],[[-0.0406051,-0.997985,0.048755],[0.85954,-0.0597683,-0.507562],[-0.509453,-0.0212972,-0.860235]],[[-0.0406051,-0.997985,0.048755],[0.844167,-0.00816035,0.536018],[0.53454,-0.0629224,-0.842797]],[[-0.0406051,-0.997985,0.048755],[0.499359,0.0219953,0.866116],[0.865443,-0.0595149,-0.49746]]],2],[10653,[-0.51172,0.21294,0.832346],1065,63.8413,[-81.5286,92.5847,53.022],[-82.4182,92.989,54.0214],[-81.6418,82.7372,-8.95966],false,[-137.835,92.9245,8.04251],[-80.9117,81.3555,-13.8302],[-57.1421,84.2478,23.408],[-71.1885,90.0929,46.2555],[-86.9414,93.844,55.2296],[[[-0.135841,-0.977176,0.163321],[-0.374791,-0.101913,-0.921491],[-0.917103,0.186388,0.352393]],[[-0.138844,-0.976561,0.164474],[0.832145,-0.205089,-0.51524],[-0.536895,-0.0653284,-0.841116]],[[-0.138844,-0.976561,0.164474],[0.847859,-0.0314016,0.529291],[0.51172,-0.21294,-0.832346]],[[-0.138844,-0.976561,0.164474],[0.506692,0.0726449,0.859061],[0.850873,-0.202613,-0.484729]]],3],[10654,[-0.43405,0.433609,0.789673],1065,50.0504,[-84.5228,83.5708,40.2028],[-84.967,81.8493,41.7117],[-69.1581,71.2665,4.83353],false,[-137.565,80.4564,14.627],[-87.9109,62.247,-7.82739],[-66.82,68.3512,19.4765],[-75.2322,76.7548,34.7808],[-88.7788,83.4011,42.7826],[[[-0.177267,-0.918675,0.353006],[-0.470899,-0.235789,-0.850093],[-0.864194,0.316923,0.390805]],[[-0.221848,-0.901002,0.372799],[0.76709,-0.397294,-0.503717],[-0.60196,-0.174222,-0.779288]],[[-0.221848,-0.901002,0.372799],[0.873146,-0.0133737,0.487275],[0.43405,-0.433609,-0.789673]],[[-0.221848,-0.901002,0.372799],[0.567192,0.191747,0.800953],[0.793144,-0.389139,-0.468502]]],4]],[[0,200,0],[235.247,235.247,147.751]]],[1214100,287132819657,[[1063,"right",[-0.263995,0.0163019,-0.964386],[-0.546195,-0.826619,0.135544],[17.4605,135.092,73.402],[30.3609,-70.1383,-0.486797],[17.1332,139.526,74.3574],0.654627,0,0.734201,[[0.5459,-0.459387,-0.700683],[0.552765,0.825932,-0.110847],[0.629638,-0.326801,0.704809]],63.72,[210.138,45.2584,313.461],[40.1356,133.495,123.162]],[1065,"left",[0.877514,-0.0560038,-0.47627],[0.468326,-0.113548,0.876229],[-93.5579,100.448,0.101123],[-43.0847,34.7312,-11.9786],[-99.5233,102.841,-12.6104],0.928689,0,0.241686,[[-0.489388,-0.872047,-0.00574859],[-0.145307,0.0880417,-0.985462],[-0.859875,0.481438,0.169801]],63.1392,[-373.346,225.242,66.7084],[-143.296,96.4385,21.28]]],[[10630,[-0.461374,-0.428688,-0.776763],1063,52.1164,[-34.6976,104.61,62.1141],[-34.7158,105.005,61.2086],[30.5775,-76.1104,14.6229],false,[12.477,140.548,134.401],[12.477,140.548,134.401],[-22.0468,133.467,99.0493],[-37.7776,118.851,72.5651],[-33.6995,100.218,59.0043],[[[0.756911,0.516173,-0.400813],[-0.292494,0.816031,0.498539],[0.584408,-0.260115,0.76864]],[[0.52623,0.572656,-0.628608],[-0.494721,0.807431,0.321414],[0.691617,0.141848,0.708199]],[[0.52623,0.572656,-0.628608],[-0.714294,0.698779,0.0386204],[0.461374,0.428688,0.776763]],[[0.52623,0.572656,-0.628608],[-0.832297,0.195377,-0.518758],[-0.174254,0.796174,0.579433]]],0],[10631,[-0.266862,-0.14389,-0.952932],1063,58.8075,[-28.1279,143.93,-22.2915],[-27.6099,142.171,-22.2493],[47.9693,-105.354,-13.3033],false,[26.7438,152.349,119.599],[-7.86264,151.368,54.6846],[-16.9669,149.177,12.7551],[-23.417,145.699,-10.2776],[-28.7168,141.941,-26.0796],[[[0.73936,-0.551803,-0.385825],[0.481746,0.833868,-0.269414],[0.470391,0.0133242,0.882358]],[[0.833414,-0.530986,-0.153214],[0.510406,0.845845,-0.155024],[0.211911,0.0509979,0.975957]],[[0.833414,-0.530986,-0.153214],[0.483948,0.835074,-0.26162],[0.266862,0.14389,0.952932]],[[0.833414,-0.530986,-0.153214],[0.457389,0.818327,-0.348048],[0.310188,0.21999,0.924872]]],1],[10632,[0.0673762,-0.217279,0.973781],1063,67.0064,[-13.965,104.757,92.9835],[-12.6815,103.06,93.8819],[29.6875,-61.3762,11.1369],false,[36.2928,147.039,113.921],[10.7962,140.767,49.2826],[-21.8335,105.52,53.3098],[-19.9176,99.3409,81.0006],[-11.1866,103.712,97.0569],[[[0.703082,-0.678944,-0.211449],[0.610019,0.728665,-0.311327],[0.365449,0.0899005,0.92648]],[[0.707466,-0.677803,-0.200188],[-0.203021,0.0764091,-0.976189],[0.67696,0.731262,-0.0835516]],[[0.707466,-0.677803,-0.200188],[-0.703529,-0.702405,-0.10805],[-0.0673762,0.217279,-0.973781]],[[0.707466,-0.677803,-0.200188],[-0.532567,-0.697483,0.479468],[-0.464612,-0.232594,-0.854421]]],2],[10633,[-0.0365324,-0.163183,0.985919],1063,64.4285,[1.95644,97.9348,92.158],[3.54526,97.4862,93.1257],[27.5148,-62.7703,14.4303],false,[45.1373,139.321,110.296],[29.8731,128.368,50.5398],[-2.21816,97.3444,52.5338],[-3.23018,92.8239,79.8457],[4.23404,97.8509,96.2197],[[[0.701198,-0.7113,-0.0487299],[0.670031,0.68079,-0.295945],[0.243681,0.174866,0.953961]],[[0.688994,-0.71872,-0.0934279],[-0.0969468,0.0363563,-0.994625],[0.718254,0.694349,-0.0446283]],[[0.688994,-0.71872,-0.0934279],[-0.723845,-0.67588,-0.138689],[0.0365324,0.163183,-0.985919]],[[0.688994,-0.71872,-0.0934279],[-0.604722,-0.641133,0.472504],[-0.399498,-0.269055,-0.876362]]],3],[10634,[-0.217697,-0.0865974,0.972167],1063,50.5107,[15.6183,96.2427,83.8714],[17.2285,94.941,84.7146],[28.3897,-65.4418,16.6176],false,[51.1196,126.42,110.866],[45.0263,113.795,54.601],[16.806,92.543,53.103],[12.5481,90.8492,72.1174],[17.4098,95.7324,87.9169],[[[0.604276,-0.788923,0.111581],[0.789815,0.574626,-0.214471],[0.105084,0.217728,0.970336]],[[0.59825,-0.798844,0.0628077],[0.0715925,-0.024782,-0.997126],[0.798105,0.601027,0.0423654]],[[0.59825,-0.798844,0.0628077],[-0.771171,-0.595272,-0.225713],[0.217697,0.0865974,-0.972167]],[[0.59825,-0.798844,0.0628077],[-0.750027,-0.53065,0.394803],[-0.282058,-0.283299,-0.916616]]],4],[10650,[0.889075,-0.440439,0.124733],1065,51.6414,[-56.2111,103.678,39.5867],[-54.8652,101.561,43.7677],[-57.4913,58.948,2.50558],false,[-138.345,123.434,34.3457],[-138.345,123.434,34.3457],[-89.7325,132.17,36.9971],[-59.6953,117.29,41.2112],[-53.2744,95.2513,44.5074],[[[-0.28916,-0.308527,-0.9062],[-0.468889,0.870954,-0.146909],[-0.834584,-0.382426,0.39651]],[[0.0765268,-0.125642,-0.98912],[-0.167958,0.976228,-0.136999],[-0.982819,-0.176614,-0.0536051]],[[0.0765268,-0.125642,-0.98912],[0.451319,0.888947,-0.0779998],[-0.889075,0.44044,-0.124733]],[[0.0765268,-0.125642,-0.98912],[0.957852,0.284744,0.0379383],[-0.27688,0.950334,-0.142137]]],0],[10651,[0.999367,0.0158552,0.0318484],1065,58.2715,[8.22093,118.05,-14.3169],[8.96606,125.897,-12.0286],[-33.1977,2.01855,-0.550157],false,[-138.939,117.113,11.7321],[-70.2623,123.912,-11.7519],[-27.8484,125.273,-15.1408],[-3.91343,125.653,-14.3781],[12.9068,125.718,-12.4553],[[[0.0456491,-0.987274,-0.152336],[-0.332252,0.128808,-0.934354],[-0.942085,-0.0932665,0.322144]],[[0.0202741,-0.989427,-0.14361],[-0.0833557,0.141466,-0.986427],[-0.996314,-0.0319697,0.0796062]],[[0.0202741,-0.989427,-0.14361],[0.0292347,0.144165,-0.989122],[-0.999367,-0.0158552,-0.0318485]],[[0.0202741,-0.989427,-0.14361],[0.111815,0.144982,-0.983096],[-0.993522,-0.00387368,-0.113572]]],1],[10652,[-0.539593,0.0736018,0.838703],1065,66.3957,[-74.6325,106.906,55.723],[-75.9077,106.971,57.3687],[-78.8072,88.0731,-20.7067],false,[-138.399,105.468,8.12931],[-73.4192,102.501,-15.2818],[-49.2483,103.948,25.8861],[-64.4525,106.022,49.5184],[-80.6317,107.264,58.652],[[[-0.0260822,-0.998194,0.0541187],[-0.340354,-0.0420355,-0.939357],[-0.939936,0.04292,0.338643]],[[-0.0426478,-0.997282,0.0600801],[0.861431,-0.0671658,-0.503413],[-0.50608,-0.0302854,-0.861954]],[[-0.0426478,-0.997282,0.0600801],[0.840845,-0.00335005,0.541265],[0.539593,-0.0736018,-0.838703]],[[-0.0426478,-0.997282,0.0600801],[0.493184,0.0312832,0.869362],[0.868879,-0.0667069,-0.490509]]],2],[10653,[-0.518943,0.223644,0.825034],1065,63.8413,[-81.9441,92.778,52.9967],[-83.1874,93.794,53.7282],[-83.7545,85.1503,-15.7822],false,[-138.254,93.3044,7.67153],[-81.2621,81.3778,-13.8273],[-57.6495,84.6574,23.4787],[-71.8943,90.7963,46.1255],[-87.7416,94.67,54.8784],[[[-0.138385,-0.97497,0.174021],[-0.371137,-0.111855,-0.921816],[-0.918208,0.192151,0.346369]],[[-0.141416,-0.97433,0.175164],[0.833991,-0.212587,-0.509181],[-0.533348,-0.0740783,-0.842646]],[[-0.141416,-0.97433,0.175164],[0.84303,-0.0257736,0.537249],[0.518943,-0.223644,-0.825034]],[[-0.141416,-0.97433,0.175164],[0.497294,0.0830775,0.863595],[0.855979,-0.209234,-0.47278]]],3],[10654,[-0.439356,0.443728,0.781071],1065,50.0504,[-84.7327,83.4489,40.2751],[-85.6274,82.5133,41.5968],[-70.9938,72.27,-0.10625],false,[-138.035,80.9128,14.4006],[-88.3227,62.3529,-7.63362],[-67.3262,68.7272,19.6813],[-75.8412,77.3269,34.8189],[-89.4553,84.0772,42.6166],[[[-0.18049,-0.914204,0.362842],[-0.467797,-0.244718,-0.849281],[-0.865211,0.323023,0.383493]],[[-0.225339,-0.896126,0.382336],[0.768181,-0.404796,-0.496022],[-0.599266,-0.181931,-0.779603]],[[-0.225339,-0.896126,0.382336],[0.869591,-0.00802363,0.493708],[0.439356,-0.443728,-0.781071]],[[-0.225339,-0.896126,0.382336],[0.560239,0.201878,0.803354],[0.797092,-0.395226,-0.456553]]],4]],[[0,200,0],[235.247,235.247,147.751]]],[1214101,287132837365,[[1063,"right",[-0.262908,0.0123857,-0.964741],[-0.544799,-0.827159,0.137848],[18.2507,134.486,72.926],[37.0392,-53.3275,-12.845],[17.4148,138.256,73.9967],0.656221,0,0.740745,[[0.546976,-0.458709,-0.700287],[0.552117,0.826463,-0.110114],[0.629272,-0.326411,0.705317]],63.72,[210.775,44.9765,313.153],[40.8712,133.108,122.717]],[1065,"left",[0.878919,-0.0648277,-0.472544],[0.465326,-0.101034,0.879354],[-94.1396,100.463,0.0385333],[-38.2936,18.8611,-8.02462],[-99.2063,102.701,-11.8656],0.926934,0,0.272197,[[-0.486524,-0.87361,0.0100217],[-0.153952,0.0744353,-0.985271],[-0.859996,0.480901,0.170709]],63.1392,[-374.034,225.526,66.7875],[-143.952,96.8658,21.1163]]],[[10630,[-0.458358,-0.434709,-0.7752],1063,52.1164,[-33.7975,103.748,61.8411],[-33.8355,104.195,60.9202],[39.5864,-61.5121,-0.0265007],false,[13.1864,140.149,133.899],[13.1864,140.149,133.899],[-21.3666,132.924,98.6055],[-36.9946,118.102,72.1746],[-32.7877,99.4078,58.7378],[[[0.756405,0.516171,-0.40177],[-0.294601,0.817242,0.495304],[0.584005,-0.256288,0.77023]],[[0.524839,0.571509,-0.63081],[-0.49538,0.807732,0.319638],[0.692202,0.144732,0.707043]],[[0.524839,0.571509,-0.63081],[-0.717253,0.695992,0.0338031],[0.458358,0.434709,0.7752]],[[0.524839,0.571509,-0.63081],[-0.832005,0.187936,-0.521966],[-0.179756,0.798785,0.574134]]],0],[10631,[-0.265203,-0.146634,-0.952977],1063,58.8075,[-27.1387,142.636,-22.7534],[-26.6904,141.251,-22.8245],[50.0235,-80.1577,-22.2393],false,[27.4481,151.923,119.072],[-7.08127,150.648,54.1219],[-16.0974,148.377,12.1777],[-22.5075,144.832,-10.8562],[-27.7844,141.014,-26.6516],[[[0.74084,-0.551776,-0.383014],[0.480492,0.833812,-0.271817],[0.469343,0.0173374,0.882846]],[[0.834498,-0.530008,-0.150679],[0.509481,0.846343,-0.155347],[0.209861,0.0528689,0.976301]],[[0.834498,-0.530008,-0.150679],[0.482991,0.835218,-0.262926],[0.265203,0.146634,0.952977]],[[0.834498,-0.530008,-0.150679],[0.456315,0.81802,-0.350171],[0.308852,0.22346,0.924487]]],1],[10632,[0.0676506,-0.212802,0.974751],1063,67.0064,[-13.3695,103.813,92.9919],[-11.8478,102.476,93.486],[38.9385,-47.3876,-3.52364],false,[37.0136,146.612,113.424],[11.6037,140.062,48.779],[-20.9559,104.766,52.9386],[-19.0321,98.7143,80.657],[-10.314,103.174,96.6957],[[[0.704599,-0.678366,-0.208229],[0.609011,0.728702,-0.313208],[0.364207,0.0938722,0.926575]],[[0.708939,-0.677185,-0.197042],[-0.202731,0.0719226,-0.97659],[0.675504,0.732289,-0.0862977]],[[0.708939,-0.677185,-0.197042],[-0.702018,-0.704369,-0.105052],[-0.0676506,0.212802,-0.974751]],[[0.708939,-0.677185,-0.197042],[-0.531202,-0.696483,0.482426],[-0.463928,-0.237342,-0.853487]]],2],[10633,[-0.0379998,-0.16009,0.986371],1063,64.4285,[2.616,97.0629,92.1178],[4.3362,96.8913,92.7323],[36.1966,-48.697,-2.36279],false,[45.8767,138.898,109.837],[30.7024,127.704,50.1022],[-1.3336,96.6265,52.1452],[-2.38627,92.1917,79.4697],[5.04111,97.2873,95.8391],[[[0.702587,-0.710148,-0.0453988],[0.669095,0.680995,-0.297588],[0.242248,0.178705,0.953614]],[[0.690507,-0.717719,-0.0898854],[-0.0953393,0.0328746,-0.994902],[0.717015,0.695556,-0.0457267]],[[0.690507,-0.717719,-0.0898854],[-0.722327,-0.67768,-0.137816],[0.0379998,0.16009,-0.986371]],[[0.690507,-0.717719,-0.0898854],[-0.604296,-0.640701,0.473634],[-0.397526,-0.27273,-0.876123]]],3],[10634,[-0.219718,-0.0834398,0.971989],1063,50.5107,[16.2489,95.3165,83.8941],[18.0351,94.3642,84.3523],[36.9549,-49.8564,-0.62384],false,[51.8826,126.01,110.459],[45.8782,113.174,54.2324],[17.7056,91.8572,52.7554],[13.4082,90.2252,71.7664],[18.2265,95.1792,87.5572],[[[0.605626,-0.787385,0.115075],[0.788983,0.575346,-0.2156],[0.103552,0.221365,0.969678]],[[0.599785,-0.79734,0.067134],[0.0737785,-0.0284353,-0.996869],[0.796753,0.60286,0.0417714]],[[0.599785,-0.79734,0.067134],[-0.769404,-0.597735,-0.225236],[0.219718,0.0834398,-0.971989]],[[0.599785,-0.79734,0.067134],[-0.749746,-0.530703,0.395266],[-0.279533,-0.287408,-0.91611]]],4],[10650,[0.888128,-0.439663,0.133887],1065,51.6414,[-56.0437,103.109,40.4526],[-55.5352,102.108,43.7877],[-47.7451,47.2127,2.06364],false,[-138.993,124.048,33.7854],[-138.993,124.048,33.7854],[-90.3647,132.696,36.4374],[-60.3594,117.842,40.9608],[-53.9195,95.8657,44.6181],[[[-0.286845,-0.32177,-0.902321],[-0.46681,0.869458,-0.161654],[-0.836546,-0.374843,0.399605]],[[0.0789124,-0.141111,-0.986844],[-0.164958,0.974435,-0.152527],[-0.983139,-0.174824,-0.0536177]],[[0.0789124,-0.141111,-0.986844],[0.452772,0.887008,-0.0906294],[-0.888128,0.439663,-0.133887]],[[0.0789124,-0.141111,-0.986844],[0.957421,0.286492,0.0355936],[-0.2777,0.947634,-0.15771]]],0],[10651,[0.999321,0.0138942,0.0341308],1065,58.2715,[8.23425,118.348,-14.2654],[8.47232,125.498,-12.2221],[-30.7271,-10.1013,-4.85569],false,[-139.527,117.384,11.2688],[-70.7632,123.702,-12.0955],[-28.3379,124.906,-15.4009],[-4.4041,125.239,-14.5834],[12.4112,125.293,-12.6181],[[[0.0443099,-0.98956,-0.137143],[-0.329041,0.115162,-0.937267],[-0.943276,-0.0866559,0.320502]],[[0.0181655,-0.99158,-0.128213],[-0.0806179,0.126364,-0.988703],[-0.99658,-0.0282966,0.0776436]],[[0.0181655,-0.99158,-0.128213],[0.032062,0.128746,-0.991159],[-0.999321,-0.0138942,-0.0341308]],[[0.0181655,-0.99158,-0.128213],[0.114703,0.129454,-0.984929],[-0.993234,-0.00318529,-0.116089]]],1],[10652,[-0.545401,0.0872132,0.833625],1065,66.3957,[-75.4394,107.14,55.8641],[-76.7877,107.817,57.0906],[-64.1295,68.8179,-18.492],false,[-138.997,105.685,7.84548],[-73.9484,102.245,-15.3092],[-49.8593,104.272,25.8822],[-65.2272,106.73,49.3714],[-81.4918,108.132,58.3285],[[[-0.0280976,-0.997205,0.069223],[-0.337442,-0.055723,-0.939696],[-0.940927,0.049762,0.334933]],[[-0.0445525,-0.996182,0.0750713],[0.862339,-0.0762876,-0.500551],[-0.504367,-0.0424361,-0.862446]],[[-0.0445525,-0.996182,0.0750713],[0.83699,0.00380384,0.547205],[0.545401,-0.0872133,-0.833625]],[[-0.0445525,-0.996182,0.0750713],[0.484843,0.0441413,0.873487],[0.873466,-0.0753138,-0.481026]]],2],[10653,[-0.52752,0.237049,0.8158],1065,63.8413,[-82.9461,93.3429,52.8978],[-84.1989,94.5925,53.5493],[-71.3643,66.0215,-13.1767],false,[-138.873,93.5158,7.57338],[-81.8349,81.1607,-13.5584],[-58.3367,84.9681,23.7696],[-72.8168,91.475,46.1629],[-88.7837,95.4861,54.6322],[[[-0.140738,-0.971956,0.188397],[-0.36841,-0.125212,-0.921193],[-0.918949,0.199054,0.340456]],[[-0.143536,-0.971346,0.189432],[0.835276,-0.221565,-0.503212],[-0.530765,-0.0859996,-0.843145]],[[-0.143536,-0.971346,0.189432],[0.837329,-0.017167,0.546429],[0.52752,-0.237049,-0.8158]],[[-0.143536,-0.971346,0.189432],[0.485394,0.0977109,0.868818],[0.862433,-0.216656,-0.457461]]],3],[10654,[-0.446426,0.456679,0.769512],1065,50.0504,[-85.3276,83.3687,40.4162],[-86.5207,83.1248,41.6439],[-61.3286,54.0256,1.0261],false,[-138.698,81.2277,14.491],[-88.9502,62.2451,-7.09859],[-68.001,68.9792,20.1661],[-76.6529,77.8299,35.0797],[-90.3708,84.693,42.5919],[[[-0.183331,-0.908247,0.376135],[-0.465545,-0.256781,-0.846954],[-0.865828,0.330381,0.375754]],[[-0.228575,-0.889631,0.39536],[0.768274,-0.414264,-0.487996],[-0.59792,-0.192201,-0.778171]],[[-0.228575,-0.889631,0.39536],[0.865134,0.000608264,0.50154],[0.446426,-0.456679,-0.769512]],[[-0.228575,-0.889631,0.39536],[0.550157,0.217006,0.806372],[0.803169,-0.401826,-0.439835]]],4]],[[0,200,0],[235.247,235.247,147.751]]],[1214102,287132845698,[[1063,"right",[-0.259645,0.0127264,-0.96562],[-0.541701,-0.829705,0.134722],[18.5627,134.155,72.5807],[37.1434,-49.8196,-20.1964],[17.5572,137.747,73.8211],0.65461,0,0.741698,[[0.550209,-0.454717,-0.700359],[0.548916,0.829,-0.107005],[0.629255,-0.325564,0.705724]],63.72,[210.917,44.896,312.993],[41.0178,132.798,122.448]],[1065,"left",[0.880281,-0.0701899,-0.469231],[0.4624,-0.0945765,0.881613],[-94.4298,100.569,-0.113322],[-37.4017,17.2918,-10.6469],[-99.0675,102.639,-11.5242],0.924601,0,0.287768,[[-0.484604,-0.874538,0.0184984],[-0.159278,0.0674265,-0.984929],[-0.86011,0.480246,0.17197]],63.1392,[-374.427,225.714,66.8453],[-144.314,97.2293,20.8367]]],[[10630,[-0.452888,-0.437152,-0.77704],1063,52.1164,[-33.3914,103.278,61.464],[-33.3363,103.611,60.4322],[44.8784,-63.8456,-15.1952],false,[13.2647,139.703,133.545],[13.2647,139.703,133.545],[-21.1823,132.398,98.1639],[-36.6238,117.493,71.6703],[-32.2473,98.8258,58.2497],[[[0.755549,0.520033,-0.398385],[-0.299819,0.81521,0.495521],[0.582455,-0.254948,0.771847]],[[0.523823,0.574788,-0.628672],[-0.499402,0.805111,0.319991],[0.690077,0.146342,0.708786]],[[0.523823,0.574788,-0.628672],[-0.721458,0.691749,0.0313239],[0.452888,0.437152,0.77704]],[[0.523823,0.574788,-0.628672],[-0.831048,0.182821,-0.525296],[-0.186999,0.797619,0.573442]]],0],[10631,[-0.261253,-0.146174,-0.954138],1063,58.8075,[-26.7093,142.24,-23.0264],[-26.0688,140.901,-23.3192],[56.3352,-70.4372,-31.6712],false,[27.5264,151.562,118.785],[-6.77391,150.237,53.714],[-15.624,148.014,11.7318],[-21.9386,144.481,-11.3301],[-27.1473,140.661,-27.1477],[[[0.744521,-0.547998,-0.381296],[0.477826,0.836286,-0.268901],[0.46623,0.0180097,0.88448]],[[0.837277,-0.526188,-0.148643],[0.506491,0.848793,-0.151714],[0.205997,0.0517402,0.977184]],[[0.837277,-0.526188,-0.148643],[0.480328,0.837711,-0.259856],[0.261253,0.146174,0.954138]],[[0.837277,-0.526188,-0.148643],[0.453906,0.820455,-0.347596],[0.304856,0.223564,0.925787]]],1],[10632,[0.0671713,-0.212066,0.974944],1063,67.0064,[-13.0849,103.424,92.9224],[-11.4294,102.012,93.0344],[43.6945,-48.3224,-14.5967],false,[37.1341,146.3,113.162],[11.9747,139.74,48.4194],[-20.4227,104.289,52.5313],[-18.5126,98.2583,80.2552],[-9.84761,102.758,96.3115],[[[0.708226,-0.67501,-0.206828],[0.606938,0.731793,-0.310009],[0.360615,0.0940245,0.927964]],[[0.712509,-0.673831,-0.195659],[-0.201389,0.070728,-0.976954],[0.672141,0.735493,-0.0853078]],[[0.712509,-0.673831,-0.195659],[-0.69844,-0.707799,-0.105837],[-0.0671713,0.212066,-0.974944]],[[0.712509,-0.673831,-0.195659],[-0.528881,-0.699003,0.481331],[-0.461102,-0.239472,-0.854423]]],2],[10633,[-0.0409788,-0.161908,0.985955],1063,64.4285,[2.90223,96.7103,91.9876],[4.72117,96.456,92.2663],[39.258,-49.4271,-16.0978],false,[46.0426,138.63,109.593],[31.1218,127.461,49.7896],[-0.787046,96.2432,51.6647],[-1.92224,91.758,78.9776],[5.42308,96.8591,95.3824],[[[0.705792,-0.707048,-0.0440541],[0.667172,0.684321,-0.294254],[0.238199,0.178291,0.954711]],[[0.693923,-0.71459,-0.0885045],[-0.0918289,0