{"metadata":{"formatVersion":2,"generatedBy":"LeapJS Playback 0.2.1","frames":136,"protocolVersion":6,"serviceVersion":"2.2.4+26750","frameRate":"1.1e+2","modified":"Wed Apr 15 2015 21:29:00 GMT-0300 (E. South America Standard Time)"},"frames":[["id","timestamp",{"hands":[["id","type","direction","palmNormal","palmPosition","palmVelocity","stabilizedPalmPosition","pinchStrength","grabStrength","confidence","armBasis","armWidth","elbow","wrist"]]},{"pointables":[["id","direction","handId","length","stabilizedTipPosition","tipPosition","tipVelocity","tool","carpPosition","mcpPosition","pipPosition","dipPosition","btipPosition","bases","type"]]},{"interactionBox":["center","size"]}],[1220054,287222721371,[[1071,"right",[-0.097001,0.240579,-0.96577],[-0.223146,-0.950901,-0.214462],[-3.05612,149.625,26.1916],[215.699,2.31162,-32.8318],[-10.8165,150.067,28.3665],0.967597,0,0.710237,[[0.711347,0.0785959,-0.698433],[0.234053,0.910519,0.340843],[0.662726,-0.405928,0.629299]],63.72,[189.475,29.6569,248.068],[10.5396,139.257,78.1573]]],[[10710,[-0.0120755,-0.34128,-0.939884],1071,52.1164,[-31.8043,106.47,-4.6736],[-32.4493,107.29,-5.62846],[249.342,-4.56905,-36.4747],false,[-19.1898,133.715,83.3059],[-19.1898,133.715,83.3059],[-41.4943,126.84,39.1811],[-41.906,115.204,7.13516],[-28.3568,103.85,-8.20255],[[[0.570964,0.819107,-0.0553513],[-0.642957,0.488064,0.590254],[0.510496,-0.301425,0.805318]],[[0.36724,0.872751,-0.321622],[-0.815769,0.468333,0.339388],[0.446827,0.137732,0.883954]],[[0.36724,0.872751,-0.321622],[-0.930048,0.349047,-0.114793],[0.0120755,0.34128,0.939884]],[[0.36724,0.872751,-0.321622],[-0.727987,0.0544744,-0.683423],[-0.578938,0.485117,0.655357]]],0],[10711,[-0.246125,0.108575,-0.963138],1071,58.8075,[-49.1265,177.048,-69.6797],[-47.2939,178.102,-69.7368],[271.157,-27.9879,-68.7303],false,[-8.04152,153.312,75.9883],[-29.2827,162.568,6.16259],[-38.2814,174.798,-34.0271],[-44.2303,177.423,-57.3065],[-48.8575,176.68,-73.7368],[[[0.93989,-0.151547,-0.306006],[0.182334,0.980411,0.0744947],[0.288722,-0.125812,0.949111]],[[0.952408,-0.157286,-0.261114],[0.221467,0.945634,0.238179],[0.209456,-0.284672,0.935463]],[[0.952408,-0.157286,-0.261114],[0.179838,0.981566,0.0646954],[0.246125,-0.108575,0.963138]],[[0.952408,-0.157286,-0.261114],[0.139901,0.986596,-0.0840067],[0.270827,0.0434787,0.961646]]],1],[10712,[-0.28963,-0.914977,0.280947],1071,67.0064,[-36.6757,82.3695,0.585194],[-36.1169,82.6924,-1.11622],[237.832,-5.15682,-45.7316],false,[3.54744,153.209,71.8286],[-7.44941,160.361,3.30487],[-24.9148,119.752,-15.9098],[-33.1508,93.7338,-7.92072],[-36.8977,78.9422,3.04785],[[[0.925309,-0.332052,-0.18315],[0.344903,0.937675,0.0425078],[0.15762,-0.102502,0.982166]],[[0.931829,-0.336605,-0.135615],[0.0199306,0.420607,-0.907024],[0.36235,0.842489,0.398642]],[[0.931829,-0.336605,-0.135615],[-0.218653,-0.222516,-0.950093],[0.28963,0.914977,-0.280947]],[[0.931829,-0.336605,-0.135615],[-0.303216,-0.516853,-0.800576],[0.199385,0.787121,-0.583683]]],2],[10713,[-0.4045,-0.869095,0.284699],1071,64.4285,[-23.6692,82.4121,6.11287],[-18.6683,82.3446,4.46752],[232.558,-2.60956,-39.4352],false,[15.0404,150.078,68.8221],[14.3743,154.554,6.34575],[-2.61165,116.743,-10.3307],[-13.8171,92.6674,-2.44403],[-20.395,78.8117,8.22565],[[[0.909768,-0.413252,-0.0392996],[0.41498,0.90781,0.0606016],[0.0106328,-0.071442,0.997388]],[[0.908831,-0.416725,0.0191397],[0.171738,0.331942,-0.927535],[0.380173,0.84626,0.373246]],[[0.908831,-0.416725,0.0191397],[-0.102007,-0.266485,-0.958426],[0.4045,0.869095,-0.284699]],[[0.908831,-0.416725,0.0191397],[-0.223781,-0.525735,-0.820685],[0.352062,0.741581,-0.57106]]],3],[10714,[-0.613231,-0.75702,0.225539],1071,50.5107,[-5.97319,93.7329,7.12643],[-2.19567,93.8945,5.30003],[228.565,1.45513,-18.1703],false,[25.1259,140.095,67.7445],[32.9422,144.722,10.4752],[17.1453,116.714,-4.23117],[5.15126,101.907,0.180108],[-5.16182,91.2417,8.9546],[[[0.823728,-0.563021,0.0669321],[0.550729,0.822581,0.141629],[-0.134797,-0.0798021,0.987655]],[[0.788305,-0.568359,0.235676],[0.423067,0.222577,-0.878336],[0.446753,0.792104,0.415913]],[[0.788305,-0.568359,0.235676],[0.0502246,-0.322318,-0.945298],[0.613231,0.75702,-0.225539]],[[0.788305,-0.568359,0.235676],[-0.143496,-0.542301,-0.82784],[0.598317,0.618772,-0.509056]]],4]],[[0,200,0],[235.247,235.247,147.751]]],[1220055,287222729912,[[1071,"right",[-0.0908971,0.239052,-0.966743],[-0.221923,-0.951213,-0.214346],[-0.947916,149.599,25.8291],[223.875,0.916539,-35.3553],[-8.42251,149.954,27.7509],0.966604,0,0.719149,[[0.716589,0.0774086,-0.693187],[0.23208,0.910734,0.341618],[0.657753,-0.405674,0.634657]],63.72,[189.913,29.7808,249.253],[12.3195,139.313,77.8957]]],[[10710,[-0.00358799,-0.343962,-0.938977],1071,52.1164,[-29.5926,106.413,-4.94657],[-30.0654,107.181,-5.96154],[255.773,-5.21672,-36.9888],false,[-17.4423,133.782,82.8662],[-17.4423,133.782,82.8662],[-39.5961,126.897,38.667],[-39.7184,115.17,6.65199],[-25.9729,103.782,-8.48452],[[[0.571412,0.818946,-0.0530662],[-0.646587,0.489085,0.585424],[0.505384,-0.300206,0.808989]],[[0.369182,0.872194,-0.320909],[-0.816542,0.469312,0.336164],[0.443807,0.13793,0.885444]],[[0.369182,0.872194,-0.320909],[-0.92935,0.347805,-0.123855],[0.00358799,0.343962,0.938977]],[[0.369182,0.872194,-0.320909],[-0.720244,0.0502937,-0.691895],[-0.587327,0.486569,0.64676]]],0],[10711,[-0.241308,0.103972,-0.964863],1071,58.8075,[-46.7973,176.664,-70.2698],[-44.6889,177.654,-70.4572],[279.993,-34.5152,-72.7926],false,[-6.24565,153.367,75.5875],[-27.0463,162.514,5.61509],[-35.8616,174.503,-34.6879],[-41.6941,177.016,-58.0091],[-46.2342,176.215,-74.461],[[[0.941774,-0.152153,-0.299851],[0.181996,0.980505,0.0740779],[0.282734,-0.124336,0.951106]],[[0.953841,-0.15774,-0.25555],[0.219286,0.947233,0.2338],[0.205186,-0.279047,0.9381]],[[0.953841,-0.15774,-0.25555],[0.178767,0.981992,0.0611091],[0.241308,-0.103972,0.964863]],[[0.953841,-0.15774,-0.25555],[0.13992,0.986369,-0.0865903],[0.265725,0.0468368,0.96291]]],1],[10712,[-0.291905,-0.914836,0.279046],1071,67.0064,[-34.6651,82.2694,0.197729],[-33.8578,82.5812,-1.53788],[244.133,-7.43163,-48.9154],false,[5.3692,153.256,71.5009],[-5.19583,160.299,2.89815],[-22.5445,119.639,-16.3136],[-30.8452,93.6248,-8.37855],[-34.6821,78.8215,2.54286],[[[0.926397,-0.33246,-0.176802],[0.344757,0.937698,0.0431814],[0.151431,-0.100957,0.983299]],[[0.932634,-0.336952,-0.129066],[0.0254279,0.418185,-0.908006],[0.359928,0.843555,0.398581]],[[0.932634,-0.336952,-0.129066],[-0.2121,-0.222572,-0.951565],[0.291905,0.914836,-0.279046]],[[0.932634,-0.336952,-0.129066],[-0.297499,-0.515669,-0.80348],[0.204178,0.787749,-0.581173]]],2],[10713,[-0.406435,-0.868749,0.282993],1071,64.4285,[-21.3069,82.2457,5.87761],[-16.4437,82.2646,4.14222],[239.657,-4.3744,-40.034],false,[16.8804,150.118,68.5718],[16.6076,154.494,6.08537],[-0.284438,116.65,-10.6099],[-11.5435,92.5837,-2.77043],[-18.1948,78.7331,7.86043],[[[0.909941,-0.413429,-0.0329233],[0.414715,0.907853,0.0617628],[0.00435501,-0.0698543,0.997548]],[[0.908639,-0.416806,0.0254547],[0.177307,0.329904,-0.927214],[0.37807,0.847016,0.373667]],[[0.908639,-0.416806,0.0254547],[-0.0958394,-0.267484,-0.958784],[0.406435,0.868749,-0.282993]],[[0.908639,-0.416806,0.0254547],[-0.218285,-0.526061,-0.821956],[0.355987,0.741305,-0.568982]]],3],[10714,[-0.614858,-0.756521,0.222767],1071,50.5107,[-3.8229,93.6892,6.95221],[0.00705339,93.8215,5.09108],[236.187,-1.11866,-20.9689],false,[26.9712,140.132,67.5734],[35.1478,144.667,10.3471],[19.4251,116.625,-4.3755],[7.39922,101.829,-0.0184381],[-2.97605,91.1726,8.69415],[[[0.823214,-0.563017,0.0730039],[0.54994,0.822736,0.143777],[-0.141012,-0.0782115,0.986914]],[[0.786613,-0.568073,0.241935],[0.428394,0.219945,-0.876414],[0.444655,0.793043,0.416371]],[[0.786613,-0.568073,0.241935],[0.0564809,-0.323988,-0.944374],[0.614858,0.756521,-0.222767]],[[0.786613,-0.568073,0.241935],[-0.137572,-0.543232,-0.828235],[0.601925,0.618217,-0.505464]]],4]],[[0,200,0],[235.247,235.247,147.751]]],[1220056,287222738551,[[1071,"right",[-0.0827198,0.240383,-0.967147],[-0.215349,-0.951856,-0.218163],[1.54998,149.537,25.5558],[241.183,-1.25222,-34.3696],[-5.67338,149.839,27.1458],0.964698,0,0.724891,[[0.723668,0.08177,-0.685287],[0.22449,0.911068,0.345774],[0.652617,-0.404065,0.640954]],63.72,[190.571,30.1202,250.787],[14.3643,139.218,77.7294]]],[[10710,[0.00903238,-0.342939,-0.939314],1071,52.1164,[-26.7109,106.345,-5.40497],[-27.0281,107.044,-6.44811],[278.837,-5.94075,-42.1396],false,[-15.4175,133.538,82.4032],[-15.4175,133.538,82.4032],[-37.2773,126.726,38.0465],[-36.9693,115.034,6.01997],[-22.9486,103.734,-8.92866],[[[0.568016,0.821725,-0.0461048],[-0.654497,0.484964,0.580037],[0.49899,-0.299295,0.813284]],[[0.368168,0.874507,-0.315738],[-0.820172,0.46542,0.332719],[0.437916,0.136463,0.888599]],[[0.368168,0.874507,-0.315738],[-0.929715,0.342974,-0.134158],[-0.00903238,0.342939,0.939314]],[[0.368168,0.874507,-0.315738],[-0.711022,0.0460075,-0.701663],[-0.599083,0.482826,0.638732]]],0],[10711,[-0.23365,0.102021,-0.966954],1071,58.8075,[-43.8176,176.296,-70.9405],[-41.4968,177.317,-71.13],[303.945,-35.4807,-74.2016],false,[-4.24409,153.188,75.2675],[-24.4135,162.365,5.11433],[-32.9609,174.233,-35.282],[-38.6083,176.699,-58.6537],[-43.0011,175.882,-75.1447],[[[0.945325,-0.147166,-0.291037],[0.176635,0.981215,0.0775698],[0.274154,-0.124736,0.953562]],[[0.956829,-0.152694,-0.247313],[0.21189,0.948883,0.233932],[0.198951,-0.276236,0.940272]],[[0.956829,-0.152694,-0.247313],[0.172879,0.982994,0.0619399],[0.23365,-0.102021,0.966954]],[[0.956829,-0.152694,-0.247313],[0.135559,0.987117,-0.0849943],[0.257105,0.0477995,0.965201]]],1],[10712,[-0.290566,-0.916992,0.273308],1071,67.0064,[-31.8423,82.0821,-0.45325],[-30.7882,82.3739,-2.20857],[272.909,-12.1024,-58.5162],false,[7.40995,153.139,71.2928],[-2.52764,160.258,2.60403],[-19.497,119.533,-16.8062],[-27.7597,93.4567,-9.03426],[-31.6473,78.5907,1.78372],[[[0.929617,-0.327768,-0.168462],[0.339887,0.939232,0.0481663],[0.142438,-0.102034,0.984531]],[[0.935431,-0.33233,-0.120524],[0.0319954,0.419127,-0.907364],[0.352059,0.84492,0.402698]],[[0.935431,-0.33233,-0.120524],[-0.201348,-0.220641,-0.954346],[0.290566,0.916992,-0.273308]],[[0.935431,-0.33233,-0.120524],[-0.286656,-0.513565,-0.808752],[0.206876,0.79108,-0.575669]]],2],[10713,[-0.40506,-0.871372,0.276834],1071,64.4285,[-18.4282,82.0732,5.49903],[-13.4324,82.1405,3.63553],[268.222,-7.24302,-46.0818],false,[18.9635,150.062,68.469],[19.2713,154.55,5.99077],[2.7108,116.643,-10.8936],[-8.51017,92.5044,-3.22472],[-15.2034,78.5864,7.29109],[[[0.912161,-0.409075,-0.0248925],[0.409802,0.909683,0.0673675],[-0.00491406,-0.071651,0.997418]],[[0.910319,-0.41256,0.0333773],[0.184224,0.331637,-0.925245],[0.37065,0.848417,0.377898]],[[0.910319,-0.41256,0.0333773],[-0.0851268,-0.265527,-0.960338],[0.40506,0.871372,-0.276834]],[[0.910319,-0.41256,0.0333773],[-0.207336,-0.524306,-0.825902],[0.358235,0.744914,-0.562824]]],3],[10714,[-0.613542,-0.759747,0.215291],1071,50.5107,[-1.12638,93.6411,6.68812],[2.93437,93.7848,4.79287],[263.208,-2.17627,-25.8671],false,[29.1105,140.124,67.5502],[37.8159,144.802,10.4134],[22.351,116.7,-4.46436],[10.3509,101.84,-0.253527],[-0.064627,91.112,8.32187],[[[0.825128,-0.559264,0.0799284],[0.544633,0.825055,0.150529],[-0.150131,-0.0806738,0.985369]],[[0.786762,-0.56479,0.249031],[0.435566,0.22212,-0.872322],[0.437364,0.794779,0.420759]],[[0.786762,-0.56479,0.249031],[0.0676064,-0.322174,-0.944263],[0.613542,0.759747,-0.215291]],[[0.786762,-0.56479,0.249031],[-0.125994,-0.541898,-0.830946],[0.60426,0.622381,-0.497505]]],4]],[[0,200,0],[235.247,235.247,147.751]]],[1220057,287222747260,[[1071,"right",[-0.0741364,0.24209,-0.967417],[-0.209611,-0.952199,-0.222219],[4.0744,149.408,25.3054],[254.181,-4.859,-32.8682],[-2.62975,149.704,26.5711],0.961532,0,0.730371,[[0.72831,0.0850094,-0.679954],[0.217516,0.912277,0.347041],[0.649808,-0.400654,0.64593]],63.72,[191.863,30.8518,251.982],[16.4152,139.028,77.581]]],[[10710,[0.0218486,-0.34145,-0.939646],1071,52.1164,[-23.7298,106.295,-5.84882],[-23.995,106.91,-6.88413],[294.782,-5.78202,-44.1796],false,[-13.3894,133.228,81.9506],[-13.3894,133.228,81.9506],[-34.998,126.569,37.4478],[-34.253,114.927,5.40997],[-19.9308,103.705,-9.30948],[[[0.56534,0.823943,-0.0388417],[-0.661977,0.481295,0.57458],[0.492115,-0.299121,0.817527]],[[0.36826,0.876535,-0.309954],[-0.822797,0.462487,0.330318],[0.432885,0.133386,0.891526]],[[0.36826,0.876535,-0.309954],[-0.929466,0.339262,-0.144893],[-0.0218486,0.34145,0.939646]],[[0.36826,0.876535,-0.309954],[-0.699913,0.0419309,-0.712996],[-0.61197,0.479508,0.62894]]],0],[10711,[-0.225364,0.101621,-0.968961],1071,58.8075,[-40.5022,175.99,-71.6197],[-38.2049,177.052,-71.7671],[323.982,-33.5632,-73.9813],false,[-2.22062,152.934,74.9653],[-21.7355,162.182,4.6365],[-29.9798,173.987,-35.841],[-35.4269,176.443,-59.2612],[-39.6649,175.638,-75.7932],[[[0.948682,-0.143014,-0.282046],[0.172167,0.981706,0.0813126],[0.265257,-0.125699,0.955949]],[[0.95965,-0.148522,-0.238774],[0.205544,0.949964,0.235201],[0.191895,-0.274789,0.942161]],[[0.95965,-0.148522,-0.238774],[0.168176,0.983674,0.0640489],[0.225364,-0.101621,0.968961]],[[0.95965,-0.148522,-0.238774],[0.132453,0.987785,-0.0820804],[0.248049,0.047142,0.9676]]],1],[10712,[-0.290449,-0.919261,0.265706],1071,67.0064,[-28.8212,81.8349,-1.24052],[-27.758,82.1228,-2.9036],[292.045,-16.9169,-67.8691],false,[9.47194,152.937,71.105],[0.181691,160.162,2.33681],[-16.4386,119.398,-17.294],[-24.6979,93.258,-9.73828],[-28.6646,78.3092,0.935993],[[[0.932453,-0.323929,-0.160002],[0.335856,0.940397,0.0534267],[0.133159,-0.103556,0.98567]],[[0.937844,-0.3286,-0.111677],[0.0393838,0.420468,-0.906452],[0.344816,0.845712,0.407275]],[[0.937844,-0.3286,-0.111677],[-0.189971,-0.216754,-0.957564],[0.290449,0.919261,-0.265706]],[[0.937844,-0.3286,-0.111677],[-0.275489,-0.509143,-0.815401],[0.211081,0.795484,-0.568022]]],2],[10713,[-0.4045,-0.873697,0.270247],1071,64.4285,[-15.1742,81.8777,5.00858],[-10.4547,81.9701,3.13534],[287.58,-10.7884,-50.2942],false,[21.0641,149.909,68.3885],[21.9677,154.529,5.92562],[5.70602,116.58,-11.1538],[-5.49945,92.3767,-3.6674],[-12.2491,78.3924,6.72369],[[[0.913896,-0.405601,-0.0167781],[0.405691,0.91107,0.0732525],[-0.0144253,-0.0737519,0.997172]],[[0.911502,-0.409209,0.0413624],[0.191557,0.33338,-0.923127],[0.363963,0.849356,0.382264]],[[0.911502,-0.409209,0.0413624],[-0.0744494,-0.263062,-0.961902],[0.4045,0.873697,-0.270247]],[[0.911502,-0.409209,0.0413624],[-0.196623,-0.521874,-0.830053],[0.361251,0.748462,-0.556149]]],3],[10714,[-0.612893,-0.762478,0.207339],1071,50.5107,[1.93603,93.5603,6.36302],[5.83946,93.687,4.49919],[281.778,-4.8457,-29.2642],false,[31.2571,140.012,67.5489],[40.5046,144.841,10.51],[25.2753,116.698,-4.53266],[13.2878,101.785,-0.47736],[2.82171,90.9908,7.95227],[[[0.826406,-0.556333,0.0868753],[0.540018,0.826774,0.157559],[-0.159482,-0.0832937,0.983681]],[[0.786239,-0.562349,0.256111],[0.443083,0.224177,-0.867999],[0.430704,0.795933,0.425424]],[[0.786239,-0.562349,0.256111],[0.0786821,-0.319986,-0.944149],[0.612893,0.762478,-0.207339]],[[0.786239,-0.562349,0.256111],[-0.114636,-0.540018,-0.83381],[0.607196,0.626214,-0.489048]]],4]],[[0,200,0],[235.247,235.247,147.751]]],[1220058,287222755899,[[1071,"right",[-0.0667205,0.240634,-0.96832],[-0.208542,-0.952412,-0.222311],[6.51964,149.254,25.0523],[261.836,-8.30253,-31.9223],[0.540172,149.548,26.0449],0.956279,0,0.735866,[[0.731942,0.0839348,-0.676178],[0.215456,0.912952,0.346551],[0.646405,-0.399342,0.650143]],63.72,[192.991,31.1255,252.974],[18.4612,138.948,77.435]]],[[10710,[0.0328815,-0.343571,-0.938551],1071,52.1164,[-21.0637,106.325,-6.01966],[-21.3055,106.83,-7.01878],[295.85,-2.90157,-36.2266],false,[-11.379,133.172,81.5898],[-11.379,133.172,81.5898],[-32.9971,126.716,37.0618],[-31.876,115.001,5.06139],[-17.2883,103.74,-9.36455],[[[0.56614,0.823528,-0.0358731],[-0.665964,0.4826,0.568849],[0.485776,-0.298158,0.821659]],[[0.371949,0.875815,-0.307574],[-0.821035,0.464992,0.331184],[0.433076,0.129346,0.892029]],[[0.371949,0.875815,-0.307574],[-0.92767,0.33898,-0.156589],[-0.0328815,0.343571,0.938551]],[[0.371949,0.875815,-0.307574],[-0.687851,0.0375549,-0.72488],[-0.62331,0.481184,0.616398]]],0],[10711,[-0.218994,0.0982649,-0.970766],1071,58.8075,[-37.2265,175.573,-72.2878],[-35.0978,176.579,-72.4034],[333.45,-38.776,-73.7705],false,[-0.145626,152.861,74.658],[-19.1263,162.012,4.17048],[-27.1114,173.641,-36.4097],[-32.4046,176.016,-59.8735],[-36.5322,175.169,-76.4314],[[[0.950681,-0.144044,-0.274696],[0.172176,0.981724,0.0810826],[0.257996,-0.12438,0.958106]],[[0.961182,-0.149416,-0.231956],[0.20392,0.950999,0.232416],[0.185863,-0.270695,0.944552]],[[0.961182,-0.149416,-0.231956],[0.167841,0.98388,0.0617294],[0.218994,-0.0982649,0.970766]],[[0.961182,-0.149416,-0.231956],[0.133291,0.987529,-0.08379],[0.241583,0.0496199,0.969111]]],1],[10712,[-0.293385,-0.918995,0.263389],1071,67.0064,[-26.0817,81.5967,-1.76602],[-25.1569,81.8981,-3.25953],[293.838,-19.4912,-62.8147],false,[11.5756,152.851,70.8856],[2.80625,159.975,2.03848],[-13.6907,119.168,-17.6078],[-22.0335,93.0355,-10.118],[-26.1079,78.077,0.501801],[[[0.933422,-0.324759,-0.152498],[0.336043,0.940269,0.05449],[0.125693,-0.102108,0.986801]],[[0.938465,-0.329378,-0.103895],[0.0462965,0.418074,-0.907233],[0.342258,0.846596,0.407597]],[[0.938465,-0.329378,-0.103895],[-0.182233,-0.2167,-0.959079],[0.293385,0.918995,-0.263389]],[[0.938465,-0.329378,-0.103895],[-0.26884,-0.507822,-0.818439],[0.216815,0.796007,-0.565123]]],2],[10713,[-0.407117,-0.873346,0.267438],1071,64.4285,[-11.9426,81.6518,4.5731],[-7.90452,81.753,2.908],[289.323,-14.7338,-45.275],false,[23.1859,149.811,68.2608],[24.5612,154.333,5.79942],[8.3923,116.352,-11.295],[-2.88565,92.1581,-3.88647],[-9.72955,78.1698,6.43721],[[[0.913739,-0.406196,-0.00929046],[0.405709,0.910929,0.0748848],[-0.021955,-0.0721943,0.997149]],[[0.910914,-0.409708,0.0487285],[0.198178,0.330883,-0.922628],[0.361885,0.850092,0.382601]],[[0.910914,-0.409708,0.0487285],[-0.0670148,-0.263452,-0.962342],[0.407117,0.873346,-0.267438]],[[0.910914,-0.409708,0.0487285],[-0.189898,-0.521167,-0.83206],[0.366297,0.748682,-0.552541]]],3],[10714,[-0.615026,-0.761827,0.203381],1071,50.5107,[4.96408,93.4071,6.10565],[8.3742,93.4804,4.39389],[284.723,-9.93662,-25.9661],false,[33.3786,139.906,67.5131],[43.057,144.642,10.5378],[27.9067,116.471,-4.53424],[15.8776,101.571,-0.556357],[5.33414,90.785,7.78708],[[[0.825377,-0.556713,0.0939366],[0.539346,0.826681,0.160328],[-0.166912,-0.0816665,0.982584]],[[0.783775,-0.562432,0.263377],[0.44957,0.221239,-0.865413],[0.428467,0.796695,0.426255]],[[0.783775,-0.562432,0.263377],[0.0862597,-0.321388,-0.943011],[0.615026,0.761826,-0.203381]],[[0.783775,-0.562432,0.263377],[-0.10744,-0.540487,-0.834464],[0.611681,0.625735,-0.484048]]],4]],[[0,200,0],[235.247,235.247,147.751]]],[1220059,287222764561,[[1071,"right",[-0.0591217,0.240586,-0.968826],[-0.204103,-0.952934,-0.224184],[9.14988,149.137,24.7452],[272.95,-9.69347,-32.8612],[3.86872,149.389,25.5424],0.95015,0,0.744638,[[0.736113,0.0863426,-0.671329],[0.210043,0.913727,0.34783],[0.643444,-0.39705,0.65447]],63.72,[194.403,31.6519,253.933],[20.6728,138.855,77.2265]]],[[10710,[0.0459243,-0.344058,-0.937825],1071,52.1164,[-18.147,106.373,-6.2671],[-18.282,106.764,-7.2857],[306.598,-0.597983,-34.4486],false,[-9.18617,133,81.1265],[-9.18617,133,81.1265],[-30.7708,126.756,36.5521],[-29.205,115.025,4.57639],[-14.3031,103.798,-9.55195],[[[0.564226,0.82504,-0.0309629],[-0.672064,0.480746,0.563217],[0.479561,-0.296972,0.825729]],[[0.372948,0.876838,-0.303421],[-0.820935,0.464229,0.332501],[0.432406,0.125084,0.892961]],[[0.372948,0.876838,-0.303421],[-0.926715,0.335825,-0.168584],[-0.0459243,0.344058,0.937825]],[[0.372948,0.876838,-0.303421],[-0.67489,0.0319426,-0.737227],[-0.636737,0.479723,0.603682]]],0],[10711,[-0.211897,0.0964125,-0.972525],1071,58.8075,[-33.8171,175.189,-72.98],[-31.7872,176.21,-73.0779],[346.504,-39.1739,-74.7606],false,[2.05324,152.719,74.2928],[-16.3514,161.829,3.64737],[-24.0697,173.352,-37.0146],[-29.1913,175.683,-60.521],[-33.1884,174.815,-77.1098],[[[0.953364,-0.141472,-0.266614],[0.168861,0.982168,0.0826544],[0.250167,-0.12382,0.960253]],[[0.963374,-0.146741,-0.22445],[0.199088,0.952114,0.232042],[0.179652,-0.268228,0.946456]],[[0.963374,-0.146741,-0.22445],[0.164349,0.984465,0.0617873],[0.211897,-0.0964125,0.972525]],[[0.963374,-0.146741,-0.22445],[0.131077,0.987871,-0.0832476],[0.233944,0.0507783,0.970923]]],1],[10712,[-0.293975,-0.920544,0.25725],1071,67.0064,[-23.0964,81.3122,-2.43655],[-22.1334,81.6222,-3.84386],[307.677,-23.3016,-67.6854],false,[13.8061,152.741,70.6202],[5.60382,159.851,1.70182],[-10.6103,118.974,-18.0328],[-18.9699,92.7967,-10.7175],[-23.1318,77.7678,-0.231888],[[[0.935548,-0.322249,-0.144587],[0.333059,0.941154,0.0574523],[0.117565,-0.101905,0.987823]],[[0.940232,-0.326911,-0.0953592],[0.0529762,0.417036,-0.907345],[0.336389,0.848063,0.409429]],[[0.940232,-0.326911,-0.0953592],[-0.17188,-0.213841,-0.961628],[0.293975,0.920544,-0.25725]],[[0.940232,-0.326911,-0.0953592],[-0.258675,-0.503516,-0.824354],[0.221476,0.799751,-0.557985]]],2],[10713,[-0.407116,-0.874906,0.262291],1071,64.4285,[-8.51542,81.4096,4.07976],[-4.92943,81.5519,2.49949],[303.427,-17.3365,-47.4094],false,[25.4464,149.732,68.094],[27.3409,154.267,5.64707],[11.4048,116.223,-11.5276],[0.126873,91.9862,-4.26159],[-6.77775,77.9452,5.9496],[[[0.914865,-0.403758,-0.00156179],[0.402626,0.911998,0.0784358],[-0.0302447,-0.0723869,0.996918]],[[0.911563,-0.407281,0.0563474],[0.204536,0.330303,-0.921447],[0.356676,0.851482,0.384396]],[[0.911563,-0.407281,0.0563474],[-0.0575276,-0.262035,-0.963342],[0.407116,0.874906,-0.262291]],[[0.911563,-0.407281,0.0563474],[-0.180242,-0.519011,-0.835548],[0.369547,0.751498,-0.546521]]],3],[10714,[-0.614842,-0.763533,0.19745],1071,50.5107,[8.19433,93.2488,5.80946],[11.2923,93.3487,4.15057],[298.424,-11.5386,-27.8343],false,[35.6714,139.855,67.4319],[45.8215,144.624,10.5415],[30.855,116.399,-4.61178],[18.8295,101.465,-0.749905],[8.23526,90.637,7.47372],[[[0.82603,-0.554523,0.100893],[0.535755,0.828094,0.165003],[-0.175047,-0.0822436,0.981119]],[[0.782788,-0.560366,0.270618],[0.456164,0.220922,-0.862037],[0.42327,0.798238,0.428553]],[[0.782788,-0.560366,0.270618],[0.095982,-0.320949,-0.942221],[0.614842,0.763533,-0.19745]],[[0.782788,-0.560366,0.270618],[-0.0973512,-0.539795,-0.836149],[0.614627,0.628182,-0.477097]]],4]],[[0,200,0],[235.247,235.247,147.751]]],[1220060,287222773291,[[1071,"right",[-0.0489695,0.245416,-0.96818],[-0.202255,-0.951698,-0.231008],[11.8973,148.909,24.6863],[284.122,-14.0839,-25.8717],[7.34353,149.181,25.1719],0.943724,0,0.747936,[[0.739188,0.0845138,-0.668175],[0.206641,0.915786,0.344436],[0.641015,-0.392676,0.659474]],63.72,[195.945,32.3387,255.29],[22.8712,138.361,77.2324]]],[[10710,[0.0595787,-0.340245,-0.938448],1071,52.1164,[-15.1611,106.527,-6.51586],[-15.2285,106.834,-7.54332],[314.969,4.67557,-32.7438],false,[-7.02953,132.503,80.7943],[-7.02953,132.503,80.7943],[-28.5215,126.751,36.109],[-26.4901,115.15,4.11203],[-11.2832,103.977,-9.73157],[[[0.564935,0.824867,-0.0210309],[-0.677613,0.478326,0.55861],[0.470839,-0.301328,0.829164]],[[0.377138,0.878112,-0.294426],[-0.819996,0.464372,0.334611],[0.430549,0.115233,0.895181]],[[0.377138,0.878112,-0.294426],[-0.924239,0.336383,-0.180636],[-0.0595787,0.340244,0.938448]],[[0.377138,0.878112,-0.294426],[-0.659976,0.031775,-0.750615],[-0.649768,0.4774,0.591516]]],0],[10711,[-0.202632,0.0996427,-0.974172],1071,58.8075,[-30.0759,175.15,-73.4698],[-28.0892,176.314,-73.445],[367.206,-25.0294,-66.184],false,[4.29001,152.25,74.175],[-13.3779,161.719,3.38902],[-20.7163,173.339,-37.3159],[-25.614,175.748,-60.862],[-29.4512,174.951,-77.4921],[[[0.956,-0.140682,-0.257434],[0.168495,0.981652,0.0892675],[0.240152,-0.128716,0.962164]],[[0.965455,-0.146094,-0.215762],[0.196775,0.951579,0.236172],[0.170811,-0.27047,0.947454]],[[0.965455,-0.146094,-0.215762],[0.16382,0.98424,0.0665972],[0.202632,-0.0996427,0.974172]],[[0.965455,-0.146094,-0.215762],[0.132135,0.98817,-0.0778431],[0.224582,0.0466443,0.973338]]],1],[10712,[-0.298006,-0.922548,0.245148],1071,67.0064,[-20.097,81.0999,-3.27915],[-19.1586,81.4612,-4.5838],[315.584,-22.7618,-76.5139],false,[16.0802,152.283,70.6244],[8.59531,159.739,1.66096],[-7.42942,118.938,-18.3827],[-15.9036,92.7036,-11.4115],[-20.2243,77.5543,-1.16608],[[[0.936831,-0.322051,-0.136496],[0.332924,0.940672,0.0655626],[0.107283,-0.106864,0.988469]],[[0.941037,-0.327012,-0.0866799],[0.0626107,0.420138,-0.905298],[0.332461,0.846491,0.41584]],[[0.941037,-0.327012,-0.0866799],[-0.160133,-0.204862,-0.965603],[0.298006,0.922548,-0.245148]],[[0.941037,-0.327012,-0.0866799],[-0.248165,-0.493126,-0.833811],[0.229922,0.806157,-0.545203]]],2],[10713,[-0.410461,-0.876952,0.249956],1071,64.4285,[-5.04791,81.16,3.44086],[-2.02181,81.3623,1.94477],[311.019,-19.2234,-55.1906],false,[27.7446,149.281,68.2039],[30.2876,154.123,5.80317],[14.4977,116.151,-11.6635],[3.12715,91.8581,-4.73926],[-3.91207,77.707,5.22505],[[[0.914627,-0.404256,0.00590184],[0.402256,0.911373,0.0871199],[-0.0405975,-0.0773081,0.99618]],[[0.910717,-0.408069,0.0638386],[0.213782,0.333468,-0.918203],[0.353402,0.84987,0.390932]],[[0.910717,-0.408069,0.0638386],[-0.0460158,-0.253842,-0.96615],[0.410461,0.876952,-0.249956]],[[0.910717,-0.408069,0.0638386],[-0.169275,-0.509743,-0.84351],[0.376751,0.757392,-0.533307]]],3],[10714,[-0.617342,-0.764296,0.186389],1071,50.5107,[11.5006,93.0733,5.47371],[14.1899,93.198,3.88046],[307.146,-13.4603,-30.1297],false,[37.9709,139.401,67.5987],[48.7117,144.446,10.8407],[33.8701,116.289,-4.56103],[21.7956,101.341,-0.915486],[11.1023,90.4619,7.11033],[[[0.824659,-0.555478,0.106683],[0.534439,0.826967,0.174643],[-0.185233,-0.0870055,0.978835]],[[0.779439,-0.562129,0.276561],[0.465077,0.223424,-0.856613],[0.419736,0.796299,0.435579]],[[0.779439,-0.562129,0.276561],[0.1066,-0.316011,-0.942748],[0.617342,0.764296,-0.186389]],[[0.779439,-0.562129,0.276561],[-0.0871933,-0.534496,-0.840661],[0.620381,0.63113,-0.465621]]],4]],[[0,200,0],[235.247,235.247,147.751]]],[1220061,287222782002,[[1071,"right",[-0.0398914,0.248025,-0.967932],[-0.19752,-0.951545,-0.235686],[14.7595,148.705,24.8562],[295.996,-16.5809,-13.756],[10.9049,148.952,25.0203],0.934852,0,0.749356,[[0.744654,0.0829739,-0.662274],[0.20071,0.91848,0.340749],[0.636558,-0.386665,0.667296]],63.72,[197.104,33.6367,257.65],[25.2333,138.036,77.4799]]],[[10710,[0.0726885,-0.337507,-0.938512],1071,52.1164,[-12.0879,106.674,-6.43805],[-12.0318,106.854,-7.43222],[324.199,7.82487,-20.3691],false,[-4.68664,132.093,80.7254],[-4.68664,132.093,80.7254],[-26.1773,126.746,35.9892],[-23.6989,115.239,3.99002],[-8.16275,104.137,-9.54136],[[[0.563026,0.826336,-0.0130588],[-0.684383,0.475047,0.553127],[0.463272,-0.302488,0.832995]],[[0.37871,0.879864,-0.287084],[-0.819286,0.462997,0.338238],[0.430523,0.10711,0.896202]],[[0.37871,0.879864,-0.287084],[-0.922656,0.334557,-0.191773],[-0.0726885,0.337507,0.938512]],[[0.37871,0.879864,-0.287084],[-0.644902,0.0283834,-0.763738],[-0.663838,0.474377,0.578175]]],0],[10711,[-0.194129,0.0999487,-0.975871],1071,58.8075,[-26.2502,174.993,-73.7439],[-24.3959,176.104,-73.6189],[382.458,-24.4198,-53.8858],false,[6.64858,151.887,74.2753],[-10.3334,161.512,3.34251],[-17.3444,173.122,-37.4229],[-22.0365,175.538,-61.01],[-25.7195,174.756,-77.6756],[[[0.958884,-0.137559,-0.248232],[0.165105,0.981815,0.093699],[0.230828,-0.130831,0.964158]],[[0.967801,-0.142978,-0.207167],[0.191652,0.952117,0.238209],[0.163189,-0.270243,0.948861]],[[0.967801,-0.142978,-0.207167],[0.160234,0.984666,0.0689744],[0.194129,-0.0999487,0.975871]],[[0.967801,-0.142978,-0.207167],[0.129983,0.988667,-0.0751097],[0.215559,0.0457631,0.975418]]],1],[10712,[-0.299148,-0.92506,0.234041],1071,67.0064,[-16.857,80.7906,-3.8929],[-15.8736,81.1538,-4.96797],[331.137,-26.8691,-72.5613],false,[18.4737,151.96,70.8431],[11.661,159.591,1.82923],[-4.05343,118.772,-18.423],[-12.5601,92.467,-11.7677],[-16.994,77.1934,-1.75786],[[[0.938964,-0.319317,-0.128],[0.329867,0.941314,0.0715287],[0.0976478,-0.109386,0.989191]],[[0.942715,-0.324468,-0.0775108],[0.0706904,0.421369,-0.90413],[0.326022,0.846858,0.420168]],[[0.942715,-0.324468,-0.0775108],[-0.147641,-0.197447,-0.969132],[0.299148,0.92506,-0.234041]],[[0.942715,-0.324468,-0.0775108],[-0.235832,-0.483865,-0.842768],[0.235947,0.81277,-0.532667]]],2],[10713,[-0.410591,-0.878475,0.244328],1071,64.4285,[-1.41073,80.874,3.17145],[1.18629,81.1054,2.00006],[325.928,-22.3579,-38.4019],false,[30.1692,148.993,68.5312],[33.3248,154.018,6.17292],[17.7482,115.975,-11.3303],[6.37399,91.6399,-4.56189],[-0.731812,77.4219,5.25888],[[[0.915543,-0.401979,0.0139373],[0.399053,0.912128,0.0936977],[-0.0503771,-0.0802225,0.995503]],[[0.911094,-0.405947,0.0715112],[0.219919,0.33199,-0.917289],[0.34863,0.851463,0.391749]],[[0.911094,-0.405947,0.0715112],[-0.0363635,-0.251968,-0.967052],[0.410591,0.878475,-0.244328]],[[0.911094,-0.405947,0.0715112],[-0.158958,-0.50609,-0.847706],[0.380315,0.760973,-0.525625]]],3],[10714,[-0.617253,-0.766741,0.176371],1071,50.5107,[14.999,92.8756,5.33397],[17.3661,93.0259,3.94574],[322.433,-15.582,-22.0769],false,[40.426,139.141,68.0009],[51.722,144.373,11.3678],[37.091,116.208,-4.21973],[25.0183,101.212,-0.770133],[14.262,90.2581,7.06718],[[[0.824954,-0.553709,0.113388],[0.530567,0.827807,0.182305],[-0.194807,-0.0902331,0.976682]],[[0.777801,-0.560947,0.283485],[0.473087,0.225579,-0.851647],[0.413781,0.796525,0.440833]],[[0.777801,-0.560947,0.283485],[0.118425,-0.312163,-0.942618],[0.617253,0.766741,-0.176371]],[[0.777801,-0.560947,0.283485],[-0.0749026,-0.530558,-0.844333],[0.624031,0.635489,-0.454685]]],4]],[[0,200,0],[235.247,235.247,147.751]]],[1220062,287222790622,[[1071,"right",[-0.0323997,0.249757,-0.967766],[-0.190103,-0.952138,-0.23936],[17.7773,148.537,25.1138],[310.313,-17.33,-2.20346],[14.54,148.733,25.0698],0.921858,0,0.750742,[[0.749811,0.0881617,-0.655753],[0.192505,0.91914,0.34369],[0.633029,-0.383938,0.67221]],63.72,[198.746,34.1571,259.307],[27.8278,137.82,77.8102]]],[[10710,[0.0825249,-0.333529,-0.939121],1071,52.1164,[-9.06948,106.924,-6.20532],[-8.79409,106.947,-7.1547],[329.943,13.7312,-7.35907],false,[-2.08742,131.706,80.7697],[-2.08742,131.706,80.7697],[-23.7526,126.786,36.0687],[-20.9388,115.414,4.04885],[-5.11489,104.422,-9.2367],[[[0.558555,0.829444,-0.00627199],[-0.692026,0.470159,0.547768],[0.457292,-0.301618,0.836607]],[[0.37775,0.882486,-0.280221],[-0.817884,0.459894,0.34578],[0.434018,0.0985699,0.895496]],[[0.37775,0.882486,-0.280221],[-0.922223,0.331627,-0.198818],[-0.0825248,0.333529,0.939121]],[[0.37775,0.882486,-0.280221],[-0.632575,0.0249711,-0.774097],[-0.676132,0.469675,0.567671]]],0],[10711,[-0.186956,0.0985826,-0.977409],1071,58.8075,[-22.4365,174.665,-73.8697],[-20.7219,175.72,-73.6875],[394.108,-29.5637,-41.7128],false,[9.197,151.575,74.4627],[-7.18797,161.25,3.39645],[-13.9484,172.79,-37.4312],[-18.4672,175.173,-61.0555],[-22.0114,174.374,-77.7504],[[[0.96186,-0.131784,-0.239706],[0.158823,0.982517,0.0971416],[0.222714,-0.131507,0.965973]],[[0.970272,-0.137127,-0.199422],[0.183878,0.95344,0.239042],[0.157357,-0.268605,0.95031]],[[0.970272,-0.137127,-0.199422],[0.153688,0.985636,0.0700153],[0.186956,-0.0985826,0.977409]],[[0.970272,-0.137127,-0.199422],[0.124674,0.989451,-0.0737768],[0.207435,0.0467209,0.977133]]],1],[10712,[-0.297425,-0.928546,0.222129],1071,67.0064,[-13.3049,80.3853,-4.39277],[-12.2609,80.7527,-5.24256],[353.619,-32.8309,-67.5331],false,[21.0524,151.72,71.1392],[14.8296,159.453,2.08096],[-0.465124,118.561,-18.3439],[-8.92281,92.1565,-12.0274],[-13.4226,76.7332,-2.27993],[[[0.941843,-0.313891,-0.120021],[0.324001,0.942967,0.076402],[0.0891936,-0.110846,0.989827]],[[0.945193,-0.319198,-0.0687256],[0.0769545,0.422333,-0.903168],[0.317314,0.84838,0.42375]],[[0.945193,-0.319198,-0.0687256],[-0.134718,-0.189514,-0.972592],[0.297425,0.928546,-0.222129]],[[0.945193,-0.319198,-0.0687256],[-0.221974,-0.473818,-0.852188],[0.239453,0.820737,-0.518703]]],2],[10713,[-0.407748,-0.880752,0.240869],1071,64.4285,[2.509,80.5491,3.27787],[4.71845,80.8129,2.30056],[347.808,-25.7017,-18.1114],false,[32.7848,148.822,68.9287],[36.4832,153.991,6.61197],[21.1991,115.794,-10.815],[9.90371,91.3959,-4.14245],[2.78796,77.1031,5.56187],[[[0.91758,-0.396967,0.021533],[0.393142,0.914117,0.0991465],[-0.0590416,-0.0825093,0.99484]],[[0.912683,-0.401046,0.0785587],[0.223585,0.329112,-0.917439],[0.342081,0.854896,0.390043]],[[0.912683,-0.401046,0.0785587],[-0.0274087,-0.251869,-0.967373],[0.407748,0.880752,-0.240869]],[[0.912683,-0.401046,0.0785587],[-0.148205,-0.50396,-0.850917],[0.380847,0.764975,-0.519392]]],3],[10714,[-0.614805,-0.770379,0.16891],1071,50.5107,[18.7568,92.6897,5.45293],[20.8166,92.8803,4.21828],[342.852,-16.3157,-9.06698],false,[43.1003,139.028,68.4729],[54.8849,144.436,11.9561],[40.503,116.192,-3.71877],[28.4781,101.124,-0.415089],[17.7017,90.0788,7.26424],[[[0.826924,-0.549394,0.11985],[0.524302,0.830341,0.188788],[-0.203236,-0.0932757,0.974677]],[[0.777978,-0.55723,0.290249],[0.478867,0.226825,-0.848078],[0.406739,0.798777,0.443304]],[[0.777978,-0.55723,0.290249],[0.12948,-0.309855,-0.941926],[0.614805,0.770379,-0.16891]],[[0.777978,-0.55723,0.290249],[-0.0622617,-0.528068,-0.846917],[0.625199,0.640811,-0.445519]]],4]],[[0,200,0],[235.247,235.247,147.751]]],[1220063,287222799287,[[1071,"right",[-0.0254495,0.250322,-0.967828],[-0.184194,-0.95274,-0.241576],[20.8333,148.31,25.1903],[321.578,-19.6872,0.727731],[18.2329,148.485,25.1405],0.911552,0,0.77249,[[0.75626,0.0888885,-0.648205],[0.185856,0.920729,0.343097],[0.627319,-0.379943,0.67979]],63.72,[199.869,35.0121,261.504],[30.4931,137.597,77.9603]]],[[10710,[0.090079,-0.330903,-0.939356],1071,52.1164,[-5.99857,107.045,-6.03048],[-5.57905,106.93,-6.97257],[335.378,13.3453,-0.294021],false,[0.579985,131.357,80.6688],[0.579985,131.357,80.6688],[-21.2134,126.749,35.9969],[-18.1421,115.466,3.96905],[-2.00729,104.544,-8.99663],[[[0.555162,0.831742,-0.00109288],[-0.698452,0.466908,0.542366],[0.451619,-0.300338,0.840141]],[[0.377316,0.884219,-0.275297],[-0.816716,0.457856,0.351203],[0.436587,0.0923252,0.894912]],[[0.377316,0.884219,-0.275297],[-0.921693,0.329635,-0.204504],[-0.090079,0.330903,0.939356]],[[0.377316,0.884219,-0.275297],[-0.618335,0.0192399,-0.785679],[-0.689416,0.466675,0.554004]]],0],[10711,[-0.180339,0.0961729,-0.978892],1071,58.8075,[-18.6079,174.188,-74.0905],[-17.0475,175.207,-73.9325],[402.247,-37.2202,-38.073],false,[11.834,151.277,74.4688],[-4.00429,160.936,3.27649],[-10.5246,172.371,-37.6195],[-14.8835,174.696,-61.2797],[-18.3023,173.86,-77.9988],[[[0.964339,-0.127647,-0.231856],[0.153962,0.983092,0.0991259],[0.215283,-0.131288,0.967686]],[[0.972319,-0.132897,-0.192185],[0.17766,0.954719,0.23864],[0.151768,-0.266178,0.951901]],[[0.972319,-0.132897,-0.192185],[0.148575,0.986453,0.0695443],[0.180339,-0.0961729,0.978892]],[[0.972319,-0.132897,-0.192185],[0.120645,0.989922,-0.0741606],[0.200103,0.0489217,0.978553]]],1],[10712,[-0.29561,-0.930165,0.217732],1071,67.0064,[-9.67471,79.9711,-4.65918],[-8.69366,80.359,-5.41771],[368.798,-36.5604,-55.6968],false,[23.7157,151.473,71.2433],[18.0306,159.231,2.1414],[3.0663,118.244,-18.3387],[-5.33979,91.7934,-12.1472],[-9.87099,76.3144,-2.50312],[[[0.944087,-0.309921,-0.112465],[0.319468,0.944238,0.0797221],[0.0814861,-0.111194,0.990452]],[[0.947039,-0.315262,-0.0610438],[0.0820451,0.421344,-0.903182],[0.310459,0.850341,0.424895]],[[0.947039,-0.315262,-0.0610438],[-0.125423,-0.188155,-0.974098],[0.29561,0.930165,-0.217732]],[[0.947039,-0.315262,-0.0610438],[-0.212075,-0.471303,-0.856095],[0.241124,0.823701,-0.513201]]],2],[10713,[-0.405988,-0.882253,0.238334],1071,64.4285,[6.50006,80.1668,3.45501],[8.17989,80.4611,2.476],[361.325,-29.7808,-7.57921],false,[35.4777,148.626,69.1276],[39.6684,153.854,6.84708],[24.6222,115.521,-10.4856],[13.3755,91.0806,-3.88328],[6.23703,76.7353,5.72645],[[[0.919001,-0.393199,0.0288264],[0.388537,0.915656,0.103016],[-0.0669009,-0.0834718,0.994262]],[[0.913677,-0.397327,0.0855922],[0.227571,0.325622,-0.917705],[0.336758,0.857964,0.387933]],[[0.913677,-0.397327,0.0855922],[-0.0191825,-0.25251,-0.967404],[0.405988,0.882253,-0.238334]],[[0.913677,-0.397327,0.0855922],[-0.13864,-0.502633,-0.853311],[0.382065,0.767784,-0.514329]]],3],[10714,[-0.613322,-0.772697,0.163632],1071,50.5107,[22.5478,92.4373,5.62801],[24.1861,92.6402,4.42764],[354.908,-19.5987,-1.25528],false,[45.8369,138.874,68.7502],[58.0648,144.372,12.3362],[43.8586,116.038,-3.33813],[31.8628,100.925,-0.137696],[21.0592,89.8157,7.40999],[[[0.828166,-0.546069,0.126288],[0.519298,0.832357,0.193679],[-0.210878,-0.0948175,0.972903]],[[0.777522,-0.554228,0.29714],[0.483781,0.225286,-0.845696],[0.401767,0.801297,0.44329]],[[0.777522,-0.554228,0.29714],[0.13891,-0.309469,-0.940709],[0.613322,0.772697,-0.163632]],[[0.777522,-0.554228,0.29714],[-0.0511715,-0.526701,-0.848509],[0.626771,0.644529,-0.437882]]],4]],[[0,200,0],[235.247,235.247,147.751]]],[1220064,287222807937,[[1071,"right",[-0.0177977,0.249128,-0.968307],[-0.177326,-0.953894,-0.242161],[23.7082,148.017,25.0138],[324.439,-23.4505,-4.88111],[21.7466,148.185,25.0592],0.901188,0,0.746608,[[0.762024,0.0881063,-0.641526],[0.178217,0.923906,0.338579],[0.622541,-0.372337,0.688337]],63.72,[201.022,36.8783,263.733],[32.936,137.409,77.8823]]],[[10710,[0.0993421,-0.329818,-0.938803],1071,52.1164,[-2.9602,107.007,-6.0693],[-2.44822,106.77,-7.01674],[338.579,8.19881,-1.99409],false,[3.03009,131.027,80.3239],[3.03009,131.027,80.3239],[-18.7762,126.612,35.6388],[-15.3891,115.367,3.62972],[1.07341,104.506,-8.97052],[[[0.551088,0.834442,0.00303886],[-0.705662,0.464088,0.53541],[0.445358,-0.297202,0.844587]],[[0.376656,0.88573,-0.271315],[-0.816881,0.455698,0.353617],[0.436847,0.0884407,0.895178]],[[0.376656,0.88573,-0.271315],[-0.921011,0.326653,-0.212218],[-0.0993421,0.329818,0.938803]],[[0.376656,0.88573,-0.271315],[-0.60277,0.0119391,-0.797825],[-0.703419,0.464047,0.538389]]],0],[10711,[-0.172561,0.0927997,-0.980618],1071,58.8075,[-14.8721,173.51,-74.5922],[-13.458,174.477,-74.503],[405.924,-49.2874,-45.3702],false,[14.2432,150.994,74.2044],[-0.988781,160.497,2.85898],[-7.22637,171.777,-38.1243],[-11.3972,174.02,-61.8262],[-14.6694,173.133,-78.5721],[[[0.967034,-0.123191,-0.222867],[0.148254,0.983941,0.0994049],[0.207042,-0.129169,0.969768]],[[0.974586,-0.128292,-0.18364],[0.170596,0.956352,0.237251],[0.145187,-0.262549,0.953933]],[[0.974586,-0.128292,-0.18364],[0.142847,0.987385,0.0683032],[0.172561,-0.0927997,0.980618]],[[0.974586,-0.128292,-0.18364],[0.116209,0.990377,-0.0751524],[0.191514,0.0519018,0.980117]]],1],[10712,[-0.293183,-0.931529,0.215167],1071,67.0064,[-6.12069,79.4461,-4.98406],[-5.22363,79.8273,-5.7342],[377.181,-43.4276,-51.0948],false,[26.1529,151.245,71.0876],[21.0636,158.899,1.92773],[6.47914,117.771,-18.5436],[-1.85793,91.2814,-12.425],[-6.41331,75.766,-2.85108],[[[0.946578,-0.30543,-0.103457],[0.314118,0.945874,0.0815625],[0.0729458,-0.109703,0.991284]],[[0.949086,-0.310706,-0.0519394],[0.0876424,0.418805,-0.903837],[0.30258,0.853267,0.424713]],[[0.949086,-0.310706,-0.0519394],[-0.115237,-0.188984,-0.975195],[0.293183,0.931529,-0.215167]],[[0.949086,-0.310706,-0.0519394],[-0.201178,-0.470939,-0.85892],[0.242411,0.825638,-0.509469]]],2],[10713,[-0.403747,-0.882839,0.239964],1071,64.4285,[10.3079,79.6625,3.76196],[11.4994,79.973,2.71964],[366.874,-36.8653,4.14507],false,[37.9476,148.453,69.0831],[42.6834,153.633,6.83757],[27.878,115.065,-10.1803],[16.6934,90.6091,-3.53286],[9.53984,76.2418,6.03276],[[[0.920604,-0.388674,0.0376939],[0.383109,0.917656,0.105521],[-0.0756033,-0.0827021,0.993702]],[[0.914804,-0.392753,0.0942285],[0.230933,0.317214,-0.919807],[0.331367,0.863204,0.380888]],[[0.914804,-0.392753,0.0942285],[-0.0110581,-0.257565,-0.966198],[0.403747,0.882839,-0.239964]],[[0.914804,-0.392753,0.0942285],[-0.12862,-0.504428,-0.85382],[0.382872,0.768958,-0.511969]]],3],[10714,[-0.611503