{"metadata":{"formatVersion":2,"generatedBy":"LeapJS Playback 0.2.1","frames":1,"protocolVersion":6,"serviceVersion":"2.2.5+26752","frameRate":"1.1e+2","modified":"Tue Apr 21 2015 20:51:11 GMT-0300 (E. South America Standard Time)"},"frames":[["id","timestamp",{"hands":[["id","type","direction","palmNormal","palmPosition","palmVelocity","stabilizedPalmPosition","pinchStrength","grabStrength","confidence","armBasis","armWidth","elbow","wrist"]]},{"pointables":[["id","direction","handId","length","stabilizedTipPosition","tipPosition","tipVelocity","tool","carpPosition","mcpPosition","pipPosition","dipPosition","btipPosition","bases","type"]]},{"interactionBox":["center","size"]}],[1763491,440483030977,[[521,"right",[-0.0309749,0.997839,-0.0579449],[-0.219883,-0.0633551,-0.973467],[-12.1291,155.471,63.7935],[-4.59686,7.00415,4.98777],[-7.00447,152.587,60.4312],0.322322,1,0.356176,[[0.954216,0.0290962,-0.297701],[0.0157353,0.988997,0.147097],[0.298705,-0.145047,0.943259]],63.72,[78.5763,62.8317,324.12],[-2.07407,101.994,69.4404]]],[[5210,[-0.303024,0.892335,-0.334537],521,52.1164,[-60.3332,181.449,26.3315],[-63.9488,187.31,32.5309],[-4.74569,18.0298,9.73728],false,[-32.1392,97.3992,65.4361],[-32.1392,97.3992,65.4361],[-52.4445,141.105,52.4274],[-62.7763,171.53,41.0211],[-64.9519,192.206,30.2745],[[[0.582976,0.258384,0.77031],[-0.674279,-0.375101,0.636119],[0.453307,-0.890245,-0.0444521]],[[0.470737,0.445382,0.761605],[-0.782905,-0.187127,0.593333],[0.406777,-0.875567,0.260604]],[[0.470737,0.445382,0.761605],[-0.828603,-0.0733055,0.555016],[0.303024,-0.892335,0.334537]],[[0.470737,0.445382,0.761605],[-0.877363,0.145358,0.457281],[0.0929595,-0.883463,0.459187]]],0],[5211,[0.271087,-0.95986,-0.0719697],521,58.8075,[-32.6257,138.971,30.0863],[-35.8329,144.525,33.7149],[-2.68987,12.8401,3.99927],false,[-20.3072,109.456,82.0652],[-36.8393,180.119,69.9896],[-47.0781,177.87,28.3258],[-40.5258,154.669,26.5863],[-34.2099,141.685,35.7198],[[[0.955992,0.184704,-0.227956],[0.188635,0.208139,0.959737],[0.224714,-0.960501,0.164138]],[[0.928507,0.280477,-0.243325],[-0.284741,0.958431,0.0182213],[0.238321,0.0523659,0.969774]],[[0.928507,0.280477,-0.243325],[-0.253743,0.000862166,-0.967271],[-0.271087,0.95986,0.0719697]],[[0.928507,0.280477,-0.243325],[-0.0349888,-0.586302,-0.809337],[-0.369662,0.759989,-0.534572]]],1],[5212,[0.0223233,-0.999652,-0.0140313],521,67.0064,[-23.9443,132.884,25.7332],[-28.221,138.082,30.1557],[-4.08587,13.8751,1.95705],false,[-8.47366,112.626,80.8255],[-14.8937,180.751,67.2105],[-32.4583,178.186,22.3976],[-31.8235,149.76,21.9986],[-27.2883,134.826,32.4655],[[[0.931303,0.0150314,-0.363934],[0.352429,0.215231,0.910752],[0.0920198,-0.976447,0.195148]],[[0.93022,0.0259113,-0.366086],[-0.0435641,0.998248,-0.0400407],[0.364407,0.0531949,0.929719]],[[0.93022,0.0259113,-0.366086],[-0.366322,0.00487989,-0.930475],[-0.0223233,0.999652,0.0140313]],[[0.93022,0.0259113,-0.366086],[-0.27649,-0.60647,-0.745484],[-0.241337,0.794684,-0.556987]]],2],[5213,[-0.147659,-0.988878,-0.017835],521,64.4285,[-10.0353,130.642,25.063],[-13.7543,135.929,29.3387],[-3.67086,12.3779,2.01089],false,[3.15315,113.804,77.0364],[6.61532,174.694,62.7463],[-11.4709,175.192,21.894],[-15.5613,147.798,21.3999],[-13.1493,132.411,31.7193],[[[0.905459,-0.145093,-0.398864],[0.42082,0.184518,0.88818],[-0.0552709,-0.97206,0.228132]],[[0.906287,-0.128062,-0.402794],[0.121581,0.991704,-0.0417379],[0.404798,-0.0111457,0.914338]],[[0.906287,-0.128062,-0.402794],[-0.39603,0.0756399,-0.915117],[0.147659,0.988878,0.017835]],[[0.906287,-0.128062,-0.402794],[-0.402464,-0.552554,-0.729868],[-0.129097,0.82358,-0.552313]]],3],[5214,[-0.440803,-0.892189,0.0984503],521,50.5107,[2.09865,136.103,29.5261],[-2.1153,141.308,34.1173],[-2.56035,11.1526,2.43259],false,[13.1691,111.203,67.2654],[24.7571,166.62,54.7362],[7.45791,169.282,24.0129],[-1.16366,151.832,25.9384],[-2.33373,138.253,36.4911],[[[0.810915,-0.285103,-0.511013],[0.549982,0.0730956,0.831972],[-0.199845,-0.955706,0.216076]],[[0.769331,-0.432033,-0.470614],[0.410819,0.89871,-0.153453],[0.489243,-0.0752812,0.868893]],[[0.769331,-0.432033,-0.470614],[-0.462411,0.131707,-0.876829],[0.440803,0.892189,-0.0984503]],[[0.769331,-0.432033,-0.470614],[-0.635234,-0.439052,-0.635383],[0.0678822,0.78777,-0.612218]]],4]],[[0,200,0],[235.247,235.247,147.751]]]]}