{"metadata":{"formatVersion":2,"generatedBy":"LeapJS Playback 0.2.1","frames":1,"protocolVersion":6,"serviceVersion":"2.2.5+26752","frameRate":"1.1e+2","modified":"Tue Apr 21 2015 20:51:43 GMT-0300 (E. South America Standard Time)"},"frames":[["id","timestamp",{"hands":[["id","type","direction","palmNormal","palmPosition","palmVelocity","stabilizedPalmPosition","pinchStrength","grabStrength","confidence","armBasis","armWidth","elbow","wrist"]]},{"pointables":[["id","direction","handId","length","stabilizedTipPosition","tipPosition","tipVelocity","tool","carpPosition","mcpPosition","pipPosition","dipPosition","btipPosition","bases","type"]]},{"interactionBox":["center","size"]}],[1763549,440483551206,[[521,"right",[0.0041523,0.979661,0.200618],[-0.0673252,0.200438,-0.97739],[-3.71243,163.821,63.3646],[20.2595,-4.05987,-31.8626],[-7.40569,156.688,63.3363],0.314405,1,0.347151,[[0.978714,0.0516089,-0.198635],[0.0112649,0.952897,0.303084],[0.204921,-0.29887,0.932032]],63.72,[59.2882,29.4301,307.893],[3.95958,110.125,56.2444]]],[[5210,[-0.202784,0.967948,-0.148171],521,52.1164,[-54.2642,195.918,30.9658],[-49.2633,205.843,33.3879],[-5.81902,48.8043,27.6326],false,[-25.2249,108.668,46.9061],[-25.2249,108.668,46.9061],[-42.2299,155.397,42.5498],[-49.144,188.4,37.4978],[-50.1662,211.25,32.5407],[[[0.462509,0.0156881,0.886476],[-0.774473,-0.47957,0.412559],[0.431599,-0.877364,-0.209655]],[[0.353095,0.213414,0.910922],[-0.871363,-0.279502,0.403244],[0.340662,-0.936127,0.0872705]],[[0.353095,0.213414,0.910922],[-0.913347,-0.132403,0.385055],[0.202784,-0.967948,0.148171]],[[0.353095,0.213414,0.910922],[-0.934568,0.0350035,0.35406],[0.0436759,-0.976335,0.211809]]],0],[5211,[0.25099,-0.930284,-0.267538],521,58.8075,[-28.6014,150.958,32.1674],[-22.6172,162.27,28.6427],[24.2403,27.4793,-31.4022],false,[-15.817,115.308,67.6254],[-28.442,187.644,72.1635],[-32.0029,196.383,30.2503],[-25.9364,173.898,23.7838],[-21.5405,158.688,30.2079],[[[0.984256,0.173801,-0.0321559],[0.0423376,-0.0551958,0.997578],[0.171605,-0.983233,-0.0616851]],[[0.963237,0.267383,-0.026086],[-0.255546,0.941876,0.218097],[0.082885,-0.203413,0.975578]],[[0.963237,0.267383,-0.026086],[-0.0958023,0.251155,-0.963194],[-0.25099,0.930284,0.267538]],[[0.963237,0.267383,-0.026086],[0.0773124,-0.368881,-0.926256],[-0.257287,0.890187,-0.375992]]],1],[5212,[0.00110086,-0.965741,-0.259506],521,67.0064,[-20.5701,144.876,28.6058],[-14.7977,156.462,24.7065],[21.1702,34.8439,-41.4502],false,[-3.857,117.91,68.9682],[-6.32233,187.528,72.826],[-16.7575,197.231,26.7801],[-16.7262,169.769,19.4007],[-14.2243,152.486,26.3422],[[[0.976655,0.0462107,-0.209782],[0.211886,-0.0465913,0.976183],[0.0353361,-0.997845,-0.055295]],[[0.976202,0.0573148,-0.209154],[-0.0126459,0.977847,0.208938],[0.216496,-0.201321,0.955301]],[[0.976202,0.0573148,-0.209154],[-0.216862,0.2531,-0.942821],[-0.00110086,0.965741,0.259506]],[[0.976202,0.0573148,-0.209154],[-0.171186,-0.38844,-0.905433],[-0.133139,0.91969,-0.369385]]],2],[5213,[-0.142105,-0.961546,-0.235022],521,64.4285,[-6.54542,140.404,29.1868],[0.16807,151.736,26.6836],[20.4275,16.595,-35.4986],false,[8.24419,119.252,67.3279],[15.4559,181.415,70.0722],[3.56073,191.16,28.1223],[-0.375859,164.523,21.6117],[0.464878,147.245,28.6723],[[[0.95244,-0.0977542,-0.288621],[0.28214,-0.0749561,0.956441],[-0.11513,-0.992384,-0.0438108]],[[0.9552,-0.0709367,-0.287334],[0.129276,0.97334,0.189463],[0.266233,-0.218121,0.938905]],[[0.9552,-0.0709367,-0.287334],[-0.259613,0.265325,-0.928549],[0.142105,0.961546,0.235022]],[[0.9552,-0.0709367,-0.287334],[-0.29252,-0.373891,-0.880135],[-0.0449977,0.924756,-0.377892]]],3],[5214,[-0.445858,-0.876938,-0.179418],521,50.5107,[4.73522,146.449,34.6145],[10.8189,156.279,33.1816],[24.2654,4.08031,-32.5933],false,[19.5878,118.57,58.7597],[34.4087,174.474,62.9235],[21.6758,185.181,31.7223],[12.9553,168.029,28.2131],[10.339,152.339,34.8517],[[[0.872916,-0.198217,-0.445789],[0.415557,-0.176626,0.892253],[-0.255598,-0.964113,-0.0718093]],[[0.829323,-0.329288,-0.451433],[0.427257,0.894363,0.132535],[0.360103,-0.302792,0.882407]],[[0.829323,-0.329288,-0.451433],[-0.336799,0.35007,-0.874081],[0.445858,0.876938,0.179418]],[[0.829323,-0.329288,-0.451433],[-0.537757,-0.250883,-0.804907],[0.15179,0.910289,-0.38514]]],4]],[[0,200,0],[235.247,235.247,147.751]]]]}