{"metadata":{"formatVersion":2,"generatedBy":"LeapJS Playback 0.2.1","frames":1,"protocolVersion":6,"serviceVersion":"2.2.5+26752","frameRate":"1.1e+2","modified":"Tue Apr 21 2015 20:52:18 GMT-0300 (E. South America Standard Time)"},"frames":[["id","timestamp",{"hands":[["id","type","direction","palmNormal","palmPosition","palmVelocity","stabilizedPalmPosition","pinchStrength","grabStrength","confidence","armBasis","armWidth","elbow","wrist"]]},{"pointables":[["id","direction","handId","length","stabilizedTipPosition","tipPosition","tipVelocity","tool","carpPosition","mcpPosition","pipPosition","dipPosition","btipPosition","bases","type"]]},{"interactionBox":["center","size"]}],[1771181,440550863674,[[523,"right",[-0.0362961,0.995507,-0.0874521],[-0.321541,-0.0944899,-0.942169],[-72.435,183.043,47.7614],[2.93948,-0.798233,1.58261],[-66.0614,184.689,48.9565],0.429633,1,0.806204,[[0.858736,0.0866184,-0.505044],[0.115681,0.927395,0.355749],[0.49919,-0.363919,0.786367]],63.72,[72.908,31.4818,266.407],[-61.8733,129.74,54.0879]]],[[5230,[-0.196093,0.858365,-0.474086],523,52.1164,[-114.628,214.154,11.0083],[-115.353,211.619,8.3875],[15.1995,-8.85061,-3.44778],false,[-92.1961,125.139,53.4348],[-92.1961,125.139,53.4348],[-109.635,168.29,35.3887],[-116.321,197.557,19.2245],[-114.044,215.539,4.4194],[[[0.661261,0.281216,0.695451],[-0.603533,-0.351145,0.715852],[0.445513,-0.893093,-0.0624755]],[[0.525391,0.50019,0.688313],[-0.775833,-0.0505261,0.628912],[0.349353,-0.864441,0.361517]],[[0.525391,0.50019,0.688313],[-0.827956,0.114107,0.549061],[0.196093,-0.858365,0.474086]],[[0.525391,0.50019,0.688313],[-0.845282,0.399316,0.355028],[-0.0972727,-0.768347,0.632598]]],0],[5231,[0.249494,-0.968362,0.0052621],523,58.8075,[-90.7695,172.349,22.9435],[-98.897,169.526,23.0942],[2.24393,-1.09554,2.46948],false,[-78.6658,137.688,68.3122],[-96.3368,207.984,55.7098],[-110.15,202.463,15.405],[-104.12,179.057,15.5322],[-97.306,166.775,25.2599],[[[0.926673,0.173139,-0.333616],[0.289109,0.238871,0.927015],[0.240194,-0.955491,0.171299]],[[0.90984,0.232548,-0.343675],[-0.262325,0.964059,-0.0421424],[0.321523,0.128497,0.938143]],[[0.90984,0.232548,-0.343675],[-0.331578,-0.0905324,-0.939074],[-0.249494,0.968362,-0.0052621]],[[0.90984,0.232548,-0.343675],[-0.114659,-0.65508,-0.746809],[-0.398804,0.718882,-0.569355]]],1],[5232,[0.0380148,-0.993981,0.102747],523,67.0064,[-83.2235,165.476,20.1821],[-91.2785,162.661,19.9977],[2.17563,-1.07371,2.23778],false,[-67.0275,140.767,65.7256],[-74.8073,208.432,50.6099],[-96.7263,201.567,8.2342],[-95.6453,173.301,11.156],[-89.9317,159.579,22.653],[[[0.88765,-0.000818715,-0.460518],[0.446815,0.243667,0.860803],[0.111509,-0.969859,0.216657]],[[0.889012,-0.0133107,-0.45769],[-0.0534878,0.989715,-0.132677],[0.454748,0.142433,0.879157]],[[0.889012,-0.0133107,-0.45769],[-0.456302,-0.108742,-0.883155],[-0.0380148,0.993981,-0.102747]],[[0.889012,-0.0133107,-0.45769],[-0.342366,-0.683062,-0.645145],[-0.304043,0.730239,-0.611808]]],2],[5233,[-0.129438,-0.984947,0.114569],523,64.4285,[-69.9449,163.246,17.7391],[-77.0816,160.677,17.5906],[2.28951,-1.07568,2.16638],false,[-55.8654,141.772,60.6932],[-53.8941,202.143,44.1035],[-76.3196,198.844,5.60051],[-79.9053,171.559,8.77429],[-76.1523,157.383,20.3532],[[[0.858159,-0.161899,-0.487188],[0.512419,0.211945,0.83217],[-0.0314701,-0.963778,0.264843]],[[0.857897,-0.169177,-0.485173],[0.109961,0.982815,-0.148265],[0.501918,0.0738461,0.861757]],[[0.857897,-0.169177,-0.485173],[-0.497252,-0.0354883,-0.86688],[0.129438,0.984947,-0.114569]],[[0.857897,-0.169177,-0.485173],[-0.472934,-0.629113,-0.616887],[-0.200866,0.75868,-0.619723]]],3],[5234,[-0.36351,-0.916747,0.165636],523,50.5107,[-57.7542,168.963,18.2844],[-64.0383,166.653,17.6269],[3.22864,-1.59554,1.27445],false,[-46.9395,138.809,50.0111],[-36.7052,193.734,34.4954],[-57.6863,194.916,6.05826],[-64.7961,176.985,9.2979],[-63.7672,163.572,20.0739],[[[0.752207,-0.305137,-0.584018],[0.634849,0.098198,0.766371],[-0.176498,-0.947232,0.267581]],[[0.732733,-0.391158,-0.556864],[0.333187,0.919717,-0.207622],[0.59337,-0.0334078,0.804236]],[[0.732733,-0.391158,-0.556864],[-0.575293,0.0810587,-0.813921],[0.36351,0.916747,-0.165636]],[[0.732733,-0.391158,-0.556864],[-0.677893,-0.491324,-0.546865],[-0.05969,0.778201,-0.625173]]],4]],[[0,200,0],[235.247,235.247,147.751]]]]}