{"metadata":{"formatVersion":2,"generatedBy":"LeapJS Playback 0.2.1","frames":1,"protocolVersion":6,"serviceVersion":"2.2.5+26752","frameRate":"1.1e+2","modified":"Tue Apr 21 2015 20:52:34 GMT-0300 (E. South America Standard Time)"},"frames":[["id","timestamp",{"hands":[["id","type","direction","palmNormal","palmPosition","palmVelocity","stabilizedPalmPosition","pinchStrength","grabStrength","confidence","armBasis","armWidth","elbow","wrist"]]},{"pointables":[["id","direction","handId","length","stabilizedTipPosition","tipPosition","tipVelocity","tool","carpPosition","mcpPosition","pipPosition","dipPosition","btipPosition","bases","type"]]},{"interactionBox":["center","size"]}],[1771226,440551254289,[[523,"right",[-0.0282046,0.996306,-0.0811117],[-0.329301,-0.0858754,-0.940312],[-71.7826,182.663,47.9784],[-1.031,-1.44744,-0.177371],[-66.8132,184.454,48.8276],0.521738,1,0.444153,[[0.855562,0.0776373,-0.511846],[0.119854,0.932127,0.341724],[0.503636,-0.353712,0.788187]],63.72,[74.3392,33.7299,266.712],[-61.6426,129.232,53.9012]]],[[5230,[-0.257613,0.869788,-0.420838],523,52.1164,[-113.321,211.968,9.52623],[-111.37,208.968,8.49889],[1.96982,-7.50256,3.12667],false,[-92.0086,124.901,53.4455],[-92.0086,124.901,53.4455],[-109.022,168.33,35.663],[-117.805,197.986,21.3142],[-108.749,211.581,4.55459],[[[0.668816,0.271145,0.692218],[-0.601292,-0.350266,0.718165],[0.437187,-0.896546,-0.0712265]],[[0.535015,0.49108,0.687459],[-0.773042,-0.0437138,0.632847],[0.34083,-0.870017,0.356238]],[[0.535015,0.49108,0.687459],[-0.804608,0.0480562,0.591858],[0.257613,-0.869788,0.420838]],[[0.535015,0.49108,0.687459],[-0.751009,0.649157,0.120753],[-0.386969,-0.580892,0.716114]]],0],[5231,[0.241185,-0.970475,-0.00297089],523,58.8075,[-91.2508,172.18,22.9693],[-98.5396,169.551,23.4076],[-1.29297,-0.493858,-0.408632],false,[-78.2593,137.239,68.2982],[-95.4053,207.762,56.2561],[-109.57,202.628,16.0221],[-103.74,179.171,15.9503],[-96.9588,166.769,25.5478],[[[0.925669,0.167095,-0.339434],[0.298026,0.230624,0.926279],[0.233058,-0.958588,0.163683]],[[0.909188,0.227023,-0.349052],[-0.254318,0.96653,-0.0338025],[0.329695,0.119503,0.936494]],[[0.909188,0.227023,-0.349052],[-0.33942,-0.081485,-0.937099],[-0.241185,0.970475,0.00297089]],[[0.909188,0.227023,-0.349052],[-0.125849,-0.649261,-0.750081],[-0.396911,0.725893,-0.56173]]],1],[5232,[0.0293964,-0.995046,0.0949653],523,67.0064,[-83.7576,165.287,20.1875],[-91.0194,162.651,20.1958],[-1.76362,-0.232804,-1.19128],false,[-66.6139,140.232,65.644],[-73.9109,208.054,50.9991],[-96.2041,201.69,8.74047],[-95.3682,173.395,11.4409],[-89.6986,159.534,22.7935],[[[0.884186,-0.00573031,-0.4671],[0.455276,0.234452,0.858927],[0.104591,-0.972111,0.209908]],[[0.885451,-0.0181607,-0.464378],[-0.0453908,0.991079,-0.125308],[0.462511,0.132032,0.876728]],[[0.885451,-0.0181607,-0.464378],[-0.463802,-0.0977381,-0.880531],[-0.0293964,0.995046,-0.0949653]],[[0.885451,-0.0181607,-0.464378],[-0.353485,-0.675021,-0.647608],[-0.301703,0.737575,-0.604117]]],2],[5233,[-0.134259,-0.984386,0.113839],523,64.4285,[-70.2762,163.107,17.7567],[-76.7425,160.41,17.9008],[-1.81084,-0.251536,-1.21159],false,[-55.4808,141.171,60.5349],[-53.1023,201.623,44.2992],[-75.8614,198.59,5.97045],[-79.5806,171.32,9.12401],[-75.8224,157.091,20.6344],[[[0.853087,-0.16638,-0.494531],[0.520386,0.202335,0.829614],[-0.0379698,-0.965079,0.259191]],[[0.852793,-0.173285,-0.492662],[0.115206,0.982529,-0.146167],[0.509383,0.0678924,0.857857]],[[0.852793,-0.173285,-0.492662],[-0.504696,-0.0309364,-0.862742],[0.134259,0.984386,-0.113839]],[[0.852793,-0.173285,-0.492662],[-0.481959,-0.624466,-0.61462],[-0.201146,0.761587,-0.616057]]],3],[5234,[-0.359743,-0.91897,0.161494],523,50.5107,[-58.5046,168.628,18.2133],[-63.5597,166.229,17.6736],[-0.950651,-1.34105,-0.914303],false,[-46.6603,138.196,49.7689],[-36.0592,193.124,34.5126],[-57.3256,194.546,6.2992],[-64.3617,176.572,9.45782],[-63.2032,163.059,20.0954],[[[0.74517,-0.308088,-0.591441],[0.641324,0.0879312,0.762215],[-0.182823,-0.947286,0.263108]],[[0.727687,-0.384661,-0.567897],[0.329765,0.922181,-0.202081],[0.601437,-0.0402206,0.797907]],[[0.727687,-0.384661,-0.567897],[-0.584,0.0867801,-0.807101],[0.359743,0.918969,-0.161494]],[[0.727687,-0.384661,-0.567897],[-0.682608,-0.487257,-0.544635],[-0.0672118,0.783975,-0.617143]]],4]],[[0,200,0],[235.247,235.247,147.751]]]]}