{"metadata":{"formatVersion":2,"generatedBy":"LeapJS Playback 0.2.1","frames":1,"protocolVersion":6,"serviceVersion":"2.2.5+26752","frameRate":"1.1e+2","modified":"Tue Apr 21 2015 20:52:51 GMT-0300 (E. South America Standard Time)"},"frames":[["id","timestamp",{"hands":[["id","type","direction","palmNormal","palmPosition","palmVelocity","stabilizedPalmPosition","pinchStrength","grabStrength","confidence","armBasis","armWidth","elbow","wrist"]]},{"pointables":[["id","direction","handId","length","stabilizedTipPosition","tipPosition","tipVelocity","tool","carpPosition","mcpPosition","pipPosition","dipPosition","btipPosition","bases","type"]]},{"interactionBox":["center","size"]}],[1771302,440551930229,[[523,"right",[-0.0207312,0.993837,-0.108892],[-0.303327,-0.110034,-0.946512],[-71.2569,181.438,46.9317],[-4.79444,-24.4293,0.659632],[-67.4595,184.217,48.6424],0.545861,1,0.749619,[[0.847616,0.0817434,-0.524276],[0.122581,0.931168,0.343366],[0.516257,-0.355309,0.779253]],63.72,[77.8242,32.2104,264.984],[-61.5651,128.144,54.5855]]],[[5230,[-0.259303,0.862573,-0.43443],523,52.1164,[-112.454,210.77,9.06548],[-109.168,205.83,6.53792],[1.48769,-40.0627,-10.7738],false,[-91.9286,123.937,53.3947],[-91.9286,123.937,53.3947],[-108.716,167.023,34.5923],[-117.557,196.433,19.7801],[-106.709,208.397,2.84156],[[[0.650606,0.286952,0.703114],[-0.622953,-0.32786,0.710237],[0.434327,-0.900092,-0.03455]],[[0.520757,0.503697,0.689276],[-0.784673,-0.0356535,0.618884],[0.336305,-0.863144,0.37667]],[[0.520757,0.503697,0.689276],[-0.813372,0.0475013,0.579801],[0.259303,-0.862573,0.43443]],[[0.520757,0.503697,0.689276],[-0.716916,0.69639,0.0327432],[-0.463513,-0.511204,0.723758]]],0],[5231,[0.236286,-0.97123,0.0296935],523,58.8075,[-92.0045,171.884,22.9387],[-97.3797,167.801,21.963],[-1.29602,-29.2202,-0.423552],false,[-78.5359,136.615,68.2873],[-94.9706,206.858,53.858],[-108.037,200.708,13.3956],[-102.326,177.233,14.1133],[-95.8762,165.066,24.2266],[[[0.935656,0.15365,-0.31771],[0.273212,0.254484,0.927682],[0.22339,-0.954793,0.196131]],[[0.919672,0.21367,-0.329467],[-0.2484,0.966361,-0.0666657],[0.30414,0.14315,0.941811]],[[0.919672,0.21367,-0.329467],[-0.313644,-0.105157,-0.9437],[-0.236286,0.97123,-0.0296935]],[[0.919672,0.21367,-0.329467],[-0.108146,-0.668748,-0.735582],[-0.377502,0.712125,-0.591921]]],1],[5232,[0.0203771,-0.992429,0.121119],523,67.0064,[-84.5502,164.968,20.1071],[-89.8382,160.833,19.1204],[-1.45809,-30.7694,3.03507],false,[-66.8053,139.482,65.8809],[-73.3364,206.911,49.2009],[-94.4741,199.586,6.50644],[-93.8947,171.365,9.95062],[-88.6299,157.778,21.8174],[[[0.896858,-0.0224084,-0.441752],[0.4323,0.255773,0.864695],[0.0936117,-0.966477,0.239079]],[[0.898008,-0.0350866,-0.438577],[-0.0355756,0.987761,-0.151865],[0.438537,0.151978,0.885769]],[[0.898008,-0.0350866,-0.438577],[-0.439506,-0.117703,-0.890495],[-0.0203771,0.992429,-0.121119]],[[0.898008,-0.0350866,-0.438577],[-0.339252,-0.689946,-0.639439],[-0.280159,0.72301,-0.631481]]],2],[5233,[-0.138506,-0.982348,0.125735],523,64.4285,[-71.1438,162.67,17.7287],[-75.3064,158.561,17.1524],[-1.48971,-28.461,-1.00117],false,[-55.529,140.231,61.063],[-52.3825,200.207,43.2652],[-74.0771,196.635,4.36982],[-77.914,169.422,7.85293],[-74.4545,155.424,19.7344],[[[0.8657,-0.183606,-0.465673],[0.498036,0.222579,0.838104],[-0.0502323,-0.957469,0.284129]],[[0.865796,-0.181747,-0.466224],[0.120944,0.98009,-0.157468],[0.485561,0.0799486,0.870539]],[[0.865796,-0.181747,-0.466224],[-0.480846,-0.0442863,-0.875686],[0.138506,0.982348,-0.125735]],[[0.865796,-0.181747,-0.466224],[-0.464879,-0.636899,-0.615018],[-0.185161,0.749218,-0.635915]]],3],[5234,[-0.347631,-0.923772,0.160616],523,50.5107,[-59.1218,168.142,18.0046],[-61.7254,163.918,17.001],[-0.751721,-31.8651,4.83265],false,[-46.4266,136.924,50.6338],[-35.1169,191.368,34.1955],[-55.6584,192.247,5.42839],[-62.4577,174.179,8.56985],[-61.3119,160.796,19.3719],[[[0.759798,-0.327425,-0.561694],[0.620213,0.105841,0.77726],[-0.195044,-0.938931,0.283491]],[[0.748433,-0.37657,-0.545933],[0.319935,0.926055,-0.20016],[0.580938,-0.0248564,0.813568]],[[0.748433,-0.37657,-0.545933],[-0.564801,0.0695731,-0.822289],[0.347631,0.923772,-0.160616]],[[0.748433,-0.37657,-0.545933],[-0.65987,-0.505323,-0.556076],[-0.066471,0.776431,-0.626688]]],4]],[[0,200,0],[235.247,235.247,147.751]]]]}