{"metadata":{"formatVersion":2,"generatedBy":"LeapJS Playback 0.2.1","frames":1,"protocolVersion":6,"serviceVersion":"2.2.5+26752","frameRate":"1.1e+2","modified":"Tue Apr 21 2015 20:54:26 GMT-0300 (E. South America Standard Time)"},"frames":[["id","timestamp",{"hands":[["id","type","direction","palmNormal","palmPosition","palmVelocity","stabilizedPalmPosition","pinchStrength","grabStrength","confidence","armBasis","armWidth","elbow","wrist"]]},{"pointables":[["id","direction","handId","length","stabilizedTipPosition","tipPosition","tipVelocity","tool","carpPosition","mcpPosition","pipPosition","dipPosition","btipPosition","bases","type"]]},{"interactionBox":["center","size"]}],[1784716,440671092622,[[530,"right",[-0.150738,0.848756,-0.506844],[0.0673305,-0.502697,-0.861837],[-7.90254,101.589,17.6763],[-30.066,-4.59674,-19.5305],[-13.6439,103.196,27.5056],0,0,0.588477,[[0.945556,0.240713,-0.219048],[-0.144849,0.913955,0.379086],[0.291451,-0.326718,0.899062]],63.72,[86.1563,-29.0359,291.374],[7.46458,59.1779,48.627]]],[[5300,[-0.0580474,0.820337,-0.568927],530,52.1164,[-42.7647,117.479,9.93709],[-39.7471,112.382,3.47227],[-66.7989,-2.10611,63.1488],false,[-19.4093,46.1679,41.5847],[-19.4093,46.1679,41.5847],[-52.543,82.5634,33.2601],[-54.5221,110.533,13.8622],[-34.9076,112.849,1.30691],[[[0.30724,0.681254,0.664452],[-0.765034,-0.238443,0.59822],[0.565974,-0.692126,0.447924]],[[0.407744,0.539668,0.736548],[-0.627024,-0.420898,0.655504],[0.663767,-0.729111,0.166766]],[[0.407744,0.539668,0.736548],[-0.911249,0.189222,0.365814],[0.0580474,-0.820337,0.568927]],[[0.407744,0.539668,0.736548],[-0.362403,0.836041,-0.411946],[-0.838099,-0.0989586,0.536468]]],0],[5301,[-0.077236,0.973012,-0.217444],530,58.8075,[-35.7715,206.396,16.6139],[-42.9764,198.071,-8.47187],[-115.808,-55.7366,-116.927],false,[-14.3841,66.4024,52.8627],[-36.5089,119.788,7.33252],[-40.1159,162.174,1.32197],[-41.9828,185.692,-3.93374],[-43.187,202.004,-8.87215],[[[0.946968,0.304217,-0.103464],[-0.113194,0.617167,0.778647],[0.300732,-0.725642,0.618873]],[[0.993103,0.0943768,0.069565],[-0.0818363,0.133097,0.987719],[0.0839588,-0.986599,0.139903]],[[0.993103,0.0943768,0.069565],[-0.0882092,0.210571,0.973591],[0.077236,-0.973012,0.217444]],[[0.993103,0.0943768,0.069565],[-0.0936936,0.282143,0.954786],[0.0704825,-0.954719,0.289039]]],1],[5302,[0.0214448,0.98185,-0.188445],530,67.0064,[-14.4575,217.345,9.74297],[-13.7965,214.023,-7.40274],[-119.869,-25.926,-115.095],false,[-3.21913,71.5861,52.5634],[-14.9493,124.58,8.72757],[-13.7663,172.37,2.55991],[-13.1565,200.29,-2.79878],[-12.8101,218.506,-7.40528],[[[0.98422,0.0936834,-0.150115],[0.0551622,0.643633,0.763344],[0.168132,-0.759579,0.628308]],[[0.998457,-0.0306892,-0.046276],[0.0498084,0.126626,0.990699],[-0.024544,-0.991476,0.127959]],[[0.998457,-0.0306892,-0.046276],[0.0512193,0.187162,0.980993],[-0.0214448,-0.98185,0.188445]],[[0.998457,-0.0306892,-0.046276],[0.0523788,0.2439,0.968385],[-0.0184322,-0.969315,0.245131]]],2],[5303,[-0.0805554,0.987086,-0.138465],530,64.4285,[3.59723,205.887,-0.893195],[0.0338775,207.977,-0.604584],[-64.0817,4.81967,-32.6944],false,[8.72449,73.934,50.9001],[7.57799,122.69,11.59],[4.42371,167.077,7.57477],[2.19217,194.421,3.73901],[0.514035,212.709,0.296446],[[[0.991257,-0.0679042,-0.113132],[0.130671,0.624139,0.770309],[0.0183031,-0.778357,0.627555]],[[0.977059,0.0507223,-0.20684],[0.200927,0.102408,0.974239],[0.0705977,-0.993448,0.0898672]],[[0.977059,0.0507223,-0.20684],[0.197146,0.151951,0.968527],[0.0805554,-0.987086,0.138465]],[[0.977059,0.0507223,-0.20684],[0.193103,0.198603,0.960868],[0.0898165,-0.978767,0.184252]]],3],[5304,[-0.000806259,0.992434,-0.122775],530,50.5107,[25.8307,180.341,2.19063],[27.8847,184.019,2.58723],[-59.3376,30.6691,27.6876],false,[21.3009,70.1404,45.4229],[28.1544,116.767,11.64],[28.8003,152.044,9.31741],[28.7846,171.455,6.91607],[28.4642,188.421,3.88932],[[[0.951405,-0.25972,-0.165451],[0.284357,0.534745,0.795731],[-0.118194,-0.80411,0.582613]],[[0.948821,-0.0380148,-0.313517],[0.315285,0.0565961,0.947308],[-0.0182679,-0.997673,0.0656851]],[[0.948821,-0.0380148,-0.313517],[0.315813,0.116745,0.941612],[0.000806259,-0.992434,0.122775]],[[0.948821,-0.0380148,-0.313517],[0.315266,0.172439,0.933205],[0.018587,-0.984286,0.175599]]],4]],[[0,200,0],[235.247,235.247,147.751]]]]}