{"metadata":{"formatVersion":2,"generatedBy":"LeapJS Playback 0.2.1","frames":1,"protocolVersion":6,"serviceVersion":"2.2.5+26752","frameRate":"1.1e+2","modified":"Tue Apr 21 2015 20:54:48 GMT-0300 (E. South America Standard Time)"},"frames":[["id","timestamp",{"hands":[["id","type","direction","palmNormal","palmPosition","palmVelocity","stabilizedPalmPosition","pinchStrength","grabStrength","confidence","armBasis","armWidth","elbow","wrist"]]},{"pointables":[["id","direction","handId","length","stabilizedTipPosition","tipPosition","tipVelocity","tool","carpPosition","mcpPosition","pipPosition","dipPosition","btipPosition","bases","type"]]},{"interactionBox":["center","size"]}],[1784375,440668040054,[[530,"right",[-0.0858759,0.958647,-0.271331],[-0.212031,-0.283683,-0.935183],[-11.823,97.5052,27.5376],[0.781814,6.26859,1.23583],[-18.5036,103.463,30.0288],0,0,0.479794,[[0.961819,0.0349917,-0.27144],[0.0379552,0.965155,0.25891],[0.271041,-0.259327,0.926977]],63.72,[74.3321,-22.8809,294.778],[1.15088,47.1374,44.4943]]],[[5300,[-0.0893581,0.94961,-0.300427],530,52.1164,[-63.3772,131.33,31.2691],[-57.2753,127.496,33.0603],[-2.52489,7.30749,1.51723],false,[-28.5973,40.1438,41.8119],[-28.5973,40.1438,41.8119],[-57.0294,79.9254,51.8521],[-60.0761,112.303,41.6089],[-56.6259,132.507,30.3125],[[[0.564616,0.449964,0.691912],[-0.655115,-0.265592,0.707308],[0.502029,-0.852639,0.144821]],[[0.647708,0.284546,0.706759],[-0.506016,-0.532834,0.67826],[0.569581,-0.796945,-0.201136]],[[0.647708,0.284546,0.706759],[-0.756631,0.131435,0.640496],[0.0893581,-0.94961,0.300427]],[[0.647708,0.284546,0.706759],[-0.74749,0.416824,0.517219],[-0.147422,-0.863302,0.482676]]],0],[5301,[0.0360359,0.983485,-0.177364],530,58.8075,[-37.4392,206.455,16.1229],[-34.761,200.721,16.2689],[3.00671,6.53817,-0.641335],false,[-17.5188,56.1324,55.3587],[-37.8839,121.515,28.4727],[-35.9604,164.088,23.027],[-35.0894,187.859,18.74],[-34.6068,204.512,14.9533],[[[0.945244,0.183415,-0.26995],[0.172881,0.420165,0.890828],[0.276814,-0.888719,0.365449]],[[0.984897,-0.0650265,-0.160466],[0.167252,0.117656,0.978869],[-0.0447726,-0.990923,0.126755]],[[0.984897,-0.0650265,-0.160466],[0.16935,0.168903,0.970975],[-0.0360359,-0.983485,0.177364]],[[0.984897,-0.0650265,-0.160466],[0.170822,0.213752,0.961837],[-0.0282449,-0.974721,0.221632]]],1],[5302,[-0.0671484,0.972574,-0.222692],530,67.0064,[-22.5527,214.9,8.27997],[-20.9295,211.548,6.18636],[-18.267,11.5429,28.633],false,[-5.87374,59.6054,53.3716],[-15.9956,122.736,25.4494],[-18.4635,170.064,16.6633],[-20.373,197.721,10.3307],[-21.8923,215.816,5.49501],[[[0.930538,-0.0126742,-0.365977],[0.336232,0.425511,0.840172],[0.145079,-0.904865,0.400215]],[[0.931507,-0.0188573,-0.363234],[0.360101,0.188396,0.913693],[0.0512019,-0.981912,0.182283]],[[0.931507,-0.0188573,-0.363234],[0.357471,0.23183,0.904693],[0.0671484,-0.972574,0.222692]],[[0.931507,-0.0188573,-0.363234],[0.354623,0.269071,0.895457],[0.0808495,-0.962936,0.257328]]],2],[5303,[-0.0774672,0.95848,-0.274436],530,64.4285,[-2.99069,200.616,0.432898],[-1.52868,200.419,-0.109384],[29.6776,4.53279,-15.2119],false,[5.6856,60.5759,49.3257],[5.83367,117.05,22.225],[3.15547,160.361,11.5827],[1.00947,186.912,3.98026],[-0.712037,204.625,-1.71134],[[[0.913733,-0.177735,-0.36538],[0.406309,0.394456,0.824207],[-0.00236381,-0.901562,0.432643]],[[0.904822,-0.0480062,-0.423075],[0.421549,0.240881,0.874227],[0.0599424,-0.969367,0.238192]],[[0.904822,-0.0480062,-0.423075],[0.418683,0.28109,0.863535],[0.0774672,-0.95848,0.274436]],[[0.904822,-0.0480062,-0.423075],[0.415701,0.314612,0.853353],[0.0921381,-0.948006,0.304624]]],3],[5304,[-0.00800056,0.97292,-0.231004],530,50.5107,[23.564,180.446,3.36918],[24.4327,174.951,1.27721],[6.37771,5.31126,1.42743],false,[15.8702,56.4835,40.2657],[24.4271,108.447,15.9995],[24.9616,143.115,9.06235],[24.8051,162.144,4.54418],[24.335,178.783,0.0672518],[[[0.827539,-0.343602,-0.443978],[0.541666,0.280799,0.792307],[-0.14757,-0.896153,0.41849]],[[0.838813,-0.119228,-0.531204],[0.54421,0.156538,0.824215],[-0.0151159,-0.980449,0.196192]],[[0.838813,-0.119228,-0.531204],[0.544362,0.198019,0.815143],[0.00800056,-0.97292,0.231004]],[[0.838813,-0.119228,-0.531204],[0.543737,0.232355,0.80645],[0.0272761,-0.965296,0.259731]]],4]],[[0,200,0],[235.247,235.247,147.751]]]]}