{"metadata":{"formatVersion":2,"generatedBy":"LeapJS Playback 0.2.1","frames":1,"protocolVersion":6,"serviceVersion":"2.2.5+26752","frameRate":"1.1e+2","modified":"Tue Apr 21 2015 20:55:33 GMT-0300 (E. South America Standard Time)"},"frames":[["id","timestamp",{"hands":[["id","type","direction","palmNormal","palmPosition","palmVelocity","stabilizedPalmPosition","pinchStrength","grabStrength","confidence","armBasis","armWidth","elbow","wrist"]]},{"pointables":[["id","direction","handId","length","stabilizedTipPosition","tipPosition","tipVelocity","tool","carpPosition","mcpPosition","pipPosition","dipPosition","btipPosition","bases","type"]]},{"interactionBox":["center","size"]}],[1791793,440733635416,[[532,"right",[-0.191055,0.874404,-0.446],[0.028364,-0.449262,-0.89295],[-19.9211,104.955,26.6108],[37.0614,-24.4993,-66.8437],[-17.2951,103.578,30.902],0,0,0.462778,[[0.872224,0.249013,-0.420972],[-0.1653,0.96013,0.225446],[0.460327,-0.127053,0.878611]],63.72,[122.041,26.7706,291.312],[-2.24739,61.0748,54.0871]]],[[5320,[-0.0973939,0.862926,-0.495856],532,52.1164,[-53.466,115.36,18.7803],[-51.1411,114.639,16.4703],[38.2867,-3.41235,-56.4249],false,[-29.2585,48.0064,47.7094],[-29.2585,48.0064,47.7094],[-63.2003,84.4832,44.6825],[-66.521,113.905,27.776],[-47.0208,115.62,14.949],[[[0.332169,0.646197,0.68709],[-0.727762,-0.287814,0.622516],[0.600022,-0.706819,0.374675]],[[0.451407,0.482331,0.750725],[-0.577833,-0.483088,0.657826],[0.679957,-0.730741,0.0606373]],[[0.451407,0.482331,0.750725],[-0.886987,0.150717,0.436507],[0.0973939,-0.862926,0.495856]],[[0.451407,0.482331,0.750725],[-0.319353,0.87292,-0.368815],[-0.833214,-0.0732607,0.548076]]],0],[5321,[-0.0967262,0.985576,-0.138866],532,58.8075,[-55.8017,197.084,-9.24394],[-57.218,202.143,7.54799],[56.2066,-13.6373,-56.5047],false,[-23.944,67.6255,59.9049],[-49.3233,123.199,18.917],[-53.535,165.711,14.3617],[-55.8729,189.532,11.0052],[-57.5031,206.292,8.11254],[[[0.935162,0.327466,-0.13505],[-0.0804267,0.567595,0.81937],[0.344969,-0.755382,0.55713]],[[0.994465,0.10145,0.0273367],[-0.0378069,0.102763,0.993987],[0.0980311,-0.989519,0.10603]],[[0.994465,0.10145,0.0273367],[-0.0410304,0.135454,0.989934],[0.0967262,-0.985576,0.138866]],[[0.994465,0.10145,0.0273367],[-0.0439917,0.165761,0.985184],[0.0954159,-0.980934,0.169307]]],1],[5322,[-0.0660285,0.994499,-0.0813128],532,67.0064,[-37.4693,212.529,-8.49797],[-35.0452,218.701,12.5528],[129.041,-9.01979,-33.6392],false,[-12.8931,73.0254,59.3264],[-27.7966,128.302,19.4521],[-30.7814,176.342,16.8971],[-32.659,204.622,14.5848],[-33.9722,223.258,12.5522],[[[0.973088,0.120809,-0.196229],[0.0864246,0.598064,0.796775],[0.213615,-0.792291,0.571528]],[[0.987641,0.053529,-0.147307],[0.143979,0.0614752,0.987669],[0.0619247,-0.996672,0.0530084]],[[0.987641,0.053529,-0.147307],[0.142144,0.0900343,0.985743],[0.0660285,-0.994499,0.0813128]],[[0.987641,0.053529,-0.147307],[0.14029,0.117122,0.983159],[0.0698803,-0.991674,0.108165]]],2],[5323,[-0.0959492,0.987884,-0.121983],532,64.4285,[-20.0015,205.878,-10.7885],[-14.4447,211.853,9.44884],[138.068,9.22975,75.5324],false,[-1.09475,75.6908,57.1761],[-5.12084,126.666,20.9953],[-9.09357,170.975,16.8395],[-11.7516,198.341,13.4603],[-13.6651,216.717,10.6792],[[[0.984614,-0.0425307,-0.169487],[0.162492,0.579606,0.798532],[0.0642735,-0.813787,0.577599]],[[0.967826,0.0639512,-0.243359],[0.235388,0.111659,0.965466],[0.088916,-0.991687,0.0930131]],[[0.967826,0.0639512,-0.243359],[0.23261,0.141409,0.962235],[0.0959492,-0.987884,0.121983]],[[0.967826,0.0639512,-0.243359],[0.229835,0.168986,0.958446],[0.102418,-0.983542,0.148851]]],3],[5324,[-0.0377773,0.993205,-0.110076],532,50.5107,[7.21109,185.052,-1.94481],[12.4124,188.483,11.3322],[79.2153,-8.43134,36.1808],false,[11.2241,72.4649,50.8201],[15.5173,121.136,19.5954],[14.7328,156.399,17.1144],[13.994,175.825,14.9614],[13.0982,192.853,12.4385],[[[0.944962,-0.231611,-0.231092],[0.318693,0.491746,0.810321],[-0.0740404,-0.83937,0.538494]],[[0.931601,-0.00484677,-0.36345],[0.362805,0.0734301,0.928968],[0.0221857,-0.997289,0.070166]],[[0.931601,-0.00484677,-0.36345],[0.361514,0.116277,0.925088],[0.0377774,-0.993205,0.110076]],[[0.931601,-0.00484677,-0.36345],[0.359749,0.155245,0.920043],[0.0519645,-0.987864,0.14637]]],4]],[[0,200,0],[235.247,235.247,147.751]]]]}