{"metadata":{"formatVersion":2,"generatedBy":"LeapJS Playback 0.2.1","frames":1,"protocolVersion":6,"serviceVersion":"2.2.5+26752","frameRate":"1.1e+2","modified":"Tue Apr 21 2015 20:56:05 GMT-0300 (E. South America Standard Time)"},"frames":[["id","timestamp",{"hands":[["id","type","direction","palmNormal","palmPosition","palmVelocity","stabilizedPalmPosition","pinchStrength","grabStrength","confidence","armBasis","armWidth","elbow","wrist"]]},{"pointables":[["id","direction","handId","length","stabilizedTipPosition","tipPosition","tipVelocity","tool","carpPosition","mcpPosition","pipPosition","dipPosition","btipPosition","bases","type"]]},{"interactionBox":["center","size"]}],[1791153,440727903536,[[532,"right",[-0.101295,0.804209,-0.585652],[0.128635,-0.57315,-0.809291],[5.41999,83.8468,19.3391],[-9.49551,-7.82559,-13.3741],[4.09225,85.3729,23.6902],0,0,0.680274,[[0.981974,0.118744,0.147064],[-0.163285,0.924833,0.343543],[-0.0952161,-0.361364,0.927551]],62.1951,[-7.53661,-50.1873,298.403],[17.5565,45.046,53.9576]]],[[5320,[-0.0619235,0.831776,-0.551647],532,50.8692,[-26.0339,99.358,10.2818],[-27.1218,97.2314,10.0842],[-9.41276,-15.8697,-16.3257],false,[-8.19949,31.9407,46.1195],[-8.19949,31.9407,46.1195],[-39.9915,67.8501,37.5337],[-42.0523,95.5313,19.1751],[-22.5954,97.7803,7.41939],[[[0.262147,0.73287,0.627838],[-0.811929,-0.184137,0.553954],[0.521585,-0.654977,0.546768]],[[0.393513,0.528282,0.752374],[-0.647599,-0.421584,0.63473],[0.652505,-0.737011,0.176216]],[[0.393513,0.528282,0.752374],[-0.917231,0.17049,0.360027],[0.0619235,-0.831776,0.551647]],[[0.393513,0.528282,0.752374],[-0.345938,0.843342,-0.41122],[-0.851748,-0.0984544,0.514618]]],0],[5321,[-0.133041,0.961244,-0.241473],532,57.4002,[-30.1004,178.63,-10.3097],[-32.0129,176.27,-12.3204],[-35.4151,-14.1165,-5.65398],false,[-3.94639,52.5174,55.8057],[-21.43,100.836,5.64441],[-27.2393,141.563,-2.48094],[-30.378,164.241,-8.17778],[-32.5048,180.078,-12.9515],[[[0.955493,0.290107,-0.0535844],[-0.166595,0.680494,0.713564],[0.243474,-0.672879,0.698538]],[[0.984387,0.156489,0.080587],[-0.108589,0.179575,0.977733],[0.138533,-0.971218,0.193764]],[[0.984387,0.156489,0.080587],[-0.115252,0.226982,0.967055],[0.133041,-0.961244,0.241473]],[[0.984387,0.156489,0.080587],[-0.121322,0.271502,0.95476],[0.12753,-0.94963,0.286249]]],1],[5322,[0.0410508,0.969227,-0.242722],532,65.4029,[-3.53001,196.121,-5.0915],[1.80826,191.906,-12.0544],[29.1433,-9.60748,-11.1793],false,[6.99699,57.4841,55.9526],[-0.505409,105.513,8.26299],[1.37469,151.619,-0.909655],[2.51409,178.521,-7.64661],[3.28439,196.071,-12.9227],[[[0.993909,0.0762443,-0.0795717],[0.002727,0.704805,0.709395],[0.11017,-0.705291,0.700305]],[[0.998931,-0.0346495,0.0305853],[-0.0232179,0.195982,0.980333],[-0.0399622,-0.979995,0.194968]],[[0.998931,-0.0346495,0.0305853],[-0.0212339,0.243718,0.969614],[-0.0410508,-0.969227,0.242722]],[[0.998931,-0.0346495,0.0305853],[-0.0192977,0.288622,0.957249],[-0.0419958,-0.956816,0.287645]]],2],[5323,[-0.00973562,0.957603,-0.287928],532,62.8867,[26.4269,186.956,-6.45421],[20.8141,185.26,-9.83969],[-19.5739,-7.04952,-20.8147],false,[18.7707,59.578,55.0658],[21.1763,103.805,12.9188],[20.9403,146.113,2.341],[20.677,172.006,-5.4443],[20.4262,189.221,-11.4573],[[[0.996236,-0.0817258,-0.0288982],[0.0772409,0.685609,0.72386],[-0.0393452,-0.723368,0.689341]],[[0.995782,-0.0169873,-0.0901672],[0.0915936,0.242017,0.965939],[0.0054133,-0.970123,0.242552]],[[0.995782,-0.0169873,-0.0901672],[0.0912355,0.287591,0.953398],[0.00973562,-0.957603,0.287928]],[[0.995782,-0.0169873,-0.0901672],[0.090717,0.329566,0.939764],[0.013752,-0.94398,0.329717]]],3],[5324,[0.00542169,0.960364,-0.278695],532,49.302,[42.5867,164.076,0.0268317],[41.7194,161.841,-3.01183],[-23.3003,-5.67727,-29.5516],false,[31.3832,55.385,51.0256],[41.1296,97.9545,15.0238],[41.826,131.605,7.3875],[41.9295,149.939,2.067],[41.7938,165.819,-3.4885],[[[0.958438,-0.27705,-0.068123],[0.22747,0.597932,0.768592],[-0.172206,-0.752144,0.636101]],[[0.9703,-0.0724553,-0.2308],[0.241063,0.210029,0.947511],[-0.0201775,-0.975007,0.221257]],[[0.9703,-0.0724553,-0.2308],[0.241845,0.269167,0.932234],[-0.00542169,-0.960364,0.278695]],[[0.9703,-0.0724553,-0.2308],[0.241771,0.32226,0.915257],[0.00806233,-0.943874,0.330206]]],4]],[[0,200,0],[235.247,235.247,147.751]]]]}