{"metadata":{"formatVersion":2,"generatedBy":"LeapJS Playback 0.2.1","frames":1,"protocolVersion":6,"serviceVersion":"2.2.5+26752","frameRate":"1.1e+2","modified":"Tue Apr 21 2015 20:56:41 GMT-0300 (E. South America Standard Time)"},"frames":[["id","timestamp",{"hands":[["id","type","direction","palmNormal","palmPosition","palmVelocity","stabilizedPalmPosition","pinchStrength","grabStrength","confidence","armBasis","armWidth","elbow","wrist"]]},{"pointables":[["id","direction","handId","length","stabilizedTipPosition","tipPosition","tipVelocity","tool","carpPosition","mcpPosition","pipPosition","dipPosition","btipPosition","bases","type"]]},{"interactionBox":["center","size"]}],[1800893,440813999037,[[536,"right",[-0.133072,0.907023,-0.399502],[-0.118596,-0.414763,-0.902168],[2.51327,88.8042,48.1119],[-16.0992,44.6079,-14.5055],[1.49574,83.4159,47.779],0,0,0.703712,[[0.966149,0.0954806,-0.239666],[-0.0228591,0.957021,0.289118],[0.25697,-0.273852,0.926807]],59.2707,[81.1881,-23.3501,303.415],[16.6509,45.427,70.6498]]],[[5360,[-0.20706,0.852094,-0.480689],536,48.4773,[-38.8307,102.859,38.0165],[-38.765,103.898,37.3375],[-22.7092,81.3482,0.541879],false,[-10.2097,36.4461,67.1744],[-10.2097,36.4461,67.1744],[-41.6612,70.5616,65.4795],[-48.2281,97.5856,50.2345],[-36.7997,107.189,34.389],[[[0.476062,0.577209,0.663472],[-0.686935,-0.226978,0.690363],[0.549078,-0.784418,0.288449]],[[0.518705,0.51221,0.684534],[-0.521651,-0.444745,0.728067],[0.677366,-0.73474,0.0365032]],[[0.518705,0.51221,0.684534],[-0.8295,0.107596,0.548044],[0.20706,-0.852094,0.480689]],[[0.518705,0.51221,0.684534],[-0.674793,0.736917,-0.0400819],[-0.524975,-0.441128,0.727879]]],0],[5361,[-0.0323106,0.979198,-0.200316],536,54.7012,[-25.4424,173.91,18.3814],[-25.4523,181.894,28.8605],[-11.7262,76.6488,108.488],false,[-1.9952,53.5629,78.3856],[-23.2578,109.038,44.4242],[-24.4262,148.419,37.7309],[-25.1527,170.434,33.2272],[-25.7098,185.891,29.5751],[[[0.947673,0.223933,-0.227529],[0.073316,0.541002,0.837819],[0.310709,-0.81066,0.496276]],[[0.995325,0.0132716,-0.0956688],[0.092053,0.169504,0.981221],[0.0292386,-0.98544,0.16749]],[[0.995325,0.0132716,-0.0956688],[0.0910202,0.202471,0.975049],[0.0323106,-0.979198,0.200316]],[[0.995325,0.0132716,-0.0956688],[0.0899983,0.232078,0.968525],[0.0350565,-0.972607,0.229799]]],1],[5362,[-0.0192301,0.965533,-0.259567],536,62.3276,[-4.25501,185.834,11.2819],[-4.0059,192.997,20.4489],[-3.80082,84.873,117.056],false,[8.68806,57.401,76.8623],[-2.87527,111.454,42.8612],[-3.27787,155.162,32.8808],[-3.78652,180.701,26.0151],[-4.28275,197.41,20.905],[[[0.954461,0.0168202,-0.29786],[0.23928,0.553143,0.797984],[0.178181,-0.832916,0.523929]],[[0.9656,-0.0494008,-0.255297],[0.259877,0.217239,0.940888],[0.00897968,-0.974868,0.222604]],[[0.9656,-0.0494008,-0.255297],[0.259321,0.255548,0.931369],[0.0192301,-0.965534,0.259567]],[[0.9656,-0.0494008,-0.255297],[0.258478,0.289533,0.921607],[0.0283888,-0.955892,0.292342]]],2],[5363,[-0.141318,0.910391,-0.388866],536,59.9297,[6.62794,178.02,8.44956],[7.45034,181.559,12.0516],[22.8363,96.083,98.5685],false,[19.6058,58.6911,73.7438],[17.9264,107.489,41.9496],[12.7959,146.183,27.6791],[9.15441,169.642,17.6589],[6.4411,185.126,10.2467],[[[0.949507,-0.14768,-0.276815],[0.312418,0.526098,0.790959],[0.028823,-0.837503,0.545672]],[[0.932239,-0.00979132,-0.36171],[0.340132,0.364759,0.866753],[0.12345,-0.93105,0.343373]],[[0.932239,-0.00979132,-0.36171],[0.333105,0.413632,0.847319],[0.141318,-0.910391,0.388866]],[[0.932239,-0.00979132,-0.36171],[0.326428,0.454065,0.829017],[0.156123,-0.890915,0.426493]]],3],[5364,[-0.0278964,0.942104,-0.334158],536,46.9838,[35.0795,156.919,14.7538],[35.2874,160.088,17.712],[-6.27989,86.1987,91.3068],false,[29.9477,54.6371,66.5418],[36.1438,100.249,38.4294],[35.9752,131.694,28.7889],[35.4677,148.834,22.7095],[34.7128,163.721,16.8058],[[[0.881701,-0.328502,-0.338658],[0.457609,0.420652,0.783356],[-0.114877,-0.845658,0.521215]],[[0.885154,-0.132044,-0.44617],[0.465271,0.261736,0.845587],[0.00512468,-0.956064,0.293113]],[[0.885154,-0.132044,-0.44617],[0.464462,0.308228,0.830223],[0.0278964,-0.942104,0.334158]],[[0.885154,-0.132044,-0.44617],[0.462911,0.346935,0.81569],[0.0470852,-0.928548,0.368215]]],4]],[[0,200,0],[235.247,235.247,147.751]]]]}