{"metadata":{"formatVersion":2,"generatedBy":"LeapJS Playback 0.2.1","frames":1,"protocolVersion":6,"serviceVersion":"2.2.5+26752","frameRate":"1.1e+2","modified":"Tue Apr 21 2015 20:57:55 GMT-0300 (E. South America Standard Time)"},"frames":[["id","timestamp",{"hands":[["id","type","direction","palmNormal","palmPosition","palmVelocity","stabilizedPalmPosition","pinchStrength","grabStrength","confidence","armBasis","armWidth","elbow","wrist"]]},{"pointables":[["id","direction","handId","length","stabilizedTipPosition","tipPosition","tipVelocity","tool","carpPosition","mcpPosition","pipPosition","dipPosition","btipPosition","bases","type"]]},{"interactionBox":["center","size"]}],[1804439,440845348461,[[538,"right",[0.205386,0.84681,-0.490642],[-0.197715,-0.455091,-0.868217],[-51.1331,116.505,45.3362],[-14.7674,10.7816,-9.50441],[-48.7697,116.121,46.6713],1,1,0.370745,[[0.680572,-0.0696302,-0.729365],[0.284279,0.942584,0.175275],[0.675283,-0.326631,0.66129]],63.72,[128.263,-17.5459,253.566],[-54.0634,70.6444,75.0178]]],[[5380,[0.496915,0.252092,-0.830377],538,52.1164,[-60.1553,107.253,5.86616],[-58.6568,103.231,1.35513],[38.2687,-13.8233,-49.1032],false,[-84.2266,70.6807,69.4284],[-84.2266,70.6807,69.4284],[-89.2944,103.053,31.7705],[-72.3518,111.648,3.45831],[-52.6158,99.7356,-0.579911],[[[0.602617,0.461495,0.651056],[-0.763131,0.0946248,0.639279],[0.233418,-0.882082,0.409204]],[[0.517438,0.682096,0.516722],[-0.849677,0.337896,0.404816],[0.101525,-0.648514,0.754402]],[[0.517438,0.682096,0.516722],[-0.696659,0.686436,-0.208501],[-0.496915,-0.252092,0.830377]],[[0.517438,0.682096,0.516722],[0.145322,0.52503,-0.838585],[-0.843291,0.509007,0.172547]]],0],[5381,[-0.300955,-0.119985,-0.94606],538,58.8075,[-81.5274,170.69,7.64437],[-82.5445,171.565,4.26037],[-7.27224,4.92853,-23.682],false,[-70.4322,86.4199,80.5584],[-69.5679,145.552,36.7965],[-76.4401,187.224,28.9246],[-83.7143,184.324,6.05795],[-82.8348,167.454,3.4985],[[[0.979379,-0.129237,-0.155287],[0.201689,0.580747,0.788705],[-0.0117477,-0.80376,0.594837]],[[0.944867,0.0967228,-0.312843],[0.285726,0.223167,0.931964],[0.159958,-0.96997,0.183227]],[[0.944867,0.0967228,-0.312843],[-0.129042,0.988053,-0.0842605],[0.300955,0.119985,0.94606]],[[0.944867,0.0967228,-0.312843],[-0.323382,0.125439,-0.937917],[-0.0514754,0.987375,0.149801]]],1],[5382,[-0.291491,-0.0978035,-0.95156],538,67.0064,[-48.4399,170.606,1.67023],[-50.3487,169.724,-2.19232],[-7.39442,-1.83559,-23.7441],false,[-58.1523,86.3077,79.6591],[-48.0081,140.565,36.9885],[-38.1089,186.306,25.452],[-46.3978,183.525,-1.60698],[-51.752,165.526,-2.33605],[[[0.919959,-0.333737,-0.205659],[0.364054,0.53275,0.763965],[-0.145399,-0.777687,0.611606]],[[0.929028,-0.265946,-0.257254],[0.307778,0.169525,0.936234],[-0.205377,-0.948965,0.239346]],[[0.929028,-0.265946,-0.257254],[0.227904,0.959014,-0.168383],[0.291491,0.0978035,0.95156]],[[0.929028,-0.265946,-0.257254],[-0.236072,0.109339,-0.965565],[0.284917,0.957767,0.0387969]]],2],[5383,[-0.436884,-0.860731,0.261293],538,64.4285,[-54.8086,88.7038,15.0032],[-55.9811,88.5316,15.1655],[-22.9987,-15.298,32.475],false,[-46.4589,83.3456,77.331],[-28.3851,129.086,38.5372],[-41.8655,119.692,-3.01168],[-53.9681,95.8484,4.22667],[-56.7441,85.628,19.6192],[[[0.858456,-0.483748,-0.170416],[0.42403,0.482482,0.766427],[-0.288534,-0.730205,0.619313]],[[0.857444,-0.486293,-0.168254],[0.416846,0.848127,-0.326986],[0.301712,0.210236,0.929931]],[[0.857444,-0.486293,-0.168254],[-0.271887,-0.150537,-0.950482],[0.436884,0.860731,-0.261293]],[[0.857444,-0.486293,-0.168254],[-0.492662,-0.681393,-0.541283],[0.148575,0.547012,-0.823834]]],3],[5384,[-0.676297,-0.673085,0.299296],538,50.5107,[-41.544,90.6191,21.2876],[-42.6352,90.5427,21.0362],[-20.616,-9.59469,16.5071],false,[-37.0267,74.6911,71.1107],[-12.3944,114.895,37.3585],[-25.2351,109.171,4.91432],[-38.4626,96.0058,10.7682],[-44.0525,88.2464,25.1088],[[[0.73735,-0.638035,-0.22187],[0.525221,0.334948,0.782274],[-0.424804,-0.693341,0.582083]],[[0.668185,-0.731574,-0.135382],[0.649347,0.662264,-0.373838],[0.363149,0.161883,0.91756]],[[0.668185,-0.731574,-0.135382],[-0.310081,-0.108426,-0.944507],[0.676297,0.673085,-0.299296]],[[0.668185,-0.731574,-0.135382],[-0.669596,-0.51201,-0.538041],[0.324299,0.450162,-0.831976]]],4]],[[0,200,0],[235.247,235.247,147.751]]]]}