{"metadata":{"formatVersion":2,"generatedBy":"LeapJS Playback 0.2.1","frames":1,"protocolVersion":6,"serviceVersion":"2.2.5+26752","frameRate":"1.1e+2","modified":"Tue Apr 21 2015 20:57:41 GMT-0300 (E. South America Standard Time)"},"frames":[["id","timestamp",{"hands":[["id","type","direction","palmNormal","palmPosition","palmVelocity","stabilizedPalmPosition","pinchStrength","grabStrength","confidence","armBasis","armWidth","elbow","wrist"]]},{"pointables":[["id","direction","handId","length","stabilizedTipPosition","tipPosition","tipVelocity","tool","carpPosition","mcpPosition","pipPosition","dipPosition","btipPosition","bases","type"]]},{"interactionBox":["center","size"]}],[1804416,440845148994,[[538,"right",[0.118486,0.886371,-0.447558],[-0.121396,-0.434421,-0.892492],[-41.4644,115.476,48.6472],[-108.966,0.627887,-7.74895],[-37.1364,115.345,48.9156],0.837909,1,0.424554,[[0.77559,0.0701019,-0.627332],[0.169621,0.934117,0.314092],[0.60802,-0.350015,0.712602]],63.72,[124.339,-26.236,268.646],[-39.8259,68.268,76.243]]],[[5380,[0.293683,0.518219,-0.803243],538,52.1164,[-57.2606,112.892,10.9287],[-61.8942,113.62,10.6714],[-90.0417,-9.15481,-23.1145],false,[-69.6374,65.1067,69.7358],[-69.6374,65.1067,69.7358],[-87.4154,102.246,41.5153],[-77.4021,119.915,14.1283],[-56.5968,110.563,8.8922],[[[0.528266,0.497102,0.688349],[-0.785081,-0.0228091,0.618973],[0.323394,-0.867392,0.378216]],[[0.449342,0.66683,0.5945],[-0.819299,0.0423013,0.571804],[0.356148,-0.744008,0.565341]],[[0.449342,0.66683,0.5945],[-0.843708,0.535525,0.0370206],[-0.293683,-0.518219,0.803243]],[[0.449342,0.66683,0.5945],[0.0883586,0.629029,-0.772344],[-0.88898,0.399576,0.223729]]],0],[5381,[-0.255941,-0.115276,-0.959795],538,58.8075,[-74.8452,167.104,8.81367],[-77.4588,168.558,9.24547],[-91.2819,28.4133,4.66057],false,[-58.0474,81.7946,81.9452],[-62.9129,142.582,40.7907],[-74.0607,183.595,34.5113],[-80.2469,180.809,11.3127],[-77.3651,164.235,8.32732],[[[0.99141,-0.00898327,-0.130478],[0.112834,0.56322,0.818567],[0.0661346,-0.826258,0.559396]],[[0.937481,0.212633,-0.275529],[0.231948,0.208516,0.950116],[0.259478,-0.954625,0.14616]],[[0.937481,0.212633,-0.275529],[-0.235846,0.970308,-0.0536478],[0.255941,0.115276,0.959795]],[[0.937481,0.212633,-0.275529],[-0.304434,0.117332,-0.94528],[-0.168669,0.970062,0.174729]]],1],[5382,[-0.253427,-0.086403,-0.963488],538,67.0064,[-42.1835,169.764,3.12465],[-45.5924,170.575,3.45507],[-82.9765,15.6481,7.69183],false,[-45.8181,83.1306,81.4198],[-40.9328,140.093,41.4326],[-36.081,187.142,32.1492],[-43.2875,184.685,4.75109],[-46.5143,166.248,3.07343],[[[0.957372,-0.216414,-0.191323],[0.280244,0.535316,0.796806],[-0.0700216,-0.816457,0.573145]],[[0.959858,-0.146214,-0.23936],[0.261801,0.160774,0.951636],[-0.100659,-0.976101,0.192599]],[[0.959858,-0.146214,-0.23936],[0.120194,0.985473,-0.119989],[0.253427,0.086403,0.963488]],[[0.959858,-0.146214,-0.23936],[-0.221782,0.126792,-0.966818],[0.171711,0.981094,0.0892753]]],2],[5383,[-0.356999,-0.922511,0.146718],538,64.4285,[-37.924,89.4189,15.5753],[-42.0861,90.169,14.6324],[-128.109,6.95888,-12.4152],false,[-33.8046,81.6368,79.3281],[-20.159,130.877,43.093],[-30.4847,124.302,0.123005],[-40.3742,98.7468,4.18739],[-42.7233,86.9862,18.5144],[[[0.912764,-0.373938,-0.164414],[0.345553,0.492186,0.798966],[-0.217841,-0.786081,0.578465]],[[0.911519,-0.378374,-0.161143],[0.340183,0.913881,-0.221577],[0.231104,0.147153,0.961736]],[[0.911519,-0.378374,-0.161143],[-0.20417,-0.0762086,-0.975965],[0.356999,0.922511,-0.146718]],[[0.911519,-0.378374,-0.161143],[-0.391569,-0.678697,-0.621325],[0.125726,0.629448,-0.766804]]],3],[5384,[-0.647401,-0.740969,0.178429],538,50.5107,[-25.3616,93.1694,22.0133],[-29.215,93.5384,21.178],[-124.74,-4.29653,-9.41788],false,[-23.2778,74.4139,73.0374],[-2.60818,118.679,41.8025],[-12.0503,114.581,7.9747],[-24.7127,100.089,11.4646],[-30.7738,91.0034,24.8],[[[0.81169,-0.538554,-0.226095],[0.462702,0.356639,0.811613],[-0.356463,-0.763393,0.53867]],[[0.732405,-0.669611,-0.123305],[0.626319,0.733612,-0.263701],[0.267035,0.115908,0.956691]],[[0.732405,-0.669611,-0.123305],[-0.210843,-0.0508545,-0.976196],[0.647401,0.740969,-0.178429]],[[0.732405,-0.669611,-0.123305],[-0.583041,-0.523273,-0.621489],[0.351634,0.527073,-0.773659]]],4]],[[0,200,0],[235.247,235.247,147.751]]]]}