{"metadata":{"formatVersion":2,"generatedBy":"LeapJS Playback 0.2.1","frames":1,"protocolVersion":6,"serviceVersion":"2.2.5+26752","frameRate":"1.1e+2","modified":"Tue Apr 21 2015 20:57:10 GMT-0300 (E. South America Standard Time)"},"frames":[["id","timestamp",{"hands":[["id","type","direction","palmNormal","palmPosition","palmVelocity","stabilizedPalmPosition","pinchStrength","grabStrength","confidence","armBasis","armWidth","elbow","wrist"]]},{"pointables":[["id","direction","handId","length","stabilizedTipPosition","tipPosition","tipVelocity","tool","carpPosition","mcpPosition","pipPosition","dipPosition","btipPosition","bases","type"]]},{"interactionBox":["center","size"]}],[1804285,440843986931,[[538,"right",[0.0806071,0.847592,-0.524491],[-0.0258616,-0.524248,-0.851173],[10.0702,107.23,44.6453],[3.34183,-7.8319,-1.01232],[9.76116,112.322,46.8664],0.69765,1,0.592721,[[0.837366,0.152207,-0.525026],[0.0684815,0.923679,0.376999],[0.542337,-0.351641,0.763033]],63.72,[159.855,-31.8444,282.819],[13.4245,63.0985,76.7999]]],[[5380,[0.241609,0.539191,-0.806782],538,52.1164,[-12.2323,109.571,8.73567],[-11.6271,105.403,7.13133],[7.47583,-3.9587,8.98638],false,[-15.5364,56.8789,68.8222],[-15.5364,56.8789,68.8222],[-36.6225,91.933,40.2154],[-28.3847,110.317,12.7077],[-6.77524,104.025,6.29183],[[[0.439813,0.601227,0.667151],[-0.821797,-0.0302003,0.568979],[0.362234,-0.798507,0.480804]],[[0.382252,0.711305,0.589855],[-0.821855,-0.0301053,0.568901],[0.42242,-0.702239,0.573081]],[[0.382252,0.711305,0.589855],[-0.891913,0.450908,0.0342491],[-0.241609,-0.539191,0.806782]],[[0.382252,0.711305,0.589855],[-0.0364035,0.649428,-0.759552],[-0.923341,0.268867,0.274139]]],0],[5381,[-0.175579,-0.088343,-0.980493],538,58.8075,[-25.2841,159.933,0.0276413],[-25.0011,157.868,-0.511963],[1.24352,-13.9489,-6.17584],false,[-6.13175,75.5365,80.0173],[-12.8046,131.611,32.8617],[-23.127,172.67,25.5559],[-27.3708,170.534,1.85702],[-24.3722,153.97,-1.06727],[[[0.995799,0.0613041,-0.0680138],[0.0125458,0.644442,0.764551],[0.090701,-0.762192,0.640965]],[[0.959541,0.207334,-0.190508],[0.146811,0.208942,0.966845],[0.240265,-0.955696,0.17005]],[[0.959541,0.207334,-0.190508],[-0.22012,0.974273,-0.0483652],[0.175579,0.088343,0.980494]],[[0.959541,0.207334,-0.190508],[-0.220181,0.130796,-0.96665],[-0.175502,0.969487,0.171156]]],1],[5382,[-0.164998,-0.182842,-0.969198],538,67.0064,[6.16369,159.862,-6.01069],[6.36037,157.923,-5.62286],[-0.636302,-6.27747,3.20107],false,[5.96584,77.8293,80.1127],[9.20508,131.027,35.0899],[12.4383,177.372,22.246],[7.74632,172.173,-5.31447],[5.66239,153.497,-5.37076],[[[0.982071,-0.153,-0.110126],[0.182705,0.628638,0.755932],[-0.0464286,-0.762499,0.645321]],[[0.98312,-0.109257,-0.146756],[0.170221,0.252127,0.952605],[-0.067078,-0.961507,0.266469]],[[0.98312,-0.109257,-0.146756],[0.079059,0.977053,-0.197782],[0.164998,0.182842,0.969198]],[[0.98312,-0.109257,-0.146756],[-0.145523,0.0192197,-0.989168],[0.110895,0.993828,0.00299581]]],2],[5383,[-0.327403,-0.944467,0.0280864],538,64.4285,[11.0535,83.6098,10.167],[12.8343,78.8473,5.63991],[11.5726,0.854301,8.16002],false,[18.174,77.1504,78.9176],[30.4615,123.764,38.9178],[25.0383,115.504,-4.65545],[15.9686,89.3402,-3.8774],[12.0954,76.1082,8.7323],[[[0.947948,-0.310492,-0.0706311],[0.25083,0.591473,0.766319],[-0.196159,-0.744147,0.638567]],[[0.942898,-0.328496,-0.0550815],[0.310179,0.926236,-0.214187],[0.121378,0.184871,0.975239]],[[0.942898,-0.328496,-0.0550815],[-0.0612489,-0.00844878,-0.998087],[0.327402,0.944467,-0.0280864]],[[0.942898,-0.328496,-0.0550815],[-0.260709,-0.624937,-0.735857],[0.207304,0.708198,-0.674893]]],3],[5384,[-0.634911,-0.772349,0.0190929],538,50.5107,[25.1672,89.9716,18.7314],[25.9455,84.3855,13.9781],[10.5936,2.33256,9.63932],false,[29.6331,70.2726,74.0245],[48.9446,113,39.9107],[44.6111,107.324,5.27996],[32.193,92.2181,5.6534],[23.9104,82.272,17.0368],[[[0.864311,-0.487964,-0.12189],[0.376895,0.467897,0.799389],[-0.333041,-0.736861,0.58832]],[[0.772559,-0.634901,0.0073745],[0.623003,0.755738,-0.20181],[0.122556,0.160505,0.979397]],[[0.772559,-0.634901,0.0073745],[-0.00642644,-0.0194326,-0.999791],[0.634911,0.772349,-0.0190929]],[[0.772559,-0.634901,0.0073745],[-0.415041,-0.513751,-0.750867],[0.480515,0.577028,-0.660412]]],4]],[[0,200,0],[235.247,235.247,147.751]]]]}