{"metadata":{"formatVersion":2,"generatedBy":"LeapJS Playback 0.2.1","frames":1,"protocolVersion":6,"serviceVersion":"2.2.5+26752","frameRate":"1.1e+2","modified":"Tue Apr 21 2015 20:58:11 GMT-0300 (E. South America Standard Time)"},"frames":[["id","timestamp",{"hands":[["id","type","direction","palmNormal","palmPosition","palmVelocity","stabilizedPalmPosition","pinchStrength","grabStrength","confidence","armBasis","armWidth","elbow","wrist"]]},{"pointables":[["id","direction","handId","length","stabilizedTipPosition","tipPosition","tipVelocity","tool","carpPosition","mcpPosition","pipPosition","dipPosition","btipPosition","bases","type"]]},{"interactionBox":["center","size"]}],[1804476,440845669280,[[538,"right",[0.182052,0.865455,-0.466739],[-0.194657,-0.433556,-0.879851],[-51.8868,115.976,46.2698],[-8.46997,24.1283,1.2275],[-49.4848,116.129,46.2249],0.816209,1,0.222067,[[0.681206,-0.0223064,-0.731752],[0.264898,0.939319,0.217966],[0.682486,-0.342319,0.645779]],63.72,[130.742,-23.2252,248.952],[-53.5297,69.2011,74.5921]]],[[5380,[0.486294,0.26954,-0.831184],538,52.1164,[-59.5919,106.611,4.57536],[-57.9991,105.97,-5.34623],[-23.6119,28.6084,-15.6509],false,[-83.7318,68.7136,69.2394],[-83.7318,68.7136,69.2394],[-89.6064,100.725,31.3903],[-73.0259,109.915,3.05056],[-53.6204,105.244,-9.17005],[[[0.597473,0.455647,0.659857],[-0.759678,0.0581656,0.647692],[0.256738,-0.888258,0.380898]],[[0.493375,0.700393,0.515782],[-0.861818,0.313394,0.398815],[0.117684,-0.641276,0.758232]],[[0.493375,0.700393,0.515782],[-0.721179,0.660907,-0.207612],[-0.486294,-0.26954,0.831184]],[[0.493375,0.700393,0.515782],[-0.262796,0.685294,-0.679198],[-0.829168,0.199554,0.522168]]],0],[5381,[-0.303348,-0.103081,-0.947288],538,58.8075,[-81.5879,170.692,7.5351],[-85.2477,171.089,6.33082],[-59.2916,19.8885,9.66743],false,[-70.204,84.4271,80.727],[-71.045,144.835,38.7428],[-78.9633,186.423,31.4294],[-86.2954,183.932,8.53311],[-85.1829,167.196,5.2769],[[[0.980713,-0.102158,-0.166633],[0.19512,0.561571,0.804094],[0.0114317,-0.821098,0.570673]],[[0.941042,0.123811,-0.31482],[0.283675,0.218215,0.933762],[0.184308,-0.968015,0.170227]],[[0.941042,0.123811,-0.31482],[-0.149736,0.986937,-0.0594457],[0.303348,0.103081,0.947288]],[[0.941042,0.123811,-0.31482],[-0.331965,0.158847,-0.929821],[-0.0651137,0.979509,0.190582]]],1],[5382,[-0.297511,-0.0765206,-0.951647],538,67.0064,[-48.4859,170.584,1.58483],[-52.7443,170.572,0.369791],[-60.7321,26.4165,4.09099],false,[-57.9327,84.6224,79.7299],[-49.3771,140.339,38.6195],[-40.6317,186.623,28.3929],[-49.0918,184.447,1.33145],[-54.0311,166.356,0.124123],[[[0.925512,-0.306379,-0.222621],[0.358316,0.518052,0.77668],[-0.122629,-0.798595,0.589243]],[[0.932635,-0.236444,-0.272555],[0.311885,0.148425,0.938455],[-0.181438,-0.960242,0.212169]],[[0.932635,-0.236444,-0.272555],[0.204155,0.968627,-0.14171],[0.297511,0.0765206,0.951647]],[[0.932635,-0.236444,-0.272555],[-0.247197,0.131558,-0.959993],[0.262841,0.962698,0.0642471]]],2],[5383,[-0.402192,-0.871854,0.279485],538,64.4285,[-55.7892,87.674,16.0939],[-56.6265,87.2616,17.7313],[1.67221,23.3017,-0.855545],false,[-46.1953,81.9986,77.2242],[-29.4872,129.27,39.6735],[-43.8753,119.108,-1.38721],[-55.0168,94.9557,6.35507],[-57.1917,84.5387,21.7124],[[[0.867716,-0.458735,-0.191394],[0.419432,0.469117,0.777178],[-0.266732,-0.754647,0.599468]],[[0.866989,-0.46078,-0.189768],[0.380299,0.857877,-0.345571],[0.32203,0.227438,0.919004]],[[0.866989,-0.46078,-0.189768],[-0.294231,-0.165987,-0.94121],[0.402192,0.871854,-0.279485]],[[0.866989,-0.46078,-0.189768],[-0.484541,-0.690534,-0.537013],[0.116404,0.557534,-0.821952]]],3],[5384,[-0.62037,-0.713044,0.326664],538,50.5107,[-42.6173,89.4203,22.225],[-43.0729,89.3839,23.1981],[2.74855,31.2758,-6.17942],false,[-36.6223,73.7502,70.6759],[-13.19,115.489,37.9486],[-27.4405,109.407,6.16483],[-39.5742,95.4608,12.554],[-44.1438,87.0778,26.905],[[[0.749702,-0.614158,-0.24649],[0.524064,0.32353,0.787836],[-0.404109,-0.719819,0.564409]],[[0.699318,-0.691455,-0.181232],[0.590364,0.701644,-0.398956],[0.403021,0.172004,0.898882]],[[0.699318,-0.691455,-0.181232],[-0.3551,-0.116011,-0.927602],[0.62037,0.713044,-0.326664]],[[0.699318,-0.691455,-0.181232],[-0.663831,-0.53419,-0.523422],[0.26511,0.486345,-0.832577]]],4]],[[0,200,0],[235.247,235.247,147.751]]]]}