{"metadata":{"formatVersion":2,"generatedBy":"LeapJS Playback 0.2.1","frames":1,"protocolVersion":6,"serviceVersion":"2.2.5+26752","frameRate":"1.1e+2","modified":"Tue Apr 21 2015 20:57:28 GMT-0300 (E. South America Standard Time)"},"frames":[["id","timestamp",{"hands":[["id","type","direction","palmNormal","palmPosition","palmVelocity","stabilizedPalmPosition","pinchStrength","grabStrength","confidence","armBasis","armWidth","elbow","wrist"]]},{"pointables":[["id","direction","handId","length","stabilizedTipPosition","tipPosition","tipVelocity","tool","carpPosition","mcpPosition","pipPosition","dipPosition","btipPosition","bases","type"]]},{"interactionBox":["center","size"]}],[1804391,440844932190,[[538,"right",[0.0748266,0.874813,-0.478648],[-0.0877544,-0.472354,-0.877029],[-16.9362,113.919,51.0382],[-126.181,28.3065,-7.30348],[-3.63997,111.979,49.1576],0.771103,1,0.434895,[[0.827291,0.120833,-0.548625],[0.1153,0.919282,0.376334],[0.549814,-0.374594,0.746582]],63.72,[135.424,-33.2412,281.935],[-13.0259,67.8991,80.3582]]],[[5380,[0.244315,0.542223,-0.803931],538,52.1164,[-24.8548,110.331,12.0995],[-38.505,112.235,14.4521],[-130.617,9.39424,-7.81159],false,[-42.5476,62.8724,73.7051],[-42.5476,62.8724,73.7051],[-62.9965,99.1181,46.1396],[-54.6664,117.606,18.7291],[-33.4419,109.861,12.6241],[[[0.492803,0.549881,0.67437],[-0.789381,-0.0435462,0.612357],[0.36609,-0.834107,0.412606]],[[0.421046,0.687507,0.591655],[-0.809262,-0.00986368,0.587365],[0.409653,-0.726111,0.55222]],[[0.421046,0.687507,0.591655],[-0.873516,0.483041,0.0603325],[-0.244315,-0.542223,0.803931]],[[0.421046,0.687507,0.591655],[0.0164429,0.6464,-0.762822],[-0.90689,0.330911,0.260859]]],0],[5381,[-0.221208,-0.112425,-0.968725],538,58.8075,[-37.7201,162.674,5.5496],[-53.3961,165.791,9.77201],[-159.599,-49.5663,-48.9839],false,[-32.0195,80.6013,85.3981],[-39.7447,139.505,42.0029],[-50.4236,180.506,34.8828],[-55.7703,177.788,11.4683],[-52.902,161.189,8.61034],[[[0.99179,0.0407821,-0.121202],[0.0729853,0.597737,0.798363],[0.105006,-0.800654,0.589853]],[[0.948691,0.205336,-0.240464],[0.195452,0.216996,0.956405],[0.248564,-0.954332,0.165728]],[[0.948691,0.205336,-0.240464],[-0.225948,0.972213,-0.0612345],[0.221208,0.112425,0.968725]],[[0.948691,0.205336,-0.240464],[-0.26796,0.118322,-0.956137],[-0.167877,0.971513,0.167273]]],1],[5382,[-0.237248,-0.134172,-0.962139],538,67.0064,[-8.46139,163.386,0.0330645],[-23.5109,167.071,3.78596],[-152.604,16.8181,-16.3343],false,[-19.8762,82.5873,84.9333],[-17.6699,138.252,42.9318],[-15.2496,185.121,31.9444],[-21.9961,181.306,4.58462],[-24.2172,162.676,3.52022],[[[0.969787,-0.170265,-0.17471],[0.241896,0.578303,0.779135],[-0.0316245,-0.797857,0.602017]],[[0.969019,-0.102697,-0.224623],[0.241828,0.209612,0.947408],[-0.0502122,-0.972377,0.227953]],[[0.969019,-0.102697,-0.224623],[0.0686704,0.985622,-0.15438],[0.237248,0.134172,0.962139]],[[0.969019,-0.102697,-0.224623],[-0.216869,0.0814357,-0.972798],[0.118196,0.991374,0.056641]]],2],[5383,[-0.309821,-0.937198,0.160223],538,64.4285,[-3.73497,86.0042,14.4378],[-15.6456,88.2123,16.9956],[-120.971,6.26011,21.1487],false,[-7.77706,81.681,83.0051],[3.55645,130.257,45.1141],[-5.662,122.485,2.09223],[-14.2447,96.5226,6.53073],[-16.1248,85.0789,21.1799],[[[0.93355,-0.328928,-0.142448],[0.309433,0.538932,0.783456],[-0.180931,-0.775473,0.604901]],[[0.932762,-0.332262,-0.139843],[0.29561,0.927008,-0.230804],[0.206323,0.173946,0.962898]],[[0.932762,-0.332262,-0.139843],[-0.184297,-0.106124,-0.977125],[0.309821,0.937198,-0.160223]],[[0.932762,-0.332262,-0.139843],[-0.346163,-0.717261,-0.604738],[0.100628,0.612485,-0.784051]]],3],[5384,[-0.632195,-0.758882,0.156293],538,50.5107,[8.74068,91.1209,21.3748],[-2.80443,92.907,22.9451],[-127.925,15.1717,16.472],false,[3.1963,74.8249,77.0775],[21.7598,119.003,44.4281],[14.18,114.269,10.2168],[1.81502,99.4264,13.2737],[-4.43129,90.4995,26.6304],[[[0.842288,-0.500965,-0.198958],[0.433659,0.410568,0.802106],[-0.320141,-0.761884,0.563065]],[[0.757971,-0.647568,-0.0783312],[0.616059,0.750155,-0.240289],[0.214364,0.133876,0.967536]],[[0.757971,-0.647568,-0.0783312],[-0.160654,-0.0689446,-0.9846],[0.632195,0.758882,-0.156293]],[[0.757971,-0.647568,-0.0783312],[-0.542365,-0.558962,-0.627218],[0.362382,0.517897,-0.774895]]],4]],[[0,200,0],[235.247,235.247,147.751]]]]}