{"metadata":{"formatVersion":2,"generatedBy":"LeapJS Playback 0.2.1","frames":1,"protocolVersion":6,"serviceVersion":"2.2.5+26752","frameRate":"1.1e+2","modified":"Tue Apr 21 2015 21:18:29 GMT-0300 (E. South America Standard Time)"},"frames":[["id","timestamp",{"hands":[["id","type","direction","palmNormal","palmPosition","palmVelocity","stabilizedPalmPosition","pinchStrength","grabStrength","confidence","armBasis","armWidth","elbow","wrist"]]},{"pointables":[["id","direction","handId","length","stabilizedTipPosition","tipPosition","tipVelocity","tool","carpPosition","mcpPosition","pipPosition","dipPosition","btipPosition","bases","type"]]},{"interactionBox":["center","size"]}],[1944925,442086741582,[[602,"right",[-0.971776,0.015152,-0.235419],[-0.225478,0.233768,0.945787],[43.1036,76.6571,-18.3765],[-75.6014,-113.237,-34.0296],[51.0667,82.4199,-19.6906],0.672194,0,0.301955,[[-0.221522,-0.966096,-0.132616],[0.907671,-0.154565,-0.390183],[0.356456,-0.206806,0.911137]],62.7902,[190.091,12.5303,234.222],[95.2526,67.5532,-8.19485]]],[[6020,[-0.994175,0.0866241,0.0641314],602,51.3559,[12.3509,84.6295,16.2634],[7.66357,85.5428,15.4179],[-109.35,65.0417,-58.6401],false,[98.0785,97.3004,-3.62127],[98.0785,97.3004,-3.62127],[49.4728,95.285,3.65944],[16.0704,98.1954,5.81414],[3.83584,82.6257,17.6361],[[[-0.0158636,-0.597332,-0.801837],[0.53591,0.671943,-0.511169],[0.844126,-0.437822,0.309457]],[[-0.101391,-0.549849,-0.829087],[-0.115355,0.834258,-0.539172],[0.988136,0.0409719,-0.148014]],[[-0.101391,-0.549849,-0.829087],[0.0365563,0.83076,-0.555429],[0.994175,-0.0866241,-0.0641314]],[[-0.101391,-0.549849,-0.829087],[-0.841595,0.491811,-0.223247],[0.530507,0.675121,-0.512616]]],0],[6021,[-0.99754,0.0165955,0.068103],602,57.9494,[-51.9086,98.2769,-29.0007],[-57.5112,102.28,-27.2392],[-45.2313,44.8952,11.0776],false,[91.625,85.2294,-22.5487],[21.3537,100.517,-31.7096],[-20.9708,100.808,-30.788],[-44.7299,101.204,-29.1659],[-61.4704,101.609,-27.4184],[[[-0.231542,-0.955829,0.18105],[0.0826033,-0.204752,-0.975322],[0.969312,-0.210873,0.126363]],[[-0.00226814,-0.978703,0.20527],[-0.022718,-0.205167,-0.978463],[0.999739,-0.00688261,-0.0217688]],[[-0.00226814,-0.978703,0.20527],[-0.0700591,-0.20461,-0.976333],[0.99754,-0.0165955,-0.068103]],[[-0.00226814,-0.978703,0.20527],[-0.106527,-0.203866,-0.973186],[0.994307,-0.0240742,-0.103796]]],1],[6022,[-0.99027,0.138092,-0.0172328],602,66.0287,[-64.3137,87.7827,-33.3404],[-68.6251,91.1048,-30.977],[-68.5512,64.1324,42.1289],false,[88.4216,73.5354,-22.085],[20.2219,78.9223,-28.8924],[-26.8396,84.8591,-31.3299],[-54.5884,88.7287,-31.8128],[-72.9007,91.474,-31.6357],[[[-0.109122,-0.926527,0.360056],[0.0635302,-0.367979,-0.927661],[0.991996,-0.0783542,0.0990171]],[[-0.13509,-0.924154,0.357336],[0.00276223,-0.360992,-0.932565],[0.990829,-0.124994,0.0513193]],[[-0.13509,-0.924154,0.357336],[-0.0334194,-0.356187,-0.933817],[0.99027,-0.138092,0.0172328]],[[-0.13509,-0.924154,0.357336],[-0.0618175,-0.352078,-0.933927],[0.988903,-0.148254,-0.0095665]]],2],[6023,[0.862969,0.248337,0.440015],602,63.4884,[42.8454,85.2212,22.3323],[40.5864,80.4824,22.3047],[31.2465,-51.4974,-50.1713],false,[86.3615,62.111,-18.6507],[24.9054,57.8893,-22.5772],[4.77404,74.4938,12.8834],[28.3312,81.2728,24.8949],[46.2946,80.0685,21.0421],[[[0.0335708,-0.897565,0.439602],[0.0871618,-0.435545,-0.895937],[0.995628,0.0683938,0.0636118]],[[0.0341172,-0.897527,0.439637],[-0.888687,-0.2285,-0.397521],[0.457243,-0.377137,-0.805417]],[[0.0341172,-0.897527,0.439637],[-0.504104,0.364381,0.783011],[-0.862969,-0.248337,-0.440015]],[[0.0341172,-0.897527,0.439637],[0.216575,0.43608,0.873459],[-0.97567,0.0654142,0.209259]]],3],[6024,[0.821029,0.378364,0.427496],602,49.7737,[43.2035,66.8849,18.7901],[39.3778,63.3869,18.9204],[-20.8904,-51.604,-21.3693],false,[86.1289,52.4134,-8.52187],[30.4336,40.2529,-12.3991],[12.0333,56.3817,12.407],[27.8573,63.674,20.6463],[44.6265,63.2455,17.9801],[[[0.133712,-0.799231,0.585961],[0.178939,-0.562082,-0.807493],[0.974732,0.212823,0.0678565]],[[0.0715608,-0.81113,0.580471],[-0.846169,-0.357487,-0.395223],[0.528088,-0.462894,-0.711935]],[[0.0715608,-0.81113,0.580471],[-0.566384,0.445992,0.693037],[-0.821029,-0.378364,-0.427496]],[[0.0715608,-0.81113,0.580471],[0.141971,0.584321,0.799008],[-0.987281,0.0252322,0.156971]]],4]],[[0,200,0],[235.247,235.247,147.751]]]]}