{"metadata":{"formatVersion":2,"generatedBy":"LeapJS Playback 0.2.1","frames":1,"protocolVersion":6,"serviceVersion":"2.2.5+26752","frameRate":"1.1e+2","modified":"Tue Apr 21 2015 21:19:23 GMT-0300 (E. South America Standard Time)"},"frames":[["id","timestamp",{"hands":[["id","type","direction","palmNormal","palmPosition","palmVelocity","stabilizedPalmPosition","pinchStrength","grabStrength","confidence","armBasis","armWidth","elbow","wrist"]]},{"pointables":[["id","direction","handId","length","stabilizedTipPosition","tipPosition","tipVelocity","tool","carpPosition","mcpPosition","pipPosition","dipPosition","btipPosition","bases","type"]]},{"interactionBox":["center","size"]}],[1954946,442175500333,[[608,"right",[-0.923326,-0.081447,-0.37528],[-0.378821,0.353378,0.855347],[-18.0015,98.8579,-9.76265],[89.6481,-22.5872,12.8604],[-25.2471,104.605,-3.46587],0.841423,0.151122,0.3257,[[-0.118147,-0.939265,0.322216],[0.535297,-0.333547,-0.776018],[0.83636,0.0807963,0.542193]],63.72,[258.832,116.441,155.922],[33.0148,94.6256,9.52971]]],[[6080,[-0.927401,-0.145049,0.344801],608,52.1164,[-58.3326,117.831,39.7238],[-52.0154,119.967,37.0871],[76.6449,-43.6195,12.8433],false,[33.8777,125.288,9.87036],[33.8777,125.288,9.87036],[-14.0112,137.951,16.0408],[-45.6315,133.006,27.797],[-53.91,115.137,40.4428],[[[0.133326,-0.706969,-0.694563],[0.580418,0.62376,-0.523487],[0.80333,-0.333342,0.493501]],[[-0.236855,-0.485743,-0.8414],[0.153399,0.836482,-0.526086],[0.959358,-0.253676,-0.123612]],[[-0.236855,-0.485743,-0.8414],[-0.289529,0.861983,-0.416123],[0.927401,0.145049,-0.344801]],[[-0.236855,-0.485743,-0.8414],[-0.904862,0.425609,0.0090137],[0.353729,0.763486,-0.540338]]],0],[6081,[-0.950269,0.118319,0.288081],608,58.8075,[-120.596,138.426,-2.18014],[-115.432,128.432,-8.47642],[79.2516,-51.6086,-10.0572],false,[30.8972,109.991,-7.98977],[-38.6916,119.39,-29.9339],[-80.1586,123.739,-19.5732],[-103.127,126.599,-12.6102],[-119.168,128.812,-7.16118],[[[-0.217085,-0.932373,0.289057],[0.241176,-0.338168,-0.909658],[0.94589,-0.127759,0.298277]],[[-0.0120511,-0.938297,0.34562],[-0.261262,-0.330683,-0.906858],[0.965193,-0.101226,-0.241156]],[[-0.0120511,-0.938297,0.34562],[-0.311199,-0.32496,-0.89306],[0.950269,-0.118319,-0.288081]],[[-0.0120511,-0.938297,0.34562],[-0.344017,-0.320654,-0.882516],[0.938886,-0.129534,-0.318926]]],1],[6082,[-0.946877,0.257883,0.192149],608,67.0064,[-133.603,126.578,-1.27492],[-126.059,120.13,-7.09207],[86.0318,-32.6865,-9.86323],false,[28.1063,98.1332,-6.19302],[-39.3622,98.0928,-23.9575],[-85.4191,109.876,-16.0082],[-112.345,117.209,-10.5441],[-130.019,122.223,-6.59083],[[[-0.125208,-0.86966,0.477509],[0.221711,-0.493651,-0.840924],[0.96704,0.000578526,0.254623]],[[-0.14077,-0.869556,0.473345],[-0.259126,-0.429079,-0.8653],[0.95553,-0.244464,-0.164923]],[[-0.14077,-0.869556,0.473345],[-0.289152,-0.421151,-0.859665],[0.946877,-0.257883,-0.192149]],[[-0.14077,-0.869556,0.473345],[-0.309206,-0.415576,-0.855388],[0.940519,-0.266774,-0.210372]]],2],[6083,[0.778868,0.376577,0.501551],608,64.4285,[-26.916,102.484,33.5843],[-23.8441,108.855,29.5008],[74.3221,-35.1639,13.9376],false,[25.9819,87.0568,-1.32159],[-34.7818,78.2511,-13.7315],[-60.6875,98.718,16.3727],[-39.1113,109.15,30.2667],[-20.4677,108.857,29.0734],[[[0.00210955,-0.820391,0.571798],[0.242913,-0.554253,-0.796114],[0.970046,0.140577,0.198115]],[[0.0240202,-0.817007,0.576128],[-0.814397,-0.350229,-0.462706],[0.579811,-0.458082,-0.67378]],[[0.0240202,-0.817007,0.576128],[-0.626727,0.43668,0.645386],[-0.778868,-0.376577,-0.501551]],[[0.0240202,-0.817007,0.576128],[0.0612255,0.576414,0.814861],[-0.997835,0.0157006,0.0638672]]],3],[6084,[0.719007,0.568616,0.399631],608,50.5107,[-29.5095,90.0097,26.6437],[-24.9453,92.8842,26.825],[72.1766,-42.0425,13.2529],false,[24.5625,78.8139,10.1935],[-30.1053,62.4356,-0.0757795],[-52.9415,79.9444,20.4723],[-38.8786,91.0659,28.2886],[-21.7961,92.8133,26.791],[[[0.0742021,-0.695676,0.714513],[0.325025,-0.660495,-0.676835],[0.94279,0.282457,0.177102]],[[0.132714,-0.676755,0.724148],[-0.751855,-0.544802,-0.371355],[0.645834,-0.49517,-0.581124]],[[0.132714,-0.676755,0.724148],[-0.682215,0.46763,0.562055],[-0.719007,-0.568616,-0.399631]],[[0.132714,-0.676755,0.724148],[-0.0146149,0.729195,0.68415],[-0.991047,-0.10138,0.0868836]]],4]],[[0,200,0],[235.247,235.247,147.751]]]]}