{"metadata":{"formatVersion":2,"generatedBy":"LeapJS Playback 0.2.1","frames":1,"protocolVersion":6,"serviceVersion":"2.2.5+26752","frameRate":"1.1e+2","modified":"Tue Apr 21 2015 21:17:58 GMT-0300 (E. South America Standard Time)"},"frames":[["id","timestamp",{"hands":[["id","type","direction","palmNormal","palmPosition","palmVelocity","stabilizedPalmPosition","pinchStrength","grabStrength","confidence","armBasis","armWidth","elbow","wrist"]]},{"pointables":[["id","direction","handId","length","stabilizedTipPosition","tipPosition","tipVelocity","tool","carpPosition","mcpPosition","pipPosition","dipPosition","btipPosition","bases","type"]]},{"interactionBox":["center","size"]}],[1944889,442086420780,[[602,"right",[-0.947527,-0.208163,-0.242613],[-0.292707,0.259845,0.920219],[59.9963,80.9807,-22.6675],[-32.3553,-20.0778,-31.2895],[61.7563,83.7336,-20.5651],1,0,0.350336,[[-0.035808,-0.958996,-0.281149],[0.961928,0.0431992,-0.269866],[0.270946,-0.280108,0.920938]],62.7902,[184.715,9.34264,233.657],[112.628,83.8684,-11.3678]]],[[6020,[-0.973652,-0.196272,0.116103],602,51.3559,[27.0979,77.9267,12.1423],[26.18,82.9207,12.4094],[-1.74114,103.926,3.51273],false,[109.097,113.825,-9.38455],[109.097,113.825,-9.38455],[61.7919,102.399,-2.22713],[29.079,95.8049,1.67369],[26.5585,77.8738,15.956],[[[0.128626,-0.652471,-0.746818],[0.397261,0.72391,-0.564037],[0.908647,-0.224132,0.352315]],[[0.0331474,-0.625534,-0.779493],[-0.272082,0.744817,-0.609277],[0.961703,0.232282,-0.145508]],[[0.0331474,-0.625534,-0.779493],[-0.225619,0.755106,-0.615558],[0.973652,0.196272,-0.116103]],[[0.0331474,-0.625534,-0.779493],[-0.993457,0.0646666,-0.0941403],[0.109295,0.777512,-0.619297]]],0],[6021,[-0.990489,-0.0786389,0.112906],602,57.9494,[-41.076,88.4568,-33.8352],[-44.2373,90.9774,-31.7875],[-30.3709,66.1033,25.6318],false,[105.768,99.1292,-27.2325],[34.1051,98.5621,-38.1806],[-7.96628,94.5364,-35.7135],[-31.5575,92.6634,-33.0244],[-48.1561,91.551,-30.4342],[[[-0.0324018,-0.964511,0.262045],[0.147707,-0.263925,-0.953166],[0.9885,0.00782153,0.151016]],[[0.107724,-0.953711,0.280769],[-0.0288778,-0.285295,-0.958005],[0.993761,0.0950921,-0.0582742]],[[0.107724,-0.953711,0.280769],[-0.0856007,-0.290262,-0.953111],[0.990489,0.0786389,-0.112906]],[[0.107724,-0.953711,0.280769],[-0.128172,-0.293379,-0.947365],[0.985884,0.0660671,-0.153843]]],1],[6022,[-0.998471,-0.0491956,0.0252268],602,66.0287,[-45.6149,68.9293,-37.7292],[-52.0695,72.1049,-31.4627],[-52.9237,70.0576,14.6584],false,[105.053,87.1048,-25.7737],[37.4136,77.522,-33.5001],[-9.98293,74.4497,-33.8204],[-37.9615,73.0712,-33.1135],[-56.4435,72.3812,-32.1921],[[[0.0767437,-0.895368,0.438666],[0.161769,-0.422952,-0.891595],[0.98384,0.139387,0.112384]],[[0.0552734,-0.898194,0.436111],[0.0342675,-0.434815,-0.899868],[0.997883,0.0646832,0.00674518]],[[0.0552734,-0.898194,0.436111],[-0.0012038,-0.436838,-0.899539],[0.998471,0.0491956,-0.0252268]],[[0.0552734,-0.898194,0.436111],[-0.0284461,-0.438018,-0.898516],[0.998066,0.0372584,-0.0497608]]],2],[6023,[0.638907,0.522716,0.564416],602,63.4884,[47.7163,84.7355,21.1389],[47.1609,87.6016,20.7336],[18.8742,114.391,-43.6879],false,[105.325,75.8309,-21.3712],[46.2044,58.538,-25.3433],[16.8772,69.9831,5.43593],[34.318,84.2521,20.8432],[52.229,88.4008,19.8625],[[[0.208273,-0.830648,0.516378],[0.198119,-0.481182,-0.85394],[0.957795,0.280156,0.0643496]],[[0.219916,-0.827176,0.517123],[-0.712697,-0.4982,-0.493821],[0.666108,-0.259953,-0.699088]],[[0.219916,-0.827176,0.517123],[-0.73718,0.20627,0.643442],[-0.638907,-0.522716,-0.564416]],[[0.219916,-0.827176,0.517123],[-0.0724627,0.514785,0.854252],[-0.972824,-0.225335,0.0532697]]],3],[6024,[0.579095,0.619368,0.530124],602,49.7737,[53.6331,64.7109,15.8052],[51.9953,70.0154,17.7157],[1.85354,94.5499,4.24447],false,[106.859,67.1825,-10.4377],[55.019,43.3635,-13.6286],[29.3573,54.651,7.06255],[40.5185,66.5883,17.2798],[56.9683,70.8153,17.0913],[[[0.28211,-0.70164,0.654305],[0.311936,-0.577866,-0.754166],[0.907254,0.416859,0.0558449]],[[0.196849,-0.73724,0.646318],[-0.647174,-0.592902,-0.4792],[0.736489,-0.32395,-0.593835]],[[0.196849,-0.73724,0.646318],[-0.791138,0.269925,0.548855],[-0.579095,-0.619368,-0.530124]],[[0.196849,-0.73724,0.646318],[-0.152662,0.628128,0.762988],[-0.968475,-0.248862,0.0110977]]],4]],[[0,200,0],[235.247,235.247,147.751]]]]}