{"metadata":{"formatVersion":2,"generatedBy":"LeapJS Playback 0.2.1","frames":1,"protocolVersion":6,"serviceVersion":"2.2.5+26752","frameRate":"1.1e+2","modified":"Tue Apr 21 2015 21:18:52 GMT-0300 (E. South America Standard Time)"},"frames":[["id","timestamp",{"hands":[["id","type","direction","palmNormal","palmPosition","palmVelocity","stabilizedPalmPosition","pinchStrength","grabStrength","confidence","armBasis","armWidth","elbow","wrist"]]},{"pointables":[["id","direction","handId","length","stabilizedTipPosition","tipPosition","tipVelocity","tool","carpPosition","mcpPosition","pipPosition","dipPosition","btipPosition","bases","type"]]},{"interactionBox":["center","size"]}],[1944939,442086863070,[[602,"right",[-0.971106,-0.0478916,-0.233795],[-0.238267,0.249974,0.938478],[37.4046,78.1064,-16.9039],[-51.5587,27.5534,-1.85377],[43.5979,78.6777,-18.1299],0.567521,0,0.372933,[[-0.212,-0.966965,-0.141543],[0.88633,-0.129234,-0.444654],[0.411673,-0.219721,0.884448]],62.7902,[199.522,13.8676,228.767],[89.992,72.3265,-6.54913]]],[[6020,[-0.997608,0.0298863,0.062327],602,51.3559,[4.05402,86.3772,15.9054],[1.2069,86.06,16.4971],[-60.255,6.32659,-3.89368],false,[91.1101,102.315,-2.91305],[91.1101,102.315,-2.91305],[42.7108,97.6285,4.51124],[9.19302,98.6326,6.60531],[-2.35863,82.8835,18.8685],[[[0.0181872,-0.622074,-0.782747],[0.496407,0.685188,-0.533007],[0.867899,-0.378867,0.321264]],[[-0.0680715,-0.581385,-0.810776],[-0.165002,0.80803,-0.565563],[0.983941,0.0952808,-0.150933]],[[-0.0680715,-0.581385,-0.810776],[-0.0120049,0.813079,-0.582029],[0.997608,-0.0298863,-0.062327]],[[-0.0680715,-0.581385,-0.810776],[-0.862828,0.442309,-0.244726],[0.500893,0.682901,-0.531744]]],0],[6021,[-0.996312,-0.0492585,0.0702585],602,57.9494,[-57.4426,98.6503,-27.9314],[-64.5057,96.6941,-26.6038],[-69.2543,-69.0747,-1.43662],false,[85.3541,89.3079,-21.4409],[14.3201,100.252,-30.9316],[-27.9257,97.6714,-29.97],[-51.6556,96.4982,-28.2966],[-68.3817,95.8227,-26.4963],[[[-0.176356,-0.96138,0.2113],[0.0939583,-0.230126,-0.968614],[0.979832,-0.150968,0.130914]],[[0.0646151,-0.969458,0.236594],[-0.00759649,-0.23756,-0.971343],[0.997881,0.0609662,-0.0227145]],[[0.0646151,-0.969458,0.236594],[-0.0564583,-0.240261,-0.969065],[0.996312,0.0492585,-0.0702585]],[[0.0646151,-0.969458,0.236594],[-0.094171,-0.241955,-0.965707],[0.993457,0.040119,-0.106929]]],1],[6022,[-0.995827,0.0888923,-0.0206776],602,66.0287,[-69.188,88.4688,-31.6497],[-74.9396,86.1001,-30.1008],[-59.5972,-63.726,-4.46273],false,[82.8261,77.4699,-20.6054],[14.4281,78.7273,-27.4388],[-32.8623,82.2193,-30.1589],[-60.7668,84.7102,-30.7383],[-79.1895,86.5782,-30.5882],[[[-0.0557725,-0.919526,0.389053],[0.0842797,-0.392604,-0.915838],[0.99488,-0.0182893,0.0993938]],[[-0.0899791,-0.918352,0.385401],[0.0242587,-0.388877,-0.92097],[0.995648,-0.0735187,0.0572689]],[[-0.0899791,-0.918352,0.385401],[-0.0152699,-0.385654,-0.922517],[0.995827,-0.0888923,0.0206776]],[[-0.0899791,-0.918352,0.385401],[-0.0463219,-0.382693,-0.922713],[0.994866,-0.100877,-0.00810541]]],2],[6023,[0.894433,0.27514,0.352543],602,63.4884,[42.532,83.6951,22.0772],[39.2237,82.6583,22.051],[-29.0904,39.0479,-13.6603],false,[81.4247,66.0594,-16.8116],[20.3104,58.2051,-20.479],[2.58014,75.7422,15.8049],[26.9962,83.2529,25.4286],[44.7022,82.3527,20.462],[[[0.0850466,-0.879965,0.467364],[0.111751,-0.45768,-0.882066],[0.99009,0.127245,0.059413]],[[0.0863918,-0.879791,0.467444],[-0.911242,-0.25944,-0.319887],[0.402708,-0.39832,-0.824116]],[[0.0863918,-0.879791,0.467444],[-0.438777,0.387641,0.810684],[-0.894433,-0.27514,-0.352543]],[[0.0863918,-0.879791,0.467444],[0.260184,0.47284,0.841859],[-0.961686,0.0488919,0.269757]]],3],[6024,[0.852335,0.406478,0.329091],602,49.7737,[41.6487,65.7172,19.1438],[38.4948,66.1124,19.7427],[-2.16809,40.5375,-10.5302],false,[81.7505,56.6864,-6.38431],[26.8424,41.2415,-9.7661],[10.6569,58.3234,15.9299],[27.0843,66.1577,22.2727],[43.6594,66.2138,18.5629],[[[0.179426,-0.771524,0.610375],[0.210649,-0.575923,-0.789899],[0.960954,0.270303,0.0591853]],[[0.138577,-0.782277,0.607321],[-0.87465,-0.384314,-0.29545],[0.464525,-0.490251,-0.737476]],[[0.138577,-0.782277,0.607321],[-0.504303,0.472036,0.72309],[-0.852335,-0.406478,-0.329091]],[[0.138577,-0.782277,0.607321],[0.16885,0.622922,0.763844],[-0.975851,-0.0033055,0.21841]]],4]],[[0,200,0],[235.247,235.247,147.751]]]]}