{"metadata":{"formatVersion":2,"generatedBy":"LeapJS Playback 0.2.1","frames":1,"protocolVersion":6,"serviceVersion":"2.2.5+26752","frameRate":"1.1e+2","modified":"Tue Apr 21 2015 21:18:13 GMT-0300 (E. South America Standard Time)"},"frames":[["id","timestamp",{"hands":[["id","type","direction","palmNormal","palmPosition","palmVelocity","stabilizedPalmPosition","pinchStrength","grabStrength","confidence","armBasis","armWidth","elbow","wrist"]]},{"pointables":[["id","direction","handId","length","stabilizedTipPosition","tipPosition","tipVelocity","tool","carpPosition","mcpPosition","pipPosition","dipPosition","btipPosition","bases","type"]]},{"interactionBox":["center","size"]}],[1944913,442086628991,[[602,"right",[-0.967141,-0.103525,-0.232207],[-0.24998,0.220745,0.942752],[52.1997,85.7363,-20.3534],[-40.7852,21.9538,53.5145],[56.2075,84.3427,-21.6611],0.97825,0,0.435413,[[-0.122996,-0.964132,-0.235206],[0.941014,-0.0380228,-0.336224],[0.315221,-0.262686,0.911939]],62.7902,[188.943,13.1302,232.418],[105.076,83.0206,-10.2125]]],[[6020,[-0.984354,-0.120312,0.128731],602,51.3559,[23.5311,86.7767,14.4617],[20.0566,87.5954,15.7416],[-56.1386,-41.9115,43.7169],false,[104.375,112.963,-6.12071],[104.375,112.963,-6.12071],[56.3789,105.277,1.42352],[23.3065,101.235,5.74863],[19.9187,82.5887,18.8903],[[[0.0535152,-0.607895,-0.792212],[0.451941,0.722189,-0.523634],[0.890441,-0.330011,0.313381]],[[-0.0374313,-0.571132,-0.820004],[-0.215725,0.805849,-0.551425],[0.975736,0.156255,-0.153372]],[[-0.0374313,-0.571132,-0.820004],[-0.172179,0.811993,-0.557693],[0.984354,0.120312,-0.128731]],[[-0.0374313,-0.571132,-0.820004],[-0.988443,0.141785,-0.0536331],[0.146896,0.80852,-0.569839]]],0],[6021,[-0.992292,-0.0848734,0.0902947],602,57.9494,[-46.6302,95.4036,-30.1154],[-50.7696,100.392,-28.1084],[-39.8267,7.41063,19.9364],false,[99.3617,99.9105,-24.8317],[27.7616,106.642,-33.9862],[-14.3433,102.541,-32.3567],[-37.9775,100.52,-30.2061],[-54.6225,99.2489,-28.0183],[[[-0.116703,-0.973436,0.196984],[0.104631,-0.209286,-0.972241],[0.98764,-0.0928526,0.126275]],[[0.102983,-0.970071,0.219902],[-0.0160389,-0.222668,-0.974762],[0.994554,0.096857,-0.0384899]],[[0.102983,-0.970071,0.219902],[-0.0689284,-0.227506,-0.971334],[0.992292,0.0848734,-0.0902947]],[[0.102983,-0.970071,0.219902],[-0.109455,-0.230787,-0.966828],[0.988643,0.0754976,-0.129946]]],1],[6022,[-0.999616,0.0213914,-0.0176214],602,66.0287,[-57.9703,83.952,-33.745],[-60.4626,86.8604,-32.6233],[-35.8607,18.1826,1.45828],false,[97.5631,87.9291,-24.1715],[29.1936,85.1132,-30.8233],[-18.2415,85.5035,-33.2169],[-46.2522,86.1029,-33.7106],[-64.7601,86.6904,-33.5598],[[[0.00168841,-0.926994,0.375071],[0.105052,-0.372832,-0.921933],[0.994465,0.0409587,0.0967534]],[[-0.0264151,-0.927782,0.372187],[0.0436961,-0.373033,-0.926789],[0.998696,-0.0082181,0.0503941]],[[-0.0264151,-0.927782,0.372187],[0.00838721,-0.37251,-0.92799],[0.999616,-0.0213914,0.0176214]],[[-0.0264151,-0.927782,0.372187],[-0.0193637,-0.371772,-0.928122],[0.999463,-0.0317234,-0.00814492]]],2],[6023,[0.745079,0.399079,0.53441],602,63.4884,[46.1112,90.3266,20.3911],[43.302,89.8651,21.9153],[-37.8613,-48.0132,49.3906],false,[96.8727,76.3982,-20.5494],[36.3394,64.8852,-24.1922],[9.85931,77.4705,8.65373],[30.1983,88.3644,23.2419],[48.3655,90.1163,20.821],[[[0.14009,-0.880102,0.453646],[0.136552,-0.436613,-0.889226],[0.980677,0.186518,0.0590151]],[[0.145268,-0.879105,0.453951],[-0.785598,-0.381399,-0.487206],[0.601442,-0.285848,-0.746028]],[[0.145268,-0.879105,0.453951],[-0.650965,0.260597,0.712976],[-0.745079,-0.399079,-0.53441]],[[0.145268,-0.879105,0.453951],[0.0724011,0.467034,0.88127],[-0.98674,-0.0951536,0.131493]]],3],[6024,[0.677374,0.513135,0.527121],602,49.7737,[49.1386,72.3403,17.3691],[45.5205,72.4122,18.4918],[-41.365,-41.0793,26.9442],false,[97.8038,66.9059,-10.2675],[43.929,48.1918,-13.7555],[20.3832,60.6483,8.70523],[33.4385,70.5382,18.8646],[50.2422,72.792,17.8378],[[[0.22815,-0.768279,0.598076],[0.24278,-0.549981,-0.799111],[0.942871,0.327518,0.0610445]],[[0.142638,-0.794565,0.590187],[-0.723187,-0.490774,-0.485944],[0.675763,-0.357501,-0.644622]],[[0.142638,-0.794565,0.590187],[-0.721678,0.32459,0.61141],[-0.677374,-0.513135,-0.527121]],[[0.142638,-0.794565,0.590187],[-0.0302749,0.592503,0.804999],[-0.989312,-0.132691,0.060458]]],4]],[[0,200,0],[235.247,235.247,147.751]]]]}