{"metadata":{"formatVersion":2,"generatedBy":"LeapJS Playback 0.2.1","frames":1,"protocolVersion":6,"serviceVersion":"2.2.5+26752","frameRate":"1.1e+2","modified":"Tue Apr 21 2015 20:58:51 GMT-0300 (E. South America Standard Time)"},"frames":[["id","timestamp",{"hands":[["id","type","direction","palmNormal","palmPosition","palmVelocity","stabilizedPalmPosition","pinchStrength","grabStrength","confidence","armBasis","armWidth","elbow","wrist"]]},{"pointables":[["id","direction","handId","length","stabilizedTipPosition","tipPosition","tipVelocity","tool","carpPosition","mcpPosition","pipPosition","dipPosition","btipPosition","bases","type"]]},{"interactionBox":["center","size"]}],[1816002,440947557053,[[545,"right",[-0.0509343,0.933508,-0.35492],[-0.0779096,-0.358013,-0.930461],[116.413,114.947,60.6298],[34.3675,-30.3528,12.6241],[108.843,118.603,59.2412],0.506581,1,0.350757,[[0.9991,0.019939,-0.0374291],[-0.0200433,0.999796,-0.00241487],[0.0373734,0.0031629,0.999296]],61.2601,[136.378,68.9366,341.647],[126.677,68.1156,82.2533]]],[[5450,[-0.295467,0.871831,-0.390653],545,50.1044,[62.9641,132.851,46.2597],[71.5263,130.332,47.6143],[35.1271,-28.4701,2.75398],false,[98.7473,60.7861,76.253],[98.7473,60.7861,76.253],[68.5936,97.7555,71.0462],[58.9084,126.333,58.2408],[75.4872,131.674,43.9972],[[[0.460396,0.510317,0.726369],[-0.74658,-0.220094,0.627835],[0.480265,-0.831345,0.279662]],[[0.472601,0.488757,0.733324],[-0.617943,-0.409491,0.671166],[0.628327,-0.770346,0.108498]],[[0.472601,0.488757,0.733324],[-0.830269,-0.0320505,0.55644],[0.295467,-0.871831,0.390653]],[[0.472601,0.488757,0.733324],[-0.483447,0.839517,-0.24797],[-0.736836,-0.237333,0.633045]]],0],[5451,[-0.124792,0.0532462,-0.990753],545,56.5372,[76.4459,170.983,29.7083],[85.2574,167.646,31.8201],[31.1687,-39.7702,-3.14296],false,[107.408,77.2727,89.3878],[91.3855,137.654,56.2205],[86.5699,178.66,57.3733],[83.6701,179.897,34.3509],[85.2126,163.877,31.0648],[[[0.972972,0.176198,-0.149265],[0.0448007,0.490071,0.87053],[0.226536,-0.853689,0.468932]],[[0.985874,0.119087,-0.117778],[0.120252,-0.0137852,0.992648],[0.116588,-0.992788,-0.0279109]],[[0.985874,0.119087,-0.117778],[-0.111715,0.991455,0.0673552],[0.124792,-0.0532462,0.990753]],[[0.985874,0.119087,-0.117778],[-0.13869,0.186171,-0.97268],[-0.0939067,0.975274,0.200058]]],1],[5452,[-0.21574,0.0600492,-0.974603],545,64.4196,[98.7793,176.149,25.228],[108.151,173.23,27.7707],[35.8778,-40.5677,-4.08527],false,[118.747,80.6215,88.7989],[112.624,138.915,56.1888],[115.04,185.188,56.7453],[109.142,186.829,30.101],[107.565,169.103,26.9865],[[[0.972643,-0.0269024,-0.230741],[0.213611,0.493943,0.842847],[0.0912981,-0.869078,0.486177]],[[0.974595,-0.0482713,-0.218712],[0.217819,-0.0231108,0.975716],[-0.0521536,-0.998567,-0.0120093]],[[0.974595,-0.0482713,-0.218712],[0.0601788,0.997028,0.0481096],[0.21574,-0.0600492,0.974603]],[[0.974595,-0.0482713,-0.218712],[-0.206269,0.1871,-0.960441],[0.0872826,0.981154,0.172389]]],2],[5453,[-0.28044,0.064338,-0.957713],545,61.9412,[120.021,168.116,27.5957],[128.65,164.373,29.5253],[33.9011,-39.5011,-1.91707],false,[130.292,81.4184,86.4331],[133.859,133.54,56.4787],[137.373,176.343,57.316],[129.905,178.056,31.8097],[127.725,160.449,29.0017],[[[0.956588,-0.19166,-0.219557],[0.285358,0.462802,0.839276],[-0.0592438,-0.865494,0.497403]],[[0.955816,-0.0728997,-0.284782],[0.282352,-0.0419305,0.958394],[-0.0818077,-0.996457,-0.0194945]],[[0.955816,-0.0728997,-0.284782],[0.0881393,0.995262,0.0410513],[0.28044,-0.064338,0.957713]],[[0.955816,-0.0728997,-0.284782],[-0.267754,0.183974,-0.945759],[0.121338,0.980224,0.156327]]],3],[5454,[-0.347776,0.216347,-0.912275],545,48.5608,[141.186,154.663,35.8313],[149.775,150.26,36.513],[36.8648,-38.6765,-4.18175],false,[141.222,76.9717,79.5062],[152.43,125.101,53.707],[160.136,158.063,56.8316],[153.597,162.131,39.6775],[148.804,146.865,35.3652],[[[0.882915,-0.364359,-0.296147],[0.424306,0.349064,0.835535],[-0.201061,-0.863364,0.462793]],[[0.905449,-0.175037,-0.386684],[0.358847,-0.170886,0.91762],[-0.226697,-0.969618,-0.0919175]],[[0.905449,-0.175037,-0.386684],[0.24334,0.960498,0.135017],[0.347776,-0.216347,0.912275]],[[0.905449,-0.175037,-0.386684],[-0.310671,0.347452,-0.884738],[0.289216,0.921216,0.260221]]],4]],[[0,200,0],[235.247,235.247,147.751]]]]}