{"metadata":{"formatVersion":2,"generatedBy":"LeapJS Playback 0.2.1","frames":1,"protocolVersion":6,"serviceVersion":"2.2.5+26752","frameRate":"1.1e+2","modified":"Tue Apr 21 2015 20:59:03 GMT-0300 (E. South America Standard Time)"},"frames":[["id","timestamp",{"hands":[["id","type","direction","palmNormal","palmPosition","palmVelocity","stabilizedPalmPosition","pinchStrength","grabStrength","confidence","armBasis","armWidth","elbow","wrist"]]},{"pointables":[["id","direction","handId","length","stabilizedTipPosition","tipPosition","tipVelocity","tool","carpPosition","mcpPosition","pipPosition","dipPosition","btipPosition","bases","type"]]},{"interactionBox":["center","size"]}],[1816050,440947973358,[[545,"right",[-0.0291074,0.926159,-0.376008],[-0.120608,-0.376674,-0.918461],[126.259,109.589,68.5481],[2.70479,-2.27111,7.08255],[115.555,115.218,62.1586],0.626013,1,0.353519,[[0.999862,-0.0160401,-0.00429131],[0.0159384,0.999614,-0.0227705],[0.00465489,0.0226989,0.999732]],61.2601,[136.751,68.8277,350.491],[135.542,62.9356,90.9843]]],[[5450,[-0.378057,0.832328,-0.405343],545,50.1044,[69.241,130.321,47.4555],[78.4897,127.211,50.3046],[4.13987,-4.10304,-11.5245],false,[107.19,56.4878,86.0468],[107.19,56.4878,86.0468],[79.773,94.2473,74.8397],[67.3805,121.53,61.5528],[81.6215,128.814,45.729],[[[0.501483,0.51014,0.698764],[-0.733278,-0.178012,0.656212],[0.459148,-0.841468,0.284805]],[[0.478536,0.550501,0.684071],[-0.666793,-0.279062,0.691022],[0.571306,-0.786812,0.233529]],[[0.478536,0.550501,0.684071],[-0.792512,-0.0646469,0.60642],[0.378057,-0.832328,0.405343]],[[0.478536,0.550501,0.684071],[-0.608606,0.769514,-0.193515],[-0.632932,-0.323725,0.703278]]],0],[5451,[-0.171627,-0.115026,-0.978424],545,56.5372,[83.1864,166.333,31.366],[92.5866,158.735,34.1296],[3.87628,-7.8623,1.14908],false,[116.852,72.9521,98.4932],[101.926,133.081,64.3701],[94.7614,173.225,57.8008],[90.7732,170.552,35.0649],[92.6864,154.412,32.6853],[[[0.9733,0.137153,-0.184057],[0.090303,0.508406,0.856369],[0.211029,-0.850125,0.482446]],[[0.971872,0.142813,-0.187267],[0.159294,0.187058,0.969348],[0.173466,-0.971912,0.159047]],[[0.971872,0.142813,-0.187267],[-0.161273,0.983043,-0.0872801],[0.171627,0.115026,0.978424]],[[0.971872,0.142813,-0.187267],[-0.204693,0.118981,-0.971568],[-0.116471,0.982572,0.144868]]],1],[5452,[-0.261069,-0.0903987,-0.961078],545,64.4196,[108.536,169.35,26.6564],[116.053,163.324,27.7304],[5.77814,-6.98884,0.677623],false,[128.278,75.8717,97.4661],[123.184,133.568,63.6399],[124.532,179.047,54.8565],[117.394,176.576,28.582],[115.341,158.78,26.2402],[[[0.963111,-0.0676573,-0.26046],[0.258162,0.505487,0.823308],[0.0759563,-0.860178,0.504306]],[[0.963935,-0.0777303,-0.254534],[0.264543,0.175305,0.948306],[-0.0290912,-0.981441,0.189545]],[[0.963935,-0.0777303,-0.254534],[0.0516954,0.992868,-0.107431],[0.261069,0.0903987,0.961078]],[[0.963935,-0.0777303,-0.254534],[-0.240648,0.153875,-0.958338],[0.113658,0.985028,0.12962]]],2],[5453,[-0.326792,-0.0879494,-0.940995],545,61.9412,[129.606,161.033,29.6372],[136.485,154.443,31.3905],[-0.382561,-23.4432,-9.75553],false,[139.761,76.1926,94.7198],[144.213,127.433,63.3945],[146.726,169.79,56.7135],[138.022,167.448,31.6524],[135.585,149.7,30.3403],[[[0.941571,-0.231414,-0.244727],[0.328602,0.471683,0.818252],[-0.0739216,-0.85086,0.520166]],[[0.942365,-0.105959,-0.317364],[0.329432,0.128008,0.935462],[-0.0584957,-0.986097,0.155537]],[[0.942365,-0.105959,-0.317364],[0.0717952,0.990473,-0.117507],[0.326792,0.0879494,0.940995]],[[0.942365,-0.105959,-0.317364],[-0.305834,0.111899,-0.945486],[0.135696,0.988054,0.0730437]]],3],[5454,[-0.403218,0.0564015,-0.913364],545,48.5608,[150.005,148.753,37.0901],[158.113,140.947,38.6036],[2.24367,-26.6809,-20.7749],false,[150.297,71.1901,87.5643],[162.372,118.262,60.2491],[169.434,151.352,56.9639],[161.852,152.412,39.7893],[156.66,136.886,37.225],[[[0.859363,-0.40307,-0.314691],[0.46322,0.352911,0.812946],[-0.216616,-0.844387,0.489988]],[[0.885183,-0.229102,-0.404925],[0.416295,0.00143022,0.909229],[-0.207727,-0.973401,0.0966398]],[[0.885183,-0.229102,-0.404925],[0.232092,0.971767,-0.0424524],[0.403218,-0.0564014,0.913364]],[[0.885183,-0.229102,-0.404925],[-0.343949,0.263832,-0.901161],[0.31329,0.936966,0.15474]]],4]],[[0,200,0],[235.247,235.247,147.751]]]]}