{"metadata":{"formatVersion":2,"generatedBy":"LeapJS Playback 0.2.1","frames":1,"protocolVersion":6,"serviceVersion":"2.2.5+26752","frameRate":"1.1e+2","modified":"Tue Apr 21 2015 20:59:22 GMT-0300 (E. South America Standard Time)"},"frames":[["id","timestamp",{"hands":[["id","type","direction","palmNormal","palmPosition","palmVelocity","stabilizedPalmPosition","pinchStrength","grabStrength","confidence","armBasis","armWidth","elbow","wrist"]]},{"pointables":[["id","direction","handId","length","stabilizedTipPosition","tipPosition","tipVelocity","tool","carpPosition","mcpPosition","pipPosition","dipPosition","btipPosition","bases","type"]]},{"interactionBox":["center","size"]}],[1816216,440949456273,[[545,"right",[-0.0233919,0.967454,-0.251962],[-0.405459,-0.239553,-0.882166],[-65.7173,112.987,46.2169],[-195.022,-24.9415,-23.0755],[-65.0358,113.038,46.2781],0.736825,1,0.392945,[[0.797916,-0.0980546,-0.59474],[0.041633,0.993289,-0.107908],[0.601329,0.0613403,0.796643]],61.2601,[99.9689,79.0818,266.836],[-56.1221,63.1593,60.0457]]],[[5450,[-0.234212,0.837168,-0.494262],545,50.1044,[-113.775,128.81,32.7076],[-114.301,128.504,32.9944],[-186.636,16.1978,-0.531149],false,[-85.3004,59.7236,62.6195],[-85.3004,59.7236,62.6195],[-115.434,97.0696,63.1927],[-123.111,124.511,46.9911],[-111.644,130.313,28.5224],[[[0.725805,0.370239,0.579767],[-0.544976,-0.204821,0.81305],[0.419771,-0.906075,0.0531115]],[[0.647265,0.51362,0.563243],[-0.432179,-0.361395,0.826205],[0.627909,-0.778195,-0.0119427]],[[0.647265,0.51362,0.563243],[-0.725391,0.188,0.662165],[0.234212,-0.837168,0.494262]],[[0.647265,0.51362,0.563243],[-0.566837,0.818351,-0.0948568],[-0.50965,-0.257869,0.820829]]],0],[5451,[-0.414067,-0.249183,-0.875475],545,56.5372,[-106.029,159.544,22.6539],[-105.967,160.063,22.8519],[-174.545,-1.10578,-8.856],false,[-70.8333,73.5472,73.5258],[-87.4324,138.701,51.569],[-98.2657,177.894,44.3191],[-107.887,172.104,23.9754],[-105.862,155.891,22.288],[[[0.896914,0.08207,-0.434523],[0.374792,0.380409,0.84547],[0.234684,-0.92117,0.310435]],[[0.874762,0.156995,-0.458415],[0.40743,0.273778,0.871233],[0.262283,-0.948893,0.175526]],[[0.874762,0.156995,-0.458415],[-0.251674,0.955647,-0.152969],[0.414067,0.249183,0.875475]],[[0.874762,0.156995,-0.458415],[-0.4686,0.0333338,-0.882781],[-0.123311,0.987037,0.102727]]],1],[5452,[-0.533806,-0.255839,-0.805976],545,64.4196,[-86.0496,160.646,8.41113],[-85.927,161.233,8.75519],[-184.087,-12.5128,-13.2044],false,[-59.8495,75.6526,69.6452],[-67.2441,137.576,44.9497],[-69.8366,181.437,30.2264],[-84.4301,174.443,8.19211],[-86.896,156.548,8.4742],[[[0.843252,-0.109199,-0.52631],[0.526092,0.368491,0.766447],[0.110245,-0.923196,0.368179]],[[0.844978,-0.124633,-0.520075],[0.531866,0.297568,0.792825],[0.0559458,-0.94653,0.317727]],[[0.844978,-0.124633,-0.520075],[-0.0326046,0.958652,-0.282708],[0.533806,0.255839,0.805976]],[[0.844978,-0.124633,-0.520075],[-0.51709,0.057792,-0.853978],[0.13649,0.990518,-0.0156134]]],2],[5453,[-0.579092,-0.100486,-0.809046],545,61.9412,[-62.7375,155.523,6.75399],[-62.3003,156.244,7.25504],[-197.386,-42.0224,-28.8355],false,[-49.5704,75.4163,63.8326],[-47.8988,129.863,38.1527],[-44.074,171.535,28.4643],[-59.4967,168.859,6.91735],[-64.0344,151.481,6.65925],[[[0.80821,-0.27133,-0.522664],[0.58824,0.33013,0.738233],[-0.0277577,-0.904098,0.426422]],[[0.808015,-0.202766,-0.55317],[0.582394,0.132991,0.801954],[-0.0890423,-0.970154,0.225549]],[[0.808015,-0.202766,-0.55317],[0.108461,0.974058,-0.198614],[0.579092,0.100486,0.809046]],[[0.808015,-0.202766,-0.55317],[-0.532257,0.151349,-0.832944],[0.252614,0.96746,0.0143686]]],3],[5454,[-0.673675,0.030359,-0.738404],545,48.5608,[-43.5208,141.533,8.76457],[-43.0477,141.8,9.04511],[-208.757,-38.0314,-24.9751],false,[-41.9911,70.5875,53.5147],[-32.4248,119.769,29.0736],[-26.478,152.735,23.2896],[-39.1456,153.306,9.40488],[-45.2439,137.923,8.51644],[[[0.691186,-0.424938,-0.584542],[0.702007,0.202729,0.682706],[-0.171605,-0.882229,0.438433]],[[0.711408,-0.243964,-0.659075],[0.680659,0.00574746,0.732578],[-0.174934,-0.969767,0.170145]],[[0.711408,-0.243964,-0.659075],[0.200153,0.969309,-0.142755],[0.673675,-0.030359,0.738404]],[[0.711408,-0.243964,-0.659075],[-0.598725,0.280683,-0.750163],[0.368004,0.928277,0.0536129]]],4]],[[0,200,0],[235.247,235.247,147.751]]]]}