{"metadata":{"formatVersion":2,"generatedBy":"LeapJS Playback 0.2.1","frames":1,"protocolVersion":6,"serviceVersion":"2.2.5+26752","frameRate":"1.1e+2","modified":"Tue Apr 21 2015 20:59:35 GMT-0300 (E. South America Standard Time)"},"frames":[["id","timestamp",{"hands":[["id","type","direction","palmNormal","palmPosition","palmVelocity","stabilizedPalmPosition","pinchStrength","grabStrength","confidence","armBasis","armWidth","elbow","wrist"]]},{"pointables":[["id","direction","handId","length","stabilizedTipPosition","tipPosition","tipVelocity","tool","carpPosition","mcpPosition","pipPosition","dipPosition","btipPosition","bases","type"]]},{"interactionBox":["center","size"]}],[1816231,440949586817,[[545,"right",[0.00702748,0.967242,-0.25376],[-0.447641,-0.223876,-0.865735],[-82.0916,114.972,42.4189],[-121.573,19.5042,-33.8311],[-80.8252,114.766,42.7528],0.762186,1,0.392749,[[0.760716,-0.128726,-0.636193],[0.0848715,0.991449,-0.099125],[0.643513,0.0214113,0.765136]],61.2601,[92.9966,70.3678,254.638],[-74.0443,64.81,56.027]]],[[5450,[-0.228515,0.83638,-0.498246],545,50.1044,[-129.074,131.189,29.8602],[-130.383,131.536,29.8761],[-136.661,16.792,-37.1092],false,[-103.223,62.5834,59.6966],[-103.223,62.5834,59.6966],[-132.117,100.896,60.2598],[-139.608,128.312,43.9277],[-127.796,132.283,25.1936],[[[0.761572,0.340824,0.551224],[-0.522186,-0.181044,0.833393],[0.383836,-0.92253,0.0400954]],[[0.678499,0.503841,0.534586],[-0.420871,-0.32983,0.845032],[0.602085,-0.798346,-0.0117376]],[[0.678499,0.503841,0.534586],[-0.698154,0.215899,0.682619],[0.228515,-0.83638,0.498246]],[[0.678499,0.503841,0.534586],[-0.513846,0.845579,-0.144772],[-0.524977,-0.176467,0.832622]]],0],[5451,[-0.441758,-0.2981,-0.84616],545,56.5372,[-121.701,160.623,19.1018],[-122.347,161.44,19.1352],[-124.187,13.3503,-38.7604],false,[-87.8019,75.8144,70.0154],[-102.515,141.566,48.5009],[-113.953,180.203,39.425],[-124.218,173.276,19.7626],[-122.387,157.007,18.4249],[[[0.882671,0.0444235,-0.467886],[0.421445,0.365824,0.829793],[0.208027,-0.929623,0.304181]],[[0.857403,0.137293,-0.495995],[0.433804,0.325743,0.840063],[0.276902,-0.935437,0.219734]],[[0.857403,0.137293,-0.495995],[-0.264028,0.944609,-0.194941],[0.441758,0.2981,0.84616]],[[0.857403,0.137293,-0.495995],[-0.502426,0.0145294,-0.864498],[-0.111483,0.990424,0.0814373]]],1],[5452,[-0.574035,-0.252795,-0.778831],545,64.4196,[-101.9,162.496,5.14198],[-102.411,163.132,5.15511],[-121.167,17.9478,-34.1549],false,[-76.8934,77.4598,65.722],[-82.652,139.6,41.1372],[-84.8345,183.276,25.8059],[-100.528,176.365,4.51376],[-103.537,158.557,4.99843],[[[0.817796,-0.1446,-0.557047],[0.569069,0.34757,0.745222],[0.0858537,-0.926437,0.366528]],[[0.818575,-0.153401,-0.553537],[0.572466,0.296894,0.764289],[0.0470988,-0.942508,0.330847]],[[0.818575,-0.153401,-0.553537],[-0.0204579,0.955281,-0.29499],[0.574035,0.252795,0.778831]],[[0.818575,-0.153401,-0.553537],[-0.549717,0.0702445,-0.832392],[0.166573,0.985664,-0.0268269]]],2],[5453,[-0.617515,-0.110055,-0.778822],545,61.9412,[-79.2418,156.09,2.19585],[-79.5663,156.808,2.34953],[-125.643,10.6326,-42.159],false,[-66.8571,76.7918,59.531],[-63.9077,131.087,33.6467],[-59.8816,172.374,22.4993],[-76.3276,169.443,1.75726],[-81.3986,152.212,1.89174],[[[0.776275,-0.305144,-0.55162],[0.628489,0.306641,0.714823],[-0.0489747,-0.901587,0.429817]],[[0.777724,-0.233426,-0.583659],[0.621579,0.147126,0.769411],[-0.0937294,-0.96118,0.259516]],[[0.777724,-0.233426,-0.583659],[0.117562,0.966126,-0.229737],[0.617515,0.110055,0.778822]],[[0.777724,-0.233426,-0.583659],[-0.561649,0.158947,-0.811964],[0.282304,0.959296,-0.00748676]]],3],[5454,[-0.708666,0.034525,-0.704699],545,48.5608,[-60.968,142.103,4.06652],[-61.1138,142.418,4.02646],[-129.838,13.5404,-38.1557],false,[-59.8736,71.6404,48.9522],[-49.212,120.351,24.0269],[-43.6221,153.284,17.7193],[-56.9477,153.933,4.46831],[-63.4082,138.698,3.60101],[[[0.650802,-0.453885,-0.608642],[0.734765,0.174581,0.655471],[-0.191251,-0.873791,0.447116]],[[0.677061,-0.247652,-0.693006],[0.717321,0.0116749,0.696645],[-0.164435,-0.968779,0.185551]],[[0.677061,-0.247652,-0.693006],[0.198446,0.968234,-0.152127],[0.708666,-0.034525,0.704699]],[[0.677061,-0.247652,-0.693006],[-0.624178,0.30561,-0.71903],[0.389859,0.919386,0.0523375]]],4]],[[0,200,0],[235.247,235.247,147.751]]]]}