{"metadata":{"formatVersion":2,"generatedBy":"LeapJS Playback 0.2.1","frames":1,"protocolVersion":6,"serviceVersion":"2.2.5+26752","frameRate":"1.1e+2","modified":"Tue Apr 21 2015 20:59:55 GMT-0300 (E. South America Standard Time)"},"frames":[["id","timestamp",{"hands":[["id","type","direction","palmNormal","palmPosition","palmVelocity","stabilizedPalmPosition","pinchStrength","grabStrength","confidence","armBasis","armWidth","elbow","wrist"]]},{"pointables":[["id","direction","handId","length","stabilizedTipPosition","tipPosition","tipVelocity","tool","carpPosition","mcpPosition","pipPosition","dipPosition","btipPosition","bases","type"]]},{"interactionBox":["center","size"]}],[1816253,440949777084,[[545,"right",[-0.0558359,0.965619,-0.253893],[-0.452604,-0.25114,-0.855616],[-106.316,125.472,31.3531],[-79.0702,-52.3036,-55.3778],[-104.909,126.871,32.4149],0.656582,1,0.243835,[[0.78045,-0.058065,-0.622516],[0.0770236,0.997023,0.00356767],[0.620456,-0.0507328,0.782599]],61.2601,[66.04,62.7234,247.926],[-95.0158,75.8925,44.782]]],[[5450,[-0.274091,0.853306,-0.443558],545,50.1044,[-152.248,140.253,22.4799],[-154.15,139.558,23.5848],[-102.17,-16.0269,90.7386],false,[-123.923,71.9482,49.0959],[-123.923,71.9482,49.0959],[-154.055,109.005,53.7834],[-163.039,136.976,39.2439],[-151.597,141.111,20.3164],[[[0.752044,0.386034,0.534236],[-0.492035,-0.210501,0.844743],[0.438557,-0.898147,0.0316363]],[[0.691199,0.495477,0.526067],[-0.357819,-0.39781,0.844815],[0.627861,-0.772172,-0.0976753]],[[0.691199,0.495477,0.526067],[-0.668669,0.162396,0.72561],[0.274091,-0.853306,0.443558]],[[0.691199,0.495477,0.526067],[-0.513477,0.84896,-0.124936],[-0.508513,-0.183768,0.841216]]],0],[5451,[-0.493833,-0.168849,-0.853006],545,56.5372,[-149.612,174.657,11.948],[-150.608,172.945,11.0022],[-113.813,-60.5779,-36.7574],false,[-109.089,86.0824,59.0708],[-128.139,150.819,37.8841],[-140.456,190.052,34.0006],[-151.931,186.128,14.1791],[-150.17,170.194,10.6016],[[[0.867953,0.0959438,-0.487291],[0.417265,0.391241,0.820256],[0.269347,-0.915273,0.299545]],[[0.827978,0.208404,-0.520596],[0.474899,0.233091,0.84861],[0.2982,-0.949861,0.0940233]],[[0.827978,0.208404,-0.520596],[-0.265672,0.963358,-0.036887],[0.493833,0.168849,0.853006]],[[0.827978,0.208404,-0.520596],[-0.550412,0.124501,-0.825558],[-0.107234,0.970086,0.217792]]],1],[5452,[-0.586203,-0.0993492,-0.80405],545,64.4196,[-126.706,179.886,-0.488478],[-128.08,178.16,-1.53921],[-104.909,-34.6244,-26.0205],false,[-98.3939,88.3646,54.5371],[-108.362,150.022,30.0831],[-109.319,195.68,22.221],[-125.345,192.964,0.239352],[-128.214,175.187,-1.22426],[[[0.812427,-0.0967073,-0.574987],[0.563808,0.381639,0.732442],[0.148605,-0.919238,0.364578]],[[0.810114,-0.0829534,-0.580374],[0.585908,0.149437,0.79648],[0.0206584,-0.985285,0.169664]],[[0.810114,-0.0829534,-0.580374],[0.00903897,0.991589,-0.129112],[0.586202,0.0993492,0.80405]],[[0.810114,-0.0829534,-0.580374],[-0.564357,0.157789,-0.810311],[0.158795,0.983982,0.0810121]]],2],[5453,[-0.613856,-0.0343583,-0.78867],545,61.9412,[-103.353,170.872,-7.16588],[-105.231,169.712,-7.78099],[-123.016,-14.0383,-24.8045],false,[-88.4748,88.2834,48.1258],[-89.3162,142.623,22.1803],[-84.8102,184.589,14.203],[-101.159,183.674,-6.80125],[-106.174,166.447,-7.65203],[[[0.780611,-0.259419,-0.568637],[0.624861,0.344257,0.700739],[0.0139721,-0.902324,0.430832]],[[0.777818,-0.196966,-0.596828],[0.619674,0.0818424,0.780581],[-0.104902,-0.976988,0.185713]],[[0.777818,-0.196966,-0.596828],[0.134835,0.979808,-0.147633],[0.613856,0.0343583,0.78867]],[[0.777818,-0.196966,-0.596828],[-0.563067,0.203478,-0.80097],[0.279205,0.959063,0.0473639]]],3],[5454,[-0.70745,0.100738,-0.699548],545,48.5608,[-85.1847,156.572,-5.59725],[-86.7454,155.705,-6.27371],[-92.7501,-5.27479,-29.4299],false,[-81.4338,83.5399,37.3953],[-74.2267,132.763,12.2384],[-68.3841,166.043,8.51501],[-81.6868,167.938,-4.6391],[-87.9501,152.69,-6.33733],[[[0.662934,-0.415401,-0.622865],[0.737431,0.218637,0.639056],[-0.129283,-0.882972,0.451272]],[[0.674804,-0.198003,-0.710939],[0.717705,-0.0482779,0.694671],[-0.171869,-0.979012,0.109529]],[[0.674804,-0.198003,-0.710939],[0.210131,0.975011,-0.0720986],[0.70745,-0.100738,0.699548]],[[0.674804,-0.198003,-0.710939],[-0.633869,0.337857,-0.695746],[0.377956,0.920134,0.10248]]],4]],[[0,200,0],[235.247,235.247,147.751]]]]}