{"metadata":{"formatVersion":2,"generatedBy":"LeapJS Playback 0.2.1","frames":1,"protocolVersion":6,"serviceVersion":"2.2.5+26752","frameRate":"1.1e+2","modified":"Tue Apr 21 2015 21:00:30 GMT-0300 (E. South America Standard Time)"},"frames":[["id","timestamp",{"hands":[["id","type","direction","palmNormal","palmPosition","palmVelocity","stabilizedPalmPosition","pinchStrength","grabStrength","confidence","armBasis","armWidth","elbow","wrist"]]},{"pointables":[["id","direction","handId","length","stabilizedTipPosition","tipPosition","tipVelocity","tool","carpPosition","mcpPosition","pipPosition","dipPosition","btipPosition","bases","type"]]},{"interactionBox":["center","size"]}],[1826726,441042325058,[[549,"right",[-0.0969322,0.873575,-0.476939],[0.0231456,-0.477088,-0.878551],[19.1547,103.166,49.1927],[-25.4096,13.6562,2.01116],[19.5637,102.944,49.1729],0.201853,0,0.780004,[[0.976375,0.14191,-0.162953],[-0.0825422,0.941873,0.325672],[0.199697,-0.304527,0.931335]],63.72,[85.792,-23.4351,330.005],[31.8738,58.7873,78.5444]]],[[5490,[-0.099263,0.919541,-0.380251],549,52.1164,[-14.629,119.963,49.352],[-16.9962,120.502,50.2049],[-28.0665,11.9471,3.44636],false,[4.08935,47.903,71.43],[4.08935,47.903,71.43],[-27.7734,86.2719,73.5187],[-31.1578,117.624,60.5538],[-12.6699,121.458,46.7254],[[[0.360778,0.635893,0.682261],[-0.773309,-0.204985,0.599978],[0.521375,-0.744057,0.417788]],[[0.503746,0.37599,0.777735],[-0.582069,-0.517512,0.627198],[0.638307,-0.768644,-0.0418423]],[[0.503746,0.37599,0.777735],[-0.85813,0.11435,0.500537],[0.099263,-0.919541,0.380251]],[[0.503746,0.37599,0.777735],[-0.34957,0.912027,-0.214493],[-0.789963,-0.163823,0.590865]]],0],[5491,[0.253856,-0.882536,0.395837],549,58.8075,[3.65121,73.2586,23.5905],[1.9238,74.2666,23.5503],[-24.53,18.5129,-2.97214],false,[10.6248,67.3552,83.2953],[-8.2299,123.629,39.8178],[-6.83894,102.04,2.6996],[-0.703129,80.7088,12.2671],[2.78951,72.4446,26.8075],[[[0.964621,0.241508,-0.105735],[-0.061847,0.59716,0.799734],[0.256283,-0.764901,0.59097]],[[0.967231,0.23355,-0.0995908],[-0.251824,0.832435,-0.493596],[-0.0323762,0.502501,0.86397]],[[0.967231,0.23355,-0.0995908],[0.00455509,-0.408148,-0.912905],[-0.253856,0.882536,-0.395837]],[[0.967231,0.23355,-0.0995908],[0.150586,-0.843501,-0.515587],[-0.20442,0.483695,-0.85103]]],1],[5492,[0.0839905,-0.904981,0.417079],549,67.0064,[14.1203,67.8417,24.8979],[12.3775,69.0051,24.819],[-24.4203,19.0026,-5.72488],false,[22.1184,71.7641,83.0206],[13.6236,126.875,41.0894],[7.86244,101.846,0.301741],[10.2508,76.1113,12.162],[12.9426,66.8479,28.289],[[[0.986692,0.0305832,-0.159697],[0.107766,0.612455,0.783126],[0.121757,-0.789914,0.601009]],[[0.988049,0.0213444,-0.152658],[-0.0973327,0.854343,-0.510514],[0.119526,0.519271,0.84621]],[[0.988049,0.0213444,-0.152658],[-0.12925,-0.424916,-0.895958],[-0.0839905,0.904981,-0.417079]],[[0.988049,0.0213444,-0.152658],[-0.0569345,-0.869798,-0.490112],[-0.143243,0.492946,-0.858188]]],2],[5493,[-0.0880437,-0.902716,0.421132],549,64.4285,[28.045,67.686,30.2183],[26.0985,69.0016,29.7483],[-23.5181,19.2053,-7.51403],false,[34.1776,73.3374,81.2803],[35.9949,123.342,43.5972],[28.1636,101.104,5.64432],[25.7246,76.0973,17.3105],[26.1777,66.6634,33.4315],[[[0.982905,-0.132249,-0.12809],[0.181811,0.587582,0.788474],[-0.0290117,-0.798284,0.601582]],[[0.982049,-0.149462,-0.115066],[0.0696895,0.854367,-0.514976],[0.175278,0.497713,0.849446]],[[0.982049,-0.149462,-0.115066],[-0.166815,-0.403441,-0.899671],[0.0880437,0.902716,-0.421132]],[[0.982049,-0.149462,-0.115066],[-0.187059,-0.850128,-0.492232],[-0.0242514,0.50492,-0.862825]]],3],[5494,[-0.0693502,0.502686,-0.861683],549,50.5107,[53.661,154.623,-11.7481],[53.7303,155,-11.5345],[-42.4496,25.859,5.73615],false,[46.4019,68.871,75.5204],[56.1107,116.016,43.1882],[56.5791,140.255,17.4488],[55.2227,150.087,0.595311],[53.0217,156.106,-15.4059],[[[0.929299,-0.319009,-0.186109],[0.329194,0.487009,0.808983],[-0.167436,-0.813053,0.557593]],[[0.939066,-0.258609,-0.226444],[0.343482,0.680585,0.647166],[-0.0132482,-0.685511,0.727942]],[[0.939066,-0.258609,-0.226444],[0.336669,0.824881,0.45412],[0.0693502,-0.502686,0.861683]],[[0.939066,-0.258609,-0.226444],[0.319139,0.900666,0.294874],[0.127694,-0.349173,0.928317]]],4]],[[0,200,0],[235.247,235.247,147.751]]]]}