{"metadata":{"formatVersion":2,"generatedBy":"LeapJS Playback 0.2.1","frames":1,"protocolVersion":6,"serviceVersion":"2.2.5+26752","frameRate":"1.1e+2","modified":"Tue Apr 21 2015 21:00:47 GMT-0300 (E. South America Standard Time)"},"frames":[["id","timestamp",{"hands":[["id","type","direction","palmNormal","palmPosition","palmVelocity","stabilizedPalmPosition","pinchStrength","grabStrength","confidence","armBasis","armWidth","elbow","wrist"]]},{"pointables":[["id","direction","handId","length","stabilizedTipPosition","tipPosition","tipVelocity","tool","carpPosition","mcpPosition","pipPosition","dipPosition","btipPosition","bases","type"]]},{"interactionBox":["center","size"]}],[1826787,441042854046,[[549,"right",[-0.0978572,0.914189,-0.393296],[-0.0408527,-0.39855,-0.916236],[20.5868,105.563,51.6213],[36.426,15.7972,29.0351],[17.2373,103.933,48.714],0.336152,0,0.7545,[[0.980346,0.103426,-0.168005],[-0.0459222,0.947809,0.315514],[0.191869,-0.301598,0.93393]],63.72,[85.432,-22.9519,328.397],[33.6274,58.4796,76.2355]]],[[5490,[-0.0881985,0.91914,-0.383932],549,52.1164,[-16.8007,120.63,49.0272],[-13.9846,122.996,48.3785],[35.524,22.9968,5.96435],false,[5.17369,48.9489,69.8625],[5.17369,48.9489,69.8625],[-24.9282,88.7448,71.2518],[-27.9354,120.083,58.1614],[-9.77587,123.862,43.8896],[[[0.417573,0.564475,0.71204],[-0.743796,-0.237766,0.624688],[0.52192,-0.790465,0.32057]],[[0.525088,0.370433,0.766199],[-0.600529,-0.476656,0.642],[0.603032,-0.797231,-0.0278308]],[[0.525088,0.370433,0.766199],[-0.846465,0.13402,0.515301],[0.0881985,-0.91914,0.383932]],[[0.525088,0.370433,0.766199],[-0.349595,0.914721,-0.202656],[-0.775929,-0.161448,0.609811]]],0],[5491,[0.258097,-0.915003,0.31009],549,58.8075,[0.31638,75.6455,23.0322],[1.29644,79.673,24.8036],[24.8389,31.6925,24.1389],false,[12.9453,67.1177,82.9538],[-6.66611,127.437,45.6789],[-8.05607,109.128,6.8383],[-1.81776,87.0118,14.3333],[2.35438,77.6201,27.9828],[[[0.963815,0.226042,-0.141299],[0.00132441,0.525993,0.850488],[0.266569,-0.8199,0.506661]],[[0.964329,0.224457,-0.14032],[-0.262724,0.876351,-0.403713],[0.032353,0.426178,0.904061]],[[0.964329,0.224457,-0.14032],[-0.0587909,-0.335245,-0.940295],[-0.258097,0.915003,-0.31009]],[[0.964329,0.224457,-0.14032],[0.102185,-0.804654,-0.584885],[-0.24419,0.549682,-0.798887]]],1],[5492,[0.0791255,-0.937023,0.340188],549,67.0064,[10.7422,70.1167,23.8914],[11.3641,73.9718,24.9699],[22.3532,28.4907,19.4274],false,[24.5306,71.2495,82.3819],[15.311,130.021,45.9329],[6.52938,108.773,3.56879],[8.77942,82.1277,13.2425],[12.0731,71.5925,28.451],[[[0.976526,0.0201896,-0.214452],[0.170102,0.538508,0.825272],[0.132146,-0.842379,0.522433]],[[0.978391,0.00760368,-0.206624],[-0.097765,0.897568,-0.4299],[0.18219,0.440811,0.878915]],[[0.978391,0.00760368,-0.206624],[-0.191024,-0.349186,-0.917376],[-0.0791255,0.937023,-0.340188]],[[0.978391,0.00760368,-0.206624],[-0.109684,-0.828036,-0.549841],[-0.175273,0.560623,-0.809309]]],2],[5493,[-0.0818876,-0.932425,0.351964],549,64.4285,[25.2298,69.5453,28.8495],[25.6225,73.0708,29.0476],[24.2438,22.8646,16.1106],false,[36.5131,72.6722,80.0748],[37.6739,125.732,46.8014],[27.0098,107.076,7.62848],[24.7413,81.2461,17.3786],[25.9975,70.5574,32.6517],[[[0.969708,-0.144646,-0.196832],[0.243561,0.511447,0.824075],[-0.0185302,-0.847054,0.531184]],[[0.96935,-0.156591,-0.189313],[0.0582451,0.895064,-0.442118],[0.238679,0.417541,0.876751]],[[0.96935,-0.156591,-0.189313],[-0.231635,-0.325674,-0.916669],[0.0818876,0.932425,-0.351964]],[[0.96935,-0.156591,-0.189313],[-0.236305,-0.805116,-0.544012],[-0.0672319,0.572073,-0.817442]]],3],[5494,[-0.0826062,0.524741,-0.847244],549,50.5107,[50.9953,156.369,-12.2845],[54.3597,158.668,-8.79282],[35.7866,10.1858,26.3649],false,[48.2533,68.4292,73.2394],[57.5079,117.977,44.5752],[58.1354,142.774,19.3758],[56.5198,153.037,2.80471],[53.8942,159.54,-12.9408],[[[0.907384,-0.324215,-0.267468],[0.388821,0.405865,0.827099],[-0.159602,-0.854493,0.494337]],[[0.910623,-0.30566,-0.278096],[0.412856,0.644037,0.644023],[-0.0177479,-0.701276,0.712669]],[[0.910623,-0.30566,-0.278096],[0.404897,0.794493,0.452592],[0.0826062,-0.524741,0.847244]],[[0.910623,-0.30566,-0.278096],[0.384138,0.874197,0.297014],[0.152325,-0.377295,0.91348]]],4]],[[0,200,0],[235.247,235.247,147.751]]]]}