{"metadata":{"formatVersion":2,"generatedBy":"LeapJS Playback 0.2.1","frames":1,"protocolVersion":6,"serviceVersion":"2.2.5+26752","frameRate":"1.1e+2","modified":"Tue Apr 21 2015 21:01:09 GMT-0300 (E. South America Standard Time)"},"frames":[["id","timestamp",{"hands":[["id","type","direction","palmNormal","palmPosition","palmVelocity","stabilizedPalmPosition","pinchStrength","grabStrength","confidence","armBasis","armWidth","elbow","wrist"]]},{"pointables":[["id","direction","handId","length","stabilizedTipPosition","tipPosition","tipVelocity","tool","carpPosition","mcpPosition","pipPosition","dipPosition","btipPosition","bases","type"]]},{"interactionBox":["center","size"]}],[1827099,441045611777,[[549,"right",[0.0490236,0.997319,0.0543196],[-0.405522,0.0695753,-0.911433],[-34.4113,97.9622,67.5929],[-250.613,-24.0376,-18.227],[-33.5519,98.0663,67.597],0.91754,0.735006,0.454397,[[0.908218,-0.0201644,-0.418012],[0.109145,0.975684,0.190075],[0.404014,-0.218254,0.888334]],63.72,[80.735,-15.2949,305.338],[-28.3489,43.6337,65.4881]]],[[5490,[-0.0900138,0.914496,-0.394456],549,52.1164,[-77.2185,116.895,45.1165],[-78.1175,116.575,44.7972],[-159.386,-23.2999,-107.056],false,[-58.9176,41.6181,67.0856],[-58.9176,41.6181,67.0856],[-86.7337,82.9454,70.2623],[-89.8027,114.126,56.813],[-73.4251,117.693,40.4797],[[[0.739572,0.123263,0.661694],[-0.572368,-0.402102,0.714639],[0.354157,-0.90726,-0.226831]],[[0.617552,0.361981,0.698283],[-0.55508,-0.42841,0.712987],[0.55724,-0.82791,-0.0636372]],[[0.617552,0.361981,0.698283],[-0.781362,0.180742,0.597332],[0.0900138,-0.914496,0.394456]],[[0.617552,0.361981,0.698283],[-0.359055,0.919641,-0.159187],[-0.699792,-0.152416,0.697897]]],0],[5491,[0.113845,-0.969096,-0.218843],549,58.8075,[-65.1322,92.4778,41.9376],[-65.5108,92.218,42.1739],[-245.636,-47.979,-24.3814],false,[-43.1019,50.7468,82.199],[-55.1616,123.313,81.1304],[-73.0071,127.154,42.2388],[-70.2554,103.731,36.9493],[-64.2968,89.0325,43.3031],[[[0.908043,0.14512,-0.392936],[0.385471,0.0776012,0.919451],[0.163923,-0.986366,0.0145259]],[[0.898689,0.19436,-0.39317],[-0.140794,0.976848,0.161077],[0.415374,-0.0894023,0.905247]],[[0.898689,0.19436,-0.39317],[-0.423554,0.151911,-0.893042],[-0.113845,0.969096,0.218843]],[[0.898689,0.19436,-0.39317],[-0.265956,-0.471325,-0.840904],[-0.348749,0.860277,-0.371883]]],1],[5492,[-0.0670691,-0.994191,-0.0841751],549,67.0064,[-57.6315,84.0821,37.4224],[-58.1335,84.1096,37.5124],[-240.945,-54.0955,-17.1025],false,[-31.4816,53.2276,78.9694],[-34.1775,122.775,74.1227],[-60.0626,124.759,33.5111],[-61.9698,96.4877,31.1175],[-57.0218,80.2673,39.2142],[[[0.842734,-0.00484601,-0.538309],[0.536942,0.0793439,0.83988],[0.0386415,-0.996836,0.0694678]],[[0.842967,-0.0113297,-0.537846],[0.0316853,0.999088,0.0286148],[0.537031,-0.0411632,0.842557]],[[0.842967,-0.0113297,-0.537846],[-0.533768,0.10703,-0.83883],[0.0670691,0.994191,0.0841751]],[[0.842967,-0.0113297,-0.537846],[-0.469123,-0.504819,-0.724624],[-0.263305,0.863151,-0.430861]]],2],[5493,[-0.22403,-0.974581,-0.00163323],549,64.4285,[-43.6808,80.0053,35.5295],[-44.2082,79.8935,35.5305],[-237.219,-46.0604,-8.26611],false,[-20.7276,54.0576,73.0878],[-14.5453,115.846,64.8589],[-40.3307,119.29,28.5337],[-46.5368,92.2922,28.4885],[-43.55,76.2484,37.5861],[[[0.796344,-0.157453,-0.583991],[0.596738,0.0469776,0.80106],[-0.098695,-0.986408,0.131369]],[[0.793698,-0.181477,-0.580611],[0.192296,0.98037,-0.0435562],[0.577118,-0.077079,0.813015]],[[0.793698,-0.181477,-0.580611],[-0.565556,0.131371,-0.814179],[0.22403,0.974581,0.00163323]],[[0.793698,-0.181477,-0.580611],[-0.586931,-0.479286,-0.652531],[-0.159859,0.858691,-0.486923]]],3],[5494,[-0.378355,0.571341,-0.728297],549,50.5107,[-22.3267,148.677,3.71616],[-21.9481,148.827,3.71668],[-262.045,-46.5071,-35.8117],false,[-13.0263,51.9752,61.3018],[0.939118,107.576,52.5984],[-9.46412,130.592,27.853],[-16.8643,141.767,13.6084],[-24.1889,150.75,0.851041],[[[0.66995,-0.276144,-0.689138],[0.702254,-0.0654167,0.708914],[-0.240844,-0.958887,0.150097]],[[0.623438,-0.424294,-0.656734],[0.724404,0.629521,0.280965],[0.294216,-0.650905,0.699828]],[[0.623438,-0.424294,-0.656734],[0.684231,0.702527,0.195662],[0.378355,-0.571341,0.728297]],[[0.623438,-0.424294,-0.656734],[0.656315,0.740494,0.144632],[0.424941,-0.521194,0.740123]]],4]],[[0,200,0],[235.247,235.247,147.751]]]]}