{"metadata":{"formatVersion":2,"generatedBy":"LeapJS Playback 0.2.1","frames":1,"protocolVersion":6,"serviceVersion":"2.2.5+26752","frameRate":"1.1e+2","modified":"Tue Apr 21 2015 21:01:35 GMT-0300 (E. South America Standard Time)"},"frames":[["id","timestamp",{"hands":[["id","type","direction","palmNormal","palmPosition","palmVelocity","stabilizedPalmPosition","pinchStrength","grabStrength","confidence","armBasis","armWidth","elbow","wrist"]]},{"pointables":[["id","direction","handId","length","stabilizedTipPosition","tipPosition","tipVelocity","tool","carpPosition","mcpPosition","pipPosition","dipPosition","btipPosition","bases","type"]]},{"interactionBox":["center","size"]}],[1826674,441041857117,[[549,"right",[-0.0649642,0.803477,-0.591781],[0.0912927,-0.585761,-0.805326],[31.8922,116.813,39.9189],[115.347,97.313,63.6093],[31.2505,116.301,39.5942],0.194571,0,0.734138,[[0.981424,0.161875,-0.102974],[-0.111772,0.918672,0.378878],[0.15593,-0.36033,0.9197]],63.72,[84.6817,-20.5229,323.942],[42.5806,76.7663,75.6232]]],[[5490,[-0.0841488,0.862006,-0.499865],549,52.1164,[-5.74023,133.215,33.6535],[-3.64603,134.86,35.3634],[109.701,108.255,77.9816],false,[15.4604,64.659,67.9444],[15.4604,64.659,67.9444],[-16.0175,102.93,61.9272],[-18.8866,132.321,44.884],[0.243779,135.412,31.7613],[[[0.305532,0.723497,0.619034],[-0.8152,-0.137192,0.562696],[0.492035,-0.676558,0.547878]],[[0.441338,0.481999,0.7569],[-0.638411,-0.424099,0.642317],[0.630596,-0.766693,0.120543]],[[0.441338,0.481999,0.7569],[-0.893387,0.156917,0.420995],[0.0841488,-0.862006,0.499865]],[[0.441338,0.481999,0.7569],[-0.370214,0.866163,-0.335712],[-0.817412,-0.132053,0.560713]]],0],[5491,[0.217618,-0.816201,0.535218],549,58.8075,[15.8927,83.9233,17.3405],[16.5828,84.5531,17.3577],[102.978,131.689,13.2617],false,[20.9947,85.5678,77.6436],[5.1927,135.504,25.9794],[9.56877,109.158,-7.67335],[14.8287,89.4299,5.26309],[17.0716,83.3167,21.0592],[[[0.968688,0.239738,-0.0645641],[-0.124532,0.694128,0.708998],[0.21479,-0.678758,0.702249]],[[0.972769,0.226192,-0.0505848],[-0.208198,0.756825,-0.619572],[-0.101858,0.613232,0.783308]],[[0.972769,0.226192,-0.0505848],[0.0797745,-0.531652,-0.843198],[-0.217618,0.816201,-0.535218]],[[0.972769,0.226192,-0.0505848],[0.191021,-0.90599,-0.377749],[-0.131273,0.357799,-0.924525]]],1],[5492,[0.057617,-0.837452,0.543466],549,67.0064,[26.1431,78.6588,19.8112],[27.1767,79.8313,20.1268],[101.026,123.127,6.67385],false,[32.4556,90.0695,77.6504],[26.8735,139.2,28.4307],[24.3175,108.923,-8.98664],[25.9559,85.1092,6.46757],[27.4823,78.2197,23.8843],[[[0.995743,0.0239634,-0.0890087],[0.0457745,0.709595,0.703121],[0.0800093,-0.704202,0.705477]],[[0.996585,0.0159897,-0.0810164],[-0.0633027,0.777931,-0.625153],[0.0530291,0.628146,0.776286]],[[0.996585,0.0159897,-0.0810164],[-0.0591575,-0.546277,-0.835513],[-0.057617,0.837452,-0.543466]],[[0.996585,0.0159897,-0.0810164],[-0.0148826,-0.930234,-0.366666],[-0.081227,0.366619,-0.926819]]],2],[5493,[-0.11767,-0.842081,0.526359],549,64.4285,[38.9755,79.4131,25.2074],[40.4784,81.0226,25.541],[101.294,108.938,9.23463],false,[44.6039,91.579,76.6166],[49.0098,136.341,33.0196],[44.2244,109.712,-2.53636],[40.9647,86.3842,12.0448],[40.2314,79.2676,29.3048],[[[0.990361,-0.133488,-0.0369711],[0.119326,0.686684,0.717096],[-0.0703361,-0.714595,0.695993]],[[0.988373,-0.150708,-0.0201506],[0.107923,0.788703,-0.605228],[0.107105,0.596016,0.795797]],[[0.988373,-0.150708,-0.0201506],[-0.0962949,-0.517868,-0.850024],[0.11767,0.842081,-0.526359]],[[0.988373,-0.150708,-0.0201506],[-0.146897,-0.912253,-0.382381],[0.0392454,0.380895,-0.923785]]],3],[5494,[-0.0118869,0.401475,-0.915793],549,50.5107,[69.0372,160.109,-25.1202],[69.3158,160.504,-24.6503],[151.277,183.208,126.895],false,[57.247,86.5849,72.4013],[69.1337,129.314,35.0482],[70.9287,149.787,6.27495],[70.6962,157.639,-11.6369],[69.705,162.113,-28.2535],[[[0.942143,-0.32691,-0.0741425],[0.265225,0.591713,0.761269],[-0.204996,-0.736889,0.644183]],[[0.956044,-0.263786,-0.12805],[0.288795,0.771473,0.566946],[-0.0507647,-0.579005,0.813742]],[[0.956044,-0.263786,-0.12805],[0.292982,0.87706,0.380692],[0.0118869,-0.401475,0.915793]],[[0.956044,-0.263786,-0.12805],[0.287529,0.929008,0.232961],[0.0575081,-0.259539,0.964019]]],4]],[[0,200,0],[235.247,235.247,147.751]]]]}