{"metadata":{"formatVersion":2,"generatedBy":"LeapJS Playback 0.2.1","frames":1,"protocolVersion":6,"serviceVersion":"2.2.5+26752","frameRate":"1.1e+2","modified":"Tue Apr 21 2015 21:02:08 GMT-0300 (E. South America Standard Time)"},"frames":[["id","timestamp",{"hands":[["id","type","direction","palmNormal","palmPosition","palmVelocity","stabilizedPalmPosition","pinchStrength","grabStrength","confidence","armBasis","armWidth","elbow","wrist"]]},{"pointables":[["id","direction","handId","length","stabilizedTipPosition","tipPosition","tipVelocity","tool","carpPosition","mcpPosition","pipPosition","dipPosition","btipPosition","bases","type"]]},{"interactionBox":["center","size"]}],[1826858,441043487373,[[549,"right",[0.0470895,0.997868,-0.0451907],[-0.151093,-0.0376048,-0.987804],[60.5272,109.625,78.0177],[17.3109,-2.17188,11.1046],[48.5289,108.572,70.4357],0.554885,0.535632,0.739192,[[0.992248,-0.0678616,-0.10411],[0.0961261,0.950064,0.29688],[0.0787641,-0.304586,0.949223]],63.72,[87.4301,-26.7423,339.88],[66.1637,55.4959,83.5895]]],[[5490,[-0.137851,0.95291,-0.270109],549,52.1164,[18.7358,136.11,54.1722],[22.49,137.221,55.8529],[14.8852,5.99159,0.653792],false,[36.222,53.1958,77.3236],[36.222,53.1958,77.3236],[13.9945,97.7922,74.3464],[9.29438,130.282,65.1368],[25.9647,139.457,51.5114],[[[0.541657,0.206886,0.814743],[-0.745458,-0.329685,0.579311],[0.38846,-0.921144,-0.0243512]],[[0.497895,0.302421,0.812799],[-0.744192,-0.332231,0.579483],[0.445284,-0.893401,0.0596431]],[[0.497895,0.302421,0.812799],[-0.856211,0.0224411,0.516138],[0.137851,-0.95291,0.270109]],[[0.497895,0.302421,0.812799],[-0.494702,0.868827,-0.0202284],[-0.712299,-0.392022,0.582193]]],0],[5491,[0.122755,-0.991126,-0.0510003],549,58.8075,[28.7374,95.058,41.7622],[36.2267,98.5719,46.1269],[17.5206,8.9696,13.9534],false,[47.644,64.1785,94.9532],[37.3106,135.99,82.7519],[30.8509,133.457,40.3535],[33.8179,109.501,39.1208],[37.1432,95.4975,48.3281],[[[0.981286,0.114958,-0.154473],[0.131715,0.18444,0.973978],[0.140458,-0.976098,0.165847]],[[0.979108,0.12934,-0.156902],[-0.136893,0.989846,-0.0382828],[0.150357,0.0589618,0.986872]],[[0.979108,0.12934,-0.156902],[-0.162106,0.0306744,-0.986297],[-0.122755,0.991126,0.0510003]],[[0.979108,0.12934,-0.156902],[-0.0588934,-0.558171,-0.827633],[-0.194624,0.819583,-0.538893]]],1],[5492,[-0.05931,-0.99798,0.0227667],549,67.0064,[36.8095,87.0522,39.7642],[45.0386,90.8041,44.3471],[18.014,6.64392,16.3975],false,[59.7383,66.4678,94.6319],[59.3885,135.007,81.5989],[45.0838,130.858,35.7575],[43.3972,102.479,36.4049],[45.6867,87.26,47.1886],[[[0.954312,-0.0511115,-0.294407],[0.298769,0.179745,0.937245],[0.00501423,-0.982384,0.186804]],[[0.954301,-0.0633766,-0.292051],[0.0351346,0.99427,-0.100957],[0.296776,0.0860818,0.951059]],[[0.954301,-0.0633766,-0.292051],[-0.292904,-0.00440469,-0.956132],[0.05931,0.99798,-0.0227667]],[[0.954301,-0.0633766,-0.292051],[-0.272886,-0.583205,-0.765118],[-0.121835,0.809849,-0.573847]]],2],[5493,[-0.20586,-0.977632,0.0430865],549,64.4285,[51.5463,83.1942,42.3065],[59.4534,86.2507,46.1296],[17.754,5.77081,13.5734],false,[71.6695,66.8107,91.7234],[80.6641,127.404,78.6341],[64.9621,124.967,36.8756],[59.2594,97.8847,38.0691],[59.7464,82.6749,48.9097],[[[0.919393,-0.208524,-0.333519],[0.366194,0.144226,0.919294],[-0.143593,-0.967324,0.208961]],[[0.919425,-0.208304,-0.333566],[0.176493,0.976542,-0.123352],[0.351436,0.0545407,0.934622]],[[0.919425,-0.208304,-0.333566],[-0.33508,0.0290532,-0.941742],[0.20586,0.977632,-0.0430865]],[[0.919425,-0.208304,-0.333566],[-0.3924,-0.542151,-0.743031],[-0.0260665,0.814053,-0.580206]]],3],[5494,[-0.144218,0.567253,-0.810818],549,50.5107,[75.5158,158.343,7.15949],[91.372,160.072,19.2849],[22.1029,-4.20649,9.24804],false,[82.1639,63.5613,82.6754],[98.7054,118.074,71.8564],[96.7158,141.584,45.5201],[93.8951,152.678,29.6615],[90.5009,161.313,15.1344],[[[0.823365,-0.340024,-0.454371],[0.490601,0.0240061,0.871054],[-0.285272,-0.94011,0.186582]],[[0.795097,-0.42136,-0.436207],[0.603867,0.616747,0.504943],[0.0562669,-0.664889,0.744819]],[[0.795097,-0.42136,-0.436207],[0.589086,0.707587,0.390253],[0.144218,-0.567253,0.810818]],[[0.795097,-0.42136,-0.436207],[0.573625,0.756,0.315307],[0.196915,-0.500919,0.842796]]],4]],[[0,200,0],[235.247,235.247,147.751]]]]}