{"metadata":{"formatVersion":2,"generatedBy":"LeapJS Playback 0.2.1","frames":1,"protocolVersion":6,"serviceVersion":"2.2.5+26752","frameRate":"1.1e+2","modified":"Tue Apr 21 2015 21:03:12 GMT-0300 (E. South America Standard Time)"},"frames":[["id","timestamp",{"hands":[["id","type","direction","palmNormal","palmPosition","palmVelocity","stabilizedPalmPosition","pinchStrength","grabStrength","confidence","armBasis","armWidth","elbow","wrist"]]},{"pointables":[["id","direction","handId","length","stabilizedTipPosition","tipPosition","tipVelocity","tool","carpPosition","mcpPosition","pipPosition","dipPosition","btipPosition","bases","type"]]},{"interactionBox":["center","size"]}],[1845719,441210033569,[[553,"right",[0.0183054,0.564914,-0.824947],[-0.0347606,-0.824227,-0.565192],[112.388,100.445,73.9436],[-15.0727,-33.5115,-19.583],[111.464,98.3133,76.3389],0,0,0.418285,[[0.986759,0.0375136,-0.157793],[0.0369816,0.895217,0.444094],[0.157918,-0.444049,0.881976]],63.72,[161.805,-46.6905,359.031],[119.167,73.2028,120.898]]],[[5530,[-0.700585,0.133236,-0.70102],553,52.1164,[22.9516,78.8796,41.9446],[24.3721,75.6967,45.8082],[-13.1075,-7.19979,-12.2478],false,[90.2426,63.4804,117.746],[90.2426,63.4804,117.746],[64.9662,67.9279,74.9316],[41.0794,72.4707,51.0299],[19.0584,76.977,44.511],[[[0.436749,0.831742,0.342718],[-0.795771,0.179544,0.57837],[0.419521,-0.525328,0.740292]],[[0.206141,0.978316,-0.0200739],[-0.837319,0.186973,0.513749],[0.506363,-0.0890966,0.857705]],[[0.206141,0.978316,-0.0200739],[-0.683145,0.158572,0.712859],[0.700585,-0.133236,0.70102]],[[0.206141,0.978316,-0.0200739],[-0.268639,0.0763073,0.960214],[0.940924,-0.192547,0.278544]]],0],[5531,[-0.137724,0.731379,-0.66792],553,58.8075,[81.5236,178.093,10.3777],[76.7724,178.138,3.77777],[-19.1646,-22.4853,-5.05222],false,[99.1773,85.327,119.934],[87.9045,117.326,54.6535],[82.2983,151.47,29.1874],[78.9694,169.148,13.0435],[76.5225,180.536,0.544471],[[[0.988116,0.0563823,-0.142995],[0.0121655,0.89869,0.438416],[0.153227,-0.434946,0.887324]],[[0.988224,0.0560752,-0.142368],[0.0799071,0.604351,0.792701],[0.130491,-0.794742,0.592753]],[[0.988224,0.0560752,-0.142368],[0.0666712,0.679662,0.730489],[0.137724,-0.731379,0.66792]],[[0.988224,0.0560752,-0.142368],[0.053876,0.743331,0.666751],[0.143215,-0.66657,0.731556]]],1],[5532,[-0.182962,-0.95611,-0.228863],553,67.0064,[100.842,87.4293,16.593],[102.395,89.5625,13.5649],[-30.8158,19.8922,-50.6885],false,[111.144,87.7998,118.415],[109.989,118.309,55.6826],[108.645,126.834,8.2611],[103.442,99.6459,1.75305],[102.165,87.5577,16.0843],[[[0.983084,-0.156935,-0.0944293],[0.182404,0.885517,0.427304],[0.0165596,-0.4373,0.899163]],[[0.982978,-0.173952,-0.059119],[0.181597,0.968742,0.169004],[0.0278725,-0.176863,0.983841]],[[0.982978,-0.173952,-0.059119],[-0.016713,0.235784,-0.971662],[0.182962,0.95611,0.228863]],[[0.982978,-0.173952,-0.059119],[-0.170689,-0.745624,-0.644135],[0.0679681,0.643261,-0.762624]]],2],[5533,[-0.274903,-0.899175,-0.340459],553,64.4285,[123.112,83.3945,23.2113],[126.331,88.1414,19.136],[-22.1663,2.01971,-54.1837],false,[123.313,87.0373,116.908],[131.708,113.812,60.9048],[138.332,123.555,17.8064],[130.717,98.6462,8.37503],[125.495,86.0352,21.1339],[[[0.95824,-0.285881,0.0069777],[0.25261,0.85765,0.447911],[-0.134034,-0.427444,0.894051]],[[0.945566,-0.316981,0.073673],[0.289697,0.923024,0.253183],[-0.148256,-0.218058,0.964609]],[[0.945566,-0.316981,0.073673],[0.174164,0.301673,-0.937369],[0.274903,0.899175,0.340459]],[[0.945566,-0.316981,0.073673],[-0.166732,-0.666295,-0.726809],[0.279472,0.674963,-0.682877]]],3],[5534,[-0.430629,-0.79199,-0.432795],553,50.5107,[148.499,86.2896,30.4752],[147.683,87.715,31.3562],[-15.2942,-18.9533,-37.9622],false,[134.884,79.0915,114.56],[150.716,104.891,65.1022],[163.462,110.578,32.6144],[155.039,95.0881,24.1495],[145.27,84.8117,33.951],[[[0.881287,-0.471185,0.0363029],[0.385735,0.761589,0.52076],[-0.273022,-0.444936,0.852931]],[[0.802614,-0.555361,0.217682],[0.47525,0.815907,0.329291],[-0.360484,-0.160841,0.918794]],[[0.802614,-0.555361,0.217682],[0.412759,0.253627,-0.874816],[0.430629,0.79199,0.432795]],[[0.802614,-0.555361,0.217682],[-0.186021,-0.57977,-0.793261],[0.566751,0.596189,-0.568641]]],4]],[[0,200,0],[235.247,235.247,147.751]]]]}