{"metadata":{"formatVersion":2,"generatedBy":"LeapJS Playback 0.2.1","frames":1,"protocolVersion":6,"serviceVersion":"2.2.5+26752","frameRate":"1.1e+2","modified":"Tue Apr 21 2015 21:03:30 GMT-0300 (E. South America Standard Time)"},"frames":[["id","timestamp",{"hands":[["id","type","direction","palmNormal","palmPosition","palmVelocity","stabilizedPalmPosition","pinchStrength","grabStrength","confidence","armBasis","armWidth","elbow","wrist"]]},{"pointables":[["id","direction","handId","length","stabilizedTipPosition","tipPosition","tipVelocity","tool","carpPosition","mcpPosition","pipPosition","dipPosition","btipPosition","bases","type"]]},{"interactionBox":["center","size"]}],[1845827,441210996952,[[553,"right",[-0.0307188,0.635545,-0.771452],[-0.366204,-0.725306,-0.582946],[107.976,93.1574,81.3943],[-10.3452,-8.27727,-0.861245],[108.903,96.2319,81.833],0,0,0.424776,[[0.924605,-0.250139,-0.287292],[0.341814,0.877691,0.335889],[0.168135,-0.408765,0.897018]],63.72,[163.703,-50.4123,365.822],[118.307,59.9543,123.627]]],[[5530,[-0.67692,0.302766,-0.670904],553,52.1164,[27.7053,85.9536,53.7306],[24.1061,86.4494,58.2993],[-68.7404,-5.7929,49.687],false,[87.9434,57.4895,127.241],[87.9434,57.4895,127.241],[62.2796,68.573,85.8856],[39.1997,78.896,63.0107],[18.5232,88.5223,57.762],[[[0.695789,0.666274,0.268248],[-0.572721,0.289285,0.76701],[0.433438,-0.687309,0.58287]],[[0.426637,0.904144,-0.0224402],[-0.744082,0.364997,0.559571],[0.514123,-0.222036,0.828479]],[[0.426637,0.904144,-0.0224402],[-0.5998,0.301423,0.741204],[0.67692,-0.302766,0.670904]],[[0.426637,0.904144,-0.0224402],[-0.193543,0.115508,0.974268],[0.883471,-0.411316,0.224271]]],0],[5531,[-0.110105,0.805037,-0.582918],553,58.8075,[79.5134,181.152,15.4846],[77.8157,183.777,25.8128],[-15.845,-6.64986,0.525219],false,[102.276,76.3382,128.328],[84.7155,117.238,69.7508],[81.7923,154.206,48.0569],[79.131,173.664,33.9676],[76.6063,186.414,22.8778],[[[0.911667,-0.154136,-0.380927],[0.334496,0.81681,0.470036],[0.238696,-0.555935,0.796217]],[[0.911049,-0.152704,-0.382976],[0.406644,0.486092,0.773534],[0.0680395,-0.860463,0.50495]],[[0.911049,-0.152704,-0.382976],[0.397323,0.573234,0.716615],[0.110105,-0.805037,0.582918]],[[0.911049,-0.152704,-0.382976],[0.384907,0.647927,0.657296],[0.147768,-0.746239,0.64907]]],1],[5532,[-0.483759,-0.80845,-0.33524],553,67.0064,[88.5833,101.334,19.5498],[85.4003,98.2148,20.7991],[-19.6055,-24.2166,2.48954],false,[113.81,76.1786,124.019],[105.986,113.048,65.3078],[100.517,130.559,20.7349],[86.7609,107.569,11.2019],[84.2846,93.982,23.9455],[[[0.865063,-0.3648,-0.344364],[0.488968,0.766589,0.416235],[0.112143,-0.528453,0.841523]],[[0.871609,-0.410358,-0.268149],[0.476891,0.836436,0.270091],[0.113456,-0.363292,0.924742]],[[0.871609,-0.410358,-0.268149],[-0.0792169,0.421918,-0.903167],[0.483758,0.80845,0.33524]],[[0.871609,-0.410358,-0.268149],[-0.472158,-0.555737,-0.684268],[0.131774,0.723023,-0.678139]]],2],[5533,[-0.560242,-0.758132,-0.333714],553,64.4285,[111.583,91.1928,22.0325],[108.545,88.1788,23.0604],[-24.311,-25.7775,3.12988],false,[124.733,72.8427,119.494],[126.51,103.165,64.7109],[127.378,117.411,22.372],[111.859,96.4088,13.1275],[106.596,84.2991,26.3467],[[[0.832799,-0.495334,-0.247165],[0.552849,0.72133,0.417182],[-0.0283568,-0.484074,0.874568]],[[0.826488,-0.538471,-0.164216],[0.562618,0.779995,0.273984],[-0.0194452,-0.318836,0.947611]],[[0.826488,-0.538471,-0.164216],[0.0551984,0.367811,-0.928261],[0.560242,0.758132,0.333714]],[[0.826488,-0.538471,-0.164216],[-0.48741,-0.538496,-0.687353],[0.28169,0.648129,-0.707516]]],3],[5534,[-0.683695,-0.625359,-0.376148],553,50.5107,[132.467,85.9327,31.728],[128.29,82.7946,32.07],[-25.5538,-22.3023,1.76293],false,[133.12,62.7904,113.911],[143.148,89.7368,63.556],[146.015,102.585,30.7385],[132.643,90.3532,23.3815],[125.788,79.5332,34.916],[[[0.721048,-0.660361,-0.209792],[0.670958,0.589887,0.449276],[-0.172931,-0.464712,0.868411]],[[0.718667,-0.666527,-0.19814],[0.690609,0.650937,0.315183],[-0.0811015,-0.363349,0.928116]],[[0.718667,-0.666527,-0.19814],[0.126805,0.405793,-0.905126],[0.683695,0.625359,0.376148]],[[0.718667,-0.666527,-0.19814],[-0.570403,-0.402117,-0.7162],[0.397691,0.627729,-0.669177]]],4]],[[0,200,0],[235.247,235.247,147.751]]]]}