{"metadata":{"formatVersion":2,"generatedBy":"LeapJS Playback 0.2.1","frames":1,"protocolVersion":6,"serviceVersion":"2.2.5+26752","frameRate":"1.1e+2","modified":"Tue Apr 21 2015 21:03:44 GMT-0300 (E. South America Standard Time)"},"frames":[["id","timestamp",{"hands":[["id","type","direction","palmNormal","palmPosition","palmVelocity","stabilizedPalmPosition","pinchStrength","grabStrength","confidence","armBasis","armWidth","elbow","wrist"]]},{"pointables":[["id","direction","handId","length","stabilizedTipPosition","tipPosition","tipVelocity","tool","carpPosition","mcpPosition","pipPosition","dipPosition","btipPosition","bases","type"]]},{"interactionBox":["center","size"]}],[1845920,441211829244,[[553,"right",[0.0170868,0.66311,-0.748327],[-0.128779,-0.740743,-0.65933],[118.051,99.8072,85.4595],[-4.16899,19.6995,14.8056],[111.532,96.0166,81.4781],0,0,0.498348,[[0.98125,-0.0534705,-0.185175],[0.128356,0.897999,0.420859],[0.143783,-0.436736,0.888025]],63.72,[164.064,-51.5399,367.93],[125.242,66.3788,128.163]]],[[5530,[-0.729882,0.332702,-0.597145],553,52.1164,[23.8806,89.7772,60.5305],[26.7401,90.9202,63.7865],[-1.10506,31.4729,14.515],false,[95.5266,59.1781,125.677],[95.5266,59.1781,125.677],[68.1289,74.0587,86.6932],[43.2432,85.4024,66.3332],[21.314,93.1744,63.7964],[[[0.517505,0.748623,0.41443],[-0.747051,0.159106,0.645446],[0.417257,-0.643622,0.641598]],[[0.317009,0.93869,0.13552],[-0.773473,0.173188,0.609709],[0.548857,-0.298104,0.780954]],[[0.317009,0.93869,0.13552],[-0.605622,0.0903869,0.790602],[0.729882,-0.332702,0.597145]],[[0.317009,0.93869,0.13552],[-0.14675,-0.0926211,0.984828],[0.937,-0.332087,0.108391]]],0],[5531,[-0.131972,0.746647,-0.651998],553,58.8075,[79.4226,182.423,18.9086],[83.4265,182.572,20.3923],[5.88316,16.5295,6.89863],false,[106.224,79.8896,129.975],[93.9323,120.681,69.9955],[88.9541,155.636,45.5196],[85.7642,173.683,29.7605],[83.2851,185.29,17.4701],[[[0.980319,0.00523098,-0.19735],[0.105157,0.832198,0.544416],[0.167082,-0.554454,0.815269]],[[0.980867,0.00339559,-0.194651],[0.156441,0.581361,0.798465],[0.115873,-0.813639,0.569706]],[[0.980867,0.00339559,-0.194651],[0.143121,0.665212,0.73281],[0.131972,-0.746647,0.651998]],[[0.980867,0.00339559,-0.194651],[0.12979,0.733823,0.666828],[0.145103,-0.679333,0.719341]]],1],[5532,[-0.251189,-0.960405,-0.120522],553,67.0064,[94.7369,93.3771,24.3415],[102.755,89.3214,29.3868],[-4.85524,1.0055,26.2802],false,[118.246,81.6965,128.017],[116.05,119.984,69.7347],[110.257,124.862,22.133],[103.114,97.552,18.7058],[102.381,85.7357,33.2995],[[[0.961493,-0.211673,-0.175289],[0.273021,0.808727,0.520981],[0.0314835,-0.548777,0.835376]],[[0.961977,-0.233901,-0.141036],[0.245272,0.966977,0.069262],[0.120178,-0.101221,0.987579]],[[0.961977,-0.233901,-0.141036],[-0.107262,0.151366,-0.982641],[0.251189,0.960405,0.120522]],[[0.961977,-0.233901,-0.141036],[-0.270329,-0.741558,-0.614014],[0.0390321,0.628794,-0.776592]]],2],[5533,[-0.379586,-0.912236,-0.154081],553,64.4285,[115.207,86.6486,27.4008],[124.068,84.626,34.9244],[-7.60199,3.95795,25.6182],false,[130.22,80.2872,125.658],[137.609,113.354,72.9723],[137.346,118.111,28.5475],[126.831,92.8403,24.2791],[122.897,81.455,38.5616],[[[0.932311,-0.350481,-0.0892174],[0.341882,0.773631,0.53349],[-0.117957,-0.52788,0.841088]],[[0.925013,-0.377157,-0.0458581],[0.379889,0.920008,0.0962759],[0.00587868,-0.106478,0.994298]],[[0.925013,-0.377157,-0.0458581],[0.0162793,0.159934,-0.986993],[0.379586,0.912236,0.154081]],[[0.925013,-0.377157,-0.0458581],[-0.316251,-0.697445,-0.643083],[0.210559,0.609363,-0.764423]]],3],[5534,[-0.552187,-0.795277,-0.250249],553,50.5107,[135.309,84.026,37.5406],[142.97,85.4199,44.4685],[-5.49343,5.52926,23.4308],false,[141.001,71.9203,121.616],[156.071,102.667,74.8208],[158.953,108.588,40.0803],[148.152,93.0338,35.1857],[141.494,82.7021,47.2701],[[[0.843002,-0.532198,-0.0781844],[0.470955,0.660004,0.585317],[-0.259903,-0.530245,0.807026]],[[0.825164,-0.564211,-0.0277342],[0.558984,0.808466,0.184172],[-0.0814897,-0.167475,0.982503]],[[0.825164,-0.564211,-0.0277342],[0.119137,0.221811,-0.967784],[0.552187,0.795277,0.250249]],[[0.825164,-0.564211,-0.0277342],[-0.41218,-0.567792,-0.712544],[0.386278,0.599398,-0.701079]]],4]],[[0,200,0],[235.247,235.247,147.751]]]]}