{"metadata":{"formatVersion":2,"generatedBy":"LeapJS Playback 0.2.1","frames":1,"protocolVersion":6,"serviceVersion":"2.2.5+26752","frameRate":"1.1e+2","modified":"Tue Apr 21 2015 21:04:07 GMT-0300 (E. South America Standard Time)"},"frames":[["id","timestamp",{"hands":[["id","type","direction","palmNormal","palmPosition","palmVelocity","stabilizedPalmPosition","pinchStrength","grabStrength","confidence","armBasis","armWidth","elbow","wrist"]]},{"pointables":[["id","direction","handId","length","stabilizedTipPosition","tipPosition","tipVelocity","tool","carpPosition","mcpPosition","pipPosition","dipPosition","btipPosition","bases","type"]]},{"interactionBox":["center","size"]}],[1845645,441209392001,[[553,"right",[0.196333,0.583284,-0.788184],[-0.0804223,-0.791541,-0.605801],[100.659,86.9748,78.8768],[27.4301,40.8791,5.34547],[98.4193,84.2046,77.7489],0,0,0.191347,[[0.961899,-0.0250993,-0.272249],[0.129811,0.918306,0.373982],[0.240621,-0.395074,0.886577]],63.72,[162.822,-49.1628,364.259],[97.8539,57.5071,124.883]]],[[5530,[-0.514744,0.237027,-0.823927],553,52.1164,[19.2006,72.1973,33.3984],[20.3363,75.7737,35.9062],[22.8637,41.6738,24.7651],false,[68.4544,52.1603,117.944],[68.4544,52.1603,117.944],[53.3658,60.4563,71.0905],[35.8153,68.5378,42.9982],[16.2094,76.3051,32.8491],[[[0.503479,0.748426,0.431704],[-0.827128,0.273088,0.491206],[0.249738,-0.604386,0.756538]],[[0.342697,0.937794,0.0556864],[-0.88949,0.304831,0.340421],[0.30227,-0.166194,0.938623]],[[0.342697,0.937794,0.0556864],[-0.785874,0.253693,0.563953],[0.514744,-0.237027,0.823927]],[[0.342697,0.937794,0.0556864],[-0.425161,0.101962,0.899356],[0.837733,-0.331882,0.433656]]],0],[5531,[0.0320137,0.792731,-0.608731],553,58.8075,[84.0683,172.374,10.8786],[83.6181,172.552,10.763],[11.0066,51.0746,22.011],false,[80.0095,72.4084,122.231],[81.2757,107.832,57.7635],[82.9482,144.111,34.8118],[83.722,163.272,20.0986],[84.1547,175.892,8.5889],[[[0.996325,-0.0818032,-0.0253815],[0.0839035,0.872621,0.481137],[-0.0172101,-0.481499,0.876278]],[[0.996472,-0.0725869,-0.0421223],[0.0743478,0.530701,0.844292],[-0.0389302,-0.844445,0.534226]],[[0.996472,-0.0725869,-0.0421223],[0.0775776,0.605235,0.792258],[-0.0320137,-0.792731,0.608731]],[[0.996472,-0.0725869,-0.0421223],[0.0800104,0.670205,0.737851],[-0.0253278,-0.738618,0.673648]]],1],[5532,[-0.253405,-0.840552,-0.47881],553,67.0064,[101.737,91.0895,9.06193],[102.479,91.856,13.2597],[-28.8499,-6.25316,19.3204],false,[92.2986,73.1811,122.225],[102.994,105.591,61.374],[113.319,124.502,18.2574],[106.114,100.599,4.64177],[100.432,87.3322,16.6769],[[[0.95584,-0.293657,0.0115925],[0.250738,0.835446,0.489041],[-0.153295,-0.464539,0.872184]],[[0.940672,-0.329574,0.0807273],[0.263141,0.858752,0.439662],[-0.214226,-0.392335,0.894528]],[[0.940672,-0.329574,0.0807273],[0.225659,0.429947,-0.874199],[0.253405,0.840552,0.47881]],[[0.940672,-0.329574,0.0807273],[-0.154078,-0.626848,-0.763755],[0.302318,0.706005,-0.640438]]],2],[5533,[-0.303847,-0.787275,-0.53654],553,64.4285,[122.193,84.0307,16.3779],[125.41,83.696,23.2003],[-23.5886,12.4617,5.74021],false,[104.335,70.7245,122.091],[123.084,97.8437,68.8296],[139.753,114.014,30.6597],[131.336,92.2052,15.7965],[122.437,79.6745,26.4213],[[[0.901224,-0.420956,0.102916],[0.313373,0.797096,0.516174],[-0.29932,-0.432937,0.850278]],[[0.868326,-0.460575,0.18407],[0.326851,0.810483,0.486093],[-0.373068,-0.361924,0.854302]],[[0.868326,-0.460575,0.18407],[0.39203,0.409962,-0.823555],[0.303847,0.787275,0.53654]],[[0.868326,-0.460575,0.18407],[-0.138459,-0.581446,-0.801717],[0.476277,0.670665,-0.568655]]],3],[5534,[-0.143548,-0.451775,-0.880507],553,50.5107,[147.143,82.2257,31.0624],[150.12,83.9347,32.1707],[1.86811,34.3756,-19.6063],false,[114.888,61.2771,120.696],[140.018,86.145,74.7361],[160.625,102.064,50.8154],[157.817,93.2283,33.5937],[146.715,80.0906,32.4681],[[[0.796274,-0.594112,0.113924],[0.422048,0.680517,0.598976],[-0.433386,-0.428868,0.792622]],[[0.738078,-0.641577,0.208856],[0.339999,0.621032,0.706201],[-0.582788,-0.45022,0.676506]],[[0.738078,-0.641577,0.208856],[0.659269,0.619902,-0.425542],[0.143548,0.451775,0.880507]],[[0.738078,-0.641577,0.208856],[0.201082,-0.0863183,-0.975764],[0.644055,0.762187,0.0652999]]],4]],[[0,200,0],[235.247,235.247,147.751]]]]}