{"metadata":{"formatVersion":2,"generatedBy":"LeapJS Playback 0.2.1","frames":1,"protocolVersion":6,"serviceVersion":"2.2.5+26752","frameRate":"1.1e+2","modified":"Tue Apr 21 2015 21:04:24 GMT-0300 (E. South America Standard Time)"},"frames":[["id","timestamp",{"hands":[["id","type","direction","palmNormal","palmPosition","palmVelocity","stabilizedPalmPosition","pinchStrength","grabStrength","confidence","armBasis","armWidth","elbow","wrist"]]},{"pointables":[["id","direction","handId","length","stabilizedTipPosition","tipPosition","tipVelocity","tool","carpPosition","mcpPosition","pipPosition","dipPosition","btipPosition","bases","type"]]},{"interactionBox":["center","size"]}],[1845698,441209851400,[[553,"right",[0.0414549,0.54214,-0.839265],[-0.0748465,-0.835942,-0.543691],[113.595,99.1004,76.8163],[48.1986,67.1131,-7.34338],[108.543,94.7163,77.7441],0,0,0.363733,[[0.98407,0.0004897,-0.177782],[0.0792128,0.894041,0.440927],[0.15916,-0.447985,0.87976]],63.72,[162.248,-48.1705,361.975],[119.275,72.7855,124.44]]],[[5530,[-0.68119,0.132295,-0.720055],553,52.1164,[21.957,79.7933,39.8692],[26.6866,76.3894,47.2914],[57.8425,-28.9644,7.30251],false,[89.9211,64.3354,121.609],[89.9211,64.3354,121.609],[65.633,68.0579,78.158],[42.4074,72.5686,53.6073],[20.7461,77.6504,46.3486],[[[0.475956,0.819131,0.32014],[-0.784549,0.230959,0.575448],[0.397428,-0.525054,0.752575]],[[0.24523,0.967951,-0.0541529],[-0.838521,0.239811,0.489257],[0.486564,-0.0745724,0.870457]],[[0.24523,0.967951,-0.0541529],[-0.689813,0.213468,0.691801],[0.68119,-0.132295,0.720055]],[[0.24523,0.967951,-0.0541529],[-0.288454,0.126181,0.949143],[0.925557,-0.217138,0.310153]]],0],[5531,[-0.1171,0.739613,-0.662767],553,58.8075,[82.0523,177.928,11.4584],[80.4583,177.342,5.81521],[-32.3244,21.9152,-21.3074],false,[99.864,85.7936,123.212],[89.8494,116.597,57.1562],[85.2513,150.787,31.5506],[82.4209,168.664,15.5312],[80.2743,180.322,3.22695],[[[0.989149,0.00688347,-0.146753],[0.0552652,0.908099,0.415094],[0.136124,-0.4187,0.897865]],[[0.987051,0.0130099,-0.159877],[0.119479,0.605396,0.786906],[0.107026,-0.795818,0.596002]],[[0.987051,0.0130099,-0.159877],[0.109625,0.672906,0.73156],[0.1171,-0.739613,0.662767]],[[0.987051,0.0130099,-0.159877],[0.0997218,0.730916,0.675143],[0.12564,-0.682344,0.720154]]],1],[5532,[-0.228108,-0.970373,-0.0796391],553,67.0064,[99.245,87.9917,16.085],[102.86,84.8787,19.0433],[51.386,5.42885,24.1362],false,[111.927,87.6699,121.602],[111.959,116.583,58.107],[110.157,118.981,10],[103.671,91.3871,7.73537],[102.1,81.2522,23.482],[[[0.974434,-0.204658,-0.0926981],[0.224672,0.886776,0.403919],[-0.000462732,-0.414419,0.910086]],[[0.973223,-0.224867,-0.0476571],[0.226802,0.973119,0.0400104],[0.037379,-0.0497478,0.998062]],[[0.973223,-0.224867,-0.0476571],[-0.028337,0.0883776,-0.995684],[0.228108,0.970373,0.0796391]],[[0.973223,-0.224867,-0.0476571],[-0.214128,-0.811522,-0.543674],[0.0835795,0.539321,-0.837942]]],2],[5533,[-0.344153,-0.931357,-0.118881],553,64.4285,[120.953,81.8212,23.5661],[124.808,81.0469,26.5671],[52.0315,38.7396,21.2558],false,[124.041,86.3064,120.086],[133.466,111.22,63.3915],[137.419,113.18,18.9302],[127.885,87.3792,15.637],[123.096,77.6344,30.8422],[[[0.944017,-0.329675,0.0120553],[0.293588,0.856225,0.42507],[-0.150457,-0.397734,0.90508]],[[0.93305,-0.353379,0.0673781],[0.348698,0.934452,0.0721754],[-0.0884668,-0.0438486,0.995114]],[[0.93305,-0.353379,0.0673781],[0.104763,0.0877338,-0.99062],[0.344153,0.931357,0.118881]],[[0.93305,-0.353379,0.0673781],[-0.252443,-0.776596,-0.577209],[0.2563,0.521556,-0.813812]]],3],[5534,[-0.403085,-0.741733,-0.536054],553,50.5107,[148.271,85.5887,29.4528],[150.669,87.4298,31.1522],[48.6254,78.0756,7.74157],false,[135.225,77.7758,117.915],[152.055,101.539,67.772],[165.598,109.32,36.0492],[157.714,94.8124,25.5646],[147.525,83.5343,33.6942],[[[0.858686,-0.510404,0.0463269],[0.422389,0.756,0.500051],[-0.290251,-0.409819,0.864756]],[[0.794073,-0.574654,0.198041],[0.471978,0.788259,0.394822],[-0.382994,-0.220047,0.897159]],[[0.794073,-0.574654,0.198041],[0.454939,0.345839,-0.820625],[0.403085,0.741733,0.536054]],[[0.794073,-0.574654,0.198041],[-0.14145,-0.491585,-0.859265],[0.591134,0.654306,-0.47164]]],4]],[[0,200,0],[235.247,235.247,147.751]]]]}