{"metadata":{"formatVersion":2,"generatedBy":"LeapJS Playback 0.2.1","frames":1,"protocolVersion":6,"serviceVersion":"2.2.5+26752","frameRate":"1.1e+2","modified":"Tue Apr 21 2015 21:05:52 GMT-0300 (E. South America Standard Time)"},"frames":[["id","timestamp",{"hands":[["id","type","direction","palmNormal","palmPosition","palmVelocity","stabilizedPalmPosition","pinchStrength","grabStrength","confidence","armBasis","armWidth","elbow","wrist"]]},{"pointables":[["id","direction","handId","length","stabilizedTipPosition","tipPosition","tipVelocity","tool","carpPosition","mcpPosition","pipPosition","dipPosition","btipPosition","bases","type"]]},{"interactionBox":["center","size"]}],[1862925,441361855455,[[561,"right",[-0.96547,0.0892046,-0.244765],[-0.103692,-0.993502,0.0469272],[-53.7,182.145,1.74527],[-24.3365,-32.5315,14.1148],[-46.5641,180.194,0.783617],1,1,0.361105,[[0.360656,-0.101946,-0.927111],[0.251557,0.967804,-0.00856191],[0.898135,-0.230134,0.37469]],63.72,[243.201,118.945,108.544],[0.705093,181.081,7.37763]]],[[5610,[-0.809391,-0.53586,-0.240292],561,52.1164,[-88.0517,120.983,19.5144],[-88.7448,120.075,21.3257],[-12.9106,-34.4036,27.5769],false,[-3.92407,172.061,36.3306],[-3.92407,172.061,36.3306],[-44.8785,145.566,25.7228],[-72.4751,127.295,17.5299],[-93.3678,117.483,21.3966],[[[0.000518256,0.877577,-0.479435],[0.230825,0.466383,0.853936],[0.972995,-0.111108,-0.202325]],[[-0.450628,0.82908,-0.331],[-0.35187,0.175804,0.919391],[0.82044,0.530772,0.212506]],[[-0.450628,0.82908,-0.331],[-0.376591,0.159626,0.912523],[0.809391,0.53586,0.240292]],[[-0.450628,0.82908,-0.331],[-0.00179065,0.36994,0.929054],[0.89271,0.419251,-0.165221]]],0],[5611,[0.700039,-0.703288,0.123817],561,58.8075,[-72.3652,134.534,19.8453],[-78.1289,135.547,23.2188],[-15.4441,-32.1981,25.7899],false,[-10.3,191.872,24.983],[-83.5973,188.291,19.7703],[-107.651,152.71,18.6642],[-90.7307,135.711,21.6569],[-73.7763,135.567,23.7657],[[[0.0734913,-0.0547057,-0.995794],[-0.0445932,0.997315,-0.0580804],[0.996298,0.048674,0.0708545]],[[0.122822,-0.0522239,-0.991054],[-0.819423,0.558029,-0.130957],[0.559876,0.828176,0.0257449]],[[0.122822,-0.0522239,-0.991054],[-0.703463,-0.708984,-0.0498207],[-0.700039,0.703288,-0.123817]],[[0.122822,-0.0522239,-0.991054],[-0.0148232,-0.9986,0.0507845],[-0.992318,0.00845312,-0.123424]]],1],[5612,[0.722506,-0.616514,0.312884],561,67.0064,[-64.3972,130.896,7.99013],[-71.1268,132.964,12.7284],[-12.4576,-35.3099,26.3989],false,[-10.0676,192.874,12.7128],[-78.217,188.89,-1.68722],[-105.063,148.947,0.986636],[-84.5171,131.415,9.88393],[-66.2516,133.516,13.7698],[[[0.213937,-0.216838,-0.952477],[-0.00964224,0.974536,-0.224025],[0.9768,0.0571114,0.206399]],[[0.226886,-0.21606,-0.949653],[-0.798951,0.516329,-0.308354],[0.556956,0.828687,-0.0554737]],[[0.226886,-0.21606,-0.949653],[-0.653076,-0.757119,0.0162263],[-0.722506,0.616514,-0.312884]],[[0.226886,-0.21606,-0.949653],[0.0614959,-0.969958,0.235372],[-0.971978,-0.111803,-0.206783]]],2],[5613,[0.310228,-0.863804,0.396991],561,64.4285,[-77.9755,141.172,-18.384],[-83.9357,140.676,-13.882],[-2.52851,-48.4757,41.4424],false,[-8.26233,191.054,0.697939],[-66.7659,186.769,-21.2735],[-105.062,165.586,-30.2716],[-96.4679,141.657,-19.2742],[-79.4015,140.117,-11.8272],[[[0.355464,-0.278914,-0.892106],[0.0368104,0.957877,-0.284809],[0.933965,0.0684006,0.350757]],[[0.362917,-0.278358,-0.889274],[-0.365554,0.835307,-0.41065],[0.857124,0.474109,0.201392]],[[0.362917,-0.278358,-0.889274],[-0.878664,-0.419953,-0.227135],[-0.310228,0.863804,-0.396991]],[[0.362917,-0.278358,-0.889274],[-0.18426,-0.956933,0.224339],[-0.913422,0.0824413,-0.398578]]],3],[5614,[0.109999,-0.878781,0.464376],561,50.5107,[-69.5228,150.155,-30.8376],[-74.3855,149.294,-28.5644],[-21.2718,-50.6776,25.4322],false,[-3.9386,182.58,-9.88733],[-54.7233,180.384,-37.7867],[-88.0113,169.663,-43.0046],[-85.8599,152.475,-33.922],[-70.7483,147.963,-26.9658],[[[0.45017,-0.423532,-0.78611],[0.174018,0.90509,-0.387982],[0.875822,0.0378607,0.481146]],[[0.271703,-0.42283,-0.864519],[-0.199746,0.853973,-0.480449],[0.941424,0.303223,0.147569]],[[0.271703,-0.42283,-0.864519],[-0.956074,-0.221268,-0.192257],[-0.109999,0.878781,-0.464376]],[[0.271703,-0.42283,-0.864519],[-0.396946,-0.867577,0.299573],[-0.876705,0.261772,-0.403564]]],4]],[[0,200,0],[235.247,235.247,147.751]]]]}