{"metadata":{"formatVersion":2,"generatedBy":"LeapJS Playback 0.2.1","frames":1,"protocolVersion":6,"serviceVersion":"2.2.5+26752","frameRate":"1.1e+2","modified":"Tue Apr 21 2015 21:06:14 GMT-0300 (E. South America Standard Time)"},"frames":[["id","timestamp",{"hands":[["id","type","direction","palmNormal","palmPosition","palmVelocity","stabilizedPalmPosition","pinchStrength","grabStrength","confidence","armBasis","armWidth","elbow","wrist"]]},{"pointables":[["id","direction","handId","length","stabilizedTipPosition","tipPosition","tipVelocity","tool","carpPosition","mcpPosition","pipPosition","dipPosition","btipPosition","bases","type"]]},{"interactionBox":["center","size"]}],[1862973,441362271455,[[561,"right",[-0.973745,0.0893008,-0.209393],[-0.113307,-0.987934,0.105583],[-56.5612,182.41,-2.21752],[-27.5208,-24.3677,1.12159],[-51.0442,181.065,0.627866],1,1,0.311975,[[0.375412,-0.183215,-0.908569],[0.321591,0.945119,-0.057707],[0.869278,-0.270524,0.41373]],63.72,[232.721,107.849,112.93],[-1.9845,180.891,1.22342]]],[[5610,[-0.817055,-0.541872,-0.196965],561,52.1164,[-89.3596,121.84,21.0659],[-91.1599,121.747,21.5148],[-13.6238,-30.6025,6.856],false,[-5.50467,173.523,30.7934],[-5.50467,173.523,30.7934],[-47.1941,147.064,23.4648],[-75.0521,128.589,16.7491],[-95.8371,119.536,22.5588],[[[-0.00921628,0.850142,-0.526472],[0.271793,0.508803,0.816852],[0.962311,-0.135563,-0.235752]],[[-0.455074,0.815859,-0.356766],[-0.30888,0.231148,0.922585],[0.835165,0.530043,0.146813]],[[-0.455074,0.815859,-0.356766],[-0.354018,0.201864,0.913194],[0.817055,0.541872,0.196965]],[[-0.455074,0.815859,-0.356766],[0.0645209,0.429815,0.900609],[0.888113,0.386825,-0.248238]]],0],[5611,[0.695371,-0.706458,0.13182],561,58.8075,[-76.5495,136.38,22.2582],[-80.5261,137.364,22.7734],[-17.0741,-28.4063,4.09281],false,[-12.1163,192.775,18.6478],[-85.6044,189.944,16.657],[-110.096,154.697,18.5546],[-93.2883,137.622,21.7408],[-76.2614,137.308,23.1211],[[[0.0311416,-0.109747,-0.993472],[-0.0352598,0.993214,-0.110823],[0.998893,0.0384808,0.0270606]],[[0.078355,-0.107804,-0.99108],[-0.817857,0.561516,-0.125738],[0.570062,0.820413,-0.0441702]],[[0.078355,-0.107804,-0.99108],[-0.714367,-0.699497,0.0196089],[-0.695371,0.706458,-0.13182]],[[0.078355,-0.107804,-0.99108],[-0.0269287,-0.994002,0.105992],[-0.996562,0.0183835,-0.080788]]],1],[5612,[0.711282,-0.620938,0.329416],561,67.0064,[-68.6413,132.056,11.4762],[-73.0569,132.662,12.9027],[-15.4689,-28.7431,4.87775],false,[-12.3854,193.107,6.34191],[-81.1194,189.301,-5.00409],[-107.108,149.145,0.941039],[-86.8814,131.488,10.3084],[-68.4727,132.573,13.9253],[[[0.171361,-0.271239,-0.947135],[-0.00754828,0.960966,-0.276565],[0.985179,0.0545417,0.162625]],[[0.200934,-0.269474,-0.941812],[-0.817874,0.483015,-0.312694],[0.539172,0.833115,-0.123342]],[[0.200934,-0.269474,-0.941812],[-0.673575,-0.736084,0.0669044],[-0.711282,0.620938,-0.329416]],[[0.200934,-0.269474,-0.941812],[0.00254944,-0.961273,0.275587],[-0.979601,-0.0577759,-0.192466]]],2],[5613,[0.509067,-0.74093,0.438034],561,64.4285,[-79.0924,139.313,-13.0435],[-77.6208,136.562,-8.85682],[10.5591,-41.2606,18.3116],false,[-11.1056,190.611,-5.61905],[-70.523,185.96,-24.8987],[-104.098,156.483,-24.6523],[-89.9961,135.957,-12.5179],[-72.2021,135.908,-6.82034],[[[0.314549,-0.331921,-0.889319],[0.0361232,0.94038,-0.338202],[0.948554,0.0742559,0.307785]],[[0.286603,-0.333955,-0.89796],[-0.594266,0.673209,-0.440042],[0.751469,0.659745,-0.0055147]],[[0.286603,-0.333955,-0.89796],[-0.811609,-0.582664,-0.0423471],[-0.509067,0.74093,-0.438034]],[[0.286603,-0.333955,-0.89796],[-0.104192,-0.942585,0.317296],[-0.952367,0.00262252,-0.304943]]],3],[5614,[0.336923,-0.74916,0.5703],561,50.5107,[-72.0755,146.901,-28.2297],[-71.3572,143.836,-26.0275],[13.6836,-44.3897,24.3831],false,[-7.3281,181.515,-15.8923],[-59.2573,178.519,-41.5178],[-88.7859,159.076,-42.0595],[-82.1961,144.423,-30.9052],[-66.6272,142.76,-23.6975],[[[0.411898,-0.47188,-0.779531],[0.168267,0.880148,-0.443877],[0.895559,0.0516625,0.441933]],[[0.327513,-0.474634,-0.816981],[-0.441969,0.687282,-0.576461],[0.835104,0.549878,0.0153203]],[[0.327513,-0.474634,-0.816981],[-0.882733,-0.462041,-0.0854443],[-0.336923,0.74916,-0.5703]],[[0.327513,-0.474634,-0.816981],[-0.277305,-0.874878,0.397103],[-0.903237,0.0964964,-0.418152]]],4]],[[0,200,0],[235.247,235.247,147.751]]]]}