{"metadata":{"formatVersion":2,"generatedBy":"LeapJS Playback 0.2.1","frames":1,"protocolVersion":6,"serviceVersion":"2.2.5+26752","frameRate":"1.1e+2","modified":"Tue Apr 21 2015 21:06:36 GMT-0300 (E. South America Standard Time)"},"frames":[["id","timestamp",{"hands":[["id","type","direction","palmNormal","palmPosition","palmVelocity","stabilizedPalmPosition","pinchStrength","grabStrength","confidence","armBasis","armWidth","elbow","wrist"]]},{"pointables":[["id","direction","handId","length","stabilizedTipPosition","tipPosition","tipVelocity","tool","carpPosition","mcpPosition","pipPosition","dipPosition","btipPosition","bases","type"]]},{"interactionBox":["center","size"]}],[1862897,441361612070,[[561,"right",[-0.938924,0.0662146,-0.337695],[-0.053488,-0.997468,-0.046864],[-41.9034,181.041,3.5445],[-52.2018,27.7935,-1.86641],[-35.0422,171.332,-1.26208],1,1,0.386784,[[0.33507,0.0267614,-0.941813],[0.139121,0.987234,0.0775473],[0.931866,-0.15701,0.327069]],63.72,[263.225,139.58,103.125],[11.6208,181.972,14.8165]]],[[5610,[-0.766789,-0.54484,-0.339388],561,52.1164,[-74.3361,115.394,14.5765],[-75.9868,116.479,15.9101],[-72.8906,41.6046,7.52525],false,[4.56501,170.234,42.266],[4.56501,170.234,42.266],[-33.5828,143.014,25.0729],[-59.7269,124.437,13.5012],[-80.4516,113.681,15.0886],[[[0.00141904,0.915521,-0.402268],[0.116765,0.399365,0.909326],[0.993159,-0.048261,-0.106334]],[[-0.456752,0.834611,-0.3079],[-0.455361,0.0779829,0.886885],[0.764215,0.545292,0.34443]],[[-0.456752,0.834611,-0.3079],[-0.451013,0.0810788,0.888827],[0.766789,0.54484,0.339388]],[[-0.456752,0.834611,-0.3079],[-0.0849021,0.303636,0.948998],[0.885534,0.459598,-0.0678258]]],0],[5611,[0.721933,-0.677435,0.141049],561,58.8075,[-55.0741,120.935,9.85002],[-65.9108,131.694,18.3467],[-74.0379,44.1304,22.1601],false,[-1.69428,190.655,31.9867],[-73.7729,184.202,18.7388],[-95.6021,147.806,12.0615],[-78.1527,131.432,15.4707],[-61.5327,131.93,19.4005],[[[0.17747,0.0366884,-0.983442],[-0.0928737,0.995469,0.0203772],[0.979734,0.0877195,0.180074]],[[0.228734,0.0412494,-0.972615],[-0.83037,0.529736,-0.172815],[0.508101,0.847159,0.155421]],[[0.228734,0.0412494,-0.972615],[-0.653065,-0.734425,-0.184731],[-0.721933,0.677435,-0.141049]],[[0.228734,0.0412494,-0.972615],[0.0378498,-0.998723,-0.0334554],[-0.972753,-0.0291608,-0.230003]]],1],[5612,[0.708603,-0.622354,0.332502],561,67.0064,[-49.4331,115.468,-4.61247],[-59.2956,130.077,7.93891],[-60.3167,51.2853,26.3765],false,[-0.267778,192.745,19.9362],[-66.2747,186.935,-1.90191],[-92.1536,146.464,-5.86546],[-72.0035,128.767,3.5897],[-54.3603,131.326,9.53172],[[[0.321419,-0.122042,-0.93904],[-0.0400007,0.989025,-0.14223],[0.946092,0.0832778,0.31301]],[[0.332551,-0.121052,-0.935284],[-0.775336,0.529502,-0.344212],[0.536902,0.839627,0.0822307]],[[0.332551,-0.121052,-0.935284],[-0.622328,-0.773319,-0.121187],[-0.708603,0.622354,-0.332502]],[[0.332551,-0.121052,-0.935284],[0.089094,-0.98326,0.15894],[-0.938867,-0.136184,-0.316199]]],2],[5613,[0.236706,-0.917,0.321063],561,64.4285,[-61.1031,130.753,-26.5871],[-70.3678,140.032,-19.8761],[-74.4709,37.0455,12.1142],false,[2.84933,192.075,8.07176],[-52.7885,187.075,-20.269],[-89.8413,167.948,-36.317],[-83.2841,142.546,-27.4229],[-67.2887,139.769,-18.1748],[[[0.459236,-0.182664,-0.869331],[0.0132452,0.979929,-0.198906],[0.888215,0.0798305,0.452438]],[[0.468344,-0.181834,-0.864633],[-0.304817,0.885261,-0.351281],[0.829301,0.428075,0.359181]],[[0.468344,-0.181834,-0.864633],[-0.851249,-0.355031,-0.38643],[-0.236706,0.917,-0.321062]],[[0.468344,-0.181834,-0.864633],[-0.218506,-0.972033,0.0860624],[-0.856101,0.148621,-0.494977]]],3],[5614,[0.0700332,-0.924357,0.375045],561,50.5107,[-49.3722,141.112,-39.449],[-58.3783,150.717,-31.5869],[-66.9022,24.0157,10.6049],false,[8.6859,184.773,-2.66011],[-38.7949,182.727,-35.8816],[-71.5493,173.058,-45.0436],[-70.1796,154.979,-37.7082],[-55.5539,149.947,-30.1006],[[[0.550407,-0.331582,-0.766228],[0.162931,0.942766,-0.290939],[0.818844,0.0352924,0.57293]],[[0.34348,-0.330633,-0.879036],[-0.15469,0.90328,-0.400196],[0.926333,0.273437,0.259113]],[[0.34348,-0.330633,-0.879036],[-0.936545,-0.190382,-0.294343],[-0.0700332,0.924357,-0.375045]],[[0.34348,-0.330633,-0.879036],[-0.402546,-0.897473,0.180274],[-0.848515,0.291932,-0.441359]]],4]],[[0,200,0],[235.247,235.247,147.751]]]]}