{"metadata":{"formatVersion":2,"generatedBy":"LeapJS Playback 0.2.1","frames":1,"protocolVersion":6,"serviceVersion":"2.2.5+26752","frameRate":"1.1e+2","modified":"Tue Apr 21 2015 21:05:10 GMT-0300 (E. South America Standard Time)"},"frames":[["id","timestamp",{"hands":[["id","type","direction","palmNormal","palmPosition","palmVelocity","stabilizedPalmPosition","pinchStrength","grabStrength","confidence","armBasis","armWidth","elbow","wrist"]]},{"pointables":[["id","direction","handId","length","stabilizedTipPosition","tipPosition","tipVelocity","tool","carpPosition","mcpPosition","pipPosition","dipPosition","btipPosition","bases","type"]]},{"interactionBox":["center","size"]}],[1857419,441313256808,[[556,"right",[-0.991124,-0.011646,-0.132429],[0.0101567,-0.999877,0.011916],[-32.7434,153.167,-1.44687],[222.663,-50.629,87.7799],[-34.0871,153.606,-2.1367],1,1,0.233357,[[0.314211,-0.0975962,-0.944323],[0.422143,0.905316,0.0468976],[0.850333,-0.413375,0.32566]],63.72,[251.334,46.4246,86.0259],[21.7439,158.036,-1.90227]]],[[5560,[-0.758878,-0.619203,-0.201721],556,52.1164,[-59.7427,87.4955,18.0637],[-57.9272,86.8551,18.1476],[159.404,-53.3622,11.4393],false,[21.4664,147.575,26.9345],[21.4664,147.575,26.9345],[-17.2932,116.93,19.8422],[-43.1676,95.8176,12.9644],[-62.1591,83.9234,19.7158],[[[-0.149147,0.887834,-0.435323],[0.275582,0.460126,0.844001],[0.949637,0.00591269,-0.313297]],[[-0.574995,0.782513,-0.238858],[-0.257821,0.103771,0.960604],[0.776472,0.613925,0.142081]],[[-0.574995,0.782513,-0.238858],[-0.305751,0.0652755,0.949871],[0.758878,0.619203,0.201721]],[[-0.574995,0.782513,-0.238858],[0.104344,0.3597,0.927215],[0.811476,0.508221,-0.288477]]],0],[5561,[0.752384,-0.656946,0.0483645],556,58.8075,[-55.8758,107.432,20.0891],[-54.9571,107.766,19.9929],[335.054,-68.8201,65.4904],false,[11.7314,166.917,17.2908],[-60.8632,155.298,20.03],[-86.5098,120.882,18.1332],[-68.3243,105.004,19.3022],[-51.5182,107.855,20.4591],[[[-0.0357423,-0.012272,-0.999286],[-0.158282,0.987373,-0.00646424],[0.986747,0.157938,-0.0372334]],[[0.0679389,0.00435932,-0.99768],[-0.799394,0.598568,-0.0518208],[0.596954,0.80106,0.0441509]],[[0.0679389,0.00435932,-0.99768],[-0.655211,-0.753925,-0.0479121],[-0.752384,0.656946,-0.0483645]],[[0.0679389,0.00435932,-0.99768],[0.166812,-0.985963,0.00705126],[-0.983645,-0.166904,-0.0677124]]],1],[5562,[0.753669,-0.623897,0.206727],556,67.0064,[-39.7115,94.1917,11.0935],[-39.1679,93.7694,11.0174],[169.806,-66.3628,16.0852],false,[10.4453,168.356,5.12955],[-58.0758,157.226,-1.83879],[-74.129,112.05,3.13483],[-52.6974,94.3087,9.01341],[-34.1463,93.229,11.812],[[[0.12541,-0.158963,-0.979287],[-0.140344,0.974311,-0.176128],[0.982128,0.159525,0.0998787]],[[0.138394,-0.156838,-0.97788],[-0.932697,0.311403,-0.181945],[0.333051,0.937246,-0.103186]],[[0.138394,-0.156838,-0.97788],[-0.642519,-0.765607,0.0318603],[-0.753669,0.623897,-0.206727]],[[0.138394,-0.156838,-0.97788],[-0.079543,-0.985952,0.146876],[-0.987178,0.0574568,-0.148925]]],2],[5563,[0.449277,-0.836309,0.314226],556,64.4285,[-59.7042,108.104,-14.8767],[-59.6785,108.44,-14.9873],[180.428,-10.8599,40.5191],false,[11.0463,167.159,-7.08255],[-48.7854,157.072,-22.6453],[-85.0133,131.349,-27.3479],[-72.5674,108.181,-18.6432],[-54.6289,107.881,-13.4268],[[[0.278792,-0.206747,-0.937833],[-0.0996459,0.965053,-0.24237],[0.955168,0.161022,0.248447]],[[0.269889,-0.208237,-0.940105],[-0.519331,0.790677,-0.32423],[0.810836,0.575731,0.105251]],[[0.269889,-0.208237,-0.940105],[-0.851651,-0.507174,-0.132154],[-0.449277,0.836309,-0.314226]],[[0.269889,-0.208237,-0.940105],[-0.0732509,-0.977946,0.19559],[-0.960101,0.016076,-0.27919]]],3],[5564,[0.356135,-0.839274,0.410837],556,50.5107,[-50.3436,118.49,-29.8825],[-50.4533,118.97,-29.9659],[191.747,-4.74236,51.0472],false,[15.0161,159.588,-18.4618],[-38.0984,152.645,-40.6639],[-69.3644,136.135,-41.0135],[-62.3988,119.72,-32.9781],[-45.8024,118.016,-28.6468],[[[0.400075,-0.343315,-0.84975],[0.0297105,0.931557,-0.362379],[0.916001,0.119732,0.382893]],[[0.200664,-0.360717,-0.910833],[-0.421725,0.807381,-0.412656],[0.884241,0.466926,0.00988894]],[[0.200664,-0.360717,-0.910833],[-0.912634,-0.40682,-0.0399479],[-0.356135,0.839274,-0.410837]],[[0.200664,-0.360717,-0.910833],[-0.180698,-0.92742,0.327476],[-0.962851,0.0988729,-0.25128]]],4]],[[0,200,0],[235.247,235.247,147.751]]]]}