{"metadata":{"formatVersion":2,"generatedBy":"LeapJS Playback 0.2.1","frames":1,"protocolVersion":6,"serviceVersion":"2.2.5+26752","frameRate":"1.1e+2","modified":"Tue Apr 21 2015 21:07:26 GMT-0300 (E. South America Standard Time)"},"frames":[["id","timestamp",{"hands":[["id","type","direction","palmNormal","palmPosition","palmVelocity","stabilizedPalmPosition","pinchStrength","grabStrength","confidence","armBasis","armWidth","elbow","wrist"]]},{"pointables":[["id","direction","handId","length","stabilizedTipPosition","tipPosition","tipVelocity","tool","carpPosition","mcpPosition","pipPosition","dipPosition","btipPosition","bases","type"]]},{"interactionBox":["center","size"]}],[1873363,441454177362,[[564,"right",[-0.935077,0.179234,-0.305789],[-0.136907,-0.978409,-0.154832],[72.8978,179.34,-1.18632],[42.7859,-2.833,14.8306],[67.9794,179.176,-3.37573],1,1,0.282841,[[0.484707,0.0913607,-0.869892],[0.0214864,0.992986,0.116261],[0.874413,-0.0750433,0.479344]],63.72,[362.567,154.411,138.257],[126.476,174.673,8.83414]]],[[5640,[-0.891303,-0.421817,-0.16628],564,52.1164,[25.9536,115.757,19.4402],[29.5958,117.038,12.9637],[44.0149,1.52512,-172.464],false,[118.876,160.558,34.9896],[118.876,160.558,34.9896],[75.4967,139.093,22.7754],[45.1071,124.711,17.1059],[25.1229,114.568,10.3617],[[[0.0715482,0.951503,-0.299205],[0.163037,0.284783,0.944626],[0.984022,-0.116368,-0.134754]],[[-0.387381,0.899026,-0.204176],[-0.307781,0.0826475,0.947861],[0.869026,0.430025,0.244687]],[[-0.387381,0.899026,-0.204176],[-0.235616,0.117569,0.964709],[0.891303,0.421817,0.16628]],[[-0.387381,0.899026,-0.204176],[-0.347558,0.0627143,0.935559],[0.853897,0.433381,0.288169]]],0],[5641,[0.488142,-0.871053,-0.0546221],564,58.8075,[46.4781,123.298,9.4307],[41.859,122.848,6.87244],[-38.9435,9.84287,-22.666],false,[114.184,182.438,27.1682],[41.6302,183.358,15.0223],[16.5056,149.384,7.25868],[28.3042,128.33,5.93845],[43.7983,121.202,6.95824],[[[0.165295,0.131548,-0.977432],[-0.00949123,0.991231,0.131801],[0.986199,-0.0125089,0.165094]],[[0.125419,0.131946,-0.983291],[-0.801419,0.597698,-0.0220175],[0.584806,0.790789,0.180707]],[[0.125419,0.131946,-0.983291],[-0.863706,-0.473135,-0.173655],[-0.488142,0.871053,0.0546221]],[[0.125419,0.131946,-0.983291],[-0.402347,-0.899189,-0.17198],[-0.906856,0.417193,-0.0596875]]],1],[5642,[0.417637,-0.889785,0.184013],564,67.0064,[50.7861,118.355,1.61669],[45.8698,117.956,-3.25892],[-14.8145,12.574,-27.8235],false,[115.601,185.735,15.3893],[49.0226,187.758,-5.36705],[20.4384,149.799,-13.4505],[32.3145,124.497,-8.21781],[48.0677,116.047,-2.42278],[[[0.296194,-0.0422721,-0.954192],[0.0402446,0.998685,-0.0317507],[0.95428,-0.0289967,0.297506]],[[0.324472,-0.0431166,-0.944912],[-0.736909,0.614776,-0.281099],[0.593029,0.787522,0.167705]],[[0.324472,-0.0431166,-0.944912],[-0.848703,-0.454338,-0.270704],[-0.417637,0.889785,-0.184013]],[[0.324472,-0.0431166,-0.944912],[-0.438157,-0.892174,-0.109748],[-0.838294,0.44963,-0.308378]]],2],[5643,[0.326152,-0.9008,0.286678],564,64.4285,[61.2527,124.546,-10.0656],[55.7136,123.175,-18.1277],[-13.3494,16.7003,-29.0335],false,[118.475,186.141,3.45189],[62.1998,188.851,-23.9254],[34.5024,155.019,-33.1212],[43.5375,130.065,-25.1796],[57.7429,121.223,-16.8666],[[[0.429514,-0.121243,-0.894884],[0.0917033,0.99168,-0.0903423],[0.898392,-0.0432606,0.437058]],[[0.443686,-0.121912,-0.887851],[-0.647189,0.641705,-0.411534],[0.61991,0.7572,0.205815]],[[0.443686,-0.121912,-0.887851],[-0.834726,-0.41677,-0.35991],[-0.326152,0.9008,-0.286679]],[[0.443686,-0.121912,-0.887851],[-0.474436,-0.872441,-0.117294],[-0.760298,0.47327,-0.444929]]],3],[5644,[0.239575,-0.877769,0.41488],564,50.5107,[67.6263,135.722,-22.9344],[66.4144,136.348,-28.9404],[-10.4144,15.8379,-25.1299],false,[123.525,179.632,-8.15374],[75.5503,185.151,-40.2519],[51.2291,159.876,-44.7157],[55.9149,142.708,-36.6011],[68.0196,134.453,-27.5211],[[[0.50951,-0.287611,-0.810974],[0.2364,0.953006,-0.189459],[0.827354,-0.095183,0.553558]],[[0.446696,-0.279753,-0.849824],[-0.572145,0.640928,-0.511725],[0.687832,0.714808,0.126241]],[[0.446696,-0.279753,-0.849824],[-0.862013,-0.388922,-0.325074],[-0.239575,0.877769,-0.41488]],[[0.446696,-0.279753,-0.849824],[-0.554338,-0.832108,-0.0174578],[-0.702262,0.478888,-0.526777]]],4]],[[0,200,0],[235.247,235.247,147.751]]]]}