{"metadata":{"formatVersion":2,"generatedBy":"LeapJS Playback 0.2.1","frames":1,"protocolVersion":6,"serviceVersion":"2.2.5+26752","frameRate":"1.1e+2","modified":"Tue Apr 21 2015 21:08:56 GMT-0300 (E. South America Standard Time)"},"frames":[["id","timestamp",{"hands":[["id","type","direction","palmNormal","palmPosition","palmVelocity","stabilizedPalmPosition","pinchStrength","grabStrength","confidence","armBasis","armWidth","elbow","wrist"]]},{"pointables":[["id","direction","handId","length","stabilizedTipPosition","tipPosition","tipVelocity","tool","carpPosition","mcpPosition","pipPosition","dipPosition","btipPosition","bases","type"]]},{"interactionBox":["center","size"]}],[1877706,441492620462,[[566,"right",[-0.976364,0.045179,-0.211359],[-0.167685,0.45865,0.872652],[39.0243,92.0559,7.04446],[2.66406,-2.65788,2.49555],[37.1059,88.9796,39.2095],0,0,0.470538,[[-0.0999369,-0.876426,0.471051],[0.657875,-0.413374,-0.629541],[0.746467,0.246979,0.617891]],63.72,[292.979,147.554,184.874],[91.4329,80.8699,18.0438]]],[[5660,[-0.92296,0.137336,-0.359561],566,52.1164,[10.583,128.136,2.64495],[19.5972,127.172,-22.1244],[4.19898,0.784398,5.27357],false,[96.8505,110.969,15.6415],[96.8505,110.969,15.6415],[65.4114,129.775,-18.2651],[33.9426,134.458,-30.5246],[15.0213,125.59,-19.9854],[[[-0.0954114,-0.758528,-0.644618],[0.565777,0.491482,-0.662074],[0.819019,-0.42788,0.382265]],[[0.0878783,-0.834311,-0.544244],[0.771754,0.402467,-0.492357],[0.629819,-0.376755,0.679252]],[[0.0878783,-0.834311,-0.544244],[0.37473,0.533913,-0.757967],[0.92296,-0.137336,0.359561]],[[0.0878783,-0.834311,-0.544244],[-0.581932,0.400435,-0.707819],[0.808476,0.378915,-0.450323]]],0],[5661,[-0.967853,0.149414,0.202327],566,58.8075,[-62.3812,125.297,5.42872],[-59.9789,124.767,1.37286],[2.74701,-2.79725,0.186753],false,[88.5819,95.3263,-0.132804],[18.3902,114.413,-11.1463],[-24.0339,119.104,-6.25076],[-47.4273,122.715,-1.36043],[-63.603,125.77,3.21433],[[[-0.298363,-0.867283,0.398496],[0.026448,-0.424865,-0.90487],[0.954086,-0.25944,0.149702]],[[-0.0511697,-0.904576,0.423231],[-0.149282,-0.412097,-0.898827],[0.98747,-0.109173,-0.11395]],[[-0.0511697,-0.904576,0.423231],[-0.246257,-0.399273,-0.883142],[0.967853,-0.149414,-0.202327]],[[-0.0511697,-0.904576,0.423231],[-0.317892,-0.386991,-0.865553],[0.946745,-0.178832,-0.267755]]],1],[5662,[-0.946908,0.178132,0.267644],566,67.0064,[-72.561,108.305,22.0914],[-71.4968,108.226,18.1944],[2.2313,-3.39886,-1.86211],false,[84.4306,84.1916,3.09268],[15.6407,93.882,-3.35904],[-31.144,100.234,6.34273],[-58.0706,105.299,13.9536],[-75.4547,109.274,19.8807],[[[-0.166827,-0.809139,0.563438],[-0.00343419,-0.570966,-0.820967],[0.98598,-0.138894,0.0924738]],[[0.00693535,-0.820965,0.570936],[-0.240481,-0.555563,-0.795939],[0.970629,-0.131779,-0.20128]],[[0.00693535,-0.820965,0.570936],[-0.321429,-0.54248,-0.776143],[0.946908,-0.178132,-0.267644]],[[0.00693535,-0.820965,0.570936],[-0.379712,-0.530348,-0.75799],[0.925079,-0.211534,-0.315408]]],2],[5663,[-0.996816,0.0743848,0.0287224],566,64.4285,[-67.6708,82.7986,8.25433],[-67.4826,80.2222,7.85077],[1.92227,-16.9323,12.6826],false,[81.5792,73.8999,9.16557],[18.9588,74.1951,7.62562],[-25.6796,76.0317,7.07471],[-53.2934,78.0923,7.87038],[-71.8473,79.9726,9.0144],[[[-0.0191768,-0.7754,0.631179],[0.0160882,-0.631453,-0.775247],[0.999687,-0.00471226,0.0245841]],[[-0.0396742,-0.77514,0.630542],[-0.0163613,-0.630451,-0.776057],[0.999079,-0.041106,0.0123304]],[[-0.0396742,-0.77514,0.630542],[-0.0691667,-0.627395,-0.775623],[0.996816,-0.0743848,-0.0287224]],[[-0.0396742,-0.77514,0.630542],[-0.110917,-0.623723,-0.773736],[0.993037,-0.100635,-0.0612303]]],3],[5664,[-0.991704,0.0867663,-0.0948411],566,50.5107,[-43.5327,65.6401,13.9545],[-43.8532,63.7232,13.5378],[-0.267273,-9.46818,12.8685],false,[80.9896,66.676,21.414],[23.5614,58.6609,21.625],[-11.4368,60.1072,16.7974],[-30.8334,61.8042,14.9424],[-47.9067,63.9206,13.8801],[[[0.094262,-0.655669,0.749141],[0.101166,-0.742288,-0.6624],[0.990394,0.138227,-0.00363812]],[[-0.128543,-0.669988,0.731159],[0.0615669,-0.741244,-0.668406],[0.989791,-0.0409035,0.136531]],[[-0.128543,-0.669988,0.731159],[0.000102429,-0.737284,-0.675583],[0.991704,-0.0867663,0.0948411]],[[-0.128543,-0.669988,0.731159],[-0.0484832,-0.732148,-0.679418],[0.990518,-0.122783,0.0616291]]],4]],[[0,200,0],[235.247,235.247,147.751]]]]}