{"metadata":{"formatVersion":2,"generatedBy":"LeapJS Playback 0.2.1","frames":1,"protocolVersion":6,"serviceVersion":"2.2.5+26752","frameRate":"1.1e+2","modified":"Tue Apr 21 2015 21:08:08 GMT-0300 (E. South America Standard Time)"},"frames":[["id","timestamp",{"hands":[["id","type","direction","palmNormal","palmPosition","palmVelocity","stabilizedPalmPosition","pinchStrength","grabStrength","confidence","armBasis","armWidth","elbow","wrist"]]},{"pointables":[["id","direction","handId","length","stabilizedTipPosition","tipPosition","tipVelocity","tool","carpPosition","mcpPosition","pipPosition","dipPosition","btipPosition","bases","type"]]},{"interactionBox":["center","size"]}],[1878033,441495490953,[[566,"right",[-0.962745,0.222841,-0.153177],[-0.0794308,0.308423,0.947927],[-65.7827,100.505,6.53844],[7.28287,-37.7373,9.07875],[-65.9558,101.933,6.13597],0,0,0.0842643,[[0.0152727,-0.920525,0.390385],[0.355794,-0.359873,-0.862497],[0.93444,0.152069,0.322021]],63.72,[236.877,121.148,99.7892],[-15.4216,80.0895,12.8435]]],[[5660,[-0.898663,0.333892,-0.284466],566,52.1164,[-80.835,143.461,-15.0169],[-80.4558,143.235,-14.9458],[75.5421,-10.9954,7.76976],false,[-5.61623,109.022,15.6449],[-5.61623,109.022,15.6449],[-34.6062,138.118,-12.7235],[-65.2467,149.502,-22.4226],[-85.0954,141.686,-12.7962],[[[-0.22083,-0.604507,-0.765379],[0.619271,0.519359,-0.588871],[0.753483,-0.604018,0.259664]],[[-0.0500568,-0.722345,-0.689718],[0.812536,0.372112,-0.448685],[0.580757,-0.582881,0.568305]],[[-0.0500568,-0.722345,-0.689718],[0.435774,0.605585,-0.665859],[0.898663,-0.333892,0.284466]],[[-0.0500568,-0.722345,-0.689718],[-0.527462,0.605541,-0.595905],[0.848102,0.333971,-0.411322]]],0],[5661,[-0.895301,0.265976,0.357341],566,58.8075,[-157.314,145.191,18.1591],[-156.252,149.413,19.0063],[73.7529,104.94,-2.89567],false,[-16.4496,97.9167,-2.27722],[-83.2097,128.562,-6.32952],[-123.299,139.185,4.88483],[-144.939,145.614,13.5219],[-159.655,150.36,20.7893],[[[-0.416458,-0.874236,0.24955],[-0.0557967,-0.249391,-0.966794],[0.907441,-0.416553,0.0550812]],[[-0.18024,-0.949879,0.255429],[-0.3111,-0.191301,-0.930925],[0.933129,-0.247254,-0.261027]],[[-0.18024,-0.949879,0.255429],[-0.407369,-0.164279,-0.898367],[0.895301,-0.265976,-0.357341]],[[-0.18024,-0.949879,0.255429],[-0.474998,-0.143343,-0.868234],[0.861331,-0.277819,-0.425354]]],1],[5662,[-0.812315,0.322275,0.48609],566,67.0064,[-158.066,132.136,39.5472],[-163.42,136.28,40.779],[-54.6448,61.4133,-151.849],false,[-22.152,87.0887,-0.915699],[-88.8378,107.554,-2.24425],[-130.039,121.973,18.1969],[-153.138,131.138,32.0196],[-167.792,137.474,41.9311],[[[-0.274375,-0.867066,0.415831],[-0.105464,-0.402685,-0.909243],[0.955822,-0.293329,0.0190424]],[[-0.11132,-0.903814,0.413193],[-0.506907,-0.305981,-0.805867],[0.854782,-0.29916,-0.424088]],[[-0.11132,-0.903814,0.413193],[-0.572497,-0.281531,-0.770057],[0.812315,-0.322275,-0.48609]],[[-0.11132,-0.903814,0.413193],[-0.616018,-0.263505,-0.742352],[0.779827,-0.337173,-0.527432]]],2],[5663,[-0.793763,0.287899,0.535775],566,64.4285,[-150.495,106.909,41.4216],[-157.908,110.776,49.9887],[-7.38038,73.5649,-16.6659],false,[-26.3853,76.3671,3.33349],[-88.2763,85.9053,4.84645],[-125.379,97.683,26.7768],[-147.368,105.658,41.6188],[-161.706,111.33,52.1708],[[[-0.121991,-0.867941,0.481452],[-0.0942745,-0.47275,-0.876139],[0.988044,-0.15227,-0.0241533]],[[0.00123671,-0.880114,0.474761],[-0.557141,-0.394857,-0.730536],[0.830417,-0.263605,-0.490836]],[[0.00123671,-0.880114,0.474761],[-0.608226,-0.37751,-0.698245],[0.793763,-0.287899,-0.535775]],[[0.00123671,-0.880114,0.474761],[-0.641176,-0.365027,-0.675018],[0.767393,-0.30357,-0.564759]]],3],[5664,[-0.845077,0.317561,0.430117],566,50.5107,[-133.507,85.0294,34.9006],[-143.971,88.9049,43.6892],[-28.8346,65.8518,-6.45789],false,[-27.7983,67.1612,14.0952],[-85.763,67.5524,15.5858],[-116.755,77.6121,29.3175],[-133.284,83.8232,37.7301],[-147.453,89.6703,45.6145],[[[0.0104488,-0.789608,0.613522],[-0.0244367,-0.613574,-0.789259],[0.999647,-0.00674568,-0.0257065]],[[0.015467,-0.789632,0.613385],[-0.481163,-0.543636,-0.687708],[0.876495,-0.284501,-0.38835]],[[0.015467,-0.789632,0.613385],[-0.534421,-0.52501,-0.662388],[0.845077,-0.317561,-0.430117]],[[0.015467,-0.789632,0.613385],[-0.569267,-0.511282,-0.643837],[0.822007,-0.339222,-0.45742]]],4]],[[0,200,0],[235.247,235.247,147.751]]]]}