{"metadata":{"formatVersion":2,"generatedBy":"LeapJS Playback 0.2.1","frames":1,"protocolVersion":6,"serviceVersion":"2.2.5+26752","frameRate":"1.1e+2","modified":"Tue Apr 21 2015 21:09:46 GMT-0300 (E. South America Standard Time)"},"frames":[["id","timestamp",{"hands":[["id","type","direction","palmNormal","palmPosition","palmVelocity","stabilizedPalmPosition","pinchStrength","grabStrength","confidence","armBasis","armWidth","elbow","wrist"]]},{"pointables":[["id","direction","handId","length","stabilizedTipPosition","tipPosition","tipVelocity","tool","carpPosition","mcpPosition","pipPosition","dipPosition","btipPosition","bases","type"]]},{"interactionBox":["center","size"]}],[1889651,441598063861,[[573,"right",[-0.892944,-0.0731745,-0.444181],[-0.445377,0.0000273315,0.895343],[66.2154,119.192,6.24704],[8.59525,-4.99901,6.37146],[69.694,115.801,7.20003],0,0,0.290079,[[0.0230198,-0.986346,-0.163072],[0.976291,0.0572966,-0.208743],[0.215237,-0.1544,0.964279]],63.1693,[174.032,74.2451,284.543],[116.42,115.573,26.4375]]],[[5730,[-0.865358,-0.084411,-0.493995],573,51.6659,[50.3024,149.468,-12.2069],[46.1038,151.634,-10.8958],[0.736496,-8.78329,7.86729],false,[112.829,144.007,36.6088],[112.829,144.007,36.6088],[86.1114,168.423,2.8614],[56.8615,165.57,-13.8361],[43.1621,147.237,-10.0234],[[[0.250474,-0.415622,-0.874369],[0.494946,0.831182,-0.25331],[0.832041,-0.369318,0.413899]],[[0.465649,-0.499844,-0.730292],[0.701191,0.711843,-0.040123],[0.539909,-0.493391,0.681956]],[[0.465649,-0.499844,-0.730292],[0.185276,0.861992,-0.47185],[0.865358,0.084411,0.493995]],[[0.465649,-0.499844,-0.730292],[-0.659188,0.354687,-0.663075],[0.590459,0.79016,-0.164332]]],0],[5731,[-0.985098,-0.126606,0.116414],573,58.2992,[-28.5125,132.47,3.20754],[-34.9843,132.232,1.21638],[4.93558,-23.3114,12.7037],false,[112.514,135.256,14.802],[43.4115,142.132,-7.48879],[1.27657,136.66,-4.53797],[-22.3279,133.626,-1.74852],[-38.9414,131.507,0.77996],[[[-0.0853528,-0.995447,-0.0424273],[0.308239,0.0141122,-0.951204],[0.947472,-0.0942657,0.305631]],[[0.130636,-0.991045,0.0276294],[-0.0651125,-0.0363843,-0.997214],[0.98929,0.128473,-0.0692825]],[[0.130636,-0.991045,0.0276294],[-0.111873,-0.0424255,-0.992816],[0.985098,0.126606,-0.116414]],[[0.130636,-0.991045,0.0276294],[-0.144485,-0.0466014,-0.988409],[0.980846,0.12513,-0.149279]]],1],[5732,[-0.995332,-0.0700594,0.0663787],573,66.4273,[-39.6179,110.715,-3.11512],[-44.1121,113.525,-3.33128],[7.03698,-18.6978,7.33109],false,[111.45,123.315,12.506],[45.6971,120.348,-8.74279],[-1.9263,116.589,-7.66407],[-29.9853,114.614,-5.79282],[-48.4876,113.425,-3.97206],[[[-0.00784933,-0.986753,0.162038],[0.310098,-0.156456,-0.937742],[0.950672,0.0428869,0.307219]],[[0.0815487,-0.978353,0.190199],[-0.00712049,-0.191401,-0.981486],[0.996644,0.0786846,-0.0225749]],[[0.0815487,-0.978353,0.190199],[-0.0516166,-0.194724,-0.979499],[0.995332,0.0700594,-0.0663787]],[[0.0815487,-0.978353,0.190199],[-0.0834878,-0.196869,-0.976869],[0.993166,0.0637831,-0.0977349]]],2],[5733,[-0.997948,0.00529587,0.063804],573,63.8716,[-30.2675,97.295,-1.37038],[-32.9508,98.8709,-0.829688],[10.8745,-20.9033,18.004],false,[110.859,111.182,13.3829],[52.8268,99.2085,-5.1956],[8.53584,98.788,-4.98194],[-18.8704,98.9334,-3.22972],[-37.287,99.2262,-1.27321],[[[0.108781,-0.955066,0.275708],[0.338892,-0.225109,-0.913498],[0.934515,0.192807,0.299177]],[[0.0103812,-0.97,0.242883],[-0.00237311,-0.24292,-0.970044],[0.999943,0.00949385,-0.00482372]],[[0.0103812,-0.97,0.242883],[-0.0631761,-0.243047,-0.967955],[0.997948,-0.00529587,-0.063804]],[[0.0103812,-0.97,0.242883],[-0.106299,-0.242591,-0.964287],[0.99428,-0.0158078,-0.105629]]],3],[5734,[-0.997443,0.02769,0.0658774],573,50.0742,[-6.4468,79.5083,5.66147],[-7.92253,81.4903,6.00639],[14.9084,-17.0286,14.2567],false,[110.401,99.6021,21.4314],[59.3926,80.697,2.85432],[24.3502,80.3396,2.04454],[5.01,80.8765,3.32188],[-11.9144,81.7949,5.49312],[[[0.15871,-0.875921,0.455602],[0.432908,-0.352991,-0.82945],[0.887357,0.328876,0.32317]],[[0.000330181,-0.920079,0.391733],[0.0252486,-0.3916,-0.919789],[0.999681,0.0101944,0.0231014]],[[0.000330181,-0.920079,0.391733],[-0.0714595,-0.390753,-0.917718],[0.997443,-0.02769,-0.0658774]],[[0.000330181,-0.920079,0.391733],[-0.137961,-0.388029,-0.911263],[0.990438,-0.0537431,-0.127063]]],4]],[[0,200,0],[235.247,235.247,147.751]]]]}