{"metadata":{"formatVersion":2,"generatedBy":"LeapJS Playback 0.2.1","frames":1,"protocolVersion":6,"serviceVersion":"2.2.5+26752","frameRate":"1.1e+2","modified":"Tue Apr 21 2015 21:10:11 GMT-0300 (E. South America Standard Time)"},"frames":[["id","timestamp",{"hands":[["id","type","direction","palmNormal","palmPosition","palmVelocity","stabilizedPalmPosition","pinchStrength","grabStrength","confidence","armBasis","armWidth","elbow","wrist"]]},{"pointables":[["id","direction","handId","length","stabilizedTipPosition","tipPosition","tipVelocity","tool","carpPosition","mcpPosition","pipPosition","dipPosition","btipPosition","bases","type"]]},{"interactionBox":["center","size"]}],[1889441,441596216635,[[573,"right",[-0.818734,-0.0899842,-0.567078],[-0.573991,0.153104,0.804421],[73.3262,112.775,7.50759],[-37.1709,14.4094,21.7048],[79.3013,104.696,3.75792],0,0.15154,0.383736,[[-0.0819172,-0.989111,-0.122269],[0.974296,-0.0536445,-0.218791],[0.20985,-0.137049,0.968081]],63.1693,[175.675,72.8166,294.88],[119.505,109.5,35.7576]]],[[5730,[-0.784818,-0.1092,-0.61003],573,51.6659,[63.8845,138.729,-22.9941],[58.3858,143.505,-16.8836],[-42.8004,37.5254,52.2854],false,[116.545,139.257,41.2917],[116.545,139.257,41.2917],[97.0952,159.889,0.73408],[70.5676,156.198,-19.8855],[55.1094,139.363,-15.8944],[[[0.347822,-0.5505,-0.758926],[0.587838,0.758649,-0.280888],[0.730387,-0.348427,0.58748]],[[0.531818,-0.624041,-0.572489],[0.750131,0.660871,-0.0235415],[0.393032,-0.416921,0.819575]],[[0.531818,-0.624041,-0.572489],[0.318168,0.773724,-0.547833],[0.784818,0.1092,0.61003]],[[0.531818,-0.624041,-0.572489],[-0.522748,0.289945,-0.801665],[0.666261,0.725607,-0.172018]]],0],[5731,[-0.971473,0.0524684,0.231273],573,58.2992,[-15.8013,133.523,-8.52669],[-23.2799,138.288,2.08344],[-41.845,3.29665,49.749],false,[118.871,127.466,21.0982],[54.6211,134.642,-12.6632],[12.4826,136.311,-6.70001],[-10.7954,137.568,-1.15837],[-26.9786,138.597,3.73421],[[[-0.151699,-0.985243,0.0792751],[0.448273,-0.140058,-0.882856],[0.880931,-0.0983911,0.462904]],[[-0.01827,-0.988878,0.147601],[-0.144234,-0.143474,-0.979087],[0.989375,-0.039177,-0.140009]],[[-0.01827,-0.988878,0.147601],[-0.236445,-0.139165,-0.961627],[0.971473,-0.0524684,-0.231273]],[[-0.01827,-0.988878,0.147601],[-0.29461,-0.135747,-0.945927],[0.955443,-0.0607667,-0.288854]]],1],[5732,[-0.990178,-0.0114177,0.139346],573,66.4273,[-28.8306,109.055,2.54286],[-34.0582,111.354,1.08664],[-38.593,1.25008,11.5811],false,[117.281,115.39,20.2953],[55.445,112.818,-10.5835],[7.94687,111.634,-5.5019],[-19.9669,111.312,-1.57364],[-38.3532,111.264,1.42654],[[[-0.105469,-0.951068,0.290423],[0.435405,-0.306735,-0.846367],[0.894035,0.037186,0.446451]],[[0.0625317,-0.927586,0.368339],[-0.0895171,-0.372786,-0.923589],[0.99402,0.024781,-0.106346]],[[0.0625317,-0.927586,0.368339],[-0.12505,-0.373434,-0.919189],[0.990178,0.0114177,-0.139346]],[[0.0625317,-0.927586,0.368339],[-0.14843,-0.3736,-0.915637],[0.986944,0.0025838,-0.161044]]],2],[5733,[-0.997412,0.0482433,0.0533024],573,63.8716,[-21.0956,90.0929,-1.03015],[-25.4165,95.1817,-0.924962],[-33.604,16.726,20.8862],false,[115.664,103.56,22.6964],[60.368,92.0716,-3.12212],[16.0931,93.3076,-2.78252],[-11.2984,94.6325,-1.3187],[-29.7195,95.7799,0.239672],[[[-0.00527536,-0.909383,0.415927],[0.455035,-0.372559,-0.808791],[0.890458,0.184995,0.415766]],[[-0.0223517,-0.912763,0.407877],[-0.0183793,-0.407534,-0.913005],[0.999581,-0.0279037,-0.00766688]],[[-0.0223517,-0.912763,0.407877],[-0.0683297,-0.40563,-0.91148],[0.997412,-0.0482433,-0.0533024]],[[-0.0223517,-0.912763,0.407877],[-0.102063,-0.403764,-0.909152],[0.994527,-0.0619501,-0.0841342]]],3],[5734,[-0.997433,0.0710577,0.00882727],573,50.0742,[-0.661946,72.8324,8.90756],[-3.12995,77.9068,6.97278],[-30.9733,14.4702,14.7984],false,[113.14,93.309,32.0573],[64.2519,74.6047,8.29757],[29.2533,75.96,6.87926],[9.91327,77.3378,7.05042],[-7.08687,78.9155,7.75751],[[[0.0227089,-0.807718,0.589132],[0.525545,-0.491648,-0.694323],[0.850462,0.325383,0.413328]],[[-0.0545477,-0.833909,0.5492],[0.0125073,-0.550547,-0.834711],[0.998433,-0.0386625,0.040461]],[[-0.0545477,-0.833909,0.5492],[-0.046386,-0.547309,-0.835644],[0.997433,-0.0710577,-0.00882727]],[[-0.0545477,-0.833909,0.5492],[-0.0852133,-0.544125,-0.834666],[0.994868,-0.0923282,-0.0413793]]],4]],[[0,200,0],[235.247,235.247,147.751]]]]}