{"metadata":{"formatVersion":2,"generatedBy":"LeapJS Playback 0.2.1","frames":1,"protocolVersion":6,"serviceVersion":"2.2.5+26752","frameRate":"1.1e+2","modified":"Tue Apr 21 2015 21:08:34 GMT-0300 (E. South America Standard Time)"},"frames":[["id","timestamp",{"hands":[["id","type","direction","palmNormal","palmPosition","palmVelocity","stabilizedPalmPosition","pinchStrength","grabStrength","confidence","armBasis","armWidth","elbow","wrist"]]},{"pointables":[["id","direction","handId","length","stabilizedTipPosition","tipPosition","tipVelocity","tool","carpPosition","mcpPosition","pipPosition","dipPosition","btipPosition","bases","type"]]},{"interactionBox":["center","size"]}],[1878094,441496037314,[[566,"right",[-0.986745,0.161683,-0.0138706],[0.0150325,0.17618,0.984243],[-65.6578,107.576,6.60955],[-41.5434,27.2831,30.6359],[-65.0781,104.079,3.85792],0,0,0.22774,[[0.00940296,-0.972287,0.233601],[0.308643,-0.219383,-0.925533],[0.951131,0.0808021,0.298027]],63.72,[243.135,112.499,84.9175],[-13.6702,90.682,4.45033]]],[[5660,[-0.946352,0.293632,-0.134896],566,52.1164,[-82.2197,147.563,-16.423],[-85.5976,151.404,-7.04482],[-62.3418,33.3252,75.1427],false,[-5.52493,119.712,10.1024],[-5.52493,119.712,10.1024],[-39.5694,149.768,-10.6194],[-71.8359,159.78,-15.2187],[-89.8262,149.202,-4.62714],[[[-0.271011,-0.516754,-0.812108],[0.508407,0.639557,-0.576619],[0.817359,-0.569151,0.0893946]],[[-0.0850395,-0.629055,-0.772695],[0.726378,0.491688,-0.480227],[0.682014,-0.602107,0.415119]],[[-0.0850395,-0.629055,-0.772695],[0.311745,0.719771,-0.620278],[0.946352,-0.293632,0.134896]],[[-0.0850395,-0.629055,-0.772695],[-0.633933,0.632455,-0.445117],[0.768698,0.451985,-0.452563]]],0],[5661,[-0.861513,0.143703,0.486975],566,58.8075,[-157.555,149.101,16.4603],[-156.997,146.907,35.6025],[-30.3431,-10.3861,127.16],false,[-17.6807,110.166,-7.86959],[-86.3149,135.547,-0.276386],[-125.378,141.327,16.649],[-146.201,144.8,28.4193],[-160.221,147.353,37.8451],[[[-0.324962,-0.930057,0.171444],[-0.155138,-0.126403,-0.979773],[0.932916,-0.344986,-0.103211]],[[-0.0849936,-0.986395,0.140715],[-0.40753,-0.0944583,-0.908293],[0.909228,-0.134545,-0.393957]],[[-0.0849936,-0.986395,0.140715],[-0.500571,-0.0798381,-0.862006],[0.861513,-0.143703,-0.486975]],[[-0.0849936,-0.986395,0.140715],[-0.565199,-0.0685766,-0.822099],[0.820565,-0.149405,-0.551681]]],1],[5662,[-0.77368,0.239409,0.586602],566,67.0064,[-163.69,139.084,35.3161],[-161.925,134.918,53.0043],[-17.3637,-20.4823,118.219],false,[-22.4527,98.8254,-7.38832],[-90.0155,113.799,1.47837],[-129.428,124.605,27.0353],[-151.429,131.413,43.7162],[-165.351,136.095,55.4374],[[[-0.164693,-0.932848,0.320422],[-0.187324,-0.289364,-0.938711],[0.968394,-0.214622,-0.127088]],[[-0.0624943,-0.950181,0.30537],[-0.572266,-0.21656,-0.790957],[0.817683,-0.224183,-0.530223]],[[-0.0624943,-0.950181,0.30537],[-0.630487,-0.1996,-0.750098],[0.77368,-0.239409,-0.586602]],[[-0.0624943,-0.950181,0.30537],[-0.668754,-0.187255,-0.719516],[0.740852,-0.249183,-0.623735]]],2],[5663,[-0.804396,0.276103,0.526036],566,64.4285,[-158.325,109.198,46.076],[-158.19,112.962,49.8544],[-11.3568,47.2813,71.076],false,[-25.4291,87.3371,-4.21214],[-87.1815,91.5354,5.42031],[-125.02,102.931,26.268],[-147.304,110.58,40.8403],[-161.726,115.996,51.4116],[[[-0.00579815,-0.929779,0.368073],[-0.167646,-0.361966,-0.916992],[0.98583,-0.0670228,-0.153775]],[[-0.070197,-0.923413,0.377334],[-0.527108,-0.286808,-0.799937],[0.846894,-0.255049,-0.466605]],[[-0.070197,-0.923413,0.377334],[-0.589932,-0.2666,-0.762171],[0.804396,-0.276103,-0.526036]],[[-0.070197,-0.923413,0.377334],[-0.631847,-0.25155,-0.733138],[0.771908,-0.289882,-0.565798]]],3],[5664,[-0.868356,0.297087,0.397111],566,50.5107,[-141.545,87.3886,40.7289],[-142.073,90.1971,39.6763],[-9.54574,57.2684,36.5438],false,[-24.9284,76.7368,5.27156],[-82.1922,72.2171,13.1912],[-114.21,81.4783,24.9953],[-131.194,87.289,32.7624],[-145.649,92.8186,40.3523],[[[0.13612,-0.858613,0.494222],[-0.0787479,-0.506664,-0.85854],[0.987558,0.0779455,-0.136581]],[[-0.0594405,-0.857295,0.511382],[-0.420134,-0.44322,-0.791861],[0.905513,-0.261918,-0.333834]],[[-0.0594405,-0.857295,0.511382],[-0.492367,-0.420457,-0.762096],[0.868356,-0.297087,-0.397111]],[[-0.0594405,-0.857295,0.511382],[-0.541547,-0.402654,-0.737968],[0.838567,-0.320802,-0.440332]]],4]],[[0,200,0],[235.247,235.247,147.751]]]]}