{"metadata":{"formatVersion":2,"generatedBy":"LeapJS Playback 0.2.1","frames":1,"protocolVersion":6,"serviceVersion":"2.2.5+26752","frameRate":"1.1e+2","modified":"Tue Apr 21 2015 21:10:51 GMT-0300 (E. South America Standard Time)"},"frames":[["id","timestamp",{"hands":[["id","type","direction","palmNormal","palmPosition","palmVelocity","stabilizedPalmPosition","pinchStrength","grabStrength","confidence","armBasis","armWidth","elbow","wrist"]]},{"pointables":[["id","direction","handId","length","stabilizedTipPosition","tipPosition","tipVelocity","tool","carpPosition","mcpPosition","pipPosition","dipPosition","btipPosition","bases","type"]]},{"interactionBox":["center","size"]}],[1896610,441659496442,[[577,"right",[-0.22068,0.755167,-0.61727],[0.128398,-0.604872,-0.785903],[4.3123,88.619,44.3719],[-3.56374,-1.78415,0.543058],[7.5719,86.8292,44.4843],0.416012,0,0.766234,[[0.979287,0.150539,0.135405],[-0.199203,0.836081,0.511161],[-0.0362594,-0.527547,0.848752]],63.72,[13.2544,-90.0585,309.984],[23.0445,52.3792,80.8212]]],[[5770,[0.223402,0.363751,-0.90431],577,52.1164,[2.72199,68.2428,-14.0177],[2.49646,71.0288,-10.5234],[-5.87597,5.71866,-3.86326],false,[-2.37693,36.0587,75.4869],[-2.37693,36.0587,75.4869],[-18.0826,54.5993,31.8824],[-10.4655,67.0016,1.04944],[5.91074,72.832,-14.6207],[[[0.231156,0.790053,0.567788],[-0.749419,-0.227571,0.621757],[0.620433,-0.569234,0.539477]],[[0.0349395,0.924173,0.380372],[-0.948571,-0.0891565,0.303751],[0.314632,-0.371423,0.873528]],[[0.0349395,0.924173,0.380372],[-0.9741,0.116572,-0.193753],[-0.223402,-0.363751,0.90431]],[[0.0349395,0.924173,0.380372],[-0.713549,0.289554,-0.637971],[-0.699734,-0.249124,0.66956]]],0],[5771,[-0.0850512,0.634799,-0.767982],577,58.8075,[-31.3239,153.7,-30.0929],[-32.7244,153.919,-29.6398],[-1.10945,0.716032,1.69491],false,[0.549118,58.0047,83.9543],[-25.6884,102.479,31.5512],[-29.6299,130.877,-0.446206],[-31.6856,146.22,-19.0086],[-33.0469,156.702,-32.4323],[[[0.916079,0.375896,-0.139643],[-0.18333,0.702318,0.687852],[0.356635,-0.604526,0.712292]],[[0.978202,0.199743,0.0567717],[-0.186289,0.723335,0.664893],[0.091743,-0.660976,0.744778]],[[0.978202,0.199743,0.0567717],[-0.189438,0.746413,0.637951],[0.0850512,-0.634799,0.767982]],[[0.978202,0.199743,0.0567717],[-0.191762,0.764025,0.61603],[0.0796729,-0.613489,0.785674]]],1],[5772,[-0.113148,0.540095,-0.833963],577,67.0064,[-15.4429,157.242,-38.9364],[-15.3207,159.837,-42.7012],[-0.143594,1.2352,2.28464],false,[11.1856,64.135,83.0046],[-4.69622,109.435,32.3759],[-10.2275,137.388,-6.49984],[-13.445,152.746,-30.2148],[-15.5445,162.301,-46.2597],[[[0.973581,0.165494,-0.157328],[-0.0179422,0.742314,0.669812],[0.227637,-0.649293,0.725672]],[[0.992926,0.0918706,-0.0752174],[-0.0304771,0.809471,0.586368],[0.114756,-0.579928,0.806545]],[[0.992926,0.0918706,-0.0752174],[-0.0359921,0.836574,0.54667],[0.113148,-0.540095,0.833963]],[[0.992926,0.0918706,-0.0752174],[-0.040197,0.856181,0.51511],[0.111723,-0.508443,0.853817]]],2],[5773,[0.0570699,-0.803095,0.593112],577,64.4285,[11.8304,44.7148,18.9506],[17.7519,55.5872,31.3222],[-2.0607,-1.10011,2.55009],false,[22.8845,67.3592,81.0891],[17.8579,110.086,35.5597],[14.8302,81.8785,1.0425],[16.4111,59.6311,17.4729],[18.0567,54.455,35.35],[[[0.995032,0.0117087,-0.0988676],[0.0589273,0.731165,0.679651],[0.0802464,-0.682101,0.726842]],[[0.995885,0.00390142,-0.0905426],[-0.0601762,0.775505,-0.628467],[0.0677643,0.631329,0.772549]],[[0.995885,0.00390142,-0.0905426],[-0.0704003,-0.595838,-0.800013],[-0.0570699,0.803095,-0.593112]],[[0.995885,0.00390142,-0.0905426],[-0.0213504,-0.960852,-0.276237],[-0.0880757,0.277033,-0.956815]]],3],[5774,[0.0129155,-0.846647,0.531998],577,50.5107,[26.9975,55.0685,23.8899],[33.1555,65.3678,30.9019],[-2.64452,-1.10785,1.59674],false,[35.8502,64.0744,76.2251],[38.8932,106.197,36.4924],[30.9395,86.6861,8.09656],[31.1922,70.1267,18.5018],[33.7401,64.0377,34.4247],[[[0.974126,-0.188287,-0.125009],[0.21983,0.660931,0.717527],[-0.0524789,-0.726442,0.685221]],[[0.974141,-0.10937,-0.197706],[-0.0212625,0.826774,-0.562132],[0.224939,0.551799,0.803069]],[[0.974141,-0.10937,-0.197706],[-0.225572,-0.520794,-0.823341],[-0.0129155,0.846647,-0.531998]],[[0.974141,-0.10937,-0.197706],[-0.170874,-0.929111,-0.327954],[-0.147823,0.353257,-0.923774]]],4]],[[0,200,0],[235.247,235.247,147.751]]]]}