{"metadata":{"formatVersion":2,"generatedBy":"LeapJS Playback 0.2.1","frames":1,"protocolVersion":6,"serviceVersion":"2.2.5+26752","frameRate":"1.1e+2","modified":"Tue Apr 21 2015 21:11:13 GMT-0300 (E. South America Standard Time)"},"frames":[["id","timestamp",{"hands":[["id","type","direction","palmNormal","palmPosition","palmVelocity","stabilizedPalmPosition","pinchStrength","grabStrength","confidence","armBasis","armWidth","elbow","wrist"]]},{"pointables":[["id","direction","handId","length","stabilizedTipPosition","tipPosition","tipVelocity","tool","carpPosition","mcpPosition","pipPosition","dipPosition","btipPosition","bases","type"]]},{"interactionBox":["center","size"]}],[1897122,441664032706,[[577,"right",[-0.177848,0.662476,-0.727665],[-0.0823773,-0.74688,-0.659836],[-103.971,91.9276,67.3638],[-35.1776,39.6897,-13.3995],[-102.264,90.1839,68.7046],1,0,0.2804,[[0.921616,0.183049,-0.342225],[0.0708786,0.787571,0.612134],[0.381577,-0.588408,0.712864]],63.72,[16.4889,-99.0523,300.553],[-86.5369,59.818,108.08]]],[[5770,[0.156323,0.20302,-0.966616],577,52.1164,[-114.859,66.4245,34.7593],[-117.785,67.9803,34.2552],[-68.3991,33.4317,12.8311],false,[-114.773,47.8481,108.786],[-114.773,47.8481,108.786],[-140.898,66.3393,70.4803],[-135.568,73.2614,37.523],[-113.313,67.0402,33.8184],[[[0.433569,0.820401,0.372774],[-0.682936,0.0292732,0.729891],[0.587891,-0.571039,0.572973]],[[0.298382,0.923216,0.24216],[-0.798158,0.102233,0.59371],[0.523365,-0.370434,0.767377]],[[0.298382,0.923216,0.24216],[-0.941558,0.326276,-0.0837422],[-0.156323,-0.20302,0.966616]],[[0.298382,0.923216,0.24216],[-0.0817677,0.277511,-0.957237],[-0.950938,0.265821,0.158293]]],0],[5771,[-0.163253,0.482102,-0.860771],577,58.8075,[-144.113,148.542,-11.66],[-145.781,149.116,-12.7511],[-42.8683,-5.72165,-39.4159],false,[-107.156,70.0039,112.39],[-132.79,108.666,55.2883],[-139.775,130.575,18.998],[-143.72,142.228,-1.80715],[-146.517,150.082,-16.7204],[[[0.936822,0.167823,-0.30692],[0.0310348,0.834064,0.550794],[0.348427,-0.525521,0.776161]],[[0.986411,0.0633933,-0.151576],[0.0237491,0.857861,0.513333],[0.162573,-0.509957,0.844698]],[[0.986411,0.0633933,-0.151576],[0.0185079,0.873819,0.485899],[0.163253,-0.482102,0.860771]],[[0.986411,0.0633933,-0.151576],[0.0143488,0.885801,0.463844],[0.163671,-0.459716,0.872853]]],1],[5772,[-0.280636,0.429301,-0.858454],577,67.0064,[-134.705,152.312,-24.0056],[-135.918,152.836,-24.7457],[-60.1711,-15.354,-39.7483],false,[-95.8976,73.7776,109.132],[-111.035,111.617,52.5054],[-124.277,133.846,11.8383],[-132.257,146.054,-12.5731],[-137.612,153.649,-28.9063],[[[0.956174,-0.0493824,-0.288606],[0.196611,0.838689,0.507883],[0.21697,-0.542367,0.811641]],[[0.94618,-0.0264798,-0.322557],[0.171097,0.886912,0.429083],[0.274718,-0.461178,0.843709]],[[0.94618,-0.0264798,-0.322557],[0.161206,0.902773,0.398765],[0.280636,-0.429301,0.858454]],[[0.94618,-0.0264798,-0.322557],[0.153378,0.914307,0.374857],[0.28499,-0.404155,0.86916]]],2],[5773,[-0.0971279,-0.897159,0.430896],577,64.4285,[-96.2316,56.0691,43.4355],[-101.389,57.1792,41.3354],[-52.4581,21.2013,6.13641],false,[-84.2096,74.3739,105.395],[-88.457,108.599,53.1037],[-100.411,87.3445,15.6653],[-103.101,62.4914,27.602],[-101.064,55.4608,44.7924],[[[0.960121,-0.191741,-0.20348],[0.271239,0.815301,0.51158],[0.0678066,-0.54637,0.834794]],[[0.960783,-0.197503,-0.194647],[0.0729004,0.857148,-0.509885],[0.267546,0.4757,0.837932]],[[0.960783,-0.197503,-0.194647],[-0.259733,-0.395092,-0.881159],[0.0971279,0.897159,-0.430896]],[[0.960783,-0.197503,-0.194647],[-0.254959,-0.905206,-0.339996],[-0.109046,0.37629,-0.920062]]],3],[5774,[-0.240987,-0.886535,0.394944],577,50.5107,[-80.2923,62.8626,44.5475],[-85.2259,64.4937,42.8298],[-49.4617,19.9172,-6.16237],false,[-72.7561,67.9239,99.9388],[-68.4159,101.079,52.566],[-81.4201,87.622,22.5649],[-86.1335,70.2824,30.2895],[-85.0309,62.7618,45.7599],[[[0.903412,-0.385746,-0.187206],[0.422189,0.724058,0.545433],[-0.0748506,-0.571787,0.81698]],[[0.906261,-0.351175,-0.235304],[0.208408,0.855472,-0.474062],[0.367774,0.380584,0.848468]],[[0.906261,-0.351175,-0.235304],[-0.347299,-0.301217,-0.88806],[0.240987,0.886535,-0.394944]],[[0.906261,-0.351175,-0.235304],[-0.417852,-0.828438,-0.372949],[-0.0639644,0.436311,-0.89752]]],4]],[[0,200,0],[235.247,235.247,147.751]]]]}