{"metadata":{"formatVersion":2,"generatedBy":"LeapJS Playback 0.2.1","frames":1,"protocolVersion":6,"serviceVersion":"2.2.5+26752","frameRate":"1.1e+2","modified":"Tue Apr 21 2015 21:12:12 GMT-0300 (E. South America Standard Time)"},"frames":[["id","timestamp",{"hands":[["id","type","direction","palmNormal","palmPosition","palmVelocity","stabilizedPalmPosition","pinchStrength","grabStrength","confidence","armBasis","armWidth","elbow","wrist"]]},{"pointables":[["id","direction","handId","length","stabilizedTipPosition","tipPosition","tipVelocity","tool","carpPosition","mcpPosition","pipPosition","dipPosition","btipPosition","bases","type"]]},{"interactionBox":["center","size"]}],[1896570,441659149526,[[577,"right",[-0.220168,0.761048,-0.61019],[0.114915,-0.600948,-0.790984],[6.89466,89.1662,43.3183],[-5.56907,5.25893,6.32952],[8.04281,86.4528,44.5448],0.518686,0,0.744874,[[0.980122,0.131217,0.148807],[-0.189294,0.843088,0.50336],[-0.0594081,-0.521522,0.851167]],63.72,[9.63105,-88.2832,309.159],[25.6712,52.5277,79.3437]]],[[5770,[0.260815,0.350102,-0.899669],577,52.1164,[2.63771,67.8053,-14.7168],[5.79149,69.7274,-9.27179],[-4.87589,-1.09323,8.699],false,[0.0508305,36.4695,74.1678],[0.0508305,36.4695,74.1678],[-17.9193,54.272,31.134],[-9.0267,66.2089,0.45921],[10.6246,70.3275,-11.5654],[[[0.244045,0.784303,0.570361],[-0.745047,-0.224844,0.627973],[0.620763,-0.578199,0.52947]],[[0.0321974,0.928251,0.370558],[-0.932398,-0.105643,0.34565],[0.359997,-0.356637,0.862098]],[[0.0321974,0.928251,0.370558],[-0.964852,0.125614,-0.23083],[-0.260815,-0.350102,0.899669]],[[0.0321974,0.928251,0.370558],[-0.542141,0.32769,-0.773759],[-0.83967,-0.175982,0.513794]]],0],[5771,[-0.0843686,0.622182,-0.778313],577,58.8075,[-31.1965,153.595,-30.1286],[-30.1288,154.071,-30.9085],[-5.58678,3.05079,3.99627],false,[3.26061,58.3337,82.7431],[-23.1095,103.376,30.8942],[-27.0409,131.402,-1.42951],[-29.0801,146.441,-20.2416],[-30.4239,156.653,-33.8731],[[[0.917951,0.368583,-0.146669],[-0.169966,0.699507,0.694119],[0.358437,-0.612239,0.70476]],[[0.980343,0.191638,0.0469267],[-0.174796,0.733289,0.657064],[0.0915078,-0.652351,0.752373]],[[0.980343,0.191638,0.0469267],[-0.178352,0.759055,0.62612],[0.0843686,-0.622182,0.778313]],[[0.980343,0.191638,0.0469267],[-0.180945,0.778461,0.601046],[0.0786528,-0.597723,0.797835]]],1],[5772,[-0.122039,0.535264,-0.835822],577,67.0064,[-15.6442,156.696,-38.0371],[-13.5672,160.3,-43.553],[-3.83441,0.42338,1.9129],false,[13.9415,64.3748,81.723],[-2.04822,110.138,31.5472],[-7.98425,137.933,-7.38212],[-11.4546,153.154,-31.1499],[-13.7279,162.597,-47.2374],[[[0.973373,0.157793,-0.166272],[-0.00441786,0.738139,0.674635],[0.229185,-0.655937,0.719181]],[[0.992203,0.0872682,-0.0889853],[-0.0191691,0.812316,0.582902],[0.123153,-0.576651,0.807655]],[[0.992203,0.0872682,-0.0889853],[-0.0253101,0.840165,0.54174],[0.122039,-0.535264,0.835822]],[[0.992203,0.0872682,-0.0889853],[-0.0299952,0.860172,0.509121],[0.120973,-0.502482,0.856082]]],2],[5773,[0.0584741,-0.804926,0.590487],577,64.4285,[11.1561,43.5613,17.6993],[20.0448,55.8927,30.2188],[-8.17972,4.33038,6.3263],false,[25.6488,67.5065,79.7078],[20.5421,110.567,34.5031],[16.9208,82.2811,0.107682],[18.5406,59.9831,16.4654],[20.3588,54.6437,34.2776],[[[0.994035,0.00345092,-0.109007],[0.0724447,0.72624,0.683613],[0.0815244,-0.687433,0.721658]],[[0.99474,-0.00284881,-0.102389],[-0.0626285,0.774074,-0.62999],[0.0810516,0.633089,0.769824]],[[0.99474,-0.00284881,-0.102389],[-0.084098,-0.593369,-0.800526],[-0.0584741,0.804926,-0.590487]],[[0.99474,-0.00284881,-0.102389],[-0.031976,-0.958293,-0.283992],[-0.09731,0.285773,-0.953344]]],3],[5774,[0.0105444,-0.845996,0.533084],577,50.5107,[26.3342,54.0634,23.2656],[35.3835,65.5017,29.7439],[-7.03338,3.9219,6.04151],false,[38.5341,64.1372,74.6903],[41.5501,106.485,35.1952],[33.151,86.8105,7.04118],[33.3573,70.2639,17.4677],[35.9789,64.0378,33.3255],[[[0.971064,-0.196179,-0.136195],[0.233087,0.65433,0.71939],[-0.0520127,-0.730319,0.681123]],[[0.971153,-0.118344,-0.207019],[-0.0209598,0.822434,-0.568474],[0.237535,0.556415,0.796228]],[[0.971153,-0.118344,-0.207019],[-0.238225,-0.519889,-0.820344],[-0.0105444,0.845996,-0.533084]],[[0.971153,-0.118344,-0.207019],[-0.183653,-0.924944,-0.332791],[-0.152097,0.361211,-0.919996]]],4]],[[0,200,0],[235.247,235.247,147.751]]]]}