{"metadata":{"formatVersion":2,"generatedBy":"LeapJS Playback 0.2.1","frames":1,"protocolVersion":6,"serviceVersion":"2.2.5+26752","frameRate":"1.1e+2","modified":"Tue Apr 21 2015 21:12:38 GMT-0300 (E. South America Standard Time)"},"frames":[["id","timestamp",{"hands":[["id","type","direction","palmNormal","palmPosition","palmVelocity","stabilizedPalmPosition","pinchStrength","grabStrength","confidence","armBasis","armWidth","elbow","wrist"]]},{"pointables":[["id","direction","handId","length","stabilizedTipPosition","tipPosition","tipVelocity","tool","carpPosition","mcpPosition","pipPosition","dipPosition","btipPosition","bases","type"]]},{"interactionBox":["center","size"]}],[1909536,441773585740,[[585,"left",[0.0994828,0.309339,-0.945734],[0.162101,-0.94279,-0.291325],[66.2643,90.0556,65.3664],[66.3221,18.3172,4.48747],[66.2442,90.0482,65.3658],0.812913,0,0.53376,[[-0.88619,-0.0682292,-0.458271],[-0.143483,0.980888,0.131423],[-0.440546,-0.18222,0.879042]],61.5841,[-61.7975,29.3815,344.266],[53.1628,76.9317,114.88]]],[[5850,[-0.393177,-0.35113,-0.849777],585,50.3694,[63.3446,43.5605,33.5636],[68.9025,44.4349,35.8231],[65.6467,17.9146,43.541],false,[81.5753,69.4932,118.933],[81.5753,69.4932,118.933],[94.3928,63.1642,72.8549],[81.4366,51.5935,44.8525],[63.6364,42.4297,34.3261],[[[-0.520628,0.853592,0.018106],[0.678785,0.400959,0.615209],[-0.517878,-0.332585,0.788156]],[[-0.340368,0.914135,-0.220241],[0.901978,0.383597,0.198214],[-0.265678,0.131187,0.955094]],[[-0.340368,0.914135,-0.220241],[0.854144,0.202643,-0.47893],[0.393177,0.35113,0.849776]],[[-0.340368,0.914135,-0.220241],[0.514642,-0.0149203,-0.857275],[0.786952,0.405134,0.465374]]],0],[5851,[0.0321178,0.589318,-0.807262],585,56.8363,[94.3489,149.258,-15.2327],[93.633,149.235,-15.2276],[82.2881,-4.00809,-9.10405],false,[71.888,89.54,113.536],[92.0847,102.507,46.6053],[93.1383,128.421,14.1795],[93.8885,142.188,-4.67827],[94.5219,151.366,-18.391],[[[-0.951106,-0.0706195,-0.300683],[-0.121308,0.980692,0.153388],[-0.284045,-0.182363,0.941309]],[[-0.987851,-0.104154,-0.115337],[-0.15332,0.774363,0.613885],[-0.0253744,-0.62411,0.780924]],[[-0.987851,-0.104154,-0.115337],[-0.15205,0.801159,0.578813],[-0.0321178,-0.589318,0.807262]],[[-0.987851,-0.104154,-0.115337],[-0.150597,0.824763,0.545056],[-0.0383563,-0.555803,0.830429]]],1],[5852,[0.152513,0.557661,-0.815937],585,64.7604,[83.544,152.348,-26.8746],[83.1381,152.667,-26.6851],[81.6635,-9.3256,-11.7591],false,[60.6533,90.4259,109.712],[70.8598,101.862,44.0483],[77.0303,129.767,7.26038],[81.2219,145.093,-15.1642],[84.3194,154.507,-30.3843],[[[-0.946028,-0.260751,-0.192458],[-0.286564,0.950393,0.120974],[-0.151366,-0.169597,0.97382]],[[-0.914398,-0.23363,-0.330594],[-0.382532,0.765889,0.516802],[-0.132458,-0.599025,0.789698]],[[-0.914398,-0.23363,-0.330594],[-0.374987,0.796512,0.474293],[-0.152513,-0.557661,0.815937]],[[-0.914398,-0.23363,-0.330594],[-0.367134,0.822666,0.434089],[-0.170552,-0.518303,0.838018]]],2],[5853,[0.114931,-0.515511,0.84914],585,62.2688,[65.1109,47.1676,66.5984],[66.0467,47.8093,67.5933],[74.4554,18.4713,20.6691],false,[49.3466,88.3066,106.772],[49.5029,97.3071,46.9043],[64.8057,60.4403,30.4318],[67.8828,46.6383,53.1662],[65.8334,47.7242,71.0744],[[[-0.933679,-0.353764,-0.0556229],[-0.358101,0.923444,0.137897],[-0.0025818,-0.14867,0.988884]],[[-0.93317,-0.349086,-0.0856247],[-0.0600617,0.386316,-0.920409],[-0.35438,0.853756,0.381465]],[[-0.93317,-0.349086,-0.0856247],[0.340564,-0.782552,-0.521181],[-0.114931,0.515511,-0.84914]],[[-0.93317,-0.349086,-0.0856247],[0.341046,-0.935159,0.0957354],[0.113493,-0.0601355,-0.991717]]],3],[5854,[0.312062,-0.463372,0.829399],585,48.8176,[51.4258,53.441,64.3672],[52.5542,54.0466,65.1677],[73.5213,14.775,14.2743],false,[39.017,79.3688,105.152],[31.0627,88.6112,50.4535],[46.6542,61.7868,36.1283],[52.5532,53.0276,51.8066],[52.6906,53.8951,68.4424],[[[-0.855614,-0.516277,0.0371887],[-0.497774,0.840392,0.214387],[0.141936,-0.164921,0.976041]],[[-0.856077,-0.51573,0.0339693],[-0.242851,0.343357,-0.907265],[-0.45624,0.784938,0.419186]],[[-0.856077,-0.51573,0.0339693],[0.412006,-0.72063,-0.557623],[-0.312062,0.463373,-0.829399]],[[-0.856077,-0.51573,0.0339693],[0.516782,-0.855167,0.040327],[-0.00825159,-0.0520777,-0.998609]]],4]],[[0,200,0],[235.247,235.247,147.751]]]]}