{"metadata":{"formatVersion":2,"generatedBy":"LeapJS Playback 0.2.1","frames":1,"protocolVersion":6,"serviceVersion":"2.2.5+26752","frameRate":"1.1e+2","modified":"Tue Apr 21 2015 21:13:06 GMT-0300 (E. South America Standard Time)"},"frames":[["id","timestamp",{"hands":[["id","type","direction","palmNormal","palmPosition","palmVelocity","stabilizedPalmPosition","pinchStrength","grabStrength","confidence","armBasis","armWidth","elbow","wrist"]]},{"pointables":[["id","direction","handId","length","stabilizedTipPosition","tipPosition","tipVelocity","tool","carpPosition","mcpPosition","pipPosition","dipPosition","btipPosition","bases","type"]]},{"interactionBox":["center","size"]}],[1909626,441774383556,[[585,"left",[0.0305604,0.222967,-0.974347],[0.18756,-0.958765,-0.213518],[97.0564,96.4389,65.0887],[116.843,18.1971,6.7256],[96.7984,96.421,65.0642],0.835502,0,0.398578,[[-0.822351,-0.0810674,-0.563176],[-0.184229,0.974415,0.128747],[-0.53833,-0.209628,0.816245]],61.5841,[-53.0316,32.8047,329.306],[87.4454,87.5071,116.307]]],[[5850,[-0.422503,-0.409857,-0.808399],585,50.3694,[91.1052,51.134,41.2076],[96.1131,52.1677,41.3797],[81.4419,20.7637,-5.69065],false,[116.352,81.6175,119.261],[116.352,81.6175,119.261],[123.899,74.2484,72.1832],[109.976,60.7425,45.5443],[91.0514,49.693,39.9415],[[[-0.55686,0.830142,-0.0277688],[0.694322,0.483581,0.532978],[-0.455876,-0.277514,0.845673]],[[-0.446602,0.870265,-0.20781],[0.880955,0.468303,0.0679064],[-0.156415,0.152744,0.975809]],[[-0.446602,0.870265,-0.20781],[0.788694,0.273232,-0.550732],[0.422503,0.409857,0.808399]],[[-0.446602,0.870265,-0.20781],[0.317082,-0.0632436,-0.946287],[0.836664,0.488506,0.247701]]],0],[5851,[-0.00257791,0.555947,-0.831214],585,56.8363,[119.208,151.958,-20.3553],[121.191,151.944,-20.2427],[130.043,12.269,10.7298],false,[105.471,100.668,112.665],[121.159,108.092,43.7119],[120.78,132.411,10.0589],[120.719,145.398,-9.35843],[120.779,154.104,-23.39],[[[-0.962709,-0.136285,-0.233705],[-0.156564,0.985153,0.070444],[-0.220635,-0.104407,0.969752]],[[-0.984009,-0.149452,-0.0969076],[-0.177886,0.796634,0.577695],[0.009138,-0.585695,0.81048]],[[-0.984009,-0.149452,-0.0969076],[-0.178102,0.817671,0.547442],[0.00257791,-0.555947,0.831214]],[[-0.984009,-0.149452,-0.0969076],[-0.178084,0.836497,0.518226],[-0.00361279,-0.527197,0.849735]]],1],[5852,[0.146787,0.530704,-0.834749],585,64.7604,[111.305,154.362,-30.2409],[111.358,154.13,-30.4283],[151.533,19.1632,12.573],false,[94.0056,100.744,109.477],[99.8729,106.366,42.5393],[105.671,133.013,4.77085],[109.705,147.599,-18.1707],[112.74,156.52,-33.6973],[[[-0.942776,-0.315072,-0.109101],[-0.321873,0.945398,0.0511929],[-0.0870145,-0.0833801,0.992712]],[[-0.895797,-0.28659,-0.339725],[-0.426679,0.76855,0.476735],[-0.124469,-0.572011,0.810747]],[[-0.895797,-0.28659,-0.339725],[-0.419524,0.797633,0.433336],[-0.146787,-0.530705,0.834749]],[[-0.895797,-0.28659,-0.339725],[-0.411868,0.822562,0.392117],[-0.167068,-0.49118,0.854886]]],2],[5853,[0.196651,-0.429087,0.881597],585,62.2688,[95.5384,53.4524,70.1123],[99.2418,54.3703,70.6708],[104.274,17.3327,5.91993],false,[82.6556,97.9104,107.446],[78.9451,101.254,47.1117],[94.8135,63.6393,33.0404],[100.079,52.1512,56.6438],[99.2048,54.821,74.4817],[[[-0.91834,-0.394274,0.0346271],[-0.391017,0.917332,0.0748867],[0.0612904,-0.0552316,0.996591]],[[-0.919421,-0.393034,0.0137918],[-0.140088,0.294534,-0.945317],[-0.367479,0.871076,0.32586]],[[-0.919421,-0.393034,0.0137918],[0.340579,-0.81327,-0.471802],[-0.196651,0.429087,-0.881597]],[[-0.919421,-0.393034,0.0137918],[0.390288,-0.90756,0.154952],[0.0483845,-0.147849,-0.987826]]],3],[5854,[0.384001,-0.379149,0.841896],585,48.8176,[80.962,58.5944,67.9965],[85.0742,59.7227,68.4875],[106.256,20.21,-0.0146708],false,[72.6654,88.4564,107.289],[61.1538,92.2031,52.5711],[77.0007,64.8735,39.5394],[84.2596,57.7063,55.4539],[85.3857,60.0156,71.9136],[[[-0.827759,-0.54413,0.136886],[-0.522131,0.836333,0.167111],[0.205413,-0.066855,0.976389]],[[-0.828571,-0.54386,0.132995],[-0.313751,0.254291,-0.91482],[-0.463714,0.79972,0.381335]],[[-0.828571,-0.54386,0.132995],[0.407448,-0.74864,-0.522995],[-0.384001,0.37915,-0.841896]],[[-0.828571,-0.54386,0.132995],[0.555788,-0.827648,0.0780909],[-0.0676024,-0.138621,-0.988036]]],4]],[[0,200,0],[235.247,235.247,147.751]]]]}