{"metadata":{"formatVersion":2,"generatedBy":"LeapJS Playback 0.2.1","frames":1,"protocolVersion":6,"serviceVersion":"2.2.5+26752","frameRate":"91","modified":"Tue Apr 21 2015 21:48:03 GMT-0300 (E. South America Standard Time)"},"frames":[["id","timestamp",{"hands":[["id","type","direction","palmNormal","palmPosition","palmVelocity","stabilizedPalmPosition","pinchStrength","grabStrength","confidence","armBasis","armWidth","elbow","wrist"]]},{"pointables":[["id","direction","handId","length","stabilizedTipPosition","tipPosition","tipVelocity","tool","carpPosition","mcpPosition","pipPosition","dipPosition","btipPosition","bases","type"]]},{"interactionBox":["center","size"]}],[11655,949881187,[[1,"right",[-0.85825,-0.116435,-0.49985],[-0.484123,-0.13967,0.863781],[-17.6856,120.723,22.8159],[15.2314,-9.26341,0.188371],[-17.9242,121.294,22.4539],0.254028,0.165523,0.299514,[[-0.15775,-0.96902,-0.190041],[0.361736,0.122366,-0.924215],[0.918837,-0.21454,0.331227]],63.72,[280.136,62.192,135.023],[32.0502,120.118,45.5922]]],[[10,[-0.980242,0.182287,-0.0767956],1,52.1164,[-73.7894,164.567,49.8979],[-74.6469,164.145,50.9527],[13.2304,-27.9363,-11.3347],false,[24.9011,147.041,58.4418],[24.9011,147.041,58.4418],[-24.7575,151.149,55.4574],[-58.1795,157.364,52.839],[-79.9597,165.573,50.3976],[[[0.334104,-0.293485,-0.895679],[0.414324,0.89928,-0.140114],[0.846588,-0.324288,0.422051]],[[0.0447344,-0.173886,-0.983749],[0.0913664,0.98132,-0.169302],[0.994812,-0.082308,0.0597861]],[[0.0447344,-0.173886,-0.983749],[0.192678,0.967748,-0.162296],[0.980242,-0.182287,0.0767956]],[[0.0447344,-0.173886,-0.983749],[0.363197,0.920181,-0.146134],[0.930638,-0.350758,0.104319]]],0],[11,[-0.966608,0.0360064,0.253719],1,58.8075,[-118.609,148.578,25.6097],[-120.644,146.649,26.4573],[18.8804,-0.704204,3.24684],false,[26.5579,140.595,35.6912],[-42.363,142.732,10.043],[-84.7414,145.165,16.6701],[-108.105,146.035,22.8026],[-124.293,146.41,28.2535],[[[0.0238676,-0.988919,-0.146527],[0.349017,0.145589,-0.925738],[0.936812,-0.0290453,0.348625]],[[-0.0853096,-0.97882,-0.1861],[-0.140444,0.19673,-0.970347],[0.986407,-0.0566432,-0.154252]],[[-0.0853096,-0.97882,-0.1861],[-0.241644,0.201531,-0.949207],[0.966608,-0.0360064,-0.253719]],[[-0.0853096,-0.97882,-0.1861],[-0.308202,0.203545,-0.929291],[0.947488,-0.0219209,-0.319039]]],1],[12,[0.72717,0.101333,0.678937],1,67.0064,[-23.9952,128.304,73.5089],[-25.4843,126.349,72.4478],[18.5975,-8.45401,-4.35487],false,[26.8909,128.814,32.1252],[-37.66,121.364,6.72323],[-59.6655,122.069,49.6014],[-38.9874,124.95,68.9079],[-20.6864,126.715,72.7935],[[[0.0903639,-0.993983,0.0618977],[0.368511,-0.0243683,-0.929304],[0.925221,0.106786,0.364091]],[[0.0833926,-0.99476,0.0591536],[-0.885785,-0.101191,-0.45293],[0.456542,-0.0146264,-0.889582]],[[0.0833926,-0.99476,0.0591536],[-0.681373,-0.0136036,0.73181],[-0.72717,-0.101333,-0.678937]],[[0.0833926,-0.99476,0.0591536],[-0.21124,0.0403651,0.9766],[-0.97387,-0.0939369,-0.206767]]],2],[13,[0.680083,0.284834,0.675541],1,64.4285,[-17.1243,116.472,70.1397],[-18.3192,115.027,69.704],[14.8009,-9.93135,-2.63181],false,[27.5683,116.553,31.7464],[-28.3997,100.624,8.55982],[-50.347,103.491,47.3718],[-31.5073,111.381,66.0856],[-13.8587,116.072,70.0375],[[[0.197494,-0.962751,0.18468],[0.403331,-0.0919052,-0.910427],[0.893488,0.254291,0.370157]],[[0.212022,-0.958481,0.190685],[-0.84484,-0.277845,-0.457217],[0.491215,-0.064158,-0.868673]],[[0.212022,-0.958481,0.190685],[-0.701807,-0.0135482,0.712238],[-0.680083,-0.284834,-0.675541]],[[0.212022,-0.958481,0.190685],[-0.250599,0.135273,0.958594],[-0.944588,-0.251028,-0.211513]]],3],[14,[0.495759,0.587962,0.639159],1,50.5107,[-18.7344,106.953,59.5617],[-21.1894,105.227,58.6468],[10.1323,-9.08138,0.420792],false,[27.9826,104.096,38.6173],[-20.2004,81.971,15.1404],[-41.6493,86.9702,42.8031],[-31.9528,98.47,55.3043],[-17.6659,107.349,59.0664],[[[0.230203,-0.898341,0.374153],[0.506481,-0.2177,-0.834316],[0.830953,0.381564,0.404877]],[[0.385305,-0.808479,0.444862],[-0.695398,-0.57129,-0.435947],[0.606599,-0.141383,-0.782335]],[[0.385305,-0.808479,0.444862],[-0.778308,-0.0257268,0.627355],[-0.495759,-0.587962,-0.639159]],[[0.385305,-0.808479,0.444862],[-0.405614,0.284634,0.868597],[-0.828865,-0.515117,-0.21826]]],4]],[[0,200,0],[235.247,235.247,147.751]]]]}