{"metadata":{"formatVersion":2,"generatedBy":"LeapJS Playback 0.2.1","frames":1,"protocolVersion":6,"serviceVersion":"2.2.5+26752","frameRate":"1.1e+2","modified":"Tue Apr 21 2015 21:14:06 GMT-0300 (E. South America Standard Time)"},"frames":[["id","timestamp",{"hands":[["id","type","direction","palmNormal","palmPosition","palmVelocity","stabilizedPalmPosition","pinchStrength","grabStrength","confidence","armBasis","armWidth","elbow","wrist"]]},{"pointables":[["id","direction","handId","length","stabilizedTipPosition","tipPosition","tipVelocity","tool","carpPosition","mcpPosition","pipPosition","dipPosition","btipPosition","bases","type"]]},{"interactionBox":["center","size"]}],[1916091,441831558276,[[589,"right",[-0.893063,0.152108,-0.42344],[-0.446551,-0.184512,0.875527],[-20.2729,108.957,-0.913936],[-25.4407,-0.206995,7.23056],[-17.759,108.151,-1.63672],0.29254,0.182657,0.268299,[[0.31853,-0.944041,-0.0855913],[0.346485,0.200001,-0.916487],[0.882319,0.262272,0.390802]],63.72,[267.688,164.952,121.912],[29.462,94.1387,16.3957]]],[[5890,[-0.999985,0.00440988,0.00314439],589,52.1164,[-68.0977,130.661,32.9848],[-68.7617,130.052,33.2846],[-43.8166,-109.611,35.7759],false,[29.2645,119.306,33.9343],[29.2645,119.306,33.9343],[-18.2603,134.566,33.3911],[-52.3554,134.717,33.4983],[-74.0884,126.046,33.9701],[[[0.202992,-0.196009,-0.959362],[0.592534,0.8046,-0.039015],[0.779549,-0.560535,0.27947]],[[-0.00334384,-0.0459759,-0.998937],[0.305878,0.951017,-0.0447942],[0.952065,-0.305702,0.0108829]],[[-0.00334384,-0.0459759,-0.998937],[0.00426063,0.998933,-0.0459899],[0.999985,-0.00440988,-0.00314439]],[[-0.00334384,-0.0459759,-0.998937],[-0.371026,0.927697,-0.0414551],[0.928617,0.370493,-0.0201603]]],0],[5891,[-0.947173,-0.0379795,0.318467],589,58.8075,[-114.657,137.032,13.7084],[-117.185,135.267,14.2033],[-34.0141,-24.7084,-0.13125],false,[27.9959,116.711,10.407],[-40.258,137.468,-7.56566],[-82.3877,137.301,0.850313],[-105.281,136.383,8.54779],[-120.925,135.351,15.3386],[[[-0.20421,-0.931665,-0.300498],[0.312385,0.228898,-0.921966],[0.927747,-0.282146,0.244295]],[[-0.047271,-0.965588,-0.255745],[-0.190142,0.260048,-0.94669],[0.980618,0.00387692,-0.195892]],[[-0.047271,-0.965588,-0.255745],[-0.317221,0.257289,-0.912783],[0.947173,0.0379795,-0.318467]],[[-0.047271,-0.965588,-0.255745],[-0.399238,0.252955,-0.881262],[0.915628,0.060445,-0.397457]]],1],[5892,[0.87362,-0.192454,0.446934],589,67.0064,[-20.2984,105.017,39.5699],[-21.7667,107.12,40.235],[-11.8569,33.1722,2.95187],false,[25.4937,105.918,5.03332],[-40.6049,116.498,-14.6289],[-59.8893,114.558,29.5031],[-35.0467,109.086,42.2123],[-16.698,106.475,39.1056],[[[-0.127233,-0.986497,-0.103125],[0.293656,0.0618438,-0.953909],[0.947406,-0.151651,0.281822]],[[-0.158583,-0.980925,-0.112414],[-0.902652,0.190173,-0.386074],[0.400088,0.0402465,-0.915593]],[[-0.158583,-0.980925,-0.112414],[-0.460043,-0.0273315,0.887476],[-0.87362,0.192454,-0.446934]],[[-0.158583,-0.980925,-0.112414],[0.146548,-0.135979,0.979813],[-0.976409,0.138907,0.165317]]],2],[5893,[0.884936,-0.0154473,0.465457],589,64.4285,[-15.2582,92.0042,33.8108],[-16.5178,94.3248,34.8055],[-10.5643,28.931,8.38868],false,[23.4255,94.0383,2.68259],[-36.0469,94.2964,-16.9831],[-54.6739,94.9916,23.6226],[-30.1595,94.5637,36.5166],[-11.6999,94.1492,33.6589],[[[-0.00819987,-0.999898,0.011677],[0.313867,-0.0136608,-0.949369],[0.949432,-0.00411968,0.313947]],[[-0.021312,-0.999746,0.00733984],[-0.908701,0.0163087,-0.417128],[0.416903,-0.0155596,-0.908818]],[[-0.021312,-0.999746,0.00733984],[-0.465225,0.0164151,0.88504],[-0.884936,0.0154473,-0.465457]],[[-0.021312,-0.999746,0.00733984],[0.153075,0.00399195,0.988206],[-0.987985,0.0221842,0.152951]]],3],[5894,[0.802679,0.254925,0.539185],589,50.5107,[-19.3385,82.943,24.3221],[-21.1976,85.1684,26.1846],[-10.1354,19.1459,19.8877],false,[21.523,80.7645,7.45174],[-31.7571,73.498,-14.2441],[-49.5691,78.4323,15.8999],[-33.8697,83.4184,26.4457],[-16.8093,85.7882,25.786],[[[0.0499952,-0.977561,0.204636],[0.39141,-0.169325,-0.904504],[0.918857,0.125317,0.374161]],[[0.142672,-0.959873,0.241429],[-0.85199,-0.243248,-0.463621],[0.503744,-0.13955,-0.852507]],[[0.142672,-0.959873,0.241429],[-0.579096,0.116863,0.80684],[-0.802679,-0.254924,-0.539185]],[[0.142672,-0.959873,0.241429],[0.00354125,0.244418,0.969663],[-0.989764,-0.137489,0.0382709]]],4]],[[0,200,0],[235.247,235.247,147.751]]]]}