{"metadata":{"formatVersion":2,"generatedBy":"LeapJS Playback 0.2.1","frames":1,"protocolVersion":6,"serviceVersion":"2.2.5+26752","frameRate":"91","modified":"Tue Apr 21 2015 21:48:24 GMT-0300 (E. South America Standard Time)"},"frames":[["id","timestamp",{"hands":[["id","type","direction","palmNormal","palmPosition","palmVelocity","stabilizedPalmPosition","pinchStrength","grabStrength","confidence","armBasis","armWidth","elbow","wrist"]]},{"pointables":[["id","direction","handId","length","stabilizedTipPosition","tipPosition","tipVelocity","tool","carpPosition","mcpPosition","pipPosition","dipPosition","btipPosition","bases","type"]]},{"interactionBox":["center","size"]}],[11728,950626624,[[1,"right",[-0.867558,-0.0495392,-0.494863],[-0.47336,-0.222972,0.852182],[-18.5333,125.129,24.1192],[5.12365,-4.39173,-4.01371],[-18.435,122.67,23.1273],0.224349,0.126518,0.373898,[[-0.126971,-0.951496,-0.28024],[0.372952,0.216,-0.902359],[0.919122,-0.219089,0.327436]],63.72,[279.686,62.1922,134.272],[31.5227,121.346,45.8645]]],[[10,[-0.983917,0.152585,-0.0928757],1,52.1164,[-75.3187,163.709,50.9917],[-74.0987,164.502,52.3206],[8.53887,-4.79751,0.907087],false,[25.03,146.862,61.6076],[25.03,146.862,61.6076],[-24.4824,151.454,57.2256],[-58.0296,156.656,54.0589],[-79.017,166.676,51.4388],[[[0.315486,-0.201994,-0.927182],[0.427493,0.902569,-0.0511719],[0.847183,-0.38022,0.371099]],[[0.0791417,-0.0937522,-0.992445],[0.0995135,0.991338,-0.085712],[0.991884,-0.0919783,0.0877857]],[[0.0791417,-0.0937522,-0.992445],[0.16014,0.983833,-0.0801685],[0.983917,-0.152585,0.0928757]],[[0.0791417,-0.0937522,-0.992445],[0.435392,0.898841,-0.0501899],[0.896756,-0.42813,0.111955]]],0],[11,[-0.969899,-0.0495945,0.238403],1,58.8075,[-119.504,147.816,26.3532],[-121.434,146.329,30.0416],[6.48357,-0.0542632,-0.160318],false,[26.233,142.84,38.2783],[-43.0203,148.746,14.1621],[-85.6068,147.863,19.7637],[-109.05,146.664,25.5259],[-125.251,145.487,30.8209],[[[0.00472674,-0.968062,-0.250667],[0.337456,0.237509,-0.910886],[0.941329,-0.0802835,0.327801]],[[-0.0137758,-0.966297,-0.257061],[-0.131271,0.256608,-0.957559],[0.991251,0.0205536,-0.130382]],[[-0.0137758,-0.966297,-0.257061],[-0.243117,0.252608,-0.936527],[0.969899,0.0495945,-0.238403]],[[-0.0137758,-0.966297,-0.257061],[-0.317183,0.248031,-0.915355],[0.948264,0.0689259,-0.30991]]],1],[12,[0.740277,0.0134508,0.672167],1,67.0064,[-25.1606,126.846,72.9247],[-25.4722,125.451,73.0511],[5.40013,-4.16517,-0.227905],false,[26.3105,131.5,33.4813],[-38.7342,127.781,8.52263],[-60.8337,124.268,51.214],[-39.7829,124.65,70.328],[-21.3372,125.645,73.7788],[[[0.0742626,-0.996219,-0.0450939],[0.353982,0.0686076,-0.932732],[0.932299,0.0533047,0.357738]],[[0.062982,-0.99679,-0.049417],[-0.886464,-0.0331261,-0.461611],[0.458493,0.0728796,-0.885705]],[[0.062982,-0.99679,-0.049417],[-0.669345,-0.0789167,0.738749],[-0.740277,-0.0134508,-0.672167]],[[0.062982,-0.99679,-0.049417],[-0.180432,-0.060072,0.981751],[-0.981569,-0.0529163,-0.183636]]],2],[13,[0.705165,0.181562,0.685403],1,64.4285,[-17.9192,115.33,69.4052],[-17.9036,113.843,69.057],[7.21048,-4.29321,-2.53713],false,[26.7722,119.339,31.7968],[-29.8036,106.823,7.99975],[-51.3289,105.95,47.1427],[-31.7944,110.98,66.1297],[-13.8625,114.541,69.9839],[[[0.183751,-0.979835,0.0784843],[0.387922,-0.00107881,-0.921691],[0.90319,0.199808,0.379901]],[[0.178458,-0.980988,0.076258],[-0.857934,-0.193083,-0.476096],[0.481769,0.0195391,-0.87608]],[[0.178458,-0.980988,0.076258],[-0.686218,-0.0685416,0.72416],[-0.705165,-0.181562,-0.685403]],[[0.178458,-0.980988,0.076258],[-0.216897,0.0363754,0.975517],[-0.959744,-0.190629,-0.206282]]],3],[14,[0.522428,0.512321,0.681613],1,50.5107,[-19.8056,106.51,58.8087],[-21.1639,106.266,57.6814],[2.76062,-3.94914,-0.901597],false,[27.0767,106.219,37.3038],[-21.8264,87.4531,12.432],[-42.5274,89.978,40.9867],[-32.3093,99.9984,54.3182],[-17.7833,108.223,58.6147],[[[0.220412,-0.936386,0.27313],[0.49004,-0.135809,-0.861055],[0.843374,0.323632,0.428933]],[[0.380404,-0.855451,0.351419],[-0.715921,-0.512937,-0.473658],[0.585448,-0.0714068,-0.807559]],[[0.380404,-0.855451,0.351419],[-0.763126,-0.0756973,0.641801],[-0.522428,-0.512321,-0.681613]],[[0.380404,-0.855451,0.351419],[-0.380911,0.201332,0.902426],[-0.842733,-0.477146,-0.249263]]],4]],[[0,200,0],[235.247,235.247,147.751]]]]}