{"metadata":{"formatVersion":2,"generatedBy":"LeapJS Playback 0.2.1","frames":1,"protocolVersion":6,"serviceVersion":"2.2.5+26752","frameRate":"1.1e+2","modified":"Tue Apr 21 2015 21:14:43 GMT-0300 (E. South America Standard Time)"},"frames":[["id","timestamp",{"hands":[["id","type","direction","palmNormal","palmPosition","palmVelocity","stabilizedPalmPosition","pinchStrength","grabStrength","confidence","armBasis","armWidth","elbow","wrist"]]},{"pointables":[["id","direction","handId","length","stabilizedTipPosition","tipPosition","tipVelocity","tool","carpPosition","mcpPosition","pipPosition","dipPosition","btipPosition","bases","type"]]},{"interactionBox":["center","size"]}],[1916249,441832971864,[[589,"right",[-0.95663,-0.0586972,-0.285332],[-0.291283,0.205351,0.934337],[-25.5593,111.309,-6.04715],[11.5153,7.23654,-11.2175],[-29.7321,108.313,-3.75745],0.37794,0.269243,0.285267,[[-0.298355,-0.950809,0.0833505],[0.381343,-0.198804,-0.902804],[0.874964,-0.23757,0.421898]],63.72,[263.569,42.0009,120.865],[27.3284,106.145,6.95223]]],[[5890,[-0.980107,0.0202696,0.197434],589,52.1164,[-72.138,145.368,28.8994],[-69.4559,145.354,27.5792],[3.83738,15.6908,-28.2629],false,[27.563,136.414,11.9318],[27.563,136.414,11.9318],[-20.1969,150.666,14.6942],[-53.6142,151.357,21.4258],[-74.1073,143.694,29.7351],[[[0.0723528,-0.588238,-0.805445],[0.506623,0.717296,-0.478351],[0.859127,-0.373447,0.349913]],[[-0.185177,-0.451346,-0.872924],[0.224256,0.845439,-0.484708],[0.956775,-0.285516,-0.0553389]],[[-0.185177,-0.451346,-0.872924],[-0.0714173,0.892119,-0.446121],[0.980107,-0.0202696,-0.197434]],[[-0.185177,-0.451346,-0.872924],[-0.44606,0.830111,-0.334585],[0.875637,0.327419,-0.355045]]],0],[5891,[-0.820958,0.139305,0.553735],589,58.8075,[-117.943,145.424,21.6985],[-117.149,144.327,18.6437],[-13.0941,-26.3448,-33.6812],false,[22.992,123.891,-7.66852],[-48.7532,133.856,-20.5452],[-88.0734,138.686,-3.9209],[-107.916,142.053,9.46309],[-120.6,144.686,20.6031],[[[-0.164317,-0.972913,0.162603],[0.148261,-0.187331,-0.971044],[0.975202,-0.135451,0.175027]],[[-0.0433207,-0.982183,0.182865],[-0.400611,-0.1506,-0.903787],[0.915223,-0.112411,-0.38695]],[[-0.0433207,-0.982183,0.182865],[-0.569343,-0.126136,-0.812366],[0.820958,-0.139305,-0.553735]],[[-0.0433207,-0.982183,0.182865],[-0.668582,-0.107509,-0.735826],[0.742375,-0.154137,-0.652013]]],1],[5892,[0.924362,0.0777322,0.373513],589,67.0064,[-28.6144,126.727,34.7467],[-21.9677,129,32.8943],[22.3486,49.4942,-25.0998],false,[20.6684,111.801,-7.44398],[-48.3128,111.891,-17.892],[-61.6041,128.751,25.2631],[-35.3185,130.961,35.8844],[-17.0978,128.361,32.092],[[[-0.0539042,-0.935982,0.347896],[0.139722,-0.352045,-0.925496],[0.988723,-0.00127959,0.149754]],[[-0.0614067,-0.935946,0.346749],[-0.959266,-0.040637,-0.279566],[0.27575,-0.349792,-0.895325]],[[-0.0614067,-0.935946,0.346749],[-0.376541,0.343458,0.86038],[-0.924362,-0.0777322,-0.373513]],[[-0.0614067,-0.935946,0.346749],[0.236866,0.323815,0.91599],[-0.9696,0.138381,0.201809]]],2],[5893,[0.900548,0.278386,0.333937],589,64.4285,[-25.2294,112.772,35.32],[-18.6558,115.69,32.8916],[14.0915,49.7481,-12.4952],false,[19.3241,100.043,-4.14716],[-42.2238,90.9186,-11.3844],[-57.2954,107.921,27.0866],[-32.3484,115.633,36.3373],[-14.2004,115.751,31.8959],[[[0.0818036,-0.896749,0.434913],[0.16696,-0.417878,-0.89303],[0.982564,0.145666,0.115538]],[[0.11308,-0.891651,0.438374],[-0.934571,-0.245242,-0.257746],[0.337328,-0.380546,-0.861043]],[[0.11308,-0.891651,0.438374],[-0.419793,0.357016,0.834454],[-0.900548,-0.278386,-0.333937]],[[0.11308,-0.891651,0.438374],[0.209193,0.45268,0.866787],[-0.971314,-0.00631112,0.237716]]],3],[5894,[0.847034,0.423057,0.321803],589,50.5107,[-28.2037,96.9534,31.6438],[-21.3126,99.4786,29.847],[19.888,47.9738,2.20996],false,[19.3404,90.1059,6.04148],[-35.7538,73.4087,-0.89542],[-50.8396,90.3072,26.2547],[-34.2726,98.5817,32.5488],[-17.4,99.7838,29.2358],[[[0.166256,-0.792408,0.586898],[0.263798,-0.537746,-0.800774],[0.950142,0.287956,0.119632]],[[0.171711,-0.790741,0.587575],[-0.88797,-0.382532,-0.255303],[0.426644,-0.477911,-0.767839]],[[0.171711,-0.790741,0.587575],[-0.50304,0.442439,0.742427],[-0.847034,-0.423057,-0.321803]],[[0.171711,-0.790741,0.587575],[0.111009,0.608166,0.78601],[-0.978873,-0.0697399,0.192208]]],4]],[[0,200,0],[235.247,235.247,147.751]]]]}