{"metadata":{"formatVersion":2,"generatedBy":"LeapJS Playback 0.2.1","frames":1,"protocolVersion":6,"serviceVersion":"2.2.5+26752","frameRate":"1.1e+2","modified":"Tue Apr 21 2015 21:15:18 GMT-0300 (E. South America Standard Time)"},"frames":[["id","timestamp",{"hands":[["id","type","direction","palmNormal","palmPosition","palmVelocity","stabilizedPalmPosition","pinchStrength","grabStrength","confidence","armBasis","armWidth","elbow","wrist"]]},{"pointables":[["id","direction","handId","length","stabilizedTipPosition","tipPosition","tipVelocity","tool","carpPosition","mcpPosition","pipPosition","dipPosition","btipPosition","bases","type"]]},{"interactionBox":["center","size"]}],[1916456,441834792997,[[589,"right",[-0.963445,-0.127319,-0.235721],[-0.251601,0.127714,0.959367],[-67.8175,105.806,0.104955],[-9.64726,2.86348,-6.52911],[-55.471,108.648,-0.834255],0.396812,0.343638,0.260893,[[-0.290633,-0.956643,0.0191586],[0.325017,-0.117535,-0.938376],[0.899942,-0.266496,0.345085]],63.72,[228.981,32.6782,103.045],[-14.003,104.632,9.87157]]],[[5890,[-0.964352,-0.0388998,0.261749],589,52.1164,[-108.514,136.371,40.6043],[-112.009,136.525,39.6439],[-2.63925,17.5379,-9.6926],false,[-16.0473,134.488,16.6184],[-16.0473,134.488,16.6184],[-64.2082,145.471,23.8063],[-97.0884,144.145,32.7308],[-116.428,134.701,41.924],[[[0.0740766,-0.534875,-0.841678],[0.414444,0.784172,-0.461856],[0.907055,-0.314615,0.279765]],[[-0.224444,-0.403746,-0.886913],[0.137005,0.88802,-0.43892],[0.964808,-0.220024,-0.143996]],[[-0.224444,-0.403746,-0.886913],[-0.140181,0.914044,-0.380622],[0.964352,0.0388998,-0.261749]],[[-0.224444,-0.403746,-0.886913],[-0.516478,0.821076,-0.243074],[0.826363,0.403515,-0.392811]]],0],[5891,[-0.779396,0.0348026,0.625564],589,58.8075,[-157.229,126.497,33.5886],[-159.466,128.885,33.3058],[-2.90397,24.8632,-4.4477],false,[-20.6947,122.695,-3.41205],[-93.6658,126.973,-11.7431],[-131.302,127.436,8.96993],[-150.141,128.277,24.0901],[-162.178,129.126,36.1851],[[[-0.07103,-0.991019,0.1133],[0.105636,-0.120421,-0.987086],[0.991865,-0.0581442,0.113241]],[[0.0577002,-0.990226,0.126979],[-0.478777,-0.139057,-0.866854],[0.876038,-0.0107772,-0.482121]],[[0.0577002,-0.990226,0.126979],[-0.623869,-0.135062,-0.76977],[0.779396,-0.0348026,-0.625564]],[[0.0577002,-0.990226,0.126979],[-0.707305,-0.13031,-0.694795],[0.70455,-0.0497233,-0.70791]]],1],[5892,[0.949363,0.128439,0.28673],589,67.0064,[-54.1377,124.331,38.1884],[-63.0117,121.101,38.1073],[-4.74907,8.80764,-9.75306],false,[-21.9643,110.453,-3.77898],[-91.2021,105.02,-10.4261],[-103.499,118.235,34.2664],[-76.5026,121.888,42.42],[-58.7486,120.779,36.3615],[[[0.0466669,-0.954616,0.29416],[0.113858,-0.287479,-0.950996],[0.9924,0.0778724,0.0952745]],[[0.0405479,-0.955078,0.293567],[-0.966059,-0.112492,-0.232543],[0.255121,-0.274174,-0.927223]],[[0.0405479,-0.955078,0.293567],[-0.311555,0.267076,0.911923],[-0.949363,-0.128439,-0.28673]],[[0.0405479,-0.955078,0.293567],[0.32523,0.290425,0.899933],[-0.944765,0.0589863,0.322396]]],2],[5893,[0.918753,0.313516,0.240003],589,64.4285,[-47.3471,111.657,37.2056],[-56.8564,108.179,36.9366],[-6.88037,7.55373,-7.5964],false,[-22.1055,98.4602,-1.11732],[-82.9756,84.3447,-5.51627],[-95.5914,98.3709,34.9853],[-70.1401,107.056,41.6338],[-52.6787,108.379,35.119],[[[0.183481,-0.908346,0.375822],[0.148478,-0.352318,-0.924027],[0.971745,0.225343,0.0702258]],[[0.20919,-0.90205,0.377552],[-0.936222,-0.296234,-0.189033],[0.282361,-0.313929,-0.906488]],[[0.20919,-0.90205,0.377552],[-0.334863,0.296671,0.894345],[-0.918753,-0.313516,-0.240003]],[[0.20919,-0.90205,0.377552],[0.287802,0.425788,0.857831],[-0.934564,-0.0707892,0.348682]]],3],[5894,[0.874494,0.402245,0.271035],589,50.5107,[-48.131,95.2492,34.385],[-58.1399,91.073,34.4085],[-10.2805,6.19433,-3.57688],false,[-20.6383,88.0238,8.44758],[-74.4278,66.9299,3.54674],[-87.8874,81.8684,32.632],[-70.7833,89.7359,37.9331],[-54.235,91.1619,33.3259],[[[0.267645,-0.805377,0.528899],[0.260473,-0.468008,-0.844466],[0.927642,0.363781,0.0845188]],[[0.216757,-0.823984,0.523515],[-0.898955,-0.377574,-0.222077],[0.380653,-0.422479,-0.822566]],[[0.216757,-0.823984,0.523515],[-0.43391,0.399062,0.807758],[-0.874494,-0.402245,-0.271035]],[[0.216757,-0.823984,0.523515],[0.17693,0.560541,0.809005],[-0.960059,-0.0827319,0.267288]]],4]],[[0,200,0],[235.247,235.247,147.751]]]]}