{"metadata":{"formatVersion":2,"generatedBy":"LeapJS Playback 0.2.1","frames":1,"protocolVersion":6,"serviceVersion":"2.2.5+26752","frameRate":"1.1e+2","modified":"Tue Apr 21 2015 21:15:45 GMT-0300 (E. South America Standard Time)"},"frames":[["id","timestamp",{"hands":[["id","type","direction","palmNormal","palmPosition","palmVelocity","stabilizedPalmPosition","pinchStrength","grabStrength","confidence","armBasis","armWidth","elbow","wrist"]]},{"pointables":[["id","direction","handId","length","stabilizedTipPosition","tipPosition","tipVelocity","tool","carpPosition","mcpPosition","pipPosition","dipPosition","btipPosition","bases","type"]]},{"interactionBox":["center","size"]}],[1930452,441958343718,[[592,"right",[0.171335,0.739357,-0.65115],[0.124286,-0.671863,-0.730173],[-4.18108,63.8378,62.766],[0.41509,-29.2431,-63.0961],[-0.13308,73.9671,74.2381],1,0,0.448118,[[0.889578,0.0674582,-0.451775],[0.00944565,0.986107,0.165843],[0.456686,-0.151798,0.876582]],63.72,[116.785,-14.5072,339.337],[-6.52006,26.4782,102.66]]],[[5920,[0.537236,0.198081,-0.819842],592,52.1164,[4.07047,37.4888,22.3308],[10.9995,39.5038,8.30131],[-9.34354,27.2298,-75.5333],false,[-33.6262,17.9514,91.1014],[-33.6262,17.9514,91.1014],[-23.2543,33.7223,44.8903],[-4.9369,40.476,16.9372],[15.7529,39.9866,6.00914],[[[0.315548,0.727429,0.609325],[-0.909007,0.0474741,0.414068],[0.272278,-0.684539,0.676218]],[[0.210469,0.909797,0.357733],[-0.955264,0.269171,-0.122543],[-0.207781,-0.315938,0.925748]],[[0.210469,0.909797,0.357733],[-0.81675,0.364738,-0.447086],[-0.537236,-0.198081,0.819842]],[[0.210469,0.909797,0.357733],[-0.417341,0.414527,-0.808699],[-0.884041,0.0209088,0.466941]]],0],[5921,[-0.262066,0.857614,-0.442514],592,58.8075,[-39.8398,151.351,2.988],[-45.2285,153.904,7.89273],[-27.6844,2.59012,11.6728],false,[-26.3404,38.6437,100.081],[-24.6345,84.8798,42.8811],[-35.9072,122.857,26.2557],[-42.2414,143.586,15.56],[-46.6987,157.771,7.14379],[[[0.992235,0.0805908,0.0947374],[-0.122198,0.77365,0.621719],[-0.0231887,-0.628468,0.77749]],[[0.964959,0.239167,-0.107951],[0.00287468,0.401738,0.91575],[0.262385,-0.883971,0.386973]],[[0.964959,0.239167,-0.107951],[-0.0132542,0.455299,0.89024],[0.262066,-0.857614,0.442514]],[[0.964959,0.239167,-0.107951],[-0.028186,0.503492,0.86354],[0.260883,-0.830238,0.49259]]],1],[5922,[0.204314,0.84254,-0.49838],592,67.0064,[17.2647,159.735,-1.91528],[14.8655,163.21,5.59514],[-16.5736,22.7248,18.191],false,[-14.4486,41.3126,101.835],[-3.35901,85.4402,48.945],[6.37336,127.899,28.3104],[12.1833,151.858,14.1382],[16.0424,166.948,3.62496],[[[0.986176,-0.138136,0.0915228],[0.046831,0.762151,0.645703],[-0.158949,-0.632491,0.758084]],[[0.978663,-0.164474,0.123156],[-0.038075,0.443834,0.8953],[-0.201915,-0.880885,0.428102]],[[0.978663,-0.164474,0.123156],[-0.0217935,0.512908,0.858167],[-0.204314,-0.84254,0.49838]],[[0.978663,-0.164474,0.123156],[-0.0068812,0.572808,0.819661],[-0.205358,-0.803019,0.559454]]],2],[5923,[-0.320115,-0.945624,0.0576294],592,64.4285,[7.56732,37.7206,23.9933],[7.00264,30.698,25.0441],[-26.033,-43.3703,12.3274],false,[-2.22019,40.829,102.913],[16.8954,79.7053,57.6695],[20.0926,65.2778,15.5045],[11.2248,39.0821,17.1009],[4.87818,27.0062,29.8674],[[[0.945681,-0.286765,0.153146],[0.112078,0.729783,0.674429],[-0.305166,-0.62063,0.722282]],[[0.935671,-0.30604,0.175666],[0.34554,0.895583,-0.280237],[-0.0715598,0.32291,0.943721]],[[0.935671,-0.30604,0.175666],[0.148477,-0.110155,-0.982762],[0.320115,0.945624,-0.0576294]],[[0.935671,-0.30604,0.175666],[-0.0955743,-0.699,-0.708706],[0.339683,0.646327,-0.683284]]],3],[5924,[-0.532794,-0.845556,0.0341367],592,50.5107,[21.6459,41.8254,38.5907],[19.2324,36.0467,37.7184],[-29.8722,-40.27,1.98085],false,[9.92226,33.5527,101.439],[34.9188,69.9202,63.8246],[35.3319,59.4343,30.0586],[24.9111,42.8962,30.7262],[16.4367,32.9921,42.0045],[[[0.8724,-0.473282,0.122158],[0.230398,0.618579,0.751183],[-0.431086,-0.627187,0.648692]],[[0.836586,-0.520206,0.171784],[0.547711,0.800899,-0.242017],[-0.0116829,0.296556,0.954944]],[[0.836586,-0.520206,0.171784],[0.127495,-0.120084,-0.984543],[0.532794,0.845556,-0.0341367]],[[0.836586,-0.520206,0.171784],[-0.241674,-0.631849,-0.736452],[0.491648,0.574589,-0.654316]]],4]],[[0,200,0],[235.247,235.247,147.751]]]]}