{"metadata":{"formatVersion":2,"generatedBy":"LeapJS Playback 0.2.1","frames":1,"protocolVersion":6,"serviceVersion":"2.2.5+26752","frameRate":"1.1e+2","modified":"Tue Apr 21 2015 21:15:59 GMT-0300 (E. South America Standard Time)"},"frames":[["id","timestamp",{"hands":[["id","type","direction","palmNormal","palmPosition","palmVelocity","stabilizedPalmPosition","pinchStrength","grabStrength","confidence","armBasis","armWidth","elbow","wrist"]]},{"pointables":[["id","direction","handId","length","stabilizedTipPosition","tipPosition","tipVelocity","tool","carpPosition","mcpPosition","pipPosition","dipPosition","btipPosition","bases","type"]]},{"interactionBox":["center","size"]}],[1930478,441958586229,[[592,"right",[0.158367,0.75657,-0.634446],[0.157383,-0.653682,-0.740224],[-1.92773,66.2643,54.2192],[8.53724,19.454,-17.1718],[-0.133139,73.9669,74.2375],0.679242,0,0.430933,[[0.900281,0.100511,-0.423546],[-0.0240653,0.982982,0.182117],[0.434643,-0.153764,0.887379]],63.72,[113.624,-13.4152,332.966],[-3.7291,28.101,93.3738]]],[[5920,[0.501327,0.2774,-0.819586],592,52.1164,[5.6315,39.4083,17.8628],[11.9818,47.0712,1.33325],[13.5578,14.4799,15.0619],false,[-30.3597,18.9476,81.2047],[-30.3597,18.9476,81.2047],[-22.1141,38.4663,36.0074],[-5.02108,47.9244,8.06316],[16.9974,46.839,0.205772],[[[0.282374,0.72531,0.627846],[-0.916667,0.0110569,0.399499],[0.282818,-0.688334,0.66799]],[[0.193086,0.887463,0.418482],[-0.967177,0.243954,-0.0710951],[-0.165185,-0.391018,0.905438]],[[0.193086,0.887463,0.418482],[-0.843439,0.368046,-0.391347],[-0.501327,-0.2774,0.819586]],[[0.193086,0.887463,0.418482],[-0.278543,0.458539,-0.843893],[-0.940814,0.0463785,0.335734]]],0],[5921,[-0.281835,0.861309,-0.422748],592,58.8075,[-40.9898,151.979,3.67119],[-45.1672,156.623,1.63319],[8.8406,32.3618,4.66558],false,[-23.8807,39.6848,90.685],[-22.7121,87.0265,34.3833],[-34.9062,125.158,18.7928],[-41.7183,145.976,8.57478],[-46.4832,160.217,0.426262],[[[0.987509,0.109901,0.112908],[-0.156761,0.757519,0.633712],[-0.0158847,-0.643496,0.765285]],[[0.958638,0.271048,-0.0868643],[-0.0212635,0.372533,0.927775],[0.283832,-0.887554,0.362888]],[[0.958638,0.271048,-0.0868643],[-0.0397681,0.429744,0.902075],[0.281835,-0.861309,0.422748]],[[0.958638,0.271048,-0.0868643],[-0.0568654,0.481422,0.874642],[0.278889,-0.833526,0.476923]]],1],[5922,[0.23128,0.879309,-0.416323],592,67.0064,[16.9758,161.93,0.653673],[18.4521,169.132,4.71117],[30.5947,32.5905,22.601],false,[-12.1096,42.692,92.6883],[-1.56653,88.1397,40.8142],[9.22816,132.073,24.1832],[15.8049,157.078,12.3445],[20.2546,172.952,3.32533],[[[0.988442,-0.108808,0.105565],[0.0121352,0.750882,0.660325],[-0.151115,-0.651412,0.743523]],[[0.969233,-0.171195,0.17686],[-0.102136,0.37403,0.921775],[-0.223954,-0.911479,0.345038]],[[0.969233,-0.171195,0.17686],[-0.0842424,0.444419,0.891849],[-0.23128,-0.879309,0.416323]],[[0.969233,-0.171195,0.17686],[-0.0672368,0.507057,0.859286],[-0.236784,-0.84474,0.479946]]],2],[5923,[-0.324017,-0.875549,0.358366],592,64.4285,[7.01596,35.0197,25.747],[6.50754,29.4939,32.1221],[-0.971955,14.9062,11.6799],false,[0.108841,42.5724,93.9633],[18.715,82.8795,49.7716],[19.2693,59.6945,11.5824],[10.2934,35.44,21.5098],[4.82967,27.0789,37.3001],[[[0.951684,-0.259776,0.163749],[0.0779004,0.720041,0.689545],[-0.297033,-0.643473,0.705488]],[[0.944166,-0.275373,0.180886],[0.329235,0.809255,-0.486528],[-0.0124058,0.518918,0.854734]],[[0.944166,-0.275373,0.180886],[0.0596898,-0.396967,-0.91589],[0.324017,0.875549,-0.358366]],[[0.944166,-0.275373,0.180886],[-0.151777,-0.85083,-0.503043],[0.292427,0.447502,-0.84512]]],3],[5924,[-0.540128,-0.782272,0.310344],592,50.5107,[19.9913,38.8512,39.4556],[18.1477,36.5346,40.4038],[-1.31164,17.3551,-0.896958],false,[12.4983,35.7101,92.5602],[36.9373,73.5505,56.0482],[33.7976,56.9194,25.0027],[23.2333,41.6191,31.0726],[15.8661,34.489,44.9287],[[[0.884868,-0.447882,0.128102],[0.198423,0.611174,0.766221],[-0.421469,-0.652586,0.629678]],[[0.841505,-0.507032,0.186513],[0.532902,0.722284,-0.440819],[0.0887942,0.470345,0.878004]],[[0.841505,-0.507032,0.186513],[-0.0114505,-0.361897,-0.932148],[0.540128,0.782272,-0.310344]],[[0.841505,-0.507032,0.186513],[-0.330435,-0.756178,-0.564808],[0.427413,0.413658,-0.803869]]],4]],[[0,200,0],[235.247,235.247,147.751]]]]}