{"metadata":{"formatVersion":2,"generatedBy":"LeapJS Playback 0.2.1","frames":1,"protocolVersion":6,"serviceVersion":"2.2.5+26752","frameRate":"1.1e+2","modified":"Tue Apr 21 2015 21:16:32 GMT-0300 (E. South America Standard Time)"},"frames":[["id","timestamp",{"hands":[["id","type","direction","palmNormal","palmPosition","palmVelocity","stabilizedPalmPosition","pinchStrength","grabStrength","confidence","armBasis","armWidth","elbow","wrist"]]},{"pointables":[["id","direction","handId","length","stabilizedTipPosition","tipPosition","tipVelocity","tool","carpPosition","mcpPosition","pipPosition","dipPosition","btipPosition","bases","type"]]},{"interactionBox":["center","size"]}],[1935909,442006925430,[[596,"right",[-0.0423224,0.839197,-0.542179],[0.215145,-0.522279,-0.825189],[13.8737,68.4656,57.7216],[8.57889,7.20601,-5.16794],[11.8885,67.6633,58.4312],0.33405,0,0.70496,[[0.950367,0.276201,-0.143236],[-0.20272,0.898932,0.388363],[0.236026,-0.340051,0.910306]],63.72,[86.3939,-65.2532,337.555],[22.667,26.5606,91.7719]]],[[5960,[0.166554,0.420023,-0.892099],596,52.1164,[2.07664,52.6504,-2.74363],[2.55516,52.4428,-2.77176],[6.04028,8.6569,-1.17558],false,[-2.67896,13.7273,80.1982],[-2.67896,13.7273,80.1982],[-18.1664,33.8777,37.2347],[-12.4876,48.1987,6.81803],[6.45501,54.0984,-5.59559],[[[0.191915,0.691887,0.696033],[-0.864908,-0.215922,0.453114],[0.463792,-0.688963,0.55698]],[[-0.00299701,0.904947,0.425513],[-0.950647,-0.134599,0.279559],[0.31026,-0.403675,0.860689]],[[-0.00299701,0.904947,0.425513],[-0.986028,0.0681972,-0.151981],[-0.166554,-0.420023,0.892099]],[[-0.00299701,0.904947,0.425513],[-0.587264,0.342816,-0.733211],[-0.80939,-0.252086,0.530415]]],0],[5961,[-0.0551516,0.80083,-0.596347],596,58.8075,[-17.3828,152.683,-3.05915],[-17.469,152.471,-3.48007],[14.4333,3.57399,-13.142],false,[0.530432,34.1418,91.8098],[-12.0756,86.78,41.9821],[-15.4857,123.508,19.9558],[-16.8188,142.865,5.54187],[-17.4018,155.65,-5.77704],[[[0.954708,0.290322,0.0651629],[-0.243255,0.635445,0.732828],[0.171349,-0.715488,0.677287]],[[0.969348,0.186159,0.160344],[-0.232519,0.484244,0.84347],[0.0793741,-0.854899,0.512687]],[[0.969348,0.186159,0.160344],[-0.239423,0.569225,0.786549],[0.0551516,-0.80083,0.596347]],[[0.969348,0.186159,0.160344],[-0.243312,0.636704,0.731715],[0.0341239,-0.7483,0.662482]]],1],[5962,[0.20077,0.794366,-0.573301],596,67.0064,[26.7558,165.726,-1.73704],[26.7771,165.997,-1.38312],[14.2386,2.18942,-12.185],false,[11.6445,39.1814,93.452],[8.94291,91.3394,47.1939],[18.0986,132.478,23.8051],[23.8078,155.067,7.50245],[27.7197,168.918,-4.58007],[[[0.996467,0.0783778,0.0301772],[-0.0745269,0.659517,0.747986],[0.0387231,-0.747593,0.663028]],[[0.975412,-0.107794,0.192231],[-0.111763,0.509824,0.852988],[-0.189951,-0.853499,0.485241]],[[0.975412,-0.107794,0.192231],[-0.0909035,0.597799,0.796475],[-0.20077,-0.794366,0.573301]],[[0.975412,-0.107794,0.192231],[-0.0723799,0.667168,0.741383],[-0.208167,-0.737067,0.642961]]],2],[5963,[-0.0861308,-0.915953,0.391932],596,64.4285,[25.1834,35.6909,38.0589],[27.7301,36.026,38.3792],[9.87278,3.95212,1.29063],false,[23.7273,41.3467,93.9504],[30.5389,89.2385,54.1542],[31.4509,68.3223,14.6833],[29.0649,42.9486,25.5406],[27.4812,34.0185,41.8758],[[[0.994068,-0.0824326,0.0709455],[-0.00187098,0.639263,0.768986],[-0.108742,-0.764557,0.635317]],[[0.995905,-0.0683126,0.0592118],[0.088068,0.881011,-0.464826],[-0.0204128,0.468137,0.88342]],[[0.995905,-0.0683126,0.0592118],[0.0274614,-0.395427,-0.918087],[0.0861308,0.915953,-0.391932]],[[0.995905,-0.0683126,0.0592118],[-0.0314243,-0.875725,-0.481786],[0.0847654,0.477953,-0.874286]]],3],[5964,[-0.191841,-0.888334,0.417204],596,50.5107,[39.3704,43.2247,46.6179],[41.1185,43.7213,46.6466],[11.7617,3.72877,-0.0637419],false,[37.0288,37.2809,90.9341],[50.6647,83.0676,58.0719],[46.3456,67.1659,26.7869],[42.5935,49.7911,34.9469],[41.0962,41.6624,50.0727],[[[0.961354,-0.274852,0.0159592],[0.143166,0.548585,0.823746],[-0.235163,-0.789627,0.566734]],[[0.975015,-0.221018,-0.0222663],[0.185538,0.865391,-0.465482],[0.122149,0.449721,0.884777]],[[0.975015,-0.221018,-0.0222663],[-0.11199,-0.402509,-0.90854],[0.191841,0.888334,-0.417204]],[[0.975015,-0.221018,-0.0222663],[-0.20445,-0.85367,-0.479008],[0.0868613,0.471592,-0.877528]]],4]],[[0,200,0],[235.247,235.247,147.751]]]]}