{"metadata":{"formatVersion":2,"generatedBy":"LeapJS Playback 0.2.1","frames":1,"protocolVersion":6,"serviceVersion":"2.2.5+26752","frameRate":"1.1e+2","modified":"Tue Apr 21 2015 21:17:02 GMT-0300 (E. South America Standard Time)"},"frames":[["id","timestamp",{"hands":[["id","type","direction","palmNormal","palmPosition","palmVelocity","stabilizedPalmPosition","pinchStrength","grabStrength","confidence","armBasis","armWidth","elbow","wrist"]]},{"pointables":[["id","direction","handId","length","stabilizedTipPosition","tipPosition","tipVelocity","tool","carpPosition","mcpPosition","pipPosition","dipPosition","btipPosition","bases","type"]]},{"interactionBox":["center","size"]}],[1935925,442007072170,[[596,"right",[-0.0135637,0.834218,-0.551268],[0.24878,-0.531166,-0.80992],[11.5132,69.4227,57.6364],[-30.2236,7.19865,-0.350962],[12.3799,68.2159,58.0917],0.279967,0,0.685436,[[0.943157,0.29772,-0.147709],[-0.218697,0.890624,0.3987],[0.250254,-0.343733,0.905108]],63.72,[86.1218,-65.0091,336.81],[18.5532,27.7987,92.4308]]],[[5960,[0.180836,0.428029,-0.885488],596,52.1164,[0.131692,54.1741,-2.44334],[-0.120555,54.2763,-2.5269],[-38.9209,15.5062,0.788643],false,[-6.32259,14.9846,79.859],[-6.32259,14.9846,79.859],[-21.9522,35.4662,37.104],[-15.7865,50.0601,6.91277],[3.3384,56.0333,-5.18224],[[[0.164546,0.69748,0.697457],[-0.885379,-0.207235,0.416122],[0.434774,-0.685985,0.583434]],[[-0.006853,0.900858,0.434059],[-0.949693,-0.141777,0.279254],[0.313108,-0.410309,0.85651]],[[-0.006853,0.900858,0.434059],[-0.983489,0.0724254,-0.165841],[-0.180836,-0.428029,0.885488]],[[-0.006853,0.900858,0.434059],[-0.576348,0.351161,-0.737909],[-0.817176,-0.255226,0.516801]]],0],[5961,[-0.023892,0.795803,-0.605084],596,58.8075,[-16.0284,152.952,-4.64776],[-16.5768,153.051,-5.60926],[-39.6258,5.50627,1.227],false,[-3.52119,35.4919,91.4125],[-13.6096,87.718,40.5879],[-15.8229,124.268,18.1159],[-16.4004,143.503,3.49077],[-16.4043,156.19,-7.95255],[[[0.952439,0.286094,0.104929],[-0.272132,0.643592,0.715356],[0.137127,-0.709887,0.690837]],[[0.96226,0.182427,0.201932],[-0.267211,0.492919,0.828027],[0.0515184,-0.850736,0.523063]],[[0.96226,0.182427,0.201932],[-0.271082,0.577423,0.770128],[0.023892,-0.795803,0.605084]],[[0.96226,0.182427,0.201932],[-0.272132,0.644441,0.71459],[0.000227306,-0.742574,0.669764]]],1],[5962,[0.230296,0.787509,-0.571658],596,67.0064,[28.65,165.669,-2.38651],[27.5675,166.271,-1.81721],[-43.2376,15.4172,8.97141],false,[7.53629,40.4905,93.5014],[7.18093,92.2203,46.6883],[17.5873,133.076,23.3267],[24.1361,155.47,7.07084],[28.6549,169.178,-4.96354],[[[0.994552,0.0736183,0.0738005],[-0.104116,0.666952,0.73779],[0.00509343,-0.741455,0.670984]],[[0.96534,-0.110742,0.236337],[-0.146653,0.518901,0.842161],[-0.215898,-0.847631,0.484675]],[[0.96534,-0.110742,0.236337],[-0.122811,0.606271,0.785718],[-0.230296,-0.787509,0.571658]],[[0.96534,-0.110742,0.236337],[-0.101472,0.675033,0.730777],[-0.240463,-0.729429,0.640399]]],2],[5963,[-0.105397,-0.908064,0.405354],596,64.4285,[25.9168,35.8426,38.224],[26.1091,36.4148,39.5544],[-18.9413,7.54978,2.07166],false,[19.5966,42.5993,94.5174],[28.4341,90.0763,54.6226],[30.8742,68.1768,15.7545],[27.9545,43.0217,26.9836],[25.6645,34.2674,43.3302],[[[0.989461,-0.0867839,0.115908],[-0.0325786,0.646532,0.762191],[-0.141084,-0.757935,0.636891]],[[0.992369,-0.0698128,0.101636],[0.110549,0.868841,-0.482591],[-0.0546147,0.490144,0.869929]],[[0.992369,-0.0698128,0.101636],[0.0639932,-0.412973,-0.908492],[0.105397,0.908064,-0.405354]],[[0.992369,-0.0698128,0.101636],[-0.0134577,-0.880676,-0.473527],[0.122567,0.468546,-0.874895]]],3],[5964,[-0.203055,-0.887177,0.41435],596,50.5107,[40.045,43.3849,46.7715],[39.38,44.1492,48.001],[-20.6293,11.6718,2.16622],false,[32.9966,38.4379,92.1343],[48.3316,83.8411,59.4897],[45.2341,67.5214,28.2752],[41.2626,50.1693,36.3794],[39.2156,42.0335,51.4368],[[[0.958173,-0.279548,0.0613019],[0.10938,0.555644,0.824194],[-0.264464,-0.783015,0.56298]],[[0.976271,-0.21596,0.016031],[0.198045,0.860431,-0.469507],[0.0876012,0.461541,0.882783]],[[0.976271,-0.21596,0.016031],[-0.0752606,-0.407773,-0.909977],[0.203055,0.887177,-0.41435]],[[0.976271,-0.21596,0.016031],[-0.181088,-0.854737,-0.486448],[0.118756,0.472002,-0.873563]]],4]],[[0,200,0],[235.247,235.247,147.751]]]]}