{"metadata":{"formatVersion":2,"generatedBy":"LeapJS Playback 0.2.1","frames":1,"protocolVersion":6,"serviceVersion":"2.2.5+26752","frameRate":"1.1e+2","modified":"Tue Apr 21 2015 21:17:26 GMT-0300 (E. South America Standard Time)"},"frames":[["id","timestamp",{"hands":[["id","type","direction","palmNormal","palmPosition","palmVelocity","stabilizedPalmPosition","pinchStrength","grabStrength","confidence","armBasis","armWidth","elbow","wrist"]]},{"pointables":[["id","direction","handId","length","stabilizedTipPosition","tipPosition","tipVelocity","tool","carpPosition","mcpPosition","pipPosition","dipPosition","btipPosition","bases","type"]]},{"interactionBox":["center","size"]}],[1935946,442007253811,[[596,"right",[-0.0655814,0.832296,-0.550439],[0.240833,-0.522116,-0.818165],[9.73967,69.0272,57.0688],[20.0581,-9.42721,-3.75639],[11.2935,68.6951,57.8075],0.324396,0,0.691886,[[0.939403,0.314769,-0.135807],[-0.238786,0.885044,0.399599],[0.245976,-0.342955,0.906575]],63.72,[86.0357,-64.8397,336.369],[19.6221,27.7582,91.5939]]],[[5960,[0.164523,0.431279,-0.887091],596,52.1164,[-2.93011,54.1473,-2.15636],[-2.57518,53.3649,-2.1998],[20.3076,-16.4481,1.8099],false,[-5.15818,13.9625,79.9031],[-5.15818,13.9625,79.9031],[-22.6499,33.7731,37.5552],[-17.0404,48.4779,7.30932],[1.89844,54.9004,-4.84797],[[[0.161456,0.704338,0.69126],[-0.861431,-0.241187,0.446952],[0.481528,-0.667636,0.567797]],[[-0.0276494,0.901009,0.432918],[-0.936188,-0.175156,0.304751],[0.350412,-0.396866,0.848357]],[[-0.0276494,0.901009,0.432918],[-0.985986,0.0466973,-0.160161],[-0.164523,-0.431279,0.887091]],[[-0.0276494,0.901009,0.432918],[-0.586844,0.335966,-0.736709],[-0.809228,-0.274425,0.519463]]],0],[5961,[-0.0760382,0.793772,-0.603444],596,58.8075,[-24.392,151.875,-4.61542],[-23.773,151.451,-5.09173],[30.9156,-8.48695,-8.4711],false,[-2.75896,34.5795,91.3515],[-16.6635,86.3012,40.9133],[-21.0844,122.718,18.5522],[-22.9223,141.904,3.96673],[-23.8208,154.572,-7.46262],[[[0.94359,0.323321,0.0714243],[-0.271877,0.633412,0.72448],[0.188998,-0.703031,0.685585]],[[0.960883,0.219971,0.168273],[-0.257127,0.482806,0.837128],[0.102901,-0.84765,0.520481]],[[0.960883,0.219971,0.168273],[-0.26631,0.567044,0.779449],[0.0760382,-0.793772,0.603444]],[[0.960883,0.219971,0.168273],[-0.271914,0.633931,0.724013],[0.0525888,-0.741448,0.668947]]],1],[5962,[0.178947,0.794848,-0.579823],596,67.0064,[18.9461,166.555,-2.90961],[19.8897,166.301,-2.9847],[34.6432,-19.1551,-17.2078],false,[8.1606,40.0102,93.051],[4.13583,91.6227,46.2799],[12.1017,132.813,22.5483],[17.1903,155.416,6.06027],[20.7412,169.266,-6.13366],[[[0.99288,0.112616,0.0388329],[-0.104223,0.663366,0.741001],[0.057688,-0.739772,0.67038]],[[0.976669,-0.072395,0.20218],[-0.137131,0.514279,0.846589],[-0.165266,-0.854562,0.492352]],[[0.976669,-0.072395,0.20218],[-0.118726,0.602474,0.789258],[-0.178947,-0.794848,0.579823]],[[0.976669,-0.072395,0.20218],[-0.102039,0.671954,0.73353],[-0.188959,-0.737046,0.648889]]],2],[5963,[-0.0523935,-0.916817,0.395856],596,64.4285,[25.8002,35.9656,38.2842],[25.0858,36.4675,38.0646],[9.5801,-15.6943,-3.20594],false,[20.1572,42.5911,93.6429],[25.722,90.3235,53.463],[27.6485,68.7333,14.3936],[26.1971,43.3356,25.3597],[24.8713,34.2666,41.6411],[[[0.99556,-0.0478053,0.0810905],[-0.0311276,0.645796,0.762875],[-0.0888374,-0.762012,0.641441]],[[0.997458,-0.028875,0.0651429],[0.0567278,0.875021,-0.48075],[-0.0431197,0.483223,0.874435]],[[0.997458,-0.028875,0.0651429],[0.0482937,-0.398263,-0.915999],[0.0523935,0.916817,-0.395856]],[[0.997458,-0.028875,0.0651429],[0.00645777,-0.87382,-0.486207],[0.0709623,0.485392,-0.871412]]],3],[5964,[-0.14546,-0.89748,0.416379],596,50.5107,[39.7431,43.6424,46.8438],[38.4528,44.6258,46.3625],[13.154,-18.4821,-5.43669],false,[33.6181,38.9545,90.7906],[46.0071,84.8791,57.6284],[42.4163,68.3669,26.5684],[39.5712,50.8133,34.7122],[38.4836,42.474,49.7582],[[[0.969953,-0.241721,0.027614],[0.116372,0.560623,0.819853],[-0.213657,-0.792005,0.571907]],[[0.985091,-0.170455,-0.0232675],[0.138864,0.867681,-0.477332],[0.101552,0.466985,0.878415]],[[0.985091,-0.170455,-0.0232675],[-0.0918558,-0.406786,-0.908894],[0.14546,0.89748,-0.416379]],[[0.985091,-0.170455,-0.0232675],[-0.160046,-0.858414,-0.487351],[0.0630981,0.483809,-0.872896]]],4]],[[0,200,0],[235.247,235.247,147.751]]]]}