{"metadata":{"formatVersion":2,"generatedBy":"LeapJS Playback 0.2.1","frames":1,"frameRate":"1.1e+2","modified":"Sun Apr 12 2015 22:21:22 GMT-0300 (E. South America Standard Time)","title":"a"},"frames":[["id","timestamp",{"hands":[["id","type","direction","palmNormal","palmPosition","palmVelocity","stabilizedPalmPosition","pinchStrength","grabStrength","confidence","armBasis","armWidth","elbow","wrist"]]},{"pointables":[["id","direction","handId","length","stabilizedTipPosition","tipPosition","tipVelocity","tool","carpPosition","mcpPosition","pipPosition","dipPosition","btipPosition","bases","type"]]},{"interactionBox":["center","size"]}],[69199,6093347534,[[69,"right",[0.0351694,0.979446,0.198617],[-0.157278,0.201688,-0.96674],[-20.9289,132.344,36.4686],[-5.22293,-12.5069,-3.3615],[-17.0205,134.885,38.431],0.567152,1,0.392057,[[0.981386,0.0149839,-0.19146],[0.0827634,0.866623,0.492051],[0.173297,-0.498738,0.849252]],55.9505,[25.6908,-33.1205,230.979],[-15.3941,85.1196,29.6396]]],[[690,[0.149395,0.951878,-0.267598],69,45.7618,[-34.4355,173.248,4.81709],[-35.7476,170.733,3.37622],[-13.6617,-13.647,-4.40387],false,[-41.6961,84.1584,23.9087],[-41.6961,84.1584,23.9087],[-42.2908,127.211,15.707],[-37.8181,155.709,7.69558],[-35.4884,175.467,2.55031],[[[0.544673,0.00961515,0.838593],[-0.737662,-0.470218,0.484509],[0.39898,-0.882498,-0.249023]],[[0.461785,0.17214,0.870128],[-0.886888,0.074604,0.455921],[0.0135671,-0.982243,0.18712]],[[0.461785,0.17214,0.870128],[-0.87432,0.253566,0.413847],[-0.149395,-0.951878,0.267598]],[[0.461785,0.17214,0.870128],[-0.879717,0.214264,0.424486],[-0.113366,-0.961488,0.250379]]],0],[691,[0.00565187,-0.49541,-0.868641],69,51.637,[-47.061,146.545,-13.5681],[-46.8342,142.544,-16.5078],[2.31153,-14.4677,-7.38749],false,[-31.676,89.8786,41.2318],[-41.5543,153.524,46.2047],[-47.9022,161.457,9.87462],[-47.7822,150.942,-8.56078],[-46.4914,139.878,-18.61],[[[0.978822,0.161728,-0.125502],[0.1361,-0.056159,0.989102],[0.152918,-0.985236,-0.0769809]],[[0.967497,0.222326,-0.120503],[-0.188772,0.952026,0.240856],[0.168271,-0.21028,0.963051]],[[0.967497,0.222326,-0.120503],[-0.25282,0.839726,-0.480564],[-0.00565187,0.49541,0.868641]],[[0.967497,0.222326,-0.120503],[-0.237795,0.637705,-0.732657],[-0.0860429,0.737498,0.669845]]],1],[692,[-0.0661388,-0.934993,-0.348444],69,58.8363,[-35.4533,127.553,0.862757],[-35.6005,123.445,-2.08879],[2.54955,-13.5514,-5.79255],false,[-21.0825,92.0341,41.4077],[-22.1669,153.184,44.9414],[-35.0418,158.962,5.04025],[-36.6932,135.616,-3.66009],[-35.0224,119.456,-0.773957],[[[0.952843,0.0343208,-0.301516],[0.302946,-0.0496255,0.951715],[0.0177007,-0.998178,-0.0576826]],[[0.952606,0.0447505,-0.300896],[-0.00110667,0.989624,0.143677],[0.304204,-0.136535,0.942772]],[[0.952606,0.0447505,-0.300896],[-0.296929,0.351831,-0.887721],[0.0661388,0.934993,0.348444]],[[0.952606,0.0447505,-0.300896],[-0.28686,-0.197088,-0.93748],[-0.101256,0.979364,-0.17491]]],2],[693,[-0.182422,-0.970861,-0.155403],69,56.5726,[-21.4526,122.036,5.85316],[-21.4654,119.133,5.34928],[2.75557,-11.0834,-0.192076],false,[-10.6278,93.0823,38.9651],[-3.42692,147.583,40.7242],[-17.4388,154.154,4.67389],[-21.8761,130.538,0.893812],[-20.8995,115.641,7.69732],[[[0.919496,-0.109301,-0.377598],[0.370658,-0.078841,0.925417],[-0.130919,-0.990877,-0.0319808]],[[0.919103,-0.11224,-0.377692],[0.166397,0.979464,0.113851],[0.357157,-0.167488,0.918905]],[[0.919103,-0.11224,-0.377692],[-0.349244,0.211731,-0.912797],[0.182422,0.970861,0.155403]],[[0.919103,-0.11224,-0.377692],[-0.389493,-0.403636,-0.827872],[-0.0595293,0.908009,-0.414701]]],3],[694,[-0.332397,-0.927121,-0.173087],69,44.3519,[-8.04186,125.877,7.41857],[-8.28825,122.873,7.19031],[4.10309,-10.1122,1.33348],false,[-1.43398,92.3651,30.5311],[12.4685,141.288,32.9011],[-2.15183,149.557,6.78924],[-7.8604,133.635,3.81664],[-7.89859,119.454,9.10502],[[[0.824196,-0.20871,-0.526442],[0.496129,-0.182111,0.848936],[-0.273053,-0.960872,-0.0465484]],[[0.827089,-0.198349,-0.52591],[0.306888,0.94325,0.126886],[0.470897,-0.266342,0.841022]],[[0.827089,-0.198349,-0.52591],[-0.453251,0.31797,-0.832742],[0.332397,0.927121,0.173087]],[[0.827089,-0.198349,-0.52591],[-0.562066,-0.287668,-0.775455],[0.00252327,0.936966,-0.349412]]],4]],[[0,200,0],[235.247,235.247,147.751]]]]}