{"metadata":{"formatVersion":2,"generatedBy":"LeapJS Playback 0.2.1","frames":1,"frameRate":"1.1e+2","modified":"Sun Apr 12 2015 22:21:45 GMT-0300 (E. South America Standard Time)","title":"a"},"frames":[["id","timestamp",{"hands":[["id","type","direction","palmNormal","palmPosition","palmVelocity","stabilizedPalmPosition","pinchStrength","grabStrength","confidence","armBasis","armWidth","elbow","wrist"]]},{"pointables":[["id","direction","handId","length","stabilizedTipPosition","tipPosition","tipVelocity","tool","carpPosition","mcpPosition","pipPosition","dipPosition","btipPosition","bases","type"]]},{"interactionBox":["center","size"]}],[69298,6094223548,[[69,"right",[0.0590711,0.948583,0.310968],[-0.241794,0.315832,-0.917489],[-20.7207,135.305,33.5839],[-2.29182,0.456953,-3.57192],[-17.8231,134.56,37.8121],0.530417,1,0.185905,[[0.983659,-0.0149549,-0.179417],[0.0948056,0.890211,0.445573],[0.153056,-0.455302,0.877083]],55.9505,[20.1644,-18.6722,228.597],[-16.1217,89.2702,20.6593]]],[[690,[0.155101,0.97791,-0.14013],69,45.7618,[-33.3242,174.27,4.74409],[-33.0432,177.065,6.72795],[0.607304,4.46362,12.0397],false,[-42.8364,88.8895,17.2327],[-42.8364,88.8895,17.2327],[-39.817,132.467,13.6199],[-35.1735,161.744,9.42461],[-31.979,181.838,6.54014],[[[0.617527,-0.088942,0.781505],[-0.694385,-0.528338,0.488557],[0.369445,-0.844363,-0.388023]],[[0.559877,0.0298551,0.828038],[-0.825707,0.10319,0.554581],[-0.068888,-0.994214,0.0824252]],[[0.559877,0.0298551,0.828038],[-0.81393,0.206885,0.542879],[-0.155101,-0.97791,0.14013]],[[0.559877,0.0298551,0.828038],[-0.813863,0.207306,0.542818],[-0.155451,-0.97782,0.140364]]],0],[691,[-0.0797701,-0.371551,-0.924979],69,51.637,[-47.2183,149.285,-14.9941],[-51.3673,152.627,-14.9459],[7.17465,-1.40862,-10.7853],false,[-31.271,92.5283,34.1505],[-40.2566,155.069,47.6029],[-49.9461,168.232,13.6038],[-51.6391,160.347,-6.02728],[-51.3462,150.663,-17.4817],[[[0.964696,0.179964,-0.192285],[0.223634,-0.174145,0.95899],[0.139098,-0.968136,-0.208243]],[[0.954063,0.240378,-0.178835],[-0.154241,0.905793,0.39465],[0.256853,-0.348938,0.90126]],[[0.954063,0.240378,-0.178835],[-0.288791,0.896754,-0.335309],[0.0797701,0.371551,0.924979]],[[0.954063,0.240378,-0.178835],[-0.298969,0.724944,-0.620543],[-0.0195194,0.645503,0.763508]]],1],[692,[-0.102125,-0.887946,-0.448466],69,58.8363,[-35.7207,128.553,-1.28472],[-38.7155,130.882,-3.9929],[5.79916,-1.66439,-7.22451],false,[-20.6906,94.6936,33.6351],[-21.0624,154.968,44.577],[-37.4156,165.435,6.97011],[-39.9656,143.264,-4.22769],[-38.1263,126.887,-3.4039],[[[0.922266,0.0745439,-0.3793],[0.386508,-0.162426,0.907871],[0.00606802,-0.983901,-0.178612]],[[0.922156,0.0845788,-0.377458],[0.0181925,0.96524,0.260732],[0.38639,-0.247302,0.888563]],[[0.922156,0.0845788,-0.377458],[-0.373093,0.452104,-0.810187],[0.102125,0.887946,0.448466]],[[0.922156,0.0845788,-0.377458],[-0.370409,-0.0881122,-0.92468],[-0.111467,0.992513,-0.0499245]]],2],[693,[-0.222862,-0.94234,-0.249657],69,56.5726,[-21.5018,122.768,5.0396],[-24.2294,126.354,2.19251],[4.99217,-0.816185,-3.91046],false,[-10.4896,96.0741,30.41],[-2.81086,149.998,38.0561],[-19.7658,161.339,4.54419],[-25.1867,138.417,-1.52852],[-23.9462,122.851,3.50027],[[[0.881328,-0.0590269,-0.468803],[0.451408,-0.187967,0.872295],[-0.139608,-0.9804,-0.139015]],[[0.877725,-0.082532,-0.472003],[0.206941,0.953744,0.218056],[0.432173,-0.28907,0.854204]],[[0.877725,-0.082532,-0.472003],[-0.424182,0.324322,-0.845509],[0.222862,0.94234,0.249657]],[[0.877725,-0.082532,-0.472003],[-0.47316,-0.304735,-0.826593],[-0.0756157,0.948854,-0.306525]]],3],[694,[-0.387867,-0.895549,-0.218064],69,44.3519,[-8.0521,126.18,6.77587],[-10.8414,129.692,3.69427],[0.994766,0.63563,4.18684],false,[-2.09162,96.4173,21.1618],[12.2806,144.76,28.1415],[-4.33239,156.338,4.60573],[-10.9936,140.958,0.860712],[-11.0041,126.396,4.98748],[[[0.772465,-0.140226,-0.619382],[0.568873,-0.280732,0.773029],[-0.28228,-0.949487,-0.137085]],[[0.760761,-0.177475,-0.624296],[0.367333,0.910742,0.188722],[0.535079,-0.372897,0.758049]],[[0.760761,-0.177475,-0.624296],[-0.520387,0.408038,-0.750135],[0.387867,0.895549,0.218064]],[[0.760761,-0.177475,-0.624296],[-0.649032,-0.206997,-0.732058],[0.000694828,0.96211,-0.272662]]],4]],[[0,200,0],[235.247,235.247,147.751]]]]}