{"metadata":{"formatVersion":2,"generatedBy":"LeapJS Playback 0.2.1","frames":1,"frameRate":"1.1e+2","modified":"Sun Apr 12 2015 22:22:13 GMT-0300 (E. South America Standard Time)","title":"b"},"frames":[["id","timestamp",{"hands":[["id","type","direction","palmNormal","palmPosition","palmVelocity","stabilizedPalmPosition","pinchStrength","grabStrength","confidence","armBasis","armWidth","elbow","wrist"]]},{"pointables":[["id","direction","handId","length","stabilizedTipPosition","tipPosition","tipVelocity","tool","carpPosition","mcpPosition","pipPosition","dipPosition","btipPosition","bases","type"]]},{"interactionBox":["center","size"]}],[23680,5524633164,[[18,"right",[-0.125408,0.969479,-0.210675],[0.0701297,-0.203158,-0.976631],[-47.9615,119.645,23.4718],[-1.99558,22.5737,-8.09884],[-44.2448,112.29,25.0884],0,0,0.421533,[[0.981086,0.106341,0.161744],[-0.143459,0.960433,0.238721],[-0.129958,-0.25741,0.957523]],54.135,[-65.8672,17.7568,256.639],[-36.0566,76.8029,36.9967]]],[[180,[0.58989,0.575095,-0.566829],18,44.2768,[-36.235,120.808,-19.6489],[-37.0557,129.09,-21.8323],[4.1028,24.5665,-11.2394],false,[-59.017,68.7962,27.6185],[-59.017,68.7962,27.6185],[-62.0197,103.324,3.17791],[-44.9325,119.982,-13.2413],[-34.0347,132.004,-24.7327],[[[0.311025,0.426117,0.849522],[-0.778864,-0.397958,0.484769],[0.544642,-0.812437,0.208112]],[[0.197688,0.577753,0.79191],[-0.977705,0.0578603,0.201856],[0.0708027,-0.814158,0.57631]],[[0.197688,0.577753,0.79191],[-0.782911,0.579195,-0.227121],[-0.58989,-0.575095,0.566829]],[[0.197688,0.577753,0.79191],[-0.812723,0.548289,-0.197131],[-0.548088,-0.604633,0.577943]]],0],[181,[-0.382134,0.854524,-0.351799],18,49.9615,[-95.6993,192.346,5.83902],[-98.0671,196.647,-1.65872],[-2.97709,21.8828,-8.24771],false,[-54.5411,81.9249,42.2185],[-71.803,137.691,19.8849],[-85.9919,169.637,9.37894],[-93.8389,187.184,2.15489],[-99.2886,199.3,-3.69352],[[[0.954518,0.298081,0.00653524],[-0.112341,0.339263,0.933959],[0.276178,-0.892215,0.35732]],[[0.917451,0.396423,-0.0336463],[-0.0846566,0.277155,0.957088],[0.388737,-0.875233,0.287836]],[[0.917451,0.396423,-0.0336463],[-0.11071,0.335616,0.935471],[0.382134,-0.854524,0.351799]],[[0.917451,0.396423,-0.0336463],[-0.131637,0.38228,0.914622],[0.37544,-0.834692,0.402907]]],1],[182,[-0.145283,0.93673,-0.318482],18,56.9271,[-63.3356,211.178,-0.589613],[-63.7327,213.662,-0.623952],[-19.5523,25.6179,9.41345],false,[-44.9639,85.9468,43.458],[-53.4267,140.723,22.4527],[-59.1459,180.064,12.6309],[-62.6558,202.695,4.93678],[-65.0379,217.254,-1.16698],[[[0.988127,0.112566,-0.104563],[0.0567396,0.365102,0.929237],[0.142777,-0.924137,0.354381]],[[0.987428,0.117015,-0.106269],[0.0740279,0.251674,0.964977],[0.139662,-0.960712,0.239848]],[[0.987428,0.117015,-0.106269],[0.0622779,0.329917,0.941953],[0.145283,-0.93673,0.318482]],[[0.987428,0.117015,-0.106269],[0.0521702,0.393366,0.917901],[0.149211,-0.911905,0.382316]]],2],[183,[0.168514,0.902447,-0.396476],18,54.7369,[-20.8033,199.188,0.107083],[-22.0793,205.415,-2.22883],[6.91183,21.3814,-5.73768],false,[-34.7574,88.0393,42.8358],[-34.3648,137.959,24.3966],[-27.5336,173.335,12.4499],[-23.5676,194.574,3.11887],[-21.0558,208.436,-4.19479],[[[0.99126,-0.0525006,-0.121024],[0.131714,0.342566,0.930215],[-0.00737811,-0.938026,0.346487]],[[0.975974,-0.209122,-0.061181],[0.122835,0.296157,0.947208],[-0.179963,-0.931965,0.314729]],[[0.975974,-0.209122,-0.061181],[0.138125,0.37664,0.916004],[-0.168514,-0.902447,0.396476]],[[0.975974,-0.209122,-0.061181],[0.149783,0.439995,0.88542],[-0.158242,-0.873311,0.460747]]],3],[184,[0.279105,0.907255,-0.314624],18,42.9127,[-1.0666,179.623,8.67553],[-1.15039,185.799,6.43512],[15.3618,18.6901,-4.16498],false,[-24.0716,86.208,37.4822],[-16.9938,132.75,22.9696],[-7.95156,160.492,15.8266],[-3.31376,175.568,10.5985],[0.488582,188.591,5.08637],[[[0.948264,-0.216589,-0.232132],[0.283115,0.246003,0.927],[-0.143673,-0.94476,0.294595]],[[0.918475,-0.347824,-0.188208],[0.256516,0.161744,0.95291],[-0.301004,-0.923503,0.237781]],[[0.918475,-0.347824,-0.188208],[0.280186,0.236444,0.930371],[-0.279105,-0.907255,0.314624]],[[0.918475,-0.347824,-0.188208],[0.298303,0.296857,0.907134],[-0.259652,-0.889322,0.376413]]],4]],[[0,200,0],[235.247,235.247,147.751]]]]}