{"metadata":{"formatVersion":2,"generatedBy":"LeapJS Playback 0.2.1","frames":1,"frameRate":"1.1e+2","modified":"Sun Apr 12 2015 22:22:37 GMT-0300 (E. South America Standard Time)","title":"c"},"frames":[["id","timestamp",{"hands":[["id","type","direction","palmNormal","palmPosition","palmVelocity","stabilizedPalmPosition","pinchStrength","grabStrength","confidence","armBasis","armWidth","elbow","wrist"]]},{"pointables":[["id","direction","handId","length","stabilizedTipPosition","tipPosition","tipVelocity","tool","carpPosition","mcpPosition","pipPosition","dipPosition","btipPosition","bases","type"]]},{"interactionBox":["center","size"]}],[74831,6164684399,[[71,"right",[-0.702,0.711921,-0.0190903],[-0.708115,-0.700604,-0.0878995],[20.8146,118.82,35.8605],[13.5843,17.3385,10.6203],[12.2029,117.013,32.7294],0,0.154756,0.300736,[[0.521936,0.0282508,-0.852517],[0.0283968,0.998322,0.0504679],[0.852512,-0.0505498,0.520258]],54.429,[252.919,77.2223,150.568],[56.3028,88.8807,30.5805]]],[[710,[-0.986981,0.159317,0.0220739],71,44.5173,[-45.1619,92.2304,50.5443],[-35.8424,93.1461,57.8808],[4.77725,18.0927,-4.41102],false,[49.9727,79.1631,54.078],[49.9727,79.1631,54.078],[7.96409,86.0791,56.4312],[-20.7808,90.7191,57.0741],[-40.3139,94.0797,59.6838],[[[0.526937,0.784949,-0.325872],[0.529519,-0.00329841,0.848292],[0.664791,-0.619552,-0.417383]],[[0.156604,0.983185,-0.093932],[0.0694962,0.0839003,0.994048],[0.985213,-0.1622,-0.0551885]],[[0.156604,0.983185,-0.093932],[0.0366677,0.0892522,0.995334],[0.986981,-0.159317,-0.0220739]],[[0.156604,0.983185,-0.093932],[0.144139,0.071336,0.986983],[0.977087,-0.168105,-0.130544]]],0],[711,[-0.813432,0.562352,-0.148626],71,50.2328,[-42.7565,168.383,45.0966],[-37.0313,179.482,49.1104],[-4.47881,20.3094,-8.21186],false,[55.9066,97.7038,48.5102],[5.50508,134.286,56.9136],[-9.59106,167.621,54.157],[-26.3853,179.232,51.0885],[-40.6782,180.604,48.4763],[[[-0.0429932,0.167036,-0.985013],[0.595733,0.79576,0.108941],[0.802031,-0.582121,-0.133721]],[[0.17979,0.0000745611,-0.983705],[0.893565,0.418163,0.163347],[0.411361,-0.908372,0.0751147]],[[0.17979,0.0000745611,-0.983705],[0.553177,0.826898,0.101166],[0.813431,-0.562352,0.148626]],[[0.17979,0.0000745611,-0.983705],[0.0924838,0.995569,0.0169785],[0.979348,-0.0940293,0.178986]]],1],[712,[-0.907921,0.410748,-0.0834554],71,57.2362,[-51.6179,167.89,29.5109],[-48.2017,179.261,30.9532],[-4.80647,14.6569,2.60587],false,[55.922,100.892,38.4871],[8.1739,136.552,38.3376],[-14.6356,170.508,33.6555],[-36.689,180.485,31.6283],[-52.6967,179.435,31.0639],[[[-0.0351642,-0.0512677,-0.998066],[0.597351,0.79957,-0.0621177],[0.801208,-0.59838,0.00250857]],[[0.0421421,-0.108644,-0.993187],[0.831449,0.555018,-0.0254334],[0.554,-0.824713,0.113721]],[[0.0421421,-0.108644,-0.993187],[0.417017,0.905253,-0.08133],[0.907921,-0.410748,0.0834554]],[[0.0421421,-0.108644,-0.993187],[-0.0611309,0.991927,-0.1111],[0.99724,0.0653964,0.0351604]]],2],[713,[-0.871901,0.453016,-0.185916],71,55.0341,[-43.6644,167.779,6.46202],[-39.1389,175.902,5.10906],[-6.72639,-9.29258,-2.69695],false,[55.4527,101.391,28.0155],[13.46,133.529,19.8503],[-7.14693,164.293,10.6047],[-27.7785,175.013,6.20544],[-43.6433,175.759,4.63595],[[[0.0381933,-0.198894,-0.979277],[0.618549,0.774382,-0.133155],[0.784817,-0.600645,0.152602]],[[0.0847935,-0.234258,-0.96847],[0.837419,0.543461,-0.0581355],[0.539944,-0.806085,0.242254]],[[0.0847935,-0.234258,-0.96847],[0.482284,0.860174,-0.165837],[0.871901,-0.453016,0.185916]],[[0.0847935,-0.234258,-0.96847],[0.0683093,0.97105,-0.228901],[0.994054,-0.0467461,0.0983407]]],3],[714,[-0.808761,0.587894,0.0169375],71,43.1457,[-26.1653,158.221,1.482],[-20.1969,165.537,1.51359],[4.43719,6.92487,2.26813],false,[53.1057,95.9842,17.3827],[16.9902,126.78,3.22162],[3.72908,153.693,-0.256919],[-9.78282,163.515,0.0260543],[-24.0967,166.364,1.9689],[[[0.0260399,-0.392273,-0.91948],[0.68385,0.677891,-0.269838],[0.729158,-0.62176,0.285908]],[[-0.172313,-0.209319,-0.962546],[0.881779,0.40277,-0.245442],[0.43906,-0.891045,0.11517]],[[-0.172313,-0.209319,-0.962546],[0.562329,0.781388,-0.270591],[0.808761,-0.587894,-0.0169375]],[[-0.172313,-0.209319,-0.962546],[0.15865,0.958507,-0.236842],[0.972182,-0.193519,-0.131955]]],4]],[[0,200,0],[235.247,235.247,147.751]]]]}