{"metadata":{"formatVersion":2,"generatedBy":"LeapJS Playback 0.2.1","frames":1,"frameRate":"1.1e+2","modified":"Sun Apr 12 2015 22:19:12 GMT-0300 (E. South America Standard Time)","title":"5"},"frames":[["id","timestamp",{"hands":[["id","type","direction","palmNormal","palmPosition","palmVelocity","stabilizedPalmPosition","pinchStrength","grabStrength","confidence","armBasis","armWidth","elbow","wrist"]]},{"pointables":[["id","direction","handId","length","stabilizedTipPosition","tipPosition","tipVelocity","tool","carpPosition","mcpPosition","pipPosition","dipPosition","btipPosition","bases","type"]]},{"interactionBox":["center","size"]}],[96895,6416011660,[[88,"right",[0.126854,0.916898,-0.378426],[-0.239394,-0.34193,-0.908721],[-30.0345,123.897,46.3471],[0.412767,8.78847,-1.15292],[-26.9754,117.617,41.8306],1,1,0.544385,[[0.865341,-0.104785,-0.490108],[0.243356,0.94273,0.228117],[0.438136,-0.31667,0.841283]],57.8956,[78.8319,1.14054,273.645],[-28.6518,78.8261,67.2612]]],[[880,[0.452578,0.370258,-0.811223],88,47.3526,[-28.9873,114.961,-0.70164],[-28.8041,116.144,-1.46994],[0.838203,9.18019,-3.9187],false,[-56.3289,77.9525,64.0827],[-56.3289,77.9525,64.0827],[-56.4703,108.877,30.9058],[-42.4499,120.347,5.77492],[-24.5596,114.263,-3.97665],[[[0.626222,0.401908,0.668069],[-0.717141,-0.0392359,0.695823],[0.305869,-0.914839,0.263654]],[[0.527006,0.622792,0.578269],[-0.849856,0.3837,0.361275],[0.00311741,-0.681839,0.731495]],[[0.527006,0.622792,0.578269],[-0.719332,0.68923,-0.0867334],[-0.452578,-0.370258,0.811223]],[[0.527006,0.622792,0.578269],[-0.120147,0.728191,-0.674761],[-0.841326,0.286126,0.458587]]],0],[881,[-0.22705,0.103025,-0.968418],88,53.4322,[-53.2929,166.918,10.6323],[-52.052,179.487,21.6072],[4.77713,13.9582,6.52767],false,[-43.7884,91.433,75.2572],[-48.5797,150.079,43.5406],[-45.8851,188.974,45.4629],[-50.8714,191.236,24.1954],[-52.501,176.127,21.0256],[[[0.970234,-0.0489961,-0.237163],[0.231321,0.477357,0.847715],[0.0716767,-0.877342,0.474481]],[[0.970754,-0.0557098,-0.233524],[0.22994,-0.0639257,0.971103],[-0.0690282,-0.996398,-0.0492462]],[[0.970754,-0.0557098,-0.233524],[0.0780092,0.993117,0.0873626],[0.22705,-0.103025,0.968418]],[[0.970754,-0.0557098,-0.233524],[-0.215911,0.222732,-0.95067],[0.104975,0.973287,0.20419]]],1],[882,[-0.293755,0.050965,-0.954521],88,60.8817,[-30.8171,166.823,6.84567],[-28.4304,177.74,14.2306],[4.86022,13.485,6.8865],false,[-32.731,92.0987,73.6896],[-28.8347,146.723,41.7614],[-16.8316,188.799,39.8864],[-24.4214,190.115,15.2243],[-29.6683,173.912,14.0174],[[[0.917251,-0.247733,-0.311895],[0.393538,0.442824,0.805627],[-0.0614658,-0.861705,0.503673]],[[0.914918,-0.2742,-0.296208],[0.296322,-0.0420129,0.954164],[-0.274076,-0.960755,0.042813]],[[0.914918,-0.2742,-0.296208],[0.276826,0.960321,-0.0339187],[0.293755,-0.050965,0.954521]],[[0.914918,-0.2742,-0.296208],[-0.261714,0.155697,-0.952504],[0.307295,0.948985,0.070688]]],2],[883,[-0.46227,-0.867871,-0.181953],88,58.5393,[-24.6886,108.319,1.35977],[-32.8962,115.051,4.91994],[-0.426125,10.7276,-1.31665],false,[-22.175,90.3516,70.5089],[-10.4637,137.261,40.4821],[-19.2796,146.763,2.01132],[-30.9149,124.918,-2.56842],[-33.6253,111.531,7.51297],[[[0.865915,-0.404512,-0.294214],[0.455906,0.396298,0.796931],[-0.205772,-0.824208,0.527579]],[[0.867141,-0.399531,-0.297392],[0.448226,0.886336,0.116199],[0.217165,-0.23406,0.947658]],[[0.867141,-0.399531,-0.297392],[-0.185402,0.295254,-0.937257],[0.46227,0.867871,0.181953]],[[0.867141,-0.399531,-0.297392],[-0.471778,-0.467473,-0.747592],[0.159663,0.788571,-0.593855]]],3],[884,[-0.597325,-0.779964,-0.186707],88,45.8938,[-8.29342,104.445,13.5027],[-17.1272,112.725,10.3808],[-1.65817,5.3496,2.44471],false,[-13.6769,83.8577,63.2404],[4.55562,125.511,36.6271],[-3.83856,135.741,7.35166],[-14.4536,121.88,4.03369],[-18.1319,109.322,12.6381],[[[0.748967,-0.557068,-0.35878],[0.565054,0.254173,0.784927],[-0.346066,-0.790614,0.505141]],[[0.772525,-0.49703,-0.39518],[0.578738,0.807205,0.116112],[0.26128,-0.318405,0.911236]],[[0.772525,-0.49703,-0.39518],[-0.215427,0.380287,-0.899429],[0.597325,0.779964,0.186707]],[[0.772525,-0.49703,-0.39518],[-0.589954,-0.331618,-0.736196],[0.234862,0.801867,-0.549407]]],4]],[[0,200,0],[235.247,235.247,147.751]]]]}