{"metadata":{"formatVersion":2,"generatedBy":"LeapJS Playback 0.2.1","frames":1,"frameRate":"1.1e+2","modified":"Sun Apr 12 2015 22:18:53 GMT-0300 (E. South America Standard Time)","title":"5"},"frames":[["id","timestamp",{"hands":[["id","type","direction","palmNormal","palmPosition","palmVelocity","stabilizedPalmPosition","pinchStrength","grabStrength","confidence","armBasis","armWidth","elbow","wrist"]]},{"pointables":[["id","direction","handId","length","stabilizedTipPosition","tipPosition","tipVelocity","tool","carpPosition","mcpPosition","pipPosition","dipPosition","btipPosition","bases","type"]]},{"interactionBox":["center","size"]}],[96817,6415317869,[[88,"right",[0.0894176,0.910523,-0.403673],[-0.162289,-0.386561,-0.907873],[-30.8563,122.473,47.1399],[-1.39353,1.15094,-4.07975],[-26.4879,116.922,41.154],1,1,0.57949,[[0.876385,-0.0265969,-0.480875],[0.17184,0.950023,0.260629],[0.449911,-0.311045,0.837157]],57.8956,[82.5719,1.99437,275.097],[-27.8004,78.3001,69.7253]]],[[880,[0.38616,0.466397,-0.795836],88,47.3526,[-29.8379,114.862,-1.60373],[-27.8022,116.338,0.707558],[7.27466,-17.3155,1.5107],false,[-55.1247,75.4755,65.0038],[-55.1247,75.4755,65.0038],[-53.4969,105.912,31.4173],[-41.534,120.36,6.76308],[-22.7977,113.817,-0.873116],[[[0.558033,0.464395,0.687704],[-0.753176,-0.0644131,0.654657],[0.348317,-0.883283,0.313827]],[[0.4708,0.64227,0.604845],[-0.88151,0.370347,0.292888],[-0.0358892,-0.671068,0.740526]],[[0.4708,0.64227,0.604845],[-0.793239,0.608246,-0.0284388],[-0.38616,-0.466397,0.795836]],[[0.4708,0.64227,0.604845],[-0.0445348,0.702006,-0.710778],[-0.881115,0.307697,0.359108]]],0],[881,[-0.175148,0.055876,-0.982955],88,53.4322,[-53.2409,164.288,8.11131],[-54.9043,175.615,19.1535],[3.64014,6.59939,1.78441],false,[-44.1708,90.1207,76.3789],[-50.86,147.252,42.3269],[-50.8041,186.282,42.9771],[-54.6505,187.509,21.3904],[-55.1084,172.229,18.6876],[[[0.983746,0.00826955,-0.179373],[0.149094,0.519088,0.841617],[0.10007,-0.854681,0.509418]],[[0.984507,0.00150991,-0.175339],[0.175339,-0.0166512,0.984367],[-0.00143329,-0.99986,-0.016658]],[[0.984507,0.00150991,-0.175339],[0.00831305,0.998437,0.0552748],[0.175148,-0.055876,0.982955]],[[0.984507,0.00150991,-0.175339],[-0.172846,0.176581,-0.968991],[0.0294984,0.984285,0.174107]]],1],[882,[-0.239097,0.000492521,-0.970996],88,60.8817,[-31.0256,164.741,5.24398],[-30.834,175.249,13.2208],[3.20732,3.935,0.193063],false,[-33.1062,91.4725,75.4227],[-30.8682,145.167,41.8027],[-21.5253,187.867,39.0946],[-27.7029,187.88,14.0068],[-31.8093,171.333,13.0843],[[[0.948294,-0.195891,-0.249729],[0.315422,0.494122,0.810155],[-0.0353053,-0.847036,0.530362]],[[0.946753,-0.221942,-0.23324],[0.241138,0.0087857,0.970451],[-0.213335,-0.97502,0.0618365]],[[0.946753,-0.221942,-0.23324],[0.21562,0.97506,-0.0525994],[0.239097,-0.000492521,0.970996]],[[0.946753,-0.221942,-0.23324],[-0.214052,0.107245,-0.970917],[0.240501,0.969144,0.0540274]]],2],[883,[-0.401629,-0.901283,-0.162428],88,58.5393,[-22.6959,106.738,0.466536],[-30.6181,112.143,6.4078],[-7.40951,2.53117,-10.4829],false,[-22.2888,90.3323,72.9163],[-11.879,136.917,41.9208],[-18.7038,144.225,2.57587],[-28.8128,121.54,-1.51243],[-31.384,108.555,9.11588],[[[0.906269,-0.355092,-0.229318],[0.381082,0.451611,0.806737],[-0.182903,-0.818509,0.5446]],[[0.904535,-0.362662,-0.224261],[0.391859,0.914369,0.10186],[0.168117,-0.180015,0.969191]],[[0.904535,-0.362662,-0.224261],[-0.143216,0.236992,-0.960898],[0.401629,0.901283,0.162428]],[[0.904535,-0.362662,-0.224261],[-0.398593,-0.532337,-0.746821],[0.151461,0.764914,-0.626072]]],3],[884,[-0.68719,-0.707216,-0.166182],88,45.8938,[-6.8299,103.063,14.0122],[-15.6261,112.114,12.7489],[-6.75853,4.02427,-22.1878],false,[-12.9706,84.1878,66.3867],[4.07288,126.079,39.3608],[1.56629,132.375,7.95659],[-10.6458,119.807,5.00337],[-17.4029,109.574,14.7455],[[[0.803502,-0.517144,-0.294868],[0.499734,0.316784,0.806172],[-0.323498,-0.795116,0.512971]],[[0.726052,-0.660745,-0.19043],[0.683199,0.724572,0.0907453],[0.078021,-0.195988,0.977498]],[[0.726052,-0.660745,-0.19043],[-0.0248715,0.251518,-0.967533],[0.68719,0.707216,0.166182]],[[0.726052,-0.660745,-0.19043],[-0.535441,-0.369481,-0.759465],[0.431453,0.653375,-0.622052]]],4]],[[0,200,0],[235.247,235.247,147.751]]]]}