{"metadata":{"formatVersion":2,"generatedBy":"LeapJS Playback 0.2.1","frames":1,"frameRate":"1.1e+2","modified":"Sun Apr 12 2015 22:18:27 GMT-0300 (E. South America Standard Time)","title":"2"},"frames":[["id","timestamp",{"hands":[["id","type","direction","palmNormal","palmPosition","palmVelocity","stabilizedPalmPosition","pinchStrength","grabStrength","confidence","armBasis","armWidth","elbow","wrist"]]},{"pointables":[["id","direction","handId","length","stabilizedTipPosition","tipPosition","tipVelocity","tool","carpPosition","mcpPosition","pipPosition","dipPosition","btipPosition","bases","type"]]},{"interactionBox":["center","size"]}],[92465,6363911863,[[87,"right",[-0.973143,0.0139662,0.229777],[0.196571,-0.469048,0.861019],[-1.60652,189.6,-2.00751],[-2.68708,6.72857,4.68072],[5.01514,190.302,-6.26231],0.969381,0,0.509906,[[-0.0954605,-0.892478,-0.440875],[0.536526,0.326928,-0.777983],[0.838467,-0.310808,0.447629]],57.3278,[247.762,109.189,89.1068],[44.086,184.688,-19.6288]]],[[870,[-0.647206,-0.644462,0.407177],87,46.8882,[-1.5122,173.907,43.89],[-1.75334,167.728,38.3287],[7.88018,9.98099,-5.87961],false,[52.0647,202.737,-0.33328],[52.0647,202.737,-0.33328],[18.4748,203.307,29.4711],[-1.37846,183.538,41.9614],[-0.962795,163.229,36.4172],[[[-0.413918,0.0669121,-0.907852],[0.38829,0.914997,-0.109595],[0.823349,-0.397872,-0.404715]],[[-0.65012,0.187697,-0.736284],[0.133913,0.982145,0.132131],[0.747938,-0.0126973,-0.663647]],[[-0.65012,0.187697,-0.736284],[-0.398081,0.741242,0.540456],[0.647206,0.644462,-0.407177]],[[-0.65012,0.187697,-0.736284],[-0.759575,-0.185716,0.623342],[-0.0197409,0.96451,0.263308]]],0],[871,[-0.986627,-0.0378775,0.158534],87,52.9081,[-88.082,213.202,16.4277],[-92.5756,209.065,21.7488],[-4.37892,5.85228,-3.09613],false,[38.3689,204.715,-16.5603],[-21.1792,210.716,11.7071],[-59.6197,210.486,15.7441],[-81.0746,209.662,19.1915],[-96.0868,208.657,22.3396],[[[-0.281494,-0.868181,-0.408684],[-0.33372,0.487895,-0.806592],[0.899662,-0.0906644,-0.427068]],[[-0.0475995,-0.863274,-0.502487],[-0.0931573,0.504701,-0.858253],[0.994513,0.00595794,-0.104444]],[[-0.0475995,-0.863274,-0.502487],[-0.155892,0.503313,-0.849926],[0.986627,0.0378775,-0.158534]],[[-0.0475995,-0.863274,-0.502487],[-0.209636,0.500487,-0.839979],[0.97662,0.0653566,-0.204796]]],1],[872,[-0.92087,0.0727451,0.383022],87,60.2846,[-93.3355,200.081,14.1538],[-100.266,201.065,29.7408],[-5.74847,14.7954,-3.78631],false,[34.2961,195.996,-22.048],[-24.0322,194.131,1.06683],[-65.2437,198.709,13.763],[-88.803,200.57,23.5621],[-103.838,201.329,31.2574],[[[-0.0963147,-0.942817,-0.319093],[-0.356672,0.331985,-0.873253],[0.929252,0.0297045,-0.368252]],[[-0.190714,-0.940921,-0.279815],[-0.245941,0.321755,-0.914323],[0.950337,-0.105556,-0.292774]],[[-0.190714,-0.940921,-0.279815],[-0.340038,0.330721,-0.880339],[0.92087,-0.0727451,-0.383022]],[[-0.190714,-0.940921,-0.279815],[-0.415703,0.335639,-0.845303],[0.88928,-0.044891,-0.455154]]],2],[873,[0.897902,-0.0828739,0.432325],87,57.9652,[16.8357,167.235,47.6339],[21.4407,163.515,40.6692],[-1.43903,2.23487,1.27417],false,[32.262,185.873,-25.9931],[-20.74,176.687,-9.18767],[-13.2322,165.262,28.6136],[9.14622,163.196,39.3885],[25.9071,163.834,40.4987],[[[0.0686455,-0.950495,-0.303063],[-0.332838,0.264555,-0.905113],[0.940482,0.163003,-0.2982]],[[0.0560656,-0.952589,-0.299049],[-0.980802,-0.108578,0.161982],[-0.186772,0.284226,-0.940389]],[[0.0560656,-0.952589,-0.299049],[-0.436611,-0.292755,0.850685],[-0.897902,0.0828739,-0.432325]],[[0.0560656,-0.952589,-0.299049],[-0.0515644,-0.301883,0.95195],[-0.997095,-0.0379514,-0.0660449]]],3],[874,[0.853416,0.0449431,0.519289],87,45.4437,[10.2474,159.077,34.4579],[14.731,156.762,27.2927],[-2.7591,3.67424,1.1901],false,[34.3512,173.249,-25.5376],[-14.9191,159.411,-15.4138],[-11.3445,154.675,15.84],[3.67283,155.466,24.9778],[18.8609,157.416,27.4293],[[[0.231079,-0.9558,-0.181794],[-0.233703,0.126852,-0.963998],[0.94445,0.265246,-0.194061]],[[0.151738,-0.974547,-0.165026],[-0.982013,-0.167619,0.0869177],[-0.112367,0.148869,-0.982452]],[[0.151738,-0.974547,-0.165026],[-0.498655,-0.219632,0.838514],[-0.853416,-0.0449431,-0.519289]],[[0.151738,-0.974547,-0.165026],[-0.133308,-0.185612,0.973539],[-0.97939,-0.125723,-0.158079]]],4]],[[0,200,0],[235.247,235.247,147.751]]]]}