{"metadata":{"formatVersion":2,"generatedBy":"LeapJS Playback 0.2.1","frames":1,"frameRate":"1.1e+2","modified":"Sun Apr 12 2015 22:18:10 GMT-0300 (E. South America Standard Time)","title":"2"},"frames":[["id","timestamp",{"hands":[["id","type","direction","palmNormal","palmPosition","palmVelocity","stabilizedPalmPosition","pinchStrength","grabStrength","confidence","armBasis","armWidth","elbow","wrist"]]},{"pointables":[["id","direction","handId","length","stabilizedTipPosition","tipPosition","tipVelocity","tool","carpPosition","mcpPosition","pipPosition","dipPosition","btipPosition","bases","type"]]},{"interactionBox":["center","size"]}],[92376,6363114053,[[87,"right",[-0.970197,-0.0265521,0.240857],[0.229685,-0.417498,0.87917],[1.02772,190.157,-3.78696],[-5.65867,-3.61622,10.1291],[6.40574,190.53,-7.12699],0.967969,0,0.56527,[[-0.106996,-0.896833,-0.429235],[0.576307,0.295852,-0.761802],[0.810199,-0.328881,0.485196]],57.3278,[243.55,106.95,96.1359],[46.7405,186.84,-21.7252]]],[[870,[-0.608883,-0.652959,0.450451],87,46.8882,[-1.25985,174.605,44.0838],[-3.95057,169.221,43.6765],[-4.89609,-8.82238,-7.49179],false,[53.9396,206.161,-3.37886],[53.9396,206.161,-3.37886],[20.7101,203.979,26.7534],[2.03249,183.949,40.5711],[-5.37546,164.568,44.1543],[[[-0.425824,0.00274655,-0.904802],[0.338056,0.928059,-0.156281],[0.839281,-0.372422,-0.396119]],[[-0.67114,0.121316,-0.731337],[0.0458554,0.991424,0.122379],[0.739911,0.048598,-0.670947]],[[-0.67114,0.121316,-0.731337],[-0.422885,0.747614,0.512094],[0.608883,0.652959,-0.450451]],[[-0.67114,0.121316,-0.731337],[-0.652526,0.371514,0.660445],[0.351824,0.920467,-0.170175]]],0],[871,[-0.983597,-0.0760628,0.163561],87,52.9081,[-86.3932,215.123,14.5461],[-90.6614,206.661,20.2527],[-2.85164,-2.78224,6.5591],false,[39.9986,206.659,-19.5098],[-19.5023,210.829,9.18314],[-57.816,208.753,13.849],[-79.205,207.099,17.4057],[-94.1938,205.635,20.4846],[[[-0.239015,-0.899854,-0.364876],[-0.367097,0.431618,-0.823981],[0.89895,-0.0629991,-0.433497]],[[-0.00807416,-0.887273,-0.461174],[-0.131879,0.458106,-0.87906],[0.991233,0.0537217,-0.120712]],[[-0.00807416,-0.887273,-0.461174],[-0.180201,0.45493,-0.872104],[0.983597,0.0760628,-0.163561]],[[-0.00807416,-0.887273,-0.461174],[-0.221639,0.451306,-0.864407],[0.975095,0.0952348,-0.200298]]],1],[872,[-0.914517,0.0556661,0.4007],87,60.2846,[-91.1215,200.223,7.8064],[-97.2432,199.035,29.8253],[-7.16558,7.19989,3.01918],false,[36.3406,197.492,-24.5406],[-21.5755,193.641,-0.64814],[-62.6032,197.175,12.9448],[-86,198.599,23.1962],[-100.91,199.171,31.1462],[[[-0.0492598,-0.960399,-0.274238],[-0.382395,0.271786,-0.883123],[0.922685,0.061365,-0.38064]],[[-0.158074,-0.960914,-0.22728],[-0.28268,0.264578,-0.922004],[0.9461,-0.0814974,-0.313454]],[[-0.158074,-0.960914,-0.22728],[-0.372386,0.271191,-0.887572],[0.914517,-0.0556661,-0.4007]],[[-0.158074,-0.960914,-0.22728],[-0.444151,0.274768,-0.852779],[0.881897,-0.0338557,-0.470225]]],2],[873,[0.80103,-0.0721314,0.594262],87,57.9652,[13.3226,167.885,50.8041],[16.879,164.324,47.4063],[20.2955,-17.2523,-22.1533],false,[34.808,187.104,-27.9912],[-17.463,175.935,-10.1303],[-14.2906,165.964,28.6814],[5.67346,164.166,43.4922],[21.9322,164.785,47.7155],[[[0.116025,-0.958639,-0.259904],[-0.35533,0.204293,-0.912143],[0.927512,0.198184,-0.31693]],[[0.102907,-0.961343,-0.2554],[-0.991555,-0.119515,0.0503414],[-0.0789194,0.248062,-0.965524]],[[0.102907,-0.961343,-0.2554],[-0.589712,-0.265736,0.762642],[-0.80103,0.0721314,-0.594262]],[[0.102907,-0.961343,-0.2554],[-0.232132,-0.272883,0.933622],[-0.967225,-0.0367893,-0.25124]]],3],[874,[0.741145,0.0557739,0.669024],87,45.4437,[8.43819,159.188,35.9705],[12.1747,157.198,32.289],[10.8505,-12.6856,-16.3707],false,[37.5691,174.642,-26.9821],[-10.7947,158.719,-15.6275],[-10.7154,154.971,15.963],[2.32629,155.953,27.7356],[16.7679,157.963,33.0163],[[[0.2797,-0.949747,-0.14053],[-0.249609,0.0694034,-0.965856],[0.927072,0.305228,-0.217653]],[[0.178553,-0.977027,-0.11635],[-0.983927,-0.177599,-0.0185984],[-0.00249249,0.117801,-0.993034]],[[0.178553,-0.977027,-0.11635],[-0.647165,-0.205688,0.734077],[-0.741145,-0.0557739,-0.669024]],[[0.178553,-0.977027,-0.11635],[-0.31761,-0.169152,0.933012],[-0.931259,-0.129638,-0.340516]]],4]],[[0,200,0],[235.247,235.247,147.751]]]]}