{"metadata":{"formatVersion":2,"generatedBy":"LeapJS Playback 0.2.1","frames":1,"frameRate":"1.1e+2","modified":"Sun Apr 12 2015 22:24:05 GMT-0300 (E. South America Standard Time)","title":"e"},"frames":[["id","timestamp",{"hands":[["id","type","direction","palmNormal","palmPosition","palmVelocity","stabilizedPalmPosition","pinchStrength","grabStrength","confidence","armBasis","armWidth","elbow","wrist"]]},{"pointables":[["id","direction","handId","length","stabilizedTipPosition","tipPosition","tipVelocity","tool","carpPosition","mcpPosition","pipPosition","dipPosition","btipPosition","bases","type"]]},{"interactionBox":["center","size"]}],[84410,6274220496,[[78,"right",[-0.525075,0.735899,-0.427492],[-0.287723,-0.626227,-0.724607],[1.49339,150.458,29.9119],[-4.46243,-65.5769,22.0132],[1.53005,154.389,28.7605],0,1,0.825522,[[0.493934,0.368639,-0.787486],[-0.00870517,0.907729,0.419467],[0.869456,-0.200334,0.451568]],52.7612,[225.435,76.631,149.161],[31.0556,121.419,48.2064]]],[[780,[-0.764833,0.183566,-0.617523],78,43.1532,[-43.7644,122.75,5.1601],[-44.2454,122.532,5.83953],[-13.9011,-62.7863,33.1558],false,[11.0639,107.656,55.6976],[11.0639,107.656,55.6976],[-25.3411,113.743,37.0966],[-46.9337,118.926,19.6629],[-42.9566,123.291,1.2061],[[[0.477186,0.807319,0.347174],[-0.311003,-0.214351,0.925922],[0.821931,-0.549809,0.148793]],[[0.0405307,0.970357,0.238251],[-0.471782,-0.191608,0.860644],[0.880783,-0.147285,0.450032]],[[0.0405307,0.970357,0.238251],[-0.642953,-0.157194,0.749601],[0.764833,-0.183566,0.617523]],[[0.0405307,0.970357,0.238251],[-0.977874,0.0874997,-0.190018],[-0.205232,-0.225278,0.952433]]],0],[781,[-0.462749,-0.0257462,-0.886115],78,48.6936,[-44.4745,188.702,4.47197],[-44.961,184.66,6.86053],[-8.04644,-61.5754,35.5058],false,[16.419,126.034,60.0318],[-25.4655,161.474,33.5638],[-35.8724,195.108,28.4719],[-45.1336,194.593,10.7377],[-44.6188,181.293,5.94358],[[[0.701413,0.377377,-0.604654],[0.187807,0.7205,0.667539],[0.687567,-0.581779,0.434494]],[[0.866354,0.198696,-0.458203],[0.40478,0.258052,0.877247],[0.292546,-0.945478,0.143136]],[[0.866354,0.198696,-0.458203],[-0.187865,0.979723,0.0696412],[0.462749,0.0257462,0.886115]],[[0.866354,0.198696,-0.458203],[-0.498102,0.276909,-0.821715],[-0.0363915,0.940128,0.338872]]],1],[782,[-0.521834,-0.247027,-0.816497],78,55.4825,[-28.9381,191.528,-3.10927],[-29.6979,188.38,-1.53666],[-8.12376,-61.4853,31.2019],false,[23.4227,131.14,54.6623],[-10.393,167.357,24.9629],[-18.4354,205.621,16.9556],[-30.7224,199.804,-2.26953],[-28.7212,184.433,-0.913389],[[[0.745494,0.166913,-0.645274],[0.318735,0.760979,0.565082],[0.58536,-0.626937,0.514105]],[[0.832782,0.0598682,-0.550354],[0.515623,0.277985,0.810467],[0.201511,-0.958718,0.200631]],[[0.832782,0.0598682,-0.550354],[-0.184834,0.967157,-0.174478],[0.521834,0.247027,0.816497]],[[0.832782,0.0598682,-0.550354],[-0.538454,-0.143364,-0.83037],[-0.128614,0.987858,-0.0871549]]],2],[783,[-0.557557,-0.236722,-0.795672],78,53.3479,[-9.815,187.368,-8.23489],[-10.5219,186.702,-7.98429],[-17.2822,-64.4962,30.9893],false,[30.8088,133.823,48.2026],[6.90567,168.086,17.4644],[1.97544,203.756,8.97885],[-10.8136,198.326,-9.27204],[-9.90073,183,-7.36602],[[[0.797346,0.0149908,-0.603336],[0.389681,0.750587,0.533637],[0.460856,-0.660602,0.592636]],[[0.821797,-0.0218583,-0.569361],[0.553976,0.26437,0.789442],[0.133266,-0.964174,0.229367]],[[0.821797,-0.0218583,-0.569361],[-0.117388,0.971331,-0.206725],[0.557557,0.236722,0.795672]],[[0.821797,-0.0218583,-0.569361],[-0.566716,-0.134844,-0.812804],[-0.0590084,0.990626,-0.123202]]],3],[784,[-0.648875,-0.178075,-0.739764],78,41.8237,[10.5279,180.508,-9.55307],[9.58288,179.585,-9.3503],[-11.7934,-64.6567,20.9889],false,[37.9265,131.055,39.2274],[22.2357,164.996,9.11087],[21.8494,193.17,1.15654],[11.3409,190.286,-10.8239],[9.99842,176.234,-8.71871],[[[0.769906,-0.185794,-0.610513],[0.548128,0.68245,0.483547],[0.326804,-0.706925,0.627261]],[[0.760807,-0.16665,-0.627217],[0.648845,0.214973,0.729923],[0.0131935,-0.962296,0.271683]],[[0.760807,-0.16665,-0.627217],[0.0115892,0.969803,-0.243616],[0.648875,0.178075,0.739764]],[[0.760807,-0.16665,-0.627217],[-0.642126,-0.0532251,-0.764749],[0.0940614,0.984579,-0.147504]]],4]],[[0,200,0],[235.247,235.247,147.751]]]]}