{"metadata":{"formatVersion":2,"generatedBy":"LeapJS Playback 0.2.1","frames":1,"frameRate":"1.1e+2","modified":"Sun Apr 12 2015 22:24:23 GMT-0300 (E. South America Standard Time)","title":"e"},"frames":[["id","timestamp",{"hands":[["id","type","direction","palmNormal","palmPosition","palmVelocity","stabilizedPalmPosition","pinchStrength","grabStrength","confidence","armBasis","armWidth","elbow","wrist"]]},{"pointables":[["id","direction","handId","length","stabilizedTipPosition","tipPosition","tipVelocity","tool","carpPosition","mcpPosition","pipPosition","dipPosition","btipPosition","bases","type"]]},{"interactionBox":["center","size"]}],[84518,6275174006,[[78,"right",[-0.530152,0.727117,-0.436165],[-0.300241,-0.642059,-0.705418],[-2.18933,147.604,28.5978],[-2.04433,2.95202,0.42802],[1.07629,145.731,29.6116],0,1,1,[[0.524246,0.358522,-0.772417],[0.0353394,0.897113,0.440386],[0.850833,-0.258167,0.457638]],52.7612,[217.81,61.2063,149.408],[27.5943,118.923,47.0969]]],[[780,[-0.767554,0.171237,-0.617688],78,43.1532,[-45.1526,116.814,5.36602],[-47.4193,119.099,4.58451],[-3.22848,2.88586,1.69454],false,[7.69346,105.385,55.2127],[7.69346,105.385,55.2127],[-28.5819,111.219,36.2801],[-50.2512,116.054,18.8417],[-46.6001,119.984,0.220534],[[[0.484181,0.813952,0.321016],[-0.297002,-0.192215,0.935331],[0.823018,-0.548212,0.148678]],[[0.0448481,0.975641,0.21474],[-0.47721,-0.167922,0.862597],[0.877644,-0.141162,0.458054]],[[0.0448481,0.975641,0.21474],[-0.639413,-0.137122,0.756537],[0.767554,-0.171237,0.617688]],[[0.0448481,0.975641,0.21474],[-0.981066,0.0835543,-0.174723],[-0.188409,-0.202838,0.960916]]],0],[781,[-0.435113,-0.211833,-0.875102],78,48.6936,[-42.4,175.553,10.2003],[-45.737,177.958,9.47409],[-1.89371,2.9154,0.486762],false,[13.1529,123.845,59.0381],[-29.0655,158.767,32.4121],[-38.9884,192.553,27.3575],[-47.6965,188.313,9.84369],[-44.7737,174.471,9.83131],[[[0.692694,0.361659,-0.624001],[0.199643,0.735232,0.647747],[0.693049,-0.573268,0.437089]],[[0.862072,0.182458,-0.472801],[0.423113,0.254372,0.869638],[0.27894,-0.949739,0.142087]],[[0.862072,0.182458,-0.472801],[-0.259825,0.960123,-0.103225],[0.435113,0.211833,0.875102]],[[0.862072,0.182458,-0.472801],[-0.46276,-0.0969287,-0.881169],[-0.206605,0.978424,0.000874959]]],1],[782,[-0.530862,-0.262507,-0.805776],78,55.4825,[-29.7671,182.673,-2.13044],[-33.2671,184.568,-3.35275],[-2.25524,2.22413,-0.00456144],false,[20.0827,128.809,53.4443],[-14.1166,164.414,23.4451],[-22.0454,202.46,14.3616],[-34.545,196.279,-4.61103],[-32.7281,180.91,-2.99731],[[[0.735708,0.15021,-0.660433],[0.329044,0.773026,0.542366],[0.592,-0.616334,0.519296]],[[0.82849,0.0392865,-0.558625],[0.523582,0.299538,0.797583],[0.198664,-0.953275,0.227595]],[[0.82849,0.0392865,-0.558625],[-0.178299,0.96413,-0.196628],[0.530862,0.262507,0.805776]],[[0.82849,0.0392865,-0.558625],[-0.547696,-0.15115,-0.822911],[-0.116765,0.98773,-0.103709]]],2],[783,[-0.604443,-0.252034,-0.75573],78,53.3479,[-13.2311,180.012,-7.05806],[-16.2833,182.884,-8.17563],[-2.09094,2.49368,0.247232],false,[27.373,131.325,46.8108],[3.06478,164.928,15.6645],[-3.70932,200.455,7.87917],[-17.5739,194.674,-9.45555],[-15.9661,179.384,-7.73018],[[[0.787894,-0.000830541,-0.61581],[0.39947,0.761741,0.510073],[0.468664,-0.647881,0.600503]],[[0.779068,0.0111839,-0.62684],[0.599604,0.278726,0.750191],[0.183106,-0.960306,0.21044]],[[0.779068,0.0111839,-0.62684],[-0.166437,0.967654,-0.189591],[0.604443,0.252034,0.75573]],[[0.779068,0.0111839,-0.62684],[-0.618266,-0.152028,-0.771125],[-0.103921,0.988313,-0.111525]]],3],[784,[-0.670868,-0.184675,-0.718214],78,41.8237,[8.87241,172.993,-10.1286],[5.66442,175.927,-10.8311],[-2.8545,2.90561,0.838289],false,[34.3444,128.334,37.7925],[18.2567,161.61,7.14783],[17.5367,189.767,-0.842319],[6.672,186.777,-12.4738],[5.53668,172.733,-10.1934],[[[0.759935,-0.20166,-0.617926],[0.556979,0.692087,0.459118],[0.335073,-0.693072,0.638262]],[[0.741576,-0.165523,-0.650128],[0.670418,0.218368,0.709123],[0.0245907,-0.961726,0.272906]],[[0.741576,-0.165523,-0.650128],[-0.00118125,0.968761,-0.247995],[0.670868,0.184675,0.718214]],[[0.741576,-0.165523,-0.650128],[-0.666136,-0.0667708,-0.742835],[0.079547,0.983943,-0.159777]]],4]],[[0,200,0],[235.247,235.247,147.751]]]]}