{"metadata":{"formatVersion":2,"generatedBy":"LeapJS Playback 0.2.1","frames":101,"frameRate":"77","modified":"Sun Apr 12 2015 22:25:25 GMT-0300 (E. South America Standard Time)","title":"hoje"},"frames":[["id","timestamp",{"hands":[["id","type","direction","palmNormal","palmPosition","palmVelocity","stabilizedPalmPosition","pinchStrength","grabStrength","confidence","armBasis","armWidth","elbow","wrist"]]},{"pointables":[["id","direction","handId","length","stabilizedTipPosition","tipPosition","tipVelocity","tool","carpPosition","mcpPosition","pipPosition","dipPosition","btipPosition","bases","type"]]},{"interactionBox":["center","size"]}],[146204,7024369470,[[144,"right",[0.0854015,0.149027,-0.985138],[-0.768217,0.639479,0.0301409],[70.6593,102.713,6.61646],[8.29806,18.878,27.6536],[70.2424,102.117,5.83309],0,0,0.865609,[[-0.668566,-0.674267,-0.313661],[0.729124,-0.511378,-0.45483],[0.146278,-0.532782,0.833515]],56.1109,[100.041,-38.5424,250.386],[65.2619,88.1307,52.2116]],[145,"left",[-0.162682,0.127672,-0.978384],[0.728292,0.68453,-0.0317718],[-101.868,93.4969,22.3087],[3.9471,-9.09321,14.6812],[-104.379,96.2111,20.2829],0,0,0.4543,[[0.584721,-0.791147,0.179409],[-0.742805,-0.611042,-0.27362],[-0.3261,-0.0267252,0.944957]],51.9346,[-164.899,75.1273,272.161],[-93.1366,81.0085,64.2119]]],[[1440,[0.699694,0.646851,-0.303336],144,45.8929,[134.967,169.983,27.0169],[134.19,170.722,27.8866],[-38.6393,52.0695,66.8988],false,[73.6261,112.697,59.7118],[73.6261,112.697,59.7118],[102.686,141.527,43.6952],[123.694,160.948,34.5879],[137.282,174.472,27.0238],[[[0.448471,-0.846386,-0.287236],[0.820844,0.262853,0.507074],[-0.35368,-0.463184,0.812632]],[[0.505247,-0.748188,-0.430046],[0.554675,-0.100209,0.826011],[-0.661106,-0.655875,0.364372]],[[0.505247,-0.748188,-0.430046],[0.505128,-0.147641,0.850322],[-0.699694,-0.646851,0.303336]],[[0.505247,-0.748188,-0.430046],[0.5568,-0.0980976,0.824834],[-0.659318,-0.656194,0.367028]]],0],[1441,[-0.194182,0.385614,-0.901995],144,51.785,[77.7727,144.788,-77.3377],[78.7105,146.244,-76.351],[6.81624,47.1218,41.9679],false,[83.1521,97.7339,48.7092],[87.9883,121.405,-11.4015],[85.7902,132.359,-47.5463],[81.6572,140.566,-66.7445],[77.1864,147.381,-79.3907],[[[-0.611121,-0.718497,-0.332104],[0.788009,-0.591826,-0.169657],[-0.0746496,-0.365382,0.92786]],[[-0.615487,-0.763881,-0.194066],[0.786003,-0.576762,-0.222587],[0.0581,-0.289535,0.955402]],[[-0.615487,-0.763881,-0.194066],[0.763851,-0.517482,-0.385672],[0.194182,-0.385614,0.901995]],[[-0.615487,-0.763881,-0.194066],[0.729982,-0.459676,-0.505791],[0.297157,-0.452972,0.840544]]],1],[1442,[-0.346951,0.428678,-0.834182],144,59.0049,[53.2187,134.426,-85.2858],[53.6473,134.079,-85.0011],[19.6131,44.2294,34.7839],false,[77.817,89.3295,44.4114],[77.153,105.576,-14.8346],[68.1155,117.893,-54.4345],[59.4277,128.627,-75.3229],[52.179,137.242,-87.4504],[[[-0.74091,-0.649766,-0.169872],[0.671517,-0.712655,-0.202949],[0.0108088,-0.264439,0.964342]],[[-0.733286,-0.678515,-0.043695],[0.64572,-0.674838,-0.357267],[0.212923,-0.290193,0.93298]],[[-0.733286,-0.678515,-0.043695],[0.584736,-0.596534,-0.549755],[0.346951,-0.428678,0.834182]],[[-0.733286,-0.678515,-0.043695],[0.52001,-0.518263,-0.678965],[0.438042,-0.520598,0.732869]]],2],[1443,[-0.32082,0.380653,-0.867282],144,56.7347,[42.5159,115.587,-80.7349],[42.2124,116.151,-80.2406],[29.8242,18.1366,18.0043],false,[70.3658,81.9608,41.7251],[64.4575,90.2141,-12.4928],[55.5096,100.602,-49.3709],[47.6835,109.887,-70.5273],[41.336,117.491,-83.6646],[[[-0.779744,-0.626014,-0.0103242],[0.616869,-0.765323,-0.183722],[0.107111,-0.149625,0.982924]],[[-0.777192,-0.629161,0.0113531],[0.586728,-0.73106,-0.348284],[0.227426,-0.264022,0.93732]],[[-0.777192,-0.629161,0.0113531],[0.541338,-0.677687,-0.497688],[0.32082,-0.380653,0.867282]],[[-0.777192,-0.629161,0.0113531],[0.497123,-0.624949,-0.601919],[0.385799,-0.462163,0.798476]]],3],[1444,[-0.33261,0.314348,-0.889132],144,44.479,[31.6386,94.4656,-62.7543],[32.4876,95.6119,-62.474],[24.4307,0.439966,11.9209],false,[58.4943,77.9701,42.1835],[50.1269,78.7441,-8.18122],[41.9799,84.2805,-37.7189],[36.2513,89.6946,-53.0325],[30.4836,95.9383,-65.6078],[[[-0.85324,-0.504007,0.134007],[0.495104,-0.863566,-0.0955255],[0.16387,-0.0151588,0.986366]],[[-0.852134,-0.504097,0.140549],[0.453216,-0.845145,-0.283417],[0.261654,-0.177811,0.948642]],[[-0.852134,-0.504097,0.140549],[0.404027,-0.804407,-0.435535],[0.33261,-0.314349,0.889132]],[[-0.852134,-0.504097,0.140549],[0.359825,-0.759393,-0.542077],[0.379991,-0.411349,0.828492]]],4],[1450,[-0.369329,0.586075,-0.721188],145,42.4771,[-131.667,152.018,10.1047],[-131.719,151.627,10.8999],[3.33438,-7.49087,23.3013],false,[-101.739,103.354,71.409],[-101.739,103.354,71.409],[-115.454,126.835,41.1458],[-125.717,143.121,21.1044],[-133.288,154.434,7.74222],[[[-0.415282,-0.876157,-0.244724],[-0.797946,0.221658,0.560491],[0.436833,-0.428038,0.791176]],[[-0.488449,-0.782637,-0.385872],[-0.804854,0.233255,0.545713],[0.337089,-0.577123,0.743842]],[[-0.488449,-0.782637,-0.385872],[-0.790578,0.20975,0.575318],[0.369329,-0.586075,0.721188]],[[-0.488449,-0.782637,-0.385872],[-0.777102,0.18901,0.600323],[0.396901,-0.593089,0.700511]]],0],[1451,[-0.0608141,0.66478,-0.74456],145,47.9307,[-127.567,150.902,-44.7854],[-127.896,149.818,-43.764],[-1.99649,0.174388,25.3616],false,[-110.389,88.8406,62.0393],[-120.049,109.539,6.59761],[-126.851,129.838,-21.1116],[-128.049,142.934,-35.7794],[-127.458,152.928,-45.4589],[[[0.628912,-0.686093,-0.365714],[-0.760604,-0.64041,-0.106564],[0.161095,-0.345183,0.924606]],[[0.574135,-0.586892,-0.5709],[-0.795377,-0.565241,-0.21881],[0.194278,-0.579707,0.791325]],[[0.574135,-0.586892,-0.5709],[-0.816499,-0.462197,-0.345982],[0.0608141,-0.66478,0.74456]],[[0.574135,-0.586892,-0.5709],[-0.81766,-0.374846,-0.436947],[-0.0424411,-0.717668,0.69509]]],1],[1452,[0.179563,0.40931,-0.894551],145,54.6132,[-99.0757,122.152,-65.9338],[-99.4183,121.201,-65.4402],[-7.38186,0.435292,17.5811],false,[-105.278,81.3064,57.8167],[-109.396,95.4617,2.897],[-106.561,106.856,-34.5928],[-102.399,116.342,-55.3257],[-98.4383,123.892,-68.0499],[[[0.765282,-0.607126,-0.213874],[-0.639608,-0.754606,-0.146533],[0.0724266,-0.248934,0.965809]],[[0.76866,-0.625872,-0.13208],[-0.635572,-0.723993,-0.268109],[-0.0721764,-0.290031,0.954292]],[[0.76866,-0.625872,-0.13208],[-0.613937,-0.663889,-0.427004],[-0.179563,-0.40931,0.894551]],[[0.76866,-0.625872,-0.13208],[-0.585055,-0.604418,-0.54073],[-0.258596,-0.492912,0.830762]]],2],[1453,[0.316318,0.370674,-0.873237],145,52.512,[-76.5556,104.771,-59.0629],[-77.2146,105.337,-58.8261],[-18.4475,-9.69752,4.8969],false,[-98.1705,74.8698,54.9324],[-96.6835,82.006,4.40115],[-88.2926,91.0503,-29.8612],[-81.1507,99.4195,-49.5774],[-75.4416,106.356,-61.8736],[[[0.813623,-0.578517,-0.0577569],[-0.580663,-0.803605,-0.130576],[-0.0291266,-0.139777,0.989755]],[[0.80659,-0.589626,0.0418898],[-0.544354,-0.768543,-0.336186],[-0.230418,-0.248361,0.940863]],[[0.80659,-0.589626,0.0418898],[-0.499356,-0.717595,-0.485491],[-0.316318,-0.370674,0.873237]],[[0.80659,-0.589626,0.0418898],[-0.457018,-0.666992,-0.588435],[-0.374897,-0.455481,0.807459]]],3],[1454,[0.186698,0.326043,-0.926736],145,41.1684,[-73.2175,87.5409,-44.7667],[-71.655,86.955,-44.2144],[-67.7263,23.2059,1.71916],false,[-86.9762,71.8448,54.6252],[-82.5549,72.2652,7.57389],[-79.0024,77.9575,-20.4534],[-76.0262,83.1551,-35.2267],[-72.7711,89.0277,-47.5671],[[[0.889467,-0.450022,0.0795588],[-0.447323,-0.892973,-0.0500106],[-0.0935498,-0.00889433,0.995575]],[[0.893378,-0.448763,0.0220946],[-0.432065,-0.871549,-0.231778],[-0.12327,-0.197519,0.972518]],[[0.893378,-0.448763,0.0220946],[-0.408681,-0.832051,-0.375063],[-0.186698,-0.326043,0.926736]],[[0.893378,-0.448763,0.0220946],[-0.384955,-0.789858,-0.477424],[-0.231702,-0.418015,0.878395]]],4]],[[0,200,0],[235.247,235.247,147.751]]],[146205,7024378169,[[144,"right",[0.0872921,0.152431,-0.984452],[-0.771118,0.63598,0.0300986],[71.0221,102.949,6.83582],[17.2093,21.1041,27.0034],[70.3423,102.224,5.96161],0,0,0.877379,[[-0.664406,-0.67702,-0.316557],[0.732918,-0.50733,-0.453263],[0.146269,-0.533161,0.833273]],56.1109,[100.348,-38.5597,250.489],[65.5712,88.2037,52.3719]],[145,"left",[-0.163997,0.129909,-0.97787],[0.730459,0.682212,-0.0318729],[-101.99,93.4758,22.4337],[-0.839187,-7.31473,14.5982],[-104.294,96.1138,20.3594],0,0,0.457194,[[0.581745,-0.79353,0.178554],[-0.745235,-0.607964,-0.27387],[-0.325879,-0.0262576,0.945047]],51.9346,[-164.938,75.1076,272.268],[-93.2249,80.8859,64.2996]]],[[1440,[0.697618,0.650912,-0.299404],144,45.8929,[134.837,170.277,27.3939],[134.194,171.185,28.4978],[-28.3201,52.0777,67.5718],false,[73.8071,112.784,59.969],[73.8071,112.784,59.969],[102.78,141.794,44.1209],[123.726,161.337,35.1315],[137.273,174.944,27.6457],[[[0.452959,-0.843507,-0.288658],[0.818355,0.26492,0.510012],[-0.353728,-0.467239,0.810286]],[[0.509695,-0.74456,-0.431093],[0.55295,-0.100381,0.827145],[-0.659133,-0.659965,0.360541]],[[0.509695,-0.74456,-0.431093],[0.503527,-0.148133,0.851185],[-0.697618,-0.650912,0.299404]],[[0.509695,-0.74456,-0.431093],[0.555094,-0.0982317,0.825967],[-0.657329,-0.660288,0.363233]]],0],[1441,[-0.193577,0.387505,-0.901315],144,51.785,[77.9648,145.147,-77.0529],[79.0912,146.767,-75.9777],[16.8221,50.6059,42.1632],false,[83.4278,97.8967,48.9455],[88.3147,121.773,-11.0796],[86.1613,132.827,-47.1966],[82.0412,141.075,-66.3803],[77.5725,147.909,-79.0171],[[[-0.60707,-0.720168,-0.335893],[0.79106,-0.587811,-0.169416],[-0.0754335,-0.368559,0.926539]],[[-0.611591,-0.766003,-0.197977],[0.789124,-0.572597,-0.222298],[0.0569196,-0.292184,0.954667]],[[-0.611591,-0.766003,-0.197977],[0.767127,-0.512913,-0.385275],[0.193577,-0.387505,0.901315]],[[-0.611591,-0.766003,-0.197977],[0.733306,-0.454884,-0.505315],[0.297016,-0.454224,0.839918]]],1],[1442,[-0.346526,0.43033,-0.833508],144,59.0049,[53.5168,134.784,-85.0379],[54.1265,134.588,-84.7082],[28.9185,47.4015,34.4464],false,[78.1411,89.482,44.6081],[77.5586,105.907,-14.5894],[68.5834,118.327,-54.1712],[59.9062,129.103,-75.0428],[52.6517,137.734,-87.1554],[[[-0.737582,-0.652511,-0.17379],[0.675191,-0.709051,-0.203381],[0.00948206,-0.267352,0.963552]],[[-0.73022,-0.681505,-0.048268],[0.649665,-0.670764,-0.357785],[0.211456,-0.29262,0.932556]],[[-0.73022,-0.681505,-0.048268],[0.588811,-0.591918,-0.550395],[0.346526,-0.43033,0.833508]],[[-0.73022,-0.681505,-0.048268],[0.524015,-0.513337,-0.679627],[0.438391,-0.521571,0.731968]]],2],[1443,[-0.319381,0.381013,-0.867655],144,56.7347,[43.1067,115.917,-80.573],[42.8009,116.479,-80.0964],[39.8548,23.386,17.6655],false,[70.7295,82.0887,41.8799],[64.9253,90.4824,-12.3277],[56.0472,100.927,-49.2066],[48.2562,110.221,-70.3722],[41.9267,117.819,-83.5218],[[[-0.776933,-0.629421,-0.0142719],[0.620727,-0.762019,-0.184458],[0.105226,-0.15217,0.982737]],[[-0.77444,-0.632606,0.00727295],[0.591036,-0.727555,-0.348339],[0.225652,-0.265469,0.937341]],[[-0.77444,-0.632606,0.00727295],[0.546113,-0.674269,-0.497113],[0.319381,-0.381013,0.867655]],[[-0.77444,-0.632606,0.00727295],[0.502242,-0.621757,-0.600975],[0.384703,-0.461767,0.799234]]],3],[1444,[-0.332078,0.310903,-0.890541],144,44.479,[32.1699,94.5238,-62.7035],[32.9811,95.6587,-62.4317],[34.206,1.56172,9.6103],false,[58.8747,78.0441,42.2951],[50.6345,78.9359,-8.08862],[42.4959,84.438,-37.635],[36.7764,89.7927,-52.973],[31.0167,95.9614,-65.5888],[[[-0.851343,-0.508185,0.13024],[0.499171,-0.861071,-0.0968803],[0.161379,-0.0174661,0.986738]],[[-0.849804,-0.508326,0.139422],[0.457725,-0.84284,-0.283033],[0.261383,-0.176705,0.948923]],[[-0.849804,-0.508326,0.139422],[0.409338,-0.803084,-0.433011],[0.332078,-0.310903,0.890541]],[[-0.849804,-0.508326,0.139422],[0.365839,-0.759232,-0.538265],[0.379467,-0.406413,0.831164]]],4],[1450,[-0.368688,0.58854,-0.719507],145,42.4771,[-131.654,152.011,10.182],[-131.67,151.723,11.1787],[3.95044,-2.56141,25.6463],false,[-101.742,103.247,71.5508],[-101.742,103.247,71.5508],[-115.433,126.825,41.3527],[-125.678,143.18,21.358],[-133.236,154.541,8.02903],[[[-0.418564,-0.874373,-0.245511],[-0.796227,0.223272,0.562292],[0.436837,-0.430838,0.789653]],[[-0.491679,-0.780363,-0.386374],[-0.803129,0.234929,0.547533],[0.336504,-0.579519,0.742242]],[[-0.491679,-0.780363,-0.386374],[-0.788873,0.211315,0.577084],[0.368688,-0.58854,0.719506]],[[-0.491679,-0.780363,-0.386374],[-0.77542,0.190489,0.602028],[0.3962,-0.595607,0.698769]]],0],[1451,[-0.0597024,0.666636,-0.742989],145,47.9307,[-127.569,150.9,-44.7423],[-127.935,150.031,-43.4701],[-2.62835,6.23816,27.4265],false,[-110.455,88.7779,62.1712],[-120.146,109.604,6.78286],[-126.927,129.985,-20.8713],[-128.103,143.118,-35.5082],[-127.492,153.132,-45.1659],[[[0.626027,-0.687494,-0.368024],[-0.762872,-0.637747,-0.106328],[0.161606,-0.34732,0.923717]],[[0.571135,-0.587635,-0.57314],[-0.797685,-0.56205,-0.21863],[0.193659,-0.582052,0.789754]],[[0.571135,-0.587635,-0.57314],[-0.818682,-0.458565,-0.345656],[0.0597024,-0.666636,0.742989]],[[0.571135,-0.587635,-0.57314],[-0.819681,-0.370938,-0.436495],[-0.0439007,-0.71909,0.693529]]],1],[1452,[0.179345,0.410561,-0.894022],145,54.6132,[-99.0945,122.158,-65.8931],[-99.603,121.356,-65.2594],[-10.9968,4.6905,18.3765],false,[-105.376,81.2344,57.9264],[-109.546,95.499,3.03885],[-106.74,106.959,-34.4331],[-102.583,116.474,-55.1537],[-98.6197,124.038,-67.8689],[[[0.762922,-0.609237,-0.216288],[-0.642319,-0.752265,-0.14671],[0.0733248,-0.250855,0.965244]],[[0.766383,-0.628103,-0.134703],[-0.638402,-0.721384,-0.26842],[-0.0714223,-0.291707,0.953837]],[[0.766383,-0.628103,-0.134703],[-0.616841,-0.661005,-0.427293],[-0.179345,-0.410561,0.894022]],[[0.766383,-0.628103,-0.134703],[-0.587952,-0.601373,-0.540984],[-0.258786,-0.493799,0.830176]]],2],[1453,[0.313664,0.37109,-0.874018],145,52.512,[-76.9199,104.799,-59.0187],[-77.5106,105.353,-58.7653],[-25.2024,-5.43126,5.21465],false,[-98.2952,74.7798,55.0183],[-96.8743,81.9994,4.497],[-88.5849,91.0996,-29.7752],[-81.5029,99.4782,-49.5091],[-75.8309,106.409,-61.8252],[[[0.811632,-0.581058,-0.0602081],[-0.583505,-0.801483,-0.130944],[-0.02783,-0.14141,0.98956]],[[0.804954,-0.592153,0.0374626],[-0.547934,-0.766099,-0.335948],[-0.227633,-0.249896,0.941135]],[[0.804954,-0.592153,0.0374626],[-0.50365,-0.715295,-0.484447],[-0.313664,-0.37109,0.874018]],[[0.804954,-0.592153,0.0374626],[-0.461864,-0.664976,-0.586931],[-0.372465,-0.45515,0.808769]]],3],[1454,[0.183078,0.330367,-0.925927],145,41.1684,[-73.7145,87.7598,-44.6798],[-72.1636,87.1217,-44.1734],[-62.9066,22.7603,4.03626],false,[-87.1113,71.719,54.686],[-82.772,72.2072,7.6277],[-79.3433,78.033,-20.3876],[-76.4248,83.2995,-35.148],[-73.213,89.2278,-47.473],[[[0.888137,-0.45305,0.0771962],[-0.450315,-0.891425,-0.0507709],[-0.0918164,-0.010329,0.995722]],[[0.892122,-0.451537,0.0152868],[-0.435849,-0.869051,-0.234063],[-0.118973,-0.20215,0.972101]],[[0.892122,-0.451537,0.0152868],[-0.41304,-0.828838,-0.377394],[-0.183078,-0.330367,0.925927]],[[0.892122,-0.451537,0.0152868],[-0.389684,-0.786157,-0.479692],[-0.228616,-0.421986,0.877304]]],4]],[[0,200,0],[235.247,235.247,147.751]]],[146206,7024395750,[[144,"right",[0.0948067,0.157316,-0.982987],[-0.777164,0.628774,0.0256724],[72.5485,104.031,7.19055],[49.6377,39.9439,23.8233],[70.8798,102.664,6.26099],0,0,0.898113,[[-0.655423,-0.681067,-0.326447],[0.741685,-0.498825,-0.448416],[0.142561,-0.536023,0.832079]],56.1109,[100.716,-38.3965,250.448],[66.8208,89.0472,52.6147]],[145,"left",[-0.172587,0.136773,-0.975452],[0.73375,0.678534,-0.0346816],[-102.287,93.4558,22.6758],[-8.32101,-4.43703,14.2128],[-104.201,95.9907,20.4667],0,0,0.451046,[[0.574503,-0.799081,0.177243],[-0.750722,-0.600709,-0.274893],[-0.326133,-0.0248667,0.944997]],51.9346,[-164.961,75.0908,272.336],[-93.1919,80.5631,64.3788]]],[[1440,[0.694314,0.658556,-0.290226],144,45.8929,[134.838,170.977,28.114],[134.892,172.766,29.7279],[3.01514,69.3618,68.432],false,[74.7615,113.67,60.3866],[74.7615,113.67,60.3866],[103.61,143.012,44.9265],[124.456,162.785,36.2128],[137.944,176.548,28.9078],[[[0.463279,-0.838124,-0.28796],[0.811234,0.270266,0.518514],[-0.356753,-0.473819,0.805123]],[[0.520427,-0.737993,-0.429561],[0.546303,-0.0988743,0.831731],[-0.656284,-0.667526,0.351711]],[[0.520427,-0.737993,-0.429561],[0.497075,-0.147209,0.855129],[-0.694315,-0.658556,0.290226]],[[0.520427,-0.737993,-0.429561],[0.54847,-0.0966672,0.830564],[-0.654474,-0.667849,0.354459]]],0],[1441,[-0.188982,0.389441,-0.901455],144,51.785,[78.9517,146.201,-76.4455],[80.9599,148.26,-75.3683],[58.7305,66.5674,38.5334],false,[84.6179,98.9172,49.3905],[89.8292,123.087,-10.4899],[87.9012,134.27,-46.58],[83.8789,142.559,-65.7667],[79.4617,149.404,-78.4156],[[[-0.597365,-0.724284,-0.344336],[0.797925,-0.579846,-0.164605],[-0.0804406,-0.373083,0.924304]],[[-0.602716,-0.770742,-0.206617],[0.796327,-0.564435,-0.217431],[0.0509617,-0.295584,0.953957]],[[-0.602716,-0.770742,-0.206617],[0.775254,-0.504274,-0.380379],[0.188982,-0.389441,0.901455]],[[-0.602716,-0.770742,-0.206617],[0.741981,-0.446054,-0.500499],[0.293594,-0.454965,0.84072]]],1],[1442,[-0.342713,0.43136,-0.834551],144,59.0049,[54.873,135.88,-84.5533],[56.2143,135.977,-84.3474],[70.431,61.404,27.9421],false,[79.4482,90.4727,44.9708],[79.2514,107.138,-14.162],[70.5384,119.666,-53.7685],[61.9566,130.467,-74.6662],[54.7341,139.095,-86.8002],[[[-0.729957,-0.658497,-0.183153],[0.683486,-0.701997,-0.200117],[0.00320355,-0.271259,0.962501]],[[-0.723536,-0.687812,-0.0583901],[0.659056,-0.663171,-0.354752],[0.20528,-0.295159,0.933135]],[[-0.723536,-0.687812,-0.0583901],[0.599202,-0.583817,-0.547827],[0.342713,-0.43136,0.834551]],[[-0.723536,-0.687812,-0.0583901],[0.534789,-0.505056,-0.677436],[0.436458,-0.521376,0.733261]]],2],[1443,[-0.31247,0.378792,-0.871136],144,56.7347,[45.5586,117.006,-80.4721],[45.1425,117.517,-80.0516],[83.7167,39.3702,10.3032],false,[72.1299,83.0234,42.1452],[66.7403,91.5891,-12.0783],[58.1565,102.044,-49.0238],[50.5341,111.285,-70.2743],[44.3061,118.819,-83.5086],[[[-0.770962,-0.636432,-0.0239063],[0.629341,-0.755539,-0.181906],[0.0977089,-0.155288,0.983025]],[[-0.768645,-0.639671,-0.00243749],[0.60132,-0.721252,-0.343817],[0.218172,-0.265739,0.939034]],[[-0.768645,-0.639671,-0.00243749],[0.558164,-0.668833,-0.491035],[0.31247,-0.378792,0.871136]],[[-0.768645,-0.639671,-0.00243749],[0.515652,-0.617357,-0.594116],[0.378534,-0.457921,0.804375]]],3],[1444,[-0.327889,0.306614,-0.893575],144,44.479,[34.3983,95.282,-62.7667],[35.0911,96.4237,-62.5044],[75.1027,21.2186,2.95779],false,[60.3094,78.8689,42.436],[52.5182,79.8949,-8.01654],[44.5278,85.3534,-37.6114],[38.8805,90.6343,-53.0016],[33.1737,96.7091,-65.6868],[[[-0.847788,-0.516483,0.120416],[0.50791,-0.856061,-0.0958428],[0.152585,-0.0200939,0.988086]],[[-0.845766,-0.516698,0.133051],[0.467786,-0.838027,-0.280868],[0.256624,-0.175309,0.950479]],[[-0.845766,-0.516698,0.133051],[0.420913,-0.799381,-0.428744],[0.327889,-0.306614,0.893575]],[[-0.845766,-0.516698,0.133051],[0.378574,-0.756863,-0.532766],[0.375981,-0.400226,0.835738]]],4],[1450,[-0.372357,0.594893,-0.712357],145,42.4771,[-131.649,152.02,10.3122],[-131.759,151.929,12.0585],[-0.275558,4.03636,37.0157],false,[-101.52,102.924,71.8469],[-101.52,102.924,71.8469],[-115.37,126.759,41.9245],[-125.718,143.29,22.1285],[-133.341,154.773,8.94169],[[[-0.425534,-0.87063,-0.246829],[-0.789646,0.224011,0.571207],[0.442018,-0.437976,0.782814]],[[-0.499487,-0.775364,-0.386423],[-0.796634,0.235809,0.556569],[0.340422,-0.585837,0.735465]],[[-0.499487,-0.775364,-0.386423],[-0.782216,0.211926,0.585854],[0.372357,-0.594893,0.712357]],[[-0.499487,-0.775364,-0.386423],[-0.76864,0.190877,0.610539],[0.399631,-0.601977,0.691317]]],0],[1451,[-0.0628736,0.671931,-0.73794],145,47.9307,[-127.593,150.917,-44.646],[-128.534,150.593,-42.6014],[-17.1433,17.7015,37.4826],false,[-110.4,88.5587,62.4628],[-120.505,109.775,7.2973],[-127.434,130.376,-20.1571],[-128.672,143.613,-34.6945],[-128.093,153.688,-44.2899],[[[0.618827,-0.688513,-0.378156],[-0.767237,-0.63305,-0.102931],[0.168523,-0.353832,0.920002]],[[0.562429,-0.586955,-0.582372],[-0.802818,-0.556213,-0.214735],[0.197883,-0.588312,0.784048]],[[0.562429,-0.586955,-0.582372],[-0.824452,-0.451654,-0.341009],[0.0628736,-0.671931,0.73794]],[[0.562429,-0.586955,-0.582372],[-0.825799,-0.363326,-0.431335],[-0.0415833,-0.723517,0.689052]]],1],[1452,[0.173072,0.415432,-0.893007],145,54.6132,[-99.245,122.229,-65.748],[-100.582,121.901,-64.8497],[-31.6378,16.4598,20.6829],false,[-105.401,81.0147,58.124],[-110.016,95.6378,3.36656],[-107.506,107.325,-34.0562],[-103.494,116.953,-54.7533],[-99.6104,124.578,-67.4559],[[[0.757573,-0.611912,-0.227259],[-0.647685,-0.747953,-0.145157],[0.0811554,-0.257159,0.962955]],[[0.761705,-0.631252,-0.146038],[-0.644766,-0.716257,-0.266932],[-0.0639006,-0.297483,0.952586]],[[0.761705,-0.631252,-0.146038],[-0.624381,-0.654933,-0.425689],[-0.173072,-0.415432,0.893007]],[[0.761705,-0.631252,-0.146038],[-0.596236,-0.594687,-0.539305],[-0.253591,-0.497864,0.829351]]],2],[1453,[0.304813,0.375919,-0.875085],145,52.512,[-78.1887,105.214,-58.9419],[-78.5972,105.72,-58.7084],[-44.8154,8.8053,4.33427],false,[-98.3825,74.5409,55.1093],[-97.4034,82.0629,4.62159],[-89.4765,91.3878,-29.676],[-82.5943,99.8755,-49.4339],[-77.0416,106.864,-61.7718],[[[0.807914,-0.584949,-0.0714814],[-0.588988,-0.797576,-0.130252],[-0.0191789,-0.147334,0.988901]],[[0.802387,-0.596348,0.0233115],[-0.55569,-0.760788,-0.335276],[-0.217677,-0.256068,0.941831]],[[0.802387,-0.596348,0.0233115],[-0.513092,-0.709263,-0.483407],[-0.304813,-0.375919,0.875085]],[[0.802387,-0.596348,0.0233115],[-0.472459,-0.658589,-0.585699],[-0.364633,-0.458944,0.810193]]],3],[1454,[0.172023,0.338985,-0.924931],145,41.1684,[-75.0471,88.289,-44.6632],[-73.442,87.5631,-44.2695],[-65.1869,24.4267,1.52738],false,[-87.2188,71.4232,54.6517],[-83.3243,72.1774,7.558],[-80.2515,78.2736,-20.441],[-77.5093,83.6775,-35.1856],[-74.4372,89.7163,-47.4926],[[[0.886402,-0.458192,0.0659641],[-0.455523,-0.88871,-0.0519021],[-0.0824041,-0.0159579,0.996471]],[[0.889947,-0.456062,-0.00162892],[-0.443426,-0.864443,-0.236879],[-0.106624,-0.211532,0.971538]],[[0.889947,-0.456062,-0.00162892],[-0.422378,-0.822859,-0.380132],[-0.172023,-0.338985,0.924931]],[[0.889947,-0.456062,-0.00162892],[-0.40022,-0.779257,-0.482268],[-0.218674,-0.429844,0.876022]]],4]],[[0,200,0],[235.247,235.247,147.751]]],[146207,7024404132,[[144,"right",[0.0971649,0.160002,-0.982323],[-0.77886,0.626698,0.0250379],[73.1667,104.34,7.28155],[55.8689,39.1359,20.4725],[71.1688,102.876,6.38998],0,0,0.906725,[[-0.652482,-0.682381,-0.329582],[0.744569,-0.496349,-0.446379],[0.141013,-0.53665,0.831938]],56.1109,[100.877,-38.3646,250.452],[67.35,89.2283,52.6521]],[145,"left",[-0.175777,0.138523,-0.974635],[0.735529,0.676509,-0.036503],[-102.399,93.4788,22.7437],[-9.61248,-2.58156,12.6341],[-104.166,95.9422,20.5106],0,0,0.455445,[[0.571187,-0.801671,0.176262],[-0.753229,-0.597258,-0.275553],[-0.326177,-0.0246266,0.944988]],51.9346,[-164.966,75.0871,272.352],[-93.187,80.5064,64.3964]]],[[1440,[0.693427,0.661092,-0.286559],144,45.8929,[134.876,171.26,28.4072],[135.268,173.187,30.1758],[13.7065,64.1917,64.4285],false,[75.205,113.852,60.5073],[75.205,113.852,60.5073],[104.02,143.308,45.204],[124.84,163.157,36.6003],[138.312,176.974,29.3683],[[[0.466258,-0.836206,-0.288727],[0.809068,0.271072,0.521468],[-0.357789,-0.476738,0.802937]],[[0.52356,-0.735539,-0.429962],[0.544203,-0.0995806,0.833023],[-0.655537,-0.670123,0.348146]],[[0.52356,-0.735539,-0.429962],[0.49502,-0.148116,0.856164],[-0.693427,-0.661092,0.286559]],[[0.52356,-0.735539,-0.429962],[0.546381,-0.0973495,0.83186],[-0.653722,-0.670451,0.350917]]],0],[1441,[-0.187469,0.391179,-0.901019],144,51.785,[79.4236,146.652,-76.2033],[81.6933,148.793,-75.1441],[66.2604,65.8083,35.4287],false,[85.1305,99.1522,49.5025],[90.4476,123.484,-10.3028],[88.592,134.751,-46.3706],[84.6019,143.077,-65.548],[80.2023,149.942,-78.1922],[[[-0.594515,-0.724968,-0.347813],[0.799885,-0.577371,-0.16379],[-0.0820747,-0.375586,0.923146]],[[-0.600133,-0.771786,-0.210207],[0.798395,-0.561836,-0.216578],[0.04905,-0.297804,0.953366]],[[-0.600133,-0.771786,-0.210207],[0.777622,-0.501323,-0.379445],[0.187469,-0.391179,0.901019]],[[-0.600133,-0.771786,-0.210207],[0.744532,-0.442889,-0.499521],[0.292425,-0.456285,0.840411]]],1],[1442,[-0.341403,0.432873,-0.834306],144,59.0049,[55.4834,136.34,-84.3744],[57.0165,136.506,-84.2109],[76.8529,61.4765,24.9282],false,[79.9952,90.7053,45.0474],[79.9216,107.517,-14.0443],[71.2949,120.132,-53.642],[62.7459,130.971,-74.5336],[55.5356,139.616,-86.6626],[[[-0.72773,-0.659924,-0.186842],[0.685863,-0.699729,-0.199927],[0.00119754,-0.27364,0.961831]],[[-0.721614,-0.689474,-0.0624394],[0.661788,-0.660524,-0.354604],[0.203248,-0.297209,0.932929]],[[-0.721614,-0.689474,-0.0624394],[0.60226,-0.58073,-0.547755],[0.341403,-0.432873,0.834306]],[[-0.721614,-0.689474,-0.0624394],[0.537977,-0.50171,-0.677398],[0.435722,-0.522411,0.732962]]],2],[1443,[-0.309724,0.378921,-0.872061],144,56.7347,[46.3741,117.35,-80.4745],[46.0486,117.906,-80.0572],[90.2479,40.9575,7.3129],false,[72.7041,83.2442,42.1827],[67.445,91.9306,-12.0344],[58.9701,102.429,-48.9928],[51.4147,111.673,-70.2658],[45.2295,119.198,-83.5249],[[[-0.76924,-0.638361,-0.0276576],[0.631806,-0.753456,-0.182002],[0.095344,-0.157477,0.982909]],[[-0.766997,-0.641619,-0.00638209],[0.604414,-0.719112,-0.342872],[0.215404,-0.266839,0.93936]],[[-0.766997,-0.641619,-0.00638209],[0.561949,-0.666891,-0.489356],[0.309724,-0.378921,0.872061]],[[-0.766997,-0.641619,-0.00638209],[0.519992,-0.615714,-0.592035],[0.375931,-0.457408,0.805887]]],3],[1444,[-0.325871,0.304991,-0.894868],144,44.479,[35.1481,95.4967,-62.8401],[35.8971,96.6628,-62.5798],[81.5383,22.9877,-0.521995],false,[60.8936,79.0584,42.4299],[53.2419,80.1897,-8.04173],[45.3078,85.6478,-37.6518],[39.6953,90.9007,-53.0643],[34.019,96.9351,-65.7825],[[[-0.846783,-0.51897,0.116744],[0.510394,-0.854505,-0.0965303],[0.149855,-0.0221547,0.98846]],[[-0.844597,-0.51923,0.1306],[0.470878,-0.836464,-0.280361],[0.254814,-0.175296,0.950969]],[[-0.844597,-0.51923,0.1306],[0.42481,-0.798361,-0.426797],[0.325871,-0.304991,0.894868]],[[-0.844597,-0.51923,0.1306],[0.383147,-0.756537,-0.529953],[0.373971,-0.397558,0.83791]]],4],[1450,[-0.373284,0.596867,-0.710217],145,42.4771,[-131.647,152.026,10.3603],[-131.744,152.049,12.3096],[0.277596,6.67466,35.1873],false,[-101.425,102.881,71.9238],[-101.425,102.881,71.9238],[-115.317,126.793,42.083],[-125.69,143.38,22.3465],[-133.329,154.901,9.20251],[[[-0.428891,-0.869107,-0.246384],[-0.786911,0.225494,0.57439],[0.443649,-0.440233,0.780622]],[[-0.503089,-0.773449,-0.385588],[-0.793923,0.237336,0.559784],[0.341451,-0.587748,0.73346]],[[-0.503089,-0.773449,-0.385588],[-0.779462,0.213368,0.588994],[0.373284,-0.596867,0.710217]],[[-0.503089,-0.773449,-0.385588],[-0.765855,0.19225,0.613601],[0.40046,-0.604,0.689069]]],0],[1451,[-0.0635358,0.673257,-0.736674],145,47.9307,[-127.606,150.928,-44.6003],[-128.715,150.793,-42.3493],[-18.1966,19.0434,35.4343],false,[-110.379,88.553,62.5539],[-120.626,109.869,7.45321],[-127.595,130.531,-19.9449],[-128.847,143.794,-34.4574],[-128.272,153.883,-44.039],[[[0.615491,-0.689763,-0.381311],[-0.769392,-0.630753,-0.100927],[0.170897,-0.355497,0.918921]],[[0.558589,-0.587713,-0.585296],[-0.805213,-0.55355,-0.212635],[0.199022,-0.590064,0.782442]],[[0.558589,-0.587713,-0.585296],[-0.827008,-0.448685,-0.338733],[0.0635358,-0.673257,0.736674]],[[0.558589,-0.587713,-0.585296],[-0.828416,-0.360174,-0.428954],[-0.0412939,-0.724478,0.68806]]],1],[1452,[0.170988,0.416254,-0.893026],145,54.6132,[-99.3406,122.273,-65.6695],[-100.933,122.051,-64.744],[-34.1888,16.5753,18.5594],false,[-105.418,81.0006,58.1871],[-110.192,95.7076,3.46582],[-107.786,107.441,-33.9492],[-103.823,117.089,-54.6467],[-99.9639,124.722,-67.3521],[[[0.755005,-0.613748,-0.230825],[-0.650321,-0.745937,-0.14374],[0.0839612,-0.258635,0.962319]],[[0.759378,-0.633185,-0.14974],[-0.647761,-0.714052,-0.265584],[-0.0612416,-0.298675,0.952388]],[[0.759378,-0.633185,-0.14974],[-0.62778,-0.652541,-0.424361],[-0.170988,-0.416254,0.893026]],[[0.759378,-0.633185,-0.14974],[-0.599873,-0.592195,-0.538012],[-0.251986,-0.49838,0.829531]]],2],[1453,[0.300909,0.376198,-0.876315],145,52.512,[-78.6294,105.297,-58.9627],[-79.0341,105.772,-58.7398],[-48.4635,8.84526,2.06762],false,[-98.4286,74.5109,55.1383],[-97.6134,82.0956,4.65707],[-89.8409,91.4596,-29.6652],[-83.0469,99.9536,-49.4509],[-77.548,106.939,-61.815],[[[0.805993,-0.587129,-0.0751994],[-0.591709,-0.795745,-0.129114],[-0.015967,-0.148561,0.988774]],[[0.800922,-0.598495,0.0180902],[-0.559435,-0.758737,-0.333692],[-0.213438,-0.257141,0.942509]],[[0.800922,-0.598495,0.0180902],[-0.517665,-0.707304,-0.481398],[-0.300909,-0.376198,0.876315]],[[0.800922,-0.598495,0.0180902],[-0.477631,-0.656816,-0.58349],[-0.361098,-0.45869,0.811919]]],3],[1454,[0.170496,0.341779,-0.924185],145,41.1684,[-75.3663,88.4196,-44.6593],[-73.8579,87.6854,-44.3031],[-58.5105,22.3137,1.25702],false,[-87.2755,71.3625,54.6357],[-83.5517,72.1667,7.52905],[-80.547,78.334,-20.4618],[-77.8291,83.7824,-35.1945],[-74.77,89.8618,-47.4847],[[[0.885342,-0.460772,0.0621199],[-0.458215,-0.887355,-0.0513719],[-0.0787931,-0.0170174,0.996746]],[[0.888648,-0.458556,-0.00564212],[-0.446582,-0.862515,-0.237978],[-0.10426,-0.213998,0.971254]],[[0.888648,-0.458556,-0.00564212],[-0.425719,-0.820313,-0.381903],[-0.170496,-0.341779,0.924185]],[[0.888648,-0.458556,-0.00564212],[-0.403599,-0.776185,-0.484401],[-0.217746,-0.432739,0.874828]]],4]],[[0,200,0],[235.247,235.247,147.751]]],[146208,7024413365,[[144,"right",[0.10221,0.166663,-0.980702],[-0.784484,0.619701,0.0235538],[74.4261,105.437,7.34981],[78.4664,61.4979,16.8029],[71.6429,103.249,6.52969],0,0,0.915372,[[-0.643986,-0.686284,-0.338078],[0.752396,-0.488144,-0.442285],[0.138502,-0.539194,0.830715]],56.1109,[101.374,-38.191,250.1],[68.4444,90.0066,52.5914]],[145,"left",[-0.186749,0.146426,-0.971434],[0.744377,0.666396,-0.0426521],[-102.89,94.0145,22.7696],[-21.8416,14.4222,9.87501],[-104.135,95.895,20.566],0,0,0.460798,[[0.556695,-0.81321,0.169646],[-0.764433,-0.581416,-0.278562],[-0.325165,-0.0253911,0.945317]],51.9346,[-164.865,75.0939,272.253],[-93.3083,80.6815,64.2245]]],[[1440,[0.689469,0.668857,-0.277961],144,45.8929,[134.961,171.676,28.7698],[135.767,174.699,31.0755],[24.7215,91.7492,73.5232],false,[76.0308,114.651,60.6428],[76.0308,114.651,60.6428],[104.686,144.451,45.7076],[125.387,164.532,37.3621],[138.784,178.511,30.302],[[[0.475475,-0.83037,-0.290533],[0.80321,0.275045,0.528397],[-0.358856,-0.484599,0.797739]],[[0.532841,-0.728315,-0.430857],[0.539551,-0.0998294,0.836014],[-0.651893,-0.677932,0.33977]],[[0.532841,-0.728315,-0.430857],[0.490625,-0.148954,0.858545],[-0.689469,-0.668857,0.277961]],[[0.532841,-0.728315,-0.430857],[0.541741,-0.0975487,0.834866],[-0.650075,-0.678264,0.34258]]],0],[1441,[-0.184996,0.394838,-0.899933],144,51.785,[80.1707,147.436,-75.8997],[83.0995,150.447,-74.7564],[90.6239,97.5703,37.1204],false,[86.1573,100.104,49.618],[91.6534,124.836,-10.0071],[89.9355,136.298,-46.02],[85.998,144.702,-65.1742],[81.6209,151.603,-77.8068],[[[-0.585823,-0.728067,-0.355991],[0.805986,-0.569371,-0.161872],[-0.0848374,-0.381752,0.920363]],[[-0.591933,-0.775755,-0.218674],[0.804707,-0.55354,-0.21457],[0.045409,-0.30298,0.951915]],[[-0.591933,-0.775755,-0.218674],[0.784469,-0.492246,-0.37723],[0.184996,-0.394838,0.899933]],[[-0.591933,-0.775755,-0.218674],[0.751649,-0.433389,-0.497189],[0.290926,-0.458669,0.839634]]],1],[1442,[-0.339596,0.435276,-0.833792],144,59.0049,[56.4533,137.17,-84.1754],[58.6084,138.056,-84.0396],[103.312,90.7229,23.2146],false,[81.1258,91.6393,45.0795],[81.2929,108.799,-13.9118],[72.8263,121.589,-53.4881],[64.3226,132.489,-74.3668],[57.1169,141.15,-86.4868],[[[-0.720659,-0.665146,-0.195527],[0.693284,-0.692506,-0.19948],[-0.00272022,-0.279313,0.960196]],[[-0.715142,-0.695292,-0.0717018],[0.669912,-0.652513,-0.354182],[0.199474,-0.301324,0.932424]],[[-0.715142,-0.695292,-0.0717018],[0.610939,-0.57193,-0.547402],[0.339596,-0.435276,0.833792]],[[-0.715142,-0.695292,-0.0717018],[0.546772,-0.492559,-0.677072],[0.435445,-0.523407,0.732415]]],2],[1443,[-0.305705,0.379946,-0.873032],144,56.7347,[48.0762,118.473,-80.5579],[47.8769,119.191,-80.158],[120.873,68.3923,2.13051],false,[73.9195,84.1317,42.1228],[68.9407,93.0929,-12.0761],[60.6767,103.684,-49.0557],[53.2194,112.953,-70.3524],[47.0814,120.479,-83.6328],[[[-0.763403,-0.644891,-0.0364975],[0.639585,-0.746809,-0.182229],[0.0902613,-0.162458,0.982578]],[[-0.761303,-0.64821,-0.0155216],[0.613432,-0.71229,-0.341093],[0.210044,-0.269197,0.939901]],[[-0.761303,-0.64821,-0.0155216],[0.571806,-0.659897,-0.487415],[0.305705,-0.379946,0.873032]],[[-0.761303,-0.64821,-0.0155216],[0.530322,-0.608716,-0.590104],[0.373064,-0.45748,0.807178]]],3],[1444,[-0.323029,0.302907,-0.896604],144,44.479,[36.7969,96.3578,-63.104],[37.6131,97.6232,-62.8566],[111.847,45.5828,-9.22512],false,[62.1449,79.8414,42.2672],[54.8155,81.2047,-8.24654],[46.982,86.6861,-37.8791],[41.4184,91.9031,-53.3215],[35.7773,97.8769,-66.0839],[[[-0.842939,-0.52704,0.108085],[0.518507,-0.849421,-0.0981584],[0.143543,-0.0266986,0.989284]],[[-0.840422,-0.527413,0.124608],[0.479997,-0.83117,-0.280639],[0.251583,-0.176044,0.95169]],[[-0.840422,-0.527413,0.124608],[0.435136,-0.793778,-0.424939],[0.323029,-0.302907,0.896604]],[[-0.840422,-0.527413,0.124608],[0.394418,-0.752954,-0.526778],[0.371653,-0.393568,0.84082]]],4],[1450,[-0.374285,0.605992,-0.701915],145,42.4771,[-131.64,152.058,10.4276],[-131.547,153.047,13.0459],[6.22771,35.0335,47.6655],false,[-101.132,103.126,71.9826],[-101.132,103.126,71.9826],[-115.082,127.397,42.4599],[-125.483,144.237,22.9542],[-133.133,155.937,9.97618],[[[-0.444249,-0.861654,-0.245347],[-0.77598,0.233201,0.586066],[0.447771,-0.450743,0.772225]],[[-0.518946,-0.764186,-0.383034],[-0.783025,0.245233,0.571606],[0.342881,-0.596557,0.725639]],[[-0.518946,-0.764186,-0.383034],[-0.768509,0.220892,0.600501],[0.374285,-0.605992,0.701915]],[[-0.518946,-0.764186,-0.383034],[-0.754874,0.199449,0.624808],[0.401074,-0.613384,0.680368]]],0],[1451,[-0.0636564,0.678485,-0.731851],145,47.9307,[-127.633,150.968,-44.5278],[-129.248,152.083,-41.6334],[-28.8673,52.3418,47.049],false,[-110.409,88.9769,62.6555],[-121.088,110.743,7.8131],[-128.126,131.663,-19.3709],[-129.38,145.029,-33.7883],[-128.787,155.166,-43.3176],[[[0.600658,-0.696115,-0.393236],[-0.779418,-0.619402,-0.0940628],[0.178093,-0.362995,0.914613]],[[0.542423,-0.592037,-0.596045],[-0.815706,-0.540902,-0.205058],[0.201,-0.597426,0.776326]],[[0.542423,-0.592037,-0.596045],[-0.83769,-0.434915,-0.330339],[0.0636564,-0.678485,0.731851]],[[0.542423,-0.592037,-0.596045],[-0.839025,-0.345795,-0.420074],[-0.0425896,-0.727955,0.684301]]],1],[1452,[0.164959,0.41907,-0.892843],145,54.6132,[-99.559,122.409,-65.5565],[-102.183,123.081,-64.563],[-62.1241,42.8129,18.8652],false,[-105.612,81.3808,58.1819],[-110.907,96.4598,3.60988],[-108.834,108.377,-33.7671],[-105.011,118.089,-54.4604],[-101.213,125.743,-67.1721],[[[0.743209,-0.622896,-0.244217],[-0.66255,-0.735991,-0.139087],[0.0931052,-0.265177,0.959694]],[[0.748381,-0.642815,-0.163447],[-0.661168,-0.7034,-0.260931],[-0.0527617,-0.303342,0.95142]],[[0.748381,-0.642815,-0.163447],[-0.642429,-0.641224,-0.419662],[-0.164959,-0.41907,0.892843]],[[0.748381,-0.642815,-0.163447],[-0.615178,-0.580588,-0.53336],[-0.247957,-0.499706,0.829947]]],2],[1453,[0.29235,0.379022,-0.877994],145,52.512,[-79.9729,105.955,-59.125],[-80.5198,106.506,-58.9566],[-82.4445,31.3311,-4.67182],false,[-98.7558,74.8116,55.0048],[-98.505,82.6675,4.55911],[-91.1369,92.2009,-29.8056],[-84.5361,100.759,-49.6293],[-79.1364,107.765,-62.0249],[[[0.796626,-0.597863,-0.0891442],[-0.604452,-0.786691,-0.125516],[-0.00491232,-0.153873,0.988078]],[[0.792888,-0.609366,0.000953511],[-0.574795,-0.748423,-0.330868],[-0.202333,-0.261793,0.943677]],[[0.792888,-0.609366,0.000953511],[-0.534659,-0.69643,-0.47867],[-0.29235,-0.379022,0.877994]],[[0.792888,-0.609366,0.000953511],[-0.495579,-0.645741,-0.580879],[-0.354584,-0.4601,0.813989]]],3],[1454,[0.163751,0.347748,-0.923178],145,41.1684,[-76.5981,89.0221,-44.8937],[-75.4039,88.3541,-44.6639],[-85.4131,37.4988,-8.00155],false,[-87.6555,71.511,54.3362],[-84.5467,72.5278,7.18907],[-81.8143,78.8884,-20.7864],[-79.2039,84.4319,-35.503],[-76.2106,90.5843,-47.7732],[[[0.879552,-0.473396,0.0477867],[-0.471233,-0.880587,-0.0500622],[-0.0657796,-0.0215136,0.997602]],[[0.881994,-0.470798,-0.0208976],[-0.461626,-0.854189,-0.239298],[-0.0948106,-0.220706,0.970721]],[[0.881994,-0.470798,-0.0208976],[-0.441897,-0.810815,-0.383805],[-0.163751,-0.347748,0.923178]],[[0.881994,-0.470798,-0.0208976],[-0.420344,-0.765876,-0.486563],[-0.213068,-0.43793,0.873395]]],4]],[[0,200,0],[235.247,235.247,147.751]]],[146209,7024421500,[[144,"right",[0.106856,0.171636,-0.979348],[-0.788915,0.614124,0.0215506],[75.6261,106.387,7.40884],[95.8533,75.4102,14.3983],[72.19,103.68,6.65044],0,0,0.922323,[[-0.637137,-0.689132,-0.345185],[0.758534,-0.481215,-0.439384],[0.136686,-0.541783,0.82933]],56.1109,[101.982,-38.0948,249.727],[69.484,90.7183,52.547]],[145,"left",[-0.199149,0.15049,-0.968345],[0.747088,0.662793,-0.0506412],[-103.554,94.5828,22.7084],[-36.909,28.382,5.49567],[-104.12,95.8616,20.6205],0,0,0.461406,[[0.549058,-0.819389,0.164732],[-0.770374,-0.572598,-0.280457],[-0.324129,-0.0270824,0.945625]],51.9346,[-164.808,75.1086,272.083],[-93.4795,81.0684,63.9873]]],[[1440,[0.686428,0.674871,-0.270862],144,45.8929,[135.078,172.115,29.1184],[136.339,175.979,31.8128],[35.9525,107.956,77.6607],false,[76.8505,115.38,60.7497],[76.8505,115.38,60.7497],[105.385,145.444,46.1175],[125.994,165.707,37.9851],[139.335,179.809,31.0662],[[[0.482972,-0.825772,-0.291272],[0.798125,0.278321,0.534355],[-0.360188,-0.490549,0.79349]],[[0.540476,-0.722662,-0.430866],[0.535254,-0.0997823,0.838777],[-0.649145,-0.683962,0.332878]],[[0.540476,-0.722662,-0.430866],[0.486521,-0.149364,0.860806],[-0.686428,-0.674871,0.270862]],[[0.540476,-0.722662,-0.430866],[0.537454,-0.0974608,0.837642],[-0.647325,-0.684296,0.335722]]],0],[1441,[-0.18243,0.39744,-0.899311],144,51.785,[81.0059,148.295,-75.6162],[84.4683,151.81,-74.4505],[110.366,115.158,37.1216],false,[87.1434,100.952,49.7228],[92.8201,125.98,-9.76132],[91.2354,137.586,-45.7343],[87.3525,146.045,-64.8753],[83.0019,152.97,-77.5038],[[[-0.578608,-0.730566,-0.36261],[0.810885,-0.563044,-0.15952],[-0.0876257,-0.386335,0.918187]],[[-0.585199,-0.7789,-0.225514],[0.809807,-0.546996,-0.21215],[0.0418885,-0.306773,0.95086]],[[-0.585199,-0.7789,-0.225514],[0.790102,-0.485135,-0.374676],[0.18243,-0.39744,0.899311]],[[-0.585199,-0.7789,-0.225514],[0.757578,-0.425983,-0.494584],[0.289166,-0.460275,0.839363]]],1],[1442,[-0.337593,0.436919,-0.833746],144,59.0049,[57.5139,138.069,-84.0094],[60.1335,139.337,-83.9166],[124.216,107.02,21.2103],false,[82.1981,92.4718,45.1179],[82.5951,109.889,-13.7968],[74.2826,122.805,-53.3647],[65.8291,133.746,-74.2422],[58.6353,142.416,-86.3628],[[[-0.714828,-0.669283,-0.202683],[0.69927,-0.686794,-0.198329],[-0.00646301,-0.283502,0.95895]],[[-0.709867,-0.699855,-0.0793217],[0.676561,-0.646221,-0.353077],[0.195843,-0.304303,0.932226]],[[-0.709867,-0.699855,-0.0793217],[0.618159,-0.56507,-0.54642],[0.337593,-0.436919,0.833746]],[[-0.709867,-0.699855,-0.0793217],[0.554171,-0.485459,-0.676184],[0.434723,-0.523958,0.73245]]],2],[1443,[-0.30162,0.380039,-0.874412],144,56.7347,[49.769,119.496,-80.6645],[49.6127,120.235,-80.2699],[144.516,83.1275,-1.99174],false,[75.062,84.9273,42.086],[70.3422,94.0894,-12.1024],[62.2853,104.721,-49.1161],[54.9276,113.992,-70.4465],[48.84,121.51,-83.7551],[[[-0.758654,-0.650018,-0.0438251],[0.64585,-0.741544,-0.181633],[0.0855665,-0.166101,0.982389]],[[-0.756669,-0.653395,-0.0229751],[0.620901,-0.707144,-0.338275],[0.20478,-0.270227,0.940767]],[[-0.756669,-0.653395,-0.0229751],[0.580068,-0.65471,-0.484641],[0.30162,-0.380039,0.874412]],[[-0.756669,-0.653395,-0.0229751],[0.539027,-0.603565,-0.58