{"metadata":{"formatVersion":2,"generatedBy":"LeapJS Playback 0.2.1","frames":96,"frameRate":"77","modified":"Sun Apr 12 2015 22:24:59 GMT-0300 (E. South America Standard Time)","title":"hoje"},"frames":[["id","timestamp",{"hands":[["id","type","direction","palmNormal","palmPosition","palmVelocity","stabilizedPalmPosition","pinchStrength","grabStrength","confidence","armBasis","armWidth","elbow","wrist"]]},{"pointables":[["id","direction","handId","length","stabilizedTipPosition","tipPosition","tipVelocity","tool","carpPosition","mcpPosition","pipPosition","dipPosition","btipPosition","bases","type"]]},{"interactionBox":["center","size"]}],[146258,7025054525,[[144,"right",[0.23457,0.0973081,-0.967217],[-0.836602,0.526908,-0.149883],[117.087,118.636,7.26303],[-168.568,-83.6971,34.4528],[121.376,120.945,6.34745],0,0,0.497326,[[-0.530096,-0.784971,-0.320655],[0.817506,-0.372717,-0.439052],[0.22513,-0.494877,0.839294]],56.1109,[159.318,-11.3239,251.999],[105.792,106.337,52.4498]],[145,"left",[-0.285029,0.170269,-0.943275],[0.742291,0.661827,-0.104833],[-130.234,105.232,27.6741],[67.9154,-32.0039,1.72101],[-134.257,106.643,27.1646],0,0,0.388811,[[0.435528,-0.86823,0.23768],[-0.787199,-0.495418,-0.367259],[-0.436616,0.0271497,0.899238]],51.9346,[-212.618,96.8468,265.49],[-116.535,90.8722,67.6017]]],[[1440,[0.479275,0.705943,-0.521478],144,45.8929,[170.08,205.201,38.7048],[153.629,195.951,14.1072],[-147.648,-62.2887,-67.8844],false,[109.556,132.251,59.0853],[109.556,132.251,59.0853],[130.594,163.271,36.1202],[144.983,184.466,20.4633],[156.153,199.413,11.7135],[[[0.594845,-0.79205,-0.137169],[0.681008,0.405898,0.609487],[-0.427068,-0.455964,0.780839]],[[0.67185,-0.67741,-0.299556],[0.565306,0.207643,0.798319],[-0.478588,-0.705691,0.522449]],[[0.67185,-0.67741,-0.299556],[0.564724,0.206785,0.798954],[-0.479275,-0.705943,0.521478]],[[0.67185,-0.67741,-0.299556],[0.504861,0.12289,0.854408],[-0.541972,-0.725268,0.424561]]],0],[1441,[-0.0288025,0.371176,-0.928116],144,51.785,[138.194,162.87,-75.0544],[136.49,161.319,-75.4319],[-261.206,-156.789,-39.0946],false,[122.656,118.099,51.0963],[134.756,138.391,-9.22633],[139.514,149.496,-45.0774],[138.901,157.396,-64.8316],[136.639,163.784,-78.2641],[[[-0.448636,-0.816009,-0.364492],[0.873979,-0.485819,0.0118906],[-0.18678,-0.313224,0.93113]],[[-0.457333,-0.830515,-0.31795],[0.880358,-0.473373,-0.0297964],[-0.125763,-0.293537,0.947639]],[[-0.457333,-0.830515,-0.31795],[0.888829,-0.4153,-0.193672],[0.0288025,-0.371176,0.928116]],[[-0.457333,-0.830515,-0.31795],[0.876491,-0.360501,-0.319065],[0.150367,-0.424599,0.892807]]],1],[1442,[-0.168966,0.29025,-0.941916],144,59.0049,[118.256,140.442,-89.6468],[117.696,140.022,-89.5963],[-280.829,-173.513,8.06679],false,[119.251,108.78,46.7215],[126.769,121.023,-13.0116],[126.088,128.418,-54.8013],[121.857,135.687,-78.3875],[117.167,141.855,-93.0089],[[[-0.612121,-0.755968,-0.231993],[0.781236,-0.62354,-0.0294625],[-0.122384,-0.199276,0.972271]],[[-0.6217,-0.772947,-0.126659],[0.783091,-0.610076,-0.120728],[0.0160449,-0.174242,0.984572]],[[-0.6217,-0.772947,-0.126659],[0.764813,-0.564188,-0.31105],[0.168966,-0.29025,0.941916]],[[-0.6217,-0.772947,-0.126659],[0.730172,-0.51342,-0.450832],[0.28344,-0.372765,0.883577]]],2],[1443,[-0.226094,0.335184,-0.914622],144,56.7347,[101.959,126.914,-82.6452],[103.087,126.69,-82.7943],[-296.923,-213.478,31.0249],false,[113.369,100.292,43.4983],[115.91,104.221,-11.4627],[111.309,113.653,-49.3815],[105.793,121.829,-71.6927],[100.799,128.424,-85.9147],[[[-0.680599,-0.727883,-0.0835009],[0.731207,-0.681992,-0.0149531],[-0.0460628,-0.0712336,0.996396]],[[-0.67984,-0.726746,-0.0982766],[0.723976,-0.643718,-0.247965],[0.116945,-0.239726,0.963771]],[[-0.67984,-0.726746,-0.0982766],[0.697638,-0.599577,-0.392185],[0.226094,-0.335184,0.914622]],[[-0.67984,-0.726746,-0.0982766],[0.667598,-0.557831,-0.49309],[0.303529,-0.400831,0.86441]]],3],[1444,[-0.345203,0.191286,-0.918828],144,44.479,[83.9623,99.8155,-64.6162],[85.4184,100.54,-64.4729],[-348.207,-253.889,89.5809],false,[102.199,94.7236,42.3591],[102.62,91.1609,-8.57558],[94.532,93.1868,-38.5752],[88.5865,96.4813,-54.4004],[82.4819,100.74,-67.6287],[[[-0.792754,-0.608478,0.0360084],[0.609486,-0.790498,0.0603298],[-0.00824475,0.0697733,0.997529]],[[-0.786446,-0.593238,0.171964],[0.560384,-0.802393,-0.205266],[0.259755,-0.0650647,0.96348]],[[-0.786446,-0.593238,0.171964],[0.512189,-0.781971,-0.355224],[0.345203,-0.191286,0.918828]],[[-0.786446,-0.593238,0.171964],[0.468774,-0.754563,-0.459222],[0.402186,-0.280541,0.871518]]],4],[1450,[-0.438972,0.62506,-0.645449],145,42.4771,[-164.95,167.697,28.5261],[-159.124,164.726,22.2766],[78.0367,-31.9279,-87.2944],false,[-123.297,113.186,76.6295],[-123.297,113.186,76.6295],[-139.973,138.241,49.2533],[-152.172,155.611,31.3167],[-161.009,167.669,19.4689],[[[-0.475516,-0.852507,-0.217065],[-0.708781,0.225123,0.668543],[0.52107,-0.471754,0.71129]],[[-0.563301,-0.751109,-0.344279],[-0.71742,0.237922,0.654754],[0.409879,-0.615816,0.672882]],[[-0.563301,-0.751109,-0.344279],[-0.699997,0.212453,0.681812],[0.438972,-0.62506,0.645449]],[[-0.563301,-0.751109,-0.344279],[-0.684157,0.190382,0.704048],[0.463272,-0.632132,0.621118]]],0],[1451,[-0.196069,0.647068,-0.73679],145,47.9307,[-172.528,168.872,-27.8085],[-165.698,162.754,-33.3292],[102.786,-102.651,-91.2476],false,[-133.626,99.3247,68.0027],[-149.724,122.434,15.0656],[-161.418,142.021,-11.5003],[-165.28,154.768,-26.015],[-166.448,164.567,-35.8397],[[[0.549969,-0.691112,-0.468934],[-0.790864,-0.611422,-0.0264204],[0.268457,-0.385393,0.882838]],[[0.479451,-0.592176,-0.647652],[-0.811542,-0.580033,-0.0704283],[0.333954,-0.559364,0.758674]],[[0.479451,-0.592176,-0.647652],[-0.855385,-0.48024,-0.19413],[0.196069,-0.647068,0.73679]],[[0.479451,-0.592176,-0.647652],[-0.873552,-0.39258,-0.28773],[0.0838679,-0.70371,0.705519]]],1],[1452,[-0.0229026,0.486458,-0.873404],145,54.6132,[-151.033,144.697,-54.5028],[-146.521,140.457,-56.3455],[153.909,-122.678,-53.6579],false,[-129.393,91.8001,62.8867],[-140.171,108.179,9.50995],[-146.103,122.567,-26.5615],[-146.634,133.841,-46.8043],[-145.446,142.558,-59.3418],[[[0.707893,-0.622399,-0.333927],[-0.680413,-0.727773,-0.08593],[0.189541,-0.288038,0.938674]],[[0.702239,-0.613989,-0.360387],[-0.695743,-0.699209,-0.164466],[0.151005,-0.366231,0.91819]],[[0.702239,-0.613989,-0.360387],[-0.711573,-0.621591,-0.327548],[0.0229026,-0.486458,0.873404]],[[0.702239,-0.613989,-0.360387],[-0.707707,-0.546889,-0.447284],[-0.0775357,-0.569148,0.818571]]],2],[1453,[0.216089,0.301332,-0.928711],145,52.512,[-115.046,113.305,-57.7756],[-115.627,113.778,-57.4556],[135.431,-143.569,-0.725845],false,[-122.965,85.2572,58.8688],[-127.87,94.2795,8.85789],[-122.794,101.787,-26.4124],[-117.915,108.59,-47.3812],[-113.777,114.225,-60.91],[[[0.777334,-0.601357,-0.18472],[-0.62171,-0.779192,-0.0796013],[0.0960634,-0.176719,0.979562]],[[0.782506,-0.622326,-0.0198512],[-0.606842,-0.755124,-0.248052],[-0.139379,-0.206149,0.968543]],[[0.782506,-0.622326,-0.0198512],[-0.583943,-0.722433,-0.370272],[-0.216089,-0.301332,0.928711]],[[0.782506,-0.622326,-0.0198512],[-0.560221,-0.689785,-0.458638],[-0.27173,-0.370008,0.888401]]],3],[1454,[0.458384,0.167273,-0.872871],145,41.1684,[-90.0266,91.0518,-39.5806],[-90.9486,91.7389,-39.6189],[126.445,-157.495,39.3809],false,[-112.026,81.8931,56.9775],[-113.812,83.9812,9.79698],[-102.263,84.9186,-16.5906],[-94.956,87.5851,-30.5053],[-88.0083,91.3156,-42.132],[[[0.875195,-0.480702,-0.054396],[-0.482292,-0.87577,-0.0205061],[0.0377811,-0.0441816,0.998309]],[[0.819603,-0.459377,0.342378],[-0.409479,-0.887645,-0.210742],[-0.40072,-0.0325278,0.915623]],[[0.819603,-0.459377,0.342378],[-0.343707,-0.872349,-0.347668],[-0.458384,-0.167273,0.872871]],[[0.819603,-0.459377,0.342378],[-0.289265,-0.847622,-0.444818],[-0.494546,-0.265536,0.827596]]],4]],[[0,200,0],[235.247,235.247,147.751]]],[146259,7025071832,[[144,"right",[0.22187,0.0842035,-0.971434],[-0.843323,0.516676,-0.147825],[114.106,117.399,7.65748],[-170.248,-78.0752,29.0817],[117.745,119.174,7.00177],0,0,0.519378,[[-0.532051,-0.784548,-0.318443],[0.813638,-0.369641,-0.448731],[0.234341,-0.497845,0.835006]],56.1109,[159.195,-12.6565,251.696],[103.478,105.71,53.1669]],[145,"left",[-0.283258,0.153583,-0.946666],[0.741618,0.660948,-0.114675],[-129.731,105.233,27.4645],[50.0422,-17.2465,-4.64767],[-133.74,106.482,27.1989],0,0,0.394078,[[0.438315,-0.866963,0.237181],[-0.784475,-0.497797,-0.369861],[-0.438724,0.0239471,0.898303]],51.9346,[-212.643,96.8522,265.345],[-116.097,91.5824,67.6625]]],[[1440,[0.472612,0.700792,-0.534348],144,45.8929,[167.3,203.76,35.0272],[150.28,195.041,12.9356],[-164.264,-59.5004,-64.5554],false,[107.077,131.759,59.3487],[107.077,131.759,59.3487],[127.695,162.502,35.6433],[141.885,183.543,19.6],[152.949,198.424,10.608],[[[0.600624,-0.788553,-0.132043],[0.68448,0.421783,0.594632],[-0.413205,-0.447531,0.793081]],[[0.673393,-0.67831,-0.294004],[0.571431,0.225251,0.789131],[-0.469051,-0.699398,0.53929]],[[0.673393,-0.67831,-0.294004],[0.568489,0.220876,0.792486],[-0.472612,-0.700792,0.534348]],[[0.673393,-0.67831,-0.294004],[0.508253,0.135972,0.850406],[-0.536862,-0.722086,0.436316]]],0],[1441,[-0.0425206,0.357939,-0.932776],144,51.785,[133.34,160.342,-75.5945],[132.183,159.085,-75.8862],[-255.931,-144.065,-33.7535],false,[120.212,117.605,51.422],[131.386,137.054,-9.35544],[135.644,147.703,-45.4073],[134.739,155.321,-65.2606],[132.268,161.501,-78.7541],[[[-0.445268,-0.825797,-0.346116],[0.878629,-0.477425,0.00875593],[-0.172475,-0.300208,0.938151]],[[-0.45293,-0.839077,-0.301337],[0.884413,-0.465532,-0.0330527],[-0.112548,-0.281477,0.952945]],[[-0.45293,-0.839077,-0.301337],[0.890531,-0.409669,-0.1978],[0.0425206,-0.357939,0.932776]],[[-0.45293,-0.839077,-0.301337],[0.876296,-0.356735,-0.3238],[0.164196,-0.410719,0.896855]]],1],[1442,[-0.182508,0.279688,-0.942585],144,59.0049,[113.996,138.117,-89.4812],[113.462,137.576,-89.4597],[-264.71,-155.388,8.74272],false,[116.843,108.187,47.236],[123.519,119.555,-12.7696],[122.362,126.492,-54.6275],[117.792,133.495,-78.2304],[112.856,139.494,-92.8416],[[[-0.607693,-0.765194,-0.212573],[0.786702,-0.616637,-0.0292903],[-0.108668,-0.185031,0.976706]],[[-0.615588,-0.780031,-0.112261],[0.787597,-0.604021,-0.121861],[0.0272477,-0.163433,0.986178]],[[-0.615588,-0.780031,-0.112261],[0.766643,-0.559755,-0.314534],[0.182508,-0.279688,0.942585]],[[-0.615588,-0.780031,-0.112261],[0.729428,-0.51005,-0.455834],[0.298306,-0.362492,0.882957]]],2],[1443,[-0.243823,0.313939,-0.917601],144,56.7347,[97.4466,123.831,-82.2058],[98.5912,123.742,-82.3329],[-280.131,-197.135,28.406],false,[111.003,99.5949,44.2188],[112.839,102.679,-10.8241],[107.429,111.378,-48.8116],[101.481,119.036,-71.1955],[96.2329,125.258,-85.4937],[[[-0.674625,-0.735406,-0.0637089],[0.73741,-0.675315,-0.0132526],[-0.0332775,-0.0559202,0.997881]],[[-0.674315,-0.7349,-0.0722538],[0.725531,-0.641128,-0.250119],[0.137489,-0.221082,0.965515]],[[-0.674315,-0.7349,-0.0722538],[0.697029,-0.601136,-0.39088],[0.243823,-0.313939,0.917601]],[[-0.674315,-0.7349,-0.0722538],[0.665983,-0.56296,-0.48943],[0.319006,-0.37815,0.869044]]],3],[1444,[-0.295252,0.22666,-0.928144],144,44.479,[84.1308,100.235,-64.1664],[84.0328,99.8742,-63.6791],[-181.224,-124.112,59.7146],false,[99.8734,93.9059,43.3044],[99.7094,89.5437,-7.56952],[93.4045,92.6493,-37.9027],[88.3193,96.5531,-53.8883],[82.8838,101.344,-67.2256],[[[-0.786448,-0.615177,0.0552844],[0.617648,-0.783746,0.0652125],[0.00321176,0.0854325,0.996339]],[[-0.78548,-0.610631,0.100749],[0.584823,-0.785609,-0.201993],[0.202492,-0.0997412,0.974191]],[[-0.78548,-0.610631,0.100749],[0.543918,-0.758785,-0.358327],[0.295252,-0.22666,0.928144]],[[-0.78548,-0.610631,0.100749],[0.504759,-0.72628,-0.466622],[0.358105,-0.315668,0.8787]]],4],[1450,[-0.438442,0.613232,-0.65705],145,42.4771,[-164.625,167.548,28.1392],[-158.688,164.585,20.9809],[53.6851,-21.0117,-81.6313],false,[-122.908,114.039,76.29],[-122.908,114.039,76.29],[-139.559,138.595,48.4507],[-151.743,155.636,30.1917],[-160.571,167.476,18.1192],[[[-0.473904,-0.856781,-0.203327],[-0.710499,0.235636,0.663073],[0.520198,-0.458697,0.720411]],[[-0.561559,-0.75771,-0.332457],[-0.719129,0.248188,0.649042],[0.409273,-0.603555,0.684264]],[[-0.561559,-0.75771,-0.332457],[-0.701727,0.223209,0.676578],[0.438442,-0.613232,0.65705]],[[-0.561559,-0.75771,-0.332457],[-0.685905,0.201546,0.699224],[0.462803,-0.620689,0.632897]]],0],[1451,[-0.195899,0.633616,-0.748435],145,47.9307,[-171.558,167.785,-28.8022],[-165.177,161.616,-34.6091],[69.3959,-85.7102,-83.0145],false,[-133.2,100.017,67.8819],[-149.216,122.187,14.5205],[-160.897,141.282,-12.4073],[-164.756,153.764,-27.1514],[-165.924,163.387,-37.1494],[[[0.551893,-0.698332,-0.455792],[-0.78998,-0.612881,-0.0175293],[0.267105,-0.369741,0.889914]],[[0.481659,-0.602641,-0.636261],[-0.81039,-0.582642,-0.0616215],[0.333576,-0.5453,0.769009]],[[0.481659,-0.602641,-0.636261],[-0.854183,-0.485133,-0.187129],[0.195899,-0.633616,0.748435]],[[0.481659,-0.602641,-0.636261],[-0.872339,-0.399158,-0.282306],[0.0838392,-0.691011,0.717966]]],1],[1452,[-0.0092175,0.474253,-0.88034],145,54.6132,[-148.111,142.444,-55.6639],[-145.139,139.182,-57.1553],[125.642,-97.8199,-50.0283],false,[-128.945,92.4111,62.9052],[-139.632,107.852,9.23152],[-144.954,121.814,-27.1014],[-145.168,132.806,-47.505],[-143.804,141.323,-60.1614],[[[0.709438,-0.627083,-0.321659],[-0.679247,-0.730088,-0.0747918],[0.187939,-0.271546,0.943897]],[[0.705214,-0.621074,-0.341966],[-0.695932,-0.69854,-0.166497],[0.13547,-0.355401,0.924845]],[[0.705214,-0.621074,-0.341966],[-0.708934,-0.623981,-0.328725],[0.0092175,-0.474253,0.88034]],[[0.705214,-0.621074,-0.341966],[-0.703381,-0.552298,-0.447461],[-0.089039,-0.556088,0.82634]]],2],[1453,[0.221526,0.285935,-0.932291],145,52.512,[-113.907,111.607,-58.0207],[-114.733,112.256,-57.7585],[97.5251,-116.483,-6.86667],false,[-122.501,85.8088,59.0143],[-127.311,93.9605,8.84507],[-122.066,100.828,-26.5307],[-117.065,107.284,-47.5803],[-112.837,112.71,-61.1665],[[[0.778534,-0.603375,-0.172692],[-0.620488,-0.781309,-0.0674543],[0.0942252,-0.159669,0.982663]],[[0.783276,-0.621658,-0.00454584],[-0.60476,-0.760251,-0.237242],[-0.144028,-0.188575,0.97144]],[[0.783276,-0.621658,-0.00454584],[-0.580866,-0.729234,-0.361679],[-0.221526,-0.285935,0.932291]],[[0.783276,-0.621658,-0.00454584],[-0.556243,-0.697551,-0.451682],[-0.27762,-0.35632,0.892168]]],3],[1454,[0.46193,0.146325,-0.874763],145,41.1684,[-88.944,89.2892,-39.3313],[-90.0806,90.3355,-39.4706],[89.5502,-122.105,25.4665],false,[-111.553,82.4277,57.2043],[-113.241,83.6994,9.99109],[-101.547,84.0956,-16.3458],[-94.183,86.4283,-30.2906],[-87.1976,89.8482,-41.9899],[[[0.875956,-0.480355,-0.0442631],[-0.481066,-0.876661,-0.00641018],[0.0357246,-0.0269085,0.998999]],[[0.817998,-0.451481,0.356434],[-0.40769,-0.892175,-0.194454],[-0.405793,-0.0137481,0.913862]],[[0.817998,-0.451481,0.356434],[-0.342783,-0.880201,-0.328246],[-0.46193,-0.146325,0.874763]],[[0.817998,-0.451481,0.356434],[-0.289212,-0.858432,-0.423616],[-0.497228,-0.243432,0.832769]]],4]],[[0,200,0],[235.247,235.247,147.751]]],[146260,7025089793,[[144,"right",[0.202057,0.0721339,-0.976714],[-0.853475,0.502122,-0.139479],[111.063,115.938,8.22684],[-169.862,-79.6056,30.3201],[114.057,117.388,7.67798],0,0,0.540414,[[-0.532937,-0.782765,-0.321336],[0.812397,-0.367146,-0.453006],[0.23662,-0.502476,0.831582]],56.1109,[157.735,-14.6542,251.823],[101.477,104.813,54.1074]],[145,"left",[-0.272546,0.111399,-0.955672],[0.721144,0.681183,-0.126258],[-128.489,104.822,26.3501],[59.0673,-19.9171,-31.7995],[-133.161,106.299,27.1053],0,0,0.393329,[[0.474901,-0.843946,0.249448],[-0.761349,-0.536164,-0.36452],[-0.441381,0.0168057,0.897163]],51.9346,[-212.207,96.723,264.635],[-115.076,93.0247,67.2035]]],[[1440,[0.456013,0.698345,-0.551695],144,45.8929,[162.972,201.726,30.1056],[146.379,194.099,11.67],[-186.896,-57.0097,-65.537],false,[104.811,131.005,59.8166],[104.811,131.005,59.8166],[124.617,161.603,35.2464],[138.308,182.57,18.6823],[149.07,197.45,9.32793],[[[0.6095,-0.781815,-0.131435],[0.689428,0.440851,0.574753],[-0.391407,-0.440926,0.807703]],[[0.676878,-0.674628,-0.294471],[0.582067,0.245662,0.775144],[-0.450593,-0.69608,0.558962]],[[0.676878,-0.674628,-0.294471],[0.577831,0.239148,0.780333],[-0.456013,-0.698345,0.551695]],[[0.676878,-0.674628,-0.294471],[0.51883,0.153474,0.840988],[-0.52216,-0.722027,0.453901]]],0],[1441,[-0.064679,0.344043,-0.936723],144,51.785,[127.891,157.793,-76.0211],[127.002,156.679,-76.2501],[-271.857,-139.292,-28.074],false,[117.998,116.919,51.8571],[127.725,135.57,-9.41696],[131.172,145.768,-45.6854],[129.795,153.09,-65.6227],[126.99,159.042,-79.1531],[[[-0.439623,-0.837438,-0.3247],[0.885544,-0.464554,-0.00083344],[-0.150143,-0.287902,0.945817]],[[-0.446006,-0.849683,-0.281279],[0.890382,-0.453198,-0.0428092],[-0.0911006,-0.269539,0.958671]],[[-0.446006,-0.849683,-0.281279],[0.89269,-0.399591,-0.208402],[0.064679,-0.344043,0.936723]],[[-0.446006,-0.849683,-0.281279],[0.875395,-0.348654,-0.334849],[0.186446,-0.395575,0.89931]]],1],[1442,[-0.202682,0.267066,-0.942123],144,59.0049,[108.989,135.487,-89.1328],[108.443,134.858,-89.1175],[-271.324,-151.115,13.7831],false,[114.688,107.389,47.8824],[120.052,117.909,-12.4087],[118.133,124.345,-54.3185],[113.058,131.033,-77.9099],[107.769,136.816,-92.4848],[[[-0.600345,-0.777087,-0.189],[0.794961,-0.605653,-0.0349504],[-0.0873087,-0.17123,0.981355]],[[-0.605964,-0.789969,-0.0935715],[0.794206,-0.594099,-0.127608],[0.0452159,-0.151641,0.987401]],[[-0.605964,-0.789969,-0.0935715],[0.769238,-0.551928,-0.321945],[0.202682,-0.267066,0.942123]],[[-0.605964,-0.789969,-0.0935715],[0.728479,-0.503811,-0.464213],[0.319572,-0.349461,0.880767]]],2],[1443,[-0.269273,0.292082,-0.917704],144,56.7347,[92.2479,120.492,-81.3856],[93.4093,120.509,-81.5142],[-284.506,-191.791,36.5763],false,[108.919,98.6674,45.1112],[109.659,100.914,-9.9979],[103.147,108.873,-47.9744],[96.5788,115.998,-70.3608],[90.9472,121.83,-84.6776],[[[-0.664858,-0.745933,-0.039349],[0.746849,-0.664775,-0.0170629],[-0.0134304,-0.0407322,0.99908]],[[-0.664815,-0.745809,-0.042302],[0.728441,-0.634704,-0.257926],[0.165514,-0.202288,0.965238]],[[-0.664815,-0.745809,-0.042302],[0.696788,-0.598713,-0.395006],[0.269273,-0.292082,0.917704]],[[-0.664815,-0.745809,-0.042302],[0.663973,-0.56402,-0.490939],[0.342288,-0.354471,0.870166]]],3],[1444,[-0.270326,0.256902,-0.92786],144,44.479,[82.7665,100.319,-62.9323],[81.848,99.1791,-62.3989],[-132.741,-63.3155,64.8613],false,[97.8583,92.8055,44.4994],[96.7888,87.6438,-6.2887],[91.2794,91.927,-36.6334],[86.6236,96.3516,-52.6141],[81.5538,101.508,-65.9595],[[[-0.776144,-0.625471,0.0799119],[0.630207,-0.773671,0.0653584],[0.0209457,0.101089,0.994657]],[[-0.776427,-0.628032,0.0523201],[0.604859,-0.765933,-0.217928],[0.17694,-0.137559,0.974561]],[[-0.776427,-0.628032,0.0523201],[0.569285,-0.734559,-0.36924],[0.270326,-0.256902,0.92786]],[[-0.776427,-0.628032,0.0523201],[0.534414,-0.700135,-0.47351],[0.334011,-0.339685,0.879233]]],4],[1450,[-0.447593,0.575242,-0.684659],145,42.4771,[-164.458,167.412,27.8088],[-159.282,162.91,17.359],[12.5304,-55.1506,-138.493],false,[-122.767,115.523,74.9379],[-122.767,115.523,74.9379],[-139.76,138.535,46.0078],[-152.198,154.521,26.9816],[-161.213,165.636,14.37],[[[-0.441897,-0.878701,-0.180587],[-0.728732,0.23423,0.643495],[0.523141,-0.415958,0.743843]],[[-0.530643,-0.787119,-0.314422],[-0.737544,0.246001,0.628898],[0.41767,-0.56562,0.711074]],[[-0.530643,-0.787119,-0.314422],[-0.719777,0.222576,0.657557],[0.447593,-0.575242,0.684659]],[[-0.530643,-0.787119,-0.314422],[-0.703623,0.202248,0.681183],[0.472581,-0.5827,0.661157]]],0],[1451,[-0.204843,0.600252,-0.773135],145,47.9307,[-170.673,166.32,-30.1511],[-164.783,157.789,-38.1981],[47.4823,-146.476,-137.964],false,[-132.45,100.882,66.8668],[-148.309,120.657,12.5261],[-160.184,138.399,-15.2295],[-164.219,150.223,-30.4602],[-165.546,159.448,-40.8071],[[[0.58212,-0.694612,-0.422672],[-0.768885,-0.639334,-0.0082658],[0.264487,-0.329797,0.906245]],[[0.511777,-0.607627,-0.60735],[-0.789352,-0.611628,-0.0532314],[0.339128,-0.506656,0.792649]],[[0.511777,-0.607627,-0.60735],[-0.834341,-0.520084,-0.182727],[0.204843,-0.600252,0.773135]],[[0.511777,-0.607627,-0.60735],[-0.853821,-0.438117,-0.281145],[0.095259,-0.662452,0.743023]]],1],[1452,[0.0114814,0.456095,-0.889857],145,54.6132,[-144.773,139.81,-57.3518],[-142.218,136.135,-59.3525],[152.719,-121.685,-81.4987],false,[-127.864,93.2572,62.2239],[-138.17,106.48,7.88732],[-142.285,119.797,-28.8423],[-142.019,130.368,-49.4664],[-140.479,138.593,-62.2943],[[[0.73499,-0.613546,-0.288705],[-0.653408,-0.754648,-0.059706],[0.181238,-0.232525,0.955555]],[[0.732154,-0.609945,-0.30318],[-0.673036,-0.71628,-0.184297],[0.104751,-0.338984,0.934942]],[[0.732154,-0.609945,-0.30318],[-0.681042,-0.648032,-0.340935],[-0.0114814,-0.456095,0.889857]],[[0.732154,-0.609945,-0.30318],[-0.673671,-0.58271,-0.454551],[-0.100585,-0.537045,0.837535]]],2],[1453,[0.230145,0.26146,-0.937375],145,52.512,[-111.334,108.795,-58.9716],[-112.156,109.365,-58.8132],[120.28,-135.651,-29.4744],false,[-121.142,86.7457,58.6646],[-125.392,93.0048,8.17399],[-119.716,98.8013,-27.3267],[-114.52,104.705,-48.491],[-110.2,109.818,-62.1694],[[[0.800801,-0.582431,-0.139613],[-0.593116,-0.803582,-0.0496887],[0.08325,-0.122597,0.988959]],[[0.803256,-0.594811,0.0313061],[-0.57488,-0.787949,-0.220567],[-0.155863,-0.159175,0.974869]],[[0.803256,-0.594811,0.0313061],[-0.549375,-0.760157,-0.346912],[-0.230145,-0.26146,0.937375]],[[0.803256,-0.594811,0.0313061],[-0.523761,-0.730382,-0.438425],[-0.283645,-0.335771,0.898222]]],3],[1454,[0.47116,0.119605,-0.873901],145,41.1684,[-86.1383,87.3305,-39.2372],[-87.106,88.4753,-39.4086],[123.026,-113.865,15.2387],false,[-110.06,83.6745,57.1414],[-111.011,83.2679,9.89231],[-98.8666,82.9344,-16.241],[-91.3557,84.8411,-30.1721],[-84.3025,87.8804,-41.9357],[[[0.891973,-0.45187,-0.014071],[-0.451641,-0.892042,0.0167701],[0.0201298,0.00860339,0.99976]],[[0.824968,-0.410376,0.388612],[-0.376625,-0.911843,-0.163387],[-0.421404,0.0115717,0.906799]],[[0.824968,-0.410376,0.388612],[-0.312148,-0.904039,-0.292023],[-0.47116,-0.119605,0.873901]],[[0.824968,-0.410376,0.388612],[-0.259551,-0.885883,-0.384505],[-0.502057,-0.21634,0.837339]]],4]],[[0,200,0],[235.247,235.247,147.751]]],[146261,7025107078,[[144,"right",[0.192795,0.0654268,-0.979055],[-0.859328,0.492933,-0.136278],[109.167,115.787,8.31377],[-142.17,-46.9988,18.6819],[111.365,116.507,8.028],0,0,0.559584,[[-0.532591,-0.781544,-0.324862],[0.812183,-0.363941,-0.455966],[0.238127,-0.506691,0.828589]],56.1109,[156.705,-15.4927,251.376],[100.089,104.977,54.3725]],[145,"left",[-0.250037,0.0781353,-0.965078],[0.706229,0.696577,-0.126577],[-127.463,104.043,24.9107],[59.2142,-31.4842,-55.4889],[-132.66,106.1,26.9121],0,0,0.407923,[[0.509201,-0.819605,0.262604],[-0.739325,-0.57276,-0.354039],[-0.440581,0.0138731,0.897606]],51.9346,[-211.784,96.7731,263.935],[-114.829,93.7202,66.4068]]],[[1440,[0.449314,0.693223,-0.563523],144,45.8929,[158.459,199.807,25.3104],[144.038,194.023,10.5957],[-160.266,-36.4116,-65.8932],false,[103.227,131.248,59.8238],[103.227,131.248,59.8238],[122.749,161.62,34.751],[136.239,182.433,17.8318],[146.791,197.216,8.09343],[[[0.615614,-0.777247,-0.130021],[0.690287,0.452262,0.564768],[-0.380161,-0.437431,0.814943]],[[0.678804,-0.675003,-0.289131],[0.584793,0.258779,0.768798],[-0.44412,-0.690944,0.570398]],[[0.678804,-0.675003,-0.289131],[0.580812,0.252611,0.773851],[-0.449314,-0.693223,0.563523]],[[0.678804,-0.675003,-0.289131],[0.526358,0.172714,0.832536],[-0.512028,-0.717315,0.472532]]],0],[1441,[-0.075433,0.336346,-0.938712],144,51.785,[124.788,157.046,-76.4148],[124.041,156.027,-76.6269],[-226.065,-92.7256,-25.5502],false,[116.475,117.215,51.8707],[125.489,135.417,-9.647],[128.548,145.372,-46.0175],[126.943,152.531,-65.9972],[123.973,158.354,-79.5484],[[[-0.434597,-0.844302,-0.313496],[0.889812,-0.456303,-0.00463439],[-0.139136,-0.280967,0.949578]],[[-0.440314,-0.855879,-0.271284],[0.894196,-0.445238,-0.0466567],[-0.0808535,-0.263124,0.961368]],[[-0.440314,-0.855879,-0.271284],[0.894669,-0.392865,-0.21266],[0.075433,-0.336346,0.938712]],[[-0.440314,-0.855879,-0.271284],[0.875881,-0.343044,-0.339343],[0.197374,-0.38703,0.900695]]],1],[1442,[-0.212969,0.259183,-0.942056],144,59.0049,[106.12,134.625,-89.1554],[105.592,133.97,-89.1436],[-222.792,-104.51,6.83308],false,[113.22,107.621,48.0086],[117.956,117.66,-12.417],[115.666,123.785,-54.3547],[110.333,130.275,-77.9444],[104.86,135.923,-92.5041],[[[-0.59468,-0.784257,-0.176908],[0.800258,-0.598531,-0.036719],[-0.077088,-0.163408,0.983542]],[[-0.599296,-0.796155,-0.0835599],[0.798707,-0.587631,-0.129446],[0.0539569,-0.144317,0.988059]],[[-0.599296,-0.796155,-0.0835599],[0.771679,-0.546774,-0.324883],[0.212969,-0.259183,0.942055]],[[-0.599296,-0.796155,-0.0835599],[0.729016,-0.499656,-0.467845],[0.330726,-0.341294,0.879851]]],2],[1443,[-0.282176,0.279639,-0.917703],144,56.7347,[89.3428,119.244,-81.1561],[90.4887,119.321,-81.287],[-230.871,-136.704,25.8379],false,[107.508,98.8216,45.3645],[107.744,100.591,-9.76644],[100.719,108.094,-47.7443],[93.8357,114.916,-70.1307],[87.9964,120.535,-84.4491],[[[-0.658166,-0.752389,-0.0269691],[0.75286,-0.657937,-0.0178926],[-0.00428174,-0.0320803,0.999476]],[[-0.658167,-0.752392,-0.0268924],[0.731391,-0.630508,-0.259859],[0.17856,-0.1907,0.965272]],[[-0.658167,-0.752392,-0.0268924],[0.697992,-0.596413,-0.396356],[0.282176,-0.279639,0.917703]],[[-0.658167,-0.752392,-0.0268924],[0.663968,-0.563237,-0.491844],[0.354913,-0.341571,0.870268]]],3],[1444,[-0.240209,0.288443,-0.926877],144,44.479,[82.725,101.854,-62.4231],[81.3868,100.385,-61.9217],[-71.6331,10.8634,48.8558],false,[96.4982,92.8521,44.9017],[95.0315,87.2349,-5.8281],[90.3993,92.7916,-36.1128],[86.2621,97.7595,-52.0766],[81.6629,103.284,-65.4448],[[[-0.769525,-0.631923,0.0922203],[0.637971,-0.767184,0.0665027],[0.0287253,0.110009,0.993515]],[[-0.768898,-0.639371,0.000295463],[0.621822,-0.747902,-0.232335],[0.148769,-0.178459,0.972636]],[[-0.768898,-0.639371,0.000295463],[0.592533,-0.712745,-0.375366],[0.240209,-0.288443,0.926877]],[[-0.768898,-0.639371,0.000295463],[0.56301,-0.677286,-0.473607],[0.303011,-0.363989,0.880736]]],4],[1450,[-0.444201,0.544299,-0.711634],145,42.4771,[-164.36,167.293,27.5326],[-159.51,161.022,13.5218],[0.628782,-80.0179,-176.938],false,[-123.306,116.206,73.3133],[-123.306,116.206,73.3133],[-140.123,137.963,43.3285],[-152.467,153.088,23.5526],[-161.432,163.612,10.41],[[[-0.413928,-0.894786,-0.167395],[-0.751319,0.231979,0.617823],[0.513988,-0.381502,0.768292]],[[-0.501468,-0.80927,-0.30596],[-0.760049,0.243115,0.602677],[0.413345,-0.534769,0.736999]],[[-0.501468,-0.80927,-0.30596],[-0.742438,0.220954,0.632428],[0.444201,-0.544299,0.711634]],[[-0.501468,-0.80927,-0.30596],[-0.72639,0.201713,0.657016],[0.469987,-0.551719,0.688998]]],0],[1451,[-0.200324,0.573057,-0.794654],145,47.9307,[-169.746,164.607,-31.7968],[-163.435,154.225,-42.0046],[62.0833,-174.329,-175.703],false,[-132.387,101.097,65.4061],[-147.317,118.962,10.1479],[-158.925,135.608,-18.3879],[-162.872,146.897,-34.0426],[-164.17,155.795,-44.6751],[[[0.610976,-0.689971,-0.388134],[-0.751476,-0.65968,-0.0102393],[0.24898,-0.29793,0.921546]],[[0.543319,-0.609969,-0.576838],[-0.771293,-0.634007,-0.0560529],[0.331529,-0.475366,0.814933]],[[0.543319,-0.609969,-0.576838],[-0.815276,-0.547305,-0.189161],[0.200324,-0.573057,0.794654]],[[0.543319,-0.609969,-0.576838],[-0.834334,-0.468617,-0.290319],[0.0932312,-0.639011,0.763526]]],1],[1452,[0.0339096,0.439855,-0.897428],145,54.6132,[-141.304,137.088,-59.3822],[-138.855,133.271,-61.7525],[173.447,-136.652,-105.631],false,[-127.484,93.4753,61.096],[-136.693,104.94,6.16651],[-139.554,117.714,-30.8739],[-138.768,127.908,-51.6735],[-137.01,135.866,-64.6418],[[[0.758094,-0.601242,-0.252591],[-0.631716,-0.773212,-0.0554758],[0.161952,-0.201622,0.965982]],[[0.755975,-0.598632,-0.264842],[-0.650536,-0.732063,-0.202204],[0.0728354,-0.32515,0.942853]],[[0.755975,-0.598632,-0.264842],[-0.653722,-0.669453,-0.352819],[-0.0339096,-0.439855,0.897428]],[[0.755975,-0.598632,-0.264842],[-0.644458,-0.609684,-0.461476],[-0.114784,-0.519544,0.846699]]],2],[1453,[0.250072,0.242424,-0.937387],145,52.512,[-108.047,106.142,-59.9778],[-108.873,106.677,-59.8838],[152.954,-143.2,-42.6168],false,[-120.502,87.0521,57.8927],[-123.58,91.8252,7.15523],[-117.062,96.7905,-28.3267],[-111.415,102.264,-49.4914],[-106.834,107.133,-63.1734],[[[0.819113,-0.564349,-0.10278],[-0.570455,-0.820225,-0.0425588],[0.0602848,-0.0934919,0.993793]],[[0.817242,-0.572017,0.070087],[-0.547791,-0.80883,-0.21382],[-0.178997,-0.13635,0.974356]],[[0.817242,-0.572017,0.070087],[-0.519211,-0.783599,-0.341164],[-0.250072,-0.242424,0.937387]],[[0.817242,-0.572017,0.070087],[-0.491523,-0.755347,-0.433424],[-0.300866,-0.319763,0.898461]]],3],[1454,[0.490131,0.0954197,-0.86641],145,41.1684,[-82.9255,85.2677,-39.1115],[-83.8124,86.4857,-39.2861],[151.03,-115.474,11.5688],false,[-109.308,84.2386,56.7404],[-109.001,82.527,9.51191],[-96.1552,81.5656,-16.2684],[-88.3419,83.0868,-30.0801],[-81.0749,85.7698,-41.8001],[[[0.903506,-0.428042,0.0213857],[-0.428526,-0.903033,0.0299409],[-0.00649608,0.0362161,0.999323]],[[0.823436,-0.376685,0.424335],[-0.351118,-0.92574,-0.14043],[-0.445722,0.0333571,0.89455]],[[0.823436,-0.376685,0.424335],[-0.285874,-0.921414,-0.263197],[-0.490131,-0.0954197,0.86641]],[[0.823436,-0.376685,0.424335],[-0.233205,-0.90644,-0.352111],[-0.517269,-0.190983,0.834241]]],4]],[[0,200,0],[235.247,235.247,147.751]]],[146262,7025115274,[[144,"right",[0.187168,0.0614066,-0.980407],[-0.86257,0.487839,-0.134116],[108.736,116.097,8.13924],[-119.475,-25.5112,8.54874],[110.536,116.377,8.06306],0,0,0.568593,[[-0.533182,-0.778381,-0.331422],[0.813337,-0.363819,-0.454003],[0.23281,-0.511623,0.827068]],56.1109,[155.314,-16.1666,250.943],[99.9618,105.476,54.3009]],[145,"left",[-0.24136,0.070007,-0.967907],[0.694291,0.709308,-0.121827],[-126.557,103.33,24.056],[72.2182,-45.5552,-67.8568],[-132.411,105.988,26.7958],0,0,0.41395,[[0.527117,-0.804634,0.273335],[-0.726375,-0.593559,-0.346508],[-0.441052,0.0158938,0.897341]],51.9346,[-211.225,96.891,263.19],[-114.166,93.3934,65.7192]]],[[1440,[0.450648,0.690621,-0.56565],144,45.8929,[156.653,199.086,23.3503],[143.646,194.345,9.95232],[-126.049,-18.6367,-66.0756],false,[102.994,131.79,59.6015],[102.994,131.79,59.6015],[122.526,162.024,34.3705],[136.057,182.759,17.3874],[146.577,197.477,7.51715],[[[0.618883,-0.77475,-0.129408],[0.690997,0.458658,0.558709],[-0.373505,-0.435196,0.819206]],[[0.679229,-0.676437,-0.284749],[0.584127,0.263349,0.767752],[-0.444348,-0.687809,0.573999]],[[0.679229,-0.676437,-0.284749],[0.57928,0.255884,0.773924],[-0.450648,-0.690621,0.56565]],[[0.679229,-0.676437,-0.284749],[0.527328,0.179949,0.830387],[-0.510464,-0.714179,0.478931]]],0],[1441,[-0.081846,0.331808,-0.93979],144,51.785,[123.851,157.022,-76.7786],[122.977,156.033,-77.0701],[-201.978,-69.1945,-33.0376],false,[116.272,117.784,51.6481],[124.86,135.718,-10.0094],[127.686,145.527,-46.4381],[125.944,152.589,-66.4407],[122.877,158.337,-80.0023],[[[-0.431946,-0.848099,-0.306839],[0.892104,-0.451774,-0.00714332],[-0.132564,-0.276818,0.951735]],[[-0.437285,-0.859299,-0.265307],[0.896215,-0.440883,-0.049193],[-0.0746977,-0.259283,0.962908]],[[-0.437285,-0.859299,-0.265307],[0.895591,-0.389241,-0.215425],[0.081846,-0.331808,0.93979]],[[-0.437285,-0.859299,-0.265307],[0.875914,-0.340076,-0.342233],[0.203856,-0.382039,0.901382]]],1],[1442,[-0.219409,0.25361,-0.942094],144,59.0049,[105.095,134.447,-89.3941],[104.554,133.789,-89.385],[-198.803,-83.6436,-2.47566],false,[113.045,108.154,47.8525],[117.403,117.908,-12.6481],[114.861,123.817,-54.6025],[109.367,130.167,-78.1932],[103.784,135.719,-92.748],[[[-0.591595,-0.788175,-0.169692],[0.803108,-0.594619,-0.0380184],[-0.0709366,-0.158772,0.984764]],[[-0.595641,-0.799597,-0.0765281],[0.801016,-0.584181,-0.13079],[0.0598733,-0.139204,0.988452]],[[-0.595641,-0.799597,-0.0765281],[0.772704,-0.54436,-0.326499],[0.219409,-0.25361,0.942094]],[[-0.595641,-0.799597,-0.0765281],[0.728962,-0.498079,-0.469608],[0.33738,-0.335504,0.879552]]],2],[1443,[-0.287634,0.274345,-0.917606],144,56.7347,[88.5134,119.066,-81.2371],[89.5628,119.115,-81.3719],[-198.918,-107.744,16.6759],false,[107.364,99.3125,45.2842],[107.293,100.801,-9.85553],[100.064,108.108,-47.8333],[93.0474,114.801,-70.2174],[87.1162,120.331,-84.5329],[[[-0.654433,-0.755866,-0.0195739],[0.756119,-0.654169,-0.0186335],[0.00127978,-0.0269945,0.999635]],[[-0.654434,-0.755832,-0.0208387],[0.733452,-0.627877,-0.260421],[0.18375,-0.185712,0.96527]],[[-0.654434,-0.755832,-0.0208387],[0.699273,-0.594519,-0.396944],[0.287634,-0.274345,0.917606]],[[-0.654434,-0.755832,-0.0208387],[0.66465,-0.561908,-0.492444],[0.360495,-0.336122,0.870095]]],3],[1444,[-0.232729,0.296795,-0.926148],144,44.479,[82.7709,102.42,-62.3303],[81.4017,101.061,-61.8731],[-51.1018,30.8431,39.3671],false,[96.3825,93.2846,44.9114],[94.6707,87.4009,-5.78045],[90.2573,93.312,-36.0307],[86.249,98.4237,-51.982],[81.7665,104.04,-65.3515],[[[-0.765763,-0.635363,0.0996042],[0.642249,-0.763568,0.066938],[0.0335246,0.115229,0.992773]],[[-0.764585,-0.644363,-0.0143636],[0.628744,-0.740781,-0.236484],[0.141741,-0.189843,0.971529]],[[-0.764585,-0.644363,-0.0143636],[0.601039,-0.704776,-0.376887],[0.232729,-0.296795,0.926148]],[[-0.764585,-0.644363,-0.0143636],[0.572886,-0.669224,-0.473224],[0.295316,-0.370049,0.880825]]],4],[1450,[-0.446892,0.533323,-0.71823],145,42.4771,[-164.319,167.231,27.4045],[-159.549,159.655,12.1226],[-0.801053,-101.95,-175.329],false,[-123.135,115.739,72.4536],[-123.135,115.739,72.4536],[-140.044,137.07,42.2148],[-152.463,151.891,22.2556],[-161.486,162.198,8.98155],[[[-0.395258,-0.903011,-0.168353],[-0.761966,0.219959,0.609119],[0.51301,-0.369038,0.775004]],[[-0.482939,-0.819646,-0.30814],[-0.770747,0.230878,0.593838],[0.415594,-0.524285,0.74324]],[[-0.482939,-0.819646,-0.30814],[-0.753033,0.209156,0.623855],[0.446892,-0.533323,0.71823]],[[-0.482939,-0.819646,-0.30814],[-0.736883,0.190308,0.64868],[0.473047,-0.540336,0.695891]]],0],[1451,[-0.202973,0.566171,-0.798907],145,47.9307,[-169.298,163.749,-32.609],[-162.78,152.573,-43.4221],[66.9854,-181.441,-175.031],false,[-131.848,100.435,64.5087],[-146.532,117.82,9.03241],[-158.161,134.135,-19.6859],[-162.159,145.289,-35.4243],[-163.516,154.121,-46.1043],[[[0.627866,-0.679701,-0.379197],[-0.738792,-0.673754,-0.0155879],[0.24489,-0.289934,0.925185]],[[0.56071,-0.601675,-0.568852],[-0.758504,-0.648764,-0.0614493],[0.332078,-0.465932,0.820141]],[[0.56071,-0.601675,-0.568852],[-0.802749,-0.563417,-0.195334],[0.202973,-0.566171,0.798907]],[[0.56071,-0.601675,-0.568852],[-0.822256,-0.485478,-0.296996],[0.0974701,-0.63427,0.766943]]],1],[1452,[0.0376226,0.441198,-0.896621],145,54.6132,[-139.871,136.049,-60.2357],[-137.308,132.333,-62.7263],[175.615,-128.191,-107.524],false,[-126.757,92.8914,60.2783],[-135.606,103.987,5.21376],[-138.15,116.822,-31.8286],[-137.278,127.048,-52.6095],[-135.518,135.024,-65.566],[[[0.771864,-0.587739,-0.242464],[-0.616452,-0.785168,-0.0591552],[0.155607,-0.195127,0.968355]],[[0.769681,-0.585037,-0.255582],[-0.635135,-0.742288,-0.213572],[0.0647677,-0.326711,0.942902]],[[0.769681,-0.585037,-0.255582],[-0.637319,-0.680496,-0.361593],[-0.0376227,-0.441198,0.896621]],[[0.769681,-0.585037,-0.255582],[-0.627999,-0.621728,-0.468051],[-0.114925,-0.520755,0.845935]]],2],[1453,[0.256413,0.244016,-0.935259],145,52.512,[-106.509,105.546,-60.5051],[-107.056,105.995,-60.5409],[170.668,-126.73,-51.3732],false,[-119.623,86.5896,57.1715],[-122.26,91.125,6.38742],[-115.432,96.0784,-29.0381],[-109.643,101.588,-50.1547],[-104.991,106.503,-63.7966],[[[0.83061,-0.549175,-0.0921659],[-0.554456,-0.830972,-0.0454278],[0.0516396,-0.0888346,0.994707]],[[0.826992,-0.556261,0.0815977],[-0.530034,-0.8198,-0.216775],[-0.187477,-0.136022,0.972805]],[[0.826992,-0.556261,0.0815977],[-0.500336,-0.794374,-0.344431],[-0.256413,-0.244016,0.935259]],[[0.826992,-0.556261,0.0815977],[-0.471977,-0.765769,-0.436848],[-0.305486,-0.322758,0.895827]]],3],[1454,[0.495726,0.0902633,-0.863776],145,41.1684,[-81.3569,84.6748,-39.4167],[-81.8683,85.8954,-39.6437],[169.883,-106.339,-3.77384],false,[-108.366,83.9835,56.146],[-107.534,82.1114,8.92999],[-94.4347,81.0675,-16.7192],[-86.5322,82.5064,-30.4889],[-79.2162,85.0977,-42.1991],[[[0.911122,-0.410865,0.0323614],[-0.411761,-0.910835,0.0288498],[-0.0176226,0.0396109,0.99906]],[[0.825141,-0.359211,0.436016],[-0.335492,-0.932553,-0.133379],[-0.454519,0.0362237,0.89]],[[0.825141,-0.359211,0.436016],[-0.270921,-0.928881,-0.25255],[-0.495726,-0.0902633,0.863776]],[[0.825141,-0.359211,0.436016],[-0.218996,-0.914848,-0.339255],[-0.520753,-0.184448,0.833544]]],4]],[[0,200,0],[235.247,235.247,147.751]]],[146263,7025132577,[[144,"right",[0.187724,0.0558069,-0.980635],[-0.864314,0.483669,-0.137932],[106.235,115.872,7.75494],[-131.013,-19.7571,-5.61655],[108.155,116.097,7.8925],0,0,0.587729,[[-0.537543,-0.762885,-0.359239],[0.816808,-0.365258,-0.446555],[0.209455,-0.533472,0.819473]],56.1109,[147.264,-21.3225,248.813],[97.4642,105.515,53.9772]],[145,"left",[-0.210903,0.060502,-0.975633],[0.693417,0.712741,-0.105697],[-124.443,101.875,22.4606],[95.2299,-63.3011,-79.0672],[-131.704,105.623,26.4113],0,0,0.435334,[[0.541898,-0.790331,0.285873],[-0.715128,-0.612295,-0.337174],[-0.441517,0.0217216,0.89699]],51.9346,[-210.482,97.1409,261.971],[-113.321,92.3608,64.5781]]],[[1440,[0.463147,0.689124,-0.557317],144,45.8929,[152.726,197.666,19.6062],[141.749,194.185,9.7298],[-110.438,-12.6893,-32.2236],false,[100.392,131.874,59.1106],[100.392,131.874,59.1106],[120.395,162.006,34.1281],[134.301,182.696,17.3952],[145.03,197.368,7.68183],[[[0.621937,-0.773199,-0.123929],[0.688792,0.464881,0.556284],[-0.372505,-0.431335,0.821699]],[[0.680394,-0.679422,-0.27468],[0.574436,0.261699,0.775588],[-0.455069,-0.685492,0.568343]],[[0.680394,-0.679422,-0.27468],[0.567943,0.251978,0.783548],[-0.463147,-0.689124,0.557317]],[[0.680394,-0.679422,-0.27468],[0.515771,0.177679,0.838099],[-0.520618,-0.71191,0.471318]]],0],[1441,[-0.0816624,0.326632,-0.941617],144,51.785,[121.195,156.418,-77.4532],[120.455,155.417,-77.6728],[-176.547,-54.1524,-34.028],false,[113.729,117.868,51.2579],[122.299,135.437,-10.507],[125.143,145.068,-46.9818],[123.405,152.02,-67.0233],[120.337,157.686,-80.619],[[[-0.428462,-0.8517,-0.301708],[0.893825,-0.448402,-0.00353407],[-0.132276,-0.271188,0.953394]],[[-0.433625,-0.86231,-0.261516],[0.897951,-0.437732,-0.045556],[-0.0751903,-0.254582,0.964124]],[[-0.433625,-0.86231,-0.261516],[0.897385,-0.386953,-0.212054],[0.0816624,-0.326632,0.941617]],[[-0.433625,-0.86231,-0.261516],[0.877715,-0.338517,-0.339149],[0.203924,-0.3766,0.903652]]],1],[1442,[-0.221253,0.246516,-0.943545],144,59.0049,[102.461,133.549,-89.8856],[102.022,132.941,-89.874],[-176.68,-68.9168,-14.2557],false,[110.542,108.201,47.5219],[114.912,117.582,-13.0369],[112.33,123.189,-55.0302],[106.789,129.362,-78.6572],[101.166,134.799,-93.2398],[[[-0.588449,-0.791504,-0.165074],[0.8054,-0.591781,-0.0335581],[-0.0711266,-0.152698,0.98571]],[[-0.592544,-0.802429,-0.0707004],[0.803238,-0.581945,-0.127082],[0.0608304,-0.132091,0.989369]],[[-0.592544,-0.802429,-0.0707004],[0.774557,-0.54345,-0.323612],[0.221253,-0.246516,0.943545]],[[-0.592544,-0.802429,-0.0707004],[0.730358,-0.498146,-0.467362],[0.339806,-0.328569,0.881235]]],2],[1443,[-0.262124,0.271327,-0.926106],144,56.7347,[88.0122,118.516,-82.0685],[88.229,118.47,-81.9984],[-119.785,-72.5723,-13.0652],false,[104.897,99.3217,45.0061],[104.865,100.455,-10.1421],[98.6667,107.68,-48.3172],[92.2724,114.299,-70.9086],[86.7391,119.776,-85.4029],[[[-0.651531,-0.758469,-0.0152172],[0.758622,-0.651385,-0.0138268],[0.000574949,-0.0205526,0.999789]],[[-0.65138,-0.757817,-0.0376561],[0.742214,-0.626091,-0.239015],[0.157553,-0.183638,0.970285]],[[-0.65138,-0.757817,-0.0376561],[0.712036,-0.593376,-0.375379],[0