{"metadata":{"formatVersion":2,"generatedBy":"LeapJS Playback 0.2.1","frames":1,"frameRate":"1.1e+2","modified":"Sun Apr 12 2015 22:25:54 GMT-0300 (E. South America Standard Time)","title":"i"},"frames":[["id","timestamp",{"hands":[["id","type","direction","palmNormal","palmPosition","palmVelocity","stabilizedPalmPosition","pinchStrength","grabStrength","confidence","armBasis","armWidth","elbow","wrist"]]},{"pointables":[["id","direction","handId","length","stabilizedTipPosition","tipPosition","tipVelocity","tool","carpPosition","mcpPosition","pipPosition","dipPosition","btipPosition","bases","type"]]},{"interactionBox":["center","size"]}],[64823,6030307627,[[67,"right",[-0.27777,0.893185,-0.353646],[-0.0347004,-0.377221,-0.925473],[-39.2339,102.037,30.9553],[-4.45231,-1.28815,-2.46699],[-36.0178,103.335,32.7562],1,0,0.618873,[[0.975766,0.207843,-0.0684187],[-0.146383,0.852447,0.501902],[0.16264,-0.479724,0.862214]],56.9236,[20.0662,-53.6379,258.63],[-19.1629,62.0723,50.6623]]],[[670,[-0.0325941,0.653675,-0.756073],67,46.5576,[-47.9102,108.141,-18.335],[-49.7117,106.416,-19.1259],[-4.82879,-0.67248,0.650516],false,[-43.0977,49.4681,46.2722],[-43.0977,49.4681,46.2722],[-57.0943,79.1897,16.1178],[-58.0871,99.0999,-6.91142],[-47.7645,109.081,-22.1078],[[[0.363145,0.610192,0.704125],[-0.648697,-0.376891,0.66117],[0.668819,-0.696864,0.258964]],[[0.213807,0.743524,0.633608],[-0.925079,-0.0542932,0.375874],[0.313872,-0.666502,0.67621]],[[0.213807,0.743524,0.633608],[-0.976332,0.141002,0.163995],[0.0325941,-0.653675,0.756073]],[[0.213807,0.743524,0.633608],[-0.842922,0.468235,-0.265024],[-0.493729,-0.477418,0.726845]]],0],[671,[0.253846,-0.92792,-0.272996],67,52.5351,[-62.4374,99.677,-4.06191],[-65.1364,95.1443,-8.30566],[-1.21085,-3.16604,-4.14419],false,[-38.2298,66.3592,58.0794],[-66.8421,117.239,27.8792],[-74.4956,124.255,-9.06972],[-69.0145,104.219,-14.9644],[-64.0832,92.6916,-6.25962],[[[0.899754,0.391289,-0.193225],[-0.0302139,0.497565,0.8669],[0.43535,-0.774159,0.459509]],[[0.944081,0.299091,-0.138762],[-0.262573,0.936551,0.232221],[0.199413,-0.1828,0.962714]],[[0.944081,0.299091,-0.138762],[-0.210411,0.222506,-0.951955],[-0.253846,0.92792,0.272996]],[[0.944081,0.299091,-0.138762],[0.0657772,-0.583249,-0.809626],[-0.323085,0.755226,-0.570308]]],1],[672,[0.0960325,-0.963786,-0.248787],67,59.8595,[-51.6823,99.5876,-9.46137],[-53.9833,96.0737,-12.5417],[-0.386405,-3.81783,-1.82805],false,[-28.7141,71.7811,57.0532],[-47.9145,122.872,26.9586],[-60.097,130.593,-13.6131],[-57.6574,106.11,-19.9331],[-52.8794,93.3158,-10.1709],[[[0.942178,0.192505,-0.274302],[0.1319,0.539437,0.831631],[0.308062,-0.819725,0.482854]],[[0.953286,0.160967,-0.255607],[-0.105831,0.970531,0.216493],[0.282923,-0.179328,0.942229]],[[0.953286,0.160967,-0.255607],[-0.286397,0.212618,-0.934222],[-0.0960325,0.963786,0.248787]],[[0.953286,0.160967,-0.255607],[-0.1012,-0.627098,-0.772338],[-0.284612,0.762127,-0.581514]]],2],[673,[-0.068637,-0.964276,-0.255854],67,57.5565,[-34.9887,99.6484,-8.83234],[-36.9187,96.964,-10.5695],[-0.225375,-5.25574,0.996817],false,[-18.5443,74.9181,54.3726],[-27.5705,122.504,26.3458],[-36.9693,131.236,-11.4502],[-38.6679,107.373,-17.7819],[-36.3306,93.935,-8.16179],[[[0.964601,0.0285614,-0.262163],[0.208631,0.525406,0.824877],[0.161302,-0.850372,0.500848]],[[0.970176,-0.00475278,-0.242353],[0.0575237,0.975762,0.21114],[0.235476,-0.218784,0.946934]],[[0.970176,-0.00475278,-0.242353],[-0.23248,0.264858,-0.935844],[0.068637,0.964276,0.255854]],[[0.970176,-0.00475278,-0.242353],[-0.19786,-0.593106,-0.780433],[-0.140032,0.80511,-0.576358]]],3],[674,[-0.0876402,0.723171,-0.685087],67,45.1232,[-11.6694,167.123,-11.5188],[-12.3475,166.073,-12.7069],[6.51346,-6.00525,-3.92114],false,[-8.00382,73.1314,47.4909],[-9.11042,118.767,23.0068],[-8.14197,147.082,9.03894],[-9.67327,159.718,-2.93134],[-12.4108,167.82,-15.7365],[[[0.928966,-0.157259,-0.335099],[0.369547,0.446246,0.815046],[0.0213628,-0.880985,0.472662]],[[0.929136,-0.188645,-0.317992],[0.368464,0.401108,0.838657],[-0.0306591,-0.896396,0.442193]],[[0.929136,-0.188645,-0.317992],[0.3592,0.664408,0.655391],[0.0876402,-0.723171,0.685087]],[[0.929136,-0.188645,-0.317992],[0.324191,0.829198,0.455337],[0.177781,-0.52616,0.831595]]],4]],[[0,200,0],[235.247,235.247,147.751]]]]}