{"metadata":{"formatVersion":2,"generatedBy":"LeapJS Playback 0.2.1","frames":1,"frameRate":"1.1e+2","modified":"Sun Apr 12 2015 22:26:11 GMT-0300 (E. South America Standard Time)","title":"i"},"frames":[["id","timestamp",{"hands":[["id","type","direction","palmNormal","palmPosition","palmVelocity","stabilizedPalmPosition","pinchStrength","grabStrength","confidence","armBasis","armWidth","elbow","wrist"]]},{"pointables":[["id","direction","handId","length","stabilizedTipPosition","tipPosition","tipVelocity","tool","carpPosition","mcpPosition","pipPosition","dipPosition","btipPosition","bases","type"]]},{"interactionBox":["center","size"]}],[64887,6030862259,[[67,"right",[-0.275,0.900685,-0.336366],[-0.00373247,-0.350852,-0.936423],[-41.0941,104.648,34.9449],[-1.31412,7.52961,6.25749],[-36.5293,103.31,32.7837],1,0,0.702015,[[0.963792,0.25074,-0.0907474],[-0.163334,0.824114,0.542363],[0.210778,-0.507903,0.835229]],56.9236,[29.5736,-58.2095,255.564],[-21.2665,64.2975,54.1052]]],[[670,[0.0020544,0.663969,-0.747757],67,46.5576,[-48.825,108.242,-18.0391],[-53.7033,110.941,-15.4367],[-2.76996,10.7419,5.65952],false,[-44.9471,51.6328,48.6417],[-44.9471,51.6328,48.6417],[-59.9007,81.4848,19.0813],[-59.8382,101.709,-3.69459],[-52.4492,113.68,-19.1605],[[[0.336557,0.592684,0.731749],[-0.664767,-0.400837,0.630409],[0.666945,-0.69861,0.259092]],[[0.176374,0.735796,0.653832],[-0.925442,-0.102336,0.364807],[0.335334,-0.669427,0.662887]],[[0.176374,0.735796,0.653832],[-0.984321,0.133228,0.115595],[-0.0020544,-0.663969,0.747757]],[[0.176374,0.735796,0.653832],[-0.91869,0.361544,-0.159045],[-0.353414,-0.572617,0.739735]]],0],[671,[0.269275,-0.91851,-0.289535],67,52.5351,[-62.8015,99.2711,-4.42407],[-65.7649,98.7075,-5.21033],[-2.26593,11.8354,6.27274],false,[-40.5834,68.2176,61.0641],[-68.7318,119.71,31.4723],[-75.2917,127.707,-5.48752],[-69.4775,107.875,-11.7393],[-64.7342,96.1543,-3.18933],[[[0.901615,0.40385,-0.154905],[-0.0604695,0.472299,0.879362],[0.428292,-0.783479,0.450253]],[[0.945667,0.309063,-0.100967],[-0.276588,0.927932,0.249882],[0.17092,-0.208379,0.962998]],[[0.945667,0.309063,-0.100967],[-0.182224,0.246616,-0.951827],[-0.269275,0.91851,0.289535]],[[0.945667,0.309063,-0.100967],[0.0955963,-0.561107,-0.822204],[-0.310766,0.767879,-0.560166]]],1],[672,[0.0955297,-0.948913,-0.300729],67,59.8595,[-52.1028,99.2551,-9.76003],[-54.7129,100.087,-9.89592],[-2.99207,13.8344,4.57201],false,[-31.0897,73.7427,60.4788],[-49.8358,125.518,31.2815],[-60.5527,134.689,-9.40193],[-58.1259,110.584,-17.0414],[-53.7849,97.0959,-8.03844],[[[0.948199,0.207814,-0.240275],[0.102247,0.51646,0.850185],[0.300773,-0.830712,0.468458]],[[0.962242,0.165387,-0.216191],[-0.110213,0.962954,0.246115],[0.248886,-0.212995,0.944822]],[[0.962242,0.165387,-0.216191],[-0.254883,0.268721,-0.928883],[-0.0955297,0.948913,0.300729]],[[0.962242,0.165387,-0.216191],[-0.0850035,-0.571942,-0.815878],[-0.258584,0.803449,-0.536288]]],2],[673,[-0.0502893,-0.946782,-0.317923],67,57.5565,[-35.3518,99.5948,-8.70929],[-37.611,101.562,-7.13651],[-2.65979,13.3971,4.27631],false,[-20.8727,77.0364,58.1953],[-29.4802,125.331,31.2705],[-38.1739,135.931,-6.21523],[-39.4184,112.501,-14.083],[-37.1097,98.53,-5.24704],[[[0.971701,0.0437743,-0.232121],[0.179267,0.503243,0.845346],[0.153818,-0.863036,0.481155]],[[0.975263,0.0220543,-0.219946],[0.0377018,0.963835,0.263819],[0.21781,-0.265585,0.939161]],[[0.975263,0.0220543,-0.219946],[-0.215253,0.321119,-0.922252],[0.0502893,0.946782,0.317923]],[[0.975263,0.0220543,-0.219946],[-0.172428,-0.546704,-0.81938],[-0.138316,0.837036,-0.529377]]],3],[674,[-0.131318,0.720098,-0.681332],67,45.1232,[-11.9267,167.001,-11.1663],[-15.8029,169.179,-6.6622],[-18.1418,0.00977185,-1.04531],false,[-10.1162,75.5319,51.5858],[-10.8963,121.839,28.3835],[-11.4997,150.44,14.9904],[-13.7942,163.022,3.08569],[-17.0513,170.875,-9.75304],[[[0.939906,-0.140163,-0.311336],[0.3411,0.425688,0.838118],[0.0150589,-0.893949,0.447916]],[[0.939635,-0.128651,-0.317073],[0.341645,0.40446,0.848346],[0.019103,-0.905462,0.423998]],[[0.939635,-0.128651,-0.317073],[0.315978,0.681841,0.659736],[0.131318,-0.720098,0.681332]],[[0.939635,-0.128651,-0.317073],[0.268965,0.850514,0.451978],[0.211527,-0.509975,0.833775]]],4]],[[0,200,0],[235.247,235.247,147.751]]]]}