{"metadata":{"formatVersion":2,"generatedBy":"LeapJS Playback 0.2.1","frames":1,"frameRate":"1.1e+2","modified":"Sun Apr 12 2015 22:26:33 GMT-0300 (E. South America Standard Time)","title":"l"},"frames":[["id","timestamp",{"hands":[["id","type","direction","palmNormal","palmPosition","palmVelocity","stabilizedPalmPosition","pinchStrength","grabStrength","confidence","armBasis","armWidth","elbow","wrist"]]},{"pointables":[["id","direction","handId","length","stabilizedTipPosition","tipPosition","tipVelocity","tool","carpPosition","mcpPosition","pipPosition","dipPosition","btipPosition","bases","type"]]},{"interactionBox":["center","size"]}],[42585,5777272632,[[43,"right",[-0.245636,0.949678,-0.194356],[-0.332356,-0.270854,-0.903426],[28.9588,109.511,8.13539],[6.49355,-1.98054,2.10906],[29.0059,113.35,7.40494],0,0,0.622519,[[0.680653,0.189016,-0.707803],[-0.0998282,0.981062,0.165989],[0.725773,-0.0423223,0.686632]],55.6199,[218.897,56.8413,179.984],[47.8492,66.8158,18.1603]]],[[430,[-0.90008,0.404123,-0.162909],43,45.4913,[-58.6506,97.426,4.78312],[-54.7746,93.4917,3.88096],[10.5955,4.62768,-4.6663],false,[22.7901,57.511,19.7339],[22.7901,57.511,19.7339],[-12.5037,78.7109,5.47065],[-39.2913,90.7382,0.622249],[-59.0131,94.9461,3.88853],[[[0.615762,0.490877,0.616342],[-0.488353,-0.376105,0.787437],[0.618344,-0.785866,0.00813007]],[[0.260274,0.798508,0.54281],[-0.525494,-0.35448,0.773434],[0.810009,-0.486547,0.327349]],[[0.260274,0.798508,0.54281],[-0.349447,-0.446171,0.823904],[0.90008,-0.404123,0.162909]],[[0.260274,0.798508,0.54281],[0.0158615,-0.565646,0.824496],[0.965405,-0.205985,-0.159888]]],0],[431,[-0.201766,0.954314,-0.220399],43,51.3319,[-7.30283,202.771,9.99079],[-6.78571,194.358,6.40451],[6.1941,-2.07495,3.06833],false,[32.5791,72.1116,30.6476],[4.32521,127.309,13.9488],[0.499669,164.536,16.3688],[-3.75717,184.67,11.7189],[-7.88648,197.22,4.80063],[[[0.856436,0.314538,-0.40937],[0.270078,0.402815,0.874527],[0.439972,-0.859538,0.260035]],[[0.932165,0.118041,-0.342249],[0.347364,-0.0252418,0.937391],[0.102012,-0.992688,-0.0645329]],[[0.932165,0.118041,-0.342249],[0.300597,0.274502,0.913395],[0.201766,-0.954314,0.220399]],[[0.932165,0.118041,-0.342249],[0.23325,0.527181,0.817114],[0.27688,-0.841514,0.463886]]],1],[432,[-0.449264,-0.301944,-0.840828],43,58.4886,[4.42635,152.7,-26.2801],[3.84334,150.412,-23.9139],[3.45045,-10.3783,-2.74209],false,[41.8601,76.4964,27.4607],[22.4337,130.936,8.2865],[14.5856,170.688,-3.04044],[3.43422,163.194,-23.9111],[4.09891,146.804,-23.9239],[[[0.849329,0.12221,-0.513522],[0.420575,0.431223,0.798225],[0.318993,-0.89393,0.314853]],[[0.87601,0.0359038,-0.480955],[0.44476,0.325554,0.834388],[0.186535,-0.944841,0.26922]],[[0.87601,0.0359038,-0.480955],[-0.17541,0.952649,-0.248376],[0.449264,0.301944,0.840828]],[[0.87601,0.0359038,-0.480955],[-0.480588,-0.018804,-0.876745],[-0.0405224,0.999178,0.000782464]]],2],[433,[-0.506758,-0.273991,-0.817389],43,56.2383,[24.949,148.47,-29.0882],[24.769,146.527,-28.1875],[4.63104,-8.11904,-1.47853],false,[51.0252,78.7795,22.3829],[41.1882,128.59,2.0905],[37.9088,165.845,-8.96722],[25.6551,159.22,-28.7321],[24.6681,142.957,-27.9994],[[[0.852877,-0.0435292,-0.520294],[0.490135,0.410137,0.769127],[0.179912,-0.910985,0.371131]],[[0.85858,-0.0749561,-0.50717],[0.505736,0.286081,0.813872],[0.0840871,-0.955269,0.283532]],[[0.85858,-0.0749561,-0.50717],[-0.0776917,0.958807,-0.273228],[0.506758,0.273991,0.817389]],[[0.85858,-0.0749561,-0.50717],[-0.509095,-0.00787896,-0.860674],[0.0605168,0.997156,-0.0449245]]],3],[434,[-0.626086,-0.170431,-0.7609],43,44.0898,[45.1525,140.629,-28.9808],[44.6238,138.254,-28.8174],[4.30787,-3.55527,0.694809],false,[58.8042,76.705,12.9216],[57.041,123.462,-6.37808],[58.5669,152.716,-16.0977],[47.8781,149.806,-29.0882],[43.8796,135.311,-28.567],[[[0.775181,-0.215837,-0.593725],[0.630778,0.316268,0.708585],[0.0348369,-0.923791,0.38131]],[[0.775738,-0.235044,-0.585648],[0.629115,0.215338,0.74689],[-0.04944,-0.947831,0.314915]],[[0.775738,-0.235044,-0.585648],[0.0790326,0.956926,-0.279368],[0.626086,0.170431,0.7609]],[[0.775738,-0.235044,-0.585648],[-0.572367,0.128766,-0.809825],[0.265756,0.963418,-0.0346427]]],4]],[[0,200,0],[235.247,235.247,147.751]]]]}