{"metadata":{"formatVersion":2,"generatedBy":"LeapJS Playback 0.2.1","frames":1,"frameRate":"1.1e+2","modified":"Sun Apr 12 2015 22:26:47 GMT-0300 (E. South America Standard Time)","title":"l"},"frames":[["id","timestamp",{"hands":[["id","type","direction","palmNormal","palmPosition","palmVelocity","stabilizedPalmPosition","pinchStrength","grabStrength","confidence","armBasis","armWidth","elbow","wrist"]]},{"pointables":[["id","direction","handId","length","stabilizedTipPosition","tipPosition","tipVelocity","tool","carpPosition","mcpPosition","pipPosition","dipPosition","btipPosition","bases","type"]]},{"interactionBox":["center","size"]}],[42713,5778399928,[[43,"right",[-0.269385,0.9148,-0.300954],[-0.334652,-0.381953,-0.861464],[29.0203,113.123,5.25945],[-1.96869,1.01738,-0.0904919],[29.1654,112.926,6.98157],0,0,0.600379,[[0.658977,0.169048,-0.732921],[-0.068021,0.983818,0.165759],[0.749081,-0.0593775,0.659812]],55.6199,[225.53,58.3235,175.475],[48.9882,72.3175,19.9719]]],[[430,[-0.914902,0.357177,-0.188093],43,45.4913,[-57.602,97.0044,4.1513],[-54.4428,95.1089,3.5096],[-3.23744,-12.714,9.6873],false,[24.1673,62.7158,22.9281],[24.1673,62.7158,22.9281],[-12.1604,81.0531,7.35364],[-39.3891,91.6832,1.75573],[-59.1806,95.8533,4.62494],[[[0.610127,0.572992,0.547197],[-0.471951,-0.291909,0.831896],[0.636402,-0.765813,0.092322]],[[0.245851,0.862587,0.442154],[-0.494406,-0.280763,0.822639],[0.833738,-0.420851,0.357442]],[[0.245851,0.862587,0.442154],[-0.320174,-0.358285,0.876995],[0.914902,-0.357177,0.188093]],[[0.245851,0.862587,0.442154],[0.0308923,-0.462896,0.885874],[0.968815,-0.204134,-0.140451]]],0],[431,[-0.226292,0.91718,-0.327982],43,51.3319,[-7.27024,202.354,9.57302],[-8.74572,196.371,-5.94094],[-11.6588,-5.04601,-13.0617],false,[33.7202,78.704,31.9408],[4.03858,130.936,9.25458],[-0.638173,168.096,7.35117],[-5.41246,187.446,0.431446],[-9.90273,199.004,-7.85515],[[[0.844968,0.283082,-0.453756],[0.269065,0.508232,0.818111],[0.462206,-0.813366,0.353272]],[[0.925765,0.097805,-0.36523],[0.35694,0.0925363,0.929533],[0.12471,-0.990894,0.0507564]],[[0.925765,0.097805,-0.36523],[0.302903,0.386283,0.871226],[0.226292,-0.91718,0.327982]],[[0.925765,0.097805,-0.36523],[0.228707,0.624355,0.74691],[0.301084,-0.774994,0.555637]]],1],[432,[-0.470143,-0.314282,-0.824738],43,58.4886,[4.47989,152.711,-26.4887],[3.46971,153.14,-29.3045],[-9.35316,-11.5203,-9.64918],false,[42.8664,82.8872,28.1502],[22.0032,134.27,2.98633],[14.5745,173.789,-9.39195],[2.90478,165.988,-29.8632],[3.53882,149.62,-28.9976],[[[0.841312,0.0797744,-0.534631],[0.418125,0.530793,0.737177],[0.342586,-0.843739,0.413207]],[[0.867534,0.00730548,-0.497324],[0.464982,0.343048,0.816156],[0.176568,-0.93929,0.294209]],[[0.867534,0.00730548,-0.497324],[-0.162325,0.949302,-0.269216],[0.470143,0.314282,0.824738]],[[0.867534,0.00730548,-0.497324],[-0.495873,-0.0650026,-0.865959],[-0.0386535,0.997858,-0.0527694]]],2],[433,[-0.53222,-0.275424,-0.800552],43,56.2383,[24.8536,148.656,-29.561],[23.2191,149.53,-32.4136],[-11.7874,-13.2891,-6.30286],false,[51.9271,84.7599,22.7288],[40.7466,131.625,-3.12201],[36.1659,168.875,-13.7265],[23.2965,162.215,-33.0843],[23.0195,145.945,-31.9891],[[[0.848627,-0.0855001,-0.522037],[0.487873,0.507969,0.709893],[0.204482,-0.857122,0.472789]],[[0.839643,-0.050695,-0.540768],[0.530287,0.291823,0.796012],[0.117455,-0.955128,0.27191]],[[0.839643,-0.050695,-0.540768],[-0.108356,0.959985,-0.258238],[0.53222,0.275424,0.800552]],[[0.839643,-0.050695,-0.540768],[-0.542873,-0.0471977,-0.838487],[0.0169841,0.997598,-0.0671501]]],3],[434,[-0.633364,-0.193211,-0.749346],43,44.0898,[45.1339,140.482,-29.6127],[44.3578,140.225,-33.1856],[-6.58173,-4.68814,-1.47462],false,[59.6609,81.7623,13.4802],[56.6318,125.888,-11.1268],[57.7984,155.06,-21.1413],[46.9853,151.761,-33.9345],[43.6136,137.163,-32.5576],[[[0.774235,-0.266876,-0.573879],[0.630062,0.410753,0.659018],[0.0598463,-0.871814,0.486168]],[[0.771446,-0.233985,-0.591712],[0.635172,0.227946,0.737969],[-0.0377953,-0.945141,0.324468]],[[0.771446,-0.233985,-0.591712],[0.0610103,0.952849,-0.297249],[0.633364,0.193211,0.749346]],[[0.771446,-0.233985,-0.591712],[-0.595527,0.0620056,-0.800939],[0.224097,0.970261,-0.0915103]]],4]],[[0,200,0],[235.247,235.247,147.751]]]]}