{"metadata":{"formatVersion":2,"generatedBy":"LeapJS Playback 0.2.1","frames":1,"frameRate":"1.1e+2","modified":"Sun Apr 12 2015 22:20:44 GMT-0300 (E. South America Standard Time)","title":"9"},"frames":[["id","timestamp",{"hands":[["id","type","direction","palmNormal","palmPosition","palmVelocity","stabilizedPalmPosition","pinchStrength","grabStrength","confidence","armBasis","armWidth","elbow","wrist"]]},{"pointables":[["id","direction","handId","length","stabilizedTipPosition","tipPosition","tipVelocity","tool","carpPosition","mcpPosition","pipPosition","dipPosition","btipPosition","bases","type"]]},{"interactionBox":["center","size"]}],[120883,6692958630,[[104,"right",[-0.91332,-0.152884,-0.377456],[0.0928171,-0.98061,0.172597],[-9.06568,128.073,-10.6315],[-46.0663,-23.6497,-7.16858],[0.486795,126.905,-11.4338],1,1,0.300214,[[0.628536,-0.0985724,-0.771509],[-0.0182647,0.989792,-0.141342],[0.777566,0.10293,0.62032]],55.0038,[216.995,162.039,144.909],[35.7703,138.05,0.332871]]],[[1040,[-0.561469,-0.742857,-0.364576],104,44.9875,[-23.4009,70.5331,-1.17334],[-26.2101,68.7034,2.74287],[0.256875,-29.033,2.09092],false,[29.5756,132.376,25.4457],[29.5756,132.376,25.4457],[1.88763,101.157,14.7016],[-14.6374,79.2935,3.97148],[-29.0217,65.3401,1.41717],[[[-0.101676,0.797917,-0.594131],[-0.00419333,0.596877,0.802322],[0.994809,0.0840683,-0.0573421]],[[-0.556772,0.665071,-0.49768],[-0.526413,0.180966,0.830747],[0.642569,0.724522,0.249345]],[[-0.556772,0.665071,-0.49768],[-0.612174,0.0764469,0.787019],[0.56147,0.742857,0.364576]],[[-0.556772,0.665071,-0.49768],[-0.427831,0.28396,0.858095],[0.712016,0.690686,0.126437]]],0],[1041,[0.807159,-0.524405,0.271098],104,50.7633,[-16.5253,86.7866,6.18683],[-20.8773,84.7623,11.3455],[-4.94539,-26.2782,13.6108],false,[22.3335,146.662,12.7119],[-37.5188,129.252,0.562507],[-48.2308,93.8733,3.55823],[-31.3901,82.932,9.21446],[-17.0775,84.713,12.2961],[[[0.237547,-0.146531,-0.96026],[-0.235225,0.950457,-0.203224],[0.942465,0.274153,0.191311]],[[0.225897,-0.149903,-0.962548],[-0.930344,0.259779,-0.258796],[0.288844,0.953962,-0.0807784]],[[0.225897,-0.149903,-0.962548],[-0.545404,-0.83817,0.00253419],[-0.807159,0.524405,-0.271098]],[[0.225897,-0.149903,-0.962548],[0.0849127,-0.981299,0.172751],[-0.970443,-0.120757,-0.208944]]],1],[1042,[0.726235,-0.468375,0.503197],104,57.8407,[-12.1556,80.1004,-2.75887],[-13.8672,79.4547,5.76139],[26.1334,-7.29437,22.5313],false,[24.0063,146.378,2.21922],[-30.241,128.735,-17.092],[-42.1066,89.2759,-11.3147],[-24.28,77.7788,1.03707],[-9.66398,80.197,7.64477],[[[0.39929,-0.268013,-0.876776],[-0.17093,0.91779,-0.358393],[0.90075,0.29297,0.320653]],[[0.433085,-0.256736,-0.864016],[-0.855048,0.186268,-0.483939],[0.285183,0.948362,-0.138852]],[[0.433085,-0.256736,-0.864016],[-0.533872,-0.845406,-0.0163955],[-0.726235,0.468375,-0.503197]],[[0.433085,-0.256736,-0.864016],[0.0242178,-0.954916,0.295886],[-0.901027,-0.149068,-0.407343]]],2],[1043,[0.700487,-0.398171,0.592265],104,55.6154,[-1.65473,82.8509,-13.7057],[-0.972595,83.0318,-5.05195],[27.453,8.23363,20.7141],false,[27.4491,144.056,-7.53866],[-17.6746,127.273,-32.1538],[-27.2748,90.6963,-24.5723],[-10.5242,81.175,-10.4097],[3.3468,84.1519,-2.73815],[[[0.539232,-0.290398,-0.790505],[-0.113165,0.905167,-0.409714],[0.834519,0.310388,0.455233]],[[0.510185,-0.300911,-0.805707],[-0.823257,0.100263,-0.558744],[0.248914,0.948367,-0.196574]],[[0.510185,-0.300911,-0.805707],[-0.499028,-0.866552,0.0076427],[-0.700487,0.398171,-0.592265]],[[0.510185,-0.300911,-0.805707],[0.0055853,-0.935619,0.352966],[-0.860046,-0.184578,-0.475659]]],3],[1044,[0.590698,-0.410531,0.694651],104,43.6015,[7.1305,90.2219,-23.3406],[2.84121,89.6676,-18.9322],[-3.06819,-5.57087,10.0685],false,[33.96,136.78,-14.9956],[-4.28619,122.647,-44.0274],[-15.6494,95.3678,-36.3909],[-5.67645,88.4367,-24.6628],[6.60126,90.4003,-16.4905],[[[0.643431,-0.398063,-0.653867],[0.0462587,0.872823,-0.48584],[0.764105,0.282357,0.580015]],[[0.547051,-0.42908,-0.718767],[-0.749757,0.130721,-0.648673],[0.372291,0.893757,-0.250195]],[[0.547051,-0.42908,-0.718767],[-0.593137,-0.804584,0.0288757],[-0.590698,0.410531,-0.694651]],[[0.547051,-0.42908,-0.718767],[-0.140816,-0.893573,0.42626],[-0.825171,-0.131972,-0.549251]]],4]],[[0,200,0],[235.247,235.247,147.751]]]]}