{"metadata":{"formatVersion":2,"generatedBy":"LeapJS Playback 0.2.1","frames":1,"frameRate":"1.1e+2","modified":"Sun Apr 12 2015 22:21:00 GMT-0300 (E. South America Standard Time)","title":"9"},"frames":[["id","timestamp",{"hands":[["id","type","direction","palmNormal","palmPosition","palmVelocity","stabilizedPalmPosition","pinchStrength","grabStrength","confidence","armBasis","armWidth","elbow","wrist"]]},{"pointables":[["id","direction","handId","length","stabilizedTipPosition","tipPosition","tipVelocity","tool","carpPosition","mcpPosition","pipPosition","dipPosition","btipPosition","bases","type"]]},{"interactionBox":["center","size"]}],[120951,6693548308,[[104,"right",[-0.897873,-0.0144936,-0.440016],[-0.0394032,-0.992801,0.113106],[-1.82422,137.538,-14.9031],[5.46337,-1.96533,11.5087],[-4.14471,132.301,-13.9196],1,1,0.425927,[[0.631252,-0.100168,-0.769082],[-0.0097005,0.990527,-0.136972],[0.775517,0.0939245,0.624301]],55.0038,[223.808,163.024,144.828],[43.0609,141.134,-0.676044]]],[[1040,[-0.640075,-0.641425,-0.42294],104,44.9875,[-27.7877,78.5049,-3.78632],[-27.7854,80.9338,-4.32631],[4.91046,-4.79335,3.56631],false,[34.5553,134.847,23.6004],[34.5553,134.847,23.6004],[3.84484,108.078,9.56517],[-14.9937,89.1994,-2.88268],[-32.0719,78.4847,-4.17186],[[[0.0364853,0.837318,-0.545497],[0.0151377,0.545335,0.838081],[0.99922,-0.0388352,0.00722163]],[[-0.43833,0.756965,-0.484636],[-0.547637,0.202633,0.811809],[0.712714,0.621244,0.325722]],[[-0.43833,0.756965,-0.484636],[-0.631008,0.124816,0.76567],[0.640075,0.641425,0.42294]],[[-0.43833,0.756965,-0.484636],[-0.305342,0.38172,0.872385],[0.84536,0.530372,0.0638137]]],0],[1041,[0.717845,-0.626815,0.302989],104,50.7633,[-17.6478,87.2334,6.77329],[-19.3429,94.36,3.98055],[6.51551,-3.58256,8.98687],false,[29.9797,150.642,11.4248],[-30.6043,141.646,-5.35812],[-44.817,107.393,-5.58322],[-29.8398,94.3146,0.738394],[-15.7794,94.0707,5.18409],[[[0.281508,-0.119638,-0.952071],[-0.103254,0.982659,-0.154012],[0.953987,0.141661,0.264273]],[[0.297547,-0.117234,-0.947482],[-0.874411,0.364918,-0.319752],[0.383239,0.923629,0.00606979]],[[0.297547,-0.117234,-0.947482],[-0.629416,-0.770298,-0.102351],[-0.717845,0.626815,-0.302989]],[[0.297547,-0.117234,-0.947482],[-0.0510065,-0.992967,0.106844],[-0.953344,0.0165368,-0.301434]]],1],[1042,[0.61232,-0.611525,0.5011],104,57.8407,[-10.7477,82.3305,0.161425],[-13.6143,89.0518,-2.17259],[-8.01514,-6.36839,2.11583],false,[32.3028,150.756,1.05347],[-22.2807,141.235,-22.5472],[-40.6158,103.936,-20.6058],[-25.5854,88.9255,-8.30551],[-11.1788,88.766,-0.851526],[[[0.421257,-0.265154,-0.867315],[-0.0332057,0.951158,-0.306915],[0.906333,0.15809,0.391877]],[[0.441249,-0.261584,-0.858413],[-0.781734,0.35769,-0.510832],[0.440672,0.896455,-0.0466585]],[[0.441249,-0.261584,-0.858413],[-0.656021,-0.746733,-0.109662],[-0.61232,0.611525,-0.5011]],[[0.441249,-0.261584,-0.858413],[-0.128642,-0.965131,0.227978],[-0.888116,0.00983318,-0.459514]]],2],[1043,[0.555521,-0.570057,0.605335],104,55.6154,[-0.687962,84.4115,-11.9206],[-1.28442,91.4731,-12.6158],[-20.5097,-11.0287,-7.14104],false,[36.0805,148.585,-8.615],[-9.00875,139.073,-36.9029],[-25.9057,104.481,-34.5809],[-12.6217,90.8498,-20.1057],[0.766412,91.137,-11.1171],[[[0.551336,-0.309943,-0.774573],[0.0258849,0.934338,-0.355447],[0.833881,0.175921,0.523157]],[[0.533937,-0.313522,-0.785249],[-0.723168,0.311878,-0.616246],[0.438109,0.896903,-0.0602059]],[[0.533937,-0.313522,-0.785249],[-0.637423,-0.759433,-0.130206],[-0.555521,0.570057,-0.605335]],[[0.533937,-0.313522,-0.785249],[-0.160747,-0.949414,0.269766],[-0.830104,-0.0178111,-0.557325]]],3],[1044,[0.456347,-0.537576,0.709055],104,43.6015,[6.78384,91.6368,-22.9768],[6.00609,98.9127,-24.7971],[-20.2272,-8.54113,-6.83535],false,[42.1376,140.99,-16.1349],[4.4778,133.49,-48.2418],[-11.4666,107.756,-44.3467],[-3.76191,98.6801,-32.3754],[7.87095,98.6377,-23.0986],[[[0.632237,-0.437589,-0.639368],[0.184892,0.886603,-0.423969],[0.75239,0.149835,0.64145]],[[0.555748,-0.450129,-0.698948],[-0.646731,0.294197,-0.703695],[0.522382,0.843108,-0.127613]],[[0.555748,-0.450129,-0.698948],[-0.694904,-0.713019,-0.0933418],[-0.456347,0.537576,-0.709055]],[[0.555748,-0.450129,-0.698948],[-0.28264,-0.892959,0.350341],[-0.78183,0.00285004,-0.623485]]],4]],[[0,200,0],[235.247,235.247,147.751]]]]}