{"metadata":{"formatVersion":2,"generatedBy":"LeapJS Playback 0.2.1","frames":87,"frameRate":"1.1e+2","modified":"Sun Apr 12 2015 22:20:00 GMT-0300 (E. South America Standard Time)","title":"8"},"frames":[["id","timestamp",{"hands":[["id","type","direction","palmNormal","palmPosition","palmVelocity","stabilizedPalmPosition","pinchStrength","grabStrength","confidence","armBasis","armWidth","elbow","wrist"]]},{"pointables":[["id","direction","handId","length","stabilizedTipPosition","tipPosition","tipVelocity","tool","carpPosition","mcpPosition","pipPosition","dipPosition","btipPosition","bases","type"]]},{"interactionBox":["center","size"]}],[118710,6664378215,[[103,"right",[0.263809,0.695623,-0.668217],[-0.407122,-0.547727,-0.730922],[-14.1916,170.459,9.9953],[-25.9297,-3.96327,27.3182],[-7.47477,169.116,3.41627],0.946652,1,0.361904,[[0.812054,-0.247109,-0.528683],[0.481348,0.795826,0.367375],[0.329958,-0.552809,0.765199]],51.0123,[52.4697,19.9526,205.965],[-18.8519,139.444,40.5642]]],[[1030,[0.00367192,0.374926,-0.927047],103,41.7228,[-41.2503,171.531,-32.9679],[-41.9191,171.902,-32.6804],[7.5167,-41.3545,-5.04126],false,[-43.0518,143.412,39.2408],[-43.0518,143.412,39.2408],[-48.3403,162.867,4.7363],[-48.24,173.101,-20.5683],[-39.1348,170.472,-36.7308],[[[0.767493,0.438578,0.46755],[-0.624634,0.347599,0.699291],[0.144174,-0.828749,0.540731]],[[0.684322,0.675043,0.275718],[-0.717071,0.554372,0.422471],[0.132335,-0.486815,0.863422]],[[0.684322,0.675043,0.275718],[-0.72917,0.635412,0.254091],[-0.00367192,-0.374926,0.927048]],[[0.684322,0.675043,0.275718],[-0.543631,0.724314,-0.42407],[-0.485972,0.140312,0.862638]]],0],[1031,[-0.35737,-0.91716,0.176365],103,47.0795,[-44.9671,167.334,-18.3672],[-45.8791,157.376,-18.0012],[11.4282,-30.9417,-23.6098],false,[-28.7727,154.944,44.0626],[-25.7337,194.647,0.664797],[-37.5712,182.254,-29.1558],[-44.4863,164.507,-25.7431],[-46.4714,155.032,-16.0795],[[[0.906327,-0.341474,-0.248933],[0.419416,0.65497,0.628573],[-0.0515975,-0.674099,0.736836]],[[0.90037,-0.388508,-0.19595],[0.266239,0.848077,-0.458129],[0.344167,0.360316,0.867019]],[[0.90037,-0.388508,-0.19595],[-0.248237,-0.0887675,-0.964624],[0.35737,0.91716,-0.176365]],[[0.90037,-0.388508,-0.19595],[-0.410208,-0.607667,-0.680051],[0.145133,0.692678,-0.706494]]],1],[1032,[-0.496018,-0.843561,0.20584],103,53.6433,[-43.0056,154.802,-16.564],[-40.7723,149.065,-19.025],[20.1224,-25.3787,-19.8163],false,[-19.3387,152.824,42.1443],[-9.58837,187.459,-0.576288],[-27.179,176.198,-33.0226],[-38.471,156.994,-28.3366],[-41.683,147.069,-17.4962],[[[0.806154,-0.536027,-0.25058],[0.565369,0.572852,0.593464],[-0.174567,-0.620093,0.76486]],[[0.806319,-0.53544,-0.251303],[0.376882,0.792549,-0.479402],[0.455862,0.291839,0.840845]],[[0.806319,-0.53544,-0.251303],[-0.322205,-0.041322,-0.945768],[0.496018,0.843561,-0.20584]],[[0.806319,-0.53544,-0.251303],[-0.551603,-0.527348,-0.646249],[0.213503,0.659703,-0.720562]]],2],[1033,[-0.572962,-0.720427,0.390768],103,51.5794,[-37.2878,143.332,-5.8034],[-32.0696,138.27,-7.52502],[23.0186,-25.019,9.33739],false,[-10.9268,148.399,39.6173],[4.34881,175.733,0.447721],[-15.6257,160.668,-25.1157],[-28.3325,144.691,-16.4495],[-32.8343,136.775,-4.58348],[[[0.726749,-0.663085,-0.179313],[0.615667,0.513032,0.598124],[-0.304614,-0.545084,0.781086]],[[0.723652,-0.668528,-0.171457],[0.405568,0.612925,-0.678113],[0.558428,0.421181,0.714678]],[[0.723652,-0.668528,-0.171457],[-0.384762,-0.184542,-0.90438],[0.572962,0.720427,-0.390768]],[[0.723652,-0.668528,-0.171457],[-0.621083,-0.522466,-0.584196],[0.30097,0.529244,-0.793295]]],3],[1034,[-0.690639,-0.619493,0.373157],103,40.4373,[-24.5337,140.723,-6.98534],[-18.4273,138.9,-6.4523],[22.8538,-12.3476,22.9651],false,[-5.53783,139.396,35.1756],[14.7447,162.107,0.136563],[-3.18562,154.023,-20.2217],[-13.9998,144.322,-14.3787],[-19.4176,137.409,-3.73603],[[[0.574826,-0.797308,-0.184052],[0.691861,0.353467,0.629594],[-0.436924,-0.489246,0.754808]],[[0.58845,-0.781321,-0.207999],[0.502508,0.554952,-0.662958],[0.633413,0.285597,0.719182]],[[0.58845,-0.781321,-0.207999],[-0.420409,-0.0759319,-0.904152],[0.690639,0.619493,-0.373157]],[[0.58845,-0.781321,-0.207999],[-0.706807,-0.372179,-0.601587],[0.39262,0.501019,-0.771252]]],4]],[[0,200,0],[235.247,235.247,147.751]]],[118711,6664387157,[[103,"right",[0.262992,0.697299,-0.666791],[-0.403735,-0.548157,-0.732476],[-14.3438,170.125,10.1882],[-23.499,-13.0766,25.7506],[-7.59078,169.133,3.53064],0.947706,1,0.36857,[[0.812522,-0.242012,-0.530319],[0.478002,0.797318,0.368508],[0.333649,-0.552915,0.76352]],51.0123,[53.15,19.5434,205.747],[-18.9694,139.058,40.7091]]],[[1030,[0.00117074,0.377027,-0.926202],103,41.7228,[-41.3655,171.187,-32.9618],[-42.0686,171.517,-32.6143],[-2.83327,-39.0281,-1.86993],false,[-43.1793,142.949,39.3376],[-43.1793,142.949,39.3376],[-48.4923,162.377,4.82245],[-48.4604,172.669,-20.459],[-39.4218,170.22,-36.6871],[[[0.765035,0.440508,0.46976],[-0.62729,0.3447,0.698348],[0.145701,-0.828936,0.540034]],[[0.68085,0.67807,0.276881],[-0.720255,0.551232,0.421161],[0.132951,-0.486173,0.86369]],[[0.68085,0.67807,0.276881],[-0.732421,0.630929,0.255905],[-0.00117074,-0.377027,0.926202]],[[0.68085,0.67807,0.276881],[-0.551109,0.72328,-0.416106],[-0.482412,0.130714,0.866137]]],0],[1031,[-0.355311,-0.91873,0.172306],103,47.0795,[-44.9843,167.169,-18.3659],[-45.9326,156.994,-17.9603],[6.89794,-33.4016,-16.5088],false,[-28.9485,154.521,44.2047],[-25.9446,194.286,0.862036],[-37.6576,181.952,-29.0316],[-44.5329,164.174,-25.6975],[-46.5175,154.668,-16.0653],[[[0.907978,-0.338208,-0.247369],[0.415902,0.655564,0.630286],[-0.0510018,-0.675167,0.7359]],[[0.902058,-0.385332,-0.194449],[0.265174,0.850238,-0.454728],[0.340549,0.358629,0.869144]],[[0.902058,-0.385332,-0.194449],[-0.245041,-0.0863403,-0.965661],[0.355311,0.91873,-0.172306]],[[0.902058,-0.385332,-0.194449],[-0.406496,-0.607015,-0.682857],[0.145093,0.695019,-0.704199]]],1],[1032,[-0.494762,-0.845053,0.202721],103,53.6433,[-42.9792,154.727,-16.6078],[-40.8044,148.711,-18.9833],[13.7086,-29.1737,-12.641],false,[-19.5034,152.434,42.3044],[-9.77315,187.153,-0.35253],[-27.2282,175.899,-32.8744],[-38.4916,156.661,-28.2594],[-41.716,146.712,-17.4443],[[[0.808445,-0.533085,-0.249471],[0.562199,0.573966,0.595395],[-0.174208,-0.621597,0.76372]],[[0.808428,-0.533147,-0.249396],[0.376598,0.794158,-0.476955],[0.452347,0.291662,0.842802]],[[0.808428,-0.533147,-0.249396],[-0.318832,-0.0404936,-0.946946],[0.494762,0.845053,-0.202721]],[[0.808428,-0.533147,-0.249396],[-0.548187,-0.527713,-0.648853],[0.214324,0.661266,-0.718883]]],2],[1033,[-0.571418,-0.722728,0.388775],103,51.5794,[-37.0424,143.104,-5.86577],[-32.0687,137.911,-7.40748],[16.6704,-29.1652,10.2805],false,[-11.0717,148.039,39.7904],[4.19999,175.472,0.687634],[-15.6648,160.379,-24.9451],[-28.3374,144.351,-16.3231],[-32.8355,136.409,-4.47269],[[[0.729301,-0.660489,-0.178533],[0.612682,0.514305,0.600092],[-0.304534,-0.547032,0.779753]],[[0.726196,-0.665967,-0.170668],[0.405231,0.615186,-0.676265],[0.555363,0.421941,0.716616]],[[0.726196,-0.665967,-0.170668],[-0.382258,-0.184804,-0.905387],[0.571418,0.722728,-0.388775]],[[0.726196,-0.665967,-0.170668],[-0.618229,-0.524007,-0.585841],[0.300719,0.530947,-0.792252]]],3],[1034,[-0.689278,-0.622345,0.370922],103,40.4373,[-24.3664,140.669,-6.96046],[-18.4321,138.575,-6.30467],[16.4318,-18.9256,21.0866],false,[-5.6436,139.059,35.3496],[14.641,161.88,0.382583],[-3.2158,153.766,-20.0285],[-14.0086,144.021,-14.2205],[-19.4227,137.076,-3.59648],[[[0.577828,-0.795201,-0.183767],[0.689328,0.354951,0.631535],[-0.436969,-0.491594,0.753255]],[[0.591542,-0.779029,-0.207827],[0.502146,0.55763,-0.660983],[0.630815,0.28664,0.721048]],[[0.591542,-0.779029,-0.207827],[-0.418299,-0.0761661,-0.90511],[0.689278,0.622345,-0.370922]],[[0.591542,-0.779029,-0.207827],[-0.704374,-0.373888,-0.603378],[0.392345,0.503311,-0.769898]]],4]],[[0,200,0],[235.247,235.247,147.751]]],[118712,6664395679,[[103,"right",[0.262171,0.698942,-0.665392],[-0.400962,-0.54828,-0.733907],[-14.4767,169.804,10.3435],[-21.4279,-19.5178,23.777],[-7.697,169.144,3.63574],0.948792,1,0.370464,[[0.8129,-0.238056,-0.531528],[0.475235,0.798701,0.369091],[0.336668,-0.552635,0.762397]],51.0123,[53.7048,19.2284,205.609],[-19.0672,138.683,40.8141]]],[[1030,[-0.000046473,0.378448,-0.925623],103,41.7228,[-41.4993,170.86,-32.9418],[-42.1673,171.147,-32.5648],[-7.11483,-38.7761,-0.225055],false,[-43.2854,142.508,39.4069],[-43.2854,142.508,39.4069],[-48.5913,161.911,4.87655],[-48.5926,172.241,-20.3891],[-39.5945,169.926,-36.6593],[[[0.763005,0.441999,0.471657],[-0.629432,0.341992,0.697752],[0.147103,-0.829264,0.53915]],[[0.678017,0.680388,0.278148],[-0.722956,0.548923,0.419546],[0.132772,-0.485547,0.864069]],[[0.678017,0.680388,0.278148],[-0.735046,0.627575,0.256626],[0.000046473,-0.378448,0.925623]],[[0.678017,0.680388,0.278148],[-0.556461,0.722358,-0.410549],[-0.480255,0.123581,0.86838]]],0],[1031,[-0.353476,-0.920104,0.168711],103,47.0795,[-45.0042,166.98,-18.3641],[-45.9855,156.642,-17.9318],[3.65383,-34.9016,-11.7383],false,[-29.0953,154.113,44.3139],[-26.1292,193.946,1.03059],[-37.7419,181.668,-28.9254],[-44.5817,163.864,-25.6609],[-46.5635,154.327,-16.0575],[[[0.909337,-0.335333,-0.246289],[0.413001,0.65586,0.631884],[-0.0503603,-0.676313,0.734891]],[[0.903458,-0.38255,-0.193438],[0.264131,0.852185,-0.45168],[0.337635,0.356981,0.870958]],[[0.903458,-0.38255,-0.193438],[-0.242523,-0.0840481,-0.966498],[0.353476,0.920104,-0.168711]],[[0.903458,-0.38255,-0.193438],[-0.403448,-0.606283,-0.685311],[0.144888,0.697192,-0.70209]]],1],[1032,[-0.493613,-0.846398,0.199893],103,53.6433,[-42.9502,154.638,-16.6561],[-40.8392,148.383,-18.9588],[9.10328,-31.5687,-8.12653],false,[-19.6412,152.055,42.4267],[-9.93584,186.859,-0.166265],[-27.2811,175.621,-32.7523],[-38.5184,156.352,-28.2017],[-41.7507,146.381,-17.4108],[[[0.810353,-0.530484,-0.248826],[0.559584,0.574719,0.59713],[-0.173763,-0.623125,0.762576]],[[0.810185,-0.531085,-0.24809],[0.376228,0.795691,-0.474687],[0.449502,0.291245,0.844467]],[[0.810185,-0.531085,-0.24809],[-0.316143,-0.0394896,-0.947889],[0.493613,0.846398,-0.199893]],[[0.810185,-0.531085,-0.24809],[-0.545378,-0.527823,-0.651127],[0.214856,0.662836,-0.717276]]],2],[1033,[-0.57002,-0.724813,0.386942],103,51.5794,[-36.8212,142.884,-5.91867],[-32.0732,137.576,-7.3236],[12.0849,-31.8684,10.0801],false,[-11.193,147.687,39.9211],[4.06811,175.215,0.881677],[-15.7071,160.109,-24.8117],[-28.3486,144.034,-16.2304],[-32.8413,136.067,-4.39505],[[[0.731445,-0.658205,-0.178196],[0.610226,0.515193,0.601831],[-0.304323,-0.548946,0.778489]],[[0.728334,-0.663717,-0.170324],[0.404821,0.617336,-0.674549],[0.552856,0.422346,0.718313]],[[0.728334,-0.663717,-0.170324],[-0.380272,-0.184735,-0.906237],[0.57002,0.724813,-0.386942]],[[0.728334,-0.663717,-0.170324],[-0.615887,-0.525135,-0.587296],[0.300355,0.532648,-0.791248]]],3],[1034,[-0.688058,-0.624952,0.368796],103,40.4373,[-24.221,140.615,-6.9365],[-18.439,138.268,-6.19995],[11.8826,-23.3901,18.5685],false,[-5.73234,138.729,35.4772],[14.5475,161.653,0.575813],[-3.24691,153.524,-19.8836],[-14.0206,143.739,-14.109],[-19.4293,136.762,-3.50274],[[[0.580358,-0.793332,-0.183871],[0.687264,0.35601,0.633186],[-0.436867,-0.493842,0.751842]],[[0.594173,-0.776958,-0.208072],[0.5018,0.56024,-0.659035],[0.628613,0.28717,0.722758]],[[0.594173,-0.776958,-0.208072],[-0.416574,-0.0759628,-0.905922],[0.688058,0.624952,-0.368796]],[[0.594173,-0.776958,-0.208072],[-0.702374,-0.375132,-0.604935],[0.391955,0.505581,-0.768609]]],4]],[[0,200,0],[235.247,235.247,147.751]]],[118713,6664404252,[[103,"right",[0.261637,0.700165,-0.664316],[-0.399057,-0.54823,-0.734981],[-14.5865,169.51,10.4601],[-19.1568,-23.4182,21.0964],[-7.80358,169.149,3.7413],0.949868,1,0.373841,[[0.812946,-0.23536,-0.532659],[0.473384,0.799805,0.369079],[0.339157,-0.552193,0.761614]],51.0123,[54.1558,18.9877,205.517],[-19.1542,138.346,40.8911]]],[[1030,[-0.00120604,0.37956,-0.925166],103,41.7228,[-41.6397,170.546,-32.9215],[-42.2589,170.817,-32.5347],[-9.72852,-37.5845,0.456066],false,[-43.378,142.127,39.4594],[-43.378,142.127,39.4594],[-48.6746,161.505,4.91298],[-48.7075,171.865,-20.3402],[-39.7498,169.657,-36.6476],[[[0.76161,0.442921,0.473044],[-0.630901,0.340038,0.697379],[0.148031,-0.829575,0.538416]],[[0.675973,0.682089,0.278953],[-0.72491,0.547388,0.418178],[0.132539,-0.484893,0.864472]],[[0.675973,0.682089,0.278953],[-0.736926,0.625051,0.257395],[0.00120604,-0.37956,0.925166]],[[0.675973,0.682089,0.278953],[-0.560791,0.721709,-0.40577],[-0.478095,0.117855,0.870365]]],0],[1031,[-0.352328,-0.921085,0.165733],103,47.0795,[-45.0283,166.755,-18.362],[-46.0408,156.335,-17.9174],[1.15427,-34.5997,-8.54924],false,[-29.2156,153.754,44.3959],[-26.2735,193.64,1.15983],[-37.8142,181.416,-28.8462],[-44.6318,163.593,-25.6393],[-46.6135,154.032,-16.0599],[[[0.910259,-0.333345,-0.245578],[0.411014,0.655945,0.63309],[-0.049952,-0.677212,0.73409]],[[0.904407,-0.380636,-0.192781],[0.263556,0.853701,-0.449148],[0.335539,0.355404,0.872411]],[[0.904407,-0.380636,-0.192781],[-0.240652,-0.0819677,-0.967144],[0.352328,0.921085,-0.165733]],[[0.904407,-0.380636,-0.192781],[-0.401318,-0.605459,-0.687287],[0.144885,0.698954,-0.700337]]],1],[1032,[-0.493046,-0.847263,0.197613],103,53.6433,[-42.9175,154.53,-16.7115],[-40.8842,148.096,-18.9501],[5.37558,-32.0386,-5.27048],false,[-19.7554,151.716,42.5177],[-10.0654,186.585,-0.0255868],[-27.3296,175.368,-32.6621],[-38.554,156.08,-28.1634],[-41.7963,146.091,-17.392],[[[0.811647,-0.52868,-0.248446],[0.557791,0.575119,0.598421],[-0.173488,-0.624288,0.761687]],[[0.811341,-0.529777,-0.247107],[0.376242,0.796768,-0.472866],[0.4474,0.290684,0.845775]],[[0.811341,-0.529777,-0.247107],[-0.314055,-0.0384961,-0.948624],[0.493046,0.847263,-0.197613]],[[0.811341,-0.529777,-0.247107],[-0.543394,-0.527649,-0.652923],[0.215518,0.66402,-0.715982]]],2],[1033,[-0.569075,-0.726274,0.385591],103,51.5794,[-36.6107,142.661,-5.96668],[-32.0928,137.278,-7.26058],[8.23218,-32.6525,9.27034],false,[-11.296,147.367,40.0173],[3.95924,174.967,1.0262],[-15.7531,159.856,-24.7135],[-28.3736,143.749,-16.1621],[-32.8621,135.764,-4.33744],[[[0.732897,-0.656628,-0.17805],[0.608539,0.515683,0.603118],[-0.304207,-0.550374,0.777526]],[[0.729779,-0.662167,-0.170168],[0.404614,0.618933,-0.673208],[0.551098,0.422441,0.719607]],[[0.729779,-0.662167,-0.170168],[-0.378913,-0.184558,-0.906842],[0.569075,0.726274,-0.385591]],[[0.729779,-0.662167,-0.170168],[-0.614312,-0.525853,-0.588302],[0.300071,0.533867,-0.790534]]],3],[1034,[-0.687231,-0.626815,0.367175],103,40.4373,[-24.0826,140.557,-6.91202],[-18.4596,137.989,-6.12358],[8.08747,-25.8218,15.7971],false,[-5.81319,138.423,35.5701],[14.4646,161.425,0.717905],[-3.28477,153.292,-19.7791],[-14.0455,143.477,-14.0298],[-19.45,136.477,-3.43677],[[[0.582072,-0.792033,-0.184051],[0.685841,0.356612,0.63439],[-0.436823,-0.495491,0.750783]],[[0.595979,-0.77549,-0.208385],[0.50165,0.562201,-0.657478],[0.627022,0.287306,0.724085]],[[0.595979,-0.77549,-0.208385],[-0.415359,-0.0756199,-0.906509],[0.687231,0.626815,-0.367175]],[[0.595979,-0.77549,-0.208385],[-0.701015,-0.375893,-0.606038],[0.391646,0.507267,-0.767654]]],4]],[[0,200,0],[235.247,235.247,147.751]]],[118714,6664413012,[[103,"right",[0.272564,0.700799,-0.659234],[-0.392977,-0.54433,-0.74113],[-14.7403,169.668,9.94141],[-18.7278,-12.3091,-0.454925],[-7.93092,169.159,3.85512],0.959829,1,0.241012,[[0.810825,-0.232323,-0.537204],[0.473357,0.800119,0.368433],[0.344232,-0.553024,0.758729]],51.0123,[54.602,18.9024,204.23],[-19.805,138.44,40.2285]]],[[1030,[0.00831869,0.378899,-0.925401],103,41.7228,[-41.6642,170.489,-33.2765],[-42.0283,171.046,-33.5177],[-4.01152,-20.7282,-31.0328],false,[-43.9928,142.337,38.5258],[-43.9928,142.337,38.5258],[-48.8746,161.654,3.8844],[-48.6476,171.996,-21.3752],[-39.636,169.905,-37.6682],[[[0.758071,0.43808,0.483131],[-0.637417,0.341001,0.690955],[0.137945,-0.831748,0.537742]],[[0.673794,0.681676,0.285164],[-0.728751,0.549242,0.408968],[0.12216,-0.483375,0.866848]],[[0.673794,0.681676,0.285164],[-0.738872,0.625902,0.249629],[-0.00831869,-0.378899,0.925401]],[[0.673794,0.681676,0.285164],[-0.560953,0.723088,-0.403083],[-0.480971,0.111631,0.869601]]],0],[1031,[-0.360014,-0.920361,0.152726],103,47.0795,[-45.0432,166.605,-18.3781],[-45.9202,156.811,-19.0214],[5.00936,-8.79713,-42.2044],false,[-29.8358,153.884,43.6598],[-26.2075,193.877,0.574372],[-37.391,181.981,-29.6977],[-44.3573,164.172,-26.7424],[-46.5189,154.56,-17.2545],[[[0.911521,-0.336858,-0.235917],[0.406614,0.652273,0.639691],[-0.061603,-0.679019,0.731531]],[[0.904822,-0.384343,-0.18324],[0.274902,0.855956,-0.437913],[0.325154,0.34586,0.880145]],[[0.904822,-0.384343,-0.18324],[-0.227346,-0.0722209,-0.971132],[0.360014,0.920361,-0.152726]],[[0.904822,-0.384343,-0.18324],[-0.395374,-0.598673,-0.696613],[0.158037,0.70276,-0.693652]]],1],[1032,[-0.499907,-0.845262,0.188748],103,53.6433,[-42.8918,154.455,-16.7648],[-40.8006,148.48,-19.8828],[6.90267,-11.5688,-32.0319],false,[-20.3638,151.808,41.886],[-10.0192,186.751,-0.442429],[-26.9336,175.722,-33.3252],[-38.3142,156.479,-29.0283],[-41.742,146.475,-18.3282],[[[0.812055,-0.531727,-0.240487],[0.553413,0.570867,0.606503],[-0.185208,-0.625602,0.757839]],[[0.811593,-0.533276,-0.238608],[0.386235,0.796194,-0.465723],[0.438337,0.285819,0.852155]],[[0.811593,-0.533276,-0.238608],[-0.302341,-0.0339044,-0.952597],[0.499907,0.845262,-0.188748]],[[0.811593,-0.533276,-0.238608],[-0.537961,-0.522869,-0.661216],[0.227849,0.665,-0.711239]]],2],[1033,[-0.576821,-0.724675,0.376992],103,51.5794,[-36.4476,142.495,-6.03272],[-32.1784,137.576,-8.07077],[3.33159,-14.8527,-18.0218],false,[-11.8959,147.427,39.4718],[3.93887,175.065,0.739442],[-15.5375,160.123,-25.2767],[-28.3299,144.051,-16.916],[-32.9892,136.057,-5.16384],[[[0.731904,-0.659505,-0.171376],[0.60383,0.511185,0.61162],[-0.315762,-0.551129,0.772367]],[[0.728661,-0.665065,-0.163528],[0.415415,0.619023,-0.666514],[0.544503,0.417732,0.727336]],[[0.728661,-0.665065,-0.163528],[-0.369228,-0.180373,-0.911667],[0.576821,0.724675,-0.376992]],[[0.728661,-0.665065,-0.163528],[-0.609934,-0.521561,-0.596619],[0.3115,0.534474,-0.785688]]],3],[1034,[-0.694262,-0.624838,0.35718],103,40.4373,[-23.9558,140.507,-6.90369],[-18.5551,138.214,-6.77778],[2.89032,-12.0664,-8.64053],false,[-6.40266,138.471,35.0633],[14.385,161.475,0.514914],[-3.15619,153.489,-20.2176],[-14.0271,143.705,-14.6248],[-19.5838,136.698,-4.11537],[[[0.58054,-0.794196,-0.179517],[0.680032,0.351672,0.643338],[-0.447805,-0.49556,0.744238]],[[0.59491,-0.777521,-0.203821],[0.511955,0.562015,-0.649647],[0.619665,0.282134,0.732404]],[[0.59491,-0.777521,-0.203821],[-0.40507,-0.0709846,-0.911526],[0.694262,0.624838,-0.35718]],[[0.59491,-0.777521,-0.203821],[-0.695648,-0.371005,-0.615166],[0.402686,0.507756,-0.761596]]],4]],[[0,200,0],[235.247,235.247,147.751]]],[118715,6664421604,[[103,"right",[0.272998,0.698739,-0.661238],[-0.393392,-0.546166,-0.739557],[-14.7994,169.471,9.83511],[-15.5991,-15.0935,-3.60042],[-8.06838,169.165,3.9748],0.966459,1,0.254604,[[0.809996,-0.231441,-0.538834],[0.473737,0.799816,0.368601],[0.345659,-0.553831,0.75749]],51.0123,[54.832,18.6211,203.945],[-19.8834,138.334,40.2111]]],[[1030,[0.00653444,0.373568,-0.92758],103,41.7228,[-41.7459,170.32,-33.542],[-42.1717,170.587,-33.7459],[-10.0508,-29.5774,-30.5364],false,[-44.0687,142.242,38.4988],[-44.0687,142.242,38.4988],[-48.9906,161.321,3.73148],[-48.8123,171.518,-21.5876],[-39.8869,169.442,-37.9301],[[[0.758398,0.438935,0.481839],[-0.637142,0.343394,0.690022],[0.137414,-0.830311,0.540094]],[[0.672748,0.68465,0.280471],[-0.729548,0.550746,0.40551],[0.123164,-0.477423,0.869999]],[[0.672748,0.68465,0.280471],[-0.739843,0.62586,0.246843],[-0.00653444,-0.373568,0.92758]],[[0.672748,0.68465,0.280471],[-0.566111,0.720405,-0.400668],[-0.47637,0.110771,0.872239]]],0],[1031,[-0.361681,-0.919935,0.151346],103,47.0795,[-45.0543,166.499,-18.3918],[-45.9919,156.61,-19.2149],[1.71271,-11.5718,-38.0357],false,[-29.9035,153.794,43.5991],[-26.2507,193.661,0.400038],[-37.4046,181.803,-29.8976],[-44.4031,164.002,-26.969],[-46.5887,154.395,-17.4815],[[[0.911277,-0.338145,-0.235014],[0.407096,0.653811,0.637812],[-0.0620185,-0.676897,0.733461]],[[0.90453,-0.38558,-0.182082],[0.276875,0.855838,-0.4369],[0.324293,0.344775,0.880888]],[[0.90453,-0.38558,-0.182082],[-0.22586,-0.0710411,-0.971566],[0.361681,0.919935,-0.151346]],[[0.90453,-0.38558,-0.182082],[-0.39534,-0.598307,-0.696947],[0.159787,0.702393,-0.693622]]],1],[1032,[-0.50314,-0.84387,0.186371],103,53.6433,[-42.874,154.4,-16.8058],[-40.8835,148.332,-20.1403],[2.76204,-12.1574,-32.1419],false,[-20.433,151.707,41.8306],[-10.0673,186.522,-0.59749],[-26.8917,175.558,-33.5482],[-38.3459,156.347,-29.3055],[-41.8305,146.36,-18.6075],[[[0.811679,-0.532959,-0.239025],[0.553837,0.572211,0.604846],[-0.185585,-0.623321,0.759624]],[[0.810894,-0.535565,-0.23584],[0.390321,0.795264,-0.463901],[0.436005,0.284121,0.853918]],[[0.810894,-0.535565,-0.23584],[-0.298832,-0.0324661,-0.953753],[0.50314,0.84387,-0.186371]],[[0.810894,-0.535565,-0.23584],[-0.537401,-0.521999,-0.662358],[0.231627,0.663843,-0.711099]]],2],[1033,[-0.577262,-0.723176,0.379189],103,51.5794,[-36.3124,142.349,-6.08885],[-32.2527,137.35,-8.08242],[0.137305,-17.9109,-13.7524],false,[-11.9682,147.313,39.4284],[3.8829,174.83,0.616731],[-15.6016,159.832,-25.3613],[-28.4038,143.794,-16.9519],[-33.065,135.839,-5.17373],[[[0.731446,-0.660486,-0.169546],[0.604215,0.51251,0.61013],[-0.316088,-0.548719,0.773948]],[[0.728193,-0.666033,-0.161664],[0.415937,0.616929,-0.668128],[0.544731,0.419284,0.726271]],[[0.728193,-0.666033,-0.161664],[-0.369464,-0.1828,-0.911087],[0.577262,0.723176,-0.379189]],[[0.728193,-0.666033,-0.161664],[-0.61043,-0.523018,-0.594833],[0.311625,0.531838,-0.787425]]],3],[1034,[-0.69459,-0.623488,0.358898],103,40.4373,[-23.8347,140.454,-6.89612],[-18.63,137.974,-6.79462],[-0.200479,-16.259,-7.04632],false,[-6.48134,138.34,35.045],[14.3198,161.232,0.430176],[-3.22535,153.203,-20.2824],[-14.1014,143.44,-14.6627],[-19.66,136.466,-4.13307],[[[0.57999,-0.795096,-0.177295],[0.68031,0.353036,0.642295],[-0.448095,-0.493141,0.74567]],[[0.594453,-0.7784,-0.20179],[0.512317,0.560031,-0.651074],[0.619805,0.283652,0.731699]],[[0.594453,-0.7784,-0.20179],[-0.40518,-0.0731862,-0.911303],[0.69459,0.623488,-0.358898]],[[0.594453,-0.7784,-0.20179],[-0.695959,-0.372316,-0.614021],[0.402825,0.505444,-0.763059]]],4]],[[0,200,0],[235.247,235.247,147.751]]],[118716,6664430350,[[103,"right",[0.273532,0.694734,-0.665226],[-0.396117,-0.548869,-0.736094],[-14.8891,169.136,9.80913],[-14.1684,-21.3135,-3.43166],[-8.22078,169.164,4.10516],0.971325,1,0.26845,[[0.807736,-0.232122,-0.541924],[0.476131,0.798913,0.367474],[0.347652,-0.554849,0.755831]],51.0123,[55.151,18.2314,203.726],[-19.9952,138.164,40.3499]]],[[1030,[0.00336807,0.367601,-0.929977],103,41.7228,[-41.895,170.041,-33.7449],[-42.4244,169.995,-33.8206],[-17.4764,-39.4983,-24.9229],false,[-44.1738,142.124,38.6622],[-44.1738,142.124,38.6622],[-49.1499,160.932,3.75495],[-49.058,170.966,-21.6296],[-40.2424,168.851,-38.0265],[[[0.760378,0.439433,0.47825],[-0.635011,0.348442,0.689455],[0.136327,-0.827941,0.543993]],[[0.673807,0.686334,0.273734],[-0.72834,0.554485,0.402576],[0.12452,-0.47063,0.8735]],[[0.673807,0.686334,0.273734],[-0.7389,0.627547,0.245381],[-0.00336807,-0.367601,0.929977]],[[0.673807,0.686334,0.273734],[-0.569739,0.718473,-0.398992],[-0.470512,0.112886,0.875143]]],0],[1031,[-0.364544,-0.918462,0.153412],103,47.0795,[-45.0653,166.405,-18.4037],[-46.169,156.255,-19.2231],[-4.002,-18.589,-28.7935],false,[-29.9703,153.666,43.6787],[-26.2972,193.308,0.273947],[-37.5045,181.418,-29.9916],[-44.5585,163.646,-27.023],[-46.7651,154.073,-17.5057],[[[0.909994,-0.341606,-0.23498],[0.409903,0.655969,0.633786],[-0.0623654,-0.67306,0.736953]],[[0.903209,-0.38884,-0.181704],[0.279349,0.853992,-0.438932],[0.325848,0.345689,0.879956]],[[0.903209,-0.38884,-0.181704],[-0.226541,-0.0723244,-0.971313],[0.364544,0.918462,-0.153412]],[[0.903209,-0.38884,-0.181704],[-0.397728,-0.599145,-0.694865],[0.161324,0.699877,-0.695806]]],1],[1032,[-0.508263,-0.841068,0.18513],103,53.6433,[-42.8612,154.353,-16.8405],[-41.0901,148.058,-20.2865],[-4.12129,-16.3382,-28.9987],false,[-20.5084,151.546,41.9034],[-10.1335,186.122,-0.717345],[-26.9205,175.222,-33.7081],[-38.4913,156.075,-29.4936],[-42.0475,146.126,-18.7831],[[[0.809901,-0.536186,-0.237834],[0.556379,0.573837,0.600961],[-0.185749,-0.619045,0.763073]],[[0.80873,-0.540026,-0.233083],[0.395855,0.792826,-0.463385],[0.435034,0.282487,0.854954]],[[0.80873,-0.540026,-0.233083],[-0.296013,-0.0312528,-0.954672],[0.508263,0.841068,-0.18513]],[[0.80873,-0.540026,-0.233083],[-0.53859,-0.520659,-0.662446],[0.236381,0.661276,-0.711925]]],2],[1033,[-0.578346,-0.719784,0.383962],103,51.5794,[-36.182,142.189,-6.14039],[-32.4482,136.979,-7.91316],[-5.89427,-24.5151,-5.04244],false,[-12.059,147.119,39.5078],[3.78955,174.401,0.529953],[-15.7767,159.328,-25.3425],[-28.6029,143.365,-16.8273],[-33.2596,135.484,-4.99799],[[[0.729477,-0.663162,-0.16757],[0.606616,0.514036,0.606452],[-0.316039,-0.544044,0.777262]],[[0.726217,-0.668673,-0.159639],[0.416391,0.612612,-0.671807],[0.547016,0.421406,0.723319]],[[0.726217,-0.668673,-0.159639],[-0.37165,-0.186513,-0.909444],[0.578346,0.719784,-0.383962]],[[0.726217,-0.668673,-0.159639],[-0.612932,-0.524624,-0.590834],[0.311324,0.526921,-0.790842]]],3],[1034,[-0.695363,-0.620103,0.363239],103,40.4373,[-23.7096,140.388,-6.88478],[-18.8229,137.567,-6.65463],[-6.05702,-24.433,-1.01604],false,[-6.60275,138.111,35.1594],[14.192,160.777,0.392446],[-3.40982,152.691,-20.2499],[-14.2979,142.982,-14.5622],[-19.8518,136.071,-3.98753],[[[0.577671,-0.797428,-0.174369],[0.682371,0.354534,0.639277],[-0.447958,-0.488276,0.748946]],[[0.592233,-0.780768,-0.199152],[0.512462,0.555701,-0.65466],[0.621807,0.285653,0.729218]],[[0.592233,-0.780768,-0.199152],[-0.4071,-0.0766385,-0.910163],[0.695363,0.620103,-0.363239]],[[0.592233,-0.780768,-0.199152],[-0.698048,-0.373688,-0.610808],[0.402478,0.500758,-0.766324]]],4]],[[0,200,0],[235.247,235.247,147.751]]],[118717,6664438955,[[103,"right",[0.273733,0.689293,-0.67078],[-0.402933,-0.551082,-0.730721],[-15.0545,168.731,9.72775],[-15.5017,-28.1135,-5.0239],[-8.38292,169.154,4.23857],0.974607,1,0.27911,[[0.803298,-0.236608,-0.546561],[0.482095,0.797175,0.36345],[0.34971,-0.555453,0.754437]],51.0123,[55.426,17.9055,203.553],[-20.1651,137.969,40.4789]]],[[1030,[-0.00171381,0.361348,-0.93243],103,41.7228,[-42.1562,169.683,-33.896],[-42.9017,169.411,-33.84],[-29.6861,-46.2421,-19.0626],false,[-44.3306,142.049,38.8945],[-44.3306,142.049,38.8945],[-49.4223,160.595,3.8641],[-49.4691,170.458,-21.5874],[-40.8312,168.276,-38.0698],[[[0.765236,0.438158,0.471626],[-0.629486,0.355941,0.69069],[0.134761,-0.825423,0.548193]],[[0.678022,0.685795,0.264522],[-0.723915,0.560639,0.402033],[0.127411,-0.464079,0.876583]],[[0.678022,0.685795,0.264522],[-0.73504,0.631754,0.246177],[0.00171381,-0.361348,0.93243]],[[0.678022,0.685795,0.264522],[-0.572488,0.718413,-0.395146],[-0.461026,0.116482,0.879709]]],0],[1031,[-0.369335,-0.915731,0.158203],103,47.0795,[-45.0808,166.303,-18.4158],[-46.5575,155.886,-19.1501],[-14.786,-24.4589,-19.4129],false,[-30.0393,153.544,43.7676],[-26.383,192.907,0.108737],[-37.7875,180.973,-30.0655],[-44.9342,163.253,-27.0043],[-47.1536,153.734,-17.4364],[[[0.906898,-0.347892,-0.237713],[0.416752,0.657497,0.627706],[-0.0620777,-0.668333,0.741268]],[[0.900128,-0.394838,-0.184044],[0.282533,0.85071,-0.443247],[0.331579,0.346981,0.877302]],[[0.900128,-0.394838,-0.184044],[-0.231,-0.0744292,-0.970103],[0.369335,0.915731,-0.158203]],[[0.900128,-0.394838,-0.184044],[-0.404278,-0.599776,-0.690527],[0.162261,0.695968,-0.6995]]],1],[1032,[-0.514466,-0.836737,0.187605],103,53.6433,[-42.852,154.305,-16.8747],[-41.5303,147.745,-20.3402],[-16.3392,-20.9423,-23.5028],false,[-20.5983,151.363,41.9553],[-10.2636,185.629,-0.924548],[-27.1756,174.782,-33.8692],[-38.8876,155.734,-29.5983],[-42.4918,145.851,-18.8435],[[[0.80575,-0.541943,-0.238882],[0.56261,0.574384,0.594603],[-0.185031,-0.613499,0.767713]],[[0.804279,-0.546722,-0.232874],[0.401311,0.788724,-0.465687],[0.438275,0.281088,0.853759]],[[0.804279,-0.546722,-0.232874],[-0.297422,-0.0310809,-0.95424],[0.514466,0.836737,-0.187605]],[[0.804279,-0.546722,-0.232874],[-0.54382,-0.519168,-0.659336],[0.239572,0.656932,-0.714875]]],2],[1033,[-0.580132,-0.714337,0.39137],103,51.5794,[-36.0666,142.018,-6.18496],[-32.8717,136.574,-7.70816],[-17.301,-30.5445,2.39415],false,[-12.1856,146.876,39.5418],[3.6029,173.841,0.31947],[-16.1769,158.724,-25.3649],[-29.0427,142.882,-16.6853],[-33.6765,135.099,-4.78229],[[[0.725019,-0.668065,-0.167443],[0.612555,0.514347,0.600186],[-0.31484,-0.537714,0.782138]],[[0.721765,-0.673522,-0.159446],[0.416246,0.606442,-0.677472],[0.552986,0.422607,0.71806]],[[0.721765,-0.673522,-0.159446],[-0.377494,-0.189978,-0.906315],[0.580132,0.714337,-0.39137]],[[0.721765,-0.673522,-0.159446],[-0.61894,-0.524967,-0.584229],[0.309787,0.520363,-0.795773]]],3],[1034,[-0.697005,-0.614788,0.369079],103,40.4373,[-23.5908,140.308,-6.87147],[-19.2256,137.095,-6.55576],[-16.8697,-32.47,1.25557],false,[-6.80065,137.813,35.2186],[13.9313,160.16,0.208543],[-3.8002,152.074,-20.3225],[-14.714,142.448,-14.5433],[-20.2524,135.618,-3.90847],[[[0.572462,-0.801549,-0.172644],[0.687627,0.354637,0.633563],[-0.446606,-0.481406,0.754183]],[[0.58728,-0.78476,-0.198125],[0.51258,0.550049,-0.659324],[0.62639,0.285653,0.725285]],[[0.58728,-0.78476,-0.198125],[-0.411444,-0.0786588,-0.908035],[0.697005,0.614788,-0.369079]],[[0.58728,-0.78476,-0.198125],[-0.702861,-0.373089,-0.605632],[0.401357,0.494931,-0.770685]]],4]],[[0,200,0],[235.247,235.247,147.751]]],[118718,6664447631,[[103,"right",[0.277125,0.681488,-0.67733],[-0.419611,-0.548325,-0.723372],[-15.322,168.02,9.70109],[-19.5828,-42.4583,-4.50481],[-8.56382,169.125,4.38097],0.976622,1,0.291195,[[0.791099,-0.252449,-0.557164],[0.498922,0.793282,0.348971],[0.35389,-0.554052,0.753517]],51.0123,[55.9183,17.7369,203.542],[-20.5763,137.497,40.6665]]],[[1030,[-0.00861032,0.356714,-0.934174],103,41.7228,[-42.6202,169.263,-33.9502],[-43.7175,168.882,-33.6336],[-48.9284,-49.1341,-7.7929],false,[-44.6907,141.951,39.3261],[-44.6907,141.951,39.3261],[-49.8853,160.325,4.22006],[-50.1203,170.061,-21.279],[-41.7858,167.751,-37.8996],[[[0.777206,0.428383,0.460911],[-0.616133,0.369325,0.695686],[0.127794,-0.824674,0.550983]],[[0.690958,0.677435,0.252309],[-0.711112,0.574191,0.405738],[0.129987,-0.459768,0.878474]],[[0.690958,0.677435,0.252309],[-0.722844,0.643302,0.252307],[0.00861032,-0.356714,0.934174]],[[0.690958,0.677435,0.252309],[-0.569824,0.725171,-0.386558],[-0.444835,0.123324,0.887081]]],0],[1031,[-0.382553,-0.909113,0.164822],103,47.0795,[-45.1108,166.166,-18.4276],[-47.3425,155.561,-18.8389],[-34.9273,-27.4137,-5.01996],false,[-30.1671,153.243,43.982],[-26.374,192.323,0.0808726],[-38.2748,180.481,-29.9377],[-45.6772,162.889,-26.7484],[-47.9509,153.442,-17.1222],[[[0.898625,-0.363376,-0.245828],[0.433965,0.653987,0.619657],[-0.0644005,-0.66352,0.745382]],[[0.891699,-0.409994,-0.191776],[0.291806,0.844611,-0.448868],[0.346009,0.344293,0.872777]],[[0.891699,-0.409994,-0.191776],[-0.241922,-0.0736068,-0.9675],[0.382553,0.909113,-0.164822]],[[0.891699,-0.409994,-0.191776],[-0.421001,-0.595666,-0.684061],[0.166226,0.690715,-0.703763]]],1],[1032,[-0.527955,-0.827078,0.192888],103,53.6433,[-42.8494,154.242,-16.9163],[-42.4585,147.423,-20.1844],[-40.31,-24.667,-12.79],false,[-20.7823,150.904,42.0778],[-10.3836,184.786,-1.09116],[-27.7274,174.184,-33.8909],[-39.7464,155.356,-29.4997],[-43.4342,145.57,-18.6843],[[[0.794427,-0.555808,-0.244874],[0.578122,0.568413,0.585391],[-0.186175,-0.606617,0.772887]],[[0.792663,-0.561419,-0.237684],[0.411908,0.780596,-0.470107],[0.449463,0.274733,0.850003]],[[0.792663,-0.561419,-0.237684],[-0.304874,-0.0274087,-0.951998],[0.527955,0.827078,-0.192888]],[[0.792663,-0.561419,-0.237684],[-0.558209,-0.511588,-0.653208],[0.245127,0.650451,-0.718906]]],2],[1033,[-0.586923,-0.703065,0.401525],103,51.5794,[-35.9811,141.826,-6.21919],[-33.8279,136.069,-7.3684],[-41.8564,-38.0537,11.9519],false,[-12.4684,146.272,39.5955],[3.30842,172.786,0.0621925],[-16.9864,157.859,-25.3295],[-30.0028,142.267,-16.4247],[-34.6242,134.621,-4.42853],[[[0.712514,-0.680276,-0.171896],[0.627173,0.507623,0.590739],[-0.314607,-0.528719,0.788339]],[[0.709257,-0.685651,-0.16382],[0.418364,0.596434,-0.685009],[0.567385,0.417311,0.709877]],[[0.709257,-0.685651,-0.16382],[-0.390482,-0.188635,-0.901078],[0.586923,0.703065,-0.401525]],[[0.709257,-0.685651,-0.16382],[-0.63364,-0.518211,-0.57442],[0.308958,0.511214,-0.802001]]],3],[1034,[-0.702888,-0.602585,0.377942],103,40.4373,[-23.4879,140.201,-6.8542],[-20.1487,136.383,-6.41129],[-40.709,-45.7883,4.05933],false,[-7.27495,137.104,35.2609],[13.4183,158.944,-0.0906186],[-4.63538,151.07,-20.4225],[-15.6413,141.635,-14.5046],[-21.1748,134.931,-3.78719],[[[0.557826,-0.811357,-0.174728],[0.700085,0.346917,0.624123],[-0.445771,-0.470476,0.761538]],[[0.572992,-0.794504,-0.201108],[0.514715,0.539812,-0.666087],[0.637769,0.278149,0.71825]],[[0.572992,-0.794504,-0.201108],[-0.421461,-0.0752013,-0.903723],[0.702888,0.602585,-0.377942]],[[0.572992,-0.794504,-0.201108],[-0.71476,-0.364379,-0.596947],[0.400997,0.48579,-0.776666]]],4]],[[0,200,0],[235.247,235.247,147.751]]],[118719,6664456669,[[103,"right",[0.280655,0.672671,-0.684651],[-0.43395,-0.547321,-0.715631],[-15.5633,167.474,9.60222],[-21.5432,-47.3961,-6.27796],[-8.77005,169.076,4.53481],0.987191,1,0.306564,[[0.780236,-0.266249,-0.565988],[0.513486,0.789351,0.336538],[0.35716,-0.553206,0.752595]],51.0123,[56.2305,17.6708,203.507],[-20.971,137.248,40.8312]]],[[1030,[-0.0152152,0.351404,-0.9361],103,41.7228,[-43.247,168.82,-33.9626],[-44.4623,168.444,-33.5497],[-60.7028,-46.8604,-2.93081],false,[-45.0305,142.038,39.6757],[-45.0305,142.038,39.6757],[-50.3041,160.182,4.46251],[-50.7194,169.774,-21.0892],[-42.6827,167.357,-37.8407],[[[0.787397,0.420425,0.450831],[-0.604451,0.382997,0.698536],[0.121015,-0.822531,0.555697]],[[0.70223,0.670214,0.240179],[-0.699614,0.587079,0.407282],[0.131963,-0.454038,0.881156]],[[0.70223,0.670214,0.240179],[-0.711788,0.653703,0.256964],[0.0152152,-0.351404,0.9361]],[[0.70223,0.670214,0.240179],[-0.568229,0.730865,-0.37809],[-0.42894,0.129029,0.894071]]],0],[1031,[-0.397887,-0.902401,0.165406],103,47.0795,[-45.1609,165.989,-18.4443],[-48.026,155.416,-18.8432],[-46.315,-22.3712,-6.55716],false,[-30.3055,153.153,44.12],[-26.3544,191.865,-0.0918752],[-38.5762,180.229,-30.0619],[-46.2753,162.767,-26.8613],[-48.6673,153.371,-17.2129],[[[0.891076,-0.377938,-0.251288],[0.448868,0.652035,0.611038],[-0.0670855,-0.657277,0.750658]],[[0.883695,-0.425418,-0.1952],[0.304655,0.839383,-0.450136],[0.355344,0.338314,0.871364]],[[0.883695,-0.425418,-0.1952],[-0.246515,-0.0685004,-0.966715],[0.397887,0.902401,-0.165406]],[[0.883695,-0.425418,-0.1952],[-0.434169,-0.589207,-0.68142],[0.174875,0.686917,-0.705382]]],1],[1032,[-0.539269,-0.817712,0.201337],103,53.6433,[-42.8565,154.155,-16.9693],[-43.2678,147.122,-20.0114],[-53.8055,-27.1258,-3.63842],false,[-20.9728,150.666,42.1483],[-10.4844,184.091,-1.35363],[-28.225,173.572,-33.9669],[-40.5016,154.956,-29.3834],[-44.2566,145.295,-18.4793],[[[0.784156,-0.568845,-0.248022],[0.591471,0.564165,0.57609],[-0.187781,-0.598442,0.778849]],[[0.782191,-0.574944,-0.240033],[0.420489,0.771439,-0.477567],[0.459745,0.272618,0.845171]],[[0.782191,-0.574944,-0.240033],[-0.312035,-0.028042,-0.949657],[0.539269,0.817712,-0.201337]],[[0.782191,-0.574944,-0.240033],[-0.570857,-0.507017,-0.645799],[0.249597,0.642162,-0.724796]]],2],[1033,[-0.593195,-0.691711,0.411892],103,51.5794,[-35.9215,141.605,-6.24471],[-34.6705,135.681,-7.06953],[-55.8738,-39.5255,17.5438],false,[-12.7487,145.898,39.6246],[3.04488,171.905,-0.237577],[-17.6878,157.097,-25.3434],[-30.8433,141.756,-16.2087],[-35.4615,134.264,-4.11458],[[[0.701142,-0.691611,-0.173422],[0.639697,0.502717,0.581432],[-0.314942,-0.518604,0.794897]],[[0.697876,-0.696891,-0.165264],[0.420718,0.585619,-0.692853],[0.579625,0.413996,0.701885]],[[0.697876,-0.696891,-0.165264],[-0.401359,-0.189415,-0.896121],[0.593195,0.691711,-0.411892]],[[0.697876,-0.696891,-0.165264],[-0.646254,-0.51324,-0.564748],[0.308747,0.500926,-0.808547]]],3],[1034,[-0.708515,-0.590657,0.386175],103,40.4373,[-23.3975,140.06,-6.83215],[-20.9638,135.809,-6.29141],[-54.4105,-50.7462,5.16814],false,[-7.72628,136.626,35.3091],[12.9543,157.918,-0.382223],[-5.35972,150.202,-20.5406],[-16.4538,140.953,-14.4938],[-21.9935,134.386,-3.69553],[[[0.544579,-0.820478,-0.173926],[0.710608,0.341221,0.615308],[-0.4455,-0.458677,0.76886]],[[0.560162,-0.803551,-0.201309],[0.51735,0.529144,-0.672574],[0.646969,0.272603,0.712123]],[[0.560162,-0.803551,-0.201309],[-0.429215,-0.07369,-0.900191],[0.708515,0.590657,-0.386175]],[[0.560162,-0.803551,-0.201309],[-0.724605,-0.357526,-0.589171],[0.401456,0.4759,-0.782529]]],4]],[[0,200,0],[235.247,235.247,147.751]]],[118720,6664464968,[[103,"right",[0.284505,0.664048,-0.691445],[-0.446828,-0.546266,-0.708476],[-15.8337,166.995,9.49888],[-24.3704,-50.0478,-7.8597],[-8.97504,169.016,4.67887],0.994663,1,0.316935,[[0.769876,-0.279531,-0.573719],[0.526901,0.785637,0.324268],[0.360092,-0.551939,0.752128]],51.0123,[56.4234,17.7578,203.554],[-21.4117,137.061,40.9785]]],[[1030,[-0.0221136,0.347915,-0.937265],103,41.7228,[-43.9331,168.458,-33.951],[-45.2172,168.124,-33.501],[-71.3662,-41.6126,-0.28936],false,[-45.4121,142.171,39.972],[-45.4121,142.171,39.972],[-50.7334,160.103,4.65764],[-51.337,169.6,-20.9258],[-43.601,167.124,-37.8099],[[[0.796475,0.41274,0.441898],[-0.593811,0.396009,0.700404],[0.114089,-0.820258,0.5605]],[[0.712622,0.663017,0.2293],[-0.688795,0.599203,0.408066],[0.133157,-0.448737,0.883688]],[[0.712622,0.663017,0.2293],[-0.701199,0.662846,0.262593],[0.0221136,-0.347915,0.937265]],[[0.712622,0.663017,0.2293],[-0.56718,0.736853,-0.367907],[-0.412888,0.132125,0.901147]]],0],[1031,[-0.412562,-0.895479,0.167065],103,47.0795,[-45.227,165.797,-18.4639],[-48.6852,155.311,-18.8639],[-54.9422,-18.3885,-7.46157],false,[-30.5037,153.114,44.2267],[-26.3664,191.463,-0.283403],[-38.8624,179.988,-30.2024],[-46.8455,162.66,-26.9697],[-49.3591,153.33,-17.2892],[[[0.883903,-0.39178,-0.255389],[0.462364,0.650045,0.603043],[-0.0702461,-0.651115,0.755722]],[[0.875966,-0.440321,-0.196979],[0.317309,0.833551,-0.452226],[0.363316,0.333631,0.86988]],[[0.875966,-0.440321,-0.196979],[-0.249952,-0.0650771,-0.966069],[0.412562,0.895479,-0.167065]],[[0.875966,-0.440321,-0.196979],[-0.446,-0.583747,-0.678472],[0.18376,0.68217,-0.707726]]],1],[1032,[-0.550046,-0.808522,0.209143],103,53.6433,[-42.8757,154.053,-17.0266],[-44.0349,146.892,-19.8787],[-63.4346,-27.0888,1.65205],false,[-21.221,150.486,42.2017],[-10.6137,183.465,-1.61107],[-28.6863,173.04,-34.0719],[-41.2083,154.634,-29.3107],[-45.0305,145.101,-18.3177],[[[0.774427,-0.581184,-0.249977],[0.603488,0.559998,0.567631],[-0.189911,-0.590446,0.784415]],[[0.772252,-0.587758,-0.24118],[0.429273,0.762591,-0.48392],[0.46835,0.270176,0.841221]],[[0.772252,-0.587758,-0.24118],[-0.317924,-0.0288508,-0.947677],[0.550046,0.808522,-0.209143]],[[0.772252,-0.587758,-0.24118],[-0.582304,-0.503016,-0.638668],[0.254065,0.633653,-0.730709]]],2],[1033,[-0.599335,-0.680675,0.421283],103,51.5794,[-35.8954,141.385,-6.25922],[-35.4919,135.358,-6.80335],[-66.7941,-39.4747,21.059],false,[-13.0822,145.59,39.6492],[2.75692,171.104,-0.512456],[-18.3644,156.411,-25.3607],[-31.6561,141.315,-16.0177],[-36.2803,133.972,-3.83467],[[[0.690327,-0.702289,-0.173894],[0.650913,0.497937,0.573036],[-0.315849,-0.508772,0.800868]],[[0.687047,-0.707476,-0.16566],[0.423423,0.575102,-0.699979],[0.59049,0.410774,0.694684]],[[0.687047,-0.707476,-0.16566],[-0.410809,-0.190156,-0.891671],[0.599335,0.680675,-0.421283]],[[0.687047,-0.707476,-0.16566],[-0.657565,-0.508381,-0.556019],[0.309152,0.490944,-0.814493]]],3],[1034,[-0.