{"metadata":{"formatVersion":2,"generatedBy":"LeapJS Playback 0.2.1","frames":79,"frameRate":"76","modified":"Sun Apr 12 2015 22:27:57 GMT-0300 (E. South America Standard Time)","title":"onde"},"frames":[["id","timestamp",{"hands":[["id","type","direction","palmNormal","palmPosition","palmVelocity","stabilizedPalmPosition","pinchStrength","grabStrength","confidence","armBasis","armWidth","elbow","wrist"]]},{"pointables":[["id","direction","handId","length","stabilizedTipPosition","tipPosition","tipVelocity","tool","carpPosition","mcpPosition","pipPosition","dipPosition","btipPosition","bases","type"]]},{"interactionBox":["center","size"]}],[130786,6815829653,[[117,"right",[-0.286912,0.346571,-0.893068],[-0.951737,-0.209186,0.224582],[82.4845,162.778,24.3541],[-10.7945,-137.738,-16.185],[82.8324,168.943,25.1915],0,1,0.862421,[[0.0532417,-0.847132,-0.528709],[0.93697,0.225478,-0.266922],[0.34533,-0.481173,0.805742]],58.0909,[186.117,21.7465,263.057],[101.115,140.186,64.7256]],[119,"left",[0.0923582,0.303405,-0.948375],[0.954541,-0.298071,-0.00240035],[-133.648,150.664,24.5716],[7.93824,-160.35,-20.0397],[-133.92,158.607,26.1464],0,0.216447,0.751822,[[-0.168826,-0.866728,-0.469341],[-0.775041,0.410922,-0.480057],[-0.608941,-0.282713,0.741123]],53.4787,[-281.097,68.1403,233.475],[-143.108,132.204,65.5327]]],[[1170,[-0.803289,0.149193,-0.576601],117,47.5124,[15.5553,176.148,25.4796],[15.3447,171.872,25.5689],[-6.84578,-146.469,-6.18591],false,[89.8066,160.81,79.8553],[89.8066,160.81,79.8553],[53.2834,166.579,53.3272],[28.3143,171.216,35.4044],[11.5116,170.815,22.2614],[[[0.839128,-0.113223,-0.532019],[0.449892,0.694201,0.561856],[0.305713,-0.71082,0.633462]],[[0.595203,0.23597,-0.768148],[-0.0401847,0.963457,0.264831],[0.80257,-0.12676,0.582935]],[[0.595203,0.23597,-0.768148],[-0.0214587,0.960239,0.278352],[0.803289,-0.149193,0.576601]],[[0.595203,0.23597,-0.768148],[-0.159806,0.971578,0.174636],[0.787525,0.018811,0.615996]]],0],[1171,[-0.930482,-0.0497707,-0.362941],117,53.6124,[46.4919,205.446,-24.2214],[45.8909,199.318,-25.3085],[-18.012,-154.629,-23.2303],false,[104.775,161.197,64.2733],[75.3317,191.96,12.4547],[74.6909,204.309,-24.7091],[54.1876,203.212,-32.7065],[43.1887,197.936,-23.0214],[[[0.0592636,-0.84323,-0.534276],[0.896537,0.280327,-0.342985],[0.438987,-0.458672,0.7726]],[[0.172159,-0.933919,-0.313298],[0.984933,0.168479,0.0390025],[0.0163589,-0.315293,0.948853]],[[0.172159,-0.933919,-0.313298],[0.323365,0.354002,-0.877564],[0.930482,0.0497707,0.362941]],[[0.172159,-0.933919,-0.313298],[-0.686831,0.114184,-0.717792],[0.706133,0.338757,-0.621787]]],1],[1172,[-0.963379,0.0186814,-0.267491],117,61.087,[43.6685,187.167,-35.402],[42.8734,181.285,-35.9647],[-19.8541,-159.23,-19.569],false,[106.588,152.514,57.3931],[79.365,174.047,4.09433],[76.6128,183.084,-38.8205],[51.6379,183.569,-45.7551],[40.2769,180.465,-33.3133],[[[-0.0356843,-0.932797,-0.358632],[0.903069,0.123596,-0.411327],[0.42801,-0.338547,0.83797]],[[0.0388825,-0.977294,-0.208291],[0.997279,0.0510189,-0.0532128],[0.0626313,-0.205655,0.976618]],[[0.0388825,-0.977294,-0.208291],[0.265308,0.211064,-0.940778],[0.963379,-0.0186814,0.267491]],[[0.0388825,-0.977294,-0.208291],[-0.747476,0.10989,-0.655137],[0.66315,0.181166,-0.72623]]],2],[1173,[-0.967362,0.0299794,-0.251618],117,58.7368,[46.9165,163.684,-35.2205],[45.7961,158.451,-35.2407],[-30.543,-155.844,-6.57837],false,[106.612,142.473,52.4318],[83.2237,153.791,1.57871],[79.2862,158.41,-38.699],[54.8557,159.167,-45.0536],[43.2572,157.761,-32.6587],[[[-0.0402852,-0.979095,-0.199374],[0.911396,0.0457805,-0.408976],[0.409554,-0.198184,0.890499]],[[-0.00117903,-0.993499,-0.113839],[0.995316,0.00983856,-0.0961718],[0.0966665,-0.113419,0.988833]],[[-0.00117903,-0.993499,-0.113839],[0.253395,0.109827,-0.961108],[0.967362,-0.0299794,0.251618]],[[-0.00117903,-0.993499,-0.113839],[-0.732348,0.0783742,-0.676405],[0.680929,0.0825723,-0.72768]]],3],[1174,[-0.902458,0.260987,-0.342717],117,46.0486,[59.6822,150.822,-27.6311],[58.5284,146.039,-27.824],[-27.9428,-165.336,-5.03308],false,[101.919,130.402,51.6432],[83.5281,134.283,2.23505],[84.2165,140.545,-29.379],[68.1248,145.199,-35.4899],[56.0305,145.735,-25.4713],[[[-0.142644,-0.989467,-0.0246346],[0.926614,-0.124752,-0.354717],[0.347907,-0.0734251,0.934649]],[[-0.203636,-0.959535,-0.194487],[0.978814,-0.203863,-0.019065],[-0.0213551,-0.194249,0.98072]],[[-0.203636,-0.959535,-0.194487],[0.379608,0.105727,-0.919086],[0.902458,-0.260987,0.342717]],[[-0.203636,-0.959535,-0.194487],[-0.605127,0.279516,-0.745447],[0.769645,-0.0341104,-0.63756]]],4],[1190,[0.654769,0.0960078,-0.749707],119,43.7401,[-71.7926,160.83,12.5412],[-71.83,160.534,12.4955],[10.8656,-174.816,-18.8394],false,[-127.94,150.285,75.8226],[-127.94,150.285,75.8226],[-99.9772,158.664,45.7721],[-81.2405,161.412,24.3188],[-68.9624,160.501,9.01417],[[[-0.949789,-0.0383796,-0.310529],[-0.234841,0.743265,0.626424],[-0.206763,-0.667896,0.714958]],[[-0.740418,0.280759,-0.610701],[0.079246,0.93871,0.335476],[-0.667459,-0.199997,0.717286]],[[-0.740418,0.280759,-0.610701],[0.151855,0.954964,0.254918],[-0.654769,-0.0960078,0.749707]],[[-0.740418,0.280759,-0.610701],[0.247063,0.958659,0.141185],[-0.625093,0.0463457,0.779173]]],0],[1191,[0.375209,0.0915291,-0.92241],119,49.3558,[-116.795,193.378,-48.2302],[-115.95,187.316,-49.212],[20.2269,-181.829,-26.4238],false,[-144.694,151.775,65.1982],[-127.486,176.588,11.34],[-131.61,186.487,-23.0856],[-123.999,188.344,-41.7973],[-113.573,187.002,-51.5501],[[[-0.26388,-0.841251,-0.471874],[-0.923415,0.361683,-0.128412],[-0.278696,-0.40185,0.872265]],[[-0.328161,-0.917549,-0.224533],[-0.93767,0.287625,0.195058],[0.114394,-0.274548,0.954745]],[[-0.328161,-0.917549,-0.224533],[-0.866908,0.386946,-0.314236],[-0.375209,-0.0915291,0.92241]],[[-0.328161,-0.917549,-0.224533],[-0.603036,0.386448,-0.697858],[-0.727089,0.0936084,0.680131]]],1],[1192,[0.543095,0.26017,-0.798348],119,56.237,[-110.519,189.097,-56.0301],[-109.497,182.603,-56.964],[9.43637,-182.012,-26.0861],false,[-148.573,143.891,59.7595],[-134.446,160.427,5.39391],[-133.528,175.862,-31.9881],[-120.567,182.071,-51.0415],[-106.93,183.505,-58.8341],[[[-0.137795,-0.937057,-0.320838],[-0.960628,0.205342,-0.187158],[-0.241259,-0.282416,0.928458]],[[-0.121589,-0.916398,-0.381354],[-0.992321,0.121008,0.0256027],[-0.0226846,-0.381539,0.924074]],[[-0.121589,-0.916398,-0.381354],[-0.830821,0.304182,-0.466057],[-0.543095,-0.26017,0.798348]],[[-0.121589,-0.916398,-0.381354],[-0.487442,0.389813,-0.781311],[-0.864648,-0.0908894,0.494087]]],2],[1193,[0.56744,0.023421,-0.823081],119,54.0733,[-115.648,152.221,-56.6409],[-115.017,145.958,-57.287],[15.3069,-188.655,-17.2688],false,[-150.547,134.626,55.687],[-140.145,142.184,4.71132],[-138.913,145.998,-32.5725],[-125.72,146.542,-51.7088],[-111.892,145.767,-59.0628],[[[-0.0989855,-0.981199,-0.165682],[-0.975219,0.128761,-0.17991],[-0.197861,-0.143768,0.96963]],[[-0.111159,-0.988266,-0.104755],[-0.99326,0.113962,-0.0211483],[-0.0328383,-0.101698,0.994273]],[[-0.111159,-0.988266,-0.104755],[-0.815877,0.150935,-0.558179],[-0.56744,-0.023421,0.823081]],[[-0.111159,-0.988266,-0.104755],[-0.458286,0.144506,-0.876979],[-0.881827,0.0494759,0.468971]]],3],[1194,[0.446488,0.264557,-0.854785],119,42.3925,[-128.23,145.831,-41.7837],[-127.603,138.793,-42.5812],[8.49675,-182.627,-19.5295],false,[-147.567,123.134,54.371],[-141.912,124.351,6.05036],[-144.241,131.972,-22.5359],[-136.912,136.314,-36.5674],[-125.395,139.368,-44.7722],[[[0.0412839,-0.998941,-0.0203258],[-0.992367,-0.0386293,-0.117113],[-0.116204,-0.0250055,0.992911]],[[0.0684119,-0.962589,-0.262188],[-0.994564,-0.0864819,0.0579984],[0.0785031,-0.256795,0.963272]],[[0.0684119,-0.962589,-0.262188],[-0.892171,0.0585863,-0.447883],[-0.446488,-0.264557,0.854785]],[[0.0684119,-0.962589,-0.262188],[-0.601284,0.169927,-0.780758],[-0.796101,-0.211063,0.567164]]],4]],[[0,200,0],[235.247,235.247,147.751]]],[130787,6815847003,[[117,"right",[-0.289318,0.343744,-0.893384],[-0.952041,-0.200411,0.231202],[82.3055,159.561,23.9697],[-10.5743,-159.761,-18.9396],[82.6807,166.242,24.8399],0,1,0.828447,[[0.0462642,-0.85489,-0.516743],[0.936205,0.217524,-0.276049],[0.348396,-0.471006,0.810416]],58.0909,[186.747,21.1148,263.845],[100.99,137.052,64.3629]],[119,"left",[0.0997652,0.294002,-0.950584],[0.953887,-0.300078,0.00730204],[-133.513,147.866,24.2777],[7.87983,-160.778,-18.6092],[-133.8,155.436,25.5946],0,0.218459,0.759063,[[-0.172877,-0.871943,-0.45807],[-0.776296,0.40686,-0.481487],[-0.606199,-0.27236,0.747223]],53.4787,[-280.671,68.1059,234.671],[-143.304,129.824,65.3469]]],[[1170,[-0.805284,0.146255,-0.574567],117,47.5124,[15.4598,173.161,25.3607],[15.2657,168.892,25.4389],[-5.94762,-159.169,-6.88217],false,[89.931,157.85,79.4386],[89.931,157.85,79.4386],[53.3048,163.704,53.0717],[28.2737,168.25,35.2121],[11.4134,167.78,22.1455],[[[0.835142,-0.122843,-0.536141],[0.458543,0.693817,0.555299],[0.303769,-0.709597,0.635764]],[[0.592636,0.226884,-0.772855],[-0.0320329,0.965388,0.258842],[0.804833,-0.128643,0.579392]],[[0.592636,0.226884,-0.772855],[-0.0173265,0.962877,0.269382],[0.805284,-0.146255,0.574567]],[[0.592636,0.226884,-0.772855],[-0.15597,0.973673,0.166238],[0.790225,0.0220232,0.612421]]],0],[1171,[-0.932927,-0.044613,-0.357292],117,53.6124,[46.1668,202.203,-24.7014],[45.7104,196.098,-25.6909],[-14.5018,-168.876,-22.6495],false,[104.812,158.03,63.7695],[75.3133,188.73,11.9446],[74.5527,200.867,-25.2865],[53.9955,199.884,-33.1595],[43.0117,194.75,-23.3812],[[[0.049579,-0.846689,-0.529772],[0.896719,0.271311,-0.349693],[0.439814,-0.45772,0.772694]],[[0.16308,-0.937036,-0.308817],[0.986422,0.161017,0.0323403],[0.0194206,-0.309897,0.950572]],[[0.16308,-0.937036,-0.308817],[0.321019,0.346371,-0.881462],[0.932927,0.044613,0.357292]],[[0.16308,-0.937036,-0.308817],[-0.690035,0.11539,-0.714519],[0.705164,0.329618,-0.62777]]],1],[1172,[-0.963606,0.0251507,-0.266142],117,61.087,[43.2712,183.759,-35.8426],[42.5484,178.027,-36.3389],[-18.6319,-172.259,-21.7573],false,[106.518,149.295,56.9288],[79.158,170.739,3.66393],[76.3339,179.53,-39.2973],[51.3531,180.182,-46.1968],[39.9743,177.253,-33.7292],[[[-0.0450564,-0.934508,-0.35308],[0.90163,0.114147,-0.417173],[0.430155,-0.337144,0.837437]],[[0.030324,-0.978855,-0.202295],[0.997472,0.0426477,-0.0568409],[0.0642665,-0.20006,0.977674]],[[0.030324,-0.978855,-0.202295],[0.265602,0.203004,-0.942468],[0.963606,-0.0251507,0.266142]],[[0.030324,-0.978855,-0.202295],[-0.746946,0.112295,-0.655334],[0.664193,0.170976,-0.727746]]],2],[1173,[-0.968213,0.0371491,-0.247353],117,58.7368,[46.3049,160.312,-35.4057],[45.2206,155.213,-35.4298],[-32.5028,-168.928,-8.70098],false,[106.434,139.226,52.025],[82.8433,150.438,1.24227],[78.6867,154.913,-39.0298],[54.2347,155.851,-45.2767],[42.6588,154.601,-32.8439],[[[-0.0491042,-0.979864,-0.193536],[0.90936,0.0362833,-0.414425],[0.413102,-0.196344,0.889267]],[[-0.0101917,-0.993947,-0.109384],[0.994728,0.00108567,-0.102547],[0.102045,-0.109853,0.988696]],[[-0.0101917,-0.993947,-0.109384],[0.24992,0.103386,-0.962731],[0.968213,-0.0371491,0.247353]],[[-0.0101917,-0.993947,-0.109384],[-0.73351,0.0817767,-0.674741],[0.679602,0.0733578,-0.729904]]],3],[1174,[-0.902151,0.264674,-0.340692],117,46.0486,[59.0525,147.129,-27.7808],[57.94,142.637,-28.0054],[-31.0389,-179.942,-8.16731],false,[101.643,127.188,51.3322],[82.9985,130.933,2.00847],[83.5706,136.93,-29.6592],[67.4844,141.649,-35.7341],[55.441,142.356,-25.6648],[[[-0.150535,-0.988438,-0.0181588],[0.923552,-0.134053,-0.359278],[0.35269,-0.0708546,0.933054]],[[-0.211465,-0.959614,-0.185538],[0.977224,-0.211032,-0.0223077],[-0.0177477,-0.186029,0.982384]],[[-0.211465,-0.959614,-0.185538],[0.37604,0.0953389,-0.921686],[0.902151,-0.264674,0.340692]],[[-0.211465,-0.959614,-0.185538],[-0.606551,0.277699,-0.744969],[0.766406,-0.0449964,-0.640779]]],4],[1190,[0.660312,0.0874386,-0.745884],119,43.7401,[-71.5463,157.681,12.5863],[-71.5887,157.489,12.549],[12.2667,-175.125,-8.75686],false,[-128.171,147.972,75.5694],[-128.171,147.972,75.5694],[-99.976,156.002,45.6402],[-81.0807,158.504,24.2962],[-68.6969,157.416,9.08876],[[[-0.947634,-0.0393996,-0.316918],[-0.237687,0.749793,0.617507],[-0.213293,-0.660498,0.719895]],[[-0.735438,0.276377,-0.618665],[0.0788687,0.941744,0.326952],[-0.672986,-0.19166,0.714392]],[[-0.735438,0.276377,-0.618665],[0.15205,0.957063,0.246801],[-0.660312,-0.0874386,0.745884]],[[-0.735438,0.276377,-0.618665],[0.248254,0.959451,0.133505],[-0.630477,0.0554016,0.774229]]],0],[1191,[0.382014,0.0816909,-0.920539],119,49.3558,[-116.123,189.164,-48.9207],[-115.229,183.764,-49.7205],[29.8034,-192.402,-27.5226],false,[-144.845,149.394,64.8117],[-127.2,173.647,10.8401],[-131.097,183.23,-23.7013],[-123.348,184.887,-42.3751],[-112.844,183.421,-52.0265],[[[-0.262333,-0.845232,-0.46558],[-0.921693,0.362353,-0.138499],[-0.285768,-0.39279,0.874101]],[[-0.328554,-0.919006,-0.217901],[-0.938282,0.291191,0.186643],[0.108075,-0.265775,0.957958]],[[-0.328554,-0.919006,-0.217901],[-0.863781,0.385688,-0.324233],[-0.382014,-0.0816909,0.920539]],[[-0.328554,-0.919006,-0.217901],[-0.596265,0.380746,-0.706753],[-0.732476,0.10228,0.673066]]],1],[1192,[0.548889,0.251276,-0.797234],119,56.237,[-110.003,184.819,-56.6761],[-108.791,178.986,-57.391],[23.7128,-194.925,-25.5601],false,[-148.702,141.465,59.422],[-134.153,157.445,5.00119],[-133.017,172.518,-32.5221],[-119.917,178.514,-51.5489],[-106.214,179.835,-59.2446],[[[-0.137533,-0.939833,-0.312728],[-0.958825,0.205529,-0.195993],[-0.248475,-0.272895,0.929402]],[[-0.120898,-0.919856,-0.373162],[-0.992268,0.122617,0.0192226],[-0.028074,-0.3726,0.927567]],[[-0.120898,-0.919856,-0.373162],[-0.827106,0.301208,-0.47452],[-0.548889,-0.251276,0.797234]],[[-0.120898,-0.919856,-0.373162],[-0.480091,0.383212,-0.789089],[-0.868848,-0.0837523,0.487944]]],2],[1193,[0.5736,0.0130796,-0.819031],119,54.0733,[-115.041,147.668,-57.026],[-114.281,142.273,-57.4027],[28.3905,-200.469,-12.3509],false,[-150.667,132.166,55.4254],[-139.886,139.208,4.45455],[-138.334,142.606,-32.8574],[-124.998,142.91,-51.8996],[-111.124,142.024,-59.1548],[[[-0.0999252,-0.98255,-0.156879],[-0.973633,0.129053,-0.188108],[-0.205071,-0.133946,0.969538]],[[-0.112788,-0.989088,-0.0947855],[-0.992757,0.11615,-0.0307123],[-0.0413865,-0.090635,0.995024]],[[-0.112788,-0.989088,-0.0947855],[-0.811334,0.146746,-0.565865],[-0.5736,-0.0130796,0.819031]],[[-0.112788,-0.989088,-0.0947855],[-0.452263,0.136043,-0.881448],[-0.884724,0.0565492,0.462672]]],3],[1194,[0.452769,0.253514,-0.854828],119,42.3925,[-127.921,141.519,-42.2959],[-127.041,135.264,-42.7511],[20.0847,-193.122,-15.1235],false,[-147.703,120.655,54.242],[-141.701,121.392,5.95351],[-143.805,128.683,-22.7361],[-136.373,132.844,-36.7683],[-124.799,135.777,-44.9371],[[[0.0392668,-0.999175,-0.0103596],[-0.991589,-0.0376849,-0.123818],[-0.123325,-0.0151344,0.992251]],[[0.067971,-0.965751,-0.250409],[-0.995165,-0.083466,0.0517755],[0.0709029,-0.245679,0.966755]],[[0.067971,-0.965751,-0.250409],[-0.889033,0.0552737,-0.454494],[-0.452769,-0.253514,0.854828]],[[0.067971,-0.965751,-0.250409],[-0.596098,0.161953,-0.786409],[-0.80003,-0.202721,0.564674]]],4]],[[0,200,0],[235.247,235.247,147.751]]],[130788,6815863749,[[117,"right",[-0.292352,0.342229,-0.892978],[-0.951408,-0.198515,0.235402],[82.5561,156.706,23.6579],[0.911574,-164.571,-18.795],[82.6405,163.164,24.4584],0,1,0.824635,[[0.0462751,-0.85985,-0.508445],[0.936394,0.214599,-0.277693],[0.347886,-0.463255,0.815089]],58.0909,[186.999,20.2286,264.658],[101.368,134.258,64.0257]],[119,"left",[0.0986489,0.287063,-0.952819],[0.952742,-0.303695,0.00714434],[-133.005,145.101,23.9559],[17.9582,-162.735,-18.8822],[-133.539,152.039,25.0561],0,0.222824,0.760008,[[-0.178856,-0.875282,-0.449324],[-0.775033,0.406667,-0.483679],[-0.606081,-0.261732,0.751107]],53.4787,[-280.11,68.0702,235.376],[-142.769,127.38,65.1713]]],[[1170,[-0.807184,0.140908,-0.573236],117,47.5124,[15.5083,169.898,25.2233],[15.5557,165.882,25.304],[4.5707,-169.096,-7.54341],false,[90.3987,155.105,79.0998],[90.3987,155.105,79.0998],[53.6805,160.93,52.8548],[28.5904,165.31,35.0366],[11.6981,164.717,22.0162],[[[0.832833,-0.125228,-0.539173],[0.461748,0.694347,0.55197],[0.305251,-0.708661,0.636099]],[[0.589986,0.224252,-0.775646],[-0.0300385,0.966087,0.256463],[0.806854,-0.12801,0.576714]],[[0.589986,0.224252,-0.775646],[-0.0192549,0.96429,0.264146],[0.807184,-0.140908,0.573236]],[[0.589986,0.224252,-0.775646],[-0.158406,0.974135,0.161148],[0.791722,0.0277918,0.610249]]],0],[1171,[-0.934409,-0.0441233,-0.353459],117,53.6124,[45.9705,198.763,-25.1409],[45.8141,193.184,-25.9361],[-5.17238,-171.204,-19.0422],false,[105.218,155.229,63.3715],[75.5589,185.859,11.5972],[74.6656,197.913,-25.6583],[54.0757,196.94,-33.4469],[43.1235,191.844,-23.6135],[[[0.0462482,-0.847908,-0.528122],[0.895722,0.269238,-0.353827],[0.442204,-0.456687,0.771941]],[[0.160541,-0.937967,-0.307318],[0.986766,0.159714,0.0280139],[0.0228069,-0.307748,0.951195]],[[0.160541,-0.937967,-0.307318],[0.317973,0.343905,-0.883528],[0.934409,0.0441233,0.353459]],[[0.160541,-0.937967,-0.307318],[-0.692694,0.114736,-0.712047],[0.703137,0.327189,-0.631305]]],1],[1172,[-0.964199,0.0261003,-0.263891],117,61.087,[43.015,180.246,-36.2483],[42.5913,175.094,-36.582],[-9.15937,-173.504,-18.8969],false,[106.884,146.476,56.5432],[79.3445,167.845,3.34051],[76.38,176.535,-39.6317],[51.3838,177.212,-46.4729],[40.018,174.333,-33.9816],[[[-0.0478145,-0.935204,-0.350866],[0.900136,0.111922,-0.420985],[0.432976,-0.335956,0.83646]],[[0.0282305,-0.979386,-0.200015],[0.997322,0.041101,-0.06049],[0.0674639,-0.197772,0.977924]],[[0.0282305,-0.979386,-0.200015],[0.263672,0.200304,-0.943587],[0.964199,-0.0261003,0.263891]],[[0.0282305,-0.979386,-0.200015],[-0.747707,0.112112,-0.654496],[0.663428,0.168029,-0.729129]]],2],[1173,[-0.968821,0.0390893,-0.244659],117,58.7368,[45.8826,156.899,-35.6111],[45.2058,152.319,-35.6253],[-18.9645,-169.49,-10.164],false,[106.766,136.397,51.6617],[82.9906,147.533,0.948433],[78.655,151.984,-39.3074],[54.1876,152.971,-45.4862],[42.6207,151.76,-33.0413],[[[-0.0512964,-0.980208,-0.191209],[0.907764,0.034053,-0.418098],[0.416334,-0.195019,0.88805]],[[-0.0126983,-0.994012,-0.10853],[0.994238,-0.000997585,-0.107192],[0.106442,-0.109266,0.988297]],[[-0.0126983,-0.994012,-0.10853],[0.247437,0.102039,-0.963516],[0.968821,-0.0390893,0.244659]],[[-0.0126983,-0.994012,-0.10853],[-0.733961,0.0829773,-0.674104],[0.679073,0.0710967,-0.73062]]],3],[1174,[-0.902776,0.263767,-0.33974],117,46.0486,[58.6837,143.475,-27.9854],[57.9855,139.625,-28.223],[-16.0603,-180.287,-11.0963],false,[101.954,124.364,51.014],[83.1205,128.03,1.75642],[83.6005,133.873,-29.9415],[67.5031,138.576,-35.9994],[55.4847,139.344,-25.9048],[[[-0.152044,-0.988253,-0.0154137],[0.921926,-0.136184,-0.362637],[0.356278,-0.0693473,0.931803]],[[-0.212755,-0.960338,-0.180242],[0.976992,-0.211891,-0.024263],[-0.0148909,-0.181257,0.983323]],[[-0.212755,-0.960338,-0.180242],[0.373807,0.0904361,-0.923087],[0.902775,-0.263767,0.33974]],[[-0.212755,-0.960338,-0.180242],[-0.608104,0.274524,-0.74488],[0.764817,-0.0488718,-0.642391]]],4],[1190,[0.658901,0.0798638,-0.747978],119,43.7401,[-71.0303,154.592,12.0556],[-71.0727,154.406,12.0175],[20.6222,-179.192,-19.1224],false,[-127.542,145.54,75.2331],[-127.542,145.54,75.2331],[-99.3872,153.256,45.1841],[-80.5323,155.541,23.7802],[-68.1898,154.295,8.55115],[[[-0.948524,-0.0379276,-0.314426],[-0.233349,0.754938,0.612876],[-0.214127,-0.654699,0.724927]],[[-0.735827,0.274947,-0.61884],[0.0832295,0.943654,0.320297],[-0.672035,-0.184177,0.71725]],[[-0.735827,0.274947,-0.61884],[0.156231,0.958137,0.239929],[-0.658901,-0.0798638,0.747978]],[[-0.735827,0.274947,-0.61884],[0.252416,0.959366,0.126107],[-0.628367,0.0634119,0.775328]]],0],[1191,[0.378066,0.0744335,-0.922782],119,49.3558,[-115.589,185.03,-49.6216],[-114.889,180.446,-50.3214],[23.4395,-194.515,-30.9987],false,[-144.236,146.952,64.5048],[-126.626,170.764,10.3262],[-130.737,180.165,-24.2405],[-123.067,181.675,-42.9597],[-112.587,180.094,-52.6186],[[[-0.266673,-0.8474,-0.459129],[-0.92062,0.364941,-0.138842],[-0.28521,-0.385657,0.877453]],[[-0.332666,-0.919264,-0.210444],[-0.936127,0.294919,0.191543],[0.114014,-0.260722,0.958658]],[[-0.332666,-0.919264,-0.210444],[-0.863944,0.38654,-0.322781],[-0.378066,-0.0744335,0.922782]],[[-0.332666,-0.919264,-0.210444],[-0.595993,0.377879,-0.70852],[-0.730839,0.110278,0.673582]]],1],[1192,[0.547028,0.243748,-0.800841],119,56.237,[-109.545,180.581,-57.3585],[-108.468,175.59,-57.9921],[21.2035,-199.158,-30.2773],false,[-148.136,139.001,59.1789],[-133.654,154.549,4.61536],[-132.663,169.363,-33.0151],[-119.608,175.18,-52.128],[-105.912,176.387,-59.8557],[[[-0.141878,-0.941427,-0.305919],[-0.958489,0.207869,-0.195167],[-0.247326,-0.26553,0.931839]],[[-0.12538,-0.922021,-0.366274],[-0.991806,0.125603,0.0233258],[-0.0244983,-0.366198,0.930215]],[[-0.12538,-0.922021,-0.366274],[-0.827671,0.300772,-0.473811],[-0.547028,-0.243748,0.800841]],[[-0.12538,-0.922021,-0.366274],[-0.479809,0.379494,-0.791055],[-0.868368,-0.0765594,0.489975]]],2],[1193,[0.571781,0.00372102,-0.820398],119,54.0733,[-114.515,143.17,-57.4254],[-113.972,138.802,-57.7376],[24.2628,-204.639,-15.787],false,[-150.146,129.682,55.2511],[-139.458,136.331,4.20785],[-137.95,139.403,-33.1342],[-124.656,139.489,-52.2082],[-110.809,138.484,-59.4974],[[[-0.104066,-0.983214,-0.149868],[-0.973572,0.131507,-0.18672],[-0.203294,-0.126476,0.970915]],[[-0.117125,-0.989376,-0.0861183],[-0.992302,0.120101,-0.0302088],[-0.0402308,-0.0819171,0.995827]],[[-0.117125,-0.989376,-0.0861183],[-0.812003,0.14533,-0.56527],[-0.571781,-0.00372102,0.820398]],[[-0.117125,-0.989376,-0.0861183],[-0.454384,0.130493,-0.881196],[-0.883072,0.0640792,0.464841]]],3],[1194,[0.452075,0.243811,-0.858012],119,42.3925,[-127.566,137.128,-42.7623],[-126.742,131.935,-43.0323],[19.9196,-196.616,-15.7452],false,[-147.229,118.152,54.1402],[-141.338,118.533,5.83383],[-143.456,125.572,-22.9176],[-136.036,129.574,-37.002],[-124.471,132.385,-45.2263],[[[0.0354066,-0.999367,-0.00356245],[-0.992016,-0.034714,-0.12124],[-0.12104,-0.00782671,0.992617]],[[0.0634256,-0.96827,-0.241724],[-0.995431,-0.0787019,0.0540652],[0.0713738,-0.237191,0.968838]],[[0.0634256,-0.96827,-0.241724],[-0.889722,0.0548574,-0.453194],[-0.452075,-0.243811,0.858012]],[[0.0634256,-0.96827,-0.241724],[-0.597429,0.157179,-0.786367],[-0.79941,-0.194289,0.568503]]],4]],[[0,200,0],[235.247,235.247,147.751]]],[130789,6815881252,[[117,"right",[-0.295205,0.333788,-0.895231],[-0.950743,-0.195356,0.240672],[82.667,153.641,22.9323],[3.42961,-169.465,-29.3183],[82.6505,159.577,23.8835],0,1,0.809388,[[0.0454817,-0.867239,-0.49581],[0.935291,0.211331,-0.28385],[0.350946,-0.450816,0.820733]],58.0909,[187.986,20.6023,265.472],[101.601,131.57,63.4502]],[119,"left",[0.0808056,0.295797,-0.951827],[0.959447,-0.281823,-0.00612902],[-132.112,139.931,24.63],[33.3156,-224.322,7.76883],[-132.915,146.741,24.8697],0,0.225992,0.76088,[[-0.17946,-0.887264,-0.42492],[-0.768223,0.396203,-0.502849],[-0.614514,-0.236192,0.752719]],53.4787,[-280.233,68.1856,236.398],[-140.981,121.708,65.8286]]],[[1170,[-0.808992,0.132913,-0.572596],117,47.5124,[15.6015,166.255,24.8597],[15.69,162.751,24.6884],[6.00226,-173.478,-20.0417],false,[90.7038,152.572,78.3592],[90.7038,152.572,78.3592],[53.8993,158.181,52.1879],[28.753,162.312,34.3896],[11.8235,161.554,21.4262],[[[0.830815,-0.131219,-0.540858],[0.464296,0.699268,0.543557],[0.306879,-0.702714,0.641887]],[[0.587476,0.216124,-0.779848],[-0.0281808,0.968556,0.247193],[0.808751,-0.123243,0.575094]],[[0.587476,0.216124,-0.779848],[-0.0201002,0.967277,0.252926],[0.808992,-0.132913,0.572596]],[[0.587476,0.216124,-0.779848],[-0.159007,0.97572,0.150624],[0.793466,0.0355129,0.607577]]],0],[1171,[-0.935699,-0.046818,-0.349679],117,53.6124,[45.8128,194.739,-25.8707],[45.778,189.662,-26.884],[-3.70224,-185.135,-35.3084],false,[105.467,152.53,62.5784],[75.6525,182.682,10.6131],[74.6353,194.368,-26.7559],[54.0171,193.337,-34.4612],[43.0954,188.347,-24.5396],[[[0.0436477,-0.853048,-0.520004],[0.894701,0.264974,-0.359582],[0.444529,-0.449553,0.774788]],[[0.158689,-0.941082,-0.298634],[0.986987,0.15916,0.0229101],[0.0259702,-0.298383,0.954093]],[[0.158689,-0.941082,-0.298634],[0.315095,0.334922,-0.887999],[0.935699,0.046818,0.349679]],[[0.158689,-0.941082,-0.298634],[-0.695107,0.108314,-0.7107],[0.701173,0.320363,-0.636965]]],1],[1172,[-0.964507,0.0245235,-0.262916],117,61.087,[42.8059,176.14,-36.922],[42.5191,171.468,-37.4104],[-6.74308,-189.135,-32.6798],false,[107.102,143.71,55.8297],[79.3933,164.584,2.51887],[76.3194,172.841,-40.5311],[51.3152,173.477,-47.347],[39.9486,170.74,-34.8247],[[[-0.0498646,-0.93853,-0.341576],[0.898742,0.107008,-0.425221],[0.435634,-0.328192,0.83816]],[[0.0268811,-0.981386,-0.190152],[0.997188,0.0396373,-0.0636018],[0.0699551,-0.187908,0.979692]],[[0.0268811,-0.981386,-0.190152],[0.262685,0.190471,-0.945895],[0.964507,-0.0245235,0.262916]],[[0.0268811,-0.981386,-0.190152],[-0.747714,0.106514,-0.655423],[0.663477,0.159798,-0.730933]]],2],[1173,[-0.969682,0.0385536,-0.24131],117,58.7368,[45.5202,152.925,-36.0038],[45.0704,148.747,-36.1801],[-14.5011,-184.49,-19.6819],false,[106.958,133.583,51.047],[83.0134,144.248,0.311771],[78.4905,148.371,-39.9583],[54.0014,149.345,-46.0526],[42.4637,148.257,-33.5691],[[[-0.0528221,-0.981975,-0.181478],[0.906311,0.029164,-0.421603],[0.419296,-0.186745,0.888435]],[[-0.014612,-0.994857,-0.100229],[0.993709,-0.00331668,-0.111947],[0.111039,-0.101235,0.988646]],[[-0.014612,-0.994857,-0.100229],[0.243933,0.0936646,-0.965258],[0.969682,-0.0385536,0.24131]],[[-0.014612,-0.994857,-0.100229],[-0.735514,0.0785994,-0.672935],[0.677352,0.0638872,-0.73288]]],3],[1174,[-0.903394,0.260282,-0.340782],117,46.0486,[58.4133,139.353,-28.384],[57.9121,136.021,-28.7281],[-10.8395,-192.241,-19.8498],false,[102.134,121.549,50.5334],[83.1291,124.753,1.30908],[83.5137,130.232,-30.4552],[67.4053,134.873,-36.5316],[55.4045,135.767,-26.4266],[[[-0.152956,-0.988219,-0.00525905],[0.920522,-0.140538,-0.364538],[0.359505,-0.0605994,0.931174]],[[-0.213659,-0.962258,-0.168553],[0.976835,-0.212546,-0.0248332],[-0.0119294,-0.169955,0.98538]],[[-0.213659,-0.962258,-0.168553],[0.371791,0.0794589,-0.924909],[0.903394,-0.260282,0.340782]],[[-0.213659,-0.962258,-0.168553],[-0.60919,0.266119,-0.74704],[0.7637,-0.0569308,-0.643056]]],4],[1190,[0.648057,0.100248,-0.754965],119,43.7401,[-70.5165,150.906,12.0745],[-70.5545,150.731,12.0383],[24.6567,-193.664,-9.69304],false,[-126.055,140.142,75.8418],[-126.055,140.142,75.8418],[-98.44,148.709,45.5235],[-79.8955,151.578,23.9197],[-67.7138,150.698,8.53641],[[[-0.951059,-0.0574909,-0.303615],[-0.243271,0.745158,0.620934],[-0.190543,-0.664406,0.722674]],[[-0.749163,0.262272,-0.60825],[0.0654226,0.94308,0.326068],[-0.659147,-0.204485,0.723679]],[[-0.749163,0.262272,-0.60825],[0.13703,0.959773,0.245069],[-0.648057,-0.100248,0.754965]],[[-0.749163,0.262272,-0.60825],[0.232657,0.963953,0.129091],[-0.620182,0.0448034,0.783178]]],0],[1191,[0.364668,0.089827,-0.926795],119,49.3558,[-115.758,180.124,-49.6357],[-115.751,176.213,-49.5854],[-11.1571,-216.191,3.29976],false,[-142.902,141.245,65.3191],[-126.482,165.827,11.1106],[-131.305,175.399,-23.3168],[-123.907,177.221,-42.1174],[-113.497,175.942,-51.8958],[[[-0.252659,-0.85011,-0.462036],[-0.930289,0.344694,-0.125493],[-0.265944,-0.39812,0.877938]],[[-0.314029,-0.925159,-0.21323],[-0.939943,0.271311,0.207119],[0.133767,-0.265466,0.954796]],[[-0.314029,-0.925159,-0.21323],[-0.876586,0.368799,-0.309167],[-0.364668,-0.089827,0.926795]],[[-0.314029,-0.925159,-0.21323],[-0.611853,0.36894,-0.699657],[-0.725962,0.0892471,0.681919]]],1],[1192,[0.531018,0.261508,-0.805998],119,56.237,[-109.778,175.724,-57.4224],[-109.339,171.548,-57.3919],[-12.321,-215.126,-0.110315],false,[-146.683,133.244,59.9824],[-133.205,149.494,5.36632],[-133.081,164.575,-32.1711],[-120.407,170.816,-51.4071],[-106.833,172.382,-59.2825],[[[-0.123948,-0.942304,-0.310966],[-0.965224,0.187186,-0.182494],[-0.230173,-0.277533,0.932736]],[[-0.108739,-0.922293,-0.37088],[-0.994066,0.102043,0.0376939],[-0.00308093,-0.372778,0.927915]],[[-0.108739,-0.922293,-0.37088],[-0.840354,0.284588,-0.461318],[-0.531019,-0.261508,0.805998]],[[-0.108739,-0.922293,-0.37088],[-0.497378,0.373512,-0.78301],[-0.860692,-0.099324,0.499343]]],2],[1193,[0.562191,0.0206517,-0.826749],119,54.0733,[-114.128,138.014,-57.4195],[-113.865,134.545,-57.3318],[16.6034,-223.751,2.30298],false,[-148.525,123.908,56.0117],[-138.596,131.151,4.89626],[-137.533,134.437,-32.443],[-124.463,134.917,-51.6646],[-110.69,134.263,-59.1331],[[[-0.0833507,-0.984286,-0.155669],[-0.978458,0.110442,-0.174418],[-0.18887,-0.137778,0.972289]],[[-0.0958603,-0.991322,-0.0899478],[-0.994991,0.0980022,-0.0196966],[-0.0283408,-0.0876092,0.995752]],[[-0.0958603,-0.991322,-0.0899478],[-0.821433,0.12982,-0.555333],[-0.562191,-0.0206517,0.826749]],[[-0.0958603,-0.991322,-0.0899478],[-0.468387,0.124657,-0.874685],[-0.878308,0.0417172,0.476272]]],3],[1194,[0.43545,0.257383,-0.862634],119,42.3925,[-127.11,131.59,-42.8316],[-126.367,127.273,-42.5786],[21.214,-230.272,3.39954],false,[-145.359,112.456,54.7845],[-140.05,113.304,6.41677],[-142.643,120.409,-22.2794],[-135.495,124.634,-36.4398],[-124.116,127.743,-44.8149],[[[0.058173,-0.998245,-0.0111182],[-0.992328,-0.056604,-0.109918],[-0.109095,-0.0174271,0.993879]],[[0.0823879,-0.965628,-0.246525],[-0.992763,-0.101207,0.0646465],[0.0873746,-0.239414,0.966978]],[[0.0823879,-0.965628,-0.246525],[-0.896435,0.0362785,-0.441688],[-0.43545,-0.257383,0.862634]],[[0.0823879,-0.965628,-0.246525],[-0.612019,0.146204,-0.777211],[-0.78654,-0.21491,0.578937]]],4]],[[0,200,0],[235.247,235.247,147.751]]],[130790,6815889734,[[117,"right",[-0.293535,0.327342,-0.898156],[-0.950977,-0.195682,0.23948],[82.7749,152.312,22.7391],[5.85468,-166.138,-27.6101],[82.6773,158.011,23.6368],0,1,0.813609,[[0.0472585,-0.869398,-0.491847],[0.934582,0.212296,-0.28546],[0.352596,-0.44618,0.822557]],58.0909,[188.438,20.7171,265.92],[101.647,130.543,63.4493]],[119,"left",[0.059037,0.295772,-0.953433],[0.959116,-0.281627,-0.0279768],[-131.359,137.864,25.7609],[47.7903,-229.383,40.5479],[-132.492,144.331,25.1117],0,0.227444,0.710096,[[-0.181729,-0.888266,-0.421851],[-0.759576,0.399251,-0.513462],[-0.624515,-0.227117,0.747261]],53.4787,[-280.801,68.175,236.485],[-139.283,119.641,67.1516]]],[[1170,[-0.807739,0.126573,-0.575793],117,47.5124,[15.6549,164.697,24.6322],[15.7777,161.261,24.2531],[7.21254,-173.792,-27.9014],false,[90.6695,151.621,78.1924],[90.6695,151.621,78.1924],[53.9217,156.998,51.8931],[28.8143,160.932,33.9954],[11.9224,160.042,20.9915],[[[0.83248,-0.133087,-0.537834],[0.461491,0.703731,0.540175],[0.3066,-0.69789,0.64726]],[[0.589072,0.212203,-0.77972],[-0.0305117,0.970057,0.240952],[0.807504,-0.118148,0.577909]],[[0.589072,0.212203,-0.77972],[-0.023493,0.968994,0.245965],[0.807739,-0.126573,0.575793]],[[0.589072,0.212203,-0.77972],[-0.161845,0.976336,0.14344],[0.791707,0.0416971,0.609476]]],0],[1171,[-0.934697,-0.0510353,-0.351762],117,53.6124,[45.8024,192.96,-26.2463],[45.942,187.929,-27.4065],[2.33307,-190.148,-42.1665],false,[105.474,151.505,62.4506],[75.7349,181.257,10.2122],[74.7901,192.695,-27.2357],[54.1939,191.57,-34.9869],[43.2565,186.624,-25.061],[[[0.0466938,-0.856337,-0.514302],[0.895106,0.26441,-0.358988],[0.443401,-0.443592,0.778859]],[[0.161363,-0.942708,-0.291999],[0.9866,0.161324,0.0243804],[0.024123,-0.292021,0.956108]],[[0.161363,-0.942708,-0.291999],[0.316707,0.329692,-0.889382],[0.934697,0.0510353,0.351762]],[[0.161363,-0.942708,-0.291999],[-0.69347,0.102209,-0.713199],[0.702183,0.317577,-0.637247]]],1],[1172,[-0.963661,0.020924,-0.266309],117,61.087,[42.8027,174.331,-37.2591],[42.7505,169.661,-37.8482],[2.13582,-195.401,-37.7796],false,[107.143,142.644,55.764],[79.5327,163.115,2.24618],[76.5619,171.079,-40.8662],[51.5797,171.621,-47.77],[40.17,168.946,-35.2735],[[[-0.047113,-0.940839,-0.335562],[0.899632,0.106026,-0.423582],[0.434101,-0.321838,0.841414]],[[0.0293856,-0.982574,-0.183535],[0.997279,0.0412389,-0.061103],[0.067607,-0.18124,0.981112]],[[0.0293856,-0.982574,-0.183535],[0.265509,0.184691,-0.946253],[0.963661,-0.020924,0.266309]],[[0.0293856,-0.982574,-0.183535],[-0.74538,0.100798,-0.658975],[0.665992,0.156168,-0.729429]]],2],[1173,[-0.968991,0.0353097,-0.244561],117,58.7368,[45.4855,151.175,-36.2046],[45.3476,146.964,-36.4535],[-2.09093,-190.881,-22.9784],false,[107.032,132.487,51.0472],[83.1988,142.771,0.18146],[78.7832,146.637,-40.1262],[54.3116,147.528,-46.3025],[42.735,146.497,-33.8503],[[[-0.0504011,-0.983244,-0.175191],[0.907346,0.0282229,-0.419435],[0.417351,-0.180099,0.89072]],[[-0.0125287,-0.995485,-0.0940869],[0.994028,-0.00219872,-0.109102],[0.108403,-0.094892,0.989568]],[[-0.0125287,-0.995485,-0.0940869],[0.246779,0.0881053,-0.965058],[0.968991,-0.0353097,0.244561]],[[-0.0125287,-0.995485,-0.0940869],[-0.733438,0.0731044,-0.675814],[0.679641,0.0605398,-0.731042]]],3],[1174,[-0.902855,0.255913,-0.345487],117,46.0486,[58.4206,137.61,-28.5509],[58.191,134.285,-28.8846],[0.35361,-195.394,-19.6622],false,[102.233,120.44,50.5998],[83.3506,123.284,1.30648],[83.8054,128.538,-30.4947],[67.7067,133.101,-36.6551],[55.6673,134.046,-26.6004],[[[-0.150981,-0.988536,0.000804951],[0.921745,-0.141074,-0.361226],[0.357199,-0.0537963,0.932478]],[[-0.211119,-0.963896,-0.162274],[0.977358,-0.210564,-0.0208115],[-0.0141089,-0.162994,0.986526]],[[-0.211119,-0.963896,-0.162274],[0.374542,0.0735708,-0.924287],[0.902855,-0.255913,0.345487]],[[-0.211119,-0.963896,-0.162274],[-0.606997,0.25941,-0.751173],[0.766148,-0.0600873,-0.639849]]],4],[1190,[0.630686,0.100466,-0.769507],119,43.7401,[-70.0871,148.93,11.8167],[-70.1072,148.675,11.77],[31.9939,-206.456,-15.452],false,[-124.137,138.078,76.8214],[-124.137,138.078,76.8214],[-97.2215,146.65,45.8818],[-79.174,149.525,23.8619],[-67.3481,148.637,8.20389],[[[-0.957718,-0.057699,-0.281865],[-0.229213,0.745135,0.626287],[-0.173891,-0.664413,0.726854]],[[-0.762879,0.262094,-0.591035],[0.0726287,0.943103,0.324473],[-0.642449,-0.204607,0.738509]],[[-0.762879,0.262094,-0.591035],[0.142305,0.959799,0.241942],[-0.630686,-0.100466,0.769507]],[[-0.762879,0.262094,-0.591035],[0.235647,0.963983,0.123316],[-0.602068,0.0452002,0.797164]]],0],[1191,[0.343401,0.089988,-0.934868],119,49.3558,[-116.147,178.042,-49.3612],[-116.719,174.154,-48.8012],[-38.3066,-222.98,26.884],false,[-141.22,139.178,66.6853],[-126.043,163.761,12.1158],[-131.683,173.343,-22.1846],[-124.717,175.168,-41.149],[-114.524,173.887,-51.1536],[[[-0.262945,-0.850182,-0.456126],[-0.932978,0.344498,-0.104278],[-0.24579,-0.398136,0.883785]],[[-0.318598,-0.925215,-0.206088],[-0.934898,0.270841,0.229369],[0.156398,-0.265748,0.951272]],[[-0.318598,-0.925215,-0.206088],[-0.883499,0.368618,-0.28905],[-0.343401,-0.089988,0.934868]],[[-0.318598,-0.925215,-0.206088],[-0.6271,0.368771,-0.686114],[-0.710803,0.0893565,0.697692]]],1],[1192,[0.512639,0.261343,-0.817864],119,56.237,[-110.244,173.652,-57.2077],[-110.473,169.479,-56.7596],[-43.7469,-223.061,19.8625],false,[-145.119,131.175,61.4364],[-132.893,147.426,6.52678],[-133.629,162.498,-31.0071],[-121.394,168.735,-50.5262],[-108,170.299,-58.7041],[[[-0.130807,-0.942343,-0.308025],[-0.96917,0.186981,-0.160462],[-0.208805,-0.277539,0.937749]],[[-0.117014,-0.922398,-0.36809],[-0.992964,0.10187,0.0603817],[0.0181986,-0.372566,0.927827]],[[-0.117014,-0.922398,-0.36809],[-0.850593,0.284399,-0.442276],[-0.512639,-0.261343,0.817864]],[[-0.117014,-0.922398,-0.36809],[-0.514782,0.373291,-0.771785],[-0.849298,-0.0991768,0.518514]]],2],[1193,[0.542619,0.0193957,-0.839755],119,54.0733,[-114.458,135.85,-57.1509],[-115.001,132.412,-56.6131],[-23.0792,-231.967,23.5985],false,[-147.05,121.839,57.5091],[-138.289,129.082,6.18039],[-138.087,132.309,-31.1785],[-125.471,132.76,-50.7025],[-111.88,132.095,-58.4965],[[[-0.0866733,-0.98431,-0.153691],[-0.982201,0.110234,-0.152083],[-0.166639,-0.137774,0.976345]],[[-0.097929,-0.991455,-0.0861776],[-0.995179,0.0980302,0.00306737],[-0.00540684,-0.0860625,0.996275]],[[-0.097929,-0.991455,-0.0861776],[-0.834251,0.128998,-0.536083],[-0.542619,-0.0193957,0.839755]],[[-0.097929,-0.991455,-0.0861776],[-0.489131,0.123364,-0.863442],[-0.866695,0.0424039,0.497032]]],3],[1194,[0.415821,0.255539,-0.872808],119,42.3925,[-127.241,129.256,-42.5078],[-127.141,125.131,-41.5933],[-7.56956,-236.97,33.0126],false,[-143.91,110.388,56.2105],[-139.704,111.235,7.73432],[-142.922,118.281,-20.913],[-136.096,122.476,-35.2403],[-124.918,125.569,-43.8862],[[[0.05811,-0.998233,-0.0124017],[-0.994563,-0.0568121,-0.0872773],[-0.0864185,-0.0174059,0.996107]],[[0.0768011,-0.966151,-0.246278],[-0.991134,-0.100841,0.0865183],[0.108425,-0.23745,0.96533]],[[0.0768011,-0.966151,-0.246278],[-0.906198,0.035375,-0.421371],[-0.415821,-0.255539,0.872808]],[[0.0768011,-0.966151,-0.246278],[-0.630069,0.144407,-0.762994],[-0.772732,-0.213771,0.597652]]],4]],[[0,200,0],[235.247,235.247,147.751]]],[130791,6815907114,[[117,"right",[-0.294554,0.332249,-0.896018],[-0.951025,-0.193901,0.240737],[83.1759,148.822,22.1605],[13.8102,-182.158,-30.2352],[82.8953,153.993,22.9913],0,1,0.821028,[[0.0528212,-0.880306,-0.471456],[0.931377,0.213725,-0.294718],[0.360204,-0.423536,0.831186]],58.0909,[190.737,22.5619,267.325],[102.074,126.814,62.7302]],[119,"left",[0.0839069,0.267746,-0.959829],[0.960742,-0.277363,0.00661594],[-132.338,135.24,25.6443],[-0.296926,-193.165,18.7136],[-132.411,139.558,25.3913],0,0.23065,0.711241,[[-0.169177,-0.899451,-0.402947],[-0.764105,0.377927,-0.522794],[-0.622513,-0.219449,0.751212]],53.4787,[-282.38,68.4797,237.554],[-141.316,118.208,67.3261]]],[[1170,[-0.808538,0.128078,-0.574337],117,47.5124,[15.9506,160.768,24.0967],[16.2195,157.827,23.831],[15.5668,-184.434,-26.2529],false,[91.1922,147.858,77.5923],[91.1922,147.858,77.5923],[54.4024,153.494,51.4063],[29.2701,157.475,33.5538],[12.3572,156.632,20.5742],[[[0.830872,-0.133168,-0.540295],[0.464813,0.699912,0.542285],[0.305944,-0.701705,0.643435]],[[0.587997,0.2139,-0.780068],[-0.0264808,0.968974,0.245738],[0.80843,-0.123837,0.575418]],[[0.587997,0.2139,-0.780068],[-0.0229405,0.968423,0.248256],[0.808538,-0.128078,0.574337]],[[0.587997,0.2139,-0.780068],[-0.160932,0.976057,0.146335],[0.792692,0.0394936,0.608342]]],0],[1171,[-0.935643,-0.0467748,-0.349834],117,53.6124,[45.9813,188.832,-26.9541],[46.3337,184.767,-27.7411],[11.6896,-186.368,-31.6159],false,[105.961,147.769,61.8168],[76.1951,177.844,9.77927],[75.1975,189.447,-27.6164],[54.5805,188.416,-35.3251],[43.6508,183.458,-25.3962],[[[0.0429672,-0.854156,-0.518238],[0.895094,0.263332,-0.35981],[0.443803,-0.448412,0.775865]],[[0.157932,-0.941897,-0.296457],[0.987121,0.15834,0.0227961],[0.0254693,-0.296239,0.954774]],[[0.157932,-0.941897,-0.296457],[0.315641,0.332628,-0.888667],[0.935643,0.0467748,0.349834]],[[0.157932,-0.941897,-0.296457],[-0.694756,0.10735,-0.711189],[0.701692,0.318285,-0.637435]]],1],[1172,[-0.963981,0.0249751,-0.264795],117,61.087,[42.9596,170.234,-37.9524],[43.0659,166.554,-38.2882],[9.39298,-187.681,-32.1321],false,[107.589,138.933,55.0868],[79.9205,159.726,1.72352],[76.8788,167.882,-41.3481],[51.8883,168.529,-48.2127],[40.4805,165.836,-35.7181],[[[-0.050694,-0.939178,-0.339668],[0.898998,0.105227,-0.425123],[0.435009,-0.326912,0.838985]],[[0.0261373,-0.981867,-0.187761],[0.997259,0.0386162,-0.0631137],[0.0692198,-0.185597,0.980185]],[[0.0261373,-0.981867,-0.187761],[0.264682,0.187919,-0.945849],[0.963981,-0.0249751,0.264795]],[[0.0261373,-0.981867,-0.187761],[-0.745604,0.105963,-0.65791],[0.665876,0.157192,-0.729315]]],2],[1173,[-0.969098,0.0400007,-0.24341],117,58.7368,[45.5762,147.215,-36.7718],[45.608,143.873,-37.0105],[5.77742,-184.077,-27.3735],false,[107.437,128.797,50.3249],[83.5207,139.381,-0.440585],[79.045,143.475,-40.719],[54.5706,144.486,-46.8662],[42.9948,143.43,-34.4153],[[[-0.0537514,-0.982292,-0.179482],[0.906488,0.0273833,-0.421343],[0.418796,-0.185346,0.888964]],[[-0.0161167,-0.994924,-0.0993346],[0.993814,-0.00502204,-0.110943],[0.109881,-0.1