{"metadata":{"formatVersion":2,"generatedBy":"LeapJS Playback 0.2.1","frames":98,"frameRate":"76","modified":"Sun Apr 12 2015 22:28:24 GMT-0300 (E. South America Standard Time)","title":"onde"},"frames":[["id","timestamp",{"hands":[["id","type","direction","palmNormal","palmPosition","palmVelocity","stabilizedPalmPosition","pinchStrength","grabStrength","confidence","armBasis","armWidth","elbow","wrist"]]},{"pointables":[["id","direction","handId","length","stabilizedTipPosition","tipPosition","tipVelocity","tool","carpPosition","mcpPosition","pipPosition","dipPosition","btipPosition","bases","type"]]},{"interactionBox":["center","size"]}],[130855,6816774314,[[117,"right",[-0.30641,0.311282,-0.899564],[-0.941561,-0.238011,0.238355],[89.9928,165.712,24.5796],[24.2742,-124.281,-5.10148],[89.2302,171.229,24.7754],0,1,0.840071,[[0.0622115,-0.81466,-0.576592],[0.944156,0.235331,-0.230627],[0.323572,-0.530045,0.783807]],58.0909,[189.404,14.462,258.315],[109.758,144.932,65.3824]],[119,"left",[0.154627,0.376236,-0.91353],[0.957677,-0.284304,0.0450092],[-137.129,156.547,26.1069],[-10.1136,-107.826,-6.81112],[-136.717,162.083,26.648],0,0.0365346,0.737413,[[-0.258164,-0.889401,-0.37725],[-0.840451,0.399327,-0.366304],[-0.476438,-0.222494,0.85059]],53.4787,[-257.125,84.4663,257.507],[-149.162,134.884,64.7594]]],[[1170,[-0.812818,0.111364,-0.571773],117,47.5124,[21.7201,179.443,26.541],[22.4806,173.749,26.4399],[24.0113,-127.697,-5.87959],false,[97.8069,165.528,80.0483],[97.8069,165.528,80.0483],[60.8119,170.706,54.0574],[35.5466,174.167,36.2847],[18.5721,173.334,23.3852],[[[0.838667,-0.0965925,-0.536011],[0.428061,0.725393,0.539044],[0.336751,-0.681523,0.649711]],[[0.580501,0.236449,-0.779173],[-0.0463948,0.96496,0.258262],[0.812937,-0.113772,0.57113]],[[0.580501,0.236449,-0.779173],[-0.0484228,0.965241,0.256837],[0.812818,-0.111364,0.571773]],[[0.580501,0.236449,-0.779173],[-0.173406,0.970858,0.165426],[0.795581,0.0390833,0.604586]]],0],[1171,[-0.941406,-0.110293,-0.318732],117,53.6124,[49.1102,203.393,-24.2529],[50.096,198.656,-24.974],[20.5584,-144.385,-15.9651],false,[112.631,166.043,64.3327],[81.6697,194.275,11.9608],[78.504,205.022,-25.5695],[57.76,202.592,-32.5928],[47.2266,197.184,-22.4725],[[[0.0864776,-0.854703,-0.511863],[0.882852,0.303813,-0.358149],[0.461622,-0.420927,0.780849]],[[0.20629,-0.935935,-0.285429],[0.975147,0.220739,-0.0190392],[0.0808247,-0.274408,0.958211]],[[0.20629,-0.935935,-0.285429],[0.266832,0.334456,-0.903847],[0.941406,0.110293,0.318732]],[[0.20629,-0.935935,-0.285429],[-0.7072,0.0589897,-0.704548],[0.676249,0.347197,-0.649725]]],1],[1172,[-0.984039,-0.0357576,-0.174325],117,61.087,[46.1087,185.665,-32.6171],[47.0244,180.721,-33.3554],[22.4031,-146.955,-9.57543],false,[114.713,157.249,57.6734],[86.302,176.302,4.05138],[79.8891,184.174,-38.7017],[54.3786,183.247,-43.221],[44.354,179.911,-29.7349],[[[-0.00373099,-0.9429,-0.333056],[0.894682,0.145626,-0.422299],[0.446687,-0.299555,0.843053]],[[0.069366,-0.979193,-0.190708],[0.986859,0.0953202,-0.130474],[0.145938,-0.179151,0.972937]],[[0.069366,-0.979193,-0.190708],[0.163879,0.199756,-0.966044],[0.984039,0.0357576,0.174325]],[[0.069366,-0.979193,-0.190708],[-0.807956,0.0569874,-0.58648],[0.585145,0.194765,-0.787192]]],2],[1173,[-0.987871,-0.0177966,-0.154252],117,58.7368,[51.5276,165.106,-32.1366],[52.0718,158.236,-32.0419],[19.7677,-151.182,7.4515],false,[115.072,147.084,52.9844],[90.8915,156.141,2.04901],[84.4771,159.653,-38.0217],[59.5286,159.204,-41.9172],[49.5766,157.605,-28.1863],[[[-0.00539091,-0.984982,-0.172575],[0.905913,0.0682648,-0.417925],[0.423429,-0.158591,0.89194]],[[0.0323587,-0.995195,-0.092415],[0.986992,0.0463861,-0.15393],[0.157477,-0.0862319,0.983751]],[[0.0323587,-0.995195,-0.092415],[0.151866,0.0962855,-0.9837],[0.987871,0.0177966,0.154252]],[[0.0323587,-0.995195,-0.092415],[-0.810916,0.0279101,-0.584496],[0.584267,0.0938544,-0.806116]]],3],[1174,[-0.932635,0.228734,-0.279056],117,46.0486,[65.7208,153.714,-25.4531],[66.2989,147.129,-25.3615],[22.3741,-145.334,9.14951],false,[110.826,134.831,52.5617],[91.9257,136.683,3.22787],[91.5045,143.087,-28.3624],[74.8747,147.165,-33.3383],[63.7422,147.008,-22.2489],[[[-0.105956,-0.994365,0.00325911],[0.927873,-0.100048,-0.359225],[0.357527,-0.035038,0.933245]],[[-0.178808,-0.964735,-0.193169],[0.983797,-0.172705,-0.0481249],[0.0130666,-0.198644,0.979985]],[[-0.178808,-0.964735,-0.193169],[0.313399,0.130259,-0.940645],[0.932635,-0.228734,0.279056]],[[-0.178808,-0.964735,-0.193169],[-0.682742,0.263033,-0.681672],[0.708443,0.00999601,-0.705697]]],4],[1190,[0.700993,0.138477,-0.699595],119,43.7401,[-74.9616,168.53,19.1599],[-75.0701,167.216,19.0794],[-9.74454,-115.958,-15.8733],false,[-135.117,152.326,77.4637],[-135.117,152.326,77.4637],[-105.264,163.522,50.286],[-85.2051,167.485,30.2667],[-72.1419,166.793,15.6145],[[[-0.924096,-0.0271392,-0.381195],[-0.293239,0.690002,0.661747],[-0.245066,-0.723299,0.645586]],[[-0.700795,0.315687,-0.639709],[0.0338234,0.910447,0.41224],[-0.71256,-0.267259,0.648715]],[[-0.700795,0.315687,-0.639709],[0.132268,0.938704,0.318339],[-0.700993,-0.138477,0.699595]],[[-0.700795,0.315687,-0.639709],[0.258026,0.948209,0.185262],[-0.665063,0.035231,0.745956]]],0],[1191,[0.367866,0.191416,-0.909964],119,49.3558,[-122.071,206.298,-41.3108],[-121.894,200.386,-42.2004],[-13.9298,-122.68,-12.3292],false,[-151.088,154.401,65.7845],[-130.519,183.485,15.3513],[-138.863,197.269,-16.9059],[-131.4,201.152,-35.3651],[-119.914,200.32,-43.9087],[[[-0.213378,-0.806137,-0.551918],[-0.918423,0.358141,-0.168032],[-0.333121,-0.47104,0.816794]],[[-0.295742,-0.903688,-0.309653],[-0.926818,0.19292,0.322164],[0.231397,-0.38227,0.894609]],[[-0.295742,-0.903688,-0.309653],[-0.881596,0.383025,-0.275826],[-0.367866,-0.191416,0.909964]],[[-0.295742,-0.903688,-0.309653],[-0.520466,0.424247,-0.741033],[-0.801032,0.0579901,0.595807]]],1],[1192,[0.518018,0.310745,-0.796929],119,56.237,[-117.601,198.928,-51.8541],[-117.481,193.19,-52.6168],[-17.962,-127.111,-13.0631],false,[-154.417,146.904,59.4983],[-136.729,167.736,7.71197],[-141.706,184.81,-28.6223],[-129.343,192.227,-47.6418],[-114.946,193.629,-53.9272],[[[-0.0967056,-0.911528,-0.399706],[-0.948366,0.206269,-0.240948],[-0.302078,-0.355766,0.884409]],[[-0.0920912,-0.906001,-0.413136],[-0.98812,0.031883,0.150341],[0.123037,-0.422073,0.898174]],[[-0.0920912,-0.906001,-0.413136],[-0.850398,0.287402,-0.440708],[-0.518018,-0.310745,0.796929]],[[-0.0920912,-0.906001,-0.413136],[-0.397811,0.413825,-0.818838],[-0.912834,-0.0889422,0.398527]]],2],[1193,[0.577325,0.17262,-0.798059],119,54.0733,[-111.636,169.182,-55.1072],[-112.023,163.475,-55.4144],[-20.7155,-134.523,-12.9823],false,[-155.918,137.953,54.6063],[-142.019,149.524,5.24254],[-135.887,158.625,-30.6144],[-122.464,162.639,-49.169],[-109.373,164.011,-57.6904],[[[-0.0683359,-0.966885,-0.245892],[-0.961997,0.129172,-0.240573],[-0.264369,-0.220108,0.938968]],[[-0.065486,-0.96446,-0.255986],[-0.984363,0.104479,-0.141819],[-0.163524,-0.242696,0.956221]],[[-0.065486,-0.96446,-0.255986],[-0.813884,0.200049,-0.545503],[-0.577325,-0.17262,0.798059]],[[-0.065486,-0.96446,-0.255986],[-0.54652,0.249305,-0.799476],[-0.834881,-0.0875471,0.543423]]],3],[1194,[0.432828,0.226002,-0.872687],119,42.3925,[-126.801,149.735,-45.1787],[-127.144,144.116,-45.2172],[-19.3902,-124.473,-5.33563],false,[-152.635,126.636,52.6502],[-143.542,131.619,5.10206],[-142.732,137.958,-23.8778],[-135.627,141.668,-38.2032],[-125.25,144.643,-47.8334],[[[0.061421,-0.993825,-0.092412],[-0.980467,-0.0427437,-0.191983],[-0.186847,-0.102399,0.977038]],[[0.083718,-0.973958,-0.210707],[-0.996115,-0.0760016,-0.0444715],[-0.0272993,-0.213612,0.976537]],[[0.083718,-0.973958,-0.210707],[-0.897581,0.0181403,-0.440477],[-0.432828,-0.226002,0.872687]],[[0.083718,-0.973958,-0.210707],[-0.69169,0.0954154,-0.715863],[-0.717325,-0.205675,0.665689]]],4]],[[0,200,0],[235.247,235.247,147.751]]],[130856,6816791650,[[117,"right",[-0.308933,0.300381,-0.902403],[-0.940357,-0.23857,0.242514],[90.3147,163.788,24.0664],[21.6421,-118.164,-16.3997],[89.5583,168.978,24.5609],0,1,0.845837,[[0.064474,-0.815995,-0.574452],[0.946577,0.232273,-0.223699],[0.315967,-0.52934,0.787378]],58.0909,[187.991,13.2258,258.872],[110.217,143.522,65.0611]],[119,"left",[0.152763,0.374013,-0.914756],[0.957988,-0.283395,0.0441125],[-137.491,154.365,26.0014],[-15.0771,-116.122,-6.47638],[-136.888,160.376,26.505],0,0.0377402,0.745154,[[-0.262224,-0.892446,-0.367123],[-0.840792,0.398003,-0.366963],[-0.473611,-0.212447,0.854727]],53.4787,[-256.763,84.6512,258.415],[-149.441,132.793,64.7299]]],[[1170,[-0.814127,0.102242,-0.571615],117,47.5124,[22.0366,177.023,26.3375],[22.7796,171.596,25.9466],[20.9231,-126.213,-16.2108],false,[98.2198,164.237,79.5207],[98.2198,164.237,79.5207],[61.1653,168.992,53.5339],[35.8594,172.171,35.766],[18.8685,171.127,22.9033],[[[0.838115,-0.0996167,-0.53632],[0.426472,0.732692,0.530362],[0.340125,-0.67323,0.656564]],[[0.57841,0.22988,-0.782686],[-0.049485,0.967593,0.247619],[0.814244,-0.104494,0.571041]],[[0.57841,0.22988,-0.782686],[-0.05138,0.967833,0.246289],[0.814127,-0.102242,0.571615]],[[0.57841,0.22988,-0.782686],[-0.17685,0.97199,0.154787],[0.796346,0.0488872,0.602863]]],0],[1171,[-0.941596,-0.117067,-0.31574],117,53.6124,[49.3633,200.462,-24.7729],[50.2062,196.043,-25.7716],[14.1401,-147.257,-29.7977],false,[113.016,164.63,63.7757],[81.8739,192.182,11.1499],[78.5967,202.502,-26.4906],[57.8484,199.923,-33.448],[47.3497,194.59,-23.2518],[[[0.0885473,-0.859957,-0.502627],[0.881229,0.302858,-0.362923],[0.464322,-0.410793,0.784636]],[[0.209029,-0.93831,-0.275466],[0.974323,0.223931,-0.0234346],[0.0836744,-0.263494,0.961025]],[[0.209029,-0.93831,-0.275466],[0.264014,0.325377,-0.907979],[0.941596,0.117067,0.31574]],[[0.209029,-0.93831,-0.275466],[-0.708517,0.0488413,-0.704002],[0.674026,0.342329,-0.654599]]],1],[1172,[-0.983822,-0.0407998,-0.174443],117,61.087,[46.4432,182.562,-32.9815],[47.2413,178.015,-33.976],[19.4568,-150.964,-23.329],false,[115.118,155.771,57.2096],[86.5544,174.14,3.42979],[80.1489,181.516,-39.4128],[54.644,180.458,-43.9351],[44.6352,177.24,-30.4087],[[[-0.00106922,-0.946495,-0.322715],[0.893492,0.14402,-0.425358],[0.449077,-0.288798,0.845532]],[[0.0725566,-0.981032,-0.179753],[0.986654,0.0969433,-0.130825],[0.14577,-0.167862,0.974974]],[[0.0725566,-0.981032,-0.179753],[0.163801,0.189502,-0.968121],[0.983822,0.0407998,0.174443]],[[0.0725566,-0.981032,-0.179753],[-0.808345,0.0477287,-0.586772],[0.584221,0.187877,-0.789549]]],2],[1173,[-0.988074,-0.0228385,-0.152274],117,58.7368,[51.748,161.6,-31.9804],[52.3347,155.558,-32.3859],[18.0459,-152.358,-5.44076],false,[115.503,145.557,52.6314],[91.2092,153.973,1.64042],[84.7316,157.026,-38.4578],[59.778,156.449,-42.3034],[49.8631,154.967,-28.5326],[[[-0.00232436,-0.986824,-0.161781],[0.904993,0.0667495,-0.420157],[0.42542,-0.147387,0.892914]],[[0.0355935,-0.996032,-0.0815711],[0.986632,0.0480112,-0.155729],[0.159027,-0.0749378,0.984426]],[[0.0355935,-0.996032,-0.0815711],[0.149807,0.0860183,-0.984966],[0.988074,0.0228385,0.152274]],[[0.0355935,-0.996032,-0.0815711],[-0.812346,0.0187057,-0.582875],[0.582088,0.0870106,-0.808457]]],3],[1174,[-0.934012,0.222313,-0.279641],117,46.0486,[66.0294,150.456,-25.3135],[66.5946,144.572,-25.611],[19.8071,-146.209,-1.94673],false,[111.298,133.285,52.3499],[92.3114,134.534,3.03031],[91.8034,140.584,-28.6282],[75.1491,144.548,-33.6145],[64.0386,144.475,-22.5021],[[[-0.10257,-0.994623,0.0143122],[0.92762,-0.100836,-0.359657],[0.359166,-0.0236136,0.932975]],[[-0.175759,-0.967449,-0.182074],[0.984307,-0.169744,-0.0482346],[0.0157585,-0.187695,0.982101]],[[-0.175759,-0.967449,-0.182074],[0.311016,0.12091,-0.942682],[0.934012,-0.222313,0.279641]],[[-0.175759,-0.967449,-0.182074],[-0.684985,0.253023,-0.683209],[0.707039,0.0046382,-0.70716]]],4],[1190,[0.69967,0.137073,-0.701194],119,43.7401,[-75.3659,165.875,18.8666],[-75.4532,165.067,18.8412],[-15.4246,-119.61,-14.8383],false,[-135.388,150.278,77.3654],[-135.388,150.278,77.3654],[-105.591,161.435,50.1109],[-85.5692,165.357,30.0458],[-72.5298,164.639,15.3737],[[[-0.924719,-0.0288845,-0.379554],[-0.29269,0.691458,0.660468],[-0.243368,-0.721839,0.647859]],[[-0.702135,0.313468,-0.639331],[0.0336747,0.911495,0.409929],[-0.711247,-0.266296,0.650549]],[[-0.702135,0.313468,-0.639331],[0.132167,0.939653,0.315568],[-0.69967,-0.137073,0.701194]],[[-0.702135,0.313468,-0.639331],[0.25751,0.948896,0.182444],[-0.663849,0.036534,0.746974]]],0],[1191,[0.369464,0.189049,-0.909811],119,49.3558,[-122.308,204.175,-41.5108],[-122.394,198.051,-42.3577],[-18.6896,-128.392,-10.1721],false,[-151.381,152.31,65.708],[-130.922,181.282,15.1654],[-139.351,195.012,-17.0926],[-131.856,198.847,-35.5487],[-120.324,197.968,-44.0262],[[[-0.213643,-0.80773,-0.54948],[-0.919004,0.356947,-0.167391],[-0.331342,-0.469213,0.818567]],[[-0.295234,-0.904476,-0.307832],[-0.926387,0.192167,0.32385],[0.233759,-0.380783,0.894629]],[[-0.295234,-0.904476,-0.307832],[-0.881098,0.38234,-0.278357],[-0.369464,-0.189049,0.909811]],[[-0.295234,-0.904476,-0.307832],[-0.515855,0.422098,-0.745471],[-0.804195,0.061292,0.591196]]],1],[1192,[0.517165,0.30872,-0.798268],119,56.237,[-117.94,196.671,-52.083],[-118.054,190.808,-52.8148],[-24.2817,-132.297,-11.9705],false,[-154.714,144.795,59.4468],[-137.131,165.508,7.57712],[-142.241,182.481,-28.7862],[-129.898,189.849,-47.8376],[-115.493,191.225,-54.1095],[[[-0.0966252,-0.912633,-0.397196],[-0.948944,0.204864,-0.239865],[-0.30028,-0.35374,0.885833]],[[-0.0920873,-0.907196,-0.410506],[-0.987706,0.0309223,0.153232],[0.126318,-0.41957,0.898891]],[[-0.0920873,-0.907196,-0.410506],[-0.850917,0.28581,-0.440741],[-0.517165,-0.30872,0.798268]],[[-0.0920873,-0.907196,-0.410506],[-0.396569,0.411565,-0.820577],[-0.913374,-0.0872291,0.397666]]],2],[1193,[0.575089,0.169399,-0.800361],119,54.0733,[-112.047,166.739,-55.364],[-112.609,161.044,-55.6315],[-27.0076,-138.773,-12.7217],false,[-156.216,135.829,54.5804],[-142.41,147.286,5.16351],[-136.42,156.235,-30.7553],[-123.049,160.174,-49.3634],[-109.972,161.511,-57.9119],[[[-0.0679485,-0.967571,-0.24329],[-0.962512,0.127756,-0.23927],[-0.262592,-0.217911,0.939979]],[[-0.0656384,-0.965619,-0.25154],[-0.984972,0.103058,-0.138595],[-0.159753,-0.238663,0.957872]],[[-0.0656384,-0.965619,-0.25154],[-0.815454,0.197192,-0.544197],[-0.575089,-0.169399,0.800361]],[[-0.0656384,-0.965619,-0.25154],[-0.547863,0.245564,-0.799715],[-0.833989,-0.0853175,0.545145]]],3],[1194,[0.431543,0.22376,-0.873901],119,42.3925,[-127.151,147.546,-45.3188],[-127.625,141.742,-45.3134],[-22.8808,-130.363,-5.06696],false,[-152.927,124.51,52.6478],[-143.919,129.379,5.07164],[-143.172,135.632,-23.9284],[-136.088,139.306,-38.2738],[-125.719,142.259,-47.9193],[[[0.0620911,-0.994008,-0.0899611],[-0.980756,-0.044049,-0.190206],[-0.185104,-0.10004,0.977614]],[[0.0841052,-0.974509,-0.207988],[-0.996139,-0.0769546,-0.0422502],[-0.0251675,-0.210738,0.977218]],[[0.0841052,-0.974509,-0.207988],[-0.898163,0.0162561,-0.439361],[-0.431543,-0.22376,0.873901]],[[0.0841052,-0.974509,-0.207988],[-0.69222,0.093002,-0.715669],[-0.716769,-0.204165,0.666752]]],4]],[[0,200,0],[235.247,235.247,147.751]]],[130857,6816801376,[[117,"right",[-0.308681,0.301902,-0.901982],[-0.941039,-0.234939,0.243411],[90.5389,162.704,23.9178],[22.0569,-116.191,-16.0721],[89.7412,167.808,24.441],0,1,0.843837,[[0.0623228,-0.819984,-0.568983],[0.946517,0.229388,-0.226905],[0.316577,-0.524411,0.790425]],58.0909,[188.328,13.2631,259.447],[110.403,142.346,64.885]],[119,"left",[0.152467,0.372921,-0.915251],[0.958697,-0.280801,0.0452912],[-137.728,153.384,25.8818],[-17.8015,-111.654,-8.18292],[-137.003,159.417,26.4195],0,0.0380852,0.746632,[[-0.262051,-0.894844,-0.361363],[-0.841915,0.395008,-0.367625],[-0.471709,-0.2079,0.856895]],53.4787,[-256.541,84.7323,258.813],[-149.65,131.843,64.6365]]],[[1170,[-0.814304,0.105248,-0.570818],117,47.5124,[22.2219,175.815,26.2336],[23.0399,170.739,25.8628],[22.6525,-115.445,-14.031],false,[98.5033,163.104,79.364],[98.5033,163.104,79.364],[61.4411,167.997,53.4138],[36.1297,171.269,35.6708],[19.1265,170.267,22.8209],[[[0.837159,-0.102743,-0.537224],[0.42991,0.730825,0.530162],[0.338146,-0.674788,0.655987]],[[0.578481,0.227877,-0.783219],[-0.0457234,0.967734,0.247791],[0.814414,-0.107531,0.570235]],[[0.578481,0.227877,-0.783219],[-0.0476443,0.967985,0.246445],[0.814304,-0.105248,0.570818]],[[0.578481,0.227877,-0.783219],[-0.174017,0.972557,0.154437],[0.796918,0.0469544,0.60226]]],0],[1171,[-0.942404,-0.113298,-0.314704],117,53.6124,[49.5317,199.112,-24.996],[50.4968,195.129,-25.8647],[18.7934,-131.547,-23.893],false,[113.285,163.443,63.6038],[82.197,191.136,11.0195],[78.9145,201.479,-26.6143],[58.1485,198.982,-33.5489],[47.6392,193.688,-23.3436],[[[0.0846308,-0.86013,-0.503004],[0.88204,0.2995,-0.363737],[0.463511,-0.412887,0.784017]],[[0.20505,-0.93904,-0.275969],[0.975157,0.220151,-0.0245478],[0.0838061,-0.26408,0.960853]],[[0.20505,-0.93904,-0.275969],[0.264253,0.324604,-0.908186],[0.942404,0.113298,0.314704]],[[0.20505,-0.93904,-0.275969],[-0.709035,0.0518527,-0.703265],[0.674703,0.339876,-0.655179]]],1],[1172,[-0.98415,-0.036816,-0.173473],117,61.087,[46.6292,181.163,-33.1445],[47.4649,177.122,-34.0685],[20.7852,-133.517,-19.4814],false,[115.345,154.578,57.0325],[86.7981,173.078,3.28851],[80.3875,180.497,-39.5459],[54.8741,179.542,-44.043],[44.8695,176.358,-30.5053],[[[-0.00513994,-0.946375,-0.323028],[0.893612,0.140636,-0.426238],[0.448811,-0.290853,0.84497]],[[0.0684714,-0.981243,-0.180206],[0.986929,0.0930349,-0.13159],[0.145888,-0.16884,0.974787]],[[0.0684714,-0.981243,-0.180206],[0.163584,0.189228,-0.968211],[0.98415,0.036816,0.173473]],[[0.0684714,-0.981243,-0.180206],[-0.80888,0.0511288,-0.585746],[0.583973,0.185872,-0.790207]]],2],[1173,[-0.988316,-0.0188552,-0.151247],117,58.7368,[51.8743,159.951,-31.9414],[52.4788,154.641,-32.4839],[17.4729,-135.152,-7.16327],false,[115.685,144.364,52.4505],[91.3714,152.894,1.4876],[84.8819,155.988,-38.6054],[59.9222,155.512,-42.4251],[50.0232,154.064,-28.6392],[[[-0.0063873,-0.986753,-0.162106],[0.904813,0.0633185,-0.421075],[0.425761,-0.149366,0.892422]],[[0.031552,-0.996133,-0.0819925],[0.986723,0.0441197,-0.156308],[0.159321,-0.075972,0.984299]],[[0.031552,-0.996133,-0.0819925],[0.149116,0.0858066,-0.98509],[0.988316,0.0188552,0.151247]],[[0.031552,-0.996133,-0.0819925],[-0.813186,0.0221133,-0.581584],[0.581148,0.0850252,-0.809344]]],3],[1174,[-0.933469,0.225917,-0.278563],117,46.0486,[66.1761,148.892,-25.2857],[66.6855,143.592,-25.7345],[16.6283,-132.944,-5.3489],false,[111.431,132.109,52.1693],[92.3983,133.449,2.86989],[91.873,139.505,-28.7873],[75.2283,143.533,-33.7543],[64.1281,143.503,-22.6315],[[[-0.10648,-0.994215,0.0140883],[0.926841,-0.104375,-0.360654],[0.360038,-0.0253448,0.932593]],[[-0.179673,-0.966752,-0.181958],[0.983591,-0.173484,-0.0495098],[0.0162969,-0.187868,0.982059]],[[-0.179673,-0.966752,-0.181958],[0.310409,0.119802,-0.943024],[0.933469,-0.225917,0.278563]],[[-0.179673,-0.966752,-0.181958],[-0.684643,0.25571,-0.682552],[0.706386,0.00194005,-0.707824]]],4],[1190,[0.699817,0.137614,-0.700941],119,43.7401,[-75.5869,164.88,18.758],[-75.7136,164.237,18.7509],[-18.7105,-109.511,-13.1677],false,[-135.653,149.386,77.254],[-135.653,149.386,77.254],[-105.864,160.582,50.0061],[-85.8385,164.52,29.9482],[-72.7858,163.814,15.2874],[[[-0.924354,-0.0319366,-0.380197],[-0.295003,0.691762,0.659119],[-0.241956,-0.721419,0.648855]],[[-0.702471,0.310581,-0.64037],[0.0308723,0.91221,0.408558],[-0.711042,-0.267231,0.65039]],[[-0.702471,0.310581,-0.64037],[0.129576,0.940533,0.31402],[-0.699817,-0.137614,0.700941]],[[-0.702471,0.310581,-0.64037],[0.254832,0.949867,0.181143],[-0.664526,0.0359387,0.746401]]],0],[1191,[0.370744,0.188223,-0.909462],119,49.3558,[-122.462,203.015,-41.6271],[-122.695,196.994,-42.5067],[-21.4841,-122.854,-11.5202],false,[-151.642,151.357,65.5813],[-131.222,180.3,15.0068],[-139.674,193.962,-17.2739],[-132.153,197.781,-35.7229],[-120.592,196.903,-44.1607],[[[-0.211105,-0.809185,-0.54832],[-0.919814,0.354254,-0.16866],[-0.330722,-0.468748,0.819084]],[[-0.292583,-0.905714,-0.30672],[-0.927065,0.190041,0.323163],[0.234404,-0.378901,0.895259]],[[-0.292583,-0.905714,-0.30672],[-0.881444,0.379807,-0.280718],[-0.370744,-0.188223,0.909462]],[[-0.292583,-0.905714,-0.30672],[-0.514182,0.419451,-0.748116],[-0.806233,0.061176,0.588426]]],1],[1192,[0.517558,0.308332,-0.798164],119,56.237,[-118.143,195.456,-52.2112],[-118.349,189.733,-52.9596],[-25.4927,-126.42,-12.67],false,[-154.951,143.823,59.3299],[-137.384,164.498,7.43961],[-142.538,181.39,-28.9551],[-130.186,188.748,-48.0041],[-115.766,190.135,-54.2411],[[[-0.093926,-0.913531,-0.395777],[-0.949299,0.201975,-0.240909],[-0.300015,-0.353084,0.886185]],[[-0.089473,-0.908202,-0.408857],[-0.987807,0.028405,0.153072],[0.127406,-0.417568,0.899669]],[[-0.089473,-0.908202,-0.408857],[-0.850957,0.283021,-0.44246],[-0.517558,-0.308332,0.798164]],[[-0.089473,-0.908202,-0.408857],[-0.395114,0.409186,-0.822467],[-0.914264,-0.0879567,0.395454]]],2],[1193,[0.575567,0.168676,-0.800169],119,54.0733,[-112.266,165.451,-55.4984],[-112.815,159.961,-55.7529],[-24.9636,-131.714,-12.3806],false,[-156.425,134.846,54.477],[-142.613,146.258,5.05181],[-136.636,155.132,-30.8877],[-123.254,159.054,-49.4914],[-110.164,160.397,-58.0196],[[[-0.0652206,-0.968142,-0.24176],[-0.962664,0.124833,-0.240197],[-0.262724,-0.217068,0.940137]],[[-0.0631528,-0.966405,-0.249145],[-0.985191,0.100243,-0.139106],[-0.159408,-0.23667,0.958424]],[[-0.0631528,-0.966405,-0.249145],[-0.815313,0.193932,-0.545578],[-0.575567,-0.168676,0.800169]],[[-0.0631528,-0.966405,-0.249145],[-0.546929,0.242331,-0.801339],[-0.834793,-0.0856578,0.543859]]],3],[1194,[0.431545,0.223325,-0.874011],119,42.3925,[-127.339,146.355,-45.3992],[-127.787,140.663,-45.4111],[-20.9298,-124.769,-6.39538],false,[-153.106,123.532,52.5654],[-144.074,128.346,4.98806],[-143.33,134.55,-24.0229],[-136.247,138.216,-38.3701],[-125.877,141.179,-48.0118],[[[0.0647728,-0.993986,-0.0882914],[-0.980493,-0.0469396,-0.190867],[-0.185575,-0.098932,0.977637]],[[0.086797,-0.974656,-0.206185],[-0.995911,-0.0796826,-0.0425778],[-0.0250694,-0.209037,0.977586]],[[0.086797,-0.974656,-0.206185],[-0.897906,0.0131166,-0.439992],[-0.431545,-0.223325,0.874011]],[[0.086797,-0.974656,-0.206185],[-0.691829,0.0899494,-0.716437],[-0.716825,-0.204829,0.666488]]],4]],[[0,200,0],[235.247,235.247,147.751]]],[130858,6816809006,[[117,"right",[-0.304123,0.310834,-0.900495],[-0.943906,-0.22598,0.24078],[90.8819,161.548,23.9188],[27.5099,-124.61,-12.2087],[89.9163,166.847,24.3608],0,1,0.844881,[[0.0565288,-0.82713,-0.559161],[0.945325,0.224516,-0.236543],[0.321192,-0.515218,0.794598]],58.0909,[189.526,13.9,260.374],[110.465,140.72,64.785]],[119,"left",[0.150431,0.371517,-0.916158],[0.959184,-0.279301,0.0442341],[-137.841,152.436,25.8046],[-17.095,-114.661,-8.64349],[-137.098,158.624,26.3497],0,0.0388188,0.746871,[[-0.262948,-0.896522,-0.35652],[-0.842223,0.393554,-0.368477],[-0.470658,-0.20338,0.858556]],53.4787,[-256.322,84.8598,259.17],[-149.668,130.947,64.6168]]],[[1170,[-0.812306,0.117428,-0.571288],117,47.5124,[22.409,174.95,26.158],[23.4777,170.277,25.8176],[30.9246,-102.781,-12.2249],false,[98.7768,161.519,79.3764],[98.7768,161.519,79.3764],[61.8067,166.964,53.4049],[36.5573,170.614,35.6472],[19.5673,169.845,22.764],[[[0.836679,-0.108721,-0.536794],[0.437279,0.722747,0.535186],[0.329781,-0.682507,0.652249]],[[0.582023,0.226234,-0.781068],[-0.0356523,0.966695,0.253434],[0.81239,-0.119658,0.570705]],[[0.582023,0.226234,-0.781068],[-0.0375252,0.966969,0.252118],[0.812306,-0.117428,0.571288]],[[0.582023,0.226234,-0.781068],[-0.164774,0.973405,0.15916],[0.796303,0.0360651,0.603822]]],0],[1171,[-0.943214,-0.100973,-0.316467],117,53.6124,[49.7845,198.203,-25.103],[51.2561,194.714,-25.7098],[38.02,-112.998,-13.47],false,[113.582,161.791,63.6372],[82.8725,190.149,11.1852],[79.7467,200.756,-26.3885],[58.9628,198.531,-33.3619],[48.3818,193.291,-23.2027],[[[0.0757619,-0.857914,-0.508178],[0.885785,0.291929,-0.360781],[0.45787,-0.422803,0.782044]],[[0.195013,-0.939551,-0.281451],[0.977548,0.209541,-0.0221706],[0.079806,-0.270809,0.959319]],[[0.195013,-0.939551,-0.281451],[0.268918,0.327184,-0.905889],[0.943214,0.100973,0.316467]],[[0.195013,-0.939551,-0.281451],[-0.70747,0.0639997,-0.70384],[0.679306,0.336376,-0.652223]]],1],[1172,[-0.984057,-0.0246279,-0.176141],117,61.087,[46.8677,180.257,-33.2446],[48.058,176.802,-34.0459],[34.996,-111.559,-15.1579],false,[115.552,152.944,57.0141],[87.2835,172.089,3.34911],[81.0523,179.842,-39.4525],[55.5413,179.204,-44.0188],[45.4672,176.049,-30.5258],[[[-0.015197,-0.94426,-0.328848],[0.895679,0.133332,-0.424243],[0.444442,-0.30099,0.843728]],[[0.0578583,-0.980825,-0.186103],[0.988202,0.0827466,-0.128876],[0.141804,-0.176451,0.974041]],[[0.0578583,-0.980825,-0.186103],[0.16818,0.193327,-0.966613],[0.984057,0.0246279,0.176141]],[[0.0578583,-0.980825,-0.186103],[-0.806765,0.0638653,-0.587411],[0.588033,0.184128,-0.7876]]],2],[1173,[-0.987844,-0.00646554,-0.155316],117,58.7368,[52.0204,158.848,-31.9542],[52.8211,154.262,-32.6133],[24.4511,-114.147,-11.6997],false,[115.785,142.755,52.3699],[91.6353,151.867,1.42986],[85.29,155.298,-38.6588],[60.3422,155.135,-42.5813],[50.3611,153.711,-28.8522],[[[-0.0171046,-0.985608,-0.168179],[0.906016,0.0558653,-0.419541],[0.422899,-0.159549,0.892021]],[[0.0204306,-0.995868,-0.088487],[0.98758,0.0338922,-0.153415],[0.15578,-0.0842537,0.984192]],[[0.0204306,-0.995868,-0.088487],[0.154102,0.0905845,-0.983894],[0.987844,0.00646554,0.155316]],[[0.0204306,-0.995868,-0.088487],[-0.810076,0.0353835,-0.585257],[0.585969,0.0836383,-0.806005]]],3],[1174,[-0.930613,0.237749,-0.278271],117,46.0486,[66.3045,147.79,-25.2948],[66.8808,142.999,-25.8713],[18.6538,-120.016,-8.61083],false,[111.396,130.551,52.0079],[92.4449,132.404,2.69383],[92.0237,138.65,-28.9279],[75.43,142.89,-33.8897],[64.3169,142.916,-22.7798],[[[-0.117507,-0.993041,0.00784024],[0.926105,-0.11243,-0.360125],[0.3585,-0.0350563,0.932871]],[[-0.190025,-0.963645,-0.187825],[0.981692,-0.183952,-0.0494127],[0.0130654,-0.193776,0.980959]],[[-0.190025,-0.963645,-0.187825],[0.31281,0.121914,-0.941959],[0.930613,-0.237749,0.278271]],[[-0.190025,-0.963645,-0.187825],[-0.680993,0.26718,-0.681809],[0.707205,-0.00165283,-0.707007]]],4],[1190,[0.698467,0.137321,-0.702344],119,43.7401,[-75.7424,164.073,18.6239],[-75.8548,163.367,18.5538],[-18.6472,-110.567,-16.1554],false,[-135.677,148.533,77.1804],[-135.677,148.533,77.1804],[-105.949,159.726,49.8653],[-85.9618,163.655,29.7673],[-72.9317,162.943,15.0867],[[[-0.92492,-0.0339804,-0.378639],[-0.29496,0.692497,0.658367],[-0.239835,-0.72062,0.650527]],[[-0.703966,0.308404,-0.639781],[0.0301459,0.912966,0.406921],[-0.709594,-0.267172,0.651993]],[[-0.703966,0.308404,-0.639781],[0.12875,0.941292,0.312079],[-0.698467,-0.137321,0.702344]],[[-0.703966,0.308404,-0.639781],[0.253701,0.950564,0.179063],[-0.663377,0.0362584,0.747407]]],0],[1191,[0.369968,0.186809,-0.910069],119,49.3558,[-122.606,202.065,-41.728],[-122.984,195.941,-42.6581],[-24.6189,-126.73,-13.362],false,[-151.688,150.459,65.5302],[-131.392,179.342,14.8712],[-139.927,192.939,-17.4156],[-132.422,196.728,-35.8769],[-120.855,195.839,-44.3055],[[[-0.210793,-0.81047,-0.546538],[-0.92061,0.352593,-0.167797],[-0.328699,-0.467778,0.820451]],[[-0.291718,-0.906673,-0.304704],[-0.926758,0.189093,0.324598],[0.236687,-0.377077,0.895428]],[[-0.291718,-0.906673,-0.304704],[-0.882057,0.378214,-0.280945],[-0.369968,-0.186809,0.910069]],[[-0.291718,-0.906673,-0.304704],[-0.514037,0.417253,-0.749444],[-0.806639,0.061997,0.587784]]],1],[1192,[0.516431,0.307159,-0.799345],119,56.237,[-118.326,194.463,-52.3204],[-118.669,188.653,-53.1114],[-28.8083,-130.57,-14.1956],false,[-154.996,142.909,59.2975],[-137.543,163.517,7.34218],[-142.813,180.326,-29.0744],[-130.488,187.657,-48.1516],[-116.066,189.036,-54.3861],[[[-0.0932131,-0.914371,-0.394001],[-0.949987,0.200141,-0.239726],[-0.298055,-0.35195,0.887296]],[[-0.0888915,-0.909184,-0.406796],[-0.987486,0.0270297,0.155371],[0.130265,-0.415516,0.90021]],[[-0.0888915,-0.909184,-0.406796],[-0.851703,0.281137,-0.442227],[-0.516431,-0.307159,0.799345]],[[-0.0888915,-0.909184,-0.406796],[-0.394974,0.407105,-0.823566],[-0.914382,-0.0874657,0.395292]]],2],[1193,[0.574598,0.166932,-0.80123],119,54.0733,[-112.452,164.403,-55.6083],[-113.081,158.859,-55.8887],[-26.8255,-135.896,-13.2331],false,[-156.465,133.921,54.463],[-142.75,145.265,4.99528],[-136.863,154.046,-30.9823],[-123.504,157.927,-49.6106],[-110.414,159.255,-58.1422],[[[-0.0641773,-0.968666,-0.239933],[-0.963236,0.122981,-0.238856],[-0.260879,-0.215783,0.940946]],[[-0.0624171,-0.967189,-0.246271],[-0.985626,0.0985467,-0.13722],[-0.156987,-0.234166,0.959438]],[[-0.0624171,-0.967189,-0.246271],[-0.816052,0.191517,-0.545326],[-0.574598,-0.166932,0.801231]],[[-0.0624171,-0.967189,-0.246271],[-0.547068,0.239536,-0.802084],[-0.834758,-0.0846632,0.544069]]],3],[1194,[0.430069,0.222144,-0.875039],119,42.3925,[-127.497,145.379,-45.464],[-128.002,139.591,-45.4857],[-22.3309,-128.685,-6.914],false,[-153.131,122.608,52.5661],[-144.184,127.352,4.96573],[-143.501,133.496,-24.0593],[-136.441,137.143,-38.4233],[-126.084,140.1,-48.0808],[[[0.0661028,-0.994045,-0.08663],[-0.98073,-0.0487296,-0.189191],[-0.183843,-0.0974668,0.978111]],[[0.087859,-0.974952,-0.204328],[-0.995867,-0.0812242,-0.0406513],[-0.0230367,-0.207055,0.978058]],[[0.087859,-0.974952,-0.204328],[-0.898511,0.010995,-0.438814],[-0.430069,-0.222144,0.875039]],[[0.087859,-0.974952,-0.204328],[-0.692631,0.0876293,-0.715949],[-0.715921,-0.204426,0.667583]]],4]],[[0,200,0],[235.247,235.247,147.751]]],[130859,6816826310,[[117,"right",[-0.295203,0.331425,-0.89611],[-0.948588,-0.213751,0.233435],[91.7568,159.148,23.9825],[38.126,-131.075,-4.89151],[90.5382,164.245,24.233],0,1,0.794546,[[0.0528395,-0.839845,-0.540248],[0.943352,0.219439,-0.248865],[0.327559,-0.496494,0.803865]],58.0909,[191.447,15.0773,262.425],[110.819,137.288,64.555]],[119,"left",[0.14842,0.365044,-0.919084],[0.959771,-0.277169,0.0449042],[-138.331,150.321,25.7059],[-22.2702,-118.151,-7.29104],[-137.418,156.472,26.1828],0,0.0415849,0.761478,[[-0.263651,-0.90039,-0.346103],[-0.843327,0.389333,-0.370433],[-0.468283,-0.194213,0.86197]],53.4787,[-256.178,85.0861,260.019],[-150.063,129.096,64.6922]]],[[1170,[-0.807949,0.139082,-0.572603],117,47.5124,[23.0581,172.974,26.0031],[24.5092,168.876,25.7597],[44.0689,-94.0001,-8.42958],false,[99.4326,158.033,79.4596],[99.4326,158.033,79.4596],[62.6612,164.508,53.4423],[37.5473,168.831,35.6438],[20.608,168.496,22.6755],[[[0.836784,-0.113926,-0.53555],[0.447539,0.705814,0.549123],[0.315439,-0.699176,0.6416]],[[0.588775,0.229619,-0.774996],[-0.0210058,0.962824,0.26931],[0.808024,-0.142284,0.571711]],[[0.588775,0.229619,-0.774996],[-0.0236924,0.963292,0.267408],[0.807949,-0.139082,0.572603]],[[0.588775,0.229619,-0.774996],[-0.151729,0.973154,0.173059],[0.793928,0.0156969,0.607809]]],0],[1171,[-0.943612,-0.0793387,-0.321407],117,53.6124,[50.8186,196.421,-25.0797],[52.8847,193.832,-25.206],[63.8413,-84.2683,5.94018],false,[114.302,158.319,63.7811],[84.2902,188.098,11.7139],[81.4825,199.395,-25.6832],[60.6899,197.647,-32.7654],[49.9803,192.418,-22.7365],[[[0.0629923,-0.850257,-0.522585],[0.89208,0.28274,-0.352493],[0.447465,-0.443984,0.776308]],[[0.179953,-0.937824,-0.296822],[0.98106,0.193099,-0.0153228],[0.0716862,-0.288442,0.95481]],[[0.179953,-0.937824,-0.296822],[0.277873,0.337923,-0.899219],[0.943612,0.0793387,0.321407]],[[0.179953,-0.937824,-0.296822],[-0.703478,0.0882165,-0.705221],[0.687557,0.335715,-0.643864]]],1],[1172,[-0.9829,-0.00406956,-0.184095],117,61.087,[47.8162,178.603,-33.3892],[49.4677,176.134,-33.933],[57.7469,-77.8526,-7.58376],false,[116.146,149.555,57.014],[88.4208,170.101,3.58429],[82.6107,178.681,-39.1189],[57.1297,178.575,-43.8914],[46.8894,175.375,-30.5349],[[[-0.0301397,-0.938082,-0.345099],[0.899494,0.125107,-0.418638],[0.435892,-0.323032,0.840029]],[[0.0419388,-0.978428,-0.202287],[0.990332,0.067503,-0.121182],[0.132222,-0.195249,0.9718]],[[0.0419388,-0.978428,-0.202287],[0.1793,0.206548,-0.961868],[0.9829,0.00406956,0.184095]],[[0.0419388,-0.978428,-0.202287],[-0.800598,0.0882167,-0.592673],[0.597733,0.186806,-0.779628]]],2],[1173,[-0.984257,0.0204416,-0.17556],117,58.7368,[52.5463,157.107,-32.2565],[53.7412,153.818,-33.1214],[37.0312,-68.5386,-28.2688],false,[116.222,139.444,52.196],[92.4318,149.843,1.33317],[86.4516,154.44,-38.6949],[61.5944,154.956,-43.1286],[51.1505,153.424,-29.7602],[[[-0.0333876,-0.982139,-0.185173],[0.908479,0.0474047,-0.415233],[0.416594,-0.18209,0.89067]],[[-0.000289667,-0.993475,-0.114053],[0.989164,0.0164602,-0.145891],[0.146816,-0.112859,0.982704]],[[-0.000289667,-0.993475,-0.114053],[0.176746,0.112207,-0.97784],[0.984256,-0.0204416,0.17556]],[[-0.000289667,-0.993475,-0.114053],[-0.78997,0.0701584,-0.609118],[0.613145,0.0899221,-0.784836]]],3],[1174,[-0.92511,0.258164,-0.27843],117,46.0486,[66.7924,145.578,-25.4431],[67.6433,141.853,-26.2053],[30.4004,-95.6572,-14.3576],false,[111.625,127.325,51.6083],[92.9017,130.35,2.26502],[92.7277,137.117,-29.2518],[76.2322,141.72,-34.2164],[65.0697,141.756,-23.1561],[[[-0.134592,-0.990854,-0.00967227],[0.925439,-0.122205,-0.358648],[0.354186,-0.0572223,0.933423]],[[-0.205578,-0.957067,-0.204354],[0.978626,-0.199892,-0.0483192],[0.00539596,-0.20992,0.977704]],[[-0.205578,-0.957067,-0.204354],[0.319233,0.131811,-0.938465],[0.92511,-0.258164,0.27843]],[[-0.205578,-0.957067,-0.204354],[-0.67316,0.289858,-0.680322],[0.710347,-0.00229609,-0.703848]]],4],[1190,[0.697185,0.133294,-0.70439],119,43.7401,[-76.2968,161.706,18.2897],[-76.3767,161.312,18.2853],[-23.93,-114.322,-15.7884],false,[-136.087,146.8,77.1058],[-136.087,146.8,77.1058],[-106.418,157.851,49.6682],[-86.4678,161.666,29.5116],[-73.4574,160.869,14.8179],[[[-0.925395,-0.0385014,-0.377043],[-0.295324,0.696771,0.653677],[-0.237545,-0.71626,0.656159]],[[-0.705454,0.30237,-0.64102],[0.0289329,0.915962,0.40022],[-0.708165,-0.26379,0.654918]],[[-0.705454,0.30237,-0.64102],[0.127543,0.943825,0.304841],[-0.697185,-0.133294,0.70439]],[[-0.705454,0.30237,-0.64102],[0.252177,0.952328,0.17169],[-0.662376,0.0405307,0.748075]]],0],[1191,[0.370531,0.179857,-0.91124],119,49.3558,[-123.076,199.37,-42.0461],[-123.64,193.329,-43.0457],[-29.2234,-138.429,-17.3888],false,[-152.118,148.611,65.4649],[-131.949,177.158,14.5654],[-140.557,190.501,-17.8075],[-133.04,194.149,-36.2926],[-121.448,193.191,-44.6781],[[[-0.210046,-0.814866,-0.540254],[-0.921512,0.349621,-0.169058],[-0.326644,-0.462341,0.824345]],[[-0.290442,-0.909438,-0.297601],[-0.926635,0.189719,0.324585],[0.238729,-0.370041,0.897819]],[[-0.290442,-0.909438,-0.297601],[-0.882242,0.374933,-0.284737],[-0.370531,-0.179857,0.91124]],[[-0.290442,-0.909438,-0.297601],[-0.511931,0.410436,-0.754632],[-0.808437,0.066826,0.584777]]],1],[1192,[0.516077,0.301399,-0.801763],119,56.237,[-118.897,191.639,-52.6438],[-119.365,185.96,-53.4614],[-32.9895,-142.77,-16.6408],false,[-155.42,141.008,59.2927],[-138.081,161.266,7.16196],[-143.47,177.783,-29.3704],[-131.154,184.977,-48.5053],[-116.719,186.307,-54.7187],[[[-0.0920517,-0.91742,-0.387126],[-0.950704,0.196589,-0.239822],[-0.296122,-0.345966,0.890292]],[[-0.0878851,-0.912473,-0.399587],[-0.98718,0.0261278,0.157456],[0.133234,-0.408302,0.903071]],[[-0.0878851,-0.912473,-0.399587],[-0.852022,0.276681,-0.444418],[-0.516077,-0.301399,0.801763]],[[-0.0878851,-0.912473,-0.399587],[-0.393193,0.400344,-0.827722],[-0.915246,-0.0843703,0.393962]]],2],[1193,[0.572733,0.160019,-0.803972],119,54.0733,[-113.057,161.414,-55.894],[-113.776,156.101,-56.1123],[-33.1456,-148.47,-12.9812],false,[-156.879,131.982,54.5266],[-143.256,142.988,4.95697],[-137.517,151.436,-31.1238],[-124.201,155.157,-49.8159],[-111.117,156.415,-58.3659],[[[-0.0626933,-0.970525,-0.232705],[-0.963807,0.119412,-0.238364],[-0.259126,-0.209339,0.942884]],[[-0.0615566,-0.969597,-0.236837],[-0.9863,0.0954757,-0.134522],[-0.153044,-0.225311,0.962191]],[[-0.0615566,-0.969597,-0.236837],[-0.817428,0.185134,-0.54547],[-0.572733,-0.160019,0.803972]],[[-0.0615566,-0.969597,-0.236837],[-0.547667,0.231187,-0.804123],[-0.834429,-0.0802084,0.545247]]],3],[1194,[0.429875,0.215912,-0.876693],119,42.3925,[-127.977,142.605,-45.5868],[-128.561,136.94,-45.5],[-25.9134,-140.231,-3.35467],false,[-153.527,120.662,52.7082],[-144.657,125.072,5.06133],[-144.027,130.986,-24.0127],[-136.971,134.53,-38.4039],[-126.603,137.425,-48.0683],[[[0.0678533,-0.99453,-0.0794072],[-0.980906,-0.0519601,-0.187412],[-0.182261,-0.0906076,0.979066]],[[0.0892987,-0.976393,-0.19668],[-0.995779,-0.083312,-0.038522],[-0.0212268,-0.19929,0.979711]],[[0.0892987,-0.976393,-0.19668],[-0.898462,0.00626017,-0.439007],[-0.429875,-0.215912,0.876693]],[[0.0892987,-0.976393,-0.19668],[-0.691648,0.0813022,-0.717644],[-0.716693,-0.200118,0.66806]]],4]],[[0,200,0],[235.247,235.247,147.751]]],[130860,6816835435,[[117,"right",[-0.291682,0.337666,-0.894932],[-0.950248,-0.209225,0.230769],[92.1402,158.263,24.0335],[39.2089,-121.615,-1.97956],[90.8595,163.046,24.193],0,1,0.795491,[[0.0518369,-0.84446,-0.533104],[0.942698,0.21756,-0.25296],[0.329597,-0.489443,0.807348]],58.0909,[192.131,15.6111,263.255],[111.002,136.086,64.5279]],[119,"left",[0.147527,0.363515,-0.919833],[0.959842,-0.276992,0.0444777],[-138.498,149.563,25.6359],[-21.1676,-108.384,-7.39608],[-137.581,155.433,26.1006],0,0.0420451,0.765117,[[-0.264888,-0.901392,-0.342531],[-0.843461,0.388747,-0.370742],[-0.467342,-0.190706,0.863263]],53.4787,[-256.093,85.1876,260.288],[-150.191,128.403,64.6687]]],[[1170,[-0.806107,0.144996,-0.573732],117,47.5124,[23.3941,172.079,25.9333],[24.9551,168.278,25.7213],[45.4271,-87.358,-7.56923],false,[99.7145,156.824,79.5172],[99.7145,156.824,79.5172],[63.0267,163.612,53.4616],[37.9701,168.119,35.6279],[21.0618,167.878,22.6171],[[[0.837,-0.116262,-0.534709],[0.450818,0.700363,0.553403],[0.310151,-0.704255,0.638617]],[[0.591436,0.229984,-0.772859],[-0.0163976,0.961696,0.273629],[0.806185,-0.149161,0.572553]],[[0.591436,0.229984,-0.772859],[-0.0198873,0.962332,0.271148],[0.806107,-0.144996,0.573732]],[[0.591436,0.229984,-0.772859],[-0.148972,0.973129,0.175577],[0.792471,0.0112918,0.609805]]],0],[1171,[-0.943543,-0.0721176,-0.323305],117,53.6124,[51.3367,195.696,-25.0353],[53.5523,193.421,-25.0432],[66.4434,-73.2905,9.15921],false,[114.612,157.1,63.8653],[84.8681,187.318,11.8976],[82.1862,198.816,-25.4473],[61.3951,197.227,-32.5713],[50.6372,192.013,-22.5867],[[[0.058793,-0.847995,-0.526733],[0.894358,0.279145,-0.349574],[0.443472,-0.450535,0.774823]],[[0.174852,-0.937395,-0.301194],[0.982211,0.187341,-0.012852],[0.0684732,-0.293589,0.953476]],[[0.174852,-0.937395,-0.301194],[0.281343,0.34072,-0.897082],[0.943543,0.0721176,0.323305]],[[0.174852,-0.937395,-0.301194],[-0.701721,0.0959407,-0.705963],[0.690663,0.334793,-0.641014]]],1],[1172,[-0.982301,0.0030032,-0.187286],117,61.087,[48.2865,177.949,-33.4383],[50.0587,175.795,-33.8937],[60.1169,-66.4507,-5.31892],false,[116.415,148.358,57.0574],[88.9048,169.337,3.68487],[83.2533,178.162,-38.9896],[57.7878,178.24,-43.8448],[47.4782,175.039,-30.542],[[[-0.0351662,-0.936147,-0.349845],[0.900941,0.121804,-0.416496],[0.432514,-0.329837,0.83913]],[[0.0364789,-0.977659,-0.207007],[0.991024,0.0620497,-0.118412],[0.128611,-0.200829,0.971147]],[[0.0364789,-0.977659,-0.207007],[0.183723,0.210175,-0.960246],[0.982301,-0.0030032,0.187286]],[[0.0364789,-0.977659,-0.207007],[-0.797828,0.0962469,-0.595153],[0.60178,0.186866,-0.776493]]],2],[1173,[-0.983646,0.0291041,-0.177745],117,58.7368,[52.8239,156.431,-32.3771],[54.1832,153.539,-33.1531],[40.4894,-56.197,-22.0868],false,[116.439,138.272,52.189],[92.7982,149.067,1.339],[86.9258,154.022,-38.6623],[62.084,154.757,-43.1512],[51.5906,153.198,-29.8247],[[[-0.038951,-0.980982,-0.190148],[0.909455,0.0440326,-0.413465],[0.413974,-0.189036,0.890444]],[[-0.00734663,-0.99252,-0.12186],[0.989526,0.0103538,-0.143986],[0.14417,-0.121641,0.982048]],[[-0.00734663,-0.99252,-0.12186],[0.179962,