{"metadata":{"formatVersion":2,"generatedBy":"LeapJS Playback 0.2.1","frames":63,"frameRate":"80","modified":"Sun Apr 12 2015 22:28:54 GMT-0300 (E. South America Standard Time)","title":"poder"},"frames":[["id","timestamp",{"hands":[["id","type","direction","palmNormal","palmPosition","palmVelocity","stabilizedPalmPosition","pinchStrength","grabStrength","confidence","armBasis","armWidth","elbow","wrist"]]},{"pointables":[["id","direction","handId","length","stabilizedTipPosition","tipPosition","tipVelocity","tool","carpPosition","mcpPosition","pipPosition","dipPosition","btipPosition","bases","type"]]},{"interactionBox":["center","size"]}],[138498,6926218214,[[134,"right",[0.113471,0.295203,-0.948673],[-0.960207,-0.212677,-0.18103],[58.1085,121.742,-3.89495],[8.09095,-184.883,-32.4941],[57.6098,128.56,-2.58485],0.738304,1,0.418629,[[0.227381,-0.771668,-0.593993],[0.966487,0.25347,0.0406839],[0.119165,-0.583337,0.803441]],56.162,[86.4368,-36.5762,231.403],[58.0786,102.243,40.2041]],[135,"left",[-0.0202537,0.402346,-0.915264],[0.995592,-0.0757348,-0.0553239],[-79.0917,108.107,-0.827433],[29.0471,-152.613,-31.8572],[-79.7906,113.055,0.27976],0.92035,1,0.399445,[[-0.0967621,-0.927549,-0.360958],[-0.987616,0.134476,-0.0808106],[-0.123496,-0.348668,0.929074]],55.6483,[-111.622,1.12883,258.962],[-82.5023,83.3442,39.8883]]],[[1340,[-0.304583,-0.121878,-0.944656],134,45.9347,[17.6821,122.533,-26.736],[17.4976,120.652,-27.0913],[4.20812,-209.349,-12.7335],false,[42.1838,122.733,47.858],[42.1838,122.733,47.858],[28.5383,137.328,8.65997],[19.3851,133.666,-19.7283],[17.2408,115.409,-29.0882],[[[0.983669,-0.126991,-0.12755],[0.17975,0.729541,0.659894],[0.00925227,-0.672044,0.740453]],[[0.948777,0.048614,-0.312184],[0.0602519,0.942118,0.329824],[0.310148,-0.331739,0.890931]],[[0.948777,0.048614,-0.312184],[-0.0839718,0.991354,-0.100828],[0.304583,0.121878,0.944656]],[[0.948777,0.048614,-0.312184],[-0.298355,0.462964,-0.834655],[0.103954,0.885043,0.453754]]],0],[1341,[-0.237962,-0.46123,0.854775],134,51.8322,[19.1112,132.555,2.91386],[19.8315,128.141,2.32522],[13.4038,-157.852,-24.7586],false,[61.6164,122.561,40.1873],[56.8057,149.206,-18.7328],[20.5412,141.395,-26.333],[15.4718,131.569,-8.12329],[20.6878,127.113,5.28222],[[[0.27063,-0.868675,-0.414926],[0.95982,0.276692,0.0467571],[0.07419,-0.410908,0.908653]],[[0.272019,-0.876484,-0.397217],[0.0939883,0.435008,-0.895508],[0.957691,0.206261,0.200709]],[[0.272019,-0.876484,-0.397217],[-0.932405,-0.137992,-0.334033],[0.237962,0.46123,-0.854775]],[[0.272019,-0.876484,-0.397217],[-0.897793,-0.379735,0.223089],[-0.346371,0.295934,-0.890197]]],1],[1342,[-0.284226,-0.318075,0.904458],134,59.0586,[18.2912,122.41,4.76798],[18.8533,117.638,4.26793],[8.72761,-156.705,-17.8493],false,[65.9234,113.863,35.331],[63.5987,131.558,-23.5148],[21.7323,128.79,-30.1758],[14.6086,120.818,-7.50698],[19.8597,116.655,7.63995],[[[0.110547,-0.95056,-0.290199],[0.993152,0.11676,-0.00412622],[0.037806,-0.287756,0.956957]],[[0.110205,-0.947951,-0.298738],[0.129166,0.31168,-0.941367],[0.98548,0.0651569,0.156791]],[[0.110205,-0.947951,-0.298738],[-0.952402,-0.0147668,-0.304486],[0.284226,0.318075,-0.904458]],[[0.110205,-0.947951,-0.298738],[-0.941987,-0.195495,0.272839],[-0.31704,0.251339,-0.914502]]],2],[1343,[-0.301741,-0.182142,0.93583],134,56.7865,[25.2994,110.307,6.30722],[25.643,105.012,5.75125],[-5.09203,-159.043,-18.2296],false,[67.8754,103.922,31.5089],[67.8693,111.937,-23.1162],[28.9678,111.475,-29.2192],[21.6004,107.028,-6.36983],[26.5155,104.412,9.12818],[[[0.0397214,-0.988624,-0.14507],[0.999211,0.0393164,0.00565871],[0.000109287,-0.14518,0.989405]],[[0.0396948,-0.98313,-0.178549],[0.150266,0.182531,-0.971649],[0.987848,0.0117396,0.154976]],[[0.0396948,-0.98313,-0.178549],[-0.952563,0.0167279,-0.30388],[0.301741,0.182142,-0.93583]],[[0.0396948,-0.98313,-0.178549],[-0.953596,-0.090647,0.28712],[-0.298461,0.158866,-0.941107]]],3],[1344,[-0.303561,0.0970396,0.947858],134,44.5195,[35.3529,104.263,0.958936],[35.508,98.4566,0.344844],[-8.52459,-167.104,-13.431],false,[63.9888,92.156,29.5564],[67.7437,93.1433,-21.4034],[37.3499,96.856,-27.2085],[32.1168,98.5289,-10.8684],[36.5125,98.8086,3.67136],[[[-0.126181,-0.991597,-0.0285094],[0.989283,-0.127911,0.0704154],[-0.0734704,-0.0193187,0.99711]],[[-0.132134,-0.989475,0.058983],[0.17728,-0.0821354,-0.980727],[0.97525,-0.119131,0.186267]],[[-0.132134,-0.989475,0.058983],[-0.943605,0.10734,-0.313188],[0.303561,-0.0970396,-0.947858]],[[-0.132134,-0.989475,0.058983],[-0.948064,0.143525,0.283858],[-0.289336,-0.0184122,-0.95705]]],4],[1350,[0.333286,0.132935,-0.933407],135,45.5146,[-51.1422,131.163,-8.70385],[-50.1648,126.814,-9.61541],[3.91153,-126.073,-19.3045],false,[-70.7714,104.142,52.0366],[-70.7714,104.142,52.0366],[-65.5085,137.372,24.3146],[-55.5844,141.331,-3.47907],[-49.8144,123.288,-11.1547],[[[-0.931287,-0.220877,-0.289686],[-0.363638,0.611102,0.70308],[-0.0217336,-0.76011,0.64943]],[[-0.92483,-0.146407,-0.351075],[-0.360713,0.63049,0.687291],[-0.120725,-0.762265,0.635907]],[[-0.92483,-0.146407,-0.351075],[-0.183328,0.980252,0.0741467],[-0.333286,-0.132935,0.933407]],[[-0.92483,-0.146407,-0.351075],[0.254935,0.446421,-0.857739],[-0.282306,0.882764,0.37554]]],0],[1351,[0.16178,-0.542963,0.824026],135,51.3581,[-44.5082,122.209,11.7859],[-44.33,118.147,11.3094],[22.801,-139.716,-21.4163],false,[-88.6069,102.769,41.6175],[-79.4097,136.982,-11.9825],[-42.0927,134.767,-15.1913],[-38.6777,123.306,2.20276],[-45.4407,116.722,13.7593],[[[-0.0936772,-0.831843,-0.547048],[-0.985258,0.156457,-0.0691927],[-0.143147,-0.532502,0.834237]],[[-0.09581,-0.839723,-0.534496],[-0.0402578,0.539796,-0.840833],[-0.994585,0.0590426,0.0855232]],[[-0.09581,-0.839723,-0.534496],[0.982165,0.00752087,-0.187872],[-0.16178,0.542963,-0.824026]],[[-0.09581,-0.839723,-0.534496],[0.886224,-0.316461,0.338319],[0.453242,0.441268,-0.774503]]],1],[1352,[0.0967946,-0.41421,0.90502],135,58.5185,[-45.4976,110.482,14.7969],[-44.8889,106.496,13.9951],[25.4998,-140.108,-21.6524],false,[-90.9945,94.4265,35.266],[-83.0511,119.616,-19.6419],[-41.0323,121.649,-18.1434],[-38.6285,111.363,4.33209],[-46.7727,104.927,17.0441],[[[0.0571886,-0.91054,-0.409445],[-0.989815,0.00184298,-0.142349],[-0.130369,-0.413416,0.901161]],[[0.0588079,-0.905321,-0.420638],[0.0119114,0.421973,-0.90653],[-0.998198,-0.0483007,-0.035599]],[[0.0588079,-0.905321,-0.420638],[0.993566,0.0939378,-0.0632714],[-0.0967946,0.41421,-0.90502]],[[0.0588079,-0.905321,-0.420638],[0.866187,-0.163189,0.472323],[0.496248,0.392127,-0.77458]]],2],[1353,[0.1468,-0.254959,0.955744],135,56.2671,[-48.502,98.8372,13.6402],[-47.973,94.4191,12.7626],[30.742,-141.624,-21.5062],false,[-91.0689,85.003,30.1371],[-84.6849,99.9359,-22.1019],[-45.9162,104.203,-20.9467],[-42.3647,98.0344,2.17546],[-49.4598,93.2355,16.0637],[[[0.111833,-0.958984,-0.260466],[-0.986851,-0.0763955,-0.142439],[-0.116698,-0.27297,0.954918]],[[0.113273,-0.955522,-0.272298],[-0.00148782,0.273899,-0.961757],[-0.993563,-0.109346,-0.0296037]],[[0.113273,-0.955522,-0.272298],[0.982659,0.148233,-0.111391],[-0.1468,0.254959,-0.955744]],[[0.113273,-0.955522,-0.272298],[0.893364,-0.0219901,0.448794],[0.434821,0.294098,-0.851139]]],3],[1354,[0.198626,-0.0921038,0.975738],135,44.1123,[-54.1579,89.715,4.92976],[-53.7163,85.2392,3.98703],[37.0349,-143.376,-23.8182],false,[-85.4792,74.218,27.5046],[-82.3298,81.3899,-22.5259],[-52.5596,89.5808,-23.0044],[-49.1669,88.0076,-6.33765],[-54.6909,84.4699,7.21127],[[[0.259084,-0.958239,-0.121054],[-0.96385,-0.248437,-0.0962887],[-0.0621932,-0.141625,0.987965]],[[0.260411,-0.954828,-0.143141],[-0.0527651,0.13396,-0.989581],[-0.964055,-0.265251,0.015497]],[[0.260411,-0.954828,-0.143141],[0.944846,0.282524,-0.165669],[-0.198626,0.0921038,-0.975738]],[[0.260411,-0.954828,-0.143141],[0.893043,0.181859,0.411585],[0.366961,0.235012,-0.90006]]],4]],[[0,200,0],[235.247,235.247,147.751]]],[138499,6926228239,[[134,"right",[0.11589,0.255824,-0.959752],[-0.973381,-0.16311,-0.161012],[57.4797,117.481,-4.49901],[-13.1973,-257.057,-40.8397],[57.5695,125.127,-3.17802],0.737477,1,0.425328,[[0.16006,-0.791143,-0.590316],[0.978602,0.205513,-0.0100892],[0.1293,-0.57607,0.807109]],56.162,[87.7688,-37.5653,232.319],[56.9987,99.5247,40.2474]],[135,"left",[-0.0202343,0.402666,-0.915123],[0.996265,-0.0687258,-0.0522686],[-78.5329,106.529,-0.953358],[37.0706,-154.052,-26.0563],[-79.473,111.406,-0.0316818],0.91954,1,0.400453,[[-0.0903322,-0.931226,-0.353069],[-0.988158,0.127959,-0.084675],[-0.12403,-0.341239,0.931758]],55.6483,[-111.142,1.25853,259.446],[-81.8961,81.7219,39.7394]]],[[1340,[-0.325239,-0.13659,-0.935715],134,45.9347,[17.2283,119.959,-26.8239],[16.532,117.959,-27.1087],[-28.0436,-225.646,-8.62825],false,[42.4151,121.143,47.3913],[42.4151,121.143,47.3913],[29.0419,135.231,7.91486],[19.268,131.126,-20.2047],[15.9338,112.737,-28.9338],[[[0.9728,-0.187621,-0.135861],[0.230945,0.739965,0.631756],[-0.0179982,-0.645949,0.763168]],[[0.945186,-0.016573,-0.326111],[0.119295,0.947201,0.297623],[0.303961,-0.320212,0.897258]],[[0.945186,-0.016573,-0.326111],[-0.0290359,0.990489,-0.134493],[0.325239,0.13659,0.935715]],[[0.945186,-0.016573,-0.326111],[-0.283719,0.452692,-0.845325],[0.161638,0.891513,0.423176]]],0],[1341,[-0.249736,-0.416965,0.873941],134,51.8322,[19.2032,130.685,2.61694],[19.7397,126.282,2.01841],[7.30874,-165.701,-25.6978],false,[61.6891,119.593,39.4787],[57.5233,144.455,-20.2637],[20.7589,138.472,-27.0789],[15.4386,129.589,-8.46087],[20.6083,125.309,5.02003],[[[0.214387,-0.896383,-0.387989],[0.974634,0.222448,0.0246135],[0.0642442,-0.383424,0.921335]],[[0.215621,-0.903824,-0.369607],[0.104263,0.397657,-0.911591],[0.970895,0.158022,0.179978]],[[0.215621,-0.903824,-0.369607],[-0.944002,-0.0961353,-0.315624],[0.249736,0.416965,-0.873941]],[[0.215621,-0.903824,-0.369607],[-0.914143,-0.319908,0.249],[-0.343292,0.284184,-0.895204]]],1],[1342,[-0.287601,-0.27042,0.918781],134,59.0586,[18.2056,120.497,4.60936],[18.1904,115.917,4.32404],[-13.4563,-161.055,-10.3344],false,[65.4197,110.502,34.8718],[63.2261,126.294,-24.5179],[21.1718,125.709,-30.5112],[13.9635,118.932,-7.48333],[19.2053,114.99,7.72595],[[[0.0517815,-0.964644,-0.258419],[0.998021,0.0592292,-0.0211132],[0.0356727,-0.256814,0.965802]],[[0.0514577,-0.962289,-0.267118],[0.132075,0.271681,-0.953282],[0.989903,0.013774,0.141074]],[[0.0514577,-0.962289,-0.267118],[-0.956367,0.0295451,-0.29067],[0.287601,0.27042,-0.918781]],[[0.0514577,-0.962289,-0.267118],[-0.947205,-0.131787,0.292292],[-0.316472,0.237975,-0.918267]]],2],[1343,[-0.294872,-0.132831,0.946259],134,56.7865,[24.953,108.2,6.22462],[24.3092,102.977,6.17274],[-42.2426,-172.143,0.939115],false,[66.7439,100.341,31.3723],[66.3761,106.485,-23.4936],[27.4168,108.048,-29.0183],[20.2172,104.804,-5.91428],[25.2534,102.438,9.58493],[[[-0.0189167,-0.993624,-0.111145],[0.999799,-0.0180585,-0.00872372],[0.00666099,-0.111287,0.993766]],[[-0.0191321,-0.989272,-0.14483],[0.144533,0.140599,-0.97946],[0.989315,-0.0396719,0.140293]],[[-0.0191321,-0.989272,-0.14483],[-0.955345,0.0608103,-0.289167],[0.294872,0.132831,-0.946259]],[[-0.0191321,-0.989272,-0.14483],[-0.951896,-0.0262858,0.305292],[-0.305824,0.143704,-0.941181]]],3],[1344,[-0.287816,0.148255,0.946141],134,44.5195,[34.802,101.748,0.884481],[33.5831,95.7306,0.776218],[-64.5718,-198.594,2.23232],false,[62.1636,88.7586,29.8804],[65.2043,87.7985,-21.1274],[35.0014,93.0393,-26.7474],[30.0397,95.595,-10.437],[34.5947,96.1456,4.04596],[[[-0.182953,-0.983092,0.00759932],[0.98132,-0.182144,0.0619268],[-0.0594956,0.018787,0.998052]],[[-0.18751,-0.977547,0.0961353],[0.160113,-0.126981,-0.978897],[0.969125,-0.168161,0.180328]],[[-0.18751,-0.977547,0.0961353],[-0.939149,0.149742,-0.309153],[0.287816,-0.148255,-0.946141]],[[-0.18751,-0.977547,0.0961353],[-0.935387,0.207578,0.286291],[-0.299818,-0.0362412,-0.953308]]],4],[1350,[0.334224,0.136934,-0.932493],135,45.5146,[-51.0472,129.827,-8.88695],[-49.8147,125.507,-9.61679],[13.4639,-127.762,-13.6715],false,[-70.3491,102.595,51.9342],[-70.3491,102.595,51.9342],[-65.299,135.902,24.264],[-55.3469,139.979,-3.50247],[-49.4207,121.977,-11.1551],[[[-0.928812,-0.22725,-0.292687],[-0.370093,0.608175,0.702249],[-0.0184186,-0.760579,0.648984]],[[-0.922811,-0.153598,-0.353309],[-0.367424,0.626657,0.687242],[-0.115845,-0.764008,0.634722]],[[-0.922811,-0.153598,-0.353309],[-0.191609,0.978599,0.0750277],[-0.334224,-0.136934,0.932493]],[[-0.922811,-0.153598,-0.353309],[0.253673,0.447954,-0.857314],[-0.289949,0.880764,0.374413]]],0],[1351,[0.1632,-0.542232,0.824227],135,51.3581,[-44.2064,120.723,11.5903],[-43.8727,116.808,11.2927],[29.5949,-137.786,-15.4033],false,[-88.1422,101.103,41.4591],[-79.0188,135.407,-12.0951],[-41.6775,133.457,-15.1918],[-38.2326,122.011,2.20653],[-44.9825,115.373,13.7398],[[[-0.0861451,-0.832197,-0.547747],[-0.986111,0.149583,-0.0721754],[-0.141998,-0.533922,0.833525]],[[-0.0882626,-0.840102,-0.535199],[-0.0415176,0.539932,-0.840684],[-0.995232,0.0519808,0.0825349]],[[-0.0882626,-0.840102,-0.535199],[0.982637,0.0145962,-0.184964],[-0.1632,0.542232,-0.824227]],[[-0.0882626,-0.840102,-0.535199],[0.887451,-0.310331,0.340773],[0.452373,0.444885,-0.77294]]],1],[1352,[0.0972314,-0.413981,0.905078],135,58.5185,[-45.182,108.972,14.5973],[-44.3601,105.153,13.9657],[33.8243,-138.103,-16.3119],false,[-90.4515,92.7468,35.0962],[-82.5146,118.02,-19.7744],[-40.5157,120.355,-18.1623],[-38.101,110.074,4.3146],[-46.2377,103.575,16.9988],[[[0.0648411,-0.909906,-0.409715],[-0.989357,-0.00502176,-0.145422],[-0.130263,-0.414784,0.900547]],[[0.0664625,-0.904656,-0.420928],[0.0112908,0.422515,-0.906285],[-0.997725,-0.0554814,-0.0382957]],[[0.0664625,-0.904656,-0.420928],[0.99304,0.101081,-0.0604468],[-0.0972314,0.413981,-0.905078]],[[0.0664625,-0.904656,-0.420928],[0.865894,-0.157325,0.474843],[0.495793,0.396038,-0.77288]]],2],[1353,[0.145468,-0.25446,0.95608],135,56.2671,[-48.157,97.2577,13.4243],[-47.3627,93.0501,12.7305],[39.7029,-140.077,-15.9667],false,[-90.4438,83.3257,29.9624],[-84.0027,98.3299,-22.2491],[-45.2686,102.866,-20.9662],[-41.7494,96.7101,2.16413],[-48.8552,91.8542,16.027],[[[0.119361,-0.958043,-0.260591],[-0.985844,-0.0832375,-0.145541],[-0.117744,-0.274274,0.954416]],[[0.120816,-0.954558,-0.272438],[-0.000288914,0.274414,-0.961612],[-0.992675,-0.116257,-0.0328779]],[[0.120816,-0.954558,-0.272438],[0.981959,0.155141,-0.108114],[-0.145468,0.25446,-0.95608]],[[0.120816,-0.954558,-0.272438],[0.892053,-0.0159987,0.451648],[0.435483,0.297595,-0.849583]]],3],[1354,[0.196906,-0.091054,0.976185],135,44.1123,[-53.7602,88.1266,4.68422],[-52.9962,83.8413,3.92536],[47.5318,-142.096,-18.6338],false,[-84.7706,72.5815,27.342],[-81.5163,79.8011,-22.6749],[-51.8035,88.2023,-23.0668],[-48.4401,86.6469,-6.39239],[-53.9712,83.0651,7.14205],[[[0.26617,-0.956337,-0.120722],[-0.961782,-0.255137,-0.0994047],[-0.0642637,-0.142567,0.987697]],[[0.267544,-0.952898,-0.142848],[-0.0509548,0.134053,-0.989663],[-0.962197,-0.272058,0.0126895]],[[0.267544,-0.952898,-0.142848],[0.943211,0.289301,-0.163271],[-0.196906,0.091054,-0.976185]],[[0.267544,-0.952898,-0.142848],[0.890739,0.188062,0.413784],[0.36743,0.237946,-0.899098]]],4]],[[0,200,0],[235.247,235.247,147.751]]],[138500,6926235868,[[134,"right",[0.111176,0.240916,-0.964157],[-0.97542,-0.159274,-0.152273],[57.3169,115.357,-4.93568],[-15.1389,-262.171,-44.7462],[57.4998,122.433,-3.6626],0.740094,1,0.430673,[[0.148841,-0.795099,-0.587932],[0.979617,0.199664,-0.0220186],[0.134896,-0.572671,0.808611]],56.162,[89.1195,-38.2167,232.502],[57.0177,98.0644,40.0733]],[135,"left",[-0.0166191,0.401061,-0.915901],[0.996466,-0.0687896,-0.048203],[-78.2153,105.265,-1.21821],[38.1562,-156.809,-28.1193],[-79.2135,110.139,-0.276512],0.919443,1,0.400535,[[-0.0893191,-0.93353,-0.347195],[-0.988341,0.126228,-0.0851402],[-0.123307,-0.335542,0.93392]],55.6483,[-110.815,1.40946,259.721],[-81.7391,80.5297,39.5043]]],[[1340,[-0.33235,-0.146315,-0.931738],134,45.9347,[16.8956,118.071,-26.9354],[16.2526,115.945,-27.2775],[-31.129,-227.373,-12.1749],false,[42.617,119.878,46.9914],[42.617,119.878,46.9914],[29.1098,133.773,7.49237],[19.1222,129.376,-20.5077],[15.5712,110.952,-29.0763],[[[0.970692,-0.195781,-0.139377],[0.239722,0.747709,0.619246],[-0.0170234,-0.634509,0.772728]],[[0.942872,-0.0273054,-0.332033],[0.129382,0.948421,0.289411],[0.307005,-0.315837,0.897772]],[[0.942872,-0.0273054,-0.332033],[-0.0231401,0.988861,-0.147032],[0.33235,0.146315,0.931738]],[[0.942872,-0.0273054,-0.332033],[-0.28523,0.448825,-0.846876],[0.172149,0.893202,0.415396]]],0],[1341,[-0.246222,-0.4021,0.881867],134,51.8322,[19.2432,129.159,2.36987],[19.6758,124.495,1.70493],[3.87448,-181.966,-29.0138],false,[61.8284,118.089,38.9779],[57.4256,142.095,-21.0971],[20.5794,136.237,-27.5718],[15.334,127.671,-8.78498],[20.5691,123.564,4.72433],[[[0.206216,-0.903346,-0.376086],[0.976148,0.216587,0.015007],[0.0678988,-0.37021,0.926463]],[[0.207546,-0.910648,-0.357275],[0.100445,0.383136,-0.918214],[0.973055,0.154686,0.170989]],[[0.207546,-0.910648,-0.357275],[-0.946731,-0.0950594,-0.307676],[0.246222,0.4021,-0.881867]],[[0.207546,-0.910648,-0.357275],[-0.914371,-0.310389,0.259969],[-0.347634,0.272726,-0.89709]]],1],[1342,[-0.279641,-0.255323,0.925533],134,59.0586,[18.1575,118.942,4.50179],[18.1446,114.155,4.21939],[-9.97844,-178.011,-9.72197],false,[65.4717,108.908,34.4817],[62.9866,123.837,-25.1194],[20.8792,123.409,-30.7422],[13.8705,117.009,-7.54508],[19.2444,113.263,7.66748],[[[0.0440419,-0.968656,-0.24447],[0.998212,0.052567,-0.0284542],[0.0404134,-0.24278,0.969239]],[[0.0436674,-0.966376,-0.253397],[0.125348,0.256934,-0.958266],[0.991151,0.0100822,0.132353]],[[0.0436674,-0.966376,-0.253397],[-0.959111,0.0304443,-0.281387],[0.279641,0.255323,-0.925533]],[[0.0436674,-0.966376,-0.253397],[-0.944894,-0.122322,0.303666],[-0.324452,0.226173,-0.918464]]],2],[1343,[-0.286985,-0.117189,0.95074],134,56.7865,[24.7222,106.51,6.18641],[24.172,101.216,6.18988],[-35.1765,-186.282,2.16897],false,[66.7092,98.6879,31.1242],[66.0192,104.025,-23.823],[27.0283,105.748,-29.0705],[20.0212,102.887,-5.85702],[25.1873,100.717,9.62828],[[[-0.0258666,-0.995013,-0.096329],[0.999587,-0.0245395,-0.0149361],[0.0124977,-0.0966756,0.995237]],[[-0.0262764,-0.991152,-0.130102],[0.137764,0.125314,-0.982506],[0.990117,-0.04374,0.133252]],[[-0.0262764,-0.991152,-0.130102],[-0.957575,0.0623192,-0.281366],[0.286985,0.117189,-0.95074]],[[-0.0262764,-0.991152,-0.130102],[-0.949157,-0.0161049,0.314392],[-0.313705,0.131748,-0.940336]]],3],[1344,[-0.283931,0.165365,0.944477],134,44.5195,[34.382,99.7536,0.828551],[33.2679,93.8686,0.762167],[-59.9287,-209.516,0.346827],false,[62.0468,87.1142,29.8332],[64.746,85.3834,-21.1735],[34.5502,90.7196,-26.7421],[29.6556,93.5703,-10.4604],[34.2628,94.3285,3.99665],[[[-0.189049,-0.981691,0.0233072],[0.980546,-0.187446,0.0582491],[-0.0528138,0.0338657,0.99803]],[[-0.193021,-0.974709,0.112632],[0.154876,-0.143618,-0.977439],[0.968894,-0.171222,0.17868]],[[-0.193021,-0.974709,0.112632],[-0.939216,0.150324,-0.308669],[0.283931,-0.165365,-0.944477]],[[-0.193021,-0.974709,0.112632],[-0.933155,0.217835,0.285953],[-0.303257,-0.0499083,-0.951601]]],4],[1350,[0.337524,0.135548,-0.931507],135,45.5146,[-50.9247,128.766,-9.03255],[-49.5159,124.255,-9.78593],[19.972,-136.818,-15.8724],false,[-70.241,101.425,51.7082],[-70.241,101.425,51.7082],[-65.1099,134.693,24.0068],[-55.0596,138.729,-3.73027],[-49.1024,120.708,-11.314],[[[-0.927641,-0.227789,-0.295963],[-0.372883,0.609395,0.699711],[-0.0209723,-0.759441,0.650239]],[[-0.921456,-0.15463,-0.356383],[-0.370224,0.627472,0.684991],[-0.1177,-0.763131,0.635435]],[[-0.921456,-0.15463,-0.356383],[-0.192346,0.97863,0.0727098],[-0.337524,-0.135548,0.931507]],[[-0.921456,-0.15463,-0.356383],[0.256844,0.445774,-0.857506],[-0.291462,0.881689,0.371045]]],0],[1351,[0.160138,-0.540773,0.825785],135,51.3581,[-43.9674,119.572,11.4426],[-43.5956,115.569,11.1431],[31.1432,-143.685,-16.3217],false,[-87.9923,99.9131,41.1653],[-78.6577,134.124,-12.4123],[-41.3045,132.171,-15.3607],[-37.9242,120.756,2.07047],[-44.717,114.137,13.5896],[[[-0.0839583,-0.833158,-0.546624],[-0.985821,0.149429,-0.0763413],[-0.145286,-0.532464,0.833891]],[[-0.0861265,-0.841045,-0.534064],[-0.038293,0.538455,-0.841784],[-0.995548,0.052049,0.0785813]],[[-0.0861265,-0.841045,-0.534064],[0.98333,0.0144018,-0.181258],[-0.160138,0.540773,-0.825785]],[[-0.0861265,-0.841045,-0.534064],[0.886193,-0.309617,0.344673],[0.455241,0.443599,-0.771995]]],1],[1352,[0.0936201,-0.412405,0.906177],135,58.5185,[-44.9392,107.808,14.4513],[-44.1029,103.916,13.8381],[33.7638,-143.798,-16.451],false,[-90.2763,91.5462,34.8079],[-82.1227,116.723,-20.075],[-40.1305,119.063,-18.3019],[-37.8055,108.821,4.20235],[-45.9933,102.344,16.8649],[[[0.0664818,-0.910621,-0.40786],[-0.988773,-0.00530412,-0.149329],[-0.133819,-0.413209,0.90075]],[[0.0681491,-0.905385,-0.419086],[0.0148388,0.420936,-0.906969],[-0.997565,-0.0555904,-0.0421212]],[[0.0681491,-0.905385,-0.419086],[0.993273,0.10099,-0.0566573],[-0.0936201,0.412405,-0.906177]],[[0.0681491,-0.905385,-0.419086],[0.863972,-0.156503,0.478601],[0.498907,0.394695,-0.771562]]],2],[1353,[0.141556,-0.252834,0.957098],135,56.2671,[-47.895,96.045,13.2705],[-47.1008,91.8093,12.6148],[38.3111,-145.451,-15.7639],false,[-90.2481,82.1161,29.6908],[-83.6005,97.0289,-22.521],[-44.872,101.568,-21.09],[-41.4474,95.4512,2.06493],[-48.6099,90.6189,15.9068],[[[0.120412,-0.958494,-0.258436],[-0.985259,-0.0835198,-0.149297],[-0.121516,-0.272604,0.954422]],[[0.121918,-0.955021,-0.270317],[0.00357891,0.27277,-0.962073],[-0.992534,-0.116326,-0.0366734]],[[0.121918,-0.955021,-0.270317],[0.982394,0.154952,-0.104364],[-0.141556,0.252834,-0.957098]],[[0.121918,-0.955021,-0.270317],[0.890198,-0.0152343,0.455319],[0.438957,0.296147,-0.848301]]],3],[1354,[0.193741,-0.089172,0.976992],135,44.1123,[-53.4535,86.9064,4.50923],[-52.68,82.5914,3.79795],[46.1252,-147.232,-18.3064],false,[-84.5643,71.3674,27.1117],[-81.1121,78.4994,-22.9046],[-51.3987,86.9023,-23.2038],[-48.0894,85.3791,-6.51557],[-53.6635,81.8223,7.00784],[[[0.266666,-0.956539,-0.117991],[-0.961375,-0.255338,-0.102765],[-0.068171,-0.140837,0.987683]],[[0.268131,-0.953131,-0.140165],[-0.0473758,0.132272,-0.990081],[-0.962217,-0.272112,0.00968926]],[[0.268131,-0.953131,-0.140165],[0.9437,0.289117,-0.16075],[-0.193741,0.089172,-0.976992]],[[0.268131,-0.953131,-0.140165],[0.889378,0.188978,0.416285],[0.370287,0.236279,-0.898365]]],4]],[[0,200,0],[235.247,235.247,147.751]]],[138501,6926253171,[[134,"right",[0.111393,0.242612,-0.963707],[-0.968231,-0.191965,-0.160242],[57.8081,114.726,-4.41141],[4.90753,-158.231,-10.186],[57.6671,118.251,-4.06888],0.741191,1,0.453263,[[0.185985,-0.784632,-0.591408],[0.973533,0.228528,0.00296183],[0.132829,-0.576306,0.806367]],56.162,[89.3072,-39.6257,232.527],[57.6971,97.5204,40.6317]],[135,"left",[-0.0219135,0.402343,-0.915227],[0.996208,-0.0683114,-0.0538828],[-78.384,104.088,-0.988625],[16.0964,-115.935,-9.05937],[-78.8704,107.637,-0.570996],0.919238,1,0.354809,[[-0.0919382,-0.935136,-0.342151],[-0.988213,0.127924,-0.0840899],[-0.122405,-0.330387,0.935875]],55.6483,[-110.532,1.38871,260.395],[-81.6695,79.2933,39.718]]],[[1340,[-0.318986,-0.153465,-0.935252],134,45.9347,[17.0258,115.301,-27.0645],[16.9801,114.346,-27.199],[1.80121,-154.089,-7.07896],false,[42.5194,118.855,47.3781],[42.5194,118.855,47.3781],[28.9875,132.737,7.88262],[19.4015,128.126,-20.223],[16.3951,109.792,-29.1863],[[[0.977835,-0.163616,-0.130646],[0.209361,0.756478,0.619604],[-0.00254659,-0.633222,0.773966]],[[0.946317,0.00284296,-0.323227],[0.099434,0.948913,0.299461],[0.307566,-0.315525,0.89769]],[[0.946317,0.00284296,-0.323227],[-0.0522629,0.98815,-0.14432],[0.318986,0.153465,0.935252]],[[0.946317,0.00284296,-0.323227],[-0.288516,0.458309,-0.840661],[0.145748,0.888788,0.434526]]],0],[1341,[-0.239799,-0.407873,0.880986],134,51.8322,[19.3842,125.945,2.10151],[19.8264,122.621,1.90129],[6.47918,-148.247,-10.1369],false,[61.848,117.692,39.5329],[57.166,141.421,-20.6308],[20.5909,134.316,-27.3875],[15.4823,125.627,-8.61941],[20.739,121.731,4.944],[[[0.239399,-0.896706,-0.372298],[0.968233,0.249004,0.0228604],[0.0722047,-0.365944,0.927832]],[[0.240843,-0.904089,-0.353013],[0.0950821,0.383948,-0.918446],[0.965896,0.187636,0.178434]],[[0.240843,-0.904089,-0.353013],[-0.940474,-0.127527,-0.315032],[0.239799,0.407873,-0.880986]],[[0.240843,-0.904089,-0.353013],[-0.905619,-0.340148,0.253284],[-0.349068,0.258694,-0.900683]]],1],[1342,[-0.272416,-0.262931,0.925558],134,59.0586,[18.4186,115.622,4.54474],[18.7395,112.203,4.54919],[12.7975,-148.553,5.96111],false,[65.8334,108.628,35.0884],[63.366,123.351,-24.5648],[21.3198,121.456,-30.3405],[14.4922,114.866,-7.14282],[19.9458,111.341,8.09412],[[[0.0783623,-0.967125,-0.241927],[0.996117,0.0857258,-0.0200453],[0.0401257,-0.239417,0.970087]],[[0.0779777,-0.964807,-0.25113],[0.119967,0.259147,-0.958358],[0.989711,0.0446032,0.135953]],[[0.0779777,-0.964807,-0.25113],[-0.959015,-0.00376114,-0.283332],[0.272416,0.262931,-0.925558]],[[0.0779777,-0.964807,-0.25113],[-0.941011,-0.154423,0.301083],[-0.329267,0.212838,-0.919936]]],2],[1343,[-0.280412,-0.125209,0.951678],134,56.7865,[24.9575,103.111,6.43823],[25.2493,99.4809,6.67939],[13.2629,-147.294,18.2614],false,[67.4392,98.449,31.7644],[67.045,103.654,-23.1985],[28.0188,104.024,-28.4525],[21.1722,100.967,-5.21609],[26.4167,99.0069,10.2708],[[[0.00809703,-0.995508,-0.09433],[0.999942,0.00873424,-0.00634423],[0.00713963,-0.0942731,0.995521]],[[0.00784929,-0.991722,-0.128165],[0.133518,0.128061,-0.982738],[0.991015,-0.00939853,0.133418]],[[0.00784929,-0.991722,-0.128165],[-0.959848,0.028469,-0.279074],[0.280412,0.125209,-0.951678]],[[0.00784929,-0.991722,-0.128165],[-0.947901,-0.0481981,0.314897],[-0.318467,0.119016,-0.940433]]],3],[1344,[-0.297146,0.157875,0.94169],134,44.5195,[34.3772,96.1407,0.937673],[34.4424,92.4674,1.12926],[-1.20212,-150.443,9.99729],false,[63.176,86.7239,30.4595],[66.3703,84.9849,-20.5184],[36.062,89.3012,-26.3529],[30.9395,92.0228,-10.1193],[35.3982,92.9651,4.37345],[[[-0.156462,-0.987395,0.0238783],[0.985704,-0.154573,0.0670383],[-0.0625023,0.034026,0.997465]],[[-0.161446,-0.980343,0.113411],[0.167826,-0.140518,-0.97575],[0.972507,-0.138497,0.187213]],[[-0.161446,-0.980343,0.113411],[-0.941084,0.118332,-0.316793],[0.297146,-0.157875,-0.94169]],[[-0.161446,-0.980343,0.113411],[-0.942234,0.187295,0.277697],[-0.29348,-0.0620268,-0.953951]]],4],[1350,[0.331724,0.137331,-0.933327],135,45.5146,[-50.8507,126.652,-9.20764],[-49.8118,123.137,-9.67047],[3.44402,-104.012,-5.39048],false,[-70.1116,100.176,51.8868],[-70.1116,100.176,51.8868],[-65.1867,133.499,24.2143],[-55.3091,137.588,-3.57703],[-49.3856,119.575,-11.205],[[[-0.929193,-0.227753,-0.291082],[-0.369203,0.608255,0.702649],[-0.0170214,-0.760364,0.649274]],[[-0.923445,-0.155022,-0.351022],[-0.366724,0.625834,0.688364],[-0.11297,-0.764395,0.634774]],[[-0.923445,-0.155022,-0.351022],[-0.192893,0.978319,0.0753932],[-0.331724,-0.137331,0.933327]],[[-0.923445,-0.155022,-0.351022],[0.251507,0.446369,-0.858778],[-0.289815,0.881319,0.373208]]],0],[1351,[0.165276,-0.541855,0.824061],135,51.3581,[-43.6483,117.306,11.2382],[-43.6866,114.391,11.1869],[14.2448,-108.87,-7.6542],false,[-87.9211,98.6719,41.4415],[-78.9007,132.962,-12.1394],[-41.5641,131.032,-15.3044],[-38.0753,119.594,2.09045],[-44.7966,112.954,13.6398],[[[-0.0866838,-0.832422,-0.54732],[-0.986294,0.14913,-0.0706053],[-0.140395,-0.533698,0.83394]],[[-0.08878,-0.840334,-0.534749],[-0.0433713,0.539621,-0.84079],[-0.995107,0.0514526,0.084354]],[[-0.08878,-0.840334,-0.534749],[0.982243,0.0152212,-0.186993],[-0.165276,0.541855,-0.824061]],[[-0.08878,-0.840334,-0.534749],[0.888377,-0.309595,0.339025],[0.45045,0.44496,-0.774019]]],1],[1352,[0.0988136,-0.413657,0.905055],135,58.5185,[-44.6087,105.516,14.2466],[-44.1882,102.73,13.8765],[15.949,-109.147,-7.86048],false,[-90.2373,90.313,35.0852],[-82.4015,115.57,-19.807],[-40.4011,117.924,-18.2638],[-37.9471,107.652,4.21256],[-46.0616,101.153,16.9113],[[[0.0645629,-0.910018,-0.40951],[-0.989592,-0.00550091,-0.143794],[-0.128602,-0.414532,0.900902]],[[0.0661664,-0.904762,-0.420747],[0.00964097,0.422231,-0.906437],[-0.997762,-0.0559193,-0.0366603]],[[0.0661664,-0.904762,-0.420747],[0.992904,0.10146,-0.0620326],[-0.0988136,0.413657,-0.905055]],[[0.0661664,-0.904762,-0.420747],[0.86669,-0.156836,0.473551],[0.494439,0.39599,-0.773771]]],2],[1353,[0.146369,-0.254336,0.955976],135,56.2671,[-47.5371,93.6513,13.0522],[-47.1973,90.6172,12.6597],[17.7711,-110.24,-7.30832],false,[-90.234,80.8901,29.9546],[-83.8851,95.8792,-22.2725],[-45.1511,100.429,-21.0391],[-41.61,94.2758,2.08866],[-48.7027,89.4196,15.9581],[[[0.119349,-0.95808,-0.260459],[-0.986046,-0.0837151,-0.143892],[-0.116056,-0.273998,0.954702]],[[0.1208,-0.954556,-0.272453],[-0.00159601,0.274276,-0.96165],[-0.992676,-0.116602,-0.0316091]],[[0.1208,-0.954556,-0.272453],[0.981827,0.155361,-0.108993],[-0.146369,0.254336,-0.955976]],[[0.1208,-0.954556,-0.272453],[0.892448,-0.0157504,0.450876],[0.434677,0.297616,-0.849988]]],3],[1354,[0.19897,-0.0906584,0.975803],135,44.1123,[-53.0433,84.5161,4.26796],[-52.8101,81.4147,3.85975],[21.2258,-110.83,-8.22352],false,[-84.5604,70.1474,27.3286],[-81.3914,77.3513,-22.6961],[-51.6832,85.7658,-23.1402],[-48.2845,84.2172,-6.47233],[-53.7837,80.6371,7.07555],[[[0.266387,-0.956262,-0.120832],[-0.961833,-0.255588,-0.0977362],[-0.0625781,-0.142256,0.98785]],[[0.267732,-0.952805,-0.143113],[-0.0526991,0.133832,-0.989602],[-0.962051,-0.27249,0.0143808]],[[0.267732,-0.952805,-0.143113],[0.942725,0.289729,-0.165308],[-0.19897,0.0906584,-0.975803]],[[0.267732,-0.952805,-0.143113],[0.891553,0.188675,0.411746],[0.365312,0.237831,-0.899991]]],4]],[[0,200,0],[235.247,235.247,147.751]]],[138502,6926262013,[[134,"right",[0.109766,0.246556,-0.962892],[-0.965744,-0.202719,-0.161999],[58.057,114.496,-4.37829],[11.194,-122.455,-6.41775],[57.7959,117.011,-4.17106],0.740238,1,0.458807,[[0.199898,-0.78114,-0.591491],[0.971227,0.237725,0.0142868],[0.129452,-0.577328,0.806185]],56.162,[88.896,-40.2236,232.469],[58.0896,97.1659,40.6171]],[135,"left",[-0.0136313,0.397867,-0.917342],[0.997535,-0.0577486,-0.0398695],[-77.726,102.689,-1.25621],[31.8684,-127.373,-14.7944],[-78.5931,106.438,-0.737023],0.918345,1,0.355906,[[-0.0770433,-0.939045,-0.335051],[-0.989531,0.11315,-0.0895877],[-0.122038,-0.324641,0.937931]],55.6483,[-110.081,1.49806,260.681],[-81.3049,78.0477,39.5188]]],[[1340,[-0.315817,-0.152344,-0.93651],134,45.9347,[17.1753,114.599,-27.1445],[17.2759,113.886,-27.2762],[9.95919,-122.179,-8.94119],false,[42.6574,118.305,47.403],[42.6574,118.305,47.403],[29.0532,132.314,7.9774],[19.5624,127.736,-20.1661],[16.714,109.494,-29.3637],[[[0.979826,-0.151919,-0.129856],[0.199818,0.757131,0.621953],[0.00383146,-0.635353,0.772213]],[[0.946766,0.01432,-0.321605],[0.089573,0.947842,0.305896],[0.309211,-0.318419,0.896101]],[[0.946766,0.01432,-0.321605],[-0.0624053,0.988224,-0.139711],[0.315817,0.152344,0.93651]],[[0.946766,0.01432,-0.321605],[-0.290804,0.466559,-0.835318],[0.138086,0.884374,0.445886]]],0],[1341,[-0.235628,-0.412682,0.879871],134,51.8322,[19.4762,124.767,2.0284],[19.9818,121.937,1.91992],[9.83152,-129.13,-6.52068],false,[62.0079,117.387,39.5791],[57.1258,141.227,-20.5248],[20.6427,133.709,-27.3318],[15.623,124.917,-8.58743],[20.9137,121.052,4.97156],[[[0.250231,-0.892838,-0.374465],[0.965254,0.260135,0.0247752],[0.0752914,-0.367654,0.92691]],[[0.251759,-0.900377,-0.354879],[0.0913923,0.38717,-0.917468],[0.963465,0.198548,0.179761]],[[0.251759,-0.900377,-0.354879],[-0.938667,-0.137896,-0.316051],[0.235628,0.412682,-0.879871]],[[0.251759,-0.900377,-0.354879],[-0.901768,-0.351361,0.251716],[-0.351329,0.256646,-0.900389]]],1],[1342,[-0.267858,-0.268695,0.925232],134,59.0586,[18.6021,114.393,4.57804],[19.0596,111.481,4.58392],[20.1603,-130.622,6.4557],false,[66.1035,108.383,35.1147],[63.5395,123.241,-24.5008],[21.5151,120.853,-30.2521],[14.8017,114.119,-7.06257],[20.3129,110.619,8.1596],[[[0.0898588,-0.965478,-0.244494],[0.995081,0.0973103,-0.0185452],[0.0416968,-0.241625,0.969473]],[[0.0894539,-0.963112,-0.253799],[0.116122,0.263167,-0.957736],[0.989198,0.0562017,0.13538]],[[0.0894539,-0.963112,-0.253799],[-0.959297,-0.0147838,-0.282013],[0.267858,0.268695,-0.925232]],[[0.0894539,-0.963112,-0.253799],[-0.938766,-0.166661,0.301567],[-0.332741,0.211281,-0.919045]]],2],[1343,[-0.28115,-0.131026,0.950677],134,56.7865,[25.1421,101.881,6.48576],[25.6479,98.849,6.59628],[21.5968,-126.689,10.1074],false,[67.8313,98.2318,31.7646],[67.4448,103.584,-23.1841],[28.4302,103.523,-28.5361],[21.5655,100.324,-5.32416],[26.8053,98.3822,10.1666],[[[0.0197445,-0.995082,-0.0970647],[0.999781,0.0203305,-0.00505166],[0.00700019,-0.0969436,0.995265]],[[0.0194951,-0.991211,-0.130847],[0.13451,0.132283,-0.982043],[0.99072,0.00154475,0.135907]],[[0.0194951,-0.991211,-0.130847],[-0.959466,0.0182543,-0.281234],[0.28115,0.131026,-0.950677]],[[0.0194951,-0.991211,-0.130847],[-0.94783,-0.0599715,0.313085],[-0.31818,0.117917,-0.940668]]],3],[1344,[-0.298577,0.151987,0.942206],134,44.5195,[34.5434,94.9306,0.95887],[34.9678,91.9636,1.0827],[15.6541,-125.336,6.24981],false,[63.7057,86.4618,30.422],[66.983,84.9012,-20.5564],[36.6301,88.884,-26.3963],[31.483,91.5041,-10.1537],[35.9376,92.4584,4.33945],[[[-0.145044,-0.989203,0.0209567],[0.987345,-0.143334,0.0678621],[-0.0641256,0.0305345,0.997475]],[[-0.150238,-0.982414,0.110864],[0.169923,-0.136128,-0.97601],[0.973938,-0.127795,0.187386]],[[-0.150238,-0.982414,0.110864],[-0.942486,0.108453,-0.316161],[0.298577,-0.151987,-0.942206]],[[-0.150238,-0.982414,0.110864],[-0.944167,0.175831,0.278624],[-0.293218,-0.0628147,-0.95398]]],4],[1350,[0.341878,0.137558,-0.929622],135,45.5146,[-50.7175,125.677,-9.25511],[-49.3556,122.065,-9.60929],[16.1538,-109.006,-2.4837],false,[-70.1417,99.1101,51.7458],[-70.1417,99.1101,51.7458],[-65.279,132.389,24.0093],[-55.099,136.485,-3.67168],[-48.8692,118.498,-11.1152],[[[-0.922582,-0.239156,-0.302732],[-0.385391,0.607441,0.694614],[-0.0177708,-0.757509,0.652583]],[[-0.916943,-0.16776,-0.362039],[-0.38311,0.623781,0.681266],[-0.111544,-0.763383,0.636242]],[[-0.916943,-0.16776,-0.362039],[-0.205755,0.976184,0.0687798],[-0.341878,-0.137558,0.929622]],[[-0.916943,-0.16776,-0.362039],[0.257513,0.444286,-0.858078],[-0.3048,0.880038,0.364185]]],0],[1351,[0.159872,-0.536225,0.828796],135,51.3581,[-43.4456,116.318,11.2141],[-43.3068,113.425,11.3428],[22.0082,-108.866,-0.616743],false,[-87.7883,97.365,41.0641],[-78.4003,131.504,-12.55],[-41.0051,129.966,-15.1948],[-37.6304,118.647,2.29995],[-44.4364,111.987,13.7881],[[[-0.0701495,-0.835822,-0.5445],[-0.986777,0.138097,-0.0848531],[-0.146116,-0.531347,0.834458]],[[-0.0723343,-0.843702,-0.531916],[-0.0376599,0.535243,-0.843858],[-0.996669,0.041008,0.0704901]],[[-0.0723343,-0.843702,-0.531916],[0.984484,0.0250881,-0.173672],[-0.159872,0.536225,-0.828796]],[[-0.0723343,-0.843702,-0.531916],[0.886972,-0.298311,0.35255],[0.456123,0.446293,-0.769918]]],1],[1352,[0.0907579,-0.408399,0.90828],135,58.5185,[-44.3812,104.519,14.2342],[-43.7263,101.77,14.0846],[25.7355,-108.985,0.634062],false,[-89.9263,88.9523,34.7164],[-81.6074,114.041,-20.1823],[-39.66,116.856,-18.0725],[-37.4061,106.714,4.48393],[-45.6246,100.186,17.1006],[[[0.0800109,-0.911139,-0.404258],[-0.987399,-0.0168962,-0.157345],[-0.136532,-0.411754,0.901009]],[[0.081713,-0.905915,-0.415501],[0.0176092,0.418142,-0.908211],[-0.9965,-0.066896,-0.0501201]],[[0.081713,-0.905915,-0.415501],[0.992515,0.111928,-0.0488474],[-0.0907579,0.408399,-0.90828]],[[0.081713,-0.905915,-0.415501],[0.861714,-0.145253,0.48616],[0.500772,0.397768,-0.76877]]],2],[1353,[0.135748,-0.248402,0.959098],135,56.2671,[-47.2651,92.6045,13.0364],[-46.59,89.6184,12.8821],[31.398,-110.91,1.461],false,[-89.7507,79.5065,29.6312],[-82.8445,94.3231,-22.5744],[-44.1824,99.2991,-20.8325],[-40.8983,93.2896,2.37087],[-48.1327,88.4199,16.1622],[[[0.133252,-0.957917,-0.254242],[-0.983009,-0.0950669,-0.157023],[-0.126245,-0.270846,0.954309]],[[0.134836,-0.95442,-0.266275],[0.00865154,0.269853,-0.962863],[-0.99083,-0.127525,-0.0446431]],[[0.134836,-0.95442,-0.266275],[0.981525,0.165467,-0.0960669],[-0.135748,0.248402,-0.959098]],[[0.134836,-0.95442,-0.266275],[0.886143,-0.00409293,0.463394],[0.443362,0.29844,-0.8452]]],3],[1354,[0.186327,-0.0841009,0.978882],135,44.1123,[-52.6942,83.443,4.23974],[-51.9777,80.3157,4.05432],[40.7705,-114.41,0.0947174],false,[-83.9259,68.8141,27.1343],[-80.1455,75.8216,-22.8758],[-50.5263,84.5553,-22.9468],[-47.3436,83.1188,-6.22636],[-52.9912,79.5405,7.26079],[[[0.278323,-0.953862,-0.112619],[-0.957582,-0.266453,-0.109723],[-0.074653,-0.138381,0.987562]],[[0.279941,-0.950485,-0.134947],[-0.0403543,0.128793,-0.99085],[-0.959169,-0.282826,0.00230178]],[[0.279941,-0.950485,-0.134947],[0.941762,0.299174,-0.153558],[-0.186327,0.0841009,-0.978882]],[[0.279941,-0.950485,-0.134947],[0.883671,0.200186,0.423143],[0.375177,0.237704,-0.895957]]],4]],[[0,200,0],[235.247,235.247,147.751]]],[138503,6926278905,[[134,"right",[0.104834,0.249239,-0.962751],[-0.962084,-0.219697,-0.161637],[58.4809,113.412,-4.56522],[17.4845,-96.0699,-8.52155],[58.1543,115.128,-4.37731],0.738064,1,0.466339,[[0.220861,-0.776589,-0.590025],[0.967472,0.250968,0.0318263],[0.123361,-0.577862,0.806758]],56.162,[88.2031,-41.4671,232.404],[58.8463,96.0494,40.416]],[135,"left",[-0.00906914,0.402561,-0.915348],[0.997353,-0.0624,-0.0373245],[-77.6258,101.785,-1.18722],[20.132,-93.9253,-6.25097],[-78.2016,104.555,-0.919246],0.916158,1,0.36532,[[-0.0815848,-0.940626,-0.329494],[-0.989483,0.116062,-0.086326],[-0.119442,-0.318986,0.940203]],55.6483,[-109.605,1.74027,261.15],[-81.4411,76.9565,39.452]]],[[1340,[-0.313172,-0.15324,-0.937252],134,45.9347,[17.5727,113.201,-27.4212],[17.7243,112.398,-27.5409],[16.9794,-101.334,-13.758],false,[43.0451,116.906,47.2275],[43.0451,116.906,47.2275],[29.2384,130.966,7.89069],[19.8271,126.361,-20.2751],[17.1937,108.234,-29.7607],[[[0.982295,-0.134401,-0.130514],[0.186697,0.760058,0.622459],[0.0155393,-0.635805,0.771693]],[[0.946494,0.0306117,-0.321266],[0.0753026,0.947063,0.312093],[0.313812,-0.319586,0.894084]],[[0.946494,0.0306117,-0.321266],[-0.0779216,0.987715,-0.135454],[0.313172,0.15324,0.937252]],[[0.946494,0.0306117,-0.321266],[-0.296395,0.476262,-0.827843],[0.127665,0.87877,0.459853]]],0],[1341,[-0.226756,-0.416424,0.880439],134,51.8322,[19.7431,122.554,1.88873],[20.2905,120.183,1.78536],[14.2635,-117.614,-6.61139],false,[62.4045,116.338,39.3923],[57.0663,140.135,-20.6895],[20.7175,131.957,-27.4532],[15.8868,123.086,-8.69675],[21.2654,119.325,4.85677],[[[0.265827,-0.887955,-0.375328],[0.960499,0.277206,0.0244602],[0.0823236,-0.367005,0.926569]],[[0.267579,-0.895837,-0.354792],[0.083386,0.388367,-0.917724],[0.959921,0.215979,0.178619]],[[0.267579,-0.895837,-0.354792],[-0.936474,-0.155136,-0.314562],[0.226756,0.416424,-0.880439]],[[0.267579,-0.895837,-0.354792],[-0.894892,-0.367548,0.253132],[-0.357168,0.249768,-0.900026]]],1],[1342,[-0.261547,-0.274139,0.925441],134,59.0586,[19.0673,112.087,4.55758],[19.5648,109.691,4.44655],[24.8973,-119.531,0.246701],false,[66.6568,107.411,34.9184],[63.796,122.269,-24.6836],[21.8127,119.13,-30.3729],[15.2574,112.259,-7.17815],[20.8487,108.847,8.03477],[[[0.106843,-0.963534,-0.245328],[0.993187,0.114971,-0.019009],[0.0465214,-0.241626,0.969254]],[[0.10639,-0.961162,-0.254653],[0.109899,0.265904,-0.957715],[0.988232,0.0739047,0.133921]],[[0.10639,-0.961162,-0.254653],[-0.959309,-0.0318535,-0.280555],[0.261547,0.274139,-0.925441]],[[0.10639,-0.961162,-0.254653],[-0.935268,-0.183681,0.302547],[-0.337572,0.205981,-0.918486]]],2],[1343,[-0.280289,-0.136632,0.950142],134,56.7865,[25.6746,99.646,6.40688],[26.3275,97.1922,6.35141],[29.5707,-113.574,-2.07413],false,[68.5625,97.2951,31.5591],[68.0503,102.684,-23.385],[29.0524,101.947,-28.8082],[22.2089,98.6108,-5.60932],[27.4734,96.7505,9.88303],[[[0.0373475,-0.994497,-0.0978849],[0.999259,0.0380756,-0.00558061],[0.00927693,-0.097604,0.995182]],[[0.0370119,-0.99062,-0.131535],[0.133961,0.135355,-0.981699],