{"metadata":{"formatVersion":2,"generatedBy":"LeapJS Playback 0.2.1","frames":147,"frameRate":"80","modified":"Sun Apr 12 2015 22:29:12 GMT-0300 (E. South America Standard Time)","title":"poder"},"frames":[["id","timestamp",{"hands":[["id","type","direction","palmNormal","palmPosition","palmVelocity","stabilizedPalmPosition","pinchStrength","grabStrength","confidence","armBasis","armWidth","elbow","wrist"]]},{"pointables":[["id","direction","handId","length","stabilizedTipPosition","tipPosition","tipVelocity","tool","carpPosition","mcpPosition","pipPosition","dipPosition","btipPosition","bases","type"]]},{"interactionBox":["center","size"]}],[138651,6928134767,[[134,"right",[0.0266949,0.161767,-0.986468],[-0.982183,-0.179389,-0.0559962],[54.2633,103.773,-4.08223],[-0.657559,129.177,52.3826],[54.8949,96.8652,-7.59405],0.699894,1,0.447134,[[0.137254,-0.751504,-0.645293],[0.981663,0.190199,-0.0127036],[0.132281,-0.631717,0.76383]],56.162,[89.4617,-60.0955,223.819],[57.9823,90.2371,42.0465]],[135,"left",[0.0000660753,0.137395,-0.990516],[0.998494,-0.0543533,-0.00747273],[-75.7606,101.066,2.63101],[-48.0308,165.916,48.6963],[-74.0481,94.4558,0.997194],0.912812,1,0.414052,[[-0.0502957,-0.833539,-0.550166],[-0.998492,0.0540968,0.00932094],[-0.0219929,-0.549805,0.835003]],55.6483,[-85.0819,-41.436,245.35],[-79.896,88.2071,48.4583]]],[[1340,[-0.371275,-0.0731776,-0.925635],134,45.9347,[14.6739,109.585,-28.315],[14.7457,116.686,-25.7625],[13.6313,200.793,57.7432],false,[43.8783,112.424,48.3607],[43.8783,112.424,48.3607],[30.8073,131.672,11.0194],[19.6499,129.473,-16.7973],[13.6701,113.573,-28.4992],[[[0.958554,-0.198465,-0.204415],[0.27912,0.798055,0.534041],[0.0571462,-0.568964,0.820374]],[[0.927335,-0.079644,-0.36566],[0.227569,0.895689,0.382038],[0.297091,-0.43749,0.848728]],[[0.927335,-0.079644,-0.36566],[0.0469632,0.994134,-0.0974299],[0.371275,0.0731776,0.925635]],[[0.927335,-0.079644,-0.36566],[-0.23667,0.632076,-0.73788],[0.289893,0.770803,0.567296]]],0],[1341,[-0.103623,-0.308464,0.945575],134,51.8322,[18.8275,106.108,2.70565],[18.8436,113.646,5.64104],[9.26832,166.34,55.7104],false,[62.3795,110.143,38.9267],[52.6166,129.092,-22.3129],[15.4613,122.128,-24.5158],[13.2538,115.556,-4.3718],[20.6702,113.166,8.51459],[[[0.187861,-0.92945,-0.317538],[0.970587,0.225229,-0.085041],[0.15056,-0.292223,0.944424]],[[0.192887,-0.938877,-0.285141],[0.00217706,0.291007,-0.956719],[0.981219,0.183918,0.0581755]],[[0.192887,-0.938877,-0.285141],[-0.975734,-0.152842,-0.156788],[0.103623,0.308464,-0.945575]],[[0.192887,-0.938877,-0.285141],[-0.848674,-0.305488,0.431776],[-0.492491,0.158707,-0.855725]]],1],[1342,[-0.137384,-0.157089,0.977982],134,59.0586,[19.1285,97.1258,5.38352],[18.7424,103.863,7.72587],[-6.46792,165.882,40.6629],false,[65.7744,100.654,34.8996],[58.1001,110.613,-25.2941],[15.7316,109.331,-28.1391],[12.2882,105.394,-3.62746],[20.5074,103.519,10.6297],[[[0.0382428,-0.985072,-0.167843],[0.991444,0.058382,-0.116745],[0.124801,-0.161942,0.978877]],[[0.0401326,-0.987416,-0.152966],[0.0615119,0.155241,-0.98596],[0.997299,0.0301598,0.0669681]],[[0.0401326,-0.987416,-0.152966],[-0.989705,-0.0182338,-0.14196],[0.137384,0.157089,-0.977982]],[[0.0401326,-0.987416,-0.152966],[-0.867261,-0.110452,0.485447],[-0.496233,0.11318,-0.86078]]],2],[1343,[-0.148973,-0.0354188,0.988207],134,56.7865,[25.7628,83.2152,7.48442],[24.5027,90.4696,10.298],[-15.9947,156.343,46.7122],false,[66.883,90.2038,32.2907],[61.5315,91.0006,-22.6537],[22.233,91.9272,-25.0116],[18.5957,91.0624,-0.883318],[26.365,90.3313,13.6182],[[[-0.0186573,-0.999746,-0.0126819],[0.995116,-0.0173383,-0.0971744],[0.0969297,-0.0144329,0.995187]],[[-0.021215,-0.999014,-0.0390043],[0.0607346,0.0376532,-0.997444],[0.997928,-0.0235297,0.0598759]],[[-0.021215,-0.999014,-0.0390043],[-0.988614,0.0267754,-0.148074],[0.148973,0.0354188,-0.988207]],[[-0.021215,-0.999014,-0.0390043],[-0.881457,0.000280017,0.472265],[-0.471788,0.0443997,-0.880593]]],3],[1344,[-0.198119,0.20189,0.959161],134,44.5195,[33.9485,74.5805,1.8208],[31.8274,81.8897,4.51802],[-31.6036,147.484,34.7264],false,[62.306,78.5245,32.3419],[60.7677,72.6295,-18.4011],[30.2504,77.2036,-22.764],[26.835,80.684,-6.2291],[33.162,81.9759,7.52249],[[[-0.171477,-0.977997,0.118817],[0.984728,-0.173831,-0.00965714],[0.0300987,0.115346,0.992869]],[[-0.169719,-0.970843,0.169292],[0.111063,-0.189533,-0.975573],[0.979214,-0.146771,0.139992]],[[-0.169719,-0.970843,0.169292],[-0.965373,0.129248,-0.226607],[0.198119,-0.20189,-0.959161]],[[-0.169719,-0.970843,0.169292],[-0.893172,0.224128,0.389886],[-0.416461,-0.0850359,-0.905168]]],4],[1350,[0.405291,-0.146914,-0.902306],135,45.5146,[-42.6031,110.954,-10.458],[-44.8074,116.386,-9.85159],[-65.5398,237.279,41.9439],false,[-69.1125,111.907,54.7636],[-69.1125,111.907,54.7636],[-60.6907,135.461,19.0595],[-48.6225,131.086,-7.80807],[-42.6578,111.671,-10.0931],[[[-0.915144,-0.322555,-0.241803],[-0.402411,0.766648,0.500316],[-0.0239984,-0.555166,0.831393]],[[-0.900625,-0.233551,-0.366509],[-0.389299,0.808423,0.441474],[-0.193187,-0.540284,0.819007]],[[-0.900625,-0.233551,-0.366509],[-0.156889,0.961182,-0.226971],[-0.405291,0.146914,0.902306]],[[-0.900625,-0.233551,-0.366509],[0.322042,0.207645,-0.923673],[-0.291829,0.949914,0.111797]]],0],[1351,[0.0138841,-0.299971,0.953847],135,51.3581,[-43.3016,106.631,13.1061],[-45.1166,114.618,14.0502],[-56.0624,184.733,40.933],false,[-86.5491,107.153,44.6685],[-76.4431,125.792,-15.9825],[-39.0187,123.324,-14.9414],[-38.7256,116.992,5.19306],[-47.4013,113.814,16.9095],[[[-0.0540745,-0.951915,-0.301553],[-0.986071,0.098477,-0.134041],[-0.157291,-0.290105,0.94398]],[[-0.0545277,-0.952747,-0.298831],[0.0460977,0.296555,-0.953902],[-0.997448,0.0657895,-0.0277489]],[[-0.0545277,-0.952747,-0.298831],[0.998416,-0.0478621,-0.0295847],[-0.0138841,0.299971,-0.953847]],[[-0.0545277,-0.952747,-0.298831],[0.811766,-0.216566,0.542342],[0.581432,0.213008,-0.785216]]],1],[1352,[0.00528591,-0.159188,0.987234],135,58.5185,[-43.6762,96.8814,17.8932],[-44.614,104.319,18.3691],[-34.9188,177.094,21.3817],false,[-88.5094,97.3225,40.7757],[-79.3819,106.885,-18.7032],[-37.5296,110.569,-16.0992],[-37.3983,106.615,8.41807],[-47.0183,103.578,21.3629],[[[0.0940706,-0.985104,-0.143947],[-0.984231,-0.0702663,-0.162335],[-0.149802,-0.156948,0.97618]],[[0.0963647,-0.982572,-0.158952],[0.0468739,0.163998,-0.985346],[-0.994242,-0.0875019,-0.0618606]],[[0.0963647,-0.982572,-0.158952],[0.995332,0.0959748,0.0101463],[-0.00528591,0.159188,-0.987234]],[[0.0963647,-0.982572,-0.158952],[0.804436,-0.0171643,0.593792],[0.586171,0.185087,-0.788762]]],2],[1353,[0.0653979,0.00949964,0.997814],135,56.2671,[-46.3282,84.7119,19.3015],[-46.7295,92.213,19.2721],[-24.8266,171.571,6.69202],false,[-88.1716,86.8624,38.4118],[-80.4294,87.2344,-15.7414],[-41.835,92.9673,-15.3553],[-40.2528,93.1972,8.78474],[-48.9657,91.8999,22.5199],[[[0.144927,-0.989344,0.0139247],[-0.979268,-0.145435,-0.141003],[-0.141526,-0.00679905,0.989911]],[[0.146933,-0.989146,-0.000213052],[0.00975794,0.00166487,-0.999951],[-0.989098,-0.146924,-0.00989666]],[[0.146933,-0.989146,-0.000213052],[0.986982,0.146626,-0.066084],[-0.065398,-0.00949964,-0.997814]],[[0.146933,-0.989146,-0.000213052],[0.832638,0.123568,0.539857],[0.533971,0.0795002,-0.841757]]],3],[1354,[0.130066,0.193561,0.972428],135,44.1123,[-51.2099,73.3358,13.6099],[-51.0084,81.207,13.118],[-9.41327,176.12,-12.0612],false,[-82.2235,75.9626,38.963],[-77.5886,69.3621,-11.0306],[-48.0462,77.8911,-13.8734],[-45.8245,81.1973,2.73681],[-52.728,81.2179,16.1138],[[[0.287371,-0.945761,0.151508],[-0.953436,-0.29757,-0.0491067],[-0.0915273,0.130341,0.987236]],[[0.287525,-0.94598,0.149839],[-0.0457028,-0.169818,-0.984415],[-0.956682,-0.276196,0.0920607]],[[0.287525,-0.94598,0.149839],[0.948901,0.260108,-0.178693],[-0.130066,-0.193561,-0.972428]],[[0.287525,-0.94598,0.149839],[0.84084,0.324223,0.433437],[0.458603,-0.00136664,-0.88864]]],4]],[[0,200,0],[235.247,235.247,147.751]]],[138652,6928152028,[[134,"right",[0.019244,0.171247,-0.98504],[-0.985795,-0.161164,-0.0472766],[54.1944,107.34,-3.92089],[-2.18816,164.785,32.5988],[54.7645,98.8146,-6.91045],0.698985,1,0.447647,[[0.104138,-0.756201,-0.646],[0.982989,0.177063,-0.0488062],[0.15129,-0.629928,0.761776]],56.162,[94.1563,-56.6342,223.312],[58.153,93.2727,42.0287]],[135,"left",[-0.0169558,0.156688,-0.987503],[0.998942,-0.0395653,-0.0234301],[-76.6454,103.117,3.23927],[-49.5167,144.282,42.51],[-74.9141,97.3438,1.74479],0.907309,1,0.360854,[[-0.0366936,-0.829807,-0.556842],[-0.999074,0.042992,0.00176801],[-0.0224727,-0.556392,0.830616]],55.6483,[-85.1981,-41.8886,244.718],[-79.8991,89.3074,48.8604]]],[[1340,[-0.384046,-0.0552694,-0.921658],134,45.9347,[14.7221,114.424,-27.0299],[14.5902,121.199,-25.0571],[0.675984,227.239,50.0307],false,[44.5189,115.644,48.7134],[44.5189,115.644,48.7134],[31.2639,135.396,11.7013],[19.7228,133.735,-15.9959],[13.3222,118.091,-27.8203],[[[0.952616,-0.213548,-0.21661],[0.299072,0.787468,0.538934],[0.0554854,-0.578179,0.814021]],[[0.921172,-0.0908833,-0.378394],[0.246328,0.888933,0.386161],[0.301271,-0.44893,0.841248]],[[0.921172,-0.0908833,-0.378394],[0.0628497,0.994327,-0.085816],[0.384046,0.0552694,0.921658]],[[0.921172,-0.0908833,-0.378394],[-0.234866,0.645455,-0.726792],[0.310289,0.758372,0.57323]]],0],[1341,[-0.0991711,-0.316112,0.943524],134,51.8322,[18.9419,109.841,3.81529],[19.0652,117.748,6.27676],[10.9147,199.09,47.0268],false,[62.8757,113.127,39.06],[52.8135,132.867,-21.8804],[15.5175,126.594,-23.7557],[13.4048,119.859,-3.65533],[20.9131,117.207,9.126],[[[0.167711,-0.929406,-0.32875],[0.973547,0.208631,-0.093166],[0.155177,-0.304429,0.93981]],[[0.172906,-0.939248,-0.296506],[-0.00261081,0.300602,-0.953746],[0.984935,0.165683,0.0495237]],[[0.172906,-0.939248,-0.296506],[-0.979933,-0.133736,-0.147804],[0.0991711,0.316112,-0.943524]],[[0.172906,-0.939248,-0.296506],[-0.849415,-0.29459,0.437847],[-0.498595,0.17615,-0.848749]]],1],[1342,[-0.133114,-0.164649,0.977329],134,59.0586,[18.9328,101.06,6.23865],[18.7408,107.964,8.15724],[-4.3526,198.977,32.8576],false,[66.0564,103.62,34.9028],[57.931,114.324,-25.1035],[15.5263,113.855,-27.6429],[12.19,109.729,-3.14768],[20.4949,107.557,11.0173],[[[0.0186944,-0.983848,-0.178024],[0.991055,0.041766,-0.126748],[0.132136,-0.174062,0.975829]],[[0.0206762,-0.986351,-0.163353],[0.0571586,0.164287,-0.984755],[0.998151,0.011024,0.0597752]],[[0.0206762,-0.986351,-0.163353],[-0.990885,0.00153703,-0.134701],[0.133114,0.164649,-0.977329]],[[0.0206762,-0.986351,-0.163353],[-0.864962,-0.0995895,0.491856],[-0.501411,0.131124,-0.855216]]],2],[1343,[-0.140042,-0.0425043,0.989233],134,56.7865,[25.3506,86.6144,8.42882],[24.3363,94.4332,10.6319],[-13.4221,190.064,33.946],false,[66.9487,93.1785,32.1785],[61.0355,94.6278,-22.695],[21.7385,96.2827,-24.644],[18.3192,95.2449,-0.490697],[26.2145,94.231,13.9255],[[[-0.036828,-0.99907,-0.0224179],[0.993566,-0.0342023,-0.107971],[0.107104,-0.02625,0.993901]],[[-0.0396259,-0.998037,-0.0484923],[0.051434,0.0464287,-0.997597],[0.99789,-0.0420248,0.0494933]],[[-0.0396259,-0.998037,-0.0484923],[-0.989352,0.0459902,-0.138083],[0.140042,0.0425043,-0.989233]],[[-0.0396259,-0.998037,-0.0484923],[-0.876683,0.0114403,0.480933],[-0.479434,0.0615697,-0.875415]]],3],[1344,[-0.18451,0.195281,0.963235],134,44.5195,[33.1991,77.7213,2.59938],[31.4544,85.7672,4.69859],[-27.1411,183.049,23.6335],false,[62.1625,81.5834,32.1625],[59.9851,76.2312,-18.6173],[29.5115,81.3979,-22.6092],[26.3308,84.7643,-6.00408],[32.8218,85.7975,7.69282],[[[-0.18784,-0.975917,0.110916],[0.981275,-0.191362,-0.0219077],[0.0426052,0.104724,0.993588]],[[-0.185447,-0.969375,0.161003],[0.0974738,-0.181183,-0.978607],[0.977808,-0.165786,0.128088]],[[-0.185447,-0.969375,0.161003],[-0.965176,0.148922,-0.215073],[0.18451,-0.195281,-0.963235]],[[-0.185447,-0.969375,0.161003],[-0.884907,0.235982,0.401563],[-0.427258,-0.068004,-0.901568]]],4],[1350,[0.393762,-0.106486,-0.913023],135,45.5146,[-44.1869,116.303,-9.69747],[-45.9028,119.677,-9.3853],[-66.9839,225.144,32.3522],false,[-69.3624,113.036,55.4707],[-69.3624,113.036,55.4707],[-61.7702,137.736,20.3605],[-50.0453,134.565,-6.82619],[-43.7724,115.359,-9.91385],[[[-0.913989,-0.331145,-0.234452],[-0.405725,0.75076,0.521294],[-0.003393,-0.57158,0.82054]],[[-0.901926,-0.236482,-0.361395],[-0.395222,0.789336,0.469839],[-0.174154,-0.566591,0.805385]],[[-0.901926,-0.236482,-0.361395],[-0.17743,0.965783,-0.18916],[-0.393762,0.106486,0.913023]],[[-0.901926,-0.236482,-0.361395],[0.303869,0.247167,-0.920094],[-0.30691,0.939673,0.151067]]],0],[1351,[0.0313273,-0.318328,0.947463],135,51.3581,[-44.3999,110.289,13.6638],[-46.0647,116.884,14.4862],[-55.5876,159.938,33.8955],false,[-86.8803,108.224,45.5449],[-77.9655,128.19,-14.8703],[-40.4989,126.24,-14.4052],[-39.8376,119.521,5.59443],[-48.3027,115.99,17.364],[[[-0.0449822,-0.946537,-0.319442],[-0.989305,0.08662,-0.117354],[-0.13875,-0.310747,0.940311]],[[-0.0453705,-0.947404,-0.316808],[0.0282079,0.315793,-0.948409],[-0.998572,0.0519663,-0.0123965]],[[-0.0453705,-0.947404,-0.316808],[0.998479,-0.0330621,-0.0441223],[-0.0313273,0.318328,-0.947463]],[[-0.0453705,-0.947404,-0.316808],[0.822248,-0.215518,0.526745],[0.567318,0.236596,-0.788779]]],1],[1352,[0.0228645,-0.178275,0.983715],135,58.5185,[-44.3322,100.344,18.1418],[-45.3109,106.52,18.5673],[-37.2023,154.277,16.7847],false,[-88.7581,98.4439,41.4885],[-80.6736,109.299,-17.9195],[-38.8435,113.545,-15.8782],[-38.2757,109.118,8.55166],[-47.6504,105.688,21.5781],[[[0.106002,-0.980623,-0.164748],[-0.985474,-0.0814938,-0.148998],[-0.132685,-0.178149,0.975017]],[[0.108028,-0.97777,-0.179709],[0.0292877,0.183818,-0.982524],[-0.993716,-0.100876,-0.0484941]],[[0.108028,-0.97777,-0.179709],[0.993885,0.110377,-0.00309756],[-0.0228645,0.178275,-0.983715]],[[0.108028,-0.97777,-0.179709],[0.813651,-0.0169091,0.581108],[0.571228,0.208996,-0.793737]]],2],[1353,[0.0765525,-0.00937987,0.997021],135,56.2671,[-46.7649,88.0065,19.3458],[-47.3381,94.3574,19.3166],[-30.4997,149.558,5.47804],false,[-88.3063,88.0381,38.9139],[-81.3939,89.5803,-15.3309],[-42.8837,95.8661,-15.3188],[-41.0316,95.6391,8.80205],[-49.5662,93.9432,22.6055],[[[0.159306,-0.987199,-0.0077668],[-0.97911,-0.156984,-0.12923],[-0.126357,-0.0281917,0.991584]],[[0.16106,-0.986707,-0.0216492],[-0.00318068,0.0214165,-0.999766],[-0.98694,-0.161091,-0.000310942]],[[0.16106,-0.986707,-0.0216492],[0.983971,0.162237,-0.0740241],[-0.0765525,0.00937987,-0.997021]],[[0.16106,-0.986707,-0.0216492],[0.83695,0.124924,0.53283],[0.523043,0.103937,-0.845945]]],3],[1354,[0.141884,0.176387,0.974041],135,44.1123,[-51.337,76.6882,13.3678],[-51.459,83.4214,12.96],[-17.133,154.1,-10.6639],false,[-82.1947,77.2179,39.161],[-78.2256,71.663,-11.0166],[-48.8553,80.6775,-14.1319],[-46.4317,83.6904,2.50595],[-53.134,83.3475,15.9805],[[[0.303184,-0.944227,0.128511],[-0.949703,-0.310488,-0.0407497],[-0.078378,0.109692,0.990871]],[[0.303316,-0.944411,0.126839],[-0.058247,-0.151236,-0.98678],[-0.951108,-0.291918,0.100881]],[[0.303316,-0.944411,0.126839],[0.942268,0.277445,-0.187498],[-0.141884,-0.176387,-0.974041]],[[0.303316,-0.944411,0.126839],[0.842474,0.327978,0.427397],[0.445238,0.0227776,-0.895122]]],4]],[[0,200,0],[235.247,235.247,147.751]]],[138653,6928160731,[[134,"right",[0.0172318,0.170382,-0.985227],[-0.986472,-0.157762,-0.0445364],[54.2451,108.483,-3.83173],[-0.0522386,155.878,26.6332],[54.7067,99.8913,-6.56758],0.697935,1,0.44805,[[0.0959593,-0.757382,-0.645883],[0.982853,0.174737,-0.0588786],[0.157453,-0.629158,0.761163]],56.162,[95.7461,-55.2839,223.256],[58.2763,94.4397,42.1187]],[135,"left",[-0.0252821,0.169993,-0.985121],[0.999188,-0.0266159,-0.0302359],[-77.1174,104.529,3.64585],[-50.7745,149.056,43.6326],[-75.3383,98.7271,2.1108],0.903008,1,0.364576,[[-0.0237205,-0.827684,-0.560693],[-0.999439,0.0328947,-0.00627645],[-0.0236387,-0.56023,0.828]],55.6483,[-85.4775,-42.0468,244.332],[-79.9036,90.0543,49.0916]]],[[1340,[-0.387852,-0.0525416,-0.920223],134,45.9347,[14.717,116.544,-26.5113],[14.5597,122.513,-24.8837],[-2.34283,206.699,41.8361],false,[44.7379,116.864,48.8212],[44.7379,116.864,48.8212],[31.3634,136.583,11.8347],[19.7079,135.004,-15.8193],[13.2064,119.41,-27.6546],[[[0.951289,-0.217045,-0.218955],[0.303242,0.786856,0.537496],[0.0556255,-0.57771,0.814344]],[[0.919375,-0.0932548,-0.38217],[0.249681,0.889061,0.383707],[0.303989,-0.448191,0.840664]],[[0.919375,-0.0932548,-0.38217],[0.0657354,0.994255,-0.0844745],[0.387852,0.0525416,0.920223]],[[0.919375,-0.0932548,-0.38217],[-0.235396,0.647951,-0.724395],[0.315181,0.755951,0.573758]]],0],[1341,[-0.0977435,-0.314998,0.944046],134,51.8322,[19.011,111.62,4.30442],[19.1806,119.023,6.4497],[11.5389,185.03,39.7748],false,[63.0602,114.275,39.1213],[52.9056,134.001,-21.8084],[15.583,127.856,-23.5801],[13.5008,121.146,-3.46865],[21.0343,118.477,9.29461],[[[0.163599,-0.930251,-0.328432],[0.974018,0.205159,-0.0959121],[0.156603,-0.304208,0.939645]],[[0.168845,-0.940085,-0.296195],[-0.00408282,0.29984,-0.953981],[0.985634,0.162284,0.0467882]],[[0.168845,-0.940085,-0.296195],[-0.980784,-0.130446,-0.145073],[0.0977435,0.314998,-0.944046]],[[0.168845,-0.940085,-0.296195],[-0.84925,-0.29128,0.440374],[-0.500265,0.177189,-0.847549]]],1],[1342,[-0.133062,-0.163434,0.97754],134,59.0586,[18.8618,102.87,6.596],[18.7829,109.25,8.28279],[-2.48789,185.308,27.6139],false,[66.1967,104.754,34.9635],[57.9498,115.437,-25.0299],[15.5411,115.127,-27.5269],[12.2061,111.031,-3.0263],[20.5198,108.838,11.1303],[[[0.0147931,-0.984051,-0.177268],[0.990856,0.0382063,-0.129404],[0.134113,-0.173733,0.975618]],[[0.0167979,-0.98654,-0.162652],[0.0567962,0.163354,-0.984931],[0.998244,0.00730673,0.0587758]],[[0.0167979,-0.98654,-0.162652],[-0.990965,0.0052222,-0.134016],[0.133062,0.163434,-0.97754]],[[0.0167979,-0.98654,-0.162652],[-0.864738,-0.0959995,0.492963],[-0.501943,0.132371,-0.854711]]],2],[1343,[-0.138046,-0.0410908,0.989573],134,56.7865,[25.1825,88.2726,8.8564],[24.3719,95.6958,10.8044],[-8.97563,178.09,30.0685],false,[67.0455,94.307,32.2453],[60.992,95.7325,-22.6134],[21.6965,97.5227,-24.4708],[18.326,96.5194,-0.309173],[26.2491,95.4913,14.0907],[[[-0.0403696,-0.998953,-0.021503],[0.993151,-0.037755,-0.110572],[0.109644,-0.0258195,0.993636]],[[-0.0432217,-0.997937,-0.0474675],[0.0492256,0.045327,-0.997759],[0.997852,-0.0454615,0.0471649]],[[-0.0432217,-0.997937,-0.0474675],[-0.989482,0.0493237,-0.135985],[0.138046,0.0410908,-0.989573]],[[-0.0432217,-0.997937,-0.0474675],[-0.875585,0.0149563,0.482832],[-0.481126,0.0624307,-0.874426]]],3],[1344,[-0.182286,0.196201,0.963471],134,44.5195,[32.8729,79.2787,2.95913],[31.4359,86.984,4.85026],[-20.7047,171.479,21.8719],false,[62.2188,82.7286,32.2515],[59.8882,77.3429,-18.5179],[29.4251,82.6118,-22.4557],[26.2827,85.9941,-5.84657],[32.802,87.009,7.83828],[[[-0.190947,-0.975166,0.112211],[0.980541,-0.194801,-0.0243473],[0.0456015,0.105379,0.993386]],[[-0.188435,-0.968697,0.161614],[0.0950745,-0.181783,-0.978732],[0.977473,-0.169062,0.126353]],[[-0.188435,-0.968697,0.161614],[-0.96502,0.152092,-0.213551],[0.182286,-0.196201,-0.963471]],[[-0.188435,-0.968697,0.161614],[-0.883375,0.239089,0.403094],[-0.429116,-0.0668088,-0.900775]]],4],[1350,[0.390373,-0.073099,-0.91775],135,45.5146,[-44.8358,118.864,-9.31848],[-46.4369,122.184,-8.90192],[-66.1355,250.152,36.936],false,[-69.623,113.821,55.9625],[-69.623,113.821,55.9625],[-62.4212,139.371,21.3825],[-50.7973,137.194,-5.94498],[-44.269,118.177,-9.61726],[[[-0.911254,-0.339419,-0.233264],[-0.411746,0.738352,0.534136],[0.00906529,-0.582779,0.81258]],[[-0.900298,-0.238783,-0.363931],[-0.402706,0.774258,0.488213],[-0.1652,-0.586094,0.793223]],[[-0.900298,-0.238783,-0.363931],[-0.19254,0.968318,-0.159025],[-0.390373,0.073099,0.91775]],[[-0.900298,-0.238783,-0.363931],[0.29571,0.277998,-0.913933],[-0.319403,0.93043,0.179671]]],0],[1351,[0.0408055,-0.330897,0.942784],135,51.3581,[-44.9469,112.038,13.9662],[-46.6564,118.521,14.8994],[-58.8967,167.263,37.583],false,[-87.1427,108.925,46.0812],[-78.8686,129.829,-14.1075],[-41.3785,128.342,-13.8901],[-40.5172,121.357,6.0108],[-48.8682,117.56,17.779],[[[-0.0351595,-0.942559,-0.332184],[-0.99105,0.0757155,-0.109944],[-0.12878,-0.325345,0.936785]],[[-0.0355151,-0.943454,-0.329595],[0.0185298,0.329124,-0.944105],[-0.999197,0.0396373,-0.0057931]],[[-0.0355151,-0.943454,-0.329595],[0.998536,-0.0200338,-0.0502499],[-0.0408055,0.330897,-0.942784]],[[-0.0355151,-0.943454,-0.329595],[0.827953,-0.212475,0.518987],[0.559671,0.254457,-0.788682]]],1],[1352,[0.0316745,-0.191403,0.981],135,58.5185,[-44.67,102.004,18.2896],[-45.7275,108.118,18.8182],[-39.8634,162.073,19.9176],false,[-88.9238,99.1783,41.9021],[-81.3591,110.948,-17.4],[-39.573,115.696,-15.5714],[-38.7864,110.943,8.79099],[-48.031,107.216,21.829],[[[0.117234,-0.976853,-0.178924],[-0.985313,-0.0918866,-0.143927],[-0.124155,-0.19317,0.973279]],[[0.119125,-0.973774,-0.193839],[0.0204365,0.197593,-0.980071],[-0.992669,-0.11279,-0.0434387]],[[0.119125,-0.973774,-0.193839],[0.992374,0.123001,-0.0080429],[-0.0316745,0.191403,-0.981]],[[0.119125,-0.973774,-0.193839],[0.81762,-0.0145517,0.575575],[0.563301,0.227052,-0.794443]]],2],[1353,[0.0830185,-0.0220701,0.996304],135,56.2671,[-46.9883,89.6062,19.3832],[-47.6033,95.9201,19.4166],[-30.4312,157.426,7.07407],false,[-88.358,88.8154,39.1814],[-81.8152,91.1888,-15.0792],[-43.3876,97.9597,-15.2229],[-41.3791,97.4258,8.88056],[-49.8043,95.4331,22.7116],[[[0.171627,-0.984908,-0.0223859],[-0.977875,-0.167555,-0.125243],[-0.119602,-0.0433857,0.991874]],[[0.173281,-0.984205,-0.036241],[-0.00991291,0.0350528,-0.999336],[-0.984823,-0.173525,0.00368236]],[[0.173281,-0.984205,-0.036241],[0.981367,0.175649,-0.0778829],[-0.0830185,0.0220701,-0.996304]],[[0.173281,-0.984205,-0.036241],[0.838671,0.128166,0.529343],[0.516337,0.122119,-0.847633]]],3],[1354,[0.14586,0.164767,0.975488],135,44.1123,[-51.4206,78.3347,13.267],[-51.6261,85.0205,12.9347],[-17.7044,161.981,-8.56023],false,[-82.1097,78.0708,39.2409],[-78.3946,73.2555,-11.0325],[-49.1604,82.6821,-14.2077],[-46.6689,85.4965,2.45484],[-53.281,84.8836,15.9644],[[[0.315829,-0.941995,0.113567],[-0.945976,-0.321874,-0.0390751],[-0.0733628,0.0950902,0.992762]],[[0.315952,-0.942154,0.111893],[-0.0627174,-0.138417,-0.988386],[-0.9467,-0.305265,0.102822]],[[0.315952,-0.942154,0.111893],[0.937496,0.291887,-0.189481],[-0.14586,-0.164767,-0.975488]],[[0.315952,-0.942154,0.111893],[0.840974,0.332698,0.426702],[0.439246,0.0407178,-0.897444]]],4]],[[0,200,0],[235.247,235.247,147.751]]],[138654,6928169370,[[134,"right",[0.0162416,0.169622,-0.985375],[-0.986674,-0.156851,-0.0432634],[54.3652,109.757,-3.54516],[3.65064,153.63,28.3673],[54.6649,101.1,-6.19741],0.691701,1,0.449621,[[0.0911772,-0.75837,-0.645416],[0.982365,0.174734,-0.0665365],[0.163235,-0.627968,0.760927]],56.162,[97.2827,-53.6965,223.493],[58.4368,95.7439,42.4111]],[135,"left",[-0.0297753,0.187385,-0.981835],[0.999305,-0.0164539,-0.0334453],[-77.8057,106.535,4.53994],[-58.4374,171.131,59.507],[-75.8374,100.307,2.60217],0.892945,1,0.37307,[[-0.0141089,-0.823058,-0.567782],[-0.999623,0.0249848,-0.0113781],[-0.0235508,-0.567408,0.8231]],55.6483,[-85.8741,-42.5715,243.811],[-80.3209,91.2222,49.7258]]],[[1340,[-0.391351,-0.0470398,-0.919038],134,45.9347,[14.6565,118.655,-26.049],[14.4788,124.018,-24.6525],[-8.2982,199.336,36.0548],false,[44.9278,118.186,49.1125],[44.9278,118.186,49.1125],[31.3412,137.794,12.1442],[19.5805,136.38,-15.4743],[12.9662,121.007,-27.5329],[[[0.950824,-0.21812,-0.219904],[0.304623,0.78697,0.536547],[0.0560259,-0.577149,0.814715]],[[0.917842,-0.0920216,-0.386132],[0.249406,0.890459,0.380631],[0.308808,-0.445662,0.840252]],[[0.917842,-0.0920216,-0.386132],[0.0664079,0.994645,-0.0791879],[0.391351,0.0470398,0.919038]],[[0.917842,-0.0920216,-0.386132],[-0.233981,0.660372,-0.713556],[0.320653,0.745279,0.584586]]],0],[1341,[-0.0968968,-0.314189,0.944403],134,51.8322,[19.0999,113.416,4.78982],[19.3246,120.338,6.76843],[12.8961,176.327,39.0148],false,[63.2362,115.573,39.3932],[53.0291,135.262,-21.5395],[15.6987,129.152,-23.2633],[13.6344,122.458,-3.14419],[21.1812,119.793,9.61179],[[[0.162325,-0.930655,-0.327921],[0.974101,0.204153,-0.0972062],[0.157412,-0.303649,0.939691]],[[0.167598,-0.940469,-0.295684],[-0.0049035,0.299128,-0.9542],[0.985843,0.161372,0.0455217]],[[0.167598,-0.940469,-0.295684],[-0.981082,-0.129629,-0.143786],[0.0968968,0.314189,-0.944403]],[[0.167598,-0.940469,-0.295684],[-0.848977,-0.290148,0.441646],[-0.501147,0.17701,-0.847065]]],1],[1342,[-0.136026,-0.162525,0.977283],134,59.0586,[18.8053,104.675,6.93714],[18.8305,110.585,8.50242],[-1.52513,177.188,26.3456],false,[66.3587,106.045,35.2388],[58.0518,116.691,-24.7529],[15.6479,116.442,-27.3362],[12.2386,112.368,-2.8421],[20.5229,110.174,11.3315],[[[0.0136442,-0.984198,-0.176543],[0.99074,0.03716,-0.130591],[0.135088,-0.173126,0.975591]],[[0.0156665,-0.986682,-0.161907],[0.059049,0.162557,-0.984931],[0.998132,0.00586996,0.0608093]],[[0.0156665,-0.986682,-0.161907],[-0.990581,0.00671301,-0.136761],[0.136026,0.162525,-0.977283]],[[0.0156665,-0.986682,-0.161907],[-0.865786,-0.0943873,0.491432],[-0.500169,0.132478,-0.855734]]],2],[1343,[-0.136929,-0.0401477,0.989767],134,56.7865,[25.0598,89.9752,9.29471],[24.4969,97.0103,11.1379],[-2.79021,171.222,32.3891],false,[67.1943,95.5953,32.5276],[61.078,96.9852,-22.3251],[21.7819,98.8112,-24.1342],[18.4386,97.8309,0.0321827],[26.3764,96.8071,14.4243],[[[-0.0413504,-0.99893,-0.0207017],[0.992984,-0.0387893,-0.111705],[0.110782,-0.0251755,0.993526]],[[-0.0442246,-0.997934,-0.0465971],[0.0480042,0.0444662,-0.997857],[0.997868,-0.0463666,0.0459386]],[[-0.0442246,-0.997934,-0.0465971],[-0.989593,0.0501525,-0.13487],[0.136929,0.0401476,-0.989767]],[[-0.0442246,-0.997934,-0.0465971],[-0.875044,0.0161895,0.483772],[-0.482018,0.0621692,-0.873953]]],3],[1344,[-0.182386,0.196401,0.963412],134,44.5195,[32.5978,80.8949,3.3337],[31.5214,88.2668,5.15797],[-12.8714,165.338,25.3701],false,[62.3566,84.0215,32.5481],[59.9614,78.5999,-18.2144],[29.5026,83.8937,-22.1518],[26.3585,87.2794,-5.54368],[32.8785,88.2892,8.1412],[[[-0.191748,-0.974897,0.113171],[0.980325,-0.195758,-0.0253471],[0.0468649,0.106084,0.993252]],[[-0.189226,-0.968541,0.161624],[0.0949108,-0.181867,-0.978732],[0.977336,-0.169862,0.126339]],[[-0.189226,-0.968541,0.161624],[-0.964847,0.152825,-0.213812],[0.182386,-0.196401,-0.963412]],[[-0.189226,-0.968541,0.161624],[-0.883182,0.239814,0.403086],[-0.429165,-0.0664689,-0.900777]]],4],[1350,[0.38832,-0.029382,-0.921056],135,45.5146,[-45.5899,122.26,-8.58725],[-47.0804,125.572,-7.77379],[-70.3458,297.77,59.2942],false,[-70.2483,114.959,56.9944],[-70.2483,114.959,56.9944],[-63.2734,141.569,23.1753],[-51.7106,140.694,-4.25063],[-44.9163,121.953,-8.76301],[[[-0.908638,-0.343932,-0.236827],[-0.417238,0.724656,0.54844],[0.0170079,-0.597147,0.801952]],[[-0.89805,-0.236226,-0.371084],[-0.409766,0.75605,0.510373],[-0.159995,-0.610398,0.775768]],[[-0.89805,-0.236226,-0.371084],[-0.206674,0.971254,-0.118118],[-0.38832,0.029382,0.921056]],[[-0.89805,-0.236226,-0.371084],[0.288105,0.321621,-0.901973],[-0.332418,0.916928,0.220774]]],0],[1351,[0.0458887,-0.347385,0.936599],135,51.3581,[-45.5905,113.976,14.4647],[-47.4697,120.61,15.9727],[-68.2772,186.852,60.5882],false,[-87.7491,110.074,47.0747],[-79.8506,132.132,-12.7511],[-42.3478,130.995,-12.6444],[-41.3792,123.662,7.12589],[-49.6684,119.577,18.8409],[[[-0.0271032,-0.936744,-0.348965],[-0.992045,0.0681361,-0.105851],[-0.122933,-0.34332,0.931138]],[[-0.0274366,-0.937671,-0.346438],[0.0131625,0.3462,-0.938068],[-0.999537,0.0302974,-0.00284355]],[[-0.0274366,-0.937671,-0.346438],[0.99857,-0.00979945,-0.0525596],[-0.0458887,0.347385,-0.936599]],[[-0.0274366,-0.937671,-0.346438],[0.831044,-0.213998,0.513392],[0.55553,0.27382,-0.785117]]],1],[1352,[0.0365861,-0.208593,0.977318],135,58.5185,[-45.1068,103.861,18.6116],[-46.4054,110.155,19.6854],[-49.9152,181.629,41.1796],false,[-89.449,100.386,42.7261],[-82.1698,113.29,-16.3754],[-40.4259,118.408,-14.583],[-39.5173,113.228,9.68793],[-48.6852,109.18,22.6841],[[[0.126057,-0.972313,-0.196764],[-0.984803,-0.0987666,-0.142855],[-0.119467,-0.211782,0.969988]],[[0.127871,-0.968956,-0.211596],[0.0155351,0.215278,-0.976429],[-0.991669,-0.12157,-0.0425807]],[[0.127871,-0.968956,-0.211596],[0.991116,0.132712,-0.0087772],[-0.0365861,0.208593,-0.977318]],[[0.127871,-0.968956,-0.211596],[0.819502,-0.0169428,0.572826],[0.558629,0.246651,-0.791895]]],2],[1353,[0.0860537,-0.0391193,0.995522],135,56.2671,[-47.3024,91.412,19.5578],[-48.1689,97.9299,20.0725],[-39.6712,177.246,25.2856],false,[-88.7919,90.0799,39.8181],[-82.4301,93.4891,-14.4088],[-44.0696,100.631,-14.5372],[-41.9877,99.6844,9.54731],[-50.3549,97.3633,23.3623],[[[0.18098,-0.982651,-0.0405455],[-0.976587,-0.174682,-0.125554],[-0.116294,-0.062319,0.991258]],[[0.182583,-0.981687,-0.0543583],[-0.0131807,0.0528387,-0.998516],[-0.983102,-0.183029,0.00329182]],[[0.182583,-0.981687,-0.0543583],[0.979417,0.186443,-0.0773353],[-0.0860537,0.0391193,-0.995522]],[[0.182583,-0.981687,-0.0543583],[0.838879,0.12671,0.529365],[0.512783,0.142253,-0.846651]]],3],[1354,[0.147013,0.148608,0.977907],135,44.1123,[-51.5965,80.2192,13.2802],[-52.1052,87.1093,13.4055],[-27.7309,183.131,8.18084],false,[-82.4409,79.3967,39.6675],[-78.8262,75.5198,-10.6943],[-49.693,85.2826,-13.7804],[-47.1818,87.821,2.92341],[-53.7507,86.9014,16.4367],[[[0.32516,-0.940798,0.0957607],[-0.942961,-0.330209,-0.0422604],[-0.0713796,0.0765572,0.994507]],[[0.325279,-0.940926,0.094087],[-0.0642898,-0.121273,-0.990535],[-0.94343,-0.316152,0.0999395]],[[0.325279,-0.940926,0.094087],[0.93412,0.304261,-0.186667],[-0.147013,-0.148608,-0.977907]],[[0.325279,-0.940926,0.094087],[0.838912,0.333057,0.430464],[0.436371,0.0610902,-0.897691]]],4]],[[0,200,0],[235.247,235.247,147.751]]],[138655,6928178070,[[134,"right",[0.016205,0.170083,-0.985296],[-0.987906,-0.149254,-0.0420124],[54.4461,111.171,-2.97144],[5.15749,156,38.3921],[54.6355,102.453,-5.76397],0.68146,1,0.369309,[[0.0786042,-0.760364,-0.644723],[0.982386,0.169058,-0.0796098],[0.169528,-0.627109,0.76026]],56.162,[98.8159,-52.1366,223.894],[58.4725,97.0995,42.971]],[135,"left",[-0.0366634,0.200031,-0.979103],[0.999145,-0.0113896,-0.0397408],[-78.2682,107.885,5.15938],[-57.0313,166.864,62.6263],[-76.3522,101.911,3.1437],0.880859,1,0.386739,[[-0.0103294,-0.820099,-0.572129],[-0.999653,0.022332,-0.013963],[-0.0242278,-0.571786,0.820045]],55.6483,[-86.1488,-42.8535,243.521],[-80.4359,91.9725,50.1557]]],[[1340,[-0.395307,-0.0325093,-0.917974],134,45.9347,[14.547,121.001,-25.5643],[14.401,126.171,-24.1691],[-12.5657,215.622,38.5359],false,[45.145,119.641,49.704],[45.145,119.641,49.704],[31.4525,139.295,12.7997],[19.573,138.318,-14.7867],[12.694,123.37,-27.2258],[[[0.948824,-0.225274,-0.221326],[0.311377,0.78429,0.536595],[0.0527033,-0.57805,0.814298]],[[0.915443,-0.0960601,-0.390815],[0.255163,0.889498,0.379058],[0.311217,-0.446728,0.838796]],[[0.915443,-0.0960601,-0.390815],[0.0754755,0.994845,-0.0677337],[0.395307,0.0325093,0.917974]],[[0.915443,-0.0960601,-0.390815],[-0.225285,0.682369,-0.695428],[0.333483,0.724669,0.603029]]],0],[1341,[-0.0979794,-0.313999,0.944354],134,51.8322,[19.2145,115.31,5.33945],[19.5034,122.015,7.39519],[14.9475,180.669,47.8311],false,[63.4197,116.893,39.9582],[53.2813,136.697,-20.9489],[15.9027,130.874,-22.6258],[13.8154,124.184,-2.50776],[21.3597,121.453,10.2359],[[[0.154737,-0.931676,-0.32869],[0.975505,0.196736,-0.0984121],[0.156353,-0.30541,0.939297]],[[0.159979,-0.941549,-0.296468],[-0.00389505,0.299731,-0.954016],[0.987113,0.153777,0.0442833]],[[0.159979,-0.941549,-0.296468],[-0.982246,-0.122029,-0.142486],[0.0979794,0.313999,-0.944354]],[[0.159979,-0.941549,-0.296468],[-0.850543,-0.283907,0.442689],[-0.500982,0.181337,-0.846247]]],1],[1342,[-0.138087,-0.161921,0.977094],134,59.0586,[18.7673,106.569,7.35596],[18.8816,112.275,9.07049],[-0.0922359,181.827,36.7174],false,[66.4634,107.344,35.794],[58.157,118.089,-24.18],[15.7527,118.176,-26.7667],[12.2917,114.117,-2.27727],[20.5505,111.85,11.8997],[[[0.00585609,-0.984168,-0.17714],[0.990817,0.0296396,-0.131918],[0.13508,-0.174741,0.975305]],[[0.00789473,-0.986694,-0.162396],[0.0604058,0.162575,-0.984845],[0.998143,-0.00203457,0.0608855]],[[0.00789473,-0.986694,-0.162396],[-0.990389,0.0147109,-0.137528],[0.138087,0.161921,-0.977094]],[[0.00789473,-0.986694,-0.162396],[-0.866779,-0.0877328,0.490914],[-0.498629,0.136886,-0.855939]]],2],[1343,[-0.135285,-0.0394839,0.99002],134,56.7865,[24.9578,91.7842,9.807],[24.5112,98.6487,11.768],[-1.48842,175.796,43.5574],false,[67.2151,96.8896,33.0755],[61.0353,98.3593,-21.768],[21.7501,100.484,-23.4852],[18.447,99.5203,0.687342],[26.3976,98.4308,15.0676],[[[-0.0490384,-0.998571,-0.0212335],[0.992505,-0.046336,-0.113079],[0.111934,-0.0266195,0.993359]],[[-0.0519125,-0.997551,-0.046878],[0.0460276,0.0445014,-0.997948],[0.99759,-0.0539637,0.0436047]],[[-0.0519125,-0.997551,-0.046878],[-0.989446,0.0577363,-0.132903],[0.135285,0.0394839,-0.99002]],[[-0.0519125,-0.997551,-0.046878],[-0.874193,0.0226991,0.485047],[-0.482795,0.0661605,-0.873231]]],3],[1344,[-0.180879,0.196577,0.96366],134,44.5195,[32.3363,82.6208,3.7741],[31.427,89.8335,5.72963],[-12.626,169.28,35.9997],false,[62.2888,85.3533,33.0958],[59.7833,79.9806,-17.6667],[29.3642,85.509,-21.5883],[26.246,88.8977,-4.97592],[32.7771,89.8409,8.70845],[[[-0.199066,-0.973466,0.112858],[0.978759,-0.203255,-0.026797],[0.0490248,0.105126,0.99325]],[[-0.196481,-0.967292,0.160439],[0.0932589,-0.181322,-0.978992],[0.976063,-0.177391,0.125835]],[[-0.196481,-0.967292,0.160439],[-0.963679,0.160321,-0.213587],[0.180879,-0.196577,-0.96366]],[[-0.196481,-0.967292,0.160439],[-0.881243,0.24595,0.403633],[-0.429891,-0.0620792,-0.900744]]],4],[1350,[0.382041,0.0108068,-0.924082],135,45.5146,[-46.2924,125.866,-7.81287],[-47.4779,128.263,-7.07331],[-66.1342,310.193,63.1377],false,[-70.4269,115.659,57.6724],[-70.4269,115.659,57.6724],[-63.6865,143.159,24.5241],[-52.3106,143.481,-2.99185],[-45.3535,125.012,-8.30628],[[[-0.908503,-0.345018,-0.235765],[-0.417151,0.715504,0.560392],[0.0246549,-0.607467,0.793962]],[[-0.898246,-0.230725,-0.374058],[-0.411397,0.740844,0.530945],[-0.154617,-0.630806,0.76038]],[[-0.898246,-0.230725,-0.374058],[-0.217252,0.972959,-0.0784394],[-0.382041,-0.0108068,0.924082]],[[-0.898246,-0.230725,-0.374058],[0.278015,0.360881,-0.890209],[-0.340384,0.903621,0.260014]]],0],[1351,[0.0524503,-0.359391,0.931712],135,51.3581,[-46.228,115.869,15.0212],[-47.948,121.944,16.6027],[-64.7466,177.788,63.8017],false,[-87.9659,110.822,47.7965],[-80.5359,133.695,-11.783],[-43.0285,132.724,-11.902],[-41.9213,125.138,7.76522],[-50.1284,120.863,19.4706],[[[-0.0249857,-0.93223,-0.361004],[-0.992977,0.0649166,-0.0989103],[-0.115642,-0.355997,0.927304]],[[-0.0252938,-0.933175,-0.358531],[0.00631932,0.358489,-0.933512],[-0.99966,0.0258778,0.00317053]],[[-0.0252938,-0.933175,-0.358531],[0.998303,-0.0047615,-0.0580357],[-0.0524503,0.359391,-0.931712]],[[-0.0252938,-0.933175,-0.358531],[0.834765,-0.217043,0.506023],[0.550025,0.28649,-0.784472]]],1],[1352,[0.0435405,-0.221142,0.974269],135,58.5185,[-45.5558,105.686,18.9882],[-46.7931,111.452,20.1589],[-48.4594,172.935,44.7174],false,[-89.6484,101.185,43.3321],[-82.7916,114.892,-15.639],[-41.0611,120.179,-14.0348],[-39.9798,114.687,10.1605],[-49.0494,110.428,23.1581],[[[0.129267,-0.969071,-0.210216],[-0.985203,-0.101454,-0.138136],[-0.112536,-0.224962,0.967847]],[[0.130975,-0.965514,-0.225008],[0.00853498,0.228053,-0.973611],[-0.991349,-0.125598,-0.0381098]],[[0.130975,-0.965514,-0.225008],[0.990429,0.137402,-0.0130749],[-0.0435405,0.221142,-0.974269]],[[0.130975,-0.965514,-0.225008],[0.823067,-0.0206179,0.56757],[0.552636,0.259534,-0.791982]]],2],[1353,[0.094441,-0.0511094,0.994218],135,56.2671,[-47.6258,93.2221,19.7623],[-48.4702,99.2273,20.3566],[-37.18,169.985,26.2935],false,[-88.9624,90.9203,40.2858],[-82.9496,95.0657,-13.9297],[-44.625,102.39,-14.2772],[-42.3402,101.154,9.77574],[-50.5923,98.6195,23.6225],[[[0.185196,-0.98119,-0.0544827],[-0.976536,-0.17755,-0.121878],[-0.109912,-0.0757757,0.991049]],[[0.186691,-0.980054,-0.0681152],[-0.0215156,0.0652387,-0.997638],[-0.982183,-0.187716,0.00890695]],[[0.186691,-0.980054,-0.0681152],[0.977869,0.192045,-0.0830156],[-0.094441,0.0511094,-0.994218]],[[0.186691,-0.980054,-0.0681152],[0.842249,0.123977,0.52464],[0.505731,0.155316,-0.848595]]],3],[1354,[0.152244,0.136493,0.978873],135,44.1123,[-51.8209,82.1316,13.3396],[-52.4289,88.4635,13.6123],[-30.2791,175.796,12.3703],false,[-82.5639,80.2695,39.9569],[-79.2413,77.0664,-10.4723],[-50.1724,87.0032,-13.6087],[-47.5718,89.3347,3.11162],[-54.0554,88.2077,16.6503],[[[0.330019,-0.940451,0.0814783],[-0.941691,-0.333992,-0.0408298],[-0.0656115,0.0632528,0.995838]],[[0.330129,-0.940556,0.0798048],[-0.069849,-0.108654,-0.991623],[-0.941348,-0.321789,0.101567]],[[0.330129,-0.940556,0.0798048],[0.931577,0.311005,-0.188254],[-0.152244,-0.136493,-0.978873]],[[0.330129,-0.940556,0.0798048],[0.839944,0.331285,0.429819],[0.430707,0.0748645,-0.899381]]],4]],[[0,200,0],[235.247,235.247,147.751]]],[138656,6928195426,[[134,"right",[0.0106459,0.156782,-0.987576],[-0.988232,-0.149066,-0.0343178],[54.4513,112.749,-2.30687],[2.91562,125.987,38.3452],[54.5867,105.178,-4.84886],0.659924,1,0.384089,[[0.0710332,-0.759128,-0.647054],[0.981905,0.16738,-0.0885781],[0.175546,-0.629054,0.757281]],56.162,[100.508,-50.4034,224.011],[58.7327,99.2955,43.7971]],[135,"left",[-0.0843877,0.215288,-0.972898],[0.996059,-0.00851827,-0.0882816],[-80.6679,112.79,4.05809],[-94.5236,220.28,4.43539],[-78.4314,107.152,3.58423],0.880255,1,0.334842,[[-0.0166967,-0.812627,-0.582545],[-0.999403,0.0311847,-0.0148568],[-0.0302395,-0.581949,0.812663]],55.6483,[-87.7583,-41.0542,240.474],[-80.6278,96.1683,48.8499]]],[[1340,[-0.40308,-0.0115151,-0.915092],134,45.9347,[14.0371,125.631,-24.7988],[13.8925,128.661,-23.78],[-24.8489,191.27,26.8158],false,[45.4594,121.935,50.3022],[45.4594,121.935,50.3022],[31.2623,141.052,13.3062],[19.1492,140.706,-14.1936],[11.9375,126.328,-27.1067],[[[0.947382,-0.228947,-0.223721],[0.31499,0.791213,0.524178],[0.0570021,-0.567067,0.821697]],[[0.91123,-0.0976702,-0.40015],[0.255996,0.895358,0.364418],[0.322685,-0.434506,0.84088]],[[0.91123,-0.0976702,-0.40015],[0.0847695,0.995152,-0.0498618],[0.40308,0.0115151,0.915092]],[[0.91123,-0.0976702,-0.40015],[-0.217783,0.710338,-0.669321],[0.349614,0.697051,0.62601]]],0],[1341,[-0.092696,-0.30117,0.949054],134,51.8322,[19.4066,118.686,6.40253],[19.5784,123.76,8.11218],[10.0263,143.633,44.7908],false,[63.6758,119.043,40.4894],[53.2002,138.032,-20.6197],[15.8087,132.215,-22.0035],[13.8339,125.799,-1.78534],[21.4508,123.235,10.9498],[[[0.152215,-0.936135,-0.316989],[0.975054,0.19466,-0.10666],[0.161553,-0.292846,0.942413]],[[0.157635,-0.945576,-0.284669],[-0.00917473,0.286859,-0.957929],[0.987455,0.153615,0.0365437]],[[0.157635,-0.945576,-0.284669],[-0.983137,-0.123217,-0.135126],[0.092696,0.30117,-0.949054]],[[0.157635,-0.945576,-0.284669],[-0.848125,-0.277295,0.451433],[-0.505801,0.170273,-0.845678]]],1],[1342,[-0.135993,-0.148461,0.979523],134,59.0586,[18.6974,109.869,8.25345],[18.8703,114.058,9.84903],[-1.22779,145.144,40.4717],false,[66.6891,109.436,36.4369],[58.0447,119.379,-23.6278],[15.631,119.474,-26.0561],[12.2225,115.753,-1.50588],[20.5137,113.668,12.6802],[[[0.0041739,-0.986469,-0.163892],[0.990061,0.0271163,-0.137999],[0.140576,-0.161687,0.976778]],[[0.00631495,-0.988818,-0.148993],[0.0568549,0.14911,-0.987185],[0.998362,-0.00223697,0.0571608]],[[0.00631495,-0.988818,-0.148993],[-0.99069,0.0140765,-0.13541],[0.135993,0.148461,-0.979523]],[[0.00631495,-0.988818,-0.148993],[-0.865667,-0.0799917,0.494188],[-0.50058,0.125858,-0.856492]]],2],[1343,[-0.129726,-0.0259065,0.991211],134,56.7865,[24.8406,95.0523,10.9184],[24.591,100.453,12.7736],[1.23939,142.657,50.214],false,[67.4181,98.9458,33.8552],[60.9235,99.6812,-20.9667],[21.6304,101.812,-22.4843],[18.463,101.179,1.71727],[26.4924,100.279,16.0668],[[[-0.0498317,-0.99873,-0.00749269],[0.991806,-0.0485998,-0.118148],[0.117634,-0.013318