{"metadata":{"formatVersion":2,"generatedBy":"LeapJS Playback 0.2.1","frames":86,"frameRate":"75","modified":"Sun Apr 12 2015 22:29:46 GMT-0300 (E. South America Standard Time)","title":"querer"},"frames":[["id","timestamp",{"hands":[["id","type","direction","palmNormal","palmPosition","palmVelocity","stabilizedPalmPosition","pinchStrength","grabStrength","confidence","armBasis","armWidth","elbow","wrist"]]},{"pointables":[["id","direction","handId","length","stabilizedTipPosition","tipPosition","tipVelocity","tool","carpPosition","mcpPosition","pipPosition","dipPosition","btipPosition","bases","type"]]},{"interactionBox":["center","size"]}],[140754,6958725159,[[138,"left",[-0.109043,0.183908,-0.976876],[0.0468753,0.982595,0.179752],[-115.827,96.8463,17.9485],[14.5998,-61.8591,6.2108],[-115.824,96.8753,17.9448],0.0829861,0.957874,0.453028,[[0.993021,-0.11621,0.0201011],[-0.0860601,-0.830562,-0.550236],[-0.0806383,-0.544666,0.834767]],55.6483,[-123.266,-44.1394,259.405],[-104.251,84.2919,62.5688]],[139,"right",[0.0130269,0.269823,-0.962822],[-0.0652423,0.961081,0.268452],[76.682,110.711,26.4877],[-7.14416,-64.7814,6.07051],[76.744,111.107,26.437],0,0.265407,0.734422,[[-0.997755,-0.0604575,-0.0288043],[0.0645867,-0.755016,-0.652518],[0.0177019,-0.652914,0.757225]],57.4665,[73.7528,-65.5681,256.511],[69.4424,93.4179,72.1246]]],[[1380,[-0.33081,0.541797,-0.772671],138,45.5146,[-158.493,141.407,1.72353],[-158.107,142.047,2.13031],[15.026,-66.0292,-6.12583],false,[-128.204,93.6621,70.0658],[-128.204,93.6621,70.0658],[-146.063,115.922,37.1112],[-155.914,132.055,14.1037],[-159.259,144.164,-2.01875],[[[0.336348,-0.853512,-0.397979],[-0.777512,-0.490125,0.394021],[0.531361,-0.176905,0.828469]],[[0.173954,-0.76973,-0.614211],[-0.895499,-0.383116,0.226502],[0.40966,-0.510624,0.755937]],[[0.173954,-0.76973,-0.614211],[-0.927526,-0.337597,0.160386],[0.33081,-0.541797,0.772671]],[[0.173954,-0.76973,-0.614211],[-0.971056,-0.23775,0.0229306],[0.163679,-0.592444,0.788809]]],0],[1381,[-0.0756612,0.795936,-0.600634],138,51.3581,[-147.196,125.527,-48.2696],[-147.876,125.579,-47.7079],[49.621,-45.3624,6.2371],false,[-123.03,78.417,57.0519],[-140.006,99.5809,-1.1888],[-146.411,97.5448,-38.1022],[-148.008,114.346,-50.7808],[-146.948,128.868,-47.5195],[[[0.960527,0.00505964,-0.278142],[-0.0870332,-0.944178,-0.317733],[0.264223,-0.329398,0.906467]],[[0.985027,-0.0339174,-0.169029],[-0.0241962,-0.99795,0.0592445],[0.170692,0.0542676,0.983829]],[[0.985027,-0.0339174,-0.169029],[-0.154908,-0.60443,-0.781452],[0.0756612,-0.795936,0.600634]],[[0.985027,-0.0339174,-0.169029],[-0.157091,0.227303,-0.96107],[-0.0710177,-0.973233,-0.218571]]],1],[1382,[-0.0750217,0.777484,-0.624412],138,58.5185,[-123.957,125.564,-58.6797],[-123.264,124.632,-58.9278],[-7.61753,-30.4353,25.9337],false,[-113.077,77.2366,53.1544],[-121.007,97.2414,-3.84922],[-121.013,93.9336,-45.8137],[-122.876,113.242,-61.3205],[-124.299,129.219,-57.849],[[[0.988062,0.121395,-0.0948496],[0.0824303,-0.936732,-0.340203],[0.130148,-0.328323,0.935556]],[[0.995891,0.0902707,-0.0072539],[0.0905615,-0.992812,0.0782457],[0.00013848,0.0785811,0.996908]],[[0.995891,0.0902707,-0.0072539],[0.0507263,-0.622391,-0.781061],[0.0750217,-0.777484,0.624412]],[[0.995891,0.0902707,-0.0072539],[-0.0261565,0.210029,-0.977345],[0.0867021,-0.973519,-0.211527]]],2],[1383,[0.0380872,0.703839,-0.709338],138,56.2671,[-95.1108,117.719,-53.9285],[-95.5548,118.55,-53.3776],[23.7307,-71.4563,5.35997],false,[-102.557,78.0313,51.204],[-101.441,95.7055,-0.555397],[-94.4051,88.3133,-38.217],[-93.4837,105.341,-55.3779],[-95.5942,121.411,-53.4953],[[[0.987401,0.142023,0.0697766],[0.156919,-0.935654,-0.316114],[-0.0203913,-0.32308,0.946152]],[[0.980712,0.109857,0.161664],[0.0754063,-0.975726,0.205603],[-0.180327,0.189447,0.96519]],[[0.980712,0.109857,0.161664],[0.191711,-0.701813,-0.686079],[-0.0380872,-0.703839,0.709338]],[[0.980712,0.109857,0.161664],[0.146543,0.134057,-0.980079],[0.129341,-0.984866,-0.115373]]],3],[1384,[0.250818,0.785979,-0.565091],138,44.1123,[-64.9246,118.843,-27.7869],[-65.7875,119.555,-27.477],[21.6995,-66.7654,7.98896],false,[-91.7233,83.7976,53.1717],[-83.7334,97.661,5.12616],[-66.0583,94.4069,-19.9853],[-61.774,107.832,-29.6377],[-65.8589,122.119,-27.2294],[[[0.938813,0.256308,0.23008],[0.306164,-0.927017,-0.216572],[-0.157779,-0.273763,0.948767]],[[0.818144,0.139907,0.557733],[0.0549999,-0.984541,0.166292],[-0.572377,0.105376,0.813192]],[[0.818144,0.139907,0.557733],[0.517427,-0.602215,-0.607953],[-0.250818,-0.785979,0.565091]],[[0.818144,0.139907,0.557733],[0.506955,0.282239,-0.814456],[0.271362,-0.949088,-0.159985]]],4],[1390,[0.705463,0.437424,-0.557658],139,47.0017,[153.282,146.765,25.8205],[153.318,146.064,25.6401],[-4.53449,-70.2888,0.785334],false,[94.42,103.471,78.4852],[94.42,103.471,78.4852],[117.138,129.367,49.5024],[138.83,142.818,32.3547],[157.563,147.625,23.902],[[[-0.340609,-0.830836,-0.44011],[0.827104,-0.487371,0.279943],[-0.447084,-0.268666,0.853191]],[[-0.152881,-0.674382,-0.722383],[0.849694,-0.462957,0.25237],[-0.504626,-0.575222,0.643796]],[[-0.152881,-0.674382,-0.722383],[0.692062,-0.594869,0.408878],[-0.705463,-0.437424,0.557658]],[[-0.152881,-0.674382,-0.722383],[0.434612,-0.702373,0.563724],[-0.887547,-0.227774,0.400474]]],0],[1391,[0.315677,0.489657,-0.812763],139,53.0361,[121.903,135.397,-54.9077],[121.477,134.796,-55.1504],[-5.80706,-78.8323,5.30124],false,[88.4386,88.6956,64.2406],[99.6316,116.262,4.93557],[112.449,114.454,-31.5843],[119.331,125.128,-49.3011],[122.655,138.308,-56.5591],[[[-0.981432,-0.0131738,-0.191356],[0.091277,-0.909513,-0.40553],[-0.168698,-0.415466,0.893828]],[[-0.941353,0.0540347,-0.333068],[-0.0664646,-0.997449,0.0260303],[-0.330812,0.0466409,0.942543]],[[-0.941353,0.0540347,-0.333068],[0.119172,-0.870239,-0.477998],[-0.315677,-0.489657,0.812763]],[[-0.941353,0.0540347,-0.333068],[0.259431,-0.515262,-0.816824],[-0.215754,-0.855328,0.471025]]],1],[1392,[0.195273,0.422676,-0.884993],139,60.4304,[93.0519,129.308,-68.7122],[92.9968,128.97,-68.782],[-7.39951,-84.3829,5.01867],false,[77.8869,87.3753,61.041],[79.9415,113.238,3.71792],[85.357,107.641,-39.0488],[90.3649,118.481,-61.745],[93.841,132.395,-70.7759],[[[-0.996285,0.0860605,0.00311849],[-0.0796858,-0.907547,-0.41232],[-0.0326543,-0.411037,0.911034]],[[-0.978025,0.151125,-0.143623],[-0.167172,-0.980094,0.107094],[-0.124579,0.128751,0.983821]],[[-0.978025,0.151125,-0.143623],[-0.073039,-0.893592,-0.442898],[-0.195273,-0.422676,0.884993]],[[-0.978025,0.151125,-0.143623],[0.0373797,-0.550616,-0.833922],[-0.205108,-0.820965,0.532867]]],2],[1393,[0.0895113,0.522361,-0.848013],139,58.1055,[63.8319,131.316,-57.5358],[63.8453,132.244,-56.9882],[-5.15015,-100.711,-8.38372],false,[66.8622,87.8913,60.0666],[60.1994,110.499,8.72561],[59.6042,106.355,-31.3511],[61.8405,119.406,-52.5373],[64.4215,134.731,-59.05],[[[-0.981371,0.0928032,0.168224],[-0.151663,-0.91172,-0.381792],[0.117942,-0.400193,0.90881]],[[-0.986277,0.165079,-0.00242021],[-0.164434,-0.980905,0.103864],[0.0147717,0.102837,0.994589]],[[-0.986277,0.165079,-0.00242021],[-0.138725,-0.836593,-0.52997],[-0.0895113,-0.522361,0.848013]],[[-0.986277,0.165079,-0.00242021],[-0.0616027,-0.381573,-0.922284],[-0.153173,-0.909479,0.386506]]],3],[1394,[-0.196808,0.64285,-0.740278],139,45.5536,[27.1845,133.985,-29.0315],[27.1621,133.738,-28.9626],[-4.68404,-76.9998,-2.78716],false,[55.7014,93.1647,63.5847],[42.4628,111.226,16.3274],[29.7588,110.807,-12.9189],[26.2873,122.146,-25.9769],[27.4276,137.129,-29.9616],[[[-0.922485,0.19522,0.333034],[-0.291436,-0.917937,-0.269178],[0.253155,-0.34537,0.903677]],[[-0.904333,0.172649,0.39035],[-0.153217,-0.984896,0.0806516],[0.398379,0.0131276,0.917127]],[[-0.904333,0.172649,0.39035],[-0.378745,-0.746282,-0.547371],[0.196808,-0.64285,0.740278]],[[-0.904333,0.172649,0.39035],[-0.420476,-0.203174,-0.884263],[-0.0733583,-0.963801,0.256332]]],4]],[[0,200,0],[235.247,235.247,147.751]]],[140755,6958734425,[[138,"left",[-0.108892,0.182666,-0.977126],[0.0473074,0.98281,0.178456],[-115.8,96.8258,17.9586],[11.3118,-45.0746,4.76948],[-115.809,96.8432,17.9537],0.0867659,0.960307,0.454708,[[0.992975,-0.116638,0.0198807],[-0.086522,-0.830401,-0.550407],[-0.0807076,-0.544821,0.83466]],55.6483,[-123.264,-44.1426,259.407],[-104.233,84.3251,62.5962]],[139,"right",[0.0135624,0.270506,-0.962623],[-0.0655599,0.96088,0.269093],[76.6199,110.561,26.5398],[-7.01953,-51.1017,5.94416],[76.694,110.887,26.4784],0,0.267728,0.722771,[[-0.997732,-0.060427,-0.0296444],[0.0651153,-0.755105,-0.652362],[0.0170357,-0.652813,0.757327]],57.4665,[73.5039,-65.7269,256.571],[69.3556,93.2345,72.1601]]],[[1380,[-0.330509,0.540882,-0.77344],138,45.5146,[-158.458,141.369,1.6625],[-158.061,142.017,2.07251],[12.259,-48.2586,-6.05328],false,[-128.182,93.716,70.0792],[-128.182,93.716,70.0792],[-146.029,115.939,37.0927],[-155.871,132.044,14.0623],[-159.209,144.133,-2.07699],[[[0.33599,-0.854189,-0.396827],[-0.777761,-0.489251,0.394614],[0.531223,-0.176051,0.828739]],[[0.173682,-0.770642,-0.613144],[-0.895679,-0.382429,0.22695],[0.409381,-0.509763,0.756669]],[[0.173682,-0.770642,-0.613144],[-0.927684,-0.336982,0.160763],[0.330509,-0.540882,0.77344]],[[0.173682,-0.770642,-0.613144],[-0.971159,-0.237306,0.023169],[0.163358,-0.591436,0.789632]]],0],[1381,[-0.0717942,0.798523,-0.597668],138,51.3581,[-146.965,125.67,-48.1958],[-147.654,125.636,-47.7076],[43.0431,-27.9638,6.8799],false,[-123.014,78.4514,57.0859],[-139.977,99.546,-1.184],[-146.266,97.6528,-38.1248],[-147.782,114.508,-50.7407],[-146.7,129.017,-47.4289],[[[0.960548,0.00425742,-0.278081],[-0.0874384,-0.944557,-0.316491],[0.264011,-0.328319,0.90692]],[[0.985488,-0.035617,-0.165967],[-0.0266924,-0.998091,0.0556975],[0.167634,0.0504591,0.984557]],[[0.985488,-0.035617,-0.165967],[-0.153816,-0.60091,-0.784378],[0.0717942,-0.798523,0.597667]],[[0.985488,-0.035617,-0.165967],[-0.153474,0.230768,-0.960829],[-0.0725218,-0.972357,-0.221952]]],1],[1382,[-0.0776028,0.784611,-0.615112],138,58.5185,[-124.045,125.793,-58.5135],[-123.434,125.019,-58.6775],[-10.9087,-5.89178,28.8054],false,[-113.062,77.2614,53.1906],[-120.979,97.1944,-3.83999],[-121.133,94.3102,-45.8354],[-123.06,113.795,-61.1113],[-124.477,129.737,-57.4767],[[[0.988124,0.120822,-0.0949408],[0.08203,-0.937218,-0.338959],[0.129934,-0.327146,0.935998]],[[0.995826,0.0907375,-0.00989279],[0.0912015,-0.993515,0.0678987],[0.00366767,0.0685175,0.997643]],[[0.995826,0.0907375,-0.00989279],[0.0480517,-0.613312,-0.788378],[0.0776028,-0.784611,0.615112]],[[0.995826,0.0907375,-0.00989279],[-0.0297047,0.219689,-0.975118],[0.0863064,-0.971341,-0.221468]]],2],[1383,[0.0390855,0.703829,-0.709293],138,56.2671,[-95.0326,117.661,-53.9114],[-95.4702,118.435,-53.3921],[19.6694,-53.2182,4.43283],false,[-102.541,78.0487,51.2398],[-101.414,95.654,-0.542772],[-94.349,88.2509,-38.1969],[-93.4034,105.279,-55.3568],[-95.5063,121.35,-53.4768],[[[0.98746,0.141669,0.069658],[0.156518,-0.936142,-0.314866],[-0.0206031,-0.32182,0.946577]],[[0.980636,0.109302,0.162498],[0.0746461,-0.975734,0.205841],[-0.181053,0.189726,0.964999]],[[0.980636,0.109302,0.162498],[0.191897,-0.70191,-0.685928],[-0.0390855,-0.703829,0.709293]],[[0.980636,0.109302,0.162498],[0.147458,0.133923,-0.979959],[0.128873,-0.984946,-0.115213]]],3],[1384,[0.25185,0.786101,-0.564461],138,44.1123,[-64.8465,118.821,-27.7581],[-65.6812,119.476,-27.4754],[18.3512,-48.5071,6.70893],false,[-91.7046,83.8127,53.2007],[-83.7051,97.6089,5.13744],[-65.9912,94.3833,-19.9503],[-61.6893,107.811,-29.592],[-65.7663,122.103,-27.2017],[[[0.938913,0.256187,0.229807],[0.305759,-0.927441,-0.215325],[-0.157969,-0.272437,0.949117]],[[0.81726,0.139628,0.559098],[0.0550356,-0.984679,0.165464],[-0.573635,0.104457,0.812423]],[[0.81726,0.139628,0.559098],[0.518322,-0.60212,-0.607283],[-0.25185,-0.786101,0.564461]],[[0.81726,0.139628,0.559098],[0.508657,0.281197,-0.813754],[0.270839,-0.949438,-0.158788]]],4],[1390,[0.705726,0.437935,-0.556923],139,47.0017,[153.235,146.578,25.8935],[153.25,145.928,25.7637],[-5.31246,-54.6619,4.31763],false,[94.3278,103.288,78.5429],[94.3278,103.288,78.5429],[117.059,129.208,49.5921],[138.759,142.674,32.467],[157.497,147.49,24.029],[[[-0.340209,-0.830579,-0.440903],[0.827015,-0.487435,0.280096],[-0.447553,-0.269342,0.852731]],[[-0.152335,-0.673894,-0.722953],[0.849618,-0.462996,0.252553],[-0.504919,-0.575761,0.643084]],[[-0.152335,-0.673894,-0.722953],[0.691914,-0.595046,0.408872],[-0.705726,-0.437935,0.556923]],[[-0.152335,-0.673894,-0.722953],[0.434389,-0.702702,0.563486],[-0.88775,-0.228204,0.399779]]],0],[1391,[0.315691,0.490983,-0.811957],139,53.0361,[121.868,135.279,-54.8262],[121.451,134.725,-55.0337],[-5.61244,-59.0529,7.43615],false,[88.3573,88.521,64.2842],[99.5816,116.131,5.00541],[112.409,114.329,-31.5111],[119.291,125.031,-49.2104],[122.605,138.234,-56.4311],[[[-0.981315,-0.0131974,-0.191956],[0.0916687,-0.909211,-0.406118],[-0.169169,-0.416126,0.893432]],[[-0.941266,0.0539849,-0.333323],[-0.0663816,-0.997458,0.0259059],[-0.331077,0.0465109,0.942457]],[[-0.941266,0.0539849,-0.333323],[0.119822,-0.869495,-0.479189],[-0.315691,-0.490983,0.811957]],[[-0.941266,0.0539849,-0.333323],[0.2603,-0.51278,-0.818108],[-0.215087,-0.856821,0.46861]]],1],[1392,[0.195603,0.423487,-0.884533],139,60.4304,[93.0294,129.172,-68.6457],[92.9788,128.878,-68.6924],[-6.11997,-63.9296,6.49831],false,[77.8078,87.2012,61.0773],[79.8927,113.105,3.77377],[85.322,107.496,-38.9897],[90.3383,118.357,-61.6741],[93.8146,132.291,-70.6734],[[[-0.996301,0.0858969,0.00257978],[-0.0792903,-0.907268,-0.41301],[-0.0331357,-0.411687,0.910723]],[[-0.977992,0.15101,-0.143971],[-0.167131,-0.980076,0.10732],[-0.124896,0.12902,0.983745]],[[-0.977992,0.15101,-0.143971],[-0.0726036,-0.893227,-0.443705],[-0.195603,-0.423487,0.884533]],[[-0.977992,0.15101,-0.143971],[0.0381807,-0.548851,-0.835047],[-0.205119,-0.822167,0.531007]]],2],[1393,[0.0901213,0.518766,-0.850153],139,58.1055,[63.8305,130.995,-57.587],[63.8394,131.908,-57.0386],[-3.64124,-83.4218,-7.82191],false,[66.7837,87.7161,60.0966],[60.148,110.359,8.76764],[59.5863,106.107,-31.2982],[61.8379,119.068,-52.5378],[64.4248,134.359,-59.1267],[[[-0.981487,0.0925252,0.167699],[-0.151285,-0.911474,-0.382528],[0.11746,-0.400816,0.908597]],[[-0.986244,0.165252,-0.00371048],[-0.164705,-0.98059,0.106376],[0.0139404,0.105524,0.994319]],[[-0.986244,0.165252,-0.00371048],[-0.138565,-0.838793,-0.526522],[-0.0901213,-0.518766,0.850153]],[[-0.986244,0.165252,-0.00371048],[-0.0612502,-0.386214,-0.920373],[-0.153527,-0.907486,0.391023]]],3],[1394,[-0.196589,0.641489,-0.741515],139,45.5536,[27.1628,133.74,-29.0487],[27.1336,133.555,-28.9644],[-4.18249,-61.9423,-2.69622],false,[55.6198,92.9852,63.6118],[42.4067,111.077,16.3592],[29.7352,110.618,-12.9005],[26.2675,121.933,-25.9803],[27.3986,136.91,-29.9903],[[[-0.922717,0.194835,0.332616],[-0.291124,-0.917794,-0.270003],[0.252667,-0.345969,0.903585]],[[-0.904867,0.172538,0.38916],[-0.152705,-0.984897,0.0815983],[0.397362,0.0144089,0.917549]],[[-0.904867,0.172538,0.38916],[-0.377582,-0.747477,-0.546543],[0.196589,-0.641489,0.741515]],[[-0.904867,0.172538,0.38916],[-0.419429,-0.205098,-0.884316],[-0.0727626,-0.963413,0.257954]]],4]],[[0,200,0],[235.247,235.247,147.751]]],[140756,6958751585,[[138,"left",[-0.106441,0.180377,-0.977821],[0.0380677,0.983426,0.177267],[-115.671,96.4014,17.7159],[9.57417,-35.7628,-3.88948],[-115.698,96.4867,17.7618],0.0915645,0.961493,0.462147,[[0.993752,-0.108691,0.0253709],[-0.0770101,-0.832249,-0.549028],[-0.0807895,-0.543643,0.835419]],55.6483,[-123.231,-44.1276,259.408],[-104.181,84.0624,62.4182]],[139,"right",[0.011177,0.269362,-0.962974],[-0.0649939,0.961194,0.268109],[76.321,110.377,26.5319],[-11.7816,-32.6061,3.0125],[76.4809,110.596,26.509],0,0.274018,0.685573,[[-0.997848,-0.0586048,-0.0293925],[0.0635606,-0.754782,-0.652889],[0.0160775,-0.653352,0.756883]],57.4665,[73.0851,-65.9882,256.493],[69.1702,93.1046,72.1904]]],[[1380,[-0.331982,0.536864,-0.775606],138,45.5146,[-158.598,140.68,1.2429],[-158.261,141.189,1.58335],[1.65204,-48.1674,-16.2229],false,[-128.241,93.2559,69.7894],[-128.241,93.2559,69.7894],[-146.143,115.274,36.6964],[-156.029,131.26,13.6015],[-159.405,143.296,-2.56936],[[[0.344999,-0.851792,-0.394242],[-0.775119,-0.495425,0.392102],[0.529307,-0.17031,0.831161]],[[0.182926,-0.769989,-0.611274],[-0.893249,-0.389889,0.223814],[0.410663,-0.505078,0.759113]],[[0.182926,-0.769989,-0.611274],[-0.925379,-0.34481,0.157416],[0.331982,-0.536864,0.775606]],[[0.182926,-0.769989,-0.611274],[-0.969145,-0.245719,0.0194985],[0.165215,-0.588846,0.791179]]],0],[1381,[-0.0719548,0.801271,-0.593959],138,51.3581,[-146.551,125.208,-48.4597],[-147.269,125.045,-48.08],[34.0111,-27.8221,-3.48013],false,[-122.887,78.0189,56.8389],[-139.791,98.886,-1.52972],[-145.771,97.1265,-38.5286],[-147.29,114.04,-51.0662],[-146.327,128.541,-47.6827],[[[0.961613,0.0121914,-0.274138],[-0.0779589,-0.945711,-0.315519],[0.263102,-0.324779,0.908458]],[[0.987001,-0.0285987,-0.15815],[-0.0207849,-0.99849,0.050843],[0.159366,0.0468949,0.986105]],[[0.987001,-0.0285987,-0.15815],[-0.143708,-0.597618,-0.788797],[0.0719548,-0.801271,0.593959]],[[0.987001,-0.0285987,-0.15815],[-0.147207,0.234011,-0.961025],[-0.064493,-0.971813,-0.226759]]],1],[1382,[-0.0879892,0.799302,-0.594452],138,58.5185,[-124.247,126.326,-58.16],[-123.691,125.525,-58.3596],[-13.3431,16.4329,28.1925],false,[-112.909,76.9097,52.9863],[-120.763,96.6953,-4.10433],[-121.038,94.7583,-46.1535],[-123.223,114.608,-60.9163],[-124.79,130.449,-56.9228],[[[0.987424,0.129241,-0.0910501],[0.0915308,-0.936936,-0.337301],[0.128901,-0.324726,0.936983]],[[0.994803,0.101204,-0.0111683],[0.101609,-0.993801,0.0451147],[0.00653322,0.046015,0.998919]],[[0.994803,0.101204,-0.0111683],[0.0512344,-0.592346,-0.804053],[0.0879892,-0.799302,0.594452]],[[0.994803,0.101204,-0.0111683],[-0.0354064,0.241003,-0.969878],[0.0954644,-0.965233,-0.243334]]],2],[1383,[0.036775,0.706299,-0.706958],138,56.2671,[-94.7223,117.523,-53.9815],[-95.156,118.153,-53.5514],[19.0484,-32.5192,0.390638],false,[-102.387,77.7854,51.0776],[-101.199,95.3288,-0.724594],[-93.8631,88.0727,-38.3555],[-92.9734,105.16,-55.4588],[-95.2266,121.207,-53.5443],[[[0.985902,0.150307,0.0735151],[0.165906,-0.935183,-0.312904],[-0.0217185,-0.320689,0.946935]],[[0.978746,0.117366,0.16817],[0.0819158,-0.975523,0.204072],[-0.188005,0.185959,0.964403]],[[0.978746,0.117366,0.16817],[0.201752,-0.698116,-0.686971],[-0.036775,-0.706299,0.706958]],[[0.978746,0.117366,0.16817],[0.151616,0.138058,-0.978751],[0.13809,-0.983446,-0.117329]]],3],[1384,[0.248316,0.790524,-0.559831],138,44.1123,[-64.6273,118.96,-27.6706],[-65.4302,119.493,-27.468],[15.8954,-22.1056,6.02342],false,[-91.6094,83.6457,53.0749],[-83.5315,97.4447,5.02557],[-65.5936,94.4978,-19.9369],[-61.352,108.001,-29.4995],[-65.5776,122.251,-27.1131],[[[0.935707,0.26462,0.233302],[0.314656,-0.925053,-0.212763],[-0.159515,-0.272494,0.948842]],[[0.811469,0.145862,0.5659],[0.0639062,-0.984691,0.162169],[-0.580891,0.0954308,0.808368]],[[0.811469,0.145862,0.5659],[0.529016,-0.594808,-0.605265],[-0.248316,-0.790524,0.559831]],[[0.811469,0.145862,0.5659],[0.512563,0.287494,-0.80909],[0.280708,-0.946611,-0.158528]]],4],[1390,[0.704315,0.437343,-0.55917],139,47.0017,[153.001,146.33,25.7857],[152.946,145.752,25.5268],[-10.997,-34.351,-4.00815],false,[94.157,103.168,78.5],[94.157,103.168,78.5],[116.814,129.055,49.4629],[138.471,142.503,32.2687],[157.188,147.312,23.7791],[[[-0.341208,-0.831136,-0.439079],[0.827746,-0.487023,0.278648],[-0.445436,-0.268369,0.854146]],[[-0.154039,-0.674766,-0.721777],[0.850281,-0.462613,0.251019],[-0.503283,-0.575047,0.645001]],[[-0.154039,-0.674766,-0.721777],[0.692974,-0.594492,0.40788],[-0.704315,-0.437343,0.55917]],[[-0.154039,-0.674766,-0.721777],[0.435841,-0.70199,0.563252],[-0.886744,-0.227818,0.402224]]],0],[1391,[0.312728,0.492668,-0.812083],139,53.0361,[121.414,135.057,-54.8331],[120.93,134.516,-55.1123],[-18.2085,-37.5776,2.30012],false,[88.153,88.3834,64.2736],[99.2292,115.924,4.93469],[111.946,114.05,-31.617],[118.763,124.789,-49.3191],[122.025,138.036,-56.483],[[[-0.981781,-0.0135185,-0.189534],[0.0907617,-0.909685,-0.405259],[-0.166938,-0.415078,0.894339]],[[-0.942281,0.0532492,-0.330561],[-0.0662213,-0.997409,0.0280972],[-0.328209,0.0483656,0.943366]],[[-0.942281,0.0532492,-0.330561],[0.119614,-0.868587,-0.480884],[-0.312728,-0.492668,0.812083]],[[-0.942281,0.0532492,-0.330561],[0.259418,-0.508059,-0.821327],[-0.21168,-0.859675,0.464921]]],1],[1392,[0.193155,0.42291,-0.885347],139,60.4304,[92.5726,128.834,-68.6312],[92.4245,128.561,-68.7283],[-18.5106,-43.8908,2.89572],false,[77.5957,87.0589,61.0942],[79.5377,112.895,3.75491],[84.8377,107.15,-39.0067],[89.7913,117.996,-61.712],[93.2384,131.949,-70.6927],[[[-0.9963,0.0858057,0.00491918],[-0.0802138,-0.907767,-0.411735],[-0.0308637,-0.410606,0.91129]],[[-0.97841,0.150637,-0.141502],[-0.16688,-0.979718,0.11092],[-0.121924,0.132139,0.983704]],[[-0.97841,0.150637,-0.141502],[-0.0735234,-0.893564,-0.442875],[-0.193155,-0.42291,0.885347]],[[-0.97841,0.150637,-0.141502],[0.0366768,-0.547243,-0.83617],[-0.203395,-0.823306,0.529903]]],2],[1393,[0.0880678,0.515511,-0.852345],139,58.1055,[63.4128,130.51,-57.6613],[63.3381,131.461,-57.119],[-15.2782,-56.6049,-5.96318],false,[66.5692,87.5716,60.1399],[59.8056,110.153,8.80041],[59.1509,105.785,-31.2515],[61.3512,118.664,-52.5459],[63.9225,133.926,-59.2081],[[[-0.981082,0.092632,0.169994],[-0.152133,-0.911943,-0.381071],[0.119725,-0.399724,0.908783]],[[-0.986237,0.165325,-0.00191086],[-0.164536,-0.980263,0.109602],[0.0162468,0.108408,0.993974]],[[-0.986237,0.165325,-0.00191086],[-0.139929,-0.840783,-0.522976],[-0.0880678,-0.515511,0.852345]],[[-0.986237,0.165325,-0.00191086],[-0.0636348,-0.390226,-0.918518],[-0.1526,-0.905755,0.395375]]],3],[1394,[-0.198587,0.631378,-0.749617],139,45.5536,[26.8983,133.09,-29.2098],[26.7338,132.981,-29.0865],[-12.5294,-53.0724,-7.59399],false,[55.4135,92.8437,63.6761],[42.0828,110.879,16.4346],[29.429,110.107,-12.8263],[25.9261,121.244,-26.049],[27.001,136.167,-30.2683],[[[-0.921918,0.195143,0.334645],[-0.291696,-0.918142,-0.268196],[0.254914,-0.344869,0.903374]],[[-0.905418,0.174625,0.386942],[-0.150872,-0.984338,0.091196],[0.396807,0.0241918,0.917583]],[[-0.905418,0.174625,0.386942],[-0.375208,-0.755558,-0.536983],[0.198587,-0.631378,0.749617]],[[-0.905418,0.174625,0.386942],[-0.418851,-0.218995,-0.881252],[-0.0691497,-0.959973,0.271424]]],4]],[[0,200,0],[235.247,235.247,147.751]]],[140757,6958760397,[[138,"left",[-0.105691,0.179699,-0.978027],[0.0394573,0.983519,0.176444],[-115.6,96.4857,17.6872],[9.17688,-23.5366,-3.71867],[-115.645,96.4861,17.7215],0.0965827,0.962882,0.475792,[[0.99366,-0.109656,0.0248131],[-0.0780893,-0.831928,-0.549361],[-0.0808831,-0.54394,0.835217]],55.6483,[-123.222,-44.0922,259.348],[-104.15,84.1678,62.4057]],[139,"right",[0.0111962,0.26972,-0.962874],[-0.0645465,0.961121,0.268479],[76.2929,110.396,26.5848],[-9.46432,-23.24,3.8187],[76.418,110.529,26.5343],0,0.277273,0.688202,[[-0.997882,-0.0579701,-0.0295291],[0.0631611,-0.754451,-0.65331],[0.0155941,-0.653791,0.756514]],57.4665,[72.9364,-66.0904,256.45],[69.1392,93.1092,72.2375]]],[[1380,[-0.330792,0.536659,-0.776256],138,45.5146,[-158.537,140.669,1.14571],[-158.118,141.316,1.49059],[5.66578,-31.168,-14.6013],false,[-128.2,93.4037,69.7572],[-128.2,93.4037,69.7572],[-146.053,115.419,36.6354],[-155.903,131.399,13.5212],[-159.254,143.425,-2.66221],[[[0.343913,-0.852646,-0.393343],[-0.776055,-0.493925,0.392145],[0.528643,-0.170392,0.831567]],[[0.1821,-0.770806,-0.61049],[-0.893935,-0.388372,0.223712],[0.409535,-0.505001,0.759773]],[[0.1821,-0.770806,-0.61049],[-0.925968,-0.343301,0.157251],[0.330792,-0.536659,0.776256]],[[0.1821,-0.770806,-0.61049],[-0.969516,-0.244271,0.0192249],[0.163944,-0.588379,0.79179]]],0],[1381,[-0.0670994,0.804894,-0.589613],138,51.3581,[-146.231,125.551,-48.387],[-146.948,125.314,-48.0791],[35.1568,-9.12133,-0.146371],false,[-122.862,78.1475,56.8224],[-139.707,98.99,-1.5724],[-145.565,97.4314,-38.5997],[-146.981,114.422,-51.0456],[-145.982,128.902,-47.5872],[[[0.961765,0.0105131,-0.273676],[-0.079224,-0.945863,-0.314748],[0.262169,-0.324395,0.908865]],[[0.987437,-0.0311586,-0.154908],[-0.0243141,-0.998651,0.0458843],[0.156129,0.0415414,0.986863]],[[0.987437,-0.0311586,-0.154908],[-0.143056,-0.5926,-0.792692],[0.0670994,-0.804894,0.589613]],[[0.987437,-0.0311586,-0.154908],[-0.14311,0.239239,-0.960356],[-0.0669834,-0.970461,-0.231774]]],1],[1382,[-0.0903186,0.810439,-0.578819],138,58.5185,[-124.347,126.772,-57.8965],[-123.829,126.34,-57.927],[-14.1628,41.9348,37.2221],false,[-112.884,77.0201,52.9756],[-120.68,96.7686,-4.13577],[-121.146,95.5128,-46.2091],[-123.389,115.639,-60.5837],[-124.928,131.412,-56.3164],[[[0.987662,0.127681,-0.0906748],[0.0902893,-0.937361,-0.336454],[0.127954,-0.324116,0.937324]],[[0.994803,0.100854,-0.0140173],[0.101221,-0.994454,0.0285627],[0.0110589,0.0298331,0.999494]],[[0.994803,0.100854,-0.0140173],[0.0470158,-0.577077,-0.815336],[0.0903186,-0.810439,0.578819]],[[0.994803,0.100854,-0.0140173],[-0.0396949,0.257351,-0.965502],[0.093767,-0.961041,-0.260017]]],2],[1383,[0.0388118,0.706917,-0.706231],138,56.2671,[-94.5702,117.576,-53.9756],[-94.9708,118.172,-53.5763],[19.5697,-21.4151,0.617353],false,[-102.36,77.8784,51.0714],[-101.12,95.3756,-0.745239],[-93.7449,88.1326,-38.3709],[-92.8059,105.235,-55.4567],[-95.0365,121.284,-53.5309],[[[0.986091,0.14889,0.0738716],[0.164655,-0.935698,-0.312022],[-0.0226647,-0.319845,0.947199]],[[0.978705,0.115676,0.169575],[0.0800664,-0.975788,0.203535],[-0.189013,0.185623,0.964271]],[[0.978705,0.115676,0.169575],[0.201569,-0.697773,-0.687373],[-0.0388118,-0.706917,0.706231]],[[0.978705,0.115676,0.169575],[0.153133,0.138693,-0.978424],[0.136699,-0.983556,-0.118026]]],3],[1384,[0.249551,0.792301,-0.556761],138,44.1123,[-64.5089,119.048,-27.6027],[-65.2397,119.529,-27.4268],[16.4748,-12.422,7.30322],false,[-91.5745,83.7242,53.069],[-83.4524,97.47,5.0118],[-65.4536,94.5932,-19.915],[-61.1909,108.127,-29.4252],[-65.4193,122.371,-27.0121],[[[0.935988,0.263414,0.233536],[0.313371,-0.925707,-0.211817],[-0.16039,-0.271441,0.948997]],[[0.81009,0.144196,0.568297],[0.0634545,-0.985154,0.159515],[-0.582862,0.0931602,0.807213]],[[0.81009,0.144196,0.568297],[0.530546,-0.592846,-0.605851],[-0.249551,-0.792301,0.556761]],[[0.81009,0.144196,0.568297],[0.514641,0.289488,-0.807057],[0.28089,-0.946258,-0.160302]]],4],[1390,[0.704448,0.437249,-0.559076],139,47.0017,[152.947,146.273,25.7876],[152.933,145.739,25.5856],[-8.41758,-25.5222,-1.13232],false,[94.131,103.159,78.5484],[94.131,103.159,78.5484],[116.796,129.048,49.5188],[138.458,142.493,32.3275],[157.175,147.297,23.8377],[[[-0.341616,-0.830821,-0.439358],[0.827562,-0.48749,0.278379],[-0.445466,-0.268497,0.85409]],[[-0.154406,-0.674425,-0.722018],[0.850106,-0.463079,0.250756],[-0.503467,-0.575073,0.644835]],[[-0.154406,-0.674425,-0.722018],[0.692757,-0.594949,0.407584],[-0.704448,-0.437249,0.559076]],[[-0.154406,-0.674425,-0.722018],[0.435594,-0.702393,0.562941],[-0.886801,-0.227585,0.402229]]],0],[1391,[0.312273,0.494133,-0.811368],139,53.0361,[121.311,135.053,-54.7862],[120.889,134.579,-55.0216],[-15.3872,-25.5978,4.63537],false,[88.1191,88.3827,64.317],[99.2013,115.941,4.98733],[111.898,114.057,-31.5709],[118.705,124.828,-49.2573],[121.953,138.102,-56.376],[[[-0.981806,-0.013018,-0.189439],[0.0903228,-0.909572,-0.405612],[-0.167028,-0.415343,0.894199]],[[-0.942433,0.0536049,-0.330071],[-0.0666255,-0.997378,0.0282537],[-0.327691,0.0486183,0.943533]],[[-0.942433,0.0536049,-0.330071],[0.119606,-0.867732,-0.482427],[-0.312273,-0.494133,0.811368]],[[-0.942433,0.0536049,-0.330071],[0.259581,-0.504972,-0.823177],[-0.210803,-0.86147,0.461987]]],1],[1392,[0.193126,0.423373,-0.885132],139,60.4304,[92.4815,128.792,-68.5852],[92.3829,128.592,-68.6504],[-15.044,-31.666,4.71974],false,[77.561,87.064,61.1381],[79.5084,112.92,3.80842],[84.787,107.137,-38.9505],[89.7399,117.994,-61.6503],[93.189,131.967,-70.6006],[[[-0.996262,0.0862391,0.00505363],[-0.0806525,-0.907576,-0.412069],[-0.0309499,-0.410936,0.911139]],[[-0.978385,0.151062,-0.141217],[-0.16738,-0.979529,0.111833],[-0.121432,0.133053,0.983642]],[[-0.978385,0.151062,-0.141217],[-0.0739225,-0.893272,-0.443396],[-0.193126,-0.423373,0.885132]],[[-0.978385,0.151062,-0.141217],[0.0366454,-0.545437,-0.837351],[-0.203517,-0.824426,0.528112]]],2],[1393,[0.0882103,0.511691,-0.854629],139,58.1055,[63.3519,130.336,-57.6995],[63.3128,131.283,-57.1602],[-11.8859,-47.7056,-5.93656],false,[66.5345,87.5819,60.1851],[59.7756,110.186,8.85491],[59.1173,105.7,-31.184],[61.3211,118.484,-52.5355],[63.9006,133.71,-59.2784],[[[-0.981024,0.0929964,0.170129],[-0.15257,-0.911733,-0.3814],[0.119643,-0.400119,0.90862]],[[-0.98612,0.166016,-0.00238372],[-0.165227,-0.979821,0.112475],[0.016337,0.111307,0.993652]],[[-0.98612,0.166016,-0.00238372],[-0.140662,-0.842977,-0.519233],[-0.0882103,-0.511691,0.854629]],[[-0.98612,0.166016,-0.00238372],[-0.0642791,-0.394972,-0.916442],[-0.153085,-0.903569,0.400161]]],3],[1394,[-0.197944,0.628879,-0.751884],139,45.5536,[26.8487,132.916,-29.2595],[26.7382,132.934,-29.0956],[-8.58987,-41.4349,-6.71987],false,[55.3815,92.8575,63.7245],[42.0539,110.916,16.4912],[29.438,110.075,-12.7841],[25.9464,121.168,-26.0468],[27.0187,136.076,-30.3188],[[[-0.921798,0.19542,0.334813],[-0.292124,-0.917913,-0.268513],[0.254856,-0.345321,0.903217]],[[-0.905912,0.175581,0.38535],[-0.151028,-0.984112,0.0933514],[0.395618,0.0263696,0.918036]],[[-0.905912,0.175581,0.38535],[-0.374355,-0.757418,-0.534954],[0.197944,-0.628879,0.751884]],[[-0.905912,0.175581,0.38535],[-0.41781,-0.22237,-0.880901],[-0.0689787,-0.959022,0.274807]]],4]],[[0,200,0],[235.247,235.247,147.751]]],[140758,6958794539,[[138,"left",[-0.0964002,0.131191,-0.986659],[0.0509278,0.990627,0.126743],[-115.584,101.488,17.4865],[3.03749,96.1911,-5.23877],[-115.589,101.07,17.5061],0.114108,0.968762,0.506697,[[0.992932,-0.118039,0.0123499],[-0.0899092,-0.816045,-0.570953],[-0.0774727,-0.565807,0.82089]],55.6483,[-122.881,-42.106,256.423],[-104.613,91.3102,62.8586]],[139,"right",[0.0105362,0.284084,-0.958741],[-0.0638616,0.957028,0.282875],[75.8188,112.191,28.3131],[-12.5761,30.1469,36.7725],[76.1456,111.285,27.3432],0,0.282813,0.696791,[[-0.997969,-0.0554095,-0.0314332],[0.062323,-0.746995,-0.661902],[0.0131952,-0.662517,0.748931]],57.4665,[71.9074,-67.0973,256.074],[68.6943,94.227,73.7081]]],[[1380,[-0.318288,0.500633,-0.805022],138,45.5146,[-157.934,144.317,-1.09576],[-157.409,145.953,-1.2975],[16.3158,86.2442,-61.0746],false,[-128.593,101.208,69.5465],[-128.593,101.208,69.5465],[-145.924,121.734,35.2131],[-155.402,136.641,11.2424],[-158.482,147.871,-5.55555],[[[0.335637,-0.875748,-0.347008],[-0.785151,-0.463615,0.410609],[0.520468,-0.134638,0.8432]],[[0.17651,-0.803038,-0.569187],[-0.900437,-0.365301,0.236151],[0.397563,-0.470835,0.787565]],[[0.17651,-0.803038,-0.569187],[-0.931417,-0.32326,0.16723],[0.318288,-0.500633,0.805022]],[[0.17651,-0.803038,-0.569187],[-0.972696,-0.230834,0.0240299],[0.150685,-0.549405,0.821857]]],0],[1381,[-0.0407246,0.789372,-0.612562],138,51.3581,[-144.668,128.579,-49.7075],[-145.49,128.039,-49.6125],[42.2444,59.3674,-27.3821],false,[-123.361,85.2502,57.4422],[-139.519,103.315,-2.06152],[-144.744,100.71,-39.1247],[-145.604,117.373,-52.0551],[-144.388,131.929,-49.0073],[[[0.963741,-0.0154632,-0.266389],[-0.0892196,-0.959536,-0.267079],[0.25148,-0.281163,0.926124]],[[0.989272,-0.0542276,-0.135649],[-0.044151,-0.996113,0.0762223],[0.139255,0.0694155,0.987821]],[[0.989272,-0.0542276,-0.135649],[-0.140295,-0.611515,-0.778695],[0.0407246,-0.789372,0.612562]],[[0.989272,-0.0542276,-0.135649],[-0.121252,0.213119,-0.969473],[-0.0814816,-0.97552,-0.204257]]],1],[1382,[-0.0792527,0.804515,-0.588621],138,58.5185,[-123.95,130.734,-57.9637],[-123.297,129.321,-58.674],[9.28718,79.4621,-2.82379],false,[-113.371,83.8038,53.7349],[-120.505,100.727,-4.36153],[-120.912,98.8394,-46.4119],[-122.88,118.819,-61.0298],[-124.231,134.684,-57.0545],[[[0.989851,0.110498,-0.0893577],[0.0805397,-0.954276,-0.287873],[0.117081,-0.277755,0.953491]],[[0.996013,0.0881655,-0.0136018],[0.0886827,-0.995096,0.0438203],[0.00967168,0.0448518,0.998947]],[[0.996013,0.0881655,-0.0136018],[0.0409531,-0.587352,-0.808295],[0.0792527,-0.804515,0.588621]],[[0.996013,0.0881655,-0.0136018],[-0.0345053,0.240142,-0.970124],[0.0822651,-0.966726,-0.242227]]],2],[1383,[0.0537313,0.675674,-0.73524],138,56.2671,[-93.7038,118.937,-54.7349],[-94.0714,119.424,-54.5329],[23.8445,23.1965,-16.5201],false,[-102.824,84.4322,51.8713],[-100.989,99.2625,-0.753251],[-93.3689,90.2497,-37.9453],[-92.0689,106.596,-55.7328],[-94.1197,122.737,-54.5002],[[[0.987385,0.140041,0.0738873],[0.154746,-0.952311,-0.26298],[-0.0335358,-0.271096,0.961968]],[[0.978535,0.111072,0.173585],[0.0657741,-0.966598,0.247715],[-0.195301,0.23098,0.953156]],[[0.978535,0.111072,0.173585],[0.198951,-0.728785,-0.655203],[-0.0537313,-0.675674,0.73524]],[[0.978535,0.111072,0.173585],[0.163318,0.0957347,-0.981918],[0.125681,-0.989191,-0.0755398]]],3],[1384,[0.26382,0.766108,-0.586069],138,44.1123,[-63.7634,121.343,-28.1523],[-64.4556,121.736,-28.1803],[19.7947,45.2428,-10.5185],false,[-91.9783,90.2357,53.6541],[-83.3374,101.424,5.02727],[-65.0602,97.3134,-19.5212],[-60.5539,110.4,-29.532],[-64.67,124.773,-27.7787],[[[0.937635,0.263135,0.227157],[0.302861,-0.93912,-0.162258],[-0.170632,-0.220936,0.960246]],[[0.80438,0.16058,0.572002],[0.0515149,-0.978006,0.202115],[-0.591877,0.133111,0.794961]],[[0.80438,0.16058,0.572002],[0.532326,-0.622328,-0.573879],[-0.26382,-0.766108,0.586069]],[[0.80438,0.16058,0.572002],[0.527451,0.250095,-0.811941],[0.273436,-0.954812,-0.116474]]],4],[1390,[0.704198,0.445235,-0.553056],139,47.0017,[152.694,147.071,26.8304],[152.474,147.511,27.7801],[-11.928,28.9008,45.0452],false,[93.6961,104.169,80.1478],[93.6961,104.169,80.1478],[116.35,130.479,51.49],[138.004,144.17,34.4838],[156.717,149.091,26.0513],[[[-0.342378,-0.823996,-0.451451],[0.827554,-0.491988,0.270373],[-0.444895,-0.28103,0.850348]],[[-0.155322,-0.663476,-0.731898],[0.850089,-0.467175,0.243097],[-0.503213,-0.58442,0.636577]],[[-0.155322,-0.663476,-0.731898],[0.692806,-0.601303,0.398064],[-0.704198,-0.445235,0.553056]],[[-0.155322,-0.663476,-0.731898],[0.435722,-0.710938,0.552008],[-0.886579,-0.233165,0.399515]]],0],[1391,[0.310797,0.507509,-0.803642],139,53.0361,[120.806,137.16,-53.2562],[120.328,137.594,-52.9128],[-17.1197,53.9688,45.0204],false,[87.6654,89.6106,65.702],[98.7122,118.047,6.782],[111.344,116.64,-29.8202],[118.119,127.703,-47.3382],[121.337,141.119,-54.2005],[[[-0.981968,-0.00972116,-0.188799],[0.0895503,-0.903447,-0.419244],[-0.166495,-0.428591,0.888026]],[[-0.94297,0.0585915,-0.32768],[-0.0672483,-0.997621,0.0151398],[-0.326013,0.0363123,0.944668]],[[-0.94297,0.0585915,-0.32768],[0.119214,-0.859652,-0.496776],[-0.310797,-0.507509,0.803642]],[[-0.94297,0.0585915,-0.32768],[0.259202,-0.488391,-0.83324],[-0.208856,-0.870656,0.445351]]],1],[1392,[0.192111,0.436508,-0.878951],139,60.4304,[91.9764,131.034,-67.0562],[91.8027,131.746,-66.616],[-16.9107,54.5853,43.5805],false,[77.104,88.3445,62.5126],[79.0169,115.055,5.57437],[84.2163,109.776,-37.2596],[89.1431,120.971,-59.8008],[92.5827,135.105,-68.4965],[[[-0.996215,0.0866231,0.00716761],[-0.0814293,-0.901274,-0.425529],[-0.0304006,-0.424502,0.904917]],[[-0.978523,0.153415,-0.137684],[-0.167889,-0.980673,0.10047],[-0.11961,0.121428,0.985367]],[[-0.978523,0.153415,-0.137684],[-0.0747441,-0.886524,-0.456605],[-0.192111,-0.436508,0.878951]],[[-0.978523,0.153415,-0.137684],[0.0361128,-0.530012,-0.847221],[-0.202951,-0.833997,0.513089]]],2],[1393,[0.0882449,0.520782,-0.849116],139,58.1055,[62.9427,132.407,-56.2474],[62.8053,134.1,-55.2219],[-13.6769,44.6135,38.1417],false,[66.0771,88.8818,61.5766],[59.2869,112.254,10.5957],[58.6169,108.274,-29.4964],[60.8215,121.285,-50.7102],[63.41,136.571,-57.3111],[[[-0.980839,0.0909037,0.172313],[-0.153324,-0.905855,-0.394865],[0.120196,-0.413719,0.902435]],[[-0.98597,0.166923,-0.0000897133],[-0.166093,-0.981012,0.100146],[0.0166286,0.0987555,0.994973]],[[-0.98597,0.166923,-0.0000897133],[-0.14169,-0.837211,-0.528206],[-0.0882449,-0.520782,0.849116]],[[-0.98597,0.166923,-0.0000897133],[-0.0653081,-0.386252,-0.920079],[-0.153617,-0.907164,0.391734]]],3],[1394,[-0.196879,0.628755,-0.752267],139,45.5536,[26.6128,133.878,-28.3918],[26.3322,135.154,-27.2791],[-10.0277,30.2481,32.935],false,[54.9295,94.1092,65.2037],[41.5719,112.878,18.2567],[29.0829,112.139,-11.0757],[25.6101,123.23,-24.3451],[26.6478,138.137,-28.6278],[[[-0.921428,0.190825,0.338461],[-0.292788,-0.913657,-0.281968],[0.255431,-0.35891,0.897741]],[[-0.907771,0.172967,0.382144],[-0.15024,-0.984655,0.0887854],[0.391637,0.0231833,0.919828]],[[-0.907771,0.172967,0.382144],[-0.370392,-0.758122,-0.536712],[0.196879,-0.628755,0.752267]],[[-0.907771,0.172967,0.382144],[-0.414121,-0.224581,-0.882081],[-0.0667485,-0.958982,0.275497]]],4]],[[0,200,0],[235.247,235.247,147.751]]],[140759,6958803217,[[138,"left",[-0.0945097,0.128284,-0.987224],[0.0401762,0.991346,0.124974],[-115.556,101.853,17.4972],[3.1071,81.7888,-3.51417],[-115.574,101.423,17.5021],0.117346,0.969848,0.507653,[[0.993812,-0.109627,0.0178523],[-0.0797347,-0.81605,-0.572455],[-0.0773249,-0.56749,0.819742]],55.6483,[-122.861,-41.9354,256.218],[-104.628,91.8775,62.9248]],[139,"right",[0.00987021,0.288262,-0.957501],[-0.0656299,0.955669,0.287035],[75.707,112.896,28.7824],[-12.6594,43.7387,41.3774],[76.0913,111.484,27.5212],0,0.284097,0.707685,[[-0.997897,-0.0556444,-0.0332398],[0.0636403,-0.743884,-0.665272],[0.0122921,-0.665989,0.745861]],57.4665,[71.6157,-67.4483,255.719],[68.6225,94.7214,74.0999]]],[[1380,[-0.320834,0.495716,-0.807051],138,45.5146,[-157.991,144.558,-1.32446],[-157.781,145.839,-1.513],[0.854205,59.7177,-51.3846],false,[-128.732,101.538,69.5148],[-128.732,101.538,69.5148],[-146.163,121.815,35.0842],[-155.717,136.575,11.053],[-158.858,147.739,-5.77707],[[[0.345893,-0.872862,-0.344195],[-0.781623,-0.470994,0.408939],[0.519061,-0.127581,0.845162]],[[0.186767,-0.802253,-0.567017],[-0.897348,-0.374232,0.233916],[0.399855,-0.465124,0.789795]],[[0.186767,-0.802253,-0.567017],[-0.928539,-0.332648,0.164807],[0.320834,-0.495716,0.807051]],[[0.186767,-0.802253,-0.567017],[-0.970307,-0.240938,0.0212903],[0.153696,-0.546204,0.823431]]],0],[1381,[-0.0448287,0.790407,-0.610939],138,51.3581,[-144.591,128.679,-49.7429],[-145.396,128.106,-49.6936],[33.8278,47.1885,-21.3759],false,[-123.295,85.6119,57.4589],[-139.444,103.393,-2.13262],[-144.447,100.803,-39.2274],[-145.394,117.488,-52.1235],[-144.331,132.048,-49.0412],[[[0.964723,-0.00591717,-0.263199],[-0.0783273,-0.960925,-0.265495],[0.251344,-0.276745,0.92749]],[[0.990443,-0.044682,-0.130483],[-0.0351694,-0.996614,0.0743194],[0.133362,0.0690201,0.988661]],[[0.990443,-0.044682,-0.130483],[-0.130433,-0.61095,-0.78085],[0.0448287,-0.790407,0.610939]],[[0.990443,-0.044682,-0.130483],[-0.1181,0.213889,-0.969693],[-0.0712367,-0.975836,-0.206568]]],1],[1382,[-0.0849257,0.806346,-0.585315],138,58.5185,[-123.923,131.151,-57.9126],[-123.323,129.797,-58.5767],[7.43278,73.0573,1.02515],false,[-113.278,84.2627,53.7871],[-120.396,100.999,-4.36526],[-120.617,99.295,-46.4248],[-122.726,119.32,-60.9607],[-124.251,135.159,-56.944],[[[0.988934,0.12065,-0.0863295],[0.0914355,-0.953934,-0.285743],[0.116827,-0.274687,0.95441]],[[0.99513,0.0981373,-0.00919089],[0.0984276,-0.994349,0.0397807],[0.00523498,0.0404916,0.999166]],[[0.99513,0.0981373,-0.00919089],[0.0500302,-0.583245,-0.810754],[0.0849257,-0.806346,0.585315]],[[0.99513,0.0981373,-0.00919089],[-0.032889,0.2427,-0.969544],[0.0929177,-0.965125,-0.244746]]],2],[1383,[0.0489628,0.677549,-0.733846],138,56.2671,[-93.6329,119.288,-54.6929],[-93.9735,119.963,-54.4418],[20.2111,36.2303,-8.00837],false,[-102.732,84.9975,51.957],[-100.878,99.7452,-0.690191],[-93.0262,90.8503,-37.8624],[-91.8416,107.242,-55.6163],[-94.0727,123.357,-54.3609],[[[0.985622,0.150478,0.0768486],[0.165534,-0.951147,-0.26061],[-0.0338781,-0.26958