{"metadata":{"formatVersion":2,"generatedBy":"LeapJS Playback 0.2.1","frames":116,"frameRate":"75","modified":"Sun Apr 12 2015 22:30:02 GMT-0300 (E. South America Standard Time)","title":"querer"},"frames":[["id","timestamp",{"hands":[["id","type","direction","palmNormal","palmPosition","palmVelocity","stabilizedPalmPosition","pinchStrength","grabStrength","confidence","armBasis","armWidth","elbow","wrist"]]},{"pointables":[["id","direction","handId","length","stabilizedTipPosition","tipPosition","tipVelocity","tool","carpPosition","mcpPosition","pipPosition","dipPosition","btipPosition","bases","type"]]},{"interactionBox":["center","size"]}],[140840,6959896279,[[138,"left",[-0.126396,0.313874,-0.941014],[0.145107,0.944268,0.295469],[-126.477,159.192,20.4644],[3.67101,71.8165,51.2129],[-126.499,159.025,20.268],0.190185,1,0.469757,[[0.982082,-0.14988,-0.11424],[-0.186865,-0.695929,-0.693372],[-0.0244191,-0.702296,0.711467]],55.6483,[-120.289,-25.4327,230.392],[-114.531,140.167,62.6297]],[139,"right",[-0.0567272,0.383692,-0.921717],[-0.164769,0.906947,0.387684],[60.6875,159.629,39.0219],[-20.2769,77.5029,-2.3812],[60.7489,159.433,39.0288],0,0.0792646,0.63311,[[-0.98058,-0.196073,0.00437544],[0.110531,-0.570929,-0.813525],[0.162009,-0.797243,0.581513]],57.4665,[96.7721,-57.9164,223.918],[57.3226,136.214,82.3186]]],[[1380,[-0.405639,0.52846,-0.745779],138,45.5146,[-173.916,196.524,5.68442],[-173.004,197.249,6.57602],[-14.6742,84.4268,109.438],false,[-137.216,150.605,72.3342],[-137.216,150.605,72.3342],[-158.884,171.844,41.0306],[-170.962,187.58,18.8239],[-174.894,199.805,2.92333],[[[0.240425,-0.823251,-0.514251],[-0.805318,-0.464947,0.367815],[0.541903,-0.325704,0.774763]],[[0.155303,-0.76421,-0.625991],[-0.853727,-0.422649,0.304168],[0.497022,-0.487187,0.718065]],[[0.155303,-0.76421,-0.625991],[-0.900743,-0.369748,0.227922],[0.405639,-0.52846,0.745779]],[[0.155303,-0.76421,-0.625991],[-0.96896,-0.241225,0.0540972],[0.192346,-0.598159,0.777952]]],0],[1381,[0.0562585,0.897623,-0.43716],138,51.3581,[-152.577,199.82,-38.5335],[-152.663,199.591,-38.9208],[-41.415,113.983,105.469],false,[-133.964,136.715,57.3334],[-150.967,166.433,2.966],[-155.998,170.875,-33.949],[-154.81,189.823,-43.1769],[-152.03,203.042,-36.839],[[[0.946156,-0.0450935,-0.320554],[-0.186426,-0.885451,-0.425701],[0.264638,-0.46254,0.846182]],[[0.979575,-0.134287,-0.149669],[-0.14984,-0.983845,-0.0979684],[0.134095,-0.118394,0.983871]],[[0.979575,-0.134287,-0.149669],[-0.193051,-0.419811,-0.886843],[-0.0562585,-0.897623,0.43716]],[[0.979575,-0.134287,-0.149669],[-0.075556,0.443969,-0.892851],[-0.186346,-0.885922,-0.424755]]],1],[1382,[0.0700423,0.855449,-0.513129],138,58.5185,[-128.005,195.349,-50.5924],[-128.194,196.271,-50.441],[-35.005,76.3659,60.8538],false,[-124.312,135.157,52.8552],[-132.378,162.774,-0.854206],[-130.052,162.577,-42.8841],[-128.313,183.821,-55.6273],[-127.95,198.842,-49.0253],[[[0.991036,0.0444432,-0.125985],[-0.0179281,-0.890267,-0.455085],[0.132385,-0.453265,0.88149]],[[0.997289,-0.0484128,0.0554202],[-0.0485981,-0.998816,0.00200027],[-0.0552578,0.00468817,0.998461]],[[0.997289,-0.0484128,0.0554202],[0.0225671,-0.515619,-0.85652],[-0.0700423,-0.855449,0.513129]],[[0.997289,-0.0484128,0.0554202],[0.0701988,0.399961,-0.91384],[-0.0220757,-0.915253,-0.402275]]],2],[1383,[0.0516931,0.853866,-0.517919],138,56.2671,[-107.925,190.037,-44.8686],[-107.711,190.118,-44.9696],[-31.3395,95.7512,50.6731],false,[-113.84,135.256,50.5208],[-112.936,159.113,1.29985],[-108.514,157.989,-37.4523],[-107.263,178.647,-49.9823],[-108.152,193.502,-43.2909],[[[0.998229,0.0442421,0.0397743],[0.0571521,-0.898813,-0.434591],[-0.0165224,-0.436095,0.899749]],[[0.993544,0.00847328,0.113134],[0.00515744,-0.999549,0.0295694],[-0.113334,0.028795,0.99314]],[[0.993544,0.00847328,0.113134],[0.10099,-0.520423,-0.847915],[-0.0516931,-0.853866,0.517919]],[[0.993544,0.00847328,0.113134],[0.0995255,0.413591,-0.905007],[0.0544597,-0.910424,-0.410077]]],3],[1384,[0.288627,0.895811,-0.337959],138,44.1123,[-74.7446,184.985,-19.5514],[-74.8072,184.66,-20.1797],[-16.373,93.1672,37.3475],false,[-102.45,139.749,52.6607],[-94.9302,158.766,6.33356],[-76.6261,159.698,-18.5195],[-71.696,175,-24.2923],[-75.6878,188.107,-18.0575],[[[0.96635,0.141369,0.2149],[0.210032,-0.915963,-0.341905],[-0.148505,-0.375536,0.914833]],[[0.805311,-0.0362235,0.591744],[-0.0112934,-0.998888,-0.0457774],[-0.592744,-0.0301822,0.804825]],[[0.805311,-0.0362235,0.591744],[0.517849,-0.442956,-0.731862],[-0.288627,-0.895811,0.337959]],[[0.805311,-0.0362235,0.591744],[0.530242,0.490457,-0.691589],[0.265173,-0.870712,-0.414178]]],4],[1390,[0.627349,0.582759,-0.516551],139,47.0017,[132.584,203.991,40.9128],[132.617,203.801,40.6811],[-29.7084,93.1367,-5.50972],false,[81.2097,148.334,89.2419],[81.2097,148.334,89.2419],[99.607,180.071,63.1462],[118.898,197.99,47.2625],[136.596,205.989,38.9993],[[[-0.259936,-0.806289,-0.531349],[0.888306,-0.415417,0.19581],[-0.378611,-0.421102,0.824213]],[[-0.102858,-0.595497,-0.796746],[0.906873,-0.385219,0.170842],[-0.408658,-0.704975,0.579663]],[[-0.102858,-0.595497,-0.796746],[0.771915,-0.552969,0.313643],[-0.627349,-0.582759,0.516551]],[[-0.102858,-0.595497,-0.796746],[0.535082,-0.708352,0.460353],[-0.838515,-0.378973,0.391499]]],0],[1391,[0.198772,0.532054,-0.823048],139,53.0361,[97.522,196.226,-43.9433],[97.8385,196.432,-43.5478],[-29.2717,78.0172,-7.88812],false,[76.4054,134.778,73.4248],[81.9627,170.439,17.7499],[91.8546,174.845,-19.4521],[96.1875,186.443,-37.3932],[97.9085,199.174,-45.9022],[[[-0.980245,-0.106971,-0.166363],[0.179176,-0.836473,-0.517889],[-0.0837588,-0.537466,0.839116]],[[-0.964139,-0.0445348,-0.261636],[0.0725157,-0.992513,-0.0982811],[-0.2553,-0.113729,0.96015]],[[-0.964139,-0.0445348,-0.261636],[0.175859,-0.845539,-0.504121],[-0.198772,-0.532054,0.823048]],[[-0.964139,-0.0445348,-0.261636],[0.240752,-0.561636,-0.791583],[-0.111691,-0.826185,0.552217]]],1],[1392,[0.10219,0.477938,-0.872429],139,60.4304,[70.6244,190.036,-56.8045],[70.3875,189.635,-56.6732],[-19.9125,77.6784,-4.86376],false,[65.9566,132.604,70.3564],[62.7195,165.257,16.6686],[66.8029,167.452,-26.5535],[69.4236,179.709,-48.9275],[70.9783,193.131,-59.1581],[[[-0.998635,-0.0344254,0.0392755],[0.00899179,-0.854113,-0.52001],[0.0514473,-0.518947,0.853257]],[[-0.994756,0.045344,-0.0916781],[-0.0404562,-0.997694,-0.0544884],[-0.0939374,-0.0504937,0.994297]],[[-0.994756,0.045344,-0.0916781],[0.00425706,-0.877222,-0.480066],[-0.10219,-0.477938,0.872429]],[[-0.994756,0.045344,-0.0916781],[0.0452319,-0.608904,-0.791954],[-0.0917334,-0.791947,0.603659]]],2],[1393,[0.00777586,0.702318,-0.711821],139,58.1055,[43.1708,195.822,-38.7533],[42.9568,195.371,-38.3466],[-24.0638,60.9327,-23.5984],false,[54.9158,131.915,69.7358],[43.6411,159.598,21.7989],[42.4539,165.684,-18.016],[42.6482,183.23,-35.7996],[43.305,199.619,-39.6604],[[[-0.977997,-0.0459323,0.203499],[-0.0607437,-0.870497,-0.48841],[0.199579,-0.490025,0.848554]],[[-0.998117,0.048769,0.0372146],[-0.0538086,-0.987326,-0.149304],[0.0294616,-0.151025,0.988091]],[[-0.998117,0.048769,0.0372146],[-0.0608513,-0.710191,-0.701375],[-0.00777586,-0.702318,0.711821]],[[-0.998117,0.048769,0.0372146],[-0.0473697,-0.227241,-0.972686],[-0.0389802,-0.972617,0.229124]]],3],[1394,[-0.213481,0.715942,-0.66472],139,45.5536,[11.2355,185.826,-13.7325],[10.7208,185.313,-13.3567],[-23.7711,67.3214,-7.10077],false,[43.3715,135.356,74.1677],[26.2576,157.28,29.8827],[15.1838,161.508,0.278539],[11.4182,174.137,-11.4467],[11.144,189.392,-14.4245],[[[-0.924754,0.0421283,0.378226],[-0.194246,-0.906894,-0.373914],[0.327258,-0.419247,0.846838]],[[-0.932811,0.0528225,0.356473],[-0.096302,-0.989763,-0.105337],[0.34726,-0.132589,0.928348]],[[-0.932811,0.0528225,0.356473],[-0.290326,-0.696159,-0.656562],[0.213481,-0.715942,0.66472]],[[-0.932811,0.0528225,0.356473],[-0.359934,-0.184977,-0.914457],[0.0176355,-0.981322,0.191561]]],4]],[[0,200,0],[235.247,235.247,147.751]]],[140841,6959904552,[[138,"left",[-0.127786,0.319252,-0.939015],[0.146982,0.942418,0.300407],[-126.447,159.525,20.7469],[3.65863,63.7586,46.8546],[-126.479,159.22,20.4542],0.190822,1,0.485939,[[0.981571,-0.15361,-0.113681],[-0.18905,-0.693634,-0.695077],[-0.0279177,-0.703758,0.709891]],55.6483,[-121.029,-25.6939,230.174],[-114.446,140.251,62.7831]],[139,"right",[-0.0562525,0.385174,-0.921128],[-0.16457,0.906392,0.389062],[60.5617,159.978,39.0323],[-18.9813,68.4836,-1.45333],[60.6663,159.673,39.0303],0,0.07817,0.637915,[[-0.980278,-0.19756,0.00506435],[0.110644,-0.569881,-0.814244],[0.163748,-0.797625,0.5805]],57.4665,[97.0456,-57.7278,223.644],[57.1725,136.496,82.2905]]],[[1380,[-0.406876,0.533092,-0.741799],138,45.5146,[-173.933,196.771,6.07571],[-172.998,197.716,7.17119],[-10.6794,77.5119,100.065],false,[-137.098,150.666,72.5892],[-137.098,150.666,72.5892],[-158.8,172.113,41.4523],[-170.915,187.987,19.3641],[-174.898,200.3,3.54369],[[[0.238292,-0.820719,-0.519266],[-0.805245,-0.465873,0.366802],[0.542953,-0.33073,0.771893]],[[0.152914,-0.760849,-0.630655],[-0.853697,-0.423167,0.303531],[0.497814,-0.491974,0.714243]],[[0.152914,-0.760849,-0.630655],[-0.900594,-0.37003,0.228054],[0.406876,-0.533092,0.741799]],[[0.152914,-0.760849,-0.630655],[-0.96884,-0.241242,0.0561311],[0.194848,-0.602421,0.77403]]],0],[1381,[0.0556577,0.900113,-0.432087],138,51.3581,[-152.664,200.186,-38.1628],[-152.737,200.262,-38.3271],[-33.9573,104.355,96.6281],false,[-133.893,136.855,57.5055],[-150.96,166.897,3.33658],[-156.112,171.495,-33.5428],[-154.937,190.495,-42.6635],[-152.123,203.661,-36.2308],[[[0.94547,-0.0446133,-0.322638],[-0.188472,-0.882825,-0.430231],[0.265639,-0.467579,0.843093]],[[0.978996,-0.134209,-0.153476],[-0.150725,-0.983346,-0.101548],[0.137291,-0.122548,0.982921]],[[0.978996,-0.134209,-0.153476],[-0.196136,-0.414469,-0.888677],[-0.0556577,-0.900113,0.432087]],[[0.978996,-0.134209,-0.153476],[-0.0775653,0.450991,-0.889152],[-0.188549,-0.88238,-0.431109]]],1],[1382,[0.0708451,0.855768,-0.512486],138,58.5185,[-128.037,195.621,-50.3638],[-128.223,196.771,-50.029],[-26.934,70.7411,56.4703],false,[-124.252,135.308,53],[-132.384,163.234,-0.539959],[-130.129,163.035,-42.5737],[-128.369,184.287,-55.3009],[-127.97,199.287,-48.6533],[[[0.990851,0.0437833,-0.127664],[-0.020038,-0.887709,-0.459969],[0.133468,-0.458319,0.878709]],[[0.997283,-0.0503666,0.0537585],[-0.0505474,-0.99872,0.0020082],[-0.0535886,0.0047201,0.998552]],[[0.997283,-0.0503666,0.0537585],[0.0201927,-0.514902,-0.857011],[-0.0708451,-0.855768,0.512486]],[[0.997283,-0.0503666,0.0537585],[0.0695348,0.402647,-0.912711],[-0.0243244,-0.913969,-0.405055]]],2],[1383,[0.0531008,0.854227,-0.517182],138,56.2671,[-107.931,190.318,-44.6843],[-107.735,190.651,-44.6197],[-22.9345,85.309,46.7217],false,[-113.785,135.406,50.6458],[-112.944,159.533,1.55599],[-108.566,158.443,-37.2022],[-107.281,179.109,-49.7143],[-108.13,193.954,-42.9927],[[[0.998364,0.0426546,0.0380768],[0.0550699,-0.89647,-0.439669],[-0.0153808,-0.441047,0.897352]],[[0.993682,0.00607936,0.112066],[0.00290719,-0.999591,0.028448],[-0.112193,0.0279425,0.993293]],[[0.993682,0.00607936,0.112066],[0.098874,-0.519865,-0.848507],[-0.0531008,-0.854227,0.517182]],[[0.993682,0.00607936,0.112066],[0.0994453,0.415161,-0.904297],[0.052023,-0.909728,-0.411933]]],3],[1384,[0.290011,0.896776,-0.334194],138,44.1123,[-74.7501,185.256,-19.3662],[-74.8048,185.13,-19.8484],[-11.7615,82.9735,37.5086],false,[-102.385,139.871,52.7884],[-94.9282,159.134,6.55267],[-76.6628,160.141,-18.3259],[-71.7091,175.459,-24.0343],[-75.6659,188.542,-17.7265],[[[0.966959,0.138854,0.213799],[0.208105,-0.914342,-0.347376],[-0.147251,-0.380391,0.913028]],[[0.806194,-0.0407554,0.590245],[-0.0135915,-0.998637,-0.0503899],[-0.591495,-0.0326018,0.80565]],[[0.806194,-0.0407554,0.590245],[0.515698,-0.440603,-0.734796],[-0.290011,-0.896777,0.334194]],[[0.806194,-0.0407554,0.590245],[0.530056,0.492967,-0.689945],[0.262853,-0.869093,-0.41903]]],4],[1390,[0.627752,0.583344,-0.5154],139,47.0017,[132.502,204.225,40.9587],[132.507,204.121,40.7875],[-25.5124,79.2023,-0.804243],false,[81.0617,148.595,89.2416],[81.0617,148.595,89.2416],[99.4801,180.367,63.2029],[118.783,198.304,47.3546],[136.487,206.31,39.1104],[[[-0.260046,-0.805348,-0.53272],[0.88808,-0.416059,0.19547],[-0.379064,-0.422267,0.823408]],[[-0.102793,-0.594194,-0.797726],[0.906668,-0.385828,0.170557],[-0.409129,-0.705741,0.578397]],[[-0.102793,-0.594194,-0.797726],[0.771597,-0.553753,0.313043],[-0.627752,-0.583344,0.5154]],[[-0.102793,-0.594194,-0.797726],[0.534653,-0.70928,0.459421],[-0.838797,-0.379281,0.390597]]],0],[1391,[0.19902,0.533611,-0.821979],139,53.0361,[97.4529,196.569,-43.8903],[97.7402,196.922,-43.4716],[-24.8113,73.8971,-3.28012],false,[76.2579,135.067,73.4013],[81.8486,170.814,17.7851],[91.7464,175.316,-19.4039],[96.0847,186.948,-37.3217],[97.8123,199.688,-45.8145],[[[-0.980225,-0.106342,-0.166884],[0.17905,-0.835718,-0.51915],[-0.084261,-0.538764,0.838232]],[[-0.964097,-0.0438602,-0.261903],[0.0725294,-0.992258,-0.100819],[-0.255454,-0.116195,0.959814]],[[-0.964097,-0.0438602,-0.261903],[0.175807,-0.844592,-0.505724],[-0.19902,-0.533611,0.821979]],[[-0.964097,-0.0438602,-0.261903],[0.240723,-0.560741,-0.792226],[-0.112113,-0.826829,0.551167]]],1],[1392,[0.102691,0.479068,-0.87175],139,60.4304,[70.5669,190.388,-56.7681],[70.3101,190.134,-56.6185],[-17.2516,73.1349,-1.99525],false,[65.8094,132.902,70.3257],[62.6038,165.641,16.6887],[66.7043,167.912,-26.5279],[69.3379,180.198,-48.8845],[70.9019,193.628,-59.1026],[[[-0.998662,-0.0341148,0.0388622],[0.00886051,-0.853291,-0.52136],[0.0509469,-0.520319,0.852451]],[[-0.994705,0.0458647,-0.09197],[-0.0407922,-0.99758,-0.0562964],[-0.0943295,-0.0522466,0.994169]],[[-0.994705,0.0458647,-0.09197],[0.0040773,-0.876579,-0.481241],[-0.102691,-0.479068,0.87175]],[[-0.994705,0.0458647,-0.09197],[0.0452286,-0.608214,-0.792483],[-0.0922845,-0.792447,0.60292]]],2],[1393,[0.00828706,0.702398,-0.711736],139,58.1055,[43.1146,196.107,-38.7668],[42.8797,195.856,-38.3377],[-20.4209,59.8767,-17.7047],false,[54.7686,132.218,69.7001],[43.5214,159.981,21.8031],[42.3556,166.157,-17.9984],[42.5627,183.706,-35.7799],[43.2252,200.087,-39.672],[[[-0.978087,-0.0458898,0.203075],[-0.0608925,-0.869699,-0.489812],[0.199091,-0.491444,0.847847]],[[-0.998112,0.0491247,0.0368587],[-0.0541731,-0.986961,-0.151572],[0.0289322,-0.153282,0.987759]],[[-0.998112,0.0491247,0.0368587],[-0.0608533,-0.710087,-0.701479],[-0.00828706,-0.702398,0.711736]],[[-0.998112,0.0491247,0.0368587],[-0.0471796,-0.229096,-0.97226],[-0.0393178,-0.972163,0.230981]]],3],[1394,[-0.213084,0.716558,-0.664184],139,45.5536,[11.1655,186.101,-13.7338],[10.6284,185.772,-13.347],[-20.8269,64.0695,-5.13866],false,[43.224,135.656,74.1332],[26.1342,157.657,29.877],[15.0774,161.95,0.275762],[11.3188,174.589,-11.44],[11.0421,189.843,-14.4203],[[[-0.924874,0.0418738,0.37796],[-0.194449,-0.906228,-0.375421],[0.326797,-0.420711,0.846289]],[[-0.932956,0.0526558,0.356119],[-0.0968179,-0.989498,-0.107335],[0.346727,-0.134617,0.928256]],[[-0.932956,0.0526558,0.356119],[-0.290153,-0.695538,-0.657297],[0.213084,-0.716558,0.664184]],[[-0.932956,0.0526558,0.356119],[-0.359551,-0.185205,-0.914561],[0.017798,-0.981288,0.191721]]],4]],[[0,200,0],[235.247,235.247,147.751]]],[140842,6959921889,[[138,"left",[-0.130045,0.329389,-0.935196],[0.153354,0.938537,0.309242],[-126.267,160.283,21.3131],[6.76226,54.5113,40.3068],[-126.365,159.79,20.915],0.191551,1,0.508705,[[0.980068,-0.162626,-0.114101],[-0.195556,-0.688594,-0.698281],[-0.0349897,-0.706676,0.706671]],55.6483,[-122.442,-26.1114,229.733],[-114.192,140.521,63.1011]],[139,"right",[-0.0564695,0.389262,-0.919395],[-0.163689,0.904794,0.393134],[60.2728,160.578,39.0445],[-17.912,52.8735,-0.457348],[60.406,160.272,39.0397],0,0.0744235,0.643634,[[-0.979798,-0.199867,0.00701377],[0.110143,-0.568558,-0.815237],[0.166927,-0.797995,0.579086]],57.4665,[97.5368,-57.4048,223.21],[56.8899,136.909,82.201]]],[[1380,[-0.408588,0.5426,-0.733921],138,45.5146,[-173.881,197.417,6.8854],[-172.811,198.843,8.35569],[-0.517488,72.2865,85.9209],false,[-136.745,150.959,73.109],[-136.745,150.959,73.109],[-158.472,172.852,42.3012],[-170.638,189.009,20.4476],[-174.725,201.485,4.78252],[[[0.23164,-0.816706,-0.528521],[-0.806188,-0.465221,0.365556],[0.54443,-0.34141,0.766182]],[[0.145778,-0.754986,-0.639331],[-0.854617,-0.421647,0.303057],[0.498376,-0.502204,0.706691]],[[0.145778,-0.754986,-0.639331],[-0.901002,-0.368213,0.22938],[0.408588,-0.5426,0.733921]],[[0.145778,-0.754986,-0.639331],[-0.968901,-0.239563,0.0619745],[0.19995,-0.610414,0.76643]]],0],[1381,[0.0538543,0.902852,-0.426565],138,51.3581,[-152.845,201.15,-37.2146],[-152.801,201.537,-37.1823],[-23.0838,84.9995,80.0295],false,[-133.679,137.283,57.8733],[-150.814,167.961,4.08346],[-156.333,172.6,-32.7375],[-155.196,191.658,-41.7417],[-152.28,204.718,-35.1409],[[[0.943836,-0.0464303,-0.327136],[-0.195072,-0.877415,-0.43828],[0.266685,-0.47748,0.837193]],[[0.977178,-0.135558,-0.163547],[-0.153252,-0.983025,-0.100877],[0.147096,-0.123639,0.981364]],[[0.977178,-0.135558,-0.163547],[-0.205483,-0.408022,-0.889547],[-0.0538543,-0.902852,0.426565]],[[0.977178,-0.135558,-0.163547],[-0.0831811,0.464245,-0.881792],[-0.19546,-0.875272,-0.442374]]],1],[1382,[0.0746295,0.855163,-0.512959],138,58.5185,[-127.946,196.517,-49.7469],[-128.077,197.794,-49.29],[-10.6624,63.8387,47.2623],false,[-124.066,135.73,53.311],[-132.275,164.238,0.0903483],[-130.17,164.03,-41.9512],[-128.317,185.267,-54.6901],[-127.798,200.25,-48.0138],[[[0.990522,0.03975,-0.131479],[-0.0267946,-0.882903,-0.46879],[0.134718,-0.46787,0.87347]],[[0.997117,-0.0569108,0.0501917],[-0.0570872,-0.998367,0.00208586],[-0.049991,0.00494515,0.998737]],[[0.997117,-0.0569108,0.0501917],[0.0137292,-0.515226,-0.856945],[-0.0746295,-0.855163,0.512959]],[[0.997117,-0.0569108,0.0501917],[0.0689749,0.404044,-0.912135],[-0.0316307,-0.912968,-0.406804]]],2],[1383,[0.0596817,0.851744,-0.520548],138,56.2671,[-107.715,190.981,-44.2799],[-107.543,191.538,-44.0488],[-4.37942,64.3307,36.0826],false,[-113.609,135.796,50.9129],[-112.845,160.412,2.06528],[-108.525,159.181,-36.6952],[-107.081,179.787,-49.2887],[-107.8,194.648,-42.5873],[[[0.998733,0.036909,0.0342082],[0.0483503,-0.892272,-0.448902],[-0.0139544,-0.449988,0.892926]],[[0.993838,-0.0019043,0.110829],[-0.00538817,-0.9995,0.0311436],[-0.110714,0.0315489,0.993351]],[[0.993838,-0.0019043,0.110829],[0.0934068,-0.523955,-0.846609],[-0.0596817,-0.851744,0.520548]],[[0.993838,-0.0019043,0.110829],[0.101715,0.41305,-0.905011],[0.0440545,-0.910707,-0.410698]]],3],[1384,[0.296852,0.895981,-0.330298],138,44.1123,[-74.5941,185.873,-18.896],[-74.6006,185.905,-19.2413],[0.0521516,61.9911,33.9808],false,[-102.176,140.178,53.0513],[-94.8113,159.866,6.98013],[-76.6328,160.82,-17.9641],[-71.5622,176.124,-23.606],[-75.3978,189.187,-17.1822],[[[0.968596,0.131498,0.211023],[0.201677,-0.911895,-0.357454],[-0.145426,-0.388787,0.909778]],[[0.808028,-0.0513539,0.586901],[-0.0233519,-0.998203,-0.0551926],[-0.588681,-0.0308919,0.807775]],[[0.808028,-0.0513539,0.586901],[0.50889,-0.441113,-0.739222],[-0.296852,-0.895981,0.330298]],[[0.808028,-0.0513539,0.586901],[0.531192,0.494358,-0.688073],[0.254804,-0.86774,-0.426734]]],4],[1390,[0.6279,0.585145,-0.513173],139,47.0017,[132.258,204.784,41.1134],[132.251,204.662,40.9551],[-20.533,57.0059,4.05155],false,[80.7917,148.96,89.1921],[80.7917,148.96,89.1921],[99.2193,180.832,63.2833],[118.527,198.825,47.5035],[136.233,206.854,39.2849],[[[-0.26093,-0.802807,-0.536113],[0.887879,-0.417567,0.193153],[-0.378928,-0.425604,0.821751]],[[-0.103664,-0.590604,-0.800275],[0.906477,-0.387239,0.168362],[-0.409333,-0.707978,0.575512]],[[-0.103664,-0.590604,-0.800275],[0.771359,-0.555691,0.310182],[-0.6279,-0.585145,0.513173]],[[-0.103664,-0.590604,-0.800275],[0.534381,-0.711686,0.456003],[-0.838862,-0.380381,0.389384]]],0],[1391,[0.198251,0.537636,-0.819539],139,53.0361,[97.1214,197.62,-43.7403],[97.3858,197.918,-43.3423],[-22.7587,67.763,2.16239],false,[75.9694,135.505,73.2951],[81.5562,171.492,17.8335],[91.4082,176.262,-19.3342],[95.7298,187.982,-37.1987],[97.4599,200.743,-45.6594],[[[-0.980394,-0.104886,-0.166814],[0.178151,-0.833559,-0.522917],[-0.0842024,-0.542383,0.835901]],[[-0.964392,-0.0423381,-0.261067],[0.072757,-0.991488,-0.107975],[-0.254273,-0.123124,0.959263]],[[-0.964392,-0.0423381,-0.261067],[0.175056,-0.842114,-0.510098],[-0.198251,-0.537636,0.819539]],[[-0.964392,-0.0423381,-0.261067],[0.239461,-0.558841,-0.793949],[-0.11228,-0.828193,0.54908]]],1],[1392,[0.102592,0.481879,-0.870211],139,60.4304,[70.2682,191.403,-56.6651],[70.0021,191.152,-56.507],[-17.6466,66.0024,1.61613],false,[65.5176,133.361,70.2158],[62.3069,166.338,16.7249],[66.3877,168.829,-26.4814],[69.0187,181.187,-48.7985],[70.5895,194.631,-58.9969],[[[-0.998666,-0.0335508,0.0392585],[0.00794713,-0.850996,-0.525112],[0.0510268,-0.524099,0.850127]],[[-0.994719,0.0470101,-0.0912388],[-0.041497,-0.99725,-0.061409],[-0.0938747,-0.0572986,0.993934]],[[-0.994719,0.0470101,-0.0912388],[0.00305737,-0.874976,-0.484157],[-0.102592,-0.481879,0.870211]],[[-0.994719,0.0470101,-0.0912388],[0.0440901,-0.607031,-0.793454],[-0.0926851,-0.793286,0.601753]]],2],[1393,[0.00820167,0.705018,-0.709142],139,58.1055,[42.8284,197.094,-38.6644],[42.5772,196.87,-38.2038],[-19.396,59.397,-5.87125],false,[54.4759,132.688,69.5932],[43.2232,160.67,21.8249],[42.0384,167.11,-17.9342],[42.2433,184.724,-35.6509],[42.9108,201.108,-39.5315],[[[-0.97801,-0.0460628,0.203407],[-0.0618008,-0.867492,-0.493597],[0.19919,-0.495314,0.845569]],[[-0.998054,0.0496077,0.0377761],[-0.054986,-0.985897,-0.158061],[0.0294023,-0.159831,0.986706]],[[-0.998054,0.0496077,0.0377761],[-0.0618118,-0.707452,-0.704053],[-0.00820167,-0.705018,0.709142]],[[-0.998054,0.0496077,0.0377761],[-0.0481546,-0.228348,-0.972388],[-0.0396118,-0.972315,0.230293]]],3],[1394,[-0.214547,0.715093,-0.66529],139,45.5536,[10.8385,186.879,-13.7857],[10.3242,186.631,-13.3625],[-21.0825,55.5318,-4.55867],false,[42.9362,136.115,74.0477],[25.8387,158.323,29.8979],[14.7805,162.785,0.322323],[10.996,175.399,-11.4129],[10.6571,190.627,-14.5158],[[[-0.924638,0.0408919,0.378647],[-0.195322,-0.904425,-0.379295],[0.326947,-0.424668,0.844252]],[[-0.932812,0.0519009,0.356606],[-0.0980349,-0.9888,-0.112529],[0.346771,-0.139928,0.927453]],[[-0.932812,0.0519009,0.356606],[-0.289535,-0.6971,-0.655913],[0.214547,-0.715093,0.66529]],[[-0.932812,0.0519009,0.356606],[-0.359703,-0.193965,-0.912684],[0.0217998,-0.979635,0.199602]]],4]],[[0,200,0],[235.247,235.247,147.751]]],[140843,6959930603,[[138,"left",[-0.130492,0.337339,-0.932295],[0.156401,0.935566,0.316631],[-126.297,160.619,21.5117],[4.057,50.2457,35.6264],[-126.345,160.03,21.0877],0.19105,1,0.524211,[[0.979457,-0.166108,-0.114336],[-0.198146,-0.687467,-0.69866],[-0.0374504,-0.706963,0.706258]],55.6483,[-123.046,-26.2155,229.654],[-114.215,140.485,63.1198]],[139,"right",[-0.0573272,0.391188,-0.918524],[-0.162664,0.904083,0.39519],[60.1504,160.784,39.023],[-16.8803,45.0646,-0.995523],[60.3034,160.478,39.033],0,0.0733635,0.649079,[[-0.979728,-0.200155,0.00848572],[0.109076,-0.568483,-0.815432],[0.168037,-0.797976,0.578791]],57.4665,[97.7217,-57.2808,223.071],[56.8044,137.028,82.1347]]],[[1380,[-0.408793,0.549617,-0.728566],138,45.5146,[-173.865,197.714,7.23844],[-172.817,199.404,8.95174],[-0.37894,70.4653,81.4485],false,[-136.725,150.903,73.2455],[-136.725,150.903,73.2455],[-158.439,173.113,42.6568],[-170.612,189.479,20.9626],[-174.732,202.085,5.41157],[[[0.228609,-0.813017,-0.535481],[-0.80694,-0.465954,0.362953],[0.544597,-0.349127,0.762578]],[[0.142609,-0.750041,-0.645834],[-0.855313,-0.421753,0.300939],[0.498099,-0.509474,0.701665]],[[0.142609,-0.750041,-0.645834],[-0.901416,-0.367913,0.228231],[0.408793,-0.549617,0.728566]],[[0.142609,-0.750041,-0.645834],[-0.969028,-0.238714,0.063256],[0.201614,-0.61681,0.760853]]],0],[1381,[0.0528455,0.904854,-0.422429],138,51.3581,[-152.953,201.59,-36.826],[-152.93,202.274,-36.6136],[-22.6992,81.6599,73.9958],false,[-133.719,137.343,57.8947],[-150.847,168.505,4.38124],[-156.536,173.237,-32.402],[-155.42,192.338,-41.3189],[-152.458,205.336,-34.6172],[[[0.943227,-0.0463703,-0.328896],[-0.198137,-0.873282,-0.445107],[0.266579,-0.485004,0.832891]],[[0.976331,-0.13566,-0.168449],[-0.154243,-0.982693,-0.102585],[0.151617,-0.126139,0.980358]],[[0.976331,-0.13566,-0.168449],[-0.209729,-0.403529,-0.890606],[-0.0528455,-0.904854,0.422429]],[[0.976331,-0.13566,-0.168449],[-0.0858107,0.471948,-0.87744],[-0.198533,-0.871126,-0.449137]]],1],[1382,[0.0771298,0.855253,-0.512439],138,58.5185,[-127.925,196.937,-49.5173],[-128.064,198.406,-48.9431],[-7.3697,64.2499,42.9372],false,[-124.117,135.801,53.3057],[-132.324,164.763,0.330641],[-130.264,164.608,-41.7133],[-128.348,185.847,-54.4393],[-127.77,200.817,-47.7371],[[[0.990436,0.0380874,-0.132614],[-0.0299201,-0.878985,-0.475909],[0.134692,-0.475325,0.869439]],[[0.996961,-0.060506,0.0490739],[-0.0606137,-0.998161,0.000708057],[-0.0489408,0.00368046,0.998795]],[[0.996961,-0.060506,0.0490739],[0.010965,-0.514666,-0.85732],[-0.0771298,-0.855253,0.512439]],[[0.996961,-0.060506,0.0490739],[0.0694715,0.405414,-0.91149],[-0.0352554,-0.912129,-0.408385]]],2],[1383,[0.0634139,0.851686,-0.520201],138,56.2671,[-107.645,191.316,-44.1257],[-107.513,192.127,-43.7685],[-0.824546,62.6384,32.4442],false,[-113.663,135.857,50.8928],[-112.902,160.868,2.24573],[-108.588,159.69,-36.5169],[-107.053,180.295,-49.1021],[-107.708,195.152,-42.3888],[[[0.99888,0.0338768,0.0330324],[0.0452274,-0.888722,-0.456209],[-0.0139017,-0.457192,0.889259]],[[0.993821,-0.00631041,0.110818],[-0.00961387,-0.999524,0.0293008],[-0.11058,0.0301852,0.993409]],[[0.993821,-0.00631041,0.110818],[0.0910994,-0.524014,-0.846824],[-0.0634139,-0.851686,0.520201]],[[0.993821,-0.00631041,0.110818],[0.103503,0.413324,-0.904682],[0.0400948,-0.910562,-0.411423]]],3],[1384,[0.301188,0.895884,-0.326616],138,44.1123,[-74.5478,186.129,-18.7089],[-74.579,186.342,-18.9283],[1.32868,56.4404,32.6025],false,[-102.215,140.19,53.0498],[-94.8628,160.232,7.12935],[-76.7175,161.197,-17.8386],[-71.5728,176.499,-23.4176],[-75.34,189.541,-16.9123],[[[0.969262,0.127108,0.210654],[0.198632,-0.909511,-0.36515],[-0.145179,-0.395768,0.906802]],[[0.80863,-0.0584292,0.585409],[-0.0289531,-0.997803,-0.0595966],[-0.587605,-0.0312422,0.808545]],[[0.80863,-0.0584292,0.585409],[0.505374,-0.440429,-0.742037],[-0.301188,-0.895884,0.326616]],[[0.80863,-0.0584292,0.585409],[0.532438,0.495952,-0.68596],[0.250255,-0.866382,-0.432152]]],4],[1390,[0.627647,0.585817,-0.512717],139,47.0017,[132.173,204.955,41.1339],[132.158,204.82,40.9386],[-17.8901,46.61,2.48099],false,[80.7219,149.05,89.122],[80.7219,149.05,89.122],[99.1382,180.965,63.2569],[118.438,198.978,47.4911],[136.139,207.013,39.2679],[[[-0.262062,-0.801542,-0.537452],[0.887852,-0.418507,0.191233],[-0.378208,-0.427063,0.821325]],[[-0.104981,-0.588891,-0.801365],[0.906439,-0.388139,0.166481],[-0.409081,-0.708911,0.574541]],[[-0.104981,-0.588891,-0.801365],[0.771387,-0.5568,0.308116],[-0.627647,-0.585817,0.512717]],[[-0.104981,-0.588891,-0.801365],[0.534489,-0.71295,0.453898],[-0.83863,-0.38067,0.389602]]],0],[1391,[0.197552,0.538937,-0.818853],139,53.0361,[96.9678,197.938,-43.7253],[97.1809,198.27,-43.3437],[-22.8875,60.523,1.54443],false,[75.8724,135.631,73.2032],[81.4151,171.728,17.8091],[91.2212,176.582,-19.36],[95.5275,188.33,-37.2096],[97.2573,201.1,-45.6579],[[[-0.980656,-0.103942,-0.165858],[0.177015,-0.832589,-0.524843],[-0.0835383,-0.54405,0.834884]],[[-0.96475,-0.0412704,-0.259913],[0.0721487,-0.991265,-0.110404],[-0.253086,-0.125265,0.9593]],[[-0.96475,-0.0412704,-0.259913],[0.173871,-0.841334,-0.511787],[-0.197552,-0.538937,0.818853]],[[-0.96475,-0.0412704,-0.259913],[0.238026,-0.558123,-0.794885],[-0.112258,-0.828731,0.548272]]],1],[1392,[0.10178,0.483309,-0.869513],139,60.4304,[70.1035,191.741,-56.6469],[69.7854,191.557,-56.4882],[-19.7208,60.6626,1.64642],false,[65.4156,133.5,70.1319],[62.1614,166.589,16.7129],[66.1903,169.187,-26.492],[68.8005,181.582,-48.7912],[70.3671,195.034,-58.9795],[[[-0.998639,-0.0330205,0.040382],[0.00679785,-0.849918,-0.526871],[0.0517189,-0.525879,0.848986]],[[-0.994805,0.0477691,-0.0898937],[-0.042105,-0.997069,-0.063884],[-0.0926819,-0.0597672,0.9939]],[[-0.994805,0.0477691,-0.0898937],[0.00191063,-0.874145,-0.485661],[-0.10178,-0.483309,0.869513]],[[-0.994805,0.0477691,-0.0898937],[0.0426378,-0.606344,-0.794058],[-0.092438,-0.793766,0.601158]]],2],[1393,[0.00754317,0.706321,-0.707851],139,58.1055,[42.6785,197.457,-38.6206],[42.3806,197.291,-38.1528],[-20.5799,56.6867,-2.58919],false,[54.3728,132.835,69.5211],[43.0803,160.922,21.8239],[41.8465,167.507,-17.9099],[42.035,185.153,-35.5944],[42.7034,201.537,-39.4758],[[[-0.977795,-0.0458829,0.204479],[-0.0629225,-0.866436,-0.495307],[0.199894,-0.497175,0.84431]],[[-0.997975,0.0500213,0.0392784],[-0.0557442,-0.985287,-0.161564],[0.0306188,-0.163427,0.98608]],[[-0.997975,0.0500213,0.0392784],[-0.0631508,-0.706122,-0.705269],[-0.00754317,-0.706321,0.707851]],[[-0.997975,0.0500213,0.0392784],[-0.0497124,-0.228318,-0.972317],[-0.0396686,-0.972301,0.230342]]],3],[1394,[-0.215374,0.714818,-0.665319],139,45.5536,[10.6955,187.16,-13.7945],[10.1594,186.982,-13.3446],[-21.2362,50.7602,-3.38686],false,[42.8405,136.26,73.9964],[25.704,158.569,29.9129],[14.6246,163.126,0.359798],[10.8255,175.735,-11.376],[10.4629,190.953,-14.5288],[[[-0.92416,0.0406782,0.379834],[-0.19633,-0.903523,-0.380922],[0.327693,-0.426605,0.842986]],[[-0.932445,0.0518647,0.35757],[-0.0991708,-0.988374,-0.115249],[0.347436,-0.142924,0.926748]],[[-0.932445,0.0518647,0.35757],[-0.290104,-0.697385,-0.655358],[0.215374,-0.714818,0.665319]],[[-0.932445,0.0518647,0.35757],[-0.360559,-0.197454,-0.911597],[0.0233239,-0.978939,0.202815]]],4]],[[0,200,0],[235.247,235.247,147.751]]],[140844,6959939201,[[138,"left",[-0.131378,0.343711,-0.92984],[0.160483,0.932972,0.322194],[-126.298,160.941,21.7095],[2.95533,46.8688,32.2946],[-126.333,160.268,21.2499],0.189394,1,0.528286,[[0.978577,-0.170497,-0.115403],[-0.201956,-0.686013,-0.699],[-0.0400089,-0.707331,0.705749]],55.6483,[-123.629,-26.2869,229.576],[-114.195,140.5,63.1617]],[139,"right",[-0.058042,0.392025,-0.918122],[-0.161919,0.903798,0.396145],[59.9859,160.975,38.9575],[-17.4765,39.0276,-2.74407],[60.1831,160.666,39.0044],0,0.0699991,0.660006,[[-0.9796,-0.200709,0.00995586],[0.108159,-0.568349,-0.815648],[0.169366,-0.797932,0.578463]],57.4665,[97.9122,-57.1161,222.908],[56.6712,137.182,82.0513]]],[[1380,[-0.409252,0.55562,-0.72374],138,45.5146,[-173.848,198.011,7.57664],[-172.79,199.962,9.52079],[0.876732,69.3881,77.7069],false,[-136.644,150.934,73.4044],[-136.644,150.934,73.4044],[-158.352,173.425,43.0167],[-170.538,189.969,21.4662],[-174.706,202.68,6.01244],[[[0.224472,-0.81042,-0.541139],[-0.807793,-0.465348,0.361831],[0.545054,-0.355908,0.759109]],[[0.138265,-0.746283,-0.651111],[-0.856112,-0.420599,0.30028],[0.497951,-0.515906,0.697056]],[[0.138265,-0.746283,-0.651111],[-0.901884,-0.366536,0.228595],[0.409252,-0.55562,0.72374]],[[0.138265,-0.746283,-0.651111],[-0.969179,-0.237302,0.0661808],[0.203899,-0.621892,0.756092]]],0],[1381,[0.0516639,0.905433,-0.421333],138,51.3581,[-153.087,202.02,-36.4586],[-153.071,202.879,-36.1235],[-22.8913,75.2427,66.7194],false,[-133.722,137.462,57.9612],[-150.858,169.023,4.68534],[-156.758,173.749,-32.0654],[-155.667,192.862,-40.9591],[-152.645,205.82,-34.206],[[[0.94231,-0.047667,-0.33133],[-0.202284,-0.869725,-0.450177],[0.266708,-0.491229,0.829193]],[[0.97519,-0.136678,-0.174139],[-0.155811,-0.982574,-0.101349],[0.157252,-0.125967,0.979492]],[[0.97519,-0.136678,-0.174139],[-0.215258,-0.401883,-0.89003],[-0.0516639,-0.905433,0.421333]],[[0.97519,-0.136678,-0.174139],[-0.0893669,0.476624,-0.874553],[-0.202531,-0.868417,-0.452585]]],1],[1382,[0.0801904,0.853033,-0.515658],138,58.5185,[-127.9,197.29,-49.3421],[-128.034,198.76,-48.728],[-4.5131,56.7558,35.612],false,[-124.136,135.914,53.3407],[-132.357,165.24,0.56894],[-130.372,164.963,-41.4779],[-128.38,186.147,-54.2839],[-127.721,201.128,-47.6138],[[[0.990265,0.0353744,-0.134626],[-0.0341588,-0.875837,-0.481397],[0.134939,-0.48131,0.866102]],[[0.996755,-0.064985,0.047504],[-0.0652247,-0.997864,0.00351103],[-0.0471744,0.00659806,0.998865]],[[0.996755,-0.064985,0.047504],[0.00701245,-0.517794,-0.855476],[-0.0801904,-0.853033,0.515658]],[[0.996755,-0.064985,0.047504],[0.0697735,0.403205,-0.912446],[-0.0401414,-0.912799,-0.406431]]],2],[1383,[0.0681717,0.84974,-0.522776],138,56.2671,[-107.559,191.604,-44.0124],[-107.449,192.499,-43.5982],[3.13454,54.7037,26.4088],false,[-113.687,135.948,50.9044],[-112.946,161.264,2.41508],[-108.647,160.003,-36.3467],[-106.997,180.561,-48.9942],[-107.566,195.437,-42.3139],[[[0.999067,0.0300831,0.0309711],[0.0409974,-0.885968,-0.461931],[-0.0135431,-0.46277,0.886375]],[[0.993796,-0.0116816,0.110606],[-0.0151783,-0.99941,0.0308256],[-0.110181,0.0323132,0.993386]],[[0.993796,-0.0116816,0.110606],[0.0878799,-0.527073,-0.845264],[-0.0681717,-0.84974,0.522776]],[[0.993796,-0.0116816,0.110606],[0.105621,0.410711,-0.905627],[0.0348482,-0.911691,-0.409397]]],3],[1384,[0.307068,0.893897,-0.326584],138,44.1123,[-74.4927,186.329,-18.5678],[-74.5204,186.606,-18.7287],[3.59799,46.6547,27.3197],false,[-102.218,140.226,53.0627],[-94.8979,160.532,7.25347],[-76.8112,161.39,-17.7609],[-71.5661,176.659,-23.3393],[-75.2312,189.71,-16.795],[[[0.970186,0.122292,0.209247],[0.194531,-0.907884,-0.371354],[-0.144559,-0.400988,0.904606]],[[0.809701,-0.0650646,0.583225],[-0.0365098,-0.997495,-0.0605934],[-0.585706,-0.0277691,0.810048]],[[0.809701,-0.0650646,0.583225],[0.500094,-0.443524,-0.743769],[-0.307068,-0.893897,0.326584]],[[0.809701,-0.0650646,0.583225],[0.533952,0.494014,-0.686182],[0.243475,-0.867016,-0.434745]]],4],[1390,[0.627396,0.586017,-0.512794],139,47.0017,[132.067,205.112,41.1045],[132.013,204.981,40.844],[-17.6048,39.2115,-1.07997],false,[80.6003,149.189,89.0265],[80.6003,149.189,89.0265],[99.0049,181.118,63.1722],[118.297,199.138,47.404],[135.993,207.173,39.1711],[[[-0.262901,-0.800958,-0.537912],[0.887863,-0.419038,0.190016],[-0.3776,-0.427637,0.821307]],[[-0.105984,-0.588137,-0.801787],[0.906439,-0.388654,0.165274],[-0.408822,-0.709255,0.574301]],[[-0.105984,-0.588137,-0.801787],[0.771454,-0.557386,0.306887],[-0.627396,-0.586017,0.512794]],[[-0.105984,-0.588137,-0.801787],[0.534631,-0.713569,0.452756],[-0.838413,-0.380676,0.390063]]],0],[1391,[0.196937,0.538192,-0.819491],139,53.0361,[96.7765,198.179,-43.788],[96.9364,198.489,-43.4587],[-24.0878,50.9775,-2.65109],false,[75.7301,135.785,73.1004],[81.2348,171.93,17.7331],[90.9947,176.826,-19.4425],[95.2876,188.558,-37.3061],[97.0226,201.304,-45.7892],[[[-0.980856,-0.103396,-0.165016],[0.176176,-0.832196,-0.525749],[-0.0829653,-0.544756,0.834481]],[[-0.965081,-0.040841,-0.258747],[0.0718859,-0.991141,-0.111679],[-0.251894,-0.126379,0.959467]],[[-0.965081,-0.040841,-0.258747],[0.172725,-0.841832,-0.511356],[-0.196937,-0.538192,0.819491]],[[-0.965081,-0.040841,-0.258747],[0.236515,-0.560448,-0.793699],[-0.112599,-0.827182,0.550537]]],1],[1392,[0.100922,0.483654,-0.869421],139,60.4304,[69.8914,192.026,-56.6814],[69.5381,191.841,-56.5515],[-22.4458,53.1612,-0.889375],false,[65.2695,133.661,70.0372],[61.978,166.799,16.6506],[65.9592,169.461,-26.5548],[68.5474,181.865,-48.8516],[70.1073,195.31,-59.0503],[[[-0.998613,-0.0326498,0.0413039],[0.00594959,-0.849454,-0.527629],[0.0523127,-0.526652,0.84847]],[[-0.994894,0.0481333,-0.0887103],[-0.0424074,-0.996962,-0.0653375],[-0.0915857,-0.0612419,0.993912]],[[-0.994894,0.0481333,-0.0887103],[0.00105705,-0.873935,-0.486042],[-0.100922,-0.483654,0.869421]],[[-0.994894,0.0481333,-0.0887103],[0.041413,-0.606862,-0.793727],[-0.0920396,-0.793348,0.60177]]],2],[1393,[0.00695688,0.705903,-0.708274],139,58.1055,[42.4923,197.76,-38.6452],[42.1574,197.581,-38.227],[-22.3121,50.2538,-4.52735],false,[54.2259,133.001,69.4363],[42.8994,161.135,21.7748],[41.6292,167.805,-17.9437],[41.803,185.441,-35.6387],[42.4696,201.812,-39.5734],[[[-0.977618,-0.0456661,0.20537],[-0.0637474,-0.865971,-0.496014],[0.200495,-0.498004,0.843679]],[[-0.997916,0.0503383,0.040368],[-0.0563008,-0.984918,-0.163605],[0.0315235,-0.165537,0.9857]],[[-0.997916,0.0503383,0.040368],[-0.0641492,-0.706517,-0.704782],[-0.00695688,-0.705903,0.708274]],[[-0.997916,0.0503383,0.040368],[-0.0509738,-0.231421,-0.971517],[-0.0395625,-0.97155,0.233505]]],3],[1394,[-0.216139,0.714491,-0.665422],139,45.5536,[10.5221,187.423,-13.8224],[9.95683,187.265,-13.3899],[-22.5419,45.7656,-4.06458],false,[42.6993,136.427,73.9257],[25.5299,158.782,29.8783],[14.4285,163.414,0.344963],[10.6159,176.017,-11.3926],[10.2332,191.225,-14.5903],[[[-0.923781,0.0407178,0.38075],[-0.197061,-0.903105,-0.381534],[0.328322,-0.427485,0.842295]],[[-0.932081,0.0519254,0.358508],[-0.100163,-0.988032,-0.117308],[0.348126,-0.14525,0.926127]],[[-0.932081,0.0519254,0.358508],[-0.290703,-0.697715,-0.654741],[0.216139,-0.714491,0.665422]],[[-0.932081,0.0519254,0.358508],[-0.361411,-0.200555,-0.910582],[0.0246183,-0.978305,0.2057]]],4]],[[0,200,0],[235.247,235.247,147.751]]],[140845,6959948260,[[138,"left",[-0.131428,0.345998,-0.928984],[0.160774,0.932146,0.32443],[-126.263,161.078,21.7726],[3.18802,38.0862,25.3017],[-126.316,160.47,21.3807],0.187286,1,0.53649,[[0.978422,-0.172439,-0.113823],[-0.202171,-0.685323,-0.699614],[-0.0426354,-0.707529,0.705397]],55.6483,[-124.213,-26.3008,229.504],[-114.16,140.533,63.1733]],[139,"right",[-0.0578716,0.391501,-0.918356],[-0.16529,0.903444,0.39556],[59.7718,161.114,38.7924],[-19.1764,32.4741,-7.0177],[60.0301,160.833,38.9255],0,0.0682587,0.662309,[[-0.978977,-0.203792,0.00858734],[0.111026,-0.567719,-0.815701],[0.171109,-0.797599,0.57841]],57.4665,[98.131,-56.8904,222.734],[56.4657,137.327,81.8902]]],[[1380,[-0.409952,0.557415,-0.721961],138,45.5146,[-173.838,198.268,7.86768],[-172.826,200.132,9.70382],[-0.098627,55.6534,62.0513],false,[-136.605,150.948,73.4446],[-136.605,150.948,73.4446],[-158.315,173.526,43.1242],[-170.522,190.124,21.6267],[-174.742,202.865,6.21164],[[[0.224179,-0.809164,-0.543137],[-0.807859,-0.466014,0.360824],[0.545075,-0.357889,0.758161]],[[0.137801,-0.744595,-0.653138],[-0.856146,-0.421119,0.299455],[0.498021,-0.517916,0.695513]],[[0.137801,-0.744595,-0.653138],[-0.901637,-0.367243,0.228436],[0.409952,-0.557415,0.721961]],[[0.137801,-0.744595,-0.653138],[-0.968711,-0.238752,0.0678018],[0.206423,-0.623358,0.754198]]],0],[1381,[0.0487027,0.904435,-0.423823],138,51.3581,[-153.227,202.299,-36.208],[-153.183,202.974,-36.0017],[-21.3854,54.3596,49.3771],false,[-133.688,137.512,57.9684],[-150.824,169.207,4.77182],[-156.855,173.768,-31.9786],[-155.826,192.859,-40.925],[-152.803,205.816,-34.1702],[[[0.942248,-0.0471085,-0.331587],[-0.202578,-0.868578,-0.452254],[0.266704,-0.493308,0.827959]],[[0.974903,-0.135334,-0.176773],[-0.154045,-0.983316,-0.0967492],[0.16073,-0.121552,0.979485]],[[0.974903,-0.135334,-0.176773],[-0.217237,-0.404577,-0.888327],[-0.0487027,-0.904435,0.423823]],[[0.974903,-0.135334,-0.176773],[-0.0922339,0.47715,-0.873968],[-0.202625,-0.868339,-0.452693]]],1],[1382,[0.0808762,0.850143,-0.520304],138,58.5185,[-127.86,197.456,-49.292],[-127.97,198.724,-48.7678],[-1.59093,39.5093,23],false,[-124.103,135.973,53.3427],[-132.325,165.43,0.643464],[-130.344,164.96,-41.4019],[-128.336,186.073,-54.3233],[-127.663,201.083,-47.7204],[[[0.990254,0.0354432,-0.134689],[-0.0344593,-0.874658,-0.483514],[0.134944,-0.483443,0.864912]],[[0.996704,-0.0656312,0.0476908],[-0.0660862,-0.997782,0.00802505],[-0.0470583,0.0111503,0.99883]],[[0.996704,-0.0656312,0.0476908],[0.00639577,-0.522446,-0.852648],[-0.0808762,-0.850143,0.520304]],[[0.996704,-0.0656312,0.0476908],[0.0700224,0.399051,-0.914251],[-0.0409723,-0.914577,-0.402332]]],2],[1383,[0.0711814,0.846239,-0.528028],138,56.2671,[-107.43,191.746,-43.9953],[-107.31,192.507,-43.6468],[8.13773,37.6695,15.4603],false,[-113.655,136.01,50.9049],[-112.914,161.444,2.47703],[-108.544,159.993,-36.2702],[-106.822,180.466,-49.0447],[-107.368,195.383,