{"metadata":{"formatVersion":2,"generatedBy":"LeapJS Playback 0.2.1","frames":80,"frameRate":"1.1e+2","modified":"Sun Apr 12 2015 22:30:40 GMT-0300 (E. South America Standard Time)","title":"reais"},"frames":[["id","timestamp",{"hands":[["id","type","direction","palmNormal","palmPosition","palmVelocity","stabilizedPalmPosition","pinchStrength","grabStrength","confidence","armBasis","armWidth","elbow","wrist"]]},{"pointables":[["id","direction","handId","length","stabilizedTipPosition","tipPosition","tipVelocity","tool","carpPosition","mcpPosition","pipPosition","dipPosition","btipPosition","bases","type"]]},{"interactionBox":["center","size"]}],[6100,5289294413,[[4,"right",[0.241757,0.95133,-0.191113],[-0.337421,-0.102243,-0.935785],[12.4784,82.0203,67.3083],[198.035,-4.26014,24.7356],[7.76875,81.9689,66.8801],1,0,0.707226,[[0.9255,-0.335868,-0.17505],[0.373892,0.883965,0.280732],[0.0604486,-0.325268,0.943688]],58.8525,[23.2467,-48.1798,313.82],[8.17237,32.9338,78.4879]]],[[40,[0.369098,0.470206,-0.801669],4,48.1353,[5.14173,83.5447,8.37126],[5.4809,84.188,8.78254],[227.497,5.73729,19.952],false,[-19.9124,36.5619,77.5587],[-19.9124,36.5619,77.5587],[-18.3737,69.1139,44.9455],[-6.7504,83.9212,19.7001],[9.12028,83.4429,5.03259],[[[0.715067,0.160101,0.680476],[-0.675635,-0.0915779,0.731526],[0.179434,-0.982843,0.0426853]],[[0.567141,0.569401,0.595091],[-0.822945,0.421042,0.381426],[-0.0333735,-0.706049,0.707376]],[[0.567141,0.569401,0.595091],[-0.736287,0.674306,0.0565079],[-0.369098,-0.470206,0.801669]],[[0.567141,0.569401,0.595091],[-0.373201,0.821762,-0.430615],[-0.734216,0.0221305,0.678555]]],0],[41,[0.125331,0.798997,-0.588129],4,54.3153,[4.20083,171.629,30.5248],[8.61956,171.896,31.3518],[262.124,3.39158,33.7822],false,[-4.65215,45.6448,90.3628],[-2.30309,110.914,71.6131],[4.55681,144.797,52.1334],[7.3547,162.634,39.004],[8.74608,174.464,28.6542],[[[0.937456,-0.126861,-0.324163],[0.346382,0.24747,0.904864],[-0.0345706,-0.960554,0.275935]],[[0.907826,-0.331473,-0.256861],[0.382054,0.401258,0.832482],[-0.172878,-0.853884,0.490913]],[[0.907826,-0.331473,-0.256861],[0.400181,0.501726,0.766894],[-0.125331,-0.798997,0.588129]],[[0.907826,-0.331473,-0.256861],[0.409973,0.572761,0.709836],[-0.0881716,-0.749714,0.655862]]],1],[42,[-0.151449,0.905868,-0.395558],4,61.8879,[1.63689,182.571,36.3514],[5.85183,182.72,36.9386],[263.595,3.74574,33.6415],false,[6.45797,45.1293,87.9884],[16.9012,105.302,67.4336],[12.3419,147.303,53.3966],[8.36426,171.095,43.0076],[5.10023,186.207,35.1201],[[[0.85129,-0.295785,-0.433379],[0.49904,0.201312,0.842872],[-0.162065,-0.933801,0.318983]],[[0.865684,-0.0716106,-0.495443],[0.490004,0.323697,0.809393],[0.102412,-0.943447,0.315308]],[[0.865684,-0.0716106,-0.495443],[0.477132,0.417462,0.77335],[0.151449,-0.905868,0.395558]],[[0.865684,-0.0716106,-0.495443],[0.463925,0.486575,0.740283],[0.188058,-0.870699,0.454442]]],2],[43,[-0.612818,-0.471356,-0.634254],4,59.5069,[-7.69036,85.5421,6.36501],[-2.64441,86.2057,6.51559],[230.356,-2.18944,19.4903],false,[16.6076,42.6646,83.5544],[33.825,93.7658,62.5917],[20.135,107.906,26.321],[4.4555,95.846,10.0931],[-5.208,82.2767,5.58925],[[[0.778104,-0.444306,-0.444012],[0.553165,0.149794,0.819494],[-0.297596,-0.883263,0.36233]],[[0.78898,-0.409985,-0.457628],[0.51716,0.84528,0.134339],[0.331747,-0.342658,0.878937]],[[0.78898,-0.409985,-0.457628],[0.0443288,0.780856,-0.623136],[0.612818,0.471356,0.634254]],[[0.78898,-0.409985,-0.457628],[-0.25284,0.46218,-0.849977],[0.559984,0.786322,0.26099]]],3],[44,[-0.825475,-0.307759,-0.473155],4,46.6523,[11.937,78.9904,16.455],[12.5988,79.5204,16.2352],[223.066,-0.563474,25.7981],false,[23.7415,36.7123,74.2554],[46.8934,81.0048,55.01],[37.1223,91.4032,25.634],[22.2104,85.8436,17.0866],[9.03537,76.9423,16.2897],[[[0.636264,-0.56215,-0.528352],[0.638975,0.000238441,0.769227],[-0.432295,-0.827035,0.359352]],[[0.522314,-0.734263,-0.433643],[0.798543,0.599566,-0.0533814],[0.299194,-0.318401,0.899502]],[[0.522314,-0.734263,-0.433643],[0.213963,0.605097,-0.766862],[0.825475,0.307759,0.473155]],[[0.522314,-0.734263,-0.433643],[-0.205712,0.385012,-0.899693],[0.827569,0.559128,0.0500502]]],4]],[[0,200,0],[235.247,235.247,147.751]]],[6101,5289303213,[[4,"right",[0.249229,0.949635,-0.189941],[-0.335094,-0.0994537,-0.936921],[14.3382,81.9666,67.5278],[201.621,-4.75446,24.7913],[10.007,81.9681,67.1008],1,0,0.709392,[[0.923672,-0.342608,-0.17161],[0.379269,0.881279,0.281961],[0.0546339,-0.325525,0.943954]],58.8525,[23.2664,-48.2696,314.072],[9.6421,32.9083,78.6736]]],[[40,[0.37492,0.467626,-0.800476],4,48.1353,[7.2381,83.5722,8.56998],[7.51434,84.1871,8.96114],[227.735,4.88022,20.2947],false,[-18.4126,36.7391,77.6542],[-18.4126,36.7391,77.6542],[-16.5786,69.2928,45.0581],[-4.77194,84.0188,19.8502],[11.1394,83.4429,5.23031],[[[0.713978,0.154684,0.682868],[-0.678661,-0.0869827,0.729283],[0.172206,-0.984127,0.0428743]],[[0.568956,0.565654,0.596929],[-0.821405,0.426001,0.379231],[-0.039779,-0.706087,0.707007]],[[0.568956,0.565654,0.596929],[-0.731932,0.679236,0.0539833],[-0.37492,-0.467626,0.800476]],[[0.568956,0.565654,0.596929],[-0.366677,0.824212,-0.431535],[-0.736096,0.0266438,0.676353]]],0],[41,[0.132999,0.79829,-0.587405],4,54.3153,[7.3859,171.676,30.8744],[11.2436,171.881,31.5934],[271.856,2.06816,32.0887],false,[-3.12916,45.7069,90.5117],[-0.2486,110.965,71.7961],[6.91867,144.804,52.3522],[9.88775,162.625,39.2389],[11.398,174.45,28.8983],[[[0.93757,-0.133492,-0.321157],[0.345202,0.244624,0.906088],[-0.0423925,-0.960385,0.275434]],[[0.906247,-0.337911,-0.254034],[0.38222,0.398186,0.83388],[-0.180624,-0.852798,0.490011]],[[0.906247,-0.337911,-0.254034],[0.401283,0.498548,0.768389],[-0.132999,-0.79829,0.587405]],[[0.906247,-0.337911,-0.254034],[0.411773,0.569531,0.711391],[-0.0957062,-0.7493,0.655279]]],1],[42,[-0.143659,0.907071,-0.395707],4,61.8879,[4.85939,182.647,36.7344],[8.535,182.722,37.1761],[274.693,2.79631,31.8295],false,[7.98465,45.1122,88.1733],[18.9282,105.216,67.6769],[14.7162,147.253,53.6411],[10.9431,171.077,43.2482],[7.81324,186.215,35.3558],[[[0.850545,-0.301749,-0.43072],[0.497725,0.19739,0.844575],[-0.16983,-0.93273,0.318077]],[[0.866756,-0.0776432,-0.492651],[0.489675,0.319883,0.811106],[0.0946137,-0.94427,0.315281]],[[0.866756,-0.0776432,-0.492651],[0.477593,0.413755,0.775056],[0.143659,-0.907071,0.395707]],[[0.866756,-0.0776432,-0.492651],[0.464989,0.482974,0.741971],[0.180328,-0.872186,0.454724]]],2],[43,[-0.614179,-0.467429,-0.635842],4,59.5069,[-5.00519,85.4871,6.54009],[-0.591259,86.2031,6.69875],[231.021,-1.40846,19.7577],false,[18.1307,42.5761,83.7714],[35.7842,93.5598,62.8856],[22.2817,107.758,26.5673],[6.56737,95.7986,10.2988],[-3.17795,82.2989,5.76191],[[[0.776326,-0.449735,-0.441652],[0.551554,0.145493,0.821353],[-0.305134,-0.881232,0.361003]],[[0.78749,-0.415499,-0.455214],[0.5223,0.842009,0.134996],[0.327203,-0.344066,0.880089]],[[0.78749,-0.415499,-0.455214],[0.0514121,0.780302,-0.623287],[0.614179,0.467429,0.635842]],[[0.78749,-0.415499,-0.455214],[-0.24687,0.464104,-0.850684],[0.564725,0.782284,0.262903]]],3],[44,[-0.82623,-0.301744,-0.475704],4,46.6523,[13.9576,78.9457,16.6847],[14.5846,79.4646,16.4629],[223.785,-1.8177,25.6586],false,[25.2518,36.576,74.4933],[48.785,80.7078,55.3414],[39.1705,91.1737,25.9377],[24.2448,85.7228,17.3442],[11.0075,76.9187,16.5017],[[[0.633917,-0.566521,-0.526501],[0.636447,-0.00465905,0.771306],[-0.439415,-0.824034,0.357607]],[[0.51832,-0.737962,-0.432152],[0.802915,0.593895,-0.0511501],[0.2944,-0.320469,0.900349]],[[0.51832,-0.737962,-0.432152],[0.220652,0.603624,-0.766127],[0.82623,0.301744,0.475704]],[[0.51832,-0.737962,-0.432152],[-0.199935,0.386758,-0.900247],[0.831486,0.553019,0.0529199]]],4]],[[0,200,0],[235.247,235.247,147.751]]],[6102,5289311795,[[4,"right",[0.25314,0.949076,-0.18755],[-0.32499,-0.0991732,-0.940503],[16.2485,81.8002,67.9911],[207.151,-8.6146,32.4878],[12.1942,81.9093,67.4128],1,0,0.718308,[[0.924703,-0.342976,-0.165204],[0.377659,0.881113,0.284629],[0.0479421,-0.325588,0.944296]],58.8525,[23.2907,-48.4381,314.587],[11.3352,32.7554,79.1029]]],[[40,[0.382621,0.467545,-0.796871],4,48.1353,[9.53023,83.5169,8.9355],[9.91142,84.0357,9.32307],[238.653,1.6059,26.7404],false,[-16.6991,36.6402,77.7745],[-16.6991,36.6402,77.7745],[-14.6166,69.2141,45.2135],[-2.56747,83.9376,20.1192],[13.4806,83.3832,5.64862],[[[0.706744,0.153569,0.690601],[-0.686787,-0.0853805,0.721827],[0.169814,-0.984442,0.0451272]],[[0.56271,0.566145,0.60236],[-0.825419,0.424619,0.371997],[-0.0451693,-0.706526,0.706244]],[[0.56271,0.566145,0.60236],[-0.732775,0.678883,0.0464732],[-0.382621,-0.467545,0.796871]],[[0.56271,0.566145,0.60236],[-0.36355,0.823907,-0.434752],[-0.742421,0.0256511,0.669443]]],0],[41,[0.140979,0.797794,-0.586217],4,54.3153,[10.4185,171.616,31.2679],[13.7218,171.705,31.9898],[276.435,-3.85006,35.7741],false,[-1.54028,45.5834,90.7955],[1.67209,110.828,72.0882],[9.11774,144.646,52.7112],[12.265,162.456,39.6245],[13.9114,174.273,29.2965],[[[0.940776,-0.135434,-0.310803],[0.335717,0.244312,0.909728],[-0.0472757,-0.960192,0.27531]],[[0.908321,-0.339766,-0.243952],[0.373825,0.397781,0.83787],[-0.18764,-0.85225,0.488325]],[[0.908321,-0.339766,-0.243952],[0.3938,0.498081,0.772552],[-0.140979,-0.797794,0.586217]],[[0.908321,-0.339766,-0.243952],[0.405052,0.569022,0.715644],[-0.104337,-0.748848,0.654477]]],1],[42,[-0.13758,0.907178,-0.397617],4,61.8879,[7.88974,182.606,37.1306],[10.9726,182.555,37.5389],[277.128,-3.11329,34.5658],false,[9.59733,44.9663,88.5794],[20.8818,105.041,68.1818],[16.9042,147.08,54.0842],[13.2908,170.906,43.6411],[10.2765,186.047,35.7089],[[[0.854631,-0.303566,-0.421252],[0.488814,0.196757,0.84991],[-0.175119,-0.932274,0.316542]],[[0.871955,-0.0794998,-0.483088],[0.481364,0.319284,0.8163],[0.0893468,-0.944318,0.31667]],[[0.871955,-0.0794998,-0.483088],[0.469858,0.413167,0.780081],[0.13758,-0.907178,0.397617]],[[0.871955,-0.0794998,-0.483088],[0.457749,0.482398,0.746832],[0.173668,-0.872337,0.45702]]],2],[43,[-0.608165,-0.467712,-0.641389],4,59.5069,[-2.23125,85.3359,6.78457],[1.9465,85.9286,7.01792],[247.94,-9.53658,24.2746],false,[19.7861,42.4087,84.2899],[37.7666,93.3499,63.58],[24.6405,107.479,27.0972],[9.08009,95.5126,10.6867],[-0.638526,82.0251,6.05714],[[[0.780249,-0.451412,-0.432942],[0.542793,0.144747,0.827299],[-0.310786,-0.880497,0.357962]],[[0.79163,-0.417197,-0.446396],[0.521678,0.841851,0.138348],[0.31808,-0.342395,0.884076]],[[0.79163,-0.417197,-0.446396],[0.058801,0.779225,-0.623979],[0.608165,0.467712,0.641389]],[[0.79163,-0.417197,-0.446396],[-0.236967,0.463776,-0.853673],[0.563178,0.781574,0.268277]]],3],[44,[-0.822086,-0.301328,-0.483089],4,46.6523,[16.3339,78.7055,17.179],[16.9912,79.215,16.9712],[238.649,-9.03641,34.5301],false,[26.9969,36.3913,75.0928],[50.8244,80.4698,56.1837],[41.5044,90.8994,26.6724],[26.6537,85.4559,17.9455],[13.4104,76.673,16.9831],[[[0.638552,-0.567956,-0.519305],[0.627939,-0.00558846,0.778243],[-0.44491,-0.82304,0.353073]],[[0.521344,-0.739428,-0.425965],[0.804213,0.592671,-0.0445239],[0.285379,-0.319355,0.903643]],[[0.521344,-0.739428,-0.425965],[0.228855,0.602036,-0.764969],[0.822086,0.301328,0.483089]],[[0.521344,-0.739428,-0.425965],[-0.190298,0.38586,-0.902718],[0.831858,0.551687,0.0604542]]],4]],[[0,200,0],[235.247,235.247,147.751]]],[6103,5289320412,[[4,"right",[0.253208,0.94893,-0.188198],[-0.31645,-0.102591,-0.943045],[18.1564,81.8992,68.261],[210.922,-3.2943,32.1804],[14.3923,81.9056,67.7255],1,0,0.716727,[[0.926457,-0.341729,-0.157793],[0.374229,0.881236,0.288748],[0.0403795,-0.326564,0.944312]],58.8525,[23.2962,-48.5566,314.967],[13.2266,32.8802,79.4788]]],[[40,[0.387378,0.466156,-0.795385],4,48.1353,[11.7401,83.5079,9.15154],[12.1697,83.9601,9.50038],[242.391,1.06527,25.7125],false,[-14.8013,36.7132,77.8895],[-14.8013,36.7132,77.8895],[-12.6728,69.2258,45.2702],[-0.473838,83.9055,20.2227],[15.684,83.3879,5.87348],[[[0.700319,0.156875,0.696379],[-0.693033,-0.0843499,0.715954],[0.171055,-0.98401,0.0496476]],[[0.555484,0.570537,0.604917],[-0.830245,0.420937,0.365384],[-0.046167,-0.705194,0.707509]],[[0.555484,0.570537,0.604917],[-0.735782,0.676155,0.0379286],[-0.387378,-0.466156,0.795385]],[[0.555484,0.570537,0.604917],[-0.364251,0.820922,-0.439781],[-0.747502,0.0239499,0.663828]]],0],[41,[0.144844,0.796237,-0.587389],4,54.3153,[13.1594,171.575,31.4664],[15.7983,171.689,31.962],[267.165,-3.35738,25.4497],false,[0.226194,45.7219,91.0172],[3.49547,110.915,72.1396],[11.0563,144.686,52.7258],[14.2898,162.461,39.6129],[16.0082,174.249,29.2637],[[[0.943727,-0.134779,-0.302016],[0.327207,0.247653,0.911923],[-0.0481132,-0.959428,0.277817]],[[0.911021,-0.338961,-0.234831],[0.365696,0.400975,0.839932],[-0.190542,-0.851073,0.489253]],[[0.911021,-0.338961,-0.234831],[0.386084,0.50111,0.774486],[-0.144844,-0.796237,0.587389]],[[0.911021,-0.338961,-0.234831],[0.397722,0.571898,0.717461],[-0.108892,-0.74702,0.655823]]],1],[42,[-0.13559,0.905714,-0.401619],4,61.8879,[10.5853,182.582,37.2985],[12.9811,182.551,37.4539],[265.444,-2.42299,22.787],false,[11.3841,45.1169,88.9021],[22.7488,105.148,68.4218],[18.825,147.137,54.1599],[15.2638,170.925,43.6117],[12.2943,186.036,35.6063],[[[0.858849,-0.303393,-0.412712],[0.480909,0.200177,0.853613],[-0.176365,-0.931602,0.317826]],[[0.876346,-0.0794708,-0.47508],[0.473549,0.322619,0.819554],[0.0881393,-0.943187,0.320359]],[[0.876346,-0.0794708,-0.47508],[0.462204,0.416373,0.782944],[0.13559,-0.905714,0.401619]],[[0.876346,-0.0794708,-0.47508],[0.450272,0.485482,0.749374],[0.17109,-0.870627,0.461234]]],2],[43,[-0.601728,-0.471497,-0.644681],4,59.5069,[0.599149,85.1535,7.00218],[4.35159,85.7313,7.16194],[256.232,-12.9422,22.2106],false,[21.6149,42.5637,84.7112],[39.6934,93.4721,64.006],[26.8324,107.408,27.3548],[11.4367,95.3445,10.8601],[1.78293,81.8246,6.18972],[[[0.784821,-0.4514,-0.424609],[0.535174,0.14819,0.831642],[-0.312481,-0.87993,0.35788]],[[0.796256,-0.417232,-0.438056],[0.518503,0.843724,0.13887],[0.311657,-0.33771,0.888156]],[[0.796256,-0.417232,-0.438056],[0.0624391,0.776922,-0.626493],[0.601729,0.471497,0.644681]],[[0.796256,-0.417232,-0.438056],[-0.230278,0.460556,-0.85724],[0.559417,0.783458,0.270641]]],3],[44,[-0.817727,-0.305066,-0.488117],4,46.6523,[18.648,78.5858,17.5088],[19.3007,79.1014,17.2918],[246.456,-10.1293,35.2604],false,[28.9172,36.5305,75.5969],[52.838,80.5917,56.7654],[43.7175,90.8754,27.1408],[28.9455,85.3644,18.3231],[15.7267,76.553,17.2876],[[[0.644093,-0.568448,-0.51187],[0.621004,-0.00214912,0.783805],[-0.446652,-0.822717,0.351624]],[[0.526138,-0.740077,-0.418885],[0.803235,0.594249,-0.0410082],[0.279271,-0.314887,0.907113]],[[0.526138,-0.740077,-0.418885],[0.233457,0.59935,-0.765688],[0.817727,0.305066,0.488117]],[[0.526138,-0.740077,-0.418885],[-0.183705,0.382031,-0.905707],[0.83032,0.553478,0.0650452]]],4]],[[0,200,0],[235.247,235.247,147.751]]],[6104,5289329130,[[4,"right",[0.251797,0.949007,-0.189693],[-0.3079,-0.107269,-0.945352],[20.0828,82.0686,68.4527],[213.609,2.77717,29.4551],[16.6114,81.9691,68.0091],1,0,0.717166,[[0.928605,-0.339515,-0.14974],[0.36965,0.881651,0.293345],[0.0324232,-0.327753,0.944207]],58.8525,[23.2981,-48.6556,315.28],[15.2125,33.0777,79.8185]]],[[40,[0.392003,0.464006,-0.794375],4,48.1353,[13.9769,83.5169,9.25008],[14.4455,83.9054,9.58214],[245.436,1.11139,21.4541],false,[-12.8126,36.8138,77.9707],[-12.8126,36.8138,77.9707],[-10.6704,69.2267,45.2531],[1.67418,83.8387,20.2374],[17.9158,83.4218,5.97978],[[[0.693725,0.161838,0.701822],[-0.698964,-0.0838156,0.710228],[0.173765,-0.983251,0.0549738]],[[0.547449,0.5763,0.606777],[-0.835548,0.416684,0.358097],[-0.0464632,-0.703031,0.70964]],[[0.547449,0.5763,0.606777],[-0.739347,0.672738,0.0281085],[-0.392003,-0.464006,0.794375]],[[0.547449,0.5763,0.606777],[-0.368421,0.81701,-0.443576],[-0.751376,0.0192862,0.659592]]],0],[41,[0.147396,0.794413,-0.589221],4,54.3153,[15.6314,171.564,31.4654],[17.7525,171.708,31.7826],[255.789,-1.9183,13.1494],false,[2.07119,45.9219,91.1933],[5.29594,111.051,72.0904],[12.9172,144.771,52.611],[16.2076,162.505,39.4572],[17.9782,174.259,29.0772],[[[0.946746,-0.132895,-0.293275],[0.318464,0.252243,0.913758],[-0.0474579,-0.958495,0.281132]],[[0.914111,-0.336919,-0.22558],[0.357088,0.405416,0.841502],[-0.192064,-0.849778,0.490906]],[[0.914111,-0.336919,-0.22558],[0.377724,0.505364,0.775843],[-0.147396,-0.794413,0.589221]],[[0.914111,-0.336919,-0.22558],[0.389631,0.575967,0.718644],[-0.112198,-0.744813,0.657772]]],1],[42,[-0.135018,0.903693,-0.406336],4,61.8879,[12.9779,182.587,37.2437],[14.8522,182.582,37.2079],[251.834,-0.829094,9.13742],false,[13.2489,45.3448,89.1775],[24.5992,105.332,68.5626],[20.664,147.253,54.1025],[17.1179,170.987,43.4304],[14.1693,186.057,35.3402],[[[0.863375,-0.302211,-0.404044],[0.472818,0.205039,0.856972],[-0.176141,-0.930928,0.319917]],[[0.880698,-0.0784605,-0.467136],[0.465358,0.327354,0.822363],[0.0883957,-0.941639,0.324812]],[[0.880698,-0.0784605,-0.467136],[0.454029,0.42093,0.785287],[0.135018,-0.903693,0.406336]],[[0.880698,-0.0784605,-0.467136],[0.442166,0.48987,0.751343],[0.169885,-0.868258,0.46612]]],2],[43,[-0.594709,-0.477219,-0.64698],4,59.5069,[3.45579,84.9353,7.17284],[6.75357,85.5094,7.24332],[261.455,-16.3626,18.8889],false,[23.5239,42.8085,85.0857],[41.619,93.6944,64.3398],[28.9897,107.373,27.5116],[13.7736,95.1634,10.9581],[4.20725,81.5872,6.2712],[[[0.789928,-0.450502,-0.416007],[0.527438,0.153143,0.835677],[-0.312765,-0.879543,0.358584]],[[0.801353,-0.416403,-0.429466],[0.513977,0.846599,0.138197],[0.30604,-0.331481,0.892446]],[[0.801353,-0.416403,-0.429466],[0.0644552,0.773867,-0.630059],[0.594709,0.477219,0.64698]],[[0.801353,-0.416403,-0.429466],[-0.224776,0.455721,-0.861275],[0.554354,0.786719,0.271596]]],3],[44,[-0.812978,-0.310628,-0.49252],4,46.6523,[20.9734,78.4944,17.7687],[21.6202,79.0135,17.5447],[251.742,-10.174,33.6779],false,[30.9246,36.7637,76.0589],[54.8672,80.8287,57.2641],[45.9222,90.9261,27.5221],[31.236,85.3147,18.6249],[18.0569,76.4513,17.5296],[[[0.650341,-0.568341,-0.50403],[0.614162,0.00289811,0.789175],[-0.447059,-0.822788,0.350938]],[[0.531973,-0.740171,-0.411281],[0.80124,0.597119,-0.0382528],[0.273897,-0.309185,0.910706]],[[0.531973,-0.740171,-0.411281],[0.236794,0.59637,-0.766989],[0.812978,0.310628,0.49252]],[[0.531973,-0.740171,-0.411281],[-0.178055,0.37707,-0.908909],[0.82783,0.556745,0.0687999]]],4]],[[0,200,0],[235.247,235.247,147.751]]],[6105,5289337758,[[4,"right",[0.250162,0.948811,-0.192811],[-0.302097,-0.112709,-0.946591],[22.0538,82.2179,68.534],[217.538,6.62698,24.1505],[18.8196,82.0701,68.2221],1,0,0.700948,[[0.930145,-0.338677,-0.141876],[0.366391,0.881563,0.297664],[0.0242609,-0.328853,0.944069]],58.8525,[23.3087,-48.7393,315.535],[17.2586,33.2684,80.1078]]],[[40,[0.39567,0.46018,-0.794782],4,48.1353,[16.2265,83.3395,9.27934],[16.6966,83.7132,9.59935],[249.076,-5.11504,16.4702],false,[-10.7659,36.9141,78.0797],[-10.7659,36.9141,78.0797],[-8.61764,69.1725,45.2103],[3.84244,83.6641,20.1818],[20.1723,83.2231,6.02598],[[[0.68917,0.167227,0.705039],[-0.702832,-0.0824292,0.706564],[0.176273,-0.982467,0.0607248]],[[0.54156,0.582022,0.606599],[-0.83937,0.414361,0.351801],[-0.0465954,-0.699682,0.712933]],[[0.54156,0.582022,0.606599],[-0.741726,0.670436,0.0189267],[-0.39567,-0.46018,0.794782]],[[0.54156,0.582022,0.606599],[-0.368778,0.812917,-0.450742],[-0.755457,0.0204036,0.654881]]],0],[41,[0.148523,0.791989,-0.592194],4,54.3153,[17.8772,171.537,31.2532],[19.6775,171.672,31.4172],[247.222,-2.56539,-1.53019],false,[4.01456,46.1288,91.3441],[7.16269,111.175,71.9461],[14.7997,144.822,52.3483],[18.1153,162.503,39.1282],[19.9121,174.211,28.7019],[[[0.948812,-0.131553,-0.287141],[0.312426,0.25756,0.914359],[-0.0463303,-0.957265,0.285476]],[[0.916371,-0.335342,-0.218653],[0.35103,0.410503,0.841585],[-0.192461,-0.847958,0.493889]],[[0.916371,-0.335342,-0.218653],[0.371758,0.510195,0.775562],[-0.148523,-0.791989,0.592194]],[[0.916371,-0.335342,-0.218653],[0.383794,0.580557,0.718092],[-0.113866,-0.741957,0.660708]]],1],[42,[-0.135285,0.901319,-0.411488],4,61.8879,[15.1414,182.579,36.9667],[16.7139,182.564,36.7737],[242.255,-1.18483,-6.63459],false,[15.2054,45.5746,89.396],[26.5025,105.495,68.5578],[22.5294,147.333,53.8721],[18.9763,171.006,43.0648],[16.0308,186.028,34.8846],[[[0.866573,-0.30164,-0.397573],[0.467243,0.210532,0.858697],[-0.175316,-0.929887,0.323381]],[[0.883617,-0.0781315,-0.461646],[0.459627,0.332686,0.823446],[0.0892461,-0.939796,0.329878]],[[0.883617,-0.0781315,-0.461646],[0.448241,0.426051,0.78585],[0.135285,-0.901319,0.411488]],[[0.883617,-0.0781315,-0.461646],[0.436375,0.494792,0.751504],[0.169703,-0.865492,0.471301]]],2],[43,[-0.589771,-0.483681,-0.646702],4,59.5069,[6.17613,84.654,7.28111],[9.02318,85.2005,7.26469],[261.971,-21.6908,14.855],false,[25.5113,43.0485,85.376],[43.5799,93.8864,64.4899],[31.0819,107.271,27.5092],[15.9921,94.8958,10.9627],[6.49604,81.2584,6.31083],[[[0.793624,-0.4502,-0.409245],[0.522135,0.158693,0.837969],[-0.312309,-0.878713,0.361008]],[[0.804969,-0.416321,-0.422731],[0.510196,0.849396,0.135005],[0.30286,-0.324351,0.896143]],[[0.804969,-0.416321,-0.422731],[0.064769,0.769889,-0.634882],[0.589771,0.483681,0.646702]],[[0.804969,-0.416321,-0.422731],[-0.221842,0.449616,-0.865235],[0.550282,0.790267,0.26957]]],3],[44,[-0.809636,-0.316374,-0.494365],4,46.6523,[23.2031,78.3471,17.921],[23.8419,78.8638,17.6872],[253.373,-12.0858,29.269],false,[32.9816,36.9818,76.4215],[56.906,81.0254,57.5532],[48.0597,90.9189,27.7134],[33.4339,85.2037,18.7828],[20.2902,76.2896,17.6733],[[[0.654889,-0.568866,-0.497505],[0.609559,0.00847903,0.792695],[-0.446719,-0.822386,0.35231]],[[0.536452,-0.740624,-0.404594],[0.799279,0.599751,-0.0381014],[0.270874,-0.302943,0.913703]],[[0.536452,-0.740624,-0.404594],[0.238135,0.592776,-0.769355],[0.809636,0.316374,0.494365]],[[0.536452,-0.740624,-0.404594],[-0.174927,0.371421,-0.911837],[0.825603,0.559931,0.0696943]]],4]],[[0,200,0],[235.247,235.247,147.751]]],[6106,5289346431,[[4,"right",[0.244947,0.94945,-0.196329],[-0.296322,-0.119495,-0.947583],[24.056,82.465,68.6686],[221.08,12.4443,21.8529],[21.0559,82.2387,68.4128],1,0,0.702903,[[0.932758,-0.335302,-0.132424],[0.360182,0.882296,0.303021],[0.0152337,-0.330342,0.943738]],58.8525,[23.3198,-48.8348,315.811],[19.5209,33.5442,80.4666]]],[[40,[0.397274,0.457439,-0.795564],4,48.1353,[18.4681,83.1872,9.36174],[18.9345,83.572,9.67795],[250.899,-8.31497,14.7295],false,[-8.51577,36.9948,78.2722],[-8.51577,36.9948,78.2722],[-6.51792,69.0971,45.2408],[5.99267,83.5024,20.1877],[22.4127,83.0783,6.13605],[[[0.684306,0.175339,0.707801],[-0.706015,-0.083478,0.703259],[0.182394,-0.980963,0.0666673]],[[0.533653,0.590111,0.605792],[-0.844593,0.408584,0.346009],[-0.0433332,-0.696296,0.716446]],[[0.533653,0.590111,0.605792],[-0.746584,0.665221,0.00967824],[-0.397274,-0.457439,0.795564]],[[0.533653,0.590111,0.605792],[-0.371724,0.807084,-0.458735],[-0.759629,0.0196181,0.650061]]],0],[41,[0.146457,0.789934,-0.595446],4,54.3153,[19.8163,171.548,30.9611],[21.2886,171.711,31.0821],[230.969,-0.745992,-11.3781],false,[6.13326,46.3739,91.5671],[8.95718,111.34,71.8543],[16.4768,144.937,52.1253],[19.7463,162.572,38.8325],[21.5215,174.238,28.3561],[[[0.951166,-0.126749,-0.281458],[0.305871,0.264246,0.914668],[-0.0415589,-0.956091,0.29011]],[[0.919701,-0.330398,-0.212103],[0.343857,0.417077,0.841314],[-0.189505,-0.84669,0.497196]],[[0.919701,-0.330398,-0.212103],[0.364281,0.516568,0.774892],[-0.146457,-0.789934,0.595445]],[[0.919701,-0.330398,-0.212103],[0.376159,0.586716,0.717125],[-0.112493,-0.739325,0.663885]]],1],[42,[-0.139042,0.898297,-0.41681],4,61.8879,[16.9746,182.603,36.6049],[18.2246,182.611,36.3678],[224.115,0.553307,-17.3413],false,[17.3377,45.8836,89.6809],[28.3516,105.771,68.597],[24.1807,147.507,53.6765],[20.5289,171.1,42.7293],[17.5278,186.06,34.4568],[[[0.870633,-0.297933,-0.391453],[0.461286,0.217958,0.860063],[-0.170921,-0.929371,0.327194]],[[0.886548,-0.0746289,-0.456578],[0.453051,0.339907,0.824141],[0.0936895,-0.937493,0.335154]],[[0.886548,-0.0746289,-0.456578],[0.441249,0.433005,0.786006],[0.139042,-0.898297,0.41681]],[[0.886548,-0.0746289,-0.456578],[0.429112,0.501492,0.751245],[0.172906,-0.861938,0.476621]]],2],[43,[-0.583424,-0.493133,-0.645319],4,59.5069,[8.80815,84.3265,7.39985],[11.2716,84.8848,7.36407],[261.347,-26.1282,14.427],false,[27.6811,43.4051,85.7283],[45.5262,94.2545,64.6786],[33.0787,107.259,27.5453],[18.1513,94.6415,11.0343],[8.77542,80.9022,6.43866],[[[0.798723,-0.447027,-0.402751],[0.516627,0.166378,0.83989],[-0.308445,-0.878911,0.363836]],[[0.809835,-0.41341,-0.416245],[0.503173,0.854275,0.130503],[0.301637,-0.315129,0.899838]],[[0.809835,-0.41341,-0.416245],[0.0615168,0.765449,-0.640549],[0.583424,0.493133,0.645319]],[[0.809835,-0.41341,-0.416245],[-0.221309,0.441817,-0.869379],[0.543314,0.796172,0.266308]]],3],[44,[-0.805491,-0.325572,-0.495164],4,46.6523,[25.4411,78.2656,18.1378],[26.0713,78.7915,17.8977],[254.454,-11.2628,28.215],false,[35.2385,37.3425,76.8444],[58.973,81.4466,57.878],[50.1641,91.0857,27.944],[35.6131,85.2044,18.999],[22.5389,76.1881,17.8938],[[[0.661241,-0.567051,-0.491135],[0.605275,0.0165155,0.795845],[-0.443174,-0.823517,0.354142]],[[0.54339,-0.739173,-0.397932],[0.794966,0.605399,-0.0389959],[0.269733,-0.295153,0.916586]],[[0.54339,-0.739173,-0.397932],[0.236456,0.589598,-0.77231],[0.805491,0.325572,0.495164]],[[0.54339,-0.739173,-0.397932],[-0.174053,0.364521,-0.914784],[0.821238,0.566346,0.069422]]],4]],[[0,200,0],[235.247,235.247,147.751]]],[6107,5289355145,[[4,"right",[0.239264,0.949914,-0.201039],[-0.291614,-0.127191,-0.948042],[26.0722,82.7608,68.6988],[223.83,18.1874,16.9411],[23.3087,82.4732,68.5412],1,0,0.687655,[[0.935139,-0.332269,-0.122934],[0.35423,0.882833,0.308426],[0.00604987,-0.331968,0.943271]],58.8525,[23.3315,-48.9029,316.001],[21.8228,33.8816,80.7723]]],[[40,[0.398246,0.453395,-0.797391],4,48.1353,[20.6668,82.9688,9.36277],[21.1216,83.3805,9.66266],[250.585,-12.8837,10.6388],false,[-6.22757,37.1268,78.4434],[-6.22757,37.1268,78.4434],[-4.44534,69.0292,45.2067],[8.09586,83.3071,20.096],[24.6105,82.849,6.15683],[[[0.680188,0.184255,0.709503],[-0.708305,-0.0841008,0.700879],[0.18881,-0.979274,0.0733042]],[[0.525976,0.599319,0.603462],[-0.849621,0.402504,0.340786],[-0.0386562,-0.691959,0.720901]],[[0.525976,0.599319,0.603462],[-0.751498,0.659735,-0.000202141],[-0.398246,-0.453395,0.797391]],[[0.525976,0.599319,0.603462],[-0.373686,0.80023,-0.469032],[-0.764008,0.0211938,0.644858]]],0],[41,[0.143497,0.787334,-0.599594],4,54.3153,[21.5612,171.58,30.5264],[22.849,171.759,30.5638],[217.193,0.82403,-24.1893],false,[8.30252,46.6855,91.7411],[10.7637,111.55,71.6495],[18.1346,145.079,51.7492],[21.338,162.656,38.3638],[23.0764,174.271,27.8246],[[[0.953154,-0.121913,-0.276831],[0.30031,0.271804,0.914296],[-0.0362212,-0.954599,0.295683]],[[0.922796,-0.325354,-0.20638],[0.337555,0.424458,0.840174],[-0.185754,-0.844974,0.501513]],[[0.922796,-0.325354,-0.20638],[0.35757,0.523688,0.773236],[-0.143497,-0.787334,0.599594]],[[0.922796,-0.325354,-0.20638],[0.369206,0.593569,0.715096],[-0.110159,-0.736085,0.667866]]],1],[42,[-0.143488,0.894799,-0.422783],4,61.8879,[18.606,182.647,36.0975],[19.6884,182.669,35.772],[209.095,2.16179,-30.9925],false,[19.5177,46.2606,89.9033],[30.2089,106.095,68.5045],[25.8133,147.71,53.3157],[22.0447,171.212,42.2116],[18.9751,186.101,33.8369],[[[0.874242,-0.2943,-0.386119],[0.45626,0.226256,0.860601],[-0.165913,-0.928545,0.33208]],[[0.888899,-0.071272,-0.452525],[0.447336,0.347956,0.823903],[0.0987378,-0.934798,0.34118]],[[0.888899,-0.071272,-0.452525],[0.435052,0.440743,0.785159],[0.143488,-0.894799,0.422783]],[[0.888899,-0.071272,-0.452525],[0.422588,0.508936,0.749936],[0.176857,-0.857849,0.482511]]],2],[43,[-0.577903,-0.504705,-0.641327],4,59.5069,[11.3138,83.9137,7.50151],[13.4416,84.4806,7.41295],[258.048,-32.7303,12.9763],false,[29.8939,43.8294,86.0076],[47.4776,94.673,64.7251],[35.0135,107.204,27.4348],[20.2274,94.2903,11.0259],[10.9732,80.4318,6.54297],[[[0.803399,-0.443949,-0.396812],[0.512034,0.174936,0.840963],[-0.303927,-0.87881,0.36786]],[[0.814146,-0.410959,-0.410218],[0.495923,0.859598,0.123091],[0.302037,-0.303651,0.903642]],[[0.814146,-0.410959,-0.410218],[0.0565199,0.7592,-0.648399],[0.577903,0.504705,0.641327]],[[0.814146,-0.410959,-0.410218],[-0.222678,0.431485,-0.874205],[0.536266,0.803077,0.25978]]],3],[44,[-0.801703,-0.335067,-0.494978],4,46.6523,[27.6462,78.2045,18.2501],[28.2629,78.7339,17.9989],[253.814,-10.0929,23.9575],false,[37.5288,37.7657,77.191],[61.0393,81.917,58.0562],[52.2391,91.2755,28.0307],[37.7566,85.2226,19.0891],[24.7512,76.1047,18.0058],[[[0.667102,-0.565439,-0.48503],[0.601882,0.0254239,0.79818],[-0.438991,-0.824398,0.357288]],[[0.549935,-0.737935,-0.391183],[0.790545,0.611013,-0.0412569],[0.269463,-0.286559,0.919388]],[[0.549935,-0.737935,-0.391183],[0.234189,0.585818,-0.775869],[0.801703,0.335067,0.494978]],[[0.549935,-0.737935,-0.391183],[-0.173828,0.356985,-0.917794],[0.816918,0.572725,0.0680446]]],4]],[[0,200,0],[235.247,235.247,147.751]]],[6108,5289363746,[[4,"right",[0.237053,0.949497,-0.205574],[-0.285301,-0.134236,-0.948991],[28.1111,82.9677,68.8182],[227.325,19.7381,16.1343],[25.5435,82.7033,68.6701],1,0,0.690378,[[0.936666,-0.33098,-0.114494],[0.350215,0.882771,0.313153],[-0.00257575,-0.333418,0.942776]],58.8525,[23.3223,-48.9956,316.279],[23.9646,34.1504,81.1746]]],[[40,[0.402681,0.44752,-0.798482],4,48.1353,[22.9981,82.6538,9.43554],[23.4604,83.0905,9.7306],[255.94,-19.3081,10.1993],false,[-4.08242,37.278,78.6529],[-4.08242,37.278,78.6529],[-2.34847,68.9611,45.2045],[10.3324,83.054,20.0595],[26.968,82.509,6.26799],[[[0.675128,0.191218,0.712487],[-0.712303,-0.0822739,0.697034],[0.191904,-0.978093,0.0806594]],[[0.518877,0.607034,0.601894],[-0.854021,0.399078,0.333743],[-0.0376091,-0.687202,0.725492]],[[0.518877,0.607034,0.601894],[-0.754065,0.656686,-0.0122335],[-0.402681,-0.44752,0.798482]],[[0.518877,0.607034,0.601894],[-0.37213,0.794276,-0.480255],[-0.769601,0.0252105,0.638027]]],0],[41,[0.144331,0.784052,-0.603681],4,54.3153,[23.4422,171.561,30.0725],[24.7996,171.71,30.1001],[219.822,-0.952558,-32.0139],false,[10.3307,46.9735,91.9788],[12.6805,111.719,71.4926],[20.0521,145.148,51.4258],[23.2742,162.652,37.9492],[25.0353,174.207,27.3474],[[[0.955278,-0.120163,-0.270194],[0.29368,0.278664,0.914384],[-0.0345818,-0.952842,0.301491]],[[0.925224,-0.323265,-0.198645],[0.330829,0.43099,0.839524],[-0.185775,-0.842465,0.505708]],[[0.925224,-0.323265,-0.198645],[0.350897,0.52987,0.772081],[-0.144331,-0.784052,0.603681]],[[0.925224,-0.323265,-0.198645],[0.362637,0.599425,0.713571],[-0.1116,-0.732249,0.671831]]],1],[42,[-0.144148,0.89157,-0.42933],4,61.8879,[20.3811,182.648,35.5644],[21.5669,182.641,35.2202],[211.53,0.735249,-39.7731],false,[21.5584,46.5782,90.2126],[32.1643,106.315,68.5017],[27.7104,147.817,53.0223],[23.9245,171.234,41.7463],[20.8521,186.058,33.2585],[[[0.877667,-0.293524,-0.378872],[0.450123,0.23335,0.861938],[-0.164589,-0.927034,0.336926]],[[0.891924,-0.0708524,-0.4466],[0.440979,0.354809,0.824408],[0.100047,-0.93225,0.347707]],[[0.891924,-0.0708524,-0.4466],[0.428594,0.447306,0.784999],[0.144148,-0.89157,0.42933]],[[0.891924,-0.0708524,-0.4466],[0.416098,0.51523,0.749267],[0.177014,-0.854118,0.489027]]],2],[43,[-0.572458,-0.513299,-0.639388],4,59.5069,[13.836,83.4908,7.61593],[15.7996,84.0873,7.50852],[262.496,-36.4205,13.1056],false,[31.9672,44.1605,86.3963],[49.4973,94.9329,64.9007],[37.1736,107.085,27.4388],[22.5268,93.9515,11.0796],[13.3568,80.0113,6.67736],[[[0.807434,-0.443495,-0.389052],[0.506202,0.182112,0.842968],[-0.303001,-0.87758,0.371542]],[[0.818004,-0.411012,-0.402417],[0.491617,0.862761,0.118134],[0.298635,-0.294469,0.907802]],[[0.818004,-0.411012,-0.402417],[0.0562361,0.753388,-0.655167],[0.572458,0.513299,0.639388]],[[0.818004,-0.411012,-0.402417],[-0.220226,0.422511,-0.879196],[0.531386,0.807808,0.2551]]],3],[44,[-0.798443,-0.343583,-0.494408],4,46.6523,[29.8989,77.969,18.5096],[30.5267,78.5082,18.2437],[256.019,-14.8955,25.7961],false,[39.6782,38.0693,77.6653],[63.146,82.1849,58.3962],[54.3973,91.2424,28.2635],[39.9737,85.0357,19.3322],[27.0173,75.8448,18.2786],[[[0.672126,-0.566038,-0.477334],[0.596853,0.0326633,0.801685],[-0.438193,-0.823732,0.359795]],[[0.554965,-0.738416,-0.383085],[0.78756,0.614673,-0.0438972],[0.267887,-0.277341,0.922669]],[[0.554965,-0.738416,-0.383085],[0.233457,0.580251,-0.78026],[0.798443,0.343583,0.494408]],[[0.554965,-0.738416,-0.383085],[-0.17229,0.348498,-0.921339],[0.813836,0.577313,0.0661823]]],4]],[[0,200,0],[235.247,235.247,147.751]]],[6109,5289372422,[[4,"right",[0.233505,0.949738,-0.208503],[-0.280577,-0.139498,-0.94964],[30.237,83.1941,68.9342],[232.037,21.4292,15.3992],[27.8428,82.9437,68.7995],1,0,0.696225,[[0.938295,-0.329415,-0.105304],[0.345637,0.882865,0.317939],[-0.0117642,-0.334717,0.942245]],58.8525,[23.3314,-49.0606,316.448],[26.2651,34.4094,81.4756]]],[[40,[0.406167,0.442893,-0.799296],4,48.1353,[25.3041,82.4427,9.55216],[25.7619,82.9224,9.82943],[257.966,-20.3977,11.1172],false,[-1.78514,37.3952,78.8207],[-1.78514,37.3952,78.8207],[-0.255255,68.9538,45.2448],[12.5354,82.901,20.0741],[29.2795,82.2911,6.4174],[[[0.67115,0.197325,0.714577],[-0.71491,-0.0827228,0.694306],[0.196116,-0.976842,0.0855501]],[[0.512152,0.614072,0.600513],[-0.858254,0.392905,0.330191],[-0.033183,-0.684501,0.728257]],[[0.512152,0.614072,0.600513],[-0.756789,0.653269,-0.0225872],[-0.406167,-0.442893,0.799296]],[[0.512152,0.614072,0.600513],[-0.371022,0.788745,-0.490126],[-0.774624,0.0282148,0.631792]]],0],[41,[0.143269,0.782208,-0.60632],4,54.3153,[25.3543,171.582,29.7274],[26.6777,171.758,29.8319],[219.01,0.724813,-31.6918],false,[12.525,47.2132,92.1678],[14.661,111.883,71.4227],[21.9629,145.264,51.2486],[25.1613,162.726,37.7131],[26.914,174.245,27.0709],[[[0.956984,-0.116805,-0.265589],[0.288432,0.283819,0.914469],[-0.0314356,-0.951737,0.305301]],[[0.92757,-0.319747,-0.193326],[0.325193,0.436013,0.839132],[-0.184018,-0.841222,0.508413]],[[0.92757,-0.319747,-0.193326],[0.34509,0.534707,0.771363],[-0.143269,-0.782208,0.60632]],[[0.92757,-0.319747,-0.193326],[0.356757,0.604074,0.712614],[-0.111073,-0.72997,0.674394]]],1],[42,[-0.146479,0.889087,-0.433668],4,61.8879,[22.1914,182.681,35.1507],[23.3714,182.695,34.8932],[210.564,2.18581,-39.237],false,[23.762,46.8632,90.4515],[34.1825,106.558,68.538],[29.6007,147.975,52.8664],[25.7536,171.326,41.4764],[22.6483,186.1,32.9136],[[[0.880652,-0.290976,-0.373877],[0.445309,0.239022,0.862884],[-0.161714,-0.926392,0.340069]],[[0.894161,-0.0685088,-0.442473],[0.435756,0.360307,0.824801],[0.10292,-0.930315,0.352025]],[[0.894161,-0.0685088,-0.442473],[0.423107,0.452582,0.784952],[0.146479,-0.889087,0.433667]],[[0.894161,-0.0685088,-0.442473],[0.410446,0.520298,0.748882],[0.178913,-0.851233,0.493349]]],2],[43,[-0.567592,-0.520606,-0.637816],4,59.5069,[16.3776,83.1695,7.74462],[18.1406,83.8607,7.62133],[264.691,-33.776,13.5297],false,[34.1982,44.4785,86.69],[51.5838,95.243,65.0589],[39.3298,107.101,27.4801],[24.8074,93.7807,11.161],[15.7262,79.7639,6.81865],[[[0.811165,-0.441316,-0.383735],[0.501707,0.187969,0.844368],[-0.300503,-0.877444,0.373885]],[[0.821515,-0.409248,-0.397024],[0.486759,0.865995,0.114535],[0.296948,-0.287347,0.910634]],[[0.821515,-0.409248,-0.397024],[0.0543322,0.749323,-0.659972],[0.567592,0.520606,0.637816]],[[0.821515,-0.409248,-0.397024],[-0.219502,0.415652,-0.882639],[0.526243,0.812249,0.251634]]],3],[44,[-0.795636,-0.351972,-0.493032],4,46.6523,[32.1473,77.8419,18.7608],[32.7785,78.4047,18.4761],[256.656,-14.674,26.6058],false,[41.9752,38.3874,78.0176],[65.3197,82.5323,58.666],[56.5435,91.3374,28.4667],[42.1706,84.9792,19.5602],[29.2727,75.7032,18.5354],[[[0.676811,-0.564855,-0.472087],[0.593233,0.0387764,0.804097],[-0.435892,-0.824279,0.361335]],[[0.560204,-0.73721,-0.377747],[0.783554,0.619539,-0.0470699],[0.268729,-0.269616,0.924712]],[[0.560204,-0.73721,-0.377747],[0.230512,0.576747,-0.783727],[0.795636,0.351972,0.493032]],[[0.560204,-0.73721,-0.377747],[-0.172642,0.342098,-0.923669],[0.810164,0.582658,0.0643709]]],4]],[[0,200,0],[235.247,235.247,147.751]]],[6110,5289381157,[[4,"right",[0.232251,0.949173,-0.21244],[-0.277106,-0.144791,-0.949867],[32.2748,83.5864,68.8768],[232.372,27.7163,9.51778],[30.1195,83.2739,68.8392],1,0,0.624543,[[0.938854,-0.330106,-0.097898],[0.343727,0.881931,0.322566],[-0.0201418,-0.336493,0.941471]],58.8525,[23.3382,-49.0564,316.426],[28.361,34.8565,81.6472]]],[[40,[0.409727,0.437372,-0.800519],4,48.1353,[27.4897,82.4077,9.52887],[27.9344,82.9148,9.77296],[255.235,-15.7138,7.20137],false,[0.313818,37.771,78.8838],[0.313818,37.771,78.8838],[1.73084,69.1844,45.1672],[14.6336,82.9577,19.958],[31.4634,82.2412,6.41226],[[[0.668345,0.202259,0.715826],[-0.717061,-0.0807551,0.692316],[0.197834,-0.975997,0.0910601]],[[0.508061,0.619436,0.598475],[-0.860772,0.389944,0.327131],[-0.0307351,-0.681353,0.731309]],[[0.508061,0.619436,0.598475],[-0.757626,0.651924,-0.0315876],[-0.409727,-0.437372,0.800519]],[[0.508061,0.619436,0.598475],[-0.368335,0.784347,-0.499128],[-0.77859,0.0331483,0.626657]]],0],[41,[0.143689,0.779478,-0.609727],4,54.3153,[27.3393,171.709,29.2742],[28.6638,171.947,29.3216],[221.309,6.27114,-38.8123],false,[14.5589,47.6847,92.2297],[16.6316,112.255,71.1706],[23.9324,145.55,50.8551],[27.1401,162.951,37.2435],[28.9048,174.421,26.5499],[[[0.958107,-0.116141,-0.261806],[0.284782,0.288952,0.914006],[-0.0305037,-0.950273,0.309922]],[[0.928868,-0.318782,-0.188633],[0.321484,0.440853,0.838031],[-0.183989,-0.839063,0.511978]],[[0.928868,-0.318782,-0.188633],[0.341405,0.539252,0.769838],[-0.143689,-0.779478,0.609727]],[[0.928868,-0.318782,-0.188633],[0.353127,0.608351,0.710782],[-0.111829,-0.726834,0.677648]]],1],[42,[-0.146875,0.886606,-0.438587],4,61.8879,[24.0965,182.82,34.6351],[25.3176,182.903,34.3178],[213.819,7.93429,-46.3819],false,[25.8023,47.3495,90.5527],[36.1736,106.957,68.3776],[31.5582,148.285,52.4843],[27.7006,171.57,40.9652],[24.5933,186.295,32.3184],[[[0.882496,-0.291004,-0.369481],[0.441922,0.244224,0.863168],[-0.160949,-0.925025,0.344128]],[[0.895777,-0.0688394,-0.43914],[0.432244,0.365324,0.824442],[0.103674,-0.928332,0.357004]],[[0.895777,-0.0688394,-0.43914],[0.419536,0.457375,0.78409],[0.146875,-0.886606,0.438587]],[[0.895777,-0.0688394,-0.43914],[0.406855,0.524885,0.74764],[0.179031,-0.848385,0.498188]]],2],[43,[-0.564894,-0.528353,-0.633828],4,59.5069,[18.7867,82.9284,7.80697],[20.3177,83.7047,7.61326],[260.593,-30.2553,10.5452],false,[36.256,44.9677,86.838],[53.6096,95.6601,65.0129],[41.3994,107.171,27.3123],[26.9461,93.6526,11.0952],[17.9164,79.5682,6.86531],[[[0.813351,-0.441535,-0.378824],[0.498487,0.193197,0.845095],[-0.299951,-0.876198,0.377236]],[[0.823464,-0.410224,-0.391947],[0.484105,0.86828,0.108315],[0.295887,-0.278937,0.913589]],[[0.823464,-0.410224,-0.391947],[0.0529245,0.743343,-0.666813],[0.564894,0.528353,0.633828]],[[0.823464,-0.410224,-0.391947],[-0.21934,0.406933,-0.886733],[0.523255,0.816163,0.245116]]],3],[44,[-0.794457,-0.359186,-0.489717],4,46.6523,[34.2415,77.8133,18.8784],[34.8719,78.4013,18.5614],[251.746,-11.4941,22.91],false,[44.0745,38.8498,78.222],[67.393,82.9463,58.7293],[58.5764,91.4871,28.4659],[44.2247,84.9985,19.6193],[31.3626,75.6657,18.6629],[[[0.679548,-0.565789,-0.467009],[0.590453,0.0439961,0.805872],[-0.435407,-0.823375,0.363969]],[[0.563052,-0.737831,-0.37226],[0.781083,0.622263,-0.0519397],[0.269967,-0.261521,0.926674]],[[0.563052,-0.737831,-0.37226],[0.227618,0.571481,-0.788416],[0.794457,0.359186,0.489717]],[[0.563052,-0.737831,-0.37226],[-0.173907,0.334578,-0.926182],[0.807916,0.586227,0.0600703]]],4]],[[0,200,0],[235.247,235.247,147.751]]],[6111,5289389756,[[4,"right",[0.225864,0.948947,-0.220194],[-0.272735,-0.155397,-0.949456],[34.166,83.8744,68.7643],[229.088,29.2425,3.54674],[32.2531,83.5905,68.7997],1,0,0.62502,[[0.94091,-0.326897,-0.0884753],[0.337411,0.882494,0.327656],[-0.0290309,-0.338147,0.940645]],58.8525,[23.3339,-49.0924,316.533],[30.5735,35.2331,81.9598]]],[[40,[0.411743,0.430277,-0.803324],4,48.1353,[29.567,82.02,9.4