{"metadata":{"formatVersion":2,"generatedBy":"LeapJS Playback 0.2.1","frames":81,"frameRate":"78","modified":"Sun Apr 12 2015 22:31:06 GMT-0300 (E. South America Standard Time)","title":"salto alto"},"frames":[["id","timestamp",{"hands":[["id","type","direction","palmNormal","palmPosition","palmVelocity","stabilizedPalmPosition","pinchStrength","grabStrength","confidence","armBasis","armWidth","elbow","wrist"]]},{"pointables":[["id","direction","handId","length","stabilizedTipPosition","tipPosition","tipVelocity","tool","carpPosition","mcpPosition","pipPosition","dipPosition","btipPosition","bases","type"]]},{"interactionBox":["center","size"]}],[180290,7425663953,[[182,"right",[-0.0305945,-0.20954,-0.977321],[-0.824805,-0.547009,0.1431],[33.9064,213.084,13.1699],[94.9651,-15.1809,-141.511],[32.0232,213.688,16.1023],0,0,0.34075,[[0.486023,-0.855729,-0.17751],[0.814805,0.517136,-0.262037],[0.316029,-0.0172801,0.948592]],58.3378,[120.742,215.679,296.497],[42.6213,219.951,62.0109]],[183,"left",[0.149279,-0.455287,-0.877741],[0.960132,-0.145442,0.238733],[-95.3775,110.036,-19.7977],[-24.0385,-33.3881,53.0074],[-95.1369,110.126,-20.3257],0,0.166207,0.309144,[[0.0862217,-0.972466,0.216506],[-0.558303,-0.22715,-0.797935],[-0.825145,0.0520768,0.562516]],50.3384,[-282.448,135.773,139.317],[-106.446,124.665,19.3333]]],[[1820,[0.0766307,0.806539,-0.586194],182,47.7143,[25.2903,309.364,8.90536],[26.0874,308.84,6.88085],[122.446,-15.3916,-149.63],false,[19.8259,236.352,62.4136],[19.8259,236.352,62.4136],[24.5901,268.079,29.8667],[26.9822,293.256,11.5683],[27.4481,313.562,4.74475],[[[0.958947,0.122237,-0.255888],[-0.073573,0.978674,0.191794],[0.273875,-0.165093,0.94749]],[[0.982691,0.0383572,0.181238],[-0.153137,0.718734,0.678211],[-0.104248,-0.694226,0.712167]],[[0.982691,0.0383572,0.181238],[-0.168661,0.589936,0.789639],[-0.0766307,-0.806539,0.586194]],[[0.982691,0.0383572,0.181238],[-0.183973,0.316888,0.930449],[-0.0217428,-0.947687,0.318459]]],0],[1821,[0.0627388,0.107347,0.99224],182,53.8402,[-5.14201,214.349,30.2025],[-2.18916,213.783,24.2089],[83.6426,-9.5497,-166.907],false,[38.4606,238.107,51.43],[21.8962,227.947,-13.0613],[-10.2411,206.23,-6.52517],[-8.8528,208.606,15.4319],[-0.357237,215.193,26.7952],[[[0.551437,-0.834154,-0.0102156],[0.797144,0.530501,-0.288323],[0.245925,0.150848,0.957479]],[[0.566498,-0.822348,0.0531478],[-0.107308,-0.137561,-0.984663],[0.817047,0.552106,-0.166173]],[[0.566498,-0.822348,0.0531478],[-0.821672,-0.558767,0.112405],[-0.0627388,-0.107347,-0.99224]],[[0.566498,-0.822348,0.0531478],[-0.619768,-0.382662,0.685169],[-0.54311,-0.421086,-0.726442]]],1],[1822,[0.0213102,0.173208,0.984655],182,61.3466,[0.544401,204.907,37.4716],[3.42452,204.359,31.354],[75.0497,-11.4577,-165.715],false,[45.7199,229.55,50.3504],[34.9083,212.665,-10.2962],[-4.79394,194.44,-4.05378],[-4.23914,198.95,21.5812],[5.39995,205.701,34.1315],[[[0.435565,-0.884239,0.16854],[0.884101,0.385023,-0.264808],[0.169262,0.264347,0.949458]],[[0.431659,-0.889944,0.147206],[-0.0650957,-0.1935,-0.978938],[0.899685,0.412985,-0.141458]],[[0.431659,-0.889944,0.147206],[-0.901785,-0.421898,0.0937318],[-0.0213102,-0.173208,-0.984655]],[[0.431659,-0.889944,0.147206],[-0.706951,-0.232409,0.667987],[-0.560259,-0.39241,-0.729469]]],2],[1823,[-0.0782617,0.359653,0.929798],182,58.9864,[10.9637,199.122,41.4184],[13.2727,198.228,35.8891],[72.0249,-14.2525,-158.465],false,[51.1964,219.772,51.3053],[46.3857,197.686,-1.40093],[8.77238,182.252,3.10714],[6.78749,191.374,26.6888],[15.1942,200.322,38.5997],[[[0.387831,-0.862192,0.325903],[0.917906,0.329095,-0.221688],[0.0838847,0.385126,0.919044]],[[0.390731,-0.846974,0.360504],[0.0426718,-0.37455,-0.926224],[0.919515,0.377288,-0.110207]],[[0.390731,-0.846974,0.360504],[-0.917172,-0.391515,0.074242],[0.0782617,-0.359653,-0.929798]],[[0.390731,-0.846974,0.360504],[-0.778335,-0.0949003,0.620636],[-0.491451,-0.523095,-0.69631]]],3],[1824,[-0.226559,-0.729655,-0.645194],182,46.2443,[42.6421,138.522,-29.3079],[44.1603,137.988,-31.7079],[124.923,-9.57491,-153.544],false,[51.7605,207.66,56.0761],[53.3392,182.75,9.22264],[53.8418,159.735,-13.5382],[49.7849,146.669,-25.0915],[43.3783,135.422,-34.1186],[[[0.237901,-0.854267,0.462201],[0.970834,0.22371,-0.0862275],[-0.0297376,0.469234,0.882573]],[[0.219353,-0.683624,0.696091],[0.975522,0.165032,-0.145332],[-0.0155248,0.710931,0.703091]],[[0.219353,-0.683624,0.696091],[0.948976,-0.0161805,-0.314934],[0.226559,0.729655,0.645194]],[[0.219353,-0.683624,0.696091],[0.887171,-0.157115,-0.433868],[0.405969,0.712722,0.572028]]],4],[1830,[0.139698,0.633706,-0.760855],183,41.1716,[-80.0577,192.315,-48.8604],[-79.7977,192.535,-47.5476],[-21.4343,-21.0894,53.5395],false,[-93.3345,144.437,14.3871],[-93.3345,144.437,14.3871],[-84.8352,164.794,-18.3],[-81.0723,181.863,-38.7939],[-80.089,195.624,-51.1021],[[[-0.924746,-0.312214,-0.217639],[-0.297428,0.949645,-0.0985442],[-0.237447,0.0263965,0.971042]],[[-0.854681,-0.310834,-0.415815],[-0.472299,0.798062,0.374206],[-0.21553,-0.516216,0.828896]],[[-0.854681,-0.310834,-0.415815],[-0.500004,0.708377,0.498194],[-0.139698,-0.633706,0.760855]],[[-0.854681,-0.310834,-0.415815],[-0.516421,0.591087,0.619617],[-0.0531849,-0.744311,0.665712]]],0],[1831,[-0.148696,0.246673,0.957623],183,46.4576,[-66.5787,122.154,-13.1211],[-66.4273,121.615,-12.3146],[-21.2573,-38.4344,50.4596],false,[-108.41,137.238,5.92653],[-89.3928,118.664,-45.7576],[-56.8444,114.082,-37.3002],[-59.6837,118.792,-19.0149],[-69.1488,122.676,-10.2113],[[[-0.207933,-0.942359,0.262152],[-0.921793,0.0991321,-0.374794],[-0.327203,0.319582,0.889272]],[[-0.191144,-0.957296,0.216909],[0.209256,-0.255645,-0.943853],[-0.958997,0.135022,-0.249185]],[[-0.191144,-0.957296,0.216909],[0.970234,-0.15079,0.189496],[0.148696,-0.246673,-0.957623]],[[-0.191144,-0.957296,0.216909],[0.686816,0.0274345,0.726313],[0.701247,-0.287806,-0.652242]]],1],[1832,[-0.121126,0.420773,0.899043],183,52.9347,[-68.0392,117.487,-4.94603],[-67.9001,117.111,-4.04981],[-19.0512,-38.8347,49.092],false,[-111.498,128.155,7.5313],[-95.1303,103.59,-39.014],[-57.7904,103.666,-31.5535],[-60.5115,113.118,-11.3568],[-70.7409,118.323,-1.94103],[[[-0.0900174,-0.893518,0.439912],[-0.950636,-0.0546197,-0.305464],[-0.296965,0.445694,0.844493]],[[-0.0807817,-0.906886,0.41356],[0.178512,-0.421371,-0.889146],[-0.980616,-0.00199861,-0.195929]],[[-0.0807817,-0.906886,0.41356],[0.989345,-0.0225335,0.143838],[0.121126,-0.420773,-0.899043]],[[-0.0807817,-0.906886,0.41356],[0.720191,0.233731,0.653219],[0.689057,-0.35061,-0.63425]]],2],[1833,[-0.0518399,0.573234,0.81775],183,50.8981,[-73.1302,109.848,1.26971],[-73.1883,109.481,2.19045],[-14.828,-40.6179,45.6452],false,[-112.851,119.198,11.0152],[-99.9718,90.7445,-27.3686],[-64.9895,91.5264,-22.7337],[-66.124,104.071,-4.83768],[-75.5755,110.989,4.14455],[[[-0.0608164,-0.811514,0.581159],[-0.96362,-0.104082,-0.246177],[-0.260265,0.574988,0.775662]],[[-0.0572943,-0.819209,0.570625],[0.120215,-0.573067,-0.810644],[-0.991093,-0.0221526,-0.131315]],[[-0.0572943,-0.819209,0.570625],[0.997011,-0.0172712,0.0753108],[0.0518399,-0.573234,-0.81775]],[[-0.0572943,-0.819209,0.570625],[0.765957,0.330525,0.551419],[0.640334,-0.468668,-0.608542]]],3],[1834,[0.756532,-0.57695,-0.307877],183,39.9032,[-62.7687,46.7882,-32.6022],[-62.3806,47.6111,-32.1256],[-40.7394,-43.5128,57.1841],false,[-109.677,110.934,17.947],[-101.264,79.7736,-14.5585],[-83.3298,60.8524,-24.5896],[-71.6403,51.9377,-29.3467],[-60.4393,45.1153,-33.009],[[[0.0695291,-0.711084,0.699661],[-0.980531,-0.177825,-0.0832876],[-0.183642,0.680248,0.709604]],[[0.00847896,-0.462097,0.886789],[-0.76662,-0.572403,-0.290944],[-0.642045,0.677363,0.359106]],[[0.00847896,-0.462097,0.886789],[-0.653902,-0.673494,-0.344699],[-0.756532,0.57695,0.307877]],[[0.00847896,-0.462097,0.886789],[-0.568585,-0.731736,-0.375864],[-0.822581,0.501028,0.268946]]],4]],[[0,200,0],[235.247,235.247,147.751]]],[180291,7425672675,[[182,"right",[-0.0291976,-0.215839,-0.975992],[-0.822912,-0.549077,0.146046],[34.4035,211.623,11.3773],[84.8152,-55.9045,-158.625],[32.3917,213.368,15.3709],0,0,0.357168,[[0.48813,-0.853138,-0.184078],[0.814303,0.521082,-0.255703],[0.31407,-0.0250789,0.949069]],58.3378,[120.698,212.631,294.783],[43.0617,218.831,60.1793]],[183,"left",[0.149444,-0.457689,-0.876463],[0.959302,-0.14768,0.240686],[-95.5953,110.116,-19.4692],[-24.2885,-21.9929,48.9068],[-95.2662,110.123,-20.0841],0,0.166549,0.286047,[[0.0871543,-0.972452,0.216199],[-0.557326,-0.22748,-0.798524],[-0.825707,0.0508982,0.561798]],50.3384,[-282.809,135.722,139.441],[-106.687,124.865,19.6101]]],[[1820,[0.073193,0.801207,-0.593895],182,47.7143,[25.7278,308.937,7.82651],[26.2672,307.272,4.3144],[91.3804,-59.8605,-189.33],false,[20.2067,235.151,60.4637],[20.2067,235.151,60.4637],[24.7899,266.749,27.7649],[27.0747,291.759,9.2261],[27.4912,311.95,2.06746],[[[0.958665,0.124089,-0.256054],[-0.0772417,0.979596,0.185539],[0.273853,-0.158092,0.94869]],[[0.982755,0.0434488,0.179733],[-0.155352,0.721176,0.675108],[-0.100286,-0.691388,0.71549]],[[0.982755,0.0434488,0.179733],[-0.169807,0.596808,0.78421],[-0.073193,-0.801207,0.593895]],[[0.982755,0.0434488,0.179733],[-0.183885,0.331831,0.925243],[-0.0194401,-0.942338,0.334098]]],0],[1821,[0.0609679,0.11308,0.991714],182,53.8402,[-4.91666,214.197,29.6665],[-1.72118,212.242,22.3938],[75.4314,-54.4473,-177.76],false,[38.8421,236.904,49.4809],[22.3567,226.275,-14.9552],[-9.7072,204.485,-8.30682],[-8.35805,206.987,13.6386],[0.0945331,213.666,24.9805],[[[0.55446,-0.832198,-0.00457987],[0.795406,0.53155,-0.291178],[0.244752,0.157804,0.956658]],[[0.569388,-0.819985,0.0584938],[-0.106193,-0.143924,-0.983874],[0.815181,0.553995,-0.169025]],[[0.569388,-0.819985,0.0584938],[-0.819805,-0.561104,0.114379],[-0.0609679,-0.11308,-0.991714]],[[0.569388,-0.819985,0.0584938],[-0.61952,-0.381239,0.686187],[-0.540363,-0.426945,-0.72507]]],1],[1822,[0.0189382,0.178997,0.983667],182,61.3466,[0.733734,204.771,36.9852],[3.90838,202.882,29.5812],[69.5942,-53.8012,-175.831],false,[46.1331,228.367,48.4601],[35.4223,211.059,-12.085],[-4.21989,192.724,-5.78494],[-3.72684,197.384,19.8243],[5.86589,204.245,32.3505],[[[0.438654,-0.881568,0.174417],[0.882873,0.38654,-0.266687],[0.167684,0.270971,0.94787]],[[0.434782,-0.887424,0.153113],[-0.0630756,-0.199617,-0.977842],[0.898324,0.415491,-0.142765]],[[0.434782,-0.887424,0.153113],[-0.900336,-0.424782,0.0946311],[-0.0189382,-0.178997,-0.983667]],[[0.434782,-0.887424,0.153113],[-0.707167,-0.231182,0.668184],[-0.557565,-0.398791,-0.728071]]],2],[1823,[-0.0796209,0.365447,0.927421],182,58.9864,[11.1571,198.97,40.9268],[13.816,196.851,34.201],[69.5587,-52.4432,-167.34],false,[51.6444,218.615,49.4804],[46.9481,196.178,-3.08775],[9.3859,180.654,1.53496],[7.36655,189.923,25.0563],[15.7326,198.976,36.9163],[[[0.390737,-0.858697,0.331607],[0.916852,0.331009,-0.223192],[0.0818897,0.391244,0.916636]],[[0.393558,-0.843268,0.366075],[0.0436282,-0.380629,-0.923698],[0.918264,0.3795,-0.113009]],[[0.393558,-0.843268,0.366075],[-0.915845,-0.394141,0.0766827],[0.0796209,-0.365447,-0.927421]],[[0.393558,-0.843268,0.366075],[-0.778408,-0.0938296,0.620707],[-0.489074,-0.52924,-0.693334]]],3],[1824,[-0.219914,-0.733854,-0.642725],182,46.2443,[43.3354,138.049,-30.2121],[45.1169,136.315,-33.1074],[121.402,-57.8632,-155.957],false,[52.2492,206.536,54.3283],[53.9487,181.335,7.63468],[54.6056,158.215,-15.0152],[50.6676,145.074,-26.5243],[44.3805,133.744,-35.532],[[[0.240691,-0.850453,0.467758],[0.970074,0.226677,-0.0870327],[-0.0320127,0.474707,0.879561]],[[0.221489,-0.679209,0.699727],[0.974952,0.169166,-0.144401],[-0.0202912,0.714183,0.699665]],[[0.221489,-0.679209,0.699727],[0.950042,-0.0115236,-0.311908],[0.219914,0.733854,0.642725]],[[0.221489,-0.679209,0.699727],[0.890068,-0.152345,-0.429616],[0.398399,0.717959,0.5708]]],4],[1830,[0.138446,0.636378,-0.758852],183,41.1716,[-80.172,192.415,-48.6343],[-79.9634,192.689,-47.3337],[-22.2707,-7.19353,49.7825],false,[-93.5105,144.588,14.6419],[-93.5105,144.588,14.6419],[-85.0152,164.975,-18.0276],[-81.2861,182.116,-38.4675],[-80.3034,195.898,-50.7523],[[[-0.925277,-0.310028,-0.218506],[-0.294511,0.950277,-0.101178],[-0.23901,0.0292655,0.970576]],[[-0.855389,-0.30934,-0.415473],[-0.471062,0.79815,0.375576],[-0.215429,-0.516978,0.828447]],[[-0.855389,-0.30934,-0.415473],[-0.499141,0.706634,0.501524],[-0.138446,-0.636378,0.758852]],[[-0.855389,-0.30934,-0.415473],[-0.515252,0.590442,0.621203],[-0.05315,-0.745444,0.664446]]],0],[1831,[-0.151671,0.250234,0.956232],183,46.4576,[-66.6957,122.098,-12.8907],[-66.6896,121.662,-11.9262],[-23.605,-26.3866,49.3907],false,[-108.592,137.414,6.17186],[-89.5419,118.669,-45.4381],[-57.0389,114.03,-36.8382],[-59.935,118.808,-18.5795],[-69.414,122.747,-9.81507],[[[-0.211102,-0.941162,0.263912],[-0.920868,0.100953,-0.376579],[-0.327779,0.322525,0.887997]],[[-0.194507,-0.956064,0.219338],[0.21227,-0.259337,-0.942171],[-0.957658,0.1367,-0.253386]],[[-0.194507,-0.956064,0.219338],[0.969104,-0.152727,0.193679],[0.151671,-0.250234,-0.956232]],[[-0.194507,-0.956064,0.219338],[0.684816,0.0277363,0.728188],[0.702278,-0.291844,-0.649333]]],1],[1832,[-0.121193,0.423161,0.897913],183,52.9347,[-68.1419,117.428,-4.72825],[-68.1257,117.148,-3.69114],[-20.5783,-27.2856,46.9628],false,[-111.709,128.343,7.79176],[-95.3344,103.626,-38.6705],[-58.0066,103.61,-31.1489],[-60.7291,113.116,-10.9777],[-70.9564,118.373,-1.58841],[[[-0.0933459,-0.892263,0.441762],[-0.950272,-0.0525585,-0.306953],[-0.297101,0.448447,0.842986]],[[-0.0841129,-0.905705,0.41548],[0.178728,-0.423909,-0.887895],[-0.980296,0.000425369,-0.197531]],[[-0.0841129,-0.905705,0.41548],[0.989059,-0.0251728,0.145358],[0.121193,-0.423161,-0.897913]],[[-0.0841129,-0.905705,0.41548],[0.719953,0.233029,0.653732],[0.688907,-0.354114,-0.632464]]],2],[1833,[-0.0488994,0.575213,0.816541],183,50.8981,[-73.2109,109.77,1.47259],[-73.4041,109.514,2.51478],[-16.1623,-29.1334,42.8737],false,[-113.094,119.398,11.2934],[-100.233,90.8215,-27.0046],[-65.2453,91.4601,-22.3855],[-66.3155,104.048,-4.51594],[-75.7428,111.022,4.44806],[[[-0.0641464,-0.810027,0.582874],[-0.9635,-0.10185,-0.247577],[-0.25991,0.57748,0.773927]],[[-0.060645,-0.81772,0.572412],[0.117368,-0.575332,-0.809456],[-0.991235,-0.0180936,-0.130865]],[[-0.060645,-0.81772,0.572412],[0.996961,-0.0215285,0.0748698],[0.0488994,-0.575213,-0.816541]],[[-0.060645,-0.81772,0.572412],[0.767066,0.328767,0.550929],[0.638696,-0.472489,-0.607307]]],3],[1834,[0.756068,-0.579532,-0.304144],183,39.9032,[-63.017,46.7302,-32.1821],[-62.7664,47.5382,-31.5668],[-40.7479,-33.0129,59.7867],false,[-109.956,111.141,18.2491],[-101.579,79.8831,-14.1721],[-83.6773,60.8782,-24.104],[-71.9951,51.9236,-28.8034],[-60.7951,45.0715,-32.4133],[[[0.0662888,-0.709708,0.701371],[-0.9809,-0.175177,-0.0845513],[-0.182871,0.68237,0.707764]],[[0.00542305,-0.459138,0.888348],[-0.767647,-0.571226,-0.290549],[-0.64085,0.680362,0.355554]],[[0.00542305,-0.459138,0.888348],[-0.65447,-0.673301,-0.343997],[-0.756068,0.579532,0.304144]],[[0.00542305,-0.459138,0.888348],[-0.568742,-0.732102,-0.374911],[-0.822498,0.503208,0.265101]]],4]],[[0,200,0],[235.247,235.247,147.751]]],[180292,7425690157,[[182,"right",[-0.0217423,-0.217475,-0.975824],[-0.824726,-0.547811,0.140463],[35.8328,208.763,7.77467],[83.3971,-105.87,-180.642],[33.1353,212.373,13.7293],0,0,0.381814,[[0.489085,-0.853911,-0.177854],[0.817055,0.519893,-0.249263],[0.305313,-0.0234059,0.951964]],58.3378,[119.585,210.258,291.951],[44.1135,216.044,56.6313]],[183,"left",[0.104357,-0.457273,-0.883182],[0.97227,-0.139965,0.187351],[-95.6448,110.013,-15.6789],[-14.3325,-14.5345,126.807],[-95.3715,110.093,-18.8584],0,0.166625,0.181691,[[0.110252,-0.960843,0.254216],[-0.516929,-0.273894,-0.811028],[-0.848898,0.041994,0.526885]],50.3384,[-285.744,133.666,136.331],[-104.675,124.709,23.9473]]],[[1820,[0.0824524,0.774098,-0.627673],182,47.7143,[26.6593,307.318,5.01064],[28.2923,303.28,-1.38178],[96.6974,-148.642,-270.363],false,[21.2774,232.393,56.7069],[21.2774,232.393,56.7069],[26.0069,263.76,23.8078],[28.5807,287.924,4.21453],[29.3763,307.392,-4.69952],[[[0.960815,0.122467,-0.248668],[-0.0774859,0.980007,0.183252],[0.266139,-0.156803,0.951096]],[[0.982211,0.0435016,0.182675],[-0.156694,0.725973,0.669634],[-0.103487,-0.686346,0.719875]],[[0.982211,0.0435016,0.182675],[-0.168713,0.631569,0.75674],[-0.0824524,-0.774098,0.627673]],[[0.982211,0.0435016,0.182675],[-0.184075,0.415406,0.890816],[-0.0371324,-0.908595,0.416024]]],0],[1821,[0.0501294,0.112007,0.992442],182,53.8402,[-4.4912,213.707,28.5577],[-0.45189,209.381,18.4819],[73.2501,-105.864,-199.353],false,[40.0013,234.104,45.8691],[24.0131,223.385,-18.6773],[-8.13851,201.636,-12.3221],[-7.02921,204.115,9.63948],[1.30345,210.771,21.0825],[[[0.553441,-0.832888,0.00122701],[0.798347,0.530068,-0.285778],[0.237371,0.159141,0.958295]],[[0.56779,-0.820686,0.0639428],[-0.0972443,-0.144007,-0.984787],[0.81741,0.552934,-0.161573]],[[0.56779,-0.820686,0.0639428],[-0.821646,-0.560293,0.104737],[-0.0501294,-0.112007,-0.992442]],[[0.56779,-0.820686,0.0639428],[-0.627575,-0.381298,0.678794],[-0.532696,-0.425541,-0.731539]]],1],[1822,[0.0100602,0.180036,0.983609],182,61.3466,[1.10065,204.336,35.9805],[5.14337,200.064,25.7318],[69.8643,-103.665,-196.569],false,[47.2894,225.556,44.9205],[37.0365,208.157,-15.6779],[-2.67931,189.874,-9.69964],[-2.4174,194.561,15.9081],[7.06804,201.426,28.5134],[[[0.43616,-0.881808,0.179385],[0.885437,0.384993,-0.260348],[0.160515,0.272388,0.948704]],[[0.432449,-0.887697,0.158058],[-0.0547716,-0.200835,-0.978093],[0.899993,0.414319,-0.135472]],[[0.432449,-0.887697,0.158058],[-0.901602,-0.423771,0.0867868],[-0.0100602,-0.180036,-0.983609]],[[0.432449,-0.887697,0.158058],[-0.713459,-0.229701,0.661977],[-0.551329,-0.399039,-0.732669]]],2],[1823,[-0.0901012,0.365498,0.926441],182,58.9864,[11.5291,198.48,39.8837],[14.9733,194.002,30.4116],[66.8037,-104.715,-190.962],false,[52.7803,215.799,46.0011],[48.4722,193.278,-6.56433],[10.8612,177.764,-2.32145],[8.57604,187.034,21.175],[16.8157,196.09,33.1205],[[[0.38703,-0.858609,0.336152],[0.919002,0.329495,-0.216491],[0.0751211,0.392713,0.916588]],[[0.389591,-0.843163,0.370533],[0.0530729,-0.381099,-0.92301],[0.919457,0.379262,-0.103724]],[[0.389591,-0.843163,0.370533],[-0.91657,-0.394319,0.0664247],[0.0901012,-0.365498,-0.926441]],[[0.389591,-0.843163,0.370533],[-0.784981,-0.0935799,0.612411],[-0.481688,-0.529451,-0.698325]]],3],[1824,[-0.212161,-0.733839,-0.645343],182,46.2443,[44.8108,136.492,-32.4993],[46.9681,133.405,-36.5956],[114.477,-107.861,-176.476],false,[53.3317,203.727,50.8741],[55.3692,178.444,4.23845],[56.2263,155.326,-18.4058],[52.4272,142.185,-29.9618],[46.2724,130.847,-39.0502],[[[0.235921,-0.849947,0.471096],[0.971014,0.225331,-0.0797373],[-0.0383801,0.476253,0.87847]],[[0.215241,-0.67925,0.701634],[0.976202,0.169135,-0.135732],[-0.0264751,0.714151,0.69949]],[[0.215241,-0.67925,0.701634],[0.953236,-0.00995509,-0.302063],[0.212161,0.733839,0.645343]],[[0.215241,-0.67925,0.701634],[0.895298,-0.149688,-0.419565],[0.390016,0.718479,0.575913]]],4],[1830,[0.0908267,0.642557,-0.760836],183,41.1716,[-81.0017,192.631,-47.3732],[-82.2742,192.925,-44.2759],[-71.7475,5.896,113.232],false,[-91.9485,144.53,18.2495],[-91.9485,144.53,18.2495],[-85.3904,165.14,-14.7247],[-82.9439,182.448,-35.2181],[-82.735,196.277,-47.4877],[[[-0.933477,-0.317443,-0.166884],[-0.307108,0.947857,-0.0851617],[-0.185216,0.028245,0.982292]],[[-0.873017,-0.316218,-0.371278],[-0.458459,0.79174,0.403687],[-0.166302,-0.522641,0.836176]],[[-0.873017,-0.316218,-0.371278],[-0.479157,0.697945,0.532242],[-0.0908267,-0.642557,0.760836]],[[-0.873017,-0.316218,-0.371278],[-0.487558,0.583554,0.649424],[-0.011301,-0.747978,0.663628]]],0],[1831,[-0.101101,0.250486,0.962827],183,46.4576,[-66.7474,122.081,-12.3546],[-66.4878,121.812,-9.7263],[-6.82157,-10.1922,85.8705],false,[-107.418,137.231,10.6294],[-91.1034,118.59,-41.9465],[-58.1462,114.22,-35.1167],[-60.0766,119.003,-16.732],[-69.0863,122.882,-7.4604],[[[-0.188792,-0.942553,0.275594],[-0.94104,0.0934215,-0.32514],[-0.280715,0.320729,0.904617]],[[-0.174729,-0.957213,0.230678],[0.162922,-0.25916,-0.951994],[-0.971044,0.128758,-0.201234]],[[-0.174729,-0.957213,0.230678],[0.979412,-0.144912,0.140543],[0.101101,-0.250486,-0.962827]],[[-0.174729,-0.957213,0.230678],[0.723814,0.0339559,0.68916],[0.667506,-0.287384,-0.686911]]],1],[1832,[-0.0744382,0.423004,0.903065],183,52.9347,[-68.0973,117.403,-4.18891],[-67.4066,117.269,-1.45588],[8.34522,-11.578,85.0704],false,[-110.37,128.137,12.4232],[-96.3947,103.508,-34.8624],[-58.7071,103.784,-29.4303],[-60.3793,113.286,-9.14328],[-70.1127,118.472,0.794698],[[[-0.0617732,-0.892578,0.446641],[-0.965345,-0.0602543,-0.253927],[-0.253562,0.446848,0.857924]],[[-0.0539084,-0.90596,0.419917],[0.132279,-0.423301,-0.89628],[-0.989745,-0.00722919,-0.142659]],[[-0.0539084,-0.90596,0.419917],[0.995767,-0.0174249,0.0902415],[0.0744382,-0.423004,-0.903065]],[[-0.0539084,-0.90596,0.419917],[0.753146,0.239227,0.612815],[0.655641,-0.349294,-0.669424]]],2],[1833,[-0.00516157,0.57554,0.817757],183,50.8981,[-73.0587,109.714,2.07244],[-72.2228,109.565,4.99186],[23.7595,-14.6581,88.4444],false,[-111.489,119.185,16],[-100.54,90.6758,-22.9379],[-65.349,91.532,-20.3446],[-65.462,104.127,-2.44842],[-74.4111,111.046,7.03391],[[[-0.0254648,-0.809993,0.585886],[-0.974882,-0.109596,-0.193889],[-0.22126,0.576107,0.786857]],[[-0.0225025,-0.817628,0.575307],[0.0740281,-0.575236,-0.814631],[-0.997002,-0.0242576,-0.0734717]],[[-0.0225025,-0.817628,0.575307],[0.999733,-0.0154321,0.0171714],[0.00516157,-0.57554,-0.817757]],[[-0.0225025,-0.817628,0.575307],[0.794918,0.334352,0.506275],[0.6063,-0.468714,-0.642423]]],3],[1834,[0.743466,-0.573567,-0.343918],183,39.9032,[-63.2684,46.7544,-31.0364],[-63.054,47.6435,-29.5041],[-28.2844,-13.9737,88.3399],false,[-107.906,110.958,22.7752],[-101.088,79.7384,-10.0458],[-83.612,60.851,-20.914],[-72.1244,51.9886,-26.228],[-61.0717,45.2342,-30.4279],[[[0.110529,-0.708554,0.696947],[-0.982667,-0.182914,-0.0301186],[-0.148822,0.681538,0.71649]],[[0.0578881,-0.45713,0.887514],[-0.777958,-0.577791,-0.246859],[-0.625645,0.676158,0.389075]],[[0.0578881,-0.45713,0.887514],[-0.666264,-0.679745,-0.306658],[-0.743466,0.573567,0.343918]],[[0.0578881,-0.45713,0.887514],[-0.58122,-0.738236,-0.342331],[-0.811684,0.496024,0.308428]]],4]],[[0,200,0],[235.247,235.247,147.751]]],[180293,7425698662,[[182,"right",[-0.0312104,-0.223797,-0.974136],[-0.817614,-0.55488,0.153673],[35.9912,207.922,6.78375],[66.4479,-104.053,-163.861],[33.414,211.939,13.0516],0,0,0.400084,[[0.502007,-0.846236,-0.178533],[0.811409,0.532283,-0.241432],[0.299339,-0.023663,0.953853]],58.3378,[118.775,209.739,291.279],[44.7803,215.589,55.4922]],[183,"left",[0.117221,-0.461151,-0.879544],[0.968363,-0.14339,0.204239],[-96.3384,110.845,-15.0482],[-31.923,14.8606,113.031],[-95.4803,110.177,-18.4297],0,0.166651,0.209285,[[0.113626,-0.961978,0.24837],[-0.512598,-0.270909,-0.814771],[-0.851078,0.0347346,0.52389]],50.3384,[-287.504,133.142,136.109],[-105.97,125.733,24.3638]]],[[1820,[0.0691123,0.766517,-0.638495],182,47.7143,[26.8696,306.661,3.88499],[27.6258,302.071,-3.33475],[48.9707,-147.644,-261.242],false,[21.7882,231.716,55.7398],[21.7882,231.716,55.7398],[25.8248,263.024,22.6924],[27.9822,286.951,2.76141],[28.6084,306.083,-6.86673],[[[0.956552,0.130203,-0.260873],[-0.0848629,0.980342,0.178123],[0.278937,-0.148246,0.948798]],[[0.98373,0.0540249,0.171339],[-0.156443,0.726486,0.669136],[-0.0883251,-0.685054,0.723118]],[[0.98373,0.0540249,0.171339],[-0.165829,0.639948,0.750312],[-0.0691123,-0.766517,0.638495]],[[0.98373,0.0540249,0.171339],[-0.17726,0.447048,0.876771],[-0.0292291,-0.892877,0.449351]]],0],[1821,[0.0586517,0.117013,0.991397],182,53.8402,[-4.30353,213.448,28.0668],[-0.219507,208.213,17.8983],[60.5729,-114.693,-165.351],false,[40.3644,233.541,44.6688],[23.7159,222.262,-19.6148],[-8.15117,200.235,-12.8026],[-6.85327,202.824,9.13587],[1.52484,209.615,20.4663],[[[0.561518,-0.827465,-0.00024984],[0.789685,0.535971,-0.298551],[0.247174,0.167444,0.954394]],[[0.576457,-0.814767,0.0620623],[-0.106355,-0.150119,-0.982931],[0.810176,0.560017,-0.173191]],[[0.576457,-0.814767,0.0620623],[-0.81502,-0.567858,0.115241],[-0.0586517,-0.117013,-0.991397]],[[0.576457,-0.814767,0.0620623],[-0.617113,-0.384312,0.686641],[-0.535601,-0.434119,-0.724342]]],1],[1822,[0.0198758,0.18624,0.982303],182,61.3466,[1.27521,204.109,35.5308],[5.59805,199.036,25.1613],[65.6152,-108.23,-162.449],false,[47.7239,225.058,43.686],[36.9221,207.18,-16.6773],[-2.53947,188.552,-10.1099],[-2.02201,193.4,15.4639],[7.54225,200.435,27.9152],[[[0.446845,-0.876399,0.179594],[0.878483,0.391908,-0.273269],[0.169109,0.279879,0.945024]],[[0.442938,-0.882458,0.158347],[-0.0644857,-0.207519,-0.976103],[0.89423,0.422142,-0.148824]],[[0.442938,-0.882458,0.158347],[-0.896332,-0.431952,0.100032],[-0.0198758,-0.18624,-0.982303]],[[0.442938,-0.882458,0.158347],[-0.703399,-0.232536,0.671682],[-0.55591,-0.408895,-0.723719]]],2],[1823,[-0.0875309,0.368082,0.925664],182,58.9864,[11.7025,198.229,39.4154],[15.449,193.017,29.6759],[62.1692,-109.234,-164.888],false,[53.3222,215.362,44.761],[48.6098,192.47,-7.60947],[11.2136,176.549,-2.99252],[8.99358,185.884,20.4843],[17.2332,195.086,32.3182],[[[0.399356,-0.852694,0.33679],[0.913106,0.337014,-0.229475],[0.0821691,0.399168,0.913189]],[[0.402163,-0.837083,0.370887],[0.0498724,-0.38446,-0.921794],[0.914209,0.389209,-0.112868]],[[0.402163,-0.837083,0.370887],[-0.911374,-0.404732,0.0747586],[0.0875309,-0.368082,-0.925664]],[[0.402163,-0.837083,0.370887],[-0.778616,-0.0995685,0.619551],[-0.481687,-0.537939,-0.691808]]],3],[1824,[-0.210296,-0.739367,-0.639618],182,46.2443,[45.396,135.793,-33.4066],[47.4382,132.424,-37.314],[99.1978,-109.383,-153.055],false,[54.0492,203.326,49.7014],[55.7791,177.772,3.20137],[56.6308,154.547,-19.3343],[52.8651,141.307,-30.7878],[46.761,129.853,-39.7641],[[[0.249784,-0.844648,0.473474],[0.967753,0.234219,-0.0927128],[-0.0325867,0.481364,0.875915]],[[0.230265,-0.673302,0.702597],[0.972772,0.17878,-0.147485],[-0.0263082,0.717427,0.696136]],[[0.230265,-0.673302,0.702597],[0.950133,-0.000471965,-0.311844],[0.210296,0.739367,0.639618]],[[0.230265,-0.673302,0.702597],[0.892952,-0.140788,-0.427568],[0.3868,0.72584,0.568808]]],4],[1830,[0.105616,0.639893,-0.761172],183,41.1716,[-81.2433,192.801,-46.9062],[-82.1923,193.635,-43.7229],[-50.4245,26.827,101.302],false,[-93.0639,145.478,18.8055],[-93.0639,145.478,18.8055],[-85.8972,165.968,-14.1165],[-83.0524,183.204,-34.6189],[-82.595,196.999,-46.9196],[[[-0.931905,-0.314097,-0.181373],[-0.301514,0.948822,-0.0939463],[-0.201599,0.0328627,0.978917]],[[-0.868156,-0.313939,-0.38438],[-0.46182,0.794637,0.394049],[-0.181735,-0.51961,0.834852]],[[-0.868156,-0.313939,-0.38438],[-0.484923,0.701412,0.52237],[-0.105616,-0.639893,0.761172]],[[-0.868156,-0.313939,-0.38438],[-0.495675,0.587099,0.640017],[-0.0247424,-0.746162,0.665305]]],0],[1831,[-0.1168,0.25499,0.959863],183,46.4576,[-66.81,122.12,-12.1214],[-67.2568,122.555,-8.63541],[-28.6195,15.4689,96.8426],false,[-108.435,138.215,10.9538],[-91.3184,119.3,-41.2682],[-58.5051,114.822,-33.8412],[-60.7354,119.691,-15.5131],[-69.885,123.647,-6.41284],[[[-0.197494,-0.940656,0.275975],[-0.93502,0.0961769,-0.341303],[-0.294506,0.325448,0.898527]],[[-0.182814,-0.955484,0.231581],[0.17853,-0.263897,-0.947885],[-0.966802,0.131942,-0.218827]],[[-0.182814,-0.955484,0.231581],[0.976185,-0.148428,0.158216],[0.1168,-0.25499,-0.959863]],[[-0.182814,-0.955484,0.231581],[0.712082,0.0337273,0.701286],[0.677878,-0.293109,-0.674217]]],1],[1832,[-0.0869457,0.426834,0.900141],183,52.9347,[-68.137,117.442,-3.96093],[-68.3055,118.03,-0.391826],[-20.8173,14.7749,95.1114],false,[-111.456,129.141,12.7323],[-96.7936,104.269,-34.2166],[-59.1979,104.392,-28.1762],[-61.1511,113.981,-7.95494],[-71.021,119.249,1.80324],[[[-0.0731555,-0.89056,0.448945],[-0.961187,-0.057115,-0.269922],[-0.266023,0.451267,0.851816]],[[-0.064906,-0.90407,0.422428],[0.144782,-0.427373,-0.892407],[-0.987333,-0.00323723,-0.158632]],[[-0.064906,-0.90407,0.422428],[0.994096,-0.0216962,0.106309],[0.0869457,-0.426834,-0.900141]],[[-0.064906,-0.90407,0.422428],[0.74416,0.238184,0.624095],[0.664841,-0.354861,-0.657313]]],2],[1833,[-0.0151478,0.578736,0.815374],183,50.8981,[-73.0778,109.748,2.3131],[-73.2499,110.36,5.99326],[-13.4139,13.4876,95.8254],false,[-112.674,120.207,16.324],[-101.194,91.5006,-22.3146],[-66.0452,92.1911,-19.1673],[-66.3767,104.856,-1.32335],[-75.4446,111.854,7.98634],[[[-0.0388378,-0.807589,0.588466],[-0.971947,-0.106181,-0.209866],[-0.231969,0.580109,0.78081]],[[-0.035738,-0.81526,0.577991],[0.0840005,-0.578764,-0.811157],[-0.995825,-0.0195624,-0.0891661]],[[-0.035738,-0.81526,0.577991],[0.999246,-0.0203845,0.0330323],[0.0151478,-0.578736,-0.815374]],[[-0.035738,-0.81526,0.577991],[0.788229,0.332544,0.517793],[0.614343,-0.474094,-0.630727]]],3],[1834,[0.746976,-0.577923,-0.328682],183,39.9032,[-63.4652,46.8783,-30.4855],[-63.795,48.2684,-28.0691],[-43.3531,9.50125,109.443],false,[-109.241,111.992,23.19],[-102.007,80.616,-9.39188],[-84.4319,61.607,-19.8818],[-72.8901,52.6773,-24.9604],[-61.7915,45.8651,-28.94],[[[0.0957067,-0.7063,0.701413],[-0.982806,-0.178827,-0.0459703],[-0.1579,0.684954,0.711271]],[[0.0408754,-0.453514,0.890311],[-0.776174,-0.575527,-0.257532],[-0.629192,0.68051,0.375531]],[[0.0408754,-0.453514,0.890311],[-0.663593,-0.678476,-0.315142],[-0.746976,0.577923,0.328682]],[[0.0408754,-0.453514,0.890311],[-0.577937,-0.737601,-0.349191],[-0.815057,0.50027,0.292252]]],4]],[[0,200,0],[235.247,235.247,147.751]]],[180294,7425715989,[[182,"right",[-0.0471775,-0.238793,-0.969924],[-0.809012,-0.560408,0.177322],[36.5283,205.486,4.56902],[50.1062,-120.891,-147.247],[33.9223,210.886,11.6672],0,0,0.429521,[[0.518385,-0.837289,-0.173848],[0.805176,0.546377,-0.230573],[0.288043,-0.0204521,0.957399]],58.3378,[117.352,208.918,289.647],[46.1493,213.973,52.9833]],[183,"left",[0.148122,-0.476519,-0.866597],[0.961783,-0.134635,0.238424],[-96.9478,111.741,-12.1049],[-33.4199,31.8496,139.23],[-95.6755,110.385,-17.5886],0,0.166881,0.180118,[[0.124365,-0.959182,0.253975],[-0.498157,-0.281723,-0.820044],[-0.858122,0.0245346,0.512859]],50.3384,[-290.972,132.53,136.082],[-107.936,127.296,26.6899]]],[[1820,[0.0592516,0.750933,-0.657715],182,47.7143,[27.1915,305.286,1.73905],[27.8211,298.942,-7.53326],[34.9566,-164.931,-253.588],false,[23.0059,229.879,53.4232],[23.0059,229.879,53.4232],[26.5026,260.776,19.9311],[28.3521,284.217,-0.599864],[28.9158,302.733,-11.3677],[[[0.950159,0.135529,-0.280766],[-0.0913128,0.982053,0.165029],[0.298093,-0.131166,0.945482]],[[0.984671,0.0643108,0.162132],[-0.156744,0.734019,0.660793],[-0.0765117,-0.676077,0.732848]],[[0.984671,0.0643108,0.162132],[-0.164048,0.657239,0.735612],[-0.0592516,-0.750933,0.657715]],[[0.984671,0.0643108,0.162132],[-0.172426,0.499103,0.849215],[-0.0263068,-0.864153,0.502541]]],0],[1821,[0.0722977,0.129586,0.988929],182,53.8402,[-3.85204,212.637,26.8903],[0.438733,205.516,16.3234],[49.2384,-134.387,-131.261],false,[41.3527,231.716,41.9781],[23.6189,219.306,-21.8048],[-7.90724,197.059,-14.1688],[-6.30737,199.927,7.715],[2.17154,206.938,18.834],[[[0.569658,-0.821881,0.00152806],[0.778569,0.53904,-0.321349],[0.263287,0.184249,0.946959]],[[0.58557,-0.808163,0.0630899],[-0.121208,-0.164246,-0.978944],[0.801509,0.565593,-0.194133]],[[0.58557,-0.808163,0.0630899],[-0.807392,-0.574525,0.13431],[-0.0722977,-0.129586,-0.988929]],[[0.58557,-0.808163,0.0630899],[-0.60274,-0.382038,0.700537],[-0.542046,-0.44824,-0.710822]]],1],[1822,[0.036164,0.201148,0.978893],182,61.3466,[1.73365,203.403,34.4403],[6.56393,196.578,23.6508],[61.1074,-123.753,-127.372],false,[48.7769,223.291,40.9836],[37.0278,204.399,-18.8917],[-2.11547,185.491,-11.299],[-1.17396,190.727,14.186],[8.5454,198.04,26.3537],[[[0.458862,-0.869202,0.184211],[0.86926,0.396246,-0.295596],[0.18394,0.295765,0.937384]],[[0.454619,-0.87562,0.163132],[-0.0807585,-0.222921,-0.971486],[0.887017,0.428481,-0.172058]],[[0.454619,-0.87562,0.163132],[-0.889952,-0.439124,0.123112],[-0.036164,-0.201148,-0.978893]],[[0.454619,-0.87562,0.163132],[-0.688609,-0.229364,0.687903],[-0.564925,-0.425067,-0.707232]]],2],[1823,[-0.083575,0.376444,0.922662],182,58.9864,[12.1222,197.489,38.3129],[16.3592,190.548,27.8987],[54.9304,-127.127,-137.989],false,[54.491,213.667,42.0976],[49.0295,189.941,-9.82703],[11.9011,173.587,-4.60343],[9.78148,183.134,18.7972],[18.0435,192.576,30.4248],[[[0.414086,-0.843585,0.341903],[0.905242,0.342359,-0.251648],[0.0952325,0.413709,0.905415]],[[0.41735,-0.827562,0.375447],[0.0444287,-0.394073,-0.918005],[0.907659,0.39981,-0.127699]],[[0.41735,-0.827562,0.375447],[-0.904894,-0.416451,0.0879454],[0.083575,-0.376444,-0.922662]],[[0.41735,-0.827562,0.375447],[-0.769763,-0.102352,0.630071],[-0.482995,-0.551965,-0.679743]]],3],[1824,[-0.210301,-0.74959,-0.627606],182,46.2443,[46.5763,133.679,-35.3781],[48.1144,129.512,-38.7502],[71.7481,-135.712,-121.867],false,[55.4305,201.716,47.2026],[56.5462,175.479,1.06511],[57.2905,151.99,-21.1991],[53.5247,138.568,-32.4375],[47.4563,126.925,-41.193],[[[0.267022,-0.834927,0.481245],[0.963461,0.242179,-0.114419],[-0.0210159,0.494213,0.869087]],[[0.250282,-0.661849,0.706623],[0.9679,0.188378,-0.166383],[-0.0229919,0.725583,0.687751]],[[0.250282,-0.661849,0.706623],[0.945057,0.00847507,-0.326796],[0.210301,0.74959,0.627606]],[[0.250282,-0.661849,0.706623],[0.888531,-0.132864,-0.439158],[0.384541,0.737769,0.554819]]],4],[1830,[0.123501,0.632564,-0.764599],183,41.1716,[-81.59,193.172,-45.9648],[-82.5618,194.446,-41.6136],[-38.3143,40.5211,115.194],false,[-94.944,147.002,21.1943],[-94.944,147.002,21.1943],[-86.9228,167.159,-11.7367],[-83.5963,184.197,-32.3314],[-82.9761,197.975,-44.6452],[[[-0.924009,-0.322163,-0.205957],[-0.302595,0.945379,-0.121218],[-0.23376,0.0496853,0.971024]],[[-0.853489,-0.325375,-0.407046],[-0.479774,0.795526,0.370074],[-0.203403,-0.511144,0.83508]],[[-0.853489,-0.325375,-0.407046],[-0.506264,0.702847,0.499702],[-0.123501,-0.632564,0.764599]],[[-0.853489,-0.325375,-0.407046],[-0.520029,0.582091,0.625092],[-0.0335483,-0.745185,0.666013]]],0],[1831,[-0.150531,0.272452,0.950321],183,46.4576,[-66.9396,122.243,-11.6244],[-68.1868,123.737,-4.94499],[-40.1548,39.8321,149.941],false,[-110.016,139.518,12.9788],[-91.1088,119.742,-38.2979],[-58.5448,115.578,-29.6856],[-61.4191,120.78,-11.5398],[-70.8879,124.859,-2.82849],[[[-0.202149,-0.936469,0.286639],[-0.923746,0.0851011,-0.373431],[-0.325313,0.34027,0.882263]],[[-0.186101,-0.951898,0.243426],[0.211677,-0.28078,-0.936139],[-0.959458,0.122689,-0.253748]],[[-0.186101,-0.951898,0.243426],[0.970931,-0.140213,0.193993],[0.150531,-0.272452,-0.950321]],[[-0.186101,-0.951898,0.243426],[0.687915,0.0506606,0.724021],[0.701527,-0.302197,-0.645397]]],1],[1832,[-0.118593,0.442784,0.888751],183,52.9347,[-68.2594,117.574,-3.45761],[-69.4556,119.34,3.32878],[-41.6555,42.7864,149.955],false,[-113.052,130.463,14.8244],[-96.7437,104.814,-31.1537],[-59.3691,105.245,-23.8812],[-62.0332,115.192,-3.91582],[-72.2432,120.587,5.41415],[[[-0.0837834,-0.882582,0.462633],[-0.951541,-0.0669954,-0.300134],[-0.295888,0.465361,0.8342]],[[-0.0746205,-0.896511,0.436693],[0.176172,-0.442877,-0.879104],[-0.981527,-0.0113337,-0.190988]],[[-0.0746205,-0.896511,0.436693],[0.990135,-0.0145301,0.139361],[0.118593,-0.442784,-0.888751]],[[-0.0746205,-0.896511,0.436693],[0.722111,0.253435,0.643682],[0.687741,-0.363372,-0.628468]]],2],[1833,[-0.0396056,0.59345,0.803896],183,50.8981,[-73.1806,109.878,2.82453],[-74.4725,111.7,9.61125],[-37.8196,42.2957,147.197],false,[-114.346,121.59,18.5381],[-101.475,92.2424,-19.169],[-66.4335,93.0775,-15.012],[-67.3002,106.065,2.58076],[-76.662,113.203,11.4841],[[[-0.0544412,-0.796902,0.601651],[-0.964043,-0.115012,-0.239569],[-0.26011,0.59306,0.761986]],[[-0.050995,-0.804679,0.591516],[0.108763,-0.593239,-0.797646],[-0.992759,-0.023659,-0.117771]],[[-0.050995,-0.804679,0.591516],[0.997913,-0.0175673,0.0621327],[0.0396056,-0.59345,-0.803896]],[[-0.050995,-0.804679,0.591516],[0.771442,0.344411,0.535031],[0.634253,-0.483604,-0.6032]]],3],[1834,[0.760743,-0.579396,-0.292523],183,39.9032,[-63.611,47.1462,-29.0241],[-63.7142,49.0852,-22.8736],[-20.3399,27.784,197.52],false,[-111.103,113.52,25.6629],[-102.661,81.5915,-6.08152],[-84.6614,62.4803,-15.6233],[-72.9069,53.5279,-20.1431],[-61.6387,46.7173,-23.6167],[[[0.075861,-0.692875,0.717056],[-0.979942,-0.184709,-0.0748068],[-0.184278,0.696999,0.692989]],[[0.0135768,-0.436388,0.899656],[-0.764578,-0.584365,-0.271915],[-0.644388,0.684166,0.341587]],[[0.0135768,-0.436388,0.899656],[-0.648911,-0.688379,-0.324113],[-0.760743,0.579396,0.292523]],[[0.0135768,-0.436388,0.899656],[-0.561284,-0.747939,-0.354326],[-0.827512,0.500152,0.255093]]],4]],[[0,200,0],[235.247,235.247,147.751]]],[180295,7425725305,[[182,"right",[-0.0548645,-0.246644,-0.967552],[-0.80559,-0.561574,0.188834],[36.7848,204.107,3.54776],[43.7235,-128.546,-136.61],[33.9223,210.886,11.6672],0,0,0.445182,[[0.526624,-0.833627,-0.166531],[0.803022,0.552108,-0.224349],[0.278966,-0.015581,0.960174]],58.3378,[115.759,209.159,289.156],[46.8004,213.01,51.8071]],[183,"left",[0.148756,-0.473911,-0.867917],[0.96075,-0.138566,0.240329],[-97.7656,113.187,-11.5435],[-48.7882,66.7511,116.905],[-95.821,110.58,-17.1678],0,0.166758,0.203567,[[0.128627,-0.960436,0.247017],[-0.495368,-0.278011,-0.822995],[-0.859107,0.0165047,0.511529]],50.3384,[-292.047,132.161,136.387],[-108.8,128.641,27.2791]]],[[1820,[0.057972,0.728465,-0.682626],182,47.7143,[27.1915,305.286,1.73905],[28.239,296.434,-10.4438],[38.1181,-203.404,-279.665],false,[23.6097,228.844,52.3238],[23.6097,228.844,52.3238],[26.9109,259.185,18.307],[28.7205,281.925,-3.00163],[29.364,299.776,-14.8344],[[[0.947221,0.136341,-0.290144],[-0.0930871,0.983035,0.15804],[0.306769,-0.122691,0.943843]],[[0.985337,0.0681585,0.156415],[-0.154575,0.744714,0.649236],[-0.0722337,-0.663894,0.74433]],[[0.985337,0.0681585,0.156415],[-0.16047,0.681684,0.713832],[-0.057972,-0.728465,0.682626]],[[0.985337,0.0681585,0.156415],[-0.167956,0.548841,0.81888],[-0.0300333,-0.833144,0.55224]]],0],[1821,[0.0788025,0.136251,0.987535],182,53.8402,[-3.58876,212.11,26.2078],[0.755386,204.077,15.5987],[44.4769,-140.483,-116.278],false,[41.8497,230.649,40.7042],[23.6003,217.676,-22.8205],[-7.7922,195.381,-14.7845],[-6.0484,198.396,7.06845],[2.48613,205.509,18.0802],[[[0.572341,-0.82001,0.00304607],[0.773961,0.538965,-0.332416],[0.270943,0.192613,0.943128]],[[0.588706,-0.805794,0.0641989],[-0.128239,-0.171513,-0.9768],[0.79811,0.566815,-0.204305]],[[0.588706,-0.805794,0.0641989],[-0.804497,-0.576309,0.14371],[-0.0788025,-0.136251,-0.987535]],[[0.588706,-0.805794,0.0641989],[-0.596443,-0.379403,0.707325],[-0.545601,-0.454698,-0.703967]]],1],[1822,[0.0439488,0.208982,0.976931],182,61.3466,[2.01099,202.941,33.8021],[7.01233,195.252,22.9635],[57.4597,-128.996,-112.011],false,[49.2926,222.241,39.7115],[37.0829,202.836,-19.9071],[-1.93013,183.863,-11.8196],[-0.785943,189.304,13.6143],[9.01272,196.744,25.6408],[[[0.4633,-0.866234,0.187062],[0.865341,0.396671,-0.306329],[0.19115,0.303795,0.933365]],[[0.458894,-0.872833,0.16607],[-0.0885664,-0.230919,-0.968934],[0.884066,0.42993,-0.183271]],[[0.458894,-0.872833,0.16607],[-0.887403,-0.44101,0.134261],[-0.0439488,-0.208982,-0.976931]],[[0.458894,-0.872833,0.16607],[-0.681943,-0.226195,0.695549],[-0.569534,-0.432434,-0.699022]]],2],[1823,[-0.0804459,0.381575,0.92083],182,58.9864,[12.3674,197.019,37.6803],[16.7846,189.213,27.102],[51.2612,-132.788,-123.838],false,[55.0476,212.644,40.8516],[49.2106,188.489,-10.8337],[12.1883,172.001,-5.28881],[10.1481,181.678,18.0654],[18.4416,191.231,29.5795],[[[0.41982,-0.839508,0.344932],[0.901883,0.343251,-0.262271],[0.101781,0.421195,0.901241]],[[0.423308,-0.823298,0.378141],[0.0408238,-0.399623,-0.91577],[0.905066,0.40309,-0.135553]],[[0.423308,-0.823298,0.378141],[-0.902407,-0.420215,0.0952929],[0.0804459,-0.381575,-0.92083]],[[0.423308,-0.823298,0.378141],[-0.76534,-0.101596,0.635557],[-0.484836,-0.558443,-0.