{"metadata":{"formatVersion":2,"generatedBy":"LeapJS Playback 0.2.1","frames":115,"frameRate":"1.1e+2","modified":"Sun Apr 12 2015 22:31:36 GMT-0300 (E. South America Standard Time)","title":"tchau"},"frames":[["id","timestamp",{"hands":[["id","type","direction","palmNormal","palmPosition","palmVelocity","stabilizedPalmPosition","pinchStrength","grabStrength","confidence","armBasis","armWidth","elbow","wrist"]]},{"pointables":[["id","direction","handId","length","stabilizedTipPosition","tipPosition","tipVelocity","tool","carpPosition","mcpPosition","pipPosition","dipPosition","btipPosition","bases","type"]]},{"interactionBox":["center","size"]}],[177030,7379932572,[[180,"right",[-0.141604,0.778527,-0.611427],[-0.0000524828,-0.617657,-0.786448],[-13.6297,98.5403,4.24324],[-9.16383,-29.6769,-12.2402],[-12.0079,99.8173,4.88916],0,0,0.407944,[[0.952297,0.143948,-0.26909],[-0.0926222,0.976502,0.194587],[0.290777,-0.160381,0.943253]],55.8426,[68.4888,26.8297,258.765],[-0.315185,64.7792,35.5714]]],[[1800,[-0.542602,0.683676,-0.488027],180,45.6734,[-84.3544,111.252,0.861473],[-85.0252,110.734,1.31309],[12.8778,-18.0334,-20.6078],false,[-24.623,53.817,32.1476],[-24.623,53.817,32.1476],[-57.1089,80.7479,20.6087],[-73.3221,101.176,6.02619],[-87.5278,114.326,-0.753304],[[[0.370758,0.749165,0.548899],[-0.741398,-0.117206,0.660751],[0.559346,-0.651932,0.511974]],[[0.39454,0.720347,0.570472],[-0.541195,-0.319562,0.77781],[0.742595,-0.615613,0.263768]],[[0.39454,0.720347,0.570472],[-0.741567,-0.116993,0.660599],[0.542602,-0.683676,0.488027]],[[0.39454,0.720347,0.570472],[-0.603844,-0.264704,0.751867],[0.692612,-0.641117,0.330541]]],0],[1801,[-0.497954,0.823528,-0.271741],180,51.5374,[-73.1458,172.93,-23.1601],[-72.4423,173.219,-23.2792],[-15.2752,-32.4472,-11.1703],false,[-18.953,72.4888,39.272],[-38.4519,114.325,-5.74482],[-56.6751,146.31,-13.6469],[-67.2229,163.755,-19.403],[-74.8423,175.67,-24.3191],[[[0.952095,0.240468,-0.188921],[-0.0453112,0.721898,0.690514],[0.302428,-0.648875,0.698211]],[[0.846889,0.394371,-0.356723],[0.220276,0.350396,0.91033],[0.484002,-0.849526,0.209876]],[[0.846889,0.394371,-0.356723],[0.186604,0.407766,0.893815],[0.497954,-0.823528,0.271741]],[[0.846889,0.394371,-0.356723],[0.154391,0.459576,0.874616],[0.508864,-0.795777,0.328323]]],1],[1802,[-0.195548,0.94578,-0.259347],180,58.7227,[-34.7421,193.771,-25.0231],[-34.4144,193.265,-26.3631],[-24.6244,-24.6972,12.8376],false,[-9.01312,76.4677,37.925],[-19.3589,117.718,-6.00449],[-27.0029,158.326,-14.7757],[-31.8761,181.896,-21.2389],[-35.3157,197.183,-26.3071],[[[0.977881,0.0239786,-0.207783],[0.122955,0.737738,0.663795],[0.169206,-0.674661,0.718472]],[[0.94683,0.11318,-0.301169],[0.266019,0.251104,0.930688],[0.18096,-0.961321,0.207644]],[[0.94683,0.11318,-0.301169],[0.255487,0.304451,0.917625],[0.195548,-0.94578,0.259347]],[[0.94683,0.11318,-0.301169],[0.244733,0.354285,0.902545],[0.20885,-0.928263,0.307749]]],2],[1803,[0.0578229,0.957571,-0.282338],180,56.4635,[4.78974,188.722,-24.279],[4.37264,188.411,-24.7499],[26.3758,-34.9099,-30.1191],false,[1.43876,77.7918,35.7061],[0.401672,115.45,-4.22385],[3.0331,153.405,-13.4807],[4.43688,176.652,-20.3351],[5.23564,192.114,-25.663],[[[0.980053,-0.131247,-0.149233],[0.197837,0.715684,0.669819],[0.0188919,-0.685982,0.727373]],[[0.978987,-0.109786,-0.171849],[0.192533,0.219893,0.956336],[-0.0672035,-0.969327,0.23641]],[[0.978987,-0.109786,-0.171849],[0.195555,0.266469,0.943797],[-0.0578229,-0.957571,0.282338]],[[0.978987,-0.109786,-0.171849],[0.198004,0.310161,0.929836],[-0.0487816,-0.944324,0.325382]]],3],[1804,[0.291978,0.917235,-0.270976],180,44.2663,[35.7577,164.597,-19.2344],[36.1818,164.096,-19.9372],[-14.6248,-30.9668,-30.7361],false,[12.0383,73.3093,30.897],[18.1757,109.433,-4.31349],[27.6485,138.186,-10.9276],[32.6532,153.908,-15.5723],[36.8529,167.565,-20.4751],[[[0.929402,-0.326195,-0.172653],[0.348749,0.623122,0.700066],[-0.120775,-0.710855,0.692891]],[[0.926569,-0.341511,-0.157609],[0.219138,0.149587,0.964159],[-0.305695,-0.927898,0.21344]],[[0.926569,-0.341511,-0.157609],[0.237106,0.205059,0.949595],[-0.291978,-0.917235,0.270976]],[[0.926569,-0.341511,-0.157609],[0.253333,0.256911,0.932641],[-0.278016,-0.904084,0.324562]]],4]],[[0,200,0],[235.247,235.247,147.751]]],[177031,7379941281,[[180,"right",[-0.13344,0.777102,-0.615066],[-0.00603088,-0.621241,-0.783596],[-13.2863,98.1815,4.19621],[3.81364,-32.7507,-10.414],[-12.1531,99.6315,4.81044],0,0,0.459852,[[0.954223,0.132687,-0.268052],[-0.0828205,0.978386,0.189479],[0.287399,-0.158605,0.944588]],55.8426,[67.6768,26.9022,259.195],[-0.327986,64.4315,35.6852]]],[[1800,[-0.534482,0.687596,-0.491469],180,45.6734,[-83.9043,111.569,0.710843],[-84.4563,111.161,1.13434],[26.8933,-0.409967,-20.2076],false,[-24.7447,53.7014,32.3014],[-24.7447,53.7014,32.3014],[-56.9273,80.9383,20.6314],[-72.8979,101.484,5.94603],[-86.9152,114.777,-0.945489],[[[0.378147,0.747876,0.545606],[-0.742808,-0.106614,0.660961],[0.552487,-0.655221,0.515212]],[[0.402077,0.718339,0.567735],[-0.545104,-0.310401,0.77879],[0.73566,-0.622608,0.266764]],[[0.402077,0.718339,0.567735],[-0.743413,-0.105836,0.660405],[0.534482,-0.687596,0.491469]],[[0.402077,0.718339,0.567735],[-0.60931,-0.252908,0.751518],[0.683429,-0.648095,0.336003]]],0],[1801,[-0.483585,0.83592,-0.259584],180,51.5374,[-71.7309,173.518,-22.6407],[-71.1565,173.618,-22.9972],[34.9589,-3.86081,10.2538],false,[-18.8878,72.3472,39.3422],[-37.9427,114.171,-5.87518],[-55.6395,146.521,-13.4868],[-65.8829,164.228,-18.9853],[-73.2875,176.373,-23.6627],[[[0.954565,0.229899,-0.189612],[-0.0382328,0.725495,0.687164],[0.295541,-0.648693,0.701322]],[[0.852463,0.382483,-0.356389],[0.228884,0.339844,0.912205],[0.47002,-0.859193,0.202161]],[[0.852463,0.382483,-0.356389],[0.198626,0.39363,0.897554],[0.483585,-0.83592,0.259584]],[[0.852463,0.382483,-0.356389],[0.169585,0.442531,0.880572],[0.494517,-0.811093,0.312378]]],1],[1802,[-0.186134,0.946975,-0.2619],180,58.7227,[-33.6418,193.51,-25.3633],[-33.1163,193.014,-26.6948],[21.7312,-25.9272,-1.32503],false,[-8.90748,76.2186,37.9812],[-18.816,117.37,-6.14217],[-26.0575,158.025,-15.0329],[-30.6962,181.625,-21.5597],[-33.9831,196.933,-26.666],[[[0.978155,0.0130741,-0.207466],[0.130196,0.7395,0.660446],[0.162056,-0.67303,0.721643]],[[0.947773,0.102788,-0.301929],[0.268958,0.251241,0.929806],[0.17143,-0.962451,0.210474]],[[0.947773,0.102788,-0.301929],[0.258999,0.304421,0.91665],[0.186134,-0.946975,0.2619]],[[0.947773,0.102788,-0.301929],[0.248783,0.354125,0.9015],[0.199584,-0.929532,0.310058]]],2],[1803,[0.0696566,0.955503,-0.286638],180,56.4635,[5.99789,188.107,-24.7032],[5.77512,187.733,-25.1707],[62.9147,-46.8438,-35.3397],false,[1.55819,77.4261,35.7608],[0.919708,114.908,-4.34253],[4.02024,152.791,-13.7491],[5.71132,175.988,-20.7079],[6.70103,191.412,-26.1134],[[[0.978725,-0.141894,-0.148202],[0.204848,0.716713,0.666604],[0.0116308,-0.68278,0.730531]],[[0.977978,-0.122077,-0.16928],[0.193102,0.221538,0.955841],[-0.079184,-0.96748,0.240233]],[[0.977978,-0.122077,-0.16928],[0.196739,0.268535,0.942965],[-0.0696566,-0.955503,0.286638]],[[0.977978,-0.122077,-0.16928],[0.199762,0.312624,0.928634],[-0.0604438,-0.942,0.330125]]],3],[1804,[0.301261,0.913064,-0.274875],180,44.2663,[36.5872,163.767,-19.5471],[37.1888,163.125,-20.2467],[20.3096,-52.4132,-32.2527],false,[12.1134,72.8139,30.9769],[18.6316,108.71,-4.39676],[28.3948,137.338,-11.1332],[33.5587,152.989,-15.8448],[37.8968,166.581,-20.8056],[[[0.926102,-0.336423,-0.170746],[0.354799,0.622761,0.697342],[-0.128268,-0.706391,0.696103]],[[0.92314,-0.351485,-0.155788],[0.220332,0.151598,0.963572],[-0.315065,-0.923838,0.217389]],[[0.92314,-0.351485,-0.155788],[0.238859,0.206815,0.948775],[-0.301261,-0.913064,0.274875]],[[0.92314,-0.351485,-0.155788],[0.25561,0.258421,0.931602],[-0.287185,-0.89982,0.328402]]],4]],[[0,200,0],[235.247,235.247,147.751]]],[177032,7379950526,[[180,"right",[-0.11787,0.769991,-0.627072],[-0.0330041,-0.634163,-0.772495],[-12.6927,97.105,3.66513],[20.776,-56.2591,-23.6248],[-12.2145,99.3441,4.68015],0,0,0.444856,[[0.958851,0.0983081,-0.266347],[-0.0519432,0.983047,0.175844],[0.279119,-0.154773,0.947701]],55.8426,[65.6858,26.9141,259.842],[-0.359512,63.5367,35.5963]]],[[1800,[-0.519387,0.694645,-0.4977],180,45.6734,[-82.9976,112.358,0.616847],[-83.4015,112.154,1.09102],[51.4203,28.6813,-16.3625],false,[-25.1143,53.4675,32.6677],[-25.1143,53.4675,32.6677],[-56.6033,81.446,20.8609],[-72.1229,102.202,5.98942],[-85.7755,115.801,-1.03672],[[[0.405891,0.745775,0.528273],[-0.737982,-0.0735177,0.670804],[0.539106,-0.662129,0.520528]],[[0.429382,0.715701,0.55082],[-0.545444,-0.280598,0.789782],[0.719807,-0.639559,0.269891]],[[0.429382,0.715701,0.55082],[-0.738829,-0.0723858,0.669994],[0.519387,-0.694645,0.4977]],[[0.429382,0.715701,0.55082],[-0.610367,-0.219559,0.761082],[0.665645,-0.662997,0.342566]]],0],[1801,[-0.453628,0.853528,-0.256343],180,51.5374,[-68.7426,174.184,-22.9809],[-68.3426,174.056,-23.6087],[118.538,17.158,-5.39954],false,[-18.6389,72.0526,39.3168],[-36.9886,113.633,-6.4144],[-53.5349,146.579,-14.0526],[-63.1438,164.659,-19.4826],[-70.1134,177.096,-24.0601],[[[0.9586,0.198643,-0.204027],[-0.00931717,0.737994,0.674743],[0.284603,-0.644908,0.709292]],[[0.862252,0.347644,-0.368326],[0.251779,0.33679,0.907293],[0.439464,-0.875052,0.202869]],[[0.862252,0.347644,-0.368326],[0.225261,0.388116,0.893658],[0.453628,-0.853528,0.256343]],[[0.862252,0.347644,-0.368326],[0.199648,0.435047,0.877995],[0.465469,-0.830589,0.305714]]],1],[1802,[-0.161809,0.947785,-0.274812],180,58.7227,[-31.1576,192.691,-26.8025],[-30.1322,191.971,-28.5244],[106.963,-49.9182,-57.2685],false,[-8.56675,75.607,37.7793],[-17.7815,116.266,-6.94633],[-23.953,156.969,-16.4085],[-27.9854,180.589,-23.2571],[-30.8887,195.906,-28.5662],[[[0.975687,-0.0190532,-0.218341],[0.15913,0.746614,0.645945],[0.150709,-0.664984,0.731494]],[[0.946619,0.0703988,-0.314573],[0.287345,0.258004,0.922424],[0.146098,-0.963576,0.224002]],[[0.946619,0.0703988,-0.314573],[0.278801,0.311042,0.908583],[0.161809,-0.947785,0.274812]],[[0.946619,0.0703988,-0.314573],[0.269875,0.360619,0.892817],[0.176294,-0.930053,0.32237]]],2],[1803,[0.0957038,0.947852,-0.304004],180,56.4635,[8.43781,186.372,-26.4415],[8.73665,185.544,-27.4447],[135.751,-100.929,-95.1149],false,[1.90347,76.4701,35.4239],[1.8938,113.261,-5.31969],[6.05017,150.867,-15.4018],[8.3736,173.879,-22.7822],[9.77448,189.168,-28.4732],[[[0.972439,-0.172932,-0.156384],[0.233155,0.721767,0.651684],[0.000176108,-0.670185,0.742194]],[[0.972079,-0.154731,-0.176413],[0.209274,0.23157,0.950042],[-0.106149,-0.960434,0.257485]],[[0.972079,-0.154731,-0.176413],[0.214252,0.278632,0.936195],[-0.0957038,-0.947852,0.304004]],[[0.972079,-0.154731,-0.176413],[0.218504,0.322761,0.920913],[-0.0855543,-0.933747,0.347558]]],3],[1804,[0.324326,0.89913,-0.293901],180,44.2663,[38.355,161.431,-21.1941],[39.3525,160.128,-22.4438],[80.897,-128.318,-90.2099],false,[12.2651,71.4702,30.6064],[19.4167,106.548,-5.45905],[29.9245,134.762,-12.7961],[35.4837,150.174,-17.8338],[40.1554,163.548,-23.076],[[[0.913943,-0.3662,-0.174945],[0.38066,0.624019,0.682421],[-0.140733,-0.690288,0.709716]],[[0.910751,-0.380767,-0.159844],[0.235688,0.161439,0.958326],[-0.339094,-0.910469,0.236773]],[[0.910751,-0.380767,-0.159844],[0.255628,0.215828,0.942376],[-0.324326,-0.89913,0.293901]],[[0.910751,-0.380767,-0.159844],[0.273662,0.266623,0.924133],[-0.309261,-0.885398,0.347029]]],4]],[[0,200,0],[235.247,235.247,147.751]]],[177033,7379958598,[[180,"right",[-0.105308,0.771383,-0.627597],[-0.0453969,-0.634177,-0.771854],[-12.1495,96.8293,3.79826],[32.4159,-50.73,-13.5885],[-12.2081,99.097,4.59349],0,0,0.490118,[[0.961324,0.0791591,-0.263798],[-0.0352107,0.98527,0.167341],[0.273159,-0.15158,0.949951]],55.8426,[64.2775,27.2108,260.519],[-0.357643,63.0778,35.7409]]],[[1800,[-0.50796,0.703021,-0.497732],180,45.6734,[-82.1512,113.234,0.692686],[-82.5295,113.14,1.24938],[65.2801,51.0259,-7.70473],false,[-25.2904,53.4432,32.861],[-25.2904,53.4432,32.861],[-56.2779,81.9661,21.0299],[-71.456,102.973,6.15737],[-84.8548,116.807,-0.895621],[[[0.419798,0.738991,0.526937],[-0.738084,-0.059917,0.672043],[0.528206,-0.671046,0.520284]],[[0.442638,0.70874,0.549325],[-0.549839,-0.2694,0.790633],[0.708342,-0.652005,0.270446]],[[0.442638,0.70874,0.549325],[-0.738951,-0.0587198,0.671196],[0.50796,-0.703021,0.497732]],[[0.442638,0.70874,0.549325],[-0.614252,-0.206647,0.761572],[0.653273,-0.674525,0.343876]]],0],[1801,[-0.437401,0.862218,-0.255462],180,51.5374,[-66.7385,174.904,-22.8117],[-66.4238,174.779,-23.3775],[150.055,35.8433,2.5416],false,[-18.4784,71.9174,39.4825],[-36.1669,113.773,-6.25798],[-52.0867,147.033,-13.8705],[-61.3519,165.296,-19.2818],[-68.0854,177.868,-23.844],[[[0.961619,0.181559,-0.205732],[0.00475255,0.738649,0.674073],[0.274348,-0.649179,0.709436]],[[0.868399,0.331194,-0.369045],[0.259039,0.33162,0.907153],[0.422826,-0.883368,0.202186]],[[0.868399,0.331194,-0.369045],[0.233589,0.383264,0.893613],[0.437401,-0.862218,0.255462]],[[0.868399,0.331194,-0.369045],[0.208944,0.430544,0.878051],[0.449695,-0.839609,0.304683]]],1],[1802,[-0.145716,0.950557,-0.274241],180,58.7227,[-29.0199,192.487,-27.0642],[-27.9805,191.991,-28.3437],[147.105,-37.037,-37.8702],false,[-8.3477,75.2926,37.9257],[-16.9173,116.067,-6.82284],[-22.3947,156.873,-16.2682],[-26.0261,180.562,-23.1025],[-28.6705,195.93,-28.3998],[[[0.974849,-0.0364164,-0.219872],[0.173279,0.744278,0.645],[0.140157,-0.666876,0.731869]],[[0.947043,0.0538478,-0.316559],[0.293761,0.25281,0.921841],[0.129669,-0.966016,0.223604]],[[0.947043,0.0538478,-0.316559],[0.286141,0.305845,0.908065],[0.145716,-0.950557,0.274241]],[[0.947043,0.0538478,-0.316559],[0.278075,0.355452,0.892372],[0.160574,-0.933142,0.321655]]],2],[1803,[0.112195,0.945776,-0.304827],180,56.4635,[10.4694,185.432,-26.9014],[10.8128,184.852,-27.4159],[165.962,-97.5731,-70.5628],false,[2.13229,75.9692,35.5529],[2.70468,112.718,-5.22466],[7.51558,150.235,-15.3504],[10.2394,173.195,-22.7508],[11.9062,188.455,-28.4508],[[[0.968994,-0.190158,-0.157768],[0.246865,0.718136,0.650644],[-0.0104267,-0.669417,0.742813]],[[0.968926,-0.172178,-0.177587],[0.214678,0.228745,0.949521],[-0.122865,-0.958139,0.258599]],[[0.968926,-0.172178,-0.177587],[0.220442,0.27543,0.935705],[-0.112195,-0.945776,0.304827]],[[0.968926,-0.172178,-0.177587],[0.225432,0.319217,0.920479],[-0.101798,-0.931909,0.348112]]],3],[1804,[0.339521,0.893111,-0.295091],180,44.2663,[39.8873,160.001,-21.638],[40.9469,158.911,-22.4372],[110.339,-133.852,-67.5946],false,[12.3966,70.7834,30.7236],[20.1065,105.698,-5.38562],[31.0941,133.718,-12.7608],[36.9138,149.027,-17.8189],[41.8101,162.314,-23.0785],[[[0.907076,-0.382384,-0.176057],[0.392676,0.617836,0.681237],[-0.15172,-0.687067,0.710577]],[[0.903682,-0.396757,-0.161065],[0.240069,0.157968,0.957817],[-0.354577,-0.904229,0.238002]],[[0.903682,-0.396757,-0.161065],[0.260928,0.211983,0.941796],[-0.339521,-0.893111,0.295091]],[[0.903682,-0.396757,-0.161065],[0.279817,0.262438,0.923487],[-0.32413,-0.879608,0.34818]]],4]],[[0,200,0],[235.247,235.247,147.751]]],[177034,7379967652,[[180,"right",[-0.0878509,0.770317,-0.63158],[-0.0693956,-0.637224,-0.767548],[-11.515,96.3408,3.71476],[42.8078,-51.6207,-12.3836],[-12.1329,98.7978,4.49809],0,0,0.484069,[[0.964269,0.047131,-0.260698],[-0.00640118,0.987906,0.154924],[0.264847,-0.14772,0.952909]],55.8426,[62.2119,27.5026,261.257],[-0.456454,62.4563,35.7786]]],[[1800,[-0.492752,0.713301,-0.498395],180,45.6734,[-80.9612,114.639,0.779512],[-81.3184,114.662,1.38804],[83.4506,81.3287,-3.12993],false,[-25.6765,53.5253,33.1421],[-25.6765,53.5253,33.1421],[-55.8541,82.8563,21.194],[-70.5778,104.17,6.30176],[-83.5754,118.341,-0.83443],[[[0.444794,0.729761,0.519237],[-0.734415,-0.0346462,0.677816],[0.512633,-0.682824,0.520537]],[[0.466219,0.700024,0.540931],[-0.553872,-0.245816,0.795487],[0.68983,-0.670478,0.27312]],[[0.466219,0.700024,0.540931],[-0.734735,-0.0341836,0.677493],[0.492752,-0.713301,0.498395]],[[0.466219,0.700024,0.540931],[-0.617295,-0.18058,0.765727],[0.633708,-0.69091,0.347932]]],0],[1801,[-0.413339,0.872815,-0.259507],180,51.5374,[-63.9401,175.802,-23.0627],[-63.6896,175.667,-23.5852],[193.324,52.8983,-6.8274],false,[-18.2873,71.8353,39.5986],[-35.1113,113.907,-6.26939],[-50.0831,147.573,-14.0185],[-58.8386,166.062,-19.5155],[-65.2281,178.788,-24.1435],[[[0.964856,0.152604,-0.213927],[0.0310309,0.742233,0.669423],[0.26094,-0.652535,0.711412]],[[0.875623,0.302785,-0.376306],[0.27416,0.329851,0.903346],[0.397644,-0.894159,0.205813]],[[0.875623,0.302785,-0.376306],[0.249871,0.382773,0.88941],[0.413339,-0.872815,0.259507]],[[0.875623,0.302785,-0.376306],[0.226246,0.43122,0.87342],[0.426729,-0.849924,0.309082]]],1],[1802,[-0.12058,0.953011,-0.277903],180,58.7227,[-25.9486,192.242,-27.5046],[-24.8601,191.756,-28.7928],[202.175,-33.9869,-41.7507],false,[-8.07594,74.9085,37.9463],[-15.8087,115.644,-6.99014],[-20.1907,156.543,-16.6047],[-23.1957,180.293,-23.5303],[-25.4399,195.705,-28.8827],[[[0.971717,-0.0657429,-0.226811],[0.199426,0.74284,0.639075],[0.12647,-0.666233,0.734942]],[[0.945637,0.0250922,-0.324256],[0.308237,0.248874,0.918179],[0.103738,-0.968211,0.22761]],[[0.945637,0.0250922,-0.324256],[0.302046,0.301894,0.904228],[0.12058,-0.953011,0.277903]],[[0.945637,0.0250922,-0.324256],[0.295298,0.351516,0.888389],[0.136273,-0.935845,0.324997]]],2],[1803,[0.138197,0.940024,-0.311858],180,56.4635,[13.35,184.086,-27.6547],[13.8172,183.469,-28.2139],[211.956,-113.724,-76.2253],false,[2.40098,75.2693,35.4922],[3.72059,111.741,-5.51568],[9.57727,149.034,-15.9156],[12.9323,171.855,-23.4866],[15.0129,187.02,-29.302],[[[0.96192,-0.218878,-0.163712],[0.272271,0.714629,0.64434],[-0.0240384,-0.664378,0.74701]],[[0.962221,-0.202018,-0.182538],[0.227508,0.228264,0.946645],[-0.149573,-0.95241,0.265601]],[[0.962221,-0.202018,-0.182538],[0.234592,0.27485,0.932429],[-0.138197,-0.940024,0.311858]],[[0.962221,-0.202018,-0.182538],[0.240802,0.318542,0.916813],[-0.127067,-0.926132,0.355154]]],3],[1804,[0.362673,0.8813,-0.30295],180,44.2663,[42.0021,157.939,-22.399],[43.134,156.722,-23.2799],[147.041,-163.427,-74.8093],false,[12.4756,69.7618,30.6198],[20.9121,104.223,-5.76115],[32.6401,131.874,-13.3857],[38.8566,146.98,-18.5785],[44.0909,160.091,-23.9538],[[[0.894374,-0.40935,-0.180352],[0.41537,0.610363,0.674481],[-0.166019,-0.678152,0.715925]],[[0.890718,-0.423401,-0.165386],[0.251753,0.156567,0.955043],[-0.378472,-0.892311,0.24605]],[[0.890718,-0.423401,-0.165386],[0.274024,0.209863,0.938546],[-0.362673,-0.8813,0.30295]],[[0.890718,-0.423401,-0.165386],[0.294206,0.259645,0.919797],[-0.346501,-0.867938,0.355838]]],4]],[[0,200,0],[235.247,235.247,147.751]]],[177035,7379975953,[[180,"right",[-0.0677469,0.770284,-0.634093],[-0.0879741,-0.637689,-0.765254],[-10.7533,96.1429,3.98403],[55.3538,-44.5012,-0.896967],[-11.9942,98.5309,4.44642],0,0,0.426535,[[0.966065,0.0179661,-0.257672],[0.019996,0.989382,0.143954],[0.257522,-0.144221,0.955449]],55.8426,[60.3601,27.9521,262.227],[-0.575101,62.0778,36.1479]]],[[1800,[-0.475167,0.723995,-0.500047],180,45.6734,[-79.6891,116.206,0.915112],[-79.9796,116.354,1.56598],[102.548,110.949,2.37696],false,[-26.0338,53.8306,33.5788],[-26.0338,53.8306,33.5788],[-55.3799,83.926,21.4616],[-69.5781,105.559,6.5199],[-82.1709,120.049,-0.701672],[[[0.465376,0.719088,0.516079],[-0.734035,-0.0122599,0.679001],[0.494589,-0.694811,0.52213]],[[0.485463,0.689691,0.537263],[-0.560647,-0.22594,0.796634],[0.670821,-0.687951,0.276988]],[[0.485463,0.689691,0.537263],[-0.733854,-0.0125356,0.679192],[0.475167,-0.723995,0.500047]],[[0.485463,0.689691,0.537263],[-0.622384,-0.158937,0.766406],[0.613974,-0.706445,0.352095]]],0],[1801,[-0.388653,0.883227,-0.262409],180,51.5374,[-60.9896,176.911,-23.0396],[-60.738,176.795,-23.5099],[236.067,74.318,-3.80605],false,[-18.1371,71.9536,39.9616],[-33.8762,114.314,-6.02596],[-47.8932,148.364,-13.8818],[-56.1258,167.073,-19.4402],[-62.1562,179.957,-24.1124],[[[0.968333,0.125448,-0.215857],[0.0523412,0.743374,0.666825],[0.244114,-0.657006,0.713268]],[[0.883636,0.27661,-0.377723],[0.283884,0.324989,0.902104],[0.372287,-0.904361,0.208647]],[[0.883636,0.27661,-0.377723],[0.26103,0.378677,0.887956],[0.388653,-0.883227,0.262409]],[[0.883636,0.27661,-0.377723],[0.238711,0.427854,0.871756],[0.402746,-0.860481,0.312037]]],1],[1802,[-0.0950279,0.955258,-0.280092],180,58.7227,[-22.7235,192.214,-27.592],[-21.5437,191.803,-28.7452],[253.091,-23.9161,-30.153],false,[-7.84808,74.7409,38.2839],[-14.5344,115.52,-6.78081],[-17.8174,156.498,-16.4954],[-20.1856,180.304,-23.4755],[-22.0176,195.759,-28.8612],[[[0.969205,-0.0930471,-0.228],[0.220643,0.739276,0.636229],[0.109356,-0.666943,0.73704]],[[0.945355,-0.00155552,-0.326039],[0.316644,0.242749,0.916957],[0.0777192,-0.970088,0.229976]],[[0.945355,-0.00155552,-0.326039],[0.311887,0.295769,0.90291],[0.0950279,-0.955258,0.280092]],[[0.945355,-0.00155552,-0.326039],[0.306479,0.345424,0.886991],[0.111242,-0.938445,0.327025]]],2],[1803,[0.164342,0.934561,-0.315576],180,56.4635,[16.3722,182.956,-27.9298],[16.9766,182.426,-28.2812],[255.227,-117.613,-59.3377],false,[2.63097,74.8069,35.8134],[4.88315,111.09,-5.32143],[11.7797,148.164,-15.8631],[15.7695,170.853,-23.5245],[18.2708,185.929,-29.402],[[[0.955324,-0.245642,-0.164362],[0.292698,0.709102,0.641485],[-0.0410263,-0.660935,0.749321]],[[0.956035,-0.229685,-0.182326],[0.234469,0.225273,0.945662],[-0.176131,-0.946835,0.269223]],[[0.956035,-0.229685,-0.182326],[0.242878,0.271738,0.931219],[-0.164342,-0.934561,0.315576]],[[0.956035,-0.229685,-0.182326],[0.250326,0.31532,0.915374],[-0.152756,-0.920771,0.358953]]],3],[1804,[0.395355,0.866109,-0.305859],180,44.2663,[44.6251,155.933,-22.6087],[45.8032,154.796,-23.2089],[198.925,-184.263,-55.1505],false,[12.5437,69.0096,30.9452],[21.8624,103.104,-5.56616],[34.6017,130.276,-13.2886],[41.3784,145.122,-18.5313],[47.1054,158.008,-23.9474],[[[0.882573,-0.434252,-0.180249],[0.43294,0.601066,0.671775],[-0.183378,-0.670928,0.71849]],[[0.876256,-0.455492,-0.157174],[0.251333,0.153756,0.95561],[-0.411106,-0.876862,0.249209]],[[0.876256,-0.455492,-0.157174],[0.275446,0.205871,0.939014],[-0.395355,-0.866109,0.305859]],[[0.876256,-0.455492,-0.157174],[0.297391,0.254585,0.920187],[-0.379124,-0.853062,0.358541]]],4]],[[0,200,0],[235.247,235.247,147.751]]],[177036,7379984622,[[180,"right",[-0.0421835,0.765943,-0.641523],[-0.109119,-0.641785,-0.759082],[-9.81891,95.9243,4.27792],[69.2988,-39.3727,8.35809],[-11.7643,98.2554,4.42861],0,0,0.430254,[[0.966644,-0.0172443,-0.255542],[0.052569,0.989847,0.132058],[0.250671,-0.141086,0.957736]],55.8426,[58.5389,28.4687,263.393],[-0.77499,61.8526,36.7721]]],[[1800,[-0.453317,0.733357,-0.506647],180,45.6734,[-78.065,118.148,0.871389],[-78.3009,118.371,1.49734],[125.478,141.024,-1.30458],false,[-26.4935,54.4302,34.2759],[-26.4935,54.4302,34.2759],[-54.8006,85.3365,21.7357],[-68.346,107.25,6.59682],[-80.4139,122.066,-0.853725],[[[0.489001,0.708207,0.509235],[-0.734006,0.0186619,0.678887],[0.471289,-0.705758,0.528954]],[[0.507323,0.679635,0.52983],[-0.56914,-0.197411,0.798191],[0.647073,-0.706488,0.286656]],[[0.507323,0.679635,0.52983],[-0.732889,0.0168526,0.680139],[0.453317,-0.733357,0.506647]],[[0.507323,0.679635,0.52983],[-0.629628,-0.127452,0.766371],[0.58838,-0.722393,0.363258]]],0],[1801,[-0.357565,0.894019,-0.269958],180,51.5374,[-57.2429,178.113,-23.4523],[-57.037,177.968,-23.9443],[288.296,91.0925,-16.2626],false,[-17.9994,72.3421,40.4855],[-32.3267,114.755,-5.91347],[-45.1544,149.198,-14.082],[-52.7284,168.135,-19.8003],[-58.3024,181.187,-24.575],[[[0.971952,0.0911613,-0.216793],[0.0770069,0.747638,0.659626],[0.222215,-0.65782,0.719648]],[[0.892928,0.242616,-0.379231],[0.294284,0.322926,0.899509],[0.340699,-0.914798,0.216952]],[[0.892928,0.242616,-0.379231],[0.273544,0.376653,0.885046],[0.357565,-0.894019,0.269958]],[[0.892928,0.242616,-0.379231],[0.253184,0.425909,0.868619],[0.372259,-0.87163,0.31888]]],1],[1802,[-0.0633857,0.955382,-0.288493],180,58.7227,[-18.6531,192.048,-28.0592],[-17.4374,191.595,-29.2949],[312.12,-23.8109,-39.6663],false,[-7.62373,74.7702,38.7838],[-12.9556,115.311,-6.67465],[-14.8824,156.287,-16.7539],[-16.462,180.096,-23.9434],[-17.7817,195.556,-29.4637],[[[0.965574,-0.127349,-0.226826],[0.245078,0.737663,0.629118],[0.087203,-0.66305,0.743478]],[[0.944675,-0.0357811,-0.326051],[0.324822,0.240281,0.914744],[0.0456135,-0.970044,0.23861]],[[0.944675,-0.0357811,-0.326051],[0.321826,0.293199,0.900257],[0.0633857,-0.955382,0.288493]],[[0.944675,-0.0357811,-0.326051],[0.31807,0.342776,0.883932],[0.0801345,-0.938736,0.335193]]],2],[1803,[0.196154,0.925214,-0.324811],180,56.4635,[20.1548,181.466,-28.4177],[20.8285,180.912,-28.8123],[305.479,-133.71,-60.3383],false,[2.85162,74.4646,36.3155],[6.30439,110.253,-5.16723],[14.4627,146.965,-16.0695],[19.2248,169.427,-23.955],[22.2393,184.35,-29.9838],[[[0.946641,-0.278778,-0.16172],[0.316093,0.705167,0.634685],[-0.0628965,-0.651937,0.75566]],[[0.947833,-0.263781,-0.178976],[0.24125,0.226616,0.943633],[-0.208354,-0.937584,0.278431]],[[0.947833,-0.263781,-0.178976],[0.25127,0.27276,0.92869],[-0.196154,-0.925214,0.324811]],[[0.947833,-0.263781,-0.178976],[0.26023,0.316032,0.912362],[-0.184102,-0.911341,0.368189]]],3],[1804,[0.441859,0.841824,-0.309988],180,44.2663,[48.3355,153.189,-22.7349],[49.3309,152.117,-23.246],[265.68,-222.864,-42.9144],false,[12.5663,68.2948,31.5063],[23.0093,101.707,-5.33015],[37.1497,128.108,-13.2843],[44.7235,142.538,-18.5978],[51.1716,155.072,-24.0305],[[[0.867671,-0.465015,-0.175804],[0.452675,0.592836,0.666056],[-0.205503,-0.6575,0.724888]],[[0.855473,-0.499428,-0.136884],[0.24482,0.157126,0.956752],[-0.456321,-0.851988,0.256687]],[[0.855473,-0.499428,-0.136884],[0.270049,0.204703,0.940835],[-0.441858,-0.841824,0.309988]],[[0.855473,-0.499428,-0.136884],[0.293191,0.249232,0.922997],[-0.426854,-0.829732,0.359639]]],4]],[[0,200,0],[235.247,235.247,147.751]]],[177037,7379993249,[[180,"right",[-0.0109503,0.75554,-0.655011],[-0.134798,-0.650186,-0.747721],[-8.66663,95.2035,4.3155],[86.3215,-51.0723,7.29809],[-11.4268,97.9229,4.41628],0,0,0.438382,[[0.965525,-0.0607183,-0.253131],[0.0927804,0.988823,0.116707],[0.243216,-0.136169,0.960367]],55.8426,[56.5309,29.1543,264.659],[-1.01907,61.3746,37.4163]]],[[1800,[-0.424383,0.741912,-0.5191],180,45.6734,[-76.0172,120.126,0.506636],[-76.1819,120.351,1.04902],[156.762,162.975,-14.4318],false,[-27.0163,54.9563,35.0259],[-27.0163,54.9563,35.0259],[-54.0421,86.7507,21.8931],[-66.7229,108.919,6.38207],[-78.1695,124.076,-1.35948],[[[0.517131,0.69674,0.497121],[-0.732843,0.0603811,0.677713],[0.442173,-0.714778,0.541826]],[[0.534152,0.668035,0.518084],[-0.577084,-0.15971,0.800916],[0.617783,-0.726789,0.300203]],[[0.534152,0.668035,0.518084],[-0.73115,0.057412,0.679797],[0.424384,-0.741912,0.519101]],[[0.534152,0.668035,0.518084],[-0.634994,-0.0875242,0.767543],[0.558091,-0.738965,0.377447]]],0],[1801,[-0.321096,0.902594,-0.286742],180,51.5374,[-52.7734,178.747,-24.8955],[-52.5198,178.575,-25.4155],[350.769,85.4367,-58.2369],false,[-17.8057,72.6169,40.9263],[-30.3905,114.746,-6.22993],[-41.8156,149.522,-15.0454],[-48.6171,168.641,-21.1192],[-53.6578,181.817,-26.1388],[[[0.974908,0.0478875,-0.217396],[0.107027,0.755474,0.646377],[0.19519,-0.653426,0.731393]],[[0.902181,0.199439,-0.382484],[0.30658,0.327295,0.893805],[0.303444,-0.923635,0.234135]],[[0.902181,0.199439,-0.382484],[0.28804,0.381507,0.878342],[0.321096,-0.902594,0.286742]],[[0.902181,0.199439,-0.382484],[0.269704,0.4312,0.861003],[0.336645,-0.879938,0.335231]]],1],[1802,[-0.0261553,0.951835,-0.305494],180,58.7227,[-13.8508,191.16,-29.4708],[-12.4722,190.514,-30.8959],[381.01,-50.7275,-80.1743],false,[-7.33972,74.5924,39.1923],[-11.0126,114.504,-6.98138],[-11.3357,155.342,-17.7763],[-11.9875,179.063,-25.3895],[-12.7073,194.459,-31.1896],[[[0.95969,-0.170329,-0.223568],[0.274566,0.738165,0.616219],[0.0600699,-0.652764,0.755176]],[[0.94222,-0.0786234,-0.325638],[0.334908,0.243276,0.910304],[0.00764856,-0.966765,0.255551]],[[0.94222,-0.0786234,-0.325638],[0.333972,0.29636,0.894781],[0.0261553,-0.951835,0.305494]],[[0.94222,-0.0786234,-0.325638],[0.332132,0.346075,0.877451],[0.0437068,-0.934907,0.352192]]],2],[1803,[0.236491,0.909537,-0.341781],180,56.4635,[24.7621,179.022,-29.6592],[25.5967,178.228,-30.2627],[371.937,-182.283,-90.0633],false,[3.11537,73.8194,36.7403],[8.02638,108.699,-5.3654],[17.7812,144.813,-16.9331],[23.5226,166.894,-25.2306],[27.1893,181.554,-31.5362],[[[0.934623,-0.319691,-0.155814],[0.344205,0.702924,0.622431],[-0.08946,-0.63537,0.767008]],[[0.936164,-0.307471,-0.170465],[0.248057,0.234099,0.940035],[-0.249128,-0.922312,0.295425]],[[0.936164,-0.307471,-0.170465],[0.260133,0.27965,0.92419],[-0.236491,-0.909537,0.341781]],[[0.936164,-0.307471,-0.170465],[0.271022,0.322338,0.906998],[-0.223928,-0.895299,0.385092]]],3],[1804,[0.486657,0.81168,-0.323018],180,44.2663,[52.3902,149.411,-23.3898],[53.1837,148.228,-24.0201],[319.162,-287.228,-56.8487],false,[12.5737,67.1772,32.0507],[24.3716,99.4813,-5.36037],[39.8937,124.958,-13.7416],[48.2354,138.871,-19.2784],[55.3615,150.947,-24.8974],[[[0.848181,-0.502799,-0.166681],[0.476118,0.58573,0.655921],[-0.232166,-0.635699,0.736197]],[[0.830621,-0.544466,-0.116726],[0.243227,0.166187,0.955627],[-0.500908,-0.822155,0.270467]],[[0.830621,-0.544466,-0.116726],[0.270617,0.2115,0.939167],[-0.486657,-0.81168,0.323018]],[[0.830621,-0.544466,-0.116726],[0.295843,0.253906,0.920874],[-0.471747,-0.79943,0.371976]]],4]],[[0,200,0],[235.247,235.247,147.751]]],[177038,7380001977,[[180,"right",[0.0292649,0.756569,-0.653259],[-0.19377,-0.636848,-0.746243],[-7.92916,93.9832,3.17657],[85.8326,-74.8117,-29.5619],[-11.0289,97.4747,4.27525],0,0,0.28204,[[0.958617,-0.133925,-0.251232],[0.160177,0.983243,0.0870397],[0.235365,-0.123679,0.964006]],55.8426,[53.6627,30.3337,264.166],[-2.02965,59.5988,36.0619]]],[[1800,[-0.387437,0.768054,-0.509888],180,45.6734,[-73.6563,123.087,0.298693],[-73.669,123.61,0.964141],[187.087,214.274,-15.6104],false,[-28.4507,55.0103,34.1549],[-28.4507,55.0103,34.1549],[-53.4983,88.5153,21.3568],[-65.0751,111.465,6.12113],[-75.5998,127.336,-1.49506],[[[0.573618,0.657521,0.488496],[-0.713954,0.108993,0.691658],[0.401537,-0.745511,0.53196]],[[0.586822,0.632028,0.506142],[-0.57255,-0.118122,0.811316],[0.572561,-0.76589,0.292551]],[[0.586822,0.632028,0.506142],[-0.711008,0.103115,0.695582],[0.387437,-0.768054,0.509888]],[[0.586822,0.632028,0.506142],[-0.626355,-0.0418174,0.778415],[0.513146,-0.773816,0.371335]]],0],[1801,[-0.259685,0.927041,-0.27048],180,51.5374,[-46.5172,180.612,-24.6033],[-46.2901,180.444,-25.1605],[450.612,121.618,-30.4961],false,[-17.9246,71.9691,39.9121],[-28.4365,115.022,-6.91644],[-37.4829,150.619,-15.2019],[-42.9836,170.256,-20.9313],[-47.1339,183.836,-25.6796],[[[0.971603,-0.0192841,-0.23583],[0.171482,0.744135,0.645645],[0.163038,-0.667751,0.726311]],[[0.906503,0.13746,-0.399195],[0.347162,0.295399,0.890066],[0.240271,-0.945433,0.220059]],[[0.906503,0.13746,-0.399195],[0.332889,0.348855,0.876062],[0.259685,-0.927041,0.27048]],[[0.906503,0.13746,-0.399195],[0.31847,0.398113,0.86028],[0.277179,-0.906979,0.317114]]],1],[1802,[0.0328741,0.952361,-0.303196],180,58.7227,[-7.4613,190.108,-30.4816],[-5.83169,189.462,-31.7217],[482.817,-69.8919,-85.5088],false,[-7.38115,73.2181,37.9829],[-9.13986,113.436,-8.0372],[-6.88065,154.238,-18.7371],[-6.0614,177.972,-26.2931],[-5.84481,193.398,-32.0545],[[[0.941133,-0.235895,-0.242122],[0.336812,0.715321,0.612269],[0.0287641,-0.657776,0.752664]],[[0.92791,-0.141797,-0.344785],[0.368948,0.216603,0.903859],[-0.053483,-0.965907,0.253303]],[[0.92791,-0.141797,-0.344785],[0.371352,0.270005,0.888367],[-0.0328741,-0.952361,0.303196]],[[0.92791,-0.141797,-0.344785],[0.372572,0.320087,0.871054],[-0.0131517,-0.936717,0.349841]]],2],[1803,[0.295156,0.890873,-0.345295],180,56.4635,[30.4974,175.471,-31.2757],[31.5354,174.476,-31.9136],[454.97,-250.832,-118.02],false,[2.94675,71.7282,35.3308],[9.47633,106.317,-6.79499],[21.5949,141.662,-18.5026],[28.7605,163.29,-26.8854],[33.3589,177.659,-33.2474],[[[0.907021,-0.383369,-0.174184],[0.403936,0.675307,0.617087],[-0.118944,-0.630071,0.767374]],[[0.908795,-0.373319,-0.186344],[0.279829,0.214056,0.935882],[-0.309495,-0.90267,0.298998]],[[0.908795,-0.373319,-0.186344],[0.294914,0.258802,0.919808],[-0.295156,-0.890873,0.345295]],[[0.908795,-0.373319,-0.186344],[0.308582,0.300768,0.902394],[-0.280835,-0.877594,0.388537]]],3],[1804,[0.541377,0.772345,-0.332257],180,44.2663,[56.5469,143.94,-25.3327],[57.1828,142.484,-26.2408],[358.422,-390.137,-112.387],false,[11.8301,64.4598,30.4495],[25.1381,95.9856,-7.11857],[42.4054,120.214,-15.7836],[51.6851,133.452,-21.4788],[59.6123,144.949,-27.2378],[[[0.807865,-0.559991,-0.183749],[0.527988,0.549122,0.647838],[-0.261883,-0.620383,0.739285]],[[0.785679,-0.605426,-0.127156],[0.268712,0.148842,0.951651],[-0.557228,-0.78186,0.279627]],[[0.785679,-0.605426,-0.127156],[0.299365,0.192208,0.934578],[-0.541377,-0.772345,0.332257]],[[0.785679,-0.605426,-0.127156],[0.327594,0.232809,0.915687],[-0.524777,-0.761091,0.381247]]],4]],[[0,200,0],[235.247,235.247,147.751]]],[177039,7380010603,[[180,"right",[0.0635248,0.743224,-0.66602],[-0.202885,-0.643814,-0.737795],[-6.87158,94.278,3.22726],[95.5712,-45.948,-20.1764],[-10.548,97.1049,4.15403],0,0,0.301265,[[0.9533,-0.166394,-0.252055],[0.190771,0.978734,0.0754082],[0.234147,-0.119971,0.96477]],55.8426,[52.8221,31.9394,265.09],[-2.58207,60.3272,36.8053]]],[[1800,[-0.36918,0.771548,-0.518092],180,45.6734,[-72.0153,125.47,-0.649803],[-71.9228,125.892,-0.352346],[182.916,226.286,-44.8803],false,[-29.1054,56.5516,34.565],[-29.1054,56.5516,34.565],[-52.9857,90.5302,20.8192],[-64.017,113.584,5.3384],[-73.9965,129.612,-2.67424],[[[0.58706,0.647638,0.485722],[-0.720455,0.144336,0.678316],[0.369196,-0.748153,0.551327]],[[0.598333,0.623892,0.502748],[-0.586528,-0.0864351,0.805304],[0.545878,-0.776716,0.314213]],[[0.598333,0.623892,0.502748],[-0.711128,0.124387,0.691972],[0.36918,-0.771548,0.518092]],[[0.598333,0.623892,0.502748],[-0.636597,-0.0108704,0.77112],[0.486561,-0.781435,0.390664]]],0],[1801,[-0.225009,0.930123,-0.290245],180,51.5374,[-42.1053,181.628,-26.5066],[-41.9635,181.417,-27.1808],[464.385,119.354,-84.8034],false,[-18.1264,73.2673,40.1854],[-26.5348,115.774,-7.55785],[-34.2823,151.496,-16.5878],[-39.0485,171.198,-22.7359],[-42.6788,184.821,-27.7794],[[[0.973934,-0.0546213,-0.220157],[0.185593,0.749909,0.634974],[0.130414,-0.659283,0.740499]],[[0.916507,0.100928,-0.387077],[0.343036,0.299457,0.89031],[0.20577,-0.948757,0.239833]],[[0.916507,0.100928,-0.387077],[0.330735,0.353107,0.875174],[0.225009,-0.930123,0.290245]],[[0.916507,0.100928,-0.387077],[0.318173,0.402552,0.858323],[0.242447,-0.909816,0.336829]]],1],[1802,[0.0587542,0.942885,-0.327896],180,58.7227,[-3.05768,189.415,-32.4831],[-1.66465,188.931,-33.601],[475.653,-70.0412,-131.979],false,[-7.52015,74.1433,38.4003],[-7.28463,113.553,-8.34703],[-3.91801,154,-20.0517],[-2.4538,177.498,-28.2232],[-1.81662,192.75,-34.4016],[[[0.936594,-0.270226,-0.223089],[0.350394,0.715222,0.604716],[-0.00385198,-0.644543,0.764558]],[[0.927137,-0.17331,-0.332235],[0.366148,0.23042,0.901577],[-0.0796991,-0.957533,0.277089]],[[0.927137,-0.17331,-0.332235],[0.370087,0.284484,0.884366],[-0.0587542,-0.942885,0.327896]],[[0.927137,-0.17331,-0.332235],[0.372719,0.33497,0.865376],[-0.0386901,-0.926153,0.375159]]],2],[1803,[0.329458,0.873003,-0.359616],180,56.4635,[35.1166,173.24,-32.3845],[35.7812,172.739,-32.776],[463.627,-239.234,-115.447],false,[2.7933,72.276,35.9377],[11.0714,105.865,-6.68655],[24.5399,140.547,-18.8902],[32.5383,161.742,-27.6207],[37.6935,175.803,-34.2411],[[[0.896722,-0.415273,-0.153093],[0.416113,0.673177,0.611296],[-0.150796,-0.611867,0.776453]],[[0.89874,-0.406692,-0.163916],[0.271941,0.223725,0.935946],[-0.34397,-0.885747,0.311667]],[[0.89874,-0.406692,-0.163916],[0.289352,0.269198,0.91859],[-0.329458,-0.873003,0.359616]],[[0.89874,-0.406692,-0.163916],[0.305191,0.311768,0.899811],[-0.314842,-0.858721,0.404317]]],3],[1804,[0.575529,0.745211,-0.336788],180,44.2663,[60.0919,140.651,-25.5811],[60.4277,139.988,-25.9675],[364.26,-365.473,-74.5306],false,[11.5105,64.6397,31.326],[26.3951,95.0347,-6.58094],[44.6975,118.437,-15.3913],[54.5625,131.21,-21.1641],[63.0151,142.292,-26.9895],[[[0.792079,-0.58878,-0.161084],[0.535552,0.543672,0.646223],[-0.292907,-0.598129,0.745954]],[[0.765338,-0.63593,-0.0992551],[0.255762,0.158975,0.953579],[-0.59063,-0.755196,0.284317]],[[0.765338,-0.63593,-0.0992551],[0.28814,0.200633,0.936334],[-0.575529,-0.745211,0.336788]],[[0.765338,-0.63593,-0.0992551],[0.318053,0.239604,0.917296],[-0.559554,-0.73361,0.385637]]],4]],[[0,200,0],[235.247,235.247,147.751]]],[177040,7380019255,[[180,"right",[0.0958902,0.723598,-0.683528],[-0.213022,-0.655865,-0.724198],[-5.65947,94.2742,3.12195],[107.394,-33.8662,-18.051],[-9.9592,96.764,4.02972],0,0,0.325489,[[0.947088,-0.198617,-0.252141],[0.221282,0.973063,0.0646709],[0.232505,-0.117043,0.965527]],55.8426,[52.1201,33.382,266.066],[-2.89537,61.0769,37.6016]]],[[1800,[-0.363862,0.774772,-0.517043],180,45.6734,[-71.0139,127.597,-1.00317],[-70.5551,127.853,-1.16672],[160.82,228.92,-40.1356],false,[-29.4916,58.072,35.0768],[-29.4916,58.072,35.0768],[-52.3358,92.3971,20.4589],[-63.2082,115.548,5.00943],[-73.1178,131.68,-2.87948],[[[0.600508,0.641285,0.477644],[-0.724682,0.183989,0.664067],[0.337975,-0.744917,0.575214]],[[0.610839,0.617542,0.495497],[-0.595137,-0.0546344,0.801765],[0.522195,-0.784638,0.33415]],[[0.610839,0.617542,0.495497],[-0.703193,0.135537,0.697961],[0.363862,-0.774772,0.517043]],[[0.610839,0.617542,0.495497],[-0.627247,-0.00445289,0.778808],[0.483153,-0.786525,0.384632]]],0],[1801,[-0.191661,0.929532,-0.315019],180,51.5374,[-37.7945,181.948,-29.0996],[-37.5724,181.691,-29.8726],[475.654,96.4087,-144.6],false,[-18.0693,74.5765,40.4318],[-24.4888,116.088,-8.48148],[-30.9893,151.805,-18.4666],[-35.0491,171.494,-25.1394],[-38.1785,185.103,-30.5448],[[[0.974627,-0.0905039,-0.204722],[0.200471,0.75978,0.618503],[0.0995667,-0.64385,0.758646]],[[0.92417,0.0628673,-0.376772],[0.340737,0.310139,0.887531],[0.172648,-0.94861,0.2652]],[[0.92417,0.0628673,-0.376772],[0.330417,0.363344,0.871095],[0.191661,-0.929532,0.315019]],[[0.92417,0.0628673,-0.376772],[0.319732,0.412371,0.853066],[0.209,-0.908844,0.361]]],1],[1802,[0.0875158,0.930997,-0.35438],180,58.7227,[1.19065,188.315,-35.0007],[2.71964,187.742,-36.1055],[480.643,-88.835,-179.377],false,[-7.41755,75.0762,38.7775],[-5.30915,113.25,-8.93834],[-0.717929,153.243,-21.7374],[1.46304,176.444,-30.5689],[2.56917,191.483,-37.1897],[[[0.930567,-0.304847,-0.202764],[0.364494,0.719221,0.591494],[-0.0344832,-0.624331,0.780399]],[[0.925221,-0.207812,-0.317459],[0.363528,0.245835,0.898561],[-0.10869,-0.946773,0.302997]],[[0.925221,-0.207812,-0.317459],[0.369198,0.300097,0.879565],[-0.0875158,-0.930997,0.35438]],[[0.925221,-0.207812,-0.317459],[0.373436,0.350634,0.858837],[-0.0671648,-0.913165,0.402019]]],2],[1803,[0.361647,0.847924,-0.387604],180,56.4635,[39.4205,170.656,-34.3097],[40.0388,170.169,-34.6834],[468.619,-257.645,-150.945],false,[2.86447,72.8266,36.5108],[12.7718,105.04,-6.82188],[27.5417,138.835,-19.972],[36.3215,159.421,-29.3819],[41.9842,173.029,-36.5144],[[[0.885207,-0.446745,-0.12972],[0.428763,0.675335,0.600071],[-0.180474,-0.586807,0.789359]],[[0.886909,-0.441055,-0.137339],[0.26666,0.246052,0.931853],[-0.377206,-0.863092,0.335838]],[[0.886909,-0.441055,-0.137339],[0.287408,0.294101,0.911538],[-0.361647,-0.847924,0.387604]],[[0.886909,-0.441055,-0.137339],[0.306258,0.338835,0.889605],[-0.34583,-0.83106,0.435592]]],3],[1804,[0.606845,0.716258,-0.344548],180,44.2663,[63.4455,137.508,-25.7518],[63.6096,137.013,-26.1428],[365.733,-360.751,-59.1641],false,[11.3988,64.8074,32.2182],[27.7444,93.7445,-6.22406],[46.9838,116.264,-15.3318],[57.3857,128.542,-21.2377],[66.3271,139.182,-27.1547],[[[0.775276,-0.617061,-0.134843],[0.543585,0.543114,0.639955],[-0.321657,-0.56944,0.756489]],[[0.744562,-0.663984,-0.068932],[0.245249