{"metadata":{"formatVersion":2,"generatedBy":"LeapJS Playback 0.2.1","frames":27,"frameRate":"79","modified":"Sun Apr 12 2015 22:32:26 GMT-0300 (E. South America Standard Time)","title":"tenis"},"frames":[["id","timestamp",{"hands":[["id","type","direction","palmNormal","palmPosition","palmVelocity","stabilizedPalmPosition","pinchStrength","grabStrength","confidence","armBasis","armWidth","elbow","wrist"]]},{"pointables":[["id","direction","handId","length","stabilizedTipPosition","tipPosition","tipVelocity","tool","carpPosition","mcpPosition","pipPosition","dipPosition","btipPosition","bases","type"]]},{"interactionBox":["center","size"]}],[184876,7490025465,[[199,"left",[0.695983,-0.029526,-0.71745],[0.602493,-0.519568,0.605848],[-61.7141,115.056,25.7896],[6.41656,10.395,11.7185],[-68.5183,113.022,24.2398],0.629622,0,0.486682,[[-0.460408,-0.849161,-0.258747],[-0.645838,0.520393,-0.558646],[-0.60903,0.0900961,0.788013]],55.0588,[-241.098,133.768,238.583],[-99.0108,112.749,54.7397]],[200,"right",[-0.605772,-0.181674,-0.774619],[-0.695312,-0.352378,0.626396],[61.5143,141.102,83.7496],[21.4839,-90.6944,-48.4064],[61.0225,142.377,84.5392],0.973345,0,0.458928,[[0.229214,-0.90378,-0.361446],[0.809422,0.383227,-0.444942],[0.540645,-0.190576,0.81938]],63.3552,[245.095,94.251,341.955],[99.9565,145.412,121.989]]],[[1990,[0.644638,-0.711891,-0.278662],199,45.0324,[-24.0062,90.1096,51.8566],[-22.4026,89.7573,51.9488],[7.95528,-1.04731,-0.96201],false,[-85.8232,129.022,70.9843],[-85.8232,129.022,70.9843],[-43.3359,125.322,64.5386],[-24.3441,104.348,56.329],[-21.4187,85.1579,50.6623],[[[-0.560274,0.11534,-0.820237],[-0.226666,0.93111,0.285758],[-0.79669,-0.346022,0.495533]],[[-0.122165,0.263897,-0.956783],[0.121526,0.960727,0.249469],[-0.985042,0.0857979,0.149438]],[[-0.122165,0.263897,-0.956783],[0.754664,0.650822,0.0831501],[-0.644638,0.711891,0.278662]],[[-0.122165,0.263897,-0.956783],[0.98191,0.172646,-0.0777547],[-0.144665,0.948974,0.280215]]],0],[1991,[0.951457,-0.183299,-0.247246],199,50.814,[18.5586,122.393,-4.55615],[25.5092,122.554,-4.26128],[6.92805,16.6675,12.8638],false,[-92.2901,131.577,51.7185],[-39.3524,133.861,16.5976],[-4.96068,129.557,3.30168],[14.9105,125.729,-1.86206],[29.0722,122.323,-4.2702],[[[-0.26825,-0.846754,-0.459402],[-0.48432,0.530771,-0.695497],[-0.832752,-0.0359304,0.552479]],[[-0.280468,-0.84719,-0.451227],[-0.251116,0.518485,-0.817382],[-0.926433,0.115939,0.358162]],[[-0.280468,-0.84719,-0.451227],[-0.126755,0.498668,-0.857475],[-0.951457,0.183299,0.247246]],[[-0.280468,-0.84719,-0.451227],[-0.0340981,0.478592,-0.877375],[-0.959257,0.23069,0.163117]]],1],[1992,[-0.675465,0.0272029,0.73689],199,57.8985,[-56.9305,106.41,58.2939],[-50.4464,106.292,58.5545],[10.1885,-1.33656,9.27634],false,[-95.402,123.463,45.579],[-47.8444,118.577,8.85504],[-22.2386,102.475,37.485],[-38.8356,103.143,55.5912],[-54.1013,107.19,59.3659],[[[-0.29177,-0.921817,-0.255195],[-0.540864,0.379058,-0.750854],[-0.788883,0.081051,0.609175]],[[-0.304594,-0.920372,-0.245228],[0.727489,-0.0586159,-0.683611],[-0.614803,0.386625,-0.687415]],[[-0.304594,-0.920372,-0.245228],[0.671542,-0.390096,0.629965],[0.675465,-0.0272029,-0.73689]],[[-0.304594,-0.920372,-0.245228],[0.152844,-0.301356,0.941182],[0.940139,-0.249197,-0.232464]]],2],[1993,[-0.576636,0.10998,0.809565],199,55.671,[-64.2961,95.655,54.1202],[-57.982,95.9161,54.6579],[11.6838,-0.10024,7.57946],false,[-98.3455,113.964,41.8674],[-59.1009,102.616,6.36129],[-32.8136,89.581,31.4515],[-46.6163,92.2135,50.8297],[-61.1778,96.9774,55.9198],[[[-0.363072,-0.925776,-0.105435],[-0.5852,0.31462,-0.747366],[-0.725065,0.209647,0.655994]],[[-0.346435,-0.930319,-0.120374],[0.645254,-0.143184,-0.75043],[-0.680903,0.337647,-0.649896]],[[-0.346435,-0.930319,-0.120374],[0.739915,-0.349874,0.574556],[0.576636,-0.10998,-0.809565]],[[-0.346435,-0.930319,-0.120374],[0.257799,-0.217799,0.941331],[0.901955,-0.295078,-0.315288]]],3],[1994,[-0.433799,0.169816,0.884862],199,43.645,[-66.9387,85.5344,45.1216],[-61.3218,86.018,45.7824],[8.1005,2.8408,3.97434],false,[-99.8727,101.9,43.6999],[-68.2779,86.6286,7.93782],[-44.2548,80.0159,25.6197],[-51.5861,82.8859,40.574],[-64.2088,87.0311,47.3056],[[[-0.342834,-0.934463,0.0961436],[-0.69629,0.184076,-0.693755],[-0.630591,0.304787,0.713765]],[[-0.292438,-0.955448,0.0399955],[0.544287,-0.200689,-0.81454],[-0.786277,0.216434,-0.578727]],[[-0.292438,-0.955448,0.0399955],[0.852231,-0.241417,0.464133],[0.433799,-0.169816,-0.884862]],[[-0.292438,-0.955448,0.0399955],[0.442962,-0.098276,0.891138],[0.847505,-0.278319,-0.451967]]],4],[2000,[-0.788224,-0.509901,-0.344536],200,51.818,[9.18141,134.497,97.9643],[6.14971,130.058,100.702],[46.8694,-149.481,-72.2021],false,[83.5886,168.268,133.82],[83.5886,168.268,133.82],[38.495,162.909,113.791],[11.7739,145.623,102.111],[5.45086,123.371,99.5905],[[[0.65933,-0.0896967,-0.746484],[0.236103,0.967334,0.0923038],[0.71382,-0.237106,0.65897]],[[0.40711,-0.0122183,-0.913297],[-0.0936865,0.994078,-0.0550606],[0.908562,0.107979,0.403555]],[[0.40711,-0.0122183,-0.913297],[-0.461481,0.860147,-0.217216],[0.788224,0.509901,0.344536]],[[0.40711,-0.0122183,-0.913297],[-0.872024,0.292271,-0.392622],[0.271728,0.956257,0.108332]]],0],[2001,[-0.740253,-0.207235,-0.639593],200,58.4709,[-18.3792,146.013,11.928],[-17.2507,145.227,10.8712],[52.61,-144.423,-102.235],false,[93.763,165.824,112.702],[38.3218,160.195,65.3178],[10.3721,153.45,33.7265],[-7.41766,148.47,18.3558],[-21.0132,144.308,9.05902],[[[0.279558,-0.935525,-0.215964],[0.589401,0.344778,-0.730571],[0.757927,0.0769478,0.647785]],[[0.372223,-0.918537,-0.133188],[0.658281,0.362426,-0.659783],[0.654306,0.157911,0.739559]],[[0.372223,-0.918537,-0.133188],[0.559889,0.336664,-0.757088],[0.740253,0.207235,0.639593]],[[0.372223,-0.918537,-0.133188],[0.470053,0.310294,-0.826298],[0.800313,0.244962,0.54726]]],1],[2002,[-0.520177,-0.139986,0.842508],200,66.6229,[-13.4182,125.283,115.538],[-12.2532,123.097,114.884],[12.4794,-99.3856,-75.9186],false,[97.7024,155.032,108.471],[48.2174,140.829,61.9789],[4.37123,127.175,75.6849],[-10.3361,123.217,99.5057],[-13.8264,122.689,117.854],[[[0.274784,-0.961505,0.00127018],[0.644676,0.183259,-0.742165],[0.713363,0.204754,0.670215]],[[0.305932,-0.951556,0.0307827],[-0.263367,-0.115657,-0.957737],[0.914901,0.284895,-0.285992]],[[0.305932,-0.951556,0.0307827],[-0.797384,-0.273762,-0.537804],[0.520177,0.139986,-0.842508]],[[0.305932,-0.951556,0.0307827],[-0.933547,-0.306172,-0.186412],[0.186807,0.0282924,-0.981989]]],2],[2003,[-0.605972,-0.0789077,0.791563],200,64.0597,[-2.24194,109.211,111.76],[-0.981188,108.093,111.947],[23.6711,-97.2666,-56.7256],false,[101.038,143.342,107.275],[60.5069,122.045,65.0537],[19.3209,108.959,75.3475],[2.63037,106.786,97.1498],[-2.91199,107.92,114.845],[[[0.327381,-0.931955,0.155828],[0.685072,0.120529,-0.718435],[0.650767,0.341956,0.677915]],[[0.335807,-0.927434,0.164621],[-0.166412,-0.230434,-0.958753],[0.927114,0.294561,-0.231717]],[[0.335807,-0.927434,0.164621],[-0.721133,-0.365568,-0.588496],[0.605972,0.0789077,-0.791563]],[[0.335807,-0.927434,0.164621],[-0.893434,-0.368971,-0.256195],[0.298344,-0.0610456,-0.952504]]],3],[2004,[-0.571046,0.187394,0.799243],200,50.2216,[22.5191,106.374,111.146],[23.2079,104.808,110.752],[25.1514,-91.5061,-43.1652],false,[101.849,130.299,112.702],[69.8618,104.368,72.3506],[37.4573,95.8601,83.0076],[26.3523,99.5043,98.5503],[21.9923,105.984,113.805],[[[0.282776,-0.893131,0.349792],[0.782437,0.00384295,-0.622718],[0.554825,0.44978,0.699905]],[[0.362329,-0.816098,0.450224],[-0.138432,-0.524809,-0.839888],[0.921713,0.24199,-0.303128]],[[0.362329,-0.816098,0.450224],[-0.73663,-0.546688,-0.398131],[0.571046,-0.187395,-0.799243]],[[0.362329,-0.816098,0.450224],[-0.896659,-0.437054,-0.0706163],[0.254402,-0.378111,-0.890119]]],4]],[[0,200,0],[235.247,235.247,147.751]]],[184877,7490033629,[[199,"left",[0.696119,-0.0294755,-0.717321],[0.602424,-0.519511,0.605965],[-61.7417,115.202,25.7693],[3.94147,12.2777,8.12903],[-68.4775,113.035,24.249],0.629931,0,0.45556,[[-0.459898,-0.849197,-0.259534],[-0.644894,0.520337,-0.559786],[-0.610414,0.0900722,0.786944]],55.0588,[-241.453,133.906,238.307],[-99.0435,112.892,54.7125]],[200,"right",[-0.597235,-0.188754,-0.77954],[-0.696407,-0.360131,0.620744],[61.7264,140.735,83.3627],[22.6217,-79.1361,-48.1504],[61.2126,141.934,84.2215],0.977492,0,0.460385,[[0.236966,-0.900034,-0.365768],[0.807107,0.39194,-0.441543],[0.540763,-0.190583,0.819301]],63.3552,[244.97,94.3292,341.862],[99.7995,145.492,121.917]]],[[1990,[0.644489,-0.712105,-0.278462],199,45.0324,[-23.8881,90.084,51.8631],[-22.426,89.8911,51.9408],[5.05183,3.23367,-0.886139],false,[-85.8604,129.166,70.9593],[-85.8604,129.166,70.9593],[-43.3718,125.456,64.5278],[-24.3844,104.476,56.324],[-21.4441,85.2883,50.6568],[[[-0.560132,0.115284,-0.820342],[-0.226797,0.931094,0.285706],[-0.796753,-0.346084,0.49539]],[[-0.121784,0.263936,-0.956821],[0.12167,0.960696,0.249519],[-0.985071,0.0860291,0.14911]],[[-0.121784,0.263936,-0.956821],[0.754853,0.650573,0.0833808],[-0.644489,0.712105,0.278462]],[[-0.121784,0.263936,-0.956821],[0.98185,0.173247,-0.07718],[-0.145396,0.948854,0.280244]]],0],[1991,[0.952028,-0.182748,-0.24545],199,50.814,[18.6087,122.399,-4.54965],[25.5246,122.756,-4.1721],[5.67328,18.2968,12.8171],false,[-92.3239,131.72,51.6923],[-39.3799,134.008,16.5812],[-4.96152,129.728,3.34659],[14.9216,125.912,-1.77963],[29.0897,122.513,-4.16039],[[[-0.268094,-0.846781,-0.459443],[-0.484236,0.530723,-0.695593],[-0.832851,-0.0359942,0.552325]],[[-0.279167,-0.847185,-0.452043],[-0.249915,0.518638,-0.817654],[-0.927151,0.11529,0.356511]],[[-0.279167,-0.847185,-0.452043],[-0.125332,0.498879,-0.857562],[-0.952028,0.182748,0.24545]],[[-0.279167,-0.847185,-0.452043],[-0.0325622,0.47884,-0.877298],[-0.95969,0.230193,0.161263]]],1],[1992,[-0.674675,0.0265895,0.737636],199,57.8985,[-56.8861,106.409,58.2956],[-50.4696,106.424,58.5646],[7.30387,2.88273,7.90077],false,[-95.4339,123.607,45.5523],[-47.8691,118.724,8.83724],[-22.2712,102.624,37.4758],[-38.8487,103.278,55.6003],[-54.1104,107.312,59.4038],[[[-0.291646,-0.921844,-0.255239],[-0.540757,0.379005,-0.750958],[-0.789003,0.0809916,0.609028]],[[-0.304454,-0.920403,-0.245289],[0.727706,-0.0585904,-0.683382],[-0.614615,0.386556,-0.687621]],[[-0.304454,-0.920403,-0.245289],[0.6724,-0.390066,0.629068],[0.674675,-0.0265895,-0.737636]],[[-0.304454,-0.920403,-0.245289],[0.154643,-0.301859,0.940727],[0.93989,-0.248475,-0.234236]]],2],[1993,[-0.574892,0.109181,0.810912],199,55.671,[-64.2396,95.658,54.1259],[-57.9602,96.0424,54.6711],[10.0606,3.53483,6.54036],false,[-98.376,114.106,41.8403],[-59.1239,102.762,6.34158],[-32.8215,89.7243,31.4147],[-46.5824,92.3377,50.8252],[-61.1322,97.0918,55.9579],[[[-0.362975,-0.925808,-0.105492],[-0.585088,0.314563,-0.747477],[-0.725204,0.209594,0.655857]],[[-0.346431,-0.930324,-0.120342],[0.644844,-0.143003,-0.750818],[-0.681294,0.337709,-0.649454]],[[-0.346431,-0.930324,-0.120342],[0.741272,-0.350109,0.57266],[0.574892,-0.109181,-0.810912]],[[-0.346431,-0.930324,-0.120342],[0.260339,-0.218596,0.940446],[0.901226,-0.29447,-0.317929]]],3],[1994,[-0.432761,0.168834,0.885558],199,43.645,[-66.8836,85.5409,45.1279],[-61.3267,86.1503,45.7735],[6.33084,5.86091,2.97118],false,[-99.9025,102.042,43.6727],[-68.2998,86.7736,7.91659],[-44.27,80.1626,25.5899],[-51.5838,83.0159,40.5561],[-64.1978,87.1491,47.311],[[[-0.342774,-0.934491,0.0960903],[-0.696177,0.18401,-0.693886],[-0.630748,0.304742,0.713645]],[[-0.291963,-0.955613,0.0395108],[0.544224,-0.199961,-0.814761],[-0.786497,0.216378,-0.578449]],[[-0.291963,-0.955613,0.0395108],[0.852922,-0.241452,0.462845],[0.432761,-0.168834,-0.885558]],[[-0.291963,-0.955613,0.0395108],[0.444371,-0.0989535,0.890361],[0.846931,-0.27751,-0.453538]]],4],[2000,[-0.779652,-0.518618,-0.350969],200,51.818,[8.91944,133.604,98.1398],[6.36926,129.044,99.8509],[42.1369,-141.882,-79.7984],false,[83.0748,168.163,133.605],[83.0748,168.163,133.605],[38.2127,162.288,113.205],[11.7822,144.706,101.307],[5.74669,122.379,98.7466],[[[0.666461,-0.082354,-0.740978],[0.224291,0.969985,0.093929],[0.711002,-0.228795,0.664928]],[[0.414785,-0.00780234,-0.909886],[-0.104507,0.992937,-0.0561558],[0.903898,0.118382,0.411041]],[[0.414785,-0.00780234,-0.909886],[-0.469144,0.854971,-0.221198],[0.779652,0.518618,0.350969]],[[0.414785,-0.00780234,-0.909886],[-0.872169,0.281631,-0.400007],[0.259373,0.959491,0.110011]]],0],[2001,[-0.726296,-0.206341,-0.65568],200,58.4709,[-17.5844,145.3,10.7431],[-16.3511,144.372,9.52209],[72.4256,-128.186,-125.891],false,[93.4507,165.83,112.573],[38.4711,159.558,64.7334],[10.89,152.741,32.8351],[-6.56441,147.782,17.0778],[-19.8786,143.664,7.36397],[[[0.291979,-0.932329,-0.213332],[0.591455,0.351299,-0.725789],[0.751618,0.0857384,0.654003]],[[0.380231,-0.915257,-0.133151],[0.662212,0.369908,-0.651647],[0.645678,0.159602,0.746745]],[[0.380231,-0.915257,-0.133151],[0.572642,0.346017,-0.743205],[0.726296,0.206341,0.65568]],[[0.380231,-0.915257,-0.133151],[0.491078,0.321778,-0.809507],[0.783752,0.242412,0.571812]]],1],[2002,[-0.520196,-0.1438,0.841854],200,66.6229,[-13.2621,124.636,115.04],[-11.9612,121.939,113.882],[23.8405,-108.536,-83.0046],false,[97.5478,155.083,108.378],[48.614,140.305,61.4829],[4.81987,126.158,74.8501],[-9.88795,122.092,98.6524],[-13.3512,121.587,117.006],[[[0.285705,-0.95831,0.00386323],[0.648661,0.190418,-0.736872],[0.705416,0.213034,0.676021]],[[0.31651,-0.947992,0.0336464],[-0.254485,-0.119028,-0.959724],[0.913816,0.295199,-0.278923]],[[0.31651,-0.947992,0.0336464],[-0.793232,-0.283958,-0.538656],[0.520196,0.1438,-0.841854]],[[0.31651,-0.947992,0.0336464],[-0.930304,-0.317144,-0.184265],[0.185353,0.0270203,-0.982301]]],2],[2003,[-0.610584,-0.0851484,0.78736],200,64.0597,[-1.94491,108.462,111.214],[-0.60798,107.02,111],[31.006,-105.389,-70.7889],false,[101.026,143.432,107.213],[61.091,121.663,64.6654],[19.9622,108.106,74.5702],[3.14463,105.761,96.2568],[-2.50678,106.854,113.92],[[[0.336682,-0.928124,0.158841],[0.689572,0.128158,-0.712787],[0.641199,0.349515,0.683157]],[[0.344788,-0.923617,0.167493],[-0.154815,-0.231944,-0.96033],[0.925826,0.30518,-0.222961]],[[0.344788,-0.923617,0.167493],[-0.712957,-0.373741,-0.593304],[0.610584,0.0851484,-0.78736]],[[0.344788,-0.923617,0.167493],[-0.888017,-0.378772,-0.260685],[0.304215,-0.0588558,-0.950784]]],3],[2004,[-0.579139,0.181634,0.794737],200,50.2216,[22.7495,105.704,110.749],[23.6298,103.994,110.011],[32.7073,-93.431,-55.3141],false,[101.941,130.4,112.652],[70.5861,104.096,72.0454],[38.1864,95.1801,82.3785],[26.9239,98.7123,97.8336],[22.4053,105.17,113.052],[[[0.290034,-0.889766,0.352416],[0.787465,0.0126126,-0.61623],[0.543856,0.456243,0.704318]],[[0.368027,-0.811622,0.45368],[-0.123498,-0.52627,-0.841301],[0.921577,0.253593,-0.293915]],[[0.368027,-0.811622,0.45368],[-0.72743,-0.555228,-0.403196],[0.579139,-0.181634,-0.794737]],[[0.368027,-0.811622,0.45368],[-0.89165,-0.446416,-0.0753167],[0.263659,-0.376806,-0.887976]]],4]],[[0,200,0],[235.247,235.247,147.751]]],[184878,7490051019,[[199,"left",[0.695438,-0.0308992,-0.717921],[0.603144,-0.517992,0.606549],[-61.8621,115.488,25.8219],[-1.08146,14.2028,5.77136],[-68.3855,113.069,24.2709],0.63031,0,0.458799,[[-0.457782,-0.850117,-0.260261],[-0.644142,0.518912,-0.56197],[-0.612794,0.0896149,0.785145]],55.0588,[-242.1,134.14,237.98],[-99.1356,113.233,54.8061]],[200,"right",[-0.57602,-0.185626,-0.79608],[-0.704771,-0.380602,0.598698],[62.6057,138.474,81.8606],[35.5359,-102.652,-65.8176],[61.8062,140.46,83.2154],0.984177,0,0.383318,[[0.256252,-0.894307,-0.36681],[0.801055,0.408856,-0.437204],[0.540967,-0.181801,0.82116]],63.3552,[244.924,94.4042,341.805],[99.6986,143.209,121.361]]],[[1990,[0.643853,-0.713087,-0.277418],199,45.0324,[-23.6859,90.077,51.8844],[-22.5069,90.2221,52.0178],[0.31126,10.366,1.63695],false,[-85.9412,129.547,71.0037],[-85.9412,129.547,71.0037],[-43.4582,125.816,64.5472],[-24.4896,104.807,56.3741],[-21.5303,85.6109,50.7451],[[[-0.56095,0.113296,-0.820061],[-0.226771,0.931672,0.283835],[-0.796185,-0.345183,0.496929]],[[-0.122493,0.261831,-0.957309],[0.122014,0.961228,0.24729],[-0.984941,0.0865139,0.14969]],[[-0.122493,0.261831,-0.957309],[0.755281,0.650348,0.0812325],[-0.643853,0.713087,0.277418]],[[-0.122493,0.261831,-0.957309],[0.981622,0.174187,-0.0779622],[-0.146338,0.949265,0.278355]]],0],[1991,[0.952643,-0.182833,-0.242989],199,50.814,[18.711,122.416,-4.53423],[25.4321,123.053,-4.0607],[0.624771,16.978,10.5766],false,[-92.4238,132.056,51.7372],[-39.5141,134.279,16.5703],[-5.07091,130,3.40051],[14.8251,126.181,-1.67431],[29,122.781,-4.01186],[[[-0.268309,-0.84788,-0.457285],[-0.485045,0.529033,-0.696316],[-0.832311,-0.0349766,0.553204]],[[-0.27781,-0.848225,-0.450928],[-0.248935,0.516938,-0.819028],[-0.927822,0.115283,0.354763]],[[-0.27781,-0.848225,-0.450928],[-0.123664,0.497079,-0.858848],[-0.952643,0.182833,0.242989]],[[-0.27781,-0.848225,-0.450928],[-0.030458,0.476948,-0.878404],[-0.960153,0.230295,0.158336]]],1],[1992,[-0.673004,0.0274904,0.739127],199,57.8985,[-56.8008,106.414,58.3002],[-50.5441,106.772,58.6527],[2.36618,10.6001,7.11415],false,[-95.5376,123.928,45.6184],[-48.0068,118.976,8.86873],[-22.3769,102.947,37.5186],[-38.9134,103.623,55.6798],[-54.1674,107.652,59.5201],[[[-0.291644,-0.922491,-0.252891],[-0.541578,0.377177,-0.751286],[-0.788439,0.0821477,0.609602]],[[-0.304432,-0.921033,-0.242941],[0.727068,-0.0599153,-0.683946],[-0.615381,0.38485,-0.687893]],[[-0.304432,-0.921033,-0.242941],[0.674082,-0.388514,0.628228],[0.673004,-0.0274904,-0.739127]],[[-0.304432,-0.921033,-0.242941],[0.157546,-0.300221,0.940769],[0.939415,-0.248126,-0.236502]]],2],[1993,[-0.571131,0.109623,0.813506],199,55.671,[-64.1366,95.6683,54.1391],[-57.9648,96.3619,54.8199],[6.1013,10.0094,8.14865],false,[-98.4807,114.419,41.9305],[-59.2596,103.005,6.41967],[-32.905,90.0241,31.4673],[-46.5759,92.6481,50.9399],[-61.1004,97.3953,56.15],[[[-0.362829,-0.926138,-0.103068],[-0.585889,0.312731,-0.747619],[-0.724631,0.210872,0.656082]],[[-0.346429,-0.930649,-0.117806],[0.643411,-0.144341,-0.75179],[-0.682648,0.33624,-0.648794]],[[-0.346429,-0.930649,-0.117806],[0.744175,-0.349105,0.569499],[0.571131,-0.109623,-0.813506]],[[-0.346429,-0.930649,-0.117806],[0.265699,-0.217785,0.939135],[0.899662,-0.294043,-0.32272]]],3],[1994,[-0.429103,0.168914,0.887321],199,43.645,[-66.7809,85.5582,45.1426],[-61.365,86.4547,45.9207],[3.18375,10.6979,6.08442],false,[-100.002,102.358,43.7914],[-68.4298,87.0178,8.03932],[-44.3642,80.4514,25.6805],[-51.6161,83.3061,40.6765],[-64.199,87.4312,47.4943],[[[-0.342432,-0.934364,0.0985141],[-0.696892,0.182269,-0.693628],[-0.630145,0.306174,0.713565]],[[-0.29102,-0.955829,0.0412203],[0.543033,-0.200502,-0.815423],[-0.787669,0.21492,-0.577397]],[[-0.29102,-0.955829,0.0412203],[0.855089,-0.240541,0.459306],[0.429103,-0.168914,-0.887321]],[[-0.29102,-0.955829,0.0412203],[0.448956,-0.0983928,0.88812],[0.844835,-0.276967,-0.457759]]],4],[2000,[-0.768133,-0.516121,-0.378935],200,51.818,[8.61398,131.523,97.7023],[7.01884,125.847,96.7549],[35.4893,-150.14,-124.252],false,[82.3522,165.432,133.005],[82.3522,165.432,133.005],[38.0301,159.447,111.486],[11.9901,141.951,98.6399],[6.31142,119.595,95.5688],[[[0.684609,-0.0603396,-0.726409],[0.206699,0.97173,0.114088],[0.69899,-0.228254,0.677727]],[[0.435284,0.0130989,-0.900198],[-0.114226,0.992617,-0.0407895],[0.893018,0.120581,0.433566]],[[0.435284,0.0130989,-0.900198],[-0.469574,0.856416,-0.214597],[0.768133,0.516121,0.378935]],[[0.435284,0.0130989,-0.900198],[-0.866588,0.277131,-0.414999],[0.244036,0.960743,0.131982]]],0],[2001,[-0.697665,-0.193315,-0.689849],200,58.4709,[-15.0934,143.959,7.36385],[-13.5263,142.743,5.7679],[120.587,-105.548,-175.716],false,[93.2465,163.592,112.186],[39.4919,157.228,62.9865],[12.8591,150.863,30.2011],[-3.90722,146.218,13.6226],[-16.6833,142.342,3.11827],[[[0.31153,-0.924223,-0.220818],[0.602425,0.371809,-0.706287],[0.734869,0.0870029,0.672605]],[[0.393033,-0.908346,-0.142942],[0.675869,0.390779,-0.624894],[0.623479,0.148994,0.767512]],[[0.393033,-0.908346,-0.142942],[0.598989,0.37086,-0.709701],[0.697665,0.193315,0.689849]],[[0.393033,-0.908346,-0.142942],[0.529064,0.350533,-0.772799],[0.752075,0.22811,0.618344]]],1],[2002,[-0.526343,-0.16113,0.834865],200,66.6229,[-12.6815,122.55,113.363],[-11.1558,118.175,110.508],[42.6763,-155.215,-125.295],false,[97.6087,152.977,107.923],[50.0104,138.187,59.6768],[6.20387,123.187,72.036],[-8.67775,118.631,95.6407],[-12.2538,117.889,113.965],[[[0.300655,-0.953723,-0.00425501],[0.662408,0.212026,-0.718513],[0.686165,0.213206,0.695501]],[[0.330457,-0.943456,0.0262495],[-0.235091,-0.109215,-0.965818],[0.914074,0.31299,-0.257889]],[[0.330457,-0.943456,0.0262495],[-0.783429,-0.289703,-0.549828],[0.526343,0.16113,-0.834865]],[[0.330457,-0.943456,0.0262495],[-0.924211,-0.329106,-0.193709],[0.191394,0.0397522,-0.980708]]],2],[2003,[-0.61753,-0.102025,0.779902],200,64.0597,[-1.0208,106.152,109.229],[0.452388,103.497,107.592],[52.4707,-145.789,-121.037],false,[101.296,141.4,106.661],[62.7037,119.692,62.8617],[21.5735,105.401,71.6676],[4.56455,102.591,93.1487],[-1.18182,103.447,110.794],[[[0.347557,-0.925205,0.152317],[0.703732,0.150033,-0.694443],[0.61965,0.348549,0.703241]],[[0.354388,-0.921294,0.160084],[-0.131124,-0.218464,-0.966995],[0.92586,0.3217,-0.198225]],[[0.354388,-0.921294,0.160084],[-0.702186,-0.375244,-0.605084],[0.61753,0.102025,-0.779902]],[[0.354388,-0.921294,0.160084],[-0.882455,-0.38613,-0.268659],[0.309327,-0.0460575,-0.94984]]],3],[2004,[-0.598574,0.161566,0.784606],200,50.2216,[23.4055,103.62,109.063],[24.5398,100.704,106.946],[43.3712,-137.195,-111.663],false,[102.292,128.3,111.917],[72.3024,102.159,70.1892],[39.8068,92.4942,79.4964],[28.1664,95.6361,94.7545],[23.2939,101.84,109.969],[[[0.295852,-0.890632,0.34532],[0.801184,0.0345036,-0.597423],[0.520169,0.453413,0.723768]],[[0.370549,-0.81252,0.450005],[-0.0913893,-0.514038,-0.852885],[0.924306,0.27491,-0.264732]],[[0.370549,-0.81252,0.450005],[-0.710213,-0.560096,-0.426485],[0.598574,-0.161566,-0.784606]],[[0.370549,-0.81252,0.450005],[-0.88423,-0.456898,-0.0968613],[0.284308,-0.362016,-0.887758]]],4]],[[0,200,0],[235.247,235.247,147.751]]],[184879,7490059672,[[199,"left",[0.693333,-0.0298882,-0.719998],[0.604804,-0.519089,0.603953],[-61.955,115.677,26.0115],[-3.64333,16.2274,10.0568],[-68.3417,113.087,24.2827],0.63062,0,0.461939,[[-0.457786,-0.8495,-0.262265],[-0.642125,0.519947,-0.563322],[-0.614905,0.0894741,0.783509]],55.0588,[-242.601,134.257,237.893],[-99.1441,113.383,55.1007]],[200,"right",[-0.566566,-0.182056,-0.803653],[-0.706603,-0.394412,0.587495],[63.0842,137.384,81.1108],[40.7832,-108.842,-71.3514],[62.0939,139.767,82.7416],0.987065,0,0.334179,[[0.269168,-0.889711,-0.368731],[0.796977,0.420723,-0.433381],[0.540718,-0.177218,0.822325]],63.3552,[244.91,94.4516,341.774],[99.7517,142.026,121.018]]],[[1990,[0.642481,-0.713126,-0.28048],199,45.0324,[-23.5995,90.0812,51.8954],[-22.5275,90.3466,52.0499],[-0.617718,11.3032,2.09649],false,[-85.899,129.669,71.2859],[-85.899,129.669,71.2859],[-43.437,125.929,64.6975],[-24.5088,104.92,56.4342],[-21.5603,85.7335,50.765],[[[-0.563318,0.114728,-0.818236],[-0.225747,0.931261,0.285992],[-0.794803,-0.345818,0.498697]],[[-0.12522,0.263396,-0.956526],[0.123155,0.960785,0.248446],[-0.984455,0.086691,0.152748]],[[-0.12522,0.263396,-0.956526],[0.756001,0.649672,0.0799292],[-0.642481,0.713126,0.28048]],[[-0.12522,0.263396,-0.956526],[0.981357,0.174567,-0.0804007],[-0.145801,0.948762,0.280345]]],0],[1991,[0.952349,-0.18247,-0.244412],199,50.814,[18.7622,122.426,-4.52597],[25.2849,123.304,-4.02721],[-3.96743,19.7538,9.27455],false,[-92.4374,132.209,52.0425],[-39.6302,134.479,16.7248],[-5.20683,130.229,3.49348],[14.683,126.418,-1.61106],[28.8551,123.019,-3.967],[[[-0.26982,-0.84709,-0.457861],[-0.486965,0.53025,-0.694046],[-0.8307,-0.0356949,0.555575]],[[-0.27839,-0.847413,-0.452095],[-0.250282,0.518445,-0.817663],[-0.927285,0.114478,0.356422]],[[-0.27839,-0.847413,-0.452095],[-0.124624,0.498594,-0.85783],[-0.952349,0.18247,0.244412]],[[-0.27839,-0.847413,-0.452095],[-0.0311465,0.47842,-0.877578],[-0.959963,0.230228,0.159581]]],1],[1992,[-0.670315,0.0261566,0.741616],199,57.8985,[-56.7626,106.416,58.3033],[-50.5344,106.898,58.8076],[2.31001,11.5586,10.2577],false,[-95.5708,124.092,45.9198],[-48.1484,119.189,9.02355],[-22.4358,103.109,37.5702],[-38.9062,103.752,55.7926],[-54.1453,107.773,59.6994],[[[-0.292574,-0.922024,-0.25352],[-0.54369,0.378493,-0.749095],[-0.786639,0.0813296,0.612033]],[[-0.305345,-0.920577,-0.24352],[0.724997,-0.0589465,-0.686225],[-0.617369,0.386086,-0.685415]],[[-0.305345,-0.920577,-0.24352],[0.676345,-0.389683,0.625063],[0.670315,-0.0261566,-0.741616]],[[-0.305345,-0.920577,-0.24352],[0.161186,-0.30201,0.939579],[0.938501,-0.247644,-0.240601]]],2],[1993,[-0.566703,0.107558,0.816871],199,55.671,[-64.0917,95.6735,54.1461],[-57.9197,96.4802,55.0025],[6.54213,10.6545,12.0421],false,[-98.5266,114.589,42.2252],[-59.4117,103.225,6.58172],[-32.9673,90.1933,31.5083],[-46.5323,92.7679,51.0614],[-61.0262,97.4993,56.37],[[[-0.363322,-0.925897,-0.103495],[-0.588003,0.314052,-0.745402],[-0.722668,0.209966,0.658533]],[[-0.347019,-0.930375,-0.118241],[0.640616,-0.143064,-0.754416],[-0.684973,0.337544,-0.645659]],[[-0.347019,-0.930375,-0.118241],[0.747278,-0.350478,0.564571],[0.566703,-0.107558,-0.816871]],[[-0.347019,-0.930375,-0.118241],[0.271271,-0.22026,0.936962],[0.897769,-0.293068,-0.328818]]],3],[1994,[-0.425121,0.166896,0.889617],199,43.645,[-66.7358,85.5669,45.1504],[-61.3793,86.601,46.0781],[2.29877,12.1146,9.62262],false,[-100.045,102.526,44.0712],[-68.5805,87.2366,8.20247],[-44.4589,80.6362,25.7544],[-51.6436,83.4568,40.7892],[-64.1924,87.5663,47.6787],[[[-0.342338,-0.934451,0.0980131],[-0.698876,0.183525,-0.691297],[-0.627995,0.305156,0.715893]],[[-0.290902,-0.955903,0.0403186],[0.540433,-0.198948,-0.817528],[-0.789499,0.216031,-0.574476]],[[-0.290902,-0.955903,0.0403186],[0.857116,-0.241651,0.454925],[0.425121,-0.166896,-0.889617]],[[-0.290902,-0.955903,0.0403186],[0.453302,-0.100594,0.885662],[0.842551,-0.275918,-0.462576]]],4],[2000,[-0.765049,-0.509336,-0.394052],200,51.818,[8.51883,130.602,97.3619],[7.36457,124.356,95.232],[31.5161,-145.178,-137.352],false,[82.0755,163.941,132.748],[82.0755,163.941,132.748],[37.967,158.075,110.763],[12.0315,140.809,97.4044],[6.52972,118.458,93.9871],[[[0.692037,-0.0451992,-0.720445],[0.195939,0.97233,0.127211],[0.694761,-0.229198,0.681745]],[[0.442933,0.0279825,-0.896118],[-0.11831,0.992596,-0.0274829],[0.888715,0.118193,0.442964]],[[0.442933,0.0279825,-0.896118],[-0.467452,0.860113,-0.204193],[0.765049,0.509336,0.394052]],[[0.442933,0.0279825,-0.896118],[-0.864817,0.276922,-0.418814],[0.236435,0.960485,0.146857]]],0],[2001,[-0.684045,-0.186053,-0.705313],200,58.4709,[-14.0879,143.507,6.05846],[-12.1827,142.108,4.06896],[133.479,-94.0536,-184.944],false,[93.1846,162.449,112.016],[39.9653,156.127,62.232],[13.7989,150.054,29.0184],[-2.64011,145.583,12.0683],[-15.1611,141.832,1.21738],[[[0.322782,-0.9185,-0.228408],[0.605376,0.385859,-0.696156],[0.727552,0.0864343,0.680586]],[[0.401679,-0.903193,-0.151315],[0.680752,0.405009,-0.610364],[0.612561,0.142163,0.777534]],[[0.401679,-0.903193,-0.151315],[0.608881,0.386816,-0.692558],[0.684045,0.186053,0.705313]],[[0.401679,-0.903193,-0.151315],[0.543506,0.3681,-0.754389],[0.737058,0.220782,0.638749]]],1],[2002,[-0.526541,-0.173729,0.83221],200,66.6229,[-12.3398,121.443,112.514],[-10.5481,116.105,108.952],[54.5478,-175.612,-134.015],false,[97.6924,151.928,107.673],[50.7034,137.23,58.8052],[6.97256,121.684,70.751],[-7.91465,116.772,94.2805],[-11.4998,115.837,112.594],[[[0.310147,-0.950609,-0.0123113],[0.667057,0.226825,-0.709638],[0.67738,0.211879,0.704459]],[[0.339347,-0.940482,0.0183738],[-0.228466,-0.101352,-0.968262],[0.912495,0.324379,-0.249261]],[[0.339347,-0.940482,0.0183738],[-0.779486,-0.292082,-0.554156],[0.526541,0.173729,-0.83221]],[[0.339347,-0.940482,0.0183738],[-0.920883,-0.336133,-0.197456],[0.19188,0.0500858,-0.98014]]],2],[2003,[-0.619973,-0.115103,0.776135],200,64.0597,[-0.555616,105.023,108.261],[1.15259,101.559,105.877],[63.2653,-164.482,-137.996],false,[101.507,140.404,106.313],[63.5491,118.825,61.8994],[22.4796,104.051,70.1754],[5.40344,100.881,91.5528],[-0.38594,101.528,109.193],[[[0.355274,-0.923444,0.145021],[0.708764,0.164967,-0.685886],[0.609453,0.346463,0.713113]],[[0.361602,-0.919786,0.152439],[-0.120655,-0.208294,-0.970596],[0.924493,0.332577,-0.186296]],[[0.361602,-0.919786,0.152439],[-0.696332,-0.37516,-0.611864],[0.619973,0.115103,-0.776135]],[[0.361602,-0.919786,0.152439],[-0.878706,-0.390869,-0.27404],[0.311642,-0.0348559,-0.94956]]],3],[2004,[-0.606434,0.1477,0.781296],200,50.2216,[23.7555,102.603,108.199],[25.1988,98.9427,105.337],[53.1939,-154.373,-131.63],false,[102.583,127.253,111.428],[73.2517,101.304,69.1171],[40.7626,91.1582,77.922],[28.9694,94.0305,93.1158],[23.9572,100.051,108.359],[[[0.301399,-0.891617,0.337902],[0.806435,0.0492866,-0.589265],[0.508745,0.4501,0.733886]],[[0.374569,-0.813675,0.444557],[-0.0754935,-0.504634,-0.860026],[0.924121,0.288578,-0.250447]],[[0.374569,-0.813675,0.444557],[-0.701382,-0.562243,-0.438116],[0.606434,-0.1477,-0.781296]],[[0.374569,-0.813675,0.444557],[-0.879867,-0.46316,-0.106378],[0.292458,-0.351305,-0.889411]]],4]],[[0,200,0],[235.247,235.247,147.751]]],[184880,7490077023,[[199,"left",[0.689047,-0.0284111,-0.724159],[0.606136,-0.52514,0.59735],[-62.3789,115.973,26.3212],[-13.2364,16.6054,13.653],[-68.2645,113.124,24.3091],0.631325,0,0.420384,[[-0.460996,-0.845878,-0.268278],[-0.63684,0.525888,-0.563805],[-0.617995,0.0890616,0.781121]],55.0588,[-243.587,134.434,237.846],[-99.409,113.656,55.6108]],[200,"right",[-0.545264,-0.181393,-0.818403],[-0.71702,-0.404831,0.567446],[63.8045,136.139,80.1913],[41.1207,-91.7433,-62.8798],[62.6956,138.491,81.8447],0.98885,0,0.360036,[[0.277463,-0.887002,-0.369109],[0.793415,0.428203,-0.432591],[0.541763,-0.172829,0.822571]],63.3552,[244.89,94.4275,341.83],[99.4512,140.824,121.007]]],[[1990,[0.637666,-0.714264,-0.288458],199,45.0324,[-23.4911,90.0848,51.9059],[-22.8968,90.3168,51.9775],[-10.2502,5.24295,-0.93469],false,[-86.0043,129.791,71.8157],[-86.0043,129.791,71.8157],[-43.5977,125.911,64.9571],[-24.8114,104.868,56.4587],[-21.9543,85.7077,50.6569],[[[-0.567544,0.121899,-0.814269],[-0.220274,0.930448,0.292823],[-0.79333,-0.345552,0.501219]],[[-0.129661,0.269602,-0.954203],[0.128705,0.958761,0.253402],[-0.98317,0.089954,0.159013]],[[-0.129661,0.269602,-0.954203],[0.759322,0.645864,0.0793042],[-0.637666,0.714264,0.288458]],[[-0.129661,0.269602,-0.954203],[0.981441,0.172014,-0.084761],[-0.141284,0.947484,0.286902]]],0],[1991,[0.950905,-0.184616,-0.248389],199,50.814,[18.8716,122.452,-4.50661],[24.7722,123.475,-4.02957],[-15.6346,14.4267,5.50297],false,[-92.6429,132.473,52.6258],[-40.031,134.738,17.0176],[-5.66869,130.449,3.6413],[14.191,126.593,-1.5463],[28.343,123.152,-3.96153],[[[-0.275924,-0.843237,-0.46132],[-0.488773,0.536359,-0.688055],[-0.827627,-0.0356303,0.560146]],[[-0.283009,-0.843512,-0.456501],[-0.251186,0.524532,-0.813494],[-0.925641,0.11556,0.360326]],[[-0.283009,-0.843512,-0.456501],[-0.125241,0.504385,-0.854348],[-0.950905,0.184616,0.248389]],[[-0.283009,-0.843512,-0.456501],[-0.0315934,0.4839,-0.874553],[-0.958597,0.233084,0.163598]]],1],[1992,[-0.664838,0.0238738,0.746606],199,57.8985,[-56.7125,106.42,58.3095],[-50.785,106.936,59.0208],[-4.90448,7.07284,11.61],false,[-95.8447,124.405,46.4732],[-48.6561,119.53,9.27491],[-22.8361,103.174,37.567],[-39.172,103.761,55.912],[-54.3662,107.811,59.9609],[[[-0.297809,-0.919297,-0.2573],[-0.546437,0.385166,-0.743676],[-0.782762,0.080875,0.617043]],[[-0.310551,-0.917854,-0.24719],[0.720573,-0.0577139,-0.690973],[-0.619946,0.392701,-0.679304]],[[-0.310551,-0.917854,-0.24719],[0.679373,-0.3962,0.617638],[0.664838,-0.0238738,-0.746606]],[[-0.310551,-0.917854,-0.24719],[0.167206,-0.30874,0.936334],[0.935735,-0.249448,-0.24935]]],2],[1993,[-0.557406,0.103228,0.823797],199,55.671,[-64.0414,95.6797,54.1565],[-58.1394,96.5393,55.2517],[-1.25192,6.74518,13.9321],false,[-98.8607,114.937,42.7393],[-59.9987,103.626,6.80338],[-33.4321,90.3307,31.459],[-46.7745,92.8016,51.1779],[-61.187,97.5384,56.6989],[[[-0.367707,-0.923778,-0.106894],[-0.590992,0.320884,-0.74011],[-0.717997,0.20897,0.663936]],[[-0.351653,-0.928195,-0.121629],[0.63467,-0.140881,-0.759833],[-0.688138,0.344392,-0.638639]],[[-0.351653,-0.928195,-0.121629],[0.752089,-0.357487,0.553682],[0.557406,-0.103228,-0.823797]],[[-0.351653,-0.928195,-0.121629],[0.281734,-0.228839,0.931804],[0.89273,-0.293404,-0.341976]]],3],[1994,[-0.416964,0.162122,0.894348],199,43.645,[-66.6662,85.5834,45.1658],[-61.7613,86.757,46.2388],[-8.3404,10.3231,9.91036],false,[-100.418,102.869,44.5224],[-69.2234,87.6664,8.38205],[-45.0185,80.8622,25.7403],[-52.0653,83.6021,40.855],[-64.5342,87.7084,47.8899],[[[-0.345599,-0.933619,0.0944345],[-0.702085,0.190489,-0.686142],[-0.622606,0.303431,0.721313]],[[-0.294249,-0.955053,0.0359411],[0.534595,-0.195647,-0.82215],[-0.792229,0.222703,-0.568135]],[[-0.294249,-0.955053,0.0359411],[0.859976,-0.248175,0.445927],[0.416964,-0.162122,-0.894348]],[[-0.294249,-0.955053,0.0359411],[0.461019,-0.108896,0.880683],[0.837185,-0.27571,-0.47234]]],4],[2000,[-0.757232,-0.502,-0.417847],200,51.818,[8.45613,129.251,96.5465],[7.83635,122.863,92.8252],[26.1878,-108.248,-135.594],false,[81.2983,162.497,132.456],[81.2983,162.497,132.456],[37.7162,156.749,109.415],[12.0457,139.731,95.2496],[6.97546,117.312,91.6216],[[[0.709662,-0.0339397,-0.703724],[0.18398,0.973109,0.138601],[0.680096,-0.227831,0.696823]],[[0.463049,0.0385754,-0.885493],[-0.120463,0.992521,-0.0197554],[0.878108,0.115817,0.464233]],[[0.463049,0.0385754,-0.885493],[-0.460636,0.864007,-0.20324],[0.757232,0.502,0.417847]],[[0.463049,0.0385754,-0.885493],[-0.859133,0.265135,-0.437715],[0.21789,0.963439,0.155912]]],0],[2001,[-0.656207,-0.177602,-0.733382],200,58.4709,[-11.6556,142.761,3.2568],[-9.25172,141.283,0.894922],[155.209,-69.3759,-188.547],false,[92.9193,161.251,111.989],[40.9807,154.808,60.8858],[15.8839,149.023,26.8068],[0.113893,144.755,9.18214],[-11.9148,141.165,-2.26397],[[[0.33653,-0.913952,-0.226802],[0.618535,0.396148,-0.678588],[0.710044,0.0880807,0.698627]],[[0.411141,-0.899123,-0.150137],[0.696982,0.416215,-0.583937],[0.58752,0.135438,0.797795]],[[0.411141,-0.899123,-0.150137],[0.632736,0.400044,-0.66303],[0.656207,0.177602,0.733382]],[[0.411141,-0.899123,-0.150137],[0.574095,0.383329,-0.723514],[0.70808,0.211274,0.673785]]],1],[2002,[-0.537767,-0.181603,0.823303],200,66.6229,[-11.7029,119.442,110.707],[-10.0457,114.104,106.254],[47.1362,-146.077,-138.288],false,[97.6261,150.801,107.685],[51.9694,136.032,57.5912],[8.14256,120.042,68.5581],[-7.06206,114.908,91.8359],[-10.8872,113.879,110.096],[[[0.318957,-0.947702,-0.0113013],[0.681963,0.237768,-0.691659],[0.658174,0.212902,0.722136]],[[0.347068,-0.937629,0.0198778],[-0.207933,-0.0976004,-0.973262],[0.914499,0.333654,-0.228838]],[[0.347068,-0.937629,0.0198778],[-0.768343,-0.296431,-0.567254],[0.537767,0.181603,-0.823303]],[[0.347068,-0.937629,0.0198778],[-0.915222,-0.343248,-0.211067],[0.204726,0.0550621,-0.977269]]],2],[2003,[-0.624011,-0.118948,0.772309],200,64.0597,[0.397197,103.188,106.468],[2.0594,99.839,103.548],[65.6769,-129.418,-125.757],false,[101.577,139.321,106.339],[64.9027,117.721,60.8699],[23.7966,102.629,68.352],[6.6092,99.3525,89.624],[0.79727,99.9905,107.257],[[[0.360013,-0.921251,0.147263],[0.723642,0.176117,-0.667327],[0.58884,0.346812,0.730061]],[[0.365083,-0.918223,0.153559],[-0.102482,-0.20358,-0.97368],[0.925317,0.339737,-0.168425]],[[0.365083,-0.918223,0.153559],[-0.690887,-0.377779,-0.616407],[0.624011,0.118948,-0.772309]],[[0.365083,-0.918223,0.153559],[-0.876833,-0.394571,-0.274732],[0.312855,-0.0343459,-0.94918]]],3],[2004,[-0.624489,0.138817,0.768599],200,50.2216,[24.3589,100.879,106.513],[25.7688,97.1755,103.131],[45.5077,-129.518,-129.676],false,[102.647,126.145,111.388],[74.5861,100.236,68.2007],[41.9849,89.6481,76.0151],[29.8406,92.3476,90.962],[24.5203,98.2891,106.131],[[[0.301197,-0.891271,0.338993],[0.819989,0.0606287,-0.56916],[0.486723,0.4494,0.749093]],[[0.37152,-0.812818,0.448665],[-0.0455496,-0.498629,-0.865618],[0.927307,0.301158,-0.222274]],[[0.37152,-0.812818,0.448665],[-0.687013,-0.565736,-0.456022],[0.624489,-0.138817,-0.768599]],[[0.37152,-0.812818,0.448665],[-0.874986,-0.468124,-0.123533],[0.31044,-0.34668,-0.885121]]],4]],[[0,200,0],[235.247,235.247,147.751]]],[184881,7490086136,[[199,"left",[0.686069,-0.0300107,-0.726917],[0.606708,-0.527814,0.594406],[-62.6515,116.252,26.5553],[-17.8639,20.5084,16.9913],[-68.2263,113.145,24.3244],0.631971,0,0.432357,[[-0.46166,-0.84432,-0.272019],[-0.634453,0.528602,-0.563958],[-0.619951,0.0877734,0.779716]],55.0588,[-244.207,134.509,237.897],[-99.5728,114.032,55.9892]],[200,"right",[-0.539506,-0.18924,-0.82044],[-0.717281,-0.407014,0.565551],[64.8258,135.842,79.523],[60.809,-75.3238,-65.7795],[63.0939,137.996,81.4105],0.990032,0,0.376125,[[0.281882,-0.885102,-0.370321],[0.793888,0.431911,-0.428014],[0.538781,-0.173344,0.824419]],63.3552,[244.854,94.4428,341.827],[100.215,140.978,120.508]]],[[1990,[0.633948,-0.716241,-0.291733],199,45.0324,[-23.4549,90.0932,51.9136],[-23.1499,90.4317,52.0271],[-15.1521,7.26956,0.756509],false,[-86.0491,130.104,72.1572],[-86.0491,130.104,72.1572],[-43.6839,126.085,65.1251],[-25.0071,104.984,56.5303],[-22.2262,85.8217,50.6966],[[[-0.57035,0.124668,-0.811886],[-0.215939,0.930891,0.29464],[-0.792509,-0.343366,0.504013]],[[-0.132542,0.27102,-0.953405],[0.133026,0.958053,0.253848],[-0.98221,0.0931819,0.163035]],[[-0.132542,0.27102,-0.953405],[0.761933,0.643076,0.0768807],[-0.633948,0.716241,0.291733]],[[-0.132542,0.27102,-0.953405],[0.981592,0.169342,-0.0883224],[-0.137514,0.947561,0.288476]]],0],[1991,[0.949691,-0.187491,-0.250866],199,50.814,[18.9299,122.467,-4.49583],[24.4333,123.516,-4.05351],[-21.4972,11.241,3.56388],false,[-92.7545,132.829,52.9966],[-40.2768,134.951,17.182],[-5.96512,130.571,3.70558],[13.8692,126.655,-1.53377],[28.004,123.168,-3.98285],[[[-0.280623,-0.841818,-0.461078],[-0.489668,0.538727,-0.685564],[-0.825516,-0.0333898,0.563391]],[[-0.2869,-0.842048,-0.456775],[-0.251789,0.526339,-0.812139],[-0.924279,0.117992,0.363025]],[[-0.2869,-0.842048,-0.456775],[-0.1256,0.505769,-0.853477],[-0.949691,0.187491,0.250866]],[[-0.2869,-0.842048,-0.456775],[-0.0317862,0.484926,-0.873978],[-0.957433,0.236225,0.165891]]],1],[1992,[-0.660979,0.0249336,0.74999],199,57.8985,[-56.69,106.423,58.3132],[-50.9413,107.131,59.2152],[-7.87295,10.8973,14.6242],false,[-96.0082,124.778,46.8485],[-48.9844,119.78,9.45824],[-23.0995,103.307,37.6224],[-39.3405,103.92,56.0505],[-54.5005,108.011,60.1854],[[[-0.301958,-0.918013,-0.25705],[-0.548066,0.387788,-0.74111],[-0.780029,0.0829035,0.620227]],[[-0.314682,-0.916533,-0.246865],[0.71743,-0.0593701,-0.694096],[-0.621505,0.395528,-0.676231]],[[-0.314682,-0.916533,-0.246865],[0.681235,-0.399181,0.613656],[0.660979,-0.0249336,-0.74999]],[[-0.314682,-0.916533,-0.246865],[0.171195,-0.310615,0.934992],[0.933631,-0.251964,-0.254651]]],2],[1993,[-0.553485,0.104161,0.82632],199,55.671,[-64.0193,95.6834,54.162],[-58.3543,96.7707,55.4604],[-7.48831,11.8886,16.4651],false,[-99.0712,115.324,43.117],[-60.3908,103.918,7.0156],[-33.7738,90.5068,31.5541],[-47.0223,93,51.3334],[-61.3938,97.7783,56.9254],[[[-0.371274,-0.92241,-0.106372],[-0.592826,0.323655,-0.737432],[-0.714642,0.210729,0.666993]],[[-0.355311,-0.926863,-0.121159],[0.631207,-0.142305,-0.762448],[-0.689443,0.347382,-0.635605]],[[-0.355311,-0.926863,-0.121159],[0.753265,-0.36066,0.550015],[0.553485,-0.104161,-0.82632]],[[-0.355311,-0.926863,-0.121159],[0.285182,-0.230924,0.930239],[0.890183,-0.295972,-0.346375]]],3],[1994,[-0.410849,0.161932,0.897207],199,43.645,[-66.6339,85.593,45.1749],[-62.0153,87.0024,46.4624],[-13.1853,14.6955,14.3631],false,[-100.663,103.26,44.8939],[-69.6635,87.9878,8.61467],[-45.405,81.0808,25.8571],[-52.3484,83.8175,41.0201],[-64.755,87.9527,48