{"metadata":{"formatVersion":2,"generatedBy":"LeapJS Playback 0.2.1","frames":35,"frameRate":"79","modified":"Sun Apr 12 2015 22:32:08 GMT-0300 (E. South America Standard Time)","title":"tenis"},"frames":[["id","timestamp",{"hands":[["id","type","direction","palmNormal","palmPosition","palmVelocity","stabilizedPalmPosition","pinchStrength","grabStrength","confidence","armBasis","armWidth","elbow","wrist"]]},{"pointables":[["id","direction","handId","length","stabilizedTipPosition","tipPosition","tipVelocity","tool","carpPosition","mcpPosition","pipPosition","dipPosition","btipPosition","bases","type"]]},{"interactionBox":["center","size"]}],[184807,7489123433,[[199,"left",[0.7236,0.109398,-0.681494],[0.615528,-0.549015,0.565427],[-67.3502,114.213,28.2803],[-11.7867,11.3937,7.67007],[-72.2215,110.351,23.6339],0.651414,0,0.480959,[[-0.487433,-0.846423,-0.214425],[-0.713093,0.527605,-0.461662],[-0.503892,0.0721242,0.86075]],55.0588,[-223.026,122.527,255.721],[-105.468,105.7,54.9081]],[200,"right",[-0.519985,-0.268634,-0.810834],[-0.707089,-0.39718,0.585041],[51.9911,153.331,90.1744],[60.746,-65.8884,-89.478],[49.5407,156.995,94.8866],1,0,0.428688,[[0.19321,-0.873239,-0.447351],[0.756933,0.422761,-0.498322],[0.624277,-0.242334,0.742666]],63.3552,[254.169,97.7531,330.442],[86.5787,162.809,131.07]]],[[1990,[0.692479,-0.631512,-0.348804],199,45.0324,[-27.347,87.9245,51.7184],[-27.7323,88.1285,51.6095],[-28.3375,6.97629,-6.73827],false,[-94.1706,120.665,73.6443],[-94.1706,120.665,73.6443],[-51.479,120.679,67.4931],[-31.0778,102.074,57.2169],[-27.9074,83.6535,49.4984],[[[-0.535013,0.178966,-0.825671],[-0.306336,0.869703,0.387008],[-0.787349,-0.459987,0.410479]],[[-0.132979,0.36347,-0.922066],[0.0515296,0.931606,0.359798],[-0.989778,-0.000332013,0.142614]],[[-0.132979,0.36347,-0.922066],[0.709076,0.684896,0.167717],[-0.692479,0.631512,0.348804]],[[-0.132979,0.36347,-0.922066],[0.978641,0.195315,-0.0641472],[-0.156777,0.910902,0.381679]]],0],[1991,[0.945917,-0.185256,-0.266309],199,50.814,[15.4635,121.827,-3.9699],[18.1928,125.054,-0.116638],[-15.5781,7.51955,-5.22372],false,[-100.056,125.178,54.5522],[-46.1113,135.527,22.5534],[-12.0985,131.829,8.1468],[7.65703,127.96,2.58492],[21.739,124.337,0.0304333],[[[-0.186366,-0.798491,-0.572434],[-0.495125,0.579577,-0.647257],[-0.848598,-0.162799,0.503366]],[[-0.299717,-0.813191,-0.498889],[-0.265892,0.57341,-0.774921],[-0.916227,0.0996062,0.388081]],[[-0.299717,-0.813191,-0.498889],[-0.124138,0.551725,-0.824736],[-0.945917,0.185256,0.266309]],[[-0.299717,-0.813191,-0.498889],[-0.0182762,0.527727,-0.849217],[-0.953853,0.245407,0.173031]]],1],[1992,[-0.695207,-0.108904,0.710512],199,57.8985,[-58.7195,104.477,59.5431],[-56.2632,102.165,60.776],[-10.5001,6.44762,-2.05621],false,[-102.314,117.709,47.319],[-53.1338,120.793,12.5912],[-27.6332,102.972,40.2814],[-44.7152,100.296,57.7395],[-60.3067,102.781,61.5335],[[[-0.212146,-0.90017,-0.380379],[-0.538015,0.432524,-0.723508],[-0.815803,-0.0511603,0.576063]],[[-0.23263,-0.901173,-0.365747],[0.755645,0.0692743,-0.651307],[-0.612277,0.427888,-0.664852]],[[-0.23263,-0.901173,-0.365747],[0.680126,-0.419556,0.601167],[0.695207,0.108904,-0.710512]],[[-0.23263,-0.901173,-0.365747],[0.15459,-0.405545,0.900908],[0.960201,-0.153037,-0.233654]]],2],[1993,[-0.645775,-0.0196897,0.763274],199,55.671,[-65.4471,93.505,54.5474],[-64.2393,92.0756,54.615],[-17.1044,11.1478,-7.44489],false,[-104.395,108.573,42.3298],[-63.0645,104.535,7.61612],[-37.53,90.3008,32.8318],[-52.9876,89.8295,51.1019],[-68.2018,93.0675,55.4246],[[[-0.28872,-0.927914,-0.23583],[-0.577529,0.365254,-0.730103],[-0.763611,0.0745968,0.641353]],[[-0.2694,-0.929498,-0.251906],[0.699977,-0.0093454,-0.714104],[-0.661404,0.368708,-0.653145]],[[-0.2694,-0.929498,-0.251906],[0.714422,-0.3683,0.594943],[0.645775,0.0196897,-0.763274]],[[-0.2694,-0.929498,-0.251906],[0.198352,-0.309524,0.929974],[0.94238,-0.200569,-0.267753]]],3],[1994,[-0.499081,0.0146718,0.866431],199,43.645,[-66.7028,83.3361,44.756],[-65.8675,82.6061,44.6834],[-17.977,10.44,-1.90164],false,[-105.09,96.2975,42.5884],[-71.0792,87.8811,6.77192],[-47.59,80.8613,25.0056],[-56.0247,81.1093,39.6485],[-69.3247,83.2971,45.9848],[[[-0.27574,-0.960554,-0.0361178],[-0.680584,0.221629,-0.698345],[-0.678803,0.16798,0.714849]],[[-0.209603,-0.972211,-0.104272],[0.604163,-0.0449243,-0.795593],[-0.7688,0.229756,-0.59679]],[[-0.209603,-0.972211,-0.104272],[0.840824,-0.233647,0.488288],[0.499081,-0.0146718,-0.866431]],[[-0.209603,-0.972211,-0.104272],[0.398292,-0.182286,0.898964],[0.89299,-0.146894,-0.425431]]],4],[2000,[-0.732788,-0.567756,-0.375066],200,51.818,[-14.7047,143.826,103.374],[-12.6521,139.249,99.4184],[66.9658,-127.356,-91.6613],false,[67.1719,184.332,140.581],[67.1719,184.332,140.581],[25.906,166.606,119.457],[1.06412,147.359,106.742],[-16.7884,135.558,97.6041],[[[0.723806,-0.0502916,-0.688169],[0.133487,0.988705,0.0681444],[0.676969,-0.141185,0.722344]],[[0.455732,-0.000179639,-0.890117],[-0.31783,0.934047,-0.162914],[0.83144,0.357151,0.425618]],[[0.455732,-0.000179639,-0.890117],[-0.505302,0.823197,-0.258876],[0.732788,0.567756,0.375066]],[[0.455732,-0.000179639,-0.890117],[-0.451341,0.861865,-0.231256],[0.767203,0.507137,0.392698]]],0],[2001,[-0.66589,-0.275066,-0.69349],200,58.4709,[-24.6716,150.538,14.2972],[-23.2736,148.136,13.0265],[114.47,-122.216,-148.838],false,[79.2293,182.158,120.448],[28.6551,169.35,69.1748],[2.83353,159.199,36.6957],[-13.1692,152.588,20.0297],[-25.2543,147.428,9.26349],[[[0.3851,-0.91019,-0.152485],[0.61129,0.375359,-0.696728],[0.691392,0.175097,0.700941]],[[0.45212,-0.888195,-0.0818332],[0.655883,0.393233,-0.644349],[0.604487,0.23765,0.76034]],[[0.45212,-0.888195,-0.0818332],[0.593445,0.368033,-0.715803],[0.66589,0.275066,0.69349]],[[0.45212,-0.888195,-0.0818332],[0.538049,0.344753,-0.769187],[0.7114,0.303735,0.633762]]],1],[2002,[-0.668909,-0.21192,0.712496],200,66.6229,[-29.2597,126.77,111.732],[-28.6796,125.193,109.482],[100.211,-111.985,-66.7341],false,[84.523,171.668,117.011],[40.6099,150.957,67.4658],[-2.56701,133.109,78.1398],[-21.4795,127.117,98.2846],[-29.8732,125.362,114.885],[[[0.365078,-0.92873,0.0646409],[0.682627,0.21983,-0.696919],[0.633039,0.298556,0.714231]],[[0.402369,-0.909163,0.107339],[-0.162517,-0.186323,-0.968954],[0.900937,0.372433,-0.222725]],[[0.402369,-0.909163,0.107339],[-0.625028,-0.358486,-0.693418],[0.668909,0.21192,-0.712496]],[[0.402369,-0.909163,0.107339],[-0.797676,-0.40571,-0.446221],[0.449236,0.0939241,-0.888462]]],2],[2003,[-0.726638,-0.162177,0.667605],200,64.0597,[-15.4029,114.887,113.072],[-13.6829,110.795,110.14],[89.3941,-113.825,-100.948],false,[89.0552,160.332,116.59],[54.3581,133.611,72.3061],[14.3939,116.237,80.9363],[-5.62019,111.771,99.3245],[-15.5641,111.524,115.014],[[[0.401751,-0.888584,0.221393],[0.726797,0.16232,-0.667396],[0.557101,0.429035,0.711033]],[[0.431655,-0.863757,0.259997],[-0.0661189,-0.317754,-0.945865],[0.899612,0.391097,-0.194271]],[[0.431655,-0.863757,0.259997],[-0.534483,-0.477098,-0.697643],[0.726638,0.162177,-0.667605]],[[0.431655,-0.863757,0.259997],[-0.726049,-0.503734,-0.468086],[0.535282,0.0132815,-0.844569]]],3],[2004,[-0.677906,0.12276,0.724826],200,50.2216,[10.9556,114.198,116.068],[12.5707,112.13,114.494],[145.093,-22.7805,-25.5218],false,[90.6721,147.637,122.628],[64.743,117.225,81.0745],[32.5203,107.249,90.9829],[19.3371,109.636,105.078],[11.6738,114.997,119.44],[[[0.337882,-0.847479,0.409409],[0.826781,0.0593991,-0.559379],[0.449744,0.527495,0.720749]],[[0.392538,-0.773195,0.49808],[-0.076577,-0.567142,-0.820052],[0.916542,0.28376,-0.281834]],[[0.392538,-0.773195,0.49808],[-0.621576,-0.622174,-0.475966],[0.677906,-0.12276,-0.724826]],[[0.392538,-0.773195,0.49808],[-0.803723,-0.551656,-0.222946],[0.44715,-0.312804,-0.83798]]],4]],[[0,200,0],[235.247,235.247,147.751]]],[184808,7489141055,[[199,"left",[0.720394,0.104273,-0.685682],[0.616517,-0.54915,0.564217],[-68.0311,114.659,28.3446],[-24.3178,17.8744,5.79312],[-72.1906,110.383,23.6686],0.655363,0,0.458909,[[-0.486997,-0.846025,-0.216969],[-0.713186,0.528599,-0.46038],[-0.504183,0.0694644,0.860799]],55.0588,[-223.664,122.588,256.028],[-106.039,106.382,55.2033]],[200,"right",[-0.515009,-0.272945,-0.812568],[-0.700993,-0.41146,0.582503],[53.7411,151.303,88.3374],[78.7408,-88.8364,-96.3678],[50.0718,156.276,94.0586],1,0,0.432285,[[0.21784,-0.866345,-0.449436],[0.756755,0.440735,-0.482777],[0.616334,-0.234945,0.751621]],63.3552,[253.6,98.0621,331.083],[88.1424,161.134,129.307]]],[[1990,[0.68943,-0.634232,-0.349909],199,45.0324,[-27.7627,88.0022,51.6295],[-28.563,88.5304,51.5606],[-37.0909,15.1199,-3.82149],false,[-94.5892,121.374,73.8245],[-94.5892,121.374,73.8245],[-51.9288,121.26,67.4614],[-31.6174,102.575,57.1527],[-28.824,84.0631,49.5064],[[[-0.538703,0.177857,-0.823508],[-0.301169,0.872223,0.385389],[-0.786827,-0.455625,0.416304]],[[-0.136659,0.360502,-0.922693],[0.0556313,0.932755,0.356194],[-0.989055,0.0026535,0.147525]],[[-0.136659,0.360502,-0.922693],[0.711344,0.683951,0.161868],[-0.68943,0.634232,0.349909]],[[-0.136659,0.360502,-0.922693],[0.98094,0.179126,-0.0753002],[-0.138133,0.915397,0.37811]]],0],[1991,[0.94408,-0.189486,-0.26983],199,50.814,[15.5249,121.919,-3.85587],[17.4189,125.103,-0.491256],[-28.8307,5.47948,-13.0521],false,[-100.559,125.838,54.747],[-46.7462,135.874,22.4275],[-12.8166,132.02,7.8663],[6.90049,128.063,2.23091],[20.9585,124.378,-0.367312],[[[-0.192244,-0.799914,-0.568489],[-0.496437,0.578975,-0.646791],[-0.846518,-0.157877,0.508411]],[[-0.30474,-0.813903,-0.494667],[-0.267895,0.57165,-0.775531],[-0.913984,0.103816,0.392245]],[[-0.30474,-0.813903,-0.494667],[-0.125883,0.549233,-0.826134],[-0.94408,0.189486,0.26983]],[[-0.30474,-0.813903,-0.494667],[-0.0197878,0.524669,-0.851077],[-0.95223,0.249569,0.175993]]],1],[1992,[-0.693896,-0.102924,0.712681],199,57.8985,[-58.637,104.376,59.6066],[-56.8754,102.717,60.758],[-21.7109,18.4337,-2.32305],false,[-102.882,118.351,47.5534],[-53.8739,121.129,12.5568],[-28.287,103.32,40.175],[-45.3368,100.791,57.6864],[-60.9111,103.368,61.4892],[[[-0.217378,-0.900792,-0.375927],[-0.540255,0.431798,-0.72227],[-0.81294,-0.0460911,0.580521]],[[-0.237463,-0.901657,-0.361421],[0.752453,0.0645714,-0.655473],[-0.614349,0.427603,-0.663122]],[[-0.237463,-0.901657,-0.361421],[0.679793,-0.420024,0.601216],[0.693896,0.102924,-0.712681]],[[-0.237463,-0.901657,-0.361421],[0.153798,-0.402268,0.902511],[0.959144,-0.158728,-0.234197]]],2],[1993,[-0.642057,-0.0145412,0.766519],199,55.671,[-65.4395,93.4674,54.5462],[-64.8709,92.6168,54.7178],[-25.3587,20.1167,-1.39849],false,[-105.022,109.204,42.609],[-63.889,104.889,7.69415],[-38.2561,90.6557,32.8103],[-53.6248,90.3076,51.1581],[-68.8077,93.6197,55.534],[[[-0.29329,-0.927727,-0.230877],[-0.580045,0.364648,-0.728409],[-0.759953,0.0797162,0.645071]],[[-0.273973,-0.929446,-0.247119],[0.695777,-0.0141625,-0.718118],[-0.663953,0.368685,-0.650567]],[[-0.273973,-0.929446,-0.247119],[0.716032,-0.368671,0.592774],[0.642057,0.0145412,-0.766519]],[[-0.273973,-0.929446,-0.247119],[0.201228,-0.306663,0.930304],[0.94045,-0.205151,-0.271048]]],3],[1994,[-0.498038,0.0209557,0.866902],199,43.645,[-66.7285,83.3358,44.7476],[-66.661,83.1406,44.8044],[-31.0298,19.8134,1.8234],false,[-105.759,96.9323,42.9167],[-71.9678,88.2612,6.95365],[-48.4256,81.2241,25.112],[-56.8425,81.5782,39.7629],[-70.132,83.8557,46.0899],[[[-0.279376,-0.959677,-0.0311156],[-0.683447,0.221514,-0.69558],[-0.674425,0.173063,0.717775]],[[-0.213846,-0.971801,-0.0993637],[0.60045,-0.0505301,-0.798064],[-0.770539,0.230326,-0.594323]],[[-0.213846,-0.971801,-0.0993637],[0.840374,-0.23487,0.488475],[0.498038,-0.0209557,-0.866902]],[[-0.213846,-0.971801,-0.0993637],[0.397633,-0.179503,0.899815],[0.892277,-0.152911,-0.424806]]],4],[2000,[-0.722673,-0.578764,-0.377858],200,51.818,[-13.5853,141.397,101.809],[-10.6778,136.085,97.4905],[88.2273,-151.043,-100.089],false,[68.3839,182.293,138.91],[68.3839,182.293,138.91],[27.4418,163.939,117.692],[2.94285,144.319,104.882],[-14.7742,132.389,95.6485],[[[0.725006,-0.0351636,-0.687844],[0.117454,0.990379,0.0731704],[0.678653,-0.133839,0.722161]],[[0.455959,0.0116741,-0.889924],[-0.334087,0.929037,-0.158985],[0.824917,0.369803,0.427503]],[[0.455959,0.0116741,-0.889924],[-0.519467,0.815412,-0.255456],[0.722673,0.578764,0.377858]],[[0.455959,0.0116741,-0.889924],[-0.460867,0.858508,-0.224866],[0.761382,0.512667,0.396825]]],0],[2001,[-0.653334,-0.275528,-0.705151],200,58.4709,[-22.6473,148.651,12.0425],[-20.8996,145.681,10.4717],[124.564,-127.674,-147.198],false,[80.489,180.415,118.775],[30.1642,167.048,67.3996],[4.74022,156.854,34.6216],[-10.9607,150.232,17.6754],[-22.7992,145.067,6.64086],[[[0.399856,-0.903082,-0.156713],[0.605638,0.388653,-0.694372],[0.687981,0.182737,0.702345]],[[0.465418,-0.880799,-0.0870572],[0.655093,0.408947,-0.635308],[0.59518,0.238653,0.767337]],[[0.465418,-0.880799,-0.0870572],[0.59711,0.385068,-0.703692],[0.653334,0.275528,0.705151]],[[0.465418,-0.880799,-0.0870572],[0.545662,0.362984,-0.755312],[0.696878,0.304032,0.649558]]],1],[2002,[-0.662513,-0.224239,0.714698],200,66.6229,[-26.8415,123.956,110.157],[-26.2756,121.907,107.795],[116.601,-147.196,-81.823],false,[85.9538,170.029,115.29],[42.4157,148.859,65.6084],[-0.4477,130.283,76.3034],[-19.1793,123.943,96.5105],[-27.463,122.02,113.148],[[[0.379984,-0.923025,0.060302],[0.679477,0.234298,-0.695281],[0.627634,0.305169,0.716204]],[[0.417127,-0.902951,0.103365],[-0.16144,-0.185537,-0.969285],[0.894395,0.387627,-0.223165]],[[0.417127,-0.902951,0.103365],[-0.622159,-0.3666,-0.691753],[0.662513,0.224239,-0.714698]],[[0.417127,-0.902951,0.103365],[-0.793378,-0.417247,-0.443234],[0.443348,0.102877,-0.890426]]],2],[2003,[-0.724865,-0.177651,0.66559],200,64.0597,[-13.472,112.101,111.392],[-11.2326,107.641,108.016],[111.295,-146.157,-114.047],false,[90.6687,158.77,114.817],[56.4389,131.714,70.373],[16.7369,113.613,78.7156],[-3.22842,108.72,97.0482],[-13.1586,108.244,112.741],[[[0.415893,-0.883075,0.217281],[0.72455,0.177362,-0.666011],[0.5496,0.43442,0.713596]],[[0.445003,-0.858293,0.255548],[-0.0570596,-0.311955,-0.948382],[0.893709,0.407451,-0.187795]],[[0.445003,-0.858293,0.255548],[-0.525873,-0.481428,-0.701202],[0.724865,0.177651,-0.66559]],[[0.445003,-0.858293,0.255548],[-0.718499,-0.512519,-0.470195],[0.534538,0.0256269,-0.844756]]],3],[2004,[-0.667336,0.120911,0.734876],200,50.2216,[14.4628,112.499,115.084],[15.4819,110.011,113.003],[154.645,-69.9261,-55.5335],false,[92.4863,146.073,120.793],[67.0808,115.454,79.0679],[35.0285,105.071,89.11],[22.0509,107.422,103.401],[14.6522,112.825,117.885],[[[0.351237,-0.843946,0.405449],[0.826106,0.0755313,-0.558429],[0.44066,0.531084,0.723718]],[[0.40412,-0.770047,0.493676],[-0.0741543,-0.565514,-0.821399],[0.911695,0.295335,-0.285637]],[[0.40412,-0.770047,0.493676],[-0.62558,-0.626425,-0.465017],[0.667336,-0.120911,-0.734876]],[[0.40412,-0.770047,0.493676],[-0.80642,-0.554659,-0.205039],[0.431711,-0.315249,-0.845129]]],4]],[[0,200,0],[235.247,235.247,147.751]]],[184809,7489149076,[[199,"left",[0.718748,0.101758,-0.687784],[0.619702,-0.542273,0.567371],[-68.3359,114.625,28.4321],[-27.7211,12.3772,7.0654],[-72.1742,110.401,23.689],0.657637,0,0.461463,[[-0.481291,-0.850159,-0.213516],[-0.716874,0.52193,-0.462256],[-0.504432,0.0694159,0.860657]],55.0588,[-223.946,122.602,256.215],[-106.262,106.408,55.4237]],[200,"right",[-0.505856,-0.262649,-0.82166],[-0.703005,-0.426469,0.56913],[54.2911,150.118,87.9621],[76.2082,-103.491,-84.0311],[50.3347,155.892,93.6787],1,0,0.436529,[[0.230856,-0.862229,-0.450852],[0.752657,0.451902,-0.478845],[0.616615,-0.228792,0.753287]],63.3552,[253.792,98.0714,331.621],[88.2593,159.492,129.398]]],[[1990,[0.691458,-0.634065,-0.346191],199,45.0324,[-27.9564,88.0613,51.6172],[-28.8487,88.8269,51.7782],[-37.125,20.4134,4.47937],false,[-94.8392,121.591,73.9063],[-94.8392,121.591,73.9063],[-52.1897,121.61,67.4692],[-31.8186,102.93,57.2701],[-29.1517,84.3361,49.7791],[[[-0.540876,0.169273,-0.823893],[-0.303944,0.874012,0.379106],[-0.784265,-0.455467,0.421282]],[[-0.139805,0.352705,-0.925232],[0.0522268,0.935735,0.348817],[-0.988801,-0.000444287,0.149241]],[[-0.139805,0.352705,-0.925232],[0.70876,0.688158,0.155235],[-0.691458,0.634065,0.346191]],[[-0.139805,0.352705,-0.925232],[0.981358,0.173804,-0.0820302],[-0.131876,0.919452,0.370428]]],0],[1991,[0.944536,-0.187714,-0.269472],199,50.814,[15.5491,121.964,-3.80298],[17.0343,125.194,-0.603852],[-33.623,7.24533,-13.4468],false,[-100.861,125.881,54.8053],[-47.146,135.877,22.3107],[-13.2212,132.057,7.72987],[6.50548,128.136,2.10194],[20.5755,124.487,-0.48128],[[[-0.190078,-0.805092,-0.561869],[-0.499889,0.571926,-0.650393],[-0.844974,-0.157246,0.511167]],[[-0.301982,-0.818926,-0.488024],[-0.271423,0.564595,-0.779462],[-0.913858,0.102922,0.392773]],[[-0.301982,-0.818926,-0.488024],[-0.129069,0.542332,-0.830191],[-0.944536,0.187714,0.269472]],[[-0.301982,-0.818926,-0.488024],[-0.0226709,0.517949,-0.855111],[-0.953044,0.247164,0.174977]]],1],[1992,[-0.694017,-0.099248,0.713085],199,57.8985,[-58.608,104.34,59.6365],[-57.123,103.006,60.8617],[-24.1605,23.1014,0.706899],false,[-103.167,118.329,47.6747],[-54.2327,121.028,12.5685],[-28.5269,103.537,40.2799],[-45.5797,101.099,57.8012],[-61.1673,103.664,61.5576],[[[-0.214467,-0.904559,-0.368479],[-0.543257,0.423991,-0.72464],[-0.811712,-0.0447671,0.58234]],[[-0.234326,-0.905386,-0.354073],[0.751099,0.0626242,-0.657212],[-0.617204,0.419947,-0.66536]],[[-0.234326,-0.905386,-0.354073],[0.680758,-0.412828,0.605097],[0.694017,0.099248,-0.713085]],[[-0.234326,-0.905386,-0.354073],[0.153512,-0.394105,0.906154],[0.959961,-0.157981,-0.231337]]],2],[1993,[-0.640686,-0.0111018,0.767723],199,55.671,[-65.4406,93.4561,54.552],[-65.044,92.8062,54.9605],[-24.2072,20.7877,6.36893],false,[-105.279,109.135,42.8059],[-64.1919,104.711,7.85114],[-38.4502,90.7757,33.0234],[-53.7861,90.5099,51.4],[-68.9755,93.7969,55.7724],[[[-0.290012,-0.930659,-0.223084],[-0.58279,0.356638,-0.730182],[-0.75911,0.0817503,0.645808]],[[-0.270684,-0.932432,-0.239377],[0.694369,-0.0168823,-0.719421],[-0.66677,0.360951,-0.652021]],[[-0.270684,-0.932432,-0.239377],[0.718506,-0.361175,0.594391],[0.640686,0.0111018,-0.767723]],[[-0.270684,-0.932432,-0.239377],[0.203791,-0.298526,0.93239],[0.94085,-0.2036,-0.270828]]],3],[1994,[-0.497005,0.0258836,0.867362],199,43.645,[-66.744,83.3388,44.7539],[-66.8239,83.2472,45.1253],[-28.3264,18.0479,11.2392],false,[-105.967,96.8637,43.2108],[-72.2058,88.0454,7.25532],[-48.6033,81.2439,25.4251],[-57.0028,81.6813,40.0838],[-70.2942,83.9574,46.4072],[[[-0.275615,-0.96099,-0.0231053],[-0.685564,0.213357,-0.696047],[-0.673824,0.176001,0.717624]],[[-0.210159,-0.973388,-0.0913751],[0.599214,-0.0543929,-0.798739],[-0.772513,0.222615,-0.594699]],[[-0.210159,-0.973388,-0.0913751],[0.841914,-0.227698,0.489218],[0.497005,-0.0258836,-0.867362]],[[-0.210159,-0.973388,-0.0913751],[0.399305,-0.17077,0.900774],[0.892406,-0.152819,-0.424568]]],4],[2000,[-0.714929,-0.577649,-0.393953],200,51.818,[-13.0908,140.246,101.059],[-10.0966,134.272,96.2895],[84.3193,-169.427,-112.987],false,[68.262,180.339,139.186],[68.262,180.339,139.186],[27.6452,162.046,117.301],[3.40882,142.463,103.946],[-14.158,130.601,94.3456],[[[0.731233,-0.0180928,-0.681887],[0.1095,0.989798,0.0911613],[0.673281,-0.141327,0.725754]],[[0.463515,0.030284,-0.885572],[-0.339764,0.9291,-0.146062],[0.818361,0.368587,0.440941]],[[0.463515,0.030284,-0.885572],[-0.52348,0.815723,-0.246098],[0.714929,0.577649,0.393953]],[[0.463515,0.030284,-0.885572],[-0.463943,0.85977,-0.213429],[0.754925,0.509782,0.412566]]],0],[2001,[-0.641938,-0.265053,-0.719488],200,58.4709,[-21.7669,148.104,11.1282],[-19.4133,145.484,9.08485],[140.224,-100.191,-153.022],false,[80.5562,178.895,119.13],[30.7826,166.05,67.0887],[5.81818,156.338,33.8149],[-9.60891,149.968,16.5241],[-21.2498,144.967,5.20758],[[[0.407863,-0.897341,-0.168605],[0.608803,0.404899,-0.682214],[0.680446,0.175603,0.711447]],[[0.472155,-0.875988,-0.098558],[0.65994,0.425383,-0.619297],[0.584422,0.227362,0.778947]],[[0.472155,-0.875988,-0.098558],[0.60414,0.402978,-0.687477],[0.641938,0.265053,0.719488]],[[0.472155,-0.875988,-0.098558],[0.554532,0.382067,-0.73927],[0.685247,0.294396,0.666158]]],1],[2002,[-0.662663,-0.238707,0.709856],200,66.6229,[-26.0387,122.647,109.396],[-25.4555,119.961,106.584],[113.338,-171.188,-97.6744],false,[86.1278,168.61,115.517],[43.1832,147.984,65.095],[0.398942,128.958,75.3065],[-18.337,122.209,95.3767],[-26.6367,120,111.97],[[[0.386242,-0.921156,0.0478522],[0.683784,0.251121,-0.685112],[0.619078,0.297339,0.726864]],[[0.422776,-0.901605,0.0914816],[-0.155791,-0.171752,-0.972744],[0.892743,0.397001,-0.213074]],[[0.422776,-0.901605,0.0914816],[-0.618173,-0.360732,-0.69838],[0.662663,0.238707,-0.709856]],[[0.422776,-0.901605,0.0914816],[-0.789901,-0.416102,-0.450462],[0.444204,0.118183,-0.888097]]],2],[2003,[-0.730138,-0.195044,0.654871],200,64.0597,[-12.7504,110.813,110.474],[-10.5285,105.654,106.252],[104.004,-173.803,-143.934],false,[90.9296,157.396,114.892],[57.2902,130.861,69.6895],[17.6397,112.292,77.2073],[-2.47082,106.92,95.2447],[-12.5308,106.102,110.841],[[[0.420481,-0.883652,0.205804],[0.729018,0.194018,-0.656422],[0.540119,0.426048,0.725778]],[[0.448866,-0.85951,0.244463],[-0.0432704,-0.294157,-0.954777],[0.892551,0.417989,-0.169228]],[[0.448866,-0.85951,0.244463],[-0.515187,-0.472441,-0.71511],[0.730139,0.195044,-0.654871]],[[0.448866,-0.85951,0.244463],[-0.710822,-0.50922,-0.485208],[0.541527,0.0440235,-0.83953]]],3],[2004,[-0.673361,0.104665,0.731868],200,50.2216,[15.4274,111.455,114.367],[16.1935,108.219,111.649],[137.078,-110.197,-84.4142],false,[92.7885,144.611,120.665],[67.9754,114.531,78.1987],[35.9126,103.738,87.7635],[22.8179,105.773,101.996],[15.2985,110.903,116.517],[[[0.353895,-0.848231,0.394034],[0.830378,0.0910886,-0.549704],[0.430384,0.521735,0.736588]],[[0.405427,-0.775529,0.483925],[-0.0624257,-0.551638,-0.831744],[0.911993,0.307002,-0.272062]],[[0.405427,-0.775529,0.483925],[-0.618235,-0.622575,-0.479776],[0.673361,-0.104665,-0.731868]],[[0.405427,-0.775529,0.483925],[-0.801952,-0.555836,-0.218905],[0.43875,-0.299335,-0.847288]]],4]],[[0,200,0],[235.247,235.247,147.751]]],[184810,7489158317,[[199,"left",[0.717814,0.0918714,-0.690147],[0.621628,-0.531,0.575863],[-68.8142,114.683,28.3813],[-34.4719,10.6646,3.53706],[-72.1528,110.428,23.7189],0.660695,0,0.464583,[[-0.471147,-0.857045,-0.208553],[-0.7238,0.510785,-0.463909],[-0.504117,0.0676191,0.860984]],55.0588,[-224.304,122.605,256.415],[-106.693,106.83,55.5472]],[200,"right",[-0.501435,-0.270616,-0.821785],[-0.688696,-0.450082,0.56844],[56.2296,149.871,86.649],[113.712,-81.9255,-100.337],[50.7698,155.448,93.1598],1,0,0.416581,[[0.261556,-0.845725,-0.465121],[0.748833,0.481851,-0.455048],[0.608964,-0.229278,0.759338]],63.3552,[253.559,98.3338,331.879],[90.0793,159.884,128.032]]],[[1990,[0.692207,-0.638661,-0.336098],199,45.0324,[-28.2316,88.1801,51.6463],[-29.4382,89.337,52.1188],[-45.0315,29.5722,14.4779],false,[-95.2906,122.353,73.7577],[-95.2906,122.353,73.7577],[-52.6467,122.36,67.2832],[-32.2536,103.544,57.3814],[-29.8053,84.789,50.2269],[[[-0.542109,0.153897,-0.826095],[-0.305785,0.879556,0.364522],[-0.782696,-0.450218,0.429756]],[[-0.141397,0.336663,-0.930948],[0.0503897,0.941625,0.332871],[-0.98867,-0.000156729,0.150107]],[[-0.141397,0.336663,-0.930948],[0.707712,0.691932,0.142736],[-0.692207,0.638661,0.336098]],[[-0.141397,0.336663,-0.930948],[0.982522,0.162731,-0.0903812],[-0.121066,0.927457,0.353789]]],0],[1991,[0.945093,-0.189432,-0.266297],199,50.814,[15.5699,122.016,-3.74365],[16.5258,125.003,-0.856651],[-39.7136,0.0736672,-17.6676],false,[-101.342,126.304,54.5928],[-47.6843,135.882,21.8782],[-13.7523,131.927,7.34988],[5.98601,127.97,1.78827],[20.0668,124.317,-0.729364],[[[-0.188589,-0.814993,-0.547924],[-0.501972,0.55954,-0.659499],[-0.844073,-0.150668,0.514626]],[[-0.299573,-0.827812,-0.474324],[-0.273439,0.550797,-0.788577],[-0.91405,0.106538,0.39136]],[[-0.299573,-0.827812,-0.474324],[-0.130591,0.528056,-0.839108],[-0.945093,0.189432,0.266297]],[[-0.299573,-0.827812,-0.474324],[-0.0238009,0.503487,-0.863675],[-0.953776,0.247445,0.170534]]],1],[1992,[-0.695553,-0.087781,0.713092],199,57.8985,[-58.5905,104.321,59.6716],[-57.6096,103.678,60.9112],[-32.2621,37.3491,1.01552],false,[-103.635,118.626,47.5938],[-54.7428,120.851,12.3969],[-28.9665,103.9,40.3764],[-46.057,101.743,57.8979],[-61.6609,104.358,61.5504],[[[-0.212536,-0.911223,-0.352848],[-0.545038,0.410257,-0.731179],[-0.811025,-0.0369134,0.583845]],[[-0.232087,-0.911849,-0.338626],[0.7504,0.0536601,-0.658803],[-0.618899,0.407004,-0.671797]],[[-0.232087,-0.911849,-0.338626],[0.679957,-0.401032,0.613866],[0.695553,0.087781,-0.713092]],[[-0.232087,-0.911849,-0.338626],[0.150576,-0.377615,0.913638],[0.96097,-0.161054,-0.224942]]],2],[1993,[-0.639537,0.00006443,0.768761],199,55.671,[-65.4529,93.4589,54.5674],[-65.4349,93.3274,55.2601],[-28.6086,30.3717,13.5961],false,[-105.729,109.345,42.8839],[-64.6653,104.431,7.96738],[-38.8434,90.9898,33.3253],[-54.1517,90.9914,51.7268],[-69.3449,94.3122,56.0601],[[[-0.287873,-0.93504,-0.206954],[-0.584406,0.34272,-0.735536],[-0.758682,0.0907953,0.645102]],[[-0.268496,-0.937045,-0.223285],[0.693218,-0.0270122,-0.720222],[-0.668849,0.348161,-0.656829]],[[-0.268496,-0.937045,-0.223285],[0.720349,-0.349208,0.599292],[0.639537,-0.0000644299,-0.768761]],[[-0.268496,-0.937045,-0.223285],[0.205588,-0.282198,0.937069],[0.941086,-0.205694,-0.268414]]],3],[1994,[-0.496826,0.0395382,0.866949],199,43.645,[-66.7729,83.3533,44.7752],[-67.2239,83.6043,45.5866],[-32.4118,23.6396,21.9042],false,[-106.386,97.0806,43.4979],[-72.6376,87.738,7.66279],[-48.9979,81.305,25.9184],[-57.3944,81.9732,40.57],[-70.6918,84.3258,46.8527],[[[-0.273203,-0.961934,-0.0065041],[-0.686783,0.199781,-0.698868],[-0.673565,0.186466,0.715221]],[[-0.207799,-0.975322,-0.0746037],[0.598468,-0.0664381,-0.798387],[-0.773728,0.210552,-0.597505]],[[-0.207799,-0.975322,-0.0746037],[0.842605,-0.217216,0.492782],[0.496826,-0.0395382,-0.866949]],[[-0.207799,-0.975322,-0.0746037],[0.399637,-0.154263,0.9036],[0.89281,-0.157953,-0.421831]]],4],[2000,[-0.703284,-0.591339,-0.394601],200,51.818,[-12.2275,138.783,100.089],[-7.92802,132.422,95.1923],[122.247,-169.174,-115.053],false,[69.5459,180.093,138.046],[69.5459,180.093,138.046],[29.2963,160.863,116.286],[5.45465,140.817,102.909],[-12.1361,129.07,93.211],[[[0.728878,0.0073207,-0.684605],[0.0822166,0.991771,0.0981388],[0.67969,-0.127817,0.722278]],[[0.456354,0.0500776,-0.888388],[-0.366169,0.920526,-0.136207],[0.810963,0.387459,0.438422]],[[0.456354,0.0500776,-0.888388],[-0.5451,0.804866,-0.234641],[0.703284,0.591339,0.394601]],[[0.456354,0.0500776,-0.888388],[-0.469338,0.861777,-0.192515],[0.755952,0.504809,0.416778]]],0],[2001,[-0.63193,-0.272547,-0.725523],200,58.4709,[-20.5041,147.321,9.9833],[-17.2707,144.087,7.56603],[165.879,-112.211,-156.197],false,[81.7999,179.14,117.936],[32.2077,165.294,65.9787],[7.56514,155.308,32.5466],[-7.62142,148.758,15.1108],[-19.0641,143.612,3.65757],[[[0.432073,-0.884352,-0.176735],[0.594706,0.426724,-0.681345],[0.677966,0.189285,0.710305]],[[0.495297,-0.862037,-0.107575],[0.649524,0.449704,-0.613094],[0.576887,0.233792,0.782651]],[[0.495297,-0.862037,-0.107575],[0.596108,0.427329,-0.679739],[0.63193,0.272547,0.725523]],[[0.495297,-0.862037,-0.107575],[0.548608,0.406393,-0.730667],[0.67358,0.302881,0.674206]]],1],[2002,[-0.65155,-0.26137,0.712157],200,66.6229,[-24.1492,120.577,108.324],[-22.4769,117.428,105.468],[171.412,-200.278,-106.127],false,[87.6422,169.041,114.227],[45.0993,147.596,63.8064],[2.90204,127.306,74.026],[-15.5196,119.916,94.1613],[-23.6359,117.387,110.8],[[[0.41194,-0.910349,0.0396142],[0.673932,0.275123,-0.685656],[0.613287,0.309146,0.726847]],[[0.448171,-0.890052,0.0833698],[-0.154501,-0.168977,-0.973435],[0.880496,0.423384,-0.213245]],[[0.448171,-0.890052,0.0833698],[-0.612067,-0.373488,-0.697052],[0.65155,0.26137,-0.712157]],[[0.448171,-0.890052,0.0833698],[-0.781315,-0.435313,-0.447269],[0.434385,0.135315,-0.890505]]],2],[2003,[-0.721818,-0.220018,0.656178],200,64.0597,[-11.2001,109.025,109.225],[-7.23852,103.507,104.845],[174.145,-190.873,-147.758],false,[92.7523,157.97,113.502],[59.6953,130.84,68.2229],[20.6,111.107,75.6832],[0.718675,105.047,93.7566],[-9.23743,103.846,109.394],[[[0.445717,-0.873066,0.197718],[0.720848,0.219094,-0.657553],[0.530769,0.435607,0.727001]],[[0.473388,-0.848593,0.236207],[-0.0375862,-0.287372,-0.957081],[0.880052,0.444192,-0.167934]],[[0.473388,-0.848593,0.236207],[-0.504859,-0.481125,-0.716684],[0.721818,0.220018,-0.656178]],[[0.473388,-0.848593,0.236207],[-0.699054,-0.52508,-0.485402],[0.535936,0.0646617,-0.841779]]],3],[2004,[-0.668352,0.0853514,0.738932],200,50.2216,[17.5732,110.171,113.276],[19.6082,107.005,110.368],[201.477,-117.316,-101.595],false,[94.9885,145.2,119.173],[70.8634,114.752,76.5721],[39.1484,103.025,86.1967],[26.1511,104.685,100.567],[18.7005,109.601,115.197],[[[0.378879,-0.8409,0.386443],[0.825439,0.118252,-0.551967],[0.418451,0.528113,0.738915]],[[0.428455,-0.767877,0.476226],[-0.0513618,-0.546898,-0.835622],[0.902102,0.333567,-0.273761]],[[0.428455,-0.767877,0.476226],[-0.608055,-0.634886,-0.476643],[0.668352,-0.0853514,-0.738932]],[[0.428455,-0.767877,0.476226],[-0.792107,-0.572783,-0.210919],[0.434734,-0.286852,-0.853652]]],4]],[[0,200,0],[235.247,235.247,147.751]]],[184811,7489175576,[[199,"left",[0.71688,0.0787253,-0.692738],[0.623927,-0.515838,0.587049],[-69.5335,114.83,28.0999],[-37.7824,9.67078,-5.58404],[-72.1079,110.504,23.7939],0.664802,0,0.470454,[[-0.457611,-0.865968,-0.201719],[-0.73333,0.495867,-0.465127],[-0.502811,0.0649204,0.861955]],55.0588,[-224.667,122.609,256.567],[-107.361,107.463,55.4724]],[200,"right",[-0.503356,-0.278411,-0.817998],[-0.680629,-0.455463,0.573845],[59.7967,148.327,85.2599],[156.449,-85.392,-91.2102],[52.2849,154.252,91.8338],1,0,0.430037,[[0.281004,-0.839683,-0.464725],[0.751524,0.493687,-0.43759],[0.596866,-0.226287,0.76977]],63.3552,[254.012,98.0751,333.061],[93.7804,158.823,126.413]]],[[1990,[0.694303,-0.643877,-0.321506],199,45.0324,[-28.8703,88.544,51.7749],[-30.2638,90.1142,52.4187],[-46.314,36.3528,17.6831],false,[-95.9946,123.43,73.3182],[-95.9946,123.43,73.3182],[-53.345,123.428,66.8821],[-32.89,104.458,57.4102],[-30.6871,85.5095,50.6992],[[[-0.543366,0.133472,-0.828818],[-0.30841,0.886505,0.344953],[-0.780792,-0.443051,0.440533]],[[-0.141563,0.315819,-0.938199],[0.0471788,0.948819,0.312275],[-0.988804,0.000056493,0.149218]],[[-0.141563,0.315819,-0.938199],[0.705623,0.696908,0.128125],[-0.694303,0.643877,0.321506]],[[-0.141563,0.315819,-0.938199],[0.983917,0.149182,-0.0982432],[-0.108936,0.937018,0.331859]]],0],[1991,[0.945995,-0.191589,-0.26151],199,50.814,[15.5858,122.109,-3.64809],[15.7811,124.817,-1.35868],[-41.36,-4.14247,-23.1903],false,[-102.076,126.928,54.0752],[-48.4807,135.947,21.1012],[-14.5305,131.817,6.66438],[5.22657,127.816,1.20274],[19.3232,124.16,-1.21977],[[[-0.186343,-0.827733,-0.529278],[-0.504442,0.54289,-0.671423],[-0.843098,-0.141875,0.518707]],[[-0.296058,-0.83922,-0.456136],[-0.275622,0.53229,-0.800437],[-0.914539,0.111254,0.388896]],[[-0.296058,-0.83922,-0.456136],[-0.132074,0.508925,-0.850619],[-0.945995,0.191589,0.26151]],[[-0.296058,-0.83922,-0.456136],[-0.0247402,0.484122,-0.874651],[-0.95485,0.247662,0.164091]]],1],[1992,[-0.696534,-0.0733575,0.713764],199,57.8985,[-58.6036,104.346,59.7314],[-58.326,104.619,60.7972],[-36.5079,45.2789,-3.02439],false,[-104.35,119.087,47.2529],[-55.4973,120.684,11.9671],[-29.6466,104.453,40.303],[-46.7613,102.65,57.8411],[-62.3807,105.311,61.3931],[[[-0.209791,-0.919631,-0.332064],[-0.547071,0.39189,-0.739686],[-0.810371,-0.026483,0.585318]],[[-0.229016,-0.920001,-0.318042],[0.74987,0.0415904,-0.660277],[-0.620683,0.389704,-0.680356]],[[-0.229016,-0.920001,-0.318042],[0.679994,-0.38499,0.624012],[0.696534,0.0733575,-0.713764]],[[-0.229016,-0.920001,-0.318042],[0.149151,-0.356032,0.922494],[0.961928,-0.16383,-0.218756]]],2],[1993,[-0.63747,0.0144715,0.770339],199,55.671,[-65.5058,93.5053,54.6056],[-66.0289,94.0898,55.4386],[-29.9726,36.0228,12.2428],false,[-106.417,109.696,42.7549],[-65.3685,104.135,7.91758],[-39.4357,91.3519,33.5015],[-54.6946,91.6983,51.9408],[-69.8905,95.0574,56.235],[[[-0.284916,-0.940413,-0.185599],[-0.586216,0.324141,-0.742485],[-0.758402,0.102745,0.643638]],[[-0.265465,-0.942729,-0.201967],[0.691607,-0.0402539,-0.721151],[-0.67172,0.331122,-0.662684]],[[-0.265465,-0.942729,-0.201967],[0.723298,-0.333246,0.604803],[0.63747,-0.0144715,-0.770339]],[[-0.265465,-0.942729,-0.201967],[0.208731,-0.260713,0.942582],[0.941254,-0.208066,-0.265987]]],3],[1994,[-0.496457,0.0574879,0.866156],199,43.645,[-66.852,83.406,44.8306],[-67.8339,84.1566,45.9855],[-33.5984,27.2736,22.3127],false,[-107.032,97.4464,43.645],[-73.285,87.4131,7.99616],[-49.6036,81.4704,26.3636],[-57.9939,82.442,41.0019],[-71.2971,84.8928,47.2346],[[[-0.269975,-0.962744,0.0153911],[-0.688079,0.181722,-0.702513],[-0.673544,0.200252,0.711504]],[[-0.204628,-0.977435,-0.0524136],[0.597798,-0.0823908,-0.797402],[-0.77509,0.194504,-0.601169]],[[-0.204628,-0.977435,-0.0524136],[0.843598,-0.203261,0.497018],[0.496457,-0.0574879,-0.866156]],[[-0.204628,-0.977435,-0.0524136],[0.400406,-0.132447,0.906715],[0.893198,-0.164553,-0.418474]]],4],[2000,[-0.7041,-0.594793,-0.387898],200,51.818,[-9.73673,135.945,98.2157],[-4.52016,130.67,94.3347],[151.802,-127.96,-85.7742],false,[73.0954,178.848,136.485],[73.0954,178.848,136.485],[32.8256,159.196,115.144],[8.9563,139.032,101.994],[-9.00082,127.821,92.3333],[[[0.724761,0.0127843,-0.688882],[0.0724103,0.992878,0.0946075],[0.685185,-0.11845,0.718673]],[[0.447529,0.0524268,-0.892731],[-0.376025,0.916772,-0.134664],[0.811371,0.395955,0.429996]],[[0.447529,0.0524268,-0.892731],[-0.551327,0.802167,-0.229274],[0.7041,0.594793,0.387898]],[[0.447529,0.0524268,-0.892731],[-0.451885,0.87471,-0.175163],[0.771698,0.481803,0.415149]]],0],[2001,[-0.623947,-0.271954,-0.73262],200,58.4709,[-17.1828,145.474,7.69501],[-13.4939,142.123,5.86964],[191.417,-110.258,-130.929],false,[85.2414,177.959,116.307],[35.4949,163.434,64.6834],[11.0663,153.41,31.1056],[-3.92845,146.875,13.4993],[-15.2038,141.755,1.87002],[[[0.440261,-0.880342,-0.176545],[0.586232,0.430772,-0.686125],[0.680075,0.198578,0.705737]],[[0.502284,-0.857758,-0.109372],[0.648587,0.457375,-0.608394],[0.571879,0.234649,0.786062]],[[0.502284,-0.857758,-0.109372],[0.598666,0.436226,-0.671793],[0.623947,0.271954,0.73262]],[[0.502284,-0.857758,-0.109372],[0.55423,0.416441,-0.720699],[0.663732,0.301378,0.684566]]],1],[2002,[-0.644392,-0.265777,0.717022],200,66.6229,[-19.5397,117.059,106.734],[-18.426,115.141,104.664],[200.193,-169.222,-80.3137],false,[91.1673,167.91,112.594],[48.558,145.864,62.49],[6.6298,125.156,72.976],[-11.5895,117.642,93.2488],[-19.5643,115.092,109.952],[[[0.421662,-0.905871,0.0399977],[0.667012,0.279993,-0.690434],[0.614244,0.317809,0.722289]],[[0.458,-0.885016,0.0835606],[-0.157538,-0.173317,-0.972185],[0.874882,0.432097,-0.218803]],[[0.458,-0.885016,0.0835606],[-0.612368,-0.382242,-0.692024],[0.644392,0.265777,-0.717022]],[[0.458,-0.885016,0.0835606],[-0.779784,-0.445109,-0.440244],[0.426817,0.136473,-0.893981]]],2],[2003,[-0.71485,-0.224716,0.662187],200,64.0597,[-6.80793,105.39,106.999],[-3.03608,101.412,104.02],[206.119,-159.005,-102.723],false,[96.3886,156.891,111.873],[63.3539,129.275,66.8724],[24.504,109.161,74.5906],[4.81457,102.972,92.8296],[-4.99844,101.742,108.555],[[[0.455967,-0.867741,0.197786],[0.714674,0.224546,-0.662435],[0.53041,0.443401,0.722538]],[[0.483339,-0.843117,0.235663],[-0.0397794,-0.290069,-0.956179],[0.874529,0.452784,-0.173741]],[[0.483339,-0.843117,0.235663],[-0.505344,-0.488524,-0.711316],[0.71485,0.224716,-0.662187]],[[0.483339,-0.843117,0.235663],[-0.698107,-0.533638,-0.477365],[0.528233,0.0662111,-0.846514]]],3],[2004,[-0.653692,0.0919974,0.751148],200,50.2216,[22.8638,108.021,111.776],[24.1941,105.694,109.773],[231.864,-98.8425,-72.7479],false,[98.7912,144.163,117.571],[74.7381,113.332,75.2055],[43.2079,101.42,85.2028],[30.4956,103.209,99.8103],[23.4005,108.313,114.552],[[[0.389897,-0.835684,0.386799],[0.820928,0.125132,-0.557153],[0.417203,0.534766,0.734825]],[[0.438804,-0.762604,0.475274],[-0.0558232,-0.551028,-0.832617],[0.896847,0.338825,-0.284365]],[[0.438804,-0.762604,0.475274],[-0.616553,-0.64029,-0.45814],[0.653692,-0.0919974,-0.751148]],[[0.438804,-0.762604,0.475274],[-0.797532,-0.574206,-0.185013],[0.413996,-0.297862,-0.860166]]],4]],[[0,200,0],[235.247,235.247,147.751]]],[184812,7489183808,[[199,"left",[0.717096,0.0773225,-0.692672],[0.62369,-0.514794,0.588216],[-69.7694,115.053,27.8842],[-35.4623,14.1081,-10.8299],[-72.0864,110.545,23.8315],0.668403,0,0.466266,[[-0.456246,-0.866757,-0.201423],[-0.734755,0.494634,-0.464191],[-0.501971,0.0637891,0.862529]],55.0588,[-224.716,122.625,256.487],[-107.606,107.743,55.2594]],[200,"right",[-0.505745,-0.280741,-0.815725],[-0.67986,-0.452366,0.577196],[60.9336,147.768,84.8095],[151.782,-80.9454,-81.926],[53.0871,153.651,91.1823],1,0,0.399296,[[0.283041,-0.840737,-0.461573],[0.753987,0.492488,-0.434694],[0.592782,-0.224983,0.773299]],63.3552,[254.168,97.971,333.435],[95.0326,158.369,125.84]]],[[1990,[0.694301,-0.644867,-0.319521],199,45.0324,[-29.1811,88.7177,51.8189],[-30.6562,90.3327,52.3],[-47.006,33.2947,10.6613],false,[-96.243,123.742,73.0782],[-96.243,123.742,73.0782],[-53.5845,123.689,66.7014],[-33.1296,104.691,57.288],[-31.1397,85.7001,50.6297],[[[-0.543103,0.131959,-0.829232],[-0.308408,0.887196,0.343174],[-0.780977,-0.44212,0.441141]],[[-0.139956,0.314513,-0.938879],[0.0476486,0.949252,0.310886],[-0.989011,0.00122577,0.14784]],[[-0.139956,0.314513,-0.938879],[0.705945,0.696583,0.128114],[-0.694301,0.644867,0.319521]],[[-0.139956,0.314513,-0.938879],[0.985256,0.138468,-0.100485],[-0.0984008,0.9391,0.329256]]],0],[1991,[0.946309,-0.191796,-0.260218],199,50.814,[15.59,122.154,-3.60647],[15.5732,124.999,-1.52566],[-37.3059,2.83053,-22.5915],false,[-102.318,127.205,53.8267],[-48.7121,136.155,20.8517],[-14.749,132.015,6.44791],[5.01464,128.009,1.01325],[19.1147,124.351,-1.38593],[[[-0.186283,-0.828716,-0.527758],[-0.504177,0.541672,-0.672605],[-0.84327,-0.140788,0.518724]],[[-0.295393,-0.840027,-0.455079],[-0.275185,0.53096,-0.801471],[-0.914886,0.111518,0.388005]],[[-0.295393,-0.840027,-0.455079],[-0.131308,0.507512,-0.85158],[-0.946309,0.191796,0.260218]],[[-0.295393,-0.840027,-0.455079],[-0.0237389,0.482642,-0.875496],[-0.955081,0.247813,0.162511]]],1],[1992,[-0.696858,-0.0719475,0.713591],199,57.8985,[-58.6177,104.367,59.7525],[-58.5777,104.904,60.5949],[-34.7931,42.5361,-8.55901],false,[-104.591,119.351,47.0186],[-55.7277,120.874,11.7445],[-29.8823,104.695,40.1147],[-47.005,102.927,57.6484],[-62.6262,105.597,61.1858],[[[-0.209802,-0.920236,-0.330377],[-0.546803,0.390547,-0.740594],[-0.810549,-0.0252735,0.585125]],[[-0.228962,-0.920576,-0.31641],[0.749991,0.0403864,-0.660214],[-0.620556,0.388469,-0.681177]],[[-0.228962,-0.920576,-0.31641],[0.67968,-0.383878,0.625038],[0.696858,0.0719475,-0.713591]],[[-0.228962,-0.920576,-0.31641],[0.148531,-0.354277,0.923269],[0.962037,-0.164397,-0.21785]]],2],[1993,[-0.637423,0.0158586,0.770351],199,55.671,[-65.5368,93.5345,54.6183],[-66.269,94.3652,55.2541],[-29.2882,35.1848,3.41103],false,[-106.658,109.952,42.5379],[-65.5997,104.32,7.72351],[-39.6609,91.581,33.3237],[-54.9186,91.9606,51.7632],[-70.1153,95.3289,56.0478],[[[-0.284973,-0.94073,-0.183895],[-0.585955,0.322798,-0.743275],[-0.758582,0.104059,0.643214]],[[-0.265497,-0.943082,-0.20027],[0.691443,-0.0414958,-0.721238],[-0.671876,0.329961,-0.663105]],[[-0.265497,-0.943082,-0.20027],[0.723328,-0.332182,0.605353],[0.637423,-0.0158586,-0.770351]],[[-0.265497,-0.943082,-0.20027],[0.208502,-0.258974,0.943112],[0.941296,-0.208636,-0.265391]]],3],[1994,[-0.496863,0.0592687,0.865803],199,43.645,[-66.8949,83.437,44.8517],[-68.0842,84.4166,45.8206],[-32.659,28.3212,11.4725],false,[-107.275,97.7036,43.4512],[-73.5182,87.5985,7.83153],[-49.84,81.6874,26.2133],[-58.2372