{"metadata":{"formatVersion":2,"generatedBy":"LeapJS Playback 0.2.1","frames":1,"frameRate":"1.1e+2","modified":"Sun Apr 12 2015 22:17:10 GMT-0300 (E. South America Standard Time)","title":"1"},"frames":[["id","timestamp",{"hands":[["id","type","direction","palmNormal","palmPosition","palmVelocity","stabilizedPalmPosition","pinchStrength","grabStrength","confidence","armBasis","armWidth","elbow","wrist"]]},{"pointables":[["id","direction","handId","length","stabilizedTipPosition","tipPosition","tipVelocity","tool","carpPosition","mcpPosition","pipPosition","dipPosition","btipPosition","bases","type"]]},{"interactionBox":["center","size"]}],[88442,6314281253,[[82,"right",[-0.972391,-0.101449,0.210152],[0.206752,0.0430623,0.977445],[7.00244,138.124,1.44581],[-1.47778,-2.49777,-0.665602],[13.0662,136.446,1.49826],1,0,0.536714,[[-0.165763,-0.979917,-0.110841],[0.434355,0.0283593,-0.900295],[0.885358,-0.19738,0.42093]],58.7674,[275.834,86.867,92.0499],[55.3673,136.017,-12.7678]]],[[820,[-0.302571,-0.739947,0.600774],82,48.0657,[14.733,125.239,56.2126],[11.2654,121.487,57.6408],[-9.91102,5.74463,1.47138],false,[57.6505,162.899,-4.24463],[57.6505,162.899,-4.24463],[26.0459,156.754,28.6625],[16.5314,133.486,47.5541],[9.12761,118.328,61.0184],[[[-0.331126,-0.458258,-0.824836],[0.199941,0.820225,-0.535961],[0.92216,-0.342389,-0.179974]],[[-0.662712,-0.289697,-0.690571],[-0.299234,0.947768,-0.110429],[0.686492,0.133459,-0.714784]],[[-0.662712,-0.289697,-0.690571],[-0.685028,0.607087,0.402718],[0.302571,0.739947,-0.600774]],[[-0.662712,-0.289697,-0.690571],[-0.6657,0.650268,0.366054],[0.343012,0.702302,-0.623791]]],0],[821,[-0.995229,0.0244256,0.0944609],82,54.2367,[-83.9404,163.791,8.399],[-91.8872,160.627,8.20002],[-5.13864,-6.90361,-4.23871],false,[45.1306,153.728,-19.6421],[-18.3295,158.648,3.86179],[-57.927,159.409,2.657],[-80.1124,159.953,4.7627],[-95.5259,160.407,8.00625],[[[-0.0565925,-0.996832,0.055887],[-0.349357,-0.0326662,-0.93642],[0.935279,-0.0725189,-0.346402]],[[-0.0204828,-0.998887,0.042487],[0.0295566,-0.0430823,-0.998634],[0.999353,-0.0191991,0.0304061]],[[-0.0204828,-0.998887,0.042487],[-0.0953935,-0.0403495,-0.994622],[0.995229,-0.0244256,-0.0944609]],[[-0.0204828,-0.998887,0.042487],[-0.206835,-0.037343,-0.977663],[0.978161,-0.0288131,-0.20584]]],1],[822,[0.829553,0.213546,0.515985],82,61.7984,[19.9395,157.656,62.023],[15.839,152.973,60.7906],[-2.05342,3.6522,-2.54876],false,[43.4382,142.517,-20.2962],[-16.6429,138.364,2.36061],[-19.1347,145.138,46.2248],[2.62134,150.738,59.7571],[19.7275,153.482,60.2334],[[[0.130679,-0.977192,0.167386],[-0.333276,-0.202306,-0.920869],[0.933729,0.0645526,-0.352112]],[[0.152035,-0.975457,0.159275],[-0.986784,-0.158946,-0.0315103],[0.056053,-0.15238,-0.986731]],[[0.152035,-0.975457,0.159275],[-0.537334,0.0536795,0.84166],[-0.829553,-0.213546,-0.515985]],[[0.152035,-0.975457,0.159275],[-0.0520242,0.153027,0.986852],[-0.987005,-0.158322,-0.0274819]]],2],[823,[0.80706,0.325933,0.492364],82,59.4208,[25.6824,141.844,58.3611],[22.1954,138.544,55.2819],[0.0557714,3.45332,-2.18352],false,[43.9283,131.283,-18.9072],[-8.67664,118.934,1.53157],[-11.2349,126.489,41.959],[9.3846,134.817,54.5384],[25.9727,139.48,54.7035],[[[0.29141,-0.938992,0.182684],[-0.293153,-0.269445,-0.917312],[0.910572,0.213759,-0.353788]],[[0.263721,-0.945031,0.193307],[-0.962599,-0.270734,-0.0103151],[0.0620828,-0.183357,-0.981084]],[[0.263721,-0.945031,0.193307],[-0.528304,0.0261632,0.848652],[-0.80706,-0.325933,-0.492364]],[[0.263721,-0.945031,0.193307],[-0.0613633,0.183559,0.981092],[-0.962645,-0.270597,-0.00958176]]],3],[824,[0.415187,0.519928,0.746522],82,46.5848,[10.6401,124.574,53.8786],[6.50865,120.971,53.7652],[0.31263,2.28716,2.37444],false,[48.6376,120.906,-12.3938],[1.38841,102.157,4.21786],[-9.17437,104.244,35.0001],[-1.68499,113.623,48.4663],[8.98195,123.196,55.3434],[[[0.439245,-0.850427,0.289548],[-0.162653,-0.392261,-0.905359],[0.88352,0.350579,-0.310624]],[[0.555557,-0.794714,0.244513],[-0.765796,-0.603602,-0.221859],[0.323903,-0.0639916,-0.943924]],[[0.555557,-0.794714,0.244513],[-0.7204,-0.313217,0.618804],[-0.415187,-0.519928,-0.746522]],[[0.555557,-0.794714,0.244513],[-0.491035,-0.0762675,0.867795],[-0.671,-0.602174,-0.432603]]],4]],[[0,200,0],[235.247,235.247,147.751]]]]}