{"metadata":{"formatVersion":2,"generatedBy":"LeapJS Playback 0.2.1","frames":1,"frameRate":"1.1e+2","modified":"Sun Apr 12 2015 22:17:40 GMT-0300 (E. South America Standard Time)","title":"1"},"frames":[["id","timestamp",{"hands":[["id","type","direction","palmNormal","palmPosition","palmVelocity","stabilizedPalmPosition","pinchStrength","grabStrength","confidence","armBasis","armWidth","elbow","wrist"]]},{"pointables":[["id","direction","handId","length","stabilizedTipPosition","tipPosition","tipVelocity","tool","carpPosition","mcpPosition","pipPosition","dipPosition","btipPosition","bases","type"]]},{"interactionBox":["center","size"]}],[88568,6315391713,[[82,"right",[-0.980828,-0.102993,0.165435],[0.170542,-0.0428754,0.984417],[7.7321,143.509,1.95738],[-3.71674,-2.91256,3.724],[10.7042,139.213,1.47662],1,0,0.475691,[[-0.214002,-0.95147,-0.221149],[0.472343,0.0973742,-0.87602],[0.855041,-0.291928,0.428582]],58.7742,[269.511,69.12,96.1109],[56.5692,141.823,-10.6245]]],[[820,[-0.315197,-0.798694,0.51258],82,48.0712,[13.3996,124.627,56.5518],[9.25547,122.629,57.281],[-12.8078,-18.4799,-8.84763],false,[58.8844,167.852,0.227527],[58.8844,167.852,0.227527],[26.1242,159.141,31.3861],[16.2115,134.023,47.5063],[7.16945,118.844,59.909],[[[-0.305985,-0.381634,-0.872198],[0.230625,0.859139,-0.456828],[0.92368,-0.340933,-0.174869]],[[-0.641268,-0.218907,-0.735429],[-0.287271,0.95723,-0.0344388],[0.711513,0.189183,-0.676726]],[[-0.641268,-0.218907,-0.735429],[-0.69959,0.560506,0.443178],[0.315197,0.798694,-0.51258]],[[-0.641268,-0.218907,-0.735429],[-0.642907,0.676479,0.359231],[0.418864,0.703175,-0.574541]]],0],[821,[-0.990648,-0.0123759,0.135883],82,54.243,[-87.6186,163.042,9.25802],[-90.8714,163.876,11.2982],[-0.276266,11.3874,-0.716401],false,[46.8294,160.216,-16.3378],[-17.4038,164.168,5.18787],[-57.0304,163.967,5.41996],[-79.1162,163.691,8.44938],[-94.3773,163.397,12.3701],[[[-0.0717264,-0.996943,-0.030995],[-0.314435,0.0520911,-0.947849],[0.946565,-0.0582399,-0.31721]],[[0.00473129,-0.998395,-0.0564385],[-0.00613337,0.0564091,-0.998389],[0.99997,0.00506982,-0.00585663]],[[0.00473129,-0.998395,-0.0564385],[-0.136363,0.0552678,-0.989116],[0.990648,0.0123759,-0.135883]],[[0.00473129,-0.998395,-0.0564385],[-0.249438,0.0534768,-0.966913],[0.968379,0.0186527,-0.248785]]],1],[822,[0.816076,0.14821,0.558617],82,61.8055,[19.1728,156.954,61.8539],[15.0538,152.999,61.7811],[-1.32844,-11.1506,0.520877],false,[45.0155,149.128,-18.0019],[-15.9284,144.055,2.0324],[-19.7351,147.396,46.2021],[1.66991,151.284,60.8542],[18.812,153.498,62.1562],[[[0.111479,-0.98982,0.0884761],[-0.301177,-0.118495,-0.946177],[0.94703,0.078832,-0.31132]],[[0.121246,-0.988954,0.0852588],[-0.988923,-0.127756,-0.0755645],[0.0856222,-0.0751525,-0.993489]],[[0.121246,-0.988954,0.0852588],[-0.565083,0.00184785,0.825032],[-0.816076,-0.14821,-0.558617]],[[0.121246,-0.988954,0.0852588],[-0.085172,0.0752107,0.993524],[-0.988962,-0.127722,-0.0751123]]],2],[823,[0.783266,0.273557,0.558266],82,59.4277,[24.7903,141.368,57.8136],[20.2769,139.05,55.9501],[3.6825,-10.3309,-6.52611],false,[45.3058,137.809,-17.5545],[-8.19157,124.635,-0.153767],[-12.5547,128.587,40.6353],[7.4592,135.577,54.9],[24.0415,140.065,56.2724],[[[0.272012,-0.955663,0.112772],[-0.2621,-0.186337,-0.94688],[0.925912,0.228005,-0.301165]],[[0.250141,-0.960765,0.11983],[-0.962404,-0.260263,-0.0777333],[0.105871,-0.0958804,-0.989747]],[[0.250141,-0.960765,0.11983],[-0.569143,-0.0457864,0.820963],[-0.783266,-0.273557,-0.558266]],[[0.250141,-0.960765,0.11983],[-0.107718,0.0953804,0.989596],[-0.962199,-0.260446,-0.0796337]]],3],[824,[0.39373,0.448317,0.802489],82,46.5902,[9.44441,123.943,53.5139],[5.05461,122.016,52.5801],[-9.95874,-8.10504,1.22794],false,[49.6316,126.843,-11.7783],[1.54582,107.529,1.462],[-10.1355,107.184,31.9111],[-3.03236,115.272,46.3885],[7.49555,124.057,54.4357],[[[0.41689,-0.878838,0.232049],[-0.133762,-0.311829,-0.940676],[0.899061,0.361119,-0.247554]],[[0.535528,-0.821424,0.196146],[-0.764807,-0.570221,-0.299863],[0.358162,0.0105711,-0.9336]],[[0.535528,-0.821424,0.196146],[-0.747119,-0.352527,0.563505],[-0.393729,-0.448317,-0.802489]],[[0.535528,-0.821424,0.196146],[-0.524147,-0.141173,0.839845],[-0.662178,-0.55257,-0.506149]]],4]],[[0,200,0],[235.247,235.247,147.751]]]]}