{"metadata":{"formatVersion":2,"generatedBy":"LeapJS Playback 0.2.1","frames":96,"frameRate":"1.1e+2","modified":"Sun Apr 12 2015 22:23:19 GMT-0300 (E. South America Standard Time)","title":"รง"},"frames":[["id","timestamp",{"hands":[["id","type","direction","palmNormal","palmPosition","palmVelocity","stabilizedPalmPosition","pinchStrength","grabStrength","confidence","armBasis","armWidth","elbow","wrist"]]},{"pointables":[["id","direction","handId","length","stabilizedTipPosition","tipPosition","tipVelocity","tool","carpPosition","mcpPosition","pipPosition","dipPosition","btipPosition","bases","type"]]},{"interactionBox":["center","size"]}],[164616,7208017932,[[161,"right",[-0.534328,0.759603,-0.370806],[-0.681632,-0.646631,-0.342411],[39.2682,146.376,58.6003],[-2.06425,-26.764,-6.98404],[38.3801,153.042,68.2993],0.165469,0.0919007,0.964226,[[0.715959,-0.0960922,-0.691497],[0.126329,0.991963,-0.00704768],[0.686617,-0.0823104,0.722345]],63.72,[260.264,85.3948,268.556],[74.8769,107.619,73.5224]]],[[1610,[-0.892406,0.239932,-0.382156],161,52.1164,[-36.9819,129.762,61.0416],[-36.5841,124.959,59.6296],[-11.2193,-12.7078,28.3303],false,[55.0934,100.025,95.7038],[55.0934,100.025,95.7038],[9.18546,112.765,80.8065],[-21.2417,120.946,67.7767],[-40.8725,125.947,56.0574],[[[0.706553,0.698503,-0.113477],[0.111071,0.0489056,0.992608],[0.69889,-0.713934,-0.0430291]],[[0.290419,0.953593,-0.0794807],[-0.264304,0.159768,0.951114],[0.919674,-0.255214,0.298438]],[[0.290419,0.953593,-0.0794807],[-0.345352,0.181914,0.920673],[0.892406,-0.239932,0.382156]],[[0.290419,0.953593,-0.0794807],[-0.460521,0.212094,0.861937],[0.838795,-0.21372,0.500746]]],0],[1611,[-0.859019,-0.248918,-0.447355],161,58.8075,[-43.4956,199.751,65.6854],[-39.0074,181.945,43.5588],[4.46896,-29.8214,-49.7379],false,[66.7357,120.234,91.4686],[14.867,168.511,71.6823],[-12.5105,198.456,57.5564],[-33.2734,192.439,46.7436],[-40.3504,177.343,43.0128],[[[0.40306,0.0587363,-0.913287],[0.583504,0.752296,0.3059],[0.705029,-0.656202,0.268948]],[[0.461188,0.00308303,-0.887297],[0.617436,0.71706,0.323414],[0.637243,-0.697004,0.328796]],[[0.461188,0.00308303,-0.887297],[-0.222244,0.96852,-0.11215],[0.859019,0.248918,0.447355]],[[0.461188,0.00308303,-0.887297],[-0.784687,0.468236,-0.406228],[0.414212,0.883598,0.218364]]],1],[1612,[-0.878335,-0.315399,-0.359238],161,67.0064,[-39.8714,192.74,32.0193],[-34.1454,178.361,21.0155],[7.76688,-61.4575,-52.0598],false,[72.2232,122.617,80.7063],[27.2891,168.455,53.3678],[-2.57048,199.317,31.4776],[-27.5472,190.349,21.2622],[-35.8455,173.489,21.0984],[[[0.389188,-0.159574,-0.907231],[0.658583,0.736806,0.152924],[0.644051,-0.657003,0.391849]],[[0.432545,-0.204364,-0.878146],[0.655087,0.740441,0.150357],[0.619488,-0.640298,0.45415]],[[0.432545,-0.204364,-0.878146],[-0.203551,0.926693,-0.315924],[0.878335,0.315399,0.359238]],[[0.432545,-0.204364,-0.878146],[-0.786069,0.39155,-0.478313],[0.441588,0.897176,0.00871894]]],2],[1613,[-0.872351,-0.0998101,-0.478583],161,64.4285,[-30.0804,167.52,-6.20448],[-30.1385,164.513,-7.17621],[9.02714,-74.4959,-45.7581],false,[77.0456,121.869,69.4318],[41.6605,162.029,36.8929],[6.83256,172.71,11.0239],[-17.3333,169.945,-2.23377],[-33.5696,163.854,-9.18951],[[[0.428962,-0.309604,-0.848609],[0.704901,0.702203,0.100129],[0.564895,-0.641137,0.519459]],[[0.479296,-0.367489,-0.797011],[0.403295,0.898782,-0.171886],[0.779505,-0.239046,0.578989]],[[0.479296,-0.367489,-0.797011],[0.0963242,0.924657,-0.368418],[0.872351,0.0998101,0.478583]],[[0.479296,-0.367489,-0.797011],[-0.122993,0.871031,-0.475582],[0.868992,0.325972,0.372283]]],3],[1614,[-0.89811,-0.0422759,-0.437733],161,50.5107,[-4.19416,158.973,-10.8111],[-4.02096,156.268,-11.6901],[4.61254,-80.7186,-28.7891],false,[79.1412,114.429,57.4812],[52.7313,151.693,21.7575],[25.6963,161.21,1.04989],[8.13038,160.384,-7.51165],[-7.71545,156.051,-12.7316],[[[0.369053,-0.493468,-0.787584],[0.810158,0.58608,0.0124179],[0.45546,-0.642651,0.616082]],[[0.392395,-0.52644,-0.754246],[0.511314,0.806483,-0.29689],[0.764581,-0.269158,0.585636]],[[0.392395,-0.52644,-0.754246],[0.198554,0.84916,-0.48939],[0.89811,0.0422759,0.437733]],[[0.392395,-0.52644,-0.754246],[-0.0301487,0.812211,-0.582584],[0.919302,0.251343,0.302836]]],4]],[[0,200,0],[235.247,235.247,147.751]]],[164617,7208026564,[[161,"right",[-0.528098,0.750882,-0.396597],[-0.688803,-0.65192,-0.317096],[39.5123,146.072,58.1996],[5.97845,-28.9931,-17.4347],[38.3853,153.009,68.2523],0.168918,0.0901661,0.965855,[[0.710477,-0.132852,-0.691067],[0.152079,0.987799,-0.0335457],[0.687091,-0.0812632,0.722012]],63.72,[260.306,85.5938,269.362],[74.7911,107.535,74.4188]]],[[1610,[-0.892428,0.235867,-0.384628],161,52.1164,[-36.9484,129.484,60.9545],[-36.6023,125.505,60.3406],[-11.2308,8.35697,49.0327],false,[55.0006,100.939,96.9106],[55.0006,100.939,96.9106],[9.16344,113.608,81.738],[-21.2644,121.65,68.6239],[-40.992,126.486,56.9977],[[[0.712886,0.687075,-0.14043],[0.114439,0.0835875,0.989908],[0.691879,-0.721762,-0.0190396]],[[0.299722,0.947116,-0.114624],[-0.258787,0.196356,0.945766],[0.918257,-0.253804,0.303953]],[[0.299722,0.947116,-0.114624],[-0.337251,0.217575,0.915927],[0.892428,-0.235867,0.384628]],[[0.299722,0.947116,-0.114624],[-0.446812,0.245512,0.860281],[0.842927,-0.20663,0.496768]]],0],[1611,[-0.861949,-0.259258,-0.435693],161,58.8075,[-43.4622,199.632,65.5404],[-38.4254,181.7,42.101],[20.8079,-28.8999,-80.7226],false,[66.8238,120.868,91.9189],[15.363,168.9,70.5371],[-11.7882,198.544,55.3778],[-32.6219,192.278,44.847],[-39.8037,177.095,41.711],[[[0.400932,0.0218561,-0.915847],[0.591587,0.757146,0.277048],[0.699485,-0.65288,0.290634]],[[0.458916,-0.0336969,-0.887841],[0.624503,0.723021,0.295358],[0.631975,-0.690003,0.35285]],[[0.458916,-0.0336969,-0.887841],[-0.215499,0.96522,-0.148023],[0.861949,0.259258,0.435693]],[[0.458916,-0.0336969,-0.887841],[-0.782755,0.457433,-0.421959],[0.420347,0.888605,0.183547]]],1],[1612,[-0.882741,-0.317102,-0.34672],161,67.0064,[-39.8088,192.581,31.8986],[-33.6892,177.415,19.6252],[19.0115,-70.9983,-81.171],false,[72.3025,122.808,81.0636],[27.7304,168.063,52.2047],[-1.84151,198.436,29.2635],[-26.9435,189.418,19.4041],[-35.463,172.674,19.8383],[[[0.384984,-0.195949,-0.901882],[0.666066,0.735423,0.124539],[0.638862,-0.648658,0.41364]],[[0.428507,-0.240612,-0.870912],[0.663306,0.738271,0.122394],[0.61352,-0.630128,0.475954]],[[0.428507,-0.240612,-0.870912],[-0.192743,0.917362,-0.348279],[0.882741,0.317102,0.34672]],[[0.428507,-0.240612,-0.870912],[-0.781566,0.384936,-0.490896],[0.453361,0.891027,-0.0231063]]],2],[1613,[-0.874102,-0.108298,-0.473517],161,64.4285,[-29.993,166.838,-6.57848],[-29.8508,162.549,-8.09308],[15.9343,-116.437,-63.0792],false,[77.0844,121.606,69.811],[41.9913,160.909,35.9354],[7.23975,171.004,9.73053],[-16.9746,168.004,-3.38682],[-33.2833,161.825,-10.0908],[[[0.423488,-0.344146,-0.837987],[0.711895,0.698491,0.0729075],[0.560235,-0.627434,0.540799]],[[0.474199,-0.401515,-0.783531],[0.412519,0.887546,-0.205157],[0.777794,-0.225936,0.586506]],[[0.474199,-0.401515,-0.783531],[0.105269,0.909427,-0.40232],[0.874102,0.108298,0.473517]],[[0.474199,-0.401515,-0.783531],[-0.115038,0.854067,-0.507283],[0.87287,0.330689,0.358808]]],3],[1614,[-0.898249,-0.0454388,-0.437132],161,50.5107,[-4.05749,157.6,-11.3321],[-3.7946,154.059,-12.4124],[12.1533,-126.323,-46.8956],false,[79.0736,113.721,58.1312],[52.918,149.927,21.1544],[26.0256,159.066,0.0936347],[8.45693,158.177,-8.45613],[-7.44228,153.876,-13.5382],[[[0.361997,-0.525101,-0.770213],[0.815776,0.578266,-0.0108276],[0.451074,-0.624402,0.637695]],[[0.38578,-0.557988,-0.734727],[0.522244,0.788575,-0.324671],[0.760549,-0.258455,0.595622]],[[0.38578,-0.557988,-0.734727],[0.210529,0.828604,-0.518742],[0.898249,0.0454388,0.437132]],[[0.38578,-0.557988,-0.734727],[-0.0188008,0.791453,-0.610941],[0.922399,0.249502,0.294836]]],4]],[[0,200,0],[235.247,235.247,147.751]]],[164618,7208035457,[[161,"right",[-0.519254,0.736508,-0.433509],[-0.697638,-0.658288,-0.28277],[39.3183,146.041,57.4032],[-1.57723,-22.0732,-37.0375],[38.389,152.982,68.2098],0.170262,0.0906176,0.966753,[[0.699209,-0.183463,-0.690976],[0.188399,0.979633,-0.0694611],[0.689646,-0.0816114,0.719533]],63.72,[260.339,85.8918,269.786],[74.1347,107.927,75.512]]],[[1610,[-0.892287,0.229898,-0.38855],161,52.1164,[-36.9577,129.327,60.9338],[-37.1611,126.711,60.9703],[-28.4009,44.9564,63.4455],false,[54.3045,102.733,98.334],[54.3045,102.733,98.334],[8.58016,115.26,82.7093],[-21.8429,123.098,69.4615],[-41.6785,127.705,57.9262],[[[0.721301,0.669893,-0.17598],[0.117364,0.132191,0.984252],[0.682606,-0.730595,0.0167277]],[[0.312099,0.935976,-0.162923],[-0.252084,0.246926,0.935672],[0.915996,-0.250952,0.31301]],[[0.312099,0.935976,-0.162923],[-0.326217,0.26664,0.90691],[0.892287,-0.229898,0.38855]],[[0.312099,0.935976,-0.162923],[-0.429261,0.291912,0.854706],[0.847543,-0.196817,0.492883]]],0],[1611,[-0.865802,-0.27085,-0.420746],161,58.8075,[-43.4369,199.545,65.4237],[-38.1698,181.748,39.6344],[22.5423,-18.5089,-132.695],false,[66.3707,122.231,92.3233],[15.4846,169.772,68.5972],[-11.317,198.952,51.9859],[-32.2438,192.406,41.8163],[-39.6026,177.165,39.4756],[[[0.399445,-0.029733,-0.916275],[0.601692,0.762583,0.237558],[0.691673,-0.646206,0.3225]],[[0.456792,-0.0845533,-0.885546],[0.634166,0.729055,0.257511],[0.623839,-0.679212,0.386647]],[[0.456792,-0.0845533,-0.885546],[-0.204275,0.958901,-0.196928],[0.865802,0.27085,0.420746]],[[0.456792,-0.0845533,-0.885546],[-0.778354,0.443989,-0.443891],[0.430705,0.892034,0.136998]]],1],[1612,[-0.887535,-0.321412,-0.330114],161,67.0064,[-39.7495,192.424,31.7662],[-33.5247,176.333,17.3475],[18.5552,-82.2217,-128.335],false,[71.8531,123.547,81.3768],[27.8057,167.849,50.3154],[-1.36541,197.43,25.8763],[-26.6037,188.29,16.489],[-35.3643,171.714,17.7675],[[[0.380754,-0.246328,-0.891263],[0.6756,0.732206,0.0862537],[0.631341,-0.634978,0.445209]],[[0.424189,-0.290351,-0.857765],[0.67364,0.7342,0.0846097],[0.605204,-0.613715,0.507032]],[[0.424189,-0.290351,-0.857765],[-0.179846,0.901327,-0.394036],[0.887535,0.321412,0.330114]],[[0.424189,-0.290351,-0.857765],[-0.776358,0.371022,-0.509521],[0.466189,0.882065,-0.068033]]],2],[1613,[-0.875876,-0.122946,-0.466611],161,64.4285,[-29.9238,165.796,-7.16257],[-29.9039,159.976,-9.61258],[10.269,-166.997,-93.2931],false,[76.598,121.716,70.1937],[41.9436,159.697,34.4121],[7.30462,168.849,7.71682],[-16.9589,165.443,-5.20923],[-33.3447,159.097,-11.5588],[[[0.417491,-0.391576,-0.819981],[0.720858,0.692121,0.0365049],[0.553232,-0.606331,0.571225]],[[0.468549,-0.447838,-0.761514],[0.423568,0.870333,-0.251218],[0.775275,-0.204845,0.597484]],[[0.468549,-0.447838,-0.761514],[0.115341,0.885621,-0.449857],[0.875876,0.122946,0.466611]],[[0.468549,-0.447838,-0.761514],[-0.106483,0.827076,-0.551912],[0.876997,0.339686,0.339838]]],3],[1614,[-0.898057,-0.0536825,-0.43659],161,50.5107,[-3.98455,155.666,-12.1384],[-3.91456,151.154,-13.609],[7.048,-181.034,-74.4283],false,[78.4647,113.224,58.9264],[52.7018,147.841,20.1935],[26.0063,156.326,-1.38462],[8.44138,155.276,-9.9238],[-7.5142,150.959,-14.8113],[[[0.353831,-0.56806,-0.743042],[0.823043,0.566486,-0.0411545],[0.444301,-0.596994,0.667979]],[[0.378285,-0.600771,-0.704255],[0.535634,0.762549,-0.362788],[0.754981,-0.239985,0.610254]],[[0.378285,-0.600771,-0.704255],[0.224485,0.797617,-0.559834],[0.898057,0.0536825,0.43659]],[[0.378285,-0.600771,-0.704255],[-0.00604853,0.759169,-0.650865],[0.925669,0.250472,0.283548]]],4]],[[0,200,0],[235.247,235.247,147.751]]],[164619,7208043925,[[161,"right",[-0.509666,0.720967,-0.469518],[-0.706625,-0.662093,-0.249628],[39.2976,145.944,56.5297],[-1.80496,-19.3038,-54.2732],[38.3916,152.962,68.1768],0.168716,0.0988722,0.966858,[[0.6866,-0.23268,-0.688797],[0.223622,0.969063,-0.104447],[0.691791,-0.082317,0.717391]],63.72,[260.397,86.0869,270.202],[73.6137,108.312,76.5063]]],[[1610,[-0.893119,0.226467,-0.388652],161,52.1164,[-36.9955,129.267,60.9651],[-37.6295,128.071,61.6021],[-39.5447,78.7572,77.2292],false,[53.7333,104.526,99.5605],[53.7333,104.526,99.5605],[8.12129,116.96,83.5386],[-22.3302,124.682,70.2873],[-42.3154,129.152,58.9588],[[[0.730084,0.650569,-0.209135],[0.119894,0.179347,0.976453],[0.672757,-0.737967,0.0529392]],[[0.32494,0.922285,-0.209296],[-0.243888,0.295538,0.923675],[0.913746,-0.249094,0.320966]],[[0.32494,0.922285,-0.209296],[-0.311049,0.313215,0.897299],[0.893119,-0.226467,0.388652]],[[0.32494,0.922285,-0.209296],[-0.406454,0.336013,0.849641],[0.853937,-0.191013,0.48405]]],0],[1611,[-0.869785,-0.279169,-0.406864],161,58.8075,[-43.4369,199.545,65.4237],[-37.7097,181.755,37.023],[30.2538,-11.7714,-177.283],false,[66.0553,123.537,92.587],[15.7931,170.52,66.5331],[-10.6141,199.21,48.4962],[-31.6371,192.462,38.6621],[-39.2106,177.229,37.0774],[[[0.398296,-0.080591,-0.91371],[0.612051,0.765293,0.1993],[0.683194,-0.638618,0.354139]],[[0.45498,-0.134634,-0.880265],[0.644353,0.732075,0.221076],[0.614656,-0.667787,0.419831]],[[0.45498,-0.134634,-0.880265],[-0.190965,0.950757,-0.244119],[0.869785,0.279169,0.406864]],[[0.45498,-0.134634,-0.880265],[-0.772337,0.432393,-0.465329],[0.44327,0.891577,0.0927473]]],1],[1612,[-0.89211,-0.324119,-0.314781],161,67.0064,[-39.7495,192.424,31.7662],[-33.1313,175.193,14.9858],[25.6598,-93.6108,-167.497],false,[71.5463,124.234,81.5879],[28.073,167.525,48.3682],[-0.656886,196.274,22.4572],[-26.0253,187.057,13.506],[-35.0334,170.698,15.5951],[[[0.376721,-0.295405,-0.877962],[0.685428,0.726444,0.0496835],[0.623113,-0.620496,0.476145]],[[0.420146,-0.33885,-0.841818],[0.684252,0.727623,0.0486225],[0.59605,-0.596445,0.537567]],[[0.420146,-0.33885,-0.841818],[-0.166186,0.883248,-0.438469],[0.892109,0.324119,0.314781]],[[0.420146,-0.33885,-0.841818],[-0.770515,0.356824,-0.528189],[0.479358,0.87055,-0.111171]]],2],[1613,[-0.877439,-0.143696,-0.457659],161,64.4285,[-29.8363,164.343,-7.91308],[-29.7198,157.078,-11.0953],[12.6065,-223.197,-113.458],false,[76.2576,121.786,70.5091],[42.0879,158.404,32.8881],[7.54735,166.4,5.69832],[-16.7595,162.419,-6.97975],[-33.1927,155.792,-12.9066],[[[0.411562,-0.437412,-0.799555],[0.730105,0.683332,0.00198325],[0.545494,-0.584575,0.60059]],[[0.464322,-0.493971,-0.735117],[0.432163,0.850862,-0.29878],[0.773072,-0.17896,0.60855]],[[0.464322,-0.493971,-0.735117],[0.120437,0.857522,-0.500151],[0.877439,0.143696,0.457659]],[[0.464322,-0.493971,-0.735117],[-0.104031,0.793851,-0.599147],[0.879535,0.354673,0.317214]]],3],[1614,[-0.897753,-0.0627775,-0.436002],161,50.5107,[-3.88872,153.387,-13.0907],[-3.82399,148.181,-14.7723],[9.61073,-226.77,-93.9461],false,[78.0014,112.72,59.6775],[52.675,145.712,19.275],[26.1829,153.504,-2.8095],[8.6239,152.277,-11.3372],[-7.3831,147.935,-16.031],[[[0.345601,-0.608984,-0.713932],[0.830536,0.552631,-0.0693479],[0.436773,-0.568979,0.696772]],[[0.370908,-0.641672,-0.671331],[0.54871,0.734641,-0.399024],[0.74923,-0.220364,0.624576]],[[0.370908,-0.641672,-0.671331],[0.237626,0.764406,-0.599348],[0.897753,0.0627775,0.436002]],[[0.370908,-0.641672,-0.671331],[0.00563425,0.724437,-0.689318],[0.928653,0.251891,0.272315]]],4]],[[0,200,0],[235.247,235.247,147.751]]],[164620,7208053168,[[161,"right",[-0.500963,0.697501,-0.512375],[-0.717282,-0.66589,-0.205176],[38.9454,145.903,55.2386],[-11.9965,-15.104,-78.2581],[38.3928,152.946,68.1484],0.163931,0.108939,0.895431,[[0.668841,-0.292557,-0.683419],[0.264857,0.952761,-0.148649],[0.694624,-0.0815859,0.714732]],63.72,[260.336,87.0689,270.414],[72.7878,109.097,77.4367]]],[[1610,[-0.895531,0.219969,-0.38683],161,52.1164,[-37.0905,129.31,61.0615],[-38.4673,129.831,62.3734],[-57.7614,114.331,89.3859],false,[52.9491,107.066,100.747],[52.9491,107.066,100.747],[7.38832,119.242,84.3847],[-23.1454,126.742,71.1955],[-43.3252,131.003,60.1342],[[[0.738682,0.625167,-0.252022],[0.126528,0.23864,0.96283],[0.662072,-0.743113,0.0971776]],[[0.337421,0.902398,-0.268003],[-0.230416,0.355212,0.905943],[0.912719,-0.243932,0.327782]],[[0.337421,0.902398,-0.268003],[-0.290122,0.37053,0.882347],[0.895531,-0.219969,0.38683]],[[0.337421,0.902398,-0.268003],[-0.377714,0.390562,0.83952],[0.862252,-0.182043,0.472632]]],0],[1611,[-0.875574,-0.290094,-0.386285],161,58.8075,[-43.4369,199.545,65.4237],[-37.5881,181.558,33.7603],[24.9699,-11.8178,-225.635],false,[65.5198,125.414,92.5504],[15.8453,171.408,63.7489],[-10.1783,199.321,44.0162],[-31.3413,192.31,34.6795],[-39.1617,177.131,34.0723],[[[0.393308,-0.143862,-0.908082],[0.624026,0.767115,0.148748],[0.675204,-0.625171,0.391486]],[[0.449592,-0.196782,-0.871289],[0.656473,0.734265,0.17291],[0.605731,-0.649717,0.459302]],[[0.449592,-0.196782,-0.871289],[-0.176742,0.936548,-0.302721],[0.875574,0.290094,0.386285]],[[0.449592,-0.196782,-0.871289],[-0.767047,0.414784,-0.489482],[0.457718,0.888387,0.0355424]]],1],[1612,[-0.898732,-0.324304,-0.295142],161,67.0064,[-39.74,192.398,31.739],[-33.0819,173.728,12.0352],[20.8877,-105.15,-211.792],false,[70.9752,125.336,81.5118],[28.0052,167.093,45.7697],[-0.146221,194.773,18.1181],[-25.7029,185.551,9.72531],[-35.0256,169.531,12.8205],[[[0.368732,-0.355655,-0.858805],[0.696208,0.717838,0.0016439],[0.615898,-0.598514,0.512299]],[[0.412758,-0.398445,-0.819068],[0.698941,0.715166,0.00432044],[0.584049,-0.574264,0.57368]],[[0.412758,-0.398445,-0.819068],[-0.148029,0.857945,-0.491954],[0.898732,0.324304,0.295142]],[[0.412758,-0.398445,-0.819068],[-0.763883,0.338355,-0.549544],[0.496099,0.852501,-0.164707]]],2],[1613,[-0.881586,-0.168554,-0.440903],161,64.4285,[-29.8521,161.942,-9.01514],[-30.1597,153.362,-12.6459],[-5.99756,-282.776,-125.422],false,[75.6044,122.126,70.5943],[41.821,156.808,30.8504],[7.23129,163.296,3.32338],[-17.1904,158.626,-8.89053],[-33.7079,151.7,-14.2091],[[[0.401808,-0.492949,-0.77172],[0.740052,0.671148,-0.0433879],[0.539326,-0.553679,0.634481]],[[0.455647,-0.547786,-0.701652],[0.439368,0.823922,-0.357922],[0.774172,-0.145197,0.616097]],[[0.455647,-0.547786,-0.701652],[0.123255,0.819463,-0.559722],[0.881586,0.168554,0.440903]],[[0.455647,-0.547786,-0.701652],[-0.104186,0.749995,-0.653186],[0.884042,0.370725,0.284661]]],3],[1614,[-0.898684,-0.0775316,-0.431691],161,50.5107,[-3.979,150.092,-14.3891],[-4.30276,144.321,-16.1015],[-5.77041,-283.011,-111.591],false,[77.1704,112.371,60.3498],[52.1647,143.129,18.0301],[25.8354,149.901,-4.57899],[8.25821,148.385,-13.0223],[-7.81593,143.971,-17.4096],[[[0.33369,-0.65779,-0.67525],[0.83826,0.534736,-0.106664],[0.431243,-0.530443,0.729835]],[[0.360725,-0.690533,-0.62693],[0.561615,0.69748,-0.445095],[0.744624,-0.191536,0.639413]],[[0.360725,-0.690533,-0.62693],[0.24949,0.719134,-0.648538],[0.898684,0.0775316,0.431691]],[[0.360725,-0.690533,-0.62693],[0.015222,0.676457,-0.736325],[0.932548,0.256068,0.254526]]],4]],[[0,200,0],[235.247,235.247,147.751]]],[164621,7208061258,[[161,"right",[-0.492208,0.671057,-0.554449],[-0.725411,-0.668283,-0.164853],[38.6788,145.706,53.9233],[-17.2498,-17.4374,-99.3963],[38.3932,152.936,68.128],0.158519,0.111706,0.901688,[[0.649958,-0.347451,-0.675893],[0.302699,0.934134,-0.189119],[0.697085,-0.0816727,0.712322]],63.72,[260.273,87.8569,270.684],[72.0596,109.909,78.3576]]],[[1610,[-0.89646,0.212834,-0.388665],161,52.1164,[-37.2222,129.446,61.1826],[-39.1772,131.431,62.6887],[-68.1907,140.231,85.1093],false,[52.1927,109.548,101.729],[52.1927,109.548,101.729],[6.71373,121.407,84.9133],[-23.8516,128.664,71.6616],[-44.1582,132.715,60.7548],[[[0.746397,0.599481,-0.288988],[0.129275,0.295364,0.946598],[0.652824,-0.743897,0.142961]],[[0.34866,0.880114,-0.322235],[-0.219929,0.411037,0.884692],[0.911081,-0.237588,0.336874]],[[0.34866,0.880114,-0.322235],[-0.273487,0.424383,0.863194],[0.89646,-0.212834,0.388665]],[[0.34866,0.880114,-0.322235],[-0.354379,0.442079,0.824003],[0.867671,-0.173103,0.466029]]],0],[1611,[-0.879097,-0.301178,-0.369432],161,58.8075,[-43.4369,199.545,65.4237],[-37.3699,180.93,30.2376],[25.3002,-25.4566,-277.525],false,[64.9907,127.206,92.4407],[15.8938,171.965,60.8398],[-9.72767,198.98,39.4047],[-30.9758,191.701,30.4754],[-38.9947,176.617,30.7824],[[[0.391681,-0.203832,-0.897239],[0.633424,0.767018,0.102266],[0.667353,-0.608388,0.429538]],[[0.447634,-0.255409,-0.856966],[0.666308,0.734404,0.129164],[0.59637,-0.628822,0.498925]],[[0.447634,-0.255409,-0.856966],[-0.163743,0.918726,-0.359347],[0.879097,0.301178,0.369432]],[[0.447634,-0.255409,-0.856966],[-0.76115,0.394162,-0.51506],[0.469334,0.882838,-0.017964]]],1],[1612,[-0.903426,-0.324634,-0.280062],161,67.0064,[-39.6973,192.273,31.6014],[-32.8732,171.936,8.9047],[22.7324,-128.196,-257.533],false,[70.4469,126.387,81.4327],[28.003,166.412,43.1688],[0.440436,192.899,13.8088],[-25.2497,183.668,5.84489],[-34.8642,168.023,9.83705],[[[0.364481,-0.411905,-0.835157],[0.705021,0.707972,-0.0414892],[0.608358,-0.573681,0.548444]],[[0.408469,-0.453198,-0.792316],[0.71145,0.70188,-0.0346899],[0.571832,-0.549524,0.609124]],[[0.408469,-0.453198,-0.792316],[-0.130289,0.830195,-0.542034],[0.903426,0.324634,0.280062]],[[0.408469,-0.453198,-0.792316],[-0.755906,0.318593,-0.57193],[0.511624,0.832532,-0.21244]]],2],[1613,[-0.883269,-0.188271,-0.429406],161,64.4285,[-29.8933,159.091,-10.3043],[-30.273,149.668,-14.3552],[-8.31717,-330.207,-145.603],false,[75.0383,122.46,70.7357],[41.6937,155.066,28.9179],[7.20407,160.169,0.97689],[-17.2643,154.953,-10.9185],[-33.846,147.838,-15.7671],[[[0.395842,-0.544027,-0.739827],[0.748294,0.658086,-0.0835471],[0.532321,-0.520536,0.66759]],[[0.450215,-0.596306,-0.664625],[0.448808,0.794593,-0.408893],[0.771931,-0.114199,0.625364]],[[0.450215,-0.596306,-0.664625],[0.130928,0.780368,-0.611461],[0.883269,0.188271,0.429406]],[[0.450215,-0.596306,-0.664625],[-0.0983626,0.706677,-0.700666],[0.887486,0.380824,0.259502]]],3],[1614,[-0.898158,-0.0938312,-0.429544],161,50.5107,[-4.08046,146.453,-15.7203],[-4.46435,140.306,-17.3738],[-7.94939,-339.297,-125.732],false,[76.4857,112.08,61.1069],[51.8702,140.504,16.9659],[25.7395,146.181,-6.16906],[8.17264,144.346,-14.5704],[-7.94233,139.845,-18.7123],[[[0.325674,-0.701823,-0.633546],[0.844822,0.516867,-0.13829],[0.424514,-0.490196,0.761246]],[[0.353994,-0.733759,-0.579901],[0.5732,0.660163,-0.485413],[0.739006,-0.160566,0.654285]],[[0.353994,-0.733759,-0.579901],[0.260769,0.672899,-0.692247],[0.898158,0.0938312,0.429544]],[[0.353994,-0.733759,-0.579901],[0.0248858,0.627222,-0.778443],[0.934917,0.261133,0.240293]]],4]],[[0,200,0],[235.247,235.247,147.751]]],[164622,7208072245,[[161,"right",[-0.484094,0.637038,-0.599862],[-0.735017,-0.66801,-0.116244],[38.4888,145.367,52.4243],[-17.2638,-21.7948,-111.403],[38.3933,152.926,68.1069],0.143605,0.10409,0.909613,[[0.625515,-0.409121,-0.664342],[0.345444,0.908707,-0.234353],[0.699571,-0.0829016,0.709738]],63.72,[260.308,88.537,270.914],[71.4242,110.92,79.2848]]],[[1610,[-0.89936,0.207138,-0.385025],161,52.1164,[-37.4917,129.854,61.451],[-39.8686,133.476,63.343],[-69.0737,161.867,85.5989],false,[51.6079,112.491,102.649],[51.6079,112.491,102.649],[6.13561,124.065,85.6173],[-24.5286,131.127,72.4897],[-44.9679,134.933,61.7434],[[[0.754001,0.567016,-0.331624],[0.135546,0.359683,0.923177],[0.642736,-0.741027,0.194344]],[[0.360236,0.850112,-0.384108],[-0.201008,0.472816,0.857928],[0.910948,-0.231848,0.341205]],[[0.360236,0.850112,-0.384108],[-0.247751,0.484151,0.839176],[0.89936,-0.207138,0.385025]],[[0.360236,0.850112,-0.384108],[-0.327886,0.500866,0.801014],[0.873339,-0.16261,0.45917]]],0],[1611,[-0.884668,-0.308522,-0.349537],161,58.8075,[-43.4304,199.525,65.3864],[-37.0131,180.025,26.3612],[27.9495,-37.1328,-303.374],false,[64.6291,129.268,92.119],[16.0874,172.366,57.4968],[-9.00687,198.32,34.2066],[-30.3897,190.863,25.7582],[-38.6921,175.99,27.0938],[[[0.386745,-0.272216,-0.881094],[0.644269,0.763356,0.0469535],[0.659807,-0.585821,0.470605]],[[0.442967,-0.322406,-0.836562],[0.680155,0.728768,0.0792851],[0.584098,-0.604112,0.542106]],[[0.442967,-0.322406,-0.836562],[-0.145405,0.894913,-0.421887],[0.884668,0.308522,0.349537]],[[0.442967,-0.322406,-0.836562],[-0.753424,0.371886,-0.542267],[0.485935,0.870492,-0.0781751]]],1],[1612,[-0.908953,-0.326439,-0.25931],161,67.0064,[-39.6382,192.086,31.3901],[-32.6653,169.516,5.62209],[22.2894,-153.743,-272.724],false,[70.048,127.596,81.1892],[28.0775,165.409,40.2468],[1.04445,190.302,9.05674],[-24.8029,181.019,1.6829],[-34.6928,165.86,6.73699],[[[0.356795,-0.474978,-0.804421],[0.714708,0.693298,-0.0923612],[0.601573,-0.541972,0.586836]],[[0.400986,-0.514356,-0.758055],[0.724335,0.684628,-0.0813852],[0.560847,-0.516452,0.647092]],[[0.400986,-0.514356,-0.758055],[-0.114081,0.793016,-0.598423],[0.908953,0.326439,0.25931]],[[0.400986,-0.514356,-0.758055],[-0.749826,0.291106,-0.594154],[0.526281,0.806657,-0.268949]]],2],[1613,[-0.886104,-0.205998,-0.415191],161,64.4285,[-30.0172,154.031,-12.4853],[-30.4882,145.436,-15.9674],[-11.5422,-348.499,-146.45],false,[74.5597,122.859,70.7907],[41.5762,152.893,26.8159],[7.16016,156.488,-1.44856],[-17.3867,150.782,-12.9502],[-34.0701,143.567,-17.2751],[[[0.386533,-0.60046,-0.700029],[0.757185,0.639961,-0.130843],[0.526557,-0.479476,0.702026]],[[0.441291,-0.64886,-0.619874],[0.460351,0.756641,-0.464296],[0.770285,-0.0804697,0.632602]],[[0.441291,-0.64886,-0.619874],[0.141708,0.732493,-0.665863],[0.886104,0.205998,0.415191]],[[0.441291,-0.64886,-0.619874],[-0.0891657,0.655647,-0.749784],[0.892923,0.386144,0.231475]]],3],[1614,[-0.898201,-0.113079,-0.424791],161,50.5107,[-4.27656,140.394,-17.6128],[-4.71132,135.527,-18.4936],[-10.7841,-373.788,-121.28],false,[75.8405,111.804,61.9181],[51.5216,137.381,15.9101],[25.598,141.732,-7.73954],[8.03021,139.52,-16.0479],[-8.13797,134.927,-19.8691],[[[0.314421,-0.749349,-0.582765],[0.851613,0.493886,-0.175591],[0.419398,-0.441081,0.793443]],[[0.344957,-0.780288,-0.521685],[0.586082,0.613195,-0.529622],[0.733152,-0.123053,0.668839]],[[0.344957,-0.780288,-0.521685],[0.272468,0.615113,-0.739863],[0.898201,0.113079,0.424791]],[[0.344957,-0.780288,-0.521685],[0.0339659,0.565814,-0.823833],[0.938004,0.266468,0.221685]]],4]],[[0,200,0],[235.247,235.247,147.751]]],[164623,7208078655,[[161,"right",[-0.477343,0.619017,-0.623668],[-0.740587,-0.665407,-0.0936145],[38.6751,144.878,52.0169],[-7.79845,-32.9143,-101.624],[38.3935,152.921,68.0964],0.133384,0.0941105,0.913364,[[0.611931,-0.439686,-0.657432],[0.365175,0.894397,-0.258266],[0.701561,-0.0820372,0.707872]],63.72,[260.677,88.9957,271.309],[71.256,111.146,80.1837]]],[[1610,[-0.899777,0.20732,-0.383954],161,52.1164,[-37.6628,130.165,61.6515],[-40.0204,134.531,63.908],[-61.1413,166.86,90.9255],false,[51.4085,113.735,103.431],[51.4085,113.735,103.431],[5.9895,125.292,86.246],[-24.6889,132.36,73.1549],[-45.1719,136.115,62.4743],[[[0.759567,0.548071,-0.350252],[0.13687,0.391755,0.909832],[0.635865,-0.739017,0.22255]],[[0.368413,0.83246,-0.413862],[-0.190769,0.503396,0.842733],[0.909878,-0.231522,0.344265]],[[0.368413,0.83246,-0.413862],[-0.233825,0.513837,0.825408],[0.899777,-0.20732,0.383954]],[[0.368413,0.83246,-0.413862],[-0.313503,0.530346,0.787686],[0.875207,-0.160447,0.456365]]],0],[1611,[-0.886783,-0.310384,-0.342457],161,58.8075,[-43.4258,199.512,65.3607],[-36.3838,179.297,24.5015],[42.8782,-48.9227,-302.182],false,[64.5961,130.004,92.3286],[16.5,172.237,56.056],[-8.18044,197.644,31.743],[-29.6144,190.142,23.4656],[-38.083,175.416,25.3017],[[[0.386082,-0.307338,-0.869761],[0.65081,0.758958,0.0207061],[0.653748,-0.574044,0.493038]],[[0.442636,-0.357122,-0.822519],[0.688521,0.723004,0.0566105],[0.574467,-0.591379,0.565914]],[[0.442636,-0.357122,-0.822519],[-0.132997,0.88098,-0.454077],[0.886783,0.310384,0.342457]],[[0.442636,-0.357122,-0.822519],[-0.747259,0.360123,-0.558494],[0.495658,0.861844,-0.10746]]],1],[1612,[-0.911666,-0.324831,-0.251694],161,67.0064,[-39.5998,191.967,31.2547],[-32.1334,168.036,4.13629],[34.5496,-167.112,-265.408],false,[70.0216,127.891,81.479],[28.4628,164.554,39.097],[1.80064,188.62,6.95305],[-24.1239,179.383,-0.204222],[-34.2107,164.524,5.32832],[[[0.354214,-0.506918,-0.785854],[0.720907,0.683286,-0.115816],[0.595672,-0.525504,0.60747]],[[0.397922,-0.544929,-0.738045],[0.731903,0.673618,-0.10275],[0.553152,-0.499291,0.666882]],[[0.397922,-0.544929,-0.738045],[-0.102585,0.773005,-0.626051],[0.911666,0.324831,0.251694]],[[0.397922,-0.544929,-0.738045],[-0.744006,0.279002,-0.607134],[0.536761,0.790702,-0.29441]]],2],[1613,[-0.886728,-0.213394,-0.410093],161,64.4285,[-29.9778,151.091,-13.6319],[-30.1286,143.05,-16.5366],[2.47651,-353.607,-134.798],false,[74.5122,122.74,71.2695],[41.8781,151.443,26.1595],[7.58202,154.308,-2.3333],[-16.9821,148.397,-13.6937],[-33.716,141.17,-17.7975],[[[0.382651,-0.628782,-0.676913],[0.762994,0.628222,-0.152242],[0.520979,-0.458224,0.720147]],[[0.437265,-0.675069,-0.594206],[0.468603,0.734962,-0.490145],[0.7676,-0.0641234,0.637713]],[[0.437265,-0.675069,-0.594206],[0.150041,0.706218,-0.691913],[0.886728,0.213394,0.410093]],[[0.437265,-0.675069,-0.594206],[-0.0815612,0.628229,-0.773742],[0.895626,0.386795,0.219643]]],3],[1614,[-0.89575,-0.121266,-0.427699],161,50.5107,[-4.11929,137.238,-18.4293],[-4.27535,132.844,-18.8665],[7.34696,-385.071,-111.64],false,[75.7139,111.361,62.8064],[51.7092,135.46,15.846],[26.0605,139.149,-8.21256],[8.54072,136.777,-16.5778],[-7.64172,132.175,-20.3278],[[[0.309013,-0.77269,-0.554492],[0.856231,0.479808,-0.191448],[0.413979,-0.415613,0.809868]],[[0.341454,-0.803747,-0.487237],[0.597696,0.585757,-0.547402],[0.725375,-0.104307,0.680405]],[[0.341454,-0.803747,-0.487237],[0.284676,0.582482,-0.761363],[0.89575,0.121266,0.427699]],[[0.341454,-0.803747,-0.487237],[0.0447859,0.531718,-0.845736],[0.938831,0.266959,0.217554]]],4]],[[0,200,0],[235.247,235.247,147.751]]],[164624,7208089482,[[161,"right",[-0.468015,0.583443,-0.663744],[-0.746018,-0.663467,-0.0571721],[38.7796,144.409,51.253],[-2.20637,-36.2516,-91.6725],[38.3938,152.913,68.0816],0.115307,0.0762266,0.918733,[[0.588766,-0.486943,-0.645168],[0.397081,0.869466,-0.293865],[0.704046,-0.0831666,0.705267]],63.72,[260.979,89.7438,272.079],[70.8863,112.199,81.6573]]],[[1610,[-0.900002,0.201839,-0.386337],161,52.1164,[-38.0266,130.957,62.0939],[-40.4267,136.331,64.4207],[-55.1188,172.72,81.9524],false,[50.9258,116.39,104.572],[50.9258,116.39,104.572],[5.5892,127.623,86.9593],[-25.0969,134.505,73.7869],[-45.6454,138.078,63.1701],[[[0.766561,0.518785,-0.378478],[0.135025,0.445986,0.884796],[0.627815,-0.729355,0.271827]],[[0.378235,0.802152,-0.46205],[-0.179052,0.553099,0.813647],[0.908228,-0.225019,0.352828]],[[0.378235,0.802152,-0.46205],[-0.216642,0.561972,0.798281],[0.900002,-0.201839,0.386337]],[[0.378235,0.802152,-0.46205],[-0.293334,0.577265,0.76205],[0.878005,-0.152699,0.45364]]],0],[1611,[-0.887433,-0.319058,-0.332664],161,58.8075,[-43.4188,199.493,65.3227],[-35.638,177.83,21.0837],[52.3715,-71.7436,-309.225],false,[64.3257,131.828,92.5723],[16.8299,172.156,53.453],[-7.23013,196.367,27.3626],[-28.6797,188.655,19.3219],[-37.3425,174.171,21.9812],[[[0.388423,-0.363797,-0.846628],[0.657526,0.753112,-0.0219481],[0.645591,-0.548155,0.531732]],[[0.446064,-0.412595,-0.794224],[0.69814,0.715673,0.0203115],[0.560025,-0.56354,0.607285]],[[0.446064,-0.412595,-0.794224],[-0.116148,0.85321,-0.50847],[0.887433,0.319058,0.332664]],[[0.446064,-0.412595,-0.794224],[-0.737532,0.333264,-0.587352],[0.507025,0.847762,-0.155645]]],1],[1612,[-0.913786,-0.32923,-0.237913],161,67.0064,[-39.5148,191.695,30.9511],[-31.5052,165.313,1.58387],[41.608,-191.684,-255.43],false,[69.796,129.002,81.9091],[28.8227,163.338,37.078],[2.6177,185.752,3.4004],[-23.3671,176.39,-3.36499],[-33.6411,161.99,2.97851],[[[0.354252,-0.557531,-0.750776],[0.727742,0.668549,-0.153085],[0.58728,-0.49214,0.642573]],[[0.396025,-0.591846,-0.702056],[0.739993,0.658387,-0.137608],[0.543668,-0.46502,0.6987]],[[0.396025,-0.591846,-0.702056],[-0.09033,0.735748,-0.671204],[0.913786,0.32923,0.237913]],[[0.396025,-0.591846,-0.702056],[-0.737738,0.250147,-0.627032],[0.546723,0.766253,-0.337564]]],2],[1613,[-0.886336,-0.233612,-0.399793],161,64.4285,[-29.6689,145.025,-15.6021],[-29.5917,138.822,-17.463],[17.3367,-367.62,-116.997],false,[74.3001,123.192,72.066],[42.195,149.337,25.061],[8.12086,150.695,-3.80722],[-16.4324,144.224,-14.8823],[-33.1931,136.83,-18.5565],[[[0.380939,-0.672678,-0.634342],[0.769542,0.610978,-0.185772],[0.512534,-0.417385,0.750399]],[[0.435305,-0.714726,-0.547427],[0.478435,0.698744,-0.531843],[0.762633,-0.0303941,0.646116]],[[0.435305,-0.714726,-0.547427],[0.157857,0.659236,-0.735179],[0.886336,0.233612,0.399793]],[[0.435305,-0.714726,-0.547427],[-0.0760848,0.57668,-0.81342],[0.897062,0.395737,0.196652]]],3],[1614,[-0.889626,-0.14058,-0.434515],161,50.5107,[-3.34853,131.077,-19.7514],[-3.49994,128.381,-19.5214],[30.8184,-396.838,-99.6476],false,[75.4487,111.302,64.3291],[51.9418,132.663,15.8171],[26.804,135.036,-8.93646],[9.40403,132.286,-17.4351],[-6.76604,127.586,-21.1151],[[[0.305277,-0.808107,-0.503755],[0.861661,0.459623,-0.215143],[0.405396,-0.368388,0.836627]],[[0.340606,-0.838047,-0.426221],[0.615283,0.541456,-0.572933],[0.710925,-0.0671018,0.700059]],[[0.340606,-0.838047,-0.426221],[0.304226,0.527176,-0.793431],[0.889626,0.14058,0.434515]],[[0.340606,-0.838047,-0.426221],[0.0626947,0.472563,-0.879064],[0.938113,0.272693,0.213499]]],4]],[[0,200,0],[235.247,235.247,147.751]]],[164625,7208105202,[[161,"right",[-0.450183,0.525468,-0.721955],[-0.758111,-0.652123,-0.00191357],[38.7291,143.118,49.6942],[-2.63831,-55.9363,-94.8869],[38.3943,152.9,68.0575],0.090404,0.0628938,0.917776,[[0.549053,-0.558372,-0.621902],[0.443833,0.825294,-0.349144],[0.708204,-0.0843222,0.700954]],63.72,[261.126,90.6276,272.671],[69.9105,113.395,83.4135]]],[[1610,[-0.897642,0.197096,-0.394197],161,52.1164,[-38.8094,132.938,62.8277],[-41.1958,139.122,64.2198],[-54.246,184.067,46.1182],false,[49.8131,120.132,105.589],[49.8131,120.132,105.589],[4.72018,130.999,87.1414],[-25.8855,137.719,73.7011],[-46.4936,141.184,63.1643],[[[0.780084,0.465918,-0.417599],[0.135019,0.526355,0.839476],[0.610933,-0.711246,0.347693]],[[0.397869,0.747129,-0.532445],[-0.160204,0.62802,0.761528],[0.903346,-0.217689,0.369563]],[[0.397869,0.747129,-0.532445],[-0.189573,0.634784,0.749074],[0.897642,-0.197096,0.394197]],[[0.397869,0.747129,-0.532445],[-0.257533,0.647976,0.716801],[0.880555,-0.148071,0.45022]]],0],[1611,[-0.889651,-0.32965,-0.315994],161,58.8075,[-43.4071,199.462,65.2593],[-34.5623,174.933,15.4532],[60.2379,-116.523,-333.208],false,[63.6248,134.099,92.3206],[17.2994,171.345,48.9717],[-5.78228,193.46,20.2669],[-27.2855,185.492,12.6293],[-36.3156,171.521,16.5265],[[[0.389524,-0.450475,-0.803332],[0.67214,0.73536,-0.0864485],[0.629682,-0.506278,0.589223]],[[0.448091,-0.496932,-0.743151],[0.714545,0.698646,-0.0363295],[0.537252,-0.514736,0.668137]],[[0.448091,-0.496932,-0.743151],[-0.0879521,0.802739,-0.589809],[0.889651,0.32965,0.315994]],[[0.448091,-0.496932,-0.743151],[-0.721026,0.290561,-0.629043],[0.528522,0.8177,-0.228103]]],1],[1612,[-0.918018,-0.33145,-0.217676],161,67.0064,[-39.295,190.943,30.1386],[-30.6269,160.541,-2.60746],[47.4489,-238.274,-260.84],false,[69.1428,130.161,82.0411],[29.278,160.777,33.6565],[3.89775,180.421,-2.3049],[-22.2074,170.996,-8.49482],[-32.8602,157.472,-0.961309],[[[0.350686,-0.63345,-0.689754],[0.741979,0.637322,-0.20806],[0.57139,-0.438819,0.693506]],[[0.390814,-0.663327,-0.63817],[0.754985,0.627612,-0.190002],[0.526557,-0.407553,0.746082]],[[0.390814,-0.663327,-0.63817],[-0.0671309,0.670923,-0.738482],[0.918018,0.33145,0.217676]],[[0.390814,-0.663327,-0.63817],[-0.725197,0.205093,-0.657287],[0.566881,0.719676,-0.400889]]],2],[1613,[-0.885528,-0.255302,-0.388151],161,64.4285,[-28.8833,135.153,-18.4641],[-28.9208,132.171,-19.1239],[29.4368,-391.531,-113.278],false,[73.6291,123.352,72.8527],[42.4933,145.445,23.1916],[8.88454,144.668,-6.23823],[-15.6464,137.596,-16.9908],[-32.4984,130.167,-20.1384],[[[0.374011,-0.737351,-0.56252],[0.782974,0.576123,-0.234594],[0.497059,-0.352698,0.792803]],[[0.428174,-0.772714,-0.468593],[0.500834,0.634516,-0.588689],[0.752218,0.0173735,0.658685]],[[0.428174,-0.772714,-0.468593],[0.180297,0.581148,-0.793574],[0.885528,0.255302,0.388151]],[[0.428174,-0.772714,-0.468593],[-0.0561496,0.49478,-0.867203],[0.90195,0.397625,0.168464]]],3],[1614,[-0.884684,-0.168581,-0.434643],161,50.5107,[-2.43476,122.003,-20.7649],[-2.87149,121.026,-20.0488],[36.6855,-432.09,-73.0669],false,[74.6228,110.754,66.3047],[52.0054,127.784,15.7012],[27.4285,128.123,-9.71801],[10.1251,124.826,-18.2191],[-6.07317,120.035,-21.6509],[[[0.294481,-0.858205,-0.420435],[0.872432,0.420985,-0.248261],[0.390056,-0.293693,0.872698]],[[0.331519,-0.882989,-0.332304],[0.637952,0.469296,-0.610556],[0.695063,-0.00958327,0.718885]],[[0.331519,-0.882989,-0.332304],[0.327765,0.438076,-0.837054],[0.884684,0.168581,0.434643]],[[0.331519,-0.882989,-0.332304],[0.0834505,0.378287,-0.921919],[0.939751,0.277902,0.199095]]],4]],[[0,200,0],[235.247,235.247,147.751]]],[164626,7208113848,[[161,"right",[-0.443387,0.483489,-0.754749],[-0.761383,-0.647486,0.0325078],[38.5896,142.442,48.7845],[-6.21921,-61.8341,-97.626],[38.3944,152.892,68.0427],0.0762801,0.0569181,0.920597,[[0.52417,-0.596623,-0.60769],[0.469162,0.797831,-0.378621],[0.710728,-0.0866433,0.698111]],63.72,[261.324,91.2472,272.896],[69.4271,114.641,84.4061]]],[[1610,[-0.897394,0.187984,-0.399181],161,52.1164,[-39.3024,134.224,63.1897],[-41.7039,140.571,63.9714],[-56.3258,185.461,27.6302],false,[49.2379,122.787,106.019],[49.2379,122.787,106.019],[4.22271,133.069,87.0536],[-26.3745,139.479,73.4433],[-47.0447,142.784,62.9768],[[[0.784805,0.436435,-0.440006],[0.132894,0.574954,0.807321],[0.605326,-0.692064,0.393227]],[[0.404419,0.712195,-0.57378],[-0.152386,0.671077,0.725558],[0.901789,-0.205993,0.379925]],[[0.404419,0.712195,-0.57378],[-0.176433,0.676343,0.715144],[0.897394,-0.187984,0.399181]],[[0.404419,0.712195,-0.57378],[-0.23747,0.687628,0.686131],[0.883206,-0.141229,0.447215]]],0],[1611,[-0.88891,-0.343523,-0.303035],161,58.8075,[-43.3991,199.439,65.2149],[-34.2563,172.489,12.1928],[54.2845,-159.962,-346.319],false,[63.1957,135.87,92.0223],[17.3077,170.677,46.2483],[-5.39268,191.134,16.0499],[-26.878,182.831,8.72547],[-36.0129,169.169,13.3964],[[[0.391813,-0.499526,-0.77263],[0.676341,0.725697,-0.1262],[0.623735,-0.473115,0.622187]],[[0.451336,-0.543692,-0.707598],[0.719105,0.691124,-0.0723581],[0.528378,-0.476179,0.702901]],[[0.451336,-0.543692,-0.707598],[-0.0783186,0.765762,-0.638338],[0.88891,0.343523,0.303035]],[[0.451336,-0.543692,-0.707598],[-0.714452,0.254932,-0.651589],[0.534653,0.79963,-0.273382]]],1],[1612,[-0.918896,-0.336705,-0.205574],161,67.0064,[-39.127,190.329,29.4961],[-30.3179,157.184,-4.95151],[44.7066,-275.718,-264.781],false,[68.7522,131.299,82.0297],[29.3198,159.155,31.664],[4.35786,176.882,-5.56405],[-21.7722,167.308,-11.4098],[-32.5735,154.314,-3.18621],[[[0.3514,-0.675198,-0.648556],[0.746374,0.620236,-0.241314],[0.565193,-0.399268,0.721902]],[[0.390448,-0.701716,-0.59594],[0.761152,0.610191,-0.219805],[0.517878,-0.367778,0.772361]],[[0.390448,-0.701716,-0.59594],[-0.0564014,0.627873,-0.77627],[0.918896,0.336705,0.205574]],[[0.390448,-0.701716,-0.59594],[-0.719152,0.171668,-0.673313],[0.574778,0.691465,-0.437613]]],2],[1613,[-0.883561,-0.273432,-0.380205],161,64.4285,[-28.4968,130.407,-19.5231],[-28.5938,127.74,-19.8329],[32.8092,-422.719,-106.633],false,[73.2563,123.931,73.2917],[42.5167,143.162,22.2133],[9.20488,140.846,-7.47201],[-15.2715,133.271,-18.0044],[-32.1371,125.743,-20.8264],[[[0.373472,-0.771416,-0.515205],[0.78721,0.557367,-0.263899],[0.490734,-0.307016,0.815427]],[[0.427733,-0.801754,-0.417415],[0.511045,0.595401,-0.619944],[0.745572,0.0518529,0.664405]],[[0.427733,-0.801754,-0.417415],[0.190696,0.531438,-0.825354],[0.883561,0.273432,0.380205]],[[0.427733,-0.801754,-0.417415],[-0.0471018,0.441394,-0.896076],[0.902677,0.402943,0.151035]]],3],[1614,[-0.881691,-0.192524,-0.430762],161,50.5107,[-2.12708,117.677,-20.7324],[-2.58178,116.32,-19.906],[36.6778,-465.256,-49.3995],false,[74.2235,110.96,67.5142],[51.9817,125.041,15.8487],[27.6824,123.898,-9.81271],[10.4376,120.132,-18.2379],[-5.75491,115.182,-21.4642],[[[0.29252,-0.883183,-0.36663