{"metadata":{"formatVersion":2,"generatedBy":"LeapJS Playback 0.2.1","frames":116,"frameRate":"1.1e+2","modified":"Sun Apr 12 2015 22:23:41 GMT-0300 (E. South America Standard Time)","title":"รง"},"frames":[["id","timestamp",{"hands":[["id","type","direction","palmNormal","palmPosition","palmVelocity","stabilizedPalmPosition","pinchStrength","grabStrength","confidence","armBasis","armWidth","elbow","wrist"]]},{"pointables":[["id","direction","handId","length","stabilizedTipPosition","tipPosition","tipVelocity","tool","carpPosition","mcpPosition","pipPosition","dipPosition","btipPosition","bases","type"]]},{"interactionBox":["center","size"]}],[164810,7209743587,[[161,"right",[-0.524704,0.779136,-0.342976],[-0.59884,-0.624174,-0.501794],[46.1915,161.628,58.4916],[1.67209,2.24489,25.9876],[39.7117,152.423,57.5097],0.189993,0.310322,0.978969,[[0.703038,0.0554811,-0.708985],[-0.0231783,0.99821,0.0551303],[0.710775,-0.0223256,0.703065]],63.72,[273.634,116.664,262.955],[81.7246,122.692,73.1269]]],[[1610,[-0.810941,0.247141,-0.530374],161,52.1164,[-29.4731,137.908,50.1873],[-29.6697,137.5,51.463],[13.0258,-23.7564,-9.64449],false,[59.8041,111.634,91.519],[59.8041,111.634,91.519],[14.4408,124.46,75.1041],[-13.2087,132.886,57.0207],[-33.9543,138.867,47.9885],[[[0.676699,0.733614,0.0623543],[-0.0143511,-0.0715319,0.997335],[0.73612,-0.675791,-0.0378774]],[[0.246841,0.966313,0.0728588],[-0.336482,0.0149597,0.941571],[0.908763,-0.256934,0.32884]],[[0.246841,0.966313,0.0728588],[-0.530513,0.0718337,0.844627],[0.810941,-0.247141,0.530374]],[[0.246841,0.966313,0.0728588],[-0.391551,0.0306802,0.919645],[0.886429,-0.255534,0.385934]]],0],[1611,[-0.760446,-0.26799,-0.591526],161,58.8075,[-25.6183,183.855,15.9517],[-29.1224,193.786,36.8598],[-9.78901,-4.56735,67.345],false,[70.7787,132.643,91.2562],[19.219,181.006,70.8812],[-7.19594,211.359,55.8243],[-25.5762,204.881,41.5268],[-30.3715,189.478,35.8985],[[[0.508354,0.187902,-0.840398],[0.500415,0.729763,0.465865],[0.700829,-0.657372,0.276949]],[[0.585476,0.111163,-0.803032],[0.528384,0.698926,0.481988],[0.614839,-0.706502,0.350468]],[[0.585476,0.111163,-0.803032],[-0.280961,0.956987,-0.0723681],[0.760446,0.26799,0.591526]],[[0.585476,0.111163,-0.803032],[-0.760558,0.418245,-0.496612],[0.280659,0.901507,0.329419]]],1],[1612,[-0.792858,-0.324353,-0.515918],161,67.0064,[-20.0064,189.57,7.71498],[-21.7425,194.077,14.6475],[-3.41265,27.8319,58.3246],false,[77.4099,136.561,81.6494],[33.7797,183.716,54.4381],[6.44662,215.804,31.0602],[-16.0994,206.58,16.3893],[-22.9522,189.274,13.8045],[[[0.505558,-0.0298174,-0.862277],[0.59442,0.736415,0.323046],[0.625361,-0.675873,0.390024]],[[0.572236,-0.105113,-0.813325],[0.592432,0.738757,0.321345],[0.567071,-0.665725,0.485016]],[[0.572236,-0.105113,-0.813325],[-0.209575,0.940078,-0.268947],[0.792858,0.324353,0.515918]],[[0.572236,-0.105113,-0.813325],[-0.734551,0.375303,-0.565317],[0.364666,0.920923,0.137551]]],2],[1613,[-0.790622,-0.173126,-0.58732],161,64.4285,[-10.6965,183.936,-12.8312],[-10.2203,184.432,-12.9763],[-18.8168,81.456,52.5397],false,[83.6124,137.414,71.0791],[50.3875,179.955,39.296],[21.7456,196.901,9.48393],[-0.156188,192.105,-6.786],[-13.8969,181.97,-14.3738],[[[0.545816,-0.184381,-0.817366],[0.648653,0.710482,0.272883],[0.530409,-0.679131,0.507392]],[[0.61148,-0.273022,-0.742665],[0.463838,0.884091,0.0568918],[0.641051,-0.379265,0.667242]],[[0.61148,-0.273022,-0.742665],[0.0317762,0.946301,-0.32172],[0.790622,0.173126,0.58732]],[[0.61148,-0.273022,-0.742665],[-0.29196,0.794505,-0.532467],[0.735426,0.542421,0.406112]]],3],[1614,[-0.836188,-0.112534,-0.536773],161,50.5107,[14.8775,177.743,-14.4084],[15.388,178.326,-14.7055],[-8.81886,80.8521,42.1579],false,[87.5541,131.615,58.6943],[63.7695,172.024,24.5822],[42.2245,186.181,0.381851],[25.8696,183.98,-10.1168],[11.6027,176.01,-15.5965],[[[0.488808,-0.376585,-0.786925],[0.769946,0.610345,0.186179],[0.410184,-0.696895,0.588291]],[[0.525972,-0.441828,-0.726734],[0.593366,0.802795,-0.0586232],[0.60932,-0.400385,0.684413]],[[0.525972,-0.441828,-0.726734],[0.155379,0.890014,-0.428641],[0.836188,0.112534,0.536773]],[[0.525972,-0.441828,-0.726734],[-0.195603,0.768731,-0.608928],[0.827703,0.46243,0.317908]]],4]],[[0,200,0],[235.247,235.247,147.751]]],[164811,7209752926,[[161,"right",[-0.52359,0.780178,-0.342308],[-0.599992,-0.622913,-0.501985],[46.3315,161.525,58.5781],[5.44321,-1.51805,21.248],[39.7195,152.434,57.5109],0.189636,0.305955,0.98094,[[0.702769,0.0552056,-0.709273],[-0.0239427,0.998255,0.0539751],[0.711015,-0.02095,0.702864]],63.72,[273.782,116.867,262.95],[81.808,122.524,73.1769]]],[[1610,[-0.810138,0.248693,-0.530875],161,52.1164,[-29.3889,137.808,50.2232],[-29.5693,137.521,51.578],[10.4073,-16.1971,0.983822],false,[59.8763,111.489,91.5694],[59.8763,111.489,91.5694],[14.5456,124.397,75.1288],[-13.0765,132.876,57.0283],[-33.9479,138.905,48.3243],[[[0.677876,0.732507,0.0625882],[-0.0141287,-0.0721376,0.997295],[0.73504,-0.676926,-0.0385509]],[[0.248411,0.965871,0.0733839],[-0.33709,0.0151749,0.94135],[0.908109,-0.258579,0.329355]],[[0.248411,0.965871,0.0733839],[-0.531007,0.0724244,0.844267],[0.810138,-0.248693,0.530875]],[[0.248411,0.965871,0.0733839],[-0.378123,0.0269429,0.925363],[0.891804,-0.257619,0.371911]]],0],[1611,[-0.761064,-0.266717,-0.591306],161,58.8075,[-25.6225,183.866,15.9779],[-28.9445,193.791,37.0058],[-1.61579,-2.81208,52.6163],false,[70.8839,132.481,91.3161],[19.3937,180.937,70.9889],[-6.98761,211.337,55.9667],[-25.3828,204.89,41.6746],[-30.198,189.496,36.0406],[[[0.508367,0.18763,-0.840451],[0.501722,0.72868,0.466156],[0.699884,-0.658651,0.276299]],[[0.585214,0.110924,-0.803256],[0.529585,0.69787,0.482201],[0.614056,-0.707583,0.34966]],[[0.585214,0.110924,-0.803256],[-0.279832,0.95737,-0.0716664],[0.761064,0.266717,0.591306]],[[0.585214,0.110924,-0.803256],[-0.760327,0.419355,-0.496028],[0.281828,0.90102,0.329751]]],1],[1612,[-0.793227,-0.32326,-0.516037],161,67.0064,[-20.0392,189.671,7.90145],[-21.5501,194.047,14.7391],[2.95515,19.45,44.2941],false,[77.518,136.395,81.7095],[33.9531,183.635,54.5427],[6.65991,215.746,31.1498],[-15.8966,206.554,16.4756],[-22.7816,189.261,13.8854],[[[0.50522,-0.0300709,-0.862466],[0.595688,0.735273,0.323309],[0.624426,-0.677104,0.389388]],[[0.572242,-0.106032,-0.813201],[0.593218,0.738194,0.32119],[0.566244,-0.666204,0.485325]],[[0.572242,-0.106032,-0.813201],[-0.208159,0.940351,-0.26909],[0.793227,0.32326,0.516037]],[[0.572242,-0.106032,-0.813201],[-0.733694,0.376812,-0.565425],[0.366377,0.920201,0.137833]]],2],[1613,[-0.791376,-0.169617,-0.587329],161,64.4285,[-10.6743,184.166,-12.6763],[-10.1349,184.505,-12.8401],[-10.8852,61.667,41.1686],false,[83.7183,137.244,71.1377],[50.5499,179.858,39.3926],[21.8843,196.847,9.62821],[-0.0383652,192.148,-6.64197],[-13.8207,182.098,-14.2664],[[[0.54525,-0.184726,-0.817666],[0.649864,0.709286,0.273112],[0.529509,-0.680286,0.506786]],[[0.610375,-0.272909,-0.743615],[0.46456,0.883705,0.0569984],[0.641581,-0.380244,0.666174]],[[0.610375,-0.272909,-0.743615],[0.0341579,0.946969,-0.319503],[0.791376,0.169617,0.587329]],[[0.610375,-0.272909,-0.743615],[-0.288625,0.79761,-0.529635],[0.737657,0.537902,0.408073]]],3],[1614,[-0.836814,-0.109823,-0.536359],161,50.5107,[14.9412,177.832,-14.2674],[15.4752,178.32,-14.5696],[-3.76348,58.7769,34.1232],false,[87.6468,131.446,58.748],[63.9144,171.915,24.6692],[42.3397,186.111,0.518359],[25.9727,183.963,-9.97218],[11.6814,176.05,-15.4724],[[[0.487949,-0.376859,-0.787327],[0.770969,0.609013,0.186303],[0.409282,-0.697911,0.587714]],[[0.524564,-0.441346,-0.728043],[0.593751,0.802506,-0.0586819],[0.610158,-0.401494,0.683016]],[[0.524564,-0.441346,-0.728043],[0.156764,0.890591,-0.426934],[0.836814,0.109823,0.536359]],[[0.524564,-0.441346,-0.728043],[-0.193392,0.771017,-0.606739],[0.829115,0.459071,0.319095]]],4]],[[0,200,0],[235.247,235.247,147.751]]],[164812,7209761039,[[161,"right",[-0.521841,0.780814,-0.343527],[-0.602136,-0.622418,-0.500028],[46.4392,161.421,58.5737],[7.41401,-4.33457,15.7739],[39.7257,152.442,57.5119],0.189178,0.303047,0.982501,[[0.70236,0.0519679,-0.709922],[-0.0225042,0.998454,0.0508246],[0.711466,-0.019721,0.702444]],63.72,[273.922,117.034,262.884],[81.8259,122.359,73.2245]]],[[1610,[-0.809939,0.249594,-0.530756],161,52.1164,[-29.3424,137.763,50.2975],[-29.5396,137.601,51.7165],[7.20827,-9.7843,8.57239],false,[59.8827,111.423,91.6625],[59.8827,111.423,91.6625],[14.5732,124.41,75.2266],[-13.0421,132.92,57.1302],[-33.9827,138.99,48.6224],[[[0.679886,0.730833,0.0603155],[-0.013354,-0.0698975,0.997465],[0.733197,-0.678967,-0.0377627]],[[0.250965,0.965388,0.0710096],[-0.33634,0.0181786,0.941565],[0.907685,-0.260183,0.329261]],[[0.250965,0.965388,0.0710096],[-0.530109,0.0756878,0.844545],[0.809939,-0.249594,0.530756]],[[0.250965,0.965388,0.0710096],[-0.369356,0.0276951,0.928875],[0.894758,-0.259343,0.363523]]],0],[1611,[-0.762389,-0.266225,-0.589819],161,58.8075,[-25.6251,183.873,15.9942],[-28.7807,193.817,37.0171],[3.77441,-0.946271,39.7514],false,[70.946,132.384,91.3522],[19.5654,180.933,70.9676],[-6.76193,211.363,55.9121],[-25.1892,204.928,41.656],[-30.0469,189.533,36.0611],[[[0.50805,0.184418,-0.841353],[0.504113,0.728367,0.46406],[0.698395,-0.659903,0.27708]],[[0.584508,0.107824,-0.804192],[0.531816,0.697638,0.480075],[0.612799,-0.70829,0.350433]],[[0.584508,0.107824,-0.804192],[-0.277692,0.957861,-0.073407],[0.762389,0.266225,0.589819]],[[0.584508,0.107824,-0.804192],[-0.759944,0.420047,-0.496029],[0.284315,0.901074,0.327461]]],1],[1612,[-0.794439,-0.322388,-0.514715],161,67.0064,[-20.0593,189.741,8.03078],[-21.3926,193.989,14.6994],[6.59402,13.1422,31.7894],false,[77.5812,136.259,81.7306],[34.1159,183.555,54.5014],[6.88019,215.662,31.0358],[-15.7108,206.495,16.3991],[-22.6533,189.219,13.8506],[[[0.504302,-0.0333222,-0.862884],[0.597958,0.734394,0.321109],[0.622997,-0.677905,0.390282]],[[0.571431,-0.109665,-0.81329],[0.595132,0.737744,0.318672],[0.565052,-0.666114,0.486835]],[[0.571431,-0.109665,-0.81329],[-0.205749,0.940234,-0.271345],[0.794439,0.322388,0.514715]],[[0.571431,-0.109665,-0.81329],[-0.732789,0.377957,-0.565834],[0.369441,0.919305,0.135615]]],2],[1613,[-0.792501,-0.167607,-0.586387],161,64.4285,[-10.6393,184.238,-12.6157],[-10.0747,184.419,-12.8361],[-6.17445,44.2184,30.453],false,[83.7734,137.069,71.1509],[50.6879,179.701,39.3437],[22.0168,196.683,9.58097],[0.0629098,192.04,-6.66312],[-13.7681,182.048,-14.2757],[[[0.543963,-0.187985,-0.817781],[0.652016,0.708152,0.270917],[0.528185,-0.680575,0.507778]],[[0.60874,-0.27591,-0.743848],[0.46653,0.882835,0.0543283],[0.641705,-0.380099,0.666137]],[[0.60874,-0.27591,-0.743848],[0.0371164,0.946457,-0.320688],[0.792501,0.167607,0.586387]],[[0.60874,-0.27591,-0.743848],[-0.285391,0.798665,-0.529798],[0.740262,0.534796,0.407437]]],3],[1614,[-0.837662,-0.106437,-0.535718],161,50.5107,[14.9816,177.805,-14.2405],[15.5081,178.179,-14.5675],[-1.64196,41.4823,25.0309],false,[87.6744,131.233,58.7703],[64.017,171.69,24.6251],[42.4269,185.899,0.495713],[26.0433,183.818,-9.98229],[11.7096,175.988,-15.4911],[[[0.48618,-0.379896,-0.786961],[0.77277,0.607365,0.184214],[0.407991,-0.697701,0.588861]],[[0.522212,-0.443494,-0.728429],[0.595376,0.801133,-0.0609325],[0.610592,-0.40187,0.682407]],[[0.522212,-0.443494,-0.728429],[0.160055,0.889935,-0.427081],[0.837662,0.106437,0.535718]],[[0.522212,-0.443494,-0.728429],[-0.18915,0.772639,-0.606012],[0.831575,0.454249,0.319594]]],4]],[[0,200,0],[235.247,235.247,147.751]]],[164813,7209770302,[[161,"right",[-0.517546,0.78179,-0.347779],[-0.607007,-0.62192,-0.49473],[46.6135,161.217,58.5409],[10.6211,-9.32671,10.3399],[39.7358,152.455,57.5134],0.189565,0.299357,0.984128,[[0.701822,0.043009,-0.711053],[-0.0176367,0.998919,0.0430133],[0.712134,-0.0176471,0.701822]],63.72,[274.056,117.265,262.879],[81.7803,122.03,73.3873]]],[[1610,[-0.809469,0.251243,-0.530694],161,52.1164,[-29.3197,137.773,50.404],[-29.5332,137.838,51.9958],[4.13207,0.0397848,17.7475],false,[59.8034,111.356,91.9388],[59.8034,111.356,91.9388],[14.5461,124.524,75.5021],[-13.0532,133.09,57.4077],[-34.0242,139.242,49.0349],[[[0.684605,0.726899,0.0541582],[-0.011902,-0.0631423,0.997934],[0.728817,-0.683835,-0.034576]],[[0.257263,0.964215,0.0640771],[-0.334396,0.0266159,0.942057],[0.906639,-0.263784,0.329277]],[[0.257263,0.964215,0.0640771],[-0.527802,0.0846596,0.845138],[0.809469,-0.251243,0.530694]],[[0.257263,0.964215,0.0640771],[-0.361797,0.0346208,0.931614],[0.896057,-0.262853,0.357757]]],0],[1611,[-0.765228,-0.265784,-0.586332],161,58.8075,[-25.6277,183.882,16.0132],[-28.4598,193.903,36.9272],[12.1918,2.34583,25.873],false,[70.9984,132.245,91.4676],[19.8871,180.981,70.8537],[-6.30201,211.458,55.6529],[-24.7979,205.034,41.4811],[-29.7585,189.631,35.9981],[[[0.507608,0.175568,-0.843511],[0.509588,0.728245,0.458236],[0.694734,-0.662447,0.280196]],[[0.58329,0.0991275,-0.806193],[0.536827,0.697818,0.474202],[0.609582,-0.709383,0.353816]],[[0.58329,0.0991275,-0.806193],[-0.272395,0.958923,-0.0791739],[0.765228,0.265784,0.586332]],[[0.58329,0.0991275,-0.806193],[-0.758603,0.42125,-0.497062],[0.290336,0.901511,0.320909]]],1],[1612,[-0.797041,-0.321885,-0.510995],161,67.0064,[-20.0755,189.815,8.17146],[-21.0869,193.826,14.54],[13.2308,4.45936,18.0369],false,[77.6397,136.013,81.8079],[34.4227,183.401,54.3434],[7.31885,215.464,30.6668],[-15.3461,206.311,16.1359],[-22.3992,189.061,13.7237],[[[0.502442,-0.0422832,-0.863576],[0.603198,0.732722,0.315074],[0.619439,-0.679214,0.393655]],[[0.569526,-0.11913,-0.813295],[0.599535,0.737086,0.31187],[0.562315,-0.665216,0.491212]],[[0.569526,-0.11913,-0.813295],[-0.200912,0.939254,-0.278273],[0.797041,0.321885,0.510995]],[[0.569526,-0.11913,-0.813295],[-0.731282,0.378354,-0.567516],[0.375321,0.917963,0.128365]]],2],[1613,[-0.794704,-0.164459,-0.584293],161,64.4285,[-10.5571,184.194,-12.6228],[-9.93163,184.153,-12.9188],[0.312955,25.0777,18.5766],false,[83.8168,136.713,71.2116],[50.9411,179.34,39.1811],[22.3094,196.304,9.37002],[0.294483,191.748,-6.81607],[-13.6342,181.849,-14.3714],[[[0.541211,-0.196889,-0.817512],[0.656992,0.705803,0.264958],[0.524835,-0.680497,0.511343]],[[0.605402,-0.284485,-0.743342],[0.472052,0.880287,0.0475594],[0.640824,-0.379688,0.667219]],[[0.605402,-0.284485,-0.743342],[0.043973,0.944469,-0.325645],[0.794704,0.164459,0.584293]],[[0.605402,-0.284485,-0.743342],[-0.278811,0.798962,-0.532845],[0.745488,0.529837,0.404376]]],3],[1614,[-0.839059,-0.102017,-0.53439],161,50.5107,[15.0657,177.559,-14.3066],[15.6088,177.728,-14.661],[2.2589,18.0555,14.1944],false,[87.6573,130.77,58.8631],[64.1913,171.146,24.4917],[42.6269,185.33,0.324313],[26.216,183.335,-10.1277],[11.805,175.629,-15.6098],[[[0.482273,-0.38822,-0.785301],[0.776942,0.603676,0.178708],[0.404689,-0.696319,0.592761]],[[0.517782,-0.451226,-0.726841],[0.599971,0.79717,-0.0674836],[0.609866,-0.401142,0.683483]],[[0.517782,-0.451226,-0.726841],[0.16698,0.886559,-0.431428],[0.839059,0.102017,0.53439]],[[0.517782,-0.451226,-0.726841],[-0.181426,0.772358,-0.608726],[0.836054,0.447055,0.318048]]],4]],[[0,200,0],[235.247,235.247,147.751]]],[164814,7209779056,[[161,"right",[-0.511392,0.781778,-0.356793],[-0.613783,-0.622878,-0.48507],[46.8438,161.028,58.479],[14.8265,-12.6026,5.67136],[39.7515,152.474,57.5155],0.189636,0.29516,0.985527,[[0.700623,0.0272411,-0.713012],[-0.00783466,0.999504,0.0304882],[0.713489,-0.0157746,0.700489]],63.72,[274.337,117.466,262.888],[81.6952,121.725,73.7555]]],[[1610,[-0.809741,0.251987,-0.529927],161,52.1164,[-29.3166,137.828,50.539],[-29.5598,138.273,52.4949],[0.23769,13.4029,33.067],false,[59.67,111.494,92.4979],[59.67,111.494,92.4979],[14.483,124.864,76.0318],[-13.1256,133.456,57.9636],[-34.1207,139.699,49.7201],[[[0.691219,0.721366,0.0429732],[-0.00997764,-0.0499341,0.998703],[0.722576,-0.690751,-0.0273178]],[[0.266304,0.96255,0.050787],[-0.331116,0.0418706,0.942661],[0.905232,-0.267851,0.329866]],[[0.266304,0.96255,0.050787],[-0.522879,0.0999973,0.846521],[0.809741,-0.251987,0.529927]],[[0.266304,0.96255,0.050787],[-0.352589,0.0482403,0.934534],[0.897086,-0.266777,0.352232]]],0],[1611,[-0.769215,-0.266757,-0.580646],161,58.8075,[-25.6344,183.906,16.0674],[-28.0118,194.069,36.6392],[22.234,7.3994,10.3592],false,[71.0503,132.273,91.7256],[20.3262,181.191,70.5945],[-5.65476,211.685,55.0737],[-24.247,205.238,41.0392],[-29.3587,189.811,35.7666],[[[0.507054,0.159917,-0.846949],[0.517229,0.729586,0.447413],[0.689471,-0.664929,0.287226]],[[0.581686,0.0837889,-0.809087],[0.544,0.699427,0.463537],[0.604736,-0.709776,0.361265]],[[0.581686,0.0837889,-0.809087],[-0.264481,0.960115,-0.0907172],[0.769215,0.266757,0.580646]],[[0.581686,0.0837889,-0.809087],[-0.756394,0.421573,-0.500145],[0.299183,0.902915,0.3086]]],1],[1612,[-0.800759,-0.322731,-0.504608],161,67.0064,[-20.0869,189.92,8.37806],[-20.6713,193.557,14.1827],[21.4432,-5.20933,2.52346],false,[77.701,135.855,82.0015],[34.8416,183.264,54.0193],[7.92715,215.189,29.9423],[-14.8436,206.011,15.5931],[-22.0507,188.791,13.4332],[[[0.499888,-0.0581229,-0.864138],[0.610518,0.731343,0.303982],[0.614313,-0.679528,0.401075]],[[0.566677,-0.13523,-0.812767],[0.605874,0.736903,0.299819],[0.558386,-0.662335,0.499518]],[[0.566677,-0.13523,-0.812767],[-0.194068,0.93678,-0.291171],[0.800759,0.322731,0.504608]],[[0.566677,-0.13523,-0.812767],[-0.729237,0.376847,-0.571139],[0.383524,0.916351,0.114936]]],2],[1613,[-0.797528,-0.164262,-0.580489],161,64.4285,[-10.4292,183.972,-12.7091],[-9.6901,183.547,-13.1479],[7.96281,0.340317,6.09272],false,[83.8577,136.36,71.3822],[51.2852,178.856,38.8725],[22.7283,195.672,8.90597],[0.635139,191.122,-7.17474],[-13.4081,181.272,-14.5823],[[[0.537385,-0.212453,-0.816138],[0.663944,0.703287,0.254097],[0.519995,-0.678418,0.518993]],[[0.601014,-0.299698,-0.740921],[0.479865,0.876658,0.0346505],[0.639149,-0.376368,0.670698]],[[0.601014,-0.299698,-0.740921],[0.0522665,0.939787,-0.337741],[0.797528,0.164262,0.580489]],[[0.601014,-0.299698,-0.740921],[-0.271753,0.795172,-0.542081],[0.75162,0.527146,0.396466]]],3],[1614,[-0.840671,-0.0976868,-0.532663],161,50.5107,[15.2108,177.056,-14.4902],[15.7773,176.939,-14.8873],[7.57617,-8.24666,2.10387],false,[87.614,130.221,59.1038],[64.4248,170.352,24.2606],[42.9311,184.431,-0.0305949],[26.4885,182.521,-10.4488],[11.9747,174.963,-15.8651],[[[0.476818,-0.402808,-0.781275],[0.782759,0.598963,0.168912],[0.399916,-0.69209,0.600898]],[[0.51175,-0.465069,-0.722373],[0.607132,0.790671,-0.0789306],[0.607868,-0.398183,0.686984]],[[0.51175,-0.465069,-0.722373],[0.177159,0.879868,-0.440961],[0.840671,0.0976868,0.532663]],[[0.51175,-0.465069,-0.722373],[-0.170602,0.769061,-0.615987],[0.842026,0.438469,0.314225]]],4]],[[0,200,0],[235.247,235.247,147.751]]],[164815,7209787678,[[161,"right",[-0.502994,0.780424,-0.371396],[-0.623984,-0.625238,-0.468745],[47.1878,160.815,58.274],[21.4656,-15.8129,-2.12701],[39.7759,152.501,57.518],0.189196,0.293786,0.986784,[[0.699213,0.00217883,-0.71491],[0.00854632,0.999898,0.011406],[0.714863,-0.0140851,0.699123]],63.72,[274.617,117.601,263.008],[81.6038,121.404,74.245]]],[[1610,[-0.810776,0.251517,-0.528565],161,52.1164,[-29.3234,137.924,50.712],[-29.5866,138.951,53.2418],[-3.00712,30.5946,52.8397],false,[59.5373,111.866,93.3016],[59.5373,111.866,93.3016],[14.4263,125.473,76.8208],[-13.2176,134.049,58.7991],[-34.2278,140.4,50.6771],[[[0.700604,0.713137,0.0242801],[-0.00593605,-0.028201,0.999585],[0.713526,-0.700457,-0.0155245]],[[0.279029,0.959853,0.0287371],[-0.324738,0.066154,0.943488],[0.903708,-0.272593,0.330159]],[[0.279029,0.959853,0.0287371],[-0.514573,0.124186,0.848406],[0.810776,-0.251517,0.528565]],[[0.279029,0.959853,0.0287371],[-0.340905,0.071036,0.93741],[0.897734,-0.271361,0.34704]]],0],[1611,[-0.775577,-0.269397,-0.570881],161,58.8075,[-25.6455,183.962,16.1854],[-27.3728,194.305,36.0858],[35.3957,13.5552,-8.87447],false,[71.1793,132.475,92.0289],[20.9879,181.576,70.0663],[-4.70876,212.044,54.0304],[-23.4548,205.533,40.232],[-28.7897,190.066,35.3102],[[[0.505087,0.135008,-0.852443],[0.52863,0.732345,0.42921],[0.682229,-0.667416,0.298528]],[[0.578271,0.0594606,-0.813675],[0.554846,0.702518,0.445661],[0.598121,-0.709177,0.373254]],[[0.578271,0.0594606,-0.813675],[-0.253147,0.961192,-0.109668],[0.775577,0.269397,0.570882]],[[0.578271,0.0594606,-0.813675],[-0.753727,0.420647,-0.504927],[0.312247,0.905274,0.288065]]],1],[1612,[-0.806738,-0.32487,-0.493592],161,67.0064,[-20.076,190.031,8.60732],[-20.1029,193.137,13.5607],[32.3635,-17.12,-16.586],false,[77.8297,135.759,82.2002],[35.4509,183.102,53.3863],[8.80087,214.784,28.7021],[-14.1398,205.546,14.6661],[-21.5589,188.368,12.9301],[[[0.495046,-0.0832415,-0.86487],[0.621261,0.729796,0.285365],[0.607424,-0.678579,0.412997]],[[0.561336,-0.160386,-0.811898],[0.615794,0.736367,0.280287],[0.5529,-0.657297,0.512114]],[[0.561336,-0.160386,-0.811898],[-0.184596,0.93206,-0.311751],[0.806738,0.32487,0.493592]],[[0.561336,-0.160386,-0.811898],[-0.727347,0.372395,-0.576444],[0.3948,0.914111,0.0923825]]],2],[1613,[-0.801786,-0.16484,-0.574428],161,64.4285,[-10.2371,183.504,-12.9394],[-9.39667,182.544,-13.6209],[15.8003,-29.4791,-11.478],false,[83.9425,135.955,71.5455],[51.7655,178.156,38.2662],[23.3046,194.661,8.03659],[1.09357,190.095,-7.87621],[-13.1244,180.322,-15.0477],[[[0.530787,-0.236969,-0.813702],[0.674089,0.69998,0.235865],[0.513683,-0.673701,0.531278]],[[0.594091,-0.324031,-0.736247],[0.491212,0.870942,0.0130557],[0.636998,-0.36941,0.676587]],[[0.594091,-0.324031,-0.736247],[0.0647698,0.931575,-0.357733],[0.801786,0.16484,0.574428]],[[0.594091,-0.324031,-0.736247],[-0.260731,0.788293,-0.557326],[0.76097,0.523065,0.383833]]],3],[1614,[-0.844239,-0.0979588,-0.52694],161,50.5107,[15.3834,176.054,-14.7959],[15.9704,175.535,-15.2852],[11.6429,-48.6059,-10.7948],false,[87.5622,129.504,59.3866],[64.7263,169.169,23.7843],[43.2939,182.984,-0.71177],[26.7816,181.068,-11.0181],[12.144,173.597,-16.2171],[[[0.467948,-0.425728,-0.774455],[0.791156,0.592313,0.152437],[0.393823,-0.684048,0.613989]],[[0.502381,-0.487196,-0.714321],[0.616616,0.781013,-0.0990173],[0.606134,-0.390717,0.692778]],[[0.502381,-0.487196,-0.714321],[0.186749,0.867781,-0.460522],[0.844239,0.0979588,0.52694]],[[0.502381,-0.487196,-0.714321],[-0.162668,0.758135,-0.631483],[0.849207,0.433442,0.301621]]],4]],[[0,200,0],[235.247,235.247,147.751]]],[164816,7209796336,[[161,"right",[-0.491093,0.777943,-0.391961],[-0.636167,-0.627666,-0.448696],[47.5695,160.578,58.0955],[27.4743,-18.8893,-7.03819],[39.8107,152.538,57.5206],0.18811,0.290441,0.987936,[[0.696564,-0.0309113,-0.716829],[0.0303664,0.999446,-0.0135905],[0.716852,-0.0123008,0.697117]],63.72,[274.923,117.738,263.299],[81.3729,121.06,75.0776]]],[[1610,[-0.813072,0.252009,-0.524791],161,52.1164,[-29.3483,138.072,50.9391],[-29.7304,139.97,54.2724],[-10.6409,54.6945,79.7571],false,[59.2182,112.445,94.469],[59.2182,112.445,94.469],[14.2458,126.379,77.8829],[-13.4763,134.972,59.9898],[-34.5074,141.488,52.0548],[[[0.712635,0.701533,0.00165843],[-0.00275803,0.000437678,0.999996],[0.701529,-0.712637,0.00224675]],[[0.295818,0.955244,0.000397788],[-0.317511,0.0979335,0.943184],[0.900932,-0.279137,0.332271]],[[0.295818,0.955244,0.000397788],[-0.501404,0.154919,0.851231],[0.813072,-0.252009,0.524791]],[[0.295818,0.955244,0.000397788],[-0.323986,0.0999397,0.940768],[0.898624,-0.278425,0.33905]]],0],[1611,[-0.78248,-0.27252,-0.559873],161,58.8075,[-25.6551,184.049,16.3529],[-26.5441,194.639,35.2357],[50.5758,21.1644,-32.0082],false,[71.202,132.809,92.5707],[21.7674,182.109,69.3725],[-3.52344,212.513,52.5872],[-22.4363,205.926,39.0549],[-28.0534,190.423,34.583],[[[0.504177,0.102028,-0.857552],[0.542492,0.735206,0.406417],[0.671944,-0.670121,0.315324]],[[0.575369,0.0273213,-0.817437],[0.567816,0.705997,0.423265],[0.588673,-0.707687,0.390696]],[[0.575369,0.0273213,-0.817437],[-0.238064,0.961762,-0.135421],[0.78248,0.27252,0.559873]],[[0.575369,0.0273213,-0.817437],[-0.748909,0.419339,-0.513118],[0.328764,0.907418,0.261736]]],1],[1612,[-0.813575,-0.326105,-0.481406],161,67.0064,[-20.0257,190.124,8.80549],[-19.3214,192.665,12.6662],[46.9321,-27.203,-38.974],false,[77.8709,135.698,82.6311],[36.193,182.913,52.6098],[9.97236,214.279,27.0775],[-13.1628,205.006,13.3881],[-20.8703,187.91,12.1778],[[[0.490405,-0.116285,-0.863702],[0.63454,0.72698,0.262411],[0.597379,-0.676741,0.430302]],[[0.555888,-0.193385,-0.80845],[0.62854,0.734249,0.256546],[0.543991,-0.650754,0.52971]],[[0.555888,-0.193385,-0.80845],[-0.170543,0.925342,-0.338611],[0.813575,0.326105,0.481406]],[[0.555888,-0.193385,-0.80845],[-0.723026,0.367386,-0.585031],[0.41015,0.909741,0.064403]]],2],[1613,[-0.806037,-0.166565,-0.567943],161,64.4285,[-9.93831,182.77,-13.3122],[-8.90268,181.223,-14.2549],[27.7599,-61.5083,-29.1707],false,[83.9472,135.486,71.9558],[52.3663,177.261,37.5857],[24.101,193.352,6.95205],[1.77211,188.737,-8.78112],[-12.6433,179.04,-15.6553],[[[0.52373,-0.269076,-0.808273],[0.686676,0.69487,0.213616],[0.504166,-0.666898,0.548692]],[[0.586327,-0.355668,-0.727819],[0.505974,0.862438,-0.0138432],[0.632622,-0.36014,0.68563]],[[0.586327,-0.355668,-0.727819],[0.0807699,0.91965,-0.384344],[0.806037,0.166565,0.567943]],[[0.586327,-0.355668,-0.727819],[-0.246887,0.777258,-0.578719],[0.771535,0.519008,0.367918]]],3],[1614,[-0.847089,-0.0970405,-0.522516],161,50.5107,[15.6719,174.645,-15.2269],[16.3288,173.746,-15.7877],[20.2459,-89.2184,-24.3136],false,[87.413,128.63,59.9749],[65.1205,167.645,23.3257],[43.8469,181.108,-1.50274],[27.2789,179.21,-11.7225],[12.4905,171.887,-16.7002],[[[0.457855,-0.455542,-0.763446],[0.801602,0.582893,0.13293],[0.384452,-0.672842,0.632044]],[[0.491686,-0.516256,-0.701231],[0.629503,0.767139,-0.123386],[0.60164,-0.38076,0.702176]],[[0.491686,-0.516256,-0.701231],[0.201704,0.850919,-0.485028],[0.847089,0.0970406,0.522516]],[[0.491686,-0.516256,-0.701231],[-0.148851,0.743614,-0.651829],[0.857956,0.424874,0.28878]]],4]],[[0,200,0],[235.247,235.247,147.751]]],[164817,7209804680,[[161,"right",[-0.478595,0.770031,-0.4219],[-0.649988,-0.633756,-0.419368],[48.0828,160.406,57.7794],[36.2389,-19.3231,-14.9764],[39.8547,152.579,57.522],0.186382,0.284161,0.988951,[[0.690852,-0.0759988,-0.718991],[0.0626663,0.997012,-0.0451725],[0.720276,-0.013849,0.69355]],63.72,[275.709,117.263,263.505],[81.2347,121.002,76.2464]]],[[1610,[-0.817767,0.248793,-0.518998],161,52.1164,[-29.3841,138.268,51.2254],[-29.853,141.288,55.7745],[-16.6533,83.5912,117.584],false,[59.024,113.618,96.0764],[59.024,113.618,96.0764],[14.1431,127.781,79.4361],[-13.7391,136.264,61.7405],[-34.7973,142.911,53.9885],[[[0.725515,0.687521,-0.0306889],[0.00238596,0.0420796,0.999111],[0.688202,-0.724944,0.028889]],[[0.314372,0.948427,-0.0406957],[-0.304617,0.141387,0.941923],[0.899099,-0.283717,0.333355]],[[0.314372,0.948427,-0.0406957],[-0.482107,0.196438,0.853806],[0.817767,-0.248793,0.518998]],[[0.314372,0.948427,-0.0406957],[-0.30259,0.140747,0.942672],[0.899783,-0.284035,0.331231]]],0],[1611,[-0.790603,-0.281607,-0.543732],161,58.8075,[-25.6566,184.146,16.525],[-25.5597,194.806,33.898],[67.0446,21.7881,-64.0997],false,[71.3733,133.657,93.2788],[22.7425,182.868,68.2616],[-2.13848,212.98,50.3751],[-21.2477,206.174,37.2329],[-27.1671,190.604,33.4294],[[[0.501571,0.0568106,-0.863249],[0.558107,0.741181,0.373052],[0.661017,-0.668897,0.340048]],[[0.57053,-0.0163228,-0.821115],[0.582323,0.713064,0.390437],[0.579134,-0.700909,0.416329]],[[0.57053,-0.0163228,-0.821115],[-0.222356,0.959391,-0.17357],[0.790603,0.281607,0.543732]],[[0.57053,-0.0163228,-0.821115],[-0.744622,0.411489,-0.525561],[0.346458,0.911269,0.222613]]],1],[1612,[-0.821277,-0.332464,-0.46365],161,67.0064,[-19.9351,190.16,8.92234],[-18.432,191.674,11.2966],[61.2105,-51.4851,-70.6158],false,[78.0435,136.005,83.1984],[37.0942,182.703,51.4173],[11.289,213.362,24.6338],[-12.0652,203.908,11.4493],[-20.0885,186.921,11.0026],[[[0.483723,-0.161273,-0.860234],[0.649245,0.72525,0.229114],[0.586935,-0.669331,0.455526]],[[0.548785,-0.238125,-0.801331],[0.642035,0.733955,0.221589],[0.535375,-0.636087,0.555668]],[[0.548785,-0.238125,-0.801331],[-0.156007,0.912559,-0.378018],[0.821277,0.332464,0.46365]],[[0.548785,-0.238125,-0.801331],[-0.718712,0.355175,-0.597749],[0.426952,0.903962,0.0237711]]],2],[1613,[-0.811078,-0.173709,-0.55855],161,64.4285,[-9.56278,181.636,-13.8657],[-8.35892,179.094,-15.1946],[38.6408,-110.695,-52.4842],false,[84.0599,135.235,72.5148],[53.0826,176.129,36.5714],[24.9965,191.41,5.36396],[2.52808,186.598,-10.109],[-12.1102,176.942,-16.5562],[[[0.514495,-0.312224,-0.798631],[0.700526,0.690168,0.181473],[0.494529,-0.652828,0.573808]],[[0.576649,-0.397645,-0.713691],[0.521847,0.851407,-0.0527328],[0.628611,-0.34203,0.698473]],[[0.576649,-0.397645,-0.713691],[0.0981299,0.900946,-0.42269],[0.811078,0.173709,0.55855]],[[0.576649,-0.397645,-0.713691],[-0.231642,0.758134,-0.609569],[0.783466,0.516828,0.345066]]],3],[1614,[-0.849866,-0.0985581,-0.517701],161,50.5107,[16.0438,172.705,-15.8621],[16.7337,171.178,-16.5452],[29.211,-142.454,-43.7238],false,[87.3364,127.823,60.8151],[65.583,165.691,22.6691],[44.4955,178.534,-2.64219],[27.8732,176.606,-12.7678],[12.9098,169.457,-17.4685],[[[0.445406,-0.495398,-0.745784],[0.81294,0.572798,0.105024],[0.375155,-0.653057,0.657857]],[[0.478809,-0.554793,-0.680401],[0.644262,0.748524,-0.156963],[0.596379,-0.363202,0.715833]],[[0.478809,-0.554793,-0.680401],[0.220158,0.82613,-0.51869],[0.849866,0.098558,0.517701]],[[0.478809,-0.554793,-0.680401],[-0.130896,0.721239,-0.680206],[0.868106,0.414751,0.272716]]],4]],[[0,200,0],[235.247,235.247,147.751]]],[164818,7209813616,[[161,"right",[-0.462988,0.756846,-0.461331],[-0.666766,-0.640321,-0.38133],[48.7973,160.186,57.1832],[48.171,-20.7716,-29.1006],[39.9139,152.63,57.5197],0.186947,0.273744,0.989942,[[0.682345,-0.134168,-0.718612],[0.103876,0.990834,-0.0863601],[0.723612,-0.015719,0.690028]],63.72,[276.506,116.84,263.943],[81.1309,121.084,77.6358]]],[[1610,[-0.821269,0.243818,-0.51582],161,52.1164,[-29.4218,138.556,51.5879],[-29.8185,143.054,57.197],[-14.6019,117.806,138.337],false,[58.8652,115.314,97.9339],[58.8652,115.314,97.9339],[14.1291,129.725,81.1178],[-13.8725,138.038,63.5306],[-34.8635,144.806,55.7009],[[[0.741033,0.667672,-0.0713091],[0.00886851,0.0964575,0.995298],[0.671411,-0.73818,0.0655569]],[[0.337029,0.936811,-0.0937924],[-0.288514,0.197594,0.936865],[0.896198,-0.28869,0.336878]],[[0.337029,0.936811,-0.0937924],[-0.460358,0.250875,0.851547],[0.821269,-0.243818,0.51582]],[[0.337029,0.936811,-0.0937924],[-0.286288,0.196877,0.937699],[0.896912,-0.28918,0.33455]]],0],[1611,[-0.800018,-0.294654,-0.522638],161,58.8075,[-25.6446,184.251,16.6903],[-24.2328,194.822,31.8521],[88.2993,16.8434,-107.887],false,[71.6587,134.876,93.9926],[24.0411,183.772,66.5291],[-0.349476,213.372,47.1719],[-19.6862,206.25,34.5395],[-25.9517,190.624,31.6281],[[[0.497981,-0.00211235,-0.867185],[0.577138,0.747178,0.329601],[0.647245,-0.664621,0.373299]],[[0.564159,-0.07297,-0.822436],[0.599516,0.721102,0.347265],[0.56772,-0.688975,0.450563]],[[0.564159,-0.07297,-0.822436],[-0.204197,0.952814,-0.224609],[0.800018,0.294654,0.522638]],[[0.564159,-0.07297,-0.822436],[-0.739763,0.397728,-0.542736],[0.36671,0.914597,0.170401]]],1],[1612,[-0.830537,-0.340575,-0.440701],161,67.0064,[-19.7801,190.117,8.93497],[-17.2304,190.234,9.30907],[80.047,-82.3543,-110.907],false,[78.3257,136.514,83.7707],[38.2921,182.353,49.6583],[13.0041,211.98,21.2674],[-10.6134,202.295,8.73542],[-19.0108,185.493,9.28044],[[[0.475114,-0.21923,-0.852176],[0.667089,0.721291,0.186364],[0.57381,-0.657022,0.488942]],[[0.539476,-0.295192,-0.78856],[0.65857,0.731474,0.176724],[0.524644,-0.61466,0.589017]],[[0.539476,-0.295192,-0.78856],[-0.138472,0.892676,-0.4289],[0.830537,0.340575,0.440701]],[[0.539476,-0.295192,-0.78856],[-0.713639,0.33673,-0.614273],[0.446861,0.894133,-0.0290028]]],2],[1613,[-0.817069,-0.18474,-0.546141],161,64.4285,[-9.02097,179.816,-14.7379],[-7.59598,176.142,-16.5358],[52.5184,-171.062,-80.8806],false,[84.2638,135.022,73.1197],[54.0422,174.607,35.1263],[26.1624,188.719,3.19136],[3.52795,183.601,-11.9378],[-11.3703,173.986,-17.8265],[[[0.502728,-0.367273,-0.782544],[0.717281,0.682473,0.140495],[0.482465,-0.631935,0.606536]],[[0.564269,-0.450643,-0.691753],[0.540586,0.834963,-0.102977],[0.623993,-0.315845,0.714755]],[[0.564269,-0.450643,-0.691753],[0.11832,0.87338,-0.472449],[0.817069,0.18474,0.546141]],[[0.564269,-0.450643,-0.691753],[-0.213971,0.729432,-0.649727],[0.797381,0.514636,0.315171]]],3],[1614,[-0.851881,-0.0993901,-0.514219],161,50.5107,[16.6283,169.95,-16.8813],[17.3632,167.826,-17.6733],[43.0424,-201.623,-70.1497],false,[87.3035,126.909,61.8289],[66.2211,163.137,21.7624],[45.411,175.134,-4.18541],[28.7492,173.19,-14.2429],[13.5752,166.308,-18.659],[[[0.429716,-0.545626,-0.719469],[0.82653,0.558511,0.0701008],[0.363583,-0.624786,0.690977]],[[0.462623,-0.603063,-0.649843],[0.663029,0.721944,-0.197963],[0.588534,-0.339282,0.733836]],[[0.462623,-0.603063,-0.649843],[0.245518,0.791478,-0.559718],[0.851881,0.0993901,0.514219]],[[0.462623,-0.603063,-0.649843],[-0.104937,0.690596,-0.715587],[0.880323,0.399239,0.256202]]],4]],[[0,200,0],[235.247,235.247,147.751]]],[164819,7209821719,[[161,"right",[-0.450217,0.737623,-0.503206],[-0.681497,-0.647985,-0.340114],[49.132,160.104,56.4849],[46.4467,-18.116,-43.4274],[39.97,152.675,57.5134],0.186332,0.260912,1,[[0.670486,-0.193706,-0.716189],[0.147362,0.980852,-0.12733],[0.72714,-0.0201663,0.686193]],63.72,[277.114,116.18,264.344],[80.7857,121.624,79.0716]]],[[1610,[-0.825746,0.23571,-0.512431],161,52.1164,[-29.4726,138.901,51.9798],[-30.0893,144.946,58.6201],[-22.5454,151.196,156.715],false,[58.5185,117.513,99.7678],[58.5185,117.513,99.7678],[13.8815,131.995,82.7508],[-14.2727,140.032,65.2792],[-35.2306,146.85,57.4049],[[[0.753859,0.647131,-0.113658],[0.0161557,0.154676,0.987833],[0.656838,-0.746523,0.106149]],[[0.356454,0.922157,-0.150222],[-0.270782,0.255846,0.928019],[0.894214,-0.290118,0.340901]],[[0.356454,0.922157,-0.150222],[-0.437133,0.306703,0.845487],[0.825746,-0.23571,0.512431]],[[0.356454,0.922157,-0.150222],[-0.266502,0.254456,0.929639],[0.895499,-0.291339,0.336458]]],0],[1611,[-0.808624,-0.310946,-0.499439],161,58.8075,[-25.6278,184.335,16.8055],[-23.3967,194.545,29.5434],[91.1984,4.57685,-151.166],false,[71.6798,136.545,94.6263],[24.9037,184.697,64.5277],[0.895136,213.529,43.5973],[-18.6496,206.013,31.5257],[-25.2106,190.358,29.5785],[[[0.493163,-0.0632653,-0.867633],[0.59375,0.75341,0.282551],[0.635807,-0.654501,0.409118]],[[0.557028,-0.131451,-0.820025],[0.614354,0.729625,0.30036],[0.558828,-0.671095,0.487179]],[[0.557028,-0.131451,-0.820025],[-0.189332,0.941294,-0.2795],[0.808624,0.310946,0.499439]],[[0.557028,-0.131451,-0.820025],[-0.736384,0.378375,-0.560866],[0.384003,0.916271,0.113967]]],1],[1612,[-0.839068,-0.350893,-0.415739],161,67.0064,[-19.6175,189.993,8.84453],[-16.5514,188.464,7.18284],[79.7595,-117.068,-147.434],false,[78.3232,137.443,84.2978],[39.0324,181.998,47.7102],[14.1339,210.307,17.678],[-9.72616,200.329,5.85584],[-18.4455,183.758,7.44205],[[[0.466035,-0.278614,-0.839753],[0.682392,0.717315,0.140713],[0.563163,-0.638618,0.524418]],[[0.529676,-0.352554,-0.771459],[0.672761,0.728532,0.128975],[0.516562,-0.587322,0.62307]],[[0.529676,-0.352554,-0.771459],[-0.12413,0.867514,-0.481676],[0.839068,0.350893,0.415739]],[[0.529676,-0.352554,-0.771459],[-0.710037,0.313244,-0.630655],[0.463994,0.881807,-0.0844084]]],2],[1613,[-0.822696,-0.202053,-0.531363],161,64.4285,[-8.58053,177.504,-15.7377],[-7.34061,172.684,-17.8566],[48.2249,-237.833,-102.782],false,[84.1727,135.207,73.7284],[54.5457,173.092,33.5943],[26.7706,185.678,0.938542],[3.98026,180.08,-13.7813],[-11.1328,170.438,-19.0452],[[[0.491053,-0.422831,-0.76163],[0.731549,0.674853,0.0970029],[0.472973,-0.604803,0.64071]],[[0.552609,-0.503577,-0.664103],[0.555133,0.816736,-0.157382],[0.621651,-0.281695,0.730888]],[[0.552609,-0.503577,-0.664103],[0.133398,0.839991,-0.525947],[0.822696,0.202053,0.531363]],[[0.552609,-0.503577,-0.664103],[-0.200858,0.692867,-0.692525],[0.808875,0.516086,0.281737]]],3],[1614,[-0.852307,-0.101967,-0.513006],161,50.5107,[17.0492,166.982,-18.0321],[17.5889,164.291,-18.8467],[42.5363,-255.283,-94.0999],false,[86.9885,126.382,62.923],[66.4204,160.61,20.879],[45.8931,171.611,-5.72715],[29.223,169.616,-15.7609],[13.8655,163.004,-19.9479],[[[0.414826,-0.595643,-0.687844],[0.837913,0.54477,0.0335823],[0.354714,-0.590284,0.725081]],[[0.447375,-0.650258,-0.61402],[0.680319,0.693089,-0.238313],[0.580536,-0.311114,0.752453]],[[0.447375,-0.650258,-0.61402],[0.270976,0.75284,-0.599837],[0.852307,0.101967,0.513006]],[[0.447375,-0.650258,-0.61402],[-0.0775905,0.655749,-0.750981],[0.890974,0.383612,0.242912]]],4]],[[0,200,0],[235.247,235.247,147.751]]],[164820,7209830463,[[161,"right",[-0.437227,0.70743,-0.555315],[-0.696324,-0.657061,-0.288797],[49.5988,160.049,55.6326],[48.3045,-14.9471,-57.9056],[40.0295,152.721,57.5018],0.18169,0.248381,0.989332,[[0.652528,-0.264984,-0.709923],[0.200334,0.963857,-0.175629],[0.730803,-0.0276185,0.682029]],63.72,[277.873,115.244,265.07],[80.5559,122.701,80.9223]]],[[1610,[-0.832371,0.22523,-0.50639],161,52.1164,[-29.5463,139.43,52.521],[-30.303,147.428,60.361],[-26.7205,194.131,178.688],false,[58.3055,120.608,101.937],[58.3055,120.608,101.937],[13.7476,135.071,84.6979],[-14.6325,142.75,67.4323],[-35.5561,149.575,59.4727],[[[0.76653,0.620948,-0.163876],[0.0239675,0.227337,0.973521],[0.641761,-0.750161,0.159378]],[[0.376978,0.899858,-0.219416],[-0.247186,0.326044,0.912466],[0.892629,-0.289743,0.345344]],[[0.376978,0.899858,-0.219416],[-0.40626,0.373533,0.833922],[0.832371,-0.22523,0.50639]],[[0.376978,0.899858,-0.219416],[-0.242057,0.324376,0.914434],[0.894034,-0.29161,0.3401]]],0],[1611,[-0.817465,-0.331562,-0.470975],161,58.8075,[-25.6048,184.406,16.8868],[-22.3976,193.822,26.512],[96.6167,-17.3656,-202.166],false,[71.8331,138.925,95.3514],[25.9217,185.674,61.8979],[2.32276,213.327,39.0034],[-17.4357,205.313,27.6198],[-24.3079,189.689,26.8669],[[[0.487688,-0.137933,-0.862053],[0.610506,0.759729,0.22382],[0.624054,-0.635442,0.454719]],[[0.549245,-0.202512,-0.810752],[0.629767,0.73803,0.242289],[0.549293,-0.643661,0.532895]],[[0.549245,-0.202512,-0.810752],[-0.173436,0.921442,-0.347656],[0.817465,0.331562,0.470975]],[[0.549245,-0.202512,-0.810752],[-0.732495,0.350302,-0.583729],[0.40222,0.914482,0.0440621]]],1],[1612,[-0.846789,-0.371,-0.381192],161,67.0064,[-19.4024,189.694,8.61388],[-15.7682,185.589,4.66132],[80.2082,-176.936,-181.597],false,[78.4452,138.912,84.964],[39.9128,181.437,45.2839],[15.2396,207.663,13.2417],[-8.84003,197.113,2.40201],[-17.7855,180.852,5.35149],[[[0.456247,-0.349996,-0.818133],[0.697719,0.711337,0.0847868],[0.552293,-0.60951,0.568744]],[[0.51919,-0.420569,-0.744018],[0.684406,0.725996,0.0672106],[0.511888,-0.544106,0.66477]],[[0.51919,-0.420569,-0.744018],[-0.115714,0.827938,-0.548753],[0.846789,0.371,0.381192]],[[0.51919,-0.420569,-0.744018],[-0.709818,0.272682,-0.649463],[0.476024,0.865313,-0.156954]]],2],[1613,[-0.828039,-0.225324,-0.513401],161,64.4285,[-8.05297,173.89,-17.12],[-6.92852,168.12,-19.3373],[49.3868,-315.9,-122.063],false,[84.1978,135.774,74.5723],[55.1726,171.182,31.8219],[27.5433,181.729,-1.66917],[4.60502,175.487,-15.8914],[-10.7225,165.8,-20.3993],[[[0.478644,-0.488497,-0.729569],[0.745783,0.664721,0.0442053],[0.463365,-0.565258,0.682477]],[[0.540387,-0.564811,-0.623676],[0.570597,0.790737,-0.221708],[0.618386,-0.23606,0.749583]],[[0.540387,-0.564811,-0.623676],[0.149446,0.793863,-0.589447],[0.828039,0.225324,0.513401]],[[0.540387,-0.564811,-0.623676],[-0.187082,0.642015,-0.743517],[0.820355,0.518465,0.24127]]],3],[1614,[-0.852218,-0.111889,-0.511082],161,50.5107,[17.5486,162.721,-19.4389],[17.9525,159.643,-20.0295],[45.4932,-325.183,-110.211],false,[86.7801,126.114,64.445],[66.7272,157.543,20.034],[46.4915,167.117,-7.3362],[29.8231,164.929,-17.3324],[14.2946,158.543,-21.23],[[[0.399208,-0.653707,-0.642884],[0.849138,0.528082,-0.00968697],[0.345828,-0.54203,0.765902]],[[0.431129,-0.703604,-0.564862],[0.697574,0.656987,-0.285935],[0.572292,-0.270758,0.77406