{"metadata":{"formatVersion":2,"generatedBy":"LeapJS Playback 0.2.1","frames":1,"protocolVersion":6,"serviceVersion":"2.2.2+24469","frameRate":"1.1e+2","modified":"Mon Feb 16 2015 20:31:10 GMT-0200 (E. South America Daylight Time)"},"frames":[["id","timestamp",{"hands":[["id","type","direction","palmNormal","palmPosition","palmVelocity","stabilizedPalmPosition","pinchStrength","grabStrength","confidence","armBasis","armWidth","elbow","wrist"]]},{"pointables":[["id","direction","handId","length","stabilizedTipPosition","tipPosition","tipVelocity","tool","carpPosition","mcpPosition","pipPosition","dipPosition","btipPosition","bases","type"]]},{"interactionBox":["center","size"]}],[21912,121671002661,[[4,"left",[-0.067052,0.27435,-0.959289],[-0.0878787,-0.959341,-0.268222],[-13.6061,113.899,100.523],[-8.44557,-5.09119,-23.2016],[-14.1255,116.533,102.516],0.715829,0,1,[[-0.971725,0.106403,-0.21078],[0.0781647,0.987335,0.13806],[-0.222801,-0.11768,0.967735]],59.0113,[-72.6283,75.0596,392.174],[-16.9174,104.485,150.194]]],[[40,[-0.586373,-0.315247,-0.746181],4,48.2651,[-26.2374,64.4785,68.0287],[-25.687,63.6594,67.9342],[-12.9743,-34.0966,9.00632],false,[8.65571,92.2698,148.216],[8.65571,92.2698,148.216],[0.971717,78.3825,104.797],[-17.5436,68.4282,81.236],[-29.7229,61.571,64.6706],[[[-0.334414,0.93828,0.0883027],[0.865331,0.26859,0.423157],[-0.373323,-0.217921,0.901743]],[[-0.159819,0.948081,-0.274955],[0.973052,0.104403,-0.205597],[0.166217,0.300404,0.939218]],[[-0.159819,0.948081,-0.274955],[0.794119,-0.0419721,-0.606312],[0.586373,0.315247,0.746181]],[[-0.159819,0.948081,-0.274955],[0.811602,-0.0323552,-0.583314],[0.561925,0.316379,0.764294]]],0],[41,[0.16297,-0.157082,-0.974046],4,54.4618,[20.6163,112.578,5.2966],[19.9393,109.812,4.2708],[-6.64328,-38.7388,-21.517],false,[2.15902,112.856,144.228],[8.06084,120.633,76.7978],[14.7935,116.063,37.8512],[18.4415,112.547,16.0478],[20.9435,109.567,0.710667],[[[-0.991021,0.111439,-0.0738868],[0.101855,0.987194,0.122771],[-0.086622,-0.114143,0.989681]],[[-0.975322,0.123399,-0.183083],[0.14182,0.985687,-0.0911484],[-0.169215,0.114864,0.978863]],[[-0.975322,0.123399,-0.183083],[0.148955,0.979846,-0.133095],[-0.16297,0.157082,0.974046]],[[-0.975322,0.123399,-0.183083],[0.154088,0.974325,-0.164156],[-0.158126,0.188316,0.969295]]],1],[42,[-0.255415,-0.200454,-0.945823],4,62.0548,[-33.8769,114.621,0.533848],[-34.0981,109.123,-0.973545],[-3.80905,-50.5246,-22.6643],false,[-8.81256,115.732,143.048],[-12.0417,123.933,79.0395],[-23.736,116.918,36.5349],[-30.4624,111.639,11.6267],[-34.8182,107.602,-4.73204],[[[-0.996358,-0.0749432,0.0406624],[-0.0690815,0.989077,0.13021],[0.0499767,-0.126927,0.990652]],[[-0.954497,-0.103487,0.27969],[-0.142491,0.982139,-0.12288],[0.261978,0.157142,0.952194]],[[-0.954497,-0.103487,0.27969],[-0.153946,0.974222,-0.164901],[0.255415,0.200454,0.945823]],[[-0.954497,-0.103487,0.27969],[-0.16215,0.967207,-0.195496],[0.250287,0.231952,0.939976]]],2],[43,[0.267379,-0.632734,0.726743],4,59.6674,[-18.2963,76.4388,104.638],[-19.1867,69.9004,100.553],[-1.08719,-13.1507,-14.6505],false,[-20.1883,115.804,142.864],[-31.7569,123.636,86.5603],[-29.1053,86.6556,68.1877],[-22.2458,70.4229,86.8322],[-18.4106,69.0179,103.646],[[[-0.970083,-0.167151,0.17607],[-0.138462,0.976645,0.164296],[0.19942,-0.135002,0.97057]],[[-0.963575,-0.171176,0.205479],[-0.259647,0.41468,-0.872138],[-0.0640807,0.893722,0.44402]],[[-0.963575,-0.171176,0.205479],[-0.00561302,-0.755213,-0.655456],[-0.267379,0.632734,-0.726743]],[[-0.963575,-0.171176,0.205479],[0.149654,-0.981889,-0.11618],[-0.221645,0.0811971,-0.971741]]],3],[44,[0.400468,-0.622898,0.672029],4,46.7781,[-31.8116,83.4705,104.381],[-32.68,79.4319,102.131],[-7.78146,-19.7279,-27.2302],false,[-31.5893,109.299,144.059],[-49.3861,118.913,94.314],[-43.5764,91.4429,77.4625],[-36.3225,80.16,89.6352],[-31.8212,78.4722,104.857],[[[-0.90418,-0.340709,0.257636],[-0.269494,0.922968,0.274779],[0.33141,-0.179018,0.926348]],[[-0.912748,-0.335782,0.232682],[-0.367986,0.428429,-0.825248],[-0.177416,0.838868,0.514611]],[[-0.912748,-0.335782,0.232682],[0.0807182,-0.706575,-0.70302],[-0.400468,0.622898,-0.672029]],[[-0.912748,-0.335782,0.232682],[0.29559,-0.935986,-0.191198],[-0.281988,0.105737,-0.953574]]],4]],[[0,200,0],[235.247,235.247,147.751]]]]}