{"metadata":{"formatVersion":2,"generatedBy":"LeapJS Playback 0.2.1","frames":1,"protocolVersion":6,"serviceVersion":"2.2.2+24469","frameRate":"1.1e+2","modified":"Mon Feb 16 2015 20:29:10 GMT-0200 (E. South America Daylight Time)"},"frames":[["id","timestamp",{"hands":[["id","type","direction","palmNormal","palmPosition","palmVelocity","stabilizedPalmPosition","pinchStrength","grabStrength","confidence","armBasis","armWidth","elbow","wrist"]]},{"pointables":[["id","direction","handId","length","stabilizedTipPosition","tipPosition","tipVelocity","tool","carpPosition","mcpPosition","pipPosition","dipPosition","btipPosition","bases","type"]]},{"interactionBox":["center","size"]}],[18860,121576442935,[[3,"left",[-0.366925,-0.247906,-0.896609],[0.900861,-0.335052,-0.276026],[-15.208,106.879,19.3718],[-5.60007,-3.28703,-0.0774022],[-14.2355,97.7391,18.8088],0,1,0.433768,[[-0.0973396,-0.99492,0.025676],[-0.911415,0.0787467,-0.403883],[-0.399809,0.0627153,0.91445]],59.0113,[-102.071,129.882,296.416],[-2.1,114.2,67.7596]]],[[30,[-0.245135,0.311647,-0.918033],3,48.2651,[-12.8741,170.031,-21.9633],[-9.44294,171.814,-25.0921],[-1.40784,-1.62666,2.9403],false,[14.1978,135.633,58.6983],[14.1978,135.633,58.6983],[2.75559,153.764,17.7415],[-4.9848,163.605,-11.2464],[-10.3597,173.924,-29.5327],[[[-0.970702,-0.114475,0.211264],[-0.0729815,0.978147,0.194683],[0.228934,-0.173561,0.957844]],[[-0.968741,-0.115931,0.21932],[-0.0166949,0.912549,0.408628],[0.247513,-0.392193,0.885959]],[[-0.968741,-0.115931,0.21932],[-0.0380786,0.943099,0.330324],[0.245135,-0.311647,0.918033]],[[-0.968741,-0.115931,0.21932],[0.00661075,0.871708,0.489981],[0.247987,-0.476115,0.843693]]],0],[31,[0.347002,0.021543,0.937617],3,54.4618,[18.6358,111.316,15.6912],[21.6834,112.855,14.9527],[-5.24952,-5.43829,0.0690526],false,[-7.48423,132.454,57.3979],[-20.1271,122.885,-8.86439],[16.5157,110.001,-17.4878],[24.2831,110.483,3.50004],[20.8087,113.716,18.5947],[[[-0.290297,-0.93772,0.190809],[-0.938773,0.317733,0.133232],[0.185561,0.14045,0.972544]],[[-0.300755,-0.944381,0.133005],[-0.247752,-0.0573071,-0.967127],[-0.920959,0.32382,0.216737]],[[-0.300755,-0.944381,0.133005],[0.888333,-0.328146,-0.321223],[-0.347002,-0.021543,-0.937617]],[[-0.300755,-0.944381,0.133005],[0.92808,-0.257706,0.268802],[0.219576,-0.204282,-0.953968]]],1],[32,[0.413483,0.233871,0.879964],3,62.0548,[21.9003,106.462,23.0136],[23.2162,106.728,20.722],[-6.95183,-5.26775,-0.579137],false,[-12.3402,122.3,59.2299],[-26.6984,104.989,-1.34177],[14.9181,96.4208,-15.0252],[25.8072,102.58,8.14869],[22.1905,108.017,24.2805],[[[-0.0982377,-0.950458,0.294922],[-0.970034,0.157632,0.184892],[0.222222,0.267921,0.937462]],[[-0.0974696,-0.949527,0.298158],[-0.3483,-0.248095,-0.903956],[-0.932302,0.191957,0.306538]],[[-0.0974696,-0.949527,0.298158],[0.90528,-0.209053,-0.369818],[-0.413483,-0.233871,-0.879964]],[[-0.0974696,-0.949527,0.298158],[0.9733,-0.0283868,0.227775],[0.207815,-0.312399,-0.926941]]],2],[33,[0.623314,0.317466,0.714629],3,59.6674,[22.5812,94.216,30.0521],[23.9776,94.0368,24.0218],[-2.49485,-4.91943,0.592449],false,[-14.43,111.468,62.0107],[-29.2017,88.0724,11.0231],[7.48106,80.5507,-6.58182],[23.4721,88.6953,11.7519],[24.3882,95.6484,27.5702],[[[0.00894148,-0.909832,0.41488],[-0.966996,0.0977839,0.235281],[0.254635,0.403291,0.87893]],[[0.00526205,-0.915563,0.40214],[-0.462642,-0.358747,-0.810717],[-0.88653,0.181781,0.425466]],[[0.00526205,-0.915563,0.40214],[0.781954,-0.246899,-0.572354],[-0.623314,-0.317466,-0.714629]],[[0.00526205,-0.915563,0.40214],[0.998584,-0.016481,-0.0505895],[-0.0529455,-0.401836,-0.91418]]],3],[34,[0.699503,0.374764,0.60848],3,46.7781,[19.1278,79.0201,30.9723],[14.828,81.3903,26.9876],[-4.33932,-4.80901,-1.26662],false,[-9.95246,99.6817,65.8535],[-26.9776,72.3387,22.8858],[0.163312,69.6543,4.76176],[12.8337,76.4425,15.7834],[15.6072,82.8566,30.1357],[[[0.198005,-0.860607,0.469202],[-0.927513,-0.0096755,0.373667],[0.31704,0.509178,0.800139]],[[0.161212,-0.912266,0.376539],[-0.53578,-0.401311,-0.742893],[-0.828825,0.0819783,0.55347]],[[0.161212,-0.912266,0.376539],[0.696209,-0.165295,-0.698549],[-0.699503,-0.374764,-0.60848]],[[0.161212,-0.912266,0.376539],[0.971506,0.0795233,-0.223277],[-0.173744,-0.401804,-0.899092]]],4]],[[0,200,0],[235.247,235.247,147.751]]]]}