{"metadata":{"formatVersion":2,"generatedBy":"LeapJS Playback 0.2.1","frames":1,"protocolVersion":6,"serviceVersion":"2.2.2+24469","frameRate":"59","modified":"Fri Feb 20 2015 19:42:01 GMT-0200 (E. South America Daylight Time)"},"frames":[["id","timestamp",{"hands":[["id","type","direction","palmNormal","palmPosition","palmVelocity","stabilizedPalmPosition","pinchStrength","grabStrength","confidence","armBasis","armWidth","elbow","wrist"]]},{"pointables":[["id","direction","handId","length","stabilizedTipPosition","tipPosition","tipVelocity","tool","carpPosition","mcpPosition","pipPosition","dipPosition","btipPosition","bases","type"]]},{"interactionBox":["center","size"]}],[122427,86044276010,[[81,"right",[0.184469,0.39625,-0.89942],[-0.855351,-0.386016,-0.345494],[106.441,117.049,-7.98696],[18.6119,-0.270117,-0.731078],[100.55,115.332,-5.62352],0,0,0.976462,[[0.361947,-0.843979,-0.395847],[0.587627,0.536212,-0.605946],[0.723663,-0.0132901,0.690025]],62.0198,[294.109,88.1725,220.088],[103.934,91.665,38.7522]],[82,"left",[-0.0914749,0.251604,-0.963498],[0.973854,-0.179443,-0.139317],[-112.626,119.868,1.25418],[-19.8061,3.42307,0.630269],[-104.66,119.992,-0.733226],0,0,0.93603,[[-0.162992,-0.90875,-0.384197],[-0.945108,0.255584,-0.203587],[-0.283204,-0.329924,0.900525]],61.4236,[-187.157,14.6604,284.688],[-113.448,100.53,50.3083]]],[[810,[-0.138367,0.609596,-0.780543],81,50.7258,[57.3258,189.393,-5.44574],[64.8228,188.736,-8.27771],[14.2023,-12.6565,-9.41],false,[80.8955,109.403,45.5448],[80.8955,109.403,45.5448],[72.7696,152.422,24.4766],[68.1777,172.652,-1.42637],[64.3581,192.976,-10.9778],[[[0.995843,0.0873661,0.0257814],[-0.0790617,0.688425,0.720985],[0.0452412,-0.720026,0.692471]],[[0.9855,0.162901,-0.0474761],[-0.0286014,0.435281,0.89984],[0.16725,-0.885434,0.433629]],[[0.9855,0.162901,-0.0474761],[-0.0982096,0.775794,0.623297],[0.138367,-0.609596,0.780543]],[[0.9855,0.162901,-0.0474761],[-0.0259456,0.421186,0.906603],[0.167682,-0.892225,0.419305]]],0],[811,[-0.231746,0.184068,-0.955203],81,57.2384,[83.9332,166.032,-95.9702],[87.832,164.838,-97.0802],[9.6097,-4.51753,-1.25312],false,[102.896,114.336,40.651],[100.932,147.803,-22.6234],[98.0938,159.767,-62.5909],[92.6419,164.097,-85.0625],[86.7899,165.776,-100.538],[[[0.508193,-0.754696,-0.414939],[0.860806,0.460439,0.216814],[0.0274259,-0.467365,0.883639]],[[0.506679,-0.815382,-0.280052],[0.859459,0.503287,0.0896234],[0.0678692,-0.286103,0.955792]],[[0.506679,-0.815382,-0.280052],[0.830403,0.548883,-0.0956981],[0.231746,-0.184068,0.955203]],[[0.506679,-0.815382,-0.280052],[0.787048,0.570055,-0.235783],[0.351898,-0.100948,0.930579]]],1],[812,[-0.18804,0.0527503,-0.980744],81,65.2186,[98.7902,138.99,-113.779],[103.106,137.865,-114.599],[14.4658,-4.97146,-1.23146],false,[110.331,106.42,35.5841],[113.127,130.8,-27.7332],[114.034,136.832,-74.2493],[108.83,138.292,-101.394],[102.558,138.146,-118.575],[[[0.352984,-0.878261,-0.322582],[0.934723,0.315848,0.162889],[-0.0411726,-0.359022,0.93242]],[[0.335891,-0.934893,-0.114685],[0.941703,0.330822,0.0612624],[-0.0193334,-0.128577,0.991511]],[[0.335891,-0.934893,-0.114685],[0.92294,0.350988,-0.158079],[0.18804,-0.0527503,0.980744]],[[0.335891,-0.934893,-0.114685],[0.877278,0.354841,-0.32322],[0.342871,0.00795578,0.939349]]],2],[813,[-0.214963,-0.0413629,-0.975746],81,62.7094,[107.037,110.534,-110.018],[110.846,109.107,-110.361],[16.3705,-5.77233,-0.158771],false,[115.383,96.5331,31.144],[122.266,110.591,-27.781],[122.968,111.362,-71.256],[117.172,110.247,-97.5649],[110.198,108.701,-114.289],[[[0.271603,-0.942816,-0.193208],[0.955765,0.240687,0.169067],[-0.112896,-0.230581,0.966482]],[[0.246376,-0.969085,-0.0131976],[0.96904,0.246092,0.0200068],[-0.0161405,-0.0177182,0.999713]],[[0.246376,-0.969085,-0.0131976],[0.945034,0.243237,-0.218508],[0.214963,0.0413629,0.975746]],[[0.246376,-0.969085,-0.0131976],[0.890073,0.231634,-0.392576],[0.383497,0.0849745,0.919625]]],3],[814,[-0.220927,-0.0732705,-0.972534],81,49.163,[108.787,84.9586,-89.6287],[116.894,85.603,-91.6953],[27.7384,-0.557525,-0.40205],false,[114.34,83.1871,27.582],[126.31,90.1569,-27.13],[127.152,88.0671,-61.4719],[122.946,86.6723,-79.986],[116.293,85.334,-95.3291],[[[0.0950325,-0.989888,-0.105311],[0.97262,0.0697914,0.221675],[-0.212084,-0.123494,0.969417]],[[0.0573596,-0.996424,0.0620402],[0.998054,0.058755,0.0209048],[-0.0244753,0.0607203,0.997855]],[[0.0573596,-0.996424,0.0620402],[0.973602,0.0420778,-0.22434],[0.220927,0.0732705,0.972534]],[[0.0573596,-0.996424,0.0620402],[0.916216,0.027855,-0.399715],[0.396558,0.0797697,0.914537]]],4],[820,[0.0959362,0.807181,-0.582455],82,50.2382,[-86.0809,210.04,4.95529],[-90.934,207.018,8.92858],[-16.7014,2.29996,-5.61165],false,[-97.293,123.967,58.3186],[-97.293,123.967,58.3186],[-92.8924,163.286,30.9317],[-89.7393,189.816,11.7883],[-90.3922,211.989,7.67701],[[[-0.972568,-0.173105,-0.155393],[-0.232468,0.747456,0.622309],[-0.00842478,-0.641361,0.767193]],[[-0.960908,-0.077576,-0.265778],[-0.261328,0.571209,0.778093],[-0.0914533,-0.817131,0.569152]],[[-0.960908,-0.077576,-0.265778],[-0.259716,0.585184,0.768185],[-0.0959362,-0.807181,0.582455]],[[-0.960908,-0.077576,-0.265778],[-0.275351,0.16742,0.946653],[0.0289412,-0.982829,0.182236]]],0],[821,[0.142132,0.161556,-0.976575],82,56.6882,[-101.962,162.017,-93.7899],[-107.87,163.708,-91.0432],[-17.8402,-2.53372,-2.26594],false,[-118.209,122.55,49.2288],[-111.84,149.257,-16.1591],[-115.163,158.181,-56.4637],[-111.851,161.945,-79.2172],[-106.543,163.757,-94.7027],[[[-0.220352,-0.895303,-0.387139],[-0.971277,0.237938,0.00257309],[-0.0898115,-0.376586,0.922018]],[[-0.234004,-0.953142,-0.191736],[-0.968919,0.21235,0.126897],[0.0802357,-0.215471,0.973208]],[[-0.234004,-0.953142,-0.191736],[-0.96179,0.255774,-0.0976672],[-0.142132,-0.161556,0.976575]],[[-0.234004,-0.953142,-0.191736],[-0.917269,0.281809,-0.281426],[-0.322272,-0.110019,0.940232]]],1],[822,[0.185861,0.0314557,-0.982072],82,64.5916,[-104.988,132.267,-107.264],[-109.528,132.848,-106.856],[-17.1921,-1.88074,-0.425211],false,[-122.339,112.642,44.1637],[-118.292,129.467,-20.8256],[-120.516,131.756,-67.1792],[-115.421,132.618,-94.0994],[-108.691,132.897,-110.915],[[[-0.061631,-0.965307,-0.25374],[-0.996283,0.0748255,-0.0426723],[-0.0601781,-0.250167,0.966331]],[[-0.0728688,-0.996294,-0.045702],[-0.996193,0.0705097,0.0512664],[0.047854,-0.0492637,0.997639]],[[-0.0728688,-0.996294,-0.045702],[-0.97987,0.0800567,-0.18288],[-0.185861,-0.0314557,0.982072]],[[-0.0728688,-0.996294,-0.045702],[-0.925565,0.0846229,-0.369009],[-0.371509,-0.0154109,0.928302]]],2],[823,[0.17743,-0.0654001,-0.981958],82,62.1066,[-110.236,102.728,-101.41],[-114.984,102.76,-101.251],[-16.2223,-2.3319,1.46397],false,[-123.883,101.53,40.3724],[-122.104,107.866,-19.6504],[-125.993,105.012,-62.4488],[-121.255,103.265,-88.6707],[-114.21,102.165,-105.21],[[[0.00546567,-0.994475,-0.104827],[-0.999551,-0.00234545,-0.0298656],[-0.0294547,-0.104943,0.994042]],[[0.000353816,-0.997785,0.0665181],[-0.995914,0.00565532,0.0901283],[0.0903048,0.0662782,0.993706]],[[0.000353816,-0.997785,0.0665181],[-0.984133,-0.0121497,-0.177014],[-0.17743,0.0654001,0.981958]],[[0.000353816,-0.997785,0.0665181],[-0.920318,-0.0263449,-0.390284],[-0.391172,0.0610797,0.918289]]],3],[824,[0.233188,-0.311223,-0.921284],82,48.6904,[-104.255,68.2286,-77.9286],[-111.84,66.5993,-77.0486],[-20.6606,4.17594,1.21345],false,[-119.042,88.7747,38.9226],[-121.203,87.4278,-16.9149],[-122.432,74.9997,-48.6294],[-118.036,69.1319,-65.9992],[-110.717,64.9762,-80.3255],[[[0.167099,-0.985788,0.0173122],[-0.985182,-0.166256,0.042133],[0.0386559,0.0240961,0.998962]],[[0.170333,-0.919682,0.353795],[-0.984726,-0.145723,0.0952897],[0.0360802,0.364622,0.930456]],[[0.170333,-0.919682,0.353795],[-0.957397,-0.239426,-0.161447],[-0.233188,0.311223,0.921284]],[[0.170333,-0.919682,0.353795],[-0.881458,-0.302703,-0.362495],[-0.440475,0.250111,0.862222]]],4]],[[0,200,0],[235.247,235.247,147.751]]]]}