{"metadata":{"formatVersion":2,"generatedBy":"LeapJS Playback 0.2.1","frames":1,"protocolVersion":6,"serviceVersion":"2.2.2+24469","frameRate":"62","modified":"Fri Feb 20 2015 19:37:06 GMT-0200 (E. South America Daylight Time)"},"frames":[["id","timestamp",{"hands":[["id","type","direction","palmNormal","palmPosition","palmVelocity","stabilizedPalmPosition","pinchStrength","grabStrength","confidence","armBasis","armWidth","elbow","wrist"]]},{"pointables":[["id","direction","handId","length","stabilizedTipPosition","tipPosition","tipVelocity","tool","carpPosition","mcpPosition","pipPosition","dipPosition","btipPosition","bases","type"]]},{"interactionBox":["center","size"]}],[111170,85747392081,[[58,"left",[0.0598106,0.122726,-0.990637],[-0.126933,-0.983422,-0.129496],[-151.679,119.282,13.2427],[6.90714,-4.95379,12.397],[-144.08,121.876,16.2523],0,0,0.296805,[[-0.930384,0.222842,-0.291078],[0.109168,0.926424,0.360308],[-0.349953,-0.303448,0.886257]],56.0408,[-243.775,46.0279,270.944],[-160.675,118.085,60.4923]],[59,"right",[-0.182844,-0.0559333,-0.98155],[0.168232,-0.985435,0.0248164],[147.025,123.282,11.7894],[-48.4389,-37.174,21.75],[145.501,126.909,6.93379],0,0,0.482077,[[0.959273,0.159593,-0.233078],[-0.161237,0.986841,0.0121115],[0.231943,0.0259625,0.972383]],63.72,[226.18,138.793,325.784],[163.555,131.783,63.2407]]],[[580,[0.865725,0.271905,-0.420224],58,45.8356,[-49.9052,127.467,37.8164],[-62.8731,126.772,23.8923],[-0.385954,-15.5023,-40.1022],false,[-137.236,105.028,63.3279],[-137.236,105.028,63.3279],[-104.262,115.084,36.1448],[-78.3018,123.237,23.5437],[-58.7404,129.64,23.6895],[[[-0.273213,0.957263,-0.0948809],[0.830256,0.284473,0.479323],[-0.485829,-0.0521817,0.872495]],[[-0.310807,0.95013,-0.0255294],[0.582453,0.21162,0.784834],[-0.751097,-0.229062,0.61918]],[[-0.310807,0.95013,-0.0255294],[0.392326,0.15271,0.907061],[-0.865725,-0.271905,0.420224]],[[-0.310807,0.95013,-0.0255294],[-0.01467,0.0220611,0.999649],[-0.95036,-0.311072,-0.00708172]]],0],[581,[0.191166,-0.267865,-0.944301],58,51.7203,[-108.698,105.206,-71.1579],[-114.24,104.692,-74.4491],[-28.4852,5.36605,-3.12611],false,[-141.514,124.041,55.9253],[-128.322,120.91,-7.34153],[-120.445,113.979,-43.6404],[-116.381,108.285,-63.7139],[-113.723,103.308,-77.6408],[[[-0.966008,0.152201,-0.208957],[0.158935,0.987164,-0.0157252],[-0.203881,0.0484014,0.977798]],[[-0.959731,0.150743,-0.23705],[0.188293,0.971409,-0.144604],[-0.208474,0.183416,0.960675]],[[-0.959731,0.150743,-0.23705],[0.205844,0.951591,-0.228261],[-0.191166,0.267865,0.944301]],[[-0.959731,0.150743,-0.23705],[0.21823,0.931429,-0.291232],[-0.176894,0.331236,0.926818]]],1],[582,[-0.0137995,-0.373473,-0.927538],58,58.9311,[-145.787,100.477,-83.5073],[-148.456,100.61,-83.8489],[-25.8192,-2.84409,12.365],false,[-151.519,127.125,53.1566],[-147.253,125.375,-8.02979],[-147.932,115.112,-49.1544],[-148.277,105.771,-72.3516],[-148.475,98.0563,-86.9663],[[[-0.997518,-0.0131917,-0.0691688],[-0.0111825,0.999507,-0.0293543],[-0.0695219,0.028508,0.997173]],[[-0.99976,-0.0106229,0.0191513],[-0.0149424,0.970188,-0.241892],[0.0160108,0.24212,0.970114]],[[-0.99976,-0.0106229,0.0191513],[-0.0170057,0.92758,-0.373237],[0.0137995,0.373473,0.927538]],[[-0.99976,-0.0106229,0.0191513],[-0.0183335,0.884297,-0.466564],[0.0119792,0.466803,0.88428]]],2],[583,[-0.223117,-0.40157,-0.888234],58,56.6639,[-182.721,101.507,-73.3292],[-184.067,102.23,-72.61],[-19.9955,2.88577,21.1479],false,[-162.202,127.754,51.6702],[-166.623,127.245,-3.24067],[-176.457,117.604,-40.0434],[-181.893,107.82,-61.6838],[-185.163,99.4324,-75.4306],[[[-0.993176,-0.084162,0.0807383],[-0.0846326,0.996409,-0.00241843],[0.0802449,0.00923502,0.996732]],[[-0.957486,-0.0806543,0.276976],[-0.143497,0.966072,-0.214741],[0.250259,0.245357,0.936574]],[[-0.957486,-0.0806543,0.276976],[-0.182865,0.91227,-0.366502],[0.223117,0.40157,0.888234]],[[-0.957486,-0.0806543,0.276976],[-0.208852,0.856124,-0.472687],[0.199002,0.510438,0.836571]]],3],[584,[-0.416495,-0.416651,-0.808043],58,44.4234,[-209.412,103.936,-48.0311],[-210.675,103.714,-46.2611],[-11.6735,4.80786,27.7795],false,[-173.508,122.432,52.4053],[-184.359,124.897,2.63711],[-199.474,117.041,-23.3803],[-206.639,109.874,-37.28],[-212.033,101.837,-48.9472],[[[-0.949485,-0.245998,0.194839],[-0.230653,0.968064,0.0982373],[0.212783,-0.0483347,0.975903]],[[-0.803827,-0.246462,0.541405],[-0.342958,0.935654,-0.0832565],[0.486048,0.252603,0.83663]],[[-0.803827,-0.246462,0.541405],[-0.424729,0.875019,-0.232265],[0.416495,0.416651,0.808043]],[[-0.803827,-0.246462,0.541405],[-0.476711,0.811293,-0.338453],[0.355822,0.530151,0.76963]]],4],[590,[-0.718736,-0.067778,-0.691972],59,52.1164,[62.0505,114.815,9.43699],[59.7361,112.056,10.3433],[-58.174,12.3025,16.4823],false,[138.384,116.754,72.2724],[138.384,116.754,72.2724],[100.847,114.273,39.4604],[76.3416,111.962,15.8672],[54.049,114.584,9.24203],[[[0.203629,0.935106,-0.290019],[-0.783435,0.333287,0.524547],[0.587167,0.120398,0.800462]],[[0.198221,0.93396,-0.297368],[-0.62869,0.353907,0.692458],[0.751969,0.0496928,0.657323]],[[0.198221,0.93396,-0.297368],[-0.666429,0.350892,0.657835],[0.718736,0.067778,0.691972]],[[0.198221,0.93396,-0.297368],[-0.231076,0.339365,0.911831],[0.952529,-0.112029,0.283085]]],0],[591,[-0.221867,-0.309542,-0.92464],59,58.8075,[95.8417,106.202,-84.5699],[98.9655,100.587,-82.99],[-9.67261,-37.7895,0.902754],false,[140.95,136.719,59.755],[117.839,119.991,-8.05762],[106.642,113.966,-49.0952],[101.28,106.484,-71.4441],[98.1214,98.9408,-86.4456],[[[0.92419,0.148919,-0.351703],[-0.217234,0.962353,-0.163356],[0.314136,0.227374,0.921748]],[[0.945005,0.165427,-0.282134],[-0.197586,0.976198,-0.0894255],[0.260625,0.140253,0.955198]],[[0.945005,0.165427,-0.282134],[-0.240292,0.936386,-0.255816],[0.221867,0.309542,0.92464]],[[0.945005,0.165427,-0.282134],[-0.269808,0.881883,-0.386634],[0.18485,0.441493,0.878017]]],1],[592,[-0.131795,-0.324876,-0.936529],59,67.0064,[127.487,105.011,-100.681],[126.924,102.711,-99.1084],[-21.0516,-33.6308,17.5546],false,[151.653,140.037,54.6499],[138.789,125.65,-12.3957],[131.979,117.863,-59.4728],[128.231,108.625,-86.1043],[125.951,100.15,-102.721],[[[0.981536,0.0120147,-0.190902],[-0.0509119,0.978434,-0.200188],[0.18438,0.20621,0.960979]],[[0.98896,0.0214615,-0.146618],[-0.0446495,0.986629,-0.156747],[0.141294,0.161563,0.976695]],[[0.98896,0.0214615,-0.146618],[-0.067732,0.945513,-0.31846],[0.131795,0.324875,0.936529]],[[0.98896,0.0214615,-0.146618],[-0.0850962,0.892287,-0.443376],[0.12131,0.450958,0.884263]]],2],[593,[-0.0246286,-0.509912,-0.859874],59,64.4285,[154.479,100.924,-94.0062],[159.52,97.8557,-88.2223],[-8.67804,-11.1916,24.9498],false,[163.455,140.896,51.3476],[161.138,129.521,-10.2074],[160.38,121.39,-54.1344],[159.698,107.265,-77.9546],[159.163,93.6449,-90.7339],[[[0.998997,-0.0315636,-0.0317676],[0.0252481,0.982867,-0.182579],[0.0369862,0.181594,0.982678]],[[0.999537,-0.027919,-0.0120727],[0.0252517,0.982906,-0.18237],[0.0169579,0.181981,0.983156]],[[0.999537,-0.027919,-0.0120727],[0.0178508,0.859773,-0.510364],[0.0246286,0.509912,0.859874]],[[0.999537,-0.027919,-0.0120727],[0.0102954,0.684001,-0.729408],[0.0286221,0.728946,0.683972]]],3],[594,[0.125627,-0.40171,-0.907109],59,50.5107,[187.335,106.621,-74.6359],[191.668,109.666,-68.3547],[-9.18732,30.7951,27.4014],false,[176.651,135.57,51.5764],[182.071,128.823,-5.75933],[188.908,125.838,-40.3226],[191.365,117.981,-58.0646],[192.399,107.149,-71.4328],[[[0.978567,-0.172295,0.112787],[0.183489,0.978149,-0.0977582],[-0.0934794,0.116358,0.988798]],[[0.965519,-0.160646,0.204858],[0.174325,0.983395,-0.0504526],[-0.193351,0.0844248,0.977491]],[[0.965519,-0.160646,0.204858],[0.228017,0.901566,-0.367677],[-0.125627,0.40171,0.907109]],[[0.965519,-0.160646,0.204858],[0.253326,0.761113,-0.597104],[-0.0599977,0.628411,0.775564]]],4]],[[0,200,0],[235.247,235.247,147.751]]]]}