{"metadata":{"formatVersion":2,"generatedBy":"LeapJS Playback 0.2.1","frames":1,"protocolVersion":6,"serviceVersion":"2.2.3+25971","frameRate":"1.0e+2","modified":"Sat Feb 21 2015 10:56:53 GMT-0200 (E. South America Daylight Time)"},"frames":[["id","timestamp",{"hands":[["id","type","direction","palmNormal","palmPosition","palmVelocity","stabilizedPalmPosition","pinchStrength","grabStrength","confidence","armBasis","armWidth","elbow","wrist"]]},{"pointables":[["id","direction","handId","length","stabilizedTipPosition","tipPosition","tipVelocity","tool","carpPosition","mcpPosition","pipPosition","dipPosition","btipPosition","bases","type"]]},{"interactionBox":["center","size"]}],[106281,8057502584,[[16,"left",[-0.238495,-0.153951,-0.958864],[-0.0436902,0.988056,-0.147771],[-23.9683,110.487,50.8603],[-1.6398,-0.903335,1.17568],[-24.5424,114.792,48.0865],0,0,1,[[0.939482,-0.150025,0.308005],[-0.0624977,-0.958986,-0.276477],[-0.336851,-0.240495,0.910326]],61.8453,[-92.3815,51.4392,338.499],[-4.10755,114.463,99.942]]],[[160,[-0.907585,0.151155,-0.391716],16,50.5831,[-119.313,139.604,69.5986],[-118.578,138.64,71.7865],[-0.786908,2.93408,3.23167],false,[-30.6171,125.147,108.284],[-30.6171,125.147,108.284],[-70.9889,135.742,83.6839],[-101.023,140.744,70.721],[-123.634,138.762,71.6152],[[[0.38293,-0.911109,-0.152465],[-0.668164,-0.387143,0.635355],[0.637904,0.141425,0.757019]],[[0.0582797,-0.878567,-0.474051],[-0.549765,-0.42461,0.71935],[0.833283,-0.218693,0.507752]],[[0.0582797,-0.878567,-0.474051],[-0.415804,-0.45307,0.788565],[0.907585,-0.151155,0.391716]],[[0.0582797,-0.878567,-0.474051],[0.0759532,-0.469579,0.879617],[0.995407,0.0872695,-0.039363]]],0],[161,[-0.270765,0.14772,-0.951244],16,57.0774,[-73.5061,111.92,-44.2924],[-74.3515,110.043,-40.3514],[-5.96303,7.99305,2.92361],false,[-24.6704,104.849,99.2326],[-53.2381,104.519,33.792],[-64.783,103.13,-6.2523],[-71.135,106.596,-28.5678],[-75.4353,111.414,-43.8413],[[[0.916344,-0.0192927,-0.399927],[-0.0158328,-0.999803,0.0119536],[0.400079,0.00462161,0.916469]],[[0.96087,-0.0185207,-0.276381],[-0.0085829,-0.999274,0.0371233],[0.276867,0.0332985,0.960331]],[[0.96087,-0.0185207,-0.276381],[-0.0584446,-0.988856,-0.136925],[0.270765,-0.14772,0.951244]],[[0.96087,-0.0185207,-0.276381],[-0.0973723,-0.956668,-0.274419],[0.259322,-0.290592,0.921036]]],1],[162,[-0.173145,0.169535,-0.970195],16,65.0351,[-46.2986,112.737,-59.8345],[-47.02,110.688,-57.0561],[-0.720926,4.82686,0.703011],false,[-14.0919,102.966,94.0003],[-32.4341,102.573,28.8176],[-39.2012,101.067,-17.4482],[-43.98,105.746,-44.2254],[-47.4639,111.74,-61.0954],[[[0.951154,0.152236,-0.26857],[0.148101,-0.988327,-0.0357129],[0.270872,0.00580718,0.962598]],[[0.977287,0.151791,-0.147886],[0.154876,-0.987888,0.00950728],[0.144652,0.0321954,0.988959]],[[0.977287,0.151791,-0.147886],[0.122195,-0.973765,-0.191966],[0.173145,-0.169535,0.970195]],[[0.977287,0.151791,-0.147886],[0.0917925,-0.932172,-0.350185],[0.191011,-0.328656,0.924932]]],2],[163,[-0.0998542,0.309676,-0.945585],16,62.533,[-14.0596,118.392,-55.0419],[-15.6318,116.114,-49.9594],[-2.90454,2.5918,3.9875],false,[-2.89256,103.904,90.016],[-10.362,103.678,29.6799],[-10.5964,99.0948,-13.4418],[-13.2812,107.421,-38.8657],[-16.277,118.581,-52.8422],[[[0.966759,0.225499,-0.120527],[0.224238,-0.974236,-0.024106],[0.122858,0.00372206,0.992417]],[[0.973946,0.224894,-0.0291973],[0.226717,-0.968635,0.101715],[0.00540645,0.105684,0.994385]],[[0.973946,0.224894,-0.0291973],[0.203614,-0.923864,-0.324064],[0.0998542,-0.309676,0.945585]],[[0.973946,0.224894,-0.0291973],[0.155362,-0.755463,-0.636505],[0.165203,-0.615385,0.77072]]],3],[164,[-0.00638751,0.347329,-0.937722],16,49.0247,[15.6168,126.287,-32.8383],[13.4829,122.553,-29.4684],[-4.02829,-0.520531,2.61612],false,[8.52186,111.498,88.3257],[9.5359,109.164,32.104],[15.3284,107.368,-1.67482],[15.2071,113.962,-19.4759],[12.6906,124.465,-32.2517],[[[0.924052,0.382266,0.000795218],[0.381842,-0.923121,0.0452141],[-0.0180179,0.0414766,0.998977]],[[0.913089,0.384361,0.136146],[0.371188,-0.921699,0.112651],[-0.168784,0.052325,0.984263]],[[0.913089,0.384361,0.136146],[0.407711,-0.855354,-0.319597],[0.00638751,-0.347329,0.937722]],[[0.913089,0.384361,0.136146],[0.379,-0.676808,-0.631103],[0.150426,-0.627852,0.763658]]],4]],[[0,200,0],[235.247,235.247,147.751]]]]}