{"metadata":{"formatVersion":2,"generatedBy":"LeapJS Playback 0.2.1","frames":1,"protocolVersion":6,"serviceVersion":"2.2.3+25971","frameRate":"1.1e+2","modified":"Sat Feb 21 2015 10:57:47 GMT-0200 (E. South America Daylight Time)"},"frames":[["id","timestamp",{"hands":[["id","type","direction","palmNormal","palmPosition","palmVelocity","stabilizedPalmPosition","pinchStrength","grabStrength","confidence","armBasis","armWidth","elbow","wrist"]]},{"pointables":[["id","direction","handId","length","stabilizedTipPosition","tipPosition","tipVelocity","tool","carpPosition","mcpPosition","pipPosition","dipPosition","btipPosition","bases","type"]]},{"interactionBox":["center","size"]}],[108565,8120875054,[[17,"right",[-0.0881075,0.913494,-0.397198],[-0.195742,-0.406852,-0.892276],[41.4303,113.177,73.2586],[7.27275,-0.80139,3.02102],[35.866,123.072,61.7133],0,0,1,[[0.868171,0.03385,-0.495109],[0.0228617,0.993884,0.108038],[0.495738,-0.105115,0.862087]],61.8453,[184.006,39.4663,322.145],[54.0948,67.0124,96.2294]]],[[170,[-0.483089,0.783507,-0.390822],17,50.5831,[-39.2183,138.281,59.1485],[-33.9268,133.777,68.5688],[4.42994,-0.775827,-1.60169],false,[25.3113,59.6897,94.135],[25.3113,59.6897,94.135],[-6.83428,94.8388,85.2747],[-22.8209,120.767,72.3414],[-37.4377,137.487,67.5686],[[[0.550902,0.542501,0.634192],[-0.66411,-0.175253,0.726805],[0.505436,-0.821571,0.263733]],[[0.503515,0.61377,0.608078],[-0.553399,-0.311373,0.772526],[0.663492,-0.725488,0.182879]],[[0.503515,0.61377,0.608078],[-0.716308,-0.096971,0.691013],[0.483089,-0.783507,0.390822]],[[0.503515,0.61377,0.608078],[-0.576543,-0.285492,0.765567],[0.643484,-0.736057,0.210115]]],0],[171,[-0.289251,0.837029,-0.464453],17,57.0774,[-7.74001,210.866,40.445],[-4.31652,204.435,42.4595],[4.51562,-7.4669,-12.8417],false,[35.7566,76.905,105.263],[15.9698,136.176,70.7069],[6.05651,175.503,61.0173],[-0.72912,195.139,50.1216],[-6.0071,206.709,39.479],[[[0.948031,0.154233,-0.278299],[0.156366,0.535914,0.829666],[0.277106,-0.830066,0.483946]],[[0.943514,0.167384,-0.285943],[0.230784,0.287227,0.929645],[0.237738,-0.943124,0.232373]],[[0.943514,0.167384,-0.285943],[0.1616,0.520928,0.838164],[0.289251,-0.837029,0.464453]],[[0.943514,0.167384,-0.285943],[0.0920868,0.696534,0.71159],[0.318278,-0.697727,0.641776]]],1],[172,[-0.0387837,0.873404,-0.48545],17,65.0351,[33.7593,224.175,34.5043],[37.2363,217.185,33.9722],[4.65789,-9.50706,-14.9692],false,[47.0646,80.0884,103.067],[37.2484,137.146,67.9463],[39.4055,182.298,55.8957],[38.335,206.404,42.4974],[36.2896,219.941,30.4462],[[[0.936112,-0.0529654,-0.347691],[0.320437,0.535919,0.781096],[0.144963,-0.842606,0.518653]],[[0.945141,-0.12563,-0.301538],[0.323392,0.229553,0.918],[-0.0461093,-0.965154,0.257588]],[[0.945141,-0.12563,-0.301538],[0.324352,0.470513,0.820617],[0.0387837,-0.873404,0.48545]],[[0.945141,-0.12563,-0.301538],[0.306808,0.658304,0.68739],[0.112147,-0.742195,0.660735]]],2],[173,[0.0691974,0.863426,-0.499707],17,62.533,[65.3495,214.345,32.2573],[68.118,206.346,32.5742],[5.26806,-9.06423,-7.52955],false,[58.3363,80.5992,99.2112],[58.5174,131.445,65.8799],[66.1183,172.726,54.9892],[67.9788,195.941,41.5535],[67.422,209.084,29.0708],[[[0.920404,-0.216633,-0.325463],[0.390957,0.503632,0.770394],[-0.00297889,-0.836316,0.548239]],[[0.919572,-0.249412,-0.303612],[0.351661,0.177725,0.919102],[-0.175276,-0.951949,0.25114]],[[0.919572,-0.249412,-0.303612],[0.38678,0.438508,0.811241],[-0.0691974,-0.863426,0.499707]],[[0.919572,-0.249412,-0.303612],[0.391719,0.64231,0.658783],[0.0307043,-0.724729,0.68835]]],3],[174,[0.287316,0.814158,-0.504575],17,49.0247,[95.0259,187.731,29.9951],[98.9136,177.179,34.6406],[3.14708,-11.0814,-11.9945],false,[68.3815,75.5835,91.1644],[76.7099,122.525,61.2568],[91.0854,152.426,52.4769],[96.5397,167.881,42.8983],[99.0278,179.685,31.3062],[[[0.836539,-0.392188,-0.382611],[0.527545,0.387928,0.755783],[-0.147984,-0.834086,0.531414]],[[0.814086,-0.485134,-0.319231],[0.402246,0.0745518,0.912491],[-0.418881,-0.871256,0.255835]],[[0.814086,-0.485134,-0.319231],[0.504691,0.319048,0.802182],[-0.287316,-0.814158,0.504575]],[[0.814086,-0.485134,-0.319231],[0.561377,0.516606,0.646509],[-0.148727,-0.705523,0.692905]]],4]],[[0,200,0],[235.247,235.247,147.751]]]]}