{"metadata":{"formatVersion":2,"generatedBy":"LeapJS Playback 0.2.1","frames":1,"protocolVersion":6,"serviceVersion":"2.2.3+25971","frameRate":"1.1e+2","modified":"Sat Feb 21 2015 10:57:26 GMT-0200 (E. South America Daylight Time)"},"frames":[["id","timestamp",{"hands":[["id","type","direction","palmNormal","palmPosition","palmVelocity","stabilizedPalmPosition","pinchStrength","grabStrength","confidence","armBasis","armWidth","elbow","wrist"]]},{"pointables":[["id","direction","handId","length","stabilizedTipPosition","tipPosition","tipVelocity","tool","carpPosition","mcpPosition","pipPosition","dipPosition","btipPosition","bases","type"]]},{"interactionBox":["center","size"]}],[108527,8120545543,[[17,"right",[-0.105357,0.917762,-0.382899],[-0.178268,-0.396236,-0.900676],[38.6671,113.186,70.9009],[4.71783,-0.275798,4.68366],[35.7025,123.453,61.3059],0,0,1,[[0.867171,0.061555,-0.494192],[-0.00169486,0.992691,0.120672],[0.498008,-0.103806,0.860937]],61.8453,[182.681,39.7399,318.84],[52.1746,66.943,93.2263]]],[[170,[-0.508861,0.783848,-0.355868],17,50.5831,[-39.61,138.711,58.3146],[-36.7236,132.733,65.865],[6.22517,3.81046,9.56622],false,[23.5862,59.0044,90.7389],[23.5862,59.0044,90.7389],[-8.34011,94.3228,81.7595],[-25.1796,120.262,69.983],[-40.0581,136.871,65.654],[[[0.532565,0.544206,0.648239],[-0.666509,-0.202402,0.717495],[0.52167,-0.81417,0.254926]],[[0.491757,0.603988,0.627195],[-0.569154,-0.322161,0.75649],[0.658968,-0.72898,0.185337]],[[0.491757,0.603988,0.627195],[-0.706566,-0.144155,0.692809],[0.508861,-0.783848,0.355868]],[[0.491757,0.603988,0.627195],[-0.573707,-0.317101,0.755187],[0.655008,-0.731195,0.190576]]],0],[171,[-0.272199,0.872934,-0.404838],17,57.0774,[-8.0929,212.187,39.7614],[-6.66585,205.678,43.2349],[1.80041,-4.00086,0.162866],false,[33.5336,76.2643,102.248],[12.7118,135.639,68.4877],[3.17018,175.409,60.3592],[-3.21542,195.888,50.862],[-8.16783,208.549,41.3673],[[[0.946747,0.180349,-0.266728],[0.136523,0.525397,0.839833],[0.291602,-0.831524,0.472796]],[[0.948975,0.173911,-0.263063],[0.216995,0.245184,0.94488],[0.228824,-0.95375,0.194936]],[[0.948975,0.173911,-0.263063],[0.159231,0.455786,0.875731],[0.272199,-0.872934,0.404838]],[[0.948975,0.173911,-0.263063],[0.101283,0.621909,0.776512],[0.298645,-0.763534,0.572561]]],1],[172,[-0.0216439,0.91005,-0.413934],17,65.0351,[33.4594,225.354,34.1467],[34.7803,219.431,36.6451],[4.82225,-3.84019,-1.96098],false,[44.7854,79.7399,100.212],[33.9868,137.138,65.9451],[36.2298,182.827,56.1412],[35.6324,207.944,44.7167],[34.1134,222.728,34.1433],[[[0.940201,-0.0258783,-0.339636],[0.300985,0.52994,0.792825],[0.15947,-0.84764,0.506039]],[[0.951287,-0.108617,-0.288541],[0.304556,0.185522,0.934252],[-0.0479454,-0.976619,0.209565]],[[0.951287,-0.108617,-0.288541],[0.307547,0.400015,0.863367],[0.0216439,-0.91005,0.413934]],[[0.951287,-0.108617,-0.288541],[0.296845,0.575499,0.762026],[0.0832854,-0.810557,0.579707]]],2],[173,[0.0927339,0.895802,-0.434672],17,62.533,[65.2248,215.099,32.104],[66.1786,208.883,34.7614],[0.420812,-5.40694,-6.00496],false,[56.077,80.5709,96.4718],[55.3985,131.957,63.9865],[63.1307,173.606,54.7083],[65.624,197.692,43.0213],[65.8172,212.038,31.931],[[[0.928038,-0.190208,-0.32026],[0.372319,0.499446,0.782261],[0.0111601,-0.845207,0.534323]],[[0.927229,-0.236775,-0.290145],[0.329323,0.146651,0.932759],[-0.178304,-0.960433,0.213954]],[[0.927229,-0.236775,-0.290145],[0.362831,0.376135,0.85257],[-0.0927339,-0.895802,0.434672]],[[0.927229,-0.236775,-0.290145],[0.374343,0.563972,0.736073],[-0.0106503,-0.791122,0.611566]]],3],[174,[0.31286,0.848227,-0.427352],17,49.0247,[94.7717,188.626,29.5056],[97.0129,179.934,36.5164],[1.05781,-5.70761,-6.31391],false,[66.307,75.9198,88.4388],[73.8315,123.531,59.3895],[88.1769,153.892,52.3021],[94.116,169.994,44.1895],[97.4745,182.879,34.0616],[[[0.848732,-0.366644,-0.381086],[0.511644,0.387134,0.767038],[-0.133699,-0.84599,0.516164]],[[0.826805,-0.464663,-0.316989],[0.376387,0.038245,0.925673],[-0.418003,-0.884661,0.206515]],[[0.826805,-0.464663,-0.316989],[0.467453,0.254164,0.846693],[-0.31286,-0.848227,0.427352]],[[0.826805,-0.464663,-0.316989],[0.525446,0.436902,0.730085],[-0.20075,-0.770198,0.605388]]],4]],[[0,200,0],[235.247,235.247,147.751]]]]}