{"metadata":{"formatVersion":2,"generatedBy":"LeapJS Playback 0.2.1","frames":1,"protocolVersion":6,"serviceVersion":"2.2.3+25971","frameRate":"1.0e+2","modified":"Sat Feb 21 2015 10:56:18 GMT-0200 (E. South America Daylight Time)"},"frames":[["id","timestamp",{"hands":[["id","type","direction","palmNormal","palmPosition","palmVelocity","stabilizedPalmPosition","pinchStrength","grabStrength","confidence","armBasis","armWidth","elbow","wrist"]]},{"pointables":[["id","direction","handId","length","stabilizedTipPosition","tipPosition","tipVelocity","tool","carpPosition","mcpPosition","pipPosition","dipPosition","btipPosition","bases","type"]]},{"interactionBox":["center","size"]}],[106214,8056861189,[[16,"left",[-0.216846,-0.194476,-0.956638],[-0.00200814,0.980042,-0.198779],[-25.9714,117.122,47.0155],[22.657,-29.224,13.5381],[-26.7484,120.261,45.2143],0,0,1,[[0.925633,-0.208755,0.315635],[-0.107421,-0.944716,-0.309795],[-0.362856,-0.25285,0.896885]],61.8453,[-102.464,56.6396,331.447],[-7.37534,122.901,96.4124]]],[[160,[-0.923227,0.110018,-0.368168],16,50.5831,[-122.943,147.62,67.813],[-122.711,144.013,68.8386],[16.7927,-71.4714,25.6626],false,[-33.6871,134.959,103.397],[-33.6871,134.959,103.397],[-74.6637,143.487,78.9942],[-105.216,147.128,66.8106],[-127.662,144.65,69.2553],[[[0.352304,-0.931097,-0.094552],[-0.700117,-0.329247,0.633586],[0.621061,0.157018,0.767873]],[[0.0556136,-0.90979,-0.411325],[-0.530646,-0.375897,0.759682],[0.845767,-0.17602,0.503682]],[[0.0556136,-0.90979,-0.411325],[-0.380209,-0.400222,0.833825],[0.923227,-0.110018,0.368168]],[[0.0556136,-0.90979,-0.411325],[0.142779,-0.400482,0.905112],[0.988191,0.109065,-0.107627]]],0],[161,[-0.25177,0.0979851,-0.962814],16,57.0774,[-75.567,117.209,-46.8471],[-75.5644,115.009,-45.1915],[19.2555,-39.5024,18.4404],false,[-28.2593,114.018,95.5675],[-54.9501,111.349,29.3922],[-65.8976,109.223,-10.7873],[-71.804,111.522,-33.3743],[-75.7681,115.105,-49.0726],[[[0.925936,-0.0732516,-0.370508],[-0.0540384,-0.996613,0.0619888],[0.373794,0.037376,0.926759]],[[0.963483,-0.0683455,-0.2589],[-0.0526587,-0.996359,0.0670561],[0.262541,0.050974,0.963574]],[[0.963483,-0.0683455,-0.2589],[-0.0911724,-0.992838,-0.0771997],[0.25177,-0.0979851,0.962814]],[[0.963483,-0.0683455,-0.2589],[-0.120645,-0.973979,-0.191859],[0.239051,-0.216088,0.946658]]],1],[162,[-0.164125,0.16449,-0.972628],16,65.0351,[-47.5503,118.967,-62.5603],[-48.2253,117.09,-60.8906],[13.5375,-30.9095,16.1885],false,[-17.6154,111.484,90.7598],[-34.1019,108.393,25.1547],[-40.9084,107.069,-21.1109],[-45.4382,111.609,-47.9552],[-48.6226,117.346,-64.9731],[[[0.963479,0.10345,-0.246995],[0.1115,-0.993587,0.0187894],[0.243468,0.0456431,0.968834]],[[0.983166,0.107537,-0.147717],[0.11053,-0.993798,0.0121784],[0.145491,0.0283005,0.988955]],[[0.983166,0.107537,-0.147717],[0.0802955,-0.980499,-0.179371],[0.164125,-0.16449,0.972628]],[[0.983166,0.107537,-0.147717],[0.0538721,-0.943129,-0.328033],[0.174592,-0.314553,0.933046]]],2],[163,[-0.0549915,0.229587,-0.971733],16,62.533,[-14.0763,120.512,-56.4202],[-15.2571,120.748,-55.296],[9.11898,-15.3205,13.2657],false,[-6.28006,111.807,87.0741],[-12.0372,108.737,26.6281],[-12.3139,107.577,-16.7206],[-13.7924,113.75,-42.8476],[-15.4475,121.437,-59.1884],[[[0.97764,0.183644,-0.10244],[0.187755,-0.981695,0.0319695],[0.094694,0.0504883,0.994225]],[[0.982203,0.187485,-0.0112877],[0.187716,-0.981903,0.0250853],[0.00638036,0.0267577,0.999622]],[[0.982203,0.187485,-0.0112877],[0.179594,-0.95506,-0.235811],[0.0549915,-0.229587,0.971733]],[[0.982203,0.187485,-0.0112877],[0.164158,-0.886092,-0.433466],[0.0912702,-0.423898,0.901099]]],3],[164,[0.0714967,0.316675,-0.945836],16,49.0247,[15.9069,127.954,-33.9783],[15.6235,129.065,-33.2175],[2.61578,-6.41031,8.32421],false,[5.45728,118.883,85.3486],[7.97743,113.613,29.3733],[14.1149,115.759,-4.32411],[15.4721,121.77,-22.2793],[15.2046,130.099,-36.7861],[[[0.937478,0.347916,0.00945446],[0.345152,-0.932838,0.103358],[-0.0447795,0.0936328,0.994599]],[[0.913889,0.359117,0.189318],[0.364451,-0.931196,0.00708166],[-0.178835,-0.0625253,0.98189]],[[0.913889,0.359117,0.189318],[0.399618,-0.877925,-0.263731],[-0.0714967,-0.316675,0.945836]],[[0.913889,0.359117,0.189318],[0.405649,-0.789437,-0.460694],[0.0159886,-0.49782,0.867133]]],4]],[[0,200,0],[235.247,235.247,147.751]]]]}