{"metadata":{"formatVersion":2,"generatedBy":"LeapJS Playback 0.2.1","frames":109,"frameRate":"1.1e+2","modified":"Fri Mar 13 2015 20:01:37 GMT-0300 (E. South America Standard Time)","title":"nome"},"frames":[["id","timestamp",{"hands":[["id","type","direction","palmNormal","palmPosition","palmVelocity","stabilizedPalmPosition","pinchStrength","grabStrength","confidence","armBasis","armWidth","elbow","wrist"]]},{"pointables":[["id","direction","handId","length","stabilizedTipPosition","tipPosition","tipVelocity","tool","carpPosition","mcpPosition","pipPosition","dipPosition","btipPosition","bases","type"]]},{"interactionBox":["center","size"]}],[46404,99627480679,[[125,"right",[0.344319,0.628839,-0.697142],[0.0191195,-0.747089,-0.664449],[-89.3035,141.089,19.5476],[-148.003,18.375,-53.8347],[-87.5181,140.92,20.112],0.989749,0,0.550255,[[0.920034,-0.239019,0.310495],[0.0497892,0.857295,0.512412],[-0.388662,-0.455977,0.800641]],61.7915,[-202.238,-9.69124,270.458],[-100.475,109.697,60.8278]]],[[1250,[0.668478,0.0613913,-0.741194],125,50.5391,[-67.9503,118.243,-29.7742],[-73.5359,120.997,-30.4659],[-120.454,17.4278,-44.0876],false,[-127.367,105.742,48.7386],[-127.367,105.742,48.7386],[-107.25,118.25,6.52391],[-85.1481,120.28,-17.9827],[-68.4716,120.153,-33.376],[[[0.4278,0.704226,0.566616],[-0.898352,0.26209,0.352522],[0.0997505,-0.65983,0.744765]],[[0.4046,0.806195,0.431681],[-0.814613,0.532241,-0.23049],[-0.415578,-0.258396,0.872081]],[[0.4046,0.806195,0.431681],[-0.624049,0.588456,-0.514085],[-0.668478,-0.0613913,0.741194]],[[0.4046,0.806195,0.431681],[-0.544396,0.591623,-0.594655],[-0.734801,0.00559203,0.67826]]],0],[1251,[0.227679,0.241132,-0.943407],125,57.0277,[-85.8485,183.061,-75.575],[-87.1678,182.324,-75.9135],[-102.325,25.8054,-42.4924],false,[-116.815,124.748,56.2096],[-103.784,163.131,-2.49966],[-94.1806,174.595,-41.3849],[-88.844,180.247,-63.4973],[-85.1088,183.83,-79.2366],[[[0.983144,-0.106811,0.148386],[0.00806452,0.836147,0.548445],[-0.182653,-0.538004,0.822915]],[[0.970125,-0.139533,0.198463],[0.0756186,0.951212,0.299127],[-0.230519,-0.275183,0.933346]],[[0.970125,-0.139533,0.198463],[0.0837803,0.960409,0.265697],[-0.227679,-0.241132,0.943407]],[[0.970125,-0.139533,0.198463],[0.0896338,0.966318,0.241238],[-0.225439,-0.216242,0.949956]]],1],[1252,[0.0665278,0.297562,-0.952382],125,64.9785,[-77.5669,187.609,-79.1514],[-77.0277,185.918,-79.4625],[-172.601,103.311,-32.8656],false,[-105.085,125.174,58.3976],[-83.7402,160.162,4.56776],[-80.3069,175.575,-39.4258],[-78.4723,183.78,-65.6884],[-77.3525,188.773,-83.1786],[[[0.933552,-0.319483,0.162515],[0.170149,0.794038,0.58357],[-0.315484,-0.517141,0.795635]],[[0.977452,-0.211147,0.00230808],[0.197972,0.920154,0.337821],[-0.0734538,-0.329747,0.941208]],[[0.977452,-0.211147,0.00230808],[0.200406,0.93106,0.3049],[-0.0665278,-0.297562,0.952382]],[[0.977452,-0.211147,0.00230808],[0.202021,0.938273,0.28077],[-0.0614495,-0.273973,0.959772]]],2],[1253,[-0.0291975,-0.475345,-0.879315],125,62.4785,[-63.0068,120.855,-61.8945],[-62.5398,122.353,-62.4108],[-139.062,8.29823,-40.7394],false,[-93.6181,122.491,60.2007],[-66.0008,151.662,14.6353],[-60.9843,142.006,-27.3036],[-61.7687,129.237,-50.9251],[-63.822,118.301,-65.2245],[[[0.86145,-0.451045,0.23337],[0.226268,0.752293,0.618755],[-0.45465,-0.480223,0.75012]],[[0.878164,-0.432401,0.204591],[0.464137,0.87371,-0.145633],[-0.115781,0.222848,0.967953]],[[0.878164,-0.432401,0.204591],[0.477468,0.766209,-0.430056],[0.0291975,0.475345,0.879315]],[[0.878164,-0.432401,0.204591],[0.464742,0.669872,-0.579039],[0.113327,0.603573,0.789213]]],3],[1254,[-0.0902154,-0.465446,-0.880467],125,48.982,[-50.4016,114.49,-37.2683],[-49.6121,115.489,-37.5993],[-145.733,20.931,-41.5137],false,[-83.4436,113.167,60.0693],[-51.0561,139.523,22.4096],[-46.3625,130.522,-10.3425],[-48.0736,121.694,-27.0422],[-51.6594,112.335,-40.4191],[[[0.753733,-0.621653,0.213154],[0.316439,0.627579,0.711345],[-0.575981,-0.468713,0.669742]],[[0.689226,-0.667347,0.282162],[0.711499,0.696956,-0.0895677],[-0.136882,0.262491,0.955176]],[[0.689226,-0.667347,0.282162],[0.718908,0.581385,-0.381002],[0.0902154,0.465446,0.880467]],[[0.689226,-0.667347,0.282162],[0.692059,0.491047,-0.529082],[0.214526,0.55993,0.800286]]],4]],[[0,200,0],[235.247,235.247,147.751]]],[46405,99627489462,[[125,"right",[0.342219,0.624245,-0.702285],[0.0191045,-0.751881,-0.659021],[-90.6648,141.228,19.419],[-149.883,17.6961,-43.2956],[-88.7808,141.043,19.8339],0.992274,0,0.556648,[[0.921972,-0.234467,0.30821],[0.046665,0.857345,0.512623],[-0.384435,-0.458242,0.801389]],61.7915,[-202.377,-9.85953,270.772],[-101.721,110.121,60.9456]]],[[1250,[0.668127,0.05571,-0.741958],125,50.5391,[-68.7496,118.477,-29.7819],[-74.8981,120.733,-30.445],[-130.78,5.05704,-32.0472],false,[-128.627,106.039,48.931],[-128.627,106.039,48.931],[-108.607,118.251,6.58415],[-86.5158,120.093,-17.9477],[-69.875,119.883,-33.3787],[[[0.427713,0.70896,0.560747],[-0.898144,0.263338,0.352122],[0.101974,-0.654239,0.749381]],[[0.404044,0.810187,0.424671],[-0.815897,0.529103,-0.233155],[-0.413594,-0.252283,0.87481]],[[0.404044,0.810187,0.424671],[-0.624784,0.583518,-0.518799],[-0.668127,-0.05571,0.741959]],[[0.404044,0.810187,0.424671],[-0.546922,0.586098,-0.597801],[-0.733229,0.00927586,0.679918]]],0],[1251,[0.234848,0.23041,-0.944329],125,57.0277,[-86.6859,182.274,-75.9034],[-88.1314,181.643,-76.2379],[-101.433,-7.90692,-41.6686],false,[-118.091,125.114,56.2454],[-105.215,163.087,-2.76375],[-95.3087,174.11,-41.7008],[-89.8041,179.511,-63.8348],[-85.9514,182.915,-79.5855],[[[0.983549,-0.10429,0.147497],[0.00775326,0.840132,0.542326],[-0.180476,-0.532261,0.82712]],[[0.968167,-0.141997,0.20613],[0.0781733,0.953855,0.289913],[-0.237785,-0.26457,0.934591]],[[0.968167,-0.141997,0.20613],[0.0865974,0.962678,0.256423],[-0.234848,-0.23041,0.944329]],[[0.968167,-0.141997,0.20613],[0.0926377,0.968311,0.231933],[-0.232532,-0.205454,0.950641]]],1],[1252,[0.0638068,0.298622,-0.952236],125,64.9785,[-79.2213,187.713,-79.425],[-78.7431,185.992,-79.7571],[-177.194,78.3528,-32.5461],false,[-106.357,125.573,58.4105],[-85.1548,160.199,4.2912],[-81.8625,175.613,-39.713],[-80.103,183.848,-65.9716],[-79.029,188.873,-83.4554],[[[0.934294,-0.316925,0.163259],[0.169958,0.798516,0.577482],[-0.313384,-0.511791,0.799913]],[[0.97806,-0.208322,0.000207144],[0.196054,0.920794,0.337196],[-0.0704362,-0.329757,0.941434]],[[0.97806,-0.208322,0.000207144],[0.19831,0.931357,0.305363],[-0.0638068,-0.298622,0.952236]],[[0.97806,-0.208322,0.000207144],[0.199812,0.938384,0.281976],[-0.0589363,-0.275748,0.959421]]],2],[1253,[-0.0304603,-0.482493,-0.87537],125,62.4785,[-64.516,120.452,-61.928],[-64.0558,121.86,-62.4147],[-147.464,-7.77079,-29.7736],false,[-94.8837,122.921,60.2137],[-67.386,151.799,14.3904],[-62.4306,141.842,-27.4852],[-63.2488,128.881,-51.0008],[-65.3224,117.821,-65.2015],[[[0.862505,-0.448073,0.235193],[0.226198,0.757111,0.612876],[-0.45268,-0.475409,0.754366]],[[0.879181,-0.42957,0.206181],[0.462559,0.873303,-0.152912],[-0.114372,0.229809,0.966492]],[[0.879181,-0.42957,0.206181],[0.475514,0.763328,-0.437284],[0.0304603,0.482493,0.87537]],[[0.879181,-0.42957,0.206181],[0.462541,0.665479,-0.585828],[0.114445,0.610416,0.78377]]],3],[1254,[-0.0924618,-0.472695,-0.876362],125,48.982,[-51.9081,114.299,-37.3092],[-51.1311,115.214,-37.5827],[-152.381,7.89492,-29.6862],false,[-84.6957,113.61,60.133],[-52.4104,139.739,22.2276],[-47.7888,130.509,-10.471],[-49.5425,121.544,-27.0928],[-53.1649,112.065,-40.3759],[[[0.755005,-0.618981,0.216402],[0.316708,0.633207,0.706219],[-0.574163,-0.464663,0.674111]],[[0.691444,-0.663799,0.28509],[0.709746,0.697797,-0.0966458],[-0.134782,0.269167,0.953616]],[[0.691444,-0.663799,0.28509],[0.716489,0.579595,-0.388218],[0.0924618,0.472695,0.876362]],[[0.691444,-0.663799,0.28509],[0.689159,0.487688,-0.535929],[0.216714,0.567038,0.794672]]],4]],[[0,200,0],[235.247,235.247,147.751]]],[46406,99627497968,[[125,"right",[0.339207,0.620312,-0.707214],[0.0180484,-0.755939,-0.654393],[-92.1183,141.464,18.938],[-155.379,20.3197,-46.7626],[-90.0827,141.208,19.4844],0.999783,0,0.55746,[[0.92455,-0.229962,0.30385],[0.0453504,0.858114,0.511453],[-0.378353,-0.459084,0.803798]],61.7915,[-202.068,-9.59999,271.148],[-103.004,110.601,60.6914]]],[[1250,[0.668484,0.0489837,-0.742112],125,50.5391,[-69.6716,118.658,-29.8349],[-76.3362,120.536,-30.7566],[-141.732,-2.35475,-33.5579],false,[-129.942,106.41,48.7863],[-129.942,106.41,48.7863],[-110.058,118.348,6.29745],[-87.9552,119.967,-18.2395],[-71.352,119.663,-33.7093],[[[0.428518,0.712989,0.554994],[-0.897392,0.264352,0.353279],[0.10517,-0.649434,0.75311]],[[0.404167,0.813702,0.417777],[-0.817257,0.52637,-0.234574],[-0.410779,-0.246624,0.877745]],[[0.404167,0.813702,0.417777],[-0.624322,0.579214,-0.52415],[-0.668484,-0.0489837,0.742111]],[[0.404167,0.813702,0.417777],[-0.549045,0.581127,-0.6007],[-0.731573,0.0134043,0.681632]]],0],[1251,[0.237847,0.221949,-0.945604],125,57.0277,[-87.875,181.691,-76.5019],[-89.4775,181.194,-76.8983],[-115.358,-23.6,-51.6491],false,[-119.409,125.544,55.9492],[-106.767,163.166,-3.33463],[-96.7319,173.84,-42.336],[-91.157,179.042,-64.4999],[-87.2556,182.305,-80.2685],[[[0.98414,-0.102089,0.145074],[0.00832952,0.843497,0.537069],[-0.177199,-0.527342,0.83097]],[[0.96724,-0.143075,0.209707],[0.0802121,0.955978,0.282263],[-0.24086,-0.256195,0.936136]],[[0.96724,-0.143075,0.209707],[0.0887484,0.964504,0.248708],[-0.237847,-0.221949,0.945604]],[[0.96724,-0.143075,0.209707],[0.0948672,0.969919,0.224181],[-0.235473,-0.196942,0.951717]]],1],[1252,[0.0606689,0.299122,-0.952284],125,64.9785,[-80.998,187.893,-80.0289],[-80.6159,186.178,-80.3931],[-186.382,63.5281,-43.2046],false,[-107.669,126.032,58.0748],[-86.6805,160.348,3.67554],[-83.5385,175.775,-40.3347],[-81.8655,184.024,-66.5947],[-80.8478,189.06,-84.0787],[[[0.935215,-0.314687,0.16231],[0.170698,0.802312,0.571977],[-0.310217,-0.507215,0.804051]],[[0.978465,-0.206397,-0.00249463],[0.19516,0.92112,0.336824],[-0.0672216,-0.330057,0.941564]],[[0.978465,-0.206397,-0.00249463],[0.197295,0.931625,0.305203],[-0.0606689,-0.299122,0.952284]],[[0.978465,-0.206397,-0.00249463],[0.198714,0.938636,0.281912],[-0.0558442,-0.276337,0.959437]]],2],[1253,[-0.0329234,-0.488514,-0.871935],125,62.4785,[-66.1752,120.167,-62.2709],[-65.7728,121.565,-62.8316],[-161.166,-13.7865,-34.6591],false,[-96.1861,123.405,59.8587],[-68.8693,152.034,13.7712],[-64.0337,141.822,-28.0571],[-64.9182,128.699,-51.4804],[-67.0312,117.535,-65.5934],[[[0.863824,-0.445478,0.235281],[0.227102,0.761201,0.607451],[-0.449702,-0.471298,0.758713]],[[0.880418,-0.427096,0.206043],[0.460879,0.872953,-0.159826],[-0.111605,0.235675,0.965402]],[[0.880418,-0.427096,0.206043],[0.473055,0.760883,-0.444158],[0.0329234,0.488514,0.871935]],[[0.880418,-0.427096,0.206043],[0.459635,0.661751,-0.592302],[0.116621,0.616177,0.778925]]],3],[1254,[-0.098496,-0.480583,-0.8714],125,48.982,[-53.646,114.136,-37.6012],[-52.9352,115.026,-37.9583],[-167.825,1.05149,-33.0472],false,[-85.9861,114.108,59.804],[-53.8534,140.042,21.6365],[-49.3897,130.609,-11.0259],[-51.2578,121.493,-27.5536],[-54.9878,111.879,-40.708],[[[0.756492,-0.616639,0.217888],[0.318066,0.637998,0.701279],[-0.571449,-0.46121,0.678772]],[[0.69463,-0.660239,0.285611],[0.70749,0.698858,-0.105146],[-0.13018,0.275105,0.95256]],[[0.69463,-0.660239,0.285611],[0.712592,0.577169,-0.398859],[0.098496,0.480583,0.8714]],[[0.69463,-0.660239,0.285611],[0.68388,0.482923,-0.546894],[0.223152,0.575213,0.786978]]],4]],[[0,200,0],[235.247,235.247,147.751]]],[46407,99627506869,[[125,"right",[0.334682,0.619337,-0.710218],[0.0204605,-0.75828,-0.651608],[-93.5119,141.473,18.4103],[-155.702,15.0668,-50.1681],[-91.456,141.314,19.0543],1,0,0.53776,[[0.926817,-0.223636,0.301659],[0.0418809,0.85987,0.508792],[-0.373171,-0.458924,0.806308]],61.7915,[-201.866,-9.44619,271.415],[-104.159,110.713,60.3008]]],[[1250,[0.670734,0.0456232,-0.740294],125,50.5391,[-70.7329,118.785,-29.9401],[-77.525,120.261,-31.1041],[-140.091,-10.0031,-35.0758],false,[-131.101,106.343,48.467],[-131.101,106.343,48.467],[-111.332,118.188,5.89787],[-89.1548,119.696,-18.579],[-72.5623,119.392,-34.0603],[[[0.426109,0.717171,0.55145],[-0.897968,0.261224,0.35414],[0.109927,-0.646087,0.755307]],[[0.400917,0.817424,0.413623],[-0.820051,0.521486,-0.235729],[-0.408389,-0.244684,0.879402]],[[0.400917,0.817424,0.413623],[-0.624004,0.574227,-0.529983],[-0.670734,-0.0456232,0.740294]],[[0.400917,0.817424,0.413623],[-0.552052,0.57588,-0.602993],[-0.731098,0.0134087,0.682141]]],0],[1251,[0.23924,0.217547,-0.946276],125,57.0277,[-89.2531,181.19,-77.1238],[-90.9181,180.789,-77.5207],[-128.012,-32.0869,-57.0312],false,[-120.647,125.556,55.5368],[-108.313,163.019,-3.91276],[-98.224,173.512,-42.9492],[-92.6164,178.611,-65.1288],[-88.6909,181.8,-80.9064],[[[0.984928,-0.0966722,0.143425],[0.00524312,0.845529,0.533904],[-0.172884,-0.525105,0.833292]],[[0.967114,-0.140058,0.212309],[0.0777595,0.957576,0.277492],[-0.242167,-0.251857,0.936975]],[[0.967114,-0.140058,0.212309],[0.0863466,0.965949,0.2439],[-0.23924,-0.217547,0.946276]],[[0.967114,-0.140058,0.212309],[0.0925035,0.971251,0.219351],[-0.236927,-0.192498,0.952266]]],1],[1252,[0.0579004,0.30139,-0.951742],125,64.9785,[-82.7553,188.083,-80.5827],[-82.4482,186.383,-80.9602],[-189.652,52.0901,-48.3959],false,[-108.906,126.11,57.6363],[-88.199,160.326,3.06644],[-85.1899,175.877,-40.9097],[-83.5932,184.188,-67.1547],[-82.6253,189.259,-84.6315],[[[0.937094,-0.309443,0.161554],[0.167885,0.805279,0.56863],[-0.306055,-0.505738,0.806573]],[[0.979525,-0.201281,-0.00414944],[0.190753,0.921305,0.338837],[-0.0643787,-0.332691,0.940836]],[[0.979525,-0.201281,-0.00414944],[0.192818,0.932014,0.306873],[-0.0579004,-0.30139,0.951741]],[[0.979525,-0.201281,-0.00414944],[0.19419,0.939178,0.283257],[-0.0531173,-0.278263,0.959035]]],2],[1253,[-0.0330672,-0.49313,-0.869327],125,62.4785,[-67.739,119.913,-62.7185],[-67.2992,121.289,-63.2912],[-163.252,-17.3733,-39.2736],false,[-97.4065,123.547,59.4063],[-70.3262,152.138,13.1563],[-65.5391,141.775,-28.6401],[-66.4274,128.528,-51.9934],[-68.5321,117.275,-66.0369],[[[0.866502,-0.440313,0.235158],[0.224565,0.764581,0.604142],[-0.445809,-0.470681,0.761389]],[[0.882983,-0.421912,0.205745],[0.456217,0.874516,-0.164585],[-0.110487,0.23919,0.964666]],[[0.882983,-0.421912,0.205745],[0.468239,0.760798,-0.449376],[0.0330672,0.49313,0.869327]],[[0.882983,-0.421912,0.205745],[0.454805,0.660494,-0.597411],[0.116162,0.621078,0.775093]]],3],[1254,[-0.100361,-0.485698,-0.868346],125,48.982,[-55.2462,114.049,-38.0386],[-54.4618,114.933,-38.424],[-168.096,-1.1131,-38.1692],false,[-87.1607,114.3,59.3653],[-55.235,140.25,21.0352],[-50.835,130.72,-11.6075],[-52.7385,121.508,-28.0773],[-56.4971,111.795,-41.1513],[[[0.759985,-0.612067,0.218624],[0.316329,0.642181,0.69824],[-0.567767,-0.461495,0.681662]],[[0.699542,-0.65506,0.285548],[0.702976,0.702596,-0.110379],[-0.12832,0.277948,0.951987]],[[0.699542,-0.65506,0.285548],[0.707509,0.578787,-0.405508],[0.100361,0.485698,0.868346]],[[0.699542,-0.65506,0.285548],[0.678292,0.482951,-0.553785],[0.224857,0.581081,0.782167]]],4]],[[0,200,0],[235.247,235.247,147.751]]],[46408,99627515316,[[125,"right",[0.33311,0.61978,-0.710571],[0.0209254,-0.758285,-0.651587],[-94.9308,141.634,18.5215],[-158.895,16.1155,-33.6941],[-92.8063,141.438,18.8472],1,0,0.540033,[[0.928691,-0.220716,0.298022],[0.0411328,0.859956,0.508708],[-0.368565,-0.460174,0.807712]],61.7915,[-201.995,-9.62527,271.906],[-105.494,110.861,60.4237]]],[[1250,[0.672464,0.0435323,-0.738848],125,50.5391,[-71.8614,118.899,-30.0053],[-78.8443,120.296,-30.9307],[-145.58,-6.49402,-21.1976],false,[-132.44,106.452,48.616],[-132.44,106.452,48.616],[-112.746,118.286,6.0094],[-90.5118,119.726,-18.4197],[-73.9253,119.421,-33.9075],[[[0.425607,0.717812,0.551003],[-0.898003,0.259952,0.354987],[0.11158,-0.645887,0.755235]],[[0.399927,0.818614,0.412226],[-0.8213,0.519719,-0.235282],[-0.406847,-0.244466,0.880177]],[[0.399927,0.818614,0.412226],[-0.622777,0.572692,-0.533079],[-0.672464,-0.0435323,0.738848]],[[0.399927,0.818614,0.412226],[-0.553118,0.574188,-0.603629],[-0.730834,0.0133975,0.682424]]],0],[1251,[0.252228,0.217053,-0.943011],125,57.0277,[-89.8758,181.239,-76.9236],[-91.5434,180.995,-77.1579],[-108.564,-18.0316,-29.6349],false,[-122.008,125.681,55.6748],[-109.784,163.158,-3.78851],[-99.1402,173.741,-42.6528],[-93.2283,178.828,-64.756],[-89.0924,181.976,-80.4881],[[[0.985203,-0.0952492,0.142485],[0.00454002,0.845564,0.533854],[-0.17133,-0.525308,0.833485]],[[0.96351,-0.14658,0.223972],[0.0798436,0.956028,0.282199],[-0.255488,-0.254018,0.932845]],[[0.96351,-0.14658,0.223972],[0.0896127,0.965092,0.246104],[-0.252228,-0.217053,0.943011]],[[0.96351,-0.14658,0.223972],[0.0966271,0.970781,0.219653],[-0.249625,-0.189996,0.94952]]],1],[1252,[0.0572919,0.310057,-0.94899],125,64.9785,[-84.2773,188.949,-80.2802],[-84.0404,187.252,-80.6441],[-187.165,66.5275,-25.0329],false,[-110.265,126.251,57.763],[-89.6597,160.495,3.17154],[-86.6875,176.419,-40.673],[-85.1076,184.969,-66.8421],[-84.1485,190.206,-84.2705],[[[0.937692,-0.308088,0.160672],[0.167272,0.80555,0.568427],[-0.304554,-0.506134,0.806892]],[[0.979924,-0.199282,-0.00595062],[0.188958,0.91881,0.34653],[-0.0635898,-0.340698,0.93802]],[[0.979924,-0.199282,-0.00595062],[0.190962,0.929597,0.315249],[-0.0572919,-0.310057,0.94899]],[[0.979924,-0.199282,-0.00595062],[0.192299,0.936867,0.292065],[-0.0526284,-0.287346,0.95638]]],2],[1253,[-0.0350593,-0.496017,-0.867604],125,62.4785,[-69.31,119.898,-62.6407],[-68.8877,121.29,-63.1111],[-169.445,-11.8455,-23.4525],false,[-98.7603,123.705,59.5221],[-71.7655,152.333,13.2447],[-67.0339,141.935,-28.5497],[-67.9758,128.611,-51.8566],[-70.1216,117.292,-65.8414],[[[0.867359,-0.439055,0.23435],[0.224045,0.764935,0.603886],[-0.444402,-0.471281,0.761841]],[[0.883919,-0.420474,0.20467],[0.454711,0.874995,-0.166196],[-0.109204,0.23997,0.964619]],[[0.883919,-0.420474,0.20467],[0.466325,0.759716,-0.453181],[0.0350593,0.496017,0.867604]],[[0.883919,-0.420474,0.20467],[0.452395,0.65801,-0.601964],[0.118435,0.624679,0.771848]]],3],[1254,[-0.101385,-0.486245,-0.867921],125,48.982,[-56.7441,114.202,-38.0539],[-55.9622,115.116,-38.333],[-169.919,5.65761,-25.5727],false,[-88.5013,114.473,59.4718],[-56.6497,140.467,21.1098],[-52.2816,130.953,-11.5423],[-54.2046,121.731,-28.004],[-57.9801,112.001,-41.0607],[[[0.761073,-0.610963,0.217928],[0.316076,0.642672,0.697903],[-0.566449,-0.462273,0.682231]],[[0.701378,-0.65365,0.284272],[0.701314,0.704106,-0.111327],[-0.127388,0.277446,0.952258]],[[0.701378,-0.65365,0.284272],[0.705542,0.57992,-0.407312],[0.101385,0.486245,0.867921]],[[0.701378,-0.65365,0.284272],[0.676055,0.483659,-0.555899],[0.225873,0.582078,0.781131]]],4]],[[0,200,0],[235.247,235.247,147.751]]],[46409,99627524198,[[125,"right",[0.330745,0.613884,-0.716766],[0.0162648,-0.763107,-0.646068],[-96.3873,141.781,18.4521],[-160.275,16.2341,-26.6673],[-94.2745,141.579,18.6852],1,0,0.543713,[[0.930822,-0.219196,0.292445],[0.0425306,0.859711,0.509008],[-0.362991,-0.461358,0.80956]],61.7915,[-201.841,-9.45811,272.598],[-106.8,111.338,60.6321]]],[[1250,[0.671402,0.0337757,-0.740324],125,50.5391,[-73.2374,118.933,-30.0527],[-80.4654,119.896,-30.8364],[-156.822,-17.1652,-12.9752],false,[-133.813,106.894,48.9907],[-133.813,106.894,48.9907],[-114.327,118.341,6.18302],[-92.1279,119.457,-18.2948],[-75.5994,118.973,-33.8399],[[[0.429686,0.721037,0.543577],[-0.895739,0.264284,0.357498],[0.114111,-0.640515,0.75942]],[[0.403293,0.821441,0.403224],[-0.821774,0.518961,-0.235303],[-0.402545,-0.236463,0.884332]],[[0.403293,0.821441,0.403224],[-0.621751,0.569293,-0.537895],[-0.671402,-0.0337757,0.740324]],[[0.403293,0.821441,0.403224],[-0.554045,0.569895,-0.606839],[-0.728278,0.0213295,0.68495]]],0],[1251,[0.25892,0.208919,-0.943034],125,57.0277,[-90.817,180.799,-76.9953],[-92.6047,180.468,-77.3189],[-109.414,-30.1123,-25.9374],false,[-123.309,126.154,55.8557],[-111.311,163.168,-3.94242],[-100.37,173.5,-42.7919],[-94.3012,178.397,-64.8956],[-90.0602,181.384,-80.6311],[[[0.985717,-0.0960856,0.138307],[0.00878019,0.849467,0.527569],[-0.168179,-0.51882,0.838178]],[[0.961113,-0.152798,0.230033],[0.0854364,0.956636,0.278475],[-0.262608,-0.247992,0.93249]],[[0.961113,-0.152798,0.230033],[0.0960357,0.965922,0.240357],[-0.25892,-0.208919,0.943034]],[[0.961113,-0.152798,0.230033],[0.103648,0.971676,0.212375],[-0.255968,-0.180274,0.949727]]],1],[1252,[0.0542919,0.313643,-0.947988],125,64.9785,[-86.0472,189.292,-80.4098],[-85.8915,187.504,-80.8265],[-190.322,57.8643,-22.9496],false,[-111.555,126.718,57.8815],[-91.157,160.518,2.93743],[-88.329,176.57,-40.8703],[-86.8319,185.219,-67.0117],[-85.9266,190.531,-84.4201],[[[0.937897,-0.308693,0.158299],[0.171607,0.809396,0.56163],[-0.301498,-0.499586,0.812104]],[[0.979624,-0.20058,-0.0102584],[0.191512,0.917513,0.348557],[-0.0605013,-0.343419,0.937231]],[[0.979624,-0.20058,-0.0102584],[0.193364,0.928114,0.318142],[-0.0542919,-0.313643,0.947988]],[[0.979624,-0.20058,-0.0102584],[0.1946,0.935307,0.295519],[-0.0496803,-0.291494,0.955282]]],2],[1253,[-0.0501464,-0.517643,-0.854126],125,62.4785,[-71.8065,118.543,-62.1721],[-71.3572,119.853,-62.6769],[-202.176,-56.5817,-0.964006],false,[-100.047,124.162,59.6024],[-73.2283,152.396,12.9819],[-68.978,141.244,-28.6695],[-70.3251,127.339,-51.6143],[-72.7649,115.635,-65.2289],[[[0.867683,-0.438978,0.23329],[0.228478,0.768935,0.597107],[-0.441502,-0.464798,0.767489]],[[0.884454,-0.420265,0.202775],[0.456199,0.870133,-0.186415],[-0.0980975,0.257381,0.961318]],[[0.884454,-0.420265,0.202775],[0.463924,0.745267,-0.478907],[0.0501464,0.517643,0.854126]],[[0.884454,-0.420265,0.202775],[0.446775,0.637289,-0.627898],[0.134657,0.645942,0.751417]]],3],[1254,[-0.10999,-0.494608,-0.862128],125,48.982,[-58.6794,113.885,-38.0417],[-57.9215,114.67,-38.3327],[-183.372,-8.60005,-18.0684],false,[-89.8057,114.91,59.5694],[-58.096,140.559,20.8594],[-53.9474,130.801,-11.7489],[-56.0336,121.42,-28.1007],[-59.9653,111.554,-41.008],[[[0.760994,-0.610798,0.218663],[0.320744,0.647192,0.691567],[-0.563925,-0.456144,0.688419]],[[0.702541,-0.652266,0.284579],[0.701283,0.702536,-0.121022],[-0.120989,0.284593,0.950983]],[[0.702541,-0.652266,0.284579],[0.703092,0.57438,-0.419225],[0.10999,0.494608,0.862128]],[[0.702541,-0.652266,0.284579],[0.671646,0.475558,-0.568099],[0.235218,0.59025,0.77219]]],4]],[[0,200,0],[235.247,235.247,147.751]]],[46410,99627532733,[[125,"right",[0.32769,0.610604,-0.720959],[0.0148581,-0.76633,-0.642276],[-97.6641,142.089,18.5068],[-157.472,21.4222,-17.9846],[-95.6439,141.785,18.6132],1,0,0.51354,[[0.932897,-0.215808,0.288324],[0.0418767,0.86015,0.508319],[-0.357701,-0.462135,0.811469]],61.7915,[-201.559,-9.15229,273.34],[-107.903,111.848,60.8744]]],[[1250,[0.670853,0.0281563,-0.741056],125,50.5391,[-74.662,118.95,-30.063],[-81.7966,119.839,-30.662],[-157.831,-14.4993,-4.72944],false,[-134.95,107.318,49.3471],[-134.95,107.318,49.3471],[-115.649,118.535,6.3953],[-93.4681,119.466,-18.1067],[-76.98,118.893,-33.6917],[[[0.430786,0.724193,0.538486],[-0.894794,0.265178,0.359199],[0.117335,-0.636572,0.762239]],[[0.403579,0.824485,0.396672],[-0.82349,0.516266,-0.235232],[-0.398734,-0.231721,0.887309]],[[0.403579,0.824485,0.396672],[-0.622158,0.565183,-0.541745],[-0.670853,-0.0281563,0.741056]],[[0.403579,0.824485,0.396672],[-0.556169,0.565321,-0.60917],[-0.726499,0.0252315,0.686704]]],0],[1251,[0.262216,0.20399,-0.943202],125,57.0277,[-91.8968,180.584,-77.015],[-93.7221,180.323,-77.3324],[-114.889,-27.211,-19.3653],false,[-124.443,126.622,56.0796],[-112.685,163.347,-3.94416],[-101.599,173.528,-42.7924],[-95.4531,178.309,-64.9],[-91.1602,181.198,-80.6397],[[[0.986277,-0.0943982,0.135447],[0.00969739,0.852118,0.52326],[-0.164812,-0.514766,0.84134]],[[0.960028,-0.154322,0.233518],[0.0868353,0.957325,0.275661],[-0.266093,-0.244365,0.932459]],[[0.960028,-0.154322,0.233518],[0.0979215,0.966733,0.236302],[-0.262216,-0.20399,0.943202]],[[0.960028,-0.154322,0.233518],[0.105885,0.972513,0.207381],[-0.259103,-0.174365,0.94998]]],1],[1252,[0.0516372,0.317329,-0.946909],125,64.9785,[-87.6365,189.835,-80.3773],[-87.535,188.044,-80.8036],[-189.093,59.7361,-15.6791],false,[-112.683,127.208,58.0626],[-92.5054,160.752,2.88057],[-89.8031,176.971,-40.8735],[-88.3792,185.722,-66.9852],[-87.5221,191.101,-84.3753],[[[0.938742,-0.30695,0.156669],[0.172679,0.812383,0.55697],[-0.298237,-0.495798,0.815622]],[[0.979877,-0.199158,-0.0133069],[0.191046,0.916478,0.351525],[-0.0578136,-0.346994,0.936084]],[[0.979877,-0.199158,-0.0133069],[0.192807,0.927167,0.321227],[-0.0516372,-0.317329,0.946909]],[[0.979877,-0.199158,-0.0133069],[0.193981,0.934453,0.298611],[-0.0470361,-0.295184,0.954282]]],2],[1253,[-0.0587222,-0.531623,-0.844943],125,62.4785,[-73.7996,117.789,-61.7116],[-73.2533,119.186,-62.2612],[-207.721,-61.8804,13.3593],false,[-101.166,124.673,59.7573],[-74.5346,152.699,12.9049],[-70.517,141.174,-28.6678],[-72.0944,126.892,-51.366],[-74.7116,114.917,-64.7089],[[[0.868916,-0.436927,0.232551],[0.229711,0.772158,0.592457],[-0.438427,-0.461376,0.771307]],[[0.885754,-0.418126,0.201519],[0.454797,0.868569,-0.196843],[-0.0927281,0.266004,0.959502]],[[0.885754,-0.418126,0.201519],[0.460425,0.736578,-0.495441],[0.0587222,0.531623,0.844943]],[[0.885754,-0.418126,0.201519],[0.441105,0.623181,-0.645811],[0.144447,0.660921,0.736423]]],3],[1254,[-0.115557,-0.501055,-0.857665],125,48.982,[-60.337,113.825,-37.925],[-59.5269,114.634,-38.2082],[-184.194,-6.62424,-9.12572],false,[-90.9159,115.431,59.7362],[-59.3637,140.917,20.7905],[-55.3562,131.001,-11.7877],[-57.548,121.497,-28.0549],[-61.5802,111.519,-40.8443],[[[0.762353,-0.608926,0.219149],[0.322421,0.650984,0.687215],[-0.561126,-0.453242,0.69261]],[[0.705133,-0.64952,0.284449],[0.699377,0.703195,-0.12802],[-0.116872,0.289208,0.950105]],[[0.705133,-0.64952,0.284449],[0.699595,0.571898,-0.428367],[0.115557,0.501055,0.857665]],[[0.705133,-0.64952,0.284449],[0.666779,0.470905,-0.577628],[0.241232,0.596969,0.765137]]],4]],[[0,200,0],[235.247,235.247,147.751]]],[46411,99627541649,[[125,"right",[0.325485,0.609733,-0.722693],[0.0187165,-0.768317,-0.639796],[-98.8079,142.165,18.3243],[-149.523,17.9238,-18.6614],[-96.9765,141.945,18.4915],1,0,0.517767,[[0.934848,-0.20917,0.286893],[0.0376027,0.861823,0.505814],[-0.353051,-0.462071,0.813539]],61.7915,[-201.381,-8.96791,273.789],[-108.942,112.015,60.7818]]],[[1250,[0.672543,0.0266674,-0.739577],125,50.5391,[-76.1395,118.939,-30.0894],[-82.7528,119.712,-30.7228],[-145.564,-14.412,-5.97615],false,[-135.961,107.328,49.2505],[-135.961,107.328,49.2505],[-116.727,118.459,6.24642],[-94.4898,119.341,-18.2067],[-77.9809,118.766,-33.7696],[[[0.427183,0.727828,0.536452],[-0.896217,0.262352,0.357724],[0.119622,-0.633591,0.764364]],[[0.399338,0.828295,0.393009],[-0.826219,0.510931,-0.2373],[-0.397355,-0.229949,0.888388]],[[0.399338,0.828295,0.393009],[-0.623069,0.559657,-0.546415],[-0.672543,-0.0266674,0.739577]],[[0.399338,0.828295,0.393009],[-0.55803,0.559719,-0.612632],[-0.727415,0.0253366,0.68573]]],0],[1251,[0.266628,0.201821,-0.942432],125,57.0277,[-92.8423,180.373,-77.1823],[-94.5832,180.13,-77.5335],[-110.503,-25.978,-20.0668],false,[-125.545,126.701,55.9281],[-113.907,163.285,-4.20535],[-102.64,173.413,-43.015],[-96.3905,178.144,-65.1045],[-92.0241,180.985,-80.8327],[[[0.986591,-0.089578,0.136434],[0.00554189,0.85383,0.520522],[-0.163119,-0.512787,0.842877]],[[0.959118,-0.151827,0.238835],[0.0833679,0.958042,0.274235],[-0.27045,-0.243112,0.931533]],[[0.959118,-0.151827,0.238835],[0.0948844,0.967583,0.234051],[-0.266628,-0.201821,0.942432]],[[0.959118,-0.151827,0.238835],[0.103165,0.973414,0.204506],[-0.263535,-0.171506,0.949281]]],1],[1252,[0.0525283,0.321183,-0.945559],125,64.9785,[-88.8219,190.188,-80.5053],[-88.7483,188.409,-80.9449],[-172.797,53.8277,-15.535],false,[-113.789,127.345,57.9174],[-93.7212,160.801,2.64169],[-90.9972,177.136,-41.0678],[-89.5487,185.993,-67.1424],[-88.6696,191.46,-84.5038],[[[0.939985,-0.30227,0.158306],[0.168674,0.814928,0.554473],[-0.296609,-0.494494,0.817006]],[[0.980734,-0.194996,-0.0117531],[0.186454,0.91643,0.354107],[-0.0582786,-0.349476,0.935131]],[[0.980734,-0.194996,-0.0117531],[0.188155,0.926724,0.325238],[-0.0525283,-0.321183,0.945559]],[[0.980734,-0.194996,-0.0117531],[0.189301,0.933787,0.303655],[-0.0482366,-0.300029,0.95271]]],2],[1253,[-0.0619316,-0.543925,-0.836845],125,62.4785,[-75.2868,117.115,-61.4009],[-74.6019,118.544,-62.0187],[-192.826,-64.6154,18.2225],false,[-102.262,124.867,59.6282],[-75.7219,152.86,12.7043],[-71.7364,141.052,-28.7921],[-73.4001,126.44,-51.2727],[-76.0937,114.22,-64.3753],[[[0.870683,-0.432311,0.234558],[0.22586,0.775071,0.590129],[-0.436918,-0.460838,0.772484]],[[0.887796,-0.413136,0.202824],[0.450952,0.868935,-0.203944],[-0.0919845,0.272525,0.957742]],[[0.887796,-0.413136,0.202824],[0.456052,0.730386,-0.508481],[0.0619316,0.543925,0.836845]],[[0.887796,-0.413136,0.202824],[0.435566,0.611863,-0.660232],[0.148665,0.674494,0.723157]]],3],[1254,[-0.115108,-0.505817,-0.854927],125,48.982,[-61.5606,113.824,-37.9191],[-60.6417,114.622,-38.226],[-167.443,-4.52835,-7.11201],false,[-91.9706,115.671,59.6439],[-60.5043,141.171,20.6383],[-56.461,131.171,-11.9099],[-58.6443,121.577,-28.1252],[-62.6735,111.507,-40.8434],[[[0.764896,-0.604824,0.221636],[0.319039,0.654617,0.68534],[-0.559597,-0.453503,0.693676]],[[0.708598,-0.644969,0.286189],[0.69569,0.706369,-0.130607],[-0.117917,0.291647,0.94923]],[[0.708598,-0.644969,0.286189],[0.69616,0.572857,-0.432662],[0.115108,0.505817,0.854927]],[[0.708598,-0.644969,0.286189],[0.66316,0.470171,-0.582373],[0.241055,0.602457,0.76088]]],4]],[[0,200,0],[235.247,235.247,147.751]]],[46412,99627550073,[[125,"right",[0.327321,0.602121,-0.728225],[0.0185789,-0.774631,-0.63214],[-100.347,142.633,19.1151],[-158.131,27.6782,10.5432],[-98.3563,142.227,18.7468],1,0,0.484023,[[0.938237,-0.202405,0.280614],[0.0351552,0.862607,0.504652],[-0.344204,-0.463618,0.816445]],61.7915,[-200.704,-8.47042,275.623],[-110.582,112.918,61.8543]]],[[1250,[0.674049,0.0164666,-0.738503],125,50.5391,[-77.6405,118.898,-29.9049],[-84.2585,119.551,-29.6867],[-157.125,-15.5631,26.0886],false,[-137.591,108.153,50.3315],[-137.591,108.153,50.3315],[-118.383,118.787,7.18972],[-96.0962,119.331,-17.2279],[-79.581,118.563,-32.7756],[[[0.427411,0.732527,0.529834],[-0.896364,0.267073,0.353841],[0.117694,-0.626159,0.770761]],[[0.399395,0.832894,0.383108],[-0.826459,0.507971,-0.242758],[-0.3968,-0.219667,0.891233]],[[0.399395,0.832894,0.383108],[-0.621403,0.553188,-0.554834],[-0.674049,-0.0164666,0.738503]],[[0.399395,0.832894,0.383108],[-0.557621,0.552397,-0.619609],[-0.727696,0.0338393,0.685064]]],0],[1251,[0.271421,0.191925,-0.943131],125,57.0277,[-93.9185,179.934,-76.7913],[-95.6584,179.658,-77.034],[-115.761,-34.1526,0.56706],false,[-127.157,127.577,56.8319],[-115.386,163.549,-3.64372],[-103.914,173.294,-42.4914],[-97.5517,177.792,-64.5973],[-93.1078,180.461,-80.3339],[[[0.986277,-0.0895409,0.138711],[0.00596234,0.858928,0.512061],[-0.164994,-0.504207,0.847675]],[[0.957577,-0.152443,0.244557],[0.0849395,0.960232,0.265968],[-0.275376,-0.233912,0.932445]],[[0.957577,-0.152443,0.244557],[0.096837,0.969498,0.225159],[-0.271421,-0.191925,0.943131]],[[0.957577,-0.152443,0.244557],[0.105392,0.975095,0.195149],[-0.268215,-0.161096,0.949794]]],1],[1252,[0.0562986,0.317396,-0.946621],125,64.9785,[-89.98,190.162,-80.0208],[-89.9847,188.386,-80.4272],[-163.717,38.551,4.26929],false,[-115.403,128.225,58.8315],[-95.213,161.106,3.25615],[-92.3154,177.248,-40.5137],[-90.7629,186.001,-66.6175],[-89.8146,191.403,-83.9957],[[[0.939353,-0.301943,0.16262],[0.168994,0.820147,0.546626],[-0.298423,-0.485993,0.821434]],[[0.980397,-0.196879,-0.00770497],[0.187023,0.917587,0.350793],[-0.0619939,-0.345357,0.936421]],[[0.980397,-0.196879,-0.00770497],[0.188816,0.927631,0.322258],[-0.0562986,-0.317396,0.946621]],[[0.980397,-0.196879,-0.00770497],[0.190034,0.934536,0.300882],[-0.0520369,-0.296448,0.95363]]],2],[1253,[-0.0638662,-0.555603,-0.828991],125,62.4785,[-76.8402,116.573,-60.3079],[-76.2198,117.941,-60.8077],[-192.031,-64.434,50.999],false,[-103.882,125.748,60.5831],[-77.2386,153.241,13.4223],[-73.2404,140.983,-27.9423],[-74.9561,126.058,-50.212],[-77.705,113.635,-63.1111],[[[0.869769,-0.431132,0.240056],[0.226076,0.780568,0.582755],[-0.438624,-0.452591,0.776383]],[[0.887102,-0.412119,0.207865],[0.452255,0.866098,-0.212932],[-0.0922783,0.282901,0.9547]],[[0.887102,-0.412119,0.207865],[0.457134,0.722124,-0.519197],[0.0638662,0.555603,0.828991]],[[0.887102,-0.412119,0.207865],[0.435926,0.600018,-0.670781],[0.151719,0.685665,0.71193]]],3],[1254,[-0.116021,-0.514928,-0.849346],125,48.982,[-63.0595,113.693,-36.9269],[-62.2186,114.44,-37.0755],[-172.039,-8.04857,30.311],false,[-93.6033,116.539,60.7043],[-62.048,141.611,21.4931],[-57.981,131.3,-10.9552],[-60.1816,121.534,-27.0646],[-64.24,111.322,-39.6604],[[[0.763767,-0.603623,0.22869],[0.318959,0.660937,0.679285],[-0.561182,-0.445873,0.697333]],[[0.707896,-0.642701,0.292947],[0.696286,0.70464,-0.136632],[-0.118608,0.300697,0.946316]],[[0.707896,-0.642701,0.292947],[0.696722,0.567261,-0.439082],[0.116021,0.514928,0.849346]],[[0.707896,-0.642701,0.292947],[0.663273,0.462312,-0.588503],[0.242798,0.610903,0.753556]]],4]],[[0,200,0],[235.247,235.247,147.751]]],[46413,99627558952,[[125,"right",[0.327437,0.60554,-0.725332],[0.0272686,-0.773386,-0.633348],[-101.317,142.527,18.9464],[-144.863,16.9369,2.52394],[-99.6258,142.356,18.8324],1,0,0.494877,[[0.940595,-0.192997,0.279344],[0.0295646,0.866166,0.498881],[-0.338241,-0.460987,0.820417]],61.7915,[-200.157,-8.02855,276.385],[-111.596,112.671,61.5761]]],[[1250,[0.679219,0.0195932,-0.733674],125,50.5391,[-79.0539,118.844,-29.7747],[-84.7718,119.479,-29.7758],[-132.27,-13.9424,15.2506],false,[-138.507,107.748,49.8927],[-138.507,107.748,49.8927],[-119.216,118.527,6.82424],[-96.759,119.175,-17.4337],[-80.139,118.499,-32.8737],[[[0.41956,0.734407,0.533494],[-0.900093,0.26053,0.349222],[0.11748,-0.626714,0.770343]],[[0.391196,0.836142,0.38449],[-0.829548,0.50128,-0.246106],[-0.398516,-0.222678,0.889719]],[[0.391196,0.836142,0.38449],[-0.620989,0.548163,-0.560259],[-0.679219,-0.0195932,0.733674]],[[0.391196,0.836142,0.38449],[-0.557392,0.547704,-0.623966],[-0.732311,0.0297808,0.680319]]],0],[1251,[0.278033,0.195203,-0.940528],125,57.0277,[-94.5122,179.95,-76.7305],[-96.0978,179.766,-77.0482],[-98.81,-21.6698,0.210212],false,[-128.24,127.229,56.4852],[-116.366,163.383,-3.86132],[-104.629,173.285,-42.5901],[-98.1117,177.86,-64.6351],[-93.5553,180.578,-80.3313],[[[0.986049,-0.0832683,0.144134],[-0.0026081,0.858053,0.513554],[-0.166437,-0.506765,0.845865]],[[0.956352,-0.147924,0.25201],[0.0776121,0.960015,0.268975],[-0.281721,-0.237676,0.929593]],[[0.956352,-0.147924,0.25201],[0.0899335,0.969543,0.22781],[-0.278033,-0.195203,0.940528]],[[0.956352,-0.147924,0.25201],[0.0988057,0.975306,0.197524],[-0.275006,-0.164002,0.947352]]],1],[1252,[0.0607796,0.321766,-0.944866],125,64.9785,[-90.6288,190.479,-79.9531],[-90.6324,188.781,-80.375],[-138.176,38.1526,4.57697],false,[-116.502,127.951,58.5523],[-96.2159,161.061,3.14834],[-93.1231,177.392,-40.5381],[-91.4471,186.265,-66.5935],[-90.4131,191.752,-83.9406],[[[0.940397,-0.296018,0.167414],[0.160479,0.820289,0.548974],[-0.299833,-0.489387,0.818902]],[[0.981625,-0.190814,-0.00183596],[0.178983,0.917341,0.355598],[-0.0661688,-0.349392,0.934637]],[[0.981625,-0.190814,-0.00183596],[0.180884,0.927392,0.327451],[-0.0607796,-0.321767,0.944866]],[[0.981625,-0.190814,-0.00183596],[0.182192,0.934323,0.306345],[-0.0567394,-0.30105,0.951919]]],2],[1253,[-0.0566184,-0.556087,-0.829193],125,62.4785,[-77.4085,116.609,-60.1823],[-76.6569,118.021,-60.8097],[-152.487,-43.2294,36.5057],false,[-104.975,125.547,60.3648],[-78.2475,153.297,13.4026],[-73.9444,141.143,-27.9618],[-75.4654,126.204,-50.2369],[-78.0873,113.749,-63.1313],[[[0.871233,-0.425797,0.244233],[0.217616,0.781025,0.585357],[-0.439996,-0.456833,0.773115]],[[0.888768,-0.406441,0.211888],[0.447468,0.869545,-0.20896],[-0.099316,0.28053,0.954693]],[[0.888768,-0.406441,0.211888],[0.454846,0.724964,-0.517245],[0.0566184,0.556087,0.829193]],[[0.888768,-0.406441,0.211888],[0.434914,0.601845,-0.6698],[0.144711,0.68745,0.711668]]],3],[1254,[-0.111295,-0.516473,-0.84904],125,48.982,[-63.8348,113.808,-36.7223],[-62.8623,114.582,-37.005],[-144.75,-1.19141,24.1973],false,[-94.6358,116.406,60.5284],[-63.0261,141.754,21.5392],[-58.7566,131.522,-10.9081],[-60.8675,121.727,-27.0117],[-64.8596,111.463,-39.5864],[[[0.766439,-0.598965,0.231974],[0.310742,0.661841,0.682206],[-0.562147,-0.450786,0.693385]],[[0.711489,-0.637886,0.294763],[0.691578,0.709974,-0.132877],[-0.124514,0.298392,0.946287]],[[0.711489,-0.637886,0.294763],[0.693828,0.571277,-0.438458],[0.111295,0.516473,0.84904]],[[0.711489,-0.637886,0.294763],[0.660866,0.46485,-0.589211],[0.238829,0.614016,0.752293]]],4]],[[0,200,0],[235.247,235.247,147.751]]],[46414,99627567452,[[125,"right",[0.326402,0.609988,-0.722063],[0.0311071,-0.77042,-0.636777],[-101.817,142.385,18.6702],[-122.364,8.12309,-6.63288],[-100.529,142.368,18.7656],1,0,0.50258,[[0.941746,-0.189509,0.277851],[0.0287077,0.868416,0.495005],[-0.335098,-0.458192,0.823267]],61.7915,[-199.794,-7.66834,276.703],[-112.056,112.299,61.1483]]],[[1250,[0.681011,0.0237163,-0.731889],125,50.5391,[-80.2023,118.808,-29.7567],[-85.0874,119.507,-30.1137],[-108.924,-9.4431,-0.112609],false,[-138.931,107.331,49.3989],[-138.931,107.331,49.3989],[-119.661,118.334,6.37713],[-97.1448,119.118,-17.8218],[-80.4985,118.552,-33.2379],[[[0.416021,0.733515,0.537478],[-0.901599,0.255682,0.348922],[0.118516,-0.629748,0.767705]],[[0.387188,0.836671,0.387384],[-0.831642,0.49832,-0.245048],[-0.398066,-0.227285,0.888755]],[[0.387188,0.836671,0.387384],[-0.621538,0.547192,-0.5606],[-0.681011,-0.0237163,0.731889]],[[0.387188,0.836671,0.387384],[-0.558667,0.547138,-0.623323],[-0.733469,0.0249248,0.679266]]],0],[1251,[0.292974,0.200811,-0.934795],125,57.0277,[-94.0436,180.385,-76.4615],[-95.605,180.217,-76.8092],[-53.4215,-0.549599,9.48013],false,[-128.745,126.82,56.0958],[-116.905,163.288,-4.0679],[-104.529,173.634,-42.4807],[-97.6618,178.34,-64.3912],[-92.8646,181.086,-80.0105],[[[0.986111,-0.0803344,0.145367],[-0.0065614,0.855715,0.517406],[-0.165958,-0.511173,0.843303]],[[0.951885,-0.153188,0.265422],[0.0753313,0.956489,0.281875],[-0.297053,-0.248318,0.922007]],[[0.951885,-0.153188,0.265422],[0.0898998,0.967579,0.236029],[-0.292974,-0.200811,0.934795]],[[0.951885,-0.153188,0.265422],[0.100422,0.9742,0.202115],[-0.289536,-0.165737,0.942709]]],1],[1252,[0.0613774,0.328381,-0.942549],125,64.9785,[-91.1291,190.988,-79.9291],[-91.1303,189.342,-80.3557],[-117.302,44.0816,4.07258],false,[-117.013,127.575,58.1853],[-96.758,161.008,2.96412],[-93.646,177.63,-40.6111],[-91.9534,186.686,-66.6026],[-90.9061,192.297,-83.9086],[[[0.941196,-0.293351,0.167614],[0.156605,0.818384,0.552922],[-0.299373,-0.494159,0.8162]],[[0.982332,-0.187145,-0.00123261],[0.174905,0.915703,0.361795],[-0.0665794,-0.355618,0.932257]],[[0.982332,-0.187145,-0.00123261],[0.176798,0.92582,0.334065],[-0.0613774,-0.328381,0.942549]],[[0.982332,-0.187145,-0.00123261],[0.178105,0.932819,0.313254],[-0.057474,-0.307938,0.949669]]],2],[1253,[-0.0539322,-0.553647,-0.831003],125,62.4785,[-77.744,116.842,-60.4405],[-76.9867,118.25,-61.1047],[-122.023,-23.9148,17.4016],false,[-105.48,125.205,60.0058],[-78.778,153.263,13.2126],[-74.3581,141.322,-28.2014],[-75.8069,126.449,-50.5251],[-78.3828,114.014,-63.4486],[[[0.872381,-0.423726,0.243736],[0.213826,0.779164,0.589221],[-0.439579,-0.461909,0.770332]],[[0.889892,-0.404168,0.211518],[0.444617,0.872171,-0.204041],[-0.102013,0.275619,0.955839]],[[0.889892,-0.404168,0.211518],[0.452971,0.728096,-0.514484],[0.0539322,0.553647,0.831003]],[[0.889892,-0.404168,0.211518],[0.43345,0.604665,-0.668207],[0.14217,0.686315,0.713274]]],3],[1254,[-0.114795,-0.518039,-0.847619],125,48.982,[-64.4965,113.834,-36.8489],[-63.4874,114.614,-37.198],[-126.8,-0.457846,12.5671],false,[-95.108,116.101,60.1451],[-63.