{"metadata":{"formatVersion":2,"generatedBy":"LeapJS Playback 0.2.1","frames":1,"protocolVersion":6,"serviceVersion":"2.2.3+25971","frameRate":"63","modified":"Tue Mar 03 2015 19:55:12 GMT-0300 (E. South America Standard Time)"},"frames":[["id","timestamp",{"hands":[["id","type","direction","palmNormal","palmPosition","palmVelocity","stabilizedPalmPosition","pinchStrength","grabStrength","confidence","armBasis","armWidth","elbow","wrist"]]},{"pointables":[["id","direction","handId","length","stabilizedTipPosition","tipPosition","tipVelocity","tool","carpPosition","mcpPosition","pipPosition","dipPosition","btipPosition","bases","type"]]},{"interactionBox":["center","size"]}],[647750,602077071766,[[429,"right",[-0.984047,-0.17139,-0.047722],[0.168679,-0.984079,0.0560021],[-19.139,168.61,-57.4254],[-0.658759,-0.238527,-2.87225],[-14.2831,175.534,-41.2976],0.408257,1,0.275037,[[0.439003,-0.129294,-0.889134],[0.219169,0.975109,-0.0335823],[0.871344,-0.180128,0.456413]],63.72,[268.965,133.123,60.5391],[33.702,181.757,-62.6924]]],[[4290,[-0.703931,-0.700515,0.117306],429,52.1164,[-36.6211,118.702,4.67415],[-33.8345,107.615,-5.78322],[0.425132,-22.5037,-58.8242],false,[37.2786,173.057,-33.4935],[37.2786,173.057,-33.4935],[1.92059,139.944,-21.447],[-22.0803,116.06,-17.4474],[-37.5384,104.168,-4.51074],[[[-0.320131,0.827807,-0.460709],[0.263083,0.544854,0.796192],[0.910112,0.133681,-0.392207]],[[-0.705782,0.671343,-0.226207],[0.0119588,0.330553,0.943712],[0.708328,0.663349,-0.241327]],[[-0.705782,0.671343,-0.226207],[-0.0797089,0.242027,0.96699],[0.703931,0.700515,-0.117306]],[[-0.705782,0.671343,-0.226207],[0.256152,0.53954,0.802049],[0.660498,0.508128,-0.552764]]],0],[4291,[0.986526,-0.080046,-0.142685],429,58.8075,[-1.95758,141.83,-11.4233],[-3.33667,129.788,-36.8443],[0.848312,-0.704231,-4.84687],false,[23.9068,190.086,-43.1427],[-45.5219,167.628,-33.7715],[-38.6125,125.314,-31.0352],[-14.7677,123.379,-34.484],[-0.0475358,131.53,-37.4492],[[[-0.109466,-0.0751676,-0.991144],[-0.312123,0.9493,-0.037522],[0.943714,0.305252,-0.127378]],[[-0.149587,-0.0881089,-0.984815],[-0.975582,-0.148855,0.161502],[-0.160824,0.984926,-0.0636907]],[[-0.149587,-0.0881089,-0.984815],[-0.0662587,-0.992889,0.0988955],[-0.986526,0.080046,0.142685]],[[-0.149587,-0.0881089,-0.984815],[0.485124,-0.874433,0.00454616],[-0.861556,-0.477078,0.173547]]],1],[4292,[0.997108,-0.0273035,0.070927],429,67.0064,[5.9147,138.475,-18.2014],[4.56094,128.658,-44.5477],[1.98031,1.48818,-5.34304],false,[21.4862,190.606,-55.2045],[-44.7497,168.699,-55.862],[-36.0045,122.347,-45.947],[-7.65034,121.57,-43.9301],[8.51474,131.114,-44.7928],[[[0.0738638,-0.19396,-0.978225],[-0.305342,0.929397,-0.207334],[0.949374,0.314007,0.00942487]],[[0.0641886,-0.197148,-0.97827],[-0.981306,-0.190696,-0.0259572],[-0.181435,0.961648,-0.205703]],[[0.0641886,-0.197148,-0.97827],[-0.0406934,-0.979993,0.194826],[-0.997108,0.0273035,-0.070927]],[[0.0641886,-0.197148,-0.97827],[0.505883,-0.838572,0.202189],[-0.860211,-0.507868,0.0459073]]],2],[4293,[0.972659,-0.0188507,0.231472],429,64.4285,[13.2886,140.354,-32.2488],[8.25714,132.917,-58.5554],[1.28972,1.76266,-4.29514],false,[21.3354,188.814,-67.3575],[-37.1657,168.776,-77.3497],[-30.9223,126.016,-65.9975],[-3.9777,125.494,-59.5852],[11.9375,135.169,-58.108],[[[0.235573,-0.215143,-0.947744],[-0.268865,0.922701,-0.276288],[0.933926,0.319901,0.159519]],[[0.221816,-0.219823,-0.949987],[-0.965024,-0.189109,-0.181568],[-0.139738,0.957035,-0.254082]],[[0.221816,-0.219823,-0.949987],[-0.068791,-0.975358,0.209632],[-0.972659,0.0188507,-0.231472]],[[0.221816,-0.219823,-0.949987],[0.474571,-0.826746,0.302115],[-0.85181,-0.51785,-0.0790641]]],3],[4294,[0.923152,-0.012788,0.384223],429,50.5107,[8.56563,142.411,-46.949],[3.54349,138.698,-73.1555],[0.584893,1.44843,-4.39283],false,[25.5704,181.301,-78.6786],[-27.3198,165.013,-95.9878],[-25.755,132.241,-82.8037],[-7.69926,131.991,-75.2888],[6.9487,140.666,-72.5897],[[[0.383246,-0.326152,-0.864146],[-0.145378,0.902619,-0.405147],[0.912134,0.280899,0.29851]],[[0.358289,-0.333673,-0.871947],[-0.932561,-0.17218,-0.317306],[-0.044255,0.926831,-0.372861]],[[0.358289,-0.333673,-0.871947],[-0.139355,-0.942602,0.303449],[-0.923152,0.012788,-0.384223]],[[0.358289,-0.333673,-0.871947],[0.386597,-0.797092,0.463883],[-0.849807,-0.503296,-0.156592]]],4]],[[0,200,0],[235.247,235.247,147.751]]]]}