{"metadata":{"formatVersion":2,"generatedBy":"LeapJS Playback 0.2.1","frames":222,"protocolVersion":6,"serviceVersion":"2.2.3+25971","frameRate":"1.0e+2","modified":"Tue Mar 03 2015 19:50:18 GMT-0300 (E. South America Standard Time)"},"frames":[["id","timestamp",{"hands":[["id","type","direction","palmNormal","palmPosition","palmVelocity","stabilizedPalmPosition","pinchStrength","grabStrength","confidence","armBasis","armWidth","elbow","wrist"]]},{"pointables":[["id","direction","handId","length","stabilizedTipPosition","tipPosition","tipVelocity","tool","carpPosition","mcpPosition","pipPosition","dipPosition","btipPosition","bases","type"]]},{"interactionBox":["center","size"]}],[632138,601770310712,[[424,"right",[-0.364147,0.882106,-0.298807],[-0.432148,-0.44424,-0.784793],[39.4581,114.532,48.9278],[13.3913,30.6424,0.122547],[39.3686,114.271,48.9124],0.826499,0,0.362606,[[0.813218,0.179352,-0.553633],[0.384494,0.548539,0.742476],[0.436854,-0.816663,0.377122]],59.9108,[176.514,-134.644,159.131],[65.6147,72.6732,63.395]]],[[4240,[-0.528467,0.609826,-0.590622],424,49.0009,[-9.82879,112.912,26.7134],[-9.43498,114.163,27.3986],[18.4749,1.99112,-14.2565],false,[40.2846,61.1253,70.9409],[40.2846,61.1253,70.9409],[3.08361,87.9188,60.8936],[-13.8576,107.468,41.9598],[-8.14939,114.422,21.8786],[[[0.647451,0.632504,0.425144],[-0.328589,-0.271656,0.904562],[0.687632,-0.725357,0.0319496]],[[0.460039,0.790413,0.404488],[-0.400122,-0.222128,0.889135],[0.792632,-0.570882,0.214075]],[[0.460039,0.790413,0.404488],[-0.713503,0.057951,0.698251],[0.528467,-0.609826,0.590622]],[[0.460039,0.790413,0.404488],[-0.849158,0.524759,-0.059657],[-0.259412,-0.31603,0.912595]]],0],[4241,[0.237485,-0.96054,-0.144786],424,55.292,[4.59202,87.4951,24.2158],[3.54073,88.5258,23.2342],[18.6577,30.5549,4.74951],false,[50.8221,79.355,78.2452],[12.3558,132.483,56.2787],[-7.24759,119.143,23.5761],[-1.85063,97.3146,20.2858],[6.53712,84.6041,25.3994],[[[0.752159,0.302534,-0.585431],[0.353567,0.564418,0.745937],[0.556099,-0.768053,0.317566]],[[0.770105,0.277018,-0.57463],[-0.414028,0.902337,-0.119872],[0.485303,0.330227,0.809587]],[[0.770105,0.277018,-0.57463],[-0.592063,-0.0249653,-0.805505],[-0.237485,0.96054,0.144786]],[[0.770105,0.277018,-0.57463],[-0.366482,-0.545178,-0.753971],[-0.522139,0.791228,-0.318322]]],1],[4242,[0.115338,-0.993181,-0.016967],424,63.0008,[12.9919,82.0692,18.8249],[12.0712,82.9565,17.8853],[21.2752,30.8227,6.14267],false,[59.6942,84.1486,72.5585],[30.2792,136.721,46.5979],[3.85204,119.641,13.9837],[6.93577,93.0864,13.53],[14.8687,78.8898,20.437],[[[0.749006,0.0953042,-0.655673],[0.487762,0.59044,0.643016],[0.448418,-0.801435,0.395757]],[[0.747477,0.0980282,-0.657015],[-0.318165,0.921059,-0.224548],[0.583137,0.376884,0.719659]],[[0.747477,0.0980282,-0.657015],[-0.654198,-0.0630961,-0.753687],[-0.115338,0.993181,0.016967]],[[0.747477,0.0980282,-0.657015],[-0.489584,-0.58719,-0.644604],[-0.448982,0.803491,-0.390918]]],2],[4243,[0.0247669,-0.992907,0.116289],424,60.5769,[29.2909,80.806,18.1555],[28.598,81.7775,17.178],[23.0456,27.8928,11.4296],false,[68.3703,86.3621,65.2612],[49.4405,134.589,37.2531],[23.954,117.542,8.53805],[24.5991,91.6808,11.5669],[30.9376,77.8147,20.2937],[[[0.767915,-0.0684551,-0.636883],[0.554075,0.569891,0.606816],[0.321414,-0.818864,0.475557]],[[0.763092,-0.0563708,-0.643827],[-0.222737,0.912219,-0.343867],[0.606696,0.405806,0.683551]],[[0.763092,-0.0563708,-0.643827],[-0.645816,-0.104685,-0.756282],[-0.0247669,0.992907,-0.116289]],[[0.763092,-0.0563708,-0.643827],[-0.536191,-0.611386,-0.581986],[-0.36082,0.789322,-0.496769]]],3],[4244,[-0.38329,0.660865,-0.645249],424,47.4912,[45.2158,174.353,-11.1833],[46.47,175.639,-10.6715],[6.03501,13.5659,-10.7092],false,[75.3524,83.0502,54.3367],[65.4647,128.868,26.4926],[58.7596,156.458,9.19951],[51.7111,168.611,-2.66635],[43.4944,176.545,-14.1635],[[[0.697779,-0.255985,-0.669012],[0.692973,0.477708,0.539985],[0.181364,-0.840397,0.510725]],[[0.69683,-0.251628,-0.671648],[0.688297,0.497926,0.527558],[0.201683,-0.829911,0.520165]],[[0.69683,-0.251628,-0.671648],[0.606232,0.707065,0.364064],[0.38329,-0.660865,0.645249]],[[0.69683,-0.251628,-0.671648],[0.507321,0.834876,0.21356],[0.507005,-0.489556,0.709423]]],4]],[[0,200,0],[235.247,235.247,147.751]]],[632139,601770323628,[[424,"right",[-0.363517,0.882642,-0.297992],[-0.431533,-0.443029,-0.785815],[39.5397,114.674,48.966],[10.7783,23.3911,1.16866],[39.4547,114.474,48.9394],0.832481,0,0.397301,[[0.813473,0.180433,-0.552907],[0.383591,0.548135,0.74324],[0.437173,-0.816696,0.37668]],59.9108,[176.647,-134.54,159.027],[65.6661,72.7862,63.4033]]],[[4240,[-0.52853,0.608867,-0.591555],424,49.0009,[-9.65971,112.847,26.6381],[-9.28607,114.038,27.3064],[16.8204,-2.1725,-9.78935],false,[40.3241,61.2378,70.9086],[40.3241,61.2378,70.9086],[3.05266,87.9365,60.8701],[-13.8906,107.455,41.9064],[-7.90482,114.27,21.8584],[[[0.647265,0.631691,0.426632],[-0.329592,-0.272739,0.903871],[0.687326,-0.725658,0.0316661]],[[0.457566,0.791272,0.405612],[-0.399981,-0.224242,0.888668],[0.794134,-0.568862,0.213888]],[[0.457566,0.791272,0.405612],[-0.715045,0.0562978,0.696808],[0.52853,-0.608867,0.591555]],[[0.457566,0.791272,0.405612],[-0.846543,0.527218,-0.0735264],[-0.272025,-0.309725,0.911083]]],0],[4241,[0.238484,-0.960577,-0.142885],424,55.292,[4.76336,87.6452,24.2895],[3.74271,88.6252,23.3227],[16.6254,23.0008,5.06641],false,[50.8612,79.4537,78.2477],[12.4368,132.625,56.3138],[-7.09695,119.266,23.5778],[-1.67727,97.4361,20.3307],[6.70595,84.7371,25.4801],[[[0.752856,0.303031,-0.584277],[0.353037,0.563288,0.747042],[0.555494,-0.768686,0.317094]],[[0.771289,0.276748,-0.57317],[-0.413842,0.902237,-0.121255],[0.483578,0.330724,0.810416]],[[0.771289,0.276748,-0.57317],[-0.590117,-0.0264867,-0.806883],[-0.238484,0.960577,0.142885]],[[0.771289,0.276748,-0.57317],[-0.364389,-0.546348,-0.754138],[-0.521857,0.790515,-0.320549]]],1],[4242,[0.116525,-0.993048,-0.016638],424,63.0008,[13.1617,82.2551,18.8739],[12.2654,83.0928,17.9463],[18.3865,24.0607,5.06476],false,[59.7407,84.2515,72.5762],[30.3714,136.869,46.6566],[3.98685,119.79,14.0074],[7.10233,93.2395,13.5625],[15.0445,79.0539,20.4814],[[[0.749695,0.0958961,-0.654799],[0.487343,0.589397,0.644288],[0.447721,-0.802132,0.395133]],[[0.748082,0.0987753,-0.656214],[-0.318464,0.920987,-0.224419],[0.582197,0.376864,0.72043]],[[0.748082,0.0987753,-0.656214],[-0.653295,-0.064019,-0.754392],[-0.116525,0.993048,0.016638]],[[0.748082,0.0987753,-0.656214],[-0.488176,-0.587913,-0.645014],[-0.449508,0.802871,-0.391588]]],2],[4243,[0.0276718,-0.992544,0.118703],424,60.5769,[29.5285,80.9665,18.3149],[28.863,81.8573,17.3598],[21.8282,20.5099,11.9794],false,[68.4249,86.4714,65.2906],[49.5412,134.743,37.328],[24.1091,117.608,8.61724],[24.8298,91.7559,11.709],[31.2,77.9247,20.468],[[[0.768524,-0.0678953,-0.636209],[0.553684,0.568872,0.608127],[0.320632,-0.819619,0.474784]],[[0.763646,-0.0556374,-0.643234],[-0.224353,0.911328,-0.345177],[0.605402,0.407905,0.683449]],[[0.763646,-0.0556374,-0.643234],[-0.645042,-0.108447,-0.756412],[-0.0276718,0.992544,-0.118703]],[[0.763646,-0.0556374,-0.643234],[-0.534184,-0.614004,-0.581073],[-0.362619,0.78734,-0.498602]]],3],[4244,[-0.3849,0.658197,-0.647015],424,47.4912,[45.2495,174.427,-11.2531],[46.4489,175.655,-10.708],[4.0445,9.1038,-7.60225],false,[75.4167,83.1715,54.3686],[65.5739,129.03,26.5759],[58.8128,156.567,9.21923],[51.7346,168.671,-2.6791],[43.4981,176.552,-14.1982],[[[0.698348,-0.255355,-0.668658],[0.692615,0.476725,0.541311],[0.180539,-0.841146,0.509783]],[[0.697539,-0.251613,-0.670918],[0.687081,0.500613,0.526599],[0.203371,-0.828298,0.522075]],[[0.697539,-0.251613,-0.670918],[0.604394,0.709554,0.362272],[0.3849,-0.658197,0.647015]],[[0.697539,-0.251613,-0.670918],[0.505121,0.83677,0.211351],[0.508225,-0.486321,0.710774]]],4]],[[0,200,0],[235.247,235.247,147.751]]],[632140,601770337041,[[424,"right",[-0.363351,0.88282,-0.297667],[-0.430752,-0.442494,-0.786545],[39.5735,114.798,49.0012],[7.63926,17.9972,1.72225],[39.5123,114.631,48.9694],0.835183,0,0.420402,[[0.813673,0.18148,-0.552269],[0.382789,0.547721,0.743959],[0.437502,-0.816742,0.376197]],59.9108,[176.756,-134.436,158.932],[65.6918,72.9021,63.4313]]],[[4240,[-0.529086,0.607487,-0.592476],424,49.0009,[-9.50475,112.758,26.5769],[-9.19525,113.891,27.2251],[13.6395,-5.31587,-6.78488],false,[40.3443,61.3449,70.9045],[40.3443,61.3449,70.9045],[3.00093,87.9373,60.8511],[-13.9602,107.412,41.8579],[-7.73677,114.102,21.84],[[[0.646792,0.631451,0.427702],[-0.330393,-0.273456,0.903362],[0.687387,-0.725597,0.0317577]],[[0.454934,0.792452,0.406269],[-0.399938,-0.225805,0.888291],[0.795666,-0.566597,0.214205]],[[0.454934,0.792452,0.406269],[-0.716312,0.0545863,0.695642],[0.529086,-0.607487,0.592476]],[[0.454934,0.792452,0.406269],[-0.84442,0.528763,-0.0858141],[-0.282824,-0.304022,0.909715]]],0],[4241,[0.241957,-0.960552,-0.137101],424,55.292,[4.98882,87.6823,24.4884],[3.99363,88.6206,23.5289],[16.9036,15.0513,9.14658],false,[50.8723,79.5567,78.267],[12.4616,132.74,56.3374],[-6.95828,119.253,23.5857],[-1.45969,97.4243,20.4701],[6.94331,84.777,25.7136],[[[0.753358,0.303561,-0.583355],[0.352277,0.562772,0.747789],[0.555296,-0.768855,0.317031]],[[0.77251,0.276202,-0.571787],[-0.414847,0.901246,-0.125129],[0.48076,0.333867,0.810804]],[[0.77251,0.276202,-0.571787],[-0.587099,-0.0324359,-0.808865],[-0.241957,0.960552,0.137101]],[[0.77251,0.276202,-0.571787],[-0.36001,-0.551251,-0.752672],[-0.523088,0.787296,-0.326411]]],1],[4242,[0.119996,-0.992678,-0.013846],424,63.0008,[13.3673,82.3393,18.9925],[12.5039,83.1287,18.1026],[17.9419,16.5039,7.37559],false,[59.7565,84.3598,72.6073],[30.4047,136.993,46.6999],[4.0954,119.803,14.0483],[7.30368,93.2624,13.6781],[15.2843,79.12,20.6409],[[[0.750287,0.0964789,-0.654034],[0.486675,0.588974,0.64518],[0.447456,-0.802372,0.394946]],[[0.748525,0.0996269,-0.655579],[-0.320451,0.919888,-0.22609],[0.580535,0.379315,0.720485]],[[0.748525,0.0996269,-0.655579],[-0.652158,-0.068303,-0.754999],[-0.119996,0.992678,0.013846]],[[0.748525,0.0996269,-0.655579],[-0.485482,-0.591094,-0.644139],[-0.451683,0.800426,-0.394082]]],2],[4243,[0.0307349,-0.992135,0.121343],424,60.5769,[29.7325,81.0673,18.4662],[29.0813,81.9007,17.544],[19.3893,14.5441,12.1778],false,[68.4472,86.5863,65.3314],[49.5833,134.877,37.3875],[24.2102,117.633,8.68938],[25.0107,91.7916,11.8499],[31.4144,77.998,20.6436],[[[0.769119,-0.0673241,-0.635549],[0.553052,0.568484,0.609064],[0.320295,-0.819935,0.474466]],[[0.764191,-0.0549257,-0.642647],[-0.226274,0.910212,-0.346864],[0.603996,0.410485,0.683148]],[[0.764191,-0.0549257,-0.642647],[-0.644257,-0.112481,-0.756493],[-0.0307349,0.992135,-0.121343]],[[0.764191,-0.0549257,-0.642647],[-0.5321,-0.616803,-0.58002],[-0.364529,0.785199,-0.500582]]],3],[4244,[-0.388267,0.652952,-0.650309],424,47.4912,[45.2485,174.447,-11.3043],[46.2792,175.535,-10.8431],[-1.78442,1.72375,-8.691],false,[75.4494,83.2954,54.4134],[65.6266,129.173,26.6459],[58.7597,156.609,9.17],[51.6196,168.616,-2.7889],[43.3359,176.389,-14.3477],[[[0.698997,-0.254769,-0.668203],[0.692055,0.476405,0.542308],[0.180172,-0.841506,0.50932]],[[0.698385,-0.251925,-0.66992],[0.685269,0.505489,0.524296],[0.206554,-0.825236,0.525662]],[[0.698385,-0.251925,-0.66992],[0.601255,0.714274,0.358198],[0.388267,-0.652952,0.650309]],[[0.698385,-0.251925,-0.66992],[0.500996,0.840526,0.206202],[0.511138,-0.479636,0.713224]]],4]],[[0,200,0],[235.247,235.247,147.751]]],[632141,601770350803,[[424,"right",[-0.363056,0.88301,-0.297462],[-0.430144,-0.442023,-0.787141],[39.5944,114.911,49.0109],[5.26517,14.2183,1.3283],[39.5502,114.761,48.9886],0.837692,0,0.442762,[[0.813781,0.182384,-0.551812],[0.382136,0.547449,0.744495],[0.437873,-0.816723,0.375808]],59.9108,[176.857,-134.327,158.841],[65.6984,73.0059,63.4384]]],[[4240,[-0.53003,0.606108,-0.593044],424,49.0009,[-9.36078,112.639,26.5298],[-9.11744,113.723,27.15],[11.1529,-7.90639,-4.43396],false,[40.3443,61.4461,70.8847],[40.3443,61.4461,70.8847],[2.92487,87.9318,60.8321],[-14.0665,107.362,41.8207],[-7.57581,113.902,21.8382],[[[0.646486,0.63117,0.42858],[-0.331139,-0.273945,0.90294],[0.687316,-0.725657,0.0319036]],[[0.452472,0.79363,0.406718],[-0.399507,-0.227356,0.88809],[0.797285,-0.564323,0.214189]],[[0.452472,0.79363,0.406718],[-0.717173,0.0527631,0.694895],[0.53003,-0.606108,0.593044]],[[0.452472,0.79363,0.406718],[-0.841583,0.530863,-0.0996167],[-0.29497,-0.297213,0.908106]]],0],[4241,[0.245287,-0.960517,-0.131307],424,55.292,[5.19888,87.6861,24.6713],[4.23099,88.5949,23.7199],[16.5261,9.23356,10.9736],false,[50.8674,79.6531,78.266],[12.4777,132.851,56.3354],[-6.82784,119.216,23.5774],[-1.25357,97.3881,20.5934],[7.16646,84.7888,25.9244],[[[0.753847,0.303843,-0.582575],[0.351708,0.562329,0.74839],[0.554992,-0.769068,0.317046]],[[0.773608,0.275561,-0.570611],[-0.41607,0.900076,-0.129421],[0.47793,0.337535,0.810958]],[[0.773608,0.275561,-0.570611],[-0.584265,-0.038383,-0.810655],[-0.245287,0.960517,0.131307]],[[0.773608,0.275561,-0.570611],[-0.356089,-0.55581,-0.751183],[-0.524148,0.784309,-0.331855]]],1],[4242,[0.122752,-0.992372,-0.0114172],424,63.0008,[13.5432,82.4015,19.0956],[12.6995,83.1664,18.2225],[16.125,11.7882,7.55211],false,[59.7565,84.4589,72.6161],[30.4288,137.109,46.7148],[4.18135,119.827,14.0616],[7.4633,93.2947,13.7563],[15.4736,79.188,20.7575],[[[0.750821,0.0968008,-0.653374],[0.48619,0.58858,0.645904],[0.447087,-0.802622,0.394855]],[[0.748934,0.100176,-0.655029],[-0.321961,0.918995,-0.227573],[0.579171,0.381331,0.720519]],[[0.748934,0.100176,-0.655029],[-0.651176,-0.0718554,-0.755517],[-0.122752,0.992372,0.0114172]],[[0.748934,0.100176,-0.655029],[-0.483283,-0.593731,-0.643367],[-0.453361,0.798404,-0.396252]]],2],[4243,[0.0330963,-0.991782,0.123585],424,60.5769,[29.8968,81.1423,18.5891],[29.2548,81.9452,17.6834],[16.3697,10.7394,10.864],false,[68.4531,86.6889,65.3485],[49.6148,134.996,37.4166],[24.2892,117.665,8.72906],[25.1512,91.8332,11.948],[31.5799,78.0702,20.7715],[[[0.769628,-0.0670137,-0.634966],[0.552595,0.568106,0.609831],[0.319861,-0.820222,0.474262]],[[0.764661,-0.0544977,-0.642125],[-0.227698,0.909299,-0.348322],[0.602866,0.412559,0.682897]],[[0.764661,-0.0544977,-0.642125],[-0.643583,-0.115753,-0.756573],[-0.0330963,0.991782,-0.123585]],[[0.764661,-0.0544977,-0.642125],[-0.530448,-0.619054,-0.579134],[-0.365949,0.783455,-0.502275]]],3],[4244,[-0.391159,0.648008,-0.653514],424,47.4912,[45.2361,174.448,-11.3504],[46.1127,175.4,-11.0155],[-5.14943,-3.06611,-10.2736],false,[75.464,83.4037,54.4343],[65.6665,129.298,26.6847],[58.6968,156.626,9.08141],[51.5035,168.542,-2.93643],[43.1836,176.221,-14.5319],[[[0.699521,-0.254435,-0.667782],[0.691647,0.476056,0.543135],[0.179709,-0.841804,0.50899]],[[0.699122,-0.252575,-0.668905],[0.683577,0.510414,0.521728],[0.209643,-0.822,0.529496]],[[0.699122,-0.252575,-0.668905],[0.598517,0.718535,0.354239],[0.391159,-0.648008,0.653514]],[[0.699122,-0.252575,-0.668905],[0.49767,0.84361,0.201609],[0.513374,-0.473844,0.715486]]],4]],[[0,200,0],[235.247,235.247,147.751]]],[632142,601770365146,[[424,"right",[-0.363527,0.883109,-0.296591],[-0.430198,-0.441532,-0.787388],[39.6581,114.939,48.9944],[4.93544,9.30483,0.335595],[39.5982,114.84,48.9912],0.838166,0,0.472536,[[0.813777,0.182726,-0.551705],[0.381849,0.547533,0.74458],[0.438131,-0.81659,0.375796]],59.9108,[177.008,-134.266,158.777],[65.7846,73.0327,63.3779]]],[[4240,[-0.531962,0.60465,-0.592803],424,49.0009,[-9.2235,112.461,26.5043],[-9.03642,113.464,27.1121],[9.20362,-11.812,-1.97258],false,[40.4377,61.4556,70.822],[40.4377,61.4556,70.822],[2.91609,87.8177,60.8258],[-14.1372,107.201,41.8221],[-7.43761,113.621,21.8697],[[[0.646347,0.631079,0.428923],[-0.330742,-0.274863,0.902807],[0.687638,-0.725389,0.0310675]],[[0.450081,0.794898,0.406896],[-0.397853,-0.229437,0.888297],[0.799463,-0.56169,0.212987]],[[0.450081,0.794898,0.406896],[-0.717247,0.0503556,0.694997],[0.531962,-0.60465,0.592803]],[[0.450081,0.794898,0.406896],[-0.839481,0.531992,-0.110705],[-0.304465,-0.291755,0.906741]]],0],[4241,[0.250255,-0.960252,-0.123645],424,55.292,[5.47416,87.5908,24.922],[4.54778,88.4501,23.988],[18.6229,2.20552,14.5494],false,[50.9553,79.6608,78.2157],[12.536,132.861,56.3427],[-6.65982,119.033,23.6014],[-0.972655,97.2104,20.7915],[7.48792,84.687,26.236],[[[0.753536,0.304668,-0.582547],[0.351698,0.561837,0.748765],[0.55542,-0.769102,0.316213]],[[0.774142,0.275157,-0.570082],[-0.418184,0.898386,-0.134254],[0.475213,0.342331,0.810545]],[[0.774142,0.275157,-0.570082],[-0.581444,-0.0469466,-0.812231],[-0.250255,0.960252,0.123645]],[[0.774142,0.275157,-0.570082],[-0.351172,-0.562615,-0.748427],[-0.526672,0.779585,-0.338916]]],1],[4242,[0.125429,-0.992052,-0.00998556],424,63.0008,[13.7098,82.4113,19.1735],[12.8943,83.1298,18.3124],[14.7083,6.64444,6.59387],false,[59.8406,84.4752,72.5672],[30.4823,137.135,46.7202],[4.26169,119.781,14.0839],[7.61521,93.2566,13.8169],[15.6627,79.1797,20.8355],[[[0.750577,0.0976849,-0.653523],[0.486137,0.588234,0.646259],[0.447554,-0.802769,0.394027]],[[0.748586,0.101242,-0.655263],[-0.323831,0.918211,-0.228082],[0.578578,0.382934,0.720145]],[[0.748586,0.101242,-0.655263],[-0.651066,-0.0747139,-0.755335],[-0.125429,0.992052,0.00998556]],[[0.748586,0.101242,-0.655263],[-0.481841,-0.595814,-0.642522],[-0.455465,0.796716,-0.397235]]],2],[4243,[0.0356811,-0.991516,0.124988],424,60.5769,[30.0487,81.1787,18.6807],[29.4343,81.9208,17.7751],[14.4599,6.31142,8.48562],false,[68.534,86.7152,65.2988],[49.6663,135.038,37.4143],[24.3602,117.634,8.7537],[25.2895,91.8094,12.0091],[31.7546,78.0714,20.8449],[[[0.76946,-0.0661374,-0.635261],[0.55254,0.56782,0.610148],[0.32036,-0.820492,0.473458]],[[0.76443,-0.0534808,-0.642484],[-0.22969,0.90857,-0.348916],[0.602402,0.414295,0.682254]],[[0.76443,-0.0534808,-0.642484],[-0.643718,-0.118469,-0.756037],[-0.0356811,0.991516,-0.124988]],[[0.76443,-0.0534808,-0.642484],[-0.529343,-0.62094,-0.578127],[-0.368025,0.782032,-0.502975]]],3],[4244,[-0.39538,0.643047,-0.65587],424,47.4912,[45.2099,174.433,-11.4019],[45.8876,175.202,-11.1915],[-8.96303,-7.66322,-10.9423],false,[75.5429,83.4424,54.3796],[65.7171,129.356,26.6726],[58.6097,156.585,8.97081],[51.3389,168.41,-3.09035],[42.9595,175.99,-14.7084],[[[0.699423,-0.253561,-0.668217],[0.69161,0.475886,0.54333],[0.180228,-0.842163,0.508211]],[[0.69917,-0.25238,-0.668929],[0.682244,0.515284,0.518676],[0.213785,-0.819015,0.532456]],[[0.69917,-0.25238,-0.668929],[0.595681,0.723045,0.349813],[0.39538,-0.643047,0.65587]],[[0.69917,-0.25238,-0.668929],[0.493791,0.847084,0.196519],[0.517041,-0.467711,0.716879]]],4]],[[0,200,0],[235.247,235.247,147.751]]],[632143,601770378890,[[424,"right",[-0.366191,0.881631,-0.297711],[-0.429044,-0.443863,-0.786706],[39.6763,115.738,48.9576],[3.53477,28.2137,-0.832183],[39.6297,115.202,48.9776],0.838581,0,0.254067,[[0.813483,0.18388,-0.551755],[0.382175,0.546106,0.74546],[0.438392,-0.817286,0.373973]],59.9108,[177.219,-133.548,158.329],[65.9292,73.928,63.3925]]],[[4240,[-0.53498,0.598121,-0.596697],424,49.0009,[-9.1319,112.402,26.44],[-8.9828,113.627,26.9336],[7.40418,-3.94495,-6.00681],false,[40.618,62.2862,70.8573],[40.618,62.2862,70.8573],[2.87438,88.2896,60.7578],[-14.2757,107.464,41.6293],[-7.31485,113.694,21.7062],[[[0.644564,0.633564,0.427943],[-0.329755,-0.274619,0.903242],[0.689782,-0.723313,0.0319112]],[[0.442812,0.79999,0.404887],[-0.396473,-0.230321,0.888685],[0.804193,-0.554048,0.215186]],[[0.442812,0.79999,0.404887],[-0.719523,0.0476179,0.692834],[0.53498,-0.598121,0.596697]],[[0.442812,0.79999,0.404887],[-0.838957,0.529006,-0.127687],[-0.316336,-0.283142,0.905407]]],0],[4241,[0.261425,-0.959014,-0.109307],424,55.292,[5.90139,87.8501,25.3219],[5.03871,88.8366,24.4355],[26.3237,12.2274,22.9246],false,[51.0832,80.5323,78.2242],[12.5027,133.589,56.287],[-6.46483,119.269,23.6242],[-0.523808,97.4752,21.1401],[8.04097,85.1089,26.7773],[[[0.752521,0.306104,-0.583106],[0.350182,0.563883,0.747936],[0.55775,-0.767031,0.317142]],[[0.773728,0.275916,-0.570276],[-0.42527,0.89342,-0.144728],[0.469563,0.354502,0.808603]],[[0.773728,0.275916,-0.570276],[-0.577062,-0.0645105,-0.814148],[-0.261425,0.959014,0.109307]],[[0.773728,0.275916,-0.570276],[-0.342178,-0.575561,-0.742727],[-0.533159,0.769805,-0.350915]]],1],[4242,[0.12938,-0.991566,-0.00760489],424,63.0008,[13.8597,82.7973,19.237],[13.0681,83.7687,18.3913],[13.4715,22.788,5.79872],false,[59.9531,85.3654,72.5676],[30.4345,137.903,46.6552],[4.27036,120.393,14.0568],[7.72953,93.8822,13.8534],[15.8341,79.855,20.9057],[[[0.750159,0.0990178,-0.653802],[0.484523,0.590539,0.645369],[0.449999,-0.800911,0.395022]],[[0.748114,0.102642,-0.655583],[-0.327128,0.916616,-0.229788],[0.577332,0.386367,0.719311]],[[0.748114,0.102642,-0.655583],[-0.650835,-0.0791301,-0.755085],[-0.12938,0.991566,0.00760489]],[[0.748114,0.102642,-0.655583],[-0.479502,-0.599316,-0.641013],[-0.458697,0.793905,-0.39914]]],2],[4243,[0.0415769,-0.990688,0.129647],424,60.5769,[30.2251,81.4402,18.7972],[29.6888,82.5474,17.9616],[15.9094,21.9956,10.2108],false,[68.6385,87.6212,65.2944],[49.6228,135.851,37.3484],[24.3964,118.2,8.76837],[25.4794,92.3968,12.1452],[32.0228,78.731,21.0352],[[[0.76953,-0.0647231,-0.635323],[0.550979,0.570272,0.609272],[0.322873,-0.818902,0.474502]],[[0.764429,-0.0520138,-0.642606],[-0.234613,0.905956,-0.35242],[0.600504,0.420164,0.680336]],[[0.764429,-0.0520138,-0.642606],[-0.643366,-0.125824,-0.755148],[-0.0415769,0.990688,-0.129647]],[[0.764429,-0.0520138,-0.642606],[-0.526217,-0.62621,-0.575288],[-0.372483,0.777917,-0.506064]]],3],[4244,[-0.403065,0.632732,-0.661202],424,47.4912,[45.157,174.44,-11.4691],[45.3945,175.54,-11.5858],[-19.5069,3.51586,-18.1966],false,[75.655,84.3543,54.3783],[65.6882,130.201,26.6112],[58.3396,157.232,8.70603],[50.9274,168.868,-3.45321],[42.4367,176.231,-15.1294],[[[0.70004,-0.252397,-0.668012],[0.690307,0.47866,0.542551],[0.182812,-0.84094,0.509312]],[[0.700007,-0.252245,-0.668104],[0.679066,0.524685,0.513395],[0.221043,-0.813067,0.538575]],[[0.700007,-0.252245,-0.668104],[0.589516,0.732135,0.341246],[0.403065,-0.632732,0.661202]],[[0.700007,-0.252245,-0.668104],[0.485294,0.85436,0.1859],[0.523909,-0.454358,0.720471]]],4]],[[0,200,0],[235.247,235.247,147.751]]],[632144,601770393264,[[424,"right",[-0.36703,0.881544,-0.296934],[-0.429366,-0.443723,-0.78661],[39.7501,115.658,49.0127],[4.17845,14.6738,1.03947],[39.6764,115.379,48.9913],0.843634,0,0.304943,[[0.813148,0.184301,-0.552109],[0.382246,0.546249,0.745319],[0.438952,-0.817096,0.373733]],59.9108,[177.475,-133.569,158.279],[66.0431,73.8584,63.4036]]],[[4240,[-0.53704,0.595413,-0.597555],424,49.0009,[-9.04258,112.209,26.4159],[-8.91734,113.172,26.9601],[6.11121,-15.0528,-1.45218],false,[40.7458,62.1952,70.8821],[40.7458,62.1952,70.8821],[2.85795,88.0099,60.839],[-14.3581,107.097,41.683],[-7.21218,113.213,21.79],[[[0.64447,0.633768,0.42778],[-0.328849,-0.275342,0.903352],[0.690302,-0.722858,0.0309643]],[[0.439333,0.80214,0.404423],[-0.39409,-0.232467,0.889186],[0.807267,-0.550028,0.213985]],[[0.439333,0.80214,0.404423],[-0.720121,0.0453339,0.692366],[0.53704,-0.595413,0.597555]],[[0.439333,0.80214,0.404423],[-0.83757,0.528511,-0.138389],[-0.32475,-0.277934,0.904041]]],0],[4241,[0.265017,-0.958449,-0.105551],424,55.292,[6.1468,87.8298,25.5768],[5.27901,88.6512,24.6935],[21.693,3.56352,20.3715],false,[51.2044,80.4443,78.2508],[12.5703,133.487,56.3736],[-6.3672,119.078,23.7323],[-0.344552,97.2969,21.3336],[8.26332,84.9872,27.0287],[[[0.751848,0.30694,-0.583535],[0.35039,0.56371,0.747969],[0.558526,-0.766823,0.316276]],[[0.773171,0.276634,-0.570683],[-0.427102,0.892322,-0.146099],[0.468817,0.3567,0.808069]],[[0.773171,0.276634,-0.570683],[-0.57617,-0.069632,-0.814358],[-0.265017,0.958449,0.105551]],[[0.773171,0.276634,-0.570683],[-0.339235,-0.579897,-0.740702],[-0.535841,0.766285,-0.354516]]],1],[4242,[0.134203,-0.990947,-0.00364803],424,63.0008,[14.0579,82.8473,19.3987],[13.3443,83.5706,18.6582],[15.9452,8.48712,11.1113],false,[60.0665,85.2866,72.5898],[30.4914,137.818,46.7299],[4.37195,120.142,14.1856],[7.96005,93.6474,14.088],[16.1318,79.685,21.1911],[[[0.749571,0.0998913,-0.654343],[0.484632,0.590515,0.645309],[0.45086,-0.800821,0.394222]],[[0.747451,0.103642,-0.656182],[-0.330367,0.914945,-0.231805],[0.576346,0.390044,0.718116]],[[0.747451,0.103642,-0.656182],[-0.65062,-0.0853347,-0.754593],[-0.134203,0.990947,0.00364803]],[[0.747451,0.103642,-0.656182],[-0.476875,-0.603972,-0.638599],[-0.462502,0.790238,-0.402015]]],2],[4243,[0.0428298,-0.990644,0.129578],424,60.5769,[30.362,81.5669,18.8896],[29.7986,82.4543,18.052],[12.1664,11.0678,8.01501],false,[68.7446,87.5523,65.311],[49.6737,135.784,37.4067],[24.4403,118.118,8.84274],[25.5558,92.3156,12.2177],[32.1227,78.6573,21.102],[[[0.769068,-0.0638465,-0.63597],[0.551073,0.570313,0.609149],[0.32381,-0.818942,0.473794]],[[0.763943,-0.0511107,-0.643257],[-0.235764,0.905832,-0.351971],[0.600672,0.420542,0.679954]],[[0.763943,-0.0511107,-0.643257],[-0.643861,-0.126541,-0.754606],[-0.0428298,0.990644,-0.129578]],[[0.763943,-0.0511107,-0.643257],[-0.525975,-0.626813,-0.574853],[-0.373821,0.777491,-0.505733]]],3],[4244,[-0.409439,0.624938,-0.664689],424,47.4912,[45.082,174.415,-11.548],[45.0591,175.104,-11.7698],[-21.0025,-10.8491,-16.0746],false,[75.7546,84.2963,54.3875],[65.7345,130.152,26.6536],[58.1962,157.038,8.60993],[50.6668,168.53,-3.61343],[42.0808,175.729,-15.3225],[[[0.699681,-0.25155,-0.668707],[0.690411,0.478833,0.542266],[0.183792,-0.841096,0.508703]],[[0.699838,-0.252269,-0.668272],[0.677357,0.53136,0.508767],[0.226747,-0.808714,0.542742]],[[0.699838,-0.252269,-0.668272],[0.585309,0.738792,0.334067],[0.409439,-0.624938,0.66469]],[[0.699838,-0.252269,-0.668272],[0.479118,0.859672,0.177228],[0.529786,-0.444211,0.722498]]],4]],[[0,200,0],[235.247,235.247,147.751]]],[632145,601770407732,[[424,"right",[-0.367681,0.881597,-0.295968],[-0.429468,-0.443262,-0.786814],[39.7983,115.616,49.1153],[3.83456,7.5735,3.47742],[39.7177,115.46,49.0333],0.849276,0,0.309824,[[0.812819,0.185195,-0.552293],[0.38205,0.546231,0.745433],[0.43973,-0.816906,0.373233]],59.9108,[177.752,-133.561,158.205],[66.1222,73.8182,63.4563]]],[[4240,[-0.537946,0.59287,-0.599265],424,49.0009,[-8.9571,111.945,26.4113],[-8.8526,112.786,26.9804],[5.5815,-19.8029,0.157062],false,[40.8352,62.1335,70.9358],[40.8352,62.1335,70.9358],[2.82621,87.7744,60.905],[-14.4189,106.78,41.6941],[-7.10389,112.804,21.8344],[[[0.644296,0.633758,0.428058],[-0.328273,-0.276351,0.903254],[0.690738,-0.722483,0.0299935]],[[0.43574,0.804118,0.404383],[-0.392783,-0.23436,0.889267],[0.809847,-0.546324,0.213724]],[[0.43574,0.804118,0.404383],[-0.721626,0.0435876,0.690909],[0.537946,-0.59287,0.599265]],[[0.43574,0.804118,0.404383],[-0.836432,0.527698,-0.14804],[-0.332433,-0.273732,0.902529]]],0],[4241,[0.267652,-0.957921,-0.103679],424,55.292,[6.30644,87.7786,25.7673],[5.45146,88.5382,24.9159],[17.1905,-0.135777,17.8095],false,[51.2865,80.3821,78.3163],[12.6113,133.422,56.5047],[-6.29853,118.959,23.8716],[-0.216012,97.1893,21.5154],[8.42266,84.9138,27.2377],[[[0.7514,0.307907,-0.583602],[0.350405,0.563238,0.748318],[0.559119,-0.766783,0.315325]],[[0.772695,0.27768,-0.570821],[-0.428711,0.891456,-0.146672],[0.468135,0.35805,0.807868]],[[0.772695,0.27768,-0.570821],[-0.575591,-0.0726693,-0.814502],[-0.267652,0.957921,0.103679]],[[0.772695,0.27768,-0.570821],[-0.337281,-0.582207,-0.739781],[-0.537758,0.764152,-0.356212]]],1],[4242,[0.136533,-0.990632,-0.0027223],424,63.0008,[14.1925,82.8461,19.5328],[13.4986,83.4911,18.8469],[13.3516,3.61773,11.4296],false,[60.1432,85.2346,72.6555],[30.5255,137.772,46.8567],[4.41896,120.059,14.322],[8.06936,93.5732,14.2493],[16.2779,79.6397,21.3666],[[[0.749212,0.100921,-0.654596],[0.484583,0.590214,0.645621],[0.451508,-0.800914,0.393291]],[[0.747037,0.104763,-0.656476],[-0.331796,0.914471,-0.231632],[0.576062,0.390854,0.717904]],[[0.747037,0.104763,-0.656476],[-0.650611,-0.0875966,-0.754342],[-0.136533,0.990632,0.0027223]],[[0.747037,0.104763,-0.656476],[-0.475499,-0.605909,-0.637788],[-0.464582,0.788605,-0.402822]]],2],[4243,[0.0446447,-0.990524,0.129882],424,60.5769,[30.4675,81.6231,18.9795],[29.9181,82.3949,18.2069],[10.2576,5.45309,8.56706],false,[68.8166,87.512,65.3748],[49.7047,135.758,37.5229],[24.4783,118.063,8.97063],[25.6412,92.2635,12.3535],[32.2369,78.6191,21.2377],[[[0.768813,-0.0628218,-0.63638],[0.551019,0.570084,0.609411],[0.324506,-0.819181,0.472904]],[[0.763638,-0.0499875,-0.643707],[-0.237174,0.905575,-0.351685],[0.600504,0.421231,0.679676]],[[0.763638,-0.0499875,-0.643707],[-0.644099,-0.127921,-0.75417],[-0.0446447,0.990524,-0.129882]],[[0.763638,-0.0499875,-0.643707],[-0.525249,-0.627881,-0.574351],[-0.375461,0.776703,-0.505729]]],3],[4244,[-0.415543,0.617433,-0.667907],424,47.4912,[44.9765,174.357,-11.64],[44.7136,174.719,-11.885],[-22.3126,-17.9708,-12.8955],false,[75.8235,84.27,54.4451],[65.7638,130.145,26.7573],[58.0224,156.877,8.57212],[50.3807,168.232,-3.71042],[41.7106,175.283,-15.4474],[[[0.699521,-0.250536,-0.669255],[0.69038,0.478745,0.542382],[0.184517,-0.841448,0.507857]],[[0.699841,-0.252002,-0.668369],[0.675277,0.538447,0.504058],[0.232858,-0.804095,0.546999]],[[0.699841,-0.252002,-0.668369],[0.580988,0.745165,0.327388],[0.415543,-0.617433,0.667907]],[[0.699841,-0.252002,-0.668369],[0.473302,0.864405,0.169673],[0.534983,-0.435085,0.72422]]],4]],[[0,200,0],[235.247,235.247,147.751]]],[632146,601770422295,[[424,"right",[-0.370361,0.880718,-0.295243],[-0.428796,-0.444055,-0.786734],[40.0382,115.638,49.4189],[8.95644,5.13338,10.5142],[39.797,115.504,49.1287],0.853134,0,0.252885,[[0.812577,0.186572,-0.552186],[0.381966,0.545135,0.746277],[0.440251,-0.817324,0.3717]],59.9108,[178.251,-133.578,158.079],[66.4894,73.9072,63.7191]]],[[4240,[-0.541192,0.589105,-0.600055],424,49.0009,[-8.84554,111.653,26.4984],[-8.64988,112.392,27.2365],[8.26715,-22.4959,7.91519],false,[41.2406,62.1479,71.2108],[41.2406,62.1479,71.2108],[3.05569,87.5336,61.1993],[-14.2935,106.419,41.9631],[-6.91041,112.411,22.1192],[[[0.64283,0.635337,0.427921],[-0.326843,-0.277737,0.903347],[0.692779,-0.720562,0.0291178]],[[0.430642,0.807076,0.40395],[-0.390651,-0.236791,0.889563],[0.813596,-0.540887,0.213313]],[[0.430642,0.807076,0.40395],[-0.722259,0.0397945,0.690476],[0.541192,-0.589105,0.600055]],[[0.430642,0.807076,0.40395],[-0.837837,0.523892,-0.153516],[-0.335526,-0.272334,0.901808]]],0],[4241,[0.271746,-0.956874,-0.102696],424,55.292,[6.54625,87.7176,26.0243],[5.83698,88.4246,25.3176],[20.4759,-2.45255,21.1408],false,[51.6462,80.4218,78.5932],[12.8069,133.364,56.8372],[-6.0649,118.816,24.2199],[0.110673,97.0706,21.8861],[8.80357,84.8386,27.6193],[[[0.750112,0.310312,-0.583985],[0.349369,0.563829,0.748357],[0.561491,-0.765378,0.314522]],[[0.771338,0.280374,-0.571339],[-0.432167,0.889763,-0.146814],[0.467193,0.360157,0.807476]],[[0.771338,0.280374,-0.571339],[-0.575492,-0.0760457,-0.814264],[-0.271746,0.956874,0.102696]],[[0.771338,0.280374,-0.571339],[-0.334979,-0.584457,-0.739052],[-0.541134,0.761446,-0.356895]]],1],[4242,[0.140196,-0.990121,-0.00240721],424,63.0008,[14.3672,82.8337,19.7061],[13.8642,83.4304,19.211],[17.7226,1.11595,16.4725],false,[60.4852,85.3021,72.9286],[30.7018,137.77,47.1785],[4.62805,119.981,14.6591],[8.37639,93.5085,14.5948],[16.6427,79.6106,21.7149],[[[0.748452,0.103357,-0.655085],[0.483398,0.591233,0.645577],[0.454033,-0.79985,0.392547]],[[0.746227,0.107259,-0.656993],[-0.334857,0.913462,-0.231209],[0.575339,0.392533,0.717567]],[[0.746227,0.107259,-0.656993],[-0.650761,-0.0903113,-0.753893],[-0.140196,0.990121,0.00240721]],[[0.746227,0.107259,-0.656993],[-0.473557,-0.608095,-0.637153],[-0.467855,0.786585,-0.402984]]],2],[4243,[0.047857,-0.990404,0.129651],424,60.5769,[30.6051,81.6573,19.1033],[30.2557,82.3905,18.5314],[15.2324,3.52817,13.6568],false,[69.1469,87.6075,65.6427],[49.8799,135.814,37.8298],[24.6843,118.055,9.29015],[25.9308,92.2587,12.667],[32.5766,78.6338,21.5437],[[[0.768525,-0.0603398,-0.636969],[0.549863,0.571308,0.609309],[0.32714,-0.818515,0.472243]],[[0.763286,-0.0474629,-0.644315],[-0.240144,0.904999,-0.351151],[0.599771,0.422757,0.679375]],[[0.763286,-0.0474629,-0.644315],[-0.644286,-0.129796,-0.75369],[-0.047857,0.990404,-0.129651]],[[0.763286,-0.0474629,-0.644315],[-0.523711,-0.629444,-0.574045],[-0.378314,0.775595,-0.505303]]],3],[4244,[-0.424041,0.607422,-0.671735],424,47.4912,[44.8287,174.254,-11.7381],[44.3737,174.327,-11.8486],[-23.073,-22.7184,-6.85528],false,[76.1549,84.3908,54.7063],[65.9468,130.252,27.0497],[57.9156,156.783,8.69683],[50.1176,167.953,-3.6561],[41.3317,174.804,-15.4255],[[[0.699734,-0.24823,-0.669891],[0.68943,0.480395,0.542132],[0.187239,-0.841191,0.507286]],[[0.700233,-0.250482,-0.66853],[0.6718,0.548058,0.498314],[0.241575,-0.798055,0.552042]],[[0.700233,-0.250482,-0.66853],[0.574338,0.753855,0.319122],[0.424041,-0.607422,0.671735]],[[0.700233,-0.250482,-0.66853],[0.464511,0.870954,0.160213],[0.542129,-0.422726,0.726222]]],4]],[[0,200,0],[235.247,235.247,147.751]]],[632147,601770437275,[[424,"right",[-0.367611,0.884775,-0.286417],[-0.433724,-0.435549,-0.788784],[40.3093,114.939,49.8157],[12.7397,-16.3258,17.1275],[39.8983,115.392,49.2645],0.855118,0,0.319833,[[0.810765,0.188214,-0.554289],[0.381963,0.547441,0.744589],[0.443582,-0.815404,0.371955]],59.9108,[179.239,-134.024,158.088],[66.6312,72.9739,63.6636]]],[[4240,[-0.541768,0.594732,-0.593955],424,49.0009,[-8.74957,111.349,26.6915],[-8.50654,111.875,27.7383],[7.9562,-26.7316,18.9732],false,[41.3597,61.262,71.1531],[41.3597,61.262,71.1531],[3.17735,86.7887,61.4963],[-14.1903,105.854,42.4557],[-6.79502,111.943,22.6458],[[[0.647232,0.628909,0.430773],[-0.324627,-0.283899,0.90223],[0.689716,-0.723792,0.0204123]],[[0.433552,0.803114,0.408706],[-0.387534,-0.243294,0.889171],[0.813541,-0.54389,0.205754]],[[0.433552,0.803114,0.408706],[-0.720083,0.0360867,0.692949],[0.541768,-0.594732,0.593954]],[[0.433552,0.803114,0.408706],[-0.836112,0.52767,-0.149939],[-0.33608,-0.276717,0.900265]]],0],[4241,[0.268517,-0.956945,-0.110245],424,55.292,[6.69368,87.5424,26.2661],[5.979,88.0261,25.6977],[15.4169,-12.1536,22.0516],false,[51.8733,79.4277,78.6487],[13.1844,132.72,57.4869],[-5.85404,118.481,24.8301],[0.248137,96.7337,22.3247],[8.92309,84.4355,27.9424],[[[0.749244,0.311943,-0.58423],[0.354678,0.555987,0.751719],[0.559317,-0.770435,0.305931]],[[0.770239,0.282026,-0.572008],[-0.429641,0.892301,-0.13859],[0.471318,0.352506,0.808455]],[[0.770239,0.282026,-0.572008],[-0.578473,-0.0686787,-0.812805],[-0.268517,0.956945,0.110245]],[[0.770239,0.282026,-0.572008],[-0.339285,-0.578249,-0.741967],[-0.540017,0.765565,-0.349702]]],1],[4242,[0.140202,-0.990102,-0.00649292],424,63.0008,[14.5163,82.7189,19.9052],[14.0884,82.9891,19.6487],[16.8718,-11.5673,21.8577],false,[60.712,84.3169,72.9914],[31.0617,137.129,47.797],[4.84623,119.56,15.2719],[8.59474,93.088,15.0983],[16.8823,79.1618,22.1381],[[[0.746406,0.105603,-0.657058],[0.488434,0.583671,0.64866],[0.452006,-0.805094,0.384076]],[[0.744102,0.109689,-0.659],[-0.334202,0.915246,-0.225019],[0.578465,0.387676,0.717694]],[[0.744102,0.109689,-0.659],[-0.653189,-0.0875616,-0.752115],[-0.140202,0.990102,0.00649292]],[[0.744102,0.109689,-0.659],[-0.475709,-0.605587,-0.637939],[-0.469057,0.788183,-0.398438]]],2],[4243,[0.0442933,-0.991613,0.121416],424,60.5769,[30.6937,81.601,19.21],[30.2863,81.9839,18.7134],[9.51712,-9.13235,12.4303],false,[69.3561,86.6458,65.692],[50.1953,135.168,38.3588],[24.8145,117.756,9.76933],[25.9681,91.9285,12.9317],[32.5932,78.206,21.6727],[[[0.765829,-0.0583268,-0.640394],[0.554674,0.563762,0.611972],[0.325335,-0.823875,0.464098]],[[0.760602,-0.0453235,-0.647635],[-0.237593,0.908924,-0.342646],[0.604181,0.41449,0.680561]],[[0.760602,-0.0453235,-0.647635],[-0.647706,-0.121035,-0.752215],[-0.0442933,0.991613,-0.121416]],[[0.760602,-0.0453235,-0.647635],[-0.52845,-0.622699,-0.57705],[-0.377128,0.781148,-0.497577]]],3],[4244,[-0.428788,0.608011,-0.668179],424,47.4912,[44.6836,174.1,-11.7707],[44.3579,173.753,-11.2118],[-14.0959,-29.0944,13.7969],false,[76.3083,83.4907,54.7022],[66.1967,129.626,27.4709],[58.0429,156.196,9.22754],[50.1576,167.377,-3.05999],[41.2928,174.235,-14.7663],[[[0.69609,-0.245632,-0.674629],[0.693585,0.47281,0.543499],[0.18547,-0.846236,0.499485]],[[0.696676,-0.248322,-0.673037],[0.674158,0.547368,0.495881],[0.245261,-0.799202,0.548747]],[[0.696676,-0.248322,-0.673037],[0.575137,0.754095,0.317109],[0.428788,-0.608011,0.668179]],[[0.696676,-0.248322,-0.673037],[0.464151,0.871377,0.158952],[0.546997,-0.423129,0.722327]]],4]],[[0,200,0],[235.247,235.247,147.751]]],[632148,601770452703,[[424,"right",[-0.365284,0.888841,-0.276639],[-0.43789,-0.426309,-0.791526],[40.5279,114.226,50.2489],[13.3444,-28.9713,21.7613],[40.0055,115.193,49.4321],0.857819,0,0.373918,[[0.809541,0.190351,-0.555347],[0.380913,0.549498,0.743611],[0.446709,-0.813522,0.372334]],59.9108,[180.142,-134.487,158.124],[66.7402,72.0332,63.6037]]],[[4240,[-0.541932,0.600978,-0.587482],424,49.0009,[-8.66936,111.063,26.917],[-8.3846,111.378,28.2368],[7.47187,-28.2879,24.5938],false,[41.4503,60.3417,71.0628],[41.4503,60.3417,71.0628],[3.28144,86.0168,61.7522],[-14.0915,105.283,42.9191],[-6.68806,111.505,23.1536],[[[0.650941,0.622344,0.434699],[-0.32273,-0.291433,0.900507],[0.687111,-0.726467,0.0111433]],[[0.436059,0.798648,0.414746],[-0.385321,-0.250789,0.88805],[0.813253,-0.547053,0.198377]],[[0.436059,0.798648,0.414746],[-0.718444,0.0314129,0.694875],[0.541932,-0.600978,0.587482]],[[0.436059,0.798648,0.414746],[-0.834658,0.531229,-0.145402],[-0.33645,-0.282767,0.898245]]],0],[4241,[0.265252,-0.956708,-0.119799],424,55.292,[6.79007,87.3351,26.4867],[6.06042,87.6526,26.025],[10.6751,-17.026,20.9554],false,[52.055,78.3955,78.6989],[13.4938,132.031,58.1809],[-5.7003,118.168,25.4533],[0.327685,96.4264,22.7308],[8.98373,84.0531,28.2111],[[[0.748481,0.314847,-0.583651],[0.359169,0.547387,0.755887],[0.557472,-0.775396,0.296625]],[[0.769296,0.284899,-0.571854],[-0.427081,0.895017,-0.128637],[0.47517,0.343188,0.810207]],[[0.769296,0.284899,-0.571854],[-0.581228,-0.0595244,-0.811561],[-0.265252,0.956708,0.119799]],[[0.769296,0.284899,-0.571854],[-0.343272,-0.570581,-0.746057],[-0.53884,0.77024,-0.341148]]],1],[4242,[0.144106,-0.989529,-0.00812641],424,63.0008,[14.6849,82.5412,20.1445],[14.4387,82.4702,20.2086],[20.4505,-21.5615,28.9061],false,[60.8932,83.3069,73.0601],[31.3555,136.468,48.4753],[5.0844,118.991,15.9455],[8.93728,92.5344,15.7282],[17.2875,78.6223,22.7216],[[[0.744646,0.109233,-0.658461],[0.492689,0.575579,0.652661],[0.450289,-0.810418,0.374784]],[[0.742253,0.113519,-0.660434],[-0.336179,0.915636,-0.220443],[0.579693,0.385648,0.717796]],[[0.742253,0.113519,-0.660434],[-0.654441,-0.0891407,-0.75084],[-0.144106,0.989529,0.00812641]],[[0.742253,0.113519,-0.660434],[-0.475088,-0.605911,-0.638093],[-0.4726,0.787391,-0.395808]]],2],[4243,[0.0418471,-0.992769,0.112513],424,60.5769,[30.7642,81.4927,19.319],[30.3297,81.5882,18.9167],[6.37845,-15.9261,12.0769],false,[69.5219,85.6748,65.7552],[50.4509,134.529,38.9556],[24.9173,117.47,10.2896],[26.0073,91.6121,13.2201],[32.6236,77.7959,21.8189],[[[0.763519,-0.0549193,-0.643446],[0.558735,0.555785,0.615564],[0.323811,-0.82951,0.455038]],[[0.758292,-0.0417681,-0.650575],[-0.235691,0.912877,-0.333324],[0.607818,0.406092,0.682383]],[[0.758292,-0.0417681,-0.650575],[-0.65057,-0.112543,-0.751061],[-0.041847,0.992769,-0.112513]],[[0.758292,-0.0417681,-0.650575],[-0.53211,-0.6162,-0.580652],[-0.376632,0.786481,-0.489485]]],3],[4244,[-0.433304,0.609282,-0.664096],424,47.4912,[44.5678,173.941,-11.7338],[44.2952,173.253,-10.4581],[-9.90128,-30.4608,28.6281],false,[76.4266,82.6008,54.7126],[66.3962,129.035,27.962],[58.1166,155.659,9.85458],[50.1483,166.863,-2.35787],[41.2117,173.741,-13.9974],[[[0.69298,-0.241629,-0.67926],[0.697087,0.464993,0.545758],[0.183981,-0.851702,0.490667]],[[0.693692,-0.244946,-0.677343],[0.675846,0.546513,0.494525],[0.249045,-0.800827,0.544658]],[[0.693692,-0.244946,-0.677343],[0.57536,0.754173,0.316518],[0.433304,-0.609282,0.664096]],[[0.693692,-0.244946,-0.677343],[0.463379,0.87172,0.