{"metadata":{"formatVersion":2,"generatedBy":"LeapJS Playback 0.2.1","frames":964,"protocolVersion":6,"serviceVersion":"2.2.3+25971","frameRate":"1.0e+2","modified":"Sun Mar 08 2015 17:26:52 GMT-0300 (E. South America Standard Time)"},"frames":[["id","timestamp",{"hands":[["id","type","direction","palmNormal","palmPosition","palmVelocity","stabilizedPalmPosition","pinchStrength","grabStrength","confidence","armBasis","armWidth","elbow","wrist"]]},{"pointables":[["id","direction","handId","length","stabilizedTipPosition","tipPosition","tipVelocity","tool","carpPosition","mcpPosition","pipPosition","dipPosition","btipPosition","bases","type"]]},{"interactionBox":["center","size"]}],[53725,99744279358,[[137,"left",[0.119697,0.946619,-0.299309],[0.940097,-0.204997,-0.272386],[-98.6067,149.95,143.601],[1.19209e-7,1.19209e-7,1.19209e-7],[-98.6067,149.95,143.601],0.0960603,0.608529,0,[[-0.320792,-0.272665,-0.907054],[-0.945286,0.152209,0.288558],[-0.0593823,-0.949993,0.306574]],52.1312,[-122.325,-102.546,219.805],[-109.208,107.302,152.084]]],[[1370,[0.679106,0.724035,0.120782],137,42.6379,[-37.0586,169.087,181.637],[-37.0586,169.087,181.637],[1.19209e-7,1.19209e-7,1.19209e-7],false,[-93.7918,108.643,171.844],[-93.7918,108.643,171.844],[-66.0586,138.212,176.782],[-47.1152,158.409,180.151],[-34.0546,172.276,182.08],[[[-0.945938,0.267964,-0.182748],[-0.210245,-0.0775408,0.974569],[-0.246979,-0.960303,-0.129687]],[[-0.717357,0.689507,-0.0998964],[-0.155704,-0.0189055,0.987623],[-0.679084,-0.724032,-0.120921]],[[-0.717357,0.689507,-0.0998964],[-0.155609,-0.0188037,0.98764],[-0.679106,-0.724035,-0.120782]],[[-0.717357,0.689507,-0.0998964],[-0.141829,-0.0041429,0.989882],[-0.682117,-0.724267,-0.100764]]],0],[1371,[0.931637,-0.196256,-0.305837],137,48.1121,[-38.8537,182.428,133.702],[-38.8537,182.428,133.702],[1.19209e-7,1.19209e-7,1.19209e-7],false,[-109.889,118.568,167.547],[-91.2816,174.77,156.691],[-65.6409,192.97,140.982],[-47.2183,189.089,134.934],[-36.3552,180.439,133.334],[[[-0.294574,-0.0863052,-0.951723],[-0.904242,0.347354,0.248379],[-0.309148,-0.933754,0.180362]],[[-0.351808,-0.276318,-0.89436],[-0.58658,0.809658,-0.0194093],[-0.729489,-0.517785,0.446927]],[[-0.351808,-0.276318,-0.89436],[0.0910154,0.940815,-0.326472],[-0.931637,0.196256,0.305837]],[[-0.351808,-0.276318,-0.89436],[0.521809,0.735328,-0.432444],[-0.77714,0.618823,0.114509]]],1],[1372,[0.934315,-0.349884,-0.0680874],137,54.8199,[-36.0625,171.613,126.539],[-36.0625,171.613,126.539],[1.19209e-7,1.19209e-7,1.19209e-7],false,[-113.935,118.642,158.321],[-98.6836,170.736,140.668],[-66.1242,188.047,126.694],[-44.3877,179.907,125.11],[-33.5758,169.135,126.966],[[[-0.175137,-0.269608,-0.94691],[-0.947593,0.307177,0.0878025],[-0.267197,-0.912663,0.309276]],[[-0.200686,-0.358485,-0.911709],[-0.527263,0.823879,-0.207889],[-0.825663,-0.43899,0.354357]],[[-0.200686,-0.358485,-0.911709],[0.294584,0.865488,-0.405155],[-0.934315,0.349884,0.0680874]],[[-0.200686,-0.358485,-0.911709],[0.68203,0.616939,-0.39271],[-0.70325,0.700624,-0.120686]]],2],[1373,[0.979864,-0.186424,-0.0715035],137,52.7108,[-44.6564,167.757,111.632],[-44.6564,167.757,111.632],[1.19209e-7,1.19209e-7,1.19209e-7],false,[-116.205,116.784,148.708],[-105.023,161.292,125.897],[-76.3637,178.645,111.278],[-54.1562,174.419,109.658],[-41.8188,165.767,112.221],[[[-0.140613,-0.423359,-0.894983],[-0.965719,0.25788,0.02974],[-0.218208,-0.868484,0.445107]],[[-0.153711,-0.475748,-0.866046],[-0.601398,0.740475,-0.300028],[-0.784024,-0.474721,0.399934]],[[-0.153711,-0.475748,-0.866046],[0.127434,0.859598,-0.494824],[-0.979864,0.186424,0.0715035]],[[-0.153711,-0.475748,-0.866046],[0.570036,0.673218,-0.470995],[-0.807113,0.566075,-0.167712]]],3],[1374,[0.998895,-0.0307781,0.0355198],137,41.3243,[-60.4034,162.727,108.071],[-60.4034,162.727,108.071],[1.19209e-7,1.19209e-7,1.19209e-7],false,[-113.789,111.3,138.725],[-107.544,150.319,112.476],[-85.8508,168.015,105.189],[-69.8669,167.523,105.758],[-57.5766,161.295,108.761],[[[-0.0034123,-0.557782,-0.829981],[-0.991292,0.111144,-0.0706181],[-0.131637,-0.822512,0.553304]],[[0.0201767,-0.401747,-0.915528],[-0.661238,0.681476,-0.313614],[-0.749904,-0.61171,0.251901]],[[0.0201767,-0.401747,-0.915528],[0.0424482,0.915233,-0.400682],[-0.998895,0.0307781,-0.0355198]],[[0.0201767,-0.401747,-0.915528],[0.489921,0.802211,-0.341225],[-0.871533,0.441652,-0.21301]]],4]],[[0,200,0],[235.247,235.247,147.751]]],[53726,99744289075,[[137,"left",[0.120425,0.944809,-0.304685],[0.94816,-0.200392,-0.246648],[-96.6653,149.945,143.067],[199.796,-0.493157,-55.0006],[-98.5755,149.95,143.593],0.118121,0.610393,0.0230366,[[-0.295346,-0.275944,-0.914672],[-0.952925,0.15382,0.261292],[-0.0685929,-0.948786,0.308384]],52.1312,[-122.323,-102.286,219.783],[-107.171,107.296,151.662]]],[[1370,[0.67253,0.730377,0.119389],137,42.6379,[-37.0512,169.093,181.636],[-36.1552,169.873,181.845],[98.6758,82.5032,-9.49043],false,[-92.2709,108.926,171.792],[-92.2709,108.926,171.792],[-64.8579,138.752,176.964],[-46.0979,159.126,180.294],[-33.1133,173.103,181.918],[[[-0.942903,0.259302,-0.209036],[-0.234345,-0.0705152,0.969593],[-0.236678,-0.963219,-0.127255]],[[-0.71973,0.68304,-0.124279],[-0.177256,-0.00771478,0.984134],[-0.671245,-0.73034,-0.126626]],[[-0.71973,0.68304,-0.124279],[-0.172318,-0.00234632,0.985039],[-0.67253,-0.730377,-0.119389]],[[-0.71973,0.68304,-0.124279],[-0.148661,0.0232323,0.988615],[-0.678151,-0.730011,-0.0848203]]],0],[1371,[0.941161,-0.185429,-0.282547],137,48.1121,[-38.823,182.44,133.712],[-36.9742,183.021,134.355],[190.654,74.5149,64.8538],false,[-108.325,118.692,167],[-89.8539,174.933,156.114],[-64.0862,193.381,140.91],[-45.4752,189.714,135.323],[-34.47,181.192,134.036],[[[-0.269697,-0.0968727,-0.95806],[-0.912735,0.342794,0.222277],[-0.306885,-0.934402,0.18087]],[[-0.326773,-0.285975,-0.900798],[-0.596472,0.801727,-0.038147],[-0.733103,-0.524836,0.432559]],[[-0.326773,-0.285975,-0.900798],[0.0862325,0.940125,-0.329742],[-0.941161,0.185429,0.282547]],[[-0.326773,-0.285975,-0.900798],[0.522835,0.739294,-0.424366],[-0.787313,0.609641,0.0920638]]],1],[1372,[0.940129,-0.33799,-0.0438302],137,54.8199,[-36.0173,171.623,126.555],[-33.8719,172.042,127.344],[225.428,51.1758,79.5313],false,[-112.136,118.655,157.675],[-96.8176,170.703,139.946],[-64.0863,188.195,126.613],[-42.2146,180.332,125.593],[-31.3801,169.654,127.825],[[[-0.149102,-0.279232,-0.948577],[-0.951707,0.300884,0.0610227],[-0.268372,-0.911865,0.31061]],[[-0.175022,-0.368429,-0.913032],[-0.529556,0.817012,-0.22817],[-0.830023,-0.443567,0.338099]],[[-0.175022,-0.368429,-0.913032],[0.292447,0.866039,-0.405526],[-0.940129,0.33799,0.0438302]],[[-0.175022,-0.368429,-0.913032],[0.687567,0.61802,-0.381187],[-0.704712,0.694487,-0.145152]]],2],[1373,[0.983297,-0.175761,-0.0472868],137,52.7108,[-44.5849,167.766,111.648],[-42.0755,168.02,112.242],[264.469,35.6894,58.5185],false,[-114.148,116.696,148.025],[-102.711,161.083,125.105],[-73.8979,178.625,111.026],[-51.6127,174.641,109.954],[-39.2411,166.151,112.871],[[[-0.114799,-0.432259,-0.894412],[-0.967997,0.250943,0.00296573],[-0.223165,-0.866129,0.447234]],[[-0.128166,-0.484164,-0.865539],[-0.601856,0.731629,-0.320137],[-0.788253,-0.479899,0.385168]],[[-0.128166,-0.484164,-0.865539],[0.129233,0.857142,-0.498604],[-0.983297,0.175761,0.0472868]],[[-0.128166,-0.484164,-0.865539],[0.573174,0.676061,-0.463048],[-0.809348,0.555452,-0.190862]]],3],[1374,[0.997767,-0.0249858,0.061935],137,41.3243,[-60.3172,162.724,108.082],[-57.6638,162.647,108.421],[282.143,-11.1684,37.3463],false,[-111.44,111.142,138.155],[-104.813,149.974,111.723],[-83.0499,167.745,104.838],[-67.084,167.346,105.829],[-54.8474,161.207,109.211],[[[0.0216735,-0.565081,-0.824751],[-0.989956,0.103143,-0.0966838],[-0.139702,-0.818563,0.55717]],[[0.0462933,-0.40968,-0.911054],[-0.657196,0.674364,-0.33664],[-0.752297,-0.614325,0.238021]],[[0.0462933,-0.40968,-0.911054],[0.0481369,0.911887,-0.407609],[-0.997767,0.0249858,-0.061935]],[[0.0462933,-0.40968,-0.911054],[0.494878,0.801651,-0.335338],[-0.867728,0.435337,-0.239853]]],4]],[[0,200,0],[235.247,235.247,147.751]]],[53727,99744298788,[[137,"left",[0.115224,0.94656,-0.301242],[0.957879,-0.186184,-0.218641],[-95.1001,149.737,141.893],[188.477,-6.62426,-74.2867],[-98.4691,149.943,143.541],0.139532,0.611446,0.0430424,[[-0.264875,-0.285041,-0.921191],[-0.961189,0.154508,0.228568],[-0.0771797,-0.94598,0.314904]],52.1312,[-122.265,-102.028,219.747],[-105.216,106.934,150.186]]],[[1370,[0.660094,0.74044,0.126585],137,42.6379,[-37.035,169.113,181.633],[-35.983,170.545,181.911],[76.6294,78.9903,-11.0289],false,[-90.9404,108.782,170.745],[-90.9404,108.782,170.745],[-64.144,139.018,176.707],[-45.7309,159.672,180.238],[-32.928,173.829,181.749],[[[-0.940117,0.245257,-0.236706],[-0.261649,-0.0741938,0.962307],[-0.218451,-0.966615,-0.133922]],[[-0.726,0.672109,-0.145578],[-0.205898,-0.0104622,0.978517],[-0.656147,-0.740378,-0.145982]],[[-0.726,0.672109,-0.145578],[-0.192871,0.00419428,0.981215],[-0.660094,-0.74044,-0.126585]],[[-0.726,0.672109,-0.145578],[-0.160681,0.0400435,0.986194],[-0.668659,-0.739368,-0.0789235]]],0],[1371,[0.951689,-0.171825,-0.254488],137,48.1121,[-38.7254,182.484,133.75],[-35.6901,183.703,134.942],[173.328,73.1189,63.7545],false,[-106.991,118.309,165.481],[-89.0482,174.821,155.128],[-63.1316,193.673,140.693],[-44.3124,190.275,135.661],[-33.1587,181.904,134.706],[[[-0.239963,-0.100693,-0.965546],[-0.92388,0.329104,0.195287],[-0.298101,-0.93891,0.172]],[[-0.295772,-0.29027,-0.910089],[-0.60733,0.792516,-0.0553928],[-0.73734,-0.536341,0.410693]],[[-0.295772,-0.29027,-0.910089],[0.0825061,0.941392,-0.327067],[-0.951689,0.171825,0.254488]],[[-0.295772,-0.29027,-0.910089],[0.525184,0.746399,-0.408742],[-0.797935,0.598859,0.0683188]]],1],[1372,[0.946987,-0.320794,-0.0175332],137,54.8199,[-35.8621,171.676,126.611],[-32.1952,172.831,127.986],[210.265,60.9401,75.1294],false,[-110.525,118.216,156.048],[-95.4701,170.491,138.764],[-62.6354,188.483,126.385],[-40.6041,181.02,125.977],[-29.6708,170.515,128.524],[[[-0.116993,-0.281236,-0.952481],[-0.957468,0.286649,0.0329675],[-0.263756,-0.915827,0.30281]],[[-0.142662,-0.370988,-0.917614],[-0.535115,0.808831,-0.243812],[-0.832646,-0.456247,0.313911]],[[-0.142662,-0.370988,-0.917614],[0.287861,0.87147,-0.397086],[-0.946987,0.320794,0.0175332]],[[-0.142662,-0.370988,-0.917614],[0.68842,0.62892,-0.361299],[-0.711143,0.683248,-0.165672]]],2],[1373,[0.987021,-0.159424,-0.0193175],137,52.7108,[-44.3179,167.826,111.701],[-39.9118,168.688,112.644],[252.172,46.2492,52.9073],false,[-112.223,116.229,146.343],[-100.781,160.787,123.758],[-71.8624,178.791,110.504],[-49.4927,175.178,110.066],[-37.068,166.895,113.334],[[[-0.0820183,-0.433745,-0.897295],[-0.9713,0.236483,-0.0255311],[-0.223269,-0.869449,0.440693]],[[-0.0955147,-0.486089,-0.868674],[-0.60413,0.721878,-0.337518],[-0.791141,-0.492554,0.362611]],[[-0.0955147,-0.486089,-0.868674],[0.129098,0.859245,-0.495007],[-0.987021,0.159424,0.0193175]],[[-0.0955147,-0.486089,-0.868674],[0.574632,0.685651,-0.446857],[-0.812819,0.541849,-0.213832]]],3],[1374,[0.995868,-0.00824322,0.0904393],137,41.3243,[-59.9916,162.748,108.102],[-55.3195,163.082,108.384],[269.721,6.38419,24.8503],false,[-109.144,110.719,136.559],[-102.323,149.651,110.324],[-80.6862,167.802,104.059],[-64.7507,167.67,105.506],[-52.5204,161.725,109.241],[[[0.0543139,-0.564531,-0.823623],[-0.988117,0.0883917,-0.125747],[-0.14379,-0.820666,0.553021]],[[0.0792082,-0.408285,-0.909411],[-0.659028,0.663028,-0.35507],[-0.747936,-0.627452,0.216554]],[[0.0792082,-0.408285,-0.909411],[0.0444215,0.912817,-0.405945],[-0.995868,0.00824322,-0.0904393]],[[0.0792082,-0.408285,-0.909411],[0.491489,0.809684,-0.320704],[-0.867274,0.421563,-0.264801]]],4]],[[0,200,0],[235.247,235.247,147.751]]],[53728,99744308529,[[137,"left",[0.125097,0.943423,-0.307088],[0.961016,-0.192146,-0.198816],[-93.7642,149.951,141.241],[173.411,1.76329,-72.1345],[-98.2633,149.944,143.44],0.158745,0.613176,0.0566127,[[-0.248151,-0.288083,-0.924894],[-0.965283,0.153903,0.211051],[-0.0815434,-0.945157,0.316273]],52.1312,[-122.238,-101.515,219.569],[-104.225,107.265,149.706]]],[[1370,[0.662408,0.738968,0.123048],137,42.6379,[-36.9981,169.148,181.623],[-35.2773,170.858,181.787],[76.1898,65.44,-15.5078],false,[-90.3331,109.229,170.516],[-90.3331,109.229,170.516],[-63.5402,139.42,176.72],[-45.0625,160.033,180.152],[-32.1772,174.137,181.442],[[[-0.934369,0.247207,-0.256601],[-0.280161,-0.0647625,0.957766],[-0.220148,-0.966796,-0.12977]],[[-0.720557,0.673419,-0.165238],[-0.224453,-0.00105381,0.974484],[-0.656062,-0.73926,-0.151911]],[[-0.720557,0.673419,-0.165238],[-0.204969,0.0207917,0.978548],[-0.662408,-0.738968,-0.123048]],[[-0.720557,0.673419,-0.165238],[-0.167075,0.0626633,0.983951],[-0.672966,-0.7366,-0.0673593]]],0],[1371,[0.955212,-0.182023,-0.233318],137,48.1121,[-38.513,182.535,133.817],[-34.1053,183.526,135.179],[170.043,44.552,53.1336],false,[-106.239,118.779,164.867],[-87.8533,175.123,154.374],[-61.5671,193.734,140.299],[-42.6782,190.135,135.686],[-31.5957,181.64,135.047],[[[-0.222068,-0.108006,-0.969031],[-0.925949,0.334712,0.174889],[-0.305457,-0.93611,0.174337]],[[-0.2795,-0.295956,-0.913394],[-0.602157,0.795003,-0.0733342],[-0.747855,-0.52951,0.400416]],[[-0.2795,-0.295956,-0.913394],[0.0972064,0.937698,-0.333576],[-0.955212,0.182023,0.233318]],[[-0.2795,-0.295956,-0.913394],[0.54156,0.736947,-0.404502],[-0.792838,0.607716,0.0456988]]],1],[1372,[0.951502,-0.307608,-0.00473093],137,54.8199,[-35.5218,171.791,126.692],[-30.4646,173.166,128.084],[202.144,60.5638,52.4136],false,[-109.594,118.62,155.37],[-93.983,170.678,137.928],[-61.0143,188.658,125.892],[-38.878,181.501,125.782],[-27.8764,171.126,128.554],[[[-0.100168,-0.288952,-0.952089],[-0.956644,0.291,0.0123305],[-0.273495,-0.912045,0.305573]],[[-0.127351,-0.379836,-0.916246],[-0.533677,0.804892,-0.259496],[-0.836044,-0.455933,0.305214]],[[-0.127351,-0.379836,-0.916246],[0.280047,0.872412,-0.400588],[-0.951502,0.307608,0.00473093]],[[-0.127351,-0.379836,-0.916246],[0.686824,0.632684,-0.357747],[-0.71558,0.674859,-0.180307]]],2],[1373,[0.98769,-0.156382,-0.00365477],137,52.7108,[-43.7584,167.918,111.779],[-37.9503,168.649,112.728],[237.64,35.0419,37.5692],false,[-111.117,116.556,145.651],[-99.052,160.867,122.908],[-69.9008,178.73,109.972],[-47.516,175.186,109.89],[-35.0947,166.995,113.395],[[[-0.0669202,-0.441127,-0.894946],[-0.969586,0.24039,-0.0459887],[-0.235423,-0.86465,0.443798]],[[-0.0814181,-0.493997,-0.865643],[-0.597815,0.719152,-0.354171],[-0.797489,-0.488658,0.353871]],[[-0.0814181,-0.493997,-0.865643],[0.133565,0.855285,-0.500648],[-0.98769,0.156382,0.00365477]],[[-0.0814181,-0.493997,-0.865643],[0.577109,0.684748,-0.445045],[-0.812599,0.535805,-0.229339]]],3],[1374,[0.994039,-0.00974662,0.108586],137,41.3243,[-59.3299,162.768,108.125],[-53.3327,162.902,108.358],[249.856,0.279891,16.313],false,[-107.877,110.948,135.975],[-100.388,149.622,109.542],[-78.6173,167.694,103.516],[-62.7111,167.538,105.254],[-50.5737,161.582,109.262],[[[0.0674118,-0.571851,-0.817583],[-0.985156,0.0915113,-0.145235],[-0.157871,-0.815237,0.557193]],[[0.0947332,-0.415732,-0.90454],[-0.651673,0.660988,-0.372044],[-0.752561,-0.62471,0.208304]],[[0.0947332,-0.415732,-0.90454],[0.0539589,0.909435,-0.41233],[-0.994039,0.00974662,-0.108586]],[[0.0947332,-0.415732,-0.90454],[0.500243,0.805456,-0.317801],[-0.860687,0.422384,-0.28427]]],4]],[[0,200,0],[235.247,235.247,147.751]]],[53729,99744318454,[[137,"left",[0.125034,0.943237,-0.307686],[0.962709,-0.190331,-0.192262],[-92.5824,149.931,140.778],[157.21,0.630657,-64.5279],[-97.9446,149.943,143.291],0.167456,0.614675,0.0723646,[[-0.241556,-0.289607,-0.926163],[-0.966471,0.157456,0.202833],[-0.0870885,-0.944106,0.317931]],52.1312,[-122.242,-101.313,219.469],[-103.005,107.235,149.239]]],[[1370,[0.660214,0.74067,0.1246],137,42.6379,[-36.9282,169.197,181.607],[-34.4036,171.031,181.622],[79.6674,51.154,-15.5174],false,[-89.2532,109.26,170.136],[-89.2532,109.26,170.136],[-62.5793,139.523,176.499],[-44.1628,160.184,179.975],[-31.3135,174.318,181.295],[[[-0.933215,0.244772,-0.263053],[-0.286254,-0.06395,0.956017],[-0.217184,-0.967469,-0.129746]],[[-0.721033,0.671474,-0.170978],[-0.231316,-0.000663928,0.972878],[-0.653149,-0.741028,-0.155802]],[[-0.721033,0.671474,-0.170978],[-0.210304,0.0230411,0.977364],[-0.660214,-0.74067,-0.1246]],[[-0.721033,0.671474,-0.170978],[-0.172502,0.0650328,0.98286],[-0.671084,-0.738169,-0.0689397]]],0],[1371,[0.956258,-0.188742,-0.22349],137,48.1121,[-38.1771,182.586,133.904],[-32.9759,183.421,135.161],[153.463,24.2116,38.6162],false,[-105.142,118.766,164.369],[-86.8122,175.135,153.911],[-60.3958,193.712,140.037],[-41.4863,189.98,135.618],[-30.4768,181.381,135.124],[[[-0.215512,-0.109938,-0.970293],[-0.927799,0.332938,0.16835],[-0.30454,-0.936518,0.173752]],[[-0.272426,-0.296283,-0.915424],[-0.600784,0.795529,-0.0786882],[-0.751561,-0.528535,0.394724]],[[-0.272426,-0.296283,-0.915424],[0.106563,0.936265,-0.334741],[-0.956258,0.188742,0.22349]],[[-0.272426,-0.296283,-0.915424],[0.552674,0.730614,-0.400941],[-0.787614,0.615158,0.0352901]]],1],[1372,[0.961626,-0.274082,-0.012456],137,54.8199,[-34.9582,172.087,126.729],[-29.2466,174.37,127.473],[179.951,91.5137,12.4059],false,[-108.435,118.586,154.851],[-92.825,170.653,137.432],[-60.2328,189.248,125.307],[-37.8609,182.872,125.017],[-26.5342,172.835,127.728],[[[-0.0933292,-0.29059,-0.952285],[-0.957337,0.288917,0.00566111],[-0.273486,-0.912186,0.305157]],[[-0.121341,-0.384133,-0.91527],[-0.549711,0.793776,-0.260265],[-0.826495,-0.471553,0.307479]],[[-0.121341,-0.384133,-0.91527],[0.246074,0.881658,-0.402649],[-0.961626,0.274082,0.012456]],[[-0.121341,-0.384133,-0.91527],[0.665206,0.652918,-0.362214],[-0.736735,0.652794,-0.176302]]],2],[1373,[0.989271,-0.146081,-0.00192806],137,52.7108,[-42.9233,168.086,111.827],[-36.6504,168.995,112.408],[205.765,38.6909,14.2953],false,[-109.89,116.505,145.126],[-97.7745,160.808,122.394],[-68.7098,178.849,109.512],[-46.2892,175.538,109.468],[-33.7762,167.499,112.999],[[[-0.0601222,-0.442606,-0.894698],[-0.969789,0.238192,-0.052665],[-0.23642,-0.864502,0.443555]],[[-0.075021,-0.496636,-0.864711],[-0.601791,0.713991,-0.357861],[-0.795122,-0.493528,0.352435]],[[-0.075021,-0.496636,-0.864711],[0.12536,0.855578,-0.502266],[-0.989271,0.146081,0.00192806]],[[-0.075021,-0.496636,-0.864711],[0.569448,0.690519,-0.445996],[-0.818597,0.525867,-0.231005]]],3],[1374,[0.993422,-0.0057049,0.114371],137,41.3243,[-58.3684,162.807,108.121],[-51.9977,162.98,108.119],[215.001,3.51386,3.91826],false,[-106.575,110.889,135.479],[-98.9985,149.541,109.037],[-77.282,167.71,103.11],[-61.3857,167.618,104.94],[-49.2561,161.702,109.03],[[[0.0739882,-0.572919,-0.816265],[-0.984386,0.0891318,-0.151787],[-0.159717,-0.814751,0.557379]],[[0.101635,-0.416238,-0.903558],[-0.652782,0.657474,-0.376302],[-0.750697,-0.628072,0.20489]],[[0.101635,-0.416238,-0.903558],[0.0527603,0.909238,-0.41292],[-0.993422,0.0057049,-0.114371]],[[0.101635,-0.416238,-0.903558],[0.499834,0.806661,-0.315378],[-0.860137,0.419576,-0.290035]]],4]],[[0,200,0],[235.247,235.247,147.751]]],[53730,99744327957,[[137,"left",[0.128394,0.941195,-0.312518],[0.963561,-0.192956,-0.18525],[-90.4568,150.347,140.167],[176.32,13.041,-64.4544],[-97.4334,149.97,143.078],0.171518,0.613984,0.0859728,[[-0.235908,-0.289461,-0.927664],[-0.967033,0.164123,0.194708],[-0.0958905,-0.943014,0.318636]],52.1312,[-122.18,-100.589,219.204],[-100.998,107.718,148.819]]],[[1370,[0.661036,0.740402,0.121803],137,42.6379,[-36.7734,169.279,181.57],[-32.485,171.602,181.157],[114.872,53.6196,-25.3356],false,[-87.3707,109.847,169.786],[-87.3707,109.847,169.786],[-60.7001,140.11,176.162],[-42.2607,160.763,179.559],[-29.3871,174.882,180.806],[[[-0.931207,0.24464,-0.270193],[-0.292174,-0.057816,0.954616],[-0.217916,-0.967889,-0.125316]],[[-0.719009,0.671448,-0.179397],[-0.237762,0.00491015,0.971311],[-0.653066,-0.741035,-0.156115]],[[-0.719009,0.671448,-0.179397],[-0.21461,0.0310106,0.976207],[-0.661036,-0.740402,-0.121803]],[[-0.719009,0.671448,-0.179397],[-0.175976,0.0738275,0.981622],[-0.672353,-0.737365,-0.0650763]]],0],[1371,[0.957158,-0.192991,-0.215878],137,48.1121,[-37.6112,182.665,133.976],[-30.7839,183.69,134.744],[175.375,25.1258,15.2787],false,[-103.209,119.343,163.866],[-84.727,175.62,153.185],[-58.2037,194.096,139.38],[-39.2764,190.28,135.112],[-28.3023,181.63,134.75],[[[-0.20977,-0.11538,-0.970919],[-0.928281,0.335364,0.160704],[-0.30707,-0.934996,0.177454]],[[-0.267115,-0.300633,-0.915571],[-0.599357,0.795801,-0.0864451],[-0.7546,-0.525663,0.392757]],[[-0.267115,-0.300633,-0.915571],[0.111797,0.93401,-0.339304],[-0.957158,0.192991,0.215878]],[[-0.267115,-0.300633,-0.915571],[0.558834,0.725701,-0.401326],[-0.785082,0.618852,0.0258416]]],1],[1372,[0.967244,-0.25339,-0.0152549],137,54.8199,[-34.0497,172.593,126.67],[-27.0529,175.527,126.691],[194.187,107.55,-18.1886],false,[-106.445,119.111,154.329],[-90.6462,171.049,136.697],[-58.3107,190.014,124.458],[-35.8081,184.119,124.103],[-24.3153,174.281,126.841],[[[-0.087984,-0.29611,-0.951093],[-0.956897,0.290421,-0.00189778],[-0.276779,-0.909931,0.308899]],[[-0.116678,-0.390406,-0.913219],[-0.560361,0.785043,-0.264015],[-0.819989,-0.480927,0.310366]],[[-0.116678,-0.390406,-0.913219],[0.225445,0.885085,-0.407183],[-0.967244,0.25339,0.0152549]],[[-0.116678,-0.390406,-0.913219],[0.653901,0.661882,-0.366505],[-0.747529,0.639918,-0.17806]]],2],[1373,[0.990733,-0.135806,-0.00236816],137,52.7108,[-41.7,168.374,111.765],[-34.3657,169.58,111.725],[215.704,50.2091,-13.9248],false,[-107.844,116.974,144.608],[-95.5196,161.123,121.688],[-66.5398,179.228,108.705],[-44.086,176.15,108.652],[-31.4681,168.289,112.208],[[[-0.0553684,-0.447832,-0.892402],[-0.969073,0.239368,-0.0599962],[-0.240481,-0.861481,0.447235]],[[-0.0710922,-0.503618,-0.860997],[-0.605321,0.707849,-0.364057],[-0.792801,-0.495297,0.355173]],[[-0.0710922,-0.503618,-0.860997],[0.115736,0.853186,-0.508605],[-0.990733,0.135806,0.00236816]],[[-0.0710922,-0.503618,-0.860997],[0.55997,0.694175,-0.452276],[-0.825457,0.514286,-0.23266]]],3],[1374,[0.992775,-0.0051557,0.119876],137,41.3243,[-57.0054,162.884,108.042],[-49.6801,163.189,107.662],[222.943,9.58043,-11.3532],false,[-104.479,111.296,135.015],[-96.6799,149.778,108.391],[-74.9431,167.926,102.475],[-59.057,167.843,104.393],[-46.9572,161.938,108.587],[[[0.0780559,-0.577882,-0.812379],[-0.983301,0.0897437,-0.158317],[-0.164395,-0.811171,0.561227]],[[0.106566,-0.421244,-0.900665],[-0.651181,0.654969,-0.383379],[-0.751404,-0.627351,0.204508]],[[0.106566,-0.421244,-0.900665],[0.0551407,0.906933,-0.417651],[-0.992775,0.0051557,-0.119876]],[[0.106566,-0.421244,-0.900665],[0.502433,0.804482,-0.316811],[-0.858024,0.418762,-0.297378]]],4]],[[0,200,0],[235.247,235.247,147.751]]],[53731,99744337688,[[137,"left",[0.126487,0.939724,-0.317678],[0.96405,-0.191897,-0.183802],[-88.4993,150.416,139.323],[183.603,11.2898,-71.0045],[-96.6643,150.009,142.754],0.174582,0.605602,0.108019,[[-0.234416,-0.289495,-0.928031],[-0.966407,0.172889,0.190177],[-0.105391,-0.941436,0.320298]],52.1312,[-122.232,-100.146,218.958],[-98.952,107.813,148.206]]],[[1370,[0.66009,0.742454,0.114206],137,42.6379,[-36.4761,169.409,181.47],[-30.572,172.021,180.084],[138.889,50.4198,-50.9216],false,[-85.3377,110.087,169.167],[-85.3377,110.087,169.167],[-58.7485,140.447,175.42],[-40.3355,161.158,178.605],[-27.4754,175.304,179.668],[[[-0.931625,0.241126,-0.271907],[-0.292432,-0.0531586,0.954808],[-0.215775,-0.969037,-0.120037]],[[-0.720483,0.668772,-0.183431],[-0.23876,0.00911509,0.971036],[-0.651074,-0.743411,-0.153109]],[[-0.720483,0.668772,-0.183431],[-0.212567,0.0387976,0.976376],[-0.66009,-0.742454,-0.114206]],[[-0.720483,0.668772,-0.183431],[-0.172623,0.0832265,0.981466],[-0.671644,-0.738794,-0.0554819]]],0],[1371,[0.957943,-0.189951,-0.215089],137,48.1121,[-36.754,182.794,133.96],[-28.9495,183.959,133.741],[178.46,27.9486,-19.7244],false,[-101.194,119.516,163.188],[-82.8293,175.773,152.203],[-56.4249,194.357,138.315],[-37.482,190.601,134.062],[-26.489,181.973,133.748],[[[-0.20913,-0.121209,-0.970347],[-0.929067,0.334243,0.158482],[-0.305122,-0.93466,0.182512]],[[-0.265871,-0.30549,-0.914324],[-0.604138,0.791904,-0.0889145],[-0.751219,-0.528738,0.395102]],[[-0.265871,-0.30549,-0.914324],[0.107969,0.933056,-0.343145],[-0.957943,0.189951,0.215089]],[[-0.265871,-0.30549,-0.914324],[0.557519,0.725027,-0.404361],[-0.786438,0.617261,0.0224467]]],1],[1372,[0.9709,-0.238702,-0.0193764],137,54.8199,[-32.7559,173.274,126.425],[-25.1605,176.22,125.486],[193.842,99.3417,-50.31],false,[-104.425,119.224,153.651],[-88.7321,171.098,135.738],[-56.6216,190.325,123.316],[-34.0339,184.771,122.865],[-22.4061,175.091,125.596],[[[-0.0869622,-0.301563,-0.949472],[-0.957521,0.288337,-0.00387998],[-0.274938,-0.908802,0.313828]],[[-0.115479,-0.395746,-0.911071],[-0.568867,0.778244,-0.265945],[-0.814282,-0.487567,0.314997]],[[-0.115479,-0.395746,-0.911071],[0.209806,0.886796,-0.411794],[-0.9709,0.238702,0.0193764]],[[-0.115479,-0.395746,-0.911071],[0.643931,0.668547,-0.372018],[-0.756318,0.629627,-0.17763]]],2],[1373,[0.992534,-0.121649,-0.0088575],137,52.7108,[-40.1046,168.785,111.462],[-32.5008,170.075,110.465],[208.252,54.7981,-50.9631],false,[-105.816,117.03,143.941],[-93.5779,161.078,120.782],[-64.8441,179.377,107.528],[-42.3495,176.62,107.327],[-29.5819,168.98,110.832],[[[-0.0540427,-0.452887,-0.889929],[-0.969564,0.236938,-0.0616994],[-0.238801,-0.859508,0.451907]],[[-0.0702172,-0.5105,-0.857006],[-0.614134,0.69913,-0.366139],[-0.786072,-0.500607,0.362606]],[[-0.0702172,-0.5105,-0.857006],[0.0997324,0.851229,-0.515231],[-0.992534,0.121649,0.0088575]],[[-0.0702172,-0.5105,-0.857006],[0.545369,0.699714,-0.461489],[-0.83525,0.499789,-0.229279]]],3],[1374,[0.992802,-0.00110162,0.119762],137,41.3243,[-55.2537,162.971,107.785],[-47.762,163.211,106.746],[215.047,8.06287,-35.8844],false,[-102.435,111.307,134.382],[-94.7085,149.657,107.548],[-73.0477,167.862,101.527],[-57.1613,167.844,103.443],[-45.0463,161.993,107.67],[[[0.0796298,-0.582203,-0.809134],[-0.983429,0.0867403,-0.159196],[-0.162869,-0.808403,0.565648]],[[0.107913,-0.42553,-0.898487],[-0.653985,0.650303,-0.386535],[-0.748771,-0.629309,0.208114]],[[0.107913,-0.42553,-0.898487],[0.0519523,0.904943,-0.422348],[-0.992802,0.00110162,-0.119762]],[[0.107913,-0.42553,-0.898487],[0.500299,0.804231,-0.320801],[-0.859102,0.414893,-0.299679]]],4]],[[0,200,0],[235.247,235.247,147.751]]],[53732,99744347392,[[137,"left",[0.114519,0.937558,-0.328437],[0.96189,-0.187283,-0.199229],[-85.5447,150.045,138.121],[218.968,-3.18596,-86.4589],[-95.4518,150.013,142.249],0.172701,0.606153,0.123872,[[-0.247325,-0.285517,-0.925911],[-0.961282,0.192153,0.19752],[-0.121521,-0.938913,0.321986]],52.1312,[-122.395,-99.9424,218.703],[-95.5521,107.459,147.577]]],[[1370,[0.657041,0.747779,0.0955193],137,42.6379,[-35.8167,169.618,181.16],[-27.0477,172.404,177.639],[204.107,47.0614,-109.662],false,[-81.5825,110.015,168.27],[-81.5825,110.015,168.27],[-55.0933,140.606,173.782],[-36.7654,161.465,176.447],[-23.9822,175.703,177.141],[[[-0.937909,0.232515,-0.257416],[-0.275033,-0.0462508,0.960322],[-0.211383,-0.971493,-0.107328]],[[-0.728106,0.662317,-0.176629],[-0.22169,0.0163,0.974981],[-0.648625,-0.749046,-0.134961]],[[-0.728106,0.662317,-0.176629],[-0.195343,0.0465042,0.979632],[-0.657041,-0.747779,-0.0955193]],[[-0.728106,0.662317,-0.176629],[-0.155352,0.0915288,0.98361],[-0.667628,-0.743612,-0.0362497]]],0],[1371,[0.955513,-0.183014,-0.231303],137,48.1121,[-35.5327,182.95,133.636],[-26.3811,184.038,131.167],[203.073,24.2512,-91.9374],false,[-97.6059,119.285,162.49],[-79.8163,175.557,150.666],[-53.8731,194.307,136.148],[-34.9783,190.688,131.574],[-23.9276,182.14,131.133],[[[-0.225547,-0.131526,-0.965313],[-0.928317,0.329615,0.171992],[-0.29556,-0.934909,0.196442]],[[-0.279866,-0.314991,-0.906894],[-0.613913,0.784978,-0.0831934],[-0.738096,-0.533471,0.413065]],[[-0.279866,-0.314991,-0.906894],[0.093116,0.931282,-0.352197],[-0.955513,0.183014,0.231303]],[[-0.279866,-0.314991,-0.906894],[0.544685,0.725789,-0.420177],[-0.790565,0.611564,0.0315527]]],1],[1372,[0.975833,-0.214185,-0.0433094],137,54.8199,[-31.1183,174.084,125.695],[-22.7347,176.975,122.551],[208.762,98.1087,-126.644],false,[-101.004,118.884,153.015],[-85.9797,170.691,134.353],[-54.572,190.463,121.022],[-31.8696,185.48,120.015],[-19.967,176.078,122.526],[[[-0.101822,-0.310878,-0.94498],[-0.959348,0.282028,0.0105894],[-0.263219,-0.907643,0.326957]],[[-0.129095,-0.405147,-0.905091],[-0.590753,0.764506,-0.257956],[-0.796458,-0.501385,0.338036]],[[-0.129095,-0.405147,-0.905091],[0.17631,0.888809,-0.423006],[-0.975833,0.214185,0.0433094]],[[-0.129095,-0.405147,-0.905091],[0.619645,0.679633,-0.392606],[-0.774193,0.611519,-0.16331]]],2],[1373,[0.993467,-0.110441,-0.0287511],137,52.7108,[-38.2703,169.151,110.704],[-30.2764,170.04,107.905],[213.061,38.7704,-114.462],false,[-102.552,116.592,143.352],[-91.0237,160.503,119.578],[-62.7991,178.993,105.519],[-40.2833,176.49,104.868],[-27.3675,169.019,108.189],[[[-0.0668359,-0.461426,-0.884657],[-0.972073,0.230019,-0.0465349],[-0.224961,-0.856841,0.463914]],[[-0.0824464,-0.520375,-0.849948],[-0.63008,0.687989,-0.360098],[-0.772141,-0.505847,0.3846]],[[-0.0824464,-0.520375,-0.849948],[0.0789079,0.846766,-0.526081],[-0.993467,0.110441,0.0287511]],[[-0.0824464,-0.520375,-0.849948],[0.52845,0.700253,-0.479986],[-0.844952,0.488728,-0.217259]]],3],[1374,[0.994801,0.00755865,0.101557],137,41.3243,[-53.2065,162.975,107.119],[-45.5024,162.844,104.693],[219.943,-4.84825,-87.4945],false,[-99.3037,110.802,133.786],[-92.313,148.953,106.47],[-70.9196,167.279,99.8879],[-55.0012,167.4,101.513],[-42.7705,161.672,105.571],[[[0.069116,-0.589116,-0.805087],[-0.986665,0.0788406,-0.142395],[-0.147361,-0.804193,0.575811]],[[0.0948138,-0.432693,-0.896542],[-0.666412,0.641447,-0.380055],[-0.739531,-0.6335,0.227534]],[[0.0948138,-0.432693,-0.896542],[0.0371665,0.90151,-0.43116],[-0.994801,-0.00755865,-0.101557]],[[0.0948138,-0.432693,-0.896542],[0.488665,0.804857,-0.336765],[-0.867304,0.406179,-0.287754]]],4]],[[0,200,0],[235.247,235.247,147.751]]],[53733,99744357142,[[137,"left",[0.106961,0.936695,-0.333409],[0.963162,-0.180832,-0.199046],[-82.7384,149.189,137.247],[239.192,-28.042,-87.4105],[-93.6819,149.898,141.553],0.173391,0.610218,0.139631,[[-0.244742,-0.286007,-0.926446],[-0.959937,0.205956,0.190008],[-0.136464,-0.935832,0.324955]],52.1312,[-122.551,-100.145,218.713],[-92.4067,106.576,146.933]]],[[1370,[0.651518,0.753295,0.089835],137,42.6379,[-34.7186,169.865,180.659],[-24.3791,172.204,176.545],[224.515,27.0725,-110.383],false,[-78.4412,109.349,167.601],[-78.4412,109.349,167.601],[-52.1951,140.174,172.968],[-34.0213,161.186,175.474],[-21.3376,175.52,176.011],[[[-0.939892,0.223867,-0.257849],[-0.273911,-0.0433821,0.960776],[-0.2039,-0.973654,-0.102094]],[[-0.733382,0.655698,-0.179475],[-0.221644,0.0189545,0.974943],[-0.64267,-0.754785,-0.131431]],[[-0.733382,0.655698,-0.179475],[-0.194103,0.0510479,0.979652],[-0.651518,-0.753296,-0.089835]],[[-0.733382,0.655698,-0.179475],[-0.152761,0.0983026,0.983362],[-0.662431,-0.748596,-0.0280718]]],0],[1371,[0.956891,-0.175276,-0.231598],137,48.1121,[-33.8973,183.066,133.141],[-23.8686,183.667,130.068],[218.922,6.93852,-98.2057],false,[-94.5407,118.463,161.785],[-77.1989,174.809,149.654],[-51.4502,193.744,135.029],[-32.5281,190.278,130.449],[-21.4048,181.823,130.034],[[[-0.225274,-0.138307,-0.964429],[-0.930719,0.323276,0.17104],[-0.288121,-0.936143,0.201551]],[[-0.277953,-0.321264,-0.90528],[-0.621363,0.778832,-0.0856103],[-0.732565,-0.538711,0.4161]],[[-0.277953,-0.321264,-0.90528],[0.08427,0.930628,-0.356133],[-0.956891,0.175276,0.231598]],[[-0.277953,-0.321264,-0.90528],[0.538064,0.728628,-0.423779],[-0.795757,0.604889,0.0296634]]],1],[1372,[0.98127,-0.185074,-0.0534446],137,54.8199,[-29.1681,174.979,124.725],[-20.3243,177.574,121.026],[218.251,92.9096,-137.928],false,[-97.9431,117.986,152.315],[-83.3371,169.811,133.371],[-52.5508,190.323,119.713],[-29.7219,186.017,118.47],[-17.556,176.936,120.897],[[[-0.100142,-0.316582,-0.943264],[-0.961505,0.274608,0.00991301],[-0.25589,-0.907946,0.331895]],[[-0.126683,-0.410975,-0.902801],[-0.61193,0.748692,-0.254954],[-0.7807,-0.520153,0.346335]],[[-0.126683,-0.410975,-0.902801],[0.145121,0.892663,-0.426724],[-0.98127,0.185074,0.0534446]],[[-0.126683,-0.410975,-0.902801],[0.598142,0.694402,-0.40004],[-0.791314,0.590682,-0.157853]]],2],[1373,[0.994947,-0.094167,-0.0348286],137,52.7108,[-36.1857,169.463,109.755],[-27.8341,169.886,106.573],[221.794,26.0249,-123.37],false,[-99.4811,115.632,142.666],[-88.3132,159.507,118.653],[-60.5519,178.431,104.253],[-38.0026,176.297,103.464],[-24.9744,169.019,106.774],[[[-0.0639373,-0.466538,-0.882187],[-0.97387,0.222205,-0.0469292],[-0.217921,-0.856135,0.468554]],[[-0.0795084,-0.527149,-0.846045],[-0.645669,0.673865,-0.35919],[-0.759467,-0.517707,0.393942]],[[-0.0795084,-0.527149,-0.846045],[0.0613097,0.844539,-0.531972],[-0.994947,0.094167,0.0348286]],[[-0.0795084,-0.527149,-0.846045],[0.516973,0.703867,-0.487145],[-0.852301,0.476115,-0.216558]]],3],[1374,[0.99484,0.0173865,0.0999596],137,41.3243,[-50.7621,162.824,106.288],[-42.8457,162.175,103.696],[235.116,-22.9509,-92.1841],false,[-96.1951,109.818,133.127],[-89.5229,147.879,105.607],[-68.3152,166.373,98.8949],[-52.3962,166.651,100.494],[-40.1095,161.054,104.565],[[[0.0730668,-0.592749,-0.802066],[-0.98736,0.0704199,-0.141989],[-0.140645,-0.802303,0.580111]],[[0.0974989,-0.436436,-0.894437],[-0.673085,0.633098,-0.382287],[-0.73311,-0.639305,0.232032]],[[0.0974989,-0.436436,-0.894437],[0.0280748,0.899567,-0.435879],[-0.99484,-0.0173865,-0.0999596]],[[0.0974989,-0.436436,-0.894437],[0.481013,0.807445,-0.341555],[-0.871275,0.396934,-0.288656]]],4]],[[0,200,0],[235.247,235.247,147.751]]],[53734,99744367064,[[137,"left",[0.109338,0.936151,-0.334164],[0.964739,-0.180918,-0.191175],[-80.0204,148.804,135.833],[249.548,-31.2537,-103.831],[-91.3216,149.709,140.564],0.170821,0.614452,0.158796,[[-0.237706,-0.290615,-0.926844],[-0.959899,0.216284,0.178367],[-0.148625,-0.932075,0.330373]],52.1312,[-122.584,-99.6859,218.493],[-89.7537,106.205,145.516]]],[[1370,[0.650853,0.753605,0.0920261],137,42.6379,[-33.1374,170.117,179.942],[-21.9704,171.899,175.477],[230.041,9.82378,-109.606],false,[-75.9514,109.017,166.288],[-75.9514,109.017,166.288],[-49.7674,139.861,171.842],[-31.6121,160.883,174.409],[-18.9253,175.214,174.941],[[[-0.937897,0.223177,-0.265596],[-0.281428,-0.0418095,0.958671],[-0.202849,-0.973881,-0.102021]],[[-0.732185,0.655112,-0.186369],[-0.229852,0.0199168,0.973022],[-0.64115,-0.755269,-0.135996]],[[-0.732185,0.655112,-0.186369],[-0.200736,0.0539191,0.97816],[-0.650853,-0.753605,-0.0920261]],[[-0.732185,0.655112,-0.186369],[-0.157703,0.103132,0.982086],[-0.662597,-0.74846,-0.0278019]]],0],[1371,[0.959319,-0.169159,-0.226035],137,48.1121,[-31.7603,183.182,132.446],[-21.1879,183.525,129.021],[233.344,4.38779,-101.446],false,[-92.0071,118.117,160.331],[-74.5848,174.447,148.239],[-48.8777,193.568,133.783],[-29.9077,190.223,129.313],[-18.7431,181.819,128.968],[[[-0.217668,-0.140017,-0.965927],[-0.932113,0.323323,0.16318],[-0.289458,-0.935873,0.200889]],[[-0.270559,-0.322131,-0.90721],[-0.626006,0.77479,-0.0884164],[-0.731378,-0.543997,0.411282]],[[-0.270559,-0.322131,-0.90721],[0.0806496,0.93146,-0.354794],[-0.959319,0.169159,0.226035]],[[-0.270559,-0.322131,-0.90721],[0.537455,0.731289,-0.419951],[-0.798712,0.601206,0.0247258]]],1],[1372,[0.983914,-0.170863,-0.0521408],137,54.8199,[-26.8186,175.887,123.559],[-17.6075,177.919,119.727],[233.886,77.1601,-136.44],false,[-95.335,117.623,150.835],[-80.5938,169.419,131.917],[-50.005,190.277,118.34],[-27.1145,186.302,117.127],[-14.8466,177.367,119.585],[[[-0.0926605,-0.318223,-0.943477],[-0.961622,0.274371,0.00190058],[-0.258258,-0.907444,0.331434]],[[-0.119503,-0.41258,-0.903048],[-0.619692,0.741634,-0.256829],[-0.775694,-0.52892,0.3443]],[[-0.119503,-0.41258,-0.903048],[0.132785,0.894753,-0.426362],[-0.983914,0.170863,0.0521408]],[[-0.119503,-0.41258,-0.903048],[0.590753,0.701482,-0.398666],[-0.797954,0.58112,-0.159904]]],2],[1373,[0.995692,-0.087206,-0.0315177],137,52.7108,[-33.7346,169.739,108.618],[-25.0475,169.827,105.283],[237.878,18.3306,-126.807],false,[-96.7967,115.252,141.178],[-85.4518,159.088,117.179],[-57.8419,178.227,102.771],[-35.2757,176.25,102.057],[-22.2356,169.035,105.457],[[[-0.0568988,-0.468064,-0.881861],[-0.973527,0.221867,-0.054947],[-0.221375,-0.855389,0.468297]],[[-0.0731817,-0.530296,-0.844648],[-0.651252,0.666829,-0.36223],[-0.755325,-0.52357,0.394156]],[[-0.0731817,-0.530296,-0.844648],[0.0569447,0.843316,-0.534393],[-0.995692,0.087206,0.0315177]],[[-0.0731817,-0.530296,-0.844648],[0.516623,0.704275,-0.486926],[-0.85308,0.471999,-0.222423]]],3],[1374,[0.994213,0.0239422,0.104723],137,41.3243,[-47.8717,162.65,105.225],[-39.9503,161.927,102.472],[251.166,-20.8953,-103.009],false,[-93.4345,109.422,131.675],[-86.5562,147.438,104.143],[-65.4411,166.055,97.4804],[-49.5321,166.438,99.1561],[-37.2415,160.91,103.309],[[[0.0795043,-0.594102,-0.800451],[-0.986234,0.0699162,-0.149849],[-0.14499,-0.801346,0.580365]],[[0.104592,-0.438144,-0.892799],[-0.675495,0.627572,-0.387117],[-0.729909,-0.643571,0.230325]],[[0.104592,-0.438144,-0.892799],[0.0245081,0.898586,-0.438113],[-0.994213,-0.0239422,-0.104723]],[[0.104592,-0.438144,-0.892799],[0.47901,0.808925,-0.340866],[-0.871556,0.392008,-0.294482]]],4]],[[0,200,0],[235.247,235.247,147.751]]],[53735,99744376581,[[137,"left",[0.114442,0.93839,-0.326077],[0.962146,-0.186421,-0.198805],[-77.8111,149.255,134.351],[244.539,-8.61794,-118.766],[-88.7668,149.623,139.389],0.165929,0.619441,0.178791,[[-0.247518,-0.292009,-0.923832],[-0.955979,0.228705,0.183842],[-0.157601,-0.928668,0.335763]],52.1312,[-122.623,-98.4963,217.864],[-87.8101,106.642,143.695]]],[[1370,[0.657247,0.747727,0.094504],137,42.6379,[-31.156,170.322,178.979],[-19.3432,171.535,173.831],[243.127,-3.89567,-127.675],false,[-73.8603,109.154,164.407],[-73.8603,109.154,164.407],[-47.4134,139.746,170.111],[-29.0798,160.604,172.747],[-16.2765,174.829,173.307],[[[-0.937768,0.23276,-0.257709],[-0.275886,-0.04867,0.959957],[-0.210897,-0.971316,-0.109856]],[[-0.728282,0.662365,-0.175722],[-0.224134,0.0120867,0.974483],[-0.647587,-0.749084,-0.139656]],[[-0.728282,0.662365,-0.175722],[-0.193988,0.0466674,0.979893],[-0.657247,-0.747727,-0.094504]],[[-0.728282,0.662365,-0.175722],[-0.14993,0.0962007,0.984005],[-0.668675,-0.742979,-0.0292474]]],0],[1371,[0.957195,-0.16779,-0.235847],137,48.1121,[-29.4178,183.37,131.528],[-18.8569,183.858,127.457],[235.802,16.8046,-120.513],false,[-89.8821,118.431,158.634],[-72.1043,174.738,146.962],[-46.5096,194.018,132.518],[-27.5815,190.7,127.854],[-16.4483,182.264,127.331],[[[-0.224618,-0.129294,-0.965831],[-0.928605,0.328831,0.17194],[-0.295364,-0.935496,0.193924]],[[-0.278431,-0.311157,-0.908657],[-0.626281,0.776091,-0.0738563],[-0.728181,-0.54851,0.41096]],[[-0.278431,-0.311157,-0.908657],[0.0790784,0.935429,-0.344556],[-0.957195,0.16779,0.235847]],[[-0.278431,-0.311157,-0.908657],[0.536758,0.734129,-0.415866],[-0.796472,0.603519,0.0373887]]],1],[1372,[0.984071,-0.165185,-0.0657102],137,54.8199,[-24.4507,176.813,122.211],[-15.4208,178.742,117.836],[231.56,81.66,-154.413],false,[-93.2714,118.052,149.156],[-78.2509,169.91,130.631],[-47.8936,191.026,116.935],[-24.9996,187.183,115.407],[-12.6874,178.251,117.641],[[[-0.10084,-0.308644,-0.945817],[-0.95947,0.28162,0.0103956],[-0.263152,-0.908531,0.324533]],[[-0.128202,-0.403337,-0.906026],[-0.62525,0.742005,-0.241847],[-0.769822,-0.535488,0.347313]],[[-0.128202,-0.403337,-0.906026],[0.123158,0.900018,-0.418089],[-0.984071,0.165185,0.0657102]],[[-0.128202,-0.403337,-0.906026],[0.585015,0.706937,-0.397488],[-0.800825,0.580998,-0.145327]]],2],[1373,[0.995289,-0.086556,-0.0436742],137,52.7108,[-31.4159,170.137,107.306],[-23.0656,170.574,103.37],[227.651,38.2634,-149.368],false,[-94.8101,115.782,139.486],[-83.2774,159.755,115.827],[-55.9116,179.1,101.232],[-33.3545,177.13