{"metadata":{"formatVersion":2,"generatedBy":"LeapJS Playback 0.2.1","frames":287,"protocolVersion":6,"serviceVersion":"2.2.3+25971","frameRate":"1.1e+2","modified":"Sun Mar 08 2015 17:26:03 GMT-0300 (E. South America Standard Time)"},"frames":[["id","timestamp",{"hands":[["id","type","direction","palmNormal","palmPosition","palmVelocity","stabilizedPalmPosition","pinchStrength","grabStrength","confidence","armBasis","armWidth","elbow","wrist"]]},{"pointables":[["id","direction","handId","length","stabilizedTipPosition","tipPosition","tipVelocity","tool","carpPosition","mcpPosition","pipPosition","dipPosition","btipPosition","bases","type"]]},{"interactionBox":["center","size"]}],[50326,99692192239,[[129,"right",[-0.068143,0.457054,-0.886825],[-0.215324,-0.874679,-0.434249],[148.205,127.062,104.974],[1.19209e-7,1.19209e-7,1.19209e-7],[148.205,127.062,104.974],0,0,0,[[0.976691,-0.190021,-0.0998362],[0.214529,0.879858,0.424061],[0.0072611,-0.435594,0.900114]],61.2607,[161.661,-7.28777,385.311],[159.777,105.783,151.66]]],[[1290,[-0.704841,0.252979,-0.662722],129,50.1049,[63.5986,123.541,87.3597],[63.5986,123.541,87.3597],[1.19209e-7,1.19209e-7,1.19209e-7],false,[131.065,99.6204,154.4],[131.065,99.6204,154.4],[98.6476,111.008,120.895],[75.5432,119.301,99.1714],[60.0308,124.807,83.8315],[[[0.571295,0.806591,0.15177],[-0.66111,0.342661,0.66747],[0.48637,-0.481659,0.729006]],[[0.398376,0.914173,-0.0747302],[-0.620485,0.328601,0.712053],[0.675496,-0.237296,0.698137]],[[0.398376,0.914173,-0.0747302],[-0.586937,0.316686,0.745128],[0.704841,-0.252979,0.662722]],[[0.398376,0.914173,-0.0747302],[-0.604965,0.323121,0.727743],[0.68943,-0.244706,0.681767]]],0],[1291,[-0.360243,-0.555066,-0.749751],129,56.5378,[99.3386,135.583,34.9245],[99.3386,135.583,34.9245],[1.19209e-7,1.19209e-7,1.19209e-7],false,[141.966,119.514,152.214],[123.567,143.748,88.3633],[108.934,160.986,53.7979],[100.563,148.087,36.3756],[98.9729,131.847,34.4911],[[[0.948892,-0.0823322,-0.304674],[0.178713,0.935858,0.303696],[0.260128,-0.342624,0.902742]],[[0.91236,-0.0420782,-0.407221],[0.205164,0.907775,0.365859],[0.354271,-0.417342,0.83685]],[[0.91236,-0.0420782,-0.407221],[-0.194487,0.830741,-0.521578],[0.360243,0.555066,0.749751]],[[0.91236,-0.0420782,-0.407221],[-0.39778,0.144087,-0.906096],[0.0968021,0.98867,0.114721]]],1],[1292,[-0.0779039,0.190654,-0.978561],129,64.4203,[138.118,159.742,0.271125],[138.118,159.742,0.271125],[1.19209e-7,1.19209e-7,1.19209e-7],false,[153.223,120.275,148.632],[144.634,142.196,85.8247],[141.425,152.136,40.6771],[139.295,157.348,13.9243],[137.767,160.458,-3.80711],[[[0.930849,-0.286192,-0.227188],[0.34223,0.900716,0.267561],[0.128058,-0.326809,0.936374]],[[0.938839,-0.316211,-0.136349],[0.337321,0.924122,0.179483],[0.0692491,-0.214499,0.974266]],[[0.938839,-0.316211,-0.136349],[0.335428,0.929334,0.15436],[0.0779039,-0.190654,0.978561]],[[0.938839,-0.316211,-0.136349],[0.333809,0.932949,0.134828],[0.0845729,-0.172096,0.981443]]],2],[1293,[0.00439041,0.0314327,-0.999496],129,61.9418,[166.956,140.847,4.85375],[166.956,140.847,4.85375],[1.19209e-7,1.19209e-7,1.19209e-7],false,[164.359,117.949,145.455],[165.525,135.971,88.0044],[167.123,140.306,45.2985],[167.24,141.143,18.6791],[166.871,140.759,0.724105],[[[0.911083,-0.398245,-0.106436],[0.411768,0.867091,0.280359],[-0.0193621,-0.299257,0.953976]],[[0.904457,-0.426461,-0.00943862],[0.424939,0.898859,0.107145],[-0.0372091,-0.100919,0.994199]],[[0.904457,-0.426461,-0.00943862],[0.426542,0.90396,0.0303018],[-0.00439041,-0.0314327,0.999496]],[[0.904457,-0.426461,-0.00943862],[0.426071,0.904253,-0.0281242],[0.0205288,0.0214156,0.99956]]],3],[1294,[0.207901,-0.0609199,-0.976251],129,48.5612,[197.8,122.922,26.4177],[197.8,122.922,26.4177],[1.19209e-7,1.19209e-7,1.19209e-7],false,[174.094,108.792,142.524],[183.26,125.758,90.218],[191.613,125.308,57.2689],[195.523,124.163,38.9115],[198.48,122.551,22.6858],[[[0.822075,-0.567962,-0.0401586],[0.545123,0.764725,0.343564],[-0.164421,-0.304327,0.93827]],[[0.75333,-0.626642,0.199532],[0.610014,0.779195,0.144011],[-0.245717,0.0132292,0.969251]],[[0.75333,-0.626642,0.199532],[0.623916,0.776922,0.0843866],[-0.207901,0.0609199,0.976251]],[[0.75333,-0.626642,0.199532],[0.63297,0.773215,0.0385586],[-0.178443,0.0972502,0.979132]]],4]],[[0,200,0],[235.247,235.247,147.751]]],[50327,99692200838,[[129,"right",[-0.0957259,0.473893,-0.875364],[-0.212286,-0.86889,-0.447174],[144.856,125.738,107.401],[-389.534,-153.872,282.248],[148.052,127.001,105.085],0,0,0.0433194,[[0.977906,-0.189177,-0.0889464],[0.209043,0.883916,0.418322],[-0.000515794,-0.427674,0.903933]],61.2607,[157.7,-7.31874,387.999],[157.834,103.696,153.357]]],[[1290,[-0.722848,0.260646,-0.639964],129,50.1049,[63.427,123.453,87.5707],[60.042,121.587,91.6786],[-407.924,-209.191,501.583],false,[129.291,97.0354,156.631],[129.291,97.0354,156.631],[95.9067,108.885,124.254],[72.212,117.429,103.276],[56.4703,123.03,88.2067],[[[0.562529,0.81208,0.155201],[-0.650373,0.318739,0.689508],[0.510466,-0.488807,0.707454]],[[0.386126,0.920409,-0.0612677],[-0.605811,0.303113,0.735606],[0.69563,-0.24692,0.674633]],[[0.386126,0.920409,-0.0612677],[-0.57306,0.291394,0.765958],[0.722848,-0.260646,0.639964]],[[0.386126,0.920409,-0.0612677],[-0.601198,0.301474,0.74005],[0.69962,-0.248918,0.669755]]],0],[1291,[-0.368632,-0.547845,-0.750983],129,56.5378,[98.8694,135.503,35.27],[94.2365,134.794,38.6872],[-593.715,-100.304,437.146],false,[139.837,117.136,154.607],[119.588,142.376,91.7127],[103.862,159.944,57.7994],[95.296,147.213,40.3484],[93.9158,130.988,38.1863],[[[0.942629,-0.0614232,-0.328142],[0.171717,0.932139,0.318795],[0.286293,-0.356853,0.889209]],[[0.903108,-0.0196621,-0.428962],[0.198592,0.904827,0.376629],[0.380731,-0.425325,0.821062]],[[0.903108,-0.0196621,-0.428962],[-0.220239,0.836349,-0.502012],[0.368632,0.547845,0.750983]],[[0.903108,-0.0196621,-0.428962],[-0.421111,0.154917,-0.893681],[0.0840251,0.987732,0.131627]]],1],[1292,[-0.112407,0.189831,-0.975361],129,64.4203,[136.889,159.625,0.837481],[131.398,159.472,3.5394],[-804.226,-76.9029,370.561],false,[150.995,118.144,150.782],[140.61,141.202,88.6567],[135.97,151.631,43.7445],[132.897,156.821,17.0792],[130.697,159.756,-0.611219],[[[0.929464,-0.267072,-0.254497],[0.334851,0.900274,0.278174],[0.154824,-0.343772,0.926202]],[[0.939899,-0.298187,-0.166355],[0.326438,0.927597,0.181665],[0.10014,-0.225052,0.969187]],[[0.939899,-0.298187,-0.166355],[0.32242,0.93544,0.144904],[0.112407,-0.189831,0.975361]],[[0.939899,-0.298187,-0.166355],[0.319003,0.94058,0.116387],[0.121765,-0.16246,0.979173]]],2],[1293,[-0.0127648,0.0630659,-0.997928],129,61.9418,[166.3,141.067,5.14306],[161.392,142.395,7.22848],[-628.434,210.39,276.974],false,[162.087,116.055,147.301],[161.638,135.258,90.2242],[162.385,140.801,47.6346],[162.045,142.48,21.057],[161.405,142.709,3.10694],[[[0.914213,-0.381851,-0.135666],[0.405166,0.867475,0.288664],[0.00745974,-0.318868,0.94777]],[[0.910154,-0.41255,-0.0377139],[0.413905,0.901752,0.124606],[-0.0173978,-0.129021,0.991489]],[[0.910154,-0.41255,-0.0377139],[0.414074,0.908749,0.0521335],[0.0127648,-0.0630659,0.997928]],[[0.910154,-0.41255,-0.0377139],[0.412735,0.910846,-0.00311228],[0.0356356,-0.0127332,0.999284]]],3],[1294,[0.186683,-0.0361803,-0.981754],129,48.5612,[197.261,123.046,26.5502],[192.698,124.049,27.6614],[-590.222,136.736,145.144],false,[171.888,107.112,143.957],[179.571,125.278,91.8158],[187.208,125.716,58.693],[190.718,125.036,40.2322],[193.324,123.817,23.9122],[[[0.829335,-0.554238,-0.070878],[0.541484,0.765921,0.346641],[-0.137835,-0.325861,0.935316]],[[0.767246,-0.618769,0.168697],[0.600726,0.785467,0.148896],[-0.224638,-0.0128989,0.974357]],[[0.767246,-0.618769,0.168697],[0.613583,0.784739,0.0877544],[-0.186683,0.0361803,0.981754]],[[0.767246,-0.618769,0.168697],[0.621785,0.782122,0.0408525],[-0.15722,0.0735492,0.984821]]],4]],[[0,200,0],[235.247,235.247,147.751]]],[50328,99692209490,[[129,"right",[-0.108794,0.504124,-0.856751],[-0.218263,-0.852949,-0.474171],[137.808,123.892,110.735],[-502.405,-169.686,309.607],[146.821,126.627,105.764],0,0,0.0829158,[[0.977927,-0.190725,-0.0853419],[0.208944,0.890255,0.404709],[-0.001212,-0.413607,0.910455]],61.2607,[151.155,-7.09383,392.032],[151.47,100.27,155.697]]],[[1290,[-0.731747,0.287347,-0.618044],129,50.1049,[62.2625,123.165,88.5302],[52.8462,120.549,96.1983],[-519.976,-180.825,508.444],false,[122.981,93.4664,159.151],[122.981,93.4664,159.151],[89.0879,106.686,127.851],[65.1015,116.105,107.592],[49.2688,122.276,92.844],[[[0.564239,0.806783,0.175314],[-0.640426,0.293686,0.70965],[0.521047,-0.512688,0.682394]],[[0.387975,0.921146,-0.0310838],[-0.592203,0.274988,0.757415],[0.706237,-0.27545,0.652194]],[[0.387975,0.921146,-0.0310838],[-0.560377,0.262531,0.785528],[0.731747,-0.287347,0.618044]],[[0.387975,0.921146,-0.0310838],[-0.595255,0.276177,0.754585],[0.703667,-0.274257,0.655466]]],0],[1291,[-0.378471,-0.524637,-0.762572],129,56.5378,[96.2063,135.391,36.9088],[86.1728,135.126,43.1092],[-683.796,-66.1099,456.323],false,[133.485,113.637,157.678],[112.303,141.04,96.0082],[96.0293,159.588,62.885],[87.2346,147.397,45.1647],[85.8405,131.253,42.4711],[[[0.937772,-0.0488444,-0.343799],[0.175784,0.920606,0.34869],[0.299471,-0.387427,0.871905]],[[0.896722,-0.00359179,-0.442579],[0.201632,0.893486,0.401281],[0.393997,-0.449076,0.801933]],[[0.896722,-0.00359179,-0.442579],[-0.229454,0.851319,-0.471813],[0.378471,0.524637,0.762572]],[[0.896722,-0.00359179,-0.442579],[-0.43438,0.184608,-0.881608],[0.0848702,0.982806,0.163982]]],1],[1292,[-0.130193,0.214422,-0.968025],129,64.4203,[131.841,159.832,3.37315],[122.635,160.765,8.2479],[-861.289,-21.5193,415.317],false,[144.585,114.791,153.729],[133.279,139.998,92.6068],[127.906,151.815,48.1222],[124.347,157.677,21.6575],[121.799,160.98,4.07899],[[[0.925811,-0.256958,-0.277212],[0.338327,0.890365,0.304605],[0.168549,-0.375795,0.911246]],[[0.937535,-0.291058,-0.190562],[0.328,0.922092,0.205337],[0.115951,-0.255015,0.95996]],[[0.937535,-0.291058,-0.190562],[0.322612,0.932367,0.163134],[0.130193,-0.214422,0.968025]],[[0.937535,-0.291058,-0.190562],[0.318035,0.939071,0.130379],[0.141004,-0.18284,0.972979]]],2],[1293,[-0.0232319,0.103691,-0.994338],129,61.9418,[162.557,142.131,6.84575],[153.097,144.367,11.0117],[-713.277,218.702,320.015],false,[155.626,112.838,150.016],[154.331,134.026,93.6586],[154.599,141.23,51.3127],[153.981,143.992,24.8307],[153.162,144.973,6.91332],[[[0.912367,-0.375843,-0.162262],[0.408808,0.857298,0.312914],[0.0215003,-0.351827,0.935818]],[[0.909655,-0.410397,-0.0640502],[0.415318,0.896352,0.155125],[-0.00625112,-0.167711,0.985816]],[[0.909655,-0.410397,-0.0640502],[0.414715,0.905993,0.084789],[0.0232319,-0.103691,0.994338]],[[0.909655,-0.410397,-0.0640502],[0.412857,0.910268,0.0310082],[0.0455772,-0.0546503,0.997465]]],3],[1294,[0.175722,0.00579618,-0.984423],129,48.5612,[193.932,123.726,27.563],[184.632,125.381,30.341],[-678.463,146.604,189.266],false,[165.382,104.028,146.218],[172.292,124.016,94.6382],[179.578,125.903,61.4873],[182.882,126.012,42.9763],[185.298,125.479,26.5906],[[[0.828551,-0.550486,-0.102318],[0.546021,0.753931,0.365307],[-0.123956,-0.358543,0.925247]],[[0.770663,-0.623017,0.133897],[0.600122,0.780235,0.176314],[-0.214318,-0.0555246,0.975185]],[[0.770663,-0.623017,0.133897],[0.612536,0.782187,0.113944],[-0.175722,-0.00579618,0.984423]],[[0.770663,-0.623017,0.133897],[0.620339,0.781547,0.0660547],[-0.1458,0.0321555,0.988791]]],4]],[[0,200,0],[235.247,235.247,147.751]]],[50329,99692218593,[[129,"right",[-0.120545,0.530998,-0.838755],[-0.206725,-0.839821,-0.501962],[128.886,122.36,113.845],[-634.841,-169.284,318.486],[142.152,125.517,107.868],0,0,0.109923,[[0.981761,-0.173568,-0.0775892],[0.190116,0.899375,0.393676],[0.00145201,-0.401247,0.915969]],61.2607,[143.495,-6.70143,395.694],[143.118,97.4539,157.928]]],[[1290,[-0.738052,0.303202,-0.602783],129,50.1049,[58.2574,122.272,91.0053],[44.0262,118.632,99.6547],[-643.924,-183.621,474.506],false,[114.757,90.0808,161.258],[114.757,90.0808,161.258],[80.4925,104.166,130.751],[56.2994,114.105,110.992],[40.4655,120.616,96.3921],[[[0.552083,0.80935,0.200392],[-0.641916,0.259197,0.721637],[0.532116,-0.527039,0.662633]],[[0.377651,0.925942,0.00335197],[-0.589593,0.237675,0.77194],[0.713975,-0.2935,0.635687]],[[0.377651,0.925942,0.00335197],[-0.559158,0.225168,0.797898],[0.738052,-0.303202,0.602783]],[[0.377651,0.925942,0.00335197],[-0.601796,0.242692,0.760882],[0.703719,-0.289365,0.648881]]],0],[1291,[-0.370977,-0.513213,-0.773944],129,56.5378,[89.6983,135.021,40.2273],[76.7935,134.639,46.8418],[-779.797,-68.4867,443.149],false,[124.932,110.456,160.43],[103.047,139.585,99.8052],[86.2511,158.599,67.2112],[77.6305,146.673,49.2266],[76.5317,130.587,46.0907],[[[0.936921,-0.0221244,-0.348839],[0.162627,0.910991,0.379009],[0.309404,-0.411832,0.857125]],[[0.894673,0.02583,-0.445975],[0.184922,0.887361,0.422367],[0.406651,-0.460351,0.789121]],[[0.894673,0.02583,-0.445975],[-0.248871,0.857873,-0.449575],[0.370977,0.513213,0.773944]],[[0.894673,0.02583,-0.445975],[-0.441686,0.200632,-0.874449],[0.0668897,0.979326,0.190908]]],1],[1292,[-0.139023,0.241329,-0.960434],129,64.4203,[124.372,160.532,6.88609],[112.613,162.241,12.6858],[-927.778,28.2201,434.577],false,[135.995,111.921,156.479],[124.023,138.995,96.2903],[118.248,152.169,52.2389],[114.448,158.766,25.9818],[111.739,162.521,8.51851],[[[0.928565,-0.232536,-0.289298],[0.325436,0.884873,0.333303],[0.178487,-0.403642,0.897338]],[[0.941207,-0.269345,-0.203919],[0.314012,0.92013,0.234002],[0.124605,-0.284278,0.95061]],[[0.941207,-0.269345,-0.203919],[0.3079,0.932316,0.189695],[0.139023,-0.241329,0.960434]],[[0.941207,-0.269345,-0.203919],[0.302735,0.940345,0.155251],[0.149938,-0.207856,0.966599]]],2],[1293,[-0.0279039,0.137803,-0.990067],129,61.9418,[155.091,144.026,10.0304],[143.496,146.51,14.8243],[-807.328,223.612,347.813],false,[147.049,110.272,152.66],[145.171,133.33,97.0586],[145.197,142.005,54.9885],[144.454,145.675,28.6202],[143.565,147.265,10.75],[[[0.917518,-0.355441,-0.178391],[0.396471,0.85268,0.340218],[0.0311832,-0.382882,0.923271]],[[0.915729,-0.393629,-0.0805962],[0.401795,0.896813,0.185168],[-0.00060781,-0.201947,0.979396]],[[0.915729,-0.393629,-0.0805962],[0.400825,0.908882,0.115206],[0.0279039,-0.137803,0.990067]],[[0.915729,-0.393629,-0.0805962],[0.398734,0.914996,0.0615906],[0.0495013,-0.0885368,0.994842]]],3],[1294,[0.173257,0.0533264,-0.983432],129,48.5612,[185.931,125.728,30.1418],[175.428,127.861,33.4384],[-769.414,188.669,231.764],false,[156.928,101.753,148.529],[163.293,123.582,97.6298],[170.493,127.135,64.5969],[173.751,128.138,46.1046],[176.127,128.372,29.7059],[[[0.836755,-0.533335,-0.124079],[0.535539,0.749817,0.388553],[-0.114193,-0.391572,0.913034]],[[0.78284,-0.613358,0.104658],[0.585072,0.782861,0.211707],[-0.211785,-0.1045,0.971713]],[[0.78284,-0.613358,0.104658],[0.597615,0.788003,0.148015],[-0.173257,-0.0533264,0.983432]],[[0.78284,-0.613358,0.104658],[0.605483,0.789679,0.0989858],[-0.14336,-0.0141213,0.98957]]],4]],[[0,200,0],[235.247,235.247,147.751]]],[50330,99692226897,[[129,"right",[-0.133698,0.543506,-0.828689],[-0.21167,-0.832562,-0.511895],[120.65,122.208,116.663],[-726.35,-130.588,323.837],[134.609,124.356,110.953],0,0,0.151128,[[0.981757,-0.173837,-0.0770282],[0.190125,0.902372,0.386752],[0.00227631,-0.394342,0.918961]],61.2607,[136.156,-5.69738,398.695],[135.565,96.6655,160.152]]],[[1290,[-0.742395,0.332027,-0.581901],129,50.1049,[52.3844,121.975,94.561],[35.907,120.153,104.203],[-729.267,-74.0335,498.976],false,[107.272,89.1646,163.767],[107.272,89.1646,163.767],[72.5355,104.759,134.556],[48.2001,115.643,115.481],[32.3501,122.787,101.198],[[[0.552817,0.807677,0.205064],[-0.632325,0.246311,0.734504],[0.542733,-0.535714,0.646879]],[[0.390206,0.920323,0.0272992],[-0.56906,0.217754,0.79294],[0.723816,-0.324945,0.608688]],[[0.390206,0.920323,0.0272992],[-0.544601,0.206794,0.812801],[0.742395,-0.332027,0.581901]],[[0.390206,0.920323,0.0272992],[-0.592883,0.22847,0.772199],[0.704435,-0.317502,0.634794]]],0],[1291,[-0.379502,-0.506282,-0.774375],129,56.5378,[82.4527,134.897,43.577],[67.5591,135.096,50.542],[-865.512,-39.9386,442.618],false,[117.383,109.577,163.11],[94.5728,139.576,103.255],[77.1998,158.757,71.064],[68.3811,146.993,53.0694],[67.2789,130.954,49.6997],[[[0.931961,-0.0141954,-0.362281],[0.165664,0.905494,0.390687],[0.322497,-0.424122,0.846237]],[[0.888106,0.0352506,-0.458286],[0.185356,0.884922,0.427265],[0.420609,-0.464402,0.779371]],[[0.888106,0.0352506,-0.458286],[-0.259319,0.861647,-0.436255],[0.379502,0.506282,0.774375]],[[0.888106,0.0352506,-0.458286],[-0.454714,0.212945,-0.864806],[0.0671048,0.976428,0.205147]]],1],[1292,[-0.155321,0.249678,-0.955791],129,64.4203,[116.109,161.304,10.3652],[102.726,163.259,16.2996],[-996.226,49.4408,433.849],false,[128.385,111.133,159.027],[115.498,139.098,99.4371],[109.007,152.773,55.639],[104.761,159.599,29.5088],[101.747,163.47,12.121],[[[0.924975,-0.225521,-0.305879],[0.327878,0.880527,0.342299],[0.192139,-0.416909,0.888409]],[[0.938894,-0.263537,-0.221418],[0.314422,0.918402,0.24016],[0.140059,-0.295104,0.945144]],[[0.938894,-0.263537,-0.221418],[0.30717,0.931777,0.193488],[0.155321,-0.249678,0.955791]],[[0.938894,-0.263537,-0.221418],[0.301079,0.940549,0.157221],[0.166821,-0.214278,0.962422]]],2],[1293,[-0.041674,0.153256,-0.987307],129,61.9418,[146.822,145.724,13.1223],[133.838,147.946,17.8341],[-898.298,210.527,351.625],false,[139.389,109.574,155.028],[136.669,133.479,99.8204],[136.103,142.812,57.8952],[134.993,146.893,31.6004],[133.857,148.762,13.7711],[[[0.915802,-0.350146,-0.196736],[0.399083,0.848426,0.347716],[0.0451646,-0.396953,0.916727]],[[0.91547,-0.389974,-0.0991759],[0.402171,0.894828,0.193755],[0.0131861,-0.217263,0.976024]],[[0.91547,-0.389974,-0.0991759],[0.400223,0.907983,0.12405],[0.041674,-0.153256,0.987307]],[[0.91547,-0.389974,-0.0991759],[0.397391,0.91493,0.0705959],[0.0632085,-0.10404,0.992563]]],3],[1294,[0.161356,0.0819503,-0.983488],129,48.5612,[177.355,127.788,32.6525],[166.161,129.734,35.8069],[-856.811,205.481,246.247],false,[149.23,101.147,150.627],[154.822,123.773,99.9864],[161.662,128.364,67.005],[164.696,129.905,48.5116],[166.857,130.586,32.0956],[[[0.836261,-0.529075,-0.144043],[0.539077,0.745211,0.392499],[-0.100319,-0.405882,0.908403]],[[0.787699,-0.611062,0.0783166],[0.582276,0.779982,0.229309],[-0.201207,-0.135025,0.970198]],[[0.787699,-0.611062,0.0783166],[0.594554,0.78733,0.163151],[-0.161356,-0.0819503,0.983488]],[[0.787699,-0.611062,0.0783166],[0.602106,0.790515,0.112049],[-0.130379,-0.0411062,0.990612]]],4]],[[0,200,0],[235.247,235.247,147.751]]],[50331,99692244285,[[129,"right",[-0.17155,0.550446,-0.817056],[-0.206015,-0.831058,-0.516624],[101.158,122.44,121.416],[-908.725,-64.0836,300.517],[112.172,123.071,117.971],0,0,0.237437,[[0.984289,-0.153052,-0.0880373],[0.175112,0.910039,0.37572],[0.0226127,-0.385233,0.922542]],61.2607,[123.85,-3.26818,403.577],[117.98,96.7303,164.104]]],[[1290,[-0.756539,0.362543,-0.544253],129,50.1049,[34.0409,122.839,104.27],[16.8292,121.973,112.76],[-898.668,26.6632,503.265],false,[90.0012,88.4747,168.443],[90.0012,88.4747,168.443],[53.9974,105.772,141.841],[29.1983,117.656,124.001],[13.2805,125.434,110.13],[[[0.538458,0.81866,0.199647],[-0.616251,0.220983,0.755911],[0.574715,-0.530059,0.62349]],[[0.39796,0.915645,0.0567546],[-0.528011,0.178016,0.83037],[0.750221,-0.360421,0.554314]],[[0.39796,0.915645,0.0567546],[-0.518919,0.173654,0.836999],[0.756539,-0.362543,0.544253]],[[0.39796,0.915645,0.0567546],[-0.584076,0.205175,0.78534],[0.707448,-0.345683,0.616458]]],0],[1291,[-0.389429,-0.506613,-0.769213],129,56.5378,[59.2335,134.409,51.9495],[45.7777,134.624,56.9474],[-1045.06,-35.25,406.696],false,[99.5794,109.142,167.765],[74.2743,139.314,109.011],[55.4295,158.215,77.4885],[46.3801,146.443,59.6139],[45.5329,130.445,55.9847],[[[0.920914,0.013853,-0.38952],[0.154655,0.904343,0.397802],[0.35777,-0.426582,0.830679]],[[0.872897,0.0635159,-0.483753],[0.172893,0.886885,0.428419],[0.456245,-0.457603,0.763178]],[[0.872897,0.0635159,-0.483753],[-0.293933,0.859831,-0.417486],[0.389429,0.506613,0.769213]],[[0.872897,0.0635159,-0.483753],[-0.485171,0.217811,-0.846857],[0.0515777,0.973922,0.220942]]],1],[1292,[-0.191867,0.250848,-0.948822],129,64.4203,[90.1212,162.532,18.389],[79.1146,163.854,22.084],[-1163.8,39.5508,386.447],false,[110.414,111.026,163.384],[95.0826,139.411,104.577],[86.8823,153.233,61.1129],[81.6369,160.091,35.1732],[77.9694,163.956,17.91],[[[0.920835,-0.19828,-0.335781],[0.315937,0.884081,0.344363],[0.228577,-0.423186,0.876736]],[[0.938169,-0.236967,-0.252361],[0.297531,0.924599,0.237892],[0.17696,-0.298268,0.937935]],[[0.938169,-0.236967,-0.252361],[0.288144,0.938574,0.189871],[0.191867,-0.250848,0.948822]],[[0.938169,-0.236967,-0.252361],[0.280416,0.947671,0.152599],[0.202995,-0.21393,0.955525]]],2],[1293,[-0.0735287,0.165452,-0.983473],129,61.9418,[121.028,148.963,20.0014],[110.849,149.811,22.6044],[-1093.9,163.005,315.821],false,[121.33,109.795,159.044],[116.389,134.323,104.266],[114.397,144.196,62.5081],[112.439,148.602,36.3154],[110.751,150.684,18.5536],[[[0.917981,-0.324472,-0.2281],[0.388045,0.853714,0.347265],[0.0820539,-0.407296,0.909603]],[[0.921507,-0.365802,-0.130436],[0.385583,0.901868,0.194834],[0.0463651,-0.229834,0.972125]],[[0.921507,-0.365802,-0.130436],[0.381337,0.915868,0.125568],[0.0735287,-0.165452,0.983473]],[[0.921507,-0.365802,-0.130436],[0.376825,0.923448,0.0724385],[0.0939523,-0.115904,0.988807]]],3],[1294,[0.130083,0.115963,-0.984698],129,48.5612,[151.754,132.615,38.0329],[144.098,133.065,39.5131],[-1048.01,206.147,231.713],false,[131.242,101.674,154.245],[134.774,125.076,103.771],[140.56,130.919,70.786],[143.006,133.099,52.2698],[144.645,134.304,35.8236],[[[0.844488,-0.505999,-0.175512],[0.531815,0.753494,0.386548],[-0.0633461,-0.419775,0.905415]],[[0.807319,-0.588936,0.0372945],[0.565035,0.78969,0.239009],[-0.170212,-0.171883,0.970301]],[[0.807319,-0.588936,0.0372945],[0.5756,0.799817,0.170229],[-0.130083,-0.115963,0.984698]],[[0.807319,-0.588936,0.0372945],[0.581772,0.804902,0.116935],[-0.0988854,-0.0727065,0.992439]]],4]],[[0,200,0],[235.247,235.247,147.751]]],[50332,99692252857,[[129,"right",[-0.185521,0.55417,-0.811467],[-0.203299,-0.829581,-0.520062],[93.9041,122.295,122.581],[-892.275,-51.6602,257.156],[103.889,122.719,120.062],0,0,0.27914,[[0.9854,-0.145202,-0.0889043],[0.168067,0.913076,0.371545],[0.0272272,-0.381062,0.924149]],61.2607,[118.493,-2.44781,404.805],[111.425,96.4679,164.916]]],[[1290,[-0.761839,0.377341,-0.526511],129,50.1049,[26.3116,123.408,108.142],[9.69112,122.76,115.682],[-882.531,49.8353,466.269],false,[83.5756,87.9081,169.491],[83.5756,87.9081,169.491],[47.0936,105.992,144.091],[22.1208,118.361,126.832],[6.07212,126.499,113.324],[[[0.532491,0.822577,0.199548],[-0.610393,0.209846,0.763797],[0.586408,-0.528518,0.613836]],[[0.402783,0.912524,0.071179],[-0.509789,0.15907,0.845465],[0.760185,-0.376825,0.529266]],[[0.402783,0.912524,0.071179],[-0.507313,0.157843,0.847183],[0.761839,-0.377341,0.526511]],[[0.402783,0.912524,0.071179],[-0.573605,0.191054,0.79654],[0.713263,-0.361662,0.600381]]],0],[1291,[-0.395441,-0.497608,-0.772019],129,56.5378,[50.1048,134.195,54.5838],[37.5689,134.359,58.5204],[-1024.83,-32.9235,343.283],false,[92.9434,108.673,168.853],[66.7271,138.986,110.573],[47.3146,157.703,79.2857],[38.1255,146.14,61.3459],[37.2193,130.242,57.315],[[[0.916583,0.0255308,-0.399029],[0.149975,0.903148,0.402283],[0.370653,-0.42857,0.823981]],[[0.866909,0.0755091,-0.492715],[0.166076,0.888232,0.428326],[0.469987,-0.453148,0.757475]],[[0.866909,0.0755091,-0.492715],[-0.303473,0.864109,-0.401521],[0.395441,0.497608,0.772019]],[[0.866909,0.0755091,-0.492715],[-0.495404,0.239917,-0.834874],[0.0551702,0.967852,0.245394]]],1],[1292,[-0.205899,0.25026,-0.946031],129,64.4203,[80.571,162.739,20.8028],[70.3066,163.837,23.7027],[-1128.5,26.0891,333.744],false,[103.713,110.693,164.372],[87.4856,139.318,105.922],[78.6327,153.172,62.5964],[73.0036,160.014,36.7329],[69.0843,163.851,19.5189],[[[0.919145,-0.186947,-0.346732],[0.310876,0.884834,0.347023],[0.241925,-0.426756,0.871408]],[[0.937716,-0.22597,-0.263867],[0.290157,0.927123,0.237176],[0.191042,-0.298966,0.934945]],[[0.937716,-0.22597,-0.263867],[0.27981,0.941439,0.188146],[0.205899,-0.25026,0.946031]],[[0.937716,-0.22597,-0.263867],[0.271345,0.950701,0.150132],[0.216933,-0.21238,0.952804]]],2],[1293,[-0.0851139,0.171577,-0.981487],129,61.9418,[111.802,149.903,21.9525],[102.311,150.443,23.8636],[-1068.05,139.557,271.308],false,[114.594,109.598,159.91],[108.836,134.442,105.353],[106.324,144.584,63.6884],[104.058,149.153,37.5486],[102.17,151.343,19.82],[[[0.91866,-0.313877,-0.239884],[0.383304,0.855161,0.348966],[0.0956075,-0.41253,0.905913]],[[0.923619,-0.355915,-0.142314],[0.378827,0.9042,0.197265],[0.0584708,-0.23611,0.969966]],[[0.923619,-0.355915,-0.142314],[0.373743,0.918633,0.128178],[0.0851139,-0.171577,0.981487]],[[0.923619,-0.355915,-0.142314],[0.368621,0.926535,0.0751729],[0.105104,-0.121891,0.986963]]],3],[1294,[0.119044,0.131361,-0.984161],129,48.5612,[143.083,134.135,39.3919],[135.909,134.308,40.3785],[-1023.72,192.886,197.841],false,[124.534,101.608,154.952],[127.304,125.38,104.603],[132.716,131.779,71.6582],[134.954,134.249,53.1522],[136.409,135.695,36.7081],[[[0.847506,-0.496467,-0.187762],[0.528454,0.756103,0.386062],[-0.0496994,-0.426414,0.903162]],[[0.814376,-0.579954,0.0210971],[0.558082,0.792598,0.245628],[-0.159175,-0.18826,0.969135]],[[0.814376,-0.579954,0.0210971],[0.567997,0.803988,0.176018],[-0.119044,-0.131361,0.984161]],[[0.814376,-0.579954,0.0210971],[0.573653,0.809965,0.121979],[-0.0878303,-0.0872346,0.992308]]],4]],[[0,200,0],[235.247,235.247,147.751]]],[50333,99692261570,[[129,"right",[-0.195519,0.561167,-0.804278],[-0.202291,-0.825547,-0.52683],[86.22,121.725,123.702],[-889.505,-55.3323,222.839],[95.1843,122.229,121.855],0,0,0.319659,[[0.986299,-0.13813,-0.0901862],[0.161805,0.916536,0.365761],[0.0321362,-0.375342,0.926329]],61.2607,[112.585,-1.84858,406.086],[104.243,95.5824,165.63]]],[[1290,[-0.762286,0.397313,-0.510943],129,50.1049,[18.0364,124.18,112.079],[2.06155,123.678,118.71],[-882.929,68.456,441.325],false,[76.4854,86.8005,170.341],[76.4854,86.8005,170.341],[39.6955,105.926,146.179],[14.708,118.95,129.43],[-1.71689,127.676,116.767],[[[0.528927,0.823873,0.203639],[-0.605516,0.198233,0.770749],[0.594631,-0.530977,0.60372]],[[0.411961,0.906702,0.0904449],[-0.492558,0.138082,0.859255],[0.7666,-0.398529,0.503488]],[[0.411961,0.906702,0.0904449],[-0.499208,0.141543,0.854843],[0.762286,-0.397313,0.510943]],[[0.411961,0.906702,0.0904449],[-0.545353,0.165822,0.82164],[0.729985,-0.387808,0.562785]]],0],[1291,[-0.405008,-0.474788,-0.781374],129,56.5378,[40.2866,134.055,56.6827],[28.9517,134.226,59.6957],[-1020.19,-24.399,280.042],false,[85.7176,107.63,169.839],[58.8432,138.364,112.082],[38.9902,156.985,81.015],[29.5788,145.952,62.8578],[28.3723,130.286,58.0689],[[[0.913159,0.0353752,-0.406067],[0.147561,0.899963,0.410236],[0.379957,-0.43453,0.816588]],[[0.862147,0.0862232,-0.499267],[0.16023,0.888438,0.430122],[0.480654,-0.450826,0.752149]],[[0.862147,0.0862232,-0.499267],[-0.304418,0.875867,-0.374416],[0.405008,0.474788,0.781374]],[[0.862147,0.0862232,-0.499267],[-0.501305,0.288027,-0.815925],[0.0734508,0.953733,0.291546]]],1],[1292,[-0.218438,0.248463,-0.94369],129,64.4203,[70.5632,162.601,22.9739],[61.3518,163.488,25.318],[-1103.09,3.84183,292.858],false,[96.4377,109.763,165.293],[79.5611,138.874,107.269],[70.15,152.777,64.0769],[64.1781,159.57,38.2775],[60.0273,163.336,21.1021],[[[0.917472,-0.1776,-0.355955],[0.308123,0.883228,0.353508],[0.251606,-0.434011,0.86506]],[[0.936881,-0.217158,-0.274037],[0.284621,0.928888,0.236976],[0.203088,-0.300015,0.932066]],[[0.936881,-0.217158,-0.274037],[0.273018,0.943985,0.185344],[0.218438,-0.248463,0.94369]],[[0.936881,-0.217158,-0.274037],[0.263568,0.95362,0.145402],[0.229752,-0.208451,0.950664]]],2],[1293,[-0.0939496,0.181037,-0.978979],129,61.9418,[102.184,150.671,23.7289],[93.6676,150.935,25.213],[-1047.83,117.257,240.243],false,[107.289,108.783,160.733],[100.936,134.14,106.48],[98.032,144.691,64.9424],[95.5298,149.512,38.8694],[93.4879,151.87,21.1795],[[[0.918642,-0.305605,-0.250404],[0.380749,0.853997,0.354569],[0.105486,-0.421063,0.900877]],[[0.92465,-0.348639,-0.153208],[0.374766,0.904501,0.203541],[0.0676144,-0.245621,0.967005]],[[0.92465,-0.348639,-0.153208],[0.369046,0.919607,0.134642],[0.0939496,-0.181037,0.978979]],[[0.92465,-0.348639,-0.153208],[0.363455,0.928017,0.0817574],[0.113676,-0.131281,0.984806]]],3],[1294,[0.109613,0.148261,-0.982855],129,48.5612,[133.925,135.431,40.6335],[127.481,135.222,41.3581],[-1009.49,170.841,175.598],false,[117.239,100.906,155.615],[119.454,125.203,105.49],[124.563,132.222,72.6232],[126.625,135.01,54.1417],[127.917,136.717,37.709],[[[0.849053,-0.489161,-0.199574],[0.526809,0.755491,0.389494],[-0.0397489,-0.435839,0.899147]],[[0.819092,-0.573642,0.004817],[0.553626,0.792655,0.255333],[-0.150288,-0.206475,0.966841]],[[0.819092,-0.573642,0.004817],[0.563093,0.805576,0.184318],[-0.109613,-0.148261,0.982855]],[[0.819092,-0.573642,0.004817],[0.56834,0.812605,0.129083],[-0.077962,-0.102993,0.991622]]],4]],[[0,200,0],[235.247,235.247,147.751]]],[50334,99692270248,[[129,"right",[-0.204941,0.567795,-0.797251],[-0.199884,-0.821653,-0.533791],[78.8299,121.092,124.943],[-879.414,-60.0232,201.575],[86.606,121.632,123.475],0,0,0.35897,[[0.98739,-0.130045,-0.0902708],[0.154135,0.919783,0.360891],[0.0360974,-0.370254,0.928229]],61.2607,[106.692,-1.4499,407.433],[97.3215,94.6604,166.484]]],[[1290,[-0.766109,0.412698,-0.492705],129,50.1049,[9.57189,124.88,116.036],[-5.45569,124.13,121.912],[-882.028,64.4498,429.241],false,[69.6597,85.6304,171.29],[69.6597,85.6304,171.29],[32.5975,105.51,148.175],[7.48475,119.038,132.024],[-9.47185,128.251,120.455],[[[0.524347,0.825599,0.208439],[-0.601739,0.186074,0.776716],[0.602471,-0.532694,0.594362]],[[0.417278,0.902448,0.107079],[-0.479034,0.118293,0.869789],[0.772273,-0.414238,0.481665]],[[0.417278,0.902448,0.107079],[-0.488832,0.12356,0.863583],[0.766109,-0.412698,0.492705]],[[0.417278,0.902448,0.107079],[-0.507879,0.133865,0.850963],[0.753616,-0.409472,0.514194]]],0],[1291,[-0.414583,-0.448517,-0.791804],129,56.5378,[30.4071,134.01,58.374],[20.6355,134.123,60.8628],[-1008.35,-15.6533,234.763],false,[78.7384,106.53,170.938],[51.2568,137.648,113.673],[31.0034,156.217,82.8344],[21.3695,145.794,64.4348],[19.8281,130.429,58.8369],[[[0.910135,0.0460809,-0.411742],[0.143839,0.896838,0.418321],[0.388542,-0.439953,0.809615]],[[0.857843,0.097748,-0.50453],[0.153835,0.887886,0.433582],[0.490347,-0.44956,0.74663]],[[0.857843,0.097748,-0.50453],[-0.303688,0.888413,-0.344233],[0.414583,0.448517,0.791804]],[[0.857843,0.097748,-0.50453],[-0.505271,0.33969,-0.793291],[0.0938414,0.935444,0.34079]]],1],[1292,[-0.230982,0.241664,-0.942468],129,64.4203,[60.6926,162.013,24.9571],[52.7134,162.736,26.97],[-1076.15,-26.5818,263.78],false,[89.4121,108.787,166.342],[71.9377,138.357,108.728],[61.9786,152.143,65.6219],[55.6638,158.75,39.8559],[51.2791,162.336,22.7001],[[[0.916315,-0.167351,-0.363814],[0.304133,0.88184,0.360362],[0.260519,-0.440853,0.85894]],[[0.936502,-0.207454,-0.282714],[0.277086,0.931909,0.234029],[0.214914,-0.297505,0.930217]],[[0.936502,-0.207454,-0.282714],[0.263841,0.947925,0.1784],[0.230982,-0.241664,0.942468]],[[0.936502,-0.207454,-0.282714],[0.253106,0.957899,0.135521],[0.242698,-0.198473,0.949582]]],2],[1293,[-0.102022,0.189655,-0.976536],129,61.9418,[92.7974,151.258,25.4401],[85.4055,151.332,26.704],[-1022.83,97.5325,221.984],false,[100.239,107.931,161.7],[93.3407,133.786,107.75],[90.0769,144.72,66.3381],[87.3598,149.771,40.3302],[85.1774,152.279,22.6777],[[[0.919113,-0.296399,-0.259572],[0.376972,0.853128,0.360646],[0.114553,-0.429326,0.895855]],[[0.926083,-0.340365,-0.162854],[0.36959,0.905183,0.209873],[0.0759796,-0.254549,0.96407]],[[0.926083,-0.340365,-0.162854],[0.363265,0.920968,0.140912],[0.102022,-0.189655,0.976536]],[[0.926083,-0.340365,-0.162854],[0.357225,0.929867,0.087965],[0.121493,-0.139638,0.982721]]],3],[1294,[0.100347,0.16276,-0.98155],129,48.5612,[124.942,136.465,41.889],[119.391,135.981,42.5097],[-990.394,148.938,164.546],false,[110.211,100.179,156.437],[111.915,124.994,106.547],[116.721,132.546,73.7521],[118.608,135.606,55.2951],[119.742,137.537,38.8756],[[[0.851189,-0.480957,-0.210139],[0.523968,0.755337,0.393603],[-0.0305799,-0.445137,0.89494]],[[0.823983,-0.566531,-0.0097039],[0.548694,0.793533,0.263135],[-0.141373,-0.222143,0.96471]],[[0.823983,-0.566531,-0.0097039],[0.557658,0.807807,0.190961],[-0.100347,-0.16276,0.98155]],[[0.823983,-0.566531,-0.0097039],[0.562466,0.815764,0.134765],[-0.0684322,-0.116502,0.99083]]],4]],[[0,200,0],[235.247,235.247,147.751]]],[50335,99692278882,[[129,"right",[-0.221399,0.568017,-0.792679],[-0.193292,-0.822284,-0.535244],[72.1862,120.65,125.798],[-850.275,-57.6567,174.401],[78.5957,121.087,124.766],0,0,0.396487,[[0.988646,-0.116209,-0.0952598],[0.14298,0.922497,0.358546],[0.0462108,-0.368095,0.928639]],61.2607,[103.483,-1.22784,408.09],[91.488,94.3221,167.035]]],[[1290,[-0.777343,0.416453,-0.471492],129,50.1049,[1.28964,125.22,119.923],[-12.3303,123.833,125.026],[-862.706,36.8287,416.987],false,[64.0121,84.8669,172.084],[64.0121,84.8669,172.084],[26.4658,104.906,149.907],[0.984809,118.557,134.451],[-16.6031,127.949,124.024],[[[0.514309,0.832342,0.206621],[-0.596403,0.173999,0.783599],[0.616271,-0.526242,0.585901]],[[0.41416,0.902946,0.11472],[-0.465171,0.101639,0.879367],[0.78236,-0.417563,0.462119]],[[0.41416,0.902946,0.11472],[-0.473507,0.106097,0.874377],[0.777343,-0.416453,0.471492]],[[0.41416,0.902946,0.11472],[-0.466325,0.102255,0.878684],[0.781673,-0.417413,0.463416]]],0],[1291,[-0.423837,-0.429535,-0.797409],129,56.5378,[20.8304,133.74,59.701],[12.7411,133.48,61.7927],[-987.131,-25.8019,196.385],false,[72.7797,105.899,171.728],[44.2595,136.847,114.881],[23.3912,155.088,84.2578],[13.5422,145.107,65.728],[11.7571,130.029,59.4595],[[[0.905092,0.061148,-0.420795],[0.134971,0.897115,0.420674],[0.403225,-0.437544,0.803719]],[[0.851029,0.112485,-0.512929],[0.143132,0.890113,0.432679],[0.505235,-0.441639,0.741413]],[[0.851029,0.112485,-0.512929],[-0.310017,0.896017,-0.317872],[0.423837,0.429535,0.797409]],[[0.851029,0.112485,-0.512929],[-0.513749,0.38051,-0.768944],[0.10868,0.91791,0.381614]]],1],[1292,[-0.247329,0.230972,-0.941],129,64.4203,[51.0743,160.979,26.5617],[44.2279,161.536,28.123],[-1051.83,-59.9332,228.594],false,[83.3715,108.331,167.034],[64.876,137.88,109.729],[54.1497,151.296,66.6896],[47.388,157.61,40.9637],[42.713,160.968,23.8384],[[[0.914889,-0.152366,-0.373849],[0.294864,0.884714,0.361021],[0.275742,-0.440529,0.854342]],[[0.936443,-0.192397,-0.293356],[0.263621,0.937639,0.226577],[0.23147,-0.289511,0.928765]],[[0.936443,-0.192397,-0.293356],[0.248802,0.953748,0.168707],[0.247329,-0.230972,0.941]],[[0.936443,-0.192397,-0.293356],[0.236886,0.963562,0.124232],[0.258765,-0.185828,0.947897]]],2],[1293,[-0.116201,0.189121,-0.975054],129,61.9418,[83.6373,151.427,26.7458],[77.2625,151.275,27.6095],[-1003.66,66.696,190.368],false,[94.1619,107.654,162.279],[86.3324,133.628,108.513],[82.4374,144.592,67.1634],[79.3426,149.629,41.1949],[76.9141,152.111,23.571],[[[0.920646,-0.28179,-0.270195],[0.368115,0.857073,0.360439],[0.130009,-0.4313,0.892792]],[[0.929243,-0.325952,-0.173963],[0.35817,0.910277,0.207629],[0.0906778,-0.255246,0.962615]],[[0.929243,-0.325952,-0.173963],[0.350721,0.926277,0.137863],[0.116201,-0.189121,0.975054]],[[0.929243,-0.325952,-0.173963],[0.343846,0.935229,0.084363],[0.135197,-0.13821,0.981132]]],3],[1294,[0.0855467,0.169772,-0.981763],129,48.5612,[116.273,137.273,42.7275],[111.594,136.621,43.0385],[-969.418,128.319,137.085],false,[104.191,100.071,156.881],[105.021,125.114,107.083],[109.319,132.953,74.2847],[110.927,136.145,55.8237],[111.819,138.173,39.4009],[[[0.855942,-0.467528,-0.220864],[0.516858,0.761317,0.391477],[-0.0148787,-0.449237,0.893289]],[[0.832617,-0.553365,-0.0231404],[0.539225,0.800387,0.261949],[-0.126432,-0.230581,0.964804]],[[0.832617,-0.553365,-0.0231404],[0.547202,0.815454,0.188694],[-0.0855467,-0.169772,0.981763]],[[0.832617,-0.553365,-0.0231404],[0.55123,0.823899,0.131666],[-0.0537942,-0.122384,0.991024]]],4]],[[0,200,0],[235.247,235.247,147.751]]],[50336,99692287573,[[129,"right",[-0.234412,0.564609,-0.791371],[-0.185552,-0.825072,-0.533691],[65.4005,120.08,125.987],[-831.749,-59.7765,133.691],[70.786,120.491,125.488],0,0,0.433742,[[0.989213,-0.100378,-0.106683],[0.132251,0.925153,0.355811],[0.0629825,-0.366082,0.928449]],61.2607,[101.683,-0.991839,408.109],[85.3343,94.0355,167.103]]],[[1290,[-0.786337,0.417132,-0.455714],129,50.1049,[-6.99215,125.218,123.343],[-19.29,123.31,127.027],[-847.866,9.43023,370.716],false,[58.0246,84.2069,172.337],[58.0246,84.2069,172.337],[20.1083,104.261,150.812],[-5.66758,117.935,135.874],[-23.725,127.391,126.346],[[[0.504215,0.839394,0.202942],[-0.593522,0.166131,0.787485],[0.627295,-0.517512,0.581964]],[[0.410688,0.904001,0.118821],[-0.455108,0.0903208,0.885844],[0.790071,-0.417882,0.448511]],[[0.410688,0.904001,0.118821],[-0.46153,0.0937224,0.88216],[0.786337,-0.417132,0.455714]],[[0.410688,0.904001,0.118821],[-0.432742,0.0785506,0.898089],[0.802539,-0.420253,0.423459]]],0],[1291,[-0.432285,-0.411259,-0.802493],129,56.5378,[11.4397,133.218,60.3108],[4.88379,132.602,61.7885],[-968.628,-39.8416,140.368],false,[66.5006,105.357,171.916],[37.1828,135.888,115.25],[15.8245,153.742,84.7363],[5.77932,144.186,66.0884],[3.71761,129.418,59.1964],[[[0.901359,0.0733708,-0.426811],[0.125452,0.899051,0.419487],[0.414503,-0.431653,0.801163]],[[0.845589,0.124248,-0.519174],[0.132633,0.893145,0.429768],[0.517095,-0.432267,0.738755]],[[0.845589,0.124248,-0.519174],[-0.313223,0.903011,-0.294046],[0.432285,0.411259,0.802493]],[[0.845589,0.124248,-0.519174],[-0.518869,0.419952,-0.744591],[0.125514,0.899001,0.419575]]],1],[1292,[-0.258851,0.218672,-0.940839],129,64.4203,[41.7563,159.493,27.4402],[36.0695,159.92,28.366],[-1021.4,-95.433,175.018],false,[77.0267,107.932,167.151],[57.7486,137.201,109.96],[46.4702,150.146,66.9182],[39.3935,156.124,41.1967],[34.5174,159.232,24.0802],[[[0.914391,-0.13997,-0.379864],[0.285102,0.888817,0.358778],[0.287411,-0.436363,0.852632]],[[0.937014,-0.179645,-0.299553],[0.250538,0.943237,0.218023],[0.243382,-0.27934,0.928835]],[[0.937014,-0.179645,-0.299553],[0.234521,0.95912,0.158397],[0.258851,-0.218672,0.940839]],[[0.937014,-0.179645,-0.299553],[0.221721,0.968577,0.112687],[0.269896,-0.172007,0.947402]]],2],[1293,[-0.127304,0.18159,-0.975099],129,61.9418,[74.6741,150.896,27.3513],[69.3261,150.493,27.7197],[-981.988,19.7133,142.057],false,[87.7936,107.401,162.324],[79.2527,133.243,108.603],[74.8655,143.962,67.2391],[71.4751,148.798,41.2695],[68.8536,151.122,23.6516],[[[0.922609,-0.269261,-0.27621],[0.358719,0.862182,0.357719],[0.141823,-0.429116,0.892046]],[[0.932445,-0.313242,-0.18007],[0.346575,0.916302,0.20069],[0.102134,-0.24954,0.962963]],[[0.932445,-0.313242,-0.18007],[0.338141,0.932151,0.129446],[0.127304,-0.18159,0.975099]],[[0.932445,-0.313242,-0.18007],[0.330526,0.940817,0.0749377],[0.145939,-0.129393,0.980795]]],3],[1294,[0.0742445,0.171213,-0.982433],129,48.5612,[107.817,137.567,42.9832],[103.942,136.658,42.9719],[-947.855,94.0284,98.2067],false,[97.89,99.9535,156.863],[98.046,124.986,107.052],[101.95,132.917,74.2272],[103.346,136.137,55.7536],[104.055,138.172,39.3228],[[[0.860784,-0.455848,-0.226392],[0.508963,0.768485,0.387799],[-0.00279845,-0.449036,0.893509]],[[0.840415,-0.541068,-0.0307825],[0.529636,0.807969,0.258208],[-0.114837,-0.233306,0.965599]],[[0.840415,-0.541068,-0.0307825],[0.536833,0.823366,0.184062],[-0.0742445,-0.171213,0.982433]],[[0.840415,-0.541068,-0.0307825],[0.540253,0.831959,0.126377],[-0.0427689,-0.12284,0.991505]]],4]],[[0,200,0],[235.247,235.247,147.751]]],[50337,99692296242,[[129,"right",[-0.252428,0.559115,-0.789728],[-0.171952,-0.829089,-0.532019],[59.55