{"metadata":{"formatVersion":2,"generatedBy":"LeapJS Playback 0.2.1","frames":959,"protocolVersion":6,"serviceVersion":"2.2.3+25971","frameRate":"1.0e+2","modified":"Sun Mar 08 2015 17:28:08 GMT-0300 (E. South America Standard Time)"},"frames":[["id","timestamp",{"hands":[["id","type","direction","palmNormal","palmPosition","palmVelocity","stabilizedPalmPosition","pinchStrength","grabStrength","confidence","armBasis","armWidth","elbow","wrist"]]},{"pointables":[["id","direction","handId","length","stabilizedTipPosition","tipPosition","tipVelocity","tool","carpPosition","mcpPosition","pipPosition","dipPosition","btipPosition","bases","type"]]},{"interactionBox":["center","size"]}],[59321,99807996753,[[146,"left",[0.310774,0.276959,-0.909238],[0.197863,-0.954499,-0.223117],[-24.8791,148.302,99.7245],[1.19209e-7,1.19209e-7,1.19209e-7],[-24.8791,148.302,99.7245],0,0,0,[[-0.907557,-0.0907588,-0.410004],[-0.204746,0.948084,0.243343],[-0.366632,-0.304795,0.879023]],54.0825,[-129.882,68.5449,341.381],[-45.8629,138.393,139.942]]],[[1460,[0.763054,0.227547,-0.604956],146,44.2339,[45.3498,153.514,103.661],[45.3498,153.514,103.661],[1.19209e-7,1.19209e-7,1.19209e-7],false,[-22.4575,131.514,149.041],[-22.4575,131.514,149.041],[14.4434,145.445,133.572],[36.5252,152.03,116.066],[47.9857,153.957,99.9561],[[[-0.490425,0.863282,-0.119276],[0.538414,0.407761,0.737456],[-0.685269,-0.297447,0.66478]],[[-0.41517,0.889907,-0.188941],[0.262774,0.316138,0.911595],[-0.870967,-0.328818,0.365096]],[[-0.41517,0.889907,-0.188941],[0.495362,0.395332,0.773518],[-0.763054,-0.227547,0.604956]],[[-0.41517,0.889907,-0.188941],[0.703391,0.445713,0.553698],[-0.576954,-0.0969791,0.810999]]],0],[1461,[0.393219,-0.0624318,-0.917323],146,49.913,[26.1908,164.042,27.7752],[26.1908,164.042,27.7752],[1.19209e-7,1.19209e-7,1.19209e-7],false,[-29.2827,149.113,142.08],[1.10729,158.278,88.3073],[13.7828,169.48,56.004],[21.8496,168.2,37.1854],[27.4876,162.8,24.9643],[[[-0.864284,-0.0624939,-0.499107],[-0.127073,0.987194,0.0964396],[-0.486689,-0.146774,0.861157]],[[-0.918117,-0.0802681,-0.388096],[-0.190332,0.948253,0.254145],[-0.347614,-0.307202,0.885885]],[[-0.918117,-0.0802681,-0.388096],[-0.0494023,0.994816,-0.0888826],[-0.393219,0.0624318,0.917323]],[[-0.918117,-0.0802681,-0.388096],[0.0768493,0.924628,-0.373038],[-0.388788,0.372318,0.842748]]],1],[1462,[0.327478,0.122174,-0.936927],146,56.8719,[8.5302,168.065,9.63961],[8.5302,168.065,9.63961],[1.19209e-7,1.19209e-7,1.19209e-7],false,[-38.1584,149.967,136.629],[-16.6042,157.988,82.0614],[-3.45392,163.817,43.7634],[4.44992,166.766,21.1503],[9.74899,168.452,6.20137],[[[-0.88768,-0.24912,-0.387252],[-0.282016,0.958955,0.0295543],[-0.363994,-0.135446,0.9215]],[[-0.902085,-0.254551,-0.348493],[-0.287955,0.956504,0.0467185],[-0.321442,-0.142494,0.936146]],[[-0.902085,-0.254551,-0.348493],[-0.281072,0.959311,0.0268512],[-0.327478,-0.122174,0.936927]],[[-0.902085,-0.254551,-0.348493],[-0.275432,0.961259,0.0108301],[-0.332235,-0.105756,0.937249]]],2],[1463,[0.249091,0.132935,-0.959313],146,54.6838,[-17.6772,165.402,9.9655],[-17.6772,165.402,9.9655],[1.19209e-7,1.19209e-7,1.19209e-7],false,[-47.3309,148.209,131.992],[-35.5503,154.42,80.5207],[-26.736,161.079,44.2434],[-20.8793,164.204,21.6879],[-16.7208,165.76,6.46401],[[[-0.907767,-0.337913,-0.248543],[-0.356175,0.933899,0.0311718],[-0.221581,-0.116822,0.968119]],[[-0.900059,-0.333924,-0.279978],[-0.368602,0.926102,0.0804198],[-0.232434,-0.175583,0.956632]],[[-0.900059,-0.333924,-0.279978],[-0.357557,0.933179,0.0364719],[-0.249091,-0.132935,0.959313]],[[-0.900059,-0.333924,-0.279978],[-0.348032,0.937482,0.000720354],[-0.262234,-0.0980898,0.960006]]],3],[1464,[0.314791,-0.1499,-0.937249],146,42.8711,[-43.7189,152.335,33.2363],[-43.7189,152.335,33.2363],[1.19209e-7,1.19209e-7,1.19209e-7],false,[-56.0695,140.489,128.837],[-52.2214,147.19,80.2324],[-54.7867,162.534,54.5678],[-49.561,160.045,39.0089],[-41.9738,150.032,31.512],[[[-0.855899,-0.498794,-0.136534],[-0.511198,0.855958,0.0775425],[-0.0781901,-0.136165,0.987596]],[[-0.848112,-0.487774,-0.20684],[-0.522876,0.707597,0.475296],[0.0854777,-0.511256,0.855167]],[[-0.848112,-0.487774,-0.20684],[-0.426161,0.860004,-0.280679],[-0.314791,0.1499,0.937249]],[[-0.848112,-0.487774,-0.20684],[-0.108388,0.541877,-0.833439],[-0.518612,0.684431,0.512441]]],4]],[[0,200,0],[235.247,235.247,147.751]]],[59322,99808006064,[[146,"left",[0.288711,0.288281,-0.912984],[0.203534,-0.950275,-0.235693],[-24.5322,145.355,98.9192],[37.2557,-316.536,-86.4887],[-24.8668,148.198,99.696],0,0,0.0482029,[[-0.903622,-0.091236,-0.418502],[-0.199193,0.954481,0.222011],[-0.379197,-0.283976,0.880663]],54.0825,[-131.462,69.7874,341.289],[-44.5636,134.864,139.473]]],[[1460,[0.747027,0.23973,-0.620065],146,44.2339,[45.3555,153.471,103.619],[45.6762,151.233,101.364],[33.4882,-249.431,-251.806],false,[-20.9,128.166,148.023],[-20.9,128.166,148.023],[15.5044,142.583,131.84],[37.1224,149.521,113.896],[48.2123,151.69,97.5593],[[[-0.502165,0.858812,-0.101353],[0.549214,0.407256,0.729731],[-0.667978,-0.310781,0.676181]],[[-0.428122,0.88704,-0.172834],[0.28,0.312033,0.907874],[-0.859251,-0.340287,0.381959]],[[-0.428122,0.88704,-0.172834],[0.508589,0.394575,0.765277],[-0.747027,-0.23973,0.620065]],[[-0.428122,0.88704,-0.172834],[0.710649,0.44859,0.541982],[-0.558292,-0.10921,0.822425]]],0],[1461,[0.374592,-0.0500873,-0.925836],146,49.913,[26.1672,164.011,27.7448],[24.8531,162.272,26.0603],[-143.555,-190.945,-184.775],false,[-28.06,145.749,141.363],[1.10035,155.717,87.0545],[12.9806,167.309,54.5871],[20.6652,166.282,35.5939],[26.1054,161.064,23.2054],[[[-0.873776,-0.0677012,-0.481594],[-0.135762,0.984852,0.10787],[-0.466996,-0.159636,0.869731]],[[-0.925109,-0.0870453,-0.369589],[-0.195,0.944116,0.265743],[-0.325803,-0.317911,0.890385]],[[-0.925109,-0.0870453,-0.369589],[-0.062078,0.994944,-0.0789427],[-0.374592,0.0500873,0.925836]],[[-0.925109,-0.0870453,-0.369589],[0.0586112,0.928965,-0.365498],[-0.37515,0.359787,0.854292]]],1],[1462,[0.305979,0.132957,-0.942709],146,56.8719,[8.4844,168.018,9.60609],[6.74268,166.239,8.32652],[-194.022,-197.988,-141.982],false,[-37.0562,146.552,136.105],[-16.7334,155.285,81.1753],[-4.48226,161.589,42.6551],[2.90268,164.798,19.9024],[7.86499,166.646,4.85724],[[[-0.892803,-0.255541,-0.370948],[-0.291749,0.955484,0.0439665],[-0.343199,-0.147477,0.927612]],[[-0.906595,-0.261583,-0.33115],[-0.297335,0.952798,0.0613806],[-0.299463,-0.15411,0.94158]],[[-0.906595,-0.261583,-0.33115],[-0.290626,0.955979,0.0404991],[-0.305979,-0.132957,0.942709]],[[-0.906595,-0.261583,-0.33115],[-0.285114,0.958202,0.0236533],[-0.311121,-0.115859,0.943282]]],2],[1463,[0.227355,0.144486,-0.963034],146,54.6838,[-17.7277,165.341,9.94262],[-19.3949,163.322,9.18603],[-184.768,-222.863,-83.7681],false,[-46.3037,144.733,131.643],[-35.6676,151.521,79.9965],[-27.6814,158.582,43.6035],[-22.3358,161.979,20.9606],[-18.5199,163.73,5.66832],[[[-0.909026,-0.345754,-0.232651],[-0.365582,0.929597,0.0468995],[-0.200056,-0.127686,0.971429]],[[-0.902026,-0.341411,-0.264174],[-0.376829,0.921291,0.0960345],[-0.210594,-0.186174,0.959682]],[[-0.902026,-0.341411,-0.264174],[-0.36696,0.928742,0.0527086],[-0.227355,-0.144486,0.963034]],[[-0.902026,-0.341411,-0.264174],[-0.358397,0.933407,0.0174407],[-0.240628,-0.110411,0.964317]]],3],[1464,[0.29695,-0.138799,-0.944752],146,42.8711,[-43.7537,152.249,33.2238],[-44.7866,149.737,32.864],[-113.956,-280.449,-40.7529],false,[-55.0218,136.944,128.602],[-52.2615,144.111,79.9898],[-55.5125,159.621,54.5041],[-50.583,157.317,38.8207],[-43.0465,147.456,31.0754],[[[-0.853086,-0.507021,-0.123184],[-0.518747,0.849546,0.0957808],[-0.056088,-0.145611,0.987751]],[[-0.846901,-0.495325,-0.193424],[-0.5206,0.698239,0.491363],[0.108328,-0.516832,0.849205]],[[-0.846901,-0.495325,-0.193424],[-0.441112,0.857548,-0.264635],[-0.29695,0.138799,0.944751]],[[-0.846901,-0.495325,-0.193424],[-0.131858,0.548008,-0.826015],[-0.515143,0.674048,0.529421]]],4]],[[0,200,0],[235.247,235.247,147.751]]],[59323,99808015787,[[146,"left",[0.264285,0.287957,-0.920453],[0.193594,-0.950801,-0.241866],[-24.3203,142.027,97.06],[32.7252,-324.072,-117.179],[-24.8229,147.701,99.4839],0,0,0.0943112,[[-0.89597,-0.079543,-0.436934],[-0.178754,0.965209,0.190835],[-0.406553,-0.249086,0.879017]],54.0825,[-136.423,74.4948,339.586],[-43.2558,131.576,138.147]]],[[1460,[0.729521,0.234818,-0.642386],146,44.2339,[45.3784,153.232,103.372],[45.9476,147.536,97.4734],[31.9328,-289.799,-296.694],false,[-19.3878,124.789,146.033],[-19.3878,124.789,146.033],[16.5975,138.991,128.759],[37.709,145.786,110.169],[48.3929,147.917,93.5588],[[[-0.501776,0.860629,-0.0868269],[0.570662,0.404798,0.714481],[-0.65005,-0.308961,0.694246]],[[-0.428398,0.889035,-0.161529],[0.308329,0.31186,0.898708],[-0.849358,-0.3352,0.407716]],[[-0.428398,0.889035,-0.161529],[0.533174,0.393035,0.749166],[-0.729521,-0.234818,0.642386]],[[-0.428398,0.889035,-0.161529],[0.726074,0.4451,0.524121],[-0.537858,-0.10725,0.836185]]],0],[1461,[0.348322,-0.0378369,-0.936611],146,49.913,[26.0491,163.823,27.5472],[23.1179,159.085,22.7885],[-152.825,-226.79,-231.689],false,[-26.6681,142.402,139.585],[1.00943,152.309,84.4956],[12.0762,163.724,51.68],[19.222,162.948,32.4657],[24.3244,158.104,19.7851],[[[-0.887028,-0.0643021,-0.457216],[-0.129272,0.985237,0.112235],[-0.443249,-0.158661,0.882245]],[[-0.935109,-0.0834633,-0.344392],[-0.182926,0.94606,0.267412],[-0.303496,-0.313058,0.899936]],[[-0.935109,-0.0834633,-0.344392],[-0.0651419,0.995792,-0.0644537],[-0.348322,0.0378369,0.936611]],[[-0.935109,-0.0834633,-0.344392],[0.0420456,0.938868,-0.341699],[-0.351858,0.334006,0.874435]]],1],[1462,[0.280019,0.132269,-0.950839],146,56.8719,[8.23766,167.7,9.36223],[4.49154,162.865,5.64479],[-205.22,-241.721,-181.252],false,[-35.8038,143.24,134.579],[-16.9819,151.943,79.1131],[-5.79565,158.244,40.2697],[0.962743,161.437,17.3208],[5.51197,163.266,2.14337],[[[-0.903636,-0.252157,-0.346207],[-0.287074,0.95646,0.0526633],[-0.317854,-0.146976,0.936679]],[[-0.916412,-0.258216,-0.3058],[-0.292273,0.953729,0.0705498],[-0.273434,-0.15403,0.949478]],[[-0.916412,-0.258216,-0.3058],[-0.28597,0.95699,0.0489072],[-0.280019,-0.132269,0.950839]],[[-0.916412,-0.258216,-0.3058],[-0.28078,0.959257,0.0314408],[-0.285223,-0.114676,0.951576]]],2],[1463,[0.200926,0.141558,-0.969324],146,54.6838,[-18.0179,164.929,9.73714],[-21.6125,159.898,7.20757],[-197.428,-263.332,-119.341],false,[-45.1779,141.457,130.375],[-35.9546,148.247,78.4575],[-28.9486,155.169,41.8369],[-24.2244,158.497,19.046],[-20.8345,160.212,3.64961],[[[-0.916332,-0.342417,-0.207572],[-0.360887,0.930827,0.0576262],[-0.173482,-0.127715,0.976521]],[[-0.910436,-0.33824,-0.238116],[-0.3701,0.923185,0.103708],[-0.184747,-0.182546,0.965684]],[[-0.910436,-0.33824,-0.238116],[-0.361572,0.930352,0.0609187],[-0.200926,-0.141558,0.969324]],[[-0.910436,-0.33824,-0.238116],[-0.354131,0.934831,0.0261073],[-0.213767,-0.108093,0.970886]]],3],[1464,[0.270458,-0.140252,-0.952461],146,42.8711,[-43.9625,151.782,33.0888],[-46.3624,146.484,31.5714],[-127.683,-297.081,-68.2358],false,[-54.0042,133.701,127.572],[-52.5681,140.893,78.9062],[-56.4399,156.38,53.4926],[-51.9501,154.052,37.6812],[-44.6686,144.173,29.7169],[[[-0.857942,-0.503958,-0.0998044],[-0.512917,0.851273,0.110685],[-0.0291801,-0.146153,0.988832]],[[-0.85369,-0.492279,-0.169922],[-0.504548,0.700986,0.504034],[0.129013,-0.516023,0.846803]],[[-0.85369,-0.492279,-0.169922],[-0.445045,0.859064,-0.252872],[-0.270458,0.140252,0.952461]],[[-0.85369,-0.492279,-0.169922],[-0.153258,0.549314,-0.821442],[-0.497719,0.675215,0.544389]]],4]],[[0,200,0],[235.247,235.247,147.751]]],[59324,99808025527,[[146,"left",[0.232053,0.268312,-0.934965],[0.177289,-0.956769,-0.230567],[-23.5505,138.844,94.4768],[46.3167,-324.871,-160.626],[-24.6652,146.604,98.8635],0,0,0.138095,[[-0.875312,-0.0702491,-0.478428],[-0.153534,0.97857,0.137213],[-0.458537,-0.193559,0.86734]],54.0825,[-146.104,84.9717,335.192],[-41.0239,129.328,136.43]]],[[1460,[0.707195,0.212554,-0.674312],146,44.2339,[45.4643,152.638,102.686],[46.7793,143.576,92.1101],[48.7525,-327.313,-372.171],false,[-16.9312,122.495,143.555],[-16.9312,122.495,143.555],[18.494,135.886,124.561],[38.9594,142.037,105.047],[49.1483,143.754,88.0824],[[[-0.498148,0.862945,-0.0846994],[0.599865,0.413511,0.684961],[-0.626108,-0.290404,0.72364]],[[-0.424963,0.89002,-0.165137],[0.346814,0.328594,0.878491],[-0.836138,-0.316054,0.448312]],[[-0.424963,0.89002,-0.165137],[0.56505,0.403342,0.719746],[-0.707195,-0.212554,0.674311]],[[-0.424963,0.89002,-0.165137],[0.745855,0.44765,0.493265],[-0.512939,-0.0864508,0.854061]]],0],[1461,[0.31048,-0.0230925,-0.9503],146,49.913,[25.7465,163.261,26.9037],[21.2401,154.694,17.9506],[-162.374,-284.739,-319.141],false,[-24.3131,140.042,137.045],[1.37157,148.677,80.7882],[11.4211,158.612,47.1733],[17.7905,158.138,27.6782],[22.4073,154.175,14.5151],[[[-0.90387,-0.0656123,-0.422745],[-0.117573,0.988216,0.0980059],[-0.411333,-0.138288,0.900934]],[[-0.94792,-0.0822623,-0.307703],[-0.15967,0.958645,0.235596],[-0.275597,-0.272457,0.921853]],[[-0.94792,-0.0822623,-0.307703],[-0.0710682,0.996343,-0.0474306],[-0.31048,0.0230925,0.9503]],[[-0.94792,-0.0822623,-0.307703],[0.009432,0.958398,-0.285278],[-0.31837,0.273323,0.907709]]],1],[1462,[0.245787,0.114638,-0.962521],146,56.8719,[7.53814,166.612,8.50626],[2.00184,157.881,1.70053],[-219.942,-317.886,-246.515],false,[-33.622,140.861,132.365],[-16.8096,148.358,76.0834],[-7.04068,154.026,36.7631],[-1.10848,156.793,13.5322],[2.90021,158.312,-1.83063],[[[-0.917757,-0.251191,-0.307611],[-0.277692,0.959621,0.0448809],[-0.283916,-0.126611,0.950453]],[[-0.928801,-0.256254,-0.267697],[-0.283385,0.956628,0.0674985],[-0.23879,-0.138554,0.961136]],[[-0.928801,-0.256254,-0.267697],[-0.277338,0.959787,0.0434923],[-0.245787,-0.114638,0.962521]],[[-0.928801,-0.256254,-0.267697],[-0.272323,0.961905,0.0240662],[-0.251332,-0.0952529,0.963202]]],2],[1463,[0.165871,0.120403,-0.97877],146,54.6838,[-18.869,163.497,8.9587],[-24.0422,154.919,4.25011],[-212.561,-337.17,-173.538],false,[-43.159,139.076,128.546],[-35.8209,144.807,76.2017],[-30.1144,150.902,39.2105],[-26.2144,153.733,16.1976],[-23.3896,155.121,0.654911],[[[-0.925972,-0.338706,-0.166894],[-0.351462,0.934697,0.0530643],[-0.138022,-0.107793,0.984546]],[[-0.921245,-0.335199,-0.197357],[-0.358697,0.928333,0.0976475],[-0.150481,-0.160748,0.975456]],[[-0.921245,-0.335199,-0.197357],[-0.351845,0.934422,0.0553208],[-0.165871,-0.120403,0.97877]],[[-0.921245,-0.335199,-0.197357],[-0.345802,0.938075,0.0209071],[-0.178127,-0.0875068,0.980109]]],3],[1464,[0.231939,-0.158998,-0.959648],146,42.8711,[-44.542,150.393,32.582],[-47.9872,142.222,29.6707],[-139.331,-338.684,-107.494],false,[-52.1416,131.341,126.221],[-52.4613,137.601,77.4063],[-57.1174,152.523,51.7879],[-53.2671,149.884,35.8572],[-46.3924,139.867,27.7065],[[[-0.864838,-0.498657,-0.0582795],[-0.502009,0.857418,0.113233],[0.00649446,-0.127185,0.991858]],[[-0.863165,-0.488512,-0.127682],[-0.480496,0.717011,0.504994],[0.155147,-0.497244,0.853626]],[[-0.863165,-0.488512,-0.127682],[-0.448499,0.857948,-0.250547],[-0.231939,0.158998,0.959648]],[[-0.863165,-0.488512,-0.127682],[-0.184743,0.540894,-0.820551],[-0.469912,0.684682,0.557129]]],4]],[[0,200,0],[235.247,235.247,147.751]]],[59325,99808035302,[[146,"left",[0.208466,0.257555,-0.943508],[0.17924,-0.958425,-0.222024],[-23.3974,135.276,92.1648],[37.2919,-336.696,-182.967],[-24.4518,144.697,97.736],0,0,0.170371,[[-0.856989,-0.0859021,-0.508125],[-0.146542,0.985925,0.0804758],[-0.494061,-0.143429,0.857515]],54.0825,[-153.05,93.3222,331.142],[-39.8297,126.191,134.631]]],[[1460,[0.692048,0.203682,-0.69252],146,44.2339,[45.5886,151.653,101.552],[46.964,140.207,88.0887],[42.6219,-336.464,-383.727],false,[-15.5283,119.629,141.287],[-15.5283,119.629,141.287],[19.3738,132.762,121.178],[39.4008,138.656,101.137],[49.371,140.214,84.0274],[[[-0.506529,0.858072,-0.0844994],[0.612265,0.426959,0.66546],[-0.607091,-0.285339,0.741635]],[[-0.431756,0.885637,-0.170981],[0.367366,0.345784,0.863409],[-0.823789,-0.30997,0.474647]],[[-0.431756,0.885637,-0.170981],[0.578495,0.417327,0.700844],[-0.692048,-0.203682,0.69252]],[[-0.431756,0.885637,-0.170981],[0.749437,0.457713,0.478376],[-0.501927,-0.0784025,0.861349]]],0],[1461,[0.280098,0.00819172,-0.959936],146,49.913,[25.1867,162.292,25.7431],[19.2527,151.324,14.1277],[-177.21,-292.638,-347.93],false,[-23.1913,137.034,134.719],[1.12796,145.108,77.7772],[10.2478,154.026,43.6164],[15.994,154.194,23.9236],[20.2427,151.397,10.3436],[[[-0.912814,-0.0778419,-0.400889],[-0.122825,0.988544,0.0877207],[-0.389468,-0.129312,0.911917]],[[-0.955511,-0.093909,-0.279608],[-0.156358,0.965075,0.210197],[-0.250104,-0.244564,0.936823]],[[-0.955511,-0.093909,-0.279608],[-0.0924372,0.995547,-0.0184765],[-0.280098,-0.00819172,0.959936]],[[-0.955511,-0.093909,-0.279608],[-0.0340191,0.976723,-0.211788],[-0.292989,0.192853,0.936464]]],1],[1462,[0.223889,0.104296,-0.969018],146,56.8719,[6.24105,164.367,6.82086],[-0.0818367,153.325,-1.39865],[-217.045,-360.621,-266.988],false,[-32.6112,137.722,130.246],[-17.1535,144.593,73.4976],[-8.30228,149.889,33.9089],[-2.89861,152.406,10.5212],[0.767755,153.744,-4.94364],[[[-0.922637,-0.261971,-0.283041],[-0.2839,0.958073,0.0386826],[-0.26104,-0.116045,0.958328]],[[-0.932426,-0.266444,-0.244112],[-0.289434,0.95512,0.063045],[-0.216358,-0.129439,0.967696]],[[-0.932426,-0.266444,-0.244112],[-0.283648,0.958191,0.0375943],[-0.223889,-0.104296,0.969018]],[[-0.932426,-0.266444,-0.244112],[-0.278823,0.960192,0.0169804],[-0.22987,-0.083897,0.969598]]],2],[1463,[0.142515,0.107352,-0.983954],146,54.6838,[-20.4828,160.452,7.33965],[-26.0751,150.072,1.76192],[-211.021,-384.989,-197.478],false,[-42.2195,135.817,126.671],[-36.1294,140.905,74.1009],[-31.3066,146.477,36.9019],[-27.9558,149.001,13.7671],[-25.5015,150.192,-1.85461],[[[-0.926951,-0.347666,-0.141035],[-0.357269,0.932721,0.0488914],[-0.114548,-0.0957074,0.988797]],[[-0.923003,-0.344569,-0.171281],[-0.363167,0.927191,0.091799],[-0.127179,-0.146934,0.980936]],[[-0.923003,-0.344569,-0.171281],[-0.357427,0.932603,0.0499801],[-0.142515,-0.107352,0.983954]],[[-0.923003,-0.344569,-0.171281],[-0.352297,0.935752,0.0160001],[-0.154763,-0.0751097,0.985092]]],3],[1464,[0.207515,-0.167161,-0.963844],146,42.8711,[-45.6375,147.507,31.4608],[-49.3956,137.614,27.7661],[-141.611,-377.685,-135.555],false,[-51.194,127.986,124.655],[-52.6823,133.594,75.7834],[-58.0229,148.023,50.0161],[-54.578,145.248,34.0158],[-47.8679,135.271,25.6818],[[[-0.86212,-0.505708,-0.0317713],[-0.505802,0.855147,0.113525],[0.0302412,-0.113942,0.993027]],[[-0.862173,-0.496752,-0.0994729],[-0.474331,0.72255,0.502923],[0.177954,-0.48079,0.858588]],[[-0.862173,-0.496752,-0.0994729],[-0.462163,0.851642,-0.247205],[-0.207515,0.167161,0.963844]],[[-0.862173,-0.496752,-0.0994729],[-0.215139,0.536768,-0.81584],[-0.458664,0.681995,0.569658]]],4]],[[0,200,0],[235.247,235.247,147.751]]],[59326,99808044951,[[146,"left",[0.192717,0.241685,-0.951025],[0.181849,-0.961201,-0.207421],[-23.2726,131.841,88.7407],[30.2014,-342.299,-233.02],[-24.215,142.115,95.9295],0,0,0.210861,[[-0.838025,-0.10895,-0.534643],[-0.141129,0.989799,0.0195114],[-0.527063,-0.0918049,0.844853]],54.0825,[-159.794,102.39,325.216],[-39.0106,123.428,131.606]]],[[1460,[0.686142,0.191061,-0.70193],146,44.2339,[45.7613,150.295,99.9557],[47.2702,136.807,83.6102],[44.0431,-344.626,-405.175],false,[-14.572,117.133,138.013],[-14.572,117.133,138.013],[20.0014,129.795,117.051],[39.8574,135.324,96.7383],[49.8298,136.642,79.6098],[[[-0.51306,0.853378,-0.0922783],[0.619492,0.442554,0.648364],[-0.594138,-0.275484,0.755718]],[[-0.435166,0.881019,-0.18557],[0.380426,0.36673,0.848991],[-0.816031,-0.298856,0.494751]],[[-0.435166,0.881019,-0.18557],[0.582958,0.432783,0.687647],[-0.686142,-0.191061,0.70193]],[[-0.435166,0.881019,-0.18557],[0.747388,0.468406,0.471176],[-0.502037,-0.0663467,0.862297]]],0],[1461,[0.251366,0.0386038,-0.967122],146,49.913,[24.3997,160.963,24.028],[17.5616,147.991,9.48394],[-183.126,-296.895,-390.92],false,[-22.4405,134.37,131.249],[0.973166,141.557,73.8104],[9.23621,149.579,39.2121],[14.3929,150.371,19.3719],[18.2457,148.689,5.49312],[[[-0.91821,-0.0905025,-0.385615],[-0.127639,0.989221,0.0717619],[-0.374964,-0.115112,0.919865]],[[-0.961396,-0.105616,-0.254094],[-0.156104,0.969772,0.187546],[-0.226605,-0.219971,0.948822]],[[-0.961396,-0.105616,-0.254094],[-0.111952,0.993657,0.0105653],[-0.251366,-0.0386038,0.967122]],[[-0.961396,-0.105616,-0.254094],[-0.0716206,0.987625,-0.139527],[-0.265686,0.115942,0.957062]]],1],[1462,[0.209096,0.0909639,-0.973655],146,56.8719,[4.51471,160.843,4.06743],[-1.45632,148.491,-5.45158],[-195.083,-399.052,-311.361],false,[-31.9304,134.921,126.906],[-17.3668,140.857,69.8169],[-9.13323,145.626,30.0285],[-4.08661,147.822,6.52891],[-0.652094,148.941,-9.00641],[[[-0.925124,-0.272526,-0.264339],[-0.289237,0.956912,0.025714],[-0.245941,-0.100245,0.964087]],[[-0.934043,-0.276241,-0.226397],[-0.295058,0.953992,0.0532923],[-0.201259,-0.116577,0.972576]],[[-0.934043,-0.276241,-0.226397],[-0.289557,0.956774,0.0272034],[-0.209096,-0.0909639,0.973655]],[[-0.934043,-0.276241,-0.226397],[-0.284949,0.958523,0.00605717],[-0.215333,-0.0701692,0.974016]]],2],[1463,[0.127035,0.0896585,-0.987838],146,54.6838,[-22.5983,155.646,4.51097],[-27.3956,144.94,-1.86814],[-189.424,-428.321,-249.511],false,[-41.5791,132.894,123.512],[-36.3083,137.067,70.7725],[-32.075,141.954,33.4059],[-29.0881,144.062,10.1797],[-26.8782,144.978,-5.49696],[[[-0.926779,-0.355663,-0.120765],[-0.362287,0.931313,0.0374823],[-0.0991393,-0.0784895,0.991973]],[[-0.923347,-0.353119,-0.150791],[-0.367382,0.926659,0.0795791],[-0.111631,-0.128877,0.985357]],[[-0.923347,-0.353119,-0.150791],[-0.362344,0.931272,0.0379274],[-0.127035,-0.0896585,0.987838]],[[-0.923347,-0.353119,-0.150791],[-0.357785,0.933795,0.00410527],[-0.139358,-0.0577415,0.988557]]],3],[1464,[0.186704,-0.175664,-0.966583],146,42.8711,[-47.0991,143.094,29.2538],[-50.386,132.939,24.4703],[-132.183,-407.628,-199.521],false,[-50.5339,124.975,121.773],[-52.7883,129.689,72.8356],[-58.5987,143.464,46.813],[-55.4993,140.548,30.7671],[-48.9615,130.653,22.2007],[[[-0.859339,-0.511315,-0.0096656],[-0.50935,0.854039,0.105733],[0.045808,-0.0957836,0.994348]],[[-0.860496,-0.503962,-0.0746241],[-0.471235,0.731686,0.492518],[0.193609,-0.458975,0.867097]],[[-0.860496,-0.503962,-0.0746241],[-0.474013,0.845674,-0.24525],[-0.186704,0.175664,0.966584]],[[-0.860496,-0.503962,-0.0746241],[-0.244624,0.537211,-0.807195],[-0.446885,0.676333,0.585549]]],4]],[[0,200,0],[235.247,235.247,147.751]]],[59327,99808054673,[[146,"left",[0.167536,0.217092,-0.961667],[0.18868,-0.964483,-0.184857],[-22.3151,128.944,85.6876],[50.211,-329.31,-256.762],[-23.7882,139.156,93.6286],0,0,0.256892,[[-0.817866,-0.141469,-0.557747],[-0.146088,0.988597,-0.0365319],[-0.556555,-0.0516022,0.829207]],54.0825,[-164.488,109.732,319.154],[-36.946,121.557,129.131]]],[[1460,[0.676317,0.177002,-0.715028],146,44.2339,[46.0638,148.752,98.0012],[48.4996,134.332,79.0232],[74.9346,-319.328,-420.659],false,[-12.2897,115.727,135.13],[-12.2897,115.727,135.13],[21.7199,127.882,112.98],[41.2916,133.004,92.2878],[51.2886,134.073,75.1563],[[[-0.525445,0.84447,-0.103815],[0.628989,0.46771,0.620983],[-0.572957,-0.260994,0.776918]],[[-0.445258,0.871522,-0.205411],[0.396711,0.397674,0.82733],[-0.802724,-0.286887,0.522811]],[[-0.445258,0.871522,-0.205411],[0.586805,0.457295,0.668237],[-0.676317,-0.177002,0.715028]],[[-0.445258,0.871522,-0.205411],[0.740582,0.48739,0.46259],[-0.503273,-0.0538481,0.862448]]],0],[1461,[0.212935,0.0470086,-0.975935],146,49.913,[23.3584,159.193,21.7179],[15.8037,144.342,4.78104],[-190.048,-315.203,-419.074],false,[-20.5234,132.675,128.078],[1.45575,138.517,69.9239],[8.44128,145.451,34.813],[12.8096,146.415,14.792],[16.1083,145.333,0.712285],[[[-0.925776,-0.11189,-0.361137],[-0.137992,0.989307,0.0472276],[-0.351991,-0.0935561,0.931316]],[[-0.968125,-0.124667,-0.217236],[-0.16135,0.973805,0.160221],[-0.191571,-0.190165,0.96288]],[[-0.968125,-0.124667,-0.217236],[-0.131879,0.991084,0.0189643],[-0.212935,-0.0470086,0.975935]],[[-0.968125,-0.124667,-0.217236],[-0.104829,0.989388,-0.100609],[-0.227473,0.0746292,0.97092]]],1],[1462,[0.185603,0.0671245,-0.980329],146,56.8719,[2.39948,155.871,0.21026],[-2.88907,143.266,-9.41128],[-180.894,-438.697,-339.528],false,[-30.1179,132.994,123.947],[-16.9624,137.493,66.3861],[-9.70812,141.303,26.3049],[-5.22849,142.923,2.6442],[-2.16273,143.657,-12.9909],[[[-0.92764,-0.290504,-0.234717],[-0.300213,0.953854,0.00592865],[-0.222163,-0.0759646,0.972046]],[[-0.935492,-0.293208,-0.197191],[-0.305634,0.9515,0.0351485],[-0.177321,-0.0931495,0.979735]],[[-0.935492,-0.293208,-0.197191],[-0.300677,0.953689,0.00837393],[-0.185604,-0.0671245,0.980329]],[[-0.935492,-0.293208,-0.197191],[-0.296495,0.954941,-0.0133279],[-0.192214,-0.0459979,0.980275]]],2],[1463,[0.102908,0.0633019,-0.992675],146,54.6838,[-25.0425,149.077,0.638211],[-28.7056,139.438,-5.12808],[-173.308,-468.664,-274.514],false,[-39.8177,130.762,120.839],[-35.8288,133.513,67.8942],[-32.5239,137.39,30.3161],[-30.1043,138.878,6.97617],[-28.2719,139.38,-8.7677],[[[-0.924934,-0.36959,-0.0888884],[-0.372651,0.927753,0.0201277],[-0.0750275,-0.0517411,0.995838]],[[-0.922231,-0.367849,-0.119063],[-0.376688,0.924247,0.0622357],[-0.0871501,-0.102245,0.990934]],[[-0.922231,-0.367849,-0.119063],[-0.372692,0.927728,0.0205243],[-0.102908,-0.0633019,0.992675]],[[-0.922231,-0.367849,-0.119063],[-0.368968,0.929347,-0.0133226],[-0.115551,-0.0316438,0.992797]]],3],[1464,[0.134463,-0.159084,-0.978065],146,42.8711,[-48.8806,137.802,25.9215],[-51.6131,128.627,21.1415],[-136.637,-411.462,-258.408],false,[-48.7133,122.695,119.533],[-52.165,126.006,70.5506],[-58.6696,138.51,44.055],[-56.4375,135.869,27.8185],[-50.5421,126.739,18.0249],[[[-0.853029,-0.521271,0.0248709],[-0.51713,0.850734,0.0939577],[0.0701359,-0.0672872,0.995265]],[[-0.855676,-0.516418,-0.0336404],[-0.46994,0.74815,0.468432],[0.216739,-0.416634,0.882859]],[[-0.855676,-0.516418,-0.0336404],[-0.499739,0.84143,-0.205563],[-0.134463,0.159084,0.978065]],[[-0.855676,-0.516418,-0.0336404],[-0.324709,0.586368,-0.742116],[-0.402968,0.624087,0.669426]]],4]],[[0,200,0],[235.247,235.247,147.751]]],[59328,99808074153,[[146,"left",[0.15153,0.175579,-0.972734],[0.189815,-0.970951,-0.145689],[-22.102,123.702,80.3702],[30.5412,-299.163,-264.877],[-23.0947,132.801,88.1761],0,0,0.333916,[[-0.769266,-0.226538,-0.59742],[-0.1238,0.970162,-0.208468],[-0.626821,0.0864069,0.774358]],54.0825,[-179.663,137.964,301.774],[-36.0191,118.163,124.32]]],[[1460,[0.683727,0.154084,-0.713285],146,44.2339,[46.9406,145.113,93.5322],[49.8377,129.236,73.3496],[84.4013,-282.929,-346.809],false,[-11.2475,112.686,130.176],[-11.2475,112.686,130.176],[22.5291,123.722,107.103],[42.3154,128.181,86.4612],[53.3567,129.274,69.985],[[[-0.530555,0.837291,-0.132119],[0.636671,0.49653,0.590007],[-0.559608,-0.228915,0.796515]],[[-0.446931,0.861102,-0.242395],[0.405812,0.43664,0.802909],[-0.797226,-0.260478,0.544593]],[[-0.446931,0.861102,-0.242395],[0.576862,0.484522,0.657624],[-0.683727,-0.154084,0.713285]],[[-0.446931,0.861102,-0.242395],[0.700914,0.505447,0.503233],[-0.555853,-0.0550124,0.829458]]],0],[1461,[0.1793,0.0446857,-0.982779],146,49.913,[20.6755,153.788,15.2784],[13.8174,137.145,-2.03877],[-151.92,-337.193,-383.553],false,[-19.6619,129.282,122.524],[1.37835,132.662,63.8305],[7.31245,138.178,28.2775],[10.9907,139.095,8.11606],[13.7696,138.435,-6.10133],[[[-0.930843,-0.130775,-0.341217],[-0.141395,0.989933,0.00632395],[-0.336955,-0.054133,0.939963]],[[-0.973246,-0.137837,-0.183828],[-0.162199,0.978835,0.12479],[-0.162737,-0.151268,0.975005]],[[-0.973246,-0.137837,-0.183828],[-0.143678,0.989446,0.018776],[-0.1793,-0.0446857,0.982779]],[[-0.973246,-0.137837,-0.183828],[-0.126771,0.989409,-0.0707083],[-0.191627,0.0455126,0.980412]]],1],[1462,[0.170946,0.0244558,-0.984977],146,56.8719,[-1.50739,142.882,-9.2024],[-4.18435,133.933,-15.5493],[-122.939,-459.388,-327.446],false,[-29.3213,129.387,118.536],[-17.0885,131.42,60.6327],[-10.4472,133.513,20.3195],[-6.32136,134.103,-3.4534],[-3.48514,134.148,-19.1489],[[[-0.929974,-0.303717,-0.207133],[-0.304093,0.952144,-0.0308188],[-0.20658,-0.0343269,0.977827]],[[-0.937087,-0.304793,-0.170202],[-0.309054,0.951043,-0.00153603],[-0.162338,-0.0511621,0.985408]],[[-0.937087,-0.304793,-0.170202],[-0.304377,0.952105,-0.0291859],[-0.170946,-0.0244558,0.984977]],[[-0.937087,-0.304793,-0.170202],[-0.300411,0.952414,-0.0515733],[-0.177822,-0.00280194,0.984059]]],2],[1463,[0.0877699,0.0197331,-0.995945],146,54.6838,[-28.5447,135.289,-7.55755],[-29.9259,130.167,-10.7022],[-117.348,-472.608,-280.121],false,[-39.0591,126.988,115.682],[-35.912,127.443,62.6113],[-33.1833,129.661,24.8527],[-31.1196,130.125,1.43587],[-29.5263,129.939,-14.3409],[[[-0.92465,-0.376365,-0.0580632],[-0.376189,0.926432,-0.014352],[-0.0591932,-0.00857212,0.99821]],[[-0.922392,-0.375923,-0.0887362],[-0.379492,0.924804,0.0268856],[-0.0719567,-0.0584738,0.995692]],[[-0.922392,-0.375923,-0.0887362],[-0.37615,0.926441,-0.0147931],[-0.0877699,-0.0197331,0.995945]],[[-0.922392,-0.375923,-0.0887362],[-0.372957,0.926577,-0.0485597],[-0.100476,0.0116963,0.994871]]],3],[1464,[0.0631333,-0.126716,-0.989928],146,42.8711,[-52.6886,128.07,17.9738],[-53.9728,122.214,15.0632],[-140.314,-357.481,-296.296],false,[-47.9401,118.84,114.869],[-52.1729,120.002,65.8502],[-59.3674,131.158,38.9343],[-58.3194,129.054,22.5009],[-53.6225,121.092,11.1621],[[[-0.850334,-0.522692,0.0610338],[-0.519168,0.852194,0.065038],[0.0860076,-0.0236173,0.996015]],[[-0.853523,-0.520912,0.0122453],[-0.462633,0.768427,0.442143],[0.239727,-0.371714,0.896861]],[[-0.853523,-0.520912,0.0122453],[-0.517217,0.844153,-0.141042],[-0.0631333,0.126716,0.989928]],[[-0.853523,-0.520912,0.0122453],[-0.410397,0.657592,-0.631781],[-0.32105,0.544265,0.77505]]],4]],[[0,200,0],[235.247,235.247,147.751]]],[59329,99808084024,[[146,"left",[0.144963,0.164051,-0.975742],[0.186885,-0.972948,-0.135816],[-21.7473,121.475,77.8586],[32.1419,-277.321,-261.781],[-22.7847,130.195,85.8022],0,0,0.372293,[[-0.761526,-0.248523,-0.598593],[-0.116592,0.961026,-0.25067],[-0.637561,0.1211,0.760822]],54.0825,[-181.468,144.223,296.319],[-35.3628,116.472,121.967]]],[[1460,[0.691437,0.151805,-0.706307],146,44.2339,[47.4585,143.335,91.3675],[50.9674,127.11,71.005],[100.365,-255.914,-308.466],false,[-10.561,111.012,127.71],[-10.561,111.012,127.71],[23.1613,121.666,104.379],[43.1706,126.059,83.9393],[54.8728,127.448,67.9487],[[[-0.529849,0.836787,-0.138013],[0.641808,0.502003,0.57972],[-0.554385,-0.218586,0.803043]],[[-0.445301,0.859418,-0.251213],[0.410099,0.44517,0.796016],[-0.795943,-0.251445,0.550681]],[[-0.445301,0.859418,-0.251213],[0.568878,0.488217,0.661832],[-0.691437,-0.151805,0.706307]],[[-0.445301,0.859418,-0.251213],[0.674271,0.506467,0.537447],[-0.589122,-0.0699403,0.805011]]],0],[1461,[0.164587,0.0459441,-0.985292],146,49.913,[19.449,151.125,12.1352],[13.2133,134.438,-5.07827],[-127.634,-317.851,-359.892],false,[-18.9972,127.536,119.927],[1.63246,130.197,61.0509],[7.1,135.345,25.3681],[10.4765,136.288,5.15518],[13.0248,135.786,-9.11181],[[[-0.933494,-0.13281,-0.333091],[-0.139419,0.990225,-0.00409731],[-0.33038,-0.0426146,0.942886]],[[-0.975817,-0.138092,-0.169444],[-0.159054,0.980305,0.117063],[-0.149941,-0.141183,0.978563]],[[-0.975817,-0.138092,-0.169444],[-0.143846,0.989353,0.0221049],[-0.164587,-0.0459441,0.985292]],[[-0.975817,-0.138092,-0.169444],[-0.130002,0.989816,-0.0579966],[-0.175727,0.034566,0.983832]]],1],[1462,[0.164753,0.0117018,-0.986265],146,56.8719,[-2.5603,138.439,-12.5163],[-4.45726,130.534,-18.2913],[-94.108,-426.153,-312.725],false,[-28.6844,127.615,116.006],[-16.859,128.955,57.9984],[-10.4779,130.555,17.6206],[-6.50148,130.837,-6.18339],[-3.76196,130.67,-21.8952],[[[-0.93201,-0.304197,-0.19703],[-0.30245,0.95234,-0.0396495],[-0.199701,-0.022638,0.979595]],[[-0.938796,-0.304828,-0.16044],[-0.307135,0.951604,-0.0108366],[-0.155979,-0.0391034,0.986986]],[[-0.938796,-0.304828,-0.16044],[-0.302519,0.952335,-0.0392357],[-0.164753,-0.0117018,0.986265]],[[-0.938796,-0.304828,-0.16044],[-0.298597,0.952349,-0.0622139],[-0.171759,0.0104994,0.985083]]],2],[1463,[0.0810149,0.00800945,-0.996681],146,54.6838,[-29.3018,131.245,-10.2329],[-30.1911,126.899,-13.224],[-90.2708,-430.619,-272.732],false,[-38.4469,125.202,113.249],[-35.6757,125.04,60.1558],[-33.1987,126.81,22.3563],[-31.2938,126.998,-1.0778],[-29.809,126.628,-16.8619],[[[-0.92577,-0.375133,-0.0471737],[-0.374477,0.926966,-0.0223776],[-0.052123,0.003051,0.998636]],[[-0.92371,-0.375047,-0.0780975],[-0.377482,0.92583,0.0186241],[-0.06532,-0.0466837,0.996772]],[[-0.92371,-0.375047,-0.0780975],[-0.374428,0.926971,-0.022986],[-0.0810149,-0.00800945,0.996681]],[[-0.92371,-0.375047,-0.0780975],[-0.371473,0.926712,-0.0566859],[-0.0936337,0.0233503,0.995333]]],3],[1464,[0.0290168,-0.103046,-0.994253],146,42.8711,[-53.961,125.292,15.1224],[-54.9252,120.254,12.2538],[-132.976,-303.75,-294.557],false,[-47.3492,117.063,112.593],[-51.9277,117.669,63.5953],[-59.4418,128.533,36.6475],[-58.9602,126.823,20.1423],[-54.9129,119.496,8.14336],[[[-0.850895,-0.520229,0.0730748],[-0.517033,0.853938,0.0588733],[0.0930289,-0.0123129,0.995587]],[[-0.854182,-0.519172,0.0288791],[-0.455723,0.774222,0.4392],[0.250379,-0.361996,0.897925]],[[-0.854182,-0.519172,0.0288791],[-0.519164,0.848435,-0.103085],[-0.0290168,0.103046,0.994253]],[[-0.854182,-0.519172,0.0288791],[-0.440273,0.692588,-0.571386],[-0.276646,0.500782,0.820173]]],4]],[[0,200,0],[235.247,235.247,147.751]]],[59330,99808103304,[[146,"left",[0.133048,0.10981,-0.985008],[0.159588,-0.983248,-0.0880576],[-20.8546,118.316,73.1245],[39.1821,-220.91,-253.706],[-22.1404,126.229,81.5697],0,0,0.434964,[[-0.754935,-0.263651,-0.600467],[-0.0964454,0.950306,-0.296001],[-0.648668,0.165549,0.742848]],54.0825,[-182.517,153.885,287.867],[-33.8664,115.947,117.633]]],[[1460,[0.706091,0.114108,-0.698867],146,44.2339,[48.923,139.359,86.6628],[53.4468,122.581,66.4075],[121.679,-234.752,-266.028],false,[-9.12165,110.135,123.276],[-9.12165,110.135,123.276],[24.6658,118.775,99.2181],[45.0992,122.077,78.9937],[57.8831,123.295,63.8392],[[[-0.510394,0.842331,-0.173139],[0.663937,0.513949,0.54318],[-0.546522,-0.162283,0.821571]],[[-0.425842,0.856954,-0.290324],[0.427414,0.473339,0.770239],[-0.797481,-0.203912,0.567842]],[[-0.425842,0.856954,-0.290324],[0.565769,0.502602,0.653679],[-0.706091,-0.114108,0.698867]],[[-0.425842,0.856954,-0.290324],[0.635977,0.511729,0.577639],[-0.643577,-0.0613435,0.762919]]],0],[1461,[0.14003,0.00184028,-0.990146],146,49.913,[16.9417,143.621,4.38037],[12.5509,126.576,-11.0714],[-83.0646,-364.798,-335.225],false,[-17.2579,126.455,114.776],[2.46151,125.54,55.5364],[7.17821,128.688,19.5156],[10.0509,128.726,-0.79698],[12.2003,127.722,-15.1031],[[[-0.941951,-0.124977,-0.311622],[-0.114003,0.992051,-0.053264],[-0.315802,0.0146461,0.948712]],[[-0.98291,-0.120428,-0.139231],[-0.130983,0.988961,0.0692776],[-0.129351,-0.0863305,0.987834]],[[-0.98291,-0.120428,-0.139231],[-0.119498,0.99272,-0.0150548],[-0.14003,-0.00184028,0.990146]],[[-0.98291,-0.120428,-0.139231],[-0.109171,0.990307,-0.0858696],[-0.148222,0.0692021,0.98653]]],1],[1462,[0.149316,-0.0434554,-0.987834],146,56.8719,[-3.89077,128.805,-19.0721],[-4.89499,121.969,-23.6117],[-58.1348,-435.31,-294.639],false,[-27.0031,126.589,111.003],[-16.1034,124.634,52.8321],[-10.3295,123.997,12.3364],[-6.72567,122.948,-11.5055],[-4.23994,121.895,-27.2251],[[[-0.942628,-0.289127,-0.166906],[-0.278516,0.956721,-0.0843389],[-0.184067,0.0330143,0.982359]],[[-0.948747,-0.287721,-0.130751],[-0.282771,0.957588,-0.055373],[-0.141137,0.0155624,0.989868]],[[-0.948747,-0.287721,-0.130751],[-0.278539,0.956728,-0.0841895],[-0.149316,0.0434554,0.987834]],[[-0.948747,-0.287721,-0.130751],[-0.274938,0.955436,-0.107476],[-0.155847,0.0660196,0.985572]]],2],[1463,[0.0652631,-0.0449689,-0.996854],146,54.6838,[-30.1998,122.738,-15.663],[-30.6311,119.284,-17.9777],[-56.5212,-412.478,-259.479],false,[-36.8683,124.297,108.523],[-34.9764,121.334,55.4734],[-33.058,121.106,17.6008],[-31.5235,120.048,-5.83743],[-30.3012,118.835,-21.6017],[[[-0.935745,-0.352411,-0.0136884],[-0.350877,0.934185,-0.0646896],[-0.0355848,0.0557301,0.997812]],[[-0.934155,-0.353995,-0.0451893],[-0.353263,0.935228,-0.0235257],[-0.0505902,0.00601291,0.998701]],[[-0.934155,-0.353995,-0.0451893],[-0.350849,0.934166,-0.0651107],[-0.0652631,0.0449689,0.996854]],[[-0.934155,-0.353995,-0.0451893],[-0.348445,0.932114,-0.0987416],[-0.0770755,0.076494,0.994087]]],3],[1464,[-0.0265601,-0.103905,-0.994233],146,42.8711,[-55.944,120.788,10.049],[-56.391,116.1,7.41261],[-109.476,-253.811,-272.554],false,[-45.9863,116.374,108.424],[-51.3534,114.583,59.5352],[-59.2546,124.307,32.2646],[-59.6955,122.582,15.7598],[-56.8394,115.672,3.18497],[[[-0.862651,-0.493069,0.112767],[-0.493904,0.869228,0.022379],[0.109055,0.036391,0.993369]],[[-0.866184,-0.494099,0.0747764],[-0.424749,0.806771,0.410742],[0.263275,-0.324017,0.90868]],[[-0.866184,-0.494099,0.0747764],[-0.499019,0.863174,-0.0768772],[0.0265601,0.103905,0.994233]],[[-0.866184,-0.494099,0.0747764],[-0.460014,0.729918,-0.505576],[-0.195224,0.47232,0.859536]]],4]],[[0,200,0],[235.247,235.247,147.751]]],[59331,99808113019,[[146,"left",[0.126317,0.0986437,-0.987073],[0.152842,-0.985097,-0.0788868],[-20.4832,116.243,71.0589],[38.9031,-218.708,-241.676],[-21.8573,124.523,79.7744],0,0,0.471672,[[-0.754827,-0.270873,-0.597381],[-0.0913008,0.94527,-0.313254],[-0.649539,0.181911,0.738246]],54.0825,[-182.025,156.109,284.865],[-33.1745,114.422,115.686]]],[[1460,[0.713172,0.116573,-0.691229],146,44.2339,[49.7067,137.454,84.4247],[54.6561,120.821,64.7025],[125.173,-209.696,-235.179],false,[-8.42443,108.515,121.205],[-8.42443,108.515,121.205],[25.3295,116.961,97.0316],[45.9678,120.335,77.0283],[59.3094,121.933,62.3989],[[[-0.506465,0.843647,-0.17819],[0.671164,0.515449,0.532777],[-0.541324,-0.150238,0.827283]],[[-0.424615,0.856425,-0.293663],[0.430102,0.476228,0.766954],[-0.796689,-0.199356,0.570564]],[[-0.424615,0.856425,-0.293663],[0.557752,0.502938,0.660277],[-0.713172,-0.116573,0.691228]],[[-0.424615,0.856425,-0.293663],[0.607112,0.509962,0.609388],[-0.671652,-0.0804695,0.736483]]],0],[1461,[0.128519,-0.00589103,-0.99169],146,49.913,[15.8379,140.002,0.77562],[12.1148,123.583,-13.5405],[-72.9427,-349.789,-310.773],false,[-16.5233,124.795,112.595],[2.74426,123.136,53.2224],[7.08027,125.846,17.1182],[9.7168,125.725,-3.22605],[11.6882,124.663,-17.5536],[[[-0.945021,-0.122339,-0.303262],[-0.108267,0.992133,-0.0628554],[-0.308566,0.0265663,0.950832]],[[-0.985151,-0.115551,-0.126985],[-0.123845,0.990518,0.0594623],[-0.118911,-0.0743058,0.990121]],[[-0.985151,-0.115551,-0.126985],[-0.113842,0.993284,-0.020654],[-0.128519,0.00589103,0.99169]],[[-0.985151,-0.115551,-0.126985],[-0.104864,0.990598,-0.0878607],[-0.135944,0.0732399,0.988006]]],1],[1462,[0.142037,-0.0549412,-0.988335],146,56.8719,[-4.33511,125.224,-21.5229],[-5.20886,118.782,-25.8237],[-50.2405,-404.113,-275.051],false,[-26.2956,124.95,108.893],[-15.8457,122.318,50.6661],[-10.3666,121.224,10.1393],[-6.93846,119.898,-13.7147],[-4.56975,118.658,-29.4387],[[[-0.945625,-0.284955,-0.156825],[-0.273224,0.957509,-0.09233],[-0.176471,0.0444613,0.983301]],[[-0.951413,-0.283151,-0.12099],[-0.277265,0.958703,-0.0633502],[-0.133931,0.0267259,0.99063]],[[-0.951413,-0.283151,-0.12099],[-0.273201,0.9575,-0.0924896],[-0.142037,0.0549412,0.988335]],[[-0.951413,-0.283151,-0.12099],[-0.269737,0.955918,-0.116031],[-0.148511,0.0777575,0.985849]]],2],[1463,[0.0577849,-0.0554547,-0.996788],146,54.6838,[-30.5008,119.783,-17.6021],[-30.9237,116.33,-19.9729],[-48.5905,-380.326,-243.598],false,[-36.1932,122.694,106.511],[-34.7184,119.164,53.4827],[-33.0746,118.54,15.6015],[-31.716,117.236,-7.83511],[-30.6151,115.856,-23.5947],[[[-0.937982,-0.346671,-0.00300499],[-0.345573,0.935633,-0.071906],[-0.0277393,0.066408,0.997407]],[[-0.936615,-0.348618,-0.0349019],[-0.347669,0