{"metadata":{"formatVersion":2,"generatedBy":"LeapJS Playback 0.2.1","frames":80,"protocolVersion":6,"serviceVersion":"2.2.5+26752","frameRate":"1.1e+2","modified":"Wed Apr 22 2015 19:59:57 GMT-0300 (E. South America Standard Time)"},"frames":[["id","timestamp",{"hands":[["id","type","direction","palmNormal","palmPosition","palmVelocity","stabilizedPalmPosition","pinchStrength","grabStrength","confidence","armBasis","armWidth","elbow","wrist"]]},{"pointables":[["id","direction","handId","length","stabilizedTipPosition","tipPosition","tipVelocity","tool","carpPosition","mcpPosition","pipPosition","dipPosition","btipPosition","bases","type"]]},{"interactionBox":["center","size"]}],[99599,80863976484,[[25,"right",[-0.257884,0.487722,-0.83404],[-0.291909,-0.862228,-0.413947],[-58.6061,77.8353,85.6513],[55.2064,5.96492,-1.96229],[-64.4755,82.1552,87.5833],1,0,0.637183,[[0.872025,-0.0334427,-0.488317],[0.325261,0.78511,0.527075],[0.365755,-0.618453,0.695513]],62.5264,[60.0895,-109.23,313.143],[-36.8146,54.6241,128.872]]],[[250,[0.119162,-0.119636,-0.985641],25,51.1401,[-72.2487,46.9707,46.6052],[-65.0622,43.2072,45.9235],[34.0218,-11.7046,7.51478],false,[-64.8069,47.6732,137.489],[-64.8069,47.6732,137.489],[-80.8083,52.9376,91.4941],[-76.8215,48.935,58.5176],[-62.4789,40.7531,42.5569],[[[0.581388,0.811357,0.060733],[-0.510045,0.305286,0.804148],[0.63391,-0.498498,0.591318]],[[0.448749,0.892024,-0.0540197],[-0.83181,0.439025,0.339632],[0.326676,-0.107475,0.939006]],[[0.448749,0.892024,-0.0540197],[-0.885678,0.435868,-0.159981],[-0.119162,0.119636,0.985641]],[[0.448749,0.892024,-0.0540197],[-0.639198,0.278141,-0.716982],[-0.62454,0.356274,0.694995]]],0],[251,[-0.195209,0.409617,-0.891127],25,57.7059,[-108.881,130.16,5.26456],[-102.4,128.789,5.61819],[56.0248,-2.3402,-5.2504],false,[-54.6246,68.2559,133.787],[-86.9406,94.9867,75.0274],[-94.8049,113.582,38.0187],[-99.4348,123.297,16.8833],[-102.825,129.72,1.77276],[[[0.864649,-0.0528834,-0.499585],[0.228029,0.927415,0.296486],[0.447643,-0.370276,0.813948]],[[0.9503,-0.145695,-0.275142],[0.249262,0.88556,0.391984],[0.186545,-0.441085,0.877864]],[[0.9503,-0.145695,-0.275142],[0.242536,0.900548,0.360818],[0.195209,-0.409617,0.891127]],[[0.9503,-0.145695,-0.275142],[0.23673,0.912128,0.334635],[0.20221,-0.383138,0.901286]]],1],[252,[-0.240864,0.459121,-0.855098],25,65.7512,[-94.8688,137.735,-7.34603],[-88.1041,136.251,-7.71406],[59.2254,-3.61806,-8.80352],false,[-44.1676,69.387,127.841],[-66.4454,93.9128,67.9317],[-77.3266,116.655,27.9135],[-84.0476,129.466,4.05312],[-88.6545,137.591,-11.8464],[[[0.865551,-0.259745,-0.428199],[0.380698,0.896769,0.225555],[0.325409,-0.358244,0.875083]],[[0.877505,-0.273425,-0.393984],[0.420782,0.833092,0.359026],[0.230058,-0.480829,0.846095]],[[0.877505,-0.273425,-0.393984],[0.414691,0.84525,0.337022],[0.240864,-0.459121,0.855098]],[[0.877505,-0.273425,-0.393984],[0.409353,0.855039,0.318337],[0.24983,-0.440621,0.862228]]],2],[253,[-0.133839,-0.784607,0.605375],25,63.2216,[-78.618,37.9829,60.5899],[-67.3438,35.3375,67.0691],[50.0188,4.59356,12.2068],false,[-33.7103,67.3518,122.199],[-45.0613,87.8936,65.3894],[-66.1904,60.5363,38.4207],[-69.8286,39.2082,54.8767],[-66.1152,34.1757,72.111],[[[0.872826,-0.37649,-0.310533],[0.451744,0.864042,0.222167],[0.18467,-0.334194,0.924235]],[[0.874945,-0.380409,-0.2996],[0.0470519,0.682587,-0.729288],[0.481931,0.62399,0.615125]],[[0.874945,-0.380409,-0.2996],[-0.465359,-0.489572,-0.737401],[0.133839,0.784607,-0.605375]],[[0.874945,-0.380409,-0.2996],[-0.439829,-0.883144,-0.163118],[-0.202538,0.274492,-0.940017]]],3],[254,[-0.267946,-0.791383,0.54947],25,49.5645,[-60.8235,44.2948,59.3734],[-50.7311,40.7424,62.6447],[50.3577,1.7929,10.4592],false,[-24.5191,58.3142,116.825],[-26.773,77.7439,63.3934],[-47.2849,60.727,41.1773],[-52.4275,45.5385,51.7229],[-49.8128,39.1591,67.1679],[[[0.801613,-0.550194,-0.233887],[0.596529,0.762023,0.251939],[0.039612,-0.341477,0.939055]],[[0.791348,-0.506084,-0.342999],[0.155819,0.709467,-0.687297],[0.591176,0.490445,0.640292]],[[0.791348,-0.506084,-0.342999],[-0.549521,-0.342917,-0.761862],[0.267946,0.791383,-0.54947]],[[0.791348,-0.506084,-0.342999],[-0.5915,-0.775644,-0.220237],[-0.154587,0.377168,-0.913152]]],4]],[[0,200,0],[235.247,235.247,147.751]]],[99600,80863985129,[[25,"right",[-0.254662,0.498253,-0.828789],[-0.276364,-0.8588,-0.431377],[-57.1744,76.4114,85.6062],[84.5007,-39.3216,-2.82699],[-64.2986,82.016,87.5354],1,0,0.641944,[[0.879862,-0.0209615,-0.474767],[0.306471,0.78856,0.53315],[0.363207,-0.614601,0.700247]],62.5264,[60.6518,-110.075,314.21],[-35.5771,52.7587,128.685]]],[[250,[0.140639,-0.112881,-0.983605],25,51.1401,[-72.1909,46.9309,46.6013],[-63.0812,41.9617,45.6389],[83.1316,-52.7444,-0.367708],false,[-63.5743,45.3186,136.867],[-63.5743,45.3186,136.867],[-79.9956,50.9491,91.0634],[-75.2902,47.1724,58.1551],[-60.4763,39.4116,42.416],[[[0.570395,0.817397,0.0806961],[-0.522822,0.285542,0.803195],[0.633487,-0.500329,0.590225]],[[0.427902,0.902829,-0.0424285],[-0.83935,0.414351,0.351859],[0.335249,-0.114949,0.935091]],[[0.427902,0.902829,-0.0424285],[-0.892816,0.414919,-0.175275],[-0.140639,0.112881,0.983605]],[[0.427902,0.902829,-0.0424285],[-0.633086,0.265891,-0.726983],[-0.64506,0.337938,0.685343]]],0],[251,[-0.189532,0.423294,-0.885946],25,57.7059,[-108.668,130.099,5.27271],[-100.649,128.177,5.93414],[95.4344,-18.0451,6.71639],false,[-53.6115,66.0848,133.62],[-85.6022,93.3834,74.9435],[-93.2503,112.547,38.1805],[-97.7455,122.587,17.168],[-101.033,129.242,2.13513],[[[0.870785,-0.0338422,-0.490498],[0.212985,0.925129,0.314284],[0.443138,-0.378142,0.812796]],[[0.955183,-0.12947,-0.266203],[0.233912,0.881248,0.410715],[0.181415,-0.454576,0.872037]],[[0.955183,-0.12947,-0.266203],[0.227385,0.896694,0.379784],[0.189532,-0.423294,0.885946]],[[0.955183,-0.12947,-0.266203],[0.221757,0.908665,0.353767],[0.196087,-0.396945,0.896652]]],1],[252,[-0.236274,0.469974,-0.85047],25,65.7512,[-94.6057,137.669,-7.35405],[-86.2948,135.965,-7.15296],[99.5953,-10.5551,10.9062],false,[-43.1037,67.4442,127.813],[-65.017,92.682,68.0652],[-75.6964,115.942,28.291],[-82.2894,129.056,4.55976],[-86.8066,137.379,-11.2626],[[[0.873496,-0.241832,-0.42252],[0.366812,0.897562,0.244603],[0.320085,-0.368645,0.872724]],[[0.885492,-0.256249,-0.387608],[0.406105,0.832163,0.377603],[0.225793,-0.491774,0.840937]],[[0.885492,-0.256249,-0.387608],[0.400098,0.844666,0.355614],[0.236274,-0.469974,0.85047]],[[0.885492,-0.256249,-0.387608],[0.394835,0.854743,0.336928],[0.244968,-0.451388,0.858044]]],2],[253,[-0.128976,-0.794678,0.593172],25,63.2216,[-78.4663,37.9408,60.6648],[-65.1089,34.1379,66.3688],[105.062,-33.57,-12.6465],false,[-32.559,65.633,122.258],[-43.5316,86.972,65.6682],[-64.0211,59.751,38.0752],[-67.527,38.1492,54.1995],[-63.9121,32.9288,71.3987],[[[0.880924,-0.360415,-0.306715],[0.438299,0.865782,0.241487],[0.178513,-0.347164,0.920658]],[[0.882908,-0.364362,-0.296164],[0.0454343,0.694082,-0.718461],[0.467342,0.620879,0.629365]],[[0.882908,-0.364362,-0.296164],[-0.451484,-0.485518,-0.748622],[0.128976,0.794678,-0.593172]],[[0.882908,-0.364362,-0.296164],[-0.426141,-0.886658,-0.17956],[-0.197172,0.284743,-0.938107]]],3],[254,[-0.260466,-0.799845,0.540745],25,49.5645,[-60.6538,44.2324,59.4273],[-48.491,39.7792,62.3763],[105.657,-28.8729,0.729837],false,[-23.1951,56.8007,116.841],[-25.0956,77.0848,63.7141],[-45.155,59.9902,41.1472],[-50.1539,44.6392,51.5254],[-47.5866,38.1503,66.9327],[[[0.811054,-0.536238,-0.233753],[0.584017,0.765089,0.271224],[0.0334015,-0.356494,0.933701]],[[0.801704,-0.491263,-0.340488],[0.151765,0.718277,-0.679003],[0.578134,0.492685,0.650402]],[[0.801704,-0.491263,-0.340488],[-0.537986,-0.344832,-0.769196],[0.260466,0.799845,-0.540745]],[[0.801704,-0.491263,-0.340488],[-0.578128,-0.781971,-0.233002],[-0.151786,0.383644,-0.910922]]],4]],[[0,200,0],[235.247,235.247,147.751]]],[99601,80863993850,[[25,"right",[-0.252356,0.502201,-0.82711],[-0.267046,-0.857724,-0.439312],[-56.1548,75.5948,85.6446],[93.1637,-53.841,-0.892076],[-64.036,81.8091,87.4744],1,0,0.594413,[[0.884333,-0.0139397,-0.466648],[0.295902,0.789873,0.537162],[0.361105,-0.613112,0.702636]],62.5264,[60.9778,-110.642,314.87],[-34.6941,51.797,128.712]]],[[250,[0.165881,-0.119589,-0.978868],25,51.1401,[-72.0542,46.8319,46.6023],[-61.7097,40.8538,46.0999],[104.515,-78.8657,19.264],false,[-62.6942,44.0983,136.64],[-62.6942,44.0983,136.64],[-79.8843,49.7803,91.1265],[-74.3344,45.7792,58.3766],[-58.9143,38.1237,43.1774],[[[0.563862,0.820899,0.0904716],[-0.530591,0.276133,0.801389],[0.632877,-0.499876,0.591262]],[[0.411108,0.910637,-0.0415862],[-0.841326,0.39659,0.367271],[0.350943,-0.116001,0.929184]],[[0.411108,0.910637,-0.0415862],[-0.896367,0.395522,-0.200222],[-0.165881,0.119589,0.978868]],[[0.411108,0.910637,-0.0415862],[-0.616555,0.244163,-0.748495],[-0.671454,0.333353,0.661835]]],0],[251,[-0.185029,0.430448,-0.883447],25,57.7059,[-108.339,130.005,5.28881],[-99.3495,127.679,6.04442],[110.249,-25.4408,9.67376],false,[-52.8594,64.9579,133.61],[-84.6283,92.4359,74.8965],[-92.1038,111.882,38.2463],[-96.4923,122.091,17.293],[-99.6988,128.872,2.29914],[[[0.874481,-0.0241309,-0.484459],[0.204024,0.924414,0.322231],[0.440065,-0.380626,0.813306]],[[0.958108,-0.120967,-0.259606],[0.224912,0.878977,0.420492],[0.177322,-0.461265,0.869362]],[[0.958108,-0.120967,-0.259606],[0.218615,0.894473,0.390034],[0.185029,-0.430448,0.883447]],[[0.958108,-0.120967,-0.259606],[0.213188,0.906515,0.364392],[0.191258,-0.404472,0.894328]]],1],[252,[-0.233054,0.473431,-0.84944],25,65.7512,[-94.2149,137.569,-7.35642],[-84.9838,135.538,-6.94939],[113.392,-20.5014,14.3618],false,[-42.3206,66.4337,127.888],[-63.9901,91.9311,68.1615],[-74.5122,115.389,28.4616],[-81.0153,128.599,4.75906],[-85.4746,136.975,-11.0522],[[[0.878216,-0.232567,-0.417911],[0.35854,0.898445,0.253467],[0.316522,-0.372436,0.872413]],[[0.890326,-0.247475,-0.3822],[0.397277,0.832336,0.386509],[0.222467,-0.495957,0.839366]],[[0.890326,-0.247475,-0.3822],[0.39116,0.845351,0.363833],[0.233054,-0.473431,0.84944]],[[0.890326,-0.247475,-0.3822],[0.385796,0.85583,0.344552],[0.24183,-0.454215,0.857442]]],2],[253,[-0.12606,-0.798667,0.588421],25,63.2216,[-78.1937,37.8597,60.7824],[-63.5979,33.4139,66.1686],[123.065,-46.7027,-15.8019],false,[-31.7238,64.7374,122.396],[-42.4472,86.3929,65.8791],[-62.5515,59.1814,37.9949],[-65.9782,37.4712,53.9899],[-62.4221,32.1947,71.1844],[[[0.885679,-0.351902,-0.302884],[0.430276,0.867203,0.250642],[0.17446,-0.352312,0.919478]],[[0.887547,-0.355762,-0.292735],[0.0445774,0.698722,-0.714004],[0.458556,0.620662,0.636007]],[[0.887547,-0.355762,-0.292735],[-0.443136,-0.485349,-0.753702],[0.12606,0.798667,-0.588421]],[[0.887547,-0.355762,-0.292735],[-0.417898,-0.88916,-0.186428],[-0.193964,0.287797,-0.937844]]],3],[254,[-0.255175,-0.80151,0.540802],25,49.5645,[-60.3481,44.1189,59.5175],[-46.9565,39.1713,62.5176],[124.431,-39.9551,5.85834],false,[-22.2576,56.0109,116.985],[-23.9265,76.6526,63.9886],[-43.7074,59.3854,41.3075],[-48.6048,44.0025,51.6868],[-46.0573,37.5439,67.11],[[[0.816567,-0.52873,-0.23165],[0.576504,0.767357,0.280724],[0.0293311,-0.362778,0.931414]],[[0.807926,-0.484016,-0.336131],[0.149119,0.719767,-0.678011],[0.570104,0.497659,0.653694]],[[0.807926,-0.484016,-0.336131],[-0.531169,-0.351156,-0.77107],[0.255175,0.80151,-0.540802]],[[0.807926,-0.484016,-0.336131],[-0.569711,-0.787349,-0.235607],[-0.150615,0.381851,-0.911869]]],4]],[[0,200,0],[235.247,235.247,147.751]]],[99602,80864002452,[[25,"right",[-0.250433,0.501385,-0.828189],[-0.26265,-0.858552,-0.440345],[-55.619,75.6218,85.665],[85.0082,-38.785,-0.0312855],[-63.7229,81.5789,87.4071],1,0,0.59631,[[0.886263,-0.0107678,-0.463057],[0.291833,0.789317,0.540196],[0.359682,-0.613891,0.702685]],62.5264,[61.0295,-110.754,314.994],[-34.2655,51.8915,128.823]]],[[250,[0.190453,-0.136511,-0.972159],25,51.1401,[-71.8225,46.6547,46.6258],[-60.9087,40.0093,46.9296],[106.345,-92.2938,44.8815],false,[-62.275,44.1094,136.636],[-62.275,44.1094,136.636],[-80.2385,49.2734,91.3595],[-73.8666,44.7062,58.8341],[-57.8091,36.9954,44.3392],[[[0.561018,0.822593,0.0927388],[-0.534731,0.274596,0.799162],[0.631919,-0.497935,0.593919]],[[0.394018,0.91765,-0.0516654],[-0.842767,0.383151,0.378073],[0.366734,-0.105426,0.924333]],[[0.394018,0.91765,-0.0516654],[-0.899154,0.373208,-0.228557],[-0.190453,0.136511,0.972159]],[[0.394018,0.91765,-0.0516654],[-0.59654,0.212567,-0.773922],[-0.699207,0.335759,0.63117]]],0],[251,[-0.181873,0.431033,-0.883817],25,57.7059,[-107.924,129.894,5.30247],[-98.5803,127.612,5.88995],[104.924,-19.0526,3.29074],false,[-52.4903,64.9982,133.645],[-84.0981,92.3767,74.7977],[-91.4457,111.851,38.1365],[-95.7593,122.074,17.1744],[-98.9113,128.863,2.17276],[[[0.876548,-0.0215411,-0.480832],[0.199914,0.925044,0.322998],[0.437833,-0.379248,0.815152]],[[0.959634,-0.118293,-0.255165],[0.220739,0.878993,0.422665],[0.17429,-0.461929,0.869623]],[[0.959634,-0.118293,-0.255165],[0.214534,0.894549,0.39212],[0.181873,-0.431033,0.883817]],[[0.959634,-0.118293,-0.255165],[0.209183,0.906643,0.366389],[0.188002,-0.404976,0.89479]]],1],[252,[-0.230194,0.472164,-0.850924],25,65.7512,[-93.7285,137.449,-7.36516],[-84.1707,135.439,-7.09069],[108.745,-17.6128,6.53549],false,[-41.9324,66.5052,127.966],[-63.4307,91.9333,68.1482],[-73.8055,115.37,28.3971],[-80.2288,128.545,4.6532],[-84.6392,136.884,-11.191],[[[0.880632,-0.229961,-0.414252],[0.354791,0.899534,0.254876],[0.314022,-0.371425,0.873747]],[[0.892915,-0.245189,-0.377605],[0.393176,0.833277,0.388668],[0.219352,-0.495512,0.840448]],[[0.892915,-0.245189,-0.377605],[0.386928,0.846725,0.365161],[0.230194,-0.472164,0.850924]],[[0.892915,-0.245189,-0.377605],[0.381439,0.857536,0.345161],[0.23918,-0.452232,0.859231]]],2],[253,[-0.125295,-0.798377,0.588978],25,63.2216,[-77.8157,37.753,60.9386],[-62.8244,33.4251,66.2355],[114.094,-33.8395,-10.0651],false,[-31.3078,64.8404,122.518],[-41.8621,86.4596,65.9555],[-61.7749,59.164,38.0161],[-65.1808,37.4617,54.0263],[-61.6648,32.2197,71.2395],[[[0.887977,-0.349264,-0.299185],[0.426631,0.868507,0.252351],[0.171707,-0.351724,0.920221]],[[0.889774,-0.353031,-0.28926],[0.044887,0.6984,-0.714298],[0.454188,0.62258,0.637265]],[[0.889774,-0.353031,-0.28926],[-0.438866,-0.487814,-0.754609],[0.125295,0.798377,-0.588978]],[[0.889774,-0.353031,-0.28926],[-0.414154,-0.890853,-0.1867],[-0.191777,0.285919,-0.938867]]],3],[254,[-0.253942,-0.800783,0.542457],25,49.5645,[-59.932,43.9753,59.638],[-46.1728,39.2419,62.6856],[115.547,-26.5775,8.94133],false,[-21.7933,56.1419,117.147],[-23.3046,76.7748,64.1425],[-42.9338,59.4123,41.4026],[-47.8076,44.0433,51.8136],[-45.281,37.651,67.2679],[[[0.819102,-0.526294,-0.228224],[0.573033,0.769102,0.283047],[0.0265615,-0.362624,0.931557]],[[0.810867,-0.481992,-0.331931],[0.149792,0.719219,-0.678444],[0.565736,0.500408,0.655389]],[[0.810867,-0.481992,-0.331931],[-0.527265,-0.35557,-0.771727],[0.253942,0.800783,-0.542457]],[[0.810867,-0.481992,-0.331931],[-0.565845,-0.790475,-0.234453],[-0.149379,0.377932,-0.913703]]],4]],[[0,200,0],[235.247,235.247,147.751]]],[99603,80864011137,[[25,"right",[-0.2364,0.519005,-0.821431],[-0.219438,-0.852069,-0.475211],[-54.9557,74.366,84.3002],[82.7078,-66.9711,-41.883],[-63.3467,81.2693,87.2738],1,0,0.60966,[[0.900578,0.0290893,-0.433719],[0.242472,0.794498,0.556758],[0.360785,-0.606569,0.708455]],62.5264,[61.1684,-110.737,315.182],[-34.4188,49.9687,127.482]]],[[250,[0.244344,-0.110871,-0.963329],25,51.1401,[-71.2471,46.2865,46.5877],[-57.6549,39.1977,44.9387],[183.28,-95.8473,-27.102],false,[-62.4294,41.0958,134.025],[-62.4294,41.0958,134.025],[-79.4595,46.8162,88.4562],[-71.2845,43.1068,56.2262],[-54.1234,36.2817,42.5765],[[[0.531032,0.83606,0.137871],[-0.571385,0.233163,0.786863],[0.625719,-0.496627,0.60153]],[[0.358059,0.933551,-0.0166235],[-0.866554,0.338886,0.366388],[0.347676,-0.116783,0.930313]],[[0.358059,0.933551,-0.0166235],[-0.90116,0.340867,-0.267806],[-0.244344,0.110871,0.963329]],[[0.358059,0.933551,-0.0166235],[-0.55981,0.200395,-0.804024],[-0.747266,0.297194,0.594365]]],0],[251,[-0.162606,0.4556,-0.875207],25,57.7059,[-107.29,129.763,5.25723],[-96.5684,127.62,4.65834],[139.287,-9.33523,-33.1911],false,[-53.21,62.3566,132.023],[-83.5439,90.5732,72.9017],[-90.1333,111.11,36.6792],[-93.99,121.916,15.9214],[-96.8014,129.107,1.03945],[[[0.893423,0.0201933,-0.448762],[0.158865,0.92023,0.357686],[0.420187,-0.390857,0.818947]],[[0.971497,-0.0811402,-0.222734],[0.178222,0.869539,0.460584],[0.156304,-0.487152,0.859216]],[[0.971497,-0.0811402,-0.222734],[0.172492,0.886479,0.42942],[0.162606,-0.4556,0.875207]],[[0.971497,-0.0811402,-0.222734],[0.167555,0.8997,0.40307],[0.167689,-0.428902,0.887651]]],1],[252,[-0.213989,0.490635,-0.844681],25,65.7512,[-92.9691,137.339,-7.40989],[-82.0022,136.099,-7.64393],[147.086,8.35054,-11.8517],false,[-42.5087,64.3611,126.783],[-62.6483,90.968,67.005],[-72.3055,115.288,27.6057],[-78.2766,128.979,4.03601],[-82.3724,137.655,-11.7115],[[[0.901717,-0.189973,-0.388351],[0.316808,0.901591,0.294561],[0.294175,-0.388643,0.873165]],[[0.913329,-0.206206,-0.351155],[0.352336,0.832511,0.427533],[0.204181,-0.514203,0.83301]],[[0.913329,-0.206206,-0.351155],[0.346467,0.846615,0.403986],[0.213989,-0.490635,0.844681]],[[0.913329,-0.206206,-0.351155],[0.341316,0.857966,0.383923],[0.222112,-0.470503,0.853987]]],2],[253,[-0.118224,-0.81701,0.564374],25,63.2216,[-77.1734,37.5705,61.0711],[-60.0383,32.6179,63.5997],[168.338,-49.8767,-87.3526],false,[-31.6488,63.1916,121.682],[-40.8527,86.2263,65.4425],[-58.8961,59.1068,36.0972],[-62.1098,36.898,51.4386],[-58.9984,31.3273,68.6265],[[[0.908714,-0.312516,-0.276718],[0.389638,0.872866,0.293746],[0.149737,-0.374751,0.914954]],[[0.910205,-0.316352,-0.267297],[0.0464049,0.719236,-0.693215],[0.411549,0.618564,0.669332]],[[0.910205,-0.316352,-0.267297],[-0.396925,-0.482095,-0.781047],[0.118224,0.81701,-0.564374]],[[0.910205,-0.316352,-0.267297],[-0.377792,-0.898666,-0.222873],[-0.169704,0.303842,-0.937486]]],3],[254,[-0.245378,-0.821173,0.515233],25,49.5645,[-59.2143,43.7566,59.7356],[-43.4831,39.0153,60.8548],[166.375,-26.9905,-48.6773],false,[-21.6778,54.9589,116.405],[-21.9451,77.1738,64.0226],[-40.19,59.7806,40.18],[-44.8994,44.0203,50.0686],[-42.6943,37.3406,65.4504],[[[0.842982,-0.493687,-0.213668],[0.537921,0.777072,0.326803],[0.00469681,-0.390426,0.920622]],[[0.837275,-0.447406,-0.314321],[0.149877,0.740632,-0.654982],[0.525839,0.501291,0.687169]],[[0.837275,-0.447406,-0.314321],[-0.48863,-0.354264,-0.797332],[0.245378,0.821173,-0.515232]],[[0.837275,-0.447406,-0.314321],[-0.531011,-0.802413,-0.272326],[-0.130375,0.39492,-0.909418]]],4]],[[0,200,0],[235.247,235.247,147.751]]],[99604,80864019985,[[25,"right",[-0.222234,0.534944,-0.815136],[-0.18811,-0.84386,-0.502509],[-54.1005,72.9693,83.1875],[86.481,-91.5691,-64.5845],[-62.878,80.8486,87.0666],1,0,0.620013,[[0.909549,0.0580369,-0.411524],[0.205392,0.798053,0.566504],[0.361296,-0.599787,0.713948]],62.5264,[61.3513,-111.02,315.51],[-34.3714,47.889,126.355]]],[[250,[0.28116,-0.0863347,-0.95577],25,51.1401,[-70.1579,45.6548,46.4096],[-55.0037,38.4366,43.2288],[215.484,-93.0654,-72.3713],false,[-62.3807,38.3152,131.828],[-62.3807,38.3152,131.828],[-78.5457,44.7313,86.0368],[-69.139,41.8428,54.0597],[-51.2908,35.676,40.9901],[[[0.509849,0.842392,0.174442],[-0.59907,0.202145,0.77476],[0.617389,-0.499513,0.607715]],[[0.335413,0.941973,0.0135803],[-0.882376,0.309077,0.354801],[0.330015,-0.130988,0.934843]],[[0.335413,0.941973,0.0135803],[-0.899137,0.324396,-0.293803],[-0.28116,0.0863347,0.95577]],[[0.335413,0.941973,0.0135803],[-0.532433,0.201439,-0.822154],[-0.777182,0.268531,0.569103]]],0],[251,[-0.144723,0.477977,-0.866368],25,57.7059,[-106.296,129.601,5.13793],[-94.2979,127.597,3.7604],[170.998,-3.04582,-49.0741],false,[-53.5335,59.7936,130.63],[-82.6563,88.9051,71.3341],[-88.5283,110.426,35.5618],[-91.9608,121.762,15.0136],[-94.4605,129.313,0.254835],[[[0.90578,0.0487488,-0.420935],[0.129703,0.913789,0.384925],[0.40341,-0.403254,0.821368]],[[0.979165,-0.0568664,-0.194939],[0.147765,0.85801,0.491919],[0.139286,-0.510475,0.848537]],[[0.979165,-0.0568664,-0.194939],[0.142443,0.87653,0.459788],[0.144723,-0.477977,0.866368]],[[0.979165,-0.0568664,-0.194939],[0.137854,0.89103,0.432506],[0.149101,-0.450368,0.880305]]],1],[252,[-0.19852,0.507509,-0.838466],25,65.7512,[-91.752,137.226,-7.49843],[-79.621,136.464,-7.98951],[180.581,18.0559,-18.8622],false,[-42.7236,62.1358,125.767],[-61.6068,89.8516,66.0828],[-70.5697,114.969,27.021],[-76.1091,129.131,3.62469],[-79.9075,138.118,-12.0225],[[[0.916483,-0.162678,-0.365507],[0.289794,0.8998,0.326159],[0.275824,-0.404841,0.871794]],[[0.92733,-0.179657,-0.328303],[0.322721,0.828073,0.458418],[0.189501,-0.531055,0.825875]],[[0.92733,-0.179657,-0.328303],[0.317253,0.842709,0.434963],[0.19852,-0.507509,0.838466]],[[0.92733,-0.179657,-0.328303],[0.312456,0.854507,0.414957],[0.205987,-0.487382,0.848545]]],2],[253,[-0.116159,-0.830435,0.544871],25,63.2216,[-76.1729,37.2756,61.1493],[-57.6478,31.7239,61.5351],[195.288,-63.3703,-126.52],false,[-31.6957,61.3052,120.969],[-39.6837,85.572,65.0628],[-56.3115,58.7888,34.594],[-59.4691,36.215,49.4052],[-56.7086,30.3853,66.5671],[[[0.922612,-0.287846,-0.256771],[0.363177,0.872514,0.326837],[0.129958,-0.394797,0.909531]],[[0.923859,-0.291758,-0.247712],[0.0514341,0.735992,-0.675033],[0.379261,0.610895,0.69496]],[[0.923859,-0.291758,-0.247712],[-0.36468,-0.47461,-0.801095],[0.116159,0.830435,-0.544871]],[[0.923859,-0.291758,-0.247712],[-0.351871,-0.902092,-0.249832],[-0.150569,0.317973,-0.936068]]],3],[254,[-0.237646,-0.830106,0.504429],25,49.5645,[-58.0421,43.4035,59.8184],[-41.0938,38.4007,59.8471],[194.194,-39.9233,-62.3697],false,[-21.4093,53.4023,115.794],[-20.5648,76.9245,63.9917],[-37.7719,59.3576,39.5133],[-42.3329,43.4259,49.1945],[-40.3679,36.6589,64.5707],[[[0.858678,-0.471786,-0.200227],[0.512301,0.778792,0.361983],[-0.0148432,-0.413403,0.910427]],[[0.855352,-0.424935,-0.296317],[0.149765,0.750396,-0.643798],[0.495927,0.506296,0.705493]],[[0.855352,-0.424935,-0.296317],[-0.460324,-0.361046,-0.811016],[0.237646,0.830106,-0.504429]],[[0.855352,-0.424935,-0.296317],[-0.504854,-0.812013,-0.292844],[-0.116173,0.400081,-0.909087]]],4]],[[0,200,0],[235.247,235.247,147.751]]],[99605,80864028541,[[25,"right",[-0.215651,0.543801,-0.811034],[-0.171481,-0.83876,-0.516795],[-53.1854,72.1749,82.6821],[91.8648,-91.9045,-63.1316],[-62.3384,80.3657,86.8225],1,0,0.628969,[[0.914283,0.0722679,-0.398577],[0.185923,0.799326,0.571412],[0.359887,-0.596537,0.717374]],62.5264,[61.5083,-111.339,315.86],[-33.8411,46.7087,125.798]]],[[250,[0.299187,-0.0726733,-0.951423],25,51.1401,[-68.6921,44.8564,46.1243],[-53.2594,37.9912,42.4509],[211.354,-81.2343,-77.7119],false,[-61.8255,36.7667,130.713],[-61.8255,36.7667,130.713],[-77.6937,43.5795,84.8754],[-67.6838,41.1481,53.0437],[-49.5056,35.3492,40.2638],[[[0.498119,0.845204,0.193667],[-0.612795,0.185115,0.768254],[0.613481,-0.50136,0.610146]],[[0.322274,0.9462,0.0290687],[-0.88949,0.292165,0.35135],[0.323955,-0.139087,0.935793]],[[0.322274,0.9462,0.0290687],[-0.898124,0.315316,-0.306511],[-0.299187,0.0726733,0.951423]],[[0.322274,0.9462,0.0290687],[-0.519212,0.202352,-0.830345],[-0.791555,0.252506,0.556491]]],0],[251,[-0.13627,0.490695,-0.86061],25,57.7059,[-105.034,129.426,4.9832],[-92.7057,127.603,3.47651],[174.576,0.551599,-43.1695],false,[-53.1917,58.3512,129.943],[-81.7285,87.9725,70.615],[-87.2632,110.06,35.1355],[-90.4952,121.698,14.7239],[-92.847,129.45,0.045556],[[[0.91144,0.0640679,-0.406413],[0.114105,0.90969,0.399304],[0.395293,-0.410315,0.821818]],[[0.982566,-0.0439545,-0.180642],[0.131633,0.850635,0.509011],[0.131288,-0.523915,0.841592]],[[0.982566,-0.0439545,-0.180642],[0.126468,0.870222,0.47615],[0.13627,-0.490695,0.86061]],[[0.982566,-0.0439545,-0.180642],[0.122012,0.885581,0.448174],[0.140274,-0.462401,0.875505]]],1],[252,[-0.191298,0.516948,-0.834368],25,65.7512,[-90.2116,137.121,-7.59808],[-78.0061,136.651,-7.99753],[182.982,19.5112,-13.9808],false,[-42.3355,60.8737,125.277],[-60.6136,89.2124,65.6977],[-69.2558,114.773,26.8514],[-74.5937,129.198,3.56946],[-78.2522,138.36,-12.0093],[[[0.92357,-0.147981,-0.353723],[0.275203,0.898196,0.342792],[0.266986,-0.413938,0.870272]],[[0.934036,-0.165356,-0.316598],[0.306905,0.824988,0.474556],[0.182719,-0.540418,0.821317]],[[0.934036,-0.165356,-0.316598],[0.301633,0.839894,0.451215],[0.191298,-0.516948,0.834368]],[[0.934036,-0.165356,-0.316598],[0.29701,0.851921,0.431295],[0.198399,-0.496878,0.844837]]],2],[253,[-0.11304,-0.835982,0.536989],25,63.2216,[-74.8943,36.9017,61.1881],[-55.8838,31.2432,60.6691],[197.963,-61.1625,-119.253],false,[-31.2283,60.2254,120.637],[-38.6332,85.1776,64.9526],[-54.523,58.5387,33.9679],[-57.5958,35.8141,48.5649],[-54.9851,29.8942,65.7193],[[[0.929401,-0.274569,-0.246628],[0.348856,0.871675,0.344212],[0.120469,-0.405948,0.905921]],[[0.930537,-0.278535,-0.237736],[0.0523984,0.743798,-0.666347],[0.362429,0.607604,0.706727]],[[0.930537,-0.278535,-0.237736],[-0.348313,-0.472814,-0.809398],[0.11304,0.835982,-0.536989]],[[0.930537,-0.278535,-0.237736],[-0.337378,-0.90452,-0.260805],[-0.142394,0.322896,-0.935661]]],3],[254,[-0.230529,-0.830929,0.506374],25,49.5645,[-56.483,42.9465,59.9128],[-39.3265,38.0405,59.6847],[197.514,-41.0557,-47.9683],false,[-20.7813,52.5031,115.511],[-19.4088,76.7469,64.0542],[-36.0782,58.9389,39.3788],[-40.5026,42.9914,49.0973],[-38.6166,36.2973,64.5152],[[[0.866595,-0.459934,-0.19358],[0.498428,0.779046,0.380337],[-0.0241216,-0.426084,0.904362]],[[0.864493,-0.413764,-0.285397],[0.147779,0.751917,-0.642482],[0.48043,0.513246,0.711172]],[[0.864493,-0.413764,-0.285397],[-0.446663,-0.371964,-0.813717],[0.230529,0.830928,-0.506374]],[[0.864493,-0.413764,-0.285397],[-0.49012,-0.819855,-0.296006],[-0.111507,0.395774,-0.911553]]],4]],[[0,200,0],[235.247,235.247,147.751]]],[99606,80864037169,[[25,"right",[-0.21217,0.54613,-0.810386],[-0.163126,-0.837424,-0.521643],[-52.293,71.9325,82.4159],[94.929,-75.0011,-54.5824],[-61.7244,79.8503,86.5532],1,0,0.642104,[[0.916979,0.0782358,-0.391189],[0.17691,0.799145,0.574517],[0.357564,-0.596026,0.718958]],62.5264,[61.582,-111.529,316.055],[-33.1519,46.3829,125.573]]],[[250,[0.309234,-0.0692251,-0.948463],25,51.1401,[-66.9359,43.9489,45.7841],[-52.0168,37.7415,42.2322],[192.549,-66.0565,-63.8797],false,[-61.1218,36.2762,130.228],[-61.1218,36.2762,130.228],[-76.9682,43.1451,84.3917],[-66.6222,40.829,52.6591],[-48.2499,35.1763,40.093],[[[0.492222,0.846923,0.201094],[-0.619682,0.17869,0.764241],[0.61132,-0.50079,0.612778]],[[0.314685,0.94861,0.0333628],[-0.892364,0.283681,0.351015],[0.323512,-0.140231,0.935775]],[[0.314685,0.94861,0.0333628],[-0.897412,0.308784,-0.315126],[-0.309234,0.0692251,0.948463]],[[0.314685,0.94861,0.0333628],[-0.510846,0.198879,-0.836351],[-0.800006,0.246144,0.547178]]],0],[251,[-0.131957,0.494848,-0.858902],25,57.7059,[-103.547,129.24,4.78903],[-91.4502,127.572,3.1825],[166.391,0.844316,-39.764],false,[-52.5941,57.908,129.617],[-80.8231,87.6343,70.1939],[-86.1835,109.931,34.8193],[-89.3132,121.668,14.4482],[-91.5902,129.477,-0.211758],[[[0.914219,0.0704837,-0.399043],[0.106297,0.908558,0.404009],[0.391029,-0.41177,0.823129]],[[0.984153,-0.0381366,-0.173171],[0.123591,0.847827,0.51567],[0.127153,-0.5289,0.839105]],[[0.984153,-0.0381366,-0.173171],[0.118449,0.868143,0.481973],[0.131957,-0.494848,0.858902]],[[0.984153,-0.0381366,-0.173171],[0.11401,0.88407,0.453236],[0.135811,-0.465797,0.874408]]],1],[252,[-0.187475,0.519633,-0.833568],25,65.7512,[-88.4168,137.014,-7.72603],[-76.7334,136.665,-8.18426],[173.486,15.2417,-15.6471],false,[-41.7152,60.5062,125.046],[-59.6774,89.0037,65.4462],[-68.1501,114.688,26.6446],[-73.3813,129.188,3.38494],[-76.9657,138.401,-12.1813],[[[0.927038,-0.141723,-0.347154],[0.267885,0.898133,0.348704],[0.262371,-0.416259,0.870569]],[[0.9373,-0.159192,-0.310043],[0.298964,0.824476,0.480479],[0.179135,-0.543045,0.820374]],[[0.9373,-0.159192,-0.310043],[0.293806,0.839428,0.457207],[0.187475,-0.519633,0.833567]],[[0.9373,-0.159192,-0.310043],[0.289284,0.851497,0.437342],[0.19438,-0.499611,0.844159]]],2],[253,[-0.108931,-0.833538,0.541617],25,63.2216,[-73.3199,36.4635,61.2355],[-54.4873,31.1194,60.6409],[188.676,-48.6377,-86.4818],false,[-30.5692,59.9347,120.489],[-37.6713,85.0852,64.855],[-53.2018,58.2633,33.846],[-56.1629,35.6052,48.5688],[-53.5877,29.801,65.7681],[[[0.932694,-0.268733,-0.240551],[0.341661,0.871986,0.350584],[0.115544,-0.409175,0.905111]],[[0.933764,-0.272662,-0.231821],[0.0510251,0.742552,-0.667842],[0.354235,0.611778,0.70728]],[[0.933764,-0.272662,-0.231821],[-0.34091,-0.48049,-0.808028],[0.108931,0.833538,-0.541617]],[[0.933764,-0.272662,-0.231821],[-0.329176,-0.908534,-0.25731],[-0.140459,0.316577,-0.93811]]],3],[254,[-0.225592,-0.826782,0.515305],25,49.5645,[-54.5606,42.4152,60.0504],[-37.9677,37.9518,59.9161],[186.971,-32.7712,-26.3888],false,[-20.0429,52.2882,115.413],[-18.3971,76.7574,64.0705],[-34.7964,58.6422,39.4377],[-39.126,42.7743,49.3276],[-37.2605,36.2525,64.8217],[[[0.870439,-0.454643,-0.188775],[0.491426,0.779974,0.38748],[-0.0289249,-0.430047,0.902343]],[[0.869029,-0.409854,-0.277145],[0.146276,0.747952,-0.647434],[0.472644,0.522099,0.709944]],[[0.869029,-0.409854,-0.277145],[-0.440338,-0.385294,-0.810957],[0.225592,0.826782,-0.515305]],[[0.869029,-0.409854,-0.277145],[-0.482312,-0.826647,-0.28988],[-0.110292,0.385584,-0.916057]]],4]],[[0,200,0],[235.247,235.247,147.751]]],[99607,80864045891,[[25,"right",[-0.209004,0.546834,-0.810734],[-0.159478,-0.837005,-0.52344],[-51.3293,71.7814,82.2071],[99.0896,-59.5806,-46.39],[-61.0351,79.3153,86.265],1,0,0.652687,[[0.91877,0.0798301,-0.386638],[0.172973,0.798942,0.575996],[0.354884,-0.596086,0.720236]],62.5264,[61.662,-111.723,316.246],[-32.3616,46.2049,125.425]]],[[250,[0.31569,-0.0694323,-0.946319],25,51.1401,[-64.9939,42.9863,45.4265],[-50.9332,37.4748,42.1684],[173.668,-55.2169,-48.5749],false,[-60.3399,36.0549,129.933],[-60.3399,36.0549,129.933],[-76.2315,42.905,84.1093],[-65.6695,40.582,52.4484],[-47.1534,34.9611,40.0808],[[[0.490101,0.84734,0.204492],[-0.623596,0.176921,0.761464],[0.60904,-0.500714,0.615107]],[[0.31109,0.949769,0.0340936],[-0.893289,0.279968,0.351642],[0.324434,-0.139848,0.935513]],[[0.31109,0.949769,0.0340936],[-0.896417,0.305154,-0.321432],[-0.31569,0.0694323,0.946319]],[[0.31109,0.949769,0.0340936],[-0.50314,0.195022,-0.841913],[-0.806271,0.244757,0.538536]]],0],[251,[-0.12839,0.496814,-0.858308],25,57.7059,[-101.874,129.051,4.55903],[-90.1529,127.536,2.89266],[161.184,0.600535,-37.2093],false,[-51.8387,57.6989,129.389],[-79.8214,87.4597,69.8669],[-85.0332,109.866,34.5392],[-88.0783,121.65,14.1822],[-90.2949,129.482,-0.474497],[[[0.916034,0.0722032,-0.394548],[0.10312,0.908206,0.405621],[0.387618,-0.412248,0.824502]],[[0.98502,-0.0365788,-0.168517],[0.120219,0.846271,0.519012],[0.123626,-0.531496,0.837991]],[[0.98502,-0.0365788,-0.168517],[0.115118,0.867086,0.484675],[0.12839,-0.496814,0.858308]],[[0.98502,-0.0365788,-0.168517],[0.110707,0.8834,0.455355],[0.132212,-0.46719,0.874216]]],1],[252,[-0.184133,0.520601,-0.833709],25,65.7512,[-86.4369,136.899,-7.88771],[-75.4081,136.594,-8.43325],[167.473,9.43166,-18.6657],false,[-40.9415,60.3173,124.874],[-58.655,88.8634,65.2228],[-66.9752,114.59,26.416],[-72.1132,129.117,3.15242],[-75.6341,138.349,-12.417],[[[0.92889,-0.140049,-0.342856],[0.264987,0.898067,0.351082],[0.258739,-0.416968,0.871316]],[[0.938988,-0.157533,-0.305754],[0.295562,0.824209,0.483034],[0.175912,-0.543933,0.820483]],[[0.938988,-0.157533,-0.305754],[0.290512,0.839141,0.459831],[0.184133,-0.520601,0.833709]],[[0.938988,-0.157533,-0.305754],[0.286085,0.851197,0.440022],[0.190939,-0.500647,0.844331]]],2],[253,[-0.106074,-0.828471,0.549894],25,63.2216,[-71.4601,35.9708,61.3131],[-53.2297,31.0341,60.8506],[177.149,-38.0663,-54.9389],false,[-29.7729,59.7664,120.37],[-36.641,84.9753,64.7329],[-52.0086,57.9133,33.8514],[-54.892,35.3929,48.7992],[-52.3186,29.7614,66.0561],[[[0.934204,-0.267182,-0.236382],[0.338788,0.872016,0.353286],[0.111737,-0.410124,0.905159]],[[0.935209,-0.271008,-0.227901],[0.0502176,0.738616,-0.672253],[0.350517,0.617253,0.70437]],[[0.935209,-0.271008,-0.227901],[-0.337835,-0.490092,-0.803541],[0.106074,0.828471,-0.549894]],[[0.935209,-0.271008,-0.227901],[-0.325088,-0.912253,-0.249222],[-0.140362,0.307162,-0.941249]]],3],[254,[-0.222852,-0.820714,0.526085],25,49.5645,[-52.3668,41.836,60.2407],[-36.7495,37.8316,60.234],[174.337,-27.4965,-8.26693],false,[-19.2119,52.1403,115.335],[-17.352,76.6744,64.0311],[-33.6232,58.2664,39.5307],[-37.9002,42.5149,49.6276],[-36.0441,36.1823,65.201],[[[0.871952,-0.453238,-0.185132],[0.488498,0.780162,0.39079],[-0.032688,-0.431187,0.90167]],[[0.871082,-0.409927,-0.27051],[0.145944,0.74195,-0.654378],[0.468952,0.530538,0.706126]],[[0.871082,-0.409927,-0.27051],[-0.437668,-0.397979,-0.806263],[0.222852,0.820714,-0.526085]],[[0.871082,-0.409927,-0.27051],[-0.47872,-0.831734,-0.281152],[-0.10974,0.374405,-0.920749]]],4]],[[0,200,0],[235.247,235.247,147.751]]],[99608,80864054572,[[25,"right",[-0.20568,0.54574,-0.81232],[-0.158086,-0.837694,-0.522759],[-50.2223,71.6485,82.0235],[106.66,-47.7918,-39.6695],[-60.2648,78.7691,85.9629],1,0,0.663091,[[0.920216,0.0790183,-0.383351],[0.17171,0.798634,0.576801],[0.351735,-0.596607,0.721348]],62.5264,[61.7597,-111.941,316.464],[-31.4296,46.1254,125.349]]],[[250,[0.321158,-0.0728844,-0.944217],25,51.1401,[-62.9512,42.0071,45.0842],[-49.7984,37.1216,42.2012],[161.924,-50.2527,-34.5083],false,[-59.4307,35.9998,129.77],[-59.4307,35.9998,129.77],[-75.3691,42.7282,83.9443],[-64.6242,40.2897,52.3537],[-46.0049,34.6361,40.157],[[[0.489884,0.847339,0.205012],[-0.626275,0.178462,0.758901],[0.60646,-0.500167,0.618093]],[[0.309476,0.950372,0.031903],[-0.893503,0.279149,0.351751],[0.325389,-0.137364,0.93555]],[[0.309476,0.950372,0.031903],[-0.895032,0.302458,-0.327776],[-0.321158,0.0728844,0.944217]],[[0.309476,0.950372,0.031903],[-0.496885,0.190227,-0.846711],[-0.810759,0.246184,0.531096]]],0],[251,[-0.124873,0.497197,-0.858604],25,57.7059,[-100.056,128.854,4.29158],[-88.6942,127.4,2.53478],[162.425,-2.42094,-37.3449],false,[-50.9138,57.6376,129.224],[-78.659,87.326,69.5551],[-83.7222,109.763,34.2251],[-86.6839,121.555,13.8611],[-88.8417,129.389,-0.803808],[[[0.917522,0.0710316,-0.39129],[0.102206,0.908753,0.404626],[0.384327,-0.411246,0.826541]],[[0.985587,-0.0373849,-0.164989],[0.11914,0.845783,0.520055],[0.120103,-0.532216,0.838046]],[[0.985587,-0.0373849,-0.164989],[0.114131,0.866832,0.485363],[0.124873,-0.497197,0.858604]],[[0.985587,-0.0373849,-0.164989],[0.109793,0.88333,0.455713],[0.128703,-0.467259,0.874702]]],1],[252,[-0.180671,0.519816,-0.834955],25,65.7512,[-84.3327,136.754,-8.09654],[-73.9105,136.346,-8.80298],[168.462,-0.156532,-24.48],false,[-39.9984,60.2423,124.745],[-57.4748,88.7094,64.9866],[-65.636,114.39,26.1157],[-70.6774,128.895,2.81733],[-74.133,138.115,-12.7735],[[[0.930053,-0.14115,-0.339231],[0.264265,0.898429,0.350697],[0.255274,-0.415814,0.872888]],[[0.939992,-0.158562,-0.302114],[0.294349,0.824653,0.483018],[0.172551,-0.54296,0.82184]],[[0.939992,-0.158562,-0.302114],[0.289436,0.839434,0.459975],[0.180671,-0.519816,0.834955]],[[0.939992,-0.158562,-0.302114],[0.285128,0.851371,0.440306],[0.187396,-0.500025,0.845492]]],2],[253,[-0.105042,-0.822441,0.559068],25,63.2216,[-69.3599,35.4374,61.4307],[-51.9552,30.9055,61.1477],[169.24,-31.6733,-29.9805],false,[-28.8137,59.6776,120.283],[-35.4616,84.8068,64.5834],[-50.7504,57.485,33.8923],[-53.6058,35.1285,49.0894],[-51.0404,29.6819,66.4067],[[[0.934896,-0.268125,-0.232546],[0.338041,0.872336,0.353212],[0.108153,-0.408826,0.906181]],[[0.935857,-0.271897,-0.224151],[0.0506501,0.733294,-0.678022],[0.348721,0.623179,0.70003]],[[0.935857,-0.271897,-0.224151],[-0.33636,-0.499662,-0.798248],[0.105042,0.822441,-0.559068]],[[0.935857,-0.271897,-0.224151],[-0.323409,-0.915324,-0.239976],[-0.139922,0.297076,-0.944546]]],3],[254,[-0.223064,-0.813264,0.537443],25,49.5645,[-50.0251,41.243,60.4789],[-35.51,37.6675,60.577],[165.753,-24.4899,5.1048],false,[-18.2392,52.0373,115.299],[-16.1754,76.4927,63.965],[-32.3605,57.8194,39.6088],[-36.6416,42.2109,49.9237],[-34.818,36.0904,65.5855],[[[0.872339,-0.454065,-0.181245],[0.487555,0.780444,0.391404],[-0.0362712,-0.429804,0.902193]],[[0.872005,-0.412909,-0.262895],[0.148364,0.734754,-0.66191],[0.466471,0.538185,0.70197]],[[0.872005,-0.412909,-0.262895],[-0.435717,-0.41001,-0.801275],[0.223064,0.813264,-0.537443]],[[0.872005,-0.412909,-0.262895],[-0.477475,-0.8358,-0.271027],[-0.107818,0.361862,-0.925976]]],4]],[[0,200,0],[235.247,235.247,147.751]]],[99609,80864063177,[[25,"right",[-0.202415,0.544656,-0.813866],[-0.157496,-0.838356,-0.521875],[-49.1035,71.5851,81.7936],[112.832,-37.1083,-36.2448],[-59.4137,78.2213,85.6449],1,0,0.692292,[[0.92156,0.0774632,-0.380429],[0.171222,0.798354,0.577334],[0.348439,-0.597186,0.722468]],62.5264,[61.8357,-112.11,316.633],[-30.4805,46.1099,125.22]]],[[250,[0.325567,-0.0763414,-0.942432],25,51.1401,[-60.8804,41.0586,44.7574],[-48.6868,36.8546,42.1562],[152.952,-44.1532,-26.9461],false,[-58.5083,36.0271,129.569],[-58.5083,36.0271,129.569],[-74.4701,42.6411,83.7353],[-63.5776,40.0869,52.2044],[-44.8873,34.393,40.1357],[[[0.490309,0.847056,0.205164],[-0.628446,0.180509,0.756619],[0.603865,-0.499912,0.620834]],[[0.308768,0.950675,0.0296562],[-0.893573,0.279258,0.351486],[0.325867,-0.135028,0.935723]],[[0.308768,0.950675,0.0296562],[-0.893682,0.300648,-0.33308],[-0.325567,0.0763414,0.942432]],[[0.308768,0.950675,0.0296562],[-0.492246,0.1864,-0.850264],[-0.813852,0.247937,0.52552]]],0],[251,[-0.121443,0.497706,-0.858802],25,57.7059,[-98.1337,128.669,3.98779],[-87.2274,127.354,2.1479],[163.997,-1.89662,-38.4464],false,[-49.9622,57.6531,129.015],[-77.4806,87.278,69.2095],[-82.3988,109.743,33.8765],[-85.2791,121.547,13.5078],[-87.3797,129.387,-1.16219],[[[0.918845,0.069223,-0.3885],[0.10208,0.90929,0.403449],[0.381187,-0.410365,0.82843]],[[0.986035,-0.0388415,-0.161945],[0.11885,0.845305,0.520898],[0.116661,-0.53287,0.838117]],[[0.986035,-0.0388415,-0.161945],[0.113958,0.866476,0.486038],[0.121443,-0.497706,0.858802]],[[0.986035,-0.0388415,-0.161945],[0.109715,0.883076,0.456222],[0.12529,-0.467619,0.875006]]],1],[252,[-0.177252,0.519004,-0.836192],25,65.7512,[-82.1611,136.595,-8.35439],[-72.4007,136.17,-9.21409],[169.984,-4.91114,-30.0601],false,[-39.0294,60.2366,124.567],[-56.2804,88.627,64.7058],[-64.281,114.268,25.7751],[-69.227,128.75,2.44228],[-72.6192,137.956,-13.171],[[[0.930942,-0.142888,-0.336052],[0.264297,0.898672,0.35005],[0.251982,-0.414694,0.874376]],[[0.94074,-0.16025,-0.298877],[0.293928,0.824882,0.482883],[0.169156,-0.542116,0.823102]],[[0.94074,-0.16025,-0.298877],[0.289118,0.839616,0.459844],[0.177252,-0.519004,0.836192]],[[0.94074,-0.16025,-0.298877],[0.284897,0.851516,0.440176],[0.18396,-0.49924,0.84671]]],2],[253,[-0.104754,-0.816645,0.567553],25,63.2216,[-67.0848,34.8881,61.5817],[-50.7207,30.8302,61.3833],[162.448,-25.6547,-13.8967],false,[-27.8314,59.6503,120.141],[-34.271,84.6958,64.3787],[-49.5122,57.1254,33.8869],[-52.3597,34.9264,49.3147],[-49.8085,29.6428,66.6845],[[[0.935286,-0.269693,-0.229143],[0.338031,0.87249,0.352841],[0.104766,-0.407465,0.907192]],[[0.93622,-0.273471,-0.220694],[0.0514112,0.727847,-0.68381],[0.347634,0.62885,0.695484]],[[0.93622,-0.273471,-0.220694],[-0.335439,-0.508236,-0.793207],[0.104754,0.816645,-0.567553]],[[0.93622,-0.273471,-0.220694],[-0.322691,-0.917693,-0.231754],[-0.139152,0.288189,-0.947409]]],3],[254,[-0.224814,-0.807614,0.545176],25,49.5645,[-47.64,40.6727,60.7262],[-34.3195,37.5684,60.738],[158.192,-20.261,8.39934],false,[-17.2508,51.9884,115.202],[-14.9936,76.3563,63.835],[-31.1125,57.5186,39.5617],[-35.4272,42.0186,50.025],[-33.6481,36.053,65.7516],[[[0.87233,-0.455468,-0.177734],[0.487306,0.780472,0.391659],[-0.0396717,-0.428266,0.902781]],[[0.872436,-0.416008,-0.2565],[0.151772,0.729502,-0.666927],[0.464564,0.542922,0.699582]],[[0.872436,-0.416008,-0.2565],[-0.433951,-0.417967,-0.798117],[0.224814,0.807614,-0.54517