{"metadata":{"formatVersion":2,"generatedBy":"LeapJS Playback 0.2.1","frames":61,"protocolVersion":6,"serviceVersion":"2.2.5+26752","frameRate":"1.1e+2","modified":"Wed Apr 22 2015 19:57:47 GMT-0300 (E. South America Standard Time)"},"frames":[["id","timestamp",{"hands":[["id","type","direction","palmNormal","palmPosition","palmVelocity","stabilizedPalmPosition","pinchStrength","grabStrength","confidence","armBasis","armWidth","elbow","wrist"]]},{"pointables":[["id","direction","handId","length","stabilizedTipPosition","tipPosition","tipVelocity","tool","carpPosition","mcpPosition","pipPosition","dipPosition","btipPosition","bases","type"]]},{"interactionBox":["center","size"]}],[85022,80735370173,[[18,"right",[-0.361363,0.198624,-0.911024],[-0.387997,-0.920473,-0.0467832],[-54.7877,96.2001,91.7745],[47.076,-15.9123,-17.802],[-58.3477,99.6162,94.2696],1,0,0.783744,[[0.754671,-0.24681,-0.607912],[0.440283,0.877453,0.190332],[0.486438,-0.411292,0.770855]],63.72,[104.203,-24.1635,346.18],[-27.1349,86.8852,138.049]]],[[180,[-0.289568,-0.350658,-0.890612],18,52.1164,[-86.1302,55.4378,68.348],[-82.6479,52.722,67.3141],[73.4951,-16.8534,-16.5096],false,[-54.2597,85.8594,152.341],[-54.2597,85.8594,152.341],[-79.4635,75.7139,110.465],[-89.3365,63.758,80.0987],[-80.5299,49.5662,63.7045],[[[0.6177,0.726619,-0.300785],[-0.367812,0.605001,0.706179],[0.695098,-0.325575,0.640968]],[[0.429154,0.784143,-0.448271],[-0.74893,0.586354,0.308697],[0.504908,0.203245,0.838904]],[[0.429154,0.784143,-0.448271],[-0.855557,0.512014,0.0765765],[0.289568,0.350658,0.890612]],[[0.429154,0.784143,-0.448271],[-0.821117,0.131941,-0.5553],[-0.37629,0.606392,0.700496]]],0],[181,[-0.314193,0.382659,-0.868824],18,58.8075,[-113.043,145.773,12.0437],[-109.295,142.807,9.9085],[67.9847,-10.2896,-24.638],false,[-43.7015,103.269,140.203],[-84.2112,111.58,79.3557],[-96.9872,129.421,42.4201],[-104.581,138.67,21.4203],[-110.202,144.699,6.45401],[[[0.775155,-0.298441,-0.556837],[0.309743,0.947717,-0.0767536],[0.550631,-0.11298,0.827068]],[[0.841781,-0.310862,-0.441328],[0.450524,0.854937,0.257122],[0.297378,-0.415269,0.85972]],[[0.841781,-0.310862,-0.441328],[0.438962,0.870021,0.224444],[0.314193,-0.382659,0.868824]],[[0.841781,-0.310862,-0.441328],[0.428019,0.882536,0.194755],[0.328946,-0.352838,0.875957]]],1],[182,[-0.353514,0.47007,-0.808741],18,67.0064,[-100.523,152.705,-0.652946],[-96.7307,149.473,-3.05487],[64.5641,-9.91534,-22.014],false,[-34.0565,101.313,132.802],[-64.7399,106.178,70.3327],[-80.6844,130.131,31.6633],[-90.7371,143.498,8.66563],[-97.7621,151.861,-6.62625],[[[0.778183,-0.468122,-0.41868],[0.448347,0.880908,-0.151612],[0.439791,-0.0697319,0.895389]],[[0.692604,-0.449588,-0.564066],[0.640994,0.742241,0.195459],[0.330797,-0.496939,0.802262]],[[0.692604,-0.449588,-0.564066],[0.628751,0.759542,0.166636],[0.353514,-0.47007,0.808741]],[[0.692604,-0.449588,-0.564066],[0.61689,0.774466,0.140178],[0.373828,-0.445054,0.813744]]],2],[183,[-0.43497,-0.812728,0.387653],18,64.4285,[-76.6769,63.3641,57.4626],[-72.5792,59.4718,54.0184],[63.8321,-10.6816,-24.4968],false,[-24.5005,96.4407,126.813],[-43.8789,97.5412,67.2558],[-62.2911,85.1284,28.4849],[-74.3406,62.6142,39.2237],[-71.8928,59.0731,57.405],[[[0.798393,-0.538347,-0.269724],[0.51659,0.84254,-0.152517],[0.30936,-0.0175683,0.950783]],[[0.814866,-0.538466,-0.214585],[0.40764,0.795532,-0.448284],[0.412095,0.277818,0.867753]],[[0.814866,-0.538466,-0.214585],[-0.383137,-0.222547,-0.896481],[0.43497,0.812728,-0.387653]],[[0.814866,-0.538466,-0.214585],[-0.564649,-0.821056,-0.0838948],[-0.131012,0.189528,-0.973096]]],3],[184,[-0.559322,-0.76145,0.327648],18,50.5107,[-57.8514,65.9182,58.8169],[-53.8785,62.4719,56.1381],[61.0593,-7.43945,-24.9102],false,[-16.4794,85.0966,123.726],[-26.2263,85.4421,66.5668],[-44.9744,82.5725,36.7247],[-55.9141,67.6795,43.1331],[-53.2507,61.6102,59.0447],[[[0.732428,-0.668525,-0.128936],[0.659769,0.743666,-0.108009],[0.168092,-0.00595851,0.985753]],[[0.671481,-0.647948,-0.35955],[0.517668,0.757349,-0.398048],[0.530219,0.0811541,0.843968]],[[0.671481,-0.647948,-0.35955],[-0.486078,-0.0189056,-0.873711],[0.559322,0.76145,-0.327648]],[[0.671481,-0.647948,-0.35955],[-0.724733,-0.675411,-0.136318],[-0.154517,0.352113,-0.923115]]],4]],[[0,200,0],[235.247,235.247,147.751]]],[85023,80735378817,[[18,"right",[-0.360172,0.196708,-0.911911],[-0.386844,-0.921003,-0.0458793],[-54.169,96.2913,91.7798],[53.5762,-8.89123,-12.9166],[-58.1986,99.4976,94.1808],1,0,0.783893,[[0.755938,-0.245981,-0.606672],[0.439917,0.877164,0.1925],[0.4848,-0.412403,0.771293]],63.72,[104.318,-24.2642,346.362],[-26.5776,87.0847,138.113]]],[[180,[-0.287685,-0.351798,-0.890772],18,52.1164,[-85.8374,55.2656,68.2897],[-81.8948,52.7648,67.3373],[77.7468,-10.8401,-11.948],false,[-53.7235,86.0504,152.364],[-53.7235,86.0504,152.364],[-78.8046,75.8187,110.435],[-88.6134,63.824,80.0635],[-79.7409,49.6118,63.7227],[[[0.617317,0.726851,-0.301011],[-0.369623,0.605724,0.704611],[0.694477,-0.323708,0.642584]],[[0.429757,0.783775,-0.448336],[-0.750234,0.586245,0.305721],[0.502451,0.204971,0.839958]],[[0.429757,0.783775,-0.448336],[-0.855889,0.511796,0.0742928],[0.287685,0.351798,0.890772]],[[0.429757,0.783775,-0.448336],[-0.819503,0.130096,-0.558112],[-0.379108,0.607266,0.698216]]],0],[181,[-0.311574,0.381514,-0.870269],18,58.8075,[-112.729,145.614,11.8962],[-108.495,142.76,9.737],[75.3681,-9.27446,-23.6709],false,[-43.1667,103.452,140.214],[-83.591,111.617,79.2899],[-96.2575,129.408,42.2928],[-103.788,138.63,21.258],[-109.363,144.639,6.26682],[[[0.776373,-0.298442,-0.555137],[0.308751,0.947954,-0.077824],[0.54947,-0.110979,0.82811]],[[0.84348,-0.310698,-0.438188],[0.44902,0.855554,0.257699],[0.294827,-0.414119,0.861152]],[[0.84348,-0.310698,-0.438188],[0.437566,0.870582,0.224994],[0.311574,-0.381514,0.870269]],[[0.84348,-0.310698,-0.438188],[0.426719,0.883051,0.195273],[0.326272,-0.351692,0.877416]]],1],[182,[-0.352156,0.468302,-0.810358],18,67.0064,[-100.203,152.526,-0.816419],[-95.9633,149.381,-3.21882],[71.0595,-10.5882,-21.4312],false,[-33.5079,101.496,132.831],[-64.0994,106.223,70.3061],[-79.971,130.103,31.562],[-89.9851,143.42,8.51837],[-96.9871,151.745,-6.80473],[[[0.779384,-0.467893,-0.416697],[0.44755,0.881185,-0.152356],[0.438473,-0.0677488,0.896187]],[[0.694393,-0.449796,-0.561696],[0.639836,0.74312,0.195916],[0.329285,-0.495436,0.803813]],[[0.694393,-0.449796,-0.561696],[0.627539,0.760511,0.166787],[0.352156,-0.468302,0.810358]],[[0.694393,-0.449796,-0.561696],[0.615615,0.775504,0.14004],[0.372608,-0.443032,0.815406]]],2],[183,[-0.434757,-0.812646,0.388063],18,64.4285,[-76.5262,63.2592,57.3341],[-71.8478,59.503,54.0249],[69.4161,-6.99011,-17.4507],false,[-23.9369,96.6249,126.865],[-43.2235,97.6051,67.276],[-61.5446,85.1256,28.4834],[-73.5882,62.6137,39.2335],[-71.1647,59.1095,57.4252],[[[0.799444,-0.53785,-0.267595],[0.51584,0.842895,-0.153092],[0.307895,-0.0156478,0.951292]],[[0.815868,-0.537857,-0.212295],[0.407693,0.795421,-0.448433],[0.410056,0.279311,0.868239]],[[0.815868,-0.537857,-0.212295],[-0.381243,-0.224311,-0.896849],[0.434757,0.812646,-0.388063]],[[0.815868,-0.537857,-0.212295],[-0.563502,-0.82191,-0.0832474],[-0.129712,0.187547,-0.973653]]],3],[184,[-0.558617,-0.76155,0.328615],18,50.5107,[-57.688,65.8184,58.7007],[-53.1581,62.5169,56.1954],[67.0971,-4.44302,-15.9092],false,[-15.8977,85.2851,123.809],[-25.5556,85.5256,66.6343],[-44.258,82.5774,36.7713],[-55.1839,67.6824,43.1986],[-52.5279,61.6526,59.1264],[[[0.733411,-0.667874,-0.126697],[0.659064,0.744263,-0.108199],[0.166559,-0.00414671,0.986023]],[[0.67281,-0.647751,-0.357413],[0.517266,0.757276,-0.39871],[0.528925,0.0833785,0.844563]],[[0.67281,-0.647751,-0.357413],[-0.485049,-0.0214382,-0.874224],[0.558617,0.76155,-0.328615]],[[0.67281,-0.647751,-0.357413],[-0.72359,-0.67679,-0.135549],[-0.154092,0.349819,-0.924057]]],4]],[[0,200,0],[235.247,235.247,147.751]]],[85024,80735387528,[[18,"right",[-0.358961,0.195853,-0.912572],[-0.388332,-0.92043,-0.044789],[-53.2167,96.1125,91.9779],[68.4628,-11.9971,-3.39508],[-58.0055,99.3664,94.0954],1,0,0.784953,[[0.756344,-0.248058,-0.605319],[0.441528,0.876339,0.192568],[0.482696,-0.412913,0.772339]],63.72,[104.642,-24.5526,346.883],[-25.6856,86.9339,138.352]]],[[180,[-0.286438,-0.350912,-0.891523],18,52.1164,[-85.4748,55.0922,68.2378],[-80.9033,52.6837,67.4882],[88.4186,-9.34016,-6.2408],false,[-52.8469,85.9675,152.578],[-52.8469,85.9675,152.578],[-77.7713,75.7677,110.548],[-87.5376,63.8031,80.1514],[-78.7307,49.5589,63.803],[[[0.618817,0.725343,-0.301568],[-0.369296,0.607459,0.703288],[0.693315,-0.323838,0.643773]],[[0.434295,0.781871,-0.447287],[-0.749718,0.589005,0.301656],[0.49931,0.204332,0.841984]],[[0.434295,0.781871,-0.447287],[-0.854015,0.515304,0.0715585],[0.286438,0.350912,0.891523]],[[0.434295,0.781871,-0.447287],[-0.818403,0.135057,-0.558548],[-0.376303,0.608636,0.69854]]],0],[181,[-0.308885,0.381018,-0.871444],18,58.8075,[-112.331,145.441,11.7512],[-107.307,142.581,9.79495],[92.2177,-12.6836,-15.8125],false,[-42.2494,103.332,140.411],[-82.6011,111.467,79.435],[-95.1515,129.234,42.3865],[-102.617,138.443,21.3234],[-108.146,144.445,6.31238],[[[0.776412,-0.300617,-0.553908],[0.310404,0.947314,-0.0790328],[0.548483,-0.110573,0.828819]],[[0.84386,-0.312872,-0.435903],[0.450071,0.855038,0.257577],[0.292125,-0.413546,0.862347]],[[0.84386,-0.312872,-0.435903],[0.438738,0.870021,0.224885],[0.308885,-0.381018,0.871444]],[[0.84386,-0.312872,-0.435903],[0.427999,0.882454,0.195171],[0.323601,-0.351263,0.878576]]],1],[182,[-0.348981,0.468343,-0.811706],18,67.0064,[-99.7934,152.332,-0.97847],[-94.7107,149.182,-3.16357],[91.1088,-13.9788,-14.2229],false,[-32.5868,101.348,133.041],[-63.1098,106.026,70.4788],[-78.8361,129.894,31.6681],[-88.7599,143.212,8.58613],[-95.6999,151.544,-6.76207],[[[0.779007,-0.469852,-0.415195],[0.449164,0.880195,-0.153324],[0.437492,-0.0670502,0.896719]],[[0.69475,-0.45199,-0.559489],[0.640992,0.741953,0.196561],[0.326271,-0.495188,0.805193]],[[0.69475,-0.45199,-0.559489],[0.628916,0.759184,0.167645],[0.348981,-0.468343,0.811706]],[[0.69475,-0.45199,-0.559489],[0.617201,0.774052,0.141087],[0.369304,-0.443337,0.816741]]],2],[183,[-0.43794,-0.812007,0.385815],18,64.4285,[-76.3253,63.139,57.1939],[-70.8858,59.3852,54.1058],[80.554,-8.44428,-10.8311],false,[-23.0181,96.4518,127.092],[-42.2453,97.3691,67.4826],[-60.4521,84.9923,28.6033],[-72.5839,62.4981,39.2912],[-70.2076,59.0034,57.491],[[[0.798806,-0.539605,-0.265963],[0.51739,0.841791,-0.153932],[0.306948,-0.0146444,0.951614]],[[0.815336,-0.539541,-0.210056],[0.411309,0.795085,-0.445719],[0.407496,0.277012,0.870179]],[[0.815336,-0.539541,-0.210056],[-0.37873,-0.222577,-0.898345],[0.43794,0.812007,-0.385815]],[[0.815336,-0.539541,-0.210056],[-0.564848,-0.820921,-0.0838825],[-0.127181,0.187042,-0.974084]]],3],[184,[-0.55956,-0.76004,0.330503],18,50.5107,[-57.4735,65.7003,58.5856],[-52.2179,62.2898,56.4495],[78.2063,-10.8216,-2.81669],false,[-14.9948,85.0938,124.062],[-24.597,85.2592,66.8773],[-43.2862,82.2702,37.01],[-54.2305,67.4047,43.4743],[-51.583,61.4151,59.4186],[[[0.732421,-0.669294,-0.124922],[0.660407,0.742992,-0.108744],[0.165597,-0.00285297,0.986189]],[[0.67213,-0.649463,-0.355583],[0.518531,0.75568,-0.400092],[0.528552,0.0845327,0.844682]],[[0.67213,-0.649463,-0.355583],[-0.484907,-0.0231709,-0.874259],[0.55956,0.76004,-0.330503]],[[0.67213,-0.649463,-0.355583],[-0.724327,-0.676348,-0.133804],[-0.153597,0.347492,-0.925017]]],4]],[[0,200,0],[235.247,235.247,147.751]]],[85025,80735396188,[[18,"right",[-0.358898,0.193543,-0.91309],[-0.388872,-0.920323,-0.042226],[-52.2318,96.0654,92.1488],[80.4916,-10.2573,2.75415],[-57.7614,99.2268,94.0131],1,0,0.785083,[[0.75703,-0.249778,-0.603753],[0.443165,0.875295,0.193555],[0.480116,-0.414089,0.773317]],63.72,[104.928,-24.8052,347.342],[-24.7034,86.9987,138.547]]],[[180,[-0.287665,-0.349378,-0.891731],18,52.1164,[-85.0404,54.9272,68.1868],[-79.8759,52.7194,67.6011],[96.6567,-4.64024,-4.61614],false,[-51.8645,86.0874,152.777],[-51.8645,86.0874,152.777],[-76.5427,75.802,110.623],[-86.3508,63.8897,80.2189],[-77.7421,49.6269,63.7815],[[[0.619224,0.724145,-0.303604],[-0.368902,0.609615,0.701628],[0.693162,-0.322464,0.644626]],[[0.438465,0.779737,-0.446944],[-0.750558,0.591232,0.29514],[0.494379,0.206049,0.844472]],[[0.438465,0.779737,-0.446944],[-0.851467,0.519563,0.071113],[0.287665,0.349378,0.891731]],[[0.438465,0.779737,-0.446944],[-0.820026,0.143551,-0.554031],[-0.367839,0.609429,0.702346]]],0],[181,[-0.307184,0.37968,-0.872629],18,58.8075,[-111.848,145.254,11.6081],[-106.202,142.405,9.83244],[102.317,-14.7484,-10.6179],false,[-41.2576,103.412,140.561],[-81.6079,111.402,79.5653],[-94.0878,129.105,42.4622],[-101.513,138.282,21.3705],[-107.012,144.263,6.34034],[[[0.776205,-0.302599,-0.553118],[0.310953,0.94691,-0.0816652],[0.548465,-0.108605,0.829091]],[[0.844151,-0.314643,-0.43406],[0.450586,0.855111,0.256433],[0.290484,-0.41205,0.863617]],[[0.844151,-0.314643,-0.43406],[0.439371,0.869967,0.223854],[0.307184,-0.37968,0.872629]],[[0.844151,-0.314643,-0.43406],[0.42874,0.8823,0.194239],[0.321855,-0.350066,0.879695]]],1],[182,[-0.348101,0.466203,-0.813314],18,67.0064,[-99.3047,152.115,-1.14156],[-93.6382,148.909,-3.15699],[99.8175,-19.2381,-10.5492],false,[-31.5965,101.402,133.196],[-62.1203,105.925,70.623],[-77.7999,129.695,31.7331],[-87.6986,142.952,8.60535],[-94.6236,151.241,-6.77229],[[[0.778709,-0.471451,-0.413939],[0.449669,0.879506,-0.155778],[0.437504,-0.0648296,0.896877]],[[0.694871,-0.454045,-0.557672],[0.641354,0.742059,0.194971],[0.3253,-0.493145,0.806838]],[[0.694871,-0.454045,-0.557672],[0.629269,0.759275,0.165897],[0.348101,-0.466203,0.813314]],[[0.694871,-0.454045,-0.557672],[0.61754,0.774125,0.139192],[0.368508,-0.441105,0.818308]]],2],[183,[-0.438196,-0.810551,0.388576],18,64.4285,[-76.0661,63.0026,57.0513],[-69.9075,59.2721,54.3626],[89.3196,-9.78492,0.696559],false,[-22.031,96.4839,127.26],[-41.2611,97.2478,67.6496],[-59.4703,84.7824,28.7999],[-71.6092,62.3286,39.5642],[-69.2218,58.9023,57.7755],[[[0.798475,-0.540804,-0.264515],[0.517873,0.841061,-0.156284],[0.306993,-0.0121961,0.951634]],[[0.815024,-0.540594,-0.208554],[0.411871,0.793675,-0.447708],[0.407552,0.278995,0.869519]],[[0.815024,-0.540594,-0.208554],[-0.379105,-0.225311,-0.897504],[0.438196,0.810551,-0.388576]],[[0.815024,-0.540594,-0.208554],[-0.565163,-0.821054,-0.080381],[-0.12778,0.183379,-0.974702]]],3],[184,[-0.559708,-0.758775,0.333148],18,50.5107,[-57.2018,65.5677,58.4745],[-51.2474,62.1557,56.7086],[87.3305,-12.3798,6.4171],false,[-14.0145,85.1129,124.261],[-23.6199,85.126,67.0768],[-42.3143,82.0604,37.2206],[-53.2615,67.2197,43.7366],[-50.6067,61.2827,59.6994],[[[0.732023,-0.670064,-0.123113],[0.660835,0.742303,-0.110831],[0.165651,-0.000226654,0.986184]],[[0.671745,-0.650842,-0.353784],[0.518878,0.754246,-0.402341],[0.528701,0.0867001,0.844369]],[[0.671745,-0.650842,-0.353784],[-0.485269,-0.0257747,-0.873985],[0.559708,0.758775,-0.333148]],[[0.671745,-0.650842,-0.353784],[-0.724594,-0.676587,-0.131127],[-0.154022,0.344434,-0.92609]]],4]],[[0,200,0],[235.247,235.247,147.751]]],[85026,80735405091,[[18,"right",[-0.358338,0.190946,-0.913857],[-0.391169,-0.919503,-0.0387423],[-51.2542,95.9695,92.3206],[88.4686,-10.3965,7.25307],[-57.4484,99.0701,93.9317],1,0,0.70086,[[0.756753,-0.253279,-0.602639],[0.446267,0.873808,0.193145],[0.477671,-0.415101,0.774288]],63.72,[105.219,-25.0658,347.813],[-23.7524,87.0116,138.755]]],[[180,[-0.289636,-0.346639,-0.892162],18,52.1164,[-84.5106,54.7653,68.1262],[-78.8485,52.7668,67.6489],[102.803,-1.2297,-6.58087],false,[-50.9168,86.2226,152.987],[-50.9168,86.2226,152.987],[-75.1843,75.8057,110.627],[-85.0596,63.9869,80.208],[-76.749,49.6892,63.6478],[[[0.621057,0.721429,-0.306314],[-0.367435,0.613214,0.699257],[0.6923,-0.321729,0.645919]],[[0.445817,0.77597,-0.446226],[-0.751602,0.59525,0.284204],[0.48615,0.208681,0.848593]],[[0.445817,0.77597,-0.446226],[-0.84697,0.526984,0.0702118],[0.289636,0.346639,0.892162]],[[0.445817,0.77597,-0.446226],[-0.821676,0.157001,-0.547904],[-0.355099,0.610918,0.70759]]],0],[181,[-0.304421,0.378007,-0.874322],18,58.8075,[-111.242,145.041,11.4563],[-104.987,142.203,9.8119],[112.442,-16.9781,-8.55221],false,[-40.2656,103.474,140.705],[-80.5908,111.332,79.6758],[-92.9473,128.964,42.4979],[-100.305,138.1,21.3652],[-105.759,144.052,6.30694],[[[0.775492,-0.306651,-0.551885],[0.313326,0.945811,-0.0852568],[0.548123,-0.106804,0.829551]],[[0.843988,-0.318496,-0.43156],[0.452728,0.854474,0.254775],[0.287612,-0.410406,0.865359]],[[0.843988,-0.318496,-0.43156],[0.441601,0.869293,0.222077],[0.304421,-0.378007,0.874322]],[[0.843988,-0.318496,-0.43156],[0.431039,0.881595,0.192343],[0.3192,-0.348355,0.88134]]],1],[182,[-0.345801,0.464574,-0.815225],18,67.0064,[-98.6958,151.863,-1.31586],[-92.44,148.597,-3.2009],[109.47,-23.6822,-9.11083],false,[-30.609,101.412,133.349],[-61.1162,105.772,70.7563],[-76.6971,129.442,31.7664],[-86.5305,142.653,8.58436],[-93.4082,150.919,-6.82687],[[[0.777563,-0.474976,-0.412061],[0.45188,0.877777,-0.159099],[0.437266,-0.0624926,0.897158]],[[0.694091,-0.457988,-0.555414],[0.64323,0.740998,0.192815],[0.323254,-0.491089,0.808912]],[[0.694091,-0.457988,-0.555414],[0.631394,0.757903,0.164084],[0.345801,-0.464574,0.815225]],[[0.694091,-0.457988,-0.555414],[0.619909,0.772498,0.137696],[0.365993,-0.439879,0.820095]]],2],[183,[-0.440303,-0.807962,0.391575],18,64.4285,[-75.7342,62.8426,56.9052],[-69.0005,59.1112,54.639],[92.9064,-12.1066,9.42387],false,[-21.0553,96.4468,127.433],[-40.2784,97.0308,67.818],[-58.4967,84.4885,28.9972],[-70.6939,62.1064,39.8446],[-68.31,58.7569,58.0707],[[[0.797143,-0.543805,-0.262372],[0.519987,0.83916,-0.159452],[0.306882,-0.00932406,0.951702]],[[0.813716,-0.543421,-0.2063],[0.414251,0.791134,-0.450005],[0.407752,0.280716,0.868871]],[[0.813716,-0.543421,-0.2063],[-0.379472,-0.227797,-0.896721],[0.440303,0.807962,-0.391575]],[[0.813716,-0.543421,-0.2063],[-0.567085,-0.820095,-0.0765402],[-0.127592,0.179272,-0.975491]]],3],[184,[-0.561613,-0.755992,0.336255],18,50.5107,[-56.8594,65.4113,58.3679],[-50.3402,61.9342,56.9966],[91.5298,-16.107,13.8113],false,[-13.0671,85.0444,124.478],[-22.6676,84.8629,67.2932],[-41.3503,81.7213,37.4376],[-52.3348,66.935,44.0144],[-49.6953,61.0662,60.0049],[[[0.730356,-0.672358,-0.120482],[0.662697,0.74022,-0.113608],[0.165568,0.00313069,0.986193]],[[0.670346,-0.653962,-0.35067],[0.521018,0.751292,-0.405093],[0.528371,0.0888468,0.844352]],[[0.670346,-0.653962,-0.35067],[-0.485002,-0.0284666,-0.87405],[0.561613,0.755992,-0.336255]],[[0.670346,-0.653962,-0.35067],[-0.726076,-0.675578,-0.128097],[-0.153134,0.340482,-0.927697]]],4]],[[0,200,0],[235.247,235.247,147.751]]],[85027,80735413590,[[18,"right",[-0.356727,0.191444,-0.914382],[-0.388289,-0.920613,-0.0412662],[-50.4088,95.9321,92.3562],[91.3459,-8.82817,6.45138],[-57.0932,98.9118,93.8522],1,0,0.70926,[[0.759676,-0.250246,-0.600224],[0.443473,0.874434,0.196713],[0.47563,-0.415622,0.775264]],63.72,[105.429,-25.2409,348.162],[-22.9911,86.9769,138.841]]],[[180,[-0.287426,-0.342815,-0.894351],18,52.1164,[-83.9126,54.6158,68.0429],[-77.715,52.7854,67.4006],[111.491,0.209417,-14.2699],false,[-50.187,86.0812,153.006],[-50.187,86.0812,153.006],[-74.0984,75.6559,110.446],[-83.8983,63.9674,79.9527],[-75.5944,49.7421,63.3269],[[[0.619601,0.723833,-0.303579],[-0.370961,0.610888,0.699431],[0.691724,-0.320752,0.647021]],[[0.447407,0.777565,-0.441837],[-0.755229,0.593106,0.279025],[0.479016,0.20885,0.852599]],[[0.447407,0.777565,-0.441837],[-0.846885,0.527134,0.0701146],[0.287426,0.342815,0.894351]],[[0.447407,0.777565,-0.441837],[-0.820936,0.161065,-0.547835],[-0.354813,0.607824,0.710393]]],0],[181,[-0.301708,0.379579,-0.874581],18,58.8075,[-110.573,144.84,11.309],[-103.971,142.216,9.78765],[115.007,-12.1053,-7.14556],false,[-39.5588,103.386,140.78],[-79.7614,111.227,79.6676],[-92.0125,128.916,42.4817],[-99.3049,138.091,21.3427],[-104.708,144.073,6.27861],[[[0.777735,-0.303349,-0.550552],[0.310664,0.9469,-0.0828737],[0.546458,-0.106583,0.830677]],[[0.84656,-0.31528,-0.428876],[0.449468,0.855032,0.258647],[0.285157,-0.411727,0.865544]],[[0.84656,-0.31528,-0.428876],[0.43853,0.869781,0.226214],[0.301708,-0.379579,0.874581]],[[0.84656,-0.31528,-0.428876],[0.428149,0.882039,0.196711],[0.316267,-0.350151,0.881686]]],1],[182,[-0.344238,0.465619,-0.815291],18,67.0064,[-98.0309,151.628,-1.4799],[-91.4443,148.652,-3.1791],[111.589,-15.698,-5.95152],false,[-29.8784,101.366,133.444],[-60.2488,105.742,70.7852],[-75.7687,129.453,31.7957],[-85.5576,142.694,8.61175],[-92.4011,150.983,-6.80226],[[[0.779981,-0.471908,-0.411014],[0.449599,0.879414,-0.156501],[0.435306,-0.0627243,0.898095]],[[0.697057,-0.454988,-0.554164],[0.640653,0.742286,0.196404],[0.321987,-0.491932,0.808905]],[[0.697057,-0.454988,-0.554164],[0.628977,0.759068,0.167938],[0.344238,-0.465619,0.815291]],[[0.697057,-0.454988,-0.554164],[0.617649,0.773567,0.141785],[0.364172,-0.441111,0.820243]]],2],[183,[-0.438609,-0.809848,0.389575],18,64.4285,[-75.3391,62.677,56.7518],[-67.9427,59.1018,54.5608],[101.231,-9.30457,5.24472],false,[-20.2956,96.4399,127.541],[-39.3777,97.0691,67.8819],[-57.464,84.5375,28.996],[-69.6143,62.1031,39.788],[-67.2556,58.7425,58.0153],[[[0.799411,-0.540937,-0.261397],[0.517824,0.841003,-0.156757],[0.304632,-0.0100448,0.952417]],[[0.815859,-0.540599,-0.205249],[0.412931,0.793149,-0.447663],[0.404799,0.280476,0.870328]],[[0.815859,-0.540599,-0.205249],[-0.376824,-0.227814,-0.897833],[0.438609,0.809848,-0.389575]],[[0.815859,-0.540599,-0.205249],[-0.564302,-0.821828,-0.0784982],[-0.126244,0.179866,-0.975557]]],3],[184,[-0.560109,-0.758174,0.333842],18,50.5107,[-56.457,65.2546,58.2589],[-49.2966,61.9721,56.9632],[99.8832,-10.9171,9.56779],false,[-12.2658,85.0668,124.586],[-21.7289,84.9553,67.3783],[-40.3151,81.8013,37.4638],[-51.2702,66.9723,43.9934],[-48.6504,61.0963,59.9845],[[[0.732674,-0.669937,-0.119891],[0.660723,0.742416,-0.110741],[0.163198,0.00192285,0.986591]],[[0.673343,-0.65141,-0.349676],[0.519913,0.753464,-0.40247],[0.525642,0.0891994,0.846017]],[[0.673343,-0.65141,-0.349676],[-0.482583,-0.0289333,-0.875372],[0.560109,0.758174,-0.333842]],[[0.673343,-0.65141,-0.349676],[-0.723539,-0.677829,-0.130536],[-0.151988,0.3409,-0.927732]]],4]],[[0,200,0],[235.247,235.247,147.751]]],[85028,80735422192,[[18,"right",[-0.356627,0.196009,-0.913454],[-0.386558,-0.921081,-0.0467277],[-49.302,95.5452,92.2751],[101.206,-18.3783,2.2561],[-56.6488,98.7198,93.7622],1,0,0.712403,[[0.763083,-0.248814,-0.596487],[0.440676,0.875424,0.198588],[0.472768,-0.414397,0.777667]],63.72,[105.756,-25.5119,348.692],[-21.8909,86.3752,138.722]]],[[180,[-0.284807,-0.33788,-0.897063],18,52.1164,[-83.1742,54.435,67.919],[-76.3575,52.4951,66.9901],[125.729,-9.54759,-23.4654],false,[-49.0921,85.348,152.868],[-49.0921,85.348,152.868],[-72.8139,75.0904,110.161],[-82.5246,63.5701,79.5754],[-74.1573,49.4506,62.8914],[[[0.618407,0.726705,-0.299119],[-0.372443,0.606188,0.702725],[0.691996,-0.323165,0.645527]],[[0.447639,0.780637,-0.436149],[-0.757487,0.590237,0.278988],[0.475219,0.205491,0.855535]],[[0.447639,0.780637,-0.436149],[-0.847646,0.525779,0.0710825],[0.284807,0.33788,0.897063]],[[0.447639,0.780637,-0.436149],[-0.819631,0.163179,-0.549161],[-0.357525,0.603307,0.712879]]],0],[181,[-0.300429,0.384818,-0.87273],18,58.8075,[-109.787,144.641,11.1745],[-102.805,142.266,9.93518],[120.976,-7.46201,-0.752927],false,[-38.49,102.742,140.746],[-78.6767,110.858,79.6592],[-90.8779,128.766,42.5619],[-98.1394,138.067,21.4677],[-103.519,144.141,6.43176],[[[0.778571,-0.298752,-0.551883],[0.308946,0.947933,-0.0772992],[0.546241,-0.110319,0.830331]],[[0.84788,-0.311333,-0.429152],[0.447711,0.854009,0.264998],[0.283997,-0.416823,0.863484]],[[0.84788,-0.311333,-0.429152],[0.436855,0.8689,0.232746],[0.300429,-0.384818,0.87273]],[[0.84788,-0.311333,-0.429152],[0.42655,0.881298,0.203392],[0.314888,-0.355507,0.880034]]],1],[182,[-0.344235,0.46964,-0.812982],18,67.0064,[-97.2611,151.399,-1.6272],[-90.3398,148.751,-2.99006],[115.93,-8.83369,1.39213],false,[-28.8022,100.782,133.403],[-59.1495,105.46,70.7556],[-74.667,129.371,31.8872],[-84.4558,142.726,8.76887],[-91.3,151.088,-6.60517],[[[0.78106,-0.468102,-0.41331],[0.448043,0.881127,-0.15124],[0.434974,-0.0670529,0.897943]],[[0.698434,-0.450584,-0.556025],[0.639176,0.742217,0.201414],[0.321937,-0.496072,0.806393]],[[0.698434,-0.450584,-0.556025],[0.627448,0.759218,0.172906],[0.344235,-0.46964,0.812982]],[[0.698434,-0.450584,-0.556025],[0.616068,0.77391,0.146705],[0.36421,-0.445013,0.818116]]],2],[183,[-0.437068,-0.812719,0.385306],18,64.4285,[-74.8364,62.4845,56.5675],[-66.7371,58.9149,54.2559],[111.561,-12.6317,-4.67143],false,[-19.2073,95.9076,127.478],[-38.2609,96.8426,67.8133],[-56.3044,84.4935,28.8492],[-68.412,61.9796,39.523],[-66.0471,58.5348,57.7337],[[[0.800544,-0.53795,-0.26408],[0.516339,0.842845,-0.151681],[0.304176,-0.0149273,0.952499]],[[0.816983,-0.537901,-0.207848],[0.411643,0.79641,-0.443035],[0.403842,0.276393,0.872077]],[[0.816983,-0.537901,-0.207848],[-0.376178,-0.223945,-0.899077],[0.437068,0.812719,-0.385306]],[[0.816983,-0.537901,-0.207848],[-0.562598,-0.822599,-0.0825431],[-0.126576,0.184371,-0.974672]]],3],[184,[-0.558852,-0.761019,0.329447],18,50.5107,[-55.9483,65.0742,58.1243],[-48.0988,61.8014,56.6768],[110.433,-13.3856,-1.31545],false,[-11.1549,84.5665,124.462],[-20.5893,84.7647,67.2494],[-39.1399,81.74,37.2994],[-50.0703,66.8554,43.743],[-47.4469,60.9049,59.706],[[[0.733977,-0.66788,-0.123348],[0.659398,0.744261,-0.106158],[0.162704,-0.00341765,0.986669]],[[0.674903,-0.648236,-0.352557],[0.518911,0.756619,-0.397817],[0.524631,0.0855426,0.847021]],[[0.674903,-0.648236,-0.352557],[-0.481861,-0.0253175,-0.875882],[0.558852,0.761019,-0.329447]],[[0.674903,-0.648236,-0.352557],[-0.72204,-0.678686,-0.134328],[-0.152199,0.345218,-0.926099]]],4]],[[0,200,0],[235.247,235.247,147.751]]],[85029,80735430910,[[18,"right",[-0.351356,0.198957,-0.914858],[-0.381214,-0.922891,-0.0542963],[-48.5852,95.3384,92.0884],[96.1325,-19.8058,-4.07001],[-56.1399,98.5064,93.6566],1,0,0.706546,[[0.76777,-0.241688,-0.593394],[0.433678,0.877762,0.203609],[0.471649,-0.413667,0.778735]],63.72,[105.898,-25.6214,348.934],[-21.4468,86.0686,138.675]]],[[180,[-0.275104,-0.334412,-0.90138],18,52.1164,[-82.3034,54.231,67.7252],[-75.0815,52.2806,66.3166],[132.916,-14.2431,-38.1728],false,[-48.7393,84.8191,152.626],[-48.7393,84.8191,152.626],[-71.9682,74.6328,109.633],[-81.3481,63.2308,78.8995],[-72.7807,49.2449,62.2045],[[[0.616504,0.73162,-0.290957],[-0.380587,0.600408,0.703324],[0.689258,-0.322867,0.648598]],[[0.447755,0.785106,-0.427931],[-0.763524,0.58478,0.273976],[0.465346,0.204061,0.861285]],[[0.447755,0.785106,-0.427931],[-0.850784,0.521323,0.0662513],[0.275104,0.334412,0.90138]],[[0.447755,0.785106,-0.427931],[-0.815786,0.162752,-0.554982],[-0.366073,0.597596,0.713351]]],0],[181,[-0.29505,0.388717,-0.872837],18,58.8075,[-108.885,144.445,11.0088],[-101.668,142.282,9.62385],[123.887,-4.81837,-9.91086],false,[-38.1481,102.335,140.671],[-77.9547,110.56,79.3501],[-89.9305,128.645,42.2652],[-97.062,138.04,21.1684],[-102.348,144.177,6.12467],[[[0.783984,-0.291594,-0.548035],[0.304318,0.949986,-0.0701229],[0.541073,-0.111802,0.833511]],[[0.852953,-0.304528,-0.42395],[0.441326,0.854441,0.274158],[0.278751,-0.420943,0.863194]],[[0.852953,-0.304528,-0.42395],[0.4306,0.869576,0.241706],[0.29505,-0.388717,0.872837]],[[0.852953,-0.304528,-0.42395],[0.420409,0.882185,0.212145],[0.309398,-0.359182,0.880489]]],1],[182,[-0.340555,0.472336,-0.81297],18,67.0064,[-96.3795,151.183,-1.79289],[-89.195,148.859,-3.18428],[119.982,-3.24569,-4.77276],false,[-28.3993,100.466,133.385],[-58.3372,105.315,70.5539],[-73.6836,129.362,31.702],[-83.3678,142.794,8.58405],[-90.1408,151.205,-6.79538],[[[0.786434,-0.461666,-0.410348],[0.444284,0.884327,-0.143449],[0.429107,-0.0694981,0.900576]],[[0.704933,-0.443892,-0.5532],[0.633797,0.744342,0.210371],[0.318388,-0.498914,0.806049]],[[0.704933,-0.443892,-0.5532],[0.622167,0.761484,0.181795],[0.340555,-0.472336,0.81297]],[[0.704933,-0.443892,-0.5532],[0.610876,0.776302,0.155518],[0.360417,-0.447566,0.818404]]],2],[183,[-0.434269,-0.816486,0.380475],18,64.4285,[-74.212,62.2695,56.3419],[-65.5355,58.8356,53.7873],[118.718,-12.2264,-15.4431],false,[-18.7373,95.6752,127.501],[-37.3823,96.826,67.7111],[-55.1172,84.5299,28.5889],[-67.1473,61.9116,39.1289],[-64.8585,58.4292,57.3422],[[[0.805265,-0.532203,-0.261359],[0.512788,0.846417,-0.143618],[0.297653,-0.0183714,0.954497]],[[0.821318,-0.532366,-0.204998],[0.409731,0.80053,-0.437347],[0.396935,0.275206,0.875616]],[[0.821318,-0.532366,-0.204998],[-0.36993,-0.223466,-0.901784],[0.434269,0.816486,-0.380475]],[[0.821318,-0.532366,-0.204998],[-0.557164,-0.825741,-0.0878664],[-0.122498,0.186384,-0.97481]]],3],[184,[-0.556963,-0.765689,0.321733],18,50.5107,[-55.3232,64.8808,57.9557],[-46.9423,61.8028,56.3092],[116.579,-9.87033,-11.8004],false,[-10.6027,84.3941,124.481],[-19.6419,84.8469,67.206],[-37.9537,81.8752,37.1043],[-48.8473,66.8992,43.397],[-46.3015,60.8892,59.3502],[[[0.738431,-0.66324,-0.121783],[0.656063,0.748366,-0.097625],[0.155887,-0.00780812,0.987744]],[[0.681004,-0.642774,-0.350821],[0.517718,0.761432,-0.390114],[0.517882,0.0840427,0.851314]],[[0.681004,-0.642774,-0.350821],[-0.475422,-0.023707,-0.879438],[0.556963,0.765689,-0.321733]],[[0.681004,-0.642774,-0.350821],[-0.717231,-0.682106,-0.142515],[-0.147692,0.348673,-0.925534]]],4]],[[0,200,0],[235.247,235.247,147.751]]],[85030,80735439504,[[18,"right",[-0.347959,0.201299,-0.915644],[-0.378345,-0.923763,-0.0593066],[-47.859,95.2331,91.9885],[93.0616,-17.8121,-6.06287],[-55.5869,98.2878,93.5452],1,0,0.713826,[[0.770887,-0.237805,-0.590916],[0.429728,0.878936,0.206893],[0.470177,-0.413424,0.779752]],63.72,[106.052,-25.7544,349.192],[-20.8962,85.8702,138.659]]],[[180,[-0.267616,-0.332108,-0.904481],18,52.1164,[-81.3483,54.0267,67.4933],[-73.9416,52.1972,65.8786],[134.811,-13.6644,-41.7606],false,[-48.2451,84.4925,152.486],[-48.2451,84.4925,152.486],[-71.1287,74.389,109.289],[-80.2532,63.0656,78.4497],[-71.5441,49.1598,61.7611],[[[0.615671,0.73442,-0.285616],[-0.385336,0.596756,0.703846],[0.687362,-0.323279,0.650404]],[[0.448915,0.787634,-0.422028],[-0.767021,0.58195,0.270211],[0.458426,0.202403,0.865378]],[[0.448915,0.787634,-0.422028],[-0.852559,0.518977,0.0616958],[0.267616,0.332108,0.904481]],[[0.448915,0.787634,-0.422028],[-0.812403,0.163064,-0.559833],[-0.372126,0.594174,0.713078]]],0],[181,[-0.291263,0.392067,-0.872611],18,58.8075,[-107.917,144.274,10.8357],[-100.638,142.397,9.46838],[122.997,0.183384,-11.8408],false,[-37.6523,102.081,140.641],[-77.2163,110.418,79.1784],[-89.0385,128.639,42.111],[-96.0784,138.115,21.0197],[-101.297,144.312,5.97686],[[[0.787176,-0.28737,-0.545686],[0.301911,0.951094,-0.0653456],[0.537777,-0.11331,0.835438]],[[0.85592,-0.300608,-0.420756],[0.437812,0.854257,0.280295],[0.275175,-0.424122,0.862786]],[[0.85592,-0.300608,-0.420756],[0.427279,0.869435,0.248022],[0.291263,-0.392067,0.872611]],[[0.85592,-0.300608,-0.420756],[0.417267,0.882099,0.21861],[0.305433,-0.36268,0.88044]]],1],[182,[-0.337134,0.474861,-0.812926],18,67.0064,[-95.4207,150.996,-1.96094],[-88.1081,149.035,-3.27821],[122.037,2.98398,-6.39451],false,[-27.8667,100.267,133.391],[-57.5461,105.26,70.4483],[-72.7341,129.429,31.6092],[-82.3209,142.932,8.49257],[-89.0275,151.39,-6.88989],[[[0.789515,-0.457936,-0.408609],[0.44238,0.8861,-0.138302],[0.425402,-0.0715692,0.90217]],[[0.709037,-0.439992,-0.551066],[0.630855,0.744971,0.216885],[0.3151,-0.501422,0.805784]],[[0.709037,-0.439992,-0.551066],[0.619361,0.762177,0.188358],[0.337134,-0.474861,0.812926]],[[0.709037,-0.439992,-0.551066],[0.608195,0.777059,0.162109],[0.356884,-0.450096,0.818564]]],2],[183,[-0.430337,-0.817211,0.383374],18,64.4285,[-73.4904,62.0442,56.1112],[-64.4914,58.8388,53.6405],[119.606,-10.3324,-10.4248],false,[-18.1657,95.5252,127.531],[-36.555,96.8414,67.6657],[-54.1979,84.4515,28.5315],[-66.1191,61.8131,39.1517],[-63.8031,58.4022,57.3752],[[[0.807901,-0.528963,-0.259798],[0.510992,0.848385,-0.138312],[0.29357,-0.0210122,0.955707]],[[0.823616,-0.529289,-0.20374],[0.407098,0.801845,-0.437397],[0.394877,0.277305,0.875885]],[[0.823616,-0.529289,-0.20374],[-0.369414,-0.228076,-0.900841],[0.430337,0.817211,-0.383374]],[[0.823616,-0.529289,-0.20374],[-0.553436,-0.828569,-0.0847478],[-0.123956,0.182557,-0.97535]]],3],[184,[-0.556158,-0.768356,0.31673],18,50.5107,[-54.6146,64.6874,57.7688],[-45.9565,61.8431,56.0843],[116.267,-6.15673,-15.2144],false,[-9.98603,84.2783,124.505],[-18.7785,84.9145,67.194],[-36.9381,81.9945,36.9951],[-47.8159,66.9664,43.1899],[-45.3217,60.916,59.1361],[[[0.740838,-0.660697,-0.120991],[0.654345,0.750572,-0.0920548],[0.151633,-0.0109719,0.988376]],[[0.684494,-0.639635,-0.349763],[0.517404,0.76423,-0.385027],[0.513576,0.0825797,0.854061]],[[0.684494,-0.639635,-0.349763],[-0.471334,-0.0222761,-0.881673],[0.556158,0.768356,-0.31673]],[[0.684494,-0.639635,-0.349763],[-0.714513,-0.683852,-0.147711],[-0.144705,0.351018,-0.92512]]],4]],[[0,200,0],[235.247,235.247,147.751]]],[85031,80735448289,[[18,"right",[-0.344341,0.200245,-0.917241],[-0.375024,-0.924996,-0.0611511],[-47.0838,95.4831,91.9755],[91.7662,-5.36485,-4.83213],[-54.9712,98.0847,93.4315],1,0,0.726056,[[0.773669,-0.233698,-0.588915],[0.426688,0.879292,0.21162],[0.468373,-0.415007,0.779997]],63.72,[106.152,-25.8476,349.37],[-20.3084,86.2043,138.77]]],[[180,[-0.260113,-0.333779,-0.906053],18,52.1164,[-80.2818,53.843,67.2478],[-72.7955,52.3456,65.7024],[134.491,-6.23147,-35.81],false,[-47.717,84.7352,152.47],[-47.717,84.7352,152.47],[-70.3072,74.5454,109.138],[-79.1759,63.165,78.2458],[-70.3414,49.2894,61.598],[[[0.614579,0.73647,-0.282676],[-0.390578,0.595415,0.70209],[0.685377,-0.321082,0.653578]],[[0.448771,0.789058,-0.419514],[-0.770586,0.579412,0.26548],[0.45255,0.204132,0.86806]],[[0.448771,0.789058,-0.419514],[-0.854954,0.515732,0.0554536],[0.260113,0.333779,0.906053]],[[0.448771,0.789058,-0.419514],[-0.810006,0.160866,-0.563926],[-0.377485,0.592883,0.711333]]],0],[181,[-0.287275,0.392274,-0.873839],18,58.8075,[-106.85,144.128,10.6389],[-99.5457,142.556,9.21717],[123.543,5.24064,-16.1658],false,[-37.1269,102.36,140.676],[-76.4307,110.572,79.0297],[-88.0916,128.796,41.9126],[-95.0351,138.278,20.7916],[-100.182,144.48,5.72646],[[[0.790656,-0.284724,-0.542029],[0.299083,0.952088,-0.0638543],[0.53424,-0.111625,0.83793]],[[0.859156,-0.297799,-0.416133],[0.433799,0.855208,0.283614],[0.27142,-0.424187,0.863943]],[[0.859156,-0.297799,-0.416133],[0.423466,0.870309,0.251474],[0.287275,-0.392274,0.873839]],[[0.859156,-0.297799,-0.416133],[0.413643,0.882915,0.222171],[0.301248,-0.36301,0.881745]]],1],[182,[-0.333299,0.474579,-0.814669],18,67.0064,[-94.345,150.834,-2.15057],[-86.9467,149.218,-3.49093],[125.214,7.75788,-11.2661],false,[-27.3016,100.578,133.471],[-56.7031,105.48,70.3911],[-71.7285,129.618,31.4696],[-81.2064,143.113,8.30336],[-87.8333,151.573,-7.11295],[[[0.792916,-0.455296,-0.404958],[0.440104,0.887564,-0.136159],[0.421419,-0.0702605,0.90414]],[[0.713595,-0.437748,-0.546954],[0.627382,0.746725,0.220895],[0.311728,-0.500779,0.807494]],[[0.713595,-0.437748,-0.546954],[0.616193,0.763643,0.192757],[0.333299,-0.474579,0.814669]],[[0.713595,-0.437748,-0.546954],[0.605328,0.778291,0.166859],[0.352647,-0.450156,0.820365]]],2],[183,[-0.426555,-0.816932,0.388167],18,64.4285,[-72.6354,61.8201,55.8847],[-63.3758,59.0483,53.6984],[121.619,-2.50343,-1.29987],false,[-17.5578,95.8693,127.656],[-35.6716,97.1311,67.7058],[-53.1933,84.5161,28.589],[-65.0097,61.8854,39.342],[-62.6845,58.5948,57.5864],[[[0.81084,-0.526277,-0.256068],[0.508839,0.850075,-0.135852],[0.289173,-0.0201427,0.957065]],[[0.826211,-0.526561,-0.200274],[0.404455,0.801883,-0.439772],[0.392163,0.282343,0.875495]],[[0.826211,-0.526561,-0.200274],[-0.368003,-0.23528,-0.899565],[0.426555,0.816932,-0.388167]],[[0.826211,-0.526561,-0.200274],[-0.549443,-0.831694,-0.0799815],[-0.124451,0.176121,-0.97647]]],3],[184,[-0.555093,-0.770138,0.31426],18,50.5107,[-53.7881,64.5087,57.5739],[-44.8947,62.113,56.0671],[117.671,3.57,-11.3235],false,[-9.32718,84.6496,124.668],[-17.854,85.2627,67.3161],[-35.85,82.28,37.0255],[-46.7069,67.217,43.172],[-44.2669,61.1834,59.1329],[[[0.743564,-0.658245,-0.117587],[0.652295,0.752729,-0.0889348],[0.147052,-0.0105725,0.989072]],[[0.688363,-0.63742,-0.346198],[0.516846,0.765885,-0.382478],[0.508947,0.084353,0.856655]],[[0.688363,-0.63742,-0.346198],[-0.466935,-0.024153,-0.883961],[0.555093,0.770138,-0.31426]],[[0.688363,-0.63742,-0.346198],[-0.711419,-0.686415,-0.150724],[-0.141561,0.350044,-0.925975]]],4]],[[0,200,0],[235.247,235.247,147.751]]],[85032,80735456885,[[18,"right",[-0.345366,0.203542,-0.91613],[-0.374841,-0.924865,-0.0641737],[-45.8024,95.4041,91.7259],[106.895,-6.37704,-11.2219],[-54.2677,97.879,93.3007],1,0,0.737976,[[0.776364,-0.234618,-0.584991],[0.426281,0.879119,0.213152],[0.464267,-0.414854,0.782529]],63.72,[106.377,-26.051,349.741],[-18.9751,85.9595,138.458]]],[[180,[-0.256806,-0.332214,-0.907571],18,52.1164,[-79.1033,53.6625,66.9616],[-71.3429,52.3103,65.2483],[145.343,-7.04017,-40.6846],false,[-46.3687,84.4324,152.181],[-46.3687,84.4324,152.181],[-68.8826,74.3591,108.782],[-77.6386,63.032,77.8381],[-68.8404,49.2254,61.1139],[[[0.614082,0.737676,-0.280602],[-0.389993,0.592709,0.704699],[0.686155,-0.32331,0.651661]],[[0.449008,0.790555,-0.416431],[-0.771344,0.578187,0.265948],[0.451022,0.201799,0.8694]],[[0.449008,0.790555,-0.416431],[-0.855829,0.514448,0.0538524],[0.256806,0.332214,0.907571]],[[0.449008,0.790555,-0.416431],[-0.810597,0.16431,-0.562081],[-0.375932,0.589937,0.714598]]],0],[181,[-0.2875,0.396115,-0.87203],18,58.8075,[-105.71,144.027,10.456],[-98.3008,142.825,9.20038],[129.2,12.1066,-12.2927],false,[-35.7958,102.104,140.441],[-75.1671,110.533,78.8671],[-86.8367,128.922,41.834],[-93.7857,138.496,20.7567],[-98.937,144.764,5.72018],[[[0.790157,-0.282504,-0.543915],[0.298761,0.952399,-0.0606503],[0.535158,-0.114577,0.836946]],[[0.859001,-0.296062,-0.417689],[0.433979,0.853903,0.287248],[0.271623,-0.428014,0.861989]],[[0.859001,-0.296062,-0.417689],[0.423628,0.869161,0.255146],[0.2875,-0.396115,0.87203]],[[0.859001,-0.296062,-0.417689],[0.413784,0.881912,0.225864],[0.301495,-0.366851,0.880069]]],1],[182,[-0.333435,0.477562,-0.812869],18,67.0064,[-93.1929,150.717,-2.33092],[-85.7072,149.5,-3.51936],[130.285,13.9005,-9.3866],false,[-25.9777,100.351,133.219],[-55.4473,105.478,70.1889],[-70.482,129.756,31.3578],[-79.9637,143.336,8.24274],[-86.5923,151.853,-7.14115],[[[0.792608,-0.45358,-0.407477],[0.439722,0.88818,-0.133343],[0.422395,-0.0734882,0.903428]],[[0.713578,-0.435648,-0.548651],[0.627306,0.746006,0.223523],[0.311919,-0.503673,0.805618]],[[0.713578,-0.435648,-0.548651],[0.61614,0.762984,0.195518],[0.333435,-0.477562,0.812869]],[[0.713578,-0.435648,-0.548651],[0.605297,0.777692,0.169736],[0.352736,-0.453217,0.81864]]],2],[183,[-0.422744,-0.816587,0.393032],18,64.4285,[-71.664,61.5964,55.6551],[-62.0868,59.1016,53.5157],[128.985,-1.70353,-2.02051],false,[-16.2388,95.6663,127.377],[-34.4165,97.1448,67.4504],[-52.0962,84.4723,28.4235],[-63.807,61.8512,39.3112],[-61.3746,58.6109,57.5506],[[[0.810709,-0.525106,-0.25887],[0.508467,0.850709,-0.133247],[0.290192,-0.0236023,0.956677]],[[0.826029,-0.525595,-0.203535],[0.401371,0.802062,-0.442264],[0.395699,0.28363,0.873485]],[[0.826029,-0.525595,-0.203535],[-0.372779,-0.238612,-0.896716],[0.422744,0.816587,-0.393032]],[[0.826029,-0.525595,-0.203535],[-0.548387,-0.83287,-0.0748319],[-0.130186,0.173429,-0.976204]]],3],[184,[-0.554546,-0.771377,0.312179],18,50.5107,[-52.8614,64.3385,57.3486],[-43.634,62.1767,55.6824],[125.418,4.46326,-19.8102],false,[-8.00835,84.46,124.338],[-16.5961,85.2828,66.998],[-34.6115,82.4017,36.7091],[-45.4578,67.3145,42.8149],[-42.9988,61.2319,58.7543],[[[0.743615,-0.657604,-0.120807],[0.651999,0.75323,-0.0868416],[0.148103,-0.0141891,0.98887]],[[0.688299,-0.636019,-0.348891],[0.51639,0.76736,-0.380132],[0.509497,0.0814806,0.856606]],[[0.688299,-0.636019,-0.348891],[-0.46767