{"metadata":{"formatVersion":2,"generatedBy":"LeapJS Playback 0.2.1","frames":67,"protocolVersion":6,"serviceVersion":"2.2.5+26752","frameRate":"1.1e+2","modified":"Wed Apr 22 2015 19:59:05 GMT-0300 (E. South America Standard Time)"},"frames":[["id","timestamp",{"hands":[["id","type","direction","palmNormal","palmPosition","palmVelocity","stabilizedPalmPosition","pinchStrength","grabStrength","confidence","armBasis","armWidth","elbow","wrist"]]},{"pointables":[["id","direction","handId","length","stabilizedTipPosition","tipPosition","tipVelocity","tool","carpPosition","mcpPosition","pipPosition","dipPosition","btipPosition","bases","type"]]},{"interactionBox":["center","size"]}],[93911,80813748113,[[21,"right",[-0.258866,0.535838,-0.803658],[-0.174178,-0.844275,-0.506815],[-82.5355,161.718,33.7576],[4.30012,-2.78205,1.98745],[-82.271,158.953,36.0285],0.951889,0,0.713519,[[0.683839,0.197663,-0.702348],[0.136102,0.911153,0.388942],[0.716826,-0.361565,0.59618]],62.1324,[127.611,41.8049,232.849],[-61.1096,136.995,75.8906]]],[[210,[0.173169,-0.0667208,-0.98263],21,50.8179,[-84.4184,122.645,2.72774],[-83.6948,124.014,-0.5386],[-2.66424,-11.1243,-5.6826],false,[-88.4902,126.56,81.9046],[-88.4902,126.56,81.9046],[-105.568,130.322,36.4804],[-99.8103,128.103,3.81179],[-78.6087,122.198,-2.22046],[[[0.487586,0.856168,0.170987],[-0.585697,0.175521,0.791297],[0.647472,-0.485972,0.587036]],[[0.263247,0.964539,-0.0191005],[-0.898668,0.252373,0.358754],[0.350853,-0.0772759,0.933237]],[[0.263247,0.964539,-0.0191005],[-0.949059,0.255367,-0.184592],[-0.173169,0.0667208,0.98263]],[[0.263247,0.964539,-0.0191005],[-0.259904,0.0518398,-0.964242],[-0.929059,0.258798,0.264335]]],0],[211,[-0.156905,0.552774,-0.818426],21,57.3423,[-125.324,223.254,-27.6513],[-123.622,221.437,-40.2651],[0.669025,-4.23102,1.61523],false,[-80.3984,148.179,80.7296],[-111.673,176.774,22.8469],[-118.037,201.144,-10.6271],[-121.735,214.172,-29.9159],[-124.417,222.96,-43.8132],[[[0.893127,0.0813105,-0.442394],[0.110733,0.913511,0.391453],[0.435961,-0.398605,0.806878]],[[0.977794,-0.0296226,-0.207466],[0.144363,0.81283,0.564329],[0.151917,-0.581748,0.799056]],[[0.977794,-0.0296226,-0.207466],[0.138925,0.832805,0.535851],[0.156905,-0.552774,0.818426]],[[0.977794,-0.0296226,-0.207466],[0.134142,0.849057,0.510988],[0.161013,-0.527471,0.834176]]],1],[212,[-0.224772,0.554639,-0.801157],21,65.3369,[-112.238,230.124,-42.391],[-110.323,229.008,-53.2206],[0.658234,-6.48142,0.342269],false,[-69.8571,150.89,75.6614],[-90.9308,178.421,17.1296],[-101.07,205.575,-19.8684],[-107.302,220.954,-42.0828],[-111.56,230.748,-56.9724],[[[0.911765,-0.130221,-0.389522],[0.269677,0.905134,0.328645],[0.309773,-0.404692,0.860386]],[[0.922179,-0.144494,-0.358758],[0.321013,0.803333,0.501605],[0.215724,-0.577736,0.787201]],[[0.922179,-0.144494,-0.358758],[0.314743,0.819449,0.478998],[0.224772,-0.554639,0.801157]],[[0.922179,-0.144494,-0.358758],[0.309177,0.832712,0.459348],[0.232369,-0.534521,0.812583]]],2],[213,[0.0132739,-0.711456,0.702606],21,62.8232,[-82.8157,115.38,23.4816],[-81.7357,120.704,23.6483],[-3.87131,-3.35084,2.91296],false,[-58.9997,150.456,70.6185],[-69.0561,174.864,15.5383],[-85.3356,142.279,-8.36205],[-84.9771,123.061,10.6166],[-80.569,120.056,28.0364],[[[0.924472,-0.256215,-0.282322],[0.343867,0.880155,0.327236],[0.164645,-0.399601,0.901782]],[[0.925145,-0.257865,-0.278591],[-0.0669054,0.611632,-0.788308],[0.373673,0.747938,0.548596]],[[0.925145,-0.257865,-0.278591],[-0.379383,-0.65371,-0.654776],[-0.0132739,0.711456,-0.702606]],[[0.925145,-0.257865,-0.278591],[-0.292514,-0.951997,-0.0902072],[-0.241957,0.164947,-0.956164]]],3],[214,[-0.116219,-0.685131,0.719089],21,49.2522,[-67.0419,122.754,20.006],[-66.7322,127.616,21.162],[-3.02323,-5.90582,1.65052],false,[-48.6695,142.979,65.1442],[-49.8319,166.881,13.9176],[-66.9956,143.325,-4.50142],[-69.2121,130.259,9.21266],[-65.9268,126.91,25.3521],[[[0.867704,-0.442624,-0.226215],[0.496656,0.790805,0.357717],[0.0205581,-0.422743,0.906016]],[[0.866058,-0.424347,-0.264335],[0.0460961,0.594257,-0.802953],[0.497814,0.68322,0.534221]],[[0.866058,-0.424347,-0.264335],[-0.486247,-0.592052,-0.642681],[0.116219,0.685131,-0.719089]],[[0.866058,-0.424347,-0.264335],[-0.460149,-0.883308,-0.0896101],[-0.195464,0.199241,-0.960259]]],4]],[[0,200,0],[235.247,235.247,147.751]]],[93912,80813756681,[[21,"right",[-0.258422,0.535966,-0.803716],[-0.176497,-0.844168,-0.506192],[-82.4661,161.67,33.7907],[5.3021,-3.53178,2.47997],[-82.2714,158.958,36.0242],0.950173,0,0.713798,[[0.683622,0.195411,-0.70319],[0.138249,0.911374,0.387665],[0.716623,-0.362231,0.59602]],62.1324,[127.611,41.5573,232.833],[-61.0561,136.923,75.9176]]],[[210,[0.172237,-0.0680412,-0.982703],21,50.8179,[-84.4133,122.649,2.70875],[-83.6819,123.886,-0.573791],[-1.0703,-12.0634,-6.17297],false,[-88.454,126.552,81.9624],[-88.454,126.552,81.9624],[-105.473,130.266,36.5124],[-99.7469,128.004,3.84138],[-78.59,122.064,-2.31325],[[[0.489623,0.855187,0.170072],[-0.584586,0.177242,0.791735],[0.646938,-0.487073,0.586712]],[[0.264744,0.964104,-0.0203521],[-0.898694,0.254325,0.357306],[0.349656,-0.0763043,0.933766]],[[0.264744,0.964104,-0.0203521],[-0.948812,0.25666,-0.184068],[-0.172237,0.0680412,0.982703]],[[0.264744,0.964104,-0.0203521],[-0.265314,0.0525324,-0.96273],[-0.927103,0.260277,0.269697]]],0],[211,[-0.156829,0.551602,-0.819231],21,57.3423,[-125.323,223.252,-27.6609],[-123.516,221.363,-40.2759],[3.58624,-5.65935,0.741461],false,[-80.3158,148.152,80.7681],[-111.58,176.784,22.8983],[-117.938,201.104,-10.6135],[-121.634,214.104,-29.9213],[-124.317,222.873,-43.8306],[[[0.892899,0.0791043,-0.443253],[0.113098,0.91348,0.39085],[0.43582,-0.399121,0.806699]],[[0.977498,-0.0317977,-0.208536],[0.146501,0.813608,0.562654],[0.151776,-0.580544,0.799958]],[[0.977498,-0.0317977,-0.208536],[0.141079,0.833501,0.534203],[0.156829,-0.551602,0.819231]],[[0.977498,-0.0317977,-0.208536],[0.136309,0.84968,0.509376],[0.160992,-0.526339,0.834894]]],1],[212,[-0.225247,0.55366,-0.801701],21,65.3369,[-112.236,230.123,-42.402],[-110.251,228.891,-53.2396],[2.08123,-8.55205,-0.266947],false,[-69.7732,150.837,75.6889],[-90.8398,178.382,17.1612],[-100.997,205.493,-19.8628],[-107.243,220.845,-42.0923],[-111.51,230.621,-56.9915],[[[0.91112,-0.132438,-0.390282],[0.271966,0.904718,0.327902],[0.309668,-0.404902,0.860326]],[[0.921369,-0.146483,-0.360031],[0.323072,0.803617,0.499824],[0.216111,-0.576838,0.787752]],[[0.921369,-0.146483,-0.360031],[0.316771,0.819758,0.47713],[0.225247,-0.55366,0.801701]],[[0.921369,-0.146483,-0.360031],[0.311177,0.833032,0.457414],[0.232914,-0.53348,0.813112]]],2],[213,[0.0120908,-0.711552,0.70253],21,62.8232,[-82.8141,115.387,23.4824],[-81.7679,120.651,23.6912],[-4.0916,-4.15257,2.69261],false,[-58.9214,150.377,70.6363],[-68.9744,174.776,15.5518],[-85.3494,142.232,-8.33982],[-85.0229,123.012,10.6368],[-80.6077,119.999,28.0535],[[[0.923648,-0.258402,-0.283025],[0.346099,0.879576,0.326438],[0.164589,-0.399469,0.901851]],[[0.92432,-0.26005,-0.279297],[-0.0660204,0.611872,-0.788197],[0.375864,0.746985,0.548397]],[[0.92432,-0.26005,-0.279297],[-0.381427,-0.652739,-0.654557],[-0.0120908,0.711552,-0.70253]],[[0.92432,-0.26005,-0.279297],[-0.294791,-0.95133,-0.0898263],[-0.242344,0.165363,-0.955994]]],3],[214,[-0.117149,-0.68455,0.719491],21,49.2522,[-67.0406,122.772,20.0121],[-66.7497,127.527,21.2012],[-2.78781,-7.06745,2.18083],false,[-48.6127,142.874,65.1566],[-49.7693,166.75,13.918],[-67.0012,143.225,-4.47681],[-69.2354,130.17,9.24496],[-65.9436,126.822,25.3832],[[[0.866522,-0.444655,-0.226764],[0.498719,0.789906,0.356829],[0.0204562,-0.422292,0.906229]],[[0.864883,-0.426404,-0.264874],[0.0467647,0.593813,-0.803243],[0.499791,0.682324,0.533519]],[[0.864883,-0.426404,-0.264874],[-0.488113,-0.591246,-0.642008],[0.117149,0.68455,-0.719491]],[[0.864883,-0.426404,-0.264874],[-0.462189,-0.882328,-0.0887625],[-0.195857,0.199191,-0.960189]]],4]],[[0,200,0],[235.247,235.247,147.751]]],[93913,80813765434,[[21,"right",[-0.257822,0.536412,-0.803611],[-0.178744,-0.843853,-0.505927],[-82.3784,161.568,33.852],[6.56732,-5.7113,3.6943],[-82.2716,158.963,36.0198],0.948673,0,0.667746,[[0.683186,0.193193,-0.704226],[0.14012,0.911769,0.386062],[0.716675,-0.362428,0.595837]],62.1324,[127.689,41.3625,232.835],[-60.9924,136.78,75.9671]]],[[210,[0.171151,-0.0688138,-0.982839],21,50.8179,[-84.4075,122.652,2.68802],[-83.6353,123.721,-0.573522],[1.2664,-13.7788,-4.97003],false,[-88.4088,126.471,82.0337],[-88.4088,126.471,82.0337],[-105.348,130.158,36.5516],[-99.6575,127.87,3.87605],[-78.5298,121.894,-2.34279],[[[0.491646,0.854124,0.169575],[-0.583608,0.178665,0.792137],[0.646286,-0.488417,0.586314]],[[0.266394,0.963634,-0.0210795],[-0.898847,0.256261,0.355533],[0.348005,-0.0757645,0.934426]],[[0.266394,0.963634,-0.0210795],[-0.948547,0.258214,-0.183258],[-0.171151,0.0688138,0.982839]],[[0.266394,0.963634,-0.0210795],[-0.268122,0.0530794,-0.961922],[-0.925821,0.261902,0.272511]]],0],[211,[-0.156684,0.550914,-0.819722],21,57.3423,[-125.322,223.25,-27.6717],[-123.382,221.274,-40.2351],[6.51353,-6.9915,1.77977],false,[-80.2236,148.053,80.83],[-111.467,176.744,22.9787],[-117.816,201.036,-10.5559],[-121.509,214.02,-29.8753],[-124.189,222.777,-43.7919],[[[0.892746,0.0770506,-0.443923],[0.115415,0.913288,0.390621],[0.435527,-0.399961,0.806442]],[[0.977212,-0.0338676,-0.209548],[0.148618,0.814018,0.561504],[0.151559,-0.579851,0.800502]],[[0.977212,-0.0338676,-0.209548],[0.143205,0.833875,0.533053],[0.156684,-0.550914,0.819722]],[[0.977212,-0.0338676,-0.209548],[0.138443,0.850017,0.508237],[0.160907,-0.525666,0.835335]]],1],[212,[-0.225333,0.55307,-0.802084],21,65.3369,[-112.234,230.121,-42.4144],[-110.135,228.752,-53.2139],[4.69957,-10.7379,0.553936],false,[-69.6787,150.713,75.7426],[-90.7272,178.296,17.226],[-100.89,205.369,-19.8244],[-107.138,220.705,-42.0645],[-111.407,230.473,-56.9681],[[[0.910536,-0.134524,-0.390931],[0.274217,0.904163,0.327558],[0.309402,-0.405453,0.860162]],[[0.920674,-0.14844,-0.361005],[0.324965,0.803842,0.498232],[0.216233,-0.576023,0.788315]],[[0.920674,-0.14844,-0.361005],[0.318722,0.819805,0.475748],[0.225333,-0.55307,0.802084]],[[0.920674,-0.14844,-0.361005],[0.313184,0.83293,0.456227],[0.23297,-0.533097,0.813347]]],2],[213,[0.0109642,-0.711583,0.702516],21,62.8232,[-82.8124,115.395,23.4833],[-81.7782,120.546,23.758],[-3.39764,-6.25724,3.73569],false,[-58.8317,150.228,70.6821],[-68.871,174.641,15.6012],[-85.3365,142.135,-8.27955],[-85.0404,122.914,10.6967],[-80.6196,119.892,28.1105],[[[0.922863,-0.260498,-0.283663],[0.348293,0.878856,0.326043],[0.164366,-0.399691,0.901793]],[[0.923533,-0.262144,-0.279941],[-0.0651771,0.612032,-0.788143],[0.37794,0.746122,0.548146]],[[0.923533,-0.262144,-0.279941],[-0.383362,-0.651866,-0.654297],[-0.0109642,0.711583,-0.702516]],[[0.923533,-0.262144,-0.279941],[-0.296994,-0.95067,-0.0895595],[-0.242654,0.165852,-0.955831]]],3],[214,[-0.118435,-0.684433,0.719392],21,49.2522,[-67.0394,122.789,20.0184],[-66.7502,127.392,21.2539],[-2.15513,-9.34592,2.66758],false,[-48.5437,142.701,65.196],[-49.685,166.572,13.9544],[-66.9814,143.093,-4.43839],[-69.2401,130.04,9.28148],[-65.947,126.683,25.4177],[[[0.865365,-0.446614,-0.227331],[0.500736,0.788853,0.356336],[0.0201854,-0.422193,0.906281]],[[0.863742,-0.428397,-0.265379],[0.0478122,0.593904,-0.803114],[0.501661,0.680995,0.533463]],[[0.863742,-0.428397,-0.265379],[-0.48982,-0.589939,-0.64191],[0.118435,0.684433,-0.719392]],[[0.863742,-0.428397,-0.265379],[-0.464285,-0.881249,-0.0885437],[-0.195933,0.19969,-0.96007]]],4]],[[0,200,0],[235.247,235.247,147.751]]],[93914,80813774012,[[21,"right",[-0.257205,0.536444,-0.803787],[-0.180915,-0.843794,-0.505253],[-82.2539,161.475,33.906],[8.66153,-7.04836,4.37953],[-82.2716,158.969,36.0153],0.947425,0,0.67452,[[0.682766,0.190753,-0.705297],[0.141967,0.912284,0.384166],[0.716712,-0.362425,0.595795]],62.1324,[127.798,41.2521,232.88],[-60.8931,136.669,76.0229]]],[[210,[0.169962,-0.0700347,-0.982959],21,50.8179,[-84.4005,122.655,2.66567],[-83.5543,123.552,-0.551584],[3.92815,-15.3131,-3.27711],false,[-88.3277,126.423,82.1148],[-88.3277,126.423,82.1148],[-105.192,130.061,36.6011],[-99.5416,127.733,3.92155],[-78.4378,121.717,-2.34019],[[[0.49361,0.853168,0.168683],[-0.582682,0.180446,0.792415],[0.645624,-0.489433,0.586196]],[[0.267961,0.963172,-0.0222921],[-0.898971,0.258287,0.353751],[0.34648,-0.0747515,0.935074]],[[0.267961,0.963172,-0.0222921],[-0.948319,0.259606,-0.182469],[-0.169962,0.0700347,0.982959]],[[0.267961,0.963172,-0.0222921],[-0.270163,0.0529111,-0.96136],[-0.924775,0.26363,0.274391]]],0],[211,[-0.15674,0.549628,-0.820574],21,57.3423,[-125.32,223.247,-27.684],[-123.222,221.143,-40.2395],[9.33092,-9.38652,1.12885],false,[-80.0965,147.986,80.8914],[-111.317,176.708,23.0424],[-117.666,200.944,-10.532],[-121.36,213.898,-29.8714],[-124.042,222.634,-43.8007],[[[0.89261,0.074826,-0.444577],[0.117658,0.913291,0.389945],[0.435206,-0.400376,0.806408]],[[0.976901,-0.0359106,-0.210654],[0.150652,0.814864,0.559732],[0.151554,-0.578538,0.801452]],[[0.976901,-0.0359106,-0.210654],[0.145249,0.834637,0.531304],[0.15674,-0.549628,0.820574]],[[0.976901,-0.0359106,-0.210654],[0.140495,0.850704,0.506522],[0.161014,-0.524418,0.836098]]],1],[212,[-0.224973,0.552126,-0.802835],21,65.3369,[-112.231,230.118,-42.4291],[-109.954,228.587,-53.2313],[9.05348,-13.1897,-0.253722],false,[-69.5494,150.621,75.795],[-90.5777,178.211,17.2747],[-100.723,205.235,-19.8157],[-106.961,220.545,-42.0767],[-111.223,230.297,-56.9924],[[[0.909977,-0.136752,-0.39146],[0.276397,0.903781,0.32678],[0.309106,-0.40556,0.860218]],[[0.920123,-0.150695,-0.361476],[0.326771,0.804158,0.496538],[0.215858,-0.574996,0.789167]],[[0.920123,-0.150695,-0.361476],[0.320564,0.820029,0.474122],[0.224973,-0.552126,0.802835]],[[0.920123,-0.150695,-0.361476],[0.315058,0.833076,0.454668],[0.232621,-0.532236,0.81401]]],2],[213,[0.00985745,-0.711216,0.702904],21,62.8232,[-82.8107,115.402,23.4843],[-81.749,120.447,23.8389],[-1.6607,-7.69401,5.04889],false,[-58.7069,150.109,70.7275],[-68.7307,174.507,15.6375],[-85.283,142.024,-8.21438],[-85.0167,122.813,10.7723],[-80.5911,119.792,28.185],[[[0.922104,-0.262682,-0.284117],[0.350417,0.878312,0.325232],[0.164111,-0.399457,0.901943]],[[0.922773,-0.264328,-0.280394],[-0.0643458,0.611733,-0.788443],[0.379934,0.745596,0.547483]],[[0.922773,-0.264328,-0.280394],[-0.385218,-0.651385,-0.653685],[-0.00985745,0.711216,-0.702904]],[[0.922773,-0.264328,-0.280394],[-0.299131,-0.950071,-0.0888031],[-0.242921,0.16582,-0.955768]]],3],[214,[-0.119589,-0.683802,0.719801],21,49.2522,[-67.038,122.806,20.0249],[-66.7099,127.259,21.3208],[-0.399252,-10.9545,3.71322],false,[-48.4389,142.556,65.2394],[-49.5633,166.396,13.983],[-66.9221,142.947,-4.38934],[-69.2029,129.906,9.33833],[-65.908,126.551,25.4746],[[[0.864241,-0.448637,-0.227624],[0.502685,0.787998,0.35548],[0.0198857,-0.421644,0.906543]],[[0.862635,-0.430471,-0.265622],[0.0487297,0.593405,-0.803427],[0.503473,0.680121,0.532869]],[[0.862635,-0.430471,-0.265622],[-0.491486,-0.58916,-0.641351],[0.119589,0.683802,-0.719801]],[[0.862635,-0.430471,-0.265622],[-0.466292,-0.880267,-0.0877572],[-0.196041,0.19956,-0.960075]]],4]],[[0,200,0],[235.247,235.247,147.751]]],[93915,80813782768,[[21,"right",[-0.256196,0.536934,-0.803782],[-0.183655,-0.843426,-0.504879],[-82.0059,161.332,33.9838],[13.9356,-9.55282,5.58716],[-82.2709,158.974,36.0105],0.946902,0,0.674576,[[0.682328,0.187091,-0.7067],[0.143821,0.913451,0.380687],[0.716759,-0.361391,0.596366]],62.1324,[128.015,41.3325,233.101],[-60.6885,136.477,76.0942]]],[[210,[0.168718,-0.0708791,-0.983113],21,50.8179,[-84.391,122.657,2.63995],[-83.3784,123.357,-0.497014],[8.73175,-17.0402,-0.670752],false,[-88.1483,126.311,82.2071],[-88.1483,126.311,82.2071],[-104.945,129.943,36.668],[-99.3361,127.587,3.98332],[-78.2509,121.513,-2.28542],[[[0.496156,0.851805,0.168102],[-0.581646,0.18235,0.79274],[0.644606,-0.491098,0.585923]],[[0.270416,0.962469,-0.022983],[-0.898769,0.260932,0.352319],[0.345094,-0.0746163,0.935598]],[[0.270416,0.962469,-0.022983],[-0.947845,0.261972,-0.181553],[-0.168718,0.0708791,0.983113]],[[0.270416,0.962469,-0.022983],[-0.270506,0.0530473,-0.961256],[-0.92396,0.266156,0.274698]]],0],[211,[-0.15705,0.548741,-0.821108],21,57.3423,[-125.317,223.244,-27.7004],[-122.928,221.013,-40.1957],[14.8879,-10.948,2.30595],false,[-79.8564,147.851,80.9718],[-111.032,176.644,23.1345],[-117.39,200.843,-10.465],[-121.092,213.776,-29.8171],[-123.781,222.498,-43.7542],[[[0.892529,0.0721412,-0.445182],[0.120521,0.913068,0.38959],[0.434587,-0.401375,0.806246]],[[0.976445,-0.0382828,-0.212345],[0.153366,0.815388,0.558231],[0.151773,-0.577648,0.802052]],[[0.976445,-0.0382828,-0.212345],[0.147957,0.835115,0.529803],[0.15705,-0.548741,0.821108]],[[0.976445,-0.0382828,-0.212345],[0.143199,0.851137,0.505035],[0.161401,-0.523547,0.83657]]],1],[212,[-0.224065,0.552085,-0.803117],21,65.3369,[-112.227,230.114,-42.4506],[-109.592,228.447,-53.1858],[17.7841,-13.8857,1.22952],false,[-69.3051,150.454,75.8678],[-90.2928,178.086,17.3528],[-100.397,205.095,-19.7599],[-106.61,220.404,-42.0286],[-110.855,230.16,-56.9467],[[[0.909327,-0.139469,-0.392012],[0.279191,0.903086,0.326325],[0.308508,-0.406182,0.860139]],[[0.91946,-0.153444,-0.362006],[0.3292,0.803871,0.495398],[0.214989,-0.574671,0.789641]],[[0.91946,-0.153444,-0.362006],[0.323092,0.819547,0.473238],[0.224065,-0.552085,0.803117]],[[0.91946,-0.153444,-0.362006],[0.317675,0.832438,0.454015],[0.231681,-0.532449,0.814139]]],2],[213,[0.00824347,-0.711074,0.703069],21,62.8232,[-82.8087,115.41,23.4854],[-81.6245,120.299,23.9297],[2.55237,-10.1736,6.33875],false,[-58.4674,149.909,70.7934],[-68.4574,174.319,15.7025],[-85.1181,141.878,-8.13097],[-84.8954,122.671,10.8602],[-80.4676,119.642,28.2708],[[[0.921164,-0.265401,-0.284639],[0.353137,0.877405,0.324736],[0.163559,-0.399652,0.901957]],[[0.921833,-0.267053,-0.280903],[-0.0630754,0.611721,-0.788555],[0.38242,0.744634,0.54706]],[[0.921833,-0.267053,-0.280903],[-0.3875,-0.650428,-0.65329],[-0.00824347,0.711074,-0.703069]],[[0.921833,-0.267053,-0.280903],[-0.301919,-0.949229,-0.0883714],[-0.243041,0.166273,-0.955659]]],3],[214,[-0.121169,-0.683302,0.720012],21,49.2522,[-67.036,122.823,20.0318],[-66.5688,127.069,21.4005],[4.00193,-13.8581,4.94497],false,[-48.2247,142.326,65.3009],[-49.3144,166.153,14.038],[-66.7517,142.751,-4.31981],[-69.0625,129.719,9.41188],[-65.7678,126.36,25.5471],[[[0.862807,-0.451173,-0.228051],[0.505166,0.786666,0.354913],[0.0192732,-0.421425,0.906658]],[[0.861231,-0.433031,-0.266019],[0.0500022,0.593098,-0.803576],[0.505749,0.678763,0.532446]],[[0.861231,-0.433031,-0.266019],[-0.493559,-0.587863,-0.64095],[0.121169,0.683301,-0.720012]],[[0.861231,-0.433031,-0.266019],[-0.468887,-0.878938,-0.0872576],[-0.196029,0.199882,-0.96001]]],4]],[[0,200,0],[235.247,235.247,147.751]]],[93916,80813791382,[[21,"right",[-0.254783,0.537173,-0.804072],[-0.18633,-0.843202,-0.504273],[-81.6874,161.23,34.0387],[20.0311,-10.1664,5.79509],[-82.2694,158.98,36.0052],0.946529,0,0.674794,[[0.68193,0.183152,-0.708116],[0.145653,0.914746,0.376862],[0.716769,-0.360132,0.597116]],62.1324,[128.272,41.5253,233.364],[-60.4342,136.338,76.1601]]],[[210,[0.167848,-0.0719994,-0.98318],21,50.8179,[-84.3782,122.658,2.61126],[-83.1455,123.208,-0.441854],[13.7765,-16.9186,1.29227],false,[-87.9229,126.26,82.2868],[-87.9229,126.26,82.2868],[-104.663,129.888,36.7263],[-99.0825,127.495,4.03944],[-78.0156,121.355,-2.22667],[[[0.498768,0.850414,0.16741],[-0.580888,0.184629,0.792768],[0.643273,-0.492654,0.586083]],[[0.273195,0.961665,-0.0237842],[-0.898379,0.2639,0.351102],[0.343919,-0.0745518,0.936035]],[[0.273195,0.961665,-0.0237842],[-0.947202,0.264607,-0.181083],[-0.167848,0.0719994,0.98318]],[[0.273195,0.961665,-0.0237842],[-0.270455,0.0530578,-0.961269],[-0.923157,0.269046,0.274582]]],0],[211,[-0.156965,0.547727,-0.821801],21,57.3423,[-125.312,223.238,-27.7243],[-122.528,220.909,-40.2079],[22.3453,-11.2242,1.52216],false,[-79.5664,147.773,81.0351],[-110.67,176.622,23.1867],[-117.021,200.775,-10.4468],[-120.721,213.684,-29.8151],[-123.409,222.391,-43.7621],[[[0.892628,0.0691526,-0.445459],[0.123377,0.912958,0.388954],[0.433583,-0.402151,0.8064]],[[0.976051,-0.0408725,-0.213669],[0.156009,0.81603,0.556558],[0.151612,-0.576563,0.802863]],[[0.976051,-0.0408725,-0.213669],[0.150621,0.835658,0.528194],[0.156965,-0.547727,0.821801]],[[0.976051,-0.0408725,-0.213669],[0.145882,0.851593,0.503496],[0.16138,-0.522608,0.83716]]],1],[212,[-0.222673,0.551822,-0.803684],21,65.3369,[-112.217,230.106,-42.4869],[-109.109,228.326,-53.1963],[28.0552,-13.8824,0.590926],false,[-69.0086,150.341,75.9266],[-89.9279,177.998,17.3987],[-99.9679,204.984,-19.7482],[-106.142,220.285,-42.0327],[-110.362,230.04,-56.9588],[[[0.9088,-0.142472,-0.392153],[0.281999,0.902455,0.325655],[0.307503,-0.406542,0.860329]],[[0.918926,-0.156497,-0.362056],[0.331575,0.803633,0.494198],[0.21362,-0.57418,0.79037]],[[0.918926,-0.156497,-0.362056],[0.325565,0.819146,0.472236],[0.222673,-0.551822,0.803684]],[[0.918926,-0.156497,-0.362056],[0.320234,0.831906,0.453192],[0.230273,-0.532393,0.814575]]],2],[213,[0.00624166,-0.710661,0.703507],21,62.8232,[-82.8063,115.417,23.4868],[-81.4321,120.189,24.0127],[7.74095,-10.8695,7.10515],false,[-58.1739,149.76,70.8498],[-68.1045,174.164,15.7453],[-84.8691,141.759,-8.06394],[-84.7005,122.563,10.939],[-80.2778,119.531,28.3506],[[[0.920285,-0.268368,-0.2847],[0.355867,0.87655,0.324064],[0.162585,-0.399547,0.90218]],[[0.920953,-0.270028,-0.280945],[-0.0613989,0.611414,-0.788925],[0.384805,0.743813,0.546504]],[[0.920953,-0.270028,-0.280945],[-0.389623,-0.649651,-0.6528],[-0.00624166,0.710661,-0.703507]],[[0.920953,-0.270028,-0.280945],[-0.30482,-0.948363,-0.087705],[-0.242755,0.16641,-0.955708]]],3],[214,[-0.123082,-0.682464,0.720482],21,49.2522,[-67.0332,122.839,20.0392],[-66.3573,126.912,21.4759],[9.42801,-15.0041,5.86618],false,[-47.9555,142.142,65.3597],[-48.9866,165.939,14.0813],[-66.499,142.577,-4.2573],[-68.8463,129.562,9.48336],[-65.5582,126.203,25.62],[[[0.861382,-0.453926,-0.227974],[0.50763,0.785373,0.354262],[0.0182359,-0.420881,0.906932]],[[0.859852,-0.435816,-0.265929],[0.0516201,0.592419,-0.803975],[0.507926,0.677572,0.53189]],[[0.859852,-0.435816,-0.265929],[-0.495484,-0.586777,-0.640459],[0.123082,0.682464,-0.720482]],[[0.859852,-0.435816,-0.265929],[-0.471571,-0.877568,-0.0865768],[-0.195639,0.199848,-0.960097]]],4]],[[0,200,0],[235.247,235.247,147.751]]],[93917,80813800124,[[21,"right",[-0.253547,0.537443,-0.804282],[-0.188271,-0.842969,-0.503942],[-81.3128,161.077,34.0933],[26.1441,-12.1319,5.91793],[-82.2663,158.987,35.9991],0.946031,0,0.680184,[[0.681577,0.179747,-0.709326],[0.14666,0.916136,0.373076],[0.716898,-0.35831,0.598056]],62.1324,[128.623,41.8197,233.676],[-60.1168,136.153,76.2245]]],[[210,[0.167293,-0.0727489,-0.98322],21,50.8179,[-84.3594,122.657,2.57694],[-82.8292,123.02,-0.398711],[19.8653,-17.9876,2.27987],false,[-87.6287,126.14,82.3552],[-87.6287,126.14,82.3552],[-104.313,129.768,36.7744],[-98.7515,127.349,4.08619],[-77.7,121.161,-2.18411],[[[0.500724,0.84933,0.167076],[-0.58046,0.186276,0.792696],[0.642138,-0.493903,0.586275]],[[0.275267,0.961061,-0.0242731],[-0.898179,0.266095,0.349953],[0.342785,-0.0745289,0.936453]],[[0.275267,0.961061,-0.0242731],[-0.9467,0.266587,-0.180805],[-0.167293,0.0727489,0.983219]],[[0.275267,0.961061,-0.0242731],[-0.270649,0.0532425,-0.961205],[-0.922484,0.271157,0.274766]]],0],[211,[-0.156925,0.547407,-0.822022],21,57.3423,[-125.303,223.229,-27.7635],[-122.089,220.77,-40.1991],[29.0099,-12.1578,1.76409],false,[-79.2226,147.634,81.095],[-110.26,176.532,23.2354],[-116.61,200.654,-10.4208],[-120.309,213.555,-29.7944],[-122.996,222.263,-43.7408],[[[0.892784,0.0669232,-0.445487],[0.125479,0.912824,0.388596],[0.432657,-0.402832,0.806557]],[[0.975741,-0.0427203,-0.214719],[0.15796,0.816463,0.555372],[0.151584,-0.575816,0.803404]],[[0.975741,-0.0427203,-0.214719],[0.152655,0.835775,0.527424],[0.156925,-0.547407,0.822022]],[[0.975741,-0.0427203,-0.214719],[0.147991,0.851461,0.503104],[0.161332,-0.522676,0.837127]]],1],[212,[-0.221464,0.551369,-0.804329],21,65.3369,[-112.197,230.091,-42.5546],[-108.595,228.144,-53.2056],[36.4983,-15.8098,0.0611142],false,[-68.659,150.175,75.9856],[-89.5147,177.857,17.4469],[-99.4976,204.817,-19.7343],[-105.638,220.106,-42.0367],[-109.836,229.855,-56.9733],[[[0.908469,-0.144717,-0.392098],[0.284077,0.901931,0.325301],[0.306568,-0.406911,0.860488]],[[0.918619,-0.158836,-0.361815],[0.333202,0.803569,0.493207],[0.212405,-0.573627,0.791098]],[[0.918619,-0.158836,-0.361815],[0.32725,0.819001,0.471321],[0.221464,-0.551369,0.804329]],[[0.918619,-0.158836,-0.361815],[0.321973,0.831693,0.45235],[0.22907,-0.532032,0.81515]]],2],[213,[0.00457034,-0.710424,0.703759],21,62.8232,[-82.803,115.426,23.4885],[-81.1518,120.032,24.0846],[14.2134,-12.7903,7.3031],false,[-57.8257,149.567,70.9089],[-67.7002,173.973,15.7949],[-84.5392,141.598,-8.00312],[-84.4158,122.408,11.0067],[-80.0007,119.372,28.4194],[[[0.919664,-0.270597,-0.284596],[0.357885,0.875856,0.32372],[0.161667,-0.399567,0.902336]],[[0.920332,-0.272265,-0.280821],[-0.0599584,0.61127,-0.789148],[0.386515,0.743116,0.546246]],[[0.920332,-0.272265,-0.280821],[-0.391111,-0.648975,-0.652582],[-0.00457034,0.710424,-0.703759]],[[0.920332,-0.272265,-0.280821],[-0.307016,-0.947686,-0.087367],[-0.242343,0.166623,-0.955775]]],3],[214,[-0.124744,-0.681918,0.720713],21,49.2522,[-67.0289,122.856,20.0475],[-66.0628,126.72,21.546],[15.8921,-16.8869,6.30105],false,[-47.6249,141.924,65.4218],[-48.6013,165.703,14.1341],[-66.1669,142.376,-4.19738],[-68.546,129.371,9.54768],[-65.2669,126.01,25.6859],[[[0.860335,-0.455996,-0.227797],[0.509437,0.784341,0.353954],[0.0172689,-0.420567,0.907097]],[[0.85885,-0.437927,-0.265701],[0.0530717,0.592003,-0.804187],[0.509471,0.676575,0.531683]],[[0.85885,-0.437927,-0.265701],[-0.496806,-0.585839,-0.640294],[0.124744,0.681918,-0.720713]],[[0.85885,-0.437927,-0.265701],[-0.473618,-0.876493,-0.086287],[-0.195098,0.199948,-0.960186]]],4]],[[0,200,0],[235.247,235.247,147.751]]],[93918,80813808956,[[21,"right",[-0.25154,0.537288,-0.805015],[-0.19179,-0.842936,-0.502669],[-80.7819,160.886,34.0916],[35.3217,-14.6844,4.26637],[-82.26,158.995,35.9911],0.944399,0,0.681855,[[0.681314,0.173583,-0.711112],[0.148886,0.918306,0.366807],[0.71669,-0.355785,0.59981]],62.1324,[129.007,42.2699,234.169],[-59.6781,135.939,76.2549]]],[[210,[0.166007,-0.0747635,-0.983286],21,50.8179,[-84.3303,122.653,2.53296],[-82.4345,122.755,-0.403863],[26.4397,-20.9972,1.04663],false,[-87.229,126.046,82.4059],[-87.229,126.046,82.4059],[-103.848,129.645,36.7987],[-98.3286,127.159,4.10826],[-77.3194,120.884,-2.21689],[[[0.504194,0.847539,0.165729],[-0.579533,0.189784,0.792542],[0.640258,-0.495641,0.586865]],[[0.278952,0.959956,-0.0258945],[-0.897559,0.270218,0.348382],[0.341429,-0.0739401,0.936995]],[[0.278952,0.959956,-0.0258945],[-0.945848,0.269991,-0.180215],[-0.166007,0.0747635,0.983286]],[[0.278952,0.959956,-0.0258945],[-0.273192,0.0534779,-0.960472],[-0.920626,0.275,0.27717]]],0],[211,[-0.155202,0.546451,-0.822985],21,57.3423,[-125.278,223.208,-27.8524],[-121.357,220.598,-40.3016],[43.4748,-14.0153,-1.72641],false,[-78.7362,147.504,81.1125],[-109.669,176.442,23.2171],[-115.943,200.519,-10.4859],[-119.601,213.398,-29.8821],[-122.261,222.091,-43.8425],[[[0.892953,0.0626561,-0.445769],[0.129256,0.912876,0.387234],[0.431194,-0.4034,0.807056]],[[0.975469,-0.0468809,-0.215087],[0.161334,0.816998,0.553611],[0.149772,-0.574731,0.80452]],[[0.975469,-0.0468809,-0.215087],[0.156117,0.836178,0.52577],[0.155202,-0.546451,0.822985]],[[0.975469,-0.0468809,-0.215087],[0.151525,0.851754,0.501553],[0.159688,-0.52184,0.837963]]],1],[212,[-0.219877,0.550415,-0.805418],21,65.3369,[-112.141,230.053,-42.7068],[-107.847,227.88,-53.3293],[49.3118,-19.5759,-3.64288],false,[-68.1635,149.995,75.9972],[-88.9194,177.675,17.4223],[-98.8213,204.596,-19.8093],[-104.918,219.858,-42.1418],[-109.088,229.587,-57.0985],[[[0.907793,-0.148968,-0.392073],[0.287795,0.901249,0.323921],[0.305101,-0.40689,0.861019]],[[0.917833,-0.162998,-0.361958],[0.336446,0.803337,0.491379],[0.21068,-0.572784,0.79217]],[[0.917833,-0.162998,-0.361958],[0.330509,0.818825,0.469349],[0.219877,-0.550415,0.805418]],[[0.917833,-0.162998,-0.361958],[0.325241,0.831556,0.450258],[0.227597,-0.530986,0.816244]]],2],[213,[0.00177615,-0.709484,0.70472],21,62.8232,[-82.7981,115.436,23.4907],[-80.7892,119.827,24.1431],[21.3944,-15.6399,6.93319],false,[-57.3338,149.336,70.9192],[-67.1211,173.7,15.7715],[-84.0962,141.362,-7.97932],[-84.0482,122.197,11.0564],[-79.6426,119.168,28.4727],[[[0.918501,-0.274735,-0.284389],[0.361496,0.874872,0.322364],[0.160239,-0.398897,0.902887]],[[0.919166,-0.276408,-0.280594],[-0.0575912,0.610425,-0.789977],[0.389638,0.74228,0.545164]],[[0.919166,-0.276408,-0.280594],[-0.393867,-0.648252,-0.651642],[-0.00177615,0.709484,-0.70472]],[[0.919166,-0.276408,-0.280594],[-0.310897,-0.946544,-0.0860077],[-0.241821,0.166291,-0.955965]]],3],[214,[-0.127406,-0.680341,0.721737],21,49.2522,[-67.0218,122.874,20.0574],[-65.6745,126.45,21.5937],[23.4666,-20.5707,5.97823],false,[-47.1652,141.643,65.4411],[-48.0562,165.351,14.1189],[-65.7197,142.068,-4.17523],[-68.1495,129.093,9.58936],[-64.8815,125.743,25.732],[[[0.858433,-0.459809,-0.227307],[0.512683,0.782789,0.3527],[0.0157587,-0.419306,0.907708]],[[0.857016,-0.441813,-0.265187],[0.0553499,0.590589,-0.805072],[0.512308,0.675282,0.530599]],[[0.857016,-0.441813,-0.265187],[-0.49929,-0.584754,-0.639353],[0.127406,0.680341,-0.721737]],[[0.857016,-0.441813,-0.265187],[-0.477198,-0.874683,-0.0849209],[-0.194435,0.199325,-0.96045]]],4]],[[0,200,0],[235.247,235.247,147.751]]],[93919,80813817421,[[21,"right",[-0.249288,0.536988,-0.805915],[-0.1939,-0.843013,-0.501729],[-80.2165,160.715,34.1473],[43.5236,-16.12,4.86843],[-82.2493,159.004,35.9813],0.942372,0,0.682544,[[0.681259,0.1686,-0.712362],[0.149888,0.920373,0.361175],[0.716533,-0.352829,0.601741]],62.1324,[129.423,42.8694,234.782],[-59.2211,135.76,76.3599]]],[[210,[0.165719,-0.0763931,-0.98321],21,50.8179,[-84.286,122.644,2.47865],[-81.9356,122.516,-0.366429],[34.6961,-22.5658,1.39715],false,[-86.8064,125.957,82.5015],[-86.8064,125.957,82.5015],[-103.32,129.52,36.8534],[-97.8106,126.98,4.16547],[-76.8352,120.64,-2.20769],[[[0.506588,0.846246,0.165036],[-0.579601,0.192543,0.791827],[0.638304,-0.496785,0.588025]],[[0.281672,0.95913,-0.0270468],[-0.897527,0.273338,0.346022],[0.339273,-0.0731893,0.937837]],[[0.281672,0.95913,-0.0270468],[-0.945092,0.27246,-0.180463],[-0.165719,0.0763931,0.98321]],[[0.281672,0.95913,-0.0270468],[-0.275373,0.0538036,-0.959831],[-0.919147,0.277805,0.279274]]],0],[211,[-0.153472,0.545272,-0.82409],21,57.3423,[-125.215,223.16,-28.0385],[-120.592,220.404,-40.3826],[55.474,-16.2998,-3.66586],false,[-78.2486,147.388,81.1872],[-109.048,176.343,23.2292],[-115.247,200.368,-10.5244],[-118.865,213.219,-29.9467],[-121.497,221.894,-43.924],[[[0.893494,0.0594121,-0.445128],[0.131668,0.912989,0.386153],[0.429339,-0.403634,0.807927]],[[0.975415,-0.0498806,-0.214658],[0.163296,0.817688,0.552016],[0.147988,-0.573497,0.80573]],[[0.975415,-0.0498806,-0.214658],[0.158153,0.836774,0.524211],[0.153472,-0.545272,0.82409]],[[0.975415,-0.0498806,-0.214658],[0.153625,0.85227,0.500035],[0.158005,-0.520719,0.838979]]],1],[212,[-0.21784,0.54968,-0.806473],21,65.3369,[-112.007,229.972,-43.0125],[-107.031,227.646,-53.3987],[61.511,-21.5426,-4.68821],false,[-67.6643,149.841,76.0771],[-88.2904,177.507,17.4496],[-98.0916,204.398,-19.8295],[-104.132,219.64,-42.1913],[-108.267,229.354,-57.1678],[[[0.907659,-0.152185,-0.391146],[0.290223,0.900807,0.322984],[0.303193,-0.406678,0.861793]],[[0.917601,-0.166158,-0.361108],[0.338408,0.803129,0.490371],[0.208537,-0.572167,0.793181]],[[0.917601,-0.166158,-0.361108],[0.332496,0.818684,0.468191],[0.21784,-0.54968,0.806473]],[[0.917601,-0.166158,-0.361108],[0.327247,0.831465,0.448971],[0.225649,-0.530148,0.817328]]],2],[213,[-0.000922469,-0.708574,0.705635],21,62.8232,[-82.791,115.447,23.4937],[-80.3382,119.643,24.2531],[29.6798,-17.222,8.47178],false,[-56.8326,149.143,71.0087],[-66.5028,173.465,15.8216],[-83.5551,141.146,-7.90118],[-83.58,122.006,11.1593],[-79.1977,118.986,28.583],[[[0.917905,-0.277843,-0.28329],[0.363846,0.874209,0.32152],[0.158322,-0.398199,0.903533]],[[0.918564,-0.279518,-0.279482],[-0.0551217,0.609568,-0.790815],[0.39141,0.74182,0.54452]],[[0.918564,-0.279518,-0.279482],[-0.395272,-0.647913,-0.651129],[0.000922469,0.708574,-0.705635]],[[0.918564,-0.279518,-0.279482],[-0.313657,-0.94572,-0.0850426],[-0.24054,0.165778,-0.956377]]],3],[214,[-0.13011,-0.679031,0.722488],21,49.2522,[-67.0111,122.894,20.0694],[-65.2029,126.219,21.7084],[31.8232,-22.3293,7.82267],false,[-46.6826,141.412,65.5489],[-47.4616,165.056,14.1952],[-65.1792,141.803,-4.08458],[-67.6605,128.853,9.69434],[-64.4171,125.514,25.8441],[[[0.85724,-0.462663,-0.226016],[0.514733,0.781714,0.352098],[0.0137775,-0.41817,0.908264]],[[0.855911,-0.444744,-0.263856],[0.0578483,0.58938,-0.805782],[0.513878,0.674414,0.530184]],[[0.855911,-0.444744,-0.263856],[-0.500488,-0.584055,-0.639055],[0.13011,0.679031,-0.722488]],[[0.855911,-0.444744,-0.263856],[-0.479767,-0.873344,-0.0842222],[-0.192979,0.198676,-0.960878]]],4]],[[0,200,0],[235.247,235.247,147.751]]],[93920,80813826174,[[21,"right",[-0.24799,0.536882,-0.806386],[-0.198373,-0.842892,-0.500181],[-79.5804,160.599,34.1674],[51.3405,-15.3638,4.1796],[-82.23,159.016,35.9682],0.937844,0,0.643268,[[0.681541,0.161106,-0.713826],[0.152789,0.922638,0.354112],[0.715652,-0.350406,0.6042]],62.1324,[129.773,43.3607,235.458],[-58.6389,135.613,76.389]]],[[210,[0.162482,-0.0783968,-0.983592],21,50.8179,[-84.2189,122.627,2.40537],[-81.5019,122.312,-0.422948],[38.2247,-22.3834,-2.16987],false,[-86.2593,125.944,82.5834],[-86.2593,125.944,82.5834],[-102.726,129.462,36.9147],[-97.3239,126.856,4.21415],[-76.4366,120.428,-2.35756],[[[0.510606,0.844212,0.163054],[-0.577637,0.19634,0.79233],[0.636881,-0.498755,0.5879]],[[0.285578,0.957911,-0.0291746],[-0.896659,0.277815,0.344705],[0.338302,-0.0722804,0.938257]],[[0.285578,0.957911,-0.0291746],[-0.944481,0.276152,-0.178032],[-0.162482,0.0783968,0.983592]],[[0.285578,0.957911,-0.0291746],[-0.28407,0.0555357,-0.957194],[-0.915287,0.281641,0.287974]]],0],[211,[-0.152702,0.544111,-0.825],21,57.3423,[-125.067,223.062,-28.4085],[-119.829,220.306,-40.4251],[63.7587,-14.8672,-3.86818],false,[-77.6073,147.334,81.2247],[-108.356,176.339,23.2653],[-114.518,200.314,-10.5312],[-118.117,213.137,-29.975],[-120.738,221.794,-43.9658],[[[0.893135,0.0547281,-0.446446],[0.136296,0.912972,0.384584],[0.42864,-0.404335,0.807948]],[[0.974807,-0.0544066,-0.216313],[0.167687,0.818244,0.54987],[0.147081,-0.57229,0.806753]],[[0.974807,-0.0544066,-0.216313],[0.162584,0.837247,0.522095],[0.152702,-0.544111,0.825]],[[0.974807,-0.0544066,-0.216313],[0.158088,0.852672,0.497954],[0.157352,-0.519606,0.839792]]],1],[212,[-0.216785,0.549243,-0.807054],21,65.3369,[-111.719,229.814,-43.5788],[-106.241,227.49,-53.4561],[69.0561,-20.3247,-4.96813],false,[-67.0192,149.732,76.0964],[-87.602,177.401,17.4554],[-97.3502,204.266,-19.8567],[-103.361,219.496,-42.2346],[-107.478,229.204,-57.22],[[[0.906426,-0.156849,-0.392162],[0.294707,0.899982,0.321216],[0.302556,-0.406731,0.861992]],[[0.916285,-0.17073,-0.362316],[0.34264,0.802572,0.48834],[0.20741,-0.571603,0.793884]],[[0.916285,-0.17073,-0.362316],[0.336788,0.818036,0.466252],[0.216785,-0.549243,0.807054]],[[0.916285,-0.17073,-0.362316],[0.331589,0.830744,0.447117],[0.224656,-0.529826,0.81781]]],2],[213,[-0.00313682,-0.707497,0.706709],21,62.8232,[-82.78,115.462,23.4979],[-79.8997,119.513,24.337],[35.1531,-16.6154,8.73199],false,[-56.1977,148.977,71.0142],[-65.835,173.259,15.8035],[-83.0647,140.981,-7.84642],[-83.1495,121.87,11.2431],[-78.757,118.857,28.6654],[[[0.916257,-0.282388,-0.28413],[0.368208,0.873052,0.319691],[0.157783,-0.397538,0.903918]],[[0.916915,-0.284064,-0.280311],[-0.0534739,0.608604,-0.79167],[0.395484,0.740884,0.542848]],[[0.916915,-0.284064,-0.280311],[-0.39907,-0.647113,-0.649606],[0.00313682,0.707497,-0.706709]],[[0.916915,-0.284064,-0.280311],[-0.31802,-0.944427,-0.0831898],[-0.241102,0.165422,-0.956298]]],3],[214,[-0.132197,-0.67734,0.723695],21,49.2522,[-66.9943,122.917,20.0847],[-64.7394,126.017,21.7621],[37.5002,-22.5143,7.30096],false,[-46.09,141.193,65.5522],[-46.8339,164.762,14.1638],[-64.6806,141.562,-4.05672],[-67.2018,128.644,9.74522],[-63.9517,125.315,25.8958],[[[0.854842,-0.466847,-0.226492],[0.518721,0.779928,0.350202],[0.0131565,-0.416853,0.908879]],[[0.853543,-0.448997,-0.264321],[0.0594172,0.587885,-0.806759],[0.517623,0.672899,0.528464]],[[0.853543,-0.448997,-0.264321],[-0.503972,-0.582763,-0.637495],[0.132197,0.67734,-0.723695]],[[0.853543,-0.448997,-0.264321],[-0.483808,-0.871301,-0.082248],[-0.193374,0.198083,-0.960921]]],4]],[[0,200,0],[235.247,235.247,147.751]]],[93921,80813834808,[[21,"right",[-0.24651,0.536003,-0.807424],[-0.202078,-0.84325,-0.498091],[-78.9265,160.418,34.1578],[57.8063,-16.8416,2.7778],[-82.1991,159.029,35.9513],0.933604,0,0.604581,[[0.682244,0.153937,-0.714735],[0.155281,0.924772,0.347397],[0.714444,-0.347994,0.607017]],62.1324,[130.044,43.8295,236.231],[-58.0502,135.447,76.4204]]],[[210,[0.160216,-0.0810356,-0.98375],21,50.8179,[-84.1223,122.6,2.3123],[-81.0003,122.022,-0.47571],[43.2459,-24.9059,-4.45207],false,[-85.7036,125.901,82.6584],[-85.7036,125.901,82.6584],[-102.095,129.34,36.9568],[-96.7685,126.646,4.25093],[-75.9614,120.134,-2.48942],[[[0.514049,0.842569,0.16072],[-0.576238,0.200426,0.792325],[0.635376,-0.499907,0.588549]],[[0.289164,0.956754,-0.0317177],[-0.896089,0.282188,0.34263],[0.336763,-0.0706544,0.938935]],[[0.289164,0.956754,-0.0317177],[-0.943777,0.279384,-0.17672],[-0.160216,0.0810356,0.98375]],[[0.289164,0.956754,-0.0317177],[-0.291642,0.0564895,-0.954858],[-0.911772,0.285361,0.295364]]],0],[211,[-0.152079,0.54276,-0.826004],21,57.3423,[-124.785,222.89,-29.0247],[-119.053,220.084,-40.5506],[70.1325,-17.3002,-6.25358],false,[-76.9686,147.253,81.2439],[-107.649,176.247,23.2419],[-113.782,200.152,-10.6088],[-117.366,212.944,-30.0762],[-119.978,221.582,-44.0799],[[[0.892993,0.0501914,-0.447264],[0.140186,0.913308,0.382382],[0.427682,-0.404165,0.808541]],[[0.97426,-0.0583804,-0.217737],[0.171423,0.819124,0.547403],[0.146396,-0.570638,0.808047]],[[0.97426,-0.0583804,-0.217737],[0.166401,0.837856,0.519911],[0.152079,-0.54276,0.826004]],[[0.97426,-0.0583804,-0.217737],[0.161975,0.853065,0.496028],[0.156785,-0.518529,0.840563]]],1],[212,[-0.215842,0.547618,-0.80841],21,65.3369,[-111.278,229.58,-44.3425],[-105.434,227.162,-53.6227],[75.2096,-24.9376,-8.59892],false,[-66.3752,149.598,76.1019],[-86.8951,177.214,17.4135],[-96.5909,204.011,-19.961],[-102.576,219.195,-42.3765],[-106.678,228.871,-57.387],[[[0.905494,-0.161311,-0.392504],[0.298495,0.89955,0.31892],[0.301632,-0.405941,0.862688]],[[0.915232,-0.175029,-0.362927],[0.346111,0.802673,0.48572],[0.206297,-0.570159,0.795211]],[[0.915232,-0.175029,-0.362927],[0.34024,0.818217,0.463419],[0.215842,-0.547618,0.80841]],[[0.915232,-0.175029,-0.362927],[0.335023,0.830982,0.444105],[0.223855,-0.528047,0.819179]]],2],[213,[-0.00537054,-0.705859,0.708332],21,62.8232,[-82.7639,115.48,23.5037],[-79.4149,119.311,24.4228],[40.7188,-18.3991,9.02042],false,[-55.5607,148.789,71.013],[-65.1458,172.982,15.7543],[-82.5209,140.718,-7.80814],[-82.6659,121.651,11.3252],[-78.2718,118.66,28.7509],[[[0.914917,-0.286641,-0.284192],[0.371889,0.872328,0.317401],[0.156928,-0.396083,0.904705]],[[0.915572,-0.288313,-0.280364],[-0.051697,0.606992,-0.793025],[0.398818,0.740565,0.540839]],[[0.915572,-0.288313,-0.280364],[-0.402119,-0.647023,-0.647813],[0.00537054,0.705859,-0.708332]],[[0.915572,-0.288313,-0.280364],[-0.321798,-0.943356,-0.0807813],[-0.241193,0.164182,-0.956489]]],3],[214,[-0.134344,-0.675168,0.725327],21,49.2522,[-66.9696,122.943,20.1037],[-64.2318,125.75,21.8222],[43.1333,-24.7245,7.10664],false,[-45.488,140.953,65.5611],[-46.1796,164.407,14.1193],[-64.1314,141.236,