{"metadata":{"formatVersion":2,"generatedBy":"LeapJS Playback 0.2.1","frames":41,"protocolVersion":6,"serviceVersion":"2.2.5+26752","frameRate":"1.1e+2","modified":"Wed Apr 22 2015 19:57:02 GMT-0300 (E. South America Standard Time)"},"frames":[["id","timestamp",{"hands":[["id","type","direction","palmNormal","palmPosition","palmVelocity","stabilizedPalmPosition","pinchStrength","grabStrength","confidence","armBasis","armWidth","elbow","wrist"]]},{"pointables":[["id","direction","handId","length","stabilizedTipPosition","tipPosition","tipVelocity","tool","carpPosition","mcpPosition","pipPosition","dipPosition","btipPosition","bases","type"]]},{"interactionBox":["center","size"]}],[79043,80682652948,[[14,"right",[-0.115229,0.580203,-0.80628],[-0.0580277,-0.814232,-0.577632],[-0.209691,78.3874,62.8124],[34.4021,17.8635,-25.955],[0.216361,76.9982,65.6481],0.975934,0,0.748875,[[0.892081,0.0844513,-0.443913],[0.00597147,0.980092,0.198456],[0.451835,-0.179689,0.873817]],63.72,[135.818,2.20851,343.806],[13.8224,50.7247,107.875]]],[[140,[0.276044,0.0202795,-0.960931],14,52.1164,[-14.2181,48.132,16.4972],[-10.7913,47.449,13.7753],[42.5449,31.2554,-36.2831],false,[-14.6798,39.3818,108.03],[-14.6798,39.3818,108.03],[-29.9929,47.7064,61.2544],[-20.581,48.3979,28.4909],[-7.31173,46.8255,9.27678],[[[0.428451,0.849444,0.308017],[-0.727147,0.12179,0.675591],[0.536364,-0.513431,0.669852]],[[0.246259,0.964913,0.0911057],[-0.919375,0.202811,0.337072],[0.306767,-0.166767,0.937061]],[[0.246259,0.964913,0.0911057],[-0.929062,0.261787,-0.261364],[-0.276044,-0.0202795,0.960931]],[[0.246259,0.964913,0.0911057],[-0.786062,0.253831,-0.563628],[-0.566977,0.0671838,0.820989]]],0],[141,[-0.135222,0.663804,-0.735581],14,58.8075,[-43.6518,145.447,-8.24979],[-38.249,148.661,-10.848],[58.7732,41.7892,-16.0012],false,[-6.78024,61.6707,109.669],[-27.7918,94.1569,47.0939],[-33.5132,123.866,16.5917],[-36.7816,139.911,-1.18757],[-39.1199,150.824,-14.1243],[[[0.958218,0.11691,-0.261057],[0.0158367,0.889577,0.456511],[0.285601,-0.441571,0.850557]],[[0.989467,0.051759,-0.135185],[0.056736,0.720499,0.691131],[0.133173,-0.691522,0.709974]],[[0.989467,0.051759,-0.135185],[0.0516635,0.746114,0.663811],[0.135222,-0.663804,0.735581]],[[0.989467,0.051759,-0.135185],[0.0471542,0.767701,0.639071],[0.13686,-0.638715,0.757174]]],1],[142,[-0.197827,0.602918,-0.772887],14,67.0064,[-28.9146,152.824,-19.6992],[-23.3116,153.04,-23.6566],[66.1653,36.7204,-18.459],false,[4.75037,64.8692,106.765],[-5.83938,96.4155,45.4443],[-14.8729,127.217,9.48683],[-20.4984,144.362,-12.4913],[-24.3775,155.09,-27.4242],[[[0.97116,-0.0971985,-0.217717],[0.183873,0.886625,0.424367],[0.151785,-0.452161,0.878927]],[[0.955054,-0.059023,-0.290498],[0.229668,0.766913,0.599247],[0.187417,-0.639031,0.745999]],[[0.955054,-0.059023,-0.290498],[0.220764,0.795617,0.564143],[0.197827,-0.602918,0.772887]],[[0.955054,-0.059023,-0.290498],[0.212749,0.81889,0.533063],[0.206423,-0.570907,0.794641]]],2],[143,[-0.161559,-0.936285,0.311881],14,64.4285,[4.85076,43.9626,23.634],[1.54286,36.16,31.9962],[28.4673,15.2023,-29.6736],false,[16.6636,64.8502,103.765],[16.5761,93.1049,47.8591],[5.84424,69.4602,11.4995],[1.36872,43.5233,20.1392],[1.38019,33.1012,35.6464],[[[0.966268,-0.229237,-0.117369],[0.257533,0.862549,0.43553],[0.00139712,-0.451065,0.89249]],[[0.965752,-0.215019,-0.145224],[0.0981259,0.820797,-0.562728],[0.240196,0.529206,0.813786]],[[0.965752,-0.215019,-0.145224],[-0.203031,-0.277737,-0.938957],[0.161559,0.936285,-0.311881]],[[0.965752,-0.215019,-0.145224],[-0.259466,-0.801636,-0.53857],[-0.000614072,0.557805,-0.829972]]],3],[144,[-0.381447,-0.869899,0.312688],14,50.5107,[23.3644,51.1153,29.7249],[16.6205,44.7203,37.2595],[25.5671,14.9854,-24.9284],false,[28.2838,57.642,99.8186],[36.4251,85.2382,49.4752],[26.0031,68.2733,20.2546],[18.5425,51.2591,26.3704],[15.4754,42.1412,40.6729],[[[0.904012,-0.419248,-0.0836225],[0.403793,0.773132,0.489099],[-0.140403,-0.475918,0.86821]],[[0.902787,-0.423275,-0.0762454],[0.313211,0.768531,-0.557905],[0.294745,0.479789,0.826395]],[[0.902787,-0.423275,-0.0762454],[-0.198679,-0.253207,-0.946791],[0.381447,0.869899,-0.312688]],[[0.902787,-0.423275,-0.0762454],[-0.391553,-0.735539,-0.552873],[0.177936,0.528981,-0.82977]]],4]],[[0,200,0],[235.247,235.247,147.751]]],[79044,80682661544,[[14,"right",[-0.112253,0.584701,-0.803445],[-0.0531756,-0.810931,-0.58272],[0.334773,78.4622,62.4126],[42.0431,15.4437,-31.3839],[0.217175,77.0082,65.6259],0.97643,0,0.753413,[[0.892979,0.087853,-0.441441],[0.00212403,0.979933,0.199317],[0.450093,-0.178924,0.874873]],63.72,[135.715,2.25506,343.601],[14.1899,50.5645,107.385]]],[[140,[0.284265,0.026044,-0.958392],14,52.1164,[-14.1725,48.1264,16.4653],[-9.74953,47.7726,13.1208],[64.9968,33.4277,-46.9603],false,[-14.2876,39.1588,107.322],[-14.2876,39.1588,107.322],[-29.239,47.7307,60.4744],[-19.5468,48.6187,27.7974],[-6.19649,47.2004,8.62746],[[[0.424938,0.848543,0.315281],[-0.730972,0.116212,0.672439],[0.533954,-0.516207,0.669644]],[[0.244094,0.964724,0.0986158],[-0.922337,0.199546,0.330871],[0.299521,-0.171721,0.938509]],[[0.244094,0.964724,0.0986158],[-0.927152,0.26197,-0.26788],[-0.284265,-0.026044,0.958392]],[[0.244094,0.964724,0.0986158],[-0.784232,0.256192,-0.565107],[-0.570437,0.0606012,0.819103]]],0],[141,[-0.13258,0.667373,-0.732827],14,58.8075,[-43.5777,145.488,-8.28907],[-37.4676,149.064,-11.0544],[67.8255,43.1877,-18.2539],false,[-6.44609,61.4548,109.134],[-27.1988,94.2641,46.6415],[-32.8139,124.143,16.285],[-36.0184,140.273,-1.4277],[-38.309,151.241,-14.3265],[[[0.959322,0.120539,-0.255288],[0.0114582,0.886898,0.461823],[0.282082,-0.445962,0.849439]],[[0.990088,0.0545927,-0.129406],[0.051422,0.716492,0.695698],[0.130698,-0.695456,0.706582]],[[0.990088,0.0545927,-0.129406],[0.0463552,0.74272,0.667996],[0.13258,-0.667373,0.732827]],[[0.990088,0.0545927,-0.129406],[0.0418549,0.764817,0.642886],[0.134069,-0.64193,0.754951]]],1],[142,[-0.194953,0.605888,-0.771293],14,67.0064,[-28.8053,152.828,-19.7764],[-22.4718,153.505,-23.7922],[75.0315,41.0599,-18.1543],false,[5.09259,64.6955,106.311],[-5.243,96.5803,45.1214],[-14.1394,127.555,9.27861],[-19.6832,144.784,-12.6542],[-23.5076,155.558,-27.5687],[[[0.972509,-0.0937928,-0.213143],[0.179668,0.884502,0.430553],[0.148142,-0.457011,0.877037]],[[0.956807,-0.0554348,-0.28539],[0.22462,0.764176,0.604633],[0.184571,-0.642621,0.74362]],[[0.956807,-0.0554348,-0.28539],[0.215671,0.793616,0.568911],[0.194953,-0.605888,0.771293]],[[0.956807,-0.0554348,-0.28539],[0.207613,0.817464,0.537261],[0.203514,-0.573305,0.793665]]],2],[143,[-0.1616,-0.938174,0.306128],14,64.4285,[4.8375,43.9218,23.6727],[2.32451,36.3477,31.3975],[45.0287,17.0176,-39.8283],false,[17.0215,64.7202,103.373],[17.1667,93.3043,47.6353],[6.68904,69.7784,11.1248],[2.21239,43.7891,19.6052],[2.14617,33.2683,35.0453],[[[0.967379,-0.226432,-0.113602],[0.253321,0.860521,0.441963],[-0.00231735,-0.456324,0.889811]],[[0.967002,-0.212448,-0.140614],[0.0995653,0.823173,-0.558992],[0.234506,0.526546,0.817163]],[[0.967002,-0.212448,-0.140614],[-0.196956,-0.273303,-0.941549],[0.1616,0.938174,-0.306128]],[[0.967002,-0.212448,-0.140614],[-0.254743,-0.798618,-0.545266],[0.0035443,0.563094,-0.826385]]],3],[144,[-0.384561,-0.869644,0.309567],14,50.5107,[23.3381,51.0882,29.7544],[17.2555,44.8662,36.8975],[38.0316,14.9112,-27.573],false,[28.6783,57.5608,99.4461],[37.0242,85.4715,49.3101],[26.8057,68.429,20.0627],[19.2841,51.4198,26.1175],[16.0663,42.2573,40.3584],[[[0.905366,-0.416775,-0.081306],[0.399494,0.771109,0.495778],[-0.143932,-0.481342,0.864635]],[[0.903155,-0.423799,-0.0685984],[0.317482,0.766868,-0.55778],[0.288993,0.481983,0.827149]],[[0.903155,-0.423799,-0.0685984],[-0.19085,-0.253207,-0.9484],[0.384561,0.869644,-0.309567]],[[0.903155,-0.423799,-0.0685984],[-0.386603,-0.733371,-0.559201],[0.186681,0.531566,-0.826189]]],4]],[[0,200,0],[235.247,235.247,147.751]]],[79045,80682670242,[[14,"right",[-0.107806,0.589621,-0.800453],[-0.0437716,-0.80718,-0.588681],[0.870496,78.1695,61.884],[47.2572,2.34932,-39.2214],[0.221961,77.0168,65.5985],0.972822,0,0.657626,[[0.893694,0.094528,-0.438607],[-0.00527472,0.979701,0.200396],[0.448647,-0.176779,0.876051]],63.72,[135.587,2.30327,343.325],[14.4521,50.0337,106.792]]],[[140,[0.296164,0.0338933,-0.954536],14,52.1164,[-14.0886,48.1189,16.409],[-8.39115,47.7723,12.2924],[91.3627,25.5182,-59.5857],false,[-13.9662,38.4881,106.389],[-13.9662,38.4881,106.389],[-28.3748,47.3428,59.4239],[-18.2769,48.4984,26.8785],[-4.72497,47.2789,7.83678],[[[0.417778,0.848456,0.324936],[-0.73768,0.107997,0.666457],[0.530368,-0.51813,0.671007]],[[0.239284,0.964868,0.108503],[-0.927052,0.193814,0.320953],[0.288648,-0.177387,0.940859]],[[0.239284,0.964868,0.108503],[-0.924678,0.26054,-0.277649],[-0.296164,-0.0338933,0.954536]],[[0.239284,0.964868,0.108503],[-0.779384,0.257516,-0.571179],[-0.579053,0.0521086,0.813623]]],0],[141,[-0.128873,0.670829,-0.730329],14,58.8075,[-43.4681,145.541,-8.34654],[-36.6034,149.048,-11.4801],[77.0292,31.1452,-26.7265],false,[-6.25331,60.8096,108.425],[-26.596,93.9426,45.9679],[-32.0661,124.008,15.7695],[-35.181,140.222,-1.88283],[-37.4032,151.234,-14.7556],[[[0.961007,0.127021,-0.245623],[0.00278492,0.883764,0.467924],[0.276509,-0.450362,0.84895]],[[0.990998,0.0601921,-0.119582],[0.0413741,0.711802,0.701161],[0.127323,-0.699797,0.702904]],[[0.990998,0.0601921,-0.119582],[0.0362594,0.739165,0.672548],[0.128873,-0.670829,0.730328]],[[0.990998,0.0601921,-0.119582],[0.0317254,0.762197,0.646567],[0.130064,-0.644541,0.753426]]],1],[142,[-0.190529,0.60954,-0.769519],14,67.0064,[-28.641,152.837,-19.8824],[-21.5019,153.644,-24.0542],[85.5499,34.4635,-21.5588],false,[5.29441,64.1266,105.729],[-4.63908,96.3776,44.6657],[-13.3376,127.545,8.94166],[-18.7555,144.878,-12.9407],[-22.4916,155.714,-27.8324],[[[0.974879,-0.0875263,-0.204815],[0.171285,0.882414,0.438187],[0.142379,-0.462261,0.875239]],[[0.959774,-0.0490166,-0.276461],[0.215094,0.761235,0.611764],[0.180465,-0.64662,0.741157]],[[0.959774,-0.0490166,-0.276461],[0.206233,0.791239,0.575682],[0.190529,-0.60954,0.769519]],[[0.959774,-0.0490166,-0.276461],[0.198258,0.815536,0.543687],[0.198814,-0.576627,0.792448]]],2],[143,[-0.159725,-0.93977,0.302192],14,64.4285,[4.82666,43.8664,23.7204],[3.33457,36.1332,30.7748],[64.3346,5.61709,-45.8861],false,[17.2495,64.2303,102.902],[17.7627,93.1954,47.3635],[7.73748,69.6599,10.7323],[3.31277,43.6264,19.1036],[3.14376,33.0263,34.4887],[[[0.969501,-0.220867,-0.10623],[0.244949,0.85872,0.450112],[-0.00819302,-0.462405,0.886631]],[[0.969326,-0.207238,-0.132136],[0.100303,0.824364,-0.557102],[0.224381,0.52676,0.819864]],[[0.969326,-0.207238,-0.132136],[-0.186803,-0.271817,-0.944044],[0.159725,0.93977,-0.302192]],[[0.969326,-0.207238,-0.132136],[-0.245613,-0.796982,-0.55181],[0.00904614,0.567337,-0.823436]]],3],[144,[-0.385807,-0.871209,0.30356],14,50.5107,[23.3087,51.0528,29.79],[18.0912,44.7339,36.4255],[53.4233,6.57139,-33.3392],false,[28.9775,57.1557,99.034],[37.643,85.4495,49.1677],[27.7862,68.3723,19.8166],[20.2403,51.3325,25.7539],[16.8622,42.0987,39.9113],[[[0.908148,-0.41173,-0.0757996],[0.391067,0.769665,0.504661],[-0.149444,-0.48795,0.859983]],[[0.905023,-0.421276,-0.0588196],[0.321286,0.76764,-0.55453],[0.278763,0.482965,0.830082]],[[0.905023,-0.421276,-0.0588196],[-0.179127,-0.252036,-0.950995],[0.385807,0.871209,-0.30356]],[[0.905023,-0.421276,-0.0588196],[-0.377524,-0.731811,-0.567387],[0.195981,0.535704,-0.821348]]],4]],[[0,200,0],[235.247,235.247,147.751]]],[79046,80682678881,[[14,"right",[-0.100074,0.597257,-0.795782],[-0.0316013,-0.801302,-0.597425],[1.37395,77.5959,61.3795],[50.1795,-15.8804,-44.3079],[0.230888,77.0212,65.5658],0.961412,0,0.568286,[[0.893902,0.102259,-0.436443],[-0.0141424,0.979581,0.200551],[0.44804,-0.173101,0.877095]],63.72,[135.466,2.33247,342.993],[14.4951,49.0697,106.177]]],[[140,[0.311041,0.0455975,-0.949302],14,52.1164,[-13.9429,48.108,16.3133],[-6.88842,47.6999,11.3589],[114.472,17.9878,-72.1162],false,[-13.8544,37.3844,105.273],[-13.8544,37.3844,105.273],[-27.5479,46.7094,58.1843],[-16.9427,48.264,25.8173],[-3.12072,47.3166,6.95508],[[[0.408913,0.847189,0.339208],[-0.747162,0.0973878,0.657468],[0.523965,-0.52229,0.67281]],[[0.233916,0.964449,0.122968],[-0.932754,0.186925,0.308267],[0.274322,-0.186808,0.943319]],[[0.233916,0.964449,0.122968],[-0.92116,0.260305,-0.289317],[-0.311041,-0.0455975,0.949302]],[[0.233916,0.964449,0.122968],[-0.772322,0.26115,-0.579067],[-0.590594,0.040482,0.805953]]],0],[141,[-0.122243,0.676906,-0.725847],14,58.8075,[-43.3061,145.606,-8.42536],[-35.471,149.006,-11.7839],[92.0765,21.6573,-29.2168],false,[-6.28649,59.7228,107.64],[-25.9573,93.3917,45.2545],[-31.1636,123.751,15.3044],[-34.1183,140.112,-2.23958],[-36.2198,151.215,-15.0542],[[[0.963558,0.134428,-0.231271],[-0.00815169,0.878913,0.476912],[0.267377,-0.457647,0.847979]],[[0.992231,0.066318,-0.105259],[0.0281484,0.704461,0.709184],[0.121183,-0.706637,0.697122]],[[0.992231,0.066318,-0.105259],[0.0231139,0.733075,0.679754],[0.122243,-0.676906,0.725847]],[[0.992231,0.066318,-0.105259],[0.0186646,0.757146,0.652979],[0.123001,-0.649871,0.750026]]],1],[142,[-0.183037,0.614851,-0.767109],14,67.0064,[-28.3911,152.852,-20.0219],[-20.2147,153.75,-24.152],[103.197,28.1935,-19.4843],false,[5.27906,63.126,105.135],[-3.99786,95.9517,44.2748],[-12.3487,127.424,8.73594],[-17.5536,144.909,-13.0779],[-21.1442,155.826,-27.9455],[[[0.977999,-0.080454,-0.19247],[0.160739,0.878726,0.449449],[0.132968,-0.470498,0.872325]],[[0.963809,-0.0416164,-0.263327],[0.202625,0.756252,0.622114],[0.173251,-0.652955,0.737315]],[[0.963809,-0.0416164,-0.263327],[0.193831,0.787544,0.584982],[0.183037,-0.614851,0.767109]],[[0.963809,-0.0416164,-0.263327],[0.185914,0.812851,0.552004],[0.191073,-0.580983,0.79117]]],2],[143,[-0.158247,-0.941054,0.298958],14,64.4285,[4.82193,43.7829,23.7847],[4.45803,35.6664,30.2424],[82.2682,-10.9877,-45.3402],false,[17.2705,63.3196,102.471],[18.3818,92.8559,47.2432],[8.95587,69.2656,10.4885],[4.57211,43.1965,18.7702],[4.24814,32.5152,34.0966],[[[0.971988,-0.214826,-0.0953322],[0.234358,0.855286,0.462128],[-0.017741,-0.471525,0.881674]],[[0.972105,-0.201568,-0.119929],[0.102495,0.824983,-0.555786],[0.210968,0.52799,0.822629]],[[0.972105,-0.201568,-0.119929],[-0.17312,-0.27164,-0.9467],[0.158247,0.941054,-0.298958]],[[0.972105,-0.201568,-0.119929],[-0.233906,-0.795331,-0.559229],[0.0173394,0.571681,-0.820293]]],3],[144,[-0.388119,-0.873371,0.294257],14,50.5107,[23.2757,51.0031,29.8349],[19.0016,44.4051,35.9853],[67.0944,-5.60102,-36.2866],false,[29.0865,56.3449,98.6905],[38.2762,85.1933,49.2375],[28.9036,68.153,19.7069],[21.3124,51.0709,25.4622],[17.7197,41.7355,39.4997],[[[0.911229,-0.406302,-0.0676849],[0.380191,0.76642,0.517741],[-0.158484,-0.497513,0.852856]],[[0.90697,-0.418645,-0.0462853],[0.32733,0.769734,-0.548056],[0.265068,0.48192,0.83516]],[[0.90697,-0.418645,-0.0462853],[-0.163614,-0.248918,-0.954605],[0.388119,0.873371,-0.294257]],[[0.90697,-0.418645,-0.0462853],[-0.366008,-0.728979,-0.578471],[0.208433,0.541596,-0.814389]]],4]],[[0,200,0],[235.247,235.247,147.751]]],[79047,80682687605,[[14,"right",[-0.0939779,0.605091,-0.790591],[-0.0202136,-0.795101,-0.60614],[1.93746,77.0655,60.9554],[54.0336,-27.8927,-45.4581],[0.245857,77.0216,65.5253],0.953392,0,0.570688,[[0.894251,0.109712,-0.433911],[-0.0227969,0.979397,0.200654],[0.446986,-0.169543,0.878327]],63.72,[135.373,2.36128,342.751],[14.687,48.1378,105.603]]],[[140,[0.325144,0.0585214,-0.943852],14,52.1164,[-13.6994,48.0972,16.161],[-5.34236,47.7713,10.5675],[132.852,18.244,-76.1451],false,[-13.5857,36.3118,104.241],[-13.5857,36.3118,104.241],[-26.6409,46.2199,57.0905],[-15.5549,48.2152,24.9094],[-1.45954,47.5459,6.23852],[[[0.400275,0.845724,0.352889],[-0.755351,0.0864518,0.649593],[0.518869,-0.526571,0.673423]],[[0.229657,0.963318,0.138842],[-0.937474,0.180613,0.297526],[0.261535,-0.198489,0.944564]],[[0.229657,0.963318,0.138842],[-0.917354,0.261905,-0.299777],[-0.325144,-0.0585214,0.943852]],[[0.229657,0.963318,0.138842],[-0.764541,0.266836,-0.586751],[-0.602275,0.0286008,0.797776]]],0],[141,[-0.116997,0.683223,-0.720776],14,58.8075,[-43.0735,145.689,-8.52784],[-34.4222,149.024,-11.9059],[100.405,16.5897,-25.3118],false,[-6.1681,58.664,106.932],[-25.2883,92.8849,44.6758],[-30.2901,123.548,15.0027],[-33.1179,140.062,-2.41876],[-35.1225,151.26,-15.1663],[[[0.965459,0.141997,-0.21846],[-0.0185442,0.873769,0.485988],[0.259893,-0.465151,0.846221]],[[0.993072,0.0725066,-0.0924679],[0.0159185,0.696658,0.717227],[0.116422,-0.71373,0.690677]],[[0.993072,0.0725066,-0.0924679],[0.0109153,0.726601,0.686973],[0.116997,-0.683223,0.720776]],[[0.993072,0.0725066,-0.0924679],[0.00650827,0.751777,0.659385],[0.117325,-0.655419,0.746097]]],1],[142,[-0.177106,0.619627,-0.764654],14,67.0064,[-28.0294,152.874,-20.1972],[-19.04,153.889,-24.1163],[112.46,24.3016,-14.0231],false,[5.40734,62.155,104.6],[-3.33315,95.5721,43.9823],[-11.402,127.363,8.6624],[-16.4383,144.983,-13.0816],[-19.9157,155.959,-27.9338],[[[0.980616,-0.0732026,-0.181751],[0.150656,0.874772,0.460519],[0.125279,-0.478974,0.868843]],[[0.967217,-0.0340959,-0.251652],[0.190965,0.750877,0.632231],[0.167403,-0.659562,0.732772]],[[0.967217,-0.0340959,-0.251652],[0.182002,0.784156,0.593275],[0.177106,-0.619627,0.764654]],[[0.967217,-0.0340959,-0.251652],[0.173925,0.811002,0.558593],[0.185044,-0.584049,0.790345]]],2],[143,[-0.156171,-0.943168,0.293335],14,64.4285,[4.83079,43.6577,23.871],[5.59739,35.2937,29.6996],[95.5293,-19.734,-47.004],false,[17.428,62.4407,102.08],[19.0267,92.5644,47.1819],[10.1437,69.0288,10.2572],[5.81751,42.9012,18.3831],[5.37009,32.1083,33.628],[[[0.974198,-0.208624,-0.0861077],[0.224248,0.851592,0.473819],[-0.0255214,-0.480903,0.876402]],[[0.974532,-0.195519,-0.10982],[0.103734,0.82722,-0.55222],[0.198814,0.526764,0.826434]],[[0.974532,-0.195519,-0.10982],[-0.160931,-0.268714,-0.949681],[0.15617,0.943168,-0.293335]],[[0.974532,-0.195519,-0.10982],[-0.222968,-0.79252,-0.567624],[0.0239469,0.577654,-0.815931]]],3],[144,[-0.389819,-0.875307,0.286145],14,50.5107,[23.239,50.9319,29.894],[19.9297,44.1395,35.6146],[77.5378,-12.3768,-36.0767],false,[29.3254,55.5693,98.3656],[38.9377,84.9873,49.3302],[30.0053,67.9892,19.6392],[22.3809,50.8693,25.2359],[18.6032,41.4452,39.1651],[[[0.914163,-0.400702,-0.061192],[0.3699,0.762921,0.530212],[-0.165772,-0.507335,0.845654]],[[0.908624,-0.416137,-0.0351183],[0.332546,0.771838,-0.541922],[0.252619,0.480724,0.839695]],[[0.908624,-0.416137,-0.0351183],[-0.149815,-0.246308,-0.957543],[0.389819,0.875307,-0.286145]],[[0.908624,-0.416137,-0.0351183],[-0.355484,-0.726569,-0.587987],[0.219167,0.546743,-0.808108]]],4]],[[0,200,0],[235.247,235.247,147.751]]],[79048,80682696213,[[14,"right",[-0.0886449,0.610304,-0.787192],[-0.00946103,-0.790783,-0.612023],[2.76658,76.7218,60.5497],[65.2127,-31.0748,-45.9011],[0.271909,77.0185,65.4739],0.937406,0,0.580696,[[0.895038,0.116654,-0.430464],[-0.0306498,0.978993,0.201575],[0.444936,-0.167223,0.879812]],63.72,[135.319,2.38804,342.673],[15.1867,47.5383,105.124]]],[[140,[0.33606,0.0695142,-0.939272],14,52.1164,[-13.6994,48.0972,16.161],[-3.65119,47.9491,9.91613],[149.714,22.7182,-75.1509],false,[-13.0067,35.5751,103.371],[-13.0067,35.5751,103.371],[-25.5051,45.9755,56.1753],[-14.0469,48.3457,24.1503],[0.288194,47.9,5.65606],[[[0.39196,0.845222,0.363272],[-0.762763,0.077801,0.64198],[0.514353,-0.528721,0.6752]],[[0.226176,0.962134,0.152129],[-0.941358,0.175751,0.288023],[0.250379,-0.208352,0.945463]],[[0.226176,0.962134,0.152129],[-0.91428,0.263566,-0.307612],[-0.33606,-0.0695142,0.939272]],[[0.226176,0.962134,0.152129],[-0.757409,0.271913,-0.593629],[-0.612516,0.0190407,0.790229]]],0],[141,[-0.11244,0.687112,-0.717799],14,58.8075,[-42.7483,145.789,-8.66248],[-33.1731,148.992,-12.2054],[112.976,11.3097,-27.9482],false,[-5.73704,57.9456,106.302],[-24.3653,92.5164,44.0904],[-29.1923,123.386,14.6023],[-31.91,139.994,-2.74721],[-33.8293,151.243,-15.4626],[[[0.966995,0.148612,-0.206967],[-0.0284141,0.870116,0.492027],[0.253206,-0.469907,0.845621]],[[0.993658,0.0781583,-0.0808349],[0.00443612,0.691099,0.722746],[0.112354,-0.718521,0.68637]],[[0.993658,0.0781583,-0.0808349],[-0.000559325,0.722336,0.691542],[0.11244,-0.687112,0.717799]],[[0.993658,0.0781583,-0.0808349],[-0.00494317,0.748578,0.663028],[0.112332,-0.658424,0.744218]]],1],[142,[-0.171722,0.621763,-0.764148],14,67.0064,[-27.5259,152.903,-20.4178],[-17.6672,153.93,-24.2905],[125.854,18.573,-16.4427],false,[5.84424,61.5138,104.121],[-2.41851,95.3231,43.654],[-10.2299,127.324,8.46597],[-15.113,145.005,-13.2636],[-18.4879,155.982,-28.1385],[[[0.982894,-0.0667663,-0.171643],[0.141043,0.872186,0.468399],[0.118432,-0.484596,0.866684]],[[0.970235,-0.0277008,-0.240574],[0.179944,0.747293,0.639666],[0.16206,-0.663917,0.730035]],[[0.970235,-0.0277008,-0.240574],[0.170748,0.782715,0.5985],[0.171722,-0.621763,0.764148]],[[0.970235,-0.0277008,-0.240574],[0.16245,0.811197,0.561756],[0.179592,-0.584117,0.791552]]],2],[143,[-0.153121,-0.943138,0.295034],14,64.4285,[4.87099,43.4715,23.9933],[6.97457,34.9563,29.4873],[113.018,-25.4749,-36.3867],false,[17.8897,61.8805,101.733],[19.9211,92.4091,47.0738],[11.521,68.6801,10.1598],[7.27921,42.5533,18.3328],[6.74094,31.7489,33.5665],[[[0.976161,-0.202909,-0.0770512],[0.214609,0.849295,0.482328],[-0.0324294,-0.487366,0.872595]],[[0.976678,-0.189905,-0.100179],[0.103694,0.82576,-0.554408],[0.188009,0.531091,0.826193]],[[0.976678,-0.189905,-0.100179],[-0.150511,-0.272813,-0.950221],[0.153121,0.943138,-0.295034]],[[0.976678,-0.189905,-0.100179],[-0.212767,-0.793433,-0.570259],[0.0288093,0.578274,-0.815334]]],3],[144,[-0.390737,-0.876179,0.282197],14,50.5107,[23.2037,50.8302,29.9741],[21.0904,43.9627,35.3933],[92.6677,-14.7435,-31.1818],false,[29.8627,55.0984,98.0987],[39.8477,84.9205,49.383],[31.3035,67.8519,19.6184],[23.6611,50.7149,25.1378],[19.7274,41.2529,38.998],[[[0.916879,-0.395473,-0.0541683],[0.360112,0.76098,0.539657],[-0.172198,-0.514306,0.840141]],[[0.910128,-0.413627,-0.0240633],[0.336566,0.77194,-0.539288],[0.241639,0.482722,0.841778]],[[0.910128,-0.413627,-0.0240633],[-0.137808,-0.247433,-0.959055],[0.390737,0.876179,-0.282197]],[[0.910128,-0.413627,-0.0240633],[-0.345808,-0.726345,-0.594003],[0.228217,0.54894,-0.804103]]],4]],[[0,200,0],[235.247,235.247,147.751]]],[79049,80682704880,[[14,"right",[-0.0847434,0.615145,-0.783846],[0.0000719731,-0.786672,-0.617371],[3.80114,76.4943,60.1975],[79.6132,-29.7899,-44.5015],[0.318314,77.0116,65.4045],0.918931,0,0.587633,[[0.896201,0.122972,-0.426266],[-0.0378859,0.978521,0.202637],[0.442028,-0.165454,0.88161]],63.72,[135.32,2.40145,342.719],[15.9723,47.0741,104.684]]],[[140,[0.343502,0.0805648,-0.93569],14,52.1164,[-13.4436,48.1045,16.0198],[-1.93431,48.2681,9.33309],[161.119,30.4121,-72.7387],false,[-12.1425,34.98,102.598],[-12.1425,34.98,102.598],[-24.1995,45.8657,55.3977],[-12.4876,48.6126,23.4948],[1.99035,48.4017,5.10806],[[[0.384349,0.844731,0.372431],[-0.768859,0.0695907,0.63562],[0.511011,-0.530647,0.676226]],[[0.22305,0.960808,0.164612],[-0.944409,0.171149,0.280714],[0.241539,-0.218074,0.94557]],[[0.22305,0.960808,0.164612],[-0.91228,0.26525,-0.31207],[-0.343502,-0.0805648,0.93569]],[[0.22305,0.960808,0.164612],[-0.753363,0.277068,-0.596387],[-0.618622,0.00901156,0.785637]]],0],[141,[-0.10905,0.690565,-0.715002],14,58.8075,[-42.2912,145.913,-8.83697],[-31.8405,149.043,-12.4182],[124.648,9.96271,-27.1666],false,[-5.01433,57.3668,105.745],[-23.2634,92.2617,43.6017],[-27.9647,123.325,14.2971],[-30.6005,140.016,-2.98483],[-32.4547,151.307,-15.6731],[[[0.968029,0.154915,-0.197284],[-0.0372806,0.86662,0.497574],[0.248052,-0.474312,0.844688]],[[0.993979,0.0834981,-0.0709542],[-0.00565251,0.685758,0.727808],[0.109428,-0.723025,0.6821]],[[0.993979,0.0834981,-0.0709542],[-0.0107029,0.718435,0.695512],[0.10905,-0.690565,0.715002]],[[0.993979,0.0834981,-0.0709542],[-0.0151183,0.74586,0.665932],[0.108526,-0.660849,0.742631]]],1],[142,[-0.167724,0.623034,-0.764001],14,67.0064,[-26.8335,152.941,-20.6914],[-16.2371,154.031,-24.4183],[137.154,15.9824,-16.8571],false,[6.56749,61.0084,103.691],[-1.32832,95.1827,43.381],[-8.94168,127.386,8.3342],[-13.7112,145.103,-13.3912],[-17.0118,156.052,-28.303],[[[0.984719,-0.060613,-0.163264],[0.132368,0.86971,0.475482],[0.113172,-0.489827,0.864443]],[[0.972669,-0.0216455,-0.231186],[0.170196,0.74375,0.646428],[0.157952,-0.668107,0.727106]],[[0.972669,-0.0216455,-0.231186],[0.160574,0.781895,0.602375],[0.167724,-0.623034,0.764001]],[[0.972669,-0.0216455,-0.231186],[0.151877,0.812433,0.562926],[0.175638,-0.582652,0.793516]]],2],[143,[-0.149605,-0.942951,0.297426],14,64.4285,[4.97313,43.1968,24.1693],[8.49376,34.723,29.3622],[129.975,-26.1683,-26.5116],false,[18.6318,61.4524,101.415],[20.9945,92.3592,46.9815],[13.0018,68.4342,10.1036],[8.85747,42.3125,18.3429],[8.2594,31.5047,33.5719],[[[0.977841,-0.197423,-0.0696513],[0.205924,0.847099,0.489917],[-0.0377194,-0.493403,0.868982]],[[0.978494,-0.184402,-0.0924406],[0.102703,0.824171,-0.556951],[0.17889,0.535479,0.825385]],[[0.978494,-0.184402,-0.0924406],[-0.142013,-0.2772,-0.950259],[0.149605,0.942951,-0.297426]],[[0.978494,-0.184402,-0.0924406],[-0.203776,-0.794598,-0.571917],[0.0320095,0.578455,-0.815086]]],3],[144,[-0.391062,-0.876282,0.281427],14,50.5107,[23.1787,50.683,30.0881],[22.3883,43.8683,35.2808],[107.839,-14.0283,-23.5792],false,[30.6715,54.7559,97.8422],[40.9379,84.9565,49.419],[32.7014,67.7568,19.6432],[25.0527,50.6177,25.1475],[20.997,41.1462,38.9659],[[[0.919347,-0.390436,-0.0485925],[0.35136,0.759139,0.547954],[-0.177053,-0.520834,0.835096]],[[0.911356,-0.411364,-0.0144751],[0.339367,0.770822,-0.539132],[0.232937,0.486429,0.842097]],[[0.911356,-0.411364,-0.0144751],[-0.128453,-0.250819,-0.959474],[0.391062,0.876282,-0.281427]],[[0.911356,-0.411364,-0.0144751],[-0.337736,-0.727211,-0.597578],[0.235295,0.549495,-0.80168]]],4]],[[0,200,0],[235.247,235.247,147.751]]],[79050,80682713950,[[14,"right",[-0.0822269,0.619043,-0.781041],[0.00689522,-0.783322,-0.621578],[5.03422,76.3284,59.8748],[95.1848,-26.6125,-42.0346],[0.40438,76.9992,65.3036],0.903787,0,0.597708,[[0.897799,0.127195,-0.421637],[-0.0431959,0.978202,0.203115],[0.438281,-0.164144,0.883723]],63.72,[135.377,2.39587,342.883],[17.0414,46.7147,104.278]]],[[140,[0.347046,0.0903293,-0.933488],14,52.1164,[-11.4279,48.2263,14.9606],[-0.261991,48.6253,8.82395],[165.031,36.6805,-68.2551],false,[-11.0136,34.5259,101.952],[-11.0136,34.5259,101.952],[-22.7699,45.8554,54.78],[-10.9372,48.9353,22.9521],[3.5918,48.9307,4.60444],[[[0.378813,0.844154,0.379349],[-0.773043,0.0632545,0.631192],[0.508828,-0.532356,0.676529]],[[0.221534,0.959287,0.175186],[-0.946285,0.16809,0.276207],[0.235515,-0.226966,0.944997]],[[0.221534,0.959287,0.175186],[-0.911308,0.267597,-0.312906],[-0.347046,-0.0903293,0.933488]],[[0.221534,0.959287,0.175186],[-0.752017,0.282432,-0.595569],[-0.6208,0.000195932,0.783969]]],0],[141,[-0.106653,0.693136,-0.712873],14,58.8075,[-41.6343,146.074,-9.06689],[-30.4107,149.103,-12.6002],[134.617,9.13239,-25.2913],false,[-3.99041,56.9221,105.263],[-21.9869,92.0828,43.1961],[-26.6009,123.307,14.0493],[-29.1787,140.06,-3.1811],[-30.9863,151.376,-15.8546],[[[0.968636,0.159632,-0.190426],[-0.0436651,0.863774,0.501983],[0.244618,-0.477924,0.843653]],[[0.994133,0.0873389,-0.0638113],[-0.0128762,0.681297,0.731894],[0.107397,-0.726778,0.678424]],[[0.994133,0.0873389,-0.0638113],[-0.0180317,0.715496,0.698384],[0.106653,-0.693136,0.712873]],[[0.994133,0.0873389,-0.0638113],[-0.0225249,0.744163,0.667618],[0.105795,-0.662264,0.741764]]],1],[142,[-0.164615,0.623402,-0.764377],14,67.0064,[-25.8717,152.991,-21.0382],[-14.7189,154.09,-24.581],[146.648,12.5693,-18.0903],false,[7.58995,60.6185,103.301],[-0.0620785,95.0878,43.1274],[-7.51848,127.44,8.18426],[-12.1995,145.167,-13.5519],[-15.4431,156.075,-28.5061],[[[0.985935,-0.0560117,-0.157462],[0.126104,0.867624,0.480963],[0.109678,-0.494055,0.862485]],[[0.97442,-0.0174212,-0.224057],[0.163017,0.741073,0.651334],[0.154696,-0.671199,0.724956]],[[0.97442,-0.0174212,-0.224057],[0.152994,0.781708,0.604587],[0.164615,-0.623402,0.764377]],[[0.97442,-0.0174212,-0.224057],[0.143922,0.814095,0.562615],[0.172603,-0.58047,0.795778]]],2],[143,[-0.147157,-0.943174,0.297939],14,64.4285,[5.18617,42.7993,24.4147],[10.0688,34.5748,29.1682],[142.304,-23.1038,-23.2158],false,[19.6664,61.1203,101.102],[22.2486,92.3292,46.8514],[14.5503,68.3167,9.96773],[10.4738,42.1889,18.2212],[9.83308,31.364,33.4365],[[[0.978999,-0.19335,-0.0646299],[0.199655,0.845214,0.495733],[-0.0412241,-0.498226,0.866067]],[[0.979739,-0.180366,-0.0870664],[0.102102,0.82379,-0.557625],[0.172301,0.537437,0.825515]],[[0.979739,-0.180366,-0.0870664],[-0.135857,-0.27909,-0.950606],[0.147157,0.943174,-0.297939]],[[0.979739,-0.180366,-0.0870664],[-0.197323,-0.79486,-0.573813],[0.0342907,0.579367,-0.814345]]],3],[144,[-0.39135,-0.875386,0.283802],14,50.5107,[23.1826,50.4655,30.2554],[23.7673,43.7647,35.2319],[120.102,-13.5923,-15.7079],false,[31.7534,54.4887,97.5685],[42.2045,84.9888,49.3731],[34.1521,67.6115,19.6501],[26.4977,50.4899,25.2009],[22.3582,41.0377,39.0077],[[[0.921111,-0.386693,-0.0449728],[0.345062,0.757492,0.554201],[-0.180239,-0.525999,0.831167]],[[0.912012,-0.410097,-0.00731874],[0.341132,0.768306,-0.541604],[0.227733,0.491453,0.840602]],[[0.912012,-0.410097,-0.00731874],[-0.122793,-0.255967,-0.958855],[0.39135,0.875386,-0.283802]],[[0.912012,-0.410097,-0.00731874],[-0.332504,-0.72877,-0.598611],[0.240155,0.548374,-0.801006]]],4]],[[0,200,0],[235.247,235.247,147.751]]],[79051,80682722266,[[14,"right",[-0.0798392,0.620725,-0.779952],[0.0118173,-0.781806,-0.62341],[6.26265,76.2401,59.6294],[108.668,-22.5064,-38.8182],[0.532494,76.9826,65.1795],0.887513,0,0.604407,[[0.899385,0.129783,-0.417447],[-0.0466266,0.977947,0.203583],[0.434663,-0.163636,0.885602]],63.72,[135.48,2.36634,343.133],[18.1208,46.548,104.02]]],[[140,[0.349008,0.0965027,-0.932138],14,52.1164,[-8.99333,48.4259,13.7572],[1.24929,48.8966,8.48881],[166.423,38.6303,-61.1378],false,[-9.89344,34.2987,101.527],[-9.89344,34.2987,101.527],[-21.4467,45.918,54.3749],[-9.54704,49.2083,22.5931],[5.01747,49.3273,4.274],[[[0.374936,0.844129,0.383235],[-0.776295,0.059913,0.627516],[0.506744,-0.532782,0.677757]],[[0.221028,0.958144,0.181952],[-0.947407,0.166669,0.273207],[0.231446,-0.232769,0.944591]],[[0.221028,0.958144,0.181952],[-0.910681,0.269531,-0.31307],[-0.349008,-0.0965027,0.932138]],[[0.221028,0.958144,0.181952],[-0.75091,0.286241,-0.595148],[-0.622319,-0.00508498,0.782747]]],0],[141,[-0.104009,0.693409,-0.712998],14,58.8075,[-40.8468,146.24,-9.32889],[-28.966,149.06,-12.8913],[145.637,5.35538,-28.0304],false,[-2.93979,56.7035,104.926],[-20.7131,91.9709,42.8553],[-25.2268,123.269,13.7718],[-27.7407,140.029,-3.46167],[-29.4983,151.325,-16.1592],[[[0.969183,0.162373,-0.185257],[-0.0481872,0.862458,0.503829],[0.241585,-0.479375,0.843704]],[[0.994298,0.0894601,-0.0580421],[-0.0182771,0.67919,0.733735],[0.105062,-0.72849,0.676952]],[[0.994298,0.0894601,-0.0580421],[-0.023538,0.714969,0.69876],[0.104009,-0.693409,0.712998]],[[0.994298,0.0894601,-0.0580421],[-0.0281097,0.744903,0.66658],[0.102868,-0.661148,0.74317]]],1],[142,[-0.161414,0.621938,-0.76625],14,67.0064,[-24.7607,153.032,-21.417],[-13.1921,154.007,-24.8701],[157.298,6.06083,-23.1881],false,[8.64132,60.4319,103.03],[1.2046,95.0277,42.9021],[-6.08999,127.43,7.97161],[-10.68,145.116,-13.8178],[-13.865,155.952,-28.8366],[[[0.98683,-0.0533083,-0.152724],[0.121674,0.866759,0.483657],[0.106592,-0.495869,0.86183]],[[0.975826,-0.0153348,-0.218008],[0.157669,0.740168,0.653676],[0.151339,-0.672247,0.724693]],[[0.975826,-0.0153348,-0.218008],[0.147338,0.782917,0.604428],[0.161414,-0.621937,0.76625]],[[0.975826,-0.0153348,-0.218008],[0.137972,0.816842,0.560118],[0.169489,-0.576657,0.799212]]],2],[143,[-0.145381,-0.942009,0.302462],14,64.4285,[5.50843,42.3315,24.7046],[11.5445,34.4012,29.2141],[151.584,-22.3607,-13.4149],false,[20.7272,60.9674,100.892],[23.5031,92.3127,46.7296],[16.0089,68.0844,9.94522],[11.9815,41.9888,18.324],[11.31,31.2055,33.5674],[[[0.979761,-0.190886,-0.0602568],[0.195204,0.844487,0.498736],[-0.0443156,-0.500404,0.864657]],[[0.98058,-0.177864,-0.0826266],[0.101628,0.821163,-0.561572],[0.167733,0.542269,0.823292]],[[0.98058,-0.177864,-0.0826266],[-0.131632,-0.284576,-0.949573],[0.145381,0.942009,-0.302462]],[[0.98058,-0.177864,-0.0826266],[-0.192798,-0.797039,-0.572326],[0.0359396,0.577142,-0.815853]]],3],[144,[-0.392236,-0.873755,0.28758],14,50.5107,[23.2342,50.2038,30.4582],[25.0855,43.6682,35.2827],[130.081,-12.9884,-8.04822],false,[32.8472,54.3728,97.4023],[43.4637,85.0134,49.3322],[35.5465,67.4473,19.6839],[27.8749,50.3577,25.3086],[23.6639,40.9558,39.1282],[[[0.922235,-0.384411,-0.041349],[0.340529,0.756967,0.55771],[-0.18309,-0.528421,0.829005]],[[0.912193,-0.409759,-0.000813752],[0.343175,0.765047,-0.544916],[0.223907,0.49679,0.83849]],[[0.912193,-0.409759,-0.000813752],[-0.11855,-0.26201,-0.957756],[0.392236,0.873755,-0.28758]],[[0.912193,-0.409759,-0.000813752],[-0.328967,-0.73115,-0.597663],[0.244303,0.545452,-0.801747]]],4]],[[0,200,0],[235.247,235.247,147.751]]],[79052,80682731173,[[14,"right",[-0.0777806,0.622949,-0.778386],[0.0168692,-0.779817,-0.62578],[7.50647,76.211,59.4155],[117.1,-17.2721,-34.79],[0.74484,76.9591,65.004],0.876684,0,0.611093,[[0.90097,0.13271,-0.413088],[-0.0503364,0.977616,0.204287],[0.430952,-0.163263,0.887483]],63.72,[135.589,2.33071,343.39],[19.2323,46.4116,103.769]]],[[140,[0.350926,0.102907,-0.930731],14,52.1164,[-5.87723,48.7458,12.3337],[2.8068,49.2086,8.18982],[167,39.5588,-53.2421],false,[-8.73697,34.096,101.104],[-8.73697,34.096,101.104],[-20.0937,45.9915,53.9737],[-8.1287,49.5002,22.2398],[6.54347,49.7265,4.00788],[[[0.370855,0.843917,0.387648],[-0.77943,0.0558903,0.623991],[0.504931,-0.533555,0.678501]],[[0.219665,0.957161,0.188653],[-0.948676,0.16448,0.270111],[0.22751,-0.238304,0.944166]],[[0.219665,0.957161,0.188653],[-0.910274,0.270652,-0.313288],[-0.350926,-0.102907,0.930731]],[[0.219665,0.957161,0.188653],[-0.747475,0.289394,-0.59794],[-0.626919,-0.00966671,0.779024]]],0],[141,[-0.101727,0.694628,-0.71214],14,58.8075,[-39.778,146.448,-9.65969],[-27.5399,149.138,-13.0716],[150.469,6.4967,-25.8421],false,[-1.85935,56.5083,104.607],[-19.431,91.9226,42.562],[-23.8606,123.323,13.5769],[-26.3194,140.113,-3.63578],[-28.0328,151.41,-16.3384],[[[0.969617,0.165521,-0.180127],[-0.0528845,0.860747,0.506279],[0.238843,-0.481371,0.843348]],[[0.994388,0.0919124,-0.0523934],[-0.0237159,0.676277,0.736265],[0.103104,-0.730891,0.674662]],[[0.994388,0.0919124,-0.0523934],[-0.0290605,0.713473,0.70008],[0.101727,-0.694628,0.71214]],[[0.994388,0.0919124,-0.0523934],[-0.0336912,0.744552,0.666714],[0.100289,-0.661207,0.74347]]],1],[142,[-0.157899,0.620234,-0.76836],14,67.0064,[-23.3034,153.073,-21.8854],[-11.6473,153.988,-25.1172],[163.335,2.78491,-25.6298],false,[9.72067,60.2733,102.778],[2.47802,95.0373,42.7229],[-4.6414,127.486,7.79906],[-9.13149,145.123,-14.0503],[-12.2515,155.881,-29.1391],[[[0.987684,-0.0502132,-0.148182],[0.117059,0.865561,0.48693],[0.103811,-0.49828,0.860779]],[[0.977292,-0.0131952,-0.211487],[0.151934,0.739339,0.655968],[0.147705,-0.673204,0.724555]],[[0.977292,-0.0131952,-0.211487],[0.14131,0.784306,0.604066],[0.157899,-0.620234,0.76836]],[[0.977292,-0.0131952,-0.211487],[0.131666,0.819816,0.557284],[0.166027,-0.572475,0.802937]]],2],[143,[-0.143554,-0.941661,0.304411],14,64.4285,[6.03073,41.7245,25.0799],[13.0428,34.3537,29.181],[156.335,-17.0914,-9.6141],false,[21.8151,60.8476,100.698],[24.7653,92.3695,46.6482],[17.4859,68.037,9.88937],[13.5092,41.9511,18.3222],[12.8091,31.1821,33.5743],[[[0.980542,-0.188098,-0.0561789],[0.190575,0.843437,0.502291],[-0.0470964,-0.503224,0.862872]],[[0.981433,-0.174998,-0.0785138],[0.101216,0.820236,-0.562999],[0.162924,0.544599,0.82272]],[[0.981433,-0.174998,-0.0785138],[-0.127205,-0.287488,-0.9493],[0.143554,0.941661,-0.304411]],[[0.981433,-0.174998,-0.0785138],[-0.188109,-0.798225,-0.572234],[0.0374682,0.576379,-0.816323]]],3],[144,[-0.392901,-0.872239,0.291252],14,50.5107,[23.3692,49.853,30.7366],[26.4169,43.6491,35.362],[135.455,-9.93045,-1.45732],false,[33.9691,54.2961,97.2463],[44.7326,85.115,49.3232],[36.9452,67.3677,19.7485],[29.2605,50.3078,25.4451],[24.9831,40.9505,39.2745],[[[0.923444,-0.381833,-0.0381489],[0.33585,0.756118,0.561684],[-0.185625,-0.531496,0.826472]],[[0.912418,-0.409225,0.00531665],[0.344947,0.761982,-0.548083],[0.220238,0.501915,0.836407]],[[0.912418,-0.409225,0.00531665],[-0.11455,-0.267832,-0.956632],[0.392901,0.872239,-0.291252]],[[0.912418,-0.409225,0.00531665],[-0.325442,-0.733369,-0.596873],[0.248154,0.542867,-0.802318]]],4]],[[0,200,0],[235.247,235.247,147.751]]],[79053,80682739636,[[14,"right",[-0.076004,0.623203,-0.778358],[0.0209474,-0.779446,-0.62612],[8.86095,76.249,59.1501],[128.29,-11.5994,-33.8955],[1.04341,76.933,64.7887],0.864409,0,0.620252,[[0.902772,0.134848,-0.408434],[-0.0531266,0.977271,0.205227],[0.426825,-0.163575,0.889418]],63.72,[135.716,2.28516,343.677],[20.4737,46.4503,103.534]]],[[140,[0.351863,0.106655,-0.929955],14,52.1164,[-2.69897,49.1218,10.992],[4.37875,49.4686,7.88042],[169.734,39.0837,-49.2384],false,[-7.45933,34.0783,100.752],[-7.45933,34.0783,100.752],[-18.6355,46.1216,53.6162],[-6.6385,49.7581,21.9088],[8.04916,50.0642,3.69047],[[[0.367578,0.844474,0.38955],[-0.781995,0.0539447,0.620945],[0.503358,-0.532872,0.680204]],[[0.218855,0.956577,0.192515],[-0.949723,0.163558,0.266972],[0.223892,-0.241264,0.944279]],[[0.218855,0.956577,0.192515],[-0.910107,0.271265,-0.313243],[-0.351863,-0.106655,0.929955]],[[0.218855,0.956577,0.192515],[-0.747157,0.291185,-0.597467],[-0.627581,-0.0130803,0.778441]]],0],[141,[-0.0993548,0.693733,-0.713346],14,58.8075,[-38.5336,146.659,-10.0388],[-26.0061,149.097,-13.4849],[159.598,3.46411,-32.0189],false,[-0.64196,56.5029,104.294],[-18.0424,91.9139,42.1989],[-22.3827,123.329,13.2156],[-24.7841,140.097,-4.02629],[-26.4525,151.358,-16.7663],[[[0.969974,0.167622,-0.176219],[-0.0566592,0.860365,0.50652],[0.236516,-0.481327,0.844029]],[[0.994481,0.0935027,-0.0475794],[-0.028288,0.675705,0.736629],[0.101026,-0.731218,0.674621]],[[0.994481,0.0935027,-0.0475794],[-0.0336924,0.714137,0.699195],[0.0993548,-0.693733,0.713346]],[[0.994481,0.0935027,-0.0475794],[-0.0383602,0.746192,0.664625],[0.0976476,-0.659132,0.745661]]],1],[142,[-0.154728,0.617953,-0.770839],14,67.0064,[-21.669,153.102,-22.3987],[-10.0213,153.897,-25.5428],[172.277,-0.971338,-32.4344],false,[10.9374,60.2928,102.512],[3.85931,95.0739,42.4478],[-3.10456,127.514,7.48458],[-7.50445,145.086,-14.4353],[-10.5651,155.764,-29.5929],[[[0.988362,-0.0480916,-0.144317],[0.113349,0.865541,0.487844],[0.101451,-0.498524,0.860919]],[[0.978471,-0.0120111,-0.206034],[0.147378,0.739522,0.6568],[0.144477,-0.673025,0.725371]],[[0.978471,-0.0120111,-0.206034],[0.136578,0.786123,0.602791],[0.154728,-0.617953,0.770839]],[[0.978471,-0.0120111,-0.206034],[0.126761,0.822786,0.554035],[0.162867,-0.568224,0.806595]]],2],[143,[-0.142123,-0.940421,0.308885],14,64.4285,[6.72689,41.0615,25.4928],[14.6013,34.3015,29.1974],[163.767,-13.6592,-5.35465],false,[23.0387,60.8932,100.481],[26.1364,92.4501,46.4594],[19.0291,67.9272,9.79354],[15.0921,41.8757,18.3503],[14.3681,31.1615,33.64],[[[0.981143,-0.18604,-0.0524152],[0.186849,0.84356,0.503482],[-0.0494523,-0.503781,0.862414]],[[0.982094,-0.172954,-0.0746931],[0.100937,0.817827,-0.566544],[0.159072,0.54886,0.82064]],[[0.982094,-0.172954,-0.0746931],[-0.123666,-0.292738,-0.948162],[0.142123,0.940421,-0.308885]],[[0.982094,-0.172954,-0.0746931],[-0.184365,-0.800783,-0.569874],[0.0387489,0.573441,-0.81833]]],3],[144,[-0.393413,-0.870291,0.296343],14,50.5107,[23.6053,49.4561,31.0579],[27.8343,43.6356,35.4257],[143.936,-7.57093,2.40763],false,[35.2197,54.3687,97.0734],[46.108,85.2355,49.2093],[38.4169,67.2715,19.7404],[30.7222,50.2496,25.5365],[26.393,40.9582,39.3942],[[[0.924375,-0.379903,-0.0347122],[0.33207,0.756511,0.563401],[-0.187777,-0.532321,0.825454]],[[0.912569,-0.408774,0.0110141],[0.346274,