{"metadata":{"formatVersion":2,"generatedBy":"LeapJS Playback 0.2.1","frames":42,"protocolVersion":6,"serviceVersion":"2.2.5+26752","frameRate":"1.1e+2","modified":"Wed Apr 22 2015 19:58:38 GMT-0300 (E. South America Standard Time)"},"frames":[["id","timestamp",{"hands":[["id","type","direction","palmNormal","palmPosition","palmVelocity","stabilizedPalmPosition","pinchStrength","grabStrength","confidence","armBasis","armWidth","elbow","wrist"]]},{"pointables":[["id","direction","handId","length","stabilizedTipPosition","tipPosition","tipVelocity","tool","carpPosition","mcpPosition","pipPosition","dipPosition","btipPosition","bases","type"]]},{"interactionBox":["center","size"]}],[90841,80786656734,[[20,"right",[-0.446573,0.506597,-0.737517],[-0.0410521,-0.835007,-0.548705],[-68.9906,150.194,42.1021],[138.12,-22.4114,1.59305],[-77.3129,156.672,40.9048],0.859526,0,0.637635,[[0.707898,0.359707,-0.607858],[0.0352032,0.841567,0.539005],[0.705437,-0.402959,0.583081]],63.72,[152.583,19.283,238.729],[-37.8851,128.082,81.2974]]],[[200,[0.056852,0.0653786,-0.99624],20,52.1164,[-81.9426,122.821,6.1434],[-74.9149,118.501,10.557],[142.116,-40.3756,17.1547],false,[-62.2809,111.208,89.1185],[-62.2809,111.208,89.1185],[-92.9049,117.788,50.2515],[-90.9665,120.017,16.2841],[-68.726,117.792,9.3459],[[[0.309242,0.932126,0.188444],[-0.526688,0.00288221,0.850054],[0.791814,-0.362124,0.491831]],[[0.121461,0.989989,0.0718998],[-0.780305,0.0504622,0.62336],[0.613491,-0.131818,0.778622]],[[0.121461,0.989989,0.0718998],[-0.990967,0.125092,-0.0483419],[-0.056852,-0.0653786,0.99624]],[[0.121461,0.989989,0.0718998],[-0.286656,0.104335,-0.952335],[-0.950303,0.0950609,0.296459]]],0],[201,[-0.331974,0.575926,-0.747063],20,58.8075,[-136.984,211.874,-25.535],[-129.426,206.764,-24.009],[149.625,-23.0294,-9.44195],false,[-59.0479,134.688,88.7805],[-102.444,159.286,34.7047],[-116.631,186.022,4.21423],[-124.655,199.943,-13.8426],[-130.337,209.067,-27.1238],[[[0.806136,0.29677,-0.51193],[-0.0469682,0.894502,0.44459],[0.589863,-0.334355,0.735029]],[[0.94309,0.186394,-0.275388],[0.0390934,0.760253,0.648449],[0.330232,-0.622312,0.7097]],[[0.94309,0.186394,-0.275388],[0.019355,0.795969,0.605028],[0.331974,-0.575926,0.747063]],[[0.94309,0.186394,-0.275388],[0.00217276,0.824669,0.565611],[0.332531,-0.53402,0.777332]]],1],[202,[-0.288372,0.622283,-0.72774],20,67.0064,[-119.798,227.665,-39.1303],[-109.089,223.186,-38.4741],[167.897,-17.7254,-8.33525],false,[-49.6559,140.023,82.8686],[-82.7197,165.876,27.1375],[-96.1668,197.629,-6.54054],[-104.367,215.324,-27.2348],[-109.932,226.388,-41.3686],[[[0.874533,0.0920007,-0.476159],[0.102957,0.924239,0.367671],[0.473911,-0.370564,0.798806]],[[0.938357,0.0323755,-0.344147],[0.204092,0.751649,0.627192],[0.278983,-0.658768,0.698708]],[[0.938357,0.0323755,-0.344147],[0.190596,0.782122,0.59326],[0.288372,-0.622283,0.72774]],[[0.938357,0.0323755,-0.344147],[0.178262,0.807677,0.562033],[0.296156,-0.588736,0.752118]]],2],[203,[0.265385,-0.636899,0.72383],20,64.4285,[-65.208,121.234,29.8994],[-58.1451,111.385,34.3013],[119.143,-33.9348,24.4669],false,[-39.261,142.283,76.7233],[-60.305,167.302,23.2911],[-70.5968,129.744,1.38663],[-63.2451,112.101,21.4382],[-56.3347,110.941,38.7584],[[[0.924475,-0.0334702,-0.379771],[0.18023,0.916167,0.357989],[0.335951,-0.399397,0.853005]],[[0.927318,-0.0368896,-0.372451],[-0.294993,0.540416,-0.787991],[0.230347,0.840589,0.490256]],[[0.927318,-0.0368896,-0.372451],[-0.263916,-0.770064,-0.580818],[-0.265385,0.636899,-0.72383]],[[0.927318,-0.0368896,-0.372451],[-0.0573233,-0.997388,-0.0439351],[-0.369858,0.062092,-0.927011]]],3],[204,[0.144597,-0.635324,0.758587],20,50.5107,[-51.6036,130.637,27.8424],[-45.2228,121.434,30.119],[118.301,-41.7052,10.0029],false,[-27.9015,137.409,69.6691],[-39.5712,163.713,19.3281],[-52.7143,135.057,3.31569],[-49.8861,122.631,18.1528],[-43.9907,120.92,34.2593],[[[0.914572,-0.230385,-0.332387],[0.350793,0.860899,0.368508],[0.201253,-0.453626,0.868171]],[[0.908779,-0.218001,-0.355803],[-0.189625,0.543793,-0.817516],[0.371703,0.81041,0.452849]],[[0.908779,-0.218001,-0.355803],[-0.391424,-0.740836,-0.545847],[-0.144597,0.635324,-0.758587]],[[0.908779,-0.218001,-0.355803],[-0.239036,-0.970884,-0.015674],[-0.342027,0.099294,-0.934429]]],4]],[[0,200,0],[235.247,235.247,147.751]]],[90842,80786665325,[[20,"right",[-0.447413,0.50375,-0.738957],[-0.0485241,-0.838728,-0.542385],[-67.3672,150.034,42.2456],[151.539,-21.4143,5.58321],[-76.5144,156.139,41.0124],0.857364,0,0.642181,[[0.711427,0.348895,-0.610035],[0.0431148,0.844753,0.533417],[0.701436,-0.405789,0.585938]],63.72,[153.198,18.468,239.649],[-36.1901,128.031,81.4456]]],[[200,[0.0523274,0.0576989,-0.996962],20,52.1164,[-80.1413,121.897,7.10219],[-73.454,118.123,10.9162],[149.061,-41.4238,21.3563],false,[-60.6411,111.353,89.5112],[-60.6411,111.353,89.5112],[-91.2691,117.803,50.6257],[-89.485,119.77,16.6336],[-67.2893,117.371,9.61051],[[[0.315441,0.9317,0.18009],[-0.522379,0.0120529,0.852628],[0.792223,-0.36303,0.490502]],[[0.127239,0.989808,0.0639632],[-0.77932,0.0598724,0.623759],[0.613572,-0.129214,0.778995]],[[0.127239,0.989808,0.0639632],[-0.990491,0.130199,-0.0444525],[-0.0523274,-0.0576989,0.996962]],[[0.127239,0.989808,0.0639632],[-0.290472,0.0988446,-0.951765],[-0.948386,0.102522,0.300088]]],0],[201,[-0.332468,0.57236,-0.749579],20,58.8075,[-136.132,211.41,-25.4017],[-127.813,206.465,-23.9743],[159.686,-26.2382,-5.98286],false,[-57.2774,134.811,88.9857],[-100.805,159.262,34.9492],[-114.995,185.856,4.33555],[-123.031,199.69,-13.7821],[-128.727,208.75,-27.1009],[[[0.805211,0.288458,-0.5181],[-0.0396819,0.897963,0.438278],[0.591659,-0.332348,0.734496]],[[0.942731,0.179025,-0.281439],[0.0466443,0.764712,0.642681],[0.330277,-0.619003,0.712567]],[[0.942731,0.179025,-0.281439],[0.026891,0.800221,0.599102],[0.332468,-0.57236,0.749579]],[[0.942731,0.179025,-0.281439],[0.00967411,0.82873,0.559565],[0.333414,-0.530242,0.779537]]],1],[202,[-0.286393,0.620846,-0.729746],20,67.0064,[-118.44,227.231,-39.0342],[-107.299,222.843,-38.5667],[179.789,-22.9413,-9.0131],false,[-47.8853,140.049,82.9883],[-81.0828,165.685,27.2357],[-94.4175,197.369,-6.55109],[-102.562,215.024,-27.3024],[-108.096,226.06,-41.4701],[[[0.872631,0.0835686,-0.481177],[0.110019,0.926288,0.360397],[0.475826,-0.367433,0.799114]],[[0.937358,0.0238888,-0.347548],[0.211716,0.753205,0.622783],[0.276653,-0.657352,0.700965]],[[0.937358,0.0238888,-0.347548],[0.198341,0.783568,0.588796],[0.286393,-0.620846,0.729746]],[[0.937358,0.0238888,-0.347548],[0.186091,0.809046,0.557507],[0.294501,-0.587259,0.75392]]],2],[203,[0.265846,-0.632219,0.727753],20,64.4285,[-64.7606,120.702,30.1738],[-56.7487,111.094,34.7429],[130.759,-33.8027,31.8825],false,[-37.5089,142.207,76.7749],[-58.68,166.955,23.2672],[-69.2716,129.257,1.75055],[-61.9071,111.743,21.9108],[-54.9141,110.675,39.2038],[[[0.922348,-0.0414799,-0.384126],[0.187196,0.917707,0.350389],[0.337981,-0.395087,0.85421]],[[0.925171,-0.0448165,-0.376895],[-0.296417,0.534885,-0.791224],[0.237056,0.843735,0.481576]],[[0.925171,-0.0448165,-0.376895],[-0.270896,-0.773492,-0.572997],[-0.265846,0.632219,-0.727753]],[[0.925171,-0.0448165,-0.376895],[-0.0630325,-0.997357,-0.0361315],[-0.37428,0.0571844,-0.925551]]],3],[204,[0.144331,-0.630605,0.762565],20,50.5107,[-51.1374,130.046,28.0227],[-43.8333,121.048,30.3658],[129.713,-42.423,14.8245],false,[-26.2127,137.217,69.6998],[-37.9869,163.22,19.227],[-51.3697,134.521,3.49217],[-48.5468,122.187,18.407],[-42.5884,120.557,34.4988],[[[0.911573,-0.237986,-0.335258],[0.357495,0.861549,0.360459],[0.203057,-0.448438,0.870443]],[[0.905844,-0.225964,-0.358311],[-0.190259,0.538715,-0.820724],[0.378481,0.81162,0.445]],[[0.905844,-0.225964,-0.358311],[-0.398265,-0.742481,-0.538616],[-0.144331,0.630605,-0.762565]],[[0.905844,-0.225964,-0.358311],[-0.244855,-0.96953,-0.00759568],[-0.345677,0.0946146,-0.933571]]],4]],[[0,200,0],[235.247,235.247,147.751]]],[90843,80786673956,[[20,"right",[-0.447058,0.502438,-0.740064],[-0.0563574,-0.841522,-0.537275],[-65.483,149.896,42.2449],[169.229,-19.9602,4.08178],[-75.4057,155.512,41.1363],0.856743,0,0.644957,[[0.716178,0.337532,-0.610868],[0.0507172,0.847789,0.527902],[0.696072,-0.409054,0.59005]],63.72,[153.646,17.4685,240.759],[-34.2934,127.913,81.4458]]],[[200,[0.04959,0.0512509,-0.997454],20,52.1164,[-77.8005,120.842,8.12316],[-71.6693,117.811,11.0449],[164.411,-40.3764,16.7548],false,[-58.8222,111.447,89.708],[-58.8222,111.447,89.708],[-89.354,117.842,50.7376],[-87.6632,119.589,16.7288],[-65.5133,117.005,9.6268],[[[0.322403,0.930592,0.173362],[-0.518787,0.0205174,0.854657],[0.79178,-0.365482,0.489394]],[[0.133833,0.989335,0.0574875],[-0.779732,0.0693204,0.622265],[0.611643,-0.128104,0.780693]],[[0.133833,0.989335,0.0574875],[-0.989762,0.136343,-0.0422021],[-0.04959,-0.0512509,0.997454]],[[0.133833,0.989335,0.0574875],[-0.293877,0.0950205,-0.951109],[-0.946428,0.110395,0.303459]]],0],[201,[-0.331695,0.570216,-0.751553],20,58.8075,[-134.945,210.871,-25.26],[-125.819,206.347,-24.0578],[178.58,-23.0206,-7.04062],false,[-55.3038,134.879,89.0318],[-98.8885,159.306,35.0305],[-113.025,185.817,4.31983],[-121.042,199.599,-13.8455],[-126.732,208.619,-27.1938],[[[0.804992,0.280027,-0.523041],[-0.0318763,0.900742,0.433183],[0.592428,-0.332036,0.734017]],[[0.942748,0.17105,-0.2863],[0.0543921,0.768105,0.638009],[0.32904,-0.617055,0.714826]],[[0.942748,0.17105,-0.2863],[0.0346999,0.80349,0.594306],[0.331695,-0.570216,0.751553]],[[0.942748,0.17105,-0.2863],[0.0175135,0.831882,0.554676],[0.333045,-0.527934,0.781259]]],1],[202,[-0.278095,0.624597,-0.729754],20,67.0064,[-116.475,226.759,-38.9192],[-104.752,222.985,-38.5823],[215.51,-8.82848,-6.1168],false,[-45.9016,140.019,82.9657],[-79.155,165.551,27.1996],[-92.047,197.494,-6.5159],[-99.955,215.255,-27.2675],[-105.348,226.33,-41.4591],[[[0.871191,0.0749085,-0.485196],[0.11769,0.927608,0.35453],[0.476629,-0.365966,0.799308]],[[0.938092,0.01327,-0.346131],[0.220101,0.748761,0.62523],[0.267466,-0.662707,0.699486]],[[0.938092,0.01327,-0.346131],[0.206509,0.780834,0.58962],[0.278095,-0.624597,0.729754]],[[0.938092,0.01327,-0.346131],[0.193969,0.807774,0.556667],[0.286982,-0.589344,0.755192]]],2],[203,[0.264684,-0.629568,0.73047],20,64.4285,[-64.1235,120.053,30.5141],[-55.1451,110.834,34.9511],[145.316,-32.7592,29.7336],false,[-35.5365,142.07,76.6978],[-56.7607,166.648,23.1328],[-67.6858,128.886,1.89805],[-60.3536,111.445,22.1335],[-53.2966,110.429,39.4037],[[[0.920468,-0.0499046,-0.387619],[0.194766,0.918451,0.344259],[0.338829,-0.392374,0.855124]],[[0.923287,-0.0532056,-0.380407],[-0.296226,0.531826,-0.793355],[0.244521,0.845181,0.475267]],[[0.923287,-0.0532056,-0.380407],[-0.278357,-0.775121,-0.56719],[-0.264684,0.629568,-0.73047]],[[0.923287,-0.0532056,-0.380407],[-0.0698705,-0.997101,-0.0301234],[-0.377702,0.0543918,-0.924328]]],3],[204,[0.142354,-0.627081,0.765836],20,50.5107,[-50.4676,129.324,28.2403],[-42.2107,120.68,30.4541],[144.975,-42.3387,13.4389],false,[-24.303,136.963,69.6062],[-36.1098,162.751,19.0306],[-49.7455,134.05,3.51866],[-46.9612,121.785,18.4975],[-40.9625,120.205,34.5793],[[[0.908578,-0.246046,-0.33756],[0.364726,0.86121,0.353966],[0.203618,-0.444722,0.872216]],[[0.903039,-0.234523,-0.359889],[-0.189233,0.534943,-0.823424],[0.385632,0.811686,0.438695]],[[0.903039,-0.234523,-0.359889],[-0.405285,-0.742812,-0.532893],[-0.142354,0.627081,-0.765836]],[[0.903039,-0.234523,-0.359889],[-0.251799,-0.967779,-0.00116206],[-0.34802,0.0916691,-0.932995]]],4]],[[0,200,0],[235.247,235.247,147.751]]],[90844,80786682648,[[20,"right",[-0.448922,0.498256,-0.741762],[-0.0616822,-0.845408,-0.530547],[-63.6783,149.824,42.0355],[179.466,-16.8486,-3.42758],[-73.9599,154.81,41.2472],0.855874,0,0.647866,[[0.721889,0.326898,-0.60993],[0.0575088,0.850001,0.523633],[0.689615,-0.413081,0.594807]],63.72,[153.821,16.5056,241.853],[-32.3748,128.037,81.2553]]],[[200,[0.0445553,0.0435688,-0.998056],20,52.1164,[-74.9916,119.729,9.07007],[-69.8992,117.504,11.0163],[174.579,-39.0133,8.64529],false,[-56.918,111.716,89.7593],[-56.918,111.716,89.7593],[-87.3882,117.896,50.7062],[-85.8691,119.382,16.6769],[-63.7627,116.669,9.48804],[[[0.326284,0.930812,0.164708],[-0.514642,0.0287679,0.856923],[0.792895,-0.364365,0.488421]],[[0.137423,0.989284,0.0493206],[-0.780073,0.0774073,0.620882],[0.61041,-0.123797,0.782351]],[[0.137423,0.989284,0.0493206],[-0.98951,0.139353,-0.0380905],[-0.0445553,-0.0435688,0.998056]],[[0.137423,0.989284,0.0493206],[-0.298161,0.0887989,-0.950376],[-0.944571,0.115898,0.307168]]],0],[201,[-0.333386,0.565564,-0.754315],20,58.8075,[-133.448,210.241,-25.1557],[-124.142,205.969,-24.411],[182.393,-28.5757,-16.0908],false,[-53.3258,135.131,88.8872],[-97.0866,159.29,34.9076],[-111.281,185.612,4.06223],[-119.34,199.282,-14.1699],[-125.063,208.219,-27.5596],[[[0.803409,0.273347,-0.528975],[-0.0268509,0.904125,0.426424],[0.594821,-0.32839,0.733722]],[[0.941934,0.16572,-0.292057],[0.0599537,0.772769,0.631849],[0.330402,-0.61267,0.717962]],[[0.941934,0.16572,-0.292057],[0.0401716,0.807882,0.587973],[0.333386,-0.565564,0.754315]],[[0.941934,0.16572,-0.292057],[0.0228915,0.836027,0.548211],[0.335017,-0.523065,0.783688]]],1],[202,[-0.274965,0.623057,-0.732253],20,67.0064,[-114.001,226.203,-38.8784],[-102.746,222.703,-39.0478],[221.958,-14.6584,-19.3894],false,[-43.9357,140.193,82.7376],[-77.3702,165.409,26.9358],[-90.0928,197.3,-6.89277],[-97.9118,215.018,-27.7154],[-103.252,226.055,-41.9564],[[[0.869112,0.0683041,-0.489876],[0.122427,0.929892,0.346861],[0.479223,-0.361435,0.799819]],[[0.937823,0.00598719,-0.347063],[0.225427,0.749803,0.622076],[0.263953,-0.661635,0.701832]],[[0.937823,0.00598719,-0.347063],[0.211856,0.782153,0.585964],[0.274965,-0.623057,0.732253]],[[0.937823,0.00598719,-0.347063],[0.199298,0.809336,0.5525],[0.284198,-0.587316,0.75782]]],2],[203,[0.266084,-0.624904,0.733958],20,64.4285,[-63.2481,119.282,30.9143],[-53.5012,110.669,34.9966],[156.984,-29.0016,23.069],false,[-33.5939,142.161,76.4051],[-54.992,166.4,22.7547],[-66.1418,128.513,1.86299],[-58.7708,111.202,22.1951],[-51.6349,110.291,39.4387],[[[0.918443,-0.0559234,-0.391581],[0.199423,0.9204,0.336295],[0.341604,-0.386957,0.856487]],[[0.921279,-0.0591713,-0.384374],[-0.298277,0.526701,-0.796001],[0.249551,0.847989,0.46759]],[[0.921279,-0.0591713,-0.384374],[-0.283626,-0.778456,-0.559967],[-0.266084,0.624904,-0.733958]],[[0.921279,-0.0591713,-0.384374],[-0.0733369,-0.997058,-0.0222869],[-0.381924,0.0487212,-0.922909]]],3],[204,[0.142866,-0.621814,0.770024],20,50.5107,[-49.5537,128.48,28.4793],[-40.5812,120.435,30.3711],[156.087,-38.4709,7.05782],false,[-22.4112,136.964,69.2997],[-34.3738,162.403,18.5847],[-48.1748,133.631,3.35411],[-45.3805,121.469,18.4148],[-39.3275,119.985,34.4855],[[[0.906147,-0.251637,-0.339967],[0.369238,0.862671,0.345634],[0.206305,-0.438724,0.87462]],[[0.900766,-0.240706,-0.361499],[-0.190474,0.52909,-0.826912],[0.390308,0.81371,0.430738]],[[0.900766,-0.240706,-0.361499],[-0.410135,-0.745257,-0.52572],[-0.142866,0.621814,-0.770024]],[[0.900766,-0.240706,-0.361499],[-0.255542,-0.966773,0.00698359],[-0.351169,0.0860877,-0.932346]]],4]],[[0,200,0],[235.247,235.247,147.751]]],[90845,80786691312,[[20,"right",[-0.446994,0.498517,-0.74275],[-0.0685269,-0.846961,-0.52722],[-61.7146,149.948,41.7521],[192.01,-8.56982,-11.2144],[-72.1546,154.094,41.3216],0.856848,0,0.650483,[[0.727407,0.316662,-0.608773],[0.0639578,0.852009,0.519606],[0.683219,-0.416901,0.599504]],63.72,[153.987,15.5322,242.858],[-30.4821,128.096,80.9919]]],[[200,[0.0435453,0.0395364,-0.998269],20,52.1164,[-71.8941,118.799,9.77689],[-68.0443,117.54,10.8155],[184.766,-27.4421,-1.27471],false,[-55.1192,111.975,89.6062],[-55.1192,111.975,89.6062],[-85.4858,118.214,50.4819],[-84.0011,119.562,16.4453],[-61.9252,116.666,9.23461],[[[0.332971,0.929171,0.160537],[-0.512711,0.035521,0.857826],[0.791365,-0.36794,0.488223]],[[0.144528,0.988456,0.0454522],[-0.780411,0.0856278,0.619376],[0.608334,-0.124989,0.783778]],[[0.144528,0.988456,0.0454522],[-0.988542,0.146257,-0.0373285],[-0.0435453,-0.0395364,0.998269]],[[0.144528,0.988456,0.0454522],[-0.298922,0.0874033,-0.950267],[-0.94327,0.123754,0.308103]]],0],[201,[-0.33102,0.564989,-0.755787],20,58.8075,[-131.548,209.636,-25.1081],[-121.925,206.255,-24.7867],[201.94,-12.3037,-23.3808],false,[-51.3687,135.361,88.6384],[-95.0716,159.615,34.6546],[-109.148,185.917,3.73799],[-117.149,199.573,-14.5297],[-122.838,208.499,-27.9418],[[[0.804196,0.265845,-0.531598],[-0.0198116,0.905889,0.423052],[0.594034,-0.329685,0.733779]],[[0.942459,0.158164,-0.294543],[0.0665039,0.774717,0.628801],[0.327641,-0.612208,0.71962]],[[0.942459,0.158164,-0.294543],[0.0468757,0.809797,0.584834],[0.33102,-0.564989,0.755787]],[[0.942459,0.158164,-0.294543],[0.02971,0.837908,0.545003],[0.333,-0.522394,0.784994]]],1],[202,[-0.270333,0.625606,-0.731804],20,67.0064,[-110.981,225.737,-38.8822],[-100.246,223.109,-39.3135],[239.567,3.14878,-20.8637],false,[-41.9566,140.335,82.451],[-75.3299,165.569,26.6206],[-87.7824,197.672,-7.10855],[-95.4697,215.462,-27.9184],[-100.739,226.511,-42.1763],[[[0.868573,0.0605056,-0.491853],[0.129479,0.930334,0.343096],[0.478346,-0.361689,0.800229]],[[0.937457,-0.00209708,-0.348096],[0.233305,0.745934,0.62382],[0.258348,-0.666017,0.69977]],[[0.937457,-0.00209708,-0.348096],[0.219305,0.780137,0.585911],[0.270333,-0.625606,0.731804]],[[0.937457,-0.00209708,-0.348096],[0.206263,0.808877,0.550613],[0.280412,-0.587975,0.758719]]],2],[203,[0.263097,-0.624693,0.735213],20,64.4285,[-62.1088,118.423,31.3416],[-51.8213,110.681,34.832],[166.431,-21.0005,11.0109],false,[-31.6143,142.209,76.0906],[-52.9539,166.392,22.3914],[-64.4132,128.517,1.64427],[-57.1249,111.211,22.0111],[-49.9603,110.301,39.2429],[[[0.91725,-0.0636851,-0.393187],[0.206387,0.920275,0.332413],[0.34067,-0.386054,0.857266]],[[0.920043,-0.0668829,-0.386067],[-0.296212,0.526243,-0.797074],[0.256476,0.8477,0.464354]],[[0.920043,-0.0668829,-0.386067],[-0.290347,-0.778001,-0.557148],[-0.263097,0.624693,-0.735213]],[[0.920043,-0.0668829,-0.386067],[-0.0805048,-0.996569,-0.019205],[-0.383458,0.0487497,-0.922271]]],3],[204,[0.138933,-0.620231,0.772018],20,50.5107,[-48.3713,127.555,28.7135],[-38.869,120.347,30.1615],[166.815,-30.924,-1.64678],false,[-20.4817,136.908,68.9828],[-32.372,162.238,18.1957],[-46.3984,133.507,3.09296],[-43.681,121.376,18.1927],[-37.6248,119.899,34.2628],[[[0.90372,-0.259113,-0.340808],[0.375821,0.86142,0.341634],[0.205057,-0.436825,0.875863]],[[0.8986,-0.248675,-0.361496],[-0.187512,0.527212,-0.828787],[0.396683,0.812532,0.427123]],[[0.8986,-0.248675,-0.361496],[-0.416192,-0.743959,-0.52279],[-0.138933,0.620231,-0.772018]],[[0.8986,-0.248675,-0.361496],[-0.262811,-0.964791,0.0103932],[-0.351352,0.0856659,-0.932316]]],4]],[[0,200,0],[235.247,235.247,147.751]]],[90846,80786699987,[[20,"right",[-0.446757,0.498067,-0.743194],[-0.0691824,-0.84745,-0.526348],[-59.4051,149.727,41.6079],[211.759,-13.0802,-12.6513],[-69.8895,153.318,41.3725],0.856561,0,0.656428,[[0.734978,0.310246,-0.602955],[0.0633144,0.853912,0.516551],[0.675129,-0.41783,0.607963]],63.72,[154.103,15.0787,245.016],[-28.182,127.893,80.8656]]],[[200,[0.0434199,0.0386679,-0.998308],20,52.1164,[-68.3498,117.969,10.1939],[-65.6123,117.286,10.6197],[209.555,-27.5819,-8.8214],false,[-52.8289,111.798,89.4998],[-52.8289,111.798,89.4998],[-83.0556,118.019,50.2645],[-81.5752,119.338,16.2266],[-59.5187,116.418,8.9661],[[[0.333631,0.929105,0.159544],[-0.512564,0.0367454,0.857862],[0.791182,-0.367986,0.488485]],[[0.145519,0.988349,0.0446113],[-0.782403,0.0873642,0.616614],[0.605532,-0.124633,0.786001]],[[0.145519,0.988349,0.0446113],[-0.988402,0.147209,-0.0372872],[-0.0434199,-0.0386679,0.998308]],[[0.145519,0.988349,0.0446113],[-0.301049,0.0871875,-0.949615],[-0.94244,0.124756,0.310229]]],0],[201,[-0.330734,0.56445,-0.756314],20,58.8075,[-129.189,208.98,-25.097],[-119.584,206.008,-24.9798],[219.96,-16.6356,-23.0839],false,[-49.0626,135.18,88.5076],[-92.7565,159.41,34.5054],[-106.819,185.69,3.56393],[-114.813,199.333,-14.7165],[-120.498,208.249,-28.1368],[[[0.804302,0.264752,-0.531982],[-0.0191305,0.906332,0.422132],[0.593913,-0.329345,0.73403]],[[0.942527,0.157215,-0.294832],[0.0671228,0.77531,0.628004],[0.327318,-0.611701,0.720198]],[[0.942527,0.157215,-0.294832],[0.047514,0.810357,0.584006],[0.330734,-0.56445,0.756314]],[[0.942527,0.157215,-0.294832],[0.0303631,0.838438,0.544151],[0.332747,-0.521829,0.785477]]],1],[202,[-0.268803,0.627767,-0.730515],20,67.0064,[-107.499,225.291,-38.8909],[-97.7578,223.074,-39.3636],[251.477,1.85457,-15.9264],false,[-39.648,140.142,82.3139],[-73.0119,165.342,26.4626],[-85.3783,197.572,-7.17664],[-93.0221,215.423,-27.9499],[-98.2671,226.503,-42.1929],[[[0.868545,0.0594097,-0.492037],[0.130166,0.930593,0.34213],[0.478212,-0.361202,0.800529]],[[0.937563,-0.00327218,-0.347801],[0.234845,0.74356,0.626072],[0.256562,-0.668661,0.697903]],[[0.937563,-0.00327218,-0.347801],[0.220729,0.778394,0.587692],[0.268803,-0.627767,0.730515]],[[0.937563,-0.00327218,-0.347801],[0.207547,0.807683,0.551882],[0.279107,-0.589608,0.757932]]],2],[203,[0.262527,-0.625107,0.735065],20,64.4285,[-60.5542,117.428,31.8023],[-49.5434,110.425,34.7113],[191.58,-23.382,3.31965],false,[-29.3053,142.002,75.9501],[-50.6359,166.145,22.2294],[-62.1355,128.275,1.49426],[-54.863,110.959,21.857],[-47.6962,110.039,39.0873],[[[0.917151,-0.064714,-0.393252],[0.207065,0.920471,0.331447],[0.340527,-0.385415,0.857611]],[[0.919897,-0.0678549,-0.386245],[-0.295881,0.526321,-0.797146],[0.257379,0.847574,0.464084]],[[0.919897,-0.0678549,-0.386245],[-0.291322,-0.777584,-0.55722],[-0.262527,0.625107,-0.735065]],[[0.919897,-0.0678549,-0.386245],[-0.0815893,-0.99648,-0.0192564],[-0.383578,0.0492273,-0.922195]]],3],[204,[0.137647,-0.619844,0.772559],20,50.5107,[-46.7752,126.514,28.9515],[-36.6032,120.089,30.0514],[191.696,-30.6255,-4.95406],false,[-18.1773,136.686,68.8461],[-30.0574,161.972,18.0349],[-44.1045,133.239,2.95618],[-41.4123,121.116,18.0665],[-35.3698,119.641,34.142],[[[0.903494,-0.26008,-0.340672],[0.37646,0.861509,0.340704],[0.204882,-0.436074,0.876278]],[[0.898556,-0.250008,-0.360684],[-0.186478,0.526473,-0.829489],[0.397269,0.812602,0.426444]],[[0.898556,-0.250008,-0.360684],[-0.416713,-0.743834,-0.522552],[-0.137647,0.619844,-0.772559]],[[0.898556,-0.250008,-0.360684],[-0.264012,-0.964459,0.0107928],[-0.350563,0.0855268,-0.932626]]],4]],[[0,200,0],[235.247,235.247,147.751]]],[90847,80786708637,[[20,"right",[-0.44414,0.498675,-0.744354],[-0.0734868,-0.848268,-0.524443],[-57.0999,149.752,41.287],[226.29,-8.8457,-19.1406],[-67.1963,152.567,41.3545],0.859524,0,0.65908,[[0.741786,0.301037,-0.599275],[0.0661275,0.856404,0.512055],[0.667368,-0.419463,0.615361]],63.72,[154.197,14.5911,246.744],[-25.9922,127.846,80.5966]]],[[200,[0.0443402,0.0362558,-0.998358],20,52.1164,[-64.7574,117.434,10.2731],[-63.3241,117.264,10.3353],[223.896,-20.8542,-15.9631],false,[-50.722,111.898,89.2648],[-50.722,111.898,89.2648],[-80.8023,118.188,49.9281],[-79.2905,119.424,15.8885],[-57.2402,116.367,8.66578],[[[0.338378,0.927739,0.157479],[-0.512435,0.0413071,0.857732],[0.789247,-0.370936,0.489384]],[[0.150863,0.987638,0.0425668],[-0.783655,0.093234,0.61416],[0.602599,-0.126011,0.788033]],[[0.150863,0.987638,0.0425668],[-0.98756,0.152502,-0.0383225],[-0.0443402,-0.0362558,0.998358]],[[0.150863,0.987638,0.0425668],[-0.299241,0.086664,-0.950234],[-0.942176,0.130617,0.308616]]],0],[201,[-0.327771,0.564437,-0.757613],20,58.8075,[-126.325,208.389,-25.1894],[-116.983,206.191,-25.4329],[241.397,-6.67993,-30.8681],false,[-46.8358,135.258,88.2203],[-90.4007,159.589,34.1597],[-104.325,185.871,3.15783],[-112.248,199.514,-15.154],[-117.886,208.429,-28.5949],[[[0.80569,0.259424,-0.532506],[-0.014515,0.907368,0.420087],[0.592159,-0.330731,0.734823]],[[0.943346,0.151712,-0.295097],[0.0710481,0.776369,0.626262],[0.324115,-0.611747,0.721605]],[[0.943346,0.151712,-0.295097],[0.051624,0.811415,0.582186],[0.327771,-0.564437,0.757613]],[[0.943346,0.151712,-0.295097],[0.0346217,0.839492,0.542268],[0.33,-0.521763,0.786679]]],1],[202,[-0.265786,0.62924,-0.730352],20,67.0064,[-103.631,224.96,-38.994],[-95.0266,223.288,-39.713],[266.893,7.89767,-21.6266],false,[-37.3953,140.157,82.0162],[-70.6253,165.402,26.1053],[-82.8243,197.73,-7.50085],[-90.3823,215.623,-28.2694],[-95.5782,226.72,-42.5176],[[[0.868876,0.0538457,-0.492093],[0.13491,0.930682,0.340044],[0.476292,-0.361844,0.801383]],[[0.937285,-0.00855025,-0.348459],[0.239671,0.741683,0.626469],[0.25309,-0.670696,0.697218]],[[0.937285,-0.00855025,-0.348459],[0.225509,0.777164,0.587505],[0.265786,-0.62924,0.730352]],[[0.937285,-0.00855025,-0.348459],[0.212244,0.806999,0.551094],[0.276494,-0.59049,0.758203]]],2],[203,[0.258705,-0.626811,0.734969],20,64.4285,[-58.5899,116.353,32.2437],[-47.4551,110.348,34.4325],[204.011,-19.8009,-7.99403],false,[-27.0428,141.95,75.6492],[-48.2452,166.08,21.8723],[-59.9628,128.267,1.15674],[-52.7962,110.903,21.5169],[-45.6354,109.944,38.7475],[[[0.916837,-0.0703025,-0.393023],[0.211757,0.920142,0.32939],[0.33848,-0.385222,0.858507]],[[0.919489,-0.0733514,-0.386211],[-0.292848,0.527606,-0.797416],[0.262259,0.846317,0.463647]],[[0.919489,-0.0733514,-0.386211],[-0.295993,-0.775711,-0.557369],[-0.258705,0.626811,-0.734969]],[[0.919489,-0.0733514,-0.386211],[-0.0874762,-0.995983,-0.0190999],[-0.383259,0.0513465,-0.922213]]],3],[204,[0.133518,-0.619169,0.773823],20,50.5107,[-44.7684,125.414,29.1549],[-34.4702,119.963,29.8028],[206.045,-26.3407,-11.6845],false,[-15.9416,136.561,68.5582],[-27.688,161.793,17.6891],[-41.8812,133.104,2.66326],[-39.2697,120.994,17.7983],[-33.2491,119.515,33.8816],[[[0.902174,-0.265477,-0.340005],[0.380847,0.860333,0.338795],[0.202576,-0.435142,0.877277]],[[0.897439,-0.255719,-0.359459],[-0.182982,0.525651,-0.830788],[0.401399,0.811356,0.424948]],[[0.897439,-0.255719,-0.359459],[-0.420448,-0.742454,-0.521523],[-0.133518,0.619169,-0.773823]],[[0.897439,-0.255719,-0.359459],[-0.269447,-0.962936,0.0123223],[-0.349288,0.0857967,-0.933079]]],4]],[[0,200,0],[235.247,235.247,147.751]]],[90848,80786717786,[[20,"right",[-0.440333,0.501309,-0.744847],[-0.0812667,-0.848452,-0.522997],[-54.6324,149.758,41.1546],[238.379,-6.20038,-17.8428],[-63.9128,151.833,41.3022],0.860566,0,0.662441,[[0.748793,0.288815,-0.596569],[0.0708821,0.860014,0.505324],[0.659003,-0.420669,0.623501]],63.72,[154.243,14.0656,248.822],[-23.6875,127.646,80.4772]]],[[200,[0.0448435,0.0343209,-0.998404],20,52.1164,[-61.2985,117.175,10.199],[-61.0129,117.268,10.2109],[231.577,-14.8065,-16.252],false,[-48.5488,111.928,89.1898],[-48.5488,111.928,89.1898],[-78.4926,118.424,49.7825],[-76.9636,119.595,15.7413],[-54.9472,116.326,8.50776],[[[0.346567,0.925011,0.155709],[-0.511416,0.0471735,0.858037],[0.786349,-0.377,0.489415]],[[0.159908,0.986276,0.0410863],[-0.78396,0.101593,0.612443],[0.599864,-0.130145,0.789447]],[[0.159908,0.986276,0.0410863],[-0.986113,0.161496,-0.0387399],[-0.0448435,-0.0343209,0.998404]],[[0.159908,0.986276,0.0410863],[-0.299098,0.0880751,-0.950149],[-0.940728,0.139648,0.309077]]],0],[201,[-0.323398,0.566037,-0.758298],20,58.8075,[-122.691,207.93,-25.3319],[-114.07,206.608,-25.6144],[262.866,7.7578,-27.8073],false,[-44.4599,135.251,88.1041],[-87.8514,159.874,34.0355],[-101.57,186.225,3.0006],[-109.386,199.907,-15.3278],[-114.956,208.848,-28.7791],[[[0.807523,0.251522,-0.53352],[-0.00629449,0.908145,0.418608],[0.589802,-0.334677,0.734931]],[[0.944414,0.143,-0.296029],[0.0782761,0.776742,0.624936],[0.319304,-0.61337,0.722373]],[[0.944414,0.143,-0.296029],[0.0591268,0.811883,0.580819],[0.323398,-0.566037,0.758298]],[[0.944414,0.143,-0.296029],[0.0423413,0.84004,0.54087],[0.326021,-0.52334,0.78729]]],1],[202,[-0.261252,0.631776,-0.729799],20,67.0064,[-99.1483,224.792,-39.1172],[-91.9541,223.633,-39.8206],[284.612,15.8367,-18.3675],false,[-34.9818,140.058,81.885],[-68.0321,165.501,25.9571],[-79.9881,197.957,-7.61291],[-87.4171,215.922,-28.3658],[-92.5366,227.063,-42.6067],[[[0.868945,0.0454667,-0.492816],[0.143268,0.930026,0.338417],[0.473718,-0.364671,0.801628]],[[0.936614,-0.0169418,-0.349954],[0.247443,0.739125,0.626471],[0.248046,-0.673355,0.696467]],[[0.936614,-0.0169418,-0.349954],[0.233457,0.774966,0.587304],[0.261252,-0.631776,0.729799]],[[0.936614,-0.0169418,-0.349954],[0.220315,0.805121,0.550673],[0.272426,-0.592868,0.75782]]],2],[203,[0.253556,-0.628778,0.735084],20,64.4285,[-56.0851,115.175,32.6958],[-45.3402,110.238,34.3419],[211.161,-17.776,-9.43172],false,[-24.6187,141.751,75.5075],[-45.6502,165.977,21.7066],[-57.7224,128.25,1.03715],[-50.6983,110.832,21.4004],[-43.5328,109.817,38.6259],[[[0.915896,-0.0789327,-0.393578],[0.220012,0.918799,0.327725],[0.335751,-0.386754,0.858891]],[[0.918475,-0.0819328,-0.386898],[-0.288787,0.529438,-0.797683],[0.270195,0.844383,0.462615]],[[0.918475,-0.0819328,-0.386898],[-0.3035,-0.773257,-0.556742],[-0.253556,0.628778,-0.735084]],[[0.918475,-0.0819328,-0.386898],[-0.0965587,-0.995156,-0.0184827],[-0.383509,0.0543343,-0.921937]]],3],[204,[0.127546,-0.619607,0.77448],20,50.5107,[-42.2243,124.218,29.343],[-32.2987,119.744,29.7022],[214.465,-25.661,-12.0444],false,[-13.5703,136.254,68.4172],[-25.1342,161.504,17.5154],[-39.589,132.925,2.52948],[-37.0944,120.806,17.6774],[-31.0914,119.287,33.7636],[[[0.899573,-0.273885,-0.340228],[0.388582,0.857534,0.337104],[0.19943,-0.435456,0.877841]],[[0.895085,-0.264474,-0.358995],[-0.178067,0.52611,-0.831565],[0.408798,0.808246,0.423819]],[[0.895085,-0.264474,-0.358995],[-0.427265,-0.739014,-0.520868],[-0.127546,0.619607,-0.77448]],[[0.895085,-0.264474,-0.358995],[-0.278449,-0.96036,0.0132434],[-0.348266,0.0881077,-0.933246]]],4]],[[0,200,0],[235.247,235.247,147.751]]],[90849,80786725965,[[20,"right",[-0.43599,0.505249,-0.744739],[-0.0898389,-0.847834,-0.522597],[-52.0721,149.705,41.1019],[257.266,-6.258,-14.9589],[-60.6469,151.246,41.247],0.86103,0,0.644636,[[0.753021,0.278082,-0.596347],[0.0757983,0.863614,0.498423],[0.653616,-0.420525,0.629242]],63.72,[155.162,13.7693,250.307],[-21.3147,127.311,80.4117]]],[[200,[0.0453744,0.0334712,-0.998409],20,52.1164,[-58.7015,117.095,10.0933],[-58.6538,117.256,10.1217],[245.621,-11.5106,-15.8651],false,[-46.3208,111.837,89.148],[-46.3208,111.837,89.148],[-76.1295,118.607,49.6844],[-74.5824,119.748,15.643],[-52.609,116.262,8.38072],[[[0.355608,0.921678,0.155092],[-0.510329,0.0524583,0.858378],[0.783012,-0.384394,0.489013]],[[0.169712,0.984652,0.0407229],[-0.783965,0.109852,0.611009],[0.597158,-0.135621,0.790576]],[[0.169712,0.984652,0.0407229],[-0.984449,0.17129,-0.0389975],[-0.0453744,-0.0334712,0.998409]],[[0.169712,0.984652,0.0407229],[-0.299477,0.090897,-0.949764],[-0.938888,0.14899,0.310307]]],0],[201,[-0.318439,0.568841,-0.758299],20,58.8075,[-118.926,207.728,-25.4527],[-111.002,207.102,-25.6485],[291.26,20.9385,-21.8298],false,[-42.0073,135.12,88.05],[-85.1969,160.139,34.002],[-98.6811,186.61,2.96613],[-106.378,200.359,-15.3622],[-111.871,209.349,-28.8132],[[[0.80954,0.243488,-0.534189],[0.00278538,0.90833,0.418246],[0.587058,-0.340075,0.734651]],[[0.945545,0.133739,-0.296746],[0.0862257,0.776196,0.624568],[0.313862,-0.616144,0.722397]],[[0.945545,0.133739,-0.296746],[0.0673873,0.811501,0.580452],[0.318439,-0.568841,0.758299]],[[0.945545,0.133739,-0.296746],[0.0508478,0.839802,0.540506],[0.321495,-0.526162,0.78727]]],1],[202,[-0.255978,0.635153,-0.728736],20,67.0064,[-94.848,224.825,-39.1806],[-88.7173,224.022,-39.7803],[311.61,23.4651,-12.1072],false,[-32.4875,139.832,81.8224],[-65.3298,165.571,25.9074],[-77.0071,198.188,-7.60451],[-84.2862,216.249,-28.3271],[-89.3152,227.454,-42.5505],[[[0.868995,0.0368644,-0.493445],[0.152496,0.928731,0.337941],[0.470736,-0.368917,0.801441]],[[0.935912,-0.0258522,-0.351283],[0.255686,0.735809,0.627064],[0.242266,-0.676695,0.695263]],[[0.935912,-0.0258522,-0.351283],[0.241958,0.771954,0.58783],[0.255978,-0.635153,0.728736]],[[0.935912,-0.0258522,-0.351283],[0.229017,0.802388,0.551112],[0.267618,-0.596243,0.756885]]],2],[203,[0.247798,-0.631536,0.734683],20,64.4285,[-53.508,114.132,33.0697],[-43.1703,110.079,34.2891],[224.54,-18.3135,-9.30177],false,[-22.1131,141.422,75.4369],[-42.9472,165.829,21.641],[-55.4046,128.223,0.979495],[-48.5401,110.729,21.3317],[-41.3729,109.636,38.5517],[[[0.914812,-0.0879439,-0.39419],[0.22912,0.916758,0.327199],[0.332602,-0.389642,0.85881]],[[0.917341,-0.0909368,-0.387576],[-0.28416,0.532275,-0.797456],[0.278815,0.841673,0.462437]],[[0.917341,-0.0909368,-0.387576],[-0.311578,-0.769995,-0.5568],[-0.247798,0.631536,-0.734683]],[[0.917341,-0.0909368,-0.387576],[-0.106473,-0.994139,-0.018753],[-0.383599,0.0584692,-0.921647]]],3],[204,[0.121198,-0.621002,0.774382],20,50.5107,[-39.6133,123.159,29.4838],[-30.0599,119.464,29.6441],[229.233,-27.8157,-11.2973],false,[-11.1233,135.815,68.341],[-22.4785,161.156,17.4372],[-37.2209,132.721,2.45708],[-34.8504,120.575,17.6031],[-28.8636,118.993,33.6892],[[[0.896641,-0.282708,-0.34075],[0.397096,0.853869,0.336485],[0.19583,-0.437017,0.877877]],[[0.892357,-0.273521,-0.359007],[-0.172823,0.527733,-0.831643],[0.416931,0.804167,0.423655]],[[0.892357,-0.273521,-0.359007],[-0.434754,-0.734536,-0.521006],[-0.121198,0.621002,-0.774382]],[[0.892357,-0.273521,-0.359007],[-0.288208,-0.957478,0.0131067],[-0.347326,0.091773,-0.933243]]],4]],[[0,200,0],[235.247,235.247,147.751]]],[90850,80786734619,[[20,"right",[-0.431782,0.505052,-0.74732],[-0.10037,-0.850292,-0.516651],[-49.1749,149.788,40.7348],[277.854,-2.05408,-22.2498],[-56.765,150.752,41.0737],0.862446,0,0.639584,[[0.758762,0.262138,-0.596292],[0.0847523,0.867932,0.489399],[0.645831,-0.421874,0.636337]],63.72,[155.782,13.411,251.948],[-18.5922,127.317,80.137]]],[[200,[0.0451153,0.0259553,-0.998645],20,52.1164,[-55.9188,117.005,9.90827],[-56.0208,117.179,9.94283],[261.029,-11.145,-17.8363],false,[-43.7526,112.184,89.0261],[-43.7526,112.184,89.0261],[-73.455,119.005,49.491],[-71.9168,119.89,15.4416],[-49.9927,116.105,8.17914],[[[0.366218,0.91866,0.148146],[-0.508003,0.0639911,0.858975],[0.779627,-0.389831,0.490117]],[[0.180827,0.982937,0.0337162],[-0.783099,0.123154,0.609581],[0.595028,-0.136632,0.792006]],[[0.180827,0.982937,0.0337162],[-0.98248,0.182103,-0.039652],[-0.0451153,-0.0259553,0.998645]],[[0.180827,0.982937,0.0337162],[-0.299569,0.0876981,-0.950036],[-0.936782,0.161692,0.310316]]],0],[201,[-0.313546,0.567232,-0.761536],20,58.8075,[-114.328,207.663,-25.8099],[-107.589,207.39,-26.2915],[318.67,24.0344,-35.8181],false,[-39.1808,135.409,87.7617],[-82.1947,160.544,33.6276],[-95.4429,186.954,2.43831],[-103.021,200.664,-15.9683],[-108.44,209.624,-29.4695],[[[0.811154,0.230769,-0.537377],[0.013792,0.911053,0.412058],[0.58467,-0.341654,0.735822]],[[0.946395,0.12111,-0.299449],[0.0961553,0.779392,0.619114],[0.308369,-0.61472,0.725967]],[[0.946395,0.12111,-0.299449],[0.0776273,0.814604,0.574799],[0.313546,-0.567232,0.761536]],[[0.946395,0.12111,-0.299449],[0.0613278,0.842817,0.534695],[0.317137,-0.524397,0.79021]]],1],[202,[-0.250664,0.633846,-0.731715],20,67.0064,[-89.9258,224.856,-39.5774],[-85.1363,224.052,-40.5052],[337.812,17.6256,-31.1989],false,[-29.6212,139.972,81.484],[-62.2841,165.698,25.4583],[-73.6767,198.259,-8.20615],[-80.8046,216.283,-29.0135],[-85.7441,227.46,-43.2895],[[[0.868372,0.0237728,-0.495344],[0.163562,0.92923,0.331331],[0.468165,-0.368738,0.803028]],[[0.934642,-0.0384675,-0.353503],[0.265667,0.736333,0.622282],[0.236358,-0.675525,0.698427]],[[0.934642,-0.0384675,-0.353503],[0.252214,0.772502,0.582776],[0.250664,-0.633846,0.731715]],[[0.934642,-0.0384675,-0.353503],[0.239486,0.802954,0.545812],[0.262851,-0.594798,0.759687]]],2],[203,[0.241943,-0.63,0.737945],20,64.4285,[-50.3701,113.081,33.4035],[-40.7353,110.002,34.1624],[239.288,-15.8796,-11.3725],false,[-19.2423,141.402,75.068],[-39.9086,165.676,21.1475],[-52.8347,128.086,0.74688],[-46.1324,110.634,21.1894],[-38.9444,109.561,38.402],[[[0.912984,-0.100866,-0.395331],[0.240026,0.916325,0.320524],[0.329922,-0.387523,0.860801]],[[0.915467,-0.103811,-0.388772],[-0.279682,0.530474,-0.800235],[0.289307,0.841321,0.456597]],[[0.915467,-0.103811,-0.388772],[-0.321533,-0.769625,-0.551628],[-0.241943,0.63,-0.737945]],[[0.915467,-0.103811,-0.388772],[-0.117956,-0.992939,-0.01262],[-0.384716,0.057411,-0.921248]]],3],[204,[0.114892,-0.617611,0.778046],20,50.5107,[-36.4363,122.076,29.5602],[-27.5478,119.214,29.4393],[245.254,-28.0347,-15.0491],false,[-8.33016,135.625,67.9894],[-19.5019,160.746,16.9364],[-34.5927,132.385,2.16363],[-32.3456,120.305,17.3813],[-26.3575,118.752,33.4697],[[[0.892739,-0.295048,-0.340535],[0.407305,0.851621,0.329916],[0.192666,-0.43323,0.88045]],[[0.888633,-0.28617,-0.358382],[-0.167886,0.524215,-0.834873],[0.426785,0.802063,0.417791]],[[0.888633,-0.28617,-0.358382],[-0.443995,-0.732573,-0.515951],[-0.114892,0.617611,-0.778046]],[[0.888633,-0.28617,-0.358382],[-0.299406,-0.95393,0.0193211],[-0.347401,0.0901323,-0.933375]]],4]],[[0,200,0],[235.247,235.247,147.751]]],[90851,80786743375,[[20,"right",[-0.425803,0.514209,-0.7445],[-0.109019,-0.845982,-0.521948],[-45.9612,149.875,40.6492],[301.774,1.17191,-18.9046],[-52.4343,150.401,40.9035],0.864527,0,0.547537,[[0.765177,0.252652,-0.592175],[0.0881846,0.869985,0.485128],[0.637752,-0.423429,0.643413]],63.72,[156.543,12.5121,253.655],[-15.6499,126.838,79.9338]]],[[200,[0.0464859,0.0314823,-0.998423],20,52.1164,[-52.8962,117.234,9.61064],[-53.0383,117.51,9.63051],[281.883,1.67697,-22.8655],false,[-40.9769,111.92,88.7118],[-40.9769,111.92,88.7118],[-70.5139,119.283,49.1502],[-68.929,120.356,15.1084],[-47.0328,116.383,7.86266],[[[0.375865,0.913779,0.154058],[-0.507955,0.0641151,0.858994],[0.775053,-0.40112,0.488257]],[[0.19114,0.980755,0.0398246],[-0.783159,0.12792,0.608521],[0.591716,-0.147501,0.792538]],[[0.19114,0.980755,0.0398246],[-0.980461,0.192689,-0.0395738],[-0.0464859,-0.0314823,0.998423]],[[0.19114,0.980755,0.0398246],[-0.29688,0.0964362,-0.950033],[-0.935589,0.169766,0.3096]]],0],[201,[-0.306895,0.575216,-0.758249],20,58.8075,[-109.041,208.15,-25.9653],[-103.706,208.508,-26.0626],[352.188,51.7106,-19.1501],false,[-36.157,135.102,87.5937],[-78.8591,161.026,33.585],[-91.8011,187.767,2.54957],[-99.2189,201.67,-15.7776],[-104.531,210.77,-29.2272],[[[0.81398,0.225416,-0.535374],[0.0231743,0.908303,0.41767],[0.580431,-0.352382,0.734116]],[[0.947863,0.112859,-0.298024],[0.10397,0.774501,0.62397],[0.30124,-0.622424,0.722387]],[[0.947863,0.112859,-0.298024],[0.0858534,0.810179,0.579862],[0.306895,-0.575216,0.758249]],[[0.947863,0.112859,-0.298024],[0.0698874,0.838808,0.539923],[0.31092,-0.532602,0.787188]]],1],[202,[-0.243706,0.641172,-0.727672],20,67.0064,[-84.5329,225.443,-39.5984],[-81.0656,225.064,-40.1154],[371.242,43.0942,-10.8142],false,[-26.5445,139.601,81.3509],[-58.8885,166.018,25.4617],[-69.9187,198.931,-7.98025],[-76.8488,217.163,-28.6726],[-81.6672,228.478,-42.882],[[[0.868957,0.017567,-0.494575],[0.173191,0.925379,0.337162],[0.463593,-0.378635,0.801073]],[[0.934301,-0.0460642,-0.353497],[0.273339,0.729122,0.627428],[0.228841,-0.682831,0.693811]],[[0.934301,-0.0460642,-0.353497],[0.260172,0.766014,0.587821],[0.243706,-0.641172,0.727672]],[[0.934301,-0.0460642,-0.353497],[0.247667,0.7971,0.55072],[0.256404,-0.602088,0.75614]]],2],[203,[0.234164,-0.638403,0.733218],20,64.4285,[-46.7597,112.141,33.5887],[-37.954,110.016,33.8053],[259.714,-11.3886,-20.4724],false,[-16.1461,140.96,74.9512],[-36.5112,165.784,21.1666],[-49.8363,128.489,0.483579],[-43.3495,110.804,20.7952],[-36.1887,109.521,38.0047],[[[0.912163,-0.108153,-0.3953],[0.249522,0.911728,0.32633],[0.325113,-0.396302,0.858631]],[[0.914579,-0.111127,-0.38884],[-0.273131,0.539342,-0.796561],[0.298237,0.834722,0.462919]],[[0.914579,-0.111127,-0.38884],[-0.329717,-0.761638,-0.557848],[-0.234164,0.638403,-0.733218]],[[0.914579,-0.111127,-0.38884],[-0.129069,-0.991429,-0.0202377],[-0.383258,0.068696,-0.921083]]],3],[204,[0.10691,-0.624082,0.77401],20,50.5107,[-32.7742,121.11,29.5392],[-24.6726,119.132,29.1793],[267.356,-23.0888,-19.4549],false,[-5.29064,135.11,67.8449],[-16.1549,160.662,16.9396],[-31.5363,132.563,1.96913],[-29.4452,120.357,17.1078],[-23.4979,118.627,33.1935],[[[0.889809,-0.