{"metadata":{"formatVersion":2,"generatedBy":"LeapJS Playback 0.2.1","frames":195,"protocolVersion":6,"serviceVersion":"2.2.5+26752","frameRate":"1.1e+2","modified":"Wed Apr 22 2015 20:00:38 GMT-0300 (E. South America Standard Time)"},"frames":[["id","timestamp",{"hands":[["id","type","direction","palmNormal","palmPosition","palmVelocity","stabilizedPalmPosition","pinchStrength","grabStrength","confidence","armBasis","armWidth","elbow","wrist"]]},{"pointables":[["id","direction","handId","length","stabilizedTipPosition","tipPosition","tipVelocity","tool","carpPosition","mcpPosition","pipPosition","dipPosition","btipPosition","bases","type"]]},{"interactionBox":["center","size"]}],[102910,80893192861,[[26,"right",[-0.319941,0.878566,-0.354625],[-0.568348,-0.477448,-0.670092],[-37.9114,84.2807,95.5329],[-95.8446,54.2578,74.6296],[-28.9025,83.8169,88.9697],0.821359,0,0.520865,[[0.908309,-0.211683,-0.360783],[0.366392,0.818752,0.442043],[0.201819,-0.5337,0.821239]],63.72,[42.0901,-105.101,334.341],[-12.401,38.9985,112.607]]],[[260,[-0.499781,0.500829,-0.706675],26,52.1164,[-83.3487,77.0881,63.6996],[-92.8459,79.8115,71.1641],[-144.018,59.1287,81.9755],false,[-39.0545,30.4696,125.173],[-39.0545,30.4696,125.173],[-78.3397,57.8857,111.145],[-95.38,74.9617,87.05],[-92.0652,79.5273,64.3366],[[[0.750947,0.603645,0.267752],[-0.231028,-0.139685,0.962868],[0.618632,-0.784921,0.0345631]],[[0.496421,0.834208,0.24013],[-0.366327,-0.0494709,0.92917],[0.787001,-0.549226,0.281034]],[[0.496421,0.834208,0.24013],[-0.709778,0.230796,0.665543],[0.499781,-0.500829,0.706675]],[[0.496421,0.834208,0.24013],[-0.856449,0.515791,-0.0213121],[-0.141636,-0.195079,0.970507]]],0],[261,[-0.0161995,-0.979396,-0.201301],26,58.8075,[-69.7573,43.0335,59.2775],[-85.1781,48.7319,71.2547],[-186.142,122.484,150.599],false,[-25.2511,49.31,129.222],[-63.6607,106.956,104.44],[-87.1956,85.0488,75.9448],[-87.5871,61.3764,71.0793],[-83.5459,44.8097,72.1421],[[[0.693556,0.16017,-0.702372],[0.496394,0.600322,0.627062],[0.522086,-0.783555,0.33685]],[[0.713205,0.129784,-0.688836],[-0.437325,0.85038,-0.292576],[0.547801,0.509912,0.663253]],[[0.713205,0.129784,-0.688836],[-0.700768,0.154728,-0.696407],[0.0161995,0.979396,0.201301]],[[0.713205,0.129784,-0.688836],[-0.659843,-0.207295,-0.722243],[-0.236528,0.969631,-0.0622071]]],1],[262,[-0.157251,-0.986208,-0.0516243],26,67.0064,[-65.8557,35.5496,55.1142],[-81.0036,41.2498,65.6584],[-201.228,116.462,143.941],false,[-16.2655,52.7445,121.535],[-45.7737,108.367,91.4863],[-77.3466,83.2879,65.077],[-81.8182,55.2437,63.609],[-79.7466,36.9137,67.1951],[[[0.662862,-0.051867,-0.746943],[0.617843,0.60141,0.506533],[0.422947,-0.797255,0.430697]],[[0.671523,-0.0684522,-0.737815],[-0.346392,0.851225,-0.394243],[0.655034,0.520317,0.547906]],[[0.671523,-0.0684522,-0.737815],[-0.724106,0.150689,-0.673026],[0.157251,0.986208,0.0516243]],[[0.671523,-0.0684522,-0.737815],[-0.732738,-0.209484,-0.647466],[-0.11024,0.975413,-0.190831]]],2],[263,[-0.286108,-0.958039,0.0173956],26,64.4285,[-54.6688,37.0652,52.928],[-67.6478,41.2357,59.9008],[-208.203,100.215,123.13],false,[-7.9529,53.3059,112.507],[-27.1431,102.98,79.5227],[-58.6911,81.4828,56.3098],[-66.6169,54.9432,56.7917],[-67.1016,36.9267,61.7175],[[[0.669403,-0.213813,-0.711466],[0.676791,0.570446,0.465345],[0.306357,-0.793017,0.526565]],[[0.668978,-0.212715,-0.712194],[-0.23216,0.850438,-0.472077],[0.706095,0.481153,0.51954]],[[0.668978,-0.212715,-0.712194],[-0.686011,0.192127,-0.701767],[0.286108,0.958039,-0.0173956]],[[0.668978,-0.212715,-0.712194],[-0.742829,-0.157889,-0.650597],[0.0259439,0.964274,-0.263635]]],3],[264,[-0.37035,0.736277,-0.566336],26,50.5107,[-23.3897,146.916,28.4139],[-31.5721,147.555,31.6152],[-187.038,26.276,55.1503],false,[-2.44417,47.8346,100.579],[-12.343,94.0018,66.9204],[-18.5707,124.469,50.0905],[-25.8143,138.87,39.0136],[-34.6523,149.204,28.4217],[[[0.579272,-0.395454,-0.712783],[0.797057,0.457929,0.393701],[0.170713,-0.796189,0.580465]],[[0.558438,-0.310727,-0.769153],[0.810633,0.401267,0.426448],[0.176127,-0.861646,0.475969]],[[0.558438,-0.310727,-0.769153],[0.742286,0.601119,0.296087],[0.37035,-0.736277,0.566336]],[[0.558438,-0.310727,-0.769153],[0.652108,0.737531,0.175506],[0.51274,-0.59958,0.614493]]],4]],[[0,200,0],[235.247,235.247,147.751]]],[102911,80893201200,[[26,"right",[-0.317217,0.883166,-0.34553],[-0.586265,-0.469008,-0.660549],[-38.488,84.8929,96.1079],[-88.9744,59.1888,73.1685],[-29.1997,83.8503,89.191],0.831573,0,0.531661,[[0.901331,-0.224291,-0.370535],[0.381916,0.815085,0.435633],[0.204309,-0.534163,0.820322]],63.72,[42.0201,-104.943,334.026],[-13.1434,39.2812,112.539]]],[[260,[-0.507447,0.502852,-0.699741],26,52.1164,[-84.0823,77.2394,64.1734],[-93.9277,80.6235,72.1914],[-142.531,68.698,91.9307],false,[-39.6403,30.9951,125.59],[-39.6403,30.9951,125.59],[-78.9298,58.6017,111.952],[-96.2315,75.7467,88.0939],[-93.308,80.336,65.3316],[[[0.762431,0.594631,0.255172],[-0.213934,-0.140527,0.966687],[0.610681,-0.791622,0.0200693]],[[0.503862,0.831921,0.232444],[-0.355834,-0.0452975,0.933451],[0.787087,-0.553042,0.273202]],[[0.503862,0.831921,0.232444],[-0.699014,0.23462,0.675524],[0.507447,-0.502852,0.699741]],[[0.503862,0.831921,0.232444],[-0.854704,0.51909,-0.00511453],[-0.124914,-0.196094,0.972596]]],0],[261,[-0.0298025,-0.978596,-0.203621],26,58.8075,[-70.9175,43.5234,60.287],[-86.5562,49.9429,72.6617],[-180.699,128.301,154.54],false,[-25.5591,49.6723,129.432],[-63.8149,107.812,105.584],[-88.1368,86.2701,77.4736],[-88.8571,62.6171,72.5521],[-84.9533,46.0104,73.4991],[[[0.681587,0.155152,-0.715099],[0.514824,0.592795,0.619314],[0.519995,-0.790267,0.324166]],[[0.701015,0.12475,-0.70215],[-0.433688,0.856169,-0.280872],[0.56612,0.50141,0.65429]],[[0.701015,0.12475,-0.70215],[-0.712523,0.163667,-0.682293],[0.0298025,0.978596,0.203621]],[[0.701015,0.12475,-0.70215],[-0.675553,-0.199288,-0.709868],[-0.228487,0.971968,-0.0554288]]],1],[262,[-0.167852,-0.984495,-0.0509528],26,67.0064,[-67.231,36.1332,56.199],[-82.5516,42.4278,66.9795],[-197.141,122.672,146.892],false,[-16.6867,53.0368,121.585],[-46.1665,109.076,92.292],[-78.5125,84.4319,66.4141],[-83.2856,56.4364,64.9652],[-81.3156,38.0801,68.4731],[[[0.647755,-0.0563881,-0.759759],[0.633935,0.592998,0.496468],[0.42254,-0.803227,0.419864]],[[0.656387,-0.0730491,-0.75088],[-0.3447,0.856297,-0.384627],[0.671072,0.511292,0.536882]],[[0.656387,-0.0730491,-0.75088],[-0.735515,0.159482,-0.65847],[0.167852,0.984495,0.0509528]],[[0.656387,-0.0730491,-0.75088],[-0.747106,-0.201244,-0.633509],[-0.104833,0.976813,-0.186669]]],2],[263,[-0.294594,-0.955382,0.021443],26,64.4285,[-56.4379,37.7064,54.0346],[-69.2922,42.2899,60.9916],[-205.127,106.954,124.589],false,[-8.54393,53.5404,112.4],[-27.8289,103.531,79.9537],[-60.0503,82.4637,57.2777],[-68.2111,55.9977,57.8717],[-68.7507,37.9807,62.7897],[[[0.653231,-0.218516,-0.724941],[0.69174,0.561546,0.45405],[0.307871,-0.798071,0.517976]],[[0.652877,-0.2176,-0.725535],[-0.231674,0.854581,-0.464777],[0.721164,0.47153,0.507524]],[[0.652877,-0.2176,-0.725535],[-0.697829,0.199739,-0.687851],[0.294594,0.955382,-0.021443]],[[0.652877,-0.2176,-0.725535],[-0.756913,-0.150897,-0.635856],[0.0288816,0.964303,-0.263222]]],3],[264,[-0.380513,0.737717,-0.557659],26,50.5107,[-25.1046,146.983,28.8884],[-33.1713,148.055,32.1312],[-190.978,35.3179,58.7635],false,[-3.32528,48.0515,100.35],[-13.372,94.4382,67.039],[-19.9216,124.907,50.3355],[-27.364,139.336,39.4284],[-36.3809,149.73,29.0472],[[[0.561138,-0.399175,-0.725109],[0.809385,0.447994,0.379734],[0.173264,-0.799975,0.574473]],[[0.539717,-0.312515,-0.78169],[0.821215,0.399752,0.407189],[0.18523,-0.861703,0.472395]],[[0.539717,-0.312515,-0.78169],[0.750943,0.598421,0.279243],[0.380513,-0.737717,0.557659]],[[0.539717,-0.312515,-0.78169],[0.659585,0.73397,0.161973],[0.523118,-0.603011,0.602267]]],4]],[[0,200,0],[235.247,235.247,147.751]]],[102912,80893210175,[[26,"right",[-0.314185,0.888691,-0.333939],[-0.605322,-0.4585,-0.650663],[-38.9946,85.3586,96.7994],[-80.0658,57.1869,74.2307],[-29.5296,83.9011,89.4472],0.852945,0,0.532402,[[0.894185,-0.237017,-0.37981],[0.397162,0.811507,0.428624],[0.206627,-0.534115,0.819772]],63.72,[41.9506,-104.844,333.783],[-13.8387,39.3674,112.444]]],[[260,[-0.511633,0.502437,-0.696985],26,52.1164,[-84.9031,77.4215,64.7174],[-94.7353,81.0306,72.9847],[-127.231,59.8809,87.556],false,[-40.1505,31.3093,126.002],[-40.1505,31.3093,126.002],[-79.44,59.0162,112.57],[-96.8844,76.1471,88.8057],[-94.1233,80.642,66.0044],[[[0.774402,0.584428,0.242374],[-0.195262,-0.143619,0.970179],[0.601809,-0.798635,0.00289781]],[[0.508839,0.83083,0.225401],[-0.348679,-0.040486,0.936367],[0.787087,-0.555052,0.269092]],[[0.508839,0.83083,0.225401],[-0.692326,0.23933,0.68074],[0.511633,-0.502437,0.696985]],[[0.508839,0.83083,0.225401],[-0.85274,0.522336,-0.000291007],[-0.117977,-0.19206,0.974266]]],0],[261,[-0.0450124,-0.977039,-0.208253],26,58.8075,[-72.3035,44.1588,61.5189],[-87.9225,51.1088,74.191],[-173.067,128.829,157.943],false,[-25.7777,49.8024,129.651],[-63.8521,108.51,106.93],[-89.018,87.4362,79.2115],[-90.106,63.8207,74.1779],[-86.3617,47.1688,74.9595],[[[0.668215,0.151469,-0.728386],[0.534465,0.583328,0.611617],[0.517529,-0.797989,0.308834]],[[0.687443,0.120963,-0.716094],[-0.429302,0.862994,-0.266349],[0.585766,0.49052,0.645189]],[[0.687443,0.120963,-0.716094],[-0.724842,0.175395,-0.666214],[0.0450124,0.977039,0.208253]],[[0.687443,0.120963,-0.716094],[-0.692385,-0.188377,-0.696504],[-0.219147,0.974619,-0.0457461]]],1],[262,[-0.179493,-0.98237,-0.0522557],26,67.0064,[-68.8925,36.8876,57.528],[-84.0997,43.5674,68.4053],[-190.353,123.68,149.315],false,[-17.0334,53.1105,121.638],[-46.4723,109.649,93.2784],[-79.6382,85.5331,67.9465],[-84.7423,57.5981,66.4605],[-82.8895,39.2058,69.8417],[[[0.631022,-0.0594124,-0.773487],[0.650973,0.582876,0.486302],[0.421955,-0.810386,0.406484]],[[0.639624,-0.0761808,-0.764904],[-0.34267,0.862474,-0.372445],[0.688083,0.500334,0.525554]],[[0.639624,-0.0761808,-0.764904],[-0.747438,0.170719,-0.642022],[0.179493,0.98237,0.0522557]],[[0.639624,-0.0761808,-0.764904],[-0.762338,-0.190504,-0.618505],[-0.098599,0.978726,-0.179926]]],2],[263,[-0.304224,-0.952314,0.0233466],26,64.4285,[-58.5136,38.5237,55.3456],[-70.9657,43.3232,62.1483],[-199.943,109.361,124.964],false,[-9.07931,53.5738,112.287],[-28.462,103.967,80.5276],[-61.3989,83.428,58.4009],[-69.8265,57.047,59.0476],[-70.4386,39.0163,63.9066],[[[0.635357,-0.221789,-0.739683],[0.707512,0.551012,0.442507],[0.309431,-0.804485,0.507008]],[[0.635062,-0.221021,-0.740166],[-0.230789,0.860138,-0.454862],[0.737179,0.459688,0.495231]],[[0.635062,-0.221021,-0.740166],[-0.710031,0.21035,-0.672018],[0.304224,0.952314,-0.0233466]],[[0.635062,-0.221021,-0.740166],[-0.771767,-0.14091,-0.620097],[0.0327577,0.965036,-0.260063]]],3],[264,[-0.390871,0.741001,-0.546019],26,50.5107,[-27.1086,147.148,29.5208],[-34.771,148.574,32.9479],[-189.806,42.0648,69.7043],false,[-4.17753,48.095,100.1],[-14.3843,94.7834,67.2626],[-21.2512,125.311,50.7946],[-28.8961,139.804,40.1151],[-38.0994,150.289,29.9926],[[[0.541207,-0.401383,-0.73891],[0.82226,0.436554,0.365115],[0.176023,-0.805178,0.566307]],[[0.519119,-0.312396,-0.795566],[0.832346,0.396274,0.387514],[0.194204,-0.863352,0.465735]],[[0.519119,-0.312396,-0.795566],[0.760089,0.594412,0.262562],[0.390871,-0.741001,0.546019]],[[0.519119,-0.312396,-0.795566],[0.667409,0.729636,0.148988],[0.53393,-0.60831,0.587263]]],4]],[[0,200,0],[235.247,235.247,147.751]]],[102913,80893218594,[[26,"right",[-0.316443,0.893272,-0.319264],[-0.614475,-0.449427,-0.64841],[-39.7187,85.7189,97.0449],[-81.6063,53.4551,62.5388],[-29.8645,83.9608,89.6969],0.868311,0,0.53583,[[0.893422,-0.237638,-0.381217],[0.398119,0.811951,0.426891],[0.208084,-0.533164,0.820023]],63.72,[41.7153,-104.462,333.224],[-14.4674,39.4924,111.818]]],[[260,[-0.517573,0.504755,-0.690899],26,52.1164,[-85.7141,77.5941,65.2213],[-95.641,81.1342,73.1331],[-121.696,47.4197,69.3416],false,[-40.6234,31.3251,125.61],[-40.6234,31.3251,125.61],[-80.0803,58.9466,112.496],[-97.7273,76.1566,88.9395],[-95.0294,80.7686,66.154],[[[0.778664,0.579909,0.239556],[-0.183321,-0.154869,0.970778],[0.600063,-0.799825,-0.0142817]],[[0.506289,0.831603,0.228274],[-0.344785,-0.0474289,0.937483],[0.79044,-0.553342,0.262711]],[[0.506289,0.831603,0.228274],[-0.689775,0.231646,0.685967],[0.517573,-0.504755,0.690899]],[[0.506289,0.831603,0.228274],[-0.854625,0.519232,0.00390812],[-0.115277,-0.197067,0.973589]]],0],[261,[-0.0494359,-0.974407,-0.219287],26,58.8075,[-73.6935,44.8188,62.7108],[-88.983,51.8549,74.6618],[-161.071,118.515,130.771],false,[-26.1657,49.744,129.298],[-64.3961,108.797,107.766],[-89.9678,88.1322,80.1106],[-91.1627,64.5804,74.8104],[-87.4327,47.9157,75.3522],[[[0.659302,0.158859,-0.734905],[0.543402,0.574858,0.611762],[0.51965,-0.802685,0.29268]],[[0.678505,0.128352,-0.723295],[-0.430527,0.867274,-0.249966],[0.595212,0.481001,0.643709]],[[0.678505,0.128352,-0.723295],[-0.73293,0.184544,-0.654795],[0.0494359,0.974407,0.219287]],[[0.678505,0.128352,-0.723295],[-0.701406,-0.17942,-0.68981],[-0.218312,0.975364,-0.0317106]]],1],[262,[-0.181668,-0.981448,-0.0612908],26,67.0064,[-70.5603,37.6746,58.7999],[-85.2307,44.3637,68.754],[-175.898,116.028,120.683],false,[-17.5159,53.1304,121.216],[-47.1875,110.065,93.9101],[-80.7256,86.3298,68.7091],[-85.8916,58.4209,66.9662],[-84.0181,39.9898,70.1163],[[[0.621085,-0.0513896,-0.782056],[0.658318,0.575676,0.484988],[0.425288,-0.816061,0.391375]],[[0.629742,-0.0682432,-0.773801],[-0.345368,0.867669,-0.357592],[0.695807,0.492436,0.522838]],[[0.629742,-0.0682432,-0.773801],[-0.755263,0.179172,-0.630456],[0.181668,0.981448,0.0612908]],[[0.629742,-0.0682432,-0.773801],[-0.770381,-0.182708,-0.610844],[-0.0996941,0.980796,-0.167632]]],2],[263,[-0.30463,-0.952315,0.0172163],26,64.4285,[-60.5121,39.3694,56.5247],[-72.1453,44.167,62.3639],[-184.289,107.008,98.7679],false,[-9.67949,53.69,111.771],[-29.3518,104.5,80.8655],[-62.6127,84.3088,58.9042],[-71.0516,57.9278,59.3811],[-71.599,39.8498,64.0692],[[[0.625494,-0.214169,-0.750259],[0.714232,0.544226,0.440103],[0.314054,-0.811141,0.493377]],[[0.625267,-0.213583,-0.750615],[-0.234227,0.866119,-0.441561],[0.744432,0.451908,0.491529]],[[0.625267,-0.213583,-0.750615],[-0.718499,0.217895,-0.660515],[0.30463,0.952315,-0.0172163]],[[0.625267,-0.213583,-0.750615],[-0.779861,-0.134898,-0.611245],[0.0292954,0.967567,-0.250912]]],3],[264,[-0.40188,0.744688,-0.532853],26,50.5107,[-29.1366,147.458,30.2172],[-36.5687,149.471,33.7876],[-197.163,59.1367,78.686],false,[-4.94371,48.3481,99.4583],[-15.4624,95.4482,67.3145],[-22.7415,126.082,51.225],[-30.6018,140.647,40.803],[-39.9753,151.217,30.9278],[[[0.530971,-0.393569,-0.750449],[0.827745,0.430475,0.359901],[0.181404,-0.812278,0.554345]],[[0.508063,-0.302788,-0.806344],[0.836357,0.397179,0.37783],[0.20586,-0.866354,0.455031]],[[0.508063,-0.302788,-0.806344],[0.761816,0.594777,0.256664],[0.40188,-0.744688,0.532853]],[[0.508063,-0.302788,-0.806344],[0.667939,0.729574,0.146896],[0.54381,-0.613222,0.572914]]],4]],[[0,200,0],[235.247,235.247,147.751]]],[102914,80893227398,[[26,"right",[-0.319509,0.898496,-0.301029],[-0.6235,-0.438565,-0.647231],[-40.6043,86.1229,97.1129],[-86.7221,51.4157,47.7664],[-30.2682,84.0421,89.9757],0.876341,0,0.543412,[[0.893923,-0.235807,-0.381178],[0.396161,0.813466,0.425828],[0.209662,-0.531665,0.820594]],63.72,[41.3907,-103.905,332.386],[-15.2181,39.6443,110.826]]],[[260,[-0.52704,0.512342,-0.678037],26,52.1164,[-86.6555,77.8117,65.774],[-96.8494,81.5616,73.4622],[-126.996,49.0658,62.6294],false,[-41.2006,31.2886,124.831],[-41.2006,31.2886,124.831],[-80.8594,58.9458,112.421],[-98.8291,76.4144,89.3025],[-96.3166,81.3036,66.5536],[[[0.782462,0.575278,0.238346],[-0.170734,-0.169894,0.97056],[0.598835,-0.80012,-0.0347158]],[[0.505702,0.830283,0.234299],[-0.336242,-0.0604175,0.939836],[0.794485,-0.554058,0.248623]],[[0.505702,0.830283,0.234299],[-0.683004,0.2194,0.696685],[0.52704,-0.512342,0.678037]],[[0.505702,0.830283,0.234299],[-0.856002,0.516709,0.016507],[-0.107359,-0.208908,0.972025]]],0],[261,[-0.0526479,-0.970964,-0.233359],26,58.8075,[-75.2828,45.5983,63.9923],[-90.1599,52.6664,74.8821],[-153.693,111.3,101.72],false,[-26.6729,49.6324,128.617],[-65.1101,109.055,108.518],[-91.0733,88.8607,80.8804],[-92.3458,65.3921,75.24],[-88.6079,48.7222,75.4865],[[[0.64978,0.169692,-0.740939],[0.552106,0.564628,0.613493],[0.52246,-0.807712,0.273196]],[[0.668961,0.139208,-0.730145],[-0.432763,0.871589,-0.230323],[0.604324,0.470057,0.643303]],[[0.668961,0.139208,-0.730145],[-0.74143,0.194548,-0.642209],[0.0526479,0.970964,0.233359]],[[0.668961,0.139208,-0.730145],[-0.710372,-0.169386,-0.68314],[-0.218775,0.975669,-0.0144233]]],1],[262,[-0.183175,-0.980299,-0.073899],26,67.0064,[-72.4736,38.6149,60.1399],[-86.5022,45.2651,68.8038],[-167.497,112.221,89.0212],false,[-18.126,53.1364,120.475],[-48.0835,110.523,94.4587],[-81.983,87.2295,69.329],[-87.1919,59.3533,67.2276],[-85.2845,40.8764,70.0748],[[[0.610687,-0.039751,-0.790874],[0.665348,0.567318,0.485245],[0.429388,-0.822539,0.372902]],[[0.619417,-0.0567152,-0.783011],[-0.348836,0.873633,-0.339233],[0.703304,0.483269,0.521359]],[[0.619417,-0.0567152,-0.783011],[-0.763393,0.189202,-0.617603],[0.183175,0.980299,0.073899]],[[0.619417,-0.0567152,-0.783011],[-0.778473,-0.173324,-0.603273],[-0.1015,0.98323,-0.151511]]],2],[263,[-0.305282,-0.952238,0.00669906],26,64.4285,[-62.7252,40.3845,57.6569],[-73.5076,45.1745,62.2359],[-176.596,109.336,67.3542],false,[-10.4137,53.836,110.938],[-30.4278,105.145,81.0948],[-64.0103,85.3764,59.2385],[-72.4672,58.9974,59.4241],[-72.9568,40.8525,63.8528],[[[0.615313,-0.203014,-0.761693],[0.720627,0.536518,0.439141],[0.31951,-0.819105,0.476424]],[[0.61514,-0.202571,-0.76195],[-0.23803,0.873616,-0.424425],[0.751628,0.442448,0.489178]],[[0.61514,-0.202571,-0.76195],[-0.726915,0.228489,-0.647601],[0.305282,0.952238,-0.00669906]],[[0.61514,-0.202571,-0.76195],[-0.787983,-0.125839,-0.602701],[0.0262066,0.971149,-0.237031]]],3],[264,[-0.412768,0.750124,-0.51666],26,50.5107,[-31.4564,148.005,31.0677],[-38.5763,150.655,34.7034],[-206.14,79.8359,86.4169],false,[-5.84676,48.6831,98.4822],[-16.7289,96.2925,67.2219],[-24.4315,127.079,51.629],[-32.5047,141.75,41.5237],[-42.0421,152.442,31.9402],[[[0.520574,-0.382291,-0.76345],[0.832936,0.423923,0.355678],[0.187672,-0.821062,0.539107]],[[0.496861,-0.289972,-0.817952],[0.840045,0.39729,0.369438],[0.217837,-0.870676,0.440987]],[[0.496861,-0.289972,-0.817952],[0.763382,0.594332,0.253016],[0.412768,-0.750124,0.51666]],[[0.496861,-0.289972,-0.817952],[0.668562,0.728834,0.147736],[0.553312,-0.620256,0.555993]]],4]],[[0,200,0],[235.247,235.247,147.751]]],[102915,80893235966,[[26,"right",[-0.321189,0.901561,-0.289873],[-0.629057,-0.431916,-0.646326],[-41.1432,86.3687,97.1542],[-80.4482,45.4322,36.4602],[-30.7018,84.1349,90.262],0.878938,0,0.546293,[[0.894232,-0.234549,-0.381229],[0.394871,0.814451,0.425144],[0.210775,-0.530713,0.820924]],63.72,[41.224,-103.55,331.868],[-15.6853,39.7428,110.219]]],[[260,[-0.533673,0.517325,-0.669005],26,52.1164,[-87.6195,78.0475,66.3234],[-97.6564,81.8575,73.7086],[-120.081,46.8497,55.8191],false,[-41.561,31.2733,124.353],[-41.561,31.2733,124.353],[-81.3446,58.9556,112.407],[-99.5405,76.5941,89.5966],[-97.225,81.7023,66.8749],[[[0.784829,0.5724,0.237492],[-0.163044,-0.179007,0.970244],[0.59788,-0.800197,-0.0471631]],[[0.505591,0.829307,0.237966],[-0.33044,-0.068655,0.941327],[0.796986,-0.55456,0.239325]],[[0.505591,0.829307,0.237966],[-0.677916,0.211247,0.704134],[0.533673,-0.517325,0.669005]],[[0.505591,0.829307,0.237966],[-0.857081,0.514403,0.0283023],[-0.0989392,-0.218266,0.970861]]],0],[261,[-0.0541156,-0.96894,-0.241302],26,58.8075,[-76.8748,46.3952,65.2333],[-90.8476,53.1565,75.0499],[-134.396,96.948,79.7506],false,[-26.9882,49.5694,128.196],[-65.5375,109.21,108.975],[-91.739,89.2969,81.3574],[-93.047,65.8772,75.525],[-89.2932,49.2093,75.6049],[[[0.643925,0.176262,-0.744509],[0.557496,0.558348,0.614366],[0.523984,-0.810666,0.261268]],[[0.663075,0.145814,-0.734214],[-0.434038,0.87402,-0.218405],[0.609871,0.463496,0.642829]],[[0.663075,0.145814,-0.734214],[-0.746595,0.199734,-0.634589],[0.0541156,0.96894,0.241302]],[[0.663075,0.145814,-0.734214],[-0.715585,-0.164408,-0.678902],[-0.219704,0.975555,-0.00467305]]],1],[262,[-0.184165,-0.979516,-0.0814398],26,67.0064,[-74.3851,39.5778,61.4087],[-87.2733,45.8192,68.8498],[-147.262,99.7083,66.4987],false,[-18.5043,53.1444,120.019],[-48.6236,110.799,94.793],[-82.7477,87.7807,69.7132],[-87.9847,59.9268,67.3974],[-86.0564,41.4251,70.0629],[[[0.604259,-0.0326675,-0.796118],[0.669702,0.562175,0.48524],[0.431706,-0.826373,0.361577]],[[0.613033,-0.0497029,-0.788492],[-0.350682,0.877198,-0.327941],[0.707963,0.477549,0.520322]],[[0.613033,-0.0497029,-0.788492],[-0.768292,0.195138,-0.609629],[0.184165,0.979516,0.0814398]],[[0.613033,-0.0497029,-0.788492],[-0.783365,-0.167864,-0.598466],[-0.102614,0.984556,-0.141842]]],2],[263,[-0.305801,-0.952095,0.000430484],26,64.4285,[-64.8269,41.3977,58.6332],[-74.3353,45.8014,62.1741],[-155.935,100.276,46.9663],false,[-10.8686,53.9292,110.427],[-31.0806,105.535,81.2365],[-64.8655,86.0434,59.4436],[-73.3368,59.6684,59.4555],[-73.789,41.4859,63.7313],[[[0.608986,-0.196205,-0.768531],[0.724583,0.531775,0.4384],[0.322669,-0.823844,0.46601]],[[0.60887,-0.195909,-0.768698],[-0.239787,0.878241,-0.413757],[0.756161,0.436249,0.487758]],[[0.60887,-0.195909,-0.768698],[-0.731958,0.234806,-0.639611],[0.305801,0.952095,-0.000430484]],[[0.60887,-0.195909,-0.768698],[-0.792901,-0.120735,-0.59727],[0.0242014,0.973161,-0.228848]]],3],[264,[-0.422086,0.75155,-0.506967],26,50.5107,[-33.68,148.591,31.8882],[-39.9813,151.266,35.2237],[-196.149,77.6561,80.6111],false,[-6.40643,48.8918,97.8865],[-17.5012,96.8049,67.1698],[-25.5901,127.63,51.8506],[-33.8456,142.329,41.9349],[-43.5131,153.065,32.5336],[[[0.514089,-0.375386,-0.771231],[0.836123,0.419896,0.352966],[0.191339,-0.8263,0.529733]],[[0.489737,-0.28157,-0.825152],[0.841324,0.400939,0.362521],[0.228761,-0.87176,0.433246]],[[0.489737,-0.28157,-0.825152],[0.76289,0.596566,0.249215],[0.422086,-0.75155,0.506967]],[[0.489737,-0.28157,-0.825152],[0.66752,0.729915,0.147109],[0.560869,-0.622851,0.54542]]],4]],[[0,200,0],[235.247,235.247,147.751]]],[102916,80893244917,[[26,"right",[-0.3204,0.906241,-0.275811],[-0.63402,-0.421483,-0.64836],[-41.8919,86.6332,97.2652],[-81.321,41.089,29.8839],[-31.2134,84.2491,90.5821],0.878717,0,0.556032,[[0.89566,-0.230143,-0.380563],[0.390447,0.816615,0.425078],[0.212944,-0.529314,0.821268]],63.72,[41.0088,-103.147,331.293],[-16.4862,39.7675,109.551]]],[[260,[-0.538899,0.526243,-0.657766],26,52.1164,[-88.7157,78.3489,66.9166],[-98.7042,82.4039,73.944],[-121.98,52.9907,50.4639],false,[-42.3018,31.1774,123.722],[-42.3018,31.1774,123.722],[-82.1398,59.003,112.301],[-100.514,76.9456,89.8741],[-98.4109,82.4031,67.2131],[[[0.787779,0.567048,0.240543],[-0.157847,-0.191631,0.968691],[0.595389,-0.801084,-0.061456]],[[0.506628,0.826319,0.24602],[-0.326198,-0.080428,0.941874],[0.798075,-0.55743,0.228796]],[[0.506628,0.826319,0.24602],[-0.672991,0.200663,0.711911],[0.538899,-0.526243,0.657766]],[[0.506628,0.826319,0.24602],[-0.85747,0.512659,0.0438896],[-0.0898577,-0.23319,0.968271]]],0],[261,[-0.0558913,-0.966015,-0.25237],26,58.8075,[-78.6133,47.2927,66.5097],[-91.7136,53.8272,75.085],[-123.926,90.3973,58.8696],false,[-27.6565,49.3811,127.725],[-66.1535,109.378,109.536],[-92.5574,89.879,81.816],[-93.9083,66.53,75.7161],[-90.1529,49.8627,75.5867],[[[0.640033,0.184559,-0.745853],[0.562622,0.548525,0.618528],[0.523273,-0.815511,0.247237]],[[0.658993,0.154196,-0.736174],[-0.43361,0.877629,-0.204326],[0.614581,0.453862,0.645213]],[[0.658993,0.154196,-0.736174],[-0.75007,0.207455,-0.627979],[0.0558913,0.966015,0.25237]],[[0.658993,0.154196,-0.736174],[-0.719317,-0.156817,-0.67675],[-0.219797,0.975516,0.00757438]]],1],[262,[-0.186947,-0.977935,-0.0932382],26,67.0064,[-76.4684,40.6693,62.6611],[-88.2712,46.5944,68.7104],[-137.704,96.0165,43.6174],false,[-19.2109,53.0433,119.547],[-49.3187,111.113,95.2772],[-83.6563,88.5357,70.0882],[-88.9724,60.7268,67.4368],[-87.0667,42.1882,69.8509],[[[0.59949,-0.0235493,-0.800035],[0.674079,0.553792,0.488806],[0.431542,-0.832322,0.347867]],[[0.608258,-0.0407003,-0.792695],[-0.350028,0.882579,-0.313902],[0.712392,0.468399,0.52259]],[[0.608258,-0.0407003,-0.792695],[-0.77141,0.204904,-0.602446],[0.186947,0.977935,0.0932382]],[[0.608258,-0.0407003,-0.792695],[-0.787235,-0.158528,-0.595928],[-0.10141,0.986515,-0.128466]]],2],[263,[-0.308329,-0.951223,-0.0103465],26,64.4285,[-66.9956,42.5214,59.479],[-75.3775,46.6563,61.9542],[-145.705,99.4174,26.6091],false,[-11.6293,53.9369,109.922],[-31.87,105.985,81.5478],[-65.8484,86.9285,59.6712],[-74.3897,60.5777,59.3846],[-74.8521,42.3434,63.4327],[[[0.603929,-0.187455,-0.774681],[0.7286,0.52388,0.441238],[0.323127,-0.830909,0.452966]],[[0.603873,-0.187312,-0.774759],[-0.238732,0.884872,-0.40001],[0.760489,0.426515,0.489634]],[[0.603873,-0.187312,-0.774759],[-0.735031,0.245129,-0.632172],[0.308329,0.951223,0.0103465]],[[0.603873,-0.187312,-0.774759],[-0.796696,-0.111664,-0.593975],[0.0247464,0.975933,-0.216662]]],3],[264,[-0.42799,0.756277,-0.494844],26,50.5107,[-35.8717,149.303,32.7969],[-41.3021,152.154,36.0972],[-183.525,84.0249,86.1812],false,[-7.25466,49.057,97.2881],[-18.3974,97.4093,67.2851],[-26.7616,128.352,52.3565],[-35.1325,143.144,42.6779],[-44.872,153.995,33.4857],[[[0.508525,-0.36633,-0.779233],[0.83933,0.412865,0.353649],[0.192166,-0.833873,0.517424]],[[0.483832,-0.270734,-0.832232],[0.842586,0.401136,0.359358],[0.236548,-0.875096,0.422199]],[[0.483832,-0.270734,-0.832232],[0.763368,0.595608,0.25004],[0.42799,-0.756277,0.494844]],[[0.483832,-0.270734,-0.832232],[0.668311,0.728266,0.151622],[0.565037,-0.629549,0.533293]]],4]],[[0,200,0],[235.247,235.247,147.751]]],[102917,80893253306,[[26,"right",[-0.318571,0.91038,-0.264046],[-0.637082,-0.411899,-0.65151],[-42.5309,86.9078,97.3663],[-79.9887,38.9308,25.2707],[-31.7416,84.3731,90.8987],0.878631,0,0.562323,[[0.897339,-0.225024,-0.379666],[0.385392,0.818732,0.425619],[0.21507,-0.528245,0.821402]],63.72,[40.8434,-102.8,330.797],[-17.2256,39.8265,109.018]]],[[260,[-0.542801,0.53416,-0.648105],26,52.1164,[-89.8196,78.685,67.4789],[-99.6281,82.9368,74.0347],[-122.072,58.1455,43.545],false,[-43.0252,31.1414,123.16],[-43.0252,31.1414,123.16],[-82.8887,59.0832,112.118],[-101.396,77.2958,90.0208],[-99.4803,83.093,67.4276],[[[0.790096,0.561886,0.245017],[-0.155631,-0.202737,0.966787],[0.592898,-0.801986,-0.0727344]],[[0.506881,0.823647,0.254317],[-0.324551,-0.0909695,0.941484],[0.798585,-0.559759,0.221205]],[[0.506881,0.823647,0.254317],[-0.669656,0.190468,0.717832],[0.542801,-0.53416,0.648105]],[[0.506881,0.823647,0.254317],[-0.858122,0.510144,0.0581437],[-0.0818483,-0.247707,0.965372]]],0],[261,[-0.0580448,-0.963113,-0.262761],26,58.8075,[-80.2877,48.1928,67.657],[-92.4447,54.4963,74.9888],[-114.539,87.3559,40.4352],false,[-28.3161,49.2542,127.338],[-66.6916,109.573,109.978],[-93.2253,90.47,82.1067],[-94.6283,67.1911,75.7557],[-90.8926,50.5219,75.4396],[[[0.638429,0.191629,-0.745444],[0.565966,0.539491,0.623403],[0.521623,-0.819895,0.235972]],[[0.657238,0.161252,-0.736231],[-0.431978,0.881067,-0.192656],[0.617602,0.444657,0.648728]],[[0.657238,0.161252,-0.736231],[-0.751444,0.215431,-0.623635],[0.0580448,0.963113,0.262761]],[[0.657238,0.161252,-0.736231],[-0.721271,-0.148817,-0.676478],[-0.218647,0.975629,0.018498]]],1],[262,[-0.189263,-0.976428,-0.10377],26,67.0064,[-78.4266,41.7494,63.723],[-89.0613,47.343,68.5043],[-126.684,94.146,25.6543],false,[-19.8833,52.9897,119.18],[-49.8927,111.43,95.692],[-84.3694,89.2597,70.3327],[-89.7513,61.4936,67.3819],[-87.87,42.9264,69.5858],[[[0.597132,-0.0157002,-0.801989],[0.677067,0.54599,0.493431],[0.430131,-0.837644,0.336659]],[[0.605871,-0.0329613,-0.79488],[-0.348279,0.887322,-0.302259],[0.715277,0.45997,0.526123]],[[0.605871,-0.0329613,-0.79488],[-0.772722,0.213312,-0.597828],[0.189263,0.976428,0.10377]],[[0.605871,-0.0329613,-0.79488],[-0.789239,-0.150633,-0.595325],[-0.100112,0.98804,-0.117278]]],2],[263,[-0.311415,-0.950045,-0.0208492],26,64.4285,[-68.9212,43.6154,60.0845],[-76.2163,47.5066,61.6836],[-135.01,100.975,10.1564],false,[-12.3267,53.9766,109.544],[-32.4981,106.417,81.8521],[-66.6176,87.8133,59.8063],[-75.2444,61.4952,59.2287],[-75.7337,43.2181,63.076],[[[0.601171,-0.179909,-0.778605],[0.731366,0.516493,0.445353],[0.322021,-0.837178,0.44208]],[[0.601198,-0.17998,-0.778568],[-0.235381,0.891194,-0.387774],[0.763647,0.416389,0.49342]],[[0.601198,-0.17998,-0.778568],[-0.735922,0.254992,-0.627214],[0.311415,0.950045,0.0208492]],[[0.601198,-0.17998,-0.778568],[-0.798671,-0.103408,-0.592817],[0.0261855,0.97822,-0.205914]]],3],[264,[-0.432321,0.759909,-0.485424],26,50.5107,[-37.7073,150.005,33.637],[-42.3271,152.937,36.8526],[-168.522,86.6575,87.7169],false,[-8.00226,49.2355,96.8405],[-19.0912,97.9743,67.4491],[-27.7015,128.993,52.821],[-36.1572,143.856,43.3267],[-45.9333,154.809,34.2955],[[[0.505239,-0.358444,-0.785017],[0.841524,0.406217,0.356125],[0.191237,-0.840539,0.506876]],[[0.480464,-0.26142,-0.837146],[0.84253,0.402622,0.357825],[0.24351,-0.877243,0.4137]],[[0.480464,-0.26142,-0.837146],[0.763055,0.595145,0.252091],[0.432321,-0.759909,0.485424]],[[0.480464,-0.26142,-0.837146],[0.668936,0.726541,0.157042],[0.567167,-0.635451,0.523951]]],4]],[[0,200,0],[235.247,235.247,147.751]]],[102918,80893261926,[[26,"right",[-0.31872,0.914005,-0.251021],[-0.63855,-0.402766,-0.655769],[-43.8268,88.1695,97.6825],[-98.6109,67.3658,28.2912],[-32.404,84.5813,91.2706],0.878244,0,0.56629,[[0.899071,-0.216597,-0.380468],[0.379083,0.819889,0.429043],[0.219012,-0.52997,0.819247]],63.72,[40.6155,-102.167,329.84],[-18.5178,40.9245,108.643]]],[[260,[-0.546041,0.54147,-0.639256],26,52.1164,[-91.1456,79.2042,68.0961],[-101.128,84.3668,74.2551],[-137.692,88.562,40.7197],false,[-44.2929,32.0581,122.718],[-44.2929,32.0581,122.718],[-84.2219,60.0461,112.035],[-102.839,78.5079,90.2395],[-101.076,84.6683,67.7302],[[[0.790815,0.558201,0.251045],[-0.153788,-0.215788,0.964254],[0.592419,-0.801154,-0.084804]],[[0.505119,0.821548,0.264413],[-0.324064,-0.103408,0.940367],[0.799898,-0.560684,0.214]],[[0.505119,0.821548,0.264413],[-0.668351,0.17852,0.722106],[0.546041,-0.54147,0.639256]],[[0.505119,0.821548,0.264413],[-0.859755,0.505738,0.0710673],[-0.0753385,-0.263228,0.961787]]],0],[261,[-0.0570772,-0.959978,-0.274197],26,58.8075,[-82.1622,49.3275,68.8203],[-93.7083,56.0534,75.0357],[-123.012,111.56,31.067],false,[-29.5679,50.1067,127.112],[-67.953,110.671,110.649],[-94.5348,91.9265,82.5807],[-95.9144,68.7234,75.9533],[-92.149,52.0659,75.437],[[[0.637021,0.201488,-0.744047],[0.567431,0.530756,0.629539],[0.521752,-0.823226,0.223772]],[[0.655806,0.171031,-0.7353],[-0.432551,0.883396,-0.18031],[0.618723,0.436303,0.653316]],[[0.655806,0.171031,-0.7353],[-0.752769,0.221789,-0.619798],[0.0570772,0.959978,0.274197]],[[0.655806,0.171031,-0.7353],[-0.722045,-0.142234,-0.677067],[-0.220384,0.974945,0.0302138]]],1],[262,[-0.189123,-0.97507,-0.116068],26,67.0064,[-80.5567,43.102,64.7215],[-90.3857,49.0155,68.4131],[-134.081,120.498,15.7355],false,[-21.1499,53.9495,118.988],[-51.1818,112.715,96.3561],[-85.7204,90.9101,70.7652],[-91.0984,63.1827,67.4646],[-89.1987,44.5904,69.4287],[[[0.595526,-0.0050379,-0.80332],[0.678276,0.538977,0.499446],[0.430455,-0.842306,0.324392]],[[0.604271,-0.022396,-0.796464],[-0.348421,0.89154,-0.289413],[0.716561,0.452388,0.530928]],[[0.604271,-0.022396,-0.796464],[-0.774009,0.220766,-0.593442],[0.189123,0.97507,0.116068]],[[0.604271,-0.022396,-0.796464],[-0.79034,-0.14367,-0.595585],[-0.101089,0.989372,-0.104516]]],2],[263,[-0.311938,-0.949526,-0.0330831],26,64.4285,[-70.946,45.026,60.5693],[-77.5803,49.3123,61.5449],[-142.005,130.458,2.271],false,[-13.6121,55.0642,109.351],[-33.817,107.884,82.4146],[-68.0065,89.6665,60.1557],[-76.6479,63.3627,59.2392],[-77.1217,45.0377,62.853],[[[0.599543,-0.169551,-0.782177],[0.732466,0.510114,0.450863],[0.322555,-0.84323,0.430026]],[[0.599613,-0.169736,-0.782083],[-0.234325,0.897184,-0.37437],[0.765216,0.407739,0.49819]],[[0.599613,-0.169736,-0.782083],[-0.736993,0.263799,-0.622296],[0.311938,0.949526,0.0330831]],[[0.599613,-0.169736,-0.782083],[-0.799888,-0.0961405,-0.592399],[0.0253615,0.980789,-0.193417]]],3],[264,[-0.439096,0.762461,-0.475235],26,50.5107,[-39.6909,151.038,34.5983],[-44.1962,154.761,37.9284],[-182.308,119.624,97.7456],false,[-9.31496,50.4944,96.5761],[-20.4422,99.6322,67.8716],[-29.4218,130.699,53.5715],[-38.01,145.612,44.2765],[-47.8495,156.649,35.4179],[[[0.503524,-0.347946,-0.790821],[0.8424,0.401018,0.359926],[0.191899,-0.847419,0.495031]],[[0.478426,-0.249288,-0.842],[0.840605,0.407315,0.357041],[0.253953,-0.878607,0.404423]],[[0.478426,-0.249288,-0.842],[0.760463,0.597083,0.25532],[0.439096,-0.762461,0.475235]],[[0.478426,-0.249288,-0.842],[0.667267,0.726529,0.164041],[0.570844,-0.640321,0.513932]]],4]],[[0,200,0],[235.247,235.247,147.751]]],[102919,80893270615,[[26,"right",[-0.316607,0.916923,-0.242925],[-0.638472,-0.3954,-0.660312],[-45.1123,89.6303,98.0161],[-111.758,94.2165,30.9837],[-33.2393,84.9131,91.7139],0.878357,0,0.568509,[[0.899695,-0.209455,-0.382984],[0.374981,0.819991,0.432439],[0.223467,-0.532676,0.816284]],63.72,[40.4261,-101.586,328.966],[-19.9099,42.2359,108.57]]],[[260,[-0.546222,0.546743,-0.634597],26,52.1164,[-92.709,79.962,68.7479],[-102.542,85.9913,74.3123],[-145.905,116.273,33.1806],false,[-45.7206,33.2896,122.528],[-45.7206,33.2896,122.528],[-85.6298,61.3388,111.932],[-104.254,79.9803,90.2953],[-102.555,86.4013,67.8539],[[[0.791571,0.554291,0.257249],[-0.155475,-0.22444,0.962005],[0.590967,-0.801491,-0.0914818]],[[0.503725,0.819709,0.272652],[-0.3272,-0.111063,0.938406],[0.799501,-0.56191,0.212263]],[[0.503725,0.819709,0.272652],[-0.669255,0.170734,0.723151],[0.546222,-0.546743,0.634597]],[[0.503725,0.819709,0.272652],[-0.860812,0.502798,0.0787231],[-0.0725587,-0.274356,0.958887]]],0],[261,[-0.0570701,-0.957724,-0.281971],26,58.8075,[-84.2062,50.7307,69.9624],[-94.9519,57.8009,75.0647],[-128.534,135.125,23.5861],false,[-30.9663,51.2677,127.108],[-69.2116,112.058,111.16],[-95.7832,93.6066,82.8883],[-97.1627,70.458,76.073],[-93.3981,53.8045,75.4351],[[[0.63839,0.207146,-0.741315],[0.567637,0.523767,0.635182],[0.519852,-0.826292,0.216784]],[[0.657084,0.176606,-0.732838],[-0.430948,0.885644,-0.172971],[0.618486,0.429471,0.65805]],[[0.657084,0.176606,-0.732838],[-0.751654,0.227102,-0.619226],[0.05707,0.957724,0.281971]],[[0.657084,0.176606,-0.732838],[-0.720897,-0.136939,-0.679378],[-0.220336,0.974709,0.0373343]]],1],[262,[-0.190198,-0.973773,-0.12486],26,67.0064,[-82.7909,44.7362,65.6241],[-91.6675,50.8385,68.3548],[-137.98,144.247,9.5299],false,[-22.5301,55.1693,119.032],[-52.4177,114.202,96.9085],[-86.967,92.7083,71.0696],[-92.3756,65.0177,67.519],[-90.4953,46.4077,69.3273],[[[0.59657,0.00126161,-0.80256],[0.678668,0.532979,0.505315],[0.428385,-0.846127,0.317103]],[[0.605271,-0.0161754,-0.795855],[-0.346217,0.894926,-0.281498],[0.716784,0.445921,0.536073]],[[0.605271,-0.0161754,-0.795855],[-0.772963,0.226944,-0.592474],[0.190198,0.973773,0.12486]],[[0.605271,-0.0161754,-0.795855],[-0.789706,-0.137872,-0.597793],[-0.100057,0.990318,-0.0962238]]],2],[263,[-0.313475,-0.948667,-0.0420092],26,64.4285,[-72.9899,46.727,60.953],[-78.8687,51.205,61.4913],[-144.156,154.204,-0.44649],false,[-14.9776,56.3587,109.416],[-35.044,109.466,82.9452],[-69.2522,91.573,60.453],[-77.9361,65.293,59.2893],[-78.4304,46.9387,62.7486],[[[0.600239,-0.163449,-0.782942],[0.732866,0.504463,0.456535],[0.320345,-0.847822,0.422584]],[[0.600337,-0.163709,-0.782812],[-0.231088,0.901563,-0.365764],[0.765633,0.40048,0.50341]],[[0.600337,-0.163709,-0.782812],[-0.73575,0.270612,-0.620839],[0.313475,0.948667,0.0420092]],[[0.600337,-0.163709,-0.782812],[-0.799309,-0.0904403,-0.594075],[0.0264579,0.982354,-0.185149]]],3],[264,[-0.442309,0.7641,-0.46959],26,50.5107,[-41.6916,152.343,35.5878],[-45.7279,156.542,38.7524],[-181.174,142.425,96.9622],false,[-10.6725,51.8995,96.6042],[-21.6663,101.324,68.3434],[-30.9061,132.391,54.2108],[-39.5571,147.336,45.0262],[-49.3966,158.449,36.2638],[[[0.503884,-0.341566,-0.793369],[0.842707,0.396001,0.36473],[0.189595,-0.852359,0.487379]],[[0.478812,-0.241549,-0.844034],[0.838126,0.411931,0.357573],[0.261312,-0.878617,0.399686]],[[0.478812,-0.241549,-0.844034],[0.758355,0.598169,0.259021],[0.442309,-0.7641,0.46959]],[[0.478812,-0.241549,-0.844034],[0.66699,0.725218,0.170832],[0.570844,-0.644758,0.508354]]],4]],[[0,200,0],[235.247,235.247,147.751]]],[102920,80893279243,[[26,"right",[-0.315056,0.919149,-0.236441],[-0.636846,-0.389456,-0.665395],[-46.0003,90.472,98.2025],[-109.415,95.102,28.501],[-34.2065,85.3344,92.2057],0.877398,0,0.571751,[[0.901286,-0.202157,-0.383166],[0.369278,0.820973,0.435474],[0.226535,-0.533982,0.814583]],63.72,[40.2923,-101.204,328.385],[-20.8721,42.9706,108.448]]],[[260,[-0.546002,0.550628,-0.63142],26,52.1164,[-94.3894,80.8463,69.3659],[-103.522,86.9132,74.1372],[-138.755,115.088,20.556],false,[-46.7325,33.9355,122.256],[-46.7325,33.9355,122.256],[-86.635,61.9897,111.648],[-105.251,80.7637,90.1196],[-103.59,87.42,67.7441],[[[0.791294,0.551462,0.26409],[-0.158557,-0.232072,0.959689],[0.59052,-0.801269,-0.0961993]],[[0.500955,0.818676,0.280739],[-0.331746,-0.117961,0.935965],[0.799368,-0.56201,0.2125]],[[0.500955,0.818676,0.280739],[-0.671511,0.163029,0.722838],[0.546002,-0.550628,0.63142]],[[0.500955,0.818676,0.280739],[-0.862557,0.498877,0.0843613],[-0.0709896,-0.284414,0.956069]]],0],[261,[-0.0547992,-0.956056,-0.288019],26,58.8075,[-86.2256,52.2118,70.9884],[-95.6927,58.8331,74.9275],[-117.176,130.497,13.2401],false,[-31.9759,51.8623,127.026],[-70.1187,112.815,111.455],[-96.6009,94.5734,82.9645],[-97.9254,71.4651,76.003],[-94.1301,54.822,75.2826],[[[0.640793,0.212549,-0.737704],[0.566202,0.518088,0.641093],[0.518459,-0.828497,0.211642]],[[0.659419,0.181948,-0.729425],[-0.430362,0.886918,-0.167826],[0.616404,0.424585,0.663154]],[[0.659419,0.181948,-0.729425],[-0.749775,0.229897,-0.620471],[0.0547992,0.956056,0.288019]],[[0.659419,0.181948,-0.729425],[-0.718207,-0.134231,-0.68276],[-0.222138,0.974103,0.0421619]]],1],[262,[-0.190092,-0.972737,-0.132841],26,67.0064,[-84.8995,46.4041,66.342],[-92.4633,51.9614,68.1181],[-126.194,140.497,-0.439046],false,[-23.512,55.8213,119.006],[-53.2803,115.059,97.2721],[-87.773,93.8111,71.1555],[-93.1786,66.15,67.378],[-91.303,47.5271,69.0545],[[[0.598972,0.00720491,-0.800738],[0.677629,0.528248,0.511637],[0.426674,-0.84906,0.311524]],[[0.607637,-0.0102927,-0.794148],[-0.344494,0.89754,-0.27522],[0.715612,0.440814,0.541833]],[[0.607637,-0.0102927,-0.794148],[-0.77113,0.23168,-0.593028],[0.190092,0.972737,0.132841]],[[0.607637,-0.0102927,-0.794148],[-0.787918,-0.133471,-0.601141],[-0.0998085,0.990999,-0.0892118]]],2],[263,[-0.313792,-0.948164,-0.0501986],26,64.4285,[-74.8097,48.4031,61.1865],[-79.6532,52.3987,61.2869],[-130.422,150.4,-6.90733],false,[-15.9297,57.0816,109.423],[-35.8691,110.42,83.3228],[-70.0365,92.7843,60.5669],[-78.7291,66.5182,59.1763],[-79.2279,48.1397,62.5041],[[[0.602434,-0.157662,-0.782442],[0.731948,0.500078,0.46279],[0.318317,-0.851508,0.416664]],[[0.60256,-0.157999,-0.782277],[-0.228307,0.905116,-0.358666],[0.764721,0.394717,0.509314]],[[0.60256,-0.157999,-0.782277],[-0.733796,0.27572,-0.620904],[0.313792,0.948164,0.0501986]],[[0.60256,-0.157999,-0.782277],[-0.797627,-0.0864404,-0.596925],[0.0266933,0.983648,-0.17811]]],3],[264,[-0.44492,0.764953,-0.465718],26,50.5107,[-43.5058,153.636,36.4997],[-46.803,157.641,39.3466],[-166.369,138.431,89.3062],false,[-11.5903,52.7222,96.5882],[-22.455,102.384,68.6957],[-31.9468,133.424,54.6724],[-40.6489,148.386,45.5635],[-50.4743,159.563,36.866],[[[0.505951,-0.335601,-0.794598],[0.841966,0.392261,0.370439],[0.18737,-0.856448,0.481029]],[[0.480962,-0.234575,-0.844778],[0.834635,0.41752,0.359252],[0.268441,-0.877868,0.396595]],[[0.480962,-0.234575,-0.844778],[0.755461,0.599851,