{"metadata":{"formatVersion":2,"generatedBy":"LeapJS Playback 0.2.1","frames":178,"protocolVersion":6,"serviceVersion":"2.2.5+26752","frameRate":"1.1e+2","modified":"Wed Apr 22 2015 20:00:58 GMT-0300 (E. South America Standard Time)"},"frames":[["id","timestamp",{"hands":[["id","type","direction","palmNormal","palmPosition","palmVelocity","stabilizedPalmPosition","pinchStrength","grabStrength","confidence","armBasis","armWidth","elbow","wrist"]]},{"pointables":[["id","direction","handId","length","stabilizedTipPosition","tipPosition","tipVelocity","tool","carpPosition","mcpPosition","pipPosition","dipPosition","btipPosition","bases","type"]]},{"interactionBox":["center","size"]}],[103105,80894918310,[[26,"right",[-0.282951,0.956872,0.0658368],[-0.730913,-0.170669,-0.660786],[-78.2794,103.019,119.361],[-173.727,269.405,-15.9614],[-78.2639,102.989,119.365],0.909314,0.117979,0.423617,[[0.584348,0.247628,-0.772799],[0.0750892,0.93172,0.35533],[0.808022,-0.265665,0.525854]],63.72,[163.058,-17.8526,254.941],[-55.1084,53.8769,112.961]]],[[260,[-0.667112,0.660195,-0.345114],26,52.1164,[-139.683,99.295,98.6491],[-139.612,100.759,97.2528],[-196.14,211.796,57.6163],false,[-79.739,42.0573,126.914],[-79.739,42.0573,126.914],[-120.962,70.2035,126.446],[-143.708,92.7133,114.679],[-139.047,102.221,93.8074],[[[0.848445,0.433968,0.303007],[-0.0625186,-0.486308,0.871548],[0.525579,-0.758404,-0.385474]],[[0.500368,0.740309,0.448971],[-0.260097,-0.366077,0.893497],[0.825822,-0.563853,0.00937882]],[[0.500368,0.740309,0.448971],[-0.5519,-0.12683,0.824209],[0.667112,-0.660195,0.345114]],[[0.500368,0.740309,0.448971],[-0.842598,0.535641,0.0558374],[-0.19915,-0.406241,0.8918]]],0],[261,[0.0252756,-0.911659,-0.410169],26,58.8075,[-123.955,77.6732,100.604],[-124.849,78.1171,100.072],[-156.989,252.464,-26.9048],false,[-63.4659,57.5295,134.509],[-99.3233,121.425,141.153],[-129.6,111.941,112.184],[-128.989,89.9059,102.27],[-122.558,74.2307,100.068],[[[0.564727,0.392414,-0.726013],[0.665981,0.302853,0.681726],[0.487394,-0.868499,-0.090311]],[[0.59033,0.344734,-0.729842],[-0.393552,0.912377,0.112629],[0.704718,0.220743,0.674274]],[[0.59033,0.344734,-0.729842],[-0.806766,0.223688,-0.546893],[-0.0252756,0.911659,0.410169]],[[0.59033,0.344734,-0.729842],[-0.714028,-0.198616,-0.671353],[-0.376397,0.917448,0.1289]]],1],[262,[-0.0715981,-0.957048,-0.280949],26,67.0064,[-119.938,73.5833,91.1797],[-120.913,73.8768,90.6547],[-151.509,261.726,-28.9752],false,[-55.7404,63.3366,126.879],[-84.0979,127.077,126.12],[-122.52,114.665,99.7965],[-124.556,87.4496,91.8073],[-118.648,69.6309,90.9569],[[[0.50352,0.214052,-0.837048],[0.762406,0.345694,0.547022],[0.406454,-0.913607,0.0108698]],[[0.50628,0.207819,-0.836954],[-0.329028,0.943661,0.0352825],[0.797133,0.257519,0.546134]],[[0.50628,0.207819,-0.836954],[-0.859392,0.202163,-0.469655],[0.0715981,0.957048,0.280949]],[[0.50628,0.207819,-0.836954],[-0.803011,-0.240236,-0.545399],[-0.314411,0.948208,0.0452538]]],2],[263,[-0.188998,-0.970485,-0.149794],26,64.4285,[-108.308,75.8571,84.1788],[-109.434,76.4239,83.5542],[-156.156,275.11,-30.7513],false,[-49.232,67.0141,117.13],[-68.6997,126.042,109.355],[-106.294,116.857,87.0272],[-111.53,89.9722,82.8776],[-107.429,71.8192,84.5349],[[[0.49893,0.0506011,-0.865164],[0.809,0.330804,0.485888],[0.310786,-0.942342,0.124112]],[[0.503987,0.0350545,-0.863],[-0.194945,0.978009,-0.0741208],[0.841424,0.205594,0.499738]],[[0.503987,0.0350545,-0.863],[-0.842779,0.2386,-0.482487],[0.188998,0.970485,0.149794]],[[0.503987,0.0350545,-0.863],[-0.835363,-0.234104,-0.497357],[-0.219466,0.971579,-0.088702]]],3],[264,[-0.581205,0.665866,-0.467786],26,50.5107,[-95.5826,168.699,59.9423],[-95.8857,168.321,59.6783],[-187.058,340.452,43.0429],false,[-46.6527,66.2937,103.152],[-57.5503,122.045,91.5175],[-76.0685,147.487,75.3912],[-87.4362,160.51,66.2418],[-98.0912,171.318,58.0706],[[[0.390972,-0.114163,-0.913295],[0.901011,0.250085,0.354452],[0.187936,-0.96147,0.200639]],[[0.414149,-0.252794,-0.8744],[0.744446,0.646821,0.165599],[0.523718,-0.719526,0.456072]],[[0.414149,-0.252794,-0.8744],[0.700486,0.701939,0.128843],[0.581205,-0.665866,0.467786]],[[0.414149,-0.252794,-0.8744],[0.668106,0.736844,0.103415],[0.618154,-0.627021,0.474056]]],4]],[[0,200,0],[235.247,235.247,147.751]]],[103106,80894927067,[[26,"right",[-0.278626,0.957984,0.068074],[-0.728725,-0.164713,-0.664702],[-80.1819,106.063,119.611],[-185.404,290.406,-3.99963],[-80.1643,106.035,119.609],0.909445,0.107864,0.431071,[[0.580842,0.250603,-0.774481],[0.0814925,0.92875,0.361638],[0.809927,-0.273169,0.519035]],63.72,[161.461,-16.9219,253.275],[-57.2195,56.8337,113.135]]],[[260,[-0.6623,0.664753,-0.345634],26,52.1164,[-141.429,102.514,98.6148],[-141.434,104.15,97.282],[-199.028,259.276,42.0715],false,[-81.9698,45.0826,126.934],[-81.9698,45.0826,126.934],[-123.06,73.4211,126.418],[-145.642,96.0863,114.634],[-140.822,105.635,93.8171],[[[0.849147,0.428745,0.308427],[-0.0688144,-0.489179,0.869464],[0.523654,-0.759527,-0.385881]],[[0.502011,0.736169,0.453916],[-0.265294,-0.368464,0.890984],[0.823167,-0.567705,0.0103288]],[[0.502011,0.736169,0.453916],[-0.556187,-0.127117,0.821278],[0.6623,-0.664753,0.345634]],[[0.502011,0.736169,0.453916],[-0.839984,0.539996,0.0532083],[-0.205943,-0.407994,0.889454]]],0],[261,[0.0232093,-0.910398,-0.413082],26,58.8075,[-125.847,80.98,100.544],[-126.753,81.4498,100.041],[-173.632,286.81,-20.7221],false,[-65.6569,60.448,134.659],[-101.235,124.491,141.376],[-131.425,115.258,112.236],[-130.864,93.2534,102.252],[-124.489,77.5581,100.03],[[[0.569899,0.392324,-0.722009],[0.664338,0.297133,0.685834],[0.483602,-0.870513,-0.0913]],[[0.595284,0.344543,-0.725897],[-0.389696,0.913839,0.114171],[0.70269,0.214915,0.678261]],[[0.595284,0.344543,-0.725897],[-0.80318,0.229053,-0.549942],[-0.0232093,0.910398,0.413082]],[[0.595284,0.344543,-0.725897],[-0.711634,-0.193429,-0.675398],[-0.373113,0.918627,0.130043]]],1],[262,[-0.074219,-0.955832,-0.28439],26,67.0064,[-121.795,76.9121,91.1304],[-122.778,77.2273,90.6334],[-168.468,294.058,-21.9534],false,[-57.869,66.2455,127.085],[-85.9148,130.125,126.433],[-124.276,117.993,99.8905],[-126.387,90.8124,91.8035],[-120.543,72.9737,90.9262],[[[0.508336,0.214667,-0.833974],[0.761578,0.339998,0.551725],[0.401987,-0.915598,0.0093479]],[[0.511063,0.208425,-0.833891],[-0.324665,0.945096,0.0372443],[0.795869,0.251701,0.550672]],[[0.511063,0.208425,-0.833891],[-0.856333,0.207232,-0.473021],[0.074219,0.955832,0.28439]],[[0.511063,0.208425,-0.833891],[-0.80132,-0.235454,-0.549952],[-0.310967,0.949274,0.0466837]]],2],[263,[-0.190421,-0.969696,-0.153068],26,64.4285,[-110.046,79.1104,84.2243],[-111.168,79.6916,83.635],[-167.887,301.193,-20.2772],false,[-51.2988,69.927,117.379],[-70.4459,129.077,109.734],[-107.974,120.104,87.2083],[-113.249,93.2414,82.968],[-109.189,75.0772,84.6022],[[[0.503084,0.051344,-0.862711],[0.808376,0.325106,0.490748],[0.305669,-0.944283,0.12205]],[[0.50795,0.0361043,-0.86063],[-0.191041,0.978961,-0.0716856],[0.839935,0.200829,0.504161]],[[0.50795,0.0361043,-0.86063],[-0.840075,0.241633,-0.485682],[0.190421,0.969696,0.153068]],[[0.50795,0.0361043,-0.86063],[-0.833529,-0.231437,-0.501664],[-0.217294,0.97218,-0.0874642]]],3],[264,[-0.571361,0.67474,-0.467196],26,50.5107,[-96.6083,172.319,60.4036],[-96.9783,171.896,60.1556],[-167.742,360.25,45.9391],false,[-48.6597,69.2451,103.41],[-59.2352,125.09,91.9322],[-77.3948,150.817,75.8494],[-88.57,164.014,66.7116],[-99.061,174.983,58.5426],[[[0.394552,-0.112719,-0.911934],[0.900592,0.244423,0.359433],[0.182383,-0.963095,0.197951]],[[0.4169,-0.251725,-0.873401],[0.749956,0.63818,0.174045],[0.513576,-0.727572,0.45484]],[[0.4169,-0.251725,-0.873401],[0.706924,0.693801,0.137473],[0.571361,-0.67474,0.467196]],[[0.4169,-0.251725,-0.873401],[0.675091,0.72917,0.112085],[0.608643,-0.636353,0.473928]]],4]],[[0,200,0],[235.247,235.247,147.751]]],[103107,80894935659,[[26,"right",[-0.280422,0.957252,0.0709434],[-0.726624,-0.163405,-0.66732],[-81.203,109.558,119.578],[-167.835,321.098,-3.9554],[-81.1936,109.526,119.579],0.909891,0.0986546,0.435405,[[0.581163,0.255587,-0.772609],[0.087443,0.92429,0.37154],[0.809076,-0.283485,0.514814]],63.72,[160.31,-16.1495,251.979],[-58.1402,60.3914,112.979]]],[[260,[-0.662481,0.664956,-0.344893],26,52.1164,[-142.573,105.971,98.4615],[-142.396,107.589,97.1301],[-175.491,296.651,25.3196],false,[-82.9084,48.5466,126.664],[-82.9084,48.5466,126.664],[-124.053,76.8067,126.172],[-146.641,99.4788,114.413],[-141.749,109.095,93.6443],[[[0.847577,0.428989,0.312381],[-0.0703721,-0.492593,0.86741],[0.525986,-0.757179,-0.387322]],[[0.499538,0.735272,0.45808],[-0.266584,-0.372649,0.888856],[0.824254,-0.566135,0.00985933]],[[0.499538,0.735272,0.45808],[-0.558193,-0.131182,0.819275],[0.662481,-0.664956,0.344893]],[[0.499538,0.735272,0.45808],[-0.840701,0.539038,0.0515708],[-0.209004,-0.41087,0.887414]]],0],[261,[0.026301,-0.908902,-0.416181],26,58.8075,[-126.811,84.464,100.314],[-127.651,84.9329,99.8061],[-155.721,318.239,-22.6194],false,[-66.6425,63.9098,134.492],[-102.347,127.868,141.355],[-132.44,118.693,112.097],[-131.804,96.7241,102.038],[-125.388,81.0504,99.7821],[[[0.571213,0.396016,-0.718948],[0.661956,0.295635,0.688777],[0.485313,-0.869351,-0.0932746]],[[0.596686,0.3483,-0.722948],[-0.391585,0.912732,0.116538],[0.700448,0.213559,0.681003]],[[0.596686,0.3483,-0.722948],[-0.802044,0.229315,-0.551489],[-0.026301,0.908902,0.416181]],[[0.596686,0.3483,-0.722948],[-0.709188,-0.192708,-0.678171],[-0.375525,0.917361,0.132024]]],1],[262,[-0.0711919,-0.955021,-0.287867],26,67.0064,[-122.706,80.4374,90.9001],[-123.628,80.7551,90.3991],[-150.524,324.896,-23.5002],false,[-58.8437,69.749,126.962],[-86.995,133.583,126.476],[-125.262,121.486,99.782],[-127.287,94.329,91.5961],[-121.395,76.5081,90.6778],[[[0.510256,0.218683,-0.831755],[0.759491,0.339172,0.555099],[0.403499,-0.914953,0.00697708]],[[0.512991,0.21245,-0.831688],[-0.326388,0.944392,0.0399214],[0.793921,0.250974,0.553806]],[[0.512991,0.21245,-0.831688],[-0.855437,0.206882,-0.474792],[0.0711919,0.955021,0.287867]],[[0.512991,0.21245,-0.831688],[-0.799092,-0.235679,-0.553089],[-0.313515,0.948325,0.0488662]]],2],[263,[-0.187583,-0.969627,-0.156961],26,64.4285,[-110.927,82.6839,84.0346],[-111.991,83.2606,83.4455],[-149.433,331.769,-21.0653],false,[-52.2532,73.4783,117.288],[-71.4787,132.625,109.815],[-108.931,123.68,87.1531],[-114.128,96.8195,82.805],[-110.02,78.6619,84.3913],[[[0.505358,0.0554619,-0.861126],[0.806481,0.32459,0.494195],[0.306922,-0.944227,0.119305]],[[0.510197,0.0403684,-0.85911],[-0.192464,0.978924,-0.0682999],[0.838246,0.200194,0.507214]],[[0.510197,0.0403684,-0.85911],[-0.839352,0.241236,-0.487128],[0.187583,0.969627,0.156961]],[[0.510197,0.0403684,-0.85911],[-0.83148,-0.232204,-0.5047],[-0.219863,0.971829,-0.0849045]]],3],[264,[-0.56726,0.679282,-0.465611],26,50.5107,[-97.3147,176.241,60.6321],[-97.739,175.793,60.382],[-144.807,386.1,40.5628],false,[-49.5747,72.8539,103.324],[-60.2126,128.725,92.0292],[-78.2214,154.604,76.0223],[-89.3163,167.89,66.9156],[-99.7403,178.937,58.767],[[[0.397237,-0.108594,-0.911269],[0.899192,0.244561,0.362828],[0.18346,-0.963534,0.194795]],[[0.419745,-0.247951,-0.873118],[0.751277,0.634704,0.180925],[0.509311,-0.731896,0.452693]],[[0.419745,-0.247951,-0.873118],[0.708541,0.690722,0.144472],[0.56726,-0.679282,0.46561]],[[0.419745,-0.247951,-0.873118],[0.676827,0.726447,0.119081],[0.604747,-0.640933,0.472742]]],4]],[[0,200,0],[235.247,235.247,147.751]]],[103108,80894944334,[[26,"right",[-0.273572,0.958781,0.0767929],[-0.725543,-0.153287,-0.670887],[-82.7647,112.087,119.612],[-171.079,313.239,-1.85694],[-82.7526,112.067,119.612],0.909698,0.0907619,0.436727,[[0.577835,0.25941,-0.77383],[0.0913915,0.921613,0.377195],[0.81102,-0.288678,0.508833]],63.72,[158.932,-15.1443,250.126],[-60.0439,62.7988,112.742]]],[[260,[-0.656334,0.672313,-0.342374],26,52.1164,[-144.043,109.268,98.2796],[-143.898,110.72,96.9693],[-174.886,313.862,12.972],false,[-84.9454,51.0417,126.26],[-84.9454,51.0417,126.26],[-125.879,79.6086,125.838],[-148.257,102.531,114.165],[-143.218,112.253,93.4809],[[[0.849662,0.420468,0.318247],[-0.0769587,-0.498175,0.863654],[0.521682,-0.758306,-0.390922]],[[0.503457,0.72826,0.464939],[-0.272226,-0.377005,0.885302],[0.820015,-0.57228,0.00844589]],[[0.503457,0.72826,0.464939],[-0.561922,-0.132785,0.816463],[0.656334,-0.672313,0.342374]],[[0.503457,0.72826,0.464939],[-0.83677,0.545045,0.0523575],[-0.215283,-0.415407,0.883793]]],0],[261,[0.0213926,-0.906225,-0.422255],26,58.8075,[-128.446,87.5093,100.032],[-129.3,87.9402,99.5287],[-165.267,325.661,-25.2582],false,[-68.593,66.2281,134.251],[-103.846,130.399,141.447],[-133.906,121.653,112.025],[-133.389,99.7488,101.819],[-127.073,84.0465,99.481],[[[0.576565,0.396837,-0.714208],[0.661783,0.285839,0.693065],[0.479183,-0.872248,-0.0978152]],[[0.601693,0.34897,-0.71846],[-0.385254,0.914754,0.121672],[0.699674,0.203581,0.684844]],[[0.601693,0.34897,-0.71846],[-0.798441,0.238698,-0.552735],[-0.0213926,0.906225,0.422255]],[[0.601693,0.34897,-0.71846],[-0.708039,-0.183262,-0.68198],[-0.369657,0.91904,0.136816]]],1],[262,[-0.076687,-0.952556,-0.294544],26,67.0064,[-124.329,83.514,90.6091],[-125.262,83.8014,90.1112],[-161.044,331.668,-26.2166],false,[-60.7257,72.0623,126.789],[-88.4022,136.106,126.661],[-126.667,124.48,99.754],[-128.847,97.3931,91.3782],[-123.07,79.5399,90.3632],[[[0.514681,0.220763,-0.828473],[0.76009,0.329595,0.560026],[0.396694,-0.917949,0.00183652]],[[0.517367,0.214514,-0.828441],[-0.319558,0.946473,0.0455109],[0.79386,0.241189,0.558224]],[[0.517367,0.214514,-0.828441],[-0.85232,0.215918,-0.476371],[0.076687,0.952556,0.294544]],[[0.517367,0.214514,-0.828441],[-0.798639,-0.226732,-0.557465],[-0.307418,0.95004,0.0540155]]],2],[263,[-0.19325,-0.967352,-0.163964],26,64.4285,[-112.496,85.7146,83.8059],[-113.562,86.2547,83.2256],[-158.487,335.277,-22.4932],false,[-54.0749,75.8109,117.164],[-72.837,135.15,110.046],[-110.276,126.636,87.1965],[-115.63,99.8386,82.6544],[-111.638,81.6464,84.1385],[[[0.508675,0.0577943,-0.859017],[0.807178,0.315095,0.499178],[0.299522,-0.947299,0.113631]],[[0.513375,0.0427189,-0.857101],[-0.185163,0.980748,-0.0620252],[0.83795,0.190546,0.511402]],[[0.513375,0.0427189,-0.857101],[-0.836122,0.24981,-0.488359],[0.19325,0.967352,0.163964]],[[0.513375,0.0427189,-0.857101],[-0.831145,-0.223894,-0.508988],[-0.213643,0.973677,-0.079436]]],3],[264,[-0.557362,0.689708,-0.462223],26,50.5107,[-97.9518,179.533,61.1151],[-98.4259,179.034,60.8787],[-125.695,383.39,44.8685],false,[-51.3537,75.2653,103.204],[-61.5397,131.292,92.2703],[-79.1714,157.519,76.4106],[-90.0728,171.009,67.37],[-100.337,182.241,59.2705],[[[0.399514,-0.105096,-0.910683],[0.899739,0.235311,0.367557],[0.175664,-0.966221,0.188569]],[[0.420896,-0.245164,-0.873351],[0.757759,0.624278,0.189943],[0.498647,-0.741735,0.448531]],[[0.420896,-0.245164,-0.873351],[0.715678,0.68132,0.15365],[0.557362,-0.689708,0.462223]],[[0.420896,-0.245164,-0.873351],[0.684304,0.717825,0.128282],[0.595462,-0.651631,0.469896]]],4]],[[0,200,0],[235.247,235.247,147.751]]],[103109,80894952951,[[26,"right",[-0.271606,0.958136,0.0905837],[-0.726895,-0.142543,-0.671793],[-83.3532,113.553,119.31],[-143.883,275.364,-10.6511],[-83.3488,113.542,119.312],0.909492,0.0824881,0.440899,[[0.578868,0.267993,-0.770124],[0.0884177,0.918252,0.386],[0.810614,-0.291535,0.507851]],63.72,[158.127,-14.3926,248.836],[-60.7382,64.322,111.717]]],[[260,[-0.655564,0.678288,-0.331906],26,52.1164,[-144.836,111.454,98.0533],[-144.526,112.609,96.7619],[-147.647,288.568,2.45014],false,[-85.6409,52.425,125.11],[-85.6409,52.425,125.11],[-126.518,81.0747,125.151],[-148.87,104.201,113.835],[-143.84,114.197,93.2797],[[[0.85097,0.414376,0.322711],[-0.0765538,-0.510016,0.856752],[0.519605,-0.753775,-0.402286]],[[0.505621,0.720734,0.474225],[-0.271578,-0.388761,0.880403],[0.818897,-0.57394,-0.000830334]],[[0.505621,0.720734,0.474225],[-0.560877,-0.143066,0.815444],[0.655564,-0.678288,0.331906]],[[0.505621,0.720734,0.474225],[-0.835558,0.546,0.0610576],[-0.21492,-0.427114,0.878284]]],0],[261,[0.0193562,-0.900403,-0.434625],26,58.8075,[-129.143,89.3928,99.4887],[-129.941,89.7692,98.9832],[-141.517,295.538,-35.6503],false,[-69.2467,67.4674,133.285],[-104.365,131.599,141.432],[-134.487,123.319,111.938],[-134.019,101.556,101.433],[-127.73,85.8772,98.874],[[[0.576199,0.405655,-0.709534],[0.663425,0.274894,0.695918],[0.477349,-0.871709,-0.110728]],[[0.601226,0.35781,-0.714492],[-0.383337,0.913689,0.134998],[0.701128,0.192727,0.686496]],[[0.601226,0.35781,-0.714492],[-0.798845,0.247478,-0.548272],[-0.0193562,0.900403,0.434625]],[[0.601226,0.35781,-0.714492],[-0.709236,-0.172967,-0.683423],[-0.368119,0.917635,0.14978]]],1],[262,[-0.0784474,-0.948351,-0.307371],26,67.0064,[-125.032,85.5097,90.0087],[-125.914,85.7563,89.5071],[-138.793,303.768,-38.1272],false,[-61.38,73.3901,125.893],[-88.9334,137.482,126.701],[-127.262,126.304,99.6966],[-129.493,99.336,90.9561],[-123.739,81.4913,89.6921],[[[0.513797,0.231309,-0.826141],[0.761606,0.320312,0.563344],[0.394929,-0.918638,-0.0115906]],[[0.516469,0.225059,-0.826201],[-0.317692,0.946345,0.0591923],[0.795192,0.231906,0.560257]],[[0.516469,0.225059,-0.826201],[-0.852705,0.223561,-0.472139],[0.0784474,0.948351,0.307371]],[[0.516469,0.225059,-0.826201],[-0.799688,-0.218244,-0.559346],[-0.306199,0.949588,0.0672601]]],2],[263,[-0.194091,-0.964977,-0.176488],26,64.4285,[-113.165,87.7608,83.2332],[-114.181,88.2628,82.6569],[-136.036,308.222,-34.5284],false,[-54.7372,77.2598,116.31],[-73.3963,136.728,110.05],[-110.886,128.593,87.1453],[-116.263,101.861,82.2562],[-112.273,83.6501,83.4967],[[[0.507429,0.0687931,-0.858943],[0.80857,0.306572,0.502224],[0.297878,-0.949358,0.0999396]],[[0.51207,0.0537919,-0.857258],[-0.183658,0.981813,-0.0480975],[0.83908,0.182071,0.512636]],[[0.51207,0.0537919,-0.857258],[-0.836728,0.25676,-0.483695],[0.194091,0.964977,0.176488]],[[0.51207,0.0537919,-0.857258],[-0.831977,-0.217056,-0.510589],[-0.213538,0.974676,-0.0663942]]],3],[264,[-0.553322,0.700041,-0.451418],26,50.5107,[-98.2651,182.055,61.7985],[-98.7807,181.515,61.5778],[-101.708,358.714,54.2736],false,[-52.0391,76.9037,102.34],[-62.1345,133.096,92.2041],[-79.5989,159.679,76.757],[-90.4212,173.371,67.9278],[-100.625,184.782,60.0038],[[[0.397873,-0.0931537,-0.912699],[0.900769,0.228454,0.369356],[0.174103,-0.969088,0.174806]],[[0.419116,-0.234361,-0.877164],[0.761834,0.616339,0.199336],[0.493914,-0.751798,0.436861]],[[0.419116,-0.234361,-0.877164],[0.719845,0.67455,0.163721],[0.553322,-0.700041,0.451418]],[[0.419116,-0.234361,-0.877164],[0.688422,0.711921,0.138722],[0.591961,-0.662,0.459716]]],4]],[[0,200,0],[235.247,235.247,147.751]]],[103110,80894961599,[[26,"right",[-0.263517,0.957643,0.1161],[-0.734842,-0.121308,-0.667302],[-84.0892,115.516,118.119],[-128.283,262.521,-44.3743],[-84.0799,115.491,118.134],0.909723,0.07701,0.444874,[[0.581779,0.277542,-0.764528],[0.0830171,0.914806,0.39527],[0.809099,-0.293429,0.509174]],63.72,[156.536,-12.908,246.602],[-61.9209,66.3177,109.125]]],[[260,[-0.653557,0.690916,-0.309029],26,52.1164,[-145.749,114.31,97.5115],[-145.482,115.529,96.2284],[-136.531,301.626,-16.3838],false,[-86.7717,54.2854,122.493],[-86.7717,54.2854,122.493],[-127.42,83.2369,123.635],[-149.703,106.794,113.098],[-144.779,117.216,92.7302],[[[0.857321,0.400459,0.323471],[-0.0714851,-0.529664,0.84519],[0.509794,-0.747722,-0.425465]],[[0.516106,0.705464,0.485752],[-0.265597,-0.407353,0.873797],[0.814305,-0.579986,-0.0228687]],[[0.516106,0.705464,0.485752],[-0.553623,-0.157975,0.817647],[0.653557,-0.690916,0.309029]],[[0.516106,0.705464,0.485752],[-0.830282,0.551365,0.0814109],[-0.210394,-0.445328,0.870297]]],0],[261,[0.00851343,-0.890052,-0.455779],26,58.8075,[-130.221,92.1064,98.2658],[-131.037,92.5498,97.741],[-137.773,302.06,-64.9247],false,[-70.1823,69.0109,130.85],[-104.736,133.182,140.882],[-135.222,125.82,111.518],[-135.016,104.307,100.502],[-128.863,88.6506,97.513],[[[0.571836,0.418243,-0.705745],[0.672611,0.253502,0.69522],[0.469679,-0.872244,-0.136354]],[[0.59645,0.370357,-0.712098],[-0.375145,0.912948,0.160598],[0.709587,0.171351,0.683465]],[[0.59645,0.370357,-0.712098],[-0.802605,0.265787,-0.534024],[-0.00851343,0.890052,0.455779]],[[0.59645,0.370357,-0.712098],[-0.717321,-0.152111,-0.679936],[-0.360137,0.91635,0.174938]]],1],[262,[-0.088178,-0.94033,-0.32864],26,67.0064,[-126.222,88.4152,88.6596],[-127.126,88.7361,88.1348],[-139.395,314.153,-70.6976],false,[-62.3486,75.0508,123.517],[-89.4145,139.302,126.133],[-128.102,129.043,99.2757],[-130.609,102.304,89.9304],[-124.989,84.456,88.1921],[[[0.506935,0.24717,-0.825787],[0.769752,0.30135,0.562734],[0.387942,-0.920921,-0.0374947]],[[0.509559,0.240907,-0.826023],[-0.310038,0.946925,0.084911],[0.802637,0.212831,0.557204]],[[0.509559,0.240907,-0.826023],[-0.855906,0.240299,-0.457911],[0.088178,0.94033,0.32864]],[[0.509559,0.240907,-0.826023],[-0.806791,-0.199895,-0.555994],[-0.299061,0.94974,0.092504]]],2],[263,[-0.201954,-0.959436,-0.196717],26,64.4285,[-114.38,90.7367,81.8272],[-115.413,91.3038,81.2389],[-138.123,319.474,-69.7915],false,[-55.7766,79.0993,113.96],[-74.0564,138.832,109.306],[-111.84,131.507,86.6115],[-117.434,104.928,81.1621],[-113.539,86.6717,81.9436],[[[0.499019,0.0855296,-0.86236],[0.815978,0.288728,0.500816],[0.291822,-0.953583,0.0742907]],[[0.503535,0.0705619,-0.861089],[-0.177012,0.983943,-0.0228813],[0.845647,0.163945,0.50794]],[[0.503535,0.0705619,-0.861089],[-0.84004,0.272954,-0.468859],[0.201954,0.959436,0.196717]],[[0.503535,0.0705619,-0.861089],[-0.838449,-0.200565,-0.506732],[-0.20846,0.977136,-0.041829]]],3],[264,[-0.550673,0.716114,-0.428882],26,50.5107,[-98.9107,185.538,62.4152],[-99.4721,185.053,62.1988],[-94.9794,371.816,58.7521],false,[-53.2258,79.0557,99.9579],[-63.007,135.545,91.2621],[-80.3348,162.678,76.6407],[-91.1054,176.685,68.2523],[-101.278,188.376,60.7059],[[[0.387712,-0.074302,-0.918781],[0.906215,0.213128,0.365173],[0.168685,-0.974195,0.149966]],[[0.408334,-0.217024,-0.886659],[0.770139,0.603358,0.206991],[0.490051,-0.767372,0.41351]],[[0.408334,-0.217024,-0.886659],[0.728027,0.663386,0.172904],[0.550673,-0.716114,0.428882]],[[0.408334,-0.217024,-0.886659],[0.696396,0.702047,0.148874],[0.590167,-0.678256,0.437804]]],4]],[[0,200,0],[235.247,235.247,147.751]]],[103111,80894970780,[[26,"right",[-0.261035,0.956442,0.130688],[-0.738747,-0.110781,-0.664816],[-84.49,117.951,117.83],[-104.649,263.302,-40.7861],[-84.4845,117.919,117.834],0.910164,0.0731443,0.410135,[[0.581864,0.285251,-0.761621],[0.0823473,0.910997,0.404108],[0.809107,-0.297853,0.506586]],63.72,[155.993,-11.5794,244.816],[-62.4661,68.841,108.038]]],[[260,[-0.653154,0.696715,-0.29661],26,52.1164,[-146.269,117.273,97.412],[-145.969,118.358,96.2999],[-111.436,304.31,-12.3093],false,[-87.2656,56.672,121.378],[-87.2656,56.672,121.378],[-127.828,85.715,123.109],[-150.097,109.47,112.996],[-145.218,120.128,92.7394],[[[0.859861,0.3944,0.324173],[-0.067832,-0.541086,0.838227],[0.506002,-0.742748,-0.438506]],[[0.520489,0.69758,0.492416],[-0.26231,-0.418174,0.869669],[0.812579,-0.581819,-0.0346721]],[[0.520489,0.69758,0.492416],[-0.549983,-0.167242,0.81826],[0.653154,-0.696715,0.29661]],[[0.520489,0.69758,0.492416],[-0.828024,0.55316,0.0915969],[-0.208489,-0.455408,0.865527]]],0],[261,[0.00463019,-0.883838,-0.467771],26,58.8075,[-130.792,94.9125,97.8785],[-131.57,95.3463,97.4139],[-115.733,302.675,-57.1427],false,[-70.6022,71.2509,129.844],[-104.977,135.341,140.947],[-135.638,128.438,111.654],[-135.526,107.075,100.348],[-129.412,91.4515,97.1171],[[[0.56873,0.42684,-0.703103],[0.676925,0.242693,0.69489],[0.467245,-0.871153,-0.150912]],[[0.593214,0.379006,-0.710247],[-0.372534,0.911337,0.175164],[0.713663,0.160681,0.681811]],[[0.593214,0.379006,-0.710247],[-0.805031,0.2742,-0.52606],[-0.00463019,0.883838,0.467771]],[[0.593214,0.379006,-0.710247],[-0.721153,-0.141958,-0.678075],[-0.35782,0.914441,0.18911]]],1],[262,[-0.0913208,-0.935701,-0.340771],26,67.0064,[-126.845,91.3453,88.2037],[-127.709,91.6594,87.7386],[-118.474,315.196,-63.3959],false,[-62.7975,77.3765,122.551],[-89.7253,141.635,126.199],[-128.58,131.816,99.418],[-131.176,105.208,89.7277],[-125.589,87.3787,87.7214],[[[0.50284,0.257551,-0.825118],[0.773424,0.292177,0.562536],[0.385962,-0.921032,-0.0522777]],[[0.505449,0.251291,-0.825454],[-0.307773,0.946232,0.0996005],[0.8061,0.20371,0.555613]],[[0.505449,0.251291,-0.825454],[-0.85801,0.247624,-0.450001],[0.0913208,0.935701,0.340771]],[[0.505449,0.251291,-0.825454],[-0.810006,-0.191477,-0.554281],[-0.297341,0.948783,0.106765]]],2],[263,[-0.204494,-0.956386,-0.208588],26,64.4285,[-115.038,93.7398,81.3374],[-116.032,94.2973,80.8112],[-118.715,321.33,-63.8941],false,[-56.2707,81.5436,113.014],[-74.4613,141.368,109.282],[-112.384,134.427,86.6992],[-118.049,107.933,80.9209],[-114.174,89.6626,81.4353],[[[0.494412,0.0964426,-0.863861],[0.819283,0.280322,0.500195],[0.290399,-0.955049,0.0595806]],[[0.498889,0.0815097,-0.862824],[-0.175237,0.984491,-0.00831942],[0.848765,0.155349,0.505435]],[[0.498889,0.0815097,-0.862824],[-0.842195,0.280504,-0.460462],[0.204494,0.956386,0.208588]],[[0.498889,0.0815097,-0.862824],[-0.841488,-0.192672,-0.504753],[-0.207384,0.977872,-0.0275324]]],3],[264,[-0.55032,0.723855,-0.416152],26,50.5107,[-99.3843,188.85,63.1664],[-99.9504,188.355,62.9634],[-82.5805,368.09,65.2722],false,[-53.7973,81.6876,98.999],[-63.5181,138.309,91.1334],[-80.803,165.717,76.982],[-91.5666,179.875,68.8425],[-101.743,191.697,61.5086],[[[0.382489,-0.062394,-0.921851],[0.908625,0.206424,0.363029],[0.167642,-0.976471,0.135648]],[[0.403081,-0.206166,-0.89164],[0.773668,0.597189,0.211667],[0.488839,-0.775152,0.40022]],[[0.403081,-0.206166,-0.89164],[0.731214,0.65843,0.178314],[0.55032,-0.723855,0.416152]],[[0.403081,-0.206166,-0.89164],[0.699252,0.697929,0.154732],[0.590401,-0.68585,0.425484]]],4]],[[0,200,0],[235.247,235.247,147.751]]],[103112,80894978939,[[26,"right",[-0.254784,0.955925,0.145921],[-0.744594,-0.0976578,-0.660335],[-84.4222,119.478,117.374],[-76.1302,244.059,-44.5958],[-84.424,119.434,117.387],0.907301,0.071476,0.414771,[[0.583985,0.289606,-0.758347],[0.0809682,0.908756,0.409397],[0.807716,-0.300484,0.507252]],63.72,[155.339,-10.74,243.689],[-62.7442,70.3906,106.731]]],[[260,[-0.651157,0.704591,-0.282039],26,52.1164,[-146.434,119.561,97.3863],[-146.102,120.544,96.3653],[-87.0048,297.119,-9.70337],false,[-87.5029,58.171,120.101],[-87.5029,58.171,120.101],[-127.859,87.4523,122.502],[-150.061,111.476,112.886],[-145.384,122.452,92.7513],[[[0.86454,0.385301,0.322667],[-0.0641166,-0.552233,0.831221],[0.498458,-0.739312,-0.452723]],[[0.528583,0.687704,0.497658],[-0.258847,-0.427756,0.866039],[0.808454,-0.586591,-0.0480947]],[[0.528583,0.687704,0.497658],[-0.544605,-0.174972,0.820238],[0.651157,-0.704591,0.282039]],[[0.528583,0.687704,0.497658],[-0.825032,0.554178,0.110493],[-0.199804,-0.468988,0.860307]]],0],[261,[-0.0035975,-0.877411,-0.479725],26,58.8075,[-131.004,96.9476,97.4986],[-131.765,97.4008,97.0395],[-92.7299,289.645,-54.7473],false,[-70.6937,72.5427,128.633],[-104.63,136.656,140.891],[-135.559,130.32,111.753],[-135.646,109.112,100.158],[-129.637,93.5034,96.6689],[[[0.565443,0.433465,-0.701699],[0.683731,0.22947,0.692716],[0.461287,-0.871465,-0.166621]],[[0.589607,0.38561,-0.709696],[-0.366198,0.910798,0.190645],[0.719905,0.147484,0.678222]],[[0.589607,0.38561,-0.709696],[-0.807683,0.285402,-0.51594],[0.0035975,0.877411,0.479725]],[[0.589607,0.38561,-0.709696],[-0.727105,-0.129186,-0.674262],[-0.351685,0.913573,0.20421]]],1],[262,[-0.0987093,-0.930529,-0.352666],26,67.0064,[-127.143,93.4874,87.7495],[-127.992,93.8288,87.2868],[-97.544,302.503,-61.8076],false,[-62.914,78.7266,121.363],[-89.4621,143.071,126.11],[-128.58,133.829,99.5084],[-131.387,107.368,89.4799],[-125.903,89.5407,87.1903],[[[0.497666,0.266229,-0.8255],[0.779444,0.280261,0.560287],[0.38052,-0.922267,-0.0680346]],[[0.500237,0.259964,-0.825943],[-0.301843,0.946389,0.115061],[0.811575,0.191747,0.551887]],[[0.500237,0.259964,-0.825943],[-0.860244,0.257945,-0.439824],[0.0987093,0.930529,0.352666]],[[0.500237,0.259964,-0.825943],[-0.815223,-0.1801,-0.550431],[-0.291845,0.948674,0.121836]]],2],[263,[-0.211056,-0.952405,-0.219953],26,64.4285,[-115.38,95.9273,80.8224],[-116.357,96.5045,80.3024],[-99.1897,308.568,-64.137],false,[-56.4405,82.9902,111.832],[-74.3345,142.956,109.069],[-112.475,136.544,86.6976],[-118.321,110.16,80.6045],[-114.531,91.8666,80.8426],[[[0.488055,0.105719,-0.866387],[0.824741,0.269023,0.497422],[0.285664,-0.957314,0.0441075]],[[0.492451,0.090775,-0.865593],[-0.169679,0.985476,0.00681345],[0.85364,0.143518,0.500701]],[[0.492451,0.090775,-0.865593],[-0.844362,0.291005,-0.449855],[0.211056,0.952405,0.219953]],[[0.492451,0.090775,-0.865593],[-0.846364,-0.181885,-0.500586],[-0.202879,0.979121,-0.0127409]]],3],[264,[-0.549262,0.732662,-0.401893],26,50.5107,[-99.344,191.204,63.7961],[-99.8924,190.746,63.6098],[-59.8371,348.626,68.6073],false,[-54.0778,83.3144,97.8007],[-63.5525,140.089,90.7929],[-80.7686,167.802,77.1577],[-91.5115,182.132,69.2972],[-101.68,194.106,62.2043],[[[0.374813,-0.051704,-0.925658],[0.912587,0.19655,0.358542],[0.1634,-0.97913,0.120854]],[[0.394894,-0.196277,-0.897516],[0.7791,0.589271,0.213925],[0.486891,-0.783732,0.385619]],[[0.394894,-0.196277,-0.897516],[0.736458,0.651676,0.181516],[0.549262,-0.732662,0.401893]],[[0.394894,-0.196277,-0.897516],[0.704291,0.69198,0.158549],[0.589943,-0.694722,0.411495]]],4]],[[0,200,0],[235.247,235.247,147.751]]],[103113,80894987602,[[26,"right",[-0.256725,0.955653,0.14429],[-0.731841,-0.0947061,-0.674862],[-85.4657,123.664,117.711],[-87.9105,307.624,-22.4015],[-85.443,123.572,117.704],0.902787,0.0699363,0.4185,[[0.582024,0.298865,-0.756259],[0.0867442,0.901887,0.423174],[0.808532,-0.311898,0.498995]],63.72,[154.675,-9.61917,242.047],[-63.629,74.5934,107.318]]],[[260,[-0.644612,0.706466,-0.2922],26,52.1164,[-147.093,123.859,96.551],[-146.796,124.919,95.5377],[-85.8557,355.464,-35.8662],false,[-88.6507,62.3508,120.167],[-88.6507,62.3508,120.167],[-128.975,91.7294,121.795],[-150.953,115.817,111.833],[-146.048,126.967,91.8493],[[[0.858504,0.383395,0.340556],[-0.0805615,-0.555021,0.827926],[0.506439,-0.738214,-0.445601]],[[0.519878,0.685298,0.509994],[-0.277797,-0.428936,0.859559],[0.807809,-0.588541,-0.0326211]],[[0.519878,0.685298,0.509994],[-0.560537,-0.176839,0.809028],[0.644612,-0.706466,0.2922]],[[0.519878,0.685298,0.509994],[-0.828133,0.550787,0.104071],[-0.209578,-0.476446,0.853859]]],0],[261,[0.00517565,-0.875862,-0.482535],26,58.8075,[-131.639,101.13,96.8858],[-132.406,101.693,96.4075],[-88.2939,344.415,-59.3236],false,[-71.9964,76.6776,129.07],[-106.108,140.78,140.894],[-136.475,134.571,111.145],[-136.35,113.401,99.482],[-130.283,97.7994,96.0612],[[[0.579203,0.435348,-0.689199],[0.67048,0.226463,0.706521],[0.463661,-0.871313,-0.160724]],[[0.603472,0.387503,-0.696895],[-0.369046,0.910469,0.186686],[0.706843,0.144526,0.692449]],[[0.603472,0.387503,-0.696895],[-0.797367,0.287589,-0.530564],[-0.00517565,0.875862,0.482535]],[[0.603472,0.387503,-0.696895],[-0.713938,-0.126659,-0.688658],[-0.355125,0.913126,0.200218]]],1],[262,[-0.0923015,-0.929344,-0.357491],26,67.0064,[-127.604,97.7032,87.1945],[-128.441,98.1524,86.72],[-85.9718,354.779,-62.4675],false,[-64.073,82.8793,121.972],[-90.6524,147.232,126.429],[-129.259,138.116,99.0492],[-131.884,111.689,88.8834],[-126.362,93.8661,86.6452],[[[0.513676,0.2686,-0.814856],[0.768765,0.277619,0.576132],[0.380968,-0.922378,-0.0638844]],[[0.516249,0.262337,-0.815271],[-0.303211,0.946261,0.112486],[0.800968,0.189129,0.56805]],[[0.516249,0.262337,-0.815271],[-0.85145,0.259805,-0.455559],[0.0923015,0.929344,0.357491]],[[0.516249,0.262337,-0.815271],[-0.80445,-0.178079,-0.566699],[-0.293849,0.948402,0.119104]]],2],[263,[-0.206837,-0.951706,-0.226881],26,64.4285,[-115.701,100.184,80.4953],[-116.65,100.842,79.9816],[-82.5531,360.077,-56.6363],false,[-57.4138,87.1695,112.582],[-75.2,147.161,109.682],[-112.911,140.876,86.5604],[-118.641,114.512,80.2753],[-114.847,96.2187,80.5368],[[[0.504716,0.10824,-0.856473],[0.815253,0.266555,0.514112],[0.283944,-0.957723,0.0462917]],[[0.509067,0.0933453,-0.85565],[-0.168681,0.985645,0.00717041],[0.844036,0.140682,0.517505]],[[0.509067,0.0933453,-0.85565],[-0.835505,0.292478,-0.465175],[0.206837,0.951706,0.226881]],[[0.509067,0.0933453,-0.85565],[-0.836433,-0.180867,-0.517365],[-0.203052,0.979068,-0.0139963]]],3],[264,[-0.54038,0.734777,-0.40999],26,50.5107,[-99.2562,195.526,64.1203],[-99.7965,195.163,63.9089],[-41.1715,391.117,59.6356],false,[-54.7814,87.5397,98.6002],[-64.0711,144.347,91.6073],[-80.9689,172.139,77.7385],[-91.538,186.51,69.7196],[-101.556,198.519,62.4703],[[[0.392499,-0.0488742,-0.918453],[0.905692,0.194478,0.376697],[0.160208,-0.979689,0.120598]],[[0.411941,-0.193843,-0.890354],[0.775839,0.587065,0.231146],[0.47789,-0.78599,0.392227]],[[0.411941,-0.193843,-0.890354],[0.733685,0.650021,0.197936],[0.54038,-0.734777,0.40999]],[[0.411941,-0.193843,-0.890354],[0.701818,0.690693,0.174337],[0.581167,-0.696683,0.420567]]],4]],[[0,200,0],[235.247,235.247,147.751]]],[103114,80894996348,[[26,"right",[-0.256321,0.954661,0.1514],[-0.730597,-0.0887937,-0.677011],[-85.6021,127.133,117.635],[-68.5326,331.482,-18.7278],[-85.599,127.064,117.636],0.898853,0.0676493,0.42419,[[0.583719,0.304745,-0.752597],[0.0905161,0.896694,0.433298],[0.806894,-0.321047,0.495833]],63.72,[154.081,-8.55176,240.769],[-63.7804,78.1309,106.894]]],[[260,[-0.643421,0.709384,-0.287721],26,52.1164,[-147.329,127.776,96.2449],[-146.964,128.656,95.3805],[-68.3341,376.946,-33.4477],false,[-88.8357,65.8047,119.596],[-88.8357,65.8047,119.596],[-129.112,95.243,121.316],[-151.05,119.43,111.506],[-146.252,130.836,91.6419],[[[0.858115,0.380044,0.345261],[-0.0825662,-0.561538,0.823321],[0.506775,-0.735011,-0.450486]],[[0.519591,0.680716,0.516383],[-0.281075,-0.434552,0.855665],[0.80686,-0.589737,-0.034457]],[[0.519591,0.680716,0.516383],[-0.56217,-0.182755,0.806577],[0.643421,-0.709384,0.287721]],[[0.519591,0.680716,0.516383],[-0.829451,0.546892,0.113668],[-0.20503,-0.487375,0.848781]]],0],[261,[0.00576044,-0.872092,-0.489307],26,58.8075,[-131.771,104.834,96.5348],[-132.497,105.36,96.0789],[-67.7048,364.472,-53.6621],false,[-72.1885,80.0479,128.645],[-106.277,144.079,140.914],[-136.591,138.128,111.057],[-136.451,117.049,99.2304],[-130.383,101.472,95.7025],[[[0.580852,0.4404,-0.684587],[0.669268,0.220339,0.709599],[0.463348,-0.870344,-0.166761]],[[0.605099,0.392605,-0.692616],[-0.368783,0.909216,0.193199],[0.705588,0.13852,0.694952]],[[0.605099,0.392605,-0.692616],[-0.796129,0.29209,-0.529964],[-0.00576044,0.872092,0.489307]],[[0.605099,0.392605,-0.692616],[-0.712527,-0.121068,-0.691121],[-0.355191,0.911704,0.206483]]],1],[262,[-0.0919045,-0.926513,-0.364866],26,67.0064,[-127.704,101.479,86.8308],[-128.508,101.895,86.374],[-65.3139,374.34,-56.4846],false,[-64.2469,86.3001,121.613],[-90.7889,150.635,126.531],[-129.349,141.764,99.004],[-131.962,115.417,88.6285],[-126.44,97.6112,86.2654],[[[0.51545,0.274706,-0.811695],[0.767843,0.27246,0.579813],[0.380432,-0.922118,-0.0704916]],[[0.518018,0.268447,-0.812154],[-0.302772,0.945552,0.119422],[0.799992,0.184035,0.57109]],[[0.518018,0.268447,-0.812154],[-0.850418,0.263648,-0.455279],[0.0919045,0.926513,0.364866]],[[0.518018,0.268447,-0.812154],[-0.803301,-0.173535,-0.569731],[-0.29388,0.947535,0.125749]]],2],[263,[-0.206263,-0.950009,-0.234389],26,64.4285,[-115.758,103.998,80.1971],[-116.676,104.616,79.694],[-61.7009,379.357,-50.5177],false,[-57.5664,90.6602,112.27],[-75.3041,150.686,109.814],[-112.974,144.607,86.5692],[-118.688,118.29,80.0762],[-114.887,99.9971,80.2123],[[[0.506456,0.114688,-0.854605],[0.814444,0.261856,0.517796],[0.283169,-0.958268,0.0392114]],[[0.510798,0.0997715,-0.853892],[-0.168083,0.985664,0.0146208],[0.843109,0.136057,0.520245]],[[0.510798,0.0997715,-0.853892],[-0.83459,0.295851,-0.464684],[0.206263,0.950009,0.234389]],[[0.510798,0.0997715,-0.853892],[-0.835288,-0.17742,-0.5204],[-0.203418,0.979065,-0.00728759]]],3],[264,[-0.538208,0.738926,-0.405364],26,50.5107,[-99.1684,199.494,64.5773],[-99.7127,199.117,64.3797],[-27.454,407.124,57.8537],false,[-54.9066,91.1398,98.2965],[-64.1421,148.008,91.7383],[-80.9488,175.947,78.056],[-91.4755,190.4,70.1276],[-101.46,202.478,62.9503],[[[0.394247,-0.0418451,-0.918051],[0.905097,0.19081,0.379987],[0.159273,-0.980735,0.1131]],[[0.41358,-0.187524,-0.890947],[0.776549,0.583515,0.237659],[0.475314,-0.790155,0.386951]],[[0.41358,-0.187524,-0.890947],[0.73436,0.647165,0.204678],[0.538208,-0.738926,0.405364]],[[0.41358,-0.187524,-0.890947],[0.702416,0.688319,0.181187],[0.579279,-0.700751,0.416395]]],4]],[[0,200,0],[235.247,235.247,147.751]]],[103115,80895005001,[[26,"right",[-0.276094,0.949104,0.151573],[-0.717913,-0.0987927,-0.689087],[-86.8411,132.036,117.675],[-88.3577,393.92,-12.5219],[-86.8183,131.944,117.674],0.896099,0.0654801,0.368785,[[0.590208,0.320813,-0.740766],[0.0931198,0.884457,0.457237],[0.801863,-0.338845,0.492139]],63.72,[152.543,-7.9972,239.943],[-63.9595,83.4908,107.065]]],[[260,[-0.650737,0.699292,-0.295858],26,52.1164,[-148.173,131.78,95.2494],[-147.886,132.596,94.4154],[-78.0895,399.609,-57.3678],false,[-88.986,70.6502,119.306],[-88.986,70.6502,119.306],[-129.778,99.3995,120.414],[-151.966,123.242,110.327],[-147.159,134.892,90.6061],[[[0.845394,0.393908,0.360756],[-0.0854862,-0.566909,0.819333],[0.527258,-0.723499,-0.445588]],[[0.498854,0.68749,0.527733],[-0.288686,-0.442329,0.84912],[0.817194,-0.575936,-0.0221892]],[[0.498854,0.68749,0.527733],[-0.572439,-0.195825,0.79622],[0.650737,-0.699292,0.295858]],[[0.498854,0.68749,0.527733],[-0.842,0.528735,0.107127],[-0.205382,-0.497792,0.842628]]],0],[261,[0.02977,-0.869562,-0.492926],26,58.8075,[-132.224,108.964,95.7687],[-132.961,109.512,95.2802],[-64.2531,395.561,-63.7453],false,[-72.7486,85.1499,128.687],[-108.192,148.491,140.695],[-137.909,142.132,110.326],[-137.19,121.115,98.4122],[-130.777,105.669,94.9171],[[[0.583612,0.454179,-0.67314],[0.653679,0.229043,0.721279],[0.481768,-0.860965,-0.163215]],[[0.608852,0.406877,-0.680993],[-0.388387,0.901415,0.19133],[0.691705,0.147998,0.706853]],[[0.608852,0.406877,-0.680993],[-0.792725,0.279845,-0.541547],[-0.02977,0.869562,0.492926]],[[0.608852,0.406877,-0.680993],[-0.698872,-0.131054,-0.703138],[-0.375337,0.904033,0.204562]]],1],[262,[-0.0687839,-0.926359,-0.370307],26,67.0064,[-127.947,105.729,86.1146],[-128.748,106.168,85.6278],[-55.7158,406.541,-64.1711],false,[-64.8108,91.5792,121.811],[-92.5978,155.396,126.593],[-130.543,145.958,98.4082],[-132.499,119.616,87.878],[-126.607,101.927,85.5295],[[[0.523291,0.287939,-0.802034],[0.753354,0.283572,0.593334],[0.398278,-0.914701,-0.0685292]],[[0.525978,0.281732,-0.80248],[-0.32187,0.939301,0.1188],[0.78724,0.195808,0.584733]],[[0.525978,0.281732,-0.80248],[-0.847712,0.249971,-0.467866],[0.0687839,0.926359,0.370307]],[[0.525978,0.281732,-0.80248],[-0.790596,-0.185874,-0.583445],[-0.313536,0.941317,0.12497]]],2],[263,[-0.184445,-0.952688,-0.24159],26,64.4285,[-115.931,108.506,79.686],[-116.842,109.135,79.1643],[-50.8265,418.183,-53.1512],false,[-58.0621,96.1049,112.597],[-76.8507,155.81,110.127],[-114.028,149.17,86.2521],[-119.137,122.779,79.5595],[-114.986,104.562,79.6875],[[[0.517907,0.127993,-0.845807],[0.801128,0.274116,0.532029],[0.299945,-0.953141,0.0394279]],[[0.522512,0.113144,-0.845091],[-0.186042,0.982403,0.0165],[0.832087,0.148601,0.534367]],[[0.522512,0.113144,-0.845091],[-0.832443,0.282106,-0.476922],[0.184445,0.952688,0.24159]],[[0.522512,0.113144,-0.845091],[-0.82317,-0.191356,-0.534578],[-0.222198,0.974978,-0.00684901]]],3],[264,[-0.544395,0.731229,-0.411021],26,50.5107,[-100.734,204.378,64.7297],[-101.35,204.046,64.5216],[-70.7843,450.209,46.6763],false,[-55.1879,96.7001,98.6708],[-65.3534,153.422,92.2223],[-82.4016,181.14,78.3905],[-93.0493,195.442,70.3515],[-103.133,207.37,63.0605],[[[0.409605,-0.0302462,-0.911761],[0.895259,0.205394,0.395378],[0.175312,-0.978212,0.111209]],[[0.431231,-0.17632,-0.884845],[0.762613,0.59531,0.253035],[0.482142,-0.783911,0.39118]],[[0.43123