{"metadata":{"formatVersion":2,"generatedBy":"LeapJS Playback 0.2.1","frames":145,"protocolVersion":6,"serviceVersion":"2.2.5+26752","frameRate":"1.1e+2","modified":"Wed Apr 22 2015 20:01:13 GMT-0300 (E. South America Standard Time)"},"frames":[["id","timestamp",{"hands":[["id","type","direction","palmNormal","palmPosition","palmVelocity","stabilizedPalmPosition","pinchStrength","grabStrength","confidence","armBasis","armWidth","elbow","wrist"]]},{"pointables":[["id","direction","handId","length","stabilizedTipPosition","tipPosition","tipVelocity","tool","carpPosition","mcpPosition","pipPosition","dipPosition","btipPosition","bases","type"]]},{"interactionBox":["center","size"]}],[103283,80896479231,[[26,"right",[-0.291356,0.95072,0.106035],[-0.708326,-0.139906,-0.691882],[-73.2321,105.263,123.695],[-27.5305,282.072,-80.7282],[-73.263,105.112,123.76],0.784402,0.103522,0.50524,[[0.597589,0.292233,-0.746651],[0.0365536,0.920318,0.38946],[0.800969,-0.26003,0.539289]],63.72,[166.724,-13.5704,261.122],[-49.5378,56.6376,115.514]]],[[260,[-0.628846,0.692402,-0.353739],26,52.1164,[-135.631,104.257,103.146],[-134.525,104.779,101.98],[-59.3772,296.841,-50.0196],false,[-74.5201,43.9854,128.038],[-74.5201,43.9854,128.038],[-116.008,71.6482,130.331],[-137.449,95.2561,118.27],[-135.057,107.492,98.4636],[[[0.835415,0.421992,0.352143],[-0.0869638,-0.531143,0.842807],[0.542696,-0.734717,-0.407027]],[[0.499926,0.708506,0.49809],[-0.243489,-0.436939,0.865909],[0.831136,-0.55417,-0.0459241]],[[0.499926,0.708506,0.49809],[-0.595505,-0.136378,0.791691],[0.628846,-0.692402,0.353739]],[[0.499926,0.708506,0.49809],[-0.860014,0.474001,0.188945],[-0.102226,-0.522822,0.84629]]],0],[261,[0.171868,-0.919406,-0.353771],26,58.8075,[-113.325,80.7553,107.235],[-113.978,81.3117,106.477],[-18.7323,296.454,-109.023],false,[-58.6019,59.1258,136.941],[-95.0831,122.407,145.72],[-124.476,114.587,115.377],[-120.321,92.365,106.826],[-111.143,77.9554,107.027],[[[0.584904,0.43239,-0.68624],[0.64187,0.270495,0.717521],[0.495874,-0.860158,-0.119325]],[[0.613127,0.380916,-0.692082],[-0.395,0.906517,0.149001],[0.684142,0.182016,0.706272]],[[0.613127,0.380916,-0.692082],[-0.771062,0.0979598,-0.62918],[-0.171868,0.919406,0.353771]],[[0.613127,0.380916,-0.692082],[-0.579214,-0.378982,-0.721723],[-0.537203,0.843372,-0.0117329]]],1],[262,[0.0786749,-0.966264,-0.245243],26,67.0064,[-107.663,77.0798,97.4627],[-108.128,77.6346,96.7478],[-18.4792,308.519,-114.039],false,[-50.6768,65.3598,129.874],[-79.4252,128.909,131.497],[-116.915,117.754,103.331],[-114.678,90.2765,96.3568],[-105.466,73.931,97.4081],[[[0.52847,0.259714,-0.80825],[0.742245,0.320751,0.58838],[0.412058,-0.910861,-0.0232638]],[[0.533438,0.248628,-0.808473],[-0.332396,0.940544,0.0699257],[0.77779,0.231432,0.584365]],[[0.533438,0.248628,-0.808473],[-0.842172,0.0672153,-0.535002],[-0.0786749,0.966264,0.245243]],[[0.533438,0.248628,-0.808473],[-0.689311,-0.426156,-0.585868],[-0.490198,0.869814,-0.0559454]]],2],[263,[-0.0550151,-0.991863,-0.114807],26,64.4285,[-96.2482,80.5863,90.7517],[-96.9019,80.9856,90.1049],[-10.9861,319.4,-105.571],false,[-43.8861,69.5708,120.542],[-63.4942,128.823,115.205],[-100.397,121.42,91.129],[-101.921,93.9434,87.9486],[-94.4652,77.1508,91.3415],[[[0.525881,0.097919,-0.844903],[0.790862,0.309287,0.528089],[0.313028,-0.945914,0.0852077]],[[0.535589,0.0677251,-0.841759],[-0.175962,0.98385,-0.0328029],[0.825943,0.165687,0.538856]],[[0.535589,0.0677251,-0.841759],[-0.842685,0.107799,-0.527505],[0.0550151,0.991863,0.114807]],[[0.535589,0.0677251,-0.841759],[-0.744248,-0.43316,-0.508396],[-0.399048,0.898769,-0.181592]]],3],[264,[-0.545926,0.678641,-0.491337],26,50.5107,[-87.3759,173.38,64.4841],[-87.0069,173.393,64.1177],[-28.346,364.193,5.99803],false,[-40.8581,69.589,106.636],[-51.7555,125.812,97.5522],[-68.9108,151.75,80.7241],[-79.5884,165.023,71.1141],[-89.6756,176.028,62.4975],[[[0.420625,-0.0646766,-0.904926],[0.887556,0.23596,0.395687],[0.187934,-0.969608,0.156655]],[[0.449729,-0.257432,-0.855262],[0.749902,0.628983,0.205004],[0.485171,-0.733559,0.47592]],[[0.449729,-0.257432,-0.855262],[0.706901,0.687878,0.164666],[0.545926,-0.678641,0.491337]],[[0.449729,-0.257432,-0.855262],[0.674739,0.725327,0.136482],[0.58521,-0.638459,0.4999]]],4]],[[0,200,0],[235.247,235.247,147.751]]],[103284,80896487905,[[26,"right",[-0.290994,0.951088,0.103701],[-0.693475,-0.13501,-0.707718],[-74.3006,108.695,123.753],[-52.9836,312.306,-57.4449],[-74.2344,108.467,123.754],0.781844,0.10247,0.507187,[[0.598622,0.299924,-0.742763],[0.0413244,0.914461,0.402559],[0.799965,-0.271675,0.535022]],63.72,[165.424,-13.3145,260.34],[-50.5669,60.0377,115.884]]],[[260,[-0.621393,0.695195,-0.361351],26,52.1164,[-136.264,107.858,102.016],[-135.272,108.485,100.855],[-66.6507,332.089,-72.6974],false,[-75.8504,47.4039,127.808],[-75.8504,47.4039,127.808],[-117.3,75.1786,129.319],[-138.486,98.8817,116.998],[-135.724,111.245,97.3198],[[[0.828701,0.418153,0.372025],[-0.106745,-0.534415,0.838455],[0.549418,-0.73454,-0.398234]],[[0.491024,0.704934,0.511824],[-0.26345,-0.439856,0.858557],[0.830355,-0.556412,-0.0302652]],[[0.491024,0.704934,0.511824],[-0.610546,-0.140612,0.779398],[0.621393,-0.695195,0.361351]],[[0.491024,0.704934,0.511824],[-0.863111,0.473288,0.176177],[-0.118047,-0.528268,0.840832]]],0],[261,[0.177193,-0.91836,-0.353861],26,58.8075,[-113.889,84.1665,106.276],[-114.715,84.9342,105.559],[-36.9106,328.653,-107.881],false,[-60.0885,62.4618,137.12],[-96.579,125.809,145.371],[-125.327,118.202,114.363],[-121.044,96.0046,105.81],[-111.908,81.5709,106.15],[[[0.600886,0.433601,-0.67151],[0.626833,0.265677,0.732459],[0.496,-0.861049,-0.112154]],[[0.62902,0.382205,-0.676944],[-0.395714,0.906955,0.14437],[0.669137,0.177065,0.721737]],[[0.62902,0.382205,-0.676944],[-0.756926,0.102636,-0.645391],[-0.177193,0.91836,0.353861]],[[0.62902,0.382205,-0.676944],[-0.564265,-0.374507,-0.735765],[-0.534733,0.844786,-0.0199076]]],1],[262,[0.0817883,-0.965489,-0.247268],26,67.0064,[-108.036,80.5271,96.5879],[-108.653,81.2828,95.9559],[-30.0862,338.26,-107.736],false,[-51.9944,68.7029,130.253],[-80.5974,132.326,131.52],[-117.496,121.396,102.497],[-115.17,93.9407,95.4654],[-106.018,77.571,96.6565],[[[0.54665,0.261596,-0.79545],[0.730133,0.316189,0.605747],[0.409974,-0.911916,-0.0181554]],[[0.551595,0.250488,-0.795612],[-0.331237,0.941189,0.066676],[0.765523,0.226758,0.602126]],[[0.551595,0.250488,-0.795612],[-0.830093,0.0713203,-0.553046],[-0.0817883,0.965489,0.247268]],[[0.551595,0.250488,-0.795612],[-0.677179,-0.422427,-0.602481],[-0.487003,0.871097,-0.0633834]]],2],[263,[-0.0531,-0.991497,-0.118807],26,64.4285,[-96.4576,84.1104,90.1824],[-97.2042,84.6411,89.6184],[-17.6,346.598,-91.8735],false,[-44.9906,72.9337,121.089],[-64.3157,132.263,115.578],[-100.707,125.071,90.673],[-102.178,97.6043,87.3819],[-94.7922,80.8067,90.9014],[[[0.544417,0.0999641,-0.832837],[0.78002,0.30484,0.54648],[0.308511,-0.947143,0.087986]],[[0.553968,0.069741,-0.829612],[-0.172415,0.984493,-0.0323679],[0.814489,0.160968,0.557402]],[[0.553968,0.069741,-0.829612],[-0.830843,0.109868,-0.545554],[0.0531,0.991496,0.118807]],[[0.553968,0.069741,-0.829612],[-0.732713,-0.432286,-0.525605],[-0.395286,0.899035,-0.188373]]],3],[264,[-0.533079,0.682707,-0.499737],26,50.5107,[-86.9459,177.124,64.5663],[-86.5919,177.136,64.2131],[-7.79405,382.392,7.15505],false,[-41.6605,73.0015,107.252],[-52.2038,129.292,98.1719],[-68.9088,155.367,81.1038],[-79.3352,168.72,71.3295],[-89.2005,179.797,62.5497],[[[0.440049,-0.062081,-0.895825],[0.879373,0.231794,0.415903],[0.181827,-0.970782,0.156593]],[[0.467489,-0.254627,-0.846534],[0.747167,0.625593,0.224444],[0.472436,-0.737427,0.482707]],[[0.467489,-0.254627,-0.846534],[0.705181,0.684891,0.183422],[0.533079,-0.682707,0.499737]],[[0.467489,-0.254627,-0.846534],[0.673707,0.722627,0.15469],[0.57234,-0.642631,0.509364]]],4]],[[0,200,0],[235.247,235.247,147.751]]],[103285,80896496669,[[26,"right",[-0.286429,0.952503,0.103422],[-0.685688,-0.1284,-0.716481],[-74.5732,111.015,124.075],[-47.1124,299.538,-32.1536],[-74.5535,110.867,124.057],0.780386,0.101039,0.504884,[[0.598161,0.303026,-0.741875],[0.0456773,0.911354,0.40908],[0.800073,-0.278583,0.531296]],63.72,[164.977,-12.9775,259.777],[-51.043,62.2398,116.327]]],[[260,[-0.614081,0.700063,-0.36444],26,52.1164,[-136.416,110.788,101.569],[-135.366,111.269,100.546],[-51.1504,328.793,-63.5985],false,[-76.5451,49.7216,127.903],[-76.5451,49.7216,127.903],[-117.831,77.7578,129.018],[-138.768,101.627,116.592],[-135.741,114.065,96.9996],[[[0.826679,0.411825,0.383408],[-0.120113,-0.536539,0.835284],[0.549704,-0.736564,-0.39408]],[[0.489417,0.700026,0.520034],[-0.276442,-0.441037,0.853854],[0.827074,-0.561649,-0.0223345]],[[0.489417,0.700026,0.520034],[-0.619174,-0.14098,0.772495],[0.614081,-0.700063,0.36444]],[[0.489417,0.700026,0.520034],[-0.862405,0.476973,0.16957],[-0.129339,-0.53147,0.837144]]],0],[261,[0.17603,-0.918208,-0.354835],26,58.8075,[-114.15,86.9428,105.913],[-114.897,87.5658,105.322],[-32.979,320.935,-86.1069],false,[-60.8054,64.6516,137.455],[-97.0065,128.193,145.481],[-125.425,120.868,114.104],[-121.17,98.6749,105.528],[-112.123,84.1868,105.93],[[[0.611579,0.432143,-0.662739],[0.61955,0.25939,0.740861],[0.492066,-0.863695,-0.109096]],[[0.639397,0.380723,-0.667998],[-0.391944,0.908835,0.142825],[0.661477,0.170496,0.730328]],[[0.639397,0.380723,-0.667998],[-0.748455,0.109293,-0.654118],[-0.17603,0.918208,0.354835]],[[0.639397,0.380723,-0.667998],[-0.557482,-0.368768,-0.74379],[-0.529514,0.847974,-0.0235433]]],1],[262,[0.0792903,-0.965184,-0.249263],26,67.0064,[-108.179,83.3292,96.2883],[-108.731,83.9107,95.7915],[-24.6963,327.823,-83.7685],false,[-52.591,70.8658,130.707],[-80.8194,134.658,131.846],[-117.431,124.052,102.343],[-115.176,96.6061,95.2552],[-106.13,80.1824,96.5093],[[[0.557798,0.260887,-0.787908],[0.724678,0.30969,0.615576],[0.404603,-0.914347,-0.0163151]],[[0.56268,0.249741,-0.788049],[-0.326254,0.942983,0.0658911],[0.759572,0.220028,0.612077]],[[0.56268,0.249741,-0.788049],[-0.822864,0.0777707,-0.562892],[-0.0792903,0.965184,0.249263]],[[0.56268,0.249741,-0.788049],[-0.672067,-0.416893,-0.611985],[-0.48137,0.873974,-0.0667341]]],2],[263,[-0.0562207,-0.990961,-0.121801],26,64.4285,[-96.4367,86.8405,90.1243],[-97.137,87.2247,89.6357],[-11.1174,332.593,-66.4834],false,[-45.4516,75.084,121.643],[-64.3471,134.548,116.101],[-100.478,127.664,90.7352],[-102.035,100.212,87.3611],[-94.7602,83.3789,90.9384],[[[0.555031,0.0993972,-0.825869],[0.775207,0.298233,0.556877],[0.301653,-0.949304,0.088475]],[[0.564363,0.0690925,-0.82263],[-0.165982,0.985639,-0.0310877],[0.808668,0.154086,0.567726]],[[0.564363,0.0690925,-0.82263],[-0.82361,0.114989,-0.555378],[0.0562207,0.990961,0.121801]],[[0.564363,0.0690925,-0.82263],[-0.727923,-0.428379,-0.535369],[-0.389388,0.900954,-0.191467]]],3],[264,[-0.522558,0.688274,-0.503202],26,50.5107,[-86.075,179.808,65.0068],[-85.7272,179.759,64.6645],[21.3182,360.537,19.0398],false,[-41.9543,75.1775,107.847],[-52.0442,131.562,98.8326],[-68.3695,157.819,81.677],[-78.5901,171.281,71.835],[-88.2774,182.458,62.984],[[[0.450447,-0.0617945,-0.890662],[0.875682,0.225014,0.427259],[0.174009,-0.972394,0.155469]],[[0.476067,-0.25408,-0.841905],[0.748462,0.619684,0.236213],[0.461699,-0.742587,0.48518]],[[0.476067,-0.25408,-0.841905],[0.707315,0.679502,0.194893],[0.522558,-0.688274,0.503202]],[[0.476067,-0.25408,-0.841905],[0.676389,0.717617,0.165903],[0.562013,-0.648436,0.51349]]],4]],[[0,200,0],[235.247,235.247,147.751]]],[103286,80896505501,[[26,"right",[-0.287717,0.951721,0.106986],[-0.677647,-0.123365,-0.724966],[-74.4073,114.159,123.517],[-29.3035,314.788,-40.5621],[-74.4154,113.977,123.547],0.779231,0.0990387,0.508297,[[0.602571,0.31044,-0.735211],[0.0473255,0.905721,0.421225],[0.796661,-0.288612,0.531069]],63.72,[164.314,-12.4833,259.073],[-50.7843,65.442,115.685]]],[[260,[-0.612433,0.702289,-0.362927],26,52.1164,[-136.162,114.043,100.585],[-135.074,114.567,99.4952],[-27.8181,340.76,-78.8094],false,[-76.4117,52.8397,126.886],[-76.4117,52.8397,126.886],[-117.716,80.8554,127.807],[-138.597,104.8,115.433],[-135.388,117.396,95.9707],[[[0.822292,0.40916,0.395505],[-0.129319,-0.542467,0.830064],[0.554177,-0.733701,-0.393154]],[[0.483963,0.696095,0.530313],[-0.284795,-0.447732,0.847601],[0.827449,-0.561238,-0.0184412]],[[0.483963,0.696095,0.530313],[-0.625065,-0.149138,0.766193],[0.612433,-0.702289,0.362927]],[[0.483963,0.696095,0.530313],[-0.864281,0.475164,0.165037],[-0.137104,-0.538212,0.831583]]],0],[261,[0.180284,-0.915613,-0.359375],26,58.8075,[-113.88,90.1287,104.888],[-114.505,90.8427,104.157],[-12.4273,334.439,-98.451],false,[-60.7817,67.7028,136.719],[-97.0803,131.183,144.792],[-125.148,124.081,113.051],[-120.791,101.95,104.365],[-111.743,87.4627,104.766],[[[0.618851,0.436889,-0.652802],[0.611219,0.254174,0.749537],[0.49339,-0.862858,-0.109739]],[[0.64667,0.385634,-0.658106],[-0.393701,0.907723,0.145043],[0.653312,0.165302,0.738822]],[[0.64667,0.385634,-0.658106],[-0.741158,0.113751,-0.661623],[-0.180284,0.915613,0.359375]],[[0.64667,0.385634,-0.658106],[-0.548983,-0.363694,-0.752559],[-0.529561,0.847947,-0.0234837]]],1],[262,[0.082588,-0.963423,-0.254943],26,67.0064,[-107.797,86.5826,95.3251],[-108.223,87.257,94.6801],[-2.75162,341.543,-95.0706],false,[-52.4938,73.9655,130.108],[-80.7434,137.746,131.385],[-117.023,127.348,101.402],[-114.674,99.9518,94.1522],[-105.632,83.5255,95.3982],[[[0.566494,0.266523,-0.779776],[0.717728,0.30537,0.625792],[0.404908,-0.914174,-0.0183003]],[[0.571383,0.25537,-0.779941],[-0.327095,0.942472,0.0689578],[0.752682,0.215713,0.622043]],[[0.571383,0.25537,-0.779941],[-0.816517,0.0812563,-0.571574],[-0.082588,0.963423,0.254943]],[[0.571383,0.25537,-0.779941],[-0.664822,-0.413178,-0.622331],[-0.481179,0.874111,-0.0663072]]],2],[263,[-0.0532655,-0.990275,-0.128524],26,64.4285,[-95.8975,90.1541,89.3107],[-96.5135,90.616,88.7068],[10.6972,346.371,-76.7849],false,[-45.2545,78.2486,121.154],[-64.0968,137.749,115.824],[-99.9413,131.037,90.0094],[-101.417,103.604,86.4491],[-94.1465,86.7654,90.011],[[[0.564177,0.105306,-0.818911],[0.768909,0.294334,0.567579],[0.300803,-0.949883,0.0850861]],[[0.573462,0.0750325,-0.815789],[-0.16591,0.985799,-0.025958],[0.802257,0.150234,0.577767]],[[0.573462,0.0750325,-0.815789],[-0.817499,0.117157,-0.563888],[0.0532655,0.990275,0.128524]],[[0.573462,0.0750325,-0.815789],[-0.720921,-0.426765,-0.546026],[-0.38912,0.901245,-0.190641]]],3],[264,[-0.516434,0.692716,-0.503429],26,50.5107,[-85.2164,183.417,64.8775],[-84.8982,183.366,64.5194],[41.7142,373.934,9.44184],false,[-41.6038,78.4403,107.399],[-51.6019,134.886,98.6727],[-67.7166,161.294,81.5492],[-77.8175,174.843,71.7027],[-87.3979,186.098,62.8345],[[[0.460347,-0.0554303,-0.886007],[0.870833,0.222046,0.438571],[0.172424,-0.973459,0.150489]],[[0.485408,-0.24751,-0.838521],[0.746108,0.617221,0.249723],[0.455744,-0.746845,0.484274]],[[0.485408,-0.24751,-0.838521],[0.70546,0.67741,0.208427],[0.516434,-0.692716,0.503429]],[[0.485408,-0.24751,-0.838521],[0.674868,0.715803,0.179385],[0.555816,-0.652966,0.514494]]],4]],[[0,200,0],[235.247,235.247,147.751]]],[103287,80896513890,[[26,"right",[-0.284059,0.950188,0.128271],[-0.677482,-0.104241,-0.728116],[-73.596,116.863,122.031],[3.28257,316.715,-75.8639],[-73.6559,116.652,122.142],0.777199,0.0980432,0.51226,[[0.613056,0.320439,-0.722137],[0.0425932,0.899316,0.43522],[0.788891,-0.297572,0.537682]],63.72,[162.842,-12.1027,258.292],[-50.1583,68.2418,113.117]]],[[260,[-0.613928,0.711935,-0.340943],26,52.1164,[-135.644,117.36,99.5494],[-134.514,117.999,98.3704],[-3.14543,357.486,-91.2975],false,[-75.8451,55.4908,124.01],[-75.8451,55.4908,124.01],[-117.083,83.5647,125.752],[-138.016,107.839,114.128],[-134.826,120.906,94.9758],[[[0.823546,0.396844,0.405324],[-0.132196,-0.560598,0.817468],[0.551631,-0.726805,-0.409217]],[[0.487047,0.681547,0.546149],[-0.283375,-0.468183,0.836961],[0.826126,-0.562404,-0.0348933]],[[0.487047,0.681547,0.546149],[-0.621191,-0.169241,0.765166],[0.613928,-0.711935,0.340943]],[[0.487047,0.681547,0.546149],[-0.862676,0.473,0.179057],[-0.136293,-0.558359,0.818328]]],0],[261,[0.177148,-0.907918,-0.379873],26,58.8075,[-113.246,93.2786,103.096],[-113.757,94.1512,102.123],[13.6308,349.577,-135.866],false,[-60.1655,70.0656,134.189],[-96.2207,133.49,143.669],[-124.289,127.222,111.753],[-120.008,105.277,102.571],[-111.014,90.7504,102.653],[[[0.62115,0.449097,-0.64225],[0.611548,0.234722,0.755588],[0.490083,-0.8621,-0.128847]],[[0.648713,0.39798,-0.648678],[-0.390291,0.905719,0.165369],[0.653334,0.145896,0.742879]],[[0.648713,0.39798,-0.648678],[-0.740129,0.131516,-0.659479],[-0.177148,0.907918,0.379873]],[[0.648713,0.39798,-0.648678],[-0.549628,-0.344551,-0.761048],[-0.526384,0.850233,-0.00477342]]],1],[262,[0.0793515,-0.957768,-0.276376],26,67.0064,[-107.141,89.9046,93.4992],[-107.472,90.7567,92.5823],[20.9538,360.756,-135.225],false,[-51.847,76.4434,127.728],[-79.8461,140.29,130.426],[-116.14,130.718,100.186],[-113.884,103.483,92.3273],[-104.9,87.0013,93.2158],[[[0.568235,0.281857,-0.773089],[0.718368,0.288284,0.633119],[0.401318,-0.915122,-0.0386637]],[[0.573083,0.270684,-0.773502],[-0.323416,0.941965,0.0900204],[0.752979,0.198574,0.627368]],[[0.573083,0.270684,-0.773502],[-0.815646,0.097008,-0.57036],[-0.0793515,0.957768,0.276376]],[[0.573083,0.270684,-0.773502],[-0.665601,-0.396883,-0.632028],[-0.47807,0.877048,-0.0472791]]],2],[263,[-0.054014,-0.987372,-0.148927],26,64.4285,[-95.0782,93.576,87.5715],[-95.6375,94.1921,86.7659],[35.3002,366.325,-116.515],false,[-44.5829,80.8993,118.879],[-63.1858,140.58,114.883],[-99.0283,134.562,88.8946],[-100.525,107.21,84.769],[-93.26,90.3027,88.0025],[[[0.565317,0.121577,-0.815865],[0.769557,0.278366,0.574712],[0.296981,-0.952749,0.0638043]],[[0.574462,0.091265,-0.813428],[-0.162633,0.986678,-0.0041519],[0.802212,0.134675,0.581651]],[[0.574462,0.091265,-0.813428],[-0.816747,0.129489,-0.562278],[0.054014,0.987372,0.148927]],[[0.574462,0.091265,-0.813428],[-0.72029,-0.415687,-0.555325],[-0.388813,0.904917,-0.173059]]],3],[264,[-0.513076,0.706364,-0.48765],26,50.5107,[-84.0747,187.479,64.9897],[-83.7614,187.449,64.6352],[66.4268,403.089,10.6568],false,[-40.9193,81.3878,105.135],[-50.687,138.056,97.6811],[-66.6723,164.924,81.1627],[-76.7075,178.74,71.6248],[-86.2339,190.236,63.0118],[[[0.460914,-0.0371868,-0.886665],[0.871311,0.208613,0.444183],[0.168452,-0.977291,0.128554]],[[0.485148,-0.230024,-0.843635],[0.748499,0.608037,0.264651],[0.452085,-0.759855,0.467161]],[[0.485148,-0.230024,-0.843635],[0.708085,0.669431,0.224671],[0.513076,-0.706364,0.48765]],[[0.485148,-0.230024,-0.843635],[0.677627,0.70868,0.196454],[0.552678,-0.66698,0.499685]]],4]],[[0,200,0],[235.247,235.247,147.751]]],[103288,80896522853,[[26,"right",[-0.277851,0.949213,0.147623],[-0.680001,-0.0858017,-0.728173],[-72.8284,119.725,120.986],[25.8168,317.452,-87.0248],[-72.8888,119.501,121.07],0.774582,0.0979219,0.525136,[[0.622856,0.32619,-0.711091],[0.0417964,0.89376,0.446594],[0.781219,-0.307885,0.54305]],63.72,[161.215,-11.9828,257.681],[-49.7146,71.1461,111.058]]],[[260,[-0.613562,0.721667,-0.320529],26,52.1164,[-135.119,121.064,98.928],[-134.026,121.681,97.8162],[13.3646,371.899,-82.7662],false,[-75.4513,58.3416,121.769],[-75.4513,58.3416,121.769],[-116.527,86.5931,124.306],[-137.446,111.199,113.378],[-134.33,124.677,94.5001],[[[0.827031,0.383774,0.410777],[-0.133532,-0.57569,0.806691],[0.546068,-0.72201,-0.424867]],[[0.493427,0.667299,0.557891],[-0.281828,-0.484148,0.828356],[0.822863,-0.565962,-0.0508281]],[[0.493427,0.667299,0.557891],[-0.6165,-0.184143,0.765519],[0.613562,-0.721667,0.320529]],[[0.493427,0.667299,0.557891],[-0.859534,0.472288,0.195307],[-0.133157,-0.575896,0.806606]]],0],[261,[0.170707,-0.901333,-0.398067],26,58.8075,[-112.649,96.7286,101.622],[-113.169,97.6569,100.753],[27.6797,360.599,-140.781],false,[-59.6556,72.6178,132.189],[-95.2937,136.064,143.006],[-123.485,130.597,111.051],[-119.359,108.811,101.429],[-110.452,94.2328,101.203],[[[0.622241,0.457785,-0.635019],[0.614947,0.216121,0.758375],[0.484414,-0.862395,-0.147034]],[[0.649412,0.406753,-0.642508],[-0.384302,0.904632,0.184265],[0.656183,0.127252,0.743795]],[[0.649412,0.406753,-0.642508],[-0.741029,0.148829,-0.654772],[-0.170707,0.901333,0.398067]],[[0.649412,0.406753,-0.642508],[-0.553606,-0.326361,-0.766165],[-0.52133,0.853253,0.0132384]]],1],[262,[0.073049,-0.952684,-0.295054],26,67.0064,[-106.565,93.519,91.956],[-106.922,94.412,91.1397],[31.9126,373.302,-142.404],false,[-51.3147,79.0699,125.831],[-78.912,143.021,129.854],[-115.343,134.268,99.5322],[-113.266,107.177,91.1419],[-104.374,90.6308,91.6904],[[[0.567955,0.293468,-0.768963],[0.721777,0.271417,0.636687],[0.395557,-0.916629,-0.0576657]],[[0.572736,0.28227,-0.769609],[-0.317335,0.941989,0.109335],[0.755825,0.181604,0.629085]],[[0.572736,0.28227,-0.769609],[-0.816479,0.112769,-0.566256],[-0.073049,0.952684,0.295054]],[[0.572736,0.28227,-0.769609],[-0.669395,-0.380867,-0.637848],[-0.473163,0.880491,-0.029186]]],2],[263,[-0.0570432,-0.984496,-0.165875],26,64.4285,[-94.3586,97.2299,86.1748],[-94.9573,97.8752,85.4393],[46.852,377.847,-124.987],false,[-44.0462,83.6539,117.051],[-62.2905,143.514,114.274],[-98.232,138.193,88.2714],[-99.8122,110.92,83.6763],[-92.5704,93.9487,86.6122],[[[0.563936,0.134079,-0.814861],[0.772752,0.262332,0.577959],[0.291256,-0.955617,0.0443291]],[[0.572864,0.103796,-0.813052],[-0.157239,0.987442,0.0152714],[0.804427,0.119095,0.581991]],[[0.572864,0.103796,-0.813052],[-0.817663,0.141403,-0.558061],[0.0570432,0.984496,0.165875]],[[0.572864,0.103796,-0.813052],[-0.722218,-0.405149,-0.560585],[-0.387594,0.90834,-0.157131]]],3],[264,[-0.510091,0.718918,-0.472191],26,50.5107,[-83.0133,191.544,65.3746],[-82.715,191.487,65.0229],[80.3204,415.882,19.6287],false,[-40.4154,84.3892,103.31],[-49.8523,141.252,96.993],[-65.7155,168.538,81.0536],[-75.6923,182.599,71.8181],[-85.1729,194.32,63.4598],[[[0.458371,-0.0226251,-0.888473],[0.873733,0.194529,0.445813],[0.162747,-0.980636,0.108935]],[[0.481511,-0.216217,-0.849351],[0.752913,0.598102,0.274582],[0.44863,-0.771702,0.450785]],[[0.481511,-0.216217,-0.849351],[0.712709,0.660612,0.235877],[0.510091,-0.718918,0.472191]],[[0.481511,-0.216217,-0.849351],[0.682366,0.700651,0.208482],[0.550021,-0.679955,0.48491]]],4]],[[0,200,0],[235.247,235.247,147.751]]],[103289,80896531340,[[26,"right",[-0.282114,0.948421,0.144601],[-0.6715,-0.0875562,-0.735813],[-72.254,123.066,120.979],[36.7525,337.354,-64.4909],[-72.3081,122.763,120.987],0.774331,0.0977452,0.529145,[[0.629176,0.329558,-0.703938],[0.0476204,0.887618,0.458113],[0.775802,-0.321756,0.542774]],63.72,[160.571,-12.3216,257.856],[-48.8958,74.5524,111.307]]],[[260,[-0.612749,0.719893,-0.326026],26,52.1164,[-134.378,124.242,98.3182],[-133.266,124.843,97.2258],[34.0217,372.021,-80.1869],false,[-74.7164,61.6754,121.725],[-74.7164,61.6754,121.725],[-115.901,89.8025,123.845],[-136.793,114.348,112.729],[-133.506,127.84,93.8905],[[[0.821281,0.385984,0.420136],[-0.141041,-0.576186,0.805057],[0.552815,-0.720435,-0.418771]],[[0.485509,0.668428,0.563458],[-0.289107,-0.485494,0.825053],[0.825044,-0.563471,-0.0424645]],[[0.485509,0.668428,0.563458],[-0.623554,-0.186969,0.759093],[0.612749,-0.719893,0.326026]],[[0.485509,0.668428,0.563458],[-0.86288,0.469919,0.186047],[-0.140421,-0.576524,0.804924]]],0],[261,[0.177814,-0.900764,-0.396239],26,58.8075,[-111.858,99.9242,100.981],[-112.293,100.892,100.296],[47.078,366.102,-117.993],false,[-59.0787,75.9934,132.324],[-95.0113,139.339,142.747],[-122.826,133.802,110.475],[-118.528,112.03,100.898],[-109.576,97.4781,100.772],[[[0.628105,0.4596,-0.627895],[0.60575,0.217691,0.765296],[0.488416,-0.861034,-0.14167]],[[0.655445,0.40875,-0.635071],[-0.388887,0.903499,0.180155],[0.647424,0.12889,0.751152]],[[0.655445,0.40875,-0.635071],[-0.734012,0.146788,-0.663083],[-0.177814,0.900764,0.396239]],[[0.655445,0.40875,-0.635071],[-0.543918,-0.327908,-0.772418],[-0.523971,0.851704,0.0074009]]],1],[262,[0.0792894,-0.952474,-0.294121],26,67.0064,[-105.68,96.7681,91.3585],[-105.922,97.6662,90.7619],[54.0883,376.002,-116.774],false,[-50.6844,82.4695,126.062],[-78.5014,146.344,129.782],[-114.564,137.496,99.0493],[-112.309,110.411,90.6856],[-103.372,93.8933,91.3387],[[[0.575787,0.295155,-0.762465],[0.713794,0.273301,0.644829],[0.398707,-0.915527,-0.0533169]],[[0.580608,0.283964,-0.763059],[-0.321124,0.9411,0.105878],[0.74818,0.183563,0.637598]],[[0.580608,0.283964,-0.763059],[-0.810313,0.110267,-0.575529],[-0.0792894,0.952474,0.294121]],[[0.580608,0.283964,-0.763059],[-0.66085,-0.383071,-0.645394],[-0.475574,0.878989,-0.0347568]]],2],[263,[-0.0495238,-0.985092,-0.164743],26,64.4285,[-93.2797,100.463,85.8362],[-93.795,101.127,85.2642],[70.4407,378.664,-97.4505],false,[-43.3299,87.0748,117.365],[-61.7066,146.885,114.391],[-97.3275,141.404,87.9827],[-98.6994,114.115,83.4189],[-91.391,97.1935,86.4735],[[[0.572726,0.135763,-0.808426],[0.765454,0.264366,0.586678],[0.293369,-0.954819,0.0474891]],[[0.581677,0.105639,-0.806531],[-0.161366,0.986811,0.0128724],[0.797253,0.122659,0.591052]],[[0.581677,0.105639,-0.806531],[-0.811911,0.13577,-0.567774],[0.0495238,0.985092,0.164743]],[[0.581677,0.105639,-0.806531],[-0.713193,-0.410579,-0.568138],[-0.391162,0.905685,-0.163484]]],3],[264,[-0.506792,0.717618,-0.477689],26,50.5107,[-82.0134,194.876,65.2863],[-81.7124,194.814,64.9295],[90.1487,409.6,11.4907],false,[-39.5462,87.8223,103.666],[-49.0679,144.66,97.2503],[-64.8255,171.909,81.1426],[-74.7377,185.944,71.7996],[-84.1579,197.639,63.3383],[[[0.46843,-0.0212194,-0.883246],[0.868106,0.196862,0.455672],[0.164208,-0.980202,0.110637]],[[0.491648,-0.214571,-0.843944],[0.748121,0.600065,0.28326],[0.445642,-0.770637,0.455546]],[[0.491648,-0.214571,-0.843944],[0.708127,0.662559,0.244072],[0.506792,-0.717617,0.477689]],[[0.491648,-0.214571,-0.843944],[0.677938,0.702573,0.216311],[0.546519,-0.678491,0.490884]]],4]],[[0,200,0],[235.247,235.247,147.751]]],[103290,80896540164,[[26,"right",[-0.279308,0.949111,0.145515],[-0.665833,-0.0822508,-0.741553],[-72.2436,125.265,121.059],[27.148,313.537,-44.6483],[-72.2484,125.079,121.053],0.774535,0.0975056,0.531956,[[0.631813,0.331528,-0.700644],[0.0513627,0.884022,0.464615],[0.773418,-0.329537,0.541508]],63.72,[159.812,-12.2893,257.619],[-49.0108,76.6856,111.412]]],[[260,[-0.606977,0.723671,-0.32845],26,52.1164,[-134.077,126.912,97.8665],[-133.059,127.382,96.8357],[31.793,349.451,-71.37],false,[-74.9692,63.8827,121.576],[-74.9692,63.8827,121.576],[-116.043,92.1873,123.454],[-136.739,116.861,112.255],[-133.227,130.395,93.4872],[[[0.819435,0.381103,0.428121],[-0.150022,-0.578287,0.801922],[0.553191,-0.72135,-0.416694]],[[0.483872,0.664378,0.569622],[-0.297996,-0.486911,0.821045],[0.82284,-0.567026,-0.0376205]],[[0.483872,0.664378,0.569622],[-0.630434,-0.18682,0.753427],[0.606977,-0.723671,0.32845]],[[0.483872,0.664378,0.569622],[-0.86218,0.473497,0.180126],[-0.150043,-0.578275,0.801926]]],0],[261,[0.17741,-0.90014,-0.397837],26,58.8075,[-111.611,102.579,100.587],[-112.194,103.331,99.9819],[37.0605,341.821,-95.7617],false,[-59.3587,78.0988,132.351],[-95.1094,141.56,142.695],[-122.684,136.251,110.18],[-118.396,114.494,100.564],[-109.501,99.907,100.463],[[[0.63513,0.459052,-0.621193],[0.60039,0.212562,0.77094],[0.485944,-0.862606,-0.140606]],[[0.66226,0.408219,-0.628306],[-0.386596,0.90448,0.180165],[0.641837,0.123584,0.756817]],[[0.66226,0.408219,-0.628306],[-0.727968,0.152004,-0.668549],[-0.17741,0.90014,0.397837]],[[0.66226,0.408219,-0.628306],[-0.538859,-0.323163,-0.777944],[-0.520617,0.85377,0.00595501]]],1],[262,[0.0779784,-0.951849,-0.296483],26,67.0064,[-105.351,99.4464,91.0125],[-105.753,100.111,90.4968],[44.4193,349.183,-93.3455],false,[-50.8865,84.5605,126.179],[-78.465,148.539,129.889],[-114.313,139.948,98.8338],[-112.095,112.88,90.4029],[-103.227,96.3264,91.0793],[[[0.583223,0.295283,-0.756742],[0.709646,0.26812,0.651547],[0.395288,-0.917017,-0.0531724]],[[0.588005,0.284067,-0.757335],[-0.318011,0.942091,0.106459],[0.74372,0.178242,0.644291]],[[0.588005,0.284067,-0.757335],[-0.80509,0.115278,-0.581843],[-0.0779784,0.951849,0.296483]],[[0.588005,0.284067,-0.757335],[-0.656915,-0.378568,-0.652034],[-0.471924,0.880904,-0.0359923]]],2],[263,[-0.0509919,-0.984539,-0.167577],26,64.4285,[-92.8749,103.032,85.675],[-93.5176,103.523,85.141],[59.5643,349.405,-74.9135],false,[-43.4421,89.164,117.558],[-61.543,149.06,114.637],[-96.9661,143.795,87.921],[-98.3786,116.521,83.2788],[-91.1412,99.5725,86.3551],[[[0.57987,0.13606,-0.803268],[0.761741,0.259162,0.59379],[0.288968,-0.956202,0.0466381]],[[0.588672,0.105917,-0.801403],[-0.157785,0.987366,0.0145939],[0.792824,0.117858,0.597946]],[[0.588672,0.105917,-0.801403],[-0.806762,0.139513,-0.57417],[0.0509919,0.984539,0.167577]],[[0.588672,0.105917,-0.801403],[-0.709519,-0.407357,-0.575016],[-0.387361,0.907106,-0.164649]]],3],[264,[-0.499869,0.721429,-0.47924],26,50.5107,[-81.2371,197.339,65.5354],[-80.9471,197.245,65.1885],[89.298,373.416,16.2015],false,[-39.5436,89.9415,103.893],[-48.7743,146.84,97.5928],[-64.284,174.213,81.4551],[-74.0608,188.323,72.0817],[-83.3632,200.087,63.5856],[[[0.475531,-0.0202286,-0.879466],[0.865175,0.191666,0.463396],[0.15919,-0.981252,0.108645]],[[0.497607,-0.213668,-0.840674],[0.748324,0.595852,0.2915],[0.438633,-0.774149,0.456393]],[[0.497607,-0.213668,-0.840674],[0.708885,0.6587,0.252183],[0.499869,-0.721429,0.47924]],[[0.497607,-0.213668,-0.840674],[0.679067,0.69897,0.224298],[0.53968,-0.682486,0.492907]]],4]],[[0,200,0],[235.247,235.247,147.751]]],[103291,80896548673,[[26,"right",[-0.279057,0.949474,0.143617],[-0.660233,-0.0811068,-0.746668],[-71.4495,128.409,121.026],[44.4685,328.197,-33.9592],[-71.5104,128.156,121.028],0.77446,0.0968822,0.536362,[[0.636696,0.33211,-0.695932],[0.0577808,0.879416,0.472534],[0.768947,-0.341072,0.540731]],63.72,[159.403,-12.2903,257.543],[-48.2129,79.7992,111.545]]],[[260,[-0.603464,0.724619,-0.332805],26,52.1164,[-133.189,130.063,97.3719],[-132.084,130.621,96.3465],[53.5016,357.717,-68.2042],false,[-74.2671,67.031,121.506],[-74.2671,67.031,121.506],[-115.312,95.3969,123.074],[-135.887,120.103,111.727],[-132.214,133.637,92.99],[[[0.816667,0.379818,0.434504],[-0.157007,-0.578274,0.800592],[0.555342,-0.722037,-0.412624]],[[0.48046,0.663524,0.573493],[-0.305053,-0.486644,0.818608],[0.822253,-0.568255,-0.0314032]],[[0.48046,0.663524,0.573493],[-0.636388,-0.186183,0.748563],[0.603464,-0.724619,0.332805]],[[0.48046,0.663524,0.573493],[-0.862854,0.474675,0.173689],[-0.156976,-0.578291,0.800586]]],0],[261,[0.179304,-0.900264,-0.396705],26,58.8075,[-110.827,105.661,100.239],[-111.259,106.54,99.6438],[55.8426,351.096,-81.0978],false,[-58.7194,81.222,132.404],[-94.4575,144.732,142.491],[-121.791,139.472,109.764],[-117.457,117.713,100.176],[-108.579,103.115,100.14],[[[0.640541,0.458298,-0.616174],[0.594754,0.211504,0.775586],[0.485773,-0.863266,-0.137097]],[[0.667602,0.407528,-0.62308],[-0.386711,0.904949,0.177542],[0.636209,0.122425,0.761741]],[[0.667602,0.407528,-0.62308],[-0.722605,0.15312,-0.674089],[-0.179304,0.900264,0.396705]],[[0.667602,0.407528,-0.62308],[-0.533233,-0.32233,-0.782155],[-0.519587,0.854415,0.00211916]]],1],[262,[0.0791447,-0.951924,-0.295934],26,67.0064,[-104.489,102.532,90.7186],[-104.744,103.313,90.2149],[63.614,356.277,-77.5792],false,[-50.1908,87.673,126.3],[-77.7052,151.69,129.815],[-113.326,143.159,98.4828],[-111.075,116.09,90.0675],[-102.23,99.526,90.8135],[[[0.589443,0.294638,-0.752161],[0.705003,0.266936,0.657051],[0.394371,-0.91757,-0.0503771]],[[0.594215,0.28341,-0.75272],[-0.317451,0.942525,0.10427],[0.739008,0.176993,0.650031]],[[0.594215,0.28341,-0.75272],[-0.800403,0.116275,-0.588078],[-0.0791447,0.951924,0.295934]],[[0.594215,0.28341,-0.75272],[-0.652207,-0.377875,-0.657143],[-0.470675,0.881413,-0.0396974]]],2],[263,[-0.050297,-0.984566,-0.167632],26,64.4285,[-91.9023,106.104,85.5073],[-92.4331,106.697,84.9724],[76.9678,355.389,-60.5152],false,[-42.6738,92.268,117.738],[-60.6659,152.191,114.693],[-95.8873,146.965,87.7043],[-97.2806,119.69,83.0605],[-90.0762,102.74,86.2003],[[[0.586218,0.135432,-0.798753],[0.757527,0.257918,0.599693],[0.28723,-0.956628,0.0486032]],[[0.594963,0.105274,-0.796829],[-0.156799,0.98754,0.013394],[0.78831,0.116973,0.604056]],[[0.594963,0.105274,-0.796829],[-0.802178,0.139813,-0.580485],[0.050297,0.984566,0.167632]],[[0.594963,0.105274,-0.796829],[-0.705223,-0.407229,-0.580366],[-0.385589,0.907239,-0.168044]]],3],[264,[-0.495005,0.722501,-0.482662],26,50.5107,[-79.9128,200.511,65.4757],[-79.6201,200.429,65.1272],[106.987,373.734,9.95681],false,[-38.6693,93.0434,104.103],[-47.7697,149.956,97.7471],[-63.1089,177.365,81.5069],[-72.7906,191.496,72.0666],[-82.009,203.279,63.5055],[[[0.482244,-0.0206876,-0.875792],[0.861864,0.190307,0.470079],[0.156945,-0.981507,0.109604]],[[0.503734,-0.213989,-0.836936],[0.747036,0.594431,0.29764],[0.433809,-0.775152,0.459292]],[[0.503734,-0.213989,-0.836936],[0.707971,0.65742,0.258022],[0.495005,-0.722501,0.482662]],[[0.503734,-0.213989,-0.836936],[0.678403,0.697792,0.229904],[0.534811,-0.68359,0.496672]]],4]],[[0,200,0],[235.247,235.247,147.751]]],[103292,80896557617,[[26,"right",[-0.271222,0.951323,0.146364],[-0.659029,-0.0727156,-0.748594],[-70.7321,131.016,120.953],[54.231,318.158,-26.9126],[-70.7797,130.841,120.958],0.774049,0.0959189,0.440425,[[0.639561,0.329884,-0.694362],[0.0640771,0.877227,0.475781],[0.766065,-0.348784,0.539902]],63.72,[158.946,-11.93,257.128],[-47.8917,82.2416,111.354]]],[[260,[-0.59622,0.731132,-0.331614],26,52.1164,[-132.347,133.379,97.0921],[-131.302,133.858,96.1457],[63.7692,359.548,-56.9504],false,[-74.0798,69.6629,121.204],[-74.0798,69.6629,121.204],[-114.864,98.4037,122.746],[-135.193,123.332,111.439],[-131.363,136.906,92.7623],[[[0.818816,0.371188,0.437904],[-0.163997,-0.579779,0.798099],[0.550132,-0.725311,-0.413858]],[[0.484923,0.657168,0.577044],[-0.311944,-0.486441,0.816129],[0.817032,-0.575765,-0.0308862]],[[0.484923,0.657168,0.577044],[-0.639822,-0.183238,0.746359],[0.59622,-0.731132,0.331614]],[[0.484923,0.657168,0.577044],[-0.859113,0.481402,0.173715],[-0.16363,-0.579984,0.798025]]],0],[261,[0.172668,-0.900315,-0.399523],26,58.8075,[-110.178,108.803,99.9613],[-110.665,109.569,99.3995],[58.5022,347.573,-66.5222],false,[-58.4379,83.6798,132.192],[-93.6524,147.459,142.419],[-120.949,142.556,109.607],[-116.775,120.795,99.9507],[-108.021,106.122,99.8847],[[[0.646015,0.45497,-0.612917],[0.594604,0.203568,0.777822],[0.478656,-0.866927,-0.139019]],[[0.672604,0.404094,-0.619928],[-0.379381,0.907568,0.179973],[0.635353,0.114138,0.76374]],[[0.672604,0.404094,-0.619928],[-0.719576,0.161679,-0.67533],[-0.172668,0.900315,0.399523]],[[0.672604,0.404094,-0.619928],[-0.533927,-0.315036,-0.784649],[-0.512372,0.858755,0.00386271]]],1],[262,[0.0719291,-0.95154,-0.298994],26,67.0064,[-103.82,105.658,90.4626],[-104.148,106.32,89.9824],[64.2602,350.658,-63.567],false,[-49.8387,90.079,126.132],[-76.809,154.318,129.81],[-112.423,146.208,98.3597],[-110.378,119.15,89.8574],[-101.672,102.511,90.5711],[[[0.593849,0.292248,-0.749623],[0.705624,0.258473,0.659762],[0.386572,-0.920751,-0.0527235]],[[0.598528,0.280976,-0.750211],[-0.309558,0.944852,0.106905],[0.738876,0.168249,0.652499]],[[0.598528,0.280976,-0.750211],[-0.797866,0.124994,-0.589734],[-0.0719291,0.95154,0.298994]],[[0.598528,0.280976,-0.750211],[-0.653572,-0.370273,-0.660107],[-0.463257,0.88541,-0.0379807]]],2],[263,[-0.0577299,-0.983599,-0.170881],26,64.4285,[-91.1871,109.101,85.3208],[-91.7738,109.601,84.7947],[75.7399,346.582,-49.6022],false,[-42.2608,94.6397,117.605],[-59.728,154.727,114.733],[-94.922,149.88,87.6379],[-96.5212,122.632,82.9042],[-89.4613,105.614,86.0081],[[[0.58937,0.133245,-0.796799],[0.758212,0.249209,0.602502],[0.27885,-0.95924,0.0458483]],[[0.597845,0.10302,-0.794964],[-0.148707,0.988747,0.0162992],[0.787697,0.108472,0.606438]],[[0.597845,0.10302,-0.794964],[-0.79953,0.148053,-0.582093],[0.0577299,0.983599,0.170881]],[[0.597845,0.10302,-0.794964],[-0.706967,-0.399705,-0.583466],[-0.37786,0.910836,-0.16613]]],3],[264,[-0.487297,0.728777,-0.481067],26,50.5107,[-78.4092,203.428,65.6559],[-78.1358,203.322,65.3144],[123.562,360.162,12.847],false,[-38.2155,95.4297,103.983],[-46.809,152.442,97.8112],[-61.8571,180.053,81.6419],[-71.3881,194.307,72.2328],[-80.4803,206.204,63.6945],[[[0.484248,-0.0216927,-0.874662],[0.862288,0.181168,0.472904],[0.148202,-0.983213,0.106435]],[[0.503966,-0.21519,-0.836488],[0.7516,0.586447,0.301957],[0.425578,-0.78088,0.457286]],[[0.503966,-0.21519,-0.836488],[0.713134,0.650059,0.262418],[0.487297,-0.728777,0.481067]],[[0.503966,-0.21519,-0.836488],[0.683938,0.690884,0.234325],[0.527492,-0.690198,0.495358]]],4]],[[0,200,0],[235.247,235.247,147.751]]],[103293,80896566018,[[26,"right",[-0.266456,0.952228,0.149208],[-0.658648,-0.0668675,-0.749474],[-70.3458,134.628,120.395],[52.0947,347.095,-37.1412],[-70.3755,134.368,120.434],0.775141,0.0945332,0.443296,[[0.643191,0.32857,-0.691627],[0.0710127,0.873764,0.481137],[0.762406,-0.358577,0.538664]],63.72,[158.102,-11.0482,256.098],[-47.7478,85.7677,110.659]]],[[260,[-0.590749,0.735816,-0.331044],26,52.1164,[-131.741,137.32,96.3851],[-130.837,137.898,95.4986],[65.3107,391.968,-65.9062],false,[-74.0103,73.2923,120.442],[-74.0103,73.2923,120.442],[-114.593,102.319,121.932],[-134.735,127.407,110.645],[-130.739,140.977,92.0007],[[[0.820282,0.365524,0.439919],[-0.167783,-0.581527,0.796037],[0.546796,-0.726786,-0.415688]],[[0.488045,0.65259,0.579602],[-0.317554,-0.485787,0.814353],[0.813001,-0.581496,-0.0298538]],[[0.488045,0.65259,0.579602],[-0.642516,-0.180835,0.744628],[0.590749,-0.735816,0.331044]],[[0.488045,0.65259,0.579602],[-0.855951,0.487769,0.171549],[-0.170761,-0.579835,0.796638]]],0],[261,[0.168542,-0.899861,-0.402299],26,58.8075,[-109.818,112.513,99.3727],[-110.359,113.459,98.7383],[52.6212,377.389,-69.8075],false,[-58.3072,87.1923,131.491],[-93.2024,151.119,141.893],[-120.492,146.465,109.039],[-116.418,124.715,99.3148],[-107.737,110,99.2104],[[[0.648965,0.453628,-0.610791],[0.594869,0.197955,0.779067],[0.474316,-0.868928,-0.141384]],[[0.675254,0.402731,-0.617932],[-0.374909,0.908886,0.18267],[0.635197,0.10832,0.764717]],[[0.675254,0.402731,-0.617932],[-0.718071,0.167506,-0.675512],[-0.168542,0.899861,0.402299]],[[0.675254,0.402731,-0.617932],[-0.534675,-0.309839,-0.786208],[-0.50809,0.861283,0.00611003]]],1],[262,[0.06754,-0.950956,-0.301863],26,67.0064,[-103.458,109.367,89.8795],[-103.844,110.208,89.3234],[56.8644,379.567,-67.5083],false,[-49.669,93.5667,125.461],[-76.3112,157.932,129.323],[-111.936,150.11,97.8106],[-110.015,123.068,89.2268],[-101.391,106.385,89.8998],[[[0.596097,0.291625,-0.74808],[0.706289,0.252671,0.661296],[0.381869,-0.922557,-0.0553552]],[[0.600721,0.280326,-0.7487],[-0.304771,0.946087,0.109698],[0.739087,0.162284,0.653769]],[[0.600721,0.280326,-0.7487],[-0.796601,0.130768,-0.590192],[-0.06754,0.950956,0.301863]],[[0.600721,0.280326,-0.7487],[-0.654626,-0.365103,-0.66194],[-0.458912,0.88776,-0.0358167]]],2],[263,[-0.062507,-0.982746,-0.174077],26,64.4285,[-90.8241,112.793,84.74],[-91.4497,113.44,84.1548],[65.9011,375.045,-56.6091],false,[-42.0592,98.1161,116.956],[-59.2133,158.301,114.264],[-94.4049,153.726,87.1182],[-96.1365,126.502,82.2959],[-89.1644,109.439,85.3534],[[[0.590844,0.132802,-0.79578],[0.758886,0.243323,0.604058],[0.273851,-0.960811,0.0429844]],[[0.599159,0.102541,-0.794036],[-0.143614,0.989443,0.0194083],[0.787644,0.102406,0.60756]],[[0.599159,0.102541,-0.794036],[-0.798186,0.153932,-0.582412],[0.062507,0.982746,0.174077]],[[0.599159,0.102541,-0.794036],[-0.708351,-0.39435,-0.585429],[-0.373158,0.913222,-0.163643]]],3],[264,[-0.482592,0.733341,-0.47887],26,50.5107,[-77.5532,207.271,65.3562],[-77.308,207.177,65.0103],[117.746,386.002,0.0659443],false,[-37.9964,98.9297,103.341],[-46.2894,156.005,97.3469],[-61.1587,183.764,81.2658],[-70.5976,198.107,71.8997],[-79.6134,210.087,63.3955],[[[0.485002,-0.0213359,-0.874253],[0.862738,0.175168,0.47434],[0.143021,-0.984307,0.103364]],[[0.503678,-0.214926,-0.836729],[0.754633,0.58093,0.305039],[0.420521,-0.785065,0.454792]],[