{"metadata":{"formatVersion":2,"generatedBy":"LeapJS Playback 0.2.1","frames":150,"protocolVersion":6,"serviceVersion":"2.2.5+26752","frameRate":"1.1e+2","modified":"Wed Apr 22 2015 20:01:31 GMT-0300 (E. South America Standard Time)"},"frames":[["id","timestamp",{"hands":[["id","type","direction","palmNormal","palmPosition","palmVelocity","stabilizedPalmPosition","pinchStrength","grabStrength","confidence","armBasis","armWidth","elbow","wrist"]]},{"pointables":[["id","direction","handId","length","stabilizedTipPosition","tipPosition","tipVelocity","tool","carpPosition","mcpPosition","pipPosition","dipPosition","btipPosition","bases","type"]]},{"interactionBox":["center","size"]}],[103712,80900251657,[[26,"right",[-0.197617,0.979516,-0.0386819],[-0.650171,-0.160499,-0.742642],[-5.72829,45.5676,132.205],[-221.523,-51.7145,15.5928],[-5.69084,45.5684,132.199],0.633941,0.237615,0.523239,[[0.655423,0.112574,-0.746825],[-0.140359,0.989759,0.0260112],[0.742105,0.0877756,0.664512]],63.72,[213.712,17.9935,311.824],[13.3441,-5.70595,132.406]]],[[260,[-0.319798,0.682911,-0.656781],26,52.1164,[-55.5717,51.574,93.2747],[-56.6413,51.2679,94.2747],[-271.387,-24.0146,79.7796],false,[-13.9161,-14.258,143.577],[-13.9161,-14.258,143.577],[-47.9114,20.272,131.587],[-58.8151,43.5563,109.194],[-54.8674,54.0018,88.6258],[[[0.838183,0.383625,0.38766],[-0.222539,-0.408363,0.885277],[0.497921,-0.828294,-0.256911]],[[0.54763,0.698896,0.46005],[-0.486111,-0.181766,0.854785],[0.681027,-0.691741,0.2402]],[[0.54763,0.698896,0.46005],[-0.773195,0.21255,0.597488],[0.319798,-0.682911,0.656781]],[[0.54763,0.698896,0.46005],[-0.819542,0.558875,0.12653],[-0.168679,-0.446322,0.878831]]],0],[261,[0.250869,-0.963334,-0.0951392],26,58.8075,[-41.1922,27.4116,119.971],[-41.5457,27.6097,119.998],[-236.132,-45.816,58.5409],false,[2.59936,0.342352,152.292],[-27.6318,67.3588,149.58],[-55.2571,60.0852,117.491],[-49.1935,36.801,115.192],[-38.9879,24.6172,121.462],[[[0.690043,0.284345,-0.665574],[0.595807,0.298934,0.745421],[0.410919,-0.910926,0.0368625]],[[0.705289,0.249214,-0.663671],[-0.298501,0.953535,0.0408403],[0.643012,0.169302,0.746908]],[[0.705289,0.249214,-0.663671],[-0.663048,-0.099394,-0.741949],[-0.250869,0.963334,0.0951392]],[[0.705289,0.249214,-0.663671],[-0.381803,-0.65527,-0.651804],[-0.597322,0.713102,-0.367004]]],1],[262,[0.191053,-0.981578,-0.00160313],26,67.0064,[-31.712,21.7626,111.315],[-31.8926,22.1315,111.192],[-249.585,-45.9209,44.1718],false,[11.7768,4.85139,145.432],[-10.0918,70.4925,136.455],[-45.9434,59.9216,106.022],[-40.5106,32.009,105.976],[-29.2118,18.7069,112.943],[[[0.627467,0.103506,-0.771733],[0.712767,0.32263,0.622795],[0.313448,-0.940849,0.128664]],[[0.621122,0.122159,-0.774135],[-0.246908,0.967977,-0.0453579],[0.743804,0.219313,0.631394]],[[0.621122,0.122159,-0.774135],[-0.76007,-0.146905,-0.633019],[-0.191053,0.981578,0.00160313]],[[0.621122,0.122159,-0.774135],[-0.502691,-0.695712,-0.513115],[-0.601256,0.707858,-0.370714]]],2],[263,[-0.0278834,-0.995644,0.088973],26,64.4285,[-22.0222,23.1548,103.847],[-21.995,23.3169,103.919],[-258.469,-46.8028,32.4335],false,[19.8321,7.17908,136.453],[7.21653,66.8316,122.094],[-27.923,61.7816,94.9646],[-28.6955,34.2003,97.4294],[-20.1217,19.8554,105.784],[[[0.611225,-0.0606933,-0.789126],[0.765404,0.299044,0.569851],[0.201398,-0.952307,0.229238]],[[0.616596,-0.0871884,-0.782437],[-0.0354962,0.989759,-0.138263],[0.786479,0.113026,0.607187]],[[0.616596,-0.0871884,-0.782437],[-0.786785,-0.0330435,-0.616341],[0.0278834,0.995644,-0.088973]],[[0.616596,-0.0871884,-0.782437],[-0.639714,-0.634775,-0.43339],[-0.458885,0.767762,-0.447176]]],3],[264,[-0.503503,0.608816,-0.613048],26,50.5107,[-12.2355,103.656,64.8727],[-11.7235,103.992,64.8757],[-331.98,-38.9942,47.0824],false,[24.1531,5.13305,123.048],[20.1942,60.5005,106.283],[4.81713,84.2636,85.0902],[-5.03078,96.1713,73.0998],[-14.4492,105.894,62.4283],[[[0.495502,-0.219076,-0.840526],[0.86592,0.200647,0.458175],[0.0682743,-0.954854,0.289123]],[[0.499979,-0.373361,-0.781423],[0.748931,0.639492,0.173643],[0.434883,-0.67205,0.599355]],[[0.499979,-0.373361,-0.781423],[0.704631,0.69996,0.116407],[0.503503,-0.608816,0.613048]],[[0.499979,-0.373361,-0.781423],[0.671902,0.736522,0.0779964],[0.546414,-0.564036,0.619108]]],4]],[[0,200,0],[235.247,235.247,147.751]]],[103713,80900260279,[[26,"right",[-0.187646,0.981447,-0.0393811],[-0.670286,-0.157255,-0.725249],[-7.60317,46.1723,132.893],[-220.446,-19.456,32.5845],[-7.56139,46.1591,132.878],0.632701,0.2443,0.525538,[[0.652034,0.102433,-0.751238],[-0.130404,0.991217,0.021971],[0.746891,0.0836385,0.659665]],63.72,[212.559,17.2721,311.023],[10.8984,-5.31035,132.913]]],[[260,[-0.328144,0.682781,-0.652788],26,52.1164,[-58.2046,52.4572,95.0367],[-59.3505,52.2501,96.1741],[-283.782,11.9213,116.712],false,[-16.167,-13.4943,144.81],[-16.167,-13.4943,144.81],[-50.0543,21.3557,133.457],[-61.2425,44.6355,111.2],[-57.7054,54.9305,90.482],[[[0.851822,0.376306,0.364407],[-0.204838,-0.400978,0.892893],[0.48212,-0.835231,-0.26448]],[[0.566758,0.695159,0.4422],[-0.466829,-0.17129,0.8676],[0.678864,-0.698151,0.22744]],[[0.566758,0.695159,0.4422],[-0.755716,0.224867,0.615083],[0.328144,-0.682781,0.652788]],[[0.566758,0.695159,0.4422],[-0.809903,0.568551,0.144246],[-0.151139,-0.439891,0.885242]]],0],[261,[0.23842,-0.966463,-0.0954182],26,58.8075,[-43.4497,28.2507,121.559],[-43.8867,28.5302,121.694],[-245.378,-5.62407,95.118],false,[0.722256,0.967192,153.026],[-28.8221,68.3031,150.683],[-57.3117,61.1311,119.336],[-51.549,37.7713,117.029],[-41.3195,25.5144,123.116],[[[0.676288,0.272923,-0.684213],[0.617548,0.296305,0.728586],[0.401584,-0.915268,0.0318443]],[[0.69109,0.23787,-0.682504],[-0.287498,0.956844,0.0423694],[0.663128,0.166938,0.729653]],[[0.69109,0.23787,-0.682504],[-0.682312,-0.0967798,-0.724626],[-0.23842,0.966463,0.0954182]],[[0.69109,0.23787,-0.682504],[-0.404881,-0.654814,-0.638193],[-0.59872,0.717382,-0.356226]]],1],[262,[0.180801,-0.98352,0.00000774602],26,67.0064,[-34.2649,22.4481,112.761],[-34.5153,22.8644,112.698],[-263.691,-11.5399,78.8186],false,[9.77468,5.33518,145.913],[-11.5822,71.1676,137.107],[-48.282,60.7652,107.642],[-43.1407,32.7974,107.642],[-31.8175,19.4114,114.405],[[[0.609073,0.0922194,-0.787734],[0.731659,0.318014,0.602945],[0.306114,-0.94359,0.126221]],[[0.602912,0.110827,-0.790072],[-0.23826,0.970124,-0.0457341],[0.7614,0.215816,0.611305]],[[0.602912,0.110827,-0.790072],[-0.777051,-0.14285,-0.613014],[-0.180801,0.98352,-0.00000774602]],[[0.602912,0.110827,-0.790072],[-0.522902,-0.693045,-0.496248],[-0.602554,0.712324,-0.359893]]],2],[263,[-0.0356169,-0.994739,0.0960542],26,64.4285,[-24.7717,23.7067,105.079],[-24.799,23.9069,105.168],[-275.677,-16.7822,62.7235],false,[17.6281,7.52299,136.723],[5.3197,67.2338,122.339],[-30.54,62.3637,96.1355],[-31.5266,34.8074,98.7963],[-22.898,20.4198,107.02],[[[0.590582,-0.0718802,-0.80377],[0.78269,0.293548,0.548841],[0.196494,-0.953238,0.229624]],[[0.595806,-0.0983018,-0.797089],[-0.0292321,0.989169,-0.143841],[0.802596,0.109002,0.58648]],[[0.595806,-0.0983018,-0.797089],[-0.802338,-0.0288399,-0.596173],[0.0356169,0.994739,-0.0960542]],[[0.595806,-0.0983018,-0.797089],[-0.657069,-0.630364,-0.413404],[-0.461818,0.770051,-0.440166]]],3],[264,[-0.514504,0.60933,-0.603327],26,50.5107,[-15.3326,103.831,65.4335],[-14.7986,104.185,65.4154],[-339.711,-23.2341,51.8872],false,[21.5895,5.3551,123.226],[17.8268,60.6707,106.246],[2.06426,84.4123,85.3143],[-7.99882,96.3301,73.5139],[-17.607,106.076,63.035],[[[0.471859,-0.229232,-0.851353],[0.879283,0.193417,0.43526],[0.0648907,-0.953961,0.292825]],[[0.476118,-0.38217,-0.791996],[0.758017,0.634913,0.14932],[0.445783,-0.67144,0.591985]],[[0.476118,-0.38217,-0.791996],[0.71316,0.69474,0.0934846],[0.514504,-0.60933,0.603327]],[[0.476118,-0.38217,-0.791996],[0.680143,0.730924,0.0561758],[0.55742,-0.565417,0.607936]]],4]],[[0,200,0],[235.247,235.247,147.751]]],[103714,80900269211,[[26,"right",[-0.175603,0.983772,-0.0368277],[-0.687876,-0.149376,-0.710291],[-9.68788,46.4642,133.544],[-223.979,-5.23189,43.5896],[-9.63176,46.4561,133.527],0.631548,0.250982,0.485924,[[0.647414,0.0931757,-0.756421],[-0.123831,0.992171,0.0162292],[0.752011,0.0831616,0.653883]],63.72,[211.178,17.1971,309.791],[8.13476,-5.25652,133.243]]],[[260,[-0.332923,0.686124,-0.646835],26,52.1164,[-60.8825,53.343,96.7144],[-62.1063,53.1862,97.91],[-291.461,36.7719,137.775],false,[-18.7706,-13.0698,145.737],[-18.7706,-13.0698,145.737],[-52.4265,22.213,135.052],[-63.7777,45.6068,112.998],[-60.5665,55.8353,92.1943],[[[0.864384,0.365568,0.345254],[-0.190629,-0.397122,0.89775],[0.465297,-0.841816,-0.273578]],[[0.585337,0.688179,0.428709],[-0.450329,-0.163752,0.877718],[0.674229,-0.706821,0.214057]],[[0.585337,0.688179,0.428709],[-0.739285,0.235889,0.630724],[0.332923,-0.686124,0.646835]],[[0.585337,0.688179,0.428709],[-0.799095,0.579136,0.161394],[-0.137213,-0.437049,0.88891]]],0],[261,[0.224295,-0.969509,-0.0987088],26,58.8075,[-45.8691,28.966,122.997],[-46.4103,29.2651,123.17],[-255.433,18.1581,114.189],false,[-1.51924,1.17947,153.562],[-30.2242,68.8939,151.756],[-59.4713,62.0252,121.045],[-54.05,38.5918,118.659],[-43.8463,26.2152,124.543],[[[0.664783,0.263163,-0.699149],[0.637046,0.289109,0.714555],[0.390174,-0.920414,0.0245481]],[[0.679073,0.22814,-0.697719],[-0.274634,0.960412,0.0467404],[0.680761,0.159877,0.714845]],[[0.679073,0.22814,-0.697719],[-0.698964,-0.0894644,-0.709539],[-0.224295,0.969509,0.0987088]],[[0.679073,0.22814,-0.697719],[-0.426848,-0.650551,-0.628159],[-0.59721,0.724386,-0.344391]]],1],[262,[0.168313,-0.985732,-0.00198627],26,67.0064,[-36.9965,23.0266,114.035],[-37.3179,23.4516,113.988],[-277.229,9.44056,96.6954],false,[7.43296,5.41935,146.248],[-13.2472,71.5149,137.805],[-50.7016,61.5173,109.161],[-45.9154,33.4866,109.104],[-34.6231,19.9638,115.643],[[[0.592979,0.0832241,-0.800906],[0.748676,0.30916,0.586434],[0.296413,-0.947362,0.121017]],[[0.58703,0.101853,-0.803132],[-0.227112,0.972936,-0.0426148],[0.777056,0.207418,0.594275]],[[0.58703,0.101853,-0.803132],[-0.791875,-0.134011,-0.595797],[-0.168313,0.985732,0.00198627]],[[0.58703,0.101853,-0.803132],[-0.542498,-0.686872,-0.483635],[-0.600909,0.719606,-0.34796]]],2],[263,[-0.0454226,-0.994045,0.0990568],26,64.4285,[-27.6697,24.1325,106.173],[-27.7508,24.3473,106.252],[-290.175,0.796611,79.2216],false,[15.1129,7.49231,136.886],[3.27716,67.341,122.68],[-33.2027,62.8424,97.2781],[-34.461,35.3054,100.022],[-25.8358,20.8238,108.083],[[[0.571998,-0.0806392,-0.816281],[0.798196,0.283959,0.531273],[0.188949,-0.95544,0.22679]],[[0.577009,-0.107052,-0.809692],[-0.0206631,0.989142,-0.145503],[0.816477,0.100687,0.568532]],[[0.577009,-0.107052,-0.809692],[-0.815474,-0.0203783,-0.578435],[0.0454226,0.994045,-0.0990568]],[[0.577009,-0.107052,-0.809692],[-0.673762,-0.622731,-0.397808],[-0.461634,0.775078,-0.431449]]],3],[264,[-0.522182,0.613827,-0.592066],26,50.5107,[-18.328,104.024,66.2267],[-17.7639,104.384,66.186],[-338.82,-10.9578,62.2029],false,[18.7516,5.25551,123.31],[15.3449,60.5941,106.33],[-0.689318,84.4453,85.7313],[-10.9026,96.4511,74.1512],[-20.6424,106.292,63.8852],[[[0.450222,-0.236481,-0.861032],[0.890982,0.182425,0.415779],[0.0587502,-0.954357,0.292832]],[[0.453795,-0.387808,-0.802294],[0.767096,0.628171,0.130245],[0.453468,-0.674541,0.582547]],[[0.453795,-0.387808,-0.802294],[0.722077,0.68762,0.0760453],[0.522182,-0.613827,0.592066]],[[0.453795,-0.387808,-0.802294],[0.689043,0.723618,0.0399598],[0.565058,-0.570948,0.595591]]],4]],[[0,200,0],[235.247,235.247,147.751]]],[103715,80900277635,[[26,"right",[-0.135538,0.988806,-0.0623922],[-0.725515,-0.14194,-0.67341],[-12.6781,49.6365,134.876],[-257.973,93.8588,73.3067],[-12.5309,49.4828,134.811],0.630544,0.256688,0.492291,[[0.63549,0.0427642,-0.770924],[-0.0759842,0.997082,-0.00732599],[0.768361,0.0632336,0.636886]],63.72,[210.376,14.278,307.498],[2.91847,-2.7951,135.539]]],[[260,[-0.332855,0.678812,-0.654539],26,52.1164,[-64.6384,56.8589,99.6775],[-66.3256,57.5008,101.373],[-347.169,158.064,207.754],false,[-23.6885,-9.02325,149.48],[-23.6885,-9.02325,149.48],[-56.2757,27.337,139.098],[-67.6246,50.4815,116.782],[-64.9544,59.8946,95.5214],[[[0.893981,0.338415,0.293723],[-0.16566,-0.359444,0.918344],[0.416359,-0.869641,-0.265274]],[[0.632956,0.675347,0.378513],[-0.416162,-0.115466,0.901929],[0.652821,-0.728405,0.207969]],[[0.632956,0.675347,0.378513],[-0.698981,0.288305,0.654451],[0.332855,-0.678812,0.654539]],[[0.632956,0.675347,0.378513],[-0.765734,0.61817,0.177528],[-0.114092,-0.402208,0.908412]]],0],[261,[0.179094,-0.980945,-0.0753083],26,58.8075,[-49.4831,32.6645,126.073],[-50.5104,33.7126,126.746],[-315.586,150.112,194.73],false,[-5.51063,4.70388,156.038],[-31.392,73.5127,153.213],[-62.2791,66.9174,124.088],[-57.9503,43.2076,122.268],[-48.0116,30.5977,128.11],[[[0.642392,0.211376,-0.73665],[0.680863,0.283821,0.675183],[0.351794,-0.935289,0.0384065]],[[0.655179,0.17602,-0.734682],[-0.232111,0.972343,0.0259677],[0.718934,0.153514,0.677914]],[[0.655179,0.17602,-0.734682],[-0.733939,-0.0822367,-0.674219],[-0.179094,0.980945,0.0753083]],[[0.655179,0.17602,-0.734682],[-0.482041,-0.65139,-0.585941],[-0.581702,0.738043,-0.341928]]],1],[262,[0.126773,-0.991633,0.0243454],26,67.0064,[-41.3667,26.336,117.084],[-42.1095,27.2061,117.377],[-353.045,122.648,176.291],false,[3.26603,8.31271,148.192],[-14.9797,74.9423,138.437],[-54.0938,65.6404,111.85],[-50.4889,37.442,112.543],[-39.486,23.6578,119.029],[[[0.558468,0.0315688,-0.828925],[0.787223,0.294867,0.541602],[0.261521,-0.955017,0.139822]],[[0.553227,0.0503119,-0.83151],[-0.188219,0.979911,-0.0659361],[0.811489,0.192984,0.551583]],[[0.553227,0.0503119,-0.83151],[-0.823328,-0.118882,-0.554976],[-0.126773,0.991633,-0.0243454]],[[0.553227,0.0503119,-0.83151],[-0.592555,-0.677814,-0.435255],[-0.585507,0.73351,-0.345172]]],2],[263,[-0.0802383,-0.98743,0.136177],26,64.4285,[-32.4155,26.8847,108.964],[-32.8457,27.3832,109.229],[-371.068,93.1734,151.493],false,[10.5874,9.7476,138.432],[0.640635,69.5692,122.74],[-37.1287,65.7248,99.1827],[-39.3514,38.371,102.955],[-30.9596,23.8109,111.121],[[[0.529922,-0.131633,-0.837768],[0.833047,0.265775,0.485177],[0.158793,-0.955006,0.250496]],[[0.534103,-0.15794,-0.830535],[0.0118131,0.983693,-0.179469],[0.845337,0.0860439,0.527259]],[[0.534103,-0.15794,-0.830535],[-0.841603,-0.00609175,-0.540062],[0.0802383,0.98743,-0.136177]],[[0.534103,-0.15794,-0.830535],[-0.716243,-0.606448,-0.345277],[-0.449143,0.779279,-0.43703]]],3],[264,[-0.524859,0.615588,-0.587855],26,50.5107,[-22.1092,105.215,66.171],[-21.555,105.586,66.0549],[-368.797,29.6012,43.6837],false,[13.5,6.92014,124.79],[11.6484,61.7817,106.107],[-4.41191,85.5824,85.4707],[-14.6775,97.6226,73.973],[-24.4853,107.532,63.8383],[[[0.399763,-0.283372,-0.871717],[0.916062,0.156642,0.369179],[0.0319331,-0.946131,0.322206]],[[0.399707,-0.431499,-0.808729],[0.796199,0.600608,0.0730589],[0.454205,-0.673111,0.583626]],[[0.399707,-0.431499,-0.808729],[0.751503,0.659439,0.019579],[0.524859,-0.615588,0.587855]],[[0.399707,-0.431499,-0.808729],[0.718661,0.695182,-0.0157235],[0.568999,-0.574918,0.587971]]],4]],[[0,200,0],[235.247,235.247,147.751]]],[103716,80900286555,[[26,"right",[-0.118043,0.991023,-0.0627573],[-0.743683,-0.130108,-0.655749],[-15.1468,50.5254,135.191],[-263.092,95.4377,62.9555],[-15.019,50.4745,135.172],0.629568,0.263914,0.4854,[[0.627527,0.0284967,-0.778073],[-0.0619436,0.99799,-0.0134073],[0.776127,0.0566101,0.628031]],63.72,[209.01,13.0912,305.246],[-0.54374,-2.19348,135.678]]],[[260,[-0.334787,0.682927,-0.649252],26,52.1164,[-67.7881,58.954,101.439],[-69.3799,59.321,102.888],[-346.809,169.985,197.312],false,[-26.9307,-7.86609,150.259],[-26.9307,-7.86609,150.259],[-59.0426,29.084,140.497],[-70.4574,52.3688,118.361],[-68.1147,61.6687,97.0125],[[[0.906925,0.32212,0.271524],[-0.150923,-0.353311,0.923252],[0.393331,-0.878299,-0.271811]],[[0.6545,0.664216,0.361174],[-0.397235,-0.104356,0.911764],[0.643299,-0.740221,0.195549]],[[0.6545,0.664216,0.361174],[-0.677899,0.30402,0.669347],[0.334787,-0.682927,0.649252]],[[0.6545,0.664216,0.361174],[-0.749406,0.633176,0.193593],[-0.100099,-0.397372,0.912182]]],0],[261,[0.159085,-0.984359,-0.0756943],26,58.8075,[-52.4664,34.5788,127.632],[-53.437,35.2864,128.01],[-319.005,157.083,180.223],false,[-8.34508,5.53026,156.341],[-32.9659,74.8139,153.875],[-64.6427,68.6945,125.504],[-60.7976,44.9022,123.674],[-50.9623,32.1268,129.329],[[[0.628867,0.196694,-0.752222],[0.701804,0.272825,0.658056],[0.33466,-0.941742,0.0335299]],[[0.640957,0.161294,-0.750439],[-0.213401,0.976574,0.0276296],[0.737316,0.142435,0.660362]],[[0.640957,0.161294,-0.750439],[-0.75091,-0.0708671,-0.656591],[-0.159085,0.984359,0.0756943]],[[0.640957,0.161294,-0.750439],[-0.507743,-0.644118,-0.572109],[-0.575649,0.747727,-0.330956]]],1],[262,[0.108341,-0.9938,0.0249732],26,67.0064,[-44.7483,27.9607,118.406],[-45.4028,28.6077,118.468],[-357.571,132.127,161.528],false,[0.31257,8.94533,148.279],[-16.8803,75.8818,138.714],[-56.7778,67.2506,113.083],[-53.697,38.9905,113.793],[-42.81,25.019,120.071],[[[0.539382,0.0182412,-0.841863],[0.805195,0.281408,0.521987],[0.246429,-0.959415,0.137099]],[[0.534448,0.0370453,-0.844389],[-0.170903,0.983139,-0.0650391],[0.827742,0.179069,0.531768]],[[0.534448,0.0370453,-0.844389],[-0.838229,-0.104829,-0.535148],[-0.108341,0.9938,-0.0249732]],[[0.534448,0.0370453,-0.844389],[-0.615409,-0.667734,-0.418812],[-0.579342,0.743478,-0.334071]]],2],[263,[-0.094375,-0.985301,0.142392],26,64.4285,[-35.9358,28.146,110.04],[-36.3025,28.5273,110.13],[-375.043,102.225,138.247],false,[7.4292,10.2088,138.345],[-1.73773,70.1606,122.676],[-40.1179,66.8873,100.037],[-42.7323,39.5925,103.982],[-34.4174,24.9102,112.006],[[[0.507523,-0.144409,-0.84945],[0.849119,0.251265,0.46461],[0.146343,-0.957085,0.250144]],[[0.511359,-0.170698,-0.842244],[0.0247866,0.982596,-0.184094],[0.85901,0.0732617,0.50669]],[[0.511359,-0.170698,-0.842244],[-0.854169,0.00667324,-0.519952],[0.094375,0.985301,-0.142392]],[[0.511359,-0.170698,-0.842244],[-0.73516,-0.594431,-0.325871],[-0.44503,0.785821,-0.429458]]],3],[264,[-0.529988,0.621972,-0.576423],26,50.5107,[-25.4008,105.959,66.5935],[-24.7718,106.315,66.4552],[-367.878,43.7239,45.0867],false,[9.96665,7.2831,124.65],[8.72622,62.1111,105.818],[-7.50022,86.0851,85.5147],[-17.8662,98.2501,74.2405],[-27.766,108.288,64.324],[[[0.373728,-0.293729,-0.879802],[0.927292,0.140195,0.347095],[0.0213921,-0.945552,0.324767]],[[0.372389,-0.439991,-0.81715],[0.806681,0.58882,0.050571],[0.458903,-0.678011,0.574203]],[[0.372389,-0.439991,-0.81715],[0.761865,0.647734,-0.00157448],[0.529988,-0.621972,0.576423]],[[0.372389,-0.439991,-0.81715],[0.729009,0.683565,-0.0358406],[0.574344,-0.582363,0.57531]]],4]],[[0,200,0],[235.247,235.247,147.751]]],[103717,80900312347,[[26,"right",[-0.103202,0.993379,-0.050481],[-0.789318,-0.112673,-0.603558],[-20.9058,53.5234,135.892],[-239.15,107.948,41.4436],[-20.9046,53.5228,135.892],0.628267,0.274757,0.491065,[[0.604534,0.0224271,-0.796263],[-0.0273176,0.999599,0.00741431],[0.796111,0.0172698,0.604905]],63.72,[207.64,5.20164,298.484],[-7.30935,0.5388,135.16]]],[[260,[-0.365186,0.692404,-0.622267],26,52.1164,[-76.1261,63.5744,106.247],[-77.0221,63.5153,107.382],[-318.285,165.285,182.84],false,[-32.7353,-4.71717,151.499],[-32.7353,-4.71717,151.499],[-64.7225,32.8838,144.099],[-77.1737,56.4917,122.883],[-76.1367,65.8693,101.465],[[[0.9294,0.303649,0.209792],[-0.0938311,-0.355353,0.930011],[0.356947,-0.884037,-0.301774]],[[0.690354,0.649856,0.317959],[-0.335838,-0.101412,0.936444],[0.640799,-0.753261,0.148236]],[[0.690354,0.649856,0.317959],[-0.62454,0.31347,0.715323],[0.365186,-0.692404,0.622267]],[[0.690354,0.649856,0.317959],[-0.722113,0.645861,0.247821],[-0.0443092,-0.400687,0.915143]]],0],[261,[0.135555,-0.98666,-0.0901497],26,58.8075,[-59.4802,38.6927,131.228],[-59.8554,39.0161,131.305],[-276.792,149.412,148.376],false,[-13.5243,8.29659,156.342],[-36.9339,78.0407,155.855],[-70.5897,72.6312,129.706],[-67.3133,48.7832,127.527],[-57.3505,35.802,132.441],[[[0.579329,0.188914,-0.792899],[0.750419,0.256134,0.609317],[0.318197,-0.948002,0.00662106]],[[0.590759,0.153536,-0.792105],[-0.193187,0.980088,0.0458932],[0.783379,0.125912,0.608657]],[[0.590759,0.153536,-0.792105],[-0.795379,-0.0541167,-0.603691],[-0.135555,0.98666,0.0901497]],[[0.590759,0.153536,-0.792105],[-0.557662,-0.631797,-0.538373],[-0.583109,0.759776,-0.287618]]],1],[262,[0.0911768,-0.995741,0.0136713],26,67.0064,[-52.4815,31.8685,121.338],[-52.6402,32.2636,121.212],[-311.13,138.197,128.174],false,[-5.37758,11.5922,147.718],[-21.9105,78.8886,139.629],[-63.6325,71.1484,116.767],[-61.0397,42.8331,117.156],[-50.0075,28.635,122.619],[[[0.480519,0.0126478,-0.876893],[0.844362,0.263509,0.466493],[0.23697,-0.964574,0.115942]],[[0.475796,0.0314987,-0.878992],[-0.156091,0.98652,-0.0491396],[0.865595,0.160583,0.474298]],[[0.475796,0.0314987,-0.878992],[-0.874817,-0.0866483,-0.476641],[-0.0911768,0.995741,-0.0136713]],[[0.475796,0.0314987,-0.878992],[-0.654955,-0.654346,-0.377974],[-0.587071,0.755539,-0.290705]]],2],[263,[-0.101972,-0.984152,0.145072],26,64.4285,[-44.1141,31.7767,112.307],[-44.1238,32.0287,112.274],[-331.515,122.345,105.312],false,[1.06249,12.7754,137.323],[-8.01712,72.971,122.564],[-47.9188,70.4971,102.614],[-50.7436,43.2341,106.633],[-42.1627,28.3671,114.01],[[[0.445126,-0.149336,-0.882928],[0.883659,0.232857,0.406109],[0.144949,-0.960977,0.235612]],[[0.448938,-0.175665,-0.876126],[0.0299266,0.982892,-0.181736],[0.893062,0.0553688,0.446514]],[[0.448938,-0.175665,-0.876126],[-0.887725,0.0242124,-0.459736],[0.101972,0.984152,-0.145072]],[[0.448938,-0.175665,-0.876126],[-0.766505,-0.579648,-0.276547],[-0.459265,0.795708,-0.394873]]],3],[264,[-0.561451,0.632181,-0.533967],26,50.5107,[-35.2468,109.345,68.5438],[-34.4825,109.693,68.3187],[-374.178,95.9187,63.1873],false,[2.59692,9.87594,123.474],[1.1089,64.8174,104.994],[-16.228,89.102,86.021],[-27.2093,101.467,75.5773],[-37.6485,111.699,66.443],[[[0.306744,-0.295963,-0.904607],[0.951446,0.120974,0.283048],[0.0256622,-0.947508,0.318701]],[[0.306994,-0.440098,-0.843842],[0.815691,0.578467,-0.0049415],[0.490309,-0.686797,0.536569]],[[0.306994,-0.440098,-0.843842],[0.768458,0.6377,-0.0530176],[0.561451,-0.632181,0.533967]],[[0.306994,-0.440098,-0.843842],[0.73414,0.673744,-0.0843013],[0.605634,-0.593618,0.529929]]],4]],[[0,200,0],[235.247,235.247,147.751]]],[103718,80900320938,[[26,"right",[-0.0977718,0.994045,-0.0481181],[-0.799519,-0.107246,-0.590989],[-22.7062,54.6773,135.881],[-231.345,114.907,30.1552],[-22.6063,54.6133,135.882],0.627863,0.277777,0.493283,[[0.600383,0.0194067,-0.799477],[-0.0195217,0.999763,0.00960821],[0.799474,0.00983855,0.60062]],63.72,[206.403,4.26582,297.062],[-9.45514,1.60942,134.894]]],[[260,[-0.370596,0.695141,-0.615985],26,52.1164,[-77.7834,64.704,106.938],[-79.1963,65.0465,108.259],[-301.672,168.57,161.437],false,[-34.6501,-3.50094,151.632],[-34.6501,-3.50094,151.632],[-66.5117,34.3068,144.764],[-79.1474,58.0081,123.761],[-78.396,67.3993,102.338],[[[0.934506,0.297665,0.195179],[-0.0812321,-0.35552,0.931132],[0.346555,-0.886003,-0.308055]],[[0.699406,0.64525,0.307382],[-0.321595,-0.0999622,0.941586],[0.638285,-0.757404,0.137595]],[[0.699406,0.64525,0.307382],[-0.611138,0.316909,0.725313],[0.370596,-0.695141,0.615985]],[[0.699406,0.64525,0.307382],[-0.714003,0.650103,0.259935],[-0.0321066,-0.401272,0.915396]]],0],[261,[0.128172,-0.987389,-0.09292],26,58.8075,[-60.9748,39.7442,131.71],[-61.8057,40.4093,131.906],[-263.661,152.713,127.581],false,[-15.2833,9.38858,156.178],[-38.2606,79.2779,156.114],[-72.36,74.0893,130.5],[-69.2621,50.2237,128.254],[-59.3016,37.1783,133],[[[0.567801,0.185939,-0.801891],[0.761615,0.250943,0.59747],[0.312321,-0.949976,0.000871696]],[[0.578997,0.150567,-0.801307],[-0.186543,0.981195,0.049579],[0.793703,0.120772,0.596196]],[[0.578997,0.150567,-0.801307],[-0.805192,-0.0489045,-0.590994],[-0.128172,0.987389,0.09292]],[[0.578997,0.150567,-0.801307],[-0.570002,-0.627969,-0.529861],[-0.582976,0.763534,-0.277769]]],1],[262,[0.0854822,-0.99627,0.0117628],26,67.0064,[-54.2336,32.9808,121.746],[-54.7925,33.6277,121.701],[-294.992,143.857,109.4],false,[-7.25448,12.6402,147.427],[-23.4925,80.0452,139.651],[-65.6209,72.5855,117.451],[-63.1901,44.2552,117.786],[-52.1543,29.9914,123.067],[[[0.466564,0.0103616,-0.884427],[0.853316,0.257848,0.453173],[0.232743,-0.96613,0.111461]],[[0.461944,0.0291699,-0.886429],[-0.150622,0.987521,-0.0459971],[0.874025,0.154764,0.460573]],[[0.461944,0.0291699,-0.886429],[-0.88278,-0.0812077,-0.462715],[-0.0854822,0.99627,-0.0117628]],[[0.461944,0.0291699,-0.886429],[-0.664632,-0.650397,-0.367762],[-0.587258,0.759034,-0.28106]]],2],[263,[-0.105029,-0.983643,0.146342],26,64.4285,[-46.0868,32.8995,112.624],[-46.4137,33.3314,112.631],[-314.036,129.992,88.6906],false,[-0.973488,13.7917,136.932],[-9.90997,74.0549,122.363],[-50.1398,71.8222,103.054],[-53.0493,44.5734,107.108],[-44.4338,29.6554,114.341],[[[0.430066,-0.151393,-0.890013],[0.891454,0.226999,0.392149],[0.142664,-0.962056,0.232584]],[[0.433818,-0.177734,-0.883296],[0.0326733,0.982809,-0.181711],[0.900408,0.0499694,0.432168]],[[0.433818,-0.177734,-0.883296],[-0.894858,0.0292858,-0.44539],[0.105029,0.983643,-0.146342]],[[0.433818,-0.177734,-0.883296],[-0.774063,-0.575246,-0.264421],[-0.461116,0.798438,-0.38713]]],3],[264,[-0.567286,0.635478,-0.523788],26,50.5107,[-37.7581,110.544,68.8437],[-37.0968,110.944,68.6106],[-356.023,109.1,56.1354],false,[0.322037,10.894,123.058],[-1.11612,65.8588,104.644],[-18.661,90.2419,85.9913],[-29.7564,102.671,75.7466],[-40.295,112.966,66.7993],[[[0.290442,-0.297135,-0.90959],[0.956571,0.114796,0.267943],[0.0248021,-0.94791,0.317572]],[[0.290775,-0.440504,-0.849356],[0.818074,0.574829,-0.0180595],[0.49619,-0.689585,0.527511]],[[0.290775,-0.440504,-0.849356],[0.770478,0.634132,-0.0651105],[0.567286,-0.635478,0.523788]],[[0.290775,-0.440504,-0.849356],[0.735963,0.670231,-0.0956486],[0.611399,-0.597283,0.519081]]],4]],[[0,200,0],[235.247,235.247,147.751]]],[103719,80900329650,[[26,"right",[-0.090017,0.994753,-0.0486178],[-0.810334,-0.101534,-0.577105],[-25.4275,56.4395,136.124],[-252.985,138.239,29.5676],[-25.2853,56.3474,136.112],0.627125,0.283323,0.494785,[[0.593742,0.0125873,-0.804557],[-0.00891753,0.999919,0.00906279],[0.804606,0.0017937,0.593806]],63.72,[204.591,3.74142,295.356],[-12.6523,3.25712,135.029]]],[[260,[-0.374807,0.696991,-0.611329],26,52.1164,[-80.4179,66.5535,107.944],[-82.2699,67.2466,109.412],[-316.072,190.712,153.741],false,[-37.6024,-1.6013,152.203],[-37.6024,-1.6013,152.203],[-69.2437,36.4693,145.782],[-82.023,60.2336,124.938],[-81.5603,69.5797,103.487],[[[0.940213,0.289975,0.178648],[-0.0684632,-0.352912,0.933149],[0.333636,-0.889589,-0.311959]],[[0.710092,0.639767,0.294054],[-0.306559,-0.0950534,0.947094],[0.63387,-0.762669,0.128629]],[[0.710092,0.639767,0.294054],[-0.596061,0.323886,0.734717],[0.374807,-0.696991,0.611329]],[[0.710092,0.639767,0.294054],[-0.703831,0.656674,0.270925],[-0.0197689,-0.399346,0.916587]]],0],[261,[0.11853,-0.988606,-0.0927822],26,58.8075,[-63.4688,41.5283,132.519],[-64.695,42.4867,132.847],[-281.818,175.516,122.296],false,[-18.051,11.1296,156.392],[-40.4238,81.2146,156.565],[-74.9936,76.2489,131.544],[-72.1287,52.3539,129.302],[-62.1976,39.2358,133.907],[[[0.555679,0.179395,-0.811812],[0.773784,0.245565,0.583915],[0.304104,-0.952636,-0.00235757]],[[0.566537,0.144072,-0.811344],[-0.177684,0.982794,0.0504452],[0.804652,0.115584,0.582388]],[[0.566537,0.144072,-0.811344],[-0.815467,-0.0436045,-0.577159],[-0.11853,0.988606,0.0927822]],[[0.566537,0.144072,-0.811344],[-0.584107,-0.624297,-0.518722],[-0.581253,0.767787,-0.269534]]],1],[262,[0.0784775,-0.996826,0.0134049],26,67.0064,[-57.0462,34.8291,122.526],[-57.8884,35.6388,122.567],[-310.52,167.732,106.992],false,[-10.1443,14.294,147.499],[-25.9314,81.8208,139.852],[-68.4923,74.6768,118.386],[-66.2607,46.3306,118.767],[-55.2325,32.0105,123.91],[[[0.451548,0.00453232,-0.892235],[0.863077,0.251385,0.438069],[0.22628,-0.967877,0.1096]],[[0.447106,0.0231749,-0.894181],[-0.142852,0.988684,-0.0458044],[0.883,0.148215,0.445357]],[[0.447106,0.0231749,-0.894181],[-0.891032,-0.0761665,-0.447505],[-0.0784775,0.996826,-0.0134049]],[[0.447106,0.0231749,-0.894181],[-0.675053,-0.647123,-0.35431],[-0.586856,0.762033,-0.273688]]],2],[263,[-0.108257,-0.982515,0.151476],26,64.4285,[-49.1157,34.6626,113.319],[-49.6439,35.2041,113.366],[-328.024,152.368,88.1453],false,[-4.03276,15.3698,136.896],[-12.6964,75.6782,122.349],[-53.2693,73.6758,103.745],[-56.2683,46.4582,107.942],[-47.618,31.511,115.072],[[[0.41357,-0.156912,-0.896849],[0.899906,0.220084,0.376474],[0.138309,-0.962778,0.232226]],[[0.417201,-0.183206,-0.890157],[0.0363903,0.982053,-0.185064],[0.908086,0.0448156,0.41638]],[[0.417201,-0.183206,-0.890157],[-0.902344,0.0331693,-0.429739],[0.108257,0.982515,-0.151476]],[[0.417201,-0.183206,-0.890157],[-0.782045,-0.571345,-0.24894],[-0.462979,0.8,-0.38164]]],3],[264,[-0.573154,0.638109,-0.514112],26,50.5107,[-41.2797,112.199,69.3163],[-40.6436,112.615,69.0602],[-370.195,131.254,55.8563],false,[-2.99802,12.4328,123.008],[-4.27565,67.3704,104.501],[-22.0346,91.8216,86.1427],[-33.2448,104.302,76.0873],[-43.8815,114.652,67.3209],[[[0.272384,-0.301481,-0.913737],[0.961936,0.10707,0.251425],[0.0220336,-0.947441,0.319169]],[[0.272541,-0.443231,-0.853972],[0.820654,0.570405,-0.0341461],[0.502244,-0.691509,0.519198]],[[0.272541,-0.443231,-0.853972],[0.772797,0.629574,-0.0801293],[0.573154,-0.638109,0.514112]],[[0.272541,-0.443231,-0.853972],[0.738188,0.665589,-0.109867],[0.617091,-0.600448,0.508588]]],4]],[[0,200,0],[235.247,235.247,147.751]]],[103720,80900338346,[[26,"right",[-0.0859943,0.995376,-0.0427991],[-0.816573,-0.0950284,-0.569366],[-27.9631,57.8841,136.042],[-263.277,145.675,19.1463],[-27.8388,57.8127,136.045],0.62643,0.289419,0.488612,[[0.589849,0.0139228,-0.807394],[-0.00494774,0.999895,0.0136277],[0.807499,-0.00404353,0.589855]],63.72,[202.584,3.55937,293.815],[-15.4408,4.65112,134.554]]],[[260,[-0.377613,0.701627,-0.604258],26,52.1164,[-83.1512,68.4074,108.629],[-85.0065,69.0849,109.931],[-316.248,196.236,128.886],false,[-40.2379,-0.180829,151.956],[-40.2379,-0.180829,151.956],[-71.7641,38.0655,146.033],[-84.639,61.9879,125.43],[-84.3559,71.4435,104.023],[[[0.943273,0.284865,0.170549],[-0.0606332,-0.35724,0.932042],[0.326433,-0.889512,-0.319703]],[[0.715955,0.63507,0.28999],[-0.297548,-0.0981884,0.949644],[0.631565,-0.766188,0.118665]],[[0.715955,0.63507,0.28999],[-0.587211,0.323117,0.742144],[0.377613,-0.701627,0.604258]],[[0.715955,0.63507,0.28999],[-0.698042,0.658369,0.281582],[-0.0120962,-0.404025,0.914668]]],0],[261,[0.113536,-0.988618,-0.0987158],26,58.8075,[-66.0794,43.2163,132.933],[-67.31,44.1095,133.095],[-286.839,178.413,97.2295],false,[-20.5876,12.4413,156.01],[-42.6397,82.6242,156.755],[-77.4798,77.9193,132.061],[-74.7356,54.024,129.675],[-64.8143,40.8418,134.115],[[[0.548259,0.18094,-0.816501],[0.780747,0.239186,0.577256],[0.299745,-0.953966,-0.0101325]],[[0.558921,0.1457,-0.81632],[-0.173143,0.983249,0.0569457],[0.810943,0.109512,0.574786]],[[0.558921,0.1457,-0.81632],[-0.821411,-0.0375075,-0.569102],[-0.113536,0.988618,0.0987158]],[[0.558921,0.1457,-0.81632],[-0.591959,-0.619273,-0.515835],[-0.580682,0.771539,-0.259877]]],1],[262,[0.0766753,-0.997014,0.0091426],26,67.0064,[-59.7501,36.5588,122.851],[-60.5765,37.2972,122.759],[-309.002,174.616,84.7227],false,[-12.7569,15.6144,147.053],[-28.3142,83.2485,139.899],[-71.1191,76.3861,118.83],[-68.9388,48.0347,119.09],[-57.8752,33.6873,124.079],[[[0.442529,0.00694802,-0.896727],[0.868588,0.245331,0.430544],[0.222986,-0.969415,0.102531]],[[0.43819,0.0254596,-0.898522],[-0.139053,0.989486,-0.0397764],[0.888062,0.142372,0.437123]],[[0.43819,0.0254596,-0.898522],[-0.895606,-0.0729006,-0.438834],[-0.0766753,0.997014,-0.0091426]],[[0.43819,0.0254596,-0.898522],[-0.679246,-0.645328,-0.349539],[-0.58874,0.763482,-0.265483]]],2],[263,[-0.108433,-0.982882,0.148945],26,64.4285,[-51.9238,36.3059,113.516],[-52.4357,36.8257,113.464],[-325.015,161.213,68.1689],false,[-6.74797,16.7156,136.394],[-15.2847,77.1338,122.233],[-56.0551,75.3325,104.045],[-59.0589,48.1047,108.171],[-50.3615,33.1146,115.153],[[[0.403775,-0.154299,-0.901753],[0.904651,0.214173,0.368425],[0.136283,-0.964532,0.226064]],[[0.407348,-0.180602,-0.895237],[0.0374255,0.98273,-0.181223],[0.912506,0.0403163,0.407073]],[[0.407348,-0.180602,-0.895237],[-0.906813,0.0364006,-0.419959],[0.108433,0.982882,-0.148945]],[[0.407348,-0.180602,-0.895237],[-0.785733,-0.568946,-0.242745],[-0.465501,0.802299,-0.373664]]],3],[264,[-0.578353,0.641729,-0.503679],26,50.5107,[-44.4591,113.941,69.7724],[-43.7909,114.37,69.4943],[-368.606,149.86,54.9402],false,[-5.86688,13.8432,122.482],[-7.08238,68.8773,104.26],[-25.0346,93.4479,86.2525],[-36.3464,105.999,76.4011],[-47.0686,116.415,67.8191],[[[0.261772,-0.298148,-0.917923],[0.964902,0.101505,0.2422],[0.0209622,-0.949107,0.314255]],[[0.261923,-0.438656,-0.859638],[0.820748,0.569838,-0.040703],[0.507709,-0.694886,0.509279]],[[0.261923,-0.438656,-0.859638],[0.772596,0.629099,-0.0856141],[0.578353,-0.641729,0.503679]],[[0.261923,-0.438656,-0.859638],[0.737871,0.665144,-0.114588],[0.622047,-0.604289,0.497888]]],4]],[[0,200,0],[235.247,235.247,147.751]]],[103721,80900347016,[[26,"right",[-0.077844,0.996415,-0.033122],[-0.824589,-0.0830223,-0.559607],[-30.7756,60.0344,135.586],[-279.533,172.898,0.0646702],[-30.6526,59.9413,135.605],0.625783,0.294758,0.491762,[[0.586887,0.0158601,-0.809514],[0.000645163,0.999799,0.020056],[0.809669,-0.0122929,0.586758]],63.72,[199.872,3.39142,291.904],[-18.7384,6.71049,133.479]]],[[260,[-0.379002,0.71003,-0.593477],26,52.1164,[-86.156,71.0096,109.099],[-88.0332,71.9594,110.281],[-325.573,232.28,105.545],false,[-43.3521,1.94089,151.156],[-43.3521,1.94089,151.156],[-74.6115,40.5103,145.958],[-87.5338,64.7192,125.723],[-87.4469,74.363,104.399],[[[0.947829,0.275229,0.160841],[-0.0518198,-0.364815,0.929637],[0.314541,-0.889471,-0.33152]],[[0.725156,0.626292,0.286195],[-0.286353,-0.103705,0.952495],[0.62622,-0.772661,0.104138]],[[0.725156,0.626292,0.286195],[-0.574897,0.321895,0.752248],[0.379002,-0.71003,0.593477]],[[0.725156,0.626292,0.286195],[-0.688575,0.661786,0.296487],[-0.00371285,-0.412066,0.911146]]],0],[261,[0.104033,-0.988632,-0.108552],26,58.8075,[-69.0059,45.5438,133],[-70.2621,46.6118,133.029],[-301.134,207.646,69.2222],false,[-23.5421,14.3574,155.065],[-44.9695,84.7185,156.698],[-80.1599,80.512,132.415],[-77.6454,56.6164,129.791],[-67.7799,43.3138,133.99],[[[0.539326,0.183319,-0.821901],[0.790126,0.227409,0.569198],[0.291253,-0.956389,-0.0221976]],[[0.549647,0.148113,-0.822162],[-0.164218,0.984112,0.067502],[0.819097,0.0979112,0.565237]],[[0.549647,0.148113,-0.822162],[-0.828894,-0.025867,-0.558807],[-0.104033,0.988632,0.108552]],[[0.549647,0.148113,-0.822162],[-0.603725,-0.609807,-0.51347],[-0.577412,0.778587,-0.24576]]],1],[262,[0.0700188,-0.997545,0.000665011],26,67.0064,[-62.7995,39.0055,122.779],[-63.6745,39.8499,122.584],[-321.084,207.154,57.0067],false,[-15.7992,17.5409,146.036],[-30.8559,85.3663,139.666],[-73.9843,79.0534,119.09],[-71.9933,50.6868,119.109],[-60.9535,36.2386,123.854],[[[0.431064,0.0109506,-0.902255],[0.876133,0.234075,0.421425],[0.21581,-0.972157,0.0913074]],[[0.426899,0.029362,-0.903822],[-0.130911,0.990951,-0.0296402],[0.894773,0.130974,0.42688]],[[0.426899,0.029362,-0.903822],[-0.901584,-0.0635684,-0.427908],[-0.0700188,0.997545,-0.000665011]],[[0.426899,0.029362,-0.903822],[-0.687485,-0.638761,-0.345469],[-0.58747,0.768845,-0.252501]]],2],[263,[-0.107991,-0.983521,0.145],26,64.4285,[-54.9407,38.6334,113.39],[-55.5377,39.2706,113.244],[-330.96,192.118,44.6595],false,[-9.91779,18.6831,135.311],[-18.1074,79.2938,121.781],[-59.13,77.7996,104.141],[-62.1215,50.5541,108.158],[-53.3579,35.5063,114.929],[[[0.390843,-0.149907,-0.908168],[0.911125,0.20315,0.358582],[0.13074,-0.967604,0.215983]],[[0.394266,-0.176262,-0.901935],[0.0394289,0.983775,-0.17502],[0.91815,0.0334422,0.394819]],[[0.394266,-0.176262,-0.901935],[-0.912629,0.0402327,-0.406804],[0.107991,0.983521,-0.145]],[[0.394266,-0.176262,-0.901935],[-0.790286,-0.56594,-0.234861],[-0.469043,0.805384,-0.362428]]],3],[264,[-0.581256,0.649958,-0.489588],26,50.5107,[-47.7872,116.684,70.0992],[-47.1161,117.157,69.801],[-372.832,195.487,50.1691],false,[-9.23985,15.9246,121.365],[-10.208,71.1239,103.634],[-28.2764,95.9563,86.108],[-39.6451,108.669,76.5323],[-50.4125,119.237,68.1966],[[[0.247395,-0.292381,-0.923747],[0.968771,0.0910719,0.230627],[0.0166965,-0.951956,0.30578]],[[0.247091,-0.432275,-0.867228],[0.823304,0.565621,-0.0473614],[0.510996,-0.70229,0.495654]],[[0.247091,-0.432275,-0.867228],[0.775299,0.625054,-0.0906637],[0.581256,-0.649958,0.489588]],[[0.247091,-0.432275,-0.867228],[0.740757,0.661231,-0.118538],[0.624679,-0.613116,0.483596]]],4]],[[0,200,0],[235.247,235.247,147.751]]],[103722,80900355680,[[26,"right",[-0.0697982,0.997126,-0.0294506],[-0.835529,-0.0745645,-0.544364],[-33.065,62.0336,135.253],[-275.468,188.278,-10.1682],[-32.9739,61.9546,135.266],0.625178,0.299529,0.493284,[[0.583278,0.0124541,-0.812177],[0.00934685,0.999713,0.0220425],[0.812219,-0.0204482,0.582995]],63.72,[197.767,3.09197,290.213],[-21.532,8.61298,132.804]]],[[260,[-0.383626,0.714628,-0.584926],26,52.1164,[-88.9752,73.6334,109.769],[-90.6631,74.5185,111.016],[-320.456,248.918,100.138],false,[-45.8537,4.01387,150.925],[-45.8537,4.01387,150.925],[-76.8639,42.8664,146.385],[-89.9438,67.2321,126.442],[-90.1737,76.9302,105.143],[[[0.953004,0.266652,0.143804],[-0.0377092,-0.366572,0.929625],[0.300601,-0.89136,-0.339289]],[[0.735784,0.619291,0.274046],[-0.269627,-0.103322,0.957406],[0.621228,-0.778334,0.0909544]],[[0.735784,0.619291,0.274046],[-0.55808,0.325248,0.763387],[0.383626,-0.714628,0.584926]],[[0.735784,0.619291,0.274046],[-0.677145,0.666907,0.310982],[0.00982501,-0.414385,0.910049]]],0],[261,[0.0937962,-0.989208,-0.112562],26,58.8075,[-71.6331,47.9325,133.297],[-72.6944,48.9454,133.402],[-295.744,223.975,62.156],false,[-25.8676,16.2496,154.493],[-46.6497,86.7889,156.681],[-82.318,82.9281,133.045],[-80.0509,59.0185,130.325],[-70.2216,45.6238,134.31],[[[0.525539,0.180618,-0.831376],[0.802504,0.21922,0.554914],[0.282482,-0.958811,-0.0297378]],[[0.535516,0.145441,-0.831907],[-0.154773,0.985277,0.0726234],[0.830222,0.0898656,0.550142]],[[0.535516,0.145441,-0.831907],[-0.8393,-0.0177507,-0.543379],[-0.0937962,0.989208,0.112562]],[[0.535516,0.145441,-0.831907],[-0.618269,-0.603513,-0.503504],[-0.575296,0.783977,-0.233269]]],1],[262,[0.0646869,-0.997905,-0.00104505],26,67.0064,[-65.4885,41.3976,123.022],[-66.2721,42.161,122.879],[-314.033,223.596,51.353],false,[-18.2664,19.3876,145.328],[-32.8498,87.3555,139.39],[-76.4014,81.4319,119.605],[-74.5619,53.055,119.575],[-63.5006,38.558,124.117],[[[0.414313,0.00938268,-0.910086],[0.885806,0.225496,0.405584],[0.209027,-0.974199,0.0851148]],[[0.410341,0.027554,-0.911516],[-0.123332,0.992037,-0.0255331],[0.903554,0.122897,0.410472]],[[0.410341,0.027554,-0.911516],[-0.909635,-0.0585343,-0.411264],[-0.0646869,0.997905,0.00104505]],[[0.410341,0.027554,-0.911516],[-0.696525,-0.635699,-0.332775],[-0.588619,0.771445,-0.241662]]],2],[263,[-0.108795,-0.983138,0.146981],26,64.4285,[-57.6978,40.8526,113.535],[-58.2809,41.461,113.402],[-325.328,207.771,38.3803],false,[-12.5754,20.5046,134.498],[-20.4887,81.2159,121.258],[-61.8487,79.9898,104.403],[-64.8625,52.7549,108.474],[-56.0248,37.6732,115.072],[[[0.372594,-0.151107,-0.915609],[0.919355,0.19442,0.342033],[0.12633,-0.96921,0.211361]],[[0.375911,-0.177569,-0.909483],[0.042032,0.983726,-0.174691],[0.925702,0.0274409,0.377257]],[[0.375911,-0.177569,-0.909483],[-0.920247,0.0436954,-0.388891],[0.108795,0.983138,-0.146981]],[[0.375911,-0.177569,-0.909483],[-0.796836,-0.562935,-0.219443],[-0.473014,0.807201,-0.353107]]],3],[264,[-0.586382,0.655168,-0.476352],26,50.5107,[-50.9521,118.94,70.2903],[-50.2663,119.385,69.9683],[-370.422,211.943,42.4971],false,[-12.1806,17.7736,120.536],[-12.9989,73.0214,102.949],[-31.2639,98.0067,85.8