{"metadata":{"formatVersion":2,"generatedBy":"LeapJS Playback 0.2.1","frames":140,"protocolVersion":6,"serviceVersion":"2.2.5+26752","frameRate":"1.1e+2","modified":"Wed Apr 22 2015 20:01:47 GMT-0300 (E. South America Standard Time)"},"frames":[["id","timestamp",{"hands":[["id","type","direction","palmNormal","palmPosition","palmVelocity","stabilizedPalmPosition","pinchStrength","grabStrength","confidence","armBasis","armWidth","elbow","wrist"]]},{"pointables":[["id","direction","handId","length","stabilizedTipPosition","tipPosition","tipVelocity","tool","carpPosition","mcpPosition","pipPosition","dipPosition","btipPosition","bases","type"]]},{"interactionBox":["center","size"]}],[103862,80901587064,[[26,"right",[-0.193501,0.979867,0.0491671],[-0.566957,-0.07078,-0.820701],[-41.2684,69.5761,122.196],[-223.099,79.5844,33.6813],[-41.2207,69.5373,122.18],0.900761,0,0.514508,[[0.682931,0.218313,-0.697097],[-0.0333136,0.962612,0.268829],[0.729723,-0.160369,0.66467]],63.72,[174.759,-24.9075,298.209],[-22.2666,18.3921,118.748]]],[[260,[-0.120663,0.733832,-0.668529],26,52.1164,[-73.1325,70.7275,80.4731],[-74.5044,72.023,81.2685],[-324.35,182.47,84.0349],false,[-50.554,8.95265,125.944],[-50.554,8.95265,125.944],[-82.8063,45.6179,115.589],[-86.9204,70.6383,92.7955],[-69.643,71.1986,77.0188],[[[0.791542,0.329632,0.514591],[-0.315329,-0.500994,0.805961],[0.523477,-0.800217,-0.292615]],[[0.517309,0.621262,0.588579],[-0.561187,-0.272984,0.781376],[0.646112,-0.734516,0.207427]],[[0.517309,0.621262,0.588579],[-0.84725,0.274817,0.454581],[0.120663,-0.733832,0.668529]],[[0.517309,0.621262,0.588579],[-0.432892,0.783237,-0.446256],[-0.738239,-0.0239386,0.674115]]],0],[261,[0.218234,-0.955527,-0.198348],26,58.8075,[-76.5699,52.1612,103.058],[-76.587,52.4803,103.297],[-297.96,172.283,67.6158],false,[-35.0807,22.3273,137.926],[-64.9277,89.5532,139.45],[-88.7676,85.8885,103.897],[-83.4928,62.7931,99.1028],[-74.6622,49.1269,104.316],[[[0.756842,0.348553,-0.552902],[0.512445,0.208638,0.832989],[0.405697,-0.913773,-0.0207086]],[[0.779881,0.29294,-0.553147],[-0.2896,0.952318,0.0960289],[0.554902,0.0853003,0.827531]],[[0.779881,0.29294,-0.553147],[-0.586651,0.0339722,-0.809127],[-0.218234,0.955527,0.198348]],[[0.779881,0.29294,-0.553147],[-0.353067,-0.523833,-0.775205],[-0.516845,0.799866,-0.3051]]],1],[262,[0.160906,-0.977931,-0.133269],26,67.0064,[-66.209,47.8559,94.1847],[-66.1476,48.1861,94.3546],[-325.719,173.014,31.8088],false,[-25.2284,27.4664,132.622],[-46.09,93.9263,128.691],[-78.5162,87.1875,93.6709],[-73.9406,59.3787,89.8812],[-63.9714,44.4701,95.4927],[[[0.706172,0.181186,-0.684466],[0.641804,0.244449,0.726865],[0.299014,-0.952584,0.0563372]],[[0.697382,0.208203,-0.685791],[-0.247149,0.968042,0.042566],[0.672737,0.139808,0.726553]],[[0.697382,0.208203,-0.685791],[-0.698403,-0.0174083,-0.715493],[-0.160906,0.977931,0.133269]],[[0.697382,0.208203,-0.685791],[-0.481898,-0.572061,-0.663717],[-0.530502,0.793346,-0.298613]]],2],[263,[-0.0559446,-0.996265,-0.0657717],26,64.4285,[-55.4662,49.8429,88.2251],[-55.1875,49.8595,88.6354],[-337.923,168.968,5.79188],false,[-16.263,30.683,124.862],[-27.3427,91.6853,115.933],[-59.4639,89.7761,84.9357],[-61.0137,62.1775,83.1137],[-53.9102,46.2318,89.7744],[[[0.692073,0.0200837,-0.721549],[0.699821,0.226278,0.677531],[0.176878,-0.973856,0.142546]],[[0.69412,0.00854267,-0.719809],[-0.036685,0.99905,-0.0235191],[0.718924,0.0427312,0.693774]],[[0.69412,0.00854267,-0.719809],[-0.717682,0.0859229,-0.691049],[0.0559446,0.996265,0.0657717]],[[0.69412,0.00854267,-0.719809],[-0.611271,-0.521115,-0.59564],[-0.380191,0.853444,-0.356494]]],3],[264,[-0.219957,0.758335,-0.613634],26,50.5107,[-23.6748,140.127,60.8413],[-23.0881,140.628,61.2173],[-320.77,166.522,120.52],false,[-10.5327,30.08,111.849],[-12.7434,86.9962,100.988],[-15.6117,116.472,81.6695],[-19.9138,131.304,69.6675],[-25.3949,143.175,58.4359],[[[0.582685,-0.13043,-0.802164],[0.811803,0.139715,0.56697],[0.038124,-0.981564,0.187293]],[[0.568387,-0.411605,-0.712403],[0.818753,0.368334,0.440425],[0.0811213,-0.833613,0.546359]],[[0.568387,-0.411605,-0.712403],[0.792815,0.505479,0.340492],[0.219957,-0.758335,0.613634]],[[0.568387,-0.411605,-0.712403],[0.758828,0.5969,0.260556],[0.317987,-0.688688,0.651608]]],4]],[[0,200,0],[235.247,235.247,147.751]]],[103863,80901595813,[[26,"right",[-0.170916,0.983274,0.0629325],[-0.586286,-0.0501604,-0.80855],[-43.6466,71.9557,122.904],[-236.159,131.159,46.3221],[-43.5747,71.884,122.882],0.904429,0,0.52654,[[0.678302,0.205869,-0.705354],[-0.0182258,0.964367,0.26394],[0.734558,-0.166175,0.657884]],63.72,[172.482,-24.457,296.167],[-25.8482,20.4103,118.538]]],[[260,[-0.124059,0.740674,-0.660312],26,52.1164,[-76.6473,73.7752,81.643],[-77.8275,75.2156,82.4998],[-346.898,230.877,97.5501],false,[-54.1699,11.5124,126.27],[-54.1699,11.5124,126.27],[-86.0768,48.6873,116.691],[-90.3067,73.941,94.1777],[-73.2726,74.3372,78.1337],[[[0.809685,0.307189,0.500045],[-0.308394,-0.502216,0.807881],[0.499303,-0.80834,-0.311902]],[[0.53565,0.610154,0.583774],[-0.551826,-0.270364,0.788918],[0.639192,-0.744725,0.191878]],[[0.53565,0.610154,0.583774],[-0.835278,0.281273,0.472437],[0.124059,-0.740674,0.660312]],[[0.53565,0.610154,0.583774],[-0.428167,0.792102,-0.435025],[-0.727841,-0.0169316,0.685537]]],0],[261,[0.192526,-0.957877,-0.213087],26,58.8075,[-79.6924,55.4547,104.355],[-79.7523,55.8326,104.612],[-315.459,229.453,89.7153],false,[-38.1482,24.4268,138.034],[-66.4784,92.2637,140.871],[-91.1781,89.5064,105.827],[-86.5246,66.3542,100.676],[-77.8838,52.444,105.551],[[[0.75193,0.337698,-0.566181],[0.535083,0.189033,0.823379],[0.38508,-0.922077,-0.0385568]],[[0.773688,0.281745,-0.567474],[-0.266236,0.957341,0.112325],[0.574913,0.0641775,0.815694]],[[0.773688,0.281745,-0.567474],[-0.603607,0.0556092,-0.795341],[-0.192526,0.957877,0.213087]],[[0.773688,0.281745,-0.567474],[-0.381627,-0.507723,-0.772385],[-0.505735,0.814148,-0.285298]]],1],[262,[0.134948,-0.979801,-0.14758],26,67.0064,[-69.7211,51.1062,95.195],[-69.6464,51.4204,95.3799],[-346.604,227.016,54.363],false,[-28.305,29.4052,132.562],[-47.7909,96.3373,129.739],[-81.1368,90.7366,95.3884],[-77.2993,62.8746,91.1918],[-67.5544,47.6807,96.4187],[[[0.694733,0.172811,-0.698199],[0.662827,0.223114,0.714759],[0.279296,-0.959352,0.0404609]],[[0.686562,0.199855,-0.699064],[-0.223657,0.972911,0.0584874],[0.691816,0.116196,0.712663]],[[0.686562,0.199855,-0.699064],[-0.714438,0.00698584,-0.699664],[-0.134948,0.979801,0.14758]],[[0.686562,0.199855,-0.699064],[-0.509626,-0.553477,-0.658745],[-0.518569,0.808531,-0.278145]]],2],[263,[-0.0819937,-0.993652,-0.0770307],26,64.4285,[-59.1127,53.0238,88.9628],[-58.8185,52.9926,89.3797],[-359.318,221.708,26.8434],false,[-19.4444,32.5057,124.637],[-29.3822,93.821,116.547],[-62.2151,93.0904,86.2527],[-64.4865,65.5642,84.1188],[-57.6194,49.3755,90.4323],[[[0.676305,0.0124363,-0.736517],[0.719334,0.204194,0.663975],[0.15865,-0.978851,0.129152]],[[0.678109,0.00102032,-0.734961],[-0.0127097,0.999866,-0.0103385],[0.734851,0.0163518,0.678031]],[[0.678109,0.00102032,-0.734961],[-0.730373,0.112497,-0.67372],[0.0819937,0.993651,0.0770307]],[[0.678109,0.00102032,-0.734961],[-0.63646,-0.499268,-0.587921],[-0.367542,0.866447,-0.337909]]],3],[264,[-0.221675,0.767846,-0.601059],26,50.5107,[-26.2763,142.504,61.8052],[-25.6597,143.125,62.1702],[-315.482,198.75,117.88],false,[-14.0163,31.9112,111.494],[-15.2212,88.9692,101.237],[-18.2056,118.609,82.1874],[-22.5413,133.627,70.4314],[-28.0307,145.739,59.4652],[[[0.561908,-0.13485,-0.816134],[0.826939,0.116356,0.550121],[0.0207786,-0.984011,0.176894]],[[0.543806,-0.414296,-0.729818],[0.834956,0.354565,0.42087],[0.0844032,-0.838237,0.538734]],[[0.543806,-0.414296,-0.729818],[0.809405,0.488641,0.32572],[0.221675,-0.767846,0.601059]],[[0.543806,-0.414296,-0.729818],[0.776437,0.578398,0.250203],[0.318467,-0.702719,0.636211]]],4]],[[0,200,0],[235.247,235.247,147.751]]],[103864,80901604394,[[26,"right",[-0.159322,0.984548,0.0726756],[-0.591052,-0.0361628,-0.805823],[-45.8639,73.9165,123.418],[-242.023,156.825,49.9149],[-45.7802,73.8422,123.398],0.902672,0,0.53716,[[0.67442,0.203666,-0.709703],[-0.0111711,0.963908,0.266],[0.738263,-0.171468,0.652354]],63.72,[170.652,-24.0831,294.631],[-28.6796,22.2132,118.495]]],[[260,[-0.126602,0.746446,-0.653292],26,52.1164,[-79.7044,76.3819,82.2237],[-80.5277,77.6926,82.9957],[-347.451,248.225,86.9244],false,[-57.0603,13.569,126.297],[-57.0603,13.569,126.297],[-88.9113,50.8669,117.016],[-93.2279,76.3174,94.7413],[-76.2893,76.9336,78.6033],[[[0.815756,0.293409,0.49845],[-0.309881,-0.505955,0.804974],[0.48838,-0.811123,-0.321815]],[[0.537503,0.605146,0.587272],[-0.551321,-0.274782,0.787743],[0.638072,-0.74719,0.185934]],[[0.537503,0.605146,0.587272],[-0.833704,0.276796,0.477829],[0.126602,-0.746446,0.653292]],[[0.537503,0.605146,0.587272],[-0.432739,0.795679,-0.42383],[-0.72376,-0.0263257,0.68955]]],0],[261,[0.179559,-0.957863,-0.224179],26,58.8075,[-82.2416,58.0717,104.914],[-82.2787,58.4025,105.144],[-310.365,248.957,82.1099],false,[-40.8304,26.1931,138.091],[-68.3674,94.32,141.689],[-93.2983,92.2254,106.763],[-88.9583,69.0735,101.344],[-80.4571,55.0131,106.03],[[[0.752767,0.334216,-0.567135],[0.541519,0.17547,0.822172],[0.374298,-0.926018,-0.048896]],[[0.773805,0.278235,-0.569044],[-0.253932,0.959275,0.123734],[0.580297,0.0487523,0.812945]],[[0.773805,0.278235,-0.569044],[-0.607441,0.0712943,-0.791159],[-0.179559,0.957863,0.224179]],[[0.773805,0.278235,-0.569044],[-0.391985,-0.495341,-0.775232],[-0.497568,0.822935,-0.274233]]],1],[262,[0.122081,-0.979897,-0.157788],26,67.0064,[-72.3682,53.6598,95.6502],[-72.2717,53.9432,95.8298],[-336.317,245.483,53.7085],false,[-30.9598,31.1084,132.612],[-49.6932,98.2809,130.494],[-83.2897,93.4159,96.2761],[-79.8181,65.5511,91.7892],[-70.2298,50.1917,96.8184],[[[0.692996,0.171191,-0.700322],[0.669074,0.209074,0.713182],[0.26851,-0.962799,0.0303478]],[[0.685163,0.198224,-0.700898],[-0.211466,0.974946,0.0690091],[0.697017,0.100934,0.709915]],[[0.685163,0.198224,-0.700898],[-0.718086,0.0225444,-0.695589],[-0.122081,0.979898,0.157788]],[[0.685163,0.198224,-0.700898],[-0.51982,-0.540988,-0.661149],[-0.510233,0.817336,-0.267625]]],2],[263,[-0.0959467,-0.99152,-0.0876481],26,64.4285,[-61.8224,55.608,89.3242],[-61.4994,55.5175,89.7352],[-347.212,242.27,30.6043],false,[-22.1059,34.1793,124.668],[-31.3839,95.6744,117.182],[-64.3819,95.7205,87.0589],[-67.0398,68.2534,84.6308],[-60.3493,51.9121,90.7375],[[[0.672533,0.0113903,-0.739979],[0.725094,0.189972,0.661929],[0.148115,-0.981723,0.119503]],[[0.6742,0.0000455642,-0.738549],[0.000731179,0.999999,0.000729167],[0.738549,-0.00103162,0.674199]],[[0.6742,0.0000455642,-0.738549],[-0.73229,0.129954,-0.668478],[0.0959467,0.99152,0.0876481]],[[0.6742,0.0000455642,-0.738549],[-0.64593,-0.484821,-0.58968],[-0.358091,0.874613,-0.326837]]],3],[264,[-0.219595,0.77495,-0.592646],26,50.5107,[-28.402,144.727,62.7985],[-27.7078,145.357,63.1874],[-296.205,215.174,118.122],false,[-16.754,33.6418,111.491],[-17.3597,90.8003,101.753],[-20.3849,120.571,82.9163],[-24.6799,135.728,71.3248],[-30.0928,148.021,60.5223],[[[0.556043,-0.133857,-0.820304],[0.831088,0.101947,0.546717],[0.0104457,-0.985743,0.167933]],[[0.535499,-0.412036,-0.737202],[0.840191,0.34835,0.41561],[0.0855579,-0.841949,0.53273]],[[0.535499,-0.412036,-0.737202],[0.815487,0.479247,0.324504],[0.219595,-0.77495,0.592646]],[[0.535499,-0.412036,-0.737202],[0.783981,0.567109,0.252511],[0.31403,-0.713172,0.626714]]],4]],[[0,200,0],[235.247,235.247,147.751]]],[103865,80901613491,[[26,"right",[-0.139502,0.984495,0.106346],[-0.611378,-0.00115022,-0.791338],[-47.4245,75.9057,122.753],[-222.495,173.96,15.8413],[-47.3797,75.8494,122.771],0.904946,0,0.54556,[[0.675502,0.204195,-0.708521],[-0.00891968,0.963083,0.269055],[0.737304,-0.175428,0.652386]],63.72,[167.76,-23.2804,291.984],[-31.3126,24.0851,115.84]]],[[260,[-0.137418,0.767162,-0.626561],26,52.1164,[-82.9058,80.0116,82.4682],[-83.3694,81.2936,83.1703],[-346.462,291.593,68.4501],false,[-59.6443,15.7031,124.093],[-59.6443,15.7031,124.093],[-91.3626,53.5103,116.588],[-96.0479,79.6672,95.2245],[-79.5097,80.7147,78.6982],[[[0.833057,0.26372,0.486279],[-0.299032,-0.524868,0.796927],[0.465398,-0.809299,-0.358385]],[[0.55526,0.583489,0.592645],[-0.536599,-0.293084,0.791305],[0.635412,-0.757392,0.150361]],[[0.55526,0.583489,0.592645],[-0.820246,0.266464,0.506156],[0.137418,-0.767162,0.626561]],[[0.55526,0.583489,0.592645],[-0.438553,0.810887,-0.387471],[-0.706653,-0.0447591,0.706143]]],0],[261,[0.150447,-0.952408,-0.265113],26,58.8075,[-84.8355,61.6467,104.588],[-84.7446,61.835,104.816],[-302.368,289.309,47.7381],false,[-42.9001,27.6749,135.849],[-69.0932,96.1303,142.195],[-95.0113,95.9387,107.931],[-91.3749,72.9186,101.523],[-83.0611,58.5263,105.481],[[[0.744465,0.338219,-0.575656],[0.564813,0.140736,0.81313],[0.356031,-0.930484,-0.0862575]],[[0.764371,0.28213,-0.579775],[-0.22759,0.959366,0.166793],[0.603274,0.00445961,0.797522]],[[0.764371,0.28213,-0.579775],[-0.626979,0.11542,-0.770439],[-0.150447,0.952408,0.265113]],[[0.764371,0.28213,-0.579775],[-0.423034,-0.459161,-0.781162],[-0.486599,0.842362,-0.231619]]],1],[262,[0.0974241,-0.976436,-0.192565],26,67.0064,[-75.1206,57.1249,95.0249],[-74.9602,57.331,95.1991],[-326.454,282.964,19.0836],false,[-33.0801,32.5824,130.272],[-50.6326,100.105,130.656],[-85.1796,97.0397,97.1837],[-82.4092,69.2734,91.7079],[-73.0087,53.5782,96.0009],[[[0.678454,0.180417,-0.712145],[0.690222,0.175427,0.702011],[0.251584,-0.96782,-0.00550851]],[[0.671177,0.207326,-0.711714],[-0.18924,0.976202,0.105911],[0.716735,0.0636,0.694439]],[[0.671177,0.207326,-0.711714],[-0.734867,0.0599072,-0.67556],[-0.0974241,0.976436,0.192565]],[[0.671177,0.207326,-0.711714],[-0.547066,-0.509358,-0.664284],[-0.50024,0.835207,-0.228448]]],2],[263,[-0.118548,-0.986001,-0.117256],26,64.4285,[-64.6507,59.0939,88.4917],[-64.2972,58.9337,88.868],[-336.614,281.212,-3.93112],false,[-24.3711,35.7399,122.202],[-32.709,97.588,116.812],[-66.4336,99.2885,87.5542],[-69.7177,71.9743,84.3059],[-63.1996,55.3233,89.7236],[[[0.654106,0.0222864,-0.756074],[0.744599,0.156927,0.648804],[0.133108,-0.987359,0.0860526]],[[0.655589,0.0109677,-0.755038],[0.0215542,0.999215,0.0332299],[0.75481,-0.0380594,0.654838]],[[0.655589,0.0109677,-0.755038],[-0.745754,0.16638,-0.645111],[0.118548,0.986001,0.117256]],[[0.655589,0.0109677,-0.755038],[-0.669703,-0.453496,-0.588081],[-0.348857,0.891191,-0.289962]]],3],[264,[-0.224829,0.794926,-0.563511],26,50.5107,[-30.6235,147.955,63.8275],[-29.8615,148.735,64.1983],[-281.236,258.579,116.417],false,[-19.3577,35.5126,108.884],[-19.1622,92.9442,100.894],[-22.4357,123.239,82.9545],[-26.8331,138.786,71.9329],[-32.3109,151.5,61.6635],[[[0.533035,-0.118377,-0.837771],[0.846087,0.0706316,0.528345],[-0.00337066,-0.990453,0.137806]],[[0.509772,-0.396902,-0.763284],[0.855314,0.329291,0.400007],[0.0925793,-0.856759,0.507339]],[[0.509772,-0.396902,-0.763284],[0.830412,0.45887,0.315996],[0.224829,-0.794926,0.563511]],[[0.509772,-0.396902,-0.763284],[0.799462,0.546283,0.249872],[0.317794,-0.737594,0.595787]]],4]],[[0,200,0],[235.247,235.247,147.751]]],[103866,80901621773,[[26,"right",[-0.129695,0.984927,0.114443],[-0.618666,0.00981492,-0.785592],[-49.287,78.6503,122.949],[-223.108,214.225,17.8375],[-49.2204,78.5524,122.943],0.90995,0,0.54949,[[0.673565,0.201916,-0.711014],[-0.0000421535,0.961973,0.273144],[0.739128,-0.18395,0.64796]],63.72,[165.861,-22.9283,290.477],[-33.7042,26.7382,115.528]]],[[260,[-0.143459,0.772087,-0.619113],26,52.1164,[-85.6094,83.2012,82.9267],[-85.8718,84.4444,83.6198],[-341.208,315.937,66.2536],false,[-62.0321,18.5507,123.987],[-62.0321,18.5507,123.987],[-93.7489,56.4453,116.929],[-98.6403,82.77,95.8197],[-82.2409,83.9479,79.1643],[[[0.839852,0.252902,0.480301],[-0.296323,-0.527751,0.796035],[0.454799,-0.810876,-0.368292]],[[0.560069,0.579106,0.592418],[-0.531612,-0.297221,0.793126],[0.635383,-0.759141,0.141396]],[[0.560069,0.579106,0.592418],[-0.81593,0.261758,0.5155],[0.143459,-0.772087,0.619113]],[[0.560069,0.579106,0.592418],[-0.441942,0.813697,-0.377604],[-0.700721,-0.0503303,0.711658]]],0],[261,[0.13288,-0.950465,-0.280997],26,58.8075,[-87.2594,65.2469,104.833],[-87.1065,65.3296,105.134],[-300.611,328.022,44.1528],false,[-45.0733,30.2908,135.668],[-70.5929,98.9301,142.731],[-96.9275,99.6548,108.794],[-93.7157,76.6817,102.002],[-85.5402,62.1421,105.7],[[[0.742098,0.335609,-0.580221],[0.573556,0.130023,0.808781],[0.346877,-0.932985,-0.0960009]],[[0.761461,0.279381,-0.584913],[-0.210825,0.960032,0.184096],[0.612968,-0.016868,0.789927]],[[0.761461,0.279381,-0.584913],[-0.634445,0.136245,-0.760866],[-0.13288,0.950465,0.280997]],[[0.761461,0.279381,-0.584913],[-0.437277,-0.444712,-0.781678],[-0.478504,0.850986,-0.216464]]],1],[262,[0.0830336,-0.975607,-0.203217],26,67.0064,[-77.5735,60.5005,95.2478],[-77.369,60.6376,95.4576],[-319.01,315.432,21.6082],false,[-35.2619,35.1497,130.034],[-52.2052,102.822,131.048],[-87.126,100.521,97.9044],[-84.7648,72.7787,92.1257],[-75.5033,56.94,96.1875],[[[0.673416,0.179358,-0.717176],[0.698236,0.164375,0.696741],[0.242852,-0.969954,-0.0145415]],[[0.666481,0.20597,-0.716504],[-0.175821,0.977394,0.117421],[0.724492,0.0477182,0.687629]],[[0.666481,0.20597,-0.716504],[-0.740883,0.0759462,-0.667326],[-0.0830336,0.975607,0.203217]],[[0.666481,0.20597,-0.716504],[-0.559381,-0.497183,-0.663251],[-0.492844,0.842843,-0.216148]]],2],[263,[-0.130539,-0.983552,-0.124839],26,64.4285,[-67.0404,62.3743,88.6594],[-66.6888,62.1779,89.0477],[-324.474,311.017,2.80569],false,[-26.6001,38.2861,121.906],[-34.4338,100.242,117.021],[-68.407,102.596,88.0979],[-72.0232,75.3501,84.6396],[-65.6209,58.5931,89.8649],[[[0.647249,0.0217612,-0.761968],[0.75195,0.145765,0.642902],[0.125059,-0.98908,0.0779831]],[[0.64863,0.010508,-0.761031],[0.0333008,0.998555,0.0421701],[0.760375,-0.0526957,0.647343]],[[0.64863,0.010508,-0.761031],[-0.749826,0.180318,-0.63659],[0.130539,0.983552,0.124839]],[[0.64863,0.010508,-0.761031],[-0.679605,-0.442177,-0.585335],[-0.342661,0.896866,-0.279668]]],3],[264,[-0.226414,0.799779,-0.555959],26,50.5107,[-32.673,150.828,64.3831],[-31.9377,151.656,64.6854],[-274.128,282.637,101.683],false,[-21.7124,38.1074,108.54],[-21.0771,95.5895,100.945],[-24.5125,125.964,83.1735],[-28.9409,141.607,72.2996],[-34.4073,154.451,62.1865],[[[0.524172,-0.117246,-0.843503],[0.851542,0.059416,0.520909],[-0.010957,-0.991324,0.130984]],[[0.499336,-0.394766,-0.771248],[0.860944,0.3259,0.390596],[0.0971563,-0.85904,0.502605]],[[0.499336,-0.394766,-0.771248],[0.836301,0.452232,0.309978],[0.226414,-0.799779,0.555959]],[[0.499336,-0.394766,-0.771248],[0.806279,0.537561,0.246864],[0.317139,-0.74511,0.586715]]],4]],[[0,200,0],[235.247,235.247,147.751]]],[103867,80901630555,[[26,"right",[-0.139068,0.98345,0.116126],[-0.612723,0.00667086,-0.79027],[-50.9149,81.6768,122.996],[-212.959,249.294,14.4663],[-50.871,81.5957,122.994],0.923793,0,0.554939,[[0.673326,0.21317,-0.707948],[0.000510873,0.957399,0.288768],[0.739346,-0.194797,0.644533]],63.72,[164.795,-22.6733,289.577],[-34.8281,29.9218,115.553]]],[[260,[-0.161337,0.773653,-0.612724],26,52.1164,[-88.183,86.112,82.9788],[-88.0127,87.0916,83.4438],[-325.214,316.065,48.126],false,[-63.1479,21.467,123.772],[-63.1479,21.467,123.772],[-95.6131,58.7121,116.66],[-101.114,85.0902,95.7693],[-84.7152,86.8637,79.1662],[[[0.83395,0.258792,0.487395],[-0.297811,-0.5325,0.792308],[0.464581,-0.805897,-0.367008]],[[0.543224,0.587957,0.599345],[-0.530959,-0.312404,0.78771],[0.650377,-0.74613,0.142476]],[[0.543224,0.587957,0.599345],[-0.82394,0.23615,0.515126],[0.161337,-0.773653,0.612724]],[[0.543224,0.587957,0.599345],[-0.462525,0.805335,-0.370817],[-0.700698,-0.0757752,0.709423]]],0],[261,[0.141025,-0.947825,-0.285901],26,58.8075,[-88.82,68.2581,104.512],[-88.5694,68.2028,104.789],[-265.018,329.31,21.4329],false,[-46.3806,33.3202,135.615],[-72.5453,101.717,142.669],[-98.6673,102.479,108.569],[-95.2587,79.5702,101.658],[-86.9983,65.0751,105.343],[[[0.743572,0.343607,-0.573616],[0.56623,0.132708,0.813494],[0.355646,-0.92969,-0.0958829]],[[0.76331,0.288004,-0.578283],[-0.218334,0.957465,0.188657],[0.60802,-0.0177449,0.793723]],[[0.76331,0.288004,-0.578283],[-0.630452,0.136678,-0.7641],[-0.141025,0.947825,0.285901]],[[0.76331,0.288004,-0.578283],[-0.428498,-0.44419,-0.78682],[-0.483475,0.84838,-0.215645]]],1],[262,[0.0825421,-0.973267,-0.214331],26,67.0064,[-79.3512,64.0138,94.7874],[-78.9771,63.9146,95.0562],[-286.762,337.519,1.28666],false,[-36.5689,38.2792,130.069],[-54.1034,105.799,131.138],[-88.8705,103.955,97.8045],[-86.5233,76.279,91.7097],[-77.2487,60.4288,95.6963],[[[0.677288,0.187152,-0.711516],[0.691459,0.168445,0.702503],[0.251326,-0.967781,-0.015322]],[[0.670209,0.213379,-0.710837],[-0.174762,0.97622,0.128268],[0.721303,0.0382609,0.691562]],[[0.670209,0.213379,-0.710837],[-0.737568,0.0849729,-0.669905],[-0.0825421,0.973267,0.214331]],[[0.670209,0.213379,-0.710837],[-0.554291,-0.493007,-0.670601],[-0.49354,0.843453,-0.212144]]],2],[263,[-0.124493,-0.983473,-0.13146],26,64.4285,[-68.4097,65.5995,88.4419],[-68.0148,65.319,88.8314],[-278.177,325.45,-4.82771],false,[-27.8728,41.5127,122.016],[-36.204,103.412,117.24],[-69.9691,105.781,88.0753],[-73.4177,78.5367,84.4336],[-66.9416,61.8006,89.6347],[[[0.652826,0.0294608,-0.756935],[0.745741,0.150449,0.649027],[0.133001,-0.988179,0.0762469]],[[0.654295,0.0182328,-0.75602],[0.0281781,0.998427,0.0484656],[0.755715,-0.053014,0.652752]],[[0.654295,0.0182328,-0.75602],[-0.745922,0.180132,-0.641211],[0.124493,0.983473,0.13146]],[[0.654295,0.0182328,-0.75602],[-0.672128,-0.444188,-0.592403],[-0.346616,0.895748,-0.278375]]],3],[264,[-0.232379,0.798111,-0.555894],26,50.5107,[-34.859,154.084,64.7312],[-34.067,154.909,64.998],[-265.855,305.413,83.1242],false,[-22.8821,41.4134,108.688],[-22.6855,98.9198,101.254],[-26.502,129.233,83.4553],[-31.0471,144.843,72.5827],[-36.5538,157.673,62.4745],[[[0.53158,-0.110374,-0.839786],[0.847002,0.0653015,0.527564],[-0.00339031,-0.991743,0.1282]],[[0.508746,-0.387379,-0.76884],[0.854124,0.339075,0.394337],[0.107936,-0.857301,0.503373]],[[0.508746,-0.387379,-0.76884],[0.828962,0.461471,0.316017],[0.232379,-0.798111,0.555894]],[[0.508746,-0.387379,-0.76884],[0.799446,0.543969,0.25492],[0.319474,-0.744335,0.586431]]],4]],[[0,200,0],[235.247,235.247,147.751]]],[103868,80901639174,[[26,"right",[-0.147041,0.980179,0.13277],[-0.616481,0.014155,-0.787242],[-52.1621,84.491,122.114],[-194.895,269.728,-16.4372],[-52.1292,84.4171,122.137],0.945731,0,0.562979,[[0.677457,0.228446,-0.699188],[-0.00428859,0.95176,0.306814],[0.73555,-0.204854,0.645756]],63.72,[162.936,-22.3042,288.109],[-35.6624,33.0064,113.755]]],[[260,[-0.192886,0.784251,-0.589699],26,52.1164,[-91.1334,89.2558,82.884],[-90.6035,90.0785,83.0922],[-330.486,329.133,31.9663],false,[-63.8687,24.1718,121.966],[-63.8687,24.1718,121.966],[-97.2711,60.7676,115.9],[-103.848,87.5071,95.7936],[-87.7619,90.2323,79.0142],[[[0.833967,0.258121,0.487723],[-0.289439,-0.547892,0.784882],[0.469814,-0.795731,-0.382214]],[[0.534003,0.588091,0.607445],[-0.516795,-0.341581,0.785013],[0.669151,-0.733124,0.121517]],[[0.534003,0.588091,0.607445],[-0.823186,0.197734,0.532227],[0.192886,-0.784251,0.589699]],[[0.534003,0.588091,0.607445],[-0.492371,0.800368,-0.342026],[-0.687322,-0.116445,0.716958]]],0],[261,[0.147944,-0.941677,-0.302252],26,58.8075,[-90.0577,71.0759,103.611],[-89.7917,71.0003,103.853],[-232.295,328.168,-12.7024],false,[-47.1492,35.9771,133.923],[-73.8724,104.019,142.21],[-100.165,105.12,108.251],[-96.5894,82.3591,100.945],[-88.1833,67.8799,104.352],[[[0.737848,0.359376,-0.57134],[0.568893,0.124416,0.812946],[0.363237,-0.924862,-0.112646]],[[0.757962,0.304277,-0.576983],[-0.225728,0.952239,0.205639],[0.611997,-0.0256256,0.790445]],[[0.757962,0.304277,-0.576983],[-0.6353,0.143734,-0.758772],[-0.147944,0.941677,0.302252]],[[0.757962,0.304277,-0.576983],[-0.428289,-0.435019,-0.79204],[-0.491998,0.847452,-0.19941]]],1],[262,[0.0741547,-0.966785,-0.244596],26,67.0064,[-81.3079,68.022,93.4076],[-80.7467,67.6501,93.7477],[-271.148,371.745,-41.9808],false,[-37.4071,41.1113,128.414],[-55.5212,108.449,130.663],[-90.612,107.869,97.6238],[-88.5033,80.3771,90.6684],[-79.2068,64.4303,94.1918],[[[0.672273,0.204609,-0.711466],[0.693281,0.163046,0.701981],[0.259633,-0.965169,-0.0322397]],[[0.664982,0.230719,-0.710329],[-0.166697,0.972946,0.159963],[0.728019,0.0120372,0.685452]],[[0.664982,0.230719,-0.710329],[-0.743169,0.109978,-0.660004],[-0.0741547,0.966785,0.244596]],[[0.664982,0.230719,-0.710329],[-0.559522,-0.476086,-0.678437],[-0.494706,0.848594,-0.187496]]],2],[263,[-0.120001,-0.98141,-0.149783],26,64.4285,[-69.7856,69.0778,87.3205],[-69.38,68.7361,87.6873],[-246.883,346.435,-38.4791],false,[-28.7775,44.5512,120.375],[-37.6676,106.445,116.646],[-71.5836,109.244,87.6953],[-74.9079,82.0567,83.546],[-68.2867,65.2796,88.4226],[[[0.648965,0.0474688,-0.759336],[0.747464,0.146397,0.64797],[0.141923,-0.988086,0.0595256]],[[0.650536,0.0362357,-0.75861],[0.0240413,0.997378,0.068257],[0.759095,-0.0626416,0.647959]],[[0.650536,0.0362357,-0.75861],[-0.749935,0.188473,-0.634094],[0.120001,0.98141,0.149783]],[[0.650536,0.0362357,-0.75861],[-0.671728,-0.438627,-0.596982],[-0.354379,0.897938,-0.261002]]],3],[264,[-0.244408,0.804113,-0.541911],26,50.5107,[-37.2464,157.827,64.9473],[-36.4776,158.735,65.191],[-269.468,341.575,66.9159],false,[-23.8491,44.7121,107.024],[-24.1862,102.331,100.527],[-28.5525,132.832,83.1796],[-33.3328,148.559,72.5805],[-38.9997,161.512,62.7201],[[[0.528546,-0.0920565,-0.843898],[0.848885,0.0641242,0.524674],[0.00581465,-0.993687,0.112038]],[[0.508583,-0.36952,-0.777688],[0.852112,0.345548,0.393066],[0.123483,-0.862584,0.490612]],[[0.508583,-0.36952,-0.777688],[0.825596,0.46568,0.318644],[0.244408,-0.804113,0.541911]],[[0.508583,-0.36952,-0.777688],[0.795775,0.546612,0.260687],[0.328765,-0.751445,0.572052]]],4]],[[0,200,0],[235.247,235.247,147.751]]],[103869,80901647758,[[26,"right",[-0.156312,0.976644,0.147421],[-0.619278,0.0193671,-0.784933],[-53.4042,87.4832,121.431],[-181.654,290.525,-33.1023],[-53.3713,87.4042,121.449],0.96151,0,0.573187,[[0.680948,0.243717,-0.690589],[-0.00865213,0.945611,0.325186],[0.732281,-0.215459,0.64602]],63.72,[161.293,-21.8821,286.699],[-36.4227,36.2919,112.274]]],[[260,[-0.228691,0.793186,-0.564408],26,52.1164,[-94.2841,92.5793,83.0348],[-93.3944,93.208,83.0345],[-339.817,344.008,28.9597],false,[-64.5117,27.0587,120.448],[-64.5117,27.0587,120.448],[-98.8491,62.9328,115.373],[-106.646,89.9769,96.1287],[-91.0046,93.7925,79.1434],[[[0.833024,0.259361,0.488674],[-0.2813,-0.562028,0.777814],[0.476383,-0.785402,-0.395224]],[[0.524298,0.588858,0.615108],[-0.501926,-0.369817,0.781861],[0.687882,-0.718667,0.101668]],[[0.524298,0.588858,0.615108],[-0.820251,0.155249,0.550532],[0.228691,-0.793186,0.564408]],[[0.524298,0.588858,0.615108],[-0.527652,0.791622,-0.308086],[-0.668352,-0.163034,0.725759]]],0],[261,[0.155898,-0.935391,-0.317396],26,58.8075,[-91.2566,74.0201,102.835],[-90.9859,73.9273,103.078],[-207.717,332.039,-32.9772],false,[-47.8694,38.8564,132.52],[-75.2384,106.501,141.878],[-101.673,107.883,108.039],[-97.9044,85.2744,100.367],[-89.3412,70.8311,103.526],[[[0.732287,0.374931,-0.568491],[0.570404,0.118337,0.812795],[0.372016,-0.919469,-0.127206]],[[0.752776,0.320555,-0.574954],[-0.233992,0.946684,0.221445],[0.615285,-0.0321637,0.787649]],[[0.752776,0.320555,-0.574954],[-0.639549,0.149294,-0.754114],[-0.155898,0.935391,0.317396]],[[0.752776,0.320555,-0.574954],[-0.426769,-0.427348,-0.797021],[-0.501195,0.845351,-0.184895]]],1],[262,[0.0673221,-0.959871,-0.272241],26,67.0064,[-83.1959,72.1248,92.2733],[-82.488,71.5324,92.6643],[-257.819,400.278,-65.7451],false,[-38.1977,44.1665,127.053],[-56.9717,111.281,130.336],[-92.3423,111.841,97.5964],[-90.4279,84.5453,89.8549],[-81.0913,68.5356,92.9623],[[[0.667774,0.221557,-0.710627],[0.694023,0.159804,0.701994],[0.269093,-0.961964,-0.0470524]],[[0.660272,0.247426,-0.709099],[-0.159827,0.968837,0.189235],[0.733823,-0.0116131,0.679241]],[[0.660272,0.247426,-0.709099],[-0.748003,0.132015,-0.650433],[-0.0673221,0.959871,0.272241]],[[0.660272,0.247426,-0.709099],[-0.563197,-0.461492,-0.685444],[-0.49684,0.851942,-0.165361]]],2],[263,[-0.116903,-0.978705,-0.168732],26,64.4285,[-71.1753,72.8968,86.3529],[-70.7431,72.4359,86.721],[-224.623,372.99,-58.0781],false,[-29.6302,47.808,119.037],[-39.1471,109.657,116.233],[-73.179,113.025,87.4799],[-76.4175,85.9132,82.8057],[-69.6471,69.1122,87.3863],[[[0.645863,0.0648996,-0.76069],[0.748183,0.144478,0.647571],[0.15193,-0.987377,0.0447564]],[[0.647544,0.053703,-0.760133],[0.0227381,0.995708,0.0897163],[0.761689,-0.0753792,0.643543]],[[0.647544,0.053703,-0.760133],[-0.753008,0.198123,-0.627476],[0.116903,0.978705,0.168732]],[[0.647544,0.053703,-0.760133],[-0.670359,-0.434195,-0.601742],[-0.362362,0.899217,-0.24516]]],3],[264,[-0.256097,0.808747,-0.529475],26,50.5107,[-39.6509,161.743,65.2411],[-38.8604,162.641,65.4971],[-271.293,371.059,58.6112],false,[-24.7492,48.2109,105.674],[-25.6807,105.912,100.013],[-30.5744,136.56,83.0719],[-35.5834,152.378,72.716],[-41.4087,165.425,63.0746],[[[0.526547,-0.0745849,-0.846868],[0.849994,0.0650097,0.522766],[0.0160642,-0.995093,0.0976274]],[[0.509668,-0.352451,-0.784868],[0.849167,0.352811,0.392989],[0.1384,-0.866778,0.479106]],[[0.509668,-0.352451,-0.784868],[0.821373,0.470858,0.321931],[0.256097,-0.808747,0.529475]],[[0.509668,-0.352451,-0.784868],[0.791216,0.550336,0.266658],[0.337957,-0.756907,0.559353]]],4]],[[0,200,0],[235.247,235.247,147.751]]],[103870,80901656508,[[26,"right",[-0.171547,0.97304,0.154158],[-0.620627,0.0147861,-0.783967],[-54.344,91.56,120.506],[-161.749,337.546,-52.559],[-54.318,91.4493,120.531],0.965291,0,0.58003,[[0.685166,0.258631,-0.680924],[-0.0102699,0.938176,0.346007],[0.728314,-0.23008,0.645463]],63.72,[160.078,-21.415,285.259],[-36.5671,40.7064,110.984]]],[[260,[-0.268717,0.795052,-0.543768],26,52.1164,[-97.179,96.4236,82.9847],[-95.9422,96.9072,82.7474],[-335.239,369.342,19.0652],false,[-64.4946,30.975,119.133],[-64.4946,30.975,119.133],[-99.9053,65.8843,114.753],[-109.067,92.9921,96.2128],[-93.949,97.8749,79.0279],[[[0.829509,0.269263,0.489297],[-0.271254,-0.571588,0.774408],[0.488196,-0.775103,-0.401099]],[[0.511163,0.596187,0.619091],[-0.485272,-0.394315,0.780401],[0.709382,-0.69934,0.0877535]],[[0.511163,0.596187,0.619091],[-0.816397,0.111594,0.566607],[0.268717,-0.795052,0.543768]],[[0.511163,0.596187,0.619091],[-0.566935,0.775263,-0.278482],[-0.645985,-0.208634,0.734285]]],0],[261,[0.158631,-0.927504,-0.338485],26,58.8075,[-92.549,78.3708,101.614],[-92.1268,78.1057,101.911],[-191.705,378.097,-62.1175],false,[-48.024,42.9542,131.262],[-76.4474,110.093,141.109],[-103.157,112.071,107.517],[-99.323,89.6525,99.3352],[-90.5992,75.2489,102.224],[[[0.725445,0.390269,-0.566938],[0.569618,0.121937,0.812814],[0.386347,-0.91259,-0.133846]],[[0.746499,0.337044,-0.573707],[-0.237127,0.940363,0.243903],[0.621699,-0.0460316,0.781902]],[[0.746499,0.337044,-0.573707],[-0.646201,0.161671,-0.745847],[-0.158631,0.927504,0.338485]],[[0.746499,0.337044,-0.573707],[-0.426657,-0.419166,-0.801413],[-0.510591,0.843031,-0.169105]]],1],[262,[0.0714448,-0.955022,-0.287801],26,67.0064,[-84.4337,76.6114,91.1062],[-83.6429,75.9222,91.4982],[-226.332,431.276,-84.0524],false,[-38.4454,48.4531,125.819],[-58.2752,115.238,129.575],[-93.8214,116.17,97.0347],[-91.7898,89.0122,88.8507],[-82.2796,73.0638,91.7391],[[[0.663166,0.236843,-0.710011],[0.692407,0.166096,0.702129],[0.284224,-0.957245,-0.0538426]],[[0.655291,0.262475,-0.708308],[-0.163511,0.964745,0.20623],[0.737467,-0.019324,0.675106]],[[0.655291,0.262475,-0.708308],[-0.75199,0.137989,-0.644569],[-0.0714448,0.955021,0.287801]],[[0.655291,0.262475,-0.708308],[-0.560784,-0.459182,-0.688966],[-0.506078,0.848681,-0.153706]]],2],[263,[-0.10592,-0.978161,-0.178834],26,64.4285,[-72.0553,77.3693,85.3012],[-71.6101,76.8335,85.6452],[-191.144,410.964,-74.9073],false,[-29.9481,52.2833,117.815],[-40.4472,113.991,115.438],[-74.5654,117.453,86.7983],[-77.4996,90.3559,81.8442],[-70.4573,73.6333,86.3001],[[[0.643668,0.0801959,-0.761091],[0.746725,0.151993,0.647533],[0.16761,-0.985123,0.0379489]],[[0.645504,0.0691634,-0.760619],[0.0145933,0.994593,0.102824],[0.763618,-0.0774729,0.641004]],[[0.645504,0.0691634,-0.760619],[-0.756377,0.196003,-0.624081],[0.10592,0.978161,0.178834]],[[0.645504,0.0691634,-0.760619],[-0.664274,-0.440632,-0.603807],[-0.376914,0.89502,-0.238486]]],3],[264,[-0.271289,0.807488,-0.523799],26,50.5107,[-42.0895,166.341,64.8696],[-41.2566,167.259,65.0214],[-271.512,412.403,28.2733],false,[-25.0932,52.8526,104.449],[-26.9464,110.568,99.1752],[-32.4896,141.199,82.4031],[-37.7957,156.992,72.1582],[-43.84,170.016,62.6213],[[[0.526453,-0.0605838,-0.848043],[0.849603,0.074982,0.522065],[0.0319592,-0.995343,0.0909467]],[[0.51414,-0.338483,-0.788092],[0.843258,0.367421,0.392323],[0.156767,-0.866274,0.474334]],[[0.51414,-0.338483,-0.788092],[0.813672,0.483107,0.323335],[0.271289,-0.807488,0.523799]],[[0.51414,-0.338483,-0.788092],[0.782747,0.560825,0.269781],[0.350665,-0.755583,0.553289]]],4]],[[0,200,0],[235.247,235.247,147.751]]],[103871,80901665101,[[26,"right",[-0.181786,0.970054,0.161085],[-0.615623,0.0154684,-0.787889],[-55.1121,94.3411,120.113],[-142.649,333.876,-50.7651],[-55.0876,94.252,120.126],0.958961,0,0.592917,[[0.688297,0.271667,-0.67264],[-0.0137359,0.931945,0.36234],[0.725299,-0.240158,0.645187]],63.72,[159.04,-21.1037,284.487],[-36.7911,43.739,110.287]]],[[260,[-0.307097,0.798628,-0.517576],26,52.1164,[-100.127,99.4205,83.5356],[-98.5392,99.6634,83.0787],[-337.052,361.295,32.4599],false,[-64.6774,33.6764,118.171],[-64.6774,33.6764,118.171],[-101.035,67.6908,114.575],[-111.505,94.9205,96.928],[-97.0386,101.08,79.5933],[[[0.823711,0.272993,0.496966],[-0.270845,-0.580573,0.767839],[0.49814,-0.767078,-0.404286]],[[0.497667,0.598333,0.627953],[-0.470997,-0.421517,0.77491],[0.728347,-0.681411,0.072038]],[[0.497667,0.598333,0.627953],[-0.811184,0.0647384,0.581197],[0.307097,-0.798628,0.517576]],[[0.497667,0.598333,0.627953],[-0.608459,0.756782,-0.238868],[-0.618147,-0.263207,0.740687]]],0],[261,[0.164,-0.921333,-0.352489],26,58.8075,[-93.3542,81.414,100.73],[-92.871,81.0195,101.045],[-165.356,370.682,-72.5926],false,[-48.4007,45.709,130.507],[-77.5244,112.492,140.723],[-104.144,114.909,107.088],[-100.18,92.64,98.5677],[-91.3686,78.2625,101.318],[[[0.725379,0.401828,-0.558892],[0.563131,0.120521,0.817532],[0.395865,-0.907749,-0.138858]],[[0.746764,0.349431,-0.565898],[-0.241728,0.935271,0.258526],[0.619605,-0.0562645,0.782894]],[[0.746764,0.349431,-0.565898],[-0.644552,0.170419,-0.745326],[-0.164,0.921333,0.352489]],[[0.746764,0.349431,-0.565898],[-0.419961,-0.412042,-0.808612],[-0.515728,0.841498,-0.16095]]],1],[262,[0.0722901,-0.949971,-0.303856],26,67.0064,[-85.3346,80.0861,90.2467],[-84.4862,79.2747,90.6396],[-194.234,424.303,-88.2519],false,[-38.8396,51.3435,125.172],[-59.3271,117.904,129.352],[-94.7944,119.497,96.7509],[-92.7388,92.4828,88.1104],[-83.1649,76.5453,90.8447],[[[0.665493,0.24902,-0.703639],[0.686212,0.166761,0.708028],[0.293653,-0.954033,-0.0599025]],[[0.657385,0.274495,-0.701781],[-0.162477,0.961021,0.223696],[0.73583,-0.0330309,0.67636]],[[0.657385,0.274495,-0.701781],[-0.750079,0.149019,-0.64434],[-0.0722901,0.949971,0.303856]],[[0.657385,0.274495,-0.701781],[-0.55524,-0.453186,-0.697374],[-0.509464,0.848101,-0.145507]]],2],[263,[-0.0991441,-0.976621,-0.190741],26,64.4285,[-72.5571,80.7278,84.6393],[-72.1117,80.0968,84.965],[-155.931,405.586,-75.3239],false,[-30.3271,55.3205,117.257],[-41.3965,116.944,115.323],[-75.3557,120.739,86.5365],[-78.1022,93.6843,81.2526],[-70.9218,76.998,85.6233],[[[0.647817,0.0926277,-0.756144],[0.741016,0.153629,0.653676],[0.176714,-0.983778,0.0308846]],[[0.649749,0.0816431,-0.755752],[0.011579,0.993037,0.117232],[0.760061,-0.084922,0.644279]],[[0.649749,0.0816431,-0.755752],[-0.753656,0.198862,-0.626464],[0.0991441,0.976621,0.190741]],[[0.649749,0.0816431,-0.755752],[-0.655845,-0.442436,-0.611651],[-0.384309,0.893076,-0.233927]]],3],[264,[-0.275792,0.809168,-0.51883],26,50.5107,[-43.4471,169.868,65.0792],[-42.4678,170.599,65.3243],[-236.224,405.956,29.82],false,[-25.391,56.0472,103.928],[-27.7582,113.784,99.1212],[-33.5509,144.473,82.5402],[-38.945,160.299,72.3925],[-45.0348,173.358,62.9322],[[[0.532514,-0.0485222,-0.84503],[0.845436,0.0786434,0.528254],[0.0408239,-0.995721,0.0829011]],[[0.522469,-0.326872,-0.787516],[0.836772,0.374015,0.399907],[0.163825,-0.86791,0.468928]],[[0.522469,-0.326872,-0.787516],[0.806824,0.488264,0.332617],[0.275792,-0.809168,0.518831]],[[0.522469,-0.326872,-0.787516],[0.776017,0.564987,0.280334],[0.353303,-0.757591,0.548846]]],4]],[[0,200,0],[235.247,235.247,147.751]]],[103872,80901673795,[[26,"right",[-0.195343,0.96672,0.165206],[-0.611218,0.0117337,-0.791376],[-55.8397,98.2402,119.214],[-126.929,364.433,-64.7915],[-55.8142,98.1048,119.245],0.94986,0,0.611739,[[0.692572,0.284871,-0.662716],[-0.0155893,0.924414,0.381071],[0.721181,-0.253588,0.644664]],63.72,[157.914,-20.5339,283.284],[-36.8043,47.9347,109.225]]],[[260,[-0.340996,0.797522,-0.497675],26,52.1164,[-102.652,103.136,83.4172],[-100.86,103.307,82.7686],[-322.715,379.427,18.5481],false,[-64.602,37.4677,116.892],[-64.602,37.4677,116.892],[-101.82,70.5901,113.812],[-113.447,97.7821,96.8436],[-99.6572,105.073,79.3959],[[[0.817202,0.280983,0.50322],[-0.267678,-0.588202,0.763129],[0.510421,-0.758331,-0.405467]],[[0.483958,0.602791,0.634372],[-0.458125,-0.443121,0.770561],[0.745591,-0.663541,0.0617016]],[[0.483958,0.602791,0.634372],[-0.80592,0.0245357,0.591516],[0.340996,-0.797522,0.497675]],[[0.483958,0.602791,0.634372],[-0.647015,0.73457,-0.204398],[-0.5892,-0.311528,0.745516]]],0],[261,[0.176292,-0.916534,-0.359007],26,58.8075,[-93.8986,85.0277,99.5298],[-93.4034,84.6714,99.8099],[-137.673,384.346,-90.8077],false,[-48.555,49.6438,129.387],[-78.6052,115.986,139.789],[-105.104,118.389,106.058],[-100.842,96.2363,97.3803],[-91.8655,81.9522,100.081],[[[0.723291,0.414252,-0.55249],[0.556787,0.123399,0.821439],[0.40846,-0.901758,-0.141397]],[[0.745251,0.362545,-0.559608],[-0.253344,0.930286,0.265303],[0.61678,-0.0559443,0.785145]],[[0.745251,0.362545,-0.559608],[-0.643056,0.168896,-0.746962],[-0.176292,0.916534,0.359007]],[[0.745251,0.362545,-0.559608],[-0.410537,-0.41184,-0.81354],[-0.525414,0.836032,-0.158086]]],1],[262,[0.081086,-0.946347,-0.312814],26,67.0064,[-85.9548,84.1205,89.0674],[-85.0984,83.3284,89.4147],[-161.316,436.534,-101.537],false,[-39.0375,55.431,124.139],[-60.4148,121.696,128.554],[-95.7835,123.414,95.8527],[-93.4777,96.5035,86.9574],[-83.7433,80.653,89.6301],[[[0.666238,0.261466,-0.6984],[0.679884,0.171829,0.712904],[0.306405,-0.949795,-0.063288]],[[0.657869,0.286587,-0.696474],[-0.169612,0.957391,0.23374],[0.733785,-0.03564,0.678447]],[[0.657869,0.286587,-0.696474],[-0.748754,0.149317,-0.645811],[-0.081086,0.946347,0.312814]],[[0.657869,0.286587,-0.696474],[-0.546695,-0.454342,-0.703347],[-0.518008,0.843469,-0.142222]]],2],[263,[-0.0872495,-0.976257,-0.198268],26,64.4285,[-72.9326,84.9173,83.6049],[-72.5071,84.2755,83.8755],[-125.819,427.543,-87.5271],false,[-30.5321,59.5613,116.295],[-42.3925,121.046,114.625],[-76.232,124.898,85.706],[-78.649,97.8542,80.2135],[-71.2439,81.2618,84.5664],[[[0.650905,0.105144,-0.751842],[0.735168,0.159705,0.658804],[0.189343,-0.981549,0.0266545]],[[0.652963,0.0942658,-0.751501],[0.00379058,0.991805,0.127702],[0.757381,-0.0862335,0.647254]],[[0.652963,0.0942658,-0.751501],[-0.752348,0.195029,-0.629235],[0.0872495,0.976257,0.198268]],[[0.652963,0.0942658,-0.751501],[-0.645413,-0.449968,-0.617228],[-0.396335,0.888056,-0.232972]]],3],[264,[-0.283207,0.808388,-0.516046],26,50.5107,[-44.8876,174.177,64.7157],[-43.9154,174.942,64.8967],[-216.918,430.6,8.51643],false,[-25.529,60.4245,102.999],[-28.6209,118.151,98.4868],[-34.7533,148.835,82.0192],[-40.2925,164.646,71.926],[-46.482,177.687,62.5061],[[[0.537966,-0.0370092,-0.842153],[0.841278,0.0867656,0.533594],[0.053322,-0.995541,0.077812]],[[0.531221,-0.31577,-0.7861