{"metadata":{"formatVersion":2,"generatedBy":"LeapJS Playback 0.2.1","frames":104,"protocolVersion":6,"serviceVersion":"2.2.5+26752","frameRate":"1.1e+2","modified":"Wed Apr 22 2015 20:08:04 GMT-0300 (E. South America Standard Time)"},"frames":[["id","timestamp",{"hands":[["id","type","direction","palmNormal","palmPosition","palmVelocity","stabilizedPalmPosition","pinchStrength","grabStrength","confidence","armBasis","armWidth","elbow","wrist"]]},{"pointables":[["id","direction","handId","length","stabilizedTipPosition","tipPosition","tipVelocity","tool","carpPosition","mcpPosition","pipPosition","dipPosition","btipPosition","bases","type"]]},{"interactionBox":["center","size"]}],[151739,81323776527,[[40,"right",[-0.0711997,0.70426,-0.706363],[-0.504188,-0.636442,-0.583726],[8.47154,170.479,-3.90022],[-3.17927,-31.3476,-12.3761],[5.94526,171.846,1.20066],1,1,0.565655,[[0.80205,-0.212228,-0.558278],[0.462222,0.81253,0.35517],[0.378241,-0.542912,0.749786]],63.0052,[121.893,-11.7192,233.462],[20.9138,133.223,33.2911]]],[[400,[-0.170198,0.0909801,-0.981201],40,51.5317,[-38.5223,153.46,-29.7823],[-31.695,145.919,-37.3738],[97.0831,-135.567,-125.764],false,[-8.48977,132.911,40.734],[-8.48977,132.911,40.734],[-38.6049,150.156,5.63593],[-44.3429,153.223,-27.4434],[-28.0205,143.609,-40.7348],[[[0.783391,0.580089,0.223148],[-0.439382,0.262949,0.858953],[0.439593,-0.770944,0.460873]],[[0.503173,0.864156,-0.0071527],[-0.611999,0.362169,0.703058],[0.610142,-0.349383,0.711097]],[[0.503173,0.864156,-0.0071527],[-0.84726,0.494932,0.192857],[0.170198,-0.0909801,0.981201]],[[0.503173,0.864156,-0.0071527],[-0.499311,0.283959,-0.818569],[-0.70534,0.415454,0.574363]]],0],[401,[-0.00794885,-0.983265,0.182007],40,58.1478,[-39.5301,166.284,-22.7687],[-34.0723,156.439,-29.9411],[79.276,-177.34,-67.1135],false,[7.36849,150.158,41.353],[-13.5172,197.035,-10.2037],[-39.0476,187.029,-42.6483],[-39.2376,163.529,-38.2985],[-31.9709,153.756,-26.5901],[[[0.836481,-0.191867,-0.51331],[0.466762,0.740223,0.483945],[0.287111,-0.644405,0.708738]],[[0.797637,-0.116007,-0.591876],[-0.0508196,0.964912,-0.257608],[0.600993,0.235557,0.763754]],[[0.797637,-0.116007,-0.591876],[-0.603085,-0.14047,-0.785211],[0.00794885,0.983265,-0.182007]],[[0.797637,-0.116007,-0.591876],[-0.422799,-0.807391,-0.411534],[-0.430135,0.578499,-0.693053]]],1],[402,[-0.22419,-0.905868,0.359363],40,66.2548,[-32.6524,155.903,-26.3409],[-25.1967,148.6,-32.8031],[110.166,-149.569,-65.5912],false,[18.0616,149.469,35.5724],[6.29417,191.621,-17.7538],[-22.6756,180.821,-54.0244],[-28.9792,155.35,-43.92],[-23.7767,146.079,-28.6804],[[[0.77567,-0.400524,-0.487767],[0.60765,0.682802,0.40564],[0.170579,-0.611034,0.773007]],[[0.772622,-0.389958,-0.500986],[0.183242,0.892514,-0.412119],[0.607846,0.226611,0.761033]],[[0.772622,-0.389958,-0.500986],[-0.593964,-0.165336,-0.787319],[0.22419,0.905868,-0.359363]],[[0.772622,-0.389958,-0.500986],[-0.56979,-0.773946,-0.276308],[-0.279988,0.498939,-0.820163]]],2],[403,[-0.231885,-0.800504,0.552651],40,63.7057,[-16.4059,134.081,-13.2486],[-8.02171,129.663,-19.021],[153.622,-97.4951,-107.123],false,[27.8403,145.731,29.4105],[25.3467,180.331,-21.9007],[-4.08632,158.573,-46.6394],[-10.4379,136.646,-31.5016],[-7.46406,127.617,-15.6605],[[[0.744289,-0.536402,-0.397877],[0.666643,0.632615,0.39419],[0.0402589,-0.558633,0.828437]],[[0.742,-0.512943,-0.431655],[0.0746394,0.703082,-0.707181],[0.666232,0.49251,0.559972]],[[0.742,-0.512943,-0.431655],[-0.62902,-0.309972,-0.712917],[0.231885,0.800504,-0.552651]],[[0.742,-0.512943,-0.431655],[-0.650787,-0.705721,-0.280061],[-0.160973,0.488721,-0.857461]]],3],[404,[-0.377821,-0.717124,0.585648],40,49.9441,[3.99765,133.373,-20.7394],[7.49208,132.58,-22.3074],[160.87,-32.7169,-82.5944],false,[34.3918,135.702,22.0258],[40.2097,165.924,-26.3481],[13.9925,152.745,-45.3571],[6.68567,138.876,-34.031],[7.73549,130.716,-19.1047],[[[0.623498,-0.694556,-0.358946],[0.775212,0.489627,0.399138],[-0.101474,-0.527121,0.84371]],[[0.628291,-0.663186,-0.406738],[0.207248,0.646597,-0.73414],[0.749866,0.376958,0.543694]],[[0.628291,-0.663186,-0.406738],[-0.680075,-0.214283,-0.701128],[0.377821,0.717124,-0.585648]],[[0.628291,-0.663186,-0.406738],[-0.775536,-0.575297,-0.259955],[-0.0615965,0.478767,-0.875779]]],4]],[[0,200,0],[235.247,235.247,147.751]]],[151740,81323785241,[[40,"right",[-0.0964543,0.70436,-0.703259],[-0.472844,-0.65416,-0.590332],[8.37945,169.32,-4.38348],[-5.15329,-58.4891,-23.8852],[6.00438,171.785,1.06504],1,1,0.566244,[[0.824735,-0.184216,-0.534675],[0.429946,0.818429,0.38121],[0.367368,-0.544278,0.75419]],63.0052,[120.228,-12.8781,234.049],[22.1508,132.428,32.7023]]],[[400,[-0.180234,0.102917,-0.978225],40,51.5317,[-38.5223,153.46,-29.7823],[-30.7608,143.851,-38.5619],[96.1149,-153.598,-132.599],false,[-7.26097,130.828,39.9445],[-7.26097,130.828,39.9445],[-37.5185,147.301,4.59902],[-43.5948,150.771,-28.38],[-27.1863,142.043,-42.1678],[[[0.756544,0.611645,0.231371],[-0.455774,0.239458,0.857281],[0.468948,-0.754023,0.459932]],[[0.473183,0.880947,0.00549998],[-0.63269,0.335479,0.697966],[0.613026,-0.333746,0.716109]],[[0.473183,0.880947,0.00549998],[-0.86233,0.461888,0.207475],[0.180234,-0.102917,0.978225]],[[0.473183,0.880947,0.00549998],[-0.522809,0.28583,-0.803102],[-0.709062,0.377139,0.595817]]],0],[401,[0.0407182,-0.981491,0.187128],40,58.1478,[-38.4939,164.311,-23.814],[-33.1285,153.549,-30.4624],[89.1457,-217.801,-62.8865],false,[7.84527,148.73,40.758],[-14.6767,194.952,-10.7012],[-39.5287,183.773,-43.2896],[-38.5555,160.316,-38.8174],[-30.8594,150.995,-27.0155],[[[0.847222,-0.153416,-0.508604],[0.431694,0.756789,0.490827],[0.309605,-0.635401,0.707397]],[[0.805519,-0.0785626,-0.587339],[-0.094288,0.961552,-0.257931],[0.585021,0.263147,0.76714]],[[0.805519,-0.0785626,-0.587339],[-0.59117,-0.174651,-0.787411],[-0.0407182,0.981491,-0.187128]],[[0.805519,-0.0785626,-0.587339],[-0.378956,-0.830291,-0.408667],[-0.455557,0.551765,-0.698587]]],1],[402,[-0.164788,-0.907967,0.385281],40,66.2548,[-31.0295,153.568,-27.1212],[-23.8281,144.147,-31.6614],[120.129,-269.213,-1.0149],false,[18.5957,148.526,35.0463],[5.39584,190.425,-18.1444],[-23.2628,175.572,-53.2091],[-27.8962,150.043,-42.3759],[-22.4314,140.904,-27.1483],[[[0.795172,-0.364602,-0.484528],[0.575404,0.705823,0.413187],[0.191342,-0.607354,0.771044]],[[0.791944,-0.354644,-0.497044],[0.106024,0.881538,-0.460054],[0.601318,0.311638,0.735729]],[[0.791944,-0.354644,-0.497044],[-0.587937,-0.223214,-0.7775],[0.164788,0.907967,-0.385281]],[[0.791944,-0.354644,-0.497044],[-0.535096,-0.795195,-0.285197],[-0.294104,0.491827,-0.819518]]],2],[403,[-0.204203,-0.814238,0.543432],40,63.7057,[-14.7735,133.043,-14.4012],[-6.36693,127.835,-19.9134],[161.909,-129.383,-106.449],false,[28.5645,145.24,28.9319],[24.9379,179.977,-22.2194],[-3.38301,157.101,-47.2461],[-8.9764,134.798,-32.3609],[-5.81106,125.715,-16.5876],[[[0.769008,-0.502169,-0.395541],[0.636552,0.65825,0.401882],[0.0585522,-0.560833,0.825856]],[[0.765937,-0.478599,-0.429283],[0.0488349,0.709094,-0.703421],[0.641058,0.517812,0.566493]],[[0.765937,-0.478599,-0.429283],[-0.609624,-0.328573,-0.721386],[0.204203,0.814238,-0.543432]],[[0.765937,-0.478599,-0.429283],[-0.619665,-0.727503,-0.294543],[-0.171337,0.491613,-0.853792]]],3],[404,[-0.351898,-0.737437,0.576501],40,49.9441,[5.43372,132.846,-21.4703],[9.11173,131.498,-23.0742],[167.174,-57.4776,-85.0296],false,[35.5846,135.538,21.5411],[40.4288,166.238,-26.639],[14.9243,152.107,-45.9317],[8.11885,137.845,-34.7825],[9.39501,129.605,-19.9181],[[[0.654798,-0.665517,-0.358228],[0.751067,0.519979,0.406842],[-0.084489,-0.535453,0.840329]],[[0.658647,-0.632697,-0.407281],[0.184514,0.660552,-0.727754],[0.729478,0.404184,0.551812]],[[0.658647,-0.632697,-0.407281],[-0.665095,-0.23639,-0.708356],[0.351898,0.737437,-0.576501]],[[0.658647,-0.632697,-0.407281],[-0.748717,-0.604936,-0.271064],[-0.0748769,0.483474,-0.87215]]],4]],[[0,200,0],[235.247,235.247,147.751]]],[151741,81323793857,[[40,"right",[-0.124335,0.700597,-0.702642],[-0.445137,-0.672262,-0.591537],[8.02384,168.284,-4.7891],[-14.7098,-74.825,-30.0214],[6.05703,171.694,0.912415],1,1,0.547549,[[0.84238,-0.158609,-0.515014],[0.401987,0.82144,0.404529],[0.358891,-0.547796,0.755723]],63.0052,[119.061,-14.3008,234.03],[23.2479,131.945,32.2741]]],[[400,[-0.192733,0.109687,-0.975101],40,51.5317,[-37.922,152.633,-30.5353],[-30.2235,141.946,-39.3322],[84.8705,-163.372,-123.613],false,[-6.08195,129.139,39.4816],[-6.08195,129.139,39.4816],[-36.6173,144.832,4.02058],[-43.115,148.53,-28.8531],[-26.7297,140.58,-43.1302],[[[0.730722,0.641736,0.232852],[-0.466087,0.219752,0.857013],[0.498806,-0.734768,0.459683]],[[0.445391,0.895246,0.0126704],[-0.647219,0.312153,0.695463],[0.618656,-0.317954,0.71845]],[[0.445391,0.895246,0.0126704],[-0.874346,0.43186,0.221397],[0.192733,-0.109687,0.975101]],[[0.445391,0.895246,0.0126704],[-0.547977,0.283759,-0.786894],[-0.708059,0.343533,0.616958]]],0],[401,[0.0887849,-0.976427,0.19674],40,58.1478,[-37.3155,161.796,-24.891],[-32.5293,150.767,-30.5862],[86.0193,-245.113,-47.8754],false,[8.28084,147.641,40.3305],[-16.0515,192.961,-11.1063],[-40.3555,180.496,-43.6412],[-38.2336,157.16,-38.9392],[-30.0903,148.346,-27.048],[[[0.853323,-0.118196,-0.507808],[0.399943,0.773234,0.492092],[0.334491,-0.623008,0.707091]],[[0.808485,-0.0447232,-0.586815],[-0.137944,0.95493,-0.262831],[0.572122,0.293443,0.765877]],[[0.808485,-0.0447232,-0.586815],[-0.581781,-0.211162,-0.785456],[-0.0887849,0.976427,-0.19674]],[[0.808485,-0.0447232,-0.586815],[-0.337643,-0.851933,-0.40026],[-0.482026,0.521738,-0.703876]]],1],[402,[-0.104787,-0.903376,0.41585],40,66.2548,[-28.9087,149.31,-27.3475],[-22.4869,137.551,-28.3251],[121.029,-391.927,80.0854],false,[19.0368,147.882,34.6308],[4.19702,189.264,-18.5316],[-23.9792,169.233,-51.3383],[-26.9255,143.832,-39.6457],[-21.3391,134.557,-24.5453],[[[0.809902,-0.331354,-0.484008],[0.545697,0.728254,0.414561],[0.215115,-0.599875,0.770633]],[[0.806422,-0.321889,-0.496055],[0.0130761,0.848368,-0.529246],[0.591195,0.420309,0.688352]],[[0.806422,-0.321889,-0.496055],[-0.581982,-0.283371,-0.762233],[0.104787,0.903376,-0.41585]],[[0.806422,-0.321889,-0.496055],[-0.50921,-0.804492,-0.305775],[-0.300647,0.49918,-0.812669]]],2],[403,[-0.17592,-0.825168,0.536796],40,63.7057,[-13.1015,131.787,-15.5531],[-5.15695,126.113,-20.5263],[154.279,-150.675,-98.2032],false,[29.1379,145.012,28.5242],[24.1533,179.626,-22.5954],[-3.18517,155.623,-47.6588],[-8.00382,133.02,-32.9553],[-4.61256,123.898,-17.2524],[[[0.789273,-0.469969,-0.395192],[0.608745,0.683226,0.403276],[0.0804786,-0.558867,0.825343]],[[0.785273,-0.446469,-0.428966],[0.0202233,0.710957,-0.702945],[0.618819,0.543328,0.567324]],[[0.785273,-0.446469,-0.428966],[-0.593632,-0.346068,-0.726525],[0.17592,0.825168,-0.536796]],[[0.785273,-0.446469,-0.428966],[-0.591312,-0.746211,-0.305808],[-0.183566,0.493795,-0.849982]]],3],[404,[-0.324781,-0.754888,0.569791],40,49.9441,[6.76143,132.187,-22.1692],[10.2579,130.503,-23.6681],[157.085,-73.7524,-82.4759],false,[36.5558,135.612,21.1312],[40.1962,166.535,-27.0117],[15.3128,151.467,-46.4058],[9.03177,136.868,-35.3864],[10.5663,128.566,-20.5811],[[[0.681779,-0.637878,-0.358176],[0.728798,0.549735,0.408222],[-0.0634941,-0.539355,0.839681]],[[0.684397,-0.60339,-0.409294],[0.158306,0.670945,-0.724411],[0.711716,0.430991,0.554713]],[[0.684397,-0.60339,-0.409294],[-0.652777,-0.257033,-0.712612],[0.324781,0.754888,-0.569791]],[[0.684397,-0.60339,-0.409294],[-0.723529,-0.631372,-0.279062],[-0.0900339,0.487125,-0.868679]]],4]],[[0,200,0],[235.247,235.247,147.751]]],[151742,81323802595,[[40,"right",[-0.147045,0.693204,-0.705582],[-0.422235,-0.689068,-0.588985],[7.68543,167.495,-5.15844],[-21.1413,-78.9664,-33.3006],[6.10392,171.573,0.737592],1,1,0.552285,[[0.854929,-0.138463,-0.499924],[0.380697,0.822103,0.423339],[0.352372,-0.552245,0.755552]],63.0052,[118.156,-15.6006,233.772],[24.0823,131.833,32.0616]]],[[400,[-0.202426,0.114882,-0.972536],40,51.5317,[-36.5825,150.722,-32.2211],[-29.7825,140.691,-39.8546],[74.6509,-148.729,-107.237],false,[-5.143,128.085,39.2661],[-5.143,128.085,39.2661],[-35.797,143.302,3.69977],[-42.6214,147.175,-29.0874],[-26.3471,139.752,-43.769],[[[0.708902,0.666555,0.23057],[-0.473656,0.207692,0.85587],[0.522597,-0.715939,0.462951]],[[0.428072,0.903573,0.0176357],[-0.656537,0.297508,0.693144],[0.621059,-0.308294,0.720583]],[[0.428072,0.903573,0.0176357],[-0.880783,0.412745,0.232085],[0.202426,-0.114882,0.972536]],[[0.428072,0.903573,0.0176357],[-0.567602,0.283987,-0.772774],[-0.703266,0.320793,0.634436]]],0],[401,[0.133599,-0.963856,0.230504],40,58.1478,[-35.8486,158.359,-25.8082],[-31.6263,147.613,-29.8613],[94.5017,-287.462,-7.39448],false,[8.59807,147.057,40.0459],[-17.1907,191.335,-11.5892],[-40.5665,176.282,-43.7074],[-37.3736,153.247,-38.1986],[-29.0115,144.938,-26.0969],[[[0.857093,-0.091924,-0.506894],[0.373782,0.788078,0.489102],[0.354512,-0.608673,0.709815]],[[0.814005,-0.025944,-0.580278],[-0.185999,0.934758,-0.302709],[0.550273,0.354337,0.756072]],[[0.814005,-0.025944,-0.580278],[-0.565285,-0.265156,-0.781118],[-0.133599,0.963856,-0.230504]],[[0.814005,-0.025944,-0.580278],[-0.303969,-0.870317,-0.387492],[-0.494973,0.491807,-0.716329]]],1],[402,[-0.0587757,-0.89537,0.441428],40,66.2548,[-26.3391,143.388,-26.8365],[-21.2807,132.98,-26.1404],[125.279,-428.528,124.792],false,[19.3437,147.631,34.3506],[3.17396,188.281,-18.9891],[-24.1794,164.396,-49.8558],[-25.8321,139.22,-37.444],[-20.1122,129.936,-22.3995],[[[0.820746,-0.306305,-0.482238],[0.520995,0.747637,0.411829],[0.234394,-0.589251,0.773203]],[[0.817047,-0.297213,-0.494064],[-0.0551129,0.812717,-0.580047],[0.573932,0.501154,0.647647]],[[0.817047,-0.297213,-0.494064],[-0.573568,-0.331628,-0.749028],[0.0587757,0.89537,-0.441428]],[[0.817047,-0.297213,-0.494064],[-0.487519,-0.813621,-0.316774],[-0.307832,0.499684,-0.809664]]],2],[403,[-0.154516,-0.831954,0.532896],40,63.7057,[-11.4282,130.341,-16.6829],[-4.28176,124.654,-20.9204],[137.599,-158.318,-85.2998],false,[29.5383,145.072,28.2608],[23.4413,179.293,-23.0033],[-3.07084,154.266,-47.9529],[-7.30323,131.477,-33.3562],[-3.77794,122.325,-17.7002],[[[0.804667,-0.445162,-0.392863],[0.585509,0.704677,0.400761],[0.0984381,-0.552504,0.827677]],[[0.799906,-0.421924,-0.426768],[-0.00348305,0.707855,-0.706349],[0.600115,0.566499,0.564748]],[[0.799906,-0.421924,-0.426768],[-0.579893,-0.360324,-0.730679],[0.154516,0.831954,-0.532896]],[[0.799906,-0.421924,-0.426768],[-0.56898,-0.759311,-0.315766],[-0.19082,0.495406,-0.847444]]],3],[404,[-0.302822,-0.766071,0.566951],40,49.9441,[7.95478,131.463,-22.792],[11.1071,129.669,-24.0301],[139.879,-80.8036,-72.8796],false,[37.2684,135.893,20.9103],[39.9121,166.723,-27.3577],[15.5516,150.81,-46.7413],[9.69516,135.995,-35.7768],[11.4215,127.691,-20.9938],[[[0.702774,-0.616389,-0.355209],[0.709917,0.57526,0.406316],[-0.0461113,-0.537717,0.841863]],[[0.704284,-0.580665,-0.408426],[0.136038,0.67504,-0.725131],[0.696762,0.455137,0.554412]],[[0.704284,-0.580665,-0.408426],[-0.642092,-0.275614,-0.71537],[0.302822,0.766071,-0.566951]],[[0.704284,-0.580665,-0.408426],[-0.702655,-0.652248,-0.284338],[-0.10129,0.487237,-0.867375]]],4]],[[0,200,0],[235.247,235.247,147.751]]],[151743,81323811205,[[40,"right",[-0.162732,0.688176,-0.707059],[-0.405056,-0.700036,-0.588115],[7.39605,166.991,-5.34873],[-24.4383,-73.5802,-30.3394],[6.1432,171.433,0.552574],1,1,0.556859,[[0.863649,-0.123862,-0.48864],[0.36467,0.822762,0.435981],[0.348033,-0.554727,0.755746]],63.0052,[117.511,-16.297,233.719],[24.5964,131.799,31.9567]]],[[400,[-0.209359,0.121367,-0.970278],40,51.5317,[-35.3569,148.97,-33.7757],[-29.4977,140.079,-40.2548],[63.2277,-121.716,-91.3922],false,[-4.53927,127.37,39.1373],[-4.53927,127.37,39.1373],[-35.1901,142.374,3.47798],[-42.2483,146.466,-29.2331],[-26.1069,139.443,-44.2545],[[[0.692573,0.683682,0.230047],[-0.479412,0.197964,0.85497],[0.538987,-0.702417,0.46487]],[[0.417245,0.908487,0.0236081],[-0.66353,0.286786,0.691001],[0.620995,-0.303981,0.722468]],[[0.417245,0.908487,0.0236081],[-0.88435,0.399901,0.24084],[0.209359,-0.121367,0.970278]],[[0.417245,0.908487,0.0236081],[-0.582556,0.287311,-0.760316],[-0.697521,0.303485,0.649124]]],0],[401,[0.172712,-0.945736,0.275236],40,58.1478,[-33.9124,153.463,-26.0985],[-29.9057,143.015,-27.477],[118.415,-363.249,58.9427],false,[8.74525,146.665,39.8955],[-18.0336,190.219,-11.8513],[-39.8574,170.872,-42.7387],[-35.7297,148.27,-36.1607],[-27.4347,140.005,-23.9831],[[[0.859598,-0.0724401,-0.505811],[0.354369,0.797676,0.487992],[0.368123,-0.59872,0.711351]],[[0.821293,-0.0159818,-0.570282],[-0.248096,0.890135,-0.382242],[0.513737,0.455417,0.727097]],[[0.821293,-0.0159818,-0.570282],[-0.543735,-0.324544,-0.773966],[-0.172712,0.945736,-0.275236]],[[0.821293,-0.0159818,-0.570282],[-0.290502,-0.872025,-0.39393],[-0.491005,0.4892,-0.720831]]],1],[402,[-0.0294222,-0.890088,0.454837],40,66.2548,[-23.9174,137.424,-25.8408],[-20.4861,130.306,-25.0785],[120.022,-407.753,135.273],false,[19.4805,147.484,34.2104],[2.40615,187.637,-19.2239],[-24.1412,161.292,-48.7644],[-24.9684,136.265,-35.9755],[-19.1916,126.905,-20.9995],[[[0.828339,-0.287579,-0.480784],[0.502589,0.760607,0.410952],[0.247506,-0.582044,0.774574]],[[0.824541,-0.278834,-0.492325],[-0.0993134,0.785302,-0.611095],[0.557018,0.552768,0.619822]],[[0.824541,-0.278834,-0.492325],[-0.565037,-0.360547,-0.742118],[0.0294222,0.890088,-0.454837]],[[0.824541,-0.278834,-0.492325],[-0.472732,-0.817624,-0.328656],[-0.310896,0.503728,-0.805979]]],2],[403,[-0.14158,-0.838469,0.526237],40,63.7057,[-9.918,128.878,-17.7182],[-3.75991,123.613,-21.2577],[115.088,-151.831,-74.4183],false,[29.7398,145.157,28.1364],[22.8862,179.126,-23.1994],[-2.99336,153.388,-48.0895],[-6.8714,130.421,-33.6752],[-3.32029,121.144,-18.0986],[[[0.815473,-0.426611,-0.391161],[0.56812,0.719175,0.400035],[0.110654,-0.548443,0.828834]],[[0.810205,-0.403588,-0.42507],[-0.0202631,0.705475,-0.708445],[0.585796,0.582599,0.563401]],[[0.810205,-0.403588,-0.42507],[-0.568791,-0.366179,-0.736471],[0.14158,0.838469,-0.526237]],[[0.810205,-0.403588,-0.42507],[-0.553733,-0.764829,-0.329267],[-0.192218,0.502149,-0.843148]]],3],[404,[-0.28781,-0.774714,0.563013],40,49.9441,[8.93505,130.798,-23.3016],[11.6585,129.143,-24.2659],[118.727,-76.9922,-61.6545],false,[37.6944,136.151,20.8116],[39.6565,166.944,-27.5123],[15.6965,150.438,-46.8991],[10.1304,135.456,-36.0108],[11.9611,127.109,-21.2641],[[[0.717644,-0.600145,-0.353288],[0.695568,0.592768,0.405968],[-0.0342223,-0.537077,0.842839]],[[0.718339,-0.563435,-0.408081],[0.119767,0.67798,-0.725258],[0.685306,0.472106,0.554501]],[[0.718339,-0.563435,-0.408081],[-0.633367,-0.286984,-0.71867],[0.28781,0.774714,-0.563013]],[[0.718339,-0.563435,-0.408081],[-0.68735,-0.665369,-0.291263],[-0.107417,0.48972,-0.865237]]],4]],[[0,200,0],[235.247,235.247,147.751]]],[151744,81323820393,[[40,"right",[-0.17189,0.684441,-0.708516],[-0.393085,-0.707137,-0.587743],[7.2911,166.667,-5.50362],[-20.8013,-62.8662,-26.5721],[6.18184,171.273,0.34871],1,1,0.564241,[[0.86931,-0.114074,-0.480924],[0.35389,0.822913,0.444494],[0.345053,-0.556597,0.755736]],63.0052,[117.076,-16.7908,233.653],[24.9564,131.805,31.8936]]],[[400,[-0.214014,0.126552,-0.968598],40,51.5317,[-34.2208,147.388,-35.2036],[-29.2251,139.799,-40.5565],[53.4804,-92.6113,-73.8467],false,[-4.12193,126.94,39.0247],[-4.12193,126.94,39.0247],[-34.7281,141.855,3.28976],[-41.9431,146.122,-29.3647],[-25.8598,139.336,-44.5565],[[[0.681527,0.694621,0.230266],[-0.484089,0.191963,0.853702],[0.548797,-0.69329,0.467087]],[[0.411081,0.911162,0.0282186],[-0.668208,0.280124,0.689223],[0.620089,-0.302182,0.724]],[[0.411081,0.911162,0.0282186],[-0.886121,0.392133,0.247024],[0.214014,-0.126552,0.968598]],[[0.411081,0.911162,0.0282186],[-0.589891,0.289481,-0.75381],[-0.695012,0.293231,0.656486]]],0],[401,[0.196096,-0.931821,0.305377],40,58.1478,[-31.5752,147.539,-25.7218],[-28.5167,139.715,-25.8214],[126.934,-368.033,92.4245],false,[8.86296,146.438,39.7768],[-18.4796,189.491,-12.0943],[-38.9632,167.111,-41.829],[-34.2767,144.841,-34.5307],[-26.0919,136.491,-22.3368],[[[0.861609,-0.0600415,-0.504009],[0.341102,0.803822,0.48736],[0.375872,-0.591832,0.713061]],[[0.827025,-0.0101607,-0.562074],[-0.289004,0.849912,-0.440599],[0.48219,0.526827,0.699961]],[[0.827025,-0.0101607,-0.562074],[-0.526855,-0.362775,-0.768647],[-0.196096,0.931821,-0.305377]],[[0.827025,-0.0101607,-0.562074],[-0.285145,-0.869254,-0.403843],[-0.484482,0.494261,-0.721792]]],1],[402,[-0.0139731,-0.887864,0.459893],40,66.2548,[-21.9206,132.526,-24.916],[-19.8981,128.811,-24.6908],[105.939,-340.52,111.854],false,[19.5955,147.413,34.1114],[2.01196,187.211,-19.4227],[-23.9637,159.71,-48.4125],[-24.3566,134.746,-35.4815],[-18.5436,125.364,-20.533],[[[0.833611,-0.275595,-0.478687],[0.490026,0.768911,0.410671],[0.254889,-0.576909,0.776021]],[[0.82972,-0.266968,-0.490196],[-0.120468,0.771861,-0.624275],[0.545024,0.577026,0.608267]],[[0.82972,-0.266968,-0.490196],[-0.558004,-0.374733,-0.740409],[0.0139731,0.887864,-0.459893]],[[0.82972,-0.266968,-0.490196],[-0.462269,-0.820864,-0.335394],[-0.312845,0.504886,-0.804499]]],2],[403,[-0.135025,-0.843179,0.520401],40,63.7057,[-8.51044,127.393,-18.6979],[-3.37219,122.853,-21.5364],[93.2494,-135.486,-62.6466],false,[29.9014,145.234,28.0613],[22.6282,179.01,-23.344],[-2.80006,152.765,-48.1703],[-6.49857,129.67,-33.9159],[-2.99093,120.255,-18.412],[[[0.822706,-0.414662,-0.388859],[0.556207,0.728473,0.399951],[0.117429,-0.545327,0.829957]],[[0.817157,-0.391798,-0.422787],[-0.0309901,0.702554,-0.710956],[0.575581,0.594065,0.561955]],[[0.817157,-0.391798,-0.422787],[-0.560377,-0.368163,-0.741912],[0.135025,0.843179,-0.520401]],[[0.817157,-0.391798,-0.422787],[-0.544248,-0.766036,-0.342027],[-0.189865,0.509591,-0.839207]]],3],[404,[-0.282255,-0.782521,0.554972],40,49.9441,[9.74869,130.171,-23.7803],[12.0253,128.738,-24.5661],[94.749,-69.7899,-55.2665],false,[38.008,136.339,20.767],[39.5923,167.08,-27.604],[15.9216,150.223,-47.044],[10.463,135.09,-36.3112],[12.2546,126.607,-21.6373],[[[0.727481,-0.589617,-0.350889],[0.685571,0.604051,0.406343],[-0.0276323,-0.536166,0.84366]],[[0.727669,-0.551615,-0.4077],[0.110137,0.680625,-0.724306],[0.677028,0.482152,0.556023]],[[0.727669,-0.551615,-0.4077],[-0.625164,-0.288761,-0.725112],[0.282255,0.782521,-0.554972]],[[0.727669,-0.551615,-0.4077],[-0.677826,-0.669357,-0.304159],[-0.105118,0.497677,-0.860969]]],4]],[[0,200,0],[235.247,235.247,147.751]]],[151745,81323828549,[[40,"right",[-0.173712,0.689345,-0.703297],[-0.388561,-0.704193,-0.59425],[7.20631,166.875,-5.44968],[-18.1748,-40.5461,-18.1958],[6.21236,171.142,0.175982],1,1,0.577158,[[0.871819,-0.108617,-0.477634],[0.347712,0.824035,0.447284],[0.345004,-0.55603,0.756176]],63.0052,[117.068,-16.6493,233.577],[24.9618,131.795,31.6998]]],[[400,[-0.21574,0.139116,-0.96649],40,51.5317,[-33.4914,146.497,-36.1675],[-29.2086,140.535,-40.8952],[40.2695,-45.0432,-64.9422],false,[-4.10744,126.736,38.7321],[-4.10744,126.736,38.7321],[-34.5912,142.034,3.0549],[-41.8645,146.724,-29.5285],[-25.8712,140.171,-44.9161],[[[0.677772,0.695937,0.23727],[-0.486694,0.182749,0.854243],[0.551138,-0.69446,0.462571]],[[0.41104,0.910768,0.0393429],[-0.670525,0.272813,0.689905],[0.61761,-0.309959,0.72283]],[[0.41104,0.910768,0.0393429],[-0.885722,0.388778,0.253671],[0.21574,-0.139116,0.96649]],[[0.41104,0.910768,0.0393429],[-0.594472,0.300511,-0.745852],[-0.691122,0.283186,0.664948]]],0],[401,[0.199982,-0.930707,0.306255],40,58.1478,[-29.9094,143.292,-25.2639],[-28.0175,138.604,-25.3289],[110.441,-316.38,86.0436],false,[8.78352,146.288,39.6685],[-18.6589,189.63,-11.9077],[-38.4298,166.038,-41.1838],[-33.6504,143.794,-33.8645],[-25.6266,135.073,-21.8246],[[[0.862887,-0.051889,-0.502726],[0.336322,0.801443,0.494547],[0.377245,-0.595816,0.709006]],[[0.830512,-0.00482489,-0.556979],[-0.306007,0.831586,-0.463491],[0.465413,0.555374,0.689166]],[[0.830512,-0.00482489,-0.556979],[-0.519862,-0.365735,-0.771999],[-0.199982,0.930707,-0.306256]],[[0.830512,-0.00482489,-0.556979],[-0.290977,-0.856427,-0.426457],[-0.474954,0.516246,-0.712677]]],1],[402,[-0.0113338,-0.892059,0.451776],40,66.2548,[-20.8872,130.107,-24.5718],[-19.7803,128.775,-24.881],[82.584,-255.431,76.5312],false,[19.5227,147.359,34.033],[1.85781,187.507,-19.2126],[-23.9011,159.941,-48.3343],[-24.2198,134.859,-35.6316],[-18.4424,125.294,-20.7857],[[[0.835859,-0.26777,-0.479207],[0.485562,0.767857,0.417882],[0.256067,-0.581975,0.771839]],[[0.831947,-0.259062,-0.490663],[-0.125493,0.773541,-0.621197],[0.540477,0.578378,0.611035]],[[0.831947,-0.259062,-0.490663],[-0.554739,-0.370293,-0.745083],[0.0113338,0.892059,-0.451776]],[[0.831947,-0.259062,-0.490663],[-0.45955,-0.817267,-0.34769],[-0.310929,0.514744,-0.798975]]],2],[403,[-0.136842,-0.851126,0.506812],40,63.7057,[-7.57737,126.442,-19.4888],[-3.38923,123.065,-22.1231],[68.1171,-94.3813,-67.6038],false,[29.8508,145.278,27.9864],[22.5204,179.435,-23.1583],[-2.73953,153.394,-48.3675],[-6.4878,130.08,-34.4853],[-3.06107,120.422,-19.1135],[[[0.825433,-0.407611,-0.390531],[0.551955,0.727821,0.406968],[0.118352,-0.55148,0.82575]],[[0.819837,-0.384476,-0.424317],[-0.0307292,0.71043,-0.703097],[0.571771,0.589464,0.570622]],[[0.819837,-0.384476,-0.424317],[-0.556005,-0.357439,-0.750397],[0.136842,0.851126,-0.506812]],[[0.819837,-0.384476,-0.424317],[-0.541721,-0.760856,-0.357263],[-0.185485,0.522759,-0.832057]]],3],[404,[-0.282063,-0.790788,0.543227],40,49.9441,[10.2412,129.837,-24.1471],[12.0598,128.992,-24.8968],[70.812,-46.1594,-51.4268],false,[38.0139,136.481,20.6368],[39.5492,167.62,-27.4803],[15.9804,150.762,-47.0425],[10.5255,135.468,-36.5368],[12.235,126.747,-21.9942],[[[0.730961,-0.583316,-0.354173],[0.681893,0.603962,0.412616],[-0.0267783,-0.543114,0.839232]],[[0.731041,-0.543837,-0.412092],[0.105581,0.686829,-0.719109],[0.674115,0.48219,0.559519]],[[0.731041,-0.543837,-0.412092],[-0.621304,-0.280885,-0.731495],[0.282063,0.790788,-0.543227]],[[0.731041,-0.543837,-0.412092],[-0.67492,-0.66511,-0.319548],[-0.100305,0.511732,-0.85327]]],4]],[[0,200,0],[235.247,235.247,147.751]]],[151746,81323837453,[[40,"right",[-0.175027,0.697589,-0.694792],[-0.384309,-0.698111,-0.604109],[7.09486,167.224,-5.32223],[-16.6352,-18.8504,-9.35011],[6.24047,171.017,0.000858419],1,1,0.588964,[[0.874248,-0.102173,-0.474606],[0.34033,0.826153,0.44905],[0.346217,-0.554104,0.757035]],63.0052,[117.344,-16.1862,233.521],[24.9141,131.744,31.4145]]],[[400,[-0.216093,0.154621,-0.964052],40,51.5317,[-32.9879,146.009,-36.8865],[-29.213,141.52,-41.3126],[29.2033,-2.20756,-59.9177],false,[-4.14926,126.474,38.3155],[-4.14926,126.474,38.3155],[-34.5031,142.266,2.74243],[-41.7882,147.479,-29.7588],[-25.8986,141.245,-45.3848],[[[0.67434,0.695633,0.247708],[-0.48934,0.169758,0.855411],[0.553002,-0.698052,0.454876]],[[0.410284,0.910355,0.0540428],[-0.673402,0.262465,0.691117],[0.614977,-0.319947,0.72072]],[[0.410284,0.910355,0.0540428],[-0.885986,0.383857,0.26016],[0.216093,-0.154621,0.964052]],[[0.410284,0.910355,0.0540428],[-0.600159,0.314152,-0.735607],[-0.686641,0.269374,0.675249]]],0],[401,[0.202052,-0.933376,0.296622],40,58.1478,[-28.6699,140.22,-24.9458],[-27.7513,138.246,-25.2811],[87.6657,-243.032,63.1318],false,[8.65802,146.066,39.5317],[-18.8505,189.953,-11.5465],[-38.1652,165.948,-40.7919],[-33.3364,143.641,-33.7029],[-25.4112,134.577,-21.8517],[[[0.864206,-0.0418634,-0.501394],[0.331885,0.796416,0.505543],[0.378154,-0.603298,0.702161]],[[0.832787,0.00435313,-0.553576],[-0.315813,0.825022,-0.468615],[0.454673,0.565083,0.688443]],[[0.832787,0.00435313,-0.553576],[-0.515403,-0.358874,-0.778183],[-0.202052,0.933376,-0.296622]],[[0.832787,0.00435313,-0.553576],[-0.293933,-0.843896,-0.448823],[-0.469114,0.536489,-0.701507]]],1],[402,[-0.00987375,-0.898657,0.438541],40,66.2548,[-20.2808,128.886,-24.6056],[-19.7242,129.058,-25.2564],[61.2772,-177.092,42.3899],false,[19.405,147.254,33.9347],[1.69092,188.008,-18.8316],[-23.872,160.611,-48.2827],[-24.1496,135.343,-35.9521],[-18.4139,125.525,-21.2559],[[[0.838025,-0.258138,-0.480707],[0.481433,0.764434,0.428792],[0.256781,-0.590766,0.764891]],[[0.834099,-0.249292,-0.492069],[-0.128819,0.779356,-0.613196],[0.536362,0.574854,0.617947]],[[0.834099,-0.249292,-0.492069],[-0.551526,-0.360928,-0.75203],[0.00987375,0.898657,-0.438541]],[[0.834099,-0.249292,-0.492069],[-0.457159,-0.811597,-0.363752],[-0.308681,0.52836,-0.790918]]],2],[403,[-0.138962,-0.860943,0.489354],40,63.7057,[-6.91136,125.848,-20.2193],[-3.44662,123.563,-22.8769],[47.1652,-52.0375,-74.9386],false,[29.7551,145.293,27.8854],[22.3956,180.074,-22.8336],[-2.70694,154.429,-48.6011],[-6.51329,130.847,-35.1971],[-3.15621,120.902,-19.9944],[[[0.827985,-0.399148,-0.393854],[0.548016,0.724816,0.417516],[0.118821,-0.561536,0.818877]],[[0.822374,-0.375625,-0.427325],[-0.0289623,0.722468,-0.690798],[0.568209,0.580471,0.58326]],[[0.822374,-0.375625,-0.427325],[-0.551716,-0.34305,-0.760215],[0.138962,0.860943,-0.489354]],[[0.822374,-0.375625,-0.427325],[-0.539148,-0.75439,-0.374454],[-0.181715,0.538332,-0.822908]]],3],[404,[-0.282169,-0.800766,0.528351],40,49.9441,[10.5835,129.709,-24.4998],[12.0658,129.515,-25.3307],[50.9802,-18.5851,-50.8301],false,[37.971,136.625,20.4421],[39.483,168.386,-27.2682],[16.0181,151.66,-47.0682],[10.5611,136.174,-36.8502],[12.2004,127.174,-22.4699],[[[0.734167,-0.575694,-0.359967],[0.678457,0.601433,0.421869],[-0.0263717,-0.553944,0.832136]],[[0.734179,-0.534746,-0.418364],[0.102701,0.696563,-0.710107],[0.671144,0.47838,0.566321]],[[0.734179,-0.534746,-0.418364],[-0.617545,-0.269855,-0.738794],[0.282169,0.800766,-0.528351]],[[0.734179,-0.534746,-0.418364],[-0.672109,-0.659696,-0.336259],[-0.0961803,0.52806,-0.843743]]],4]],[[0,200,0],[235.247,235.247,147.751]]],[151747,81323845897,[[40,"right",[-0.17531,0.704303,-0.687913],[-0.381044,-0.692817,-0.612218],[7.02706,167.509,-5.18247],[-14.3974,-5.18805,-2.61431],[6.26442,170.91,-0.156967],1,1,0.602005,[[0.875916,-0.0967932,-0.472654],[0.334679,0.827533,0.450754],[0.347507,-0.55301,0.757244]],63.0052,[117.632,-15.9419,233.387],[24.8574,131.696,31.225]]],[[400,[-0.216251,0.166784,-0.961987],40,51.5317,[-32.6571,145.764,-37.3924],[-29.2218,142.324,-41.6301],[20.9756,22.9937,-54.1006],false,[-4.2074,126.278,38.0034],[-4.2074,126.278,38.0034],[-34.4479,142.452,2.50579],[-41.7384,148.075,-29.9258],[-25.9402,142.106,-45.7466],[[[0.671897,0.694817,0.256484],[-0.491754,0.159553,0.855991],[0.553834,-0.701265,0.448882]],[[0.409567,0.909912,0.0656865],[-0.675927,0.254312,0.6917],[0.612681,-0.327696,0.719192]],[[0.409567,0.909912,0.0656865],[-0.886279,0.379793,0.265079],[0.216251,-0.166784,0.961987]],[[0.409567,0.909912,0.0656865],[-0.605137,0.324852,-0.726829],[-0.68269,0.257936,0.68367]]],0],[401,[0.20081,-0.937095,0.285532],40,58.1478,[-27.9942,138.59,-24.8831],[-27.6589,138.244,-25.4375],[65.9899,-179.649,39.5789],false,[8.54431,145.89,39.4528],[-18.9651,190.231,-11.2305],[-38.0354,166.24,-40.6471],[-33.2361,143.844,-33.8231],[-25.3938,134.524,-22.1166],[[[0.865462,-0.0343458,-0.499795],[0.328582,0.792001,0.514557],[0.378165,-0.609553,0.696732]],[[0.834852,0.0112059,-0.550361],[-0.318582,0.825179,-0.466461],[0.448919,0.56476,0.692472]],[[0.834852,0.0112059,-0.550361],[-0.512541,-0.348894,-0.784586],[-0.20081,0.937095,-0.285532]],[[0.834852,0.0112059,-0.550361],[-0.295856,-0.833983,-0.46577],[-0.464211,0.551676,-0.692937]]],1],[402,[-0.0101972,-0.904235,0.426913],40,66.2548,[-19.9965,128.452,-24.8163],[-19.6926,129.305,-25.5683],[45.5073,-123.078,19.6796],false,[19.3009,147.164,33.8934],[1.5982,188.417,-18.4877],[-23.8122,161.199,-48.2354],[-24.099,135.775,-36.2317],[-18.4221,125.732,-21.6652],[[[0.839816,-0.250893,-0.481416],[0.478391,0.761217,0.437825],[0.256615,-0.597997,0.759307]],[[0.835921,-0.242004,-0.492616],[-0.130279,0.784402,-0.606417],[0.533164,0.571094,0.62417]],[[0.835921,-0.242004,-0.492616],[-0.548755,-0.351842,-0.758337],[0.0101972,0.904235,-0.426913]],[[0.835921,-0.242004,-0.492616],[-0.455955,-0.805816,-0.377844],[-0.305518,0.540458,-0.783941]]],2],[403,[-0.141895,-0.86885,0.474305],40,63.7057,[-6.52698,125.566,-20.7474],[-3.50654,124.023,-23.5193],[32.6376,-22.3873,-77.8098],false,[29.67,145.294,27.848],[22.3333,180.58,-22.5239],[-2.6488,155.346,-48.8085],[-6.53549,131.547,-35.8167],[-3.24497,121.372,-20.7522],[[[0.829957,-0.392824,-0.396057],[0.545106,0.721896,0.426293],[0.118454,-0.569697,0.813273]],[[0.824361,-0.368976,-0.429286],[-0.0256716,0.733219,-0.679508],[0.565483,0.57118,0.594965]],[[0.824361,-0.368976,-0.429286],[-0.547992,-0.330084,-0.768602],[0.141895,0.86885,-0.474305]],[[0.824361,-0.368976,-0.429286],[-0.537313,-0.748668,-0.388318],[-0.178112,0.550775,-0.815428]]],3],[404,[-0.282597,-0.808026,0.516946],40,49.9441,[10.7956,129.705,-24.7664],[12.0938,129.968,-25.6307],[38.2593,-0.120949,-46.9401],false,[37.9263,136.726,20.3342],[39.4622,168.984,-27.04],[16.0835,152.397,-47.0571],[10.6183,136.771,-37.0597],[12.2059,127.571,-22.8007],[[[0.736536,-0.569962,-0.364223],[0.675868,0.598823,0.429667],[-0.0267888,-0.562631,0.826274]],[[0.736555,-0.528027,-0.422698],[0.101773,0.704349,-0.70252],[0.668677,0.474426,0.572531]],[[0.736555,-0.528027,-0.422698],[-0.614512,-0.261306,-0.744375],[0.282597,0.808026,-0.516946]],[[0.736555,-0.528027,-0.422698],[-0.669932,-0.655596,-0.348404],[-0.0931523,0.539798,-0.836625]]],4]],[[0,200,0],[235.247,235.247,147.751]]],[151748,81323854555,[[40,"right",[-0.175028,0.708904,-0.683243],[-0.37911,-0.688973,-0.617731],[7.01378,167.705,-5.08445],[-10.9798,2.19839,1.08807],[6.28796,170.81,-0.311748],1,1,0.610118,[[0.87686,-0.0933277,-0.4716],[0.331173,0.828355,0.451832],[0.348483,-0.552375,0.757259]],63.0052,[117.862,-15.8093,233.267],[24.8273,131.659,31.1009]]],[[400,[-0.21664,0.174923,-0.960453],40,51.5317,[-32.3961,145.615,-37.8176],[-29.2379,142.904,-41.8783],[14.4278,33.8424,-47.6157],false,[-4.24211,126.156,37.7909],[-4.24211,126.156,37.7909],[-34.3901,142.579,2.32854],[-41.6937,148.476,-30.0513],[-25.9948,142.704,-46.043],[[[0.67057,0.693842,0.262523],[-0.493424,0.152905,0.856244],[0.553957,-0.703706,0.444892]],[[0.409146,0.909515,0.0733587],[-0.677874,0.249154,0.691671],[0.610808,-0.332722,0.718478]],[[0.409146,0.909515,0.0733587],[-0.886379,0.377073,0.268606],[0.21664,-0.174923,0.960453]],[[0.409146,0.909515,0.0733587],[-0.610224,0.332508,-0.719072],[-0.6784,0.24944,0.691052]]],0],[401,[0.199452,-0.939642,0.278013],40,58.1478,[-27.5972,137.697,-24.9248],[-27.5742,138.254,-25.5467],[49.8311,-130.993,24.0807],false,[8.48209,145.774,39.4002],[-18.9969,190.436,-11.0173],[-37.9101,166.467,-40.5526],[-33.1433,144.01,-33.9083],[-25.3634,134.514,-22.3021],[[[0.866361,-0.0297355,-0.498533],[0.32669,0.788775,0.520681],[0.377747,-0.613963,0.693078]],[[0.836321,0.0153762,-0.548024],[-0.319914,0.82546,-0.46505],[0.445221,0.564252,0.695268]],[[0.836321,0.0153762,-0.548024],[-0.510672,-0.341813,-0.788909],[-0.199452,0.939642,-0.278013]],[[0.836321,0.0153762,-0.548024],[-0.297476,-0.826932,-0.47717],[-0.460516,0.562091,-0.687007]]],1],[402,[-0.0113211,-0.908146,0.418501],40,66.2548,[-19.854,128.326,-25.0652],[-19.6676,129.456,-25.7842],[33.4786,-85.155,6.04494],false,[19.2466,147.101,33.8685],[1.58108,188.7,-18.2516],[-23.7347,161.611,-48.198],[-24.0531,136.077,-36.4308],[-18.4332,125.863,-21.9615],[[[0.840959,-0.246439,-0.481722],[0.476669,0.758721,0.443992],[0.256076,-0.603001,0.755523]],[[0.837096,-0.237531,-0.492797],[-0.13084,0.787742,-0.601949],[0.531179,0.568367,0.628338]],[[0.837096,-0.237531,-0.492797],[-0.546939,-0.344747,-0.762894],[0.0113211,0.908146,-0.418501]],[[0.837096,-0.237531,-0.492797],[-0.455844,-0.8009,-0.388286],[-0.302451,0.549671,-0.778707]]],2],[403,[-0.14297,-0.87318,0.465958],40,63.7057,[-6.27655,125.417,-21.1239],[-3.49693,124.332,-23.8665],[24.5685,-6.03036,-68.0593],false,[29.6284,145.287,27.828],[22.3331,180.917,-22.3071],[-2.5743,155.904,-48.8729],[-6.49043,131.987,-36.1097],[-3.23295,121.681,-21.1269],[[[0.831134,-0.388979,-0.39738],[0.543454,0.719566,0.432298],[0.117786,-0.575256,0.809449]],[[0.82556,-0.364888,-0.430473],[-0.0243018,0.739129,-0.673125],[0.56379,0.566167,0.601328]],[[0.82556,-0.364888,-0.430473],[-0.545903,-0.323132,-0.773031],[0.14297,0.87318,-0.465958]],[[0.82556,-0.364888,-0.430473],[-0.53606,-0.745435,-0.396191],[-0.176324,0.557839,-0.811003]]],3],[404,[-0.283713,-0.813161,0.508208],40,49.9441,[10.9426,129.745,-24.9816],[12.12,130.278,-25.8639],[28.7151,9.43798,-42.0177],false,[37.9084,136.782,20.2683],[39.4844,169.375,-26.8751],[16.1597,152.921,-47.0639],[10.6728,137.194,-37.2354],[12.2159,127.847,-23.0677],[[[0.737885,-0.566455,-0.366953],[0.674367,0.596638,0.435032],[-0.0274876,-0.568465,0.822248]],[[0.737929,-0.523588,-0.425813],[0.10194,0.710184,-0.696596],[0.667135,0.470631,0.57744]],[[0.737929,-0.523588,-0.425813],[-0.612346,-0.254213,-0.748604],[0.283713,0.813161,-0.508208]],[[0.737929,-0.523588,-0.425813],[-0.668778,-0.651974,-0.357305],[-0.090538,0.54844,-0.831274]]],4]],[[0,200,0],[235.247,235.247,147.751]]],[151749,81323863322,[[40,"right",[-0.17433,0.714547,-0.677519],[-0.378568,-0.683809,-0.623772],[7.02265,167.943,-4.9264],[-7.75982,8.89957,5.63684],[6.30988,170.724,-0.449464],1,1,0.62147,[[0.877354,-0.0908931,-0.471157],[0.32841,0.829639,0.451493],[0.349852,-0.550852,0.757737]],63.0052,[118.2,-15.4642,233.27],[24.7993,131.597,30.9763]]],[[400,[-0.217625,0.184217,-0.95849],40,51.5317,[-32.1678,145.538,-38.2164],[-29.2949,143.598,-42.0673],[8.32289,45.077,-40.9208],false,[-4.27684,126.042,37.5929],[-4.27684,126.042,37.5929],[-34.3405,142.776,2.20446],[-41.6773,148.986,-30.1092],[-26.0943,143.413,-46.284],[[[0.670367,0.691596,0.268893],[-0.494228,0.145851,0.85701],[0.553486,-0.707405,0.43958]],[[0.409652,0.908584,0.0816136],[-0.679106,0.244002,0.692299],[0.609098,-0.339026,0.716981]],[[0.409652,0.908584,0.0816136],[-0.885903,0.374886,0.273196],[0.217625,-0.184217,0.95849]],[[0.409652,0.908584,0.0816136],[-0.615411,0.341289,-0.710486],[-0.67339,0.240826,0.698963]]],0],[401,[0.197577,-0.942527,0.269454],40,58.1478,[-27.3796,137.323,-25.0041],[-27.5275,138.44,-25.621],[36.8884,-89.3797,13.9218],false,[8.44713,145.645,39.3766],[-18.9808,190.725,-10.6957],[-37.8104,166.88,-40.3849],[-33.0884,144.354,-33.9451],[-25.3612,134.684,-22.4476],[[[0.866833,-0.025674,-0.497937],[0.326246,0.784415,0.5275],[0.377046,-0.619705,0.688333]],[[0.837248,0.0192768,-0.546483],[-0.320224,0.827375,-0.461419],[0.443252,0.561319,0.698891]],[[0.837248,0.0192768,-0.546483],[-0.509881,-0.333572,-0.792938],[-0.197577,0.942527,-0.269454]],[[0.837248,0.0192768,-0.546483],[-0.299674,-0.819766,-0.488036],[-0.457396,0.572374,-0.680571]]],1],[402,[-0.013939,-0.912853,0.408051],40,66.2548,[-19.8248,128.422,-25.3431],[-19.7072,129.722,-26.0069],[22.2568,-53.2276,-4.84411],false,[19.217,147.017,33.8663],[1.60389,189.046,-17.9245],[-23.6828,162.199,-48.1119],[-24.0748,136.532,-36.6386],[-18.5213,126.111,-22.2923],[[[0.841401,-0.242507,-0.482944],[0.476297,0.754986,0.450708],[0.255316,-0.609251,0.750751]],[[0.837572,-0.23356,-0.493886],[-0.130271,0.792554,-0.595724],[0.530569,0.563301,0.633395]],[[0.837572,-0.23356,-0.493886],[-0.546149,-0.334888,-0.767835],[0.013939,0.912853,-0.408051]],[[0.837572,-0.23356,-0.493886],[-0.457326,-0.794289,-0.399949],[-0.298876,0.560852,-0.772087]]],2],[403,[-0.146196,-0.878544,0.454738],40,63.7057,[-6.11984,125.355,-21.4021],[-3.57635,124.761,-24.3013],[15.4922,10.3887,-64.4965],false,[29.6044,145.252,27.8209],[22.3592,181.296,-22.0246],[-2.52903,156.666,-48.9628],[-6.53351,132.601,-36.507],[-3.32519,122.125,-21.6321],[[[0.831486,-0.38574,-0.399794],[0.54309,0.715924,0.438755],[0.116977,-0.581943,0.804772]],[[0.82595,-0.361394,-0.432667],[-0.0208542,0.747378,-0.664072],[0.563357,0.557513,0.60976]],[[0.82595,-0.361394,-0.432667],[-0.544457,-0.312337,-0.778468],[0.146196,0.878544,-0.454738]],[[0.82595,-0.361394,-0.432667],[-0.536328,-0.740163,-0.4056],[-0.173663,0.567057,-0.805163]]],3],[404,[-0.285008,-0.818119,0.499451],40,49.9441,[11.0463,129.818,-25.1579],[12.117,130.663,-26.0659],[20.8796,18.8534,-37.1