{"metadata":{"formatVersion":2,"generatedBy":"LeapJS Playback 0.2.1","frames":79,"protocolVersion":6,"serviceVersion":"2.2.5+26752","frameRate":"1.1e+2","modified":"Wed Apr 22 2015 20:08:51 GMT-0300 (E. South America Standard Time)"},"frames":[["id","timestamp",{"hands":[["id","type","direction","palmNormal","palmPosition","palmVelocity","stabilizedPalmPosition","pinchStrength","grabStrength","confidence","armBasis","armWidth","elbow","wrist"]]},{"pointables":[["id","direction","handId","length","stabilizedTipPosition","tipPosition","tipVelocity","tool","carpPosition","mcpPosition","pipPosition","dipPosition","btipPosition","bases","type"]]},{"interactionBox":["center","size"]}],[160550,81401504071,[[41,"right",[0.197079,0.658192,-0.726597],[-0.799224,-0.321375,-0.507896],[10.3157,146.387,11.773],[16.9497,18.3774,47.3979],[4.11333,147.12,14.2516],1,1,0.626109,[[0.494806,-0.638571,-0.589401],[0.697165,0.6966,-0.169438],[0.518775,-0.327071,0.789871]],61.5923,[142.942,22.9974,254.555],[7.54987,108.358,48.4106]]],[[410,[-0.196335,0.168059,-0.966027],41,50.3761,[-42.0982,150.248,-23.1029],[-41.4801,147.874,-23.0407],[44.674,-71.4244,9.74851],false,[-17.0919,121.586,58.2622],[-17.0919,121.586,58.2622],[-37.3896,149.705,24.7147],[-43.8602,155.244,-7.12273],[-39.7259,145.195,-26.9643],[[[0.981787,0.141925,0.126302],[-0.176453,0.434766,0.883087],[0.0704201,-0.88929,0.451891]],[[0.852638,0.515776,-0.0835607],[-0.309909,0.627969,0.713871],[0.420671,-0.582777,0.695274]],[[0.852638,0.515776,-0.0835607],[-0.484211,0.840078,0.244558],[0.196335,-0.168059,0.966027]],[[0.852638,0.515776,-0.0835607],[-0.489499,0.732567,-0.473008],[-0.182752,0.444207,0.877087]]],0],[411,[-0.488574,-0.842798,0.225804],41,56.8438,[-38.3053,148.252,-10.1469],[-39.0111,148.806,-7.817],[19.8139,-34.9887,15.3113],false,[4.47885,129.16,56.7391],[3.00636,179.44,6.47151],[-27.5378,178.641,-21.6528],[-38.9524,158.951,-16.3773],[-38.2431,146.488,-5.56394],[[[0.592832,-0.560633,-0.578135],[0.80506,0.431026,0.407548],[0.0207063,-0.707041,0.706869]],[[0.589928,-0.509758,-0.626204],[0.333182,0.860103,-0.386281],[0.73551,0.0192381,0.677241]],[[0.589928,-0.509758,-0.626204],[-0.642869,0.172739,-0.746244],[0.488574,0.842798,-0.225804]],[[0.589928,-0.509758,-0.626204],[-0.806313,-0.413154,-0.423277],[-0.0429497,0.75462,-0.654755]]],1],[412,[-0.623439,-0.691353,0.365178],41,64.769,[-37.2681,139.477,-13.0383],[-36.8189,139.154,-11.9217],[47.8146,-18.7252,-4.52852],false,[12.7718,123.671,50.2002],[16.7838,165.688,-2.39634],[-18.244,167.924,-33.0356],[-35.3803,148.921,-22.998],[-36.1239,137.271,-9.08137],[[[0.444192,-0.716213,-0.538269],[0.893954,0.314412,0.31936],[-0.0594921,-0.623045,0.77992]],[[0.44572,-0.697988,-0.560487],[0.485907,0.7145,-0.503373],[0.751817,-0.0479813,0.657624]],[[0.44572,-0.697988,-0.560487],[-0.642385,0.186663,-0.743303],[0.623439,0.691353,-0.365178]],[[0.44572,-0.697988,-0.560487],[-0.894236,-0.318543,-0.31444],[0.0409364,0.64136,-0.766147]]],2],[413,[-0.531413,-0.599519,0.598479],41,62.2771,[-17.4764,120.463,-6.00254],[-21.5603,121.907,-3.56558],[53.4077,5.49644,-56.8344],false,[18.8458,115.976,43.4991],[27.5499,147.202,-7.64042],[-8.04093,145.323,-32.0318],[-22.2706,129.269,-16.0063],[-20.8246,120.576,-0.242278],[[[0.361933,-0.821743,-0.440163],[0.921053,0.242416,0.304787],[-0.143754,-0.515726,0.844607]],[[0.367569,-0.799709,-0.47472],[0.430997,0.598809,-0.675033],[0.824096,0.0435185,0.564776]],[[0.367569,-0.799709,-0.47472],[-0.763212,0.0322901,-0.645341],[0.531413,0.599519,-0.598479]],[[0.367569,-0.799709,-0.47472],[-0.926543,-0.358847,-0.1129],[-0.0800647,0.481347,-0.872866]]],3],[414,[-0.620751,-0.32682,0.712641],41,48.8241,[-7.90901,118.065,-6.08129],[-7.58089,118.068,-5.74745],[72.5217,15.9683,-14.8042],false,[19.1483,104.345,36.1578],[33.2635,127.957,-12.6758],[4.55431,128.876,-31.1988],[-7.18142,122.698,-17.7258],[-7.35421,117.717,-1.82748],[[[0.185669,-0.904592,-0.383719],[0.949792,0.0651324,0.306029],[-0.251839,-0.421273,0.871267]],[[0.159229,-0.942582,-0.293574],[0.518729,0.33289,-0.787467],[0.83998,-0.0268975,0.541951]],[[0.159229,-0.942582,-0.293574],[-0.767668,0.0687629,-0.637148],[0.620751,0.32682,-0.712641]],[[0.159229,-0.942582,-0.293574],[-0.987187,-0.148894,-0.0573769],[0.0103711,0.298948,-0.954213]]],4]],[[0,200,0],[235.247,235.247,147.751]]],[160551,81401512666,[[41,"right",[0.184339,0.676754,-0.712758],[-0.777098,-0.343656,-0.527276],[10.3138,146.945,12.4573],[12.4175,30.6639,55.9048],[4.13202,147.119,14.2462],1,1,0.626365,[[0.528476,-0.608765,-0.591708],[0.673326,0.725068,-0.144598],[0.517055,-0.321996,0.793078]],61.5923,[143.314,24.2229,255.435],[8.37093,108.259,48.4545]]],[[410,[-0.183516,0.172334,-0.967793],41,50.3761,[-41.6896,149.525,-23.03],[-40.7683,146.789,-23.3173],[56.437,-87.3693,-2.40007],false,[-16.9339,120.374,58.0539],[-16.9339,120.374,58.0539],[-37.6628,148.132,24.4689],[-43.7109,153.811,-7.42669],[-38.7746,144.152,-27.2783],[[[0.973182,0.177439,0.146397],[-0.20872,0.41356,0.88623],[0.0967079,-0.893019,0.439504]],[[0.833322,0.549504,-0.0601671],[-0.34787,0.605882,0.715467],[0.429606,-0.575284,0.696051]],[[0.833322,0.549504,-0.0601671],[-0.521438,0.817524,0.244452],[0.183516,-0.172334,0.967793]],[[0.833322,0.549504,-0.0601671],[-0.507898,0.718136,-0.475731],[-0.218208,0.426996,0.877531]]],0],[411,[-0.459751,-0.864317,0.203924],41,56.8438,[-38.297,148.258,-10.0624],[-38.7127,147.823,-8.01748],[23.4955,-55.3539,6.11229],false,[4.35169,128.793,57.0414],[1.82821,179.774,7.52705],[-28.1471,178.28,-21.175],[-38.8885,158.087,-16.4106],[-37.8854,145.495,-5.77198],[[[0.624187,-0.528209,-0.575661],[0.780469,0.455035,0.428733],[0.0354855,-0.716895,0.696277]],[[0.620185,-0.476852,-0.622883],[0.307173,0.878247,-0.366506],[0.721814,0.0359684,0.691152]],[[0.620185,-0.476852,-0.622883],[-0.63561,0.159901,-0.75527],[0.459751,0.864317,-0.203924]],[[0.620185,-0.476852,-0.622883],[-0.782101,-0.437339,-0.443906],[-0.0607337,0.762461,-0.644178]]],1],[412,[-0.602676,-0.720399,0.343229],41,64.769,[-37.1234,139.455,-13.0039],[-36.0582,138.331,-12.2343],[57.9392,-38.2146,-11.5158],false,[12.9649,123.731,50.5725],[16.2814,166.703,-1.29561],[-18.2395,168.106,-32.5534],[-34.8051,148.305,-23.1191],[-35.334,136.422,-9.39115],[[[0.480985,-0.689989,-0.540896],[0.875349,0.343334,0.340421],[-0.0491783,-0.63721,0.769119]],[[0.482195,-0.67148,-0.562675],[0.467441,0.74041,-0.483002],[0.740937,-0.0301163,0.670899]],[[0.482195,-0.67148,-0.562675],[-0.635822,0.173607,-0.752058],[0.602676,0.720399,-0.343229]],[[0.482195,-0.67148,-0.562675],[-0.87558,-0.34804,-0.335003],[0.0291144,0.654204,-0.755758]]],2],[413,[-0.532864,-0.628581,0.566518],41,62.2771,[-17.561,120.532,-5.97112],[-20.4521,121.864,-4.52195],[70.4385,5.92543,-76.973],false,[19.4493,116.382,43.8673],[27.8446,148.729,-6.62277],[-6.86811,146.377,-32.2093],[-21.1366,129.546,-17.0396],[-19.8472,120.573,-1.41944],[[[0.40114,-0.800145,-0.445932],[0.905462,0.272673,0.325251],[-0.138654,-0.534245,0.833881]],[[0.40654,-0.777326,-0.480094],[0.434381,0.626737,-0.646927],[0.803765,0.0544576,0.592449]],[[0.40654,-0.777326,-0.480094],[-0.742147,0.0255124,-0.669752],[0.532864,0.628581,-0.566518]],[[0.40654,-0.777326,-0.480094],[-0.910839,-0.385893,-0.146487],[-0.0713969,0.496841,-0.8649]]],3],[414,[-0.629708,-0.359762,0.688505],41,48.8241,[-7.77719,118.144,-6.07708],[-6.18352,118.401,-6.13283],[94.4437,22.8505,-27.3457],false,[20.3307,104.89,36.3565],[34.3857,129.8,-11.8453],[6.22472,130.057,-31.2118],[-5.68034,123.255,-18.1951],[-6.06627,118.019,-2.38276],[[[0.227237,-0.890581,-0.393992],[0.941,0.0966237,0.324318],[-0.250762,-0.444443,0.859993]],[[0.200277,-0.931522,-0.303572],[0.530108,0.363607,-0.766013],[0.823938,-0.00751108,0.56663]],[[0.200277,-0.931522,-0.303572],[-0.750571,0.0532696,-0.658639],[0.629708,0.359762,-0.688505]],[[0.200277,-0.931522,-0.303572],[-0.979465,-0.183042,-0.0845171],[0.0231633,0.314265,-0.949053]]],4]],[[0,200,0],[235.247,235.247,147.751]]],[160552,81401521329,[[41,"right",[0.166205,0.698997,-0.695542],[-0.741459,-0.376422,-0.555469],[10.1482,148.008,13.4356],[4.03562,55.1163,71.0636],[4.15002,147.122,14.2438],1,1,0.572302,[[0.571829,-0.56143,-0.59817],[0.640179,0.761345,-0.102594],[0.513013,-0.324269,0.794775]],61.6218,[143.311,23.9257,256.242],[9.3586,108.595,48.7193]]],[[410,[-0.163484,0.176994,-0.970539],41,50.4002,[-41.0391,148.52,-23.0864],[-39.6818,145.476,-23.8525],[75.9758,-105.133,-19.2476],false,[-16.858,119.114,57.7833],[-16.858,119.114,57.7833],[-38.103,146.223,23.9585],[-43.4935,152.059,-8.04292],[-37.3776,142.941,-27.8343],[[[0.957207,0.228406,0.177725],[-0.256461,0.384892,0.886615],[0.134103,-0.894253,0.426999]],[[0.802619,0.595902,-0.0265257],[-0.402643,0.574056,0.712978],[0.440093,-0.56157,0.700684]],[[0.802619,0.595902,-0.0265257],[-0.573651,0.78331,0.239479],[0.163484,-0.176994,0.970539]],[[0.802619,0.595902,-0.0265257],[-0.531773,0.694682,-0.48439],[-0.270222,0.402886,0.87445]]],0],[411,[-0.416388,-0.892038,0.175753],41,56.871,[-38.2673,148.204,-9.9919],[-38.2526,146.582,-8.46642],[30.0904,-77.8449,-8.38951],false,[3.95306,128.723,57.5349],[-0.0239597,180.416,8.81255],[-29.0505,177.818,-20.8003],[-38.7834,156.967,-16.6922],[-37.3733,144.254,-6.23292],[[[0.668766,-0.482043,-0.566028],[0.741369,0.489619,0.458961],[0.0558986,-0.726573,0.684812]],[[0.663245,-0.430243,-0.61237],[0.268364,0.900545,-0.342051],[0.698632,0.0625255,0.712744]],[[0.663245,-0.430243,-0.61237],[-0.621874,0.138417,-0.770788],[0.416388,0.892038,-0.175753]],[[0.663245,-0.430243,-0.61237],[-0.743521,-0.472101,-0.4736],[-0.0853375,0.769423,-0.633013]]],1],[412,[-0.570903,-0.758864,0.313361],41,64.8,[-36.9,139.359,-13.0062],[-34.9428,137.321,-12.7609],[74.9697,-57.9195,-23.3729],false,[13.0196,124.264,51.2327],[15.3887,168.327,0.192093],[-18.2665,168.404,-32.0587],[-33.9663,147.535,-23.4412],[-34.2118,135.388,-9.92636],[[[0.533919,-0.652132,-0.538196],[0.844806,0.385004,0.371584],[-0.0351139,-0.653067,0.756486]],[[0.534702,-0.633296,-0.559491],[0.439084,0.773908,-0.456367],[0.72201,-0.00164322,0.69188]],[[0.534702,-0.633296,-0.559491],[-0.623028,0.15186,-0.767316],[0.570903,0.758864,-0.313361]],[[0.534702,-0.633296,-0.559491],[-0.844933,-0.390084,-0.365956],[0.0135097,0.668409,-0.743671]]],2],[413,[-0.521299,-0.667627,0.531528],41,62.3069,[-17.5927,120.598,-5.96786],[-18.7851,121.8,-5.30796],[100.377,3.59351,-82.7971],false,[20.0951,117.408,44.5933],[28.0916,151.115,-5.10044],[-5.52258,147.621,-32.0232],[-19.4881,129.735,-17.7837],[-18.2799,120.484,-2.30969],[[[0.457718,-0.768283,-0.447476],[0.879243,0.316414,0.356108],[-0.132004,-0.556438,0.820336]],[[0.462811,-0.74448,-0.481201],[0.42496,0.662727,-0.616605],[0.777955,0.0808804,0.623092]],[[0.462811,-0.74448,-0.481201],[-0.716975,0.00485255,-0.697082],[0.521299,0.667627,-0.531528]],[[0.462811,-0.74448,-0.481201],[-0.883931,-0.428525,-0.187167],[-0.0668651,0.511972,-0.856396]]],3],[414,[-0.638381,-0.405454,0.654276],41,48.8475,[-7.49501,118.283,-6.11123],[-4.23338,119.114,-6.48049],[126.597,39.0067,-35.4521],false,[21.8307,106.118,36.9148],[35.8303,132.669,-10.4512],[8.49715,131.9,-30.9839],[-3.57767,124.231,-18.6085],[-4.27088,118.669,-2.91007],[[[0.287753,-0.86917,-0.402171],[0.924592,0.142655,0.353241],[-0.249655,-0.47349,0.844677]],[[0.260262,-0.913654,-0.31225],[0.541595,0.405871,-0.736168],[0.799336,0.0224837,0.600463]],[[0.260262,-0.913654,-0.31225],[-0.724385,0.0290513,-0.688784],[0.638381,0.405454,-0.654276]],[[0.260262,-0.913654,-0.31225],[-0.964642,-0.232119,-0.124846],[0.0415865,0.333702,-0.941761]]],4]],[[0,200,0],[235.247,235.247,147.751]]],[160553,81401529993,[[41,"right",[0.135151,0.732922,-0.666753],[-0.694062,-0.410214,-0.59161],[9.8541,149.584,14.3243],[-6.06245,88.8097,79.4402],[4.17168,147.131,14.2441],1,1,0.575085,[[0.629912,-0.491753,-0.601157],[0.594826,0.803148,-0.033706],[0.499393,-0.336352,0.79842]],61.6218,[141.305,21.1975,256.748],[10.9086,109.022,48.2737]]],[[410,[-0.145071,0.196524,-0.969707],41,50.4002,[-40.1007,147.381,-23.354],[-38.3797,144.564,-24.6816],[97.1697,-104.578,-39.6458],false,[-16.2824,117.275,56.7971],[-16.2824,117.275,56.7971],[-38.3899,143.856,23.1067],[-43.1733,150.336,-8.86736],[-35.7213,142.296,-28.668],[[[0.931702,0.291532,0.216659],[-0.311432,0.334201,0.889561],[0.186928,-0.89628,0.402168]],[[0.756546,0.653656,0.019291],[-0.46681,0.51916,0.715934],[0.457959,-0.550642,0.697901]],[[0.756546,0.653656,0.019291],[-0.637646,0.73083,0.243506],[0.145071,-0.196524,0.969707]],[[0.756546,0.653656,0.019291],[-0.565003,0.668223,-0.483993],[-0.329256,0.355264,0.874859]]],0],[411,[-0.354388,-0.925598,0.13296],41,56.871,[-38.2032,148.087,-9.9568],[-37.6131,145.416,-9.22605],[40.7092,-91.7624,-27.932],false,[3.75582,128.383,57.5492],[-2.54866,181.301,10.4132],[-30.3709,177.638,-20.2253],[-38.6545,156.003,-17.1174],[-36.6238,143.077,-7.02746],[[[0.719769,-0.411961,-0.558767],[0.688535,0.526371,0.498851],[0.0886121,-0.743789,0.662515]],[[0.711865,-0.359244,-0.603483],[0.211715,0.92907,-0.303323],[0.669645,0.0881584,0.73743]],[[0.711865,-0.359244,-0.603483],[-0.606347,0.119218,-0.786212],[0.354388,0.925598,-0.13296]],[[0.711865,-0.359244,-0.603483],[-0.691479,-0.508879,-0.512737],[-0.122902,0.782295,-0.610663]]],1],[412,[-0.523677,-0.808536,0.268388],41,64.8,[-36.5706,139.221,-13.0853],[-33.4624,136.681,-13.7897],[98.8571,-59.9677,-47.0263],false,[13.3175,124.82,51.4109],[13.9763,170.677,1.92377],[-18.5127,169.538,-31.4822],[-32.9138,147.303,-24.1015],[-32.6716,134.718,-10.9933],[[[0.597128,-0.592319,-0.540922],[0.802086,0.432689,0.411628],[-0.00976367,-0.679661,0.733462]],[[0.597168,-0.573073,-0.561229],[0.396982,0.81914,-0.414024],[0.696991,0.0244435,0.716663]],[[0.597168,-0.573073,-0.561229],[-0.60758,0.133631,-0.782937],[0.523677,0.808536,-0.268388]],[[0.597168,-0.573073,-0.561229],[-0.802006,-0.438215,-0.405899],[-0.0133295,0.692499,-0.721296]]],2],[413,[-0.500682,-0.722353,0.476995],41,62.3069,[-17.5571,120.689,-6.02421],[-16.6535,122.367,-6.93631],[135.547,22.8741,-114.809],false,[21.083,118.734,44.7925],[28.0782,154.635,-3.49635],[-4.03467,150.173,-32.059],[-17.4478,130.822,-19.2804],[-16.2713,121.016,-4.14921],[[[0.527008,-0.716802,-0.456572],[0.841979,0.367378,0.395101],[-0.115474,-0.592645,0.797143]],[[0.531363,-0.691473,-0.489405],[0.406563,0.714985,-0.568773],[0.743209,0.103251,0.661044]],[[0.531363,-0.691473,-0.489405],[-0.683352,-0.00842108,-0.73004],[0.500682,0.722353,-0.476995]],[[0.531363,-0.691473,-0.489405],[-0.844638,-0.476844,-0.243325],[-0.0651174,0.542664,-0.837422]]],3],[414,[-0.634422,-0.472332,0.611892],41,48.8475,[-6.95376,118.577,-6.23101],[-1.766,120.57,-7.27503],[166.276,73.8621,-52.6691],false,[23.8869,107.873,36.8158],[37.3254,137,-9.17911],[10.9605,135.096,-30.8714],[-1.03947,126.162,-19.2976],[-1.92511,120.006,-3.83188],[[[0.363689,-0.831358,-0.420207],[0.900166,0.197605,0.388141],[-0.239649,-0.519418,0.820228]],[[0.336446,-0.88141,-0.331544],[0.540678,0.469059,-0.69832],[0.77102,0.0556883,0.634371]],[[0.336446,-0.88141,-0.331544],[-0.695926,0.00447048,-0.7181],[0.634422,0.472332,-0.611892]],[[0.336446,-0.88141,-0.331544],[-0.940203,-0.294539,-0.171071],[0.0531307,0.369275,-0.9278]]],4]],[[0,200,0],[235.247,235.247,147.751]]],[160554,81401539044,[[41,"right",[0.117098,0.743861,-0.657996],[-0.662444,-0.435118,-0.609788],[9.63974,150.066,14.5266],[-10.9241,78.9961,63.6891],[4.19819,147.146,14.2454],1,1,0.493062,[[0.659914,-0.451104,-0.600848],[0.567637,0.823261,0.0053511],[0.492241,-0.344595,0.799345]],61.6513,[140.338,19.2584,257.011],[11.7476,109.278,48.1951]]],[[410,[-0.131572,0.197223,-0.97149],41,50.4244,[-38.9579,145.946,-23.8779],[-37.3747,143.157,-25.591],[101.406,-118.111,-57.0331],false,[-15.9706,116.261,56.1881],[-15.9706,116.261,56.1881],[-38.455,142.102,22.1395],[-42.7954,148.608,-9.9086],[-34.5115,141.006,-29.5638],[[[0.913092,0.3302,0.239229],[-0.344915,0.312552,0.885068],[0.217478,-0.890662,0.39928]],[[0.726481,0.68597,0.0408695],[-0.505464,0.49313,0.708046],[0.465544,-0.53504,0.704983]],[[0.726481,0.68597,0.0408695],[-0.674473,0.700391,0.233533],[0.131572,-0.197223,0.97149]],[[0.726481,0.68597,0.0408695],[-0.581713,0.645549,-0.49485],[-0.365836,0.335725,0.868017]]],0],[411,[-0.31625,-0.941304,0.118034],41,56.8983,[-38.1039,147.877,-9.97267],[-37.0826,144.06,-10.1069],[44.4198,-107.345,-46.5778],false,[3.54799,128.236,57.4644],[-4.06594,181.257,10.5864],[-31.0401,176.665,-20.7053],[-38.4358,154.652,-17.945],[-36.0525,141.738,-7.90297],[[[0.74906,-0.375193,-0.546021],[0.65381,0.551717,0.517823],[0.106966,-0.744875,0.658574]],[[0.739831,-0.322595,-0.590409],[0.177623,0.940068,-0.29107],[0.648922,0.110473,0.752792]],[[0.739831,-0.322595,-0.590409],[-0.593832,0.0993919,-0.798427],[0.31625,0.941304,-0.118034]],[[0.739831,-0.322595,-0.590409],[-0.657164,-0.534548,-0.531408],[-0.144172,0.781147,-0.607473]]],1],[412,[-0.495178,-0.832436,0.248694],41,64.831,[-36.1603,139.004,-13.2463],[-32.4265,135.697,-14.7635],[101.451,-72.2856,-63.6201],false,[13.3918,125.147,51.5068],[13.0976,171.436,2.37554],[-18.5114,169.33,-31.8489],[-32.1353,146.427,-25.0065],[-31.6316,133.75,-11.9827],[[[0.634117,-0.560899,-0.532248],[0.773225,0.463856,0.43239],[0.00435907,-0.685733,0.72784]],[[0.63376,-0.541903,-0.551987],[0.372763,0.839227,-0.39591],[0.677787,0.0451516,0.73387]],[[0.63376,-0.541903,-0.551987],[-0.594262,0.11572,-0.795903],[0.495178,0.832436,-0.248694]],[[0.63376,-0.541903,-0.551987],[-0.773034,-0.46926,-0.426866],[-0.0277051,0.697235,-0.716307]]],2],[413,[-0.485482,-0.748152,0.4523],41,62.3367,[-17.471,120.775,-6.12265],[-15.3083,122.086,-7.93308],[137.368,7.80693,-114.387],false,[21.5622,119.461,45.0104],[28.0122,156.067,-2.85996],[-3.13145,150.709,-32.3578],[-16.1436,130.657,-20.2349],[-14.99,120.693,-5.19563],[[[0.567742,-0.689057,-0.45041],[0.816298,0.400501,0.41624],[-0.106424,-0.603986,0.789857]],[[0.571709,-0.663093,-0.483174],[0.392587,0.738206,-0.548568],[0.720433,0.123933,0.682361]],[[0.571709,-0.663093,-0.483174],[-0.661404,-0.0240121,-0.749645],[0.485482,0.748152,-0.4523]],[[0.571709,-0.663093,-0.483174],[-0.81797,-0.506464,-0.272798],[-0.0638194,0.551183,-0.83194]]],3],[414,[-0.633491,-0.504532,0.586632],41,48.8709,[-6.20486,118.93,-6.43207],[-0.297575,120.872,-7.81634],[163.111,62.1093,-57.127],false,[25.0139,108.798,37.0102],[38.1513,138.896,-8.47669],[12.5062,136.153,-30.9535],[0.518116,126.605,-19.8522],[-0.570684,120.242,-4.47523],[[[0.408876,-0.81097,-0.418507],[0.882035,0.233507,0.409254],[-0.234168,-0.536472,0.810779]],[[0.381751,-0.863267,-0.330207],[0.540691,0.498339,-0.677726],[0.749613,0.080182,0.657002]],[[0.381751,-0.863267,-0.330207],[-0.67302,-0.014764,-0.739477],[0.633491,0.504532,-0.586632]],[[0.381751,-0.863267,-0.330207],[-0.921957,-0.33043,-0.20202],[0.0652868,0.381558,-0.922036]]],4]],[[0,200,0],[235.247,235.247,147.751]]],[160555,81401547363,[[41,"right",[0.0924015,0.758298,-0.645327],[-0.622198,-0.462018,-0.631988],[9.32743,151,15.1226],[-17.7582,87.5435,65.7299],[4.22649,147.167,14.2503],1,1,0.495256,[[0.695044,-0.396781,-0.599565],[0.531273,0.845318,0.0564606],[0.48442,-0.357775,0.798332]],61.6513,[139.381,16.457,256.867],[12.8338,109.92,48.3155]]],[[410,[-0.11792,0.203091,-0.972033],41,50.4244,[-37.732,144.55,-24.4837],[-36.1772,142.036,-26.2872],[112.652,-121.032,-63.6023],false,[-15.416,115.267,55.6844],[-15.416,115.267,55.6844],[-38.4043,140.283,21.3574],[-42.2944,146.983,-10.7087],[-33.0923,140.093,-30.2174],[[[0.88736,0.37614,0.266667],[-0.383443,0.280823,0.879835],[0.256055,-0.882982,0.393419]],[[0.686363,0.724072,0.0680181],[-0.549864,0.455457,0.700148],[0.475978,-0.517957,0.71075]],[[0.686363,0.724072,0.0680181],[-0.717636,0.659147,0.224777],[0.11792,-0.203091,0.972033]],[[0.686363,0.724072,0.0680181],[-0.603125,0.618975,-0.503101],[-0.406383,0.304286,0.861547]]],0],[411,[-0.267064,-0.958687,0.097958],41,56.8983,[-37.9677,147.605,-10.0281],[-36.3716,142.832,-10.7884],[54.1247,-117.07,-54.6834],false,[3.37804,128.27,57.611],[-5.96775,181.449,11.2277],[-31.8581,175.853,-20.8073],[-38.1036,153.433,-18.5164],[-35.2635,140.533,-8.5766],[[[0.781866,-0.326069,-0.53138],[0.609464,0.579251,0.541315],[0.131296,-0.747093,0.651624]],[[0.770892,-0.273528,-0.575247],[0.133358,0.952397,-0.274147],[0.62285,0.134623,0.770672]],[[0.770892,-0.273528,-0.575247],[-0.578276,0.0781128,-0.812093],[0.267064,0.958687,-0.097958]],[[0.770892,-0.273528,-0.575247],[-0.613359,-0.562359,-0.554566],[-0.171806,0.780343,-0.601289]]],1],[412,[-0.45913,-0.860887,0.219258],41,64.831,[-35.7086,138.773,-13.463],[-31.147,135.082,-15.6997],[112.814,-70.3763,-77.1082],false,[13.5216,125.807,51.8686],[11.9078,172.695,3.33512],[-18.5384,169.704,-31.8637],[-31.1705,146.019,-25.8312],[-30.3456,133.172,-12.9913],[[[0.676985,-0.517944,-0.522901],[0.735609,0.499243,0.457861],[0.0239077,-0.694615,0.718984]],[[0.676075,-0.498711,-0.542411],[0.341621,0.864392,-0.368947],[0.652853,0.0641369,0.754764]],[[0.676075,-0.498711,-0.542411],[-0.5763,0.100802,-0.810997],[0.45913,0.860887,-0.219258]],[[0.676075,-0.498711,-0.542411],[-0.735434,-0.50205,-0.455062],[-0.0453728,0.706564,-0.706193]]],2],[413,[-0.457515,-0.780094,0.426771],41,62.3367,[-17.317,120.862,-6.24314],[-13.5447,122.103,-8.51688],[155.515,6.21829,-102.177],false,[22.1507,120.667,45.512],[27.7691,158.237,-1.71102],[-2.24154,151.711,-32.1333],[-14.5041,130.802,-20.6947],[-13.2319,120.667,-5.78032],[[[0.615732,-0.650669,-0.444415],[0.782484,0.438565,0.442018],[-0.092703,-0.619912,0.779176]],[[0.619092,-0.623966,-0.476856],[0.367121,0.766729,-0.52664],[0.694225,0.150974,0.703746]],[[0.619092,-0.623966,-0.476856],[-0.638283,-0.0460412,-0.768424],[0.457515,0.780094,-0.426771]],[[0.619092,-0.623966,-0.476856],[-0.782159,-0.544328,-0.303206],[-0.0703762,0.56069,-0.82503]]],3],[414,[-0.622553,-0.548327,0.558359],41,48.8709,[-5.27472,119.361,-6.65269],[1.53677,121.68,-8.02493],[176.634,70.3559,-49.9179],false,[26.3804,110.321,37.4685],[38.9721,141.726,-7.28318],[14.1652,138.015,-30.5482],[2.38414,127.639,-19.9819],[1.20319,120.951,-4.75033],[[[0.463054,-0.781503,-0.418131],[0.857442,0.275521,0.434605],[-0.224441,-0.559769,0.797675]],[[0.437218,-0.835452,-0.332957],[0.53203,0.538756,-0.653212],[0.72511,0.108453,0.680039]],[[0.437218,-0.835452,-0.332957],[-0.649051,-0.0368413,-0.759852],[0.622553,0.548327,-0.558359]],[[0.437218,-0.835452,-0.332957],[-0.896563,-0.375741,-0.234506],[0.0708125,0.401047,-0.913316]]],4]],[[0,200,0],[235.247,235.247,147.751]]],[160556,81401556042,[[41,"right",[0.0664628,0.775669,-0.62763],[-0.584932,-0.47931,-0.654306],[9.0865,151.788,15.7],[-20.4208,88.4336,65.9447],[4.26061,147.199,14.2604],1,1,0.503609,[[0.726972,-0.342851,-0.594949],[0.493671,0.863191,0.105789],[0.477284,-0.370615,0.796771]],61.6808,[138.766,13.3537,256.374],[14.0231,110.217,48.1308]]],[[410,[-0.109365,0.217223,-0.969976],41,50.4485,[-36.3651,143.208,-25.1764],[-35.0221,141.313,-26.8672],[117.195,-110.544,-65.1551],false,[-14.6193,113.968,55.0109],[-14.6193,113.968,55.0109],[-38.1565,138.447,20.636],[-41.7661,145.616,-11.3775],[-31.788,139.581,-30.8003],[[[0.861428,0.414839,0.293004],[-0.414907,0.242093,0.877065],[0.292906,-0.877098,0.380665]],[[0.646136,0.757072,0.0966917],[-0.587563,0.412561,0.696106],[0.487111,-0.506592,0.711398]],[[0.646136,0.757072,0.0966917],[-0.755346,0.616162,0.223153],[0.109365,-0.217223,0.969976]],[[0.646136,0.757072,0.0966917],[-0.623312,0.596548,-0.505582],[-0.440443,0.266405,0.857344]]],0],[411,[-0.219742,-0.972847,0.0726788],41,56.9255,[-37.7739,147.253,-10.1244],[-35.6098,141.904,-11.3492],[61.6201,-113.998,-56.6768],false,[3.45149,127.869,57.6008],[-7.67213,181.514,12.1022],[-32.6013,175.319,-20.6037],[-37.7426,152.557,-18.9033],[-34.4439,139.605,-9.1618],[[[0.808038,-0.274543,-0.521249],[0.568046,0.597664,0.565793],[0.156197,-0.753276,0.638888]],[[0.795301,-0.221787,-0.564187],[0.090385,0.963651,-0.25141],[0.599439,0.148953,0.786439]],[[0.795301,-0.221787,-0.564187],[-0.564987,0.0661741,-0.822442],[0.219742,0.972847,-0.0726788]],[[0.795301,-0.221787,-0.564187],[-0.572466,-0.580965,-0.578587],[-0.19945,0.783128,-0.589008]]],1],[412,[-0.419629,-0.887432,0.190725],41,64.862,[-35.1603,138.502,-13.7319],[-29.8971,134.593,-16.3686],[118.929,-66.6165,-76.0333],false,[13.826,126.046,52.0227],[10.7914,173.845,4.40928],[-18.74,170.133,-31.5222],[-30.2909,145.706,-26.2722],[-29.0779,132.631,-13.6832],[[[0.712955,-0.471626,-0.518906],[0.699768,0.525962,0.483413],[0.0449341,-0.707766,0.705016]],[[0.711456,-0.452051,-0.538034],[0.305324,0.888437,-0.342719],[0.632936,0.079555,0.770106]],[[0.711456,-0.452051,-0.538034],[-0.563686,0.090082,-0.821063],[0.419629,0.887432,-0.190725]],[[0.711456,-0.452051,-0.538034],[-0.69956,-0.528251,-0.481214],[-0.0666833,0.718749,-0.692064]]],2],[413,[-0.426675,-0.811464,0.399343],41,62.3666,[-17.056,120.973,-6.41159],[-11.8349,122.326,-9.10965],[165.426,10.8767,-92.1564],false,[22.837,121.486,45.7436],[27.4775,160.315,-0.596137],[-1.53916,152.973,-31.8157],[-12.9807,131.213,-21.1072],[-11.5145,120.811,-6.38455],[[[0.657003,-0.608938,-0.444457],[0.749993,0.468092,0.467333],[-0.0765299,-0.640379,0.764237]],[[0.659653,-0.581298,-0.476393],[0.338732,0.795784,-0.501985],[0.670909,0.169766,0.721845]],[[0.659653,-0.581298,-0.476393],[-0.618713,-0.0601625,-0.78331],[0.426675,0.811464,-0.399343]],[[0.659653,-0.581298,-0.476393],[-0.747186,-0.575597,-0.332267],[-0.0810644,0.575135,-0.814032]]],3],[414,[-0.607517,-0.592897,0.528579],41,48.8942,[-4.04175,119.959,-6.94408],[3.2531,122.672,-8.3842],[181.303,81.0489,-48.6694],false,[27.7533,111.538,37.5783],[39.6256,144.508,-6.26814],[15.5785,140.161,-30.2341],[4.07646,128.936,-20.2266],[2.88631,121.809,-5.18703],[[[0.510717,-0.747878,-0.424084],[0.833324,0.309254,0.458185],[-0.211516,-0.587402,0.781166]],[[0.486539,-0.803776,-0.342381],[0.519311,0.581216,-0.626502],[0.702564,0.127016,0.700194]],[[0.486539,-0.803776,-0.342381],[-0.627855,-0.0491724,-0.776775],[0.607517,0.592897,-0.528579]],[[0.486539,-0.803776,-0.342381],[-0.870742,-0.414131,-0.265149],[0.0713301,0.427131,-0.901372]]],4]],[[0,200,0],[235.247,235.247,147.751]]],[160557,81401564774,[[41,"right",[0.0503241,0.783147,-0.619796],[-0.562795,-0.490433,-0.665385],[8.94931,152.165,15.9309],[-19.1606,76.3027,55.3713],[4.29889,147.24,14.2741],1,1,0.503632,[[0.744044,-0.31177,-0.59093],[0.471237,0.871869,0.133347],[0.47364,-0.377684,0.795626]],61.6808,[138.55,11.7471,255.985],[14.7602,110.458,48.0411]]],[[410,[-0.105942,0.222844,-0.969081],41,50.4485,[-35.1699,142.06,-25.8054],[-34.3218,140.69,-27.266],[106.671,-99.5272,-60.041],false,[-14.0584,113.287,54.6198],[-14.0584,113.287,54.6198],[-37.9162,137.301,20.1387],[-41.4127,144.656,-11.8452],[-31.0105,139.081,-31.1827],[[[0.845202,0.437636,0.30677],[-0.431956,0.221369,0.874305],[0.314718,-0.871476,0.376141]],[[0.621219,0.775809,0.110487],[-0.608525,0.388747,0.69179],[0.493745,-0.496987,0.713596]],[[0.621219,0.775809,0.110487],[-0.776442,0.590306,0.220626],[0.105942,-0.222844,0.96908]],[[0.621219,0.775809,0.110487],[-0.635022,0.580992,-0.509113],[-0.459166,0.246109,0.853579]]],0],[411,[-0.191401,-0.979595,0.0613039],41,56.9255,[-37.5473,146.856,-10.2471],[-35.1243,141.232,-11.7409],[59.5957,-103.9,-52.8652],false,[3.5567,127.697,57.5457],[-8.6511,181.408,12.4056],[-33.0056,174.798,-20.6501],[-37.4838,151.878,-19.2158],[-33.9082,138.943,-9.54966],[[[0.8218,-0.245384,-0.514229],[0.543378,0.609052,0.577751],[0.171421,-0.754216,0.633855]],[[0.808001,-0.192717,-0.556772],[0.0646811,0.968295,-0.241292],[0.58562,0.158952,0.794848]],[[0.808001,-0.192717,-0.556772],[-0.557225,0.0570333,-0.8284],[0.191401,0.979595,-0.0613039]],[[0.808001,-0.192717,-0.556772],[-0.548084,-0.592608,-0.590272],[-0.216192,0.782097,-0.584453]]],1],[412,[-0.397542,-0.900907,0.174148],41,64.862,[-34.5934,138.231,-14.0281],[-29.1452,134.318,-16.9223],[108.961,-56.4343,-72.7653],false,[14.0442,126.237,52.073],[10.1206,174.368,4.86],[-18.803,170.329,-31.5278],[-29.7459,145.53,-26.7341],[-28.3144,132.36,-14.269],[[[0.73265,-0.445234,-0.514773],[0.678122,0.542092,0.496273],[0.0580966,-0.712673,0.699087]],[[0.730792,-0.425632,-0.533648],[0.285754,0.900748,-0.327106],[0.619909,0.0865545,0.779886]],[[0.730792,-0.425632,-0.533648],[-0.55489,0.0848816,-0.827582],[0.397542,0.900907,-0.174148]],[[0.730792,-0.425632,-0.533648],[-0.678048,-0.542773,-0.495629],[-0.0786945,0.724041,-0.685253]]],2],[413,[-0.408409,-0.827824,0.38459],41,62.3666,[-16.7218,121.094,-6.61409],[-10.8612,122.346,-9.51018],[150.142,7.64651,-78.7374],false,[23.2589,122.007,45.8587],[27.2609,161.389,-0.0719197],[-1.15608,153.502,-31.7074],[-12.1078,131.304,-21.3944],[-10.547,120.771,-6.77519],[[[0.679995,-0.584847,-0.442222],[0.73024,0.485902,0.480259],[-0.0660012,-0.649502,0.75749]],[[0.682184,-0.556755,-0.473972],[0.320808,0.810412,-0.49022],[0.657045,0.182366,0.731461]],[[0.682184,-0.556755,-0.473972],[-0.606488,-0.0687862,-0.792112],[0.408409,0.827824,-0.38459]],[[0.682184,-0.556755,-0.473972],[-0.72607,-0.592323,-0.349249],[-0.0862987,0.58239,-0.808316]]],3],[414,[-0.597053,-0.617335,0.512275],41,48.8942,[-2.71843,120.595,-7.25722],[4.23776,123.137,-8.6082],[162.352,72.762,-42.7056],false,[28.5641,112.287,37.6621],[39.9415,146.007,-5.74387],[16.3423,141.235,-30.0717],[5.03843,129.548,-20.3729],[3.85191,122.194,-5.44253],[[[0.537719,-0.728281,-0.424812],[0.818395,0.329718,0.470654],[-0.2027,-0.600743,0.773318]],[[0.514804,-0.784601,-0.34551],[0.509508,0.604128,-0.612725],[0.689477,0.139393,0.710768]],[[0.514804,-0.784601,-0.34551],[-0.615227,-0.0574334,-0.786255],[0.597053,0.617335,-0.512275]],[[0.514804,-0.784601,-0.34551],[-0.854354,-0.436091,-0.282674],[0.0711122,0.44071,-0.894829]]],4]],[[0,200,0],[235.247,235.247,147.751]]],[160558,81401573348,[[41,"right",[0.0371808,0.791115,-0.610537],[-0.543034,-0.496886,-0.676919],[8.83406,152.486,16.0856],[-17.6538,66.0648,45.5378],[4.33965,147.287,14.2904],1,1,0.511174,[[0.759366,-0.285087,-0.584883],[0.450368,0.879066,0.156243],[0.469608,-0.382059,0.795927]],61.7103,[138.15,10.6563,255.934],[15.3545,110.559,47.8117]]],[[410,[-0.102526,0.230333,-0.967696],41,50.4726,[-34.192,141.189,-26.3889],[-33.6608,140.285,-27.7318],[97.2731,-86.1539,-59.2164],false,[-13.6093,112.588,54.1057],[-13.6093,112.588,54.1057],[-37.724,136.293,19.5566],[-41.1095,143.898,-12.3969],[-30.3105,138.764,-31.6516],[[[0.830525,0.455261,0.320883],[-0.44679,0.200548,0.871871],[0.332576,-0.867478,0.369966]],[[0.598774,0.791125,0.124866],[-0.626614,0.365635,0.688233],[0.498823,-0.490339,0.714663]],[[0.598774,0.791125,0.124866],[-0.794329,0.566629,0.219028],[0.102526,-0.230333,0.967696]],[[0.598774,0.791125,0.124866],[-0.64379,0.568161,-0.51257],[-0.476451,0.226526,0.849518]]],0],[411,[-0.167343,-0.984712,0.0483584],41,56.9527,[-37.3046,146.455,-10.3948],[-34.6545,140.789,-12.2027],[57.3591,-90.1954,-52.8833],false,[3.61174,127.409,57.386],[-9.46953,181.329,12.6871],[-33.3012,174.497,-20.7277],[-37.2184,151.447,-19.5957],[-33.4184,138.495,-10.0256],[[[0.833221,-0.218817,-0.507801],[0.521569,0.615961,0.590388],[0.183599,-0.756777,0.62736]],[[0.818578,-0.166112,-0.549852],[0.0431187,0.97234,-0.229556],[0.572775,0.1642,0.803098]],[[0.818578,-0.166112,-0.549852],[-0.549479,0.0524286,-0.833861],[0.167343,0.984712,-0.0483584]],[[0.818578,-0.166112,-0.549852],[-0.52649,-0.599712,-0.602622],[-0.22965,0.782785,-0.578368]]],1],[412,[-0.376618,-0.91249,0.159753],41,64.8931,[-34.0358,137.971,-14.3292],[-28.4422,134.092,-17.4043],[100.591,-48.9739,-67.8103],false,[14.1961,126.275,52.0111],[9.56328,174.845,5.26849],[-18.8647,170.5,-31.5011],[-29.2366,145.37,-27.1016],[-27.6069,132.094,-14.76],[[[0.74916,-0.420827,-0.51153],[0.65883,0.553335,0.509669],[0.0685654,-0.718836,0.691791]],[[0.74702,-0.401136,-0.530142],[0.266619,0.911276,-0.313833],[0.608995,0.0930936,0.787692]],[[0.74702,-0.401136,-0.530142],[-0.547832,0.080322,-0.832724],[0.376618,0.91249,-0.159753]],[[0.74702,-0.401136,-0.530142],[-0.658743,-0.55405,-0.509005],[-0.0895447,0.729464,-0.678133]]],2],[413,[-0.392022,-0.842233,0.370084],41,62.3964,[-16.3304,121.223,-6.84528],[-9.96923,122.484,-9.96159],[137.401,9.03589,-71.1365],false,[23.5855,122.347,45.8497],[27.0865,162.353,0.380999],[-0.790521,154.119,-31.6721],[-11.3078,131.523,-21.7434],[-9.65254,120.849,-7.22649],[[[0.699274,-0.56253,-0.441108],[0.712521,0.498658,0.493613],[-0.05771,-0.659469,0.749513]],[[0.701095,-0.533982,-0.472577],[0.305625,0.823803,-0.477434],[0.644251,0.190295,0.740762]],[[0.701095,-0.533982,-0.472577],[-0.595638,-0.0742031,-0.799818],[0.392022,0.842233,-0.370084]],[[0.701095,-0.533982,-0.472577],[-0.707176,-0.605699,-0.364734],[-0.0914776,0.589908,-0.802272]]],3],[414,[-0.587657,-0.63916,0.496119],41,48.9176,[-1.41802,121.23,-7.58342],[5.0935,123.636,-8.91072],[145.277,67.6863,-40.8904],false,[29.2251,112.852,37.6015],[40.2183,147.352,-5.32253],[17.0097,142.3,-29.9901],[5.87833,130.193,-20.5927],[4.68723,122.597,-5.77569],[[[0.560488,-0.709684,-0.42685],[0.804693,0.344859,0.483261],[-0.195759,-0.614346,0.764367]],[[0.538549,-0.766597,-0.349706],[0.500629,0.624954,-0.599002],[0.677743,0.14752,0.720349]],[[0.538549,-0.766597,-0.349706],[-0.603841,-0.0616778,-0.794715],[0.587657,0.63916,-0.496119]],[[0.538549,-0.766597,-0.349706],[-0.839567,-0.453069,-0.299759],[0.071353,0.455036,-0.88761]]],4]],[[0,200,0],[235.247,235.247,147.751]]],[160559,81401582124,[[41,"right",[0.0262419,0.797684,-0.602505],[-0.522555,-0.502864,-0.688523],[8.74889,152.793,16.204],[-15.5175,57.7142,36.9234],[4.38457,147.343,14.3099],1,1,0.515726,[[0.773727,-0.259809,-0.577794],[0.429991,0.885155,0.177787],[0.465247,-0.386005,0.796584]],61.7103,[137.509,9.78862,255.908],[15.854,110.723,47.6139]]],[[410,[-0.0975108,0.236317,-0.966771],41,50.4726,[-33.3216,140.498,-26.974],[-32.9326,139.892,-28.2893],[91.5177,-75.1133,-60.2406],false,[-13.2269,112.011,53.5531],[-13.2269,112.011,53.5531],[-37.5166,135.368,18.8903],[-40.7364,143.172,-13.0327],[-29.5573,138.467,-32.1801],[[[0.815432,0.471466,0.335843],[-0.462394,0.181504,0.867899],[0.348228,-0.863004,0.366008]],[[0.576438,0.805283,0.138702],[-0.644416,0.343626,0.683118],[0.502442,-0.483157,0.717016]],[[0.576438,0.805283,0.138702],[-0.811302,0.543759,0.214746],[0.0975108,-0.236317,0.966771]],[[0.576438,0.805283,0.138702],[-0.651499,0.555374,-0.516825],[-0.493222,0.207553,0.84478]]],0],[411,[-0.144781,-0.988777,0.03686],41,56.9527,[-37.0358,146.048,-10.5739],[-34.0959,140.383,-12.7642],[58.7423,-78.344,-55.2341],false,[3.59695,127.2,57.1949],[-10.1852,181.231,12.8426],[-33.4223,174.186,-20.9446],[-36.8113,151.04,-20.0818],[-32.8276,138.091,-10.5828],[[[0.84451,-0.194252,-0.499069],[0.499386,0.622241,0.602852],[0.193436,-0.758342,0.622495]],[[0.829185,-0.141571,-0.540749],[0.0234003,0.975339,-0.219467],[0.558484,0.169325,0.812049]],[[0.829185,-0.141571,-0.540749],[-0.539899,0.0477265,-0.840376],[0.144781,0.988777,-0.03686]],[[0.829185,-0.141571,-0.540749],[-0.504468,-0.606198,-0.614846],[-0.240757,0.782612,-0.574068]]],1],[412,[-0.357782,-0.922445,0.145215],41,64.8931,[-33.4655,137.72,-14.651],[-27.6661,133.93,-17.9995],[96.5387,-40.9818,-67.0365],false,[14.2723,126.366,51.9463],[9.08756,175.268,5.60888],[-18.7442,170.671,-31.5839],[-28.5973,145.267,-27.5847],[-26.8233,131.906,-15.3558],[[[0.765289,-0.398132,-0.50579],[0.639096,0.563642,0.52332],[0.0767337,-0.723739,0.685794]],[[0.762936,-0.378426,-0.52414],[0.249897,0.920378,-0.300759],[0.596221,0.0984784,0.796757]],[[0.762936,-0.378426,-0.52414],[-0.538443,0.076738,-0.839161],[0.357782,0.922445,-0.145215]],[[0.762936,-0.378426,-0.52414],[-0.639083,-0.563744,-0.523226],[-0.0974781,0.734157,-0.671947]]],2],[413,[-0.37633,-0.854743,0.357477],41,62.3964,[-15.86,121.365,-7.11061],[-9.02368,122.606,-10.3794],[129.375,9.57369,-63.167],false,[23.829,122.719,45.8695],[26.9609,163.238,0.829735],[-0.320063,154.628,-31.6348],[-10.4163,131.697,-22.0443],[-8.69316,120.923,-7.6094],[[[0.71787,-0.541646,-0.437358],[0.69426,0.510398,0.507441],[-0.0516269,-0.667917,0.742443]],[[0.719417,-0.512718,-0.468572],[0.291442,0.835182,-0.466405],[0.630476,0.198979,0.750271]],[[0.719417,-0.512718,-0.468572],[-0.583793,-0.0808377,-0.807868],[0.37633,0.854743,-0.357477]],[[0.719417,-0.512718,-0.468572],[-0.688019,-0.618532,-0.379537],[-0.0952316,0.595431,-0.797742]]],3],[414,[-0.57861,-0.658362,0.481425],41,48.9176,[-0.105328,121.874,-7.91216],[5.99321,124.108,-9.14959],[133.482,63.2776,-36.6454],false,[29.7948,113.441,37.6054],[40.5139,148.605,-4.84563],[17.7392,143.262,-29.8539],[6.77922,130.791,-20.7348],[5.57372,123.003,-6.01928],[[[0.582424,-0.692147,-0.42628],[0.790157,0.358912,0.496825],[-0.190879,-0.626191,0.755943]],[[0.561128,-0.749701,-0.350833],[0.492763,0.643119,-0.586159],[0.665072,0.156033,0.730297]],[[0.561128,-0.749701,-0.350833],[-0.5919,-0.0671454,-0.80321],[0.57861,0.658362,-0.481425]],[[0.561128,-0.749701,-0.350833],[-0.824573,-0.469315,-0.315948],[0.0722155,0.466575,-0.881529]]],4]],[[0,200,0],[235.247,235.247,147.751]]],[160560,81401590719,[[41,"right",[0.0173139,0.803568,-0.594962],[-0.505528,-0.506354,-0.698604],[8.72796,153.055,16.2672],[-12.0633,50.5297,29.1157],[4.43214,147.406,14.3313],1,1,0.518467,[[0.785586,-0.239104,-0.570687],[0.412663,0.889702,0.195292],[0.461047,-0.38892,0.797607]],61.7398,[136.923,9.0746,256.047],[16.3094,110.82,47.3852]]],[[410,[-0.0934908,0.241829,-0.965804],41,50.4967,[-32.6,139.982,-27.5019],[-32.2786,139.605,-28.7754],[84.939,-64.9078,-59.366],false,[-12.8659,111.499,53.0261],[-12.8659,111.499,53.0261],[-37.3468,134.603,18.296],[-40.4354,142.592,-13.6103],[-28.9038,138.233,-32.643],[[[0.802659,0.483803,0.348817],[-0.474922,0.164637,0.86449],[0.360815,-0.859552,0.361916]],[[0.557145,0.816654,0.150551],[-0.658327,0.323864,0.679498],[0.506156,-0.477691,0.718065]],[[0.557145,0.816654,0.150551],[-0.825135,0.524018,0.211084],[0.0934908,-0.241829,0.965804]],[[0.557145,0.816654,0.150551],[-0.656496,0.544182,-0.522379],[-0.50853,0.192205,0.839318]]],0],[411,[-0.126287,-0.991644,0.0263445],41,56.9799,[-36.7659,145.675,-10.7665],[-33.5687,140.123,-13.2815],[58.5779,-65.8031,-56.3975],false,[3.63243,126.978,56.9871],[-10.7202,181.17,12.9582],[-33.4694,174.008,-21.1595],[-36.4269,150.785,-20.5425],[-32.2937,137.823,-11.111],[[[0.853297,-0.173503,-0.491712],[0.480982,0.626054,0.61377],[0.201347,-0.760233,0.617662]],[[0.837429,-0.120808,-0.533027],[0.00730882,0.977653,-0.210098],[0.546497,0.172046,0.819598]],[[0.837429,-0.120808,-0.533027],[-0.531755,0.0452525,-0.845688],[0.126287,0.991644,-0.0263445]],[[0.837429,-0.120808,-0.533027],[-0.486184,-0.610186,-0.625539],[-0.249675,0.782994,-0.569722]]],1],[412,[-0.341956,-0.930309,0.132634],41,64.9241,[-32.9211,137.497,-14.9693],[-26.9623,133.86,-18.5295],[91.5548,-32.9358,-65.2777],false,[14.3817,126.397,51.8436],[8.74784,175.64,5.87471],[-18.6006,170.875,-31.6817],[-28.0224,145.243,-28.0273],[-26.1281,131.796,-15.8975],[[[0.778073,-0.378786,-0.501123],[0.622621,0.570865,0.535216],[0.0833413,-0.728446,0.680015]],[[0.775555,-0.359095,-0.519196],[0.235799,0.927708,-0.289408],[0.585588,0.102026,0.804163]],[[0.775555,-0.359095,-0.519196],[-0.530641,0.0746777,-0.8443],[0.341956,0.930309,-0.132634]],[[0.775555,-0.359095,-0.519196],[-0.622648,-0.570672,-0.53539],[-0.104035,0.738501,-0.666177]]],2],[413,[-0.362459,-0.864896,0.347245],41,62.4262,[-15.3417,121.509,-7.39187],[-8.19468,122.746,-10.7625],[120.655,9.28842,-55.8479],false,[24.0748,122.987,45.8342],[26.9065,163.992,1.17697],[0.0924864,155.06,-31.6154],[-9.63631,131.845,-22.295],[-7.85067,120.973,-7.93019],[[[0.732692,-0.523803,-0.434502],[0.678959,0.518832,0.51945],[-0.0466561,-0.675606,0.735785]],[[0.734015,-0.494502,-0.465499],[0.27853,0.844331,-0.45774],[0.619389,0.206333,0.757486]],[[0.734015,-0.494502,-0.465499],[-0.574321,-0.0861586,-0.814083],[0.362459,0.864896,-0.347245]],[[0.734015,-0.494502,-0.465499],[-0.671932,-0.628347,-0.39203],[-0.0986358,0.60054,-0.793488]]],3],[414,[-0.570318,-0.674375,0.468994],41,48.941,[1.12232,122.48,-8.225],[6.78608,124.552,-9.3887],[122.438,59.1673,-33.939],false,[30.3072,113.897,37.5471],[40.8031,149.667,-4.48724],[18.3746,144.117,-29.784],[7.56648,131.337,-20.8962],[6.36163,1