{"metadata":{"formatVersion":2,"generatedBy":"LeapJS Playback 0.2.1","frames":85,"protocolVersion":6,"serviceVersion":"2.2.5+26752","frameRate":"1.1e+2","modified":"Wed Apr 22 2015 20:07:37 GMT-0300 (E. South America Standard Time)"},"frames":[["id","timestamp",{"hands":[["id","type","direction","palmNormal","palmPosition","palmVelocity","stabilizedPalmPosition","pinchStrength","grabStrength","confidence","armBasis","armWidth","elbow","wrist"]]},{"pointables":[["id","direction","handId","length","stabilizedTipPosition","tipPosition","tipVelocity","tool","carpPosition","mcpPosition","pipPosition","dipPosition","btipPosition","bases","type"]]},{"interactionBox":["center","size"]}],[151547,81322077076,[[40,"right",[-0.115969,0.828103,-0.548449],[-0.558368,-0.511017,-0.653518],[8.45842,175.29,13.3404],[-19.6118,-6.28963,13.2849],[5.23719,167.696,9.22564],1,1,0.689018,[[0.801201,-0.202102,-0.563233],[0.449406,0.824706,0.343356],[0.395109,-0.528218,0.751582]],63.0052,[128.71,-9.4992,242.135],[23.227,131.52,41.4842]]],[[400,[-0.227827,0.255713,-0.939524],40,51.5317,[-33.9506,156.332,-19.0378],[-34.253,156.172,-19.1109],[-30.0011,-14.0475,12.7346],false,[-5.49848,129.757,51.0655],[-5.49848,129.757,51.0655],[-39.6471,153.116,24.1508],[-47.3278,161.737,-7.52349],[-30.9947,154.167,-22.0642],[[[0.807339,0.525926,0.267594],[-0.366127,0.0908184,0.926123],[0.462769,-0.845668,0.265877]],[[0.498809,0.859324,0.112928],[-0.522033,0.19387,0.8306],[0.691861,-0.473263,0.545299]],[[0.498809,0.859324,0.112928],[-0.836232,0.442915,0.323329],[0.227827,-0.255713,0.939524]],[[0.498809,0.859324,0.112928],[-0.503013,0.393132,-0.769692],[-0.70581,0.327125,0.628349]]],0],[401,[-0.104959,-0.989915,-0.0951413],40,58.1478,[-39.2908,176.501,-10.4847],[-38.3574,171.057,-13.7681],[-17.7158,-25.2604,7.52931],false,[10.621,146.561,53.7377],[-13.5508,202.557,14.0915],[-41.2823,204.09,-18.052],[-43.7907,180.432,-20.3259],[-36.7812,167.596,-11.8696],[[[0.790314,-0.0881369,-0.606329],[0.514772,0.632201,0.579078],[0.332283,-0.769775,0.545008]],[[0.756633,-0.0174056,-0.653608],[0.0367522,0.999197,0.0159366],[0.652806,-0.0360797,0.756666]],[[0.756633,-0.0174056,-0.653608],[-0.64536,0.140589,-0.750829],[0.104959,0.989915,0.0951413]],[[0.756633,-0.0174056,-0.653608],[-0.505325,-0.649922,-0.567669],[-0.414913,0.759802,-0.500548]]],1],[402,[-0.320703,-0.944288,0.0739634],40,66.2548,[-33.5529,167.922,-18.1889],[-29.8631,164.925,-21.402],[-16.9514,-18.2045,2.11941],false,[20.8126,147.012,47.0922],[5.51758,198.721,4.06717],[-24.6409,201.479,-32.7338],[-33.6582,174.928,-30.6541],[-29.0196,161.437,-18.7489],[[[0.728528,-0.297801,-0.616897],[0.648144,0.591145,0.480059],[0.221714,-0.749575,0.623683]],[[0.727894,-0.295669,-0.618668],[0.2641,0.953537,-0.144979],[0.632788,-0.0578607,0.77216]],[[0.727894,-0.295669,-0.618668],[-0.606069,0.144571,-0.782163],[0.320703,0.944288,-0.0739634]],[[0.727894,-0.295669,-0.618668],[-0.638631,-0.620813,-0.454688],[-0.24964,0.726066,-0.64071]]],2],[403,[-0.231302,-0.890298,0.392262],40,63.7057,[-11.9501,135.306,-7.32419],[-12.4295,135.2,-7.99257],[2.00079,-16.1637,5.56375],false,[30.0159,144.546,39.5568],[24.0085,188.459,-3.70724],[-7.54326,169.252,-27.9411],[-13.8789,144.865,-17.1966],[-11.2987,131.974,-4.21755],[[[0.702267,-0.448571,-0.552815],[0.705275,0.544162,0.454395],[0.0969923,-0.708994,0.698513]],[[0.699881,-0.432334,-0.568555],[-0.0100382,0.789973,-0.61306],[0.714189,0.434776,0.548547]],[[0.699881,-0.432334,-0.568555],[-0.675771,-0.143029,-0.723102],[0.231302,0.890298,-0.392262]],[[0.699881,-0.432334,-0.568555],[-0.700472,-0.571104,-0.427995],[-0.139667,0.697802,-0.702542]]],3],[404,[-0.367292,-0.813751,0.450451],40,49.9441,[3.79368,139.403,-11.3384],[3.09877,139.426,-11.8343],[1.73356,-8.6555,11.2025],false,[35.8099,136.146,29.8662],[38.252,175.197,-12.0426],[10.0975,163.875,-29.4068],[2.99431,148.137,-20.6953],[3.6337,136.525,-8.23657],[[[0.582523,-0.611318,-0.535683],[0.811697,0.402978,0.422796],[-0.0425939,-0.681101,0.730949]],[[0.58388,-0.578711,-0.569367],[0.103036,0.748481,-0.655103],[0.805275,0.323836,0.496651]],[[0.58388,-0.578711,-0.569367],[-0.724004,-0.0538854,-0.687688],[0.367292,0.813751,-0.450451]],[[0.58388,-0.578711,-0.569367],[-0.810973,-0.448176,-0.376113],[-0.0375153,0.681346,-0.731]]],4]],[[0,200,0],[235.247,235.247,147.751]]],[151548,81322085496,[[40,"right",[-0.110305,0.82692,-0.551394],[-0.570403,-0.50699,-0.646221],[8.28195,174.989,13.314],[-19.9611,-13.927,9.02444],[5.28573,167.812,9.29082],1,1,0.691461,[[0.793978,-0.215577,-0.568441],[0.461146,0.822852,0.332052],[0.39616,-0.525777,0.752739]],63.0052,[128.506,-9.19872,242.499],[22.7428,131.168,41.539]]],[[400,[-0.233466,0.254566,-0.938451],40,51.5317,[-34.2476,156.271,-18.8871],[-34.9772,156.262,-18.6563],[-44.4335,-6.97235,23.4269],false,[-5.91832,129.813,51.3759],[-5.91832,129.813,51.3759],[-40.0055,153.476,24.6497],[-47.8763,162.058,-6.98845],[-31.7672,154.215,-21.634],[[[0.816181,0.516948,0.258097],[-0.356901,0.0997703,0.928799],[0.45439,-0.850183,0.26593]],[[0.510545,0.853477,0.104504],[-0.512244,0.20428,0.834192],[0.690615,-0.479424,0.541483]],[[0.510545,0.853477,0.104504],[-0.827549,0.454724,0.329225],[0.233466,-0.254566,0.938451]],[[0.510545,0.853477,0.104504],[-0.504731,0.395863,-0.767163],[-0.696125,0.338925,0.632882]]],0],[401,[-0.118258,-0.988946,-0.0894504],40,58.1478,[-39.2572,176.047,-10.7139],[-38.8184,171.209,-13.3704],[-27.5335,-13.9184,17.9154],false,[10.4337,146.424,53.8284],[-13.3753,202.535,14.124],[-41.3621,204.26,-17.7876],[-44.1884,180.625,-19.9254],[-37.27,167.74,-11.4691],[[[0.78385,-0.100941,-0.612691],[0.52769,0.628364,0.571579],[0.327297,-0.771343,0.545808]],[[0.750681,-0.0300712,-0.65998],[0.0493897,0.998723,0.0106717],[0.658816,-0.0406073,0.751207]],[[0.750681,-0.0300712,-0.65998],[-0.649995,0.145197,-0.745939],[0.118258,0.988946,0.0894504]],[[0.750681,-0.0300712,-0.65998],[-0.51843,-0.646033,-0.560242],[-0.409522,0.762717,-0.500555]]],1],[402,[-0.332293,-0.939677,0.0811725],40,66.2548,[-33.3386,167.668,-18.4113],[-30.4802,164.931,-21.0542],[-31.7646,-13.0924,12.3343],false,[20.5721,146.716,47.0932],[5.55557,198.412,3.95416],[-24.8769,201.367,-32.6051],[-34.2201,174.946,-30.3227],[-29.6616,161.448,-18.3942],[[[0.719342,-0.309856,-0.621721],[0.65967,0.585165,0.471612],[0.217677,-0.74938,0.625337]],[[0.718808,-0.308026,-0.623245],[0.274927,0.949355,-0.152118],[0.638537,-0.0620031,0.767089]],[[0.718808,-0.308026,-0.623245],[-0.610652,0.148752,-0.777803],[0.332293,0.939677,-0.0811725]],[[0.718808,-0.308026,-0.623245],[-0.650482,-0.614355,-0.446589],[-0.245332,0.726421,-0.641969]]],2],[403,[-0.239469,-0.88562,0.39791],40,63.7057,[-12.1377,135.196,-7.22764],[-13.2836,135.074,-7.64766],[-25.4299,-15.3769,13.3138],false,[29.678,144.099,39.4907],[23.8478,187.881,-3.93008],[-8.1531,168.994,-27.8244],[-14.7124,144.735,-16.9251],[-12.1841,131.869,-3.91112],[[[0.691745,-0.459981,-0.556692],[0.71598,0.537345,0.445682],[0.0941306,-0.706879,0.701043]],[[0.689409,-0.443681,-0.572592],[-0.00483058,0.787634,-0.616125],[0.724356,0.427528,0.540859]],[[0.689409,-0.443681,-0.572592],[-0.683644,-0.137205,-0.716802],[0.239469,0.88562,-0.39791]],[[0.689409,-0.443681,-0.572592],[-0.711326,-0.564007,-0.419418],[-0.136858,0.696451,-0.704433]]],3],[404,[-0.3736,-0.806766,0.457769],40,49.9441,[3.53105,139.277,-11.2388],[2.25915,139.078,-11.6257],[-24.6503,-17.0025,14.431],false,[35.2815,135.581,29.7909],[37.8505,174.401,-12.3242],[9.40674,163.353,-29.3907],[2.18154,147.75,-20.5377],[2.78329,136.194,-8.02506],[[[0.570117,-0.621123,-0.537748],[0.820341,0.394684,0.413843],[-0.044807,-0.677076,0.734548]],[[0.571586,-0.588904,-0.571386],[0.1069,0.743862,-0.659729],[0.813549,0.31601,0.488135]],[[0.571586,-0.588904,-0.571386],[-0.730557,-0.048184,-0.68115],[0.3736,0.806766,-0.457769]],[[0.571586,-0.588904,-0.571386],[-0.819782,-0.43981,-0.366775],[-0.0353068,0.678056,-0.734162]]],4]],[[0,200,0],[235.247,235.247,147.751]]],[151549,81322094403,[[40,"right",[-0.098844,0.823001,-0.559374],[-0.593978,-0.499799,-0.63039],[8.05201,174.46,13.1608],[-21.5544,-26.3107,1.88734],[5.33862,167.939,9.36481],1,1,0.693011,[[0.777667,-0.241872,-0.580286],[0.484491,0.81878,0.308008],[0.400627,-0.520671,0.753923]],63.0052,[128.841,-8.38765,242.94],[21.8845,130.616,41.664]]],[[400,[-0.24307,0.249541,-0.937361],40,51.5317,[-34.7073,156.265,-18.617],[-36.2089,156.465,-17.8462],[-69.8108,1.68371,42.0644],false,[-6.62913,130.104,51.9971],[-6.62913,130.104,51.9971],[-40.5595,154.312,25.5612],[-48.7541,162.725,-6.04015],[-33.0976,154.303,-20.8542],[[[0.833251,0.499002,0.238096],[-0.338325,0.119579,0.933401],[0.437297,-0.858311,0.268465]],[[0.533604,0.841389,0.0856211],[-0.492641,0.226938,0.840121],[0.687438,-0.490472,0.535598]],[[0.533604,0.841389,0.0856211],[-0.810052,0.479368,0.337673],[0.24307,-0.249541,0.937361]],[[0.533604,0.841389,0.0856211],[-0.507465,0.399521,-0.763454],[-0.676569,0.363932,0.640162]]],0],[401,[-0.144703,-0.98659,-0.0755067],40,58.1478,[-39.2849,175.682,-10.8604],[-39.5802,171.557,-12.6815],[-43.7265,0.62872,34.3004],false,[10.1761,146.322,53.9742],[-12.8869,202.555,14.0033],[-41.3623,204.613,-17.4531],[-44.8206,181.034,-19.2577],[-38.0878,168.075,-10.7649],[[[0.770455,-0.12793,-0.624526],[0.553067,0.621344,0.555021],[0.317041,-0.773024,0.549471]],[[0.738309,-0.0568527,-0.672063],[0.0746624,0.997206,-0.00233613],[0.670318,-0.048453,0.740491]],[[0.738309,-0.0568527,-0.672063],[-0.658758,0.152997,-0.736635],[0.144703,0.98659,0.0755067]],[[0.738309,-0.0568527,-0.672063],[-0.544126,-0.638992,-0.543706],[-0.398531,0.76711,-0.502708]]],1],[402,[-0.355577,-0.929564,0.0973378],40,66.2548,[-33.2213,167.437,-18.5743],[-31.5597,164.992,-20.4556],[-56.5492,-6.89564,27.1229],false,[20.2018,146.277,47.0664],[5.75719,197.834,3.56693],[-25.1886,201.157,-32.5269],[-35.1865,175.02,-29.79],[-30.7937,161.538,-17.7821],[[[0.700556,-0.335229,-0.629954],[0.682186,0.573648,0.453376],[0.209387,-0.747362,0.630561]],[[0.700188,-0.333917,-0.63106],[0.29688,0.940021,-0.167998],[0.649307,-0.0697195,0.757324]],[[0.700188,-0.333917,-0.63106],[-0.619114,0.156236,-0.769603],[0.355577,0.929564,-0.0973378]],[[0.700188,-0.333917,-0.63106],[-0.673682,-0.601679,-0.429109],[-0.236409,0.725591,-0.646242]]],2],[403,[-0.255434,-0.874737,0.411811],40,63.7057,[-12.6435,135.072,-7.0103],[-14.8596,134.877,-6.95953],[-67.3051,-16.6608,29.0212],false,[29.1074,143.342,39.3439],[23.6405,186.751,-4.49647],[-9.23085,168.45,-27.6537],[-16.2275,144.489,-16.3737],[-13.8054,131.71,-3.25423],[[[0.670301,-0.48384,-0.562669],[0.736822,0.524115,0.42708],[0.0882646,-0.700859,0.707818]],[[0.668092,-0.467583,-0.578808],[0.00531638,0.780865,-0.624677],[0.744059,0.414265,0.524176]],[[0.668092,-0.467583,-0.578808],[-0.698861,-0.12728,-0.703842],[0.255434,0.874737,-0.411811]],[[0.668092,-0.467583,-0.578808],[-0.732437,-0.550326,-0.400845],[-0.131105,0.691742,-0.710144]]],3],[404,[-0.385927,-0.791451,0.473989],40,49.9441,[2.96118,139.026,-11.0684],[0.706605,138.425,-11.2214],[-65.3704,-32.1988,22.5263],false,[34.3276,134.572,29.6545],[37.1532,172.823,-12.9621],[8.15236,162.3,-29.4118],[0.688764,146.994,-20.2451],[1.21341,135.577,-7.60146],[[[0.544991,-0.641608,-0.539744],[0.836992,0.378488,0.395211],[-0.0492838,-0.667148,0.743293]],[[0.546688,-0.610064,-0.573545],[0.114407,0.732961,-0.670581],[0.829484,0.300981,0.470496]],[[0.546688,-0.610064,-0.573545],[-0.743097,-0.0377771,-0.668117],[0.385927,0.791451,-0.473989]],[[0.546688,-0.610064,-0.573545],[-0.836771,-0.423216,-0.347424],[-0.0307827,0.669858,-0.741851]]],4]],[[0,200,0],[235.247,235.247,147.751]]],[151550,81322102914,[[40,"right",[-0.0838415,0.815564,-0.572561],[-0.624544,-0.490735,-0.607556],[7.78578,173.766,12.8714],[-24.1009,-40.77,-7.50897],[5.38839,168.058,9.43613],1,1,0.650657,[[0.754683,-0.277862,-0.594345],[0.515944,0.810937,0.276011],[0.405283,-0.51495,0.755362]],63.0052,[128.982,-7.47268,243.549],[20.7827,130.004,41.8888]]],[[400,[-0.2549,0.23993,-0.936728],40,51.5317,[-35.2756,156.296,-18.2445],[-37.7114,156.669,-16.7698],[-95.8567,7.71281,64.2484],false,[-7.49057,130.648,52.8558],[-7.49057,130.648,52.8558],[-41.1637,155.496,26.6855],[-49.7572,163.585,-4.89452],[-34.6692,154.32,-19.7949],[[[0.854701,0.474674,0.21017],[-0.312879,0.147968,0.938196],[0.414239,-0.867635,0.274984]],[[0.563265,0.824249,0.057846],[-0.466152,0.259188,0.845887],[0.682228,-0.503423,0.530217]],[[0.563265,0.824249,0.057846],[-0.785976,0.512881,0.345245],[0.2549,-0.23993,0.936728]],[[0.563265,0.824249,0.057846],[-0.507568,0.400398,-0.762926],[-0.652003,0.400369,0.643893]]],0],[401,[-0.179418,-0.982314,-0.0535505],40,58.1478,[-39.3656,175.419,-10.9247],[-40.4925,172.002,-11.8559],[-60.8787,14.2902,51.0508],false,[9.88959,146.319,54.1542],[-12.1746,202.566,13.6424],[-41.27,205.011,-17.2132],[-45.5579,181.534,-18.493],[-39.075,168.509,-9.90706],[[[0.751376,-0.165363,-0.638818],[0.586034,0.612207,0.530818],[0.303311,-0.773213,0.556906]],[[0.720588,-0.094166,-0.68694],[0.107931,0.993892,-0.0230255],[0.684912,-0.0575501,0.726349]],[[0.720588,-0.094166,-0.68694],[-0.669748,0.161837,-0.724739],[0.179418,0.982314,0.0535505]],[[0.720588,-0.094166,-0.68694],[-0.577491,-0.629831,-0.51944],[-0.383742,0.771003,-0.508228]]],1],[402,[-0.384396,-0.914967,0.122778],40,66.2548,[-33.2149,167.242,-18.6586],[-32.8761,165.038,-19.6807],[-82.5738,-3.30367,44.2267],false,[19.749,145.809,47.0292],[6.05929,197.026,2.88906],[-25.562,200.743,-32.5754],[-36.3703,175.016,-29.1232],[-32.1639,161.614,-16.9594],[[[0.674459,-0.370233,-0.638774],[0.711143,0.558312,0.427274],[0.198444,-0.742438,0.639848]],[[0.674149,-0.369074,-0.639772],[0.324524,0.926123,-0.192303],[0.663482,-0.0779803,0.744118]],[[0.674149,-0.369074,-0.639772],[-0.630685,0.163155,-0.758694],[0.384396,0.914967,-0.122778]],[[0.674149,-0.369074,-0.639772],[-0.703047,-0.586147,-0.402685],[-0.22638,0.72126,-0.654627]]],2],[403,[-0.276004,-0.858132,0.432934],40,63.7057,[-13.4392,134.937,-6.66547],[-16.8845,134.641,-6.00136],[-112.703,-18.8746,48.9289],false,[28.3738,142.433,39.1693],[23.3735,185.197,-5.355],[-10.6091,167.658,-27.4751],[-18.1692,144.153,-15.6165],[-15.8859,131.533,-2.31919],[[[0.64077,-0.516481,-0.568033],[0.763477,0.506482,0.400724],[0.0807322,-0.690451,0.71886]],[[0.638727,-0.500341,-0.58454],[0.0184558,0.769446,-0.638445],[0.769212,0.397004,0.5007]],[[0.638727,-0.500341,-0.58454],[-0.718227,-0.115191,-0.686208],[0.276004,0.858132,-0.432934]],[[0.638727,-0.500341,-0.58454],[-0.759443,-0.53198,-0.374491],[-0.12359,0.683122,-0.71977]]],3],[404,[-0.401504,-0.768884,0.497607],40,49.9441,[2.08713,138.649,-10.8142],[-1.30975,137.565,-10.6387],[-110.239,-50.028,34.1831],false,[33.076,133.316,29.5351],[36.2161,170.667,-13.8508],[6.51396,160.835,-29.4555],[-1.25089,145.966,-19.8321],[-0.823984,134.776,-6.98373],[[[0.510791,-0.669461,-0.539365],[0.857958,0.356982,0.36942],[-0.0547687,-0.65145,0.756713]],[[0.512765,-0.638904,-0.573476],[0.1239,0.716052,-0.686963],[0.849542,0.281196,0.446327]],[[0.512765,-0.638904,-0.573476],[-0.758859,-0.0249022,-0.650779],[0.401504,0.768884,-0.497607]],[[0.512765,-0.638904,-0.573476],[-0.858164,-0.400917,-0.320656],[-0.025048,0.656557,-0.75386]]],4]],[[0,200,0],[235.247,235.247,147.751]]],[151551,81322128880,[[40,"right",[-0.0401296,0.791937,-0.609282],[-0.714468,-0.449023,-0.536577],[6.43385,172.501,11.8933],[-40.9893,-45.554,-25.7227],[5.46364,168.378,9.61298],1,1,0.571192,[[0.675626,-0.384829,-0.628838],[0.610616,0.770064,0.184794],[0.413131,-0.50883,0.755258]],63.0052,[127.187,-6.82725,243.949],[16.8933,129.016,42.317]]],[[400,[-0.287269,0.215166,-0.93337],40,51.5317,[-37.9988,157.111,-16.3094],[-42.2822,158.712,-13.5516],[-137.165,49.0836,99.6252],false,[-10.2906,133.205,55.1058],[-10.2906,133.205,55.1058],[-42.8945,160.244,29.7667],[-52.5793,167.497,-1.70011],[-39.3653,155.721,-16.6071],[[[0.91229,0.389647,0.126105],[-0.226981,0.224752,0.947611],[0.340891,-0.893119,0.293481]],[[0.649458,0.759996,-0.0246891],[-0.37664,0.349726,0.857808],[0.660565,-0.547812,0.513377]],[[0.649458,0.759996,-0.0246891],[-0.704045,0.613278,0.358065],[0.287269,-0.215166,0.93337]],[[0.649458,0.759996,-0.0246891],[-0.502137,0.404269,-0.764477],[-0.571018,0.508893,0.644179]]],0],[401,[-0.283757,-0.958817,0.0123395],40,58.1478,[-40.1234,175.211,-10.6491],[-43.4372,174.746,-9.40399],[-93.8103,69.8383,77.9873],false,[8.66893,146.965,54.3775],[-10.324,203.281,12.4301],[-41.1698,207.365,-16.4913],[-47.9514,184.45,-16.1964],[-42.2519,171.222,-7.36745],[[[0.681862,-0.274938,-0.677844],[0.683297,0.570169,0.456083],[0.261091,-0.774155,0.576641]],[[0.655246,-0.20328,-0.727551],[0.208341,0.97439,-0.084612],[0.726118,-0.0961366,0.680816]],[[0.655246,-0.20328,-0.727551],[-0.700096,0.198362,-0.685943],[0.283757,0.958817,-0.0123395]],[[0.655246,-0.20328,-0.727551],[-0.675896,-0.587889,-0.444467],[-0.337368,0.782984,-0.522608]]],1],[402,[-0.467178,-0.861579,0.198559],40,66.2548,[-34.1974,167.035,-18.3568],[-37.1632,166.657,-17.3253],[-132.96,37.2549,73.2651],false,[17.8795,145.065,46.6452],[6.40904,195.316,0.795236],[-27.1333,200.725,-32.6278],[-40.2692,176.5,-27.0448],[-36.5973,163.324,-14.4673],[[[0.584325,-0.470146,-0.661459],[0.794303,0.498345,0.347469],[0.166273,-0.728434,0.664634]],[[0.584143,-0.469349,-0.662185],[0.4043,0.875689,-0.264027],[0.703789,-0.113492,0.701285]],[[0.584143,-0.469349,-0.662185],[-0.663718,0.193371,-0.722555],[0.467178,0.861579,-0.198559]],[[0.584143,-0.469349,-0.662185],[-0.787227,-0.526259,-0.321442],[-0.197612,0.709058,-0.676895]]],2],[403,[-0.331624,-0.802322,0.49629],40,63.7057,[-18.7796,135.082,-4.36079],[-23.4491,135.406,-3.11626],[-197.322,10.1971,85.1454],false,[25.5148,140.416,38.4199],[21.7597,181.323,-7.93493],[-15.3714,166.53,-26.7548],[-24.455,144.554,-13.1608],[-22.5339,132.4,0.619555],[[[0.540873,-0.608437,-0.580742],[0.838917,0.440007,0.320333],[0.0606277,-0.660453,0.748416]],[[0.53931,-0.592851,-0.598057],[0.0523016,0.732401,-0.678862],[0.840482,0.334838,0.425998]],[[0.53931,-0.592851,-0.598057],[-0.774061,-0.0693242,-0.629304],[0.331624,0.802322,-0.49629]],[[0.53931,-0.592851,-0.598057],[-0.835662,-0.464471,-0.293148],[-0.103987,0.657871,-0.745917]]],3],[404,[-0.442416,-0.696537,0.564893],40,49.9441,[-4.00955,137.128,-9.21665],[-8.04073,136.427,-8.9252],[-200.005,-46.045,52.487],false,[28.5352,130.404,29.0036],[32.3764,165.114,-16.4683],[0.765798,157.81,-29.4991],[-7.79025,144.34,-18.5744],[-7.60058,133.797,-5.18461],[[[0.398156,-0.74507,-0.535109],[0.914868,0.279926,0.290961],[-0.066995,-0.605402,0.793095]],[[0.400769,-0.717053,-0.57028],[0.148116,0.664976,-0.732031],[0.904127,0.208908,0.372709]],[[0.400769,-0.717053,-0.57028],[-0.80228,0.0259087,-0.596386],[0.442416,0.696537,-0.564894]],[[0.400769,-0.717053,-0.57028],[-0.916111,-0.321202,-0.239935],[-0.0111288,0.618599,-0.785628]]],4]],[[0,200,0],[235.247,235.247,147.751]]],[151552,81322137629,[[40,"right",[-0.0185727,0.781474,-0.623661],[-0.753513,-0.420933,-0.505008],[6.05659,171.68,11.5982],[-41.5606,-58.5053,-27.8688],[5.47953,168.466,9.66618],1,1,0.573776,[[0.634558,-0.432921,-0.640246],[0.649179,0.748092,0.137567],[0.419407,-0.502929,0.755751]],63.0052,[127.19,-5.98703,244.322],[15.2202,128.281,42.5581]]],[[400,[-0.303082,0.210458,-0.929435],40,51.5317,[-38.8865,157.475,-15.6322],[-44.0026,159.896,-12.0365],[-151.096,71.5584,118.638],false,[-11.2881,134.124,56.0944],[-11.2881,134.124,56.0944],[-43.2093,162.341,31.1742],[-53.4271,169.436,-0.159901],[-41.2611,156.652,-15.1293],[[[0.934782,0.343658,0.0898982],[-0.184657,0.253919,0.949435],[0.303454,-0.904115,0.300818]],[[0.687012,0.724161,-0.0600535],[-0.33129,0.385704,0.861092],[0.646732,-0.571685,0.504891]],[[0.687012,0.724161,-0.0600535],[-0.660421,0.656734,0.364067],[0.303082,-0.210458,0.929435]],[[0.687012,0.724161,-0.0600535],[-0.501615,0.412838,-0.760229],[-0.525735,0.55241,0.646874]]],0],[401,[-0.332434,-0.942254,0.0405448],40,58.1478,[-40.4076,175.24,-10.4856],[-44.2885,176.13,-8.18663],[-95.4851,93.7814,94.7943],false,[8.32464,146.857,54.5013],[-9.06143,203.299,12.0299],[-40.5634,208.449,-16.0002],[-48.5083,185.93,-15.0313],[-43.2224,172.588,-6.11694],[[[0.644723,-0.322808,-0.692913],[0.726093,0.542026,0.423081],[0.239002,-0.775889,0.583845]],[[0.620282,-0.25082,-0.743195],[0.255604,0.960412,-0.110797],[0.741564,-0.121238,0.659837]],[[0.620282,-0.25082,-0.743195],[-0.710449,0.221915,-0.667845],[0.332434,0.942254,-0.0405448]],[[0.620282,-0.25082,-0.743195],[-0.719272,-0.559836,-0.411377],[-0.312886,0.78973,-0.527664]]],1],[402,[-0.504452,-0.832096,0.23053],40,66.2548,[-34.628,167.058,-18.1581],[-38.6968,167.577,-16.1292],[-144.682,55.9078,90.8052],false,[17.1727,144.334,46.5278],[6.85697,194.254,0.0464916],[-27.4117,200.78,-32.4268],[-41.5956,177.384,-25.9449],[-38.2087,164.274,-13.2199],[[[0.537794,-0.512306,-0.669567],[0.829709,0.462482,0.312561],[0.149536,-0.723639,0.673785]],[[0.537653,-0.511626,-0.6702],[0.440372,0.848227,-0.294251],[0.719028,-0.136932,0.681358]],[[0.537653,-0.511626,-0.6702],[-0.675616,0.214138,-0.70547],[0.504452,0.832096,-0.23053]],[[0.537653,-0.511626,-0.6702],[-0.823228,-0.490362,-0.286078],[-0.182275,0.705538,-0.684829]]],2],[403,[-0.356611,-0.77451,0.522458],40,63.7057,[-20.5437,135.241,-3.54636],[-26.1647,135.926,-1.72287],[-227.502,23.043,104.55],false,[24.2908,139.14,38.166],[21.1767,179.317,-8.86935],[-17.2521,166.142,-26.2299],[-27.0201,144.927,-11.9191],[-25.289,132.949,2.03862],[[[0.48985,-0.646608,-0.58476],[0.870355,0.401394,0.285244],[0.0502783,-0.648676,0.759402]],[[0.488541,-0.631268,-0.602352],[0.0684323,0.715937,-0.694803],[0.869853,0.298219,0.392964]],[[0.488541,-0.631268,-0.602352],[-0.796339,-0.0404367,-0.603497],[0.356611,0.77451,-0.522458]],[[0.488541,-0.631268,-0.602352],[-0.867495,-0.42554,-0.257619],[-0.0936989,0.648395,-0.755516]]],3],[404,[-0.459806,-0.661605,0.592331],40,49.9441,[-6.00906,136.729,-8.65284],[-10.92,136.036,-8.02315],[-234.518,-45.7196,65.4883],false,[26.4869,128.81,28.8654],[30.6628,162.419,-17.3972],[-1.68152,156.543,-29.3009],[-10.5739,143.748,-17.8455],[-10.5045,133.464,-4.25486],[[[0.341791,-0.774713,-0.531976],[0.93695,0.23704,0.256783],[-0.0728337,-0.5862,0.806886]],[[0.344708,-0.747699,-0.567558],[0.159186,0.642419,-0.749638],[0.925114,0.168059,0.340471]],[[0.344708,-0.747699,-0.567558],[-0.818385,0.0567854,-0.571857],[0.459806,0.661605,-0.592331]],[[0.344708,-0.747699,-0.567558],[-0.938701,-0.277185,-0.204961],[-0.00406981,0.603419,-0.797414]]],4]],[[0,200,0],[235.247,235.247,147.751]]],[151553,81322146191,[[40,"right",[0.0209221,0.753849,-0.656715],[-0.814391,-0.368171,-0.448573],[5.7384,169.611,10.9638],[-40.4034,-106.696,-40.0343],[5.48767,168.502,9.707],1,1,0.576703,[[0.554119,-0.51532,-0.653757],[0.707729,0.705108,0.0440681],[0.43826,-0.487102,0.755421]],63.0052,[129.474,-3.2112,245.051],[12.4711,126.831,43.3755]]],[[400,[-0.329198,0.198969,-0.92306],40,51.5317,[-39.9637,158.027,-14.7143],[-46.3006,161.586,-9.64456],[-180.976,104.893,160.968],false,[-12.6439,135.689,57.8957],[-12.6439,135.689,57.8957],[-43.0708,165.758,33.2743],[-54.1691,172.466,2.1551],[-43.9821,157.952,-12.713],[[[0.965862,0.257415,0.0291259],[-0.11069,0.308426,0.944786],[0.234219,-0.915757,0.32639]],[[0.746925,0.65293,-0.12564],[-0.249163,0.450045,0.857542],[0.616458,-0.609214,0.498836]],[[0.746925,0.65293,-0.12564],[-0.577695,0.730817,0.363559],[0.329198,-0.198969,0.92306]],[[0.746925,0.65293,-0.12564],[-0.49831,0.424588,-0.755918],[-0.440216,0.627222,0.642497]]],0],[401,[-0.415218,-0.90431,0.0990838],40,58.1478,[-40.722,175.391,-10.2212],[-44.9511,177.971,-6.55194],[-91.9748,126.314,120.956],false,[7.94783,146.443,54.7855],[-6.36141,202.505,10.6944],[-38.6762,209.456,-15.9896],[-48.5996,187.843,-13.6215],[-44.1086,174.434,-4.37852],[[[0.575219,-0.409909,-0.707882],[0.793996,0.487891,0.362674],[0.196706,-0.770673,0.606111]],[[0.554934,-0.338083,-0.760097],[0.336728,0.926785,-0.166384],[0.760698,-0.163614,0.628147]],[[0.554934,-0.338083,-0.760097],[-0.720862,0.260621,-0.642211],[0.415218,0.90431,-0.0990838]],[[0.554934,-0.338083,-0.760097],[-0.788276,-0.505678,-0.350587],[-0.265837,0.793719,-0.54712]]],1],[402,[-0.565911,-0.770808,0.292575],40,66.2548,[-35.216,167.179,-17.7991],[-40.5935,168.604,-14.3467],[-165.394,73.5875,122.788],false,[16.0978,142.776,46.517],[8.00949,191.523,-1.62129],[-27.1665,199.9,-32.6684],[-43.0785,178.227,-24.442],[-40.2497,165.391,-11.3078],[[[0.452665,-0.587389,-0.670872],[0.883939,0.394529,0.250996],[0.117246,-0.706627,0.697805]],[[0.452611,-0.587061,-0.671195],[0.500401,0.790232,-0.35374],[0.738067,-0.17576,0.651434]],[[0.452611,-0.587061,-0.671195],[-0.689122,0.247414,-0.6811],[0.565911,0.770808,-0.292575]],[[0.452611,-0.587061,-0.671195],[-0.878616,-0.422113,-0.223281],[-0.15224,0.690782,-0.706854]]],2],[403,[-0.398451,-0.715725,0.573564],40,63.7057,[-23.1177,135.535,-2.17644],[-30.276,136.539,0.847923],[-293.91,35.2965,155.389],false,[22.2612,136.6,38.0652],[20.4083,174.955,-10.5328],[-19.9235,164.769,-25.4097],[-30.8376,145.164,-9.69912],[-29.4844,133.652,4.68619],[[[0.397053,-0.713031,-0.577871],[0.917308,0.328828,0.224541],[0.0299157,-0.619241,0.784631]],[[0.396242,-0.698307,-0.59612],[0.0977129,0.677651,-0.728863],[0.912932,0.230558,0.336747]],[[0.396242,-0.698307,-0.59612],[-0.827182,0.0102545,-0.561841],[0.398451,0.715725,-0.573564]],[[0.396242,-0.698307,-0.59612],[-0.91522,-0.3522,-0.195774],[-0.0732436,0.623155,-0.778661]]],3],[404,[-0.487395,-0.590501,0.643238],40,49.9441,[-9.15778,136.044,-7.57562],[-15.4374,134.968,-6.17847],[-311.519,-66.4122,104.05],false,[23.0086,125.741,29.1459],[27.8405,156.907,-18.7356],[-5.48037,153.638,-28.806],[-14.9063,142.218,-16.3661],[-15.0717,132.538,-2.33921],[[[0.240787,-0.824374,-0.512279],[0.966912,0.157913,0.200359],[-0.0842754,-0.543573,0.835121]],[[0.244287,-0.799457,-0.548811],[0.178962,0.593405,-0.784757],[0.953046,0.0934897,0.288034]],[[0.244287,-0.799457,-0.548811],[-0.838314,0.110353,-0.533903],[0.487395,0.590501,-0.643238]],[[0.244287,-0.799457,-0.548811],[-0.969654,-0.195723,-0.146502],[0.00970722,0.567945,-0.823009]]],4]],[[0,200,0],[235.247,235.247,147.751]]],[151554,81322155006,[[40,"right",[0.0420897,0.731276,-0.680781],[-0.850974,-0.330795,-0.407943],[5.47046,168.485,10.6045],[-37.7035,-112.387,-40.2308],[5.48701,168.502,9.74156],1,1,0.578626,[[0.49522,-0.566827,-0.65838],[0.740793,0.671411,-0.0208362],[0.453854,-0.477405,0.752397]],63.0052,[131.97,-1.09734,244.98],[10.804,126.356,44.1114]]],[[400,[-0.349798,0.190769,-0.917196],40,51.5317,[-41.1073,158.727,-13.65],[-47.6537,163.027,-7.89694],[-173.18,121.094,171.001],false,[-13.1829,137.163,59.2075],[-13.1829,137.163,59.2075],[-42.6176,168.298,34.7044],[-54.4104,174.73,3.78289],[-45.651,159.164,-10.9307],[[[0.98001,0.198539,-0.0127755],[-0.057183,0.342603,0.937739],[0.190555,-0.918262,0.347107]],[[0.7799,0.601727,-0.172283],[-0.190045,0.489915,0.850803],[0.596355,-0.6308,0.49644]],[[0.7799,0.601727,-0.172283],[-0.519035,0.775585,0.359264],[0.349798,-0.190769,0.917196]],[[0.7799,0.601727,-0.172283],[-0.498475,0.430663,-0.752364],[-0.378522,0.672647,0.63582]]],0],[401,[-0.464946,-0.873821,0.142346],40,58.1478,[-41.0517,175.64,-9.87988],[-45.2381,179.399,-5.39145],[-76.6747,136.475,124.468],false,[7.89011,146.539,55.04],[-4.63123,202.035,9.70656],[-37.4287,210.149,-16.0439],[-48.5406,189.265,-12.6419],[-44.5299,175.887,-3.13739],[[[0.523153,-0.465247,-0.714042],[0.834675,0.44893,0.319028],[0.172128,-0.762894,0.623189]],[[0.505334,-0.393948,-0.767752],[0.385436,0.89907,-0.207635],[0.77206,-0.190994,0.606172]],[[0.505334,-0.393948,-0.767752],[-0.726954,0.285031,-0.624736],[0.464946,0.873821,-0.142346]],[[0.505334,-0.393948,-0.767752],[-0.829625,-0.466567,-0.306655],[-0.237402,0.791909,-0.562601]]],1],[402,[-0.600055,-0.725577,0.336856],40,66.2548,[-35.8961,167.391,-17.3206],[-41.7431,169.554,-13.025],[-156.25,83.4008,130.785],false,[15.4957,142.136,46.614],[8.59145,189.832,-2.74535],[-27.1363,199.404,-32.8014],[-44.0083,179.002,-23.3299],[-41.4774,166.418,-9.89491],[[[0.39159,-0.633708,-0.667136],[0.914681,0.346953,0.207323],[0.100083,-0.691402,0.715504]],[[0.391576,-0.633608,-0.66724],[0.533578,0.747134,-0.39634],[0.749642,-0.200828,0.630639]],[[0.391576,-0.633608,-0.66724],[-0.697569,0.268477,-0.664318],[0.600055,0.725577,-0.336856]],[[0.391576,-0.633608,-0.66724],[-0.910009,-0.374007,-0.178892],[-0.136206,0.677244,-0.723041]]],2],[403,[-0.419494,-0.672676,0.609534],40,63.7057,[-25.9445,136.032,-0.492044],[-32.8012,137.396,2.80991],[-292.062,51.9037,172.629],false,[20.9622,135.345,38.154],[19.636,172.278,-11.5498],[-21.7521,164.158,-24.6957],[-33.2426,145.732,-7.99985],[-32.0523,134.591,6.68907],[[[0.331976,-0.752886,-0.568291],[0.943045,0.278574,0.181832],[0.021412,-0.596287,0.802485]],[[0.331378,-0.738611,-0.587062],[0.111881,0.648591,-0.75287],[0.936841,0.183804,0.297565]],[[0.331378,-0.738611,-0.587062],[-0.845111,0.044283,-0.532753],[0.419494,0.672676,-0.609534]],[[0.331378,-0.738611,-0.587062],[-0.941296,-0.3013,-0.152252],[-0.0644268,0.603052,-0.795096]]],3],[404,[-0.497902,-0.539966,0.678624],40,49.9441,[-12.679,135.43,-6.17054],[-18.3492,134.713,-4.66389],[-316.405,-56.2208,121.699],false,[20.7273,124.2,29.5654],[25.6634,153.573,-19.426],[-8.13871,152.058,-28.2296],[-17.7678,141.615,-15.1055],[-17.9906,132.391,-0.775661],[[[0.171811,-0.85245,-0.493772],[0.981361,0.104299,0.161407],[-0.0860916,-0.5123,0.854481]],[[0.175437,-0.82905,-0.53094],[0.18575,0.557492,-0.809135],[0.966809,0.04333,0.251801]],[[0.175437,-0.82905,-0.53094],[-0.849303,0.145301,-0.507516],[0.497902,0.539966,-0.678624]],[[0.175437,-0.82905,-0.53094],[-0.984404,-0.140564,-0.105786],[0.013071,0.541218,-0.840781]]],4]],[[0,200,0],[235.247,235.247,147.751]]],[151555,81322163529,[[40,"right",[0.0560741,0.71233,-0.699601],[-0.8768,-0.300032,-0.375768],[5.36979,167.703,10.2273],[-30.9162,-106.979,-41.2866],[5.48209,168.468,9.76195],1,1,0.581081,[[0.449236,-0.605954,-0.656511],[0.764212,0.641269,-0.0689517],[0.462781,-0.470738,0.751159]],63.0052,[133.27,0.494396,245.144],[9.72063,126.168,44.6063]]],[[400,[-0.366664,0.185019,-0.911771],40,51.5317,[-42.1437,159.474,-12.6114],[-48.4461,164.29,-6.63893],[-151.885,128.467,164.756],false,[-13.2943,138.439,60.0921],[-13.2943,138.439,60.0921],[-41.9476,170.338,35.6459],[-54.309,176.575,4.90727],[-46.699,160.264,-9.63744],[[[0.98735,0.152042,-0.0449734],[-0.0141151,0.366808,0.930189],[0.157925,-0.917788,0.364314]],[[0.801669,0.560144,-0.208721],[-0.142539,0.518223,0.843284],[0.580525,-0.646284,0.495286]],[[0.801669,0.560144,-0.208721],[-0.472106,0.807469,0.353709],[0.366664,-0.185019,0.911771]],[[0.801669,0.560144,-0.208721],[-0.499181,0.43523,-0.749262],[-0.328853,0.70485,0.628524]]],0],[401,[-0.500499,-0.847476,0.176875],40,58.1478,[-41.3518,175.949,-9.51551],[-45.2274,180.595,-4.61463],[-56.7575,137.952,116.228],false,[8.05964,146.716,55.1084],[-3.19368,201.66,8.77987],[-36.315,210.69,-16.2406],[-48.2766,190.436,-12.0134],[-44.6164,177.11,-2.29538],[[[0.480209,-0.505872,-0.716584],[0.863405,0.416683,0.284442],[0.154697,-0.755294,0.636868]],[[0.464164,-0.435141,-0.771495],[0.420291,0.874909,-0.240604],[0.779684,-0.212572,0.588987]],[[0.464164,-0.435141,-0.771495],[-0.730789,0.304033,-0.611156],[0.500499,0.847476,-0.176875]],[[0.464164,-0.435141,-0.771495],[-0.858844,-0.434151,-0.271846],[-0.216654,0.788775,-0.575236]]],1],[402,[-0.620546,-0.689158,0.374143],40,66.2548,[-36.5424,167.644,-16.8072],[-42.4194,170.331,-12.0021],[-135.668,84.7907,129.941],false,[15.2065,141.765,46.5855],[9.08517,188.561,-3.72917],[-27.0998,198.95,-32.9555],[-44.5479,179.573,-22.4355],[-42.1766,167.23,-8.75006],[[[0.342422,-0.666837,-0.661873],[0.935347,0.308477,0.173113],[0.0887343,-0.678359,0.729353]],[[0.342495,-0.667398,-0.661269],[0.553406,0.712087,-0.432058],[0.759236,-0.217973,0.613228]],[[0.342495,-0.667398,-0.661269],[-0.705422,0.282206,-0.650185],[0.620546,0.689158,-0.374143]],[[0.342495,-0.667398,-0.661269],[-0.930812,-0.336645,-0.142335],[-0.127619,0.664266,-0.736521]]],2],[403,[-0.432097,-0.637942,0.637435],40,63.7057,[-28.4249,136.644,1.12032],[-34.4879,138.266,4.27599],[-267.429,64.9988,171.761],false,[20.1063,134.529,38.1475],[19.0477,170.307,-12.4],[-23.033,163.84,-24.1953],[-34.8687,146.366,-6.73513],[-33.7593,135.529,8.18548],[[[0.280256,-0.780739,-0.558483],[0.959773,0.238264,0.148545],[0.0170917,-0.577647,0.816107]],[[0.27977,-0.766777,-0.577739],[0.120158,0.625003,-0.771319],[0.952518,0.146372,0.266991]],[[0.27977,-0.766777,-0.577739],[-0.857334,0.0713041,-0.509799],[0.432097,0.637942,-0.637435]],[[0.27977,-0.766777,-0.577739],[-0.958187,-0.260647,-0.118072],[-0.0600512,0.586615,-0.807637]]],3],[404,[-0.502505,-0.499689,0.705549],40,49.9441,[-15.7386,135.061,-4.82577],[-20.4029,134.742,-3.52465],[-296.598,-40.355,124.1],false,[19.1084,123.209,29.8476],[23.9742,151.16,-19.9751],[-10.0987,151.034,-27.811],[-19.8168,141.371,-14.1661],[-20.0445,132.511,0.392194],[[[0.11789,-0.870912,-0.477089],[0.989393,0.0619544,0.131386],[-0.0848679,-0.487518,0.868979]],[[0.121486,-0.848778,-0.514604],[0.188374,0.528737,-0.827619],[0.974554,0.00360573,0.224122]],[[0.121486,-0.848778,-0.514604],[-0.855997,0.172877,-0.48722],[0.502505,0.499689,-0.705549]],[[0.121486,-0.848778,-0.514604],[-0.992503,-0.0968978,-0.074485],[0.0133573,0.519795,-0.854187]]],4]],[[0,200,0],[235.247,235.247,147.751]]],[151556,81322172400,[[40,"right",[0.0668076,0.697589,-0.713377],[-0.895338,-0.27363,-0.351422],[5.28158,167.214,9.93226],[-25.2278,-92.9151,-39.1089],[5.47271,168.409,9.76991],1,1,0.564965,[[0.412763,-0.635179,-0.65282],[0.780821,0.61579,-0.105454],[0.468983,-0.466208,0.750137]],63.0052,[134.063,1.68002,245.219],[8.85793,126.144,44.9538]]],[[400,[-0.379338,0.182531,-0.907075],40,51.5317,[-43.1121,160.293,-11.5811],[-48.9676,165.503,-5.70133],[-126.403,131.007,148.679],false,[-13.342,139.528,60.7052],[-13.342,139.528,60.7052],[-41.3246,172.052,36.3063],[-54.1133,178.206,5.72601],[-47.4249,161.365,-8.66676],[[[0.991046,0.1144,-0.0688539],[0.0199444,0.383054,0.92351],[0.132025,-0.916614,0.377343]],[[0.817089,0.526063,-0.235847],[-0.104635,0.537621,0.836669],[0.566936,-0.658955,0.494329]],[[0.817089,0.526063,-0.235847],[-0.434129,0.830627,0.3487],[0.379338,-0.182531,0.907075]],[[0.817089,0.526063,-0.235847],[-0.498828,0.440029,-0.746689],[-0.289026,0.727759,0.621958]]],0],[401,[-0.527358,-0.825074,0.202846],40,58.1478,[-41.6397,176.333,-9.11711],[-45.1268,181.715,-4.05056],[-38.6566,135.164,102.31],false,[8.18706,146.918,55.1167],[-2.05546,201.436,8.05637],[-35.3677,211.254,-16.4073],[-47.9712,191.536,-11.5595],[-44.5927,178.252,-1.68308],[[[0.445315,-0.535664,-0.717467],[0.884234,0.389107,0.258314],[0.140802,-0.74944,0.646927]],[[0.430687,-0.465386,-0.773255],[0.446735,0.854395,-0.265399],[0.784179,-0.231137,0.575882]],[[0.430687,-0.465386,-0.773255],[-0.732395,0.320419,-0.600774],[0.527358,0.825074,-0.202846]],[[0.430687,-0.465386,-0.773255],[-0.880066,-0.406421,-0.245572],[-0.199982,0.78628,-0.584611]]],1],[402,[-0.63424,-0.659919,0.402798],40,66.2548,[-37.1637,167.938,-16.2655],[-42.8978,171.095,-11.1796],[-113.402,83.9293,122.021],false,[14.9568,141.558,46.5333],[9.45352,187.676,-4.47458],[-27.0917,198.715,-33.0061],[-44.9249,180.159,-21.6804],[-42.6813,167.995,-7.81501],[[[0.302935,-0.690423,-0.656922],[0.949666,0.276397,0.14744],[0.0797752,-0.668521,0.739402]],[[0.303064,-0.691507,-0.655722],[0.565842,0.684233,-0.460052],[0.766795,-0.23161,0.59865]],[[0.303064,-0.691507,-0.655722],[-0.71126,0.293812,-0.638579],[0.63424,0.659919,-0.402798]],[[0.303064,-0.691507,-0.655722],[-0.945289,-0.305326,-0.114909],[-0.120748,0.654671,-0.746207]]],2],[403,[-0.44093,-0.610535,0.657897],40,63.7057,[-30.5874,137.37,2.60611],[-35.7317,139.183,5.36678],[-233.044,75.44,157.718],false,[19.3993,134.001,38.1241],[18.5432,168.917,-13.0262],[-23.9944,163.835,-23.8179],[-36.0721,147.112,-5.79725],[-35.0203,136.499,9.28765],[[[0.238915,-0.800135,-0.550186],[0.970942,0.204911,0.123624],[0.013823,-0.563734,0.825841]],[[0.238513,-0.786348,-0.569885],[0.126535,0.606982,-0.784577],[0.96286,0.115022,0.244274]],[[0.238513,-0.786348,-0.569885],[-0.86527,0.0943619,-0.492345],[0.44093,0.610535,-0.657897]],[[0.238513,-0.786348,-0.569885],[-0.969469,-0.227197,-0.0922571],[-0.0569297,0.57449,-0.816529]]],3],[404,[-0.505155,-0.467945,0.725152],40,49.9441,[-18.3261,134.961,-3.62769],[-21.9702,135.016,-2.666],[-264.236,-20.6731,115.76],false,[17.8021,122.584,30.053],[22.5928,149.472,-20.3585],[-11.6198,150.494,-27.488],[-21.3892,141.445,-13.464],[-21.6172,132.86,1.25797],[[[0.0751751,-0.882788,-0.463718],[0.993663,0.0273512,0.109017],[-0.083556,-0.468975,0.87925]],[[0.0787119,-0.86172,-0.501241],[0.190373,0.506541,-0.840937],[0.978551,-0.0292308,0.203919]],[[0.0787119,-0.86172,-0.501241],[-0.859432,0.196127,-0.472135],[0.505155,0.467945,-0.725152]],[[0.0787119,-0.86172,-0.501241],[-0.996808,-0.0612861,-0.0511713],[0.0133762,0.503669,-0.863793]]],4]],[[0,200,0],[235.247,235.247,147.751]]],[151557,81322180840,[[40,"right",[0.072912,0.68795,-0.722086],[-0.908054,-0.253631,-0.33333],[5.18202,167.002,9.71573],[-21.7363,-75.2833,-35.6116],[5.45951,168.345,9.76746],1,1,0.60198,[[0.386652,-0.65511,-0.6491],[0.791934,0.596536,-0.130325],[0.472589,-0.463654,0.749456]],63.0052,[134.444,2.44524,245.209],[8.27652,126.228,45.1257]]],[[400,[-0.389044,0.181979,-0.903066],40,51.5317,[-43.9201,161.073,-10.6737],[-49.3138,166.523,-4.97801],[-103.507,128.312,131.894],false,[-13.2936,140.359,61.0972],[-13.2936,140.359,61.0972],[-40.8029,173.356,36.7941],[-53.9188,179.491,6.34889],[-47.9031,162.303,-7.93089],[[[0.992388,0.0874666,-0.0866972],[0.0456957,0.392203,0.918743],[0.114362,-0.915711,0.38522]],[[0.826768,0.501355,-0.255145],[-0.0762919,0.549295,0.832139],[0.557346,-0.66852,0.492388]],[[0.826768,0.501355,-0.255145],[-0.406326,0.845888,0.345503],[0.389044,-0.181979,0.903066]],[[0.826768,0.501355,-0.255145],[-0.498876,0.443851,-0.744392],[-0.259958,0.742724,0.617076]]],0],[401,[-0.545284,-0.808646,0.220808],40,58.1478,[-41.8942,176.745,-8.72646],[-45.0645,182.672,-3.57954],[-26.9233,129.814,90.4643],false,[8.32343,147.119,55.0674],[-1.28652,201.384,7.58359],[-34.7432,211.813,-16.4263],[-47.7751,192.487,-11.1491],[-44.5802,179.224,-1.18372],[[[0.418845,-0.554836,-0.718837],[0.898397,0.368363,0.239147],[0.132106,-0.745966,0.65275]],[[0.405125,-0.484836,-0.775118],[0.46432,0.839443,-0.282388],[0.787579,-0.2455,0.565198]],[[0.405125,-0.484836,-0.775118],[-0.733852,0.333205,-0.591976],[0.545284,0.808646,-0.220808]],[[0.405125,-0.484836,-0.775118],[-0.894488,-0.385561,-0.226347],[-0.189114,0.785033,-0.589881]]],1],[402,[-0.644528,-0.63847,0.420641],40,66.2548,[-37.7048,168.251,-15.7722],[-43.2471,171.918,-10.6239],[-94.8179,87.8921,107.571],false,[14.8033,141.491,46.4319],[9.64291,187.193,-4.98492],[-27.0845,198.876,-33.0212],[-45.207,180.924,-21.1939],[-43.0564,168.853,-7.23214],[[[0.273509,-0.70513,-0.654205],[0.958956,0.252792,0.128449],[0.0748041,-0.662486,0.74533]],[[0.273646,-0.706347,-0.652834],[0.575557,0.664061,-0.47724],[0.770618,-0.245148,0.58826]],[[0.273646,-0.706347,-0.652834],[-0.713934,0.305663,-0.629975],[0.644528,0.63847,-0.420641]],[[0.273646,-0.706347,-0.652834],[-0.954841,-0.281175,-0.0960147],[-0.115741,0.649627,-0.751391]]],2],[403,[-0.445353,-0.591826,0.671865],40,63.7057,[-32.2295,138.081,3.78035],[-36.6027,140.016,6.14676],[-199.408,81.5509,140.017],false,[18.9024,133.73,38.0339],[18.0909,168.11,-13.479],[-24.7401,164.053,-23.5175],[-36.9389,147.843,-5.11431],[-35.8974,137.365,10.066],[[[0.208462,-0.811972,-0.545202],[0.977943,0.18052,0.105075],[0.0131018,-0.55508,0.831694]],[[0.208083,-0.798258,-0.565231],[0.129483,0.595275,-0.79302],[0.969503,0.0918258,0.227228]],[[0.208083,-0.798258,-0.565231],[-0.87084,0.111924,-0.478655],[0.445353,0.591826,-0.671865]],[[0.208083,-0.798258,-0.565231],[-0.976485,-0.202845,-0.07301],[-0.0563733,0.567132,-0.821695]]],3],[404,[-0.504781,-0.44634,0.738903],40,49.9441,[-20.1978,135.079,-2.73368],[-23.0997,135.41,-2.05961],[-230.36,-2.94688,103.755],false,[16.8694,122.274,30.1177],[21.5042,148.489,-20.662],[-12.7831,150.344,-27.244],[-22.5452