{"metadata":{"formatVersion":2,"generatedBy":"LeapJS Playback 0.2.1","frames":107,"protocolVersion":6,"serviceVersion":"2.2.5+26752","frameRate":"1.1e+2","modified":"Wed Apr 22 2015 20:07:51 GMT-0300 (E. South America Standard Time)"},"frames":[["id","timestamp",{"hands":[["id","type","direction","palmNormal","palmPosition","palmVelocity","stabilizedPalmPosition","pinchStrength","grabStrength","confidence","armBasis","armWidth","elbow","wrist"]]},{"pointables":[["id","direction","handId","length","stabilizedTipPosition","tipPosition","tipVelocity","tool","carpPosition","mcpPosition","pipPosition","dipPosition","btipPosition","bases","type"]]},{"interactionBox":["center","size"]}],[151632,81322831330,[[40,"right",[0.0853475,0.674865,-0.732989],[-0.920981,-0.22725,-0.316467],[5.52001,174.241,8.09289],[-29.9091,-32.5956,-40.6053],[7.6282,173.061,9.45281],1,1,0.635462,[[0.346254,-0.668138,-0.658559],[0.811442,0.565596,-0.147187],[0.470819,-0.483418,0.737995]],63.0052,[133.457,4.82753,241.067],[7.76219,133.886,44.0436]]],[[400,[-0.420494,0.269528,-0.866337],40,51.5317,[-45.3446,172.11,-11.8205],[-50.2073,178.262,-6.65858],[-83.0349,138.264,114.966],false,[-13.0772,148.966,60.1176],[-13.0772,148.966,60.1176],[-39.1149,182.281,34.6554],[-53.2911,191.368,5.44844],[-49.3003,174.754,-10.1574],[[[0.993373,0.0524325,-0.102274],[0.0726294,0.403282,0.912189],[0.0890736,-0.913572,0.396801]],[[0.847833,0.456718,-0.269422],[-0.0537557,0.579501,0.813196],[0.527532,-0.674972,0.515872]],[[0.847833,0.456718,-0.269422],[-0.323055,0.847799,0.420562],[0.420494,-0.269528,0.866337]],[[0.847833,0.456718,-0.269422],[-0.501436,0.525298,-0.687476],[-0.172456,0.717963,0.67438]]],0],[401,[-0.586387,-0.776484,0.230698],40,58.1478,[-41.5618,182.055,-10.8439],[-45.1173,191.194,-4.92531],[-34.2203,137.148,82.4232],false,[8.66364,154.901,53.6788],[0.186415,208.79,5.55472],[-33.1821,219.931,-18.2572],[-47.1963,201.373,-12.7436],[-44.8737,188.005,-2.67862],[[[0.389078,-0.5788,-0.716665],[0.913804,0.340911,0.220775],[0.116535,-0.74079,0.661551]],[[0.377835,-0.514112,-0.770019],[0.490129,0.816643,-0.304743],[0.785503,-0.262266,0.560537]],[[0.377835,-0.514112,-0.770019],[-0.716513,0.364364,-0.594852],[0.586387,0.776484,-0.230698]],[[0.377835,-0.514112,-0.770019],[-0.915609,-0.330969,-0.228298],[-0.137482,0.791295,-0.595777]]],1],[402,[-0.673511,-0.606856,0.42203],40,66.2548,[-36.5714,173.588,-17.7716],[-43.8077,180.488,-11.8966],[-92.586,111.269,87.467],false,[14.82,148.936,45.0334],[10.4411,194.06,-6.96259],[-26.1501,206.977,-34.6334],[-45.0875,189.914,-22.767],[-43.6032,177.745,-8.80371],[[[0.239725,-0.723142,-0.647764],[0.968764,0.221804,0.110906],[0.0634753,-0.654117,0.753725]],[[0.239342,-0.719228,-0.652248],[0.594356,0.63973,-0.487326],[0.767761,-0.27103,0.580591]],[[0.239342,-0.719228,-0.652248],[-0.699356,0.338286,-0.629653],[0.673511,0.606856,-0.42203]],[[0.239342,-0.719228,-0.652248],[-0.967644,-0.231961,-0.0992944],[-0.0798811,0.654909,-0.751474]]],2],[403,[-0.401937,-0.581226,0.707547],40,63.7057,[-30.782,146.913,4.29573],[-33.8756,148.512,6.11069],[-159.392,92.4781,82.3506],false,[18.5287,140.923,36.6908],[18.1115,174.584,-15.2994],[-24.8683,172.39,-25.2816],[-35.8779,156.469,-5.90101],[-33.1642,146.381,9.3363],[[[0.172736,-0.826168,-0.536292],[0.984945,0.148607,0.0883137],[0.00673459,-0.543473,0.8394]],[[0.172401,-0.806929,-0.564928],[0.15427,0.588557,-0.7936],[0.972871,0.0496663,0.225953]],[[0.172401,-0.806929,-0.564928],[-0.899291,0.105083,-0.424538],[0.401937,0.581226,-0.707547]],[[0.172401,-0.806929,-0.564928],[-0.974013,-0.225175,0.0243904],[-0.146889,0.546042,-0.82478]]],3],[404,[-0.460034,-0.412059,0.786496],40,49.9441,[-18.9732,143.3,-2.69447],[-21.5024,143.702,-2.07789],[-188.514,37.3796,48.958],false,[15.9916,129.432,28.9722],[20.7519,154.759,-22.2449],[-13.4159,157.897,-28.9595],[-22.3127,149.928,-13.7491],[-20.9884,142.122,1.34352],[[[0.00722312,-0.896637,-0.442707],[0.996521,-0.030304,0.0776354],[-0.0830266,-0.441727,0.893299]],[[0.00883718,-0.887873,-0.460004],[0.211813,0.451245,-0.866899],[0.97727,-0.0897736,0.19205]],[[0.00883718,-0.887873,-0.460004],[-0.887857,0.204667,-0.412093],[0.460034,0.412059,-0.786496]],[[0.00883718,-0.887873,-0.460004],[-0.996937,-0.0435694,0.064943],[-0.0777032,0.458021,-0.885539]]],4]],[[0,200,0],[235.247,235.247,147.751]]],[151633,81322839935,[[40,"right",[0.0839267,0.667996,-0.739418],[-0.93174,-0.210479,-0.295905],[5.14686,174.322,7.60329],[-33.4651,-21.4899,-44.9111],[7.60827,173.072,9.43796],1,1,0.667058,[[0.323586,-0.684096,-0.653685],[0.820472,0.546974,-0.166271],[0.471294,-0.482527,0.738274]],63.0052,[133.131,5.35344,240.888],[7.30849,134.174,43.7899]]],[[400,[-0.43187,0.269346,-0.860779],40,51.5317,[-46.1157,173.179,-10.9713],[-50.7363,179.313,-6.00294],[-76.3044,131.763,104.854],false,[-12.8842,149.787,60.1782],[-12.8842,149.787,60.1782],[-38.7685,183.458,35.03],[-53.3282,192.538,6.01046],[-49.9325,175.674,-9.46809],[[[0.991915,0.0313831,-0.122962],[0.0996038,0.407879,0.907587],[0.0786367,-0.912496,0.401456]],[[0.851087,0.437617,-0.290073],[-0.0250863,0.585759,0.810097],[0.524425,-0.682186,0.50951]],[[0.851087,0.437617,-0.290073],[-0.298562,0.857872,0.41823],[0.43187,-0.269346,0.860779]],[[0.851087,0.437617,-0.290073],[-0.504102,0.526708,-0.684441],[-0.146739,0.728745,0.668878]]],0],[401,[-0.597365,-0.762561,0.248305],40,58.1478,[-41.9854,183.088,-10.1991],[-45.3971,192.222,-4.50057],[-33.7822,132.769,73.8663],false,[8.83555,155.231,53.2532],[0.465781,208.955,4.92639],[-33.1468,220.616,-18.2858],[-47.4234,202.391,-12.3515],[-45.1698,189.049,-2.23646],[[[0.362371,-0.591488,-0.720298],[0.924905,0.323612,0.199564],[0.115057,-0.738523,0.664338]],[[0.351395,-0.527198,-0.773682],[0.500448,0.804184,-0.320687],[0.791248,-0.274499,0.546421]],[[0.351395,-0.527198,-0.773682],[-0.720886,0.374917,-0.58289],[0.597365,0.762561,-0.248306]],[[0.351395,-0.527198,-0.773682],[-0.926675,-0.313601,-0.20719],[-0.133397,0.789757,-0.598739]]],1],[402,[-0.675853,-0.590474,0.441094],40,66.2548,[-37.3241,174.314,-17.1812],[-44.5,181.373,-11.3569],[-90.0894,107.682,82.3947],false,[14.6898,149.082,44.5268],[10.1586,193.934,-7.69195],[-26.818,207.306,-34.6245],[-45.8212,190.703,-22.222],[-44.3132,178.601,-8.2035],[[[0.211565,-0.732271,-0.647317],[0.975154,0.202663,0.0894533],[0.0656831,-0.650159,0.756953]],[[0.211184,-0.72852,-0.651659],[0.594528,0.624928,-0.505967],[0.775847,-0.280577,0.5651]],[[0.211184,-0.72852,-0.651659],[-0.706133,0.347273,-0.617071],[0.675853,0.590474,-0.441094]],[[0.211184,-0.72852,-0.651659],[-0.974071,-0.212217,-0.0784211],[-0.0811617,0.651323,-0.754447]]],2],[403,[-0.398971,-0.568144,0.719746],40,63.7057,[-32.0337,147.766,4.94122],[-34.7907,149.399,6.60037],[-145.398,95.1497,75.533],false,[18.062,140.939,36.1678],[17.2579,174.248,-16.0437],[-25.9524,172.876,-25.1384],[-36.8808,157.314,-5.42371],[-34.0541,147.275,9.82575],[[[0.144808,-0.833146,-0.533759],[0.989375,0.128998,0.0670612],[0.0129823,-0.537799,0.842973]],[[0.144272,-0.81404,-0.562605],[0.150103,0.579977,-0.800685],[0.978087,0.0310679,0.205864]],[[0.144272,-0.81404,-0.562605],[-0.905543,0.120624,-0.406746],[0.398971,0.568144,-0.719746]],[[0.144272,-0.81404,-0.562605],[-0.977638,-0.205167,0.0461571],[-0.153001,0.543364,-0.825437]]],3],[404,[-0.452463,-0.397262,0.798411],40,49.9441,[-20.4605,143.809,-2.3529],[-22.6875,144.291,-1.81898],[-175.184,45.4118,43.3564],false,[15.1332,129.451,28.5856],[19.3508,154.327,-22.899],[-14.8692,158.137,-28.9693],[-23.6196,150.454,-13.5285],[-22.141,142.722,1.5879],[[[-0.0201402,-0.899575,-0.436301],[0.997087,-0.0501799,0.0574354],[-0.073561,-0.433873,0.897966]],[[-0.0186908,-0.890876,-0.453862],[0.204141,0.440978,-0.873993],[0.978763,-0.108988,0.173622]],[[-0.0186908,-0.890876,-0.453862],[-0.891587,0.220279,-0.395663],[0.452463,0.397262,-0.798411]],[[-0.0186908,-0.890876,-0.453862],[-0.996055,-0.0227959,0.0857648],[-0.086752,0.453674,-0.886935]]],4]],[[0,200,0],[235.247,235.247,147.751]]],[151634,81322848684,[[40,"right",[0.0813813,0.657213,-0.749298],[-0.942721,-0.193258,-0.271897],[4.70113,174.356,6.9558],[-38.1511,-14.6829,-52.7106],[7.5873,173.081,9.42005],1,1,0.543387,[[0.296517,-0.701564,-0.647986],[0.830549,0.524373,-0.187673],[0.471451,-0.482536,0.738169]],63.0052,[132.685,5.77653,240.644],[6.82102,134.6,43.5741]]],[[400,[-0.444946,0.265661,-0.855247],40,51.5317,[-46.8637,174.241,-10.1558],[-51.326,180.343,-5.42427],[-73.1932,125.861,94.1123],false,[-12.6405,150.847,60.2271],[-12.6405,150.847,60.2271],[-38.3695,184.772,35.2604],[-53.37,193.728,6.42738],[-50.6552,176.566,-8.85656],[[[0.989252,0.0079497,-0.146005],[0.129485,0.416239,0.899988],[0.0679275,-0.909221,0.410736]],[[0.853364,0.415447,-0.314919],[0.00630188,0.59582,0.803093],[0.521277,-0.687316,0.505833]],[[0.853364,0.415447,-0.314919],[-0.271648,0.869959,0.411557],[0.444946,-0.265661,0.855247]],[[0.853364,0.415447,-0.314919],[-0.507943,0.526674,-0.681622],[-0.117318,0.741632,0.660468]]],0],[401,[-0.608175,-0.74599,0.271336],40,58.1478,[-42.4213,184.178,-9.55513],[-45.7099,193.23,-4.21062],[-34.3256,128.345,63.165],false,[9.02703,155.728,52.7405],[0.718104,209.05,3.96128],[-33.1538,221.178,-18.6261],[-47.6887,203.35,-12.1414],[-45.4974,190.084,-1.91355],[[[0.332574,-0.607817,-0.721077],[0.936135,0.305372,0.174355],[0.114221,-0.733011,0.670558]],[[0.321818,-0.544178,-0.774793],[0.510551,0.788897,-0.342022],[0.797352,-0.285502,0.531712]],[[0.321818,-0.544178,-0.774793],[-0.725642,0.383888,-0.571028],[0.608175,0.745989,-0.271336]],[[0.321818,-0.544178,-0.774793],[-0.937874,-0.295331,-0.18213],[-0.129709,0.785271,-0.605413]]],1],[402,[-0.678101,-0.570091,0.46387],40,66.2548,[-38.1195,175.096,-16.5713],[-45.2344,182.26,-10.9319],[-88.7521,105.638,73.8704],false,[14.5418,149.348,43.9586],[9.78532,193.67,-8.69],[-27.5338,207.504,-34.9077],[-46.6002,191.474,-21.8649],[-45.0474,179.508,-7.7353],[[[0.180454,-0.744355,-0.64294],[0.981164,0.18205,0.0646176],[0.0689487,-0.64249,0.763186]],[[0.180068,-0.740773,-0.647172],[0.595345,0.605812,-0.527784],[0.783032,-0.290254,0.550103]],[[0.180068,-0.740773,-0.647172],[-0.712569,0.355319,-0.604974],[0.678101,0.570091,-0.46387]],[[0.180068,-0.740773,-0.647172],[-0.980098,-0.19101,-0.0540647],[-0.0835666,0.644027,-0.760425]]],2],[403,[-0.394247,-0.55076,0.735685],40,63.7057,[-33.2066,148.641,5.56608],[-35.7741,150.316,7.16815],[-136.497,97.472,72.704],false,[17.5406,141.034,35.6254],[16.257,173.736,-16.9594],[-27.1718,173.215,-25.0465],[-37.9707,158.129,-4.89519],[-35.0033,148.211,10.4062],[[[0.114152,-0.842381,-0.526653],[0.993247,0.10783,0.042813],[0.020724,-0.527984,0.849002]],[[0.113364,-0.823556,-0.555792],[0.14421,0.567113,-0.810917],[0.983032,0.0117785,0.183055]],[[0.113364,-0.823556,-0.555792],[-0.911986,0.135719,-0.387121],[0.394247,0.55076,-0.735685]],[[0.113364,-0.823556,-0.555792],[-0.980485,-0.183164,0.0714185],[-0.160618,0.536849,-0.828248]]],3],[404,[-0.442644,-0.377876,0.813188],40,49.9441,[-21.8969,144.345,-2.01026],[-23.9869,144.848,-1.47514],[-168.061,50.0512,41.7881],false,[14.1865,129.525,28.254],[17.7544,153.693,-23.6155],[-16.5007,158.2,-28.9683],[-25.0612,150.892,-13.2417],[-23.399,143.304,1.92838],[[[-0.0499093,-0.903987,-0.424637],[0.996813,-0.0715766,0.035216],[-0.0622289,-0.421526,0.904679]],[[-0.0486599,-0.895412,-0.442572],[0.194143,0.426167,-0.883567],[0.979766,-0.128916,0.153101]],[[-0.0486599,-0.895412,-0.442572],[-0.895376,0.235472,-0.377962],[0.442644,0.377876,-0.813188]],[[-0.0486599,-0.895412,-0.442572],[-0.994043,0.000148963,0.108992],[-0.0975266,0.445239,-0.890085]]],4]],[[0,200,0],[235.247,235.247,147.751]]],[151635,81322857298,[[40,"right",[0.0789684,0.649676,-0.756099],[-0.949762,-0.181387,-0.255051],[4.39188,174.381,6.51682],[-37.5557,-10.0481,-52.2479],[7.56734,173.089,9.40192],1,1,0.583003,[[0.277614,-0.713078,-0.643778],[0.83688,0.508577,-0.202439],[0.471765,-0.482565,0.737949]],63.0052,[132.463,6.07123,240.446],[6.515,134.902,43.4348]]],[[400,[-0.453939,0.261571,-0.851775],40,51.5317,[-47.532,175.203,-9.4209],[-51.6886,180.996,-5.00226],[-64.2302,110.086,81.9308],false,[-12.4313,151.577,60.2589],[-12.4313,151.577,60.2589],[-38.0698,185.657,35.4112],[-53.3735,194.475,6.69522],[-51.0939,177.083,-8.39889],[[[0.986767,-0.00806136,-0.161945],[0.150199,0.421716,0.894201],[0.0610863,-0.906692,0.417346]],[[0.85405,0.400278,-0.33223],[0.0278855,0.602522,0.797615],[0.519443,-0.690467,0.503422]],[[0.85405,0.400278,-0.33223],[-0.254045,0.87827,0.405096],[0.453939,-0.261571,0.851775]],[[0.85405,0.400278,-0.33223],[-0.510779,0.524339,-0.681303],[-0.0985088,0.751562,0.652265]]],0],[401,[-0.614856,-0.734364,0.287509],40,58.1478,[-42.8392,185.245,-8.94698],[-45.9121,193.916,-4.00204],[-31.4297,115.657,53.0014],false,[9.18209,156.071,52.3837],[0.875556,209.104,3.2903],[-33.1688,221.55,-18.8611],[-47.8634,203.999,-11.9899],[-45.7068,190.789,-1.682],[[[0.311807,-0.618692,-0.721108],[0.943259,0.292773,0.156673],[0.114188,-0.729043,0.674876]],[[0.301169,-0.555577,-0.775004],[0.516755,0.778142,-0.357014],[0.801412,-0.292966,0.52145]],[[0.301169,-0.555577,-0.775004],[-0.728869,0.389927,-0.562768],[0.614856,0.734364,-0.287509]],[[0.301169,-0.555577,-0.775004],[-0.944987,-0.282693,-0.164571],[-0.127657,0.781933,-0.610152]]],1],[402,[-0.676978,-0.556863,0.481253],40,66.2548,[-38.891,175.851,-15.9749],[-45.7476,182.794,-10.5414],[-81.4042,92.5633,68.184],false,[14.4587,149.536,43.5691],[9.50775,193.486,-9.37314],[-28.1347,207.539,-35.0053],[-47.1696,191.881,-21.4737],[-45.5595,180.015,-7.26624],[[[0.158965,-0.752285,-0.639372],[0.984672,0.167884,0.0472847],[0.0717685,-0.637089,0.767442]],[[0.15858,-0.748876,-0.643458],[0.592487,0.593501,-0.544716],[0.789817,-0.294859,0.537817]],[[0.15858,-0.748876,-0.643458],[-0.718716,0.359289,-0.59528],[0.676978,0.556863,-0.481253]],[[0.15858,-0.748876,-0.643458],[-0.983536,-0.17701,-0.036383],[-0.0866522,0.638633,-0.764617]]],2],[403,[-0.389586,-0.538914,0.746856],40,63.7057,[-34.1711,149.411,6.1107],[-36.4023,150.949,7.58574],[-119.397,90.7247,66.6344],false,[17.1986,141.109,35.2602],[15.5485,173.389,-17.5749],[-28.0103,173.445,-24.948],[-38.6815,158.684,-4.49066],[-35.5948,148.851,10.842],[[[0.09311,-0.84834,-0.521201],[0.995299,0.0933126,0.0259239],[0.0266424,-0.521165,0.85304]],[[0.092125,-0.829663,-0.55061],[0.13917,0.558263,-0.817909],[0.985974,-0.00127877,0.166895]],[[0.092125,-0.829663,-0.55061],[-0.916371,0.145706,-0.372873],[0.389586,0.538914,-0.746856]],[[0.092125,-0.829663,-0.55061],[-0.98163,-0.168453,0.0895854],[-0.167078,0.532243,-0.829941]]],3],[404,[-0.435074,-0.364618,0.823264],40,49.9441,[-23.0708,144.81,-1.71237],[-24.8554,145.242,-1.21445],[-150.305,48.6956,38.3893],false,[13.5554,129.591,28.0422],[16.6406,153.271,-24.0826],[-17.6224,158.255,-28.9395],[-26.0364,151.204,-13.0181],[-24.2369,143.714,2.18532],[[[-0.070173,-0.906635,-0.416039],[0.996082,-0.0861839,0.0198041],[-0.0538109,-0.413019,0.909131]],[[-0.0690741,-0.898126,-0.434278],[0.186668,0.415994,-0.890002],[0.979992,-0.142542,0.138917]],[[-0.0690741,-0.898126,-0.434278],[-0.897741,0.245809,-0.365566],[0.435074,0.364618,-0.823264]],[[-0.0690741,-0.898126,-0.434278],[-0.992008,0.0157625,0.125186],[-0.105587,0.439455,-0.892038]]],4]],[[0,200,0],[235.247,235.247,147.751]]],[151636,81322865942,[[40,"right",[0.0755978,0.641173,-0.763663],[-0.956482,-0.16983,-0.237275],[4.07354,174.388,5.98256],[-37.3626,-7.1569,-54.7841],[7.54831,173.096,9.38329],1,1,0.619302,[[0.257946,-0.724529,-0.639157],[0.843178,0.491803,-0.217209],[0.471714,-0.482895,0.737766]],63.0052,[132.181,6.31893,240.208],[6.2469,135.238,43.2457]]],[[400,[-0.46377,0.256494,-0.848014],40,51.5317,[-48.1462,176.091,-8.75162],[-52.0524,181.603,-4.65448],[-57.8426,97.1373,70.543],false,[-12.1672,152.35,60.2209],[-12.1672,152.35,60.2209],[-37.7426,186.539,35.4575],[-53.3777,195.186,6.8683],[-51.5434,177.559,-8.01268],[[[0.983662,-0.0241273,-0.178403],[0.171436,0.428005,0.887368],[0.0549474,-0.903454,0.425148]],[[0.853833,0.384807,-0.350562],[0.0497599,0.610028,0.790816],[0.518164,-0.692668,0.501714]],[[0.853833,0.384807,-0.350562],[-0.236405,0.886642,0.397465],[0.46377,-0.256494,0.848014]],[[0.853833,0.384807,-0.350562],[-0.514477,0.521274,-0.680872],[-0.0792653,0.761707,0.643055]]],0],[401,[-0.620674,-0.722289,0.30506],40,58.1478,[-43.248,186.303,-8.37205],[-46.1158,194.561,-3.88455],[-29.313,105.006,42.6923],false,[9.37279,156.449,51.9402],[1.0086,209.127,2.4746],[-33.2162,221.859,-19.2315],[-48.0498,204.597,-11.9408],[-45.9144,191.458,-1.53785],[[[0.290519,-0.63009,-0.720129],[0.949936,0.280352,0.137931],[0.114981,-0.724148,0.679992]],[[0.279929,-0.567566,-0.774279],[0.522065,0.76684,-0.373368],[0.80566,-0.299708,0.510968]],[[0.279929,-0.567566,-0.774279],[-0.732396,0.39518,-0.554463],[0.620674,0.722289,-0.30506]],[[0.279929,-0.567566,-0.774279],[-0.951662,-0.270248,-0.145961],[-0.126405,0.777711,-0.615781]]],1],[402,[-0.677056,-0.542005,0.497821],40,66.2548,[-39.6583,176.605,-15.398],[-46.2664,183.354,-10.2984],[-76.2692,84.9561,57.9202],false,[14.4038,149.754,43.1029],[9.19703,193.263,-10.178],[-28.6968,207.588,-35.2837],[-47.7338,192.348,-21.2863],[-46.0875,180.593,-6.99108],[[[0.137156,-0.760631,-0.634531],[0.98767,0.153825,0.0290942],[0.0754767,-0.630697,0.77235]],[[0.136761,-0.757333,-0.638548],[0.59087,0.579746,-0.561042],[0.795091,-0.30057,0.526771]],[[0.136761,-0.757333,-0.638548],[-0.723112,0.36425,-0.586882],[0.677056,0.542005,-0.497821]],[[0.136761,-0.757333,-0.638548],[-0.986634,-0.161792,-0.0194228],[-0.0886026,0.632669,-0.769337]]],2],[403,[-0.384517,-0.526033,0.758575],40,63.7057,[-35.0123,150.118,6.59231],[-37.0259,151.573,7.96004],[-106.854,85.6103,60.4275],false,[16.8798,141.209,34.8323],[14.805,173.001,-18.2821],[-28.8664,173.631,-24.9264],[-39.3987,159.222,-4.14804],[-36.1902,149.492,11.2251],[[[0.0719208,-0.85457,-0.514332],[0.996848,0.0789046,0.00829156],[0.0334975,-0.513307,0.857551]],[[0.0707071,-0.836122,-0.543967],[0.1335,0.548358,-0.825518],[0.988523,-0.0142498,0.150395]],[[0.0707071,-0.836122,-0.543967],[-0.920406,0.155528,-0.358697],[0.384517,0.526033,-0.758575]],[[0.0707071,-0.836122,-0.543967],[-0.982262,-0.15331,0.107971],[-0.173673,0.526684,-0.832131]]],3],[404,[-0.426419,-0.350477,0.833866],40,49.9441,[-24.1033,145.23,-1.45028],[-25.7135,145.615,-0.984857],[-136.801,47.0029,34.9029],false,[12.9477,129.677,27.79],[15.4941,152.809,-24.6094],[-18.7667,158.258,-28.9554],[-27.0134,151.48,-12.829],[-25.061,144.106,2.41228],[[[-0.090389,-0.909447,-0.405876],[0.994916,-0.100634,0.00392297],[-0.0444128,-0.403458,0.91392]],[[-0.0894633,-0.90102,-0.424452],[0.178156,0.404811,-0.896877],[0.979927,-0.155856,0.124307]],[[-0.0894633,-0.90102,-0.424452],[-0.900091,0.255595,-0.352857],[0.426419,0.350477,-0.833866]],[[-0.0894633,-0.90102,-0.424452],[-0.989381,0.0313809,0.14192],[-0.114554,0.432641,-0.894259]]],4]],[[0,200,0],[235.247,235.247,147.751]]],[151637,81322874697,[[40,"right",[0.07471,0.636102,-0.76798],[-0.960897,-0.16,-0.226002],[3.82487,174.409,5.62405],[-34.9597,-4.60688,-51.0734],[7.53044,173.102,9.36525],1,1,0.652848,[[0.244065,-0.732324,-0.635716],[0.847003,0.480209,-0.228002],[0.472247,-0.482806,0.737483]],63.0052,[132.026,6.54339,239.965],[5.95,135.439,43.0783]]],[[400,[-0.469608,0.256065,-0.844926],40,51.5317,[-48.7089,176.937,-8.14117],[-52.3011,182.195,-4.42363],[-49.6203,88.7464,58.9674],false,[-12.0801,152.855,60.1558],[-12.0801,152.855,60.1558],[-37.521,187.226,35.5072],[-53.3529,195.859,7.02207],[-51.8599,178.107,-7.74724],[[[0.981325,-0.0365109,-0.188862],[0.185982,0.430792,0.883079],[0.0491183,-0.901712,0.429538]],[[0.854399,0.372909,-0.361858],[0.0657601,0.613194,0.78719],[0.51544,-0.69637,0.49939]],[[0.854399,0.372909,-0.361858],[-0.222422,0.891835,0.393903],[0.469608,-0.256065,0.844926]],[[0.854399,0.372909,-0.361858],[-0.515597,0.521956,-0.679501],[-0.0645184,0.767138,0.638229]]],0],[401,[-0.625777,-0.713211,0.315805],40,58.1478,[-43.64,187.348,-7.8321],[-46.236,195.112,-3.81593],[-25.0871,93.8823,33.4234],false,[9.41475,156.659,51.6207],[1.12343,209.161,1.95664],[-33.1806,222.171,-19.4576],[-48.1362,205.126,-11.91],[-46.0427,192.022,-1.45455],[[[0.275396,-0.637316,-0.719712],[0.95455,0.27005,0.126122],[0.113979,-0.721735,0.682721]],[[0.26498,-0.575182,-0.77392],[0.526962,0.758535,-0.383323],[0.807525,-0.306253,0.504095]],[[0.26498,-0.575182,-0.77392],[-0.733613,0.400619,-0.548922],[0.625777,0.713211,-0.315805]],[[0.26498,-0.575182,-0.77392],[-0.956258,-0.259899,-0.134252],[-0.123921,0.775641,-0.61889]]],1],[402,[-0.677922,-0.531434,0.507936],40,66.2548,[-40.4142,177.351,-14.8418],[-46.6609,183.821,-10.1205],[-68.8757,75.8238,48.6238],false,[14.272,149.858,42.7669],[8.9904,193.135,-10.6953],[-29.0768,207.698,-35.3984],[-48.1382,192.756,-21.1165],[-46.5205,181.05,-6.77732],[[[0.121473,-0.765602,-0.631742],[0.989638,0.142506,0.0175889],[0.0765607,-0.627332,0.774979]],[[0.121059,-0.762215,-0.635903],[0.589386,0.570662,-0.571811],[0.798729,-0.30557,0.518323]],[[0.121059,-0.762215,-0.635903],[-0.725098,0.369603,-0.581057],[0.677922,0.531434,-0.507936]],[[0.121059,-0.762215,-0.635903],[-0.98882,-0.148786,-0.00990555],[-0.0870633,0.629993,-0.771705]]],2],[403,[-0.381892,-0.51754,0.76571],40,63.7057,[-35.7291,150.755,6.98609],[-37.4969,152.085,8.16689],[-92.472,78.1154,50.7018],false,[16.5592,141.24,34.5177],[14.2758,172.766,-18.7469],[-29.455,173.867,-24.9226],[-39.9155,159.69,-3.9489],[-36.6412,150.008,11.4404],[[[0.0564645,-0.858124,-0.510328],[0.997724,0.0673721,-0.00289547],[0.0368665,-0.509003,0.859975]],[[0.0551398,-0.839787,-0.540108],[0.130851,0.542344,-0.829904],[0.989867,-0.0249128,0.139792]],[[0.0551398,-0.839787,-0.540108],[-0.922561,0.164042,-0.349245],[0.381892,0.51754,-0.76571]],[[0.0551398,-0.839787,-0.540108],[-0.982623,-0.141657,0.119939],[-0.177234,0.524109,-0.833005]]],3],[404,[-0.421944,-0.341252,0.839947],40,49.9441,[-24.9717,145.613,-1.27072],[-26.3603,145.957,-0.896729],[-120.125,44.7107,27.6524],false,[12.4181,129.716,27.5823],[14.6629,152.533,-24.969],[-19.5696,158.376,-29.0154],[-27.7297,151.776,-12.7714],[-25.6956,144.455,2.48456],[[[-0.105282,-0.910525,-0.399825],[0.993671,-0.112153,-0.00624668],[-0.039154,-0.397952,0.91657]],[[-0.10444,-0.901994,-0.418926],[0.174405,0.398091,-0.900615],[0.97912,-0.167122,0.115735]],[[-0.10444,-0.901994,-0.418926],[-0.900586,0.264487,-0.34495],[0.421944,0.341252,-0.839947]],[[-0.10444,-0.901994,-0.418926],[-0.987344,0.0434865,0.152517],[-0.119352,0.429552,-0.89512]]],4]],[[0,200,0],[235.247,235.247,147.751]]],[151638,81322883318,[[40,"right",[0.0733162,0.630898,-0.772394],[-0.964555,-0.151997,-0.215709],[3.5824,174.383,5.20014],[-33.1506,-4.1882,-50.5701],[7.51428,173.108,9.3482],1,1,0.682991,[[0.231684,-0.739114,-0.632481],[0.850185,0.469821,-0.237599],[0.472766,-0.482678,0.737234]],63.0052,[131.913,6.74988,239.68],[5.6985,135.611,42.8602]]],[[400,[-0.474916,0.254687,-0.842372],40,51.5317,[-49.2141,177.715,-7.60564],[-52.5257,182.651,-4.30698],[-42.9052,79.1902,47.5041],false,[-11.9954,153.3,60.0096],[-11.9954,153.3,60.0096],[-37.3254,187.823,35.4598],[-53.3363,196.41,7.06087],[-52.1364,178.532,-7.58347],[[[0.979035,-0.0470977,-0.198172],[0.198741,0.43407,0.878684],[0.0446368,-0.899647,0.43433]],[[0.85452,0.362266,-0.372236],[0.0801766,0.616055,0.783612],[0.513194,-0.699457,0.497386]],[[0.85452,0.362266,-0.372236],[-0.210359,0.896604,0.389681],[0.474916,-0.254687,0.842372]],[[0.85452,0.362266,-0.372236],[-0.516824,0.521464,-0.678946],[-0.0518518,0.772553,0.632829]]],0],[401,[-0.629632,-0.70513,0.326121],40,58.1478,[-44.0074,188.334,-7.35541],[-46.3706,195.516,-3.87703],[-22.5232,81.617,22.7702],false,[9.45059,156.846,51.2438],[1.17973,209.138,1.35504],[-33.2007,222.355,-19.8085],[-48.2485,205.503,-12.0144],[-46.1816,192.442,-1.49974],[[[0.262203,-0.644101,-0.718598],[0.958291,0.261524,0.115251],[0.113698,-0.718845,0.685809]],[[0.251891,-0.582387,-0.772901],[0.530609,0.751019,-0.39297],[0.809324,-0.311122,0.498195]],[[0.251891,-0.582387,-0.772901],[-0.734924,0.404497,-0.544306],[0.629632,0.70513,-0.326121]],[[0.251891,-0.582387,-0.772901],[-0.959991,-0.251335,-0.123482],[-0.122343,0.773083,-0.622395]]],1],[402,[-0.67799,-0.521927,0.517611],40,66.2548,[-41.1345,178.06,-14.334],[-47.0061,184.164,-10.0823],[-61.6248,66.0031,37.3947],false,[14.1554,149.947,42.3833],[8.7681,192.963,-11.2783],[-29.4355,207.715,-35.6568],[-48.4988,193.04,-21.1029],[-46.8772,181.398,-6.71194],[[[0.10792,-0.770381,-0.628384],[0.991088,0.13302,0.00713268],[0.0780931,-0.623553,0.777871]],[[0.107496,-0.766994,-0.632586],[0.588129,0.562061,-0.581543],[0.801592,-0.309528,0.511511]],[[0.107496,-0.766994,-0.632586],[-0.727168,0.373246,-0.57612],[0.67799,0.521927,-0.517611]],[[0.107496,-0.766994,-0.632586],[-0.990368,-0.138463,-0.00041199],[-0.0872734,0.626537,-0.77449]]],2],[403,[-0.379103,-0.509477,0.772473],40,63.7057,[-36.3344,151.298,7.28229],[-37.9153,152.478,8.26895],[-80.7623,69.3479,40.4594],false,[16.2789,141.259,34.163],[13.7783,172.498,-19.2611],[-29.9975,173.989,-25.0216],[-40.3816,160.034,-3.86259],[-37.042,150.409,11.549],[[[0.0432146,-0.861566,-0.505802],[0.99825,0.057695,-0.0129876],[0.0403719,-0.504356,0.862552]],[[0.0417728,-0.843357,-0.535727],[0.128046,0.536292,-0.834263],[0.990888,-0.0337481,0.130391]],[[0.0417728,-0.843357,-0.535727],[-0.924411,0.170828,-0.341002],[0.379103,0.509477,-0.772473]],[[0.0417728,-0.843357,-0.535727],[-0.982637,-0.131692,0.130694],[-0.180773,0.520966,-0.834216]]],3],[404,[-0.417343,-0.332688,0.845662],40,49.9441,[-25.6959,145.923,-1.17338],[-26.9292,146.194,-0.890121],[-105.933,39.9361,20.0505],false,[11.9594,129.737,27.336],[13.9099,152.226,-25.3678],[-20.296,158.394,-29.1484],[-28.3672,151.96,-12.7938],[-26.2498,144.699,2.47934],[[[-0.117941,-0.91176,-0.393427],[0.992438,-0.121799,-0.0152444],[-0.0340198,-0.392249,0.91923]],[[-0.117182,-0.903107,-0.413117],[0.170535,0.391506,-0.904235],[0.978359,-0.176411,0.108134]],[[-0.117182,-0.903107,-0.413117],[-0.901162,0.271508,-0.337921],[0.417343,0.332688,-0.845662]],[[-0.117182,-0.903107,-0.413117],[-0.98531,0.053688,0.162119],[-0.124231,0.426046,-0.896131]]],4]],[[0,200,0],[235.247,235.247,147.751]]],[151639,81322892246,[[40,"right",[0.0729639,0.627012,-0.775585],[-0.967193,-0.145255,-0.208419],[3.36967,174.374,4.82555],[-30.608,-3.31121,-48.221],[7.49921,173.112,9.33176],1,1,0.711451,[[0.222083,-0.744225,-0.629927],[0.852324,0.46194,-0.245267],[0.473522,-0.482432,0.73691]],63.0052,[131.856,6.9515,239.37],[5.43933,135.747,42.6366]]],[[400,[-0.477704,0.252501,-0.841453],40,51.5317,[-49.6791,178.46,-7.11693],[-52.6566,183.018,-4.26416],[-34.1044,68.257,36.7202],false,[-11.9954,153.648,59.831],[-11.9954,153.648,59.831],[-37.1809,188.35,35.3834],[-53.2857,196.862,7.01545],[-52.2748,178.85,-7.4776],[[[0.97724,-0.0557033,-0.204692],[0.208229,0.436207,0.875422],[0.040524,-0.898121,0.437878]],[[0.855106,0.353298,-0.379439],[0.0917749,0.61716,0.781467],[0.510265,-0.70306,0.495314]],[[0.855106,0.353298,-0.379439],[-0.201475,0.900791,0.384687],[0.477704,-0.252501,0.841453]],[[0.855106,0.353298,-0.379439],[-0.516609,0.51897,-0.681018],[-0.043685,0.778364,0.626291]]],0],[401,[-0.633053,-0.698569,0.333533],40,58.1478,[-44.3665,189.307,-6.92378],[-46.4799,195.866,-4.00156],[-19.657,70.2038,12.7967],false,[9.41693,156.987,50.9027],[1.21525,209.131,0.847628],[-33.2006,222.529,-20.1434],[-48.3301,205.834,-12.1722],[-46.2965,192.804,-1.61265],[[[0.252135,-0.649206,-0.717607],[0.961101,0.254401,0.107536],[0.112747,-0.716806,0.688097]],[[0.241972,-0.587842,-0.77194],[0.533943,0.744959,-0.399927],[0.810157,-0.315401,0.494133]],[[0.241972,-0.587842,-0.77194],[-0.735318,0.407974,-0.54117],[0.633053,0.698569,-0.333533]],[[0.241972,-0.587842,-0.77194],[-0.962787,-0.244166,-0.115859],[-0.120375,0.771249,-0.625048]]],1],[402,[-0.678269,-0.514372,0.52476],40,66.2548,[-41.8516,178.766,-13.853],[-47.2808,184.462,-10.1203],[-53.4395,56.7919,26.5401],false,[14.0057,150.014,42.04],[8.58812,192.843,-11.7679],[-29.7039,207.753,-35.9104],[-48.7751,193.29,-21.1555],[-47.1612,181.697,-6.72413],[[[0.0974863,-0.773874,-0.625792],[0.992134,0.125184,-0.000250698],[0.0785329,-0.620845,0.77999]],[[0.0970726,-0.770603,-0.629879],[0.587411,0.555247,-0.58877],[0.803446,-0.312844,0.50656]],[[0.0970726,-0.770603,-0.629879],[-0.728374,0.376288,-0.572608],[0.678269,0.514372,-0.52476]],[[0.0970726,-0.770603,-0.629879],[-0.99148,-0.1301,0.00636581],[-0.0868527,0.623895,-0.776667]]],2],[403,[-0.378359,-0.503162,0.776964],40,63.7057,[-36.8807,151.8,7.47831],[-38.2755,152.84,8.22386],[-69.946,61.6672,27.5633],false,[16.0037,141.274,33.8427],[13.3812,172.305,-19.6969],[-30.4118,174.154,-25.2178],[-40.7755,160.372,-3.93582],[-37.4009,150.786,11.4917],[[[0.0329101,-0.864022,-0.502378],[0.998561,0.049719,-0.0200956],[0.0423407,-0.500994,0.864415]],[[0.0313997,-0.845856,-0.532486],[0.128003,0.531765,-0.837163],[0.991277,-0.0418733,0.12497]],[[0.0313997,-0.845856,-0.532486],[-0.925126,0.177074,-0.335836],[0.378359,0.503162,-0.776964]],[[0.0313997,-0.845856,-0.532486],[-0.982673,-0.123488,0.138215],[-0.182666,0.51892,-0.835078]]],3],[404,[-0.414555,-0.326251,0.849532],40,49.9441,[-26.3228,146.194,-1.15544],[-27.3965,146.41,-0.969695],[-91.4706,35.4215,11.6323],false,[11.5463,129.757,27.0951],[13.3104,152.007,-25.717],[-20.8631,158.45,-29.3277],[-28.8804,152.14,-12.8982],[-26.7099,144.916,2.3851],[[[-0.127857,-0.912457,-0.388682],[0.991315,-0.129731,-0.0215405],[-0.0307695,-0.388061,0.92112]],[[-0.127142,-0.903607,-0.40906],[0.168698,0.386699,-0.906645],[0.977433,-0.18428,0.103271]],[[-0.127142,-0.903607,-0.40906],[-0.901099,0.277589,-0.333114],[0.414555,0.326251,-0.849532]],[[-0.127142,-0.903607,-0.40906],[-0.983675,0.0619182,0.168964],[-0.127349,0.423865,-0.896728]]],4]],[[0,200,0],[235.247,235.247,147.751]]],[151640,81322900704,[[40,"right",[0.0725549,0.622749,-0.779051],[-0.969274,-0.14005,-0.202222],[3.15397,174.322,4.4491],[-29.2785,-4.06001,-47.254],[7.48625,173.116,9.31719],1,1,0.489181,[[0.213614,-0.748561,-0.627714],[0.853994,0.455116,-0.252117],[0.474408,-0.482209,0.736486]],63.0052,[131.845,7.13081,239.057],[5.19179,135.867,42.4367]]],[[400,[-0.479821,0.249273,-0.84121],40,51.5317,[-50.0743,179.108,-6.71377],[-52.7815,183.269,-4.29086],[-27.9908,58.0816,27.2685],false,[-12.0298,153.963,59.6416],[-12.0298,153.963,59.6416],[-37.0807,188.807,35.2589],[-53.257,197.211,6.89911],[-52.4002,179.066,-7.43816],[[[0.975682,-0.0629772,-0.209949],[0.215999,0.439114,0.87208],[0.0372705,-0.896221,0.442039]],[[0.855596,0.345202,-0.385734],[0.10178,0.61844,0.779213],[0.507539,-0.705952,0.494]],[[0.855596,0.345202,-0.385734],[-0.194234,0.90482,0.378912],[0.479821,-0.249273,0.84121]],[[0.855596,0.345202,-0.385734],[-0.516318,0.515811,-0.683634],[-0.0370256,0.784076,0.61956]]],0],[401,[-0.635724,-0.692713,0.340593],40,58.1478,[-44.6887,190.165,-6.58168],[-46.6099,196.093,-4.20318],[-18.4787,59.0144,3.28827],false,[9.35223,157.121,50.576],[1.19935,209.072,0.313109],[-33.2451,222.588,-20.5551],[-48.4384,206.033,-12.4151],[-46.4304,193.044,-1.80057],[[[0.243885,-0.654297,-0.715832],[0.963306,0.24874,0.100842],[0.112076,-0.714159,0.690953]],[[0.233836,-0.593318,-0.770256],[0.536541,0.739417,-0.406678],[0.81083,-0.318178,0.491241]],[[0.233836,-0.593318,-0.770256],[-0.735647,0.410027,-0.539168],[0.635724,0.692713,-0.340593]],[[0.233836,-0.593318,-0.770256],[-0.964983,-0.238473,-0.10926],[-0.11886,0.768833,-0.628305]]],1],[402,[-0.676771,-0.508094,0.532749],40,66.2548,[-42.4982,179.389,-13.4392],[-47.5335,184.598,-10.1797],[-47.0287,45.2765,19.0864],false,[13.8458,150.075,41.7216],[8.39587,192.676,-12.264],[-30.013,207.628,-36.1937],[-49.042,193.342,-21.2142],[-47.3981,181.82,-6.72948],[[[0.0889667,-0.77752,-0.622533],[0.992897,0.118803,-0.00648484],[0.0790009,-0.617534,0.782567]],[[0.0885936,-0.774603,-0.626212],[0.585388,0.549145,-0.596456],[0.805898,-0.313735,0.502094]],[[0.0885936,-0.774603,-0.626212],[-0.730843,0.376604,-0.569243],[0.676771,0.508094,-0.532749]],[[0.0885936,-0.774603,-0.626212],[-0.992131,-0.124466,0.0135982],[-0.0884753,0.620079,-0.779535]]],2],[403,[-0.377029,-0.496992,0.781568],40,63.7057,[-37.3364,152.203,7.59425],[-38.5982,153.081,8.17195],[-61.6001,52.9927,18.7325],false,[15.741,141.283,33.5561],[13.0122,172.069,-20.1192],[-30.7963,174.184,-25.4173],[-41.1236,160.57,-4.00921],[-37.7132,151.038,11.444],[[[0.024519,-0.86665,-0.498314],[0.998728,0.043203,-0.0259956],[0.0440577,-0.497043,0.866607]],[[0.0229512,-0.848596,-0.528543],[0.127072,0.526871,-0.840393],[0.991628,-0.0478753,0.119926]],[[0.0229512,-0.848596,-0.528543],[-0.925917,0.181338,-0.331352],[0.377029,0.496992,-0.781568]],[[0.0229512,-0.848596,-0.528543],[-0.982545,-0.116769,0.144811],[-0.184603,0.515994,-0.836464]]],3],[404,[-0.413306,-0.319932,0.852539],40,49.9441,[-26.8413,146.397,-1.21477],[-27.822,146.549,-1.11078],[-81.223,30.3821,3.146],false,[11.1717,129.762,26.8905],[12.7773,151.743,-26.0393],[-21.3572,158.43,-29.5748],[-29.3503,152.242,-13.0872],[-27.142,145.062,2.21138],[[[-0.135905,-0.913498,-0.383474],[0.990326,-0.136202,-0.0265198],[-0.0280042,-0.383368,0.923171]],[[-0.135214,-0.904304,-0.404909],[0.168888,0.381646,-0.908748],[0.976316,-0.19126,0.101122]],[[-0.135214,-0.904304,-0.404909],[-0.900497,0.282627,-0.330495],[0.413306,0.319932,-0.852539]],[[-0.135214,-0.904304,-0.404909],[-0.982308,0.0689081,0.174133],[-0.129568,0.421291,-0.897623]]],4]],[[0,200,0],[235.247,235.247,147.751]]],[151641,81322909615,[[40,"right",[0.0706354,0.625972,-0.77664],[-0.971227,-0.134365,-0.196632],[2.84716,174.696,3.76231],[-30.681,8.4714,-55.3727],[7.47388,173.12,9.30238],1,1,0.534958,[[0.21051,-0.751289,-0.625499],[0.855576,0.45113,-0.253911],[0.472942,-0.481712,0.737753]],63.0052,[131.2,7.45316,238.518],[4.93854,136.056,41.5595]]],[[400,[-0.482698,0.252201,-0.838688],40,51.5317,[-50.4782,179.818,-6.35768],[-52.9995,183.915,-4.5046],[-25.8558,61.2883,14.0186],false,[-12.0832,154.157,58.9574],[-12.0832,154.157,58.9574],[-37.0652,189.334,34.9849],[-53.3384,197.836,6.7101],[-52.609,179.688,-7.6293],[[[0.973996,-0.0667872,-0.216498],[0.223738,0.434024,0.872677],[0.0356816,-0.898422,0.437681]],[[0.855227,0.342021,-0.389368],[0.111382,0.612451,0.782623],[0.506142,-0.712689,0.48569]],[[0.855227,0.342021,-0.389368],[-0.18865,0.905216,0.380782],[0.482698,-0.252201,0.838688]],[[0.855227,0.342021,-0.389368],[-0.517293,0.517671,-0.681487],[-0.0315187,0.784244,0.619652]]],0],[401,[-0.637062,-0.691009,0.341554],40,58.1478,[-45.0258,191.06,-6.29763],[-46.8666,196.752,-4.47282],[-21.2243,63.21,-5.82661],false,[9.25568,157.252,49.7691],[1.0374,209.473,-0.201818],[-33.4688,223.254,-20.7934],[-48.6941,206.739,-12.6305],[-46.6846,193.694,-2.08561],[[[0.23607,-0.652175,-0.720373],[0.965146,0.24355,0.0957905],[0.112975,-0.717879,0.68694]],[[0.226007,-0.591085,-0.774299],[0.537694,0.738503,-0.406814],[0.812284,-0.324394,0.48473]],[[0.226007,-0.591085,-0.774299],[-0.736935,0.416083,-0.53273],[0.637062,0.691009,-0.341554]],[[0.226007,-0.591085,-0.774299],[-0.966836,-0.233173,-0.104206],[-0.118951,0.772172,-0.624181]]],1],[402,[-0.675693,-0.507076,0.535081],40,66.2548,[-43.1816,180.08,-13.0646],[-47.9191,185.259,-10.4618],[-46.2399,52.8641,5.64626],false,[13.6577,150.225,40.8539],[8.07238,193.101,-12.8999],[-30.4509,208.305,-36.4843],[-49.4496,194.048,-21.4392],[-47.7871,182.456,-7.01263],[[[0.0811474,-0.775067,-0.626647],[0.993408,0.113966,-0.0123178],[0.0809636,-0.621516,0.779206]],[[0.0808023,-0.772417,-0.629955],[0.583203,0.549176,-0.598565],[0.808298,-0.319026,0.49485]],[[0.0808023,-0.772417,-0.629955],[-0.732741,0.38242,-0.56289],[0.675693,0.507076,-0.535081]],[[0.0808023,-0.772417,-0.629955],[-0.992706,-0.119101,0.0187037],[-0.0894751,0.623848,-0.776407]]],2],[403,[-0.374388,-0.498828,0.781668],40,63.7057,[-37.7921,152.678,7.52172],[-38.9737,153.654,7.6343],[-56.2574,56.1118,-2.8625],false,[15.4573,141.462,32.6362],[12.5367,172.508,-20.8789],[-31.2906,174.876,-25.9071],[-41.5456,161.213,-4.49624],[-38.0729,151.592,10.8884],[[[0.0170576,-0.864452,-0.502426],[0.998742,0.0384292,-0.0322117],[0.0471533,-0.501245,0.86402]],[[0.0153808,-0.8462,-0.532643],[0.124867,0.530161,-0.838652],[0.992054,-0.0536101,0.113816]],[[0.0153808,-0.8462,-0.532643],[-0.927145,0.187392,-0.32448],[0.374388,0.498828,-0.781668]],[[0.0153808,-0.8462,-0.532643],[-0.982054,-0.11293,0.151052],[-0.187971,0.520761,-0.832752]]],3],[404,[-0.409556,-0.322241,0.853478],40,49.9441,[-27.3418,146.739,-1.50969],[-28.2867,147.108,-1.75861],[-73.3459,39.0588,-17.8344],false,[10.7886,129.994,25.9474],[12.1637,152.211,-26.8904],[-21.9525,159.098,-30.2104],[-29.8731,152.866,-13.7047],[-27.5911,145.596,1.54048],[[[-0.142857,-0.911042,-0.386773],[0.989453,-0.140928,-0.0335037],[-0.023984,-0.38748,0.921566]],[[-0.142244,-0.90154,-0.408646],[0.166115,0.385246,-0.90774],[0.975793,-0.197003,0.09496]],[[-0.142244,-0.90154,-0.408646],[-0.901128,0.288765,-0.323394],[0.409556,0.322241,-0.853478]],[[-0.142244,-0.90154,-0.408646],[-0.980734,0.0725211,0.181386],[-0.133892,0.426574,-0.894487]]],4]],[[0,200,0],[235.247,235.247,147.751]]],[151642,81322917993,[[40,"right",[0.0681991,0.626609,-0.776344],[-0.97265,-0.131423,-0.191519],[2.57536,174.906,3.15654],[-31.1361,12.7644,-59.7464],[7.46329,173.124,9.28909],1,1,0.574248,[[0.207544,-0.753636,-0.623666],[0.857034,0.447453,-0.255497],[0.471613,-0.481476,0.738757]],63.0052,[130.669,7.67989,238.128],[4.76218,136.22,40.9008]]],[[400,[-0.485185,0.251078,-0.837589],40,51.5317,[-50.8417,180.465,-6.08856],[-53.1883,184.25,-4.73361],[-23.8781,55.1634,3.86546],false,[-12.1142,154.35,58.4097],[-12.1142,154.35,58.4097],[-37.0689,189.721,34.6957],[-53.426,198.185,6.458],[-52.7809,179.993,-7.82914],[[[0.97262,-0.0692903,-0.221833],[0.229673,0.432452,0.871915],[0.0355167,-0.898991,0.436525]],[[0.854542,0.339191,-0.393328],[0.118903,0.609428,0.783875],[0.505589,-0.716622,0.480451]],[[0.854542,0.339191,-0.393328],[-0.185347,0.906592,0.379128],[0.485185,-0.251078,0.837589]],[[0.854542,0.339191,-0.393328],[-0.518633,0.516625,-0.681262],[-0.0278751,0.78616,0.617394]]],0],[401,[-0.637263,-0.689452,0.344315],40,58.1478,[-45.3336,191.838,-6.1069],[-47.1231,197.112,-4.78841],[-23.5826,58.0933,-14.0321],false,[9.1833,157.395,49.1095],[0.842131,209.693,-0.760736],[-33.7323,223.592,-21.1573],[-48.9624,207.115,-12.9284],[-46.9347,194.054,-2.40565],[[[0.230336,-0.652058,-0.722333],[0.966332,0.240734,0.0908288],[0.114664,-0.718935,0.685555]],[[0.220183,-0.591053,-0.776],[0.537683,0.737297,-0.409011],[0.81389,-0.327185,0.480139]],[[0.220183,-0.591053,-0.776],[-0.738523,0.418704,-0.528461],[0.637263,0.689452,-0.344315]],[[0.220183,-0.591053,-0.776],[-0.968046,-0.230284,-0.0992743],[-0.120024,0.773062,-0.622871]]],1],[402,[-0.674067,-0.505727,0.5384],40,66.2548,[-43.8095,180.715,-12.777],[-48.255,185.611,-10.7637],[-44.6555,49.9606,-4.92188],false,[13.5172,150.365,40.1631],[7.76225,193.314,-13.5141],[-30.8631,208.63,-36.8585],[-49.8161,194.41,-21.7201],[-48.114,182.8,-7.31245],[[[0.0755764,-0.774615,-0.627901],[0.993644,0.111187,-0.0175687],[0.0834235,-0.622582,0.778095]],[[0.0752386,-0.772093,-0.631041],[0.580971,0.548273,-0.601556],[0.810439,-0.321356,0.489815]],[[0.0752386,-0.772093,-0.631041],[-0.734829,0.384855,-0.558492],[0.674067,0.505727,-0.5384]],[[0.0752386,-0.772093,-0.631041],[-0.992949,-0.116144,0.0237164],[-0.0916029,0.624807,-0.775387]]],2],[403,[-0.371495,-0.498695,0.783131],40,63.7057,[-38.1755,153.085,7.35611],[-39.2736,153.987,7.21289],[-50.9391,51.9141,-15.1797],false,[15.2477,141.606,31.9264],[12.1254,172.717,-21.539],[-31.7189,175.227,-26.3464],[-41.8946,161.567,-4.89544],[-38.3568,151.92,10.4576],[[[0.0119075,-0.863954,-0.503431],[0.998658,0.0356572,-0.0375715],[0.050411,-0.502307,0.863218]],[[0.0101145,-0.84562,-0.53369],[0.122336,0.530754,-0.83865],[0.992437,-0.0568067,0.108818]],[[0.0101145,-0.84562,-0.53369],[-0.92838,0.190342,-0.319187],[0.371495,0.498695,-0.783132]],[[0.0101145,-0.84562,-0.53369],[-0.981441,-0.110606,0.156652],[-0.191497,0.5222,-0.831045]]],3],[404,[-0.40597,-0.322421,0.855122],40,49.9441,[-27.7437,147.032,-1.84826],[-28.6536,147.417,-2.25493],[-65.7562,38.3564,-28.832],false,[1