{"metadata":{"formatVersion":2,"generatedBy":"LeapJS Playback 0.2.1","frames":56,"protocolVersion":6,"serviceVersion":"2.2.5+26752","frameRate":"1.1e+2","modified":"Wed Apr 22 2015 20:08:29 GMT-0300 (E. South America Standard Time)"},"frames":[["id","timestamp",{"hands":[["id","type","direction","palmNormal","palmPosition","palmVelocity","stabilizedPalmPosition","pinchStrength","grabStrength","confidence","armBasis","armWidth","elbow","wrist"]]},{"pointables":[["id","direction","handId","length","stabilizedTipPosition","tipPosition","tipVelocity","tool","carpPosition","mcpPosition","pipPosition","dipPosition","btipPosition","bases","type"]]},{"interactionBox":["center","size"]}],[151843,81324695848,[[40,"right",[0.0145752,0.58199,-0.813065],[-0.932389,-0.285799,-0.221289],[-3.52582,174.432,-0.503311],[-42.5353,44.8823,-18.1576],[3.80709,173.34,-2.3966],1,1,0.447719,[[0.276995,-0.664656,-0.693906],[0.850061,0.506183,-0.145518],[0.447963,-0.549555,0.705208]],63.0052,[121.994,-7.87584,228.067],[2.40084,138.839,39.7963]]],[[400,[-0.480594,0.283184,-0.829962],40,51.5317,[-57.4572,177.072,-19.8254],[-60.7982,184.649,-14.6499],[-150.349,391.407,256.246],false,[-17.7858,155.278,55.363],[-17.7858,155.278,55.363],[-43.9535,186.934,27.9883],[-60.1559,196.481,0.00771849],[-61.334,182.357,-18.2857],[[[0.982129,0.0628392,-0.17741],[0.120629,0.513388,0.849636],[0.144471,-0.855853,0.496633]],[[0.847814,0.391944,-0.3572],[0.0117091,0.659588,0.751536],[0.530165,-0.641345,0.554618]],[[0.847814,0.391944,-0.3572],[-0.224145,0.875321,0.428453],[0.480594,-0.283184,0.829962]],[[0.847814,0.391944,-0.3572],[-0.527845,0.688397,-0.497483],[0.0509103,0.610319,0.790518]]],0],[401,[-0.288453,-0.794906,0.533778],40,58.1478,[-49.6492,164.917,-4.23995],[-52.7839,173.783,1.77571],[-112.914,349.34,230.464],false,[3.27542,160.89,46.7445],[-10.1147,208.276,-6.80039],[-49.8717,201.313,-20.0478],[-56.7655,182.316,-7.29089],[-51.8601,171.216,4.46267],[[[0.358481,-0.652793,-0.667347],[0.91521,0.386706,0.113354],[0.18407,-0.651398,0.73607]],[[0.344932,-0.606312,-0.716524],[0.0716402,0.778154,-0.623975],[0.93589,0.163897,0.311847]],[[0.344932,-0.606312,-0.716524],[-0.893206,0.0225665,-0.449082],[0.288453,0.794906,-0.533778]],[[0.344932,-0.606312,-0.716524],[-0.892585,-0.448034,-0.0505683],[-0.290367,0.657002,-0.695727]]],1],[402,[-0.358585,-0.61496,0.702311],40,66.2548,[-46.5132,153.472,-6.15936],[-52.8998,163.282,1.58775],[-178.45,333.413,254.477],false,[9.02629,154.058,38.4689],[-0.256741,192.371,-18.1433],[-46.3032,188.095,-29.6711],[-56.3857,170.804,-9.92391],[-51.978,160.928,5.18562],[[[0.218745,-0.791093,-0.571246],[0.966459,0.256381,0.0150319],[0.134565,-0.555374,0.820641]],[[0.217677,-0.786688,-0.577701],[0.138454,0.610797,-0.779588],[0.966151,0.0897135,0.241877]],[[0.217677,-0.786688,-0.577701],[-0.907763,0.0542776,-0.415957],[0.358585,0.61496,-0.702311]],[[0.217677,-0.786688,-0.577701],[-0.946757,-0.314043,0.0709133],[-0.23721,0.531506,-0.813162]]],2],[403,[-0.388464,-0.503672,0.771629],40,63.7057,[-37.268,144.721,-7.47013],[-43.2921,150.055,-1.73256],[-237.025,233.808,267.519],false,[12.4217,145.175,30.9116],[7.45486,172.207,-24.5935],[-35.444,170.074,-34.9314],[-46.0845,156.278,-13.7955],[-42.1404,148.022,2.25389],[[[0.162681,-0.88126,-0.443753],[0.983415,0.181371,0.000333113],[0.0801905,-0.436447,0.896149]],[[0.159046,-0.861475,-0.48225],[0.178305,0.505499,-0.844203],[0.971037,0.0482792,0.234003]],[[0.159046,-0.861475,-0.48225],[-0.907635,0.0646124,-0.414759],[0.388464,0.503672,-0.771629]],[[0.159046,-0.861475,-0.48225],[-0.963913,-0.241123,0.112837],[-0.213487,0.4469,-0.868736]]],3],[404,[-0.469673,-0.350721,0.810186],40,49.9441,[-28.3691,141.732,-11.5812],[-30.8868,142.976,-9.75513],[-325.24,142.813,170.257],false,[9.74097,132.77,24.8297],[10.2545,151.749,-29.2705],[-23.526,155.091,-37.6426],[-32.6092,148.308,-21.9741],[-30.488,141.658,-6.42534],[[[0.00612926,-0.943623,-0.330965],[0.999941,0.00281908,0.0104807],[-0.00895681,-0.33101,0.943585]],[[0.00672051,-0.919098,-0.393972],[0.257744,0.382261,-0.887381],[0.96619,-0.0955801,0.239461]],[[0.00672051,-0.919098,-0.393972],[-0.882815,0.179593,-0.434033],[0.469673,0.350721,-0.810186]],[[0.00672051,-0.919098,-0.393972],[-0.992203,-0.0551622,0.111763],[-0.124453,0.390149,-0.912302]]],4]],[[0,200,0],[235.247,235.247,147.751]]],[151844,81324704429,[[40,"right",[-0.000245848,0.560315,-0.82828],[-0.956771,-0.24103,-0.162768],[-4.19115,175.703,-0.485543],[-51.7633,72.1056,-12.8243],[3.6973,173.372,-2.37037],1,1,0.454766,[[0.205629,-0.695903,-0.688067],[0.868715,0.45354,-0.199089],[0.450612,-0.556795,0.697802]],63.0052,[122.401,-7.80606,226.687],[2.10101,140.842,40.394]]],[[400,[-0.510756,0.288699,-0.809803],40,51.5317,[-59.0241,181.564,-16.8274],[-61.6594,188.798,-11.8209],[-135.966,416.024,272.414],false,[-16.3137,158.71,56.5716],[-16.3137,158.71,56.5716],[-42.2923,191.012,29.7794],[-59.5115,200.745,2.47839],[-62.594,186.486,-15.4847],[[[0.972748,0.0060458,-0.231786],[0.19391,0.526867,0.827532],[0.127124,-0.849926,0.511337]],[[0.845802,0.337573,-0.413115],[0.0871272,0.676553,0.731222],[0.526335,-0.654462,0.542818]],[[0.845802,0.337573,-0.413115],[-0.154102,0.895934,0.416599],[0.510756,-0.288699,0.809803]],[[0.845802,0.337573,-0.413115],[-0.5166,0.711577,-0.476216],[0.133205,0.6162,0.776244]]],0],[401,[-0.289308,-0.765657,0.574518],40,58.1478,[-50.7588,168.984,-1.33097],[-53.0171,177.607,4.664],[-86.2141,372.585,262.382],false,[4.50134,162.979,46.6792],[-9.35355,209.686,-7.34126],[-50.1138,204.282,-18.0175],[-57.0281,185.983,-4.287],[-51.9115,174.997,7.48281],[[[0.286671,-0.687107,-0.66761],[0.938906,0.340038,0.0531977],[0.19046,-0.642074,0.742608]],[[0.272871,-0.641247,-0.717178],[0.069921,0.756715,-0.649995],[0.959506,0.127219,0.251322]],[[0.272871,-0.641247,-0.717178],[-0.91752,0.0507159,-0.394443],[0.289308,0.765657,-0.574518]],[[0.272871,-0.641247,-0.717178],[-0.913134,-0.407315,0.0167626],[-0.302866,0.650305,-0.696688]]],1],[402,[-0.346209,-0.577962,0.738985],40,66.2548,[-48.6333,157.429,-2.95592],[-53.788,167.197,4.68491],[-156.617,365.175,284.445],false,[9.42349,155.649,38.2954],[-0.976521,193.005,-18.7602],[-47.7694,190.816,-27.5396],[-57.5039,174.565,-6.76126],[-52.7099,164.863,8.34352],[[[0.145478,-0.815369,-0.560365],[0.977808,0.204799,-0.0441448],[0.150757,-0.541507,0.827068]],[[0.144301,-0.811131,-0.566784],[0.123376,0.583057,-0.803009],[0.981812,0.0459474,0.18421]],[[0.144301,-0.811131,-0.566784],[-0.926993,0.0895892,-0.364221],[0.346209,0.577962,-0.738985]],[[0.144301,-0.811131,-0.566784],[-0.955307,-0.263536,0.133933],[-0.258005,0.522126,-0.812907]]],2],[403,[-0.354365,-0.46509,0.811244],40,63.7057,[-39.4415,147.266,-4.55566],[-44.7519,153.247,1.56488],[-214.799,267.475,303.739],false,[11.9302,146.415,30.8117],[5.31003,172.307,-25.0632],[-38.2378,171.93,-32.4909],[-47.9443,159.19,-10.2699],[-43.2869,151.18,5.713],[[[0.0919499,-0.899273,-0.427614],[0.990011,0.128655,-0.0576799],[0.106885,-0.418039,0.902119]],[[0.0872038,-0.880197,-0.466529],[0.144001,0.474532,-0.86838],[0.985728,0.00854544,0.16813]],[[0.0872038,-0.880197,-0.466529],[-0.931032,0.0945778,-0.352468],[0.354365,0.46509,-0.811244]],[[0.0872038,-0.880197,-0.466529],[-0.963763,-0.193056,0.184091],[-0.252103,0.43357,-0.865137]]],3],[404,[-0.433312,-0.306119,0.847663],40,49.9441,[-31.3538,144.022,-9.12538],[-33.4788,145.499,-7.24377],[-316.592,181.026,206.177],false,[8.27732,134.026,25.2248],[6.78158,151.621,-29.3231],[-27.241,156.466,-35.7549],[-35.621,150.546,-19.3617],[-32.8474,144.197,-3.79005],[[[-0.0611482,-0.950425,-0.304882],[0.997788,-0.0502223,-0.0435591],[0.0260878,-0.306871,0.951393]],[[-0.0627414,-0.928019,-0.367211],[0.221612,0.345796,-0.911764],[0.973114,-0.138584,0.183965]],[[-0.0627414,-0.928019,-0.367211],[-0.899058,0.212301,-0.382915],[0.433312,0.306119,-0.847663]],[[-0.0627414,-0.928019,-0.367211],[-0.984673,-0.00243497,0.174394],[-0.162735,0.372525,-0.913642]]],4]],[[0,200,0],[235.247,235.247,147.751]]],[151845,81324713147,[[40,"right",[-0.011569,0.537798,-0.842994],[-0.970186,-0.210141,-0.120747],[-4.81603,176.609,-0.819514],[-57.0854,80.6066,-19.6348],[3.5368,173.433,-2.34113],1,1,0.502616,[[0.151448,-0.715195,-0.682319],[0.878573,0.413715,-0.23864],[0.45296,-0.563326,0.691007]],63.0052,[122.698,-7.75451,225.235],[1.77053,142.637,40.7563]]],[[400,[-0.530309,0.285683,-0.798222],40,51.5317,[-60.2469,185.56,-14.3377],[-62.2002,191.569,-10.4039],[-114.821,389.684,241.294],false,[-15.3748,161.588,57.0954],[-15.3748,161.588,57.0954],[-41.1794,194.093,30.3792],[-59.0578,203.724,3.46861],[-63.3732,189.191,-14.0146],[[[0.962918,-0.0356453,-0.26743],[0.243567,0.54118,0.80486],[0.116039,-0.840151,0.529794]],[[0.841116,0.295322,-0.45311],[0.138544,0.692168,0.708314],[0.522809,-0.65855,0.541278]],[[0.841116,0.295322,-0.45311],[-0.106287,0.911685,0.396905],[0.530309,-0.285683,0.798222]],[[0.841116,0.295322,-0.45311],[-0.507689,0.719966,-0.473182],[0.186483,0.62804,0.755507]]],0],[401,[-0.288001,-0.73951,0.608424],40,58.1478,[-51.595,172.904,1.34511],[-53.1767,180.359,6.18467],[-65.4083,356.434,240.745],false,[5.191,164.83,46.3303],[-9.02275,210.564,-8.42473],[-50.3351,206.239,-17.3229],[-57.2181,188.565,-2.78198],[-51.9494,177.759,9.08733],[[[0.236706,-0.714576,-0.658294],[0.951731,0.306796,0.00919259],[0.195393,-0.628695,0.752705]],[[0.222708,-0.669646,-0.708503],[0.068133,0.735669,-0.673906],[0.972502,0.101812,0.209464]],[[0.222708,-0.669646,-0.708503],[-0.931374,0.0685489,-0.357553],[0.288001,0.73951,-0.608424]],[[0.222708,-0.669646,-0.708503],[-0.923655,-0.37743,0.0663924],[-0.311869,0.639626,-0.702578]]],1],[402,[-0.337503,-0.545242,0.767335],40,66.2548,[-50.477,161.408,0.0846822],[-54.4308,170.051,6.42446],[-133.897,355.211,261.947],false,[9.53008,157.106,37.9787],[-1.68006,193.292,-19.6747],[-48.8213,192.57,-26.6483],[-58.311,177.239,-5.07283],[-53.2795,167.777,10.1066],[[[0.0951901,-0.834707,-0.542406],[0.982106,0.167695,-0.0857089],[0.1625,-0.524541,0.835733]],[[0.0939237,-0.830603,-0.548887],[0.113216,0.556659,-0.82299],[0.989121,0.0151553,0.146321]],[[0.0939237,-0.830603,-0.548887],[-0.936627,0.11318,-0.331542],[0.337503,0.545242,-0.767335]],[[0.0939237,-0.830603,-0.548887],[-0.958047,-0.225359,0.177086],[-0.270785,0.509227,-0.816923]]],2],[403,[-0.329239,-0.43156,0.839856],40,63.7057,[-41.2221,149.721,-1.87714],[-45.7468,155.567,3.65466],[-185.272,265.785,289.129],false,[11.4232,147.591,30.668],[3.62511,172.218,-25.6254],[-40.2047,173.067,-31.0988],[-49.223,161.246,-8.0941],[-44.086,153.523,7.8831],[[[0.0437578,-0.91305,-0.405494],[0.991077,0.0908233,-0.0975573],[0.125903,-0.397607,0.908877]],[[0.0382154,-0.894807,-0.444815],[0.11941,0.44604,-0.887012],[0.992109,-0.0192177,0.123894]],[[0.0382154,-0.894807,-0.444815],[-0.943473,0.114355,-0.311098],[0.329239,0.43156,-0.839856]],[[0.0382154,-0.894807,-0.444815],[-0.959804,-0.156733,0.232831],[-0.278056,0.418038,-0.864829]]],3],[404,[-0.404542,-0.268177,0.874315],40,49.9441,[-33.636,146.04,-7.02809],[-35.2622,147.302,-5.54663],[-284.418,186.695,205.544],false,[7.12449,135.201,25.5663],[4.19919,151.386,-29.3587],[-29.881,157.238,-34.5235],[-37.7046,152.051,-17.6148],[-34.4464,146.037,-2.00432],[[[-0.106325,-0.955303,-0.275845],[0.993022,-0.0877818,-0.0787557],[0.0510215,-0.282294,0.95797]],[[-0.10941,-0.934979,-0.337408],[0.194593,0.31273,-0.929695],[0.974763,-0.167376,0.147724]],[[-0.10941,-0.934979,-0.337408],[-0.907951,0.232155,-0.348897],[0.404542,0.268177,-0.874315]],[[-0.10941,-0.934979,-0.337408],[-0.97544,0.0357096,0.21735],[-0.191169,0.352902,-0.915923]]],4]],[[0,200,0],[235.247,235.247,147.751]]],[151846,81324721788,[[40,"right",[-0.0130616,0.52727,-0.849597],[-0.977897,-0.184061,-0.0991963],[-5.13701,177.271,-0.616458],[-51.7966,79.5518,-8.19424],[3.3324,173.523,-2.30049],1,1,0.545899,[[0.11432,-0.725794,-0.678346],[0.881679,0.388777,-0.267384],[0.457791,-0.567517,0.684363]],63.0052,[123.527,-7.85884,223.972],[1.31041,143.652,41.2664]]],[[400,[-0.537594,0.289495,-0.79195],40,51.5317,[-61.0448,188.918,-12.3431],[-62.2672,193.742,-9.29696],[-85.331,351.991,210.087],false,[-14.9706,163.285,57.6839],[-14.9706,163.285,57.6839],[-40.3755,196.156,31.0327],[-58.4995,205.915,4.33359],[-63.5807,191.314,-12.8855],[[[0.956081,-0.0662812,-0.28551],[0.274481,0.544134,0.792829],[0.102806,-0.836376,0.538429]],[[0.840004,0.265623,-0.473116],[0.171654,0.697087,0.696135],[0.514712,-0.665968,0.539961]],[[0.840004,0.265623,-0.473116],[-0.0733954,0.919585,0.385974],[0.537594,-0.289495,0.79195]],[[0.840004,0.265623,-0.473116],[-0.496166,0.728926,-0.471685],[0.219576,0.630961,0.744093]]],0],[401,[-0.287838,-0.724494,0.626305],40,58.1478,[-52.064,176.222,3.6004],[-53.0292,182.368,7.42551],[-40.337,322.02,217.072],false,[5.4621,165.807,46.4815],[-8.53722,211.234,-8.58379],[-50.1409,207.799,-16.4535],[-57.02,190.484,-1.48524],[-51.6818,179.73,10.4],[[[0.203525,-0.729217,-0.653315],[0.95997,0.27979,-0.0132395],[0.192446,-0.624468,0.75697]],[[0.189689,-0.684155,-0.704237],[0.0698073,0.724842,-0.68537],[0.979359,0.0808465,0.185254]],[[0.189689,-0.684155,-0.704237],[-0.938705,0.0839024,-0.334354],[0.287838,0.724494,-0.626305]],[[0.189689,-0.684155,-0.704237],[-0.92961,-0.355976,0.0954307],[-0.315981,0.636563,-0.703522]]],1],[402,[-0.336291,-0.525978,0.781189],40,66.2548,[-51.8365,164.838,2.58704],[-54.7321,172.202,7.69295],[-106.979,327.027,231.55],false,[9.41712,157.859,38.1497],[-1.90568,193.62,-19.746],[-49.1794,194.135,-25.7775],[-58.635,179.346,-3.8125],[-53.5464,169.941,11.3836],[[[0.0610006,-0.843822,-0.533146],[0.98455,0.138701,-0.106877],[0.164133,-0.518389,0.839246]],[[0.0597147,-0.83974,-0.539694],[0.112101,0.542881,-0.832295],[0.991901,-0.0107999,0.126553]],[[0.0597147,-0.83974,-0.539694],[-0.939863,0.134846,-0.313806],[0.336291,0.525978,-0.781189]],[[0.0597147,-0.83974,-0.539694],[-0.959914,-0.196636,0.199747],[-0.273859,0.506132,-0.817821]]],2],[403,[-0.317647,-0.412517,0.853774],40,63.7057,[-42.5722,151.877,0.358127],[-46.3396,157.351,5.1377],[-152.985,249.222,259.142],false,[10.8978,148.203,30.9292],[2.68715,172.331,-25.5211],[-41.2286,174.247,-29.9339],[-49.9293,162.947,-6.54794],[-44.5881,155.297,9.39711],[[[0.0100949,-0.918948,-0.394249],[0.991123,0.0614639,-0.117887],[0.132564,-0.389559,0.911411]],[[0.0042847,-0.901022,-0.433751],[0.108804,0.4316,-0.895479],[0.994054,-0.0433571,0.0998843]],[[0.0042847,-0.901022,-0.433751],[-0.948199,0.134122,-0.287975],[0.317647,0.412517,-0.853774]],[[0.0042847,-0.901022,-0.433751],[-0.957285,-0.129102,0.258724],[-0.289114,0.414115,-0.863088]]],3],[404,[-0.385827,-0.246826,0.88894],40,49.9441,[-35.0907,147.632,-5.39178],[-36.3154,148.738,-4.22597],[-238.784,179.842,194.41],false,[6.15307,135.876,26.0746],[2.60214,151.446,-28.9912],[-31.4351,158.123,-33.3796],[-38.8967,153.35,-16.1881],[-35.3513,147.454,-0.594952],[[[-0.138532,-0.955298,-0.261179],[0.98842,-0.116874,-0.0967848],[0.0619334,-0.271562,0.960426]],[[-0.142185,-0.936126,-0.32164],[0.178931,0.295281,-0.938506],[0.973533,-0.190993,0.125518]],[[-0.142185,-0.936126,-0.32164],[-0.911549,0.250491,-0.326087],[0.385827,0.246826,-0.88894]],[[-0.142185,-0.936126,-0.32164],[-0.967735,0.0631775,0.243923],[-0.208022,0.345945,-0.914904]]],4]],[[0,200,0],[235.247,235.247,147.751]]],[151847,81324730516,[[40,"right",[-0.0121563,0.521147,-0.85338],[-0.983378,-0.160855,-0.0842235],[-5.33173,177.913,-0.536556],[-43.9088,77.9463,-3.55322],[3.08606,173.648,-2.25033],1,1,0.585795,[[0.0847127,-0.733639,-0.674239],[0.882527,0.36938,-0.291039],[0.462568,-0.57038,0.678747]],63.0052,[124.376,-7.8186,222.717],[0.883351,144.456,41.5113]]],[[400,[-0.541191,0.295498,-0.78727],40,51.5317,[-61.5044,191.844,-10.7675],[-62.1481,195.711,-8.55374],[-57.5459,316.678,175.79],false,[-14.6835,164.602,58.0006],[-14.6835,164.602,58.0006],[-39.6422,197.884,31.4388],[-57.8874,207.846,4.8975],[-63.5535,193.231,-12.1259],[[[0.950087,-0.0917125,-0.2982],[0.298726,0.543107,0.784728],[0.0899848,-0.83464,0.543395]],[[0.839632,0.241287,-0.48662],[0.198284,0.697916,0.688184],[0.50567,-0.67431,0.538149]],[[0.839632,0.241287,-0.48662],[-0.0461629,0.924371,0.378692],[0.541191,-0.295498,0.78727]],[[0.839632,0.241287,-0.48662],[-0.484838,0.73681,-0.471215],[0.244848,0.631578,0.735634]]],0],[401,[-0.293821,-0.713177,0.636434],40,58.1478,[-52.3166,179.109,5.37714],[-52.8984,184.208,8.16646],[-24.5885,292.117,181.811],false,[5.64523,166.541,46.4972],[-8.01666,211.889,-8.71802],[-49.8023,209.384,-15.9484],[-56.8244,192.339,-0.738057],[-51.5301,181.559,11.1433],[[[0.17655,-0.738771,-0.650421],[0.966208,0.256161,-0.028689],[0.187807,-0.623377,0.759032]],[[0.16301,-0.693455,-0.701818],[0.0766442,0.718083,-0.691724],[0.983643,0.0589677,0.170204]],[[0.16301,-0.693455,-0.701818],[-0.941858,0.102463,-0.320006],[0.29382,0.713177,-0.636434]],[[0.16301,-0.693455,-0.701818],[-0.935533,-0.334578,0.113297],[-0.313379,0.638105,-0.703289]]],1],[402,[-0.336876,-0.512044,0.790142],40,66.2548,[-52.8278,167.854,4.60295],[-54.884,174.106,8.51777],[-82.4594,297.879,194.975],false,[9.28856,158.438,38.173],[-1.97256,194.037,-19.8347],[-49.3021,195.65,-25.1972],[-58.7742,181.253,-2.98047],[-53.6785,171.843,12.2099],[[[0.0329812,-0.848971,-0.527408],[0.986035,0.113827,-0.121566],[0.163239,-0.516034,0.84087]],[[0.0316961,-0.844886,-0.534007],[0.113147,0.533874,-0.83796],[0.993073,-0.033861,0.112518]],[[0.0316961,-0.844886,-0.534007],[-0.941015,0.15485,-0.300852],[0.336876,0.512044,-0.790142]],[[0.0316961,-0.844886,-0.534007],[-0.961138,-0.172359,0.215651],[-0.274241,0.506419,-0.817515]]],2],[403,[-0.310513,-0.399185,0.862689],40,63.7057,[-43.6187,153.822,2.18238],[-46.7638,158.966,6.10202],[-124.334,231.458,219.923],false,[10.4326,148.696,31.0076],[2.01985,172.6,-25.5083],[-41.9127,175.479,-29.1651],[-50.418,164.545,-5.53493],[-44.9622,156.892,10.3701],[[[-0.0177822,-0.921806,-0.387244],[0.990573,0.0363726,-0.132069],[0.135827,-0.385942,0.912469]],[[-0.0237151,-0.904015,-0.426843],[0.102645,0.422505,-0.90053],[0.994435,-0.0651694,0.0827726]],[[-0.0237151,-0.904015,-0.426843],[-0.950273,0.152999,-0.271241],[0.310513,0.399185,-0.862689]],[[-0.0237151,-0.904015,-0.426843],[-0.955104,-0.105638,0.276796],[-0.295319,0.414244,-0.860923]]],3],[404,[-0.373859,-0.231836,0.898043],40,49.9441,[-36.1094,149.026,-4.25578],[-37.1257,150.097,-3.42772],[-198.118,172.531,167.965],false,[5.32192,136.453,26.3144],[1.3784,151.698,-28.8155],[-32.5612,159.141,-32.6984],[-39.7914,154.658,-15.3308],[-36.0676,148.792,0.232087],[[[-0.165367,-0.953532,-0.251853],[0.983831,-0.141686,-0.109555],[0.0687806,-0.265897,0.961545]],[[-0.169368,-0.93491,-0.311862],[0.170226,0.283927,-0.943614],[0.970741,-0.212905,0.111058]],[[-0.169368,-0.93491,-0.311862],[-0.91189,0.268692,-0.310259],[0.373859,0.231836,-0.898043]],[[-0.169368,-0.93491,-0.311862],[-0.961029,0.0865163,0.26256],[-0.218489,0.344178,-0.913129]]],4]],[[0,200,0],[235.247,235.247,147.751]]],[151848,81324739348,[[40,"right",[-0.0155207,0.514091,-0.857595],[-0.987462,-0.142637,-0.0676339],[-5.45048,178.462,-0.566497],[-35.6768,73.6902,-3.50913],[2.80604,173.806,-2.1951],1,1,0.6226,[[0.0588684,-0.740142,-0.669868],[0.883358,0.351186,-0.310398],[0.464988,-0.573461,0.674484]],63.0052,[124.919,-7.85041,221.738],[0.780282,145.247,41.6701]]],[[400,[-0.547344,0.297639,-0.782193],40,51.5317,[-61.7284,194.312,-9.49456],[-62.0112,197.269,-7.86019],[-36.5091,276.762,148.545],false,[-14.1404,165.826,58.2216],[-14.1404,165.826,58.2216],[-38.855,199.357,31.7441],[-57.3077,209.391,5.37397],[-63.4938,194.708,-11.4083],[[[0.943398,-0.11245,-0.312017],[0.321235,0.543846,0.775268],[0.0825105,-0.831617,0.549186]],[[0.836582,0.220665,-0.501436],[0.222272,0.699859,0.678817],[0.500725,-0.679341,0.536442]],[[0.836582,0.220665,-0.501436],[-0.0233559,0.928826,0.369779],[0.547344,-0.297639,0.782193]],[[0.836582,0.220665,-0.501436],[-0.478195,0.740747,-0.471831],[0.26732,0.634509,0.725216]]],0],[401,[-0.297383,-0.702131,0.646974],40,58.1478,[-52.4213,181.57,6.77329],[-52.7421,185.743,8.81219],[-13.1702,260.278,152.175],false,[6.03979,167.278,46.3895],[-7.61405,212.413,-9.00097],[-49.547,210.659,-15.5691],[-56.6542,193.879,-0.106923],[-51.3783,183.098,11.7822],[[[0.152259,-0.747468,-0.646613],[0.970354,0.237303,-0.0458255],[0.187696,-0.620466,0.76144]],[[0.138752,-0.70222,-0.698309],[0.0797418,0.710762,-0.698898],[0.987112,0.041289,0.154616]],[[0.138752,-0.70222,-0.698309],[-0.944622,0.117896,-0.30625],[0.297383,0.702131,-0.646974]],[[0.138752,-0.70222,-0.698309],[-0.939797,-0.315727,0.13076],[-0.312297,0.638126,-0.703752]]],1],[402,[-0.333224,-0.499026,0.799959],40,66.2548,[-53.5108,170.472,6.26476],[-54.8916,175.673,9.30238],[-59.9035,265.307,166.347],false,[9.39759,159.036,38.0809],[-2.08573,194.356,-20.0538],[-49.4558,196.824,-24.6832],[-58.8252,182.793,-2.19042],[-53.6516,173.417,12.9952],[[[0.00854995,-0.853852,-0.520445],[0.986011,0.0938385,-0.137755],[0.16646,-0.511987,0.84271]],[[0.00723379,-0.849778,-0.527091],[0.109841,0.52459,-0.844239],[0.993923,-0.0517892,0.0971355]],[[0.00723379,-0.849778,-0.527091],[-0.94282,0.169852,-0.286776],[0.333224,0.499026,-0.799959]],[[0.00723379,-0.849778,-0.527091],[-0.960429,-0.15267,0.232954],[-0.27843,0.504548,-0.817256]]],2],[403,[-0.30071,-0.386594,0.871848],40,63.7057,[-44.4068,155.543,3.70141],[-47.0015,160.304,7.00213],[-97.5147,209.535,188.203],false,[10.2437,149.214,30.9837],[1.40804,172.799,-25.6015],[-42.5263,176.435,-28.4804],[-50.7631,165.845,-4.59936],[-45.1468,158.228,11.2668],[[[-0.0414014,-0.924517,-0.378885],[0.988906,0.016226,-0.147652],[0.142655,-0.380795,0.913589]],[[-0.047616,-0.906933,-0.418575],[0.0935423,0.41316,-0.905841],[0.994476,-0.082287,0.0651636]],[[-0.047616,-0.906933,-0.418575],[-0.952526,0.167384,-0.254316],[0.30071,0.386594,-0.871848]],[[-0.047616,-0.906933,-0.418575],[-0.95148,-0.0863549,0.295344],[-0.304004,0.412329,-0.858817]]],3],[404,[-0.360361,-0.21836,0.906895],40,49.9441,[-36.8423,150.195,-3.36149],[-37.7253,151.209,-2.67389],[-161.897,159.155,146.328],false,[4.8278,137.032,26.4767],[0.316463,151.886,-28.7164],[-33.5429,159.929,-32.0698],[-40.512,155.706,-14.531],[-36.5873,149.89,1.00137],[[[-0.187435,-0.952263,-0.240961],[0.97912,-0.161474,-0.123488],[0.0786842,-0.259076,0.962647]],[[-0.192025,-0.934028,-0.301195],[0.158871,0.273273,-0.948726],[0.968445,-0.23003,0.0959144]],[[-0.192025,-0.934028,-0.301195],[-0.912834,0.282685,-0.294656],[0.360361,0.21836,-0.906895]],[[-0.192025,-0.934028,-0.301195],[-0.953991,0.105642,0.280608],[-0.230277,0.341221,-0.91134]]],4]],[[0,200,0],[235.247,235.247,147.751]]],[151849,81324747775,[[40,"right",[-0.0199932,0.507036,-0.861693],[-0.990465,-0.127546,-0.0520697],[-5.56762,178.984,-0.598268],[-30.0235,70.625,-3.57689],[2.51693,173.985,-2.13997],1,1,0.654664,[[0.0361955,-0.745147,-0.665918],[0.88403,0.334616,-0.326377],[0.466026,-0.576878,0.670844]],63.0052,[125.174,-7.97904,220.925],[0.758092,146.031,41.8292]]],[[400,[-0.553802,0.298552,-0.777284],40,51.5317,[-61.8123,196.303,-8.49537],[-61.9118,198.623,-7.23148],[-23.083,245.388,128.668],false,[-13.5935,166.982,58.4168],[-13.5935,166.982,58.4168],[-38.1503,200.683,32.0088],[-56.8207,210.748,5.80415],[-63.4728,196.009,-10.7491],[[[0.936847,-0.129998,-0.324682],[0.341053,0.545197,0.765795],[0.0774643,-0.828167,0.555102]],[[0.832639,0.202931,-0.515297],[0.243266,0.701864,0.669484],[0.497528,-0.682793,0.535033]],[[0.832639,0.202931,-0.515297],[-0.00389247,0.932569,0.36097],[0.553802,-0.298552,0.777284]],[[0.832639,0.202931,-0.515297],[-0.473372,0.743727,-0.472005],[0.287456,0.636937,0.715318]]],0],[401,[-0.299187,-0.692048,0.656929],40,58.1478,[-52.4321,183.57,7.8286],[-52.5956,187.097,9.3904],[-5.39253,234.717,129.926],false,[6.4316,168.014,46.2811],[-7.32073,212.893,-9.29373],[-49.3659,211.771,-15.2551],[-56.5162,195.232,0.445071],[-51.2358,184.465,12.3448],[[[0.131015,-0.755202,-0.642266],[0.973188,0.221513,-0.061944],[0.18905,-0.61693,0.763975]],[[0.117391,-0.709931,-0.694419],[0.0812951,0.703777,-0.705754],[0.989753,0.0263964,0.140331]],[[0.117391,-0.709931,-0.694419],[-0.946946,0.130644,-0.293642],[0.299187,0.692048,-0.656929]],[[0.117391,-0.709931,-0.694419],[-0.942615,-0.299738,0.147085],[-0.312564,0.637303,-0.704378]]],1],[402,[-0.328409,-0.487129,0.80923],40,66.2548,[-53.9436,172.634,7.58675],[-54.8722,177.051,10.0262],[-43.3143,238.857,145.487],false,[9.53752,159.651,37.9963],[-2.23918,194.657,-20.269],[-49.629,197.828,-24.2181],[-58.863,184.132,-1.46469],[-53.5966,174.806,13.7195],[[[-0.0124854,-0.858231,-0.513112],[0.985242,0.0770496,-0.152847],[0.170713,-0.507447,0.844603]],[[-0.0138404,-0.854175,-0.519801],[0.105364,0.515711,-0.850259],[0.994337,-0.0665362,0.0828617]],[[-0.0138404,-0.854175,-0.519801],[-0.944434,0.181907,-0.273777],[0.328409,0.487129,-0.80923]],[[-0.0138404,-0.854175,-0.519801],[-0.958893,-0.136017,0.249045],[-0.28343,0.50188,-0.81718]]],2],[403,[-0.290972,-0.375017,0.880169],40,63.7057,[-44.9766,156.998,4.9284],[-47.182,161.496,7.82918],[-77.445,191.683,164.792],false,[10.1252,149.757,30.9727],[0.833891,173.002,-25.6802],[-43.0844,177.266,-27.8567],[-51.0545,166.994,-3.74779],[-45.281,159.425,12.0852],[[[-0.0614635,-0.926902,-0.370237],[0.986772,-0.000679608,-0.162114],[0.150012,-0.375303,0.914682]],[[-0.0679855,-0.909545,-0.410008],[0.0843812,0.404244,-0.91075],[0.994112,-0.0965148,0.0492657]],[[-0.0679855,-0.909545,-0.410008],[-0.954313,0.17914,-0.239157],[0.290972,0.375017,-0.880169]],[[-0.0679855,-0.909545,-0.410008],[-0.947477,-0.0698679,0.312098],[-0.312513,0.409692,-0.857023]]],3],[404,[-0.347802,-0.206252,0.9146],40,49.9441,[-37.3924,151.165,-2.62714],[-38.2332,152.2,-1.96254],[-134.901,147.709,130.695],false,[4.45321,137.625,26.6502],[-0.631603,152.084,-28.598],[-34.4137,160.621,-31.4731],[-41.14,156.632,-13.7852],[-37.0335,150.873,1.72099],[[[-0.205881,-0.95117,-0.229974],[0.97455,-0.177993,-0.136274],[0.0886864,-0.252178,0.963608]],[[-0.211099,-0.933228,-0.290729],[0.147733,0.263553,-0.953265],[0.966236,-0.244184,0.082233]],[[-0.211099,-0.933228,-0.290729],[-0.913494,0.294188,-0.281039],[0.347802,0.206252,-0.9146]],[[-0.211099,-0.933228,-0.290729],[-0.947303,0.12201,0.296192],[-0.240943,0.337934,-0.909806]]],4]],[[0,200,0],[235.247,235.247,147.751]]],[151850,81324756895,[[40,"right",[-0.0214668,0.504983,-0.862862],[-0.993542,-0.106956,-0.0378775],[-5.73519,180.239,-0.276757],[-26.7888,89.2261,7.20553],[2.16353,174.253,-2.06017],1,1,0.686302,[[0.0100688,-0.747964,-0.663662],[0.883276,0.317773,-0.344738],[0.468745,-0.582726,0.663859]],63.0052,[125.636,-8.29402,219.389],[0.494733,147.277,42.158]]],[[400,[-0.557763,0.292786,-0.776645],40,51.5317,[-61.6758,198.296,-7.40591],[-61.5637,200.618,-6.14273],[-2.87602,226.465,124.048],false,[-13.1831,168.569,58.8805],[-13.1831,168.569,58.8805],[-37.3436,202.731,32.701],[-56.1475,212.602,6.51791],[-63.0853,197.554,-9.63538],[[[0.929295,-0.150441,-0.337309],[0.363037,0.540042,0.759315],[0.0679296,-0.828083,0.556474]],[[0.829912,0.183079,-0.527],[0.267655,0.698153,0.664036],[0.489497,-0.692145,0.530403]],[[0.829912,0.183079,-0.527],[0.0121108,0.938487,0.345101],[0.557763,-0.292786,0.776645]],[[0.829912,0.183079,-0.527],[-0.470492,0.737305,-0.484786],[0.299806,0.650279,0.698036]]],0],[401,[-0.304993,-0.684079,0.662582],40,58.1478,[-52.3806,185.879,8.92032],[-52.4409,189.374,10.3182],[0.500497,239.326,121.214],false,[6.6874,169.149,46.4639],[-6.90199,214.153,-9.04959],[-49.0367,213.936,-14.454],[-56.3258,197.587,1.38119],[-51.1052,186.738,13.2324],[[[0.10623,-0.75953,-0.641739],[0.976636,0.200951,-0.0761684],[0.18681,-0.618654,0.763131]],[[0.0927173,-0.713754,-0.694232],[0.0872636,0.700378,-0.708418],[0.991861,0.00510138,0.127222]],[[0.0927173,-0.713754,-0.694232],[-0.947831,0.150303,-0.281116],[0.304993,0.684079,-0.662582]],[[0.0927173,-0.713754,-0.694232],[-0.946524,-0.279576,0.161026],[-0.309024,0.642178,-0.701507]]],1],[402,[-0.329968,-0.477257,0.814461],40,66.2548,[-54.31,175.131,8.88121],[-54.9607,179.426,10.9506],[-35.0658,246.181,131.004],false,[9.50191,160.7,38.1619],[-2.35608,195.785,-20.0393],[-49.7019,200.022,-23.4844],[-58.9798,186.603,-0.583824],[-53.7229,177.209,14.5618],[[[-0.0375673,-0.859184,-0.510287],[0.984399,0.0560192,-0.166793],[0.171891,-0.508592,0.843675]],[[-0.0389124,-0.855174,-0.516878],[0.107762,0.510662,-0.853002],[0.993415,-0.0888923,0.0722844]],[[-0.0389124,-0.855174,-0.516878],[-0.94319,0.202246,-0.263609],[0.329968,0.477257,-0.814461]],[[-0.0389124,-0.855174,-0.516878],[-0.958355,-0.114516,0.261614],[-0.282916,0.505533,-0.815104]]],2],[403,[-0.283802,-0.367,0.885871],40,63.7057,[-45.5087,158.717,6.17803],[-47.4918,163.598,8.87157],[-65.2459,202.13,150.571],false,[9.78474,150.777,31.1609],[0.18851,174.056,-25.4273],[-43.6646,179.195,-26.9208],[-51.4383,169.142,-2.65569],[-45.5632,161.499,13.1042],[[[-0.0859632,-0.926424,-0.366536],[0.984178,-0.02175,-0.175845],[0.154935,-0.375852,0.913636]],[[-0.0926813,-0.909033,-0.406287],[0.0779892,0.400162,-0.91312],[0.992637,-0.116315,0.0338072]],[[-0.0926813,-0.909033,-0.406287],[-0.954393,0.197409,-0.223971],[0.283802,0.367,-0.885871]],[[-0.0926813,-0.909033,-0.406287],[-0.943547,-0.0501393,0.327422],[-0.318009,0.413697,-0.853068]]],3],[404,[-0.338336,-0.197036,0.920166],40,49.9441,[-38.0256,152.613,-1.81907],[-38.9428,154.129,-1.09551],[-118.882,165.043,120.718],false,[3.80091,138.754,26.9546],[-1.75378,153.165,-28.2609],[-35.3884,162.398,-30.6784],[-41.9316,158.587,-12.883],[-37.7115,152.777,2.5739],[[[-0.228879,-0.947285,-0.224202],[0.968622,-0.198698,-0.149301],[0.0968817,-0.251339,0.963038]],[[-0.234599,-0.929298,-0.285251],[0.139587,0.258195,-0.955955],[0.962018,-0.264083,0.0691454]],[[-0.234599,-0.929298,-0.285251],[-0.911313,0.312381,-0.268191],[0.338336,0.197036,-0.920166]],[[-0.234599,-0.929298,-0.285251],[-0.940029,0.14213,0.310071],[-0.247606,0.340887,-0.906911]]],4]],[[0,200,0],[235.247,235.247,147.751]]],[151851,81324765135,[[40,"right",[-0.0285094,0.498786,-0.866256],[-0.995221,-0.0951313,-0.0220223],[-5.86589,180.964,-0.29073],[-24.0062,88.9228,4.93881],[1.81688,174.543,-1.98378],1,1,0.712388,[[-0.0102369,-0.750476,-0.660818],[0.88319,0.303107,-0.357913],[0.468904,-0.587292,0.65971]],63.0052,[125.795,-8.54492,218.418],[0.611395,148.245,42.2945]]],[[400,[-0.56589,0.284698,-0.773767],40,51.5317,[-61.5344,199.695,-6.56925],[-61.4312,201.68,-5.45688],[3.1861,194.419,112.122],false,[-12.5525,169.825,59.0595],[-12.5525,169.825,59.0595],[-36.6906,204.051,32.9416],[-55.7685,213.649,6.85551],[-62.9746,198.318,-8.9099],[[[0.92217,-0.164243,-0.35018],[0.381041,0.541207,0.749602],[0.0664023,-0.824694,0.561668]],[[0.824147,0.168636,-0.540688],[0.285688,0.700523,0.653949],[0.489044,-0.693418,0.529157]],[[0.824147,0.168636,-0.540688],[0.0234478,0.943668,0.330062],[0.56589,-0.284698,0.773767]],[[0.824147,0.168636,-0.540688],[-0.47309,0.729839,-0.493479],[0.311397,0.662493,0.681274]]],0],[401,[-0.303574,-0.675627,0.671842],40,58.1478,[-52.2957,187.711,9.75288],[-52.2897,190.759,10.9175],[4.87121,221.64,108.081],false,[7.13223,170.072,46.3396],[-6.75703,214.824,-9.30273],[-48.965,215.119,-14.0977],[-56.2202,198.972,1.95878],[-50.9477,188.143,13.8052],[[[0.0872799,-0.765512,-0.637475],[0.977715,0.188475,-0.0924667],[0.190933,-0.615198,0.764903]],[[0.0734172,-0.719608,-0.690488],[0.0860171,0.694346,-0.714482],[0.993585,-0.00693852,0.112876]],[[0.0734172,-0.719608,-0.690488],[-0.949975,0.16029,-0.268057],[0.303574,0.675627,-0.671842]],[[0.0734172,-0.719608,-0.690488],[-0.947211,-0.266978,0.177523],[-0.312092,0.641005,-0.701221]]],1],[402,[-0.325619,-0.466545,0.82238],40,66.2548,[-54.5413,177.174,9.878],[-54.9605,180.885,11.609],[-26.9777,229.719,116.215],false,[9.71791,161.527,38.0605],[-2.6008,196.321,-20.2199],[-49.9245,201.179,-23.1036],[-59.0801,188.061,0.0195592],[-53.7283,178.716,15.162],[[[-0.0556909,-0.862428,-0.503107],[0.98235,0.0427908,-0.182092],[0.17857,-0.504368,0.844823]],[[-0.0570717,-0.858498,-0.509632],[0.103891,0.502586,-0.858262],[0.99295,-0.101929,0.0605068]],[[-0.0570717,-0.858498,-0.509632],[-0.943777,0.21288,-0.252917],[0.325619,0.466545,-0.82238]],[[-0.0570717,-0.858498,-0.509632],[-0.955922,-0.100275,0.275968],[-0.288021,0.502918,-0.814934]]],2],[403,[-0.272712,-0.357373,0.89326],40,63.7057,[-45.8858,160.163,7.20176],[-47.6034,164.861,9.68407],[-51.9272,189.664,137.084],false,[9.77443,151.55,31.1317],[-0.400776,174.523,-25.4802],[-44.2111,180.157,-26.2849],[-51.681,170.368,-1.8174],[-45.6293,162.772,13.8984],[[[-0.1027,-0.928005,-0.358132],[0.981053,-0.0350351,-0.190548],[0.164282,-0.370916,0.91402]],[[-0.109815,-0.910822,-0.397926],[0.0673337,0.39261,-0.917237],[0.991669,-0.12752,0.0182143]],[[-0.109815,-0.910822,-0.397926],[-0.955808,0.206613,-0.209147],[0.272712,0.357373,-0.89326]],[[-0.109815,-0.910822,-0.397926],[-0.938421,-0.0369334,0.343513],[-0.327576,0.411145,-0.850678]]],3],[404,[-0.325616,-0.18668,0.92689],40,49.9441,[-38.4958,153.752,-1.14533],[-39.3671,155.242,-0.394266],[-101.52,157.107,111.655],false,[3.5827,139.57,27.1081],[-2.63779,153.637,-28.1251],[-36.1935,163.257,-30.0838],[-42.4907,159.647,-12.1583],[-38.0871,153.894,3.2684],[[[-0.243673,-0.946067,-0.213497],[0.96377,-0.211578,-0.162426],[0.108494,-0.245341,0.963347]],[[-0.25013,-0.928381,-0.274851],[0.12764,0.249779,-0.959853],[0.959762,-0.275171,0.0560218]],[[-0.25013,-0.928381,-0.274851],[-0.911816,0.321339,-0.255602],[0.325616,0.18668,-0.92689]],[[-0.25013,-0.928381,-0.274851],[-0.9331,0.155388,0.324312],[-0.258376,0.337584,-0.90514]]],4]],[[0,200,0],[235.247,235.247,147.751]]],[151852,81324774058,[[40,"right",[-0.0338967,0.4929,-0.869425],[-0.996294,-0.085473,-0.00961397],[-5.96064,181.434,-0.291346],[-20.3569,79.0348,3.57375],[1.42443,174.89,-1.89838],1,1,0.738195,[[-0.0267584,-0.752429,-0.65813],[0.883089,0.290723,-0.368284],[0.468441,-0.591042,0.656683]],63.0052,[125.761,-8.83645,217.764],[0.700782,148.955,42.4488]]],[[400,[-0.572541,0.276874,-0.771711],40,51.5317,[-61.3781,200.677,-5.85023],[-61.2871,202.192,-4.95226],[7.21375,148.238,95.3458],false,[-12.0521,170.782,59.2121],[-12.0521,170.782,59.2121],[-36.2454,204.869,32.9642],[-55.5475,214.203,6.94737],[-62.8324,198.442,-8.35124],[[[0.916308,-0.175797,-0.359827],[0.395165,0.542716,0.74115],[0.0649921,-0.821313,0.566764]],[[0.819261,0.156736,-0.551584],[0.297577,0.706042,0.642614],[0.490163,-0.690607,0.531792]],[[0.819261,0.156736,-0.551584],[0.0317644,0.948037,0.31657],[0.572541,-0.276874,0.771711]],[[0.819261,0.156736,-0.551584],[-0.479281,0.715256,-0.508624],[0.314804,0.68106,0.661102]]],0],[401,[-0.303412,-0.66821,0.679291],40,58.1478,[-52.1927,189.363,10.4688],[-52.161,191.787,11.3501],[6.97793,193.32,90.6528],false,[7.48202,170.744,46.2598],[-6.62765,215.236,-9.53551],[-48.8783,215.977,-13.8857],[-56.1296,200.007,2.34887],[-50.8287,189.198,14.2002],[[[0.0722376,-0.770826,-0.632937],[0.978346,0.178173,-0.105329],[0.193962,-0.611622,0.767005]],[[0.058007,-0.724528,-0.6868],[0.0861747,0.689024,-0.719597],[0.99459,-0.0174432,0.102404]],[[0.058007,-0.724528,-0.6868],[-0.951092,0.16898,-0.258592],[0.303412,0.66821,-0.679291]],[[0.058007,-0.724528,-0.6868],[-0.947724,-0.256192,0.190221],[-0.313773,0.639863,-0.701514]]],1],[402,[-0.322501,-0.456928,0.828981],40,66.2548,[-54.7104,179.077,10.7719],[-54.9462,181.97,12.1147],[-19.9089,201.19,98.4946],false,[9.88583,162.116,38.0125],[-2.78203,196.617,-20.3675],[-50.0741,201.983,-22.8395],[-59.142,189.135,0.469335],[-53.7219,179.845,15.621],[[[-0.0700712,-0.865376,-0.4962],[0.980495,0.0318189,-0.193953],[0.183631,-0.500112,0.846267]],[[-0.071476,-0.861519,-0.502669],[0.101279,0.495085,-0.862921],[0.992287,-0.112588,0.0518667]],[[-0.071476,-0.861519,-0.502669],[-0.943867,0.221364,-0.245181],[0.322501,0.456928,-0.828981]],[[-0.071476,-0.861519,-0.502669],[-0.953835,-0.088345,0.287042],[-0.2917,0.49998,-0.815433]]],2],[403,[-0.263758,-0.348763,0.899331],40,63.7057,[-46.1975,161.541,8.1801],[-47.6628,165.776,10.3553],[-39.5335,165.927,119.969],false,[9.76276,152.09,31.1555],[-0.857552,174.762,-25.4965],[-44.621,180.796,-25.766],[-51.8457,171.243,-1.13225],[-45.6549,163.7,14.5547],[[[-0.115998,-0.929459,-0.350214],[0.978337,-0.0460483,-0.201833],[0.171469,-0.36604,0.914666]],[[-0.123419,-0.912481,-0.390059],[0.0588472,0.385643,-0.92077],[0.990608,-0.136594,0.00610144]],[[-0.123419,-0.912481,-0.390059],[-0.956661,0.213876,-0.197631],[0.263758,0.348763,-0.899331]],[[-0.123419,-0.912481,-0.390059],[-0.934064,-0.025912,0.356164],[-0.3351,0.408298,-0.849118]]],3],[404,[-0.315284,-0.177629,0.932225],40,49.9441,[-38.8958,154.734,-0.502469],[-39.6804,156.026,0.202757],[-83.2467,137.931,99.5493],false,[3.40705,140.144,27.2913],[-3.3297,153.88,-27.9646],[-36.8131,163.813,-29.5707],[-42.9105,160.377,-11.542],[-38.3613,154.681,3.86358],[[[-0.255417,-0.945107,-0.203803],[0.959665,-0.222209,-0.17224],[0.117499,-0.239575,0.963742]],[[-0.262463,-0.927689,-0.265531],[0.118054,0.24224,-0.963007],[0.957693,-0.2841,0.0459384]],[[-0.262463,-0.927689,-0.265531],[-0.911981,0.328392,-0.245864],[0.315284,0.177629,-0.932225]],[[-0.262463,-0.927689,-0.265531],[-0.927291,0.166366,0.335341],[-0.266917,0.334239,-0.903902]]],4]],[[0,200,0],[235.247,235.247,147.751]]],[151853,81324782555,[[40,"right",[-0.0372643,0.490191,-0.870818],[-0.996921,-0.0784004,-0.00147176],[-6.02974,182.076,-0.24569],[-17.1608,78.1142,4.0442],[1.04235,175.259,-1.81367],1,1,0.760615,[[-0.0386654,-0.752091,-0.657924],[0.883098,0.282382,-0.374698],[0.467593,-0.595499,0.653252]],63.0052,[125.572,-9.28688,216.951],[0.738367,149.694,42.5519]]],[[400,[-0.57682,0.273789,-0.769622],40,51.5317,[-61.2295,201.476,-5.26495],[-61.1548,202.961,-4.48583],[10.1447,129.147,84.8736],false,[-11.7263,171.668,59.3401],[-11.7263,171.668,59.3401],[-35.8969,205.806,33.1372],[-55.3433,215.036,7.19087],[-62.6901,199.024,-7.81383],[[[0.912164,-0.183538,-0.366428],[0.404854,0.542385,0.736147],[0.063634,-0.819837,0.56905]],[[0.815976,0.149015,-0.55855],[0.307204,0.706708,0.637331],[0.489703,-0.691635,0.530878]],[[0.815976,0.149015,-0.55855],[0.0382394,0.950176,0.30936],[0.57682,-0.273789,0.769622]],[[0.815976,0.149015,-0.55855],[-0.483105,0.706407,-0.517299],[0.317478,0.691942,0.648401]]],0],[401,[-0.303809,-0.664174,0.683061],40,58.1478,[-52.1034,190.729,11.0011],[-52.0719,192.813,11.687],[7.4677,174.832,76.3443],false,[7.70408,171.448,46.2345],[-6.52969,215.85,-9.6003],[-48.802,216.931,-13.6587],[-56.0628,201.058,2.66594],[-50.751,190.237,14.5019],[[[0.0617578,-0.773454,-0.630836],[0.978724,0.170837,-0.113644],[0.195669,-0.610396,0.767549]],[[0.0472296,-0.726567,-0.685471],[0.0868567,0.686624,-0.721805],[0.995101,-0.0254472,0.0955362]],[[0.0472296,-0.726567,-0.685471],[-0.951562,0.175991,-0.252106],[0.303809,0.664175,-0.683061]],[[0.0472296,-0.726567,-0.685471],[-0.948108,-0.248616,0.198196],[-0.314421,0.64054,-0.700606]]],1],[402,[-0.320815,-0.451373,0.83267],40,66.2548,[-54.8181,180.671,11.4497],[-54.9407,183.041,12.4866],[-15.0711,182.232,83.0775],false,[9.98131,162.775,37.9982],[-2.90212,197.167,-20.3983],[-50.1632,202.91,-22.6026],[-59.1837,190.219,0.809948],[-53.7249,180.941,15.9555],[[[-0.0801339,-0.866525,-0.492659],[0.979133,0.0241732,-0.201779],[0.186756,-0.498548,0.846506]],[[-0.0815508,-0.862711,-0.499078],[0.100037,0.491132,-0.865322],[0.991636,-0.120494,0.046251]],[[-0.0815508,-0.862711,-0.499078],[-0.943624,0.228017,-0.239961],[0.320815,0.451373,-0.83267]],[[-0.0815508,-0.862711,-0.499078],[-0.952389,-0.0801458,0.294164],[-0.293778,0.499305,-0.815101]]],2],[403,[-0.257632,-0.344187,0.902862],40,63.7057,[-46.4239,162.734,8.9795],[-47.6985,166.72,10.8369],[-30.3235,151.588,103.173],false,[9.73286,152.727,31.1768],[-1.17349,175.282,-25.4672],[-44.8966,181.607,-25.3644],[-51.9534,172.18,-0.633868],[-45.6703,164.646,15.0208],[[[-0.125359,-0.929786,-0.346097],[0.97636,-0.0537028,-0.209374],[0.176087,-0.364162,0.914538]],[[-0.132977,-0.912884,-0.385953],[0.0531371,0.382285,-0.922516],[0.989694,-0.143182,-0.00232692]],[[-0.132977,-0.912884,-0.385953],[-0.957049,0.219494,-0.18942],[0.257632,0.344188,-0.902862]],[[-0.132977,-0.912884,-0.385953],[-0.930939,-0.018583,0.364701],[-0.340102,0.407796,-0.847369]]],3],[404,[-0.308845,-0.172586,0.9353