{"metadata":{"formatVersion":2,"generatedBy":"LeapJS Playback 0.2.1","frames":102,"protocolVersion":6,"serviceVersion":"2.2.5+26752","frameRate":"98","modified":"Wed Apr 22 2015 20:22:54 GMT-0300 (E. South America Standard Time)"},"frames":[["id","timestamp",{"hands":[["id","type","direction","palmNormal","palmPosition","palmVelocity","stabilizedPalmPosition","pinchStrength","grabStrength","confidence","armBasis","armWidth","elbow","wrist"]]},{"pointables":[["id","direction","handId","length","stabilizedTipPosition","tipPosition","tipVelocity","tool","carpPosition","mcpPosition","pipPosition","dipPosition","btipPosition","bases","type"]]},{"interactionBox":["center","size"]}],[250182,82200198141,[[72,"right",[0.0722538,0.208721,-0.975303],[-0.90034,-0.407096,-0.153821],[60.158,102.705,19.3179],[-109.704,-10.469,-54.5892],[62.498,102.83,20.4755],0.632183,1,0.374931,[[0.385778,-0.922508,0.0124469],[0.879909,0.371953,0.295655],[-0.277373,-0.103105,0.955214]],61.1637,[-8.60001,60.3466,316.91],[63.2863,87.0681,69.3495]],[74,"left",[-0.353263,0.175003,-0.91901],[0.889552,-0.241321,-0.387894],[-120.778,113.48,27.6582],[-71.27,85.8949,18.8721],[-118.768,111.053,27.0233],0.871849,1,0.144613,[[-0.0659541,-0.95657,-0.283945],[-0.666598,0.253988,-0.700812],[-0.742494,-0.143056,0.654399]],61.6124,[-302.026,60.9674,247.588],[-108.184,98.3149,76.7445]]],[[720,[-0.159934,-0.0397349,-0.986328],72,50.0256,[28.0011,122.412,-2.81433],[27.2363,123.943,-2.88274],[-110.72,-78.0481,-41.4171],false,[41.972,106.495,75.2958],[41.972,106.495,75.2958],[33.5681,137.478,39.7249],[28.3339,136.177,7.44461],[27.5807,118.167,-5.96161],[[[0.992075,0.0470265,-0.116513],[0.0290715,0.81624,0.576981],[0.122236,-0.575796,0.808404]],[[0.983432,0.0799728,-0.162686],[0.0458262,0.758609,0.649932],[0.175392,-0.646619,0.742375]],[[0.983432,0.0799728,-0.162686],[-0.0853437,0.996005,-0.0262862],[0.159934,0.0397349,0.986328]],[[0.983432,0.0799728,-0.162686],[-0.178153,0.592335,-0.785748],[0.0335263,0.801713,0.596769]]],0],[721,[-0.464899,-0.490324,0.737191],72,56.4483,[6.84585,99.7788,17.1495],[6.14657,99.5917,17.2097],[-110.437,-37.5606,24.1329],false,[62.9349,109.396,66.9382],[53.4457,129.927,0.0403775],[16.8427,115.016,-11.7291],[6.05672,103.64,5.37425],[6.16332,98.4188,20.9207],[[[0.435186,-0.84155,-0.32001],[0.890256,0.455261,0.0134443],[0.134374,-0.290742,0.947319]],[[0.439367,-0.850649,-0.288708],[0.138383,0.381648,-0.91389],[0.887585,0.361581,0.285398]],[[0.439367,-0.850649,-0.288708],[-0.768652,-0.189677,-0.610898],[0.464899,0.490324,-0.737191]],[[0.439367,-0.850649,-0.288708],[-0.898284,-0.418372,-0.134353],[-0.0065001,0.318372,-0.947944]]],1],[722,[-0.413945,-0.313425,0.854643],72,64.3183,[11.8429,88.8921,26.1617],[8.90571,88.3227,26.8534],[-72.4097,-25.3226,73.331],false,[69.4019,100.464,62.6829],[64.3924,111.995,-3.09545],[20.181,99.4513,-8.44405],[8.88211,90.8962,14.8839],[9.86584,87.3748,32.5476],[[[0.291154,-0.938291,-0.186654],[0.953747,0.299939,-0.0200558],[0.074803,-0.172181,0.982221]],[[0.289897,-0.935364,-0.202617],[0.0531978,0.22713,-0.97241],[0.955578,0.27112,0.115604]],[[0.289897,-0.935364,-0.202617],[-0.862908,-0.163887,-0.47805],[0.413945,0.313425,-0.854643]],[[0.289897,-0.935364,-0.202617],[-0.955503,-0.29493,-0.00558236],[-0.0545363,0.195219,-0.979242]]],2],[723,[-0.47608,-0.155675,0.865513],72,61.8437,[20.6195,78.0239,29.0046],[17.8166,77.6756,29.648],[-67.0019,-11.5222,61.498],false,[73.5837,89.8489,59.7019],[72.9477,92.0487,-0.381511],[31.442,82.6808,-5.75078],[18.7827,78.5413,17.2638],[18.5714,77.5607,35.1701],[[[0.226257,-0.973325,-0.0380308],[0.97401,0.226495,-0.00201887],[0.0105788,-0.0365856,0.999275]],[[0.226106,-0.972788,-0.0505997],[0.110736,0.0772771,-0.990841],[0.967788,0.218431,0.125195]],[[0.226106,-0.972788,-0.0505997],[-0.849838,-0.171608,-0.498324],[0.47608,0.155675,-0.865513]],[[0.226106,-0.972788,-0.0505997],[-0.974032,-0.225155,-0.0238268],[0.0117856,0.0546731,-0.998435]]],3],[724,[-0.603049,0.121987,0.788321],72,48.4843,[31.7257,73.5608,21.9633],[29.7707,73.1954,21.6797],[-69.2073,-8.89052,69.0155],false,[71.8573,76.3163,58.9804],[76.6078,72.2351,3.67495],[43.6959,69.0057,-3.9634],[32.3741,71.2959,10.8367],[29.9446,74.3069,26.9232],[[[0.0618945,-0.994972,0.0787398],[0.994427,0.0682218,0.0803821],[-0.0853497,0.0733257,0.993649]],[[0.0517815,-0.980168,0.191285],[0.238787,-0.173834,-0.955386],[0.96969,0.0951479,0.22505]],[[0.0517815,-0.980168,0.191285],[-0.796021,-0.156175,-0.584773],[0.603049,-0.121987,-0.788321]],[[0.0517815,-0.980168,0.191285],[-0.987803,-0.0784351,-0.134509],[0.146845,-0.181987,-0.972274]]],4],[740,[0.0424307,-0.125796,-0.991148],74,50.3926,[-85.7998,127.332,0.390279],[-87.0398,129.421,0.568954],[-30.6989,30.7308,-12.3532],false,[-89.7411,121.528,77.6758],[-89.7411,121.528,77.6758],[-88.1186,149.086,38.0835],[-86.7198,144.939,5.40743],[-86.3928,123.282,-1.14737],[[[-0.98113,-0.13411,0.139275],[-0.0268382,0.807829,0.588805],[0.191475,-0.573957,0.796185]],[[-0.999094,-0.00222366,-0.0424886],[-0.0260835,0.820972,0.570372],[-0.0336136,-0.570964,0.820287]],[[-0.999094,-0.00222366,-0.0424886],[0.00314092,0.992054,-0.125777],[-0.0424307,0.125796,0.991148]],[[-0.999094,-0.00222366,-0.0424886],[0.0400184,0.290009,-0.956187],[-0.0144483,0.957021,0.289657]]],0],[741,[0.507463,-0.447011,0.736656],74,56.8624,[-72.2038,115.431,22.1166],[-73.914,116.433,22.2706],[-67.6001,49.0694,28.5145],false,[-112.473,120.457,74.9518],[-124.164,141.322,7.95667],[-86.6248,131.054,-6.57108],[-74.7649,120.607,10.6453],[-74.0323,115.166,26.2268],[[[-0.34486,-0.911601,-0.223728],[-0.924155,0.288017,0.250965],[0.164343,-0.293307,0.941787]],[[-0.356119,-0.887286,-0.293093],[-0.237855,0.389398,-0.889828],[-0.903661,0.247171,0.349718]],[[-0.356119,-0.887286,-0.293093],[0.78464,-0.113603,-0.609454],[-0.507463,0.447011,-0.736656]],[[-0.356119,-0.887286,-0.293093],[0.933388,-0.322882,-0.156636],[-0.0443466,0.32935,-0.943166]]],1],[742,[0.604425,-0.202958,0.770376],74,64.7901,[-68.0338,107.852,24.8756],[-70.2444,109.057,26.1624],[-70.2706,54.7708,44.2105],false,[-118.15,110.361,72.1934],[-132.228,121.517,7.16847],[-88.7435,116.751,-8.90894],[-72.1244,111.17,12.2732],[-69.7743,108.345,30.0682],[[[-0.156854,-0.978501,-0.133916],[-0.965321,0.123244,0.230144],[0.208692,-0.165371,0.963898]],[[-0.156998,-0.978386,-0.134581],[-0.323744,0.179726,-0.928918],[-0.933028,0.102268,0.344964]],[[-0.156998,-0.978386,-0.134581],[0.781039,-0.0396031,-0.623225],[-0.604425,0.202958,-0.770376]],[[-0.156998,-0.978386,-0.134581],[0.979094,-0.136348,-0.150945],[-0.129333,0.155466,-0.979338]]],2],[743,[0.667617,-0.0259938,0.744051],74,62.2974,[-72.1826,95.8576,26.8689],[-75.222,97.5295,29.4516],[-76.6187,62.7528,72.4079],false,[-121.01,99.0334,70.0462],[-136.146,100.254,11.4125],[-95.9434,98.232,-4.27376],[-78.0608,97.5357,15.6562],[-74.1105,97.4818,33.2849],[[[-0.0512141,-0.998659,-0.00757611],[-0.966916,0.0476851,0.250598],[0.249901,-0.0201596,0.968062]],[[-0.0473036,-0.998852,0.0075489],[-0.36303,0.0101508,-0.931722],[-0.930576,0.0468143,0.363094]],[[-0.0473036,-0.998852,0.0075489],[0.743001,-0.0402361,-0.66808],[-0.667617,0.0259938,-0.744051]],[[-0.0473036,-0.998852,0.0075489],[0.974654,-0.0478094,-0.218551],[-0.218661,0.00298068,-0.975796]]],3],[744,[0.704947,0.170485,0.688465],74,48.84,[-83.8354,87.1528,21.4576],[-87.6774,88.2103,25.9569],[-81.4801,59.5003,91.1104],false,[-117.11,85.9253,68.5126],[-135.056,80.0335,15.7227],[-104.457,83.2475,0.813249],[-91.1253,86.4717,13.8334],[-86.5566,88.6437,29.7138],[[[0.138525,-0.988339,0.0632162],[-0.937209,-0.110193,0.330904],[0.320079,0.105085,0.941545]],[[0.148262,-0.984658,0.09202],[-0.42074,-0.147011,-0.89519],[-0.894984,-0.0940058,0.436081]],[[0.148262,-0.984658,0.09202],[0.69359,0.0372037,-0.719408],[-0.704947,-0.170485,-0.688465]],[[0.148262,-0.984658,0.09202],[0.950199,0.116043,-0.289234],[-0.274118,-0.13032,-0.952825]]],4]],[[0,200,0],[235.247,235.247,147.751]]],[250183,82200206830,[[72,"right",[0.050363,0.196281,-0.979253],[-0.901388,-0.413288,-0.129198],[59.2632,102.989,19.3038],[-107.911,1.02852,-40.4749],[61.743,102.867,20.202],0.613948,1,0.381342,[[0.387596,-0.921775,0.0100046],[0.878828,0.37277,0.297833],[-0.278264,-0.106647,0.954566]],61.1637,[-8.57987,60.3832,316.849],[63.5373,88.0226,69.4555]],[74,"left",[-0.341595,0.169525,-0.924432],[0.896732,-0.235707,-0.374584],[-120.699,113.743,27.5615],[-49.8571,71.0639,10.8783],[-119.181,111.628,27.1384],0.86407,1,0.15843,[[-0.0602492,-0.95746,-0.282205],[-0.667796,0.248794,-0.701534],[-0.741902,-0.146188,0.654378]],61.6124,[-302.371,60.6573,247.706],[-108.683,98.8226,76.8674]]],[[720,[-0.17155,-0.049074,-0.983952],72,50.0256,[27.4044,122.457,-2.53833],[26.4431,123.782,-2.44362],[-98.4102,-52.2205,-16.9612],false,[42.2588,107.426,75.6046],[42.2588,107.426,75.6046],[33.5256,138.11,39.8544],[27.9112,136.504,7.65185],[26.9788,118.283,-5.45531],[[[0.989114,0.0501476,-0.138345],[0.0373384,0.823845,0.565584],[0.142337,-0.564593,0.813004]],[[0.981676,0.0755963,-0.174923],[0.0556139,0.764327,0.642426],[0.182264,-0.640382,0.746117]],[[0.981676,0.0755963,-0.174923],[-0.0829674,0.99593,-0.0352062],[0.17155,0.049074,0.983952]],[[0.981676,0.0755963,-0.174923],[-0.185984,0.580025,-0.793083],[0.0415057,0.811083,0.583456]]],0],[721,[-0.445979,-0.482629,0.753772],72,56.4483,[6.05028,99.7007,17.856],[5.24655,99.5942,18.4211],[-108.307,-27.4816,55.2096],false,[63.0237,110.315,66.7628],[52.0055,129.925,-0.177152],[15.2307,114.679,-10.9385],[4.88367,103.481,6.54954],[5.35769,98.4692,22.1579],[[[0.432424,-0.843615,-0.318314],[0.888069,0.459566,-0.0115441],[0.156025,-0.277692,0.947915]],[[0.437321,-0.852292,-0.286963],[0.116315,0.37002,-0.921714],[0.891751,0.369707,0.260952]],[[0.437321,-0.852292,-0.286963],[-0.78093,-0.201661,-0.591169],[0.445979,0.482629,-0.753772]],[[0.437321,-0.852292,-0.286963],[-0.898841,-0.424501,-0.109015],[-0.0289035,0.305609,-0.951718]]],1],[722,[-0.390209,-0.303356,0.869317],72,64.3183,[11.5574,88.8371,26.5606],[8.40727,88.4783,28.2892],[-66.75,-12.538,95.9933],false,[69.4425,101.359,62.4862],[62.9716,112.005,-3.31384],[18.7168,99.1696,-7.4818],[8.06582,90.8894,16.2467],[9.53223,87.6324,33.9276],[[[0.291755,-0.939277,-0.180657],[0.9516,0.304118,-0.0443785],[0.0966248,-0.158966,0.982544]],[[0.290148,-0.936572,-0.196587],[0.0298349,0.214177,-0.976339],[0.956517,0.277417,0.0900855]],[[0.290148,-0.936572,-0.196587],[-0.873814,-0.17552,-0.453477],[0.390209,0.303356,-0.869317]],[[0.290148,-0.936572,-0.196587],[-0.953523,-0.300384,0.0237499],[-0.0812951,0.180559,-0.980199]]],2],[723,[-0.453319,-0.145903,0.879326],72,61.8437,[20.3804,78.0277,29.3426],[17.4142,77.9243,30.9853],[-60.1251,-0.00577855,84.5221],false,[73.6124,90.7252,59.5542],[71.6819,92.1359,-0.525209],[30.1144,82.5018,-4.84178],[18.0603,78.6221,18.5401],[18.3223,77.8942,36.4578],[[[0.230223,-0.972668,-0.0302354],[0.972608,0.231011,-0.0258283],[0.0321071,-0.023461,0.999209]],[[0.229799,-0.972294,-0.0428604],[0.0882328,0.0646707,-0.993998],[0.96923,0.224638,0.100649]],[[0.229799,-0.972294,-0.0428604],[-0.861217,-0.182638,-0.474288],[0.453319,0.145903,-0.879326]],[[0.229799,-0.972294,-0.0428604],[-0.973129,-0.230211,0.00487325],[-0.0146052,0.0405888,-0.999069]]],3],[724,[-0.581495,0.131907,0.802785],72,48.4843,[31.3778,73.6291,22.4543],[29.2385,73.4539,22.903],[-65.9244,2.15984,86.2741],false,[71.9382,77.1765,59.0456],[75.5262,72.3944,3.70869],[42.4541,68.9215,-3.08437],[31.5371,71.3979,11.9872],[29.5526,74.6441,28.0891],[[[0.0685026,-0.993556,0.0903013],[0.995566,0.0739275,0.0581634],[-0.0644643,0.0859166,0.994215]],[[0.0606055,-0.977003,0.204433],[0.216461,-0.187071,-0.958201],[0.974408,0.102324,0.200145]],[[0.0606055,-0.977003,0.204433],[-0.81129,-0.16753,-0.560127],[0.581495,-0.131907,-0.802785]],[[0.0606055,-0.977003,0.204433],[-0.99093,-0.083501,-0.105291],[0.11994,-0.196197,-0.973201]]],4],[740,[0.0588728,-0.117615,-0.991313],74,50.3926,[-85.8604,128.038,0.481985],[-86.5335,130.23,0.868757],[-7.67158,59.7333,0.398223],false,[-90.4319,122.178,77.9854],[-90.4319,122.178,77.9854],[-88.375,149.97,38.5766],[-86.4341,146.092,5.89512],[-85.8495,124.512,-0.892489],[[[-0.981951,-0.141161,0.125879],[-0.0412529,0.809378,0.585837],[0.184581,-0.57007,0.800593]],[[-0.998264,-0.00871714,-0.0582514],[-0.0406582,0.817548,0.574423],[-0.042616,-0.575794,0.816483]],[[-0.998264,-0.00871714,-0.0582514],[-0.00179018,0.993021,-0.117924],[-0.0588728,0.117615,0.991313]],[[-0.998264,-0.00871714,-0.0582514],[0.0529342,0.300929,-0.952176],[-0.0258298,0.953607,0.299945]]],0],[741,[0.500114,-0.440875,0.745329],74,56.8624,[-72.5318,115.707,22.3066],[-73.7972,117.034,22.8394],[-46.1171,54.3986,38.2403],false,[-113.115,120.926,74.9452],[-124.018,141.498,7.72724],[-86.1987,131.469,-6.22922],[-74.5106,121.165,11.1898],[-73.9614,115.778,26.7978],[[[-0.334756,-0.914876,-0.225701],[-0.929756,0.281723,0.237037],[0.153274,-0.289197,0.944919]],[[-0.345222,-0.89085,-0.29531],[-0.227998,0.384835,-0.894382],[-0.910406,0.241431,0.335965]],[[-0.345222,-0.89085,-0.29531],[0.794171,-0.109616,-0.597726],[-0.500114,0.440875,-0.745329]],[[-0.345222,-0.89085,-0.29531],[0.937932,-0.316337,-0.142176],[-0.0332399,0.326063,-0.944763]]],1],[742,[0.594664,-0.195992,0.779719],74,64.7901,[-68.3447,108.11,25.1325],[-70.1172,109.695,26.8152],[-47.4403,59.6668,53.1451],false,[-118.675,110.779,72.1388],[-131.92,121.63,6.8877],[-88.1649,117.14,-8.5212],[-71.8141,111.751,12.9178],[-69.6932,108.998,30.7528],[[[-0.147532,-0.980068,-0.133044],[-0.969374,0.116579,0.216155],[0.196336,-0.160859,0.967252]],[[-0.147666,-0.979958,-0.133705],[-0.31111,0.174348,-0.934245],[-0.938832,0.0963592,0.33062]],[[-0.147666,-0.979958,-0.133705],[0.790297,-0.0356284,-0.611687],[-0.594663,0.195992,-0.779719]],[[-0.147666,-0.979958,-0.133705],[0.982126,-0.129334,-0.136753],[-0.11672,0.151509,-0.98154]]],2],[743,[0.657659,-0.0187606,0.753082],74,62.2974,[-72.4724,96.1038,27.1907],[-75.0394,98.1423,30.0296],[-50.4038,64.8235,70.8237],false,[-121.419,99.4231,69.9871],[-135.736,100.351,11.1428],[-95.3051,98.5885,-3.97783],[-77.6892,98.0859,16.194],[-73.9761,98.1133,33.8743],[[[-0.0435332,-0.999039,-0.00516843],[-0.970685,0.0410725,0.236821],[0.236381,-0.0153265,0.97154]],[[-0.0398578,-0.999156,0.00991667],[-0.35011,0.00466962,-0.936697],[-0.93586,0.0408066,0.35]],[[-0.0398578,-0.999156,0.00991667],[0.75226,-0.036538,-0.657852],[-0.657659,0.0187606,-0.753082]],[[-0.0398578,-0.999156,0.00991667],[0.977838,-0.041045,-0.205301],[-0.205535,-0.00151405,-0.978649]]],3],[744,[0.6939,0.177636,0.697817],74,48.84,[-84.0502,87.2454,21.771],[-87.38,88.7163,26.4146],[-50.5819,59.1502,81.0087],false,[-117.399,86.3406,68.5495],[-134.554,80.1525,15.5312],[-103.767,83.558,1.05626],[-90.6445,86.9174,14.2533],[-86.3113,89.1672,30.1888],[[[0.145106,-0.987059,0.0682533],[-0.940916,-0.116331,0.318031],[0.305975,0.110369,0.94562]],[[0.154305,-0.983264,0.0968598],[-0.406638,-0.152547,-0.900763],[-0.900464,-0.0996058,0.423371]],[[0.154305,-0.983264,0.0968598],[0.703344,0.0404659,-0.709697],[-0.6939,-0.177636,-0.697817]],[[0.154305,-0.983264,0.0968598],[0.953203,0.122354,-0.276467],[-0.259989,-0.134987,-0.95613]]],4]],[[0,200,0],[235.247,235.247,147.751]]],[250184,82200215509,[[72,"right",[0.0465491,0.210984,-0.976381],[-0.898988,-0.417282,-0.133029],[58.9585,104.647,19.5399],[-88.5289,51.6122,-22.4579],[61.0927,103.283,20.0474],0.604798,1,0.392635,[[0.390626,-0.92052,0.00733671],[0.877598,0.374794,0.298917],[-0.277909,-0.110326,0.954251]],61.1637,[-8.56518,60.3804,316.767],[63.46,88.9734,69.4552]],[74,"left",[-0.351026,0.195159,-0.915802],[0.89388,-0.221422,-0.389809],[-121.312,115.225,28.0317],[-55.3634,97.6194,22.4063],[-119.643,112.408,27.332],0.862918,1,0.161667,[[-0.0719737,-0.953198,-0.293655],[-0.666336,0.265029,-0.696962],[-0.74217,-0.14551,0.654225]],61.6124,[-302.53,60.9296,247.563],[-108.772,98.9178,76.7647]]],[[720,[-0.166711,-0.0334449,-0.985438],72,50.0256,[27.4194,123.822,-1.8876],[26.5203,125.384,-1.70715],[-65.1264,16.4745,10.9162],false,[42.0706,108.143,75.9419],[42.0706,108.143,75.9419],[33.479,139.397,40.6543],[28.0229,138.303,8.40315],[27.2453,120.065,-4.69064],[[[0.988403,0.0587008,-0.140046],[0.0333908,0.81567,0.577553],[0.148134,-0.575532,0.804251]],[[0.982433,0.0793731,-0.168896],[0.0517125,0.753809,0.655056],[0.179309,-0.652282,0.736462]],[[0.982433,0.0793731,-0.168896],[-0.083866,0.996284,-0.0196251],[0.166711,0.0334449,0.985438]],[[0.982433,0.0793731,-0.168896],[-0.183379,0.578468,-0.794825],[0.0346131,0.811834,0.582861]]],0],[721,[-0.440061,-0.496358,0.748315],72,56.4483,[5.57162,100.256,18.3443],[4.97809,100.908,18.7767],[-87.4287,19.9724,51.8713],false,[62.7932,111.299,67.0921],[51.474,131.818,0.475527],[14.7685,116.474,-10.3839],[4.55878,104.959,6.97759],[5.11788,99.7273,22.511],[[[0.437127,-0.835973,-0.331767],[0.885002,0.465535,-0.0069831],[0.160287,-0.290562,0.943335]],[[0.442168,-0.845088,-0.300523],[0.110724,0.383922,-0.916703],[0.890072,0.372062,0.263329]],[[0.442168,-0.845088,-0.300523],[-0.781559,-0.198633,-0.591364],[0.440061,0.496358,-0.748315]],[[0.442168,-0.845088,-0.300523],[-0.896284,-0.429044,-0.112232],[-0.0340911,0.318979,-0.947148]]],1],[722,[-0.381806,-0.317799,0.867887],72,64.3183,[11.3441,88.9048,26.8841],[8.39503,89.6824,28.6273],[-48.8316,27.7542,78.9036],false,[69.2596,102.45,62.6682],[62.5494,114.019,-2.95177],[18.3672,100.937,-7.12376],[7.94561,92.262,16.5657],[9.57438,88.7869,34.1908],[[[0.297444,-0.934575,-0.195185],[0.949467,0.31101,-0.0422593],[0.100199,-0.172752,0.979856]],[[0.295783,-0.931655,-0.211026],[0.0243417,0.22819,-0.973312],[0.954945,0.282752,0.0901728]],[[0.295783,-0.931655,-0.211026],[-0.875635,-0.176135,-0.449711],[0.381806,0.317799,-0.867887]],[[0.295783,-0.931655,-0.211026],[-0.950978,-0.308065,0.0271414],[-0.0902963,0.192654,-0.977103]]],2],[723,[-0.443865,-0.16073,0.881561],72,61.8437,[20.208,78.1425,29.6179],[17.5605,79.183,31.1376],[-38.4455,38.4593,64.8568],false,[73.4916,91.8877,59.5697],[71.3969,94.1687,-0.47748],[29.8792,84.3236,-4.79707],[18.0765,80.0497,18.6442],[18.5576,79.0962,36.5468],[[[0.23652,-0.970578,-0.0451186],[0.971002,0.237778,-0.0248392],[0.0348366,-0.0379353,0.998673]],[[0.236051,-0.970008,-0.0580046],[0.0843837,0.0799275,-0.993223],[0.96807,0.229557,0.10072]],[[0.236051,-0.970008,-0.0580046],[-0.864444,-0.182347,-0.468493],[0.443865,0.16073,-0.881561]],[[0.236051,-0.970008,-0.0580046],[-0.97137,-0.237188,0.0134683],[-0.0268224,0.0531647,-0.998225]]],3],[724,[-0.574984,0.118692,0.809509],72,48.4843,[31.1475,73.9404,22.8042],[29.3089,74.9465,22.9759],[-45.9236,46.8111,64.1374],false,[71.905,78.3371,58.8659],[75.3816,74.3929,3.45586],[42.2994,70.8078,-3.22869],[31.5046,73.0362,11.9691],[29.6661,76.0695,28.1298],[[[0.075252,-0.994302,0.0754987],[0.995206,0.0796314,0.0567743],[-0.0624629,0.0708644,0.995528]],[[0.0674266,-0.979181,0.191463],[0.213072,-0.17334,-0.961537],[0.974707,0.105628,0.196948]],[[0.0674266,-0.979181,0.191463],[-0.815381,-0.16467,-0.555011],[0.574984,-0.118692,-0.809509]],[[0.0674266,-0.979181,0.191463],[-0.991517,-0.087134,-0.0964432],[0.111118,-0.183336,-0.97675]]],4],[740,[0.0536027,-0.0845497,-0.994976],74,50.3926,[-86.0927,129.421,0.733586],[-87.1597,132.731,1.4598],[-23.1538,126.645,17.6547],false,[-90.5897,122.297,78.3904],[-90.5897,122.297,78.3904],[-88.7567,151.365,39.9022],[-86.9895,148.578,7.09994],[-86.4256,127.276,-0.517286],[[[-0.980217,-0.148343,0.131031],[-0.0383434,0.7918,0.609576],[0.194177,-0.592492,0.781824]],[[-0.998558,-0.00742643,-0.0531646],[-0.0379398,0.79828,0.60109],[-0.0379763,-0.602241,0.797411]],[[-0.998558,-0.00742643,-0.0531646],[-0.00289407,0.996392,-0.0848259],[-0.0536027,0.0845497,0.994976]],[[-0.998558,-0.00742643,-0.0531646],[0.0475449,0.337446,-0.940144],[-0.0249221,0.941316,0.336606]]],0],[741,[0.508336,-0.460569,0.727647],74,56.8624,[-72.9234,116.247,22.49],[-74.4812,118.821,22.9826],[-54.6504,94.3271,32.5124],false,[-113.296,121.051,75.5307],[-124.914,143.535,9.04842],[-87.1934,134.048,-5.54087],[-75.3131,123.284,11.4649],[-74.6028,117.449,26.9041],[[[-0.333832,-0.909119,-0.249115],[-0.928377,0.271308,0.253983],[0.163314,-0.316061,0.934577]],[[-0.345051,-0.883103,-0.317913],[-0.237547,0.409854,-0.880676],[-0.908026,0.228359,0.351199]],[[-0.345051,-0.883103,-0.317913],[0.789009,-0.0894689,-0.607833],[-0.508336,0.460569,-0.727647]],[[-0.345051,-0.883103,-0.317913],[0.937599,-0.308798,-0.15985],[-0.0429937,0.353231,-0.934548]]],1],[742,[0.603423,-0.216496,0.76747],74,64.7901,[-68.704,108.587,25.334],[-70.7123,111.384,26.6631],[-52.7541,95.7986,34.0667],false,[-118.849,110.97,72.4823],[-132.757,123.671,7.70451],[-89.1421,119.794,-8.25931],[-72.5504,113.841,12.8429],[-70.233,110.575,30.5665],[[[-0.145509,-0.976303,-0.160184],[-0.96764,0.1067,0.228668],[0.206157,-0.188273,0.960236]],[[-0.145652,-0.976173,-0.16085],[-0.320984,0.200416,-0.925637],[-0.935818,0.0831905,0.342526]],[[-0.145652,-0.976173,-0.16085],[0.784006,-0.0147228,-0.620578],[-0.603423,0.216496,-0.76747]],[[-0.145652,-0.976173,-0.16085],[0.981081,-0.121556,-0.150681],[-0.127538,0.179754,-0.975409]]],2],[743,[0.664852,-0.03847,0.745984],74,62.2974,[-72.8039,96.5162,27.4463],[-75.5636,99.7207,29.6217],[-53.1104,96.1475,39.8896],false,[-121.575,99.6723,70.0262],[-136.46,102.264,11.3728],[-96.1594,101.089,-4.14723],[-78.3509,100.059,15.8345],[-74.4611,99.5808,33.4703],[[[-0.0402236,-0.998615,-0.0339104],[-0.968498,0.0306185,0.247132],[0.245752,-0.0427827,0.968388]],[[-0.0364469,-0.999154,-0.0190429],[-0.358424,0.0308575,-0.933049],[-0.932847,0.0271813,0.359245]],[[-0.0364469,-0.999154,-0.0190429],[0.746085,-0.0145281,-0.665692],[-0.664852,0.03847,-0.745984]],[[-0.0364469,-0.999154,-0.0190429],[0.975866,-0.0314789,-0.216091],[-0.215309,0.0264591,-0.976187]]],3],[744,[0.700504,0.159547,0.695585],74,48.84,[-84.3144,87.4584,22.062],[-87.9062,90.3598,25.8318],[-53.0091,93.7221,41.237],false,[-117.525,86.652,68.1693],[-135.168,81.9498,15.1584],[-104.535,85.8886,0.495203],[-91.2868,88.9059,13.65],[-86.7924,90.7036,29.5982],[[[0.14907,-0.988095,0.0380338],[-0.937422,-0.128976,0.323427],[0.314671,0.0838671,0.945488]],[[0.158447,-0.985133,0.0663928],[-0.414852,-0.127441,-0.90092],[-0.895987,-0.115205,0.428877]],[[0.158447,-0.985133,0.0663928],[0.695836,0.0637051,-0.715369],[-0.700504,-0.159547,-0.695585]],[[0.158447,-0.985133,0.0663928],[0.949828,0.133713,-0.28275],[-0.269669,-0.107863,-0.956893]]],4]],[[0,200,0],[235.247,235.247,147.751]]],[250185,82200232839,[[72,"right",[0.0300513,0.219951,-0.975048],[-0.894439,-0.429521,-0.124458],[58.7048,106.223,19.9978],[-54.4637,69.7392,0.0785882],[60.0979,104.507,20.0267],0.58374,1,0.39798,[[0.398232,-0.917262,0.00652477],[0.87339,0.38134,0.302934],[-0.280358,-0.114939,0.952989]],61.1637,[-8.53911,60.4057,316.693],[64.1208,90.1943,69.7091]],[74,"left",[-0.337331,0.207915,-0.918139],[0.906503,-0.191297,-0.376375],[-120.919,117.887,28.1796],[-19.3969,123.425,16.0105],[-120.158,114.617,27.6738],0.857221,1,0.197506,[[-0.0681436,-0.951656,-0.299512],[-0.667798,0.266548,-0.694981],[-0.741217,-0.152655,0.653677]],61.6124,[-302.473,60.906,247.433],[-108.964,100.76,76.7778]]],[[720,[-0.173863,-0.0259535,-0.984428],72,50.0256,[27.2269,125.29,-0.612435],[26.1957,126.458,-0.504378],[-41.0211,41.3913,38.7068],false,[42.5402,108.987,76.6519],[42.5402,108.987,76.6519],[33.3587,140.474,41.722],[27.6685,139.624,9.50387],[27.0622,121.257,-3.4171],[[[0.985416,0.0746506,-0.152916],[0.0291962,0.811136,0.584128],[0.167641,-0.580073,0.797127]],[[0.980249,0.0911196,-0.175527],[0.0489211,0.748234,0.661629],[0.191622,-0.657148,0.728997]],[[0.980249,0.0911196,-0.175527],[-0.0942563,0.995502,-0.00959863],[0.173863,0.0259535,0.984428]],[[0.980249,0.0911196,-0.175527],[-0.195918,0.568545,-0.798982],[0.0269919,0.81759,0.575168]]],0],[721,[-0.391083,-0.500961,0.77207],72,56.4483,[5.64511,100.769,19.8257],[5.46872,101.584,21.216],[-26.8461,26.2364,108.553],false,[63.0908,112.527,67.5498],[50.5582,133.44,1.27396],[13.8269,117.089,-7.89633],[4.75352,105.466,10.0163],[6.04943,100.331,25.5378],[[[0.44489,-0.826497,-0.344928],[0.877825,0.478748,-0.0149259],[0.17747,-0.296146,0.93851]],[[0.450448,-0.835727,-0.314096],[0.0613013,0.379931,-0.922982],[0.890696,0.396501,0.22237]],[[0.450448,-0.835727,-0.314096],[-0.80259,-0.22494,-0.552495],[0.391083,0.500961,-0.77207]],[[0.450448,-0.835727,-0.314096],[-0.889299,-0.451134,-0.0750021],[-0.0790183,0.31311,-0.946424]]],1],[722,[-0.360587,-0.329832,0.872461],72,64.3183,[11.1424,89.0671,27.372],[8.69645,90.4424,29.8523],[-17.5922,35.7025,72.851],false,[69.6265,103.813,62.9618],[61.8482,115.838,-2.45801],[17.8114,102.113,-6.06341],[7.96899,93.1102,17.7509],[9.99337,89.5462,35.3172],[[[0.308566,-0.928333,-0.207329],[0.944085,0.325509,-0.0524168],[0.116148,-0.179562,0.976866]],[[0.306651,-0.925312,-0.223074],[0.00593297,0.236219,-0.971682],[0.951804,0.296643,0.0779266]],[[0.306651,-0.925312,-0.223074],[-0.880876,-0.187103,-0.434798],[0.360587,0.329832,-0.872461]],[[0.306651,-0.925312,-0.223074],[-0.945183,-0.323664,0.0432574],[-0.112228,0.197581,-0.973841]]],2],[723,[-0.421395,-0.173442,0.890137],72,61.8437,[20.0682,78.4124,30.1004],[18.1819,80.1042,32.1752],[-2.89627,45.554,60.362],false,[73.9718,93.3421,59.7143],[71.0221,96.1021,-0.276806],[29.5944,85.671,-4.05159],[18.3893,81.0591,19.6177],[19.3343,80.0067,37.4963],[[[0.250242,-0.966517,-0.0567697],[0.96694,0.252462,-0.0359285],[0.0490577,-0.045902,0.997741]],[[0.249567,-0.965821,-0.0700421],[0.0679726,0.0896246,-0.993653],[0.965969,0.243222,0.0880167]],[[0.249567,-0.965821,-0.0700421],[-0.871861,-0.192634,-0.450278],[0.421395,0.173442,-0.890137]],[[0.249567,-0.965821,-0.0700421],[-0.966923,-0.252481,0.0362475],[-0.0526929,0.0586791,-0.996885]]],3],[724,[-0.55711,0.106638,0.823563],72,48.4843,[31.0125,74.6436,23.4438],[29.8212,76.1698,23.8516],[-10.137,57.6856,55.929],false,[72.5767,79.7758,58.9142],[75.3529,76.3553,3.42983],[42.2192,72.3409,-2.73546],[31.7599,74.3429,12.7262],[30.3032,77.2636,28.9464],[[[0.0910088,-0.993673,0.0658115],[0.9946,0.0940059,0.0439693],[-0.0498778,0.0614546,0.996863]],[[0.0844299,-0.979309,0.183919],[0.199644,-0.164209,-0.966011],[0.976224,0.118278,0.181649]],[[0.0844299,-0.979309,0.183919],[-0.826135,-0.171996,-0.536579],[0.55711,-0.106638,-0.823563]],[[0.0844299,-0.979309,0.183919],[-0.992532,-0.098964,-0.0713194],[0.0880451,-0.176524,-0.980351]]],4],[740,[0.0768379,-0.0529658,-0.995636],74,50.3926,[-85.9941,133.816,1.79785],[-86.497,137.126,2.7237],[4.2808,193.519,44.2638],false,[-91.3826,124.516,79.3019],[-91.3826,124.516,79.3019],[-89.4024,154.805,41.7748],[-86.8692,153.059,8.95079],[-85.6434,132.052,0.62617],[[[-0.97879,-0.17433,0.107606],[-0.069422,0.776414,0.626388],[0.192745,-0.605632,0.772049]],[[-0.996751,-0.0282767,-0.0754197],[-0.0693143,0.778067,0.624345],[-0.0410271,-0.627544,0.777499]],[[-0.996751,-0.0282767,-0.0754197],[-0.0241586,0.998196,-0.0549664],[-0.0768379,0.0529658,0.995636]],[[-0.996751,-0.0282767,-0.0754197],[0.05961,0.370756,-0.926815],[-0.0541696,0.9283,0.367866]]],0],[741,[0.504166,-0.465134,0.727645],74,56.8624,[-73.4294,118.436,23.1977],[-74.1143,122.694,24.1957],[-19.7902,153.432,49.6071],false,[-113.992,122.803,75.9518],[-124.821,146.534,9.77074],[-86.5971,138.269,-4.23989],[-74.8143,127.398,12.7658],[-74.28,121.228,28.0818],[[[-0.306926,-0.910731,-0.276343],[-0.939479,0.243477,0.241034],[0.152234,-0.333598,0.930342]],[[-0.317399,-0.883395,-0.344777],[-0.229342,0.424293,-0.876001],[-0.920141,0.19897,0.337269]],[[-0.317399,-0.883395,-0.344777],[0.803165,-0.0571286,-0.593011],[-0.504166,0.465134,-0.727645]],[[-0.317399,-0.883395,-0.344777],[0.947741,-0.283107,-0.1471],[-0.0323391,0.373449,-0.927087]]],1],[742,[0.59314,-0.219945,0.774474],74,64.7901,[-69.1797,110.61,26.0247],[-70.2186,115.264,27.7617],[-15.0062,154.896,47.7543],false,[-119.24,112.667,72.5638],[-132.157,126.528,7.81882],[-88.1483,124.043,-7.3194],[-71.8394,117.996,13.9754],[-69.79,114.375,31.6631],[[[-0.118851,-0.975502,-0.185124],[-0.974273,0.0786189,0.211212],[0.191484,-0.205464,0.959749]],[[-0.118997,-0.975345,-0.185856],[-0.306895,0.214151,-0.927337],[-0.944275,0.0533121,0.324812]],[[-0.118997,-0.975345,-0.185856],[0.796257,0.0180785,-0.604688],[-0.59314,0.219945,-0.774474]],[[-0.118997,-0.975345,-0.185856],[0.986467,-0.0948731,-0.13372],[-0.112791,0.199253,-0.973435]]],2],[743,[0.650895,-0.040143,0.758106],74,62.2974,[-73.2677,98.2785,28.1397],[-74.833,103.426,30.352],[-8.95895,150.607,41.253],false,[-121.645,101.368,69.7981],[-135.418,104.96,10.9264],[-94.7947,105.092,-3.77367],[-77.3601,104.017,16.5327],[-73.7971,103.221,34.226],[[[-0.0155919,-0.998237,-0.0572631],[-0.973674,0.00213301,0.227933],[0.227409,-0.0593096,0.971991]],[[-0.0121335,-0.999024,-0.0424824],[-0.340064,0.0440759,-0.939369],[-0.940324,-0.00304889,0.340266]],[[-0.0121335,-0.999024,-0.0424824],[0.759071,0.0184531,-0.650746],[-0.650895,0.040143,-0.758106]],[[-0.0121335,-0.999024,-0.0424824],[0.980284,-0.00350483,-0.197561],[-0.197219,0.044042,-0.97937]]],3],[744,[0.682166,0.159252,0.713644],74,48.84,[-84.7646,88.616,22.8319],[-86.8671,93.8629,26.1524],[-0.68555,143.711,31.4022],false,[-117.248,88.4928,67.7308],[-133.715,84.6006,14.278],[-102.871,89.6068,0.404316],[-89.9697,92.6185,13.9007],[-85.8246,94.1443,29.9714],[[[0.171928,-0.984931,0.0187504],[-0.940304,-0.158404,0.301224],[0.293715,0.0694199,0.953369]],[[0.180475,-0.982469,0.0467262],[-0.39183,-0.115389,-0.912773],[-0.902163,-0.146424,0.405785]],[[0.180475,-0.982469,0.0467262],[0.708574,0.0969201,-0.698948],[-0.682166,-0.159252,-0.713644]],[[0.180475,-0.982469,0.0467262],[0.951616,0.162401,-0.26087],[-0.248709,-0.091546,-0.964242]]],4]],[[0,200,0],[235.247,235.247,147.751]]],[250186,82200241820,[[72,"right",[0.0226702,0.222126,-0.974754],[-0.894627,-0.43069,-0.118952],[58.5344,106.821,20.2111],[-44.7362,68.8941,6.56723],[59.7186,105.069,20.0715],0.575371,1,0.381068,[[0.39739,-0.917638,0.00473769],[0.873517,0.379854,0.304432],[-0.281157,-0.116839,0.952522]],61.1637,[-8.53289,60.4123,316.71],[64.3342,90.6933,69.8468]],[74,"left",[-0.322436,0.213052,-0.922303],[0.916607,-0.173016,-0.360412],[-120.688,119.19,28.1585],[-7.01365,129.378,10.9786],[-120.285,115.721,27.7908],0.850454,1,0.269959,[[-0.0642961,-0.951241,-0.301673],[-0.669727,0.265241,-0.693623],[-0.739819,-0.157442,0.654126]],61.6124,[-302.567,60.5981,247.565],[-109.423,101.701,76.7929]]],[[720,[-0.179155,-0.0241588,-0.983524],72,50.0256,[27.1178,125.71,-0.152213],[26.0293,126.929,0.0587652],[-34.4444,45.1324,45.9397],false,[42.7743,109.436,76.9861],[42.7743,109.436,76.9861],[33.3939,140.986,42.1664],[27.5306,140.195,9.97783],[26.9048,121.729,-2.79942],[[[0.984167,0.0765724,-0.159848],[0.0321117,0.809906,0.58568],[0.174309,-0.58154,0.794624]],[[0.979258,0.0917972,-0.180632],[0.052232,0.746988,0.662783],[0.195772,-0.65847,0.726699]],[[0.979258,0.0917972,-0.180632],[-0.0946486,0.995485,-0.00721184],[0.179155,0.0241588,0.983524]],[[0.979258,0.0917972,-0.180632],[-0.200696,0.562004,-0.802417],[0.0278565,0.822025,0.56877]]],0],[721,[-0.366071,-0.498144,0.786031],72,56.4483,[5.73796,100.963,20.4531],[5.77644,102.043,22.5947],[-5.66809,31.9939,128.716],false,[63.253,113.029,67.744],[50.2096,134.066,1.6062],[13.4015,117.37,-6.58156],[4.90843,105.812,11.6549],[6.59125,100.779,27.1724],[[[0.44371,-0.825024,-0.349937],[0.87693,0.480194,-0.0202006],[0.184704,-0.297907,0.936555]],[[0.449467,-0.834252,-0.319378],[0.0363296,0.374303,-0.926595],[0.892558,0.404871,0.198545]],[[0.449467,-0.834252,-0.319378],[-0.814844,-0.23638,-0.529295],[0.36607,0.498144,-0.786031]],[[0.449467,-0.834252,-0.319378],[-0.887384,-0.458048,-0.0523588],[-0.10261,0.306945,-0.94618]]],1],[722,[-0.35188,-0.331899,0.875228],72,64.3183,[11.0646,89.1554,27.5913],[8.70929,90.9452,30.4817],[-12.1103,41.464,70.8645],false,[69.7694,104.335,63.0899],[61.5005,116.491,-2.24561],[17.4609,102.694,-5.53043],[7.85615,93.6351,18.3594],[10.0552,90.051,35.9006],[[[0.308545,-0.92738,-0.211582],[0.943162,0.327144,-0.058504],[0.123473,-0.181505,0.975608]],[[0.306514,-0.924332,-0.227288],[-0.00214891,0.238109,-0.971236],[0.951864,0.298186,0.0709974]],[[0.306514,-0.924332,-0.227288],[-0.884438,-0.188291,-0.426985],[0.35188,0.331899,-0.875228]],[[0.306514,-0.924332,-0.227288],[-0.944027,-0.325778,0.0517824],[-0.12191,0.198694,-0.97245]]],2],[723,[-0.41241,-0.175709,0.893893],72,61.8437,[20.0145,78.559,30.3315],[18.2565,80.6327,32.6772],[0.501867,49.2484,57.4036],false,[74.1078,93.8788,59.7883],[70.7213,96.7649,-0.173866],[29.2855,86.2783,-3.69619],[18.3192,81.606,20.073],[19.466,80.5318,37.9385],[[[0.251369,-0.965987,-0.0606912],[0.966251,0.254098,-0.042341],[0.0563224,-0.0479997,0.997258]],[[0.250587,-0.965252,-0.0741242],[0.0611517,0.0921966,-0.993861],[0.966161,0.244516,0.0821301]],[[0.250587,-0.965252,-0.0741242],[-0.875856,-0.193428,-0.44211],[0.41241,0.175709,-0.893893]],[[0.250587,-0.965252,-0.0741242],[-0.96598,-0.254363,0.0467129],[-0.0639442,0.0598968,-0.996154]]],3],[724,[-0.546683,0.105658,0.830647],72,48.4843,[30.9724,74.9864,23.7448],[29.8762,76.7728,24.3519],[-5.01388,60.1676,54.7948],false,[72.7287,80.312,58.9684],[75.1103,77.0171,3.45814],[41.9285,72.9682,-2.41924],[31.665,74.9518,13.1754],[30.4313,77.8601,29.4163],[[[0.093067,-0.993666,0.0629744],[0.99474,0.0955129,0.0370076],[-0.0427881,0.0591989,0.997329]],[[0.0872698,-0.979415,0.182017],[0.191315,-0.162835,-0.967927],[0.977641,0.119294,0.173167]],[[0.0872698,-0.979415,0.182017],[-0.832779,-0.171996,-0.526209],[0.546683,-0.105658,-0.830647]],[[0.0872698,-0.979415,0.182017],[-0.99339,-0.0992357,-0.0576867],[0.0745618,-0.17578,-0.981602]]],4],[740,[0.096869,-0.0336925,-0.994727],74,50.3926,[-85.8156,136.036,2.44335],[-86.0423,139.573,3.61997],[15.1021,222.177,60.4225],false,[-92.2688,125.696,79.9262],[-92.2688,125.696,79.9262],[-90.0617,156.689,42.9908],[-86.8681,155.578,10.1968],[-85.1333,134.777,1.45789],[[[-0.977867,-0.190622,0.0862565],[-0.0938635,0.768118,0.633391],[0.186993,-0.611276,0.769009]],[[-0.994516,-0.042865,-0.0953966],[-0.0940581,0.765405,0.636639],[-0.0457274,-0.64212,0.765239]],[[-0.994516,-0.042865,-0.0953966],[-0.0394249,0.998513,-0.03766],[-0.096869,0.0336925,0.994727]],[[-0.994516,-0.042865,-0.0953966],[0.0711386,0.391368,-0.917481],[-0.076663,0.919235,0.386172]]],0],[741,[0.496747,-0.465496,0.7325],74,56.8624,[-73.5855,119.712,23.6713],[-73.9029,124.761,25.1686],[-8.06248,174.204,65.496],false,[-114.778,123.673,76.1098],[-124.675,147.98,9.99216],[-86.0565,140.461,-3.34045],[-74.447,129.582,13.7788],[-74.1215,123.25,29.0339],[[[-0.287142,-0.912177,-0.292375],[-0.947731,0.226207,0.225026],[0.139126,-0.341707,0.929452]],[[-0.296696,-0.884228,-0.360712],[-0.2185,0.430556,-0.875717],[-0.929639,0.181007,0.320948]],[[-0.296696,-0.884228,-0.360712],[0.815606,-0.0381474,-0.577349],[-0.496747,0.465496,-0.7325]],[[-0.296696,-0.884228,-0.360712],[0.954769,-0.266865,-0.131149],[-0.0197045,0.383308,-0.923411]]],1],[742,[0.580346,-0.219631,0.784194],74,64.7901,[-69.3292,111.826,26.4996],[-69.9601,117.342,28.7611],[-2.90498,175.718,66.2529],false,[-119.799,113.496,72.5072],[-131.657,127.887,7.67523],[-87.3055,126.238,-6.54904],[-71.3484,120.199,15.013],[-69.5967,116.41,32.6974],[[[-0.0999049,-0.975064,-0.198164],[-0.979347,0.0611794,0.192708],[0.175779,-0.213323,0.961038]],[[-0.100056,-0.97488,-0.19899],[-0.290496,0.219902,-0.931265],[-0.95163,0.0353728,0.305202]],[[-0.100056,-0.97488,-0.19899],[0.8082,0.0370197,-0.587743],[-0.580346,0.219631,-0.784194]],[[-0.100056,-0.97488,-0.19899],[0.9903,-0.0781957,-0.11485],[-0.0964052,0.208551,-0.973248]]],2],[743,[0.636323,-0.0387334,0.77045],74,62.2974,[-73.4135,99.3833,28.5697],[-74.4263,105.417,31.0926],[5.97923,170.215,52.976],false,[-121.972,102.193,69.5702],[-134.641,106.237,10.4801],[-93.7378,107.162,-3.39353],[-76.6935,106.124,17.2435],[-73.465,105.183,34.9938],[[[0.00116488,-0.997648,-0.0685385],[-0.97788,-0.0154723,0.208595],[0.209165,-0.0667794,0.975597]],[[0.00432825,-0.998544,-0.0537753],[-0.32182,0.049524,-0.945505],[-0.946791,-0.0213983,0.321137]],[[0.00432825,-0.998544,-0.0537753],[0.771411,0.0375531,-0.635228],[-0.636323,0.0387334,-0.77045]],[[0.00432825,-0.998544,-0.0537753],[0.983894,0.0138624,-0.178217],[-0.178703,0.0521378,-0.982521]]],3],[744,[0.665493,0.161435,0.728738],74,48.84,[-84.9213,89.425,23.2753],[-86.2193,95.7157,26.5564],[19.3706,160.866,35.3067],false,[-117.334,89.4112,67.449],[-132.686,85.8699,13.6406],[-101.648,91.5116,0.457162],[-89.0628,94.5646,14.239],[-85.25,95.9692,30.4027],[[[0.186924,-0.982309,0.0113194],[-0.943447,-0.176293,0.280763],[0.2738,0.0631604,0.959711]],[[0.194803,-0.980058,0.0392117],[-0.371438,-0.110712,-0.921833],[-0.907791,-0.165012,0.385598]],[[0.194803,-0.980058,0.0392117],[0.720535,0.115866,-0.68367],[-0.665493,-0.161435,-0.728738]],[[0.194803,-0.980058,0.0392117],[0.953791,0.179955,-0.24062],[-0.228766,-0.0842734,-0.969827]]],4]],[[0,200,0],[235.247,235.247,147.751]]],[250187,82200258867,[[72,"right",[-0.0125758,0.240164,-0.970651],[-0.910027,-0.40501,-0.0884194],[57.7132,110.115,20.9737],[-46.3026,125.521,23.9537],[58.8742,107.194,20.4514],0.587186,1,0.345593,[[0.360921,-0.932476,-0.015004],[0.888536,0.338938,0.309233],[-0.283267,-0.12494,0.950868]],61.1637,[-8.24329,60.5101,316.451],[65.1704,92.8906,70.0162]],[74,"left",[-0.307502,0.241179,-0.920475],[0.924536,-0.153123,-0.348979],[-120.624,122.237,28.5608],[-2.12386,151.853,16.726],[-120.433,118.551,28.1252],0.81912,1,0.38998,[[-0.0735541,-0.945065,-0.3185],[-0.670224,0.283336,-0.685945],[-0.738505,-0.163012,0.654245]],61.6124,[-302.891,60.6628,247.587],[-110.089,103.22,76.7836]]],[[720,[-0.215055,0.00307585,-0.976597],72,50.0256,[26.9524,128.479,2.75828],[25.7757,130.774,3.56131],[-23.1279,121.625,126.704],false,[44.4391,112.044,78.4079],[44.4391,112.044,78.4079],[34.8123,144.496,44.4952],[27.7741,144.596,12.5334],[26.6194,125.131,1.37907],[[[0.978235,0.0541184,-0.200316],[0.0784111,0.797393,0.598344],[0.192112,-0.601028,0.775795]],[[0.974576,0.0650498,-0.214405],[0.0991706,0.73285,0.673124],[0.200913,-0.677273,0.707767]],[[0.974576,0.0650498,-0.214405],[-0.062868,0.997877,0.0169869],[0.215055,-0.00307585,0.976597]],[[0.974576,0.0650498,-0.214405],[-0.21808,0.494924,-0.841125],[0.0513991,0.866498,0.496527]]],0],[721,[-0.325058,-0.498558,0.803603],72,56.4483,[5.83107,102.156,22.0157],[5.5711,106.567,26.4246],[-4.19263,136.934,176.424],false,[64.598,115.283,68.3663],[49.3405,137.919,3.2376],[11.7884,122.009,-2.8737],[4.24678,110.442,15.7705],[6.7351,105.204,31.1111],[[[0.406365,-0.829358,-0.383448],[0.887799,0.457622,-0.0489312],[0.216056,-0.320541,0.922265]],[[0.413108,-0.839245,-0.353568],[-0.0120364,0.383179,-0.923596],[0.910603,0.3858,0.148193]],[[0.413108,-0.839245,-0.353568],[-0.850693,-0.217045,-0.478761],[0.325058,0.498558,-0.803603]],[[0.413108,-0.839245,-0.353568],[-0.897954,-0.440065,-0.0046084],[-0.151725,0.319391,-0.935398]]],1],[722,[-0.320413,-0.338904,0.884579],72,64.3183,[10.8406,89.8116,28.3366],[8.10099,95.3432,33.2103],[-21.5984,139.189,108.967],false,[70.6778,106.515,63.2815],[59.9857,120.134,-1.41048],[15.4962,107.535,-3.01052],[6.75032,98.2844,21.1346],[9.65629,94.3293,38.4921],[[[0.274477,-0.93082,-0.241323],[0.948247,0.303673,-0.0927932],[0.159657,-0.203365,0.965998]],[[0.271871,-0.927426,-0.256842],[-0.037867,0.256378,-0.965835],[0.961588,0.272308,0.034583]],[[0.271871,-0.927426,-0.256842],[-0.907426,-0.158196,-0.389298],[0.320413,0.338904,-0.884579]],[[0.271871,-0.927426,-0.256842],[-0.948753,-0.302992,0.0897977],[-0.161102,0.219266,-0.962273]]],2],[723,[-0.373335,-0.181235,0.909821],72,61.8437,[19.8107,79.4676,31.1103],[17.5781,84.7912,34.757],[-16.0649,137.059,83.1307],false,[74.5924,96.0147,59.6088],[68.756,100.14,-0.0919208],[26.9446,90.8075,-2.09877],[17.0174,85.9884,22.094],[19.0609,84.5803,39.8559],[[[0.222711,-0.970827,-0.0888522],[0.97004,0.229756,-0.0789563],[0.0970673,-0.0686058,0.99291]],[[0.22137,-0.969804,-0.102347],[0.0231102,0.110139,-0.993648],[0.974916,0.217599,0.0467938]],[[0.22137,-0.969804,-0.102347],[-0.900897,-0.163197,-0.402182],[0.373335,0.181235,-0.909821]],[[0.22137,-0.969804,-0.102347],[-0.96851,-0