{"metadata":{"formatVersion":2,"generatedBy":"LeapJS Playback 0.2.1","frames":119,"protocolVersion":6,"serviceVersion":"2.2.5+26752","frameRate":"95","modified":"Wed Apr 22 2015 20:23:52 GMT-0300 (E. South America Standard Time)"},"frames":[["id","timestamp",{"hands":[["id","type","direction","palmNormal","palmPosition","palmVelocity","stabilizedPalmPosition","pinchStrength","grabStrength","confidence","armBasis","armWidth","elbow","wrist"]]},{"pointables":[["id","direction","handId","length","stabilizedTipPosition","tipPosition","tipVelocity","tool","carpPosition","mcpPosition","pipPosition","dipPosition","btipPosition","bases","type"]]},{"interactionBox":["center","size"]}],[259804,82286615367,[[78,"right",[0.127692,0.420814,-0.898115],[-0.991615,0.0360454,-0.124096],[68.8114,140.675,24.1708],[7.85119,236.852,11.7906],[68.7005,139.524,24.1076],0.940526,1,0.323321,[[0.0772207,-0.925096,-0.371798],[0.679952,0.321598,-0.658968],[0.729179,-0.201919,0.653855]],63.1406,[261.462,57.1342,244.508],[66.3735,111.157,69.5726]],[79,"left",[-0.190807,0.330889,-0.924178],[0.981173,0.0929378,-0.169299],[-127.357,155.807,45.4548],[-176.223,360.434,113.565],[-125.161,150.521,43.9175],0.590814,1,0.161307,[[0.175985,-0.841255,-0.511193],[-0.793669,0.185945,-0.579236],[-0.582339,-0.507655,0.634955]],60.5256,[-270.729,1.45796,253.918],[-121.38,131.653,91.0742]]],[[780,[-0.360498,0.0654606,-0.93046],78,51.6425,[28.0917,157.062,8.32633],[27.7788,156.634,8.08396],[37.6295,319.892,24.5464],false,[54.7678,135.721,83.2077],[54.7678,135.721,83.2077],[45.973,169.802,48.4544],[33.7934,172.014,17.0182],[26.5049,153.127,5.70574],[[[0.919831,-0.314871,-0.234023],[0.377657,0.549141,0.745533],[-0.106235,-0.774145,0.624031]],[[0.920552,-0.135893,-0.366219],[0.347807,0.711898,0.610108],[0.177802,-0.68901,0.702604]],[[0.920552,-0.135893,-0.366219],[0.150416,0.988559,0.011271],[0.360498,-0.0654606,0.93046]],[[0.920552,-0.135893,-0.366219],[-0.231967,0.564143,-0.792423],[0.314285,0.814417,0.487801]]],0],[781,[-0.246662,-0.50861,0.824908],78,58.2728,[31.3014,155.848,33.8839],[31.4229,159.098,33.2085],[44.7602,315.346,23.2074],false,[75.4934,132.24,72.7176],[73.6049,173.51,12.6528],[32.0298,176.626,4.04146],[26.1221,164.445,23.7985],[33.4093,156.833,37.0497],[[[0.0410063,-0.822907,-0.566694],[0.998823,0.0484671,0.00189538],[0.0259063,-0.566105,0.823926]],[[0.0425175,-0.856069,-0.515109],[0.210876,0.51165,-0.832914],[0.976588,-0.0732108,0.202279]],[[0.0425175,-0.856069,-0.515109],[-0.968169,0.0919847,-0.232784],[0.246662,0.50861,-0.824908]],[[0.0425175,-0.856069,-0.515109],[-0.901624,-0.254995,0.349359],[-0.430426,0.449581,-0.782694]]],1],[782,[-0.231239,-0.374548,0.89791],78,66.3972,[29.2934,144.147,33.9682],[29.1497,146.827,33.3036],[19.3862,320.063,32.9661],false,[77.6581,122.72,65.3998],[76.1745,153.697,3.61253],[29.7287,162.965,-2.56199],[23.2129,152.411,22.7392],[31.3416,144.571,37.545],[[[-0.126751,-0.887949,-0.442133],[0.991702,-0.103793,-0.0758496],[0.0214601,-0.448078,0.893737]],[[-0.125887,-0.903646,-0.40936],[0.19625,0.381804,-0.903168],[0.972439,-0.194034,0.129277]],[[-0.125887,-0.903646,-0.40936],[-0.964718,0.207695,-0.161808],[0.231239,0.374548,-0.89791]],[[-0.125887,-0.903646,-0.40936],[-0.890838,-0.0786053,0.44747],[-0.436532,0.421004,-0.795107]]],2],[783,[-0.30889,-0.23301,0.922114],78,63.8426,[29.4967,129.309,31.4379],[28.3145,131.236,31.6777],[36.2962,315.426,31.0881],false,[76.99,112.235,59.2497],[75.7881,131.378,0.216969],[33.3858,142.386,-6.18533],[24.9067,135.99,19.1268],[31.03,129.46,35.3328],[[[-0.196607,-0.933841,-0.298808],[0.980291,-0.181199,-0.0787151],[0.0193636,-0.308395,0.951061]],[[-0.196663,-0.932925,-0.30162],[0.209906,0.260434,-0.942398],[0.957739,-0.248647,0.144609]],[[-0.196663,-0.932925,-0.30162],[-0.930543,0.274513,-0.242347],[0.30889,0.23301,-0.922114]],[[-0.196663,-0.932925,-0.30162],[-0.923006,0.0723896,0.377916],[-0.330733,0.352719,-0.875331]]],3],[784,[-0.358932,-0.0519502,0.931917],78,50.0515,[34.5215,117.073,23.6545],[33.1209,120.187,24.0247],[25.4392,282.719,41.7862],false,[69.5835,100.853,55.4447],[70.8915,110.777,-1.13458],[38.9102,124.106,-6.34838],[31.9537,123.099,11.7131],[35.5362,118.46,27.756],[[[-0.352296,-0.920396,-0.169584],[0.935612,-0.350769,-0.0398971],[-0.0227637,-0.17272,0.984708]],[[-0.351848,-0.91726,-0.186649],[0.207496,0.118011,-0.971092],[0.91277,-0.380405,0.148806]],[[-0.351848,-0.91726,-0.186649],[-0.864506,0.394887,-0.310955],[0.358932,0.0519502,-0.931917]],[[-0.351848,-0.91726,-0.186649],[-0.912256,0.291335,0.287947],[-0.209745,0.271585,-0.939281]]],4],[790,[0.389402,-0.0215268,-0.920816],79,49.5037,[-79.4919,179.982,19.3219],[-82.1842,183.674,20.2168],[-288.369,781.933,187.559],false,[-111.503,156.961,101.613],[-111.503,156.961,101.613],[-101.019,186.294,65.8658],[-88.4082,185.597,36.0439],[-79.8433,185.832,15.5311],[[[-0.9028,-0.396443,-0.166689],[-0.38837,0.58507,0.711942],[0.18472,-0.707479,0.682168]],[[-0.9131,-0.140232,-0.382861],[-0.342577,0.773057,0.533876],[-0.221107,-0.618642,0.753919]],[[-0.9131,-0.140232,-0.382861],[-0.120886,0.989885,-0.0742628],[-0.389402,0.0215268,0.920816]],[[-0.9131,-0.140232,-0.382861],[-0.13345,0.990062,-0.044363],[-0.385277,-0.0105851,0.92274]]],0],[791,[0.290677,-0.433302,0.853086],79,55.8594,[-86.6209,161.508,47.6157],[-91.7683,174.071,55.0374],[-198.96,357.83,204.82],false,[-131.437,151.403,92.7409],[-134.612,185.806,31.9972],[-94.4891,189.16,25.3447],[-87.8156,179.212,44.9305],[-93.0589,172.261,58.6264],[[[-0.00258914,-0.870194,-0.492703],[-0.998964,-0.0201327,0.0408072],[0.0454296,-0.492299,0.86924]],[[-0.000523047,-0.891656,-0.452714],[-0.182563,0.445191,-0.876628],[-0.983194,-0.0821901,0.163016]],[[-0.000523047,-0.891656,-0.452714],[0.956821,0.131147,-0.259411],[-0.290677,0.433302,-0.853086]],[[-0.000523047,-0.891656,-0.452714],[0.94637,-0.146706,0.287856],[0.323084,0.428284,-0.843913]]],1],[792,[0.261639,-0.284473,0.922291],79,63.6473,[-83.6523,148.99,50.0859],[-88.916,163.168,57.6012],[-166.234,331.819,113.555],false,[-133.108,141.578,86.6199],[-136.02,166.005,25.0843],[-91.4715,175.842,21.2354],[-84.4044,168.158,46.1473],[-90.3325,161.442,61.5867],[[[0.17391,-0.912437,-0.370425],[-0.983781,-0.177763,-0.0240036],[0.0439461,-0.368591,0.928552]],[[0.175438,-0.925641,-0.335275],[-0.149855,0.311481,-0.938362],[-0.973019,-0.214867,0.0840661]],[[0.175438,-0.925641,-0.335275],[0.949087,0.249526,-0.192276],[-0.261639,0.284473,-0.922291]],[[0.175438,-0.925641,-0.335275],[0.926783,0.0403988,0.373419],[0.332107,0.376239,-0.864956]]],2],[793,[0.267787,-0.137641,0.953596],79,61.1986,[-86.7258,135.063,51.704],[-91.2832,148.787,56.612],[-137.452,323.005,9.35776],false,[-131.964,131.118,81.5744],[-134.231,144.483,23.6393],[-93.7159,156.303,19.1744],[-86.6695,152.681,44.2666],[-92.3553,147.64,60.3048],[[[0.252145,-0.940719,-0.226873],[-0.966939,-0.254157,-0.020795],[0.0380992,-0.224616,0.973702]],[[0.252854,-0.945011,-0.207408],[-0.15719,0.1714,-0.972581],[-0.95465,-0.278524,0.105207]],[[0.252854,-0.945011,-0.207408],[0.929707,0.296662,-0.218259],[-0.267787,0.137641,-0.953596]],[[0.252854,-0.945011,-0.207408],[0.912921,0.162055,0.374585],[0.320375,0.284062,-0.903697]]],3],[794,[0.228204,0.145501,0.96268],79,47.9786,[-94.1996,126.488,45.498],[-97.9618,140.036,48.1322],[-131.38,366.031,-52.6266],false,[-124.237,120.442,78.5613],[-128.179,125.066,23.8191],[-97.9525,138.73,18.552],[-93.7129,141.433,36.4369],[-99.0233,139.643,51.8207],[[[0.411137,-0.905381,-0.106077],[-0.90876,-0.416219,0.0302777],[0.0715642,-0.0839504,0.993897]],[[0.417159,-0.908024,0.0383522],[-0.126796,-0.0999347,-0.986882],[-0.899945,-0.406824,0.156822]],[[0.417159,-0.908024,0.0383522],[0.879717,0.392839,-0.267912],[-0.228204,-0.145501,-0.96268]],[[0.417159,-0.908024,0.0383522],[0.848986,0.404402,0.340121],[0.324348,0.109324,-0.939599]]],4]],[[0,200,0],[235.247,235.247,147.751]]],[259805,82286623533,[[78,"right",[0.136263,0.428132,-0.893384],[-0.990426,0.0387657,-0.132487],[69.1784,142.853,24.9971],[17.2241,244.402,34.3771],[68.9692,141.396,24.6077],0.940161,1,0.329107,[[0.0770817,-0.921088,-0.381648],[0.678357,0.328979,-0.656967],[0.730678,-0.208253,0.650185]],63.1406,[261.783,57.2412,244.079],[66.2937,112.958,70.1255]],[79,"left",[-0.227768,0.403859,-0.886013],[0.973186,0.124433,-0.193459],[-129.636,159.326,46.7463],[-202.221,378.25,124.831],[-127.414,154.952,45.3412],0.550341,1,0.172985,[[0.133353,-0.831372,-0.539479],[-0.805835,0.225919,-0.547349],[-0.576929,-0.507722,0.639822]],60.5256,[-269.676,1.32513,254.027],[-121.714,131.538,89.9353]]],[[780,[-0.351874,0.0745506,-0.933074],78,51.6425,[28.5846,159.184,8.77173],[28.3433,159.056,8.69046],[45.6142,313.68,37.2363],false,[54.6084,137.427,83.8646],[54.6084,137.427,83.8646],[46.1968,171.821,49.3257],[34.3085,174.34,17.8013],[27.0853,155.564,6.26477],[[[0.921342,-0.314449,-0.228584],[0.371977,0.542215,0.753416],[-0.11297,-0.779182,0.616533]],[[0.923551,-0.134687,-0.359044],[0.343707,0.705944,0.619281],[0.170056,-0.695344,0.698268]],[[0.923551,-0.134687,-0.359044],[0.15244,0.98808,0.0214582],[0.351874,-0.0745506,0.933074]],[[0.923551,-0.134687,-0.359044],[-0.223696,0.571262,-0.789696],[0.31147,0.809642,0.49746]]],0],[781,[-0.254323,-0.515169,0.818487],78,58.2728,[31.6898,158.374,34.2908],[31.7518,161.247,33.8855],[43.3163,302.082,38.0283],false,[75.4198,133.999,73.5278],[74.1261,175.775,13.7985],[32.6291,179.025,4.86568],[26.5379,166.686,24.469],[33.6992,158.952,37.7176],[[[0.0446543,-0.818183,-0.573221],[0.998845,0.0467587,0.0110701],[0.0177457,-0.573054,0.819326]],[[0.045658,-0.851766,-0.521929],[0.218561,0.518333,-0.826778],[0.974755,-0.0763241,0.209829]],[[0.045658,-0.851766,-0.521929],[-0.966041,0.0953677,-0.240145],[0.254323,0.515169,-0.818487]],[[0.045658,-0.851766,-0.521929],[-0.904984,-0.2565,0.33943],[-0.42299,0.456839,-0.782546]]],1],[782,[-0.23995,-0.381678,0.892606],78,66.3972,[29.549,146.587,34.3557],[29.446,148.991,33.8407],[23.1856,306.082,40.9028],false,[77.6333,124.537,66.1494],[76.743,156.035,4.61456],[30.369,165.434,-1.89161],[23.6078,154.68,23.2601],[31.5887,146.701,38.0721],[[[-0.124296,-0.883985,-0.450689],[0.992162,-0.104831,-0.0680137],[0.012877,-0.455611,0.890086]],[[-0.123747,-0.899942,-0.41808],[0.204865,0.389072,-0.898139],[0.970936,-0.196792,0.13622]],[[-0.123747,-0.899942,-0.41808],[-0.962866,0.210775,-0.16871],[0.23995,0.381678,-0.892607]],[[-0.123747,-0.899942,-0.41808],[-0.894982,-0.0807544,0.438733],[-0.428596,0.428465,-0.795439]]],2],[783,[-0.316229,-0.240672,0.917647],78,63.8426,[29.8061,131.634,31.7196],[28.7238,133.413,32.0019],[39.0927,303.552,32.4605],false,[77.0023,114.106,59.9057],[76.3504,133.746,1.02791],[34.0452,144.906,-5.74322],[25.3647,138.3,19.4463],[31.3955,131.616,35.6246],[[[-0.195484,-0.930962,-0.308376],[0.980651,-0.18219,-0.071631],[0.0105028,-0.316411,0.948564]],[[-0.195515,-0.929987,-0.311284],[0.2207,0.267544,-0.93793],[0.955545,-0.25208,0.152939]],[[-0.195515,-0.929987,-0.311284],[-0.928317,0.277851,-0.247034],[0.316229,0.240672,-0.917647]],[[-0.195515,-0.929987,-0.311284],[-0.925023,0.0694506,0.37351],[-0.32574,0.360972,-0.873838]]],3],[784,[-0.360917,-0.06021,0.930652],78,50.0515,[34.924,119.411,24.005],[33.7373,122.357,24.3223],[37.8716,279.18,40.0568],false,[69.6111,102.768,55.9401],[71.4325,113.166,-0.539984],[39.5312,126.589,-5.9944],[32.5362,125.422,12.0425],[36.1537,120.616,28.0282],[[[-0.352281,-0.91834,-0.180414],[0.935357,-0.352004,-0.0346359],[-0.031699,-0.180953,0.982981]],[[-0.351747,-0.915424,-0.195636],[0.217459,0.123367,-0.968242],[0.910487,-0.383119,0.155673]],[[-0.351747,-0.915424,-0.195636],[-0.86372,0.397963,-0.309214],[0.360917,0.06021,-0.930652]],[[-0.351747,-0.915424,-0.195636],[-0.91182,0.287774,0.292866],[-0.211797,0.2814,-0.935925]]],4],[790,[0.332079,0.176306,-0.926628],79,49.5037,[-84.5788,191.525,22.4058],[-89.9663,199.875,25.6284],[-414.084,1018.65,275.414],false,[-111.86,156.044,102.241],[-111.86,156.044,102.241],[-104.533,190.399,70.3941],[-93.7785,196.109,40.384],[-86.5738,200.92,19.9112],[[[-0.901964,-0.39719,-0.169414],[-0.372181,0.51614,0.771414],[0.218957,-0.75884,0.613367]],[[-0.924607,-0.133517,-0.356758],[-0.348172,0.67615,0.649306],[-0.154528,-0.724565,0.671659]],[[-0.924607,-0.133517,-0.356758],[-0.186619,0.975238,0.118675],[-0.332079,-0.176306,0.926628]],[[-0.924607,-0.133517,-0.356758],[-0.200166,0.96713,0.156819],[-0.324093,-0.216407,0.920941]]],0],[791,[0.325245,-0.498352,0.803655],79,55.8594,[-88.3002,164.997,49.7458],[-94.0382,177.33,56.6915],[-218.661,366.969,203.944],false,[-132.004,150.894,93.6004],[-137.806,190.214,36.1227],[-97.9818,194.807,28.4883],[-90.5146,183.365,46.9392],[-95.1896,175.199,60.1618],[[[-0.00657977,-0.825644,-0.564153],[-0.996526,-0.0414244,0.0722478],[0.0830207,-0.562668,0.822503]],[[-0.00279942,-0.850366,-0.526184],[-0.218304,0.514015,-0.829537],[-0.975877,-0.112546,0.187077]],[[-0.00279942,-0.850366,-0.526184],[0.945626,0.168889,-0.277972],[-0.325245,0.498352,-0.803655]],[[-0.00279942,-0.850366,-0.526184],[0.957607,-0.153856,0.243551],[0.288064,0.503196,-0.814747]]],1],[792,[0.297916,-0.356164,0.88566],79,63.6473,[-84.981,152.111,51.6365],[-90.9104,166.33,58.183],[-185.337,344.78,102.163],false,[-133.738,141.589,86.7297],[-139.155,171.041,27.6112],[-94.9215,181.969,23.118],[-86.8745,172.348,47.0404],[-92.1594,164.254,62.0461],[[[0.174678,-0.874832,-0.451838],[-0.981228,-0.192756,-0.00612873],[0.081733,-0.444426,0.892079]],[[0.177624,-0.890903,-0.418021],[-0.187202,0.38643,-0.903121],[-0.966129,-0.23867,0.0981395]],[[0.177624,-0.890903,-0.418021],[0.937921,0.281849,-0.202152],[-0.297916,0.356163,-0.88566]],[[0.177624,-0.890903,-0.418021],[0.938504,0.025555,0.344321],[0.296074,0.453474,-0.840655]]],2],[793,[0.303175,-0.212327,0.928979],79,61.1986,[-87.9374,138.429,52.5648],[-93.0826,152.046,56.0568],[-158.339,342.384,-10.4722],false,[-132.613,131.612,80.7826],[-137.092,149.752,24.2928],[-96.941,162.633,19.489],[-88.9635,157.046,43.9335],[-94.0045,150.575,59.6713],[[[0.25827,-0.913661,-0.31388],[-0.963135,-0.268836,-0.00995418],[0.0752874,-0.30488,0.94941]],[[0.259717,-0.919545,-0.29493],[-0.193601,0.24963,-0.948791],[-0.946079,-0.303516,0.113191]],[[0.259717,-0.919545,-0.29493],[0.91686,0.330687,-0.223638],[-0.303175,0.212327,-0.928979]],[[0.259717,-0.919545,-0.29493],[0.922967,0.146536,0.355892],[0.284041,0.364642,-0.886768]]],3],[794,[0.259794,0.0685482,0.963228],79,47.9786,[-95.5011,130.58,45.9068],[-99.9183,143.923,47.099],[-158.451,393.637,-71.5468],false,[-124.835,121.368,76.6216],[-130.745,130.501,22.6284],[-100.93,145.099,17.5263],[-96.1039,146.373,35.4215],[-100.839,143.208,50.7718],[[[0.420812,-0.885743,-0.195898],[-0.900779,-0.433543,0.0252648],[0.107308,-0.165829,0.980299]],[[0.431891,-0.900402,-0.0524088],[-0.159557,-0.0190843,-0.987004],[-0.8877,-0.434641,0.151908]],[[0.431891,-0.900402,-0.0524088],[0.8637,0.429625,-0.263524],[-0.259794,-0.0685482,-0.963228]],[[0.431891,-0.900402,-0.0524088],[0.854309,0.389767,0.343858],[0.289183,0.193283,-0.937558]]],4]],[[0,200,0],[235.247,235.247,147.751]]],[259806,82286632335,[[78,"right",[0.145923,0.433436,-0.889292],[-0.988332,0.0241999,-0.15038],[69.9583,145.048,25.9641],[36.4568,245.745,54.7183],[69.5666,143.601,25.4269],0.939622,1,0.338582,[[0.081641,-0.913318,-0.39898],[0.676921,0.344631,-0.65039],[0.731514,-0.21698,0.64638]],63.1406,[262.424,56.8953,243.866],[66.7107,114.947,70.9306]],[79,"left",[-0.240355,0.439907,-0.865281],[0.969872,0.145321,-0.195527],[-129.778,161.063,47.0675],[-152.079,329.526,101.029],[-128.822,158.591,46.3691],0.489641,1,0.181934,[[0.115727,-0.827072,-0.550054],[-0.810049,0.241893,-0.534143],[-0.574829,-0.507385,0.641975]],60.5256,[-268.565,1.3599,253.554],[-121.142,131.486,88.9105]]],[[780,[-0.335521,0.0735539,-0.939157],78,51.6425,[29.4026,161.081,9.11914],[29.2236,160.747,8.9792],[59.797,280.675,36.0697],false,[54.4056,139.185,84.5377],[54.4056,139.185,84.5377],[46.1297,173.585,49.9719],[34.7939,176.07,18.2419],[28.0634,157.232,6.50931],[[[0.930034,-0.299571,-0.212825],[0.349911,0.545029,0.76191],[-0.11225,-0.783071,0.611718]],[[0.931921,-0.119764,-0.342316],[0.321761,0.70851,0.628079],[0.167313,-0.695464,0.69881]],[[0.931921,-0.119764,-0.342316],[0.137656,0.990074,0.0283629],[0.335521,-0.0735539,0.939157]],[[0.931921,-0.119764,-0.342316],[-0.217469,0.570824,-0.791749],[0.290226,0.812291,0.505918]]],0],[781,[-0.260673,-0.522061,0.812097],78,58.2728,[32.1028,160.645,34.7268],[32.1147,162.815,34.268],[42.4489,268.967,39.2766],false,[75.4513,136.112,74.5702],[74.6057,178.083,14.9696],[33.2265,180.719,5.31726],[26.9833,168.215,24.7675],[34.0245,160.543,38.1161],[[[0.0675402,-0.815296,-0.575092],[0.997649,0.0618885,0.0294282],[0.0115989,-0.575728,0.817559]],[[0.0681238,-0.849029,-0.523936],[0.224947,0.524704,-0.821026],[0.971987,-0.0619264,0.226732]],[[0.0681238,-0.849029,-0.523936],[-0.963021,0.0812529,-0.256884],[0.260673,0.522061,-0.812097]],[[0.0681238,-0.849029,-0.523936],[-0.906855,-0.271617,0.322239],[-0.4159,0.453182,-0.78845]]],1],[782,[-0.250606,-0.388545,0.886695],78,66.3972,[29.9911,148.745,34.7074],[29.9797,150.542,34.1151],[32.7013,271.405,37.9121],false,[77.9426,126.712,67.2012],[77.6899,158.419,5.76783],[31.3048,167.138,-1.554],[24.2433,156.19,23.4312],[32.0676,148.278,38.3617],[[[-0.102585,-0.884108,-0.455884],[0.994718,-0.0894929,-0.0502794],[0.00365406,-0.458634,0.888618]],[[-0.102385,-0.900149,-0.423378],[0.215285,0.395476,-0.892889],[0.971169,-0.182565,0.153298]],[[-0.102385,-0.900149,-0.423378],[-0.96266,0.196886,-0.185802],[0.250606,0.388545,-0.886695]],[[-0.102385,-0.900149,-0.423378],[-0.901644,-0.0958046,0.421735],[-0.420186,0.424915,-0.801805]]],2],[783,[-0.328457,-0.249182,0.911057],78,63.8426,[30.5472,133.71,31.895],[29.6734,134.969,32.1062],[56.4557,270.723,26.152],false,[77.5844,116.295,60.9115],[77.7027,136.139,2.09882],[35.394,146.719,-5.52854],[26.3778,139.879,19.4801],[32.2764,133.222,35.718],[[[-0.175621,-0.932684,-0.315051],[0.984456,-0.167004,-0.054369],[-0.00190588,-0.319703,0.947516]],[[-0.175614,-0.931642,-0.318125],[0.236522,0.273753,-0.932264],[0.955624,-0.238962,0.172279]],[[-0.175614,-0.931642,-0.318125],[-0.928049,0.264485,-0.262245],[0.328457,0.249182,-0.911057]],[[-0.175614,-0.931642,-0.318125],[-0.93148,0.0526695,0.359959],[-0.318597,0.359541,-0.877055]]],3],[784,[-0.37087,-0.0696095,0.926072],78,50.0515,[35.928,121.635,24.311],[35.1521,123.954,24.5237],[70.3588,254.787,35.3761],false,[70.4404,104.861,56.7734],[73.1287,115.493,0.371581],[41.1468,128.448,-5.70743],[33.959,127.099,12.2407],[37.54,122.272,28.2283],[[[-0.334892,-0.922917,-0.189926],[0.941094,-0.337622,-0.0187832],[-0.0467879,-0.185029,0.981619]],[[-0.334236,-0.92036,-0.203034],[0.234756,0.127337,-0.963678],[0.912785,-0.369759,0.173499]],[[-0.334236,-0.92036,-0.203034],[-0.866453,0.384826,-0.318068],[0.37087,0.0696095,-0.926072]],[[-0.334236,-0.92036,-0.203034],[-0.918874,0.27029,0.287426],[-0.209657,0.282631,-0.936036]]],4],[790,[0.284573,0.322728,-0.902699],79,49.5037,[-89.8457,203.084,26.694],[-96.5206,212.101,31.4488],[-447.687,1054.4,342.65],false,[-111.487,155.545,102.216],[-111.487,155.545,102.216],[-106.828,193.113,73.6665],[-97.6114,203.565,44.4314],[-91.588,211.854,24.703],[[[-0.898393,-0.400747,-0.179699],[-0.371912,0.476545,0.796609],[0.233604,-0.7825,0.577168]],[[-0.927069,-0.147075,-0.344837],[-0.361783,0.592097,0.720093],[-0.0982692,-0.792332,0.602124]],[[-0.927069,-0.147075,-0.344837],[-0.244053,0.934995,0.257337],[-0.284573,-0.322728,0.902699]],[[-0.927069,-0.147075,-0.344837],[-0.259092,0.916165,0.3058],[-0.270952,-0.372842,0.887454]]],0],[791,[0.336427,-0.529738,0.778585],79,55.8594,[-90.0248,168.862,52.068],[-94.3519,179.021,57.5791],[-169.523,319.094,176.056],false,[-131.639,150.528,93.5169],[-138.421,192.287,37.8967],[-98.7071,197.682,30.2134],[-90.9832,185.52,48.0887],[-95.4645,176.719,60.9666],[[[-0.00119033,-0.799766,-0.600311],[-0.995279,-0.0573111,0.0783264],[0.0970472,-0.59757,0.795922]],[[0.00322626,-0.826125,-0.563477],[-0.230044,0.547755,-0.804391],[-0.973175,-0.13222,0.188278]],[[0.00322626,-0.826125,-0.563477],[0.941704,0.192081,-0.276221],[-0.336427,0.529738,-0.778585]],[[0.00322626,-0.826125,-0.563477],[0.961116,-0.153032,0.229866],[0.276128,0.542308,-0.793508]]],1],[792,[0.310102,-0.391316,0.866435],79,63.6473,[-86.4629,155.935,53.4011],[-91.043,168.046,58.4938],[-139.198,304.012,83.521],false,[-133.317,141.516,86.2525],[-139.605,173.496,28.5505],[-95.5531,185.18,24.1841],[-87.177,174.611,47.5872],[-92.2302,165.79,62.2596],[[[0.18162,-0.85158,-0.491758],[-0.97878,-0.204802,-0.00683569],[0.0948917,-0.482564,0.870705]],[[0.185053,-0.869085,-0.458744],[-0.199961,0.423742,-0.883436],[-0.96217,-0.255213,0.0953688]],[[0.185053,-0.869085,-0.458744],[0.932519,0.302594,-0.197091],[-0.310102,0.391316,-0.866435]],[[0.185053,-0.869085,-0.458744],[0.94107,0.0222423,0.33748],[0.283096,0.494162,-0.821986]]],2],[793,[0.3143,-0.249386,0.915982],79,61.1986,[-89.2292,142.531,53.4069],[-93.0403,153.849,55.7447],[-114.301,305.493,-17.3438],false,[-132.119,131.828,79.8579],[-137.308,152.403,24.2704],[-97.3637,166,19.7148],[-89.0934,159.437,43.8173],[-93.9073,152.21,59.2948],[[[0.266869,-0.895433,-0.356343],[-0.959779,-0.280398,-0.0141924],[0.0872096,-0.345798,0.934248]],[[0.268545,-0.902111,-0.337755],[-0.20504,0.289067,-0.935093],[-0.941192,-0.320368,0.107341]],[[0.268545,-0.902111,-0.337755],[0.910549,0.352139,-0.216562],[-0.3143,0.249386,-0.915982]],[[0.268545,-0.902111,-0.337755],[0.924288,0.142584,0.354064],[0.271246,0.407266,-0.872101]]],3],[794,[0.267913,0.0294866,0.962992],79,47.9786,[-96.8155,135.456,46.135],[-99.8505,146.051,46.4955],[-113.488,352.768,-70.9324],false,[-124.25,121.879,75.1823],[-130.737,133.328,21.6989],[-101.151,148.517,17.0072],[-96.1737,149.065,34.8979],[-100.722,145.17,50.1364],[[[0.430059,-0.870716,-0.238543],[-0.895086,-0.445699,0.0131508],[0.117769,-0.207861,0.971043]],[[0.442558,-0.891606,-0.0958227],[-0.167883,0.0225884,-0.985548],[-0.880885,-0.452249,0.139689]],[[0.442558,-0.891606,-0.0958227],[0.855783,0.451852,-0.251922],[-0.267913,-0.0294866,-0.962992]],[[0.442558,-0.891606,-0.0958227],[0.852634,0.385282,0.352948],[0.277771,0.237901,-0.930723]]],4]],[[0,200,0],[235.247,235.247,147.751]]],[259807,82286640899,[[78,"right",[0.15033,0.41898,-0.895464],[-0.987125,0.0135532,-0.159377],[70.3657,146.064,26.4737],[39.3799,212.3,55.9778],[70.0401,145.061,26.0473],0.908774,1,0.342902,[[0.0701248,-0.91286,-0.402205],[0.675752,0.340062,-0.654001],[0.733786,-0.225929,0.640714]],63.1406,[263.281,56.2833,243.352],[66.96,116.729,71.932]],[79,"left",[-0.261015,0.48456,-0.834908],[0.96451,0.166646,-0.204815],[-129.464,162.845,46.2083],[-102.396,297.543,48.0294],[-129.227,161.277,46.2676],0.437289,1,0.187723,[[0.0836461,-0.823119,-0.561675],[-0.81491,0.267899,-0.513957],[-0.57352,-0.500705,0.648359]],60.5256,[-266.833,2.67573,252.456],[-119.745,131.089,86.1747]]],[[780,[-0.345517,-0.0134458,-0.938316],78,51.6425,[28.1283,157.002,8.35755],[28.462,155.181,8.15162],[-11.1139,35.8628,-5.28631],false,[54.3427,141.101,85.0036],[54.3427,141.101,85.0036],[44.0467,171.865,47.6646],[32.3732,171.411,15.963],[26.4552,151.401,5.8437],[[[0.934232,-0.2957,-0.199429],[0.338814,0.561094,0.755234],[-0.111424,-0.773134,0.624379]],[[0.933884,-0.103039,-0.342409],[0.290745,0.776242,0.559388],[0.208153,-0.621958,0.754878]],[[0.933884,-0.103039,-0.342409],[0.092079,0.994586,-0.0481585],[0.345517,0.0134458,0.938316]],[[0.933884,-0.103039,-0.342409],[-0.25048,0.494879,-0.832078],[0.255187,0.862831,0.43635]]],0],[781,[-0.263164,-0.509933,0.81897],78,58.2728,[32.3982,162.119,34.8558],[32.3231,163.646,34.1678],[37.4905,224.414,25.8976],false,[75.4995,138.025,75.2752],[74.8472,178.938,14.9415],[33.5295,181.057,4.90604],[27.2266,168.844,24.5209],[34.2145,161.464,38.0613],[[[0.0791042,-0.824658,-0.560073],[0.996826,0.0704787,0.0370171],[0.00894672,-0.561224,0.827616]],[[0.0795035,-0.857469,-0.508357],[0.227431,0.512124,-0.828254],[0.970543,-0.0497668,0.23573]],[[0.0795035,-0.857469,-0.508357],[-0.96147,0.0686704,-0.266197],[0.263164,0.509933,-0.81897]],[[0.0795035,-0.857469,-0.508357],[-0.907369,-0.273408,0.319264],[-0.412748,0.435885,-0.799777]]],1],[782,[-0.260034,-0.37444,0.890043],78,66.3972,[30.2527,150.159,34.7896],[30.2028,151.395,34.1303],[28.5299,228.394,25.2346],false,[78.1305,128.518,68.0944],[78.169,159.142,6.11372],[31.8208,167.425,-1.91494],[24.4936,156.874,23.1646],[32.1803,149.274,38.3273],[[[-0.0915158,-0.892751,-0.441159],[0.995803,-0.0822929,-0.0400416],[-0.000557071,-0.442972,0.896535]],[[-0.0914769,-0.908054,-0.408743],[0.223526,0.381265,-0.897036],[0.970396,-0.173423,0.168097]],[[-0.0914769,-0.908054,-0.408743],[-0.961257,0.187705,-0.201872],[0.260034,0.37444,-0.890043]],[[-0.0914769,-0.908054,-0.408743],[-0.90622,-0.0942386,0.412171],[-0.412793,0.408115,-0.814275]]],2],[783,[-0.333466,-0.23624,0.912683],78,63.8426,[31.1548,134.956,32.1241],[30.2373,135.764,32.3751],[58.0273,224.604,27.0707],false,[77.9108,117.99,61.9858],[78.3913,136.802,2.83688],[36.0917,146.929,-5.42919],[26.938,140.444,19.6241],[32.8033,134.115,36.0046],[[[-0.165406,-0.939446,-0.300136],[0.986195,-0.159945,-0.0428581],[-0.00774223,-0.303082,0.952933]],[[-0.165379,-0.938425,-0.303327],[0.244587,0.258928,-0.934416],[0.95542,-0.228723,0.186705]],[[-0.165379,-0.938425,-0.303327],[-0.928143,0.252088,-0.273864],[0.333466,0.23624,-0.912683]],[[-0.165379,-0.938425,-0.303327],[-0.933962,0.050226,0.353824],[-0.316803,0.341811,-0.88476]]],3],[784,[-0.370977,-0.0575299,0.926858],78,50.0515,[36.8597,122.994,24.8034],[36.0402,124.593,25.1221],[78.6404,208.477,45.654],false,[70.8948,106.428,57.9871],[73.9971,116.092,1.43283],[41.9595,128.665,-5.13699],[34.7696,127.55,12.8264],[38.4303,123.014,28.8811],[[[-0.325849,-0.928783,-0.176592],[0.943879,-0.33026,-0.00465954],[-0.0539936,-0.1682,0.984273]],[[-0.325219,-0.926824,-0.187697],[0.241137,0.110645,-0.964163],[0.914377,-0.358825,0.187507]],[[-0.325219,-0.926824,-0.187697],[-0.869832,0.371063,-0.325121],[0.370977,0.0575299,-0.926858]],[[-0.325219,-0.926824,-0.187697],[-0.92103,0.265466,0.285012],[-0.214329,0.265566,-0.939967]]],4],[790,[0.229993,0.439405,-0.868347],79,49.5037,[-94.2892,211.958,30.5769],[-100.249,218.926,34.962],[-450.728,999.316,363.823],false,[-110.082,154.477,100.621],[-110.082,154.477,100.621],[-108.029,194.628,75.4843],[-100.58,208.859,47.3617],[-95.8089,219.672,28.5334],[[[-0.897565,-0.400053,-0.185295],[-0.36158,0.427474,0.828569],[0.252263,-0.810694,0.528337]],[[-0.93229,-0.15648,-0.326112],[-0.359109,0.508366,0.78269],[-0.0433086,-0.846804,0.530139]],[[-0.93229,-0.15648,-0.326112],[-0.279174,0.884555,0.373663],[-0.229993,-0.439405,0.868347]],[[-0.93229,-0.15648,-0.326112],[-0.291154,0.859611,0.41988],[-0.214626,-0.486399,0.846966]]],0],[791,[0.354774,-0.56871,0.742095],79,55.8594,[-91.2928,172.373,53.751],[-94.0521,180.544,57.1052],[-115.658,281.062,114.849],false,[-130.344,149.728,92.0252],[-138.59,194.432,38.9498],[-99.069,200.647,30.9015],[-90.9239,187.59,47.939],[-95.0916,178.043,60.3831],[[[-0.00450249,-0.765188,-0.643791],[-0.993002,-0.0725544,0.0931804],[0.11801,-0.639705,0.759507]],[[0.000875622,-0.793523,-0.60854],[-0.249187,0.589171,-0.768624],[-0.968455,-0.152313,0.19722]],[[0.000875622,-0.793523,-0.60854],[0.934952,0.216544,-0.281023],[-0.354774,0.56871,-0.742095]],[[0.000875622,-0.793523,-0.60854],[0.966463,-0.155604,0.204295],[0.256804,0.588311,-0.766774]]],1],[792,[0.330463,-0.435304,0.837439],79,63.6473,[-87.6256,159.707,54.5984],[-90.59,169.609,57.2962],[-88.2844,271.565,24.0379],false,[-132.067,141.115,84.3021],[-139.762,176.176,28.5949],[-95.9218,188.576,24.0735],[-86.9957,176.818,46.6935],[-91.6812,167.141,60.9421],[[[0.180832,-0.820924,-0.541649],[-0.976636,-0.214901,-0.000349367],[0.116114,-0.529057,0.840605]],[[0.185057,-0.840181,-0.509755],[-0.221025,0.46984,-0.854633],[-0.95755,-0.270825,0.0987538]],[[0.185057,-0.840181,-0.509755],[0.925499,0.323429,-0.197092],[-0.330463,0.435304,-0.837439]],[[0.185057,-0.840181,-0.509755],[0.947023,0.0139147,0.320865],[0.262492,0.542128,-0.798245]]],2],[793,[0.334492,-0.296202,0.894639],79,61.1986,[-90.122,146.408,53.5174],[-92.4813,155.57,53.794],[-66.9568,278.148,-72.8851],false,[-130.893,131.811,77.3572],[-137.335,155.38,23.1056],[-97.6233,169.651,18.5807],[-88.8217,161.857,42.1215],[-93.2592,153.729,57.2615],[[[0.269053,-0.87128,-0.410465],[-0.957021,-0.289759,-0.01225],[0.108263,-0.39612,0.911794]],[[0.271139,-0.878934,-0.392377],[-0.225651,0.338245,-0.913604],[-0.935717,-0.336253,0.106621]],[[0.271139,-0.878934,-0.392377],[0.902551,0.373818,-0.213684],[-0.334492,0.296202,-0.894639]],[[0.271139,-0.878934,-0.392377],[0.929497,0.133194,0.343939],[0.250037,0.457968,-0.853081]]],3],[794,[0.286349,-0.0205612,0.957905],79,47.9786,[-97.6522,139.933,45.5219],[-99.3865,148.228,44.2552],[-69.1502,326.819,-121.333],false,[-123.015,122.224,71.9919],[-130.623,136.551,19.3563],[-101.285,152.303,14.9728],[-95.9655,151.921,32.769],[-100.172,147.144,47.8537],[[[0.434179,-0.851337,-0.294472],[-0.890174,-0.455598,0.00466006],[0.138128,-0.260108,0.955649]],[[0.449582,-0.879989,-0.153283],[-0.186742,0.0752158,-0.979525],[-0.873501,-0.469002,0.130515]],[[0.449582,-0.879989,-0.153283],[0.846097,0.47455,-0.24274],[-0.286349,0.0205612,-0.957905]],[[0.449582,-0.879989,-0.153283],[0.855484,0.374829,0.357282],[0.256949,0.291759,-0.921333]]],4]],[[0,200,0],[235.247,235.247,147.751]]],[259808,82286650113,[[78,"right",[0.151605,0.38867,-0.908819],[-0.987635,0.0224336,-0.155159],[71.3196,147.089,26.6485],[57.3498,183.971,45.6121],[70.8242,146.303,26.4157],0.90797,1,0.332827,[[0.0372154,-0.920234,-0.389596],[0.676308,0.310208,-0.668115],[0.735678,-0.238623,0.633906]],63.1406,[264.564,55.3955,242.616],[67.7367,119.238,73.0175]],[79,"left",[-0.281533,0.517243,-0.808208],[0.959032,0.179406,-0.219253],[-129.474,164.271,45.9228],[-74.0106,257.558,25.8981],[-129.397,163.334,46.0307],0.38892,1,0.19995,[[0.0546194,-0.817547,-0.573266],[-0.818399,0.292263,-0.494778],[-0.572049,-0.496185,0.653116]],60.5256,[-265.45,3.69113,251.822],[-118.74,130.945,84.3204]]],[[780,[-0.356982,-0.0846662,-0.930266],78,51.6425,[27.897,153.521,7.91309],[28.5956,152.231,7.89724],[-6.9359,-70.4968,-14.3132],false,[55.5255,144.18,85.3785],[55.5255,144.18,85.3785],[44.4606,171.682,45.7823],[32.3998,168.822,14.3527],[26.4927,148.06,5.87579],[[[0.929013,-0.314873,-0.194396],[0.350393,0.579582,0.735737],[-0.118995,-0.751625,0.648769]],[[0.930179,-0.123497,-0.345709],[0.291077,0.821952,0.48956],[0.223697,-0.556007,0.80051]],[[0.930179,-0.123497,-0.345709],[0.085615,0.988727,-0.122841],[0.356983,0.0846662,0.930266]],[[0.930179,-0.123497,-0.345709],[-0.264361,0.428066,-0.864218],[0.254715,0.89527,0.365531]]],0],[781,[-0.265575,-0.480438,0.835852],78,58.2728,[33.3187,163.912,34.8079],[33.5771,165.416,33.9977],[64.9247,216.16,13.5663],false,[76.588,140.505,75.6534],[76.1991,179.52,14.0729],[34.8588,181.893,4.18829],[28.4982,170.386,24.2075],[35.4553,163.336,37.938],[[[0.0648056,-0.842769,-0.534359],[0.997884,0.0575932,0.030187],[0.00533479,-0.535185,0.844718]],[[0.0650106,-0.873937,-0.481673],[0.229762,0.482834,-0.845033],[0.971073,-0.055734,0.232187]],[[0.0650106,-0.873937,-0.481673],[-0.961896,0.0735807,-0.263329],[0.265575,0.480438,-0.835852]],[[0.0650106,-0.873937,-0.481673],[-0.909346,-0.250658,0.332055],[-0.41093,0.41642,-0.811006]]],1],[782,[-0.26508,-0.342233,0.901448],78,66.3972,[30.9788,152.001,34.8544],[31.2046,153.238,34.2728],[48.923,222.5,19.6031],false,[79.0504,130.742,68.7615],[79.2008,159.413,5.85351],[32.9686,168.151,-2.3594],[25.4992,158.508,23.0415],[33.0925,151.268,38.4254],[[[-0.10614,-0.904714,-0.412586],[0.994349,-0.09748,-0.0420491],[-0.0021765,-0.414718,0.909947]],[[-0.106151,-0.918853,-0.380055],[0.227531,0.349628,-0.90884],[0.967968,-0.182948,0.171954]],[[-0.106151,-0.918853,-0.380055],[-0.958366,0.196434,-0.207241],[0.26508,0.342233,-0.901448]],[[-0.106151,-0.918853,-0.380055],[-0.90689,-0.0672813,0.415962],[-0.407778,0.388823,-0.826156]]],2],[783,[-0.328965,-0.203961,0.922053],78,63.8426,[32.0746,136.608,32.663],[31.2581,137.512,33.0267],[72.3431,214.233,39.297],false,[78.6535,120.033,62.9863],[79.0962,136.981,3.27617],[36.9069,147.446,-5.13174],[27.8768,141.847,20.1787],[33.8289,135.941,36.6852],[[[-0.179958,-0.945942,-0.269831],[0.983648,-0.175039,-0.0423905],[-0.0071321,-0.273048,0.961974]],[[-0.179932,-0.944972,-0.273226],[0.244037,0.226194,-0.943018],[0.952927,-0.236356,0.189909]],[[-0.179932,-0.944972,-0.273226],[-0.927042,0.255788,-0.274164],[0.328965,0.203961,-0.922053]],[[-0.179932,-0.944972,-0.273226],[-0.92966,0.0725808,0.361197],[-0.32149,0.318998,-0.891563]]],3],[784,[-0.36295,-0.0230387,0.931524],78,50.0515,[37.7694,124.47,25.6024],[36.9036,126.03,26.106],[81.5978,194.233,62.5582],false,[71.4574,108.452,59.3837],[74.4077,116.302,2.54102],[42.5216,129.102,-4.31938],[35.4872,128.655,13.7344],[39.2833,124.57,29.8784],[[[-0.339611,-0.929175,-0.145942],[0.939164,-0.343468,0.0013127],[-0.051346,-0.136617,0.989292]],[[-0.339122,-0.927872,-0.15508],[0.238334,0.0747309,-0.968304],[0.910051,-0.365334,0.195801]],[[-0.339122,-0.927872,-0.15508],[-0.867908,0.372186,-0.328958],[0.36295,0.0230387,-0.931524]],[[-0.339122,-0.927872,-0.15508],[-0.914112,0.286067,0.287341],[-0.222253,0.239205,-0.94519]]],4],[790,[0.178584,0.520779,-0.834804],79,49.5037,[-98.3521,218.765,34.3937],[-102.812,223.147,37.878],[-431.573,873.221,367.739],false,[-108.842,153.764,99.4984],[-108.842,153.764,99.4984],[-108.946,195.582,77.1492],[-103.163,212.448,50.1129],[-99.6127,225.171,32.2325],[[[-0.900008,-0.396271,-0.181536],[-0.344444,0.391376,0.853337],[0.267103,-0.830539,0.488734]],[[-0.938558,-0.164496,-0.303398],[-0.345115,0.441723,0.828116],[0.00220393,-0.881942,0.471353]],[[-0.938558,-0.164496,-0.303398],[-0.295325,0.837694,0.459404],[-0.178584,-0.520779,0.834804]],[[-0.938558,-0.164496,-0.303398],[-0.305951,0.803358,0.510891],[-0.159698,-0.572325,0.804326]]],0],[791,[0.372079,-0.597398,0.710403],79,55.8594,[-92.2616,175.58,54.9889],[-93.9138,181.635,56.7929],[-78.9987,234.89,72.9459],false,[-129.274,149.279,91.1688],[-138.879,196.087,40.177],[-99.5569,202.777,31.5527],[-91.0144,189.061,47.8627],[-94.8823,178.994,59.99],[[[-0.0161278,-0.738098,-0.674501],[-0.990378,-0.0809403,0.112252],[0.137448,-0.669821,0.72969]],[[-0.00984794,-0.767853,-0.640551],[-0.267285,0.619295,-0.738263],[-0.963567,-0.163939,0.211334]],[[-0.00984794,-0.767853,-0.640551],[0.928149,0.231339,-0.291585],[-0.372079,0.597398,-0.710403]],[[-0.00984794,-0.767853,-0.640551],[0.971133,-0.160024,0.176897],[0.238334,0.620318,-0.747263]]],1],[792,[0.351014,-0.467769,0.81116],79,63.6473,[-88.5568,163.349,55.3271],[-90.3835,170.754,56.4095],[-56.9509,230.049,-10.2434],false,[-131.139,140.983,83.1379],[-140.215,178.267,29.1077],[-96.5364,191.051,24.1154],[-87.0553,178.416,46.0255],[-91.3812,168.139,59.9647],[[[0.171663,-0.797121,-0.578903],[-0.975588,-0.219245,0.0125969],[0.136963,-0.562609,0.815299]],[[0.176673,-0.817637,-0.547957],[-0.242155,0.503495,-0.82937],[-0.954017,-0.279218,0.10904]],[[0.176673,-0.817637,-0.547957],[0.919552,0.335651,-0.20436],[-0.351015,0.467769,-0.81116]],[[0.176673,-0.817637,-0.547957],[0.953967,0.00516864,0.299868],[0.242351,0.575711,-0.780912]]],2],[793,[0.356117,-0.331014,0.873848],79,61.1986,[-90.7667,149.933,53.1253],[-92.2856,156.868,52.3711],[-42.1897,239.785,-95.9053],false,[-130.086,131.977,75.7911],[-137.834,157.726,22.7137],[-98.2894,172.357,17.8907],[-88.9189,163.647,40.8845],[-92.9733,154.884,55.7753],[[[0.263,-0.852415,-0.451907],[-0.955968,-0.293459,-0.0028118],[0.130219,-0.432748,0.892061]],[[0.265512,-0.860767,-0.434262],[-0.247534,0.374467,-0.893589],[-0.931789,-0.344753,0.113643]],[[0.265512,-0.860767,-0.434262],[0.895927,0.386665,-0.218645],[-0.356117,0.331014,-0.873848]],[[0.265512,-0.860767,-0.434262],[0.936649,0.123567,0.327749],[0.228456,0.493772,-0.839045]]],3],[794,[0.308509,-0.0581058,0.949445],79,47.9786,[-98.2592,143.876,44.4543],[-99.3764,149.896,42.699],[-49.2764,286.014,-134.89],false,[-122.295,122.656,69.861],[-131.139,139.097,18.0432],[-101.967,155.153,13.6533],[-96.2349,154.073,31.2924],[-100.07,148.668,46.2637],[[[0.430618,-0.836488,-0.338905],[-0.888139,-0.45954,0.00575698],[0.160556,-0.298516,0.940803]],[[0.449309,-0.870863,-0.199294],[-0.209093,0.114373,-0.971184],[-0.868563,-0.478033,0.130703]],[[0.449309,-0.870863,-0.199294],[0.838417,0.488078,-0.242562],[-0.308509,0.0581058,-0.949445]],[[0.449309,-0.870863,-0.199294],[0.862116,0.364166,0.352333],[0.234258,0.330121,-0.914409]]],4]],[[0,200,0],[235.247,235.247,147.751]]],[259809,82286666935,[[78,"right",[0.172471,0.332295,-0.927272],[-0.98462,0.0315281,-0.17184],[73.6616,151.876,28.5064],[94.2896,229.373,74.862],[73.1904,150.951,28.1592],0.910853,1,0.341699,[[-0.0429572,-0.919187,-0.391472],[0.666668,0.265467,-0.696478],[0.744116,-0.290901,0.601389]],63.1406,[267.943,49.0112,237.245],[68.8582,126.84,76.3469]],[79,"left",[-0.27785,0.56315,-0.778242],[0.96033,0.182901,-0.210509],[-129.557,168.213,46.5655],[-42.849,247.072,31.45],[-129.542,167.736,46.5132],0.351321,1,0.211972,[[0.0248724,-0.8049,-0.592888],[-0.825841,0.317669,-0.465911],[-0.563354,-0.50122,0.656819]],60.5256,[-263.554,4.19654,251.515],[-119.074,132.742,83.0638]]],[[780,[-0.344097,-0.122843,-0.930864],78,51.6425,[30.5811,157.974,8.58043],[31.3267,157.243,8.75306],[71.3722,102.389,12.8816],false,[56.949,152.68,87.0483],[56.949,152.68,87.0483],[47.0997,178.392,45.9569],[35.4742,174.242,14.5072],[29.2146,153.272,6.83374],[[[0.925539,-0.342677,-0.161089],[0.3506,0.614855,0.706423],[-0.143029,-0.7103,0.689215]],[[0.93257,-0.159951,-0.323619],[0.301105,0.839161,0.452929],[0.199122,-0.519831,0.830738]],[[0.93257,-0.159951,-0.323619],[0.109138,0.979452,-0.169598],[0.344097,0.122843,0.930864]],[[0.93257,-0.159951,-0.323619],[-0.239707,0.395921,-0.886446],[0.269916,0.904247,0.330883]]],0],[781,[-0.286522,-0.426119,0.858096],78,58.2728,[36.1203,170.143,35],[36.1889,171.27,34.2234],[105.036,276.951,13.9387],false,[78.078,148.058,77.8875],[79.3506,183.426,14.1537],[38.2069,185.968,3.51904],[31.3445,175.762,24.071],[37.9657,169.396,38.2932],[[[0.056429,-0.873473,-0.483591],[0.998254,0.0408919,0.0426237],[-0.0174557,-0.485152,0.874256]],[[0.055256,-0.901506,-0.429225],[0.250826,0.42863,-0.867965],[0.966454,-0.0597005,0.249805]],[[0.055256,-0.901506,-0.429225],[-0.956479,0.0755677,-0.281847],[0.286522,0.426119,-0.858096]],[[0.055256,-0.901506,-0.429225],[-0.918695,-0.214281,0.331789],[-0.391084,0.375994,-0.840049]]],1],[782,[-0.289281,-0.283707,0.914236],78,66.3972,[33.3345,158.379,35.5331],[33.4928,159.212,35.0731],[86.1845,284.432,29.8148],false,[80.4532,137.868,71.6121],[82.0851,162.823,7.16048],[36.1968,171.968,-2.42336],[28.0455,163.974,23.3378],[35.205,157.495,39.2596],[[[-0.117458,-0.925076,-0.361163],[0.992797,-0.118029,-0.0205629],[-0.0236055,-0.360977,0.932276]],[[-0.118214,-0.937172,-0.32823],[0.250896,0.291632,-0.923039],[0.960769,-0.191468,0.200658]],[[-0.118214,-0.937172,-0.32823],[-0.949917,0.203026,-0.237567],[0.289281,0.283707,-0.914236]],[[-0.118214,-0.937172,-0.32823],[-0.91553,-0.0251217,0.401463],[-0.384486,0.347963,-0.855039]]],2],[783,[-0.342236,-0.145367,0.928301],78,63.8426,[34.5206,142.617,34.5407],[33.5462,143.374,34.7911],[100.571,273.948,70.1737],false,[79.9353,126.85,66.4609],[81.5861,140.285,5.88444],[39.7329,151.018,-3.77153],[30.3384,147.028,21.7104],[36.0409,141.965,38.5813],[[[-0.194157,-0.956566,-0.21745],[0.98061,-0.195267,-0.0165845],[-0.0265966,-0.216453,0.975931]],[[-0.194053,-0.955726,-0.221203],[0.262068,0.166789,-0.950527],[0.945338,-0.242423,0.218099]],[[-0.194053,-0.955726,-0.221203],[-0.919357,0.255843,-0.298875],[0.342236,0.145367,-0.928301]],[[-0.194053,-0.955726,-0.221203],[-0.931384,0.108698,0.34743],[-0.308004,0.273445,-0.911242]]],3],[784,[-0.373086,0.0384628,0.926999],78,50.0515,[40.0189,129.736,28.1511],[39.0666,131.419,28.6243],[101.397,251.491,102.855],false,[72.5712,115.213,63.421],[76.5111,119.687,6.27317],[44.9878,132.637,-1.86434],[37.7571,133.383,16.1018],[41.3466,130.174,32.4891],[[[-0.35