{"metadata":{"formatVersion":2,"generatedBy":"LeapJS Playback 0.2.1","frames":128,"protocolVersion":6,"serviceVersion":"2.2.5+26752","frameRate":"95","modified":"Wed Apr 22 2015 20:24:20 GMT-0300 (E. South America Standard Time)"},"frames":[["id","timestamp",{"hands":[["id","type","direction","palmNormal","palmPosition","palmVelocity","stabilizedPalmPosition","pinchStrength","grabStrength","confidence","armBasis","armWidth","elbow","wrist"]]},{"pointables":[["id","direction","handId","length","stabilizedTipPosition","tipPosition","tipVelocity","tool","carpPosition","mcpPosition","pipPosition","dipPosition","btipPosition","bases","type"]]},{"interactionBox":["center","size"]}],[260053,82289329512,[[78,"right",[0.336209,0.137884,-0.931639],[-0.881485,-0.302214,-0.362837],[89.9217,93.838,28.802],[15.429,-323.912,87.8458],[89.9007,94.0096,28.7088],0.775671,1,0.339546,[[-0.0784468,-0.896612,-0.435814],[0.701908,0.260762,-0.662818],[0.707934,-0.357897,0.608883]],63.1406,[267.614,-15.1244,242.959],[78.2095,80.6292,80.0557]],[79,"left",[-0.226254,0.30319,-0.925681],[0.921646,-0.240925,-0.304178],[-126.208,115.004,35.8723],[13.7749,-129.848,-72.6679],[-126.227,115.268,36.0961],0.816825,1,0.219231,[[-0.0529275,-0.844572,-0.532819],[-0.747593,0.387253,-0.539573],[-0.662045,-0.369774,0.651893]],60.5256,[-290.458,-1.06801,250.16],[-120.667,93.7658,82.9728]]],[[780,[-0.0379063,-0.0504876,-0.998005],78,51.6425,[54.682,115.183,-1.99409],[55.5914,116.068,-0.642702],[-0.502011,-370.821,-2.12929],false,[58.2691,103.572,79.8949],[58.2691,103.572,79.8949],[55.8174,132.615,39.9303],[54.5367,130.909,6.2121],[54.7342,110.319,-4.45612],[[[0.987458,-0.0823329,0.134717],[-0.00385508,0.840437,0.541895],[-0.157837,-0.535618,0.829579]],[[0.99877,0.0300205,-0.0394541],[-0.00108983,0.808921,0.587916],[0.0495648,-0.58715,0.807959]],[[0.99877,0.0300205,-0.0394541],[-0.0319525,0.998273,-0.0492875],[0.0379063,0.0504876,0.998005]],[[0.99877,0.0300205,-0.0394541],[-0.04884,0.459118,-0.887032],[-0.00851503,0.887868,0.46002]]],0],[781,[-0.323899,-0.256091,0.910773],78,58.2728,[49.6518,101.536,27.1168],[49.389,101.291,26.7938],[19.5225,-316.455,69.3801],false,[81.5632,103.352,76.8875],[91.9116,121.3,6.99281],[54.1216,107.792,-7.21284],[46.364,101.659,14.6007],[50.6741,101.195,30.9666],[[[0.383327,-0.906674,-0.176076],[0.912639,0.342526,0.223082],[-0.141952,-0.246207,0.958766]],[[0.375232,-0.918489,-0.124817],[0.266884,0.236007,-0.934384],[0.887679,0.317299,0.333687]],[[0.375232,-0.918489,-0.124817],[-0.868499,-0.301323,-0.393591],[0.323899,0.256091,-0.910773]],[[0.375232,-0.918489,-0.124817],[-0.891285,-0.394499,0.223566],[-0.254583,0.0273583,-0.966664]]],1],[782,[-0.34378,-0.164121,0.924597],78,66.3972,[50.3602,88.5073,32.2887],[50.0365,88.3298,31.9178],[12.8829,-312.865,76.4894],false,[87.8123,93.1294,74.5788],[101.072,101.378,7.2319],[56.3134,93.5376,-7.48029],[46.6264,88.913,18.5728],[51.5032,88.1299,36.527],[[[0.199388,-0.97662,-0.0803574],[0.960968,0.178823,0.211098],[-0.191793,-0.119311,0.974156]],[[0.202748,-0.974358,-0.097569],[0.284116,0.153885,-0.94636],[0.937108,0.164151,0.30803]],[[0.202748,-0.974358,-0.097569],[-0.916902,-0.153917,-0.36824],[0.34378,0.164121,-0.924597]],[[0.202748,-0.974358,-0.097569],[-0.943559,-0.221038,0.246655],[-0.261897,0.0420533,-0.964179]]],2],[783,[-0.394599,-0.0153754,0.918725],78,63.8426,[56.7862,75.9171,37.1204],[56.4579,75.7083,36.894],[9.01354,-310.499,89.6654],false,[91.2409,81.5555,73.0018],[106.103,80.0701,12.7554],[64.5622,75.4482,-1.84243],[53.7304,75.0261,23.3767],[57.7232,75.9196,41.433],[[[0.0959775,-0.994216,0.0481903],[0.966154,0.104696,0.235764],[-0.239445,0.0239312,0.970615]],[[0.101221,-0.994502,0.0268314],[0.330708,0.00819879,-0.943698],[0.938289,0.104395,0.32972]],[[0.101221,-0.994502,0.0268314],[-0.913261,-0.103581,-0.393986],[0.394599,0.0153754,-0.918725]],[[0.101221,-0.994502,0.0268314],[-0.971208,-0.0929313,0.219362],[-0.215662,-0.0482628,-0.975275]]],3],[784,[-0.501054,0.173112,0.847925],78,50.0515,[66.3146,65.8619,31.9015],[66.0627,65.4802,31.8776],[9.16459,-315.501,100.799],false,[87.8376,67.8907,72.2395],[105.962,59.6036,18.3484],[74.6164,60.5518,2.72129],[64.9055,63.9069,19.1549],[66.7646,66.1392,35.9861],[[[-0.0933456,-0.988305,0.120583],[0.944345,-0.0495151,0.325208],[-0.315434,0.144228,0.937923]],[[-0.100437,-0.9848,0.141707],[0.435395,-0.17157,-0.883739],[0.894619,-0.0270611,0.446009]],[[-0.100437,-0.9848,0.141707],[-0.859568,0.0141597,-0.510825],[0.501054,-0.173112,-0.847925]],[[-0.100437,-0.9848,0.141707],[-0.988971,0.114398,0.0940699],[-0.108851,-0.130696,-0.985429]]],4],[790,[0.119444,-0.0781181,-0.989763],79,49.5037,[-92.1094,135.888,6.91252],[-91.3078,134.427,6.52902],[80.5864,-431.973,-212.184],false,[-101.94,115.275,88.9519],[-101.94,115.275,88.9519],[-96.9041,144.281,51.7841],[-93.0357,141.751,19.7293],[-90.982,129.654,1.19219],[[[-0.995347,-0.0963471,0.000925796],[-0.0701684,0.731418,0.67831],[0.0660303,-0.675089,0.734775]],[[-0.99249,0.0171153,-0.121124],[-0.0606825,0.790859,0.608982],[-0.106215,-0.611759,0.783881]],[[-0.99249,0.0171153,-0.121124],[0.0264021,0.996797,-0.0754871],[-0.119444,0.0781181,0.989763]],[[-0.99249,0.0171153,-0.121124],[0.0801859,0.83879,-0.538518],[-0.092381,0.544186,0.833863]]],0],[791,[0.372685,-0.505518,0.778175],79,55.8594,[-84.2614,122.642,32.5049],[-84.561,121.626,33.0327],[36.4679,-231.334,-88.2263],false,[-123.773,115.768,83.4696],[-125.975,144.624,19.8622],[-89.5468,137.397,2.94786],[-80.9904,125.791,20.8138],[-85.1051,120.731,35.6749],[[[-0.348756,-0.857977,-0.377154],[-0.936684,0.305559,0.171048],[0.0315123,-0.412928,0.910218]],[[-0.349083,-0.853366,-0.38718],[-0.285133,0.490308,-0.823588],[-0.892659,0.177103,0.414481]],[[-0.349083,-0.853366,-0.38718],[0.859795,-0.127351,-0.494505],[-0.372685,0.505518,-0.778175]],[[-0.349083,-0.853366,-0.38718],[0.902142,-0.417824,0.107532],[0.253537,0.311754,-0.915712]]],1],[792,[0.338834,-0.319859,0.884806],79,63.6473,[-85.1578,109.979,39.846],[-85.1402,109.861,39.1085],[-16.6396,-244.006,42.5668],false,[-129.34,106.566,78.8732],[-134.485,125.863,15.6834],[-90.6698,121.303,3.20763],[-81.5176,112.663,27.107],[-86.3425,108.713,43.8323],[[[-0.176466,-0.945312,-0.274309],[-0.981241,0.146969,0.124765],[0.0776271,-0.29118,0.953514]],[[-0.176455,-0.945353,-0.274173],[-0.230293,0.310464,-0.922268],[-0.956989,0.0995987,0.272491]],[[-0.176455,-0.945353,-0.274173],[0.924151,-0.0632295,-0.376758],[-0.338834,0.319859,-0.884806]],[[-0.176455,-0.945353,-0.274173],[0.946465,-0.239449,0.216488],[0.270308,0.221295,-0.936996]]],2],[793,[0.376049,-0.166749,0.911473],79,61.1986,[-92.2352,97.1017,41.9211],[-92.416,96.9196,41.9021],[-28.4676,-195.071,26.9435],false,[-132.289,95.9418,75.0516],[-139.642,104.866,16.6862],[-98.9474,102.916,4.8015],[-89.0523,98.5283,28.7853],[-93.2615,96.417,45.8965],[[[-0.0886439,-0.986229,-0.139622],[-0.988366,0.0696983,0.135181],[0.123588,-0.14998,0.980934]],[[-0.0891369,-0.985622,-0.143539],[-0.269417,0.1626,-0.949198],[-0.95889,0.0459368,0.280037]],[[-0.0891369,-0.985622,-0.143539],[0.922303,-0.0272683,-0.385505],[-0.376049,0.166749,-0.911473]],[[-0.0891369,-0.985622,-0.143539],[0.96737,-0.119985,0.223157],[0.237171,0.118964,-0.964156]]],3],[794,[0.426377,0.0462979,0.90336],79,47.9786,[-102.508,88.6743,36.705],[-102.682,88.5694,36.6607],[-40.4483,-196.125,44.4304],false,[-128.801,83.1505,72.4102],[-139.894,84.6077,18.48],[-108.289,87.7701,7.5608],[-100.368,88.6302,24.3437],[-103.258,88.3933,40.4576],[[[0.0907893,-0.994828,-0.0455543],[-0.975294,-0.0980708,0.197947],[0.201391,-0.0264573,0.979154]],[[0.100741,-0.994907,0.00344081],[-0.323127,-0.0359894,-0.945671],[-0.940978,-0.0941563,0.325107]],[[0.100741,-0.994907,0.00344081],[0.898918,0.0895386,-0.42887],[-0.426377,-0.0462979,-0.90336]],[[0.100741,-0.994907,0.00344081],[0.979131,0.0997563,0.17706],[0.176501,0.0144682,-0.984194]]],4]],[[0,200,0],[235.247,235.247,147.751]]],[260054,82289337948,[[78,"right",[0.341888,0.13459,-0.930053],[-0.880012,-0.301354,-0.367103],[89.8023,91.5891,29.4838],[7.74195,-309.015,86.0192],[89.8123,91.8349,29.4051],0.768795,1,0.395716,[[-0.0755576,-0.902115,-0.42483],[0.700079,0.255393,-0.666831],[0.710056,-0.347799,0.612255]],63.1406,[267.737,-14.5046,244.511],[77.7655,78.5472,80.705]],[79,"left",[-0.22427,0.27435,-0.935112],[0.918511,-0.261128,-0.296901],[-126.385,114.525,35.6906],[4.7441,-110.883,-59.385],[-126.329,114.785,35.8326],0.824767,1,0.194052,[[-0.0417564,-0.847256,-0.529542],[-0.748928,0.377358,-0.544709],[-0.661335,-0.373843,0.65029]],60.5256,[-290.617,-1.05475,250.249],[-121.008,94.8228,83.4729]]],[[780,[-0.0344666,-0.0550067,-0.997891],78,51.6425,[54.5767,112.778,-1.96637],[55.4592,113.629,-0.597489],[-3.97669,-348.062,-0.425112],false,[57.8753,101.532,80.3654],[57.8753,101.532,80.3654],[55.5787,130.269,40.1713],[54.4142,128.41,6.45701],[54.6188,107.962,-4.48075],[[[0.986484,-0.084047,0.140662],[-0.00520062,0.841942,0.539543],[-0.163776,-0.532982,0.830125]],[[0.998917,0.0293158,-0.036118],[-0.00283839,0.813395,0.581705],[0.0464314,-0.580973,0.812597]],[[0.998917,0.0293158,-0.036118],[-0.0312408,0.998056,-0.0539367],[0.0344666,0.0550067,0.997891]],[[0.998917,0.0293158,-0.036118],[-0.0456735,0.470813,-0.88105],[-0.00882388,0.881746,0.471642]]],0],[781,[-0.329102,-0.252807,0.909824],78,58.2728,[49.608,99.4151,27.5949],[49.3131,99.1204,27.248],[11.9643,-301.103,65.416],false,[81.186,101.254,77.4936],[91.9769,118.987,7.61079],[54.2337,105.514,-6.75208],[46.3515,99.4589,15.0388],[50.5731,99.0329,31.4287],[[[0.382407,-0.907967,-0.171351],[0.91206,0.341213,0.227419],[-0.148022,-0.243249,0.958603]],[[0.374012,-0.919597,-0.120235],[0.272203,0.232782,-0.933658],[0.886578,0.316472,0.33738]],[[0.374012,-0.919597,-0.120235],[-0.867068,-0.300716,-0.397194],[0.329102,0.252807,-0.909824]],[[0.374012,-0.919597,-0.120235],[-0.893275,-0.392057,0.219889],[-0.249348,0.0251618,-0.968087]]],1],[782,[-0.349115,-0.160836,0.923174],78,66.3972,[50.2505,86.4165,32.8215],[49.8995,86.1714,32.4086],[5.06861,-298.06,71.7569],false,[87.4265,91.0118,75.2494],[101.093,99.0455,7.9579],[56.3976,91.2563,-6.97105],[46.5603,86.7243,19.042],[51.3346,85.9802,37.0253],[[[0.197768,-0.977259,-0.0765065],[0.960109,0.177375,0.216167],[-0.197681,-0.116206,0.973354]],[[0.201245,-0.975042,-0.0937682],[0.289476,0.15065,-0.945256],[0.935791,0.163085,0.312569]],[[0.201245,-0.975042,-0.0937682],[-0.915215,-0.153049,-0.372769],[0.349115,0.160836,-0.923174]],[[0.201245,-0.975042,-0.0937682],[-0.94539,-0.218393,0.241954],[-0.256394,0.0399554,-0.965746]]],2],[783,[-0.399792,-0.0119801,0.916528],78,63.8426,[56.6262,73.8547,37.7368],[56.2608,73.5532,37.4396],[0.462343,-296.186,83.1532],false,[90.8395,79.4264,73.7242],[106.047,77.7426,13.5692],[64.58,73.1681,-1.25228],[53.6057,72.8392,23.9065],[57.4986,73.7746,41.9825],[[[0.0935787,-0.99428,0.051488],[0.964995,0.103306,0.241067],[-0.245007,0.0271269,0.969142]],[[0.098945,-0.994636,0.030159],[0.336092,0.00487652,-0.941817],[0.936617,0.103324,0.334772]],[[0.098945,-0.994636,0.030159],[-0.91125,-0.102743,-0.398833],[0.399792,0.0119801,-0.916528]],[[0.098945,-0.994636,0.030159],[-0.972624,-0.0902622,0.21414],[-0.210269,-0.0505215,-0.976337]]],3],[784,[-0.505021,0.176815,0.844802],78,50.0515,[66.1749,63.7759,32.6359],[65.88,63.2992,32.5133],[1.10663,-300.685,94.242],false,[87.4115,65.7667,72.9799],[105.83,57.2921,19.2178],[74.572,58.2638,3.41725],[64.7842,61.6907,19.7903],[66.5615,63.9693,36.6241],[[[-0.0961472,-0.987767,0.122766],[0.94234,-0.0506104,0.330809],[-0.320549,0.147493,0.935678]],[[-0.103453,-0.984136,0.144134],[0.439806,-0.175237,-0.880831],[0.892114,-0.027734,0.450958]],[[-0.103453,-0.984136,0.144134],[-0.856884,0.014607,-0.515301],[0.505021,-0.176815,-0.844802]],[[-0.103453,-0.984136,0.144134],[-0.989176,0.11696,0.0886061],[-0.104058,-0.133407,-0.985583]]],4],[790,[0.119251,-0.135855,-0.983526],79,49.5037,[-91.6183,132.227,5.60124],[-91.1635,130.942,5.28865],[68.7867,-431.919,-190.451],false,[-102.038,116.314,88.7045],[-102.038,116.314,88.7045],[-96.4753,143.192,50.0417],[-92.6132,138.792,18.1889],[-90.7229,125.808,0.243979],[[[-0.99634,-0.0853224,0.00524945],[-0.0611735,0.754545,0.653391],[0.0597098,-0.650678,0.757003]],[[-0.991917,0.0269505,-0.123991],[-0.0483108,0.823367,0.565449],[-0.117329,-0.566869,0.81541]],[[-0.991917,0.0269505,-0.123991],[0.0433513,0.990362,-0.131543],[-0.119251,0.135855,0.983526]],[[-0.991917,0.0269505,-0.123991],[0.094176,0.811247,-0.577069],[-0.0850349,0.584082,0.807228]]],0],[791,[0.368047,-0.483008,0.794509],79,55.8594,[-84.2663,121.414,32.0418],[-84.6646,120.591,32.5804],[23.6047,-204.269,-78.8071],false,[-123.872,116.862,83.2325],[-125.851,143.585,18.6926],[-89.5243,135.384,2.00604],[-81.0744,124.294,20.2469],[-85.2228,119.785,35.2748],[[[-0.358672,-0.866294,-0.347691],[-0.933034,0.32141,0.161688],[0.0283178,-0.382401,0.923562]],[[-0.35896,-0.862054,-0.357787],[-0.280591,0.465272,-0.839518],[-0.890178,0.200962,0.408898]],[[-0.35896,-0.862054,-0.357787],[0.857723,-0.153515,-0.490657],[-0.368047,0.483008,-0.794509]],[[-0.35896,-0.862054,-0.357787],[0.897668,-0.423847,0.120607],[0.255616,0.277881,-0.925982]]],1],[792,[0.331279,-0.293254,0.896803],79,63.6473,[-85.5071,108.992,40.1786],[-85.4606,108.984,39.3383],[-23.1593,-206.765,39.7354],false,[-129.547,107.572,78.9543],[-134.572,124.788,15.1567],[-90.7627,119.25,3.06174],[-81.8146,111.329,27.2852],[-86.711,108.008,44.1261],[[[-0.187198,-0.952008,-0.242153],[-0.979391,0.161852,0.120816],[0.0758249,-0.25978,0.962686]],[[-0.187198,-0.952007,-0.242155],[-0.222205,0.281161,-0.933581],[-0.95686,0.120957,0.264174]],[[-0.187198,-0.952007,-0.242155],[0.924776,-0.0876591,-0.370277],[-0.331279,0.293254,-0.896803]],[[-0.187198,-0.952007,-0.242155],[0.943245,-0.243042,0.226319],[0.274311,0.186045,-0.943473]]],2],[793,[0.375026,-0.139962,0.916388],79,61.1986,[-92.596,96.3876,42.3331],[-92.778,96.2809,42.3256],[-32.3111,-164.046,33.5985],false,[-132.617,96.8586,75.4956],[-139.957,103.894,16.871],[-99.2897,101.092,5.064],[-89.4215,97.4088,29.1771],[-93.6252,95.9223,46.3553],[[[-0.0996327,-0.989334,-0.106261],[-0.987347,0.085058,0.133833],[0.123368,-0.118251,0.98529]],[[-0.100108,-0.98887,-0.110064],[-0.267842,0.133319,-0.954194],[-0.958248,0.066043,0.278207]],[[-0.100108,-0.98887,-0.110064],[0.921593,-0.0504612,-0.384863],[-0.375026,0.139962,-0.916388]],[[-0.100108,-0.98887,-0.110064],[0.966373,-0.122967,0.225839],[0.23686,0.0837542,-0.967927]]],3],[794,[0.426783,0.0708084,0.901578],79,47.9786,[-102.965,87.9032,37.3715],[-103.15,87.8533,37.3987],[-44.5674,-167.286,56.6108],false,[-129.274,83.9482,73.2823],[-140.428,83.7124,19.3458],[-108.783,86.168,8.36336],[-100.854,87.4835,25.1131],[-103.73,87.8031,41.2281],[[[0.0798324,-0.996734,-0.0121527],[-0.97602,-0.0806386,0.202196],[0.202515,0.00428045,0.97927]],[[0.0896382,-0.995333,0.0357395],[-0.322849,-0.0629842,-0.944352],[-0.942196,-0.0731116,0.326988]],[[0.0896382,-0.995333,0.0357395],[0.899901,0.0655628,-0.431138],[-0.426783,-0.0708084,-0.901578]],[[0.0896382,-0.995333,0.0357395],[0.980362,0.0945049,0.173085],[0.175654,-0.0195226,-0.984258]]],4]],[[0,200,0],[235.247,235.247,147.751]]],[260055,82289346637,[[78,"right",[0.348985,0.124863,-0.928773],[-0.877479,-0.304401,-0.370634],[89.7892,90.2187,30.3274],[5.27915,-268.697,88.9679],[89.7918,90.3997,30.2241],0.763495,1,0.44858,[[-0.0768757,-0.907056,-0.413931],[0.700353,0.246364,-0.669933],[0.709644,-0.3414,0.616321]],63.1406,[267.219,-13.6322,246.48],[77.3567,77.7076,81.5865]],[79,"left",[-0.21313,0.23217,-0.949038],[0.919278,-0.281341,-0.275273],[-126.589,113.251,34.9489],[-2.8007,-120.393,-66.3061],[-126.488,113.849,35.2931],0.83112,1,0.198213,[[-0.0229443,-0.853677,-0.520297],[-0.75089,0.358307,-0.55478],[-0.660029,-0.377957,0.649239]],60.5256,[-291.1,-1.1773,250.153],[-121.826,95.7552,83.6462]]],[[780,[-0.0291743,-0.0677976,-0.997272],78,51.6425,[54.5991,110.876,-1.93437],[55.4704,111.758,-0.578308],[-2.05274,-312.401,0.666846],false,[57.489,100.703,80.8635],[57.489,100.703,80.8635],[55.3835,128.818,40.2216],[54.3978,126.527,6.52819],[54.6603,106.107,-4.46057],[[[0.985327,-0.0833646,0.14893],[-0.00855061,0.84739,0.530902],[-0.170461,-0.524386,0.834244]],[[0.999072,0.0296553,-0.0312429],[-0.00660786,0.822218,0.569134],[0.0425664,-0.568399,0.821651]],[[0.999072,0.0296553,-0.0312429],[-0.0316926,0.997258,-0.0668695],[0.0291743,0.0677976,0.997272]],[[0.999072,0.0296553,-0.0312429],[-0.0415625,0.473048,-0.880056],[-0.0113189,0.880537,0.473841]]],0],[781,[-0.335566,-0.243217,0.910078],78,58.2728,[49.6207,97.9575,28.0874],[49.339,97.7565,27.7374],[9.39616,-262.61,63.0677],false,[80.8203,100.377,78.1702],[92.1513,117.39,8.19397],[54.4987,103.796,-6.2918],[46.4617,97.971,15.5051],[50.5664,97.7094,31.9282],[[[0.382922,-0.909954,-0.159229],[0.910611,0.342812,0.230798],[-0.15543,-0.233373,0.959885]],[[0.374156,-0.921034,-0.108185],[0.278851,0.222997,-0.934085],[0.884449,0.319326,0.340267]],[[0.374156,-0.921034,-0.108185],[-0.864525,-0.304208,-0.400069],[0.335566,0.243217,-0.910078]],[[0.374156,-0.921034,-0.108185],[-0.895113,-0.389176,0.21752],[-0.242446,0.0154515,-0.970042]]],1],[782,[-0.356131,-0.151203,0.922122],78,66.3972,[50.2013,85.0231,33.4171],[49.8645,84.8603,33.0135],[2.44348,-258.716,71.171],false,[87.069,90.1087,76.0773],[101.248,97.4471,8.81238],[56.6583,89.5402,-6.36932],[46.6233,85.2797,19.6141],[51.2619,84.7143,37.6393],[[[0.197517,-0.978137,-0.0650775],[0.958605,0.178832,0.221574],[-0.205092,-0.106148,0.97297]],[[0.201134,-0.976094,-0.0823729],[0.296625,0.140834,-0.944552],[0.933573,0.165548,0.317861]],[[0.201134,-0.976094,-0.0823729],[-0.912533,-0.156134,-0.37803],[0.356131,0.151203,-0.922122]],[[0.201134,-0.976094,-0.0823729],[-0.947361,-0.215217,0.237043],[-0.249104,0.0303595,-0.968001]]],2],[783,[-0.406178,-0.00231286,0.913791],78,63.8426,[56.5387,72.5079,38.5082],[56.1893,72.2913,38.2378],[-2.05063,-255.832,85.5695],false,[90.4836,78.5058,74.6957],[106.142,76.1986,14.677],[64.776,71.5054,-0.388827],[53.6264,71.4419,24.6948],[57.3913,72.5584,42.7877],[[[0.0923542,-0.993776,0.0622955],[0.963241,0.105016,0.247261],[-0.252264,0.03717,0.966944]],[[0.0978854,-0.994353,0.0409931],[0.342716,-0.00499123,-0.939426],[0.934325,0.106005,0.340292]],[[0.0978854,-0.994353,0.0409931],[-0.908536,-0.106097,-0.404111],[0.406178,0.00231286,-0.913791]],[[0.0978854,-0.994353,0.0409931],[-0.974201,-0.0873223,0.208105],[-0.20335,-0.0603059,-0.977247]]],3],[784,[-0.510165,0.186231,0.839672],78,50.0515,[66.1232,62.3877,33.5715],[65.8427,61.9932,33.491],[-0.374413,-260.493,99.3072],false,[87.0498,64.8419,74.0645],[105.865,55.8068,20.5314],[74.715,56.6445,4.51122],[64.8275,60.2538,20.7849],[66.4983,62.7073,37.605],[[[-0.0978968,-0.986394,0.132073],[0.939783,-0.047962,0.33839],[-0.327451,0.157247,0.931691]],[[-0.105515,-0.982454,0.15379],[0.445528,-0.184968,-0.875952],[0.889028,-0.0239085,0.457228]],[[-0.105515,-0.982454,0.15379],[-0.853579,0.0101399,-0.520864],[0.510165,-0.186231,-0.839672]],[[-0.105515,-0.982454,0.15379],[-0.989595,0.118954,0.0809481],[-0.0978216,-0.143649,-0.984782]]],4],[790,[0.129952,-0.201707,-0.970787],79,49.5037,[-91.067,127.875,4.30696],[-90.7527,126.449,3.93146],[67.541,-457.964,-175.26],false,[-102.742,117.328,88.0627],[-102.742,117.328,88.0627],[-96.3128,141.56,47.8177],[-92.1041,135.027,16.3775],[-90.1514,120.955,-0.720821],[[[-0.996974,-0.0777286,-0.00073072],[-0.0616197,0.784555,0.61699],[0.0473845,-0.615169,0.78697]],[[-0.989778,0.0316254,-0.139065],[-0.0442287,0.858958,0.510133],[-0.135584,-0.511069,0.848779]],[[-0.989778,0.0316254,-0.139065],[0.0587519,0.978935,-0.195535],[-0.129952,0.201707,0.970787]],[[-0.989778,0.0316254,-0.139065],[0.112354,0.773497,-0.623762],[-0.0878396,0.63301,0.769144]]],0],[791,[0.356421,-0.448065,0.819879],79,55.8594,[-84.3522,119.792,31.4827],[-84.7881,118.863,31.9726],[13.5494,-204.172,-75.9366],false,[-124.517,117.78,82.3537],[-125.668,141.484,16.6255],[-89.2419,132.243,0.715796],[-81.0589,121.956,19.5392],[-85.3868,118.182,34.7185],[[[-0.362001,-0.878899,-0.310633],[-0.932032,0.33537,0.137268],[0.0164675,-0.339211,0.940566]],[[-0.362158,-0.87516,-0.320837],[-0.268538,0.427569,-0.863176],[-0.892597,0.226449,0.389861]],[[-0.362158,-0.87516,-0.320837],[0.861281,-0.182573,-0.474196],[-0.356421,0.448065,-0.819879]],[[-0.362158,-0.87516,-0.320837],[0.893155,-0.424291,0.149169],[0.266675,0.232534,-0.935314]]],1],[792,[0.316554,-0.253316,0.914125],79,63.6473,[-85.8879,107.644,40.3813],[-85.8108,107.551,39.4807],[-28.5645,-194.339,34.3057],false,[-130.221,108.343,78.4552],[-134.499,122.607,13.8798],[-90.5733,116.142,2.70244],[-82.0229,109.3,27.3937],[-87.139,106.807,44.3121],[[[-0.192219,-0.960855,-0.199522],[-0.979227,0.174425,0.103392],[0.0645432,-0.215251,0.974424]],[[-0.19223,-0.960819,-0.199688],[-0.206368,0.238511,-0.94896],[-0.959406,0.141209,0.244131]],[[-0.19223,-0.960819,-0.199688],[0.928892,-0.11251,-0.352846],[-0.316554,0.253316,-0.914125]],[[-0.19223,-0.960819,-0.199688],[0.938561,-0.239433,0.248546],[0.286619,0.139641,-0.947813]]],2],[793,[0.364459,-0.0997192,0.925865],79,61.1986,[-93.005,95.2619,42.8232],[-93.1865,95.0914,42.8013],[-36.3828,-156.714,39.9495],false,[-133.341,97.5021,75.4675],[-140.062,101.856,16.5091],[-99.2908,98.2046,5.30723],[-89.7007,95.5806,29.6698],[-94.0788,94.9277,46.8562],[[[-0.106257,-0.992455,-0.0611752],[-0.987902,0.09838,0.119883],[0.11296,-0.0731735,0.990901]],[[-0.106677,-0.992175,-0.0648684],[-0.256301,0.0904758,-0.962353],[-0.960692,0.0860356,0.263947]],[[-0.106677,-0.992175,-0.0648684],[0.925089,-0.0751271,-0.372245],[-0.364459,0.0997192,-0.925865]],[[-0.106677,-0.992175,-0.0648684],[0.963205,-0.119308,0.240836],[0.246691,0.0367898,-0.968396]]],3],[794,[0.418374,0.108827,0.901731],79,47.9786,[-103.393,86.6741,38.1115],[-103.573,86.5062,38.148],[-45.725,-163.95,64.9549],false,[-130.076,84.4787,73.8898],[-140.713,81.8148,19.9139],[-108.937,83.5323,9.17088],[-101.164,85.5541,25.9235],[-104.189,86.6329,41.9782],[[[0.0722313,-0.996775,0.0349605],[-0.978515,-0.0640344,0.195978],[0.193107,0.0483651,0.979985]],[[0.0814425,-0.993292,0.0820899],[-0.313517,-0.103714,-0.943902],[-0.946084,-0.0511371,0.31986]],[[0.0814425,-0.993292,0.0820899],[0.904616,0.0390949,-0.424431],[-0.418374,-0.108827,-0.901732]],[[0.0814425,-0.993292,0.0820899],[0.979407,0.0950259,0.178135],[0.184741,-0.0658917,-0.980576]]],4]],[[0,200,0],[235.247,235.247,147.751]]],[260056,82289355227,[[78,"right",[0.360001,0.116879,-0.925602],[-0.875703,-0.299857,-0.378457],[89.2768,88.2092,31.3018],[-11.8557,-259.523,95.4248],[89.3466,88.5061,31.1557],0.758803,1,0.496294,[[-0.0748434,-0.914524,-0.397547],[0.702263,0.2347,-0.672118],[0.707973,-0.329486,0.624671]],63.1406,[265.607,-12.0652,249.62],[76.1927,76.0871,82.4922]],[79,"left",[-0.206471,0.20494,-0.956749],[0.919689,-0.293112,-0.26126],[-126.72,112.441,34.4773],[-6.06211,-113.502,-63.2971],[-126.618,113.059,34.8351],0.835217,1,0.202676,[[-0.0104394,-0.857339,-0.514646],[-0.752173,0.345861,-0.560906],[-0.658882,-0.381247,0.648478]],60.5256,[-291.301,-1.40612,250.009],[-122.321,96.3703,83.6973]]],[[780,[-0.0209185,-0.075719,-0.99691],78,51.6425,[54.4046,108.76,-1.76318],[55.2546,109.621,-0.413109],[-7.72241,-295.019,5.89819],false,[56.5105,99.2277,81.4224],[56.5105,99.2277,81.4224],[54.9338,126.923,40.4692],[54.2271,124.364,6.78805],[54.4487,104.003,-4.30961],[[[0.982984,-0.0899818,0.16014],[-0.00783693,0.850463,0.525976],[-0.183521,-0.518281,0.835287]],[[0.99947,0.0232737,-0.0227399],[-0.00653719,0.828231,0.560349],[0.0318753,-0.559903,0.827945]],[[0.99947,0.0232737,-0.0227399],[-0.0249236,0.996858,-0.075192],[0.0209185,0.075719,0.99691]],[[0.99947,0.0232737,-0.0227399],[-0.0311033,0.478066,-0.877773],[-0.00955784,0.878015,0.478537]]],0],[781,[-0.346764,-0.235374,0.907939],78,58.2728,[49.256,96.2819,28.5986],[48.9292,96.0377,28.2531],[-5.88933,-246.143,62.3541],false,[79.8665,98.7101,78.9857],[92.087,115.235,9.04214],[54.4845,101.839,-5.75559],[46.1793,96.2021,15.9901],[50.1094,96.0043,32.4567],[[[0.377658,-0.913732,-0.149892],[0.910645,0.337213,0.238776],[-0.167632,-0.226674,0.959436]],[[0.368275,-0.924431,-0.0989966],[0.290178,0.215452,-0.932404],[0.883272,0.314655,0.347595]],[[0.368275,-0.924431,-0.0989966],[-0.862629,-0.300043,-0.407242],[0.346764,0.235374,-0.907939]],[[0.368275,-0.924431,-0.0989966],[-0.900271,-0.38117,0.21029],[-0.232134,0.011679,-0.972614]]],1],[782,[-0.367172,-0.14322,0.919061],78,66.3972,[49.6861,83.3874,33.991],[49.2904,83.1682,33.5929],[-16.1117,-242.43,70.2067],false,[86.0588,88.3824,77.0192],[101.023,95.2269,9.87254],[56.5402,87.5708,-5.74334],[46.1941,83.5352,20.1538],[50.6329,83.0377,38.2313],[[[0.190725,-0.979965,-0.0573854],[0.957481,0.172822,0.231004],[-0.216458,-0.0990036,0.971259]],[[0.194553,-0.978045,-0.0746861],[0.307801,0.133168,-0.942085],[0.931347,0.160297,0.326951]],[[0.194553,-0.978045,-0.0746861],[-0.909579,-0.151383,-0.386974],[0.367172,0.14322,-0.919061]],[[0.194553,-0.978045,-0.0746861],[-0.951487,-0.206676,0.227942],[-0.238373,0.0267161,-0.970806]]],2],[783,[-0.415601,0.00606817,0.909527],78,63.8426,[55.9135,70.8863,39.2313],[55.4722,70.5845,38.9692],[-23.7535,-240.744,85.5623],false,[89.3994,76.7462,75.7406],[105.691,73.9759,15.9103],[64.4498,69.5105,0.438507],[53.0415,69.6771,25.4051],[56.6256,70.8694,43.5298],[[[0.0840677,-0.994074,0.0689193],[0.961273,0.0991225,0.257157],[-0.262465,0.0446316,0.963909]],[[0.0898255,-0.994815,0.0476822],[0.352459,-0.0130257,-0.935737],[0.931506,0.100859,0.349462]],[[0.0898255,-0.994815,0.0476822],[-0.905101,-0.101515,-0.412901],[0.415601,-0.00606817,-0.909527]],[[0.0898255,-0.994815,0.0476822],[-0.976962,-0.0787056,0.198368],[-0.193586,-0.0644022,-0.978967]]],3],[784,[-0.516868,0.195315,0.833486],78,50.0515,[65.5037,60.7064,34.4531],[65.102,60.1976,34.3887],[-23.0813,-246.891,100.889],false,[85.8683,63.1053,75.1493],[105.194,53.6206,21.8766],[74.2162,54.6055,5.53497],[64.1988,58.3909,21.6887],[65.7221,60.9328,38.5098],[[[-0.106868,-0.984849,0.136574],[0.935656,-0.0531479,0.348888],[-0.336343,0.165072,0.927159]],[[-0.114837,-0.980644,0.158585],[0.452916,-0.19377,-0.870242],[0.884126,-0.0281099,0.466401]],[[-0.114837,-0.980644,0.158585],[-0.848328,0.0137472,-0.529293],[0.516868,-0.195315,-0.833486]],[[-0.114837,-0.980644,0.158585],[-0.989373,0.127239,0.0703696],[-0.0891857,-0.148819,-0.984834]]],4],[790,[0.136555,-0.246067,-0.959585],79,49.5037,[-90.5959,124.061,3.36212],[-90.463,123.305,3.1726],[61.4069,-434.644,-147.552],false,[-103.172,117.985,87.592],[-103.172,117.985,87.592],[-96.1686,140.365,46.3818],[-91.7461,132.396,15.3044],[-89.7642,117.618,-1.18412],[[[-0.997276,-0.0736228,-0.00450686],[-0.0619365,0.802663,0.593208],[0.0400561,-0.591871,0.805037]],[[-0.98819,0.0341484,-0.149382],[-0.0408299,0.880933,0.471476],[-0.147696,-0.472007,0.869135]],[[-0.98819,0.0341484,-0.149382],[0.0695264,0.968651,-0.238497],[-0.136555,0.246067,0.959585]],[[-0.98819,0.0341484,-0.149382],[0.124633,0.746269,-0.653872],[-0.0891508,0.664767,0.741712]]],0],[791,[0.349407,-0.425023,0.835027],79,55.8594,[-84.4372,118.533,31.0571],[-84.8706,117.793,31.5876],[7.3578,-184.054,-67.1684],false,[-124.91,118.358,81.7397],[-125.568,140.117,15.3355],[-89.0838,130.254,-0.0591163],[-81.0619,120.496,19.112],[-85.4965,117.191,34.3696],[[[-0.363903,-0.886188,-0.286786],[-0.931389,0.343098,0.121646],[0.009406,-0.311377,0.95024]],[[-0.363983,-0.882776,-0.297023],[-0.26123,0.402853,-0.877193],[-0.894022,0.241693,0.377239]],[[-0.363983,-0.882776,-0.297023],[0.863383,-0.200154,-0.46315],[-0.349407,0.425023,-0.835027]],[[-0.363983,-0.882776,-0.297023],[0.89042,-0.423357,0.167096],[0.273255,0.203655,-0.940136]]],1],[792,[0.309438,-0.227481,0.92331],79,63.6473,[-86.109,106.724,40.4283],[-85.9996,106.695,39.5056],[-26.7884,-168.439,25.7479],false,[-130.632,108.833,78.0865],[-134.463,121.204,13.0937],[-90.4866,114.218,2.44275],[-82.1284,108.074,27.3821],[-87.3511,106.101,44.3365],[[[-0.19514,-0.965527,-0.172276],[-0.97907,0.181418,0.0922434],[0.0578095,-0.18667,0.98072]],[[-0.195151,-0.96549,-0.17247],[-0.19829,0.21106,-0.957149],[-0.960519,0.15259,0.232635]],[[-0.195151,-0.96549,-0.17247],[0.930679,-0.126816,-0.343152],[-0.309438,0.227481,-0.92331]],[[-0.195151,-0.96549,-0.17247],[0.936114,-0.235823,0.260918],[0.292585,0.110533,-0.94983]]],2],[793,[0.356919,-0.073578,0.931233],79,61.1986,[-93.2954,94.5082,43.2202],[-93.4491,94.3848,43.1462],[-35.2279,-136.956,41.3017],false,[-133.78,97.9224,75.4007],[-140.131,100.562,16.2997],[-99.2819,96.407,5.56599],[-89.8902,94.4709,30.0698],[-94.3793,94.3461,47.2396],[[[-0.11014,-0.993383,-0.0325372],[-0.988168,0.105929,0.110916],[0.106735,-0.0443685,0.993297]],[[-0.110524,-0.993217,-0.0361144],[-0.247666,0.0627142,-0.966814],[-0.962521,0.0979118,0.252917]],[[-0.110524,-0.993217,-0.0361144],[0.927574,-0.0900337,-0.36263],[-0.356919,0.073578,-0.931233]],[[-0.110524,-0.993217,-0.0361144],[0.961148,-0.116062,0.250448],[0.252941,0.00703072,-0.967456]]],3],[794,[0.413281,0.132886,0.900855],79,47.9786,[-103.675,85.8081,38.6315],[-103.832,85.6945,38.6237],[-41.6028,-145.61,62.7658],false,[-130.562,84.8448,74.2275],[-140.887,80.6333,20.2899],[-109.034,81.9091,9.71661],[-101.356,84.3779,26.453],[-104.467,85.9306,42.4521],[[[0.0677516,-0.995598,0.0647686],[-0.979932,-0.0542066,0.191821],[0.187466,0.076465,0.97929]],[[0.0765484,-0.990863,0.111045],[-0.307711,-0.129413,-0.942638],[-0.948396,-0.0379875,0.314806]],[[0.0765484,-0.990863,0.111045],[0.90738,0.023066,-0.419677],[-0.413281,-0.132886,-0.900855]],[[0.0765484,-0.990863,0.111045],[0.978788,0.0959049,0.181043],[0.190039,-0.0948313,-0.977186]]],4]],[[0,200,0],[235.247,235.247,147.751]]],[260057,82289363987,[[78,"right",[0.361218,0.0956368,-0.927564],[-0.883435,-0.28326,-0.373238],[88.3809,85.4096,31.8196],[-36.1209,-275.641,85.6797],[88.5161,85.8433,31.7266],0.755736,1,0.540703,[[-0.0868058,-0.925115,-0.369632],[0.701555,0.206662,-0.681991],[0.707309,-0.318518,0.631079]],63.1406,[264.325,-10.921,252.027],[75.0884,74.2968,83.185]],[79,"left",[-0.202915,0.189678,-0.96065],[0.919896,-0.299296,-0.253402],[-126.792,111.99,34.2146],[-6.65675,-96.8592,-54.357],[-126.71,112.497,34.5089],0.843076,1,0.188246,[[-0.00330445,-0.859222,-0.511592],[-0.75291,0.338828,-0.564201],[-0.658116,-0.383318,0.648036]],60.5256,[-291.372,-1.589,249.904],[-122.589,96.7184,83.7053]]],[[780,[-0.0261278,-0.0904707,-0.995556],78,51.6425,[53.8135,106.247,-1.65619],[54.6698,107.077,-0.356394],[-24.0806,-292.814,7.50441],false,[55.9787,97.8979,81.8322],[55.9787,97.8979,81.8322],[54.9087,124.956,40.4392],[54.0259,121.899,6.80373],[53.7274,101.476,-4.17909],[[[0.980744,-0.111975,0.160011],[0.0139332,0.857339,0.514564],[-0.194802,-0.502425,0.84239]],[[0.999657,-0.000528786,-0.0261874],[0.0147677,0.837117,0.546825],[0.0216328,-0.547024,0.836837]],[[0.999657,-0.000528786,-0.0261874],[-0.00184276,0.995899,-0.0904535],[0.0261278,0.0904707,0.995556]],[[0.999657,-0.000528786,-0.0261874],[-0.0228116,0.47376,-0.880358],[0.0128721,0.880654,0.473585]]],0],[781,[-0.350434,-0.214597,0.911671],78,58.2728,[48.6088,94.4475,29.0918],[48.2452,94.1853,28.7442],[-25.3138,-236.906,60.6377],false,[79.3109,96.7738,79.3713],[91.8168,112.059,9.19669],[53.8658,99.3919,-5.35053],[45.4726,94.2522,16.4846],[49.43,94.1781,32.9456],[[[0.35485,-0.924658,-0.138163],[0.91905,0.317879,0.233023],[-0.171547,-0.209667,0.962606]],[[0.345312,-0.934426,-0.0872205],[0.293352,0.195751,-0.935749],[0.891462,0.297539,0.341711]],[[0.345312,-0.934426,-0.0872205],[-0.870606,-0.284246,-0.401558],[0.350434,0.214597,-0.911671]],[[0.345312,-0.934426,-0.0872205],[-0.908913,-0.35613,0.216906],[-0.233745,0.00437556,-0.972288]]],1],[782,[-0.368889,-0.121902,0.921445],78,66.3972,[48.7521,81.629,34.6252],[48.293,81.3829,34.2434],[-42.4268,-232.122,71.1867],false,[85.2444,86.2717,77.5349],[100.26,91.85,10.2827],[55.5742,85.0814,-5.16243],[45.1797,81.6465,20.8019],[49.637,81.2808,38.878],[[[0.166501,-0.985035,-0.0445281],[0.961821,0.152298,0.227387],[-0.217203,-0.0806882,0.972786]],[[0.170355,-0.983436,-0.0619033],[0.309246,0.113005,-0.944244],[0.935599,0.141714,0.323375]],[[0.170355,-0.983436,-0.0619033],[-0.913728,-0.134138,-0.383546],[0.368889,0.121902,-0.921445]],[[0.170355,-0.983436,-0.0619033],[-0.955868,-0.180187,0.232054],[-0.239365,0.0196397,-0.970731]]],2],[783,[-0.413669,0.028435,0.909983],78,63.8426,[54.7301,69.0837,40.0126],[54.173,68.7258,39.7755],[-57.2289,-233.161,87.2014],false,[88.296,74.5408,76.4075],[104.414,70.573,16.5979],[63.049,66.917,1.24665],[51.6938,67.6975,26.2258],[55.3388,69.0433,44.3276],[[[0.0597397,-0.994832,0.0820968],[0.963845,0.0788827,0.25452],[-0.25968,0.0639237,0.963577]],[[0.0654401,-0.995998,0.0608711],[0.350377,-0.0341825,-0.935985],[0.93432,0.0825788,0.346738]],[[0.0654401,-0.995998,0.0608711],[-0.908073,-0.0847299,-0.410152],[0.413669,-0.028435,-0.909983]],[[0.0654401,-0.995998,0.0608711],[-0.978242,-0.0519986,0.200846],[-0.196877,-0.0726901,-0.97773]]],3],[784,[-0.509634,0.219418,0.831943],78,50.0515,[64.1411,58.6783,35.3752],[63.5495,58.0564,35.3367],[-64.3338,-246.299,102.905],false,[84.4299,60.9842,76.0035],[103.428,50.3176,22.8366],[72.4459,51.8489,6.54501],[62.5687,56.1014,22.6689],[64.1975,58.8329,39.4502],[[[-0.130799,-0.980014,0.149878],[0.934649,-0.0714748,0.348313],[-0.330639,0.185643,0.925318]],[[-0.138756,-0.975238,0.172211],[0.445932,-0.216795,-0.868415],[0.884246,-0.0437034,0.464972]],[[-0.138756,-0.975238,0.172211],[-0.849129,0.0276727,-0.52746],[0.509634,-0.219418,-0.831943]],[[-0.138756,-0.975238,0.172211],[-0.985724,0.152752,0.0708115],[-0.0953638,-0.159927,-0.982512]]],4],[790,[0.141785,-0.280786,-0.94924],79,49.5037,[-90.1176,120.605,2.84073],[-90.1551,120.589,2.8735],[58.352,-404.912,-112.044],false,[-103.405,118.354,87.3086],[-103.405,118.354,87.3086],[-95.8748,139.207,45.3967],[-91.2829,130.114,14.6543],[-89.3335,114.616,-1.16323],[[[-0.997413,-0.0715775,-0.00657782],[-0.0621241,0.812401,0.57978],[0.0361554,-0.578689,0.814746]],[[-0.986637,0.0376799,-0.158517],[-0.0364119,0.897297,0.439923],[-0.158813,-0.439816,0.883934]],[[-0.986637,0.0376799,-0.158517],[0.0802766,0.95903,-0.271691],[-0.141785,0.280786,0.94924]],[[-0.986637,0.0376799,-0.158517],[0.137323,0.715921,-0.684544],[-0.0876921,0.697164,0.711528]]],0],[791,[0.345582,-0.411915,0.843149],79,55.8594,[-84.4991,117.712,30.7841],[-84.9156,117.206,31.3717],[3.85224,-153.147,-55.1825],false,[-125.124,118.676,81.3795],[-125.518,139.347,14.6262],[-89.0021,129.149,-0.471669],[-81.068,119.692,18.8859],[-85.5596,116.648,34.1811],[[[-0.36489,-0.889994,-0.273433],[-0.931034,0.347013,0.112952],[0.0056417,-0.29579,0.955236]],[[-0.364929,-0.886774,-0.283654],[-0.257195,0.388827,-0.884683],[-0.894806,0.249892,0.369968]],[[-0.364929,-0.886774,-0.283654],[0.864523,-0.209664,-0.456772],[-0.345582,0.411915,-0.843149]],[[-0.364929,-0.886774,-0.283654],[0.888948,-0.422434,0.176977],[0.276764,0.187569,-0.942454]]],1],[792,[0.305294,-0.212791,0.928179],79,63.6473,[-86.233,106.193,40.4766],[-86.1072,106.23,39.5591],[-22.7687,-136.978,20.2941],false,[-130.854,109.106,77.864],[-134.447,120.418,12.6652],[-90.4368,113.15,2.34753],[-82.1906,107.402,27.4184],[-87.4669,105.719,44.3874],[[[-0.196672,-0.967804,-0.157085],[-0.978969,0.184975,0.0860432],[0.0542161,-0.170704,0.98383]],[[-0.196677,-0.967787,-0.157181],[-0.193143,0.195413,-0.961514],[-0.961256,0.15875,0.225354]],[[-0.196677,-0.967787,-0.157181],[0.931726,-0.134565,-0.337311],[-0.305294,0.212791,-0.928179]],[[-0.196677,-0.967787,-0.157181],[0.934849,-0.233432,0.267519],[0.295593,0.0943253,-0.950646]]],2],[793,[0.353238,-0.0589636,0.933674],79,61.1986,[-93.4551,94.0817,43.4441],[-93.5848,94.008,43.326],[-30.0214,-111.67,36.2288],false,[-134.017,98.1586,75.3468],[-140.17,99.8436,16.19],[-99.2832,95.4239,5.70891],[-89.9883,93.8724,30.2769],[-94.53,94.0389,47.4325],[[[-0.112188,-0.993548,-0.0166308],[-0.988292,0.109821,0.105919],[0.103409,-0.0283189,0.994236]],[[-0.112554,-0.993441,-0.0201556],[-0.243246,0.0472149,-0.968815],[-0.963412,0.104141,0.246965]],[[-0.112554,-0.993441,-0.0201556],[0.928738,-0.0979685,-0.357557],[-0.353238,0.0589636,-0.933674]],[[-0.112554,-0.993441,-0.0201556],[0.960127,-0.113958,0.255284],[0.255907,-0.00938123,-0.966656]]],3],[794,[0.410161,0.145776,0.900287],79,47.9786,[-103.841,85.2835,38.9726],[-103.969,85.2508,38.9085],[-34.6687,-120.157,55.1415],false,[-130.824,85.0568,74.3985],[-140.983,79.9842,20.5034],[-109.08,81.0298,10.0554],[-101.459,83.738,26.7812],[-104.616,85.5443,42.7449],[[[0.0653818,-0.994544,0.0812822],[-0.980665,-0.048985,0.189462],[0.184447,0.092098,0.978518]],[[0.0738564,-0.98921,0.126527],[-0.303782,-0.143159,-0.941925],[-0.949875,-0.0311307,0.311077]],[[0.0738564,-0.98921,0.126527],[0.909018,0.0145958,-0.416502],[-0.410161,-0.145776,-0.900287]],[[0.0738564,-0.98921,0.126527],[0.978459,0.0964031,0.18255],[0.192777,-0.110319,-0.975021]]],4]],[[0,200,0],[235.247,235.247,147.751]]],[260058,82289372652,[[78,"right",[0.351124,0.0848552,-0.932476],[-0.887824,-0.286204,-0.360355],[88.545,84.6929,31.8634],[-21.4825,-224.348,64.2455],[88.5407,84.8639,31.8431],0.753085,1,0.580778,[[-0.0885476,-0.926671,-0.365294],[0.703692,0.201357,-0.681376],[0.704966,-0.317388,0.634261]],63.1406,[264.414,-10.7471,253.185],[75.804,74.1685,83.4919]],[79,"left",[-0.124476,0.118608,-0.985108],[0.857849,-0.48604,-0.166915],[-130.147,117.822,32.7825],[-107.82,107.823,-83.8476],[-128.403,115.12,33.6586],0.848418,1,0.076009,[[-0.116144,-0.77738,-0.618216],[-0.76946,0.464001,-0.438902],[-0.628047,-0.424717,0.652053]],60.5256,[-291.964,-1.46135,250.926],[-130.892,107.463,83.6978]]],[[780,[-0.0390695,-0.103466,-0.993865],78,51.6425,[53.4437,105.024,-1.63389],[54.3238,105.887,-0.389144],[-28.8026,-251.253,6.11554],false,[56.7093,97.7787,82.0867],[56.7093,97.7787,82.0867],[55.0975,124.247,40.3318],[53.7776,120.752,6.75352],[53.3308,100.283,-4.13843],[[[0.982305,-0.111503,0.150478],[0.0206251,0.862977,0.504822],[-0.186148,-0.492786,0.850006]],[[0.999232,-0.000961948,-0.0391803],[0.021778,0.844779,0.534673],[0.0325844,-0.535115,0.844151]],[[0.999232,-0.000961948,-0.0391803],[-0.00309779,0.994633,-0.103424],[0.0390695,0.103466,0.993865]],[[0.999232,-0.000961948,-0.0391803],[-0.0341301,0.470061,-0.881974],[0.0192656,0.882633,0.469667]]],0],[781,[-0.34021,-0.203953,0.917966],78,58.2728,[48.6681,93.6253,29.5021],[48.4005,93.4869,29.1531],[-13.7571,-195.249,56.9422],false,[80.0117,96.5962,79.3826],[91.7646,111.085,8.9095],[53.6351,98.3049,-5.06094],[45.4869,93.4201,16.9249],[49.63,93.5239,33.34],[[[0.352188,-0.926608,-0.131765],[0.921939,0.319217,0.219381],[-0.161219,-0.198743,0.9667]],[[0.343216,-0.935782,-0.0807109],[0.282859,0.184919,-0.941167],[0.895653,0.300194,0.328162]],[[0.343216,-0.935782,-0.0807109],[-0.875477,-0.287602,-0.388362],[0.34021,0.203953,-0.917966]],[[0.343216,-0.935782,-0.0807109],[-0.906816,-0.352525,0.231107],[-0.244718,-0.00612963,-0.969575]]],1],[782,[-0.358726,-0.111194,0.926796],78,66.3972,[48.8003,80.8673,35.1601],[48.4882,80.7459,34.7841],[-25.1016,-189.819,68.6566],false,[85.9118,86.0664,77.5979],[100.195,90.878,10.1272],[55.3311,83.9975,-4.74226],[45.223,80.8643,21.3729],[49.8799,80.6929,39.4014],[[[0.164805,-0.98569,-0.0354045],[0.964445,0.153527,0.215117],[-0.206603,-0.0695982,0.975946]],[[0.16848,-0.984286,-0.0528792],[0.298814,0.102122,-0.948831],[0.939321,0.144058,0.311324]],[[0.16848,-0.984286,-0.0528792],[-0.918112,-0.137177,-0.371823],[0.358726,0.111194,-0.926796]],[[0.16848,-0.984286,-0.0528792],[-0.953451,-0.176343,0.244609],[-0.25009,0.0092061,-0.968179]]],2],[783,[-0.403697,0.0390742,0.914058],78,63.8426,[54.736,68.3318,40.6161],[54.4096,68.1439,40.3794],[-34.7437,-188.917,82.2248],false,[88.9366,74.3197,76.5676],[104.392,69.6669,16.6326],[62.8584,65.8958,1.77213],[51.7768,66.9684,26.8631],[55.6217,68.51,44.9079],[[[0.0594298,-0.993939,0.0924849],[0.966678,0.0804143,0.243039],[-0.249003,0.0749593,0.965597]],[[0.0648957,-0.995348,0.0712106],[0.340156,-0.0450222,-0.939291],[0.938127,0.0851786,0.335652]],[[0.0648957,-0.995348,0.0712106],[-0.912588,-0.0880659,-0.399283],[0.403697,-0.0390742,-0.914058]],[[0.0648957,-0.995348,0.0712106],[-