{"metadata":{"formatVersion":2,"generatedBy":"LeapJS Playback 0.2.1","frames":130,"protocolVersion":6,"serviceVersion":"2.2.5+26752","frameRate":"95","modified":"Wed Apr 22 2015 20:24:06 GMT-0300 (E. South America Standard Time)"},"frames":[["id","timestamp",{"hands":[["id","type","direction","palmNormal","palmPosition","palmVelocity","stabilizedPalmPosition","pinchStrength","grabStrength","confidence","armBasis","armWidth","elbow","wrist"]]},{"pointables":[["id","direction","handId","length","stabilizedTipPosition","tipPosition","tipVelocity","tool","carpPosition","mcpPosition","pipPosition","dipPosition","btipPosition","bases","type"]]},{"interactionBox":["center","size"]}],[259923,82287933048,[[78,"right",[0.295653,0.0807194,-0.951879],[-0.893002,-0.330574,-0.305399],[80.1663,104.832,26.0992],[17.9143,111.654,18.3901],[80.072,104.216,25.9089],0.876926,1,0.596765,[[-0.0607634,-0.926363,-0.371698],[0.689789,0.230186,-0.686444],[0.721456,-0.298104,0.625009]],63.1406,[263.754,15.0694,245.752],[70.7319,94.8256,78.5343]],[79,"left",[-0.268671,0.348986,-0.897789],[0.945797,-0.0809552,-0.314506],[-121.283,119.726,35.3754],[5.52565,6.85906,6.36551],[-121.32,119.507,35.206],0.691319,1,0.250214,[[-0.0435984,-0.857392,-0.512814],[-0.836,0.312351,-0.451155],[-0.546995,-0.409043,0.730397]],60.5256,[-252.989,-9.5076,267.805],[-112.704,95.3975,80.4838]]],[[780,[-0.0429915,-0.230693,-0.972076],78,51.6425,[46.7284,114.885,-3.46106],[46.8205,116.325,-3.30758],[24.874,63.9333,-0.0180324],false,[50.5873,117.577,77.769],[50.5873,117.577,77.769],[48.1786,140.089,33.7907],[46.7262,132.295,0.948562],[46.7714,109.815,-4.75039],[[[0.992957,-0.0669573,0.0977372],[0.0108984,0.873101,0.487418],[-0.117971,-0.48292,0.867682]],[[0.998772,0.0140546,-0.0475076],[0.00912523,0.890324,0.455236],[0.0486953,-0.45511,0.889103]],[[0.998772,0.0140546,-0.0475076],[-0.0246218,0.972925,-0.229806],[0.0429915,0.230693,0.972076]],[[0.998772,0.0140546,-0.0475076],[-0.0495045,0.245347,-0.96817],[-0.00195137,0.969333,0.245742]]],0],[781,[-0.30738,-0.216437,0.926646],78,58.2728,[39.3455,110.735,23.8929],[39.4794,111.763,23.7629],[15.0508,90.3528,-0.470357],false,[73.7364,117.323,73.7984],[80.9843,130.867,2.53461],[43.1338,116.57,-10.7044],[35.7718,111.386,11.4894],[40.6167,111.807,27.7061],[[[0.384142,-0.91342,-0.134534],[0.917905,0.362141,0.162184],[-0.0994215,-0.185791,0.977547]],[[0.379153,-0.92101,-0.0893507],[0.256408,0.197351,-0.946207],[0.889099,0.335847,0.31098]],[[0.379153,-0.92101,-0.0893507],[-0.872789,-0.323876,-0.365163],[0.30738,0.216437,-0.926646]],[[0.379153,-0.92101,-0.0893507],[-0.879972,-0.388744,0.272998],[-0.286168,-0.024882,-0.957856]]],1],[782,[-0.315297,-0.0761257,0.945935],78,66.3972,[40.2092,99.6293,31.6436],[40.2673,100.407,31.0765],[18.2458,91.9763,9.15458],false,[79.9794,107.017,71.8775],[90.3333,111.062,3.64344],[45.0942,101.841,-8.58813],[36.2098,99.6963,18.0663],[41.5708,100.601,35.876],[[[0.205031,-0.978386,-0.0268905],[0.967229,0.198336,0.158527],[-0.149767,-0.0585122,0.986988]],[[0.202635,-0.97919,-0.0112602],[0.24859,0.0625588,-0.966586],[0.947176,0.193065,0.256093]],[[0.202635,-0.97919,-0.0112602],[-0.927107,-0.188129,-0.324161],[0.315297,0.0761257,-0.945935]],[[0.202635,-0.97919,-0.0112602],[-0.935977,-0.197047,0.291752],[-0.2879,-0.0485798,-0.956428]]],2],[783,[-0.362633,0.0485999,0.930664],78,63.8426,[47.1355,86.203,36.7376],[47.4454,87.3211,36.483],[21.2292,96.9903,7.78874],false,[83.4477,95.39,70.8909],[95.7918,90.1828,10.2835],[53.7677,84.3152,-2.35274],[43.8134,85.6492,23.1941],[48.4173,87.8584,40.99],[[[0.107256,-0.988482,0.106773],[0.974139,0.125962,0.187583],[-0.198871,0.083892,0.976428]],[[0.109758,-0.989462,0.0944376],[0.294923,-0.0583132,-0.95374],[0.949196,0.132533,0.285415]],[[0.109758,-0.989462,0.0944376],[-0.925446,-0.136394,-0.353477],[0.362633,-0.0485999,-0.930664]],[[0.109758,-0.989462,0.0944376],[-0.962349,-0.0820166,0.259148],[-0.248672,-0.119326,-0.961209]]],3],[784,[-0.466724,0.21486,0.857907],78,50.0515,[56.5934,75.6845,32.3308],[56.8036,76.5683,32.4047],[29.8333,99.9408,12.8377],false,[80.1442,81.6818,71.1377],[96.0766,70.1123,17.1588],[63.9834,69.9589,3.10043],[54.9378,74.1231,19.7275],[57.3712,77.3097,36.3303],[[[-0.0789221,-0.979262,0.186594],[0.95754,-0.0224029,0.287429],[-0.277288,0.201356,0.93945]],[[-0.0827361,-0.976394,0.199524],[0.392638,-0.215953,-0.89398],[0.915964,0.00437626,0.401236]],[[-0.0827361,-0.976394,0.199524],[-0.880524,-0.0221428,-0.473484],[0.466724,-0.21486,-0.857906]],[[-0.0827361,-0.976394,0.199524],[-0.986335,0.10885,0.123669],[-0.142468,-0.186566,-0.972058]]],4],[790,[0.108878,0.063873,-0.992001],79,49.5037,[-91.2885,150.223,5.44684],[-90.7795,150.734,5.85842],[-25.6948,34.881,5.80366],false,[-97.1884,118.714,88.5245],[-97.1884,118.714,88.5245],[-97.418,151.682,54.447],[-93.8918,153.75,22.3197],[-90.8237,149.788,0.661553],[[[-0.971786,-0.235181,-0.0179518],[-0.171295,0.651383,0.73916],[0.162143,-0.72138,0.67329]],[[-0.985052,-0.127072,-0.116297],[-0.172188,0.707399,0.68552],[0.00484159,-0.695298,0.718705]],[[-0.985052,-0.127072,-0.116297],[-0.133483,0.989835,0.0490829],[-0.108878,-0.063873,0.992001]],[[-0.985052,-0.127072,-0.116297],[-0.103074,0.97575,-0.193102],[-0.138015,0.178228,0.974262]]],0],[791,[0.380972,-0.522673,0.762675],79,55.8594,[-82.9224,132.641,33.7815],[-82.8245,132.447,34.4786],[12.6174,-14.6416,-2.7824],false,[-118.883,116.612,82.8787],[-125.266,150.382,22.0321],[-87.9858,149.633,5.44932],[-79.2392,137.633,22.9594],[-83.9015,131.083,37.0571],[[[-0.224959,-0.861775,-0.454683],[-0.970078,0.154347,0.187418],[0.0913334,-0.483239,0.870711]],[[-0.226642,-0.852508,-0.471024],[-0.337779,0.522392,-0.782951],[-0.913531,0.0183473,0.406355]],[[-0.226642,-0.852508,-0.471024],[0.896378,0.00659276,-0.443241],[-0.380972,0.522673,-0.762675]],[[-0.226642,-0.852508,-0.471024],[0.930647,-0.332193,0.153439],[0.287279,0.403582,-0.868673]]],1],[792,[0.377662,-0.35153,0.85662],79,63.6473,[-80.6902,120.124,38.505],[-80.6794,120.343,37.9299],[7.00983,-21.4838,8.87569],false,[-123.106,107.161,77.4338],[-131.051,131.053,16.1328],[-87.3146,134.194,2.96371],[-77.1136,124.699,26.1017],[-81.7078,118.611,42.2403],[[[-0.0418586,-0.932741,-0.35811],[-0.991904,-0.00421549,0.126921],[0.119894,-0.360523,0.925013]],[[-0.0425186,-0.93074,-0.363201],[-0.292629,0.359188,-0.886201],[-0.95528,-0.0686033,0.287634]],[[-0.0425186,-0.93074,-0.363201],[0.924967,0.100745,-0.366451],[-0.377662,0.35153,-0.85662]],[[-0.0425186,-0.93074,-0.363201],[0.965375,-0.131921,0.225049],[0.257377,0.341056,-0.904123]]],2],[793,[0.393651,-0.182852,0.900891],79,61.1986,[-85.1934,106.465,40.4142],[-85.216,106.444,40.4907],[-3.55243,-14.5271,2.45789],false,[-124.534,96.6078,72.6631],[-133.192,109.534,15.2334],[-92.6223,114.307,3.7254],[-82.2641,109.496,27.4308],[-86.1704,105.476,44.2697],[[[0.0511349,-0.972639,-0.226625],[-0.988032,-0.0823354,0.130434],[0.145525,-0.217243,0.965209]],[[0.0520652,-0.974009,-0.220443],[-0.288907,0.196612,-0.936951],[-0.95594,-0.11247,0.271161]],[[0.0520652,-0.974009,-0.220443],[0.917784,0.133683,-0.373899],[-0.393651,0.182852,-0.900891]],[[0.0520652,-0.974009,-0.220443],[0.974085,0.000879341,0.226179],[0.220106,0.226506,-0.948814]]],3],[794,[0.400294,0.072266,0.913533],79,47.9786,[-94.4199,97.9978,34.5473],[-94.5401,98.2927,34.4108],[-6.76055,-10.6704,0.503711],false,[-119.281,84.7189,68.9451],[-130.578,89.3637,15.2383],[-99.6393,97.6879,5.16179],[-92.2025,99.0305,22.1337],[-95.2329,97.7044,38.1687],[[[0.230178,-0.964181,-0.131805],[-0.951287,-0.251481,0.178356],[0.205114,-0.0843309,0.975098]],[[0.24968,-0.967771,-0.032849],[-0.298488,-0.0446483,-0.953368],[-0.921176,-0.247842,0.300016]],[[0.24968,-0.967771,-0.032849],[0.881717,0.24124,-0.405437],[-0.400294,-0.072266,-0.913533]],[[0.24968,-0.967771,-0.032849],[0.950474,0.238451,0.199347],[0.18509,0.0809952,-0.979378]]],4]],[[0,200,0],[235.247,235.247,147.751]]],[259924,82287941974,[[78,"right",[0.29961,0.0716081,-0.95137],[-0.89207,-0.33256,-0.305966],[80.3272,106.333,26.4489],[17.9436,127.049,24.058],[80.2306,105.532,26.2445],0.875479,1,0.598992,[[-0.0724879,-0.925915,-0.37071],[0.689754,0.221934,-0.689192],[0.720406,-0.305657,0.622566]],63.1406,[263.41,15.045,245.5],[70.6693,96.822,78.9356]],[79,"left",[-0.279694,0.363511,-0.888612],[0.941087,-0.0794314,-0.328704],[-120.963,120.082,36.0638],[13.7925,15.8667,25.6576],[-121.221,119.667,35.4445],0.680592,1,0.247016,[[-0.0543403,-0.853404,-0.518409],[-0.833299,0.324803,-0.447343],[-0.550145,-0.407681,0.728791]],60.5256,[-252.948,-9.51423,267.585],[-111.855,95.0416,80.676]]],[[780,[-0.0394226,-0.240688,-0.969802],78,51.6425,[47.0096,116.104,-3.38853],[47.0975,117.503,-3.24306],[26.361,83.5899,1.72198],false,[50.5501,119.584,77.877],[50.5501,119.584,77.877],[48.3293,141.665,33.6712],[46.9974,133.534,0.905914],[47.0419,111.022,-4.66388],[[[0.992485,-0.066974,0.102411],[0.00975844,0.877575,0.47934],[-0.121976,-0.474738,0.871634]],[[0.998959,0.0128085,-0.0437867],[0.00809986,0.894737,0.446521],[0.0448968,-0.446411,0.893701]],[[0.998959,0.0128085,-0.0437867],[-0.0229606,0.970518,-0.239932],[0.0394226,0.240688,0.969802]],[[0.998959,0.0128085,-0.0437867],[-0.0455812,0.239839,-0.969742],[-0.0019192,0.970728,0.240173]]],0],[781,[-0.31124,-0.207549,0.92739],78,58.2728,[39.5121,111.975,23.998],[39.658,113.278,23.8899],[16.3856,112.053,3.56324],false,[73.715,119.272,74.0035],[81.2665,132.147,2.6474],[43.4543,117.762,-10.6058],[35.9999,112.791,11.6058],[40.7798,113.357,27.8374],[[[0.383801,-0.914987,-0.124485],[0.917588,0.362774,0.162567],[-0.103587,-0.17662,0.978813]],[[0.378626,-0.922146,-0.0793048],[0.260279,0.18831,-0.946992],[0.888199,0.337915,0.311314]],[[0.378626,-0.922146,-0.0793048],[-0.871649,-0.326452,-0.365592],[0.31124,0.207549,-0.92739]],[[0.378626,-0.922146,-0.0793048],[-0.881438,-0.385392,0.27302],[-0.282328,-0.0334703,-0.958734]]],1],[782,[-0.318482,-0.0672414,0.945541],78,66.3972,[40.3572,100.918,31.8789],[40.4111,101.983,31.37],[17.5672,115.147,15.5719],false,[79.9557,108.943,72.2038],[90.5917,112.345,3.97805],[45.3786,103.051,-8.29482],[36.4045,101.157,18.3485],[41.6953,102.216,36.1707],[[[0.204189,-0.978784,-0.0169773],[0.966767,0.198896,0.160631],[-0.153847,-0.0492123,0.986868]],[[0.201781,-0.979429,-0.00168626],[0.251344,0.0534457,-0.966421],[0.946631,0.194582,0.256958]],[[0.201781,-0.979429,-0.00168626],[-0.926204,-0.190256,-0.325499],[0.318482,0.0672414,-0.945541]],[[0.201781,-0.979429,-0.00168626],[-0.937311,-0.193603,0.289767],[-0.284133,-0.0568891,-0.957096]]],2],[783,[-0.366534,0.0576357,0.928618],78,63.8426,[47.282,87.4973,36.9873],[47.5411,88.9512,36.8663],[18.253,120.472,17.1875],false,[83.4168,97.3036,71.3392],[96.0028,91.5227,10.8338],[54.0246,85.577,-1.91815],[43.9632,87.1591,23.5725],[48.4921,89.5301,41.3669],[[[0.10586,-0.987548,0.116373],[0.973488,0.126788,0.190385],[-0.202769,0.0931336,0.974788]],[[0.108394,-0.988638,0.104145],[0.29874,-0.0675256,-0.951942],[0.948159,0.134297,0.288027]],[[0.108394,-0.988638,0.104145],[-0.924069,-0.138829,-0.356122],[0.366534,-0.0576357,-0.928618]],[[0.108394,-0.988638,0.104145],[-0.963541,-0.0787038,0.255722],[-0.24462,-0.128067,-0.961124]]],3],[784,[-0.470843,0.22286,0.853604],78,50.0515,[56.7614,76.9818,32.6783],[56.9075,78.1397,32.9004],[24.7547,120.501,23.9206],false,[80.0989,83.6013,71.6997],[96.2401,71.5166,17.896],[64.2191,71.2561,3.67534],[55.0937,75.5753,20.219],[57.4545,78.9086,36.8035],[[[-0.0806329,-0.977414,0.195344],[0.956338,-0.0206284,0.291535],[-0.280921,0.210323,0.936401]],[[-0.0843905,-0.974508,0.207876],[0.397067,-0.22423,-0.889977],[0.913902,0.0074352,0.405868]],[[-0.0843905,-0.974508,0.207876],[-0.878171,-0.025841,-0.477648],[0.470843,-0.22286,-0.853604]],[[-0.0843905,-0.974508,0.207876],[-0.9868,0.110674,0.118227],[-0.13822,-0.195155,-0.970984]]],4],[790,[0.0901062,0.0917225,-0.991699],79,49.5037,[-91.7062,151.335,6.09345],[-91.2416,151.967,6.7252],[-34.3275,72.0166,33.8318],false,[-96.1448,118.18,88.8543],[-96.1448,118.18,88.8543],[-97.0179,151.886,55.5182],[-94.0997,154.857,23.4006],[-91.4265,151.441,1.59757],[[[-0.972795,-0.231526,-0.00811359],[-0.158744,0.640665,0.751231],[0.168731,-0.732082,0.659989]],[[-0.986877,-0.125748,-0.101298],[-0.160421,0.691977,0.70387],[0.0184142,-0.710883,0.703069]],[[-0.986877,-0.125748,-0.101298],[-0.133996,0.987813,0.0791881],[-0.0901062,-0.0917225,0.991699]],[[-0.986877,-0.125748,-0.101298],[-0.107766,0.98009,-0.166764],[-0.120252,0.153659,0.980779]]],0],[791,[0.389473,-0.535647,0.749262],79,55.8594,[-82.748,132.718,33.9354],[-82.4754,132.683,34.8203],[19.5627,-3.19902,8.64314],false,[-117.923,116.239,83.4769],[-125.016,150.951,23.2424],[-87.9712,150.328,6.13661],[-79.0294,138.031,23.3387],[-83.5226,131.281,37.3973],[[[-0.234334,-0.853986,-0.464537],[-0.966842,0.154829,0.203089],[0.101511,-0.496725,0.861951]],[[-0.236223,-0.84438,-0.480855],[-0.346606,0.535528,-0.770113],[-0.907779,0.0152509,0.419172]],[[-0.236223,-0.84438,-0.480855],[0.89023,0.0102873,-0.455396],[-0.389473,0.535647,-0.749262]],[[-0.236223,-0.84438,-0.480855],[0.931422,-0.337761,0.135539],[0.27686,0.415862,-0.866261]]],1],[792,[0.387348,-0.365917,0.846207],79,63.6473,[-80.5443,120.133,38.5873],[-80.3231,120.487,38.1363],[16.2103,-11.4288,12.6824],false,[-122.254,106.886,77.9482],[-130.953,131.734,17.1314],[-87.3682,134.897,3.47339],[-76.9056,125.013,26.3302],[-81.2975,118.696,42.4368],[[[-0.0501856,-0.927042,-0.371583],[-0.990076,-0.00271988,0.140504],[0.131264,-0.374947,0.917706]],[[-0.0509121,-0.92495,-0.376663],[-0.301945,0.373757,-0.877003],[-0.951965,-0.0690813,0.298313]],[[-0.0509121,-0.92495,-0.376663],[0.920527,0.102817,-0.376907],[-0.387348,0.365917,-0.846207]],[[-0.0509121,-0.92495,-0.376663],[0.96792,-0.138616,0.209562],[0.246046,0.35391,-0.902335]]],2],[793,[0.402761,-0.19835,0.893555],79,61.1986,[-85.1141,106.491,40.4458],[-84.9264,106.577,40.5379],[5.51023,-6.73062,4.58947],false,[-123.786,96.4114,73.0384],[-133.185,110.238,15.9358],[-92.7333,115.028,4.02533],[-82.1354,109.808,27.5377],[-85.8648,105.545,44.3569],[[[0.0444579,-0.969254,-0.242013],[-0.986443,-0.080897,0.14278],[0.157968,-0.232384,0.95971]],[[0.0454524,-0.970699,-0.235961],[-0.29905,0.212151,-0.930355],[-0.953154,-0.112851,0.280645]],[[0.0454524,-0.970699,-0.235961],[0.914176,0.13565,-0.381944],[-0.402761,0.19835,-0.893555]],[[0.0454524,-0.970699,-0.235961],[0.976614,-0.00650916,0.214899],[0.210139,0.240211,-0.947703]]],3],[794,[0.413003,0.0563503,0.908985],79,47.9786,[-94.3708,98.1267,34.5109],[-94.3176,98.5573,34.4063],[1.81523,0.25192,0.0411296],false,[-118.629,84.5623,69.0686],[-130.645,90.0615,15.5992],[-99.8183,98.4335,5.22281],[-92.1454,99.4804,22.1102],[-94.9638,97.9106,38.1619],[[[0.224816,-0.962856,-0.149552],[-0.949662,-0.250877,0.187624],[0.218174,-0.0998435,0.970789]],[[0.24554,-0.968015,-0.0515531],[-0.311913,-0.0285411,-0.949682],[-0.917834,-0.249265,0.308945]],[[0.24554,-0.968015,-0.0515531],[0.877005,0.244484,-0.413629],[-0.413003,-0.0563503,-0.908985]],[[0.24554,-0.968015,-0.0515531],[0.95398,0.231852,0.190176],[0.17214,0.0958765,-0.980396]]],4]],[[0,200,0],[235.247,235.247,147.751]]],[259925,82287950413,[[78,"right",[0.301653,0.065218,-0.951185],[-0.892901,-0.330452,-0.305826],[80.2319,107.794,26.6637],[10.3466,139.038,24.423],[80.2314,106.857,26.4902],0.87416,1,0.601235,[[-0.08358,-0.925431,-0.369583],[0.689185,0.214197,-0.692202],[0.719749,-0.312566,0.619891]],63.1406,[263.003,14.9818,245.032],[70.4379,98.6071,79.1829]],[79,"left",[-0.283517,0.373973,-0.883042],[0.939196,-0.0777358,-0.334468],[-120.806,120.328,36.3382],[15.0609,19.3228,27.4393],[-121.13,119.812,35.6403],0.666168,1,0.256989,[[-0.0617739,-0.850962,-0.521583],[-0.831985,0.332578,-0.444064],[-0.551348,-0.406517,0.728532]],60.5256,[-252.921,-9.48411,267.463],[-111.52,94.7732,80.6208]]],[[780,[-0.0387703,-0.246368,-0.968401],78,51.6425,[47.0185,117.506,-3.34075],[47.0931,118.888,-3.18727],[19.1252,105.661,2.69112],false,[50.4168,121.448,77.9645],[50.4168,121.448,77.9645],[48.3617,143.289,33.6315],[47.0518,134.965,0.913576],[47.0095,112.441,-4.60643],[[[0.992005,-0.0705927,0.104611],[0.0125779,0.880098,0.474626],[-0.125573,-0.469515,0.873949]],[[0.999076,0.00845203,-0.0421486],[0.0110357,0.897194,0.441499],[0.0415471,-0.441556,0.896271]],[[0.999076,0.00845203,-0.0421486],[-0.018569,0.96914,-0.245813],[0.0387703,0.246368,0.968401]],[[0.999076,0.00845203,-0.0421486],[-0.042949,0.237883,-0.970344],[0.00182506,0.971257,0.238026]]],0],[781,[-0.3137,-0.201241,0.927952],78,58.2728,[39.5641,113.354,24.1016],[39.5983,114.894,23.9989],[10.2741,132.764,6.00968],false,[73.5872,121.017,74.1357],[81.3237,133.476,2.72544],[43.4737,119.177,-10.5139],[35.9604,114.357,11.7111],[40.7135,114.991,27.9481],[[[0.380169,-0.91725,-0.118846],[0.918809,0.359784,0.162314],[-0.106124,-0.170903,0.979556]],[[0.374887,-0.924138,-0.0736812],[0.262648,0.182095,-0.947553],[0.889087,0.335874,0.310988]],[[0.374887,-0.924138,-0.0736812],[-0.872383,-0.324764,-0.365344],[0.3137,0.201241,-0.927952]],[[0.374887,-0.924138,-0.0736812],[-0.883539,-0.380222,0.273478],[-0.280747,-0.0374234,-0.959052]]],1],[782,[-0.319705,-0.0610108,0.945551],78,66.3972,[40.3613,102.332,32.0983],[40.2979,103.632,31.5977],[9.50792,135.982,18.4988],false,[79.7876,110.652,72.4032],[90.5629,113.642,4.17997],[45.3187,104.471,-8.07109],[36.3101,102.752,18.5725],[41.5762,103.88,36.3979],[[[0.200094,-0.979711,-0.0113291],[0.9673,0.195693,0.161352],[-0.155861,-0.0432442,0.986832]],[[0.197713,-0.980253,0.00359986],[0.252128,0.0473037,-0.966537],[0.947281,0.192005,0.256502]],[[0.197713,-0.980253,0.00359986],[-0.92666,-0.188099,-0.325454],[0.319705,0.0610108,-0.945551]],[[0.197713,-0.980253,0.00359986],[-0.93858,-0.188246,0.289189],[-0.282801,-0.0605552,-0.957265]]],2],[783,[-0.367982,0.0642795,0.927608],78,63.8426,[47.2714,88.9068,37.2301],[47.35,90.61,37.1249],[7.58858,140.361,20.598],false,[83.2012,98.9942,71.6077],[95.8736,92.8344,11.1577],[53.8916,86.9967,-1.63144],[43.7904,88.7612,23.8315],[48.2941,91.2105,41.6217],[[[0.101484,-0.987343,0.121884],[0.973663,0.123719,0.191506],[-0.204161,0.099239,0.973894]],[[0.104016,-0.9885,0.109762],[0.300018,-0.0740346,-0.951056],[0.948246,0.131855,0.288868]],[[0.104016,-0.9885,0.109762],[-0.923997,-0.136876,-0.357064],[0.367982,-0.0642795,-0.927608]],[[0.104016,-0.9885,0.109762],[-0.964369,-0.0732481,0.25422],[-0.243256,-0.132294,-0.960898]]],3],[784,[-0.472328,0.228955,0.851168],78,50.0515,[56.7185,78.3556,32.9783],[56.6762,79.7227,33.2036],[11.0658,137.707,26.531],false,[79.825,85.3081,72.0358],[96.0137,72.8658,18.328],[64.0322,72.6572,4.01782],[54.878,77.0945,20.5143],[57.213,80.5009,37.0875],[[[-0.0851089,-0.975999,0.200453],[0.955706,-0.0230767,0.293416],[-0.281748,0.216547,0.934733]],[[-0.0887422,-0.97312,0.212514],[0.398709,-0.230221,-0.88771],[0.912774,0.00595386,0.408422]],[[-0.0887422,-0.97312,0.212514],[-0.876944,-0.0248417,-0.479949],[0.472328,-0.228955,-0.851168]],[[-0.0887422,-0.97312,0.212514],[-0.986628,0.115162,0.115337],[-0.136711,-0.199437,-0.970327]]],4],[790,[0.0792236,0.119932,-0.989616],79,49.5037,[-92.1252,152.595,6.73926],[-91.6911,153.221,7.37641],[-40.3182,101.712,47.9542],false,[-95.7178,117.786,88.9741],[-95.7178,117.786,88.9741],[-96.9832,152.101,56.2777],[-94.4174,155.985,24.2277],[-91.9604,153.145,2.3168],[[[-0.97332,-0.229383,-0.00561961],[-0.153465,0.632587,0.759132],[0.170577,-0.739741,0.650912]],[[-0.987491,-0.126325,-0.0943628],[-0.155403,0.678433,0.718038],[0.0266871,-0.72372,0.689577]],[[-0.987491,-0.126325,-0.0943628],[-0.13633,0.984712,0.108424],[-0.0792236,-0.119932,0.989616]],[[-0.987491,-0.126325,-0.0943628],[-0.112455,0.983729,-0.140114],[-0.110527,0.127749,0.985629]]],0],[791,[0.392184,-0.544895,0.741135],79,55.8594,[-82.6001,132.821,34.0863],[-82.2988,132.862,35.0261],[19.806,3.31322,12.9298],false,[-117.527,115.951,83.689],[-124.859,151.346,23.8825],[-87.9048,150.839,6.57682],[-78.9008,138.329,23.5923],[-83.3364,131.432,37.597],[[[-0.238579,-0.848265,-0.472785],[-0.96544,0.154582,0.209836],[0.104912,-0.506508,0.855829]],[[-0.240547,-0.838395,-0.489113],[-0.349463,0.544922,-0.762191],[-0.905545,0.0124159,0.424068]],[[-0.240547,-0.838395,-0.489113],[0.887879,0.0135441,-0.459878],[-0.392184,0.544895,-0.741135]],[[-0.240547,-0.838395,-0.489113],[0.931363,-0.341258,0.126907],[0.273312,0.425014,-0.862939]]],1],[792,[0.390323,-0.376226,0.840299],79,63.6473,[-80.4124,120.17,38.6691],[-80.1516,120.596,38.2614],[17.3578,-5.21852,13.1517],false,[-121.908,106.669,78.0792],[-130.868,132.211,17.5889],[-87.33,135.412,3.79248],[-76.7871,125.25,26.4897],[-81.1069,118.762,42.5479],[[[-0.0541084,-0.922738,-0.381611],[-0.989338,-0.00221088,0.145623],[0.135216,-0.385422,0.91278]],[[-0.0548602,-0.920578,-0.386686],[-0.304436,0.384252,-0.87159],[-0.950952,-0.0699056,0.301337]],[[-0.0548602,-0.920578,-0.386686],[0.919042,0.104833,-0.379962],[-0.390323,0.376226,-0.840299]],[[-0.0548602,-0.920578,-0.386686],[0.968722,-0.142935,0.202847],[0.242008,0.363463,-0.899626]]],2],[793,[0.404852,-0.209631,0.890028],79,61.1986,[-85.0407,106.537,40.4694],[-84.8158,106.678,40.5242],[6.93439,-2.1572,4.06454],false,[-123.487,96.253,73.0612],[-133.153,110.735,16.1659],[-92.7307,115.556,4.16839],[-82.0777,110.04,27.5879],[-85.7615,105.595,44.37],[[[0.041115,-0.966589,-0.253013],[-0.985861,-0.080416,0.14701],[0.162445,-0.243391,0.956228]],[[0.0421073,-0.968059,-0.247163],[-0.301744,0.223509,-0.92682],[-0.952459,-0.113606,0.282694]],[[0.0421073,-0.968059,-0.247163],[0.913412,0.137541,-0.383093],[-0.404852,0.209631,-0.890028]],[[0.0421073,-0.968059,-0.247163],[0.977313,-0.0114867,0.211487],[0.207571,0.250461,-0.945613]]],3],[794,[0.41773,0.0447159,0.90747],79,47.9786,[-94.3075,98.2673,34.4494],[-94.2187,98.7514,34.3038],[4.31599,6.10177,-3.24989],false,[-118.376,84.4381,68.933],[-130.658,90.5578,15.5915],[-99.8681,98.9828,5.1489],[-92.1074,99.8135,22.0081],[-94.8498,98.0606,38.0541],[[[0.221964,-0.961599,-0.161429],[-0.949214,-0.250962,0.189767],[0.222992,-0.111109,0.968468]],[[0.243064,-0.967884,-0.0641955],[-0.317032,-0.0167218,-0.948267],[-0.916739,-0.250842,0.310915]],[[0.243064,-0.967884,-0.0641955],[0.875455,0.24739,-0.415183],[-0.41773,-0.0447159,-0.90747]],[[0.243064,-0.967884,-0.0641955],[0.95544,0.227461,0.18814],[0.167495,0.107065,-0.980042]]],4]],[[0,200,0],[235.247,235.247,147.751]]],[259926,82287959050,[[78,"right",[0.301847,0.0576102,-0.951614],[-0.894498,-0.328179,-0.303598],[80.0039,109.125,26.7643],[0.602783,143.033,21.0362],[80.099,108.177,26.6497],0.871797,1,0.602984,[[-0.0946559,-0.925236,-0.367395],[0.688439,0.205742,-0.695502],[0.719092,-0.318762,0.617493]],63.1406,[262.562,15.0425,244.55],[70.1725,100.326,79.3429]],[79,"left",[-0.290389,0.391113,-0.87333],[0.937931,-0.0645259,-0.340767],[-120.485,120.687,36.2493],[20.9169,25.2103,17.4374],[-120.993,119.998,35.77],0.657321,1,0.321618,[[-0.0695586,-0.850215,-0.52182],[-0.830645,0.339039,-0.441681],[-0.552441,-0.402724,0.72981]],60.5256,[-252.493,-9.04183,267.093],[-110.812,94.2427,79.9228]]],[[780,[-0.0398862,-0.25223,-0.966845],78,51.6425,[46.8584,118.87,-3.37891],[46.9192,120.157,-3.21362],[8.78011,118.852,0.60586],false,[50.26,123.253,77.978],[50.26,123.253,77.978],[48.3155,144.834,33.513],[46.9679,136.312,0.847559],[46.8114,113.782,-4.64475],[[[0.99167,-0.074629,0.10498],[0.0168184,0.883089,0.468904],[-0.127701,-0.463233,0.876988]],[[0.999109,0.00331704,-0.0420825],[0.0153787,0.899796,0.43604],[0.0393121,-0.436299,0.898943]],[[0.999109,0.00331704,-0.0420825],[-0.0138215,0.967662,-0.251873],[0.0398862,0.25223,0.966845]],[[0.999109,0.00331704,-0.0420825],[-0.0416699,0.236904,-0.970639],[0.0067499,0.971527,0.236831]]],0],[781,[-0.314432,-0.193728,0.929302],78,58.2728,[39.4968,114.827,24.1889],[39.4052,116.4,24.064],[1.62361,143.813,6.42939],false,[73.4277,122.687,74.1501],[81.2149,134.646,2.65983],[43.2939,120.441,-10.4768],[35.7631,115.801,11.7806],[40.5217,116.516,28.0126],[[[0.375789,-0.919799,-0.112925],[0.920528,0.356457,0.159896],[-0.10682,-0.164038,0.980653]],[[0.370486,-0.926363,-0.0677605],[0.263243,0.174681,-0.948783],[0.890754,0.333674,0.308575]],[[0.370486,-0.926363,-0.0677605],[-0.873998,-0.322987,-0.363051],[0.314432,0.193728,-0.929302]],[[0.370486,-0.926363,-0.0677605],[-0.88529,-0.374251,0.276041],[-0.281073,-0.0422815,-0.958754]]],1],[782,[-0.319313,-0.0535905,0.946133],78,66.3972,[40.2369,103.826,32.296],[40.0578,105.178,31.778],[-0.369108,147.397,18.9799],false,[79.5786,112.282,72.4844],[90.3599,114.778,4.24221],[45.0605,105.743,-7.90551],[36.063,104.233,18.7545],[41.3388,105.446,36.5713],[[[0.195432,-0.980705,-0.00498951],[0.968239,0.192134,0.159994],[-0.155948,-0.036099,0.987105]],[[0.193106,-0.981131,0.00959902],[0.251355,0.0400102,-0.967068],[0.948436,0.189159,0.254338]],[[0.193106,-0.981131,0.00959902],[-0.927766,-0.185769,-0.323636],[0.319313,0.0535905,-0.946133]],[[0.193106,-0.981131,0.00959902],[-0.939381,-0.182046,0.290555],[-0.283325,-0.065125,-0.95681]]],2],[783,[-0.367604,0.0721388,0.92718],78,63.8426,[47.1219,90.4162,37.4684],[47.0368,92.1687,37.3498],[-4.06177,151.117,21.9404],false,[82.9366,100.603,71.7642],[95.5724,93.9909,11.3543],[53.5594,88.2703,-1.38575],[43.4686,90.2505,24.0655],[47.9825,92.7951,41.8396],[[[0.0968031,-0.987002,0.128279],[0.974263,0.120327,0.190614],[-0.203572,0.106525,0.973248]],[[0.0993071,-0.988241,0.116262],[0.299399,-0.0817502,-0.950619],[0.948946,0.129212,0.28776]],[[0.0993071,-0.988241,0.116262],[-0.924665,-0.134814,-0.356118],[0.367604,-0.0721388,-0.92718]],[[0.0993071,-0.988241,0.116262],[-0.964726,-0.0669928,0.254589],[-0.243807,-0.137444,-0.960035]]],3],[784,[-0.470862,0.236379,0.849949],78,50.0515,[56.5168,79.7908,33.2798],[56.318,81.2048,33.4986],[-2.82379,146.626,28.6939],false,[79.4954,86.9362,72.2814],[95.6184,74.0688,18.654],[63.6303,73.9236,4.35789],[54.5045,78.5049,20.8307],[56.8611,82.0016,37.3821],[[[-0.0897248,-0.974263,0.206789],[0.95562,-0.025717,0.293476],[-0.280605,0.223944,0.933333]],[[-0.0932415,-0.971374,0.218494],[0.397246,-0.237521,-0.886442],[0.912963,0.00414268,0.408022]],[[-0.0932415,-0.971374,0.218494],[-0.877266,-0.0236297,-0.479423],[0.470862,-0.236379,-0.84995]],[[-0.0932415,-0.971374,0.218494],[-0.986037,0.120502,0.114935],[-0.137973,-0.204726,-0.969046]]],4],[790,[0.0685899,0.155397,-0.985468],79,49.5037,[-92.5607,154.134,7.44202],[-92.1449,154.928,8.05593],[-43.9632,131.903,59.2571],false,[-95.1112,117.17,88.6919],[-95.1112,117.17,88.6919],[-96.9904,152.378,56.9891],[-94.7691,157.411,25.0734],[-92.4618,155.138,3.08026],[[[-0.971882,-0.2354,-0.00569785],[-0.153513,0.615083,0.773374],[0.178547,-0.752502,0.633925]],[[-0.986978,-0.133491,-0.0897451],[-0.155895,0.656357,0.738168],[0.0396339,-0.742547,0.66862]],[[-0.986978,-0.133491,-0.0897451],[-0.145497,0.978791,0.144218],[-0.0685899,-0.155397,0.985468]],[[-0.986978,-0.133491,-0.0897451],[-0.12289,0.985762,-0.114768],[-0.103788,0.102245,0.98933]]],0],[791,[0.399374,-0.55836,0.727141],79,55.8594,[-82.4282,133.102,34.1798],[-82.0656,133.492,35.007],[21.5692,22.1254,9.16734],false,[-116.936,115.31,83.4776],[-124.796,151.94,24.4867],[-87.9295,152.044,6.98835],[-78.7604,139.225,23.6826],[-83.0815,131.997,37.5559],[[[-0.235696,-0.839376,-0.489791],[-0.965296,0.143872,0.217956],[0.11248,-0.524165,0.844156]],[[-0.237826,-0.829086,-0.506018],[-0.356802,0.559115,-0.748387],[-0.9034,-0.00256226,0.428791]],[[-0.237826,-0.829086,-0.506018],[0.885403,0.0291576,-0.463908],[-0.399374,0.55836,-0.727141]],[[-0.237826,-0.829086,-0.506018],[0.934101,-0.338037,0.114835],[0.266261,0.445361,-0.854844]]],1],[792,[0.396445,-0.391882,0.830216],79,63.6473,[-80.2126,120.365,38.6517],[-79.8195,121.143,38.0286],[23.1314,12.6575,2.2749],false,[-121.287,106.125,77.6907],[-130.718,132.907,17.8117],[-87.2546,136.66,3.91815],[-76.5463,126.075,26.343],[-80.7398,119.213,42.2791],[[[-0.0502963,-0.914621,-0.401171],[-0.988542,-0.0116482,0.150494],[0.142317,-0.404144,0.903556]],[[-0.0510956,-0.912335,-0.406245],[-0.310149,0.401159,-0.861904],[-0.949314,-0.0819571,0.303458]],[[-0.0510956,-0.912335,-0.406245],[0.916635,0.118633,-0.381714],[-0.396445,0.391882,-0.830216]],[[-0.0510956,-0.912335,-0.406245],[0.970667,-0.141058,0.194699],[0.234934,0.38438,-0.892781]]],2],[793,[0.40839,-0.226881,0.884162],79,61.1986,[-84.8741,106.72,40.3247],[-84.4334,107.15,40.0188],[16.3053,12.525,-11.3775],false,[-122.827,95.809,72.4569],[-132.875,111.452,15.9367],[-92.5197,116.769,3.92451],[-81.7736,110.799,27.1897],[-85.3781,105.965,43.8813],[[[0.0458597,-0.960628,-0.274029],[-0.984569,-0.0898413,0.150174],[0.16888,-0.262913,0.949924]],[[0.0468369,-0.962134,-0.268523],[-0.305964,0.242079,-0.920752],[-0.95089,-0.125284,0.28304]],[[0.0468369,-0.962134,-0.268523],[0.911605,0.151074,-0.3823],[-0.40839,0.226881,-0.884162]],[[0.0468369,-0.962134,-0.268523],[0.978037,-0.0104862,0.208166],[0.203099,0.272375,-0.940512]]],3],[794,[0.422007,0.0271709,0.906185],79,47.9786,[-94.1178,98.5378,34.1704],[-93.7773,99.3128,33.6175],[16.7219,21.6436,-23.6714],false,[-117.663,84.1186,68.0491],[-130.258,91.3086,14.9142],[-99.5753,100.155,4.50256],[-91.7352,100.66,21.3379],[-94.3877,98.5338,37.3538],[[[0.227142,-0.956463,-0.183264],[-0.946636,-0.261033,0.189054],[0.228661,-0.130543,0.964714]],[[0.24866,-0.964687,-0.0868752],[-0.32193,0.00227923,-0.946761],[-0.913526,-0.263389,0.309995]],[[0.24866,-0.964687,-0.0868752],[0.871825,0.261994,-0.413861],[-0.422007,-0.0271709,-0.906185]],[[0.24866,-0.964687,-0.0868752],[0.954946,0.229167,0.188577],[0.162009,0.129853,-0.978208]]],4]],[[0,200,0],[235.247,235.247,147.751]]],[259927,82287967742,[[78,"right",[0.301671,0.0735168,-0.950574],[-0.888902,-0.338825,-0.308303],[80.3994,111.796,26.3819],[12.5725,186.819,3.69923],[80.2754,110.303,26.4924],0.869664,1,0.608261,[[-0.0824782,-0.917228,-0.389731],[0.693495,0.228028,-0.683424],[0.715725,-0.326644,0.617285]],63.1406,[262.155,14.8362,243.996],[70.6665,102.228,78.8443]],[79,"left",[-0.292471,0.408615,-0.864578],[0.938692,-0.0499024,-0.341127],[-120.16,121.306,36.3959],[25.3249,37.4835,17.2845],[-120.816,120.276,35.9028],0.650395,1,0.380984,[[-0.0751985,-0.849094,-0.522861],[-0.829708,0.344123,-0.439505],[-0.55311,-0.400772,0.730378]],60.5256,[-252.184,-8.83077,266.787],[-110.331,93.953,79.4708]]],[[780,[-0.0348983,-0.241345,-0.969812],78,51.6425,[47.112,121.356,-3.7337],[47.1732,122.629,-3.5525],[15.0282,165.188,-11.0191],false,[50.3921,124.849,77.7268],[50.3921,124.849,77.7268],[48.1518,146.938,33.5255],[46.9728,138.784,0.759893],[47.1737,116.347,-5.104],[[[0.992648,-0.0600384,0.105101],[0.00235088,0.877711,0.479185],[-0.121018,-0.475414,0.871399]],[[0.998974,0.0196148,-0.040829],[0.000704282,0.894542,0.446983],[0.0452907,-0.446553,0.89361]],[[0.998974,0.0196148,-0.040829],[-0.0288766,0.970241,-0.240413],[0.0348983,0.241345,0.969812]],[[0.998974,0.0196148,-0.040829],[-0.0444603,0.252241,-0.966642],[-0.00866177,0.967466,0.252855]]],0],[781,[-0.311959,-0.209552,0.926698],78,58.2728,[39.6065,116.617,24.0679],[39.6932,118.453,23.7323],[10.047,168.366,-5.4699],false,[73.5689,124.698,73.9159],[81.2231,137.612,2.57776],[43.5425,122.958,-10.7556],[36.0709,117.939,11.4394],[40.8048,118.541,27.6832],[[[0.3905,-0.912314,-0.123262],[0.914596,0.369188,0.164967],[-0.104995,-0.177155,0.978566]],[[0.38527,-0.919482,-0.078225],[0.261053,0.189904,-0.946461],[0.885109,0.344222,0.313198]],[[0.38527,-0.919482,-0.078225],[-0.868475,-0.332626,-0.367575],[0.311959,0.209552,-0.926698]],[[0.38527,-0.919482,-0.078225],[-0.879422,-0.391522,0.27079],[-0.279613,-0.0355346,-0.959455]]],1],[782,[-0.318739,-0.0697804,0.94527],78,66.3972,[40.4244,105.585,32.1613],[40.5223,107.151,31.3524],[13.9529,168.356,0.71147],false,[79.8863,114.412,72.1352],[90.6824,117.876,3.93761],[45.5338,108.261,-8.32577],[36.5524,106.295,18.3099],[41.7949,107.381,36.1448],[[[0.211048,-0.977341,-0.0162259],[0.964921,0.205657,0.163198],[-0.156163,-0.0500993,0.98646]],[[0.208744,-0.977969,-0.00180725],[0.250739,0.0553053,-0.966474],[0.945281,0.201292,0.25676]],[[0.208744,-0.977969,-0.00180725],[-0.924571,-0.196743,-0.326283],[0.318739,0.0697804,-0.94527]],[[0.208744,-0.977969,-0.00180725],[-0.93657,-0.200439,0.287508],[-0.281536,-0.0583228,-0.957777]]],2],[783,[-0.369943,0.0555119,0.927394],78,63.8426,[47.3383,92.202,37.3103],[47.6838,94.1961,36.7396],[16.6463,172.822,-2.95185],false,[83.4307,102.797,71.2823],[96.2199,97.0928,10.8122],[54.3153,90.8516,-2.04006],[44.1603,92.3754,23.417],[48.6069,94.7854,41.2269],[[[0.112423,-0.986765,0.116861],[0.972063,0.133603,0.192984],[-0.206043,0.0919,0.974218]],[[0.114927,-0.987812,0.104973],[0.301552,-0.0659947,-0.951163],[0.946498,0.140969,0.290292]],[[0.114927,-0.987812,0.104973],[-0.921919,-0.145417,-0.359054],[0.369943,-0.0555119,-0.927394]],[[0.114927,-0.987812,0.104973],[-0.963902,-0.0853435,0.252208],[-0.240175,-0.13017,-0.961962]]],3],[784,[-0.475199,0.218652,0.852277],78,50.0515,[56.847,81.6535,33.0574],[57.1569,83.4211,32.7702],[23.6717,175.411,-1.26809],false,[80.2075,89.0721,71.6366],[96.5775,77.0901,17.8791],[64.6065,76.6039,3.55231],[55.3967,80.8416,20.0703],[57.6847,84.1777,36.6644],[[[-0.0743485,-0.977916,0.195327],[0.955668,-0.0139106,0.294118],[-0.284905,0.208535,0.935597]],[[-0.0778432,-0.97528,0.206806],[0.401659,-0.220536,-0.888839],[0.912475,0.0138756,0.408897]],[[-0.0778432,-0.97528,0.206806],[-0.876428,-0.0319303,-0.480473],[0.475199,-0.218652,-0.852277]],[[-0.0778432,-0.97528,0.206806],[-0.987925,0.103332,0.115442],[-0.133958,-0.195323,-0.971547]]],4],[790,[0.064075,0.189351,-0.979817],79,49.5037,[-92.9048,155.831,8.37322],[-92.4098,156.821,9.20145],[-40.8256,157.519,81.1549],false,[-94.8082,116.791,88.7729],[-94.8082,116.791,88.7729],[-97.12,152.852,58.0729],[-95.0448,158.984,26.3402],[-92.7429,157.242,4.29809],[[[-0.970113,-0.242353,-0.0120657],[-0.158752,0.596291,0.786915],[0.183517,-0.765312,0.616944]],[[-0.985701,-0.141319,-0.09177],[-0.161294,0.63374,0.756543],[0.0487556,-0.760528,0.647473]],[[-0.985701,-0.141319,-0.09177],[-0.155843,0.971687,0.177589],[-0.064075,-0.189351,0.979817]],[[-0.985701,-0.141319,-0.09177],[-0.13293,0.986857,-0.0918909],[-0.10355,0.078378,0.991531]]],0],[791,[0.402804,-0.57182,0.714682],79,55.8594,[-82.2479,133.576,34.3898],[-81.8356,134.419,35.4766],[22.8412,45.0396,21.3832],false,[-116.614,114.889,83.4944],[-124.69,152.784,25.3382],[-87.81,153.559,7.88546],[-78.5622,140.43,24.2936],[-82.8434,132.857,37.9942],[[[-0.229049,-0.829797,-0.508895],[-0.966529,0.131802,0.220112],[0.115574,-0.542278,0.832212]],[[-0.231257,-0.819077,-0.525007],[-0.360255,0.57337,-0.735842],[-0.903735,-0.0189682,0.427673]],[[-0.231257,-0.819077,-0.525007],[0.88559,0.0461999,-0.462165],[-0.402804,0.57182,-0.714682]],[[-0.231257,-0.819077,-0.525007],[0.936445,-0.333723,0.108161],[0.263799,0.466628,-0.844197]]],1],[792,[0.398395,-0.407689,0.821627],79,63.6473,[-79.9726,120.764,38.709],[-79.4935,122.002,38.262],[27.1007,35.3478,8.44752],false,[-120.891,105.805,77.4966],[-130.466,133.865,18.2282],[-87.0086,138.237,4.49668],[-76.2476,127.225,26.6895],[-80.3998,119.973,42.4626],[[[-0.0431808,-0.905661,-0.421799],[-0.988566,-0.0223196,0.149126],[0.144472,-0.423415,0.894342]],[[-0.043998,-0.903249,-0.426855],[-0.311667,0.418355,-0.853137],[-0.949172,-0.0955001,0.299919]],[[-0.043998,-0.903249,-0.426855],[0.916158,0.133907,-0.377787],[-0.398395,0.407689,-0.821627]],[[-0.043998,-0.903249,-0.426855],[0.971572,-0.138173,0.192237],[0.232618,0.406262,-0.883651]]],2],[793,[0.407695,-0.244334,0.879822],79,61.1986,[-84.6417,107.092,40.2115],[-84.0434,107.931,39.9364],[23.6034,32.8499,-10.211],false,[-122.351,95.5993,72.0293],[-132.463,112.442,15.8663],[-92.1194,118.313,4.07318],[-81.3916,111.884,27.2242],[-84.9991,106.643,43.792],[[[0.0531961,-0.953822,-0.295625],[-0.984016,-0.100454,0.147043],[0.169949,-0.283078,0.94392]],[[0.0541351,-0.955373,-0.2904],[-0.30565,0.261013,-0.915669],[-0.950604,-0.138331,0.27788]],[[0.0541351,-0.955373,-0.2904],[0.911512,0.166024,-0.376273],[-0.407695,0.244334,-0.879822]],[[0.0541351,-0.955373,-0.2904],[0.977624,-0.00849341,0.210186],[0.203273,0.295281,-0.933536]]],3],[794,[0.420883,0.00918944,0.907068],79,47.9786,[-93.8463,98.9831,33.9017],[-93.2953,100.179,33.311],[27.055,42.3812,-26.9861],false,[-117.097,84.0499,67.3639],[-129.696,92.3468,14.3916],[-99.0704,101.654,4.21626],[-91.2511,101.825,21.068],[-93.9059,99.3083,37.0269],[[[0.23436,-0.950377,-0.204594],[-0.944857,-0.272197,0.182084],[0.228738,-0.150639,0.961762]],[[0.255737,-0.96059,-0.108931],[-0.321206,0.0218483,-0.946757],[-0.911825,-0.277111,0.302959]],[[0.255737,-0.96059,-0.108931],[0.870319,0.277819,-0.406646],[-0.420883,-0.00918944,-0.907068]],[[0.255737,-0.96059,-0.108931],[0.953051,0.23161,0.195064],[0.162147,0.153702,-0.974722]]],4]],[[0,200,0],[235.247,235.247,147.751]]],[259928,82287976695,[[78,"right",[0.302821,0.0890074,-0.948882],[-0.884487,-0.344552,-0.31459],[80.5542,114.027,26.2251],[13.8624,203.869,-2.09993],[80.4444,112.56,26.3304],0.867376,1,0.550948,[[-0.072727,-0.910338,-0.407425],[0.69647,0.246047,-0.674084],[0.713891,-0.332783,0.616129]],63.1406,[261.816,14.6461,243.381],[70.8178,103.681,78.5389]],[79,"left",[-0.298363,0.426049,-0.854086],[0.938091,-0.0340774,-0.344708],[-119.831,122.096,36.7436],[28.4441,51.3494,23.175],[-120.604,120.666,36.0834],0.644091,1,0.436706,[[-0.080576,-0.847443,-0.524736],[-0.828235,0.349822,-0.43778],[-0.554558,-0.39933,0.73007]],60.5256,[-251.875,-8.57763,266.383],[-109.65,93.8363,79.1464]]],[[780,[-0.0300315,-0.228937,-0.972978],78,51.6425,[47.2485,123.713,-3.92657],[47.2815,124.872,-3.69943],[14.8252,191.012,-13.5336],false,[50.2988,126.091,77.6663],[50.2988,126.091,77.6663],[47.9219,148.755,33.7647],[46.9073,141.021,0.892105],[47.3593,118.698,-5.37857],[[[0.993026,-0.0505109,0.106526],[-0.00827905,0.871463,0.490392],[-0.117604,-0.487854,0.864967]],[[0.998795,0.0309322,-0.0381066],[-0.0099935,0.888312,0.459132],[0.0480525,-0.458198,0.88755]],[[0.998795,0.0309322,-0.0381066],[-0.0388203,0.97295,-0.227732],[0.0300315,0.228937,0.972978]],[[0.998795,0.0309322,-0.0381066],[-0.0450435,0.269326,-0.961995],[-0.0194935,0.962552,0.270395]]],0],[781,[-0.311463,-0.224833,0.923277],78,58.2728,[39.7106,118.484,23.9244],[39.784,120.269,23.5771],[10.0827,177.743,-8.72976],false,[73.4837,126.242,73.9051],[81.144,140.154,2.75547],[43.6526,125.26,-10.8423],[36.1928,119.875,11.2708],[40.8867,120.319,27.5313],[[[0.400745,-0.906327,-0.134071],[0.910144,0.377032,0.171712],[-0.105079,-0.190837,0.975981]],[[0.395506,-0.914123,-0.0891818],[0.260776,0.204867,-0.943411],[0.880665,0.349869,0.319408]],[[0.395506,-0.914123,-0.0891818],[-0.86404,-0.337385,-0.373638],[0.311463,0.224833,-0.923277]],[[0.395506,-0.914123,-0.0891818],[-0.875619,-0.404585,0.263822],[-0.277247,-0.0262538,-0.96044]]],1],[782,[-0.319371,-0.0855579,0.94376],78,66.3972,[40.626,107.366,31.9524],[40.7271,108.876,31.0933],[16.3766,174.659,-7.54264],false,[79.9173,116.05,72.0068],[90.8165,120.506,3.8834],[45.7918,110.555,-8.56523],[36.7926,108.144,18.0279],[41.9885,109.054,35.8862],[[[0.221796,-0.974683,-0.0282749],[0.962264,0.214098,0.16796],[-0.157654,-0.0644607,0.985388]],[[0.219514,-0.975507,-0.0141518],[0.251306,0.0705545,-0.965333],[0.942687,0.208348,0.260638]],[[0.219514,-0.975507,-0.0141518],[-0.921855,-0.202649,-0.33033],[0.319371,0.0855579,-0.94376]],[[0.219514,-0.975507,-0.0141518],[-0.934855,-0.214471,0.282928],[-0.279034,-0.0488769,-0.959037]]],2],[783,[-0.373828,0.0396257,0.926651],78,63.8426,[47.594,94.0339,36.9806],[47.9797,95.9399,36.2714],[20.6407,178.615,-17.3564],false,[83.5907,104.486,71.0131],[96.5675,99.6989,10.5034],[54.7712,93.1617,-2.55281],[44.5096,94.2494,22.8839],[48.866,96.4815,40.7392],[[[0.123004,-0.986893,0.104461],[0.970135,0.14175,0.196837],[-0.209064,0.0771294,0.974855]],[[0.125481,-0.987741,0.0928596],[0.304997,-0.0506596,-0.951005],[0.944051,0.147655,0.294901]],[[0.125481,-0.987741,0.0928596],[-0.91897,-0.150991,-0.364273],[0.373828,-0.0396257,-0.926651]],[[0.125481,-0.987741,0.0928596],[-0.963787,-0.0991656,0.24755],[-0.235306,-0.12056,-0.964415]]],3],[784,[-0.479288,0.202028,0.854089],78,50.0515,[57.2549,83.5943,32.6444],[57.6112,85.3125,32.2032],[31.0661,1