{"metadata":{"formatVersion":2,"generatedBy":"LeapJS Playback 0.2.1","frames":98,"protocolVersion":6,"serviceVersion":"2.2.5+26752","frameRate":"98","modified":"Wed Apr 22 2015 20:22:29 GMT-0300 (E. South America Standard Time)"},"frames":[["id","timestamp",{"hands":[["id","type","direction","palmNormal","palmPosition","palmVelocity","stabilizedPalmPosition","pinchStrength","grabStrength","confidence","armBasis","armWidth","elbow","wrist"]]},{"pointables":[["id","direction","handId","length","stabilizedTipPosition","tipPosition","tipVelocity","tool","carpPosition","mcpPosition","pipPosition","dipPosition","btipPosition","bases","type"]]},{"interactionBox":["center","size"]}],[250128,82199591129,[[72,"right",[-0.0432236,0.395498,-0.917449],[-0.831909,-0.522754,-0.186157],[70.4035,130.16,30.4164],[-41.203,54.1996,13.3287],[72.2211,128.451,29.9247],0,1,0.222587,[[0.416419,-0.906857,0.0648427],[0.815228,0.404013,0.414941],[-0.402489,-0.119928,0.907535]],61.1637,[-24.1708,75.2204,311.374],[80.1415,106.302,76.1703]],[74,"left",[-0.159433,0.317253,-0.934843],[0.970167,-0.124838,-0.207823],[-124.189,148.988,17.1696],[29.6577,115.332,11.4606],[-124.369,148.261,17.0615],0.383372,1,0.436405,[[-0.0663676,-0.902083,-0.426429],[-0.767199,0.319386,-0.556237],[-0.637967,-0.29024,0.713274]],61.6124,[-287.816,50.2428,250.942],[-121.263,126.015,64.7276]]],[[720,[-0.142974,0.527813,-0.83724],72,50.0256,[43.0907,173.907,16.526],[41.2724,175.497,18.3314],[2.75226,70.9705,48.4829],false,[56.5207,120.249,86.8757],[56.5207,120.249,86.8757],[48.4052,160.86,62.7774],[43.726,178.134,35.3764],[42.5744,175.331,13.1171],[[[0.958264,0.240854,-0.154008],[-0.0563223,0.687205,0.724277],[0.28028,-0.685374,0.67209]],[[0.985383,0.155074,-0.0705098],[-0.0182312,0.50753,0.861441],[0.169373,-0.847564,0.502939]],[[0.985383,0.155074,-0.0705098],[-0.0926182,0.835084,0.54227],[0.142974,-0.527813,0.83724]],[[0.985383,0.155074,-0.0705098],[-0.162455,0.979989,-0.115019],[0.0512623,0.124793,0.990858]]],0],[721,[-0.381948,-0.737353,0.557159],72,56.4483,[16.4822,116.532,21.4272],[14.4185,118.697,24.3349],[-28.0788,75.4938,51.385],false,[75.9737,128.276,78.2243],[57.7963,158.883,17.2349],[22.9527,143.155,1.7691],[14.0912,126.048,14.6956],[15.5433,116.758,28.1327],[[[0.538114,-0.678063,-0.500664],[0.802606,0.593615,0.0586926],[0.257404,-0.433419,0.86365]],[[0.532309,-0.668343,-0.519582],[0.0524855,0.638638,-0.767715],[0.844922,0.381391,0.375031]],[[0.532309,-0.668343,-0.519582],[-0.755488,-0.0981274,-0.647772],[0.381948,0.737353,-0.557159]],[[0.532309,-0.668343,-0.519582],[-0.841907,-0.48214,-0.242349],[-0.088539,0.566444,-0.81933]]],1],[722,[-0.477583,-0.562338,0.675048],72,64.3183,[17.4845,106.215,22.9312],[16.189,108.435,25.5893],[-12.3185,77.187,52.8877],false,[83.4313,121.563,71.978],[71.2119,144.044,10.0899],[29.8794,129.895,-5.14223],[16.8435,114.545,13.2836],[17.237,107.059,29.6902],[[[0.423181,-0.82158,-0.381999],[0.887482,0.460775,-0.0078485],[0.182464,-0.335696,0.924129]],[[0.422668,-0.820636,-0.384588],[0.152556,0.482726,-0.862382],[0.893352,0.30583,0.329225]],[[0.422668,-0.820636,-0.384588],[-0.770238,-0.101648,-0.629604],[0.477583,0.562338,-0.675048]],[[0.422668,-0.820636,-0.384588],[-0.906022,-0.392827,-0.157516],[-0.0218133,0.415022,-0.90955]]],2],[723,[-0.641585,-0.416273,0.644271],72,61.8437,[26.1425,95.483,21.2959],[24.4181,97.4773,24.0855],[-36.1347,68.2415,44.7625],false,[89.0204,112.585,66.761],[83.0851,125.753,8.39462],[44.82,112.864,-6.06115],[27.7598,101.795,11.0704],[23.6811,96.329,27.6574],[[[0.377305,-0.894408,-0.240156],[0.920813,0.389963,-0.00565731],[0.0987121,-0.219004,0.970718]],[[0.380738,-0.901982,-0.203634],[0.24283,0.310021,-0.919195],[0.892229,0.300524,0.337065]],[[0.380738,-0.901982,-0.203634],[-0.665888,-0.11465,-0.737189],[0.641585,0.416273,-0.644271]],[[0.380738,-0.901982,-0.203634],[-0.896279,-0.305819,-0.321182],[0.227425,0.304799,-0.924865]]],3],[724,[-0.774766,-0.138703,0.616846],72,48.4843,[41.952,93.645,18.4836],[40.1003,95.6598,19.8493],[-51.3541,67.1527,8.0467],false,[89.4596,99.332,63.4748],[90.2341,106.484,8.2827],[59.6788,98.7145,-4.28651],[45.1333,96.1105,7.29424],[38.6018,95.5637,22.4859],[[[0.228828,-0.9658,-0.121934],[0.973367,0.225212,0.0428415],[-0.0139153,-0.12849,0.991613]],[[0.222471,-0.973052,0.0606276],[0.374227,0.0278071,-0.92692],[0.900256,0.228901,0.370329]],[[0.222471,-0.973052,0.0606276],[-0.591814,-0.184202,-0.784746],[0.774766,0.138703,-0.616846]],[[0.222471,-0.973052,0.0606276],[-0.891441,-0.228204,-0.391478],[0.394764,0.0330466,-0.918188]]],4],[740,[0.146023,0.331233,-0.932181],74,50.3926,[-97.0834,191.981,3.63566],[-97.2671,194.069,4.61122],[13.6189,112.993,63.2795],false,[-105.569,149.576,73.5862],[-105.569,149.576,73.5862],[-105.866,191.217,49.1811],[-101.052,202.137,18.4491],[-95.84,190.233,-0.0771307],[[[-0.972347,-0.204724,-0.11238],[-0.224666,0.688594,0.689466],[0.0637661,-0.695648,0.715547]],[[-0.973107,-0.121603,-0.195643],[-0.230273,0.490829,0.840275],[0.00615304,-0.862728,0.505631]],[[-0.973107,-0.121603,-0.195643],[-0.17816,0.93568,0.304568],[-0.146023,-0.331233,0.932181]],[[-0.973107,-0.121603,-0.195643],[0.0033617,0.841723,-0.5399],[-0.230331,0.526038,0.818677]]],0],[741,[0.415997,-0.542581,0.729762],74,56.8624,[-77.3928,150.295,21.7248],[-75.8717,154.935,22.7469],[26.9477,117.691,30.1116],false,[-126.986,147.887,65.5979],[-125.648,179.676,1.97349],[-85.086,173.906,-4.8921],[-75.3637,161.225,12.1631],[-76.4016,152.886,26.3867],[[[-0.206813,-0.873475,-0.44076],[-0.9782,0.193265,0.0759878],[-0.01881,-0.446867,0.894403]],[[-0.204839,-0.837781,-0.506126],[-0.0681647,0.528045,-0.846476],[-0.976419,0.138891,0.165271]],[[-0.204839,-0.837781,-0.506126],[0.885995,0.0610633,-0.459656],[-0.415997,0.542581,-0.729762]],[[-0.204839,-0.837781,-0.506126],[0.976778,-0.208155,-0.0507652],[0.0628225,0.504771,-0.860964]]],1],[742,[0.441292,-0.289827,0.849271],74,64.7901,[-74.9808,143.2,26.6214],[-73.3846,147.694,27.2774],[23.0462,112.808,20.6725],false,[-131.021,138.172,60.0223],[-131.58,159.951,-3.82341],[-85.2589,159.775,-8.9629],[-73.1252,151.805,14.3885],[-74.0222,146.294,31.6796],[[[-0.0376432,-0.945881,-0.322323],[-0.999257,0.0329534,0.0199961],[0.00829224,-0.322837,0.946418]],[[-0.0374879,-0.951535,-0.305247],[-0.103776,0.307517,-0.945867],[-0.993894,0.00378113,0.110275]],[[-0.0374879,-0.951535,-0.305247],[0.89658,0.102866,-0.43077],[-0.441292,0.289827,-0.849271]],[[-0.0374879,-0.951535,-0.305247],[0.998077,-0.0507427,0.0356025],[0.0493661,0.303326,-0.951607]]],2],[743,[0.465285,-0.125529,0.876215],74,62.2974,[-80.5911,130.213,26.2667],[-78.9734,135.249,26.9257],[18.2688,110.831,18.3534],false,[-132.342,127.276,55.4789],[-134.445,138.106,-4.07597],[-91.6598,140.73,-9.45187],[-79.1968,137.367,14.0182],[-79.6385,134.413,31.8354],[[[0.0394234,-0.982854,-0.180121],[-0.998619,-0.0450178,0.027076],[0.0347204,-0.178805,0.983272]],[[0.0400382,-0.985895,-0.162503],[-0.132551,0.155955,-0.97883],[-0.990367,-0.0607305,0.124437]],[[0.0400382,-0.985895,-0.162503],[0.884255,0.110692,-0.453696],[-0.465285,0.125529,-0.876215]],[[0.0400382,-0.985895,-0.162503],[0.998899,0.0355145,0.0306492],[0.0244457,0.163551,-0.986232]]],3],[744,[0.533679,0.0977576,0.840018],74,48.84,[-89.9628,123.042,18.1647],[-88.7715,126.661,17.7766],[25.2503,118.227,5.61495],false,[-127.069,114.854,52.7838],[-132.548,117.52,-2.95145],[-99.932,124.751,-10.221],[-89.8391,126.599,5.66526],[-88.8169,126.465,22.3],[[[0.207632,-0.975904,-0.0670887],[-0.973314,-0.212958,0.0854936],[0.0977207,-0.0475471,0.994077]],[[0.211938,-0.977059,-0.0209427],[-0.212177,-0.0250847,-0.976909],[-0.953972,-0.211488,0.212625]],[[0.211938,-0.977059,-0.0209427],[0.818699,0.189209,-0.542155],[-0.533679,-0.0977576,-0.840018]],[[0.211938,-0.977059,-0.0209427],[0.975357,0.212817,-0.058212],[-0.0613335,0.00808924,-0.998085]]],4]],[[0,200,0],[235.247,235.247,147.751]]],[250129,82199599942,[[72,"right",[-0.0414193,0.402352,-0.914548],[-0.836428,-0.514631,-0.188528],[69.7626,131.248,30.6566],[-49.7064,72.89,17.0838],[71.868,128.853,30.0298],0,1,0.227569,[[0.410311,-0.910129,0.0575341],[0.819558,0.395678,0.414443],[-0.399962,-0.122898,0.908255]],61.1637,[-24.2807,75.1357,311.615],[79.3767,106.987,76.2243]],[74,"left",[-0.168694,0.344232,-0.923605],[0.970352,-0.106547,-0.216943],[-123.906,151.006,17.5181],[30.2993,145.971,19.0349],[-124.088,149.929,17.339],0.391485,1,0.441242,[[-0.0711954,-0.897953,-0.434294],[-0.760994,0.330376,-0.558337],[-0.644841,-0.290744,0.706858]],61.6124,[-288.775,50.697,248.859],[-120.427,126.601,64.3198]]],[[720,[-0.131512,0.540897,-0.830744],72,50.0256,[43.1277,174.495,16.9103],[41.737,177.277,19.1039],[17.2909,109.076,61.8943],false,[55.8868,121.049,87.0663],[55.8868,121.049,87.0663],[48.4897,162.083,63.4584],[44.1856,179.786,36.27],[43.0855,177.266,13.9741],[[[0.959956,0.234138,-0.153833],[-0.0496002,0.682472,0.729227],[0.275726,-0.692395,0.666756]],[[0.987912,0.140889,-0.0646602],[-0.0140418,0.49673,0.867791],[0.154381,-0.856393,0.492704]],[[0.987912,0.140889,-0.0646602],[-0.0820679,0.829205,0.552887],[0.131512,-0.540897,0.830744]],[[0.987912,0.140889,-0.0646602],[-0.147081,0.983654,-0.103882],[0.0489676,0.112136,0.992486]]],0],[721,[-0.37796,-0.73662,0.560835],72,56.4483,[16.3842,116.775,21.6788],[14.007,120.363,24.8462],[-31.2762,105.771,54.6258],false,[75.3912,128.979,78.4408],[57.3694,160.166,17.6996],[22.3768,144.767,2.23956],[13.6079,127.676,15.2514],[15.2306,118.421,28.6924],[[[0.531796,-0.678841,-0.506328],[0.807506,0.586633,0.0616171],[0.2552,-0.441631,0.860137]],[[0.526266,-0.669325,-0.524451],[0.0550802,0.642306,-0.764466],[0.848534,0.373426,0.374891]],[[0.526266,-0.669325,-0.524451],[-0.761702,-0.096927,-0.640637],[0.37796,0.73662,-0.560835]],[[0.526266,-0.669325,-0.524451],[-0.844544,-0.483202,-0.230785],[-0.0989453,0.564376,-0.819567]]],1],[722,[-0.469871,-0.561801,0.680883],72,64.3183,[17.4419,106.492,23.1693],[15.8198,110.085,26.0705],[-18.3073,105.699,57.1558],false,[82.7842,122.25,72.1351],[70.6526,145.27,10.4279],[29.1573,131.482,-4.69346],[16.3319,116.148,13.8916],[16.9947,108.674,30.295],[[[0.415881,-0.822259,-0.388501],[0.891194,0.453583,-0.00600162],[0.181152,-0.343734,0.921429]],[[0.415384,-0.821315,-0.391021],[0.151908,0.486456,-0.860398],[0.896872,0.297996,0.326831]],[[0.415384,-0.821315,-0.391021],[-0.778895,-0.0990988,-0.619275],[0.469871,0.561801,-0.680883]],[[0.415384,-0.821315,-0.391021],[-0.908904,-0.392107,-0.141938],[-0.0367463,0.414359,-0.909372]]],2],[723,[-0.630818,-0.414996,0.655627],72,61.8437,[26.0007,95.7669,21.548],[23.9373,99.0459,24.5326],[-35.928,97.882,54.5935],false,[88.2918,113.264,66.8455],[82.3737,126.895,8.58371],[43.9237,114.393,-5.71963],[27.1498,103.358,11.7139],[23.4585,97.9012,28.3946],[[[0.369633,-0.895718,-0.247106],[0.92395,0.382488,-0.00436675],[0.0984264,-0.226699,0.968979]],[[0.372863,-0.90313,-0.212905],[0.239138,0.315232,-0.918391],[0.896541,0.291521,0.333511]],[[0.372863,-0.90313,-0.212905],[-0.680471,-0.110155,-0.724448],[0.630818,0.414996,-0.655627]],[[0.372863,-0.90313,-0.212905],[-0.904771,-0.302978,-0.299324],[0.205823,0.304237,-0.930095]]],3],[724,[-0.773059,-0.136062,0.61957],72,48.4843,[41.5812,94.1257,18.5683],[39.2223,97.0909,19.8892],[-63.3502,93.2851,9.1453],false,[88.6179,100.032,63.4647],[89.3653,107.569,8.32352],[58.7323,100.136,-4.25971],[44.2188,97.5818,7.37218],[37.7781,97.0017,22.6014],[[[0.220762,-0.966738,-0.129155],[0.975235,0.216974,0.0428768],[-0.0134273,-0.135422,0.990697]],[[0.214615,-0.975226,0.0536165],[0.373299,0.0311754,-0.927187],[0.902545,0.219003,0.370742]],[[0.214615,-0.975226,0.0536165],[-0.596926,-0.174418,-0.783108],[0.773059,0.136062,-0.61957]],[[0.214615,-0.975226,0.0536165],[-0.89577,-0.218415,-0.387157],[0.389276,0.0350616,-0.920454]]],4],[740,[0.135424,0.358151,-0.92379],74,50.3926,[-97.2648,193.542,4.61138],[-97.6377,196.409,6.14586],[-3.12598,152.974,92.4091],false,[-104.965,150.063,73.8224],[-104.965,150.063,73.8224],[-105.965,192.355,50.5824],[-101.5,204.162,20.127],[-96.261,192.618,1.38201],[[[-0.970476,-0.212895,-0.113364],[-0.228821,0.664035,0.711827],[0.0762666,-0.716752,0.693145]],[[-0.972796,-0.128812,-0.192548],[-0.230734,0.464405,0.855038],[0.0207183,-0.876205,0.481493]],[[-0.972796,-0.128812,-0.192548],[-0.187956,0.924735,0.330963],[-0.135424,-0.358151,0.92379]],[[-0.972796,-0.128812,-0.192548],[-0.00847174,0.850385,-0.526092],[-0.231507,0.510149,0.828343]]],0],[741,[0.427048,-0.559806,0.710104],74,56.8624,[-77.1201,151.586,22.0223],[-75.6451,157.38,22.9943],[27.0032,160.935,28.4846],false,[-126.406,148.365,65.9031],[-125.821,182.131,3.29455],[-85.239,177.102,-4.02059],[-75.2585,164.019,12.5752],[-76.1222,155.234,26.5392],[[[-0.198953,-0.86178,-0.466641],[-0.979975,0.17894,0.0873516],[-0.00822279,-0.474675,0.880123]],[[-0.197792,-0.824128,-0.530746],[-0.0808752,0.553317,-0.829035],[-0.976902,0.121052,0.176093]],[[-0.197792,-0.824128,-0.530746],[0.882331,0.0862013,-0.462667],[-0.427048,0.559806,-0.710104]],[[-0.197792,-0.824128,-0.530746],[0.978849,-0.194931,-0.0621017],[0.0522791,0.531804,-0.845253]]],1],[742,[0.449022,-0.311093,0.837616],74,64.7901,[-74.7022,144.446,26.8286],[-73.0646,150.002,27.3144],[26.6988,152.467,15.8564],false,[-130.357,138.779,60.0495],[-131.552,162.526,-3.08193],[-85.2624,163.073,-8.48054],[-72.9162,154.519,14.5504],[-73.6659,148.457,31.6635],[[[-0.0282381,-0.93578,-0.351451],[-0.999444,0.0202048,0.0265046],[0.0177015,-0.352004,0.935831]],[[-0.0279205,-0.94186,-0.334843],[-0.113031,0.3358,-0.935127],[-0.993199,-0.0117382,0.115835]],[[-0.0279205,-0.94186,-0.334843],[0.893085,0.126965,-0.431602],[-0.449022,0.311093,-0.837616]],[[-0.0279205,-0.94186,-0.334843],[0.998758,-0.0401113,0.0295463],[0.0412594,0.333602,-0.941811]]],2],[743,[0.470279,-0.147278,0.870142],74,62.2974,[-80.3456,131.38,26.4622],[-78.5386,137.503,26.6604],[26.8136,149.042,4.81612],false,[-131.575,128.015,55.176],[-134.157,140.666,-3.99981],[-91.4333,143.968,-9.4932],[-78.8365,140.023,13.8142],[-79.1744,136.509,31.532],[[[0.0500979,-0.976224,-0.210896],[-0.997834,-0.0579355,0.031146],[0.0426239,-0.208879,0.977012]],[[0.0508549,-0.979816,-0.193327],[-0.139364,0.184721,-0.97286],[-0.988935,-0.0764174,0.127157]],[[0.0508549,-0.979816,-0.193327],[0.881051,0.135168,-0.453297],[-0.470279,0.147278,-0.870142]],[[0.0508549,-0.979816,-0.193327],[0.998531,0.0462584,0.0282187],[0.0187062,0.194478,-0.980729]]],3],[744,[0.534431,0.0771531,0.841684],74,48.84,[-89.6376,124.422,18.133],[-88.2937,129.073,17.3347],[32.6944,159.376,-9.46946],false,[-126.17,115.748,52.0658],[-132.007,120.08,-3.52823],[-99.5092,127.928,-10.6846],[-89.4021,129.387,5.23323],[-88.3425,128.731,21.8532],[[[0.218872,-0.970756,-0.098628],[-0.970183,-0.227294,0.0841584],[0.104115,-0.0772673,0.991559]],[[0.223453,-0.973291,-0.0526657],[-0.215812,0.00328827,-0.976429],[-0.950523,-0.229552,0.209313]],[[0.223453,-0.973291,-0.0526657],[0.81514,0.216223,-0.537397],[-0.534431,-0.0771531,-0.841684]],[[0.223453,-0.973291,-0.0526657],[0.972639,0.226176,-0.0530828],[-0.0635767,0.0393632,-0.9972]]],4]],[[0,200,0],[235.247,235.247,147.751]]],[250130,82199617544,[[72,"right",[-0.0561238,0.402188,-0.913835],[-0.835901,-0.519461,-0.177282],[68.8287,132.82,30.765],[-51.2681,80.5491,11.9902],[71.0507,129.92,30.2275],0,1,0.20714,[[0.409762,-0.910787,0.0506193],[0.820197,0.392155,0.416523],[-0.399214,-0.129157,0.907715]],61.1637,[-24.2644,75.1377,311.445],[79.1991,108.611,76.1943]],[74,"left",[-0.180901,0.371678,-0.910566],[0.969444,-0.0885886,-0.228759],[-123.395,153.759,18.2342],[29.6998,150.853,29.1277],[-123.463,153.384,18.1465],0.407135,1,0.445692,[[-0.0752949,-0.891889,-0.445943],[-0.75318,0.343949,-0.560731],[-0.653491,-0.293655,0.69765]],61.6124,[-289.827,51.2469,246.331],[-119.221,127.911,64.1962]]],[[720,[-0.139437,0.544671,-0.826977],72,50.0256,[42.951,176.145,17.834],[41.028,178.994,19.7261],[-10.8442,104.811,50.7337],false,[55.7768,122.536,87.3555],[55.7768,122.536,87.3555],[48.1456,163.671,64.0002],[43.5822,181.497,36.9351],[42.2816,179.039,14.6432],[[[0.956411,0.239722,-0.166766],[-0.04369,0.682106,0.729947],[0.288736,-0.690843,0.662847]],[[0.987217,0.141576,-0.0732086],[-0.00615825,0.492861,0.870086],[0.159265,-0.858513,0.487433]],[[0.987217,0.141576,-0.0732086],[-0.0772056,0.826614,0.557449],[0.139437,-0.544671,0.826977]],[[0.987217,0.141576,-0.0732086],[-0.148497,0.983863,-0.0998085],[0.0578968,0.109404,0.99231]]],0],[721,[-0.356193,-0.737021,0.574392],72,56.4483,[16.129,117.414,22.3142],[13.4407,121.702,25.9993],[-30.4046,92.0867,60.114],false,[75.1164,130.58,78.4684],[56.0937,161.667,17.9818],[20.9886,145.996,3.05909],[12.7246,128.897,16.3854],[14.8222,119.803,29.8715],[[[0.528828,-0.675695,-0.513592],[0.804847,0.591306,0.0507862],[0.269374,-0.44022,0.85653]],[[0.523249,-0.666617,-0.530879],[0.039484,0.641261,-0.766306],[0.851264,0.380008,0.36186]],[[0.523249,-0.666617,-0.530879],[-0.774168,-0.111455,-0.62309],[0.356193,0.737021,-0.574392]],[[0.523249,-0.666617,-0.530879],[-0.842527,-0.498174,-0.204869],[-0.127901,0.554477,-0.822312]]],1],[722,[-0.446105,-0.56308,0.695652],72,64.3183,[17.3201,107.182,23.7643],[15.4459,111.455,27.1922],[-18.5004,92.4231,61.8597],false,[82.4623,123.894,72.062],[69.3635,146.849,10.5285],[27.7326,132.768,-3.93589],[15.5559,117.399,15.0523],[16.7985,110.065,31.4855],[[[0.415353,-0.819795,-0.394232],[0.888383,0.45875,-0.0179811],[0.195595,-0.34276,0.918835]],[[0.414807,-0.818838,-0.396785],[0.135241,0.48671,-0.863031],[0.899803,0.30433,0.312631]],[[0.414807,-0.818838,-0.396785],[-0.793048,-0.111553,-0.598857],[0.446105,0.56308,-0.695652]],[[0.414807,-0.818838,-0.396785],[-0.907298,-0.405232,-0.112236],[-0.0688867,0.406559,-0.911024]]],2],[723,[-0.606336,-0.418774,0.676006],72,61.8437,[25.7313,96.4712,22.1544],[23.6198,100.451,25.5159],[-23.1181,90.0196,59.2278],false,[87.9499,114.941,66.6969],[81.1651,128.542,8.52279],[42.5793,115.865,-5.25144],[26.4564,104.73,12.724],[23.4724,99.3433,29.5681],[[[0.371449,-0.893534,-0.252236],[0.921571,0.387847,-0.0168016],[0.112842,-0.226212,0.96752]],[[0.374835,-0.900247,-0.221483],[0.223667,0.319657,-0.920757],[0.899707,0.295593,0.321174]],[[0.374835,-0.900247,-0.221483],[-0.701324,-0.119098,-0.702823],[0.606336,0.418774,-0.676006]],[[0.374835,-0.900247,-0.221483],[-0.912039,-0.315195,-0.262369],[0.166386,0.300346,-0.939206]]],3],[724,[-0.751118,-0.136275,0.645949],72,48.4843,[40.8775,95.2915,18.9948],[38.6571,98.5928,20.6785],[-45.1545,90.7422,34.9804],false,[88.3071,101.711,63.3097],[88.2645,109.258,8.16476],[57.4335,101.631,-3.80415],[43.3319,99.0729,8.32299],[37.487,98.5641,23.7931],[[[0.224602,-0.965428,-0.132294],[0.97445,0.222629,0.0297157],[0.000764065,-0.135588,0.990765]],[[0.220941,-0.973929,0.0514447],[0.355008,0.0311819,-0.934343],[0.90838,0.224698,0.352642]],[[0.220941,-0.973929,0.0514447],[-0.622098,-0.181358,-0.761645],[0.751118,0.136275,-0.645949]],[[0.220941,-0.973929,0.0514447],[-0.909057,-0.224757,-0.350856],[0.353272,0.0307525,-0.935015]]],4],[740,[0.122535,0.382538,-0.915778],74,50.3926,[-97.5032,196.659,6.62536],[-97.7328,199.191,7.95691],[-5.32903,153.32,96.5861],false,[-103.931,151.23,74.3108],[-103.931,151.23,74.3108],[-105.646,194.102,52.205],[-101.606,206.714,22.0138],[-96.4088,195.369,3.13567],[[[-0.96907,-0.220103,-0.111616],[-0.229602,0.638295,0.734753],[0.0904772,-0.737654,0.669089]],[[-0.973082,-0.13516,-0.186662],[-0.227704,0.439035,0.869137],[0.0355215,-0.888246,0.457993]],[[-0.973082,-0.13516,-0.186662],[-0.195182,0.914,0.355679],[-0.122535,-0.382538,0.915778]],[[-0.973082,-0.13516,-0.186662],[-0.0191762,0.854639,-0.518868],[-0.229659,0.501322,0.834226]]],0],[741,[0.440145,-0.577123,0.687896],74,56.8624,[-76.4819,154.986,22.6693],[-75.1919,160.548,23.441],[26.7986,170.585,25.3217],false,[-125.424,149.544,66.5296],[-125.782,185.3,5.03424],[-85.2296,181.045,-2.906],[-74.943,167.557,13.1708],[-75.6092,158.329,26.8573],[[[-0.193712,-0.8486,-0.492294],[-0.981045,0.164978,0.101647],[0.00504063,-0.502653,0.864474]],[[-0.193554,-0.809064,-0.554935],[-0.0977998,0.578725,-0.809637],[-0.976203,0.102436,0.191141]],[[-0.193554,-0.809064,-0.554935],[0.876818,0.111107,-0.46781],[-0.440145,0.577123,-0.687896]],[[-0.193554,-0.809064,-0.554935],[0.980261,-0.18273,-0.075492],[0.0403253,0.558593,-0.828461]]],1],[742,[0.45894,-0.333213,0.823616],74,64.7901,[-74.0284,147.648,27.2624],[-72.5102,153,27.5665],[28.9584,160.289,14.7366],false,[-129.323,140.107,60.4063],[-131.355,165.846,-1.91762],[-85.1263,167.091,-7.7039],[-72.5073,157.929,14.9421],[-73.0669,151.308,31.8541],[[[-0.0211485,-0.924316,-0.381041],[-0.999322,0.00806084,0.0359107],[0.0301213,-0.381542,0.923861]],[[-0.0206263,-0.930754,-0.365065],[-0.125308,0.36467,-0.922667],[-0.991903,-0.0267144,0.124153]],[[-0.0206263,-0.930754,-0.365065],[0.888228,0.150554,-0.434033],[-0.45894,0.333213,-0.823616]],[[-0.0206263,-0.930754,-0.365065],[0.999313,-0.0304402,0.0211473],[0.0307956,0.364378,-0.930742]]],2],[743,[0.477931,-0.170001,0.86179],74,62.2974,[-79.6767,134.471,26.7886],[-77.8774,140.462,26.6214],[32.0815,157.225,1.04057],false,[-130.467,129.49,55.2007],[-133.728,143.999,-3.51366],[-91.0892,147.947,-9.23466],[-78.2875,143.394,13.849],[-78.4672,139.311,31.4466],[[[0.0589083,-0.968349,-0.24255],[-0.99681,-0.0701648,0.0380276],[0.0538424,-0.239536,0.969393]],[[0.0598689,-0.972508,-0.225044],[-0.149354,0.214184,-0.965308],[-0.98697,-0.0914031,0.132425]],[[0.0598689,-0.972508,-0.225044],[0.876355,0.15915,-0.454614],[-0.477931,0.170001,-0.86179]],[[0.0598689,-0.972508,-0.225044],[0.998157,0.0560776,0.0232071],[0.00994919,0.226019,-0.974072]]],3],[744,[0.537377,0.0545659,0.841575],74,48.84,[-88.8656,127.877,18.0066],[-87.6424,132.198,17.1637],[34.3134,167.037,-9.66596],false,[-124.955,117.391,51.6511],[-131.348,123.433,-3.72191],[-98.9872,131.872,-10.829],[-88.8244,132.904,5.08672],[-87.6883,131.699,21.6709],[[[0.228631,-0.964571,-0.131649],[-0.966814,-0.240809,0.0853326],[0.114012,-0.107771,0.987617]],[[0.233603,-0.968488,-0.0863695],[-0.222643,0.0331886,-0.974335],[-0.946499,-0.246837,0.207874]],[[0.233603,-0.968488,-0.0863695],[0.810343,0.243008,-0.53319],[-0.537377,-0.0545659,-0.841575]],[[0.233603,-0.968488,-0.0863695],[0.96994,0.238335,-0.0491307],[-0.0681674,0.0722961,-0.995051]]],4]],[[0,200,0],[235.247,235.247,147.751]]],[250131,82199625798,[[72,"right",[-0.0609035,0.40681,-0.91148],[-0.835513,-0.520377,-0.176426],[68.7099,133.187,30.6186],[-41.8644,71.3195,4.41006],[70.7321,130.364,30.2807],0,1,0.2166,[[0.40864,-0.911347,0.049606],[0.820769,0.39071,0.416754],[-0.399189,-0.129587,0.907665]],61.1637,[-24.1301,75.1794,311.114],[79.327,108.764,75.8766]],[74,"left",[-0.183131,0.381384,-0.906096],[0.969334,-0.0835893,-0.231095],[-123.282,154.786,18.7523],[25.642,144.106,37.708],[-123.339,154.347,18.5625],0.413862,1,0.449607,[[-0.0771002,-0.88924,-0.450897],[-0.75041,0.349523,-0.560998],[-0.65646,-0.295105,0.694243]],61.6124,[-290.358,51.3932,245.662],[-118.977,128.436,64.4164]]],[[720,[-0.143274,0.549219,-0.823305],72,50.0256,[42.8541,176.82,18.2145],[40.8793,179.395,19.9561],[-13.7263,90.0673,45.0227],false,[55.9222,122.579,87.2099],[55.9222,122.579,87.2099],[48.1455,163.836,64.1185],[43.4565,181.811,37.1736],[42.0817,179.45,14.8757],[[[0.955164,0.242697,-0.169585],[-0.0420641,0.678203,0.73367],[0.293073,-0.693642,0.658004]],[[0.986734,0.143443,-0.076025],[-0.00366708,0.487869,0.872909],[0.162303,-0.861051,0.481923]],[[0.986734,0.143443,-0.076025],[-0.0763429,0.823275,0.562485],[0.143274,-0.549219,0.823305]],[[0.986734,0.143443,-0.076025],[-0.150369,0.984061,-0.0949377],[0.0611951,0.10511,0.992576]]],0],[721,[-0.346441,-0.739683,0.57693],72,56.4483,[16.0273,117.707,22.5997],[13.5362,122.017,26.1955],[-18.7795,78.2631,51.4564],false,[75.206,130.712,78.2825],[55.8574,162.071,18.0402],[20.7251,146.353,3.23112],[12.6874,129.192,16.6163],[14.996,120.121,30.083],[[[0.528107,-0.671846,-0.519352],[0.803762,0.592809,0.0504389],[0.273989,-0.444072,0.853071]],[[0.52258,-0.662926,-0.536134],[0.0337161,0.644406,-0.76394],[0.851923,0.381144,0.359105]],[[0.52258,-0.662926,-0.536134],[-0.779031,-0.115754,-0.616208],[0.346441,0.739683,-0.57693]],[[0.52258,-0.662926,-0.536134],[-0.840889,-0.504576,-0.195727],[-0.140767,0.553112,-0.821128]]],1],[722,[-0.436657,-0.56697,0.698481],72,64.3183,[17.2788,107.495,24.0253],[15.5895,111.775,27.2919],[-8.70765,78.5552,49.9746],false,[82.5391,124.076,71.8102],[69.1277,147.321,10.4534],[27.4599,133.202,-3.86635],[15.5411,117.726,15.1991],[17.0163,110.375,31.6052],[[[0.415457,-0.816815,-0.400262],[0.887294,0.460798,-0.0193731],[0.200264,-0.347101,0.916196]],[[0.414888,-0.815828,-0.402855],[0.129565,0.491221,-0.861345],[0.9006,0.305165,0.309505]],[[0.414888,-0.815828,-0.402855],[-0.798247,-0.113882,-0.591466],[0.436657,0.56697,-0.698481]],[[0.414888,-0.815828,-0.402855],[-0.90619,-0.410297,-0.102358],[-0.0817836,0.40753,-0.909522]]],2],[723,[-0.596383,-0.423478,0.681905],72,61.8437,[25.6355,96.7848,22.4132],[23.7764,100.777,25.5562],[-10.5124,77.1574,47.9019],false,[88.0234,115.163,66.3751],[80.9606,129.052,8.30211],[42.3222,116.358,-5.30842],[26.464,105.097,12.8239],[23.7521,99.658,29.6971],[[[0.372321,-0.891388,-0.258467],[0.920641,0.389963,-0.0187043],[0.117465,-0.230991,0.965839]],[[0.37571,-0.897979,-0.229075],[0.217177,0.325615,-0.920222],[0.900931,0.295987,0.317357]],[[0.37571,-0.897979,-0.229075],[-0.709345,-0.119583,-0.694644],[0.596383,0.423478,-0.681905]],[[0.37571,-0.897979,-0.229075],[-0.914318,-0.318841,-0.249727],[0.151212,0.303272,-0.94083]]],3],[724,[-0.740919,-0.138845,0.657085],72,48.4843,[40.6393,95.7805,19.169],[38.7616,99.0083,20.6412],[-28.0606,81.2023,29.8924],false,[88.395,101.951,62.9176],[88.1005,109.785,7.81339],[57.2018,102.143,-3.9695],[43.2917,99.5361,8.3667],[37.7335,98.9975,23.9411],[[[0.226145,-0.964229,-0.138277],[0.974079,0.224622,0.026726],[0.00529006,-0.140737,0.990033]],[[0.223266,-0.973671,0.0460096],[0.348381,0.0356234,-0.936676],[0.910375,0.225157,0.347162]],[[0.223266,-0.973671,0.0460096],[-0.633397,-0.180794,-0.752411],[0.740919,0.138845,-0.657085]],[[0.223266,-0.973671,0.0460096],[-0.915039,-0.225621,-0.334362],[0.335939,0.0325511,-0.941321]]],4],[740,[0.120187,0.39024,-0.912835],74,50.3926,[-97.5538,197.592,7.36174],[-97.7393,200.123,8.87482],[-4.5806,142.292,99.9504],false,[-103.731,151.679,74.7697],[-103.731,151.679,74.7697],[-105.59,194.731,53.0289],[-101.628,207.597,22.9347],[-96.4278,196.286,4.03735],[[[-0.968676,-0.221274,-0.112713],[-0.230144,0.629459,0.742169],[0.0932747,-0.744862,0.660667]],[[-0.973021,-0.136103,-0.186296],[-0.227478,0.431103,0.873157],[0.0385269,-0.891979,0.450433]],[[-0.973021,-0.136103,-0.186296],[-0.19694,0.910598,0.363354],[-0.120187,-0.39024,0.912835]],[[-0.973021,-0.136103,-0.186296],[-0.020539,0.855358,-0.517629],[-0.229801,0.499838,0.835077]]],0],[741,[0.442777,-0.583562,0.680737],74,56.8624,[-76.2442,156.384,22.9915],[-75.1021,161.658,23.9468],[22.8963,161.83,33.6675],false,[-125.23,150.025,67.0004],[-125.766,186.467,5.90944],[-85.2203,182.436,-2.1817],[-74.8722,168.798,13.7278],[-75.5071,159.419,27.3132],[[[-0.192297,-0.843525,-0.501485],[-0.981308,0.161366,0.104862],[0.00753136,-0.512276,0.858788]],[[-0.192328,-0.803359,-0.563582],[-0.101789,0.587538,-0.802769],[-0.976037,0.0970287,0.194773]],[[-0.192328,-0.803359,-0.563582],[0.875762,0.118616,-0.467944],[-0.442777,0.583563,-0.680737]],[[-0.192328,-0.803359,-0.563582],[0.980578,-0.179821,-0.0783066],[0.0384354,0.567697,-0.82234]]],1],[742,[0.460636,-0.341513,0.819258],74,64.7901,[-73.7764,148.958,27.4984],[-72.4029,154.045,28.0018],[24.9101,151.621,23.9618],false,[-129.115,140.648,60.7773],[-131.3,167.077,-1.25182],[-85.0853,168.511,-7.10506],[-72.4197,159.12,15.4211],[-72.9528,152.306,32.2567],[[[-0.0193864,-0.920047,-0.391328],[-0.999287,0.00514873,0.0373996],[0.0323946,-0.391774,0.919491]],[[-0.0188335,-0.926568,-0.375656],[-0.127923,0.374868,-0.91821],[-0.991605,-0.030762,0.125589]],[[-0.0188335,-0.926568,-0.375656],[0.887389,0.157612,-0.433243],[-0.460636,0.341513,-0.819258]],[[-0.0188335,-0.926568,-0.375656],[0.999392,-0.0284714,0.0201212],[0.0293391,0.375049,-0.926541]]],2],[743,[0.478783,-0.178555,0.859584],74,62.2974,[-79.4121,135.78,26.9688],[-77.753,141.5,26.9593],[27.7915,148.989,10.8761],false,[-130.24,130.088,55.4548],[-133.621,145.243,-3.08887],[-90.9983,149.36,-8.81257],[-78.1738,144.577,14.212],[-78.3376,140.296,31.7627],[[[0.060978,-0.965424,-0.253451],[-0.996577,-0.0730892,0.0386377],[0.0558263,-0.250227,0.966576]],[[0.0619756,-0.969783,-0.235965],[-0.150969,0.224591,-0.962688],[-0.986594,-0.0952865,0.132488]],[[0.0619756,-0.969783,-0.235965],[0.875743,0.166249,-0.45325],[-0.478783,0.178555,-0.859584]],[[0.0619756,-0.969783,-0.235965],[0.998036,0.0580682,0.0234797],[0.00906812,0.236957,-0.971478]]],3],[744,[0.537118,0.045943,0.842255],74,48.84,[-88.5959,129.223,18.0371],[-87.5114,133.309,17.4373],[29.4538,158.512,1.07621],false,[-124.703,118.042,51.7624],[-131.19,124.688,-3.53052],[-98.8547,133.287,-10.5625],[-88.6968,134.155,5.36613],[-87.5629,132.758,21.9354],[[[0.230849,-0.962461,-0.142753],[-0.966087,-0.244176,0.0839885],[0.115693,-0.118523,0.986188]],[[0.235879,-0.96686,-0.0976835],[-0.223428,0.0438695,-0.973733],[-0.945749,-0.251509,0.205675]],[[0.235879,-0.96686,-0.0976835],[0.809855,0.251138,-0.530155],[-0.537118,-0.045943,-0.842255]],[[0.235879,-0.96686,-0.0976835],[0.969398,0.241146,-0.0460063],[-0.0680377,0.0838422,-0.994154]]],4]],[[0,200,0],[235.247,235.247,147.751]]],[250132,82199634618,[[72,"right",[-0.0732196,0.407901,-0.910085],[-0.835151,-0.523861,-0.167604],[68.2784,134.038,31.035],[-43.7673,78.127,15.9606],[70.3795,130.892,30.3891],0,1,0.203782,[[0.406117,-0.912681,0.0456275],[0.821583,0.38653,0.419041],[-0.400088,-0.132693,0.90682]],61.1637,[-24.1645,75.206,311.149],[79.5254,109.596,76.1297]],[74,"left",[-0.174656,0.385423,-0.90606],[0.971213,-0.0839515,-0.222927],[-123.085,156.171,19.3506],[24.7474,147.585,45.8395],[-123.153,155.68,19.1384],0.421215,1,0.452081,[[-0.0745196,-0.886951,-0.455813],[-0.747625,0.352173,-0.563054],[-0.659927,-0.298819,0.689351]],61.6124,[-291.503,51.6116,244.908],[-119.216,129.624,64.9398]]],[[720,[-0.154418,0.549565,-0.821056],72,50.0256,[42.6394,177.549,18.7003],[40.2359,180.133,20.765],[-30.9255,87.1357,57],false,[56.1912,123.288,87.7531],[56.1912,123.288,87.7531],[48.0004,164.553,64.8187],[42.9467,182.539,37.9474],[41.3469,180.139,15.6686],[[[0.952051,0.247243,-0.180192],[-0.0366467,0.676903,0.735159],[0.303736,-0.693306,0.653507]],[[0.985273,0.147423,-0.0866266],[0.00403961,0.486406,0.873724],[0.170943,-0.861206,0.478647]],[[0.985273,0.147423,-0.0866266],[-0.0734359,0.822341,0.564236],[0.154418,-0.549565,0.821056]],[[0.985273,0.147423,-0.0866266],[-0.155455,0.98329,-0.0947285],[0.0712139,0.1068,0.991727]]],0],[721,[-0.32775,-0.740322,0.586945],72,56.4483,[15.931,118.016,22.9378],[13.4357,122.707,27.4731],[-15.436,78.4201,77.1132],false,[75.3342,131.521,78.617],[55.1527,162.883,18.6503],[19.9272,146.966,4.28288],[12.3232,129.79,17.9004],[15.0316,120.846,31.3776],[[[0.525092,-0.668684,-0.526441],[0.801627,0.59634,0.0421042],[0.285783,-0.444118,0.849169]],[[0.519563,-0.660118,-0.542492],[0.020583,0.644401,-0.76441],[0.854184,0.385993,0.348394]],[[0.519563,-0.660118,-0.542492],[-0.789072,-0.127153,-0.600998],[0.32775,0.740322,-0.586945]],[[0.519563,-0.660118,-0.542492],[-0.83832,-0.516556,-0.174329],[-0.165149,0.545357,-0.821773]]],1],[722,[-0.423358,-0.5696,0.704503],72,64.3183,[17.2268,107.837,24.3344],[15.3946,112.47,28.3119],[-12.5137,79.1073,66.1919],false,[82.6219,124.928,72.0504],[68.4006,148.205,10.8883],[26.6441,133.962,-3.04513],[15.0883,118.414,16.1847],[16.8903,111.093,32.5714],[[[0.414472,-0.814336,-0.406288],[0.884939,0.46481,-0.0288699],[0.212357,-0.347574,0.913289]],[[0.413864,-0.813341,-0.408893],[0.119067,0.49367,-0.86146],[0.902519,0.307842,0.301154]],[[0.413864,-0.813341,-0.408893],[-0.805906,-0.11846,-0.580071],[0.423358,0.5696,-0.704503]],[[0.413864,-0.813341,-0.408893],[-0.904841,-0.416823,-0.086726],[-0.0998984,0.405876,-0.908452]]],2],[723,[-0.577586,-0.426978,0.695761],72,61.8437,[25.5604,97.1335,22.7234],[23.8531,101.555,26.5295],[-1.70582,81.3087,65.3153],false,[88.0831,116.048,66.5387],[80.2896,129.992,8.5725],[41.578,117.227,-4.761],[26.2196,105.874,13.7397],[24.0785,100.486,30.7113],[[[0.373307,-0.889316,-0.264121],[0.918609,0.394125,-0.0286952],[0.129616,-0.231912,0.964063]],[[0.376823,-0.895519,-0.236747],[0.207952,0.330851,-0.920486],[0.902641,0.297628,0.310897]],[[0.376823,-0.895519,-0.236747],[-0.724153,-0.125437,-0.678135],[0.577586,0.426978,-0.695761]],[[0.376823,-0.895519,-0.236747],[-0.918559,-0.328327,-0.220114],[0.119386,0.30041,-0.946309]]],3],[724,[-0.72065,-0.139506,0.679118],72,48.4843,[40.4424,96.3039,19.4698],[38.6984,99.8419,21.6389],[-19.0829,85.745,59.3579],false,[88.474,102.843,63.0566],[87.5097,110.758,7.97166],[56.4527,102.984,-3.29774],[42.9231,100.365,9.45211],[37.9032,99.8727,25.2098],[[[0.228852,-0.962994,-0.14237],[0.973307,0.228959,0.0158598],[0.0173239,-0.142199,0.989686]],[[0.22813,-0.972713,0.0422642],[0.332652,0.0370732,-0.942321],[0.915041,0.229031,0.332032]],[[0.22813,-0.972713,0.0422642],[-0.654691,-0.185385,-0.732811],[0.72065,0.139506,-0.679118]],[[0.22813,-0.972713,0.0422642],[-0.92515,-0.230094,-0.301918],[0.303404,0.0297759,-0.952397]]],4],[740,[0.128159,0.39071,-0.911549],74,50.3926,[-97.457,198.579,8.17346],[-97.409,201.185,9.78312],[5.83127,135.923,100.653],false,[-104.031,152.802,75.5239],[-104.031,152.802,75.5239],[-105.668,195.869,53.7943],[-101.443,208.75,23.7425],[-96.0937,197.301,4.97077],[[[-0.967944,-0.219471,-0.122138],[-0.235812,0.626663,0.742756],[0.0864741,-0.747747,0.658328]],[[-0.97156,-0.135074,-0.194492],[-0.234352,0.430798,0.871488],[0.0339284,-0.892282,0.450201]],[[-0.97156,-0.135074,-0.194492],[-0.199116,0.91055,0.362287],[-0.128159,-0.39071,0.911549]],[[-0.97156,-0.135074,-0.194492],[-0.013641,0.851912,-0.523507],[-0.236402,0.505965,0.829526]]],0],[741,[0.436286,-0.586862,0.68209],74,56.8624,[-76.0091,157.882,23.4912],[-74.9631,162.985,24.968],[21.1082,159.448,54.7073],false,[-125.464,151.211,67.5593],[-125.414,187.908,6.6195],[-84.8117,183.902,-1.19579],[-74.6153,170.186,14.7453],[-75.3975,160.757,28.2878],[[[-0.189012,-0.841154,-0.506689],[-0.981975,0.162272,0.0969218],[-0.00069525,-0.515875,0.856664]],[[-0.188446,-0.800822,-0.568482],[-0.095833,0.591085,-0.800896],[-0.977397,0.0964464,0.188133]],[[-0.188446,-0.800822,-0.568482],[0.879854,0.119484,-0.45998],[-0.436286,0.586862,-0.68209]],[[-0.188446,-0.800822,-0.568482],[0.980941,-0.181394,-0.0696414],[0.0473491,0.570771,-0.819743]]],1],[742,[0.45251,-0.345955,0.821918],74,64.7901,[-73.5451,150.356,27.9275],[-72.3224,155.315,29.0393],[20.5511,149.625,48.4876],false,[-129.306,141.865,61.2631],[-130.911,168.556,-0.671369],[-84.6477,169.963,-6.13679],[-72.2055,160.45,16.4625],[-72.9165,153.56,33.261],[[[-0.0171775,-0.918374,-0.395341],[-0.999569,0.00636336,0.028649],[0.0237948,-0.395663,0.918087]],[[-0.0167797,-0.924822,-0.38003],[-0.119921,0.379202,-0.91751],[-0.992642,-0.0301781,0.117268]],[[-0.0167797,-0.924822,-0.38003],[0.891602,0.158176,-0.424296],[-0.45251,0.345955,-0.821918]],[[-0.0167797,-0.924822,-0.38003],[0.999093,-0.0303817,0.0298217],[0.0391257,0.379185,-0.924493]]],2],[743,[0.468859,-0.183344,0.864035],74,62.2974,[-79.1757,137.199,27.34],[-77.7284,142.759,27.9837],[20.685,147.223,38.8478],false,[-130.398,131.329,55.8867],[-133.245,146.734,-2.62032],[-90.5608,150.805,-7.90451],[-78.0021,145.894,15.2393],[-78.3721,141.535,32.7675],[[[0.0619123,-0.964438,-0.256955],[-0.996974,-0.0718827,0.0295825],[0.0470011,-0.254346,0.96597]],[[0.0627435,-0.968835,-0.239629],[-0.141084,0.229081,-0.963129],[-0.988007,-0.0942379,0.122314]],[[0.0627435,-0.968835,-0.239629],[0.881042,0.166565,-0.442743],[-0.468859,0.183344,-0.864035]],[[0.0627435,-0.968835,-0.239629],[0.99782,0.0559682,0.034982],[0.0204802,0.241301,-0.970234]]],3],[744,[0.526733,0.0395558,0.84911],74,48.84,[-88.3565,130.658,18.3226],[-87.4077,134.595,18.3688],[24.056,154.642,29.3338],false,[-124.845,119.291,52.1924],[-130.837,126.177,-3.12689],[-98.4146,134.762,-9.76194],[-88.4531,135.51,6.29632],[-87.5274,134.005,22.869],[[[0.230808,-0.962171,-0.14476],[-0.967113,-0.2432,0.0744807],[0.106869,-0.122808,0.98666]],[[0.235313,-0.966664,-0.100941],[-0.212944,0.0500565,-0.975781],[-0.948305,-0.251109,0.194066]],[[0.235313,-0.966664,-0.100941],[0.816811,0.252975,-0.518482],[-0.526733,-0.0395558,-0.84911]],[[0.235313,-0.966664,-0.100941],[0.970331,0.239593,-0.0324394],[-0.0555428,0.0903126,-0.994363]]],4]],[[0,200,0],[235.247,235.247,147.751]]],[250133,82199651836,[[72,"right",[0.00610639,0.425607,-0.904887],[-0.967259,-0.22708,-0.113333],[71.7989,146.619,27.3901],[70.1425,377.583,-88.5051],[71.1895,139.867,28.6778],0.454427,1,0.213067,[[0.143609,-0.981289,-0.128247],[0.917343,0.083376,0.389269],[-0.371293,-0.17355,0.912152]],61.1637,[-18.8776,74.1123,308.162],[77.3497,119.091,71.7616]],[74,"left",[-0.173242,0.400271,-0.899872],[0.971639,-0.0798551,-0.222578],[-122.862,158.531,21.0763],[19.3412,142.76,70.7955],[-122.888,158.276,20.903],0.434222,1,0.470036,[[-0.0753811,-0.88105,-0.466979],[-0.74139,0.362694,-0.564619],[-0.666828,-0.303651,0.680541]],61.6124,[-293.149,51.9618,243.896],[-119.061,131.236,66.2272]]],[[720,[-0.416218,0.432609,-0.799758],72,50.0256,[29.1666,186.951,18.985],[20.3622,184.312,19.5998],[-494.498,313.994,-14.3047],false,[60.3596,139.309,84.7862],[60.3596,139.309,84.7862],[44.2001,177.721,61.139],[30.5782,191.88,34.9647],[21.7604,190.352,14.3595],[[[0.968429,-0.0663252,-0.240303],[0.225999,0.640415,0.734025],[0.10521,-0.76516,0.635186]],[[0.907065,0.1364,-0.398281],[0.251979,0.58198,0.773179],[0.337253,-0.801682,0.493524]],[[0.907065,0.1364,-0.398281],[0.0632132,0.891204,0.449176],[0.416218,-0.432609,0.799758]],[[0.907065,0.1364,-0.398281],[-0.152186,0.988318,-0.0081253],[0.392521,0.0679831,0.917227]]],0],[721,[-0.418582,-0.596063,0.6852],72,56.4483,[17.6147,135.418,29.6699],[18.2388,150.891,32.9936],[113.955,756.982,226.212],false,[80.5409,141.161,74.4427],[67.8538,178.354,15.769],[27.9927,170.447,8.75367],[18.2813,156.618,24.6508],[19.2119,147.651,38.3511],[[[0.25114,-0.792057,-0.556394],[0.951132,0.308623,-0.0100283],[0.179659,-0.526685,0.830858]],[[0.254268,-0.801219,-0.541659],[0.0324402,0.566817,-0.823205],[0.966589,0.191743,0.170115]],[[0.254268,-0.801219,-0.541659],[-0.871858,0.0525041,-0.486936],[0.418582,0.596063,-0.6852]],[[0.254268,-0.801219,-0.541659],[-0.965468,-0.243143,-0.0935585],[-0.0567399,0.546744,-0.835375]]],1],[722,[-0.43946,-0.435249,0.785769],72,64.3183,[17.8816,125.39,31.497],[17.6756,139.986,34.9642],[44.281,743.156,256.238],false,[84.9298,132.702,67.4511],[75.2235,160.352,7.23403],[29.2693,156.894,3.12863],[17.274,145.014,24.5767],[18.7251,137.275,40.8056],[[[0.107255,-0.896862,-0.42911],[0.98361,0.158635,-0.0857052],[0.144937,-0.412884,0.899177]],[[0.106187,-0.893804,-0.435704],[0.046743,0.442184,-0.895706],[0.993247,0.074746,0.0887332]],[[0.106187,-0.893804,-0.435704],[-0.891964,0.108036,-0.439009],[0.43946,0.435249,-0.785769]],[[0.106187,-0.893804,-0.435704],[-0.991086,-0.130589,0.0263495],[-0.0804494,0.429022,-0.899704]]],2],[723,[-0.481626,-0.272336,0.832989],72,61.8437,[25.2166,115.677,30.7276],[24.4404,127.421,33.8175],[10.6867,717.753,270.138],false,[86.9243,122.64,61.6336],[80.5082,139.341,4.2301],[37.8253,138.153,0.222318],[25.0185,130.911,22.372],[25.003,125.839,39.5741],[[[0.0529583,-0.957236,-0.284421],[0.992879,0.0809101,-0.0874366],[0.10671,-0.277765,0.954704]],[[0.0531843,-0.957822,-0.282398],[0.0816828,0.286023,-0.954735],[0.995238,0.0277098,0.0934495]],[[0.0531843,-0.957822,-0.282398],[-0.874762,0.0917081,-0.475796],[0.481626,0.272336,-0.832989]],[[0.0531843,-0.957822,-0.282398],[-0.998584,-0.0507673,-0.0158747],[0.000868578,0.282842,-0.959166]]],3],[724,[-0.774753,0.0720372,0.628147],72,48.4843,[30.4462,121.202,16.7893],[30.3251,123.796,17.3546],[-266.361,677.898,-102.82],false,[82.8652,110.063,58.1725],[81.155,118.823,3.23369],[48.94,121.882,-7.00358],[34.3947,123.235,4.78934]