{"metadata":{"formatVersion":2,"generatedBy":"LeapJS Playback 0.2.1","frames":91,"protocolVersion":6,"serviceVersion":"2.2.5+26752","frameRate":"93","modified":"Wed Apr 22 2015 20:25:30 GMT-0300 (E. South America Standard Time)"},"frames":[["id","timestamp",{"hands":[["id","type","direction","palmNormal","palmPosition","palmVelocity","stabilizedPalmPosition","pinchStrength","grabStrength","confidence","armBasis","armWidth","elbow","wrist"]]},{"pointables":[["id","direction","handId","length","stabilizedTipPosition","tipPosition","tipVelocity","tool","carpPosition","mcpPosition","pipPosition","dipPosition","btipPosition","bases","type"]]},{"interactionBox":["center","size"]}],[270443,82382172050,[[86,"right",[-0.0330953,-0.318919,-0.947204],[-0.16891,0.935876,-0.309203],[84.9553,122.851,23.8959],[-37.0646,245.232,-13.6294],[85.2351,121.898,24.0002],0.205398,0.43235,0.810828,[[-0.950429,-0.224244,0.215404],[0.0860453,-0.855373,-0.510816],[0.298798,-0.46696,0.832267]],63.72,[160.639,8.80902,301.739],[79.9631,134.888,77.0274]],[87,"left",[0.00756323,-0.147179,-0.989081],[0.279289,0.950058,-0.139237],[-133.119,121.498,8.27381],[-53.5406,246.592,10.2987],[-132.941,120.71,8.25691],0,0.886563,0.285746,[[0.972686,-0.202214,-0.113978],[-0.231524,-0.880445,-0.41378],[0.0166788,-0.428867,0.903214]],60.6723,[-123.4,12.9049,292.256],[-127.687,123.16,60.0528]]],[[860,[-0.064786,-0.100689,-0.992806],86,52.1164,[126.125,134.052,-19.8183],[125.806,134.101,-19.7436],[-27.3103,256.351,-12.9505],false,[106.335,150.356,74.5106],[106.335,150.356,74.5106],[129.854,139.305,31.8907],[127.645,135.871,-1.95958],[125.618,133.649,-25.169],[[[-0.251772,-0.959566,0.125869],[0.881238,-0.173549,0.43966],[-0.400038,0.221615,0.889301]],[[-0.246274,-0.962509,0.113687],[0.846966,-0.156704,0.508028],[-0.471167,0.221403,0.853805]],[[-0.246274,-0.962509,0.113687],[0.967032,-0.251868,-0.0375599],[0.064786,0.100689,0.992806]],[[-0.246274,-0.962509,0.113687],[0.965322,-0.254078,-0.059975],[0.0866119,0.0949746,0.991705]]],0],[861,[-0.219341,0.750435,-0.623487],86,58.8075,[93.8097,155.143,-60.5944],[93.8102,156.166,-60.1438],[-35.3761,274.322,2.38064],false,[101.338,127.437,71.1053],[109.155,116.606,-1.24162],[101.503,125.059,-42.6633],[96.2011,143.197,-57.7333],[92.9138,159.556,-61.4049],[[[-0.976648,-0.20118,-0.0754002],[0.186736,-0.968428,0.165155],[-0.106246,0.147218,0.983381]],[[-0.97561,-0.163059,0.146957],[0.128297,-0.966799,-0.220998],[0.178113,-0.196754,0.964139]],[[-0.97561,-0.163059,0.146957],[-0.00861635,-0.640514,-0.767898],[0.219341,-0.750435,0.623487]],[[-0.97561,-0.163059,0.146957],[-0.10567,-0.23793,-0.965517],[0.192402,-0.957497,0.214896]]],1],[862,[-0.104053,0.779334,-0.617909],86,67.0064,[76.023,158.381,-65.6655],[75.8922,158.273,-65.8041],[-15.2078,317.186,28.1132],false,[89.8225,123.251,69.8888],[87.8208,111.251,1.18968],[79.3035,122.442,-44.9134],[76.3446,144.603,-62.4845],[75.8712,162.943,-66.5546],[[[-0.999451,-0.0113797,0.0311087],[0.016556,-0.985031,0.17158],[0.0286905,0.172001,0.984679]],[[-0.982546,0.0157709,0.185348],[-0.0581186,-0.972545,-0.22534],[0.176705,-0.232179,0.956487]],[[-0.982546,0.0157709,0.185348],[-0.154193,-0.62641,-0.764091],[0.104053,-0.779334,0.617909]],[[-0.982546,0.0157709,0.185348],[-0.184304,-0.217476,-0.958507],[0.025192,-0.975938,0.216586]]],2],[863,[-0.12464,0.745091,-0.655213],86,64.4285,[50.6484,151.821,-54.9302],[50.8412,153.212,-54.4031],[-25.3576,275.743,-4.47419],false,[77.5957,122.084,69.6157],[66.5056,110.035,9.1541],[53.5611,118.087,-32.8444],[50.1083,138.727,-50.9951],[50.6601,156.696,-56.085],[[[-0.982721,0.0883441,0.16265],[-0.0539864,-0.977342,0.204666],[0.177045,0.192349,0.965224]],[[-0.942437,0.117608,0.31302],[-0.166961,-0.976572,-0.135765],[0.289719,-0.180212,0.939993]],[[-0.942437,0.117608,0.31302],[-0.310287,-0.656511,-0.687543],[0.12464,-0.745091,0.655213]],[[-0.942437,0.117608,0.31302],[-0.333078,-0.247492,-0.909839],[-0.0295346,-0.961726,0.272418]]],3],[864,[-0.0545301,0.766176,-0.640313],86,50.5107,[34.9611,149.111,-30.6265],[35.0564,150.656,-30.1428],[-26.178,265.309,-11.2209],false,[64.7044,128.045,70.5289],[47.0127,113.785,17.1815],[33.2522,122.738,-14.1356],[32.1857,137.724,-26.6593],[35.5887,153.807,-31.841],[[[-0.933106,0.270275,0.237203],[-0.190323,-0.930845,0.311938],[0.305108,0.245926,0.920016]],[[-0.829182,0.32253,0.456543],[-0.401261,-0.912064,-0.0844389],[0.389162,-0.253208,0.885686]],[[-0.829182,0.32253,0.456543],[-0.556312,-0.555832,-0.617712],[0.0545301,-0.766176,0.640313]],[[-0.829182,0.32253,0.456543],[-0.522952,-0.159129,-0.837377],[-0.19743,-0.933087,0.300615]]],4],[870,[-0.889328,0.231774,-0.394179],87,49.6236,[-231.744,160.846,18.4445],[-233.055,165.721,15.9785],[-81.9891,229.944,-90.0098],false,[-150.904,140.88,60.5328],[-150.904,140.88,60.5328],[-189.206,154.471,35.8896],[-218.078,161.996,23.0926],[-238.141,166.961,14.7609],[[[0.138045,-0.989211,-0.0490325],[-0.900598,-0.145973,0.409408],[0.412148,0.0123583,0.911033]],[[-0.0469419,-0.903746,-0.425488],[-0.590245,-0.318545,0.741714],[0.805858,-0.28596,0.518478]],[[-0.0469419,-0.903746,-0.425488],[-0.454854,-0.359895,0.814606],[0.889328,-0.231774,0.394179]],[[-0.0469419,-0.903746,-0.425488],[-0.432691,-0.365524,0.824118],[0.900319,-0.222791,0.373885]]],0],[871,[0.33365,0.906975,0.257048],87,55.9948,[-139.768,182.035,-26.6446],[-139.635,182.665,-26.0202],[-25.776,244.528,-3.29632],false,[-148.653,119.579,53.4186],[-156.402,122.601,-16.1365],[-151.585,154.258,-41.5933],[-143.906,175.131,-35.6775],[-138.473,185.206,-24.1172],[[[0.947816,-0.295991,-0.118463],[-0.299007,-0.954216,-0.0081443],[0.110629,-0.0431407,0.992925]],[[0.93804,-0.292351,-0.186045],[-0.325904,-0.561832,-0.760349],[-0.117763,-0.773871,0.622299]],[[0.93804,-0.292351,-0.186045],[-0.0935896,0.303196,-0.948321],[-0.33365,-0.906975,-0.257048]],[[0.93804,-0.292351,-0.186045],[0.092525,0.728695,-0.678559],[-0.333947,-0.619302,-0.710595]]],1],[872,[0.111795,0.956124,0.270791],87,63.8015,[-126.737,185.346,-25.6599],[-126.772,186.014,-24.8278],[-27.0596,245.123,9.25831],false,[-138.206,114.623,51.4745],[-136.84,114.86,-14.942],[-130.423,150.66,-42.9341],[-127.396,176.548,-35.6021],[-126.485,188.997,-22.7823],[[[0.991042,-0.132062,0.0199095],[-0.131962,-0.991235,-0.00625321],[-0.0205608,-0.0035699,0.999782]],[[0.989544,-0.132102,0.0579022],[-0.0354056,-0.611636,-0.790347],[-0.139821,-0.780033,0.609917]],[[0.989544,-0.132102,0.0579022],[0.0911337,0.261486,-0.960895],[-0.111795,-0.956124,-0.270791]],[[0.989544,-0.132102,0.0579022],[0.134932,0.706025,-0.695214],[-0.0509586,-0.695757,-0.716467]]],2],[873,[0.00335002,0.959732,0.280899],87,61.3469,[-111.49,177.352,-16.1791],[-111.412,178.463,-16.7891],[-39.4229,252.945,55.5466],false,[-126.768,112.239,50.9199],[-116.906,110.038,-7.86191],[-110.414,143.63,-33.1466],[-110.326,168.944,-25.7373],[-111.921,181.343,-13.0792],[[[0.984323,-0.0560457,0.167233],[-0.0614072,-0.997746,0.0270593],[-0.16534,0.0369044,0.985546]],[[0.982396,-0.0556259,0.178338],[0.107756,-0.61109,-0.784192],[-0.152602,-0.789604,0.594338]],[[0.982396,-0.0556259,0.178338],[0.186782,0.275356,-0.943023],[-0.00335002,-0.959732,-0.280899]],[[0.982396,-0.0556259,0.178338],[0.163866,0.714986,-0.679664],[0.0897021,-0.696922,-0.711514]]],3],[874,[-0.149512,0.973267,0.174348],87,48.0948,[-101.337,161.642,-11.3607],[-101.299,162.627,-11.808],[-41.3648,253.725,57.042],false,[-113.932,116.214,52.6787],[-98.1513,110.026,0.133438],[-95.7527,135.061,-22.2503],[-98.5371,153.186,-19.0034],[-102.284,165.49,-8.80863],[[[0.955096,0.114234,0.27339],[0.078074,-0.98711,0.139704],[-0.285825,0.112086,0.951704]],[[0.968297,0.108435,0.225039],[0.239427,-0.659794,-0.712283],[-0.0712427,-0.743582,0.664839]],[[0.968297,0.108435,0.225039],[0.200117,0.202467,-0.958624],[0.149512,-0.973267,-0.174348]],[[0.968297,0.108435,0.225039],[0.101352,0.652852,-0.750675],[0.228317,-0.749684,-0.621164]]],4]],[[0,200,0],[235.247,235.247,147.751]]],[270444,82382181170,[[86,"right",[-0.0344592,-0.311913,-0.949486],[-0.166052,0.938631,-0.302321],[84.4105,124.78,23.2606],[-43.3604,235.867,-29.1868],[84.6891,123.806,23.5105],0.206256,0.435125,0.817396,[[-0.950032,-0.22432,0.217072],[0.083257,-0.852302,-0.516381],[0.300845,-0.472506,0.82839]],63.72,[160.705,8.86956,300.146],[79.4763,136.446,76.4802]],[87,"left",[0.0274717,-0.1599,-0.986751],[0.285851,0.94716,-0.145526],[-133.4,123.718,8.34296],[-47.2399,245.719,9.5442],[-133.29,122.993,8.32221],0,0.886025,0.304339,[[0.974489,-0.191334,-0.117314],[-0.223336,-0.878361,-0.422614],[0.0221835,-0.438033,0.898685]],60.6723,[-123.333,13.4136,291.237],[-129.036,126.026,60.1981]]],[[860,[-0.0655124,-0.092613,-0.993545],86,52.1164,[125.588,136.218,-20.388],[125.29,136.261,-20.3286],[-35.7805,251.66,-27.3255],false,[105.896,151.848,74.0657],[105.896,151.848,74.0657],[129.349,141.071,31.339],[127.115,137.913,-2.5365],[125.092,135.875,-25.7633],[[[-0.254771,-0.959653,0.118986],[0.880845,-0.179537,0.438039],[-0.399003,0.216407,0.891047]],[[-0.249004,-0.962667,0.106154],[0.846909,-0.163259,0.506055],[-0.469832,0.215912,0.855944]],[[-0.249004,-0.962667,0.106154],[0.966284,-0.254351,-0.0400056],[0.0655124,0.092613,0.993545]],[[-0.249004,-0.962667,0.106154],[0.964636,-0.256299,-0.0615396],[0.0864493,0.0870761,0.992444]]],0],[861,[-0.217639,0.758935,-0.613719],86,58.8075,[93.2571,157.936,-60.7117],[93.2814,158.838,-60.4347],[-42.2124,284.065,-3.75342],false,[100.826,128.97,70.4957],[108.581,118.641,-1.93118],[100.87,127.634,-43.2281],[95.6094,145.978,-58.062],[92.3799,162.391,-61.5402],[[[-0.97731,-0.197527,-0.0764766],[0.183722,-0.970192,0.158033],[-0.105413,0.140397,0.984468]],[[-0.975943,-0.160833,0.147204],[0.123786,-0.96453,-0.233149],[0.17948,-0.209318,0.961235]],[[-0.975943,-0.160833,0.147204],[-0.0130118,-0.630992,-0.775681],[0.217639,-0.758935,0.613719]],[[-0.975943,-0.160833,0.147204],[-0.108668,-0.226501,-0.96793],[0.189017,-0.960641,0.203574]]],1],[862,[-0.0995358,0.789952,-0.605036],86,67.0064,[75.7254,161.641,-65.5859],[75.5579,161.297,-65.8793],[-19.4265,325.427,21.4825],false,[89.296,124.83,69.2533],[87.2307,113.336,0.46951],[78.8283,125.252,-45.4727],[75.9979,147.715,-62.6777],[75.6147,166.122,-66.4467],[[[-0.999471,-0.00843517,0.031419],[0.0134922,-0.986301,0.164404],[0.0296018,0.164741,0.985893]],[[-0.982735,0.0172621,0.18421],[-0.0619937,-0.968806,-0.239943],[0.174322,-0.24722,0.95315]],[[-0.982735,0.0172621,0.18421],[-0.155961,-0.612925,-0.774596],[0.0995358,-0.789952,0.605036]],[[-0.982735,0.0172621,0.18421],[-0.18389,-0.200858,-0.962206],[0.0203903,-0.979468,0.200565]]],2],[863,[-0.119643,0.754308,-0.645527],86,64.4285,[50.3507,154.729,-55.0671],[50.4719,155.959,-54.7098],[-26.2593,288.44,-8.98055],false,[77.0655,123.703,68.9766],[65.9147,112.13,8.43328],[53.0836,120.712,-33.4949],[49.7692,141.608,-51.3772],[50.4226,159.643,-56.216],[[[-0.982375,0.0902755,0.163675],[-0.0570132,-0.978629,0.197573],[0.178013,0.184759,0.966527]],[[-0.942525,0.118019,0.312597],[-0.170798,-0.974255,-0.147156],[0.287182,-0.192089,0.938418]],[[-0.942525,0.118019,0.312597],[-0.311979,-0.645826,-0.696834],[0.119643,-0.754308,0.645527]],[[-0.942525,0.118019,0.312597],[-0.332299,-0.233163,-0.9139],[-0.0349717,-0.965249,0.25898]]],3],[864,[-0.0496546,0.772122,-0.633532],86,50.5107,[34.6409,151.654,-30.9281],[34.6787,153.146,-30.5742],[-27.8126,269.486,-20.2495],false,[64.1935,129.699,69.9381],[46.4368,115.883,16.4955],[32.808,125.153,-14.7873],[31.8368,140.254,-27.1784],[35.3132,156.372,-32.204],[[[-0.932155,0.271501,0.239531],[-0.193162,-0.932481,0.305234],[0.306229,0.238258,0.92166]],[[-0.829598,0.321324,0.456637],[-0.403985,-0.909962,-0.0936257],[0.385438,-0.262146,0.884713]],[[-0.829598,0.321324,0.456637],[-0.556148,-0.548251,-0.624596],[0.0496546,-0.772122,0.633532]],[[-0.829598,0.321324,0.456637],[-0.520663,-0.149782,-0.840521],[-0.201683,-0.935049,0.29156]]],4],[870,[-0.880538,0.22985,-0.414514],87,49.6236,[-232.388,163.213,17.1247],[-233.348,168.407,13.4841],[-68.4329,248.046,-141.321],false,[-152.187,143.835,59.9697],[-152.187,143.835,59.9697],[-189.94,157.251,34.4001],[-218.527,164.713,20.9429],[-238.4,169.645,12.1483],[[[0.135136,-0.99026,-0.0335214],[-0.909454,-0.137394,0.392449],[0.393232,0.0225479,0.919163]],[[-0.0418251,-0.908816,-0.415095],[-0.606082,-0.30721,0.73368],[0.794302,-0.282268,0.537968]],[[-0.0418251,-0.908816,-0.415095],[-0.472127,-0.34817,0.80986],[0.880538,-0.22985,0.414514]],[[-0.0418251,-0.908816,-0.415095],[-0.450532,-0.353667,0.81972],[0.89178,-0.221299,0.394659]]],0],[871,[0.331818,0.908974,0.252316],87,55.9948,[-139.247,183.914,-27.3362],[-138.964,184.464,-26.8596],[2.3351,231.103,-27.9965],false,[-149.873,122.436,53.1763],[-156.168,124.593,-16.5577],[-150.7,155.902,-42.3107],[-143.063,176.822,-36.5038],[-137.831,187.025,-24.963],[[[0.948894,-0.300966,-0.0949679],[-0.302529,-0.953138,-0.00216736],[0.0898652,-0.0307871,0.995478]],[[0.940536,-0.298159,-0.162766],[-0.312281,-0.570348,-0.759726],[-0.133686,-0.765379,0.629542]],[[0.940536,-0.298159,-0.162766],[-0.0727197,0.291321,-0.953857],[-0.331818,-0.908974,-0.252316]],[[0.940536,-0.298159,-0.162766],[0.109433,0.71956,-0.685754],[-0.321583,-0.627165,-0.7094]]],1],[872,[0.110043,0.95951,0.25929],87,63.8015,[-126.208,187.183,-26.2294],[-126.104,187.777,-25.5454],[1.32113,230.106,-15.0359],false,[-139.409,117.418,51.513],[-136.666,116.796,-14.8585],[-129.524,152.173,-43.2111],[-126.545,178.153,-36.1905],[-125.849,190.781,-23.5331],[[[0.989889,-0.135432,0.0421682],[-0.135705,-0.990742,0.00366443],[-0.0412816,0.00934982,0.999104]],[[0.987586,-0.134976,0.0803492],[-0.0214503,-0.622605,-0.782242],[-0.155609,-0.770807,0.617772]],[[0.987586,-0.134976,0.0803492],[0.112094,0.24723,-0.962451],[-0.110043,-0.95951,-0.25929]],[[0.987586,-0.134976,0.0803492],[0.152187,0.695478,-0.702246],[-0.0389049,-0.705756,-0.707386]]],2],[873,[0.000577106,0.962126,0.272605],87,61.3469,[-111.279,179.366,-15.9942],[-111.004,180.328,-16.736],[-16.8201,240.723,42.8918],false,[-127.97,114.985,51.2265],[-116.902,111.992,-7.305],[-109.792,145.367,-32.7106],[-109.777,170.745,-25.5201],[-111.588,183.28,-13.026],[[[0.980419,-0.0575058,0.188338],[-0.065882,-0.997084,0.0385152],[-0.185574,0.0501691,0.981349]],[[0.978351,-0.0569589,0.198958],[0.122069,-0.617501,-0.77704],[-0.167116,-0.784505,0.59718]],[[0.978351,-0.0569589,0.198958],[0.20695,0.266589,-0.94133],[-0.000577106,-0.962126,-0.272605]],[[0.978351,-0.0569589,0.198958],[0.180182,0.707344,-0.683519],[0.1018,-0.704571,-0.702294]]],3],[874,[-0.149069,0.975975,0.158906],87,48.0948,[-101.211,163.592,-11.0748],[-101.015,164.473,-11.5834],[-21.6293,239.804,47.7257],false,[-115.159,118.935,53.2005],[-98.3169,112.014,1.07756],[-95.3716,136.755,-21.5662],[-98.1478,154.931,-18.6068],[-102.049,167.38,-8.64885],[[[0.94967,0.11423,0.291682],[0.0712765,-0.985514,0.153887],[-0.305036,0.125352,0.944055]],[[0.964023,0.107672,0.243037],[0.251013,-0.669624,-0.698996],[-0.0874813,-0.734854,0.67256]],[[0.964023,0.107672,0.243037],[0.220089,0.189418,-0.956913],[0.149069,-0.975975,-0.158906]],[[0.964023,0.107672,0.243037],[0.119024,0.642673,-0.756838],[0.237684,-0.758536,-0.606736]]],4]],[[0,200,0],[235.247,235.247,147.751]]],[270445,82382189360,[[86,"right",[-0.0379722,-0.30485,-0.951643],[-0.155819,0.942487,-0.295699],[83.7048,126.288,22.7715],[-54.2025,222.739,-36.9234],[84.0678,125.372,23.044],0.208389,0.436493,0.81985,[[-0.949593,-0.219469,0.223844],[0.0744268,-0.85147,-0.519095],[0.304521,-0.476269,0.824885]],63.72,[161.125,9.04048,298.791],[78.9044,137.633,76.0725]],[87,"left",[0.0391247,-0.163619,-0.985748],[0.300208,0.942852,-0.144583],[-133.214,125.394,8.74122],[-29.5086,235.31,19.4449],[-133.233,124.78,8.63399],0,0.885591,0.317406,[[0.973408,-0.193683,-0.122325],[-0.227801,-0.874706,-0.427779],[0.0241449,-0.44427,0.895568]],60.6723,[-123.336,13.6066,290.882],[-129.543,127.822,60.6446]]],[[860,[-0.0672272,-0.084202,-0.994178],86,52.1164,[124.987,137.661,-20.8216],[124.693,137.671,-20.7593],[-45.7988,232.139,-33.8415],false,[105.491,152.762,73.761],[105.491,152.762,73.761],[128.803,142.063,30.9377],[126.51,139.192,-2.95946],[124.471,137.35,-26.2011],[[[-0.26523,-0.957623,0.112301],[0.87888,-0.19222,0.436602],[-0.396514,0.214499,0.892618]],[[-0.259253,-0.960732,0.0989002],[0.845392,-0.176221,0.50424],[-0.467012,0.214335,0.857881]],[[-0.259253,-0.960732,0.0989002],[0.963467,-0.264392,-0.0427578],[0.0672272,0.084202,0.994178]],[[-0.259253,-0.960732,0.0989002],[0.961871,-0.266077,-0.0633007],[0.0871301,0.0787184,0.993082]]],0],[861,[-0.209434,0.772093,-0.600008],86,58.8075,[92.8278,160.552,-60.5931],[92.8863,161.186,-60.4339],[-43.9502,292.169,2.65993],false,[100.17,129.966,70.0317],[107.804,120.061,-2.46735],[100.118,129.833,-43.5917],[95.056,148.495,-58.0942],[92.0233,165,-61.3012],[[[-0.979419,-0.186295,-0.0776755],[0.173126,-0.973226,0.15119],[-0.103762,0.134631,0.985448]],[[-0.97756,-0.151093,0.146792],[0.111242,-0.961998,-0.24937],[0.178892,-0.227445,0.957218]],[[-0.97756,-0.151093,0.146792],[-0.0226804,-0.617287,-0.786411],[0.209434,-0.772093,0.600008]],[[-0.97756,-0.151093,0.146792],[-0.113449,-0.209546,-0.971195],[0.1775,-0.966055,0.187702]]],1],[862,[-0.0888678,0.800081,-0.593273],86,67.0064,[75.5802,164.451,-65.4584],[75.3739,163.91,-65.8365],[-18.5475,327.062,20.0161],false,[88.5957,125.961,68.7624],[86.3973,114.973,-0.0998925],[78.219,127.64,-45.8816],[75.6919,150.391,-62.7521],[75.5364,168.852,-66.2576],[[[-0.9995,0.00226649,0.0315478],[0.00273132,-0.987518,0.15748],[0.031511,0.157488,0.987018]],[[-0.98278,0.0264452,0.182877],[-0.0731751,-0.964492,-0.253771],[0.169672,-0.262783,0.949819]],[[-0.98278,0.0264452,0.182877],[-0.162005,-0.599309,-0.783953],[0.0888678,-0.800081,0.593273]],[[-0.98278,0.0264452,0.182877],[-0.184593,-0.184841,-0.965277],[0.00827613,-0.982413,0.18654]]],2],[863,[-0.108213,0.764773,-0.635148],86,64.4285,[50.1839,157.564,-55.0992],[50.2347,158.582,-54.8393],[-23.7056,302.521,-6.84861],false,[76.3537,124.97,68.4801],[65.0703,113.944,7.85925],[52.4435,123.196,-33.9886],[49.4458,144.382,-51.5835],[50.3471,162.474,-56.1604],[[[-0.981311,0.0998542,0.16449],[-0.0676823,-0.979309,0.190716],[0.18013,0.176018,0.967766]],[[-0.941723,0.125838,0.311966],[-0.182458,-0.970202,-0.159429],[0.282608,-0.207059,0.936621]],[[-0.941723,0.125838,0.311966],[-0.318509,-0.631892,-0.706586],[0.108213,-0.764773,0.635148]],[[-0.941723,0.125838,0.311966],[-0.332913,-0.21564,-0.91797],[-0.0482435,-0.968331,0.244966]]],3],[864,[-0.0373675,0.778905,-0.626028],86,50.5107,[34.4524,154.165,-31.1796],[34.4313,155.613,-30.8558],[-25.1015,280.158,-22.4458],false,[63.5481,131.099,69.4861],[45.6354,117.854,15.9512],[32.2628,127.567,-15.3074],[31.5319,142.801,-27.5518],[35.2223,158.925,-32.4],[[[-0.929105,0.279984,0.241605],[-0.203306,-0.932433,0.298724],[0.308918,0.228426,0.92325]],[[-0.828062,0.326548,0.455718],[-0.413863,-0.904383,-0.103968],[0.378193,-0.274697,0.884031]],[[-0.828062,0.326548,0.455718],[-0.559389,-0.535419,-0.632779],[0.0373675,-0.778905,0.626028]],[[-0.828062,0.326548,0.455718],[-0.518147,-0.135346,-0.844515],[-0.214095,-0.93544,0.281275]]],4],[870,[-0.872001,0.239805,-0.426741],87,49.6236,[-232.618,165.7,15.9129],[-232.672,171.402,12.4049],[-30.2902,277.991,-139.186],false,[-152.454,145.93,60.0349],[-152.454,145.93,60.0349],[-189.688,159.751,33.925],[-217.997,167.536,20.071],[-237.684,172.697,10.9952],[[[0.122633,-0.992045,-0.0284226],[-0.916552,-0.124192,0.380143],[0.380649,0.0205674,0.924491]],[[-0.0480312,-0.909492,-0.412937],[-0.619692,-0.297099,0.726439],[0.783374,-0.290785,0.549335]],[[-0.0480312,-0.909492,-0.412937],[-0.487142,-0.339585,0.804596],[0.872001,-0.239805,0.426741]],[[-0.0480312,-0.909492,-0.412937],[-0.466035,-0.345252,0.814624],[0.883461,-0.231571,0.407273]]],0],[871,[0.340123,0.905433,0.253983],87,55.9948,[-138.087,185.543,-27.4424],[-137.492,186.087,-26.7332],[47.6875,222.692,-17.0147],false,[-150.325,124.48,53.3439],[-155.62,126.48,-16.4779],[-149.383,157.627,-42.2532],[-141.556,178.465,-36.408],[-136.353,188.639,-24.8283],[[[0.94611,-0.313624,-0.0807215],[-0.314903,-0.949118,-0.00330892],[0.0755764,-0.0285501,0.996731]],[[0.938735,-0.31094,-0.148633],[-0.309091,-0.568827,-0.762167],[-0.152442,-0.761414,0.630087]],[[0.938735,-0.31094,-0.148633],[-0.0556038,0.288976,-0.95572],[-0.340123,-0.905433,-0.253983]],[[0.938735,-0.31094,-0.148633],[0.128377,0.71572,-0.686487],[-0.319836,-0.625348,-0.711789]]],1],[872,[0.11907,0.959193,0.256457],87,63.8015,[-125.012,188.674,-26.2285],[-124.6,189.233,-25.3358],[47.9047,216.505,-4.54056],false,[-139.905,119.32,51.8432],[-136.246,118.436,-14.4811],[-128.244,153.589,-42.8816],[-125.02,179.56,-35.9377],[-124.334,192.237,-23.3279],[[[0.98735,-0.14817,0.0564375],[-0.148683,-0.988872,0.00497563],[-0.0550722,0.013304,0.998394]],[[0.984504,-0.147549,0.0947668],[-0.01872,-0.625749,-0.779799],[-0.174359,-0.765942,0.618815]],[[0.984504,-0.147549,0.0947668],[0.12874,0.241199,-0.961899],[-0.11907,-0.959193,-0.256457]],[[0.984504,-0.147549,0.0947668],[0.171119,0.690173,-0.703121],[-0.0383397,-0.708442,-0.704727]]],2],[873,[0.00852191,0.961864,0.273396],87,61.3469,[-110.46,180.872,-15.4233],[-109.784,181.674,-15.9542],[24.6018,222.307,57.317],false,[-128.497,116.737,51.7245],[-116.654,113.401,-6.63657],[-108.789,146.724,-31.8863],[-108.564,172.096,-24.6749],[-110.39,184.663,-12.2166],[[[0.976864,-0.0696276,0.202207],[-0.0794412,-0.996003,0.0408192],[-0.198557,0.0559384,0.978492]],[[0.97472,-0.0690349,0.212497],[0.125476,-0.617796,-0.776263],[-0.184869,-0.783302,0.593516]],[[0.97472,-0.0690349,0.212497],[0.223267,0.264674,-0.938136],[-0.00852191,-0.961864,-0.273396]],[[0.97472,-0.0690349,0.212497],[0.198461,0.704394,-0.6815],[0.102634,-0.706444,-0.700288]]],3],[874,[-0.138189,0.978364,0.153972],87,48.0948,[-100.554,164.946,-10.5198],[-100.033,165.665,-10.8381],[13.9075,216.187,58.3899],false,[-115.663,120.527,53.8646],[-98.1888,113.209,2.00481],[-94.6324,137.845,-20.6665],[-97.206,156.065,-17.799],[-101.068,168.601,-7.93475],[[[0.946926,0.102847,0.304555],[0.0562361,-0.985827,0.158059],[-0.316495,0.132543,0.939289]],[[0.962186,0.0957725,0.255003],[0.25108,-0.674851,-0.693927],[-0.10563,-0.731713,0.673378]],[[0.962186,0.0957725,0.255003],[0.234739,0.183389,-0.954603],[0.138189,-0.978364,-0.153972]],[[0.962186,0.0957725,0.255003],[0.137211,0.638303,-0.757458],[0.235313,-0.763804,-0.601025]]],4]],[[0,200,0],[235.247,235.247,147.751]]],[270446,82382206680,[[86,"right",[-0.0414072,-0.27957,-0.959232],[-0.132125,0.953156,-0.272096],[82.3686,129.878,21.1219],[-64.778,215.616,-63.798],[82.5812,129.314,21.3624],0.21166,0.435201,0.817268,[[-0.947423,-0.212856,0.238917],[0.0585733,-0.849405,-0.52448],[0.314576,-0.482911,0.817214]],63.72,[162.562,9.59068,295.326],[77.626,139.977,74.6783]],[87,"left",[0.0342672,-0.166582,-0.985432],[0.295971,0.943473,-0.149197],[-133.069,128.115,9.20375],[-12.0664,199.269,22.7908],[-133.076,127.984,9.1813],0,0.885051,0.342096,[[0.974376,-0.189655,-0.120924],[-0.223833,-0.870523,-0.438279],[0.0221452,-0.454115,0.890668]],60.6723,[-123.427,13.9733,290.056],[-129.12,130.72,61.0781]]],[[860,[-0.0661468,-0.0563408,-0.996218],86,52.1164,[124.002,141.541,-22.0748],[123.777,141.436,-21.984],[-49.8005,225.958,-50.8728],false,[104.574,154.519,72.844],[104.574,154.519,72.844],[127.772,144.4,29.818],[125.517,142.479,-4.14866],[123.543,141.288,-27.4384],[[[-0.288425,-0.953547,0.0869381],[0.87229,-0.224227,0.434548],[-0.394869,0.20117,0.896443]],[[-0.282182,-0.956592,0.072836],[0.83929,-0.209376,0.501751],[-0.464721,0.202716,0.86194]],[[-0.282182,-0.956592,0.072836],[0.957078,-0.285933,-0.0473771],[0.0661468,0.0563408,0.996218]],[[-0.282182,-0.956592,0.072836],[0.955646,-0.286953,-0.0663241],[0.0843456,0.05089,0.995136]]],0],[861,[-0.187718,0.803492,-0.564944],86,58.8075,[92.5351,167.736,-60.4348],[92.6741,167.385,-60.5914],[-28.6941,332.756,4.89307],false,[98.727,131.959,68.5164],[106.413,123.72,-4.18526],[99.0665,135.511,-44.8395],[94.5293,154.932,-58.4944],[91.9366,171.631,-61.0128],[[[-0.983261,-0.160773,-0.0857357],[0.149275,-0.980618,0.12691],[-0.104478,0.111987,0.988202]],[[-0.9815,-0.131386,0.139266],[0.0861062,-0.952585,-0.291836],[0.171006,-0.274445,0.946275]],[[-0.9815,-0.131386,0.139266],[-0.0376736,-0.580636,-0.813291],[0.187718,-0.803492,0.564944]],[[-0.9815,-0.131386,0.139266],[-0.116748,-0.165803,-0.979224],[0.151747,-0.977368,0.147396]]],1],[862,[-0.0651338,0.822321,-0.565284],86,67.0064,[75.6932,171.26,-65.6661],[75.4478,170.457,-66.1577],[-6.77705,353.46,5.07316],false,[87.0657,128.265,67.1059],[84.8824,119.087,-2.02123],[77.2954,133.585,-47.3592],[75.4432,156.969,-63.4339],[75.768,175.533,-66.3331],[[[-0.99928,0.0253778,0.0281918],[-0.021436,-0.990984,0.132253],[0.031294,0.131553,0.990815]],[[-0.982831,0.0451354,0.178903],[-0.0962655,-0.952625,-0.288511],[0.157406,-0.30078,0.940614]],[[-0.982831,0.0451354,0.178903],[-0.17263,-0.567232,-0.805262],[0.0651338,-0.822321,0.565284]],[[-0.982831,0.0451354,0.178903],[-0.183698,-0.148537,-0.971695],[-0.017284,-0.987876,0.154278]]],2],[863,[-0.083811,0.787795,-0.610209],86,64.4285,[50.1662,165.042,-55.7333],[50.1523,165.166,-55.5983],[-12.083,343.656,-20.4636],false,[74.8047,127.575,66.7568],[63.5052,118.367,5.83642],[51.4087,129.259,-35.7726],[49.087,151.083,-52.6766],[50.4883,169.285,-56.6525],[[[-0.979305,0.119092,0.163641],[-0.0917668,-0.98194,0.165447],[0.180389,0.147006,0.972548]],[[-0.940338,0.140119,0.310051],[-0.206074,-0.959655,-0.191301],[0.270737,-0.243781,0.931274]],[[-0.940338,0.140119,0.310051],[-0.329759,-0.599788,-0.72905],[0.083811,-0.787795,0.610209]],[[-0.940338,0.140119,0.310051],[-0.331873,-0.176849,-0.926598],[-0.0750021,-0.974213,0.212799]]],3],[864,[-0.00930595,0.798704,-0.601653],86,50.5107,[34.4162,161.311,-32.1816],[34.3026,161.827,-31.8708],[-12.4311,320.211,-36.9412],false,[62.1449,133.981,67.8752],[44.1367,122.533,13.9593],[31.3885,133.506,-17.1431],[31.2065,149.128,-28.9107],[35.3733,165.292,-33.2065],[[[-0.923131,0.295903,0.245501],[-0.226668,-0.934592,0.274153],[0.310566,0.197432,0.929822]],[[-0.825028,0.33384,0.455938],[-0.435137,-0.890084,-0.135665],[0.360533,-0.310324,0.879611]],[[-0.825028,0.33384,0.455938],[-0.565015,-0.500623,-0.655846],[0.00930595,-0.798704,0.601653]],[[-0.825028,0.33384,0.455938],[-0.510775,-0.0953993,-0.854405],[-0.241738,-0.93779,0.249224]]],4],[870,[-0.875716,0.235203,-0.421666],87,49.6236,[-232.959,170.503,14.8097],[-232.724,173.779,13.3578],[-17.4557,212.988,-49.7437],false,[-152.1,148.743,60.5388],[-152.1,148.743,60.5388],[-189.552,162.349,34.628],[-217.981,169.985,20.9387],[-237.744,175.046,11.9708],[[[0.126084,-0.991679,-0.0259951],[-0.913977,-0.126313,0.385604],[0.385679,0.0248594,0.922298]],[[-0.0471526,-0.910812,-0.410119],[-0.613925,-0.29745,0.731177],[0.787955,-0.286259,0.545145]],[[-0.0471526,-0.910812,-0.410119],[-0.480519,-0.339265,0.808703],[0.875716,-0.235203,0.421666]],[[-0.0471526,-0.910812,-0.410119],[-0.459685,-0.34473,0.818444],[0.88683,-0.227117,0.402432]]],0],[871,[0.338191,0.907836,0.247914],87,55.9948,[-137.866,188.587,-27.2885],[-137.779,188.684,-26.5199],[17.8429,188.772,-3.37326],false,[-149.93,127.28,53.9032],[-155.618,129.04,-15.8941],[-149.659,160.102,-41.8381],[-141.876,180.995,-36.1325],[-136.641,191.237,-24.6275],[[[0.946784,-0.310448,-0.0849813],[-0.311461,-0.950258,0.00140859],[0.0811915,-0.0251347,0.996382]],[[0.938992,-0.307995,-0.153077],[-0.311568,-0.573222,-0.757854],[-0.145668,-0.759313,0.634212]],[[0.938992,-0.307995,-0.153077],[-0.0626126,0.284559,-0.956612],[-0.338191,-0.907836,-0.247914]],[[0.938992,-0.307995,-0.153077],[0.121447,0.713317,-0.690239],[-0.321783,-0.629538,-0.707204]]],1],[872,[0.11713,0.96081,0.251247],87,63.8015,[-124.784,191.684,-26.1237],[-124.865,191.874,-25.2309],[18.597,186.678,0.577293],false,[-139.5,122.153,52.361],[-136.205,121.073,-13.9795],[-128.483,156.128,-42.5786],[-125.311,182.143,-35.7757],[-124.6,194.88,-23.2286],[[[0.98818,-0.144415,0.0514281],[-0.145053,-0.989384,0.00889622],[-0.0495974,0.0162509,0.998637]],[[0.985523,-0.143678,0.0900024],[-0.0207885,-0.629265,-0.776913],[-0.168261,-0.763795,0.623142]],[[0.985523,-0.143678,0.0900024],[0.122574,0.237067,-0.96373],[-0.11713,-0.96081,-0.251247]],[[0.985523,-0.143678,0.0900024],[0.164817,0.687498,-0.707236],[-0.0397379,-0.711831,-0.701226]]],2],[873,[0.00562041,0.961484,0.274802],87,61.3469,[-110.259,184.117,-14.6999],[-110.042,184.464,-15.4984],[6.36536,194.797,43.8699],false,[-128.083,119.611,52.1871],[-116.551,116.133,-6.22794],[-108.986,149.554,-31.4411],[-108.837,174.915,-24.1927],[-110.645,187.479,-11.7277],[[[0.978215,-0.0654514,0.197007],[-0.0755889,-0.996151,0.0443776],[-0.193344,0.0583024,0.979397]],[[0.976199,-0.0648554,0.206952],[0.12414,-0.615355,-0.778414],[-0.177833,-0.785578,0.592657]],[[0.976199,-0.0648554,0.206952],[0.216804,0.267098,-0.938965],[-0.00562041,-0.961484,-0.274802]],[[0.976199,-0.0648554,0.206952],[0.191596,0.705014,-0.682822],[0.10162,-0.706221,-0.70066]]],3],[874,[-0.140162,0.97814,0.153611],87,48.0948,[-100.362,168.127,-10.0149],[-100.18,168.487,-10.5812],[3.352,192.271,38.3397],false,[-115.252,123.454,54.2442],[-98.038,116.036,2.31152],[-94.7912,140.679,-20.3979],[-97.4015,158.895,-17.5372],[-101.212,171.451,-7.67818],[[[0.948215,0.107235,0.298979],[0.0606968,-0.985114,0.160831],[-0.311775,0.134356,0.940609]],[[0.964177,0.0995482,0.245871],[0.247109,-0.67406,-0.696118],[-0.0964348,-0.731938,0.674512]],[[0.964177,0.0995482,0.245871],[0.225205,0.18257,-0.957053],[0.140162,-0.97814,-0.153611]],[[0.964177,0.0995482,0.245871],[0.128296,0.636271,-0.760723],[0.232169,-0.765016,-0.600706]]],4]],[[0,200,0],[235.247,235.247,147.751]]],[270447,82382215424,[[86,"right",[-0.0468419,-0.268372,-0.962176],[-0.124661,0.957273,-0.260935],[81.9541,131.418,20.3214],[-60.1222,205.056,-71.2354],[82.1806,130.658,20.6973],0.212919,0.434477,0.820775,[[-0.946711,-0.208677,0.245341],[0.0506652,-0.848731,-0.526392],[0.318075,-0.485911,0.814076]],63.72,[163.347,9.7579,293.803],[77.4672,140.954,74.0029]],[87,"left",[0.0298241,-0.165193,-0.98581],[0.293459,0.944233,-0.149347],[-132.904,129.031,9.38678],[-3.76843,173.943,22.2926],[-132.935,128.843,9.34984],0,0.882443,0.363214,[[0.974464,-0.189838,-0.119926],[-0.223618,-0.86893,-0.441538],[0.0203867,-0.45708,0.889192]],60.6723,[-123.468,14.0648,289.844],[-128.709,131.574,61.2449]]],[[860,[-0.0702032,-0.044188,-0.996554],86,52.1164,[123.568,143.11,-22.8234],[123.32,143.121,-22.7935],[-50.81,217.279,-62.0845],false,[104.535,155.282,72.2453],[104.535,155.282,72.2453],[127.497,145.462,29.0237],[125.103,143.955,-4.95438],[123.058,143.045,-28.2507],[[[-0.296453,-0.951927,0.0771419],[0.871657,-0.236675,0.429185],[-0.390295,0.194474,0.899916]],[[-0.290193,-0.954906,0.0627842],[0.839165,-0.222386,0.496334],[-0.45999,0.196719,0.865859]],[[-0.290193,-0.954906,0.0627842],[0.95439,-0.2936,-0.0542145],[0.0702032,0.044188,0.996554]],[[-0.290193,-0.954906,0.0627842],[0.952969,-0.294349,-0.0721739],[0.0873998,0.0388871,0.995414]]],0],[861,[-0.181935,0.815396,-0.549571],86,58.8075,[92.2253,170.432,-60.5295],[92.3296,170.043,-60.7844],[-30.864,328.322,0.509512],false,[98.4781,132.823,67.6832],[105.865,125.338,-5.13087],[98.4897,137.939,-45.5362],[94.0923,157.647,-58.8195],[91.6494,174.41,-61.0459],[[[-0.984888,-0.151254,-0.0843666],[0.141117,-0.983245,0.115395],[-0.100407,0.101745,0.98973]],[[-0.982228,-0.124486,0.140467],[0.0758773,-0.94788,-0.30946],[0.171669,-0.293302,0.940481]],[[-0.982228,-0.124486,0.140467],[-0.0461225,-0.56536,-0.823554],[0.181935,-0.815396,0.549571]],[[-0.982228,-0.124486,0.140467],[-0.121592,-0.148077,-0.981473],[0.142979,-0.98111,0.130309]]],1],[862,[-0.059066,0.830915,-0.553256],86,67.0064,[75.4265,173.997,-65.8174],[75.1651,173.228,-66.3409],[-13.3012,344.233,-1.01001],false,[86.7807,129.247,66.269],[84.3014,120.868,-2.94964],[76.7269,136.104,-48.0469],[75.0473,159.732,-63.7795],[75.5328,178.33,-66.43],[[[-0.998928,0.0337327,0.0316977],[-0.0296601,-0.992188,0.121172],[0.0355375,0.120102,0.992125]],[[-0.981877,0.0516222,0.182355],[-0.105941,-0.94732,-0.302259],[0.157146,-0.3161,0.935621]],[[-0.981877,0.0516222,0.182355],[-0.180082,-0.554,-0.812807],[0.0590661,-0.830915,0.553256]],[[-0.981877,0.0516222,0.182355],[-0.187752,-0.133775,-0.973064],[-0.025837,-0.989666,0.141043]]],2],[863,[-0.0770219,0.797504,-0.598377],86,64.4285,[49.9724,167.871,-55.8895],[49.8977,167.97,-55.8133],[-15.0185,340.051,-19.8173],false,[74.5132,128.668,65.9516],[62.9434,120.245,4.96831],[50.8883,131.845,-36.4608],[48.7547,153.938,-53.0371],[50.326,172.182,-56.7498],[[[-0.977713,0.125738,0.168126],[-0.0998053,-0.982909,0.154692],[0.184703,0.134464,0.973552]],[[-0.93848,0.144646,0.31358],[-0.215539,-0.954813,-0.204635],[0.269811,-0.259635,0.92725]],[[-0.93848,0.144646,0.31358],[-0.336634,-0.585717,-0.737301],[0.0770219,-0.797504,0.598377]],[[-0.93848,0.144646,0.31358],[-0.334936,-0.160115,-0.928537],[-0.0840999,-0.976443,0.198712]]],3],[864,[-0.000255602,0.807577,-0.589762],86,50.5107,[34.3724,163.835,-32.3781],[34.1665,164.448,-32.1143],[-10.6356,316.965,-32.9693],false,[61.9133,135.17,67.1828],[43.6374,124.487,13.1999],[31.0286,136.012,-17.7592],[31.0236,151.808,-29.2942],[35.3628,167.99,-33.3431],[[[-0.919744,0.30112,0.251788],[-0.233948,-0.935619,0.264358],[0.315181,0.184236,0.930977]],[[-0.822226,0.3355,0.459766],[-0.443607,-0.883857,-0.14836],[0.356592,-0.325941,0.87556]],[[-0.822226,0.3355,0.459766],[-0.569161,-0.485035,-0.663925],[0.000255602,-0.807577,0.589762]],[[-0.822226,0.3355,0.459766],[-0.510461,-0.0773947,-0.856411],[-0.251742,-0.938856,0.234896]]],4],[870,[-0.878401,0.234061,-0.416686],87,49.6236,[-233.018,172.058,14.8045],[-232.647,174.502,14.1208],[-10.2105,177.944,-13.0506],false,[-151.726,149.554,60.8409],[-151.726,149.554,60.8409],[-189.338,163.124,35.1451],[-217.855,170.723,21.6175],[-237.673,175.759,12.7584],[[[0.127835,-0.991402,-0.0279441],[-0.911864,-0.128567,0.389839],[0.39008,0.0243537,0.920459]],[[-0.0474726,-0.910286,-0.41125],[-0.609536,-0.299772,0.733895],[0.791335,-0.285512,0.540621]],[[-0.0474726,-0.910286,-0.41125],[-0.475561,-0.341461,0.810707],[0.878401,-0.234061,0.416686]],[[-0.0474726,-0.910286,-0.41125],[-0.454821,-0.346859,0.82026],[0.889317,-0.225985,0.397551]]],0],[871,[0.33763,0.908318,0.246911],87,55.9948,[-137.946,189.457,-27.1019],[-137.907,189.64,-26.272],[8.94142,167.287,5.2468],false,[-149.548,128.103,54.1659],[-155.575,129.947,-15.6007],[-149.809,161.04,-41.5502],[-142.039,181.945,-35.8677],[-136.767,192.186,-24.3795],[[[0.946949,-0.308534,-0.0899692],[-0.30965,-0.950849,0.0016268],[0.0860491,-0.0263184,0.995943]],[[0.938819,-0.306002,-0.158056],[-0.314249,-0.573259,-0.756718],[-0.14095,-0.76009,0.634347]],[[0.938819,-0.306002,-0.158056],[-0.0680101,0.285169,-0.956061],[-0.33763,-0.908318,-0.246911]],[[0.938819,-0.306002,-0.158056],[0.116589,0.714186,-0.690178],[-0.324078,-0.629524,-0.706168]]],1],[872,[0.114535,0.9556,0.271497],87,63.8015,[-124.92,192.796,-24.9484],[-125.033,193.055,-24.1577],[6.99545,177.435,51.8611],false,[-139.115,122.998,52.5664],[-136.138,122.014,-13.7905],[-128.64,157.749,-41.5967],[-125.539,183.623,-34.2456],[-124.813,196.166,-21.5055],[[[0.988688,-0.142605,0.0464633],[-0.143135,-0.989669,0.00825836],[-0.0448056,0.0148155,0.998886]],[[0.986341,-0.141956,0.083548],[-0.020955,-0.61124,-0.791168],[-0.163379,-0.778611,0.605865]],[[0.986341,-0.141956,0.083548],[0.118379,0.258219,-0.958806],[-0.114535,-0.9556,-0.271497]],[[0.986341,-0.141956,0.083548],[0.159641,0.698895,-0.69718],[-0.0405777,-0.700995,-0.712011]]],2],[873,[0.00501096,0.960938,0.27672],87,61.3469,[-110.283,185.072,-14.4988],[-110.116,185.477,-15.283],[2.58009,173.812,38.5115],false,[-127.694,120.478,52.3341],[-116.438,117.101,-6.14064],[-109.066,150.603,-31.3035],[-108.934,175.95,-24.0044],[-110.705,188.493,-11.5128],[[[0.979277,-0.0638567,0.192196],[-0.0734869,-0.996352,0.0433949],[-0.188723,0.0566195,0.980397]],[[0.977327,-0.0632833,0.202059],[0.121688,-0.613076,-0.780596],[-0.173276,-0.787485,0.591475]],[[0.977327,-0.0632833,0.202059],[0.211678,0.269433,-0.939467],[-0.00501096,-0.960937,-0.27672]],[[0.977327,-0.0632833,0.202059],[0.186893,0.706345,-0.68275],[0.0995171,-0.705033,-0.702157]]],3],[874,[-0.140735,0.977562,0.156737],87,48.0948,[-100.366,169.089,-9.87784],[-100.208,169.519,-10.4415],[1.43579,172.764,32.4124],false,[-114.86,124.343,54.3344],[-97.8836,117.028,2.30924],[-94.8542,141.748,-20.3466],[-97.4751,159.953,-17.4277],[-101.233,172.491,-7.52673],[[[0.949443,0.108635,0.294544],[0.0633384,-0.985212,0.159204],[-0.307484,0.132499,0.942283]],[[0.965776,0.100714,0.239027],[0.243271,-0.671398,-0.700031],[-0.089979,-0.734222,0.672921]],[[0.965776,0.100714,0.239027],[0.217878,0.185012,-0.95828],[0.140735,-0.977562,-0.156737]],[[0.965776,0.100714,0.239027],[0.121852,0.637346,-0.760883],[0.228974,-0.763968,-0.603261]]],4]],[[0,200,0],[235.247,235.247,147.751]]],[270448,82382224032,[[86,"right",[-0.0515594,-0.264733,-0.962942],[-0.117682,0.959117,-0.257381],[81.6379,133.227,19.9405],[-53.9384,206.391,-64.0997],[81.8404,132.268,20.2229],0.214467,0.431457,0.825817,[[-0.945816,-0.205164,0.251673],[0.0421874,-0.846165,-0.531248],[0.32195,-0.491846,0.808972]],63.72,[164.298,9.81817,292.088],[77.3709,142.617,73.6657]],[87,"left",[0.02837,-0.167349,-0.985489],[0.300406,0.94174,-0.151272],[-132.56,129.936,9.40434],[7.78311,155.75,16.9384],[-132.624,129.751,9.39511],0,0.904065,0.37659,[[0.9732,-0.195056,-0.121801],[-0.229187,-0.866138,-0.44416],[0.0188604,-0.460171,0.88763]],60.6723,[-123.486,14.2459,289.454],[-128.335,132.549,61.2565]]],[[860,[-0.0744762,-0.0395958,-0.996436],86,52.1164,[123.183,144.741,-23.3079],[122.958,144.775,-23.2588],[-49.2775,210.95,-60.0521],false,[104.548,156.733,71.8832],[104.548,156.733,71.8832],[127.293,146.897,28.5508],[124.753,145.547,-5.42327],[122.659,144.731,-28.7187],[[[-0.303865,-0.949779,0.0747427],[0.870875,-0.245094,0.426035],[-0.38632,0.194549,0.901614]],[[-0.297556,-0.952811,0.0601024],[0.838958,-0.230917,0.492775],[-0.455642,0.197052,0.868079]],[[-0.297556,-0.952811,0.0601024],[0.951795,-0.300972,-0.0591797],[0.0744762,0.0395958,0.996436]],[[-0.297556,-0.952811,0.0601024],[0.950501,-0.301559,-0.0748971],[0.0894872,0.0348413,0.995378]]],0],[861,[-0.176445,0.821969,-0.54151],86,58.8075,[92.0054,172.848,-60.551],[92.101,172.312,-60.8681],[-29.1729,313.552,-0.166671],false,[98.299,134.339,67.2621],[105.431,127.041,-5.59638],[98.0401,140.097,-45.8543],[93.7754,159.964,-58.9428],[91.4705,176.764,-61.032],[[[-0.98629,-0.14308,-0.0822183],[0.133541,-0.984727,0.11171],[-0.096946,0.0991992,0.990334]],[[-0.982846,-0.117124,0.142465],[0.066459,-0.945484,-0.318814],[0.172039,-0.303877,0.937049]],[[-0.982846,-0.117124,0.142465],[-0.0536781,-0.557358,-0.828535],[0.176445,-0.821969,0.54151]],[[-0.982846,-0.117124,0.142465],[-0.125762,-0.1394,-0.982218],[0.134901,-0.983285,0.122279]]],1],[862,[-0.051541,0.838599,-0.542306],86,67.0064,[75.415,176.843,-65.557],[75.1172,175.939,-66.1629],[-9.97882,340.608,7.50165],false,[86.5696,130.862,65.8674],[83.8384,122.737,-3.37205],[76.3786,138.715,-48.2309],[74.9129,162.562,-63.6522],[75.5647,181.18,-66.1194],[[[-0.998538,0.0416204,0.0345042],[-0.0372868,-0.992323,0.117917],[0.0391471,0.116458,0.992424]],[[-0.981153,0.0587419,0.184085],[-0.115694,-0.941625,-0.31616],[0.154767,-0.331499,0.930675]],[[-0.981153,0.0587419,0.184085],[-0.18623,-0.541573,-0.819766],[0.051541,-0.838599,0.542306]],[[-0.981153,0.0587419,0.184085],[-0.190092,-0.122434,-0.974102],[-0.0346823,-0.990737,0.131293]]],2],[863,[-0.0687824,0.804397,-0.590097],86,64.4285,[50.0079,170.657,-55.7864],[49.852,170.563,-55.8038],[-9.69041,334.426,-11.1346],false,[74.297,130.382,65.5812],[62.4973,122.258,4.60132],[50.5653,134.384,-36.7127],[48.6599,156.668,-53.0595],[50.4117,174.93,-56.5975],[[[-0.976222,0.132991,0.171184],[-0.107266,-0.982596,0.151658],[0.188373,0.129689,0.973497]],[[-0.937045,0.150899,0.314923],[-0.225004,-0.950562,-0.214019],[0.267059,-0.271405,0.924672]],[[-0.937045,0.150899,0.314923],[-0.342368,-0.574609,-0.743377],[0.0687824,-0.804397,0.590097]],[[-0.937045,0.150899,0.314923],[-0