{"metadata":{"formatVersion":2,"generatedBy":"LeapJS Playback 0.2.1","frames":77,"protocolVersion":6,"serviceVersion":"2.2.5+26752","frameRate":"89","modified":"Wed Apr 22 2015 20:26:20 GMT-0300 (E. South America Standard Time)"},"frames":[["id","timestamp",{"hands":[["id","type","direction","palmNormal","palmPosition","palmVelocity","stabilizedPalmPosition","pinchStrength","grabStrength","confidence","armBasis","armWidth","elbow","wrist"]]},{"pointables":[["id","direction","handId","length","stabilizedTipPosition","tipPosition","tipVelocity","tool","carpPosition","mcpPosition","pipPosition","dipPosition","btipPosition","bases","type"]]},{"interactionBox":["center","size"]}],[276118,82433284973,[[89,"left",[-0.185309,-0.152574,-0.970763],[0.29832,0.932517,-0.20351],[-122.477,115.524,5.17258],[-26.1849,255.012,24.1715],[-120.713,106.942,6.18704],0.170696,0.532232,0.394832,[[0.91352,-0.40463,0.0419099],[-0.349542,-0.833476,-0.427947],[-0.208091,-0.376288,0.902832]],60.6723,[-160.877,20.4194,287.105],[-107.38,117.158,54.9997]],[90,"right",[0.138958,-0.320363,-0.937048],[-0.326556,0.878478,-0.348765],[88.9712,107.745,3.65578],[12.1282,344.723,-53.1128],[88.8493,105.615,3.9879],0.454013,0.545262,0.560472,[[-0.802248,-0.523188,0.287528],[0.303088,-0.771886,-0.558865],[0.51433,-0.361202,0.777816]],63.2093,[213.614,21.7183,263.54],[75.8576,118.461,55.2134]]],[[890,[-0.653956,0.0969985,-0.750288],89,49.6236,[-182.62,145.691,-17.227],[-181.836,145.764,-17.9623],[-17.9737,263.411,-79.2991],false,[-129.124,136.129,59.5252],[-129.124,136.129,59.5252],[-160.146,140.748,23.8118],[-181.376,143.897,-0.546124],[-182.975,147.011,-22.5537],[[[0.0737807,-0.99555,-0.0586231],[-0.814625,-0.0940727,0.572307],[0.575275,-0.00553064,0.817941]],[[0.015136,-0.98987,-0.141165],[-0.75749,-0.103507,0.644589],[0.652671,-0.0971744,0.751384]],[[0.015136,-0.98987,-0.141165],[-0.756381,-0.103672,0.645864],[0.653956,-0.0969985,0.750288]],[[0.015136,-0.98987,-0.141165],[-0.99731,-0.0250732,0.0688841],[0.0717258,-0.139742,0.987587]]],0],[891,[0.121729,0.899431,-0.41977],89,55.9948,[-154.201,168.246,-55.6755],[-152.711,170.588,-56.8525],[16.9949,157.832,-135.346],false,[-129.376,114.699,52.4458],[-149.822,117.777,-14.484],[-161.365,137.8,-48.237],[-158.564,158.499,-57.8978],[-152.432,173.568,-57.9219],[[[0.891898,-0.348282,-0.288474],[-0.345439,-0.93636,0.0624693],[0.291872,-0.0439337,0.955448]],[[0.8145,-0.332214,-0.47563],[-0.506915,-0.806264,-0.304921],[0.282184,-0.489462,0.825106]],[[0.8145,-0.332214,-0.47563],[-0.56725,-0.284004,-0.773026],[-0.121729,-0.899431,0.41977]],[[0.8145,-0.332214,-0.47563],[-0.441043,0.178066,-0.879644],[-0.376924,-0.926243,0.00148639]]],1],[892,[0.132014,0.925635,-0.354643],89,63.8015,[-126.186,167.317,-65.1133],[-125.366,168.154,-64.9439],[77.7026,176.915,-47.7642],false,[-119.755,109.167,48.6654],[-130.82,108.979,-16.8373],[-132.016,129.682,-57.7801],[-128.442,154.745,-67.3825],[-124.82,172.09,-64.8939],[[[0.968865,-0.186251,-0.163132],[-0.183188,-0.982498,0.0337616],[0.166565,0.00282668,0.986026]],[[0.974886,-0.185978,-0.122515],[-0.221176,-0.872884,-0.434919],[0.0260562,-0.451093,0.892096]],[[0.974886,-0.185978,-0.122515],[-0.17936,-0.329562,-0.926941],[-0.132014,-0.925635,0.354642]],[[0.974886,-0.185978,-0.122515],[-0.0928975,0.160384,-0.982673],[-0.202406,-0.969376,-0.13908]]],2],[893,[0.136278,0.920515,-0.366169],89,61.3469,[-99.6006,158.023,-59.6206],[-99.198,158.429,-59.5684],[72.9736,180.163,6.29682],false,[-108.765,106.154,46.0252],[-110.198,103.105,-13.5235],[-104.033,120.776,-51.7281],[-100.438,145.056,-61.3866],[-98.8857,162.638,-59.1551],[[[0.99385,-0.109207,-0.0183294],[-0.108096,-0.992703,0.0534354],[0.0240312,0.0511255,0.998403]],[[0.988444,-0.101575,0.11252],[-0.0444798,-0.903962,-0.425293],[-0.144913,-0.415374,0.898034]],[[0.988444,-0.101575,0.11252],[0.066383,-0.377272,-0.92372],[-0.136278,-0.920515,0.366169]],[[0.988444,-0.101575,0.11252],[0.123939,0.114161,-0.985701],[-0.0872771,-0.988256,-0.125431]]],3],[894,[0.0862199,0.907276,-0.411603],89,48.0948,[-78.8489,143.743,-45.409],[-78.9323,144.312,-45.5224],[51.6156,190.209,50.7604],false,[-95.6343,109.427,45.2991],[-90.3065,102.104,-9.1649],[-78.5011,115.201,-37.8463],[-76.8954,132.098,-45.5117],[-78.9771,148.372,-45.0823],[[[0.994059,0.0629788,0.0887727],[0.050351,-0.989161,0.137929],[-0.0964971,0.13264,0.986456]],[[0.902013,0.104328,0.418914],[0.251841,-0.915303,-0.314317],[-0.350641,-0.389018,0.851889]],[[0.902013,0.104328,0.418914],[0.423012,-0.40739,-0.809379],[-0.0862199,-0.907276,0.411603]],[[0.902013,0.104328,0.418914],[0.412657,0.0767313,-0.907649],[0.126837,-0.991578,-0.0261607]]],4],[900,[0.140748,0.282694,-0.948828],90,51.6987,[113.843,167.209,-40.6121],[114.031,168.242,-40.9808],[-29.172,386.826,-23.6251],false,[98.3261,138.984,55.1514],[98.3261,138.984,55.1514],[106.177,153.104,8.34347],[110.937,162.665,-23.7481],[114.7,169.296,-45.6765],[[[-0.0570084,-0.990883,0.122072],[0.844218,0.0174276,0.535717],[-0.53296,0.133596,0.835527]],[[0.181973,-0.949427,-0.255879],[0.970438,0.131448,0.202414],[-0.158542,-0.285149,0.94528]],[[0.181973,-0.949427,-0.255879],[0.973178,0.136646,0.185073],[-0.140748,-0.282694,0.948828]],[[0.181973,-0.949427,-0.255879],[0.969854,0.130408,0.205856],[-0.162077,-0.285626,0.944536]]],0],[901,[-0.202651,0.723758,-0.659626],90,58.3362,[111.476,142.005,-78.5288],[111.919,141.101,-79.7683],[-13.6477,438.25,-15.6129],false,[98.6553,115.708,51.8301],[116.336,106.721,-18.4031],[121.192,112.943,-60.2837],[116.334,130.297,-76.0993],[110.033,145.711,-79.2562],[[[-0.898304,-0.40322,-0.174539],[0.366549,-0.906779,0.208312],[-0.242264,0.12315,0.962363]],[[-0.900857,-0.401872,-0.164182],[0.418892,-0.903979,-0.0857408],[-0.11396,-0.146015,0.982697]],[[-0.900857,-0.401872,-0.164182],[0.383913,-0.560957,-0.733442],[0.202651,-0.723758,0.659626]],[[-0.900857,-0.401872,-0.164182],[0.22417,-0.106761,-0.968685],[0.371759,-0.909451,0.186264]]],1],[902,[-0.070907,0.768865,-0.635467],90,66.4694,[98.6839,139.939,-85.0381],[98.4943,138.953,-86.4694],[8.09059,412.385,-28.26],false,[88.5614,109.233,49.5105],[96.6254,97.059,-18.1403],[103.752,104.683,-64.8017],[101.751,126.371,-82.7272],[97.8017,144.336,-85.7549],[[[-0.972013,-0.222343,-0.0758535],[0.203995,-0.95897,0.196883],[-0.116517,0.175899,0.977488]],[[-0.952852,-0.240642,-0.184836],[0.264311,-0.957429,-0.11606],[-0.149039,-0.159442,0.975892]],[[-0.952852,-0.240642,-0.184836],[0.295034,-0.5924,-0.749678],[0.070907,-0.768865,0.635467]],[[-0.952852,-0.240642,-0.184836],[0.217213,-0.1156,-0.969255],[0.211877,-0.963705,0.16242]]],2],[903,[-0.204698,0.71502,-0.668465],90,63.9121,[58.4241,126.855,-77.0266],[58.1365,126.442,-78.214],[10.5613,359.574,-53.477],false,[77.051,105.537,47.971],[75.4677,91.4244,-12.5224],[65.9549,94.0908,-55.7288],[60.3298,113.74,-74.0982],[57.9479,131.69,-78.0507],[[[-0.991159,-0.121107,0.0541941],[0.13021,-0.966309,0.22202],[0.0254801,0.227114,0.973535]],[[-0.974291,-0.0831785,0.209378],[0.0684896,-0.994717,-0.0764665],[0.214632,-0.0601604,0.97484]],[[-0.974291,-0.0831785,0.209378],[-0.0941072,-0.694138,-0.713664],[0.204698,-0.71502,0.668465]],[[-0.974291,-0.0831785,0.209378],[-0.185046,-0.23468,-0.954297],[0.128514,-0.968508,0.213254]]],3],[904,[-0.127818,0.708885,-0.693646],90,50.1059,[42.6005,118.856,-57.2687],[41.8515,118.559,-58.2566],[27.2862,358.262,-50.6581],false,[63.2863,108.615,47.354],[55.0252,90.9866,-6.7717],[44.747,93.3659,-40.2233],[42.2671,107.12,-53.6814],[42.8571,123.51,-58.5163],[[[-0.989347,0.0673313,0.129072],[-0.0238006,-0.949495,0.312878],[0.14362,0.306473,0.940982]],[[-0.946232,0.122391,0.299442],[-0.137036,-0.990161,-0.0283226],[0.293029,-0.067834,0.953694]],[[-0.946232,0.122391,0.299442],[-0.297166,-0.694624,-0.655126],[0.127818,-0.708885,0.693646]],[[-0.946232,0.122391,0.299442],[-0.321643,-0.257226,-0.911252],[-0.0345048,-0.958569,0.282762]]],4]],[[0,200,0],[235.247,235.247,147.751]]],[276119,82433294133,[[89,"left",[-0.191751,-0.154681,-0.969178],[0.294546,0.932911,-0.207169],[-123.037,118.014,5.69794],[-35.9202,259.68,33.4199],[-121.421,110.315,6.038],0.169844,0.527675,0.425559,[[0.913546,-0.405081,0.0366552],[-0.350062,-0.828942,-0.436248],[-0.207101,-0.385701,0.89908]],60.6723,[-160.837,20.6111,286.556],[-107.594,119.769,55.4148]],[90,"right",[0.129937,-0.315559,-0.939967],[-0.324008,0.882446,-0.341038],[88.642,110.16,2.65213],[-1.26787,322.124,-68.8477],[88.7194,108.462,3.15106],0.46013,0.542996,0.577082,[[-0.806031,-0.517054,0.288042],[0.295234,-0.773029,-0.561483],[0.512982,-0.367533,0.775738]],63.2388,[213.437,22.1644,262.263],[75.9783,120.649,54.3952]]],[[890,[-0.66082,0.0951765,-0.744485],89,49.6236,[-183.273,147.908,-16.6903],[-182.74,148.165,-16.9819],[-40.3479,263.263,-26.9539],false,[-129.353,138.694,60.0613],[-129.353,138.694,60.0613],[-160.684,143.228,24.6087],[-182.138,146.318,0.439143],[-183.916,149.415,-21.5571],[[[0.0758583,-0.995461,-0.0574711],[-0.810341,-0.0951318,0.578185],[0.581028,-0.00271109,0.813879]],[[0.0158679,-0.989934,-0.14064],[-0.751808,-0.104544,0.651041],[0.659191,-0.0954035,0.745899]],[[0.0158679,-0.989934,-0.14064],[-0.750376,-0.104751,0.652658],[0.66082,-0.0951765,0.744485]],[[0.0158679,-0.989934,-0.14064],[-0.996685,-0.026885,0.0767853],[0.0797934,-0.138955,0.987079]]],0],[891,[0.111455,0.896943,-0.427868],89,55.9948,[-154.587,169.64,-56.3234],[-154.157,172.731,-56.4677],[-32.1563,178.442,-85.6983],false,[-129.601,117.252,53.0199],[-150.525,120.165,-13.7694],[-162.511,139.95,-47.5085],[-159.945,160.592,-57.3556],[-153.915,175.7,-57.5749],[[[0.890716,-0.346547,-0.294161],[-0.342646,-0.93711,0.0664699],[0.298696,-0.041587,0.953442]],[[0.811215,-0.330814,-0.482175],[-0.506047,-0.810337,-0.295416],[0.292996,-0.483649,0.824765]],[[0.811215,-0.330814,-0.482175],[-0.574028,-0.293352,-0.764484],[-0.111455,-0.896943,0.427868]],[[0.811215,-0.330814,-0.482175],[-0.452234,0.167806,-0.875971],[-0.370695,-0.928657,0.013479]]],1],[892,[0.127627,0.926344,-0.354397],89,63.8015,[-126.546,169.25,-64.9505],[-126.546,170.617,-64.4103],[21.0248,204.576,-15.2194],false,[-119.993,111.737,49.1811],[-131.518,111.41,-16.2417],[-133.032,132.186,-57.1368],[-129.576,157.268,-66.7326],[-125.976,174.621,-64.2671],[[[0.968156,-0.184113,-0.169635],[-0.180486,-0.982893,0.0366982],[0.17349,0.00491282,0.984823]],[[0.974415,-0.183761,-0.129414],[-0.222326,-0.872529,-0.435046],[0.0329732,-0.452687,0.89106]],[[0.974415,-0.183761,-0.129414],[-0.185006,-0.328813,-0.926096],[-0.127627,-0.926344,0.354397]],[[0.974415,-0.183761,-0.129414],[-0.100187,0.1603,-0.981971],[-0.201193,-0.969812,-0.137788]]],2],[893,[0.131023,0.92178,-0.364904],89,61.3469,[-100.101,160.053,-59.3293],[-100.338,160.995,-59.1468],[17.7791,209.859,19.9531],false,[-109.014,108.747,46.4687],[-110.859,105.593,-13.0632],[-105.014,123.369,-51.2698],[-101.558,147.682,-60.8949],[-100.039,165.264,-58.6442],[[[0.993967,-0.106762,-0.0251419],[-0.105232,-0.992878,0.05586],[0.0309266,0.0528773,0.998122]],[[0.989501,-0.0989472,0.105341],[-0.0448484,-0.903124,-0.427031],[-0.13739,-0.417823,0.89808]],[[0.989501,-0.0989472,0.105341],[0.0609955,-0.374875,-0.925067],[-0.131023,-0.92178,0.364904]],[[0.989501,-0.0989472,0.105341],[0.116626,0.116194,-0.986356],[-0.0853571,-0.988286,-0.126514]]],3],[894,[0.0794272,0.907547,-0.412372],89,48.0948,[-79.2827,145.722,-45.1617],[-79.9761,146.877,-45.3106],[3.46643,215.604,42.8466],false,[-95.8973,112.051,45.6446],[-90.9345,104.649,-8.84311],[-79.4515,117.778,-37.6409],[-77.9723,134.679,-45.3206],[-80.0966,150.947,-44.8733],[[[0.994498,0.0656055,0.0816671],[0.053796,-0.988798,0.13923],[-0.0898865,0.134071,0.986887]],[[0.905801,0.107007,0.409968],[0.251394,-0.914599,-0.316717],[-0.341065,-0.389946,0.855346]],[[0.905801,0.107007,0.409968],[0.416192,-0.406089,-0.813557],[-0.0794272,-0.907547,0.412372]],[[0.905801,0.107007,0.409968],[0.40345,0.0777458,-0.911693],[0.129431,-0.991214,-0.0272502]]],4],[900,[0.135197,0.287536,-0.94818],90,51.7228,[113.597,169.69,-41.3086],[113.718,170.776,-41.8145],[-30.2057,356.914,-43.0753],false,[98.577,141.05,54.2834],[98.577,141.05,54.2834],[106.158,155.41,7.47977],[110.733,165.139,-24.6048],[114.37,171.883,-46.5318],[[[-0.0619252,-0.991244,0.116618],[0.848355,0.00927843,0.529347],[-0.525795,0.131714,0.840352]],[[0.174416,-0.948929,-0.262894],[0.972708,0.124549,0.195773],[-0.153031,-0.289865,0.944754]],[[0.174416,-0.948929,-0.262894],[0.975347,0.129836,0.178443],[-0.135197,-0.287536,0.94818]],[[0.174416,-0.948929,-0.262894],[0.972144,0.123493,0.199214],[-0.156574,-0.290317,0.944034]]],0],[901,[-0.205209,0.731407,-0.650332],90,58.3634,[110.685,144.876,-79.3018],[111.04,144.138,-80.6035],[-36.8451,408.544,-37.4269],false,[98.7436,117.781,50.82],[115.844,109.107,-19.6312],[120.329,115.737,-61.511],[115.407,133.282,-77.111],[109.157,148.765,-80.0709],[[[-0.901969,-0.396901,-0.170064],[0.362765,-0.91014,0.200119],[-0.23421,0.118807,0.964899]],[[-0.90448,-0.395576,-0.159487],[0.413343,-0.905173,-0.0990398],[-0.105186,-0.155502,0.982219]],[[-0.90448,-0.395576,-0.159487],[0.373906,-0.555484,-0.742719],[0.205209,-0.731407,0.650332]],[[-0.90448,-0.395576,-0.159487],[0.214672,-0.0990996,-0.971646],[0.368555,-0.913071,0.174553]]],1],[902,[-0.0706336,0.773186,-0.630234],90,66.5004,[98.0606,142.721,-85.8466],[97.7125,141.942,-87.3239],[-16.9328,387.464,-48.2582],false,[88.5896,111.376,48.5381],[96.0706,99.5549,-19.275],[102.932,107.473,-65.95],[100.939,129.293,-83.7362],[97.0727,147.305,-86.6433],[[[-0.973857,-0.21619,-0.0697464],[0.199824,-0.961309,0.189622],[-0.108042,0.170728,0.979377]],[[-0.955368,-0.234126,-0.180158],[0.25826,-0.958013,-0.124547],[-0.143434,-0.165516,0.975721]],[[-0.955368,-0.234126,-0.180158],[0.286849,-0.58938,-0.755214],[0.0706336,-0.773186,0.630234]],[[-0.955368,-0.234126,-0.180158],[0.210487,-0.111574,-0.971209],[0.207284,-0.965783,0.155875]]],2],[903,[-0.205676,0.719407,-0.663439],90,63.9419,[57.7998,129.881,-77.7107],[57.2949,129.562,-78.8825],[-18.2567,352.72,-61.0359],false,[77.0408,107.755,47.0639],[74.9135,94.0082,-13.5266],[65.0825,97.0018,-56.6615],[59.4278,116.78,-74.9013],[57.1129,134.767,-78.7696],[[[-0.991416,-0.115623,0.0610425],[0.126189,-0.968365,0.215278],[0.0342205,0.221133,0.974643]],[[-0.973142,-0.0787195,0.216329],[0.061972,-0.994608,-0.0831491],[0.221708,-0.0675095,0.972773]],[[-0.973142,-0.0787195,0.216329],[-0.103403,-0.690114,-0.716275],[0.205676,-0.719407,0.663439]],[[-0.973142,-0.0787195,0.216329],[-0.193417,-0.230017,-0.953773],[0.12484,-0.969998,0.208613]]],3],[904,[-0.127784,0.7156,-0.686722],90,50.1293,[42.168,122.067,-57.8116],[41.1895,121.805,-58.7816],[-0.879147,356.842,-53.6028],false,[63.2838,110.919,46.5701],[54.5036,93.6556,-7.61989],[44.0213,96.4357,-40.9943],[41.5409,110.326,-54.3244],[42.1964,126.753,-59.0525],[[[-0.987922,0.0723503,0.137022],[-0.027024,-0.951194,0.307408],[0.152575,0.299992,0.941661]],[[-0.943404,0.125954,0.306797],[-0.144094,-0.988868,-0.0371168],[0.298707,-0.0792237,0.951051]],[[-0.943404,0.125954,0.306797],[-0.306039,-0.68706,-0.659005],[0.127784,-0.7156,0.686722]],[[-0.943404,0.125954,0.306797],[-0.329424,-0.248995,-0.910759],[-0.0383225,-0.96028,0.276395]]],4]],[[0,200,0],[235.247,235.247,147.751]]],[276120,82433311920,[[89,"left",[-0.223147,-0.156502,-0.96214],[0.299626,0.928231,-0.220478],[-124.1,123.755,6.95401],[-47.1129,289.329,50.8934],[-123.098,118.73,6.6115],0.168272,0.522499,0.466772,[[0.904001,-0.427154,0.0179477],[-0.372793,-0.808116,-0.456042],[-0.209304,-0.405572,0.889777]],60.6723,[-160.935,21.2677,284.918],[-107.126,125.534,56.1684]],[90,"right",[0.132052,-0.288573,-0.948308],[-0.32465,0.891329,-0.316442],[88.6144,115.434,1.11814],[-1.40128,310.082,-77.0188],[88.6245,114.761,1.31431],0.466718,0.539222,0.601543,[[-0.805068,-0.524402,0.277251],[0.299466,-0.762768,-0.573153],[0.512041,-0.3784,0.771121]],63.2388,[213.051,23.0359,259.745],[75.844,124.432,53.115]]],[[890,[-0.683843,0.101765,-0.722498],89,49.6236,[-184.876,154.827,-13.5877],[-184.24,154.7,-13.9069],[-60.195,312.702,67.6683],false,[-128.497,144.751,61.3857],[-128.497,144.751,61.3857],[-160.901,149.6,26.9542],[-183.102,152.904,3.49844],[-185.536,155.96,-18.4406],[[[0.0617242,-0.996575,-0.0550235],[-0.793432,-0.0824382,0.60305],[0.605521,-0.00643468,0.795804]],[[-0.00181683,-0.99046,-0.137788],[-0.731563,-0.0926241,0.675453],[0.681772,-0.102028,0.724415]],[[-0.00181683,-0.99046,-0.137788],[-0.729627,-0.0929129,0.677504],[0.683843,-0.101765,0.722498]],[[-0.00181683,-0.99046,-0.137788],[-0.994016,-0.0132599,0.108423],[0.109215,-0.137161,0.984509]]],0],[891,[0.103444,0.891226,-0.441606],89,55.9948,[-156.853,175.144,-55.9727],[-156.812,178.39,-54.7985],[-87.8223,244.095,0.151967],false,[-129.225,123.282,54.4571],[-152.14,126.166,-11.6769],[-165.083,145.781,-45.1604],[-162.703,166.292,-55.3237],[-156.571,181.348,-55.9398],[[[0.876958,-0.358967,-0.31951],[-0.352046,-0.932442,0.0813314],[0.32712,-0.0411581,0.944086]],[[0.791057,-0.342857,-0.506634],[-0.523565,-0.807793,-0.270833],[0.316398,-0.4795,0.818518]],[[0.791057,-0.342857,-0.506634],[-0.602933,-0.296928,-0.740477],[-0.103444,-0.891226,0.441606]],[[0.791057,-0.342857,-0.506634],[-0.48187,0.160976,-0.861329],[-0.376868,-0.925492,0.037871]]],1],[892,[0.131665,0.929215,-0.345288],89,63.8015,[-128.764,175.994,-62.9317],[-128.967,176.68,-62.6322],[-49.4978,277.109,50.2485],false,[-119.808,117.631,50.3536],[-133.328,117.163,-14.6854],[-135.689,138.555,-55.221],[-132.124,163.715,-64.5701],[-128.197,180.988,-62.0453],[[[0.960171,-0.196974,-0.198175],[-0.191451,-0.980383,0.046851],[0.203516,0.00704422,0.979046]],[[0.967336,-0.196553,-0.160086],[-0.24822,-0.862613,-0.440778],[0.0514565,-0.466117,0.883225]],[[0.967336,-0.196553,-0.160086],[-0.216622,-0.312932,-0.924742],[-0.131665,-0.929215,0.345288]],[[0.967336,-0.196553,-0.160086],[-0.126805,0.171637,-0.976965],[-0.219502,-0.965354,-0.141106]]],2],[893,[0.13122,0.919116,-0.371492],89,61.3469,[-102.602,165.802,-58.7446],[-102.858,166.239,-58.697],[-56.9011,250.368,23.4393],false,[-108.955,114.492,47.3222],[-112.654,111.101,-12.1102],[-107.749,128.715,-50.5231],[-104.288,152.959,-60.322],[-102.485,170.528,-58.183],[[[0.991336,-0.119321,-0.0549047],[-0.115776,-0.991227,0.0637586],[0.0620308,0.0568495,0.996454]],[[0.990946,-0.110873,0.0757115],[-0.0687636,-0.903484,-0.42307],[-0.115311,-0.414034,0.902928]],[[0.990946,-0.110873,0.0757115],[0.0283991,-0.378063,-0.925344],[-0.13122,-0.919116,0.371492]],[[0.990946,-0.110873,0.0757115],[0.0881004,0.111473,-0.989855],[-0.101309,-0.987563,-0.120232]]],3],[894,[0.073687,0.90685,-0.414963],89,48.0948,[-81.7909,151.413,-45.06],[-82.4276,152.009,-45.3655],[-66.9827,250.784,20.9586],false,[-95.8293,117.628,46.0832],[-92.6241,109.926,-8.49464],[-82.1107,122.939,-37.7119],[-80.7384,139.828,-45.4399],[-82.6546,156.12,-44.9243],[[[0.997264,0.0534916,0.051018],[0.0457604,-0.988776,0.142225],[-0.0580532,0.139501,0.988519]],[[0.922057,0.0965849,0.374809],[0.228691,-0.917207,-0.32624],[-0.312267,-0.386527,0.867805]],[[0.922057,0.0965849,0.374809],[0.379974,-0.410238,-0.82905],[-0.073687,-0.90685,0.414963]],[[0.922057,0.0965849,0.374809],[0.369025,0.0727233,-0.92657],[0.11675,-0.992664,-0.0314127]]],4],[900,[0.136473,0.314519,-0.93939],90,51.7228,[113.502,176.652,-41.2534],[113.684,177.321,-41.5645],[-16.9251,361.875,-16.5838],false,[98.414,144.859,53.6233],[98.414,144.859,53.6233],[106.058,160.552,7.25995],[110.676,171.195,-24.5272],[114.342,178.562,-46.2473],[[[-0.0607299,-0.994239,0.0883243],[0.847399,-0.00459439,0.530936],[-0.527472,0.10709,0.842796]],[[0.176225,-0.940845,-0.289405],[0.972181,0.120268,0.200994],[-0.154298,-0.316774,0.935866]],[[0.176225,-0.940845,-0.289405],[0.974843,0.126048,0.183826],[-0.136473,-0.314519,0.93939]],[[0.176225,-0.940845,-0.289405],[0.971613,0.119114,0.204403],[-0.157839,-0.31721,0.935128]]],0],[901,[-0.207224,0.751887,-0.625878],90,58.3634,[110.487,153.023,-79.6888],[110.971,152.093,-80.9256],[-22.4086,424.862,-27.8148],false,[98.6197,121.699,49.5012],[115.858,115.051,-21.1367],[120.292,123.074,-62.7775],[115.321,141.11,-77.791],[109.041,156.666,-80.2597],[[[-0.901103,-0.393143,-0.182898],[0.363696,-0.914958,0.174863],[-0.23609,0.0910507,0.967456]],[[-0.903753,-0.392072,-0.171782],[0.415228,-0.900484,-0.129285],[-0.103998,-0.18817,0.976615]],[[-0.903753,-0.392072,-0.171782],[0.374551,-0.530042,-0.760768],[0.207224,-0.751887,0.625878]],[[-0.903753,-0.392072,-0.171782],[0.214678,-0.0679607,-0.974318],[0.370329,-0.917421,0.145589]]],1],[902,[-0.0695652,0.790944,-0.607921],90,66.5004,[98.153,150.946,-86.4927],[97.8913,149.948,-87.837],[-3.89333,414.207,-39.5188],false,[88.4788,115.347,47.02],[96.0969,105.465,-21.0877],[103.106,114.824,-67.4731],[101.143,137.146,-84.6296],[97.2617,155.225,-87.0615],[[[-0.973425,-0.215451,-0.0776219],[0.200846,-0.96603,0.162623],[-0.110022,0.142711,0.98363]],[[-0.954208,-0.230489,-0.19069],[0.260805,-0.953205,-0.152911],[-0.146522,-0.195642,0.969668]],[[-0.954208,-0.230489,-0.19069],[0.290944,-0.566817,-0.770759],[0.0695652,-0.790944,0.607921]],[[-0.954208,-0.230489,-0.19069],[0.214905,-0.0847413,-0.972952],[0.208095,-0.969378,0.130394]]],2],[903,[-0.205695,0.736324,-0.644606],90,63.9419,[57.7208,137.862,-78.9107],[57.3844,137.155,-79.9164],[-7.74943,384.316,-60.5332],false,[76.9378,111.754,45.4227],[74.9375,99.729,-15.5374],[65.1803,103.941,-58.5872],[59.5252,124.185,-76.3092],[57.1788,142.257,-79.7343],[[[-0.991358,-0.118661,0.0559366],[0.127177,-0.973913,0.187935],[0.032177,0.193424,0.980587]],[[-0.973421,-0.0861654,0.212195],[0.0634981,-0.991742,-0.111424],[0.220043,-0.0949882,0.970854]],[[-0.973421,-0.0861654,0.212195],[-0.100701,-0.67112,-0.734477],[0.205695,-0.736324,0.644606]],[[-0.973421,-0.0861654,0.212195],[-0.190892,-0.206649,-0.959613],[0.126535,-0.974614,0.184708]]],3],[904,[-0.126461,0.736295,-0.664738],90,50.1293,[42.1775,129.871,-59.1213],[41.3386,128.974,-59.9899],[3.02258,377.312,-59.9627],false,[63.1772,114.911,44.9939],[54.5176,99.181,-9.68014],[44.1392,103.057,-42.9776],[41.6844,117.349,-55.8809],[42.3251,133.905,-60.1386],[[[-0.988265,0.0670845,0.137227],[-0.0262243,-0.959573,0.280236],[0.150479,0.273349,0.950072]],[[-0.944382,0.115706,0.307822],[-0.14379,-0.987123,-0.0700928],[0.295748,-0.110456,0.948858]],[[-0.944382,0.115706,0.307822],[-0.303563,-0.666694,-0.680712],[0.126461,-0.736295,0.664738]],[[-0.944382,0.115706,0.307822],[-0.326711,-0.223517,-0.918314],[-0.0374513,-0.967808,0.248888]]],4]],[[0,200,0],[235.247,235.247,147.751]]],[276121,82433319744,[[89,"left",[-0.227627,-0.160747,-0.960389],[0.288847,0.930742,-0.224246],[-124.759,125.864,7.68791],[-56.1644,284.49,61.342],[-123.739,121.482,7.02681],0.167607,0.52073,0.479235,[[0.90589,-0.423093,0.018862],[-0.367301,-0.807046,-0.462349],[-0.210839,-0.411909,0.886497]],60.6723,[-161.697,22.0201,284.696],[-107.494,127.916,56.7901]],[90,"right",[0.135592,-0.28166,-0.949885],[-0.329407,0.891382,-0.311334],[88.7665,118.29,0.305136],[3.67514,323.484,-83.5675],[88.7206,117.15,0.631166],0.469248,0.53794,0.606888,[[-0.803177,-0.531619,0.268865],[0.304012,-0.753877,-0.582448],[0.512332,-0.386071,0.767115]],63.2683,[213.186,23.3808,258.011],[75.8372,126.881,52.3582]]],[[890,[-0.690084,0.0939615,-0.717604],89,49.6236,[-185.777,156.219,-12.6524],[-185.4,156.215,-12.8011],[-81.5109,283.548,85.7491],false,[-129.024,146.927,62.1038],[-129.024,146.927,62.1038],[-161.717,151.407,27.896],[-184.121,154.458,4.59912],[-186.733,157.457,-17.3273],[[[0.0714274,-0.996015,-0.0534005],[-0.788736,-0.0891725,0.60823],[0.610568,0.00132537,0.791963]],[[0.00687447,-0.990641,-0.136323],[-0.725824,-0.0987169,0.68076],[0.687846,-0.0942668,0.71971]],[[0.00687447,-0.990641,-0.136323],[-0.723697,-0.0990075,0.682979],[0.690084,-0.0939615,0.717604]],[[0.00687447,-0.990641,-0.136323],[-0.993083,-0.0227435,0.115195],[0.117217,-0.134588,0.983944]]],0],[891,[0.089589,0.890451,-0.446173],89,55.9948,[-158.042,176.935,-55.59],[-158.551,179.964,-54.0754],[-120.232,233.239,23.2963],false,[-129.579,125.438,55.2233],[-152.94,127.952,-10.7698],[-166.352,147.307,-44.2201],[-164.29,167.8,-54.4885],[-158.342,182.925,-55.222],[[[0.8785,-0.350777,-0.324334],[-0.3421,-0.935771,0.0854432],[0.333474,-0.0358926,0.942076]],[[0.790948,-0.335857,-0.511469],[-0.516627,-0.814458,-0.26411],[0.327867,-0.473137,0.817707]],[[0.790948,-0.335857,-0.511469],[-0.605289,-0.307078,-0.73439],[-0.089589,-0.890451,0.446173]],[[0.790948,-0.335857,-0.511469],[-0.490642,0.15134,-0.858118],[-0.36561,-0.929676,0.0450835]]],1],[892,[0.121417,0.932164,-0.341069],89,63.8015,[-129.922,178.019,-62.0751],[-130.552,178.846,-61.694],[-85.5078,280.16,71.7876],false,[-120.132,119.873,51.0717],[-134.057,119.133,-13.8793],[-136.848,140.722,-54.2832],[-133.56,165.962,-63.5181],[-129.774,183.26,-60.9502],[[[0.960839,-0.187701,-0.203856],[-0.181249,-0.982163,0.050043],[0.209613,0.0111345,0.977721]],[[0.968054,-0.187148,-0.166872],[-0.243253,-0.862381,-0.44399],[0.060815,-0.470398,0.880356]],[[0.968054,-0.187148,-0.166872],[-0.219382,-0.309912,-0.925109],[-0.121417,-0.932164,0.341069]],[[0.968054,-0.187148,-0.166872],[-0.134466,0.174242,-0.975479],[-0.211635,-0.966755,-0.143511]]],2],[893,[0.119586,0.919847,-0.373605],89,61.3469,[-103.775,167.692,-58.3422],[-104.362,168.449,-58.1608],[-89.8529,258.396,34.7954],false,[-109.267,116.837,47.978],[-113.307,113.286,-11.4228],[-108.819,130.897,-49.8881],[-105.665,155.16,-59.7427],[-104.027,172.75,-57.644],[[[0.992123,-0.109439,-0.0609429],[-0.105364,-0.992208,0.0664927],[0.067745,0.0595477,0.995924]],[[0.992471,-0.100722,0.0696895],[-0.0622201,-0.904705,-0.421471],[-0.1055,-0.413961,0.90416]],[[0.992471,-0.100722,0.0696895],[0.0264735,-0.379126,-0.924966],[-0.119586,-0.919847,0.373605]],[[0.992471,-0.100722,0.0696895],[0.0807872,0.110668,-0.990569],[-0.0920596,-0.98874,-0.117972]]],3],[894,[0.0588199,0.908502,-0.413719],89,48.0948,[-82.9587,153.56,-44.7272],[-83.8287,154.551,-44.8489],[-97.5212,270.154,32.4273],false,[-96.1819,120.103,46.6495],[-93.2438,112.32,-7.93187],[-83.2071,125.51,-37.2372],[-82.1116,142.43,-44.942],[-84.1993,158.699,-44.3815],[[[0.996976,0.0636442,0.0445909],[0.0566316,-0.987966,0.143929],[-0.0532146,0.140968,0.988583]],[[0.925091,0.106145,0.364611],[0.235241,-0.913912,-0.330797],[-0.298109,-0.391789,0.870421]],[[0.925091,0.106145,0.364611],[0.375164,-0.404174,-0.834203],[-0.0588199,-0.908502,0.413719]],[[0.925091,0.106145,0.364611],[0.357809,0.0779714,-0.930534],[0.1272,-0.991289,-0.034151]]],4],[900,[0.136366,0.321378,-0.937081],90,51.7469,[113.398,179.478,-41.5636],[113.544,180.601,-41.9299],[-16.7264,376.636,-24.6284],false,[98.2932,147.449,53.042],[98.2932,147.449,53.042],[105.934,163.493,6.77382],[110.551,174.373,-24.95],[114.216,181.906,-46.6252],[[[-0.0549114,-0.995134,0.0818113],[0.846399,-0.00292327,0.532541],[-0.529711,0.0984876,0.842441]],[[0.182437,-0.937886,-0.295106],[0.971055,0.12481,0.203652],[-0.154171,-0.323718,0.933509]],[[0.182437,-0.937886,-0.295106],[0.973715,0.130716,0.186527],[-0.136366,-0.321378,0.937081]],[[0.182437,-0.937886,-0.295106],[0.970487,0.123629,0.207052],[-0.157707,-0.32417,0.93276]]],0],[901,[-0.210934,0.755565,-0.620184],90,58.3906,[110.538,156.313,-80.1434],[111.024,155.734,-81.3941],[-15.1441,434.564,-36.8645],false,[98.6463,124.306,48.7694],[116.067,118.214,-21.909],[120.514,126.624,-63.4925],[115.452,144.757,-78.3763],[109.078,160.299,-80.7451],[[[-0.89837,-0.397364,-0.187173],[0.368864,-0.913864,0.169683],[-0.238476,0.0833968,0.967561]],[[-0.900934,-0.396424,-0.176538],[0.421243,-0.89665,-0.136281],[-0.104268,-0.197146,0.974814]],[[-0.900934,-0.396424,-0.176538],[0.379242,-0.521507,-0.764334],[0.210934,-0.755565,0.620184]],[[-0.900934,-0.396424,-0.176538],[0.217086,-0.059463,-0.97434],[0.375754,-0.91614,0.13963]]],1],[902,[-0.0723285,0.794136,-0.60342],90,66.5314,[98.3166,154.053,-87.0354],[98.0685,153.498,-88.3942],[2.97095,422.758,-49.369],false,[88.544,117.907,46.2265],[96.3547,108.506,-21.9601],[103.452,118.241,-68.2776],[101.41,140.663,-85.3151],[97.4288,158.74,-87.6693],[[[-0.971961,-0.22079,-0.0808969],[0.206348,-0.965834,0.156798],[-0.112752,0.135708,0.984312]],[[-0.952137,-0.235131,-0.195319],[0.267289,-0.95044,-0.158809],[-0.148298,-0.203415,0.967797]],[[-0.952137,-0.235131,-0.195319],[0.296992,-0.560411,-0.773133],[0.0723285,-0.794136,0.60342]],[[-0.952137,-0.235131,-0.195319],[0.21889,-0.0784608,-0.97259],[0.213361,-0.968792,0.126173]]],2],[903,[-0.209,0.73833,-0.641239],90,63.9717,[57.8379,140.57,-79.5936],[57.5611,140.357,-80.6698],[-1.22858,388.877,-71.2941],false,[77.0225,114.253,44.5829],[75.2098,102.604,-16.4855],[65.5077,107.023,-59.5482],[59.759,127.332,-77.1859],[57.3023,145.412,-80.5365],[[[-0.99073,-0.124972,0.0532461],[0.132679,-0.974322,0.181915],[0.0291445,0.187294,0.981872]],[[-0.973296,-0.0933862,0.209702],[0.0697589,-0.990634,-0.117383],[0.218699,-0.0996198,0.970694]],[[-0.973296,-0.0933862,0.209702],[-0.0949462,-0.667943,-0.738131],[0.209,-0.73833,0.641239]],[[-0.973296,-0.0933862,0.209702],[-0.187508,-0.203558,-0.960939],[0.132425,-0.974599,0.180612]]],3],[904,[-0.129517,0.739891,-0.660141],90,50.1527,[42.3108,132.457,-59.8235],[41.5436,131.99,-60.7988],[7.4627,378.946,-71.4851],false,[63.2376,117.332,44.1476],[54.773,101.895,-10.6688],[44.4387,105.957,-43.9751],[41.9235,120.326,-56.7951],[42.4697,136.918,-60.9556],[[[-0.988911,0.0602606,0.135735],[-0.0209806,-0.961498,0.274009],[0.147021,0.268123,0.9521]],[[-0.94569,0.108011,0.306601],[-0.137939,-0.987395,-0.0776187],[0.294353,-0.115696,0.948668]],[[-0.94569,0.108011,0.306601],[-0.298154,-0.663999,-0.685719],[0.129517,-0.739891,0.660141]],[[-0.94569,0.108011,0.306601],[-0.3235,-0.220104,-0.920273],[-0.0319156,-0.969478,0.243092]]],4]],[[0,200,0],[235.247,235.247,147.751]]],[276122,82433336985,[[89,"left",[-0.239363,-0.185397,-0.953065],[0.274583,0.928603,-0.2496],[-126.145,131.243,9.34429],[-67.302,297.137,77.2943],[-125.536,128.77,8.75721],0.166328,0.517855,0.50292,[[0.905751,-0.423541,0.0151311],[-0.363735,-0.795187,-0.485154],[-0.217514,-0.433925,0.874298]],60.6723,[-164.128,23.0669,282.901],[-108.208,134.623,58.1311]],[90,"right",[0.148151,-0.255062,-0.955508],[-0.340494,0.893945,-0.291422],[89.0909,125.351,0.655106],[10.6293,362.997,-35.8588],[89.0762,125.025,0.654154],0.476777,0.536335,0.649456,[[-0.790988,-0.559648,0.247248],[0.316015,-0.719739,-0.618151],[0.523901,-0.410817,0.746162]],63.2683,[216.031,22.2686,252.827],[75.5804,132.403,52.7917]]],[[890,[-0.702543,0.0705785,-0.708133],89,49.6236,[-188.097,160.767,-10.4876],[-187.539,160.524,-10.8531],[-100.638,268.16,98.1695],false,[-129.884,153.502,63.3214],[-129.884,153.502,63.3214],[-163.156,156.872,29.5467],[-185.964,159.163,6.55732],[-188.94,161.65,-15.3868],[[[0.0824488,-0.996092,-0.0316825],[-0.778883,-0.0842375,0.621487],[0.621727,0.0265639,0.782784]],[[0.0158692,-0.993269,-0.114741],[-0.713948,-0.0915976,0.694181],[0.700018,-0.0709033,0.710596]],[[0.0158692,-0.993269,-0.114741],[-0.711465,-0.0918482,0.696694],[0.702543,-0.0705785,0.708133]],[[0.0158692,-0.993269,-0.114741],[-0.990916,-0.0309499,0.130874],[0.133544,-0.111622,0.984737]]],0],[891,[0.0692759,0.879416,-0.470987],89,55.9948,[-161.705,181.452,-54.5564],[-161.692,183.386,-53.3199],[-148.11,216.496,34.2889],false,[-130.283,131.855,56.942],[-154.609,132.582,-8.74545],[-168.822,150.91,-42.4429],[-167.228,171.149,-53.2823],[-161.516,186.331,-54.5248],[[[0.877884,-0.348005,-0.328955],[-0.329743,-0.937435,0.111735],[0.347259,-0.01038,0.937712]],[[0.786982,-0.338318,-0.515946],[-0.509841,-0.82754,-0.235032],[0.34745,-0.448017,0.823747]],[[0.786982,-0.338318,-0.515946],[-0.613075,-0.334915,-0.715522],[-0.0692759,-0.879416,0.470987]],[[0.786982,-0.338318,-0.515946],[-0.507325,0.121054,-0.85321],[-0.351114,-0.933213,0.0763701]]],1],[892,[0.108576,0.930993,-0.348516],89,63.8015,[-133.139,183.277,-60.2273],[-133.434,183.146,-60.4744],[-120.981,271.459,78.5643],false,[-120.83,126.305,52.7818],[-135.669,123.912,-11.9265],[-139.211,145.214,-52.4239],[-136.271,170.422,-61.8605],[-132.608,187.777,-59.5076],[[[0.959993,-0.181265,-0.213439],[-0.168875,-0.982774,0.0750732],[0.22337,0.0360253,0.974068]],[[0.967221,-0.179894,-0.179225],[-0.241922,-0.867304,-0.435038],[0.0771815,-0.464136,0.882395]],[[0.967221,-0.179894,-0.179225],[-0.229553,-0.317633,-0.920008],[-0.108576,-0.930993,0.348516]],[[0.967221,-0.179894,-0.179225],[-0.150181,0.163884,-0.974981],[-0.204765,-0.969938,-0.131496]]],2],[893,[0.103339,0.912552,-0.395688],89,61.3469,[-107.007,172.492,-57.7317],[-107.194,172.571,-57.7279],[-124.054,249.709,30.4912],false,[-109.975,123.325,49.6009],[-114.819,118.362,-9.63854],[-111.086,135.171,-48.5408],[-108.36,159.241,-58.9779],[-106.901,176.893,-57.3031],[[[0.992381,-0.0993832,-0.072818],[-0.0926501,-0.991564,0.0906451],[0.0812123,0.0832079,0.993218]],[[0.994486,-0.0876617,0.0575545],[-0.0574201,-0.91444,-0.400627],[-0.0877498,-0.395113,0.914432]],[[0.994486,-0.0876617,0.0575545],[0.0178348,-0.399454,-0.91658],[-0.103339,-0.912552,0.395688]],[[0.994486,-0.0876617,0.0575545],[0.0653566,0.0889001,-0.993894],[-0.0820099,-0.992175,-0.0941392]]],3],[894,[0.036919,0.902275,-0.429578],89,48.0948,[-86.3311,159.405,-43.9749],[-86.5496,159.419,-44.255],[-129.711,277.389,33.4484],false,[-96.9501,126.709,48.0085],[-94.6977,117.707,-6.41791],[-85.543,130.57,-36.1547],[-84.8555,147.374,-44.1548],[-87.1325,163.624,-43.8408],[[[0.996686,0.0761256,0.028656],[0.0703707,-0.983678,0.165606],[-0.0407951,0.16304,0.985776]],[[0.932007,0.12401,0.340566],[0.239642,-0.915785,-0.322351],[-0.27191,-0.382047,0.883235]],[[0.932007,0.12401,0.340566],[0.360556,-0.412943,-0.836348],[-0.036919,-0.902275,0.429578]],[[0.932007,0.12401,0.340566],[0.334837,0.0650827,-0.940026],[0.138737,-0.990144,-0.0191346]]],4],[900,[0.139457,0.347389,-0.927293],90,51.7469,[113.102,188.478,-39.5125],[113.263,189.097,-39.7485],[-16.4253,429.725,44.4665],false,[97.7079,153.287,54.2037],[97.7079,153.287,54.2037],[105.499,170.63,8.43151],[110.22,182.39,-22.961],[113.955,190.532,-44.4026],[[[-0.0401702,-0.99763,0.0558593],[0.841708,-0.00366066,0.539921],[-0.538437,0.0687059,0.83986]],[[0.19951,-0.927097,-0.317311],[0.967205,0.134369,0.215543],[-0.157192,-0.349908,0.923501]],[[0.19951,-0.927097,-0.317311],[0.969921,0.140753,0.198598],[-0.139457,-0.34739,0.927293]],[[0.19951,-0.927097,-0.317311],[0.966626,0.133093,0.218906],[-0.160715,-0.350396,0.92271]]],0],[901,[-0.216404,0.770655,-0.599383],90,58.3906,[111.083,166.42,-78.4785],[111.506,165.538,-79.6744],[6.24944,494.715,26.1764],false,[98.457,130.27,49.3446],[116.58,126.263,-21.3061],[121.365,136.046,-62.5503],[116.172,154.541,-76.935],[109.567,170.039,-78.928],[[[-0.890445,-0.406113,-0.205376],[0.381518,-0.912175,0.149605],[-0.248095,0.0548606,0.967181]],[[-0.891878,-0.405786,-0.19973],[0.438144,-0.884727,-0.159019],[-0.112179,-0.229336,0.966861]],[[-0.891878,-0.405786,-0.19973],[0.397144,-0.491354,-0.775144],[0.216404,-0.770655,0.599383]],[[-0.891878,-0.405786,-0.19973],[0.230139,-0.0270152,-0.972783],[0.389346,-0.913569,0.117482]]],1],[902,[-0.0768262,0.80488,-0.588444],90,66.5314,[99.0588,163.668,-86.0048],[98.7819,162.945,-87.1141],[20.8235,473.027,3.48401],false,[88.4774,123.784,46.5478],[97.0222,116.259,-21.7834],[104.476,127.126,-67.7921],[102.307,149.851,-84.4067],[98.0977,167.912,-86.4696],[[[-0.967682,-0.233474,-0.0952928],[0.219945,-0.966275,0.133928],[-0.123348,0.108641,0.986399]],[[-0.946346,-0.244669,-0.211108],[0.283147,-0.942643,-0.17678],[-0.155747,-0.227069,0.961344]],[[-0.946346,-0.244669,-0.211108],[0.313891,-0.540653,-0.780491],[0.0768262,-0.80488,0.588444]],[[-0.946346,-0.244669,-0.211108],[0.231389,-0.0570071,-0.97119],[0.225586,-0.967929,0.110562]]],2],[903,[-0.216053,0.74356,-0.632803],90,63.9717,[58.4401,149.271,-79.5694],[58.2081,148.866,-80.2689],[14.9213,428.599,-33.2993],false,[77.0287,119.998,44.7074],[75.9249,109.895,-16.6526],[66.5214,115.089,-59.6953],[60.5787,135.541,-77.1009],[57.8172,153.604,-80.3061],[[[-0.989095,-0.141431,0.0410795],[0.146203,-0.976531,0.158154],[0.0177476,0.162435,0.98656]],[[-0.973411,-0.113513,0.198964],[0.0868426,-0.986616,-0.138014],[0.211967,-0.117066,0.97024]],[[-0.973411,-0.113513,0.198964],[-0.0761103,-0.658964,-0.748314],[0.216053,-0.74356,0.632803]],[[-0.973411,-0.113513,0.198964],[-0.174109,-0.197796,-0.964657],[0.148855,-0.973649,0.172774]]],3],[904,[-0.13505,0.755043,-0.641617],90,50.1527,[42.9651,140.897,-59.6568],[42.22,139.993,-60.4738],[20.9276,417.019,-29.4535],false,[63.2019,122.877,44.2262],[55.452,108.725,-11.0409],[45.3518,113.543,-44.3183],[42.7291,128.206,-56.7785],[43.0525,144.905,-60.5122],[[[-0.990863,0.0416281,0.128287],[-0.00842782,-0.968428,0.249152],[0.134608,0.245795,0.95993]],[[-0.949868,0.0856282,0.300697],[-0.122426,-0.986831,-0.105715],[0.287685,-0.137229,0.947843]],[[-0.949868,0.0856282,0.300697],[-0.28198,-0.65006,-0.705627],[0.13505,-0.755043,0.641617]],[[-0.949868,0.0856282,0.300697],[-0.31208,-0.201539,-0.928433],[-0.018898,-0.975731,0.218158]]],4]],[[0,200,0],[235.247,235.247,147.751]]],[276123,82433354652,[[89,"left",[-0.22065,-0.180091,-0.958583],[0.274238,0.931703,-0.238166],[-127.876,136.483,10.4675],[-81.6338,296.887,70.882],[-127.482,135.184,10.1794],0.165488,0.516128,0.515104,[[0.910717,-0.412777,0.0144855],[-0.350229,-0.790356,-0.50267],[-0.218939,-0.452717,0.864357]],60.6723,[-167.151,23.2338,281.815],[-110.865,139.621,59.6011]],[90,"right",[0.154399,-0.235338,-0.959571],[-0.353864,0.893615,-0.2761],[89.2486,131.372,0.968503],[9.83324,352.623,-10.8028],[89.2445,131.221,0.961028],0.47899,0.534598,0.675281,[[-0.780632,-0.58228,0.227077],[0.323264,-0.687127,-0.650659],[0.534897,-0.434519,0.724623]],63.2978,[218.965,20.7242,247.565],[75.4997,137.267,53.2127]]],[[890,[-0.69045,0.0724812,-0.71974],89,49.6236,[-189.749,165.945,-10.1233],[-189.114,165.654,-10.6066],[-95.2598,278.28,58.4727],false,[-132.734,158.351,64.5151],[-132.734,158.351,64.5151],[-165.419,161.814,30.1817],[-187.834,164.168,6.81548],[-190.426,166.805,-15.1598],[[[0.0883045,-0.995411,-0.0368802],[-0.789823,-0.0925306,0.606315],[0.606945,0.0244115,0.794369]],[[0.0227709,-0.992297,-0.121773],[-0.72566,-0.100189,0.68072],[0.687677,-0.0728653,0.722351]],[[0.0227709,-0.992297,-0.121773],[-0.723022,-0.100467,0.683481],[0.69045,-0.0724812,0.71974]],[[0.0227709,-0.992297,-0.121773],[-0.992952,-0.0366188,0.11272],[0.116311,-0.118348,0.986137]]],0],[891,[0.0713351,0.882059,-0.465707],89,55.9948,[-163.439,187.153,-53.694],[-162.678,188.788,-52.6084],[-103.808,258.428,37.0644],false,[-132.899,136.747,57.9831],[-156.005,137.799,-8.13881],[-169.746,156.224,-41.9785],[-168.105,176.524,-52.6964],[-162.478,191.75,-53.7768],[[[0.885671,-0.341191,-0.314923],[-0.326783,-0.939874,0.0992431],[0.329849,-0.0150149,0.943914]],[[0.797897,-0.33064,-0.504021],[-0.50053,-0.829341,-0.24832],[0.3359,-0.450412,0.827225]],[[0.797897,-0.33064,-0.504021],[-0.598557,-0.335632,-0.727379],[-0.0713351,-0.882059,0.465707]],[[0.797897,-0.33064,-0.504021],[-0.493682,0.121346,-0.861135],[-0.345887,-0.935923,0.0664091]]],1],[892,[0.111079,0.936044,-0.333891],89,63.8015,[-134.064,189.438,-58.4068],[-134.109,189.105,-58.8197],[-82.0565,303.306,87.9963],false,[-123.342,131.275,53.962],[-136.964,129.249,-11.0257],[-139.854,151.088,-51.2881],[-136.847,176.433,-60.3287],[-133.301,193.773,-57.6996],[[[0.964736,-0.174824,-0.196775],[-0.165025,-0.984127,0.0652722],[0.205063,0.0304978,0.978274]],[[0.971059,-0.173705,-0.163922],[-0.230388,-0.862206,-0.451134],[0.0629698,-0.475843,0.877273]],[[0.971059,-0.173705,-0.163922],[-0.211436,-0.30602,-0.928249],[-0.111079,-0.936044,0.333891]],[[0.971059,-0.173705,-0.163922],[-0.133333,0.17516,-0.97547],[-0.198157,-0.969095,-0.14693]]],2],[893,[0.105755,0.916095,-0.386763],89,61.3469,[-107.915,178.449,-55.945],[-107.907,178.414,-55.9299],[-84.9727,287.897,64.2574],false,[-112.414,128.373,50.9633],[-116.131,123.791,-8.38814],[-111.768,140.936,-47.0777],[-108.979,165.1,-57.2794],[-107.645,182.746,-55.4536],[[[0.994075,-0.0937421,-0.055026],[-0.0890558,-0.992629,0.0821987],[0.0623259,0.0768113,0.995096]],[[0.993706,-0.0829153,0.0753195],[-0.0450515,-0.911433,-0.408975],[-0.102559,