{"metadata":{"formatVersion":2,"generatedBy":"LeapJS Playback 0.2.1","frames":122,"protocolVersion":6,"serviceVersion":"2.2.5+26752","frameRate":"89","modified":"Wed Apr 22 2015 20:26:41 GMT-0300 (E. South America Standard Time)"},"frames":[["id","timestamp",{"hands":[["id","type","direction","palmNormal","palmPosition","palmVelocity","stabilizedPalmPosition","pinchStrength","grabStrength","confidence","armBasis","armWidth","elbow","wrist"]]},{"pointables":[["id","direction","handId","length","stabilizedTipPosition","tipPosition","tipVelocity","tool","carpPosition","mcpPosition","pipPosition","dipPosition","btipPosition","bases","type"]]},{"interactionBox":["center","size"]}],[276195,82434169531,[[89,"left",[-0.0622676,-0.252517,-0.965587],[0.351013,0.900117,-0.258031],[-114.554,110.868,-12.4038],[-14.1232,159.847,-19.4542],[-115.67,102.076,-4.5548],0,1,0.241336,[[0.872232,-0.411013,0.265101],[-0.329195,-0.894227,-0.303297],[-0.361719,-0.177276,0.915277]],60.6723,[-199.008,71.9973,273.847],[-106.015,117.572,38.5419]],[90,"right",[0.0557607,-0.346228,-0.936492],[-0.330989,0.878503,-0.344497],[73.9904,105.858,5.09854],[-24.4991,346.207,-58.5823],[73.9642,105.107,5.11941],0.38503,0.61278,0.65669,[[-0.793296,-0.502105,0.344342],[0.226971,-0.768698,-0.597986],[0.564947,-0.396224,0.723769]],63.7059,[217.733,11.29,253.02],[65.2306,118.247,57.6458]]],[[890,[-0.6344,0.126777,-0.762538],89,49.6236,[-190.405,149.746,-32.7097],[-190.33,149.68,-33.3592],[-112.656,109.44,-81.3727],false,[-127.563,137.288,38.15],[-127.563,137.288,38.15],[-162.486,142.961,6.41148],[-183.082,147.077,-18.3442],[-193.16,150.052,-37.9949],[[[0.0498535,-0.997214,0.0554863],[-0.884594,-0.0182943,0.466002],[0.463689,0.0723147,0.883042]],[[-0.0460928,-0.990908,-0.126397],[-0.676772,-0.0620914,0.73357],[0.734748,-0.119354,0.667757]],[[-0.0460928,-0.990908,-0.126397],[-0.77163,-0.0450389,0.634476],[0.6344,-0.126777,0.762538]],[[-0.0460928,-0.990908,-0.126397],[-0.890682,-0.0165218,0.454326],[0.452284,-0.133521,0.881823]]],0],[891,[0.378669,0.918131,-0.116813],89,55.9948,[-116.999,174.159,-62.1249],[-117.655,173.574,-61.8618],[181.167,251.126,193.371],false,[-127.558,115.23,33.3663],[-139.03,111.468,-35.6362],[-130.793,142.571,-60.8978],[-122.078,163.701,-63.5862],[-115.113,178.113,-60.6811],[[[0.91058,-0.392359,-0.129998],[-0.379505,-0.918243,0.113163],[0.16377,0.0537087,0.985035]],[[0.898064,-0.395013,-0.193509],[-0.391063,-0.515615,-0.762372],[-0.201371,-0.760333,0.61753]],[[0.898064,-0.395013,-0.193509],[-0.223809,-0.03163,-0.97412],[-0.378669,-0.918131,0.116813]],[[0.898064,-0.395013,-0.193509],[-0.100888,0.243221,-0.96471],[-0.428138,-0.885894,-0.178576]]],1],[892,[0.216912,0.9705,-0.105257],89,63.8015,[-104.29,175.594,-63.2706],[-104.417,177.88,-60.7858],[37.4344,246.451,164.677],false,[-117.704,109.161,31.4895],[-120.166,102.145,-34.5242],[-113.543,138.444,-61.8166],[-107.67,164.722,-64.6666],[-103.526,181.85,-61.5655],[[[0.975599,-0.21917,-0.0130949],[-0.21641,-0.969954,0.111155],[0.0370631,0.105608,0.993717]],[[0.972585,-0.22411,-0.0620691],[-0.182363,-0.569413,-0.801569],[-0.144296,-0.790913,0.594672]],[[0.972585,-0.22411,-0.0620691],[-0.0838271,-0.0889077,-0.992506],[-0.216912,-0.9705,0.105257]],[[0.972585,-0.22411,-0.0620691],[-0.0205744,0.182937,-0.982909],[-0.231634,-0.95724,-0.173311]]],2],[893,[0.143305,0.982112,-0.122146],89,61.3469,[-87.6245,169.076,-53.7981],[-87.7938,169.317,-52.6986],[-33.279,170.337,-15.3921],false,[-106.562,105.696,30.6561],[-100.341,96.3091,-27.9151],[-93.3472,129.959,-52.9877],[-89.5672,155.864,-56.2095],[-87.4863,173.349,-53.6694],[[[0.983939,-0.127492,0.12494],[-0.144863,-0.979274,0.141556],[-0.104303,0.157381,0.982014]],[[0.986394,-0.13169,0.0984132],[0.000230344,-0.597512,-0.80186],[-0.1644,-0.790972,0.589352]],[[0.986394,-0.13169,0.0984132],[0.0805674,-0.134587,-0.987621],[-0.143305,-0.982112,0.122146]],[[0.986394,-0.13169,0.0984132],[0.115525,0.129326,-0.98485],[-0.116968,-0.982819,-0.14278]]],3],[894,[-0.000635348,0.968675,-0.248332],89,48.0948,[-77.8903,148.87,-47.4171],[-78.1022,151.144,-46.0233],[-44.7543,176.209,-6.7519],false,[-93.3536,108.647,31.3394],[-81.2252,95.4412,-20.8797],[-77.805,120.447,-43.1634],[-77.8168,138.487,-47.7882],[-78.7298,154.873,-47.8219],[[[0.975573,0.0551482,0.212639],[0.00129731,-0.969405,0.245464],[-0.219671,0.239192,0.945797]],[[0.975886,0.0548064,0.211288],[0.193199,-0.667371,-0.719229],[-0.101589,-0.742706,0.661866]],[[0.975886,0.0548064,0.211288],[0.218279,-0.24221,-0.945351],[0.000635348,-0.968675,0.248332]],[[0.975886,0.0548064,0.211288],[0.211073,0.00974946,-0.977422],[0.0556289,-0.998449,0.00205375]]],4],[900,[0.071845,0.256106,-0.963975],90,52.1048,[97.1092,163.508,-43.064],[96.9364,164.571,-42.928],[-64.1891,402.221,-12.0233],false,[88.3142,138.299,55.26],[88.3142,138.299,55.26],[92.8019,151.183,7.25442],[95.2509,159.913,-25.6056],[97.439,165.963,-48.1022],[[[-0.0721262,-0.985778,0.151789],[0.884366,0.00716202,0.466739],[-0.461189,0.167901,0.871272]],[[0.136971,-0.95985,-0.244801],[0.986485,0.109741,0.121671],[-0.0899214,-0.258158,0.961909]],[[0.136971,-0.95985,-0.244801],[0.987966,0.114449,0.104039],[-0.071845,-0.256106,0.963975]],[[0.136971,-0.95985,-0.244801],[0.986151,0.1088,0.125175],[-0.0935148,-0.258556,0.961459]]],0],[901,[-0.222559,0.687574,-0.691166],90,58.7945,[92.5784,133.994,-81.0614],[93.7161,132.865,-81.5826],[-86.7652,512.443,0.311441],false,[87.7855,114.767,52.5049],[99.6771,103.546,-19.2081],[102.719,105.466,-62.0101],[97.3411,122.082,-78.7121],[91.1464,137.709,-81.7453],[[[-0.919251,-0.382637,-0.0925585],[0.358943,-0.911216,0.202104],[-0.161673,0.152561,0.97498]],[[-0.920861,-0.381052,-0.0825499],[0.383404,-0.923472,-0.0141878],[-0.0708262,-0.0447149,0.996486]],[[-0.920861,-0.381052,-0.0825499],[0.320129,-0.618096,-0.717966],[0.222559,-0.687574,0.691166]],[[-0.920861,-0.381052,-0.0825499],[0.143183,-0.133579,-0.98064],[0.362648,-0.914853,0.177568]]],1],[902,[-0.105093,0.708937,-0.697398],90,66.9916,[76.9924,129.35,-87.7381],[76.7365,128.347,-88.1001],[-31.017,431.575,-39.4639],false,[77.2968,108.467,51.1475],[79.6564,94.362,-17.1234],[82.824,95.5133,-65.1951],[79.8362,115.668,-85.0222],[76.1401,133.752,-88.5328],[[[-0.980274,-0.197524,0.00692736],[0.194729,-0.959216,0.204903],[-0.0338283,0.20221,0.978758]],[[-0.974662,-0.212671,-0.0693159],[0.213807,-0.976832,-0.00930713],[-0.0657306,-0.0238915,0.997551]],[[-0.974662,-0.212671,-0.0693159],[0.197457,-0.672443,-0.713324],[0.105093,-0.708937,0.697398]],[[-0.974662,-0.212671,-0.0693159],[0.106455,-0.168486,-0.979939],[0.196726,-0.962488,0.186857]]],2],[903,[-0.256116,0.638691,-0.725588],90,64.4142,[36.7944,117.081,-76.2355],[36.7136,116.907,-76.2806],[-25.8048,368.271,-63.9189],false,[65.5189,105.023,50.6138],[58.7144,89.4024,-9.64997],[45.8086,86.1118,-52.2879],[38.7153,103.801,-72.3837],[36.2366,121.619,-77.413],[[[-0.986439,-0.0927384,0.135418],[0.123017,-0.963942,0.23597],[0.108652,0.249429,0.962279]],[[-0.954832,-0.0501577,0.292883],[0.0694517,-0.996021,0.0558466],[0.288917,0.0736654,0.954516]],[[-0.954832,-0.0501577,0.292883],[-0.150668,-0.767827,-0.622689],[0.256116,-0.638691,0.725588]],[[-0.954832,-0.0501577,0.292883],[-0.265874,-0.295939,-0.917459],[0.132693,-0.953889,0.269236]]],3],[904,[-0.152971,0.671929,-0.724646],90,50.4995,[24.3406,113.726,-53.4815],[23.8419,113.836,-53.4906],[-18.2255,344.78,-68.0677],false,[51.7234,108.487,51.0095],[38.6338,89.6606,-2.23553],[26.8075,88.5965,-35.5331],[23.8162,101.736,-49.7031],[24.5473,118.218,-54.682],[[[-0.973909,0.0973081,0.205018],[-0.0227949,-0.940783,0.338242],[0.225791,0.324743,0.918455]],[[-0.934408,0.140347,0.327389],[-0.122339,-0.989645,0.0750776],[0.334536,0.0301007,0.941902]],[[-0.934408,0.140347,0.327389],[-0.321684,-0.727196,-0.606387],[0.152971,-0.671929,0.724646]],[[-0.934408,0.140347,0.327389],[-0.353668,-0.256075,-0.899636],[-0.0424252,-0.956414,0.288915]]],4]],[[0,200,0],[235.247,235.247,147.751]]],[276196,82434178544,[[89,"left",[-0.0555268,-0.265764,-0.962438],[0.347472,0.898527,-0.268163],[-114.765,112.268,-12.9023],[-16.677,158.617,-29.3132],[-115.436,104.709,-6.71149],0,1,0.249102,[[0.877666,-0.402504,0.260177],[-0.320781,-0.896673,-0.305086],[-0.356092,-0.184304,0.916095]],60.6723,[-198.091,72.3199,273.51],[-106.545,119.702,37.9947]],[90,"right",[0.0702193,-0.336957,-0.938898],[-0.33511,0.878553,-0.340362],[74.2377,109.529,5.5184],[-10.2196,363.018,-29.6702],[74.2105,109.09,5.47874],0.394193,0.609914,0.666058,[[-0.787149,-0.521056,0.329994],[0.236039,-0.748811,-0.619328],[0.569808,-0.409612,0.712416]],63.7059,[218.548,10.7755,250.378],[64.7336,121.346,58.0681]]],[[890,[-0.631725,0.114234,-0.766729],89,49.6236,[-190.885,149.987,-33.8921],[-190.738,150.426,-34.7332],[-94.2865,103.889,-99.526],false,[-128.199,139.29,37.2206],[-128.199,139.29,37.2206],[-163.01,144.397,5.26363],[-183.519,148.106,-19.6281],[-193.566,150.789,-39.3368],[[[0.0550386,-0.996088,0.069133],[-0.887047,-0.0169927,0.461366],[0.458386,0.0867171,0.884513]],[[-0.0405328,-0.992597,-0.114489],[-0.679678,-0.0565986,0.731324],[0.73239,-0.107459,0.672352]],[[-0.0405328,-0.992597,-0.114489],[-0.774132,-0.0412481,0.631679],[0.631725,-0.114234,0.766729]],[[-0.0405328,-0.992597,-0.114489],[-0.891664,-0.0157728,0.452423],[0.45088,-0.120424,0.884424]]],0],[891,[0.377297,0.91915,-0.113182],89,55.9948,[-116.713,175.292,-61.7859],[-117.43,174.867,-62.3145],[137.158,219.821,133.679],false,[-128.046,117.17,32.7333],[-139.115,112.421,-36.2741],[-130.499,143.739,-61.1402],[-121.816,164.893,-63.745],[-114.944,179.364,-60.9117],[[[0.913433,-0.388974,-0.119744],[-0.375061,-0.91875,0.123398],[0.158014,0.067804,0.985106]],[[0.901583,-0.392489,-0.181937],[-0.37787,-0.509715,-0.77292],[-0.210626,-0.765599,0.60786]],[[0.901583,-0.392489,-0.181937],[-0.21165,-0.0333981,-0.976775],[-0.377297,-0.91915,0.113182]],[[0.901583,-0.392489,-0.181937],[-0.0934837,0.233865,-0.967764],[-0.422386,-0.889528,-0.174157]]],1],[892,[0.213087,0.971407,-0.1047],89,63.8015,[-104.427,176.928,-63.0361],[-104.649,178.896,-61.7028],[22.1099,213.02,107.609],false,[-118.148,111.132,30.992],[-120.206,103.219,-34.934],[-113.519,139.522,-62.2054],[-107.749,165.824,-65.0403],[-103.716,182.982,-61.9561],[[[0.976849,-0.213875,-0.00482213],[-0.211675,-0.969573,0.122975],[0.0309766,0.119107,0.992398]],[[0.974175,-0.219431,-0.0532266],[-0.172491,-0.571111,-0.802546],[-0.145705,-0.791001,0.594212]],[[0.974175,-0.219431,-0.0532266],[-0.0746792,-0.0906546,-0.993078],[-0.213087,-0.971407,0.1047]],[[0.974175,-0.219431,-0.0532266],[-0.0132161,0.179914,-0.983594],[-0.225407,-0.958896,-0.172368]]],2],[893,[0.138557,0.981192,-0.134405],89,61.3469,[-88.082,169.951,-54.9235],[-88.1071,170.32,-53.843],[-33.4027,153.433,-45.6161],false,[-106.983,107.718,30.2661],[-100.387,97.5827,-28.1391],[-93.4409,130.931,-53.6246],[-89.7861,156.812,-57.1698],[-87.8157,174.34,-54.8496],[[[0.983919,-0.120313,0.132013],[-0.140247,-0.978084,0.153889],[-0.110605,0.169929,0.97923]],[[0.986551,-0.124866,0.105478],[0.00788041,-0.608225,-0.793726],[-0.163263,-0.783882,0.599061]],[[0.986551,-0.124866,0.105478],[0.0867118,-0.147212,-0.985297],[-0.138557,-0.981192,0.134405]],[[0.986551,-0.124866,0.105478],[0.120208,0.116985,-0.985832],[-0.110757,-0.985253,-0.130422]]],3],[894,[-0.00480253,0.965473,-0.26046],89,48.0948,[-78.2708,150.299,-47.9307],[-78.3778,152.293,-46.8936],[-40.5365,162.125,-29.622],false,[-93.7953,110.752,30.9819],[-81.3053,96.9158,-20.9883],[-77.9246,121.638,-43.5918],[-78.0141,139.618,-48.4425],[-79.0151,155.998,-48.6792],[[[0.974062,0.0634356,0.217208],[0.00527852,-0.96601,0.258452],[-0.22622,0.250602,0.941288]],[[0.974748,0.0626705,0.214334],[0.199458,-0.675935,-0.709456],[-0.100414,-0.734292,0.671366]],[[0.974748,0.0626705,0.214334],[0.223257,-0.252854,-0.941393],[0.00480253,-0.965473,0.26046]],[[0.974748,0.0626705,0.214334],[0.214817,-0.000988068,-0.976654],[0.0609956,-0.998034,0.0144258]]],4],[900,[0.0809533,0.26573,-0.960643],90,52.1048,[97.1861,167.999,-41.9161],[97.2021,168.899,-41.6859],[-38.4366,423.64,29.1674],false,[87.6541,141.634,56.1451],[87.6541,141.634,56.1451],[92.594,155.006,8.31771],[95.3536,164.064,-24.4287],[97.7535,170.343,-46.8407],[[[-0.0646422,-0.987778,0.141833],[0.878613,0.0110517,0.477407],[-0.473139,0.155477,0.86716]],[[0.14893,-0.956211,-0.251954],[0.983881,0.117787,0.134552],[-0.0989836,-0.267932,0.95834]],[[0.14893,-0.956211,-0.251954],[0.985528,0.122672,0.116984],[-0.0809533,-0.26573,0.960643]],[[0.14893,-0.956211,-0.251954],[0.983514,0.11681,0.138043],[-0.102567,-0.268359,0.957843]]],0],[901,[-0.222463,0.696123,-0.682585],90,58.7945,[93.4492,139.036,-79.9512],[94.549,137.885,-80.4779],[-35.6561,524.43,34.2752],false,[87.3802,118.125,53.1675],[100.234,107.683,-18.4973],[103.708,110.286,-61.2302],[98.332,127.108,-77.7249],[92.011,142.716,-80.5904],[[[-0.91443,-0.390304,-0.107144],[0.365072,-0.909676,0.198021],[-0.174755,0.141962,0.974324]],[[-0.916003,-0.388979,-0.0981566],[0.392936,-0.919251,-0.0240505],[-0.0808755,-0.0605995,0.99488]],[[-0.916003,-0.388979,-0.0981566],[0.33384,-0.603413,-0.724184],[0.222463,-0.696123,0.682585]],[[-0.916003,-0.388979,-0.0981566],[0.154942,-0.117339,-0.98093],[0.370043,-0.913743,0.167752]]],1],[902,[-0.103494,0.714208,-0.69224],90,66.9916,[78.0654,133.975,-87.0829],[77.8823,132.942,-87.4305],[11.6211,452.283,-8.21291],false,[76.9684,111.74,51.6259],[80.2773,98.2942,-16.7385],[83.9941,99.9364,-64.7566],[81.0517,120.241,-84.437],[77.2294,138.319,-87.839],[[[-0.978381,-0.206702,-0.00670131],[0.201296,-0.959228,0.1984],[-0.0474376,0.192762,0.980098]],[[-0.971745,-0.221044,-0.0827766],[0.223077,-0.974668,-0.0160652],[-0.0771286,-0.0340769,0.996439]],[[-0.971745,-0.221044,-0.0827766],[0.212135,-0.664114,-0.716904],[0.103494,-0.714208,0.69224]],[[-0.971745,-0.221044,-0.0827766],[0.119672,-0.159116,-0.97998],[0.203447,-0.962196,0.181073]]],2],[903,[-0.253928,0.639883,-0.725307],90,64.4142,[37.8012,120.998,-76.2949],[37.8299,120.899,-76.2792],[14.7059,385.051,-47.7081],false,[65.2306,108.192,50.9187],[59.2951,93.0704,-9.56386],[46.9441,89.9517,-52.3787],[39.9113,107.674,-72.4667],[37.3021,125.488,-77.4462],[[[-0.98707,-0.103179,0.122664],[0.129266,-0.964911,0.228556],[0.0947777,0.241457,0.965772]],[[-0.957776,-0.0617989,0.280795],[0.0788369,-0.995644,0.0497815],[0.276495,0.0698166,0.958476]],[[-0.957776,-0.0617989,0.280795],[-0.134852,-0.765984,-0.628557],[0.253928,-0.639883,0.725307]],[[-0.957776,-0.0617989,0.280795],[-0.251304,-0.294536,-0.922006],[0.139683,-0.95364,0.266569]]],3],[904,[-0.150716,0.673397,-0.723755],90,50.4995,[25.1962,117.476,-53.7579],[24.8015,117.497,-53.7005],[15.1633,358.138,-57.214],false,[51.3994,111.523,51.18],[39.1256,93.0725,-2.38984],[27.796,92.0929,-35.8622],[24.8488,105.261,-50.0149],[25.4471,121.769,-54.9235],[[[-0.977166,0.0863191,0.194156],[-0.017971,-0.944064,0.329272],[0.211718,0.318265,0.924058]],[[-0.940592,0.127643,0.314632],[-0.11214,-0.991433,0.0669712],[0.320485,0.0277097,0.946848]],[[-0.940592,0.127643,0.314632],[-0.304254,-0.728178,-0.614154],[0.150716,-0.673397,0.723755]],[[-0.940592,0.127643,0.314632],[-0.337758,-0.256995,-0.905468],[-0.0347176,-0.957946,0.28484]]],4]],[[0,200,0],[235.247,235.247,147.751]]],[276197,82434195512,[[89,"left",[-0.0768604,-0.283756,-0.955811],[0.376351,0.879472,-0.291357],[-117.431,119.812,-12.4356],[-80.4386,288.447,-3.51455],[-116.71,114.355,-10.3675],0,1,0.277684,[[0.876351,-0.430311,0.216428],[-0.348851,-0.876845,-0.330827],[-0.332133,-0.214419,0.918538]],60.6723,[-193.712,72.8862,274.336],[-108.325,128.01,38.1925]],[90,"right",[0.0811895,-0.307205,-0.948174],[-0.339562,0.885878,-0.316097],[74.4086,116.746,4.0447],[-1.00741,391.304,-55.6329],[74.4075,116.704,4.05255],0.404366,0.604356,0.70306,[[-0.777875,-0.547332,0.30877],[0.242452,-0.714691,-0.656074],[0.579766,-0.435481,0.688642]],63.7059,[220.852,9.302,242.739],[64.3504,126.856,56.8468]]],[[890,[-0.637371,0.122271,-0.760794],89,49.6236,[-192.631,158.89,-34.1298],[-192.344,160.299,-34.1459],[-94.7592,323.085,-37.1848],false,[-129.267,148.351,37.2467],[-129.267,148.351,37.2467],[-164.291,154.106,5.63498],[-184.983,158.076,-19.064],[-195.23,160.739,-38.6728],[[[0.01991,-0.995755,0.0898596],[-0.881367,0.0249513,0.471774],[0.472013,0.0885922,0.877129]],[[-0.0783455,-0.992497,-0.0938735],[-0.671464,-0.0170671,0.74084],[0.736884,-0.121074,0.665089]],[[-0.0783455,-0.992497,-0.0938735],[-0.766564,-0.00022746,0.642168],[0.637371,-0.122271,0.760794]],[[-0.0783455,-0.992497,-0.0938735],[-0.884556,0.0257755,0.465722],[0.459808,-0.119524,0.879938]]],0],[891,[0.408839,0.902267,-0.136986],89,55.9948,[-117.315,181.693,-62.2582],[-118.301,181.577,-63.0132],[51.3087,297.035,52.4985],false,[-129.967,126.152,33.2338],[-142.044,120.357,-35.5243],[-132.525,150.892,-61.0279],[-123.116,171.657,-64.1806],[-115.7,185.935,-61.7758],[[[0.897271,-0.424333,-0.121844],[-0.406423,-0.90172,0.147384],[0.172409,0.0827236,0.981546]],[[0.884721,-0.428679,-0.183037],[-0.403884,-0.508985,-0.760139],[-0.232692,-0.746437,0.623447]],[[0.884721,-0.428679,-0.183037],[-0.223871,-0.0463617,-0.973515],[-0.408839,-0.902267,0.136986]],[[0.884721,-0.428679,-0.183037],[-0.0972845,0.214215,-0.97193],[-0.455855,-0.877694,-0.147817]]],1],[892,[0.247183,0.961198,-0.122473],89,63.8015,[-105.138,182.789,-63.2187],[-105.468,185.109,-62.6117],[-9.22456,283.305,41.8735],false,[-120.315,119.722,31.5089],[-123.464,110.505,-34.2041],[-115.741,146.124,-62.0963],[-109.049,172.15,-65.4124],[-104.362,189.198,-62.664],[[[0.968365,-0.249275,-0.0114412],[-0.244994,-0.958442,0.146177],[0.0474041,0.13875,0.989192]],[[0.964929,-0.255708,-0.0593757],[-0.201486,-0.576435,-0.791913],[-0.168272,-0.776103,0.60774]],[[0.964929,-0.255708,-0.0593757],[-0.0883891,-0.103501,-0.990694],[-0.247183,-0.961198,0.122473]],[[0.964929,-0.255708,-0.0593757],[-0.0172947,0.163769,-0.986347],[-0.261941,-0.952782,-0.153603]]],2],[893,[0.172314,0.972213,-0.158463],89,61.3469,[-89.2712,175.388,-56.4326],[-89.2103,175.945,-55.0776],[-47.9853,233.086,-56.7019],false,[-109.29,115.891,30.7284],[-103.779,104.296,-27.5176],[-95.9531,136.776,-53.8552],[-91.408,162.42,-58.035],[-88.7751,179.912,-56.1344],[[[0.980481,-0.153175,0.123265],[-0.173546,-0.96889,0.176445],[-0.092403,0.194393,0.976562]],[[0.982634,-0.158412,0.0966255],[-0.0242998,-0.626111,-0.779355],[-0.183957,-0.763472,0.619088]],[[0.982634,-0.158412,0.0966255],[0.0688382,-0.172361,-0.982626],[-0.172314,-0.972213,0.158463]],[[0.982634,-0.158412,0.0966255],[0.111926,0.0906758,-0.989571],[-0.147998,-0.983201,-0.106831]]],3],[894,[0.0268024,0.959368,-0.280881],89,48.0948,[-79.8447,155.521,-48.9888],[-80.0653,157.756,-47.7399],[-67.8175,234.049,-37.5604],false,[-95.9937,118.458,31.2275],[-84.6483,103.087,-20.5736],[-80.6777,127.177,-43.7564],[-80.1785,145.044,-48.9873],[-80.5859,161.441,-49.5545],[[[0.978303,0.0325621,0.204603],[-0.0264104,-0.959914,0.279048],[-0.205488,0.278398,0.938227]],[[0.979255,0.0312574,0.200205],[0.164773,-0.697896,-0.696987],[-0.117936,-0.715517,0.688569]],[[0.979255,0.0312574,0.200205],[0.20085,-0.28042,-0.938629],[-0.0268024,-0.959368,0.280881]],[[0.979255,0.0312574,0.200205],[0.201104,-0.0288751,-0.979144],[0.0248246,-0.999094,0.0345621]]],4],[900,[0.0870187,0.295933,-0.951237],90,52.1048,[97.2756,177.502,-41.1201],[97.2783,177.731,-41.1009],[-18.9455,467.636,31.5793],false,[87.1144,147.38,55.7544],[87.1144,147.38,55.7544],[92.3551,162.263,8.40776],[95.3214,172.351,-24.018],[97.8621,179.339,-46.2036],[[[-0.0575193,-0.992183,0.110741],[0.874322,0.00348306,0.485333],[-0.481926,0.124739,0.867288]],[[0.15918,-0.946721,-0.279967],[0.981649,0.121616,0.146883],[-0.105009,-0.29821,0.948706]],[[0.15918,-0.946721,-0.279967],[0.983407,0.127056,0.129489],[-0.0870187,-0.295933,0.951237]],[[0.15918,-0.946721,-0.279967],[0.98126,0.120529,0.150339],[-0.108585,-0.298651,0.948165]]],0],[901,[-0.223556,0.71947,-0.65756],90,58.7945,[94.0699,149.525,-80.0497],[95.0577,148.307,-80.636],[-3.26912,564.68,15.5462],false,[87.065,123.973,52.0513],[100.626,115.855,-19.7838],[104.435,120.096,-62.3567],[99.033,137.482,-78.2467],[92.5877,153.127,-80.5883],[[[-0.910138,-0.394273,-0.127269],[0.371017,-0.912343,0.173138],[-0.184376,0.11036,0.97664]],[[-0.91135,-0.393527,-0.120738],[0.401967,-0.913995,-0.0550906],[-0.0886748,-0.0987397,0.991155]],[[-0.91135,-0.393527,-0.120738],[0.345635,-0.572275,-0.743665],[0.223556,-0.71947,0.65756]],[[-0.91135,-0.393527,-0.120738],[0.164528,-0.0793731,-0.983174],[0.377322,-0.91588,0.137083]]],1],[902,[-0.103699,0.733115,-0.672153],90,66.9916,[78.825,144.178,-87.7729],[78.6418,143.075,-88.1317],[25.5482,515.374,-23.6806],false,[76.7212,117.553,50.2209],[80.7353,106.254,-18.4931],[84.8066,109.387,-66.4082],[81.8585,130.229,-85.5176],[77.9204,148.364,-88.4479],[[[-0.976505,-0.21439,-0.0217895],[0.207668,-0.96322,0.170529],[-0.0575478,0.161997,0.985112]],[[-0.969233,-0.226163,-0.097143],[0.23119,-0.971918,-0.0439028],[-0.0844858,-0.0650105,0.994302]],[[-0.969233,-0.226163,-0.097143],[0.223233,-0.641399,-0.734012],[0.103699,-0.733115,0.672153]],[[-0.969233,-0.226163,-0.097143],[0.129043,-0.130807,-0.982974],[0.209605,-0.965267,0.155967]]],2],[903,[-0.254189,0.653395,-0.713066],90,64.4142,[38.6223,130.286,-77.9577],[38.5915,130.103,-77.8625],[27.5083,450.648,-70.8101],false,[65.0204,113.933,49.3001],[59.7367,100.639,-11.6703],[47.7969,98.5071,-54.6619],[40.7569,116.603,-74.4108],[37.9949,134.489,-79.038],[[[-0.987188,-0.114988,0.110623],[0.135431,-0.970421,0.199853],[0.0843697,0.212274,0.973561]],[[-0.959571,-0.0782343,0.270375],[0.0882008,-0.995792,0.0248907],[0.267289,0.0477317,0.962433]],[[-0.959571,-0.0782343,0.270375],[-0.120875,-0.752964,-0.646865],[0.254189,-0.653395,0.713066]],[[-0.959571,-0.0782343,0.270375],[-0.2395,-0.277672,-0.930343],[0.14786,-0.957485,0.247709]]],3],[904,[-0.151398,0.687942,-0.709799],90,50.4995,[25.9096,126.133,-55.6383],[25.4777,125.966,-55.5064],[24.6477,417.672,-81.3928],false,[51.1598,117.141,49.5406],[39.5065,100.255,-4.67965],[28.5406,100.027,-38.2864],[25.5801,113.48,-52.1662],[26.0232,130.096,-56.7152],[[[-0.979504,0.0722857,0.188006],[-0.0128436,-0.953901,0.299847],[0.201014,0.291287,0.935278]],[[-0.945177,0.109439,0.307673],[-0.102059,-0.993973,0.0400286],[0.310199,0.00643331,0.95065]],[[-0.945177,0.109439,0.307673],[-0.289341,-0.717467,-0.633659],[0.151398,-0.687942,0.709799]],[[-0.945177,0.109439,0.307673],[-0.325543,-0.241591,-0.914142],[-0.0257122,-0.964187,0.263973]]],4]],[[0,200,0],[235.247,235.247,147.751]]],[276198,82434204732,[[89,"left",[-0.0753506,-0.305969,-0.949055],[0.383855,0.869516,-0.310802],[-118.272,122.608,-12.7404],[-83.4757,292.612,-11.7935],[-117.454,118.284,-11.4971],0,1,0.302365,[[0.88117,-0.429101,0.198522],[-0.34881,-0.873457,-0.339712],[-0.319172,-0.230098,0.919339]],60.6723,[-191.352,72.7945,274.062],[-109.297,131.949,37.7127]],[90,"right",[0.0834478,-0.288839,-0.953734],[-0.332356,0.894206,-0.299891],[74.457,119.714,3.3998],[0.747672,371.866,-59.6438],[74.4541,119.538,3.4381],0.404436,0.600394,0.718022,[[-0.775003,-0.554181,0.303733],[0.240833,-0.703351,-0.668803],[0.584269,-0.445176,0.678564]],63.7059,[221.945,8.66882,239.52],[64.2277,128.84,56.3482]]],[[890,[-0.633972,0.109233,-0.765602],89,49.6236,[-193.16,161.776,-35.2171],[-192.854,163.134,-35.6778],[-83.6972,319.655,-72.7448],false,[-130.086,152.412,36.1993],[-130.086,152.412,36.1993],[-164.962,157.689,4.34175],[-185.544,161.235,-20.5134],[-195.724,163.517,-40.2044],[[[0.0122982,-0.99344,0.113695],[-0.882922,0.0425829,0.467585],[0.469359,0.106134,0.876606]],[[-0.0855189,-0.993805,-0.0709762],[-0.673989,0.00523947,0.738723],[0.733775,-0.111012,0.670262]],[[-0.0855189,-0.993805,-0.0709762],[-0.768613,0.0204765,0.639387],[0.633972,-0.109233,0.765602]],[[-0.0855189,-0.993805,-0.0709762],[-0.885428,0.0431425,0.46277],[0.456841,-0.10242,0.883633]]],0],[891,[0.41645,0.895926,-0.154552],89,55.9948,[-117.444,183.551,-63.4261],[-118.386,183.275,-64.6134],[34.1009,264.883,-10.4905],false,[-130.932,130.129,32.7151],[-142.794,122.779,-35.9318],[-132.864,152.719,-61.978],[-123.28,173.338,-65.5349],[-115.772,187.616,-63.4339],[[[0.894597,-0.433587,-0.108156],[-0.413549,-0.894982,0.167285],[0.169331,0.104925,0.979958]],[[0.882426,-0.439242,-0.168496],[-0.402993,-0.52095,-0.752468],[-0.242737,-0.7319,0.636711]],[[0.882426,-0.439242,-0.168496],[-0.218846,-0.0662101,-0.973511],[-0.41645,-0.895926,0.154552]],[[0.882426,-0.439242,-0.168496],[-0.0911569,0.191731,-0.977205],[-0.461535,-0.877671,-0.129149]]],1],[892,[0.254653,0.956183,-0.144449],89,63.8015,[-105.389,184.882,-64.215],[-105.645,186.6,-64.4172],[-11.9098,248.679,-24.8167],false,[-121.322,123.59,31.1821],[-124.292,112.827,-34.3038],[-116.205,147.712,-63.009],[-109.31,173.602,-66.9201],[-104.509,190.677,-64.5617],[[[0.966554,-0.256457,-0.00168868],[-0.252535,-0.95288,0.168066],[0.0447109,0.162019,0.985774]],[[0.963251,-0.264009,-0.0494682],[-0.202726,-0.593751,-0.778693],[-0.17621,-0.760105,0.625453]],[[0.963251,-0.264009,-0.0494682],[-0.0854364,-0.126543,-0.988275],[-0.254653,-0.956183,0.144449]],[[0.963251,-0.264009,-0.0494682],[-0.0124078,0.140237,-0.99004],[-0.268316,-0.954271,-0.131807]]],2],[893,[0.18005,0.966731,-0.181696],89,61.3469,[-89.5376,176.817,-57.675],[-89.484,177.474,-56.6901],[-42.4519,212.828,-89.0182],false,[-110.323,119.662,30.5365],[-104.678,106.638,-27.3939],[-96.5095,138.387,-54.5084],[-91.7603,163.886,-59.301],[-89.008,181.399,-57.8159],[[[0.978867,-0.157253,0.13073],[-0.18128,-0.963117,0.198855],[-0.0946377,0.218351,0.971271]],[[0.981053,-0.163052,0.104635],[-0.0258348,-0.645365,-0.763437],[-0.192008,-0.74627,0.63735]],[[0.981053,-0.163052,0.104635],[0.0715284,-0.197093,-0.977772],[-0.18005,-0.966731,0.181696]],[[0.981053,-0.163052,0.104635],[0.116617,0.0657049,-0.991001],[-0.154709,-0.984427,-0.0834746]]],3],[894,[0.034833,0.952201,-0.303481],89,48.0948,[-80.3926,157.426,-49.7383],[-80.5117,159.425,-48.816],[-62.1847,218.085,-59.0214],false,[-97.0094,122.144,31.0263],[-85.5827,105.458,-20.3481],[-81.3634,128.955,-44.0883],[-80.7147,146.688,-49.7402],[-80.9972,163.07,-50.6963],[[[0.977742,0.0303871,0.2076],[-0.0344674,-0.952751,0.30179],[-0.206961,0.302228,0.930497]],[[0.978889,0.0286895,0.202371],[0.161468,-0.715603,-0.679588],[-0.125321,-0.697918,0.705128]],[[0.978889,0.0286895,0.202371],[0.201405,-0.304123,-0.931099],[-0.034833,-0.952201,0.303481]],[[0.978889,0.0286895,0.202371],[0.203669,-0.0535478,-0.977574],[0.0172096,-0.998153,0.0582605]]],4],[900,[0.093222,0.314189,-0.944772],90,52.1048,[97.8492,180.969,-40.5056],[97.9266,181.432,-40.4233],[6.06801,449.066,43.3235],false,[87.1296,149.231,55.7637],[87.1296,149.231,55.7637],[92.68,165.016,8.74581],[95.8578,175.726,-23.4596],[98.5437,183.137,-45.4905],[[[-0.0644827,-0.993786,0.0907287],[0.872135,-0.0119346,0.489119],[-0.484997,0.110667,0.867485]],[[0.154263,-0.942004,-0.298047],[0.981751,0.112187,0.153558],[-0.111215,-0.316296,0.942119]],[[0.154263,-0.942004,-0.298047],[0.983622,0.117959,0.136283],[-0.093222,-0.314189,0.944772]],[[0.154263,-0.942004,-0.298047],[0.981339,0.111034,0.156989],[-0.114791,-0.316703,0.941553]]],0],[901,[-0.215488,0.733809,-0.644274],90,58.7945,[94.7354,153.993,-79.9495],[95.6882,152.853,-80.5358],[18.1072,543.701,14.2699],false,[86.9443,125.902,51.5955],[100.775,119.124,-20.327],[104.825,124.201,-62.786],[99.6182,141.933,-78.355],[93.2871,157.663,-80.4243],[[[-0.912107,-0.385646,-0.139059],[0.364281,-0.918033,0.156572],[-0.188042,0.0921538,0.977828]],[[-0.913226,-0.385083,-0.133154],[0.396394,-0.915282,-0.0716301],[-0.0942901,-0.118196,0.988503]],[[-0.913226,-0.385083,-0.133154],[0.345808,-0.559675,-0.753114],[0.215488,-0.733809,0.644274]],[[-0.913226,-0.385083,-0.133154],[0.169265,-0.0612814,-0.983664],[0.370632,-0.920845,0.121145]]],1],[902,[-0.0947453,0.740745,-0.665072],90,66.9916,[79.4784,148.363,-88.2153],[79.3074,147.633,-88.4245],[38.7596,501.186,-30.8292],false,[76.5672,119.589,49.5926],[80.8165,109.63,-19.3144],[85.0987,113.412,-67.1643],[82.4051,134.472,-86.0724],[78.6276,152.662,-88.8712],[[[-0.977774,-0.207459,-0.0303132],[0.200617,-0.967769,0.152238],[-0.0609194,0.142773,0.987879]],[[-0.970488,-0.217548,-0.104046],[0.22418,-0.972889,-0.056837],[-0.0888607,-0.0784846,0.992947]],[[-0.970488,-0.217548,-0.104046],[0.221757,-0.635587,-0.739495],[0.0947453,-0.740745,0.665072]],[[-0.970488,-0.217548,-0.104046],[0.133144,-0.123654,-0.983353],[0.201061,-0.968185,0.14897]]],2],[903,[-0.247516,0.665124,-0.704519],90,64.4142,[39.0566,134.582,-78.6132],[39.0722,134.781,-78.5002],[33.8565,463.06,-72.0584],false,[64.8473,116.065,48.5489],[59.7512,104.02,-12.6964],[47.9912,102.688,-55.7697],[41.1361,121.11,-75.2819],[38.4823,139.07,-79.679],[[[-0.988404,-0.110639,0.104002],[0.128202,-0.975073,0.181097],[0.0813733,0.192331,0.977951]],[[-0.961204,-0.0771951,0.264817],[0.0823317,-0.99657,0.00833484],[0.263266,0.0298143,0.964263]],[[-0.961204,-0.0771951,0.264817],[-0.121751,-0.742733,-0.658426],[0.247516,-0.665124,0.704519]],[[-0.961204,-0.0771951,0.264817],[-0.23644,-0.263882,-0.935127],[0.142068,-0.961461,0.235392]]],3],[904,[-0.145939,0.697519,-0.701548],90,50.4995,[26.1719,129.982,-56.4239],[25.8282,130.257,-56.2973],[26.2805,426.849,-84.2914],false,[51.0069,119.359,48.7927],[39.4878,103.631,-5.80317],[28.6506,103.953,-39.4509],[25.7968,117.592,-53.1693],[26.3233,134.26,-57.514],[[[-0.979848,0.0750061,0.185129],[-0.0204091,-0.959563,0.280752],[0.198701,0.271316,0.941757]],[[-0.945812,0.109552,0.305675],[-0.107059,-0.993939,0.024964],[0.306557,-0.00911387,0.951809]],[[-0.945812,0.109552,0.305675],[-0.29007,-0.708143,-0.643734],[0.145939,-0.697519,0.701548]],[[-0.945812,0.109552,0.305675],[-0.323273,-0.229115,-0.918151],[-0.0305506,-0.967215,0.252115]]],4]],[[0,200,0],[235.247,235.247,147.751]]],[276199,82434212865,[[89,"left",[-0.0874459,-0.287313,-0.953837],[0.38321,0.874121,-0.298433],[-119.598,126.181,-12.7834],[-103.489,329.557,-10.1553],[-118.474,122.041,-12.1091],0,1,0.327018,[[0.882453,-0.434542,0.18014],[-0.357106,-0.868115,-0.344748],[-0.30619,-0.239894,0.921248]],60.6723,[-188.721,72.8426,274.572],[-110.004,134.516,37.7321]],[90,"right",[0.0835886,-0.270007,-0.959223],[-0.326398,0.902073,-0.282363],[74.6818,122.595,2.54936],[7.51831,367.424,-70.9555],[74.6625,122.336,2.62465],0.400828,0.594334,0.73448,[[-0.772238,-0.560614,0.298932],[0.238094,-0.691588,-0.681921],[0.589032,-0.455432,0.66755]],63.7059,[223.407,7.77093,235.851],[64.4033,130.71,55.6525]]],[[890,[-0.642848,0.126703,-0.755442],89,49.6236,[-194.341,165.572,-34.3845],[-194.354,167.416,-34.0284],[-108.973,372.692,-2.6881],false,[-130.738,155.071,36.8573],[-130.738,155.071,36.8573],[-165.979,161.104,5.5399],[-186.849,165.218,-18.9854],[-197.279,167.929,-38.4905],[[[0.010192,-0.995487,0.0943476],[-0.877268,0.0363798,0.47862],[0.479893,0.0876463,0.872938]],[[-0.0900761,-0.991886,-0.0897085],[-0.664938,-0.00716317,0.746864],[0.741447,-0.126925,0.658898]],[[-0.0900761,-0.991886,-0.0897085],[-0.760679,0.0103784,0.649045],[0.642848,-0.126703,0.755442]],[[-0.0900761,-0.991886,-0.0897085],[-0.879101,0.0368549,0.475208],[0.468046,-0.121668,0.875289]]],0],[891,[0.417923,0.897447,-0.141167],89,55.9948,[-118.606,187.246,-62.8984],[-120.015,187.935,-63.3633],[-25.2797,340.946,31.1969],false,[-131.702,132.862,32.9538],[-144.387,126.879,-35.6786],[-134.592,157.344,-61.1616],[-124.974,177.998,-64.4104],[-117.396,192.213,-62.1319],[[[0.891776,-0.434298,-0.126966],[-0.41466,-0.896711,0.154809],[0.181085,0.0854069,0.979752]],[[0.879045,-0.438705,-0.186596],[-0.41225,-0.502915,-0.759688],[-0.239437,-0.744724,0.622941]],[[0.879045,-0.438705,-0.186596],[-0.229391,-0.0461093,-0.972242],[-0.417923,-0.897447,0.141167]],[[0.879045,-0.438705,-0.186596],[-0.101592,0.210032,-0.972402],[-0.465789,-0.873742,-0.140058]]],1],[892,[0.256243,0.95796,-0.129039],89,63.8015,[-106.404,188.232,-64.129],[-107.352,191.12,-63.3716],[-62.0157,326.328,14.0475],false,[-122.132,126.324,31.1826],[-125.902,116.839,-34.4597],[-118.029,152.244,-62.5815],[-111.091,178.182,-66.0754],[-106.204,195.193,-63.4458],[[[0.965578,-0.259493,-0.017949],[-0.253849,-0.955132,0.152588],[0.056739,0.142779,0.988127]],[[0.961693,-0.266108,-0.0658197],[-0.213832,-0.577982,-0.787536],[-0.171527,-0.771443,0.612744]],[[0.961693,-0.266108,-0.0658197],[-0.097391,-0.10723,-0.989453],[-0.256243,-0.95796,0.129039]],[[0.961693,-0.266108,-0.0658197],[-0.0234664,0.159308,-0.98695],[-0.273121,-0.950688,-0.146961]]],2],[893,[0.181301,0.969328,-0.165931],89,61.3469,[-90.794,180.28,-57.5795],[-91.136,181.764,-56.1051],[-83.1526,292.558,-47.5145],false,[-111.155,122.373,30.3326],[-106.23,110.454,-27.9005],[-98.261,142.655,-54.5363],[-93.4788,168.223,-58.9131],[-90.6504,185.696,-57.1311],[[[0.979774,-0.162908,0.116206],[-0.182276,-0.966193,0.182337],[-0.0825737,0.19983,0.976345]],[[0.98161,-0.168117,0.0904397],[-0.0368032,-0.631526,-0.774481],[-0.187318,-0.756909,0.626099]],[[0.98161,-0.168117,0.0904397],[0.05977,-0.179276,-0.981981],[-0.181301,-0.969328,0.165931]],[[0.98161,-0.168117,0.0904397],[0.105669,0.083947,-0.990852],[-0.158987,-0.982186,-0.100168]]],3],[894,[0.0350582,0.957027,-0.28787],89,48.0948,[-81.5039,160.434,-50.0689],[-82.177,163.503,-48.7731],[-97.9993,289.622,-41.5903],false,[-97.8285,124.802,30.7144],[-87.0582,109.076,-21.1027],[-83.0828,132.938,-44.5193],[-82.4299,150.761,-49.8804],[-82.644,167.158,-50.5467],[[[0.980191,0.0232125,0.196691],[-0.0342407,-0.958293,0.283728],[-0.195074,0.284843,0.938515]],[[0.982044,0.0204377,0.187543],[0.147134,-0.705171,-0.693603],[-0.118074,-0.708743,0.695516]],[[0.982044,0.0204377,0.187543],[0.185367,-0.289276,-0.939126],[-0.0350582,-0.957027,0.28787]],[[0.982044,0.0204377,0.187543],[0.188202,-0.0374186,-0.981417],[0.0130403,-0.999091,0.0405931]]],4],[900,[0.0969609,0.332648,-0.938053],90,52.1048,[98.4998,184.469,-40.0486],[98.6071,185.043,-39.9737],[25.6088,447.791,46.3365],false,[87.4282,150.971,55.5226],[87.4282,150.971,55.5226],[93.1656,167.669,8.84377],[96.4708,179.008,-23.1326],[99.2444,186.846,-45.0042],[[[-0.0706188,-0.995009,0.0704988],[0.871085,-0.0270786,0.490385],[-0.486029,0.0960408,0.86865]],[[0.149197,-0.936703,-0.316747],[0.982102,0.103134,0.157605],[-0.114961,-0.334592,0.935325]],[[0.149197,-0.936703,-0.316747],[0.984042,0.109243,0.140454],[-0.0969609,-0.332648,0.938053]],[[0.149197,-0.936703,-0.316747],[0.981677,0.101914,0.161011],[-0.118539,-0.334965,0.934744]]],0],[901,[-0.206437,0.746076,-0.633052],90,58.7945,[95.5906,158.326,-80.1944],[96.3788,157.337,-80.7037],[40.2585,541.756,2.92451],false,[87.1112,127.732,50.8833],[101.043,122.326,-21.1359],[105.381,128.209,-63.4623],[100.392,146.238,-78.76],[94.1764,162.038,-80.6285],[[[-0.914128,-0.377246,-0.148509],[0.358461,-0.923191,0.138651],[-0.189408,0.0735096,0.979143]],[[-0.914583,-0.377067,-0.146145],[0.391585,-0.916002,-0.0871888],[-0.100993,-0.136969,0.985414]],[[-0.914583,-0.377067,-0.146145],[0.347738,-0.548809,-0.760189],[0.206437,-0.746076,0.633052]],[[-0.914583,-0.377067,-0.146145],[0.17643,-0.0468627,-0.983197],[0.363883,-0.925,0.109386]]],1],[902,[-0.0927795,0.731439,-0.675565],90,66.9916,[79.3261,151.256,-89.8396],[79.308,151.224,-89.5924],[23.5074,465.192,-75.3415],false,[76.7004,121.524,48.734],[81.0253,112.934,-20.3524],[84.707,116.607,-68.2607],[82.0693,137.402,-87.4671],[78.4975,155.571,-90.6474],[[[-0.978939,-0.2009,-0.0363042],[0.19451,-0.97184,0.13301],[-0.0620037,0.123148,0.99045]],[[-0.974044,-0.207372,-0.0907518],[0.213078,-0.975289,-0.058394],[-0.0763999,-0.0762155,0.99416]],[[-0.974044,-0.207372,-0.0907518],[0.206473,-0.64961,-0.731693],[0.0927795,-0.731439,0.675565]],[[-0.974044,-0.207372,-0.0907518],[0.122865,-0.147629,-0.981382],[0.190114,-0.967059,0.169276]]],2],[903,[-0.243978,0.672241,-0.698975],90,64.4142,[39.4296,138.595,-79.5299],[39.4899,139.126,-79.351],[37.088,473.892,-83.862],false,[64.9617,118.093,47.5976],[59.9138,107.319,-13.8879],[48.2272,106.575,-56.9953],[41.47,125.194,-76.3541],[38.8757,143.195,-80.615],[[[-0.989252,-0.106751,0.0999214],[0.121997,-0.979289,0.161582],[0.0806029,0.172036,0.981788]],[[-0.961991,-0.076592,0.262122],[0.0782751,-0.996924,-0.00403024],[0.261624,0.0166406,0.965026]],[[-0.961991,-0.076592,0.262122],[-0.122673,-0.73636,-0.665376],[0.243978,-0.672241,0.698975]],[[-0.961991,-0.076592,0.262122],[-0.235131,-0.255837,-0.937689],[0.13888,-0.963681,0.228104]]],3],[904,[-0.145517,0.703509,-0.695629],90,50.4995,[26.3041,133.68,-57.3665],[26.0897,134.291,-57.2128],[23.4584,437.977,-93.9938],false,[51.1408,121.465,47.8825],[39.6349,106.912,-7.04138],[28.7379,107.642,-40.6634],[25.8924,121.399,-54.2661],[26.454,138.099,-58.4837],[[[-0.979742,0.0771618,0.1848],[-0.0267144,-0.9649,0.261256],[0.198473,0.251027,0.947414]],[[-0.94484,0.109718,0.30861],[-0.110727,-0.993748,0.0143007],[0.30825,-0.0206595,0.951081]],[[-0.94484,0.109718,0.30861],[-0.293433,-0.702166,-0.648737],[0.145517,-0.703509,0.695629]],[[-0.94484,0.109718,0.30861],[-0.325908,-0.221185,-0.919163],[-0.032589,-0.96904,0.244743]]],4]],[[0,200,0],[235.247,235.247,147.751]]],[276200,82434230217,[[89,"left",[-0.0796566,-0.274125,-0.95839],[0.366563,0.886023,-0.283893],[-121.545,132.112,-13.8054],[-107.521,335.217,-32.6483],[-120.997,130.317,-13.503],0,1,0.373165,[[0.897818,-0.412579,0.15395],[-0.340401,-0.872006,-0.351757],[-0.279373,-0.263409,0.923345]],60.6723,[-184.052,72.1299,274.236],[-112.229,139.849,36.8571]],[90,"right",[0.0876253,-0.236253,-0.967733],[-0.329459,0.909927,-0.251972],[74.7067,129.547,1.15204],[4.71192,382.761,-75.3728],[74.7065,129.505,1.16079],0.387353,0.578724,0.759373,[[-0.762036,-0.583473,0.280821],[0.239712,-0.657057,-0.714712],[0.601531,-0.477321,0.640567]],63.7059,[226.612,6.9261,227.387],[64.2345,135.774,54.4719]]],[[890,[-0.644061,0.126548,-0.754434],89,49.6236,[-197.455,171.778,-34.5042],[-197.124,172.234,-34.5554],[-132.12,329.509,-14.9323],false,[-133.362,160.003,36.2487],[-133.362,160.003,36.2487],[-168.665,165.863,4.9685],[-189.575,169.971,-19.5241],[-200.051,172.799,-38.9881],[[[0.0296054,-0.996439,0.0789428],[-0.87887,0.0116714,0.476918],[0.476141,0.0834998,0.875396]],[[-0.0707006,-0.991848,-0.106015],[-0.665819,-0.0322142,0.745418],[0.742756,-0.123288,0.658114]],[[-0.0707006,-0.991848,-0.106015],[-0.7617,-0.0149412,0.647758],[0.644061,-0.126548,0.754434]],[[-0.0707006,-0.991848,-0.106015],[-0.879776,0.0119154,0.475239],[0.470102,-0.126869,0.873446]]],0],[891,[0.400461,0.907586,-0.126171],89,55.9948,[-121.975,195.194,-62.672],[-123.008,194.691,-63.3662],[-94.4335,362.606,16.7376],false,[-133.88,137.843,31.9992],[-146.293,132.678,-36.7493],[-137.005,163.753,-61.6796],[-127.789,184.641,-64.5834],[-120.502,198.969,-62.0833],[[[0.900443,-0.414642,-0.131434],[-0.397244,-0.906993,0.139857],[0.1772,0.0737223,0.98141]],[[0.88806,-0.418345,-0.190623],[-0.399757,-0.497933,-0.769582],[-0.227034,-0.759638,0.609431]],[[0.88806,-0.418345,-0.190623],[-0.225789,-0.0357104,-0.973521],[-0.400461,-0.907586,0.126171]],[[0.88806,-0.418345,-0.190623],[-0.103607,0.221852,-0.96956],[-0.447901,-0.880777,-0.153674]]],1],[892,[0.23758,0.964692,-0.113686],89,63.8015,[-109.877,196.812,-64.0498],[-110.47,198.059,-63.3678],[-116.4,360.459,7.93548],false,[-124.179,131.522,30.151],[-127.616,122.986,-35.6396],[-120.382,158.969,-63.1936],[-113.949,185.089,-66.2718],[-109.404,202.15,-63.3691],[[[0.970543,-0.240133,-0.0195367],[-0.235308,-0.962197,0.137136],[0.0517291,0.128499,0.99036]],[[0.966896,-0.246078,-0.0675084],[-0.200668,-0.569857,-0.796866],[-0.157621,-0.784034,0.600372]],[[0.966896,-0.246078,-0.0675084],[-0.0931005,-0.0938837,-0.991221],[-0.23758,-0.964692,0.113686]],[[0.966896,-0.246078,-0.0675084],[-0.0244488,0.174004,-0.984441],[-0.253997,-0.953503,-0.162227]]],2],[893,[0.162772,0.97452,-0.154327],89,61.3469,[-94.0807,188.34,-57.9108],[-94.0914,188.815,-56.5135],[-122.674,344.467,-35.824],false,[-113.124,127.802,29.2675],[-107.837,116.888,-29.1306],[-100.434,149.524,-55.3977],[-96.1408,175.229,-59.4684],[-93.6591,192.731,-57.465],[[[0.982536,-0.145384,0.116134],[-0.163597,-0.972308,0.166891],[-0.0886548,0.182975,0.979112]],[[0.984483,-0.150018,0.0910425],[-0.0227838,-0.623692,-0.781