{"metadata":{"formatVersion":2,"generatedBy":"LeapJS Playback 0.2.1","frames":76,"protocolVersion":6,"serviceVersion":"2.2.5+26752","frameRate":"89","modified":"Wed Apr 22 2015 20:26:04 GMT-0300 (E. South America Standard Time)"},"frames":[["id","timestamp",{"hands":[["id","type","direction","palmNormal","palmPosition","palmVelocity","stabilizedPalmPosition","pinchStrength","grabStrength","confidence","armBasis","armWidth","elbow","wrist"]]},{"pointables":[["id","direction","handId","length","stabilizedTipPosition","tipPosition","tipVelocity","tool","carpPosition","mcpPosition","pipPosition","dipPosition","btipPosition","bases","type"]]},{"interactionBox":["center","size"]}],[276042,82432409111,[[89,"left",[-0.359428,-0.103887,-0.927372],[0.381737,0.89046,-0.247704],[-115.143,88.6029,18.5945],[-59.832,131.013,123.14],[-108.435,78.6041,21.1009],0,0.547618,0.273256,[[0.632893,-0.726261,0.268311],[-0.521094,-0.655876,-0.546157],[-0.572632,-0.205844,0.79355]],60.6723,[-239.267,34.1465,269.272],[-92.0515,87.066,65.2611]],[90,"right",[0.206265,-0.246007,-0.947067],[-0.408781,0.857708,-0.311825],[97.2506,81.397,15.0223],[-39.8812,7.72811,-16.5289],[101.195,81.1091,17.1279],0,0.414235,0.235369,[[-0.797868,-0.511843,0.318471],[0.45601,-0.857979,-0.236489],[0.394287,-0.043461,0.917959]],62.0883,[185.246,75.9436,307.102],[81.5151,87.3775,65.5997]]],[[890,[-0.725676,0.494629,-0.478265],89,49.6236,[-173.248,146.631,10.443],[-173.142,156.441,18.2976],[-9.72037,178.833,215.063],false,[-110.069,108.588,73.3468],[-110.069,108.588,73.3468],[-137.5,132.506,42.7756],[-161.059,148.564,27.2488],[-176.124,159.718,15.1996],[[[-0.0689215,-0.995003,-0.0722387],[-0.715746,-0.00112401,0.69836],[0.694952,-0.0998366,0.712092]],[[-0.350939,-0.863987,-0.361066],[-0.737408,0.0173438,0.675224],[0.577123,-0.503216,0.643198]],[[-0.350939,-0.863987,-0.361066],[-0.591808,-0.0941751,0.800559],[0.725676,-0.494629,0.478265]],[[-0.350939,-0.863987,-0.361066],[-0.647906,-0.0543471,0.759779],[0.676062,-0.500573,0.540709]]],0],[891,[-0.0410688,0.815437,-0.577387],89,55.9948,[-158.986,129.713,-53.0567],[-163.219,138.364,-44.4464],[-100.207,182.864,196.328],false,[-114.299,87.5481,66.3566],[-144.783,94.8598,3.71169],[-166.655,108.785,-27.9292],[-167.6,127.551,-41.2174],[-161.686,142.278,-44.7969],[[[0.779085,-0.454197,-0.432125],[-0.451282,-0.884766,0.116334],[0.435168,-0.104377,0.894279]],[[0.652108,-0.415952,-0.633828],[-0.537484,-0.843274,0.000417239],[0.534665,-0.3404,0.773474]],[[0.652108,-0.415952,-0.633828],[-0.757013,-0.402549,-0.51467],[0.0410688,-0.815437,0.577387]],[[0.652108,-0.415952,-0.633828],[-0.665277,0.0869376,-0.741517],[-0.36354,-0.905221,0.220031]]],1],[892,[0.160152,0.81282,-0.560067],89,63.8015,[-116.825,124.546,-66.2757],[-124.382,130.235,-62.2178],[-132.745,152.879,140.426],false,[-106.239,80.9047,61.0317],[-127.749,83.7266,-1.75696],[-132.492,95.4189,-45.8833],[-128.156,117.427,-61.0479],[-122.708,134.441,-62.0433],[[[0.896156,-0.306592,-0.32079],[-0.303409,-0.950893,0.0612083],[0.323803,-0.0424784,0.94517]],[[0.93325,-0.309516,-0.182333],[-0.34404,-0.916131,-0.205769],[0.103352,-0.254764,0.961464]],[[0.93325,-0.309516,-0.182333],[-0.321553,-0.493481,-0.808133],[-0.160152,-0.81282,0.560067]],[[0.93325,-0.309516,-0.182333],[-0.190597,0.00360232,-0.981662],[-0.304497,-0.950888,0.0556308]]],2],[893,[0.187718,0.872559,-0.451002],89,61.3469,[-91.2076,118.081,-55.3346],[-98.9702,123.098,-53.4294],[-125.331,131.5,105.884],false,[-96.3202,76.5539,56.6118],[-107.822,75.1451,-1.89575],[-106.784,87.0901,-42.7138],[-101.832,110.106,-54.6099],[-97.656,127.283,-52.6102],[[[0.954343,-0.236941,-0.1819],[-0.22813,-0.971237,0.0682317],[0.192834,0.0236197,0.980947]],[[0.97193,-0.231312,-0.0429813],[-0.234004,-0.931482,-0.278538],[-0.0243931,-0.280777,0.959463]],[[0.97193,-0.231312,-0.0429813],[-0.141826,-0.430274,-0.891487],[-0.187718,-0.872559,0.451002]],[[0.97193,-0.231312,-0.0429813],[-0.0155005,0.119335,-0.992733],[-0.234761,-0.965533,-0.112399]]],3],[894,[0.141973,0.896682,-0.419292],89,48.0948,[-70.3809,103.864,-39.3032],[-76.9179,109.847,-38.692],[-109.268,110.997,75.5948],false,[-83.1677,78.1094,53.742],[-87.7949,71.4637,-0.872719],[-78.5958,80.8079,-31.8823],[-75.9518,97.5071,-39.6909],[-76.1396,113.804,-37.7585],[[[0.994735,-0.0688595,-0.0758997],[-0.0589791,-0.990338,0.125504],[0.0838085,0.120366,0.989186]],[[0.960256,-0.0219244,0.278258],[0.0570345,-0.960464,-0.2725],[-0.273231,-0.27754,0.921041]],[[0.960256,-0.0219244,0.278258],[0.240316,-0.442133,-0.864157],[-0.141973,-0.896682,0.419292]],[[0.960256,-0.0219244,0.278258],[0.278886,0.116245,-0.953263],[0.0114463,-0.992979,-0.117739]]],4],[900,[0.142088,0.353323,-0.924648],90,50.7818,[120.439,145.863,-17.0021],[117.08,146.833,-25.0372],[-12.856,2.67869,-15.5776],false,[101.221,109.765,67.597],[101.221,109.765,67.597],[108.972,127.151,22.8377],[113.693,138.89,-7.88144],[117.405,147.06,-28.8457],[[[0.0481354,-0.996828,0.0633773],[0.817791,0.0757622,0.570507],[-0.573499,0.0243678,0.818844]],[[0.294253,-0.906974,-0.301352],[0.942346,0.222755,0.249727],[-0.159368,-0.357461,0.92023]],[[0.294253,-0.906974,-0.301352],[0.945106,0.229262,0.232837],[-0.142088,-0.353323,0.924648]],[[0.294253,-0.906974,-0.301352],[0.941759,0.22145,0.253082],[-0.162804,-0.358271,0.919313]]],0],[901,[-0.114169,0.498837,-0.859143],90,57.3016,[128.635,106.243,-70.9593],[127.224,105.257,-75.5922],[-22.171,-3.65754,-17.871],false,[104.173,87.3101,63.0635],[124.823,84.6121,-5.5304],[133.587,83.0491,-46.4351],[130.898,94.7974,-66.6692],[125.184,107.911,-75.1868],[[[-0.841765,-0.486357,-0.234282],[0.456564,-0.872949,0.171783],[-0.288064,0.0376358,0.956871]],[[-0.860074,-0.482464,-0.165837],[0.465237,-0.87512,0.133117],[-0.209351,0.037337,0.977127]],[[-0.860074,-0.482464,-0.165837],[0.497231,-0.719993,-0.484119],[0.114169,-0.498837,0.859143]],[[-0.860074,-0.482464,-0.165837],[0.377467,-0.383118,-0.843053],[0.343208,-0.787686,0.511624]]],1],[902,[-0.192472,0.600277,-0.776288],90,65.2906,[99.6364,101.299,-78.7243],[97.3949,101.354,-82.8463],[-33.5238,32.955,-8.70222],false,[95.1049,80.068,60.0185],[106.628,73.092,-6.61503],[106.77,72.5555,-53.5778],[101.437,89.1881,-75.0874],[96.2107,105.516,-81.5187],[[[-0.938361,-0.320811,-0.128681],[0.301246,-0.941568,0.150668],[-0.169497,0.102616,0.980174]],[[-0.952468,-0.304639,0.000587311],[0.304624,-0.952399,0.0118048],[-0.00303684,0.0114226,0.99993]],[[-0.952468,-0.304639,0.000587311],[0.236135,-0.739502,-0.630379],[0.192472,-0.600277,0.776288]],[[-0.952468,-0.304639,0.000587311],[0.106475,-0.334706,-0.936288],[0.285426,-0.891722,0.351233]]],2],[903,[-0.265766,0.562917,-0.782619],90,62.7786,[71.1775,88.5104,-70.7196],[67.5896,88.2989,-74.0327],[-48.1087,55.3886,-8.15503],false,[84.3271,75.3385,57.8344],[86.3993,65.0243,-2.28807],[78.8406,61.5118,-45.0182],[71.6669,76.7064,-66.1431],[67.0524,92.9495,-72.9482],[[[-0.973098,-0.230315,0.00597312],[0.227877,-0.958331,0.172258],[-0.0339494,0.168985,0.985034]],[[-0.96284,-0.195447,0.186386],[0.20687,-0.97739,0.0437501],[0.173621,0.080682,0.981502]],[[-0.96284,-0.195447,0.186386],[0.0480406,-0.803072,-0.593942],[0.265766,-0.562917,0.782619]],[[-0.96284,-0.195447,0.186386],[-0.0932383,-0.407146,-0.908592],[0.253468,-0.892207,0.373793]]],3],[904,[-0.265833,0.611791,-0.745013],90,49.2173,[51.7441,83.401,-48.221],[45.9117,82.7896,-50.5151],[-21.34,71.3572,-10.1238],false,[70.5856,76.9182,56.8382],[66.3024,62.0899,2.48695],[54.012,60.4192,-29.6567],[48.9458,72.0787,-43.8552],[47.0877,87.627,-49.9283],[[[-0.994673,-0.0476775,0.0913952],[0.0698504,-0.963768,0.257434],[0.07581,0.262447,0.961964]],[[-0.934175,0.027324,0.355767],[-0.0082406,-0.99845,0.0550458],[0.356719,0.0484907,0.932952]],[[-0.934175,0.027324,0.355767],[-0.238012,-0.790547,-0.564257],[0.265833,-0.611791,0.745013]],[[-0.934175,0.027324,0.355767],[-0.33923,-0.377154,-0.861788],[0.110631,-0.925748,0.361597]]],4]],[[0,200,0],[235.247,235.247,147.751]]],[276043,82432426442,[[89,"left",[-0.411544,-0.0688715,-0.908784],[0.381077,0.892788,-0.240231],[-115.532,91.8976,21.5575],[-42.6183,158.259,145.188],[-108.72,79.1373,21.1192],0,0.547617,0.281081,[[0.630106,-0.746995,0.212049],[-0.560203,-0.626407,-0.542021],[-0.537716,-0.22274,0.813172]],60.6723,[-228.17,31.2718,275.851],[-89.9305,88.5352,66.7964]],[90,"right",[0.203779,-0.255647,-0.94505],[-0.393825,0.862353,-0.318196],[96.5968,81.5411,15.265],[-38.8892,7.99733,-2.45155],[101.102,81.1178,17.0901],0,0.416588,0.265679,[[-0.804748,-0.498152,0.32284],[0.441827,-0.865856,-0.234694],[0.396446,-0.0462304,0.916893]],62.1178,[185.216,75.9513,307.133],[80.8674,88.1196,65.7968]]],[[890,[-0.743269,0.519672,-0.421299],89,49.6236,[-173.058,148.749,12.7475],[-172.41,160.495,26.6278],[13.9402,204.178,337.489],false,[-107.144,110.025,76.5482],[-107.144,110.025,76.5482],[-135.848,135.292,48.3213],[-159.978,152.163,34.6439],[-175.511,163.906,23.8078],[[[-0.0880081,-0.991112,-0.0997529],[-0.676097,-0.014109,0.736677],[0.731537,-0.132276,0.668847]],[[-0.383494,-0.846981,-0.368179],[-0.698723,0.00539688,0.715372],[0.603919,-0.531596,0.593875]],[[-0.383494,-0.846981,-0.368179],[-0.548165,-0.11209,0.828825],[0.743269,-0.519672,0.421299]],[[-0.383494,-0.846981,-0.368179],[-0.605881,-0.0701482,0.792456],[0.697023,-0.526975,0.486269]]],0],[891,[-0.0605006,0.834095,-0.548293],89,55.9948,[-159.859,131.581,-51.0259],[-166.243,144.327,-37.1025],[-133.771,256.257,300.957],false,[-112.074,89.2822,69.1414],[-145.849,99.0343,8.55059],[-169.218,114.262,-21.3728],[-170.611,133.458,-33.9914],[-164.68,148.212,-37.4287],[[[0.747044,-0.450426,-0.48892],[-0.457663,-0.881893,0.113175],[0.482152,-0.139214,0.864956]],[[0.60983,-0.403976,-0.681843],[-0.549323,-0.835602,0.00376878],[0.571272,-0.372254,0.731488]],[[0.60983,-0.403976,-0.681843],[-0.79022,-0.375617,-0.484215],[0.0605006,-0.834095,0.548293]],[[0.60983,-0.403976,-0.681843],[-0.703723,0.119701,-0.700318],[-0.364529,-0.906904,0.21129]]],1],[892,[0.141505,0.828377,-0.542004],89,63.8015,[-118.845,126.688,-64.5933],[-128.566,136.257,-57.2497],[-182.269,242.054,207.352],false,[-104.422,82.7068,63.1691],[-129.315,87.8551,1.79399],[-136.301,101.039,-41.6078],[-132.47,123.469,-56.2832],[-126.825,140.431,-57.0387],[[[0.872317,-0.308108,-0.379648],[-0.314081,-0.94819,0.0478503],[0.374721,-0.0774995,0.923893]],[[0.916943,-0.316024,-0.243606],[-0.368837,-0.904216,-0.215299],[0.152232,-0.287268,0.945676]],[[0.916943,-0.316024,-0.243606],[-0.373084,-0.462515,-0.804294],[-0.141505,-0.828377,0.542004]],[[0.916943,-0.316024,-0.243606],[-0.244277,0.0381454,-0.968955],[-0.315506,-0.947984,0.0422204]]],2],[893,[0.175948,0.884194,-0.432715],89,61.3469,[-93.2668,120.029,-54.3153],[-102.82,128.497,-50.1144],[-169.493,214.014,144.846],false,[-94.8297,78.368,58.0693],[-109.559,79.0141,0.276265],[-110.588,92.266,-40.1366],[-105.947,115.588,-51.5503],[-101.404,132.633,-49.2389],[[[0.939131,-0.243793,-0.242071],[-0.23885,-0.969767,0.0500312],[0.24695,-0.0108328,0.968968]],[[0.964435,-0.242913,-0.104207],[-0.263213,-0.918675,-0.294544],[0.0241838,-0.311497,0.949939]],[[0.964435,-0.242913,-0.104207],[-0.197251,-0.398991,-0.895488],[-0.175948,-0.884194,0.432715]],[[0.964435,-0.242913,-0.104207],[-0.0682772,0.151917,-0.986032],[-0.255351,-0.958079,-0.129928]]],3],[894,[0.134208,0.906317,-0.400721],89,48.0948,[-71.9122,105.717,-38.853],[-80.0396,114.41,-37.0868],[-141.443,178.995,80.4407],false,[-81.8331,79.8378,54.5236],[-89.5648,75.0311,0.0675587],[-81.8258,85.1559,-31.0954],[-79.3264,102.034,-38.5581],[-79.1617,118.27,-36.1588],[[[0.987869,-0.0798011,-0.133213],[-0.0671111,-0.993002,0.0971795],[0.140036,0.0870605,0.986312]],[[0.972816,-0.0434869,0.227458],[0.028151,-0.952719,-0.302546],[-0.229861,-0.300725,0.925596]],[[0.972816,-0.0434869,0.227458],[0.188723,-0.420354,-0.887517],[-0.134208,-0.906317,0.400721]],[[0.972816,-0.0434869,0.227458],[0.23136,0.139931,-0.962752],[-0.0100385,-0.989206,-0.146189]]],4],[900,[0.1496,0.344807,-0.926676],90,50.8059,[120.332,145.828,-17.228],[117.586,146.372,-25.1855],[6.07295,-9.6187,-12.57],false,[100.951,110.197,67.685],[100.951,110.197,67.685],[109.075,127.165,22.8059],[114.047,138.626,-7.99517],[117.934,146.598,-29.0155],[[[0.0313378,-0.997055,0.0699939],[0.817943,0.0658293,0.57152],[-0.574445,0.0393408,0.817597]],[[0.279564,-0.91373,-0.294858],[0.945503,0.208605,0.250017],[-0.166939,-0.348684,0.922253]],[[0.279564,-0.91373,-0.294858],[0.948401,0.214954,0.23309],[-0.1496,-0.344807,0.926676]],[[0.279564,-0.91373,-0.294858],[0.944888,0.207332,0.253378],[-0.170386,-0.349443,0.921335]]],0],[901,[-0.107407,0.495829,-0.861752],90,57.3288,[128.4,106.028,-71.1633],[126.984,104.335,-75.4211],[-20.466,-25.9924,-6.09895],false,[103.536,87.6564,63.3021],[124.268,84.1606,-5.26669],[132.957,82.1665,-46.189],[130.427,93.8496,-66.4941],[124.91,107.021,-75.0666],[[[-0.849373,-0.473745,-0.232659],[0.441592,-0.879312,0.178346],[-0.289071,0.048742,0.956066]],[[-0.868374,-0.468862,-0.161538],[0.450426,-0.881987,0.138619],[-0.207468,0.0476118,0.977083]],[[-0.868374,-0.468862,-0.161538],[0.484139,-0.730973,-0.480925],[0.107407,-0.495829,0.861752]],[[-0.868374,-0.468862,-0.161538],[0.369059,-0.393424,-0.842029],[0.331243,-0.790813,0.514678]]],1],[902,[-0.179237,0.600772,-0.779068],90,65.3216,[99.3594,101.318,-78.8729],[97.3848,101.061,-82.6355],[-16.403,9.429,-0.543169],false,[94.3491,80.5437,60.2863],[105.876,72.9341,-6.31023],[106.246,72.1614,-53.2908],[101.277,88.8156,-74.8877],[96.3398,105.221,-81.376],[[[-0.943371,-0.305915,-0.128324],[0.285184,-0.945462,0.157392],[-0.169474,0.111883,0.979163]],[[-0.957262,-0.289207,-0.00278606],[0.289113,-0.957125,0.0180208],[-0.00787834,0.0164451,0.999834]],[[-0.957262,-0.289207,-0.00278606],[0.226986,-0.745273,-0.626933],[0.179237,-0.600772,0.779068]],[[-0.957262,-0.289207,-0.00278606],[0.104925,-0.338287,-0.935175],[0.269517,-0.895501,0.354174]]],2],[903,[-0.255189,0.569937,-0.781057],90,62.8084,[70.9437,88.6093,-70.7427],[67.1242,89.0094,-73.6753],[-38.2935,50.8599,3.96755],false,[83.4924,75.9786,58.112],[85.498,65.2308,-1.96613],[77.8666,62.0377,-44.7295],[70.9751,77.4291,-65.8223],[66.6553,93.7592,-72.6359],[[[-0.976824,-0.213967,0.00566935],[0.211508,-0.960854,0.178955],[-0.032843,0.176006,0.983841]],[[-0.966319,-0.178116,0.185747],[0.188491,-0.981275,0.039633],[0.175209,0.0733097,0.981798]],[[-0.966319,-0.178116,0.185747],[0.0332552,-0.802151,-0.596194],[0.255189,-0.569937,0.781057]],[[-0.966319,-0.178116,0.185747],[-0.0999026,-0.405534,-0.908604],[0.237164,-0.896558,0.374081]]],3],[904,[-0.250844,0.615388,-0.747244],90,49.2407,[51.559,83.4637,-48.2288],[45.573,83.7268,-50.3245],[-19.7342,62.1111,-2.29154],false,[69.7746,77.7822,57.0795],[65.3369,62.6631,2.79283],[53.1932,61.2236,-29.4352],[48.4103,72.9572,-43.6829],[46.8458,88.5193,-49.8253],[[[-0.99549,-0.0304366,0.0898532],[0.0532629,-0.963086,0.26387],[0.0785051,0.267466,0.960364]],[[-0.935505,0.0443009,0.350526],[-0.0267815,-0.998145,0.0546736],[0.352298,0.0417598,0.934956]],[[-0.935505,0.0443009,0.350526],[-0.248813,-0.786978,-0.564586],[0.250844,-0.615388,0.747244]],[[-0.935505,0.0443009,0.350526],[-0.340825,-0.374606,-0.86227],[0.0931096,-0.926125,0.365544]]],4]],[[0,200,0],[235.247,235.247,147.751]]],[276044,82432435142,[[89,"left",[-0.420186,-0.0573734,-0.905622],[0.379459,0.895444,-0.232788],[-116.483,93.7871,22.0703],[-60.3895,173.978,122.181],[-108.925,79.5241,21.1443],0,0.54631,0.15216,[[0.636165,-0.746059,0.196697],[-0.565934,-0.624487,-0.53827],[-0.524416,-0.231111,0.819497]],60.6723,[-225.276,30.4342,277.701],[-90.456,89.8496,67.0195]],[90,"right",[0.202572,-0.259653,-0.944216],[-0.381346,0.867176,-0.320282],[96.3278,81.9631,15.4475],[-36.7632,18.8033,3.7979],[101.047,81.1275,17.0712],0,0.41761,0.299306,[[-0.810314,-0.487257,0.325535],[0.430603,-0.871895,-0.233195],[0.397458,-0.0487848,0.916323]],62.1178,[185.183,75.9812,307.118],[80.5673,88.8219,65.9323]]],[[890,[-0.746825,0.525322,-0.407785],89,49.6236,[-173.039,149.753,13.8313],[-173.255,162.357,28.5245],[-15.8186,206.821,305.785],false,[-107.56,111.228,77.1987],[-107.56,111.228,77.1987],[-136.511,136.86,49.5594],[-160.756,153.915,36.3208],[-176.381,165.801,25.7773],[[[-0.0896982,-0.989748,-0.111147],[-0.669099,-0.0227792,0.742824],[0.73774,-0.140998,0.660196]],[[-0.387611,-0.842116,-0.374965],[-0.691914,-0.00299414,0.721974],[0.609108,-0.539288,0.581511]],[[-0.387611,-0.842116,-0.374965],[-0.54038,-0.121971,0.832534],[0.746825,-0.525322,0.407785]],[[-0.387611,-0.842116,-0.374965],[-0.598442,-0.0795179,0.79721],[0.70116,-0.533402,0.473136]]],0],[891,[-0.0661553,0.840251,-0.538147],89,55.9948,[-160.445,132.788,-49.8064],[-167.733,146.962,-35.4642],[-144.453,267.602,270.083],false,[-112.575,90.5817,69.5834],[-146.916,101.103,9.44058],[-170.566,116.688,-20.0751],[-172.089,136.026,-32.4602],[-166.202,150.821,-35.7933],[[[0.742038,-0.444827,-0.501506],[-0.457237,-0.882932,0.106608],[0.490218,-0.1502,0.858561]],[[0.603168,-0.395959,-0.692391],[-0.549478,-0.835508,-0.00086743],[0.578154,-0.380977,0.721522]],[[0.603168,-0.395959,-0.692391],[-0.794866,-0.370398,-0.480617],[0.0661553,-0.840251,0.538147]],[[0.603168,-0.395959,-0.692391],[-0.710818,0.126956,-0.691823],[-0.361837,-0.90945,0.20488]]],1],[892,[0.137018,0.834945,-0.533004],89,63.8015,[-120.192,128.253,-63.4941],[-130.224,139.129,-56.0517],[-184.449,265.339,188.686],false,[-104.985,84.0757,63.4581],[-130.455,89.9979,2.38997],[-137.841,103.723,-40.7772],[-134.131,126.331,-55.209],[-128.48,143.297,-55.8073],[[[0.868449,-0.30395,-0.391677],[-0.31433,-0.948508,0.0391118],[0.383397,-0.0891495,0.919271]],[[0.914358,-0.313576,-0.256162],[-0.371546,-0.90124,-0.222981],[0.160942,-0.299061,0.940564]],[[0.914358,-0.313576,-0.256162],[-0.381019,-0.452258,-0.806404],[-0.137018,-0.834945,0.533004]],[[0.914358,-0.313576,-0.256162],[-0.253386,0.0503273,-0.966055],[-0.315824,-0.948228,0.0334386]]],2],[893,[0.172535,0.889398,-0.423324],89,61.3469,[-94.6612,121.51,-53.6166],[-104.418,131.265,-49.2557],[-173.242,241.621,132.471],false,[-95.4454,79.7941,58.2143],[-110.721,81.1638,0.575927],[-112.121,94.9165,-39.658],[-107.57,118.376,-50.8241],[-102.993,135.388,-48.3433],[[[0.936611,-0.241383,-0.253957],[-0.239098,-0.970158,0.0403127],[0.256109,-0.0229633,0.966375]],[[0.963222,-0.242222,-0.116324],[-0.266682,-0.914781,-0.303406],[0.0329194,-0.323269,0.945734]],[[0.963222,-0.242222,-0.116324],[-0.205997,-0.387685,-0.898479],[-0.172535,-0.889398,0.423324]],[[0.963222,-0.242222,-0.116324],[-0.0774551,0.164244,-0.983374],[-0.257301,-0.956218,-0.139443]]],3],[894,[0.132829,0.909242,-0.394507],89,48.0948,[-72.9683,107.093,-38.5531],[-81.3976,116.919,-36.6891],[-145.361,206.266,68.5911],false,[-82.4818,81.2994,54.5639],[-90.7326,77.1708,0.128487],[-83.189,87.563,-30.9943],[-80.7153,104.496,-38.3413],[-80.5109,120.712,-35.8166],[[[0.986503,-0.0787799,-0.143549],[-0.0669381,-0.994084,0.08554],[0.149438,0.0747765,0.985939]],[[0.974255,-0.0466228,0.220573],[0.0249855,-0.950027,-0.311167],[-0.224058,-0.308667,0.924404]],[[0.974255,-0.0466228,0.220573],[0.182162,-0.41365,-0.892026],[-0.132829,-0.909242,0.394507]],[[0.974255,-0.0466228,0.220573],[0.225103,0.147126,-0.963163],[-0.0124533,-0.988018,-0.153833]]],4],[900,[0.156484,0.341503,-0.926762],90,50.8059,[120.28,145.809,-17.3642],[118.29,146.45,-25.0373],[25.3042,-4.40564,-4.64197],false,[100.943,110.628,67.8402],[100.943,110.628,67.8402],[109.404,127.424,22.9587],[114.605,138.775,-7.84525],[118.651,146.666,-28.8666],[[[0.0176666,-0.997293,0.0713786],[0.817382,0.0555202,0.573415],[-0.575825,0.0482133,0.81615]],[[0.267875,-0.917827,-0.292979],[0.947636,0.196124,0.252034],[-0.173863,-0.345152,0.922302]],[[0.267875,-0.917827,-0.292979],[0.95066,0.20241,0.235106],[-0.156484,-0.341503,0.926762]],[[0.267875,-0.917827,-0.292979],[0.946996,0.194864,0.255396],[-0.177318,-0.345864,0.921377]]],0],[901,[-0.0999526,0.496452,-0.862291],90,57.3288,[128.295,105.92,-71.2493],[127.175,104.238,-75.1825],[-10.4764,-21.8542,2.82211],false,[103.234,88.0485,63.4932],[124.082,84.1802,-5.02049],[132.788,82.0079,-45.9301],[130.433,93.7056,-66.2479],[125.1,106.946,-74.8312],[[[-0.855148,-0.462517,-0.234096],[0.429215,-0.884968,0.18057],[-0.290684,0.053937,0.955298]],[[-0.874528,-0.457174,-0.16184],[0.438164,-0.887864,0.140393],[-0.207876,0.0518655,0.976779]],[[-0.874528,-0.457174,-0.16184],[0.474562,-0.737921,-0.479857],[0.0999526,-0.496452,0.862291]],[[-0.874528,-0.457174,-0.16184],[0.364246,-0.39885,-0.841572],[0.320195,-0.794928,0.51533]]],1],[902,[-0.168045,0.604725,-0.778504],90,65.3216,[99.2641,101.355,-78.9202],[97.7131,101.513,-82.3881],[-0.597151,21.0697,7.56305],false,[93.9585,81.0567,60.4645],[105.541,73.2023,-6.09387],[106.123,72.4491,-53.0726],[101.465,89.2128,-74.6539],[96.7678,105.702,-81.1086],[[[-0.947115,-0.29329,-0.130209],[0.271977,-0.949023,0.159324],[-0.170299,0.115484,0.978602]],[[-0.960943,-0.276647,-0.00746729],[0.27647,-0.960838,0.0188295],[-0.012384,0.0160296,0.999795]],[[-0.960943,-0.276647,-0.00746729],[0.219886,-0.746843,-0.627595],[0.168045,-0.604725,0.778504]],[[-0.960943,-0.276647,-0.00746729],[0.104196,-0.336668,-0.935841],[0.256383,-0.900067,0.352344]]],2],[903,[-0.24574,0.574105,-0.781035],90,62.8084,[70.8237,88.6938,-70.7496],[67.1316,89.941,-73.5195],[-27.664,65.4041,7.12386],false,[83.0462,76.6362,58.2699],[85.0507,65.7814,-1.78909],[77.4418,62.8036,-44.572],[70.8055,78.3075,-65.6642],[66.7235,94.6875,-72.5046],[[[-0.979643,-0.200717,0.00358186],[0.198047,-0.963387,0.180728],[-0.0328245,0.177758,0.983527]],[[-0.96906,-0.164731,0.183812],[0.174373,-0.983966,0.0374745],[0.174692,0.068367,0.982247]],[[-0.96906,-0.164731,0.183812],[0.0231331,-0.80204,-0.596823],[0.24574,-0.574105,0.781035]],[[-0.96906,-0.164731,0.183812],[-0.103437,-0.405128,-0.90839],[0.224107,-0.899297,0.375554]]],3],[904,[-0.239671,0.618914,-0.747999],90,49.2407,[51.4522,83.5278,-48.2321],[45.5553,84.9075,-50.2576],[-14.6566,80.4045,-0.20439],false,[69.3566,78.6238,57.2017],[64.8453,63.4932,2.92434],[52.8001,62.286,-29.3502],[48.2303,74.0869,-43.6123],[46.8916,89.6584,-49.7839],[[[-0.996024,-0.0168375,0.0874792],[0.039583,-0.963363,0.265263],[0.0798079,0.267671,0.960199]],[[-0.936046,0.0571427,0.347206],[-0.0413437,-0.997752,0.0527486],[0.349439,0.0350203,0.936304]],[[-0.936046,0.0571427,0.347206],[-0.257633,-0.783377,-0.565637],[0.239671,-0.618914,0.747999]],[[-0.936046,0.0571427,0.347206],[-0.34274,-0.371455,-0.862873],[0.0796643,-0.926691,0.367284]]],4]],[[0,200,0],[235.247,235.247,147.751]]],[276045,82432444288,[[89,"left",[-0.415927,-0.0890638,-0.905026],[0.387477,0.882979,-0.264969],[-118.28,98.019,21.4117],[-98.2679,254.345,68.1287],[-109.381,80.4252,21.1574],0,0.541617,0.15683,[[0.651342,-0.739786,0.168731],[-0.566915,-0.62226,-0.539815],[-0.504342,-0.255949,0.8247]],60.6723,[-222.175,29.8204,278.639],[-92.5163,95.6212,66.6204]],[90,"right",[0.203877,-0.26061,-0.943672],[-0.367563,0.873024,-0.32051],[95.6704,83.0595,15.8069],[-46.5357,46.9369,13.6811],[100.969,81.1557,17.0528],0,0.418956,0.332805,[[-0.81459,-0.477886,0.328738],[0.41959,-0.876798,-0.234883],[0.400484,-0.0533977,0.914747]],62.1473,[185.197,75.9806,307.132],[79.7355,90.0421,66.2468]]],[[890,[-0.740667,0.514783,-0.431753],89,49.6236,[-173.147,151.635,14.9448],[-174.555,167.212,24.9117],[-50.8499,296.373,110.035],false,[-109.509,117.502,75.8767],[-109.509,117.502,75.8767],[-138.12,142.266,47.1148],[-162.165,158.979,33.0981],[-177.643,170.567,22.0189],[[[-0.0966716,-0.992599,-0.0735001],[-0.673082,0.0107953,0.739489],[0.733222,-0.120959,0.669144]],[[-0.392091,-0.853014,-0.344429],[-0.695642,0.0299364,0.717765],[0.601953,-0.521029,0.60513]],[[-0.392091,-0.853014,-0.344429],[-0.545597,-0.0858207,0.833642],[0.740667,-0.514783,0.431753]],[[-0.392091,-0.853014,-0.344429],[-0.603203,-0.0442872,0.796357],[0.694558,-0.520005,0.497176]]],0],[891,[-0.0611362,0.817209,-0.57309],89,55.9948,[-161.369,134.64,-48.5229],[-168.943,149.266,-38.4521],[-143.803,261.198,100.981],false,[-114.642,96.6157,69.0335],[-148.59,105.069,8.3442],[-172.019,119.588,-21.8834],[-173.426,138.395,-35.0727],[-167.491,153.019,-39.0209],[[[0.741204,-0.469296,-0.479977],[-0.464505,-0.874755,0.137979],[0.484616,-0.120681,0.866362]],[[0.603914,-0.426858,-0.673112],[-0.554309,-0.831765,0.0301447],[0.572738,-0.354907,0.738926]],[[0.603914,-0.426858,-0.673112],[-0.794701,-0.387249,-0.467428],[0.0611362,-0.817209,0.57309]],[[0.603914,-0.426858,-0.673112],[-0.708642,0.0990182,-0.698585],[-0.364847,-0.898881,0.242691]]],1],[892,[0.146175,0.812809,-0.563892],89,63.8015,[-121.965,130.33,-62.5931],[-131.264,140.426,-58.4637],[-164.872,231.252,62.4332],false,[-107.071,89.8225,63.2044],[-132.178,93.5791,1.81569],[-139.235,105.69,-41.8866],[-135.277,127.697,-57.1547],[-129.493,144.586,-58.3724],[[[0.868116,-0.325239,-0.374958],[-0.321756,-0.943939,0.0738342],[0.377951,-0.0565481,0.924097]],[[0.913254,-0.329984,-0.238908],[-0.37726,-0.906356,-0.190246],[0.153758,-0.263873,0.952223]],[[0.913254,-0.329984,-0.238908],[-0.380262,-0.480054,-0.790537],[-0.146175,-0.812809,0.563892]],[[0.913254,-0.329984,-0.238908],[-0.247955,0.0150707,-0.968654],[-0.32324,-0.943866,0.0680578]]],2],[893,[0.181537,0.871198,-0.456134],89,61.3469,[-96.4961,123.488,-53.1418],[-105.554,132.638,-51.2273],[-159.729,216.441,35.3461],false,[-97.5367,85.2717,58.1813],[-112.503,84.5353,0.450327],[-113.589,96.7421,-40.2889],[-108.801,119.722,-52.3204],[-104.106,136.781,-50.4675],[[[0.936042,-0.257926,-0.239374],[-0.246698,-0.966086,0.0762771],[0.25093,0.0123453,0.967927]],[[0.961937,-0.253664,-0.101648],[-0.272078,-0.923756,-0.269533],[0.0255268,-0.28693,0.957611]],[[0.961937,-0.253664,-0.101648],[-0.20426,-0.420319,-0.884087],[-0.181537,-0.871198,0.456134]],[[0.961937,-0.253664,-0.101648],[-0.0710522,0.127009,-0.989353],[-0.263874,-0.958918,-0.104151]]],3],[894,[0.145383,0.887545,-0.437181],89,48.0948,[-74.3677,108.912,-38.4701],[-82.4638,118.402,-38.176],[-137.631,190.617,-0.469313],false,[-84.5434,86.539,54.5465],[-92.544,80.3798,0.265801],[-84.6007,89.2604,-31.2234],[-81.8932,105.789,-39.3652],[-81.5558,122.108,-37.643],[[[0.986601,-0.0915691,-0.135029],[-0.0749617,-0.98953,0.123329],[0.144908,0.111555,0.983136]],[[0.971572,-0.0446239,0.2325],[0.0195903,-0.963553,-0.2668],[-0.235931,-0.26377,0.935287]],[[0.971572,-0.0446239,0.2325],[0.186845,-0.458555,-0.868802],[-0.145383,-0.887545,0.437181]],[[0.971572,-0.0446239,0.2325],[0.235849,0.0971676,-0.96692],[-0.0205563,-0.994267,-0.10493]]],4],[900,[0.166066,0.341095,-0.925244],90,50.83,[120.226,145.807,-17.5172],[118.737,147.313,-24.4329],[31.4211,24.1796,14.2955],false,[100.412,111.569,68.3057],[100.412,111.569,68.3057],[109.345,128.341,23.4816],[114.867,139.684,-7.28651],[119.134,147.562,-28.2805],[[[0.00341585,-0.997579,0.0694551],[0.815064,0.0430174,0.577771],[-0.57936,0.0546368,0.813238]],[[0.256609,-0.920895,-0.293435],[0.948942,0.182419,0.257357],[-0.183471,-0.344493,0.920686]],[[0.256609,-0.920895,-0.293435],[0.952142,0.188696,0.240458],[-0.166066,-0.341095,0.925244]],[[0.256609,-0.920895,-0.293435],[0.948266,0.181162,0.260712],[-0.186929,-0.345155,0.919742]]],0],[901,[-0.090285,0.49999,-0.861312],90,57.356,[128.212,105.872,-71.294],[127.211,105.103,-74.6],[-7.76233,10.7502,18.3463],false,[102.412,88.9574,63.923],[123.572,84.9306,-4.52145],[132.395,82.7096,-45.4238],[130.267,94.4963,-65.7282],[125.141,107.842,-74.2905],[[[-0.860263,-0.450109,-0.239476],[0.41591,-0.891209,0.181014],[-0.294899,0.0561188,0.953879]],[[-0.880315,-0.444492,-0.16575],[0.425102,-0.894213,0.140253],[-0.210557,0.0530058,0.976144]],[[-0.880315,-0.444492,-0.16575],[0.465719,-0.743261,-0.48028],[0.090285,-0.49999,0.861312]],[[-0.880315,-0.444492,-0.16575],[0.361129,-0.401335,-0.841734],[0.307623,-0.800848,0.51382]]],1],[902,[-0.153629,0.613644,-0.774493],90,65.3526,[99.1951,101.497,-78.929],[98.012,103.105,-81.8052],[10.5427,64.6229,22.7697],false,[93.0521,82.0981,60.8304],[104.878,74.209,-5.71403],[105.883,73.713,-52.7114],[101.622,90.7322,-74.1916],[97.189,107.357,-80.5079],[[[-0.95041,-0.27982,-0.135728],[0.25791,-0.953026,0.15882],[-0.173793,0.115938,0.977934]],[[-0.964371,-0.263953,-0.0178407],[0.263689,-0.964478,0.0158175],[-0.021382,0.0105495,0.999716]],[[-0.964371,-0.263953,-0.0178407],[0.215377,-0.744157,-0.632331],[0.153629,-0.613644,0.774493]],[[-0.964371,-0.263953,-0.0178407],[0.107147,-0.328032,-0.938571],[0.241886,-0.907042,0.344626]]],2],[903,[-0.233719,0.58035,-0.780109],90,62.8383,[70.6728,88.8821,-70.7488],[67.0127,91.8685,-73.2506],[-23.8527,104.405,11.1939],false,[82.0858,77.8321,58.5691],[84.2542,67.0623,-1.52894],[76.792,64.4537,-44.3828],[70.4773,80.1338,-65.4599],[66.6556,96.5831,-72.3073],[[[-0.982346,-0.187064,-0.00192122],[0.183676,-0.966401,0.17981],[-0.0354927,0.176283,0.983699]],[[-0.972194,-0.151563,0.178515],[0.159734,-0.986633,0.0322436],[0.171242,0.0598621,0.983409]],[[-0.972194,-0.151563,0.178515],[0.0146339,-0.800139,-0.599636],[0.233719,-0.58035,0.780109]],[[-0.972194,-0.151563,0.178515],[-0.104191,-0.402746,-0.909362],[0.209722,-0.902676,0.375755]]],3],[904,[-0.225858,0.625019,-0.747221],90,49.264,[51.2958,83.6904,-48.2347],[45.3691,87.0635,-50.1481],[-16.9841,121.757,1.58913],false,[68.4244,80.0134,57.4332],[63.9849,65.0456,3.07684],[52.1409,64.2366,-29.3019],[47.8324,76.1595,-43.5559],[46.737,91.759,-49.7266],[[[-0.996606,-0.00313811,0.0822609],[0.0247876,-0.964336,0.263519],[0.0785002,0.264663,0.96114]],[[-0.937449,0.069138,0.341188],[-0.0569088,-0.997331,0.0457357],[0.343439,0.0234583,0.938882]],[[-0.937449,0.069138,0.341188],[-0.26491,-0.777542,-0.570308],[0.225858,-0.625019,0.747221]],[[-0.937449,0.069138,0.341188],[-0.341971,-0.366326,-0.865368],[0.0651563,-0.927914,0.367056]]],4]],[[0,200,0],[235.247,235.247,147.751]]],[276046,82432461413,[[89,"left",[-0.411338,-0.0519445,-0.910002],[0.393279,0.890546,-0.228604],[-118.676,101.192,21.7207],[-63.9207,222.773,45.2348],[-110.885,83.7851,21.2485],0,0.541038,0.187687,[[0.656199,-0.737559,0.159404],[-0.568395,-0.622073,-0.538472],[-0.496316,-0.26274,0.827429]],60.6723,[-220.771,29.3726,279.66],[-93.1754,96.9194,66.9403]],[90,"right",[0.205021,-0.26908,-0.941043],[-0.339901,0.882054,-0.326265],[94.6427,86.5854,15.1867],[-52.6945,119.594,-9.12567],[100.588,81.4828,16.9404],0,0.420475,0.368749,[[-0.824602,-0.459528,0.329949],[0.396684,-0.885512,-0.241889],[0.403328,-0.0685764,0.912482]],62.1473,[184.664,76.1066,305.748],[78.4532,94.1653,65.459]]],[[890,[-0.735707,0.534868,-0.415514],89,49.6236,[-173.392,156.406,17.9526],[-174.622,170.494,27.5848],[-29.3626,248.614,131.935],false,[-110.111,118.514,76.9434],[-110.111,118.514,76.9434],[-138.439,144.517,49.0066],[-162.324,161.881,35.517],[-177.681,173.967,24.8091],[[[-0.101145,-0.988515,-0.112285],[-0.67711,-0.0142914,0.735743],[0.728898,-0.150446,0.667887]],[[-0.39438,-0.837057,-0.37921],[-0.699459,0.00579457,0.714649],[0.596005,-0.547085,0.587772]],[[-0.39438,-0.837057,-0.37921],[-0.550636,-0.115117,0.82677],[0.735707,-0.534868,0.415514]],[[-0.39438,-0.837057,-0.37921],[-0.607894,-0.0718275,0.790763],[0.689151,-0.54238,0.480515]]],0],[891,[-0.054048,0.838921,-0.541564],89,55.9948,[-163.558,140.852,-44.7797],[-168.752,154.979,-36.3887],[-73.0342,293.736,110],false,[-115.309,97.9335,69.2716],[-148.878,108.897,8.77319],[-172.062,124.694,-20.9989],[-173.306,144.001,-33.4627],[-167.282,158.736,-36.8171],[[[0.741535,-0.454224,-0.493767],[-0.46956,-0.877033,0.101615],[0.479206,-0.156502,0.863637]],[[0.605592,-0.403688,-0.68578],[-0.558634,-0.829398,-0.005084],[0.566732,-0.386179,0.727791]],[[0.605592,-0.403688,-0.68578],[-0.793937,-0.365032,-0.486225],[0.054048,-0.838921,0.541564]],[[0.605592,-0.403688,-0.68578],[-0.704382,0.129057,-0.69799],[-0.370274,-0.905749,0.206195]]],1],[892,[0.136779,0.810778,-0.569149],89,63.8015,[-125.858,136.176,-60.8279],[-131.655,145.309,-57.7884],[-112.212,237.853,31.2657],false,[-107.739,91.3316,63.2251],[-132.487,97.5826,1.89378],[-139.731,109.928,-41.7118],[-136.028,131.881,-57.1222],[-130.373,148.801,-58.5101],[[[0.868571,-0.314979,-0.382587],[-0.3268,-0.944422,0.0356117],[0.37254,-0.0940981,0.923233]],[[0.913606,-0.325333,-0.243891],[-0.374712,-0.90653,-0.194409],[0.157847,-0.269002,0.950117]],[[0.913606,-0.325333,-0.243891],[-0.382904,-0.486619,-0.78523],[-0.136779,-0.810778,0.569149]],[[0.913606,-0.325333,-0.243891],[-0.255852,0.00621033,-0.966696],[-0.316013,-0.945579,0.0775634]]],2],[893,[0.18839,0.88727,-0.421024],89,61.3469,[-100.095,129.933,-51.4356],[-105.37,138.528,-49.448],[-81.9376,274.276,66.8903],false,[-98.1998,86.929,58.0811],[-112.849,88.4974,0.285523],[-113.647,102.276,-39.9562],[-108.678,125.679,-51.0616],[-103.91,142.629,-48.5226],[[[0.936074,-0.253297,-0.244144],[-0.251867,-0.967031,0.0375991],[0.245619,-0.0262963,0.96901]],[[0.961229,-0.254485,-0.106194],[-0.275114,-0.911235,-0.306535],[0.0187591,-0.323866,0.945917]],[[0.961229,-0.254485,-0.106194],[-0.201367,-0.384695,-0.900812],[-0.18839,-0.88727,0.421024]],[[0.961229,-0.254485,-0.106194],[-0.06486,0.165648,-0.98405],[-0.268016,-0.952785,-0.14272]]],3],[894,[0.158106,0.894769,-0.417602],89,48.0948,[-76.9896,114.337,-38.0308],[-82.0426,123.314,-37.2119],[-63.7761,230.087,18.9019],false,[-85.1804,88.269,54.5675],[-92.9103,84.2498,0.0474488],[-84.5263,93.8978,-31.0999],[-81.5818,110.561,-38.877],[-81.1162,126.842,-36.8567],[[[0.986872,-0.091351,-0.133185],[-0.0805113,-0.993154,0.0846291],[0.140004,0.0727953,0.987471]],[[0.968365,-0.0578165,0.242748],[0.0160744,-0.956316,-0.291894],[-0.24902,-0.286562,0.925133]],[[0.968365,-0.0578165,0.242748],[0.193059,-0.442771,-0.875604],[-0.158106,-0.894769,0.417602]],[[0.968365,-0.0578165,0.242748],[0.247921,0.112315,-0.962248],[-0.0283695,-0.991989,-0.123096]]],4],[900,[0.184007,0.333504,-0.924617],90,50.83,[120.13,146.07,-18.1537],[119.873,150.044,-25.0168],[46.0157,86.532,-7.84447],false,[99.7087,115.108,67.6482],[99.7087,115.108,67.6482],[109.517,131.487,22.8619],[115.636,142.577,-7.88536],[120.313,150.269,-28.8609],[[[-0.0253147,-0.997067,0.0722262],[0.81067,0.0218015,0.585098],[-0.584956,0.0733632,0.80774]],[[0.233224,-0.928629,-0.288537],[0.951326,0.156417,0.265542],[-0.201458,-0.336424,0.91991]],[[0.233224,-0.928629,-0.288537],[0.954855,0.162551,0.248655],[-0.184007,-0.333504,0.924617]],[[0.233224,-0.928629,-0.288537],[0.950585,0.15519,0.268894],[-0.204925,-0.336992,0.918935]]],0],[901,[-0.0703081,0.500382,-0.862945],90,57.356,[128.061,105.991,-71.422],[127.509,107.492,-74.9695],[1.85941,70.1146,-0.110922],false,[101.111,92.4359,63.3462],[122.77,87.6095,-4.89007],[131.818,85.0131,-45.721],[130.161,96.809,-66.0639],[125.468,110.278,-74.6803],[[[-0.870389,-0.426441,-0.246113],[0.388982,-0.902011,0.187268],[-0.301856,0.0672628,0.950978]],[[-0.891367,-0.419858,-0.170833],[0.398541,-0.905472,0.145897],[-0.21594,0.0619641,0.974438]],[[-0.891367,-0.419858,-0.170833],[0.447796,-0.75719,-0.475543],[0.0703081,-0.500382,0.862945]],[[-0.891367,-0.419858,-0.170833],[0.355176,-0.412784,-0.838725],[0.281629,-0.808287,0.517065]]],1],[902,[-0.126769,0.622662,-0.772154],90,65.3526,[99.1508,102.421,-79.0086],[98.6672,106.788,-82.2086],[24.6415,135.06,2.42488],false,[91.5894,85.8335,60.1868],[103.793,77.4146,-6.22448],[105.438,77.0853,-53.2052],[101.922,94.3545,-74.6206],[98.0198,111.139,-80.8633],[[[-0.956642,-0.253372,-0.143664],[0.229511,-0.959425,0.163797],[-0.179337,0.123723,0.975977]],[[-0.970788,-0.23775,-0.0323414],[0.237372,-0.971301,0.0151242],[-0.035009,0.00700545,0.999362]],[[-0.970788,-0.23775,-0.0323414],[0.203717,-0.745498,-0.634612],[0.126769,-0.622662,0.772154]],[[-0.970788,-0.23775,-0.0323414],[0.110597,-0.323773,-0.939648],[0.21293,-0.915776,0.34061]]],2],[903,[-0.209707,0.589351,-0.780185],90,62.8383,[70.1843,90.2241,-70.87],[67.0346,96.4349,-74.0247],[-11.7404,178.87,-14.838],false,[80.5283,81.871,57.8368],[82.9385,70.8638,-2.20898],[75.7763,68.71,-45.1392],[70.1104,84.6332,-66.2184],[66.824,101.184,-73.0984],[[[-0.987167,-0.159352,-0.0104116],[0.154742,-0.970642,0.184143],[-0.0394495,0.180169,0.982844]],[[-0.977759,-0.123753,0.169331],[0.130286,-0.991081,0.0279866],[0.164357,0.0494256,0.985162]],[[-0.977759,-0.123753,0.169331],[-0.00324525,-0.798342,-0.602195],[0.209707,-0.589351,0.780185]],[[-0.977759,-0.123753,0.169331],[-0.107074,-0.399685,-0.910377],[0.180341,-0.90826,0.377545]]],3],[904,[-0.200029,0.629511,-0.750802],90,49.264,[50.6461,85.0415,-48.4097],[45.1781,92.0384,-51.2512],[-14.2788,196.056,-29.5258],false,[66.9447,84.4323,56.5697],[62.5794,69.4321,2.21633],[51.0875,69.0294,-30.2966],[47.2717,81.038,-44.619],[46.6584,96.6248,-50.8877],[[[-0.997005,0.0251549,0.0731303],[-0.00477908,-0.963855,0.266386],[0.0771879,0.265238,0.961088]],[[-0.938853,0.0960396,0.330653],[-0.0866828,-0.995309,0.0429652],[0.333229,0.011676,0.942774]],[[-0.938853,0.0960396,0.330653],[-0.280257,-0.771033,-0.571808],[0.200029,-0.629511,0.750802]],[[-0.938853,0.0960396,0.330653],[-0.34238,-0.362149,-0.866963],[0.036483,-0.92716,0.372886]]],4]],[[0,200,0],[235.247,235.247,147.751]]],[276047,82432469772,[[89,"left",[-0.427077,-0.0267712,-0.903819],[0.38615,0.898429,-0.209077],[-117.7,101.485,23.0879],[-17.3392,174.371,75.7407],[-111.515,85.423,21.4187],0,0.541219,0.190515,[[0.652091,-0.742667,0.152394],[-0.575737,-0.615875,-0.537797],[-0.493259,-0.262953,0.829187]],60.6723,[-218.205,28.3826,280.882],[-91.3945,95.9842,67.7098]],[90,"right",[0.1929,-0.274557,-0.942023],[-0.329016,0.886375,-0.325712],[94.0314,88.0173,14.7233],[-57.9658,132.925,-21.0674],[100.323,81.7462,16.8511],0,0.42114,0.38973,[[-0.832249,-0.444943,0.330739],[0.38096,-0.892385,-0.241905],[0.40278,-0.0753266,0.912192]],62.1768,[184.495,76.1296,305.461],[78.3781,95.9752,65.1337]]],[[890,[-0.744713,0.543965,-0.386659],89,49.6236,[-173.382,158.061,19.5006],[-173.769,170.367,31.9667],[4.22893,180.843,233.482],false,[-108.226,117.208,78.6394],[-108.226,117.208,78.6394],[-137.129,143.91,51.9802],[-161.306,161.57,39.4274],[-176.889,173.906,29.3493],[[[-0.0997133,-0.985175,-0.1396],[-0.66403,-0.0386001,0.746709],[0.741028,-0.167155,0.650336]],[[-0.398115,-0.827081,-0.396788],[-0.686817,-0.0179877,0.726608],[0.608101,-0.561794,0.560892]],[[-0.398115,-0.827081,-0.396788],[-0.535637,-0.141559,0.832498],[0.744713,-0.543965,0.386659]],[[-0.398115,-0.827081,-0.396788],[-0.5937,-0.0974279,0.798767],[0.699303,-0.553574,0.45225]]],0],[891,[-0.0644543,0.855012,-0.514587],89,55.9948,[-164.444,143.634,-42.6292],[-168.894,156.827,-32.4909],[-57.1365,275.212,202.007],false,[-113.488,96.8421,70.4561],[-148.151,109.448,10.9024],[-171.851,126.093,-17.9887],[-173.334,145.771,-29.8316],[-167.397,160.617,-32.8333],[[[0.7343,-0.436574,-0.519814],[-0.464695,-0.881488,0.0838934],[0.494835,-0.179952,0.85015]],[[0.595035,-0.381033,-0.707635],[-0.557045,-0.830207,-0.0213741],[0.57934,-0.406903,0.706255]],[[0.595035,-0.381033,-0.707635],[-0.801111,-0.351807,-0.484203],[0.0644543,-0.855012,0.514587]],[[0.595035,-0.381033,-0.707635],[-0.716068,0.148452,-0.682062],[-0.364938,-0.912566,0.184511]]],1],[892,[0.110654,0.807188,-0.579831],89,63.8015,[-127.635,138.478,-59.8978],[-132.795,146.394,-56.107],[-126.909,196.243,58.6351],false,[-106.002,90.4507,64.0863],[-131.845,98.4058,3.40732],[-140.221,110.616,-40.0335],[-137.225,132.471,-55.7332],[-131.853,149.454,-57.4331],[[[0.862791,-0.30016,-0.40681],[-0.322886,-0.946342,0.0134495],[0.389019,-0.119749,0.913414]],[[0.91163,-0.314798,-0.264258],[-0.368268,-0.911112,-0.185079],[0.182506,-0.266041,0.946527]],[[0.91163,-0.314798,-0.264258],[-0.395836,-0.49935,-0.77069],[-0.110654,-0.807188,0.579831]],[[0.91163,-0.314798,-0.264258],[-0.280723,-0.00727733,-0.959761],[-0.300208,-0.949131,0.0950053]]],2],[893,[0.177948,0.900037,-0.39783],89,61.3469,[-101.493,132.887,-50.2212],[-105.77,140.953,-47.1654],[-73.062,278.076,119.994],false,[-96.5395,86.2391,58.649],[-112.207,89.4494,1.18935],[-113.758,104.404,-38.6081],[-109.065,128.144,-49.1016],[-104.311,145.031,-46.1457],[[[0.932504,-0.242312,-0.267809],[-0.247853,-0.968704,0.0134612],[0.262689,-0.0538245,0.963378]],[[0.960083,-0.247459,-0.130401],[-0.277329,-0.902885,-0.328461],[0.0364569,-0.351514,0.935473]],[[0.960083,-0.247459,-0.130401],[-0.215812,-0.358745,