{"metadata":{"formatVersion":2,"generatedBy":"LeapJS Playback 0.2.1","frames":71,"protocolVersion":6,"serviceVersion":"2.2.5+26752","frameRate":"93","modified":"Wed Apr 22 2015 20:25:16 GMT-0300 (E. South America Standard Time)"},"frames":[["id","timestamp",{"hands":[["id","type","direction","palmNormal","palmPosition","palmVelocity","stabilizedPalmPosition","pinchStrength","grabStrength","confidence","armBasis","armWidth","elbow","wrist"]]},{"pointables":[["id","direction","handId","length","stabilizedTipPosition","tipPosition","tipVelocity","tool","carpPosition","mcpPosition","pipPosition","dipPosition","btipPosition","bases","type"]]},{"interactionBox":["center","size"]}],[270372,82381348740,[[86,"right",[-0.0724798,-0.312549,-0.947133],[-0.191739,0.936283,-0.294295],[77.7575,86.4371,25.1034],[21.2645,125.186,-15.637],[85.1656,80.2927,36.4877],0,0.630587,0.679474,[[-0.916177,-0.201975,0.346159],[0.129327,-0.966513,-0.221646],[0.379334,-0.1583,0.911618]],63.72,[177.459,55.3074,324.631],[75.0388,98.0483,78.494]],[87,"left",[-0.030856,-0.178122,-0.983524],[0.3256,0.928529,-0.178377],[-130.354,94.0519,16.0106],[-31.5128,57.5181,-19.8992],[-127.696,92.4139,19.5113],0,1,0.220376,[[0.942605,-0.33188,0.0367625],[-0.225321,-0.713451,-0.66349],[-0.246427,-0.617125,0.747282]],60.6723,[-186.601,-61.6275,259.643],[-123.248,97.0268,67.5274]]],[[860,[0.338372,0.112372,-0.934279],86,52.1164,[145.475,126.212,-0.596642],[142.799,123.418,-16.8591],[-19.4165,171.089,-39.8981],false,[101.119,113.799,74.9136],[101.119,113.799,74.9136],[120.137,119.038,29.059],[131.674,122.869,-2.79577],[146.068,124.198,-21.201],[[[-0.236499,-0.962918,0.129832],[0.90174,-0.167756,0.398401],[-0.361848,0.211296,0.907976]],[[-0.112378,-0.980914,-0.158682],[0.917727,-0.163686,0.361917],[-0.380983,-0.104955,0.918606]],[[-0.112378,-0.980914,-0.158682],[0.934278,-0.158686,0.319285],[-0.338372,-0.112372,0.934279]],[[-0.112378,-0.980914,-0.158682],[0.780424,-0.185977,0.596951],[-0.615069,-0.056755,0.786428]]],0],[861,[-0.219447,0.906987,-0.359469],86,58.8075,[88.023,123.982,-45.2417],[85.1034,128.465,-48.1854],[-26.6777,107.749,-31.3171],false,[96.1983,90.8542,71.564],[100.864,80.6132,-1.1398],[92.9491,94.8077,-40.9096],[87.645,116.73,-49.5982],[84.9005,133.309,-46.5137],[[[-0.977041,-0.210474,-0.0330501],[0.203397,-0.967638,0.149353],[-0.0634155,0.139202,0.988231]],[[-0.974371,-0.185078,0.127854],[0.129083,-0.925519,-0.356023],[0.184223,-0.330395,0.925689]],[[-0.974371,-0.185078,0.127854],[-0.0494318,-0.378313,-0.924357],[0.219447,-0.906987,0.359469]],[[-0.974371,-0.185078,0.127854],[-0.157476,0.155364,-0.975225],[0.160629,-0.970365,-0.180527]]],1],[862,[-0.0789029,0.916631,-0.391869],86,67.0064,[71.8198,129.339,-48.2568],[68.8381,131.272,-52.3176],[-35.1869,83.1735,-38.4792],false,[84.6807,86.5612,70.8335],[79.7136,75.0263,2.20519],[70.9174,91.6434,-42.177],[68.6737,117.709,-53.3203],[69.1017,136.353,-51.0023],[[[-0.996888,-0.0216692,0.0757939],[0.0338465,-0.986,0.163276],[0.0711947,0.165333,0.983665]],[[-0.981031,-0.00157673,0.193843],[-0.0653754,-0.938693,-0.338498],[0.182493,-0.34475,0.920785]],[[-0.981031,-0.00157673,0.193843],[-0.177065,-0.39973,-0.899369],[0.0789029,-0.916631,0.391869]],[[-0.981031,-0.00157673,0.193843],[-0.192506,0.12543,-0.973246],[-0.0227792,-0.992101,-0.123355]]],2],[863,[-0.0894931,0.855747,-0.509595],86,64.4285,[45.9815,120.39,-40.9754],[43.6535,121.836,-45.3164],[-20.332,71.1272,-21.3297],false,[72.466,85.273,71.1001],[58.7904,73.5398,11.1078],[45.2765,84.7658,-29.9729],[42.7974,108.472,-44.0897],[44.6034,127.058,-44.706],[[[-0.975242,0.077288,0.207197],[-0.0352109,-0.979255,0.199547],[0.218321,0.187311,0.957732]],[[-0.936337,0.10212,0.335923],[-0.178297,-0.962519,-0.204372],[0.302462,-0.251255,0.91945]],[[-0.936337,0.10212,0.335923],[-0.339505,-0.507216,-0.792129],[0.0894931,-0.855747,0.509595]],[[-0.936337,0.10212,0.335923],[-0.337535,0.00158283,-0.941312],[-0.0966587,-0.994771,0.0329871]]],3],[864,[0.0152517,0.844921,-0.534674],86,50.5107,[30.907,113.457,-19.6123],[29.7507,115.826,-23.6208],[-11.3483,66.9365,-16.2159],false,[59.5712,91.0975,72.6349],[39.6419,77.0365,20.0288],[26.5299,87.3423,-11.1503],[26.8282,103.868,-21.6079],[31.7106,120.291,-23.4969],[[[-0.924105,0.25918,0.280813],[-0.167041,-0.934892,0.313169],[0.343697,0.242494,0.907232]],[[-0.839189,0.301547,0.452583],[-0.397809,-0.907811,-0.13277],[0.370823,-0.291461,0.881783]],[[-0.839189,0.301547,0.452583],[-0.543626,-0.44179,-0.713648],[-0.0152517,-0.844921,0.534674]],[[-0.839189,0.301547,0.452583],[-0.464251,0.0362285,-0.884963],[-0.283254,-0.952763,0.109591]]],4],[870,[-0.850786,0.305211,-0.427796],87,49.6236,[-219.645,145.175,27.193],[-222.255,147.498,19.75],[-67.5097,1.67501,87.3146],false,[-145.451,115.998,68.1011],[-145.451,115.998,68.1011],[-179.742,133.212,40.0498],[-207.363,143.121,26.1615],[-227.753,148.904,19.2781],[[[0.0830201,-0.996336,-0.0205633],[-0.894104,-0.0835826,0.43999],[0.440097,0.0181423,0.897767]],[[-0.117699,-0.904045,-0.410914],[-0.682375,-0.226996,0.694865],[0.721465,-0.362182,0.59018]],[[-0.117699,-0.904045,-0.410914],[-0.512161,-0.299248,0.805072],[0.850786,-0.305211,0.427796]],[[-0.117699,-0.904045,-0.410914],[-0.385894,-0.339631,0.857751],[0.915004,-0.259526,0.308891]]],0],[871,[0.403405,0.891807,0.204806],87,55.9948,[-136.06,152.831,-19.6337],[-137.995,151.217,-24.6661],[-98.3917,53.1488,-9.42824],false,[-144.57,94.3938,61.6267],[-154.286,95.667,-7.73533],[-152.041,124.174,-36.988],[-142.757,144.699,-32.2745],[-135.846,153.613,-20.5515],[[[0.926407,-0.351023,-0.136206],[-0.350047,-0.93619,0.0318476],[0.138694,-0.0181748,0.990168]],[[0.899487,-0.345427,-0.267588],[-0.433486,-0.62853,-0.645786],[-0.0548846,-0.696872,0.715093]],[[0.899487,-0.345427,-0.267588],[-0.167891,0.292166,-0.941516],[-0.403405,-0.891807,-0.204806]],[[0.899487,-0.345427,-0.267588],[0.102283,0.761843,-0.639635],[-0.424807,-0.547974,-0.720599]]],1],[872,[0.17667,0.9496,0.258934],87,63.8015,[-123.17,156.412,-17.0406],[-122.576,152.851,-22.971],[-100.041,60.5769,-27.2001],false,[-134.471,88.8154,59.5432],[-135.142,86.9076,-6.857],[-128.84,118.914,-39.1408],[-124.057,144.626,-32.1298],[-122.042,155.939,-18.4144],[[[0.982638,-0.185476,-0.00459878],[-0.185258,-0.982229,0.0300931],[0.0100986,0.0287186,0.999537]],[[0.982687,-0.18509,0.00830254],[-0.124407,-0.692388,-0.710719],[-0.137295,-0.697381,0.703427]],[[0.982687,-0.18509,0.00830254],[0.0558101,0.252984,-0.965859],[-0.17667,-0.9496,-0.258934]],[[0.982687,-0.18509,0.00830254],[0.147123,0.752308,-0.642174],[-0.112614,-0.632277,-0.766514]]],2],[873,[0.014712,0.907893,0.418943],87,61.3469,[-109.98,150.844,-3.5224],[-107.94,146.743,-3.09369],[-74.7228,69.2105,-49.3668],false,[-123.199,85.7919,58.7347],[-115.287,81.2231,-0.205262],[-107.244,115.586,-23.9613],[-106.856,139.534,-12.9108],[-108.607,149.429,1.76956],[[[0.984565,-0.104652,0.140286],[-0.114163,-0.991554,0.0615353],[-0.132661,0.0766009,0.988197]],[[0.977575,-0.101088,0.18474],[0.0927733,-0.580809,-0.808736],[-0.189053,-0.807739,0.558406]],[[0.977575,-0.101088,0.18474],[0.210075,0.40683,-0.889021],[-0.014712,-0.907893,-0.418943]],[[0.977575,-0.101088,0.18474],[0.186172,0.824867,-0.533793],[0.0984256,-0.556216,-0.825189]]],3],[874,[-0.232927,0.937848,0.257265],87,48.0948,[-97.0445,134.068,-0.741113],[-97.8354,130.873,-1.25526],[-66.6602,73.9029,-57.6142],false,[-110.121,89.111,59.9882],[-96.3225,80.4328,7.23741],[-89.1572,106.091,-13.3503],[-93.495,123.557,-8.55913],[-100.076,133.741,2.50201],[[[0.967832,0.0701988,0.241607],[0.0290939,-0.985072,0.169667],[-0.249911,0.15718,0.955426]],[[0.893313,0.101783,0.437759],[0.395852,-0.639418,-0.659125],[-0.212823,-0.762092,0.611491]],[[0.893313,0.101783,0.437759],[0.384366,0.331784,-0.8615],[0.232927,-0.937848,-0.257265]],[[0.893313,0.101783,0.437759],[0.203032,0.777574,-0.59511],[0.400962,-0.620499,-0.673952]]],4]],[[0,200,0],[235.247,235.247,147.751]]],[270373,82381356825,[[86,"right",[-0.0672644,-0.31817,-0.945644],[-0.207016,0.931616,-0.298725],[78.1773,88.3695,25.0677],[28.9449,153.698,-12.8239],[85.042,80.4356,36.2857],0,0.630219,0.632221,[[-0.914816,-0.218153,0.339883],[0.142206,-0.961662,-0.234485],[0.378007,-0.166177,0.910767]],63.72,[177.326,55.3192,324.31],[75.2639,100.187,78.4028]],[87,"left",[-0.0392484,-0.174519,-0.983871],[0.326231,0.928437,-0.1777],[-130.484,95.1966,15.7117],[-27.6441,78.5782,-24.1765],[-127.767,92.4848,19.4145],0,1,0.234034,[[0.94084,-0.337357,0.0317945],[-0.231895,-0.709444,-0.665518],[-0.247073,-0.618773,0.745705]],60.6723,[-186.472,-61.1071,258.889],[-122.953,97.9706,67.1793]]],[[860,[0.336583,0.113476,-0.934792],86,52.1164,[145.237,126.25,-1.94562],[142.609,126.213,-17.0683],[-20.6746,214.742,-36.4432],false,[101.083,116.345,74.7484],[101.083,116.345,74.7484],[120.017,121.678,28.8699],[131.493,125.547,-3.00236],[145.866,127.024,-21.4134],[[[-0.220714,-0.966037,0.134382],[0.904328,-0.151083,0.399205],[-0.365343,0.209635,0.90696]],[[-0.0962875,-0.983362,-0.154041],[0.920248,-0.146925,0.362708],[-0.379306,-0.106832,0.919083]],[[-0.0962875,-0.983362,-0.154041],[0.936718,-0.141856,0.320056],[-0.336583,-0.113476,0.934792]],[[-0.0962875,-0.983362,-0.154041],[0.783308,-0.170349,0.597838],[-0.614132,-0.0630975,0.786677]]],0],[861,[-0.234156,0.901313,-0.364427],86,58.8075,[87.9903,124.067,-45.2685],[84.8628,130.178,-48.4175],[-28.0585,133.224,-31.9445],false,[96.539,93.3076,71.5072],[101.378,82.8005,-1.14722],[93.2571,96.6623,-40.9928],[87.5975,118.447,-49.8011],[84.5767,134.995,-46.8082],[[[-0.97346,-0.226597,-0.0320695],[0.219198,-0.963461,0.153932],[-0.0657784,0.142818,0.987561]],[[-0.97127,-0.200491,0.128211],[0.144578,-0.925041,-0.351277],[0.189029,-0.322649,0.927451]],[[-0.97127,-0.200491,0.128211],[-0.0424943,-0.383978,-0.922364],[0.234156,-0.901313,0.364427]],[[-0.97127,-0.200491,0.128211],[-0.159297,0.147468,-0.976155],[0.176803,-0.968533,-0.175168]]],1],[862,[-0.0959305,0.909272,-0.404995],86,67.0064,[71.7919,129.371,-48.2909],[68.4395,132.463,-52.8043],[-41.2943,92.4169,-52.0657],false,[85.0933,88.8232,70.7969],[80.3221,76.884,2.22382],[71.1767,92.7955,-42.3459],[68.4487,118.652,-53.8625],[68.5435,137.332,-51.8138],[[[-0.996407,-0.0376296,0.0758797],[0.0499702,-0.98453,0.167939],[0.0683864,0.171127,0.982873]],[[-0.980598,-0.0164498,0.19534],[-0.0492735,-0.943798,-0.326828],[0.189738,-0.330112,0.924676]],[[-0.980598,-0.0164498,0.19534],[-0.170956,-0.415876,-0.893208],[0.0959305,-0.909273,0.404995]],[[-0.980598,-0.0164498,0.19534],[-0.195967,0.107891,-0.974657],[-0.00504249,-0.994027,-0.109021]]],2],[863,[-0.103213,0.852073,-0.513146],86,64.4285,[45.9648,120.42,-41.0078],[43.5277,122.919,-45.4848],[-19.8365,86.9266,-21.6264],false,[72.9013,87.3364,71.0694],[59.4252,75.0972,11.133],[45.7404,85.934,-29.9956],[42.8812,109.538,-44.2107],[44.3856,128.148,-44.9063],[[[-0.976396,0.0622892,0.206813],[-0.0191917,-0.978746,0.204177],[0.215136,0.195389,0.956839]],[[-0.937938,0.0883516,0.335361],[-0.162669,-0.966109,-0.20043],[0.306287,-0.242544,0.920522]],[[-0.937938,0.0883516,0.335361],[-0.331089,-0.515913,-0.790072],[0.103213,-0.852073,0.513146]],[[-0.937938,0.0883516,0.335361],[-0.337328,-0.00791371,-0.941354],[-0.0805162,-0.996058,0.037226]]],3],[864,[0.00146154,0.842685,-0.538404],86,50.5107,[30.9039,113.49,-19.6416],[29.7125,116.766,-23.7753],[-10.6584,79.6483,-17.2062],false,[59.9127,92.9563,72.5764],[40.2212,78.3221,20.0371],[26.9359,88.2852,-11.18],[26.9644,104.767,-21.7106],[31.5797,121.258,-23.678],[[[-0.928251,0.24534,0.279569],[-0.151741,-0.93601,0.317586],[0.339596,0.252377,0.90608]],[[-0.843745,0.290024,0.451642],[-0.383308,-0.9146,-0.12877],[0.375725,-0.281767,0.882858]],[[-0.843745,0.290024,0.451642],[-0.536742,-0.453616,-0.711435],[-0.00146154,-0.842685,0.538404]],[[-0.843745,0.290024,0.451642],[-0.46519,0.0246239,-0.884868],[-0.267754,-0.956702,0.11414]]],4],[870,[-0.856564,0.30525,-0.416078],87,49.6236,[-219.659,145.187,27.1734],[-222.523,148.626,20.7115],[-60.4604,32.5814,96.0859],false,[-145.108,116.989,68.0014],[-145.108,116.989,68.0014],[-179.813,134.216,40.4721],[-207.621,144.126,26.9642],[-228.089,149.917,20.3228],[[[0.0806053,-0.996438,-0.0247989],[-0.890686,-0.0831741,0.446947],[0.447417,0.0139383,0.894217]],[[-0.122072,-0.903262,-0.41136],[-0.672266,-0.229661,0.703786],[0.730176,-0.362456,0.579196]],[[-0.122072,-0.903262,-0.41136],[-0.501395,-0.301564,0.810964],[0.856564,-0.30525,0.416078]],[[-0.122072,-0.903262,-0.41136],[-0.376099,-0.341454,0.86137],[0.918503,-0.259861,0.298034]]],0],[871,[0.407052,0.890177,0.204681],87,55.9948,[-136.154,152.833,-19.8343],[-138.324,152.526,-24.6915],[-83.6396,80.1231,-8.1788],false,[-144.328,95.4063,61.4429],[-154.604,96.9502,-7.83289],[-152.532,125.556,-37.0019],[-143.164,146.043,-32.2913],[-136.139,154.9,-20.5931],[[[0.924477,-0.352591,-0.144991],[-0.351885,-0.935518,0.0313475],[0.146694,-0.0220401,0.988936]],[[0.896511,-0.346465,-0.276097],[-0.440116,-0.625272,-0.644463],[-0.050648,-0.699283,0.713048]],[[0.896511,-0.346465,-0.276097],[-0.17486,0.295885,-0.939083],[-0.407052,-0.890177,-0.204681]],[[0.896511,-0.346465,-0.276097],[0.0988113,0.763893,-0.637734],[-0.431861,-0.544454,-0.719073]]],1],[872,[0.180872,0.9481,0.261518],87,63.8015,[-123.157,156.347,-17.2074],[-122.887,154.136,-23.0611],[-84.2706,84.8182,-23.6952],false,[-134.259,89.8129,59.2573],[-135.473,88.1451,-7.14162],[-129.358,120.273,-39.3401],[-124.461,145.944,-32.2591],[-122.311,157.197,-18.5145],[[[0.982148,-0.187643,-0.0132543],[-0.18722,-0.981916,0.0280881],[0.0182852,0.0251052,0.999518]],[[0.982302,-0.187303,-0.000341348],[-0.131645,-0.689106,-0.712602],[-0.133237,-0.700036,0.701568]],[[0.982302,-0.187303,-0.000341348],[0.0486595,0.256952,-0.965198],[-0.180872,-0.9481,-0.261518]],[[0.982302,-0.187303,-0.000341348],[0.143662,0.754596,-0.64027],[-0.120182,-0.62889,-0.76815]]],2],[873,[0.0203654,0.906667,0.421354],87,61.3469,[-109.964,150.819,-3.50647],[-108.108,147.937,-3.36151],[-60.5685,88.8734,-46.4314],false,[-123.001,86.7673,58.3464],[-115.578,82.3927,-0.671958],[-107.655,116.833,-24.356],[-107.117,140.748,-13.2419],[-108.72,150.617,1.47314],[[[0.985434,-0.107345,0.131898],[-0.115893,-0.991513,0.0589175],[-0.124454,0.0733453,0.989511]],[[0.978829,-0.103932,0.176331],[0.0848891,-0.577769,-0.811774],[-0.186248,-0.809556,0.556714]],[[0.978829,-0.103932,0.176331],[0.203666,0.408843,-0.889589],[-0.0203654,-0.906667,-0.421354]],[[0.978829,-0.103932,0.176331],[0.183782,0.825516,-0.533618],[0.0901037,-0.554727,-0.827139]]],3],[874,[-0.228372,0.937643,0.262055],87,48.0948,[-97.066,134.048,-0.737732],[-98.0359,132.032,-1.66903],[-55.3948,91.2319,-56.5727],false,[-109.905,90.0528,59.5053],[-96.5556,81.5335,6.61333],[-89.5105,107.258,-13.9325],[-93.7635,124.72,-9.05222],[-100.223,134.895,2.088],[[[0.969919,0.0671779,0.233976],[0.0282522,-0.985737,0.165903],[-0.241784,0.154302,0.957983]],[[0.897198,0.0981822,0.430577],[0.388908,-0.637615,-0.66498],[-0.209253,-0.764073,0.61025]],[[0.897198,0.0981822,0.430577],[0.377998,0.333446,-0.863673],[0.228372,-0.937643,-0.262055]],[[0.897198,0.0981822,0.430577],[0.200299,0.778464,-0.594874],[0.393595,-0.619963,-0.67877]]],4]],[[0,200,0],[235.247,235.247,147.751]]],[270374,82381366025,[[86,"right",[-0.0550123,-0.324918,-0.944141],[-0.222983,0.92569,-0.305576],[78.8118,91.5815,25.2756],[40.1394,208.368,-2.91567],[84.8083,80.8535,35.8729],0,0.629586,0.638906,[[-0.912579,-0.239023,0.331763],[0.157827,-0.954383,-0.253463],[0.377213,-0.178944,0.908675]],63.72,[177.174,55.3365,323.862],[75.3267,103.651,78.5198]],[87,"left",[-0.0603784,-0.181732,-0.981493],[0.330219,0.924284,-0.191454],[-132.645,98.5867,14.8046],[-85.626,159.678,-44.9953],[-128.104,92.907,19.0956],0,1,0.238339,[[0.938915,-0.343868,0.0138788],[-0.246279,-0.699527,-0.670827],[-0.240385,-0.626431,0.741484]],60.6723,[-185.862,-59.3541,256.713],[-124.062,101.693,66.0882]]],[[860,[0.340383,0.114494,-0.93329],86,52.1164,[144.779,127.094,-4.64758],[142.774,130.417,-16.6755],[-10.1046,282.377,-14.3762],false,[100.853,120.283,74.9332],[100.853,120.283,74.9332],[119.977,125.713,29.1451],[131.583,129.616,-2.67596],[146.043,131.263,-21.0038],[[[-0.202934,-0.969315,0.138729],[0.904471,-0.131275,0.405831],[-0.375166,0.207833,0.903358]],[[-0.0763352,-0.985918,-0.148791],[0.920539,-0.127025,0.369422],[-0.38312,-0.108768,0.917272]],[[-0.0763352,-0.985918,-0.148791],[0.937183,-0.121889,0.32685],[-0.340383,-0.114494,0.93329]],[[-0.0763352,-0.985918,-0.148791],[0.782561,-0.151714,0.603806],[-0.617876,-0.0703462,0.783122]]],0],[861,[-0.249003,0.893383,-0.373985],86,58.8075,[87.9346,124.298,-45.3233],[85.2139,133.086,-48.4442],[-10.6173,181.887,-27.2035],false,[96.7744,97.1437,71.8005],[102.285,86.3084,-0.757885],[94.2014,99.7091,-40.7685],[88.1829,121.303,-49.8079],[84.8115,137.813,-46.9854],[[[-0.968689,-0.245521,-0.036899],[0.236712,-0.958138,0.161057],[-0.0748971,0.147279,0.986255]],[[-0.96811,-0.218607,0.122365],[0.165419,-0.924618,-0.3431],[0.188145,-0.311917,0.931294]],[[-0.96811,-0.218607,0.122365],[-0.0275632,-0.392528,-0.919327],[0.249003,-0.893383,0.373985]],[[-0.96811,-0.218607,0.122365],[-0.154357,0.135783,-0.97864],[0.197322,-0.96632,-0.165196]]],1],[862,[-0.113075,0.899611,-0.421798],86,67.0064,[71.7485,129.449,-48.3558],[68.6309,134.728,-53.2407],[-26.3241,127.56,-59.6451],false,[85.4221,92.4353,71.0442],[81.3249,80.0065,2.51459],[72.0924,95.0521,-42.3371],[68.877,120.634,-54.3315],[68.5616,139.345,-52.6195],[[[-0.995967,-0.0564049,0.0697749],[0.0678338,-0.982386,0.174114],[0.0587251,0.178145,0.98225]],[[-0.981088,-0.0339707,0.190557],[-0.0278711,-0.949426,-0.31275],[0.191544,-0.312147,0.930524]],[[-0.981088,-0.0339707,0.190557],[-0.157098,-0.435368,-0.886439],[0.113075,-0.899611,0.421798]],[[-0.981088,-0.0339707,0.190557],[-0.192832,0.0861782,-0.97744],[0.0167825,-0.9957,-0.0910991]]],2],[863,[-0.116663,0.846367,-0.519666],86,64.4285,[45.9417,120.503,-41.0679],[43.9617,125.054,-45.7001],[-2.61796,126.511,-23.4963],false,[73.2595,90.7151,71.2482],[60.4092,77.8688,11.3014],[46.7755,88.1777,-29.9795],[43.5437,111.624,-44.3753],[44.6862,130.255,-45.1954],[[[-0.97873,0.0446433,0.200235],[-0.00165942,-0.977726,0.209877],[0.205145,0.205081,0.957004]],[[-0.941563,0.0722212,0.329003],[-0.142638,-0.970334,-0.195208],[0.305144,-0.230729,0.923932]],[[-0.941563,0.0722212,0.329003],[-0.315988,-0.527681,-0.788482],[0.116663,-0.846367,0.519666]],[[-0.941563,0.0722212,0.329003],[-0.331239,-0.0212073,-0.943309],[-0.0611496,-0.997163,0.0438905]]],3],[864,[-0.0113166,0.839802,-0.542774],86,50.5107,[30.9037,113.576,-19.6958],[30.143,118.811,-23.9989],[3.71136,119.892,-19.3721],false,[60.1556,96.092,72.6392],[41.0895,80.7744,20.0641],[27.7909,90.342,-11.2709],[27.5696,106.768,-21.887],[31.8853,123.331,-23.9234],[[[-0.934591,0.22901,0.272204],[-0.135737,-0.936895,0.322185],[0.32881,0.264163,0.906698]],[[-0.85133,0.276634,0.445769],[-0.365768,-0.922095,-0.126312],[0.376099,-0.270581,0.886191]],[[-0.85133,0.276634,0.445769],[-0.524508,-0.467125,-0.711819],[0.0113166,-0.839802,0.542774]],[[-0.85133,0.276634,0.445769],[-0.461027,0.0110338,-0.887317],[-0.250381,-0.960912,0.118143]]],4],[870,[-0.87152,0.301274,-0.386894],87,49.6236,[-219.703,145.235,27.1493],[-224.964,152.345,22.3809],[-123.063,129.282,125.577],false,[-146.039,120.901,67.2033],[-146.039,120.901,67.2033],[-181.767,137.872,40.8478],[-210.061,147.653,28.2873],[-230.757,153.383,22.3352],[[[0.0719082,-0.997238,-0.0185878],[-0.882208,-0.0722862,0.465279],[0.465337,0.017059,0.884969]],[[-0.136231,-0.906699,-0.399171],[-0.645294,-0.224513,0.730199],[0.751689,-0.357059,0.554502]],[[-0.136231,-0.906699,-0.399171],[-0.471057,-0.295179,0.831249],[0.87152,-0.301274,0.386894]],[[-0.136231,-0.906699,-0.399171],[-0.34482,-0.334335,0.877108],[0.928731,-0.257132,0.267101]]],0],[871,[0.418343,0.888305,0.189484],87,55.9948,[-136.486,153.092,-20.2146],[-140.817,155.669,-25.8723],[-135.276,153.383,-42.6328],false,[-145.568,99.2633,60.8],[-157.217,100.361,-8.26678],[-155.495,128.722,-37.6969],[-145.867,149.166,-33.3361],[-138.536,158.054,-21.8504],[[[0.918461,-0.361415,-0.16065],[-0.358856,-0.932273,0.0457026],[0.166287,-0.015674,0.985953]],[[0.887944,-0.356066,-0.291157],[-0.45802,-0.626556,-0.630591],[-0.0421058,-0.693286,0.719432]],[[0.887944,-0.356066,-0.291157],[-0.191168,0.290055,-0.937722],[-0.418343,-0.888305,-0.189484]],[[0.887944,-0.356066,-0.291157],[0.0923108,0.758095,-0.645578],[-0.450593,-0.54636,-0.706014]]],1],[872,[0.193817,0.948294,0.251342],87,63.8015,[-123.273,156.421,-17.5412],[-125.335,157.188,-24.4835],[-134.268,153.847,-61.3365],false,[-135.591,93.5692,58.4578],[-138.149,91.402,-7.88856],[-132.41,123.259,-40.4236],[-127.162,148.936,-33.6182],[-124.646,160.265,-19.9994],[[[0.980112,-0.195949,-0.0313883],[-0.194675,-0.980071,0.0395202],[0.0385067,0.0326237,0.998726]],[[0.980528,-0.195511,-0.0184679],[-0.151417,-0.692788,-0.705066],[-0.125054,-0.694133,0.708901]],[[0.980528,-0.195511,-0.0184679],[0.0316271,0.250027,-0.967722],[-0.193817,-0.948294,-0.251342]],[[0.980528,-0.195511,-0.0184679],[0.137113,0.748892,-0.648352],[-0.14059,-0.633195,-0.761116]]],2],[873,[0.0366309,0.910378,0.412154],87,61.3469,[-109.972,150.831,-3.5103],[-110.223,151.05,-5.0917],[-106.492,159.34,-88.4043],false,[-124.379,90.4227,57.3461],[-118.176,85.5332,-1.77249],[-110.45,119.738,-25.8598],[-109.484,143.751,-14.9884],[-110.699,153.792,-0.352688],[[[0.986963,-0.114569,0.113035],[-0.122827,-0.990027,0.0689937],[-0.104003,0.081978,0.991193]],[[0.981294,-0.11077,0.157458],[0.0638818,-0.584197,-0.809094],[-0.18161,-0.804018,0.566192]],[[0.981294,-0.11077,0.157458],[0.189,0.398676,-0.897405],[-0.0366309,-0.910378,-0.412154]],[[0.981294,-0.11077,0.157458],[0.179996,0.81804,-0.546271],[0.0682964,-0.564394,-0.822676]]],3],[874,[-0.214829,0.941866,0.258334],87,48.0948,[-97.1501,134.082,-0.772357],[-100.268,135.057,-3.4833],[-106.21,158.113,-96.9905],false,[-111.236,93.6072,58.2175],[-99.0192,84.5708,5.13808],[-92.1897,110.09,-15.7341],[-96.1906,127.631,-10.923],[-102.331,137.973,0.244574],[[[0.974929,0.0608554,0.214031],[0.0234748,-0.984636,0.173032],[-0.221273,0.163669,0.96138]],[[0.906572,0.0939216,0.411468],[0.370108,-0.645487,-0.668107],[-0.202847,-0.757975,0.619941]],[[0.906572,0.0939216,0.411468],[0.363285,0.322594,-0.874047],[0.214829,-0.941866,-0.258334]],[[0.906572,0.0939216,0.411468],[0.195363,0.770802,-0.60638],[0.374113,-0.630113,-0.680439]]],4]],[[0,200,0],[235.247,235.247,147.751]]],[270375,82381384406,[[86,"right",[-0.0941179,-0.358526,-0.928763],[-0.165524,0.925555,-0.340513],[77.5029,94.266,25.1848],[-13.4027,178.402,-3.88885],[83.8212,82.6658,34.4287],0.0358801,0.628255,0.612447,[[-0.923993,-0.166479,0.344269],[0.0835034,-0.966377,-0.243194],[0.37318,-0.195962,0.906827]],63.72,[176.576,55.7906,322.769],[75.8171,108.7,77.9255]],[87,"left",[-0.106343,-0.158629,-0.981595],[0.309994,0.932702,-0.184312],[-128.484,98.0511,12.4142],[64.4151,68.8813,-85.8942],[-128.158,93.6285,18.1584],0,1,0.0734797,[[0.92547,-0.378534,0.014764],[-0.273082,-0.693648,-0.666543],[-0.26255,-0.612833,0.745321]],60.6723,[-184.932,-57.5308,254.892],[-117.434,100.02,63.2802]]],[[860,[0.312987,0.0504515,-0.948417],86,52.1164,[144.081,127.094,-8.06124],[142.128,126.839,-19.8233],[-34.4236,47.5221,-96.464],false,[102.338,123.392,73.2509],[102.338,123.392,73.2509],[120.375,125.461,26.7521],[131.047,127.182,-5.58473],[144.755,127.072,-24.5532],[[[-0.265351,-0.946767,0.182266],[0.900825,-0.17607,0.396879],[-0.34366,0.269502,0.899592]],[[-0.147756,-0.983843,-0.101097],[0.920652,-0.174167,0.349379],[-0.361342,-0.0414523,0.931512]],[[-0.147756,-0.983843,-0.101097],[0.938194,-0.171776,0.300475],[-0.312987,-0.0504515,0.948417]],[[-0.147756,-0.983843,-0.101097],[0.796924,-0.178971,0.576959],[-0.58573,0.00468258,0.810492]]],0],[861,[-0.194796,0.892927,-0.405876],86,58.8075,[87.8376,124.702,-45.5106],[85.3643,132.327,-50.2143],[-0.258908,74.4696,-62.1156],false,[96.6497,100.477,71.1521],[100.085,86.3497,-0.966594],[92.1875,98.7324,-41.3406],[87.4792,120.315,-51.1508],[85.2825,137.117,-48.9668],[[[-0.98357,-0.180154,-0.0115644],[0.174381,-0.964713,0.197281],[-0.0466973,0.192023,0.980279]],[[-0.97827,-0.146912,0.146303],[0.0958934,-0.946227,-0.308966],[0.183827,-0.288222,0.939753]],[[-0.97827,-0.146912,0.146303],[-0.0710101,-0.425556,-0.902142],[0.194796,-0.892927,0.405876]],[[-0.97827,-0.146912,0.146303],[-0.162659,0.106243,-0.980946],[0.128569,-0.983427,-0.127831]]],1],[862,[-0.059744,0.887429,-0.457056],86,67.0064,[71.6765,129.589,-48.513],[68.8231,134.788,-54.8898],[-7.97687,67.9702,-74.4345],false,[84.9933,96.527,70.7696],[78.8113,81.6307,2.89137],[69.7948,95.4409,-42.3995],[68.0959,120.676,-55.3965],[69.0773,139.419,-54.4594],[[[-0.996056,0.0145627,0.0875202],[0.0045183,-0.976832,0.21396],[0.0886083,0.213511,0.972914]],[[-0.977479,0.0408287,0.207045],[-0.0976859,-0.957205,-0.272426],[0.187062,-0.286516,0.939636]],[[-0.977479,0.0408287,0.207045],[-0.202399,-0.459132,-0.865004],[0.059744,-0.887429,0.457056]],[[-0.977479,0.0408287,0.207045],[-0.204469,0.0595561,-0.97706],[-0.0522228,-0.99739,-0.0498666]]],2],[863,[-0.0675897,0.831605,-0.551239],86,64.4285,[45.856,120.912,-41.3241],[43.7971,127.265,-46.4957],[-3.63368,123.055,-34.764],false,[72.7481,95.6504,71.234],[57.9634,81.2841,12.0834],[44.3695,90.9098,-29.3752],[42.4971,113.947,-44.6457],[44.8858,132.409,-46.2349],[[[-0.969648,0.11942,0.213359],[-0.0638346,-0.965991,0.250571],[0.236026,0.229346,0.944295]],[[-0.928775,0.149365,0.339216],[-0.211677,-0.965027,-0.154648],[0.304253,-0.215437,0.92791]],[[-0.928775,0.149365,0.339216],[-0.36443,-0.534904,-0.762279],[0.0675897,-0.831605,0.551239]],[[-0.928775,0.149365,0.339216],[-0.347897,-0.0356312,-0.936855],[-0.127847,-0.98814,0.0850572]]],3],[864,[0.0356852,0.816341,-0.576466],86,50.5107,[30.8894,114.264,-19.9873],[29.9297,122.803,-24.3803],[-3.16755,165.748,-21.4253],false,[60.0649,101.961,72.6022],[39.0479,85.855,21.0157],[25.8498,95.0894,-10.4614],[26.5478,111.056,-21.7364],[31.9376,127.188,-24.5327],[[[-0.911848,0.303119,0.276862],[-0.192768,-0.911575,0.363141],[0.362456,0.277759,0.889649]],[[-0.82179,0.352209,0.447896],[-0.430513,-0.898746,-0.0831554],[0.373256,-0.261161,0.890211]],[[-0.82179,0.352209,0.447896],[-0.568672,-0.457751,-0.68343],[-0.0356852,-0.816341,0.576466]],[[-0.82179,0.352209,0.447896],[-0.476322,0.00673895,-0.879245],[-0.312696,-0.935897,0.162227]]],4],[870,[-0.899763,0.292422,-0.323909],87,49.6236,[-219.722,145.262,27.1569],[-221.659,149.965,26.9357],[22.9218,-1.11897,186.34],false,[-139.545,118.92,65.9407],[-139.545,118.92,65.9407],[-177.197,135.767,42.327],[-206.408,145.26,31.8114],[-227.539,150.71,27.2967],[[[0.0821561,-0.995519,-0.0468124],[-0.857479,-0.0945465,0.505758],[0.507918,0.00141044,0.861404]],[[-0.143965,-0.89962,-0.412259],[-0.593067,-0.255058,0.763686],[0.792178,-0.354441,0.496816]],[[-0.143965,-0.89962,-0.412259],[-0.411948,-0.324303,0.851543],[0.899763,-0.292422,0.323909]],[[-0.143965,-0.89962,-0.412259],[-0.283092,-0.361748,0.888255],[0.948226,-0.244585,0.202596]]],0],[871,[0.417187,0.888455,0.191321],87,55.9948,[-136.853,153.65,-21.0419],[-139.255,156.01,-26.3321],[-28.0648,87.6971,-35.4946],false,[-139.145,97.4513,58.987],[-154.175,100.078,-9.38184],[-154.205,129.176,-38.1342],[-144.604,149.623,-33.731],[-136.821,158.318,-22.3958],[[[0.913505,-0.345925,-0.214114],[-0.345646,-0.937513,0.0399751],[0.214563,-0.0374902,0.97599]],[[0.876583,-0.337798,-0.342776],[-0.481251,-0.616366,-0.62329],[0.000729324,-0.711327,0.702861]],[[0.876583,-0.337798,-0.342776],[-0.239913,0.31071,-0.919729],[-0.417187,-0.888455,-0.191321]],[[0.876583,-0.337798,-0.342776],[0.0521699,0.774762,-0.630096],[-0.478415,-0.534449,-0.696766]]],1],[872,[0.195205,0.94397,0.266112],87,63.8015,[-123.309,156.613,-18.2998],[-123.757,157.704,-25.6123],[-26.9268,92.1746,-62.1527],false,[-129.23,91.9407,56.021],[-135.011,91.3504,-10.1553],[-131.224,124.089,-42.0959],[-125.938,149.648,-34.8906],[-122.888,160.664,-21.124],[[[0.979544,-0.182884,-0.0839422],[-0.181437,-0.983094,0.0246191],[0.0870255,0.00888528,0.996166]],[[0.980589,-0.182753,-0.0710322],[-0.177857,-0.676579,-0.714568],[-0.0825308,-0.713332,0.69595]],[[0.980589,-0.182753,-0.0710322],[-0.0184194,0.274813,-0.961321],[-0.195205,-0.94397,-0.266112]],[[0.980589,-0.182753,-0.0710322],[0.096876,0.76655,-0.634836],[-0.170468,-0.615632,-0.769375]]],2],[873,[0.0464428,0.899844,0.433733],87,61.3469,[-109.897,150.864,-3.58506],[-107.672,151.357,-7.01371],[13.2771,90.1765,-96.6051],false,[-118.052,88.9621,54.2869],[-114.698,85.5848,-5.16681],[-108.561,120.572,-28.5777],[-107.336,144.308,-17.1371],[-107.937,153.996,-2.22831],[[[0.992546,-0.104949,0.0619514],[-0.108122,-0.992864,0.0503019],[-0.0562302,0.0566253,0.996811]],[[0.989048,-0.102318,0.106369],[0.031175,-0.55961,-0.828169],[-0.144262,-0.822416,0.550292]],[[0.989048,-0.102318,0.106369],[0.140094,0.424043,-0.894741],[-0.0464428,-0.899844,-0.433733]],[[0.989048,-0.102318,0.106369],[0.143672,0.832441,-0.535164],[0.0337893,-0.544585,-0.838025]]],3],[874,[-0.213432,0.930072,0.29902],87,48.0948,[-97.19,134.154,-0.924752],[-97.6306,135.512,-6.11331],[15.1867,93.3442,-117.685],false,[-104.918,92.2884,54.5959],[-95.2159,84.6943,0.776478],[-89.8948,111.031,-19.5119],[-93.8696,128.352,-13.9431],[-99.5329,138.316,-2.19593],[[[0.983497,0.0678123,0.167736],[0.0430308,-0.988171,0.147192],[-0.175734,0.137545,0.974781]],[[0.925812,0.0948174,0.365898],[0.343356,-0.615724,-0.709218],[-0.158046,-0.782236,0.602601]],[[0.925812,0.0948174,0.365898],[0.31196,0.354931,-0.881309],[0.213432,-0.930072,-0.29902]],[[0.925812,0.0948174,0.365898],[0.154289,0.788911,-0.594824],[0.345061,-0.607149,-0.715754]]],4]],[[0,200,0],[235.247,235.247,147.751]]],[270376,82381391511,[[86,"right",[-0.104247,-0.372387,-0.922204],[-0.140557,0.923466,-0.357008],[76.8552,95.5976,25.1964],[-30.8114,180.418,-2.65396],[83.3607,83.5207,33.8184],0.187034,0.62752,0.618197,[[-0.926255,-0.139133,0.350277],[0.054676,-0.96914,-0.24037],[0.372911,-0.203492,0.905278]],63.72,[176.272,56.0699,322.096],[75.5866,111.013,77.6705]],[87,"left",[-0.0842232,-0.191533,-0.977866],[0.32041,0.924029,-0.208585],[-131.614,102.353,13.3528],[-48.6031,188.993,-37.0938],[-128.464,94.4015,17.7326],0,1,0.0816839,[[0.93704,-0.349189,0.00471714],[-0.254365,-0.691712,-0.675894],[-0.239278,-0.63214,0.736984]],60.6723,[-183.268,-56.516,253.839],[-121.753,105.998,64.3705]]],[[860,[0.195677,0.00893479,-0.980628],86,52.1164,[143.092,126.63,-9.79994],[135.672,123.037,-21.9305],[-218.545,-90.0623,-167.423],false,[102.493,124.895,72.734],[102.493,124.895,72.734],[120.113,123.706,26.0446],[126.785,124.011,-7.39053],[138.121,122.786,-27.8288],[[[-0.290812,-0.935821,0.199165],[0.895918,-0.19329,0.399962],[-0.335796,0.29475,0.89463]],[[-0.190583,-0.980547,-0.0469635],[0.916017,-0.194835,0.350646],[-0.352975,0.0238077,0.93533]],[[-0.190583,-0.980547,-0.0469635],[0.961971,-0.196081,0.190168],[-0.195677,-0.00893479,0.980628]],[[-0.190583,-0.980547,-0.0469635],[0.853849,-0.189183,0.484924],[-0.484375,0.0523185,0.873294]]],0],[861,[-0.17058,0.891425,-0.419838],86,58.8075,[87.8105,124.838,-45.5834],[85.7242,132.213,-50.7754],[11.1732,54.7466,-66.3443],false,[96.1854,102.108,71.0453],[99.2019,86.6062,-0.809344],[91.609,98.6037,-41.3578],[87.486,120.15,-51.5054],[85.7493,137.041,-49.6083],[[[-0.988095,-0.153618,-0.00833972],[0.14828,-0.965403,0.214498],[-0.041002,0.210708,0.976689]],[[-0.981805,-0.117687,0.149027],[0.0694575,-0.952977,-0.294976],[0.176734,-0.279257,0.943812]],[[-0.981805,-0.117687,0.149027],[-0.0834369,-0.43762,-0.89528],[0.17058,-0.891425,0.419838]],[[-0.981805,-0.117687,0.149027],[-0.160396,0.0938669,-0.982579],[0.101648,-0.988604,-0.111036]]],1],[862,[-0.0351886,0.881952,-0.470024],86,67.0064,[71.655,129.643,-48.5742],[69.2702,135.038,-55.478],[8.66817,62.5163,-75.0338],false,[84.4262,98.4692,70.7335],[77.8099,82.535,3.13242],[69.1695,95.9236,-42.3579],[68.1688,121.003,-55.7237],[69.668,139.724,-55.0732],[[[-0.995254,0.0431056,0.0872475],[-0.0218406,-0.972616,0.231391],[0.0948325,0.228388,0.968941]],[[-0.975919,0.0709849,0.206258],[-0.124286,-0.958022,-0.258355],[0.179261,-0.277769,0.943774]],[[-0.975919,0.0709849,0.206258],[-0.215275,-0.465964,-0.858216],[0.0351886,-0.881952,0.470024]],[[-0.975919,0.0709849,0.206258],[-0.20302,0.050237,-0.977885],[-0.0797769,-0.996212,-0.0346159]]],2],[863,[-0.0426951,0.825708,-0.562479],86,64.4285,[45.8293,121.129,-41.4513],[44.1971,128.45,-46.9181],[12.0825,134.203,-40.4958],false,[72.162,97.933,71.2135],[56.9648,82.9177,12.3292],[43.7554,92.3772,-29.2917],[42.5727,115.251,-44.8735],[45.4776,133.615,-46.7239],[[[-0.965953,0.149441,0.211191],[-0.0898569,-0.959274,0.267803],[0.242611,0.239708,0.940042]],[[-0.925039,0.180034,0.334501],[-0.238529,-0.960606,-0.142621],[0.295647,-0.211718,0.931541]],[[-0.925039,0.180034,0.334501],[-0.377466,-0.534597,-0.756126],[0.0426951,-0.825708,0.562479]],[[-0.925039,0.180034,0.334501],[-0.346599,-0.0396059,-0.937177],[-0.155475,-0.982863,0.0990364]]],3],[864,[0.0582057,0.805226,-0.590104],86,50.5107,[30.8889,114.666,-20.1473],[30.0989,124.583,-24.8371],[3.17524,184.515,-31.5265],false,[59.655,104.608,72.4686],[38.1843,88.1583,21.1784],[25.2499,97.2378,-10.4529],[26.3884,112.987,-21.9946],[32.2175,128.914,-25.0696],[[[-0.903167,0.332612,0.2714],[-0.217215,-0.899381,0.379382],[0.370279,0.283694,0.88454]],[[-0.811656,0.382322,0.441638],[-0.455417,-0.887634,-0.0685621],[0.3658,-0.256778,0.89457]],[[-0.811656,0.382322,0.441638],[-0.581228,-0.453256,-0.67582],[-0.0582057,-0.805226,0.590104]],[[-0.811656,0.382322,0.441638],[-0.476287,0.00455504,-0.879278],[-0.338179,-0.924018,0.178398]]],4],[870,[-0.894619,0.283735,-0.345184],87,49.6236,[-219.753,145.306,27.1525],[-225.211,155.085,24.6696],[-97.5774,160.765,77.2456],false,[-143.795,125.106,65.8584],[-143.795,125.106,65.8584],[-181.074,141.271,41.1993],[-210.118,150.482,29.993],[-231.186,155.813,25.0624],[[[0.0766548,-0.996998,-0.0108714],[-0.869768,-0.0721954,0.488152],[0.487471,0.0279635,0.872691]],[[-0.140568,-0.912006,-0.385339],[-0.60421,-0.229305,0.763119],[0.784329,-0.340096,0.51881]],[[-0.140568,-0.912006,-0.385339],[-0.424144,-0.29621,0.855781],[0.894619,-0.283735,0.345184]],[[-0.140568,-0.912006,-0.385339],[-0.293962,-0.333207,0.895857],[0.945424,-0.239204,0.221257]]],0],[871,[0.41848,0.891972,0.171058],87,55.9948,[-137.14,154.104,-21.4557],[-141.07,159.021,-27.5621],[-80.0806,164.165,-66.6185],false,[-143.373,103.41,59.6523],[-156.77,103.781,-9.10449],[-155.921,131.886,-38.8158],[-146.29,152.415,-34.879],[-138.72,161.445,-23.6633],[[[0.915991,-0.358347,-0.180408],[-0.352682,-0.933573,0.0636889],[0.191247,-0.00528796,0.981528]],[[0.882178,-0.354419,-0.310079],[-0.470459,-0.6343,-0.613459],[-0.0207389,-0.687059,0.726305]],[[0.882178,-0.354419,-0.310079],[-0.215955,0.280666,-0.935195],[-0.41848,-0.891972,-0.171058]],[[0.882178,-0.354419,-0.310079],[0.0722146,0.752485,-0.654638],[-0.465346,-0.555115,-0.68942]]],1],[872,[0.195109,0.951283,0.238731],87,63.8015,[-123.422,156.85,-18.664],[-125.593,160.652,-26.523],[-79.6955,165.645,-77.7253],false,[-133.428,97.7437,57.1126],[-137.651,94.921,-9.12392],[-132.892,126.536,-42.0506],[-127.609,152.294,-35.5867],[-124.813,163.752,-22.1315],[[[0.980021,-0.19133,-0.0543374],[-0.188461,-0.980606,0.0538058],[0.0635782,0.0424903,0.997072]],[[0.980762,-0.190763,-0.0414115],[-0.165387,-0.69934,-0.695392],[-0.103694,-0.688863,0.717436]],[[0.980762,-0.190763,-0.0414115],[0.00614695,0.242218,-0.970202],[-0.195109,-0.951283,-0.238731]],[[0.980762,-0.190763,-0.0414115],[0.116929,0.743982,-0.657889],[-0.15631,-0.640391,-0.751975]]],2],[873,[0.0422684,0.91406,0.403369],87,61.3469,[-109.901,150.947,-3.63072],[-109.999,154.867,-7.35576],[-63.7669,182.183,-87.1658],false,[-122.231,94.6427,55.7473],[-117.5,89.2119,-3.46005],[-110.584,123.355,-27.8797],[-109.469,147.465,-17.24],[-110.353,157.677,-2.69987],[[[0.990095,-0.108521,0.0890817],[-0.115838,-0.989915,0.0815432],[-0.0793342,0.0910545,0.992681]],[[0.985579,-0.104358,0.133205],[0.0470021,-0.587381,-0.807945],[-0.162558,-0.802554,0.574005]],[[0.985579,-0.104358,0.133205],[0.163852,0.391922,-0.90529],[-0.0422684,-0.91406,-0.403369]],[[0.985579,-0.104358,0.133205],[0.16176,0.812137,-0.560595],[0.049678,-0.574058,-0.817306]]],3],[874,[-0.214041,0.941065,0.261886],87,48.0948,[-97.2605,134.262,-0.996238],[-100.108,139.018,-5.65984],[-66.6856,184.398,-78.8708],false,[-109.087,97.9014,56.255],[-98.1693,88.4125,2.9718],[-92.2198,114.035,-18.0426],[-96.206,131.561,-13.1655],[-102.07,141.972,-1.91423],[[[0.979697,0.0678112,0.188669],[0.033017,-0.982784,0.181784],[-0.197748,0.171864,0.965069]],[[0.917693,0.10186,0.38401],[0.355827,-0.640652,-0.680406],[-0.176711,-0.761045,0.624167]],[[0.917693,0.10186,0.38401],[0.334703,0.322524,-0.885411],[0.214041,-0.941065,-0.261886]],[[0.917693,0.10186,0.38401],[0.173769,0.766305,-0.618531],[0.357273,-0.634351,-0.685533]]],4]],[[0,200,0],[235.247,235.247,147.751]]],[270377,82381408905,[[86,"right",[-0.115537,-0.360613,-0.925532],[-0.108664,0.930768,-0.349089],[76.7096,101.474,24.865],[-20.4362,253.189,-10.235],[81.5594,88.383,31.3935],0.360194,0.624619,0.662433,[[-0.931334,-0.110248,0.347078],[0.0222416,-0.968514,-0.247963],[0.363487,-0.223217,0.904462]],63.72,[174.033,56.1984,321.675],[75.8918,116.467,77.4702]],[87,"left",[-0.038959,-0.187035,-0.98158],[0.355881,0.915316,-0.188533],[-137.531,112.146,13.53],[-183.408,361.884,-15.2378],[-134.333,105.887,15.0123],0,1,0.125603,[[0.948885,-0.315249,-0.0153522],[-0.238211,-0.683396,-0.690091],[-0.207059,-0.658474,0.72356]],60.6723,[-183.447,-53.8759,251.017],[-130.215,115.409,64.9999]]],[[860,[0.0382497,-0.0174818,-0.999115],86,52.1164,[136.423,124.879,-16.2525],[127.169,122.45,-23.917],[-334.85,-63.6824,-140.967],false,[103.261,129.471,72.6844],[103.261,129.471,72.6844],[120.728,124.594,26.1776],[122.032,123.998,-7.88779],[128.92,122.045,-30.1694],[[[-0.322657,-0.927111,0.190674],[0.888292,-0.227038,0.399237],[-0.326847,0.298191,0.896801]],[[-0.250717,-0.968033,0.00733959],[0.902604,-0.231017,0.363232],[-0.349925,0.0976934,0.93167]],[[-0.250717,-0.968033,0.00733959],[0.967304,-0.250215,0.04141],[-0.0382497,0.0174818,0.999115]],[[-0.250717,-0.968033,0.00733959],[0.922238,-0.236538,0.305821],[-0.294308,0.0834434,0.952061]]],0],[861,[-0.138504,0.906628,-0.39855],86,58.8075,[87.7657,126.326,-45.9477],[86.9884,139.12,-50.1762],[37.8847,215.96,-16.8882],false,[96.186,106.926,70.79],[98.7747,91.9558,-1.19384],[91.5655,105.244,-41.4084],[88.2178,127.158,-51.0415],[87.0884,144.062,-48.8288],[[[-0.992724,-0.119931,-0.0107578],[0.115157,-0.971704,0.206228],[-0.0351866,0.203488,0.978445]],[[-0.985238,-0.0852552,0.148449],[0.0338856,-0.947132,-0.319049],[0.167802,-0.309308,0.93604]],[[-0.985238,-0.0852552,0.148449],[-0.10061,-0.413228,-0.905053],[0.138504,-0.906628,0.39855]],[[-0.985238,-0.0852552,0.148449],[-0.157913,0.11778,-0.980404],[0.0661001,-0.989373,-0.129505]]],1],[862,[-0.0052277,0.885989,-0.463677],86,67.0064,[71.5841,130.471,-49.0165],[70.5417,141.853,-55.4992],[38.0816,213.934,-41.856],false,[84.3105,103.691,70.4336],[77.2514,88.5786,2.68891],[69.0911,102.644,-42.6857],[68.9424,127.838,-55.871],[71.0701,146.494,-55.1029],[[[-0.993339,0.0760842,0.0865345],[-0.0551329,-0.973288,0.222871],[0.10118,0.216616,0.971]],[[-0.973014,0.102461,0.206752],[-0.156787,-0.950972,-0.266589],[0.169301,-0.29181,0.941373]],[[-0.973014,0.102461,0.206752],[-0.230689,-0.452244,-0.861544],[0.0052277,-0.885989,0.463677]],[[-0.973014,0.102461,0.206752],[-0.201061,0.0631779,-0.977539],[-0.113222,-0.992729,-0.040872]]],2],[863,[-0.011269,0.833428,-0.552513],86,64.4285,[45.8924,123.959,-42.2977],[45.5195,136.312,-46.8561],[43.1343,280.274,-20.8763],false,[72.0345,103.568,70.8955],[56.4186,89.5884,11.8659],[43.7811,100.064,-29.6891],[43.4689,123.151,-44.9949],[47.0002,141.424,-46.6436],[[[-0.960621,0.180284,0.211433],[-0.122708,-0.957963,0.259324],[0.249297,0.223168,0.942363]],[[-0.920049,0.207773,0.332176],[-0.271124,-0.949663,-0.156944],[0.282846,-0.234457,0.930069]],[[-0.920049,0.207773,0.332176],[-0.391642,-0.512082,-0.764453],[0.011269,-0.833428,0.55251