{"metadata":{"formatVersion":2,"generatedBy":"LeapJS Playback 0.2.1","frames":71,"protocolVersion":6,"serviceVersion":"2.2.5+26752","frameRate":"1.1e+2","modified":"Wed Apr 22 2015 20:27:27 GMT-0300 (E. South America Standard Time)"},"frames":[["id","timestamp",{"hands":[["id","type","direction","palmNormal","palmPosition","palmVelocity","stabilizedPalmPosition","pinchStrength","grabStrength","confidence","armBasis","armWidth","elbow","wrist"]]},{"pointables":[["id","direction","handId","length","stabilizedTipPosition","tipPosition","tipVelocity","tool","carpPosition","mcpPosition","pipPosition","dipPosition","btipPosition","bases","type"]]},{"interactionBox":["center","size"]}],[285272,82514914874,[[97,"right",[-0.295731,0.45692,-0.838909],[-0.374484,-0.863348,-0.338219],[-8.58727,115.715,39.461],[145.436,-6.09338,-70.591],[-19.6212,118.388,43.1479],1,0,0.479488,[[0.598625,-0.11404,-0.79287],[0.264129,0.962558,0.0609744],[0.75623,-0.245921,0.606333]],63.72,[219.881,26.7401,246.682],[15.6989,93.1387,82.9726]]],[[970,[-0.136332,-0.267316,-0.953916],97,52.1164,[-27.6261,63.8292,5.3865],[-27.9081,64.4063,5.12634],[173.23,-19.6357,-61.4977],false,[-12.3867,88.3556,94.3472],[-12.3867,88.3556,94.3472],[-33.5411,79.9971,49.9131],[-38.1894,70.8828,17.3887],[-23.671,61.773,1.45265],[[[0.630872,0.775194,-0.0327796],[-0.424373,0.380117,0.821839],[0.649545,-0.504564,0.568776]],[[0.254676,0.921087,-0.294514],[-0.869221,0.351511,0.347699],[0.423786,0.167447,0.89015]],[[0.254676,0.921087,-0.294514],[-0.957368,0.283092,0.0574944],[0.136332,0.267316,0.953916]],[[0.254676,0.921087,-0.294514],[-0.741829,-0.00928541,-0.670525],[-0.620347,0.389246,0.680924]]],0],[971,[-0.252413,0.295816,-0.921293],97,58.8075,[-58.5763,159.084,-42.9882],[-57.0805,158.601,-43.919],[192.434,10.4053,-94.9191],false,[-1.14084,108.399,88.5445],[-37.1737,134.365,29.8937],[-47.457,148.75,-9.26078],[-53.5579,155.9,-31.5288],[-58.0454,160.408,-47.3862],[[[0.81668,-0.134378,-0.561228],[0.305206,0.925947,0.22242],[0.489779,-0.352936,0.797215]],[[0.918894,-0.22505,-0.324017],[0.313598,0.915004,0.253818],[0.239355,-0.334843,0.911367]],[[0.918894,-0.22505,-0.324017],[0.303186,0.928356,0.215018],[0.252413,-0.295816,0.921293]],[[0.918894,-0.22505,-0.324017],[0.294365,0.937942,0.183344],[0.262647,-0.263853,0.928115]]],1],[972,[-0.475205,0.375458,-0.795746],97,67.0064,[-70.1858,169.474,-45.7032],[-59.3661,166.709,-51.3822],[195.818,-6.3147,-100.825],false,[9.03802,108.546,81.6173],[-17.0428,131.564,21.1396],[-39.0567,151.347,-16.9038],[-52.5698,162.024,-39.5319],[-61.7718,168.537,-54.5668],[[[0.811266,-0.336695,-0.478001],[0.449561,0.881925,0.141785],[0.373823,-0.329915,0.866841]],[[0.755031,-0.290362,-0.587893],[0.470467,0.864427,0.177278],[0.456715,-0.410434,0.789275]],[[0.755031,-0.290362,-0.587893],[0.451784,0.880182,0.145501],[0.475205,-0.375458,0.795746]],[[0.755031,-0.290362,-0.587893],[0.436057,0.891951,0.119491],[0.489676,-0.346574,0.800065]]],2],[973,[-0.361309,-0.886402,0.28939],97,64.4285,[-38.0699,71.1053,7.35745],[-30.8534,69.6065,4.81968],[149.679,2.09177,-57.3904],false,[19.0537,105.495,75.1904],[4.07108,123.937,17.2317],[-20.3091,103.688,-14.2623],[-30.3181,79.133,-6.24566],[-30.5167,67.4585,8.34052],[[[0.821221,-0.447094,-0.354547],[0.518061,0.84465,0.134832],[0.239186,-0.294404,0.925266]],[[0.82283,-0.449088,-0.348238],[0.158737,0.770024,-0.617952],[0.545667,0.453191,0.704886]],[[0.82283,-0.449088,-0.348238],[-0.438641,-0.112297,-0.891618],[0.361309,0.886402,-0.28939]],[[0.82283,-0.449088,-0.348238],[-0.568188,-0.638663,-0.518915],[0.0106315,0.624844,-0.780678]]],3],[974,[-0.489184,-0.805692,0.334005],97,50.5107,[-18.5367,76.0101,9.91085],[-11.6385,74.1647,7.62545],[148.312,-7.99807,-55.6504],false,[27.39,95.4286,69.5575],[21.8447,112.344,14.3722],[-0.226941,98.2625,-9.39408],[-9.79479,82.5041,-2.86135],[-11.734,72.2166,10.8322],[[[0.746421,-0.611537,-0.262446],[0.658566,0.735478,0.159257],[0.0956318,-0.291712,0.951714]],[[0.736593,-0.586709,-0.336457],[0.260364,0.705114,-0.659564],[0.624213,0.398229,0.67214]],[[0.736593,-0.586709,-0.336457],[-0.467045,-0.0814362,-0.880476],[0.489184,0.805692,-0.334005]],[[0.736593,-0.586709,-0.336457],[-0.666914,-0.547325,-0.50563],[0.112507,0.596831,-0.79444]]],4]],[[0,200,0],[235.247,235.247,147.751]]],[285273,82514923807,[[97,"right",[-0.297802,0.458103,-0.83753],[-0.382791,-0.861018,-0.33484],[-7.35631,115.993,38.7282],[143.352,4.05199,-73.7122],[-18.6638,118.201,42.8029],1,0,0.458567,[[0.601381,-0.123281,-0.789394],[0.270334,0.961146,0.0558432],[0.751838,-0.246983,0.611342]],63.72,[220.041,26.6057,247.172],[17.0449,93.2911,82.1101]]],[[970,[-0.125801,-0.273295,-0.953669],97,52.1164,[-25.4641,63.8984,5.00357],[-26.1605,64.4858,4.83917],[189.099,-12.8466,-51.0296],false,[-11.0011,88.7214,93.6688],[-11.0011,88.7214,93.6688],[-32.2296,80.3291,49.2764],[-36.5189,71.0109,16.7605],[-21.4856,61.7956,1.37196],[[[0.636173,0.770626,-0.0376822],[-0.416397,0.384044,0.82409],[0.649537,-0.508573,0.565205]],[[0.258806,0.918976,-0.297493],[-0.867274,0.356675,0.347303],[0.425272,0.168124,0.889313]],[[0.258806,0.918976,-0.297493],[-0.957702,0.28424,0.0448778],[0.125801,0.273295,0.953669]],[[0.258806,0.918976,-0.297493],[-0.721392,-0.0209231,-0.692211],[-0.64235,0.393757,0.657527]]],0],[971,[-0.256485,0.296574,-0.919923],97,58.8075,[-57.2223,159.521,-43.6321],[-56.085,159.154,-44.3808],[170.207,23.9576,-83.193],false,[0.350471,108.678,87.7717],[-35.8692,134.836,29.3219],[-46.3093,149.26,-9.77678],[-52.5086,156.429,-32.0117],[-57.0714,160.947,-47.8445],[[[0.812103,-0.140831,-0.566264],[0.313226,0.923984,0.219414],[0.492318,-0.355555,0.794483]],[[0.915098,-0.231875,-0.329894],[0.321783,0.912966,0.250894],[0.243006,-0.335747,0.910067]],[[0.915098,-0.231875,-0.329894],[0.311146,0.926433,0.211922],[0.256485,-0.296574,0.919923]],[[0.915098,-0.231875,-0.329894],[0.302125,0.9361,0.180106],[0.267051,-0.264483,0.926678]]],1],[972,[-0.477673,0.377921,-0.793098],97,67.0064,[-68.4284,169.186,-46.5958],[-58.3546,167.254,-51.8417],[173.456,12.0222,-87.3599],false,[10.4858,108.745,80.7796],[-15.8151,131.882,20.4429],[-37.9292,151.786,-17.4788],[-51.5125,162.533,-40.0316],[-60.7667,169.091,-55.0147],[[[0.805775,-0.343013,-0.482772],[0.456745,0.878843,0.137911],[0.376976,-0.331629,0.864819]],[[0.749135,-0.29637,-0.592419],[0.47781,0.861183,0.173383],[0.458796,-0.412951,0.786751]],[[0.749135,-0.29637,-0.592419],[0.458938,0.87712,0.141546],[0.477673,-0.377921,0.793098]],[[0.749135,-0.29637,-0.592419],[0.443044,0.88903,0.115489],[0.492451,-0.348985,0.797309]]],2],[973,[-0.364859,-0.883121,0.294915],97,64.4285,[-36.8094,71.0381,6.92651],[-30.0934,70.1126,4.32166],[132.517,17.2495,-56.7354],false,[20.4382,105.615,74.2925],[5.21845,124.099,16.4094],[-19.483,104.047,-14.9594],[-29.5904,79.5824,-6.78961],[-29.7274,67.993,7.86505],[[[0.815728,-0.453344,-0.359259],[0.524931,0.841071,0.130565],[0.242971,-0.295092,0.92406]],[[0.817466,-0.455469,-0.352558],[0.161546,0.768843,-0.618695],[0.552858,0.448808,0.702082]],[[0.817466,-0.455469,-0.352558],[-0.445676,-0.112449,-0.888103],[0.364859,0.883121,-0.294915]],[[0.817466,-0.455469,-0.352558],[-0.57593,-0.638589,-0.510401],[0.00733257,0.620284,-0.784343]]],3],[974,[-0.492268,-0.801401,0.339747],97,50.5107,[-17.2832,75.8432,9.46224],[-10.841,74.5087,6.96953],[132.629,4.98663,-60.5216],false,[28.6662,95.4825,68.6182],[22.8902,112.376,13.45],[0.600527,98.47,-10.2156],[-9.02765,82.7956,-3.57054],[-10.9094,72.5889,10.1913],[[[0.740344,-0.617147,-0.266496],[0.664806,0.730923,0.15422],[0.0996116,-0.291344,0.951418]],[[0.730358,-0.592626,-0.339663],[0.263056,0.702939,-0.660816],[0.630379,0.393282,0.669292]],[[0.730358,-0.592626,-0.339663],[-0.473549,-0.0809316,-0.877041],[0.492268,0.801401,-0.339747]],[[0.730358,-0.592626,-0.339663],[-0.674284,-0.546038,-0.497176],[0.109171,0.592146,-0.798402]]],4]],[[0,200,0],[235.247,235.247,147.751]]],[285274,82514932216,[[97,"right",[-0.283375,0.472877,-0.834318],[-0.417189,-0.844132,-0.336742],[-4.45168,116.485,37.983],[195.714,18.1615,-77.5779],[-17.4063,118.049,42.3764],1,0,0.33239,[[0.598371,-0.161567,-0.78476],[0.293139,0.955695,0.0267559],[0.745669,-0.246054,0.619222]],63.72,[220.566,26.2356,248.353],[19.2352,92.6702,81.1636]]],[[970,[-0.129496,-0.267935,-0.954694],97,52.1164,[-23.7905,64.8673,4.39429],[-24.7064,65.682,4.13786],[187.057,26.4433,-57.902],false,[-8.91781,89.1378,92.8251],[-8.91781,89.1378,92.8251],[-30.5425,81.7045,48.453],[-34.9578,72.5691,15.9022],[-19.9728,62.8457,0.781424],[[[0.665324,0.745625,-0.037252],[-0.397785,0.396286,0.827481],[0.631753,-0.535724,0.560257]],[[0.292583,0.909609,-0.294968],[-0.852482,0.387862,0.350481],[0.433208,0.14891,0.888907]],[[0.292583,0.909609,-0.294968],[-0.947431,0.317525,0.0393977],[0.129496,0.267935,0.954694]],[[0.292583,0.909609,-0.294968],[-0.710234,0.000170276,-0.703965],[-0.640283,0.415465,0.646085]]],0],[971,[-0.253987,0.300899,-0.919212],97,58.8075,[-54.4943,160.839,-44.1798],[-52.0544,161.54,-44.7715],[246.759,81.9798,-75.6939],false,[3.1719,108.666,86.9616],[-32.254,136.456,28.779],[-42.4561,151.222,-10.2549],[-48.595,158.495,-32.4726],[-53.1554,163.037,-48.2994],[[[0.803673,-0.16966,-0.570372],[0.349627,0.910236,0.221881],[0.481529,-0.377738,0.79085]],[[0.903625,-0.265073,-0.33645],[0.356472,0.900893,0.247629],[0.237466,-0.343699,0.90856]],[[0.903625,-0.265073,-0.33645],[0.344896,0.916076,0.204575],[0.253987,-0.300899,0.919212]],[[0.903625,-0.265073,-0.33645],[0.334994,0.92685,0.169492],[0.266911,-0.265866,0.926323]]],1],[972,[-0.465026,0.399636,-0.789964],97,67.0064,[-65.8095,169.422,-47.5556],[-53.7376,170.139,-52.1528],[273.247,98.514,-75.094],false,[13.2728,108.371,79.9258],[-12.3664,132.767,19.8007],[-33.7446,153.779,-17.9454],[-46.9683,165.143,-40.4092],[-56.0242,172.088,-55.339],[[[0.789884,-0.371805,-0.487694],[0.490951,0.859935,0.139568],[0.367493,-0.349676,0.861786]],[[0.735103,-0.322935,-0.596101],[0.512744,0.840053,0.177214],[0.443528,-0.435918,0.783108]],[[0.735103,-0.322935,-0.596101],[0.49333,0.857907,0.143601],[0.465026,-0.399636,0.789964]],[[0.735103,-0.322935,-0.596101],[0.47686,0.871286,0.116042],[0.4819,-0.36956,0.79448]]],2],[973,[-0.397017,-0.869443,0.294017],97,64.4285,[-35.6265,71.2191,6.45633],[-29.028,71.7544,3.49828],[131.764,63.1705,-67.5694],false,[23.0695,104.887,73.3825],[8.33347,124.195,15.6434],[-17.233,105.307,-15.7545],[-28.2312,81.2212,-7.60968],[-28.7179,69.6272,7.03382],[[[0.796081,-0.48297,-0.364683],[0.557595,0.819588,0.131769],[0.23525,-0.308244,0.921761]],[[0.797835,-0.485285,-0.357712],[0.1898,0.765357,-0.614984],[0.572219,0.422762,0.702736]],[[0.797835,-0.485285,-0.357712],[-0.453692,-0.0925595,-0.886339],[0.397017,0.869443,-0.294017]],[[0.797835,-0.485285,-0.357712],[-0.602312,-0.615982,-0.507726],[0.0260475,0.620536,-0.783745]]],3],[974,[-0.52131,-0.782812,0.339766],97,50.5107,[-16.1069,75.839,8.97336],[-9.60283,75.3864,6.06062],[137.181,30.7634,-73.1116],false,[30.8759,94.4691,67.6305],[25.5263,111.811,12.5586],[2.66134,98.9314,-11.139],[-7.53485,83.6206,-4.49362],[-9.71503,73.4833,9.27553],[[[0.714811,-0.644136,-0.272274],[0.693205,0.704017,0.154357],[0.0922585,-0.299078,0.949758]],[[0.705642,-0.619329,-0.344239],[0.289681,0.69552,-0.657523],[0.646649,0.364256,0.670196]],[[0.705642,-0.619329,-0.344239],[-0.479902,-0.060298,-0.875248],[0.52131,0.782812,-0.339766]],[[0.705642,-0.619329,-0.344239],[-0.697188,-0.520142,-0.493336],[0.126484,0.588118,-0.798823]]],4]],[[0,200,0],[235.247,235.247,147.751]]],[285275,82514941048,[[97,"right",[-0.274293,0.4815,-0.832419],[-0.426656,-0.836691,-0.343383],[-2.97729,116.559,36.9975],[187.938,15.5248,-86.7663],[-15.8839,117.892,41.8089],1,0,0.300061,[[0.6017,-0.173355,-0.779683],[0.29796,0.954414,0.0177372],[0.741065,-0.242987,0.625923]],63.72,[220.335,26.5767,249.115],[20.2471,92.1831,80.1161]]],[[970,[-0.115798,-0.265166,-0.957224],97,52.1164,[-22.0236,65.2886,3.3321],[-23.0097,65.995,2.93204],[191.575,28.5641,-78.0508],false,[-7.99093,88.9389,91.6552],[-7.99093,88.9389,91.6552],[-29.4169,81.9922,47.1082],[-33.3651,72.9511,14.471],[-18.1112,63.1249,-0.310499],[[[0.674882,0.737303,-0.0303165],[-0.395732,0.396294,0.828461],[0.622841,-0.547116,0.559226]],[[0.305232,0.907576,-0.288338],[-0.850058,0.396155,0.347079],[0.429227,0.139164,0.892411]],[[0.305232,0.907576,-0.288338],[-0.945211,0.325564,0.0241579],[0.115798,0.265166,0.957224]],[[0.305232,0.907576,-0.288338],[-0.69428,0.00485122,-0.719689],[-0.651774,0.419859,0.631593]]],0],[971,[-0.251305,0.301553,-0.919734],97,58.8075,[-51.967,161.87,-45.0056],[-49.9092,162.429,-45.6893],[242.631,79.848,-84.8815],false,[4.36742,108.346,85.9543],[-30.4896,136.938,27.8165],[-40.4921,151.892,-11.1977],[-46.5663,159.18,-33.428],[-51.1062,163.682,-49.2722],[[[0.803528,-0.176419,-0.568523],[0.360359,0.904346,0.228689],[0.473797,-0.388631,0.790242]],[[0.901078,-0.274073,-0.336068],[0.365859,0.896513,0.249823],[0.23282,-0.348064,0.908101]],[[0.901078,-0.274073,-0.336068],[0.353417,0.913208,0.202847],[0.251305,-0.301553,0.919734]],[[0.901078,-0.274073,-0.336068],[0.342713,0.924906,0.164608],[0.265717,-0.2635,0.927342]]],1],[972,[-0.456056,0.410418,-0.789665],97,67.0064,[-62.4366,169.978,-48.7673],[-51.1754,171.452,-52.9855],[279.782,112.381,-81.0406],false,[14.4894,107.966,78.953],[-10.6179,133.051,18.8869],[-31.4835,154.66,-18.8087],[-44.4521,166.331,-41.2639],[-53.3642,173.451,-56.1975],[[[0.786867,-0.378869,-0.487132],[0.501332,0.85275,0.146575],[0.359869,-0.35955,0.86094]],[[0.733555,-0.329043,-0.594667],[0.52393,0.83111,0.186424],[0.432892,-0.448315,0.78206]],[[0.733555,-0.329043,-0.594667],[0.503896,0.850463,0.151002],[0.456056,-0.410418,0.789665]],[[0.733555,-0.329043,-0.594667],[0.486812,0.864958,0.121908],[0.474249,-0.378917,0.794676]]],2],[973,[-0.408897,-0.865952,0.287976],97,64.4285,[-34.4298,71.4813,5.84413],[-27.9342,72.4521,2.14765],[129.795,67.6355,-91.0288],false,[24.2648,104.397,72.4236],[9.98633,124.242,14.7513],[-15.6747,105.946,-16.9198],[-27.002,81.9576,-8.9423],[-27.6573,70.3213,5.66107],[[[0.791202,-0.490849,-0.364782],[0.567486,0.811606,0.138767],[0.227945,-0.316801,0.920694]],[[0.792974,-0.493331,-0.357515],[0.203303,0.767432,-0.608042],[0.574335,0.409478,0.70885]],[[0.792974,-0.493331,-0.357515],[-0.451658,-0.0821704,-0.888399],[0.408897,0.865952,-0.287976]],[[0.792974,-0.493331,-0.357515],[-0.608245,-0.607247,-0.511164],[0.0350727,0.622796,-0.781597]]],3],[974,[-0.532839,-0.777513,0.334001],97,50.5107,[-14.9307,75.8995,8.36604],[-8.46616,75.8128,4.7864],[135.193,35.8407,-92.7274],false,[31.9591,93.9158,66.6359],[27.0315,111.658,11.6523],[4.15301,99.2677,-12.2919],[-6.26868,84.0605,-5.75918],[-8.60414,73.9203,7.98233],[[[0.707553,-0.651525,-0.27365],[0.701532,0.694182,0.161133],[0.0849808,-0.305985,0.948236]],[[0.699227,-0.626845,-0.343726],[0.30403,0.695895,-0.650612],[0.64703,0.350423,0.677168]],[[0.699227,-0.626845,-0.343726],[-0.476618,-0.0503923,-0.877665],[0.532839,0.777513,-0.334001]],[[0.699227,-0.626845,-0.343726],[-0.701943,-0.510865,-0.49628],[0.135493,0.588288,-0.797219]]],4]],[[0,200,0],[235.247,235.247,147.751]]],[285276,82514949479,[[97,"right",[-0.278736,0.457208,-0.844552],[-0.400676,-0.854575,-0.330395],[-1.91665,116.046,35.6936],[171.8,-4.32153,-104.398],[-14.4083,117.697,41.1628],1,0,0.315164,[[0.613034,-0.154663,-0.77477],[0.287755,0.957003,0.0366443],[0.73579,-0.245408,0.63118]],63.72,[220.182,26.9105,249.933],[21.5191,93.1706,79.5145]]],[[970,[-0.0928925,-0.286264,-0.953637],97,52.1164,[-19.1901,64.223,2.865],[-19.8721,64.377,2.5584],[238.654,-22.9175,-68.3139],false,[-6.73601,89.3982,90.8493],[-6.73601,89.3982,90.8493],[-27.5085,81.2118,46.2035],[-30.6758,71.4515,13.6886],[-14.8321,61.7152,-0.520889],[[[0.655194,0.754461,-0.0388524],[-0.414449,0.401965,0.81649],[0.631627,-0.518857,0.576051]],[[0.288636,0.90891,-0.300953],[-0.862276,0.383391,0.330895],[0.416136,0.163997,0.894391]],[[0.288636,0.90891,-0.300953],[-0.952922,0.30321,0.00180495],[0.0928925,0.286264,0.953637]],[[0.288636,0.90891,-0.300953],[-0.677047,-0.0284928,-0.735388],[-0.676976,0.416019,0.607151]]],0],[971,[-0.254284,0.26933,-0.928871],97,58.8075,[-50.7864,160.234,-46.7437],[-49.4501,158.697,-48.3687],[190.87,-61.7045,-146.625],false,[5.1553,109.014,84.8739],[-29.871,135.488,25.8422],[-40.0219,149.208,-13.5848],[-46.168,155.718,-36.036],[-50.7508,159.623,-52.0257],[[[0.813601,-0.166036,-0.557212],[0.333744,0.918114,0.213733],[0.476097,-0.359859,0.802392]],[[0.910968,-0.255823,-0.32356],[0.3381,0.912453,0.230472],[0.236274,-0.319348,0.91771]],[[0.910968,-0.255823,-0.32356],[0.324771,0.928448,0.1803],[0.254284,-0.26933,0.928871]],[[0.910968,-0.255823,-0.32356],[0.313355,0.939325,0.13956],[0.268226,-0.228524,0.935859]]],1],[972,[-0.457942,0.384284,-0.801633],97,67.0064,[-59.788,169.622,-50.3023],[-50.6027,167.978,-55.7844],[225.981,-21.9955,-146.408],false,[15.3533,108.766,77.9777],[-9.81417,131.961,17.1814],[-30.797,152.385,-21.1048],[-43.8192,163.313,-43.9004],[-52.7581,169.918,-59.0532],[[[0.801547,-0.367195,-0.4719],[0.476859,0.868703,0.134017],[0.360731,-0.332451,0.871407]],[[0.747905,-0.320905,-0.581083],[0.501129,0.847031,0.177222],[0.435325,-0.423743,0.794314]],[[0.747905,-0.320905,-0.581083],[0.480549,0.865648,0.140453],[0.457941,-0.384284,0.801633]],[[0.747905,-0.320905,-0.581083],[0.463003,0.879475,0.110234],[0.475674,-0.351488,0.806344]]],2],[973,[-0.388275,-0.870595,0.302169],97,64.4285,[-33.0173,71.4462,5.22234],[-25.2871,70.6768,1.50529],[177.072,-3.9451,-87.8121],false,[25.2855,105.332,71.6146],[11.0586,123.629,13.42],[-13.7638,104.079,-18.1702],[-24.5198,79.9621,-9.79956],[-24.9844,68.6401,5.05604],[[[0.807652,-0.47655,-0.347273],[0.544164,0.829208,0.127669],[0.227121,-0.292086,0.929033]],[[0.809477,-0.478916,-0.339685],[0.189986,0.761049,-0.620249],[0.555564,0.437542,0.70704]],[[0.809477,-0.478916,-0.339685],[-0.440442,-0.112708,-0.890678],[0.388275,0.870595,-0.302169]],[[0.809477,-0.478916,-0.339685],[-0.586625,-0.635167,-0.502428],[0.0248642,0.605972,-0.795098]]],3],[974,[-0.515385,-0.784245,0.345455],97,50.5107,[-13.5433,75.7796,7.75944],[-5.92582,74.6207,4.24268],[178.119,-9.36528,-86.0218],false,[33.3147,94.9484,66.1133],[28.4643,111.45,10.7376],[6.21992,98.0287,-13.2486],[-3.86038,82.6898,-6.49196],[-6.03348,72.8162,7.46861],[[[0.727422,-0.637567,-0.253703],[0.681073,0.715908,0.153674],[0.0836501,-0.284576,0.954997]],[[0.719339,-0.615004,-0.322988],[0.294601,0.691161,-0.659929],[0.629096,0.37956,0.67836]],[[0.719339,-0.615004,-0.322988],[-0.465758,-0.0820356,-0.881101],[0.515385,0.784245,-0.345455]],[[0.719339,-0.615004,-0.322988],[-0.683123,-0.541892,-0.489587],[0.126073,0.57282,-0.809928]]],4]],[[0,200,0],[235.247,235.247,147.751]]],[285277,82514958487,[[97,"right",[-0.279539,0.445945,-0.850289],[-0.380463,-0.864546,-0.328342],[-0.478118,115.674,34.9219],[168.474,-14.4535,-99.249],[-12.7729,117.46,40.4301],1,0,0.32975,[[0.622425,-0.138156,-0.770389],[0.276042,0.959797,0.0509008],[0.732385,-0.244342,0.635539]],63.72,[220.724,27.5897,250.716],[22.9803,93.562,79.1204]]],[[970,[-0.0778722,-0.292203,-0.953181],97,52.1164,[-16.264,63.4275,2.26117],[-16.9506,63.5429,1.95872],[259.839,-37.9398,-68.3511],false,[-5.30302,89.3047,90.2105],[-5.30302,89.3047,90.2105],[-25.4368,80.5669,45.3769],[-28.0919,70.6041,12.8777],[-11.91,61.0606,-1.07942],[[[0.640477,0.767048,-0.0377631],[-0.430212,0.399087,0.80972],[0.636165,-0.502361,0.5856]],[[0.277201,0.912038,-0.302237],[-0.872053,0.370872,0.319338],[0.403339,0.175046,0.898152]],[[0.277201,0.912038,-0.302237],[-0.957651,0.287758,-0.00997635],[0.0778722,0.292203,0.953181]],[[0.277201,0.912038,-0.302237],[-0.667152,-0.0436611,-0.743641],[-0.691425,0.407775,0.596365]]],0],[971,[-0.253623,0.252726,-0.933705],97,58.8075,[-49.6186,158.314,-48.3598],[-48.2031,156.586,-49.9002],[174.851,-113.254,-153.806],false,[6.25501,109.112,84.2146],[-28.7151,134.492,24.671],[-38.8581,147.609,-14.9628],[-44.9883,153.718,-37.5308],[-49.5522,157.304,-53.6002],[[[0.822086,-0.153555,-0.548265],[0.313419,0.925965,0.210613],[0.475334,-0.344979,0.80935]],[[0.918621,-0.239438,-0.314334],[0.316855,0.92166,0.223932],[0.236091,-0.305307,0.922523]],[[0.918621,-0.239438,-0.314334],[0.303004,0.937443,0.171432],[0.253623,-0.252726,0.933705]],[[0.918621,-0.239438,-0.314334],[0.291176,0.947951,0.12886],[0.26712,-0.209899,0.940526]]],1],[972,[-0.456813,0.371709,-0.80818],97,67.0064,[-57.3158,168.919,-51.9087],[-49.2411,166.177,-57.325],[206.404,-69.5375,-153.27],false,[16.5222,109.021,77.418],[-8.50945,131.306,16.2266],[-29.4562,151.183,-22.3663],[-42.4463,161.753,-45.3481],[-51.3579,168.103,-60.6257],[[[0.813191,-0.35434,-0.461696],[0.458251,0.878875,0.132608],[0.358785,-0.319408,0.87707]],[[0.75962,-0.309788,-0.571847],[0.483861,0.856721,0.17863],[0.434576,-0.412385,0.800676]],[[0.75962,-0.309788,-0.571847],[0.462925,0.875136,0.140843],[0.456813,-0.371709,0.80818]],[[0.75962,-0.309788,-0.571847],[0.445071,0.888744,0.109755],[0.474225,-0.337885,0.812985]]],2],[973,[-0.373884,-0.876046,0.304555],97,64.4285,[-31.1049,71.2452,4.46165],[-22.5665,69.7206,0.801195],[210.858,-31.4611,-85.9411],false,[26.5816,105.743,71.1737],[12.5596,123.365,12.7219],[-11.5394,103.198,-19.0397],[-21.8967,78.9299,-10.6029],[-22.258,67.7308,4.34838],[[[0.820252,-0.46272,-0.336269],[0.526382,0.840683,0.127174],[0.22385,-0.281321,0.93314]],[[0.82209,-0.46505,-0.328476],[0.182329,0.761575,-0.621901],[0.539374,0.451368,0.710875]],[[0.82209,-0.46505,-0.328476],[-0.429393,-0.12756,-0.894064],[0.373884,0.876046,-0.304555]],[[0.82209,-0.46505,-0.328476],[-0.569029,-0.651503,-0.501747],[0.0193344,0.599393,-0.800221]]],3],[974,[-0.503314,-0.791592,0.346494],97,50.5107,[-11.6686,75.5607,7.04272],[-3.30332,74.0538,3.69678],[208.951,-23.5032,-79.4767],false,[34.8677,95.4843,65.8207],[30.2281,111.517,10.2894],[8.53465,97.5518,-13.8902],[-1.30957,82.0692,-7.11317],[-3.39901,72.2901,6.92647],[[[0.742323,-0.624672,-0.242368],[0.665248,0.7303,0.155262],[0.0800138,-0.276489,0.95768]],[[0.734625,-0.603119,-0.310762],[0.289696,0.693014,-0.660157],[0.613516,0.394942,0.683827]],[[0.734625,-0.603119,-0.310762],[-0.454974,-0.0981318,-0.885081],[0.503314,0.791592,-0.346494]],[[0.734625,-0.603119,-0.310762],[-0.667557,-0.560693,-0.489889],[0.121219,0.567336,-0.814515]]],4]],[[0,200,0],[235.247,235.247,147.751]]],[285278,82514966922,[[97,"right",[-0.275599,0.439329,-0.855006],[-0.366747,-0.870229,-0.328935],[1.25552,115.537,34.3234],[178.101,-14.9183,-91.8972],[-11.1196,117.233,39.7105],1,0,0.342426,[[0.628881,-0.128273,-0.766848],[0.267762,0.961694,0.0587228],[0.72994,-0.242262,0.639137]],63.72,[221.579,28.463,251.425],[24.4955,93.8739,78.8584]]],[[970,[-0.0647789,-0.295128,-0.953259],97,52.1164,[-13.5628,63.0523,1.68771],[-14.1625,63.1635,1.38566],[276.121,-37.1311,-68.4968],false,[-3.85344,89.3269,89.6622],[-3.85344,89.3269,89.6622],[-23.3695,80.2822,44.6169],[-25.5782,70.2196,12.1149],[-9.12796,60.794,-1.60648],[[[0.631805,0.774382,-0.033975],[-0.443538,0.397126,0.803471],[0.635686,-0.492568,0.594374]],[[0.272185,0.913819,-0.301414],[-0.879239,0.36346,0.307954],[0.390966,0.181194,0.902394]],[[0.272185,0.913819,-0.301414],[-0.960062,0.278988,-0.0211331],[0.0647789,0.295128,0.953259]],[[0.272185,0.913819,-0.301414],[-0.657159,-0.0522813,-0.751937],[-0.702893,0.402742,0.586294]]],0],[971,[-0.248545,0.242487,-0.937777],97,58.8075,[-48.1419,156.85,-49.6963],[-46.1532,155.393,-51.1816],[191.756,-123.165,-153.801],false,[7.53521,109.246,83.7111],[-27.0885,133.982,23.696],[-37.028,146.732,-16.1087],[-43.0354,152.593,-38.7751],[-47.5074,155.981,-54.9132],[[[0.829673,-0.145988,-0.538822],[0.300257,0.930398,0.210251],[0.470625,-0.336225,0.81576]],[[0.924475,-0.229562,-0.304379],[0.30302,0.926946,0.221248],[0.231353,-0.296771,0.9265]],[[0.924475,-0.229562,-0.304379],[0.289086,0.942604,0.167117],[0.248545,-0.242487,0.937777]],[[0.924475,-0.229562,-0.304379],[0.277195,0.952875,0.123256],[0.26174,-0.19832,0.944543]]],1],[972,[-0.451808,0.364638,-0.814192],97,67.0064,[-55.0098,168.197,-53.374],[-47.0631,165.228,-58.6053],[220.556,-79.7899,-152.979],false,[17.8752,109.25,77.0252],[-6.7573,131.001,15.4809],[-27.4729,150.577,-23.3894],[-40.3207,160.946,-46.542],[-49.1351,167.15,-61.9358],[[[0.822204,-0.346528,-0.451551],[0.44646,0.884715,0.133989],[0.353063,-0.311765,0.882127]],[[0.769239,-0.302988,-0.562556],[0.47282,0.862115,0.182207],[0.429782,-0.406149,0.806431]],[[0.769239,-0.302988,-0.562556],[0.45182,0.880476,0.143601],[0.451808,-0.364638,0.814192]],[[0.769239,-0.302988,-0.562556],[0.433897,0.893997,0.111812],[0.469046,-0.330102,0.819163]]],2],[973,[-0.367093,-0.879216,0.303681],97,64.4285,[-28.8899,70.9909,3.64398],[-19.8777,69.3086,0.106848],[238.398,-35.4019,-86.1318],false,[28.0388,106.066,70.902],[14.4399,123.295,12.2336],[-9.04721,102.829,-19.7939],[-19.2164,78.4728,-11.3813],[-19.5875,67.3565,3.6314],[[[0.829188,-0.454331,-0.325624],[0.515089,0.847307,0.129437],[0.217097,-0.275053,0.936597]],[[0.831015,-0.456667,-0.317599],[0.18187,0.762648,-0.620719],[0.525678,0.458065,0.716826]],[[0.831015,-0.456667,-0.317599],[-0.41792,-0.135775,-0.898281],[0.367093,0.879216,-0.303681]],[[0.831015,-0.456667,-0.317599],[-0.555895,-0.661419,-0.503493],[0.0198628,0.594962,-0.803508]]],3],[974,[-0.497523,-0.795631,0.345603],97,50.5107,[-9.48993,75.3268,6.31381],[-0.686542,73.8419,3.23643],[235.286,-23.5318,-72.931],false,[36.5017,95.8845,65.6789],[32.2712,111.646,10.0376],[11.043,97.3705,-14.3723],[1.312,81.8089,-7.61274],[-0.78276,72.1092,6.48105],[[[0.752159,-0.616824,-0.231915],[0.65493,0.738676,0.159449],[0.0729583,-0.27182,0.959579]],[[0.745085,-0.595979,-0.299426],[0.290542,0.694127,-0.658615],[0.600361,0.403728,0.690341]],[[0.745085,-0.595979,-0.299426],[-0.444205,-0.108532,-0.889327],[0.497523,0.795631,-0.345603]],[[0.745085,-0.595979,-0.299426],[-0.655804,-0.572836,-0.491712],[0.121528,0.562732,-0.817657]]],4]],[[0,200,0],[235.247,235.247,147.751]]],[285279,82514975576,[[97,"right",[-0.265594,0.431924,-0.861917],[-0.346679,-0.877012,-0.332662],[2.17721,115.6,33.3325],[159.087,-9.03077,-97.9007],[-9.49544,117.034,38.9314],1,0,0.344938,[[0.635329,-0.111736,-0.764116],[0.256144,0.963952,0.0720143],[0.728524,-0.241476,0.641047]],63.72,[221.576,29.2621,251.479],[24.8744,94.4608,78.3962]]],[[970,[-0.0403645,-0.298176,-0.953657],97,52.1164,[-10.9794,62.8587,0.685412],[-11.6024,62.9393,0.291045],[280.543,-31.8207,-83.9837],false,[-3.60667,89.5107,88.662],[-3.60667,89.5107,88.662],[-22.0012,80.0923,43.223],[-23.3774,69.9258,10.7075],[-6.49486,60.6891,-2.61132],[[[0.620248,0.784019,-0.0246308],[-0.465298,0.39302,0.793116],[0.631498,-0.480468,0.608572]],[[0.266504,0.916646,-0.297884],[-0.890609,0.352363,0.287498],[0.368498,0.188679,0.91028]],[[0.266504,0.916646,-0.297884],[-0.962988,0.266178,-0.0424652],[0.0403645,0.298176,0.953657]],[[0.266504,0.916646,-0.297884],[-0.639222,-0.063218,-0.766419],[-0.721367,0.394668,0.569093]]],0],[971,[-0.234044,0.235137,-0.943363],97,58.8075,[-46.4861,155.653,-51.3125],[-44.1737,154.404,-53.2333],[201.732,-120.827,-176.029],false,[7.58563,109.584,82.8574],[-26.2363,133.562,22.0825],[-35.5946,146.023,-17.954],[-41.2515,151.706,-40.7554],[-45.4629,154.961,-56.9909],[[[0.842232,-0.134946,-0.521953],[0.281598,0.935713,0.212471],[0.459726,-0.32593,0.826088]],[[0.933679,-0.216154,-0.285518],[0.284245,0.932284,0.223722],[0.217826,-0.290041,0.931895]],[[0.933679,-0.216154,-0.285518],[0.271047,0.947622,0.168953],[0.234044,-0.235137,0.943363]],[[0.933679,-0.216154,-0.285518],[0.259783,0.957599,0.124565],[0.246487,-0.190477,0.950244]]],1],[972,[-0.441128,0.355294,-0.824119],97,67.0064,[-52.73,167.406,-55.0124],[-45.0635,164.26,-60.6951],[223.374,-88.1616,-176.652],false,[18.0533,109.725,76.3746],[-5.70429,130.869,14.2775],[-25.9387,150.021,-25.0552],[-38.4828,160.124,-48.4901],[-47.086,166.144,-64.075],[[[0.83617,-0.335266,-0.434069],[0.429958,0.892045,0.139254],[0.340522,-0.303072,0.890052]],[[0.784689,-0.292931,-0.546311],[0.456107,0.869664,0.188814],[0.419797,-0.397337,0.816023]],[[0.784689,-0.292931,-0.546311],[0.435511,0.88767,0.149576],[0.441128,-0.355294,0.824119]],[[0.784689,-0.292931,-0.546311],[0.417936,0.900879,0.11725],[0.457813,-0.320327,0.829335]]],2],[973,[-0.359446,-0.883771,0.299578],97,64.4285,[-26.3111,70.697,2.59926],[-17.5177,69.0339,-1.15186],[246.95,-33.9569,-102.733],false,[28.383,106.678,70.4634],[15.6695,123.484,11.4744],[-6.83857,102.637,-21.0075],[-16.796,78.155,-12.7086],[-17.2693,67.1148,2.35727],[[[0.84236,-0.442497,-0.307614],[0.499236,0.855696,0.136188],[0.202961,-0.268291,0.941715]],[[0.844089,-0.444808,-0.299433],[0.183665,0.764495,-0.617912],[0.503767,0.466577,0.726997]],[[0.844089,-0.444808,-0.299433],[-0.397885,-0.14524,-0.905866],[0.359446,0.883771,-0.299578]],[[0.844089,-0.444808,-0.299433],[-0.535604,-0.673048,-0.510034],[0.0253345,0.590892,-0.806353]]],3],[974,[-0.491611,-0.801507,0.340449],97,50.5107,[-6.94538,75.1151,5.43919],[1.56008,73.8597,2.37477],[241.757,-16.2057,-79.8448],false,[37.1037,96.6115,65.446],[33.7192,112.107,9.67205],[13.2432,97.4615,-15.1579],[3.62786,81.785,-8.49914],[1.44369,72.1619,5.63356],[[[0.766044,-0.605837,-0.214799],[0.640133,0.749368,0.169345],[0.0583678,-0.267225,0.961865]],[[0.760108,-0.585727,-0.281353],[0.294779,0.696692,-0.654008],[0.579086,0.41418,0.702221]],[[0.760108,-0.585727,-0.281353],[-0.424917,-0.120462,-0.897181],[0.491611,0.801507,-0.340449]],[[0.760108,-0.585727,-0.281353],[-0.637321,-0.587572,-0.498579],[0.126715,0.558286,-0.819914]]],4]],[[0,200,0],[235.247,235.247,147.751]]],[285280,82514984273,[[97,"right",[-0.256122,0.439506,-0.860951],[-0.349937,-0.872406,-0.341251],[4.6663,116.066,32.8156],[192.988,7.65189,-87.6435],[-7.59183,116.903,38.1093],1,0,0.360553,[[0.639588,-0.11681,-0.759791],[0.257479,0.963848,0.0685629],[0.724315,-0.239482,0.646542]],63.72,[222.442,29.8107,252.472],[26.8773,94.4709,77.9055]]],[[970,[-0.0324301,-0.292396,-0.955747],97,52.1164,[-8.324,63.3947,-0.182408],[-8.93152,63.6715,-0.587293],[287.87,-1.64564,-87.3034],false,[-1.71362,89.6421,87.9206],[-1.71362,89.6421,87.9206],[-19.7438,80.6069,42.2583],[-20.8495,70.6375,9.6715],[-3.77097,61.3951,-3.39103],[[[0.625607,0.780002,-0.0145759],[-0.468732,0.390755,0.792213],[0.623623,-0.488782,0.610071]],[[0.274516,0.916868,-0.289816],[-0.891166,0.355796,0.281483],[0.361199,0.181003,0.914753]],[[0.274516,0.916868,-0.289816],[-0.961035,0.271767,-0.0505334],[0.0324301,0.292396,0.955747]],[[0.274516,0.916868,-0.289816],[-0.626195,-0.0582714,-0.777486],[-0.72974,0.394914,0.558142]]],0],[971,[-0.225852,0.244076,-0.943089],97,58.8075,[-44.0529,155.663,-52.451],[-40.8031,155.817,-53.8097],[251.259,-43.7298,-146.384],false,[9.65572,109.678,82.338],[-23.5405,134.293,21.4723],[-32.5254,147.159,-18.5215],[-37.9843,153.058,-41.3164],[-42.0628,156.457,-57.5561],[[[0.845285,-0.137046,-0.516441],[0.286168,0.932352,0.220971],[0.451222,-0.334573,0.827321]],[[0.934191,-0.220203,-0.28071],[0.289052,0.928348,0.233707],[0.209134,-0.299466,0.930904]],[[0.934191,-0.220203,-0.28071],[0.276186,0.944424,0.17828],[0.225852,-0.244076,0.943089]],[[0.934191,-0.220203,-0.28071],[0.265151,0.954948,0.1333],[0.238711,-0.198958,0.950491]]],1],[972,[-0.432312,0.364182,-0.824911],97,67.0064,[-49.9393,167.11,-56.511],[-41.5195,165.72,-61.22],[272.799,-19.867,-145.608],false,[20.1733,109.793,75.9361],[-2.96773,131.516,13.8056],[-22.7576,151.102,-25.5391],[-35.051,161.458,-48.9966],[-43.4949,167.642,-64.6043],[[[0.837222,-0.33791,-0.429972],[0.434791,0.888188,0.148589],[0.331686,-0.31135,0.890531]],[[0.786855,-0.294452,-0.542363],[0.460746,0.86497,0.198849],[0.410576,-0.406357,0.816273]],[[0.786855,-0.294452,-0.542363],[0.440415,0.883555,0.159264],[0.432312,-0.364182,0.824911]],[[0.786855,-0.294452,-0.542363],[0.423033,0.897223,0.126625],[0.449335,-0.329073,0.830547]]],2],[973,[-0.367665,-0.883364,0.290671],97,64.4285,[-23.4483,70.671,1.43266],[-15.0305,69.9664,-2.16758],[257.3,3.84674,-107.058],false,[30.5276,106.718,70.083],[18.3774,124.006,11.1148],[-3.99583,103.619,-21.7495],[-14.1809,79.1481,-13.6973],[-14.8228,68.0356,1.30909],[[[0.841733,-0.446032,-0.304206],[0.503848,0.851398,0.145803],[0.193968,-0.276,0.941382]],[[0.843392,-0.448422,-0.295984],[0.194782,0.768576,-0.609386],[0.500748,0.456299,0.735556]],[[0.843392,-0.448422,-0.295984],[-0.391805,-0.136327,-0.909892],[0.367665,0.883364,-0.290671]],[[0.843392,-0.448422,-0.295984],[-0.536198,-0.667217,-0.517023],[0.034359,0.59476,-0.803169]]],3],[974,[-0.499456,-0.79994,0.332626],97,50.5107,[-4.05675,75.127,4.462],[4.08,74.6367,1.5648],[254.898,12.251,-83.3267],false,[39.2193,96.6272,65.0636],[36.3644,112.521,9.37236],[16.0337,98.2352,-15.7841],[6.26493,82.5894,-9.27833],[3.94311,72.9438,4.81702],[[[0.763627,-0.609482,-0.213088],[0.643778,0.743908,0.179305],[0.0492347,-0.274103,0.960439]],[[0.758466,-0.589292,-0.278323],[0.306806,0.699643,-0.645267],[0.574977,0.404022,0.711454]],[[0.758466,-0.589292,-0.278323],[-0.418655,-0.113275,-0.901053],[0.499456,0.79994,-0.332626]],[[0.758466,-0.589292,-0.278323],[-0.63764,-0.582743,-0.503811],[0.134701,0.559593,-0.817747]]],4]],[[0,200,0],[235.247,235.247,147.751]]],[285281,82514992883,[[97,"right",[-0.234814,0.460144,-0.85623],[-0.357655,-0.859964,-0.364066],[7.77692,116.484,33.1531],[237.488,18.4649,-54.1026],[-5.13399,116.836,37.3167],1,0,0.368787,[[0.640057,-0.127001,-0.757758],[0.258531,0.964334,0.0567505],[0.723525,-0.232228,0.650063]],63.72,[224.243,30.9668,253.686],[28.8917,93.6683,78.1686]]],[[970,[-0.0189523,-0.274364,-0.961439],97,52.1164,[-5.35597,64.4506,-0.976442],[-5.85213,64.9015,-1.40761],[305.703,35.1699,-88.2155],false,[0.06557,89.0991,87.615],[0.06557,89.0991,87.615],[-17.2844,81.1765,41.485],[-17.9306,71.8219,8.70412],[-0.669842,62.5797,-4.11686],[[[0.637784,0.770136,0.0110721],[-0.475825,0.382667,0.791932],[0.605659,-0.51035,0.610509]],[[0.292657,0.917972,-0.267729],[-0.890812,0.363507,0.272613],[0.347572,0.158714,0.924123]],[[0.292657,0.917972,-0.267729],[-0.95603,0.286446,-0.0628971],[0.0189523,0.274364,0.961439]],[[0.292657,0.917972,-0.267729],[-0.608611,-0.0371336,-0.792599],[-0.737526,0.394903,0.547821]]],0],[971,[-0.207676,0.26857,-0.940607],97,58.8075,[-40.1915,157.134,-52.8774],[-35.7082,158.754,-53.3493],[340.655,61.0529,-92.74],false,[11.8362,109.058,82.6156],[-19.9498,135.372,21.7084],[-28.1207,149.278,-18.1114],[-33.1403,155.77,-40.8462],[-36.9198,159.589,-57.0649],[[[0.851593,-0.140355,-0.505064],[0.296848,0.923237,0.243956],[0.432053,-0.357679,0.827886]],[[0.934793,-0.228767,-0.271712],[0.299983,0.918091,0.259075],[0.190188,-0.32369,0.926851]],[[0.934793,-0.228767,-0.271712],[0.288153,0.935701,0.203548],[0.207676,-0.26857,0.940607]],[[0.934793,-0.228767,-0.271712],[0.277901,0.947465,0.158371],[0.221207,-0.223553,0.949258]]],1],[972,[-0.41261,0.387267,-0.824486],97,67.0064,[-45.6219,167.765,-57.7231],[-36.0415,168.72,-60.6197],[369.262,77.4209,-88.4455],false,[22.4601,109.13,76.3911],[0.702994,132.419,14.3279],[-18.1048,153.107,-24.9349],[-29.838,164.119,-48.3803],[-37.9225,170.739,-63.9992],[[[0.838969,-0.342707,-0.422709],[0.44596,0.87814,0.173174],[0.311849,-0.333799,0.889566]],[[0.791149,-0.296261,-0.535082],[0.470985,0.853238,0.223962],[0.390201,-0.429202,0.814573]],[[0.791149,-0.296261,-0.535082],[0.451483,0.873071,0.184145],[0.41261,-0.387267,0.824486]],[[0.791149,-0.296261,-0.535082],[0.434744,0.88776,0.151264],[0.43021,-0.352296,0.831148]]],2],[973,[-0.386067,-0.882893,0.267307],97,64.4285,[-20.1561,71.0723,0.184791],[-11.9986,71.4849,-3.07082],[282.579,49.4928,-106.451],false,[32.862,106.005,70.6497],[21.9712,124.626,11.8413],[-0.139483,105.318,-21.8419],[-10.8343,80.8597,-14.437],[-11.8764,69.4976,0.358595],[[[0.839694,-0.453309,-0.299038],[0.514475,0.840323,0.1708],[0.173863,-0.297268,0.938831]],[[0.841178,-0.455883,-0.290844],[0.217993,0.778082,-0.589125],[0.494872,0.432157,0.753885]],[[0.841178,-0.455883,-0.290844],[-0.378645,-0.112567,-0.918671],[0.386067,0.882893,-0.267307]],[[0.841178,-0.455883,-0.290844],[-0.537874,-0.649895,-0.536961],[0.0557736,0.608118,-0.791885]]],3],[974,[-0.517483,-0.797626,0.309845],97,50.5107,[-0.675946,75.4715,3.4838],[7.1431,75.7791,1.08119],[282.013,44.2631,-75.812],false,[41.4792,95.878,65.5763],[39.8047,112.894,10.1693],[19.7395,99.4734,-15.6678],[9.61811,83.8728,-9.60763],[6.93839,74.0511,4.30142],[[[0.757547,-0.617241,-0.212452],[0.652141,0.730001,0.204478],[0.028878,-0.29345,0.955538]],[[0.753928,-0.596265,-0.275791],[0.331019,0.7074,-0.624509],[0.567468,0.379543,0.730704]],[[0.753928,-0.596265,-0.275791],[-0.404728,-0.0908832,-0.90991],[0.517483,0.797626,-0.309845]],[[0.753928,-0.596265,-0.275791],[-0.638297,-0.565498,-0.522292],[0.155465,0.569807,-0.806939]]],4]],[[0,200,0],[235.247,235.247,147.751]]],[285282,82515001560,[[97,"right",[-0.225563,0.465305,-0.855928],[-0.361919,-0.855717,-0.369814],[10.6422,116.985,32.7424],[262.169,28.9294,-52.3014],[-2.04753,116.865,36.4218],1,0,0.368881,[[0.644579,-0.134713,-0.752576],[0.261867,0.963714,0.0517801],[0.718292,-0.230451,0.656467]],63.72,[225.22,31.608,255.051],[31.2809,93.8297,77.8051]]],[[970,[-0.0137902,-0.271044,-0.962468],97,52.1164,[-2.50985,65.2111,-1.64515],[-3.02489,65.6043,-2.05802],[310.185,46.8003,-84.1906],false,[2.35826,89.4488,87.0434],[2.35826,89.4488,87.0434],[-14.7193,81.8066,40.7647],[-15.1895,72.5652,7.94877],[2.14603,63.2464,-4.71492],[[[0.643667,0.765086,0.0183177],[-0.478059,0.383269,0.790294],[0.597623,-0.517443,0.612454]],[[0.301065,0.916766,-0.262487],[-0.890122,0.368919,0.267547],[0.342115,0.153096,0.927103]],[[0.301065,0.916766,-0.262487],[-0.953504,0.293385,-0.0689593],[0.0137902,0.271044,0.962468]],[[0.301065,0.916766,-0.262487],[-0.600579,-0.0315229,-0.798944],[-0.740719,0.398178,0.5411]]],0],[971,[-0.201086,0.274491,-0.940329],97,58.8075,[-36.1526,158.603,-53.3628],[-32.0424,159.974,-53.8421],[361.531,83.2068,-82.7025],false,[14.3165,109.334,82.2007],[-16.8606,136.134,21.1904],[-24.7242,150.315,-18.5943],[-29.5846,156.95,-41.3224],[-33.2593,160.863,-57.5428],[[[0.853795,-0.145021,-0.500002],[0.302401,0.919932,0.249558],[0.423777,-0.364273,0.829288]],[[0.934403,-0.23439,-0.26824],[0.305597,0.914386,0.265535],[0.183036,-0.330089,0.926034]],[[0.934403,-0.23439,-0.26824],[0.294034,0.932585,0.209353],[0.201086,-0.274491,0.940329]],[[0.934403,-0.23439,-0.26824],[0.283957,0.944777,0.1636],[0.21508,-0.229037,0.949359]]],1],[972,[-0.404016,0.393996,-0.825553],97,67.0064,[-40.3632,168.817,-58.9566],[-32.1388,169.965,-61.0955],[390.973,94.9693,-79.5057],false,[24.9816,109.348,76.0466],[3.81697,133.048,13.9343],[-14.5567,154.063,-25.3607],[-26.0454,165.266,-48.8364],[-33.975,172.012,-64.4812],[[[0.839054,-0.347589,-0.418534],[0.451623,0.87395,0.179581],[0.303357,-0.339697,0.89027]],[[0.792319,-0.300313,-0.531076],[0.476364,0.848374,0.230955],[0.381193,-0.435975,0.815241]],[[0.792319,-0.300313,-0.531076],[0.457166,0.868665,0.19084],[0.404016,-0.393996,0.825553]],[[0.792319,-0.300313,-0.531076],[0.440653,0.883718,0.157692],[0.421965,-0.358963,0.832521]]],2],[973,[-0.394948,-0.880967,0.260602],97,64.4285,[-16.5234,71.7127,-1.11243],[-9.18438,72.4276,-3.85125],[293.691,65.7444,-103.209],false,[35.3966,106.165,70.3614],[25.0399,125.1,11.5569],[3.04447,106.238,-22.4535],[-7.89637,81.8335,-15.2343],[-9.09919,70.4525,-0.465569],[[[0.838101,-0.458676,-0.2953],[0.519855,0.835608,0.177508],[0.165337,-0.302283,0.93877]],[[0.83951,-0.461293,-0.287109],[0.229935,0.780382,-0.581493],[0.492293,0.422153,0.761206]],[[0.83951,-0.461293,-0.287109],[-0.373147,-0.105385,-0.921768],[0.394948,0.880967,-0.260602]],[[0.83951,-0.461293,-0.287109],[-0.539516,-0.645107,-0.541072],[0.064377,0.609136,-0.790449]]],3],[974,[-0.526203,-0.794058,0.304273],97,50.5107,[3.07176,76.0052,2.47592],[9.97362,76.5082,0.491807],[294.035,55.1176,-73.9001],false,[43.9681,95.9903,65.3048],[42.7922,113.235,9.95571],[22.8648,100.123,-16.1447],[12.5729,84.5918,-10.1935],[9.74269,74.7947,3.70305],[[[0.754111,-0.622298,-0.209906],[0.656433,0.724084,0.211653],[0.0202786,-0.297399,0.954538]],[[0.751218,-0.601749,-0.271237],[0.343597,0.707374,-0.617708],[0.563571,0.370838,0.738151]],[[0.751218,-0.601749,-0.271237],[-0.3984