{"metadata":{"formatVersion":2,"generatedBy":"LeapJS Playback 0.2.1","frames":91,"protocolVersion":6,"serviceVersion":"2.2.5+26752","frameRate":"1.1e+2","modified":"Wed Apr 22 2015 20:39:40 GMT-0300 (E. South America Standard Time)"},"frames":[["id","timestamp",{"hands":[["id","type","direction","palmNormal","palmPosition","palmVelocity","stabilizedPalmPosition","pinchStrength","grabStrength","confidence","armBasis","armWidth","elbow","wrist"]]},{"pointables":[["id","direction","handId","length","stabilizedTipPosition","tipPosition","tipVelocity","tool","carpPosition","mcpPosition","pipPosition","dipPosition","btipPosition","bases","type"]]},{"interactionBox":["center","size"]}],[365295,83244826236,[[109,"right",[-0.454201,0.322728,-0.83039],[-0.164775,-0.946431,-0.277699],[-73.7031,135.973,26.4364],[18.6038,-15.925,-31.6167],[-71.7495,142.082,32.2683],1,0,0.591806,[[0.517569,0.299095,-0.801664],[0.279847,0.826216,0.48893],[0.808584,-0.477398,0.343923]],63.72,[176.527,-6.34439,161.654],[-41.7905,122.553,68.795]]],[[1090,[0.0917491,-0.266813,-0.959371],109,52.1164,[-75.9373,93.9769,-2.35701],[-75.5789,91.4887,-3.46174],[48.4067,-44.437,2.44138],false,[-66.9754,111.532,82.4082],[-66.9754,111.532,82.4082],[-91.7369,105.255,39.522],[-88.6087,96.1576,6.81166],[-70.3037,89.244,-6.02811],[[[0.41106,0.905184,-0.108032],[-0.453672,0.305917,0.837017],[0.790703,-0.295053,0.536407]],[[0.186156,0.951046,-0.246694],[-0.848105,0.282306,0.448353],[0.496048,0.125759,0.85914]],[[0.186156,0.951046,-0.246694],[-0.978227,0.155959,-0.136926],[-0.0917491,0.266813,0.959371]],[[0.186156,0.951046,-0.246694],[-0.594641,-0.0908205,-0.798846],[-0.782143,0.295404,0.548624]]],0],[1091,[-0.366757,0.16766,-0.915084],109,58.8075,[-137.639,164.5,-51.7187],[-135.794,163.397,-54.259],[23.3942,-18.3255,-36.2138],false,[-61.5522,133.405,75.0566],[-106.622,146.354,18.3689],[-122.033,157.457,-20.1668],[-130.898,161.509,-42.2848],[-137.237,163.081,-58.0729],[[[0.786838,0.0436418,-0.615615],[0.0747258,0.983421,0.165226],[0.612619,-0.176008,0.770532]],[[0.927702,-0.00778341,-0.37324],[0.103438,0.965999,0.236954],[0.358705,-0.25843,0.896964]],[[0.927702,-0.00778341,-0.37324],[0.0697,0.985814,0.152684],[0.366757,-0.16766,0.915084]],[[0.927702,-0.00778341,-0.37324],[0.0415299,0.995729,0.0824594],[0.371004,-0.0919984,0.924063]]],1],[1092,[-0.653012,0.243411,-0.717166],109,67.0064,[-147.793,177.89,-50.3328],[-145.991,173.437,-56.2674],[27.2796,-16.5168,-39.4697],false,[-52.2016,135.715,67.3853],[-87.0343,148.199,8.23798],[-117.569,163.266,-25.8774],[-136.139,170.188,-46.271],[-148.665,173.665,-59.8405],[[[0.838026,-0.148832,-0.52494],[0.220106,0.972538,0.0756468],[0.499265,-0.178936,0.847771]],[[0.716423,-0.108536,-0.689172],[0.292259,0.943662,0.155201],[0.633501,-0.312606,0.707781]],[[0.716423,-0.108536,-0.689172],[0.24559,0.963832,0.10351],[0.653011,-0.243411,0.717166]],[[0.716423,-0.108536,-0.689172],[0.20589,0.976721,0.0602094],[0.666594,-0.185029,0.722092]]],2],[1093,[0.0972541,-0.748047,0.656481],109,64.4285,[-72.6394,100.315,11.7342],[-77.1192,94.3342,7.74201],[12.0719,-23.13,4.25902],false,[-42.1683,134.918,60.3406],[-64.9698,145.883,3.03773],[-85.3749,115.655,-22.7724],[-82.6808,94.9325,-4.58656],[-75.0689,93.8344,12.4412],[[[0.88337,-0.246429,-0.39866],[0.29522,0.95322,0.0649355],[0.364009,-0.175055,0.914797]],[[0.879262,-0.244465,-0.408821],[-0.135368,0.694633,-0.706513],[0.456698,0.676552,0.577672]],[[0.879262,-0.244465,-0.408821],[-0.466304,-0.616979,-0.633954],[-0.0972541,0.748047,-0.656481]],[[0.879262,-0.244465,-0.408821],[-0.246823,-0.967875,0.0479177],[-0.407402,0.0587739,-0.911356]]],3],[1094,[0.00504059,-0.745578,0.666399],109,50.5107,[-55.9703,108.066,8.75549],[-60.0323,101.505,4.22352],[7.26091,-32.149,-13.0547],false,[-31.9328,126.962,54.4674],[-45.0614,138.956,-0.723743],[-65.4723,117.526,-20.0736],[-65.3738,102.943,-7.03964],[-58.1515,100.715,8.45174],[[[0.85856,-0.419123,-0.295316],[0.460014,0.884052,0.0827021],[0.226412,-0.206854,0.951814]],[[0.81479,-0.383282,-0.434985],[-0.0538846,0.696977,-0.715066],[0.577247,0.606068,0.547237]],[[0.81479,-0.383282,-0.434985],[-0.579734,-0.545168,-0.605558],[-0.00504059,0.745578,-0.666399]],[[0.81479,-0.383282,-0.434985],[-0.400693,-0.914543,0.0552835],[-0.419002,0.129251,-0.898739]]],4]],[[0,200,0],[235.247,235.247,147.751]]],[365296,83244835303,[[109,"right",[-0.453907,0.322434,-0.830665],[-0.166705,-0.946502,-0.276303],[-73.5107,135.922,26.243],[19.3265,-13.085,-28.7761],[-71.7654,142.027,32.2139],1,0,0.60119,[[0.518165,0.296972,-0.802068],[0.281774,0.826154,0.487927],[0.807532,-0.478829,0.344405]],63.72,[176.426,-6.78368,161.597],[-41.6073,122.5,68.6079]]],[[1090,[0.0967659,-0.270123,-0.957951],109,52.1164,[-75.6254,93.4061,-2.47426],[-75.176,91.2525,-3.4527],[47.8031,-39.1336,2.53726],false,[-66.808,111.547,82.2464],[-66.808,111.547,82.2464],[-91.5693,105.148,39.378],[-88.27,95.9383,6.71605],[-69.8606,89.0123,-5.96672],[[[0.412758,0.904239,-0.109466],[-0.452752,0.307965,0.836763],[0.790346,-0.29582,0.536511]],[[0.18588,0.950439,-0.249228],[-0.848168,0.283258,0.447633],[0.496044,0.128181,0.858784]],[[0.18588,0.950439,-0.249228],[-0.977796,0.153947,-0.14218],[-0.0967659,0.270123,0.957951]],[[0.18588,0.950439,-0.249228],[-0.588814,-0.0953128,-0.802629],[-0.786604,0.295941,0.541915]]],0],[1091,[-0.366879,0.167163,-0.915126],109,58.8075,[-137.548,164.42,-51.8477],[-135.584,163.346,-54.4666],[23.1955,-14.4119,-32.3687],false,[-61.3456,133.399,74.862],[-106.413,146.355,18.1738],[-121.821,157.438,-20.3687],[-130.689,161.479,-42.4877],[-137.032,163.041,-58.2749],[[[0.786678,0.0412624,-0.615983],[0.0766826,0.983506,0.163813],[0.612583,-0.176104,0.770539]],[[0.927503,-0.0100755,-0.373681],[0.10544,0.966098,0.235661],[0.358638,-0.257978,0.897121]],[[0.927503,-0.0100755,-0.373681],[0.071686,0.985878,0.151348],[0.366879,-0.167163,0.915126]],[[0.927503,-0.0100755,-0.373681],[0.0434878,0.995758,0.0810912],[0.371279,-0.0914628,0.924006]]],1],[1092,[-0.652703,0.243937,-0.717268],109,67.0064,[-147.771,177.842,-50.3965],[-145.746,173.411,-56.4966],[27.1456,-12.0249,-35.1913],false,[-51.9936,135.68,67.1837],[-86.8255,148.147,8.03257],[-117.338,163.242,-26.0915],[-135.898,170.179,-46.488],[-148.422,173.665,-60.0581],[[[0.837531,-0.151182,-0.525058],[0.222006,0.972218,0.074193],[0.499254,-0.178705,0.847826]],[[0.715985,-0.110896,-0.689251],[0.294356,0.943204,0.154017],[0.633024,-0.31316,0.707963]],[[0.715985,-0.110896,-0.689251],[0.247677,0.96343,0.102273],[0.652703,-0.243937,0.717268]],[[0.715985,-0.110896,-0.689251],[0.207952,0.976362,0.0589272],[0.666424,-0.185522,0.722122]]],2],[1093,[0.0968715,-0.746048,0.658808],109,64.4285,[-72.755,100.134,11.6411],[-76.9744,94.2499,7.70493],[13.1435,-18.9681,1.82397],false,[-41.9646,134.853,60.1363],[-64.7676,145.782,2.82695],[-85.2257,115.5,-22.8772],[-82.5422,94.8325,-4.62686],[-74.9225,93.7693,12.3996],[[[0.882737,-0.248689,-0.398659],[0.297079,0.952741,0.0634794],[0.364032,-0.174469,0.914899]],[[0.878701,-0.246765,-0.408646],[-0.135005,0.692628,-0.708548],[0.457885,0.677771,0.575299]],[[0.878701,-0.246765,-0.408646],[-0.46744,-0.618482,-0.631649],[-0.0968715,0.746048,-0.658808]],[[0.878701,-0.246765,-0.408646],[-0.248129,-0.967403,0.0506311],[-0.40782,0.0569072,-0.911287]]],3],[1094,[0.00476537,-0.743054,0.669214],109,50.5107,[-56.0908,107.839,8.6268],[-59.884,101.39,4.15011],[9.90677,-26.351,-11.5992],false,[-31.7468,126.869,54.2702],[-44.874,138.812,-0.93258],[-65.3177,117.341,-20.2026],[-65.2245,102.808,-7.11359],[-57.9978,100.625,8.38213],[[[0.857635,-0.421189,-0.295062],[0.461747,0.88328,0.0812788],[0.226389,-0.205951,0.952015]],[[0.814168,-0.385678,-0.434031],[-0.053365,0.694649,-0.717366],[0.578172,0.607219,0.54498]],[[0.814168,-0.385678,-0.434031],[-0.58061,-0.546921,-0.603133],[-0.00476537,0.743054,-0.669214]],[[0.814168,-0.385678,-0.434031],[-0.401689,-0.9139,0.058588],[-0.419257,0.126645,-0.898991]]],4]],[[0,200,0],[235.247,235.247,147.751]]],[365297,83244844283,[[109,"right",[-0.452584,0.322892,-0.831209],[-0.168706,-0.94631,-0.275745],[-73.2876,135.837,26.0617],[20.8403,-12.1005,-26.4219],[-71.7775,141.977,32.1649],1,0,0.606904,[[0.518934,0.295173,-0.802235],[0.283129,0.826166,0.487123],[0.806564,-0.47992,0.345154]],63.72,[176.328,-7.20725,161.65],[-41.4446,122.371,68.4583]]],[[1090,[0.101677,-0.272534,-0.956759],109,52.1164,[-75.2903,92.881,-2.57842],[-74.7809,91.0232,-3.48782],[46.8869,-35.2324,1.09597],false,[-66.68,111.486,82.0871],[-66.68,111.486,82.0871],[-91.4046,105.02,39.2076],[-87.9378,95.7278,6.58629],[-69.4413,88.7848,-5.9597],[[[0.414927,0.903202,-0.109823],[-0.452616,0.309609,0.83623],[0.789287,-0.297267,0.537269]],[[0.18648,0.949916,-0.250767],[-0.848467,0.284394,0.446345],[0.495307,0.129534,0.859007]],[[0.18648,0.949916,-0.250767],[-0.977183,0.152919,-0.147407],[-0.101677,0.272534,0.956759]],[[0.18648,0.949916,-0.250767],[-0.583617,-0.0982219,-0.806067],[-0.790327,0.296667,0.536071]]],0],[1091,[-0.366115,0.166995,-0.915463],109,58.8075,[-137.458,164.351,-51.9663],[-135.253,163.316,-54.7124],[26.6369,-11.144,-30.8111],false,[-61.162,133.32,74.6909],[-106.16,146.34,17.9623],[-121.526,157.424,-20.5966],[-130.376,161.46,-42.7237],[-136.709,163.018,-58.5156],[[[0.787197,0.0390013,-0.615467],[0.0788475,0.983443,0.163167],[0.611641,-0.176973,0.771088]],[[0.927645,-0.0124453,-0.373257],[0.107468,0.966066,0.234877],[0.357667,-0.257995,0.897503]],[[0.927645,-0.0124453,-0.373257],[0.0737251,0.985879,0.150355],[0.366115,-0.166995,0.915463]],[[0.927645,-0.0124453,-0.373257],[0.0455219,0.99576,0.0799333],[0.370679,-0.0911411,0.924278]]],1],[1092,[-0.651582,0.244987,-0.717929],109,67.0064,[-147.748,177.798,-50.4566],[-145.373,173.43,-56.7622],[31.0653,-7.88406,-33.4929],false,[-51.7993,135.574,67.0175],[-86.5614,148.08,7.83339],[-117.011,163.224,-26.3239],[-135.54,170.191,-46.7392],[-148.045,173.697,-60.3212],[[[0.837541,-0.153495,-0.52437],[0.224207,0.971754,0.0736555],[0.498253,-0.179257,0.848299]],[[0.716243,-0.113058,-0.688632],[0.296485,0.942602,0.153618],[0.631738,-0.314197,0.708652]],[[0.716243,-0.113058,-0.688632],[0.249874,0.962912,0.101804],[0.651582,-0.244987,0.717929]],[[0.716243,-0.113058,-0.688632],[0.210195,0.975914,0.0583995],[0.665443,-0.186575,0.722755]]],2],[1093,[0.0963017,-0.743422,0.661853],109,64.4285,[-72.8612,99.9576,11.5501],[-76.7721,94.1776,7.67882],[16.014,-15.0581,0.749833],false,[-41.7675,134.719,59.9776],[-64.5054,145.66,2.64474],[-84.9975,115.336,-22.9834],[-82.3297,94.7417,-4.64878],[-74.7105,93.7416,12.3817],[[[0.882434,-0.251017,-0.397871],[0.299241,0.952095,0.0630079],[0.362995,-0.17466,0.915275]],[[0.878493,-0.24913,-0.407657],[-0.133775,0.690872,-0.710493],[0.458644,0.678697,0.573599]],[[0.878493,-0.24913,-0.407657],[-0.467949,-0.620691,-0.629099],[-0.0963017,0.743422,-0.661853]],[[0.878493,-0.24913,-0.407657],[-0.248904,-0.96699,0.0545714],[-0.407796,0.0535268,-0.911503]]],3],[1094,[0.00301647,-0.741707,0.670717],109,50.5107,[-56.1956,107.628,8.50596],[-59.7073,101.253,4.04967],[12.56,-23.0122,-11.6224],false,[-31.5641,126.707,54.1243],[-44.6254,138.641,-1.09605],[-65.0959,117.176,-20.344],[-65.0369,102.669,-7.22557],[-57.8254,100.501,8.27932],[[[0.856861,-0.423384,-0.294168],[0.463735,0.882266,0.0809707],[0.225253,-0.205797,0.952318]],[[0.813751,-0.388008,-0.432735],[-0.051481,0.693492,-0.718622],[0.57893,0.607057,0.544355]],[[0.813751,-0.388008,-0.432735],[-0.581206,-0.547102,-0.602394],[-0.00301647,0.741707,-0.670717]],[[0.813751,-0.388008,-0.432735],[-0.403446,-0.913035,0.0599912],[-0.418379,0.125767,-0.899523]]],4]],[[0,200,0],[235.247,235.247,147.751]]],[365298,83244853636,[[109,"right",[-0.450498,0.323049,-0.83228],[-0.170816,-0.946204,-0.274809],[-73.0371,135.739,25.86],[22.5253,-11.6234,-25.0455],[-71.7871,141.929,32.1166],1,0,0.609232,[[0.519559,0.292849,-0.802682],[0.284081,0.826781,0.485521],[0.805827,-0.480283,0.346369]],63.72,[176.281,-7.43408,161.84],[-41.2926,122.242,68.3204]]],[[1090,[0.105484,-0.274998,-0.955641],109,52.1164,[-74.9358,92.3803,-2.68695],[-74.4359,90.7974,-3.57455],[43.5877,-31.8839,-2.05161],false,[-66.577,111.442,81.9255],[-66.577,111.442,81.9255],[-91.2327,104.92,39.0148],[-87.6362,95.5437,6.43165],[-69.1032,88.5552,-6.03498],[[[0.41749,0.901957,-0.11034],[-0.453023,0.311861,0.835172],[0.7877,-0.298689,0.538807]],[[0.188155,0.949162,-0.252365],[-0.8489,0.286395,0.444237],[0.493929,0.130647,0.859631]],[[0.188155,0.949162,-0.252365],[-0.976458,0.153188,-0.151864],[-0.105484,0.274998,0.955641]],[[0.188155,0.949162,-0.252365],[-0.580958,-0.0996183,-0.807814],[-0.791887,0.298608,0.53268]]],0],[1091,[-0.364655,0.165828,-0.916257],109,58.8075,[-137.359,164.284,-52.0892],[-134.826,163.219,-55.0471],[31.6847,-10.9363,-32.0333],false,[-60.99,133.252,74.5101],[-105.87,146.32,17.6988],[-121.163,157.376,-20.8971],[-129.977,161.384,-43.0434],[-136.288,162.914,-58.8467],[[[0.788204,0.0361357,-0.614352],[0.0812224,0.983434,0.162052],[0.61003,-0.177629,0.772212]],[[0.928056,-0.0153292,-0.372125],[0.109534,0.966199,0.23337],[0.35597,-0.257341,0.898366]],[[0.928056,-0.0153292,-0.372125],[0.0757545,0.986035,0.148308],[0.364655,-0.165828,0.916257]],[[0.928056,-0.0153292,-0.372125],[0.0475063,0.995863,0.0774543],[0.369399,-0.0895602,0.924945]]],1],[1092,[-0.649869,0.245703,-0.719236],109,67.0064,[-147.721,177.755,-50.5193],[-144.897,173.406,-57.1259],[36.5703,-6.28333,-34.8453],false,[-51.6101,135.471,66.8478],[-86.2515,147.995,7.59674],[-116.611,163.173,-26.6265],[-135.091,170.159,-47.079],[-147.566,173.679,-60.6845],[[[0.837902,-0.156379,-0.522939],[0.226682,0.971247,0.0727699],[0.496523,-0.179515,0.849258]],[[0.71698,-0.115835,-0.687402],[0.298698,0.942035,0.152807],[0.629856,-0.314885,0.71002]],[[0.71698,-0.115835,-0.687402],[0.252209,0.962399,0.100886],[0.649869,-0.245703,0.719236]],[[0.71698,-0.115835,-0.687402],[0.212623,0.975447,0.0573987],[0.663875,-0.187311,0.724005]]],2],[1093,[0.0967437,-0.738039,0.667787],109,64.4285,[-72.9586,99.7795,11.4622],[-76.4846,94.1116,7.76178],[21.0541,-11.3717,4.24221],false,[-41.5701,134.581,59.8238],[-64.1944,145.51,2.44372],[-84.6958,115.063,-23.0305],[-82.0158,94.6174,-4.53145],[-74.3939,93.7536,12.5054],[[[0.882349,-0.253861,-0.396251],[0.301679,0.951375,0.0622578],[0.361179,-0.174474,0.916029]],[[0.878524,-0.252022,-0.405809],[-0.132849,0.6871,-0.714314],[0.458855,0.681453,0.570153]],[[0.878524,-0.252022,-0.405809],[-0.4678,-0.625926,-0.624003],[-0.0967437,0.738039,-0.667787]],[[0.878524,-0.252022,-0.405809],[-0.248565,-0.966617,0.0621947],[-0.407936,0.0462303,-0.911839]]],3],[1094,[0.000271871,-0.740358,0.672213],109,50.5107,[-56.2901,107.421,8.38652],[-59.505,101.088,3.94181],[15.0426,-21.2678,-11.7726],false,[-31.3795,126.534,53.9956],[-44.3276,138.433,-1.25889],[-64.8207,116.982,-20.4986],[-64.8154,102.501,-7.35088],[-57.6327,100.346,8.16915],[[[0.856165,-0.42603,-0.292371],[0.465961,0.881131,0.0805511],[0.2233,-0.205198,0.952906]],[[0.813469,-0.390801,-0.430747],[-0.0486728,0.692273,-0.719993],[0.579568,0.606657,0.544121]],[[0.813469,-0.390801,-0.430747],[-0.581609,-0.546942,-0.602152],[-0.000271871,0.740358,-0.672213]],[[0.813469,-0.390801,-0.430747],[-0.405743,-0.911941,0.0611229],[-0.416703,0.125051,-0.9004]]],4]],[[0,200,0],[235.247,235.247,147.751]]],[365299,83244862425,[[109,"right",[-0.447616,0.323084,-0.833821],[-0.17306,-0.946119,-0.273694],[-72.691,135.65,25.6105],[27.0595,-11.2226,-25.9431],[-71.7934,141.886,32.0714],1,0,0.614041,[[0.52008,0.290311,-0.803266],[0.284783,0.827707,0.483529],[0.805243,-0.48023,0.347798]],63.72,[176.331,-7.53713,162.07],[-41.0846,122.125,68.1648]]],[[1090,[0.108768,-0.277614,-0.954515],109,52.1164,[-74.5931,91.9528,-2.7956],[-74.0399,90.5874,-3.70728],[43.3274,-29.6533,-5.65418],false,[-66.4326,111.423,81.7292],[-66.4326,111.423,81.7292],[-90.9973,104.847,38.7746],[-87.2888,95.3816,6.2298],[-68.7205,88.3343,-6.15091],[[[0.420477,0.90051,-0.11082],[-0.453978,0.314567,0.833637],[0.785559,-0.300215,0.54108]],[[0.190473,0.948241,-0.254085],[-0.849442,0.288941,0.441543],[0.492105,0.131728,0.860512]],[[0.190473,0.948241,-0.254085],[-0.975648,0.154174,-0.156016],[-0.108768,0.277614,0.954515]],[[0.190473,0.948241,-0.254085],[-0.578138,-0.100828,-0.809686],[-0.793396,0.30112,0.529009]]],0],[1091,[-0.362023,0.164446,-0.917549],109,58.8075,[-137.249,164.22,-52.2143],[-134.21,163.12,-55.4964],[42.0264,-11.0808,-37.1384],false,[-60.7625,133.204,74.292],[-105.473,146.317,17.3575],[-120.642,157.331,-21.2993],[-129.393,161.305,-43.4768],[-135.662,162.807,-59.2994],[[[0.78971,0.0327642,-0.612605],[0.0838378,0.983441,0.160673],[0.607725,-0.178244,0.773886]],[[0.928897,-0.0187603,-0.369863],[0.111694,0.966402,0.231498],[0.353093,-0.256349,0.899783]],[[0.928897,-0.0187603,-0.369863],[0.0780358,0.986208,0.145961],[0.362023,-0.164446,0.917549]],[[0.928897,-0.0187603,-0.369863],[0.0498748,0.995955,0.0747415],[0.366965,-0.0878739,0.926075]]],1],[1092,[-0.647615,0.246024,-0.721156],109,67.0064,[-147.69,177.713,-50.582],[-144.247,173.366,-57.6128],[46.3067,-5.85261,-40.0256],false,[-51.3584,135.382,66.6476],[-85.8264,147.917,7.29768],[-116.065,163.12,-27.0206],[-134.481,170.116,-47.5277],[-146.918,173.639,-61.1679],[[[0.838614,-0.159754,-0.520773],[0.229463,0.97067,0.0717432],[0.494037,-0.179663,0.850675]],[[0.718187,-0.119105,-0.685581],[0.30105,0.941447,0.151812],[0.627357,-0.315423,0.711991]],[[0.718187,-0.119105,-0.685581],[0.254563,0.961918,0.0995574],[0.647615,-0.246024,0.721156]],[[0.718187,-0.119105,-0.685581],[0.214965,0.975026,0.0557994],[0.661814,-0.187451,0.725854]]],2],[1093,[0.0938239,-0.735996,0.670453],109,64.4285,[-73.0398,99.6139,11.378],[-76.1852,94.0195,7.64661],[24.4698,-10.5068,-0.772137],false,[-41.3053,134.45,59.648],[-63.7653,145.356,2.19904],[-84.2926,114.901,-23.2439],[-81.6935,94.512,-4.67106],[-74.105,93.692,12.3828],[[[0.882476,-0.257168,-0.393829],[0.304423,0.950554,0.0614341],[0.358557,-0.174105,0.917128]],[[0.878723,-0.255355,-0.403287],[-0.129487,0.685676,-0.716297],[0.459434,0.681647,0.569454]],[[0.878723,-0.255355,-0.403287],[-0.468021,-0.62698,-0.622778],[-0.0938239,0.735996,-0.670453]],[[0.878723,-0.255355,-0.403287],[-0.250775,-0.965851,0.0651469],[-0.406151,0.0438883,-0.912752]]],3],[1094,[-0.00152532,-0.736632,0.676292],109,50.5107,[-56.365,107.23,8.27815],[-59.1604,100.921,3.89743],[21.901,-20.1188,-9.45614],false,[-31.1258,126.364,53.8559],[-43.9117,138.213,-1.44689],[-64.4079,116.709,-20.623],[-64.4378,102.301,-7.39554],[-57.2829,100.212,8.14636],[[[0.855532,-0.42909,-0.289736],[0.468448,0.879842,0.0802146],[0.220502,-0.204352,0.953739]],[[0.813548,-0.394176,-0.42751],[-0.0462324,0.689015,-0.723271],[0.579657,0.60818,0.542323]],[[0.813548,-0.394176,-0.42751],[-0.581496,-0.549544,-0.599887],[0.00152532,0.736632,-0.676292]],[[0.813548,-0.394176,-0.42751],[-0.407233,-0.911007,0.0650123],[-0.415091,0.121206,-0.90167]]],4]],[[0,200,0],[235.247,235.247,147.751]]],[365300,83244871412,[[109,"right",[-0.444201,0.323545,-0.835466],[-0.174685,-0.945896,-0.273434],[-72.3931,135.571,25.3878],[28.7295,-10.5563,-25.6235],[-71.7976,141.842,32.0247],1,0,0.545118,[[0.520695,0.288181,-0.803634],[0.2843,0.829053,0.481502],[0.805016,-0.479189,0.349754]],63.72,[176.401,-7.3814,162.484],[-40.9533,122,68.0506]]],[[1090,[0.113074,-0.279442,-0.953481],109,52.1164,[-74.234,91.5614,-2.91353],[-73.6352,90.4088,-3.84855],[43.3219,-26.7991,-8.56758],false,[-66.3708,111.375,81.5459],[-66.3708,111.375,81.5459],[-90.7941,104.769,38.5152],[-86.9387,95.2413,6.00572],[-68.3196,88.1516,-6.27396],[[[0.423165,0.899317,-0.110277],[-0.455721,0.316454,0.831971],[0.783103,-0.301805,0.54375]],[[0.192733,0.947577,-0.254855],[-0.850569,0.290836,0.438118],[0.489272,0.132332,0.862033]],[[0.192733,0.947577,-0.254855],[-0.974714,0.15495,-0.161004],[-0.113074,0.279442,0.953481]],[[0.192733,0.947577,-0.254855],[-0.574391,-0.101629,-0.812248],[-0.795569,0.302934,0.524692]]],0],[1091,[-0.358757,0.163907,-0.918928],109,58.8075,[-137.117,164.155,-52.3552],[-133.59,163.078,-55.9436],[49.393,-9.25314,-40.5504],false,[-60.621,133.135,74.1079],[-105.121,146.317,17.0249],[-120.143,157.312,-21.6947],[-128.814,161.274,-43.9055],[-135.031,162.764,-59.75],[[[0.791675,0.0301875,-0.610196],[0.0859086,0.983354,0.160107],[0.604872,-0.179174,0.775904]],[[0.930005,-0.0215072,-0.366918],[0.11329,0.966455,0.230499],[0.349652,-0.255933,0.901244]],[[0.930005,-0.0215072,-0.366918],[0.0799038,0.986241,0.144718],[0.358757,-0.163907,0.918928]],[[0.930005,-0.0215072,-0.366918],[0.0519588,0.995954,0.0733182],[0.363857,-0.0872509,0.927359]]],1],[1092,[-0.644896,0.245998,-0.723598],109,67.0064,[-147.653,177.67,-50.6517],[-143.594,173.321,-58.1195],[53.1431,-5.96381,-44.1912],false,[-51.1878,135.282,66.4907],[-85.44,147.856,7.02434],[-115.54,163.067,-27.4127],[-133.878,170.062,-47.9892],[-146.267,173.582,-61.6745],[[[0.839794,-0.16238,-0.518052],[0.231773,0.970129,0.0716373],[0.490945,-0.180231,0.852344]],[[0.720108,-0.121597,-0.683124],[0.302449,0.941079,0.15131],[0.624475,-0.31557,0.714456]],[[0.720108,-0.121597,-0.683124],[0.256035,0.961613,0.0987283],[0.644896,-0.245998,0.723598]],[[0.720108,-0.121597,-0.683124],[0.216497,0.974749,0.0547123],[0.659221,-0.187293,0.72825]]],2],[1093,[0.0900152,-0.735388,0.671641],109,64.4285,[-73.1122,99.4496,11.2902],[-75.9289,93.9383,7.47192],[25.384,-9.89514,-6.21802],false,[-41.1156,134.318,59.5228],[-63.37,145.234,1.99587],[-83.8966,114.806,-23.4805],[-81.403,94.4341,-4.87465],[-73.8673,93.6187,12.2028],[[[0.88301,-0.2598,-0.390893],[0.306712,0.949808,0.0615761],[0.355275,-0.174264,0.918374]],[[0.879306,-0.257992,-0.400326],[-0.125528,0.685297,-0.717364],[0.459417,0.681034,0.5702]],[[0.879306,-0.257992,-0.400326],[-0.467673,-0.626614,-0.623408],[-0.0900152,0.735388,-0.671641]],[[0.879306,-0.257992,-0.400326],[-0.25328,-0.965161,0.0656799],[-0.403324,0.043642,-0.914016]]],3],[1094,[-0.00411656,-0.734291,0.678823],109,50.5107,[-56.4298,107.038,8.1692],[-58.8464,100.791,3.82836],[25.6228,-18.0457,-8.91987],false,[-30.9395,126.201,53.7689],[-43.524,138.036,-1.58288],[-64.0074,116.519,-20.7583],[-64.0879,102.157,-7.48134],[-56.9734,100.108,8.08445],[[[0.855297,-0.431564,-0.286738],[0.470494,0.878685,0.0809212],[0.21703,-0.20412,0.954585]],[[0.813984,-0.396777,-0.424262],[-0.0430088,0.687199,-0.725195],[0.579294,0.608544,0.542304]],[[0.813984,-0.396777,-0.424262],[-0.580873,-0.550804,-0.599334],[0.00411656,0.734291,-0.678823]],[[0.813984,-0.396777,-0.424262],[-0.40874,-0.910187,0.0670193],[-0.41275,0.11886,-0.903056]]],4]],[[0,200,0],[235.247,235.247,147.751]]],[365301,83244880410,[[109,"right",[-0.441301,0.3243,-0.83671],[-0.176372,-0.945572,-0.273471],[-72.144,135.509,25.2466],[28.4418,-9.56882,-22.8987],[-71.8,141.797,31.977],1,0,0.556428,[[0.521018,0.286029,-0.804194],[0.283841,0.830498,0.479278],[0.804969,-0.477976,0.351518]],63.72,[176.497,-7.17697,162.903],[-40.8449,121.876,67.9935]]],[[1090,[0.117354,-0.281016,-0.952501],109,52.1164,[-73.8704,91.211,-3.02427],[-73.2471,90.2404,-3.91859],[43.1622,-24.4524,-8.59801],false,[-66.3226,111.321,81.4297],[-66.3226,111.321,81.4297],[-90.6001,104.682,38.3217],[-86.5989,95.101,5.84557],[-67.9216,87.9802,-6.32753],[[[0.425692,0.898206,-0.109599],[-0.457002,0.317951,0.830696],[0.780984,-0.303534,0.545831]],[[0.194586,0.947043,-0.255432],[-0.851821,0.292271,0.434716],[0.486351,0.132993,0.863583]],[[0.194586,0.947043,-0.255432],[-0.97384,0.155368,-0.165821],[-0.117354,0.281016,0.952501]],[[0.194586,0.947043,-0.255432],[-0.570311,-0.102635,-0.814991],[-0.798048,0.304262,0.520138]]],0],[1091,[-0.356045,0.162828,-0.920174],109,58.8075,[-136.965,164.088,-52.508],[-133.068,163.036,-56.2696],[51.7455,-8.2872,-39.394],false,[-60.4997,133.064,73.9969],[-104.824,146.332,16.7974],[-119.721,157.307,-21.9765],[-128.327,161.242,-44.2174],[-134.499,162.707,-60.0815],[[[0.79327,0.0279428,-0.608229],[0.0879734,0.983204,0.159907],[0.602481,-0.180358,0.777488]],[[0.930913,-0.0240208,-0.36445],[0.114776,0.966525,0.229467],[0.346739,-0.255444,0.902508]],[[0.930913,-0.0240208,-0.36445],[0.081446,0.986362,0.143026],[0.356045,-0.162828,0.920174]],[[0.930913,-0.0240208,-0.36445],[0.0535394,0.996031,0.0711074],[0.361296,-0.0857073,0.928504]]],1],[1092,[-0.642582,0.245323,-0.725882],109,67.0064,[-147.609,177.625,-50.7274],[-143.035,173.267,-58.5107],[55.1562,-6.87925,-43.8613],false,[-51.0422,135.184,66.4024],[-85.1142,147.819,6.84538],[-115.093,163.017,-27.7024],[-133.366,169.993,-48.3438],[-145.713,173.494,-62.0709],[[[0.840676,-0.164706,-0.515884],[0.234025,0.969575,0.0718077],[0.488361,-0.181097,0.853644]],[[0.721865,-0.123809,-0.680869],[0.303432,0.940875,0.150613],[0.621965,-0.315319,0.716752]],[[0.721865,-0.123809,-0.680869],[0.256904,0.961503,0.0975325],[0.642582,-0.245323,0.725882]],[[0.721865,-0.123809,-0.680869],[0.217276,0.974663,0.0531257],[0.65704,-0.186286,0.730476]]],2],[1093,[0.088382,-0.732553,0.674948],109,64.4285,[-73.1748,99.2901,11.2058],[-75.667,93.9038,7.48574],[26.7033,-7.45554,-3.7084],false,[-40.9551,134.192,59.4601],[-63.0384,145.139,1.87316],[-83.5581,114.668,-23.5576],[-81.1097,94.3747,-4.86018],[-73.6021,93.6246,12.2327],[[[0.883329,-0.262179,-0.388576],[0.308938,0.949063,0.0619423],[0.352543,-0.174761,0.919332]],[[0.87973,-0.260404,-0.397826],[-0.123097,0.683432,-0.719561],[0.459263,0.68199,0.56918]],[[0.87973,-0.260404,-0.397826],[-0.467187,-0.628933,-0.621434],[-0.088382,0.732553,-0.674948]],[[0.87973,-0.260404,-0.397826],[-0.254197,-0.964665,0.0693216],[-0.40182,0.0401416,-0.914838]]],3],[1094,[-0.0072685,-0.733524,0.679625],109,50.5107,[-56.4857,106.85,8.06224],[-58.6172,100.687,3.76265],[25.5033,-16.0018,-8.72674],false,[-30.785,126.046,53.7351],[-43.2016,137.89,-1.65296],[-63.6888,116.406,-20.8621],[-63.8309,102.059,-7.56941],[-56.7558,100.014,8.01474],[[[0.854926,-0.433828,-0.284419],[0.472491,0.877538,0.0817264],[0.214133,-0.204256,0.95521]],[[0.814079,-0.399025,-0.421964],[-0.039609,0.68674,-0.725823],[0.579402,0.607591,0.543256]],[[0.814079,-0.399025,-0.421964],[-0.580708,-0.550201,-0.600047],[0.0072685,0.733524,-0.679625]],[[0.814079,-0.399025,-0.421964],[-0.410845,-0.909227,0.0671722],[-0.410465,0.118678,-0.904121]]],4]],[[0,200,0],[235.247,235.247,147.751]]],[365302,83244889486,[[109,"right",[-0.438323,0.324885,-0.838047],[-0.178775,-0.945272,-0.272948],[-71.829,135.476,25.0693],[30.1742,-7.92062,-21.9675],[-71.8003,141.751,31.9267],1,0,0.566037,[[0.521342,0.282686,-0.805165],[0.283812,0.832385,0.47601],[0.804769,-0.47668,0.353727]],63.72,[176.615,-6.91776,163.408],[-40.6727,121.786,67.9019]]],[[1090,[0.120162,-0.28297,-0.951572],109,52.1164,[-73.5106,90.9003,-3.13541],[-72.8832,90.103,-4.02034],[41.7936,-21.7722,-9.69976],false,[-66.2151,111.326,81.2895],[-66.2151,111.326,81.2895],[-90.3703,104.659,38.1171],[-86.2733,95.0111,5.67269],[-67.5685,87.8331,-6.4242],[[[0.428825,0.896727,-0.109497],[-0.457897,0.320239,0.829324],[0.778742,-0.305496,0.547935]],[[0.197246,0.946212,-0.256468],[-0.852604,0.294698,0.431531],[0.4839,0.133548,0.864873]],[[0.197246,0.946212,-0.256468],[-0.972962,0.156876,-0.169513],[-0.120162,0.28297,0.951572]],[[0.197246,0.946212,-0.256468],[-0.56774,-0.103024,-0.816736],[-0.799228,0.306705,0.516881]]],0],[1091,[-0.353238,0.161244,-0.921533],109,58.8075,[-136.786,164.017,-52.6793],[-132.468,163.004,-56.6413],[55.8208,-7.36425,-39.9186],false,[-60.3053,133.042,73.8488],[-104.455,146.396,16.5339],[-119.219,157.327,-22.3027],[-127.757,161.224,-44.5765],[-133.886,162.654,-60.4609],[[[0.794758,0.0247946,-0.606419],[0.09076,0.983075,0.159143],[0.600101,-0.181519,0.779057]],[[0.931787,-0.0274287,-0.361968],[0.116889,0.966703,0.227644],[0.343671,-0.254426,0.903968]],[[0.931787,-0.0274287,-0.361968],[0.0836417,0.986533,0.140557],[0.353238,-0.161244,0.921533]],[[0.931787,-0.0274287,-0.361968],[0.0557929,0.996114,0.0681415],[0.358692,-0.0836886,0.929697]]],1],[1092,[-0.640196,0.244551,-0.728247],109,67.0064,[-147.557,177.576,-50.8115],[-142.397,173.233,-58.95],[58.9293,-6.87392,-45.0138],false,[-50.8235,135.124,66.2741],[-84.7171,147.809,6.62605],[-114.568,162.993,-28.0382],[-132.773,169.948,-48.747],[-145.079,173.427,-62.5167],[[[0.841332,-0.167913,-0.513776],[0.23697,0.96889,0.0713947],[0.485804,-0.181816,0.854949]],[[0.723451,-0.126936,-0.678606],[0.305066,0.940557,0.14929],[0.619318,-0.315024,0.71917]],[[0.723451,-0.126936,-0.678606],[0.258395,0.961292,0.0956566],[0.640196,-0.244551,0.728247]],[[0.723451,-0.126936,-0.678606],[0.218648,0.97448,0.0508168],[0.654838,-0.185139,0.732742]]],2],[1093,[0.0873197,-0.728056,0.679934],109,64.4285,[-73.2265,99.1343,11.1253],[-75.3401,93.9113,7.54724],[29.8487,-4.11121,-0.0165065],false,[-40.7236,134.093,59.3562],[-62.6385,145.054,1.70756],[-83.171,114.503,-23.6168],[-80.7521,94.3342,-4.78131],[-73.2601,93.6914,12.3228],[[[0.883378,-0.265397,-0.386273],[0.311839,0.948128,0.0617228],[0.349855,-0.17498,0.920317]],[[0.879889,-0.26366,-0.39532],[-0.120868,0.68039,-0.722814],[0.459549,0.683778,0.5668]],[[0.879889,-0.26366,-0.39532],[-0.467086,-0.632786,-0.617586],[-0.0873197,0.728056,-0.679934]],[[0.879889,-0.26366,-0.39532],[-0.254965,-0.964002,0.0754542],[-0.400983,0.0344011,-0.915439]]],3],[1094,[-0.00877237,-0.730029,0.683359],109,50.5107,[-56.5313,106.663,7.95734],[-58.3029,100.601,3.76999],[28.4646,-13.5243,-5.65368],false,[-30.5666,125.909,53.6627],[-42.817,137.738,-1.76554],[-63.3168,116.223,-20.9263],[-63.4884,101.944,-7.56065],[-56.4313,99.9649,8.04024],[[[0.854184,-0.436851,-0.282013],[0.475116,0.876098,0.0819556],[0.211269,-0.203994,0.955904]],[[0.813942,-0.402193,-0.419212],[-0.0371338,0.684109,-0.728434],[0.579758,0.60847,0.54189]],[[0.813942,-0.402193,-0.419212],[-0.580879,-0.552538,-0.59773],[0.00877237,0.730029,-0.683359]],[[0.813942,-0.402193,-0.419212],[-0.412159,-0.908326,0.0712024],[-0.409418,0.114827,-0.905092]]],4]],[[0,200,0],[235.247,235.247,147.751]]],[365303,83244898569,[[109,"right",[-0.4361,0.325309,-0.839042],[-0.180564,-0.945045,-0.272558],[-71.5941,135.452,24.9371],[28.9811,-6.47297,-19.9162],[-71.8003,141.751,31.9267],1,0,0.568672,[[0.521578,0.280177,-0.805889],[0.2838,0.833789,0.473554],[0.80462,-0.475707,0.355372]],63.72,[176.703,-6.72205,163.784],[-40.5445,121.719,67.8335]]],[[1090,[0.122741,-0.284617,-0.950751],109,52.1164,[-73.1644,90.6266,-3.24193],[-72.5593,89.9714,-4.09557],[39.8201,-19.6821,-9.90835],false,[-66.1349,111.33,81.1847],[-66.1349,111.33,81.1847],[-90.1616,104.616,37.9479],[-85.9767,94.9121,5.53149],[-67.2482,87.6949,-6.50534],[[[0.431156,0.895618,-0.109419],[-0.45856,0.321948,0.828295],[0.777063,-0.306949,0.549504]],[[0.198972,0.945601,-0.257389],[-0.85366,0.29623,0.428384],[0.481326,0.134486,0.866163]],[[0.198972,0.945601,-0.257389],[-0.972289,0.157581,-0.172694],[-0.122741,0.284617,0.950751]],[[0.198972,0.945601,-0.257389],[-0.56571,-0.103638,-0.818065],[-0.800239,0.308379,0.514315]]],0],[1091,[-0.351188,0.160946,-0.922368],109,58.8075,[-136.587,163.948,-52.8638],[-132.023,163.024,-56.9086],[53.9741,-4.52739,-36.9658],false,[-60.1604,133.026,73.7382],[-104.179,146.443,16.3374],[-118.847,157.365,-22.5382],[-127.336,161.255,-44.8322],[-133.432,162.679,-60.7296],[[[0.79586,0.0224451,-0.605064],[0.0928354,0.982973,0.158573],[0.598321,-0.182373,0.780225]],[[0.932384,-0.0299459,-0.360227],[0.118674,0.966683,0.226805],[0.341433,-0.254219,0.904874]],[[0.932384,-0.0299459,-0.360227],[0.085598,0.986509,0.139546],[0.351188,-0.160946,0.922368]],[[0.932384,-0.0299459,-0.360227],[0.0578785,0.996073,0.0670043],[0.356805,-0.0833231,0.930455]]],1],[1092,[-0.638514,0.244085,-0.729879],109,67.0064,[-147.498,177.525,-50.9024],[-141.926,173.211,-59.2716],[56.5699,-6.0491,-42.0824],false,[-50.6606,135.08,66.1784],[-84.4208,147.802,6.46253],[-114.181,162.983,-28.2819],[-132.338,169.924,-49.037],[-144.615,173.388,-62.8361],[[[0.841813,-0.170305,-0.512198],[0.239162,0.968374,0.071088],[0.483893,-0.182341,0.85592]],[[0.724513,-0.129234,-0.677038],[0.306392,0.940267,0.148397],[0.617418,-0.314954,0.720832]],[[0.724513,-0.129234,-0.677038],[0.259579,0.961104,0.0943248],[0.638514,-0.244085,0.729879]],[[0.724513,-0.129234,-0.677038],[0.219711,0.974327,0.0491363],[0.653306,-0.184352,0.734306]]],2],[1093,[0.0852914,-0.726434,0.681923],109,64.4285,[-73.2708,98.9834,11.0461],[-75.1341,93.9017,7.51859],[27.7837,-2.77052,-1.24405],false,[-40.5512,134.02,59.2787],[-62.3405,144.99,1.58419],[-82.8944,114.437,-23.7209],[-80.5316,94.3137,-4.83022],[-73.0619,93.7062,12.2848],[[[0.883406,-0.267794,-0.384552],[0.313998,0.947426,0.0615608],[0.347848,-0.175132,0.921048]],[[0.879976,-0.266075,-0.393505],[-0.118388,0.679413,-0.724142],[0.460029,0.683814,0.566367]],[[0.879976,-0.266075,-0.393505],[-0.467298,-0.633639,-0.61655],[-0.0852914,0.726434,-0.681923]],[[0.879976,-0.266075,-0.393505],[-0.256528,-0.963404,0.0777616],[-0.399795,0.0325166,-0.916028]]],3],[1094,[-0.00802158,-0.72515,0.688544],109,50.5107,[-56.5672,106.478,7.85748],[-58.0224,100.551,3.86273],[29.8992,-10.4416,-0.351885],false,[-30.404,125.807,53.6088],[-42.5306,137.624,-1.84928],[-63.0296,116.023,-20.9136],[-63.1864,101.84,-7.44653],[-56.1246,99.968,8.16547],[[[0.853622,-0.4391,-0.280216],[0.477067,0.875021,0.0821286],[0.209132,-0.203789,0.956417]],[[0.813992,-0.404682,-0.416713],[-0.036385,0.680457,-0.731884],[0.579736,0.61091,0.539162]],[[0.813992,-0.404682,-0.416713],[-0.580821,-0.557127,-0.593512],[0.00802158,0.72515,-0.688544]],[[0.813992,-0.404682,-0.416713],[-0.411784,-0.907988,0.0774092],[-0.409697,0.108585,-0.905736]]],4]],[[0,200,0],[235.247,235.247,147.751]]],[365304,83244907828,[[109,"right",[-0.433275,0.324867,-0.840675],[-0.183902,-0.945018,-0.270407],[-71.1486,135.461,24.7531],[34.3641,-4.35421,-19.9056],[-71.8003,141.751,31.9267],1,0,0.5849,[[0.521209,0.275047,-0.807893],[0.284562,0.83646,0.468357],[0.80459,-0.474008,0.357703]],63.72,[177.008,-6.26635,164.321],[-40.2317,121.716,67.7411]]],[[1090,[0.124013,-0.288162,-0.949517],109,52.1164,[-72.811,90.3753,-3.34187],[-72.1533,89.8311,-4.14697],[40.1956,-18.4896,-9.17919],false,[-65.8879,111.465,81.0734],[-65.8879,111.465,81.0734],[-89.8213,104.667,37.7982],[-85.593,94.8418,5.42384],[-66.8679,87.5302,-6.56115],[[[0.434976,0.893576,-0.110987],[-0.458734,0.325974,0.826622],[0.774828,-0.308647,0.551705]],[[0.202168,0.94417,-0.260135],[-0.85396,0.29999,0.425158],[0.479459,0.136192,0.866932]],[[0.202168,0.94417,-0.260135],[-0.971467,0.159702,-0.175347],[-0.124013,0.288162,0.949517]],[[0.202168,0.94417,-0.260135],[-0.564779,-0.104603,-0.818586],[-0.800095,0.312411,0.5121]]],0],[1091,[-0.348538,0.157977,-0.923886],109,58.8075,[-136.342,163.869,-53.0775],[-131.302,162.938,-57.3056],[60.9513,-6.38493,-38.7763],false,[-59.8122,133.118,73.5809],[-103.673,146.562,16.0659],[-118.213,157.377,-22.8876],[-126.638,161.196,-45.2183],[-132.693,162.563,-61.1362],[[[0.797027,0.0176362,-0.603687],[0.0965324,0.983002,0.156166],[0.596179,-0.182744,0.781777]],[[0.933091,-0.034764,-0.357955],[0.121631,0.967171,0.223128],[0.338447,-0.251737,0.906687]],[[0.933091,-0.034764,-0.357955],[0.0886666,0.986831,0.13529],[0.348538,-0.157977,0.923886]],[[0.933091,-0.034764,-0.357955],[0.0610266,0.996188,0.0623316],[0.354424,-0.0800059,0.931656]]],1],[1092,[-0.636499,0.243148,-0.731948],109,67.0064,[-147.425,177.468,-51.0063],[-141.183,173.171,-59.7171],[62.6848,-6.08082,-43.409],false,[-50.2906,135.114,66.0328],[-83.892,147.815,6.22313],[-113.538,162.971,-28.6291],[-131.638,169.885,-49.443],[-143.882,173.325,-63.2775],[[[0.842032,-0.175053,-0.510233],[0.242955,0.967582,0.0689833],[0.481617,-0.18205,0.857265]],[[0.725322,-0.133984,-0.675245],[0.309198,0.939777,0.145656],[0.615064,-0.314432,0.723069]],[[0.725322,-0.133984,-0.675245],[0.262254,0.960691,0.0910805],[0.636499,-0.243148,0.731948]],[[0.725322,-0.133984,-0.675245],[0.222264,0.973924,0.045499],[0.651541,-0.183084,0.736189]]],2],[1093,[0.0834968,-0.72162,0.687235],109,64.4285,[-73.3028,98.8353,10.9706],[-74.7379,93.9232,7.60747],[32.393,-0.480646,2.27068],false,[-40.1733,133.994,59.1541],[-61.8146,144.901,1.39195],[-82.4279,114.27,-23.7699],[-80.1148,94.2799,-4.73213],[-72.6552,93.7809,12.3909],[[[0.883001,-0.272375,-0.382257],[0.317723,0.946306,0.0596457],[0.345486,-0.174119,0.922129]],[[0.879639,-0.270688,-0.391105],[-0.115686,0.675819,-0.727932],[0.461359,0.685563,0.563162]],[[0.879639,-0.270688,-0.391105],[-0.468256,-0.637175,-0.612164],[-0.0834968,0.72162,-0.687235]],[[0.879639,-0.270688,-0.391105],[-0.258518,-0.962297,0.084579],[-0.399253,0.0267087,-0.916452]]],3],[1094,[-0.00855642,-0.718717,0.69525],109,50.5107,[-56.5893,106.291,7.76257],[-57.5862,100.458,3.99692],[35.3566,-9.84206,4.88761],false,[-30.0493,125.726,53.524],[-42.0285,137.446,-1.98653],[-62.5571,115.73,-20.8884],[-62.7245,101.673,-7.29018],[-55.6697,99.9178,8.33854],[[[0.852337,-0.443284,-0.277527],[0.48046,0.873296,0.0806967],[0.206592,-0.202122,0.957323]],[[0.813459,-0.409361,-0.413167],[-0.034912,0.674723,-0.737245],[0.580573,0.614143,0.534568]],[[0.813459,-0.409361,-0.413167],[-0.581559,-0.562023,-0.58815],[0.00855642,0.718717,-0.69525]],[[0.813459,-0.409361,-0.413167],[-0.413243,-0.906672,0.0847125],[-0.409285,0.101828,-0.906707]]],4]],[[0,200,0],[235.247,235.247,147.751]]],[365305,83244916655,[[109,"right",[-0.431233,0.324529,-0.841855],[-0.186317,-0.94499,-0.268848],[-70.8262,135.469,24.6199],[34.9476,-2.9608,-18.6044],[-71.8003,141.751,31.9267],1,0,0.594319,[[0.520928,0.271308,-0.809337],[0.285127,0.83838,0.464566],[0.804572,-0.472769,0.359378]],63.72,[177.229,-5.93332,164.706],[-40.0054,121.714,67.6742]]],[[1090,[0.125203,-0.290901,-0.948526],109,52.1164,[-72.4898,90.1585,-3.43495],[-71.8377,89.6995,-4.20766],[38.1988,-17.6724,-9.62136],false,[-65.7087,111.564,80.9925],[-65.7087,111.564,80.9925],[-89.5452,104.678,37.6777],[-85.2764,94.7599,5.3372],[-66.5865,87.3774,-6.65926],[[[0.437733,0.892087,-0.11212],[-0.458848,0.328889,0.825403],[0.773206,-0.30986,0.553298]],[[0.204177,0.943139,-0.262298],[-0.854569,0.302422,0.422199],[0.477517,0.137949,0.867725]],[[0.204177,0.943139,-0.262298],[-0.970894,0.160827,-0.177479],[-0.125203,0.290901,0.948526]],[[0.204177,0.943139,-0.262298],[-0.566184,-0.10481,-0.817588],[-0.798591,0.315442,0.512591]]],0],[1091,[-0.346641,0.156957,-0.924773],109,58.8075,[-136.076,163.792,-53.3005],[-130.781,162.932,-57.5807],[60.5905,-4.53787,-36.6824],false,[-59.5599,133.185,73.4668],[-103.307,146.648,15.8693],[-117.755,157.419,-23.1304],[-126.134,161.213,-45.4826],[-132.16,162.563,-61.4129],[[[0.797856,0.0141541,-0.602681],[0.0992072,0.983012,0.154421],[0.594629,-0.182996,0.782898]],[[0.933545,-0.0382254,-0.356417],[0.124061,0.967305,0.221203],[0.336309,-0.25072,0.907764]],[[0.933545,-0.0382254,-0.356417],[0.0912921,0.986865,0.133276],[0.346641,-0.156957,0.924772]],[[0.933545,-0.0382254,-0.356417],[0.0637966,0.996142,0.0602639],[0.352739,-0.0789972,0.932381]]],1],[1092,[-0.634973,0.242888,-0.733358],109,67.0064,[-147.345,177.411,-51.1153],[-140.644,173.158,-60.0346],[61.906,-4.88043,-41.0697],false,[-50.0228,135.138,65.9273],[-83.5094,147.824,6.04991],[-113.074,162.967,-28.8771],[-131.13,169.874,-49.7312],[-143.348,173.31,-63.5898],[[[0.842176,-0.178488,-0.508803],[0.245697,0.966997,0.0674584],[0.479971,-0.181823,0.858236]],[[0.725853,-0.137409,-0.673985],[0.311319,0.939368,0.143763],[0.613366,-0.314175,0.724622]],[[0.725853,-0.137409,-0.673985],[0.264473,0.960273,0.0890504],[0.634973,-0.242888,0.733358]],[[0.725853,-0.137409,-0.673985],[0.224563,0.973494,0.0433733],[0.65016,-0.182835,0.737471]]],2],[1093,[0.0835414,-0.716159,0.69292],109,64.4285,[-73.3224,98.7012,10.9067],[-74.4025,93.9577,7.77197],[34.49,1.53171,7.58482],false,[-39.8999,133.976,59.0639],[-61.4343,144.836,1.25302],[-82.0777,114.083,-23.7348],[-79.7634,94.2444,-4.53957],[-72.2998,93.8714,12.5849],[[[0.882695,-0.275684,-0.380589],[0.320414,0.945484,0.0582586],[0.34378,-0.173371,0.922907]],[[0.87942,-0.27404,-0.389258],[-0.114662,0.67168,-0.731914],[0.462031,0.688293,0.559267]],[[0.87942,-0.27404,-0.389258],[-0.468658,-0.641887,-0.606911],[-0.0835414,0.716159,-0.69292]],[[0.87942,-0.27404,-0.389258],[-0.258939,-0.961511,0.0919099],[-0.399463,0.0199667,-0.916532]]],3],[1094,[-0.0105918,-0.716031,0.697988],109,50.5107,[-56.6018