{"metadata":{"formatVersion":2,"generatedBy":"LeapJS Playback 0.2.1","frames":103,"protocolVersion":6,"serviceVersion":"2.2.5+26752","frameRate":"1.1e+2","modified":"Wed Apr 22 2015 20:40:55 GMT-0300 (E. South America Standard Time)"},"frames":[["id","timestamp",{"hands":[["id","type","direction","palmNormal","palmPosition","palmVelocity","stabilizedPalmPosition","pinchStrength","grabStrength","confidence","armBasis","armWidth","elbow","wrist"]]},{"pointables":[["id","direction","handId","length","stabilizedTipPosition","tipPosition","tipVelocity","tool","carpPosition","mcpPosition","pipPosition","dipPosition","btipPosition","bases","type"]]},{"interactionBox":["center","size"]}],[373766,83322728528,[[111,"right",[-0.146272,0.335053,-0.930776],[-0.0867956,-0.941614,-0.325314],[-9.01177,113.134,31.9395],[101.173,-11.5774,-47.9589],[-14.9904,112.397,38.3755],0.541484,0,0.572547,[[0.63032,-0.0533961,-0.774497],[0.0255042,0.998518,-0.0480843],[0.775916,0.0105556,0.630748]],63.72,[216.271,101.706,252.637],[6.77355,98.8558,82.3352]]],[[1110,[0.387754,-0.265941,-0.882566],111,52.1164,[-25.0825,72.0744,-3.66028],[-17.047,70.9631,-8.53644],[128.986,-22.4111,-49.5092],false,[-21.756,88.4863,86.7624],[-21.756,88.4863,86.7624],[-33.9324,83.8826,38.572],[-20.7117,74.8152,8.48044],[-15.6606,69.519,-13.7494],[[[0.445624,0.894224,0.0422204],[-0.697167,0.317065,0.642984],[0.561585,-0.315964,0.764715]],[[0.281306,0.94594,-0.161446],[-0.928098,0.310954,0.204799],[0.24393,0.0922268,0.965398]],[[0.281306,0.94594,-0.161446],[-0.877789,0.185669,-0.441603],[-0.387754,0.265941,0.882566]],[[0.281306,0.94594,-0.161446],[-0.935033,0.232353,-0.267817],[-0.215826,0.226296,0.949847]]],0],[1111,[-0.0544735,0.147495,-0.987562],111,58.8075,[-50.7231,140.349,-58.455],[-41.3214,138.769,-65.1918],[98.9447,-42.8845,-59.7749],false,[-13.6762,110.215,81.8182],[-37.1523,124.376,13.5478],[-39.3667,133.844,-28.2998],[-40.6834,137.409,-52.1695],[-41.6509,138.911,-69.1614],[[[0.946881,0.0235245,-0.320724],[0.0399016,0.98102,0.189758],[0.3191,-0.192476,0.92797]],[[0.997811,-0.0290978,-0.0593847],[0.0414298,0.97498,0.218396],[0.0515441,-0.220378,0.974052]],[[0.997811,-0.0290978,-0.0593847],[0.0374948,0.988635,0.145587],[0.0544735,-0.147495,0.987562]],[[0.997811,-0.0290978,-0.0593847],[0.0341589,0.995703,0.0860726],[0.056625,-0.0879127,0.994517]]],1],[1112,[-0.434408,0.242517,-0.867453],111,67.0064,[-62.3163,150.363,-62.0084],[-54.2406,149.182,-68.2967],[107.473,-7.31741,-54.5106],false,[-2.26246,112.285,77.6879],[-15.278,125.716,10.4734],[-35.5529,140.227,-30.7774],[-47.9059,147.123,-55.4446],[-56.2587,150.766,-71.8795],[[[0.960518,-0.170283,-0.220021],[0.206405,0.96641,0.153132],[0.186555,-0.192499,0.963401]],[[0.875514,-0.112533,-0.469906],[0.23778,0.94694,0.216252],[0.420638,-0.301066,0.855817]],[[0.875514,-0.112533,-0.469906],[0.211577,0.963598,0.163442],[0.434408,-0.242517,0.867453]],[[0.875514,-0.112533,-0.469906],[0.189495,0.974561,0.119674],[0.444485,-0.193821,0.874566]]],2],[1113,[-0.0479692,-0.542163,0.838903],111,64.4285,[-12.4176,68.9042,33.1977],[-5.12748,69.6728,31.4972],[142.137,-6.81875,-26.9714],false,[9.51246,111.232,74.3457],[7.20192,122.829,12.8319],[-5.65364,84.026,-5.20572],[-6.98248,69.007,18.0336],[-4.4876,69.9637,36.5255],[[[0.959191,-0.269119,-0.0867644],[0.280344,0.945145,0.167654],[0.0368861,-0.185136,0.98202]],[[0.957693,-0.263565,-0.115574],[0.00603228,0.419885,-0.907557],[0.287728,0.868464,0.403711]],[[0.957693,-0.263565,-0.115574],[-0.283765,-0.797868,-0.531869],[0.0479692,0.542163,-0.838903]],[[0.957693,-0.263565,-0.115574],[-0.254938,-0.963282,0.0842295],[-0.13353,-0.0512019,-0.989721]]],3],[1114,[-0.218918,-0.478002,0.850641],111,50.5107,[3.28026,75.9719,33.4586],[9.0446,77.5131,31.0236],[133.43,4.87704,-30.8946],false,[20.9164,103.015,72.1094],[27.0597,115.387,15.7935],[12.6605,86.2788,1.80635],[8.37873,76.9297,18.4439],[9.10057,77.8389,35.6415],[[[0.897419,-0.441179,0.000976339],[0.42827,0.871687,0.238214],[-0.105946,-0.21336,0.971212]],[[0.899002,-0.437702,-0.0145947],[0.161128,0.361564,-0.918319],[0.407226,0.823219,0.395573]],[[0.899002,-0.437702,-0.0145947],[-0.379303,-0.761532,-0.525545],[0.218918,0.478002,-0.850641]],[[0.899002,-0.437702,-0.0145947],[-0.435938,-0.897572,0.0657483],[-0.0418779,-0.0527454,-0.99773]]],4]],[[0,200,0],[235.247,235.247,147.751]]],[373767,83322737587,[[111,"right",[-0.14648,0.33141,-0.932047],[-0.0781004,-0.943143,-0.323081],[-7.94284,113.229,31.7348],[105.818,-5.47486,-40.9569],[-14.8599,112.412,38.2526],0.530599,0,0.5815,[[0.632467,-0.0414517,-0.773477],[0.0195571,0.999103,-0.0375516],[0.77434,0.00862321,0.632711]],63.72,[216.893,101.542,253.043],[7.82144,99.2134,82.2106]]],[[1110,[0.383097,-0.262546,-0.88561],111,52.1164,[-23.4093,71.8628,-4.62984],[-15.9089,71.0293,-8.79488],[120.526,-10.7426,-45.7926],false,[-20.6333,88.6194,86.5871],[-20.6333,88.6194,86.5871],[-32.7462,83.8915,38.3928],[-19.6843,74.9398,8.19734],[-14.8104,69.7153,-14.0889],[[[0.438086,0.897993,0.0410926],[-0.701535,0.312946,0.640245],[0.562076,-0.309311,0.767071]],[[0.274869,0.947726,-0.162058],[-0.930357,0.304704,0.203938],[0.242657,0.0947157,0.965477]],[[0.274869,0.947726,-0.162058],[-0.881864,0.181343,-0.435237],[-0.383097,0.262546,0.88561]],[[0.274869,0.947726,-0.162058],[-0.938657,0.227997,-0.258727],[-0.208253,0.223233,0.952259]]],0],[1111,[-0.0542376,0.150484,-0.987123],111,58.8075,[-50.3623,140.29,-58.7015],[-40.2712,138.658,-65.4846],[102.962,-28.0624,-51.0326],false,[-12.7202,110.402,81.6081],[-36.1248,124.19,13.237],[-38.3535,133.848,-28.5664],[-39.6644,137.485,-52.4256],[-40.62,139.015,-69.4157],[[[0.947532,0.0305375,-0.318198],[0.0312548,0.981806,0.187295],[0.318129,-0.187413,0.929339]],[[0.998102,-0.0207095,-0.0579979],[0.0331889,0.974184,0.223301],[0.0518762,-0.224802,0.973023]],[[0.998102,-0.0207095,-0.0579979],[0.0291706,0.988395,0.149075],[0.0542376,-0.150484,0.987123]],[[0.998102,-0.0207095,-0.0579979],[0.0257877,0.995767,0.0882248],[0.0559253,-0.089553,0.994411]]],1],[1112,[-0.430708,0.245023,-0.868594],111,67.0064,[-62.0226,150.356,-62.2113],[-53.0038,149.222,-68.6366],[118.788,0.59245,-50.1667],false,[-1.31263,112.556,77.5035],[-14.254,125.703,10.2187],[-34.3711,140.308,-31.0762],[-46.6189,147.275,-55.7759],[-54.8966,150.971,-72.2367],[[[0.962497,-0.162888,-0.216951],[0.197973,0.968482,0.151161],[0.185491,-0.188442,0.964408]],[[0.878444,-0.106875,-0.465741],[0.232687,0.946976,0.22157],[0.417365,-0.303008,0.856734]],[[0.878444,-0.106875,-0.465741],[0.206948,0.963609,0.169207],[0.430708,-0.245023,0.868594]],[[0.878444,-0.106875,-0.465741],[0.185215,0.974627,0.125686],[0.440491,-0.19667,0.87595]]],2],[1113,[-0.0455455,-0.539299,0.840882],111,64.4285,[-11.8702,68.9662,33.1388],[-3.68931,69.8194,31.4807],[146.689,-0.183551,-20.1814],false,[10.4798,111.591,74.1962],[8.24253,123.008,12.6462],[-4.24048,84.0348,-5.28421],[-5.50218,69.0951,18.0099],[-3.0636,70.1399,36.5046],[[[0.961621,-0.261385,-0.08344],[0.272046,0.947869,0.165941],[0.0357157,-0.182272,0.982599]],[[0.960165,-0.255942,-0.112142],[0.00489202,0.416656,-0.909051],[0.279389,0.872291,0.401311]],[[0.960165,-0.255942,-0.112142],[-0.275695,-0.802278,-0.529473],[0.0455455,0.539299,-0.840882]],[[0.960165,-0.255942,-0.112142],[-0.247078,-0.965073,0.0870951],[-0.130517,-0.0559178,-0.989868]]],3],[1114,[-0.217504,-0.477607,0.851224],111,50.5107,[3.61557,76.0629,33.3705],[10.4061,77.7595,30.9658],[137.986,11.0417,-24.4762],false,[21.9574,103.464,72.0126],[28.153,115.739,15.6814],[14.0358,86.4781,1.72599],[9.78171,77.1367,18.3749],[10.4455,78.0971,35.5721],[[[0.901035,-0.433722,0.00458248],[0.420381,0.875823,0.237097],[-0.106848,-0.211706,0.971475]],[[0.902614,-0.430315,-0.0108065],[0.160892,0.360555,-0.918756],[0.399251,0.827544,0.394677]],[[0.902614,-0.430315,-0.0108065],[-0.371456,-0.765977,-0.52469],[0.217504,0.477607,-0.851224]],[[0.902614,-0.430315,-0.0108065],[-0.428724,-0.900958,0.0668604],[-0.0385072,-0.0557161,-0.997704]]],4]],[[0,200,0],[235.247,235.247,147.751]]],[373768,83322746582,[[111,"right",[-0.14834,0.328952,-0.932623],[-0.0775775,-0.944021,-0.320633],[-6.95082,113.26,31.6633],[107.044,-3.02343,-31.8962],[-14.6749,112.432,38.0985],0.522959,0,0.588581,[[0.634693,-0.0394066,-0.771759],[0.0192076,0.999195,-0.0352234],[0.772525,0.00753245,0.634939]],63.72,[217.492,101.42,253.582],[8.90985,99.3862,82.1481]]],[[1110,[0.375932,-0.262185,-0.888783],111,52.1164,[-21.7956,71.7066,-5.51966],[-15.1905,71.1003,-8.86377],[105.215,-2.7415,-36.6197],false,[-19.5262,88.7718,86.5963],[-19.5262,88.7718,86.5963],[-31.7473,84.0238,38.4313],[-18.9296,75.0844,8.12774],[-14.2795,69.8872,-14.2127],[[[0.437161,0.898573,0.038179],[-0.700852,0.31375,0.640599],[0.563646,-0.306803,0.766926]],[[0.275011,0.947492,-0.163181],[-0.929747,0.305307,0.205812],[0.244825,0.0951161,0.96489]],[[0.275011,0.947492,-0.163181],[-0.884898,0.183081,-0.428296],[-0.375932,0.262185,0.888783]],[[0.275011,0.947492,-0.163181],[-0.940686,0.230095,-0.249331],[-0.198692,0.222071,0.954571]]],0],[1111,[-0.0565787,0.155467,-0.98622],111,58.8075,[-49.9446,140.242,-58.9649],[-39.5072,138.827,-65.4803],[97.9872,-8.39492,-35.7042],false,[-11.645,110.551,81.551],[-35.1744,124.144,13.1839],[-37.503,134.07,-28.5512],[-38.8705,137.828,-52.3885],[-39.8661,139.422,-69.3705],[[[0.946986,0.0307957,-0.319794],[0.0304716,0.982298,0.184828],[0.319825,-0.184774,0.929285]],[[0.997985,-0.019604,-0.0603441],[0.0329858,0.972747,0.229511],[0.0542002,-0.231039,0.971434]],[[0.997985,-0.019604,-0.0603441],[0.0287153,0.987647,0.154044],[0.0565787,-0.155467,0.98622]],[[0.997985,-0.019604,-0.0603441],[0.0251151,0.995445,0.0919685],[0.0582663,-0.0932987,0.993932]]],1],[1112,[-0.429765,0.248705,-0.868014],111,67.0064,[-61.6453,150.358,-62.4467],[-52.0533,149.421,-68.6624],[117.611,9.21505,-37.5117],false,[-0.246481,112.707,77.4229],[-13.3102,125.674,10.1268],[-33.3809,140.434,-31.1358],[-45.6018,147.506,-55.819],[-53.8629,151.276,-72.2713],[[[0.962327,-0.162363,-0.218096],[0.197147,0.969068,0.148459],[0.187245,-0.185863,0.964569]],[[0.878417,-0.107364,-0.465678],[0.234507,0.945889,0.224278],[0.4164,-0.306214,0.856063]],[[0.878417,-0.107364,-0.465678],[0.20901,0.96261,0.172326],[0.429765,-0.248705,0.868014]],[[0.878417,-0.107364,-0.465678],[0.187433,0.973763,0.129055],[0.439604,-0.200648,0.875494]]],2],[1113,[-0.0434892,-0.536527,0.842762],111,64.4285,[-11.1802,69.0394,33.0783],[-2.64476,69.8668,31.561],[138.33,1.46539,-12.4153],false,[11.5417,111.747,74.099],[9.19312,123.01,12.5248],[-3.27414,83.9638,-5.25764],[-4.47888,69.101,18.0886],[-2.01146,70.2062,36.5759],[[[0.961774,-0.260532,-0.084341],[0.271265,0.948573,0.16317],[0.0374925,-0.179812,0.982986]],[[0.960276,-0.25519,-0.112908],[0.00289275,0.413694,-0.910411],[0.279037,0.87392,0.397999]],[[0.960276,-0.25519,-0.112908],[-0.275642,-0.804374,-0.526312],[0.0434892,0.536527,-0.842762]],[[0.960276,-0.25519,-0.112908],[-0.245825,-0.96508,0.0905027],[-0.132061,-0.059152,-0.989475]]],3],[1114,[-0.215762,-0.475464,0.852866],111,50.5107,[4.06245,76.1713,33.2686],[11.4308,77.8135,30.9693],[131.398,9.69282,-17.8372],false,[23.0248,103.627,71.917],[29.1165,115.771,15.5459],[15.0091,86.4554,1.69406],[10.7891,77.1559,18.3751],[11.4761,78.1629,35.5687],[[[0.901519,-0.432719,0.00420244],[0.419793,0.876866,0.234265],[-0.105056,-0.20943,0.972164]],[[0.903045,-0.429406,-0.0109328],[0.159154,0.358127,-0.920008],[0.398972,0.829069,0.391746]],[[0.903045,-0.429406,-0.0109328],[-0.371424,-0.767818,-0.522016],[0.215762,0.475464,-0.852866]],[[0.903045,-0.429406,-0.0109328],[-0.427692,-0.90122,0.0698697],[-0.0398553,-0.0584196,-0.997496]]],4]],[[0,200,0],[235.247,235.247,147.751]]],[373769,83322755630,[[111,"right",[-0.150482,0.326234,-0.933235],[-0.0798551,-0.94491,-0.317439],[-6.02263,113.38,31.5842],[105.814,1.45274,-25.5086],[-14.4236,112.46,37.9092],0.519778,0,0.602822,[[0.63699,-0.0407637,-0.769794],[0.0210719,0.999148,-0.0354724],[0.770584,0.00637455,0.637306]],63.72,[218.017,101.362,254.14],[9.95969,99.6413,82.0678]]],[[1110,[0.369467,-0.264161,-0.890906],111,52.1164,[-20.266,71.602,-6.29286],[-14.5422,71.1919,-8.85551],[94.6395,2.34181,-26.8181],false,[-18.4791,89.0826,86.6292],[-18.4791,89.0826,86.6292],[-30.8316,84.2675,38.5044],[-18.2344,75.2608,8.12843],[-13.7014,70.0189,-14.2256],[[[0.438576,0.898046,0.0341209],[-0.69859,0.316792,0.641573],[0.565353,-0.305215,0.766303]],[[0.276947,0.946475,-0.165785],[-0.928475,0.308025,0.207497],[0.247457,0.0964616,0.964085]],[[0.276947,0.946475,-0.165785],[-0.887014,0.185482,-0.42285],[-0.369467,0.264161,0.890906]],[[0.276947,0.946475,-0.165785],[-0.941162,0.232417,-0.24535],[-0.193687,0.22398,0.955154]]],0],[1111,[-0.0585358,0.159745,-0.985421],111,58.8075,[-49.458,140.211,-59.2489],[-38.7974,139.115,-65.4618],[93.5968,8.50772,-24.3092],false,[-10.5805,110.834,81.4932],[-34.2822,124.247,13.15],[-36.6851,134.404,-28.5254],[-38.1,138.265,-52.3435],[-39.1319,139.913,-69.318],[[[0.946127,0.0284004,-0.322547],[0.0324233,0.982829,0.181646],[0.322167,-0.182318,0.928961]],[[0.997803,-0.0213239,-0.0627281],[0.0355144,0.971421,0.234693],[0.0559308,-0.236405,0.970043]],[[0.997803,-0.0213239,-0.0627281],[0.0310336,0.986928,0.158146],[0.0585358,-0.159745,0.985421]],[[0.997803,-0.0213239,-0.0627281],[0.0272374,0.995106,0.0949804],[0.0603958,-0.0964803,0.993501]]],1],[1112,[-0.42956,0.251828,-0.867214],111,67.0064,[-61.1751,150.374,-62.7164],[-51.2105,149.681,-68.6823],[112.791,16.2536,-28.1495],false,[0.809541,112.96,77.3263],[-12.4245,125.735,10.0267],[-32.4822,140.605,-31.2026],[-44.6973,147.766,-55.863],[-52.9564,151.607,-72.3],[[[0.961472,-0.16446,-0.220284],[0.198976,0.96924,0.144852],[0.189686,-0.183102,0.964621]],[[0.877494,-0.110392,-0.466709],[0.238407,0.944796,0.224771],[0.416132,-0.308502,0.855372]],[[0.877494,-0.110392,-0.466709],[0.213264,0.961455,0.173557],[0.42956,-0.251828,0.867214]],[[0.877494,-0.110392,-0.466709],[0.191951,0.972644,0.130839],[0.439498,-0.204396,0.874679]]],2],[1113,[-0.0419145,-0.533807,0.844567],111,64.4285,[-10.3774,69.1266,33.0181],[-1.78017,69.9803,31.6087],[126.589,4.58591,-7.62462],false,[12.5869,111.973,73.9724],[10.0816,123.046,12.3698],[-2.49236,83.962,-5.25471],[-3.65347,69.1745,18.1415],[-1.1327,70.3344,36.6183],[[[0.961152,-0.262207,-0.0862197],[0.273106,0.948683,0.15942],[0.0399943,-0.176774,0.983439]],[[0.959583,-0.256955,-0.114785],[0.000950892,0.410826,-0.911713],[0.281426,0.874755,0.394465]],[[0.959583,-0.256955,-0.114785],[-0.278288,-0.805621,-0.523002],[0.0419145,0.533807,-0.844567]],[[0.959583,-0.256955,-0.114785],[-0.24698,-0.964428,0.0942349],[-0.134916,-0.0620766,-0.988911]]],3],[1114,[-0.214163,-0.472423,0.854957],111,50.5107,[4.6111,76.2964,33.1557],[12.3023,77.905,30.9567],[121.771,9.84627,-13.4593],false,[24.052,103.829,71.7838],[30.0028,115.787,15.3578],[15.8142,86.4478,1.63937],[11.6255,77.2078,18.3613],[12.3601,78.2679,35.5498],[[[0.900896,-0.434025,0.00303452],[0.421729,0.876982,0.230323],[-0.102627,-0.206217,0.97311]],[[0.902373,-0.430788,-0.0119991],[0.157178,0.354912,-0.921592],[0.401269,0.829734,0.387974]],[[0.902373,-0.430788,-0.0119991],[-0.373973,-0.76892,-0.518561],[0.214163,0.472423,-0.854957]],[[0.902373,-0.430788,-0.0119991],[-0.428842,-0.900355,0.073858],[-0.0426206,-0.0615018,-0.997197]]],4]],[[0,200,0],[235.247,235.247,147.751]]],[373770,83322764746,[[111,"right",[-0.151065,0.320966,-0.934965],[-0.0772929,-0.946759,-0.312526],[-4.77339,113.68,31.697],[114.481,10.1857,-14.9948],[-14.0706,112.504,37.682],0.51133,0,0.618342,[[0.639702,-0.036344,-0.767764],[0.0202188,0.999331,-0.0304596],[0.768357,0.00396181,0.640009]],63.72,[218.687,101.316,255.058],[11.2302,100.247,82.2559]]],[[1110,[0.36073,-0.265168,-0.894181],111,52.1164,[-18.7773,71.5899,-6.91964],[-13.589,71.437,-8.66443],[91.6875,11.6269,-14.9884],false,[-17.1822,89.6377,86.8646],[-17.1822,89.6377,86.8646],[-29.6298,84.6539,38.7815],[-17.3305,75.6129,8.29382],[-12.9769,70.3374,-14.088],[[[0.436217,0.899356,0.0295551],[-0.699601,0.318306,0.639719],[0.565928,-0.299733,0.76804]],[[0.275597,0.946226,-0.16942],[-0.928367,0.307716,0.208438],[0.249363,0.0998393,0.96325]],[[0.275597,0.946226,-0.16942],[-0.891022,0.185319,-0.414412],[-0.36073,0.265168,0.894181]],[[0.275597,0.946226,-0.16942],[-0.943102,0.232048,-0.238144],[-0.186024,0.225412,0.956339]]],0],[1111,[-0.0582543,0.160035,-0.985391],111,58.8075,[-48.8533,140.185,-59.5617],[-37.5751,139.162,-65.4248],[105.485,11.2771,-15.828],false,[-9.33898,111.382,81.6173],[-33.056,124.377,13.1985],[-35.4537,134.569,-28.4686],[-36.8618,138.437,-52.2859],[-37.8866,140.08,-69.2613],[[[0.946143,0.0291921,-0.322431],[0.0298013,0.983845,0.176524],[0.322375,-0.176626,0.929988]],[[0.997888,-0.0190858,-0.0620928],[0.0332406,0.971266,0.235663],[0.0558108,-0.23723,0.969849]],[[0.997888,-0.0190858,-0.0620928],[0.028744,0.986927,0.158585],[0.0582543,-0.160035,0.985391]],[[0.997888,-0.0190858,-0.0620928],[0.0249362,0.995179,0.0948529],[0.0599831,-0.0962009,0.993553]]],1],[1112,[-0.42814,0.249825,-0.868495],111,67.0064,[-60.5648,150.392,-63.0289],[-49.9023,149.651,-68.7387],[122.657,11.6113,-22.5029],false,[2.04666,113.517,77.4425],[-11.2013,125.906,10.0735],[-31.1908,140.69,-31.2195],[-43.3656,147.794,-55.9163],[-51.598,151.593,-72.3765],[[[0.961962,-0.163091,-0.219159],[0.196399,0.9705,0.139847],[0.189886,-0.17757,0.965615]],[[0.87841,-0.110773,-0.464892],[0.237497,0.945327,0.223498],[0.414718,-0.306734,0.856693]],[[0.87841,-0.110773,-0.464892],[0.212348,0.961934,0.172022],[0.42814,-0.249825,0.868495]],[[0.87841,-0.110773,-0.464892],[0.190998,0.973073,0.129028],[0.438082,-0.202133,0.875915]]],2],[1113,[-0.040916,-0.529765,0.847157],111,64.4285,[-9.40685,69.2481,32.986],[-0.419059,70.2932,31.9519],[132.779,12.8859,4.17988],false,[13.8275,112.543,74.0971],[11.3111,123.288,12.4369],[-1.1549,84.0871,-5.00428],[-2.28835,69.4115,18.4637],[0.222203,70.6719,36.9353],[[[0.961859,-0.260138,-0.0845862],[0.270578,0.950213,0.154542],[0.0401725,-0.171535,0.984359]],[[0.960289,-0.255051,-0.113115],[0.000318526,0.406418,-0.913687],[0.279008,0.877367,0.39036]],[[0.960289,-0.255051,-0.113115],[-0.275992,-0.808887,-0.519163],[0.040916,0.529765,-0.847157]],[[0.960289,-0.255051,-0.113115],[-0.244521,-0.964572,0.0990471],[-0.134369,-0.0674548,-0.988633]]],3],[1114,[-0.213326,-0.468008,0.85759],111,50.5107,[5.31399,76.4607,33.0583],[13.6379,78.2578,31.2862],[128.618,17.9543,0.120422],false,[25.3145,104.418,71.9541],[31.2503,116.096,15.4681],[17.1416,86.642,1.91564],[12.9692,77.4883,18.6891],[13.6924,78.6464,35.8717],[[[0.902026,-0.431646,0.00554683],[0.419368,0.879271,0.225859],[-0.102368,-0.201405,0.974144]],[[0.903467,-0.42856,-0.00913834],[0.156647,0.349928,-0.923587],[0.39901,0.832998,0.383281]],[[0.903467,-0.42856,-0.00913834],[-0.371806,-0.772855,-0.514252],[0.213326,0.468008,-0.85759]],[[0.903467,-0.42856,-0.00913834],[-0.4266,-0.901011,0.0786854],[-0.0419552,-0.0671912,-0.996858]]],4]],[[0,200,0],[235.247,235.247,147.751]]],[373771,83322773713,[[111,"right",[-0.151084,0.317858,-0.936024],[-0.0765363,-0.947812,-0.309507],[-3.48456,113.949,31.8624],[122.488,15.62,-5.84124],[-13.5983,112.569,37.4223],0.5022,0,0.620241,[[0.64211,-0.0341169,-0.765853],[0.0205954,0.999416,-0.0272539],[0.766336,0.00172693,0.642437]],63.72,[219.428,101.156,255.926],[12.5172,100.69,82.4677]]],[[1110,[0.352022,-0.265208,-0.897633],111,52.1164,[-17.3982,71.6811,-7.39763],[-12.728,71.7658,-8.50977],[87.6353,20.7125,-7.27626],false,[-15.8886,90.075,87.104],[-15.8886,90.075,87.104],[-28.4536,85.0445,39.0562],[-16.4511,76.0021,8.4509],[-12.3442,70.7431,-13.9813],[[[0.435559,0.899762,0.0267709],[-0.699977,0.319848,0.638537],[0.565969,-0.29686,0.769125]],[[0.275998,0.945789,-0.171198],[-0.927613,0.308752,0.210255],[0.251714,0.100776,0.96254]],[[0.275998,0.945789,-0.171198],[-0.894374,0.187479,-0.406136],[-0.352022,0.265208,0.897633]],[[0.275998,0.945789,-0.171198],[-0.945003,0.2345,-0.227989],[-0.175484,0.224707,0.958495]]],0],[1111,[-0.0575175,0.161404,-0.985211],111,58.8075,[-48.1144,140.174,-59.8944],[-36.2566,139.385,-65.293],[117.624,17.6225,-7.03479],false,[-8.05988,111.808,81.7888],[-31.7706,124.566,13.3233],[-34.1379,134.832,-28.3274],[-35.5281,138.733,-52.1404],[-36.5401,140.393,-69.115],[[[0.946195,0.028844,-0.322309],[0.029049,0.984427,0.173377],[0.32229,-0.173411,0.930622]],[[0.997944,-0.0186489,-0.061316],[0.0327304,0.970855,0.237421],[0.0551014,-0.23894,0.96947]],[[0.997944,-0.0186489,-0.061316],[0.0282698,0.986712,0.16],[0.0575175,-0.161404,0.985211]],[[0.997944,-0.0186489,-0.061316],[0.0244865,0.995092,0.0958768],[0.0592271,-0.0971811,0.993503]]],1],[1112,[-0.426463,0.249202,-0.869499],111,67.0064,[-59.7954,150.422,-63.3745],[-48.5005,149.8,-68.6858],[133.104,13.0764,-15.2489],false,[3.32516,113.938,77.6097],[-9.91635,126.101,10.1984],[-29.8193,140.875,-31.1403],[-41.9464,147.961,-55.8657],[-50.1491,151.741,-72.3451],[[[0.96213,-0.163096,-0.218417],[0.195665,0.971085,0.13678],[0.189793,-0.174337,0.966222]],[[0.879134,-0.111887,-0.463255],[0.23795,0.945269,0.223261],[0.412921,-0.306508,0.857641]],[[0.879134,-0.111887,-0.463255],[0.21273,0.961967,0.171366],[0.426463,-0.249202,0.869499]],[[0.879134,-0.111887,-0.463255],[0.191288,0.973155,0.127974],[0.436501,-0.201121,0.876936]]],2],[1113,[-0.0407774,-0.527135,0.848803],111,64.4285,[-8.29961,69.3987,32.9861],[0.900856,70.5678,32.2621],[136.677,17.7842,12.1819],false,[15.1075,112.961,74.2701],[12.5974,123.507,12.5752],[0.164082,84.2435,-4.7476],[-0.965535,69.6408,18.7659],[1.5392,70.9618,37.2341],[[[0.962067,-0.259711,-0.0835345],[0.269855,0.950899,0.151557],[0.0400719,-0.16835,0.984912]],[[0.960501,-0.254722,-0.112047],[0.000294451,0.403577,-0.914945],[0.278276,0.878773,0.387711]],[[0.960501,-0.254722,-0.112047],[-0.275273,-0.810707,-0.516701],[0.0407774,0.527135,-0.848803]],[[0.960501,-0.254722,-0.112047],[-0.243857,-0.964426,0.102058],[-0.134058,-0.0707029,-0.988448]]],3],[1114,[-0.213343,-0.464976,0.859234],111,50.5107,[6.15974,76.657,32.9837],[14.9465,78.5464,31.5916],[133.346,21.9241,9.21362],false,[26.6008,104.838,72.1558],[32.5411,116.34,15.634],[18.4565,86.8263,2.18548],[14.2838,77.7319,18.9911],[14.9987,78.9517,36.1698],[[[0.902337,-0.430972,0.00713426],[0.41868,0.880294,0.223135],[-0.102445,-0.198356,0.974762]],[[0.903748,-0.428004,-0.00721996],[0.156761,0.346608,-0.924818],[0.398329,0.834671,0.380341]],[[0.903748,-0.428004,-0.00721996],[-0.371113,-0.77499,-0.511533],[0.213343,0.464976,-0.859234]],[[0.903748,-0.428004,-0.00721996],[-0.426051,-0.901002,0.0817061],[-0.0414758,-0.0707656,-0.99663]]],4]],[[0,200,0],[235.247,235.247,147.751]]],[373772,83322782731,[[111,"right",[-0.151784,0.319926,-0.935205],[-0.0784434,-0.947083,-0.311257],[-1.92994,114.214,32.193],[136.213,19.3903,5.84737],[-12.9462,112.661,37.1301],0.493267,0,0.628954,[[0.644952,-0.0354945,-0.763398],[0.0216635,0.999369,-0.0281638],[0.763916,0.00162648,0.645314]],63.72,[220.373,101.269,256.986],[14.1159,100.83,82.7516]]],[[1110,[0.340319,-0.261534,-0.903207],111,52.1164,[-16.0623,71.9107,-7.75738],[-11.78,72.2904,-8.38444],[87.8703,32.4581,-2.14314],false,[-14.3007,90.2514,87.4038],[-14.3007,90.2514,87.4038],[-27.0907,85.42,39.395],[-15.4873,76.5028,8.59962],[-11.5957,71.3363,-13.8924],[[[0.437024,0.899015,0.027964],[-0.698643,0.319712,0.640064],[0.566487,-0.29926,0.767813]],[[0.277762,0.945638,-0.169162],[-0.92585,0.310484,0.215408],[0.256221,0.0967866,0.961761]],[[0.277762,0.945638,-0.169162],[-0.898349,0.193308,-0.394463],[-0.340319,0.261534,0.903207]],[[0.277762,0.945638,-0.169162],[-0.946149,0.238815,-0.21856],[-0.166281,0.220761,0.961049]]],0],[1111,[-0.0573819,0.171268,-0.983552],111,58.8075,[-47.1665,140.241,-60.2332],[-34.7323,140.348,-64.7804],[132.948,46.4217,11.2851],false,[-6.44432,111.983,82.121],[-30.223,124.912,13.7112],[-32.5781,135.558,-27.8446],[-33.9651,139.697,-51.6175],[-34.9769,141.538,-68.5735],[[[0.945824,0.0279701,-0.323474],[0.0308391,0.984039,0.17526],[0.323213,-0.17574,0.929865]],[[0.997886,-0.0202754,-0.0617488],[0.0349128,0.968599,0.246163],[0.0548188,-0.247799,0.967259]],[[0.997886,-0.0202754,-0.0617488],[0.0305175,0.985016,0.169742],[0.0573819,-0.171268,0.983552]],[[0.997886,-0.0202754,-0.0617488],[0.0267728,0.993975,0.106285],[0.0592218,-0.107713,0.992417]]],1],[1112,[-0.42643,0.253326,-0.868322],111,67.0064,[-58.8024,150.511,-63.7307],[-46.9531,150.519,-68.2022],[144.122,31.3023,3.70601],false,[4.9387,114.102,77.9314],[-8.3703,126.418,10.561],[-28.2553,141.422,-30.7032],[-40.3815,148.626,-55.3951],[-48.5885,152.471,-71.8571],[[[0.961587,-0.164198,-0.219978],[0.197386,0.970504,0.138422],[0.190761,-0.176525,0.965634]],[[0.878532,-0.112464,-0.464255],[0.240799,0.943636,0.227083],[0.412549,-0.311292,0.856096]],[[0.878532,-0.112464,-0.464255],[0.215263,0.960821,0.174596],[0.42643,-0.253326,0.868322]],[[0.878532,-0.112464,-0.464255],[0.193518,0.972358,0.130652],[0.436729,-0.204624,0.876012]]],2],[1113,[-0.0405344,-0.528722,0.847827],111,64.4285,[-7.00798,69.5807,33.015],[2.38694,70.8252,32.5047],[144.432,20.6921,16.1544],false,[16.7151,113.113,74.5746],[14.1423,123.783,12.9037],[1.62437,84.5739,-4.47992],[0.501492,69.9272,19.0066],[3.03192,71.2084,37.474],[[[0.961544,-0.261075,-0.0852839],[0.271563,0.950171,0.153064],[0.0410732,-0.170337,0.984529]],[[0.95995,-0.256031,-0.113771],[-0.000227497,0.405366,-0.914155],[0.280171,0.877569,0.389072]],[[0.95995,-0.256031,-0.113771],[-0.277223,-0.80926,-0.517925],[0.0405344,0.528722,-0.847827]],[[0.95995,-0.256031,-0.113771],[-0.245263,-0.964234,0.100498],[-0.135433,-0.0685697,-0.988411]]],3],[1114,[-0.213098,-0.466,0.858739],111,50.5107,[7.19805,76.8873,32.931],[16.4399,78.7879,31.8462],[142.251,23.2352,14.2721],false,[28.1928,104.976,72.4296],[34.0785,116.578,15.9228],[19.9296,87.1101,2.44316],[15.7617,77.9957,19.2391],[16.4981,79.1854,36.419],[[[0.901659,-0.432418,0.00512748],[0.420367,0.87919,0.224311],[-0.101504,-0.200097,0.974504]],[[0.903032,-0.429479,-0.00896957],[0.15625,0.347842,-0.924441],[0.400148,0.833399,0.381219]],[[0.903032,-0.429479,-0.00896957],[-0.37299,-0.773558,-0.512334],[0.213098,0.466,-0.858739]],[[0.903032,-0.429479,-0.00896957],[-0.427442,-0.900436,0.0806776],[-0.0427258,-0.0690205,-0.9967]]],4]],[[0,200,0],[235.247,235.247,147.751]]],[373773,83322791969,[[111,"right",[-0.152814,0.321414,-0.934527],[-0.0807562,-0.946532,-0.312338],[-0.446269,114.527,32.3833],[143.061,23.4667,9.98981],[-12.0676,112.792,36.7965],0.480337,0,0.637063,[[0.648342,-0.0370292,-0.760448],[0.0231314,0.999313,-0.0289391],[0.760998,0.00117225,0.648753]],63.72,[221.132,101.365,258.06],[15.6626,101.048,82.8966]]],[[1110,[0.323945,-0.257797,-0.910275],111,52.1164,[-14.8969,72.2779,-8.05723],[-11.1731,72.8811,-8.40768],[75.2381,42.686,-3.33425],false,[-12.7657,90.5166,87.5848],[-12.7657,90.5166,87.5848],[-25.8573,85.8488,39.6412],[-14.8122,77.059,8.60479],[-11.2831,71.9967,-13.9706],[[[0.438753,0.89816,0.028358],[-0.696929,0.32019,0.641692],[0.567262,-0.301308,0.766438]],[[0.279337,0.945326,-0.168314],[-0.923682,0.312434,0.221804],[0.262264,0.0935109,0.960455]],[[0.279337,0.945326,-0.168314],[-0.903897,0.199749,-0.378245],[-0.323945,0.257797,0.910275]],[[0.279337,0.945326,-0.168314],[-0.948278,0.24407,-0.202973],[-0.150795,0.216307,0.96461]]],0],[1111,[-0.0570731,0.181053,-0.981816],111,58.8075,[-45.9497,140.414,-60.5867],[-33.2819,141.328,-64.4054],[141.211,66.8467,20.1395],false,[-4.87785,112.24,82.3162],[-28.7514,125.302,13.9647],[-31.0879,136.271,-27.5082],[-32.4674,140.647,-51.239],[-33.476,142.684,-68.1727],[[[0.94531,0.0266205,-0.325087],[0.0329843,0.983753,0.176471],[0.324503,-0.177543,0.929073]],[[0.997819,-0.0223128,-0.062118],[0.0373986,0.966602,0.25354],[0.0543862,-0.25531,0.965328]],[[0.997819,-0.0223128,-0.062118],[0.0331537,0.98322,0.179385],[0.0570731,-0.181053,0.981816]],[[0.997819,-0.0223128,-0.062118],[0.0295223,0.992613,0.117678],[0.0590334,-0.119255,0.991107]]],1],[1112,[-0.426913,0.257599,-0.866827],111,67.0064,[-57.5529,150.677,-64.0984],[-45.5266,151.247,-67.8506],[147.104,44.7153,13.5329],false,[6.5018,114.344,78.1095],[-6.90146,126.771,10.7783],[-26.8033,141.966,-30.4078],[-38.9432,149.292,-55.0572],[-47.1616,153.221,-71.4936],[[[0.960893,-0.165709,-0.221865],[0.199442,0.969954,0.139326],[0.192112,-0.178126,0.965072]],[[0.87752,-0.113511,-0.465912],[0.243872,0.942195,0.229772],[0.412898,-0.315252,0.854477]],[[0.87752,-0.113511,-0.465912],[0.218413,0.959561,0.177589],[0.426913,-0.257599,0.866827]],[[0.87752,-0.113511,-0.465912],[0.196712,0.97128,0.133861],[0.437336,-0.209116,0.874647]]],2],[1113,[-0.0400975,-0.529775,0.84719],111,64.4285,[-5.52566,69.8042,33.0606],[3.78968,71.1312,32.636],[146.518,24.1296,15.3521],false,[18.2705,113.337,74.7309],[15.6102,124.091,13.0783],[2.98916,84.9293,-4.33737],[1.87838,70.2535,19.1315],[4.44261,71.5061,37.5962],[[[0.960904,-0.262761,-0.0872964],[0.273606,0.949464,0.153812],[0.0424691,-0.171683,0.984236]],[[0.959273,-0.257684,-0.115735],[-0.00100036,0.406609,-0.913602],[0.282479,0.876509,0.389791]],[[0.959273,-0.257684,-0.115735],[-0.279621,-0.808046,-0.518531],[0.0400975,0.529775,-0.84719]],[[0.959273,-0.257684,-0.115735],[-0.246901,-0.963901,0.0996749],[-0.137242,-0.0670403,-0.988266]]],3],[1114,[-0.212427,-0.466399,0.858689],111,50.5107,[8.44624,77.1605,32.8911],[17.8548,79.073,31.9776],[145.412,25.359,14.1032],false,[29.7292,105.181,72.5554],[35.5382,116.845,16.0534],[21.3096,87.417,2.57053],[17.1548,78.2948,19.3655],[17.9238,79.4656,36.5452],[[[0.900856,-0.434108,0.00299889],[0.422401,0.878114,0.224708],[-0.100181,-0.201163,0.974422]],[[0.902202,-0.431173,-0.0110009],[0.155255,0.348446,-0.924381],[0.402401,0.832271,0.381311]],[[0.902202,-0.431173,-0.0110009],[-0.375374,-0.772374,-0.512379],[0.212427,0.466399,-0.858689]],[[0.902202,-0.431173,-0.0110009],[-0.429,-0.899709,0.0805185],[-0.044615,-0.0679246,-0.996692]]],4]],[[0,200,0],[235.247,235.247,147.751]]],[373774,83322800846,[[111,"right",[-0.154633,0.325079,-0.932959],[-0.0797574,-0.945343,-0.316174],[0.988009,114.764,32.4285],[148.085,24.351,8.661],[-11.0117,112.951,36.4432],0.465625,0,0.599088,[[0.652518,-0.0344391,-0.75699],[0.021137,0.999405,-0.0272479],[0.757479,0.00177924,0.652858]],63.72,[221.708,101.58,259.134],[17.1892,101.099,82.8622]]],[[1110,[0.306968,-0.250021,-0.918292],111,52.1164,[-13.9539,72.7265,-8.37243],[-10.5731,73.4867,-8.71882],[66.9801,50.6423,-13.0858],false,[-11.2162,90.5048,87.5466],[-11.2162,90.5048,87.5466],[-24.5511,86.0683,39.6481],[-14.0849,77.5437,8.33839],[-10.9837,72.682,-14.3437],[[[0.437423,0.898704,0.0314879],[-0.696502,0.316442,0.64401],[0.568811,-0.303636,0.764368]],[[0.277512,0.946461,-0.164923],[-0.922835,0.310344,0.228172],[0.267138,0.0888764,0.959551]],[[0.277512,0.946461,-0.164923],[-0.910362,0.204211,-0.359917],[-0.306968,0.250021,0.918292]],[[0.277512,0.946461,-0.164923],[-0.95154,0.247102,-0.183062],[-0.132509,0.207733,0.969169]]],0],[1111,[-0.0570154,0.191733,-0.97979],111,58.8075,[-44.5428,140.699,-60.9254],[-31.9338,142.311,-64.1241],[145.43,80.9544,23.7784],false,[-3.36903,112.262,82.3576],[-27.3597,125.572,14.0952],[-29.6999,136.903,-27.28],[-31.078,141.538,-50.9619],[-32.0839,143.788,-67.8687],[[[0.944804,0.0294243,-0.326311],[0.0317355,0.983057,0.180532],[0.326095,-0.180923,0.927863]],[[0.997851,-0.020802,-0.0621371],[0.0364216,0.964369,0.262042],[0.0544721,-0.263742,0.963054]],[[0.997851,-0.020802,-0.0621371],[0.0322953,0.981227,0.190135],[0.0570154,-0.191733,0.97979]],[[0.997851,-0.020802,-0.0621371],[0.0287682,0.991071,0.130197],[0.0588739,-0.131705,0.989539]]],1],[1112,[-0.427792,0.261984,-0.865077],111,67.0064,[-56.1548,150.918,-64.4427],[-44.2373,151.958,-67.5772],[146.877,53.8565,18.1345],false,[8.0014,114.4,78.1436],[-5.51657,127.088,10.884],[-25.4688,142.467,-30.2094],[-37.6337,149.917,-54.8091],[-45.8665,153.938,-71.2162],[[[0.960828,-0.163311,-0.223917],[0.198161,0.969668,0.143093],[0.193756,-0.18186,0.964047]],[[0.877234,-0.110324,-0.467215],[0.243128,0.94129,0.234224],[0.413944,-0.319062,0.852555]],[[0.877234,-0.110324,-0.467215],[0.217842,0.958745,0.182626],[0.427792,-0.261984,0.865077]],[[0.877234,-0.110324,-0.467215],[0.19629,0.970592,0.139364],[0.438099,-0.213964,0.873091]]],2],[1113,[-0.0381605,-0.53346,0.844964],111,64.4285,[-3.94292,70.0448,33.0808],[5.28984,71.3754,32.4983],[152.59,24.9201,6.59542],false,[19.7668,113.426,74.7442],[17.0024,124.434,13.141],[4.41676,85.3283,-4.42709],[3.35964,70.5504,18.9801],[5.94721,71.7292,37.4465],[[[0.961178,-0.260923,-0.0897542],[0.272377,0.949231,0.157389],[0.0441312,-0.175725,0.98345]],[[0.959502,-0.255738,-0.118125],[-0.00283097,0.410551,-0.911833],[0.281687,0.87524,0.393201]],[[0.959502,-0.255738,-0.118125],[-0.279104,-0.806237,-0.521615],[0.0381605,0.53346,-0.844964]],[[0.959502,-0.255738,-0.118125],[-0.245307,-0.964685,0.0959504],[-0.138491,-0.0630878,-0.988352]]],3],[1114,[-0.211075,-0.471262,0.856364],111,50.5107,[9.82765,77.4543,32.8287],[19.3344,79.3403,31.8323],[151.221,26.3362,4.47903],false,[31.2348,105.297,72.5184],[36.9456,117.206,16.0575],[22.7515,87.8308,2.42291],[18.6231,78.6135,19.1724],[19.4083,79.7043,36.3567],[[[0.90152,-0.432737,-0.000090488],[0.421381,0.877813,0.227776],[-0.0984876,-0.205382,0.973714]],[[0.902833,-0.429765,-0.0139737],[0.154109,0.353743,-0.92256],[0.401427,0.830764,0.385601]],[[0.902833,-0.429765,-0.0139737],[-0.374621,-0.770204,-0.516183],[0.211075,0.471262,-0.856364]],[[0.902833,-0.429765,-0.0139737],[-0.427572,-0.90072,0.0767141],[-0.0455554,-0.0632852,-0.996955]]],4]],[[0,200,0],[235.247,235.247,147.751]]],[373775,83322810481,[[111,"right",[-0.15632,0.327819,-0.931718],[-0.0806922,-0.9444,-0.318743],[2.59747,114.988,32.3237],[153.598,24.0308,2.97772],[-9.59111,113.164,36.0132],0.451116,0,0.56541,[[0.657553,-0.0343304,-0.752626],[0.0209125,0.999408,-0.0273164],[0.753118,0.00222269,0.657882]],63.72,[222.233,101.773,260.315],[18.8912,101.173,82.6865]]],[[1110,[0.288104,-0.243438,-0.926139],111,52.1164,[-13.0511,73.2709,-8.75513],[-9.88091,74.0676,-9.12523],[64.042,54.5569,-22.3999],false,[-9.50886,90.5741,87.395],[-9.50886,90.5741,87.395],[-23.0742,86.3422,39.5428],[-13.2511,78.042,7.96551],[-10.521,73.3352,-14.7968],[[[0.437792,0.898462,0.0332342],[-0.69515,0.31482,0.646262],[0.570179,-0.306031,0.762392]],[[0.277749,0.946815,-0.162471],[-0.921415,0.310409,0.233755],[0.271755,0.0847778,0.958625]],[[0.277749,0.946815,-0.162471],[-0.916434,0.210426,-0.340396],[-0.288104,0.243438,0.926139]],[[0.277749,0.946815,-0.162471],[-0.953545,0.251185,-0.166307],[-0.116652,0.201115,0.972597]]],0],[1111,[-0.0579228,0.196968,-0.978697],111,58.8075,[-42.7426,141.111,-61.3036],[-30.4496,142.994,-64.0546],[148.595,77.862,19.0524],false,[-1.66418,112.344,82.2537],[-25.7818,125.859,14.0762],[-28.1596,137.376,-27.2452],[-29.5596,142.137,-50.9007],[-30.5815,144.489,-67.7928],[[[0.944184,0.0300448,-0.328047],[0.0324219,0.982522,0.183303],[0.32782,-0.183707,0.926707]],[[0.997771,-0.0211154,-0.0633013],[0.0372788,0.963165,0.266316],[0.0553462,-0.268082,0.961805]],[[0.997771,-0.0211154,-0.0633013],[0.0331339,0.980182,0.195306],[0.0579228,-0.196968,0.978697]],[[0.997771,-0.0211154,-0.0633013],[0.0295892,0.990257,0.136073],[0.0598113,-0.137643,0.988674]]],1],[1112,[-0.428845,0.265782,-0.863395],111,67.0064,[-54.4021,151.266,-64.8151],[-42.768,152.588,-67.4765],[148.653,56.7316,15.8413],false,[9.69884,114.49,78.0239],[-3.94439,127.377,10.8274],[-23.95,142.912,-30.1812],[-36.1448,150.47,-54.7331],[-44.3969,154.571,-71.1107],[[[0.960339,-0.16299,-0.226239],[0.19877,0.969185,0.145505],[0.195551,-0.184703,0.963143]],[[0.876419,-0.109337,-0.468972],[0.244177,0.940299,0.237097],[0.41505,-0.322309,0.850794]],[[0.876419,-0.109337,-0.468972],[0.219046,0.957813,0.186047],[0.428845,-0.265782,0.863395]],[[0.876419,-0.109337,-0.468972],[0.197624,0.969758,0.14323],[0.439129,-0.21821,0.871522]]],2],[1113,[-0.0367904,-0.53595,0.843448],111,64.4285,[-2.05235,70.3286,33.0586],[6.88396,71.5996,32.2646],[156.318,24.3575,-2.74915],false,[21.4573,113.522,74.5991],[18.578,124.708,13.0332],[5.94556,85.6604,-4.62991],[4.92639,70.8135,18.7353],[7.54899,71.9382,37.2001],[[[0.960913,-0.260989,-0.0923594],[0.273006,0.948681,0.159598],[0.0459663,-0.178575,0.982852]],[[0.959189,-0.255731,-0.12066],[-0.00435203,0.413309,-0.91058],[0.282734,0.873943,0.395329]],[[0.959189,-0.255731,-0.12066],[-0.280364,-0.804586,-0.523486],[0.0367904,0.53595,-0.843448]],[[0.959189,-0.255731,-0.12066],[-0.245468,-0.964872,0.0936319],[-0.140366,-0.0601924,-0.988268]]],3],[1114,[-0.210354,-0.475255,0.854333],111,50.5107,[11.533,77.7961,32.7104],[20.9208,79.5568,31.5565],[155.199,24.8175,-7.03126],false,[32.9182,105.395,72.3278],[38.5243,117.465,15.8904],[24.3064,88.1637,2.12223],[20.1921,78.8683,18.8319],[21.003,79.8924,36.0192],[[[0.901369,-0.433041,-0.00307633],[0.422121,0.87701,0.229491],[-0.0966811,-0.208155,0.973306]],[[0.902657,-0.430026,-0.0169662],[0.153384,0.358299,-0.920921],[0.402099,0.828673,0.389381]],[[0.902657,-0.430026,-0.0169662],[-0.375448,-0.767601,-0.51945],[0.210354,0.475255,-0.854333]],[[0.902657,-0.430026,-0.0169662],[-0.427781,-0.900859,0.0738607],[-0.0470462,-0.0594131,-0.997124]]],4]],[[0,200,0],[235.247,235.247,147.751]]],[373776,83322818941,[[111,"right",[-0.157426,0.329829,-0.930822],[-0.0814577,-0.9437,-0.320615],[3.56491,115.15,32.2584],[143.376,22.7565,0.191871],[-8.22668,113.37,35.6238],0.445318,0,0.557148,[[0.66058,-0.0344229,-0.749966],[0.0208365,0.999404,-0.0275188],[0.750467,0.00255165,0.660904]],63.72,[222.546,101.912,261.015],[19.9199,101.223,82.5706]]],[[1110,[0.278654,-0.239157,-0.930137],111,52.1164,[-12.3393,73.7288,-9.07131],[-9.34567,74.4677,-9.39144],[63.8934,53.3464,-25.0975],false,[-8.47781,90.625,87.2944],[-8.47781,90.625,87.2944],[-22.0657,86.5362,39.4361],[-12.5648,78.382,7.72246],[-10.0287,73.7821,-15.0841],[[[0.438164,0.898231,0.0345405],[-0.694183,0.313717,0.647836],[0.57107,-0.307836,0.760996]],[[0.278628,0.946975,-0.160014],[-0.921016,0.31069,0.23495],[0.272206,0.0819121,0.958746]],[[0.278628,0.946975,-0.160014],[-0.919086,0.214574,-0.330514],[-0.278654,0.239157,0.930137]],[[0.278628,0.946975,-0.160014],[-0.954266,0.25418,-0.157382],[-0.108365,0.196547,0.974488]]],0],[1111,[-0.0587094,0.20028,-0.977978],111,58.8075,[-41.086,141.522,-61.6213],[-29.573,143.467,-63.9993],[137.154,71.8549,15.8376],false,[-0.631937,112.402,82.1883],[-24.8344,126.069,14.0712],[-27.2443,137.712,-27.2132],[-28.6633,142.553,-50.8513],[-29.6992,144.967,-67.7338],[[[0.943762,0.0303894,-0.329227],[0.033023,0.982123,0.185319],[0.328973,-0.185769,0.925887]],[[0.997702,-0.0214178,-0.0642797],[0.0380014,0.96234,0.269181],[0.0560936,-0.271005,0.960942]],[[0.997702,-0.0214178,-0.0642797],[0.0338201,0.979504,0.198563],[0.0587094,-0.20028,0.977978]],[[0.997702,-0.0214178,-0.0642797],[0.030243,0.989742,0.139631],[0.0606297,-0.141254,0.988115]]],1],[1112,[-0.427794,0.269532,-0.862754],111,67.0064,[-52.7738,151.627,-65.1306],[-41.787,153.117,-67.4256],[141.659,57.5257,12.4219],false,[10.7263,114.554,77.9481],[-3.00071,127.586,10.7968],[-22.9666,143.242,-30.1854],[-35.1315,150.906,-54.719],[-43.3613,155.097,-71.0851],[[[0.95998,-0.162864,-0.227846],[0.199316,0.968805,0.147274],[0.196752,-0.186793,0.962495]],[[0.87658,-0.109088,-0.468729],[0.244997,0.939469,0.239531],[0.414227,-0.324805,0.850246]],[[0.87658,-0.109088,-0.468729],[0.220454,0.956793,0.189599],[0.427794,-0.269532,0.862754]],[[0.87658,-0.109088,-0.468729],[0.199536,0.968694,0.14771],[0.437942,-0.223008,0.870904]]],2],[1113,[-0.0361588,-0.538234,0.842019],111,64.4285,[-0.421898,70.5763,33.0069],[7.83188,71.7629,32.0939],[144.645,22.9189,-8.50134],false,[22.4799,113.588,74.5057],[19.5236,124.904,12.9673],[6.85443,85.9162,-4.79999],[5.85276,71.006,18.5256],[8.49737,72.0876,36.9899],[[[0.960695,-0.261144,-0.0941725],[0.273564,0.948245,0.161226],[0.0471954,-0.180652,0.982414]],[[0.958943,-0.255845,-0.122361],[-0.00503508,0.416029,-0.909337],[0.283555,0.872618,0.39766]],[[0.958943,-0.255845,-0.122361],[-0.281286,-0.803024,-0.525387],[0.0361588,0.538234,-0.842019]],[[0.958943,-0.255845,-0.122361],[-0.245752,-0.964983,0.0917268],[-0.141544,-0.0578902,-0.988238]]],3],[1114,[-0.209916,-0.478359,0.852706],111