{"metadata":{"formatVersion":2,"generatedBy":"LeapJS Playback 0.2.1","frames":58,"protocolVersion":6,"serviceVersion":"2.2.5+26752","frameRate":"1.1e+2","modified":"Wed Apr 22 2015 20:40:20 GMT-0300 (E. South America Standard Time)"},"frames":[["id","timestamp",{"hands":[["id","type","direction","palmNormal","palmPosition","palmVelocity","stabilizedPalmPosition","pinchStrength","grabStrength","confidence","armBasis","armWidth","elbow","wrist"]]},{"pointables":[["id","direction","handId","length","stabilizedTipPosition","tipPosition","tipVelocity","tool","carpPosition","mcpPosition","pipPosition","dipPosition","btipPosition","bases","type"]]},{"interactionBox":["center","size"]}],[369801,83286267442,[[110,"right",[-0.253355,0.501835,-0.827026],[-0.221381,-0.86231,-0.455426],[-11.3776,105.446,29.2544],[60.2268,-16.6598,-24.7173],[-15.6819,111.653,36.4316],0.674077,0,0.627589,[[0.675785,0.0859515,-0.732071],[0.159024,0.952788,0.258663],[0.71974,-0.291218,0.630211]],62.5255,[200.716,4.84908,239.509],[10.0293,82.004,72.5421]]],[[1100,[0.136652,-0.102298,-0.985323],110,51.1394,[-33.2176,73.9627,-10.2777],[-30.3764,72.7033,-11.2179],[108.911,-38.4315,-30.5636],false,[-17.8089,73.0744,79.7119],[-17.8089,73.0744,79.7119],[-41.6626,79.3821,37.3984],[-37.0907,75.9596,4.43295],[-27.5407,71.4227,-15.9533],[[[0.527509,0.841954,0.113348],[-0.559996,0.244275,0.791666],[0.638858,-0.481085,0.600348]],[[0.338306,0.939673,-0.0506393],[-0.805226,0.31691,0.501178],[0.486991,-0.128775,0.863861]],[[0.338306,0.939673,-0.0506393],[-0.931061,0.32642,-0.163016],[-0.136652,0.102298,0.985323]],[[0.338306,0.939673,-0.0506393],[-0.844165,0.27926,-0.457602],[-0.415855,0.197557,0.887714]]],0],[1101,[-0.17779,0.29084,-0.940108],110,57.7051,[-65.0568,153.392,-46.7548],[-54.077,145.949,-55.38],[93.7193,-32.2809,-50.0208],false,[-8.76873,94.3528,77.1582],[-40.2582,121.248,18.0268],[-47.3418,136.078,-20.795],[-51.5585,142.976,-43.0918],[-54.661,147.021,-59.0631],[[[0.885794,0.0175172,-0.463748],[0.158427,0.927841,0.337656],[0.436199,-0.372564,0.819101]],[[0.973271,-0.0891631,-0.211646],[0.156558,0.931833,0.327379],[0.168029,-0.351763,0.920885]],[[0.973271,-0.0891631,-0.211646],[0.145378,0.952608,0.267213],[0.17779,-0.29084,0.940108]],[[0.973271,-0.0891631,-0.211646],[0.136012,0.966344,0.218357],[0.185053,-0.241306,0.952642]]],1],[1102,[-0.489617,0.382173,-0.783721],110,65.7504,[-73.741,165.063,-48.5266],[-62.4861,157.397,-57.8649],[82.6505,-31.2357,-47.0813],false,[1.83122,96.3274,71.7058],[-19.4654,121.668,11.7798],[-41.8564,141.93,-24.6219],[-55.5184,152.594,-46.4903],[-64.7715,158.937,-61.1246],[[[0.896509,-0.191411,-0.399543],[0.315439,0.90904,0.272294],[0.31108,-0.370145,0.875341]],[[0.816668,-0.11392,-0.565752],[0.330048,0.896377,0.295932],[0.473415,-0.428404,0.769642]],[[0.816668,-0.11392,-0.565752],[0.305497,0.917042,0.256332],[0.489617,-0.382173,0.783721]],[[0.816668,-0.11392,-0.565752],[0.285036,0.932029,0.223779],[0.501804,-0.344013,0.793629]]],2],[1103,[0.018324,-0.695879,0.717925],110,63.2207,[-13.3804,70.0116,27.262],[-11.7677,64.5628,19.7575],[73.1013,-20.0977,-12.6762],false,[12.6137,95.1324,66.4489],[2.33325,117.039,9.94712],[-16.4906,85.0864,-13.437],[-15.9925,66.1705,6.07818],[-10.6895,63.8668,23.4764],[[[0.906168,-0.311774,-0.285756],[0.38844,0.880779,0.270818],[0.167254,-0.356405,0.919239]],[[0.900514,-0.300514,-0.31427],[-0.0687585,0.615242,-0.785334],[0.429355,0.728813,0.533371]],[[0.900514,-0.300514,-0.31427],[-0.43444,-0.652261,-0.621142],[-0.018324,0.695879,-0.717925]],[[0.900514,-0.300514,-0.31427],[-0.324668,-0.945464,-0.0262306],[-0.289248,0.125654,-0.948971]]],3],[1104,[-0.115612,-0.650567,0.750598],110,49.5639,[1.24316,76.4195,24.5155],[3.55289,70.6212,18.1408],[70.9475,-17.0049,-12.3966],false,[22.5527,86.8666,61.1643],[21.2761,108.085,8.38573],[2.52202,84.8495,-9.28493],[0.303172,72.3637,5.12066],[4.257,69.8672,21.3751],[[[0.842714,-0.492144,-0.218236],[0.537894,0.786594,0.303217],[0.0224368,-0.372913,0.927595]],[[0.83964,-0.467744,-0.276081],[0.0533358,0.576851,-0.815106],[0.540519,0.669671,0.509294]],[[0.83964,-0.467744,-0.276081],[-0.530697,-0.598313,-0.600319],[0.115612,0.650567,-0.750598]],[[0.83964,-0.467744,-0.276081],[-0.490264,-0.871452,-0.0145939],[-0.233765,0.147606,-0.961024]]],4]],[[0,200,0],[235.247,235.247,147.751]]],[369802,83286276860,[[110,"right",[-0.250084,0.498778,-0.829867],[-0.21854,-0.864062,-0.453472],[-10.4656,105.291,29.0133],[70.6737,-16.6111,-24.9681],[-15.6477,111.612,36.383],0.673713,0,0.627726,[[0.678149,0.0865854,-0.729806],[0.158254,0.952535,0.260063],[0.717684,-0.291857,0.632258]],62.5255,[200.91,4.6921,239.986],[10.7675,82.0162,72.4768]]],[[1100,[0.142834,-0.106306,-0.984021],110,51.1394,[-31.7235,73.3685,-10.6668],[-29.1421,72.3359,-11.454],[115.454,-39.0266,-29.2013],false,[-17.0946,73.0854,79.5516],[-17.0946,73.0854,79.5516],[-40.6992,79.1818,37.0677],[-35.9205,75.6252,4.1458],[-26.2776,71.027,-16.183],[[[0.526225,0.842824,0.112848],[-0.56378,0.246453,0.788298],[0.636584,-0.478444,0.604857]],[[0.337369,0.939903,-0.0525698],[-0.808672,0.317947,0.494933],[0.481904,-0.124463,0.867339]],[[0.337369,0.939903,-0.0525698],[-0.930473,0.324469,-0.170114],[-0.142834,0.106306,0.984021]],[[0.337369,0.939903,-0.0525698],[-0.842538,0.276569,-0.462211],[-0.419895,0.200228,0.88521]]],0],[1101,[-0.173808,0.287604,-0.941846],110,57.7051,[-64.4462,153.008,-47.209],[-52.8172,145.475,-55.9479],[105.088,-37.3533,-52.8998],false,[-8.06244,94.3633,76.966],[-39.3096,121.028,17.602],[-46.2309,135.726,-21.299],[-50.3532,142.547,-43.637],[-53.3873,146.537,-59.6355],[[[0.887858,0.0167574,-0.459812],[0.156058,0.929133,0.335197],[0.432843,-0.369365,0.822324]],[[0.974294,-0.0889778,-0.206966],[0.154264,0.933021,0.325077],[0.164179,-0.348647,0.922762]],[[0.974294,-0.0889778,-0.206966],[0.143328,0.953607,0.264746],[0.173808,-0.287604,0.941846]],[[0.974294,-0.0889778,-0.206966],[0.134162,0.967186,0.21576],[0.180977,-0.23798,0.95426]]],1],[1102,[-0.487514,0.378531,-0.786793],110,65.7504,[-73.2082,164.71,-48.9544],[-61.296,156.873,-58.4837],[94.1991,-38.8429,-52.1654],false,[2.56016,96.3291,71.5546],[-18.4893,121.445,11.4472],[-40.7868,141.538,-25.1052],[-54.39,152.101,-47.0593],[-63.6026,158.376,-61.7485],[[[0.898474,-0.191941,-0.394846],[0.31338,0.910255,0.270607],[0.30747,-0.36687,0.877991]],[[0.818799,-0.114666,-0.562512],[0.327591,0.89798,0.293796],[0.471436,-0.424834,0.772829]],[[0.818799,-0.114666,-0.562512],[0.303147,0.918458,0.25404],[0.487514,-0.378531,0.786793]],[[0.818799,-0.114666,-0.562512],[0.282781,0.933289,0.221372],[0.499603,-0.340327,0.796602]]],2],[1103,[0.016469,-0.692876,0.720869],110,63.2207,[-13.2649,69.7421,26.8987],[-10.7644,64.3634,19.6766],[83.1284,-20.3724,-10.5876],false,[13.3673,95.1262,66.3505],[3.32159,116.831,9.72854],[-15.3689,84.7522,-13.5902],[-14.9213,65.9179,6.005],[-9.68548,63.6847,23.4327],[[[0.90773,-0.311906,-0.280607],[0.386413,0.882057,0.269556],[0.163435,-0.353115,0.921194]],[[0.90212,-0.300606,-0.309542],[-0.0666007,0.611782,-0.788218],[0.426315,0.731683,0.53188]],[[0.90212,-0.300606,-0.309542],[-0.431172,-0.655408,-0.620106],[-0.016469,0.692876,-0.720869]],[[0.90212,-0.300606,-0.309542],[-0.323455,-0.945938,-0.0240388],[-0.285582,0.121809,-0.950582]]],3],[1104,[-0.118102,-0.648146,0.752302],110,49.5639,[1.38609,76.1359,24.1969],[4.54738,70.4356,18.0826],[81.0747,-17.8203,-10.3172],false,[23.3375,86.8516,61.1389],[22.2794,107.888,8.28303],[3.62396,84.572,-9.38489],[1.35733,72.1327,5.05341],[5.24403,69.6932,21.3327],[[[0.844137,-0.492104,-0.212758],[0.535805,0.788121,0.30295],[0.0185968,-0.369728,0.928954]],[[0.841281,-0.467792,-0.270956],[0.0561205,0.57408,-0.816874],[0.537677,0.672014,0.509215]],[[0.841281,-0.467792,-0.270956],[-0.52754,-0.600897,-0.60052],[0.118102,0.648146,-0.752302]],[[0.841281,-0.467792,-0.270956],[-0.489326,-0.871991,-0.0138409],[-0.229796,0.14423,-0.962492]]],4]],[[0,200,0],[235.247,235.247,147.751]]],[369803,83286285528,[[110,"right",[-0.244835,0.497017,-0.832484],[-0.215364,-0.865045,-0.453118],[-9.67843,105.142,28.7731],[76.0289,-16.7539,-25.6987],[-15.4835,111.434,36.1737],0.672421,0,0.611879,[[0.679904,0.0877116,-0.728037],[0.157007,0.952384,0.261367],[0.716296,-0.292012,0.633759]],62.5255,[201.053,4.59689,240.328],[11.2788,81.9621,72.4205]]],[[1100,[0.150533,-0.108856,-0.982594],110,51.1394,[-30.3012,72.8573,-11.0464],[-27.9977,72.0564,-11.7728],[119.938,-37.4996,-31.4732],false,[-16.6262,73.0378,79.3328],[-16.6262,73.0378,79.3328],[-39.8956,79.0039,36.646],[-34.8593,75.3619,3.77192],[-25.1051,70.7309,-16.4962],[[[0.525256,0.843201,0.114539],[-0.568943,0.247898,0.784124],[0.63278,-0.477032,0.609943]],[[0.337244,0.939954,-0.0524664],[-0.812762,0.318826,0.487614],[0.475063,-0.121802,0.871481]],[[0.337244,0.939954,-0.0524664],[-0.929304,0.323476,-0.178205],[-0.150533,0.108856,0.982594]],[[0.337244,0.939954,-0.0524664],[-0.840154,0.275356,-0.467248],[-0.424745,0.201656,0.882568]]],0],[1101,[-0.167839,0.285658,-0.94352],110,57.7051,[-63.7853,152.618,-47.681],[-51.4908,145.145,-56.5415],[117.736,-37.5742,-57.0029],false,[-7.58316,94.3129,76.7624],[-38.4522,120.848,17.143],[-45.1276,135.467,-21.8306],[-49.1082,142.242,-44.2083],[-52.0408,146.198,-60.234],[[[0.890815,0.0160727,-0.454082],[0.153632,0.929858,0.334308],[0.427605,-0.367568,0.825862]],[[0.975628,-0.0891,-0.200527],[0.151909,0.933707,0.324214],[0.158346,-0.346774,0.924486]],[[0.975628,-0.0891,-0.200527],[0.14135,0.954181,0.263742],[0.167839,-0.285658,0.94352]],[[0.975628,-0.0891,-0.200527],[0.13249,0.967664,0.214644],[0.174918,-0.235981,0.955885]]],1],[1102,[-0.486799,0.378918,-0.78705],110,65.7504,[-72.6583,164.369,-49.3758],[-60.2019,156.698,-58.9128],[99.311,-31.2215,-48.1711],false,[3.07376,96.2707,71.4161],[-17.5925,121.258,11.1225],[-39.8277,141.456,-25.4102],[-53.411,152.029,-47.3715],[-62.6182,158.283,-62.0734],[[[0.901066,-0.19249,-0.388624],[0.311374,0.910893,0.270778],[0.301873,-0.364996,0.880711]],[[0.819677,-0.113274,-0.561514],[0.327287,0.897107,0.296787],[0.47012,-0.427046,0.772411]],[[0.819677,-0.113274,-0.561514],[0.30192,0.918472,0.255449],[0.486799,-0.378918,0.78705]],[[0.819677,-0.113274,-0.561514],[0.280739,0.933895,0.221417],[0.499314,-0.339129,0.797293]]],2],[1103,[0.0128777,-0.690646,0.723079],110,63.2207,[-13.1103,69.4715,26.5404],[-9.89049,64.1872,19.5487],[88.3933,-20.2472,-10.6368],false,[13.9147,95.0603,66.2845],[4.23031,116.647,9.55458],[-14.3012,84.4814,-13.7716],[-13.9512,65.7078,5.88369],[-8.81661,63.5234,23.3477],[[[0.909614,-0.31222,-0.274083],[0.38442,0.882713,0.270257],[0.157557,-0.351193,0.922951]],[[0.904113,-0.300835,-0.303443],[-0.0625655,0.609294,-0.790472],[0.422688,0.733661,0.532049]],[[0.904113,-0.300835,-0.303443],[-0.427099,-0.657653,-0.620548],[-0.0128777,0.690646,-0.723079]],[[0.904113,-0.300835,-0.303443],[-0.322717,-0.946204,-0.0234681],[-0.280059,0.119144,-0.95256]]],3],[1104,[-0.122707,-0.64674,0.752775],110,49.5639,[1.56533,75.8531,23.8846],[5.41387,70.2656,18.0059],[86.2714,-18.3222,-9.83268],false,[23.9207,86.778,61.1545],[23.1995,107.707,8.25017],[4.6642,84.3496,-9.49004],[2.30919,71.9372,4.95735],[6.09236,69.5298,21.2658],[[[0.845631,-0.492297,-0.206281],[0.533618,0.788888,0.304809],[0.0126759,-0.367831,0.929806]],[[0.843136,-0.468045,-0.264681],[0.0611298,0.57249,-0.817629],[0.534215,0.673193,0.511299]],[[0.843136,-0.468045,-0.264681],[-0.523512,-0.602214,-0.602722],[0.122707,0.64674,-0.752775]],[[0.843136,-0.468045,-0.264681],[-0.48897,-0.872166,-0.0153205],[-0.223675,0.142338,-0.964214]]],4]],[[0,200,0],[235.247,235.247,147.751]]],[369804,83286294558,[[110,"right",[-0.240956,0.494767,-0.834953],[-0.214882,-0.866146,-0.451239],[-8.732,105.042,28.4817],[83.9538,-15.2086,-27.5068],[-15.0323,111.006,35.6595],0.670015,0,0.615254,[[0.681558,0.0859283,-0.726701],[0.157912,0.952412,0.260719],[0.714523,-0.29245,0.635555]],62.5255,[201.331,4.48658,240.664],[12.0259,81.9679,72.2805]]],[[1100,[0.155829,-0.112922,-0.981308],110,51.1394,[-28.7826,72.3659,-11.4464],[-26.83,71.7971,-12.0609],[122.788,-35.5551,-31.9374],false,[-15.9179,73.1049,79.1144],[-15.9179,73.1049,79.1144],[-38.9366,78.9211,36.2712],[-33.7231,75.1431,3.44012],[-23.9166,70.4393,-16.7859],[[[0.526026,0.842805,0.113911],[-0.571562,0.251151,0.781179],[0.629773,-0.476028,0.613827]],[[0.338506,0.939393,-0.0543445],[-0.815209,0.321621,0.481657],[0.469944,-0.118742,0.874673]],[[0.338506,0.939393,-0.0543445],[-0.927971,0.323711,-0.18461],[-0.155829,0.112922,0.981308]],[[0.338506,0.939393,-0.0543445],[-0.83849,0.274929,-0.470477],[-0.427022,0.204827,0.880737]]],0],[1101,[-0.163881,0.28295,-0.94503],110,57.7051,[-62.9762,152.169,-48.2367],[-50.1634,144.838,-57.1153],[125.735,-36.6282,-58.7983],false,[-6.83463,94.3591,76.5122],[-37.4388,120.752,16.6935],[-43.9468,135.258,-22.3505],[-47.8336,141.969,-44.7641],[-50.7001,145.879,-60.813],[[[0.892556,0.0133884,-0.450738],[0.153696,0.930676,0.331994],[0.423936,-0.365599,0.828623]],[[0.976248,-0.0911001,-0.196571],[0.152012,0.934504,0.321861],[0.154375,-0.344097,0.926156]],[[0.976248,-0.0911001,-0.196571],[0.141712,0.954799,0.2613],[0.163881,-0.28295,0.94503]],[[0.976248,-0.0911001,-0.196571],[0.133058,0.968139,0.212139],[0.170982,-0.233256,0.957265]]],1],[1102,[-0.486418,0.378706,-0.787388],110,65.7504,[-72.0067,163.993,-49.853],[-59.0451,156.526,-59.3655],[105.204,-26.2245,-46.6905],false,[3.84532,96.285,71.2003],[-16.5558,121.114,10.7511],[-38.7483,141.363,-25.7791],[-52.321,151.93,-47.7498],[-61.5282,158.159,-62.4622],[[[0.902258,-0.194984,-0.384592],[0.31165,0.911289,0.269123],[0.298,-0.362677,0.882984]],[[0.819595,-0.114503,-0.561386],[0.328785,0.896432,0.297169],[0.469218,-0.428133,0.772358]],[[0.819595,-0.114503,-0.561386],[0.302758,0.918407,0.254689],[0.486418,-0.378706,0.787388]],[[0.819595,-0.114503,-0.561386],[0.280985,0.934233,0.219674],[0.499312,-0.337784,0.797866]]],2],[1103,[0.0105241,-0.686974,0.726605],110,63.2207,[-12.886,69.165,26.1425],[-8.94126,64.0449,19.4493],[93.7501,-18.9003,-8.96055],false,[14.7039,95.0431,66.1138],[5.26616,116.466,9.28055],[-13.2217,84.1904,-13.9271],[-12.9356,65.5166,5.82397],[-7.8552,63.4005,23.3122],[[[0.910199,-0.314368,-0.269648],[0.384657,0.883003,0.268969],[0.153545,-0.348537,0.924633]],[[0.904743,-0.302902,-0.299485],[-0.0601356,0.605214,-0.793788],[0.421692,0.736184,0.529348]],[[0.904743,-0.302902,-0.299485],[-0.425829,-0.660543,-0.618347],[-0.0105241,0.686974,-0.726605]],[[0.904743,-0.302902,-0.299485],[-0.323499,-0.946007,-0.0204902],[-0.277108,0.115422,-0.953881]]],3],[1104,[-0.126299,-0.644279,0.75429],110,49.5639,[1.81288,75.534,23.5352],[6.35163,70.1062,17.8763],[91.2755,-18.1521,-10.902],false,[24.7175,86.7306,61.0477],[24.2273,107.495,8.07615],[5.72439,84.1086,-9.65897],[3.30044,71.7435,4.81748],[7.02112,69.38,21.1467],[[[0.845701,-0.494141,-0.201529],[0.533588,0.789074,0.30438],[0.00861496,-0.364948,0.930988]],[[0.843449,-0.469983,-0.260209],[0.0648403,0.569896,-0.819155],[0.533281,0.674044,0.511152]],[[0.843449,-0.469983,-0.260209],[-0.522151,-0.603341,-0.602775],[0.126299,0.644279,-0.75429]],[[0.843449,-0.469983,-0.260209],[-0.490104,-0.871544,-0.0144756],[-0.219981,0.139739,-0.965444]]],4]],[[0,200,0],[235.247,235.247,147.751]]],[369805,83286303682,[[110,"right",[-0.23735,0.491789,-0.83774],[-0.21457,-0.867624,-0.44854],[-7.60405,104.883,28.258],[94.9736,-15.7974,-26.6783],[-14.1547,110.283,34.7851],0.66936,0,0.617517,[[0.682787,0.0838496,-0.72579],[0.159047,0.952511,0.259666],[0.713096,-0.292731,0.637026]],62.5255,[201.896,4.3985,240.993],[12.9688,81.9544,72.2197]]],[[1100,[0.159926,-0.117489,-0.980112],110,51.1394,[-27.2059,71.8869,-11.8013],[-25.5535,71.4695,-12.2387],[127.292,-35.8352,-28.7167],false,[-15.0113,73.1586,78.9918],[-15.0113,73.1586,78.9918],[-37.8291,78.8058,36.0187],[-32.4785,74.875,3.22762],[-22.6412,70.0862,-16.9635],[[[0.526846,0.842498,0.112388],[-0.573899,0.255072,0.778189],[0.626956,-0.474485,0.617892]],[[0.339833,0.938752,-0.0570805],[-0.81701,0.324734,0.476489],[0.465842,-0.115291,0.877325]],[[0.339833,0.938752,-0.0570805],[-0.926789,0.323945,-0.190057],[-0.159926,0.117489,0.980112]],[[0.339833,0.938752,-0.0570805],[-0.83727,0.274335,-0.47299],[-0.428361,0.208529,0.879217]]],0],[1101,[-0.160244,0.279397,-0.94671],110,57.7051,[-62.0008,151.653,-48.8734],[-48.6822,144.4,-57.639],[135.843,-39.8262,-58.4028],false,[-5.88839,94.3892,76.3367],[-36.2471,120.588,16.308],[-42.6003,134.95,-22.8146],[-46.4008,141.577,-45.268],[-49.2071,145.426,-61.3423],[[[0.894129,0.0103199,-0.44769],[0.15389,0.931767,0.328828],[0.420536,-0.362909,0.831532]],[[0.976784,-0.0932631,-0.192859],[0.152255,0.935539,0.318724],[0.150702,-0.340688,0.92802]],[[0.976784,-0.0932631,-0.192859],[0.142177,0.955635,0.257966],[0.160244,-0.279397,0.946709]],[[0.976784,-0.0932631,-0.192859],[0.133699,0.968807,0.208656],[0.167383,-0.229597,0.958785]]],1],[1102,[-0.483897,0.375867,-0.790296],110,65.7504,[-71.2232,163.562,-50.4002],[-57.5946,156.081,-59.9384],[119.837,-33.0466,-51.3132],false,[4.81266,96.2787,71.0543],[-15.3432,120.896,10.4366],[-37.4132,141.022,-26.2359],[-50.9156,151.51,-48.2878],[-60.0772,157.683,-63.052],[[[0.903302,-0.197801,-0.380685],[0.312033,0.911904,0.266583],[0.294417,-0.359591,0.885445]],[[0.821021,-0.117621,-0.55865],[0.328912,0.897276,0.294469],[0.466628,-0.425512,0.77537]],[[0.821021,-0.117621,-0.55865],[0.302933,0.919179,0.251679],[0.483897,-0.375867,0.790296]],[[0.821021,-0.117621,-0.55865],[0.281201,0.934926,0.216423],[0.496841,-0.334781,0.800669]]],2],[1103,[0.00737042,-0.683882,0.729555],110,63.2207,[-12.5759,68.8236,25.713],[-7.83604,63.8443,19.3979],[101.567,-19.7188,-7.6292],false,[15.687,95.0011,66.0105],[6.47698,116.212,9.06025],[-11.9783,83.8577,-14.0644],[-11.778,65.2679,5.76692],[-6.75668,63.2159,23.2798],[[[0.910672,-0.316739,-0.265241],[0.384999,0.883514,0.266794],[0.14984,-0.345079,0.926536]],[[0.905297,-0.305307,-0.29534],[-0.0569158,0.601824,-0.796598],[0.42095,0.737967,0.527453]],[[0.905297,-0.305307,-0.29534],[-0.424716,-0.662641,-0.616866],[-0.00737042,0.683882,-0.729555]],[[0.905297,-0.305307,-0.29534],[-0.324694,-0.945653,-0.0177085],[-0.273882,0.111927,-0.955228]]],3],[1104,[-0.129298,-0.641038,0.75654],110,49.5639,[2.14766,75.1774,23.1587],[7.46971,69.8779,17.8426],[100.262,-20.064,-8.43373],false,[25.706,86.6542,61.0122],[25.4292,107.209,7.95721],[6.95015,83.7719,-9.73624],[4.46864,71.469,4.7834],[8.13706,69.1654,21.133],[[[0.845679,-0.496148,-0.196633],[0.53367,0.789513,0.303093],[0.00486507,-0.361257,0.932454]],[[0.843641,-0.472055,-0.255802],[0.0679322,0.566453,-0.821289],[0.532594,0.675496,0.509951]],[[0.843641,-0.472055,-0.255802],[-0.521107,-0.605173,-0.601841],[0.129298,0.641038,-0.75654]],[[0.843641,-0.472055,-0.255802],[-0.491151,-0.870985,-0.0125166],[-0.216891,0.136197,-0.966648]]],4]],[[0,200,0],[235.247,235.247,147.751]]],[369806,83286312673,[[110,"right",[-0.234808,0.489642,-0.839712],[-0.211895,-0.868872,-0.447394],[-6.61737,104.832,28.0214],[99.0251,-13.0244,-26.5783],[-13.1107,109.528,33.8483],0.665657,0,0.621445,[[0.684328,0.0852811,-0.72417],[0.157958,0.952217,0.261404],[0.71186,-0.293275,0.638157]],62.5255,[202.418,4.32546,241.183],[13.8187,82.0253,72.1103]]],[[1100,[0.164443,-0.119867,-0.979076],110,51.1394,[-25.6758,71.4983,-12.1416],[-24.3349,71.2793,-12.4918],[129.26,-31.8786,-28.8503],false,[-14.1761,73.212,78.7981],[-14.1761,73.212,78.7981],[-36.8004,78.7088,35.7034],[-31.2988,74.6985,2.94697],[-21.4235,69.8889,-17.2207],[[[0.525446,0.843362,0.11246],[-0.57708,0.256135,0.775483],[0.625207,-0.472373,0.621273]],[[0.338769,0.939076,-0.0580706],[-0.81969,0.324874,0.471769],[0.461892,-0.112221,0.879808]],[[0.338769,0.939076,-0.0580706],[-0.926388,0.322132,-0.195032],[-0.164443,0.119867,0.979076]],[[0.338769,0.939076,-0.0580706],[-0.836853,0.272534,-0.474765],[-0.430014,0.209432,0.878195]]],0],[1101,[-0.157161,0.27718,-0.947877],110,57.7051,[-60.9036,151.101,-49.5636],[-47.4246,144.119,-58.1121],[136.788,-37.3979,-56.7425],false,[-5.06808,94.4473,76.1295],[-35.2341,120.477,15.9302],[-41.4619,134.755,-23.2431],[-45.1893,141.329,-45.7242],[-47.9425,145.138,-61.8173],[[[0.895773,0.0103672,-0.444391],[0.151586,0.932677,0.327315],[0.417866,-0.360563,0.833896]],[[0.977583,-0.092508,-0.189138],[0.150023,0.936333,0.317449],[0.147729,-0.338708,0.929222]],[[0.977583,-0.092508,-0.189138],[0.140111,0.956354,0.256428],[0.157161,-0.27718,0.947877]],[[0.977583,-0.092508,-0.189138],[0.131769,0.969447,0.206904],[0.164219,-0.227188,0.959905]]],1],[1102,[-0.482108,0.372894,-0.792794],110,65.7504,[-70.3386,163.093,-50.9992],[-56.3933,155.75,-60.4548],[123.31,-34.9159,-53.2643],false,[5.65031,96.3375,70.8826],[-14.3089,120.796,10.1357],[-36.2983,140.791,-26.6567],[-49.7508,151.196,-48.7784],[-58.878,157.311,-63.5877],[[[0.904938,-0.197593,-0.376887],[0.309982,0.91286,0.265702],[0.291544,-0.357272,0.887332]],[[0.822948,-0.117678,-0.555795],[0.326499,0.898578,0.293182],[0.464924,-0.422741,0.777905]],[[0.822948,-0.117678,-0.555795],[0.300547,0.920381,0.250139],[0.482108,-0.372894,0.792794]],[[0.822948,-0.117678,-0.555795],[0.278842,0.936032,0.214688],[0.494978,-0.331656,0.803119]]],2],[1103,[0.00703924,-0.68077,0.732463],110,63.2207,[-12.1767,68.464,25.2662],[-6.73676,63.7609,19.3236],[108.011,-16.7381,-6.08945],false,[16.5448,95.0614,65.8821],[7.5217,116.134,8.85079],[-10.8114,83.6419,-14.1771],[-10.62,65.1367,5.73327],[-5.64234,63.1516,23.2664],[[[0.912018,-0.316264,-0.261151],[0.382979,0.884556,0.266247],[0.146798,-0.342837,0.927854]],[[0.906627,-0.304678,-0.291889],[-0.0562936,0.598259,-0.799323],[0.418161,0.741119,0.525246]],[[0.906627,-0.304678,-0.291889],[-0.421875,-0.666125,-0.61506],[-0.00703924,0.68077,-0.732463]],[[0.906627,-0.304678,-0.291889],[-0.322977,-0.946281,-0.0154445],[-0.271503,0.108276,-0.956328]]],3],[1104,[-0.130385,-0.639215,0.757894],110,49.5639,[2.56792,74.8034,22.7642],[8.5442,69.8105,17.7481],[106.011,-16.6031,-8.17156],false,[26.592,86.7151,60.9396],[26.4883,107.151,7.83821],[8.09564,83.6362,-9.84191],[5.59327,71.3683,4.70371],[9.21656,69.1085,21.0695],[[[0.846979,-0.495596,-0.192385],[0.531624,0.79081,0.303308],[0.00182161,-0.359171,0.93327]],[[0.845097,-0.471393,-0.25219],[0.0692867,0.56432,-0.822643],[0.530104,0.67774,0.509567]],[[0.845097,-0.471393,-0.25219],[-0.51847,-0.607612,-0.601661],[0.130385,0.639215,-0.757894]],[[0.845097,-0.471393,-0.25219],[-0.489816,-0.871744,-0.0119289],[-0.214222,0.133608,-0.967604]]],4]],[[0,200,0],[235.247,235.247,147.751]]],[369807,83286321634,[[110,"right",[-0.231291,0.490736,-0.840049],[-0.207862,-0.86845,-0.450097],[-5.6988,104.865,27.5605],[99.9777,-8.4616,-33.3769],[-11.943,108.793,32.8577],0.655504,0,0.622552,[[0.686693,0.088661,-0.721521],[0.154866,0.951908,0.264361],[0.71026,-0.293274,0.639938]],62.5255,[202.722,4.31639,241.26],[14.5469,82.016,71.7154]]],[[1100,[0.170523,-0.118022,-0.97826],110,51.1394,[-24.2014,71.2938,-12.6433],[-23.1021,71.3349,-13.1319],[131.248,-21.3582,-40.7949],false,[-13.466,73.1372,78.2386],[-13.466,73.1372,78.2386],[-35.8343,78.6518,35.0127],[-30.1292,74.7031,2.28358],[-20.184,69.964,-17.8664],[[[0.523232,0.84415,0.116784],[-0.581669,0.253613,0.772879],[0.622808,-0.472324,0.623714]],[[0.337224,0.939839,-0.0546048],[-0.823249,0.322532,0.467156],[0.456663,-0.112583,0.882487]],[[0.337224,0.939839,-0.0546048],[-0.925852,0.320581,-0.200064],[-0.170523,0.118022,0.97826]],[[0.337224,0.939839,-0.0546048],[-0.835907,0.272242,-0.476596],[-0.433058,0.206364,0.877425]]],0],[1101,[-0.152792,0.278591,-0.948178],110,57.7051,[-59.6905,150.553,-50.3095],[-46.1281,144.235,-58.7147],[138.781,-23.6409,-59.5586],false,[-4.38457,94.3947,75.6571],[-34.2809,120.477,15.3463],[-40.3328,134.821,-23.8309],[-43.9566,141.428,-46.3191],[-46.6341,145.259,-62.4198],[[[0.898093,0.0128853,-0.439616],[0.148068,0.932361,0.329817],[0.414131,-0.361299,0.835439]],[[0.978729,-0.0902599,-0.184235],[0.146564,0.935996,0.320047],[0.143556,-0.340242,0.929315]],[[0.978729,-0.0902599,-0.184235],[0.136909,0.956159,0.258875],[0.152792,-0.278591,0.948178]],[[0.978729,-0.0902599,-0.184235],[0.128778,0.969353,0.209216],[0.159705,-0.228491,0.960357]]],1],[1102,[-0.479848,0.371981,-0.794592],110,65.7504,[-69.3577,162.615,-51.6512],[-55.186,155.795,-61.0619],[125.83,-25.421,-57.5936],false,[6.35784,96.3149,70.4706],[-13.3259,120.847,9.66351],[-35.2057,140.837,-27.1969],[-48.5951,151.216,-49.3687],[-57.681,157.303,-64.2154],[[[0.907298,-0.195181,-0.372445],[0.306826,0.912958,0.269008],[0.287521,-0.358346,0.888212]],[[0.825684,-0.114745,-0.552341],[0.322866,0.899005,0.295884],[0.462606,-0.422638,0.779341]],[[0.825684,-0.114745,-0.552341],[0.296635,0.921121,0.252078],[0.479848,-0.371981,0.794592]],[[0.825684,-0.114745,-0.552341],[0.2747,0.936955,0.215999],[0.492734,-0.330075,0.805149]]],2],[1103,[0.00837051,-0.677492,0.735482],110,63.2207,[-11.6706,68.0937,24.7895],[-5.60237,63.797,19.0163],[114.769,-10.8537,-9.4258],false,[17.2811,95.0686,65.5256],[8.52002,116.229,8.48583],[-9.6229,83.5565,-14.4374],[-9.39537,65.1404,5.55506],[-4.46364,63.2061,23.1068],[[[0.913991,-0.314051,-0.25689],[0.379873,0.884792,0.269888],[0.142535,-0.344261,0.927991]],[[0.908563,-0.302054,-0.288578],[-0.057126,0.59447,-0.802086],[0.413824,0.745231,0.522858]],[[0.908563,-0.302054,-0.288578],[-0.417665,-0.670647,-0.613016],[-0.00837051,0.677492,-0.735482]],[[0.908563,-0.302054,-0.288578],[-0.319616,-0.947434,-0.0146064],[-0.268997,0.105505,-0.957345]]],3],[1104,[-0.131906,-0.640372,0.756654],110,49.5639,[3.07775,74.4258,22.3307],[9.59692,69.8809,17.3177],[109.734,-9.7993,-18.0891],false,[27.3702,86.7505,60.6212],[27.5089,107.284,7.5574],[9.24683,83.7446,-10.2255],[6.71527,71.4545,4.29633],[10.2735,69.1789,20.6742],[[[0.848931,-0.493632,-0.188797],[0.528498,0.79126,0.307565],[-0.0024367,-0.36088,0.932609]],[[0.847281,-0.469032,-0.249247],[0.0712931,0.565444,-0.8217],[0.526339,0.678441,0.512529]],[[0.847281,-0.469032,-0.249247],[-0.514506,-0.608221,-0.604443],[0.131906,0.640372,-0.756654]],[[0.847281,-0.469032,-0.249247],[-0.487706,-0.872874,-0.0153175],[-0.210377,0.134537,-0.968319]]],4]],[[0,200,0],[235.247,235.247,147.751]]],[369808,83286331041,[[110,"right",[-0.227882,0.494076,-0.839022],[-0.203864,-0.866806,-0.455067],[-4.58513,104.894,27.045],[105.225,-5.18752,-39.4834],[-10.5736,108.068,31.7758],0.641836,0,0.623746,[[0.68975,0.0922838,-0.718142],[0.151078,0.951669,0.267398],[0.70811,-0.292934,0.642472]],62.5255,[203.081,4.27473,241.417],[15.4757,81.8842,71.2011]]],[[1100,[0.176298,-0.113482,-0.977773],110,51.1394,[-22.6443,71.26,-13.3264],[-21.6887,71.5015,-13.909],[136.322,-10.0644,-52.9703],false,[-12.5536,72.9231,77.539],[-12.5536,72.9231,77.539],[-34.6791,78.5764,34.2063],[-28.7808,74.7797,1.49348],[-18.7659,70.1643,-18.6506],[[[0.521,0.844606,0.123287],[-0.586145,0.249026,0.770986],[0.620478,-0.473948,0.624804]],[[0.335666,0.940723,-0.0486594],[-0.826612,0.318933,0.463675],[0.451709,-0.115418,0.884668]],[[0.335666,0.940723,-0.0486594],[-0.925336,0.319627,-0.20394],[-0.176298,0.113482,0.977773]],[[0.335666,0.940723,-0.0486594],[-0.834953,0.273216,-0.47771],[-0.436098,0.200979,0.877169]]],0],[1101,[-0.148846,0.28163,-0.947908],110,57.7051,[-58.2778,150.002,-51.1469],[-44.6583,144.544,-59.2687],[143.252,-8.4018,-59.4969],false,[-3.49967,94.2091,75.1003],[-33.1335,120.506,14.7532],[-39.0258,134.994,-24.3953],[-42.5561,141.673,-46.8771],[-45.1653,145.55,-62.9781],[[[0.900329,0.0165674,-0.434894],[0.144571,0.931145,0.334767],[0.410495,-0.364273,0.835942]],[[0.979799,-0.0874681,-0.179841],[0.14303,0.935011,0.324494],[0.139771,-0.343662,0.928634]],[[0.979799,-0.0874681,-0.179841],[0.13356,0.955528,0.262922],[0.148846,-0.28163,0.947908]],[[0.979799,-0.0874681,-0.179841],[0.125584,0.968963,0.212932],[0.155635,-0.231216,0.960373]]],1],[1102,[-0.477537,0.373706,-0.795174],110,65.7504,[-68.2,162.124,-52.3893],[-53.7827,156.104,-61.5715],[132.023,-9.59817,-56.7036],false,[7.26573,96.173,69.9782],[-12.1502,120.942,9.18074],[-33.9138,141.059,-27.6789],[-47.2387,151.487,-49.867],[-56.2835,157.59,-64.732],[[[0.909585,-0.191781,-0.368611],[0.303678,0.912317,0.274695],[0.283609,-0.361798,0.88807]],[[0.828316,-0.110328,-0.549291],[0.319616,0.898284,0.301548],[0.46015,-0.425339,0.779326]],[[0.828316,-0.110328,-0.549291],[0.293003,0.920962,0.256861],[0.477537,-0.373706,0.795174]],[[0.828316,-0.110328,-0.549291],[0.27074,0.937169,0.220034],[0.490502,-0.330972,0.806142]]],2],[1103,[0.0109461,-0.674391,0.738293],110,63.2207,[-10.9853,67.6938,24.2495],[-4.23731,63.8549,18.6499],[125.343,-5.77743,-12.5293],false,[18.2168,94.9697,65.0842],[9.71036,116.37,8.09554],[-8.23925,83.5123,-14.7146],[-7.94171,65.1805,5.35419],[-3.04252,63.2791,22.9186],[[[0.915909,-0.311158,-0.253559],[0.376774,0.884285,0.275827],[0.138392,-0.348167,0.927161]],[[0.910427,-0.298618,-0.28627],[-0.059182,0.59088,-0.804586],[0.409415,0.749458,0.52028]],[[0.910427,-0.298618,-0.28627],[-0.413526,-0.675295,-0.610715],[-0.0109461,0.674391,-0.738293]],[[0.910427,-0.298618,-0.28627],[-0.315778,-0.94872,-0.0146264],[-0.267222,0.103714,-0.958037]]],3],[1104,[-0.132024,-0.64224,0.755048],110,49.5639,[3.7343,74.0298,21.8273],[10.8603,69.9709,16.7858],[117.691,-4.07371,-26.8465],false,[28.3471,86.693,60.1949],[28.7209,107.465,7.22533],[10.5813,83.9072,-10.6577],[8.04747,71.5813,3.83329],[11.5572,69.2667,20.2161],[[[0.850842,-0.491167,-0.186611],[0.525381,0.790867,0.313853],[-0.00656939,-0.365082,0.930952]],[[0.849412,-0.465935,-0.247797],[0.0719,0.567351,-0.820331],[0.522809,0.678983,0.515415]],[[0.849412,-0.465935,-0.247797],[-0.510949,-0.608632,-0.607041],[0.132024,0.64224,-0.755048]],[[0.849412,-0.465935,-0.247797],[-0.485221,-0.874173,-0.0195509],[-0.207508,0.136843,-0.968615]]],4]],[[0,200,0],[235.247,235.247,147.751]]],[369809,83286339797,[[110,"right",[-0.223053,0.496122,-0.839113],[-0.202003,-0.865639,-0.458109],[-3.48305,104.954,26.7099],[110.762,-1.92901,-39.1593],[-9.18555,107.458,30.7841],0.628391,0,0.621866,[[0.691766,0.0932098,-0.71608],[0.149765,0.951555,0.26854],[0.70642,-0.29301,0.644294]],62.5255,[203.484,4.20218,241.619],[16.3255,81.832,70.9207]]],[[1100,[0.181997,-0.111626,-0.976943],110,51.1394,[-21.2272,71.3192,-13.9277],[-20.3684,71.6536,-14.4326],[139.82,-2.62985,-55.0603],false,[-11.7433,72.8757,77.0882],[-11.7433,72.8757,77.0882],[-33.605,78.627,33.6346],[-27.516,74.8924,0.949528],[-17.4452,70.3313,-19.1791],[[[0.520897,0.843971,0.127983],[-0.590101,0.247686,0.768396],[0.616804,-0.475778,0.627047]],[[0.336488,0.940622,-0.0447907],[-0.8292,0.318502,0.45933],[0.446322,-0.117419,0.887136]],[[0.336488,0.940622,-0.0447907],[-0.923933,0.320578,-0.208751],[-0.181997,0.111626,0.976943]],[[0.336488,0.940622,-0.0447907],[-0.833346,0.275288,-0.479323],[-0.438531,0.198613,0.876495]]],0],[1101,[-0.144435,0.281239,-0.948706],110,57.7051,[-56.8188,149.502,-51.9728],[-43.0998,144.729,-59.7527],[151.68,-2.59448,-58.8526],false,[-2.66224,94.1609,74.746],[-31.9547,120.614,14.3006],[-37.6571,135.137,-24.8631],[-41.0827,141.807,-47.3639],[-43.6192,145.661,-63.4819],[[[0.902658,0.0169349,-0.430026],[0.143398,0.930289,0.337639],[0.405767,-0.366437,0.837304]],[[0.980624,-0.087552,-0.175248],[0.141706,0.934699,0.32597],[0.135265,-0.344488,0.928995]],[[0.980624,-0.087552,-0.175248],[0.132348,0.955635,0.263144],[0.144435,-0.281239,0.948706]],[[0.980624,-0.087552,-0.175248],[0.124453,0.969279,0.212153],[0.15129,-0.229853,0.961394]]],1],[1102,[-0.474282,0.375471,-0.79629],110,65.7504,[-66.973,161.677,-53.1287],[-52.254,156.401,-62.001],[142.832,1.96786,-54.381],false,[8.13176,96.1291,69.6861],[-10.9416,121.048,8.84163],[-32.5396,141.288,-28.048],[-45.7737,151.765,-50.2672],[-54.7616,157.888,-65.1588],[[[0.911419,-0.191569,-0.364166],[0.302812,0.911488,0.278378],[0.278605,-0.363992,0.888757]],[[0.830552,-0.109126,-0.546145],[0.318832,0.897194,0.305597],[0.456649,-0.427943,0.779959]],[[0.830552,-0.109126,-0.546145],[0.291957,0.920388,0.260092],[0.474282,-0.375471,0.79629]],[[0.830552,-0.109126,-0.546145],[0.269456,0.936941,0.222566],[0.487418,-0.332015,0.807583]]],2],[1103,[0.0111253,-0.669651,0.742593],110,63.2207,[-10.2089,67.3209,23.7428],[-2.9929,63.929,18.5728],[131.4,-1.72724,-6.78858],false,[19.1081,94.9294,64.8482],[10.9214,116.464,7.86321],[-6.9109,83.42,-14.7692],[-6.60848,65.217,5.41651],[-1.75869,63.3742,23.0009],[[[0.917046,-0.311209,-0.249351],[0.375882,0.883404,0.279838],[0.13319,-0.350351,0.9271]],[[0.911633,-0.298343,-0.282696],[-0.0590576,0.585592,-0.808452],[0.40674,0.753707,0.516225]],[[0.911633,-0.298343,-0.282696],[-0.410855,-0.680117,-0.607157],[-0.0111253,0.669651,-0.742593]],[[0.911633,-0.298343,-0.282696],[-0.314564,-0.949151,-0.0127141],[-0.264528,0.100516,-0.959125]]],3],[1104,[-0.131692,-0.639808,0.757168],110,49.5639,[4.46367,73.6618,21.3485],[12.0571,70.0279,16.6106],[124.242,-1.06964,-20.9657],false,[29.2589,86.6568,59.9945],[29.9304,107.548,7.07474],[11.8443,83.9046,-10.7494],[9.31683,71.6253,3.78228],[12.7941,69.3346,20.1754],[[[0.851501,-0.491324,-0.18316],[0.524221,0.789799,0.318449],[-0.0118016,-0.367175,0.930077]],[[0.85036,-0.465465,-0.245418],[0.0718778,0.564774,-0.822109],[0.521268,0.681449,0.513718]],[[0.85036,-0.465465,-0.245418],[-0.509455,-0.611546,-0.605365],[0.131692,0.639808,-0.757168]],[[0.85036,-0.465465,-0.245418],[-0.484377,-0.874643,-0.0194743],[-0.205588,0.135435,-0.969222]]],4]],[[0,200,0],[235.247,235.247,147.751]]],[369810,83286349144,[[110,"right",[-0.218524,0.503641,-0.835819],[-0.202755,-0.861261,-0.465962],[-2.60349,105.083,26.4452],[106.038,2.52421,-36.0872],[-7.68609,106.917,29.7957],0.60532,0,0.481015,[[0.693455,0.0925639,-0.714529],[0.148918,0.951886,0.267838],[0.704942,-0.29214,0.646306]],62.5255,[203.741,4.14218,241.768],[16.9749,81.5414,70.537]]],[[1100,[0.188246,-0.105255,-0.976466],110,51.1394,[-19.8892,71.5817,-14.6068],[-19.2932,72.1095,-15.0858],[133.395,11.4986,-60.0135],false,[-11.1419,72.6152,76.5268],[-11.1419,72.6152,76.5268],[-32.7066,78.7303,32.9746],[-26.4086,75.2088,0.305513],[-16.3538,70.8098,-19.8672],[[[0.522811,0.841392,0.136849],[-0.592247,0.243053,0.768224],[0.613117,-0.482684,0.625383]],[[0.33916,0.940042,-0.0359443],[-0.83135,0.317389,0.456203],[0.440259,-0.124844,0.889149]],[[0.33916,0.940042,-0.0359443],[-0.921702,0.324412,-0.212657],[-0.188246,0.105255,0.976466]],[[0.33916,0.940042,-0.0359443],[-0.832631,0.282185,-0.476547],[-0.437831,0.191554,0.878414]]],0],[1101,[-0.143618,0.279775,-0.949263],110,57.7051,[-55.1852,149.015,-52.859],[-41.9457,145.263,-59.934],[140.586,7.38832,-49.608],false,[-1.99183,93.8929,74.3935],[-30.9843,120.926,14.0601],[-36.6306,135.529,-25.0817],[-40.0369,142.165,-47.5957],[-42.5653,145.95,-63.7313],[[[0.904294,0.0178799,-0.426536],[0.144782,0.927067,0.345812],[0.40161,-0.37447,0.835752]],[[0.980732,-0.0881265,-0.174352],[0.142219,0.933938,0.327922],[0.133936,-0.3464,0.928476]],[[0.980732,-0.0881265,-0.174352],[0.132435,0.956012,0.261727],[0.143618,-0.279775,0.949263]],[[0.980732,-0.0881265,-0.174352],[0.124177,0.97019,0.208114],[0.150815,-0.225755,0.962439]]],1],[1102,[-0.471772,0.383651,-0.793878],110,65.7504,[-65.4891,161.283,-53.9421],[-50.9956,157.455,-61.928],[140.022,34.1967,-35.9964],false,[8.82644,95.8716,69.3898],[-9.94983,121.345,8.68254],[-31.3956,142.044,-28.0406],[-44.5596,152.749,-50.1925],[-53.5107,158.997,-65.054],[[[0.912218,-0.191183,-0.362363],[0.304361,0.908296,0.286987],[0.274266,-0.372084,0.886753]],[[0.831399,-0.106261,-0.545421],[0.321212,0.892841,0.315685],[0.453429,-0.437656,0.77644]],[[0.831399,-0.106261,-0.545421],[0.29361,0.917344,0.268836],[0.471772,-0.383651,0.793878]],[[0.831399,-0.106261,-0.545421],[0.270448,0.934826,0.230124],[0.485421,-0.338833,0.805952]]],2],[1103,[0.0147169,-0.663706,0.747849],110,63.2207,[-9.25968,66.9499,23.2412],[-1.96176,64.1425,18.6339],[127.96,5.44692,4.86658],false,[19.8172,94.6803,64.5828],[11.9036,116.706,7.74717],[-5.90291,83.449,-14.5918],[-5.50287,65.4076,5.73678],[-0.641136,63.6034,23.3219],[[[0.917079,-0.311778,-0.248516],[0.377345,0.879992,0.288486],[0.128749,-0.358341,0.92467]],[[0.911671,-0.298269,-0.282651],[-0.0624308,0.579325,-0.812703],[0.40615,0.758564,0.509532]],[[0.911671,-0.298269,-0.282651],[-0.410657,-0.685952,-0.600692],[-0.0147169,0.663706,-0.747849]],[[0.911671,-0.298269,-0.282651],[-0.313904,-0.949395,-0.0106213],[-0.265179,0.0984082,-0.959164]]],3],[1104,[-0.131226,-0.639771,0.75728],110,49.5639,[5.32374,73.2929,20.8345],[12.9451,70.1871,16.3399],[117.309,4.3943,-18.4906],false,[29.9625,86.4187,59.6987],[30.8899,107.743,6.95554],[12.778,84.1139,-10.8624],[10.2595,71.8353,3.67144],[13.7238,69.4929,20.06],[[[0.850777,-0.492242,-0.184053],[0.525273,0.785648,0.326873],[-0.0162999,-0.374774,0.926973]],[[0.849936,-0.465805,-0.246243],[0.0715137,0.565016,-0.821975],[0.522011,0.681016,0.513539]],[[0.849936,-0.465805,-0.246243],[-0.510284,-0.611326,-0.60489],[0.131226,0.639771,-0.75728]],[[0.849936,-0.465805,-0.246243],[-0.485446,-0.873982,-0.0223044],[-0.204822,0.138495,-0.968952]]],4]],[[0,200,0],[235.247,235.247,147.751]]],[369811,83286357887,[[110,"right",[-0.218508,0.488379,-0.844831],[-0.179299,-0.871106,-0.457194],[-1.67086,104.434,25.3863],[106.208,-18.0565,-58.8651],[-6.34669,106.364,28.8138],0.596439,0,0.482327,[[0.699264,0.113324,-0.705824],[0.133524,0.949274,0.284695],[0.702283,-0.293321,0.648661]],62.5255,[203.904,4.15023,241.867],[17.8423,81.8624,70.0113]]],[[1100,[0.20392,-0.114044,-0.972322],110,51.1394,[-18.0417,70.9017,-15.4027],[-17.0882,70.5836,-15.9451],[165.535,-37.7071,-70.2994],false,[-10.1571,72.4337,75.7771],[-10.1571,72.4337,75.7771],[-31.236,77.5417,31.8589],[-24.4135,73.7262,-0.671563],[-14.0729,69.2977,-20.6927],[[[0.50372,0.853685,0.132242],[-0.606515,0.240482,0.757831],[0.615147,-0.461941,0.638908]],[[0.320493,0.946239,-0.0437689],[-0.843854,0.306197,0.440628],[0.430341,-0.104284,0.896622]],[[0.320493,0.946239,-0.0437689],[-0.925041,0.302698,-0.229508],[-0.20392,0.114044,0.972322]],[[0.320493,0.946239,-0.0437689],[-0.833385,0.259703,-0.487877],[-0.450281,0.192838,0.871815]]],0],[1101,[-0.140265,0.260094,-0.955341],110,57.7051,[-53.6889,148.299,-53.8343],[-40.8921,142.493,-62.0104],[133.207,-82.1327,-100.321],false,[-1.41979,93.8672,73.4792],[-30.2161,119.528,12.4566],[-35.7798,133.422,-26.9545],[-39.1065,139.59,-49.6126],[-41.5597,143.008,-65.8415],[[[0.908916,0.0311556,-0.415813],[0.12147,0.934171,0.335514],[0.398894,-0.355463,0.845299]],[[0.98413,-0.0692955,-0.163358],[0.118618,0.941587,0.315187],[0.131975,-0.329562,0.934864]],[[0.98413,-0.0692955,-0.163358],[0.108689,0.963094,0.246246],[0.140265,-0.260094,0.955341]],[[0.98413,-0.0692955,-0.163358],[0.100382,0.976542,0.190499],[0.146325,-0.203874,0.968]]],1],[1102,[-0.470698,0.364925,-0.803289],110,65.7504,[-64.142,160.706,-54.8361],[-50.1129,154.754,-64.1467],[129.352,-56.6633,-93.8841],false,[9.41636,96.0055,68.581],[-9.13009,120.313,7.32774],[-30.5779,140.179,-29.852],[-43.712,150.362,-52.2664],[-52.6262,156.248,-67.2968],[[[0.920337,-0.176868,-0.348851],[0.282113,0.917959,0.278862],[0.270909,-0.355063,0.894728]],[[0.83935,-0.0953809,-0.535159],[0.299759,0.902486,0.309297],[0.453472,-0.420026,0.786092]],[[0.83935,-0.0953809,-0.535159],[0.271911,0.926139,0.261404],[0.470698,-0.364925,0.803289]],[[0.83935,-0.0953809,-0.535159],[0.248579,0.942868,0.221828],[0.483426,-0.319221,0.815106]]],2],[1103,[0.0223812,-0.649019,0.760443],110,63.2207,[-8.11348,66.5134,22.7415],[0.0097938,63.43,18.3957],[154.688,-16.9471,-1.75967],false,[20.4876,94.9807,63.9224],[12.8237,116.116,6.7156],[-4.00834,82.0571,-15.1664],[-3.39996,64.415,5.50452],[1.31646,63.0127,23.1657],[[[0.926269,-0.295884,-0.233404],[0.355638,0.89119,0.281606],[0.124685,-0.34385,0.93071]],[[0.920902,-0.282692,-0.268374],[-0.0673916,0.562666,-0.823933],[0.383924,0.776847,0.499109]],[[0.920902,-0.282692,-0.268374],[-0.389151,-0.7063,-0.591356],[-0.0223812,0.649019,-0.760443]],[[0.920902,-0.282692,-0.268374],[-0.292848,-0.956156,0.00228333],[-0.257253,0.0764902,-0.963312]]],3],[1104,[-0.122521,-0.626787,0.769497],110,49.5639,[6.34586,72.8936,20.3406],[14.7847,69.7353,16.1577],[143.53,-10.3751,-14.7296],false,[30.8595,86.8693,59.2681],[31.9982,107.537,6.26858],[14.572,83.1371,-