{"metadata":{"formatVersion":2,"generatedBy":"LeapJS Playback 0.2.1","frames":79,"protocolVersion":6,"serviceVersion":"2.2.5+26752","frameRate":"1.1e+2","modified":"Wed Apr 22 2015 20:41:37 GMT-0300 (E. South America Standard Time)"},"frames":[["id","timestamp",{"hands":[["id","type","direction","palmNormal","palmPosition","palmVelocity","stabilizedPalmPosition","pinchStrength","grabStrength","confidence","armBasis","armWidth","elbow","wrist"]]},{"pointables":[["id","direction","handId","length","stabilizedTipPosition","tipPosition","tipVelocity","tool","carpPosition","mcpPosition","pipPosition","dipPosition","btipPosition","bases","type"]]},{"interactionBox":["center","size"]}],[377815,83359984949,[[112,"right",[-0.179257,0.387933,-0.904088],[-0.266856,-0.903693,-0.334853],[-55.0734,125.002,27.943],[70.2953,-1.68339,-24.1554],[-57.6176,123.779,30.4359],1,0,0.570309,[[0.470345,-0.0454844,-0.88131],[0.203354,0.977381,0.0580854],[0.858733,-0.206538,0.468956]],63.72,[194.835,50.8107,202.804],[-37.0226,106.576,76.1863]]],[[1120,[0.196036,-0.36146,-0.911546],112,52.1164,[-74.7428,72.1041,-9.00633],[-71.6667,70.5521,-10.6258],[48.3246,-6.70065,-14.799],false,[-66.2861,100.655,83.233],[-66.2861,100.655,83.233],[-80.5904,88.9141,36.8725],[-73.9064,76.59,5.79278],[-71.2877,68.5092,-16.0148],[[[0.584742,0.811057,0.0162421],[-0.572775,0.398606,0.71627],[0.574461,-0.428136,0.697634]],[[0.250954,0.917119,-0.3097],[-0.924611,0.321819,0.203782],[0.286559,0.235212,0.92874]],[[0.250954,0.917119,-0.3097],[-0.947941,0.168044,-0.270498],[-0.196036,0.36146,0.911546]],[[0.250954,0.917119,-0.3097],[-0.96151,0.199186,-0.189271],[-0.111897,0.345278,0.931806]]],0],[1121,[-0.150173,0.0631918,-0.986638],112,58.8075,[-98.6211,154.284,-62.1632],[-93.8157,150.464,-65.9718],[81.8959,-14.9888,-32.336],false,[-55.349,121.015,77.9649],[-82.6855,141.19,12.7103],[-88.1575,148.707,-29.2339],[-91.7872,150.235,-53.0814],[-94.6354,149.805,-69.9224],[[[0.903378,-0.113529,-0.413545],[0.214106,0.954938,0.205553],[0.371573,-0.274234,0.886977]],[[0.970071,-0.183191,-0.159384],[0.206737,0.967381,0.146404],[0.127365,-0.174973,0.9763]],[[0.970071,-0.183191,-0.159384],[0.190815,0.981044,0.0337902],[0.150173,-0.0631918,0.986638]],[[0.970071,-0.183191,-0.159384],[0.17656,0.982756,-0.0549364],[0.1667,0.0251513,0.985687]]],1],[1122,[-0.50673,0.188549,-0.841233],112,67.0064,[-111.647,162.948,-64.6536],[-106.047,160.501,-68.6078],[85.7603,-10.1512,-35.6437],false,[-44.1995,121.419,72.755],[-61.2742,139.194,7.48554],[-83.9315,153.322,-32.6431],[-98.3411,158.684,-56.5648],[-108.326,160.638,-72.3641],[[[0.895449,-0.310655,-0.318851],[0.371856,0.915744,0.152103],[0.244734,-0.254767,0.935521]],[[0.807416,-0.238216,-0.539752],[0.356536,0.925923,0.124692],[0.470065,-0.293119,0.832538]],[[0.807416,-0.238216,-0.539752],[0.302165,0.952734,0.0315259],[0.50673,-0.188549,0.841233]],[[0.807416,-0.238216,-0.539752],[0.256407,0.965629,-0.0426146],[0.531352,-0.103988,0.840745]]],2],[1123,[-0.304797,-0.857147,0.415209],112,64.4285,[-71.3366,68.2703,0.123929],[-68.9412,70.5997,3.73232],[57.545,4.95374,1.67978],false,[-33.1188,118.655,68.2265],[-39.4231,132.73,7.51482],[-59.1253,102.7,-19.0613],[-67.5688,78.9557,-7.55917],[-68.9961,68.5307,7.88018],[[[0.891106,-0.412902,-0.188259],[0.442494,0.882621,0.158678],[0.100642,-0.224702,0.969216]],[[0.890343,-0.411241,-0.195372],[0.1133,0.615742,-0.779759],[0.440968,0.672118,0.594815]],[[0.890343,-0.411241,-0.195372],[-0.338213,-0.31013,-0.8885],[0.304797,0.857147,-0.415209]],[[0.890343,-0.411241,-0.195372],[-0.448836,-0.720802,-0.528196],[0.0763917,0.557965,-0.826341]]],3],[1124,[-0.425341,-0.792998,0.436164],112,50.5107,[-52.6939,76.0204,4.34626],[-51.1349,77.642,7.15801],[59.212,-3.25263,-2.85926],false,[-23.4412,108.839,64.6836],[-20.8183,122.161,8.31044],[-40.4023,100.641,-11.7802],[-48.7214,85.1313,-3.2494],[-51.4966,75.7286,10.9279],[[[0.811321,-0.576255,-0.09843],[0.582848,0.784313,0.212466],[-0.0452346,-0.229748,0.972198]],[[0.811392,-0.547611,-0.204364],[0.186769,0.574212,-0.797118],[0.553859,0.608607,0.568188]],[[0.811392,-0.547611,-0.204364],[-0.400908,-0.266976,-0.876354],[0.425341,0.792998,-0.436164]],[[0.811392,-0.547611,-0.204364],[-0.561891,-0.634467,-0.530783],[0.161001,0.545503,-0.822499]]],4]],[[0,200,0],[235.247,235.247,147.751]]],[377816,83359994017,[[112,"right",[-0.176678,0.388207,-0.904478],[-0.268304,-0.903129,-0.335218],[-54.4673,124.924,27.8201],[69.3428,-3.5807,-21.2256],[-57.5441,123.806,30.3748],1,0,0.576266,[[0.470806,-0.0487391,-0.88089],[0.204725,0.977253,0.0553477],[0.858155,-0.206398,0.470074]],63.72,[195.153,50.737,203.02],[-36.5489,106.464,76.0997]]],[[1120,[0.195649,-0.36179,-0.911498],112,52.1164,[-74.6688,72.0653,-9.05345],[-71.118,70.4996,-10.7985],[51.8763,-6.37746,-16.1037],false,[-65.839,100.612,83.0926],[-65.839,100.612,83.0926],[-80.0216,88.878,36.693],[-73.3508,76.5425,5.61487],[-70.7332,68.4582,-16.1916],[[[0.586571,0.809715,0.0172146],[-0.573195,0.400028,0.71514],[0.572173,-0.429348,0.698769]],[[0.253696,0.916494,-0.309318],[-0.924615,0.323701,0.200759],[0.284121,0.235069,0.929526]],[[0.253696,0.916494,-0.309318],[-0.947291,0.170726,-0.271096],[-0.195649,0.36179,0.911498]],[[0.253696,0.916494,-0.309318],[-0.960796,0.201786,-0.190142],[-0.111848,0.34543,0.931756]]],0],[1121,[-0.147985,0.0637798,-0.986931],112,58.8075,[-98.4693,154.163,-62.2761],[-92.9711,150.46,-66.1734],[85.2272,-10.4195,-29.5292],false,[-54.8454,120.946,77.8419],[-82.0136,141.174,12.5335],[-87.3852,148.694,-29.4231],[-90.9621,150.236,-53.2776],[-93.7754,149.823,-70.125],[[[0.903886,-0.115665,-0.41184],[0.215913,0.954475,0.205812],[0.369286,-0.274952,0.88771]],[[0.969958,-0.18547,-0.157426],[0.208685,0.966933,0.146601],[0.12503,-0.175049,0.976589]],[[0.969958,-0.18547,-0.157426],[0.193087,0.980578,0.0344169],[0.147985,-0.0637798,0.986931]],[[0.969958,-0.18547,-0.157426],[0.17908,0.982353,-0.0539741],[0.164659,0.0241607,0.986055]]],1],[1122,[-0.504732,0.189566,-0.842206],112,67.0064,[-111.482,162.878,-64.7627],[-105.183,160.507,-68.8355],[88.2473,-7.18851,-32.7],false,[-43.6853,121.323,72.6528],[-60.5972,139.127,7.349],[-83.1568,153.277,-32.8273],[-97.5096,158.667,-56.7766],[-107.459,160.65,-72.5951],[[[0.895327,-0.312757,-0.317132],[0.373673,0.914912,0.152662],[0.242402,-0.255186,0.936014]],[[0.807873,-0.24015,-0.53821],[0.358165,0.925286,0.124755],[0.468038,-0.293554,0.833526]],[[0.807873,-0.24015,-0.53821],[0.304282,0.952047,0.0319341],[0.504732,-0.189566,0.842206]],[[0.807873,-0.24015,-0.53821],[0.258925,0.964987,-0.0419221],[0.529433,-0.105488,0.841768]]],2],[1123,[-0.306909,-0.855523,0.416999],112,64.4285,[-71.2986,68.3018,0.172452],[-68.3708,70.6145,3.66957],[59.1535,4.35228,-0.657785],false,[-32.6026,118.533,68.1455],[-38.7611,132.614,7.42005],[-58.4731,102.632,-19.2032],[-66.9751,78.9323,-7.65151],[-68.4272,68.5704,7.82792],[[[0.890506,-0.414975,-0.186533],[0.444222,0.881628,0.159374],[0.0983164,-0.224786,0.969436]],[[0.889802,-0.413404,-0.193259],[0.116651,0.61547,-0.77948],[0.441186,0.671039,0.595871]],[[0.889802,-0.413404,-0.193259],[-0.337727,-0.311734,-0.888123],[0.306909,0.855522,-0.416999]],[[0.889802,-0.413404,-0.193259],[-0.449679,-0.722168,-0.525607],[0.0777229,0.554591,-0.828486]]],3],[1124,[-0.427526,-0.791221,0.437254],112,50.5107,[-52.6536,76.051,4.40082],[-50.5653,77.5931,7.09757],[60.2735,-3.6183,-3.96621],false,[-22.9409,108.695,64.6221],[-20.1821,122.002,8.25197],[-39.7682,100.527,-11.8849],[-48.1301,85.0521,-3.33274],[-50.9307,75.6983,10.8719],[[[0.810179,-0.57813,-0.0968297],[0.584249,0.783005,0.213439],[-0.0475771,-0.229496,0.972146]],[[0.81054,-0.549687,-0.202164],[0.190263,0.57358,-0.796747],[0.553918,0.60733,0.569495]],[[0.81054,-0.549687,-0.202164],[-0.400309,-0.267981,-0.876321],[0.427526,0.791221,-0.437254]],[[0.81054,-0.549687,-0.202164],[-0.562697,-0.63511,-0.529158],[0.162474,0.54266,-0.824088]]],4]],[[0,200,0],[235.247,235.247,147.751]]],[377817,83360003289,[[112,"right",[-0.173983,0.388491,-0.904878],[-0.27047,-0.902405,-0.335426],[-53.8183,124.868,27.7306],[69.5262,-4.28168,-17.9657],[-57.4451,123.834,30.3046],1,0,0.583881,[[0.470592,-0.0534243,-0.880732],[0.206467,0.977121,0.051048],[0.857855,-0.205865,0.470856]],63.72,[195.584,50.7839,203.176],[-36.037,106.367,76.0453]]],[[1120,[0.194742,-0.36235,-0.91147],112,52.1164,[-74.5592,72.0153,-9.11724],[-70.5751,70.4763,-10.9298],[53.9047,-5.20973,-15.6961],false,[-65.3563,100.605,82.9905],[-65.3563,100.605,82.9905],[-79.4314,88.8819,36.5554],[-72.7915,76.5274,5.47831],[-70.1888,68.4359,-16.3273],[[[0.588987,0.807943,0.0179831],[-0.573183,0.401955,0.714068],[0.569697,-0.430884,0.699845]],[[0.257049,0.915637,-0.309086],[-0.924349,0.326268,0.19781],[0.281967,0.234857,0.930235]],[[0.257049,0.915637,-0.309086],[-0.946573,0.1741,-0.271455],[-0.194742,0.36235,0.91147]],[[0.257049,0.915637,-0.309086],[-0.959978,0.205123,-0.190699],[-0.111211,0.345735,0.931719]]],0],[1121,[-0.14501,0.068246,-0.987074],112,58.8075,[-98.2631,154.033,-62.4115],[-92.0536,150.609,-66.3342],[90.1588,0.960495,-25.9737],false,[-54.2925,120.904,77.7528],[-81.2896,141.196,12.3933],[-86.5451,148.774,-29.5678],[-90.0501,150.423,-53.4257],[-92.8106,150.128,-70.2843],[[[0.904223,-0.11851,-0.410289],[0.218452,0.953875,0.205918],[0.366961,-0.275824,0.888404]],[[0.969685,-0.188507,-0.155489],[0.211536,0.966106,0.147961],[0.122327,-0.176367,0.976694]],[[0.969685,-0.188507,-0.155489],[0.196681,0.979698,0.0388418],[0.14501,-0.068246,0.987074]],[[0.969685,-0.188507,-0.155489],[0.183318,0.98192,-0.0471922],[0.161574,0.0172577,0.98671]]],1],[1122,[-0.502748,0.190843,-0.843103],112,67.0064,[-111.263,162.798,-64.8956],[-104.268,160.56,-69.0242],[91.0448,-3.60522,-29.1863],false,[-43.1226,121.247,72.5824],[-59.8708,139.084,7.24545],[-82.3296,153.266,-32.9758],[-96.6259,158.693,-56.9506],[-106.54,160.709,-72.7866],[[[0.894909,-0.315549,-0.315542],[0.37618,0.91382,0.153044],[0.240056,-0.255661,0.936489]],[[0.808045,-0.242738,-0.536788],[0.360497,0.924393,0.124654],[0.465945,-0.294236,0.834458]],[[0.808045,-0.242738,-0.536788],[0.307095,0.951135,0.0321743],[0.502748,-0.190843,0.843103]],[[0.808045,-0.242738,-0.536788],[0.262129,0.964145,-0.0413988],[0.52759,-0.107255,0.842701]]],2],[1123,[-0.309558,-0.853618,0.41894],112,64.4285,[-71.2442,68.3408,0.23105],[-67.7999,70.6621,3.64695],[59.9779,4.91979,-1.1901],false,[-32.0408,118.422,68.0945],[-38.0547,132.504,7.35496],[-57.8024,102.586,-19.3133],[-66.3778,78.9393,-7.70779],[-67.8581,68.645,7.81405],[[[0.88956,-0.417716,-0.184924],[0.446617,0.880324,0.159884],[0.0960069,-0.224816,0.96966]],[[0.888911,-0.416233,-0.191279],[0.120357,0.615113,-0.779198],[0.441986,0.669616,0.596877]],[[0.888911,-0.416233,-0.191279],[-0.337656,-0.313188,-0.887638],[0.309558,0.853618,-0.41894]],[[0.888911,-0.416233,-0.191279],[-0.451177,-0.723313,-0.52274],[0.0792273,0.55097,-0.830756]]],3],[1124,[-0.429806,-0.788773,0.439436],112,50.5107,[-52.5952,76.0861,4.46441],[-49.9811,77.5655,7.10545],[61.1823,-3.26793,-2.30382],false,[-22.403,108.553,64.5899],[-19.5093,121.837,8.22097],[-39.1201,100.407,-11.9397],[-47.5266,84.9796,-3.34491],[-50.3463,75.6914,10.8989],[[[0.808588,-0.580603,-0.0953119],[0.586254,0.781294,0.21421],[-0.0499045,-0.229085,0.972126]],[[0.809238,-0.552386,-0.20001],[0.193735,0.572331,-0.796808],[0.554617,0.606059,0.570169]],[[0.809238,-0.552386,-0.20001],[-0.4005,-0.269643,-0.875724],[0.429806,0.788773,-0.439436]],[[0.809238,-0.552386,-0.20001],[-0.564246,-0.636002,-0.526429],[0.163585,0.538861,-0.826358]]],4]],[[0,200,0],[235.247,235.247,147.751]]],[377818,83360012060,[[112,"right",[-0.169213,0.390766,-0.904803],[-0.26928,-0.901442,-0.338955],[-53.1069,124.757,27.9094],[72.6358,-6.5387,-7.66308],[-57.3226,123.86,30.2369],1,0,0.589866,[[0.467221,-0.0554425,-0.882401],[0.204895,0.977652,0.0470624],[0.860071,-0.202788,0.468139]],63.72,[196.64,51.3769,202.666],[-35.5791,106.13,76.2682]]],[[1120,[0.197071,-0.359841,-0.911964],112,52.1164,[-74.3966,71.9546,-9.19748],[-69.7282,70.4644,-11.0041],[65.2033,-3.95572,-13.9953],false,[-64.9362,100.368,83.052],[-64.9362,100.368,83.052],[-78.713,88.7434,36.5026],[-71.9937,76.4744,5.4087],[-69.334,68.4456,-16.4131],[[[0.589337,0.807563,0.0228912],[-0.576545,0.40056,0.712143],[0.565931,-0.43289,0.701662]],[[0.259192,0.916232,-0.305514],[-0.925554,0.326022,0.192511],[0.275989,0.232873,0.932524]],[[0.259192,0.916232,-0.305514],[-0.945506,0.176166,-0.27383],[-0.197071,0.359841,0.911964]],[[0.259192,0.916232,-0.305514],[-0.959116,0.206954,-0.193043],[-0.113645,0.343059,0.932414]]],0],[1121,[-0.139657,0.0724685,-0.987545],112,58.8075,[-97.9918,153.899,-62.5581],[-90.8496,150.78,-66.2865],[103.167,7.50601,-17.5026],false,[-53.835,120.673,77.9189],[-80.4917,141.138,12.4736],[-85.5319,148.82,-29.4948],[-88.9074,150.572,-53.3642],[-91.5734,150.372,-70.2393],[[[0.906209,-0.118035,-0.40602],[0.217942,0.953252,0.209311],[0.362334,-0.278169,0.889571]],[[0.970349,-0.18868,-0.151071],[0.211328,0.965621,0.15138],[0.117315,-0.178817,0.976863]],[[0.970349,-0.18868,-0.151071],[0.197277,0.979361,0.0439694],[0.139657,-0.0724685,0.987545]],[[0.970349,-0.18868,-0.151071],[0.184594,0.981969,-0.0407567],[0.156037,0.0116615,0.987682]]],1],[1122,[-0.498401,0.193141,-0.845159],112,67.0064,[-110.979,162.714,-65.0421],[-103.054,160.693,-69.0158],[103.694,1.44513,-21.0795],false,[-42.6391,121.022,72.8056],[-59.0485,139.025,7.42838],[-81.3053,153.295,-32.874],[-95.478,158.788,-56.9072],[-105.31,160.854,-72.7883],[[[0.89631,-0.315296,-0.311797],[0.375912,0.913235,0.157135],[0.2352,-0.258049,0.937065]],[[0.8106,-0.241903,-0.533302],[0.360152,0.924032,0.128282],[0.461756,-0.296055,0.836141]],[[0.8106,-0.241903,-0.533302],[0.307449,0.950884,0.0359956],[0.498401,-0.193141,0.845159]],[[0.8106,-0.241903,-0.533302],[0.263062,0.964052,-0.0374444],[0.523189,-0.109939,0.845096]]],2],[1123,[-0.311801,-0.853967,0.416558],112,64.4285,[-71.1689,68.3852,0.297322],[-66.9648,70.6728,3.66389],[69.4044,4.20436,-0.738977],false,[-31.5364,118.201,68.3666],[-37.2368,132.433,7.63175],[-56.8573,102.613,-19.2398],[-65.4948,78.9567,-7.70027],[-67.0389,68.6655,7.81737],[[[0.890247,-0.417774,-0.181454],[0.446295,0.879684,0.164248],[0.0910031,-0.227203,0.969586]],[[0.889654,-0.41633,-0.187578],[0.125199,0.617434,-0.776595],[0.439137,0.667416,0.601427]],[[0.889654,-0.41633,-0.187578],[-0.333611,-0.312105,-0.889547],[0.311801,0.853967,-0.416558]],[[0.889654,-0.41633,-0.187578],[-0.449094,-0.723382,-0.524435],[0.0826473,0.550806,-0.830531]]],3],[1124,[-0.431169,-0.788212,0.439108],112,50.5107,[-52.5133,76.1241,4.53816],[-49.1357,77.5578,7.29873],[70.8121,-2.44926,4.9411],false,[-21.8865,108.336,64.8868],[-18.7019,121.753,8.56532],[-38.219,100.366,-11.7309],[-46.6521,84.9492,-3.14244],[-49.5022,75.698,11.1194],[[[0.808736,-0.580831,-0.0926425],[0.585603,0.780444,0.219037],[-0.0549212,-0.231395,0.971308]],[[0.809951,-0.552573,-0.196577],[0.198275,0.573416,-0.79491],[0.551966,0.604862,0.574]],[[0.809951,-0.552573,-0.196577],[-0.397583,-0.270898,-0.876665],[0.431169,0.788212,-0.439108]],[[0.809951,-0.552573,-0.196577],[-0.562707,-0.637653,-0.52608],[0.16535,0.536714,-0.827404]]],4]],[[0,200,0],[235.247,235.247,147.751]]],[377819,83360021253,[[112,"right",[-0.166889,0.390112,-0.905517],[-0.270313,-0.901311,-0.338481],[-52.115,124.761,27.7354],[82.4939,-4.59356,-10.8133],[-57.1454,123.891,30.1519],1,0,0.592302,[[0.466162,-0.0597335,-0.88268],[0.205591,0.977719,0.0424117],[0.86048,-0.201242,0.468056]],63.72,[197.622,51.818,202.52],[-34.7074,106.153,76.1451]]],[[1120,[0.195578,-0.360668,-0.911958],112,52.1164,[-74.1314,71.8723,-9.31569],[-68.8056,70.4543,-11.1926],[74.6959,-2.93059,-15.9761],false,[-64.0869,100.452,82.8825],[-64.0869,100.452,82.8825],[-77.7329,88.7818,36.306],[-71.0645,76.4846,5.21228],[-68.4277,68.439,-16.6062],[[[0.590762,0.806516,0.0230886],[-0.577085,0.402362,0.710688],[0.563891,-0.433171,0.703128]],[[0.261465,0.915434,-0.305969],[-0.925692,0.327607,0.189126],[0.27337,0.233783,0.933067]],[[0.261465,0.915434,-0.305969],[-0.945191,0.178604,-0.27334],[-0.195578,0.360668,0.911958]],[[0.261465,0.915434,-0.305969],[-0.958615,0.209282,-0.193026],[-0.112669,0.343776,0.932268]]],0],[1121,[-0.137274,0.0740409,-0.987762],112,58.8075,[-97.6054,153.741,-62.7482],[-89.6323,150.81,-66.5561],[111.788,8.29958,-20.7024],false,[-52.9397,120.731,77.7478],[-79.4425,141.175,12.2333],[-84.3905,148.835,-29.7501],[-87.7085,150.624,-53.6247],[-90.3316,150.48,-70.5071],[[[0.906716,-0.12011,-0.404277],[0.219301,0.953077,0.208691],[0.360241,-0.277881,0.89051]],[[0.970273,-0.190603,-0.14913],[0.212849,0.96534,0.151043],[0.115172,-0.178296,0.977213]],[[0.970273,-0.190603,-0.14913],[0.199312,0.978871,0.0456752],[0.137274,-0.0740409,0.987762]],[[0.970273,-0.190603,-0.14913],[0.187077,0.981631,-0.0374541],[0.15353,0.00844174,0.988108]]],1],[1122,[-0.496548,0.193133,-0.84625],112,67.0064,[-110.58,162.611,-65.2342],[-101.828,160.668,-69.3209],[111.884,0.270128,-24.424],false,[-41.734,121.054,72.6541],[-57.9941,139.018,7.22868],[-80.1615,153.264,-33.1313],[-94.2815,158.756,-57.1956],[-104.079,160.83,-73.0966],[[[0.89629,-0.317254,-0.309862],[0.37729,0.912718,0.156839],[0.233059,-0.257481,0.937756]],[[0.811108,-0.243939,-0.5316],[0.361379,0.923654,0.127544],[0.459902,-0.295561,0.837338]],[[0.811108,-0.243939,-0.5316],[0.309103,0.950365,0.0355245],[0.496548,-0.193133,0.84625]],[[0.811108,-0.243939,-0.5316],[0.265069,0.963493,-0.0376865],[0.521386,-0.110343,0.846157]]],2],[1123,[-0.313688,-0.852432,0.418281],112,64.4285,[-71.052,68.4433,0.37986],[-65.9955,70.7272,3.57024],[79.5054,4.89563,-3.62988],false,[-30.6286,118.209,68.2379],[-36.1948,132.387,7.47796],[-55.8146,102.587,-19.4169],[-64.5044,78.9734,-7.82966],[-66.0748,68.7402,7.72374],[[[0.889808,-0.419582,-0.179422],[0.447599,0.879046,0.164114],[0.0888611,-0.226339,0.969987]],[[0.889248,-0.418189,-0.185357],[0.128104,0.616676,-0.776724],[0.439122,0.666955,0.601949]],[[0.889248,-0.418189,-0.185357],[-0.332924,-0.313812,-0.889204],[0.313688,0.852432,-0.418281]],[[0.889248,-0.418189,-0.185357],[-0.449638,-0.724671,-0.522186],[0.0840496,0.547696,-0.832445]]],3],[1124,[-0.433046,-0.786313,0.440662],112,50.5107,[-52.3855,76.1717,4.62658],[-48.1592,77.5772,7.2203],[80.7526,-0.890662,0.866626],false,[-20.9905,108.322,64.7858],[-17.6811,121.674,8.45592],[-37.1886,100.312,-11.876],[-45.6585,84.9325,-3.2572],[-48.5291,75.7403,11.0386],[[[0.807843,-0.582396,-0.0905841],[0.586628,0.779611,0.219256],[-0.0570734,-0.230264,0.971453]],[[0.809313,-0.554423,-0.193981],[0.201606,0.572382,-0.794817],[0.551696,0.604147,0.575011]],[[0.809313,-0.554423,-0.193981],[-0.396843,-0.272631,-0.876463],[0.433046,0.786313,-0.440662]],[[0.809313,-0.554423,-0.193981],[-0.563274,-0.63892,-0.523931],[0.166541,0.533289,-0.829378]]],4]],[[0,200,0],[235.247,235.247,147.751]]],[377820,83360030084,[[112,"right",[-0.164556,0.390424,-0.905809],[-0.270964,-0.900891,-0.339079],[-51.1945,124.627,27.5711],[88.37,-7.45078,-12.9168],[-56.9231,123.918,30.0554],1,0,0.595973,[[0.465726,-0.0639857,-0.882613],[0.205613,0.977911,0.0376006],[0.860711,-0.198988,0.468595]],63.72,[198.484,52.2635,202.534],[-33.9083,105.99,76.0132]]],[[1120,[0.194898,-0.360435,-0.912196],112,52.1164,[-73.7633,71.7691,-9.46994],[-67.9176,70.3509,-11.425],[81.496,-4.99333,-18.802],false,[-63.3092,100.331,82.6929],[-63.3092,100.331,82.6929],[-76.8436,88.6788,36.0794],[-70.1984,76.3896,4.97757],[-67.5411,68.3463,-16.8392],[[[0.591889,0.805653,0.0243044],[-0.577884,0.403147,0.709594],[0.561888,-0.434046,0.704192]],[[0.26354,0.915074,-0.305264],[-0.925761,0.328863,0.18659],[0.271134,0.233428,0.933808]],[[0.26354,0.915074,-0.305264],[-0.944755,0.180905,-0.273335],[-0.194898,0.360435,0.912196]],[[0.26354,0.915074,-0.305264],[-0.957943,0.211011,-0.194473],[-0.113543,0.343677,0.932198]]],0],[1121,[-0.135067,0.0751567,-0.987982],112,58.8075,[-97.129,153.568,-62.9652],[-88.4884,150.751,-66.7934],[116.738,4.93773,-22.3337],false,[-52.1225,120.595,77.5816],[-78.4677,141.082,12.0172],[-83.3242,148.746,-29.9762],[-86.5888,150.563,-53.8561],[-89.1739,150.451,-70.7447],[[[0.907327,-0.121399,-0.402518],[0.22028,0.952741,0.209194],[0.358099,-0.278474,0.891189]],[[0.970284,-0.192004,-0.147254],[0.213942,0.965044,0.151387],[0.113039,-0.178392,0.977445]],[[0.970284,-0.192004,-0.147254],[0.200763,0.978512,0.04699],[0.135067,-0.0751567,0.987982]],[[0.970284,-0.192004,-0.147254],[0.188829,0.981373,-0.0353764],[0.151303,0.00651934,0.988466]]],1],[1122,[-0.494687,0.193921,-0.847159],112,67.0064,[-110.09,162.495,-65.455],[-100.678,160.587,-69.5833],[116.6,-2.3906,-25.7931],false,[-40.9065,120.902,72.5097],[-57.0128,138.894,7.05415],[-79.1003,153.135,-33.3516],[-93.1675,158.649,-57.4417],[-102.929,160.752,-73.3613],[[[0.89643,-0.318534,-0.30814],[0.378312,0.912155,0.157647],[0.230855,-0.257892,0.938188]],[[0.81175,-0.245052,-0.530105],[0.362041,0.923397,0.127535],[0.458244,-0.295446,0.838286]],[[0.81175,-0.245052,-0.530105],[0.310397,0.949918,0.0361917],[0.494687,-0.193921,0.847159]],[[0.81175,-0.245052,-0.530105],[0.266908,0.963032,-0.0364642],[0.519443,-0.11189,0.847148]]],2],[1123,[-0.315256,-0.851327,0.419352],112,64.4285,[-70.8943,68.5087,0.47116],[-65.0696,70.6716,3.43524],[86.4095,2.08725,-6.8416],false,[-29.7966,118.041,68.115],[-35.2237,132.231,7.3454],[-54.8262,102.472,-19.6059],[-63.5594,78.8881,-7.98904],[-65.1521,68.7026,7.59339],[[[0.889545,-0.420863,-0.17772],[0.448557,0.878381,0.165056],[0.0866404,-0.226542,0.97014]],[[0.889026,-0.419538,-0.183362],[0.130939,0.616719,-0.776217],[0.438735,0.666067,0.603213]],[[0.889026,-0.419538,-0.183362],[-0.332035,-0.315008,-0.889113],[0.315256,0.851327,-0.419352]],[[0.889026,-0.419538,-0.183362],[-0.449852,-0.725816,-0.520408],[0.0852436,0.545142,-0.833999]]],3],[1124,[-0.434798,-0.785169,0.440977],112,50.5107,[-52.2146,76.2216,4.72048],[-47.2396,77.4765,7.09213],[87.0803,-3.528,-3.55204],false,[-20.1662,108.14,64.6809],[-16.7275,121.491,8.35859],[-36.2159,100.168,-12.0326],[-44.72,84.8113,-3.40762],[-47.6147,75.6543,10.9059],[[[0.807169,-0.583564,-0.0890555],[0.587334,0.77874,0.220461],[-0.0593022,-0.230255,0.971322]],[[0.808896,-0.555739,-0.191943],[0.204737,0.57227,-0.794097],[0.551154,0.603043,0.576687]],[[0.808896,-0.555739,-0.191943],[-0.395776,-0.273248,-0.876754],[0.434798,0.785169,-0.440977]],[[0.808896,-0.555739,-0.191943],[-0.563458,-0.639479,-0.52305],[0.167936,0.531245,-0.830407]]],4]],[[0,200,0],[235.247,235.247,147.751]]],[377821,83360039503,[[112,"right",[-0.158253,0.392013,-0.906246],[-0.267792,-0.900452,-0.342743],[-50.6657,124.499,27.5036],[79.173,-9.20561,-11.2774],[-56.6495,123.944,29.9439],1,0,0.596648,[[0.466105,-0.062408,-0.882526],[0.204005,0.97821,0.0385704],[0.860888,-0.198017,0.46868]],63.72,[198.721,52.319,202.579],[-33.7186,105.784,76.0351]]],[[1120,[0.200227,-0.35815,-0.911942],112,52.1164,[-73.2365,71.6364,-9.68826],[-67.083,70.2895,-11.7435],[83.5531,-5.1192,-23.1399],false,[-63.163,100.089,82.4897],[-63.163,100.089,82.4897],[-76.3153,88.5138,35.7479],[-69.4884,76.3024,4.65474],[-66.6681,68.3058,-17.1588],[[[0.591075,0.806054,0.030137],[-0.583349,0.401366,0.706123],[0.557077,-0.434952,0.707448]],[[0.265247,0.915846,-0.301446],[-0.927482,0.327796,0.179797],[0.263479,0.231895,0.936378]],[[0.265247,0.915846,-0.301446],[-0.943161,0.181532,-0.278375],[-0.200227,0.35815,0.911942]],[[0.265247,0.915846,-0.301446],[-0.95662,0.210899,-0.200997],[-0.120508,0.341683,0.932057]]],0],[1121,[-0.12802,0.0773186,-0.988753],112,58.8075,[-96.4945,153.369,-63.2379],[-87.3001,150.776,-67.0814],[119.361,4.62573,-24.6768],false,[-51.9549,120.371,77.4982],[-77.8376,140.962,11.7824],[-82.403,148.696,-30.231],[-85.4973,150.565,-54.1295],[-87.9595,150.497,-71.0366],[[[0.910328,-0.11995,-0.396124],[0.218016,0.952509,0.212591],[0.351811,-0.279889,0.893248]],[[0.971462,-0.190948,-0.140713],[0.212059,0.964954,0.154577],[0.106266,-0.180005,0.977909]],[[0.971462,-0.190948,-0.140713],[0.19968,0.97855,0.0506668],[0.12802,-0.0773186,0.988753]],[[0.971462,-0.190948,-0.140713],[0.1884,0.981592,-0.031337],[0.144107,0.0039323,0.989554]]],1],[1122,[-0.49037,0.19354,-0.849752],112,67.0064,[-109.46,162.35,-65.7307],[-99.5821,160.456,-69.9234],[114.473,-7.12081,-28.0952],false,[-40.7025,120.696,72.5088],[-56.3454,138.801,6.9717],[-78.2652,152.954,-33.5557],[-92.2096,158.458,-57.7196],[-101.88,160.577,-73.6925],[[[0.898896,-0.317272,-0.302199],[0.37645,0.912142,0.16212],[0.224213,-0.259492,0.939357]],[[0.815185,-0.242988,-0.525766],[0.358693,0.924517,0.12887],[0.454765,-0.293641,0.840811]],[[0.815185,-0.242988,-0.525766],[0.308236,0.950526,0.0386166],[0.49037,-0.19354,0.849752]],[[0.815185,-0.242988,-0.525766],[0.265832,0.963451,-0.0331028],[0.514593,-0.112781,0.849985]]],2],[1123,[-0.317085,-0.851576,0.417462],112,64.4285,[-70.6752,68.589,0.577004],[-64.2793,70.6495,3.23062],[85.6858,1.15683,-11.1511],false,[-29.5587,117.852,68.1898],[-34.5539,132.153,7.40916],[-53.926,102.447,-19.7671],[-62.7099,78.8571,-8.20251],[-64.3799,68.6975,7.38872],[[[0.89114,-0.419852,-0.172027],[0.446666,0.878406,0.169977],[0.0797444,-0.228312,0.970317]],[[0.890689,-0.418592,-0.177355],[0.13669,0.618655,-0.773681],[0.433578,0.664866,0.608247]],[[0.890689,-0.418592,-0.177355],[-0.325777,-0.315593,-0.891219],[0.317085,0.851576,-0.417462]],[[0.890689,-0.418592,-0.177355],[-0.44574,-0.727399,-0.521734],[0.0893861,0.543756,-0.834469]]],3],[1124,[-0.437257,-0.785821,0.437369],112,50.5107,[-51.9829,76.2795,4.8278],[-46.4983,77.4299,6.99065],[84.5804,-3.71229,-5.93655],false,[-19.8959,107.965,64.8073],[-16.0573,121.426,8.53684],[-35.367,100.14,-12.0623],[-43.9193,84.7703,-3.50791],[-46.8958,75.6155,10.7902],[[[0.808246,-0.582783,-0.0842719],[0.585112,0.778766,0.226204],[-0.0662001,-0.232137,0.970428]],[[0.810712,-0.554931,-0.186539],[0.210992,0.574165,-0.791086],[0.546102,0.601985,0.582569]],[[0.810712,-0.554931,-0.186539],[-0.389296,-0.273015,-0.879722],[0.437257,0.785821,-0.437369]],[[0.810712,-0.554931,-0.186539],[-0.559397,-0.640283,-0.526415],[0.172686,0.531121,-0.829512]]],4]],[[0,200,0],[235.247,235.247,147.751]]],[377822,83360048220,[[112,"right",[-0.153676,0.392322,-0.9069],[-0.266471,-0.900253,-0.344292],[-50.0589,124.413,27.3526],[76.6171,-9.38887,-12.8914],[-56.3637,123.964,29.8315],1,0,0.555642,[[0.466427,-0.062836,-0.882325],[0.203776,0.978278,0.0380535],[0.860768,-0.197546,0.4691]],63.72,[199.051,52.3401,202.618],[-33.3561,105.677,75.9611]]],[[1120,[0.203695,-0.357748,-0.911331],112,52.1164,[-72.634,71.4967,-9.93249],[-66.311,70.2227,-12.0048],[85.0588,-5.62758,-24.9638],false,[-62.8339,99.9932,82.2704],[-62.8339,99.9932,82.2704],[-75.7412,88.4349,35.4562],[-68.7961,76.2372,4.38377],[-65.8652,68.2458,-17.417],[[[0.591238,0.805812,0.0332406],[-0.586628,0.401404,0.703379],[0.553449,-0.435364,0.710037]],[[0.267206,0.915822,-0.299786],[-0.9283,0.32811,0.174935],[0.258572,0.231548,0.937831]],[[0.267206,0.915822,-0.299786],[-0.941865,0.182449,-0.28214],[-0.203695,0.357748,0.911331]],[[0.267206,0.915822,-0.299786],[-0.955467,0.211364,-0.205931],[-0.125232,0.341462,0.931515]]],0],[1121,[-0.123257,0.078227,-0.989287],112,58.8075,[-95.8046,153.174,-63.5249],[-86.2308,150.739,-67.4031],[120.17,2.73664,-27.9013],false,[-51.5936,120.272,77.3392],[-77.1473,140.891,11.5036],[-81.515,148.633,-30.5292],[-84.4941,150.524,-54.4406],[-86.8736,150.482,-71.3597],[[[0.912203,-0.120202,-0.391712],[0.217351,0.952365,0.213913],[0.34734,-0.280271,0.894876]],[[0.972043,-0.191243,-0.136231],[0.211654,0.964859,0.155726],[0.101662,-0.180206,0.978361]],[[0.972043,-0.191243,-0.136231],[0.199851,0.978421,0.0524681],[0.123257,-0.078227,0.989287]],[[0.972043,-0.191243,-0.136231],[0.189043,0.98154,-0.0290286],[0.139268,0.00246355,0.990252]]],1],[1122,[-0.487542,0.192653,-0.85158],112,67.0064,[-108.793,162.197,-66.0182],[-98.5829,160.289,-70.2875],[112.949,-11.3777,-31.2356],false,[-40.3169,120.594,72.4049],[-55.6328,138.722,6.79721],[-77.4435,152.776,-33.8237],[-91.3075,158.254,-58.0396],[-100.918,160.377,-74.0481],[[[0.900235,-0.317544,-0.297898],[0.376013,0.911949,0.164204],[0.219526,-0.259836,0.940369]],[[0.817166,-0.242803,-0.522768],[0.357046,0.925221,0.128392],[0.452502,-0.29157,0.842751]],[[0.817166,-0.242803,-0.522768],[0.307479,0.950753,0.0390526],[0.487542,-0.192653,0.85158]],[[0.817166,-0.242803,-0.522768],[0.265888,0.963477,-0.0318701],[0.511413,-0.112955,0.851879]]],2],[1123,[-0.318762,-0.850596,0.418183],112,64.4285,[-70.4252,68.6714,0.680793],[-63.5278,70.6473,3.08387],[85.9041,1.07288,-12.4501],false,[-29.1532,117.746,68.1395],[-33.8463,132.066,7.33913],[-53.0878,102.381,-19.9525],[-61.9181,78.8181,-8.36805],[-63.6371,68.7187,7.25689],[[[0.891803,-0.420157,-0.167794],[0.446177,0.878184,0.172395],[0.0749208,-0.228608,0.970631]],[[0.891409,-0.418985,-0.172746],[0.141157,0.618894,-0.772687],[0.430655,0.664396,0.610831]],[[0.891409,-0.418985,-0.172746],[-0.322149,-0.317707,-0.891786],[0.318762,0.850596,-0.418183]],[[0.891409,-0.418985,-0.172746],[-0.443762,-0.729569,-0.520389],[0.0920049,0.540538,-0.836274]]],3],[1124,[-0.439448,-0.785271,0.436159],112,50.5107,[-51.7243,76.3356,4.92938],[-45.7813,77.3876,6.87473],[83.9363,-3.77914,-8.1973],false,[-19.478,107.857,64.8014],[-15.3596,121.331,8.55407],[-34.5656,100.072,-12.1696],[-43.1607,84.7134,-3.63886],[-46.1922,75.5877,10.6664],[[[0.808418,-0.583079,-0.0804885],[0.584308,0.778473,0.229269],[-0.0710239,-0.232375,0.97003]],[[0.811401,-0.55533,-0.182311],[0.215865,0.574579,-0.789469],[0.543168,0.601221,0.58609]],[[0.811401,-0.55533,-0.182311],[-0.385376,-0.273784,-0.881208],[0.439448,0.785271,-0.436159]],[[0.811401,-0.55533,-0.182311],[-0.557402,-0.641336,-0.527249],[0.175875,0.529431,-0.829922]]],4]],[[0,200,0],[235.247,235.247,147.751]]],[377823,83360057282,[[112,"right",[-0.148809,0.39145,-0.908087],[-0.267275,-0.900054,-0.344189],[-49.1628,124.357,27.0979],[82.7663,-8.47633,-17.0952],[-56.0144,123.983,29.6989],1,0,0.560163,[[0.466528,-0.0667171,-0.881987],[0.205407,0.978062,0.0346658],[0.860325,-0.197339,0.469998]],63.72,[199.573,52.3661,202.702],[-32.7152,105.648,75.803]]],[[1120,[0.206027,-0.359337,-0.910181],112,52.1164,[-71.8561,71.3333,-10.2344],[-65.3801,70.1538,-12.267],[90.2582,-6.06701,-25.9888],false,[-62.234,100.047,81.9941],[-62.234,100.047,81.9941],[-74.9504,88.4547,35.136],[-67.9258,76.2029,4.10279],[-64.9026,68.1711,-17.6706],[[[0.593128,0.804362,0.0346578],[-0.588608,0.403859,0.700313],[0.549308,-0.435775,0.712994]],[[0.270911,0.914725,-0.299808],[-0.928284,0.330683,0.170114],[0.254748,0.232221,0.93871]],[[0.270911,0.914725,-0.299808],[-0.940298,0.18481,-0.285806],[-0.206027,0.359337,0.910181]],[[0.270911,0.914725,-0.299808],[-0.953898,0.213312,-0.211134],[-0.129177,0.343184,0.930343]]],0],[1121,[-0.119046,0.0786727,-0.989767],112,58.8075,[-94.949,152.96,-63.8715],[-84.8838,150.679,-67.8459],[127.82,1.32308,-33.5639],false,[-50.9215,120.29,77.0831],[-76.1415,140.882,11.1105],[-80.3324,148.579,-30.9485],[-83.2098,150.481,-54.8715],[-85.517,150.467,-71.8006],[[[0.91356,-0.123047,-0.387644],[0.218845,0.95211,0.213529],[0.342806,-0.279905,0.896737]],[[0.972084,-0.193761,-0.13232],[0.213393,0.964551,0.155255],[0.0975473,-0.179158,0.978972]],[[0.972084,-0.193761,-0.13232],[0.202188,0.977889,0.0534101],[0.119046,-0.0786727,0.989767]],[[0.972084,-0.193761,-0.13232],[0.191876,0.981048,-0.026972],[0.135039,0.000829965,0.99084]]],1],[1122,[-0.484108,0.193084,-0.853439],112,67.0064,[-107.976,162.025,-66.3641],[-97.2385,160.188,-70.7803],[121.862,-10.9988,-37.1549],false,[-39.6229,120.577,72.1965],[-54.6126,138.653,6.49915],[-76.2775,152.647,-34.2204],[-90.0438,158.137,-58.4891],[-99.5863,160.294,-74.5336],[[[0.900692,-0.320229,-0.293611],[0.377615,0.911224,0.164555],[0.214851,-0.259085,0.941655]],[[0.818373,-0.245285,-0.519711],[0.358103,0.924957,0.127348],[0.449474,-0.290328,0.844797]],[[0.818373,-0.245285,-0.519711],[0.309684,0.950028,0.0392699],[0.484108,-0.193084,0.853439]],[[0.818373,-0.245285,-0.519711],[0.269081,0.962631,-0.0306139],[0.507799,-0.114791,0.853793]]],2],[1123,[-0.321919,-0.848166,0.420693],112,64.4285,[-70.1017,68.7677,0.794052],[-62.6107,70.6758,2.93499],[90.2717,2.02465,-13.418],false,[-28.4484,117.695,67.9828],[-32.8456,131.942,7.14332],[-52.0353,102.28,-20.2097],[-60.9531,78.7845,-8.55568],[-62.7283,68.7819,7.12517],[[[0.891446,-0.42264,-0.163403],[0.447657,0.877293,0.173091],[0.070197,-0.22745,0.971256]],[[0.891102,-0.421553,-0.168019],[0.146532,0.617699,-0.772642],[0.429495,0.663883,0.612204]],[[0.891102,-0.421553,-0.168019],[-0.319852,-0.320791,-0.891509],[0.321919,0.848166,-0.420693]],[[0.891102,-0.421553,-0.168019],[-0.443745,-0.731908,-0.517109],[0.0950146,0.535354,-0.839266]]],3],[1124,[-0.44288,-0.782509,0.437649],112,50.5107,[-51.3943,76.3965,5.03757],[-44.8785,77.3454,6.76352],[88.3147,-3.75852,-9.23217],false,[-18.7841,107.776,64.6998],[-14.3915,121.162,8.45203],[-33.5483,99.9226,-12.3366],[-42.2105,84.6176,-3.77672],[-45.3016,75.5727,10.567],[[[0.807277,-0.585229,-0.0762305],[0.585291,0.777313,0.230692],[-0.075753,-0.23085,0.970036]],[[0.810774,-0.557927,-0.177098],[0.221641,0.572624,-0.789289],[0.541776,0.600683,0.587927]],[[0.810774,-0.557927,-0.177098],[-0.382757,-0.276401,-0.881532],[0.44288,0.782509,-0.437649]],[[0.810774,-0.557927,-0.177098],[-0.557213,-0.64293,-0.525505],[0.179331,0.524747,-0.832155]]],4]],[[0,200,0],[235.247,235.247,147.751]]],[377824,83360066272,[[112,"right",[-0.14788,0.391004,-0.908431],[-0.265002,-0.900608,-0.344498],[-47.8904,124.09,26.843],[98.8887,-14.3254,-20.1837],[-55.5775,123.989,29.5453],1,0,0.567426,[[0.46973,-0.0652403,-0.880396],[0.203885,0.978322,0.0362844],[0.858944,-0.196543,0.472848]],63.72,[200.418,52.3525,203.25],[-31.4968,105.419,75.5814]]],[[1120,[0.20771,-0.358846,-0.909993],112,52.1164,[-70.7883,71.1111,-10.609],[-63.9148,69.8499,-12.5631],[111.006,-13.4772,-27.7294],false,[-61.0165,99.7652,81.7201],[-61.0165,99.7652,81.7201],[-73.5823,88.1413,34.8293],[-66.5003,75.9063,3.80254],[-63.3915,67.8735,-17.9584],[[[0.59159,0.805454,0.0355771],[-0.590616,0.402913,0.699167],[0.548812,-0.434632,0.714073]],[[0.270079,0.915158,-0.299236],[-0.929349,0.32903,0.167482],[0.25173,0.232861,0.939365]],[[0.270079,0.915158,-0.299236],[-0.940167,0.183616,-0.287004],[-0.20771,0.358846,0.909992]],[[0.270079,0.915158,-0.299236],[-0.953632,0.211375,-0.21426],[-0.132831,0.343228,0.929812]]],0],[1121,[-0.11774,0.0808579,-0.989747],112,58.8075,[-93.9533,152.723,-64.2538],[-83.5187,150.406,-68.1635],[134.127,-5.34523,-33.822],false,[-49.7322,120.028,76.8257],[-74.8703,140.562,10.8036],[-79.031,148.272,-31.2561],[-81.8768,150.226,-55.1787],[-84.1544,150.275,-72.1117],[[[0.914485,-0.121447,-0.385964],[0.216713,0.952549,0.213741],[0.341692,-0.279106,0.897411]],[[0.972603,-0.191797,-0.13137],[0.211342,0.964889,0.155962],[0.0968441,-0.179454,0.978988]],[[0.972603,-0.191797,-0.13137],[0.200453,0.978098,0.0560603],[0.11774,-0.0808579,0.989747]],[[0.972603,-0.191797,-0.13137],[0.190457,0.98143,-0.0228107],[0.133305,-0.00283462,0.991071]]],1],[1122,[-0.483468,0.192336,-0.85397],112,67.0064,[-107.029,161.817,-66.7462],[-95.9029,159.786,-71.1148],[128.576,-19.9767,-36.806],false,[-38.4254,120.335,71.9596],[-53.329,138.371,6.23164],[-74.9958,152.271,-34.5191],[-88.7439,157.74,-58.8029],[-98.2661,159.902,-74.8588],[[[0.901808,-0.318634,-0.291917],[0.375647,0.911945,0.165062],[0.213617,-0.258512,0.942093]],[[0.819445,-0.243642,-0.518796],[0.355594,0.926001,0.126788],[0.449515,-0.288376,0.845444]],[[0.819445,-0.243642,-0.518796],[0.307846,0.950603,0.039816],[0.483468,-0.192336,0.85397]],[[0.819445,-0.243642,-0.518796],[0.267866,0.963015,-0.0291633],[0.506714,-0.11507,0.854401]]],2],[1123,[-0.320873,-0.848309,0.421204],112,64.4285,[-69.6675,68.8651,0.910597],[-61.1698,70.4245,2.69864],[109.4,-6.05636,-17.3572],false,[-27.238,117.473,67.7667],[-31.5509,131.701,6.91656],[-50.6297,102.015,-20.4885],[-59.5185,78.5152,-8.82027],[-61.2888,68.5421,6.87989],[[[0.892513,-0.421037,-0.161705],[0.445735,0.878144,0.173732],[0.0688527,-0.227136,0.971426]],[[0.892186,-0.419984,-0.166186],[0.147189,0.618201,-0.772116],[0.427013,0.66441,0.613368]],[[0.892186,-0.419984,-0.166186],[-0.317876,-0.322468,-0.891611],[0.320873,0.848309,-0.421204]],[[0.892186,-0.419984,-0.166186],[-0.441619,-0.733958,-0.516021],[0.0947477,0.533778,-0.8403]]],3],[1124,[-0.441857,-0.782329,0.439003],112,50.5107,[-50.9524,76.4531,5.14704],[-43.4456,77.1335,6.5763],[107.857,-8.89524,-12.4769],false,[-17.5495,107.571,64.5031],[-13.0796,120.954,8.2608],[-32.1454,99.6814,-12.5772],[-40.7876,84.38,-3.99083],[-43.8638,75.3811,10.385],[[[0.808484,-0.583764,-0.074654],[0.583447,0.778428,0.231602],[-0.0770883,-0.230803,0.969942]],[[0.81212,-0.556721,-0.174708],[0.222979,0.572805,-0.788781],[0.539204,0.601628,0.589323]],[[0.81212,-0.556721,-0.174708],[-0.381082,-0.279327,-0.881336],[0.441857,0.782329,-0.439003]],[[0.81212,-0.556721,-0.174708],[-0.555527,-0.646146,-0.523341],[0.178468,0.522071,-0.834021]]],4]],[[0,200,0],[235.247,235.247,147.751]]],[377825,83360075425,[[112,"right",[-0.146267,0.389707,-0.90925],[-0.265337,-0.90091,-0.343449],[-46.6277,123.931,26.6088],[109.771,-15.1702,-21.6879],[-55.0208,123.985,29.3626],1,0,0.56906,[[0.471695,-0.0677996,-0.879151],[0.204551,0.978255,0.0343063],[0.857708,-0.196013,0.475307]],63.72,[201.262,52.3987,203.732],[-30.3186,105.322,75.3993]]],[[1120,[0.208541,-0.360227,-0.909256],112,52.1164,[-69.3712,70.8306,-11.0544],[-62.5973,69.6411,-12.7586],[121.517,-15.878,-25.5963],false,[-59.8518,99.7046,81.5059],[-59.8518,99.7046,81.5059],[-72.3049,88.0186,34.6004],[-65.1946,75.7364,3.59876],[-62.0134,67.6616,-18.1361],[[[0.592266,0.804976,0.0351315],[-0.591221,0.404544,0.697712],[0.547429,-0.434001,0.715517]],[[0.271716,0.914436,-0.29996],[-0.92948,0.330152,0.164517],[0.249473,0.234105,0.939658]],[[0.271716,0.914436,-0.29996],[-0.939511,0.184506,-0.288577],[-0.208541,0.360227,0.909256]],[[0.271716,0.914436,-0.29996],[-0.95273,0.21157,-0.218044],[-0.135925,0.345027,0.928698]]],0],[1121,[-0.116599,0.0817005,-0.989813],112,58.8075,[-92.7831,152.462,-64.6812],[-82.1291,150.202,-68.482],[138.821,-8.35957,-33.8891],false,[-48.5424,119.95,76.5953],[-73.5704,140.402,10.5061],[-77.6941,148.075,-31.5641],[-80.5123,150.049,-55.4883],[-82.7673,150.135,-72.4242],[[[0.914909,-0.122878,-0.384503],[0.217276,0.952689,0.212543],[0.340195,-0.278001,0.898322]],[[0.972546,-0.192697,-0.13047],[0.211995,0.964871,0.155187],[0.0959826,-0.178585,0.979232]],[[0.972546,-0.192697,-0.13047],[0.201393,0.977851,0.0569893],[0.116599,-0.0817005,0.989813]],[[0.972546,-0.192697,-0.13047],[0.191664,0.981245,-0.0205455],[0.131982,-0.00502503,0.991239]]],1],[1122,[-0.482597,0.191694,-0.854607],112,67.0064,[-105.911,161.572,-67.1774],[-94.5161,159.492,-71.4587],[134.435,-23.1083,-36.6916],false,[-37.2286,120.239,71.7444],[-52.0248,138.184,5.9675],[-73.6667,151.999,-34.8256],[-87.39,157.45,-59.1275],[-96.8921,159.618,-75.1945],[[[0.901924,-0.319905,-0.290163],[0.37624,0.911865,0.164149],[0.212077,-0.257221,0.942794]],[[0.819664,-0.244983,-0.517816],[0.355741,0.926198,0.124919],[0.448997,-0.2866,0.846323]],[[0.819664,-0.244983,-0.517816],[0.308627,0.950388,0.0388964],[0.482597,-0.191694,0.854607]],[[0.819664,-0.244983,-0.517816],[0.269208,0.962636,-0.0292955],[0.505645,-0.115388,0.85499]]],2],[1123,[-0.321993,-0.847045,0.422888],112,64.4285,[-69.0945,68.9689,1.03663],[-59.9006,70.2748,2.56125],[117.494,-8.88474,-16.9977],false,[-26.038,117.36,67.5715],[-30.2537,131.496,6.69314],[-49.3169,101.793,-20.7047],[-58.2367,78.3286,-8.98987],[-60.0258,68.4051,6.73957],[[[0.892356,-0.422094,-0.159803],[0.446286,0.878015,0.172969],[0.0673003,-0.225668,0.971877]],[[0.892043,-0.421071,-0.16419],[0.149053,0.617062,-0.772669],[0.426664,0.664781,0.613208]],[[0.892043,-0.421071,-0.16419],[-0.317143,-0.324367,-0.891183],[0.321993,0.847045,-0.422888]],[[0.892043,-0.421071,-0.16419],[-0.441691,-0.73526,-0.514103],[0.0957513,0.531123,-0.841867]]],3],[1124,[-0.442844,-0.78016,0.441859],112,50.5107,[-50.3703,76.5083,5.26501],[-42.1612,76.9894,6.48276],[116.93,-10.5787,-11.7714],false,[-16.354,107.444,64.3369],[-11.7939,120.735,8.07993],[-30.8355,99.4424,-