{"metadata":{"formatVersion":2,"generatedBy":"LeapJS Playback 0.2.1","frames":130,"protocolVersion":6,"serviceVersion":"2.2.5+26752","frameRate":"92","modified":"Wed Apr 22 2015 20:43:07 GMT-0300 (E. South America Standard Time)"},"frames":[["id","timestamp",{"hands":[["id","type","direction","palmNormal","palmPosition","palmVelocity","stabilizedPalmPosition","pinchStrength","grabStrength","confidence","armBasis","armWidth","elbow","wrist"]]},{"pointables":[["id","direction","handId","length","stabilizedTipPosition","tipPosition","tipVelocity","tool","carpPosition","mcpPosition","pipPosition","dipPosition","btipPosition","bases","type"]]},{"interactionBox":["center","size"]}],[382715,83406415393,[[116,"right",[0.135928,0.0955492,-0.9861],[-0.980272,-0.13119,-0.147836],[29.2422,129.198,21.6703],[-7.94643,-202.135,31.4993],[29.2833,130.874,21.5783],0.269418,0.40428,0.616092,[[-0.319007,-0.863385,-0.390897],[0.583293,0.146226,-0.798992],[0.746997,-0.482891,0.456959]],63.72,[228.92,-13.2973,198.359],[27.2306,117.083,74.9803]],[117,"left",[-0.137253,0.584471,-0.799722],[0.968599,-0.0897813,-0.231853],[-105.323,193.251,92.1733],[-103.047,204.899,30.1754],[-104.755,192.782,91.9328],0,0.498419,0.219364,[[-0.0557656,-0.743881,-0.665982],[-0.632917,0.542218,-0.552644],[-0.772209,-0.390692,0.501052]],55.4815,[-285.428,68.9077,244.764],[-103.889,160.756,126.971]]],[[1160,[-0.30407,0.358613,-0.882575],116,52.1164,[-14.4204,189.292,0.45752],[-15.801,183.312,-1.85888],[-24.8153,-214.528,32.677],false,[12.0879,143.47,78.9199],[12.0879,143.47,78.9199],[1.84099,177.549,43.9149],[-8.52647,189.776,13.823],[-17.0273,182.321,-6.66818],[[[0.961047,-0.261077,-0.0907059],[0.269862,0.815505,0.511983],[-0.0596962,-0.516518,0.854193]],[[0.930894,-0.0850095,-0.355259],[0.302155,0.725721,0.618087],[0.205276,-0.682717,0.701256]],[[0.930894,-0.0850095,-0.355259],[0.202428,0.929608,0.307982],[0.30407,-0.358613,0.882575]],[[0.930894,-0.0850095,-0.355259],[-0.0387323,0.944091,-0.327401],[0.363229,0.318536,0.875556]]],0],[1161,[-0.101757,-0.346636,0.932464],116,58.8075,[-6.43006,144.858,29.7721],[-6.90666,140.046,27.6737],[-5.0192,-206.472,44.5551],false,[33.8673,139.099,70.6473],[31.1655,156.574,-0.76566],[-11.1445,151.068,-5.79721],[-13.604,142.689,16.7408],[-4.8475,139.169,30.9834],[[[0.164278,-0.956691,-0.240323],[0.98573,0.168288,0.00388751],[0.0367244,-0.237533,0.970685]],[[0.160207,-0.930805,-0.328536],[0.0669044,0.342309,-0.937202],[0.984814,0.128165,0.117115]],[[0.160207,-0.930805,-0.328536],[-0.981824,-0.115956,-0.150249],[0.101757,0.346636,-0.932464]],[[0.160207,-0.930805,-0.328536],[-0.843606,-0.301926,0.444038],[-0.512507,0.206017,-0.833603]]],1],[1162,[-0.116956,-0.118778,0.986009],116,67.0064,[-7.36447,135.382,35.7439],[-7.78215,130.906,34.1246],[-2.74848,-204.505,46.3526],false,[37.5247,127.872,67.1547],[36.4582,135.136,-2.22588],[-11.5712,135.764,-6.23324],[-14.897,132.387,21.8053],[-5.4832,130.408,37.9485],[[[-0.0027368,-0.994564,-0.104089],[0.999879,-0.00113052,-0.0154877],[0.0152859,-0.104119,0.994447]],[[-0.00298042,-0.992776,-0.119947],[0.0841026,0.119274,-0.989293],[0.996453,-0.0130364,0.0831395]],[[-0.00298042,-0.992776,-0.119947],[-0.993133,0.0169673,-0.115758],[0.116956,0.118778,-0.986009]],[[-0.00298042,-0.992776,-0.119947],[-0.865472,-0.0575269,0.497643],[-0.500948,0.105294,-0.859048]]],2],[1163,[-0.171139,0.0952153,0.980635],116,64.4285,[-3.57596,122.632,36.9651],[-3.691,119.074,36.4217],[0.698931,-203.197,55.1068],false,[38.3789,115.798,65.0525],[38.7174,112.955,2.47796],[-5.47701,115.84,-3.42097],[-10.2179,118.477,23.7446],[-1.71748,119.22,40.3664],[[[-0.0758249,-0.996112,0.0448526],[0.997107,-0.0755033,0.00882388],[-0.00540305,0.0453919,0.998955]],[[-0.0759765,-0.993631,0.0832179],[0.125813,-0.0923451,-0.987747],[0.98914,-0.0645757,0.132027]],[[-0.0759765,-0.993631,0.0832179],[-0.982313,0.0602634,-0.177283],[0.171139,-0.0952153,-0.980635]],[[-0.0759765,-0.993631,0.0832179],[-0.887266,0.105451,0.449042],[-0.454957,-0.0397198,-0.889627]]],3],[1164,[-0.632758,-0.168469,-0.755801],116,50.5107,[-5.51945,80.7763,-44.2603],[-5.8212,80.5362,-43.8463],[-24.4571,-233.88,57.9143],false,[32.4394,102.868,65.3533],[36.1467,92.5434,8.41524],[15.6348,85.5093,-19.5142],[3.25877,82.2142,-34.2968],[-8.19682,79.6511,-46.9185],[[[-0.239642,-0.957903,0.158091],[0.968754,-0.225207,0.103913],[-0.0639356,0.178053,0.981942]],[[-0.248024,-0.880531,0.403917],[0.775865,-0.430222,-0.461457],[0.580102,0.198933,0.789879]],[[-0.248024,-0.880531,0.403917],[0.733554,-0.443039,-0.515379],[0.632758,0.168469,0.755801]],[[-0.248024,-0.880531,0.403917],[0.704834,-0.45006,-0.548321],[0.6646,0.148698,0.732254]]],4],[1170,[-0.129278,0.990631,-0.0440084],117,45.3781,[-99.1924,265.379,135.781],[-99.5168,265.62,136.55],[-179.198,166.912,157.451],false,[-89.2256,178.188,140.92],[-89.2256,178.188,140.92],[-95.3866,221.194,142.181],[-99.2246,250.603,140.875],[-101.322,270.516,137.091],[[[-0.976545,-0.130154,-0.171522],[-0.212763,0.461065,0.861482],[0.0330426,-0.877769,0.477943]],[[-0.976351,-0.134919,-0.168924],[-0.163232,-0.0522741,0.985202],[0.141752,-0.989477,-0.0290148]],[[-0.976351,-0.134919,-0.168924],[-0.173279,0.0211294,0.984646],[0.129278,-0.990631,0.0440084]],[[-0.976351,-0.134919,-0.168924],[-0.190126,0.163912,0.96798],[0.10291,-0.977205,0.185687]]],0],[1171,[0.525632,-0.721634,0.450506],117,51.2042,[-64.4712,208.743,87.0415],[-65.1246,209.033,87.531],[-117.715,228.174,23.6113],false,[-108.451,179.499,133.528],[-105.613,223.723,87.2724],[-73.5147,232.61,70.2417],[-62.4526,217.423,79.7227],[-65.835,206.848,89.6245],[[[-0.227413,-0.69685,-0.680208],[-0.97279,0.194343,0.126134],[-0.0442977,-0.690384,0.722085]],[[-0.222133,-0.627616,-0.74616],[-0.462999,0.741391,-0.485769],[-0.858073,-0.237566,0.455273]],[[-0.222133,-0.627616,-0.74616],[0.821199,0.292133,-0.490194],[-0.525632,0.721634,-0.450506]],[[-0.222133,-0.627616,-0.74616],[0.948137,-0.317499,-0.0152042],[0.227363,0.710839,-0.665593]]],1],[1172,[0.54266,-0.505172,0.67106],117,58.343,[-63.7307,198.412,85.413],[-64.2924,198.739,85.9167],[-111.062,237.266,4.56501],false,[-112.282,172.75,126.13],[-111.424,208.484,77.0114],[-74.9423,218.332,58.7503],[-61.5062,205.824,75.3656],[-65.1152,196.936,88.6206],[[[-0.0621157,-0.806569,-0.587867],[-0.997969,0.0585303,0.0251431],[-0.0141284,-0.588235,0.808566]],[[-0.0624485,-0.82098,-0.567531],[-0.490403,0.520502,-0.698987],[-0.869256,-0.234668,0.435115]],[[-0.0624485,-0.82098,-0.567531],[0.837628,0.26607,-0.47706],[-0.542659,0.505172,-0.67106]],[[-0.0624485,-0.82098,-0.567531],[0.973371,-0.175767,0.147156],[0.220566,0.543229,-0.810095]]],2],[1173,[0.566922,-0.390138,0.725528],117,56.0984,[-69.5548,183.981,81.7757],[-70.125,184.178,82.4105],[-105.055,238.101,-7.87082],false,[-113.715,164.631,119.315],[-114.598,189.855,70.965],[-81.2899,199.851,53.5264],[-67.6156,190.441,71.0264],[-70.7782,182.74,85.003],[[[0.0118913,-0.886443,-0.462684],[-0.999798,-0.0180265,0.00884093],[0.0161776,-0.462486,0.886479]],[[0.0115609,-0.876885,-0.480561],[-0.516553,0.406263,-0.75374],[-0.856177,-0.256949,0.44826]],[[0.0115609,-0.876885,-0.480561],[0.82369,0.280829,-0.492615],[-0.566922,0.390138,-0.725528]],[[0.0115609,-0.876885,-0.480561],[0.980853,-0.0834915,0.175944],[0.194406,0.473394,-0.85913]]],3],[1174,[0.749962,0.178287,-0.637002],117,43.9801,[-71.7137,180.777,25.5597],[-72.5535,181.768,25.3186],[-146.311,299.735,-10.4296],false,[-109.277,154.512,113.705],[-113.468,171.801,66.4543],[-94.5949,176.637,42.6151],[-81.8231,179.673,31.7669],[-69.5052,182.495,23.6707],[[[0.178715,-0.918768,-0.352032],[-0.980394,-0.19647,0.0150524],[0.0829933,-0.34244,0.935867]],[[0.195656,-0.979692,-0.0438486],[-0.765479,-0.12462,-0.631278],[-0.612994,-0.157078,0.774316]],[[0.195656,-0.979692,-0.0438486],[-0.631883,-0.0917482,-0.769614],[-0.749962,-0.178287,0.637002]],[[0.195656,-0.979692,-0.0438486],[-0.536745,-0.0695588,-0.840872],[-0.820746,-0.188057,0.539455]]],4]],[[0,200,0],[235.247,235.247,147.751]]],[382716,83406433839,[[116,"right",[0.125997,0.0998471,-0.986993],[-0.981205,-0.134038,-0.138818],[29.2749,126.76,23.5148],[-3.25923,-168.403,64.5185],[29.2763,127.435,23.1969],0.268063,0.402453,0.634931,[[-0.310441,-0.863547,-0.397383],[0.590099,0.152672,-0.792764],[0.745258,-0.480602,0.462182]],63.72,[229.044,-15.3307,201.583],[27.824,114.432,76.794]],[117,"left",[-0.154776,0.596719,-0.787382],[0.965754,-0.0766045,-0.247894],[-106.207,194.394,92.0176],[-76.4707,135.979,11.5608],[-106.125,194.303,92.0129],0,0.49798,0.225772,[[-0.0585624,-0.735724,-0.674745],[-0.633153,0.54994,-0.544687],[-0.771808,-0.395318,0.498031]],55.4815,[-285.39,68.3879,243.308],[-103.944,161.324,126.225]]],[[1160,[-0.313672,0.361094,-0.878192],116,52.1164,[-15.14,183.808,0.510234],[-16.1525,180.83,0.631587],[-22.3941,-176.262,81.9261],false,[12.6292,140.75,80.9837],[12.6292,140.75,80.9837],[1.9348,174.931,46.2124],[-8.76005,187.242,16.2699],[-17.4317,179.841,-4.16892],[[[0.961015,-0.257366,-0.101059],[0.272012,0.81445,0.512524],[-0.0495989,-0.520033,0.852705]],[[0.927732,-0.0804929,-0.364464],[0.305636,0.724319,0.61802],[0.214242,-0.684751,0.696575]],[[0.927732,-0.0804929,-0.364464],[0.202294,0.929049,0.30975],[0.313672,-0.361094,0.878192]],[[0.927732,-0.0804929,-0.364464],[-0.0449712,0.94525,-0.323234],[0.370528,0.316265,0.873319]]],0],[1161,[-0.089546,-0.350852,0.93214],116,58.8075,[-6.62529,140.18,29.9055],[-6.81017,137.443,29.9377],[0.509991,-175.101,82.6093],false,[34.3421,136.487,72.4828],[30.8853,154.229,1.16847],[-11.4557,148.579,-3.42278],[-13.6201,140.099,19.1074],[-4.68817,136.556,33.2349],[[[0.165235,-0.955172,-0.245649],[0.985134,0.171712,-0.00503102],[0.0469865,-0.241166,0.969346]],[[0.160184,-0.928789,-0.334202],[0.0553031,0.346487,-0.936423],[0.985537,0.131518,0.106867]],[[0.160184,-0.928789,-0.334202],[-0.983017,-0.119388,-0.13937],[0.089546,0.350852,-0.93214]],[[0.160184,-0.928789,-0.334202],[-0.837287,-0.307163,0.452328],[-0.522772,0.207367,-0.826866]]],1],[1162,[-0.106933,-0.123148,0.98661],116,67.0064,[-7.44591,130.927,36.1769],[-7.6288,128.287,36.3324],[2.58572,-174.383,81.5583],false,[38.0041,125.287,68.9111],[36.2376,132.816,-0.426969],[-11.83,133.293,-3.97014],[-14.8708,129.792,24.0855],[-5.2918,127.781,40.1273],[[[-0.000314541,-0.994157,-0.107947],[0.999679,0.00242057,-0.0252055],[0.0253195,-0.107921,0.993837]],[[-0.000722165,-0.99229,-0.123935],[0.0741701,0.123541,-0.989564],[0.997245,-0.00990691,0.0735091]],[[-0.000722165,-0.99229,-0.123935],[-0.994266,0.0139652,-0.106019],[0.106933,0.123148,-0.98661]],[[-0.000722165,-0.99229,-0.123935],[-0.86033,-0.0625579,0.505885],[-0.509737,0.10699,-0.853651]]],2],[1163,[-0.161193,0.0905878,0.982757],116,64.4285,[-3.49319,118.666,38.0972],[-3.46962,116.462,38.592],[6.26683,-173.511,85.7882],false,[38.8796,113.224,66.7534],[38.619,110.624,4.16789],[-5.64758,113.385,-1.22792],[-10.1129,115.894,25.9964],[-1.4554,116.599,42.5386],[[[-0.0719443,-0.996537,0.0416898],[0.9974,-0.0720551,-0.00115923],[0.00415917,0.041498,0.99913]],[[-0.0717326,-0.99422,0.0798788],[0.115134,-0.0878033,-0.989462],[0.990757,-0.0617799,0.120767]],[[-0.0717326,-0.99422,0.0798788],[-0.984313,0.0576198,-0.166759],[0.161193,-0.0905878,-0.982757]],[[-0.0717326,-0.99422,0.0798788],[-0.883259,0.100523,0.457984],[-0.463367,-0.0377013,-0.885364]]],3],[1164,[-0.638773,-0.168505,-0.750716],116,50.5107,[-5.91644,78.0924,-42.2079],[-6.21273,78.1849,-41.8732],[-22.7314,-182.699,81.3823],false,[32.9879,100.272,67.0613],[36.1767,90.1815,10.05],[15.4456,83.1572,-17.7196],[2.95192,79.8614,-32.4028],[-8.6053,77.2945,-44.9307],[[[-0.234783,-0.95934,0.156663],[0.970491,-0.222225,0.0936146],[-0.0549939,0.174019,0.983206]],[[-0.241037,-0.882778,0.403242],[0.773403,-0.425722,-0.469691],[0.586302,0.198656,0.785357]],[[-0.241037,-0.882778,0.403242],[0.730664,-0.438531,-0.523279],[0.638773,0.168505,0.750716]],[[-0.241037,-0.882778,0.403242],[0.701666,-0.445561,-0.556004],[0.670497,0.148924,0.726812]]],4],[1170,[-0.142716,0.989504,-0.0226913],117,45.3781,[-101.255,266.069,138.136],[-100.701,266.061,137.677],[-122.966,96.3794,108.136],false,[-89.2325,178.653,140.25],[-89.2325,178.653,140.25],[-95.8779,221.564,142.147],[-100.115,250.939,141.474],[-102.554,270.909,138.233],[[[-0.977793,-0.136473,-0.159045],[-0.203905,0.444238,0.872396],[0.0484045,-0.885453,0.462201]],[[-0.977313,-0.144508,-0.154841],[-0.146565,-0.0663265,0.986975],[0.152896,-0.987278,-0.043642]],[[-0.977313,-0.144508,-0.154841],[-0.156495,0.0000782036,0.987679],[0.142716,-0.989504,0.0226913]],[[-0.977313,-0.144508,-0.154841],[-0.174722,0.136869,0.975059],[0.119711,-0.979992,0.159013]]],0],[1171,[0.538944,-0.724058,0.430441],117,51.2042,[-66.081,210.768,86.8843],[-66.2272,210.633,87.0481],[-89.9082,159.819,-0.0792962],false,[-108.579,179.907,133.171],[-106.853,224.94,87.6473],[-75.0949,234.404,70.2924],[-63.7527,219.166,79.3512],[-66.8848,208.396,89.1238],[[[-0.231271,-0.687255,-0.688617],[-0.972516,0.182913,0.144066],[-0.0269466,-0.70301,0.71067]],[[-0.227654,-0.617192,-0.753159],[-0.476887,0.745028,-0.466382],[-0.848972,-0.252998,0.463939]],[[-0.227654,-0.617192,-0.753159],[0.810995,0.307919,-0.497466],[-0.538944,0.724058,-0.430441]],[[-0.227654,-0.617192,-0.753159],[0.950708,-0.308121,-0.0348704],[0.210542,0.723972,-0.656914]]],1],[1172,[0.555611,-0.512012,0.655088],117,58.343,[-65.255,200.45,85.0171],[-65.3323,200.348,85.2812],[-84.9161,164.046,-12.6694],false,[-112.46,173.25,125.717],[-112.678,209.824,77.2138],[-76.517,220.274,58.6511],[-62.7602,207.597,74.8709],[-66.1019,198.452,88.0213],[[[-0.0635835,-0.796961,-0.600675],[-0.99797,0.0486122,0.0411411],[0.00358773,-0.602071,0.798434]],[[-0.0634743,-0.811715,-0.580594],[-0.503584,0.528322,-0.683579],[-0.861611,-0.248988,0.442301]],[[-0.0634743,-0.811715,-0.580594],[0.829016,0.281003,-0.483497],[-0.555611,0.512012,-0.655088]],[[-0.0634743,-0.811715,-0.580594],[0.976863,-0.169588,0.1303],[0.204228,0.558891,-0.803699]]],2],[1173,[0.581014,-0.397256,0.71036],117,56.0984,[-70.9546,186.055,81.0114],[-71.0808,185.825,81.5683],[-79.8128,166.308,-25.3539],false,[-113.921,165.235,118.785],[-115.771,191.273,70.8958],[-82.8156,201.874,53.1474],[-68.8014,192.292,70.2815],[-71.6863,184.323,84.1681],[[[0.0130509,-0.878256,-0.478012],[-0.99934,-0.0276688,0.0235518],[0.0339106,-0.477389,0.878037]],[[0.0123598,-0.868384,-0.495738],[-0.531266,0.414308,-0.738989],[-0.847115,-0.272502,0.456222]],[[0.0123598,-0.868384,-0.495738],[0.8138,0.29681,-0.499633],[-0.581014,0.397256,-0.71036]],[[0.0123598,-0.868384,-0.495738],[0.984073,-0.0773611,0.160049],[0.177335,0.48982,-0.853597]]],3],[1174,[0.738714,0.196225,-0.644823],117,43.9801,[-74.0314,184.286,24.7426],[-74.3481,184.365,24.4957],[-122.67,222.996,-26.9854],false,[-109.476,155.256,112.935],[-114.543,173.309,66.0583],[-96.0856,178.728,42.0198],[-83.5052,182.07,31.0384],[-71.3329,185.147,22.8157],[[[0.181827,-0.910881,-0.370453],[-0.978196,-0.206,0.0263962],[0.100357,-0.357576,0.928476]],[[0.204012,-0.976903,-0.0635612],[-0.77394,-0.121185,-0.621555],[-0.599496,-0.175997,0.780787]],[[0.204012,-0.976903,-0.0635612],[-0.642402,-0.0845982,-0.761684],[-0.738714,-0.196225,0.644823]],[[0.204012,-0.976903,-0.0635612],[-0.548257,-0.0602233,-0.834139],[-0.811044,-0.205022,0.54788]]],4]],[[0,200,0],[235.247,235.247,147.751]]],[382717,83406442534,[[116,"right",[0.121164,0.100867,-0.987494],[-0.981291,-0.137785,-0.134477],[29.3137,126.028,24.1783],[-1.20214,-145.937,67.6631],[29.2977,126.629,23.7595],0.267549,0.401891,0.636297,[[-0.307738,-0.863115,-0.400412],[0.59177,0.155912,-0.790886],[0.745055,-0.480337,0.462785]],63.72,[229.315,-16.025,202.409],[28.1506,113.666,77.4567]],[117,"left",[-0.156886,0.614105,-0.773474],[0.964781,-0.0721428,-0.252968],[-106.368,194.421,91.1361],[-61.0267,100.551,-18.5559],[-106.31,194.393,91.345],0,0.497744,0.234034,[[-0.0770387,-0.728611,-0.680581],[-0.633857,0.562697,-0.530658],[-0.769604,-0.39051,0.505185]],55.4815,[-284.949,68.7965,243.362],[-104.022,160.602,124.598]]],[[1160,[-0.318932,0.360396,-0.876583],116,52.1164,[-15.3904,182.412,0.915232],[-16.4132,179.944,1.52747],[-24.663,-156.556,87.4833],false,[12.8724,139.922,81.7293],[12.8724,139.922,81.7293],[1.89315,174.081,47.0248],[-8.98104,186.369,17.1372],[-17.7147,178.946,-3.26751],[[[0.961545,-0.253566,-0.105523],[0.271142,0.815229,0.511746],[-0.0437357,-0.520679,0.852632]],[[0.926412,-0.0767326,-0.36861],[0.305588,0.72515,0.617069],[0.219948,-0.684302,0.695236]],[[0.926412,-0.0767326,-0.36861],[0.200108,0.929638,0.309402],[0.318932,-0.360396,0.876583]],[[0.926412,-0.0767326,-0.36861],[-0.0500137,0.945258,-0.322469],[0.373175,0.317175,0.87186]]],0],[1161,[-0.0832358,-0.35178,0.932375],116,58.8075,[-6.64874,138.859,30.237],[-6.76713,136.562,30.7794],[1.95867,-155.486,86.5407],false,[34.5632,135.749,73.1285],[30.7165,153.516,1.84019],[-11.6236,147.697,-2.54475],[-13.6354,139.194,19.9911],[-4.61648,135.679,34.0703],[[[0.167846,-0.954389,-0.246919],[0.984426,0.175552,-0.00936713],[0.052287,-0.241501,0.968991]],[[0.162282,-0.927917,-0.33561],[0.0492525,0.347312,-0.936455],[0.985515,0.13544,0.102065]],[[0.162282,-0.927917,-0.33561],[-0.983228,-0.123372,-0.134323],[0.0832358,0.35178,-0.932375]],[[0.162282,-0.927917,-0.33561],[-0.83368,-0.310883,0.456432],[-0.527867,0.205721,-0.824036]]],1],[1162,[-0.102048,-0.124176,0.986999],116,67.0064,[-7.43085,129.654,36.5642],[-7.53685,127.403,37.1607],[4.69504,-155.004,85.1075],false,[38.2527,124.565,69.534],[36.1449,132.124,0.208839],[-11.9394,132.417,-3.12187],[-14.8412,128.886,24.9448],[-5.1821,126.903,40.9419],[[[0.00307082,-0.994092,-0.108495],[0.999539,0.00632916,-0.0297006],[0.0302118,-0.108354,0.993653]],[[0.00258142,-0.992208,-0.124564],[0.0693201,0.124442,-0.989802],[0.997591,-0.0060797,0.0691012]],[[0.00258142,-0.992208,-0.124564],[-0.994776,0.0101636,-0.101573],[0.102048,0.124176,-0.986999]],[[0.00258142,-0.992208,-0.124564],[-0.857784,-0.0662238,0.509726],[-0.514003,0.105533,-0.851272]]],2],[1163,[-0.157167,0.0893429,0.983522],116,64.4285,[-3.42714,117.536,38.6372],[-3.32992,115.594,39.4233],[8.71772,-153.819,88.7559],false,[39.1654,112.507,67.3658],[38.6334,109.94,4.78065],[-5.67118,112.534,-0.38117],[-10.025,115.009,26.8644],[-1.30711,115.738,43.3737],[[[-0.067875,-0.996832,0.0414611],[0.997658,-0.0681677,-0.00568553],[0.00849383,0.0409781,0.999124]],[[-0.0675015,-0.994542,0.0795571],[0.11028,-0.0866877,-0.990113],[0.991606,-0.0580605,0.11553]],[[-0.0675015,-0.994542,0.0795571],[-0.985262,0.0538854,-0.16234],[0.157167,-0.0893429,-0.983522]],[[-0.0675015,-0.994542,0.0795571],[-0.88189,0.0967661,0.461418],[-0.466598,-0.0390143,-0.883609]]],3],[1164,[-0.641257,-0.170875,-0.748058],116,50.5107,[-5.97195,77.3638,-41.5575],[-6.26409,77.333,-41.0843],[-18.2055,-160.129,83.8365],false,[33.3257,99.5317,67.693],[36.2972,89.4842,10.6623],[15.4767,82.3842,-17.0211],[2.93446,79.0421,-31.6522],[-8.6651,76.432,-44.1319],[[[-0.230338,-0.960332,0.157186],[0.97176,-0.218492,0.0891252],[-0.0512459,0.173276,0.983539]],[[-0.235779,-0.883847,0.404009],[0.773104,-0.422487,-0.47309],[0.588828,0.200796,0.782919]],[[-0.235779,-0.883847,0.404009],[0.730204,-0.43545,-0.526485],[0.641257,0.170875,0.748058]],[[-0.235779,-0.883847,0.404009],[0.7011,-0.442587,-0.559084],[0.672954,0.151431,0.724018]]],4],[1170,[-0.14302,0.989718,-0.00163547],117,45.3781,[-101.575,265.738,138.683],[-100.758,265.067,138.277],[-90.6807,39.0848,93.0454],false,[-89.2409,177.602,138.949],[-89.2409,177.602,138.949],[-95.8658,220.475,141.61],[-100.112,249.857,141.562],[-102.576,269.895,138.789],[[[-0.978506,-0.131894,-0.158525],[-0.200305,0.425104,0.882703],[0.0490336,-0.895484,0.442386]],[[-0.977919,-0.141569,-0.153733],[-0.142977,-0.0833053,0.986214],[0.152424,-0.986417,-0.0612247]],[[-0.977919,-0.141569,-0.153733],[-0.152383,-0.0203874,0.988111],[0.14302,-0.989718,0.00163547]],[[-0.977919,-0.141569,-0.153733],[-0.170425,0.114461,0.9787],[0.120957,-0.983289,0.13606]]],0],[1171,[0.539582,-0.7339,0.412604],117,51.2042,[-66.271,210.921,86.3688],[-66.3874,210.723,86.3844],[-70.8751,119.991,-20.1582],false,[-108.611,179.033,131.968],[-106.995,225.057,87.4428],[-75.2865,234.863,70.187],[-63.9308,219.417,78.8704],[-67.0408,208.439,88.4162],[[[-0.234493,-0.671654,-0.702776],[-0.97179,0.180723,0.151535],[-0.0252283,-0.718485,0.695085]],[[-0.231034,-0.600323,-0.76566],[-0.477619,0.755583,-0.448302],[-0.847646,-0.262121,0.461291]],[[-0.231034,-0.600323,-0.76566],[0.809614,0.317811,-0.493479],[-0.539582,0.7339,-0.412604]],[[-0.231034,-0.600323,-0.76566],[0.950221,-0.308313,-0.0449888],[0.209055,0.73794,-0.64167]]],1],[1172,[0.557203,-0.526982,0.641728],117,58.343,[-65.4528,200.631,84.3248],[-65.5111,200.478,84.3879],[-67.7801,124.328,-36.345],false,[-112.526,172.546,124.383],[-112.874,210.181,76.6993],[-76.763,220.995,58.2485],[-62.9668,207.947,74.1376],[-66.2734,198.518,87.0947],[[[-0.0666206,-0.78345,-0.617873],[-0.997762,0.0487518,0.0457648],[0.00573204,-0.619539,0.784945]],[[-0.0664571,-0.798638,-0.598131],[-0.505225,0.543864,-0.670044],[-0.860425,-0.257662,0.439636]],[[-0.0664571,-0.798638,-0.598131],[0.827713,0.290633,-0.480025],[-0.557203,0.526982,-0.641728]],[[-0.0664571,-0.798638,-0.598131],[0.97711,-0.173501,0.123098],[0.202087,0.576259,-0.791887]]],2],[1173,[0.582878,-0.413527,0.699463],117,56.0984,[-71.1669,186.305,80.0929],[-71.29,186.048,80.3733],[-65.0489,129.016,-54.7027],false,[-114.021,164.687,117.281],[-116.011,191.776,69.9848],[-83.1019,202.728,52.3632],[-69.0427,192.754,69.2345],[-71.8903,184.484,82.9517],[[[0.0103554,-0.867512,-0.497308],[-0.999281,-0.0271212,0.0265026],[0.0364789,-0.496676,0.867169]],[[0.00961235,-0.857245,-0.514819],[-0.533229,0.43114,-0.727864],[-0.845917,-0.281513,0.452963]],[[0.00961235,-0.857245,-0.514819],[0.812503,0.3068,-0.495694],[-0.582878,0.413527,-0.699463]],[[0.00961235,-0.857245,-0.514819],[0.984515,-0.0820068,0.154935],[0.175036,0.508336,-0.843182]]],3],[1174,[0.737064,0.209613,-0.642494],117,43.9801,[-74.4245,185.565,23.7871],[-74.7503,185.849,23.3094],[-102.232,208.86,-56.0598],false,[-109.607,154.835,111.197],[-114.82,173.923,64.748],[-96.445,179.849,40.7662],[-83.8928,183.418,29.8246],[-71.7368,186.663,21.6423],[[[0.179475,-0.90268,-0.391097],[-0.97833,-0.205494,0.0253381],[0.10324,-0.378075,0.920001]],[[0.202675,-0.975485,-0.085743],[-0.776351,-0.106699,-0.621204],[-0.596827,-0.192469,0.778944]],[[0.202675,-0.975485,-0.085743],[-0.644716,-0.0670196,-0.761479],[-0.737064,-0.209613,0.642494]],[[0.202675,-0.975485,-0.085743],[-0.550357,-0.0410474,-0.83392],[-0.809956,-0.216204,0.545185]]],4]],[[0,200,0],[235.247,235.247,147.751]]],[382718,83406451582,[[116,"right",[0.116219,0.100193,-0.988157],[-0.98132,-0.141984,-0.129811],[29.4581,125.153,24.9502],[3.53198,-132.37,72.5323],[29.3901,125.779,24.4452],0.266927,0.40183,0.640498,[[-0.305211,-0.862976,-0.402641],[0.593924,0.158002,-0.788853],[0.744379,-0.479905,0.464318]],63.72,[229.573,-16.7252,203.614],[28.5902,112.849,78.2478]],[117,"left",[-0.165969,0.636902,-0.752868],[0.961586,-0.0647497,-0.266756],[-106.463,194.52,90.3124],[-47.0941,75.8351,-38.5479],[-106.423,194.487,90.5826],0,0.497513,0.23595,[[-0.101571,-0.717631,-0.688977],[-0.632735,0.581027,-0.511912],[-0.767678,-0.383944,0.513086]],55.4815,[-284.202,69.4568,243.343],[-103.728,159.719,122.721]]],[[1160,[-0.324294,0.358123,-0.875546],116,52.1164,[-15.6097,181.133,1.55563],[-16.5743,178.868,2.44325],[-23.0929,-146.369,91.1708],false,[13.2237,139.047,82.5598],[13.2237,139.047,82.5598],[1.95145,173.121,47.8654],[-9.10554,185.331,18.0131],[-17.9004,177.85,-2.34407],[[[0.962089,-0.249729,-0.109639],[0.270122,0.816945,0.509545],[-0.0376792,-0.519843,0.85343]],[[0.925056,-0.0734292,-0.372666],[0.305415,0.7271,0.614855],[0.225817,-0.682593,0.695035]],[[0.925056,-0.0734292,-0.372666],[0.197751,0.930782,0.307471],[0.324294,-0.358123,0.875546]],[[0.925056,-0.0734292,-0.372666],[-0.0552516,0.944686,-0.323288],[0.375792,0.31965,0.86983]]],0],[1161,[-0.0766089,-0.351076,0.933208],116,58.8075,[-6.60691,137.676,30.7729],[-6.61489,135.539,31.7171],[6.36131,-143.801,91.4273],false,[34.8919,134.953,73.8644],[30.6452,152.619,2.57386],[-11.6914,146.614,-1.58714],[-13.5431,138.128,20.9689],[-4.43348,134.669,35.0033],[[[0.170646,-0.953982,-0.246572],[0.98364,0.179593,-0.0140898],[0.057724,-0.240134,0.969022]],[[0.164552,-0.927576,-0.335448],[0.0429455,0.346499,-0.937067],[0.985433,0.13979,0.0968522]],[[0.164552,-0.927576,-0.335448],[-0.983389,-0.127863,-0.128831],[0.0766089,0.351076,-0.933208]],[[0.164552,-0.927576,-0.335448],[-0.829849,-0.314018,0.461242],[-0.533174,0.202473,-0.82142]]],1],[1162,[-0.0970636,-0.123551,0.98758],116,67.0064,[-7.35242,128.505,37.1299],[-7.33661,126.389,38.0969],[9.46112,-143.189,90.0302],false,[38.6109,123.78,70.2662],[36.1542,131.248,0.942585],[-11.9453,131.341,-2.17395],[-14.7054,127.828,25.9093],[-4.96446,125.901,41.8636],[[[0.00667205,-0.994199,-0.107348],[0.999358,0.0104096,-0.0342948],[0.0352133,-0.10705,0.99363]],[[0.00609665,-0.99232,-0.123545],[0.0643983,0.12368,-0.99023],[0.997906,-0.00191899,0.0646578]],[[0.00609665,-0.99232,-0.123545],[-0.99526,0.00597078,-0.0970715],[0.0970636,0.123551,-0.98758]],[[0.00609665,-0.99232,-0.123545],[-0.855143,-0.0692163,0.513751],[-0.518356,0.102516,-0.848998]]],2],[1163,[-0.153181,0.089777,0.984112],116,64.4285,[-3.30187,116.498,39.3059],[-3.08159,114.602,40.3812],[13.6919,-141.601,93.7291],false,[39.5634,111.723,68.1078],[38.755,109.08,5.52882],[-5.586,111.488,0.595306],[-9.82943,113.975,27.8572],[-1.05118,114.759,44.332],[[[-0.0635737,-0.997053,0.0429357],[0.997894,-0.0640658,-0.0101845],[0.0129052,0.0421978,0.999026]],[[-0.0630364,-0.994724,0.0809333],[0.105474,-0.0872805,-0.990584],[0.992422,-0.0539064,0.11042]],[[-0.0630364,-0.994724,0.0809333],[-0.986186,0.0496373,-0.158032],[0.153181,-0.089777,-0.984112]],[[-0.0630364,-0.994724,0.0809333],[-0.880505,0.0936076,0.464703],[-0.469827,-0.041969,-0.88176]]],3],[1164,[-0.643937,-0.174585,-0.744893],116,50.5107,[-5.9567,76.4026,-40.6975],[-6.21249,76.222,-40.0932],[-11.717,-149.801,91.0102],false,[33.7788,98.7246,68.477],[36.5302,88.6219,11.445],[15.612,81.3975,-16.1324],[3.01741,77.9828,-30.7016],[-8.62738,75.3067,-43.1251],[[[-0.225654,-0.961085,0.159362],[0.973051,-0.214383,0.0849195],[-0.0474504,0.17423,0.983561]],[[-0.230276,-0.884242,0.406311],[0.772655,-0.419966,-0.47606],[0.591589,0.204313,0.779922]],[[-0.230276,-0.884242,0.406311],[0.729602,-0.43317,-0.529194],[0.643937,0.174585,0.744893]],[[-0.230276,-0.884242,0.406311],[0.700406,-0.440468,-0.561623],[0.675578,0.155255,0.720757]]],4],[1170,[-0.144291,0.989141,0.0279206],117,45.3781,[-101.59,265.1,139.263],[-100.435,263.746,139.373],[-53.729,-13.2749,95.0785],false,[-88.7636,176.281,137.391],[-88.7636,176.281,137.391],[-95.382,219.074,141.139],[-99.6656,248.439,141.968],[-102.201,268.547,139.848],[[[-0.980437,-0.126936,-0.150433],[-0.189298,0.398656,0.897351],[0.053935,-0.908273,0.414886]],[[-0.979647,-0.138813,-0.14499],[-0.130781,-0.106563,0.985668],[0.152274,-0.984569,-0.0862401]],[[-0.979647,-0.138813,-0.14499],[-0.13954,-0.048273,0.989039],[0.144291,-0.989141,-0.0279206]],[[-0.979647,-0.138813,-0.14499],[-0.157514,0.0838932,0.983947],[0.124421,-0.986759,0.104051]]],0],[1171,[0.543831,-0.745906,0.384541],117,51.2042,[-66.4299,211.121,85.6328],[-66.5338,210.945,85.5688],[-55.8929,93.4037,-38.9377],false,[-108.217,177.923,130.692],[-107.118,225.253,87.5412],[-75.6091,235.539,70.2008],[-64.164,219.841,78.2936],[-67.1657,208.59,87.5516],[[[-0.243408,-0.650378,-0.719556],[-0.969772,0.176304,0.168696],[-0.0171447,-0.738867,0.673633]],[[-0.240697,-0.577615,-0.780016],[-0.482244,0.7686,-0.420351],[-0.842322,-0.274981,0.463551]],[[-0.240697,-0.577615,-0.780016],[0.803936,0.331639,-0.493662],[-0.543831,0.745906,-0.384541]],[[-0.240697,-0.577615,-0.780016],[0.949395,-0.307181,-0.0654914],[0.201777,0.756307,-0.622322]]],1],[1172,[0.56777,-0.544818,0.617099],117,58.343,[-65.598,200.962,83.2448],[-65.6633,200.841,83.1552],[-53.2707,102.061,-64.677],false,[-112.227,171.665,122.965],[-113.136,210.704,76.4319],[-77.3147,222.131,57.7866],[-63.2569,208.641,73.0659],[-66.3651,198.823,85.7807],[[[-0.0745737,-0.764685,-0.640075],[-0.997103,0.0475475,0.0593663],[0.0149625,-0.642648,0.766015]],[[-0.0741778,-0.780457,-0.620793],[-0.515749,0.562816,-0.645942],[-0.853523,-0.272259,0.444268]],[[-0.0741778,-0.780457,-0.620793],[0.819839,0.306693,-0.483533],[-0.56777,0.544818,-0.617099]],[[-0.0741778,-0.780457,-0.620793],[0.978985,-0.175569,0.103746],[0.189962,0.600052,-0.777079]]],2],[1173,[0.590845,-0.434413,0.679844],117,56.0984,[-71.3811,186.653,78.8792],[-71.5248,186.467,78.8753],[-54.54,106.408,-84.5274],false,[-113.813,164.022,115.652],[-116.364,192.508,69.2109],[-83.6602,203.969,51.5321],[-69.4088,193.491,67.9301],[-72.0976,184.817,81.4279],[[[0.00382045,-0.852315,-0.523015],[-0.998898,-0.0277178,0.0378728],[0.0467763,-0.522294,0.851482]],[[0.00286874,-0.841521,-0.540217],[-0.54156,0.452834,-0.708276],[-0.840657,-0.294592,0.454435]],[[0.00286874,-0.841521,-0.540217],[0.80678,0.321135,-0.495962],[-0.590845,0.434413,-0.679844]],[[0.00286874,-0.841521,-0.540217],[0.986243,-0.0869039,0.140612],[0.165275,0.533189,-0.829695]]],3],[1174,[0.730482,0.228487,-0.643575],117,43.9801,[-75.2131,187.508,22.4859],[-75.6491,187.965,21.9174],[-101.133,215.424,-82.7376],false,[-109.479,154.354,109.224],[-115.247,174.819,63.4305],[-97.1653,181.448,39.4104],[-84.7252,185.339,28.4503],[-72.6427,188.823,20.2575],[[[0.174203,-0.890662,-0.41997],[-0.978061,-0.20598,0.0311404],[0.114241,-0.405331,0.907004]],[[0.201095,-0.972555,-0.117034],[-0.78398,-0.0881565,-0.614495],[-0.587313,-0.215324,0.780192]],[[0.201095,-0.972555,-0.117034],[-0.652653,-0.0439279,-0.756382],[-0.730482,-0.228487,0.643575]],[[0.201095,-0.972555,-0.117034],[-0.558072,-0.0155549,-0.829647],[-0.805057,-0.232151,0.545884]]],4]],[[0,200,0],[235.247,235.247,147.751]]],[382719,83406460572,[[116,"right",[0.121293,0.0874906,-0.988753],[-0.981487,-0.138178,-0.132628],[29.9135,123.787,27.7993],[16.4581,-137.723,139.571],[29.655,124.771,26.1426],0.266431,0.401562,0.549838,[[-0.320415,-0.864043,-0.388284],[0.582438,0.143562,-0.800098],[0.747061,-0.482515,0.457251]],63.72,[230.44,-18.1391,204.696],[28.7336,112.14,81.2381]],[117,"left",[-0.166113,0.660657,-0.732079],[0.957154,-0.0705524,-0.280854],[-106.621,195.293,88.7351],[-39.0052,78.6281,-76.1016],[-106.548,194.993,89.4241],0,0.498105,0.245375,[[-0.133236,-0.701562,-0.700042],[-0.634799,0.602843,-0.483333],[-0.761103,-0.379989,0.525671]],55.4815,[-282.914,70.2032,243.674],[-103.986,159.535,120.093]]],[[1160,[-0.318168,0.349263,-0.881354],116,52.1164,[-15.3574,179.901,2.70526],[-15.6987,177.491,4.42316],[9.88334,-148.703,126.441],false,[13.4928,138.472,85.1594],[13.4928,138.472,85.1594],[2.57451,172.182,49.9999],[-8.2736,184.091,19.9496],[-17.015,176.412,-0.356948],[[[0.961183,-0.256317,-0.102122],[0.272305,0.821608,0.500809],[-0.0444618,-0.509177,0.859513]],[[0.926363,-0.0831075,-0.367349],[0.306613,0.732833,0.607408],[0.218726,-0.675314,0.704351]],[[0.926363,-0.0831075,-0.367349],[0.201549,0.933332,0.297102],[0.318167,-0.349263,0.881354]],[[0.926363,-0.0831075,-0.367349],[-0.0484134,0.940984,-0.33497],[0.373508,0.328089,0.867669]]],0],[1161,[-0.0820587,-0.339348,0.937075],116,58.8075,[-6.43263,136.694,31.8345],[-6.11422,134.447,34.2803],[20.1143,-137.697,144.701],false,[35.1775,134.154,76.6152],[31.355,150.972,5.09589],[-10.9957,145.143,0.828301],[-12.9791,136.941,23.4778],[-3.94232,133.604,37.5887],[[[0.166489,-0.95784,-0.234143],[0.984673,0.174015,-0.0117076],[0.0519584,-0.228606,0.972132]],[[0.160933,-0.932418,-0.323569],[0.0487217,0.334948,-0.940976],[0.985762,0.135669,0.0993331]],[[0.160933,-0.932418,-0.323569],[-0.983548,-0.124254,-0.131125],[0.0820587,0.339348,-0.937075]],[[0.160933,-0.932418,-0.323569],[-0.833277,-0.304054,0.461737],[-0.528914,0.195314,-0.825895]]],1],[1162,[-0.102317,-0.111078,0.988531],116,67.0064,[-7.19138,127.576,38.2211],[-6.93242,125.382,40.7561],[19.1189,-134.628,146.391],false,[38.8511,122.917,73.1706],[36.753,129.553,3.75054],[-11.33,129.872,0.403935],[-14.2396,126.713,28.5142],[-4.5821,124.926,44.5354],[[[0.00165932,-0.995457,-0.0952026],[0.999546,0.00451402,-0.029778],[0.0300724,-0.09511,0.995012]],[[0.00116479,-0.993759,-0.111545],[0.0697367,0.111354,-0.991331],[0.997565,-0.00662409,0.0694311]],[[0.00116479,-0.993759,-0.111545],[-0.994751,0.0102615,-0.101808],[0.102317,0.111078,-0.988531]],[[0.00116479,-0.993759,-0.111545],[-0.857841,-0.0583176,0.510595],[-0.513913,0.0950932,-0.852555]]],2],[1163,[-0.1571,0.102537,0.982245],116,64.4285,[-3.14139,115.648,40.5023],[-2.75882,113.605,43.2344],[19.6503,-133.102,155.408],false,[39.7466,110.83,71.1636],[39.21,107.428,8.61839],[-5.09771,110.023,3.48456],[-9.44969,112.863,30.6947],[-0.751163,113.8,47.2038],[[[-0.0692882,-0.996092,0.0547768],[0.99756,-0.0696526,-0.0047697],[0.0085664,0.0543127,0.998487]],[[-0.0689127,-0.993309,0.0926701],[0.108752,-0.0998171,-0.989045],[0.991677,-0.0580797,0.114903]],[[-0.0689127,-0.993309,0.0926701],[-0.985175,0.0531307,-0.163115],[0.1571,-0.102537,-0.982245]],[[-0.0689127,-0.993309,0.0926701],[-0.882329,0.104034,0.45899],[-0.46556,-0.0501353,-0.883595]]],3],[1164,[-0.641327,-0.180384,-0.745762],116,50.5107,[-5.66582,74.9667,-38.5277],[-5.71921,74.2469,-36.8135],[6.46741,-169.098,166.333],false,[33.8885,97.869,71.6642],[36.8449,87.0562,14.7729],[16.0165,79.6029,-12.8116],[3.47294,76.0748,-27.3978],[-8.12631,73.3064,-39.8437],[[[-0.231698,-0.957818,0.170003],[0.971451,-0.218659,0.0920411],[-0.0509859,0.186475,0.981136]],[[-0.237022,-0.877854,0.416165],[0.772554,-0.430048,-0.46714],[0.589051,0.210787,0.78012]],[[-0.237022,-0.877854,0.416165],[0.72974,-0.44366,-0.520237],[0.641327,0.180384,0.745762]],[[-0.237022,-0.877854,0.416165],[0.700698,-0.451195,-0.552671],[0.672936,0.160611,0.722054]]],4],[1170,[-0.131053,0.989743,0.0568675],117,45.3781,[-101.228,264.571,139.581],[-99.1441,262.999,139.608],[2.32552,-32.9075,71.8933],false,[-88.6023,175.455,135.039],[-88.6023,175.455,135.039],[-94.5961,218.229,139.89],[-98.4867,247.612,141.578],[-100.795,267.803,140.087],[[[-0.983966,-0.108718,-0.141389],[-0.172329,0.375197,0.910786],[0.0459705,-0.920548,0.387916]],[[-0.983174,-0.122391,-0.135607],[-0.119797,-0.128424,0.984457],[0.137904,-0.984138,-0.111601]],[[-0.983174,-0.122391,-0.135607],[-0.127256,-0.0736823,0.989129],[0.131053,-0.989743,-0.0568675]],[[-0.983174,-0.122391,-0.135607],[-0.14332,0.0565451,0.98806],[0.113262,-0.99087,0.0731348]]],0],[1171,[0.533328,-0.765432,0.360105],117,51.2042,[-66.4667,211.25,84.5448],[-66.5357,211.175,84.0507],[-40.8813,72.0549,-72.2475],false,[-108.112,177.563,128.641],[-106.867,226.099,86.8559],[-75.3308,236.235,69.4756],[-64.1067,220.126,77.0541],[-67.1965,208.687,86.0496],[[[-0.261721,-0.62583,-0.734737],[-0.964948,0.184997,0.186149],[-0.0194264,-0.757702,0.652311]],[[-0.258795,-0.552933,-0.792017],[-0.47149,0.787946,-0.396029],[-0.843043,-0.270937,0.464619]],[[-0.258795,-0.552933,-0.792017],[0.805349,0.329211,-0.492984],[-0.533328,0.765432,-0.360105]],[[-0.258795,-0.552933,-0.792017],[0.943339,-0.320984,-0.0841509],[0.207695,0.768918,-0.604672]]],1],[1172,[0.570262,-0.569354,0.592147],117,58.343,[-65.7023,201.332,81.7983],[-65.8011,201.312,81.1523],[-42.3661,89.2436,-108.606],false,[-112.308,171.588,120.79],[-113.232,211.964,75.4119],[-77.5441,223.488,56.5723],[-63.4245,209.391,71.2337],[-66.4728,199.245,83.7032],[[[-0.093579,-0.744751,-0.660749],[-0.995496,0.0598496,0.0735294],[0.0152156,-0.664653,0.746997]],[[-0.0931724,-0.761022,-0.642],[-0.517906,0.587748,-0.62155],[-0.850348,-0.274584,0.4489]],[[-0.0931724,-0.761022,-0.642],[0.816162,0.310936,-0.48703],[-0.570262,0.569354,-0.592147]],[[-0.0931724,-0.761022,-0.642],[0.978065,-0.190612,0.0840047],[0.186302,0.62009,-0.762089]]],2],[1173,[0.592658,-0.462266,0.659596],117,56.0984,[-71.6731,187.086,77.3337],[-71.9495,187.084,76.6207],[-52.6552,96.2255,-129.423],false,[-114.095,164.182,113.281],[-116.813,194.032,67.7137],[-84.1629,205.531,49.96],[-69.8677,194.381,65.8697],[-72.517,185.36,79.1457],[[[-0.0150072,-0.836821,-0.54727],[-0.998645,-0.0147306,0.0499092],[0.0498267,-0.547278,0.835467]],[[-0.0160179,-0.825514,-0.564155],[-0.543492,0.480783,-0.688087],[-0.839262,-0.295592,0.456361]],[[-0.0160179,-0.825514,-0.564155],[0.805295,0.323786,-0.496652],[-0.592658,0.462266,-0.659596]],[[-0.0160179,-0.825514,-0.564155],[0.986521,-0.104944,0.125553],[0.16285,0.55454,-0.816067]]],3],[1174,[0.727938,0.236594,-0.643529],117,43.9801,[-76.1506,189.651,20.6792],[-76.6969,190.281,19.8644],[-104.602,226.545,-121.955],false,[-109.982,154.644,106.523],[-116.023,176.502,61.4141],[-98.1385,183.563,37.3694],[-85.7417,187.593,26.4101],[-73.6674,191.139,18.2318],[[[0.156073,-0.880524,-0.447569],[-0.980471,-0.193,0.0377952],[0.11966,-0.432929,0.89345]],[[0.185563,-0.971532,-0.147281],[-0.792534,-0.0593654,-0.606932],[-0.58091,-0.22935,0.780988]],[[0.185563,-0.971532,-0.147281],[-0.660055,-0.0122035,-0.751119],[-0.727938,-0.236594,0.643529]],[[0.185563,-0.971532,-0.147281],[-0.564207,0.0173721,-0.825451],[-0.804511,-0.23627,0.544921]]],4]],[[0,200,0],[235.247,235.247,147.751]]],[382720,83406469636,[[116,"right",[0.127682,0.0812044,-0.988485],[-0.981292,-0.134452,-0.137798],[29.8268,123.036,29.5146],[9.26921,-122.591,153.292],[29.7293,124.02,27.6015],0.265827,0.401387,0.552132,[[-0.329184,-0.864955,-0.378802],[0.57448,0.134926,-0.807321],[0.749407,-0.483371,0.452484]],63.72,[230.609,-18.8069,205.182],[28.2695,111.703,83.0115]],[117,"left",[-0.186803,0.674435,-0.714313],[0.952271,-0.0543757,-0.300373],[-107.144,196.081,87.4322],[-44.1685,80.9246,-94.79],[-106.86,195.562,88.3815],0,0.500326,0.253375,[[-0.150101,-0.695483,-0.70269],[-0.636627,0.611774,-0.469509],[-0.756423,-0.376878,0.534591]],55.4815,[-281.374,71.0874,243.63],[-103.546,159.688,117.952]]],[[1160,[-0.311086,0.345676,-0.885287],116,52.1164,[-15.1015,178.987,3.74705],[-15.3768,176.825,5.549],[16.8728,-128.311,125.859],false,[13.1268,138.128,86.6881],[13.1268,138.128,86.6881],[2.58327,171.684,51.2683],[-8.02341,183.47,21.0839],[-16.6756,175.716,0.767839],[[[0.960592,-0.261299,-0.0947923],[0.273052,0.823242,0.49771],[-0.0520144,-0.50398,0.862148]],[[0.928207,-0.0895374,-0.36113],[0.306298,0.7349,0.605065],[0.211218,-0.672238,0.709565]],[[0.928207,-0.0895374,-0.36113],[0.2041,0.934072,0.293005],[0.311086,-0.345676,0.885287]],[[0.928207,-0.0895374,-0.36113],[-0.0419231,0.939262,-0.340632],[0.369695,0.331317,0.868076]]],0],[1161,[-0.0883878,-0.333639,0.938548],116,58.8075,[-6.34275,135.985,32.809],[-6.16907,133.89,35.7268],[13.1416,-116.666,149.001],false,[34.8428,133.66,78.301],[31.5311,150.081,6.66398],[-10.8209,144.415,2.19443],[-12.9573,136.351,24.8795],[-4.00922,133.056,39.0566],[[[0.163486,-0.959933,-0.227599],[0.985518,0.169437,-0.00672003],[0.0450145,-0.223205,0.973732]],[[0.158575,-0.934932,-0.31742],[0.0554032,0.329407,-0.942561],[0.985791,0.131881,0.104034]],[[0.158575,-0.934932,-0.31742],[-0.983383,-0.120775,-0.135544],[0.0883878,0.333639,-0.938548]],[[0.158575,-0.934932,-0.31742],[-0.837002,-0.297819,0.459054],[-0.523719,0.192887,-0.829767]]],1],[1162,[-0.108865,-0.104995,0.988496],116,67.0064,[-7.13629,126.917,39.2051],[-7.08801,124.872,42.2348],[9.01512,-113.037,150.935],false,[38.4853,122.387,74.9436],[36.8383,128.63,5.47503],[-11.2211,129.151,1.82851],[-14.3168,126.166,29.9378],[-4.76452,124.425,46.027],[[[-0.0023537,-0.995989,-0.0894492],[0.999719,-0.00023206,-0.0237219],[0.023606,-0.0894799,0.995709]],[[-0.00274418,-0.994371,-0.105921],[0.0763726,0.105404,-0.991492],[0.997076,-0.0108103,0.0756534]],[[-0.00274418,-0.994371,-0.105921],[-0.994053,0.0142437,-0.107964],[0.108865,0.104995,-0.988496]],[[-0.00274418,-0.994371,-0.105921],[-0.861165,-0.0514922,0.505711],[-0.508318,0.0926034,-0.856176]]],2],[1163,[-0.161612,0.108809,0.980837],116,64.4285,[-3.09527,115.043,41.5599],[-2.96372,113.09,44.831],[8.33998,-112.009,161.314],false,[39.3372,110.285,73.0119],[39.1638,106.523,10.4852],[-5.10283,109.294,5.09538],[-9.57981,112.308,32.2665],[-0.962957,113.298,48.8153],[[[-0.0742105,-0.99543,0.060097]