{"metadata":{"formatVersion":2,"generatedBy":"LeapJS Playback 0.2.1","frames":135,"protocolVersion":6,"serviceVersion":"2.2.5+26752","frameRate":"92","modified":"Wed Apr 22 2015 20:42:29 GMT-0300 (E. South America Standard Time)"},"frames":[["id","timestamp",{"hands":[["id","type","direction","palmNormal","palmPosition","palmVelocity","stabilizedPalmPosition","pinchStrength","grabStrength","confidence","armBasis","armWidth","elbow","wrist"]]},{"pointables":[["id","direction","handId","length","stabilizedTipPosition","tipPosition","tipVelocity","tool","carpPosition","mcpPosition","pipPosition","dipPosition","btipPosition","bases","type"]]},{"interactionBox":["center","size"]}],[382421,83403251952,[[116,"right",[0.0737874,0.106359,-0.991586],[-0.996952,-0.0174049,-0.0760535],[32.3261,140.082,68.8156],[-9.90428,148.515,97.9071],[36.3217,131.554,54.0316],0.457307,0.700332,0.537612,[[-0.409009,-0.835213,-0.367602],[0.54203,0.101713,-0.834181],[0.734108,-0.540439,0.411109]],63.72,[231.051,-19.0836,232.891],[32.8417,126.835,121.891]],[117,"left",[-0.135673,0.466752,-0.873919],[0.948327,-0.194184,-0.250937],[-113.263,159.774,36.3334],[37.6443,-148.76,-166.621],[-111.995,174.39,71.5007],0,0.751253,0.566844,[[-0.287144,-0.862872,-0.415933],[-0.693969,0.486701,-0.530594],[-0.660269,-0.136287,0.73856]],55.4815,[-267.578,100.792,249.233],[-112.354,132.832,75.6044]]],[[1160,[-0.301698,0.286507,-0.909336],116,52.1164,[-4.11731,176.352,32.7735],[-6.11625,185.284,43.2424],[-9.60755,142.556,92.942],false,[21.0995,154.625,127.449],[21.0995,154.625,127.449],[12.084,183.701,87.8884],[1.79744,193.47,56.884],[-8.30669,182.512,38.8409],[[[0.916299,-0.363732,-0.167618],[0.396655,0.766382,0.505296],[-0.0553331,-0.529488,0.846511]],[[0.902,-0.223173,-0.36958],[0.392143,0.781607,0.485091],[0.180607,-0.582481,0.792526]],[[0.902,-0.223173,-0.36958],[0.308826,0.931723,0.191099],[0.301698,-0.286507,0.909336]],[[0.902,-0.223173,-0.36958],[-0.00098811,0.854964,-0.518686],[0.431734,0.46822,0.770958]]],0],[1161,[-0.0906624,-0.344978,0.934222],116,58.8075,[5.96972,149.93,56.1636],[-2.1149,155.334,78.0094],[-20.2698,137.99,86.6372],false,[41.5872,148.085,117.481],[35.6898,167.668,46.8115],[-7.212,167.054,44.6137],[-9.40335,158.716,67.1942],[-0.397258,153.989,80.9222],[[[0.0373767,-0.962204,-0.269753],[0.996081,0.0575273,-0.0671831],[0.080162,-0.266185,0.960583]],[[0.0310341,-0.938608,-0.343586],[0.0431058,0.344689,-0.937727],[0.998588,0.0142909,0.0511565]],[[0.0310341,-0.938608,-0.343586],[-0.995398,0.00215764,-0.0958025],[0.0906624,0.344978,-0.934222]],[[0.0310341,-0.938608,-0.343586],[-0.849227,-0.206045,0.486168],[-0.527116,0.276695,-0.803485]]],1],[1162,[-0.0765018,-0.111678,0.990795],116,67.0064,[4.80316,140.553,59.815],[-3.52521,146.307,83.2354],[-15.8526,139.362,83.5303],false,[43.6909,136.619,113.515],[38.4096,145.822,44.5587],[-9.36413,151.973,42.7923],[-11.5396,148.797,70.967],[-1.32313,145.638,86.4196],[[[-0.122496,-0.984934,-0.122063],[0.989578,-0.111831,-0.0907151],[0.0756981,-0.131903,0.988368]],[[-0.122375,-0.985143,-0.12049],[0.0514767,0.114939,-0.992038],[0.991148,-0.127603,0.0366463]],[[-0.122375,-0.985143,-0.12049],[-0.989531,0.130466,-0.0616986],[0.0765018,0.111678,-0.990795]],[[-0.122375,-0.985143,-0.12049],[-0.830337,0.0351235,0.556153],[-0.543658,0.168107,-0.822299]]],2],[1163,[-0.0735772,0.085419,0.993625],116,64.4285,[8.62104,128.648,60.1043],[-0.0110549,133.192,86.5435],[-12.573,138.065,83.7979],false,[43.0223,124.586,111.13],[38.4876,123.408,48.6659],[-5.43371,131.392,46.8099],[-7.47195,133.758,74.3353],[2.3742,133.085,90.2001],[[[-0.184269,-0.982358,0.0319024],[0.980206,-0.186062,-0.0676509],[0.0723932,0.018805,0.997199]],[[-0.181295,-0.98087,0.0708977],[0.0280769,-0.0772255,-0.996618],[0.983028,-0.178691,0.0415403]],[[-0.181295,-0.98087,0.0708977],[-0.980673,0.174923,-0.0876557],[0.0735772,-0.085419,-0.993625]],[[-0.181295,-0.98087,0.0708977],[-0.830314,0.191301,0.523433],[-0.526983,0.0360284,-0.849112]]],3],[1164,[-0.809527,0.025972,-0.586508],116,50.5107,[-15.4781,94.4585,1.05277],[-19.2992,103.192,12.2182],[-8.00698,180.418,104.454],false,[35.6994,112.393,111.637],[34.0688,103.257,54.3993],[7.0437,102.635,31.6061],[-8.78968,103.143,20.1347],[-23.1544,104.031,10.6492],[[[-0.33406,-0.929242,0.157839],[0.942132,-0.334192,0.0265024],[0.0281215,0.157559,0.987109]],[[-0.316523,-0.860696,0.398767],[0.561832,-0.508815,-0.652267],[0.764302,0.0175828,0.644619]],[[-0.316523,-0.860696,0.398767],[0.494448,-0.508456,-0.704978],[0.809527,-0.025972,0.586508]],[[-0.316523,-0.860696,0.398767],[0.453104,-0.506506,-0.733586],[0.833373,-0.0515141,0.550305]]],4],[1170,[-0.0364401,0.900391,-0.433553],117,45.3781,[-93.8833,232.1,110.009],[-100.741,235.603,62.3197],[45.8193,-107.974,-259.187],false,[-95.9126,151.032,86.1817],[-95.9126,151.032,86.1817],[-99.0735,193.762,78.886],[-100.155,220.492,66.0149],[-101.56,240.415,61.97],[[[-0.990101,-0.082429,-0.113599],[-0.14032,0.599066,0.788308],[-0.00307368,-0.796445,0.604703]],[[-0.990073,-0.0914616,-0.106729],[-0.120281,0.158431,0.980016],[0.0727246,-0.983125,0.167859]],[[-0.990073,-0.0914616,-0.106729],[-0.135752,0.42536,0.894785],[0.0364401,-0.900391,0.433553]],[[-0.990073,-0.0914616,-0.106729],[-0.122502,0.189173,0.974273],[0.0689182,-0.977675,0.198499]]],0],[1171,[0.34481,-0.648165,0.678962],117,51.2042,[-72.101,185.648,67.272],[-73.9106,168.253,34.4973],[24.7876,-177.488,-147.539],false,[-115.336,152.627,79.3883],[-111.747,189.108,26.8557],[-77.6344,186.886,11.6661],[-70.3777,173.245,25.9551],[-75.2819,166.112,38.0541],[[[-0.305534,-0.772189,-0.557111],[-0.950531,0.281781,0.130732],[-0.0560336,-0.569494,0.820083]],[[-0.304437,-0.761443,-0.572296],[-0.275188,0.645504,-0.712458],[-0.911915,0.0594097,0.406055]],[[-0.304437,-0.761443,-0.572296],[0.887933,-0.00936788,-0.459878],[-0.34481,0.648165,-0.678962]],[[-0.304437,-0.761443,-0.572296],[0.893669,-0.436258,0.10505],[0.329658,0.479462,-0.813291]]],1],[1172,[0.396694,-0.451378,0.799307],117,58.343,[-72.0998,174.832,65.7829],[-73.7436,158.334,34.3496],[34.0374,-161.102,-156.554],false,[-119.957,145.147,73.2528],[-119.044,172.973,19.2603],[-79.9166,173.979,4.11478],[-70.0945,162.803,23.9055],[-75.0763,156.668,38.233],[[[-0.143747,-0.878677,-0.455262],[-0.9895,0.134605,0.0526363],[-0.0150301,-0.458048,0.8888]],[[-0.144096,-0.890576,-0.431405],[-0.331729,0.454202,-0.826835],[-0.932305,-0.0239655,0.360879]],[[-0.144096,-0.890576,-0.431405],[0.906571,0.0559584,-0.418328],[-0.396694,0.451378,-0.799307]],[[-0.144096,-0.890576,-0.431405],[0.941561,-0.257524,0.217126],[0.304464,0.374907,-0.875641]]],2],[1173,[0.455829,-0.322326,0.829654],117,56.0984,[-77.9353,161.284,61.4382],[-79.5968,144.987,32.5945],[34.1136,-159.056,-144.487],false,[-122.252,136.227,67.8132],[-123.74,153.933,16.2473],[-87.8069,156.396,1.54433],[-76.8121,148.621,21.5559],[-80.7561,143.695,36.5504],[[[-0.0693872,-0.944136,-0.322169],[-0.997217,0.056813,0.0482815],[0.0272809,-0.324623,0.94545]],[[-0.0695494,-0.942174,-0.327829],[-0.376844,0.329088,-0.865846],[-0.923662,-0.063321,0.37794]],[[-0.0695494,-0.942174,-0.327829],[0.887346,0.0917319,-0.451888],[-0.455829,0.322326,-0.829654]],[[-0.0695494,-0.942174,-0.327829],[0.967672,-0.143581,0.207356],[0.242435,0.302809,-0.921701]]],3],[1174,[0.818937,0.0677363,-0.569871],117,43.9801,[-78.6515,158.724,-3.29071],[-78.5786,138.72,-22.7694],[26.2294,-235.011,-151.107],false,[-118.772,125.085,63.6529],[-124.035,135.373,14.505],[-102.61,136.7,-7.5646],[-88.6632,137.853,-17.2695],[-75.5083,139.068,-24.3914],[[[0.0999659,-0.971684,-0.214098],[-0.989515,-0.119631,0.0809221],[0.104243,-0.203763,0.973455]],[[0.124758,-0.990274,0.0615781],[-0.70721,-0.132284,-0.694518],[-0.695909,-0.0430982,0.716835]],[[0.124758,-0.990274,0.0615781],[-0.560158,-0.121525,-0.819423],[-0.818937,-0.0677363,0.569871]],[[0.124758,-0.990274,0.0615781],[-0.464932,-0.113175,-0.878083],[-0.876512,-0.0809184,0.47453]]],4]],[[0,200,0],[235.247,235.247,147.751]]],[382422,83403270465,[[116,"right",[0.0747285,0.132773,-0.988325],[-0.996617,-0.0240539,-0.0785869],[32.8148,143.926,70.6952],[7.63939,177.105,99.6578],[35.8945,133.062,56.0616],0.457941,0.71501,0.542156,[[-0.401169,-0.825574,-0.396852],[0.552357,0.127587,-0.823786],[0.73073,-0.549681,0.404827]],63.72,[230.643,-19.1066,232.713],[33.3456,129.307,123.409]],[117,"left",[-0.132844,0.453002,-0.881556],[0.949471,-0.197015,-0.244317],[-112.166,155.897,34.2925],[48.0677,-178.069,-139.372],[-112.001,173.722,70.1571],0,0.748521,0.599154,[[-0.281666,-0.868936,-0.406957],[-0.696171,0.476945,-0.536535],[-0.660311,-0.132188,0.739267]],55.4815,[-266.612,98.4919,247.775],[-111.379,129.568,73.9797]]],[[1160,[-0.302447,0.307029,-0.902363],116,52.1164,[-4.39425,178.427,34.9087],[-5.96297,189.419,46.2142],[-0.91904,181.674,125.581],false,[21.3512,156.84,129.664],[21.3512,156.84,129.664],[12.1632,186.852,90.8476],[1.85113,197.32,60.081],[-8.1215,186.735,41.7442],[[[0.919748,-0.351294,-0.175088],[0.389007,0.756374,0.5259],[-0.0523141,-0.551806,0.83233]],[[0.904637,-0.205763,-0.37322],[0.384386,0.772144,0.506005],[0.184063,-0.601211,0.777603]],[[0.904637,-0.205763,-0.37322],[0.300262,0.929191,0.215517],[0.302447,-0.307029,0.902363]],[[0.904637,-0.205763,-0.37322],[-0.00757986,0.867822,-0.496818],[0.426115,0.452269,0.783504]]],0],[1161,[-0.0904562,-0.370634,0.924364],116,58.8075,[5.54976,150.366,57.3911],[-1.81017,158.616,80.1863],[-2.48812,157.146,101.409],false,[41.914,150.74,119.572],[35.9794,172.104,49.4234],[-6.91042,171.188,47.1015],[-9.09679,162.23,69.4437],[-0.0915992,157.21,83.0681],[[[0.0462688,-0.954495,-0.294615],[0.995667,0.0678827,-0.0635589],[0.080666,-0.290398,0.9535]],[[0.0397981,-0.928773,-0.368507],[0.0423349,0.370036,-0.928052],[0.998311,0.021334,0.0540462]],[[0.0397981,-0.928773,-0.368507],[-0.995105,-0.00345414,-0.0987637],[0.0904562,0.370634,-0.924364]],[[0.0397981,-0.928773,-0.368507],[-0.848894,-0.225962,0.477829],[-0.527063,0.293807,-0.797422]]],1],[1162,[-0.0774464,-0.137995,0.9874],116,67.0064,[4.37301,141.033,61.1478],[-3.11783,149.47,85.1653],[2.61866,154.82,93.5404],false,[44.1249,139.4,115.313],[38.8938,150.349,46.6088],[-8.92684,156.133,44.8726],[-11.1291,152.209,72.9507],[-0.90799,148.738,88.3334],[[[-0.113678,-0.982447,-0.147904],[0.990684,-0.100855,-0.0915028],[0.0749797,-0.156928,0.98476]],[[-0.113551,-0.98271,-0.146246],[0.0529459,0.141004,-0.988592],[0.99212,-0.119999,0.0360193]],[[-0.113551,-0.98271,-0.146246],[-0.990509,0.123447,-0.0604378],[0.0774464,0.137995,-0.9874]],[[-0.113551,-0.98271,-0.146246],[-0.831425,0.0134054,0.555475],[-0.54391,0.184668,-0.818572]]],2],[1163,[-0.0754206,0.058742,0.99542],116,64.4285,[8.24862,129.008,61.4175],[0.528734,136.295,88.1727],[7.81781,152.286,85.9187],false,[43.5657,127.428,112.615],[39.1593,127.837,50.1316],[-4.82663,135.486,48.4014],[-6.91593,137.114,75.9765],[2.92019,136.11,91.8301],[[[-0.175761,-0.984415,0.00594476],[0.981916,-0.17574,-0.0703974],[0.070345,-0.00653588,0.997501]],[[-0.172875,-0.983917,0.0449649],[0.0304039,-0.0509614,-0.998238],[0.984474,-0.171203,0.0387248]],[[-0.172875,-0.983917,0.0449649],[-0.982052,0.168692,-0.0843626],[0.0754206,-0.058742,-0.99542]],[[-0.172875,-0.983917,0.0449649],[-0.832447,0.170357,0.527266],[-0.526446,0.05372,-0.848509]]],3],[1164,[-0.81247,0.0395238,-0.581662],116,50.5107,[-16.5734,98.7338,4.85941],[-18.6323,108.394,13.3801],[12.3653,229.781,85.8416],false,[36.3484,115.162,112.789],[34.9055,107.506,55.3294],[7.77003,107.44,32.6593],[-8.12091,108.213,21.2827],[-22.5332,109.31,11.8917],[[[-0.326247,-0.935895,0.132904],[0.944957,-0.326596,0.0197895],[0.024885,0.132045,0.990931]],[[-0.309987,-0.874266,0.373587],[0.561223,-0.485444,-0.670353],[0.767422,0.00186442,0.641139]],[[-0.309987,-0.874266,0.373587],[0.493761,-0.483836,-0.722567],[0.81247,-0.0395238,0.581662]],[[-0.309987,-0.874266,0.373587],[0.452534,-0.481255,-0.750737],[0.836134,-0.0636582,0.544818]]],4],[1170,[-0.0345806,0.894194,-0.446342],117,45.3781,[-93.9038,232.101,109.847],[-99.8178,232.189,59.3656],[49.6276,-144.532,-209.984],false,[-94.9964,147.948,84.3355],[-94.9964,147.948,84.3355],[-98.1601,190.613,76.672],[-99.1867,217.16,63.4213],[-100.558,236.996,58.9608],[[[-0.989578,-0.0852609,-0.116041],[-0.143924,0.611059,0.778391],[-0.00454145,-0.78698,0.616962]],[[-0.989574,-0.093114,-0.109875],[-0.124275,0.166483,0.978181],[0.0727901,-0.981638,0.176319]],[[-0.989574,-0.093114,-0.109875],[-0.13981,0.437889,0.888091],[0.0345806,-0.894194,0.446342]],[[-0.989574,-0.093114,-0.109875],[-0.127337,0.209216,0.969543],[0.0672904,-0.973426,0.218892]]],0],[1171,[0.327889,-0.637152,0.697514],117,51.2042,[-72.1977,183.872,64.5883],[-73.0234,164.086,32.9887],[34.99,-201.705,-112.892],false,[-114.396,149.417,77.4449],[-110.645,185.083,24.367],[-76.2991,182.255,9.8176],[-69.3986,168.846,24.497],[-74.4709,161.954,36.6659],[[[-0.302624,-0.781065,-0.546221],[-0.95131,0.282735,0.122761],[-0.0585514,-0.556775,0.828597]],[[-0.301451,-0.770299,-0.561931],[-0.257127,0.633187,-0.730041],[-0.918157,0.0755841,0.38894]],[[-0.301451,-0.770299,-0.561931],[0.89533,-0.0260155,-0.444643],[-0.327889,0.637152,-0.697514]],[[-0.301451,-0.770299,-0.561931],[0.890434,-0.43818,0.122982],[0.34096,0.46329,-0.817991]]],1],[1172,[0.387343,-0.439508,0.810431],117,58.343,[-72.1572,173.406,63.5593],[-72.7307,154.345,32.7516],[43.5844,-187.983,-120.871],false,[-118.986,141.837,71.4087],[-117.897,168.824,16.9951],[-78.6037,169.501,2.26589],[-69.0131,158.619,22.332],[-74.106,152.707,36.7141],[[[-0.141113,-0.885785,-0.442123],[-0.989831,0.134324,0.0468104],[-0.0179237,-0.444233,0.895732]],[[-0.141529,-0.896981,-0.418801],[-0.321563,0.441774,-0.837516],[-0.936251,-0.0161379,0.35096]],[[-0.141529,-0.896981,-0.418801],[0.911008,0.04752,-0.409643],[-0.387343,0.439508,-0.810431]],[[-0.141529,-0.896981,-0.418801],[0.939729,-0.254754,0.228056],[0.311253,0.361283,-0.878974]]],2],[1173,[0.452121,-0.308947,0.836743],117,56.0984,[-77.9923,159.848,59.3221],[-78.4913,141.08,30.9524],[46.5033,-183.963,-117.548],false,[-121.251,132.832,66.0995],[-122.562,149.734,14.26],[-86.5628,151.996,-0.31391],[-75.6575,144.544,19.8686],[-79.6645,139.85,34.9206],[[[-0.0671906,-0.949091,-0.307752],[-0.997451,0.0564657,0.0436333],[0.0240345,-0.309899,0.950466]],[[-0.0673315,-0.947243,-0.313365],[-0.373083,0.315197,-0.872617],[-0.925352,-0.0581567,0.374623]],[[-0.0673315,-0.947243,-0.313365],[0.889412,0.08534,-0.44907],[-0.452121,0.308947,-0.836743]],[[-0.0673315,-0.947243,-0.313365],[0.96685,-0.139482,0.213885],[0.246309,0.288576,-0.925233]]],3],[1174,[0.818878,0.0594389,-0.570882],117,43.9801,[-78.1361,149.36,-11.32],[-77.2972,133.965,-24.4302],[45.9697,-245.814,-122.879],false,[-117.743,121.63,62.1256],[-122.831,131.149,12.8046],[-101.36,132.156,-9.23754],[-87.4144,133.169,-18.9597],[-74.2687,134.279,-26.1153],[[[0.10178,-0.974776,-0.198628],[-0.98969,-0.119442,0.0790342],[0.100765,-0.188536,0.976883]],[[0.125525,-0.989092,0.0770719],[-0.705611,-0.143618,-0.693892],[-0.697392,-0.0327179,0.715942]],[[0.125525,-0.989092,0.0770719],[-0.560074,-0.134772,-0.817407],[-0.818878,-0.0594389,0.570882]],[[0.125525,-0.989092,0.0770719],[-0.465879,-0.127355,-0.875635],[-0.8759,-0.0740078,0.476783]]],4]],[[0,200,0],[235.247,235.247,147.751]]],[382423,83403279152,[[116,"right",[0.0813315,0.140935,-0.986672],[-0.995507,-0.036669,-0.0872975],[32.4345,145.676,71.2308],[-6.05984,183.589,89.5312],[35.6456,133.969,57.1531],0.458218,0.724561,0.520369,[[-0.395582,-0.821332,-0.41101],[0.557529,0.140876,-0.818117],[0.729847,-0.552782,0.402188]],63.72,[229.771,-18.5687,232.432],[32.7128,130.683,123.841]],[117,"left",[-0.136215,0.447861,-0.883666],[0.950477,-0.192443,-0.244048],[-111.793,154.391,33.5807],[46.7018,-176.818,-124.068],[-111.995,173.166,69.1042],0,0.747427,0.605138,[[-0.277887,-0.872862,-0.401112],[-0.697313,0.470487,-0.540737],[-0.660707,-0.129437,0.7394]],55.4815,[-266.144,97.8328,247.222],[-110.818,128.262,73.3958]]],[[1160,[-0.298831,0.309365,-0.90277],116,52.1164,[-4.59373,179.53,35.96],[-6.73167,190.817,46.7395],[-24.0997,176.204,108.286],false,[20.3008,158.008,130.19],[20.3008,158.008,130.19],[11.0466,188.174,91.5096],[0.857788,198.722,60.7291],[-8.8167,188.134,42.2351],[[[0.925789,-0.337809,-0.169707],[0.374445,0.757612,0.534618],[-0.0520262,-0.558489,0.827879]],[[0.910438,-0.191101,-0.366857],[0.369776,0.773491,0.514759],[0.185389,-0.604311,0.77488]],[[0.910438,-0.191101,-0.366857],[0.286013,0.931544,0.224551],[0.298831,-0.309365,0.90277]],[[0.910438,-0.191101,-0.366857],[-0.0149548,0.871098,-0.490882],[0.413376,0.452403,0.790222]]],0],[1161,[-0.0937973,-0.37881,0.920709],116,58.8075,[5.29309,150.648,58.0921],[-2.47713,159.829,80.519],[-22.1255,152.42,84.4554],false,[41.0276,152.254,120.231],[35.4044,174.048,50.1892],[-7.44792,172.586,47.4853],[-9.71504,163.43,69.7392],[-0.766503,158.424,83.4061],[[[0.061451,-0.951631,-0.301034],[0.995179,0.081514,-0.0545338],[0.0764346,-0.296232,0.952053]],[[0.0552396,-0.925342,-0.375088],[0.0454725,0.377604,-0.92485],[0.997437,0.0340322,0.0629363]],[[0.0552396,-0.925342,-0.375088],[-0.994058,-0.0156774,-0.10772],[0.0937973,0.37881,-0.920709]],[[0.0552396,-0.925342,-0.375088],[-0.850081,-0.240638,0.468461],[-0.523747,0.292978,-0.799908]]],1],[1162,[-0.0831104,-0.14624,0.985752],116,67.0064,[4.11436,141.338,61.9058],[-3.67605,150.635,85.4467],[-14.6987,149.2,77.9917],false,[43.4252,140.976,115.911],[38.6315,152.353,47.2439],[-9.24789,157.51,45.1814],[-11.6113,153.351,73.2127],[-1.46771,149.906,88.652],[[[-0.0993476,-0.982764,-0.155904],[0.992678,-0.0870676,-0.0837267],[0.0687094,-0.16308,0.984217]],[[-0.0992289,-0.983043,-0.154205],[0.0585613,0.148932,-0.987112],[0.99334,-0.10698,0.04279]],[[-0.0992289,-0.983043,-0.154205],[-0.991588,0.110631,-0.0671898],[0.0831104,0.14624,-0.985752]],[[-0.0992289,-0.983043,-0.154205],[-0.835937,-0.0017109,0.548822],[-0.53978,0.183365,-0.821593]]],2],[1163,[-0.0838752,0.0503667,0.995203],116,64.4285,[8.01936,129.253,62.1922],[0.12758,137.49,88.3787],[-6.29275,148.292,69.4452],false,[43.0481,129.017,113.122],[39.1664,129.822,50.6077],[-4.90143,136.902,48.5649],[-7.22494,138.297,76.134],[2.50321,137.306,92.0548],[[[-0.162701,-0.986672,-0.00261028],[0.984728,-0.162213,-0.063234],[0.0619678,-0.0128587,0.997995]],[[-0.160153,-0.98642,0.0364246],[0.0393272,-0.043248,-0.99829],[0.986308,-0.158447,0.0457195]],[[-0.160153,-0.98642,0.0364246],[-0.983522,0.15633,-0.0908026],[0.0838752,-0.0503667,-0.995203]],[[-0.160153,-0.98642,0.0364246],[-0.838604,0.155433,0.522096],[-0.520667,0.0530695,-0.852109]]],3],[1164,[-0.810665,0.0364464,-0.584374],116,50.5107,[-16.9815,100.901,6.53208],[-18.2113,110.08,13.4406],[20.6717,221.08,66.0049],false,[35.9933,116.656,113.146],[35.1394,109.399,55.6231],[8.094,109.262,32.8459],[-7.76164,109.975,21.4163],[-22.1493,111.008,11.9803],[[[-0.31489,-0.941072,0.123399],[0.949014,-0.314197,0.0255505],[0.0147266,0.125153,0.992028]],[[-0.301611,-0.881446,0.363432],[0.569206,-0.472268,-0.673029],[0.764876,0.00387432,0.644166]],[[-0.301611,-0.881446,0.363432],[0.501849,-0.470876,-0.725551],[0.810665,-0.0364464,0.584375]],[[-0.301611,-0.881446,0.363432],[0.460758,-0.468469,-0.753816],[0.834705,-0.0599052,0.547429]]],4],[1170,[-0.039153,0.892295,-0.449752],117,45.3781,[-93.9176,232.099,109.736],[-99.859,230.915,58.4107],[36.818,-144.86,-182.391],false,[-94.54,146.792,83.6494],[-94.54,146.792,83.6494],[-97.9402,189.435,75.9635],[-99.1025,215.925,62.6116],[-100.566,235.72,58.002],[[[-0.989124,-0.0918339,-0.114893],[-0.147083,0.613983,0.775494],[0.000674216,-0.783959,0.620812]],[[-0.989081,-0.0986046,-0.109525],[-0.124894,0.166336,0.978128],[0.07823,-0.981127,0.176835]],[[-0.989081,-0.0986046,-0.109525],[-0.142076,0.440553,0.886413],[0.039153,-0.892295,0.449752]],[[-0.989081,-0.0986046,-0.109525],[-0.128701,0.215876,0.967902],[0.0717958,-0.971429,0.22621]]],0],[1171,[0.328155,-0.631662,0.702366],117,51.2042,[-72.239,182.813,63.0599],[-72.7627,162.72,32.3641],[33.5899,-189.946,-101.535],false,[-113.953,148.109,76.766],[-110.457,183.536,23.5113],[-76.0582,180.736,9.08055],[-69.152,167.442,23.8621],[-74.2091,160.595,36.0629],[[[-0.29826,-0.785555,-0.542166],[-0.952923,0.277554,0.122075],[-0.0545834,-0.553052,0.831357]],[[-0.29716,-0.774821,-0.557986],[-0.257132,0.627733,-0.734734],[-0.919554,0.0748575,0.385769]],[[-0.29716,-0.774821,-0.557986],[0.896666,-0.0256089,-0.441966],[-0.328155,0.631662,-0.702366]],[[-0.29716,-0.774821,-0.557986],[0.892267,-0.43339,0.126622],[0.339935,0.460246,-0.820133]]],1],[1172,[0.385903,-0.43386,0.814153],117,58.343,[-72.1769,172.547,62.2887],[-72.4174,152.992,32.1936],[41.1899,-179.994,-104.407],false,[-118.501,140.472,70.7704],[-117.614,167.197,16.2245],[-78.2662,167.954,1.6469],[-68.7113,157.212,21.8052],[-73.8058,151.345,36.2049],[[[-0.136043,-0.888781,-0.437676],[-0.990595,0.128541,0.0468807],[-0.0145925,-0.439937,0.89791]],[[-0.136369,-0.899645,-0.41478],[-0.319966,0.43625,-0.841016],[-0.937563,-0.0180274,0.347347]],[[-0.136369,-0.899645,-0.41478],[0.912405,0.0490397,-0.40634],[-0.385903,0.43386,-0.814153]],[[-0.136369,-0.899645,-0.41478],[0.940459,-0.249155,0.231212],[0.311353,0.358554,-0.880056]]],2],[1173,[0.454193,-0.302101,0.838119],117,56.0984,[-78.0047,158.999,58.1276],[-78.04,139.757,30.3071],[48.0304,-175.465,-106.036],false,[-120.715,131.427,65.507],[-122.165,148.067,13.5863],[-86.1854,150.471,-1.01202],[-75.2301,143.184,19.2037],[-79.2028,138.54,34.2805],[[[-0.0616424,-0.950979,-0.303051],[-0.997744,0.0506233,0.0440905],[0.0265877,-0.305085,0.951954]],[[-0.0617976,-0.949169,-0.30864],[-0.375253,0.308638,-0.87403],[-0.92486,-0.0618049,0.375251]],[[-0.0617976,-0.949169,-0.30864],[0.888758,0.0883881,-0.449775],[-0.454193,0.302101,-0.838119]],[[-0.0617976,-0.949169,-0.30864],[0.967753,-0.132642,0.214148],[0.244201,0.285453,-0.926759]]],3],[1174,[0.81727,0.0614252,-0.572972],117,43.9801,[-77.8313,145.293,-14.6436],[-76.8572,132.381,-25.0935],[46.7524,-229.077,-111.103],false,[-117.142,120.228,61.5854],[-122.322,129.474,12.2221],[-100.888,130.501,-9.85451],[-86.9699,131.547,-19.6122],[-73.8497,132.699,-26.8081],[[[0.107558,-0.975102,-0.193927],[-0.988891,-0.125059,0.0803468],[0.102599,-0.18313,0.97772]],[[0.131581,-0.987927,0.0817724],[-0.705678,-0.151282,-0.692194],[-0.696208,-0.0333743,0.717064]],[[0.131581,-0.987927,0.0817724],[-0.561032,-0.142222,-0.815485],[-0.81727,-0.0614252,0.572972]],[[0.131581,-0.987927,0.0817724],[-0.467396,-0.134573,-0.873745],[-0.874201,-0.076748,0.47946]]],4]],[[0,200,0],[235.247,235.247,147.751]]],[382424,83403297179,[[116,"right",[0.0723105,0.174675,-0.981967],[-0.994171,-0.0663141,-0.0850053],[32.3192,150.454,71.7529],[-6.21931,222.229,60.8047],[34.8796,137.765,60.515],0.458754,0.744762,0.482286,[[-0.372193,-0.806258,-0.459804],[0.581488,0.183568,-0.792574],[0.723425,-0.562362,0.400507]],63.72,[228.644,-18.0178,231.996],[33.3188,133.82,123.859]],[117,"left",[-0.127729,0.430525,-0.893495],[0.954799,-0.190426,-0.228248],[-110.02,150.391,31.5538],[71.2143,-198.189,-118.553],[-111.694,169.699,63.3885],0,0.74543,0.626518,[[-0.270779,-0.882694,-0.384096],[-0.699374,0.454561,-0.551589],[-0.66148,-0.119268,0.740419]],55.4815,[-264.895,96.9704,245.922],[-109.387,125.009,71.856]]],[[1160,[-0.312708,0.327524,-0.891595],116,52.1164,[-5.46615,183.174,38.9741],[-8.39206,195.025,48.8325],[-56.1981,203.596,111.898],false,[20.0546,160.512,131.115],[20.0546,160.512,131.115],[9.6587,191.565,93.4402],[-1.00328,202.732,63.0407],[-10.4095,192.414,44.258],[[[0.935502,-0.301913,-0.183532],[0.35203,0.752109,0.557141],[-0.0301723,-0.585816,0.809882]],[[0.914546,-0.149712,-0.375754],[0.346745,0.768505,0.537744],[0.208262,-0.622082,0.754745]],[[0.914546,-0.149712,-0.375754],[0.256551,0.932906,0.252719],[0.312708,-0.327524,0.891595]],[[0.914546,-0.149712,-0.375754],[-0.0455076,0.884995,-0.463371],[0.401913,0.440874,0.802556]]],0],[1161,[-0.0781724,-0.411209,0.908183],116,58.8075,[4.42459,151.876,60.4233],[-3.02082,163.144,81.5849],[-25.7565,167.342,72.2905],false,[40.9127,155.754,120.908],[34.2724,179.56,51.6136],[-8.52119,176.798,48.9969],[-10.4106,166.859,70.948],[-1.25596,161.705,84.4218],[[[0.0909725,-0.939116,-0.331339],[0.991755,0.115592,-0.055327],[0.0902586,-0.323573,0.941888]],[[0.0835212,-0.910469,-0.405055],[0.0294191,0.408551,-0.912261],[0.996072,0.0642768,0.0609079]],[[0.0835212,-0.910469,-0.405055],[-0.993435,-0.0441884,-0.105518],[0.0781724,0.411209,-0.908183]],[[0.0835212,-0.910469,-0.405055],[-0.840196,-0.282899,0.462644],[-0.535813,0.301685,-0.7886]]],1],[1162,[-0.0721789,-0.180062,0.981004],116,67.0064,[3.29101,142.616,64.3667],[-3.84033,153.775,86.2739],[-11.3973,160.967,64.1232],false,[43.6559,144.703,116.223],[38.1891,158.086,47.9693],[-9.84543,161.726,46.3203],[-11.8979,156.606,74.2165],[-1.56323,153.007,89.4935],[[[-0.0680816,-0.980051,-0.186721],[0.994598,-0.0519728,-0.0898548],[0.0783579,-0.191829,0.978295]],[[-0.0679396,-0.980397,-0.184949],[0.0475063,0.181988,-0.982152],[0.996558,-0.0755133,0.0342108]],[[-0.0679396,-0.980397,-0.184949],[-0.995075,0.0799984,-0.0585306],[0.0721789,0.180062,-0.981004]],[[-0.0679396,-0.980397,-0.184949],[-0.832428,-0.0464817,0.55218],[-0.549952,0.191472,-0.812952]]],2],[1163,[-0.0804491,0.0159772,0.996631],116,64.4285,[7.25949,130.418,64.8885],[0.392994,140.679,88.7346],[3.81848,161.895,45.7491],false,[43.6549,132.832,113.057],[39.4702,135.489,50.6133],[-4.81262,141.19,48.9402],[-7.04122,141.632,76.5489],[2.80013,140.453,92.387],[[[-0.13059,-0.990873,-0.0334127],[0.989183,-0.127949,-0.0717338],[0.066804,-0.042419,0.996864]],[[-0.12788,-0.991774,0.00557674],[0.0364272,-0.0103159,-0.999283],[0.991121,-0.127585,0.0374468]],[[-0.12788,-0.991774,0.00557674],[-0.988522,0.127,-0.0818305],[0.0804491,-0.0159772,-0.996631]],[[-0.12788,-0.991774,0.00557674],[-0.840361,0.111339,0.530468],[-0.526726,0.0631496,-0.847686]]],3],[1164,[-0.820002,0.035054,-0.571286],116,50.5107,[-17.6846,108.104,10.2177],[-17.7686,115.461,13.5292],[20.5604,258.194,39.7624],false,[37.0053,120.254,112.712],[36.1309,114.797,54.9909],[8.76983,114.732,32.5935],[-7.26842,115.418,21.4198],[-21.8181,116.39,12.2292],[[[-0.283616,-0.95427,0.0945029],[0.958819,-0.28375,0.0122969],[0.0150807,0.0940988,0.995449]],[[-0.271396,-0.902594,0.334169],[0.572341,-0.43049,-0.697928],[0.773802,0.00184338,0.633425]],[[-0.271396,-0.902594,0.334169],[0.503925,-0.429064,-0.749642],[0.820002,-0.035054,0.571286]],[[-0.271396,-0.902594,0.334169],[0.462412,-0.426782,-0.777195],[0.844108,-0.056404,0.533198]]],4],[1170,[-0.0342675,0.887287,-0.459944],117,45.3781,[-93.9733,232.053,109.143],[-98.7241,227.628,55.747],[54.175,-160.864,-161.508],false,[-93.3653,143.836,81.9716],[-93.3653,143.836,81.9716],[-96.803,186.445,74.114],[-97.8203,212.786,60.4595],[-99.2298,232.476,55.4056],[[[-0.98693,-0.100689,-0.125823],[-0.161136,0.627181,0.762023],[-0.00218662,-0.772338,0.635208]],[[-0.986932,-0.102546,-0.124294],[-0.140389,0.168594,0.975637],[0.0790928,-0.980337,0.180787]],[[-0.986932,-0.102546,-0.124294],[-0.15745,0.449674,0.879206],[0.0342675,-0.887287,0.459944]],[[-0.986932,-0.102546,-0.124294],[-0.145536,0.23617,0.960751],[0.069167,-0.966286,0.248008]]],0],[1171,[0.319033,-0.616299,0.719996],117,51.2042,[-72.1079,179.008,58.1921],[-71.1019,158.864,30.8561],[61.0807,-200.771,-93.0797],false,[-112.696,144.893,74.817],[-108.745,179.354,20.9632],[-74.1011,176.417,7.1604],[-67.3869,163.447,22.313],[-72.5929,156.808,34.5659],[[[-0.286046,-0.797451,-0.531271],[-0.956228,0.273251,0.104695],[-0.0616808,-0.537965,0.840708]],[[-0.284803,-0.786925,-0.547391],[-0.247387,0.612034,-0.751142],[-0.926114,0.0785105,0.368984]],[[-0.284803,-0.786925,-0.547391],[0.903939,-0.0304216,-0.426579],[-0.319033,0.616299,-0.719996]],[[-0.284803,-0.786925,-0.547391],[0.892428,-0.426129,0.148276],[0.349941,0.446278,-0.823637]]],1],[1172,[0.368304,-0.417337,0.830772],117,58.343,[-72.0153,169.171,57.9667],[-70.7784,149.081,31.0618],[63.6472,-198.115,-82.5753],false,[-117.116,137.116,68.9063],[-115.7,162.835,13.8899],[-76.0391,163.422,0.178182],[-66.9199,153.088,20.7479],[-72.268,147.468,35.1541],[[[-0.124517,-0.89762,-0.422816],[-0.991944,0.122621,0.0318026],[-0.0232995,-0.42337,0.905657]],[[-0.125049,-0.907704,-0.400546],[-0.302159,0.419379,-0.85605],[-0.94502,-0.0139799,0.326714]],[[-0.125049,-0.907704,-0.400546],[0.921257,0.043635,-0.386498],[-0.368304,0.417337,-0.830772]],[[-0.125049,-0.907704,-0.400546],[0.936766,-0.241019,0.253732],[0.326853,0.343488,-0.880445]]],2],[1173,[0.444554,-0.283479,0.849712],117,56.0984,[-77.7818,155.773,54.1521],[-76.1485,135.921,29.0207],[74.9329,-192.938,-89.6886],false,[-119.202,127.96,63.7838],[-120.09,143.628,11.549],[-83.9311,145.999,-2.60454],[-73.2083,139.161,17.8908],[-77.3543,134.772,32.9971],[[[-0.0514549,-0.956812,-0.286119],[-0.998542,0.0446182,0.0303673],[0.0162896,-0.287264,0.957713]],[[-0.0515487,-0.955126,-0.291678],[-0.365267,0.289862,-0.884625],[-0.929475,-0.060939,0.363818]],[[-0.0515487,-0.955126,-0.291678],[0.894267,0.0858653,-0.439219],[-0.444554,0.283479,-0.849712]],[[-0.0515487,-0.955126,-0.291678],[0.965605,-0.122202,0.229508],[0.254853,0.269815,-0.928574]]],3],[1174,[0.822622,0.0559603,-0.565828],117,43.9801,[-75.9023,135.707,-21.011],[-74.2299,127.531,-26.3168],[93.0277,-248.347,-91.5761],false,[-115.505,116.715,60.1167],[-120.108,125.012,10.5281],[-98.4224,125.772,-11.3134],[-84.4132,126.725,-20.9494],[-71.2345,127.825,-28.0459],[[[0.116476,-0.97776,-0.174409],[-0.989001,-0.1303,0.0699873],[0.0911562,-0.164339,0.982183]],[[0.137016,-0.985329,0.101751],[-0.696506,-0.168871,-0.697396],[-0.704348,-0.0246847,0.709426]],[[0.137016,-0.985329,0.101751],[-0.551832,-0.16123,-0.818221],[-0.822622,-0.0559603,0.565828]],[[0.137016,-0.985329,0.101751],[-0.458445,-0.154134,-0.875255],[-0.878097,-0.0732771,0.472838]]],4]],[[0,200,0],[235.247,235.247,147.751]]],[382425,83403306179,[[116,"right",[0.0746711,0.192781,-0.978396],[-0.993035,-0.0752925,-0.0906238],[32.5176,152.357,72.4272],[1.5402,219.263,64.6803],[34.5311,139.918,62.2724],0.459063,0.755665,0.488194,[[-0.361274,-0.798796,-0.481046],[0.590407,0.203346,-0.78107],[0.721735,-0.566193,0.398151]],63.72,[228.338,-18.0576,231.736],[33.4699,134.815,124.236]],[117,"left",[-0.120885,0.428121,-0.8956],[0.955453,-0.194537,-0.221958],[-109.137,148.685,30.9376],[78.5847,-195.836,-104.8],[-111.401,167.287,59.664],0,0.744567,0.64347,[[-0.272676,-0.883144,-0.381712],[-0.698154,0.454614,-0.553088],[-0.661988,-0.11568,0.740534]],55.4815,[-264.462,96.2342,245.416],[-108.834,123.429,71.3231]]],[[1160,[-0.312319,0.339766,-0.887139],116,52.1164,[-5.88309,185.081,40.5133],[-8.56224,196.884,50.1094],[-45.8637,204.545,120.09],false,[19.8915,161.233,131.902],[19.8915,161.233,131.902],[9.33049,192.834,94.7324],[-1.3182,204.418,64.4849],[-10.5324,194.33,45.4833],[[[0.939441,-0.288723,-0.184633],[0.341611,0.745805,0.571906],[-0.0274226,-0.600344,0.799271]],[[0.917709,-0.133419,-0.374179],[0.336228,0.762512,0.552744],[0.211569,-0.633068,0.744623]],[[0.917709,-0.133419,-0.374179],[0.245495,0.930999,0.270137],[0.312319,-0.339766,0.887139]],[[0.917709,-0.133419,-0.374179],[-0.0529637,0.892412,-0.448101],[0.393707,0.431044,0.811908]]],0],[1161,[-0.0775516,-0.4282,0.90035],116,58.8075,[3.9498,152.634,61.7477],[-2.99732,164.493,82.3127],[-17.6224,162.672,74.4415],false,[40.8427,156.877,121.706],[34.2477,181.833,52.8138],[-8.50236,178.671,49.9505],[-10.3768,168.321,71.7123],[-1.22086,163.025,85.13],[[[0.10238,-0.932092,-0.347453],[0.990698,0.127018,-0.0488262],[0.0896433,-0.339222,0.936425]],[[0.0949214,-0.902139,-0.420874],[0.0291471,0.425121,-0.904667],[0.995058,0.073605,0.0666477]],[[0.0949214,-0.902139,-0.420874],[-0.992459,-0.052823,-0.110608],[0.0775516,0.4282,-0.90035]],[[0.0949214,-0.902139,-0.420874],[-0.838937,-0.300085,0.45402],[-0.535887,0.309991,-0.785322]]],1],[1162,[-0.0737052,-0.198167,0.977393],116,67.0064,[2.84894,143.393,65.7496],[-3.72409,155.036,86.8562],[-4.32901,155.209,64.9523],false,[43.7235,145.939,116.839],[38.4081,160.47,48.8086],[-9.6567,163.623,47.0459],[-11.7526,157.988,74.8394],[-1.43897,154.231,90.0922],[[[-0.05685,-0.977257,-0.204296],[0.995472,-0.0398699,-0.0862935],[0.0761856,-0.208276,0.975098]],[[-0.0567091,-0.97764,-0.202494],[0.0489995,0.19985,-0.9786],[0.997188,-0.0654177,0.0365705]],[[-0.0567091,-0.97764,-0.202494],[-0.995666,0.070352,-0.0608193],[0.0737052,0.198167,-0.977393]],[[-0.0567091,-0.97764,-0.202494],[-0.834007,-0.0651059,0.547898],[-0.548831,0.199952,-0.811667]]],2],[1163,[-0.0842561,-0.00259932,0.996441],116,64.4285,[6.84401,131.162,66.4448],[0.643738,141.945,89.0916],[10.6463,156.038,44.1439],false,[43.8623,134.127,113.464],[39.9182,137.845,51.059],[-4.41543,143.106,49.2948],[-6.74949,143.034,76.8982],[3.04826,141.677,92.7491],[[[-0.119899,-0.99145,-0.0514847],[0.990787,-0.116208,-0.069541],[0.0629635,-0.0593483,0.99625]],[[-0.117347,-0.993012,-0.0125129],[0.0406846,0.0077823,-0.999142],[0.992257,-0.117755,0.0394871]],[[-0.117347,-0.993012,-0.0125129],[-0.98951,0.117984,-0.0833623],[0.0842561,0.00259932,-0.996441]],[[-0.117347,-0.993012,-0.0125129],[-0.843352,0.092992,0.529255],[-0.524393,0.0726592,-0.848371]]],3],[1164,[-0.820886,0.0396423,-0.569714],116,50.5107,[-17.747,111.521,11.5881],[-17.1404,118.067,13.6364],[32.9816,266.886,33.5483],false,[37.3484,121.487,112.868],[36.7803,117.045,55.0556],[9.39108,117.205,32.6932],[-6.66447,117.98,21.5502],[-21.2295,119.012,12.3904],[[[-0.273853,-0.958735,0.076369],[0.961722,-0.273783,0.0115892],[0.00979757,0.0766195,0.997012]],[[-0.263296,-0.911509,0.315952],[0.575039,-0.411254,-0.707248],[0.7746,-0.00453124,0.632436]],[[-0.263296,-0.911509,0.315952],[0.506775,-0.409364,-0.758683],[0.820886,-0.0396423,0.569714]],[[-0.263296,-0.911509,0.315952],[0.465465,-0.406896,-0.785989],[0.844996,-0.0598836,0.53141]]],4],[1170,[-0.0268696,0.887197,-0.460607],117,45.3781,[-94.0074,232.002,108.668],[-97.6554,226.033,55.2143],[73.4938,-164.883,-131.908],false,[-92.806,142.231,81.4742],[-92.806,142.231,81.4742],[-96.0069,184.874,73.7042],[-96.8046,211.213,60.03],[-98.0776,230.895,54.9062],[[[-0.986518,-0.0975902,-0.131373],[-0.163422,0.630178,0.759058],[-0.00871165,-0.770293,0.63763]],[[-0.986522,-0.0979347,-0.131088],[-0.146122,0.166706,0.975119],[0.0736449,-0.981131,0.17877]],[[-0.986522,-0.0979347,-0.131088],[-0.16141,0.450877,0.877871],[0.0268696,-0.887197,0.460607]],[[-0.986522,-0.0979347,-0.131088],[-0.151237,0.239865,0.958954],[0.0624715,-0.965854,0.251443]]],0],[1171,[0.310209,-0.615033,0.724917],117,51.2042,[-71.9491,176.739,55.5021],[-70.2252,156.965,30.5393],[70.767,-203.411,-77.2004],false,[-112.09,143.334,74.2013],[-107.696,177.609,20.263],[-72.9583,174.445,6.7502],[-66.4298,161.501,22.0063],[-71.7525,154.93,34.2454],[[[-0.285727,-0.798124,-0.530433],[-0.955853,0.276972,0.0981368],[-0.0685895,-0.535056,0.842028]],[[-0.28435,-0.787652,-0.546579],[-0.238298,0.610287,-0.755489],[-0.928633,0.0845747,0.361231]],[[-0.28435,-0.787652,-0.546579],[0.907147,-0.0365766,-0.419221],[-0.310209,0.615033,-0.724917]],[[-0.28435,-0.787652,-0.546579],[0.889455,-0.429498,0.156206],[0.35779,0.441741,-0.82271]]],1],[1172,[0.358637,-0.416389,0.835464],117,58.343,[-71.8486,167.085,55.5013],[-69.9568,147.182,30.8077],[70.7401,-201.734,-67.3063],false,[-116.502,135.554,68.2892],[-114.668,161.092,13.2008],[-74.8849,161.443,-0.160359],[-66.0052,151.133,20.5256],[-71.4954,145.583,34.9053],[[[-0.125202,-0.898518,-0.420701],[-0.991672,0.126238,0.0255108],[-0.0301864,-0.420391,0.906841]],[[-0.125894,-0.9084,-0.398697],[-0.292532,0.418018,-0.86005],[-0.947932,-0.00835651,0.318362]],[[-0.125894,-0.9084,-0.398697],[0.924949,0.0378078,-0.378207],[-0.358637,0.416389,-0.835464]],[[-0.125894,-0.9084,-0.398697],[0.933575,-0.244419,0.262101],[0.335542,0.339217,-0.878831]]],2],[1173,[0.438141,-0.282345,0.853413],117,56.0984,[-77.5817,153.802,51.8965],[-75.3116,134.082,28.6689],[79.8248,-195.964,-75.8803],false,[-118.59,126.389,63.1833],[-119.113,141.893,10.8948],[-82.8573,144.087,-3.03915],[-72.2891,137.276,17.5455],[-76.5448,132.951,32.6398],[[[-0.0531645,-0.957532,-0.283384],[-0.99854,0.0482546,0.0242835],[0.00957764,-0.284262,0.958699]],[[-0.053219,-0.955873,-0.28892],[-0.358655,0.288321,-0.887827],[-0.931952,-0.0563734,0.358173]],[[-0.053219,-0.955873,-0.28892],[0.897329,0.0811699,-0.433833],[-0.438141,0.282345,-0.853413]],[[-0.053219,-0.955873,-0.28892],[0.963711,-0.124957,0.235897],[0.26159,0.265881,-0.927835]]],3],[1174,[0.825399,0.0510145,-0.562241],117,43.9801,[-74.9097,132.035,-23.1],[-73.1083,125.508,-26.6793],[101.369,-242.022,-78.0075],false,[-114.912,115.12,59.5741],[-119.19,123.275,9.93286],[-97.3844,123.886,-11.7927],[-83.3279,124.754,-21.3677],[-70.1163,125.78,-28.4137],[[[0.114025,-0.978719,-0.170611],[-0.989858,-0.126569,0.0645141],[0.0847352,-0.161525,0.983224]],[[0.132897,-0.985479,0.105683],[-0.693317,-0.168632,-0.700624],[-0.708272,-0.0198391,0.705661]],[[0.132897,-0.985479,0.105683],[-0.548685,-0.16195,-0.820193],[-0.825399,-0.0510145,0.562241]],[[0.132897,-0.985479,0.105683],[-0.455438,-0.155424,-0.876596],[-0.880293,-0.0683649,0.46948]]],4]],[[0,200,0],[235.247,235.247,147.751]]],[382426,83403315188,[[116,"right",[0.0858693,0.193456,-0.977344],[-0.993191,-0.0608987,-0.099316],[33.5603,155.218,73.4145],[32.924,246.266,77.0228],[34.3597,142.619,64.2397],0.459502,0.762216,0.497961,[[-0.379064,-0.791639,-0.479184],[0.583694,0.197274,-0.787645],[0.718061,-0.578265,0.387296]],63.72,[227.691,-18.5616,229.765],[33.8141,137.57,125.195]],[117,"left",[-0.122088,0.426769,-0.896082],[0.956322,-0.19102,-0.22127],[-108.244,146.687,30.8661],[84.2496,-202.969,-78.1796],[-110.875,163.857,54.8682],0,0.743232,0.659697,[[-0.271762,-0.885018,-0.378006],[-0.694983,0.452184,-0.559043],[-0.665691,-0.110781,0.737958]],55.4815,[-264.361,95.4285,244.764],[-107.863,121.472,71.2766]]],[[1160,[-0.299729,0.345571,-0.889237],116,52.1164,[-5.99163,187.6,42.1981],[-6.67817,200.354,50.8223],[24.153,254.072,108.956],false,[20.5493,164.166,132.796],[20.5493,164.166,132.796],[10.7663,195.979,95.5938],[0.546815,207.761,65.2747],[-8.64516,197.833,46.1784],[[[0.936774,-0.301815,-0.177093],[0.347294,0.739804,0.576262],[-0.0429109,-0.60133,0.797847]],[[0.918922,-0.145938,-0.366449],[0.342306,0.756657,0.557042],[0.195983,-0.637316,0.745264]],[[0.918922,-0.145938,-0.366449],[0.256408,0.926975,0.273811],[0.299729,-0.345571,0.889237]],[[0.918922,-0.145938,-0.366449],[-0.0363725,0.893727,-0.447135],[0.392759,0.424211,0.815957]]],0],[1161,[-0.0912322,-0.428929,0.898719],116,58.8075,[3.46366,153.82,63.4114],[-1.86128,167.837,83.0022],[22.1689,220.27,74.8933],false,[41.5233,159.529,122.772],[35.8813,184.701,53.8736],[-6.88302,182.163,50.6272],[-9.08814,171.796,72.3496],[-0.117894,166.343,85.8298],[[[0.0920322,-0.932834,-0.348354],[0.992798,0.112904,-0.040049],[0.0766896,-0.34216,0.936507]],[[0.0856118,-0.90252,-0.422053],[0.0432612,0.426576,-0.903417],[0.995389,0.0590846,0.0755641]],[[0.0856118,-0.90252,-0.422053],[-0.992143,-0.0384362,-0.11906],[0.0912322,0.428929,-0.898719]],[[0.0856118,-0.90252,-0.422053],[-0.846774,-0.289131,0.446515],[-0.525018,0.319156,-0.788984]]],1],[1162,[-0.0846367,-0.198827,0.976373],116,67.0064,[2.39238,144.599,67.479],[-2.76362,158.385,87.5584],[26.3612,214.63,69.3756],false,[44.2892,148.56,117.909],[39.7701,163.288,49.8632],[-8.23061,167.123,47.7398],[-10.6374,161.469,75.5043],[-0.516136,157.537,90.8419],[[[-0.0690583,-0.975973,-0.20666],[0.995508,-0.0539676,-0.0777953],[0.0647731,-0.211104,0.975315]],[[-0.0689348,-0.976373,-0.204802],[0.0593044,0.200917,-0.977812],[0.995857,-0.0795509,0.0440531]],[[-0.0689348,-0.976373,-0.204802],[-0.994024,0.0846399,-0.0689309],[0.0846367,0.198827,-0.976373]],[[-0.0689348,-0.976373,-0.204802],[-0.839741,-0.0540421,0.54029],[-0.538593,0.209226,-0.816175]]],2],[1163,[-0.0932255,-0.00315458,0.99564],116,64.4285,[6.39927,132.345,68.4011],[1.39415,145.235,89.7751],[30.4058,213.432,52.7234],false,[44.2881,136.753,114.512],[40.9368,140.64,52.0829],[-3.29935,146.539,49.9319],[-5.88188,146.451,77.5131],[3.75491,144.925,93.4472],[[[-0.133622,-0.989537,-0.0544254],[0.989587,-0.130261,-0.0612309],[0.0535007,-0.0620405,0.996639]],[[-0.131429