{"metadata":{"formatVersion":2,"generatedBy":"LeapJS Playback 0.2.1","frames":140,"protocolVersion":6,"serviceVersion":"2.2.5+26752","frameRate":"92","modified":"Wed Apr 22 2015 20:43:39 GMT-0300 (E. South America Standard Time)"},"frames":[["id","timestamp",{"hands":[["id","type","direction","palmNormal","palmPosition","palmVelocity","stabilizedPalmPosition","pinchStrength","grabStrength","confidence","armBasis","armWidth","elbow","wrist"]]},{"pointables":[["id","direction","handId","length","stabilizedTipPosition","tipPosition","tipVelocity","tool","carpPosition","mcpPosition","pipPosition","dipPosition","btipPosition","bases","type"]]},{"interactionBox":["center","size"]}],[382976,83409298644,[[116,"right",[0.116326,0.482197,-0.868306],[-0.983141,-0.0682711,-0.169623],[43.1703,198.755,77.0772],[32.1854,133.786,-52.5783],[42.9821,198.035,77.4898],0.257966,0.260166,0.658194,[[-0.328091,-0.544983,-0.771589],[0.683913,0.426403,-0.591983],[0.651628,-0.721924,0.232822]],63.72,[218.151,-28.5656,184.007],[42.2113,166.354,121.145]],[117,"left",[-0.135184,0.520351,-0.843185],[0.986117,-0.0121637,-0.165606],[-88.827,139.434,58.9709],[113.673,4.37197,177.583],[-90.8571,139.023,55.4511],0,0.469699,0.483707,[[-0.157222,-0.871873,-0.463809],[-0.629755,0.450283,-0.632972],[-0.760717,-0.192569,0.619861]],55.4815,[-265.658,64.0752,241.568],[-86.8202,109.347,95.844]]],[[1160,[-0.280138,0.451158,-0.847337],116,52.1164,[3.72742,254.037,63.4742],[3.4615,253.366,62.8832],[45.8844,157.06,-17.5288],false,[27.1736,188.865,135.573],[27.1736,188.865,135.573],[16.4531,224.28,102.067],[6.90161,239.663,73.1769],[2.94452,258.896,60.4432],[[[0.958814,-0.196298,-0.205287],[0.280743,0.545253,0.789862],[-0.0431145,-0.814964,0.577906]],[[0.946188,-0.0192083,-0.323047],[0.242083,0.704478,0.667163],[0.214764,-0.709466,0.671219]],[[0.946188,-0.0192083,-0.323047],[0.162021,0.892238,0.421499],[0.280138,-0.451158,0.847337]],[[0.946188,-0.0192083,-0.323047],[0.275935,0.569435,0.774341],[0.16908,-0.821812,0.544093]]],0],[1161,[-0.0747262,-0.688175,0.721686],116,58.8075,[7.2435,204.841,88.229],[7.54943,206.102,87.5939],[27.998,118.506,-56.3398],false,[48.7799,188.316,125.839],[44.6704,232.825,67.4046],[2.26598,229.473,61.3711],[0.459817,212.84,78.8146],[9.6778,204.126,90.2609],[[[0.1586,-0.780038,-0.605299],[0.985762,0.159783,0.0523797],[0.0558584,-0.604988,0.794273]],[[0.152995,-0.723053,-0.673637],[0.0489935,0.686374,-0.725597],[0.987012,0.0780088,0.140437]],[[0.152995,-0.723053,-0.673637],[-0.985398,-0.060076,-0.159318],[0.0747262,0.688175,-0.721686]],[[0.152995,-0.723053,-0.673637],[-0.827957,-0.465937,0.312073],[-0.539517,0.509997,-0.669943]]],1],[1162,[-0.0976884,-0.493909,0.864008],116,67.0064,[6.28975,194.29,90.5063],[6.70335,195.467,89.8162],[29.6833,116.911,-64.5559],false,[52.3569,179.443,118.087],[49.9138,213.79,57.4087],[1.84118,215.772,54.5151],[-0.936724,201.727,79.0844],[8.89552,193.721,92.9542],[[[-0.00569879,-0.870336,-0.492426],[0.99937,0.0122869,-0.033282],[0.0350169,-0.492306,0.869718]],[[-0.00587408,-0.867859,-0.496775],[0.0725245,0.495106,-0.865801],[0.997349,-0.0411142,0.0600328]],[[-0.00587408,-0.867859,-0.496775],[-0.9952,0.0536044,-0.0818786],[0.0976884,0.493909,-0.864008]],[[-0.00587408,-0.867859,-0.496775],[-0.852181,-0.255584,0.456579],[-0.523214,0.426024,-0.738072]]],2],[1163,[-0.134015,-0.302425,0.943705],116,64.4285,[10.9546,182.144,88.2126],[11.2567,183.409,87.2739],[31.439,120.683,-73.3672],false,[53.1583,169.218,111.324],[52.2465,191.591,52.8229],[7.93261,196.216,49.4823],[4.22011,187.838,75.6248],[13.4267,182.065,90.8237],[[[-0.0758041,-0.93173,-0.355153],[0.997016,-0.065626,-0.0406369],[0.0145553,-0.357174,0.933924]],[[-0.0750951,-0.946458,-0.313972],[0.10326,0.305787,-0.946484],[0.991816,-0.103497,0.0747684]],[[-0.0750951,-0.946458,-0.313972],[-0.98813,0.112945,-0.104129],[0.134015,0.302425,-0.943705]],[[-0.0750951,-0.946458,-0.313972],[-0.866922,-0.0936228,0.489572],[-0.492754,0.308953,-0.813475]]],3],[1164,[-0.59316,0.0975243,-0.799156],116,50.5107,[10.8012,176.472,-5.26562],[10.3852,176.995,-4.97913],[65.4282,176.741,-81.2687],false,[47.2143,157.201,106.548],[49.7765,170.489,50.1644],[30.8603,173.337,20.4266],[19.2588,175.244,4.79603],[8.4053,177.113,-8.46359],[[[-0.237297,-0.943069,-0.233045],[0.970432,-0.241041,-0.0127107],[-0.0441864,-0.229171,0.972383]],[[-0.239891,-0.968956,0.0598092],[0.810096,-0.23375,-0.537685],[0.534973,-0.0805347,0.841022]],[[-0.239891,-0.968956,0.0598092],[0.768514,-0.227187,-0.598141],[0.59316,-0.0975243,0.799156]],[[-0.239891,-0.968956,0.0598092],[0.738897,-0.222199,-0.636128],[0.629669,-0.108409,0.769262]]],4],[1170,[0.080523,0.952465,-0.293814],117,45.3781,[-72.9163,213.616,82.5742],[-69.0276,214.102,87.1677],[110.784,25.8525,171.779],false,[-74.7507,128.877,109.495],[-74.7507,128.877,109.495],[-73.4759,171.789,102.713],[-71.0854,200.065,93.9906],[-68.6372,218.588,85.8563],[[[-0.947191,-0.231176,-0.222229],[-0.310642,0.489551,0.814764],[0.0795617,-0.840772,0.535512]],[[-0.939209,-0.0262032,-0.342344],[-0.34209,0.156593,0.926527],[-0.0293306,-0.987316,0.156037]],[[-0.939209,-0.0262032,-0.342344],[-0.33377,0.30352,0.892454],[-0.080523,-0.952465,0.293814]],[[-0.939209,-0.0262032,-0.342344],[-0.32164,0.41604,0.850564],[-0.120141,-0.908969,0.399177]]],0],[1171,[0.420766,-0.69597,0.581878],117,51.2042,[-55.3228,154.617,54.5027],[-51.8405,153.811,60.4446],[125.307,-10.6976,179.824],false,[-93.4763,127.935,100.867],[-91.5224,169.398,52.0769],[-56.9004,176.659,39.9142],[-48.0453,162.012,52.16],[-52.6261,152.014,62.1783],[[[-0.117758,-0.754376,-0.645794],[-0.992574,0.109389,0.0532104],[-0.0305023,-0.647264,0.761655]],[[-0.11358,-0.676791,-0.72736],[-0.36124,0.710123,-0.604343],[-0.92553,-0.19411,0.32514]],[[-0.11358,-0.676791,-0.72736],[0.900031,0.239959,-0.363819],[-0.420766,0.69597,-0.581878]],[[-0.11358,-0.676791,-0.72736],[0.944608,-0.300458,0.132064],[0.307921,0.67207,-0.673428]]],1],[1172,[0.473756,-0.425546,0.771016],117,58.343,[-52.3665,147.185,52.1736],[-48.9737,146.233,58.7037],[119.882,-16.9291,187.374],false,[-96.1808,120.429,93.7057],[-95.2392,153.097,42.4985],[-57.0638,163.507,28.5124],[-45.3337,152.971,47.6026],[-49.6472,144.794,61.103],[[[0.0501501,-0.842409,-0.536499],[-0.998621,-0.0339588,-0.0400256],[-0.0154991,-0.537767,0.842951]],[[0.0495593,-0.861231,-0.505791],[-0.412473,0.443562,-0.795687],[-0.909621,-0.248059,0.333252]],[[0.0495593,-0.861231,-0.505791],[0.87926,0.277833,-0.386924],[-0.473756,0.425546,-0.771016]],[[0.0495593,-0.861231,-0.505791],[0.963351,-0.0924484,0.251809],[0.263625,0.499734,-0.825087]]],2],[1173,[0.461619,-0.335322,0.821259],117,56.0984,[-56.7098,131.461,49.2013],[-53.1287,130.773,56.228],[112.17,-18.7495,200.981],false,[-96.4187,111.819,87.3616],[-96.3149,133.926,37.5014],[-60.9208,144.642,25.4244],[-49.7864,136.554,45.2335],[-53.9689,129.228,59.1439],[[[0.122459,-0.907391,-0.402051],[-0.992472,-0.111184,-0.051362],[-0.00190387,-0.405314,0.914176]],[[0.122452,-0.892852,-0.433382],[-0.396557,0.35628,-0.846054],[-0.909807,-0.275462,0.31044]],[[0.122452,-0.892852,-0.433382],[0.878586,0.300623,-0.371097],[-0.461619,0.335322,-0.821259]],[[0.122452,-0.892852,-0.433382],[0.958596,-0.00671681,0.284689],[0.257096,0.450299,-0.855063]]],3],[1174,[0.746245,0.195591,-0.636289],117,43.9801,[-53.5248,127.302,-9.18134],[-51.4854,126.621,-5.91618],[141.767,-71.9667,203.463],false,[-90.7236,101.845,82.709],[-93.2681,115.82,34.2604],[-73.6761,120.683,11.0143],[-60.9675,124.014,0.178313],[-48.893,127.262,-8.12254],[[[0.283706,-0.917276,-0.279492],[-0.957586,-0.286332,-0.0323018],[0.0503978,-0.276802,0.959604]],[[0.285018,-0.957692,0.0398831],[-0.716804,-0.240582,-0.654456],[-0.636363,-0.157943,0.755047]],[[0.285018,-0.957692,0.0398831],[-0.601568,-0.211116,-0.77042],[-0.746245,-0.195591,0.636289]],[[0.285018,-0.957692,0.0398831],[-0.521056,-0.189727,-0.832168],[-0.804528,-0.216402,0.553087]]],4]],[[0,200,0],[235.247,235.247,147.751]]],[382977,83409307692,[[116,"right",[0.111393,0.488766,-0.865274],[-0.981683,-0.0812993,-0.172303],[43.1036,199.721,76.2421],[21.2727,126.308,-63.5321],[43.0407,198.849,76.8875],0.256183,0.258224,0.664677,[[-0.30837,-0.536006,-0.785879],[0.698734,0.432969,-0.569481],[0.645506,-0.724731,0.241011]],63.72,[216.794,-28.6203,185.196],[42.5074,167.057,120.123]],[117,"left",[-0.128358,0.521137,-0.843766],[0.986677,-0.0186524,-0.161619],[-88.173,139.424,60.719],[102.258,2.86288,181.893],[-90.3319,139.101,56.4819],0,0.468839,0.494349,[[-0.157,-0.870052,-0.467291],[-0.627443,0.453269,-0.633137],[-0.762671,-0.193795,0.617071]],55.4815,[-265.81,63.7684,242.67],[-86.5126,109.328,97.6024]]],[[1160,[-0.283279,0.453566,-0.845004],116,52.1164,[3.36252,254.727,63.0343],[2.77257,253.978,62.3293],[12.7278,131.912,-29.6143],false,[27.1178,189.269,134.643],[27.1178,189.269,134.643],[16.0458,224.766,101.34],[6.38726,240.231,72.5287],[2.22479,259.501,59.916],[[[0.961976,-0.181439,-0.204162],[0.271159,0.544669,0.793605],[-0.0327903,-0.818789,0.573157]],[[0.947318,-0.00498802,-0.320256],[0.231067,0.703058,0.672545],[0.221804,-0.711115,0.667172]],[[0.947318,-0.00498802,-0.320256],[0.149472,0.891209,0.428258],[0.283279,-0.453566,0.845004]],[[0.947318,-0.00498802,-0.320256],[0.266376,0.567491,0.779101],[0.177856,-0.823365,0.538923]]],0],[1161,[-0.0664453,-0.693269,0.71761],116,58.8075,[7.28861,205.45,87.696],[7.35953,206.498,86.7193],[14.5012,97.8652,-67.4265],false,[48.7515,189.083,124.957],[44.1394,233.862,66.7671],[1.80069,229.939,60.6181],[0.194685,213.183,77.963],[9.511,204.537,89.381],[[[0.171071,-0.774223,-0.609355],[0.983262,0.173509,0.0555886],[0.0626905,-0.608666,0.790946]],[[0.164809,-0.716946,-0.677367],[0.0407593,0.691122,-0.721588],[0.985483,0.091315,0.143125]],[[0.164809,-0.716946,-0.677367],[-0.984085,-0.0732606,-0.161895],[0.0664453,0.693269,-0.71761]],[[0.164809,-0.716946,-0.677367],[-0.821898,-0.479488,0.307531],[-0.545273,0.506043,-0.66828]]],1],[1162,[-0.0925842,-0.500205,0.860943],116,67.0064,[6.39162,194.852,89.9321],[6.65833,195.841,88.8764],[20.0938,96.0063,-75.3924],false,[52.4722,180.306,117.163],[49.6763,214.962,56.6753],[1.58693,216.275,53.6805],[-1.04583,202.051,78.1626],[8.86837,194.107,92.0094],[[[0.0078223,-0.867497,-0.497382],[0.999166,0.026714,-0.0308788],[0.0400744,-0.496725,0.866982]],[[0.00762068,-0.864988,-0.501735],[0.0674172,0.501053,-0.862787],[0.997696,-0.0272506,0.0621334]],[[0.00762068,-0.864988,-0.501735],[-0.995676,0.0398918,-0.0838961],[0.0925842,0.500205,-0.860943]],[[0.00762068,-0.864988,-0.501735],[-0.849474,-0.270319,0.453125],[-0.527576,0.422758,-0.736844]]],2],[1163,[-0.133222,-0.309451,0.941537],116,64.4285,[11.1042,182.726,87.5599],[11.3656,183.879,86.2412],[25.5237,102.08,-85.3674],false,[53.4345,170.133,110.343],[52.3356,192.826,51.9687],[7.97466,196.857,48.4877],[4.28416,188.285,74.5702],[13.525,182.557,89.7654],[[[-0.0617095,-0.930667,-0.360624],[0.99794,-0.0511811,-0.0386824],[0.0175433,-0.362269,0.931909]],[[-0.060881,-0.945656,-0.319419],[0.102499,0.312398,-0.944405],[0.992868,-0.0902365,0.0779099]],[[-0.060881,-0.945656,-0.319419],[-0.989215,0.0998752,-0.107142],[0.133222,0.309451,-0.941537]],[[-0.060881,-0.945656,-0.319419],[-0.866993,-0.108468,0.486372],[-0.494587,0.306545,-0.813274]]],3],[1164,[-0.591775,0.0932771,-0.800688],116,50.5107,[11.2242,177.295,-6.13207],[10.8735,177.94,-6.05593],[62.6081,157.126,-91.7922],false,[47.6733,158.06,105.486],[50.1728,171.706,49.1845],[31.3176,174.441,19.3973],[19.7432,176.265,3.73683],[8.90929,178.049,-9.55049],[[[-0.223299,-0.945006,-0.23896],[0.973796,-0.227114,-0.0118168],[-0.0431043,-0.235338,0.970957]],[[-0.22618,-0.972595,0.0538624],[0.815163,-0.21926,-0.536129],[0.533247,-0.0773551,0.842416]],[[-0.22618,-0.972595,0.0538624],[0.773721,-0.212974,-0.596655],[0.591775,-0.0932771,0.800688]],[[-0.22618,-0.972595,0.0538624],[0.74417,-0.20821,-0.634712],[0.628533,-0.103476,0.770869]]],4],[1170,[0.081458,0.955345,-0.284045],117,45.3781,[-72.5136,213.689,83.2965],[-68.3398,214.104,89.477],[96.4485,20.4896,199.592],false,[-74.3705,128.78,111.301],[-74.3705,128.78,111.301],[-73.0185,171.736,104.817],[-70.6002,200.098,96.3846],[-68.091,218.653,88.3447],[[[-0.947783,-0.22498,-0.226037],[-0.310712,0.491667,0.813463],[0.0718779,-0.841218,0.535897]],[[-0.938397,-0.0225113,-0.344826],[-0.344157,0.150709,0.926738],[-0.0311061,-0.988322,0.149172]],[[-0.938397,-0.0225113,-0.344826],[-0.335822,0.294635,0.894659],[-0.081458,-0.955345,0.284045]],[[-0.938397,-0.0225113,-0.344826],[-0.322876,0.412698,0.851723],[-0.123136,-0.91059,0.394543]]],0],[1171,[0.413846,-0.698649,0.583628],117,51.2042,[-54.8131,154.554,55.3265],[-51.098,153.563,62.3364],[113.481,-15.4484,188.02],false,[-93.0668,127.961,102.597],[-90.6437,169.404,53.8119],[-55.9269,176.438,41.787],[-47.2174,161.735,54.0696],[-51.9047,151.768,64.0701],[[[-0.120096,-0.753656,-0.646204],[-0.992041,0.115906,0.0491901],[-0.0378266,-0.646968,0.761578]],[[-0.11508,-0.676112,-0.727757],[-0.354189,0.712399,-0.605836],[-0.928066,-0.188044,0.321454]],[[-0.11508,-0.676112,-0.727757],[0.903044,0.234015,-0.360207],[-0.413846,0.698649,-0.583628]],[[-0.11508,-0.676112,-0.727757],[0.942061,-0.306664,0.135933],[0.315083,0.669948,-0.672229]]],1],[1172,[0.467261,-0.428717,0.77322],117,58.343,[-51.9119,147.103,52.9745],[-48.28,145.963,60.6089],[107.762,-20.8818,194.364],false,[-95.7915,120.471,95.4254],[-94.4287,153.127,44.2198],[-56.1243,163.279,30.3976],[-44.555,152.664,49.5423],[-48.9875,144.519,63.0231],[[[0.0467878,-0.842778,-0.536224],[-0.998653,-0.0274091,-0.0440581],[-0.0224337,-0.537563,0.842925]],[[0.0459488,-0.861607,-0.505491],[-0.406046,0.446227,-0.797501],[-0.912697,-0.241897,0.329348]],[[0.0459488,-0.861607,-0.505491],[0.882925,0.271725,-0.382896],[-0.467261,0.428717,-0.77322]],[[0.0459488,-0.861607,-0.505491],[0.961511,-0.0990802,0.256282],[0.270899,0.497811,-0.823892]]],2],[1173,[0.456567,-0.338113,0.822937],117,56.0984,[-56.3312,131.393,49.9563],[-52.5142,130.537,58.1036],[100.06,-20.7332,202.657],false,[-96.0604,111.863,89.0811],[-95.61,133.963,39.2199],[-60.1055,144.452,27.2688],[-49.0929,136.297,47.1184],[-53.3739,129,61.014],[[[0.118125,-0.908218,-0.401479],[-0.992964,-0.104674,-0.0553633],[-0.00825744,-0.405194,0.914193]],[[0.11834,-0.893674,-0.432831],[-0.391248,0.358667,-0.847516],[-0.912645,-0.269639,0.307203]],[[0.11834,-0.893674,-0.432831],[0.881784,0.295003,-0.368009],[-0.456567,0.338113,-0.822937]],[[0.11834,-0.893674,-0.432831],[0.957471,-0.0128172,0.288245],[0.263145,0.448534,-0.85415]]],3],[1174,[0.7498,0.190433,-0.633669],117,43.9801,[-52.817,127.021,-7.89567],[-50.6691,126.35,-4.03473],[127.471,-60.4205,204.609],false,[-90.4121,101.851,84.4524],[-92.669,115.837,35.9927],[-72.9622,120.562,12.8153],[-60.1931,123.805,2.02392],[-48.0675,126.97,-6.2342],[[[0.278807,-0.919148,-0.27827],[-0.959306,-0.280045,-0.0361482],[0.0447025,-0.277024,0.959823]],[[0.278557,-0.959534,0.0412452],[-0.716024,-0.236103,-0.656936],[-0.64009,-0.153462,0.752817]],[[0.278557,-0.959534,0.0412452],[-0.600172,-0.207439,-0.772504],[-0.7498,-0.190433,0.633669]],[[0.278557,-0.959534,0.0412452],[-0.519275,-0.186597,-0.833987],[-0.807935,-0.210896,0.55024]]],4]],[[0,200,0],[235.247,235.247,147.751]]],[382978,83409316864,[[116,"right",[0.10452,0.492685,-0.863908],[-0.980103,-0.096357,-0.17353],[43.1769,200.851,75.25],[17.5669,125.465,-75.9852],[43.102,199.751,76.1501],0.254292,0.25582,0.671171,[[-0.289807,-0.526684,-0.799134],[0.712858,0.438358,-0.547427],[0.638628,-0.728317,0.248412]],63.72,[215.483,-28.5757,186.118],[43.0531,168.07,119.047]],[117,"left",[-0.126232,0.52144,-0.843899],[0.986998,-0.0193063,-0.159566],[-87.4424,139.574,62.9175],[95.9506,6.63292,198.02],[-89.8745,139.176,57.5008],0,0.467367,0.419722,[[-0.152851,-0.868629,-0.471296],[-0.62168,0.455233,-0.637399],[-0.768213,-0.195568,0.609592]],55.4815,[-266.48,63.4914,243.106],[-85.8801,109.468,99.7966]]],[[1160,[-0.287236,0.451084,-0.844996],116,52.1164,[2.91801,255.399,62.3122],[2.24279,254.673,61.4973],[-5.43699,115.103,-47.3883],false,[27.2999,189.999,133.608],[27.2999,189.999,133.608],[15.8759,225.536,100.466],[6.08245,240.916,71.6551],[1.69196,260.15,59.0653],[[[0.964926,-0.165693,-0.203624],[0.261725,0.546846,0.795273],[-0.0204198,-0.820674,0.571032]],[[0.948119,0.00840286,-0.317805],[0.22067,0.702218,0.676901],[0.228856,-0.711912,0.663932]],[[0.948119,0.00840286,-0.317805],[0.136256,0.892442,0.430095],[0.287236,-0.451084,0.844996]],[[0.948119,0.00840286,-0.317805],[0.256665,0.569652,0.780781],[0.187599,-0.821843,0.537941]]],0],[1161,[-0.0560783,-0.696042,0.715807],116,58.8075,[7.30212,205.956,87.084],[7.32204,207.036,85.7103],[9.34171,86.8748,-79.2682],false,[48.9435,190.179,123.943],[43.6825,235.03,65.8632],[1.41712,230.45,59.6636],[0.0616798,213.627,76.965],[9.50319,205.101,88.3704],[[[0.183893,-0.769856,-0.611151],[0.980342,0.188879,0.0570532],[0.071511,-0.609628,0.789455]],[[0.176797,-0.712529,-0.679003],[0.030447,0.6935,-0.719813],[0.983776,0.106587,0.144303]],[[0.176797,-0.712529,-0.679003],[-0.982649,-0.0884751,-0.163015],[0.0560783,0.696042,-0.715807]],[[0.176797,-0.712529,-0.679003],[-0.814479,-0.493237,0.305519],[-0.552601,0.499019,-0.667542]]],1],[1162,[-0.0851362,-0.503904,0.859554],116,67.0064,[6.48963,195.318,89.3079],[6.79198,196.36,87.8416],[18.7181,84.8119,-85.6776],false,[52.8102,181.483,116.131],[49.5274,216.245,55.729],[1.42545,216.799,52.7007],[-0.995517,202.47,77.1433],[9.03397,194.648,90.9767],[[[0.0220268,-0.865985,-0.499585],[0.99865,0.0425767,-0.029772],[0.0470528,-0.498255,0.865753]],[[0.0217855,-0.863421,-0.504014],[0.0600419,0.504353,-0.861407],[0.997958,-0.0114957,0.0628291]],[[0.0217855,-0.863421,-0.504014],[-0.996131,0.024184,-0.0844862],[0.0851362,0.503904,-0.859554]],[[0.0217855,-0.863421,-0.504014],[-0.845387,-0.285034,0.451748],[-0.53371,0.416245,-0.736134]]],2],[1163,[-0.133394,-0.313279,0.940246],116,64.4285,[11.2446,183.251,86.833],[11.6104,184.534,85.0628],[24.3174,94.4412,-99.4599],false,[53.94,171.343,109.286],[52.541,194.165,50.9687],[8.14527,197.566,47.2638],[4.44999,188.887,73.3105],[13.728,183.267,88.5232],[[[-0.0466346,-0.930597,-0.363062],[0.998662,-0.0353078,-0.0377756],[0.0223349,-0.364338,0.930999]],[[-0.0456027,-0.945779,-0.321593],[0.102901,0.315768,-0.94324],[0.993646,-0.0761064,0.0829215]],[[-0.0456027,-0.945779,-0.321593],[-0.990013,0.0857762,-0.111875],[0.133394,0.313279,-0.940246]],[[-0.0456027,-0.945779,-0.321593],[-0.866794,-0.122565,0.483369],[-0.496576,0.300798,-0.814207]]],3],[1164,[-0.591254,0.0857147,-0.801918],116,50.5107,[11.7324,178.074,-7.12976],[11.4499,178.752,-7.19076],[62.9902,138.459,-100.767],false,[48.3752,159.193,104.392],[50.7149,173.021,48.1284],[31.8906,175.525,18.3014],[20.3264,177.202,2.61681],[9.49715,178.844,-10.6925],[[[-0.208099,-0.947799,-0.241603],[0.977275,-0.211669,-0.0113841],[-0.0403499,-0.238482,0.970308]],[[-0.210837,-0.976184,0.0511085],[0.819834,-0.205059,-0.534625],[0.532372,-0.0708182,0.843543]],[[-0.210837,-0.976184,0.0511085],[0.778439,-0.199292,-0.595244],[0.591254,-0.0857147,0.801918]],[[-0.210837,-0.976184,0.0511085],[0.748886,-0.194906,-0.633389],[0.628266,-0.0952674,0.772144]]],4],[1170,[0.076743,0.959162,-0.272249],117,45.3781,[-72.2225,213.759,83.9852],[-67.9226,214.374,92.292],[79.1441,23.9286,233.592],false,[-73.7529,128.908,113.525],[-73.7529,128.908,113.525],[-72.5612,171.923,107.414],[-70.2829,200.398,99.332],[-67.7757,218.954,91.2933],[[[-0.947467,-0.224255,-0.228069],[-0.312061,0.49168,0.812938],[0.0701687,-0.841404,0.535832]],[[-0.937937,-0.0231724,-0.346029],[-0.345719,0.141355,0.92763],[-0.0274176,-0.989688,0.140594]],[[-0.937937,-0.0231724,-0.346029],[-0.338207,0.281908,0.897855],[-0.076743,-0.959162,0.272249]],[[-0.937937,-0.0231724,-0.346029],[-0.324245,0.412579,0.85126],[-0.123039,-0.910627,0.394487]]],0],[1171,[0.412155,-0.699066,0.584324],117,51.2042,[-54.3933,154.521,56.1015],[-50.3594,153.691,64.6112],[104.268,-7.31983,204.885],false,[-92.4316,128.104,104.782],[-89.8777,169.558,56.0128],[-55.1317,176.572,44.0605],[-46.4577,161.86,56.3579],[-51.1732,151.894,66.3463],[[[-0.119279,-0.753409,-0.646644],[-0.99206,0.116592,0.0471513],[-0.0398694,-0.647133,0.761334]],[[-0.11404,-0.675868,-0.728147],[-0.352477,0.712773,-0.606394],[-0.928846,-0.187502,0.319512]],[[-0.11404,-0.675868,-0.728147],[0.903949,0.233473,-0.358284],[-0.412155,0.699066,-0.584324]],[[-0.11404,-0.675868,-0.728147],[0.941554,-0.307371,0.13784],[0.316973,0.66987,-0.671418]]],1],[1172,[0.464472,-0.429475,0.774479],117,58.343,[-51.5392,147.055,53.7156],[-47.5522,146.089,62.8867],[99.3166,-11.758,210.293],false,[-95.1466,120.618,97.6031],[-93.6541,153.286,46.4087],[-55.3056,163.404,32.6846],[-43.8054,152.771,51.8606],[-48.2883,144.627,65.3259],[[[0.0473128,-0.842675,-0.53634],[-0.998578,-0.0266949,-0.0461468],[-0.0245692,-0.53776,0.84274]],[[0.0463952,-0.861535,-0.505574],[-0.403627,0.446795,-0.798411],[-0.913746,-0.241106,0.32701]],[[0.0463952,-0.861535,-0.505574],[0.884372,0.270757,-0.380233],[-0.464472,0.429475,-0.774479]],[[0.0463952,-0.861535,-0.505574],[0.960615,-0.100337,0.259135],[0.273982,0.497685,-0.822948]]],2],[1173,[0.455251,-0.338453,0.823527],117,56.0984,[-56.0156,131.354,50.6372],[-51.7746,130.675,60.3504],[94.6994,-10.7019,214.378],false,[-95.4083,112.011,91.256],[-94.8384,134.124,41.4015],[-59.3119,144.601,29.5054],[-48.331,136.437,49.3692],[-52.6384,129.139,63.256],[[[0.118323,-0.9082,-0.401463],[-0.99292,-0.103961,-0.0574597],[-0.0104484,-0.405419,0.914071]],[[0.118614,-0.893635,-0.432837],[-0.389838,0.359001,-0.848024],[-0.913212,-0.269323,0.305791]],[[0.118614,-0.893635,-0.432837],[0.882427,0.294731,-0.366683],[-0.455251,0.338453,-0.823527]],[[0.118614,-0.893635,-0.432837],[0.956989,-0.0133521,0.289818],[0.264771,0.448596,-0.853615]]],3],[1174,[0.750833,0.189765,-0.632644],117,43.9801,[-52.2061,126.877,-6.62517],[-49.8364,126.475,-1.79143],[117.099,-39.8843,215.633],false,[-89.7574,101.997,86.6366],[-91.9035,115.997,38.1758],[-72.1631,120.702,15.0231],[-59.3764,123.934,4.24917],[-47.2359,127.089,-3.991],[[[0.27874,-0.919274,-0.277921],[-0.959425,-0.27936,-0.0382189],[0.0425065,-0.277298,0.959843]],[[0.277785,-0.959733,0.0418033],[-0.715347,-0.235702,-0.657817],[-0.641182,-0.152828,0.752016]],[[0.277785,-0.959733,0.0418033],[-0.599237,-0.207126,-0.773314],[-0.750833,-0.189765,0.632644]],[[0.277785,-0.959733,0.0418033],[-0.518148,-0.186332,-0.834748],[-0.808924,-0.21022,0.549044]]],4]],[[0,200,0],[235.247,235.247,147.751]]],[382979,83409335126,[[116,"right",[0.107285,0.492198,-0.863847],[-0.978069,-0.103767,-0.180595],[43.455,201.688,74.1107],[16.4473,87.3379,-69.4754],[43.3055,200.868,74.9741],0.251043,0.254084,0.671356,[[-0.280011,-0.523572,-0.804653],[0.719189,0.440798,-0.537089],[0.635894,-0.729088,0.253119]],63.72,[214.939,-27.8844,186.296],[43.2477,168.969,117.954]],[117,"left",[-0.130368,0.541948,-0.830239],[0.987844,-0.000512139,-0.15545],[-85.0825,138.643,65.5261],[111.877,-20.9493,171.609],[-88.7892,139.055,59.3184],0,0.46641,0.314363,[[-0.16508,-0.863376,-0.476792],[-0.602982,0.470904,-0.643943],[-0.780488,-0.181195,0.598337]],55.4815,[-266.716,64.9883,242.258],[-83.2305,107.586,101.594]]],[[1160,[-0.280411,0.448176,-0.848828],116,52.1164,[3.07858,256.148,60.8374],[2.59117,255.395,59.9922],[8.34776,77.1593,-66.1506],false,[27.228,190.803,132.366],[27.228,190.803,132.366],[16.0739,226.438,99.2368],[6.5131,241.718,70.2955],[2.11739,260.76,57.4179],[[[0.967584,-0.158927,-0.196271],[0.251859,0.549883,0.796364],[-0.0186376,-0.819982,0.572086]],[[0.951187,0.0109993,-0.308418],[0.212869,0.700198,0.681476],[0.22345,-0.713864,0.663678]],[[0.951187,0.0109993,-0.308418],[0.128889,0.893878,0.429383],[0.280411,-0.448176,0.848828]],[[0.951187,0.0109993,-0.308418],[0.244879,0.58131,0.775959],[0.187822,-0.813608,0.550241]]],0],[1161,[-0.0558551,-0.695194,0.716649],116,58.8075,[7.37415,206.571,86.0891],[7.48646,207.618,84.3149],[9.26323,60.4173,-77.6547],false,[48.9403,191.128,122.861],[43.7803,235.855,64.6771],[1.59567,230.938,58.1929],[0.245635,214.135,75.5146],[9.66591,205.698,87.0035],[[[0.194006,-0.769366,-0.608636],[0.97849,0.196121,0.0639853],[0.0701382,-0.607957,0.790866]],[[0.187013,-0.712351,-0.676449],[0.030091,0.692428,-0.720859],[0.981897,0.114455,0.150928]],[[0.187013,-0.712351,-0.676449],[-0.980768,-0.0962392,-0.169798],[0.0558551,0.695194,-0.716649]],[[0.187013,-0.712351,-0.676449],[-0.813038,-0.498719,0.300414],[-0.551358,0.493797,-0.672435]]],1],[1162,[-0.0872859,-0.503392,0.859638],116,67.0064,[6.65081,195.896,88.3238],[7.02121,196.944,86.4476],[15.986,59.3229,-81.0528],false,[52.9279,182.449,115.09],[49.8367,217.1,54.6142],[1.75437,217.289,51.2478],[-0.727727,202.974,75.6928],[9.26254,195.246,89.6071],[[[0.0320278,-0.866516,-0.498122],[0.998504,0.0498321,-0.0224852],[0.0443062,-0.496656,0.866816]],[[0.0317951,-0.8639,-0.502659],[0.0623073,0.503648,-0.861659],[0.99755,-0.00392276,0.0698408]],[[0.0317951,-0.8639,-0.502659],[-0.995676,0.0165427,-0.0914117],[0.0872859,0.503392,-0.859638]],[[0.0317951,-0.8639,-0.502659],[-0.846384,-0.290767,0.446194],[-0.531623,0.411255,-0.740436]]],2],[1163,[-0.139482,-0.312524,0.939613],116,64.4285,[11.4599,183.917,85.7402],[11.9113,185.177,83.6712],[20.164,66.3953,-88.9514],false,[54.182,172.308,108.269],[53.0463,195.036,49.909],[8.66355,198.128,45.8012],[4.79961,189.471,71.8304],[13.9945,183.943,87.1271],[[[-0.0371645,-0.931433,-0.362011],[0.999145,-0.0280616,-0.0303726],[0.0181314,-0.36283,0.931679]],[[-0.0363221,-0.946636,-0.320252],[0.1092,0.314785,-0.94286],[0.993356,-0.0692181,0.0919386]],[[-0.0363221,-0.946636,-0.320252],[-0.989558,0.0787982,-0.120687],[0.139482,0.312524,-0.939613]],[[-0.0363221,-0.946636,-0.320252],[-0.869765,-0.127868,0.476612],[-0.492128,0.295856,-0.818706]]],3],[1164,[-0.585302,0.0801645,-0.806843],116,50.5107,[12.8125,178.77,-8.61467],[12.552,179.223,-8.56723],[61.7669,84.8677,-88.3645],false,[48.7423,160.11,103.352],[51.3956,173.875,47.0867],[32.8049,176.194,17.0987],[21.3571,177.762,1.31781],[10.6226,179.305,-12.0798],[[[-0.19939,-0.94964,-0.241718],[0.978851,-0.204536,-0.0038771],[-0.0457583,-0.23738,0.970339]],[[-0.204079,-0.97763,0.0509104],[0.825785,-0.199846,-0.527391],[0.525767,-0.0655884,0.848096]],[[-0.204079,-0.97763,0.0509104],[0.784712,-0.194458,-0.588568],[0.585302,-0.0801645,0.806843]],[[-0.204079,-0.97763,0.0509104],[0.755324,-0.19033,-0.627104],[0.622765,-0.089525,0.77727]]],4],[1170,[0.0549593,0.97132,-0.231335],117,45.3781,[-71.9284,213.732,84.9681],[-67.2229,213.055,97.7066],[55.1016,-22.3398,267.061],false,[-71.4511,126.827,115.893],[-71.4511,126.827,115.893],[-71.1641,170.055,111.381],[-69.5325,198.891,104.514],[-67.314,217.68,96.9439],[[[-0.943064,-0.23197,-0.238369],[-0.322757,0.465084,0.824333],[0.0803587,-0.854334,0.513474]],[[-0.936423,-0.03027,-0.349566],[-0.350812,0.0995201,0.931143],[-0.00660315,-0.994575,0.103812]],[[-0.936423,-0.03027,-0.349566],[-0.346543,0.23584,0.907903],[-0.0549593,-0.97132,0.231335]],[[-0.936423,-0.03027,-0.349566],[-0.333558,0.385911,0.860123],[-0.108866,-0.922039,0.371473]]],0],[1171,[0.420187,-0.708255,0.56729],117,51.2042,[-53.6607,154.436,57.3656],[-48.2147,153.265,67.7559],[110.359,-14.6135,189.795],false,[-90.0786,125.983,107.046],[-87.9326,168.762,59.4139],[-53.2471,176.609,47.8091],[-44.4041,161.704,59.7479],[-49.0119,151.406,69.4452],[[[-0.105358,-0.737487,-0.667093],[-0.99387,0.10069,0.0456525],[-0.0335013,-0.667813,0.743575]],[[-0.100925,-0.657752,-0.746443],[-0.360641,0.723432,-0.588714],[-0.927228,-0.209782,0.310224]],[[-0.100925,-0.657752,-0.746443],[0.901808,0.256392,-0.347859],[-0.420187,0.708255,-0.56729]],[[-0.100925,-0.657752,-0.746443],[0.945451,-0.296987,0.133868],[0.309735,0.692215,-0.651846]]],1],[1172,[0.466426,-0.443509,0.765341],117,58.343,[-50.8616,146.962,54.9155],[-45.3029,145.747,65.8476],[110.05,-15.1252,188.449],false,[-92.6519,118.653,99.6567],[-91.4267,152.699,49.361],[-53.1644,163.732,36.1091],[-41.6158,152.751,55.0588],[-46.0551,144.188,68.2758],[[[0.0620694,-0.827218,-0.558443],[-0.997868,-0.0401268,-0.0514707],[-0.0201689,-0.560447,0.827945]],[[0.0612998,-0.846936,-0.52815],[-0.406275,0.462154,-0.78826],[-0.911692,-0.262894,0.315759]],[[0.0612998,-0.846936,-0.52815],[0.882434,0.293258,-0.367846],[-0.466426,0.443509,-0.765341]],[[0.0612998,-0.846936,-0.52815],[0.960538,-0.0937773,0.261865],[0.271311,0.52336,-0.807765]]],2],[1173,[0.457504,-0.353411,0.81596],117,56.0984,[-55.3608,131.274,51.7733],[-49.2639,130.357,62.8582],[115.188,-13.6062,177.53],false,[-92.7591,110.217,93.0807],[-92.3057,133.663,43.8381],[-56.9007,144.989,32.3645],[-45.8655,136.464,52.0458],[-50.1137,128.734,65.7151],[[[0.133471,-0.895281,-0.425037],[-0.991018,-0.116971,-0.0648181],[-0.00831353,-0.429871,0.902852]],[[0.133678,-0.879862,-0.456041],[-0.392267,0.375611,-0.839669],[-0.910086,-0.291135,0.294929]],[[0.133678,-0.879862,-0.456041],[0.879102,0.317717,-0.355297],[-0.457504,0.353411,-0.81596]],[[0.133678,-0.879862,-0.456041],[0.956002,-0.00676391,0.293281],[0.261132,0.475181,-0.840246]]],3],[1174,[0.750549,0.217429,-0.62402],117,43.9801,[-50.6286,127.141,-4.4241],[-47.024,127.823,0.648721],[134.864,14.5873,176.346],false,[-86.9409,100.414,88.2215],[-89.0888,115.674,40.1428],[-69.3327,121.277,17.2041],[-56.5508,124.979,6.57707],[-44.4224,128.53,-1.51881],[[[0.293509,-0.907301,-0.301094],[-0.955009,-0.292311,-0.0501166],[0.0425422,-0.302257,0.952277]],[[0.291782,-0.95632,0.0177318],[-0.709292,-0.228774,-0.666758],[-0.641691,-0.181971,0.745063]],[[0.291782,-0.95632,0.0177318],[-0.592908,-0.195386,-0.781207],[-0.750549,-0.217429,0.62402]],[[0.291782,-0.95632,0.0177318],[-0.511673,-0.171725,-0.841844],[-0.808118,-0.236562,0.539429]]],4]],[[0,200,0],[235.247,235.247,147.751]]],[382980,83409343850,[[116,"right",[0.113411,0.481108,-0.869294],[-0.977295,-0.103592,-0.184833],[43.4545,202.612,71.9395],[12.0359,92.3187,-117.449],[43.3464,201.346,74.1421],0.249691,0.253935,0.628484,[[-0.27744,-0.528158,-0.802543],[0.726654,0.431096,-0.534912],[0.628491,-0.731577,0.264185]],63.72,[212.609,-27.0816,187.515],[42.9166,170.444,116.185]],[117,"left",[-0.121329,0.54883,-0.827082],[0.988191,-0.0117711,-0.152773],[-84.8356,138.865,67.7069],[89.5297,-8.53955,192.566],[-88.4164,139.037,60.1092],0,0.46595,0.326355,[[-0.169267,-0.856905,-0.486891],[-0.593774,0.482964,-0.643567],[-0.786627,-0.180169,0.590557]],55.4815,[-268.398,65.2007,242.414],[-83.4691,107.557,103.579]]],[[1160,[-0.271677,0.437351,-0.857272],116,52.1164,[3.3258,256.621,59.4819],[3.10484,256.401,56.9733],[24.1477,86.8662,-141.678],false,[26.8714,192.496,130.233],[26.8714,192.496,130.233],[16.2175,227.931,96.7273],[6.95448,242.843,67.4981],[2.74956,261.71,54.304],[[[0.968269,-0.163759,-0.188781],[0.24876,0.559157,0.790862],[-0.0239528,-0.812728,0.582151]],[[0.953546,0.00185341,-0.301242],[0.212598,0.704333,0.677286],[0.21343,-0.709867,0.67122]],[[0.953546,0.00185341,-0.301242],[0.130159,0.899289,0.417538],[0.271677,-0.437351,0.857272]],[[0.953546,0.00185341,-0.301242],[0.241803,0.591699,0.769041],[0.17967,-0.806157,0.563764]]],0],[1161,[-0.0631304,-0.686062,0.724799],116,58.8075,[7.37919,206.911,85.4465],[7.41426,208.768,81.8525],[3.96105,79.6718,-132.652],false,[48.6378,192.649,120.848],[43.9201,236.659,62.0826],[1.76173,231.788,55.3958],[0.235838,215.205,72.9144],[9.54914,206.879,84.5702],[[[0.195478,-0.777382,-0.597884],[0.978609,0.194482,0.0670857],[0.0641266,-0.598209,0.79877]],[[0.189027,-0.721322,-0.666306],[0.0367236,0.683257,-0.729254],[0.981285,0.11338,0.155644]],[[0.189027,-0.721322,-0.666306],[-0.97994,-0.0949427,-0.175222],[0.0631304,0.686062,-0.724799]],[[0.189027,-0.721322,-0.666306],[-0.816785,-0.492155,0.301074],[-0.545096,0.487318,-0.682196]]],1],[1162,[-0.0931877,-0.492455,0.865335],116,67.0064,[6.68492,196.22,87.7249],[6.944,198.11,84.1308],[9.47621,79.1156,-130.343],false,[52.647,183.863,113.209],[49.9854,217.764,52.2888],[1.92286,218.026,48.6553],[-0.727068,204.022,73.2623],[9.16765,196.443,87.3264],[[[0.032632,-0.872743,-0.487088],[0.998739,0.0470759,-0.017439],[0.0381498,-0.485905,0.873179]],[[0.0324295,-0.870157,-0.491706],[0.0682688,0.492745,-0.867492],[0.99714,-0.00543594,0.075384]],[[0.0324295,-0.870157,-0.491706],[-0.99512,0.0177587,-0.097058],[0.0931878,0.492455,-0.865335]],[[0.0324295,-0.870157,-0.491706],[-0.849532,-0.283173,0.445093],[-0.526539,0.403286,-0.74841]]],2],[1163,[-0.147046,-0.300178,0.942481],116,64.4285,[11.4998,184.266,85.1212],[11.7877,186.318,81.4867],[10.4883,83.8469,-132.78],false,[53.9139,173.635,106.522],[53.1653,195.635,47.8774],[8.82208,198.805,43.417],[4.74862,190.49,69.5256],[13.8283,185.131,84.9507],[[[-0.0374923,-0.935784,-0.350574],[0.999225,-0.0309115,-0.0243507],[0.0119503,-0.351215,0.936218]],[[-0.0369224,-0.950509,-0.308495],[0.116778,0.302487,-0.945973],[0.992471,-0.070953,0.09983]],[[-0.0369224,-0.950509,-0.308495],[-0.98844,0.0801615,-0.128685],[0.147046,0.300178,-0.942481]],[[-0.0369224,-0.950509,-0.308495],[-0.873202,-0.119433,0.472498],[-0.485958,0.286824,-0.825577]]],3],[1164,[-0.58049,0.0715724,-0.811116],116,50.5107,[13.1147,178.834,-9.67593],[12.9688,179.193,-10.6311],[57.9792,61.1413,-127.713],false,[48.4709,161.39,101.726],[51.4767,174.445,45.3099],[33.0644,176.436,15.1885],[21.7108,177.836,-0.675928],[11.0563,179.239,-14.1526],[[[-0.200439,-0.952087,-0.230986],[0.978334,-0.206991,0.00422766],[-0.051837,-0.225134,0.972948]],[[-0.206852,-0.976413,0.0618792],[0.828289,-0.208432,-0.520089],[0.52072,-0.0563275,0.851867]],[[-0.206852,-0.976413,0.0618792],[0.787555,-0.203701,-0.581603],[0.58049,-0.0715724,0.811116]],[[-0.206852,-0.976413,0.0618792],[0.758378,-0.199977,-0.620381],[0.618123,-0.0813991,0.781856]]],4],[1170,[0.0618344,0.973995,-0.217966],117,45.3781,[-71.8168,213.72,85.3576],[-66.3995,212.892,100.713],[61.4601,-21.3732,288.009],false,[-71.492,126.558,118.034],[-71.492,126.558,118.034],[-70.8567,169.828,113.984],[-69.021,198.744,107.513],[-66.5731,217.511,99.9613],[[[-0.945197,-0.218721,-0.242411],[-0.319268,0.463763,0.826433],[0.0683372,-0.858536,0.508179]],[[-0.936198,-0.0191034,-0.350953],[-0.351168,0.0923676,0.931745],[-0.0146172,-0.995542,0.0931829]],[[-0.936198,-0.0191034,-0.350953],[-0.34599,0.225761,0.910672],[-0.0618344,-0.973995,0.217966]],[[-0.936198,-0.0191034,-0.350953],[-0.330306,0.389099,0.859942],[-0.120128,-0.920998,0.370584]]],0],[1171,[0.409969,-0.716983,0.563791],117,51.2042,[-53.392,154.397,57.9007],[-47.7919,153.025,70.1209],[93.9694,-18.1755,211.764],false,[-90.1039,126.002,109.13],[-87.2953,169.055,61.7811],[-52.4861,176.552,50.316],[-43.8581,161.463,62.1811],[-48.6191,151.161,71.7996],[[[-0.112625,-0.731836,-0.67211],[-0.99267,0.112717,0.0436076],[-0.0438447,-0.672095,0.739166]],[[-0.106983,-0.651658,-0.75093],[-0.350225,0.731557,-0.58495],[-0.930536,-0.200414,0.306491]],[[-0.106983,-0.651658,-0.75093],[0.905803,0.247542,-0.343865],[-0.409969,0.716983,-0.563791]],[[-0.106983,-0.651658,-0.75093],[0.941348,-0.30949,0.134464],[0.32003,0.692501,-0.646547]]],1],[1172,[0.45782,-0.454431,0.764129],117,58.343,[-50.617,146.918,55.4208],[-44.982,145.472,68.1831],[90.1595,-19.9917,210.492],false,[-92.7472,118.752,101.687],[-90.9601,153.102,51.6156],[-52.5174,163.732,38.5576],[-41.1819,152.481,57.4773],[-45.7806,143.891,70.6224],[[[0.0533741,-0.82433,-0.563587],[-0.998141,-0.0274143,-0.0544308],[-0.0294186,-0.565445,0.824261]],[[0.0522748,-0.844248,-0.533397],[-0.397783,0.472321,-0.786563],[-0.915989,-0.253294,0.311137]],[[0.0522748,-0.844248,-0.533397],[0.887507,0.284145,-0.362758],[-0.45782,0.454431,-0.764129]],[[0.0522748,-0.844248,-0.533397],[0.958268,-0.107916,0.264721],[0.281052,0.524976,-0.803374]]],2],[1173,[0.451634,-0.363996,0.814576],117,56.0984,[-55.1258,131.239,52.251],[-49.1063,130.171,65.051],[89.3232,-15.5367,197.048],false,[-92.9405,110.361,95.057],[-92.0594,134.114,45.9678],[-56.5007,145.089,34.6292],[-45.6071,136.309,54.2771],[-49.9817,128.544,67.887],[[[0.123554,-0.894128,-0.43043],[-0.992206,-0.10425,-0.068254],[-0.0161555,-0.435508,0.90004]],[[0.12404,-0.878511,-0.461338],[-0.386199,0.385528,-0.837985],[-0.914037,-0.282112,0.291459]],[[0.12404,-0.878511,-0.461338],[0.883539,0.309396,-0.351615],[-0.451634,0.363996,-0.814576]],[[0.12404,-0.878511,-0.461338],[0.955147,-0.0202841,0.295436],[0.268902,0.477292,-0.836591]]],3],[1174,[0.754923,0.212001,-0.620602],117,43.9801,[-50.1172,127.243,-3.46054],[-46.738,127.984,2.8581],[107.569,15.7057,196.92],false,[-87.2307,100.517,90.1506],[-89.0553,116.111,42.1655],[-69.1726,121.61,19.3113],[-56.3162,125.22,8.74248],[-44.121,128.671,0.704078],[[[0.283086,-0.908925,-0.306133],[-0.958414,-0.280114,-0.0545844],[0.0361392,-0.308854,0.950423]],[[0.279855,-0.959961,0.0124974],[-0.710365,-0.215812,-0.669931],[-0.645804,-0.178606,0.742318]],[[0.279855,-0.959961,0.0124974],[-0.593104,-0.183113,-0.784026],[-0.754923,-0.212001,0.620602]],[[0.279855,-0.959961,0.0124974],[-0.511282,-0.160045,-0.844379],[-0.812571,-0.229914,0.5356]]],4]],[[0,200,0],[235.247,235.247,147.751]]],[382981,83409353128,[[116,"right",[0.128656,0.464178,-0.876348],[-0.974673,-0.103813,-0.198078],[43.035,203.627,69.0142],[-4.09582,97.1273,-173.19],[43.278,201.847,73.0155],0.251737,0.253968,0.633087,[[-0.281244,-0.537272,-0.795136],[0.72687,0.421713,-0.542049],[0.626547,-0.730409,0.271923]],63.72,[210.86,-24.9055,187.265],[41.6925,172.305,113.846]],[117,"left",[-0.104895,0.547146,-0.830439],[0.989342,-0.0273911,-0.143013],[-84.5743,139.598,69.6493],[72.2387,16.1269,197.296],[-88.1173,139.081,60.852],0,0.465573,0.336748,[[-0.165302,-0.854143,-0.493066],[-0.58845,0.486621,-0.645699],[-0.791456,-0.18341,0.58306]],55.4815,[-270.098,65.3048,242.731],[-84.034,108.423,105.659]]],[[1160,[-0.25514,0.419093,-0.871358],116,52.1164,[3.51016,257.089,57.5086],[3.32021,257.323,52.4091],[24.6503,88.3013,-241.922],false,[25.5111,194.672,127.222],[25.5111,194.672,127.222],[15.6617,229.643,92.9912],[6.96251,243.932,63.2818],[3.05962,262.492,49.569],[[[0.970486,-0.170534,-0.170517],[0.238465,0.573201,0.783949],[-0.0359497,-0.801473,0.596949]],[[0.958491,-0.00899624,-0.28498],[0.20582,0.713518,0.669724],[0.197313,-0.70058,0.685752]],[[0.958491,-0.00899624,-0.28498],[0.127272,0.907899,0.399402],[0.25514,-0.419093,0.871358]],[[0.958491,-0.00899624,-0.28498],[0.231266,0.609127,0.758604],[0.166765,-0.793021,0.585924]]],0],[1161,[-0.0814419,-0.672246,0.735835],116,58.8075,[7.29713,207.308,84.5618],[6.77207,210.12,78.1948],[-18.4128,98.6604,-207.327],false,[47.4212,194.574,118.177],[43.7773,237.479,58.5246],[1.71663,232.697,51.1897],[-0.251853,216.448,68.9751],[8.78566,208.28,80.9548],[[[0.201925,-0.789213,-0.579974],[0.978148,0.192452,0.0786698],[0.04953,-0.583185,0.810828]],[[0.196759,-0.734602,-0.649342],[0.0531405,0.669306,-0.741084],[0.979011,0.111309,0.170729]],[[0.196759,-0.734602,-0.649342],[-0.977063,-0.0918986,-0.192098],[0.0814419,0.672246,-0.735835]],[[0.196759,-0.734602,-0.649342],[-0.825525,-0.481432,0.294501],[-0.528955,0.478103,-0.701159]]],1],[1162,[-0.108077,-0.475742,0.87292],116,67.0064,[6.63927,196.599,86.9237],[6.32946,199.475,80.7217],[-11.6596,98.1237,-197.073],false,[51.5167,185.632,110.769],[49.9255,218.382,49.1852],[1.9254,218.729,44.809],[-1.14793,205.201,69.6317],[8.50361,197.857,83.9864],[[[0.0370311,-0.881915,-0.469952],[0.999054,0.0434054,-0.00273169],[0.0228076,-0.469406,0.882688]],[[0.036908,-0.879378,-0.474692],[0.0832656,0.47607,-0.875457],[0.995844,-0.00721419,0.0907927]],[[0.036908,-0.879378,-0.474692],[-0.993457,0.0190857,-0.112599],[0.108077,0.475742,-0.87292]],[[0.036908,-0.879378,-0.474692],[-0.857237,-0.271994,0.437224],[-0.513598,0.390786,-0.763874]]],2],[1163,[-0.163484,-0.28163,0.945493],116,64.4285,[11.4535,184.662,84.3244],[11.1522,187.633,78.3457],[-11.896,100.271,-191.165],false,[52.8502,175.275,104.297],[53.0932,196.163,45.2427],[8.84182,199.407,39.9931],[4.31299,191.605,66.1852],[13.1274,186.51,81.8516],[[[-0.0354352,-0.942125,-0.333383],[0.999364,-0.0347001,-0.00816112],[-0.00387963,-0.33346,0.942756]],[[-0.0355731,-0.956081,-0.290935],[0.133456,0.283967,-0.949501],[0.990416,-0.0726036,0.117493]],[[-0.0355731,-0.956081,-0.290935],[-0.985904,0.0811972,-0.146285],[0.163484,