{"metadata":{"formatVersion":2,"generatedBy":"LeapJS Playback 0.2.1","frames":131,"protocolVersion":6,"serviceVersion":"2.2.5+26752","frameRate":"92","modified":"Wed Apr 22 2015 20:43:23 GMT-0300 (E. South America Standard Time)"},"frames":[["id","timestamp",{"hands":[["id","type","direction","palmNormal","palmPosition","palmVelocity","stabilizedPalmPosition","pinchStrength","grabStrength","confidence","armBasis","armWidth","elbow","wrist"]]},{"pointables":[["id","direction","handId","length","stabilizedTipPosition","tipPosition","tipVelocity","tool","carpPosition","mcpPosition","pipPosition","dipPosition","btipPosition","bases","type"]]},{"interactionBox":["center","size"]}],[382845,83407843488,[[116,"right",[0.137676,0.37287,-0.917613],[-0.980415,-0.0804151,-0.179775],[36.3096,191.169,57.1585],[10.9923,-51.7928,-166.706],[35.5126,194.044,65.9618],0.591924,0.399659,0.669403,[[-0.32926,-0.657121,-0.678071],[0.658547,0.354823,-0.663639],[0.676686,-0.665051,0.315916]],63.72,[216.889,-15.2293,190.081],[34.1839,164.335,104.784]],[117,"left",[-0.12854,0.441688,-0.887913],[0.989175,-0.00680279,-0.146584],[-89.2301,125.403,51.692],[26.3299,19.6895,145.336],[-91.0437,124.552,43.6106],0,0.412316,0.455938,[[-0.14446,-0.913636,-0.38],[-0.611824,0.384294,-0.691368],[-0.777691,-0.132618,0.6145]],55.4815,[-270.205,67.5293,235.561],[-87.3769,98.7066,91.0975]]],[[1160,[-0.225045,0.479221,-0.848352],116,52.1164,[-1.91686,230.745,45.0537],[-1.3531,228.445,39.7179],[15.5394,-10.7226,-172.684],false,[19.1097,188.543,116.088],[19.1097,188.543,116.088],[11.264,224.035,81.8753],[3.59092,240.374,52.9503],[-2.92995,226.585,35.2002],[[[0.960442,-0.227289,-0.160908],[0.271392,0.634391,0.723806],[-0.0624342,-0.738843,0.67098]],[[0.95311,-0.0725259,-0.293804],[0.258606,0.699433,0.666271],[0.157174,-0.711009,0.685392]],[[0.95311,-0.0725259,-0.293804],[0.202324,0.874693,0.440429],[0.225045,-0.479221,0.848352]],[[0.95311,-0.0725259,-0.293804],[-0.118101,0.804731,-0.581773],[0.278627,0.589192,0.758432]]],0],[1161,[-0.0886272,-0.590452,0.802192],116,58.8075,[-0.433265,202.176,76.4897],[0.719942,199.837,66.4923],[13.1078,-43.8161,-166.004],false,[40.8891,186.649,106.926],[38.3438,223.807,43.4804],[-4.00057,219.762,37.4502],[-6.14272,205.491,56.8395],[2.77057,198.224,69.4752],[[[0.16194,-0.848664,-0.503532],[0.986194,0.157075,0.0524289],[0.034598,-0.505071,0.862384]],[[0.15848,-0.803461,-0.573877],[0.0587403,0.587865,-0.806823],[0.985613,0.0941553,0.14036]],[[0.15848,-0.803461,-0.573877],[-0.983377,-0.0762698,-0.164783],[0.0886272,0.590452,-0.802192]],[[0.15848,-0.803461,-0.573877],[-0.83829,-0.416587,0.351747],[-0.521685,0.425331,-0.739553]]],1],[1162,[-0.113673,-0.3949,0.911664],116,67.0064,[-1.34,191.647,80.0683],[-0.345418,189.355,69.634],[9.8902,-44.6783,-166.734],false,[44.5201,176.877,100.373],[43.5782,203.664,35.9595],[-4.43576,205.593,32.1888],[-7.66821,194.363,58.1133],[1.8582,187.866,72.9517],[[[-0.00538567,-0.923358,-0.383902],[0.999894,0.000210373,-0.0145333],[0.0135002,-0.38394,0.923259]],[[-0.00559269,-0.917343,-0.398058],[0.0876928,0.39608,-0.914019],[0.996132,-0.0400186,0.0782292]],[[-0.00559269,-0.917343,-0.398058],[-0.993503,0.050347,-0.102068],[0.113673,0.3949,-0.911664]],[[-0.00559269,-0.917343,-0.398058],[-0.861963,-0.197375,0.466971],[-0.50694,0.345723,-0.789613]]],2],[1163,[-0.162031,-0.187466,0.968815],116,64.4285,[3.05346,179.534,79.8282],[3.77583,177.257,68.7775],[6.46748,-43.7548,-170.858],false,[45.3434,165.904,94.9098],[45.7677,181.056,34.1314],[1.57454,185.61,29.3892],[-2.91403,180.417,56.2273],[5.77297,176.393,72.2721],[[[-0.0787012,-0.967165,-0.241657],[0.996875,-0.0779992,-0.0124853],[-0.00677373,-0.241885,0.970281]],[[-0.0789112,-0.976183,-0.20209],[0.12421,0.191514,-0.973599],[0.989113,-0.101929,0.106139]],[[-0.0789112,-0.976183,-0.20209],[-0.983625,0.109195,-0.143378],[0.162031,0.187466,-0.968815]],[[-0.0789112,-0.976183,-0.20209],[-0.881817,-0.0261954,0.470864],[-0.464943,0.215362,-0.858747]]],3],[1164,[-0.634204,0.0460499,-0.771793],116,50.5107,[1.08751,164.329,-12.882],[1.25512,162.326,-19.6462],[10.8159,-45.822,-172.631],false,[39.367,153.446,91.5002],[43.1306,159.807,33.988],[22.6167,160.7,5.20164],[10.2124,161.601,-9.89371],[-1.28222,162.62,-22.6977],[[[-0.24258,-0.962388,-0.122327],[0.967958,-0.248541,0.0358516],[-0.0649063,-0.10971,0.991842]],[[-0.251097,-0.956383,0.14927],[0.774834,-0.291022,-0.561194],[0.580157,-0.0252547,0.814113]],[[-0.251097,-0.956383,0.14927],[0.731256,-0.288463,-0.618105],[0.634204,-0.0460499,0.771793]],[[-0.251097,-0.956383,0.14927],[0.701599,-0.286065,-0.65263],[0.666865,-0.0591458,0.742828]]],4],[1170,[0.0883466,0.932053,-0.351387],117,45.3781,[-70.9303,201.593,63.0928],[-69.4145,202.497,74.3756],[27.965,23.03,185.164],false,[-75.935,119.596,103.188],[-75.935,119.596,103.188],[-74.3962,161.921,93.4284],[-71.7735,189.592,82.9967],[-68.6511,206.929,72.7542],[[[-0.938311,-0.268736,-0.21761],[-0.335241,0.552682,0.762991],[0.0847735,-0.788875,0.608679]],[[-0.927539,-0.0516264,-0.370144],[-0.372046,0.221377,0.901429],[-0.0354039,-0.973821,0.224544]],[[-0.927539,-0.0516264,-0.370144],[-0.363134,0.358626,0.859954],[-0.0883466,-0.932053,0.351387]],[[-0.927539,-0.0516264,-0.370144],[-0.340872,0.522926,0.781252],[-0.153224,-0.850813,0.502632]]],0],[1171,[0.426351,-0.605642,0.671881],117,51.2042,[-55.1687,141.251,39.6358],[-52.1404,141.827,52.0082],[28.1611,11.1314,167.032],false,[-94.4707,117.526,94.3488],[-92.3456,154.587,42.1439],[-57.7273,161.034,29.5203],[-48.7546,148.288,43.6602],[-53.3022,139.57,54.8244],[[[-0.0913618,-0.810247,-0.578924],[-0.995265,0.0936624,0.0259784],[-0.0331745,-0.578557,0.814967]],[[-0.0887807,-0.767203,-0.63523],[-0.368363,0.617823,-0.694697],[-0.925433,-0.17232,0.33746]],[[-0.0887807,-0.767203,-0.63523],[0.900191,0.211181,-0.380867],[-0.42635,0.605642,-0.671881]],[[-0.0887807,-0.767203,-0.63523],[0.947982,-0.26081,0.182504],[0.305692,0.585984,-0.75045]]],1],[1172,[0.464286,-0.354728,0.811546],117,58.343,[-51.9141,133.18,37.16],[-49.1975,133.233,50.6378],[16.7579,3.23966,184.936],false,[-96.8978,109.369,87.8292],[-95.5758,137.439,33.9723],[-57.3059,147.455,19.9565],[-45.8103,138.672,40.0502],[-50.2609,131.498,54.0662],[[[0.0760123,-0.884978,-0.459386],[-0.996869,-0.0573927,-0.0543834],[-0.0217628,-0.462082,0.88657]],[[0.0753967,-0.897135,-0.435274],[-0.403491,0.371735,-0.836067],[-0.911872,-0.238666,0.333958]],[[0.0753967,-0.897135,-0.435274],[0.88247,0.263279,-0.389782],[-0.464286,0.354728,-0.811546]],[[0.0753967,-0.897135,-0.435274],[0.959337,-0.0538132,0.277087],[0.272008,0.438466,-0.856598]]],2],[1173,[0.530616,-0.225725,0.817004],117,56.0984,[-54.4709,118.003,35.7143],[-51.6779,118.6,47.5346],[29.8816,15.4619,159.017],false,[-96.8547,100.234,82.2635],[-96.2008,117.886,30.6621],[-61.8771,128.905,16.0365],[-49.0785,123.46,35.7429],[-52.1672,117.363,50.5058],[[[0.146912,-0.93647,-0.318497],[-0.989077,-0.135175,-0.0587759],[-0.0119891,-0.323653,0.9461]],[[0.147239,-0.924688,-0.351103],[-0.447083,0.25442,-0.857547],[-0.882291,-0.283236,0.375952]],[[0.147239,-0.924688,-0.351103],[0.834726,0.306595,-0.457418],[-0.530616,0.225725,-0.817004]],[[0.147239,-0.924688,-0.351103],[0.970708,0.0669525,0.230747],[0.189862,0.374793,-0.90746]]],3],[1174,[0.721578,0.134325,-0.679177],117,43.9801,[-54.9545,106.125,-21.3025],[-51.8715,106.857,-12.885],[56.3611,15.9495,161.802],false,[-90.8878,90.0069,78.6065],[-92.7582,99.6316,29.0795],[-73.5338,102.39,5.19046],[-61.2454,104.677,-6.37593],[-49.6076,107.097,-15.5385],[[[0.305928,-0.932341,-0.192737],[-0.951334,-0.307244,-0.0237802],[0.037046,-0.190632,0.980962]],[[0.301546,-0.944036,0.133664],[-0.720534,-0.317442,-0.616491],[-0.62442,-0.0895908,0.775934]],[[0.301546,-0.944036,0.133664],[-0.623213,-0.301252,-0.721701],[-0.721578,-0.134325,0.679177]],[[0.301546,-0.944036,0.133664],[-0.554786,-0.287742,-0.780652],[-0.775424,-0.161247,0.610505]]],4]],[[0,200,0],[235.247,235.247,147.751]]],[382846,83407852792,[[116,"right",[0.137766,0.36698,-0.919971],[-0.980051,-0.0838312,-0.180203],[36.3334,190.523,55.769],[8.61257,-56.7496,-161.804],[35.5326,193.958,65.7135],0.58989,0.396093,0.669715,[[-0.330583,-0.660399,-0.674232],[0.656704,0.352128,-0.666892],[0.677831,-0.663234,0.317279]],63.72,[217.234,-15.0667,189.238],[34.2199,164.007,103.572]],[117,"left",[-0.117703,0.452928,-0.883743],[0.990536,-0.00971878,-0.136907],[-89.4291,125.875,52.8648],[12.8516,28.4693,139.89],[-90.9884,124.597,43.9276],0,0.412043,0.38535,[[-0.149661,-0.909448,-0.387952],[-0.608352,0.394008,-0.68896],[-0.779429,-0.132901,0.612232]],55.4815,[-271.326,67.4551,235.892],[-88.0894,98.699,91.9617]]],[[1160,[-0.225228,0.47275,-0.851927],116,52.1164,[-1.8931,230.647,44.643],[-1.40243,227.681,37.9837],[9.58008,-32.0987,-177.031],false,[19.0801,188.256,114.698],[19.0801,188.256,114.698],[11.1904,223.489,80.2282],[3.51111,239.608,51.1812],[-2.97333,225.769,33.4561],[[[0.961111,-0.226208,-0.158416],[0.269238,0.639868,0.719778],[-0.0614543,-0.734438,0.675887]],[[0.95358,-0.0724363,-0.292299],[0.256329,0.704682,0.661603],[0.158054,-0.705816,0.690538]],[[0.95358,-0.0724363,-0.292299],[0.199895,0.878214,0.43449],[0.225228,-0.47275,0.851927]],[[0.95358,-0.0724363,-0.292299],[-0.117973,0.803198,-0.583914],[0.27707,0.591292,0.757368]]],0],[1161,[-0.0880077,-0.585102,0.80617],116,58.8075,[-0.41455,202.128,76.3044],[0.716652,199.175,65.0146],[9.33055,-51.5306,-163.921],false,[40.8729,186.35,105.57],[38.3082,223.074,41.873],[-4.02109,218.888,35.8331],[-6.14827,204.746,55.3186],[2.769,197.587,68.0128],[[[0.164351,-0.851675,-0.497633],[0.985786,0.159643,0.0523483],[0.0348601,-0.499163,0.865807]],[[0.160867,-0.807035,-0.568169],[0.0581052,0.582412,-0.810814],[0.985264,0.0974198,0.140584]],[[0.160867,-0.807035,-0.568169],[-0.983044,-0.079683,-0.165149],[0.0880077,0.585103,-0.80617]],[[0.160867,-0.807035,-0.568169],[-0.83769,-0.416058,0.353797],[-0.521918,0.419035,-0.742975]]],1],[1162,[-0.113989,-0.389145,0.914097],116,67.0064,[-1.32575,191.605,79.8997],[-0.337578,188.707,68.2176],[7.17757,-51.8043,-162.602],false,[44.5323,176.542,99.0875],[43.5954,202.892,34.4934],[-4.41887,204.688,30.6619],[-7.66031,193.622,56.6555],[1.85928,187.243,71.5492],[[[-0.00292729,-0.925936,-0.377668],[0.999906,0.0023616,-0.0135402],[0.0134293,-0.377672,0.925842]],[[-0.00313588,-0.919948,-0.392027],[0.0877372,0.390264,-0.916513],[0.996139,-0.0372694,0.0794899]],[[-0.00313588,-0.919948,-0.392027],[-0.993477,0.0475533,-0.103644],[0.113989,0.389145,-0.914097]],[[-0.00313588,-0.919948,-0.392027],[-0.862189,-0.196106,0.467089],[-0.506577,0.339466,-0.792555]]],2],[1163,[-0.16286,-0.181163,0.969875],116,64.4285,[3.06305,179.498,79.6684],[3.813,176.622,67.4431],[5.64813,-50.6903,-163.084],false,[45.3858,165.535,93.6989],[45.8375,180.277,32.82],[1.63978,184.7,27.9968],[-2.87177,179.682,54.8643],[5.80344,175.787,70.9474],[[[-0.0762879,-0.968948,-0.235204],[0.99706,-0.075839,-0.0109676],[-0.00721062,-0.235349,0.971884]],[[-0.0765181,-0.977719,-0.195477],[0.124899,0.185108,-0.974749],[0.989214,-0.0990007,0.107952]],[[-0.0765181,-0.977719,-0.195477],[-0.983678,0.106048,-0.145369],[0.16286,0.181163,-0.969875]],[[-0.0765181,-0.977719,-0.195477],[-0.88236,-0.0248958,0.469916],[-0.464312,0.208438,-0.860795]]],3],[1164,[-0.63199,0.0386309,-0.774013],116,50.5107,[1.08751,164.329,-12.882],[1.49427,161.054,-20.9321],[16.038,-72.2044,-163.726],false,[39.4408,153.04,90.3674],[43.2481,159.022,32.8174],[22.8186,159.646,3.96406],[10.4576,160.402,-11.1747],[-1.00134,161.296,-24.02],[[[-0.240297,-0.963735,-0.116071],[0.968476,-0.246115,0.0384903],[-0.0656612,-0.103163,0.992495]],[[-0.249102,-0.955882,0.155687],[0.777257,-0.29322,-0.556681],[0.577772,-0.0176619,0.816007]],[[-0.249102,-0.955882,0.155687],[0.73385,-0.291201,-0.613731],[0.63199,-0.0386309,0.774013]],[[-0.249102,-0.955882,0.155687],[0.704269,-0.289136,-0.648386],[0.664795,-0.0518689,0.745223]]],4],[1170,[0.0963902,0.93591,-0.338794],117,45.3781,[-70.9084,201.614,63.3036],[-69.4769,202.628,76.751],[18.009,19.9108,205.081],false,[-76.6717,119.387,104.415],[-76.6717,119.387,104.415],[-74.8457,161.832,95.2386],[-71.9842,189.616,85.1808],[-68.6762,207.067,75.1913],[[[-0.937338,-0.261661,-0.230066],[-0.34023,0.545054,0.766264],[0.0751034,-0.796524,0.599925]],[[-0.92398,-0.0424252,-0.38008],[-0.380126,0.211051,0.900534],[-0.0420108,-0.976554,0.211134]],[[-0.92398,-0.0424252,-0.38008],[-0.370094,0.349675,0.860673],[-0.0963902,-0.93591,0.338794]],[[-0.92398,-0.0424252,-0.38008],[-0.34628,0.514647,0.784365],[-0.16233,-0.856352,0.490215]]],0],[1171,[0.415514,-0.616591,0.668703],117,51.2042,[-55.1389,141.257,39.7915],[-52.2872,142.083,53.773],[15.5193,15.46,173.447],false,[-95.1282,117.512,95.3698],[-92.3154,155.187,43.6392],[-57.5261,161.601,31.4776],[-48.7814,148.624,45.5507],[-53.4948,139.789,56.5524],[[[-0.0893581,-0.802791,-0.589527],[-0.995031,0.0980491,0.017304],[-0.0439111,-0.588144,0.807563]],[[-0.0859758,-0.758505,-0.645971],[-0.357352,0.628707,-0.690671],[-0.930004,-0.171458,0.325107]],[[-0.0859758,-0.758505,-0.645971],[0.905514,0.210918,-0.368181],[-0.415514,0.616591,-0.668703]],[[-0.0859758,-0.758505,-0.645971],[0.944576,-0.268247,0.189259],[0.316834,0.593897,-0.739529]]],1],[1172,[0.452148,-0.367196,0.812853],117,58.343,[-51.8897,133.182,37.3132],[-49.3952,133.499,52.3574],[5.30678,10.0109,185.416],false,[-97.5282,109.444,88.7287],[-95.5435,138.153,35.2299],[-57.063,148.126,21.7706],[-45.8679,139.034,41.8967],[-50.5312,131.719,55.7698],[[[0.0764775,-0.879744,-0.469256],[-0.996536,-0.0520202,-0.0648859],[-0.0326722,-0.472593,0.880675]],[[0.0755597,-0.892284,-0.445107],[-0.391922,0.383883,-0.836081],[-0.91689,-0.237621,0.320699]],[[0.0755597,-0.892284,-0.445107],[0.888737,0.262673,-0.375699],[-0.452148,0.367196,-0.812853]],[[0.0755597,-0.892284,-0.445107],[0.955544,-0.0627917,0.288085],[0.285002,0.447087,-0.847872]]],2],[1173,[0.522347,-0.237773,0.818913],117,56.0984,[-54.4283,118.02,35.9064],[-51.8532,118.961,48.9578],[16.2413,22.2115,157.365],false,[-97.4721,100.377,83.0539],[-96.2258,118.645,31.6781],[-61.7244,129.687,17.495],[-49.1252,123.952,37.2475],[-52.3758,117.692,51.9071],[[[0.14574,-0.93326,-0.328308],[-0.989059,-0.12978,-0.0701393],[-0.0228505,-0.334938,0.941963]],[[0.146446,-0.921057,-0.360842],[-0.438217,0.266625,-0.858415],[-0.886859,-0.283839,0.364577]],[[0.146446,-0.921057,-0.360842],[0.840064,0.308411,-0.446291],[-0.522347,0.237773,-0.818913]],[[0.146446,-0.921057,-0.360842],[0.968829,0.0598652,0.240387],[0.199809,0.384798,-0.901114]]],3],[1174,[0.729231,0.138989,-0.670003],117,43.9801,[-54.798,106.202,-20.8285],[-51.5203,107.918,-11.5635],[51.6001,43.9952,156.454],false,[-91.5165,90.1667,79.3328],[-92.8519,100.395,29.9095],[-73.3807,103.34,6.24365],[-60.9619,105.707,-5.16651],[-49.215,108.183,-14.1735],[[[0.30352,-0.931395,-0.200947],[-0.952458,-0.302434,-0.0368516],[0.0264496,-0.202579,0.978909]],[[0.295829,-0.946956,0.125539],[-0.715897,-0.306794,-0.627191],[-0.632437,-0.0956683,0.768681]],[[0.295829,-0.946956,0.125539],[-0.617015,-0.289754,-0.731666],[-0.729231,-0.138989,0.670003]],[[0.295829,-0.946956,0.125539],[-0.547596,-0.275798,-0.789983],[-0.782703,-0.164955,0.600139]]],4]],[[0,200,0],[235.247,235.247,147.751]]],[382847,83407870869,[[116,"right",[0.140011,0.370219,-0.918333],[-0.97694,-0.0993437,-0.188996],[35.6618,187.643,52.6044],[-13.1379,-105.492,-168.103],[35.5326,193.958,65.7135],0.584534,0.391534,0.643869,[[-0.312489,-0.666414,-0.676936],[0.656597,0.363447,-0.660898],[0.686462,-0.650998,0.323992]],63.72,[218.895,-14.7293,187.838],[33.5503,161.04,100.36]],[117,"left",[-0.129197,0.452218,-0.8825],[0.990194,0.0111479,-0.13925],[-89.4412,127.239,56.3471],[6.42665,50.7902,164.956],[-90.9288,124.699,44.406],0,0.411836,0.387845,[[-0.133335,-0.910486,-0.391455],[-0.596249,0.389199,-0.702147],[-0.791649,-0.139784,0.594771]],55.4815,[-273.554,67.1534,235.208],[-87.4439,100.015,95.3829]]],[[1160,[-0.223159,0.471581,-0.853119],116,52.1164,[-1.8931,230.647,44.643],[-2.40954,224.48,34.4405],[-20.1809,-101.662,-185.716],false,[17.9248,185.031,111.376],[17.9248,185.031,111.376],[9.88758,220.222,76.8972],[2.27884,236.301,47.8096],[-3.8506,222.567,29.878],[[[0.965989,-0.210564,-0.150096],[0.252527,0.643266,0.7228],[-0.0556435,-0.736119,0.674561]],[[0.95745,-0.0582622,-0.282656],[0.23951,0.706826,0.665606],[0.161009,-0.704984,0.690706]],[[0.95745,-0.0582622,-0.282656],[0.183,0.879896,0.438514],[0.223159,-0.471581,0.853119]],[[0.95745,-0.0582622,-0.282656],[-0.12123,0.807615,-0.577114],[0.261901,0.586824,0.766189]]],0],[1161,[-0.0857207,-0.587316,0.804806],116,58.8075,[-0.407456,201.943,75.8786],[-0.169843,195.712,61.5451],[-18.4469,-118.095,-177.207],false,[39.8255,183.486,102.44],[37.2366,220.237,38.7599],[-4.96485,215.378,32.342],[-7.03676,201.182,51.7945],[1.88117,194.153,64.5608],[[[0.18242,-0.848345,-0.497025],[0.982591,0.175388,0.0612747],[0.03519,-0.49955,0.86557]],[[0.17885,-0.803728,-0.56748],[0.0558767,0.584146,-0.809723],[0.982288,0.11311,0.149384]],[[0.17885,-0.803728,-0.56748],[-0.980135,-0.0952946,-0.173937],[0.0857207,0.587316,-0.804806]],[[0.17885,-0.803728,-0.56748],[-0.834012,-0.429835,0.345929],[-0.521955,0.411416,-0.747195]]],1],[1162,[-0.116968,-0.392331,0.912357],116,67.0064,[-1.32028,191.442,79.5062],[-1.10632,185.229,64.6881],[-16.8104,-118.584,-178.549],false,[43.6995,173.745,95.9798],[42.9126,200.151,31.4069],[-5.08371,201.204,27.1029],[-8.40987,190.047,53.0471],[1.06662,183.795,68.0219],[[[0.0152987,-0.925422,-0.378629],[0.999819,0.0184298,-0.00464689],[0.0112784,-0.378489,0.925537]],[[0.0151166,-0.91926,-0.393361],[0.0906737,0.393045,-0.915037],[0.995766,-0.0218352,0.0892942]],[[0.0151166,-0.91926,-0.393361],[-0.993021,0.0322191,-0.113455],[0.116968,0.392331,-0.912357]],[[0.0151166,-0.91926,-0.393361],[-0.863406,-0.210412,0.458538],[-0.504284,0.332699,-0.796875]]],2],[1163,[-0.171296,-0.184248,0.967838],116,64.4285,[3.06554,179.357,79.3038],[3.21104,173.235,63.9032],[-13.7577,-115.329,-179.271],false,[44.7774,162.759,90.5876],[45.5324,177.578,29.7304],[1.32733,181.314,24.4183],[-3.4179,176.21,51.2294],[5.14047,172.441,67.4048],[[[-0.0586228,-0.969772,-0.236867],[0.998207,-0.0598093,-0.00217985],[-0.0120529,-0.23657,0.97154]],[[-0.0590684,-0.97867,-0.196765],[0.132809,0.187652,-0.973215],[0.98938,-0.0836184,0.118892]],[[-0.0590684,-0.97867,-0.196765],[-0.983447,0.0908736,-0.156759],[0.171296,0.184248,-0.967838]],[[-0.0590684,-0.97867,-0.196765],[-0.886957,-0.0389923,0.460203],[-0.458059,0.201705,-0.865735]]],3],[1164,[-0.623613,0.028231,-0.781224],116,50.5107,[1.17858,163.813,-13.7967],[2.07968,157.662,-24.5089],[24.9029,-127.845,-180.747],false,[39.0637,150.174,87.1907],[43.285,156.284,29.683],[23.1777,156.573,0.598817],[10.9806,157.126,-14.681],[-0.343088,157.831,-27.6573],[[[-0.223745,-0.967332,-0.119191],[0.971925,-0.23058,0.0468472],[-0.0727999,-0.105363,0.991765]],[[-0.235091,-0.95986,0.152975],[0.788265,-0.280361,-0.547756],[0.568657,-0.00818743,0.822534]],[[-0.235091,-0.95986,0.152975],[0.745546,-0.279056,-0.605218],[0.623613,-0.028231,0.781224]],[[-0.235091,-0.95986,0.152975],[0.716346,-0.277479,-0.640198],[0.656948,-0.0409216,0.752824]]],4],[1170,[0.0760911,0.938779,-0.336012],117,45.3781,[-70.9108,201.669,63.6086],[-71.0563,204.414,80.5284],[-32.8469,57.2463,207.367],false,[-76.4286,120.91,107.854],[-76.4286,120.91,107.854],[-75.5359,163.426,98.8725],[-73.2769,191.296,88.8972],[-70.3797,208.877,79.0087],[[[-0.932248,-0.280602,-0.228422],[-0.349646,0.536275,0.768216],[0.0930659,-0.796035,0.598053]],[[-0.923744,-0.0604955,-0.378203],[-0.382459,0.198646,0.902366],[-0.0205395,-0.978202,0.206635]],[[-0.923744,-0.0604955,-0.378203],[-0.375376,0.339167,0.862588],[-0.0760911,-0.938779,0.336012]],[[-0.923744,-0.0604955,-0.378203],[-0.355644,0.502026,0.788345],[-0.142176,-0.862734,0.485258]]],0],[1171,[0.424079,-0.611822,0.667706],117,51.2042,[-55.1109,141.288,40.0099],[-52.7126,144.088,57.3239],[-3.46781,59.6868,185.483],false,[-94.8638,118.671,98.8474],[-92.9577,156.503,47.1905],[-58.2604,163.556,35.12],[-49.3355,150.68,49.1721],[-53.903,141.723,60.1372],[[[-0.0740716,-0.803249,-0.59102],[-0.996809,0.077318,0.0198465],[-0.0297548,-0.590604,0.806413]],[[-0.0716834,-0.757651,-0.648711],[-0.366772,0.624839,-0.689242],[-0.927545,-0.188522,0.322676]],[[-0.0716834,-0.757651,-0.648711],[0.902784,0.227241,-0.365161],[-0.424079,0.611822,-0.667706]],[[-0.0716834,-0.757651,-0.648711],[0.948998,-0.252006,0.189461],[0.307025,0.602044,-0.737074]]],1],[1172,[0.459502,-0.359932,0.811977],117,58.343,[-51.8646,133.21,37.5273],[-49.6131,135.667,55.814],[-3.33871,61.966,188.552],false,[-97.1116,110.569,92.1949],[-95.8514,139.424,38.7527],[-57.5937,150.196,25.2741],[-46.2165,141.284,45.3785],[-50.7296,133.849,59.2377],[[[0.0936136,-0.876989,-0.471303],[-0.995392,-0.0725792,-0.0626584],[-0.020744,-0.474997,0.879743]],[[0.0930098,-0.88968,-0.447011],[-0.40046,0.377616,-0.834888],[-0.911582,-0.256663,0.321159]],[[0.0930098,-0.88968,-0.447011],[0.883293,0.280924,-0.375333],[-0.459502,0.359932,-0.811977]],[[0.0930098,-0.88968,-0.447011],[0.956699,-0.0445134,0.287656],[0.275819,0.45441,-0.847016]]],2],[1173,[0.530171,-0.22824,0.816594],117,56.0984,[-54.3738,118.082,36.2035],[-51.7205,121.134,52.292],[11.8522,68.9587,170.179],false,[-96.8806,101.517,86.5007],[-96.1368,119.913,35.1611],[-61.9253,131.711,20.8853],[-49.1374,126.206,40.5818],[-52.2077,119.849,55.2386],[[[0.164309,-0.929347,-0.330631],[-0.986315,-0.150156,-0.0680946],[-0.0136374,-0.337295,0.9413]],[[0.164685,-0.917028,-0.363233],[-0.446675,0.258997,-0.856389],[-0.879409,-0.303281,0.366961]],[[0.164685,-0.917028,-0.363233],[0.831744,0.327056,-0.448594],[-0.530171,0.22824,-0.816594]],[[0.164685,-0.917028,-0.363233],[0.968122,0.0798186,0.237421],[0.188729,0.390753,-0.90094]]],3],[1174,[0.725367,0.155471,-0.670575],117,43.9801,[-54.5619,106.481,-19.91],[-51.3183,110.19,-8.20714],[33.1652,82.7666,171.138],false,[-90.7232,91.4399,82.7439],[-92.3888,101.74,33.3457],[-73.0382,105.125,9.63987],[-60.6852,107.773,-1.78003],[-48.997,110.514,-10.7867],[[[0.322321,-0.924468,-0.203637],[-0.946055,-0.32208,-0.0352598],[0.0329909,-0.204017,0.978411]],[[0.315695,-0.940806,0.123368],[-0.710842,-0.320619,-0.626025],[-0.628522,-0.109938,0.769983]],[[0.315695,-0.940806,0.123368],[-0.611702,-0.301184,-0.731511],[-0.725367,-0.155471,0.670576]],[[0.315695,-0.940806,0.123368],[-0.542059,-0.28553,-0.790344],[-0.778786,-0.182636,0.600113]]],4]],[[0,200,0],[235.247,235.247,147.751]]],[382848,83407879662,[[116,"right",[0.134708,0.374646,-0.91733],[-0.976605,-0.106404,-0.186869],[35.3838,185.723,50.2178],[-18.1124,-135.897,-195.918],[35.5303,193.828,65.4696],0.582632,0.388865,0.645824,[[-0.293562,-0.669135,-0.6827],[0.666582,0.368609,-0.647916],[0.685193,-0.645279,0.337824]],63.72,[218.608,-15.2948,189.094],[33.6062,158.931,97.8811]],[117,"left",[-0.11394,0.451554,-0.884939],[0.991734,-0.00119832,-0.128302],[-89.9146,128.557,58.0465],[-9.79594,77.4587,172.577],[-90.9125,124.761,44.6249],0,0.411586,0.398711,[[-0.127584,-0.908199,-0.398619],[-0.593855,0.391849,-0.702702],[-0.794392,-0.147069,0.589332]],55.4815,[-275.434,66.8335,235.713],[-88.6793,101.408,97.1659]]],[[1160,[-0.228475,0.473288,-0.850763],116,52.1164,[-1.93069,230.414,44.2156],[-2.99667,222.423,32.2513],[-32.4955,-137.766,-202.444],false,[17.8194,182.756,109.024],[17.8194,182.756,109.024],[9.44863,218.023,74.7026],[1.65864,234.16,45.6953],[-4.41817,220.514,27.6792],[[[0.967237,-0.202348,-0.153322],[0.249282,0.642623,0.724495],[-0.0480718,-0.738979,0.672011]],[[0.957237,-0.0500896,-0.284934],[0.235745,0.70594,0.667887],[0.167692,-0.706499,0.68756]],[[0.957237,-0.0500896,-0.284934],[0.17747,0.879482,0.441605],[0.228475,-0.473288,0.850763]],[[0.957237,-0.0500896,-0.284934],[-0.127581,0.810868,-0.571153],[0.259653,0.583081,0.769803]]],0],[1161,[-0.0789993,-0.590888,0.802876],116,58.8075,[-0.408668,201.817,75.6305],[-0.487666,193.475,59.2792],[-23.2222,-154.815,-198.873],false,[39.7087,181.417,100.027],[36.6646,218.378,36.4883],[-5.51337,213.207,30.16],[-7.42281,198.925,49.5659],[1.58326,191.921,62.2838],[[[0.187856,-0.845063,-0.500579],[0.981325,0.182953,0.0594119],[0.0413759,-0.502391,0.86365]],[[0.183751,-0.800224,-0.570856],[0.0491659,0.5875,-0.807729],[0.981742,0.120354,0.147297]],[[0.183751,-0.800224,-0.570856],[-0.979793,-0.102432,-0.171793],[0.0789993,0.590888,-0.802876]],[[0.183751,-0.800224,-0.570856],[-0.82969,-0.437684,0.346478],[-0.527115,0.409968,-0.744363]]],1],[1162,[-0.111438,-0.396628,0.91119],116,67.0064,[-1.3205,191.328,79.2751],[-1.33084,182.971,62.384],[-19.1266,-155.789,-201.024],false,[43.643,171.731,93.5216],[42.4807,198.365,29.0477],[-5.53337,199.052,24.8694],[-8.70226,187.774,50.7803],[0.863742,181.542,65.7067],[[[0.0216557,-0.923892,-0.382039],[0.999627,0.0263774,-0.00712542],[0.0166603,-0.381742,0.924119]],[[0.0213855,-0.917646,-0.396823],[0.0852104,0.397142,-0.913793],[0.996133,-0.0142715,0.0866861]],[[0.0213855,-0.917646,-0.396823],[-0.993541,0.0247347,-0.110742],[0.111438,0.396628,-0.91119]],[[0.0213855,-0.917646,-0.396823],[-0.860473,-0.218988,0.460033],[-0.509046,0.331617,-0.794293]]],2],[1163,[-0.168217,-0.188881,0.967485],116,64.4285,[3.06492,179.26,79.0918],[3.06185,171.028,61.5135],[-14.9191,-151.704,-204.494],false,[44.7941,160.774,88.0867],[45.2749,175.819,27.2821],[1.03391,179.231,22.052],[-3.62603,173.999,48.8533],[4.99627,170.241,64.9974],[[[-0.0515467,-0.969341,-0.240252],[0.998641,-0.0518805,-0.00493966],[-0.00767618,-0.24018,0.970698]],[[-0.0518194,-0.978419,-0.200025],[0.129809,0.191996,-0.972773],[0.990184,-0.0763736,0.117059]],[[-0.0518194,-0.978419,-0.200025],[-0.984387,0.0837821,-0.154799],[0.168217,0.188881,-0.967485]],[[-0.0518194,-0.978419,-0.200025],[-0.885636,-0.0475328,0.461942],[-0.461481,0.201087,-0.86406]]],3],[1164,[-0.624509,0.0254292,-0.780604],116,50.5107,[1.21307,163.513,-14.2914],[1.9033,155.728,-26.9661],[13.5551,-153.12,-207.937],false,[39.1715,148.157,84.6584],[43.1962,154.508,27.1628],[23.0554,154.721,-1.89885],[10.8408,155.218,-17.1665],[-0.498306,155.869,-30.1322],[[[-0.21638,-0.968638,-0.122148],[0.973839,-0.223031,0.043531],[-0.0694087,-0.109534,0.991557]],[[-0.227086,-0.962202,0.150331],[0.789926,-0.27227,-0.549441],[0.569604,-0.00601989,0.821897]],[[-0.227086,-0.962202,0.150331],[0.747276,-0.271147,-0.606678],[0.624509,-0.0254292,0.780604]],[[-0.227086,-0.962202,0.150331],[0.718107,-0.26971,-0.641544],[0.657841,-0.0377317,0.752211]]],4],[1170,[0.0910099,0.937128,-0.336911],117,45.3781,[-70.9106,201.699,63.7442],[-70.8805,205.592,82.3218],[-19.1289,77.7922,206.478],false,[-77.5494,122.199,109.709],[-77.5494,122.199,109.709],[-76.0634,164.69,100.69],[-73.3615,192.511,90.6881],[-70.1476,210.039,80.8041],[[[-0.933007,-0.269851,-0.238071],[-0.351571,0.542382,0.763033],[0.0767804,-0.795614,0.600918]],[[-0.920175,-0.0502262,-0.388273],[-0.390012,0.204208,0.897881],[-0.0341915,-0.977638,0.207496]],[[-0.920175,-0.0502262,-0.388273],[-0.380783,0.345354,0.85775],[-0.0910099,-0.937128,0.336911]],[[-0.920175,-0.0502262,-0.388273],[-0.358335,0.50756,0.783568],[-0.157716,-0.860151,0.485042]]],0],[1171,[0.407887,-0.615968,0.673952],117,51.2042,[-55.1016,141.304,40.1041],[-53.0152,144.928,59.4208],[-12.1167,69.2085,199.885],false,[-95.9099,120.16,100.504],[-92.9741,157.839,48.7827],[-58.045,164.417,37.1198],[-49.4608,151.453,51.3033],[-54.272,142.578,62.2297],[[[-0.0772891,-0.803759,-0.589913],[-0.995955,0.0894407,0.00862446],[-0.0458302,-0.588193,0.807421]],[[-0.0736792,-0.757946,-0.648143],[-0.350284,0.628169,-0.694769],[-0.933741,-0.175844,0.311779]],[[-0.0736792,-0.757946,-0.648143],[0.910055,0.214713,-0.354541],[-0.407887,0.615968,-0.673952]],[[-0.0736792,-0.757946,-0.648143],[0.943387,-0.263729,0.201166],[0.323407,0.596628,-0.734468]]],1],[1172,[0.445666,-0.363551,0.818054],117,58.343,[-51.8566,133.224,37.62],[-49.9925,136.494,57.9459],[-14.2821,70.6378,203.072],false,[-98.1823,112.07,93.8462],[-95.9816,140.775,40.3535],[-57.445,151.043,27.2831],[-46.4104,142.042,47.538],[-51.174,134.698,61.3617],[[[0.0881557,-0.879229,-0.468173],[-0.995448,-0.0606674,-0.0735068],[-0.0362265,-0.472522,0.880574]],[[0.0871279,-0.89187,-0.443821],[-0.386352,0.380394,-0.840257],[-0.918227,-0.244681,0.311433]],[[0.0871279,-0.89187,-0.443821],[0.890949,0.269071,-0.3658],[-0.445666,0.363551,-0.818054]],[[0.0871279,-0.89187,-0.443821],[0.952708,-0.0556001,0.298759],[0.291131,0.448862,-0.844847]]],2],[1173,[0.51878,-0.232475,0.822692],117,56.0984,[-54.3561,118.112,36.3356],[-52.2193,121.994,54.4031],[-6.42998,76.6062,189.046],false,[-97.9984,103.001,88.1763],[-96.4643,121.26,36.8049],[-61.9647,132.613,22.8651],[-49.4515,127.005,42.7088],[-52.754,120.723,57.3469],[[[0.156652,-0.932089,-0.326604],[-0.987253,-0.138361,-0.0786596],[-0.0281284,-0.334763,0.941882]],[[0.157538,-0.919841,-0.359269],[-0.434447,0.262155,-0.861702],[-0.886813,-0.291835,0.358322]],[[0.157538,-0.919841,-0.359269],[0.840267,0.315988,-0.440571],[-0.51878,0.232475,-0.822692]],[[0.157538,-0.919841,-0.359269],[0.966422,0.0688201,0.247572],[0.203002,0.386208,-0.899796]]],3],[1174,[0.734831,0.144954,-0.66258],117,43.9801,[-54.4685,106.612,-19.4815],[-51.2913,110.878,-6.04278],[25.3737,81.6934,191.555],false,[-91.9227,92.8415,84.5117],[-92.9174,103.038,35.0739],[-73.268,106.123,11.5737],[-60.7538,108.591,0.289985],[-48.9282,111.169,-8.58459],[[[0.313299,-0.92881,-0.19788],[-0.94945,-0.310679,-0.0449766],[0.0197024,-0.201968,0.979194]],[[0.302845,-0.944228,0.129298],[-0.707779,-0.313684,-0.63297],[-0.638227,-0.100178,0.763303]],[[0.302845,-0.944228,0.129298],[-0.606884,-0.295671,-0.737746],[-0.734831,-0.144954,0.66258]],[[0.302845,-0.944228,0.129298],[-0.536129,-0.280956,-0.796008],[-0.787941,-0.171747,0.591314]]],4]],[[0,200,0],[235.247,235.247,147.751]]],[382849,83407888950,[[116,"right",[0.130874,0.37746,-0.916731],[-0.975144,-0.117748,-0.187695],[34.7648,183.448,47.7941],[-31.7965,-166.627,-214.257],[35.5148,193.618,65.1109],0.579979,0.384342,0.646261,[[-0.273313,-0.673428,-0.686873],[0.673906,0.375485,-0.636288],[0.686404,-0.636794,0.351202]],63.72,[218.602,-15.3617,190.245],[33.2731,156.573,95.4201]],[117,"left",[-0.110149,0.451131,-0.885634],[0.991919,-0.00654774,-0.126704],[-90.1961,130.088,60.5636],[-15.5804,102.11,200.334],[-90.9016,124.842,44.8675],0,0.411148,0.405778,[[-0.119304,-0.905459,-0.407321],[-0.586345,0.395324,-0.707049],[-0.801228,-0.154477,0.578075]],55.4815,[-277.528,66.6619,235.616],[-89.166,102.978,99.7159]]],[[1160,[-0.232158,0.472198,-0.850372],116,52.1164,[-2.00392,230.076,43.6803],[-3.96346,219.871,29.806],[-51.8038,-177.207,-219.109],false,[17.1968,180.194,106.584],[17.1968,180.194,106.584],[8.51163,215.448,72.3272],[0.596052,231.548,43.3333],[-5.31866,217.946,25.2299],[[[0.969678,-0.190634,-0.152917],[0.241133,0.64456,0.725532],[-0.039747,-0.740406,0.670984]],[[0.958175,-0.0393877,-0.283461],[0.22722,0.706881,0.669843],[0.173989,-0.706235,0.686265]],[[0.958175,-0.0393877,-0.283461],[0.167344,0.880612,0.443304],[0.232158,-0.472198,0.850372]],[[0.958175,-0.0393877,-0.283461],[-0.134278,0.812812,-0.566839],[0.252727,0.581193,0.773527]]],0],[1161,[-0.0722946,-0.592814,0.802088],116,58.8075,[-0.423183,201.614,75.2853],[-1.19731,190.763,56.8435],[-38.1406,-193.497,-216.743],false,[39.1065,179.127,97.6001],[35.667,216.135,34.1093],[-6.44237,210.47,27.7469],[-8.18976,196.142,47.1336],[0.894106,189.23,59.847],[[[0.198226,-0.842094,-0.501582],[0.979041,0.19452,0.0603444],[0.046752,-0.503031,0.863003]],[[0.193639,-0.797233,-0.571773],[0.0426746,0.589097,-0.806935],[0.980144,0.131854,0.148094]],[[0.193639,-0.797233,-0.571773],[-0.978405,-0.11398,-0.172428],[0.0722946,0.592814,-0.802088]],[[0.193639,-0.797233,-0.571773],[-0.82452,-0.44808,0.34553],[-0.531668,0.40453,-0.7441]]],1],[1162,[-0.106083,-0.399695,0.910489],116,67.0064,[-1.32992,191.142,78.9503],[-1.89544,180.223,59.9454],[-30.3538,-195.686,-217.884],false,[43.1601,169.497,91.0848],[41.7255,196.202,26.6459],[-6.29423,196.31,22.4776],[-9.31085,184.944,48.3687],[0.334573,178.802,63.2811],[[[0.0328938,-0.923053,-0.383264],[0.999247,0.0382624,-0.00639032],[0.0205632,-0.382766,0.923617]],[[0.0325474,-0.916561,-0.398568],[0.0801499,0.399889,-0.913052],[0.996251,-0.00222778,0.0864776]],[[0.0325474,-0.916561,-0.398568],[-0.993824,0.0126473,-0.11024],[0.106083,0.399695,-0.910489]],[[0.0325474,-0.916561,-0.398568],[-0.857608,-0.230402,0.459808],[-0.513273,0.32685,-0.793549]]],2],[1163,[-0.167105,-0.191969,0.96707],116,64.4285,[3.05748,179.104,78.7983],[2.60345,168.365,59.0249],[-24.7612,-189.707,-222.514],false,[44.4451,158.562,85.636],[44.7887,173.693,24.8521],[0.517364,176.591,19.5682],[-4.11179,171.274,46.358],[4.54041,167.6,62.5053],[[[-0.0398604,-0.96956,-0.24159],[0.99919,-0.0400045,-0.00431035],[-0.00548553,-0.241566,0.970369]],[[-0.0400533,-0.97873,-0.201205],[0.128796,0.194629,-0.972384],[0.990862,-0.0648617,0.118261]],[[-0.0400533,-0.97873,-0.201205],[-0.985125,0.0723567,-0.155862],[0.167105,0.191969,-0.96707]],[[-0.0400533,-0.97873,-0.201205],[-0.885411,-0.0585586,0.461106],[-0.463081,0.196618,-0.864233]]],3],[1164,[-0.621979,0.01794,-0.782829],116,50.5107,[1.24674,163.094,-14.9128],[1.80333,153.115,-29.5355],[7.9458,-190.009,-228.268],false,[38.9751,145.883,82.1868],[42.9633,152.36,24.7026],[22.915,152.336,-4.42357],[10.7498,152.687,-19.7348],[-0.547566,153.2,-32.743],[[[-0.204771,-0.970975,-0.123601],[0.97639,-0.211503,0.043913],[-0.0687804,-0.11169,0.99136]],[[-0.215744,-0.964968,0.1493],[0.794968,-0.262365,-0.546983],[0.566992,0.000680883,0.823723]],[[-0.215744,-0.964968,0.1493],[0.752726,-0.261752,-0.60406],[0.621979,-0.01794,0.782829]],[[-0.215744,-0.964968,0.1493],[0.723794,-0.260671,-0.638885],[0.655422,-0.0297728,0.754676]]],4],[1170,[0.0944775,0.936868,-0.336679],117,45.3781,[-70.9112,201.738,63.8902],[-70.9227,207.118,84.9358],[-17.1663,102.053,227.661],false,[-77.9474,123.725,112.253],[-77.9474,123.725,112.253],[-76.3283,166.223,103.288],[-73.5236,194.036,93.2928],[-70.246,211.56,83.4228],[[[-0.934027,-0.265226,-0.239266],[-0.349944,0.545093,0.761849],[0.0716402,-0.795317,0.601946]],[[-0.920047,-0.0470045,-0.388978],[-0.390033,0.204262,0.897859],[-0.0372501,-0.977787,0.206264]],[[-0.920047,-0.0470045,-0.388978],[-0.380247,0.34651,0.857522],[-0.0944775,-0.936868,0.336679]],[[-0.920047,-0.0470045,-0.388978],[-0.357273,0.508191,0.783644],[-0.16084,-0.859961,0.484353]]],0],[1171,[0.403177,-0.6177,0.6752],117,51.2042,[-55.0941,141.324,40.1993],[-53.2212,146.254,61.9878],[-15.0209,90.0002,221.362],false,[-96.3034,121.772,103.021],[-93.087,159.375,51.2616],[-58.1008,165.754,39.6595],[-49.6158,152.754,53.8693],[-54.4961,143.913,64.793],[[[-0.0805595,-0.804018,-0.589122],[-0.995484,0.0946738,0.0069191],[-0.0502113,-0.587019,0.808015]],[[-0.0765916,-0.758013,-0.647727],[-0.345556,0.629553,-0.695884],[-0.935267,-0.170527,0.310155]],[[-0.0765916,-0.758013,-0.647727],[0.911911,0.209434,-0.352924],[-0.403177,0.6177,-0.6752]],[[-0.0765916,-0.758013,-0.647727],[0.94155,-0.268728,0.203148],[0.328052,0.594308,-0.734289]]],1],[1172,[0.442442,-0.364921,0.819193],117,58.343,[-51.8504,133.242,37.7136],[-50.2349,137.816,60.5186],[-17.6415,90.9252,223.816],false,[-98.6076,113.686,96.3688],[-96.1705,142.317,42.847],[-57.5609,152.37,29.8239],[-46.6062,143.334,50.107],[-51.4315,136.031,63.9312],[[[0.0842915,-0.880215,-0.46703],[-0.995633,-0.0555288,-0.0750405],[-0.0401181,-0.471316,0.881052]],[[0.0831571,-0.892836,-0.442639],[-0.383076,0.381409,-0.841297],[-0.919966,-0.239524,0.310307]],[[0.0831571,-0.892836,-0.442639],[0.892934,0.263964,-0.364682],[-0.442442,0.364921,-0.819193]],[[0.0831571,-0.892836,-0.442639],[0.951902,-0.0602782,0.300416],[0.294904,0.44633,-0.844879]]],2],[1173,[0.516898,-0.234056,0.823428],117,56.0984,[-54.3423,118.148,36.4713],[-52.5171,123.336,56.9589],[-13.6538,95.6984,213.333],false,[-98.4622,104.61,90.7094],[-96.7499,122.801,39.3199],[-62.1805,133.965,25.4003],[-49.7127,128.32,45.2617],[-53.0625,122.071,59.9036],[[[0.152283,-0.933272,-0.325291],[-0.987838,-0.133271,-0.0800916],[-0.0313956,-0.333531,0.942216]],[[0.153287,-0.921043,-0.358027],[-0.432296,0.263299,-0.862435],[-0.888607,-0.286974,0.357803]],[[0.153287,-0.921043,-0.358027],[0.842211,0.311284,-0.440207],[-0.516898,0.234056,-0.823428]],[[0.153287,-0.921043,-0.358027],[0.966491,0.0642415,0.248533],[0.205909,0.384126,-0.900027]]],3],[1174,[0.736915,0.140282,-0.66127],117,43.9801,[-54.3948,106.763,-19.0325],[-51.5657,112.123,-3.44659],[10.1171,96.5615,216.698],false,[-92.434,94.4143,87.0661],[-93.2959,104.56,37.6153],[-73.5969,107.506,14.1389],[-61.0472,109.895,2.87752],[-49.1871,112.401,-5.97141],[[[0.308738,-0.930667,-0.196318],[-0.950994,-0.305746,-0.0461518],[0.0170715,-0.200946,0.979454]],[[0.297658,-0.945628,0.131103],[-0.708523,-0.310857,-0.633532],[-0.639839,-0.0956863,0.762528]],[[0.297658,-0.945628,0.131103],[-0.606924,-0.293444,-0.738603],[-0.736915,-0.140282,0.66127]],[[0.297658,-0.945628,0.131103],[-0.535653,-0.279103,-0.79698],[-0.790238,-0.167002,0.589606]]],4]],[[0,200,0],[235.247,235.247,147.751]]],[382850,83407897727,[[116,"right",[0.127297,0.375119,-0.918194],[-0.974827,-0.123529,-0.185615],[34.6584,181.956,46.4316],[-26.5095,-167.553,-198.392],[35.4971,193.378,64.7264],0.578659,0.379881,0.647723,[[-0.265656,-0.677227,-0.686142],[0.676659,0.37597,-0.633071],[0.686702,-0.632463,0.358373]],63.72,[218.8,-15.5354,190.909],[33.3909,155.23,94.1484]],[117,"left",[-0.100538,0.454144,-0.885238],[0.992556,-0.0156936,-0.120777],[-90.5363,131.575,62.2439],[-21.8103,120.208,197.943],[-90.8964,124.938,45.1154],0,0.410704,0.410913,[[-0.115457,-0.90161,-0.416856],[-0.582253,0.401435,-0.706988],[-0.804768,-0.161088,0.571314]],55.4815,[-279.193,66.4985,235.65],[-89.9989,104.369,101.339]]],[[1160,[-0.235403,0.468167,-0.851707],116,52.1164,[-2.08446,229.689,43.1115],[-4.25284,218.203,28.358],[-46.2438,-181.662,-204.403],false,[17.2088,178.803,105.262],[17.2088,178.803,105.262],[8.3228,213.917,70.914],[0.296581,229.879,41.8745],[-5.58392,216.235,23.7918],[[[0.970411,-0.186,-0.15397],[0.238958,0.64822,0.722987],[-0.0346696,-0.738387,0.673486]],[[0.958008,-0.0358524,-0.284491],[0.224794,0.709846,0.667523],[0.178013,-0.703444,0.688098]],[[0.958008,-0.0358524,-0.284491],[0.163725,0.882913,0.440068],[0.235403,-0.468167,0.851707]],[[0.958008,-0.0358524,-0.284491],[-0.138154,0.811687,-0.567518],[0.251265,0.582991,0.77265]]],0],[1161,[-0.0677554,-0.590535,0.804162],116,58.8075,[-0.441527,201.361,74.8842],[-1.32595,189.11,55.5194],[-31.8243,-192.105,-199.05],false,[39.1084,177.822,96.244],[35.3638,214.601,32.6378],[-6.72582,208.693,26.3669],[-8.3635,194.419,45.8039],[0.779109,187.598,58.524],[[[0.201826,-0.842683,-0.49915],[0.978098,0.1999,0.0580058],[0.0508994,-0.499925,0.864572]],[[0.196881,-0.798079,-0.56948],[0.0381691,0.586648,-0.808942],[0.979684,0.137529,0.145962]],[[0.196881,-0.798079,-0.56948],[-0.978083,-0.119739,-0.170339],[0.0677554,0.590535,-0.804162]],[[0.196881,-0.798079,-0.56948],[-0.821523,-0.451309,0.348455],[-0.535106,0.399237,-0.744494]]],1],[1162,[-0.102417,-0.397512,0.911864],116,67.0064,[-1.34149,190.907,78.5688],[-1.96118,178.574,58.6439],[-24.1816,-193.628,-199.343],false,[43.2018,168.192,89.7534],[41.515,194.676,25.2295],[-6.51064,194.523,21.1318],[-9.42301,183.219,47.0619],[0.283832,177.174,61.974],[[[0.0371285,-0.924126,-0.38028],[0.999018,0.0435319,-0.00824914],[0.0241776,-0.3796,0.924835]],[[0.036714,-0.91757,-0.395876],[0.0767438,0.397562,-0.91436],[0.996375,0.00318881,0.0850139]],[[0.036714,-0.91757,-0.395876],[-0.994064,0.00706629,-0.108569],[0.102417,0.397512,-0.911864]],[[0.036714,-0.91757,-0.395876],[-0.855475,-0.23362,0.462152],[-0.516541,0.321694,-0.793535]]],2],[1163,[-0.165268,-0.189417,0.967888],116,64.4285,[3.04884,178.907,78.4564],[2.58077,166.751,57.7355],[-19.0614,-188.052,-202.45],false,[44.5354,157.246,84.3384],[44.6944,172.178,23.5045],[0.404664,174.831,18.2465],[-4.17359,169.584,45.059],[4.51834,166.012,61.2078],[[[-0.0351349,-0.970549,-0.238327],[0.999379,-0.034727,-0.00591144],[-0.00253903,-0.238387,0.971167]],[[-0.0352101,-0.979625,-0.197726],[0.127025,0.191857,-0.973168],[0.991274,-0.0593814,