{"metadata":{"formatVersion":2,"generatedBy":"LeapJS Playback 0.2.1","frames":159,"protocolVersion":6,"serviceVersion":"2.2.5+26752","frameRate":"92","modified":"Wed Apr 22 2015 20:42:44 GMT-0300 (E. South America Standard Time)"},"frames":[["id","timestamp",{"hands":[["id","type","direction","palmNormal","palmPosition","palmVelocity","stabilizedPalmPosition","pinchStrength","grabStrength","confidence","armBasis","armWidth","elbow","wrist"]]},{"pointables":[["id","direction","handId","length","stabilizedTipPosition","tipPosition","tipVelocity","tool","carpPosition","mcpPosition","pipPosition","dipPosition","btipPosition","bases","type"]]},{"interactionBox":["center","size"]}],[382556,83404698097,[[116,"right",[0.20231,0.295338,-0.933727],[-0.967304,-0.0886439,-0.237624],[38.0181,142.392,38.209],[-30.759,-154.166,49.181],[38.2938,143.364,37.8404],0.550985,0.461848,0.67682,[[-0.250049,-0.795042,-0.552616],[0.625618,0.302935,-0.718911],[0.738971,-0.525489,0.421643]],63.72,[231.96,-22.3072,201.46],[32.438,119.575,87.6158]],[117,"left",[-0.157121,0.614715,-0.772941],[0.987503,0.0880876,-0.130681],[-93.2188,171.269,96.1923],[-137.223,161.26,-28.8302],[-93.0828,171.24,96.4745],0,0.563886,0.146142,[[-0.021354,-0.78736,-0.616123],[-0.545175,0.525748,-0.652973],[-0.83805,-0.321951,0.440476]],55.4815,[-286.645,61.1443,232.457],[-89.6269,136.832,128.905]]],[[1160,[-0.20629,0.224392,-0.952414],116,52.1164,[0.529652,179.533,10.8991],[0.00232927,178.104,11.8176],[-52.9244,-178.492,47.7508],false,[16.9385,144.726,95.8776],[16.9385,144.726,95.8776],[11.3389,178.003,59.0941],[4.30537,185.654,26.621],[-1.51433,175.254,6.4791],[[[0.966206,-0.245874,-0.0774044],[0.230545,0.689961,0.686151],[-0.115301,-0.680809,0.723329]],[[0.968321,-0.0931542,-0.231682],[0.223094,0.739531,0.635078],[0.112176,-0.666646,0.736885]],[[0.968321,-0.0931542,-0.231682],[0.140709,0.970036,0.198067],[0.20629,-0.224392,0.952414]],[[0.968321,-0.0931542,-0.231682],[-0.0227851,0.890979,-0.453473],[0.248667,0.444386,0.860631]]],0],[1161,[-0.143585,-0.509551,0.848376],116,58.8075,[3.87409,162.531,50.5633],[2.11278,152.347,44.7277],[-32.6308,-165.168,57.1859],false,[39.2509,141.947,88.3732],[41.3363,173.783,22.0812],[-0.571514,169.384,13.7054],[-4.04201,157.068,34.211],[4.00206,151.031,48.0231],[[[0.184745,-0.888179,-0.420721],[0.982378,0.154545,0.10512],[-0.0283453,-0.432728,0.901079]],[[0.186272,-0.855852,-0.482515],[0.117448,0.506986,-0.853915],[0.975453,0.10239,0.194956]],[[0.186272,-0.855852,-0.482515],[-0.97195,-0.0887468,-0.217802],[0.143585,0.509551,-0.848376]],[[0.186272,-0.855852,-0.482515],[-0.862346,-0.377756,0.337135],[-0.47081,0.353296,-0.808405]]],1],[1162,[-0.159957,-0.322675,0.932896],116,67.0064,[2.53538,151.019,53.9641],[1.05283,141.58,48.9692],[-26.3725,-164.735,61.7847],false,[43.1903,131.646,82.8966],[46.8166,153.056,16.5939],[-0.947006,154.703,10.333],[-5.49561,145.528,36.8612],[3.13658,140.179,52.6731],[[[0.00902088,-0.951722,-0.306829],[0.998608,-0.00737539,0.0522364],[-0.0519775,-0.306873,0.95033]],[[0.0100343,-0.945547,-0.32533],[0.133939,0.323686,-0.936636],[0.990939,-0.0341759,0.129893]],[[0.0100343,-0.945547,-0.32533],[-0.987073,0.042678,-0.154485],[0.159957,0.322675,-0.932896]],[[0.0100343,-0.945547,-0.32533],[-0.888196,-0.157885,0.431485],[-0.459355,0.284628,-0.841416]]],2],[1163,[-0.217934,-0.10765,0.970008],116,64.4285,[5.99717,138.426,52.8843],[4.84853,129.611,49.0858],[-21.7472,-162.822,64.8988],false,[44.2423,120.257,78.413],[48.8542,130.361,16.7657],[5.03285,134.738,9.22945],[-1.00435,131.756,36.1006],[6.643,129,52.9237],[[[-0.0740315,-0.983225,-0.166695],[0.994534,-0.0851315,0.0604492],[-0.0736262,-0.161308,0.984154]],[[-0.0769289,-0.988911,-0.127032],[0.179246,0.111616,-0.977452],[0.980792,-0.0979643,0.168672]],[[-0.0769289,-0.988911,-0.127032],[-0.972927,0.102306,-0.207236],[0.217934,0.10765,-0.970008]],[[-0.0769289,-0.988911,-0.127032],[-0.909151,0.0172727,0.416108],[-0.409299,0.147502,-0.900398]]],3],[1164,[-0.604125,0.0103367,-0.796823],116,50.5107,[6.36607,109.963,-37.5658],[5.63293,109.537,-36.6598],[-33.4236,-198.462,63.9863],false,[38.3567,107.599,75.6396],[45.9809,109.19,18.1799],[26.5002,108.744,-11.3256],[14.6842,108.946,-26.9105],[3.72244,109.371,-40.2058],[[[-0.245357,-0.967614,-0.0593503],[0.960475,-0.250937,0.120495],[-0.131486,-0.0274402,0.990938]],[[-0.270617,-0.943155,0.192938],[0.789451,-0.332113,-0.516205],[0.550939,0.0126213,0.83445]],[[-0.270617,-0.943155,0.192938],[0.749533,-0.332192,-0.572581],[0.604125,-0.0103367,0.796823]],[[-0.270617,-0.943155,0.192938],[0.722724,-0.331435,-0.606482],[0.635953,-0.0246834,0.771333]]],4],[1170,[-0.0699416,0.987314,0.142548],117,45.3781,[-84.9897,242.556,156.669],[-86.6055,242.504,158.369],[-97.5871,98.6574,-33.7263],false,[-79.5687,155.285,145.391],[-79.5687,155.285,145.391],[-81.8652,198.459,149.84],[-83.9416,227.77,154.072],[-86.0746,247.514,158.642],[[[-0.918837,-0.274242,-0.283779],[-0.370451,0.351514,0.859769],[0.136033,-0.895114,0.424578]],[[-0.919594,-0.00843513,-0.39278],[-0.389301,-0.114898,0.913917],[0.0528384,-0.993342,-0.102375]],[[-0.919594,-0.00843513,-0.39278],[-0.386594,-0.158558,0.908518],[0.0699416,-0.987314,-0.142548]],[[-0.919594,-0.00843513,-0.39278],[-0.378669,-0.24734,0.89187],[0.104673,-0.968892,-0.224258]]],0],[1171,[0.369056,-0.742081,0.559566],117,51.2042,[-58.1131,185.129,103.868],[-58.2242,186.07,103.374],[-160.777,190.431,-19.5032],false,[-97.9311,154.008,136.054],[-98.2294,201.571,93.1464],[-62.581,209.603,85.145],[-54.8141,193.985,96.9212],[-59.5832,182.98,105.722],[[[-0.0384524,-0.669476,-0.741838],[-0.99925,0.0223017,0.0316688],[0.00465722,-0.742499,0.669831]],[[-0.038689,-0.613812,-0.788504],[-0.300589,0.759695,-0.576637],[-0.952969,-0.214706,0.213897]],[[-0.038689,-0.613812,-0.788504],[0.928602,0.269353,-0.255241],[-0.369056,0.742081,-0.559566]],[[-0.038689,-0.613812,-0.788504],[0.946432,-0.275665,0.168154],[0.320578,0.739759,-0.591597]]],1],[1172,[0.341571,-0.549356,0.762586],117,58.343,[-55.9398,176.336,103.35],[-55.9584,177.348,102.38],[-157.784,182.863,-13.6821],false,[-99.8224,147.322,127.89],[-100.337,186.434,81.4113],[-60.4842,198.124,75.3723],[-52.027,184.522,94.2538],[-57.6026,174.354,105.797],[[[0.133445,-0.757562,-0.638977],[-0.99102,-0.107509,-0.0795053],[0.0084656,-0.643849,0.765106]],[[0.133626,-0.774757,-0.617977],[-0.283622,0.56759,-0.772916],[-0.94958,-0.278553,0.143894]],[[0.133626,-0.774757,-0.617977],[0.930308,0.312984,-0.191226],[-0.341571,0.549356,-0.762586]],[[0.133626,-0.774757,-0.617977],[0.930605,-0.116316,0.347052],[0.340762,0.621467,-0.70545]]],2],[1173,[0.463872,-0.392262,0.794326],117,56.0984,[-56.3774,165.711,94.3896],[-56.5337,166.125,93.9975],[-128.993,218.828,-60.9779],false,[-99.1849,139.634,120.479],[-99.6871,168.066,73.9381],[-64.8011,182.68,64.8375],[-53.6123,173.219,83.9969],[-57.4327,164.016,96.8566],[[[0.207562,-0.833778,-0.511597],[-0.978179,-0.181828,-0.100524],[0.00920838,-0.521298,0.853325]],[[0.207347,-0.823651,-0.527831],[-0.390963,0.424826,-0.816499],[-0.896747,-0.375661,0.233931]],[[0.207347,-0.823651,-0.527831],[0.861296,0.409547,-0.300734],[-0.463872,0.392262,-0.794326]],[[0.207347,-0.823651,-0.527831],[0.949663,0.0399496,0.310716],[0.234835,0.565687,-0.790475]]],3],[1174,[0.785217,0.35283,-0.508866],117,43.9801,[-50.9384,170.04,35.1361],[-51.0826,171.179,35.0352],[-169.1,323.214,-60.0626],false,[-92.565,130.844,114.779],[-95.0631,150.846,68.4893],[-74.2968,160.8,48.0551],[-60.9245,166.809,39.3891],[-48.3387,172.278,33.3126],[[[0.365983,-0.846928,-0.385707],[-0.929305,-0.354634,-0.103085],[0.049479,-0.396167,0.916845]],[[0.363314,-0.927979,-0.0828084],[-0.642687,-0.185283,-0.743386],[-0.674504,-0.323303,0.663716]],[[0.363314,-0.927979,-0.0828084],[-0.501434,-0.119856,-0.856854],[-0.785217,-0.35283,0.508866]],[[0.363314,-0.927979,-0.0828084],[-0.405903,-0.0776568,-0.910611],[-0.838598,-0.36445,0.404883]]],4]],[[0,200,0],[235.247,235.247,147.751]]],[382557,83404707579,[[116,"right",[0.197306,0.298269,-0.933866],[-0.966476,-0.100466,-0.236284],[37.5108,140.945,39.3555],[-37.284,-153.69,69.766],[37.8156,141.887,38.7658],0.548992,0.458985,0.677758,[[-0.244601,-0.792751,-0.558316],[0.62594,0.310656,-0.715327],[0.74052,-0.524441,0.420227]],63.72,[232.224,-23.5616,202.22],[32.2839,118.038,88.7588]],[117,"left",[-0.138837,0.634311,-0.760509],[0.990309,0.0861749,-0.108913],[-95.5754,172.782,95.2012],[-169.164,160.784,-50.5493],[-94.9707,172.408,95.5101],0,0.559982,0.160901,[[-0.0288733,-0.778668,-0.626772],[-0.555569,0.533764,-0.637526],[-0.830969,-0.329807,0.448015]],55.4815,[-288.15,59.9998,232.444],[-92.7961,137.535,127.12]]],[[1160,[-0.209036,0.223885,-0.951935],116,52.1164,[-0.33403,177.522,11.7477],[-0.889821,176.315,13.0242],[-62.5356,-177.6,72.9561],false,[16.4869,142.991,97.0555],[16.4869,142.991,97.0555],[10.5311,176.342,60.3948],[3.40392,183.976,27.938],[-2.30926,173.595,7.7554],[[[0.969056,-0.233886,-0.0789114],[0.222994,0.69242,0.686169],[-0.105845,-0.682533,0.72315]],[[0.969212,-0.0820932,-0.232138],[0.215387,0.73951,0.637757],[0.119313,-0.668121,0.734424]],[[0.969212,-0.0820932,-0.232138],[0.130119,0.971152,0.199832],[0.209036,-0.223885,0.951935]],[[0.969212,-0.0820932,-0.232138],[-0.0321662,0.89249,-0.44992],[0.244116,0.443535,0.862371]]],0],[1161,[-0.136091,-0.511806,0.848253],116,58.8075,[3.31991,159.689,49.494],[1.49472,150.453,45.9295],[-42.0124,-175.129,77.0624],false,[38.8212,140.492,89.5177],[40.418,172.383,23.2388],[-1.44418,167.473,14.9191],[-4.73355,155.102,35.4218],[3.40419,149.157,49.2186],[[[0.195094,-0.885625,-0.421434],[0.980544,0.166613,0.103792],[-0.0217046,-0.433484,0.9009]],[[0.196133,-0.853191,-0.483318],[0.10998,0.508922,-0.853758],[0.97439,0.114295,0.193651]],[[0.196133,-0.853191,-0.483318],[-0.971088,-0.100596,-0.216494],[0.136091,0.511806,-0.848253]],[[0.196133,-0.853191,-0.483318],[-0.857133,-0.388581,0.338123],[-0.476292,0.347951,-0.807512]]],1],[1162,[-0.15447,-0.325213,0.932939],116,67.0064,[2.09816,148.303,53.0852],[0.578934,139.666,50.1692],[-33.0462,-175.318,80.3408],false,[42.8795,130.243,84.0303],[46.1459,151.729,17.7333],[-1.64368,152.789,11.544],[-6.03625,143.541,38.0735],[2.68691,138.29,53.8682],[[[0.0203311,-0.951388,-0.307322],[0.998696,0.00493134,0.0508034],[-0.0468182,-0.307955,0.950248]],[[0.0212479,-0.945148,-0.32595],[0.128533,0.325901,-0.936626],[0.991478,-0.021994,0.128408]],[[0.0212479,-0.945148,-0.32595],[-0.987769,0.0305265,-0.152907],[0.15447,0.325213,-0.932939]],[[0.0212479,-0.945148,-0.32595],[-0.885478,-0.169164,0.432796],[-0.464196,0.279426,-0.840502]]],2],[1163,[-0.214911,-0.110807,0.970327],116,64.4285,[5.65692,135.895,52.2562],[4.52576,127.752,50.2725],[-25.1465,-172.371,82.2009],false,[44.0657,118.87,79.5395],[48.4639,129.06,17.8906],[4.58092,132.899,10.4196],[-1.37255,129.83,37.2996],[6.3393,127.161,54.1072],[[[-0.0621244,-0.983983,-0.167085],[0.995596,-0.0728731,0.0589827],[-0.070214,-0.162685,0.984177]],[[-0.0648961,-0.989727,-0.127396],[0.176442,0.114272,-0.977655],[0.982169,-0.0859239,0.167213]],[[-0.0648961,-0.989727,-0.127396],[-0.974475,0.0903492,-0.205512],[0.214911,0.110807,-0.970327]],[[-0.0648961,-0.989727,-0.127396],[-0.908529,0.00579602,0.417782],[-0.412752,0.142855,-0.899571]]],3],[1164,[-0.604356,0.0026978,-0.796709],116,50.5107,[6.18954,108.176,-36.4786],[5.50311,107.692,-35.5395],[-27.6928,-197.223,79.5646],false,[38.3328,106.141,76.7681],[45.8542,107.854,19.2983],[26.385,107.158,-10.21],[14.5645,107.211,-25.7926],[3.59255,107.499,-39.0833],[[[-0.233475,-0.970541,-0.0594881],[0.963672,-0.239116,0.118993],[-0.129712,-0.0295451,0.991111]],[[-0.258684,-0.94648,0.193024],[0.793667,-0.322161,-0.516048],[0.550613,0.0197035,0.834528]],[[-0.258684,-0.94648,0.193024],[0.753549,-0.322752,-0.572709],[0.604356,-0.0026978,0.796709]],[[-0.258684,-0.94648,0.193024],[0.726565,-0.322329,-0.606801],[0.636542,-0.0167254,0.77106]]],4],[1170,[-0.0569701,0.987158,0.149243],117,45.3781,[-86.472,242.907,156.857],[-88.9441,242.725,158.064],[-137.422,78.0716,-41.0441],false,[-82.9818,155.525,144.251],[-82.9818,155.525,144.251],[-84.7461,198.673,149.17],[-86.4374,227.979,153.601],[-88.2404,247.783,158.054],[[[-0.914278,-0.262448,-0.308571],[-0.385841,0.332204,0.860678],[0.123375,-0.905959,0.40499]],[[-0.91105,0.00973749,-0.412181],[-0.410293,-0.119837,0.904046],[0.0405915,-0.992746,-0.113173]],[[-0.91105,0.00973749,-0.412181],[-0.408341,-0.15945,0.898795],[0.0569701,-0.987158,-0.149243]],[[-0.91105,0.00973749,-0.412181],[-0.402691,-0.235555,0.884508],[0.0884786,-0.971812,-0.218524]]],0],[1171,[0.354778,-0.757569,0.547925],117,51.2042,[-60.1223,186.221,103.773],[-60.6575,187.208,103.439],[-188.211,170.322,-12.777],false,[-101.161,154.572,134.524],[-100.383,203.175,92.8047],[-64.5449,211.219,85.714],[-57.0785,195.276,97.2452],[-62.064,184.077,105.674],[[[-0.0268086,-0.650852,-0.758731],[-0.999567,0.0266715,0.0124389],[-0.0121406,-0.758736,0.651285]],[[-0.0258516,-0.593772,-0.804218],[-0.285478,0.775371,-0.563296],[-0.958037,-0.215024,0.189553]],[[-0.0258516,-0.593772,-0.804218],[0.934593,0.271154,-0.230242],[-0.354778,0.757569,-0.547925]],[[-0.0258516,-0.593772,-0.804218],[0.941818,-0.284163,0.179529],[0.335129,0.752786,-0.566571]]],1],[1172,[0.31735,-0.571768,0.756552],117,58.343,[-58.0535,177.251,103.271],[-58.5393,178.322,102.481],[-191.485,158.761,-6.84414],false,[-102.92,148.098,126.162],[-102.327,188.342,80.6607],[-62.233,199.803,75.9192],[-54.3754,185.646,94.6513],[-60.2904,175.236,105.803],[[[0.142595,-0.742323,-0.654694],[-0.989733,-0.100411,-0.101717],[-0.00976823,-0.662476,0.749019]],[[0.142277,-0.760054,-0.634095],[-0.259031,0.589697,-0.764958],[-0.955333,-0.273086,0.112977]],[[0.142277,-0.760054,-0.634095],[0.937575,0.30887,-0.159854],[-0.31735,0.571768,-0.756552]],[[0.142277,-0.760054,-0.634095],[0.921453,-0.132257,0.365283],[0.361498,0.63626,-0.681537]]],2],[1173,[0.445923,-0.414173,0.793482],117,56.0984,[-58.1975,167.007,93.7572],[-58.8824,167.501,93.6076],[-163.061,197.69,-55.186],false,[-102.171,140.591,118.578],[-101.615,170.16,72.7512],[-66.4846,184.811,64.7102],[-55.7287,174.821,83.8493],[-59.851,165.325,96.3983],[[[0.213805,-0.822025,-0.52779],[-0.976823,-0.174257,-0.124303],[-0.0102088,-0.542134,0.84023]],[[0.213961,-0.811476,-0.543808],[-0.372533,0.446843,-0.813358],[-0.903017,-0.376613,0.206695]],[[0.213961,-0.811476,-0.543808],[0.869122,0.412271,-0.273239],[-0.445923,0.414173,-0.793482]],[[0.213961,-0.811476,-0.543808],[0.943405,0.0272483,0.330523],[0.253394,0.58375,-0.771381]]],3],[1174,[0.795592,0.360517,-0.48689],117,43.9801,[-52.0916,172.897,34.6069],[-52.286,173.941,34.8059],[-157.384,314.113,-50.9264],false,[-95.4804,131.911,112.795],[-96.9634,153.056,66.9722],[-75.7882,163.375,47.148],[-62.2393,169.514,38.8563],[-49.5255,175.06,33.1242],[[[0.369627,-0.839078,-0.399153],[-0.928716,-0.347198,-0.130156],[0.0293738,-0.418809,0.907599]],[[0.360494,-0.92762,-0.0977969],[-0.630076,-0.16486,-0.758832],[-0.687785,-0.335174,0.643902]],[[0.360494,-0.92762,-0.0977969],[-0.486906,-0.0977146,-0.867971],[-0.795592,-0.360517,0.48689]],[[0.360494,-0.92762,-0.0977969],[-0.390419,-0.0548374,-0.919003],[-0.847123,-0.369477,0.381929]]],4]],[[0,200,0],[235.247,235.247,147.751]]],[382558,83404716176,[[116,"right",[0.191074,0.295954,-0.935896],[-0.967238,-0.105603,-0.230867],[37.1669,139.904,39.9924],[-38.0033,-145.095,70.905],[37.4438,140.751,39.4687],0.544406,0.456483,0.674077,[[-0.245222,-0.792723,-0.558082],[0.625056,0.310753,-0.716057],[0.741061,-0.524426,0.419292]],63.72,[232.388,-24.4529,202.709],[32.3016,117.142,89.4999]],[117,"left",[-0.134216,0.649866,-0.748105],[0.99065,0.069359,-0.11748],[-96.629,174.928,95.2598],[-156.855,184.252,-35.4022],[-96.205,174.284,95.3238],0,0.55284,0.180113,[[-0.0403183,-0.763486,-0.644565],[-0.561702,0.550826,-0.617318],[-0.826357,-0.337164,0.45106]],55.4815,[-288.476,59.824,232.582],[-94.207,139.088,126.541]]],[[1160,[-0.212175,0.224433,-0.951111],116,52.1164,[-0.866719,176.273,12.5396],[-1.33483,175.296,13.7534],[-56.4151,-155.413,79.3779],false,[16.4361,142.053,97.7946],[16.4361,142.053,97.7946],[10.3357,175.47,61.2179],[3.10142,183.122,28.7892],[-2.65834,172.805,8.58719],[[[0.969673,-0.22981,-0.0832],[0.223464,0.695756,0.682633],[-0.0989889,-0.680523,0.726009]],[[0.968641,-0.0804688,-0.235074],[0.216332,0.738491,0.638617],[0.122211,-0.669444,0.73274]],[[0.968641,-0.0804688,-0.235074],[0.129293,0.971162,0.200321],[0.212175,-0.224433,0.951111]],[[0.968641,-0.0804688,-0.235074],[-0.0341624,0.893986,-0.446792],[0.246105,0.440811,0.863202]]],0],[1161,[-0.129365,-0.509697,0.850573],116,58.8075,[2.85033,157.417,48.9091],[1.14399,149.271,46.7197],[-41.6929,-165.232,80.8339],false,[38.7417,139.628,90.1482],[39.8482,171.299,23.754],[-2.03408,166.176,15.6671],[-5.16088,153.856,36.2258],[3.07628,147.992,49.9983],[[[0.196868,-0.886178,-0.419441],[0.980315,0.171359,0.0980793],[-0.0150408,-0.430493,0.902469]],[[0.197438,-0.853845,-0.481629],[0.103288,0.506685,-0.855922],[0.974859,0.119245,0.188231]],[[0.197438,-0.853845,-0.481629],[-0.971742,-0.10563,-0.211091],[0.129365,0.509697,-0.850573]],[[0.197438,-0.853845,-0.481629],[-0.853573,-0.391351,0.343886],[-0.482111,0.34321,-0.806087]]],1],[1162,[-0.14799,-0.322825,0.934817],116,67.0064,[1.7314,146.14,52.6484],[0.3027,138.492,51.0048],[-32.7416,-165.078,84.773],false,[42.8173,129.379,84.6744],[45.6401,150.652,18.2887],[-2.18575,151.476,12.3488],[-6.39404,142.296,38.9316],[2.4377,137.137,54.6962],[[[0.0230028,-0.952333,-0.304191],[0.998916,0.00957995,0.0455455],[-0.0404604,-0.304909,0.951522]],[[0.0237988,-0.946114,-0.322958],[0.122117,0.323382,-0.938356],[0.99223,-0.017107,0.123233]],[[0.0237988,-0.946114,-0.322958],[-0.988703,0.0255469,-0.147698],[0.14799,0.322825,-0.934817]],[[0.0237988,-0.946114,-0.322958],[-0.88236,-0.171747,0.438115],[-0.469973,0.274539,-0.8389]]],2],[1163,[-0.209135,-0.10845,0.971854],116,64.4285,[5.37277,133.889,52.0077],[4.30248,126.6,51.1336],[-25.3372,-162.263,87.0894],false,[44.0311,117.995,80.2161],[48.0608,127.995,18.5108],[4.12067,131.61,11.268],[-1.6728,128.606,38.1903],[6.14017,126.029,54.9656],[[[-0.0585705,-0.984817,-0.163414],[0.996208,-0.0682092,0.0540053],[-0.0643316,-0.159631,0.985078]],[[-0.0611097,-0.990439,-0.123675],[0.170563,0.111722,-0.978993],[0.98345,-0.0809202,0.162105]],[[-0.0611097,-0.990439,-0.123675],[-0.975975,0.0852544,-0.200509],[0.209135,0.10845,-0.971854]],[[-0.0611097,-0.990439,-0.123675],[-0.906314,0.00315056,0.422594],[-0.418164,0.137913,-0.897841]]],3],[1164,[-0.607644,-0.0032879,-0.794202],116,50.5107,[5.79609,106.702,-35.602],[4.9856,106.215,-34.67],[-36.3485,-190.591,85.2673],false,[38.3412,105.232,77.5181],[45.554,106.782,20.0042],[25.9745,105.874,-9.42526],[14.0897,105.81,-24.9589],[3.05924,105.996,-38.2029],[[[-0.229414,-0.971776,-0.0549651],[0.965348,-0.234387,0.114747],[-0.124391,-0.0267358,0.991873]],[[-0.253425,-0.946913,0.197815],[0.793194,-0.320462,-0.51783],[0.553733,0.0256749,0.832299]],[[-0.253425,-0.946913,0.197815],[0.752691,-0.321472,-0.574553],[0.607644,0.0032879,0.794202]],[[-0.253425,-0.946913,0.197815],[0.725436,-0.321309,-0.608689],[0.639936,-0.0107544,0.768353]]],4],[1170,[-0.0312304,0.986837,0.158672],117,45.3781,[-86.4564,243.593,157.169],[-87.5526,243.795,158.602],[-58.5915,89.7128,-16.3487],false,[-83.8842,156.592,143.877],[-83.8842,156.592,143.877],[-84.574,199.713,149.28],[-85.5012,229.009,153.991],[-86.7215,248.839,158.523],[[[-0.922096,-0.239792,-0.303707],[-0.370969,0.324493,0.870107],[0.110094,-0.914989,0.388169]],[[-0.914391,0.0358979,-0.403237],[-0.40452,-0.120068,0.906613],[0.0158703,-0.992116,-0.124311]],[[-0.914391,0.0358979,-0.403237],[-0.403625,-0.157681,0.901234],[0.0312304,-0.986837,-0.158672]],[[-0.914391,0.0358979,-0.403237],[-0.400378,-0.227531,0.887653],[0.059884,-0.973109,-0.222425]]],0],[1171,[0.34788,-0.773278,0.530113],117,51.2042,[-61.1449,187.496,103.672],[-61.3392,188.551,103.37],[-158.666,167.656,-12.647],false,[-102.173,156.15,134.321],[-100.881,205.444,93.4322],[-64.9814,212.977,86.0953],[-57.6601,196.703,97.2517],[-62.7425,185.439,105.535],[[[-0.0466464,-0.637019,-0.769435],[-0.998708,0.0452925,0.0230479],[-0.0201677,-0.769516,0.638309]],[[-0.0450328,-0.57856,-0.814396],[-0.277479,0.790388,-0.546161],[-0.959676,-0.201382,0.196132]],[[-0.0450328,-0.57856,-0.814396],[0.936457,0.259439,-0.236092],[-0.34788,0.773278,-0.530113]],[[-0.0450328,-0.57856,-0.814396],[0.938753,-0.3033,0.16356],[0.341636,0.757151,-0.556784]]],1],[1172,[0.309232,-0.592049,0.744213],117,58.343,[-59.3495,178.322,103.198],[-59.5169,179.496,102.41],[-171.264,152.523,-7.25672],false,[-104.137,149.856,125.867],[-103.226,190.862,81.0567],[-62.9181,201.521,76.2581],[-55.2616,186.862,94.6847],[-61.3087,176.381,105.699],[[[0.122001,-0.733452,-0.668703],[-0.992417,-0.0799607,-0.0933578],[-0.0150034,-0.675022,0.737645]],[[0.121548,-0.751545,-0.648387],[-0.250605,0.608832,-0.752676],[-0.960429,-0.253975,0.114339]],[[0.121548,-0.751545,-0.648387],[0.943187,0.29096,-0.16044],[-0.309232,0.592049,-0.744213]],[[0.121548,-0.751545,-0.648387],[0.921215,-0.15781,0.35561],[0.369579,0.640528,-0.673153]]],2],[1173,[0.420558,-0.447426,0.789266],117,56.0984,[-59.9217,167.923,93.8819],[-60.4503,168.528,93.7163],[-172.74,169.586,-27.6981],false,[-103.606,142.468,118.149],[-102.937,172.809,72.8307],[-67.2865,186.502,65.4176],[-57.1425,175.71,84.455],[-61.6585,166.078,96.7634],[[[0.192927,-0.816664,-0.543911],[-0.981137,-0.153636,-0.117333],[-0.0122574,-0.556288,0.830899]],[[0.193126,-0.805852,-0.559736],[-0.350572,0.476145,-0.806464],[-0.916407,-0.351977,0.190553]],[[0.193126,-0.805852,-0.559736],[0.886472,0.38783,-0.252498],[-0.420558,0.447426,-0.789266]],[[0.193126,-0.805852,-0.559736],[0.941086,-0.00926409,0.338041],[0.277597,0.592044,-0.756587]]],3],[1174,[0.795166,0.352901,-0.493125],117,43.9801,[-53.6933,175.299,34.0467],[-54.0239,176.262,34.2836],[-170.533,302.467,-55.4126],false,[-97.1385,133.764,112.151],[-98.6696,155.723,66.7132],[-77.5751,165.943,46.7522],[-64.0334,171.953,38.3543],[-51.3027,177.346,32.5159],[[[0.349654,-0.838873,-0.417174],[-0.936388,-0.327326,-0.126631],[0.0303249,-0.434914,0.899961]],[[0.341725,-0.932569,-0.116353],[-0.643252,-0.141835,-0.752402],[-0.685165,-0.33196,0.648346]],[[0.341725,-0.932569,-0.116353],[-0.500935,-0.0759934,-0.862142],[-0.795166,-0.352901,0.493125]],[[0.341725,-0.932569,-0.116353],[-0.404594,-0.034239,-0.913855],[-0.848249,-0.359363,0.389013]]],4]],[[0,200,0],[235.247,235.247,147.751]]],[382559,83404725241,[[116,"right",[0.184599,0.291056,-0.938728],[-0.969562,-0.102391,-0.222409],[37.1816,138.905,40.3984],[-27.0563,-135.443,63.6895],[37.2885,139.658,40.0194],0.534075,0.453535,0.671936,[[-0.249784,-0.794702,-0.553224],[0.624115,0.304689,-0.719475],[0.74033,-0.524989,0.419879]],63.72,[232.517,-25.3671,203.411],[32.6278,116.38,90.0435]],[117,"left",[-0.131107,0.658463,-0.741106],[0.990779,0.0612536,-0.120853],[-97.3451,176.063,95.2465],[-135.346,167.924,-26.0264],[-97.0991,175.679,95.2632],0,0.538633,0.1922,[[-0.0463813,-0.755249,-0.653795],[-0.564882,0.559632,-0.6064],[-0.823867,-0.341191,0.452583]],55.4815,[-288.818,59.6829,232.561],[-95.1343,139.894,126.163]]],[[1160,[-0.216509,0.234102,-0.947798],116,52.1164,[-1.02355,175.725,13.3133],[-1.23252,174.991,14.3998],[-35.724,-110.987,81.3043],false,[16.9393,141.395,98.3598],[16.9393,141.395,98.3598],[10.8178,174.983,61.9432],[3.43582,182.965,29.6274],[-2.54065,172.916,9.35341],[[[0.967949,-0.23439,-0.0901968],[0.232108,0.697731,0.677715],[-0.0959163,-0.676929,0.729772]],[[0.966405,-0.086344,-0.242086],[0.225881,0.734714,0.639667],[0.122633,-0.67286,0.729535]],[[0.966405,-0.086344,-0.242086],[0.138509,0.96837,0.207543],[0.216509,-0.234102,0.947798]],[[0.966405,-0.086344,-0.242086],[-0.0291447,0.898996,-0.436987],[0.255365,0.429362,0.866278]]],0],[1161,[-0.124857,-0.505796,0.85357],116,58.8075,[2.49709,155.41,48.586],[1.2506,148.456,47.3748],[-27.0427,-144.573,78.2021],false,[39.1701,138.84,90.5402],[39.864,170.218,24.0012],[-2.10474,165.249,16.2745],[-5.12259,153.024,36.9056],[3.19831,147.176,50.6347],[[[0.189561,-0.888839,-0.417172],[0.981824,0.167512,0.0892318],[-0.00943162,-0.426504,0.904437]],[[0.189755,-0.856595,-0.479832],[0.0985631,0.502862,-0.858729],[0.976872,0.115654,0.179849]],[[0.189755,-0.856595,-0.479832],[-0.97386,-0.102059,-0.202929],[0.124857,0.505796,-0.85357]],[[0.189755,-0.856595,-0.479832],[-0.852533,-0.386162,0.352231],[-0.487012,0.342235,-0.803551]]],1],[1162,[-0.141505,-0.318239,0.93739],116,67.0064,[1.46319,144.244,52.4586],[0.408728,137.697,51.7217],[-20.4422,-143.706,83.176],false,[43.1561,128.55,85.0779],[45.5213,149.522,18.5786],[-2.34836,150.529,13.0325],[-6.37226,141.479,39.6885],[2.56987,136.348,55.4001],[[[0.0163712,-0.953735,-0.300202],[0.999291,0.00542684,0.0372545],[-0.0339017,-0.300599,0.953148]],[[0.017043,-0.947561,-0.319119],[0.115696,0.318891,-0.940703],[0.993138,-0.0208886,0.115064]],[[0.017043,-0.947561,-0.319119],[-0.989791,0.0291811,-0.139509],[0.141505,0.318239,-0.93739]],[[0.017043,-0.947561,-0.319119],[-0.879363,-0.166101,0.446241],[-0.475847,0.273017,-0.836081]]],2],[1163,[-0.201515,-0.103286,0.974024],116,64.4285,[5.15895,132.131,51.9746],[4.3521,125.793,51.8764],[-16.8902,-142.036,85.8327],false,[44.2837,117.142,80.6595],[47.8459,126.856,18.8799],[3.86126,130.629,11.9966],[-1.72111,127.768,38.979],[6.21627,125.231,55.7018],[[[-0.0641738,-0.985253,-0.158615],[0.996317,-0.0723123,0.0460765],[-0.0568668,-0.155074,0.986265]],[[-0.0664105,-0.990696,-0.118794],[0.162661,0.106715,-0.980894],[0.984445,-0.0844647,0.15406]],[[-0.0664105,-0.990696,-0.118794],[-0.977231,0.0886241,-0.192781],[0.201515,0.103286,-0.974024]],[[-0.0664105,-0.990696,-0.118794],[-0.902837,0.00897333,0.429888],[-0.424823,0.1358,-0.895033]]],3],[1164,[-0.613016,-0.0048606,-0.790055],116,50.5107,[5.21337,105.366,-34.7944],[4.32154,104.987,-33.9095],[-46.6617,-175.735,84.7943],false,[38.5166,104.392,78.0644],[45.2599,105.661,20.4867],[25.4807,104.682,-8.80667],[13.4909,104.587,-24.2592],[2.3707,104.75,-37.4282],[[[-0.234057,-0.970997,-0.0488175],[0.965243,-0.238089,0.107797],[-0.116294,-0.0218901,0.992974]],[[-0.255884,-0.94486,0.204358],[0.788428,-0.3263,-0.521449],[0.559378,0.0276909,0.82845]],[[-0.255884,-0.94486,0.204358],[0.747485,-0.327437,-0.577971],[0.613016,0.0048606,0.790055]],[[-0.255884,-0.94486,0.204358],[0.719941,-0.327336,-0.611993],[0.645142,-0.00947396,0.764004]]],4],[1170,[-0.0179744,0.986361,0.163613],117,45.3781,[-86.1919,244.219,157.43],[-87.0424,244.317,158.808],[-27.6205,80.1889,-6.26441],false,[-84.5783,157.128,143.628],[-84.5783,157.128,143.628],[-84.7162,200.22,149.293],[-85.2499,229.503,154.15],[-86.1665,249.342,158.713],[[[-0.925517,-0.228144,-0.302271],[-0.364414,0.319321,0.874778],[0.103054,-0.919774,0.378676]],[[-0.915418,0.0495756,-0.39944],[-0.402492,-0.120574,0.907448],[0.00317485,-0.991466,-0.130329]],[[-0.915418,0.0495756,-0.39944],[-0.402103,-0.156954,0.902041],[0.0179744,-0.986361,-0.163613]],[[-0.915418,0.0495756,-0.39944],[-0.399984,-0.222949,0.888992],[0.0449826,-0.973569,-0.223921]]],0],[1171,[0.345067,-0.781505,0.519787],117,51.2042,[-61.8237,188.441,103.588],[-61.8655,189.27,103.329],[-129.885,144.225,-11.3521],false,[-102.908,156.952,134.143],[-101.317,206.633,93.7372],[-65.3897,213.942,86.3129],[-58.1277,197.495,97.252],[-63.2443,186.178,105.441],[[[-0.05571,-0.62891,-0.775479],[-0.998138,0.054397,0.0275899],[-0.0248322,-0.775573,0.63077]],[[-0.0537035,-0.569335,-0.82035],[-0.273277,0.798551,-0.536317],[-0.960435,-0.195381,0.198471]],[[-0.0537035,-0.569335,-0.82035],[0.93704,0.255161,-0.238428],[-0.345067,0.781505,-0.519787]],[[-0.0537035,-0.569335,-0.82035],[0.937454,-0.311714,0.154965],[0.343941,0.760718,-0.550465]]],1],[1172,[0.302783,-0.603385,0.737733],117,58.343,[-60.2959,179.089,103.179],[-60.2446,180.084,102.422],[-146.279,128.201,-5.06258],false,[-104.966,150.76,125.636],[-103.849,192.197,81.2284],[-63.4206,202.42,76.4966],[-55.9237,187.48,94.7627],[-62.0625,176.956,105.684],[[[0.112427,-0.727908,-0.676395],[-0.99349,-0.0697516,-0.0900695],[-0.0183827,-0.682118,0.731011]],[[0.111885,-0.746211,-0.65624],[-0.243985,0.619543,-0.746082],[-0.963303,-0.243588,0.112747]],[[0.111885,-0.746211,-0.65624],[0.946469,0.28124,-0.158431],[-0.302783,0.603385,-0.737733]],[[0.111885,-0.746211,-0.65624],[0.920177,-0.171527,0.351928],[0.375176,0.643232,-0.667455]]],2],[1173,[0.387865,-0.472424,0.791439],117,56.0984,[-61.5641,168.151,94.5203],[-61.7659,168.707,94.1984],[-169.807,120.607,4.09235],false,[-104.535,143.445,117.843],[-103.763,174.225,72.8237],[-67.6267,187.087,66.331],[-58.2712,175.692,85.4208],[-63.23,165.993,97.5036],[[[0.183068,-0.81301,-0.552721],[-0.982998,-0.143288,-0.114816],[-0.0141481,-0.564343,0.825419]],[[0.183307,-0.80197,-0.568544],[-0.321825,0.497519,-0.805545],[-0.928885,-0.330634,0.166895]],[[0.183307,-0.80197,-0.568544],[0.903304,0.365595,-0.224458],[-0.387865,0.472424,-0.791439]],[[0.183307,-0.80197,-0.568544],[0.934607,-0.0371526,0.353737],[0.30481,0.596208,-0.742716]]],3],[1174,[0.791164,0.348728,-0.502441],117,43.9801,[-55.0969,176.899,33.3801],[-55.2007,177.511,33.7512],[-161.747,256.687,-60.3542],false,[-98.1734,134.74,111.733],[-99.6804,157.16,66.5206],[-78.73,167.313,46.3741],[-65.2565,173.252,37.8175],[-52.5706,178.568,31.8133],[[[0.340087,-0.837936,-0.426854],[-0.93992,-0.317288,-0.126009],[0.0298484,-0.444062,0.895499]],[[0.332367,-0.934772,-0.125437],[-0.653052,-0.132134,-0.745697],[-0.680482,-0.329761,0.654371]],[[0.332367,-0.934772,-0.125437],[-0.513411,-0.0677536,-0.855464],[-0.791164,-0.348728,0.502441]],[[0.332367,-0.934772,-0.125437],[-0.418402,-0.026941,-0.907862],[-0.845264,-0.354226,0.400065]]],4]],[[0,200,0],[235.247,235.247,147.751]]],[382560,83404734256,[[116,"right",[0.181423,0.284067,-0.941484],[-0.970862,-0.100683,-0.217463],[36.9375,138.18,40.747],[-27.0595,-120.311,56.8081],[37.0813,138.786,40.4488],0.523103,0.449846,0.594924,[[-0.256196,-0.796936,-0.547043],[0.621321,0.297768,-0.724772],[0.740489,-0.525573,0.418866]],63.72,[232.46,-25.8971,203.657],[32.5283,116.008,90.5635]],[117,"left",[-0.127778,0.658934,-0.741268],[0.991078,0.0562686,-0.120822],[-98.9021,177.969,94.7116],[-145.62,179.878,-35.1854],[-98.5409,177.51,94.8221],0,0.524264,0.2092,[[-0.0441639,-0.752788,-0.656779],[-0.572734,0.557736,-0.600754],[-0.81855,-0.349629,0.45578]],55.4815,[-289.308,59.6018,232.787],[-96.8736,141.796,125.637]]],[[1160,[-0.218236,0.242163,-0.945373],116,52.1164,[-1.14579,175.618,13.8847],[-1.38168,174.948,14.7916],[-29.5189,-72.2418,74.7317],false,[16.9588,141.131,98.7781],[16.9588,141.131,98.7781],[10.8625,174.801,62.4335],[3.42163,183.057,30.2004],[-2.69046,173.239,9.8543],[[[0.966768,-0.238203,-0.0928361],[0.237377,0.701539,0.671933],[-0.0949285,-0.671641,0.73477]],[[0.964991,-0.0908638,-0.24604],[0.232114,0.732651,0.639802],[0.122126,-0.674512,0.728092]],[[0.964991,-0.0908638,-0.24604],[0.145482,0.965971,0.213855],[0.218236,-0.242163,0.945373]],[[0.964991,-0.0908638,-0.24604],[-0.0242295,0.903179,-0.42858],[0.26116,0.419537,0.869358]]],0],[1161,[-0.123149,-0.499994,0.857228],116,58.8075,[2.19314,153.798,48.438],[1.06206,147.893,47.8078],[-25.5145,-122.134,69.6311],false,[39.1464,138.449,90.8789],[39.6507,169.372,24.1257],[-2.36702,164.497,16.6079],[-5.34358,152.412,37.3275],[3.01278,146.622,51.0593],[[[0.184804,-0.892272,-0.411945],[0.982752,0.164858,0.0837935],[-0.00685429,-0.420324,0.907348]],[[0.184825,-0.860246,-0.475202],[0.09661,0.497094,-0.862301],[0.978011,0.113466,0.174984]],[[0.184825,-0.860246,-0.475202],[-0.975025,-0.0999167,-0.19835],[0.123149,0.499994,-0.857228]],[[0.184825,-0.860246,-0.475202],[-0.852427,-0.380961,0.358101],[-0.489088,0.338889,-0.803708]]],1],[1162,[-0.138298,-0.311515,0.940123],116,67.0064,[1.22623,142.741,52.4267],[0.215504,137.166,52.2399],[-20.6975,-120.374,76.1094],false,[43.0745,128.108,85.4692],[45.2161,148.621,18.8192],[-2.67421,149.748,13.478],[-6.6069,140.89,40.2117],[2.38976,135.835,55.9168],[[[0.0119177,-0.955799,-0.29378],[0.999458,0.0023672,0.0328434],[-0.0306962,-0.294012,0.955309]],[[0.0125301,-0.949719,-0.312852],[0.112561,0.312227,-0.943316],[0.993566,-0.023395,0.110813]],[[0.0125301,-0.949719,-0.312852],[-0.990311,0.0314869,-0.135248],[0.138298,0.311515,-0.940123]],[[0.0125301,-0.949719,-0.312852],[-0.877862,-0.160249,0.451307],[-0.478749,0.268986,-0.835731]]],2],[1163,[-0.196776,-0.0960123,0.975736],116,64.4285,[4.96085,130.742,52.0732],[4.13346,125.255,52.4721],[-18.634,-119.463,80.7115],false,[44.1452,116.667,81.1237],[47.4674,125.95,19.2644],[3.46159,129.82,12.573],[-1.98949,127.16,39.6029],[6.02444,124.711,56.3023],[[[-0.0681069,-0.986088,-0.15163],[0.996267,-0.0753,0.0422066],[-0.0530372,-0.14819,0.987536]],[[-0.0701897,-0.991261,-0.111695],[0.15813,0.0994988,-0.982392],[0.98492,-0.0866161,0.149764]],[[-0.0701897,-0.991261,-0.111695],[-0.977933,0.0904655,-0.188317],[0.196776,0.0960123,-0.975736]],[[-0.0701897,-0.991261,-0.111695],[-0.900612,0.0148261,0.434372],[-0.42892,0.131082,-0.893782]]],3],[1164,[-0.615037,-0.00919914,-0.788444],116,50.5107,[4.64315,104.148,-34.1063],[3.73869,103.808,-33.2573],[-51.5381,-163.858,81.2846],false,[38.3249,103.919,78.6406],[44.819,104.775,21.0265],[24.9663,103.625,-8.21079],[12.9369,103.445,-23.6318],[1.78223,103.539,-36.7723],[[[-0.237457,-0.970524,-0.0411901],[0.96492,-0.24055,0.105188],[-0.111996,-0.0147675,0.993599]],[[-0.258107,-0.942494,0.212336],[0.786223,-0.332638,-0.520774],[0.561457,0.0325284,0.826866]],[[-0.258107,-0.942494,0.212336],[0.745057,-0.334098,-0.577294],[0.615037,0.00919914,0.788444]],[[-0.258107,-0.942494,0.212336],[0.717347,-0.33418,-0.611341],[0.647143,-0.00547236,0.762349]]],4],[1170,[-0.00242699,0.993616,0.112791],117,45.3781,[-86.3998,245.555,155.69],[-87.3753,246.563,155.572],[-41.2557,131.175,-129.038],false,[-86.2323,158.981,143.098],[-86.2323,158.981,143.098],[-86.173,202.209,147.624],[-86.2451,231.706,150.972],[-86.7732,251.793,154.361],[[[-0.926633,-0.223584,-0.30226],[-0.362852,0.321347,0.874685],[0.098435,-0.920188,0.378899]],[[-0.917178,0.0427324,-0.396179],[-0.398475,-0.0949537,0.912251],[-0.00136398,-0.994564,-0.104117]],[[-0.917178,0.0427324,-0.396179],[-0.39847,-0.104411,0.911219],[0.00242699,-0.993616,-0.112791]],[[-0.917178,0.0427324,-0.396179],[-0.397633,-0.162812,0.902984],[0.0259161,-0.985731,-0.166319]]],0],[1171,[0.341747,-0.783177,0.519463],117,51.2042,[-63.0979,189.975,103.162],[-63.3459,190.981,102.795],[-138.92,157.038,-24.7536],false,[-104.562,158.895,133.612],[-102.721,208.558,93.1949],[-66.7552,215.683,85.7783],[-59.563,199.201,96.7106],[-64.7209,187.903,104.899],[[[-0.0588195,-0.628808,-0.775333],[-0.997855,0.0593953,0.0275303],[-0.0287398,-0.775289,0.630953]],[[-0.0564973,-0.568864,-0.820489],[-0.269065,0.800071,-0.536181],[-0.961463,-0.190472,0.198264]],[[-0.0564973,-0.568864,-0.820489],[0.938092,0.251052,-0.238655],[-0.341747,0.783177,-0.519463]],[[-0.0564973,-0.568864,-0.820489],[0.936267,-0.315574,0.154325],[0.346715,0.759478,-0.550438]]],1],[1172,[0.300589,-0.604462,0.737748],117,58.343,[-61.6815,180.595,102.758],[-61.782,181.805,101.89],[-152.497,146.405,-20.8496],false,[-106.65,152.711,125.106],[-105.324,194.132,80.6893],[-64.8544,204.175,75.9288],[-57.4119,189.208,94.1953],[-63.5953,178.716,105.122],[[[0.108816,-0.728622,-0.676217],[-0.993822,-0.064803,-0.0900995],[-0.0218275,-0.681844,0.731172]],[[0.108181,-0.74692,-0.656055],[-0.241717,0.620361,-0.74614],[-0.964297,-0.239298,0.113432]],[[0.108181,-0.74692,-0.656055],[0.947599,0.277013,-0.159124],[-0.300589,0.604462,-0.737748]],[[0.108181,-0.74692,-0.656055],[0.919502,-0.175685,0.351641],[0.377907,0.641284,-0.667788]]],2],[1173,[0.309837,-0.502282,0.807288],117,56.0984,[-64.5394,168.003,95.9973],[-64.8299,168.922,95.3242],[-225.709,79.3415,55.6205],false,[-106.256,145.392,117.316],[-105.328,176.157,72.2889],[-68.3601,187.475,67.9633],[-60.8867,175.36,87.4353],[-66.817,165.747,99.1437],[[[0.179025,-0.814047,-0.55252],[-0.983698,-0.138397,-0.114828],[-0.0170082,-0.564069,0.825552]],[[0.179321,-0.802963,-0.568415],[-0.25465,0.520204,-0.815194],[-0.950262,-0.290928,0.111191]],[[0.179321,-0.802963,-0.568415],[0.933726,0.320879,-0.158718],[-0.309837,0.502282,-0.807288]],[[0.179321,-0.802963,-0.568415],[0.913763,-0.078146,0.398661],[0.364529,0.590884,-0.719704]]],3],[1174,[0.78741,0.343095,-0.512123],117,43.9801,[-56.8724,178.494,32.4238],[-56.9923,179.101,32.8376],[-174.114,234.265,-75.1351],false,[-99.9378,136.655,111.208],[-101.331,159.071,65.99],[-80.4926,169.049,45.641],[-67.083,174.892,36.9195],[-54.4453,180.128,30.7455],[[[0.335911,-0.839728,-0.426639],[-0.94149,-0.312613,-0.125977],[0.0275862,-0.443993,0.895605]],[[0.327584,-0.93667,-0.123846],[-0.659232,-0.132694,-0.740139],[-0.676832,-0.324101,0.660951]],[[0.327584,-0.93667,-0.123846],[-0.522181,-0.0702459,-0.849937],[-0.787411,-0.343095,0.512123]],[[0.327584,-0.93667,-0.123846],[-0.428529,-0.0304747,-0.903014],[-0.842052,-0.348884,0.411373]]],4]],[[0,200,0],[235.247,235.247,147.751]]],[382561,83404752889,[[116,"right",[0.182445,0.271986,-0.944848],[-0.973911,-0.0819055,-0.211635],[36.0354,135.336,42.6792],[-37.4296,-136.004,79.5752],[36.2254,135.963,42.274],0.521335,0.444515,0.615464,[[-0.270374,-0.80632,-0.526067],[0.610146,0.279168,-0.741477],[0.744728,-0.521454,0.416493]],63.72,[232.496,-27.0982,205.163],[31.4193,113.694,92.71]],[117,"left",[-0.16048,0.662976,-0.731238],[0.986,0.0736877,-0.149583],[-101.502,180.583,94.4532],[-142.667,160.667,-24.8347],[-101.422,180.5,94.4632],0,0.513052,0.244668,[[-0.0425334,-0.743786,-0.667064],[-0.579944,0.56205,-0.589716],[-0.813545,-0.361777,0.45526]],55.4815,[-289.223,59.1385,232.008],[-97.966,144.189,124.98]]],[[1160,[-0.219981,0.242026,-0.945004],116,52.1164,[-1.55094,174.161,15.4836],[-1.77596,172.823,16.5869],[-27.889,-92.7269,85.9421],false,[16.4296,139.213,100.783],[16.4296,139.213,100.783],[10.6947,172.656,64.1713],[3.19431,180.908,31.9508],[-3.25564,171.111,11.6986],[[[0.960997,-0.259491,-0.0956565],[0.255738,0.702127,0.664542],[-0.105279,-0.663086,0.741103]],[[0.961229,-0.111342,-0.252274],[0.250679,0.733991,0.631204],[0.114887,-0.669971,0.733444]],[[0.961229,-0.111342,-0.252274],[0.166275,0.96386,0.208149],[0.219981,-0.242026,0.945004]],[[0.961229,-0.111342,-0.252274],[-0.00925171,0.901321,-0.433053],[0.275596,0.418597,0.865346]]],0],[1161,[-0.129634,-0.49036,0.861825],116,58.8075,[1.59075,151.109,48.9402],[0.403981,145.864,49.8272],[-30.3925,-115.865,88.1604],false,[38.5135,135.992,92.795],[39.3218,166.318,25.7715],[-2.82792,162.281,18.5002],[-5.96123,150.429,39.3309],[2.33673,144.571,53.0694],[[[0.163667,-0.899531,-0.40504],[0.986454,0.144654,0.0773492],[-0.0109875,-0.412213,0.911021]],[[0.164034,-0.867789,-0.469079],[0.102796,0.487969,-0.866787],[0.981084,0.0939629,0.169248]],[[0.164034,-0.867789,-0.469079],[-0.9779,-0.0805598,-0.19293],[0.129634,0.49036,-0.861825]],[[0.164034,-0.867789,-0.469079],[-0.858614,-0.359717,0.36522],[-0.48567,0.34285,-0.804101]]],1],[1162,[-0.139757,-0.300506,0.943485],116,67.0064,[0.663714,140.271,53.0691],[-0.633257,135.196,54.3682],[-32.8217,-113.299,94.6145],false,[42.1928,125.524,87.4563],[44.4178,145.408,20.619],[-3.46553,147.507,15.5142],[-7.43973,138.962,42.3436],[1.53339,133.851,58.044],[[[-0.00990279,-0.958344,-0.285446],[0.999442,-0.0185903,0.0277413],[-0.0318923,-0.285012,0.957993]],[[-0.0092573,-0.952398,-0.304716],[0.114133,0.301732,-0.946537],[0.993422,-0.0435406,0.105907]],[[-0.0092573,-0.952398,-0.304716],[-0.990143,0.0513205,-0.130323],[0.139757,0.300506,-0.943485]],[[-0.0092573,-0.952398,-0.304716],[-0.878585,-0.137767,0.457284],[-0.477497,0.271952,-0.835487]]],2],[1163,[-0.193182,-0.0833367,0.977617],116,64.4285,[4.37569,128.399,52.893],[3.03418,123.212,54.7012],[-38.1624,-114.733,99.8999],false,[42.9977,114.025,83.2058],[46.1902,122.699,21.2515],[2.23737,127.443,14.7774],[-3.11415,125.134,41.8594],[4.93615,122.661,58.5377],[[[-0.0898019,-0.985694,-0.142631],[0.994655,-0.0960882,0.0378013],[-0.0509657,-0.138474,0.989054]],[[-0.091787,-0.990482,-0.102571],[0.15441,0.0876025,-0.984115],[0.983734,-0.106167,0.1449]],[[-0.091787,-0.990482,-0.102571]