{"metadata":{"formatVersion":2,"generatedBy":"LeapJS Playback 0.2.1","frames":57,"protocolVersion":6,"serviceVersion":"2.2.5+26752","frameRate":"1.1e+2","modified":"Wed Apr 22 2015 20:03:17 GMT-0300 (E. South America Standard Time)"},"frames":[["id","timestamp",{"hands":[["id","type","direction","palmNormal","palmPosition","palmVelocity","stabilizedPalmPosition","pinchStrength","grabStrength","confidence","armBasis","armWidth","elbow","wrist"]]},{"pointables":[["id","direction","handId","length","stabilizedTipPosition","tipPosition","tipVelocity","tool","carpPosition","mcpPosition","pipPosition","dipPosition","btipPosition","bases","type"]]},{"interactionBox":["center","size"]}],[119419,81038726636,[[31,"right",[-0.337486,0.880516,-0.332857],[0.11337,-0.313009,-0.942959],[138.631,113.266,51.7723],[82.1358,59.0946,84.4101],[134.955,110.565,46.9439],0,0,0.375054,[[0.878629,0.232627,0.417008],[-0.346032,0.911983,0.220337],[-0.329048,-0.337893,0.881791]],63.003,[75.366,-19.9317,308.933],[163.209,70.2728,73.5283]]],[[310,[-0.706188,0.639577,-0.303711],31,51.5299,[60.9629,112.334,40.7188],[61.0926,112.622,42.3314],[37.328,-236.809,-1.56334],false,[139.221,53.9173,64.7489],[139.221,53.9173,64.7489],[99.5446,81.3289,54.2437],[75.7376,102.89,44.005],[56.513,115.055,39.7744],[[[0.208776,0.595023,0.776118],[-0.671055,-0.490136,0.556284],[0.711406,-0.636956,0.296965]],[[0.206934,0.596669,0.775348],[-0.557617,-0.57925,0.594586],[0.803891,-0.555387,0.212846]],[[0.206934,0.596669,0.775348],[-0.677109,-0.484693,0.553711],[0.706188,-0.639577,0.303711]],[[0.206934,0.596669,0.775348],[-0.516689,-0.606318,0.604493],[0.830789,-0.525704,0.182824]]],0],[311,[-0.551414,0.767701,-0.326461],31,58.1458,[63.054,188.995,25.6618],[64.352,189.756,26.0976],[-285.287,-185.008,10.2557],false,[140.911,72.1234,79.4115],[106.914,126.889,45.7018],[83.0538,161.527,39.7567],[69.8759,179.874,31.9548],[61.0056,191.722,23.8107],[[[0.864548,0.498759,-0.0616168],[-0.184743,0.429442,0.883996],[0.467362,-0.752874,0.463415]],[[0.82734,0.553445,-0.0959589],[0.000790093,0.169689,0.985497],[0.561701,-0.815417,0.139953]],[[0.82734,0.553445,-0.0959589],[-0.10701,0.323007,0.940327],[0.551414,-0.767701,0.326461]],[[0.82734,0.553445,-0.0959589],[-0.19951,0.449238,0.870851],[0.525076,-0.701345,0.48209]]],1],[312,[-0.305961,0.823002,-0.478598],31,66.2525,[99.6408,212.213,11.9166],[99.9075,212.131,12.0115],[-302.681,-35.4187,-7.02036],false,[150.74,79.2917,79.8874],[126.984,135.406,47.5526],[112.48,178.883,34.4922],[103.877,202.023,21.0357],[98.392,215.284,9.23284],[[[0.938483,0.311891,-0.148232],[-0.0256155,0.490947,0.870813],[0.344373,-0.813446,0.468735]],[[0.951658,0.278698,-0.129131],[0.0414289,0.300098,0.953008],[0.304353,-0.912288,0.274044]],[[0.951658,0.278698,-0.129131],[-0.0271092,0.49497,0.868487],[0.305961,-0.823002,0.478598]],[[0.951658,0.278698,-0.129131],[-0.0848785,0.64264,0.761452],[0.2952,-0.713682,0.635229]]],2],[313,[-0.216793,0.726147,-0.652466],31,63.7035,[131.323,204.694,3.173],[131.191,205.532,4.62724],[-251.758,0.187662,-106.544],false,[161.782,84.1585,78.4906],[149.33,137.482,49.5501],[140.297,177.305,32.6942],[134.359,197.194,14.823],[130.481,206.867,-0.43081],[[[0.978175,0.150883,-0.142859],[0.0524913,0.485795,0.872495],[0.201045,-0.860952,0.467272]],[[0.976213,0.159088,-0.147309],[0.0720909,0.402599,0.912533],[0.20448,-0.901446,0.381554]],[[0.976213,0.159088,-0.147309],[0.00316883,0.668881,0.743363],[0.216793,-0.726147,0.652466]],[[0.976213,0.159088,-0.147309],[-0.0542286,0.836983,0.544536],[0.209925,-0.523594,0.8257]]],3],[314,[-0.105196,0.737964,-0.666591],31,49.9424,[165.257,189.272,10.757],[165.71,190.133,12.3019],[-235.69,98.2712,-155.202],false,[174.38,83.9911,72.2237],[170.388,135.846,48.095],[169.225,167.973,34.3552],[167.191,182.244,21.4642],[164.548,191.264,7.24705],[[[0.97266,-0.032132,-0.230002],[0.221548,0.425365,0.877486],[0.0696393,-0.904451,0.420854]],[[0.974251,-0.0579405,-0.217893],[0.223001,0.390125,0.89335],[0.0332443,-0.918937,0.393]],[[0.974251,-0.0579405,-0.217893],[0.19942,0.672348,0.712867],[0.105196,-0.737964,0.666591]],[[0.974251,-0.0579405,-0.217893],[0.163644,0.846514,0.506591],[0.155097,-0.529204,0.834199]]],4]],[[0,200,0],[235.247,235.247,147.751]]],[119420,81038735358,[[31,"right",[-0.334278,0.880808,-0.335313],[0.116873,-0.314293,-0.942104],[138.995,113.346,51.9417],[71.339,45.7417,67.0348],[135.413,110.88,47.51],0,0,0.388548,[[0.878521,0.2308,0.418249],[-0.344913,0.912224,0.221094],[-0.330509,-0.338495,0.881014]],63.003,[75.1594,-20.0369,309.05],[163.393,70.3285,73.853]]],[[310,[-0.704498,0.639645,-0.30747],31,51.5299,[61.1397,112.27,40.7002],[61.3765,112.671,42.1029],[34.5354,-173.422,-2.688],false,[139.411,54.0106,64.9869],[139.411,54.0106,64.9869],[99.8005,81.4394,54.278],[76.0505,103.003,43.9126],[56.724,115.025,39.7367],[[[0.206559,0.595481,0.776361],[-0.674454,-0.488181,0.553888],[0.708834,-0.63803,0.300786]],[[0.204196,0.597603,0.775354],[-0.560555,-0.577954,0.593084],[0.802548,-0.555734,0.216974]],[[0.204196,0.597603,0.775354],[-0.679696,-0.483451,0.551623],[0.704498,-0.639645,0.30747]],[[0.204196,0.597603,0.775354],[-0.510652,-0.610717,0.605194],[0.835188,-0.519514,0.180461]]],0],[311,[-0.552922,0.767395,-0.324628],31,58.1458,[63.3225,189.084,25.747],[64.6373,189.806,26.0188],[-200.053,-132.711,9.6016],false,[141.073,72.2299,79.6364],[107.332,127.025,45.7172],[83.4077,161.611,39.7303],[70.1937,179.951,31.9722],[61.2903,191.819,23.894],[[[0.865798,0.496976,-0.0583877],[-0.187756,0.4308,0.8827],[0.463834,-0.753277,0.466296]],[[0.826311,0.555116,-0.0951619],[-0.00075674,0.170056,0.985434],[0.563213,-0.814203,0.14094]],[[0.826311,0.555116,-0.0951619],[-0.107179,0.320861,0.941043],[0.552922,-0.767395,0.324628]],[[0.826311,0.555116,-0.0951619],[-0.198594,0.445285,0.873088],[0.527039,-0.702544,0.478186]]],1],[312,[-0.300551,0.827027,-0.475074],31,66.2525,[100.49,212.597,12.18],[100.712,212.424,12.1298],[-194.584,-14.1231,2.45779],false,[150.914,79.3792,80.1473],[127.411,135.504,47.6464],[113.141,179.049,34.5539],[104.69,202.303,21.1965],[99.3004,215.702,9.50685],[[[0.93974,0.309865,-0.14447],[-0.0284505,0.491975,0.870144],[0.340703,-0.813599,0.471145]],[[0.953359,0.27504,-0.124335],[0.0380486,0.299133,0.953453],[0.29943,-0.913714,0.274716]],[[0.953359,0.27504,-0.124335],[-0.0278361,0.490286,0.871117],[0.300551,-0.827027,0.475074]],[[0.953359,0.27504,-0.124335],[-0.0833754,0.635861,0.767287],[0.290094,-0.721133,0.629136]]],2],[313,[-0.209839,0.719667,-0.661851],31,63.7035,[132.13,204.362,2.65164],[132.108,205.183,4.07334],[-154.599,-11.1652,-95.3989],false,[161.971,84.2225,78.7935],[149.752,137.538,49.7393],[140.971,177.253,32.4999],[135.223,196.965,14.3716],[131.487,206.456,-1.03062],[[[0.979088,0.148785,-0.138744],[0.0496378,0.48667,0.872174],[0.197289,-0.860822,0.469107]],[[0.977736,0.154584,-0.141903],[0.0672467,0.409754,0.909714],[0.198772,-0.899002,0.390236]],[[0.977736,0.154584,-0.141903],[-0.000188606,0.676892,0.736082],[0.209839,-0.719667,0.661851]],[[0.977736,0.154584,-0.141903],[-0.0559725,0.84387,0.53362],[0.202236,-0.513797,0.833734]]],3],[314,[-0.102144,0.732751,-0.672788],31,49.9424,[165.59,189.047,10.5416],[166.298,189.865,12.1518],[-153.748,63.8295,-116.59],false,[174.596,84.0232,72.582],[170.812,135.859,48.3783],[169.74,167.909,34.4528],[167.764,182.079,21.442],[165.179,190.967,7.13159],[[[0.973591,-0.0343167,-0.225706],[0.218551,0.425911,0.877972],[0.0660015,-0.904114,0.422163]],[[0.97508,-0.060147,-0.213546],[0.219723,0.394935,0.892047],[0.0306829,-0.916738,0.398309]],[[0.97508,-0.060147,-0.213546],[0.196942,0.677834,0.708347],[0.102144,-0.732751,0.672788]],[[0.97508,-0.060147,-0.213546],[0.161861,0.851148,0.499348],[0.151725,-0.521469,0.839672]]],4]],[[0,200,0],[235.247,235.247,147.751]]],[119421,81038743965,[[31,"right",[-0.332675,0.87567,-0.350042],[0.13053,-0.324854,-0.936713],[140.963,113.986,52.9104],[112.907,53.324,79.0654],[136.054,111.239,48.1344],0,0,0.264397,[[0.873302,0.231358,0.428739],[-0.349757,0.910359,0.221171],[-0.339137,-0.343104,0.875937]],63.003,[74.6703,-20.2829,309.49],[165.207,71.3127,75.648]]],[[310,[-0.70412,0.631456,-0.324775],31,51.5299,[62.8457,112.228,40.6606],[63.3494,112.711,41.9331],[84.8535,-128.755,-3.28427],false,[141.4,54.8092,66.6541],[141.4,54.8092,66.6541],[101.8,81.8871,55.0525],[78.0627,103.175,44.1037],[58.6367,114.924,39.6243],[[[0.19416,0.605212,0.772024],[-0.680192,-0.484026,0.550507],[0.706853,-0.632011,0.317682]],[[0.190424,0.608541,0.770335],[-0.565667,-0.573315,0.592732],[0.802346,-0.548623,0.235058]],[[0.190424,0.608541,0.770335],[-0.684072,-0.480564,0.54873],[0.70412,-0.631456,0.324775]],[[0.190424,0.608541,0.770335],[-0.508924,-0.609823,0.607546],[0.839485,-0.507733,0.193576]]],0],[311,[-0.556456,0.761004,-0.333511],31,58.1458,[64.9246,189.069,25.3425],[66.2999,189.733,25.3945],[-95.7704,-98.2888,-6.18897],false,[142.805,73.2038,81.1101],[109.341,127.481,46.1037],[85.1989,161.821,39.5885],[71.9004,180.007,31.6182],[62.954,191.774,23.4394],[[[0.864849,0.499266,-0.0526315],[-0.200996,0.440414,0.875006],[0.460041,-0.746169,0.481242]],[[0.822732,0.56073,-0.093242],[-0.0106256,0.179177,0.98376],[0.56833,-0.80838,0.153373]],[[0.822732,0.56073,-0.093242],[-0.116052,0.326275,0.938124],[0.556456,-0.761004,0.333511]],[[0.822732,0.56073,-0.093242],[-0.206528,0.447699,0.870007],[0.529583,-0.696525,0.484143]]],1],[312,[-0.295396,0.82276,-0.4856],31,66.2525,[102.706,212.81,11.7188],[102.961,212.581,11.563],[-72.188,-4.1044,-13.7569],false,[152.615,80.3928,81.6686],[129.364,136.052,48.2014],[115.204,179.433,34.4557],[106.899,202.566,20.8024],[101.641,215.889,8.96641],[[[0.940559,0.311422,-0.135521],[-0.0417405,0.501992,0.863865],[0.337057,-0.806859,0.485152]],[[0.954537,0.275456,-0.113946],[0.0242702,0.309165,0.950699],[0.297104,-0.910242,0.288424]],[[0.954537,0.275456,-0.113946],[-0.0400114,0.497182,0.866723],[0.295396,-0.82276,0.4856]],[[0.954537,0.275456,-0.113946],[-0.0937639,0.640291,0.762388],[0.282963,-0.717044,0.637009]]],2],[313,[-0.201711,0.701499,-0.683529],31,63.7035,[133.751,203.935,1.95236],[134.533,204.653,3.10645],[-38.5249,-27.0679,-101.211],false,[163.673,85.2584,80.406],[151.668,138.188,50.5687],[143.028,177.486,32.3308],[137.503,196.7,13.6088],[133.986,205.738,-2.1149],[[[0.98036,0.150557,-0.127383],[0.0363307,0.496982,0.867],[0.19384,-0.8546,0.481751]],[[0.979333,0.155026,-0.129902],[0.0515548,0.429711,0.901493],[0.195575,-0.889559,0.412838]],[[0.979333,0.155026,-0.129902],[-0.0148387,0.695605,0.718271],[0.201711,-0.701499,0.683529]],[[0.979333,0.155026,-0.129902],[-0.0683968,0.858269,0.508621],[0.19034,-0.489224,0.851135]]],3],[314,[-0.0965694,0.718941,-0.68833],31,49.9424,[166.88,188.954,10.5417],[168.461,189.845,12.22],[-44.9816,45.4607,-82.1184],false,[176.381,85.0305,74.3665],[172.75,136.566,49.5089],[171.74,168.379,35.0437],[169.872,182.282,21.7323],[167.43,190.843,7.1993],[[[0.976637,-0.0335645,-0.212261],[0.205352,0.436882,0.875765],[0.063338,-0.898893,0.433567]],[[0.978065,-0.0596903,-0.199563],[0.206285,0.410438,0.888249],[0.0288882,-0.909933,0.413748]],[[0.978065,-0.0596903,-0.199563],[0.18456,0.692504,0.697407],[0.0965694,-0.718941,0.68833]],[[0.978065,-0.0596903,-0.199563],[0.151139,0.862633,0.482722],[0.143335,-0.502295,0.852733]]],4]],[[0,200,0],[235.247,235.247,147.751]]],[119422,81038753128,[[31,"right",[-0.317315,0.883323,-0.345038],[0.121083,-0.323125,-0.938578],[140.622,113.603,52.5243],[71.0536,26.8065,45.2781],[136.627,111.536,48.685],0,0,0.305414,[[0.881862,0.215154,0.419556],[-0.331642,0.915546,0.227573],[-0.33516,-0.33983,0.87874]],63.003,[74.6609,-20.3415,309.579],[164.136,70.3802,74.9891]]],[[310,[-0.693402,0.64509,-0.321018],31,51.5299,[62.6644,113.118,40.4566],[62.9077,113.722,41.6699],[47.148,-62.3806,-9.1272],false,[139.991,54.3685,66.0093],[139.991,54.3685,66.0093],[100.858,82.1946,54.5921],[77.4821,103.942,43.7699],[58.2105,115.996,39.4356],[[[0.20826,0.598032,0.773942],[-0.687269,-0.473534,0.550841],[0.695909,-0.646624,0.312391]],[[0.203333,0.60259,0.771713],[-0.574473,-0.564829,0.592409],[0.792866,-0.563785,0.231324]],[[0.203333,0.60259,0.771713],[-0.691267,-0.469834,0.549005],[0.693402,-0.64509,0.321018]],[[0.203333,0.60259,0.771713],[-0.514853,-0.604609,0.607762],[0.832816,-0.520896,0.187308]]],0],[311,[-0.545624,0.772128,-0.325749],31,58.1458,[65.7807,190.112,25.6517],[67.0842,190.769,25.6841],[-44.5802,-37.7695,6.00736],false,[141.793,72.6694,80.5399],[109.237,127.722,45.89],[85.6345,162.482,39.6323],[72.5949,180.935,31.8474],[63.792,192.911,23.8178],[[[0.873928,0.483094,-0.0535717],[-0.189572,0.440264,0.877628],[0.447562,-0.756828,0.47634]],[[0.831432,0.547439,-0.0950301],[-0.00288368,0.175282,0.984514],[0.555618,-0.818283,0.147313]],[[0.831432,0.547439,-0.0950301],[-0.104952,0.322689,0.940668],[0.545624,-0.772128,0.325749]],[[0.831432,0.547439,-0.0950301],[-0.192836,0.444708,0.874671],[0.52109,-0.708905,0.47531]]],1],[312,[-0.279507,0.833636,-0.476369],31,66.2525,[104.318,213.514,12.1394],[104.449,213.248,11.9465],[-4.36244,19.3574,4.58917],false,[151.739,79.6695,81.0944],[129.425,135.905,47.953],[116.142,179.66,34.5235],[108.283,203.099,21.1297],[103.264,216.682,9.48805],[[[0.945788,0.294222,-0.137548],[-0.0292231,0.498875,0.866181],[0.323469,-0.815203,0.480428]],[[0.959791,0.256041,-0.115085],[0.0335103,0.302535,0.952549],[0.278709,-0.918104,0.28179]],[[0.959791,0.256041,-0.115085],[-0.0260308,0.489381,0.871681],[0.279507,-0.833636,0.476369]],[[0.959791,0.256041,-0.115085],[-0.0762875,0.632446,0.770839],[0.270151,-0.731064,0.626549]]],2],[313,[-0.190247,0.705667,-0.682524],31,63.7035,[134.823,203.699,1.6528],[135.781,204.396,2.85931],[9.31669,-26.2891,-78.5219],false,[162.882,84.3312,79.8132],[151.773,137.609,50.2493],[143.833,177.103,32.1167],[138.622,196.431,13.4222],[135.236,205.53,-2.2951],[[[0.982574,0.132601,-0.130252],[0.0487502,0.49238,0.869014],[0.179366,-0.86022,0.477336]],[[0.981736,0.136567,-0.132452],[0.0623566,0.426765,0.90221],[0.179738,-0.893992,0.410454]],[[0.981736,0.136567,-0.132452],[0.00025685,0.695258,0.718761],[0.190247,-0.705667,0.682524]],[[0.981736,0.136567,-0.132452],[-0.0509568,0.859529,0.50854],[0.183296,-0.492503,0.85079]]],3],[314,[-0.0883762,0.716457,-0.692011],31,49.9424,[167.624,188.479,10.3053],[169.23,188.746,11.5989],[-10.013,-0.681899,-77.0947],false,[175.562,83.8903,73.7271],[172.817,135.595,49.1067],[172.271,167.386,34.57],[170.562,181.241,21.1874],[168.181,189.725,6.59929],[[[0.975077,-0.0510418,-0.215914],[0.216637,0.429065,0.87691],[0.047882,-0.90183,0.429429]],[[0.976039,-0.0763973,-0.203745],[0.217036,0.409015,0.886342],[0.0156207,-0.909324,0.415795]],[[0.976039,-0.0763973,-0.203745],[0.198842,0.693435,0.692538],[0.0883762,-0.716457,0.692011]],[[0.976039,-0.0763973,-0.203745],[0.166817,0.863921,0.475196],[0.139716,-0.497798,0.855965]]],4]],[[0,200,0],[235.247,235.247,147.751]]],[119423,81038761339,[[31,"right",[-0.25859,0.906154,-0.334688],[0.118837,-0.313999,-0.941957],[138.512,111.099,51.2906],[-12.2161,-57.4339,-4.364],[136.869,111.48,49.0196],0,0,0.308692,[[0.905729,0.174141,0.386433],[-0.281238,0.929006,0.240527],[-0.317113,-0.326531,0.890403]],63.003,[74.3795,-20.9776,311.087],[159.037,66.1938,73.3835]]],[[310,[-0.649094,0.688392,-0.323719],31,51.5299,[61.4322,114.545,38.6368],[61.0637,115.812,38.8922],[-22.6363,17.9356,-92.4264],false,[134.159,51.7879,63.7106],[134.159,51.7879,63.7106],[96.9247,81.9911,51.9888],[75.0425,105.198,41.0756],[56.5108,118.329,36.6442],[[[0.229008,0.57169,0.787862],[-0.723742,-0.441257,0.530556],[0.650963,-0.69171,0.312705]],[[0.222391,0.578679,0.784648],[-0.617595,-0.539122,0.572646],[0.754399,-0.611946,0.237494]],[[0.222391,0.578679,0.784648],[-0.727475,-0.437318,0.528709],[0.649094,-0.688392,0.323719]],[[0.222391,0.578679,0.784648],[-0.556055,-0.58579,0.589622],[0.800841,-0.567434,0.191503]]],0],[311,[-0.495512,0.807385,-0.320307],31,58.1458,[68.3755,192.076,24.6581],[69.9458,192.825,24.5872],[54.7274,37.9078,-30.0376],false,[136.77,69.7054,78.5919],[108.135,127.155,44.3732],[86.6491,163.294,38.3082],[74.8071,182.589,30.6533],[66.827,195.192,22.7246],[[[0.901623,0.431476,-0.0300831],[-0.179214,0.435978,0.881933],[0.393649,-0.789779,0.470415]],[[0.862585,0.500727,-0.0722492],[-0.010026,0.159701,0.987115],[0.505813,-0.850746,0.142776]],[[0.862585,0.500727,-0.0722492],[-0.102054,0.312093,0.944554],[0.495512,-0.807385,0.320307]],[[0.862585,0.500727,-0.0722492],[-0.181112,0.438978,0.880055],[0.472383,-0.746037,0.469344]]],1],[312,[-0.219231,0.858856,-0.462929],31,66.2525,[108.821,213.818,12.2924],[109.117,213.497,12.0258],[143.684,23.2208,7.71189],false,[147.098,76.0958,79.44],[128.729,134.096,46.925],[118.389,178.815,34.0952],[112.225,202.963,21.0793],[108.258,217.092,9.6832],[[[0.963769,0.240119,-0.116156],[-0.0155177,0.485203,0.874264],[0.266287,-0.840786,0.47135]],[[0.975597,0.198873,-0.0930551],[0.0337785,0.282825,0.958577],[0.216953,-0.938328,0.269205]],[[0.975597,0.198873,-0.0930551],[-0.0121431,0.472033,0.881497],[0.219231,-0.858857,0.462929]],[[0.975597,0.198873,-0.0930551],[-0.0512143,0.618234,0.784324],[0.213511,-0.760419,0.613332]]],2],[313,[-0.135995,0.726739,-0.673317],31,63.7035,[137.269,202.858,1.62695],[139.923,202.802,3.11539],[134.045,-67.8947,-50.0259],false,[158.518,80.1121,78.432],[151.094,134.439,49.632],[145.821,174.627,32.0617],[142.096,194.533,13.6193],[139.536,204.069,-1.99439],[[[0.99086,0.076509,-0.1111],[0.0618754,0.474069,0.878311],[0.119868,-0.877157,0.465002]],[[0.990311,0.0804495,-0.113188],[0.0709711,0.407385,0.910495],[0.11936,-0.909706,0.397728]],[[0.990311,0.0804495,-0.113188],[0.0280903,0.682187,0.730638],[0.135995,-0.726739,0.673317]],[[0.990311,0.0804495,-0.113188],[-0.00956525,0.852674,0.522356],[0.138536,-0.516212,0.845182]]],3],[314,[-0.0348813,0.728606,-0.684044],31,49.9424,[169.217,186.696,10.3127],[172.13,184.909,11.9361],[81.8859,-116.917,-46.0998],false,[171.258,79.0249,72.5562],[172,131.205,48.8131],[173.555,163.169,34.7358],[172.88,177.259,21.5072],[171.242,186.025,6.98352],[[[0.974138,-0.104915,-0.200119],[0.225582,0.400828,0.887947],[-0.0129458,-0.910126,0.414129]],[[0.973395,-0.130331,-0.188458],[0.22478,0.383563,0.895742],[-0.0444576,-0.914272,0.402654]],[[0.973395,-0.130331,-0.188458],[0.226464,0.672418,0.704676],[0.0348813,-0.728606,0.684044]],[[0.973395,-0.130331,-0.188458],[0.207996,0.847631,0.488118],[0.0961256,-0.51433,0.852188]]],4]],[[0,200,0],[235.247,235.247,147.751]]],[119424,81038770020,[[31,"right",[-0.252039,0.901333,-0.352244],[0.107275,-0.335729,-0.93583],[140.103,111.997,52.0146],[39.8358,-14.5882,19.0081],[137.32,111.552,49.4374],0,0,0.313047,[[0.907723,0.156401,0.389329],[-0.267839,0.930258,0.250765],[-0.322957,-0.331903,0.886307]],63.003,[74.1333,-21.2362,311.52],[160.35,67.3692,74.9101]]],[[310,[-0.646387,0.684524,-0.337061],31,51.5299,[61.8572,115.666,38.6129],[62.4613,116.96,39.8169],[24.6939,45.329,-39.142],false,[135.24,53.021,65.7683],[135.24,53.021,65.7683],[98.2071,83.2366,53.4549],[76.4161,106.313,42.0919],[57.8492,119.358,37.5546],[[[0.241876,0.586281,0.773156],[-0.723626,-0.42185,0.546268],[0.646422,-0.691605,0.322213]],[[0.231747,0.597015,0.768028],[-0.61913,-0.518445,0.589824],[0.750314,-0.612199,0.249481]],[[0.231747,0.597015,0.768028],[-0.726964,-0.41833,0.544539],[0.646387,-0.684524,0.337062]],[[0.231747,0.597015,0.768028],[-0.550004,-0.570797,0.609661],[0.802365,-0.563705,0.19608]]],0],[311,[-0.491554,0.804991,-0.33221],31,58.1458,[70.5075,193.165,24.2125],[72.0047,193.787,24.1548],[103.911,58.1822,-33.8317],false,[138.169,71.2302,80.2306],[109.836,128.221,45.0069],[88.6118,164.407,38.3323],[76.8644,183.645,30.393],[68.9119,196.163,22.303],[[[0.905782,0.421103,-0.0472398],[-0.166899,0.457005,0.873666],[0.389492,-0.783466,0.484228]],[[0.86623,0.491203,-0.0914639],[0.000732483,0.181809,0.983334],[0.499645,-0.85186,0.157129]],[[0.86623,0.491203,-0.0914639],[-0.089555,0.33273,0.93876],[0.491554,-0.804991,0.33221]],[[0.86623,0.491203,-0.0914639],[-0.167455,0.457879,0.873101],[0.470749,-0.74099,0.478883]]],1],[312,[-0.212417,0.852962,-0.476796],31,66.2525,[111.487,214.29,11.2888],[111.546,213.942,10.9085],[181.837,31.719,-27.5068],false,[148.57,77.5274,80.8501],[130.523,134.996,47.2299],[120.628,179.564,33.5536],[114.656,203.547,20.1478],[110.767,217.539,8.55727],[[[0.965168,0.227263,-0.129626],[-0.00277153,0.504306,0.863521],[0.261618,-0.833083,0.48737]],[[0.977178,0.184781,-0.104778],[0.0449594,0.302171,0.952193],[0.207608,-0.935173,0.286967]],[[0.977178,0.184781,-0.104778],[0.00126885,0.488171,0.872747],[0.212417,-0.852962,0.476796]],[[0.977178,0.184781,-0.104778],[-0.0363635,0.63149,0.774531],[0.209285,-0.753045,0.623798]]],2],[313,[-0.134005,0.712858,-0.688387],31,63.7035,[139.721,202.248,0.970892],[142.07,202.557,1.75757],[163.63,-57.7255,-76.6943],false,[160.021,81.3991,79.6566],[152.913,135.16,49.7375],[147.919,175.002,31.3175],[144.249,194.527,12.4624],[141.657,203.736,-3.34191],[[[0.990591,0.0635231,-0.121218],[0.0745336,0.49244,0.867149],[0.114776,-0.868025,0.483073]],[[0.990106,0.0671288,-0.123223],[0.0831414,0.426763,0.900534],[0.113039,-0.901869,0.416959]],[[0.990106,0.0671288,-0.123223],[0.0416302,0.698089,0.7148],[0.134005,-0.712858,0.688387]],[[0.990106,0.0671288,-0.123223],[0.00399142,0.864319,0.502928],[0.140265,-0.498444,0.855499]]],3],[314,[-0.0345248,0.709853,-0.703504],31,49.9424,[171.067,185.296,9.72024],[174.051,184.352,10.4741],[118.905,-103.617,-76.5957],false,[172.698,80.0484,73.6974],[173.776,131.687,48.8109],[175.511,163.258,33.8926],[174.843,176.986,20.2877],[173.146,185.352,5.53691],[[[0.971194,-0.119613,-0.206093],[0.237545,0.41769,0.876988],[-0.0188158,-0.900682,0.434072]],[[0.970282,-0.144885,-0.193809],[0.236839,0.404413,0.883378],[-0.049609,-0.903027,0.426709]],[[0.970282,-0.144885,-0.193809],[0.239503,0.689288,0.683755],[0.0345248,-0.709853,0.703504]],[[0.970282,-0.144885,-0.193809],[0.220539,0.85909,0.461873],[0.0995814,-0.49089,0.865512]]],4]],[[0,200,0],[235.247,235.247,147.751]]],[119425,81038778688,[[31,"right",[-0.234749,0.906532,-0.350845],[0.0988923,-0.336786,-0.936374],[140.142,111.938,51.9432],[30.4479,-12.5198,11.7603],[137.731,111.608,49.8019],0,0,0.328994,[[0.914143,0.137997,0.381181],[-0.248544,0.933611,0.258064],[-0.320263,-0.330648,0.887752]],63.003,[74.0441,-21.3776,311.751],[159.542,66.8928,74.7551]]],[[310,[-0.635636,0.695215,-0.335624],31,51.5299,[61.9491,116.857,38.6484],[62.4166,118.211,39.7811],[14.5834,70.4685,-26.5428],false,[134.135,53.0553,65.6446],[134.135,53.0553,65.6446],[97.6636,83.9492,53.3394],[76.2351,107.386,42.0249],[57.7533,120.611,37.6673],[[[0.254864,0.580538,0.773317],[-0.730858,-0.407999,0.54716],[0.63316,-0.704636,0.320306]],[[0.24346,0.59309,0.767445],[-0.628242,-0.5064,0.590653],[0.738944,-0.625942,0.249316]],[[0.24346,0.59309,0.767445],[-0.732594,-0.406104,0.546247],[0.635636,-0.695215,0.335624]],[[0.24346,0.59309,0.767445],[-0.550298,-0.567101,0.612836],[0.798686,-0.571525,0.18831]]],0],[311,[-0.47678,0.814546,-0.330448],31,58.1458,[72.1317,194.449,24.2744],[73.5466,195.054,24.2796],[124.129,82.5535,-21.2401],false,[137.451,71.1873,80.1203],[110.191,128.767,45.008],[89.6478,165.352,38.3772],[78.2535,184.818,30.48],[70.5225,197.499,22.4292],[[[0.91387,0.403104,-0.0484692],[-0.156212,0.459287,0.874444],[0.374753,-0.791557,0.482698]],[[0.875269,0.474624,-0.0929292],[0.00594963,0.181566,0.983361],[0.483599,-0.861259,0.156095]],[[0.875269,0.474624,-0.0929292],[-0.0811435,0.333538,0.939238],[0.47678,-0.814546,0.330448]],[[0.875269,0.474624,-0.0929292],[-0.156435,0.459653,0.874212],[0.457637,-0.750634,0.476568]]],1],[312,[-0.195174,0.859293,-0.472781],31,66.2525,[113.632,214.927,11.4397],[113.609,214.57,11.1051],[197.849,43.0616,-13.2701],false,[147.976,77.2762,80.7272],[131.011,135.127,47.1999],[122.03,179.907,33.5843],[116.542,204.068,20.2914],[112.929,218.22,8.80735],[[[0.969249,0.208213,-0.131166],[0.00880333,0.503335,0.864047],[0.245926,-0.838631,0.486024]],[[0.98068,0.164518,-0.105829],[0.0524359,0.300118,0.95246],[0.188458,-0.939608,0.285693]],[[0.98068,0.164518,-0.105829],[0.0131569,0.484302,0.874802],[0.195174,-0.859293,0.472781]],[[0.98068,0.164518,-0.105829],[-0.0210746,0.626708,0.778969],[0.194478,-0.761689,0.618068]]],2],[313,[-0.117492,0.722615,-0.681192],31,63.7035,[142.106,202.105,0.834969],[144.031,202.657,1.8791],[182.106,-31.4132,-43.4611],false,[159.5,80.9213,79.5167],[153.405,134.845,49.6665],[149.325,174.878,31.4375],[146.107,194.671,12.7795],[143.726,204.157,-2.89324],[[[0.991434,0.0439919,-0.122973],[0.0858644,0.489934,0.86752],[0.0984128,-0.870649,0.48196]],[[0.99134,0.0448252,-0.123435],[0.0933604,0.420461,0.902494],[0.0923541,-0.906202,0.412635]],[[0.99134,0.0448252,-0.123435],[0.0586613,0.689795,0.721624],[0.117492,-0.722615,0.681192]],[[0.99134,0.0448252,-0.123435],[0.0253516,0.856935,0.514801],[0.128852,-0.513472,0.848377]]],3],[314,[-0.021765,0.710657,-0.703202],31,49.9424,[172.806,184.126,9.32441],[175.426,183.605,10.35],[129.349,-98.0212,-58.7972],false,[172.136,79.3259,73.5328],[174.194,130.96,48.6979],[176.529,162.502,33.8003],[176.109,176.245,20.2013],[174.549,184.644,5.45387],[[[0.968254,-0.138632,-0.208003],[0.247378,0.411955,0.876982],[-0.0358899,-0.900597,0.433172]],[[0.966854,-0.164019,-0.195683],[0.246436,0.398918,0.883252],[-0.0668086,-0.902199,0.426115]],[[0.966854,-0.164019,-0.195683],[0.254402,0.684153,0.683531],[0.021765,-0.710657,0.703202]],[[0.966854,-0.164019,-0.195683],[0.23836,0.854545,0.461451],[0.0915331,-0.492799,0.865316]]],4]],[[0,200,0],[235.247,235.247,147.751]]],[119426,81038787345,[[31,"right",[-0.217962,0.910253,-0.35204],[0.0870188,-0.34115,-0.935972],[140.363,111.751,51.8469],[29.1327,-14.9382,5.68281],[138.14,111.63,50.1196],0,0,0.350452,[[0.920226,0.117514,0.373328],[-0.227458,0.936816,0.265779],[-0.318507,-0.329494,0.888812]],63.003,[73.9261,-21.5864,311.957],[158.955,66.3758,74.6777]]],[[310,[-0.623049,0.706822,-0.334981],31,51.5299,[62.1226,118.159,38.8538],[62.6509,119.479,40.009],[17.1314,90.7354,-10.5417],false,[133.222,53.0392,65.7373],[133.222,53.0392,65.7373],[97.3309,84.629,53.4932],[76.3267,108.457,42.2003],[57.9977,121.942,37.9937],[[[0.270795,0.577173,0.770416],[-0.736169,-0.39151,0.552065],[0.620262,-0.716653,0.318878]],[[0.259064,0.590569,0.764274],[-0.635674,-0.491504,0.595267],[0.72719,-0.640041,0.248078]],[[0.259064,0.590569,0.764274],[-0.738035,-0.389398,0.551066],[0.623049,-0.706822,0.334981]],[[0.259064,0.590569,0.764274],[-0.552712,-0.558274,0.61874],[0.792083,-0.582717,0.181786]]],0],[311,[-0.462062,0.823296,-0.32967],31,58.1458,[73.8916,195.587,24.3321],[75.291,196.13,24.3214],[145.084,94.7475,-13.8575],false,[136.985,71.1365,80.1468],[110.726,129.172,45.0234],[90.8906,166.147,38.3988],[79.8481,185.822,30.5202],[72.3286,198.643,22.4908],[[[0.921674,0.384143,-0.054326],[-0.142141,0.464642,0.874016],[0.360989,-0.797836,0.482851]],[[0.884154,0.456597,-0.0989455],[0.0149183,0.184086,0.982797],[0.466957,-0.87042,0.155949]],[[0.884154,0.456597,-0.0989455],[-0.0690646,0.337198,0.938897],[0.462062,-0.823296,0.32967]],[[0.884154,0.456597,-0.0989455],[-0.141928,0.46428,0.874243],[0.445115,-0.758922,0.475299]]],1],[312,[-0.179985,0.861903,-0.474056],31,66.2525,[115.768,215.177,11.2134],[115.727,214.805,10.8699],[210.53,38.5525,-17.3483],false,[147.636,77.0097,80.6824],[131.685,135.11,47.0893],[123.551,180.024,33.3829],[118.491,204.258,20.0541],[115.108,218.457,8.55644],[[[0.972608,0.187944,-0.136789],[0.0236855,0.505268,0.862637],[0.231243,-0.842248,0.486976]],[[0.983279,0.144069,-0.111383],[0.0635355,0.3018,0.951252],[0.170662,-0.942423,0.2876]],[[0.983279,0.144069,-0.111383],[0.0277043,0.486177,0.873421],[0.179985,-0.861903,0.474056]],[[0.983279,0.144069,-0.111383],[-0.00403586,0.628732,0.777611],[0.18206,-0.76416,0.618801]]],2],[313,[-0.103197,0.72736,-0.678452],31,63.7035,[144.456,201.945,0.692631],[146.032,202.34,1.5517],[196.422,-27.8697,-35.9515],false,[159.226,80.4145,79.4019],[154.08,134.375,49.4395],[150.851,174.469,31.1745],[148.024,194.392,12.5915],[145.807,204.037,-3.0079],[[[0.991465,0.0233245,-0.128273],[0.100473,0.490298,0.865744],[0.0830849,-0.871243,0.48377]],[[0.991607,0.0218203,-0.127437],[0.106639,0.419299,0.901563],[0.0731067,-0.907586,0.413453]],[[0.991607,0.0218203,-0.127437],[0.0778887,0.685909,0.723507],[0.103197,-0.72736,0.678452]],[[0.991607,0.0218203,-0.127437],[0.0481076,0.852615,0.520321],[0.120008,-0.522084,0.844409]]],3],[314,[-0.00988638,0.710541,-0.703586],31,49.9424,[174.536,182.99,8.91725],[176.901,182.571,9.86182],[141.08,-101.194,-54.5123],false,[171.795,78.5448,73.3563],[174.78,130.061,48.3727],[177.717,161.535,33.4375],[177.526,175.276,19.8311],[176.076,183.697,5.08475],[[[0.964096,-0.159003,-0.21269],[0.260402,0.409046,0.87457],[-0.0520594,-0.898554,0.435764]],[[0.962203,-0.184742,-0.200088],[0.25905,0.394235,0.881744],[-0.0840134,-0.90025,0.427191]],[[0.962203,-0.184742,-0.200088],[0.272153,0.678971,0.681858],[0.00988638,-0.710541,0.703586]],[[0.962203,-0.184742,-0.200088],[0.258706,0.849568,0.45968],[0.0850665,-0.49407,0.865251]]],4]],[[0,200,0],[235.247,235.247,147.751]]],[119427,81038796010,[[31,"right",[-0.187935,0.917986,-0.34926],[0.0666957,-0.342847,-0.93702],[140.831,111.463,51.4712],[35.759,-19.7815,-7.35651],[138.581,111.603,50.341],0,0,0.354594,[[0.929805,0.0824859,0.358691],[-0.190676,0.941539,0.277753],[-0.314811,-0.326649,0.891176]],63.003,[73.9239,-21.7857,312.007],[157.966,65.4172,74.0972]]],[[310,[-0.599019,0.73005,-0.328943],31,51.5299,[62.6214,120.367,39.218],[63.3079,121.96,40.3279],[32.009,144.06,5.18691],false,[131.693,53.0298,65.3634],[131.693,53.0298,65.3634],[96.8643,85.924,53.4924],[76.6703,110.535,42.4031],[58.7176,124.599,38.4802],[[[0.297988,0.566016,0.768654],[-0.745112,-0.365402,0.557934],[0.596667,-0.738991,0.31286]],[[0.287125,0.579317,0.762857],[-0.647755,-0.469268,0.600167],[0.705671,-0.666468,0.240517]],[[0.287125,0.579317,0.762857],[-0.747486,-0.362518,0.556637],[0.599019,-0.73005,0.328943]],[[0.287125,0.579317,0.762857],[-0.561839,-0.543164,0.623947],[0.77582,-0.607754,0.169526]]],0],[311,[-0.434382,0.840723,-0.323261],31,58.1458,[77.131,197.662,24.651],[78.5849,198.189,24.6281],[209.109,135.245,0.262883],false,[136.23,70.9606,79.7583],[111.786,129.952,44.9181],[93.2637,167.635,38.4853],[82.8827,187.727,30.7598],[75.7648,200.855,22.861],[[[0.934448,0.350694,-0.0618032],[-0.117847,0.468329,0.87566],[0.336033,-0.810976,0.478958]],[[0.89944,0.424058,-0.105752],[0.0295942,0.182319,0.982794],[0.436042,-0.887093,0.151436]],[[0.89944,0.424058,-0.105752],[-0.0481736,0.336691,0.940382],[0.434382,-0.840723,0.323261]],[[0.89944,0.424058,-0.105752],[-0.116099,0.465109,0.877607],[0.421342,-0.777077,0.46757]]],1],[312,[-0.153034,0.867973,-0.472443],31,66.2525,[119.543,215.704,11.0416],[119.577,215.384,10.7592],[272.59,44.8613,-17.8882],false,[147.09,76.4449,80.2089],[132.962,135.127,46.8111],[126.322,180.296,33.1366],[122.019,204.7,19.8532],[119.05,219.025,8.39837],[[[0.977563,0.152893,-0.144893],[0.0492356,0.502958,0.862908],[0.204807,-0.850681,0.484145]],[[0.986825,0.108818,-0.119732],[0.082255,0.299831,0.95044],[0.139325,-0.947766,0.286929]],[[0.986825,0.108818,-0.119732],[0.0525139,0.484542,0.87319],[0.153034,-0.867973,0.472443]],[[0.986825,0.108818,-0.119732],[0.0252238,0.627508,0.778201],[0.159816,-0.770968,0.616495]]],2],[313,[-0.0803578,0.734141,-0.674225],31,63.7035,[147.617,201.671,0.499995],[149.476,201.912,1.22258],[250.376,-30.7113,-32.8856],false,[158.784,79.4308,78.833],[155.336,133.581,48.9695],[153.486,173.796,30.7775],[151.285,193.904,12.3103],[149.327,203.749,-3.19871],[[[0.990536,-0.0123115,-0.136703],[0.125456,0.485222,0.865344],[0.0556773,-0.874305,0.482174]],[[0.990732,-0.0154909,-0.134948],[0.129224,0.41363,0.901228],[0.0418577,-0.910313,0.411798]],[[0.990732,-0.0154909,-0.134948],[0.109515,0.678821,0.726092],[0.0803578,-0.734141,0.674225]],[[0.990732,-0.0154909,-0.134948],[0.0849176,0.846042,0.52631],[0.106019,-0.532892,0.839516]]],3],[314,[0.0144377,0.717629,-0.696276],31,49.9424,[176.994,181.711,8.58988],[179.673,181.092,9.37166],[192.248,-112.598,-45.9557],false,[171.225,77.1165,72.6785],[175.856,128.524,47.7218],[179.937,159.982,33.0233],[180.217,173.86,19.5583],[179.026,182.498,4.91498],[[[0.955886,-0.193422,-0.221066],[0.282416,0.398238,0.872724],[-0.0807676,-0.896657,0.435296]],[[0.952978,-0.22068,-0.207687],[0.279652,0.376406,0.88324],[-0.116739,-0.899789,0.42042]],[[0.952978,-0.22068,-0.207687],[0.302696,0.660537,0.687071],[-0.0144377,-0.717629,0.696276]],[[0.952978,-0.22068,-0.207687],[0.294872,0.833316,0.467584],[0.0698824,-0.506838,0.859204]]],4]],[[0,200,0],[235.247,235.247,147.751]]],[119428,81038804680,[[31,"right",[-0.148785,0.928662,-0.33978],[0.0396984,-0.337718,-0.94041],[141.528,111.168,50.346],[47.6077,-23.5899,-39.9201],[139.021,111.538,50.3418],0,0,0.328831,[[0.940153,0.0381208,0.338614],[-0.142967,0.946157,0.290427],[-0.309311,-0.321456,0.894982]],63.003,[74.175,-21.6334,311.33],[156.749,64.1831,72.4037]]],[[310,[-0.564818,0.76326,-0.313712],31,51.5299,[63.5643,123.62,39.6412],[64.3982,125.369,40.4683],[56.9075,214.258,16.8586],false,[129.825,53.1105,63.8883],[129.825,53.1105,63.8883],[96.4098,87.7509,52.9591],[77.3686,113.482,42.3833],[59.9234,128.312,39.0387],[[[0.333058,0.545007,0.769441],[-0.754883,-0.334853,0.563937],[0.565,-0.768662,0.299891]],[[0.325389,0.555348,0.765317],[-0.66011,-0.446093,0.604364],[0.677035,-0.701847,0.221437]],[[0.325389,0.555348,0.765317],[-0.758355,-0.330187,0.562027],[0.564818,-0.76326,0.313712]],[[0.325389,0.555348,0.765317],[-0.570762,-0.529935,0.627215],[0.753891,-0.640903,0.144537]]],0],[311,[-0.397848,0.862805,-0.311904],31,58.1458,[81.5998,200.427,24.888],[83.0701,200.916,24.8802],[292.456,185.067,7.18425],false,[135.363,70.6884,78.368],[113.306,131.048,44.2863],[96.507,169.6,38.2849],[86.9991,190.22,30.8309],[80.4179,203.742,23.1357],[[[0.949064,0.307154,-0.0702408],[-0.0856263,0.465963,0.880651],[0.303225,-0.82978,0.46853]],[[0.917195,0.382083,-0.112985],[0.0485594,0.174263,0.983501],[0.395468,-0.907549,0.141279]],[[0.917195,0.382083,-0.112985],[-0.0216886,0.331027,0.943372],[0.397848,-0.862805,0.311904]],[[0.917195,0.382083,-0.112985],[-0.0836049,0.461814,0.883028],[0.389568,-0.800463,0.455517]]],1],[312,[-0.118105,0.876502,-0.466685],31,66.2525,[124.591,216.481,10.6938],[124.678,216.251,10.5376],[356.259,57.0402,-24.028],false,[146.473,75.6553,78.7314],[134.721,135.212,45.9661],[130.017,180.694,32.5301],[126.697,205.338,19.4085],[124.264,219.856,8.06987],[[[0.981904,0.108258,-0.155388],[0.082735,0.492852,0.866171],[0.170353,-0.863352,0.474977]],[[0.989367,0.0636979,-0.130747],[0.10682,0.291832,0.950486],[0.0987,-0.954346,0.281925]],[[0.989367,0.0636979,-0.130747],[0.0848729,0.477165,0.874706],[0.118105,-0.876502,0.466685]],[[0.989367,0.0636979,-0.130747],[0.0632832,0.620877,0.78135],[0.130948,-0.781316,0.610244]]],2],[313,[-0.0481133,0.748802,-0.661045],31,63.7035,[151.967,201.548,0.320469],[154.142,201.717,0.851679],[329.547,-22.8215,-28.8507],false,[158.277,78.1029,77.239],[157.021,132.604,47.8441],[157.055,173.051,30.0788],[155.737,193.561,11.9726],[154.168,203.839,-3.29733],[[[0.987221,-0.0574349,-0.148649],[0.158064,0.471555,0.867555],[0.020268,-0.879964,0.474607]],[[0.987351,-0.0644442,-0.144862],[0.158548,0.396943,0.904046],[-0.000758305,-0.915578,0.40214]],[[0.987351,-0.0644442,-0.144862],[0.151074,0.659653,0.73623],[0.0481133,-0.748802,0.661045]],[[0.987351,-0.0644442,-0.144862],[0.133866,0.828427,0.543864],[0.0849591,-0.556377,0.826575]]],3],[314,[0.0474501,0.73165,-0.680027],31,49.9424,[180.393,180.325,8.22363],[183.338,179.496,8.63927],[258.895,-122.688,-44.6268],false,[170.524,75.2615,70.918],[177.267,126.604,46.3112],[182.854,158.092,32.1827],[183.771,172.241,19.0319],[182.95,181.287,4.61102],[[[0.943153,-0.236015,-0.234007],[0.310855,0.377273,0.872373],[-0.117608,-0.895523,0.429193]],[[0.938797,-0.265205,-0.219831],[0.305163,0.344256,0.887898],[-0.159797,-0.900641,0.404117]],[[0.938797,-0.265205,-0.219831],[0.341186,0.627977,0.699455],[-0.0474501,-0.73165,0.680027]],[[0.938797,-0.265205,-0.219831],[0.341081,0.804961,0.485492],[0.0482007,-0.530759,0.846151]]],4]],[[0,200,0],[235.247,235.247,147.751]]],[119429,81038813348,[[31,"right",[-0.10276,0.938977,-0.328272],[-0.00277596,-0.330289,-0.943876],[142.539,111.201,49.3077],[65.962,-16.3057,-61.1602],[139.486,111.493,50.2051],0,0,0.348298,[[0.949567,-0.0214884,0.312828],[-0.0802134,0.947808,0.308588],[-0.303132,-0.318118,0.898283]],63.003,[74.6094,-21.7238,310.398],[155.534,63.2015,70.5911]]],[[310,[-0.526098,0.799104,-0.290953],31,51.5299,[64.9447,127.88,40.894],[65.9695,129.821,41.7365],[87.9455,295.626,59.5084],false,[127.814,53.7892,62.6528],[127.814,53.7892,62.6528],[96.1679,90.4234,53.0372],[78.4322,117.363,43.2286],[61.5601,133.009,40.7813],[[[0.382697,0.517307,0.765465],[-0.759186,-0.296065,0.57964],[0.526479,-0.802956,0.279429]],[[0.377059,0.525843,0.762441],[-0.668364,-0.415404,0.617032],[0.641183,-0.742245,0.194823]],[[0.377059,0.525843,0.762441],[-0.762265,-0.291412,0.577954],[0.526098,-0.799104,0.290953]],[[0.377059,0.525843,0.762441],[-0.571148,-0.516033,0.638357],[0.72912,-0.676165,0.10576]]],0],[311,[-0.351748,0.887238,-0.298467],31,58.1458,[87.4451,203.971,25.6688],[88.8176,204.403,25.8101],[395.906,245.608,30.2998],false,[134.713,70.8755,77.1365],[115.381,132.739,44.1133],[100.803,172.253,38.5818],[92.397,193.457,31.4489],[86.4768,207.421,24.0104],[[[0.963328,0.252373,-0.0911457],[-0.0370565,0.461553,0.886339],[0.265757,-0.850457,0.453978]],[[0.935907,0.326935,-0.131119],[0.0793946,0.166869,0.982777],[0.343184,-0.930198,0.130217]],[[0.935907,0.326935,-0.131119],[0.0187548,0.325458,0.94537],[0.351748,-0.887238,0.298467]],[[0.935907,0.326935,-0.131119],[-0.0355703,0.45805,0.888214],[0.350447,-0.826622,0.440322]]],1],[312,[-0.0781026,0.886362,-0.456358],31,66.2525,[130.78,217.666,10.8929],[130.874,217.47,10.7826],[452.084,78.6297,-10.7868],false,[146.098,75.1872,77.2662],[137.037,135.64,45.2973],[134.659,181.433,32.3106],[132.463,206.354,19.4794],[130.608,221.108,8.33871],[[[0.982484,0.0527469,-0.178728],[0.132183,0.478791,0.867921],[0.131354,-0.876343,0.463432]],[[0.987952,0.00746554,-0.154581],[0.146497,0.276928,0.949658],[0.0498977,-0.960862,0.272498]],[[0.987952,0.00746554,-0.154581],[0.133608,0.462933,0.876266],[0.0781026,-0.886362,0.456358]],[[0.987952,0.00746554,-0.154581],[0.11827,0.607795,0.785237],[0.0998161,-0.794059,0.599589]]],2],[313,[-0.0175257,0.75833,-0.651635],31,63.7035,[157.135,201.3,-0.109019],[159.368,201.377,0.250764],[402.983,-26.0209,-37.8524],false,[157.985,76.9618,75.5026],[159.187,131.727,46.6013],[161.243,172.253,29.1376],[160.763,193.024,11.2891],[159.485,203.607,-3.79897],[[[0.978326,-0.113033,-0.173498],[0.206159,0.453156,0.867265],[-0.0194083,-0.884236,0.466637]],[[0.978069,-0.122279,-0.168606],[0.203012,0.378798,0.902939],[-0.0465433,-0.917366,0.395315]],[[0.978069,-0.122279,-0.168606],[0.20754,0.640299,0.739556],[0.0175257,-0.75833,0.651635]],[[0.978069,-0.122279,-0.168606],[0.196457,0.810482,0.551837],[0.0691737,-0.572859,0.81673]]],3],[314,[0.0837536,0.747381,-0.659095],31,49.9424,[184.636,178.843,7.75264],[187.592,177.788,7.70681],[326.897,-132.953,-48.2281],false,[169.889,73.4779,68.8571],[179.006,124.581,44.5182],[186.321,155.995,31.0292],[187.941,170.448,18.2832],[187.497,180.007,4.17984],[[[0.921903,-0.287925,-0.25922],[0.353285,0.350146,0.867518],[-0.159015,-0.891346,0.42452]],[[0.915916,-0.318283,-0.244529],[0.342519,0.302221,0.889575],[-0.209235,-0.898531,0.385826]],[[0.915916,-0.318283,-0.244529],[0.392535,0.583196,0.711196],[-0.0837536,-0.747381,0.659095]],[[0.915916,-0.318283,-0.244529],[0.400525,0.764308,0.505384],[0.0260399,-0.560829,0.827522]]],4]],[[0,200,0],[235.247,235.247,147.751]]],[119430,81038822027,[[31,"right",[-0.0402274,0.950432,-0.30832],[-0.0518441,-0.310139,-0.949277],[142.206,111.795,47.6766],[38.1928,6.2542,-94.9103],[139.75,111.523,49.9595],0,0,0.351426,[[0.957675,-0.0939848,0.272077],[-0.000677477,0.944458,0.328632],[-0.287852,-0.314907,0.90442]],63.003,[75.2502,-21.5273,309.173],[152.