{"metadata":{"formatVersion":2,"generatedBy":"LeapJS Playback 0.2.1","frames":67,"protocolVersion":6,"serviceVersion":"2.2.5+26752","frameRate":"1.1e+2","modified":"Wed Apr 22 2015 20:06:30 GMT-0300 (E. South America Standard Time)"},"frames":[["id","timestamp",{"hands":[["id","type","direction","palmNormal","palmPosition","palmVelocity","stabilizedPalmPosition","pinchStrength","grabStrength","confidence","armBasis","armWidth","elbow","wrist"]]},{"pointables":[["id","direction","handId","length","stabilizedTipPosition","tipPosition","tipVelocity","tool","carpPosition","mcpPosition","pipPosition","dipPosition","btipPosition","bases","type"]]},{"interactionBox":["center","size"]}],[139417,81215107644,[[37,"right",[-0.153497,0.829082,-0.537645],[-0.273979,-0.558469,-0.782974],[-9.77239,103.551,25.4455],[71.0483,235.162,11.5449],[-9.82852,103.403,25.4371],0,0,0.9395,[[0.973159,-0.0896449,-0.211958],[0.184526,0.854321,0.485886],[0.137523,-0.511956,0.847932]],63.72,[44.0683,-77.2419,284.417],[6.93712,60.9861,55.4758]]],[[370,[-0.539417,0.633376,-0.554855],37,52.1164,[-85.591,116.529,11.972],[-85.6768,117.602,13.6167],[86.7016,249.861,-20.1037],false,[-22.5624,52.8907,57.7789],[-22.5624,52.8907,57.7789],[-52.8724,84.6281,33.9923],[-71.2641,106.223,15.0741],[-89.6622,120.097,10.9792],[[[0.597141,0.650378,0.469501],[-0.581646,-0.0519805,0.81178],[0.552368,-0.75783,0.34725]],[[0.492454,0.771797,0.402267],[-0.623535,-0.00959325,0.781736],[0.607201,-0.635796,0.476519]],[[0.492454,0.771797,0.402267],[-0.683021,0.0562507,0.728229],[0.539417,-0.633376,0.554855]],[[0.492454,0.771797,0.402267],[-0.373501,-0.230066,0.898647],[0.786121,-0.592789,0.17497]]],0],[371,[-0.330353,0.536053,-0.776861],37,58.8075,[-62.2906,173.241,-36.4587],[-61.9367,173.075,-36.5775],[102.695,446.422,171.273],false,[-11.1903,72.4635,64.8122],[-36.7874,126.164,21.528],[-49.1699,156.916,-5.79851],[-57.1546,169.873,-24.5756],[-63.1545,176.24,-39.2514],[[[0.910157,0.11247,-0.398704],[0.224855,0.674206,0.703481],[0.347929,-0.729929,0.588344]],[[0.932793,0.0597616,-0.355425],[0.2164,0.695747,0.684914],[0.288217,-0.715796,0.636055]],[[0.932793,0.0597616,-0.355425],[0.1441,0.842066,0.519769],[0.330353,-0.536053,0.776861]],[[0.932793,0.0597616,-0.355425],[0.0811184,0.926043,0.368597],[0.351167,-0.372656,0.858958]]],1],[372,[-0.104581,0.556382,-0.824319],37,67.0064,[-22.1095,181.796,-54.2914],[-22.215,181.419,-54.4407],[110.112,497.125,205.859],false,[0.0739359,75.4111,60.8066],[-15.303,126.865,16.2688],[-16.2357,161.523,-17.216],[-19.2096,177.345,-40.6567],[-22.3991,184.939,-57.5472],[[[0.897038,-0.103775,-0.429597],[0.383075,0.667325,0.638694],[0.2204,-0.737501,0.63837]],[[0.923218,-0.253867,-0.288478],[0.383789,0.646942,0.658918],[0.0193512,-0.719039,0.6947]],[[0.923218,-0.253867,-0.288478],[0.369772,0.791196,0.487112],[0.104581,-0.556382,0.824319]],[[0.923218,-0.253867,-0.288478],[0.344764,0.878764,0.330017],[0.169724,-0.404134,0.898815]]],2],[373,[-0.0471773,0.514538,-0.856169],37,64.4285,[5.71079,170.118,-56.8665],[5.45255,169.397,-57.0021],[109.489,457.939,159.923],false,[11.2041,75.3484,55.6062],[6.43635,120.924,12.8992],[9.23444,151.505,-19.5542],[7.92754,165.759,-43.2718],[5.43164,172.415,-60.5508],[[[0.888247,-0.261182,-0.37789],[0.453016,0.634356,0.626394],[0.076114,-0.727583,0.681784]],[[0.889535,-0.368291,-0.27035],[0.452555,0.629191,0.631912],[-0.0626258,-0.684456,0.726359]],[[0.889535,-0.368291,-0.27035],[0.454425,0.774347,0.440324],[0.0471773,-0.514538,0.856169]],[[0.889535,-0.368291,-0.27035],[0.436901,0.85876,0.267672],[0.133585,-0.35622,0.924804]]],3],[374,[0.0245761,0.429054,-0.902944],37,50.5107,[30.6751,144.205,-49.9377],[30.0601,143.311,-49.751],[106.662,437.616,102.784],false,[20.7978,68.9123,47.2938],[24.8484,111.227,7.85577],[31.7952,132.525,-19.501],[32.2759,140.917,-37.1615],[30.3308,145.549,-53.6501],[[[0.803943,-0.444836,-0.39471],[0.590589,0.519221,0.617749],[-0.0698553,-0.729747,0.680139]],[[0.774746,-0.578995,-0.254035],[0.600974,0.549499,0.580414],[-0.196465,-0.602342,0.773683]],[[0.774746,-0.578995,-0.254035],[0.631795,0.693309,0.346637],[-0.0245761,-0.429054,0.902944]],[[0.774746,-0.578995,-0.254035],[0.622121,0.76978,0.142844],[0.112845,-0.268709,0.956589]]],4]],[[0,200,0],[235.247,235.247,147.751]]],[139418,81215115906,[[37,"right",[-0.148112,0.838728,-0.524022],[-0.275629,-0.543879,-0.792606],[-8.83571,105.376,25.5441],[81.8509,231.536,11.6454],[-8.91028,105.228,25.5361],0,0,0.944427,[[0.972983,-0.0881343,-0.213392],[0.184139,0.853788,0.48697],[0.139273,-0.513107,0.84695]],63.72,[45.1967,-76.3106,283.566],[7.593,62.2283,54.8891]]],[[370,[-0.531323,0.643916,-0.550517],37,52.1164,[-84.3948,118.895,11.6811],[-84.4796,119.91,13.3326],[102.748,259.732,-23.8879],false,[-21.9535,54.2553,57.009],[-21.9535,54.2553,57.009],[-52.0539,86.4887,33.6265],[-70.1696,108.443,14.8563],[-88.3843,122.53,10.6695],[[[0.59982,0.639242,0.481234],[-0.583314,-0.0623323,0.809852],[0.547688,-0.766475,0.33549]],[[0.49489,0.763339,0.415208],[-0.625678,-0.0185529,0.779861],[0.603001,-0.645732,0.468423]],[[0.49489,0.763339,0.415208],[-0.68759,0.0518363,0.724247],[0.531323,-0.643916,0.550517]],[[0.49489,0.763339,0.415208],[-0.386467,-0.234616,0.891963],[0.778284,-0.601888,0.178896]]],0],[371,[-0.322498,0.561718,-0.761885],37,58.8075,[-60.793,176.86,-34.9611],[-60.3162,176.869,-35.0168],[128.779,449.968,177.794],false,[-10.4885,73.6466,64.3856],[-35.7219,128.197,21.9594],[-47.754,159.671,-4.69422],[-55.5489,173.248,-23.1093],[-61.4357,180.171,-37.5775],[[[0.911433,0.114166,-0.395291],[0.227264,0.661187,0.714971],[0.342987,-0.741484,0.576682]],[[0.934215,0.0592572,-0.351754],[0.220926,0.678094,0.700985],[0.280061,-0.732583,0.620394]],[[0.934215,0.0592572,-0.351754],[0.152439,0.825204,0.543875],[0.322498,-0.561718,0.761885]],[[0.934215,0.0592572,-0.351754],[0.092359,0.912296,0.398981],[0.344546,-0.405222,0.846808]]],1],[372,[-0.0999166,0.578103,-0.809823],37,67.0064,[-20.7548,185.435,-52.5418],[-20.6726,185.216,-52.6617],[127.534,486.242,210.395],false,[0.7983,76.5996,60.448],[-14.225,128.87,16.7477],[-14.9642,164.28,-15.9452],[-17.8055,180.719,-38.9737],[-20.9046,188.808,-55.6504],[[[0.897206,-0.101461,-0.4298],[0.385556,0.65453,0.650336],[0.215333,-0.749197,0.626366]],[[0.922247,-0.251683,-0.293455],[0.386296,0.630033,0.673672],[0.0153346,-0.734652,0.678271]],[[0.922247,-0.251683,-0.293455],[0.373466,0.776178,0.508007],[0.0999166,-0.578103,0.809823]],[[0.922247,-0.251683,-0.293455],[0.34966,0.866833,0.35544],[0.164918,-0.430413,0.887438]]],2],[373,[-0.0392095,0.534331,-0.844365],37,64.4285,[7.29065,173.452,-55.4624],[7.11551,172.885,-55.5695],[134.286,447.921,165.124],false,[11.9369,76.5632,55.2655],[7.48777,122.868,13.3152],[10.6031,154.068,-18.5142],[9.51695,168.87,-41.9048],[7.17414,175.978,-59.0246],[[[0.88748,-0.259656,-0.380734],[0.45534,0.621392,0.637603],[0.0710275,-0.739223,0.669704]],[[0.887977,-0.368863,-0.274658],[0.454572,0.613437,0.645801],[-0.0697265,-0.698308,0.712393]],[[0.887977,-0.368863,-0.274658],[0.458214,0.760546,0.460011],[0.0392095,-0.534331,0.844365]],[[0.887977,-0.368863,-0.274658],[0.442464,0.848073,0.291543],[0.125391,-0.38041,0.916278]]],3],[374,[0.0322267,0.449297,-0.892801],37,50.5107,[32.0915,147.289,-48.9608],[31.521,146.456,-48.8234],[124.807,423.032,107.568],false,[21.5102,70.2145,46.8628],[25.8561,113.157,8.14113],[32.9952,134.942,-18.7795],[33.6255,143.729,-36.2416],[31.835,148.791,-52.6209],[[[0.802219,-0.442547,-0.400746],[0.592307,0.505675,0.627268],[-0.0749483,-0.740571,0.667785]],[[0.77229,-0.578222,-0.26311],[0.602331,0.534858,0.592558],[-0.201903,-0.616106,0.761346]],[[0.77229,-0.578222,-0.26311],[0.634452,0.681022,0.365622],[-0.0322267,-0.449297,0.892801]],[[0.77229,-0.578222,-0.26311],[0.626719,0.761203,0.166717],[0.103881,-0.29365,0.950252]]],4]],[[0,200,0],[235.247,235.247,147.751]]],[139419,81215125155,[[37,"right",[-0.142579,0.846765,-0.512503],[-0.280406,-0.531136,-0.799542],[-7.41934,107.389,25.7794],[101.882,227.638,15.5199],[-7.49326,107.282,25.7673],0,0,0.949276,[[0.972322,-0.090904,-0.215234],[0.187761,0.852258,0.488264],[0.13905,-0.515163,0.845738]],63.72,[46.2705,-75.362,282.871],[8.72707,63.7321,54.5214]]],[[370,[-0.523509,0.653576,-0.546605],37,52.1164,[-82.6929,121.651,11.6657],[-82.8098,122.515,13.3554],[125.326,267.918,-16.2179],false,[-20.8742,55.9452,56.5679],[-20.8742,55.9452,56.5679],[-50.7888,88.6473,33.6015],[-68.6382,110.931,14.9647],[-86.6424,125.256,10.678],[[[0.604949,0.628339,0.489108],[-0.582892,-0.0690199,0.809613],[0.542469,-0.774872,0.3245]],[[0.499811,0.755133,0.424221],[-0.625342,-0.0242715,0.779973],[0.59928,-0.655122,0.460085]],[[0.499811,0.755133,0.424221],[-0.69002,0.0511151,0.721983],[0.523509,-0.653576,0.546605]],[[0.499811,0.755133,0.424221],[-0.397969,-0.234803,0.886842],[0.769292,-0.61208,0.183163]]],0],[371,[-0.314762,0.58669,-0.746137],37,58.8075,[-58.6997,180.924,-33.1752],[-58.1881,180.823,-33.2927],[159.76,443.677,181.961],false,[-9.26112,75.1518,64.1918],[-34.1431,130.451,22.5335],[-45.8101,162.594,-3.47568],[-53.418,176.774,-21.5101],[-59.201,184.254,-35.7414],[[[0.911818,0.112885,-0.394771],[0.232811,0.649826,0.72355],[0.338211,-0.751653,0.566243]],[[0.934843,0.0555517,-0.350689],[0.228743,0.661182,0.714504],[0.271561,-0.748166,0.605394]],[[0.934843,0.0555517,-0.350689],[0.164296,0.807904,0.565948],[0.314762,-0.58669,0.746137]],[[0.934843,0.0555517,-0.350689],[0.107249,0.89737,0.428048],[0.338476,-0.437769,0.832942]]],1],[372,[-0.0950582,0.598025,-0.79582],37,67.0064,[-18.8725,189.293,-50.6649],[-18.6491,188.985,-50.8942],[152.381,463.12,206.755],false,[2.04267,78.0759,60.2813],[-12.6475,131.038,17.3065],[-13.1746,167.084,-14.6885],[-15.8777,184.089,-37.3187],[-18.8864,192.653,-53.7732],[[[0.89599,-0.102149,-0.432165],[0.390982,0.642896,0.658649],[0.210557,-0.759112,0.615967]],[[0.920022,-0.252522,-0.299654],[0.391714,0.613978,0.685267],[0.0109354,-0.747839,0.66379]],[[0.920022,-0.252522,-0.299654],[0.380163,0.760657,0.526192],[0.0950582,-0.598025,0.79582]],[[0.920022,-0.252522,-0.299654],[0.357667,0.853556,0.378836],[0.160107,-0.455713,0.875609]]],2],[373,[-0.0316705,0.55227,-0.833063],37,64.4285,[9.38616,176.942,-53.9938],[9.21374,176.307,-54.1928],[161.851,425.12,162.077],false,[13.1752,78.0287,55.0858],[9.01761,124.926,13.7683],[12.4318,156.628,-17.5296],[11.5544,171.927,-40.6071],[9.35683,179.47,-57.559],[[[0.885169,-0.260917,-0.385224],[0.46051,0.609428,0.645389],[0.0663735,-0.748679,0.659602]],[[0.884947,-0.371947,-0.280221],[0.45938,0.598489,0.656339],[-0.0764139,-0.709553,0.700497]],[[0.884947,-0.371947,-0.280221],[0.464614,0.746092,0.47695],[0.0316705,-0.55227,0.833063]],[[0.884947,-0.371947,-0.280221],[0.450594,0.835868,0.313511],[0.117619,-0.403707,0.907296]]],3],[374,[0.0390977,0.466957,-0.883415],37,50.5107,[33.9601,150.388,-47.9898],[33.3809,149.498,-47.9507],[146.85,396.442,106.218],false,[22.6933,71.7248,46.5873],[27.3095,115.152,8.44265],[34.6399,137.337,-18.0974],[35.4046,146.47,-35.3759],[33.745,151.917,-51.6451],[[[0.798563,-0.442899,-0.407599],[0.596623,0.492873,0.633338],[-0.0796102,-0.748944,0.657834]],[[0.767999,-0.579636,-0.272396],[0.60597,0.519975,0.602019],[-0.207313,-0.627413,0.750583]],[[0.767999,-0.579636,-0.272396],[0.639257,0.667812,0.381285],[-0.0390977,-0.466957,0.883415]],[[0.767999,-0.579636,-0.272396],[0.633172,0.751115,0.186867],[0.0962857,-0.315987,0.943865]]],4]],[[0,200,0],[235.247,235.247,147.751]]],[139420,81215133214,[[37,"right",[-0.132556,0.852583,-0.505501],[-0.286123,-0.521204,-0.80404],[-6.11146,109.045,26.2008],[116.973,222.097,24.7081],[-6.20694,108.923,26.1709],0,0,0.950475,[[0.970881,-0.0971815,-0.218967],[0.195366,0.850175,0.488912],[0.138647,-0.517454,0.844404]],63.72,[46.9512,-74.7454,282.574],[9.51645,64.9672,54.5852]]],[[370,[-0.512958,0.663009,-0.545246],37,52.1164,[-81.0961,124.19,11.8131],[-81.1941,125.058,13.5035],[144.568,281.186,-6.89769],false,[-20.1737,57.5055,56.5553],[-20.1737,57.5055,56.5553],[-49.7103,90.6992,33.8059],[-67.1999,113.305,15.2154],[-84.9542,127.907,10.8239],[[[0.611917,0.617233,0.494552],[-0.584043,-0.0690169,0.808783],[0.53334,-0.783748,0.318258]],[[0.507568,0.74651,0.430231],[-0.626303,-0.0232527,0.779233],[0.591709,-0.664968,0.455739]],[[0.507568,0.74651,0.430231],[-0.692278,0.0560589,0.71945],[0.512958,-0.663009,0.545246]],[[0.507568,0.74651,0.430231],[-0.408514,-0.231137,0.883002],[0.758611,-0.623939,0.187642]]],0],[371,[-0.304154,0.606005,-0.735016],37,58.8075,[-56.5137,184.198,-31.7472],[-55.7941,184.153,-31.8903],[195.989,435.449,181.112],false,[-8.34356,76.5129,64.3431],[-32.566,132.439,23.1364],[-43.7248,165.107,-2.43888],[-51.0763,179.754,-20.2045],[-56.7106,187.663,-34.2625],[[[0.913251,0.105636,-0.393463],[0.239937,0.641063,0.729019],[0.329245,-0.760184,0.560106]],[[0.935982,0.0465201,-0.348961],[0.237646,0.647822,0.723775],[0.259735,-0.76037,0.595295]],[[0.935982,0.0465201,-0.348961],[0.177279,0.794099,0.581359],[0.304154,-0.606005,0.735016]],[[0.935982,0.0465201,-0.348961],[0.123248,0.885202,0.448584],[0.329769,-0.462875,0.8228]]],1],[372,[-0.0860752,0.612732,-0.78559],37,67.0064,[-16.7762,192.222,-49.1501],[-16.2311,191.954,-49.3812],[189.359,438.551,203.556],false,[2.99509,79.3388,60.4615],[-11.0624,132.822,17.9228],[-11.1238,169.339,-13.538],[-13.5714,186.763,-35.8773],[-16.4313,195.672,-52.1738],[[[0.894963,-0.108883,-0.432649],[0.398049,0.632847,0.664124],[0.201489,-0.766582,0.609716]],[[0.917159,-0.259233,-0.302683],[0.398519,0.599023,0.694517],[0.00127266,-0.757608,0.652709]],[[0.917159,-0.259233,-0.302683],[0.389114,0.746564,0.539659],[0.0860752,-0.612731,0.78559]],[[0.917159,-0.259233,-0.302683],[0.368319,0.841425,0.395405],[0.152183,-0.474134,0.867201]]],2],[373,[-0.0223376,0.562792,-0.826297],37,64.4285,[11.5106,179.3,-52.8816],[11.5077,178.662,-53.0722],[193.178,390.332,156.536],false,[14.1289,79.2064,55.2702],[10.5325,126.49,14.3425],[14.3585,158.423,-16.6725],[13.7397,174.013,-39.5626],[11.7105,181.839,-56.4069],[[[0.882289,-0.2679,-0.387034],[0.467193,0.598692,0.650614],[0.0574146,-0.75485,0.65338]],[[0.880704,-0.380072,-0.282676],[0.465862,0.587146,0.661991],[-0.0856321,-0.714706,0.694163]],[[0.880704,-0.380072,-0.282676],[0.47314,0.734037,0.487163],[0.0223376,-0.562792,0.826297]],[[0.880704,-0.380072,-0.282676],[0.461048,0.824686,0.327609],[0.108604,-0.418853,0.901536]]],3],[374,[0.0485368,0.47844,-0.876778],37,50.5107,[35.8928,152.425,-47.0678],[35.3979,151.556,-47.0468],[173.263,360.767,109.561],false,[23.5778,72.8639,46.7233],[28.713,116.551,8.94285],[36.3713,138.951,-17.3225],[37.3207,148.309,-34.4712],[35.8162,154.023,-50.6636],[[[0.793601,-0.448679,-0.410956],[0.601959,0.480678,0.637648],[-0.0885615,-0.753416,0.651553]],[[0.761575,-0.585689,-0.277439],[0.610815,0.505619,0.609307],[-0.216585,-0.633497,0.742814]],[[0.761575,-0.585689,-0.277439],[0.646257,0.654266,0.392795],[-0.0485368,-0.47844,0.876778]],[[0.761575,-0.585689,-0.277439],[0.642173,0.739645,0.201343],[0.0872822,-0.331502,0.939408]]],4]],[[0,200,0],[235.247,235.247,147.751]]],[139421,81215141921,[[37,"right",[-0.118971,0.858574,-0.498695],[-0.29118,-0.510348,-0.809172],[-4.89394,110.866,26.4147],[123.075,218.641,24.6703],[-4.9628,110.764,26.402],0,0,0.954728,[[0.968961,-0.103129,-0.224673],[0.20348,0.848833,0.487932],[0.140391,-0.518504,0.843472]],63.72,[47.9297,-73.6612,282.209],[10.0242,66.3349,54.4714]]],[[370,[-0.500254,0.674098,-0.543451],37,52.1164,[-79.4771,127.205,11.7871],[-79.6339,127.993,13.4093],[153.838,297.123,-6.57591],false,[-19.7745,59.2803,56.2967],[-19.7745,59.2803,56.2967],[-48.7872,93.0545,33.7283],[-65.8436,116.038,15.1991],[-83.3319,130.945,10.7644],[[[0.619197,0.604311,0.501402],[-0.587294,-0.0674481,0.806558],[0.52123,-0.793889,0.313145]],[[0.516451,0.736056,0.437606],[-0.628865,-0.0208472,0.777235],[0.581212,-0.676599,0.452113]],[[0.516451,0.736056,0.437606],[-0.694999,0.0617519,0.716354],[0.500254,-0.674098,0.543451]],[[0.516451,0.736056,0.437606],[-0.418209,-0.229139,0.878974],[0.747247,-0.636959,0.189486]]],0],[371,[-0.289509,0.626153,-0.72396],37,58.8075,[-53.8225,187.859,-30.4302],[-53.099,187.784,-30.7555],[228.343,429.756,168.673],false,[-7.69801,78.0518,64.2765],[-31.0044,134.659,23.4736],[-41.4843,167.884,-1.66759],[-48.4818,183.018,-19.166],[-53.899,191.37,-33.0517],[[[0.915791,0.095909,-0.390037],[0.246918,0.631474,0.735032],[0.316794,-0.769443,0.554616]],[[0.937962,0.0348026,-0.344988],[0.246426,0.633039,0.73385],[0.24393,-0.773338,0.58519]],[[0.937962,0.0348026,-0.344988],[0.190819,0.778924,0.597383],[0.289509,-0.626152,0.72396]],[[0.937962,0.0348026,-0.344988],[0.140362,0.871674,0.469556],[0.317058,-0.488849,0.812712]]],1],[372,[-0.0738511,0.628411,-0.774368],37,67.0064,[-14.2116,195.395,-47.6886],[-13.5363,195.124,-48.0541],[220.588,417.715,191.128],false,[3.69079,80.7482,60.45],[-9.48267,134.779,18.3228],[-8.97755,171.719,-12.6368],[-11.0776,189.588,-34.657],[-13.7121,198.905,-50.7629],[[[0.894569,-0.117993,-0.431072],[0.405084,0.621551,0.670508],[0.188818,-0.774436,0.603818]],[[0.914227,-0.26755,-0.304311],[0.405066,0.58403,0.703442],[-0.0104797,-0.766372,0.642311]],[[0.914227,-0.26755,-0.304311],[0.398415,0.730422,0.554752],[0.0738511,-0.628411,0.774368]],[[0.914227,-0.26755,-0.304311],[0.380177,0.826211,0.415742],[0.140193,-0.495775,0.857061]]],2],[373,[-0.00590412,0.576768,-0.816887],37,64.4285,[14.2826,181.951,-51.683],[14.3087,181.338,-51.9363],[230.063,367.626,151.134],false,[14.8365,80.5007,55.2886],[12.0303,128.171,14.7492],[16.5527,160.404,-15.8583],[16.3892,176.382,-38.4877],[14.6659,184.584,-55.1866],[[[0.879506,-0.277189,-0.386828],[0.473775,0.586529,0.656903],[0.0447995,-0.761019,0.64718]],[[0.875906,-0.391134,-0.282493],[0.471745,0.57144,0.671501],[-0.101219,-0.721436,0.685043]],[[0.875906,-0.391134,-0.282493],[0.482445,0.717184,0.502885],[0.00590412,-0.576768,0.816887]],[[0.875906,-0.391134,-0.282493],[0.473584,0.808904,0.348415],[0.092233,-0.438963,0.893759]]],3],[374,[0.0622732,0.488907,-0.87011],37,50.5107,[38.1596,154.478,-46.2139],[37.6477,153.622,-46.2594],[197.019,326.646,105.858],false,[24.2189,74.096,46.7149],[30.0833,118.019,9.31665],[38.2071,140.57,-16.6782],[39.4251,150.133,-33.6965],[38.1531,156.112,-49.8129],[[[0.788328,-0.456481,-0.41251],[0.606887,0.466722,0.643319],[-0.101136,-0.757493,0.644962]],[[0.75389,-0.594347,-0.280003],[0.615519,0.489902,0.617358],[-0.229751,-0.637767,0.735165]],[[0.75389,-0.594347,-0.280003],[0.654043,0.638531,0.405594],[-0.0622733,-0.488907,0.87011]],[[0.75389,-0.594347,-0.280003],[0.652843,0.725553,0.217646],[0.0737991,-0.346879,0.935002]]],4]],[[0,200,0],[235.247,235.247,147.751]]],[139422,81215150653,[[37,"right",[-0.102683,0.862899,-0.494834],[-0.296286,-0.501416,-0.812894],[-3.74888,112.656,26.5607],[125.232,214.991,22.5414],[-3.80796,112.564,26.553],0,0,0.958643,[[0.966431,-0.110566,-0.231919],[0.21362,0.847322,0.486222],[0.14275,-0.519442,0.842498]],63.72,[48.8567,-72.5049,281.926],[10.3142,67.7445,54.4521]]],[[370,[-0.484735,0.684258,-0.544815],37,52.1164,[-77.8642,130.298,11.5147],[-78.0516,131.029,13.0817],[161.481,311.489,-13.8442],false,[-19.6045,61.1765,56.1225],[-19.6045,61.1765,56.1225],[-47.9755,95.5141,33.5885],[-64.5028,118.844,15.0127],[-81.664,134.085,10.4375],[[[0.627071,0.591451,0.506919],[-0.591627,-0.0617022,0.803848],[0.506715,-0.803977,0.311227]],[[0.526359,0.725679,0.443099],[-0.63239,-0.0142271,0.774519],[0.568356,-0.687886,0.451424]],[[0.526359,0.725679,0.443099],[-0.698554,0.0719825,0.711927],[0.484735,-0.684258,0.544815]],[[0.526359,0.725679,0.443099],[-0.430423,-0.222012,0.874898],[0.733268,-0.65123,0.195491]]],0],[371,[-0.272984,0.642039,-0.716426],37,58.8075,[-50.9327,191.343,-29.5115],[-50.2296,191.162,-30.0505],[256.58,416.955,145.795],false,[-7.25133,79.705,64.245],[-29.4492,136.894,23.6348],[-39.1598,170.569,-1.21413],[-45.7579,186.087,-18.5304],[-50.9266,194.785,-32.2982],[[[0.918843,0.0826364,-0.385875],[0.254342,0.623627,0.739189],[0.301726,-0.777342,0.551997]],[[0.940099,0.0199675,-0.340317],[0.2552,0.620663,0.741385],[0.226026,-0.783823,0.578388]],[[0.940099,0.0199675,-0.340317],[0.204192,0.766412,0.609031],[0.272984,-0.642039,0.716426]],[[0.940099,0.0199675,-0.340317],[0.157156,0.860493,0.484617],[0.302517,-0.509071,0.80581]]],1],[372,[-0.0579861,0.644409,-0.762479],37,67.0064,[-11.3852,198.475,-46.4298],[-10.5838,198.148,-46.9416],[251.566,399.036,175.845],false,[4.19616,82.2311,60.4779],[-7.90749,136.682,18.5711],[-6.73413,173.945,-11.98],[-8.38304,192.27,-33.6622],[-10.7028,202.049,-49.5403],[[[0.894247,-0.130677,-0.428072],[0.412584,0.611402,0.67525],[0.173484,-0.780456,0.600659]],[[0.910918,-0.278365,-0.304535],[0.411869,0.569959,0.710993],[-0.0243433,-0.773085,0.633835]],[[0.910918,-0.278365,-0.304535],[0.408493,0.712215,0.570862],[0.0579861,-0.644409,0.762479]],[[0.910918,-0.278365,-0.304535],[0.393689,0.807262,0.439701],[0.123442,-0.520424,0.844939]]],2],[373,[0.0131556,0.588196,-0.808611],37,64.4285,[17.3224,184.371,-50.6176],[17.3577,183.712,-50.9756],[264.321,341.683,142.317],false,[15.3573,81.8244,55.36],[13.5074,129.736,15.0504],[18.8931,162.223,-15.1459],[19.2575,178.517,-37.5461],[17.8698,187.016,-54.1276],[[[0.876366,-0.289819,-0.384691],[0.48074,0.575312,0.661744],[0.0295315,-0.764867,0.643512]],[[0.870357,-0.404841,-0.280327],[0.477441,0.554433,0.681655],[-0.120539,-0.727123,0.675842]],[[0.870357,-0.404841,-0.280327],[0.492246,0.700092,0.517266],[-0.0131556,-0.588196,0.808611]],[[0.870357,-0.404841,-0.280327],[0.486788,0.793238,0.365801],[0.0742752,-0.454837,0.887472]]],3],[374,[0.0786369,0.49437,-0.865687],37,50.5107,[40.5587,156.055,-45.5645],[40.0321,155.214,-45.6552],[218.89,286.086,96.7916],false,[24.6673,75.3076,46.7918],[31.4118,119.313,9.6392],[40.1148,141.859,-16.1719],[41.6528,151.528,-33.1037],[40.6487,157.681,-49.1738],[[[0.782334,-0.467444,-0.411642],[0.611902,0.453382,0.64809],[-0.116315,-0.758908,0.640726]],[[0.744608,-0.606521,-0.278729],[0.620466,0.474936,0.624065],[-0.246131,-0.637626,0.729967]],[[0.744608,-0.606521,-0.278729],[0.662853,0.62268,0.415807],[-0.0786369,-0.49437,0.865687]],[[0.744608,-0.606521,-0.278729],[0.664955,0.710445,0.23044],[0.0582549,-0.35693,0.932313]]],4]],[[0,200,0],[235.247,235.247,147.751]]],[139423,81215168395,[[37,"right",[-0.0595983,0.866088,-0.496327],[-0.314707,-0.488157,-0.814041],[-0.932488,115.78,26.4861],[140.945,196.749,9.99887],[-0.936541,115.776,26.4861],0,0,0.965548,[[0.957306,-0.137655,-0.254196],[0.248321,0.841769,0.479335],[0.147992,-0.521993,0.840013]],63.72,[50.8242,-70.6383,281.308],[10.8665,70.2997,54.5049]]],[[370,[-0.448881,0.704646,-0.549527],37,52.1164,[-73.9143,137.03,10.8578],[-74.1994,137.513,12.3892],[186.715,336.683,-24.1316],false,[-19.3345,65.1337,56.0113],[-19.3345,65.1337,56.0113],[-45.9862,100.696,33.278],[-61.2911,124.721,14.5415],[-77.6626,140.745,9.75372],[[[0.65105,0.562291,0.509865],[-0.598394,-0.0330309,0.800521],[0.466967,-0.826279,0.314967]],[[0.55657,0.701581,0.444987],[-0.636527,0.0158868,0.771091],[0.533913,-0.712412,0.455417]],[[0.55657,0.701581,0.444987],[-0.699096,0.106104,0.707111],[0.448881,-0.704646,0.549527]],[[0.55657,0.701581,0.444987],[-0.448208,-0.19742,0.871857],[0.699528,-0.684696,0.204576]]],0],[371,[-0.233859,0.671834,-0.702815],37,58.8075,[-43.0371,198.588,-28.5637],[-43.0579,197.396,-29.5551],[327.014,387.349,94.0775],false,[-6.17826,83.0779,64.1847],[-25.4596,141.184,23.3878],[-33.3388,175.587,-1.10964],[-38.9912,191.826,-18.097],[-43.5747,201.223,-31.6096],[[[0.923861,0.0392643,-0.380709],[0.278915,0.61209,0.739968],[0.262082,-0.789813,0.554534]],[[0.941697,-0.0233344,-0.335651],[0.282084,0.598519,0.749802],[0.183398,-0.800768,0.570206]],[[0.941697,-0.0233344,-0.335651],[0.241902,0.740334,0.627207],[0.233859,-0.671834,0.702815]],[[0.941697,-0.0233344,-0.335651],[0.203075,0.834814,0.511709],[0.268266,-0.550037,0.790881]]],1],[372,[-0.0227724,0.659923,-0.750988],37,67.0064,[-3.58773,203.661,-45.3038],[-3.35409,202.402,-46.3312],[323.136,324.338,111.091],false,[5.39555,85.0633,60.4803],[-3.9228,139.963,18.4474],[-1.05738,177.359,-11.8281],[-1.70494,196.125,-33.1835],[-3.38418,206.422,-48.8135],[[[0.8896,-0.172729,-0.42282],[0.436776,0.592427,0.676947],[0.133562,-0.786889,0.602467]],[[0.89896,-0.315165,-0.304207],[0.433978,0.546567,0.71619],[-0.0594482,-0.775845,0.628117]],[[0.89896,-0.315165,-0.304207],[0.437438,0.682036,0.586067],[0.0227724,-0.659923,0.750988]],[[0.89896,-0.315165,-0.304207],[0.428819,0.77488,0.464408],[0.089359,-0.547934,0.831735]]],2],[373,[0.052958,0.593311,-0.80323],37,64.4285,[25.0593,187.363,-49.9371],[24.4233,186.211,-50.6057],[330.021,245.435,86.2517],false,[16.5544,84.1307,55.4266],[17.1651,132.023,15.0564],[24.4452,164.307,-14.9598],[25.9122,180.743,-37.2109],[25.2008,189.494,-53.7035],[[[0.864084,-0.330808,-0.379374],[0.503253,0.553186,0.663868],[-0.00974894,-0.764559,0.64448]],[[0.851878,-0.446546,-0.273679],[0.497749,0.527707,0.68831],[-0.16294,-0.72258,0.67181]],[[0.851878,-0.446546,-0.273679],[0.521056,0.66976,0.529076],[-0.052958,-0.593311,0.80323]],[[0.851878,-0.446546,-0.273679],[0.522354,0.762387,0.381984],[0.0380753,-0.468361,0.882716]]],3],[374,[0.123407,0.492047,-0.861778],37,50.5107,[47.022,157.23,-45.1566],[46.0048,156.364,-45.3564],[280.565,177.797,60.0142],false,[25.5992,77.1763,46.9187],[34.5951,120.771,9.75857],[44.8933,142.755,-15.95],[47.307,152.379,-32.8053],[47.034,158.697,-48.8399],[[[0.762039,-0.503899,-0.406673],[0.628671,0.425265,0.651093],[-0.155142,-0.751822,0.640855]],[[0.71424,-0.646932,-0.267097],[0.636426,0.44151,0.63248],[-0.291246,-0.62173,0.727068]],[[0.71424,-0.646932,-0.267097],[0.688936,0.582554,0.431275],[-0.123407,-0.492047,0.861778]],[[0.71424,-0.646932,-0.267097],[0.699722,0.668652,0.251582],[0.0158385,-0.366583,0.93025]]],4]],[[0,200,0],[235.247,235.247,147.751]]],[139424,81215176965,[[37,"right",[-0.0420771,0.864741,-0.500452],[-0.32331,-0.48573,-0.812119],[0.473184,116.838,26.6373],[147.023,177.436,12.0138],[0.419095,116.797,26.6315],0,0,0.968423,[[0.952844,-0.15087,-0.263298],[0.264462,0.838352,0.476682],[0.148819,-0.523836,0.838718]],63.72,[51.5294,-70.1682,281.337],[11.3483,71.2676,54.8831]]],[[370,[-0.434317,0.710354,-0.553864],37,52.1164,[-72.1678,139.285,10.7677],[-72.3304,139.905,12.2699],[194.454,321.274,-20.6513],false,[-18.9498,66.7011,56.3777],[-18.9498,66.7011,56.3777],[-44.8929,102.656,33.4436],[-59.7012,126.876,14.5593],[-75.7323,143.198,9.62692],[[[0.661376,0.551831,0.508],[-0.599808,-0.017537,0.799952],[0.450347,-0.833771,0.319394]],[[0.56947,0.692949,0.442183],[-0.636865,0.0318264,0.770318],[0.519718,-0.720284,0.459439]],[[0.56947,0.692949,0.442183],[-0.697906,0.123361,0.705485],[0.434317,-0.710354,0.553864]],[[0.56947,0.692949,0.442183],[-0.454422,-0.182872,0.871813],[0.684985,-0.697409,0.210751]]],0],[371,[-0.21742,0.682058,-0.69823],37,58.8075,[-40.178,200.585,-28.344],[-39.8221,199.542,-29.3718],[340.765,351.621,76.292],false,[-5.45363,84.4225,64.4825],[-23.5482,142.702,23.3907],[-30.681,177.29,-1.07469],[-35.9361,193.776,-17.9512],[-40.2665,203.442,-31.3577],[[[0.924872,0.019374,-0.379785],[0.290034,0.60999,0.737423],[0.245952,-0.792172,0.558543]],[[0.941297,-0.042744,-0.334862],[0.293931,0.591627,0.750721],[0.166024,-0.805078,0.56946]],[[0.941297,-0.042744,-0.334862],[0.25824,0.730048,0.632726],[0.21742,-0.682058,0.69823]],[[0.941297,-0.042744,-0.334862],[0.222983,0.823478,0.521692],[0.253452,-0.565735,0.784669]]],1],[372,[-0.00931133,0.666187,-0.745727],37,67.0064,[-0.862275,205.031,-44.9415],[-0.203471,203.814,-45.9982],[333.407,283.919,94.3034],false,[6.16092,86.1635,60.7827],[-2.03407,141.037,18.4818],[1.47413,178.486,-11.6591],[1.20935,197.43,-32.8649],[-0.224148,207.933,-48.3817],[[[0.886512,-0.192104,-0.420943],[0.447549,0.586944,0.674683],[0.117461,-0.786507,0.606308]],[[0.893224,-0.329703,-0.30569],[0.443681,0.536305,0.718],[-0.0727837,-0.776963,0.625324]],[[0.893224,-0.329703,-0.30569],[0.449515,0.668948,0.591984],[0.00931133,-0.666187,0.745727]],[[0.893224,-0.329703,-0.30569],[0.443093,0.760865,0.474081],[0.0762824,-0.55891,0.825712]]],2],[373,[0.0696815,0.591581,-0.803228],37,64.4285,[27.8877,187.759,-49.891],[27.5638,186.622,-50.5774],[341.386,192.24,64.4654],false,[17.3049,84.9888,55.7468],[18.898,132.669,15.1533],[26.9555,164.699,-14.9373],[28.8858,181.087,-37.1884],[28.4659,189.875,-53.671],[[[0.857857,-0.349447,-0.376786],[0.513258,0.546348,0.661869],[-0.0254316,-0.761177,0.648045]],[[0.843052,-0.465373,-0.269613],[0.506696,0.519153,0.688288],[-0.18034,-0.716874,0.673475]],[[0.843052,-0.465373,-0.269613],[0.533299,0.658376,0.531162],[-0.0696815,-0.591581,0.803228]],[[0.843052,-0.465373,-0.269613],[0.537362,0.749781,0.386096],[0.0224721,-0.470379,0.882178]]],3],[374,[0.145073,0.486345,-0.861639],37,50.5107,[49.7136,157.019,-45.0536],[48.8149,156.219,-45.2469],[297.276,123.269,47.6174],false,[26.2211,77.8186,47.2824],[36.1101,121.053,9.92906],[47.1276,142.611,-15.8421],[49.9651,152.123,-32.6948],[50.0689,158.448,-48.7288],[[[0.752472,-0.520633,-0.403395],[0.636162,0.415936,0.649843],[-0.170543,-0.745613,0.644187]],[[0.699511,-0.666302,-0.258313],[0.643115,0.429344,0.634087],[-0.311589,-0.609676,0.72884]],[[0.699511,-0.666302,-0.258313],[0.699742,0.565252,0.436867],[-0.145073,-0.486345,0.861639]],[[0.699511,-0.666302,-0.258313],[0.714597,0.649145,0.260696],[-0.00601976,-0.366949,0.930221]]],4]],[[0,200,0],[235.247,235.247,147.751]]],[139425,81215185259,[[37,"right",[-0.0208265,0.862484,-0.505655],[-0.332846,-0.482895,-0.809954],[1.66743,117.514,26.8477],[146.246,152.861,15.4332],[1.6175,117.485,26.8391],0,0,0.970613,[[0.947183,-0.165688,-0.274576],[0.282884,0.834992,0.471979],[0.151067,-0.524724,0.837761]],63.72,[52.2044,-69.8039,281.583],[11.4163,71.8715,55.3871]]],[[370,[-0.416372,0.716735,-0.559397],37,52.1164,[-70.3911,141.539,10.6361],[-70.5361,142.162,12.1021],[199.57,308.555,-19.5154],false,[-18.9832,68.022,56.8406],[-18.9832,68.022,56.8406],[-44.0478,104.426,33.6393],[-58.2443,128.863,14.5663],[-73.8578,145.53,9.45016],[[[0.673003,0.539275,0.50621],[-0.601739,0.00123602,0.798692],[0.430089,-0.842129,0.325335]],[[0.584401,0.682311,0.439235],[-0.637457,0.0510765,0.768791],[0.50212,-0.729276,0.464793]],[[0.584401,0.682311,0.439235],[-0.696498,0.144027,0.702956],[0.416372,-0.716735,0.559397]],[[0.584401,0.682311,0.439235],[-0.46195,-0.165279,0.871369],[0.667141,-0.712134,0.218604]]],0],[371,[-0.19526,0.697468,-0.689501],37,58.8075,[-36.743,202.73,-27.9156],[-36.2723,201.672,-28.9619],[364.058,328.549,71.8829],false,[-5.09415,85.4718,64.8707],[-21.7368,143.911,23.3941],[-27.9104,178.774,-0.941959],[-32.6299,195.632,-17.6075],[-36.6038,205.704,-30.8241],[[[0.925871,-0.00447437,-0.377814],[0.302637,0.607449,0.734449],[0.226217,-0.794346,0.563774]],[[0.940599,-0.065927,-0.333057],[0.30761,0.580662,0.753796],[0.143698,-0.811471,0.56645]],[[0.940599,-0.065927,-0.333057],[0.277753,0.713577,0.643165],[0.19526,-0.697468,0.689501]],[[0.940599,-0.065927,-0.333057],[0.247338,0.805067,0.539158],[0.232588,-0.589509,0.773552]]],1],[372,[0.008459,0.675989,-0.736863],37,67.0064,[2.33693,206.374,-44.3052],[3.18313,205.08,-45.362],[351.6,252.195,92.7239],false,[6.56564,86.9193,61.1867],[-0.257125,141.715,18.5435],[4.0649,179.302,-11.32],[4.30544,198.525,-32.2737],[3.20756,209.33,-47.6089],[[[0.882672,-0.215242,-0.417805],[0.459703,0.580361,0.672201],[0.0977922,-0.7854,0.611215]],[[0.886412,-0.346129,-0.307359],[0.45413,0.521633,0.722264],[-0.0896678,-0.779804,0.619569]],[[0.886412,-0.346129,-0.307359],[0.46282,0.650564,0.602133],[-0.008459,-0.675989,0.736863]],[[0.886412,-0.346129,-0.307359],[0.459196,0.741311,0.489486],[0.058423,-0.575024,0.816048]]],2],[373,[0.0895679,0.587548,-0.804217],37,64.4285,[31.1324,187.584,-49.8874],[30.8393,186.386,-50.5631],[356.562,133.43,47.7539],false,[17.6898,85.4549,56.1829],[20.4809,132.842,15.3116],[29.4585,164.498,-14.9138],[31.9397,180.774,-37.1922],[31.8693,189.566,-53.6784],[[[0.850259,-0.371607,-0.372783],[0.524474,0.538167,0.659775],[-0.0445576,-0.756495,0.65248]],[[0.832199,-0.487771,-0.263673],[0.516788,0.509996,0.687629],[-0.200933,-0.708508,0.676493]],[[0.832199,-0.487771,-0.263673],[0.547194,0.645652,0.532646],[-0.0895679,-0.587548,0.804217]],[[0.832199,-0.487771,-0.263673],[0.554464,0.735297,0.389755],[0.00376718,-0.470551,0.882365]]],3],[374,[0.174583,0.479133,-0.860205],37,50.5107,[52.9039,156.171,-44.7811],[51.8959,155.423,-44.9742],[321.781,63.0348,44.5044],false,[26.454,78.0282,47.7811],[37.4282,120.797,10.1949],[49.4105,141.821,-15.5859],[52.8252,151.193,-32.4104],[53.4474,157.52,-48.4318],[[[0.740963,-0.540444,-0.398615],[0.644325,0.404854,0.648797],[-0.189258,-0.737573,0.648204]],[[0.681031,-0.689714,-0.245951],[0.649122,0.4132,0.638675],[-0.338876,-0.59461,0.729111]],[[0.681031,-0.689714,-0.245951],[0.711138,0.542888,0.446717],[-0.174583,-0.479133,0.860205]],[[0.681031,-0.689714,-0.245951],[0.731364,0.624129,0.274898],[-0.0360956,-0.367093,0.929484]]],4]],[[0,200,0],[235.247,235.247,147.751]]],[139426,81215193958,[[37,"right",[0.00136694,0.857794,-0.513992],[-0.342075,-0.482583,-0.806287],[3.30803,118.186,27.1862],[157.543,132.683,21.697],[3.25133,118.162,27.1746],0,0,0.973141,[[0.941116,-0.181808,-0.285037],[0.30217,0.830481,0.467969],[0.151637,-0.526543,0.836516]],63.72,[52.8169,-69.5657,282.053],[11.8749,72.6008,56.1932]]],[[370,[-0.397101,0.7206,-0.568372],37,52.1164,[-68.0879,143.78,10.4297],[-68.217,144.377,11.8572],[217.028,293.925,-20.7048],false,[-18.6124,69.4974,57.5905],[-18.6124,69.4974,57.5905],[-42.7502,106.25,33.961],[-56.2896,130.82,14.582],[-71.4476,147.812,9.17461],[[[0.684349,0.527824,0.503058],[-0.603795,0.0234399,0.796795],[0.408776,-0.84903,0.334739]],[[0.59914,0.672665,0.434228],[-0.638129,0.0736427,0.766399],[0.483552,-0.736274,0.473369]],[[0.59914,0.672665,0.434228],[-0.695228,0.168102,0.698856],[0.397101,-0.7206,0.568372]],[[0.59914,0.672665,0.434228],[-0.470685,-0.142808,0.870667],[0.647679,-0.726036,0.231051]]],0],[371,[-0.171814,0.708701,-0.684268],37,58.8075,[-32.5763,204.738,-27.635],[-32.1365,203.529,-28.7835],[394.453,297.756,59.4431],false,[-4.33034,86.6853,65.4949],[-19.4443,145.103,23.4071],[-24.615,180.111,-0.954782],[-28.7678,197.241,-17.4938],[-32.3573,207.632,-30.5728],[[[0.926561,-0.0303886,-0.374914],[0.315086,0.60709,0.729495],[0.205438,-0.794052,0.572081]],[[0.939547,-0.0909571,-0.330117],[0.320571,0.572502,0.754636],[0.120353,-0.814843,0.567051]],[[0.939547,-0.0909571,-0.330117],[0.296194,0.699621,0.650231],[0.171814,-0.708701,0.684268]],[[0.939547,-0.0909571,-0.330117],[0.270397,0.788574,0.552301],[0.210086,-0.608176,0.765497]]],1],[372,[0.02841,0.68033,-0.732355],37,67.0064,[6.30739,207.366,-43.8608],[7.19907,205.896,-45.037],[380.945,209.86,78.7777],false,[7.3713,87.8164,61.8329],[1.98994,142.344,18.6437],[7.21939,179.844,-11.1843],[8.02727,199.19,-32.0099],[7.31081,210.188,-47.2308],[[[0.878417,-0.240434,-0.413008],[0.47163,0.575632,0.667992],[0.0771321,-0.781562,0.619041]],[[0.879143,-0.365676,-0.305595],[0.464044,0.510888,0.723642],[-0.108494,-0.777994,0.618833]],[[0.879143,-0.365676,-0.305595],[0.475711,0.635163,0.608496],[-0.02841,-0.68033,0.732355]],[[0.879143,-0.365676,-0.305595],[0.475031,0.72373,0.50056],[0.0381256,-0.585231,0.80997]]],2],[373,[0.114555,0.582688,-0.804582],37,64.4285,[35.289,187.146,-49.7813],[34.9178,185.948,-50.459],[389.818,83.1121,38.856],false,[18.4711,86.0366,56.8775],[22.5175,132.944,15.5609],[32.6024,164.151,-14.7825],[35.7758,180.292,-37.0711],[36.1601,189.086,-53.5519],[[[0.842123,-0.395532,-0.366582],[0.535402,0.531775,0.656171],[-0.0645972,-0.748846,0.659589]],[[0.82034,-0.512275,-0.254197],[0.525447,0.499744,0.688594],[-0.225716,-0.698448,0.679133]],[[0.82034,-0.512275,-0.254197],[0.560285,0.630912,0.536686],[-0.114555,-0.582688,0.804582]],[[0.82034,-0.512275,-0.254197],[0.571506,0.718379,0.396627],[-0.0205719,-0.470644,0.882083]]],3],[374,[0.205015,0.465479,-0.860987],37,50.5107,[56.7193,154.794,-44.4304],[55.5421,154.19,-44.6387],[352.776,2.88538,43.4489],false,[27.0779,78.3203,48.5745],[39.1844,120.446,10.6123],[52.241,140.788,-15.1947],[56.2509,149.892,-32.0346],[57.3721,156.073,-48.086],[[[0.72887,-0.561935,-0.391124],[0.652041,0.39552,0.646844],[-0.208787,-0.726493,0.654687]],[[0.660803,-0.71475,-0.22907],[0.653445,0.397703,0.644082],[-0.369255,-0.575296,0.729853]],[[0.660803,-0.71475,-0.22907],[0.722017,0.52198,0.454124],[-0.205015,-0.465479,0.860987]],[[0.660803,-0.71475,-0.22907],[0.747736,0.600457,0.283449],[-0.0650482,-0.358588,0.931227]]],4]],[[0,200,0],[235.247,235.247,147.751]]],[139427,81215202608,[[37,"right",[0.026061,0.855474,-0.517189],[-0.352668,-0.476232,-0.805499],[4.57555,118.531,27.3787],[154.62,108.06,21.8454],[4.53022,118.518,27.3717],0,0,0.959299,[[0.934052,-0.198708,-0.296753],[0.322318,0.826893,0.460825],[0.153813,-0.526083,0.836408]],63.72,[53.3515,-69.2001,282.412],[11.822,72.8423,56.5815]]],[[370,[-0.375163,0.728412,-0.573297],37,52.1164,[-65.9858,145.972,10.1899],[-66.1282,146.55,11.5859],[223.328,282.82,-22.5944],false,[-18.742,70.5698,57.899],[-18.742,70.5698,57.899],[-41.8326,107.861,34.0671],[-54.624,132.697,14.5202],[-69.2405,150.083,8.88053],[[[0.696918,0.511043,0.503131],[-0.605245,0.0428019,0.794888],[0.384687,-0.858489,0.339135]],[[0.615666,0.658156,0.433342],[-0.637951,0.0934818,0.764382],[0.462573,-0.747055,0.477425]],[[0.615666,0.658156,0.433342],[-0.69297,0.190385,0.695374],[0.375163,-0.728412,0.573297]],[[0.615666,0.658156,0.433342],[-0.480522,-0.122281,0.868416],[0.624543,-0.742885,0.240974]]],0],[371,[-0.144282,0.724453,-0.674055],37,58.8075,[-28.3063,206.715,-27.0559],[-27.9952,205.454,-28.1993],[418.715,277.825,63.3432],false,[-4.02312,87.3953,65.7818],[-17.4292,146.04,23.4308],[-21.4301,181.34,-0.727206],[-24.9175,198.851,-17.0194],[-28.0495,209.652,-29.8817],[[[0.926482,-0.0568651,-0.372018],[0.32928,0.601129,0.728161],[0.182224,-0.797126,0.57566]],[[0.937684,-0.117516,-0.327014],[0.334777,0.557718,0.759523],[0.0931257,-0.82167,0.562305]],[[0.937684,-0.117516,-0.327014],[0.316118,0.679233,0.662353],[0.144282,-0.724453,0.674055]],[[0.937684,-0.117516,-0.327014],[0.295203,0.765849,0.571253],[0.183312,-0.632191,0.752816]]],1],[372,[0.051049,0.687176,-0.724695],37,67.0064,[10.3553,208.186,-43.2132],[11.1563,206.66,-44.3803],[402.165,177.204,79.1588],false,[7.71539,88.1955,62.1507],[3.93626,142.684,18.742],[10.2388,180.223,-10.8281],[11.6905,199.763,-31.4358],[11.394,210.992,-46.5012],[[[0.872783,-0.265676,-0.40947],[0.485093,0.565214,0.667246],[0.0541671,-0.780992,0.622187]],[[0.870282,-0.386566,-0.305248],[0.474881,0.493989,0.728329],[-0.130758,-0.778808,0.613482]],[[0.870282,-0.386566,-0.305248],[0.489901,0.615106,0.617771],[-0.051049,-0.687176,0.724695]],[[0.870282,-0.386566,-0.305248],[0.492301,0.702514,0.513919],[0.0157776,-0.597529,0.801692]]],2],[373,[0.140673,0.581318,-0.801424],37,64.4285,[39.3169,186.612,-49.4389],[38.778,185.461,-50.0972],[407.14,44.3856,40.2385],false,[18.7773,86.0973,57.2354],[24.2108,132.72,15.7559],[35.4455,163.58,-14.5383],[39.3424,179.683,-36.7393],[40.2069,188.563,-53.156],[[[0.832173,-0.419557,-0.362574],[0.54769,0.519604,0.65578],[-0.0867421,-0.744301,0.662188]],[[0.806335,-0.536972,-0.247962],[0.535348,0.484372,0.691944],[-0.251449,-0.690685,0.678033]],[[0.806335,-0.536972,-0.247962],[0.574487,0.611335,0.544274],[-0.140673,-0.581318,0.801424]],[[0.806335,-0.536972,-0.247962],[0.589647,0.697011,0.408035],[-0.0462713,-0.475222,0.878648]]],3],[374,[0.23442,0.455009,-0.859077],37,50.5107,[60.1145,153.237,-44.0414],[58.7833,152.783,-44.2587],[361.399,-45.9812,43.909],false,[27.1962,78.1195,48.9871],[40.5478,119.757,10.9041],[54.6149,139.478,-14.8538],[59.1999,148.378,-31.6563],[60.8191,154.49,-47.6914],[[[0.71453,-0.58293,-0.386833],[0.660626,0.38021,0.647313],[-0.23026,-0.718076,0.65677]],[[0.638001,-0.73877,-0.217194],[0.659305,0.378355,0.649742],[-0.397833,-0.557734,0.728465]],[[0.638001,-0.73877,-0.217194],[0.733486,0.497178,0.463479],[-0.23442,-0.455009,0.859077]],[[0.638001,-0.73877,-0.217194],[0.764284,0.573116,0.29565],[-0.0939397,-0.354623,0.930278]]],4]],[[0,200,0],[235.247,235.247,147.751]]],[13942