{"metadata":{"formatVersion":2,"generatedBy":"LeapJS Playback 0.2.1","frames":85,"protocolVersion":6,"serviceVersion":"2.2.5+26752","frameRate":"1.1e+2","modified":"Wed Apr 22 2015 20:02:53 GMT-0300 (E. South America Standard Time)"},"frames":[["id","timestamp",{"hands":[["id","type","direction","palmNormal","palmPosition","palmVelocity","stabilizedPalmPosition","pinchStrength","grabStrength","confidence","armBasis","armWidth","elbow","wrist"]]},{"pointables":[["id","direction","handId","length","stabilizedTipPosition","tipPosition","tipVelocity","tool","carpPosition","mcpPosition","pipPosition","dipPosition","btipPosition","bases","type"]]},{"interactionBox":["center","size"]}],[119142,81036289808,[[31,"right",[-0.42371,0.805987,-0.413346],[-0.129406,-0.505516,-0.853058],[-6.92414,74.3049,45.5714],[48.2607,-8.58386,-4.51101],[-7.91965,74.2723,45.7008],0,0,0.862922,[[0.933345,0.28806,-0.214217],[-0.229741,0.937841,0.26014],[0.275837,-0.193585,0.941509]],63.003,[96.6464,-15.9282,320.231],[23.0084,35.7517,68.8842]]],[[310,[-0.50748,0.61948,-0.598923],31,51.5299,[-75.7562,73.1817,35.4433],[-75.3944,73.6406,36.4454],[29.7573,4.47623,2.12815],false,[-2.20991,18.946,70.1508],[-2.20991,18.946,70.1508],[-44.1347,43.0872,60.3775],[-61.2429,63.9711,40.1867],[-80.0316,75.9965,34.0349],[[[0.393817,0.733343,0.55418],[-0.498272,-0.336318,0.799134],[0.772421,-0.590845,0.232956]],[[0.32593,0.781439,0.532093],[-0.414999,-0.387441,0.823205],[0.849438,-0.489125,0.198017]],[[0.32593,0.781439,0.532093],[-0.797643,-0.0748195,0.598472],[0.50748,-0.61948,0.598923]],[[0.32593,0.781439,0.532093],[-0.484258,-0.345386,0.803867],[0.811951,-0.519675,0.265846]]],0],[311,[-0.585986,0.687771,-0.428475],31,58.1458,[-84.2762,145.596,18.7436],[-83.9025,145.57,18.1078],[93.4721,35.1667,-7.52167],false,[2.95834,39.7026,79.7302],[-39.3141,87.6853,45.0593],[-62.4146,122.381,36.8719],[-76.4187,138.818,26.632],[-86.3377,147.78,16.3039],[[[0.812638,0.438914,-0.383372],[0.0436847,0.610116,0.791107],[0.58113,-0.659631,0.476629]],[[0.806744,0.445535,-0.388153],[0.231161,0.366574,0.901215],[0.54381,-0.816775,0.192741]],[[0.806744,0.445535,-0.388153],[0.0760599,0.573122,0.815933],[0.585986,-0.687771,0.428475]],[[0.806744,0.445535,-0.388153],[-0.0664544,0.721124,0.689611],[0.587153,-0.530545,0.61137]]],1],[312,[-0.283176,0.894848,-0.345048],31,66.2525,[-43.0379,177.957,15.659],[-42.6111,177.457,13.9611],[78.211,-8.5446,-47.3092],false,[12.4806,46.3999,76.1669],[-19.5618,95.5595,39.9004],[-29.9271,141.457,32.3333],[-37.889,166.617,22.6318],[-44.0807,181.411,13.2489],[[[0.864245,0.235276,-0.444663],[0.19319,0.660906,0.725176],[0.464497,-0.712635,0.525732]],[[0.915333,0.144761,-0.375779],[0.338913,0.227064,0.913006],[0.217493,-0.963061,0.158778]],[[0.915333,0.144761,-0.375779],[0.286316,0.422246,0.860077],[0.283176,-0.894848,0.345048]],[[0.915333,0.144761,-0.375779],[0.226095,0.587454,0.777032],[0.333237,-0.796205,0.504987]]],2],[313,[-0.202328,0.929689,-0.307802],31,63.7035,[-13.8574,177.963,14.6851],[-12.7081,177.208,12.4311],[93.208,-1.5257,6.04085],false,[22.7222,50.4101,71.0113],[2.51327,97.0734,35.6545],[-3.44607,140.353,29.0994],[-8.9879,165.817,20.6687],[-13.7818,181.623,12.3929],[[[0.906141,0.0773461,-0.415844],[0.269151,0.652973,0.707944],[0.326291,-0.753422,0.570867]],[[0.911738,0.0640879,-0.405743],[0.387991,0.190019,0.901862],[0.134897,-0.979686,0.148382]],[[0.911738,0.0640879,-0.405743],[0.357488,0.362728,0.860599],[0.202328,-0.929689,0.307802]],[[0.911738,0.0640879,-0.405743],[0.318427,0.513723,0.796676],[0.259496,-0.855559,0.447973]]],3],[314,[-0.083538,0.938596,-0.334751],31,49.9424,[18.8392,158.262,10.4522],[19.1725,157.592,8.89905],[66.9817,-33.1085,-22.9764],false,[33.2798,48.4284,61.921],[22.5037,94.299,29.259],[22.7406,128.701,23.0326],[21.1251,146.852,16.559],[18.3219,161.638,8.56112],[[[0.880804,-0.119334,-0.458195],[0.434575,0.587908,0.682282],[0.187957,-0.800077,0.569692]],[[0.873987,-0.092367,-0.47709],[0.485902,0.152417,0.860621],[-0.00677608,-0.98399,0.178092]],[[0.873987,-0.092367,-0.47709],[0.478715,0.332423,0.812605],[0.083538,-0.938596,0.334751]],[[0.873987,-0.092367,-0.47709],[0.457268,0.488614,0.743077],[0.164477,-0.867597,0.469278]]],4]],[[0,200,0],[235.247,235.247,147.751]]],[119143,81036298475,[[31,"right",[-0.413075,0.806159,-0.423646],[-0.14325,-0.516915,-0.843966],[-5.74417,74.62,45.2621],[71.6305,3.36385,-12.8008],[-7.15542,74.3945,45.5467],0,0,0.846262,[[0.938959,0.266475,-0.217595],[-0.208572,0.943924,0.255941],[0.273594,-0.194934,0.941885]],63.003,[96.7405,-16.0847,320.454],[23.7012,35.9553,69.0068]]],[[310,[-0.504354,0.616923,-0.604179],31,51.5299,[-74.7852,74.3575,35.5407],[-74.3683,74.8587,36.4932],[52.0173,40.0275,4.5298],false,[-1.78135,19.5917,70.7017],[-1.78135,19.5917,70.7017],[-43.3496,44.2446,60.6856],[-60.3524,65.0423,40.3175],[-79.0204,77.2318,34.1214],[[[0.409423,0.735515,0.539807],[-0.498527,-0.315171,0.807551],[0.764097,-0.599738,0.237636]],[[0.341066,0.785122,0.516969],[-0.417553,-0.366183,0.831601],[0.842214,-0.499492,0.202937]],[[0.341066,0.785122,0.516969],[-0.793285,-0.0546706,0.606391],[0.504354,-0.616923,0.604179]],[[0.341066,0.785122,0.516969],[-0.482547,-0.325732,0.813048],[0.806735,-0.526765,0.267762]]],0],[311,[-0.574521,0.696534,-0.429845],31,58.1458,[-81.8734,147.108,18.256],[-81.5588,146.986,17.5313],[143.953,73.6813,-20.2097],false,[3.78982,40.4108,79.9125],[-37.9123,88.5246,44.7363],[-60.3173,123.646,36.4314],[-74.0475,140.292,26.1588],[-83.8571,149.366,15.8236],[[[0.817236,0.419202,-0.395468],[0.0588597,0.621913,0.780871],[0.573289,-0.661433,0.483576]],[[0.812881,0.424188,-0.399111],[0.24705,0.369431,0.895817],[0.527438,-0.826792,0.195507]],[[0.812881,0.424188,-0.399111],[0.0956592,0.57871,0.809904],[0.574521,-0.696534,0.429845]],[[0.812881,0.424188,-0.399111],[-0.0451352,0.729069,0.68295],[0.580679,-0.537143,0.611792]]],1],[312,[-0.273167,0.89608,-0.349887],31,66.2525,[-40.8594,178.417,14.5742],[-40.0916,177.99,12.7789],[132.633,10.4963,-70.2782],false,[13.3976,46.8916,76.1822],[-18.0671,95.9871,39.3278],[-27.8635,141.936,31.3287],[-35.544,167.131,21.4912],[-41.5972,181.967,12.0848],[[[0.865087,0.213781,-0.453785],[0.208748,0.669158,0.713198],[0.456123,-0.711705,0.534254]],[[0.913311,0.127377,-0.386831],[0.351582,0.232808,0.906747],[0.205556,-0.964145,0.167843]],[[0.913311,0.127377,-0.386831],[0.302064,0.425225,0.853195],[0.273167,-0.89608,0.349887]],[[0.913311,0.127377,-0.386831],[0.244394,0.588385,0.770762],[0.325783,-0.798485,0.506249]]],2],[313,[-0.190247,0.92836,-0.319303],31,63.7035,[-11.5695,177.927,13.3879],[-10.1059,177.136,10.7532],[147.789,-3.70115,-49.1329],false,[23.6699,50.6486,70.8988],[4.00175,97.0672,34.9204],[-1.32784,140.342,27.8154],[-6.53875,165.77,19.0696],[-11.1538,181.528,10.6031],[[[0.904566,0.0556616,-0.422684],[0.284455,0.659693,0.695622],[0.317561,-0.749471,0.580903]],[[0.909364,0.0440782,-0.41366],[0.398124,0.196159,0.896113],[0.120642,-0.979581,0.160831]],[[0.909364,0.0440782,-0.41366],[0.369951,0.36906,0.852602],[0.190247,-0.92836,0.319303]],[[0.909364,0.0440782,-0.41366],[0.332638,0.520098,0.78667],[0.249819,-0.852968,0.458296]]],3],[314,[-0.0689415,0.939608,-0.335238],31,49.9424,[21.1116,157.872,9.55253],[21.4949,157.144,7.89275],[122.306,-36.7679,-45.7873],false,[34.1342,48.347,61.7759],[23.9018,93.8602,28.4459],[24.6664,128.226,22.0687],[23.3332,146.397,15.5857],[20.7581,161.246,7.62767],[[[0.875723,-0.141226,-0.461697],[0.448616,0.591497,0.669981],[0.178473,-0.793843,0.581344]],[[0.867852,-0.109244,-0.484663],[0.496341,0.147701,0.855471],[-0.0218695,-0.98298,0.182405]],[[0.867852,-0.109244,-0.484663],[0.492016,0.32435,0.807909],[0.0689415,-0.939608,0.335238]],[[0.867852,-0.109244,-0.484663],[0.47329,0.478464,0.739641],[0.151093,-0.871285,0.46694]]],4]],[[0,200,0],[235.247,235.247,147.751]]],[119144,81036307150,[[31,"right",[-0.396917,0.809662,-0.432324],[-0.163605,-0.525883,-0.834674],[-4.82481,75.0789,44.9242],[80.7711,16.5465,-19.7598],[-6.37227,74.6244,45.3375],0,0,0.85262,[[0.944998,0.237819,-0.224545],[-0.179995,0.951348,0.250077],[0.273094,-0.195905,0.941828]],63.003,[96.7791,-16.2401,320.433],[23.8734,36.0592,69.0007]]],[[310,[-0.500139,0.619747,-0.604793],31,51.5299,[-74.1343,76.3029,35.9649],[-73.6625,76.8314,36.7946],[57.5654,90.5148,16.9491],false,[-1.98818,20.3595,71.1678],[-1.98818,20.3595,71.1678],[-43.0098,45.8904,61.098],[-59.8705,66.7833,40.7092],[-78.3434,79.3001,34.5812],[[[0.432309,0.733206,0.524898],[-0.498785,-0.290502,0.816592],[0.751214,-0.614831,0.240125]],[[0.364884,0.784216,0.501861],[-0.419603,-0.342671,0.840541],[0.831139,-0.517283,0.204024]],[[0.364884,0.784216,0.501861],[-0.785315,-0.0303207,0.618353],[0.500139,-0.619746,0.604793]],[[0.364884,0.784216,0.501861],[-0.479137,-0.304009,0.823412],[0.798303,-0.54091,0.264819]]],0],[311,[-0.558744,0.708974,-0.430304],31,58.1458,[-79.1823,149.287,17.8687],[-78.9459,149.122,17.0971],[188.484,122.655,-26.2581],false,[4.17774,41.1707,80.0099],[-36.644,89.7667,44.4658],[-58.1133,125.443,36.0574],[-71.4664,142.387,25.7738],[-81.121,151.644,15.4548],[[[0.823691,0.392811,-0.408941],[0.0812575,0.631975,0.770717],[0.561187,-0.668062,0.488633]],[[0.820431,0.396669,-0.411761],[0.267307,0.370507,0.889534],[0.505411,-0.839868,0.197943]],[[0.820431,0.396669,-0.411761],[0.121239,0.583104,0.8033],[0.558744,-0.708974,0.430304]],[[0.820431,0.396669,-0.411761],[-0.0166679,0.736469,0.676266],[0.571503,-0.547966,0.610834]]],1],[312,[-0.255809,0.897978,-0.358047],31,66.2525,[-38.0975,179.153,13.3034],[-37.0116,178.847,11.4422],[191.146,33.8228,-93.9773],false,[13.908,47.3544,76.0973],[-16.6709,96.6528,38.7711],[-25.4881,142.707,30.2555],[-32.6806,167.955,20.1885],[-38.4811,182.827,10.6789],[[[0.865934,0.185411,-0.464522],[0.231643,0.674466,0.701026],[0.443282,-0.714646,0.541094]],[[0.911681,0.100892,-0.39832],[0.366892,0.236593,0.899674],[0.18501,-0.966356,0.178681]],[[0.911681,0.100892,-0.39832],[0.321559,0.428319,0.844478],[0.255809,-0.897978,0.358047]],[[0.911681,0.100892,-0.39832],[0.267168,0.590952,0.761181],[0.312185,-0.800373,0.511805]]],2],[313,[-0.171335,0.928345,-0.32988],31,63.7035,[-8.805,177.95,11.8322],[-7.02919,177.209,9.09908],[202.706,-0.807239,-88.9018],false,[24.2214,50.7757,70.6677],[5.37691,97.1192,34.1556],[1.00181,140.408,26.5065],[-3.69111,165.836,17.471],[-8.01455,181.589,8.84347],[[[0.901786,0.0268493,-0.431348],[0.306931,0.662864,0.682938],[0.304261,-0.748258,0.589521]],[[0.905812,0.0167432,-0.423348],[0.411942,0.198765,0.889267],[0.0990361,-0.979904,0.173147]],[[0.905812,0.0167432,-0.423348],[0.38749,0.371343,0.843775],[0.171335,-0.928345,0.32988]],[[0.905812,0.0167432,-0.423348],[0.353176,0.522107,0.776319],[0.234031,-0.852716,0.467018]]],3],[314,[-0.0482349,0.942242,-0.331441],31,49.9424,[23.7076,157.451,8.86375],[24.1149,156.661,7.09654],[171.791,-40.2275,-54.4122],false,[34.5424,48.0781,61.4903],[25.1323,93.3227,27.5579],[26.714,127.675,21.2574],[25.7812,145.897,14.8478],[23.4997,160.835,6.96709],[[[0.867747,-0.16983,-0.46709],[0.469123,0.590242,0.656916],[0.164132,-0.789159,0.591852]],[[0.858537,-0.130477,-0.495872],[0.510751,0.132283,0.849491],[-0.0452433,-0.982587,0.180211]],[[0.858537,-0.130477,-0.495872],[0.510477,0.308472,0.802657],[0.0482349,-0.942242,0.331441]],[[0.858537,-0.130477,-0.495872],[0.494967,0.463375,0.735045],[0.133868,-0.876504,0.462406]]],4]],[[0,200,0],[235.247,235.247,147.751]]],[119145,81036315789,[[31,"right",[-0.380836,0.812162,-0.441992],[-0.183574,-0.53491,-0.824726],[-3.58155,75.5472,44.4355],[97.515,26.5359,-29.5226],[-5.47713,74.9204,45.0482],0,0,0.861924,[[0.950531,0.208714,-0.230062],[-0.151348,0.957956,0.243751],[0.271263,-0.196874,0.942155]],63.003,[96.7836,-16.3333,320.418],[24.3666,36.2245,68.8981]]],[[310,[-0.492718,0.62166,-0.608908],31,51.5299,[-73.027,78.291,36.053],[-72.5,78.811,36.8139],[77.0327,127.429,14.5237],false,[-1.8495,21.1984,71.5314],[-1.8495,21.1984,71.5314],[-42.3075,47.5591,61.3201],[-58.918,68.5164,40.7926],[-77.1585,81.3597,34.6439],[[[0.454547,0.730654,0.509442],[-0.49861,-0.265214,0.825257],[0.738089,-0.629131,0.243759]],[[0.387698,0.78328,0.485966],[-0.421604,-0.318145,0.849137],[0.81972,-0.534094,0.20689]],[[0.387698,0.78328,0.485966],[-0.779051,-0.00337156,0.626952],[0.492718,-0.62166,0.608908]],[[0.387698,0.78328,0.485966],[-0.477851,-0.280048,0.832605],[0.788257,-0.555018,0.265718]]],0],[311,[-0.540963,0.723542,-0.428772],31,58.1458,[-76.0281,151.63,17.4094],[-75.8809,151.322,16.537],[236.191,162.134,-33.5358],false,[4.89719,41.9904,79.9863],[-35.0368,90.9999,44.0042],[-55.4949,127.245,35.5078],[-68.4231,144.537,25.2609],[-77.8969,154.048,15.0055],[[[0.829428,0.366004,-0.422007],[0.10328,0.641956,0.759754],[0.548983,-0.673746,0.494655]],[[0.827813,0.36798,-0.423458],[0.287718,0.369513,0.88356],[0.481606,-0.853259,0.200013]],[[0.827813,0.36798,-0.423458],[0.14861,0.584018,0.798021],[0.540963,-0.723542,0.428772]],[[0.827813,0.36798,-0.423458],[0.015021,0.740011,0.672427],[0.560803,-0.563004,0.607063]]],1],[312,[-0.23864,0.899074,-0.367038],31,66.2525,[-34.9888,179.888,11.8107],[-33.6279,179.611,9.83828],[243.639,48.3691,-119.189],false,[14.7407,47.8714,75.8944],[-14.9522,97.3041,38.0343],[-22.8025,143.428,28.9673],[-29.5123,168.707,18.6475],[-35.062,183.597,9.01812],[[[0.866131,0.156777,-0.474592],[0.254046,0.679643,0.688147],[0.430439,-0.716593,0.548832]],[[0.909425,0.0743497,-0.409167],[0.381854,0.240419,0.892405],[0.164721,-0.967818,0.190252]],[[0.909425,0.0743497,-0.409167],[0.340582,0.431438,0.835383],[0.23864,-0.899074,0.367038]],[[0.909425,0.0743497,-0.409167],[0.289365,0.593521,0.750999],[0.298686,-0.801377,0.518249]]],2],[313,[-0.155238,0.926391,-0.343076],31,63.7035,[-5.89716,177.899,9.96708],[-3.81611,177.156,7.1178],[244.84,-3.69955,-131.141],false,[25.0868,50.9527,70.3253],[7.05959,97.1577,33.2297],[3.49195,140.389,24.868],[-0.760062,165.763,15.471],[-4.83317,181.479,6.65634],[[[0.898401,-0.00206799,-0.43917],[0.32887,0.665918,0.669625],[0.291067,-0.746022,0.598942]],[[0.901228,-0.00942411,-0.433243],[0.425754,0.205571,0.881178],[0.080758,-0.978597,0.189279]],[[0.901228,-0.00942411,-0.433243],[0.404586,0.376445,0.833426],[0.155238,-0.926391,0.343076]],[[0.901228,-0.00942411,-0.433243],[0.373064,0.52554,0.764612],[0.220481,-0.850717,0.477147]]],3],[314,[-0.0261641,0.942715,-0.332571],31,49.9424,[26.6236,156.91,7.74606],[27.0681,156.07,5.87454],[219.056,-46.9847,-76.708],false,[35.2593,47.8581,61.1074],[26.6589,92.7749,26.5306],[29.0451,127.049,20.0608],[28.5391,145.28,13.6293],[26.6031,160.282,5.77727],[[[0.85928,-0.198398,-0.471462],[0.489015,0.588947,0.643433],[0.15001,-0.783441,0.60309]],[[0.849567,-0.15436,-0.50439],[0.523046,0.122792,0.843413],[-0.0682538,-0.980355,0.185058]],[[0.849567,-0.15436,-0.50439],[0.526831,0.295738,0.796861],[0.0261641,-0.942715,0.332571]],[[0.849567,-0.15436,-0.50439],[0.515103,0.448712,0.730292],[0.113598,-0.880245,0.460722]]],4]],[[0,200,0],[235.247,235.247,147.751]]],[119146,81036324502,[[31,"right",[-0.356943,0.817558,-0.451875],[-0.19421,-0.53812,-0.820188],[-2.0964,76.028,43.8067],[116.998,34.1873,-40.912],[-4.42502,75.2651,44.6618],0,0,0.874032,[[0.954729,0.181958,-0.235337],[-0.125285,0.963477,0.236677],[0.269807,-0.196478,0.942656]],63.003,[96.706,-16.2318,320.446],[24.6778,36.2203,68.7924]]],[[310,[-0.475379,0.628567,-0.615563],31,51.5299,[-71.4957,80.5501,35.1884],[-70.9366,81.0454,35.8371],[103.902,162.758,-17.406],false,[-1.94351,21.9294,71.4526],[-1.94351,21.9294,71.4526],[-41.6145,49.2752,60.7556],[-57.6404,70.4654,40.0037],[-75.5302,83.7161,33.6913],[[[0.471732,0.723334,0.50424],[-0.509197,-0.243393,0.825517],[0.719853,-0.64618,0.253503]],[[0.406488,0.777442,0.479949],[-0.434415,-0.297671,0.850103],[0.803773,-0.554054,0.216733]],[[0.406488,0.777442,0.479949],[-0.780245,0.0220614,0.625084],[0.475379,-0.628567,0.615563]],[[0.406488,0.777442,0.479949],[-0.48691,-0.260163,0.833807],[0.773101,-0.572625,0.272792]]],0],[311,[-0.516161,0.740139,-0.431014],31,58.1458,[-72.1389,154.165,16.2822],[-72.0094,153.777,15.2796],[294.1,196.824,-61.0168],false,[5.32124,42.6176,79.7308],[-33.1234,92.3127,43.0732],[-52.401,129.155,34.3844],[-64.7364,146.843,24.0838],[-73.8724,156.663,13.8135],[[[0.840812,0.339361,-0.421745],[0.117106,0.646616,0.753773],[0.528508,-0.68317,0.503942]],[[0.840258,0.340076,-0.422273],[0.296678,0.363504,0.88309],[0.453815,-0.867303,0.204544]],[[0.840258,0.340076,-0.422273],[0.165963,0.580123,0.797442],[0.516161,-0.740139,0.431014]],[[0.840258,0.340076,-0.422273],[0.0387253,0.739201,0.67237],[0.540801,-0.581318,0.607951]]],1],[312,[-0.215072,0.902592,-0.372924],31,66.2525,[-31.0806,180.804,10.3773],[-29.3168,180.612,8.41308],[309.319,66.0433,-131.125],false,[15.3371,48.1911,75.6265],[-12.8507,98.0158,37.135],[-19.5033,144.272,27.7874],[-25.5503,169.65,17.3021],[-30.7062,184.612,7.56563],[[[0.872119,0.128704,-0.472063],[0.269144,0.679524,0.682501],[0.408619,-0.722275,0.557986]],[[0.91169,0.0486728,-0.407985],[0.38644,0.235768,0.891671],[0.13959,-0.97059,0.196138]],[[0.91169,0.0486728,-0.407985],[0.350093,0.427738,0.833352],[0.215072,-0.902592,0.372924]],[[0.91169,0.0486728,-0.407985],[0.30302,0.590952,0.747633],[0.277489,-0.805237,0.524016]]],2],[313,[-0.131213,0.926267,-0.353288],31,63.7035,[-2.23493,177.912,8.22422],[0.432916,177.254,5.57235],[307.982,-0.974182,-147.133],false,[25.7867,50.9376,70.0756],[9.17037,97.2311,32.4356],[6.70761,140.45,23.6238],[3.11366,165.821,13.9472],[-0.544924,181.535,4.95017],[[[0.899958,-0.0305817,-0.434903],[0.343654,0.663612,0.66447],[0.268286,-0.747451,0.607733]],[[0.901991,-0.0363183,-0.430225],[0.428141,0.203899,0.880409],[0.0557476,-0.978318,0.199465]],[[0.901991,-0.0363183,-0.430225],[0.411334,0.375113,0.830719],[0.131213,-0.926267,0.353288]],[[0.901991,-0.0363183,-0.430225],[0.383656,0.524486,0.760081],[0.198042,-0.850644,0.487015]]],3],[314,[0.000379326,0.941875,-0.335964],31,49.9424,[30.2741,156.306,6.81827],[30.8569,155.463,5.01145],[276.764,-53.4313,-84.0742],false,[35.9132,47.4784,60.937],[28.6744,92.2572,25.8728],[31.9844,126.426,19.2541],[31.9917,144.641,12.757],[30.4951,159.668,4.8578],[[[0.855725,-0.22611,-0.465413],[0.50179,0.582117,0.639802],[0.126259,-0.781034,0.611592]],[[0.846661,-0.17908,-0.501094],[0.523643,0.112844,0.844432],[-0.0946753,-0.977342,0.189314]],[[0.846661,-0.17908,-0.501094],[0.532132,0.284258,0.797517],[-0.000379326,-0.941875,0.335964]],[[0.846661,-0.17908,-0.501094],[0.524837,0.436422,0.73081],[0.087815,-0.881741,0.463489]]],4]],[[0,200,0],[235.247,235.247,147.751]]],[119147,81036333144,[[31,"right",[-0.332342,0.822837,-0.460964],[-0.209626,-0.540963,-0.814504],[-0.447207,76.5424,43.316],[136.584,40.9066,-45.1221],[-3.21698,75.653,44.2531],0,0,0.884075,[[0.958609,0.151611,-0.241003],[-0.0956294,0.968712,0.229026],[0.268186,-0.196499,0.943114]],63.003,[96.7188,-16.2261,320.528],[25.1235,36.2317,68.752]]],[[310,[-0.460391,0.63667,-0.61862],31,51.5299,[-69.833,83.0746,34.8057],[-69.2375,83.519,35.3368],[127.512,197.386,-23.7448],false,[-1.91069,22.7646,71.5436],[-1.91069,22.7646,71.5436],[-40.7262,51.1945,60.5388],[-56.2469,72.6579,39.6839],[-73.7813,86.3531,33.3233],[[[0.492676,0.714457,0.496811],[-0.516614,-0.219283,0.827662],[0.700271,-0.664429,0.261063]],[[0.429815,0.769609,0.472187],[-0.443586,-0.275512,0.852833],[0.786441,-0.576016,0.222969]],[[0.429815,0.769609,0.472187],[-0.776723,0.048502,0.627972],[0.460391,-0.63667,0.61862]],[[0.429815,0.769609,0.472187],[-0.491,-0.239653,0.837547],[0.757745,-0.591834,0.274872]]],0],[311,[-0.490045,0.756537,-0.433022],31,58.1458,[-67.8679,156.791,15.3302],[-67.7833,156.345,14.3052],[348.448,225.587,-73.5803],false,[5.95907,43.317,79.6044],[-30.9781,93.7294,42.3807],[-48.9792,131.167,33.501],[-60.6905,149.247,23.1525],[-69.4806,159.371,12.8753],[[[0.850713,0.309748,-0.424669],[0.135804,0.65097,0.746857],[0.507784,-0.693033,0.511723]],[[0.851396,0.308815,-0.42398],[0.309108,0.357642,0.881218],[0.423766,-0.88132,0.209037]],[[0.851396,0.308815,-0.42398],[0.187032,0.576442,0.795446],[0.490045,-0.756537,0.433022]],[[0.851396,0.308815,-0.42398],[0.0662198,0.738562,0.670925],[0.520327,-0.599299,0.608359]]],1],[312,[-0.190364,0.90527,-0.3798],31,66.2525,[-26.7112,181.748,8.98908],[-24.6819,181.582,7.06255],[368.258,78.077,-138.786],false,[16.1377,48.5469,75.4488],[-10.5422,98.7655,36.3985],[-15.9158,145.112,26.6827],[-21.2682,170.565,16.0041],[-26.02,185.589,6.15755],[[[0.875796,0.0977259,-0.472685],[0.288787,0.678591,0.675363],[0.386761,-0.727986,0.566085]],[[0.911936,0.0198137,-0.409854],[0.394538,0.232125,0.889077],[0.112753,-0.972484,0.203865]],[[0.911936,0.0198137,-0.409854],[0.363504,0.424375,0.82932],[0.190364,-0.90527,0.3798]],[[0.911936,0.0198137,-0.409854],[0.32089,0.588086,0.742418],[0.25574,-0.808556,0.529939]]],2],[313,[-0.104537,0.926088,-0.362536],31,63.7035,[1.99087,177.924,6.61499],[5.04279,177.273,4.10988],[367.598,-0.355227,-154.528],false,[26.667,50.9227,69.8774],[11.4484,97.2786,31.7264],[10.2333,140.461,22.4866],[7.37,165.827,12.5567],[4.1627,181.549,3.40127],[[[0.898886,-0.0619034,-0.433787],[0.362803,0.660287,0.657568],[0.245718,-0.748458,0.615982]],[[0.900425,-0.0666438,-0.429876],[0.434141,0.200152,0.878328],[0.0275054,-0.977496,0.209155]],[[0.900425,-0.0666438,-0.429876],[0.422264,0.371374,0.826906],[0.104537,-0.926088,0.362536]],[[0.900425,-0.0666438,-0.429876],[0.398865,0.520874,0.754717],[0.173614,-0.851028,0.49559]]],3],[314,[0.0285601,0.937993,-0.345476],31,49.9424,[34.1971,155.467,5.58208],[34.8621,154.575,3.75832],[326.896,-66.492,-101.762],false,[36.6914,47.0668,60.7852],[30.8001,91.6589,25.2342],[35.1103,125.642,18.2442],[35.6627,143.782,11.5631],[34.626,158.773,3.52244],[[[0.848899,-0.256355,-0.462225],[0.51847,0.573885,0.633913],[0.102757,-0.777778,0.620083]],[[0.841209,-0.209248,-0.498581],[0.526468,0.106719,0.843471],[-0.123287,-0.972022,0.199935]],[[0.841209,-0.209248,-0.498581],[0.539956,0.276378,0.795024],[-0.0285601,-0.937993,0.345476]],[[0.841209,-0.209248,-0.498581],[0.537278,0.427202,0.727207],[0.0608284,-0.87961,0.471791]]],4]],[[0,200,0],[235.247,235.247,147.751]]],[119148,81036341834,[[31,"right",[-0.301886,0.832412,-0.464711],[-0.228029,-0.536352,-0.812606],[0.790154,77.3936,42.1203],[138.131,56.1103,-69.7679],[-2.04302,76.1629,43.6283],0,0,0.887873,[[0.961268,0.1184,-0.248887],[-0.0629277,0.973457,0.220047],[0.268334,-0.195863,0.943204]],63.003,[96.4944,-15.9975,319.552],[24.8593,36.2904,67.7523]]],[[310,[-0.449522,0.657409,-0.604767],31,51.5299,[-68.7515,86.8366,34.8137],[-68.0863,87.0892,34.8511],[125.609,261.457,-16.5629],false,[-2.64645,23.8187,70.5616],[-2.64645,23.8187,70.5616],[-40.3591,53.7995,59.8419],[-55.5134,75.9621,39.454],[-72.6419,90.3068,33.4281],[[[0.517536,0.698231,0.494601],[-0.525182,-0.197142,0.82784],[0.67553,-0.688192,0.26467]],[[0.462446,0.750509,0.472102],[-0.449778,-0.260292,0.85437],[0.764097,-0.607441,0.217192]],[[0.462446,0.750509,0.472102],[-0.764247,0.067452,0.641386],[0.449522,-0.657409,0.604767]],[[0.462446,0.750509,0.472102],[-0.488098,-0.229027,0.842204],[0.740206,-0.619905,0.260409]]],0],[311,[-0.459113,0.7765,-0.431581],31,58.1458,[-63.4325,160.123,14.1349],[-63.3981,159.719,13.0586],[392.023,269.675,-91.3258],false,[5.95001,44.1064,78.5504],[-29.0996,95.6669,41.0749],[-45.5909,133.802,32.2298],[-56.563,152.359,21.9157],[-64.9358,162.855,11.6629],[[[0.861843,0.277132,-0.424764],[0.158305,0.648675,0.74442],[0.481836,-0.708815,0.515185]],[[0.863211,0.275113,-0.423296],[0.322722,0.344074,0.881739],[0.388223,-0.897734,0.208224]],[[0.863211,0.275113,-0.423296],[0.209956,0.566886,0.796592],[0.459113,-0.7765,0.431581]],[[0.863211,0.275113,-0.423296],[0.0960212,0.733693,0.672663],[0.495627,-0.621295,0.606915]]],1],[312,[-0.159412,0.910045,-0.38263],31,66.2525,[-21.9295,183.114,7.48211],[-19.7312,183.133,5.57715],[420.818,104.134,-149.155],false,[16.3157,48.9488,74.3875],[-8.48822,99.9381,35.1001],[-12.2643,146.416,25.2592],[-16.7464,172.003,14.501],[-20.9889,187.144,4.60118],[[[0.879318,0.0641494,-0.471895],[0.312271,0.670469,0.673021],[0.359565,-0.739159,0.569524]],[[0.911846,-0.0127978,-0.410333],[0.402813,0.2208,0.88825],[0.0792336,-0.975235,0.20649]],[[0.911846,-0.0127978,-0.410333],[0.378318,0.414312,0.827781],[0.159412,-0.910045,0.38263]],[[0.911846,-0.0127978,-0.410333],[0.34118,0.579525,0.7401],[0.228326,-0.814854,0.532804]]],2],[313,[-0.0723909,0.927253,-0.367372],31,63.7035,[6.62597,178.172,4.94995],[9.86461,177.716,2.55524],[416.808,12.1224,-164.288],false,[26.9305,50.9206,68.8208],[13.44,97.6399,30.4636],[13.7341,140.797,21.0286],[11.7513,166.194,10.9662],[9.08641,181.963,1.7191],[[[0.896588,-0.0960497,-0.432325],[0.385599,0.649435,0.655399],[0.217816,-0.754327,0.619312]],[[0.897698,-0.0999348,-0.429129],[0.440561,0.188867,0.87763],[-0.00665778,-0.976905,0.213572]],[[0.897698,-0.0999348,-0.429129],[0.434624,0.360854,0.825158],[0.0723909,-0.927253,0.367372]],[[0.897698,-0.0999348,-0.429129],[0.416328,0.511249,0.751861],[0.144255,-0.853602,0.500553]]],3],[314,[0.0628904,0.935501,-0.347682],31,49.9424,[38.2339,154.842,4.23789],[38.9392,153.993,2.42081],[365.518,-67.0374,-116.877],false,[36.8202,46.6687,59.7576],[32.5841,91.2996,24.02],[38.1164,125.085,16.9318],[39.3326,143.176,10.2081],[38.8545,158.18,2.13866],[[[0.839652,-0.288686,-0.460049],[0.538076,0.557378,0.632301],[0.0738852,-0.778454,0.623338]],[[0.833602,-0.240795,-0.497117],[0.529214,0.0903438,0.843665],[-0.158239,-0.966362,0.202743]],[[0.833602,-0.240795,-0.497117],[0.548773,0.258565,0.794979],[-0.0628904,-0.935501,0.347682]],[[0.833602,-0.240795,-0.497117],[0.551652,0.408638,0.727114],[0.0280552,-0.880359,0.473477]]],4]],[[0,200,0],[235.247,235.247,147.751]]],[119149,81036350484,[[31,"right",[-0.270818,0.841492,-0.467492],[-0.24054,-0.52939,-0.813564],[2.45227,77.9701,41.3741],[152.472,58.9086,-74.1475],[-0.760815,76.6784,42.9853],0,0,0.896145,[[0.962876,0.0892765,-0.254753],[-0.0346563,0.976801,0.211325],[0.26771,-0.194651,0.943633]],63.003,[96.4328,-15.8492,319.117],[24.9645,36.1152,67.2035]]],[[310,[-0.430811,0.676497,-0.597289],31,51.5299,[-66.943,90.1306,34.48],[-66.2546,90.1953,34.2227],[148.619,292.193,-22.8513],false,[-2.96098,24.5742,69.8443],[-2.96098,24.5742,69.8443],[-39.5316,55.9481,59.1542],[-54.055,78.7541,39.0185],[-70.6928,93.7106,33.106],[[[0.537372,0.681113,0.49731],[-0.53688,-0.178473,0.824565],[0.650378,-0.710094,0.269769]],[[0.488231,0.731352,0.476188],[-0.461101,-0.247088,0.852252],[0.740957,-0.635666,0.216591]],[[0.488231,0.731352,0.476188],[-0.758968,0.0864681,0.645361],[0.430811,-0.676497,0.597289]],[[0.488231,0.731352,0.476188],[-0.494646,-0.217632,0.841405],[0.718997,-0.646344,0.255506]]],0],[311,[-0.428073,0.793991,-0.431662],31,58.1458,[-58.6496,162.994,13.1503],[-58.6122,162.554,12.0822],[435.94,284.949,-96.7203],false,[6.25726,44.5723,77.8696],[-26.8017,97.232,40.1147],[-41.8555,135.958,31.2734],[-52.0858,154.933,20.9573],[-60.0109,165.762,10.6949],[[[0.87339,0.247634,-0.419365],[0.17506,0.643901,0.744812],[0.454471,-0.723926,0.519026]],[[0.875108,0.244886,-0.417393],[0.329544,0.330057,0.884569],[0.354382,-0.911643,0.208135]],[[0.875108,0.244886,-0.417393],[0.225698,0.556425,0.799657],[0.428073,-0.793991,0.431662]],[[0.875108,0.244886,-0.417393],[0.118788,0.727421,0.675832],[0.469122,-0.641007,0.607482]]],1],[312,[-0.129052,0.913795,-0.385129],31,66.2525,[-16.7619,184.324,6.33858],[-14.4292,184.303,4.68451],[470.291,111.216,-139.707],false,[16.8061,49.0602,73.7702],[-6.02039,100.804,34.2712],[-8.25991,147.376,24.4038],[-11.8884,173.068,13.5753],[-15.6191,188.295,3.60192],[[[0.884035,0.0341304,-0.466174],[0.330132,0.660447,0.674405],[0.330901,-0.750097,0.57259]],[[0.913018,-0.0420632,-0.405745],[0.405204,0.208104,0.890226],[0.0469914,-0.977202,0.207047]],[[0.913018,-0.0420632,-0.405745],[0.386967,0.403992,0.828883],[0.129052,-0.913795,0.385129]],[[0.913018,-0.0420632,-0.405745],[0.355083,0.571543,0.739767],[0.200784,-0.819493,0.536765]]],2],[313,[-0.0396437,0.92873,-0.36863],31,63.7035,[11.7467,178.384,3.80196],[15.1001,177.909,1.83426],[466.772,14.3945,-143.945],false,[27.5171,50.6691,68.2713],[15.8485,97.768,29.781],[17.631,140.886,20.3347],[16.5452,166.324,10.2378],[14.4511,182.157,0.951932],[[[0.895675,-0.12651,-0.426335],[0.402829,0.63695,0.657285],[0.188401,-0.760454,0.621462]],[[0.896497,-0.129863,-0.42359],[0.441208,0.174606,0.880255],[-0.040351,-0.976037,0.21383]],[[0.896497,-0.129863,-0.42359],[0.441272,0.347269,0.827456],[0.0396437,-0.92873,0.36863]],[[0.896497,-0.129863,-0.42359],[0.428303,0.498642,0.7536],[0.113355,-0.857025,0.502652]]],3],[314,[0.0965548,0.931222,-0.351429],31,49.9424,[42.634,154.021,3.37034],[43.411,153.204,1.81904],[406.177,-75.6473,-109.953],false,[37.3179,46.0779,59.2775],[34.8113,90.783,23.4694],[41.5225,124.331,16.2735],[43.3897,142.34,9.47735],[43.4693,157.313,1.33696],[[[0.832507,-0.317165,-0.454245],[0.552287,0.539815,0.635278],[0.0437203,-0.779747,0.624566]],[[0.828507,-0.270865,-0.490111],[0.52605,0.0764448,0.847011],[-0.191959,-0.959577,0.205823]],[[0.828507,-0.270865,-0.490111],[0.551592,0.243839,0.797677],[-0.0965548,-0.931222,0.351429]],[[0.828507,-0.270865,-0.490111],[0.55996,0.393442,0.729142],[-0.00466887,-0.878542,0.477643]]],4]],[[0,200,0],[235.247,235.247,147.751]]],[119150,81036359447,[[31,"right",[-0.239349,0.848985,-0.471101],[-0.250876,-0.522805,-0.8147],[4.23057,78.4611,40.9107],[165.04,57.7784,-68.0062],[0.708792,77.2033,42.3745],0,0,0.902685,[[0.963637,0.0608401,-0.260196],[-0.00701413,0.979159,0.202974],[0.267123,-0.193768,0.943981]],63.003,[96.4625,-15.7849,319.002],[25.151,35.9438,66.9954]]],[[310,[-0.406371,0.691908,-0.596763],31,51.5299,[-64.735,93.1113,33.8521],[-64.086,93.0568,33.4709],[175.456,302.264,-36.0313],false,[-3.15678,25.3235,69.4204],[-3.15678,25.3235,69.4204],[-38.5582,57.9467,58.5361],[-52.2578,81.2723,38.418],[-68.358,96.7881,32.4586],[[[0.555119,0.664183,0.500703],[-0.549262,-0.159339,0.820319],[0.624624,-0.730391,0.276358]],[[0.510045,0.71367,0.480135],[-0.474743,-0.231907,0.849022],[0.717268,-0.66098,0.220527]],[[0.510045,0.71367,0.480135],[-0.758101,0.109263,0.642919],[0.406371,-0.691908,0.596763]],[[0.510045,0.71367,0.480135],[-0.505728,-0.20271,0.838539],[0.695768,-0.67051,0.257532]]],0],[311,[-0.395835,0.810366,-0.431998],31,58.1458,[-53.5955,165.645,12.3506],[-53.6255,165.151,11.2861],[470.144,286.418,-93.8682],false,[6.64103,45.0259,77.4906],[-24.3687,98.6632,39.375],[-37.9653,137.921,30.5174],[-47.4251,157.287,20.1933],[-54.8735,168.438,9.91862],[[[0.884459,0.218266,-0.412422],[0.189738,0.639258,0.745217],[0.426299,-0.737366,0.523985]],[[0.88657,0.214593,-0.409809],[0.333982,0.316035,0.888019],[0.320077,-0.92416,0.208517]],[[0.88657,0.214593,-0.409809],[0.239391,0.545213,0.80339],[0.395835,-0.810366,0.431998]],[[0.88657,0.214593,-0.409809],[0.139982,0.719907,0.679808],[0.440906,-0.660064,0.608209]]],1],[312,[-0.100857,0.914225,-0.392454],31,66.2525,[-11.4186,185.233,5.17514],[-9.15392,185.153,3.81983],[499.704,103.762,-135.685],false,[17.3643,49.16,73.4725],[-3.43406,101.546,33.7002],[-4.23939,148.118,23.6191],[-7.07511,173.823,12.5847],[-10.3312,189.047,2.44265],[[[0.888531,0.00444071,-0.458796],[0.345848,0.650612,0.676087],[0.3015,-0.759397,0.576553]],[[0.913991,-0.0706779,-0.399531],[0.405383,0.200088,0.891981],[0.0168981,-0.977225,0.21153]],[[0.913991,-0.0706779,-0.399531],[0.393,0.398994,0.828465],[0.100857,-0.914225,0.392454]],[[0.913991,-0.0706779,-0.399531],[0.365937,0.568912,0.736498],[0.175244,-0.819356,0.545844]]],2],[313,[-0.00732146,0.928791,-0.370532],31,63.7035,[17.2835,178.443,3.00777],[20.4055,177.884,1.37838],[500.629,9.18246,-119.881],false,[28.1675,50.4089,68.0612],[18.3609,97.7903,29.3985],[21.6014,140.818,19.9277],[21.4009,166.258,9.77876],[19.8744,182.123,0.437218],[[[0.894598,-0.156418,-0.418603],[0.417881,0.624727,0.659615],[0.158337,-0.765016,0.624243]],[[0.895143,-0.159075,-0.416431],[0.439703,0.161358,0.88353],[-0.073353,-0.973991,0.214384]],[[0.895143,-0.159075,-0.416431],[0.44572,0.334728,0.830236],[0.00732146,-0.928791,0.370532]],[[0.895143,-0.159075,-0.416431],[0.438055,0.487053,0.755571],[0.0826317,-0.858763,0.505665]]],3],[314,[0.129876,0.925009,-0.357057],31,49.9424,[47.2656,152.97,2.78986],[47.9758,152.223,1.5183],[434.976,-87.7108,-95.614],false,[37.8881,45.484,59.1572],[37.138,90.1794,23.2575],[45.051,123.445,15.9706],[47.5626,141.333,9.06559],[48.176,156.219,0.790072],[[[0.825485,-0.344967,-0.446734],[0.564272,0.522735,0.639019],[0.0130831,-0.77958,0.626165]],[[0.823489,-0.301202,-0.480773],[0.520229,0.0628207,0.851713],[-0.226335,-0.951489,0.208426]],[[0.823489,-0.301202,-0.480773],[0.552266,0.231592,0.800854],[-0.129876,-0.925009,0.357057]],[[0.823489,-0.301202,-0.480773],[0.566189,0.38256,0.730122],[-0.0359898,-0.873456,0.485571]]],4]],[[0,200,0],[235.247,235.247,147.751]]],[119151,81036367824,[[31,"right",[-0.210817,0.851636,-0.479868],[-0.26628,-0.522368,-0.810078],[6.00745,78.7017,40.5321],[177.198,50.2722,-62.1142],[2.21126,77.6282,41.8521],0,0,0.9109,[[0.9636,0.0283573,-0.265838],[0.0246788,0.980678,0.194065],[0.266205,-0.193562,0.944282]],63.003,[96.5564,-15.8874,319.162],[25.4898,35.7861,67.0744]]],[[310,[-0.384324,0.700561,-0.601256],31,51.5299,[-62.485,95.6348,33.4245],[-61.8509,95.5299,32.9913],[200.135,302.135,-39.7951],false,[-3.15217,26.1145,69.5438],[-3.15217,26.1145,69.5438],[-37.4309,59.8161,58.3554],[-50.3872,83.4333,38.0859],[-65.9684,99.4255,32.0073],[[[0.575509,0.650704,0.495352],[-0.555598,-0.133358,0.820687],[0.600084,-0.747529,0.284781]],[[0.53332,0.700086,0.474814],[-0.482917,-0.208871,0.85039],[0.694522,-0.682827,0.226689]],[[0.53332,0.700086,0.474814],[-0.753568,0.138179,0.642684],[0.384324,-0.700561,0.601256]],[[0.53332,0.700086,0.474814],[-0.512043,-0.179616,0.83997],[0.673336,-0.691099,0.262682]]],0],[311,[-0.365729,0.822253,-0.436054],31,58.1458,[-48.7298,167.68,11.3997],[-48.7499,167.153,10.2848],[500.65,274.551,-99.8177],false,[7.26603,45.5669,77.4417],[-21.9179,99.8053,38.7395],[-34.0814,139.485,29.6814],[-42.8217,159.135,19.2604],[-49.8488,170.502,8.92547],[[[0.89181,0.18538,-0.412686],[0.209079,0.640056,0.739334],[0.401199,-0.745629,0.532049]],[[0.894309,0.180699,-0.40934],[0.343832,0.30791,0.887114],[0.28634,-0.934098,0.213237]],[[0.894309,0.180699,-0.40934],[0.257787,0.539674,0.801435],[0.365729,-0.822253,0.436054]],[[0.894309,0.180699,-0.40934],[0.16487,0.717387,0.676885],[0.415968,-0.672832,0.611774]]],1],[312,[-0.0731552,0.911996,-0.403623],31,66.2525,[-6.34967,185.605,3.75082],[-3.99882,185.385,2.38008],[528.606,83.0882,-148.609],false,[18.125,49.3112,73.4059],[-0.890663,101.951,33.0806],[-0.23815,148.426,22.5471],[-2.29501,174.068,11.1987],[-5.10526,189.232,0.836138],[[[0.889017,-0.0289102,-0.456961],[0.365598,0.645657,0.670422],[0.275658,-0.76308,0.584569]],[[0.911613,-0.102991,-0.397938],[0.410822,0.196038,0.89039],[-0.0136916,-0.975173,0.221022]],[[0.911613,-0.102991,-0.397938],[0.404488,0.397059,0.823853],[0.0731552,-0.911996,0.403623]],[[0.911613,-0.102991,-0.397938],[0.382213,0.568602,0.728426],[0.151247,-0.81614,0.55771]]],2],[313,[0.0218594,0.924194,-0.381298],31,63.7035,[22.4031,177.974,1.81822],[25.393,177.159,0.070844],[524.598,-16.4878,-132.596],false,[28.9726,50.1555,68.0051],[20.7784,97.448,28.8613],[25.3977,140.254,18.9668],[25.9965,165.568,8.52296],[24.9577,181.347,-1.02744],[[[0.889786,-0.189478,-0.415186],[0.436781,0.617287,0.654354],[0.132303,-0.76358,0.632013]],[[0.890153,-0.191618,-0.413413],[0.443502,0.156143,0.882567],[-0.104564,-0.96897,0.223974]],[[0.890153,-0.191618,-0.413413],[0.455137,0.330377,0.826862],[-0.0218594,-0.924194,0.381298]],[[0.890153,-0.191618,-0.413413],[0.452179,0.483429,0.749554],[0.0562281,-0.854154,0.516971]]],3],[314,[0.160159,0.915149,-0.369935],31,49.9424,[51.4697,151.399,1.66041],[52.2016,150.593,0.450009],[453.26,-117.347,-109.413],false,[38.5439,44.8304,59.17],[39.3093,89.1717,22.834],[48.3364,122.062,15.1498],[51.4337,139.76,7.99577],[52.522,154.487,-0.511823],[[[0.814636,-0.375952,-0.44162],[0.579819,0.510399,0.635061],[-0.0133501,-0.773403,0.633774]],[[0.814196,-0.33436,-0.474646],[0.520016,0.0563984,0.852293],[-0.258203,-0.940757,0.219792]],[[0.814196,-0.33436,-0.474646],[0.558063,0.22518,0.798661],[-0.160159,-0.915149,0.369935]],[[0.814196,-0.33436,-0.474646],[0.577068,0.376126,0.724929],[-0.06386,-0.864137,0.499188]]],4]],[[0,200,0],[235.247,235.247,147.751]]],[119152,81036376947,[[31,"right",[-0.179471,0.853054,-0.489989],[-0.281479,-0.521781,-0.805304],[7.77277,78.9606,40.1415],[181.727,44.1934,-56.7539],[3.95267,78.0454,41.3165],0,0,0.919066,[[0.962219,-0.00613881,-0.272208],[0.0584677,0.981082,0.18455],[0.265925,-0.193493,0.944375]],63.003,[96.6539,-15.9628,319.34],[25.6621,35.6926,67.2274]]],[[310,[-0.360394,0.709544,-0.605527],31,51.5299,[-60.1144,98.3927,32.9925],[-59.5314,98.1964,32.4664],[216.027,301.5,-41.7428],false,[-3.30678,27.0482,69.6937],[-3.30678,27.0482,69.6937],[-36.3387,61.8665,58.179],[-48.4883,85.7866,37.7655],[-63.4865,102.275,31.5484],[[[0.596055,0.635812,0.490368],[-0.562704,-0.104886,0.819977],[0.572785,-0.764684,0.295256]],[[0.557449,0.684307,0.470078],[-0.491266,-0.184552,0.851233],[0.669259,-0.705453,0.233298]],[[0.557449,0.684307,0.470078],[-0.747908,0.168137,0.642156],[0.360394,-0.709544,0.605527]],[[0.557449,0.684307,0.470078],[-0.518806,-0.154909,0.84074],[0.648144,-0.712549,0.268669]]],0],[311,[-0.332683,0.833118,-0.441857],31,58.1458,[-43.4476,169.706,10.1813],[-43.5759,169.136,9.05283],[520.407,258.707,-109.257],false,[7.75346,46.2141,77.4171],[-19.3966,100.999,38.0108],[-30.019,141.052,28.6639],[-37.9696,160.962,18.1042],[-44.5236,172.533,7.68553],[[[0.899119,0.149743,-0.411293],[0.228642,0.640589,0.733054],[0.373239,-0.753142,0.541729]],[[0.901868,0.144142,-0.407256],[0.352284,0.300283,0.886412],[0.250061,-0.942896,0.220037]],[[0.901868,0.144142,-0.407256],[0.275602,0.533983,0.799316],[0.332683,-0.833118,0.441857]],[[0.901868,0.144142,-0.407256],[0.190043,0.714213,0.673634],[0.387966,-0.684925,0.616733]]],1],[312,[-0.0418995,0.908878,-0.414951],31,66.2525,[-0.735352,185.787,2.04248],[1.47623,185.497,0.775653],[547.871,63.0199,-159.211],false,[18.7497,49.5344,73.3819],[1.71171,102.351,32.4089],[3.92998,148.645,21.3087],[2.75191,174.199,9.64173],[0.471934,189.321,-0.911739],[[[0.889039,-0.0647998,-0.453223],[0.385496,0.639993,0.664682],[0.246988,-0.765644,0.593958]],[[0.90865,-0.138032,-0.394085],[0.414957,0.193295,0.889071],[-0.0465455,-0.971383,0.232915]],[[0.90865,-0.138032,-0.394085],[0.415452,0.393557,0.820068],[0.0418994,-0.908878,0.414951]],[[0.90865,-0.138032,-0.394085],[0.399122,0.564456,0.722558],[0.122708,-0.81384,0.567985]]],2],[313,[0.0503056,0.915566,-0.399008],31,63.7035,[27.7847,177.026,0.0313494],[30.4566,176.159,-1.53578],[530.467,-45.7775,-154.574],false,[29.6385,49.9419,68.0136],[23.2257,97.0526,28.322],[29.2489,139.533,17.7996],[30.6268,164.611,6.87059],[30.0404,180.189,-3.0424],[[[0.884088,-0.224824,-0.409686],[0.455706,0.608994,0.649198],[0.103541,-0.760645,0.640858]],[[0.884316,-0.226512,-0.408263],[0.446538,0.15497,0.881242],[-0.136343,-0.961601,0.238188]],[[0.884316,-0.226512,-0.408263],[0.464172,0.332312,0.821044],[-0.0503056,-0.915566,0.399008]],[[0.884316,-0.226512,-0.408263],[0.465809,0.487481,0.738501],[0.0317415,-0.84324,0.536599]]],3],[314,[0.1925,0.903873,-0.382044],31,49.9424,[55.9492,149.503,0.49519],[56.5716,148.746,-0.570929],[460.589,-142.354,-113.469],false,[39.0494,44.1903,59.2741],[41.4786,88.0721,22.4566],[51.6995,120.529,14.4312],[55.4222,138.008,7.04292],[57.0135,152.553,-1.69654],[[[0.8026,-0.408862,-0.434357],[0.595011,0.497002,0.631625],[-0.0423707,-0.765389,0.642171]],[[0.803717,-0.368597,-0.467092],[0.518239,0.0479418,0.853891],[-0.292349,-0.928352,0.229553]],[[0.803717,-0.368597,-0.467092],[0.563012,0.21714,0.797413],[-0.1925,-0.903873,0.382044]],[[0.803717,-0.368597,-0.467092],[0.58764,0.368526,0.720325],[-0.093374,-0.853419,0.512793]]],4]],[[0,200,0],[235.247,235.247,147.751]]],[119153,81036385302,[[31,"right",[-0.149756,0.854555,-0.497302],[-0.297253,-0.518618,-0.80167],[9.18846,79.3356,39.73],[178.561,44.3715,-54.8198],[5.51124,78.4295,40.8442],0,0,0