{"metadata":{"formatVersion":2,"generatedBy":"LeapJS Playback 0.2.1","frames":59,"protocolVersion":6,"serviceVersion":"2.2.5+26752","frameRate":"1.1e+2","modified":"Wed Apr 22 2015 20:05:07 GMT-0300 (E. South America Standard Time)"},"frames":[["id","timestamp",{"hands":[["id","type","direction","palmNormal","palmPosition","palmVelocity","stabilizedPalmPosition","pinchStrength","grabStrength","confidence","armBasis","armWidth","elbow","wrist"]]},{"pointables":[["id","direction","handId","length","stabilizedTipPosition","tipPosition","tipVelocity","tool","carpPosition","mcpPosition","pipPosition","dipPosition","btipPosition","bases","type"]]},{"interactionBox":["center","size"]}],[119772,81041839885,[[31,"right",[-0.393634,0.850137,-0.34974],[-0.382242,-0.497375,-0.778787],[-113.094,94.934,29.6511],[114.466,99.2364,-46.9605],[-114.851,93.5806,30.4535],0,0,0.267703,[[0.864338,0.160828,-0.476501],[-0.0255539,0.960308,0.27777],[0.502261,-0.22791,0.834141]],63.003,[49.942,-7.87282,270.41],[-84.1426,52.9706,47.7263]]],[[310,[-0.67686,0.733951,0.0563626],31,51.5299,[-183.154,105.302,68.7454],[-181.09,110.308,67.2616],[128.431,211.021,-61.878],false,[-110.458,39.9102,55.2717],[-110.458,39.9102,55.2717],[-144.817,74.8013,61.4394],[-167.636,99.5442,63.3395],[-184.394,114.201,69.6471],[[[0.601492,0.680318,0.418777],[-0.348265,-0.248472,0.903866],[0.718971,-0.689514,0.087477]],[[0.681113,0.595409,0.426114],[-0.226828,-0.381757,0.895997],[0.696157,-0.70693,-0.124964]],[[0.681113,0.595409,0.426114],[-0.279188,-0.326809,0.902912],[0.67686,-0.733951,-0.0563626]],[[0.681113,0.595409,0.426114],[-0.107602,-0.494262,0.862628],[0.724229,-0.633397,-0.272581]]],0],[311,[-0.660911,0.745685,-0.084557],31,58.1458,[-194.461,172.044,34.1619],[-192.367,173.789,31.6747],[194.752,189.267,-124.639],false,[-100.566,59.8992,62.4752],[-142.703,112.732,35.5593],[-167.513,147.178,37.0973],[-183.308,164.999,35.0765],[-195.399,176.349,31.8556],[[[0.758068,0.313157,-0.572072],[0.299628,0.611886,0.731997],[0.579273,-0.726311,0.37002]],[[0.609442,0.467551,-0.640294],[0.536142,0.351909,0.767276],[0.584066,-0.810899,-0.0362052]],[[0.609442,0.467551,-0.640294],[0.437923,0.47471,0.763461],[0.660911,-0.745685,0.084557]],[[0.609442,0.467551,-0.640294],[0.341032,0.574479,0.744091],[0.715736,-0.671841,0.190662]]],1],[312,[-0.404898,0.897118,-0.176741],31,66.2525,[-159.236,198.843,14.5381],[-158.087,199.328,12.5897],[226.862,135.572,-149.556],false,[-91.2687,65.1237,56.6019],[-123.724,117.652,25.8445],[-139.401,162.474,21.7793],[-150.785,187.698,16.81],[-159.487,203.403,12.0273],[[[0.767099,0.10322,-0.63317],[0.436119,0.639925,0.632689],[0.470488,-0.761473,0.44587]],[[0.7103,0.186883,-0.678638],[0.622311,0.283821,0.729503],[0.328943,-0.94049,0.0852984]],[[0.7103,0.186883,-0.678638],[0.575788,0.400318,0.712891],[0.404898,-0.897118,0.176741]],[[0.7103,0.186883,-0.678638],[0.525505,0.50065,0.687891],[0.468315,-0.845237,0.257403]]],2],[313,[-0.439047,0.845388,-0.304231],31,63.7035,[-137.955,190.397,-3.69524],[-136.466,191.026,-4.48664],[225.813,96.2795,-146.419],false,[-81.99,67.5587,49.1502],[-103.148,115.966,16.8225],[-116.936,157.308,9.59085],[-128.962,180.463,1.25788],[-138.857,194.02,-6.46135],[[[0.7929,-0.0584979,-0.606537],[0.504587,0.621065,0.599726],[0.341616,-0.781573,0.52196]],[[0.701104,0.11061,-0.704428],[0.641121,0.334633,0.69064],[0.312117,-0.935834,0.163698]],[[0.701104,0.11061,-0.704428],[0.561864,0.522574,0.641268],[0.439047,-0.845388,0.304231]],[[0.701104,0.11061,-0.704428],[0.470723,0.67025,0.573746],[0.535605,-0.733846,0.417848]]],3],[314,[-0.297751,0.911826,-0.282698],31,49.9424,[-102.984,172.592,-8.66174],[-101.512,173.032,-9.0625],[208.874,53.6,-123.142],false,[-74.081,63.9478,38.0852],[-85.6354,110.289,6.36755],[-90.3886,144.548,1.26692],[-96.1467,162.182,-4.2001],[-103.479,176.029,-10.9053],[[[0.732765,-0.250372,-0.632748],[0.649954,0.532899,0.541829],[0.201532,-0.80829,0.55322]],[[0.651042,-0.0226314,-0.758704],[0.746766,0.198133,0.634888],[0.135956,-0.979914,0.145894]],[[0.651042,-0.0226314,-0.758704],[0.698204,0.409953,0.586899],[0.297751,-0.911826,0.282698]],[[0.651042,-0.0226314,-0.758704],[0.625325,0.58257,0.519212],[0.430247,-0.812466,0.393429]]],4]],[[0,200,0],[235.247,235.247,147.751]]],[119773,81041848684,[[31,"right",[-0.384043,0.852371,-0.354928],[-0.380858,-0.496422,-0.780072],[-111.286,95.4658,28.8163],[138.972,88.7845,-59.8683],[-113.421,94.3366,29.7969],0,0,0.273085,[[0.865878,0.153772,-0.476035],[-0.0204528,0.96167,0.273444],[0.499836,-0.227033,0.835835]],63.003,[50.6227,-7.29394,270.351],[-82.8146,53.3152,47.2151]]],[[310,[-0.670886,0.739911,0.0494284],31,51.5299,[-181.87,107.315,68.1794],[-179.395,111.533,65.9273],[145.488,191.418,-86.4764],false,[-109.291,40.4961,54.6103],[-109.291,40.4961,54.6103],[-143.395,75.6933,60.4476],[-166.012,100.637,62.1139],[-182.688,115.455,68.2625],[[[0.604169,0.676494,0.421113],[-0.356713,-0.242955,0.902069],[0.712556,-0.695218,0.0945282]],[[0.683174,0.590766,0.429265],[-0.236253,-0.377413,0.895401],[0.690983,-0.71313,-0.118269]],[[0.683174,0.590766,0.429265],[-0.288417,-0.321756,0.901825],[0.670886,-0.739911,-0.0494284]],[[0.683174,0.590766,0.429265],[-0.1179,-0.490887,0.863209],[0.720675,-0.640333,-0.265709]]],0],[311,[-0.654104,0.750885,-0.0912081],31,58.1458,[-192.115,173.626,32.424],[-189.917,174.981,30.0761],[217.159,174.922,-140.367],false,[-99.2832,60.4228,61.8274],[-140.787,113.527,34.4637],[-165.321,148.181,35.7348],[-180.953,166.126,33.555],[-192.927,177.566,30.2185],[[[0.764683,0.305185,-0.567558],[0.299535,0.611481,0.732373],[0.57056,-0.730036,0.376175]],[[0.617734,0.460704,-0.637304],[0.5337,0.349594,0.770031],[0.577554,-0.815804,-0.0299209]],[[0.617734,0.460704,-0.637304],[0.436522,0.473206,0.765196],[0.654104,-0.750885,0.0912081]],[[0.617734,0.460704,-0.637304],[0.340585,0.57373,0.744873],[0.708806,-0.67719,0.197504]]],1],[312,[-0.396033,0.900006,-0.182064],31,66.2525,[-156.569,199.897,12.8712],[-155.271,200.191,11.1528],[251.793,125.202,-153.349],false,[-89.9017,65.5527,56.0055],[-121.7,118.261,24.87],[-136.969,163.201,20.5692],[-148.104,188.506,15.4502],[-156.638,204.271,10.5635],[[[0.772395,0.0950048,-0.627997],[0.436955,0.638097,0.633958],[0.460952,-0.764072,0.45135]],[[0.716637,0.178981,-0.67409],[0.619499,0.280647,0.733116],[0.320395,-0.942976,0.090243]],[[0.716637,0.178981,-0.67409],[0.574099,0.397436,0.71586],[0.396033,-0.900006,0.182064]],[[0.716637,0.178981,-0.67409],[0.524865,0.49808,0.690241],[0.459291,-0.848459,0.263001]]],2],[313,[-0.428949,0.848365,-0.310288],31,63.7035,[-135.215,191.128,-5.17993],[-133.582,191.654,-5.80386],[254.154,89.9103,-147.76],false,[-80.5505,67.8889,48.6129],[-101.075,116.377,15.9992],[-114.446,157.81,8.51177],[-126.195,181.047,0.0128908],[-135.9,194.676,-7.81955],[[[0.796657,-0.0668448,-0.600724],[0.505494,0.618572,0.601536],[0.331381,-0.78288,0.526579]],[[0.707481,0.101932,-0.699343],[0.638641,0.331578,0.694402],[0.302669,-0.937905,0.169487]],[[0.707481,0.101932,-0.699343],[0.56167,0.519505,0.643926],[0.428949,-0.848365,0.310288]],[[0.707481,0.101932,-0.699343],[0.472694,0.66738,0.575468],[0.525386,-0.737708,0.423976]]],3],[314,[-0.287322,0.913575,-0.287796],31,49.9424,[-100.359,172.972,-9.76581],[-98.7444,173.348,-10.051],[238.587,49.1952,-120.003],false,[-72.5938,64.1804,37.6146],[-83.5364,110.525,5.68494],[-87.9081,144.817,0.46855],[-93.4645,162.485,-5.09705],[-100.633,176.364,-11.9114],[[[0.73511,-0.258286,-0.626819],[0.650527,0.529032,0.544921],[0.190862,-0.80834,0.556919]],[[0.656506,-0.0309542,-0.753685],[0.743885,0.192196,0.640075],[0.125043,-0.980868,0.149204]],[[0.656506,-0.0309542,-0.753685],[0.697457,0.40549,0.590874],[0.287322,-0.913575,0.287796]],[[0.656506,-0.0309542,-0.753685],[0.626161,0.57951,0.521624],[0.420622,-0.814377,0.399834]]],4]],[[0,200,0],[235.247,235.247,147.751]]],[119774,81041857289,[[31,"right",[-0.369038,0.854182,-0.366311],[-0.405413,-0.502603,-0.763564],[-109.151,96.7038,28.6095],[167.805,103.345,-50.3955],[-111.71,95.2852,29.3211],0,0,0.273594,[[0.866255,0.120414,-0.484874],[0.0103206,0.966,0.258335],[0.499495,-0.228789,0.83556]],63.003,[51.9339,-6.82948,270.484],[-81.4123,54.2483,47.4213]]],[[310,[-0.6517,0.757159,0.044702],31,51.5299,[-179.717,110.225,67.897],[-176.217,115.201,66.4775],[205.282,253.456,-47.7759],false,[-108.067,42.2345,55.4963],[-108.067,42.2345,55.4963],[-141.204,78.3717,61.1558],[-163.174,103.897,62.6628],[-179.382,119.243,68.7686],[[[0.627139,0.669851,0.397488],[-0.347746,-0.215846,0.912405],[0.696972,-0.71043,0.0975728]],[[0.704302,0.582225,0.406168],[-0.230624,-0.353459,0.906576],[0.671395,-0.732175,-0.114667]],[[0.704302,0.582225,0.406168],[-0.281507,-0.296183,0.912705],[0.6517,-0.757159,-0.044702]],[[0.704302,0.582225,0.406168],[-0.115738,-0.470318,0.874875],[0.700402,-0.663185,-0.26386]]],0],[311,[-0.637191,0.764681,-0.0961867],31,58.1458,[-188.729,176.129,31.2927],[-185.81,178.131,29.4925],[286.405,226.192,-121.346],false,[-97.4638,62.0516,62.1422],[-138.111,115.593,34.3487],[-161.776,150.857,35.2987],[-177.004,169.132,32.9999],[-188.752,180.791,29.62],[[[0.762497,0.274803,-0.585731],[0.326131,0.618634,0.714794],[0.558781,-0.736053,0.382085]],[[0.618144,0.432522,-0.65637],[0.55455,0.351848,0.754107],[0.557111,-0.830137,-0.0223628]],[[0.618144,0.432522,-0.65637],[0.460311,0.47769,0.748282],[0.637191,-0.764681,0.0961867]],[[0.618144,0.432522,-0.65637],[0.366496,0.580115,0.727425],[0.695398,-0.690211,0.200077]]],1],[312,[-0.376953,0.90564,-0.194224],31,66.2525,[-152.929,201.426,11.223],[-150.858,202.106,9.49908],[321.216,150.681,-164.36],false,[-88.057,66.8313,56.0684],[-119.073,119.663,24.3592],[-133.315,164.869,19.3768],[-143.914,190.333,13.9159],[-152.14,206.202,8.84248],[[[0.764136,0.0633178,-0.64194],[0.462534,0.639877,0.613693],[0.449621,-0.765864,0.459666]],[[0.709699,0.147664,-0.688856],[0.637984,0.280053,0.717319],[0.298839,-0.94856,0.104546]],[[0.709699,0.147664,-0.688856],[0.595176,0.397507,0.698394],[0.376953,-0.90564,0.194224]],[[0.709699,0.147664,-0.688856],[0.54801,0.498762,0.671506],[0.442733,-0.854068,0.273049]]],2],[313,[-0.411464,0.852304,-0.322917],31,63.7035,[-131.765,192.026,-6.92641],[-129.586,192.687,-7.7523],[311.38,98.2113,-169.998],false,[-78.7737,68.7875,48.4826],[-98.6472,117.095,15.2046],[-111.061,158.687,6.9858],[-122.331,182.032,-1.85899],[-131.795,195.737,-9.852],[[[0.784916,-0.0984936,-0.611724],[0.530044,0.618025,0.580602],[0.320875,-0.779964,0.537304]],[[0.699575,0.0682392,-0.711294],[0.65699,0.330021,0.677827],[0.280997,-0.941504,0.186042]],[[0.699575,0.0682392,-0.711294],[0.584203,0.518576,0.624328],[0.411464,-0.852304,0.322917]],[[0.699575,0.0682392,-0.711294],[0.498161,0.667066,0.553949],[0.512281,-0.741867,0.432668]]],3],[314,[-0.268977,0.914615,-0.30188],31,49.9424,[-97.3013,173.175,-11.392],[-95.3367,173.456,-12.0504],[280.881,39.8643,-149.009],false,[-71.0893,64.6633,37.4387],[-81.426,110.607,4.73744],[-85.0159,144.889,-1.10372],[-90.2175,162.577,-6.94169],[-97.1484,176.491,-13.9279],[[[0.718338,-0.288857,-0.632892],[0.671926,0.52383,0.523562],[0.180294,-0.801351,0.570377]],[[0.643356,-0.0626345,-0.763001],[0.75865,0.185834,0.624432],[0.10268,-0.980583,0.167075]],[[0.643356,-0.0626345,-0.763001],[0.71676,0.399446,0.571575],[0.268977,-0.914615,0.30188]],[[0.643356,-0.0626345,-0.763001],[0.648623,0.574016,0.499793],[0.40667,-0.816445,0.409923]]],4]],[[0,200,0],[235.247,235.247,147.751]]],[119775,81041866403,[[31,"right",[-0.358652,0.856603,-0.370945],[-0.398029,-0.499782,-0.76928],[-107.061,97.1335,27.3798],[184.869,87.7461,-73.8562],[-109.758,96.0615,28.5058],0,0,0.275,[[0.86807,0.117952,-0.482225],[0.0106725,0.966706,0.255667],[0.496326,-0.227084,0.83791]],63.003,[52.6521,-6.12389,270.241],[-79.8481,54.4988,46.5506]]],[[310,[-0.647332,0.761354,0.0360608],31,51.5299,[-177.429,112.738,66.8411],[-174.503,116.052,64.3582],[200.033,208.709,-99.2605],false,[-106.685,42.6484,54.254],[-106.685,42.6484,54.254],[-139.666,78.9927,59.486],[-161.489,104.659,60.7017],[-177.679,120.107,66.5931],[[[0.625791,0.665779,0.406354],[-0.361561,-0.214013,0.907453],[0.691129,-0.714798,0.106793]],[[0.702408,0.577507,0.416063],[-0.245157,-0.352482,0.903136],[0.668222,-0.73637,-0.106006]],[[0.702408,0.577507,0.416063],[-0.295946,-0.29466,0.908621],[0.647332,-0.761354,-0.0360608]],[[0.702408,0.577507,0.416063],[-0.130719,-0.469936,0.872968],[0.699668,-0.667567,-0.254596]]],0],[311,[-0.631084,0.768653,-0.104427],31,58.1458,[-185.671,177.807,29.4714],[-183.222,179.036,27.2697],[285.417,190.978,-155.754],false,[-96.051,62.3966,61.0537],[-135.979,116.201,32.7301],[-159.436,151.61,33.3777],[-174.518,169.98,30.8821],[-186.146,181.714,27.3488],[[[0.772154,0.270262,-0.575098],[0.320148,0.616323,0.71948],[0.548894,-0.739666,0.389372]],[[0.629676,0.428989,-0.64767],[0.546415,0.348051,0.761769],[0.552213,-0.833564,-0.0152469]],[[0.629676,0.428989,-0.64767],[0.453035,0.474489,0.754731],[0.631084,-0.768653,0.104427]],[[0.629676,0.428989,-0.64767],[0.360136,0.577514,0.732652],[0.688338,-0.694583,0.209152]]],1],[312,[-0.368506,0.908102,-0.198884],31,66.2525,[-149.555,202.504,9.4755],[-147.831,202.81,7.7587],[323.934,130.024,-171.651],false,[-86.5322,67.1197,55.1115],[-116.781,120.155,23.0044],[-130.668,165.453,17.8499],[-141.029,190.986,12.2579],[-149.084,206.909,7.08133],[[[0.773245,0.0587908,-0.631376],[0.458054,0.636752,0.620269],[0.438496,-0.768824,0.465436]],[[0.719999,0.143469,-0.678983],[0.629837,0.275721,0.726143],[0.291389,-0.950471,0.108156]],[[0.719999,0.143469,-0.678983],[0.588052,0.393405,0.706701],[0.368506,-0.908102,0.198884]],[[0.719999,0.143469,-0.678983],[0.54192,0.494935,0.679236],[0.433502,-0.857004,0.278604]]],2],[313,[-0.399101,0.855462,-0.330005],31,63.7035,[-128.34,192.743,-8.66309],[-126.306,193.258,-9.38003],[326.568,88.8709,-174.382],false,[-77.1338,69.0208,47.6546],[-96.2478,117.463,14.1294],[-108.271,159.105,5.58399],[-119.203,182.536,-3.45493],[-128.396,196.351,-11.5744],[[[0.792601,-0.103158,-0.600952],[0.525873,0.614492,0.588096],[0.308613,-0.782149,0.541295]],[[0.711167,0.0616276,-0.700316],[0.648202,0.328169,0.687124],[0.272168,-0.942607,0.193436]],[[0.711167,0.0616276,-0.700316],[0.578757,0.514186,0.632972],[0.399101,-0.855462,0.330005]],[[0.711167,0.0616276,-0.700316],[0.496612,0.661055,0.562479],[0.497612,-0.747802,0.439516]]],3],[314,[-0.258203,0.916603,-0.305238],31,49.9424,[-94.0872,173.491,-12.6531],[-92.1816,173.813,-13.0641],[300.077,40.0499,-138.353],false,[-69.3245,64.8529,36.7152],[-78.9255,110.872,3.89636],[-82.1845,145.183,-1.97546],[-87.1778,162.909,-7.87838],[-93.913,176.872,-14.9574],[[[0.725134,-0.293095,-0.623118],[0.667935,0.519435,0.532963],[0.167461,-0.802672,0.572428]],[[0.653594,-0.0669351,-0.753879],[0.751082,0.180048,0.635183],[0.0932182,-0.981378,0.167952]],[[0.653594,-0.0669351,-0.753879],[0.711439,0.394156,0.581804],[0.258203,-0.916603,0.305238]],[[0.653594,-0.0669351,-0.753879],[0.645476,0.569406,0.509055],[0.39519,-0.819327,0.415365]]],4]],[[0,200,0],[235.247,235.247,147.751]]],[119776,81041874660,[[31,"right",[-0.345142,0.857314,-0.381957],[-0.387257,-0.50079,-0.774107],[-105.355,97.6756,26.0002],[190.426,82.1103,-97.6372],[-108.07,96.6802,27.5453],0,0,0.277986,[[0.869541,0.112752,-0.480818],[0.014579,0.967304,0.253199],[0.493646,-0.227177,0.839467]],63.003,[52.9553,-5.70813,270.001],[-78.8294,54.9395,45.8953]]],[[310,[-0.641967,0.766472,0.019974],31,51.5299,[-175.712,114.611,65.2357],[-173.318,117.303,61.6277],[185.061,193.95,-158.469],false,[-105.895,43.3295,53.1515],[-105.895,43.3295,53.1515],[-138.689,79.9479,57.5872],[-160.331,105.787,58.2605],[-176.509,121.388,63.769],[[[0.623047,0.6632,0.414703],[-0.380162,-0.2066,0.901551],[0.683586,-0.719362,0.123402]],[[0.698909,0.574269,0.426312],[-0.264682,-0.346066,0.900101],[0.664432,-0.741925,-0.08987]],[[0.698909,0.574269,0.426312],[-0.315286,-0.287638,0.904356],[0.641967,-0.766472,-0.019974]],[[0.698909,0.574269,0.426312],[-0.150708,-0.464431,0.872692],[0.699152,-0.67418,-0.238048]]],0],[311,[-0.623236,0.772763,-0.12006],31,58.1458,[-183.302,179.022,27.0966],[-180.886,180.14,24.0601],[284.349,176.567,-215.598],false,[-95.2421,63.0329,60.0506],[-134.223,116.986,30.7085],[-157.422,152.57,30.7406],[-172.316,171.038,27.8714],[-183.788,182.84,24.0623],[[[0.784846,0.261513,-0.561808],[0.311207,0.617648,0.722262],[0.53588,-0.741702,0.403373]],[[0.64488,0.420995,-0.637882],[0.534674,0.347875,0.770134],[0.546125,-0.837703,-0.000757371]],[[0.64488,0.420995,-0.637882],[0.442387,0.474975,0.760718],[0.623236,-0.772763,0.12006]],[[0.64488,0.420995,-0.637882],[0.350682,0.578581,0.736387],[0.679081,-0.698575,0.22548]]],1],[312,[-0.357752,0.909826,-0.210307],31,66.2525,[-146.75,203.304,7.39184],[-144.937,203.558,5.09119],[330.319,119.761,-210.154],false,[-85.5779,67.6541,54.265],[-114.817,120.746,21.3263],[-128.259,166.12,15.6842],[-138.318,191.701,9.77112],[-146.152,207.658,4.36496],[[[0.785399,0.0497506,-0.616987],[0.451104,0.636534,0.625564],[0.423855,-0.769643,0.47749]],[[0.733712,0.134555,-0.666005],[0.61815,0.274715,0.736493],[0.28206,-0.952064,0.118387]],[[0.733712,0.134555,-0.666005],[0.577651,0.39257,0.715687],[0.357752,-0.909826,0.210307]],[[0.733712,0.134555,-0.666005],[0.532836,0.494272,0.686863],[0.421608,-0.858831,0.290958]]],2],[313,[-0.382604,0.85815,-0.342335],31,63.7035,[-125.244,193.316,-10.6062],[-123.03,193.792,-11.7118],[347.139,83.9103,-202.768],false,[-76.0268,69.4464,46.9769],[-94.1411,117.855,12.8534],[-105.638,159.523,3.72848],[-116.117,183.027,-5.64817],[-124.951,196.949,-13.9825],[[[0.802957,-0.112178,-0.585386],[0.519346,0.613603,0.594787],[0.292472,-0.781606,0.550956]],[[0.7261,0.0501661,-0.685757],[0.636438,0.328441,0.697906],[0.260242,-0.943191,0.206554]],[[0.7261,0.0501661,-0.685757],[0.571308,0.510942,0.642296],[0.382604,-0.85815,0.342335]],[[0.7261,0.0501661,-0.685757],[0.494125,0.655465,0.571145],[0.478142,-0.753557,0.451145]]],3],[314,[-0.244532,0.917024,-0.315074],31,49.9424,[-91.1528,173.73,-13.9852],[-89.1114,174.029,-14.5726],[319.357,36.7551,-149.841],false,[-68.045,65.1637,36.2078],[-76.6798,111.082,2.98188],[-79.5476,145.383,-3.14549],[-84.2765,163.117,-9.23862],[-90.7514,177.101,-16.5176],[[[0.734488,-0.301719,-0.607859],[0.661698,0.517205,0.542821],[0.150609,-0.800915,0.579528]],[[0.667449,-0.0765162,-0.740714],[0.740124,0.177737,0.648557],[0.0820269,-0.981099,0.175262]],[[0.667449,-0.0765162,-0.740714],[0.703361,0.391424,0.593356],[0.244532,-0.917024,0.315074]],[[0.667449,-0.0765162,-0.740714],[0.640449,0.566477,0.518584],[0.379917,-0.820518,0.427099]]],4]],[[0,200,0],[235.247,235.247,147.751]]],[119777,81041883343,[[31,"right",[-0.323441,0.856622,-0.401977],[-0.416346,-0.510314,-0.752487],[-103.433,99.3102,26.2783],[198.661,110.381,-63.1037],[-106.154,97.7672,27.0217],0,0,0.284545,[[0.867029,0.0681642,-0.493574],[0.0577936,0.970154,0.235503],[0.494895,-0.232714,0.837211]],63.003,[54.1371,-5.7998,270.526],[-77.9811,56.3259,47.0229]]],[[310,[-0.616078,0.787653,0.00711338],31,51.5299,[-172.928,118.271,64.3333],[-170.092,122.229,62.3974],[235.47,293.442,-93.7901],false,[-105.284,45.8353,55.053],[-105.284,45.8353,55.053],[-136.784,83.6349,58.9176],[-157.554,110.188,59.1574],[-173.118,126.473,64.4526],[[[0.651206,0.654185,0.384672],[-0.371435,-0.167273,0.913267],[0.66179,-0.737606,0.134058]],[[0.724423,0.56303,0.397754],[-0.260539,-0.310578,0.914145],[0.638225,-0.765858,-0.078299]],[[0.724423,0.56303,0.397754],[-0.309287,-0.250201,0.917464],[0.616078,-0.787653,-0.00711338]],[[0.724423,0.56303,0.397754],[-0.151075,-0.433301,0.888497],[0.672598,-0.703738,-0.228833]]],0],[311,[-0.599731,0.789045,-0.133156],31,58.1458,[-179.578,181.835,25.3742],[-176.267,184.132,23.0836],[350.811,253.015,-188.282],false,[-93.8807,65.3707,61.1878],[-131.574,119.694,30.8629],[-153.599,156.01,30.2013],[-167.932,174.867,27.0191],[-179.077,186.924,23.0422],[[[0.783361,0.218773,-0.581793],[0.343277,0.628042,0.698373],[0.518176,-0.746794,0.416884]],[[0.647319,0.38056,-0.660418],[0.558686,0.352511,0.750737],[0.518505,-0.854933,0.0155737]],[[0.647319,0.38056,-0.660418],[0.470426,0.482267,0.738998],[0.599731,-0.789045,0.133156]],[[0.647319,0.38056,-0.660418],[0.381728,0.588094,0.713042],[0.659743,-0.713666,0.235414]]],1],[312,[-0.331349,0.914607,-0.231736],31,66.2525,[-142.637,204.903,5.15754],[-139.882,205.789,2.84314],[397.928,156.006,-223.984],false,[-84.1701,69.4976,55.1134],[-112.216,122.533,21.0651],[-124.265,168.141,14.2803],[-133.581,193.857,7.76469],[-140.979,209.9,2.00889],[[[0.776091,0.00557424,-0.630596],[0.482065,0.639438,0.598943],[0.406566,-0.768822,0.493575]],[[0.726386,0.0905373,-0.681298],[0.639102,0.27565,0.718029],[0.252808,-0.956985,0.142366]],[[0.726386,0.0905373,-0.681298],[0.602139,0.394077,0.694357],[0.331349,-0.914607,0.231736]],[[0.726386,0.0905373,-0.681298],[0.560204,0.496285,0.663229],[0.398165,-0.863426,0.309775]]],2],[313,[-0.358247,0.859652,-0.364222],31,63.7035,[-121.318,194.118,-12.92],[-118.531,194.777,-14.2132],[393.219,91.2206,-227.684],false,[-74.6899,70.7578,47.6241],[-91.7915,118.712,12.3555],[-102.082,160.402,1.97775],[-111.895,183.948,-7.99839],[-120.346,197.929,-16.622],[[[0.788899,-0.155845,-0.594434],[0.548996,0.613368,0.567788],[0.27612,-0.774269,0.569443]],[[0.717018,0.00347895,-0.697046],[0.656977,0.330814,0.677453],[0.232949,-0.94369,0.234914]],[[0.717018,0.00347895,-0.697046],[0.59795,0.510868,0.617633],[0.358247,-0.859652,0.364222]],[[0.717018,0.00347895,-0.697046],[0.525932,0.653584,0.544264],[0.457472,-0.756846,0.466802]]],3],[314,[-0.217944,0.915493,-0.338191],31,49.9424,[-87.6548,173.736,-15.8893],[-85.3454,173.868,-16.8314],[350.891,22.5271,-178.643],false,[-67.0344,65.8983,36.8629],[-74.7287,111.078,2.41563],[-76.5556,145.257,-4.70915],[-80.7703,162.962,-11.2493],[-86.8622,176.959,-18.8262],[[[0.713927,-0.3436,-0.61012],[0.687239,0.510831,0.516483],[0.134205,-0.78803,0.600831]],[[0.652319,-0.121102,-0.748207],[0.756141,0.172032,0.631392],[0.0522529,-0.977619,0.20379]],[[0.652319,-0.121102,-0.748207],[0.725934,0.383676,0.5708],[0.217944,-0.915493,0.338191]],[[0.652319,-0.121102,-0.748207],[0.668365,0.557449,0.492482],[0.357447,-0.821331,0.444575]]],4]],[[0,200,0],[235.247,235.247,147.751]]],[119778,81041891998,[[31,"right",[-0.298789,0.861464,-0.410614],[-0.460053,-0.506996,-0.728908],[-101.051,100.98,26.6115],[218.996,132.295,-36.1194],[-103.893,99.1906,26.8399],0,0,0.289469,[[0.862408,0.0169029,-0.505931],[0.105276,0.971602,0.211914],[0.495146,-0.236018,0.836138]],63.003,[55.3538,-5.64058,270.737],[-76.8312,57.3673,47.5198]]],[[310,[-0.581486,0.813515,0.00817834],31,51.5299,[-168.332,123.856,64.7056],[-165.543,127.481,64.1818],[313.728,376.264,-15.3324],false,[-104.301,48.2244,56.5666],[-104.301,48.2244,56.5666],[-134.035,87.4166,60.5472],[-153.638,114.842,60.8229],[-168.329,131.886,66.2212],[[[0.689628,0.633194,0.351396],[-0.350546,-0.13271,0.927095],[0.633665,-0.762531,0.130443]],[[0.759367,0.539119,0.364298],[-0.245799,-0.280715,0.927784],[0.602449,-0.794072,-0.0806506]],[[0.759367,0.539119,0.364298],[-0.291953,-0.218045,0.931246],[0.581486,-0.813515,-0.00817834]],[[0.759367,0.539119,0.364298],[-0.142561,-0.408428,0.901589],[0.634853,-0.736572,-0.233289]]],0],[311,[-0.56952,0.811254,-0.13234],31,58.1458,[-174.338,185.871,24.9371],[-170.292,188.773,23.747],[441.9,329.09,-117.993],false,[-91.8998,67.3711,61.946],[-128.152,122.643,31.5782],[-148.629,159.852,30.7876],[-162.24,179.24,27.6249],[-172.979,191.681,23.7196],[[[0.774071,0.173117,-0.60897],[0.390445,0.626643,0.674441],[0.498364,-0.759835,0.417473]],[[0.642633,0.339064,-0.687065],[0.595518,0.343166,0.726358],[0.482059,-0.875941,0.0186112]],[[0.642633,0.339064,-0.687065],[0.512512,0.476343,0.714442],[0.56952,-0.811254,0.13234]],[[0.642633,0.339064,-0.687065],[0.427625,0.585352,0.68884],[0.635735,-0.736477,0.231175]]],1],[312,[-0.299017,0.923199,-0.241438],31,66.2525,[-137.204,207.123,3.62705],[-133.629,208.44,1.98442],[484.905,195.314,-191.814],false,[-82.2102,70.9533,55.5037],[-108.995,124.449,21.1608],[-119.295,170.388,13.757],[-127.702,196.345,6.96867],[-134.581,212.573,1.09049],[[[0.756306,-0.0405121,-0.652963],[0.526537,0.630055,0.57078],[0.388279,-0.775493,0.497845]],[[0.708756,0.045451,-0.703988],[0.671533,0.262254,0.693012],[0.216122,-0.963928,0.155352]],[[0.708756,0.045451,-0.703988],[0.638948,0.381625,0.667913],[0.299017,-0.923199,0.241438]],[[0.708756,0.045451,-0.703988],[0.600488,0.48487,0.635858],[0.370243,-0.873404,0.316362]]],2],[313,[-0.331008,0.86466,-0.377884],31,63.7035,[-116.644,195.152,-14.9191],[-113.243,196.053,-15.8513],[450.83,104.374,-222.04],false,[-72.9147,71.6536,47.7155],[-89.0217,119.579,11.9424],[-97.848,161.372,0.671054],[-106.914,185.055,-9.67929],[-114.976,199.181,-18.4403],[[[0.763342,-0.201571,-0.613741],[0.591335,0.600508,0.538249],[0.260061,-0.773795,0.577589]],[[0.697373,-0.0456211,-0.715255],[0.688297,0.320832,0.650626],[0.199794,-0.946037,0.255141]],[[0.697373,-0.0456211,-0.715255],[0.635692,0.500281,0.58789],[0.331008,-0.86466,0.377884]],[[0.697373,-0.0456211,-0.715255],[0.568546,0.642843,0.51333],[0.436378,-0.764638,0.474239]]],3],[314,[-0.18796,0.917171,-0.351382],31,49.9424,[-83.7402,173.706,-17.6971],[-81.0989,173.807,-18.6201],[388.328,14.9138,-185.961],false,[-65.7993,66.2535,36.8419],[-72.6046,111.019,1.67429],[-73.1894,145.088,-6.15197],[-76.8243,162.825,-12.9472],[-82.5125,176.931,-20.6367],[[[0.680042,-0.386207,-0.623208],[0.723501,0.491108,0.485138],[0.118699,-0.780805,0.613395]],[[0.624022,-0.164755,-0.76384],[0.781228,0.152468,0.60534],[0.0167278,-0.974479,0.223855]],[[0.624022,-0.164755,-0.76384],[0.758464,0.362841,0.541367],[0.18796,-0.917171,0.351382]],[[0.624022,-0.164755,-0.76384],[0.706544,0.536485,0.461497],[0.333755,-0.827671,0.451185]]],4]],[[0,200,0],[235.247,235.247,147.751]]],[119779,81041900611,[[31,"right",[-0.278329,0.863117,-0.421381],[-0.468622,-0.504986,-0.724833],[-98.8242,101.349,25.6241],[229.458,108.646,-56.8876],[-101.532,100.196,26.2735],0,0,0.294766,[[0.860081,-0.00554655,-0.510127],[0.123202,0.972602,0.197146],[0.495057,-0.23241,0.8372]],63.003,[56.5186,-4.59036,270.611],[-75.6428,57.4544,47.1108]]],[[310,[-0.563289,0.826254,-0.00316172],31,51.5299,[-164.4,127.929,63.9017],[-162.827,129.7,62.6754],[314.219,344.588,-57.9928],false,[-103.338,49.0211,56.1593],[-103.338,49.0211,56.1593],[-132.21,88.903,59.5971],[-151.2,116.758,59.4906],[-165.527,134.183,64.6436],[[[0.70221,0.621815,0.346767],[-0.356548,-0.114447,0.927241],[0.616258,-0.774757,0.141341]],[[0.769897,0.52625,0.360999],[-0.255048,-0.264806,0.929961],[0.584986,-0.808046,-0.0696546]],[[0.769897,0.52625,0.360999],[-0.299941,-0.200912,0.932561],[0.563289,-0.826254,0.00316172]],[[0.769897,0.52625,0.360999],[-0.154658,-0.394957,0.905588],[0.619144,-0.753041,-0.222687]]],0],[311,[-0.551087,0.822027,-0.143443],31,58.1458,[-169.553,188.735,23.4194],[-166.108,190.607,21.5347],[453.511,298.77,-155.02],false,[-90.5365,67.9501,61.3681],[-125.458,123.658,30.2472],[-145.108,161.297,28.9676],[-158.278,180.942,25.5396],[-168.729,193.572,21.4568],[[[0.779773,0.149132,-0.608042],[0.401855,0.62551,0.668768],[0.480071,-0.765831,0.427826]],[[0.652225,0.317107,-0.68851],[0.600507,0.338149,0.724601],[0.462595,-0.886058,0.0301238]],[[0.652225,0.317107,-0.68851],[0.520487,0.472985,0.7109],[0.551087,-0.822027,0.143443]],[[0.652225,0.317107,-0.68851],[0.438096,0.583547,0.683772],[0.618607,-0.747607,0.241681]]],1],[312,[-0.277688,0.926797,-0.252858],31,66.2525,[-132.121,208.542,1.63075],[-128.93,209.221,-0.322235],[501.015,167.238,-212.118],false,[-80.7483,71.245,54.9214],[-106.23,124.924,19.8804],[-115.487,170.993,11.9236],[-123.295,197.051,4.81417],[-129.793,213.36,-1.2702],[[[0.757454,-0.0645398,-0.64969],[0.538341,0.624752,0.565574],[0.369393,-0.778151,0.507966]],[[0.711996,0.0218452,-0.701844],[0.674785,0.255195,0.692489],[0.194234,-0.966643,0.166957]],[[0.711996,0.0218452,-0.701844],[0.644943,0.374927,0.665941],[0.277688,-0.926797,0.252858]],[[0.711996,0.0218452,-0.701844],[0.608898,0.4786,0.632602],[0.349722,-0.877761,0.327459]]],2],[313,[-0.306785,0.864862,-0.397363],31,63.7035,[-112,195.545,-17.3658],[-108.566,196.023,-18.5198],[477.52,74.29,-250.935],false,[-71.4131,71.6523,47.1599],[-86.3378,119.511,10.7906],[-94.0929,161.26,-1.3959],[-102.496,184.949,-12.2798],[-110.124,199.108,-21.3691],[[[0.760806,-0.225259,-0.608632],[0.602584,0.59342,0.533616],[0.240973,-0.772729,0.587215]],[[0.702073,-0.0762564,-0.70801],[0.690129,0.31796,0.650095],[0.175545,-0.945032,0.275858]],[[0.702073,-0.0762564,-0.70801],[0.642633,0.496185,0.583802],[0.306785,-0.864862,0.397363]],[[0.702073,-0.0762564,-0.70801],[0.580159,0.637787,0.5066],[0.412928,-0.766428,0.492014]]],3],[314,[-0.165961,0.916925,-0.362914],31,49.9424,[-79.8158,173.327,-19.4698],[-77.11,173.194,-20.3902],[408.374,-7.81321,-191.446],false,[-64.3813,65.9741,36.374],[-70.0784,110.477,0.679806],[-69.8937,144.451,-7.56948],[-73.1032,162.183,-14.5878],[-78.4325,176.329,-22.4587],[[[0.67349,-0.408113,-0.616324],[0.732487,0.480544,0.482224],[0.0993689,-0.776222,0.622579]],[[0.623057,-0.187758,-0.759306],[0.782158,0.143001,0.606448],[-0.00528356,-0.97175,0.235954]],[[0.623057,-0.187758,-0.759306],[0.764367,0.352131,0.540136],[0.165961,-0.916925,0.362914]],[[0.623057,-0.187758,-0.759306],[0.716949,0.525187,0.458435],[0.312703,-0.830016,0.461834]]],4]],[[0,200,0],[235.247,235.247,147.751]]],[119780,81041909308,[[31,"right",[-0.261415,0.861248,-0.435792],[-0.438319,-0.508178,-0.741372],[-96.2299,100.628,23.0564],[247.819,57.5482,-120.455],[-99.0335,100.399,24.7577],0,0,0.301819,[[0.860675,0.00246848,-0.509148],[0.112179,0.974496,0.194354],[0.496643,-0.224391,0.838448]],63.003,[58.6661,-3.06876,269.478],[-73.9185,56.8352,45.6446]]],[[310,[-0.563048,0.825899,-0.0294577],31,51.5299,[-162.367,128.945,60.3265],[-161.693,129.086,57.3693],[264.002,233.814,-204.922],false,[-101.955,48.416,53.5877],[-101.955,48.416,53.5877],[-130.964,88.2912,55.694],[-149.945,116.134,54.7009],[-164.479,133.57,59.1968],[[[0.687081,0.623708,0.372704],[-0.394051,-0.111095,0.91235],[0.610445,-0.773723,0.169441]],[[0.754267,0.528126,0.390083],[-0.292613,-0.261464,0.91979],[0.587758,-0.80791,-0.0426769]],[[0.754267,0.528126,0.390083],[-0.337726,-0.197416,0.920309],[0.563048,-0.825899,0.0294577]],[[0.754267,0.528126,0.390083],[-0.191323,-0.391544,0.900049],[0.628074,-0.753509,-0.194286]]],0],[311,[-0.545311,0.821029,-0.168961],31,58.1458,[-166.128,189.393,19.5715],[-163.35,189.817,15.8877],[416.13,194.944,-287.397],false,[-89.3885,67.3751,59.2403],[-123.044,122.934,26.5001],[-142.65,160.552,24.2755],[-155.682,180.173,20.2376],[-165.965,192.779,15.6833],[[[0.803864,0.147355,-0.576272],[0.373823,0.62843,0.682152],[0.462665,-0.763781,0.450088]],[[0.679544,0.314987,-0.662574],[0.570259,0.341396,0.747164],[0.461547,-0.885569,0.0523695]],[[0.679544,0.314987,-0.662574],[0.490771,0.476125,0.729691],[0.545311,-0.821029,0.168961]],[[0.679544,0.314987,-0.662574],[0.409476,0.586526,0.698797],[0.608728,-0.746171,0.26959]]],1],[312,[-0.267615,0.925626,-0.267579],31,66.2525,[-127.978,208.668,-1.5357],[-125.305,208.381,-4.5137],[477.804,96.8211,-283.486],false,[-79.3472,70.6524,53.1858],[-103.409,124.174,16.9223],[-112.359,170.205,8.41426],[-119.883,196.23,0.8909],[-126.136,212.512,-5.5166],[[[0.783396,-0.0664951,-0.617955],[0.514411,0.627374,0.584622],[0.348814,-0.775874,0.525688]],[[0.740063,0.0196319,-0.672251],[0.645789,0.258358,0.718476],[0.187786,-0.96585,0.178523]],[[0.740063,0.0196319,-0.672251],[0.617,0.37793,0.690275],[0.267615,-0.925626,0.267579]],[[0.740063,0.0196319,-0.672251],[0.582303,0.481421,0.655101],[0.336497,-0.87627,0.34485]]],2],[313,[-0.287388,0.862443,-0.416654],31,63.7035,[-107.473,195.186,-20.4002],[-104.025,195.063,-22.1157],[492.465,24.9819,-295.352],false,[-69.7031,71.0365,45.8105],[-83.1592,118.742,8.67386],[-90.3268,160.395,-4.17792],[-98.1984,184.018,-15.5902],[-105.381,198.137,-25.0957],[[[0.785166,-0.22705,-0.576162],[0.579924,0.595967,0.555438],[0.217261,-0.770241,0.599605]],[[0.73228,-0.0825577,-0.67598],[0.661393,0.322709,0.677066],[0.162248,-0.942891,0.290917]],[[0.73228,-0.0825577,-0.67598],[0.617393,0.499376,0.607824],[0.287388,-0.862443,0.416654]],[[0.73228,-0.0825577,-0.67598],[0.559094,0.63962,0.527542],[0.388818,-0.764245,0.514539]]],3],[314,[-0.151042,0.91479,-0.374628],31,49.9424,[-75.5888,172.624,-21.4152],[-72.6981,172.281,-22.4113],[435.295,-33.8993,-203.581],false,[-62.2331,65.3216,35.3432],[-66.4949,109.68,-0.728864],[-66.0175,143.6,-9.18677],[-68.9385,161.291,-16.4316],[-73.9239,175.402,-24.5843],[[[0.698349,-0.41,-0.586693],[0.711887,0.482991,0.509839],[0.0743334,-0.773705,0.62917]],[[0.654089,-0.191664,-0.731732],[0.756294,0.148248,0.637214],[-0.013653,-0.9702,0.241922]],[[0.654089,-0.191664,-0.731732],[0.741184,0.355562,0.569405],[0.151042,-0.91479,0.374628]],[[0.654089,-0.191664,-0.731732],[0.697566,0.526939,0.485527],[0.29252,-0.82801,0.478363]]],4]],[[0,200,0],[235.247,235.247,147.751]]],[119781,81041917960,[[31,"right",[-0.240784,0.859679,-0.450528],[-0.430021,-0.51063,-0.744539],[-94.266,100.728,21.7777],[242.287,45.3582,-127.713],[-96.8198,100.552,23.374],0,0,0.305027,[[0.85606,-0.00823057,-0.516812],[0.119369,0.975992,0.182182],[0.502905,-0.21765,0.83649]],63.003,[61.2413,-1.20411,268.611],[-73.0151,56.9001,45.2998]]],[[310,[-0.550926,0.833047,-0.0501252],31,51.5299,[-160.691,130.089,57.3857],[-160.006,130.457,54.4445],[245.238,213.668,-240.42],false,[-101.319,48.9464,52.7595],[-101.319,48.9464,52.7595],[-129.817,89.2289,53.8386],[-148.39,117.313,52.1488],[-162.772,134.993,56.1543],[[[0.687771,0.618653,0.379789],[-0.413984,-0.0955011,0.905261],[0.596312,-0.779839,0.19043]],[[0.753356,0.522268,0.399614],[-0.314732,-0.247211,0.916423],[0.577407,-0.816164,-0.0218633]],[[0.753356,0.522268,0.399614],[-0.359076,-0.182395,0.915312],[0.550926,-0.833047,0.0501252]],[[0.753356,0.522268,0.399614],[-0.214922,-0.378764,0.900192],[0.621501,-0.764051,-0.173097]]],0],[311,[-0.530605,0.82627,-0.18904],31,58.1458,[-162.983,190.146,16.0907],[-160.014,190.72,12.2685],[407.58,171.251,-322.581],false,[-88.6136,67.7987,58.4588],[-120.839,123.428,24.4255],[-139.884,161.277,21.3895],[-152.565,181.023,16.8717],[-162.582,193.713,11.9705],[[[0.817337,0.130084,-0.561283],[0.368381,0.631056,0.682689],[0.443008,-0.764753,0.467865]],[[0.697026,0.298441,-0.651987],[0.55959,0.342133,0.754854],[0.448346,-0.890998,0.0714704]],[[0.697026,0.298441,-0.651987],[0.4823,0.477714,0.734286],[0.530605,-0.82627,0.18904]],[[0.697026,0.298441,-0.651987],[0.403143,0.588843,0.700529],[0.592985,-0.751131,0.290124]]],1],[312,[-0.249451,0.926069,-0.283143],31,66.2525,[-124.078,208.807,-4.50973],[-121.297,208.548,-7.56048],[473.621,76.0393,-301.606],false,[-78.4078,70.873,52.5754],[-100.999,124.298,15.2385],[-109.145,170.346,6.04325],[-116.159,196.383,-1.91772],[-122.056,212.675,-8.62981],[[[0.794818,-0.0839317,-0.601015],[0.510895,0.62702,0.588075],[0.32749,-0.774468,0.541247]],[[0.75378,0.00212926,-0.657123],[0.634506,0.257759,0.728672],[0.170931,-0.966207,0.192943]],[[0.75378,0.00212926,-0.657123],[0.607939,0.377348,0.698584],[0.249451,-0.926069,0.283143]],[[0.75378,0.00212926,-0.657123],[0.57539,0.480867,0.661584],[0.317397,-0.876791,0.361243]]],2],[313,[-0.265553,0.861465,-0.432851],31,63.7035,[-103.197,194.852,-23.0764],[-99.7551,194.731,-24.6775],[494.102,8.13413,-294.689],false,[-68.6114,71.0449,45.3952],[-80.6609,118.502,7.46685],[-86.9303,160.099,-6.02281],[-94.2039,183.695,-17.8787],[-100.972,197.801,-27.7027],[[[0.793558,-0.244013,-0.557425],[0.576555,0.594413,0.560587],[0.19455,-0.766244,0.612389]],[[0.745276,-0.101385,-0.659003],[0.651478,0.321097,0.687367],[0.141915,-0.941604,0.305356]],[[0.745276,-0.101385,-0.659003],[0.611592,0.497594,0.615106],[0.265553,-0.861465,0.432851]],[[0.745276,-0.101385,-0.659003],[0.557091,0.637748,0.531908],[0.36635,-0.763543,0.531779]]],3],[314,[-0.130266,0.911354,-0.390468],31,49.9424,[-71.5995,171.867,-23.2465],[-68.8335,171.493,-24.1338],[438.854,-49.5394,-204.118],false,[-61.0086,65.1127,35.1468],[-63.9336,109.114,-1.49217],[-62.8346,142.894,-10.4357],[-65.3537,160.518,-17.9868],[-69.9529,174.59,-26.4299],[[[0.704497,-0.425895,-0.567713],[0.707871,0.479177,0.518948],[0.0510176,-0.767465,0.639058]],[[0.666792,-0.210932,-0.71477],[0.744581,0.148104,0.650895],[-0.0314347,-0.966216,0.255811]],[[0.666792,-0.210932,-0.71477],[0.733771,0.353471,0.580206],[0.130266,-0.911354,0.390468]],[[0.666792,-0.210932,-0.71477],[0.69467,0.523219,0.493636],[0.269857,-0.825681,0.495406]]],4]],[[0,200,0],[235.247,235.247,147.751]]],[119782,81041926688,[[31,"right",[-0.218744,0.858478,-0.46386],[-0.415839,-0.512058,-0.751581],[-92.7229,100.783,20.7299],[224.768,34.895,-125.665],[-94.961,100.657,22.1743],0,0,0.307561,[[0.850642,-0.014458,-0.525547],[0.123199,0.977271,0.172523],[0.511107,-0.211502,0.833089]],63.003,[63.8319,0.456187,267.575],[-72.6142,56.9191,45.1719]]],[[310,[-0.53962,0.838847,-0.0717398],31,51.5299,[-159.519,131.082,54.6902],[-158.95,131.541,51.3949],[211.346,189.589,-269.582],false,[-101.197,49.3495,51.9354],[-101.197,49.3495,51.9354],[-129.245,89.9614,51.9265],[-147.436,118.241,49.5081],[-161.713,136.117,52.9823],[[[0.684466,0.614052,0.392997],[-0.439086,-0.0831081,0.894593],[0.581988,-0.784878,0.212737]],[[0.748448,0.516992,0.415384],[-0.341887,-0.235919,0.909646],[0.568277,-0.822837,0.000179938]],[[0.748448,0.516992,0.415384],[-0.385533,-0.170456,0.906813],[0.53962,-0.838847,0.0717398]],[[0.748448,0.516992,0.415384],[-0.243281,-0.368645,0.89717],[0.61696,-0.772541,-0.150137]]],0],[311,[-0.515851,0.830572,-0.209875],31,58.1458,[-160.227,190.825,12.8404],[-157.158,191.428,8.73881],[385.527,147.423,-344.95],false,[-88.432,68.1048,57.8183],[-119.094,123.803,22.4781],[-137.615,161.837,18.6264],[-149.943,181.687,13.6107],[-159.68,194.446,8.34029],[[[0.83348,0.116057,-0.540223],[0.357264,0.632641,0.687115],[0.421512,-0.765699,0.485831]],[[0.717528,0.285051,-0.63553],[0.543184,0.342156,0.766733],[0.436009,-0.895363,0.0906713]],[[0.717528,0.285051,-0.63553],[0.468029,0.478431,0.743003],[0.515851,-0.830572,0.209875]],[[0.717528,0.285051,-0.63553],[0.391073,0.590165,0.706235],[0.576381,-0.755282,0.311984]]],1],[312,[-0.23104,0.926421,-0.297263],31,66.2525,[-120.478,208.921,-7.20343],[-117.706,208.654,-10.1977],[456.579,58.7399,-301.498],false,[-78.0379,71.0134,52.1855],[-99.0068,124.371,13.8194],[-106.371,170.428,4.03297],[-112.867,196.476,-4.325],[-118.393,212.776,-11.3249],[[[0.809566,-0.0980201,-0.578787],[0.502198,0.62619,0.596392],[0.303972,-0.773484,0.556168]],[[0.771044,-0.0119986,-0.636668],[0.617749,0.256709,0.743294],[0.15452,-0.966414,0.205346]],[[0.771044,-0.0119986,-0.636668],[0.59339,0.376299,0.711539],[0.23104,-0.926421,0.297263]],[[0.771044,-0.0119986,-0.636668],[0.563053,0.47984,0.672848],[0.297426,-0.877274,0.376734]]],2],[313,[-0.242777,0.860694,-0.447509],31,63.7035,[-99.1271,194.54,-25.3581],[-95.8055,194.432,-26.6951],[484.152,-3.23703,-276.827],false,[-68.052,71.0135,45.2693],[-78.5366,118.28,6.64341],[-83.9118,159.827,-7.37482],[-90.5616,183.402,-19.6322],[-96.8806,197.499,-29.7624],[[[0.805298,-0.2577,-0.533934],[0.568189,0.592611,0.570941],[0.169283,-0.763153,0.623651]],[[0.761802,-0.116453,-0.637257],[0.63628,0.319274,0.70229],[0.121676,-0.94048,0.317321]],[[0.761802,-0.116453,-0.637257],[0.600597,0.495625,0.627407],[0.242777,-0.860694,0.447509]],[[0.761802,-0.116453,-0.637257],[0.550142,0.635714,0.54149],[0.342055,-0.76309,0.548354]]],3],[314,[-0.109164,0.907875,-0.404779],31,49.9424,[-67.812,171.124,-24.6932],[-65.2581,170.794,-25.2352],[431.47,-58.4158,-185.147],false,[-60.247,64.9088,35.2773],[-61.6852,108.626,-1.78671],[-59.9569,142.281,-11.0976],[-62.068,159.838,-18.9255],[-66.2728,173.856,-27.6594],[[[0.714453,-0.438645,-0.545112],[0.699234,0.475548,0.533785],[0.0250849,-0.762525,0.646472]],[[0.683772,-0.22698,-0.693495],[0.728019,0.14782,0.669431],[-0.0494344,-0.962616,0.266321]],[[0.683772,-0.22698,-0.693495],[0.721484,0.352481,0.596002],[0.109164,-0.907875,0.404779]],[[0.683772,-0.22698,-0.693495],[0.68672,0.521508,0.506404],[0.24672,-0.822502,0.512464]]],4]],[[0,200,0],[23