{"metadata":{"formatVersion":2,"generatedBy":"LeapJS Playback 0.2.1","frames":79,"protocolVersion":6,"serviceVersion":"2.2.5+26752","frameRate":"1.1e+2","modified":"Wed Apr 22 2015 20:03:46 GMT-0300 (E. South America Standard Time)"},"frames":[["id","timestamp",{"hands":[["id","type","direction","palmNormal","palmPosition","palmVelocity","stabilizedPalmPosition","pinchStrength","grabStrength","confidence","armBasis","armWidth","elbow","wrist"]]},{"pointables":[["id","direction","handId","length","stabilizedTipPosition","tipPosition","tipVelocity","tool","carpPosition","mcpPosition","pipPosition","dipPosition","btipPosition","bases","type"]]},{"interactionBox":["center","size"]}],[119540,81039793280,[[31,"right",[-0.427231,0.815871,-0.38965],[0.0928654,-0.389085,-0.916509],[82.4738,87.2826,49.6812],[-111.985,-39.7411,-3.07025],[82.8444,87.4377,49.6684],0,0,0.736059,[[0.901708,0.358665,0.241418],[-0.406204,0.89403,0.188966],[-0.14806,-0.268457,0.951845]],63.003,[72.1402,-23.0608,327.825],[111.667,48.6071,73.7185]]],[[310,[-0.699736,0.58845,-0.405087],31,51.5299,[9.11514,81.8419,36.2908],[8.37019,81.03,37.0342],[-101.462,-27.292,9.07392],false,[88.7532,29.6348,67.7999],[88.7532,29.6348,67.7999],[47.1628,53.0244,55.1832],[23.5734,72.8622,41.5269],[4.77155,84.5239,34.7471],[[[0.195472,0.679335,0.707315],[-0.598598,-0.488649,0.634746],[0.776834,-0.547473,0.311131]],[[0.176978,0.692139,0.69973],[-0.508528,-0.544396,0.667108],[0.842661,-0.473896,0.255626]],[[0.176978,0.692139,0.69973],[-0.692133,-0.417935,0.588457],[0.699736,-0.58845,0.405087]],[[0.176978,0.692139,0.69973],[-0.555426,-0.516689,0.651563],[0.812515,-0.503961,0.29299]]],0],[311,[-0.606003,0.615134,-0.504352],31,58.1458,[0.832558,148.357,7.94352],[0.692992,148.565,8.48223],[-114.245,-36.3332,13.4969],false,[89.6097,49.2002,80.6751],[49.4515,97.6934,44.2458],[22.8808,126.421,27.7171],[8.39829,141.122,15.6639],[-1.43005,150.518,5.63888],[[[0.81486,0.55866,-0.154602],[-0.176714,0.493435,0.851642],[0.552064,-0.666649,0.500804]],[[0.772877,0.605332,-0.190354],[-0.106804,0.419795,0.901313],[0.625503,-0.676274,0.389101]],[[0.772877,0.605332,-0.190354],[-0.188207,0.505157,0.842256],[0.606003,-0.615134,0.504352]],[[0.772877,0.605332,-0.190354],[-0.253346,0.569395,0.782052],[0.581787,-0.556205,0.593431]]],1],[312,[-0.350706,0.800537,-0.485949],31,66.2525,[37.2941,181.617,3.50001],[37.1493,180.965,2.65122],[-125.909,-35.2983,19.462],false,[98.8047,57.1474,79.9548],[68.7909,107.929,44.1904],[52.1429,148.296,25.0969],[42.2823,170.805,11.4337],[35.7921,184.842,1.13461],[[[0.90006,0.371098,-0.228424],[-0.0242448,0.566024,0.824032],[0.43509,-0.736141,0.518453]],[[0.936481,0.30134,-0.179435],[0.0312596,0.43787,0.898495],[0.349321,-0.847033,0.400637]],[[0.936481,0.30134,-0.179435],[-0.00279115,0.518011,0.855369],[0.350706,-0.800537,0.485949]],[[0.936481,0.30134,-0.179435],[-0.0314716,0.581764,0.812749],[0.349302,-0.755477,0.554295]]],2],[313,[-0.248513,0.726334,-0.640843],31,63.7035,[69.8366,176.617,-7.10451],[70.3608,176.512,-7.35509],[-141.641,-23.4636,26.1636],false,[109.309,62.7339,77.5069],[90.95,111.968,44.7209],[80.1682,147.337,20.5466],[73.3613,167.231,2.99376],[68.7518,179.414,-10.1061],[[[0.953527,0.214992,-0.211104],[0.0540045,0.567335,0.821714],[0.296429,-0.794927,0.529359]],[[0.96837,0.171003,-0.181709],[0.0519034,0.574255,0.817029],[0.244062,-0.800618,0.547216]],[[0.96837,0.171003,-0.181709],[0.022395,0.66573,0.745857],[0.248513,-0.726334,0.640843]],[[0.96837,0.171003,-0.181709],[-0.00142685,0.732016,0.681286],[0.249516,-0.659477,0.709106]]],3],[314,[-0.133503,0.686671,-0.714604],31,49.9424,[103.812,160.558,-3.1932],[104.769,161.052,-2.57039],[-151.659,-31.5213,3.93329],false,[121.551,62.9973,70.5721],[111.973,111.899,42.2196],[108.395,139.404,20.9364],[105.813,152.684,7.11683],[103.162,162.893,-6.26969],[[[0.959308,0.0248274,-0.281267],[0.227631,0.521394,0.822394],[0.167069,-0.852955,0.494526]],[[0.970702,-0.0547574,-0.233965],[0.217399,0.614875,0.758067],[0.102349,-0.786721,0.608765]],[[0.970702,-0.0547574,-0.233965],[0.199787,0.724903,0.659243],[0.133503,-0.686671,0.714604]],[[0.970702,-0.0547574,-0.233965],[0.183166,0.798837,0.572983],[0.155524,-0.59905,0.785462]]],4]],[[0,200,0],[235.247,235.247,147.751]]],[119541,81039802181,[[31,"right",[-0.427644,0.816531,-0.387811],[0.0912361,-0.38784,-0.9172],[82.3417,87.1081,49.5945],[-85.5625,-34.2632,-4.88493],[82.5467,87.2425,49.6246],0,0,0.749743,[[0.901833,0.358842,0.240685],[-0.406068,0.894236,0.188281],[-0.147666,-0.267533,0.952166]],63.003,[72.1418,-23.03,327.722],[111.563,48.3911,73.5298]]],[[310,[-0.699392,0.589808,-0.403703],31,51.5299,[8.96509,81.7281,36.3326],[8.24451,80.923,37.0448],[-78.0588,-23.4906,7.45936],false,[88.6346,29.4335,67.6228],[88.6346,29.4335,67.6228],[47.0358,52.8621,55.107],[23.4579,72.7457,41.4973],[4.62771,84.4048,34.7922],[[[0.196837,0.678299,0.707931],[-0.597684,-0.48936,0.63506],[0.777193,-0.548122,0.309084]],[[0.178452,0.691037,0.700444],[-0.507727,-0.545105,0.667138],[0.842833,-0.474687,0.253583]],[[0.178452,0.691037,0.700444],[-0.692102,-0.417844,0.588559],[0.699392,-0.589808,0.403703]],[[0.178452,0.691037,0.700444],[-0.553153,-0.518273,0.652239],[0.813743,-0.503846,0.289762]]],0],[311,[-0.604692,0.616164,-0.504668],31,58.1458,[0.791747,148.32,8.00034],[0.610333,148.492,8.5359],[-84.3653,-27.583,11.5471],false,[89.518,48.9808,80.5237],[49.3133,97.5357,44.2282],[22.7845,126.367,27.8136],[8.33327,141.092,15.7529],[-1.4615,150.478,5.68546],[[[0.814762,0.558644,-0.155178],[-0.175162,0.492304,0.852617],[0.552704,-0.667498,0.498963]],[[0.773973,0.604103,-0.189805],[-0.104611,0.417612,0.902583],[0.624518,-0.678719,0.386416]],[[0.773973,0.604103,-0.189805],[-0.18792,0.505373,0.84219],[0.604692,-0.616164,0.504668]],[[0.773973,0.604103,-0.189805],[-0.254553,0.571289,0.780276],[0.579801,-0.555597,0.595939]]],1],[312,[-0.351271,0.801144,-0.484538],31,66.2525,[37.1105,181.514,3.61608],[36.9687,180.873,2.77754],[-97.1545,-28.8196,17.7173],false,[98.7141,56.9263,79.7992],[68.6555,107.765,44.155],[51.9885,148.172,25.1608],[42.112,170.698,11.5373],[35.6094,184.741,1.25448],[[[0.899786,0.371161,-0.229401],[-0.0227185,0.564887,0.824855],[0.43574,-0.736982,0.51671]],[[0.936273,0.301315,-0.180563],[0.0330007,0.4363,0.899196],[0.34972,-0.847851,0.398552]],[[0.936273,0.301315,-0.180563],[-0.00134182,0.517086,0.855932],[0.351271,-0.801144,0.484538]],[[0.936273,0.301315,-0.180563],[-0.0302828,0.581344,0.813094],[0.349966,-0.75581,0.553421]]],2],[313,[-0.250132,0.728252,-0.638031],31,63.7035,[69.5667,176.622,-6.88152],[70.0847,176.49,-7.17467],[-111.094,-16.7698,25.9143],false,[109.216,62.5133,77.3416],[90.8166,111.798,44.6544],[79.9766,147.278,20.6704],[73.1254,167.225,3.19456],[68.4831,179.429,-9.87423],[[[0.953237,0.215016,-0.212386],[0.0555272,0.56618,0.822409],[0.29708,-0.795744,0.527765]],[[0.967911,0.171657,-0.183527],[0.0542046,0.57052,0.819493],[0.245378,-0.803144,0.542908]],[[0.967911,0.171657,-0.183527],[0.0241312,0.663463,0.74782],[0.250132,-0.728252,0.638031]],[[0.967911,0.171657,-0.183527],[-0.000195093,0.730843,0.682546],[0.251294,-0.660608,0.707424]]],3],[314,[-0.1368,0.688949,-0.711783],31,49.9424,[103.438,160.519,-3.1019],[104.405,160.958,-2.56059],[-121.268,-23.8,5.74059],false,[121.447,62.7828,70.3869],[111.835,111.727,42.1181],[108.147,139.3,20.9426],[105.502,152.624,7.1776],[102.793,162.875,-6.16557],[[[0.958848,0.0249472,-0.282822],[0.229141,0.520189,0.822738],[0.167646,-0.853686,0.493066]],[[0.970077,-0.0523281,-0.237091],[0.218684,0.612571,0.759562],[0.105489,-0.788682,0.605684]],[[0.970077,-0.0523281,-0.237091],[0.20059,0.722919,0.661175],[0.1368,-0.688949,0.711783]],[[0.970077,-0.0523281,-0.237091],[0.183576,0.797166,0.575174],[0.158903,-0.601488,0.782919]]],4]],[[0,200,0],[235.247,235.247,147.751]]],[119542,81039810635,[[31,"right",[-0.426183,0.817666,-0.387027],[0.0876242,-0.388502,-0.917272],[82.247,86.9478,49.7329],[-66.2039,-30.2808,0.648846],[82.3793,87.0779,49.6851],0,0,0.769755,[[0.903329,0.355978,0.239324],[-0.402903,0.895595,0.188624],[-0.147192,-0.266814,0.952442]],63.003,[72.1193,-23.077,327.873],[111.414,48.1521,73.6073]]],[[310,[-0.696549,0.593825,-0.402729],31,51.5299,[8.85687,81.8558,36.745],[8.16035,81.075,37.4116],[-61.115,-13.0075,19.0827],false,[88.4121,29.2619,67.7692],[88.4121,29.2619,67.7692],[46.865,52.8594,55.3999],[23.383,72.8784,41.8232],[4.50769,84.5494,35.267],[[[0.200776,0.677994,0.707116],[-0.597485,-0.48727,0.636851],[0.776338,-0.550356,0.307259]],[[0.183489,0.690047,0.700119],[-0.507669,-0.543366,0.6686],[0.841786,-0.47811,0.250614]],[[0.183489,0.690047,0.700119],[-0.693651,-0.413771,0.589612],[0.696549,-0.593825,0.402729]],[[0.183489,0.690047,0.700119],[-0.548617,-0.519094,0.655409],[0.815691,-0.504357,0.283323]]],0],[311,[-0.602093,0.617476,-0.506169],31,58.1458,[0.919102,148.41,8.19545],[0.700995,148.564,8.75144],[-58.3548,-17.5449,14.7035],false,[89.3892,48.8118,80.6594],[49.2365,97.4737,44.4497],[22.8138,126.437,28.0962],[8.42473,141.194,15.9996],[-1.31805,150.569,5.87167],[[[0.816044,0.556095,-0.157575],[-0.171403,0.493194,0.852866],[0.55199,-0.668968,0.497784]],[[0.776487,0.600436,-0.191166],[-0.100812,0.417838,0.902911],[0.622017,-0.681827,0.384977]],[[0.776487,0.600436,-0.191166],[-0.185882,0.508134,0.84098],[0.602093,-0.617476,0.506169]],[[0.776487,0.600436,-0.191166],[-0.253888,0.57577,0.777193],[0.576723,-0.554946,0.599521]]],1],[312,[-0.349943,0.801964,-0.484142],31,66.2525,[37.1891,181.48,3.83865],[37.0493,180.85,3.02238],[-69.1441,-22.3268,20.2249],false,[98.6075,56.729,79.9071],[68.6094,107.644,44.3209],[52.0246,148.112,25.3844],[42.1855,170.661,11.772],[35.7022,184.71,1.48466],[[[0.900301,0.368323,-0.231942],[-0.018813,0.565301,0.82467],[0.434862,-0.738087,0.51587]],[[0.936768,0.298245,-0.183073],[0.0369476,0.435925,0.899224],[0.347995,-0.849129,0.397341]],[[0.936768,0.298245,-0.183073],[0.00242515,0.517594,0.855623],[0.349943,-0.801964,0.484142]],[[0.936768,0.298245,-0.183073],[-0.0267036,0.582534,0.812368],[0.348931,-0.756111,0.553663]]],2],[313,[-0.250329,0.730654,-0.635201],31,63.7035,[69.5276,176.651,-6.51233],[70.0339,176.463,-6.85073],[-83.0117,-11.4327,31.2878],false,[109.12,62.283,77.4193],[90.784,111.61,44.7598],[79.9641,147.221,20.9616],[73.1075,167.234,3.56321],[68.4531,179.468,-9.47319],[[[0.953321,0.212023,-0.215003],[0.0594295,0.566355,0.822016],[0.296054,-0.796422,0.527318]],[[0.967732,0.169315,-0.186619],[0.0592252,0.567028,0.821567],[0.244922,-0.806109,0.538703]],[[0.967732,0.169315,-0.186619],[0.0288053,0.661421,0.749462],[0.250329,-0.730654,0.635201]],[[0.967732,0.169315,-0.186619],[0.00410475,0.729919,0.683521],[0.251947,-0.662232,0.705671]]],3],[314,[-0.13879,0.690949,-0.709455],31,49.9424,[103.269,160.401,-2.89427],[104.23,160.753,-2.44522],[-94.569,-21.4022,10.8873],false,[121.333,62.5123,70.4321],[111.795,111.474,42.1679],[108.06,139.113,21.0873],[105.376,152.475,7.36731],[102.626,162.759,-5.94214],[[[0.958166,0.0219082,-0.285372],[0.232903,0.519836,0.821905],[0.166353,-0.853985,0.492987]],[[0.96905,-0.0529295,-0.241123],[0.222541,0.610072,0.760452],[0.106852,-0.790576,0.602969]],[[0.96905,-0.0529295,-0.241123],[0.204155,0.720963,0.662219],[0.13879,-0.690949,0.709455]],[[0.96905,-0.0529295,-0.241123],[0.186829,0.795678,0.576187],[0.161359,-0.603403,0.78094]]],4]],[[0,200,0],[235.247,235.247,147.751]]],[119543,81039819302,[[31,"right",[-0.427288,0.815882,-0.389565],[0.0860455,-0.392227,-0.915835],[82.3664,87.0245,49.9955],[-44.9357,-19.874,8.53371],[82.3723,87.0488,49.8541],0,0,0.78472,[[0.903463,0.354997,0.240274],[-0.402315,0.895697,0.189394],[-0.147979,-0.267776,0.95205]],63.003,[72.0914,-23.146,328.134],[111.596,48.34,73.9732]]],[[310,[-0.695276,0.593974,-0.404706],31,51.5299,[8.97031,81.9276,37.2075],[8.32559,81.1613,37.8633],[-40.5248,-7.24052,29.7968],false,[88.5918,29.4159,68.2567],[88.5918,29.4159,68.2567],[47.021,52.9866,55.9161],[23.5819,73.0106,42.2727],[4.63195,84.6076,35.801],[[[0.201823,0.68098,0.703941],[-0.596049,-0.484914,0.639987],[0.77717,-0.548748,0.308031]],[[0.185527,0.692307,0.697346],[-0.506128,-0.540964,0.671709],[0.842267,-0.477566,0.250033]],[[0.185527,0.692307,0.697346],[-0.694386,-0.409764,0.591542],[0.695276,-0.593974,0.404706]],[[0.185527,0.692307,0.697346],[-0.543101,-0.51918,0.659919],[0.818915,-0.501162,0.279671]]],0],[311,[-0.601076,0.615621,-0.509626],31,58.1458,[1.0952,148.363,8.28181],[0.836798,148.474,8.83145],[-37.2571,-14.4757,13.4124],false,[89.5848,49.019,81.0646],[49.3411,97.5141,44.7322],[22.9505,126.479,28.3297],[8.58569,141.191,16.1504],[-1.12993,150.502,5.93746],[[[0.815492,0.555803,-0.161417],[-0.169994,0.496616,0.851161],[0.55324,-0.666675,0.49947]],[[0.777341,0.598446,-0.193917],[-0.0988556,0.420631,0.90183],[0.621264,-0.681859,0.386133]],[[0.777341,0.598446,-0.193917],[-0.185604,0.512712,0.838259],[0.601076,-0.615621,0.509626]],[[0.777341,0.598446,-0.193917],[-0.254919,0.581471,0.772598],[0.575115,-0.551139,0.604556]]],1],[312,[-0.351049,0.799694,-0.487088],31,66.2525,[37.1999,181.359,3.81885],[37.0514,180.729,3.00677],[-50.5339,-20.2968,13.8294],false,[98.798,56.9371,80.2622],[68.7092,107.693,44.5247],[52.08,148.093,25.4842],[42.2097,170.578,11.789],[35.7044,184.569,1.43653],[[[0.899691,0.367763,-0.235174],[-0.0174906,0.568675,0.822377],[0.436177,-0.735771,0.518064]],[[0.93635,0.297756,-0.185984],[0.0387021,0.438989,0.897659],[0.348929,-0.84772,0.399523]],[[0.93635,0.297756,-0.185984],[0.00369708,0.521374,0.85332],[0.351049,-0.799694,0.487088]],[[0.93635,0.297756,-0.185984],[-0.0258566,0.586818,0.809306],[0.350115,-0.752984,0.557166]]],2],[313,[-0.252591,0.727765,-0.637617],31,63.7035,[69.4447,176.506,-6.52829],[69.948,176.306,-6.90112],[-63.6558,-13.4324,21.2703],false,[109.303,62.4854,77.7315],[90.8828,111.669,44.9049],[79.971,147.186,21.0076],[73.0524,167.12,3.54304],[68.3545,179.288,-9.53902],[[[0.952813,0.211558,-0.217694],[0.0607462,0.569752,0.819569],[0.297418,-0.79412,0.530016]],[[0.967113,0.169576,-0.189569],[0.060676,0.569981,0.819415],[0.247004,-0.803969,0.540946]],[[0.967113,0.169576,-0.189569],[0.0298371,0.664531,0.746665],[0.252591,-0.727765,0.637617]],[[0.967113,0.169576,-0.189569],[0.00478195,0.733062,0.680145],[0.254302,-0.658684,0.708143]]],3],[314,[-0.142266,0.69077,-0.708941],31,49.9424,[103.137,160.451,-2.73155],[104.06,160.713,-2.4094],[-73.4027,-13.8612,12.885],false,[121.503,62.6915,70.7201],[111.889,111.532,42.2734],[108.046,139.191,21.2373],[105.295,152.549,7.52725],[102.481,162.815,-5.78281],[[[0.95761,0.0211579,-0.287291],[0.23424,0.523309,0.819317],[0.167677,-0.85188,0.49617]],[[0.96838,-0.0511619,-0.244179],[0.22396,0.609511,0.760486],[0.109922,-0.791125,0.601696]],[[0.96838,-0.0511619,-0.244179],[0.204942,0.721262,0.661649],[0.142266,-0.69077,0.708941]],[[0.96838,-0.0511619,-0.244179],[0.187036,0.796596,0.57485],[0.165101,-0.602344,0.780976]]],4]],[[0,200,0],[235.247,235.247,147.751]]],[119544,81039827992,[[31,"right",[-0.426352,0.816453,-0.389395],[0.0851227,-0.392357,-0.915866],[82.4289,87.0188,50.0774],[-31.042,-14.7521,8.77175],[82.4015,87.0333,49.9694],0,0,0.792225,[[0.904019,0.353708,0.240083],[-0.401014,0.896237,0.189597],[-0.148109,-0.267676,0.952057]],63.003,[72.0772,-23.1642,328.206],[111.617,48.2952,74.0432]]],[[310,[-0.691544,0.597785,-0.405487],31,51.5299,[9.07317,82.0964,37.4347],[8.46489,81.3829,38.017],[-25.9759,1.46421,28.9833],false,[88.5843,29.4021,68.3369],[88.5843,29.4021,68.3369],[47.0461,53.0797,56.0912],[23.7328,73.2322,42.4214],[4.74559,84.8283,36.0584],[[[0.203045,0.680718,0.703844],[-0.59643,-0.484098,0.64025],[0.776559,-0.549793,0.307707]],[[0.188199,0.691078,0.697848],[-0.506244,-0.540618,0.6719],[0.841605,-0.479732,0.24811]],[[0.188199,0.691078,0.697848],[-0.697386,-0.406281,0.590414],[0.691544,-0.597785,0.405487]],[[0.188199,0.691078,0.697848],[-0.539737,-0.520853,0.66136],[0.820528,-0.501121,0.274976]]],0],[311,[-0.598468,0.617096,-0.51091],31,58.1458,[1.34828,148.527,8.34467],[1.07687,148.623,8.88359],[-18.7948,-4.826,11.8869],false,[89.6092,49.004,81.144],[49.4156,97.553,44.8281],[23.126,126.631,28.4643],[8.8236,141.379,16.2544],[-0.839675,150.691,5.99318],[[[0.816174,0.554697,-0.161775],[-0.168958,0.496859,0.851225],[0.552552,-0.667415,0.499243]],[[0.779426,0.595973,-0.193162],[-0.0973557,0.419796,0.902382],[0.618884,-0.684534,0.385221]],[[0.779426,0.595973,-0.193162],[-0.18529,0.513818,0.837651],[0.598468,-0.617096,0.51091]],[[0.779426,0.595973,-0.193162],[-0.255525,0.583923,0.770546],[0.572017,-0.551225,0.60741]]],1],[312,[-0.349684,0.799899,-0.487732],31,66.2525,[37.3985,181.403,3.89306],[37.2542,180.804,3.12222],[-30.4094,-13.1675,12.6783],false,[98.8328,56.9097,80.3376],[68.7973,107.705,44.6121],[52.2396,148.154,25.61],[42.4077,170.644,11.8968],[35.9271,184.622,1.51167],[[[0.900086,0.366543,-0.235565],[-0.0163694,0.56871,0.822375],[0.435404,-0.736352,0.517888]],[[0.936857,0.29608,-0.186105],[0.039898,0.438199,0.897992],[0.347429,-0.848716,0.398717]],[[0.936857,0.29608,-0.186105],[0.00445761,0.522013,0.852926],[0.349684,-0.799899,0.487732]],[[0.936857,0.29608,-0.186105],[-0.0254791,0.588541,0.808066],[0.348783,-0.752301,0.558923]]],2],[313,[-0.252765,0.727835,-0.637469],31,63.7035,[69.5081,176.48,-6.45558],[70.0387,176.309,-6.80032],[-44.1566,-10.2749,18.224],false,[109.345,62.4438,77.8022],[90.9765,111.652,44.9827],[80.0623,147.168,21.0853],[73.139,167.104,3.62489],[68.436,179.275,-9.45242],[[[0.953005,0.210266,-0.218106],[0.0618676,0.569682,0.819533],[0.296571,-0.794513,0.529901]],[[0.967034,0.169003,-0.190482],[0.0617161,0.570175,0.819202],[0.247056,-0.803952,0.540948]],[[0.967034,0.169003,-0.190482],[0.0309049,0.664601,0.746559],[0.252765,-0.727835,0.637469]],[[0.967034,0.169003,-0.190482],[0.00586443,0.733042,0.680158],[0.25458,-0.658853,0.707886]]],3],[314,[-0.143139,0.69181,-0.70775],31,49.9424,[103.175,160.497,-2.54145],[104.084,160.71,-2.27919],[-52.3096,-8.7261,15.4336],false,[121.541,62.6332,70.7857],[111.982,111.486,42.3422],[108.13,139.222,21.4086],[105.362,152.6,7.72163],[102.526,162.861,-5.58753],[[[0.957514,0.0198589,-0.287702],[0.235298,0.523004,0.819208],[0.166738,-0.852099,0.496111]],[[0.968047,-0.05091,-0.245546],[0.225278,0.606682,0.762356],[0.110157,-0.793313,0.598765]],[[0.968047,-0.05091,-0.245546],[0.205903,0.720282,0.662418],[0.143139,-0.69181,0.70775]],[[0.968047,-0.05091,-0.245546],[0.187588,0.796835,0.574339],[0.16642,-0.602048,0.780924]]],4]],[[0,200,0],[235.247,235.247,147.751]]],[119545,81039836645,[[31,"right",[-0.425079,0.817198,-0.389225],[0.0840798,-0.3925,-0.915901],[82.4528,86.9939,50.0906],[-22.0655,-11.5992,6.84641],[82.4265,87.0142,50.0283],0,0,0.81019,[[0.904769,0.352157,0.239539],[-0.399363,0.896924,0.189836],[-0.147996,-0.26742,0.952147]],63.003,[72.073,-23.1717,328.232],[111.582,48.2193,74.0448]]],[[310,[-0.685741,0.603479,-0.406905],31,51.5299,[9.18834,82.3293,37.5973],[8.62326,81.6913,38.1152],[-14.2727,11.254,27.1025],false,[88.5148,29.3664,68.3474],[88.5148,29.3664,68.3474],[47.0331,53.2065,56.2262],[23.9154,73.5509,42.5086],[4.8944,85.1638,36.2785],[[[0.204508,0.680359,0.703767],[-0.597023,-0.48306,0.640482],[0.775719,-0.551149,0.307401]],[[0.191923,0.689193,0.698698],[-0.506745,-0.540095,0.671943],[0.840461,-0.483023,0.245588]],[[0.191923,0.689193,0.698698],[-0.702086,-0.401032,0.588429],[0.685741,-0.603479,0.406905]],[[0.191923,0.689193,0.698698],[-0.536194,-0.522649,0.662823],[0.821987,-0.501848,0.269232]]],0],[311,[-0.595345,0.618947,-0.512316],31,58.1458,[1.57765,148.696,8.34298],[1.32037,148.794,8.85987],[-5.04881,3.00455,8.39434],false,[89.5789,48.9665,81.1542],[49.4559,97.5857,44.8543],[23.2898,126.795,28.5261],[9.06201,141.587,16.2825],[-0.540384,150.906,5.97057],[[[0.817077,0.553274,-0.162092],[-0.167758,0.497149,0.851294],[0.551582,-0.66838,0.499024]],[[0.781922,0.593,-0.19222],[-0.0957651,0.418961,0.90294],[0.615977,-0.687621,0.384384]],[[0.781922,0.593,-0.19222],[-0.18483,0.515029,0.837009],[0.595345,-0.618947,0.512316]],[[0.781922,0.593,-0.19222],[-0.25594,0.586556,0.768406],[0.568413,-0.551636,0.610413]]],1],[312,[-0.348168,0.799828,-0.488931],31,66.2525,[37.5904,181.431,3.88654],[37.4489,180.863,3.15344],[-16.1432,-8.78926,8.86082],false,[98.816,56.8561,80.3442],[68.8552,107.704,44.6307],[52.3772,148.204,25.6683],[42.588,170.692,11.9213],[36.1353,184.645,1.48526],[[[0.900632,0.364974,-0.235916],[-0.0150555,0.568734,0.822384],[0.434322,-0.737113,0.517715]],[[0.937418,0.294185,-0.186287],[0.0412537,0.437393,0.898324],[0.345754,-0.84979,0.397884]],[[0.937418,0.294185,-0.186287],[0.00516169,0.523192,0.852199],[0.348168,-0.799828,0.488931]],[[0.937418,0.294185,-0.186287],[-0.025341,0.59121,0.80612],[0.347283,-0.75095,0.561666]]],2],[313,[-0.253029,0.727929,-0.637256],31,63.7035,[69.5552,176.446,-6.4299],[70.1018,176.292,-6.76353],[-31.0024,-8.65801,13.9884],false,[109.336,62.3718,77.8048],[91.0413,111.612,44.9927],[80.1216,147.125,21.0937],[73.191,167.064,3.63903],[68.4809,179.24,-9.43109],[[[0.953285,0.208604,-0.218478],[0.063182,0.569569,0.819512],[0.295392,-0.795032,0.529781]],[[0.966924,0.168389,-0.191579],[0.0629123,0.570446,0.818922],[0.247183,-0.803888,0.540985]],[[0.966924,0.168389,-0.191579],[0.0321491,0.664654,0.74646],[0.253029,-0.727929,0.637256]],[[0.966924,0.168389,-0.191579],[0.0071396,0.732941,0.680255],[0.254964,-0.659123,0.707496]]],3],[314,[-0.143405,0.693362,-0.706176],31,49.9424,[103.227,160.527,-2.41619],[104.112,160.691,-2.21316],[-36.7414,-5.50356,15.1727],false,[121.531,62.54,70.7834],[112.045,111.41,42.3439],[108.197,139.205,21.4893],[105.424,152.614,7.83278],[102.579,162.895,-5.45833],[[[0.957435,0.0181899,-0.288076],[0.236531,0.522589,0.819118],[0.165445,-0.852391,0.496042]],[[0.967718,-0.0511925,-0.246781],[0.226734,0.60441,0.763728],[0.110059,-0.795027,0.596505]],[[0.967718,-0.0511925,-0.246781],[0.207259,0.718769,0.663638],[0.143405,-0.693362,0.706176]],[[0.967718,-0.0511925,-0.246781],[0.188799,0.795892,0.575248],[0.166962,-0.60327,0.779865]]],4]],[[0,200,0],[235.247,235.247,147.751]]],[119546,81039845334,[[31,"right",[-0.421797,0.819135,-0.388722],[0.0852631,-0.390991,-0.916436],[82.5965,86.9737,50.1478],[-11.7796,-9.12733,6.77613],[82.5022,86.9961,50.0815],0,0,0.775156,[[0.90564,0.350355,0.238886],[-0.39741,0.897771,0.189929],[-0.147922,-0.266943,0.952292]],63.003,[72.0668,-23.1923,328.326],[111.556,48.0714,74.1004]]],[[310,[-0.679251,0.609596,-0.40867],31,51.5299,[9.36079,82.6014,37.6623],[8.88967,82.0546,38.0432],[-2.71238,19.3905,20.243],false,[88.4502,29.2947,68.3095],[88.4502,29.2947,68.3095],[47.0739,53.336,56.2254],[24.175,73.8866,42.4483],[5.14532,85.5351,36.3119],[[[0.204665,0.678437,0.705575],[-0.599984,-0.48259,0.638065],[0.77339,-0.553923,0.308282]],[[0.193859,0.686096,0.701207],[-0.509539,-0.540375,0.6696],[0.838325,-0.4871,0.244836]],[[0.193859,0.686096,0.701207],[-0.707839,-0.397071,0.584207],[0.679251,-0.609596,0.40867]],[[0.193859,0.686096,0.701207],[-0.534919,-0.525238,0.661806],[0.822363,-0.503386,0.265184]]],0],[311,[-0.590036,0.622919,-0.513643],31,58.1458,[2.08167,149.053,8.31744],[1.87736,149.162,8.79348],[14.6379,15.1106,5.10771],false,[89.5376,48.8672,81.1563],[49.6427,97.6686,44.8494],[23.6837,127.085,28.5625],[9.5828,141.972,16.2872],[0.0807079,151.337,5.92471],[[[0.819037,0.55127,-0.158994],[-0.168484,0.495998,0.851821],[0.548444,-0.670885,0.499121]],[[0.785716,0.589396,-0.187785],[-0.0959401,0.416007,0.904286],[0.611103,-0.692496,0.38341]],[[0.785716,0.589396,-0.187785],[-0.185764,0.514377,0.837202],[0.590036,-0.622919,0.513643]],[[0.785716,0.589396,-0.187785],[-0.257434,0.58759,0.767116],[0.562475,-0.554392,0.613409]]],1],[312,[-0.344288,0.800601,-0.490412],31,66.2525,[38.0205,181.537,3.90855],[38.0086,181.052,3.25601],[5.50243,-2.12321,7.46273],false,[98.7988,56.7322,80.3845],[69.071,107.733,44.6935],[52.7754,148.334,25.7924],[43.0953,170.844,12.0037],[36.7182,184.783,1.50143],[[[0.902245,0.362876,-0.232969],[-0.0155081,0.567207,0.823429],[0.430944,-0.739322,0.517387]],[[0.938857,0.291553,-0.18315],[0.0404019,0.434975,0.899536],[0.341928,-0.851935,0.3966]],[[0.938857,0.291553,-0.18315],[0.0036491,0.523483,0.852028],[0.344288,-0.800601,0.490412]],[[0.938857,0.291553,-0.18315],[-0.0274058,0.593531,0.804344],[0.343215,-0.750145,0.565231]]],2],[313,[-0.252383,0.726988,-0.638585],31,63.7035,[69.7786,176.358,-6.413],[70.4286,176.279,-6.64929],[-14.2566,-9.60013,10.7716],false,[109.341,62.223,77.8819],[91.2671,111.577,45.1184],[80.3696,147.061,21.1651],[73.4567,166.973,3.67402],[68.7607,179.13,-9.4199],[[[0.954413,0.206325,-0.215698],[0.0627383,0.567826,0.820754],[0.291821,-0.796871,0.528996]],[[0.967134,0.168448,-0.190466],[0.0616498,0.571378,0.818368],[0.24668,-0.803214,0.542215]],[[0.967134,0.168448,-0.190466],[0.030898,0.665668,0.745608],[0.252383,-0.726988,0.638585]],[[0.967134,0.168448,-0.190466],[0.00593961,0.733906,0.679226],[0.254198,-0.658033,0.708785]]],3],[314,[-0.140473,0.695231,-0.704926],31,49.9424,[103.549,160.562,-2.19103],[104.531,160.716,-1.94052],[-13.5856,-2.68961,20.1546],false,[121.553,62.3701,70.8913],[112.277,111.321,42.5217],[108.541,139.196,21.7539],[105.824,152.641,8.12155],[103.025,162.944,-5.16242],[[[0.9582,0.0160328,-0.28565],[0.235954,0.520358,0.820703],[0.161798,-0.853798,0.494824]],[[0.968112,-0.0527163,-0.24491],[0.226587,0.60125,0.766262],[0.106858,-0.79732,0.594022]],[[0.968112,-0.0527163,-0.24491],[0.20743,0.71685,0.665656],[0.140473,-0.695231,0.704926]],[[0.968112,-0.0527163,-0.24491],[0.18915,0.79482,0.576614],[0.164263,-0.604552,0.779445]]],4]],[[0,200,0],[235.247,235.247,147.751]]],[119547,81039853987,[[31,"right",[-0.414736,0.824244,-0.385508],[0.0832661,-0.387508,-0.918098],[82.8684,86.7709,49.9693],[-0.307985,-12.9279,-0.501832],[82.6598,86.8992,50.0332],0,0,0.794226,[[0.90845,0.34472,0.236403],[-0.391087,0.90061,0.189609],[-0.147545,-0.264705,0.952975]],63.003,[72.0969,-23.1366,328.188],[111.486,47.5295,73.78]]],[[310,[-0.670978,0.619655,-0.407206],31,51.5299,[9.62372,83.0486,37.6231],[9.23095,82.6387,37.8285],[8.07849,31.9801,10.7533],false,[88.2371,28.9651,67.876],[88.2371,28.9651,67.876],[47.077,53.4491,55.9433],[24.457,74.3389,42.2156],[5.48725,86.1507,36.2073],[[[0.209218,0.673571,0.708893],[-0.604624,-0.480648,0.635144],[0.768542,-0.561498,0.306698]],[[0.200135,0.68015,0.705225],[-0.51428,-0.539732,0.666488],[0.833944,-0.49607,0.241768]],[[0.200135,0.68015,0.705225],[-0.713957,-0.391694,0.58038],[0.670978,-0.619655,0.407206]],[[0.200135,0.68015,0.705225],[-0.536578,-0.52616,0.659727],[0.819774,-0.510443,0.259651]]],0],[311,[-0.58189,0.631213,-0.51281],31,58.1458,[2.98975,149.724,8.29302],[2.85123,149.872,8.74809],[41.9567,34.343,3.047],false,[89.4653,48.4699,80.8129],[50.008,97.7536,44.6797],[24.3981,127.551,28.5326],[10.4918,142.636,16.2772],[1.12978,152.123,5.8979],[[[0.823626,0.545399,-0.155502],[-0.165562,0.493471,0.853859],[0.54243,-0.677515,0.496732]],[[0.792382,0.582017,-0.182723],[-0.0930648,0.411362,0.906709],[0.602885,-0.701454,0.380121]],[[0.792382,0.582017,-0.182723],[-0.183127,0.512666,0.838831],[0.58189,-0.631213,0.51281]],[[0.792382,0.582017,-0.182723],[-0.254976,0.588103,0.767543],[0.554183,-0.561597,0.614402]]],1],[312,[-0.336714,0.804052,-0.490024],31,66.2525,[38.9871,181.78,3.97029],[39.1387,181.399,3.41359],[39.1035,7.32462,7.78495],false,[98.7903,56.2638,80.0879],[69.5165,107.662,44.593],[53.5984,148.506,25.8926],[44.1312,171.113,12.1149],[37.8925,185.078,1.56572],[[[0.905413,0.35668,-0.230231],[-0.0119858,0.563578,0.825976],[0.424362,-0.74509,0.514546]],[[0.94159,0.284382,-0.180376],[0.0429969,0.429713,0.901941],[0.334006,-0.857014,0.392386]],[[0.94159,0.284382,-0.180376],[0.00567744,0.522136,0.852843],[0.336714,-0.804052,0.490024]],[[0.94159,0.284382,-0.180376],[-0.0258875,0.595156,0.803193],[0.335766,-0.751609,0.567755]]],2],[313,[-0.248438,0.730352,-0.63629],31,63.7035,[70.4071,176.363,-6.29952],[71.2963,176.354,-6.4527],[14.9172,-6.08927,12.6963],false,[109.379,61.6812,77.623],[91.7421,111.327,45.062],[81.0381,146.951,21.23],[74.2333,166.955,3.80189],[69.6032,179.176,-9.2556],[[[0.956303,0.19964,-0.213608],[0.0662664,0.563582,0.823398],[0.284769,-0.801573,0.525726]],[[0.968031,0.163762,-0.189995],[0.0648656,0.568257,0.82029],[0.242299,-0.80639,0.539468]],[[0.968031,0.163762,-0.189995],[0.0345628,0.66315,0.747688],[0.248438,-0.730352,0.63629]],[[0.968031,0.163762,-0.189995],[0.00993477,0.731835,0.681409],[0.250634,-0.661513,0.706812]]],3],[314,[-0.134565,0.699542,-0.701807],31,49.9424,[104.176,160.49,-2.01279],[105.412,160.572,-1.74835],[17.4275,-5.91605,21.0633],false,[121.601,61.762,70.6479],[112.752,110.913,42.4896],[109.252,138.926,21.8667],[106.649,152.455,8.29465],[103.938,162.833,-4.94918],[[[0.958652,0.00964191,-0.284418],[0.239096,0.514727,0.82334],[0.154336,-0.8573,0.491138]],[[0.967917,-0.0588747,-0.244274],[0.230456,0.595412,0.769659],[0.10013,-0.801261,0.589877]],[[0.967917,-0.0588747,-0.244274],[0.212199,0.712162,0.669176],[0.134565,-0.699542,0.701807]],[[0.967917,-0.0588747,-0.244274],[0.194503,0.791017,0.580052],[0.159075,-0.608955,0.77709]]],4]],[[0,200,0],[235.247,235.247,147.751]]],[119548,81039862687,[[31,"right",[-0.40341,0.833006,-0.378632],[0.0883199,-0.376416,-0.922231],[83.4386,86.5429,49.5188],[17.2617,-16.4707,-14.1824],[82.9586,86.7625,49.8358],0,0,0.743059,[[0.910768,0.340659,0.233354],[-0.38596,0.90318,0.187885],[-0.146755,-0.261185,0.954068]],63.003,[72.2866,-22.9958,327.784],[111.465,46.7306,73.084]]],[[310,[-0.659293,0.632898,-0.405922],31,51.5299,[10.1334,83.6359,37.0122],[9.95301,83.3544,36.6751],[27.9408,45.0133,-25.7972],false,[88.1013,28.4633,66.7236],[88.1013,28.4633,66.7236],[47.2881,53.5158,54.7794],[25.062,74.852,41.095],[6.23903,86.9107,35.1155],[[[0.208768,0.662387,0.719486],[-0.615025,-0.48308,0.6232],[0.760369,-0.572606,0.306532]],[[0.200699,0.668417,0.716197],[-0.525291,-0.543665,0.654597],[0.826915,-0.507589,0.242001]],[[0.200699,0.668417,0.716197],[-0.724605,-0.390716,0.567705],[0.659293,-0.632898,0.405922]],[[0.200699,0.668417,0.716197],[-0.545939,-0.530717,0.648298],[0.813432,-0.521112,0.258401]]],0],[311,[-0.569549,0.644548,-0.510071],31,58.1458,[4.53043,150.815,8.05455],[4.50994,151.005,8.391],[82.2945,61.3723,-6.89224],false,[89.3885,47.7875,79.9232],[50.733,97.9014,44.0663],[25.6121,128.242,28.1648],[12.0007,143.646,15.975],[2.86152,153.354,5.60165],[[[0.830084,0.539585,-0.140741],[-0.169019,0.483967,0.858609],[0.531406,-0.68893,0.492933]],[[0.800626,0.575486,-0.166776],[-0.096307,0.398331,0.912172],[0.591374,-0.714247,0.374338]],[[0.800626,0.575486,-0.166776],[-0.186043,0.503363,0.843809],[0.569549,-0.644548,0.510071]],[[0.800626,0.575486,-0.166776],[-0.257531,0.581847,0.771448],[0.540996,-0.574691,0.614047]]],1],[312,[-0.32408,0.811229,-0.486702],31,66.2525,[40.7289,182.341,4.1362],[41.0778,182.127,3.71393],[88.2522,25.2777,11.7104],false,[98.7918,55.5019,79.3862],[70.3326,107.626,44.2898],[54.9979,148.88,26.0073],[45.8859,171.689,12.3229],[39.8917,185.749,1.7578],[[[0.910817,0.351084,-0.217146],[-0.0145421,0.55298,0.833068],[0.412554,-0.755615,0.508769]],[[0.946029,0.277376,-0.167605],[0.038676,0.416844,0.908155],[0.321766,-0.865623,0.383619]],[[0.946029,0.277376,-0.167605],[0.000966364,0.514752,0.857339],[0.32408,-0.811229,0.486702]],[[0.946029,0.277376,-0.167605],[-0.0308917,0.591994,0.80535],[0.322606,-0.756707,0.568612]]],2],[313,[-0.237435,0.739026,-0.630449],31,63.7035,[71.848,176.699,-5.90488],[73.0921,176.871,-5.88647],[65.5048,10.0632,25.0006],false,[109.453,60.8508,77.0904],[92.5859,111.075,45.0132],[82.3583,147.061,21.5176],[75.8549,167.303,4.24941],[71.4299,179.687,-8.72471],[[[0.960088,0.193371,-0.202088],[0.0637276,0.552281,0.831219],[0.272342,-0.810921,0.517915]],[[0.970846,0.15855,-0.179777],[0.0621161,0.55797,0.827533],[0.231516,-0.814574,0.531854]],[[0.970846,0.15855,-0.179777],[0.0329019,0.654754,0.755125],[0.237435,-0.739026,0.630449]],[[0.970846,0.15855,-0.179777],[0.00916791,0.724887,0.688807],[0.239529,-0.670374,0.7023]]],3],[314,[-0.121808,0.70965,-0.693945],31,49.9424,[105.44,160.6,-1.5126],[107.121,160.787,-1.02273],[65.5339,2.64736,37.6311],false,[121.741,60.9065,70.2311],[113.615,110.498,42.6314],[110.561,138.816,22.3572],[108.205,152.54,8.93717],[105.708,163.104,-4.20143],[[[0.96134,0.00428684,-0.275331],[0.236089,0.501807,0.832137],[0.14173,-0.864969,0.481395]],[[0.969567,-0.0645226,-0.236171],[0.228713,0.582885,0.779702],[0.0873521,-0.809989,0.579903]],[[0.969567,-0.0645226,-0.236171],[0.212374,0.701594,0.680194],[0.121808,-0.70965,0.693945]],[[0.969567,-0.0645226,-0.236171],[0.196133,0.782061,0.591534],[0.146533,-0.619852,0.770916]]],4]],[[0,200,0],[235.247,235.247,147.751]]],[119549,81039871448,[[31,"right",[-0.39263,0.841181,-0.371828],[0.0877629,-0.368181,-0.925603],[84.3502,86.3135,49.1153],[40.5537,-19.0767,-22.7356],[83.4484,86.6045,49.5822],0,0,0.757156,[[0.913924,0.333308,0.23162],[-0.377945,0.906904,0.186233],[-0.147985,-0.257742,0.954814]],63.003,[72.3327,-22.8488,327.287],[111.839,45.9585,72.3886]]],[[310,[-0.648797,0.645846,-0.402424],31,51.5299,[10.901,84.333,36.397],[10.9441,84.1578,36.0075],[50.5505,57.0167,-37.7103],false,[88.2991,28.0172,65.7564],[88.2991,28.0172,65.7564],[47.8133,53.6669,53.9666],[25.9411,75.4396,40.4001],[7.25292,87.7563,34.5245],[[[0.213282,0.652823,0.726865],[-0.622807,-0.482368,0.61598],[0.752743,-0.584074,0.303703]],[[0.206215,0.65827,0.723986],[-0.53349,-0.544613,0.647135],[0.820282,-0.519689,0.238873]],[[0.206215,0.65827,0.723986],[-0.732487,-0.386734,0.560267],[0.648797,-0.645846,0.402424]],[[0.206215,0.65827,0.723986],[-0.552493,-0.532334,0.641383],[0.807605,-0.53226,0.253914]]],0],[311,[-0.559047,0.656628,-0.506266],31,58.1458,[6.40463,151.973,7.98129],[6.39204,152.114,8.33106],[118.308,79.6305,-5.77878],false,[89.7491,47.1934,79.1534],[51.7947,98.0899,43.6515],[27.119,128.936,28.0284],[13.7587,144.629,15.9295],[4.79959,154.533,5.58403],[[[0.836579,0.531666,-0.132161],[-0.16701,0.477253,0.86275],[0.521769,-0.699686,0.488053]],[[0.808488,0.567125,-0.157214],[-0.0944173,0.388673,0.916526],[0.58089,-0.726156,0.367783]],[[0.808488,0.567125,-0.157214],[-0.183885,0.4972,0.847926],[0.559047,-0.656628,0.506266]],[[0.808488,0.567125,-0.157214],[-0.255135,0.578491,0.774761],[0.530334,-0.586274,0.612396]]],1],[312,[-0.312628,0.817532,-0.483637],31,66.2525,[42.8909,182.93,4.35073],[43.2815,182.771,4.03082],[132.275,36.1281,15.3521],false,[99.2396,54.8075,78.7295],[71.5001,107.593,44.0472],[56.7226,149.22,26.1546],[47.9327,172.206,12.5565],[42.1509,186.343,1.97567],[[[0.915512,0.343045,-0.210137],[-0.0116762,0.544789,0.838492],[0.402121,-0.765196,0.502767]],[[0.949874,0.268036,-0.160923],[0.0399263,0.406515,0.912771],[0.310074,-0.873443,0.375436]],[[0.949874,0.268036,-0.160923],[0.00192718,0.509703,0.860348],[0.312628,-0.817532,0.483637]],[[0.949874,0.268036,-0.160923],[-0.0301968,0.590986,0.806117],[0.311172,-0.76085,0.569456]]],2],[313,[-0.227696,0.7473,-0.624258],31,63.7035,[73.7531,177.082,-5.46858],[75.1455,177.272,-5.42749],[110.736,19.4072,31.8523],false,[109.969,60.0597,76.5281],[93.7874,110.786,44.8903],[84.0099,147.103,21.7149],[77.7732,167.571,4.61634],[73.5198,180.118,-8.25937],[[[0.962967,0.18465,-0.196467],[0.0665875,0.543236,0.836936],[0.261268,-0.819023,0.510822]],[[0.973032,0.150308,-0.174977],[0.0649919,0.549183,0.833171],[0.221326,-0.822074,0.524604]],[[0.973032,0.150308,-0.174977],[0.0369294,0.647264,0.761371],[0.227696,-0.7473,0.624258]],[[0.973032,0.150308,-0.174977],[0.0140717,0.718464,0.695422],[0.230242,-0.67913,0.696973]]],3],[314,[-0.111406,0.717858,-0.687218],31,49.9424,[107.127,160.657,-1.03954],[109.031,160.79,-0.585334],[106.791,2.51677,41.0602],false,[122.283,60.0466,69.7168],[114.818,109.997,42.5833],[112.154,138.558,22.5964],[110,152.441,9.30646],[107.667,163.158,-3.73819],[[[0.962405,-0.00369716,-0.271592],[0.238373,0.490835,0.838009],[0.130208,-0.871245,0.473264]],[[0.9697,-0.0727671,-0.233211],[0.232117,0.572132,0.78663],[0.0761866,-0.816927,0.571686]],[[0.9697,-0.0727671,-0.233211],[0.217419,0.692376,0.688],[0.111406,-0.717858,0.687218]],[[0.9697,-0.0727671,-0.233211],[0.202345,0.774136,0.599809],[0.136891,-0.628823,0.765403]]],4]],[[0,200,0],[235.247,235.247,147.751]]],[119550,81039879999,[[31,"right",[-0.380994,0.847045,-0.370619],[0.0851641,-0.366998,-0.926315],[85.1479,86.3483,49.0476],[54.4148,-12.9914,-18.8385],[84.007,86.5203,49.4065],0,0,0.778001,[[0.918318,0.32237,0.229716],[-0.366771,0.911232,0.187444],[-0.148898,-0.256387,0.955037]],63.003,[72.315,-22.8575,327.241],[112.065,45.588,72.2824]]],[[310,[-0.636687,0.658203,-0.401745],31,51.5299,[11.7456,85.303,36.1308],[11.832,85.3167,35.9398],[63.7186,77.2182,-26.4137],false,[88.3132,27.9656,65.5526],[88.3132,27.9656,65.5526],[48.1802,54.2209,53.8902],[26.7163,76.4102,40.3466],[8.13904,88.953,34.5989],[[[0.219948,0.648254,0.728965],[-0.630329,-0.475876,0.613374],[0.744519,-0.594398,0.303945]],[[0.215259,0.651982,0.727038],[-0.540813,-0.540314,0.644657],[0.813133,-0.531959,0.236293]],[[0.215259,0.651982,0.727038],[-0.740469,-0.376416,0.556792],[0.636687,-0.658203,0.401745]],[[0.215259,0.651982,0.727038],[-0.556019,-0.530208,0.640096],[0.802812,-0.542033,0.248383]]],0],[311,[-0.547819,0.665264,-0.507265],31,58.1458,[8.29704,153.159,7.86798],[8.23289,153.278,8.20595],[144.502,94.7256,-7.98108],false,[89.9775,47.0887,79.0004],[52.7581,98.5535,43.5398],[28.5697,129.807,27.9637],[15.4777,145.706,15.8409],[6.70651,155.733,5.45329],[[[0.843607,0.521246,-0.128953],[-0.162867,0.477228,0.863555],[0.511665,-0.7075,0.487487]],[[0.816975,0.555962,-0.153161],[-0.0911729,0.386779,0.917654],[0.56942,-0.735737,0.366678]],[[0.816975,0.555962,-0.153161],[-0.180128,0.498327,0.848071],[0.547819,-0.665264,0.507265]],[[0.816975,0.555962,-0.153161],[-0.250944,0.581873,0.773596],[0.51921,-0.593574,0.614891]]],1],[312,[-0.300736,0.821432,-0.484569],31,66.2525,[45.0958,183.539,4.39081],[45.4498,183.412,4.07538],[164.306,45.1236,11.0611],false,[99.5656,54.5818,78.6169],[72.5825,107.803,44.0035],[58.3965,149.681,26.2204],[49.9409,172.777,12.5961],[44.3732,186.953,1.95305],[[[0.920301,0.331824,-0.207219],[-0.00662701,0.542832,0.839815],[0.391156,-0.771509,0.501767]],[[0.95369,0.255989,-0.157938],[0.0432652,0.402871,0.914233],[0.297662,-0.878729,0.373139]],[[0.95369,0.255989,-0.157938],[0.00569126,0.509626,0.860377],[0.300736,-0.821432,0.484569]],[[0.95369,0.255989,-0.157938],[-0.0261317,0.593605,0.804332],[0.299653,-0.762957,0.572805]]],2],[313,[-0.217662,0.750979,-0.623421],31,63.7035,[75.7577,177.372,-5.25356],[77.1541,177.525,-5.29112],[143.255,21.9279,27.3009],false,[110.366,59.7017,76.4528],[94.9067,110.708,44.9048],[85.6068,147.205,21.8155],[79.645,167.774,4.73978],[75.5642,180.379,-8.13479],[[[0.965695,0.172802,-0.193837],[0.0716138,0.540281,0.838432],[0.249609,-0.823551,0.509372]],[[0.97507,0.139076,-0.172905],[0.0701553,0.546025,0.834826],[0.210515,-0.826144,0.522656]],[[0.97507,0.139076,-0.172905],[0.0431446,0.645514,0.762528],[0.217662,-0.750979,0.623421]],[[0.97507,0.139076,-0.172905],[0.0210473,0.717732,0.696002],[0.220897,-0.68229,0.696911]]],3],[314,[-0.10115,0.721118,-0.685389],31,49.9424,[108.934,160.595,-0.726796],[110.847,160.634,-0.398172],[134.952,-2.31296,36.4512],false,[122.694,59.5478,69.6692],[115.93,109.657,42.6432],[113.664,138.314,22.7452],[111.708,152.259,9.49067],[109.532,163.036,-3.53194],[[[0.962898,-0.0153381,-0.26943],[0.242712,0.485686,0.839762],[0.117978,-0.873999,0.471388]],[[0.969196,-0.0840774,-0.231495],[0.237603,0.566621,0.788978],[0.0648345,-0.819678,0.569144]],[[0.969196,-0.0840774,-0.231495],[0.224561,0.687692,0.6904],[0.10115,-0.721118,0.685389]],[[0.969196,-0.0840774,-0.231495],[0.210625,0.770124,0.602118],[0.127655,-0.632329,0.76411]]],4]],[[0,200,0],[235.247,235.247,147.751]]],[119551,81039888792,[[31,"right",[-0.366832,0.852127,-0.373247],[0.086738,-0.36814,-0.925716],[86.4062,86.7022,49.3201],[78.2885,1.33877,-5.42497],[84.8055,86.5808,49.3778],0,0,0.797584,[[0.922527,0.310171,0.229648],[-0.355045,0.915344,0.189967],[-0.151284,-0.256785,0.954555]],63.003,[72.2156,-22.9709,327.572],[112.603,45.581,72.742]]],[[310,[-0.621909,0.670353,-0.404791],31,51.5299,[12.9936,86.6