{"metadata":{"formatVersion":2,"generatedBy":"LeapJS Playback 0.2.1","frames":49,"protocolVersion":6,"serviceVersion":"2.2.5+26752","frameRate":"90","modified":"Wed Apr 22 2015 20:47:09 GMT-0300 (E. South America Standard Time)"},"frames":[["id","timestamp",{"hands":[["id","type","direction","palmNormal","palmPosition","palmVelocity","stabilizedPalmPosition","pinchStrength","grabStrength","confidence","armBasis","armWidth","elbow","wrist"]]},{"pointables":[["id","direction","handId","length","stabilizedTipPosition","tipPosition","tipVelocity","tool","carpPosition","mcpPosition","pipPosition","dipPosition","btipPosition","bases","type"]]},{"interactionBox":["center","size"]}],[407812,83648076162,[[147,"left",[0.842636,0.0745019,-0.533304],[0.523983,-0.341724,0.780171],[-99.7673,136.863,39.7655],[-3.33531,4.90216,1.33663],[-103.902,130.649,34.5177],0.780735,0,0.403,[[-0.316286,-0.915763,-0.247672],[-0.324389,0.349738,-0.878894],[-0.891479,0.19764,0.40768]],60.534,[-374.708,178.354,166.124],[-146.044,127.659,61.5543]],[148,"right",[-0.396836,0.0858698,-0.913864],[-0.189034,-0.981918,-0.0101786],[14.9834,173.871,89.6679],[121.328,-74.3843,-69.5927],[12.6264,175.189,90.963],0.992849,0,0.530735,[[0.527835,0.0939109,-0.844139],[0.30149,0.90843,0.289583],[0.794037,-0.407351,0.451188]],63.72,[258.466,62.2049,257.787],[44.076,172.19,135.966]]],[[1470,[0.849167,-0.520585,-0.0889225],147,49.5106,[-64.5634,128.901,75.5214],[-63.6005,125.396,75.3958],[-9.21846,-19.0616,-10.9792],false,[-140.046,149.283,80.1482],[-140.046,149.283,80.1482],[-93.5105,158.409,79.9602],[-66.0053,141.546,77.08],[-63.5685,119.625,74.2831],[[[-0.354184,-0.056798,-0.933449],[-0.463294,0.877714,0.122384],[-0.81235,-0.475808,0.337186]],[[-0.0282105,0.123422,-0.991953],[-0.190395,0.973518,0.126543],[-0.981302,-0.192432,0.00396451]],[[-0.0282105,0.123422,-0.991953],[0.527371,0.844842,0.0901199],[-0.849167,0.520585,0.0889225]],[[-0.0282105,0.123422,-0.991953],[0.993575,0.112266,-0.0142881],[-0.109599,0.985983,0.125796]]],0],[1471,[0.982239,-0.167519,-0.0845214],147,55.8671,[-8.15261,150.57,19.2084],[-3.62739,150.682,22.2446],[-4.24936,-1.38076,-4.51979],false,[-142.164,149.21,57.7294],[-77.8768,161.616,33.275],[-38.4424,157.007,23.815],[-15.8884,153.16,21.8742],[-0.00898679,149.826,22.3024],[[[0.0191236,-0.911034,-0.411888],[-0.391872,0.372172,-0.841382],[-0.919821,-0.177498,0.349892]],[[-0.186068,-0.927688,-0.323687],[-0.178473,0.355871,-0.917335],[-0.966192,0.112918,0.231783]],[[-0.186068,-0.927688,-0.323687],[-0.0241859,0.333664,-0.942382],[-0.982239,0.167519,0.0845214]],[[-0.186068,-0.927688,-0.323687],[0.0909662,0.31176,-0.945797],[-0.978317,0.205427,-0.0263797]]],1],[1472,[-0.828422,-0.114209,0.548337],147,63.6561,[-101.061,129.883,71.4296],[-94.3945,130.839,77.5404],[-3.80383,0.742025,1.23193],false,[-142.062,139.369,51.4066],[-81.4601,142.723,24.7764],[-58.4002,133.626,63.2763],[-80.7796,130.541,78.0894],[-98.6171,130.92,77.4658],[[[-0.0388008,-0.976647,-0.211319],[-0.403097,0.208805,-0.891018],[-0.914334,-0.0506096,0.401785]],[[-0.0129415,-0.974826,-0.222591],[0.863841,0.101215,-0.493491],[-0.503598,0.198669,-0.840785]],[[-0.0129415,-0.974826,-0.222591],[0.559955,-0.191495,0.806089],[0.828422,0.114209,-0.548337]],[[-0.0129415,-0.974826,-0.222591],[-0.0387817,-0.221952,0.974286],[0.999164,-0.0212411,0.034933]]],2],[1473,[-0.768314,0.0948218,0.63301],147,61.2071,[-103.88,119.05,68.5465],[-98.8473,121.108,72.5261],[-3.34157,1.53939,0.267753],false,[-142.145,128.245,47.8772],[-89.201,122.816,21.2557],[-65.0392,116.221,55.5244],[-85.2588,118.716,72.1832],[-102.73,121.794,72.7534],[[[-0.142431,-0.986393,-0.0821152],[-0.433781,0.136775,-0.890577],[-0.88969,0.0912262,0.447359]],[[-0.175221,-0.982346,-0.0655229],[0.803282,-0.104167,-0.586419],[-0.569241,0.155386,-0.807353]],[[-0.175221,-0.982346,-0.0655229],[0.615623,-0.161259,0.771365],[0.768314,-0.0948218,-0.63301]],[[-0.175221,-0.982346,-0.0655229],[0.0201911,-0.070124,0.997334],[0.984322,-0.173431,-0.0321218]]],3],[1474,[-0.709374,0.124155,0.693811],147,47.9852,[-102.387,104.249,59.811],[-99.3993,107.028,61.7284],[-4.24752,1.61836,-0.846965],false,[-141.698,115.076,50.9106],[-95.8565,103.64,22.587],[-73.4739,103.268,47.632],[-86.6547,105.575,60.5236],[-102.85,107.338,62.1834],[[[-0.170802,-0.978154,0.118499],[-0.52754,-0.0107914,-0.849462],[-0.832183,0.207603,0.514172]],[[-0.100357,-0.992126,0.0749285],[0.738881,-0.124751,-0.662187],[-0.666321,0.0110921,-0.745583]],[[-0.100357,-0.992126,0.0749285],[0.697651,-0.0164767,0.716248],[0.709374,-0.124155,-0.693811]],[[-0.100357,-0.992126,0.0749285],[0.10863,0.0639324,0.992024],[0.989003,-0.107696,-0.101359]]],4],[1480,[-0.239218,-0.457177,-0.8566],148,52.1164,[-9.49614,125.382,71.69],[-8.09129,124.25,70.8528],[108.63,-67.5899,-54.7456],false,[17.7861,166.101,150.555],[17.7861,166.101,150.555],[-9.5681,149.857,112.089],[-17.7244,134.269,82.8826],[-5.27559,121.751,67.5187],[[[0.45308,0.827121,-0.332551],[-0.483467,0.541394,0.687861],[0.748984,-0.150878,0.645181]],[[0.215463,0.835225,-0.50594],[-0.808262,0.443282,0.387575],[0.547986,0.325423,0.770591]],[[0.215463,0.835225,-0.50594],[-0.946758,0.305596,0.101296],[0.239218,0.457177,0.8566]],[[0.215463,0.835225,-0.50594],[-0.818925,-0.127672,-0.559519],[-0.531919,0.534882,0.656478]]],0],[1481,[-0.404416,-0.102051,-0.908864],148,58.8075,[-50.3916,178.604,4.62413],[-48.2906,177.306,3.61002],[146.501,-78.6019,-91.4005],false,[24.4804,184.859,137.702],[-17.0172,182.363,77.0039],[-33.811,183.018,37.4652],[-43.5859,180.552,15.4976],[-50.6127,177.178,0.293613],[[[0.818833,-0.151899,-0.55357],[0.10654,0.987813,-0.113463],[0.564059,0.0339303,0.825037]],[[0.910124,-0.142835,-0.388939],[0.137388,0.989629,-0.0419435],[0.390896,-0.0152618,0.920308]],[[0.910124,-0.142835,-0.388939],[0.090126,0.984471,-0.150644],[0.404416,0.102051,0.908864]],[[0.910124,-0.142835,-0.388939],[0.0503147,0.969854,-0.238435],[0.411271,0.197436,0.889874]]],1],[1482,[-0.228046,-0.940118,0.253326],148,67.0064,[-25.2031,98.8481,72.5624],[-23.8595,98.0658,71.8486],[94.8757,-62.2999,-41.2388],false,[34.3035,184.67,130.279],[3.12924,180.777,67.9851],[-15.5217,137.455,58.0567],[-22.0065,110.721,65.2604],[-24.3562,94.2746,74.0426],[[[0.857271,-0.312076,-0.409507],[0.255797,0.948417,-0.187276],[0.446828,0.0557957,0.892878]],[[0.890698,-0.30652,-0.335713],[-0.238602,0.313371,-0.919167],[0.386946,0.898802,0.205982]],[[0.890698,-0.30652,-0.335713],[-0.393259,-0.149079,-0.907261],[0.228046,0.940118,-0.253326]],[[0.890698,-0.30652,-0.335713],[-0.437062,-0.374282,-0.817857],[0.125038,0.875191,-0.46734]]],2],[1483,[-0.313881,-0.921253,0.229719],148,64.4285,[-7.90405,100.823,68.3127],[-6.87363,99.9931,67.197],[95.255,-73.2702,-42.0166],false,[44.6472,181.663,124.372],[25.3195,176.536,65.0096],[5.17928,137.932,54.9911],[-3.51586,112.412,61.3548],[-7.52932,96.1719,69.6766],[[[0.891942,-0.371065,-0.258358],[0.330505,0.924993,-0.187497],[0.308553,0.0818474,0.947679]],[[0.873403,-0.375043,-0.31066],[-0.18432,0.335878,-0.923695],[0.450769,0.864019,0.224229]],[[0.873403,-0.375043,-0.31066],[-0.372351,-0.103127,-0.922345],[0.313881,0.921253,-0.229719]],[[0.873403,-0.375043,-0.31066],[-0.437063,-0.32228,-0.839709],[0.214807,0.869183,-0.445398]]],3],[1484,[-0.477976,-0.855005,0.201258],148,50.5107,[10.3118,113.437,65.1346],[11.2118,112.717,63.9892],[105.338,-85.4793,-41.1096],false,[54.8367,172.118,121.611],[45.0936,168.334,64.5752],[26.3821,139.884,55.0511],[17.0335,123.161,58.9874],[9.96783,109.261,66.3338],[[[0.854707,-0.506799,-0.112383],[0.491164,0.859591,-0.140931],[0.168027,0.0652565,0.98362]],[[0.848296,-0.508774,-0.146774],[0.0189437,0.306163,-0.951791],[0.529183,0.80462,0.269355]],[[0.848296,-0.508774,-0.146774],[-0.227887,-0.100572,-0.96848],[0.477976,0.855005,-0.201258]],[[0.848296,-0.508774,-0.146774],[-0.335203,-0.301382,-0.892641],[0.409918,0.806423,-0.426204]]],4]],[[0,200,0],[235.247,235.247,147.751]]],[407813,83648085418,[[147,"left",[0.842542,0.0743131,-0.53348],[0.524043,-0.342045,0.77999],[-99.8043,136.886,39.7617],[-3.52188,4.21635,0.844517],[-103.868,130.7,34.5607],0.781349,0,0.408634,[[-0.315506,-0.91586,-0.248308],[-0.324405,0.350009,-0.87878],[-0.89175,0.196708,0.407539]],60.534,[-374.813,178.149,166.093],[-146.079,127.694,61.5592]],[148,"right",[-0.384583,0.129915,-0.913903],[-0.161059,-0.984304,-0.0721466],[15.7146,171.114,86.2444],[109.426,-137.213,-154.021],[13.4906,174.048,89.6425],0.988781,0,0.388878,[[0.544135,0.105736,-0.832308],[0.244125,0.92915,0.27764],[0.802695,-0.35426,0.479771]],63.72,[260.834,71.7902,262.4],[44.1064,167.44,132.862]]],[[1470,[0.848096,-0.522175,-0.0898072],147,49.5106,[-64.5586,128.835,75.5112],[-63.723,125.233,75.3048],[-10.1442,-19.2736,-10.4851],false,[-140.069,149.312,80.1558],[-140.069,149.312,80.1558],[-93.5051,158.287,79.9002],[-66.0346,141.373,76.9913],[-63.7102,119.438,74.1987],[[[-0.354414,-0.0565063,-0.93338],[-0.462968,0.877849,0.122649],[-0.812436,-0.475593,0.337282]],[[-0.0291872,0.123198,-0.991953],[-0.187058,0.974171,0.126494],[-0.981915,-0.189244,0.00538815]],[[-0.0291872,0.123198,-0.991953],[0.529037,0.843893,0.089243],[-0.848097,0.522175,0.0898072]],[[-0.0291872,0.123198,-0.991953],[0.994092,0.107371,-0.015915],[-0.104546,0.986557,0.125604]]],0],[1471,[0.982115,-0.168086,-0.0848391],147,55.8671,[-8.13297,150.57,19.2214],[-3.67065,150.667,22.2048],[-4.45233,-1.5231,-4.73644],false,[-142.193,149.244,57.7373],[-77.9069,161.632,33.2708],[-38.4835,157.012,23.7704],[-15.9323,153.152,21.8224],[-0.0556147,149.806,22.2543],[[[0.0187209,-0.910965,-0.412059],[-0.391935,0.372459,-0.841226],[-0.919802,-0.177249,0.350066]],[[-0.18671,-0.927557,-0.323693],[-0.179266,0.356123,-0.917083],[-0.965921,0.113202,0.232771]],[[-0.18671,-0.927557,-0.323693],[-0.024285,0.333744,-0.942351],[-0.982115,0.168086,0.0848391]],[[-0.18671,-0.927557,-0.323693],[0.0914196,0.311653,-0.945788],[-0.978152,0.20618,-0.0266081]]],1],[1472,[-0.828407,-0.11399,0.548405],147,63.6561,[-101.046,129.885,71.4435],[-94.4346,130.853,77.5378],[-4.04294,0.952793,0.821386],false,[-142.095,139.404,51.4128],[-81.4985,142.743,24.7696],[-58.4436,133.629,63.2686],[-80.8227,130.55,78.0836],[-98.6602,130.935,77.4648],[[[-0.0391806,-0.976595,-0.211489],[-0.403227,0.209106,-0.890889],[-0.914261,-0.0503723,0.401982]],[[-0.0133359,-0.974782,-0.222761],[0.8639,0.100945,-0.493444],[-0.503487,0.199024,-0.840768]],[[-0.0133359,-0.974782,-0.222761],[0.559968,-0.19185,0.805996],[0.828407,0.11399,-0.548405]],[[-0.0133359,-0.974782,-0.222761],[-0.0385969,-0.222113,0.974257],[0.999166,-0.0215905,0.0346615]]],2],[1473,[-0.76795,0.0948889,0.633443],147,61.2071,[-103.832,119.069,68.585],[-98.8756,121.123,72.5267],[-3.23963,1.51724,0.28539],false,[-142.183,128.28,47.8813],[-89.2469,122.839,21.247],[-65.0773,116.229,55.5072],[-85.2873,118.726,72.1775],[-102.758,121.809,72.7591],[[[-0.142785,-0.986329,-0.082264],[-0.433935,0.137086,-0.890454],[-0.889558,0.0914467,0.447576]],[[-0.175545,-0.982278,-0.0656763],[0.80308,-0.104294,-0.586673],[-0.569426,0.155731,-0.807157]],[[-0.175545,-0.982278,-0.0656763],[0.615985,-0.161633,0.770998],[0.76795,-0.0948889,-0.633443]],[[-0.175545,-0.982278,-0.0656763],[0.0207779,-0.0703941,0.997303],[0.984252,-0.173707,-0.032767]]],3],[1474,[-0.70912,0.123934,0.69411],147,47.9852,[-102.364,104.269,59.8252],[-99.4362,107.041,61.7215],[-4.25896,1.47583,-0.818095],false,[-141.74,115.111,50.9122],[-95.9087,103.665,22.5762],[-73.5189,103.282,47.6146],[-86.6949,105.585,60.5117],[-102.889,107.348,62.178],[[[-0.171108,-0.978117,0.118358],[-0.527735,-0.0104561,-0.849345],[-0.831997,0.207791,0.514397]],[[-0.100388,-0.992148,0.0745896],[0.738682,-0.124545,-0.662448],[-0.666536,0.0114039,-0.745385]],[[-0.100388,-0.992148,0.0745896],[0.697904,-0.0167874,0.715994],[0.70912,-0.123934,-0.69411]],[[-0.100388,-0.992148,0.0745896],[0.108991,0.0635512,0.992009],[0.988961,-0.107716,-0.101755]]],4],[1480,[-0.211664,-0.411284,-0.886591],148,52.1164,[-8.22246,124.397,69.1546],[-5.72109,122.173,64.1471],[148.412,-112.02,-242.048],false,[17.7711,159.771,146.598],[17.7711,159.771,146.598],[-8.64567,145.209,106.825],[-15.8625,131.186,76.5962],[-2.82515,119.959,60.7308],[[[0.434763,0.857674,-0.274548],[-0.509385,0.485623,0.71042],[0.742636,-0.169014,0.648017]],[[0.199908,0.869746,-0.451196],[-0.824607,0.398058,0.401962],[0.529207,0.291704,0.796774]],[[0.199908,0.869746,-0.451196],[-0.956679,0.272738,0.101875],[0.211664,0.411284,0.886591]],[[0.199908,0.869746,-0.451196],[-0.806049,-0.115828,-0.580404],[-0.557066,0.479713,0.677903]]],0],[1481,[-0.388844,-0.0639364,-0.919082],148,58.8075,[-48.9833,178.446,2.51037],[-46.4201,177.816,-0.473505],[161.791,-47.8239,-188.761],false,[24.136,179.444,135.008],[-16.3084,179.479,73.5526],[-32.567,181.922,33.8606],[-41.9655,180.377,11.646],[-48.682,177.601,-3.81694],[[[0.831456,-0.0959377,-0.547245],[0.0803999,0.995387,-0.0523463],[0.549743,-0.000474811,0.835334]],[[0.919197,-0.094352,-0.382329],[0.108916,0.993913,0.0165772],[0.378438,-0.0568796,0.923878]],[[0.919197,-0.094352,-0.382329],[0.0622725,0.993484,-0.0954584],[0.388844,0.0639364,0.919082]],[[0.919197,-0.094352,-0.382329],[0.0232799,0.982195,-0.186419],[0.39311,0.162455,0.905026]]],1],[1482,[-0.213408,-0.961514,0.173053],148,67.0064,[-24.0054,97.8832,69.4093],[-21.0066,95.59,62.2529],[149.105,-119.894,-337.203],false,[34.0768,179.97,127.761],[4.01501,178.989,64.8091],[-13.387,136.122,51.2859],[-19.4555,108.78,56.2069],[-21.6593,91.6434,63.5982],[[[0.872113,-0.263394,-0.412362],[0.23186,0.964586,-0.125759],[0.430882,0.0140658,0.902298]],[[0.904864,-0.261318,-0.336056],[-0.225555,0.375198,-0.899084],[0.361034,0.889348,0.280562]],[[0.904864,-0.261318,-0.336056],[-0.368344,-0.0848728,-0.925807],[0.213408,0.961514,-0.173053]],[[0.904864,-0.261318,-0.336056],[-0.409228,-0.316491,-0.855784],[0.117273,0.911892,-0.39332]]],2],[1483,[-0.286201,-0.940667,0.182303],148,64.4285,[-6.2997,99.863,65.7289],[-3.43276,98.0932,59.7521],[174.976,-112.186,-248.519],false,[44.5935,177.607,121.866],[26.3604,175.54,61.9741],[7.57777,136.889,49.743],[-0.350579,110.831,54.7932],[-3.92153,94.0996,62.3032],[[[0.906039,-0.330413,-0.264425],[0.307193,0.943259,-0.126071],[0.291077,0.032996,0.95613]],[[0.888708,-0.331726,-0.316475],[-0.182961,0.376326,-0.908242],[0.420385,0.865064,0.273751]],[[0.888708,-0.331726,-0.316475],[-0.358172,-0.0714386,-0.930919],[0.286201,0.940667,-0.182303]],[[0.888708,-0.331726,-0.316475],[-0.416737,-0.296727,-0.859234],[0.191123,0.895495,-0.401946]]],3],[1484,[-0.456832,-0.87817,0.141851],148,50.5107,[11.7949,112.657,62.4357],[14.1023,111.527,56.9149],[163.467,-98.3069,-245.162],false,[55.0908,168.527,118.718],[46.3626,167.921,61.3965],[28.6475,139.581,49.85],[19.7125,122.405,52.6245],[12.919,107.91,59.0167],[[[0.870343,-0.475655,-0.127496],[0.468877,0.87957,-0.0806939],[0.150524,0.0104513,0.988551]],[[0.865007,-0.475744,-0.159468],[0.0275431,0.36236,-0.931631],[0.501003,0.801476,0.326547]],[[0.865007,-0.475744,-0.159468],[-0.207525,-0.0498519,-0.976959],[0.456832,0.87817,-0.141851]],[[0.865007,-0.475744,-0.159468],[-0.310527,-0.257935,-0.9149],[0.394126,0.840915,-0.370847]]],4]],[[0,200,0],[235.247,235.247,147.751]]],[407814,83648094253,[[147,"left",[0.842456,0.074156,-0.533637],[0.524086,-0.342426,0.779794],[-99.8411,136.914,39.757],[-3.69528,3.9257,0.471104],[-103.836,130.75,34.6026],0.782269,0,0.416182,[[-0.314773,-0.915927,-0.248991],[-0.324413,0.350346,-0.878643],[-0.892006,0.195797,0.407418]],60.534,[-374.914,177.954,166.065],[-146.114,127.732,61.5618]],[148,"right",[-0.382276,0.118995,-0.916354],[-0.172124,-0.983487,-0.0559076],[17.2293,170.976,85.5549],[126.191,-104.354,-133.486],[14.4125,173.291,88.6346],0.989211,0,0.411743,[[0.543183,0.0749095,-0.836266],[0.247712,0.93738,0.244864],[0.802241,-0.340159,0.490613]],63.72,[262.141,75.9165,264.723],[45.5363,167.759,132.258]]],[[1470,[0.847144,-0.523593,-0.0905431],147,49.5106,[-64.5558,128.773,75.501],[-63.8379,125.107,75.2315],[-10.8455,-18.147,-9.60609],false,[-140.093,149.344,80.1626],[-140.093,149.344,80.1626],[-93.5082,158.207,79.8599],[-66.0686,141.248,76.9271],[-63.8462,119.302,74.1349],[[[-0.354628,-0.0561454,-0.93332],[-0.462637,0.877978,0.122969],[-0.812531,-0.475396,0.33733]],[[-0.0298827,0.123183,-0.991934],[-0.184614,0.974624,0.126595],[-0.982357,-0.186907,0.00638313]],[[-0.0298827,0.123183,-0.991934],[0.530523,0.843016,0.0887075],[-0.847144,0.523593,0.0905431]],[[-0.0298827,0.123183,-0.991934],[0.994543,0.102902,-0.0171824],[-0.0999559,0.987034,0.125586]]],0],[1471,[0.981971,-0.168748,-0.0851892],147,55.8671,[-8.11685,150.57,19.232],[-3.71499,150.653,22.1629],[-4.70985,-1.66791,-5.07232],false,[-142.222,149.282,57.7446],[-77.9364,161.654,33.2678],[-38.5256,157.02,23.7223],[-15.9777,153.145,21.7662],[-0.104085,149.784,22.2024],[[[0.0183183,-0.910866,-0.412295],[-0.391981,0.37281,-0.841049],[-0.919791,-0.177018,0.350213]],[[-0.187454,-0.927398,-0.32372],[-0.18014,0.35643,-0.916792],[-0.965614,0.113541,0.233876]],[[-0.187454,-0.927398,-0.32372],[-0.0243772,0.333853,-0.94231],[-0.981971,0.168748,0.0851892]],[[-0.187454,-0.927398,-0.32372],[0.0919498,0.311548,-0.945771],[-0.97796,0.207054,-0.0268733]]],1],[1472,[-0.828342,-0.113803,0.548542],147,63.6561,[-101.029,129.888,71.4596],[-94.4716,130.869,77.5345],[-4.1166,1.19836,0.535422],false,[-142.129,139.444,51.4175],[-81.5364,142.768,24.7625],[-58.4835,133.636,63.2583],[-80.8608,130.561,78.0769],[-98.6983,130.953,77.4641],[[[-0.0395643,-0.976527,-0.211729],[-0.403339,0.209473,-0.890752],[-0.914195,-0.0501568,0.40216]],[[-0.0137546,-0.974723,-0.222992],[0.863918,0.100701,-0.493462],[-0.503444,0.199434,-0.840696]],[[-0.0137546,-0.974723,-0.222992],[0.560054,-0.192259,0.805839],[0.828342,0.113803,-0.548542]],[[-0.0137546,-0.974723,-0.222992],[-0.0383575,-0.222335,0.974216],[0.999169,-0.0219534,0.0343299]]],2],[1473,[-0.767629,0.0949007,0.633829],147,61.2071,[-103.785,119.088,68.622],[-98.9054,121.139,72.5245],[-3.26661,1.58729,0.196942],false,[-142.221,128.321,47.8832],[-89.2924,122.867,21.2364],[-65.1161,116.24,55.4887],[-85.3177,118.738,72.1691],[-102.787,121.826,72.7611],[[[-0.143146,-0.986258,-0.0824853],[-0.434072,0.137464,-0.890329],[-0.889433,0.091642,0.447785]],[[-0.175853,-0.982207,-0.0659135],[0.802901,-0.104365,-0.586905],[-0.569584,0.156131,-0.806968]],[[-0.175853,-0.982207,-0.0659135],[0.616296,-0.162058,0.770659],[0.767629,-0.0949008,-0.633829]],[[-0.175853,-0.982207,-0.0659135],[0.0212904,-0.070736,0.997268],[0.984186,-0.17397,-0.0333507]]],3],[1474,[-0.7089,0.123711,0.694375],147,47.9852,[-102.342,104.287,59.8387],[-99.4747,107.057,61.7115],[-4.3727,1.52994,-0.904318],false,[-141.782,115.151,50.9107],[-95.9606,103.696,22.5621],[-73.5649,103.3,47.5951],[-86.7368,105.599,60.4972],[-102.93,107.364,62.1693],[[[-0.171423,-0.978088,0.118145],[-0.527915,-0.0100563,-0.849238],[-0.831817,0.20795,0.514623]],[[-0.100464,-0.99217,0.0742007],[0.738513,-0.124339,-0.662675],[-0.666713,0.0117768,-0.745222]],[[-0.100464,-0.99217,0.0742007],[0.698118,-0.0171588,0.715777],[0.7089,-0.123711,-0.694375]],[[-0.100464,-0.99217,0.0742007],[0.109312,0.0631196,0.992001],[0.988918,-0.107771,-0.102115]]],4],[1480,[-0.213102,-0.424171,-0.880151],148,52.1164,[-7.23036,123.791,67.8065],[-4.71009,121.936,64.2647],[140.041,-89.1352,-173.401],false,[19.1037,160.618,146.091],[19.1037,160.618,146.091],[-7.47552,145.722,106.551],[-14.7414,131.26,76.5418],[-1.81253,119.624,60.8838],[[[0.444685,0.848009,-0.288334],[-0.504488,0.503127,0.70168],[0.7401,-0.166566,0.651543]],[[0.210326,0.859807,-0.465291],[-0.819906,0.414351,0.395053],[0.532463,0.298405,0.79211]],[[0.210326,0.859807,-0.465291],[-0.954123,0.284273,0.094012],[0.213102,0.424171,0.880151]],[[0.210326,0.859807,-0.465291],[-0.806589,-0.116323,-0.579555],[-0.552429,0.497194,0.669045]]],0],[1481,[-0.390147,-0.0792576,-0.917335],148,58.8075,[-47.7069,177.93,1.1738],[-44.8795,176.78,-1.26844],[165.892,-70.7343,-162.195],false,[25.7011,180.022,134.182],[-14.6856,179.489,72.6909],[-30.9421,181.334,32.9657],[-40.3721,179.418,10.7933],[-47.1275,176.367,-4.6004],[[[0.830802,-0.11444,-0.544675],[0.0917059,0.993404,-0.0688395],[0.54896,0.00724209,0.835817]],[[0.917952,-0.111129,-0.380807],[0.11911,0.992878,-0.00262651],[0.378387,-0.0429471,0.924651]],[[0.917952,-0.111129,-0.380807],[0.0717609,0.99064,-0.116111],[0.390147,0.0792576,0.917335]],[[0.917952,-0.111129,-0.380807],[0.0321027,0.977621,-0.20791],[0.39539,0.178626,0.900977]]],1],[1482,[-0.230171,-0.957387,0.174448],148,67.0064,[-23.2993,97.3663,67.6096],[-20.5818,95.5522,61.9733],[118.711,-88.3227,-263.984],false,[35.6537,180.315,126.937],[5.63869,178.624,63.9787],[-12.3312,135.933,50.6408],[-18.8764,108.709,55.6015],[-21.4117,91.6292,63.018],[[[0.869442,-0.280072,-0.406976],[0.242873,0.959673,-0.141565],[0.430212,0.0242396,0.902402]],[[0.90263,-0.27703,-0.329414],[-0.215098,0.372584,-0.902726],[0.372816,0.885684,0.276717]],[[0.90263,-0.27703,-0.329414],[-0.363704,-0.0816402,-0.92793],[0.230171,0.957387,-0.174448]],[[0.90263,-0.27703,-0.329414],[-0.408728,-0.311797,-0.857744],[0.13491,0.908866,-0.394667]]],2],[1483,[-0.292386,-0.93304,0.209637],148,64.4285,[-5.04512,99.1711,64.6076],[-2.47506,97.6947,60.9664],[158.372,-94.1822,-138.61],false,[46.1482,177.735,121.094],[27.9461,174.876,61.2257],[8.82471,136.084,50.0073],[0.725043,110.237,55.8147],[-2.93996,93.7539,63.8121],[[[0.902476,-0.344994,-0.257907],[0.31796,0.937494,-0.141441],[0.290583,0.0456435,0.955761]],[[0.885386,-0.346962,-0.309369],[-0.181483,0.354707,-0.917195],[0.427968,0.868217,0.251085]],[[0.885386,-0.346962,-0.309369],[-0.36139,-0.0951545,-0.927547],[0.292386,0.93304,-0.209637]],[[0.885386,-0.346962,-0.309369],[-0.421443,-0.318292,-0.849162],[0.196157,0.882217,-0.428036]]],3],[1484,[-0.466915,-0.870368,0.156365],148,50.5107,[12.8641,112.056,61.0673],[14.991,110.921,57.2388],[146.385,-89.9665,-169.202],false,[56.5449,168.485,118.109],[47.8613,167.022,60.7966],[29.8661,138.682,49.6936],[20.7338,121.659,52.7519],[13.7644,107.359,59.39],[[[0.865017,-0.48752,-0.118615],[0.478872,0.872747,-0.0948349],[0.149755,0.0252323,0.988401]],[[0.860122,-0.488058,-0.148287],[0.0344026,0.345551,-0.937769],[0.508927,0.801495,0.314007]],[[0.860122,-0.488058,-0.148287],[-0.205379,-0.0652562,-0.976504],[0.466915,0.870368,-0.156365]],[[0.860122,-0.488058,-0.148287],[-0.310974,-0.27129,-0.910877],[0.404332,0.829579,-0.385116]]],4]],[[0,200,0],[235.247,235.247,147.751]]],[407815,83648112341,[[147,"left",[0.842517,0.0733122,-0.533657],[0.523717,-0.343286,0.779664],[-99.9381,137.02,39.7493],[-4.48845,4.85886,0.0453577],[-103.769,130.858,34.6909],0.783283,0,0.433271,[[-0.313075,-0.916126,-0.250395],[-0.32465,0.351,-0.878295],[-0.892517,0.193681,0.40731]],60.534,[-375.152,177.566,166.029],[-146.221,127.887,61.5537]],[148,"right",[-0.373016,0.107173,-0.921614],[-0.205369,-0.978205,-0.0306318],[20.0233,170.395,85.0585],[139.632,-70.0236,-83.0703],[16.8321,172.042,87.0924],1,0,0.450403,[[0.534226,0.0233838,-0.845018],[0.269269,0.942842,0.196324],[0.80131,-0.332418,0.497394]],63.72,[264.304,77.7244,266.305],[47.9505,167.477,132.009]]],[[1470,[0.845253,-0.526509,-0.0913003],147,49.5106,[-64.5566,128.649,75.4794],[-64.0643,124.967,75.142],[-11.6128,-13.5964,-6.99913],false,[-140.173,149.486,80.1607],[-140.173,149.486,80.1607],[-93.5528,158.158,79.8088],[-66.1743,141.104,76.8515],[-64.1073,119.144,74.0606],[[[-0.354741,-0.0554415,-0.933319],[-0.461583,0.878492,0.123257],[-0.81308,-0.474529,0.337228]],[[-0.0304035,0.123196,-0.991917],[-0.180484,0.975387,0.126675],[-0.983108,-0.182876,0.00742034]],[[-0.0304035,0.123196,-0.991917],[0.533501,0.841196,0.0881238],[-0.845253,0.526509,0.0913003]],[[-0.0304035,0.123196,-0.991917],[0.995205,0.096035,-0.0185768],[-0.0929701,0.987725,0.125525]]],0],[1471,[0.981558,-0.170712,-0.0860324],147,55.8671,[-8.09118,150.569,19.2487],[-3.81948,150.616,22.0876],[-5.45751,-2.11917,-5.58782],false,[-142.303,149.434,57.7428],[-78.0043,161.736,33.2665],[-38.6233,157.047,23.6251],[-16.0849,153.127,21.6497],[-0.219644,149.728,22.0926],[[[0.0172117,-0.910763,-0.41257],[-0.391578,0.37353,-0.840917],[-0.919984,-0.176027,0.350206]],[[-0.189585,-0.92704,-0.323504],[-0.181822,0.356928,-0.916266],[-0.964883,0.11489,0.236225]],[[-0.189585,-0.92704,-0.323504],[-0.0245296,0.333848,-0.942308],[-0.981558,0.170712,0.0860324]],[[-0.189585,-0.92704,-0.323504],[0.0930456,0.311034,-0.945833],[-0.977446,0.209416,-0.0272897]]],1],[1472,[-0.828518,-0.112844,0.548475],147,63.6561,[-100.983,129.896,71.5044],[-94.59,130.959,77.5338],[-5.40313,3.00812,0.339245],false,[-142.222,139.597,51.4127],[-81.6272,142.857,24.7557],[-58.6024,133.683,63.2583],[-80.9844,130.635,78.0752],[-98.8217,131.049,77.4675],[[[-0.0407391,-0.976416,-0.212021],[-0.403134,0.210222,-0.890668],[-0.914234,-0.0491879,0.402191]],[[-0.0150357,-0.974648,-0.223238],[0.864254,0.0996081,-0.493095],[-0.50283,0.200348,-0.840846]],[[-0.0150357,-0.974648,-0.223238],[0.559761,-0.193203,0.805816],[0.828518,0.112844,-0.548475]],[[-0.0150357,-0.974648,-0.223238],[-0.0383584,-0.222537,0.974169],[0.999151,-0.0232103,0.0340399]]],2],[1473,[-0.767463,0.0955841,0.633927],147,61.2071,[-103.692,119.128,68.6983],[-99.0184,121.234,72.5141],[-4.71484,3.30524,-0.16831],false,[-142.328,128.475,47.8751],[-89.4071,122.967,21.224],[-65.2375,116.301,55.4734],[-85.4347,118.816,72.1564],[-102.9,121.924,72.7515],[[[-0.144325,-0.986062,-0.082775],[-0.433953,0.138249,-0.890265],[-0.8893,0.0925675,0.447857]],[[-0.176996,-0.981982,-0.0662162],[0.802761,-0.105113,-0.586963],[-0.569427,0.157046,-0.806901]],[[-0.176996,-0.981982,-0.0662162],[0.616176,-0.163021,0.770553],[0.767463,-0.0955841,-0.633927]],[[-0.176996,-0.981982,-0.0662162],[0.0213249,-0.071089,0.997242],[0.98398,-0.175096,-0.0335231]]],3],[1474,[-0.708617,0.123876,0.694634],147,47.9852,[-102.298,104.328,59.8671],[-99.5982,107.148,61.6984],[-5.63012,3.10141,-0.816494],false,[-141.904,115.304,50.8985],[-96.0981,103.803,22.5443],[-73.6985,103.375,47.5732],[-86.8652,105.677,60.4801],[-103.057,107.454,62.1575],[[[-0.172584,-0.977918,0.117859],[-0.527969,-0.00917122,-0.849214],[-0.831543,0.208786,0.514728]],[[-0.101237,-0.992132,0.0736553],[0.738303,-0.124547,-0.66287],[-0.666828,0.0127271,-0.745103]],[[-0.101237,-0.992132,0.0736553],[0.698293,-0.0181293,0.715583],[0.708617,-0.123876,-0.694634]],[[-0.101237,-0.992132,0.0736553],[0.109621,0.0624604,0.992009],[0.988804,-0.108502,-0.102435]]],4],[1480,[-0.207433,-0.443788,-0.871794],148,52.1164,[-5.16388,122.903,66.517],[-3.06043,121.611,64.9485],[123.364,-56.641,-74.8942],false,[21.2146,161.616,145.861],[21.2146,161.616,145.861],[-5.60699,146.662,106.507],[-12.6795,131.531,76.7828],[0.0373032,119.054,61.6058],[[[0.474994,0.824281,-0.308125],[-0.490767,0.53877,0.684744],[0.730431,-0.174032,0.660442]],[[0.24425,0.839457,-0.485443],[-0.807238,0.453399,0.377884],[0.537317,0.29957,0.788384]],[[0.24425,0.839457,-0.485443],[-0.947266,0.313632,0.0657355],[0.207433,0.443788,0.871794]],[[0.24425,0.839457,-0.485443],[-0.803175,-0.105382,-0.586348],[-0.543371,0.533111,0.648491]]],0],[1481,[-0.389209,-0.0950125,-0.916237],148,58.8075,[-44.3942,176.761,-0.737951],[-41.5247,175.807,-2.21278],[176.035,-65.6673,-110.1],false,[28.5364,180.456,133.478],[-11.5117,179.639,71.7694],[-27.5463,180.839,31.9295],[-36.9536,178.543,9.78366],[-43.7505,175.217,-5.53487],[[[0.829335,-0.157326,-0.536145],[0.126014,0.987484,-0.0948426],[0.544356,0.0110948,0.838781]],[[0.915215,-0.152611,-0.372949],[0.151936,0.987892,-0.031396],[0.373225,-0.0279303,0.92732]],[[0.915215,-0.152611,-0.372949],[0.104393,0.983709,-0.146354],[0.389209,0.0950125,0.916236]],[[0.915215,-0.152611,-0.372949],[0.0642253,0.968924,-0.238876],[0.397814,0.19467,0.896575]]],1],[1482,[-0.257229,-0.942152,0.214902],148,67.0064,[-22.1536,96.7276,66.3387],[-19.9753,95.6227,64.0649],[82.8884,-46.4801,-67.8645],false,[38.5322,180.214,126.292],[8.81801,177.847,63.2123],[-10.4023,135.186,51.6415],[-17.717,108.395,57.7526],[-20.7394,91.7156,65.8647],[[[0.86154,-0.320402,-0.393817],[0.276329,0.946674,-0.165681],[0.4259,0.0339175,0.904134]],[[0.893791,-0.316503,-0.317748],[-0.205253,0.341264,-0.917284],[0.398759,0.885079,0.240056]],[[0.893791,-0.316503,-0.317748],[-0.367384,-0.110344,-0.923501],[0.257229,0.942152,-0.214902]],[[0.893791,-0.316503,-0.317748],[-0.418653,-0.33473,-0.844207],[0.160834,0.887571,-0.431683]]],2],[1483,[-0.325149,-0.916507,0.233008],148,64.4285,[-3.31736,98.091,63.9576],[-2.02332,97.1881,62.3691],[94.283,-62.1115,-36.823],false,[48.9638,177.121,120.587],[30.9987,173.269,60.7019],[10.6206,134.866,50.398],[1.61333,109.477,56.8528],[-2.6517,93.3533,65.2753],[[[0.891526,-0.382365,-0.242856],[0.350612,0.921963,-0.164487],[0.286798,0.0614966,0.956015]],[[0.874652,-0.385138,-0.294367],[-0.164198,0.335969,-0.92745],[0.456095,0.859531,0.230617]],[[0.874652,-0.385138,-0.294367],[-0.35953,-0.108088,-0.926852],[0.325149,0.916507,-0.233008]],[[0.874652,-0.385138,-0.294367],[-0.427639,-0.327086,-0.842698],[0.228272,0.86295,-0.450787]]],3],[1484,[-0.494839,-0.847328,0.192793],148,50.5107,[14.7764,110.615,60.4396],[16.0658,109.63,59.0353],[105.697,-81.5608,-35.6288],false,[59.0539,167.446,117.916],[50.6356,164.733,60.6094],[31.892,136.495,50.5316],[22.2135,119.922,54.3024],[14.7507,106.18,61.5522],[[[0.848459,-0.519721,-0.100036],[0.50896,0.853054,-0.115146],[0.14518,0.0467819,0.988299]],[[0.846083,-0.52039,-0.115489],[0.0560872,0.302363,-0.951541],[0.530092,0.798606,0.285012]],[[0.846083,-0.52039,-0.115489],[-0.198184,-0.10597,-0.974419],[0.494839,0.847328,-0.192793]],[[0.846083,-0.52039,-0.115489],[-0.310952,-0.30586,-0.899866],[0.432958,0.797273,-0.420599]]],4]],[[0,200,0],[235.247,235.247,147.751]]],[407816,83648121439,[[147,"left",[0.842543,0.0729448,-0.533666],[0.523556,-0.34366,0.779607],[-99.9804,137.066,39.7459],[-4.53167,4.92538,-0.0690522],[-103.736,130.912,34.7353],0.782739,0,0.439526,[[-0.312335,-0.916211,-0.251006],[-0.324753,0.351285,-0.878143],[-0.892739,0.192759,0.40726]],60.534,[-375.255,177.398,166.012],[-146.268,127.955,61.5501]],[148,"right",[-0.368934,0.104181,-0.923598],[-0.218802,-0.975507,-0.0226351],[21.2888,170.082,84.9053],[139.484,-60.1294,-64.7172],[17.9491,171.551,86.5443],1,0,0.470315,[[0.531081,0.00239474,-0.847317],[0.277315,0.944431,0.176485],[0.800655,-0.328702,0.500905]],63.72,[265.219,78.4445,267.205],[49.0424,167.194,131.96]]],[[1470,[0.844665,-0.527399,-0.0916067],147,49.5106,[-64.5577,128.588,75.4685],[-64.1402,124.904,75.1005],[-10.2304,-11.9317,-6.14484],false,[-140.208,149.548,80.1598],[-140.208,149.548,80.1598],[-93.5694,158.12,79.7829],[-66.21,141.038,76.8156],[-64.1749,119.074,74.0251],[[[-0.354791,-0.055135,-0.933319],[-0.461125,0.878716,0.123382],[-0.813319,-0.474151,0.337184]],[[-0.0306597,0.123186,-0.99191],[-0.178329,0.97578,0.126695],[-0.983493,-0.18077,0.00794952]],[[-0.0306597,0.123186,-0.99191],[0.534417,0.84064,0.0878812],[-0.844665,0.527399,0.0916067]],[[-0.0306597,0.123186,-0.99191],[0.99533,0.0946408,-0.0190119],[-0.0915332,0.98786,0.125513]]],0],[1471,[0.981368,-0.171561,-0.0865129],147,55.8671,[-8.07981,150.569,19.256],[-3.86695,150.601,22.0464],[-5.52455,-2.10541,-5.8735],false,[-142.338,149.5,57.742],[-78.0338,161.772,33.2659],[-38.6679,157.061,23.574],[-16.1339,153.122,21.5875],[-0.272357,149.705,22.033],[[[0.0167297,-0.910718,-0.41269],[-0.391403,0.373843,-0.84086],[-0.920067,-0.175595,0.350203]],[[-0.190545,-0.926881,-0.323394],[-0.18277,0.357165,-0.915985],[-0.964514,0.11543,0.237463]],[[-0.190545,-0.926881,-0.323394],[-0.0247054,0.333853,-0.942301],[-0.981368,0.171561,0.0865129]],[[-0.190545,-0.926881,-0.323394],[0.093502,0.310796,-0.945866],[-0.977215,0.210468,-0.0274446]]],1],[1472,[-0.828602,-0.112436,0.548431],147,63.6561,[-100.958,129.9,71.5295],[-94.6419,130.998,77.5332],[-5.5553,3.36548,0.258171],false,[-142.263,139.664,51.4106],[-81.6667,142.896,24.7527],[-58.6544,133.704,63.2585],[-81.0387,130.666,78.0741],[-98.8758,131.09,77.4683],[[[-0.0412507,-0.976366,-0.212148],[-0.403044,0.210548,-0.890632],[-0.91425,-0.048766,0.402204]],[[-0.0155809,-0.974614,-0.223351],[0.864403,0.0991445,-0.492928],[-0.502558,0.200745,-0.840914]],[[-0.0155809,-0.974614,-0.223351],[0.559621,-0.193614,0.805815],[0.828602,0.112436,-0.548431]],[[-0.0155809,-0.974614,-0.223351],[-0.0383752,-0.22263,0.974147],[0.999142,-0.0237492,0.0339322]]],2],[1473,[-0.767388,0.0958804,0.633974],147,61.2071,[-103.646,119.149,68.7361],[-99.0674,121.275,72.5096],[-4.91294,3.63541,-0.260241],false,[-142.374,128.543,47.8716],[-89.4571,123.01,21.2186],[-65.2901,116.327,55.4666],[-85.4854,118.851,72.1508],[-102.949,121.967,72.7472],[[[-0.144839,-0.985976,-0.082901],[-0.433901,0.138591,-0.890238],[-0.889242,0.0929705,0.447889]],[[-0.177494,-0.981883,-0.0663481],[0.802696,-0.105438,-0.586994],[-0.569364,0.157445,-0.806868]],[[-0.177494,-0.981883,-0.0663481],[0.616127,-0.163441,0.770503],[0.767388,-0.0958804,-0.633974]],[[-0.177494,-0.981883,-0.0663481],[0.0213416,-0.0712431,0.997231],[0.983891,-0.175586,-0.0336001]]],3],[1474,[-0.708509,0.123939,0.694733],147,47.9852,[-102.276,104.348,59.8814],[-99.6524,107.187,61.6929],[-5.78205,3.39851,-0.755735],false,[-141.958,115.371,50.8933],[-96.1579,103.849,22.5365],[-73.7573,103.408,47.5642],[-86.922,105.711,60.473],[-103.113,107.493,62.1525],[[[-0.173089,-0.977844,0.117735],[-0.527993,-0.00878583,-0.849203],[-0.831423,0.20915,0.514774]],[[-0.101565,-0.992117,0.0734125],[0.73823,-0.124629,-0.662936],[-0.666859,0.0131358,-0.745068]],[[-0.101565,-0.992117,0.0734125],[0.698355,-0.0185471,0.715511],[0.708509,-0.123939,-0.694733]],[[-0.101565,-0.992117,0.0734125],[0.109749,0.0621696,0.992013],[0.988757,-0.108811,-0.102569]]],4],[1480,[-0.203733,-0.45044,-0.86925],148,52.1164,[-4.25803,122.572,66.1636],[-2.20378,121.446,65.1417],[118.469,-47.1684,-49.3493],false,[22.1894,161.825,145.786],[22.1894,161.825,145.786],[-4.68741,146.921,106.451],[-11.6338,131.563,76.8132],[0.973856,118.78,61.801],[[[0.487211,0.81489,-0.313973],[-0.485165,0.551518,0.678559],[0.726113,-0.178273,0.664062]],[[0.258089,0.831755,-0.491501],[-0.802178,0.468012,0.370778],[0.538424,0.298577,0.788004]],[[0.258089,0.831755,-0.491501],[-0.944395,0.324479,0.0532025],[0.203733,0.45044,0.86925]],[[0.258089,0.831755,-0.491501],[-0.801988,-0.0992237,-0.589041],[-0.538707,0.546203,0.641449]]],0],[1481,[-0.38854,-0.0991864,-0.916078],148,58.8075,[-42.9988,176.352,-1.34236],[-39.9919,175.522,-2.5622],[174.294,-57.2086,-90.2884],false,[29.8057,180.452,133.259],[-10.0781,179.644,71.444],[-26.0084,180.677,31.5576],[-35.3995,178.28,9.41563],[-42.209,174.88,-5.88109],[[[0.828566,-0.173492,-0.532334],[0.139932,0.984774,-0.103146],[0.542124,0.0109726,0.840227]],[[0.913875,-0.168544,-0.369357],[0.165358,0.985401,-0.0405212],[0.370795,-0.0240449,0.928404]],[[0.913875,-0.168544,-0.369357],[0.117764,0.980691,-0.15613],[0.38854,0.0991864,0.916078]],[[0.913875,-0.168544,-0.369357],[0.0773979,0.965399,-0.249027],[0.398549,0.198992,0.895299]]],1],[1482,[-0.264891,-0.9347,0.236999],148,67.0064,[-21.5701,96.4808,66.1753],[-19.4405,95.6574,65.2143],[79.918,-33.4282,-1.38326],false,[39.8172,180.008,126.104],[10.2485,177.496,62.962],[-9.43693,134.815,52.2824],[-16.9695,108.235,59.0218],[-20.11,91.7706,67.5184],[[[0.858114,-0.335736,-0.388486],[0.289864,0.941268,-0.173186],[0.423814,0.0360052,0.905033]],[[0.889585,-0.331723,-0.314004],[-0.204552,0.325344,-0.923206],[0.408408,0.8855,0.221567]],[[0.889585,-0.331723,-0.314004],[-0.372118,-0.127654,-0.919365],[0.264891,0.9347,-0.236999]],[[0.889585,-0.331723,-0.314004],[-0.4251,-0.349738,-0.834849],[0.167119,0.876152,-0.452137]]],2],[1483,[-0.338511,-0.909858,0.239933],148,64.4285,[-2.7185,97.7175,63.8931],[-1.70305,96.9909,62.8],[77.537,-50.6778,-14.159],false,[50.2207,176.722,120.457],[32.3706,172.59,60.5563],[11.4884,134.388,50.5167],[2.11098,109.183,57.1633],[-2.40036,93.1947,65.7138],[[[0.88682,-0.396773,-0.2369],[0.363794,0.915544,-0.17156],[0.284963,0.0659601,0.956266]],[[0.870036,-0.399769,-0.288481],[-0.156829,0.330328,-0.930746],[0.467377,0.855025,0.224702]],[[0.870036,-0.399769,-0.288481],[-0.358395,-0.111097,-0.926936],[0.338511,0.909858,-0.239933]],[[0.870036,-0.399769,-0.288481],[-0.429809,-0.328505,-0.84104],[0.241455,0.855727,-0.457636]]],3],[1484,[-0.506742,-0.838244,0.201393],148,50.5107,[15.4975,110.042,60.4263],[16.6073,109.13,59.5395],[92.5594,-73.8934,-10.1092],false,[60.1833,166.885,117.901],[51.8876,163.783,60.5958],[32.8154,135.678,50.7653],[22.9041,119.283,54.7043],[15.2331,105.734,62.0993],[[[0.841459,-0.532256,-0.0930058],[0.521036,0.844892,-0.121156],[0.143066,0.0534887,0.988267]],[[0.839595,-0.532886,-0.105416],[0.0643634,0.290283,-0.954774],[0.539386,0.794839,0.278018]],[[0.839595,-0.532886,-0.105416],[-0.195683,-0.11567,-0.973822],[0.506742,0.838244,-0.201393]],[[0.839595,-0.532886,-0.105416],[-0.311484,-0.313294,-0.89712],[0.445036,0.786053,-0.429026]]],4]],[[0,200,0],[235.247,235.247,147.751]]],[407817,83648130435,[[147,"left",[0.842615,0.0728328,-0.533569],[0.523365,-0.344133,0.779527],[-99.9991,137.092,39.7548],[-3.85907,4.36794,0.219284],[-103.703,130.966,34.7791],0.780963,0,0.42068,[[-0.31182,-0.916196,-0.251702],[-0.324736,0.351723,-0.877974],[-0.892925,0.192033,0.407196]],60.534,[-375.327,177.246,165.997],[-146.292,127.99,61.5518]],[148,"right",[-0.363397,0.0980765,-0.926457],[-0.23483,-0.971977,-0.0107846],[22.9217,169.794,84.6958],[151.021,-52.416,-53.3448],[19.2304,171.098,86.068],1,0,0.483979,[[0.527356,-0.0222449,-0.849353],[0.288322,0.945025,0.154266],[0.799228,-0.326241,0.504778]],63.72,[266.224,78.9835,268.193],[50.4319,167.068,131.903]]],[[1470,[0.844239,-0.527997,-0.0920815],147,49.5106,[-64.5588,128.53,75.4578],[-64.1739,124.807,75.0568],[-7.3708,-11.5841,-5.709],false,[-140.226,149.574,80.1698],[-140.226,149.574,80.1698],[-93.5682,158.042,79.7596],[-66.2226,140.94,76.777],[-64.1689,118.979,73.9834],[[[-0.354732,-0.0546667,-0.933369],[-0.460816,0.878838,0.123663],[-0.81352,-0.473978,0.336943]],[[-0.0310934,0.123266,-0.991886],[-0.176059,0.976175,0.126832],[-0.983888,-0.178574,0.00865051]],[[-0.0310934,0.123266,-0.991886],[0.535064,0.840253,0.0876487],[-0.844239,0.527997,0.0920815]],[[-0.0310934,0.123266,-0.991886],[0.995239,0.0955279,-0.0193268],[-0.0923705,0.987765,0.125649]]],0],[1471,[0.981194,-0.172379,-0.0868533],147,55.8671,[-8.06972,150.569,19.2624],[-3.89374,150.579,22.0278],[-4.97725,-2.3769,-5.38852],false,[-142.354,149.534,57.7518],[-78.0431,161.793,33.2856],[-38.6925,157.066,23.5388],[-16.1625,153.108,21.5445],[-0.305059,149.673,21.9979],[[[0.0164338,-0.910574,-0.413019],[-0.391196,0.374291,-0.840757],[-0.920161,-0.175388,0.350062]],[[-0.191433,-0.926672,-0.323468],[-0.183833,0.357582,-0.915609],[-0.964136,0.115814,0.238807]],[[-0.191433,-0.926672,-0.323468],[-0.0247255,0.334011,-0.942245],[-0.981194,0.172379,0.0868533]],[[-0.191433,-0.926672,-0.323468],[0.0943181,0.310669,-0.945827],[-0.976963,0.211572,-0.0279295]]],1],[1472,[-0.828726,-0.112236,0.548285],147,63.6561,[-100.931,129.905,71.5566],[-94.6778,131.009,77.5476],[-5.23069,2.79224,0.700663],false,[-142.282,139.701,51.4168],[-81.6821,142.921,24.7652],[-58.6904,133.704,63.2775],[-81.0781,130.672,78.0892],[-98.9151,131.104,77.4857],[[[-0.0415874,-0.976274,-0.212507],[-0.402893,0.211018,-0.890589],[-0.914302,-0.0485802,0.402109]],[[-0.0159977,-0.974533,-0.223671],[0.864658,0.0988515,-0.492539],[-0.502106,0.201278,-0.841057]],[[-0.0159977,-0.974533,-0.223671],[0.559426,-0.194133,0.805826],[0.828726,0.112236,-0.548285]],[[-0.0159977,-0.974533,-0.223671],[-0.0383476,-0.222937,0.974078],[0.999136,-0.0241603,0.0338045]]],2],[1473,[-0.767096,0.0957617,0.634344],147,61.2071,[-103.601,119.169,68.7733],[-99.0805,121.284,72.5208],[-3.83295,2.8516,0.209713],false,[-142.397,128.581,47.8737],[-89.4794,123.039,21.2232],[-65.3074,116.334,55.4634],[-85.495,118.855,72.1573],[-102.958,121.975,72.7623],[[[-0.14519,-0.985893,-0.0832719],[-0.433775,0.139072,-0.890224],[-0.889246,0.0931306,0.447848]],[[-0.17777,-0.981805,-0.0667581],[0.802551,-0.105387,-0.587201],[-0.569482,0.157964,-0.806683]],[[-0.17777,-0.981805,-0.0667581],[0.61641,-0.163977,0.770163],[0.767096,-0.0957617,-0.