{"metadata":{"formatVersion":2,"generatedBy":"LeapJS Playback 0.2.1","frames":62,"protocolVersion":6,"serviceVersion":"2.2.5+26752","frameRate":"90","modified":"Wed Apr 22 2015 20:46:53 GMT-0300 (E. South America Standard Time)"},"frames":[["id","timestamp",{"hands":[["id","type","direction","palmNormal","palmPosition","palmVelocity","stabilizedPalmPosition","pinchStrength","grabStrength","confidence","armBasis","armWidth","elbow","wrist"]]},{"pointables":[["id","direction","handId","length","stabilizedTipPosition","tipPosition","tipVelocity","tool","carpPosition","mcpPosition","pipPosition","dipPosition","btipPosition","bases","type"]]},{"interactionBox":["center","size"]}],[407678,83646675223,[[147,"left",[0.857313,0.0850001,-0.50773],[0.514727,-0.157631,0.842739],[-102.444,127.623,33.4019],[24.1061,36.2577,21.3659],[-110.666,123.875,27.2827],0.671347,0,0.376107,[[-0.167512,-0.981951,-0.0878187],[-0.488929,0.160096,-0.857507],[-0.856089,0.100706,0.506922]],60.534,[-368.184,142.616,184.72],[-148.597,116.785,54.6944]],[148,"right",[-0.461727,0.0103365,-0.886962],[-0.184088,-0.979278,0.0844187],[12.2612,175.624,91.7098],[20.3773,-63.8402,-41.9138],[11.991,175.873,92.0054],0.947347,0,0.567675,[[0.549184,0.0520707,-0.834078],[0.359381,0.886343,0.291961],[0.754482,-0.460092,0.468052]],63.72,[248.314,53.5301,262.154],[44.6041,177.755,135.78]]],[[1470,[0.927049,-0.372272,0.044643],147,49.5106,[-71.562,126.373,64.8489],[-62.3945,127.005,73.3013],[12.4545,-6.57374,31.175],false,[-145.876,141.536,69.8363],[-145.876,141.536,69.8363],[-100.196,154.144,71.6322],[-70.1682,142.086,73.0782],[-60.2516,122.198,73.7633],[[[-0.296477,-0.238316,-0.924828],[-0.558011,0.829105,-0.034765],[-0.775065,-0.505757,0.378793]],[[0.0428739,-0.0130333,-0.998995],[-0.265116,0.963919,-0.0239537],[-0.963263,-0.265876,-0.0378716]],[[0.0428739,-0.0130333,-0.998995],[0.37248,0.928032,0.00387822],[-0.927049,0.372272,-0.044643]],[[0.0428739,-0.0130333,-0.998995],[0.893995,0.446893,0.0325372],[-0.44602,0.894492,-0.0308118]]],0],[1471,[0.998123,-0.0600251,-0.012134],147,55.8671,[-16.4822,148.615,10.493],[-7.20934,149.488,18.978],[27.5665,35.705,42.4703],false,[-146.786,137.79,47.6499],[-82.938,153.365,23.8681],[-42.5511,151.911,18.1595],[-19.6323,150.533,17.8809],[-3.50403,149.278,19.2079],[[[0.135663,-0.955595,-0.2616],[-0.383454,0.192821,-0.903207],[-0.913542,-0.222843,0.340268]],[[-0.0612327,-0.981119,-0.183458],[-0.130696,0.190102,-0.973026],[-0.98953,0.0356038,0.139869]],[[-0.0612327,-0.981119,-0.183458],[-0.000892841,0.183857,-0.982953],[-0.998123,0.0600251,0.012134]],[[-0.0612327,-0.981119,-0.183458],[0.0943953,0.177287,-0.979622],[-0.99365,0.0773025,-0.0817572]]],1],[1472,[-0.831246,-0.123042,0.542117],147,63.6561,[-106.627,127.13,64.754],[-97.5475,128.089,72.0954],[6.27846,11.2782,19.6373],false,[-145.325,127.168,42.9716],[-84.0796,133.113,18.3424],[-61.7556,132.736,58.3206],[-84.2114,129.412,72.9657],[-101.941,127.644,71.8494],[[[0.074361,-0.995692,-0.0553903],[-0.374962,0.0235514,-0.926741],[-0.924053,-0.0896827,0.371595]],[[0.103214,-0.992401,-0.0669806],[0.866986,0.122768,-0.482973],[-0.487526,0.00822181,-0.87307]],[[0.103214,-0.992401,-0.0669806],[0.546239,0.00027666,0.837629],[0.831246,0.123042,-0.542117]],[[0.103214,-0.992401,-0.0669806],[-0.0554199,-0.0729735,0.995793],[0.993114,0.0990676,0.0625307]]],2],[1473,[-0.817726,0.0890382,0.56868],147,61.2071,[-110.554,114.814,62.1198],[-101.87,116.782,68.1522],[16.4713,15.7857,14.8109],false,[-144.062,115.695,41.246],[-89.5079,112.165,17.7398],[-67.1321,113.788,53.772],[-88.6522,116.131,68.7379],[-106.362,117.029,67.9579],[[[-0.0343783,-0.99696,0.0699171],[-0.397957,-0.0505174,-0.916012],[-0.91676,0.0593149,0.39501]],[[-0.0539212,-0.995469,0.0783252],[0.848052,-0.087064,-0.522712],[-0.527162,-0.0382386,-0.848904]],[[-0.0539212,-0.995469,0.0783252],[0.573077,0.0333846,0.818821],[0.817726,-0.0890382,-0.56868]],[[-0.0539212,-0.995469,0.0783252],[-0.0397807,0.0805185,0.995959],[0.997752,-0.0505875,0.0439421]]],3],[1474,[-0.760737,0.1702,0.626348],147,47.9852,[-108.435,100.362,54.4973],[-100.214,102.304,59.6965],[16.5693,20.0813,6.22826],false,[-142.408,103.28,46.3388],[-94.191,92.8012,21.848],[-73.5376,98.6902,47.6768],[-87.6728,101.853,59.3149],[-104.029,102.355,59.9154],[[[-0.0740224,-0.961251,0.26555],[-0.477879,-0.199526,-0.855465],[-0.875301,0.190224,0.444593]],[[-0.0210805,-0.970977,0.238243],[0.788367,-0.162692,-0.593304],[-0.614844,-0.175316,-0.768915]],[[-0.0210805,-0.970977,0.238243],[0.648718,0.168037,0.742245],[0.760737,-0.1702,-0.626348]],[[-0.0210805,-0.970977,0.238243],[0.0429157,0.237198,0.970513],[0.998856,-0.0306833,-0.0366699]]],4],[1480,[-0.344608,-0.489853,-0.800805],148,52.1164,[-14.4456,125.513,74.9674],[-15.4099,124.947,74.9802],[63.7733,-67.9495,-20.2628],false,[19.4592,172.909,152.671],[19.4592,172.909,152.671],[-7.38365,152.997,115.594],[-19.1333,136.295,88.29],[-12.6848,122.081,70.8515],[[[0.42372,0.796522,-0.431295],[-0.435805,0.596688,0.673823],[0.794063,-0.0975515,0.599957]],[[0.201957,0.794397,-0.572841],[-0.818563,0.458049,0.34662],[0.537743,0.398904,0.74277]],[[0.201957,0.794397,-0.572841],[-0.916765,0.359134,0.174826],[0.344608,0.489853,0.800805]],[[0.201957,0.794397,-0.572841],[-0.939838,-0.00735446,-0.341542],[-0.275533,0.607355,0.745119]]],0],[1481,[-0.430157,-0.204199,-0.879356],148,58.8075,[-54.6702,170.974,9.4415],[-54.4711,171.953,9.33322],[-2.28808,-132.636,-24.4526],false,[25.1164,190.537,137.867],[-20.6087,183.062,80.7201],[-38.5384,179.927,41.804],[-48.9355,174.991,20.5496],[-56.3656,169.706,6.10045],[[[0.777867,-0.197651,-0.596538],[0.0929194,0.974993,-0.20188],[0.621522,0.101606,0.77678]],[[0.900296,-0.16887,-0.401186],[0.12369,0.982934,-0.136171],[0.417335,0.0729712,0.905818]],[[0.900296,-0.16887,-0.401186],[0.0665747,0.964254,-0.25648],[0.430157,0.204199,0.879356]],[[0.900296,-0.16887,-0.401186],[0.0187079,0.935837,-0.351936],[0.434876,0.309341,0.84569]]],1],[1482,[-0.247278,-0.933217,0.260691],148,67.0064,[-30.0608,98.2406,77.2198],[-30.1706,98.1619,76.1648],[51.8797,-86.0201,-13.3953],false,[34.3835,189.729,129.8],[-1.15195,180.724,70.4391],[-20.7483,137.3,63.1165],[-27.78,110.762,70.5296],[-30.4857,94.276,79.1331],[[[0.827371,-0.345403,-0.442893],[0.236712,0.929535,-0.282723],[0.509338,0.129078,0.850831]],[[0.870972,-0.33197,-0.36222],[-0.275894,0.279582,-0.919629],[0.406559,0.900905,0.15192]],[[0.870972,-0.33197,-0.36222],[-0.424572,-0.137485,-0.894895],[0.247278,0.933217,-0.260691]],[[0.870972,-0.33197,-0.36222],[-0.469763,-0.346604,-0.811904],[0.143981,0.877304,-0.457829]]],2],[1483,[-0.349616,-0.915462,0.199242],148,64.4285,[-14.134,100.392,68.1433],[-14.2132,100.38,67.5421],[51.8161,-82.6228,-11.8332],false,[44.2932,186.238,123.433],[20.7902,176.237,66.2373],[-0.665184,138.228,56.6842],[-10.3503,112.868,62.2036],[-15.0358,96.4659,69.8272],[[[0.873092,-0.391727,-0.290278],[0.311335,0.906123,-0.286376],[0.375208,0.159659,0.913087]],[[0.854571,-0.398771,-0.332701],[-0.197765,0.342484,-0.918474],[0.480205,0.850698,0.213813]],[[0.854571,-0.398771,-0.332701],[-0.384027,-0.0539486,-0.921744],[0.349616,0.915462,-0.199242]],[[0.854571,-0.398771,-0.332701],[-0.454772,-0.265254,-0.85019],[0.250781,0.877851,-0.408028]]],3],[1484,[-0.500391,-0.851784,0.155154],148,50.5107,[5.17615,112.83,63.5953],[5.15939,112.861,63.4179],[44.4086,-75.0835,-24.4454],false,[54.3091,176.491,120.743],[40.5255,168.014,65.0615],[20.8762,140.221,55.4831],[11.0891,123.561,58.5177],[3.65491,109.411,64.9676],[[[0.847126,-0.514912,-0.131312],[0.47526,0.844686,-0.246237],[0.237708,0.146186,0.960273]],[[0.831352,-0.52275,-0.188644],[-0.00666851,0.330035,-0.943945],[0.555706,0.786009,0.270889]],[[0.831352,-0.52275,-0.188644],[-0.241791,-0.0345916,-0.969712],[0.500391,0.851784,-0.155154]],[[0.831352,-0.52275,-0.188644],[-0.350477,-0.229725,-0.90796],[0.4313,0.82095,-0.374194]]],4]],[[0,200,0],[235.247,235.247,147.751]]],[407679,83646684267,[[147,"left",[0.858232,0.0831434,-0.506484],[0.51315,-0.159656,0.843319],[-102.273,127.897,33.4286],[22.6599,34.6331,16.2883],[-110.553,123.929,27.365],0.668746,0,0.382559,[[-0.16934,-0.981517,-0.0891546],[-0.487549,0.162045,-0.857926],[-0.856516,0.101814,0.505978]],60.534,[-368.181,143.279,184.432],[-148.484,117.164,54.649]],[148,"right",[-0.463871,0.00894221,-0.885858],[-0.18573,-0.978708,0.0873763],[12.9091,175.033,91.3913],[34.5104,-64.2627,-40.0679],[12.4923,175.414,91.6701],0.947582,0,0.571504,[[0.55207,0.0413445,-0.832772],[0.359047,0.889636,0.282191],[0.752531,-0.454794,0.476297]],63.72,[248.547,54.4207,263.977],[45.3634,177.215,135.377]]],[[1470,[0.924429,-0.378518,0.0464178],147,49.5106,[-71.5552,126.374,64.8556],[-62.3342,126.978,73.4588],[10.4533,-7.71038,27.7668],false,[-145.718,141.896,69.8143],[-145.718,141.896,69.8143],[-99.9856,154.289,71.7514],[-70.0426,142.028,73.2549],[-60.2281,122.09,73.9315],[[[-0.295831,-0.236799,-0.925424],[-0.555776,0.8306,-0.0348703],[-0.776915,-0.504013,0.377325]],[[0.0454342,-0.0115347,-0.998901],[-0.260576,0.965179,-0.0229974],[-0.964384,-0.261334,-0.0408465]],[[0.0454342,-0.0115347,-0.998901],[0.378638,0.925522,0.00653472],[-0.924429,0.378518,-0.0464178]],[[0.0454342,-0.0115347,-0.998901],[0.896144,0.442328,0.0356527],[-0.441431,0.896779,-0.0304335]]],0],[1471,[0.997965,-0.0627618,-0.0112286],147,55.8671,[-16.384,148.625,10.5812],[-6.96508,149.522,19.1241],[27.3727,26.7263,34.772],false,[-146.609,138.17,47.6237],[-82.6866,153.595,23.9421],[-42.3004,152.038,18.2554],[-19.3853,150.597,17.9975],[-3.26229,149.296,19.3439],[[[0.133504,-0.955741,-0.262176],[-0.381702,0.194548,-0.903579],[-0.914593,-0.220705,0.338835]],[[-0.063756,-0.980811,-0.184244],[-0.129631,0.191195,-0.972954],[-0.98951,0.0381479,0.139333]],[[-0.063756,-0.980811,-0.184244],[0.000550414,0.184585,-0.982816],[-0.997965,0.0627618,0.0112286]],[[-0.063756,-0.980811,-0.184244],[0.0961276,0.177726,-0.979374],[-0.993325,0.0801519,-0.0829519]]],1],[1472,[-0.833987,-0.121411,0.538261],147,63.6561,[-106.612,127.132,64.7663],[-97.5421,128.307,72.1032],[3.5097,14.7063,14.0081],false,[-145.169,127.548,42.939],[-83.8739,133.351,18.3987],[-61.7152,132.869,58.4676],[-84.245,129.589,73.0085],[-101.975,127.869,71.8274],[[[0.0718139,-0.99584,-0.0560822],[-0.373623,0.0252752,-0.927236],[-0.924796,-0.087542,0.370254]],[[0.100819,-0.9926,-0.0676813],[0.869287,0.120974,-0.479276],[-0.483917,0.0105142,-0.875051]],[[0.100819,-0.9926,-0.0676813],[0.542495,-0.0021783,0.840056],[0.833987,0.121411,-0.538261]],[[0.100819,-0.9926,-0.0676813],[-0.0591473,-0.0738875,0.995511],[0.993145,0.0963635,0.0661589]]],2],[1473,[-0.818145,0.0908893,0.567784],147,61.2071,[-110.511,114.826,62.1507],[-101.778,117.03,68.1737],[15.0053,19.0959,11.4339],false,[-143.934,116.073,41.206],[-89.3565,112.418,17.7719],[-67.0229,113.952,53.8342],[-88.554,116.344,68.7765],[-106.26,117.292,67.9765],[[[-0.0371007,-0.996921,0.0690747],[-0.396828,-0.0487412,-0.916598],[-0.917143,0.0614172,0.393798]],[[-0.0567841,-0.995373,0.077514],[0.848482,-0.0890299,-0.521683],[-0.52617,-0.0361459,-0.849611]],[[-0.0567841,-0.995373,0.077514],[0.572202,0.0311766,0.81952],[0.818145,-0.0908893,-0.567784]],[[-0.0567841,-0.995373,0.077514],[-0.0407207,0.0798837,0.995972],[0.997556,-0.0533989,0.0450684]]],3],[1474,[-0.761358,0.171648,0.625196],147,47.9852,[-108.352,100.384,54.551],[-100.153,102.551,59.7047],[13.7628,22.0809,4.67732],false,[-142.319,103.65,46.2911],[-94.0963,93.0633,21.8582],[-73.4686,98.8786,47.7242],[-87.6153,102.068,59.3409],[-103.971,102.612,59.9147],[[[-0.0769197,-0.961263,0.264681],[-0.477226,-0.197587,-0.85628],[-0.875408,0.192177,0.443541]],[[-0.0239619,-0.971107,0.237438],[0.788879,-0.164257,-0.59219],[-0.614081,-0.17312,-0.770022]],[[-0.0239619,-0.971107,0.237438],[0.647888,0.165794,0.743474],[0.761358,-0.171648,-0.625196]],[[-0.0239619,-0.971107,0.237438],[0.0419114,0.236321,0.970771],[0.998834,-0.0332129,-0.0350377]]],4],[1480,[-0.345294,-0.491377,-0.799576],148,52.1164,[-13.8042,125.079,74.856],[-14.727,124.47,74.9003],[66.1647,-63.4728,-16.4108],false,[20.2508,172.46,152.342],[20.2508,172.46,152.342],[-6.84545,152.62,115.41],[-18.6184,135.866,88.1483],[-11.9877,121.602,70.8199],[[[0.424168,0.794612,-0.434366],[-0.433031,0.599234,0.673352],[0.79534,-0.0975204,0.598268]],[[0.203069,0.792675,-0.57483],[-0.814929,0.462269,0.349568],[0.542819,0.39746,0.739847]],[[0.203069,0.792675,-0.57483],[-0.916262,0.360854,0.173922],[0.345294,0.491377,0.799576]],[[0.203069,0.792675,-0.57483],[-0.937279,-0.0125065,-0.348357],[-0.283323,0.609516,0.740417]]],0],[1481,[-0.433321,-0.207289,-0.877077],148,58.8075,[-54.3015,170.111,9.33897],[-54.0818,171.094,9.22773],[9.80721,-122.252,-20.4721],false,[25.9051,190.039,137.479],[-19.9735,182.505,80.4627],[-38.0443,179.163,41.6291],[-48.5179,174.153,20.4298],[-56.002,168.841,6.01859],[[[0.776033,-0.200649,-0.597924],[0.0942665,0.974295,-0.204604],[0.623608,0.102415,0.775]],[[0.898749,-0.171683,-0.403453],[0.123807,0.982078,-0.142109],[0.42062,0.0777699,0.903897]],[[0.898749,-0.171683,-0.403453],[0.0669479,0.963097,-0.260695],[0.433321,0.207289,0.877077]],[[0.898749,-0.171683,-0.403453],[0.0193614,0.934796,-0.354657],[0.438035,0.310937,0.843471]]],1],[1482,[-0.248268,-0.932033,0.263965],148,67.0064,[-29.5614,97.7047,77.1759],[-29.6944,97.6094,76.185],[52.052,-79.0274,-9.50804],false,[35.151,189.193,129.391],[-0.54633,180.103,70.1403],[-20.2398,136.695,62.9885],[-27.2996,110.191,70.4947],[-30.0124,93.7341,79.1518],[[[0.825633,-0.348102,-0.444022],[0.237775,0.928359,-0.28568],[0.511657,0.130289,0.849254]],[[0.869439,-0.334551,-0.363527],[-0.277747,0.277532,-0.919692],[0.408574,0.900584,0.148377]],[[0.869439,-0.334551,-0.363527],[-0.427129,-0.13925,-0.893404],[0.248268,0.932033,-0.263965]],[[0.869439,-0.334551,-0.363527],[-0.472478,-0.348053,-0.809706],[0.144361,0.875748,-0.460679]]],2],[1483,[-0.350845,-0.914284,0.202467],148,64.4285,[-13.6649,99.8245,68.0463],[-13.7643,99.7763,67.4856],[51.1983,-78.1772,-10.3862],false,[45.0385,185.667,123.009],[21.377,175.564,65.8966],[-0.173589,137.572,56.4937],[-9.89271,112.244,62.1024],[-14.5902,95.871,69.7801],[[[0.871639,-0.394121,-0.2914],[0.312345,0.904796,-0.289455],[0.377738,0.161283,0.911758]],[[0.852996,-0.401241,-0.333773],[-0.199375,0.340505,-0.918861],[0.482336,0.850331,0.210452]],[[0.852996,-0.401241,-0.333773],[-0.386401,-0.0556011,-0.920653],[0.350845,0.914284,-0.202467]],[[0.852996,-0.401241,-0.333773],[-0.457369,-0.266597,-0.848375],[0.251419,0.876317,-0.410921]]],3],[1484,[-0.501501,-0.850464,0.158771],148,50.5107,[5.64664,112.247,63.4228],[5.63192,112.203,63.2842],[46.6137,-74.4112,-21.7223],false,[55.0293,175.894,120.32],[41.0938,167.301,64.6938],[21.38,139.513,55.2348],[11.5712,122.879,58.3401],[4.12645,108.761,64.8496],[[[0.845829,-0.51685,-0.132057],[0.476251,0.843152,-0.249558],[0.240328,0.148192,0.959313]],[[0.830119,-0.524716,-0.188615],[-0.00785948,0.327225,-0.944914],[0.557531,0.785873,0.267512]],[[0.830119,-0.524716,-0.188615],[-0.24372,-0.0372084,-0.969132],[0.501501,0.850464,-0.158771]],[[0.830119,-0.524716,-0.188615],[-0.352641,-0.232026,-0.906536],[0.43191,0.819046,-0.377646]]],4]],[[0,200,0],[235.247,235.247,147.751]]],[407680,83646693270,[[147,"left",[0.85913,0.0802288,-0.50543],[0.511575,-0.161027,0.844015],[-102.107,128.126,33.43],[21.5084,32.1082,11.8569],[-110.433,123.989,27.4514],0.666371,0,0.386485,[[-0.17061,-0.981205,-0.0901632],[-0.485645,0.163355,-0.858758],[-0.857346,0.102726,0.504387]],60.534,[-368.288,143.897,183.971],[-148.379,117.548,54.5956]],[148,"right",[-0.456463,0.015734,-0.889603],[-0.190677,-0.978344,0.0805346],[13.4695,173.544,91.2253],[42.128,-92.0454,-34.1275],[13.0014,174.44,91.4384],0.94848,0,0.576261,[[0.551287,0.0332265,-0.833654],[0.351806,0.896772,0.268388],[0.756515,-0.441243,0.482689]],63.72,[249.826,56.2118,265.815],[45.5669,175.347,135.489]]],[[1470,[0.921149,-0.386115,0.0489827],147,49.5106,[-71.5492,126.374,64.8615],[-62.2913,126.856,73.6266],[8.42516,-12.1222,26.1153],false,[-145.553,142.276,69.7566],[-145.553,142.276,69.7566],[-99.7477,154.371,71.8574],[-69.9109,141.865,73.444],[-60.2316,121.861,74.1294],[[[-0.295425,-0.23615,-0.92572],[-0.553067,0.832366,-0.0358352],[-0.779,-0.501399,0.376508]],[[0.0486304,-0.0106862,-0.99876],[-0.254274,0.966865,-0.0227257],[-0.965909,-0.255064,-0.0443018]],[[0.0486304,-0.0106862,-0.99876],[0.386159,0.922389,0.00893335],[-0.921149,0.386115,-0.0489827]],[[0.0486304,-0.0106862,-0.99876],[0.898947,0.436309,0.0391022],[-0.43535,0.899734,-0.0308242]]],0],[1471,[0.997756,-0.0661181,-0.0105434],147,55.8671,[-16.2894,148.634,10.6645],[-6.71641,149.437,19.1998],[27.3918,16.6234,26.9437],false,[-146.427,138.546,47.566],[-82.4262,153.758,23.96],[-42.044,152.067,18.2831],[-19.1337,150.549,18.041],[-3.01659,149.193,19.4043],[[[0.13077,-0.956249,-0.261702],[-0.37994,0.195478,-0.90412],[-0.915721,-0.217663,0.337755]],[[-0.0669287,-0.980664,-0.183901],[-0.128778,0.191263,-0.973054],[-0.989412,0.0414428,0.139089]],[[-0.0669287,-0.980664,-0.183901],[0.00181969,0.184194,-0.982888],[-0.997756,0.0661181,0.0105434]],[[-0.0669287,-0.980664,-0.183901],[0.0977218,0.176985,-0.97935],[-0.992961,0.0835178,-0.0839868]]],1],[1472,[-0.836807,-0.118683,0.53448],147,63.6561,[-106.594,127.135,64.7813],[-97.537,128.522,72.0764],[1.59022,17.1264,8.7802],false,[-145.016,127.918,42.8865],[-83.6714,133.516,18.4215],[-61.6696,132.963,58.5759],[-84.2756,129.757,73.0147],[-102.007,128.094,71.7668],[[[0.0686924,-0.996083,-0.0556732],[-0.372375,0.026172,-0.927713],[-0.925537,-0.0844582,0.369118]],[[0.0978475,-0.992924,-0.0672866],[0.871525,0.118135,-0.475908],[-0.480489,0.0120756,-0.876917]],[[0.0978475,-0.992924,-0.0672866],[0.538684,-0.00400832,0.842498],[0.836807,0.118683,-0.53448]],[[0.0978475,-0.992924,-0.0672866],[-0.0631366,-0.0736682,0.995282],[0.993197,0.0931376,0.0698981]]],2],[1473,[-0.818443,0.093835,0.566874],147,61.2071,[-110.463,114.84,62.185],[-101.692,117.272,68.1818],[13.7565,21.31,8.58784],false,[-143.815,116.438,41.1588],[-89.2203,112.601,17.7945],[-66.9241,114.074,53.8825],[-88.463,116.544,68.8008],[-106.165,117.55,67.9818],[[[-0.0403823,-0.996775,0.0693469],[-0.39583,-0.0477662,-0.917081],[-0.917436,0.0644833,0.392624]],[[-0.0601979,-0.995149,0.077815],[0.848793,-0.0920565,-0.52065],[-0.525288,-0.0347067,-0.850217]],[[-0.0601979,-0.995149,0.077815],[0.571426,0.0295625,0.820121],[0.818443,-0.093835,-0.566874]],[[-0.0601979,-0.995149,0.077815],[-0.0415086,0.0803846,0.995899],[0.997323,-0.056721,0.0461463]]],3],[1474,[-0.761746,0.174238,0.624006],147,47.9852,[-108.263,100.409,54.6076],[-100.106,102.78,59.7161],[11.3445,23.0414,3.67255],false,[-142.246,104.011,46.2499],[-94.0272,93.2626,21.8811],[-73.4175,99.0211,47.7741],[-87.5714,102.259,59.3687],[-103.926,102.854,59.9183],[[[-0.0803327,-0.960926,0.264891],[-0.47678,-0.196334,-0.856816],[-0.875344,0.195125,0.442378]],[[-0.0273618,-0.97095,0.237712],[0.789186,-0.166938,-0.591031],[-0.613544,-0.171428,-0.770828]],[[-0.0273618,-0.97095,0.237712],[0.647298,0.164003,0.744385],[0.761746,-0.174238,-0.624006]],[[-0.0273618,-0.97095,0.237712],[0.0412301,0.236503,0.970756],[0.998775,-0.0363625,-0.0335612]]],4],[1480,[-0.337044,-0.486343,-0.806147],148,52.1164,[-13.1982,124.175,74.4312],[-14.0702,123.28,74.2667],[67.4716,-82.3552,-30.2493],false,[20.2941,170.611,152.22],[20.2941,170.611,152.22],[-6.70895,151.204,114.991],[-18.2007,134.622,87.5047],[-11.2832,120.427,70.2312],[[[0.431188,0.795077,-0.426532],[-0.436008,0.597488,0.672982],[0.78992,-0.10421,0.60429]],[[0.212196,0.794975,-0.56832],[-0.813845,0.465691,0.347547],[0.540952,0.388777,0.745804]],[[0.212196,0.794975,-0.56832],[-0.917265,0.36261,0.164741],[0.337044,0.486343,0.806147]],[[0.212196,0.794975,-0.56832],[-0.931456,-0.0113633,-0.363676],[-0.295572,0.606536,0.738073]]],0],[1481,[-0.427501,-0.201901,-0.88118],148,58.8075,[-53.1962,169.233,8.67968],[-52.9002,170.192,8.5233],[42.7108,-115.974,-36.2858],false,[26.1475,188.245,137.5],[-19.2887,181.218,80.0657],[-37.0865,178.054,41.0913],[-47.4194,173.174,19.7928],[-54.8147,167.971,5.2963],[[[0.780092,-0.200817,-0.592561],[0.100171,0.974961,-0.198537],[0.617594,0.0955193,0.780675]],[[0.90109,-0.173508,-0.397406],[0.128142,0.982077,-0.138222],[0.414265,0.0736263,0.907173]],[[0.90109,-0.173508,-0.397406],[0.0726551,0.963915,-0.256105],[0.427501,0.201901,0.88118]],[[0.90109,-0.173508,-0.397406],[0.0261818,0.936557,-0.349536],[0.43284,0.304559,0.848465]]],1],[1482,[-0.254354,-0.932307,0.257113],148,67.0064,[-29.1926,96.7147,76.5248],[-29.3293,96.3876,75.2824],[48.5285,-94.7398,-34.762],false,[35.4563,187.402,129.484],[0.212873,178.787,69.8915],[-19.6057,135.501,62.3528],[-26.8386,108.99,69.6642],[-29.6916,92.5001,78.2137],[[[0.827776,-0.34931,-0.439055],[0.244148,0.928835,-0.27867],[0.505152,0.123482,0.854151]],[[0.870955,-0.33639,-0.358162],[-0.269031,0.283485,-0.920466],[0.411169,0.898041,0.156403]],[[0.870955,-0.33639,-0.358162],[-0.420407,-0.132834,-0.89756],[0.254354,0.932307,-0.257113]],[[0.870955,-0.33639,-0.358162],[-0.467321,-0.34187,-0.815313],[0.151819,0.877478,-0.454955]]],2],[1483,[-0.356084,-0.913767,0.195534],148,64.4285,[-13.2318,98.7982,67.5089],[-13.306,98.5252,66.7558],[50.9402,-94.9046,-29.5552],false,[45.3811,183.867,123.165],[22.1508,174.175,65.8047],[0.520462,136.317,56.0494],[-9.34378,111.004,61.4661],[-14.1666,94.6154,69.0327],[[[0.872315,-0.39635,-0.28631],[0.318644,0.904968,-0.281956],[0.370854,0.154724,0.915711]],[[0.853974,-0.403167,-0.328915],[-0.19067,0.34569,-0.918773],[0.484121,0.847322,0.218339]],[[0.853974,-0.403167,-0.328915],[-0.379384,-0.0498602,-0.923895],[0.356084,0.913767,-0.195534]],[[0.853974,-0.403167,-0.328915],[-0.451775,-0.260936,-0.853119],[0.258124,0.877137,-0.404973]]],3],[1484,[-0.506365,-0.849135,0.150211],148,50.5107,[6.13248,111.209,63.0032],[6.16569,110.891,62.7253],[50.0936,-94.0173,-32.7337],false,[55.3515,174.065,120.505],[41.841,165.833,64.7204],[22.0969,138.175,54.9485],[12.193,121.567,57.8865],[4.63387,107.449,64.2623],[[[0.844654,-0.519821,-0.127852],[0.481945,0.842395,-0.241039],[0.232999,0.141977,0.962057]],[[0.829578,-0.527236,-0.183909],[0.00185406,0.331954,-0.943294],[0.558388,0.782195,0.27636]],[[0.829578,-0.527236,-0.183909],[-0.23536,-0.0314869,-0.971398],[0.506365,0.849135,-0.150211]],[[0.829578,-0.527236,-0.183909],[-0.345656,-0.226208,-0.910688],[0.438546,0.819056,-0.369899]]],4]],[[0,200,0],[235.247,235.247,147.751]]],[407681,83646702661,[[147,"left",[0.859857,0.0790194,-0.504383],[0.510283,-0.164063,0.844212],[-101.953,128.377,33.4733],[20.0673,30.5675,9.79665],[-110.298,124.059,27.5469],0.664335,0,0.386777,[[-0.172763,-0.980592,-0.0926915],[-0.483531,0.166422,-0.859361],[-0.858109,0.103647,0.502898]],60.534,[-368.379,144.462,183.563],[-148.274,117.876,54.57]],[148,"right",[-0.450701,0.0206645,-0.892436],[-0.197993,-0.977145,0.0773653],[14.2646,172.397,90.9397],[54.2343,-100.619,-33.0718],[13.6572,173.379,91.1795],0.952506,0,0.61618,[[0.547994,0.0233569,-0.836156],[0.348898,0.902123,0.253858],[0.760245,-0.430846,0.486209]],63.72,[251.359,57.5608,266.685],[46.0929,173.889,135.409]]],[[1470,[0.918565,-0.392088,0.0500425],147,49.5106,[-71.5434,126.374,64.8675],[-62.2409,126.741,73.7974],[7.19191,-13.9104,24.2083],false,[-145.399,142.566,69.7839],[-145.399,142.566,69.7839],[-99.5414,154.434,72.035],[-69.7883,141.733,73.6559],[-60.2183,121.676,74.3028],[[[-0.29508,-0.233507,-0.9265],[-0.550867,0.833871,-0.0347163],[-0.780688,-0.500134,0.37469]],[[0.051056,-0.00784886,-0.998665],[-0.249551,0.968147,-0.0203671],[-0.967015,-0.250258,-0.047471]],[[0.051056,-0.00784886,-0.998665],[0.391958,0.919894,0.0128088],[-0.918565,0.392088,-0.0500425]],[[0.051056,-0.00784886,-0.998665],[0.901176,0.431347,0.0426818],[-0.430436,0.902152,-0.029096]]],0],[1471,[0.997571,-0.0688864,-0.0103441],147,55.8671,[-16.1928,148.643,10.7488],[-6.49801,149.464,19.3363],[26.148,12.5058,22.7138],false,[-146.26,138.883,47.5849],[-82.1955,153.977,24.0756],[-41.8196,152.189,18.3837],[-18.9135,150.607,18.1462],[-2.80157,149.202,19.5202],[[[0.128558,-0.956053,-0.263505],[-0.378497,0.198294,-0.904112],[-0.916631,-0.215967,0.336371]],[[-0.0696078,-0.980115,-0.185822],[-0.128541,0.193534,-0.972637],[-0.989258,0.0438172,0.139457]],[[-0.0696078,-0.980115,-0.185822],[0.00266222,0.186091,-0.982529],[-0.997571,0.0688864,0.0103441]],[[-0.0696078,-0.980115,-0.185822],[0.0990504,0.178563,-0.97893],[-0.992645,0.086547,-0.0846514]]],1],[1472,[-0.839122,-0.117738,0.531048],147,63.6561,[-106.571,127.139,64.8006],[-97.5216,128.67,72.0962],[0.783857,16.6948,6.44696],false,[-144.871,128.261,42.8853],[-83.4875,133.749,18.4948],[-61.6185,133.047,58.7193],[-84.2871,129.866,73.0654],[-102.018,128.252,71.7588],[[[0.0661637,-0.996144,-0.0576216],[-0.371347,0.0290174,-0.928041],[-0.926134,-0.0828002,0.367995]],[[0.0954983,-0.993017,-0.0692618],[0.873378,0.116969,-0.472789],[-0.47759,0.0153411,-0.878449]],[[0.0954983,-0.993017,-0.0692618],[0.535495,-0.00740481,0.844506],[0.839122,0.117738,-0.531048]],[[0.0954983,-0.993017,-0.0692618],[-0.0664161,-0.075781,0.99491],[0.993211,0.0904122,0.0731893]]],2],[1473,[-0.818664,0.0949503,0.566369],147,61.2071,[-110.407,114.858,62.2248],[-101.603,117.455,68.2062],[12.7689,20.8422,6.93209],false,[-143.699,116.782,41.1356],[-89.09,112.85,17.8197],[-66.8244,114.191,53.9316],[-88.3691,116.69,68.8367],[-106.068,117.746,68.0048],[[[-0.0430415,-0.996805,0.0672847],[-0.395005,-0.044881,-0.917582],[-0.91767,0.0660718,0.391811]],[[-0.0629855,-0.995133,0.0757884],[0.849035,-0.0933431,-0.520026],[-0.524569,-0.031593,-0.850782]],[[-0.0629855,-0.995133,0.0757884],[0.570808,0.0263723,0.82066],[0.818664,-0.0949503,-0.566369]],[[-0.0629855,-0.995133,0.0757884],[-0.0421254,0.0785224,0.996022],[0.997125,-0.0595423,0.0468661]]],3],[1474,[-0.762031,0.174909,0.623471],147,47.9852,[-108.166,100.439,54.6695],[-100.048,102.971,59.7098],[9.83754,22.2913,2.39155],false,[-142.168,104.34,46.2031],[-93.9514,93.5159,21.8621],[-73.3561,99.169,47.7899],[-87.5153,102.419,59.3745],[-103.869,103.055,59.9065],[[[-0.0831007,-0.961249,0.26286],[-0.476402,-0.193359,-0.857702],[-0.875291,0.196503,0.441873]],[[-0.0301089,-0.971358,0.235706],[0.78942,-0.167754,-0.590486],[-0.613114,-0.168292,-0.77186]],[[-0.0301089,-0.971358,0.235706],[0.64684,0.160843,0.745471],[0.762031,-0.174909,-0.623471]],[[-0.0301089,-0.971358,0.235706],[0.0407115,0.234425,0.971281],[0.998717,-0.0388401,-0.0324872]]],4],[1480,[-0.329124,-0.483695,-0.810997],148,52.1164,[-12.4172,123.356,73.9835],[-13.1837,122.474,73.7581],[75.9392,-83.6009,-36.245],false,[20.6823,169.297,151.97],[20.6823,169.297,151.97],[-6.35369,150.304,114.552],[-17.5754,133.812,86.9004],[-10.2843,119.611,69.7859],[[[0.439407,0.792884,-0.422203],[-0.436088,0.599195,0.671411],[0.785334,-0.110906,0.609058]],[[0.222932,0.794768,-0.564487],[-0.81053,0.472841,0.345634],[0.541611,0.380481,0.749594]],[[0.222932,0.794768,-0.564487],[-0.917594,0.366583,0.153746],[0.329124,0.483695,0.810997]],[[0.222932,0.794768,-0.564487],[-0.923713,-0.0128338,-0.382869],[-0.311537,0.606778,0.731277]]],0],[1481,[-0.423914,-0.198983,-0.883574],148,58.8075,[-51.9932,168.54,8.02807],[-51.6509,169.497,7.85221],[67.9516,-103.952,-46.0767],false,[26.7514,186.918,137.323],[-18.368,180.321,79.5887],[-35.976,177.243,40.5214],[-46.2222,172.433,19.1651],[-53.5699,167.293,4.62174],[[[0.78241,-0.205092,-0.588023],[0.108215,0.974626,-0.195944],[0.613289,0.0896753,0.784751]],[[0.902151,-0.179078,-0.392498],[0.134722,0.981223,-0.138027],[0.409846,0.0716433,0.909337]],[[0.902151,-0.179078,-0.392498],[0.0801278,0.963502,-0.255426],[0.423914,0.198983,0.883574]],[[0.902151,-0.179078,-0.392498],[0.0343504,0.936709,-0.348421],[0.430051,0.300845,0.851204]]],1],[1482,[-0.26235,-0.930977,0.25388],148,67.0064,[-28.8491,95.8918,75.8849],[-28.9582,95.5699,74.6053],[45.6591,-92.6203,-45.7256],false,[36.1047,186.026,129.364],[1.18011,177.774,69.5331],[-18.8892,134.639,61.7928],[-26.3495,108.166,69.0122],[-29.3687,91.6816,77.5147],[[[0.828086,-0.354216,-0.434517],[0.252371,0.927654,-0.275258],[0.500582,0.118278,0.857571]],[[0.870825,-0.341761,-0.353359],[-0.261339,0.286971,-0.921602],[0.416372,0.8949,0.160586]],[[0.870825,-0.341761,-0.353359],[-0.415735,-0.128381,-0.900379],[0.26235,0.930977,-0.25388]],[[0.870825,-0.341761,-0.353359],[-0.464595,-0.337232,-0.818795],[0.160668,0.877196,-0.452451]]],2],[1483,[-0.362802,-0.91153,0.193616],148,64.4285,[-12.7834,97.8744,67.0591],[-12.8288,97.5969,66.2871],[50.9111,-96.0635,-34.3994],false,[46.0445,182.434,123.101],[23.1108,173.017,65.5757],[1.29308,135.302,55.6848],[-8.75725,110.051,61.0484],[-13.7217,93.6929,68.5894],[[[0.871328,-0.401865,-0.281588],[0.326718,0.903274,-0.278121],[0.366118,0.150335,0.918345]],[[0.853178,-0.40848,-0.324394],[-0.183401,0.347278,-0.919653],[0.488315,0.844122,0.221374]],[[0.853178,-0.40848,-0.324394],[-0.374783,-0.0474978,-0.925895],[0.362802,0.91153,-0.193616]],[[0.853178,-0.40848,-0.324394],[-0.448874,-0.258157,-0.855492],[0.265707,0.875499,-0.40361]]],3],[1484,[-0.513107,-0.845902,0.145501],148,50.5107,[6.64285,110.201,62.5796],[6.71618,109.845,62.2745],[52.501,-98.9834,-37.0014],false,[55.963,172.568,120.485],[42.7489,164.539,64.599],[22.8849,137.032,54.6475],[12.8492,120.487,57.4933],[5.15198,106.412,63.7977],[[[0.841805,-0.52545,-0.123556],[0.489318,0.839482,-0.236299],[0.227887,0.13846,0.963793]],[[0.827221,-0.532577,-0.179075],[0.0105788,0.333414,-0.942721],[0.561778,0.777944,0.281441]],[[0.827221,-0.532577,-0.179075],[-0.228971,-0.0284772,-0.973017],[0.513107,0.845902,-0.145501]],[[0.827221,-0.532577,-0.179075],[-0.341019,-0.222587,-0.913324],[0.446556,0.816588,-0.365748]]],4]],[[0,200,0],[235.247,235.247,147.751]]],[407682,83646711367,[[147,"left",[0.860655,0.0788827,-0.503042],[0.508874,-0.167993,0.84429],[-101.832,128.565,33.4908],[18.4062,28.154,7.71775],[-110.167,124.128,27.6389],0.663033,0,0.351609,[[-0.175314,-0.979826,-0.09595],[-0.481763,0.170374,-0.85958],[-0.858586,0.104471,0.501912]],60.534,[-368.429,144.888,183.235],[-148.202,118.092,54.4942]],[148,"right",[-0.445303,0.0235997,-0.895069],[-0.202267,-0.976463,0.0748834],[15.0943,171.644,90.6248],[65.1994,-96.8507,-33.899],[14.3447,172.549,90.9141],0.955387,0,0.619423,[[0.545123,0.0176488,-0.83817],[0.345625,0.906131,0.243865],[0.763796,-0.422629,0.487853]],63.72,[252.888,58.8435,267.004],[46.6633,172.953,135.284]]],[[1470,[0.917442,-0.394704,0.0500924],147,49.5106,[-71.5383,126.373,64.8727],[-62.2014,126.684,73.8848],[6.22444,-11.7095,20.3104],false,[-145.294,142.724,69.7948],[-145.294,142.724,69.7948],[-99.4176,154.497,72.1621],[-69.7009,141.712,73.7846],[-60.204,121.618,74.373],[[[-0.294415,-0.229756,-0.927648],[-0.549046,0.835156,-0.0325926],[-0.78222,-0.499726,0.37203]],[[0.0526485,-0.00435918,-0.998604],[-0.247708,0.968681,-0.0172882],[-0.967403,-0.248272,-0.0499197]],[[0.0526485,-0.00435918,-0.998604],[0.394372,0.918798,0.0167813],[-0.917442,0.394704,-0.0500924]],[[0.0526485,-0.00435918,-0.998604],[0.902649,0.427942,0.0457215],[-0.427145,0.903796,-0.0264653]]],0],[1471,[0.997418,-0.0711575,-0.00974299],147,55.8671,[-16.106,148.651,10.8246],[-6.32055,149.492,19.5056],[24.547,9.86605,21.3361],false,[-146.135,139.117,47.5825],[-82.0087,154.154,24.204],[-41.6365,152.297,18.5084],[-18.7339,150.663,18.2847],[-2.62739,149.215,19.6773],[[[0.126852,-0.955433,-0.266565],[-0.376941,0.202144,-0.90391],[-0.91751,-0.215142,0.334499]],[[-0.0717146,-0.979334,-0.189106],[-0.128062,0.197065,-0.97199],[-0.98917,0.0454886,0.139548]],[[-0.0717146,-0.979334,-0.189106],[0.00391463,0.189316,-0.981908],[-0.997418,0.0711575,0.00974299]],[[-0.0717146,-0.979334,-0.189106],[0.100897,0.181498,-0.978201],[-0.992309,0.0892316,-0.0857963]]],1],[1472,[-0.840948,-0.117811,0.528136],147,63.6561,[-106.546,127.143,64.8218],[-97.5167,128.711,72.1018],[0.307574,13.4596,4.63813],false,[-144.763,128.508,42.8489],[-83.3369,133.947,18.5535],[-61.5779,133.056,58.8339],[-84.2957,129.873,73.1013],[-102.027,128.301,71.7443],[[[0.0641148,-0.996083,-0.0608956],[-0.370121,0.0329342,-0.9284],[-0.926769,-0.0820629,0.366559]],[[0.0935613,-0.992969,-0.0725244],[0.874897,0.116766,-0.470023],[-0.475187,0.0194754,-0.87967]],[[0.0935613,-0.992969,-0.0725244],[0.532966,-0.0115762,0.846057],[0.840948,0.117811,-0.528136]],[[0.0935613,-0.992969,-0.0725244],[-0.0690894,-0.0791436,0.994466],[0.993213,0.0880329,0.0760084]]],2],[1473,[-0.819187,0.0948703,0.565626],147,61.2071,[-110.35,114.876,62.265],[-101.553,117.527,68.1857],[11.0066,17.5242,4.42339],false,[-143.612,117.032,41.0619],[-88.983,113.063,17.801],[-66.7596,114.234,53.9449],[-88.3181,116.731,68.8304],[-106.013,117.829,67.9788],[[[-0.045248,-0.996932,0.0638715],[-0.393949,-0.0409483,-0.91822],[-0.918018,0.0667097,0.390887]],[[-0.0652763,-0.995238,0.0723889],[0.849477,-0.0934858,-0.519278],[-0.523572,-0.0275961,-0.851534]],[[-0.0652763,-0.995238,0.0723889],[0.5698,0.022378,0.821479],[0.819187,-0.0948703,-0.565626]],[[-0.0652763,-0.995238,0.0723889],[-0.0432666,0.0752982,0.996222],[0.996929,-0.0618977,0.0479757]]],3],[1474,[-0.762464,0.174417,0.623079],147,47.9852,[-108.072,100.469,54.728],[-100.015,103.066,59.6439],[8.20342,19.2437,-0.298042],false,[-142.114,104.571,46.0894],[-93.8905,93.7256,21.7722],[-73.3162,99.2476,47.7448],[-87.4835,102.488,59.3221],[-103.837,103.157,59.8352],[[[-0.0854766,-0.961949,0.259516],[-0.475738,-0.189454,-0.858942],[-0.875424,0.196881,0.441441]],[[-0.0324625,-0.972081,0.232388],[0.789812,-0.167435,-0.590053],[-0.61249,-0.164388,-0.773196]],[[-0.0324625,-0.972081,0.232388],[0.646216,0.156961,0.746839],[0.762464,-0.174417,-0.623079]],[[-0.0324625,-0.972081,0.232388],[0.0399497,0.231063,0.972118],[0.998674,-0.0408412,-0.0313335]]],4],[1480,[-0.32173,-0.482174,-0.814861],148,52.1164,[-11.5969,122.79,73.5698],[-12.198,121.96,73.2659],[85.7672,-77.0359,-40.789],false,[21.1369,168.438,151.688],[21.1369,168.438,151.688],[-5.87933,149.737,114.109],[-16.8489,133.297,86.3259],[-9.22637,119.098,69.3552],[[[0.445005,0.791711,-0.418527],[-0.437727,0.600017,0.669608],[0.781259,-0.114779,0.613564]],[[0.230688,0.794766,-0.561365],[-0.808621,0.477485,0.343716],[0.541217,0.37464,0.752814]],[[0.230688,0.794766,-0.561365],[-0.918299,0.368586,0.144469],[0.32173,0.482174,0.814861]],[[0.230688,0.794766,-0.561365],[-0.916899,-0.0155576,-0.398817],[-0.3257,0.606717,0.725131]]],0],[1481,[-0.420075,-0.197664,-0.885701],148,58.8075,[-50.8119,168.024,7.39863],[-50.387,168.96,7.17992],[88.1474,-92.4908,-54.1721],false,[27.3618,186.055,137.1],[-17.439,179.71,79.0907],[-34.8627,176.653,39.9393],[-45.0161,171.875,18.5316],[-52.3064,166.77,3.94709],[[[0.785085,-0.207383,-0.583638],[0.113186,0.974451,-0.193996],[0.608958,0.0862437,0.7885]],[[0.90353,-0.182168,-0.387876],[0.138404,0.980688,-0.138183],[0.405558,0.0711684,0.911294]],[[0.90353,-0.182168,-0.387876],[0.0846772,0.963195,-0.255119],[0.420075,0.197664,0.885701]],[[0.90353,-0.182168,-0.387876],[0.0396049,0.936769,-0.347701],[0.42669,0.298796,0.853614]]],1],[1482,[-0.267362,-0.930234,0.251361],148,67.0064,[-28.3847,95.3249,75.3164],[-28.3215,95.0083,73.9585],[52.7212,-85.0936,-53.6545],false,[36.7588,185.137,129.196],[2.15852,177.1,69.148],[-18.0335,134.055,61.2333],[-25.6364,107.602,68.3811],[-28.7664,91.1215,76.8504],[[[0.829264,-0.356885,-0.430063],[0.257627,0.927019,-0.272516],[0.495933,0.115192,0.860686]],[[0.871542,-0.344714,-0.348692],[-0.254796,0.289186,-0.922741],[0.418919,0.893053,0.164206]],[[0.871542,-0.344714,-0.348692],[-0.411013,-0.125844,-0.902902],[0.267362,0.930234,-0.251361]],[[0.871542,-0.344714,-0.348692],[-0.461163,-0.334715,-0.821763],[0.166561,0.877005,-0.450688]]],2],[1483,[-0.365809,-0.91015,0.194452],148,64.4285,[-12.1591,97.1991,66.7785],[-12.0528,96.9482,65.9697],[61.5628,-90.538,-32.6585],false,[46.7215,181.514,122.988],[24.0936,172.263,65.3147],[2.22264,134.584,55.4038],[-7.91099,109.371,60.7905],[-12.9477,93.044,68.3512],[[[0.87141,-0.404905,-0.276943],[0.331894,0.902352,-0.27497],[0.361236,0.147696,0.920703]],[[0.853566,-0.411368,-0.319691],[-0.17835,0.345829,-0.921191],[0.489507,0.843314,0.221821]],[[0.853566,-0.411368,-0.319691],[-0.370958,-0.049032,-0.927354],[0.365809,0.91015,-0.194452]],[[0.853566,-0.411368,-0.319691],[-0.44582,-0.259224,-0.856766],[0.269574,0.87383,-0.404661]]],3],[1484,[-0.516271,-0.844057,0.145027],148,50.5107,[7.28692,109.447,62.3118],[7.52156,109.124,61.975],[63.4223,-94.8647,-33.9436],false,[56.6167,171.613,120.417],[43.7039,163.709,64.4434],[23.8168,136.238,54.4372],[13.7192,119.73,57.2737],[5.94829,105.693,63.5744],[[[0.840465,-0.52858,-0.119255],[0.493991,0.837869,-0.232268],[0.222692,0.136302,0.965313]],[[0.826671,-0.535386,-0.173142],[0.0169911,0.331316,-0.943367],[0.56243,0.776912,0.282986]],[[0.826671,-0.535386,-0.173142],[-0.223787,-0.0305014,-0.974161],[0.516271,0.844057,-0.145027]],[[0.826671,-0.535386,-0.173142],[-0.336698,-0.224121,-0.914551],[0.450833,0.814329,-0.365537]]],4]],[[0,200,0],[235.247,235.247,147.751]]],[407683,83646720540,[[147,"left",[0.861558,0.0752254,-0.502055],[0.507187,-0.170241,0.844855],[-101.684,128.873,33.7549],[17.7586,29.6702,13.5963],[-110.027,124.207,27.7402],0.665361,0,0.353984,[[-0.176997,-0.979316,-0.0980441],[-0.478274,0.172647,-0.861073],[-0.860189,0.105515,0.49894]],60.534,[-368.761,145.662,182.683],[-148.123,118.597,54.7046]],[148,"right",[-0.441712,0.0166879,-0.897002],[-0.193563,-0.978052,0.077121],[15.8872,171.705,90.189],[71.125,-67.9455,-37.6947],[15.0701,172.152,90.5731],0.953398,0,0.479102,[[0.550012,0.0240236,-0.834811],[0.339001,0.907111,0.249454],[0.763259,-0.420204,0.490779]],63.72,[253.334,59.991,267.486],[47.2536,173.446,134.976]]],[[1470,[0.914596,-0.401134,0.0510529],147,49.5106,[-71.5342,126.373,64.877],[-62.2172,126.717,74.2108],[2.61871,-8.03286,23.7868],false,[-145.126,143.215,70.0105],[-145.126,143.215,70.0105],[-99.2057,154.803,72.4304],[-69.5812,141.81,74.084],[-60.3196,121.606,74.674],[[[-0.294343,-0.228419,-0.928002],[-0.545418,0.837508,-0.0331494],[-0.784781,-0.496392,0.371098]],[[0.0537595,-0.00451304,-0.998544],[-0.243769,0.969675,-0.0175066],[-0.968342,-0.244355,-0.0510291]],[[0.0537595,-0.00451304,-0.998544],[0.40078,0.916008,0.0174372],[-0.914596,0.401134,-0.0510529]],[[0.0537595,-0.00451304,-0.998544],[0.907517,0.417381,0.0469724],[-0.416561,0.90872,-0.0265338]]],0],[1471,[0.997082,-0.0757252,-0.00963987],147,55.8671,[-16.0203,148.657,10.8999],[-6.07709,149.383,19.8069],[25.0099,3.5456,23.5264],false,[-145.957,139.614,47.797],[-81.7409,154.377,24.4927],[-41.382,152.343,18.763],[-18.4872,150.604,18.5417],[-2.3889,149.08,19.9482],[[[0.123052,-0.955948,-0.266498],[-0.37504,0.20383,-0.904322],[-0.918805,-0.211226,0.333437]],[[-0.0761802,-0.979004,-0.18907],[-0.128014,0.197654,-0.971877],[-0.988842,0.0498342,0.140384]],[[-0.0761802,-0.979004,-0.18907],[0.00487986,0.189252,-0.981916],[-0.997082,0.0757252,0.00963987]],[[-0.0761802,-0.979004,-0.18907],[0.102593,0.180918,-0.978133],[-0.991802,0.0939115,-0.0866565]]],1],[1472,[-0.842641,-0.114321,0.526201],147,63.6561,[-106.518,127.149,64.8465],[-97.4594,128.992,72.3576],[1.8101,18.2758,10.9493],false,[-144.626,129,43.0641],[-83.1494,134.177,18.839],[-61.477,133.185,59.1638],[-84.2406,130.096,73.3789],[-101.976,128.601,71.9861],[[[0.059907,-0.996344,-0.0609039],[-0.368918,0.0345943,-0.928818],[-0.927529,-0.0781113,0.365497]],[[0.0894715,-0.993345,-0.0725349],[0.876349,0.113122,-0.468205],[-0.473294,0.0216748,-0.880638]],[[0.0894715,-0.993345,-0.0725349],[0.530991,-0.0140408,0.847261],[0.842641,0.114321,-0.526201]],[[0.0894715,-0.993345,-0.0725349],[-0.0714201,-0.0790383,0.99431],[0.993425,0.083782,0.0780164]]],2],[1473,[-0.820217,0.0987708,0.563461],147,61.2071,[-110.288,114.898,62.3103],[-101.544,117.844,68.4334],[7.94477,22.4762,10.4507],false,[-143.523,117.519,41.2774],[-88.8842,113.317,18.0784],[-66.7378,114.392,54.2725],[-88.3234,116.991,69.101],[-106.011,118.172,68.208],[[[-0.0496005,-0.996733,0.0637386],[-0.393075,-0.0391861,-0.918671],[-0.918168,0.0706205,0.389847]],[[-0.0700607,-0.994911,0.0724152],[0.850211,-0.0975253,-0.51733],[-0.52176,-0.0253237,-0.852717]],[[-0.0700607,-0.994911,0.0724152],[0.567746,0.0199197,0.822963],[0.820217,-0.0987708,-0.5634