{"metadata":{"formatVersion":2,"generatedBy":"LeapJS Playback 0.2.1","frames":66,"protocolVersion":6,"serviceVersion":"2.2.5+26752","frameRate":"93","modified":"Wed Apr 22 2015 20:44:33 GMT-0300 (E. South America Standard Time)"},"frames":[["id","timestamp",{"hands":[["id","type","direction","palmNormal","palmPosition","palmVelocity","stabilizedPalmPosition","pinchStrength","grabStrength","confidence","armBasis","armWidth","elbow","wrist"]]},{"pointables":[["id","direction","handId","length","stabilizedTipPosition","tipPosition","tipVelocity","tool","carpPosition","mcpPosition","pipPosition","dipPosition","btipPosition","bases","type"]]},{"interactionBox":["center","size"]}],[396718,83538069621,[[120,"right",[-0.407127,0.120433,-0.905397],[-0.577925,-0.801572,0.153251],[7.83093,139.379,58.4085],[-58.5371,-60.3883,-12.842],[7.95263,139.581,58.4819],0.820711,0,0.570491,[[0.296253,-0.309005,-0.903742],[0.61346,0.786799,-0.067924],[0.732053,-0.534287,0.422654]],63.72,[235.358,-12.3832,217.736],[37.7039,131.874,103.62]],[126,"left",[0.838771,-0.132612,-0.528089],[0.521361,-0.084041,0.849188],[-108.151,96.7724,-31.0942],[-24.3105,-43.3103,11.5834],[-108.839,98.8628,-31.5709],1,0.104594,0.144313,[[-0.186756,-0.982158,0.0220888],[-0.604783,0.0972216,-0.790434],[-0.774184,0.160977,0.612149]],62.5155,[-361.051,139.411,155.43],[-155.972,96.7684,-6.7257]]],[[1200,[-0.685457,-0.203509,-0.699095],120,52.1164,[-55.1003,122.384,53.1923],[-55.6315,123.598,52.8305],[-49.2404,-82.7252,-15.2698],false,[12.6922,139.501,119.661],[12.6922,139.501,119.661],[-27.7339,140.562,90.3967],[-51.105,133.623,66.5607],[-56.3438,118.891,49.1471],[[[0.722077,0.504786,-0.473071],[-0.151875,0.782796,0.60346],[0.674936,-0.363897,0.641903]],[[0.482942,0.591471,-0.6457],[-0.333017,0.806046,0.489274],[0.809856,-0.0212617,0.586244]],[[0.482942,0.591471,-0.6457],[-0.5449,0.780222,0.307145],[0.685457,0.203509,0.699095]],[[0.482942,0.591471,-0.6457],[-0.846557,0.503876,-0.171612],[0.223849,0.629501,0.744057]]],0],[1201,[-0.482282,0.0665922,-0.873481],120,58.8075,[-55.3868,167.2,-25.3036],[-54.8457,168.53,-25.2705],[-88.3973,-110.016,-3.60298],false,[25.3406,151.739,103.782],[-18.8069,158.783,45.3541],[-36.732,165.798,6.94508],[-48.389,167.408,-14.1673],[-57.4809,167.133,-28.6303],[[[0.628886,-0.557109,-0.54234],[0.494379,0.824901,-0.274095],[0.600077,-0.095747,0.794191]],[[0.703384,-0.564905,-0.431432],[0.575475,0.808841,-0.12085],[0.417228,-0.163275,0.894014]],[[0.703384,-0.564905,-0.431432],[0.522164,0.822464,-0.225604],[0.482282,-0.0665922,0.873481]],[[0.703384,-0.564905,-0.431432],[0.471249,0.824999,-0.311931],[0.532142,0.0160955,0.846502]]],1],[1202,[-0.511055,-0.705432,0.491109],120,67.0064,[-57.068,91.559,50.1467],[-57.6131,91.4451,48.7065],[-37.7627,-77.6248,-19.7595],false,[33.489,146.414,96.2419],[-2.02658,147.63,36.2024],[-39.6718,119.828,24.6618],[-54.2044,99.7685,38.6272],[-57.9888,88.8736,53.4636],[[[0.610621,-0.697331,-0.375329],[0.606637,0.716537,-0.344335],[0.509053,-0.0174305,0.860559]],[[0.623431,-0.697549,-0.353213],[-0.0367172,0.425132,-0.904386],[0.781015,0.576792,0.239428]],[[0.623431,-0.697549,-0.353213],[-0.59174,-0.125662,-0.796274],[0.511055,0.705432,-0.491109]],[[0.623431,-0.697549,-0.353213],[-0.755498,-0.421069,-0.50192],[0.201387,0.579764,-0.789504]]],2],[1203,[-0.684568,-0.66722,0.293571],120,64.4285,[-42.4968,84.6158,32.3127],[-42.5599,84.3224,32.3391],[-41.0285,-62.8307,-77.2269],false,[41.0823,138.549,90.6375],[16.0573,134.054,33.3897],[-17.0772,111.183,14.0169],[-36.0411,92.7,22.1494],[-44.5167,81.9021,34.8246],[[[0.631397,-0.744314,-0.217567],[0.664631,0.663964,-0.342662],[0.399505,0.0717537,0.913919]],[[0.635252,-0.743581,-0.208669],[0.215597,0.43019,-0.876615],[0.741602,0.511883,0.433593]],[[0.635252,-0.743581,-0.208669],[-0.357522,-0.0436432,-0.932884],[0.684568,0.66722,-0.293571]],[[0.635252,-0.743581,-0.208669],[-0.625039,-0.336295,-0.704437],[0.453631,0.577921,-0.678399]]],3],[1204,[-0.796015,-0.554607,0.242427],120,50.5107,[-17.765,82.9168,29.8372],[-18.0514,83.3081,29.3347],[-27.7215,-71.6873,-44.7745],false,[46.1203,125.316,89.1959],[30.5463,118.294,33.7845],[6.39087,99.1235,16.4844],[-9.17823,88.2761,21.226],[-20.3308,81.2368,32.3244],[[[0.554837,-0.830412,-0.0507005],[0.787412,0.543827,-0.290233],[0.268585,0.12111,0.955612]],[[0.58558,-0.806988,0.076596],[0.436359,0.234178,-0.868764],[0.683145,0.542154,0.489267]],[[0.58558,-0.806988,0.076596],[-0.153155,-0.202932,-0.967141],[0.796015,0.554607,-0.242427]],[[0.58558,-0.806988,0.076596],[-0.488321,-0.426602,-0.761284],[0.647023,0.408389,-0.643879]]],4],[1260,[0.789147,-0.600071,0.131003],126,51.1312,[-63.9116,95.6674,5.08479],[-59.4422,95.8239,11.5054],[-22.5987,7.42029,26.7932],false,[-148.873,123.945,4.08294],[-148.873,123.945,4.08294],[-99.9519,125.986,5.08494],[-73.554,105.913,9.46713],[-55.663,91.8483,12.5206],[[[-0.365821,-0.348115,-0.863128],[-0.434155,0.884151,-0.172586],[-0.823216,-0.311596,0.474577]],[[0.0275871,-0.178444,-0.983563],[-0.0373233,0.983068,-0.179401],[-0.998922,-0.041659,-0.0204598]],[[0.0275871,-0.178444,-0.983563],[0.613584,0.77979,-0.124265],[-0.789147,0.600071,-0.131003]],[[0.0275871,-0.178444,-0.983563],[0.626188,0.770045,-0.122143],[-0.779184,0.612526,-0.132983]]],0],[1261,[0.965374,0.0110152,0.260635],126,57.6959,[-12.0057,120.814,-34.4491],[-8.04846,119.372,-31.4231],[-22.1102,-32.6154,-16.982],false,[-151.311,116.351,-17.7623],[-84.8258,117.956,-45.8139],[-42.7957,119.408,-42.9849],[-19.9033,119.67,-36.8043],[-4.4471,119.582,-30.3171],[[[-0.0139334,-0.995844,-0.0900006],[-0.389025,0.0883165,-0.916984],[-0.921122,-0.0222358,0.388639]],[[0.0419426,-0.992664,-0.113399],[0.062715,0.115891,-0.99128],[-0.99715,-0.034465,-0.0671157]],[[0.0419426,-0.992664,-0.113399],[0.257474,0.120404,-0.958754],[-0.965374,-0.0110152,-0.260635]],[[0.0419426,-0.992664,-0.113399],[0.38476,0.120793,-0.915079],[-0.922063,0.00525073,-0.387003]]],1],[1262,[-0.157474,0.144266,0.976929],126,65.7398,[-66.1387,101.972,-6.76742],[-60.9403,99.9242,-3.53573],[-8.24365,-6.91129,13.1381],false,[-151.595,104.61,-20.594],[-89.2316,96.7797,-47.7002],[-43.2325,93.7991,-37.1422],[-47.6258,97.824,-9.88697],[-64.1537,100.422,-2.1413],[[[-0.0717274,-0.99006,0.120984],[-0.405909,-0.0818238,-0.910243],[-0.911095,0.114398,0.396005]],[[-0.0939304,-0.986974,0.130608],[0.212124,-0.148016,-0.965968],[-0.972718,0.0630287,-0.223264]],[[-0.0939304,-0.986974,0.130608],[0.983046,-0.0711959,0.168974],[0.157474,-0.144266,-0.976929]],[[-0.0939304,-0.986974,0.130608],[0.433053,0.077623,0.89802],[0.896461,-0.140912,-0.420121]]],2],[1263,[-0.0984444,0.267505,0.958514],126,63.2106,[-77.076,85.4786,-8.83862],[-70.3236,82.1504,-2.62982],[-17.3014,-9.19674,35.6148],false,[-152.081,92.5713,-20.2657],[-97.9063,76.4432,-44.387],[-55.4216,70.9485,-35.0933],[-58.0972,78.2189,-9.04248],[-73.7428,83.2437,-0.919389],[[[-0.174216,-0.95343,0.246213],[-0.438833,-0.148662,-0.886186],[-0.881518,0.262434,0.392497]],[[-0.177353,-0.952489,0.247608],[0.170904,-0.277582,-0.945378],[-0.969194,0.125349,-0.212014]],[[-0.177353,-0.952489,0.247608],[0.979211,-0.14562,0.14121],[0.0984444,-0.267505,-0.958514]],[[-0.177353,-0.952489,0.247608],[0.48996,0.132745,0.861579],[0.853513,-0.274122,-0.443139]]],3],[1264,[-0.00172397,0.424355,0.905494],126,49.5559,[-88.6178,71.847,-15.1063],[-81.9068,67.5352,-7.51497],[-17.7113,-19.9322,53.8368],false,[-152.013,80.745,-12.8423],[-105.383,58.4268,-36.5886],[-71.3249,54.3254,-31.424],[-71.3579,62.4684,-14.0484],[-84.7778,68.8262,-5.95742],[[[-0.200153,-0.878891,0.433001],[-0.536732,-0.271372,-0.798922],[-0.819669,0.392312,0.417413]],[[-0.170817,-0.892312,0.417852],[0.0834402,-0.435662,-0.896234],[-0.981763,0.118227,-0.148873]],[[-0.170817,-0.892312,0.417852],[0.985301,-0.153954,0.0740256],[0.00172397,-0.424355,-0.905494]],[[-0.170817,-0.892312,0.417852],[0.584021,0.249864,0.772326],[0.793562,-0.375961,-0.478448]]],4]],[[0,200,0],[235.247,235.247,147.751]]],[396719,83538078811,[[120,"right",[-0.406903,0.122758,-0.905186],[-0.574182,-0.805068,0.148929],[7.51923,138.937,58.1975],[-51.6563,-56.9482,-15.6694],[7.70012,139.206,58.3162],0.821157,0,0.57971,[[0.300685,-0.302392,-0.904515],[0.610764,0.789467,-0.0608954],[0.732499,-0.534135,0.422072]],63.72,[235.163,-12.854,217.359],[37.3881,131.362,103.4]],[126,"left",[0.835238,-0.131898,-0.533835],[0.525554,-0.0941237,0.845537],[-108.007,97.3569,-31.225],[-13.1319,-13.4299,4.36607],[-108.643,98.5076,-31.4893],1,0.104181,0.153917,[[-0.190454,-0.981607,0.0132346],[-0.602304,0.106194,-0.791172],[-0.775214,0.158653,0.61145]],62.5155,[-361.046,139.391,155.375],[-155.695,97.3639,-6.59605]]],[[1200,[-0.684319,-0.202954,-0.700369],120,52.1164,[-55.271,121.8,52.9425],[-55.8334,122.847,52.5206],[-41.5786,-81.28,-20.4249],false,[12.3256,138.792,119.454],[12.3256,138.792,119.454],[-28.0916,139.817,90.1765],[-51.4239,132.897,66.297],[-56.5091,118.182,48.8234],[[[0.720049,0.510501,-0.470019],[-0.156187,0.779185,0.607023],[0.676117,-0.363675,0.640785]],[[0.480556,0.59687,-0.642505],[-0.336876,0.802075,0.493142],[0.809679,-0.0205377,0.586513]],[[0.480556,0.59687,-0.642505],[-0.548428,0.776245,0.310919],[0.684319,0.202954,0.700369]],[[0.480556,0.59687,-0.642505],[-0.84962,0.498397,-0.172469],[0.217281,0.628766,0.74662]]],0],[1201,[-0.485182,0.0606101,-0.87231],120,58.8075,[-56.0061,166.281,-25.3639],[-55.4509,167.651,-25.3486],[-83.2705,-108.33,-4.50358],false,[24.9288,151.167,103.645],[-19.2004,158.275,45.211],[-37.2772,165.073,6.83411],[-49.0042,166.538,-14.25],[-58.1332,166.152,-28.6871],[[[0.632048,-0.551491,-0.544401],[0.490632,0.828567,-0.269736],[0.59983,-0.0966142,0.794273]],[[0.707216,-0.559485,-0.43223],[0.568162,0.813596,-0.123502],[0.420758,-0.158235,0.893266]],[[0.707216,-0.559485,-0.43223],[0.514241,0.826622,-0.228587],[0.485182,-0.0606101,0.87231]],[[0.707216,-0.559485,-0.43223],[0.462989,0.828533,-0.31492],[0.53431,0.0225981,0.844987]]],1],[1202,[-0.507061,-0.710026,0.488622],120,67.0064,[-57.1151,90.9554,49.7793],[-57.6334,90.746,48.2925],[-27.7452,-76.9935,-27.4804],false,[33.1095,145.916,96.087],[-2.35836,147.246,36.0218],[-39.8624,119.32,24.3217],[-54.2814,99.1296,38.2163],[-57.9888,88.1649,53.0208],[[[0.614313,-0.69259,-0.378073],[0.603474,0.72108,-0.340386],[0.508369,-0.0190533,0.860928]],[[0.627,-0.69285,-0.356132],[-0.0381488,0.429298,-0.902357],[0.778085,0.579363,0.242738]],[[0.627,-0.69285,-0.356132],[-0.591405,-0.125785,-0.796504],[0.507061,0.710026,-0.488622]],[[0.627,-0.69285,-0.356132],[-0.753624,-0.423693,-0.502529],[0.197286,0.583475,-0.787804]]],2],[1203,[-0.682629,-0.67207,0.286949],120,64.4285,[-42.5317,84.2599,31.7433],[-42.5668,83.7966,31.6261],[-29.6297,-60.8038,-79.431],false,[40.7457,138.115,90.4524],[15.7933,133.771,33.1612],[-17.1475,110.886,13.4767],[-36.0577,92.2687,21.4258],[-44.5146,81.3676,34.0249],[[[0.635176,-0.740219,-0.220517],[0.66172,0.66878,-0.33891],[0.398345,0.0693474,0.91461]],[[0.639483,-0.739418,-0.210528],[0.217936,0.436953,-0.872683],[0.737269,0.512184,0.44057]],[[0.639483,-0.739418,-0.210528],[-0.353665,-0.0397864,-0.934526],[0.682629,0.67207,-0.286949]],[[0.639483,-0.739418,-0.210528],[-0.621441,-0.335929,-0.707787],[0.452628,0.583448,-0.674326]]],3],[1204,[-0.793482,-0.559845,0.238663],120,50.5107,[-17.7238,82.5184,29.4046],[-18.0093,82.8215,28.8336],[-18.2121,-66.6321,-48.5503],false,[45.8488,124.914,88.9527],[30.358,118.079,33.4946],[6.39252,98.7961,16.0557],[-9.12704,87.8462,20.7237],[-20.2709,80.7255,31.7789],[[[0.558886,-0.827476,-0.0541291],[0.785033,0.548989,-0.286939],[0.267151,0.117873,0.956418]],[[0.590211,-0.803532,0.0773829],[0.438495,0.238639,-0.866472],[0.677771,0.545333,0.493192]],[[0.590211,-0.803532,0.0773829],[-0.148451,-0.202264,-0.968014],[0.793482,0.559845,-0.238663]],[[0.590211,-0.803532,0.0773829],[-0.483393,-0.428573,-0.763319],[0.646516,0.413113,-0.64137]]],4],[1260,[0.786851,-0.605059,0.121527],126,51.1312,[-63.8631,95.6581,5.15553],[-59.1753,95.6093,11.1554],[-8.86411,-2.626,8.75099],false,[-148.405,124.409,4.41537],[-148.405,124.409,4.41537],[-99.4677,126.125,5.2009],[-73.1467,105.885,9.26611],[-55.4679,91.516,12.1299],[[[-0.372184,-0.33863,-0.864181],[-0.430807,0.887727,-0.162317],[-0.822122,-0.311883,0.476282]],[[0.0217626,-0.169592,-0.985274],[-0.0318065,0.984891,-0.170229],[-0.999257,-0.0350427,-0.0160397]],[[0.0217626,-0.169592,-0.985274],[0.616759,0.777909,-0.120276],[-0.786851,0.605059,-0.121527]],[[0.0217626,-0.169592,-0.985274],[0.637742,0.761319,-0.116957],[-0.769943,0.625805,-0.124724]]],0],[1261,[0.966773,0.00431964,0.255601],126,57.6959,[-11.889,120.785,-34.3897],[-7.80067,119.497,-31.9072],[-8.4837,-19.4467,-26.6877],false,[-150.999,117.022,-17.4831],[-84.6599,118.559,-45.8828],[-42.6083,119.8,-43.28],[-19.6828,119.902,-37.2188],[-4.19495,119.685,-30.8105],[[[-0.0192364,-0.994922,-0.0987963],[-0.39357,0.0983719,-0.914016],[-0.919093,-0.0213009,0.393464]],[[0.0368467,-0.991771,-0.122606],[0.0576347,0.124594,-0.990532],[-0.997658,-0.0294314,-0.0617513]],[[0.0368467,-0.991771,-0.122606],[0.252968,0.12795,-0.958977],[-0.966773,-0.00431964,-0.255601]],[[0.0368467,-0.991771,-0.122606],[0.380737,0.127368,-0.915869],[-0.923949,0.0129341,-0.382297]]],1],[1262,[-0.150403,0.136078,0.979215],126,65.7398,[-66.0555,101.944,-6.73383],[-60.5906,100.032,-3.90964],[4.64631,-1.62695,-1.70994],false,[-151.355,105.308,-20.4176],[-89.1781,97.4221,-47.9337],[-43.1319,94.1321,-37.6775],[-47.3279,97.9285,-10.3585],[-63.7906,100.534,-2.47772],[[[-0.0758546,-0.990747,0.112545],[-0.411239,-0.0717392,-0.9087],[-0.908366,0.115212,0.401992]],[[-0.0977956,-0.987672,0.122232],[0.205704,-0.140229,-0.968515],[-0.973716,0.0695729,-0.216882]],[[-0.0977956,-0.987672,0.122232],[0.983776,-0.0773788,0.161857],[0.150403,-0.136078,-0.979215]],[[-0.0977956,-0.987672,0.122232],[0.439453,0.0673415,0.895738],[0.892926,-0.141314,-0.427449]]],2],[1263,[-0.0920889,0.259382,0.961374],126,63.2106,[-77.0234,85.4548,-8.79756],[-70.0981,82.3011,-3.09877],[-5.75952,-1.97849,11.4493],false,[-151.897,93.2695,-20.194],[-97.9329,77.0986,-44.7544],[-55.426,71.3216,-35.7376],[-57.9289,78.3712,-9.60903],[-73.5067,83.3967,-1.35707],[[[-0.177483,-0.954748,0.238654],[-0.444355,-0.138631,-0.885059],[-0.878094,0.26313,0.399642]],[[-0.180551,-0.953823,0.24005],[0.164565,-0.269916,-0.948717],[-0.969701,0.131788,-0.205699]],[[-0.180551,-0.953823,0.24005],[0.979245,-0.151471,0.134668],[0.0920889,-0.259382,-0.961374]],[[-0.180551,-0.953823,0.24005],[0.495193,0.122719,0.860072],[0.849815,-0.274158,-0.450169]]],3],[1264,[0.00533321,0.416619,0.909065],126,49.5559,[-88.5035,71.7783,-14.9972],[-81.7745,67.7762,-8.06502],[-8.93936,-7.01091,21.9523],false,[-151.846,81.3771,-12.8769],[-105.454,59.0491,-37.0761],[-71.3913,54.7143,-32.1383],[-71.289,62.7088,-14.6942],[-84.6352,69.0683,-6.48359],[[[-0.202044,-0.881759,0.426239],[-0.542371,-0.261646,-0.798358],[-0.815483,0.392483,0.425376]],[[-0.173487,-0.894907,0.411148],[0.0760028,-0.4284,-0.900387],[-0.981899,0.124957,-0.142337]],[[-0.173487,-0.894907,0.411148],[0.984822,-0.159904,0.0675053],[-0.00533321,-0.416619,-0.909065]],[[-0.173487,-0.894907,0.411148],[0.589111,0.240251,0.77151],[0.789209,-0.376059,-0.48552]]],4]],[[0,200,0],[235.247,235.247,147.751]]],[396720,83538096467,[[120,"right",[-0.406654,0.122891,-0.905279],[-0.567246,-0.810727,0.144753],[7.07656,137.987,57.7875],[-39.234,-55.4762,-19.1971],[7.23133,138.29,57.9187],0.822171,0,0.594728,[[0.307525,-0.291518,-0.905785],[0.606614,0.793459,-0.0494142],[0.733108,-0.534266,0.420847]],63.72,[234.885,-13.7613,216.632],[36.9454,130.49,103.003]],[126,"left",[0.831861,-0.132711,-0.538882],[0.529705,-0.0998514,0.842284],[-107.521,97.5791,-31.3108],[5.87569,-1.2755,0.0577117],[-108.222,98.1593,-31.4223],1,0.10407,0.154626,[[-0.192332,-0.981296,0.00815055],[-0.599767,0.110971,-0.792442],[-0.776716,0.1573,0.609892]],62.5155,[-360.824,139.327,155.132],[-155.075,97.6584,-6.42653]]],[[1200,[-0.682653,-0.204887,-0.701431],120,52.1164,[-55.5476,120.334,52.4438],[-56.0755,121.312,52.0327],[-28.7552,-81.7144,-23.4052],false,[11.7947,137.632,119.05],[11.7947,137.632,119.05],[-28.6237,138.473,89.7683],[-51.8991,131.487,65.8526],[-56.6912,116.718,48.3416],[[[0.716184,0.518792,-0.466836],[-0.163967,0.775257,0.609993],[0.678377,-0.360321,0.640291]],[[0.475862,0.603819,-0.639498],[-0.34342,0.796943,0.496936],[0.809703,-0.0168566,0.586598]],[[0.475862,0.603819,-0.639498],[-0.554563,0.77034,0.314701],[0.682653,0.204887,0.701431]],[[0.475862,0.603819,-0.639498],[-0.855353,0.486992,-0.176662],[0.204759,0.631063,0.74822]]],0],[1201,[-0.490597,0.0450543,-0.870221],120,58.8075,[-57.0898,163.927,-25.6108],[-56.4526,165.459,-25.6268],[-72.3596,-119.023,-8.87441],false,[24.3109,150.183,103.311],[-19.7943,157.141,44.8409],[-38.1501,163.35,6.49653],[-50.008,164.438,-14.5371],[-59.2074,163.77,-28.9191],[[[0.637701,-0.543621,-0.545723],[0.483666,0.833985,-0.265587],[0.599503,-0.0945824,0.794764]],[[0.714137,-0.551465,-0.431155],[0.554494,0.821586,-0.132413],[0.427251,-0.144512,0.892509]],[[0.714137,-0.551465,-0.431155],[0.499322,0.832981,-0.238372],[0.490597,-0.0450543,0.870221]],[[0.714137,-0.551465,-0.431155],[0.447329,0.83328,-0.324872],[0.538428,0.0391357,0.841762]]],1],[1202,[-0.497989,-0.715801,0.489526],120,67.0064,[-56.975,89.4884,49.2413],[-57.47,89.2915,47.8583],[-9.92482,-78.9429,-26.8279],false,[32.5488,145.036,95.7437],[-2.84189,146.3,35.6315],[-40.0855,118.075,23.817],[-54.2465,97.7206,37.7374],[-57.7609,86.7247,52.5657],[[[0.620974,-0.685557,-0.380004],[0.597559,0.727794,-0.336511],[0.507262,-0.0181102,0.861601]],[[0.633416,-0.685795,-0.358426],[-0.0417843,0.432207,-0.900806],[0.772682,0.585562,0.245111]],[[0.633416,-0.685795,-0.358426],[-0.592276,-0.131581,-0.794919],[0.497989,0.715801,-0.489526]],[[0.633416,-0.685795,-0.358426],[-0.750872,-0.432783,-0.498888],[0.187015,0.585136,-0.789076]]],2],[1203,[-0.678266,-0.679471,0.279775],120,64.4285,[-42.4839,83.2923,30.7513],[-42.4578,82.5595,30.6647],[-12.6814,-64.7287,-69.6066],false,[40.2619,137.326,90.0884],[15.4326,132.998,32.7426],[-17.1914,109.968,12.7032],[-35.9808,91.1454,20.4535],[-44.3854,80.1163,32.9761],[[[0.642028,-0.73365,-0.222615],[0.656263,0.676006,-0.335163],[0.396381,0.0690905,0.915483]],[[0.646936,-0.732729,-0.211146],[0.219805,0.444333,-0.868478],[0.730178,0.515439,0.448513]],[[0.646936,-0.732729,-0.211146],[-0.348467,-0.0377831,-0.936559],[0.678266,0.679471,-0.279775]],[[0.646936,-0.732729,-0.211146],[-0.615734,-0.338616,-0.711485],[0.449828,0.590295,-0.670229]]],3],[1204,[-0.788731,-0.568312,0.234362],120,50.5107,[-17.5081,81.397,28.6214],[-17.8015,81.666,28.1431],[-3.4227,-66.2328,-45.7417],false,[45.484,124.176,88.542],[30.1352,117.434,33.0331],[6.52119,97.8761,15.4222],[-8.90543,86.7606,20.006],[-20.0289,79.5415,31.0178],[[[0.566272,-0.822266,-0.0567019],[0.780557,0.557098,-0.283502],[0.264702,0.11628,0.957294]],[[0.598589,-0.796819,0.0822812],[0.442372,0.243181,-0.863232],[0.667831,0.55312,0.498056]],[[0.598589,-0.796819,0.0822812],[-0.139983,-0.205184,-0.968661],[0.788731,0.568312,-0.234362]],[[0.598589,-0.796819,0.0822812],[-0.474588,-0.435508,-0.764918],[0.645335,0.418822,-0.638851]]],4],[1260,[0.782966,-0.610792,0.117888],126,51.1312,[-63.7424,95.6087,5.32858],[-58.8645,94.7569,11.2216],[1.3245,-28.6189,10.4447],false,[-147.624,124.627,4.66439],[-147.624,124.627,4.66439],[-98.6723,125.806,5.54756],[-72.4813,105.375,9.49104],[-55.3699,90.3327,12.3465],[[[-0.378091,-0.333395,-0.863652],[-0.428273,0.890065,-0.156101],[-0.820749,-0.310858,0.47931]],[[0.0217152,-0.162559,-0.98646],[-0.0208323,0.986405,-0.163008],[-0.999547,-0.0240899,-0.0180335]],[[0.0217152,-0.162559,-0.98646],[0.621685,0.774924,-0.114014],[-0.782966,0.610792,-0.117888]],[[0.0217152,-0.162559,-0.98646],[0.666455,0.737839,-0.106918],[-0.745229,0.65511,-0.12436]]],0],[1261,[0.967823,0.0000984238,0.251631],126,57.6959,[-11.7388,120.748,-34.3372],[-7.24537,119.386,-32.4166],[9.92142,-13.0132,-26.6602],false,[-150.363,117.346,-17.2521],[-84.1714,118.757,-46.0002],[-42.1031,119.862,-43.6159],[-19.1526,119.864,-37.6488],[-3.64467,119.566,-31.2926],[[[-0.0235666,-0.994396,-0.103063],[-0.398073,0.1039,-0.911451],[-0.917051,-0.0195468,0.398291]],[[0.033257,-0.991278,-0.127525],[0.0527327,0.129158,-0.990221],[-0.998055,-0.026207,-0.0565682]],[[0.033257,-0.991278,-0.127525],[0.249424,0.13179,-0.959385],[-0.967823,-0.0000984238,-0.251631]],[[0.033257,-0.991278,-0.127525],[0.378142,0.130591,-0.916491],[-0.92515,0.0177429,-0.379187]]],1],[1262,[-0.143928,0.132142,0.980726],126,65.7398,[-65.862,101.884,-6.67261],[-59.9142,99.9513,-4.24081],[20.14,-2.93663,-9.30354],false,[-150.78,105.647,-20.2361],[-88.7813,97.6465,-48.1197],[-42.6924,94.1445,-38.1285],[-46.7078,97.8311,-10.7673],[-63.109,100.461,-2.76744],[[[-0.0790376,-0.990939,0.108595],[-0.416363,-0.0661641,-0.906788],[-0.905756,0.116885,0.407361]],[[-0.100711,-0.987855,0.118322],[0.19995,-0.136597,-0.970238],[-0.974616,0.0740554,-0.211278]],[[-0.100711,-0.987855,0.118322],[0.98445,-0.0817402,0.155489],[0.143928,-0.132142,-0.980726]],[[-0.100711,-0.987855,0.118322],[0.445521,0.0615584,0.893153],[0.889589,-0.142665,-0.43391]]],2],[1263,[-0.0863751,0.255472,0.96295],126,63.2106,[-76.8579,85.3846,-8.68507],[-69.5245,82.2593,-3.44579],[11.8017,-2.01635,-2.77699],false,[-151.366,93.6097,-20.0625],[-97.5965,77.3425,-44.9829],[-55.0676,71.3762,-36.1966],[-57.4151,78.3195,-10.0252],[-72.9304,83.3649,-1.66834],[[[-0.179852,-0.955111,0.235405],[-0.449608,-0.133033,-0.883264],[-0.874932,0.264697,0.405499]],[[-0.182779,-0.95422,0.23676],[0.159039,-0.266343,-0.950667],[-0.970205,0.136108,-0.20044]],[[-0.182779,-0.95422,0.23676],[0.979352,-0.155557,0.129116],[0.0863751,-0.255472,-0.96295]],[[-0.182779,-0.95422,0.23676],[0.500186,0.117069,0.857968],[0.846408,-0.275243,-0.45589]]],3],[1264,[0.0119404,0.413243,0.910543],126,49.5559,[-88.1746,71.5937,-14.7209],[-81.2745,67.7814,-8.44654],[8.21495,-3.62003,1.51515],false,[-151.322,81.685,-12.7981],[-105.146,59.288,-37.3437],[-71.0785,54.7585,-32.614],[-70.8494,62.6882,-15.1415],[-84.1297,69.0801,-6.8495],[[[-0.20313,-0.882858,0.423438],[-0.547628,-0.256057,-0.796579],[-0.811691,0.393696,0.431465]],[[-0.175822,-0.895552,0.408745],[0.0687302,-0.425367,-0.902407],[-0.98202,0.13057,-0.136341]],[[-0.175822,-0.895552,0.408745],[0.984349,-0.164974,0.0619641],[-0.0119404,-0.413243,-0.910543]],[[-0.175822,-0.895552,0.408745],[0.593612,0.23478,0.769742],[0.785309,-0.377974,-0.490331]]],4]],[[0,200,0],[235.247,235.247,147.751]]],[396721,83538105507,[[120,"right",[-0.405831,0.123298,-0.905593],[-0.563728,-0.81369,0.141843],[6.83467,137.58,57.6346],[-35.7956,-52.5987,-18.5682],[7.04125,137.95,57.7826],0.822722,0,0.605252,[[0.311342,-0.285777,-0.90631],[0.604221,0.795639,-0.0433143],[0.733473,-0.534126,0.420389]],63.72,[234.706,-14.1069,216.382],[36.6685,130.107,102.877]],[126,"left",[0.823545,-0.146493,-0.548009],[0.536242,-0.113988,0.836332],[-108.241,99.0526,-31.0742],[-17.6954,43.9999,7.25537],[-108.226,98.3424,-31.3509],1,0.105138,0.155644,[[-0.194367,-0.980896,-0.00797898],[-0.596921,0.124728,-0.792545],[-0.7784,0.149282,0.609761]],62.5155,[-361.723,139.492,155.823],[-155.528,99.9481,-5.70029]]],[[1200,[-0.681297,-0.205596,-0.702542],120,52.1164,[-55.6549,119.79,52.2544],[-56.2034,120.603,51.7909],[-24.8678,-79.4094,-24.034],false,[11.4608,137.092,118.903],[11.4608,137.092,118.903],[-28.939,137.854,89.5937],[-52.1683,130.844,65.6401],[-56.7828,116.049,48.1035],[[[0.7145,0.523255,-0.464428],[-0.168467,0.772956,0.611685],[0.679049,-0.358808,0.640429]],[[0.473856,0.607652,-0.637353],[-0.347053,0.794056,0.499028],[0.80933,-0.0152716,0.587156]],[[0.473856,0.607652,-0.637353],[-0.557939,0.76713,0.316569],[0.681297,0.205596,0.702542]],[[0.473856,0.607652,-0.637353],[-0.858244,0.480736,-0.179749],[0.197174,0.63218,0.749314]]],0],[1201,[-0.492246,0.038153,-0.86962],120,58.8075,[-57.5401,162.928,-25.7203],[-56.9017,164.467,-25.7535],[-66.5802,-117.648,-9.87372],false,[23.943,149.74,103.215],[-20.1043,156.643,44.6947],[-38.5632,162.579,6.35679],[-50.4609,163.501,-14.6623],[-59.6754,162.711,-29.0284],[[[0.641031,-0.539306,-0.546103],[0.480227,0.836867,-0.262747],[0.598716,-0.0938245,0.795447]],[[0.717939,-0.547109,-0.430391],[0.547689,0.825577,-0.135861],[0.429651,-0.138181,0.89236]],[[0.717939,-0.547109,-0.430391],[0.492197,0.836192,-0.24192],[0.492246,-0.038153,0.86962]],[[0.717939,-0.547109,-0.430391],[0.44012,0.835783,-0.328271],[0.539313,0.0462547,0.840834]]],1],[1202,[-0.493543,-0.718921,0.489457],120,67.0064,[-56.9018,88.9486,49.0389],[-57.3823,88.6315,47.6277],[-4.22466,-76.9511,-26.904],false,[32.2161,144.651,95.6476],[-3.08806,145.903,35.4843],[-40.186,117.53,23.5677],[-54.2206,97.0863,37.4861],[-57.6423,86.0722,52.3226],[[[0.624704,-0.681734,-0.380767],[0.594715,0.73138,-0.333762],[0.506022,-0.017946,0.862334]],[[0.637008,-0.681969,-0.359359],[-0.042931,0.434072,-0.899855],[0.769661,0.588642,0.247229]],[[0.637008,-0.681969,-0.359359],[-0.592145,-0.134429,-0.79454],[0.493543,0.718921,-0.489457]],[[0.637008,-0.681969,-0.359359],[-0.749043,-0.43749,-0.49753],[0.182084,0.586106,-0.789509]]],2],[1203,[-0.67567,-0.683319,0.276668],120,64.4285,[-42.4493,82.8812,30.3842],[-42.3938,82.0012,30.2531],[-7.08006,-63.8497,-62.9869],false,[39.9733,136.99,89.9848],[15.2519,132.692,32.5901],[-17.2179,109.57,12.4071],[-35.9353,90.6409,20.0714],[-44.3092,79.5445,32.555],[[[0.645739,-0.730126,-0.223467],[0.653656,0.679859,-0.332453],[0.394659,0.0686079,0.916263]],[[0.650786,-0.729178,-0.211605],[0.219883,0.447757,-0.866698],[0.726725,0.517506,0.451728]],[[0.650786,-0.729178,-0.211605],[-0.346334,-0.0370767,-0.937378],[0.67567,0.683319,-0.276668]],[[0.650786,-0.729178,-0.211605],[-0.612869,-0.339981,-0.713306],[0.448185,0.593895,-0.668146]]],3],[1204,[-0.786421,-0.572826,0.23111],120,50.5107,[-17.404,80.9871,28.319],[-17.6763,81.1626,27.797],[1.80482,-63.4031,-44.746],false,[45.2582,123.869,88.4134],[30.0255,117.196,32.8642],[6.61631,97.5009,15.1327],[-8.76515,86.2971,19.6529],[-19.8884,79.0228,30.6287],[[[0.570137,-0.819507,-0.0578939],[0.778416,0.561394,-0.280899],[0.2627,0.115085,0.95799]],[[0.602863,-0.793281,0.0852086],[0.445265,0.245905,-0.86097],[0.662039,0.556988,0.501467]],[[0.602863,-0.793281,0.0852086],[-0.134525,-0.206337,-0.969189],[0.786421,0.572826,-0.23111]],[[0.602863,-0.793281,0.0852086],[-0.469171,-0.438867,-0.766339],[0.645317,0.42202,-0.636761]]],4],[1260,[0.772437,-0.625886,0.107735],126,51.1312,[-63.6805,95.5841,5.42412],[-59.2807,94.9589,11.0432],[-11.876,-13.9124,2.63167],false,[-147.437,126.715,5.42961],[-147.437,126.715,5.42961],[-98.4651,126.871,5.89048],[-72.6262,105.935,9.49432],[-55.8734,90.456,12.1353],[[[-0.393365,-0.322037,-0.861136],[-0.412342,0.898956,-0.147823],[-0.821729,-0.296934,0.486407]],[[0.0097951,-0.157876,-0.98741],[-0.00165687,0.987454,-0.157899],[-0.999951,-0.00318265,-0.00941063]],[[0.0097951,-0.157876,-0.98741],[0.635015,0.763768,-0.115818],[-0.772437,0.625886,-0.107735]],[[0.0097951,-0.157876,-0.98741],[0.683789,0.721555,-0.108585],[-0.729614,0.674117,-0.115021]]],0],[1261,[0.969707,-0.0191581,0.243519],126,57.6959,[-11.6843,120.728,-34.3242],[-7.58954,118.955,-33.067],[-3.57077,-21.9909,-37.3854],false,[-150.542,119.589,-16.4887],[-84.6328,119.837,-45.9122],[-42.5307,120.154,-43.9241],[-19.5355,119.7,-38.1494],[-3.98853,119.08,-31.913],[[[-0.0440825,-0.993269,-0.107112],[-0.405271,0.115778,-0.906836],[-0.913133,-0.00343392,0.407647]],[[0.013737,-0.991065,-0.132671],[0.0457455,0.133167,-0.990037],[-0.998859,-0.00753103,-0.0471661]],[[0.013737,-0.991065,-0.132671],[0.243885,0.131997,-0.960779],[-0.969707,0.0191581,-0.243519]],[[0.013737,-0.991065,-0.132671],[0.373623,0.12816,-0.918684],[-0.927479,0.036949,-0.372046]]],1],[1262,[-0.130397,0.130315,0.982861],126,65.7398,[-65.7871,101.864,-6.65037],[-60.2882,100.369,-4.48957],[3.02892,10.3571,-14.1353],false,[-151.218,107.914,-19.5188],[-89.6766,98.83,-48.0752],[-43.5627,94.3879,-38.5854],[-47.2007,98.0235,-11.1647],[-63.4542,100.936,-2.96378],[[[-0.0973058,-0.989687,0.10512],[-0.426838,-0.0539163,-0.902719],[-0.899078,0.132709,0.41719]],[[-0.118675,-0.986249,0.115019],[0.18711,-0.135975,-0.972883],[-0.975144,0.0939361,-0.200674]],[[-0.118675,-0.986249,0.115019],[0.984334,-0.101643,0.144069],[0.130397,-0.130315,-0.982861]],[[-0.118675,-0.986249,0.115019],[0.456867,0.0486103,0.888206],[0.881583,-0.157957,-0.444816]]],2],[1263,[-0.0717036,0.252749,0.964871],126,63.2106,[-76.7735,85.3524,-8.62399],[-70.2707,82.8697,-3.66491],[-14.4383,17.155,-8.55772],false,[-152.038,95.8894,-19.3913],[-98.855,78.6881,-44.9353],[-56.3646,71.8584,-36.603],[-58.3134,78.7277,-10.3794],[-73.6413,84.036,-1.84139],[[[-0.196096,-0.952472,0.233117],[-0.461143,-0.120229,-0.879143],[-0.865386,0.279897,0.415649]],[[-0.198928,-0.95155,0.234477],[0.144343,-0.265097,-0.953356],[-0.969326,0.155804,-0.190085]],[[-0.198928,-0.95155,0.234477],[0.977387,-0.175127,0.118508],[0.0717036,-0.252749,-0.964871]],[[-0.198928,-0.95155,0.234477],[0.511106,0.10341,0.853274],[0.836181,-0.289583,-0.465772]]],3],[1264,[0.0294266,0.409127,0.912003],126,49.5559,[-88.015,71.5107,-14.5674],[-82.3488,68.6373,-8.6232],[-27.1136,23.3789,-4.38517],false,[-152.153,83.9334,-12.1792],[-106.677,60.7501,-37.2968],[-72.6619,55.5136,-32.9416],[-72.0972,63.3644,-15.4411],[-85.1654,69.9857,-6.99356],[[[-0.21603,-0.880629,0.421691],[-0.56066,-0.241706,-0.791984],[-0.799369,0.407517,0.441518]],[[-0.18966,-0.893538,0.406963],[0.0507485,-0.422854,-0.904776],[-0.980537,0.150947,-0.125544]],[[-0.18966,-0.893538,0.406963],[0.981409,-0.184946,0.0513014],[-0.0294266,-0.409127,-0.912003]],[[-0.18966,-0.893538,0.406963],[0.60569,0.219747,0.764756],[0.772767,-0.391537,-0.499529]]],4]],[[0,200,0],[235.247,235.247,147.751]]],[396722,83538114521,[[120,"right",[-0.405043,0.121969,-0.906126],[-0.56139,-0.815419,0.141185],[6.6172,136.991,57.391],[-32.587,-56.1006,-20.8925],[6.8513,137.52,57.6072],0.824023,0,0.615893,[[0.312851,-0.281696,-0.907068],[0.602975,0.796783,-0.0394786],[0.733857,-0.534588,0.41913]],63.72,[234.557,-14.7247,215.837],[36.4157,129.614,102.672]],[126,"left",[0.822529,-0.147688,-0.549213],[0.537834,-0.111932,0.835587],[-108.177,99.1079,-31.0944],[-10.8845,33.59,4.64376],[-108.216,98.4921,-31.3008],1,0.10793,0.162489,[[-0.192644,-0.981247,-0.00656977],[-0.596947,0.122504,-0.792872],[-0.778808,0.14882,0.609353]],62.5155,[-361.719,139.479,155.782],[-155.416,100.058,-5.6335]]],[[1200,[-0.680621,-0.20686,-0.702826],120,52.1164,[-55.7604,119.149,52.0503],[-56.3107,119.784,51.5437],[-21.481,-80.5993,-24.4487],false,[11.1658,136.522,118.665],[11.1658,136.522,118.665],[-29.233,137.214,89.353],[-52.4392,130.161,65.3897],[-56.8488,115.273,47.8793],[[[0.713476,0.525426,-0.46355],[-0.171646,0.77248,0.611402],[0.67933,-0.356654,0.641333]],[[0.472569,0.609111,-0.636916],[-0.34885,0.792963,0.499512],[0.80931,-0.0138658,0.587218]],[[0.472569,0.609111,-0.636916],[-0.559852,0.765632,0.316818],[0.680621,0.20686,0.702826]],[[0.472569,0.609111,-0.636916],[-0.860917,0.473579,-0.185864],[0.188418,0.636165,0.748193]]],0],[1201,[-0.494155,0.0297299,-0.868865],120,58.8075,[-57.9765,161.599,-25.959],[-57.3271,163.138,-26.0167],[-61.5584,-126.165,-14.5746],false,[23.6291,149.207,102.993],[-20.3639,155.969,44.4148],[-38.9373,161.552,6.07908],[-50.8812,162.271,-14.9217],[-60.1155,161.339,-29.2667],[[[0.6434,-0.537363,-0.545231],[0.477974,0.838328,-0.262198],[0.597978,-0.0919083,0.796226]],[[0.720697,-0.544936,-0.428533],[0.541939,0.828346,-0.14193],[0.432316,-0.12995,0.892309]],[[0.720697,-0.544936,-0.428533],[0.486216,0.837951,-0.247857],[0.494155,-0.0297299,0.868865]],[[0.720697,-0.544936,-0.428533],[0.434148,0.836702,-0.333835],[0.540472,0.0545469,0.839592]]],1],[1202,[-0.487494,-0.719435,0.494736],120,67.0064,[-56.7681,88.3058,48.9702],[-57.2362,87.8774,47.6325],[2.36232,-78.2116,-19.0942],false,[31.9276,144.143,95.4361],[-3.30267,145.281,35.2272],[-40.3011,116.756,23.3647],[-54.1637,96.2981,37.4332],[-57.4283,85.3531,52.356],[[[0.6273,-0.679828,-0.379905],[0.59288,0.73319,-0.333056],[0.504964,-0.0163116,0.862986]],[[0.63935,-0.680024,-0.358885],[-0.045028,0.432829,-0.900351],[0.767596,0.591799,0.246109]],[[0.63935,-0.680024,-0.358885],[-0.594627,-0.141355,-0.791478],[0.487494,0.719435,-0.494736]],[[0.63935,-0.680024,-0.358885],[-0.749033,-0.445363,-0.490511],[0.173725,0.582426,-0.794103]]],2],[1203,[-0.674051,-0.685433,0.275385],120,64.4285,[-42.4239,82.3912,30.0405],[-42.3892,81.2676,29.8917],[-4.74847,-68.66,-56.7817],false,[39.7158,136.506,89.784],[15.0818,132.127,32.3578],[-17.2633,108.911,12.0832],[-35.9358,89.9229,19.7119],[-44.2927,78.8067,32.1892],[[[0.648282,-0.728143,-0.222573],[0.651977,0.681852,-0.331668],[0.393264,0.0699016,0.916765]],[[0.653581,-0.727122,-0.210059],[0.220801,0.44865,-0.866002],[0.723933,0.519621,0.453779]],[[0.653581,-0.727122,-0.210059],[-0.34422,-0.0383954,-0.938104],[0.674051,0.685433,-0.275385]],[[0.653581,-0.727122,-0.210059],[-0.610557,-0.342514,-0.714076],[0.447273,0.59496,-0.66781]]],3],[1204,[-0.784791,-0.575528,0.229937],120,50.5107,[-17.3068,80.3994,28.0297],[-17.5973,80.4178,27.5284],[4.30492,-68.8472,-41.5238],false,[45.0432,123.401,88.2205],[29.9028,116.676,32.6522],[6.69042,96.801,14.864],[-8.65914,85.5444,19.3613],[-19.7924,78.2737,30.3291],[[[0.572744,-0.817744,-0.0570905],[0.777037,0.563778,-0.279943],[0.261108,0.115974,0.958318]],[[0.606207,-0.790009,0.091649],[0.448947,0.244801,-0.859371],[0.656475,0.562102,0.503072]],[[0.606207,-0.790009,0.091649],[-0.128906,-0.211315,-0.96888],[0.784791,0.575528,-0.229937]],[[0.606207,-0.790009,0.091649],[-0.464027,-0.444929,-0.765975],[0.645904,0.421812,-0.636305]]],4],[1260,[0.772473,-0.62568,0.108676],126,51.1312,[-63.6147,95.5567,5.52604],[-59.248,94.8809,11.0893],[-7.59923,-12.9848,4.16951],false,[-147.308,126.852,5.41753],[-147.308,126.852,5.41753],[-98.336,126.868,5.89958],[-72.4959,105.938,9.53491],[-55.8692,90.3316,12.2195],[[[-0.394947,-0.324131,-0.859625],[-0.41274,0.89855,-0.149178],[-0.820769,-0.295884,0.488661]],[[0.00976804,-0.159404,-0.987165],[0.00125357,0.987213,-0.159399],[-0.999952,-0.000319531,-0.00984296]],[[0.00976804,-0.159404,-0.987165],[0.634973,0.76362,-0.117023],[-0.772473,0.62568,-0.108676]],[[0.00976804,-0.159404,-0.987165],[0.689603,0.71597,-0.108788],[-0.724121,0.67969,-0.116919]]],0],[1261,[0.969378,-0.0169218,0.244991],126,57.6959,[-11.6454,120.716,-34.3155],[-7.55983,119.121,-33.2126],[-2.17299,-9.89083,-28.573],false,[-150.453,119.673,-16.4779],[-84.5999,119.86,-46.0262],[-42.4986,120.271,-44.0362],[-19.5113,119.87,-38.2266],[-3.97806,119.287,-31.9524],[[[-0.0441517,-0.993526,-0.104671],[-0.406997,0.113572,-0.906341],[-0.912362,-0.0025841,0.409377]],[[0.0158914,-0.99121,-0.131343],[0.0455164,0.13194,-0.990212],[-0.998837,-0.00975761,-0.047213]],[[0.0158914,-0.99121,-0.131343],[0.24506,0.131214,-0.960588],[-0.969378,0.0169218,-0.244991]],[[0.0158914,-0.99121,-0.131343],[0.375572,0.127658,-0.917959],[-0.926657,0.0347411,-0.374299]]],1],[1262,[-0.128403,0.132548,0.982824],126,65.7398,[-65.7198,101.848,-6.63167],[-60.156,100.493,-4.59208],[5.8073,11.4269,-12.6958],false,[-151.133,107.991,-19.479],[-89.6449,98.8474,-48.1298],[-43.5166,94.4418,-38.6932],[-47.0989,98.1397,-11.2736],[-63.3308,101.068,-3.03546],[[[-0.0969749,-0.989448,0.107653],[-0.428534,-0.0561147,-0.901781],[-0.898306,0.133583,0.41857]],[[-0.118216,-0.986008,0.117533],[0.185808,-0.138237,-0.972813],[-0.975449,0.0931635,-0.19955]],[[-0.118216,-0.986008,0.117533],[0.984651,-0.101094,0.142276],[0.128403,-0.132548,-0.982824]],[[-0.118216,-0.986008,0.117533],[0.459244,0.0506546,0.886865],[0.880409,-0.158818,-0.44683]]],2],[1263,[-0.0701981,0.255028,0.964382],126,63.2106,[-76.6818,85.3198,-8.55924],[-70.1563,82.9979,-3.71236],[-7.19595,16.4492,-7.39749],false,[-151.952,95.9668,-19.3213],[-98.8147,78.7118,-44.9249],[-56.3095,71.9153,-36.641],[-58.2173,78.8465,-10.4307],[-73.5306,84.1713,-1.87683],[[[-0.195529,-0.951941,0.235748],[-0.462785,-0.122376,-0.877983],[-0.864638,0.280771,0.416616]],[[-0.198272,-0.951045,0.237069],[0.142969,-0.267346,-0.952935],[-0.969664,0.155047,-0.188977]],[[-0.198272,-0.951045,0.237069],[0.97763,-0.174568,0.117326],[0.0701981,-0.255028,-0.964382]],[[-0.198272,-0.951045,0.237069],[0.51266,0.105522,0.852083],[0.835385,-0.29048,-0.46664]]],3],[1264,[0.0312011,0.41173,0.910772],126,49.5559,[-87.839,71.4237,-14.4016],[-82.2367,68.7389,-8.63681],[-16.4076,20.0093,-3.60163],false,[-152.051,84.028,-12.0808],[-106.62,60.791,-37.229],[-72.5997,55.5407,-32.9296],[-72.001,63.4414,-15.4527],[-85.0557,70.0929,-7.00806],[[[-0.215116,-0.879653,0.424188],[-0.562122,-0.243658,-0.790348],[-0.798589,0.408461,0.442057]],[[-0.189495,-0.892253,0.40985],[0.0485528,-0.425417,-0.903694],[-0.980681,0.151346,-0.123936]],[[-0.189495,-0.892253,0.40985],[0.981386,-0.185374,0.0501813],[-0.0312011,-0.41173,-0.910772]],[[-0.189495,-0.892253,0.40985],[0.60676,0.221765,0.763323],[0.771968,-0.393326,-0.49936]]],4]],[[0,200,0],[235.247,235.247,147.751]]],[396723,83538133146,[[120,"right",[-0.403895,0.122393,-0.906581],[-0.557201,-0.818883,0.137688],[6.45755,136.481,56.9905],[-20.9307,-42.1683,-21.1894],[6.608,136.878,57.2261],0.826129,0,0.618337,[[0.31759,-0.274013,-0.907774],[0.600467,0.799044,-0.0311154],[0.733877,-0.535207,0.418304]],63.72,[234.352,-15.371,215.252],[36.2055,129.135,102.31]],[126,"left",[0.822575,-0.149234,-0.548726],[0.537323,-0.111914,0.835918],[-108.169,99.2194,-31.1382],[-5.39332,20.1923,1.24654],[-108.2,98.7348,-31.2465],1,0.111764,0.171105,[[-0.192162,-0.981337,-0.00717572],[-0.597076,0.122714,-0.792743],[-0.778829,0.148051,0.609514]],62.5155,[-361.726,139.471,155.759],[-155.418,100.253,-5.69886]]],[[1200,[-0.679342,-0.207366,-0.703913],120,52.1164,[-55.809,118.179,51.6021],[-56.292,118.897,51.0838],[-10.7604,-62.3929,-23.9521],false,[10.8864,135.858,118.272],[10.8864,135.858,118.272],[-29.5111,136.495,88.9568],[-52.6737,129.425,64.9565],[-56.7641,114.45,47.4421],[[[0.711515,0.530666,-0.460587],[-0.177089,0.769746,0.613295],[0.67999,-0.354803,0.641661]],[[0.470068,0.613626,-0.634428],[-0.352272,0.789494,0.502597],[0.809284,-0.0127636,0.587279]],[[0.470068,0.613626,-0.634428],[-0.563498,0.761881,0.319385],[0.679342,0.207366,0.703913]],[[0.470068,0.613626,-0.634428],[-0.865153,0.462665,-0.193524],[0.174777,0.639847,0.748364]]],0],[1201,[-0.496952,0.0195906,-0.867557],120,58.8075,[-58.4797,160.152,-26.2881],[-57.7997,161.754,-26.3647],[-44.4147,-101.491,-15.8698],false,[23.3113,148.657,102.662],[-20.601,155.349,44.0152],[-39.3345,160.531,5.70115],[-51.3461,161.005,-15.268],[-60.6113,159.895,-29.5803],[[[0.647417,-0.532248,-0.545493],[0.473903,0.841688,-0.258802],[0.596882,-0.0909582,0.797157]],[[0.725153,-0.539758,-0.427569],[0.532935,0.833133,-0.147884],[0.436043,-0.120628,0.891804]],[[0.725153,-0.539758,-0.427569],[0.476647,0.841593,-0.254028],[0.496952,-0.0195906,0.867557]],[[0.725153,-0.539758,-0.427569],[0.424362,0.839309,-0.339819],[0.542283,0.0649766,0.83768]]],1],[1202,[-0.477936,-0.722017,0.500268],120,67.0064,[-56.3081,87.3371,48.7827],[-56.8077,87.1041,47.4409],[13.5024,-59.7539,-14.585],false,[31.6525,143.66,95.107],[-3.46328,144.781,34.831],[-40.2866,116.037,22.9533],[-53.8774,95.5051,37.1791],[-56.9016,84.618,52.1947],[[[0.631767,-0.67528,-0.380614],[0.589523,0.737386,-0.329734],[0.503322,-0.0160658,0.86395]],[[0.643448,-0.675471,-0.360157],[-0.0483299,0.433706,-0.899757],[0.763962,0.596354,0.246422]],[[0.643448,-0.675471,-0.360157],[-0.597956,-0.149764,-0.787413],[0.477936,0.722017,-0.500268]],[[0.643448,-0.675471,-0.360157],[-0.748382,-0.45618,-0.481481],[0.160931,0.579343,-0.799039]]],2],[1203,[-0.670816,-0.689943,0.272],120,64.4285,[-42.2917,81.5933,29.3841],[-42.169,80.5765,29.1905],[3.58869,-53.3539,-47.2858],false,[39.4936,136.082,89.4484],[14.9985,131.736,31.9604],[-17.1519,108.401,11.5138],[-35.7348,89.2878,19.0487],[-44.0521,78.0984,31.4871],[[[0.652699,-0.723937,-0.223381],[0.648898,0.686368,-0.328375],[0.391045,0.0693786,0.917753]],[[0.658283,-0.722859,-0.210091],[0.221071,0.452425,-0.863967],[0.719577,0.52229,0.457627]],[[0.658283,-0.722859,-0.210091],[-0.341569