{"metadata":{"formatVersion":2,"generatedBy":"LeapJS Playback 0.2.1","frames":79,"protocolVersion":6,"serviceVersion":"2.2.5+26752","frameRate":"90","modified":"Wed Apr 22 2015 20:46:30 GMT-0300 (E. South America Standard Time)"},"frames":[["id","timestamp",{"hands":[["id","type","direction","palmNormal","palmPosition","palmVelocity","stabilizedPalmPosition","pinchStrength","grabStrength","confidence","armBasis","armWidth","elbow","wrist"]]},{"pointables":[["id","direction","handId","length","stabilizedTipPosition","tipPosition","tipVelocity","tool","carpPosition","mcpPosition","pipPosition","dipPosition","btipPosition","bases","type"]]},{"interactionBox":["center","size"]}],[407539,83645184086,[[147,"left",[0.855419,0.0678768,-0.51347],[0.515936,-0.0246018,0.856274],[-111.748,125.525,24.3407],[0.023045,49.0013,30.6405],[-112.052,122.942,22.9277],0.722031,0,0.392795,[[0.0420053,-0.997703,-0.0531456],[-0.642962,0.0137214,-0.765775],[-0.764746,-0.0663372,0.640908]],60.711,[-354.283,97.8252,211.701],[-157.553,114.89,46.8271]],[148,"right",[-0.369198,-0.0223643,-0.929082],[-0.137438,-0.987404,0.078383],[15.8469,188.615,103.41],[-207.202,-119.629,-20.341],[16.2591,188.881,103.488],0.744191,0,0.579883,[[0.510196,0.388901,-0.767109],[0.358023,0.714938,0.600569],[0.781997,-0.58105,0.225523]],63.72,[254.523,36.0109,211.377],[43.3836,192.894,150.486]]],[[1470,[0.962132,-0.261948,0.0754033],147,49.6553,[-79.6471,131.799,60.3011],[-72.9089,134.01,62.6675],[22.3287,-28.4535,33.1645],false,[-156.268,141.507,58.8351],[-156.268,141.507,58.8351],[-111.743,158.212,58.1492],[-80.4878,149.702,60.5988],[-70.9977,129.788,63.8526],[[[-0.276242,-0.366098,-0.88863],[-0.601182,0.787206,-0.137428],[-0.749847,-0.496265,0.437551]],[[0.0385064,-0.143239,-0.988939],[-0.349414,0.925266,-0.147621],[-0.936177,-0.351233,0.0144209]],[[0.0385064,-0.143239,-0.988939],[0.269851,0.954393,-0.127728],[-0.962132,0.261948,-0.0754033]],[[0.0385064,-0.143239,-0.988939],[0.904094,0.426506,-0.0265727],[-0.425595,0.893071,-0.145924]]],0],[1471,[0.999678,0.00922622,-0.0236485],147,56.0305,[-23.0962,154.8,3.91967],[-17.7365,152.232,6.43594],[25.6122,-57.899,6.63928],false,[-156.809,134.993,37.217],[-93.5182,150.984,11.6846],[-52.9964,151.681,5.93529],[-29.9748,151.893,5.39069],[-13.7279,151.949,6.40808],[[[0.188469,-0.971834,-0.141482],[-0.386269,0.0590972,-0.920491],[-0.902926,-0.228134,0.364251]],[[0.00761714,-0.997707,-0.067251],[-0.141278,0.0655047,-0.9878],[-0.989941,-0.0170253,0.140455]],[[0.00761714,-0.997707,-0.067251],[-0.0242147,0.0670492,-0.997456],[-0.999678,-0.00922622,0.0236485]],[[0.00761714,-0.997707,-0.067251],[0.0621254,0.0675952,-0.995777],[-0.998039,-0.00340697,-0.0624978]]],1],[1472,[-0.823086,-0.0964808,0.559662],147,63.8422,[-112.633,129.999,60.9383],[-106.397,131.223,62.4284],[22.985,21.9232,30.5464],false,[-154.742,123.938,33.8776],[-93.535,130.113,8.69164],[-70.6369,135.975,48.0662],[-92.9372,133.361,63.2294],[-110.591,130.54,62.24],[[[0.127818,-0.989461,0.068039],[-0.368575,-0.111077,-0.922938],[-0.920769,-0.0928902,0.378888]],[[0.154409,-0.986359,0.0570465],[0.852965,0.103943,-0.511514],[-0.498607,-0.127641,-0.857379]],[[0.154409,-0.986359,0.0570465],[0.546523,0.133371,0.826755],[0.823086,0.0964808,-0.559662]],[[0.154409,-0.986359,0.0570465],[-0.0634903,0.0477138,0.996841],[0.985965,0.157543,0.0552568]]],2],[1473,[-0.85159,0.0916349,0.516137],147,61.386,[-117.309,117.08,58.713],[-112.463,118.4,59.4426],[7.20048,32.275,26.553],false,[-152.849,112.391,33.5822],[-97.8454,108.927,10.6801],[-76.8245,116.399,46.9358],[-99.3013,118.817,60.5587],[-117.018,118.264,58.9129],[[[0.0183443,-0.981138,0.192434],[-0.387665,-0.18439,-0.90317],[-0.921618,0.058032,0.383736]],[[0.0125563,-0.980755,0.19484],[0.869486,-0.0855178,-0.486499],[-0.493799,-0.175519,-0.851678]],[[0.0125563,-0.980755,0.19484],[0.524058,0.172405,0.83405],[0.85159,-0.0916349,-0.516137]],[[0.0125563,-0.980755,0.19484],[-0.0967301,0.19275,0.976468],[0.995231,0.0311077,0.0924482]]],3],[1474,[-0.799187,0.200927,0.566506],147,48.1255,[-113.327,102.463,52.3929],[-109.556,103.852,53.3893],[-14.3758,32.3609,16.9744],false,[-150.567,100.771,40.1897],[-101.53,89.9374,17.1618],[-82.2992,100.278,42.8172],[-97.1922,104.023,53.3742],[-113.611,103.657,53.3787],[[[-0.0246466,-0.923784,0.382121],[-0.459982,-0.328892,-0.824771],[-0.887586,0.196097,0.416818]],[[0.0208897,-0.932622,0.360249],[0.820795,-0.189737,-0.538791],[-0.570841,-0.306946,-0.761528]],[[0.0208897,-0.932622,0.360249],[0.60072,0.299741,0.741142],[0.799187,-0.200927,-0.566506]],[[0.0208897,-0.932622,0.360249],[-0.00777548,0.360165,0.932856],[0.999752,0.0222882,-0.000272168]]],4],[1480,[-0.416563,-0.48325,-0.770029],148,52.1164,[-22.5655,138.011,86.2257],[-24.2877,137.227,86.9981],[-157.4,-162.531,37.5763],false,[16.9599,186.772,164.817],[16.9599,186.772,164.817],[-6.63934,163.901,127.244],[-20.8423,147.425,100.989],[-23.9914,134.015,82.0682],[[[0.420742,0.81577,-0.396858],[-0.534163,0.576363,0.618445],[0.733243,-0.048219,0.678254]],[[0.171219,0.790156,-0.588505],[-0.864394,0.407103,0.29511],[0.472765,0.458172,0.75271]],[[0.171219,0.790156,-0.588505],[-0.892838,0.376993,0.246408],[0.416563,0.48325,0.770029]],[[0.171219,0.790156,-0.588505],[-0.976001,0.21761,0.00821713],[0.134557,0.572975,0.808452]]],0],[1481,[-0.509525,-0.136283,-0.849595],148,58.8075,[-56.0535,187.583,20.5195],[-56.7788,185.45,20.8165],[-221.793,-231.34,-5.84072],false,[23.1098,204.577,150.427],[-16.0979,194.11,89.0621],[-37.5321,193.073,51.8429],[-49.8475,189.779,31.3078],[-58.618,185.875,17.1747],[[[0.844095,-0.158161,-0.512337],[0.0590351,0.977111,-0.204377],[0.532934,0.142267,0.834111]],[[0.858047,-0.154299,-0.489843],[0.121852,0.987729,-0.0976864],[0.498905,0.0241311,0.86632]],[[0.858047,-0.154299,-0.489843],[0.0643347,0.97858,-0.195556],[0.509525,0.136283,0.849595]],[[0.858047,-0.154299,-0.489843],[0.0156819,0.961226,-0.275314],[0.513331,0.228551,0.827198]]],1],[1482,[-0.28876,-0.957307,-0.0134316],148,67.0064,[-22.8984,112.875,63.6076],[-24.1566,111.717,62.8909],[-167.62,-176.478,32.6318],false,[33.1782,204.23,143.347],[4.40089,192.791,80.8286],[-12.629,152.288,61.0109],[-20.8403,125.065,60.629],[-25.1082,107.247,64.8056],[[[0.885821,-0.301727,-0.352536],[0.212576,0.939191,-0.269689],[0.412471,0.163955,0.896095]],[[0.931943,-0.27784,-0.232996],[-0.0815548,0.465491,-0.881287],[0.353314,0.840311,0.411152]],[[0.931943,-0.27784,-0.232996],[-0.219317,0.0797974,-0.972385],[0.28876,0.957307,0.0134316]],[[0.931943,-0.27784,-0.232996],[-0.28267,-0.154211,-0.94674],[0.227112,0.948169,-0.222253]]],2],[1483,[-0.327397,-0.939675,-0.0991021],148,64.4285,[-0.373269,114.231,56.4413],[-0.600907,113.625,56.6694],[-173.299,-152.131,-10.0551],false,[43.8602,201.252,138.06],[26.87,189.512,78.922],[12.625,153.204,57.1255],[3.55548,127.173,54.3801],[-2.16597,109.593,57.0772],[[[0.918302,-0.344247,-0.195486],[0.288361,0.919982,-0.265484],[0.271236,0.187424,0.944089]],[[0.943717,-0.319972,-0.0837613],[0.0880286,0.487089,-0.868905],[0.318824,0.812627,0.487841]],[[0.943717,-0.319972,-0.0837613],[-0.0469986,0.120948,-0.991546],[0.327397,0.939675,0.0991021]],[[0.943717,-0.319972,-0.0837613],[-0.125004,-0.110578,-0.985975],[0.306222,0.940952,-0.144352]]],3],[1484,[-0.398568,-0.9029,-0.160983],148,50.5107,[23.8325,124.981,58.8056],[23.7202,124.612,59.1406],[-174.229,-132.307,-19.3266],false,[54.6193,192.063,136.524],[47.0459,182.403,79.8526],[37.1742,154.208,60.9345],[29.3787,136.548,57.7859],[21.808,121.123,59.1445],[[[0.88317,-0.467485,-0.0383335],[0.450502,0.868159,-0.208199],[0.130609,0.166606,0.977335]],[[0.891058,-0.422783,0.165133],[0.357873,0.430636,-0.828541],[0.279181,0.797375,0.535024]],[[0.891058,-0.422783,0.165133],[0.21716,0.0776281,-0.973044],[0.398568,0.9029,0.160983]],[[0.891058,-0.422783,0.165133],[0.114457,-0.142762,-0.983117],[0.43922,0.894915,-0.0788189]]],4]],[[0,200,0],[235.247,235.247,147.751]]],[407540,83645192911,[[147,"left",[0.855151,0.066482,-0.514098],[0.516503,-0.0249906,0.85592],[-111.726,125.606,24.4183],[0.699229,38.2482,24.7421],[-112.028,123.138,23.0372],0.722195,0,0.372081,[[0.0410578,-0.997739,-0.0532122],[-0.640653,0.0145797,-0.767692],[-0.766732,-0.0656103,0.638606]],60.6815,[-354.653,98.1793,211.132],[-157.507,115.049,46.9301]],[148,"right",[-0.378759,-0.0169274,-0.925341],[-0.123214,-0.99001,0.0685443],[14.8358,186.917,103.027],[-182.186,-139.29,-26.5535],[15.1008,187.282,103.113],0.740377,0,0.488618,[[0.508999,0.389924,-0.767384],[0.353262,0.718345,0.599322],[0.784937,-0.576142,0.227891]],63.72,[254.746,35.4824,211.388],[42.8131,191.041,149.857]]],[[1470,[0.961106,-0.265534,0.0759418],147,49.6312,[-79.6216,131.808,60.3126],[-72.8873,133.978,62.7975],[16.895,-24.2082,28.242],false,[-156.178,141.656,58.921],[-156.178,141.656,58.921],[-111.627,158.226,58.269],[-80.4197,149.604,60.7348],[-70.9928,129.671,63.9832],[[[-0.277379,-0.366056,-0.888293],[-0.600178,0.787992,-0.137311],[-0.750231,-0.495047,0.438271]],[[0.0386691,-0.142882,-0.988984],[-0.346696,0.926326,-0.147386],[-0.93718,-0.348576,0.0137166]],[[0.0386691,-0.142882,-0.988984],[0.273459,0.953455,-0.127057],[-0.961106,0.265534,-0.0759418]],[[0.0386691,-0.142882,-0.988984],[0.90532,0.423944,-0.0258509],[-0.422967,0.894347,-0.145748]]],0],[1471,[0.999711,0.00757251,-0.0228373],147,56.0033,[-22.7747,154.631,4.05422],[-17.6876,152.147,6.48607],[18.8459,-44.9635,8.04365],false,[-156.743,135.137,37.3163],[-93.4782,151.022,11.7457],[-52.974,151.652,6.00534],[-29.9629,151.826,5.47968],[-13.7251,151.855,6.51719],[[[0.187012,-0.972152,-0.141236],[-0.386834,0.0592798,-0.920242],[-0.902987,-0.226731,0.364975]],[[0.00603149,-0.997748,-0.0668079],[-0.141015,0.0652929,-0.987852],[-0.989989,-0.0153791,0.140304]],[[0.00603149,-0.997748,-0.0668079],[-0.0232918,0.0666509,-0.997504],[-0.999711,-0.00757251,0.0228373]],[[0.00603149,-0.997748,-0.0668079],[0.0635037,0.0670565,-0.995726],[-0.997963,-0.00176316,-0.0637651]]],1],[1472,[-0.823125,-0.0953327,0.5598],147,63.8112,[-112.55,130.016,60.9596],[-106.361,131.304,62.4942],[17.5901,18.337,23.7325],false,[-154.694,124.084,33.9814],[-93.5262,130.16,8.7623],[-70.6238,136.001,48.1114],[-92.9144,133.419,63.2711],[-110.563,130.621,62.2885],[[[0.126483,-0.989612,0.068334],[-0.369379,-0.11092,-0.922635],[-0.920631,-0.0914563,0.379571]],[[0.153204,-0.986534,0.0572658],[0.852986,0.102761,-0.511717],[-0.498942,-0.127244,-0.857243]],[[0.153204,-0.986534,0.0572658],[0.546803,0.132901,0.826646],[0.823125,0.0953327,-0.5598]],[[0.153204,-0.986534,0.0572658],[-0.0631192,0.0480624,0.996848],[0.986177,0.156336,0.0549059]]],2],[1473,[-0.850577,0.0933442,0.517499],147,61.3562,[-117.212,117.111,58.7275],[-112.421,118.503,59.5311],[7.33862,26.9268,22.0896],false,[-152.819,112.539,33.6893],[-97.8627,108.991,10.7611],[-76.7979,116.442,46.9714],[-99.237,118.904,60.6236],[-116.949,118.381,59.0084],[[[0.0171087,-0.981088,0.192803],[-0.388558,-0.184198,-0.902825],[-0.921265,0.0594688,0.384361]],[[0.0111822,-0.980686,0.195271],[0.868781,-0.0871565,-0.487465],[-0.49507,-0.175099,-0.851027]],[[0.0111822,-0.980686,0.195271],[0.525731,0.17188,0.833105],[0.850577,-0.0933442,-0.517499]],[[0.0111822,-0.980686,0.195271],[-0.0947684,0.193365,0.976539],[0.995437,0.0294253,0.0907757]]],3],[1474,[-0.798595,0.202516,0.566775],147,48.1021,[-113.207,102.511,52.4291],[-109.553,103.945,53.4715],[-10.3755,26.9337,14.5152],false,[-150.549,100.925,40.2966],[-101.568,90.0187,17.2495],[-82.3193,100.338,42.8793],[-97.194,104.11,53.4362],[-113.605,103.771,53.4503],[[[-0.0256684,-0.9236,0.382497],[-0.461022,-0.328569,-0.824319],[-0.887018,0.197499,0.417366]],[[0.0195565,-0.932463,0.360737],[0.820276,-0.191324,-0.539019],[-0.571633,-0.306445,-0.761136]],[[0.0195565,-0.932463,0.360737],[0.601551,0.299167,0.740699],[0.798595,-0.202516,-0.566775]],[[0.0195565,-0.932463,0.360737],[-0.00664027,0.360677,0.932667],[0.999787,0.0206351,-0.000861781]]],4],[1480,[-0.419792,-0.479227,-0.770789],148,52.1164,[-23.4776,136.083,86.0326],[-24.7924,135.259,86.4688],[-134.17,-176.876,12.86],false,[16.6293,184.397,164.394],[16.6293,184.397,164.394],[-7.29872,161.756,126.889],[-21.6118,145.417,100.609],[-24.5796,132.143,81.5634],[[[0.4054,0.825862,-0.391921],[-0.535283,0.562005,0.630573],[0.741028,-0.0458449,0.669907]],[[0.154556,0.799094,-0.581001],[-0.863907,0.394626,0.312944],[0.47935,0.453563,0.751335]],[[0.154556,0.799094,-0.581001],[-0.894364,0.36303,0.261386],[0.419792,0.479227,0.770789]],[[0.154556,0.799094,-0.581001],[-0.979812,0.199453,0.0136752],[0.12681,0.567158,0.813788]]],0],[1481,[-0.514757,-0.131461,-0.847197],148,58.8075,[-57.8119,185.778,20.6454],[-58.4945,183.97,21.0713],[-213.606,-214.349,3.51794],false,[22.3836,202.445,150.145],[-17.3317,192.137,89.0801],[-39.0444,191.444,52.0147],[-51.4863,188.267,31.5376],[-60.323,184.396,17.4363],[[[0.840641,-0.140832,-0.522962],[0.0436177,0.980068,-0.193815],[0.539834,0.140119,0.830028]],[[0.855861,-0.136732,-0.498804],[0.109928,0.990477,-0.082892],[0.505388,0.0161116,0.862742]],[[0.855861,-0.136732,-0.498804],[0.0502656,0.981846,-0.182896],[0.514757,0.131461,0.847197]],[[0.855861,-0.136732,-0.498804],[-0.000157506,0.964353,-0.264618],[0.517205,0.226555,0.825331]]],1],[1482,[-0.275962,-0.960927,-0.0215479],148,67.0064,[-23.8724,110.879,63.2314],[-24.555,109.937,62.0661],[-134.169,-183.24,-2.52198],false,[32.3796,202.315,142.956],[3.09397,191.19,80.6169],[-13.5989,150.691,60.5055],[-21.4462,123.366,59.8927],[-25.4286,105.445,63.9075],[[[0.88601,-0.285607,-0.36526],[0.196951,0.944988,-0.261168],[0.419757,0.159459,0.893519]],[[0.933071,-0.262447,-0.245969],[-0.0971628,0.474505,-0.874874],[0.346321,0.840218,0.417246]],[[0.933071,-0.262447,-0.245969],[-0.230703,0.0879839,-0.969038],[0.275962,0.960927,0.0215479]],[[0.933071,-0.262447,-0.245969],[-0.290638,-0.147218,-0.94544],[0.211916,0.95365,-0.213642]]],2],[1483,[-0.316539,-0.941157,-0.118438],148,64.4285,[-1.117,112.941,55.0259],[-1.14783,112.411,55.0111],[-142.636,-146.143,-66.288],false,[43.0438,199.544,137.523],[25.5837,188.24,78.4367],[11.6166,152.197,56.0291],[2.84784,126.126,52.7481],[-2.63938,108.416,55.0628],[[[0.920739,-0.329447,-0.209055],[0.27303,0.926769,-0.25798],[0.278737,0.180454,0.943261]],[[0.946941,-0.306183,-0.0977505],[0.0747013,0.505465,-0.859608],[0.312607,0.806695,0.501517]],[[0.946941,-0.306183,-0.0977505],[-0.055735,0.143095,-0.988138],[0.316539,0.941157,0.118438]],[[0.946941,-0.306183,-0.0977505],[-0.130584,-0.088605,-0.98747],[0.293686,0.94784,-0.123886]]],3],[1484,[-0.388709,-0.905804,-0.168597],148,50.5107,[23.034,123.892,57.7684],[23.0489,123.576,57.8706],[-148.248,-127.626,-53.5403],false,[53.9093,190.521,135.768],[45.8628,181.397,79.0737],[36.1232,153.339,59.8853],[28.5205,135.623,56.5877],[21.1702,120.082,57.8288],[[[0.888957,-0.454918,-0.0529594],[0.436461,0.876523,-0.203],[0.138768,0.157344,0.977746]],[[0.898553,-0.413149,0.148023],[0.341659,0.446845,-0.8268],[0.275448,0.793497,0.54267]],[[0.898553,-0.413149,0.148023],[0.203735,0.0939551,-0.974507],[0.388709,0.905804,0.168597]],[[0.898553,-0.413149,0.148023],[0.103718,-0.127818,-0.98636],[0.426433,0.901649,-0.0720004]]],4]],[[0,200,0],[235.247,235.247,147.751]]],[407541,83645201971,[[147,"left",[0.855095,0.0656806,-0.514295],[0.516665,-0.0251964,0.855817],[-111.71,125.627,24.4431],[0.977575,28.3293,18.6652],[-112.007,123.307,23.1327],0.721565,0,0.359535,[[0.0405043,-0.997762,-0.0531984],[-0.639545,0.0150179,-0.768607],[-0.767686,-0.0651547,0.637505]],60.6815,[-354.886,98.3592,210.886],[-157.495,115.112,46.9671]],[148,"right",[-0.384217,-0.0211524,-0.923],[-0.117564,-0.990478,0.071637],[13.993,186.299,103.208],[-157.568,-119.657,-13.73],[14.1882,186.472,103.191],0.738674,0,0.49795,[[0.508285,0.38745,-0.769109],[0.353341,0.72062,0.596537],[0.785364,-0.574969,0.229378]],63.72,[254.277,35.4417,211.79],[42.2289,190.683,149.858]]],[[1470,[0.96053,-0.267418,0.0766102],147,49.6312,[-79.5968,131.817,60.3242],[-72.8755,133.934,62.8783],[13.2042,-20.2614,23.3318],false,[-156.142,141.72,58.9514],[-156.142,141.72,58.9514],[-111.559,158.206,58.3436],[-80.3707,149.523,60.8311],[-70.9659,129.579,64.0775],[[[-0.277858,-0.366048,-0.888146],[-0.599582,0.788435,-0.137372],[-0.750531,-0.494347,0.438548]],[[0.0392085,-0.142503,-0.989017],[-0.344803,0.927055,-0.147245],[-0.937856,-0.346789,0.012787]],[[0.0392085,-0.142503,-0.989017],[0.275398,0.952985,-0.126394],[-0.96053,0.267418,-0.0766102]],[[0.0392085,-0.142503,-0.989017],[0.905759,0.423052,-0.025048],[-0.421976,0.894829,-0.145661]]],0],[1471,[0.999753,0.00652009,-0.0212508],147,56.0033,[-22.4717,154.47,4.18645],[-17.6524,152.06,6.54635],[14.7892,-34.8623,9.22082],false,[-156.717,135.197,37.3484],[-93.4452,151.026,11.7605],[-52.9357,151.613,6.05403],[-29.9235,151.763,5.56489],[-13.688,151.775,6.63654],[[[0.18621,-0.972334,-0.141044],[-0.386982,0.0593673,-0.920174],[-0.90309,-0.225927,0.36522]],[[0.00509331,-0.997772,-0.0665158],[-0.14012,0.0651483,-0.987989],[-0.990121,-0.0143523,0.139476]],[[0.00509331,-0.997772,-0.0665158],[-0.0216372,0.0663911,-0.997559],[-0.999753,-0.00652009,0.0212508]],[[0.00509331,-0.997772,-0.0665158],[0.0656702,0.0667068,-0.995609],[-0.997828,-0.000702846,-0.0658636]]],1],[1472,[-0.823388,-0.0947172,0.559518],147,63.8112,[-112.477,130.031,60.9786],[-106.354,131.324,62.5108],[12.7193,13.8252,17.6724],false,[-154.678,124.141,34.0157],[-93.5105,130.163,8.78214],[-70.6158,135.993,48.1374],[-92.9135,133.428,63.2894],[-110.564,130.642,62.304],[[[0.125712,-0.989696,0.0685434],[-0.369663,-0.110846,-0.922531],[-0.920623,-0.090635,0.379788]],[[0.152522,-0.98663,0.0574319],[0.853207,0.102123,-0.511476],[-0.498773,-0.127013,-0.857376]],[[0.152522,-0.98663,0.0574319],[0.546598,0.132628,0.826826],[0.823388,0.0947172,-0.559518]],[[0.152522,-0.98663,0.0574319],[-0.0632625,0.048246,0.99683],[0.986273,0.155672,0.0550581]]],2],[1473,[-0.849902,0.0944426,0.518408],147,61.3562,[-117.126,117.14,58.7414],[-112.398,118.539,59.565],[6.71513,20.7116,17.4973],false,[-152.812,112.595,33.726],[-97.8633,108.998,10.7869],[-76.7679,116.438,46.9815],[-99.1892,118.93,60.6577],[-116.903,118.425,59.0625],[[[0.0163709,-0.981056,0.193033],[-0.388896,-0.184105,-0.902699],[-0.921136,0.0602917,0.384542]],[[0.0103127,-0.980638,0.195558],[0.868381,-0.0881832,-0.487994],[-0.49579,-0.174851,-0.850658]],[[0.0103127,-0.980638,0.195558],[0.526839,0.171551,0.832473],[0.849902,-0.0944426,-0.518408]],[[0.0103127,-0.980638,0.195558],[-0.093462,0.193767,0.976585],[0.995569,0.0283485,0.0896541]]],3],[1474,[-0.798474,0.203511,0.566588],147,48.1021,[-113.097,102.555,52.4631],[-109.561,103.975,53.4979],[-7.73316,20.5429,11.3419],false,[-150.55,100.98,40.3355],[-101.582,90.03,17.2807],[-82.3286,100.341,42.9101],[-97.201,104.131,53.4634],[-113.613,103.809,53.4777],[[[-0.0263203,-0.923488,0.382723],[-0.461457,-0.328399,-0.824143],[-0.886772,0.198302,0.417507]],[[0.0186011,-0.932342,0.361099],[0.820195,-0.192312,-0.538792],[-0.571782,-0.306193,-0.761125]],[[0.0186011,-0.932342,0.361099],[0.601741,0.298867,0.740666],[0.798474,-0.203511,-0.566588]],[[0.0186011,-0.932342,0.361099],[-0.00626915,0.361045,0.932527],[0.999807,0.0196098,-0.000870837]]],4],[1480,[-0.422449,-0.482689,-0.767169],148,52.1164,[-24.2694,134.876,86.3756],[-25.4228,134.443,87.0074],[-117.791,-152.017,26.5057],false,[16.1684,183.937,164.568],[16.1684,183.937,164.568],[-7.99276,161.157,127.298],[-22.3964,144.7,101.141],[-25.226,131.336,82.1374],[[[0.398665,0.827043,-0.396317],[-0.534449,0.560691,0.632447],[0.745272,-0.0403236,0.66554]],[[0.147259,0.798608,-0.583559],[-0.862577,0.392405,0.319343],[0.484021,0.456338,0.746645]],[[0.147259,0.798608,-0.583559],[-0.894344,0.359496,0.266291],[0.422449,0.482689,0.767169]],[[0.147259,0.798608,-0.583559],[-0.981681,0.190125,0.0124653],[0.120904,0.571033,0.811975]]],0],[1481,[-0.517385,-0.134536,-0.845111],148,58.8075,[-59.1562,184.581,21.1004],[-59.6952,183.019,21.6075],[-190.27,-184.896,18.508],false,[21.7415,201.98,150.242],[-18.285,191.315,89.4419],[-40.1231,190.616,52.4503],[-52.6285,187.365,32.0237],[-61.5008,183.399,17.9713],[[[0.838216,-0.137656,-0.527678],[0.0372695,0.979815,-0.196403],[0.544063,0.144961,0.826427]],[[0.85457,-0.133127,-0.501983],[0.106457,0.990965,-0.0815763],[0.508308,0.0162732,0.861022]],[[0.85457,-0.133127,-0.501983],[0.0449729,0.981925,-0.183848],[0.517385,0.134536,0.845111]],[[0.85457,-0.133127,-0.501983],[-0.00702997,0.963532,-0.267499],[0.519288,0.232126,0.82247]]],1],[1482,[-0.270993,-0.962422,-0.0174885],148,67.0064,[-24.7264,109.429,63.4653],[-25.2358,109.011,62.6803],[-117.67,-160.655,16.6836],false,[31.6946,201.886,142.993],[2.09422,190.457,80.8581],[-14.5068,149.823,60.9435],[-22.2129,122.455,60.4462],[-26.0752,104.524,64.5309],[[[0.885297,-0.28181,-0.369908],[0.190379,0.945381,-0.264594],[0.424269,0.163821,0.890594]],[[0.93293,-0.258127,-0.25102],[-0.104965,0.471907,-0.875377],[0.344417,0.843015,0.413162]],[[0.93293,-0.258127,-0.25102],[-0.237073,0.0843402,-0.967824],[0.270993,0.962422,0.0174885]],[[0.93293,-0.258127,-0.25102],[-0.295632,-0.151191,-0.943262],[0.20553,0.954207,-0.217361]]],2],[1483,[-0.312928,-0.941769,-0.123077],148,64.4285,[-1.89349,112.116,54.518],[-1.93123,111.728,54.9937],[-126.65,-125.31,-53.3798],false,[42.3406,199.158,137.502],[24.5858,187.62,78.5495],[10.685,151.603,56.0584],[2.0163,125.515,52.6489],[-3.38811,107.767,54.8625],[[[0.921195,-0.32509,-0.213812],[0.266571,0.927572,-0.261821],[0.283442,0.184192,0.941135]],[[0.947884,-0.301494,-0.103043],[0.0687041,0.50921,-0.857895],[0.311121,0.806106,0.503386]],[[0.947884,-0.301494,-0.103043],[-0.0599359,0.148908,-0.987033],[0.312928,0.941769,0.123077]],[[0.947884,-0.301494,-0.103043],[-0.133599,-0.0824943,-0.987596],[0.289253,0.949893,-0.118474]]],3],[1484,[-0.385246,-0.907082,-0.169669],148,50.5107,[22.2081,123.251,57.5222],[22.2248,123.004,57.9002],[-132.212,-108.63,-40.8959],false,[53.2429,190.188,135.704],[44.9042,180.885,79.0806],[35.1699,152.864,59.837],[27.635,135.122,56.5185],[20.3736,119.539,57.7583],[[[0.891016,-0.45035,-0.05723],[0.430592,0.878321,-0.207706],[0.143807,0.160427,0.976516]],[[0.901763,-0.409087,0.139535],[0.333218,0.452356,-0.827249],[0.275297,0.792478,0.544233]],[[0.901763,-0.409087,0.139535],[0.195979,0.0992461,-0.975573],[0.385246,0.907082,0.169669]],[[0.901763,-0.409087,0.139535],[0.0967247,-0.123646,-0.987601],[0.421268,0.904079,-0.0719309]]],4]],[[0,200,0],[235.247,235.247,147.751]]],[407542,83645210990,[[147,"left",[0.855026,0.0653106,-0.514455],[0.516836,-0.0259283,0.855692],[-111.696,125.637,24.4666],[1.14141,20.8332,14.2477],[-111.988,123.449,23.2138],0.719885,0,0.362739,[[0.0396626,-0.997778,-0.0535353],[-0.638631,0.0158929,-0.769349],[-0.76849,-0.0647037,0.636581]],60.652,[-354.963,98.5201,210.587],[-157.461,115.149,46.9852]],[148,"right",[-0.386502,-0.0279512,-0.921865],[-0.113725,-0.990468,0.0777117],[12.8946,185.662,103.12],[-147.724,-106.163,-12.6202],[13.1292,185.809,103.133],0.736375,0,0.507878,[[0.507574,0.382694,-0.771955],[0.352161,0.725547,0.59124],[0.786353,-0.57195,0.233499]],63.72,[253.549,35.9958,212.716],[41.2337,190.422,149.671]]],[[1470,[0.960134,-0.268778,0.0768215],147,49.6071,[-79.5725,131.825,60.3356],[-72.839,133.854,62.9511],[11.1365,-18.6355,18.7706],false,[-156.087,141.738,58.9749],[-156.087,141.738,58.9749],[-111.485,158.106,58.4114],[-80.325,149.383,60.9046],[-70.9129,129.453,64.1346],[[[-0.278308,-0.365467,-0.888244],[-0.599064,0.788912,-0.136896],[-0.750777,-0.494016,0.438499]],[[0.039487,-0.141654,-0.989128],[-0.342427,0.928041,-0.146576],[-0.938714,-0.344492,0.0118606]],[[0.039487,-0.141654,-0.989128],[0.276738,0.952729,-0.125394],[-0.960134,0.268778,-0.0768215]],[[0.039487,-0.141654,-0.989128],[0.905498,0.423641,-0.0245217],[-0.422509,0.894685,-0.144996]]],0],[1471,[0.999801,0.00542756,-0.0191994],147,55.976,[-22.2063,154.323,4.31164],[-17.6197,151.974,6.64856],[10.4391,-28.0338,12.0031],false,[-156.671,135.228,37.3797],[-93.4251,151.016,11.7972],[-52.9267,151.562,6.15039],[-29.9246,151.687,5.70868],[-13.6997,151.68,6.82007],[[[0.185503,-0.972401,-0.141508],[-0.387143,0.0600372,-0.920063],[-0.903166,-0.225459,0.365321]],[[0.0041328,-0.997755,-0.0668458],[-0.138668,0.0656288,-0.988162],[-0.99033,-0.0133532,0.138085]],[[0.0041328,-0.997755,-0.0668458],[-0.0195191,0.0667532,-0.997579],[-0.999801,-0.00542756,0.0191994]],[[0.0041328,-0.997755,-0.0668458],[0.0682153,0.066972,-0.99542],[-0.997662,0.000446036,-0.0683389]]],1],[1472,[-0.823662,-0.0945556,0.559142],147,63.7802,[-112.415,130.044,60.9946],[-106.35,131.307,62.5291],[9.04145,9.37924,12.7776],false,[-154.641,124.177,34.0434],[-93.5054,130.165,8.81122],[-70.6306,135.957,48.1575],[-92.9249,133.398,63.292],[-110.568,130.624,62.3018],[[[0.125039,-0.989813,0.0680845],[-0.369943,-0.110188,-0.922497],[-0.920602,-0.0901608,0.379952]],[[0.151928,-0.98675,0.0569354],[0.853424,0.101907,-0.511158],[-0.498583,-0.126249,-0.857599]],[[0.151928,-0.98675,0.0569354],[0.54635,0.131845,0.827115],[0.823662,0.0945556,-0.559142]],[[0.151928,-0.98675,0.0569354],[-0.0634505,0.0477483,0.996842],[0.986353,0.155061,0.0553555]]],2],[1473,[-0.849277,0.095078,0.519316],147,61.3264,[-117.051,117.164,58.7537],[-112.376,118.54,59.5922],[6.19839,15.2415,13.4231],false,[-152.785,112.635,33.7483],[-97.8704,109.012,10.8067],[-76.7566,116.416,46.9738],[-99.1505,118.923,60.6672],[-116.858,118.437,59.0911],[[[0.0157318,-0.981151,0.192602],[-0.389222,-0.183442,-0.902693],[-0.921009,0.0607641,0.384772]],[[0.00955448,-0.980721,0.195178],[0.868005,-0.0887735,-0.488555],[-0.496463,-0.174084,-0.850423]],[[0.00955448,-0.980721,0.195178],[0.527862,0.170722,0.831995],[0.849277,-0.095078,-0.519316]],[[0.00955448,-0.980721,0.195178],[-0.0922551,0.19349,0.976755],[0.99569,0.0273386,0.0886278]]],3],[1474,[-0.798261,0.204049,0.566695],147,48.0787,[-112.999,102.596,52.4935],[-109.564,103.975,53.5108],[-5.68434,15.3238,8.24383],false,[-150.53,101.022,40.3491],[-101.599,90.0532,17.2899],[-82.3483,100.334,42.9116],[-97.2095,104.133,53.4618],[-113.614,103.827,53.4792],[[[-0.0268776,-0.923636,0.382327],[-0.461867,-0.327719,-0.824184],[-0.886542,0.198736,0.417789]],[[0.0177878,-0.93247,0.360809],[0.820074,-0.192835,-0.538789],[-0.571981,-0.305474,-0.761264]],[[0.0177878,-0.93247,0.360809],[0.602049,0.2981,0.740725],[0.798261,-0.204049,-0.566695]],[[0.0177878,-0.93247,0.360809],[-0.00574699,0.360765,0.932639],[0.999825,0.0186632,-0.00105831]]],4],[1480,[-0.422253,-0.488575,-0.763542],148,52.1164,[-25.1415,133.909,86.7193],[-26.2825,133.596,87.3173],[-111.91,-135.694,29.2998],false,[15.2361,183.666,164.488],[15.2361,183.666,164.488],[-9.0423,160.644,127.443],[-23.4393,143.986,101.41],[-26.0437,130.463,82.4864],[[[0.394594,0.826174,-0.402159],[-0.534891,0.562406,0.630549],[0.74712,-0.0336998,0.663835]],[[0.143142,0.795811,-0.588383],[-0.861949,0.392399,0.321041],[0.486369,0.461202,0.742117]],[[0.143142,0.795811,-0.588383],[-0.895105,0.357741,0.266099],[0.422253,0.488575,0.763542]],[[0.143142,0.795811,-0.588383],[-0.983426,0.181217,0.00585498],[0.111284,0.577793,0.808561]]],0],[1481,[-0.517475,-0.139632,-0.844229],148,58.8075,[-60.3764,183.377,21.2035],[-60.8825,181.868,21.6419],[-173.319,-169.845,14.0512],false,[20.7058,201.646,150.042],[-19.4368,190.48,89.409],[-41.2843,189.657,52.4255],[-53.7919,186.282,32.0201],[-62.6602,182.197,17.9993],[[[0.837363,-0.137653,-0.529032],[0.0331512,0.978782,-0.202205],[0.545641,0.151781,0.824159]],[[0.854672,-0.132642,-0.501938],[0.104573,0.990979,-0.0838157],[0.508527,0.019146,0.860833]],[[0.854672,-0.132642,-0.501938],[0.0418939,0.981279,-0.187978],[0.517475,0.139632,0.844229]],[[0.854672,-0.132642,-0.501938],[-0.0111624,0.961893,-0.273197],[0.519048,0.239096,0.820623]]],1],[1482,[-0.267941,-0.963353,-0.0126153],148,67.0064,[-25.686,108.245,63.7768],[-26.1736,108.007,63.1109],[-114.313,-145.782,22.226],false,[30.6406,201.546,142.768],[0.923357,189.645,80.7776],[-15.5991,148.883,61.063],[-23.2184,121.488,60.7043],[-27.0101,103.564,64.8852],[[[0.88538,-0.28071,-0.370547],[0.186212,0.944514,-0.27059],[0.425944,0.170575,0.888525]],[[0.933124,-0.25623,-0.252242],[-0.108519,0.468126,-0.876973],[0.342788,0.845697,0.409014]],[[0.933124,-0.25623,-0.252242],[-0.239766,0.0793575,-0.967582],[0.267941,0.963353,0.0126153]],[[0.933124,-0.25623,-0.252242],[-0.297603,-0.156709,-0.94174],[0.201773,0.953828,-0.222483]]],2],[1483,[-0.310214,-0.942735,-0.122549],148,64.4285,[-2.82807,111.251,54.3714],[-2.91172,110.844,55.052],[-121.337,-117.127,-39.5114],false,[41.2824,198.825,137.266],[23.4192,186.878,78.4275],[9.59961,150.781,56.0159],[1.00608,124.665,52.621],[-4.34359,106.901,54.8361],[[[0.921837,-0.322946,-0.214295],[0.262475,0.927001,-0.26791],[0.285172,0.190722,0.939309]],[[0.948682,-0.298657,-0.103953],[0.0658239,0.508018,-0.858827],[0.309305,0.807912,0.501607]],[[0.948682,-0.298657,-0.103953],[-0.0613997,0.148508,-0.987003],[0.310213,0.942735,0.122549]],[[0.948682,-0.298657,-0.103953],[-0.134243,-0.0827086,-0.987491],[0.286324,0.95077,-0.118557]]],3],[1484,[-0.382361,-0.908144,-0.170511],148,50.5107,[21.2393,122.561,57.3229],[21.2143,122.268,57.8307],[-126.068,-99.9562,-35.3987],false,[52.2131,189.885,135.492],[43.7637,180.221,78.9453],[34.0749,152.211,59.6624],[26.5964,134.449,56.3274],[19.3969,118.837,57.5704],[[[0.892522,-0.4474,-0.0569079],[0.426816,0.87867,-0.213934],[0.145717,0.166652,0.975189]],[[0.903761,-0.405981,0.13563],[0.32884,0.455696,-0.827167],[0.274008,0.792162,0.545343]],[[0.903761,-0.405981,0.13563],[0.192396,0.102242,-0.975977],[0.382361,0.908144,0.170511]],[[0.903761,-0.405981,0.13563],[0.0935673,-0.121824,-0.988132],[0.417686,0.905725,-0.0721129]]],4]],[[0,200,0],[235.247,235.247,147.751]]],[407543,83645220479,[[147,"left",[0.854827,0.0652755,-0.51479],[0.517195,-0.0265301,0.855456],[-111.678,125.646,24.509],[1.35282,15.1349,11.441],[-111.97,123.572,23.2866],0.718298,0,0.367955,[[0.0386358,-0.997819,-0.0535124],[-0.63716,0.0166532,-0.770551],[-0.769762,-0.0638668,0.635127]],60.652,[-355.266,98.7489,210.27],[-157.437,115.163,47.0421]],[148,"right",[-0.384264,-0.0418061,-0.922276],[-0.110618,-0.989693,0.0909509],[11.5444,184.922,102.941],[-146.166,-98.0932,-14.4215],[11.8183,185.075,102.974],0.73575,0,0.514997,[[0.501295,0.382419,-0.776183],[0.349414,0.731175,0.585912],[0.791589,-0.564924,0.232911]],63.72,[253.488,37.8811,212.373],[39.7593,190.411,149.487]]],[[1470,[0.959786,-0.270069,0.0766363],147,49.6071,[-79.5463,131.834,60.3481],[-72.7895,133.746,63.0309],[10.6281,-18.5456,15.745],false,[-156.049,141.745,59.0445],[-156.049,141.745,59.0445],[-111.395,157.972,58.508],[-80.246,149.207,60.9952],[-70.8211,129.28,64.209],[[[-0.278814,-0.364931,-0.888306],[-0.598854,0.789184,-0.136246],[-0.750757,-0.493979,0.438576]],[[0.0393298,-0.140939,-0.989237],[-0.339421,0.929252,-0.145887],[-0.939812,-0.341506,0.0112903]],[[0.0393298,-0.140939,-0.989237],[0.277963,0.95247,-0.124649],[-0.959786,0.270069,-0.0766363]],[[0.0393298,-0.140939,-0.989237],[0.905237,0.424204,-0.0244471],[-0.423084,0.894532,-0.144267]]],0],[1471,[0.999834,0.00488509,-0.0175733],147,55.976,[-21.9708,154.192,4.43009],[-17.5953,151.93,6.753],[8.29946,-20.876,13.4862],false,[-156.645,135.246,37.4463],[-93.4041,151.026,11.8444],[-52.8976,151.553,6.25413],[-29.8947,151.665,5.84983],[-13.6718,151.648,6.98948],[[[0.185111,-0.972394,-0.142072],[-0.387518,0.0606269,-0.919866],[-0.903085,-0.225333,0.365598]],[[0.00369167,-0.997725,-0.0673137],[-0.13726,0.0661714,-0.988322],[-0.990528,-0.012888,0.136703]],[[0.00369167,-0.997725,-0.0673137],[-0.0178621,0.0672376,-0.997577],[-0.999834,-0.00488509,0.0175733]],[[0.00369167,-0.997725,-0.0673137],[0.069987,0.0674068,-0.995268],[-0.997541,0.00103688,-0.0700766]]],1],[1472,[-0.823687,-0.0947154,0.559078],147,63.7802,[-112.361,130.055,61.0089],[-106.331,131.29,62.5668],[6.90496,6.13132,10.2391],false,[-154.62,124.196,34.1036],[-93.4928,130.176,8.84808],[-70.6142,135.939,48.1964],[-92.9091,133.376,63.3291],[-110.553,130.607,62.3392],[[[0.124731,-0.989889,0.0675382],[-0.370377,-0.109602,-0.922393],[-0.920469,-0.0900365,0.380303]],[[0.151714,-0.986818,0.0563387],[0.853414,0.102022,-0.511152],[-0.498666,-0.125629,-0.857642]],[[0.151714,-0.986818,0.0563387],[0.546372,0.131225,0.827199],[0.823687,0.0947154,-0.559078]],[[0.151714,-0.986818,0.0563387],[-0.0633303,0.0471766,0.996877],[0.986394,0.154808,0.0553382]]],2],[1473,[-0.848601,0.0953626,0.520367],147,61.3264,[-116.984,117.186,58.7655],[-112.341,118.537,59.6378],[6.08307,10.8808,11.3448],false,[-152.767,112.654,33.802],[-97.8641,109.024,10.8349],[-76.7178,116.4,46.9886],[-99.0939,118.915,60.7097],[-116.804,118.44,59.1546],[[[0.0154804,-0.981252,0.192107],[-0.389673,-0.18286,-0.902617],[-0.920823,0.0608862,0.385198]],[[0.00919153,-0.980813,0.194733],[0.867571,-0.0890133,-0.489283],[-0.497229,-0.173442,-0.850107]],[[0.00919153,-0.980813,0.194733],[0.528953,0.170034,0.831443],[0.848601,-0.0953626,-0.520367]],[[0.00919153,-0.980813,0.194733],[-0.0909638,0.193114,0.976951],[0.995812,0.0266934,0.0874435]]],3],[1474,[-0.798056,0.204166,0.566942],147,48.0787,[-112.909,102.633,52.5224],[-109.551,103.972,53.5401],[-3.63864,10.9074,6.81392],false,[-150.514,101.037,40.396],[-101.597,90.0627,17.3103],[-82.3383,100.326,42.9338],[-97.1958,104.126,53.4886],[-113.6,103.828,53.5114],[[[-0.0270279,-0.923817,0.381879],[-0.462333,-0.327152,-0.824148],[-0.886294,0.19883,0.418269]],[[0.0174526,-0.932626,0.360422],[0.819929,-0.192947,-0.53897],[-0.5722,-0.304927,-0.761319]],[[0.0174526,-0.932626,0.360422],[0.602331,0.297532,0.740724],[0.798056,-0.204166,-0.566942]],[[0.0174526,-0.932626,0.360422],[-0.0052586,0.360387,0.932788],[0.999834,0.0181749,-0.00138539]]],4],[1480,[-0.41785,-0.500412,-0.758281],148,52.1164,[-26.1653,132.829,87.1614],[-27.2997,132.537,87.7434],[-110.478,-128.649,34.4934],false,[13.7498,183.77,164.335],[13.7498,183.77,164.335],[-10.4641,160.226,127.577],[-24.7109,143.164,101.723],[-26.9815,129.339,82.9768],[[[0.392784,0.821934,-0.412487],[-0.538217,0.569152,0.621601],[0.745683,-0.0221473,0.665933]],[[0.142257,0.788304,-0.598615],[-0.862822,0.395129,0.315294],[0.485078,0.471646,0.736376]],[[0.142257,0.788304,-0.598615],[-0.89731,0.358002,0.258206],[0.41785,0.500412,0.758281]],[[0.142257,0.788304,-0.598615],[-0.985064,0.172025,-0.00755701],[0.0970196,0.590749,0.801001]]],0],[1481,[-0.513286,-0.150593,-0.844902],148,58.8075,[-61.4503,181.563,20.8614],[-61.9088,180.033,21.2503],[-153.678,-177.176,-2.55389],false,[19.1935,201.569,149.658],[-20.7709,189.443,89.0916],[-42.4383,188.233,52.013],[-54.8446,184.593,31.5914],[-63.6386,180.294,17.5879],[[[0.839042,-0.142045,-0.525197],[0.0303731,0.976041,-0.215456],[0.543219,0.164825,0.823253]],[[0.857268,-0.136279,-0.496508],[0.103629,0.99027,-0.092878],[0.504334,0.0281684,0.863049]],[[0.857268,-0.136279,-0.496508],[0.0403715,0.979158,-0.199049],[0.513286,0.150593,0.844902]],[[0.857268,-0.136279,-0.496508],[-0.0132474,0.958177,-0.285868],[0.514701,0.251643,0.819609]]],1],[1482,[-0.264728,-0.964323,-0.0000263263],148,67.0064,[-26.7347,106.837,64.459],[-27.1745,106.597,63.9149],[-111.856,-146.131,40.0527],false,[29.1454,201.404,142.409],[-0.38811,188.56,80.5189],[-16.7329,147.479,61.3219],[-24.2608,120.058,61.3211],[-28.002,102.18,65.74],[[[0.887165,-0.282766,-0.364667],[0.183705,0.941357,-0.283019],[0.42331,0.184093,0.887084]],[[0.934521,-0.256539,-0.246695],[-0.10808,0.455851,-0.883469],[0.339101,0.852283,0.398276]],[[0.934521,-0.256539,-0.246695],[-0.237887,0.0653315,-0.969093],[0.264728,0.964323,0.0000263263]],[[0.934521,-0.256539,-0.246695],[-0.295017,-0.170634,-0.940132],[0.199087,0.951353,-0.235144]]],2],[1483,[-0.308,-0.943808,-0.119841],148,64.4285,[-3.91154,110.088,54.3802],[-3.98008,109.604,55.2787],[-118.741,-119.386,-26.4819],false,[39.8089,198.643,136.968],[22.1222,185.836,78.2579],[8.45113,149.624,55.9408],[-0.0811003,123.479,52.621],[-5.4027,105.715,54.9085],[[[0.923399,-0.322747,-0.207771],[0.26002,0.924138,-0.279927],[0.282355,0.20446,0.937268]],[[0.949608,-0.297279,-0.0993458],[0.0679707,0.504721,-0.860603],[0.305981,0.810483,0.499493]],[[0.949608,-0.297279,-0.0993458],[-0.0581372,0.1444,-0.98781],[0.308,0.943808,0.119841]],[[0.949608,-0.297279,-0.0993458],[-0.130848,-0.0879673,-0.987492],[0.284821,0.95073,-0.122433]]],3],[1484,[-0.37808,-0.910362,-0.168214],148,50.5107,[20.229,121.436,57.4272],[20.194,121.078,58.1249],[-119.502,-106.519,-20.433],false,[50.7733,189.716,135.341],[42.4874,179.255,78.9129],[32.9672,151.107,59.7468],[25.5724,133.302,56.4567],[18.431,117.666,57.7379],[[[0.894131,-0.445142,-0.0487689],[0.424394,0.877097,-0.224923],[0.142898,0.180413,0.973155]],[[0.904878,-0.401781,0.140596],[0.329704,0.452626,-0.828508],[0.269242,0.796054,0.54204]],[[0.904878,-0.401781,0.140596],[0.195579,0.0990561,-0.975673],[0.37808,0.910362,0.168214]],[[0.904878,-0.401781,0.140596],[0.0976696,-0.125511,-0.987273],[0.414314,0.907094,-0.0743301]]],4]],[[0,200,0],[235.247,235.247,147.751]]],[407544,83645238566,[[147,"left",[0.854967,0.0620764,-0.514955],[0.517189,-0.0267185,0.855454],[-111.625,125.748,24.6061],[2.09953,10.6137,8.55189],[-111.942,123.751,23.395],0.715676,0,0.374088,[[0.0376694,-0.997853,-0.0535775],[-0.634104,0.0175695,-0.773048],[-0.77233,-0.063094,0.632081]],60.6225,[-355.782,99.2259,209.513],[-157.39,115.433,47.1474]],[148,"right",[-0.365819,-0.0408849,-0.929788],[-0.0996217,-0.991575,0.0827973],[8.31726,181.616,102.555],[-161.5,-138.35,-17.6983],[8.43509,181.732,102.569],0.73485,0,0.495526,[[0.485784,0.401683,-0.776315],[0.326046,0.740776,0.58732],[0.810992,-0.538426,0.22889]],63.72,[254.523,41.7954,211.472],[35.5555,187.17,149.672]]],[[1470,[0.958332,-0.275075,0.077033],147,49.5829,[-79.4883,131.849,60.376],[-72.7071,133.594,63.1609],[8.5256,-17.281,10.5524],false,[-155.926,142.017,59.1041],[-155.926,142.017,59.1041],[-111.158,157.859,58.5606],[-80.0719,148.936,61.0594],[-70.7273,128.988,64.3031],[[[-0.279924,-0.365466,-0.887737],[-0.596622,0.790677,-0.13738],[-0.752121,-0.491187,0.439374]],[[0.0385168,-0.142776,-0.989005],[-0.33154,0.931849,-0.147437],[-0.942654,-0.333574,0.0114441]],[[0.0385168,-0.142776,-0.989005],[0.283049,0.950762,-0.126232],[-0.958332,0.275075,-0.077033]],[[0.0385168,-0.142776,-0.989005],[0.906855,0.420675,-0.0254126],[-0.419679,0.895906,-0.14568]]],0],[1471,[0.999892,0.001654,-0.0146164],147,55.9488,[-21.6529,154.003,4.60597],[-17.4618,151.695,6.94273],[6.79448,-17.0672,14.471],false,[-156.541,135.49,37.5262],[-93.2891,151.044,11.9082],[-52.7859,151.433,6.4294],[-29.793,151.471,6.09329],[-13.5816,151.404,7.2822],[[[0.182337,-0.973127,-0.14063],[-0.387421,0.0603503,-0.919925],[-0.903692,-0.222219,0.366006]],[[0.000689434,-0.997836,-0.0657518],[-0.134377,0.065063,-0.988792],[-0.99093,-0.00951726,0.134042]],[[0.000689434,-0.997836,-0.0657518],[-0.0146935,0.0657346,-0.997729],[-0.999892,-0.001654,0.0146164]],[[0.000689434,-0.997836,-0.0657518],[0.0732545,0.0656256,-0.995152],[-0.997313,0.00413052,-0.0731412]]],1],[1472,[-0.824727,-0.0919682,0.558002],147,63.7492,[-112.28,130.073,61.0312],[-106.31,131.419,62.6388],[3.55879,6.41174,6.67099],false,[-154.549,124.435,34.2015],[-93.4373,130.2,8.94452],[-70.6013,135.951,48.2935],[-92.9136,133.462,63.3898],[-110.555,130.739,62.3853],[[[0.121925,-0.990137,0.0690104],[-0.370764,-0.109931,-0.922198],[-0.920689,-0.0868522,0.38051]],[[0.149128,-0.987132,0.0577152],[0.85427,0.099222,-0.510272],[-0.497979,-0.1254,-0.858075]],[[0.149128,-0.987132,0.0577152],[0.545514,0.130813,0.82783],[0.824727,0.0919682,-0.558002]],[[0.149128,-0.987132,0.0577152],[-0.0642507,0.0485711,0.996751],[0.986728,0.152352,0.0561806]]],2],[1473,[-0.847784,0.0988524,0.521047],147,61.2965,[-116.88,117.222,58.7861],[-112.3,118.7,59.7532],[4.90805,10.1825,8.9352],false,[-152.73,112.893,33.9171],[-97.8663,109.074,10.9624],[-76.6892,116.438,47.0761],[-99.0329,119.044,60.8085],[-116.737,118.623,59.2725],[[[0.0127092,-0.981003,0.193575],[-0.390266,-0.183103,-0.902311],[-0.920615,0.064078,0.385179]],[[0.00628814,-0.980532,0.196257],[0.867042,-0.0924318,-0.489586],[-0.498195,-0.173241,-0.849582]],[[0.00628814,-0.980532,0.196257],[0.530304,0.16966,0.830658],[0.847784,-0.0988524,-0.521047]],[[0.00628814,-0.980532,0.196257],[-0.08