{"metadata":{"formatVersion":2,"generatedBy":"LeapJS Playback 0.2.1","frames":67,"protocolVersion":6,"serviceVersion":"2.2.5+26752","frameRate":"90","modified":"Wed Apr 22 2015 20:47:31 GMT-0300 (E. South America Standard Time)"},"frames":[["id","timestamp",{"hands":[["id","type","direction","palmNormal","palmPosition","palmVelocity","stabilizedPalmPosition","pinchStrength","grabStrength","confidence","armBasis","armWidth","elbow","wrist"]]},{"pointables":[["id","direction","handId","length","stabilizedTipPosition","tipPosition","tipVelocity","tool","carpPosition","mcpPosition","pipPosition","dipPosition","btipPosition","bases","type"]]},{"interactionBox":["center","size"]}],[407923,83649260213,[[147,"left",[0.868982,0.0373109,-0.493435],[0.493645,-0.134717,0.859166],[-96.9842,130.892,36.6353],[-0.212111,-3.77382,-3.27919],[-101.989,133.862,37.4796],0.694058,0,0.391476,[[-0.236382,-0.970593,-0.0455181],[-0.391809,0.138082,-0.909626],[-0.889162,0.197185,0.412927]],60.534,[-371.908,172.939,163.357],[-143.838,122.361,57.4414]],[148,"right",[-0.430596,0.0908294,-0.897963],[-0.178368,-0.983864,-0.0139863],[1.29926,191.077,99.7753],[-10.3789,-58.0699,-23.9513],[1.23363,191.398,99.9189],0.997796,0,0.457219,[[0.495598,0.182296,-0.849206],[0.339972,0.858998,0.382807],[0.799251,-0.478424,0.363742]],63.72,[247.864,60.073,243.183],[32.0662,189.247,144.973]]],[[1470,[0.909379,-0.406491,0.0882875],147,49.5106,[-64.6705,127.979,75.3351],[-60.8248,131.672,77.7121],[9.19953,-7.51189,10.636],false,[-140.666,147.674,71.5298],[-140.666,147.674,71.5298],[-95.1363,160.654,74.2438],[-65.6808,147.488,77.1035],[-58.5559,126.488,78.7072],[[[-0.285813,-0.270671,-0.919265],[-0.532199,0.842578,-0.0826232],[-0.796916,-0.465617,0.384871]],[[0.0739035,-0.0509842,-0.995961],[-0.269698,0.960457,-0.0691791],[-0.960105,-0.273721,-0.0572308]],[[0.0739035,-0.0509842,-0.995961],[0.409351,0.912231,-0.0163228],[-0.909379,0.406491,-0.0882875]],[[0.0739035,-0.0509842,-0.995961],[0.944376,0.324494,0.0534645],[-0.320458,0.944513,-0.0721295]]],0],[1471,[0.994973,-0.0963719,0.0272395],147,55.8671,[-4.76092,151.035,21.7416],[-1.11627,148.896,23.0314],[0.0237349,5.59951,11.687],false,[-141.266,142.969,49.5161],[-76.5392,155.605,26.375],[-36.1949,152.618,20.9691],[-13.3485,150.405,21.5946],[2.60911,148.589,23.9427],[[[0.111975,-0.96986,-0.21641],[-0.360251,0.163345,-0.918443],[-0.92611,-0.180804,0.331103]],[[-0.091685,-0.985983,-0.139394],[-0.120392,0.149932,-0.981339],[-0.988483,0.0731921,0.132451]],[[-0.091685,-0.985983,-0.139394],[0.0402913,0.136196,-0.989862],[-0.994973,0.0963719,-0.0272395]],[[-0.091685,-0.985983,-0.139394],[0.158233,0.12378,-0.979613],[-0.983136,0.111872,-0.144666]]],1],[1472,[-0.86045,-0.0722498,0.504387],147,63.6561,[-97.436,130.719,75.009],[-94.345,132.943,74.8919],[-2.41643,7.8813,-4.22087],false,[-140.035,132.111,45.3413],[-78.1806,135.168,21.7252],[-57.5939,135.834,62.6215],[-80.8386,133.882,76.2473],[-98.5549,132.64,74.432],[[[0.0455866,-0.998911,-0.00992308],[-0.35638,-0.00698245,-0.934315],[-0.933229,-0.0461286,0.35631]],[[0.0720021,-0.997204,-0.0200116],[0.89033,0.0733033,-0.449376],[-0.449586,-0.014539,-0.893119]],[[0.0720021,-0.997204,-0.0200116],[0.504422,0.0190979,0.863246],[0.86045,0.0722498,-0.504387]],[[0.0720021,-0.997204,-0.0200116],[-0.100007,-0.0271806,0.994615],[0.992378,0.0696131,0.101684]]],2],[1473,[-0.826573,0.147253,0.543226],147,61.2071,[-100.721,120.629,71.361],[-97.9188,121.99,71.7154],[-0.480986,6.81261,-0.839366],false,[-139.083,120.54,44.1492],[-84.2206,114.382,21.9362],[-62.6023,116.92,58.3757],[-84.3551,120.795,72.6718],[-101.995,122.317,71.4203],[[[-0.0655077,-0.991424,0.11308],[-0.38178,-0.0797992,-0.920802],[-0.921929,0.103491,0.373278]],[[-0.0940742,-0.987737,0.124605],[0.855422,-0.144226,-0.497446],[-0.509317,-0.0597927,-0.858499]],[[-0.0940742,-0.987737,0.124605],[0.554913,0.0518913,0.830289],[0.826573,-0.147253,-0.543226]],[[-0.0940742,-0.987737,0.124605],[-0.058954,0.130467,0.989698],[0.993818,-0.0857591,0.0705046]]],3],[1474,[-0.779795,0.180827,0.59935],147,47.9852,[-101.4,106.14,61.4012],[-96.5216,105.782,64.2279],[0.207361,4.51882,3.67716],false,[-137.897,108.322,49.8169],[-89.5582,95.3645,26.7978],[-69.5394,102.068,52.926],[-84.0287,105.428,64.0625],[-100.398,105.826,64.2098],[[[-0.107783,-0.945878,0.306101],[-0.467261,-0.223572,-0.855385],[-0.877525,0.235225,0.417875]],[[-0.0210576,-0.96441,0.263571],[0.802744,-0.173454,-0.570539],[-0.595951,-0.199566,-0.777827]],[[-0.0210576,-0.96441,0.263571],[0.62568,0.19291,0.75585],[0.779795,-0.180827,-0.59935]],[[-0.0210576,-0.96441,0.263571],[0.015077,0.263293,0.964598],[0.999665,-0.024286,-0.00899611]]],4],[1480,[-0.254939,-0.465129,-0.847739],148,52.1164,[-23.4716,140.791,81.4122],[-24.328,140.086,80.9527],[23.4078,-54.1182,-27.2736],false,[6.39092,182.705,160.434],[6.39092,182.705,160.434],[-22.1626,165.793,123.145],[-30.8549,149.934,94.2411],[-20.8456,137.461,77.1544],[[[0.431533,0.835691,-0.339706],[-0.464222,0.528606,0.710686],[0.773484,-0.148985,0.616057]],[[0.172009,0.840911,-0.51311],[-0.802007,0.421997,0.422734],[0.572013,0.338804,0.747003]],[[0.172009,0.840911,-0.51311],[-0.951535,0.27663,0.134375],[0.254939,0.465129,0.847739]],[[0.172009,0.840911,-0.51311],[-0.887413,-0.0938661,-0.451318],[-0.427682,0.532971,0.730089]]],0],[1481,[-0.410452,-0.128781,-0.902743],148,58.8075,[-63.728,193.504,15.631],[-63.1199,193.532,15.4089],[-14.6539,-59.9872,-25.3202],false,[12.4068,201.672,147.551],[-31.2312,199.332,88.3673],[-48.3207,199.688,48.9517],[-58.2415,196.576,27.132],[-65.3317,192.485,12.1348],[[[0.799886,-0.136707,-0.584374],[0.091391,0.990101,-0.106527],[0.593152,0.0318025,0.804462]],[[0.909684,-0.126527,-0.395558],[0.11936,0.991929,-0.0427905],[0.397779,-0.00828783,0.917444]],[[0.909684,-0.126527,-0.395558],[0.063281,0.983568,-0.169083],[0.410452,0.128781,0.902743]],[[0.909684,-0.126527,-0.395558],[0.0163665,0.962642,-0.270281],[0.414979,0.239396,0.877771]]],1],[1482,[-0.178026,-0.934275,0.308927],148,67.0064,[-35.4943,115.845,88.0862],[-35.8311,115.058,86.4452],[-0.507717,-61.6672,-25.4958],false,[21.9563,201.673,139.778],[-11.4082,198.072,78.6106],[-29.3793,153.927,71.4359],[-34.4418,127.359,80.2207],[-35.6391,111.246,89.8151],[[[0.845291,-0.297925,-0.443536],[0.238306,0.953193,-0.186101],[0.478219,0.0516119,0.876722]],[[0.875212,-0.293835,-0.384272],[-0.308208,0.27355,-0.911141],[0.372843,0.915877,0.148852]],[[0.875212,-0.293835,-0.384272],[-0.44979,-0.201966,-0.869999],[0.178026,0.934275,-0.308927]],[[0.875212,-0.293835,-0.384272],[-0.479525,-0.422364,-0.769197],[0.0637142,0.857479,-0.51056]]],2],[1483,[-0.270484,-0.919043,0.286704],148,64.4285,[-18.8184,117.609,82.1383],[-18.8654,117.024,81.3273],[6.61295,-60.9092,-7.30347],false,[32.112,198.847,133.469],[10.7054,194.118,74.7904],[-8.75178,154.674,66.924],[-16.2447,129.215,74.8663],[-19.2659,113.274,84.1322],[[[0.886066,-0.358085,-0.294385],[0.313212,0.930631,-0.189271],[0.341739,0.0755014,0.936757]],[[0.869008,-0.36124,-0.338127],[-0.234902,0.300248,-0.924485],[0.435483,0.882812,0.176062]],[[0.869008,-0.36124,-0.338127],[-0.414322,-0.15769,-0.896365],[0.270484,0.919043,-0.286704]],[[0.869008,-0.36124,-0.338127],[-0.467631,-0.37629,-0.799829],[0.161697,0.853177,-0.495926]]],3],[1484,[-0.442552,-0.858504,0.259073],148,50.5107,[-2.06054,130.501,77.5345],[-2.11006,130.07,76.7521],[-1.14545,-58.4469,-22.2379],false,[42.3001,189.449,130.238],[30.5407,186.148,73.5539],[11.4297,157.424,65.8128],[2.77391,140.632,70.88],[-3.31279,126.765,79.1122],[[[0.85565,-0.495752,-0.14864],[0.476168,0.866597,-0.149246],[0.2028,0.0569241,0.977564]],[[0.83848,-0.498591,-0.219905],[-0.0694909,0.302419,-0.950638],[0.540483,0.812373,0.218925]],[[0.83848,-0.498591,-0.219905],[-0.317961,-0.119908,-0.940491],[0.442552,0.858504,-0.259073]],[[0.83848,-0.498591,-0.219905],[-0.415037,-0.322802,-0.850613],[0.353122,0.804491,-0.477597]]],4]],[[0,200,0],[235.247,235.247,147.751]]],[407924,83649269455,[[147,"left",[0.868599,0.0367927,-0.494147],[0.494471,-0.129059,0.859559],[-97.0015,130.799,36.5883],[-0.678568,-5.53379,-3.78577],[-101.975,133.854,37.4772],0.691234,0,0.392989,[[-0.235556,-0.971066,-0.0393081],[-0.393913,0.132372,-0.909566],[-0.888451,0.19877,0.413697]],60.534,[-371.711,173.25,163.58],[-143.823,122.266,57.4669]],[148,"right",[-0.428948,0.0955099,-0.898266],[-0.175547,-0.984251,-0.0208239],[1.72056,189.799,99.1406],[5.33659,-80.6093,-36.5132],[1.49794,190.53,99.4964],1,0,0.45767,[[0.495781,0.179574,-0.849679],[0.33166,0.865079,0.37635],[0.802623,-0.468392,0.369332]],63.72,[249.105,61.2932,244.11],[32.3967,187.759,144.391]]],[[1470,[0.908436,-0.407905,0.0914231],147,49.5106,[-64.653,127.991,75.3471],[-60.7259,131.603,77.8123],[8.59395,-10.469,11.0997],false,[-140.703,147.66,71.4211],[-140.703,147.66,71.4211],[-95.1346,160.495,74.1824],[-65.7096,147.283,77.1436],[-58.4628,126.332,78.8427],[[[-0.285713,-0.276144,-0.917667],[-0.534245,0.840872,-0.086699],[-0.795582,-0.465488,0.387777]],[[0.0757003,-0.0545602,-0.995637],[-0.266315,0.961124,-0.0729174],[-0.960909,-0.270673,-0.0582272]],[[0.0757003,-0.0545602,-0.995637],[0.411113,0.911393,-0.018686],[-0.908436,0.407905,-0.0914231]],[[0.0757003,-0.0545602,-0.995637],[0.942354,0.330305,0.0535486],[-0.325942,0.942296,-0.0764192]]],0],[1471,[0.995161,-0.0932627,0.0309205],147,55.8671,[-4.75186,151.03,21.746],[-1.16846,148.993,23.0697],[-1.35217,7.24158,12.2217],false,[-141.304,142.838,49.4327],[-76.6212,155.507,26.1868],[-36.2449,152.605,20.978],[-13.3941,150.463,21.688],[2.56421,148.709,24.0779],[[[0.114147,-0.970709,-0.211412],[-0.361181,0.157693,-0.919066],[-0.925483,-0.181267,0.332601]],[[-0.0883101,-0.986952,-0.134636],[-0.116385,0.144462,-0.982642],[-0.98927,0.0711076,0.127624]],[[-0.0883101,-0.986952,-0.134636],[0.0430736,0.131254,-0.990413],[-0.995161,0.0932627,-0.0309205]],[[-0.0883101,-0.986952,-0.134636],[0.159871,0.119369,-0.979894],[-0.98318,0.108059,-0.147244]]],1],[1472,[-0.860136,-0.071778,0.50499],147,63.6561,[-97.4205,130.731,75.0078],[-94.3552,133.053,74.8273],[-2.13405,8.93913,-5.04879],false,[-140.05,131.962,45.3138],[-78.2169,135.042,21.6448],[-57.6174,135.97,62.5295],[-80.8536,134.031,76.1716],[-98.5674,132.735,74.3685],[[[0.0479502,-0.998838,-0.0047364],[-0.356914,-0.0127048,-0.934051],[-0.932906,-0.0464784,0.357109]],[[0.0744657,-0.997112,-0.0148918],[0.889986,0.0731872,-0.450076],[-0.449866,-0.0202617,-0.892866]],[[0.0744657,-0.997112,-0.0148918],[0.5046,0.0247954,0.862997],[0.860136,0.071778,-0.50499]],[[0.0744657,-0.997112,-0.0148918],[-0.0996238,-0.0222969,0.994775],[0.992235,0.072593,0.100996]]],2],[1473,[-0.826635,0.148136,0.54289],147,61.2071,[-100.695,120.642,71.3642],[-97.8938,122.078,71.7121],[0.433901,7.56933,-0.752354],false,[-139.071,120.387,44.1816],[-84.2074,114.243,21.9679],[-62.5718,117.022,58.3795],[-84.3263,120.92,72.6667],[-101.97,122.394,71.4155],[[[-0.0630888,-0.990973,0.118293],[-0.382133,-0.08551,-0.920142],[-0.921951,0.103254,0.373289]],[[-0.0916674,-0.987291,0.12982],[0.855439,-0.144809,-0.497246],[-0.509726,-0.0654714,-0.857842]],[[-0.0916674,-0.987291,0.12982],[0.555222,0.0575481,0.829709],[0.826635,-0.148136,-0.54289]],[[-0.0916674,-0.987291,0.12982],[-0.0588198,0.135509,0.989029],[0.994051,-0.0830257,0.0704941]]],3],[1474,[-0.78029,0.182037,0.598339],147,47.9852,[-101.391,106.139,61.4065],[-96.4752,105.833,64.3025],[1.43307,4.79272,4.80568],false,[-137.853,108.202,49.9122],[-89.497,95.2385,26.932],[-69.4872,102.127,53.0188],[-83.9857,105.51,64.1364],[-100.356,105.867,64.2801],[[[-0.105358,-0.944519,0.311099],[-0.467235,-0.229141,-0.853924],[-0.877833,0.235324,0.417171]],[[-0.0186748,-0.963058,0.268644],[0.803001,-0.17453,-0.56985],[-0.595685,-0.20508,-0.776596]],[[-0.0186748,-0.963058,0.268644],[0.625138,0.198447,0.754865],[0.78029,-0.182037,-0.598339]],[[-0.0186748,-0.963058,0.268644],[0.0143121,0.268406,0.9632],[0.999723,-0.0218324,-0.00877097]]],4],[1480,[-0.248962,-0.459749,-0.852437],148,52.1164,[-22.9276,140.113,80.8318],[-23.4066,138.951,79.9441],[45.4797,-72.8343,-50.7133],false,[6.70741,181.043,159.754],[6.70741,181.043,159.754],[-21.6723,164.363,122.229],[-30.1608,148.688,93.1641],[-19.8286,136.384,76.1469],[[[0.429879,0.839119,-0.333291],[-0.467224,0.522614,0.713146],[0.772597,-0.150845,0.616717]],[[0.172613,0.844996,-0.506149],[-0.804349,0.417522,0.422728],[0.568532,0.334152,0.751741]],[[0.172613,0.844996,-0.506149],[-0.953007,0.273153,0.131013],[0.248962,0.459749,0.852437]],[[0.172613,0.844996,-0.506149],[-0.88051,-0.0979455,-0.463798],[-0.441482,0.525727,0.727121]]],0],[1481,[-0.409857,-0.124961,-0.90355],148,58.8075,[-63.332,192.623,15.0255],[-62.6482,192.566,14.7076],[3.28281,-73.3532,-39.1757],false,[12.6968,200.111,147.009],[-30.8089,198.037,87.7174],[-47.8926,198.55,48.301],[-57.799,195.529,26.4618],[-64.8731,191.506,11.4389],[[[0.801507,-0.130607,-0.583548],[0.0888073,0.991033,-0.099831],[0.591354,0.0281919,0.805919]],[[0.910158,-0.121457,-0.396057],[0.116164,0.992525,-0.0374223],[0.397642,-0.0119472,0.917463]],[[0.910158,-0.121457,-0.396057],[0.0602502,0.984699,-0.163514],[0.409857,0.124961,0.90355]],[[0.910158,-0.121457,-0.396057],[0.0135377,0.964265,-0.264595],[0.414041,0.235462,0.879277]]],1],[1482,[-0.175876,-0.936712,0.302717],148,67.0064,[-35.2317,115.13,87.5445],[-35.1465,113.761,85.2789],[20.1575,-83.8884,-54.3293],false,[22.2626,200.19,139.256],[-10.9618,196.897,77.9951],[-28.7865,152.744,70.5081],[-33.7878,126.107,79.1162],[-34.9573,109.93,88.6066],[[[0.84707,-0.292618,-0.443674],[0.235995,0.955064,-0.179331],[0.476213,0.0472017,0.878062]],[[0.87687,-0.28883,-0.384287],[-0.307155,0.278317,-0.910052],[0.369804,0.916033,0.155332]],[[0.87687,-0.28883,-0.384287],[-0.4474,-0.197856,-0.872173],[0.175876,0.936712,-0.302717]],[[0.87687,-0.28883,-0.384287],[-0.476683,-0.418923,-0.772837],[0.062232,0.86086,-0.505021]]],2],[1483,[-0.266606,-0.920884,0.284419],148,64.4285,[-18.3878,116.833,81.7458],[-18.0816,115.797,80.4419],[29.2423,-81.2007,-30.2474],false,[32.4397,197.434,132.95],[11.171,193.03,74.1963],[-8.09905,153.521,66.1963],[-15.4846,128.011,74.0753],[-18.4464,112.035,83.3001],[[[0.8877,-0.353641,-0.294834],[0.310971,0.932735,-0.18249],[0.339538,0.070311,0.937961]],[[0.871125,-0.356503,-0.337708],[-0.234791,0.301628,-0.924064],[0.431294,0.884266,0.179052]],[[0.871125,-0.356503,-0.337708],[-0.412386,-0.15773,-0.897251],[0.266606,0.920884,-0.284419]],[[0.871125,-0.356503,-0.337708],[-0.464772,-0.376567,-0.801364],[0.158519,0.855046,-0.493729]]],3],[1484,[-0.44065,-0.86139,0.252656],148,50.5107,[-1.73891,129.819,76.988],[-1.46157,128.933,75.7213],[18.8348,-76.6381,-47.4269],false,[42.6613,188.086,129.68],[31.0314,185.125,72.9498],[12.0231,156.394,64.9814],[3.40456,139.546,69.9231],[-2.66092,125.611,78.0545],[[[0.857365,-0.492347,-0.150061],[0.474023,0.868899,-0.142537],[0.200566,0.0510739,0.978348]],[[0.840464,-0.494761,-0.220979],[-0.0680578,0.308197,-0.948885],[0.537576,0.812543,0.225356]],[[0.840464,-0.494761,-0.220979],[-0.315353,-0.114974,-0.941984],[0.44065,0.86139,-0.252656]],[[0.840464,-0.494761,-0.220979],[-0.412059,-0.318729,-0.853592],[0.351891,0.80847,-0.47175]]],4]],[[0,200,0],[235.247,235.247,147.751]]],[407925,83649278607,[[147,"left",[0.868254,0.0366092,-0.494768],[0.495215,-0.124174,0.859851],[-97.0165,130.715,36.5477],[-0.945043,-6.57719,-3.9671],[-101.961,133.845,37.4745],0.688744,0,0.375133,[[-0.234971,-0.971411,-0.0339113],[-0.395731,0.127471,-0.909477],[-0.887798,0.200281,0.414369]],60.534,[-371.527,173.537,163.774],[-143.807,122.165,57.4884]],[148,"right",[-0.426952,0.0894138,-0.899843],[-0.170946,-0.985137,-0.0167796],[2.24556,188.959,99.0113],[19.8266,-83.6974,-30.277],[1.87949,189.728,99.2488],1,0,0.460419,[[0.495732,0.178785,-0.849874],[0.326616,0.868362,0.373189],[0.804719,-0.462584,0.372081]],63.72,[250.082,62.3711,244.814],[32.8082,187.269,144.353]]],[[1470,[0.907759,-0.408789,0.0941557],147,49.5106,[-64.6367,128.002,75.3585],[-60.643,131.574,77.9054],[7.85215,-10.1232,11.1983],false,[-140.738,147.627,71.3298],[-140.738,147.627,71.3298],[-95.1549,160.401,74.1376],[-65.7519,147.16,77.1873],[-58.3797,126.26,78.9658],[[[-0.285564,-0.280803,-0.916298],[-0.536205,0.839266,-0.0900882],[-0.794316,-0.465598,0.390233]],[[0.0773939,-0.0573954,-0.995347],[-0.264708,0.961328,-0.0760163],[-0.961218,-0.26936,-0.0592079]],[[0.0773939,-0.0573954,-0.995347],[0.412291,0.910822,-0.0204634],[-0.907759,0.408789,-0.0941557]],[[0.0773939,-0.0573954,-0.995347],[0.940247,0.336229,0.0537213],[-0.331582,0.94003,-0.079988]]],0],[1471,[0.995322,-0.0903591,0.0341879],147,55.8671,[-4.74422,151.026,21.7501],[-1.21763,149.098,23.1202],[-2.32815,8.55364,12.4648],false,[-141.34,142.708,49.363],[-76.698,155.423,26.0274],[-36.2934,152.604,20.9944],[-13.439,150.529,21.7794],[2.5199,148.832,24.2062],[[[0.116248,-0.971361,-0.207228],[-0.362021,0.15285,-0.919553],[-0.924893,-0.181917,0.333885]],[[-0.0851851,-0.987762,-0.130652],[-0.112782,0.139845,-0.983729],[-0.989961,0.0690639,0.123315]],[[-0.0851851,-0.987762,-0.130652],[0.0455751,0.127128,-0.990839],[-0.995322,0.0903591,-0.0341879]],[[-0.0851851,-0.987762,-0.130652],[0.161344,0.115722,-0.98009],[-0.983215,0.104569,-0.149512]]],1],[1472,[-0.859929,-0.0716543,0.505359],147,63.6561,[-97.4059,130.743,75.0064],[-94.3675,133.137,74.7669],[-2.01436,8.96693,-5.58592],false,[-140.062,131.817,45.2911],[-78.2495,134.935,21.5758],[-57.6409,136.088,62.4502],[-80.8715,134.152,76.1022],[-98.5823,132.806,74.3063],[[[0.050224,-0.998738,-0.000395921],[-0.357374,-0.0176013,-0.933795],[-0.93261,-0.0470404,0.357807]],[[0.0768371,-0.996987,-0.0106141],[0.889685,0.073365,-0.450642],[-0.450063,-0.0251829,-0.892642]],[[0.0768371,-0.996987,-0.0106141],[0.504597,0.029703,0.862844],[0.859929,0.0716543,-0.505359]],[[0.0768371,-0.996987,-0.0106141],[-0.0994938,-0.0182595,0.994871],[0.992067,0.075387,0.100597]]],2],[1473,[-0.826721,0.148632,0.542624],147,61.2071,[-100.67,120.656,71.3672],[-97.87,122.144,71.7071],[1.05511,7.47872,-0.742376],false,[-139.058,120.24,44.2089],[-84.1924,114.123,21.993],[-62.5422,117.11,58.3795],[-84.2989,121.022,72.6597],[-101.947,122.449,71.409],[[[-0.0607682,-0.990587,0.122657],[-0.38242,-0.0904022,-0.919556],[-0.921988,0.102786,0.373327]],[[-0.0893587,-0.986919,0.134187],[0.85548,-0.145047,-0.497107],[-0.510068,-0.0703732,-0.85725]],[[-0.0893587,-0.986919,0.134187],[0.55547,0.0624468,0.829188],[0.826721,-0.148632,-0.542624]],[[-0.0893587,-0.986919,0.134187],[-0.058743,0.139713,0.988448],[0.994266,-0.0804439,0.0704592]]],3],[1474,[-0.780692,0.182902,0.59755],147,47.9852,[-101.382,106.139,61.4114],[-96.4278,105.87,64.3635],[2.40104,4.6166,5.24562],false,[-137.81,108.082,49.9921],[-89.436,95.1289,27.0429],[-69.4342,102.178,53.093],[-83.9402,105.576,64.196],[-100.311,105.897,64.3382],[[[-0.103042,-0.943388,0.315281],[-0.467159,-0.233936,-0.852664],[-0.878148,0.235147,0.416607]],[[-0.0164583,-0.961896,0.272921],[0.803226,-0.175274,-0.569304],[-0.595447,-0.209848,-0.775504]],[[-0.0164583,-0.961896,0.272921],[0.624699,0.203233,0.753955],[0.780692,-0.182902,-0.59755]],[[-0.0164583,-0.961896,0.272921],[0.0136899,0.272716,0.961997],[0.999771,-0.0195691,-0.00867982]]],4],[1480,[-0.244696,-0.464199,-0.85126],148,52.1164,[-22.2743,139.34,80.5346],[-22.5169,137.968,79.9983],[58.6271,-81.7782,-34.8768],false,[7.10873,180.504,159.677],[7.10873,180.504,159.677],[-21.1119,163.569,122.146],[-29.4549,147.742,93.122],[-18.9378,135.419,76.2326],[[[0.426903,0.839565,-0.335982],[-0.471558,0.523704,0.709484],[0.771613,-0.144446,0.619475]],[[0.170857,0.843568,-0.509118],[-0.806966,0.416286,0.41894],[0.565344,0.339262,0.751856]],[[0.170857,0.843568,-0.509118],[-0.954428,0.270023,0.127106],[0.244696,0.464199,0.85126]],[[0.170857,0.843568,-0.509118],[-0.876849,-0.105488,-0.46905],[-0.449381,0.52656,0.721658]]],0],[1481,[-0.408425,-0.131296,-0.9033],148,58.8075,[-62.7677,191.201,14.7118],[-62.0216,191.01,14.4418],[20.9593,-100.525,-36.0576],false,[13.0445,199.541,146.861],[-30.2906,196.994,87.4632],[-47.3416,197.216,48.03],[-57.2134,194.042,26.1969],[-64.2546,189.919,11.1855],[[[0.803677,-0.129566,-0.580789],[0.0845036,0.990966,-0.104138],[0.589035,0.0346143,0.807366]],[[0.911083,-0.119161,-0.394624],[0.111404,0.992862,-0.0426041],[0.396883,-0.00514675,0.917855]],[[0.911083,-0.119161,-0.394624],[0.055826,0.984155,-0.16829],[0.408425,0.131296,0.9033]],[[0.911083,-0.119161,-0.394624],[0.00947302,0.963107,-0.268951],[0.412113,0.241299,0.8786]]],1],[1482,[-0.170463,-0.935238,0.310277],148,67.0064,[-34.7125,114.301,87.3297],[-34.1024,112.679,85.7104],[46.6326,-93.1571,-25.2095],false,[22.6308,199.629,139.133],[-10.4122,195.902,77.7996],[-27.9492,151.577,70.6567],[-32.7965,124.982,79.4799],[-33.8839,108.873,89.095],[[[0.849609,-0.290723,-0.440051],[0.23207,0.955315,-0.183077],[0.473612,0.0534211,0.879112]],[[0.879225,-0.286526,-0.380613],[-0.307551,0.268774,-0.912783],[0.363835,0.9196,0.148191]],[[0.879225,-0.286526,-0.380613],[-0.444866,-0.207923,-0.871127],[0.170463,0.935238,-0.310277]],[[0.879225,-0.286526,-0.380613],[-0.47288,-0.427841,-0.770283],[0.0578646,0.857237,-0.511661]]],2],[1483,[-0.262846,-0.92066,0.288611],148,64.4285,[-17.7613,115.976,81.6023],[-17.1383,114.779,80.6602],[49.6395,-89.3636,-15.4316],false,[32.8375,196.892,132.868],[11.7484,192.12,74.0779],[-7.30648,152.477,66.2309],[-14.5878,126.973,74.226],[-17.4962,111.032,83.5279],[[[0.890116,-0.350876,-0.290825],[0.307157,0.933319,-0.185931],[0.336671,0.0761715,0.938536]],[[0.873789,-0.353992,-0.33344],[-0.233684,0.295669,-0.926268],[0.426479,0.887282,0.17563]],[[0.873789,-0.353992,-0.33344],[-0.409151,-0.164542,-0.897508],[0.262846,0.92066,-0.288611]],[[0.873789,-0.353992,-0.33344],[-0.46072,-0.383117,-0.800599],[0.155659,0.853177,-0.497855]]],3],[1484,[-0.436399,-0.861641,0.259096],148,50.5107,[-1.18513,129.04,76.8141],[-0.540863,127.958,76.0324],[41.9588,-84.9354,-23.1902],false,[43.1109,187.576,129.668],[31.6484,184.302,72.9211],[12.8294,155.396,65.1372],[4.294,138.543,70.2048],[-1.71588,124.645,78.441],[[[0.860031,-0.489057,-0.145499],[0.470393,0.870421,-0.145249],[0.19768,0.0564768,0.978638]],[[0.84397,-0.491821,-0.214072],[-0.0667318,0.299724,-0.951689],[0.532223,0.817483,0.220138]],[[0.84397,-0.491821,-0.214072],[-0.311882,-0.125248,-0.941829],[0.436399,0.861641,-0.259096]],[[0.84397,-0.491821,-0.214072],[-0.407611,-0.328634,-0.85197],[0.348665,0.806296,-0.477828]]],4]],[[0,200,0],[235.247,235.247,147.751]]],[407926,83649296379,[[147,"left",[0.86766,0.0376264,-0.495732],[0.49644,-0.119124,0.859858],[-97.0464,130.609,36.5496],[-1.29271,-6.27365,-2.05588],[-101.928,133.823,37.4683],0.685676,0,0.366041,[[-0.234923,-0.971603,-0.0282663],[-0.397446,0.122555,-0.909405],[-0.887045,0.202406,0.41495]],60.534,[-371.315,173.9,164.003],[-143.788,121.983,57.568]],[148,"right",[-0.421576,0.0809877,-0.903169],[-0.166158,-0.986039,-0.0108605],[3.50718,187.574,98.9206],[43.8461,-81.0025,-18.4586],[3.05578,188.171,99.0116],0.998817,0,0.473712,[[0.494442,0.179105,-0.850558],[0.320399,0.872081,0.36989],[0.808005,-0.455407,0.373808]],63.72,[251.947,63.3913,245.396],[33.7853,186.351,144.467]]],[[1470,[0.907045,-0.409904,0.0961664],147,49.5106,[-64.6094,128.02,75.378],[-60.5473,131.548,78.0209],[6.03162,-7.17557,8.9103],false,[-140.792,147.509,71.3069],[-140.792,147.509,71.3069],[-95.2176,160.308,74.13],[-65.8377,147.031,77.2449],[-58.2623,126.209,79.0946],[[[-0.285465,-0.285355,-0.914922],[-0.539144,0.837079,-0.0928579],[-0.79236,-0.466767,0.392804]],[[0.0784529,-0.0598597,-0.995119],[-0.265011,0.961028,-0.0787019],[-0.961049,-0.269892,-0.0595319]],[[0.0784529,-0.0598597,-0.995119],[0.41366,0.910162,-0.0221373],[-0.907045,0.409904,-0.0961664]],[[0.0784529,-0.0598597,-0.995119],[0.936886,0.345584,0.0530739],[-0.34072,0.936477,-0.0831937]]],0],[1471,[0.995611,-0.0863886,0.0360058],147,55.8671,[-4.7281,151.019,21.7591],[-1.30957,149.294,23.1384],[-3.61353,9.81197,8.09063],false,[-141.398,142.502,49.36],[-76.8221,155.345,25.9135],[-36.3942,152.657,20.9975],[-13.5331,150.673,21.8243],[2.4311,149.048,24.2655],[[[0.11936,-0.971764,-0.203541],[-0.363401,0.14802,-0.919799],[-0.923955,-0.183754,0.335472]],[[-0.0811846,-0.988573,-0.127013],[-0.110704,0.135589,-0.984561],[-0.990532,0.0658703,0.120447]],[[-0.0811846,-0.988573,-0.127013],[0.0465668,0.123532,-0.991247],[-0.995611,0.0863886,-0.0360058]],[[-0.0811846,-0.988573,-0.127013],[0.161395,0.112713,-0.980432],[-0.983545,0.100095,-0.1504]]],1],[1472,[-0.859535,-0.0727968,0.505867],147,63.6561,[-97.3801,130.765,75.0036],[-94.3891,133.185,74.7455],[-1.79218,5.93234,-3.64731],false,[-140.088,131.599,45.3295],[-78.3079,134.835,21.5434],[-57.6823,136.217,62.402],[-80.9022,134.25,76.0678],[-98.6087,132.835,74.283],[[[0.0536238,-0.998555,0.00345978],[-0.358187,-0.0224691,-0.933379],[-0.932109,-0.0488121,0.358875]],[[0.0803839,-0.99674,-0.00685318],[0.889182,0.0748133,-0.451395],[-0.450437,-0.0301912,-0.892298]],[[0.0803839,-0.99674,-0.00685318],[0.504717,0.034773,0.862584],[0.859535,0.0727968,-0.505867]],[[0.0803839,-0.99674,-0.00685318],[-0.0991081,-0.0148337,0.994966],[0.991825,0.0793,0.0999774]]],2],[1473,[-0.826758,0.147948,0.542754],147,61.2071,[-100.622,120.681,71.3733],[-97.8372,122.173,71.7394],[1.44595,4.7282,0.409849],false,[-139.045,120.021,44.2916],[-84.1795,114.005,22.0476],[-62.5033,117.207,58.4002],[-84.261,121.101,72.6838],[-101.915,122.463,71.4413],[[[-0.0572801,-0.9903,0.126586],[-0.382972,-0.0952985,-0.918831],[-0.921982,0.101109,0.373798]],[[-0.0858846,-0.986683,0.138133],[0.855468,-0.144098,-0.497403],[-0.510683,-0.0754491,-0.856452]],[[-0.0858846,-0.986683,0.138133],[0.555963,0.0675883,0.828455],[0.826758,-0.147948,-0.542754]],[[-0.0858846,-0.986683,0.138133],[-0.0584628,0.143397,0.987937],[0.994588,-0.0767729,0.0699999]]],3],[1474,[-0.781161,0.182719,0.596993],147,47.9852,[-101.37,106.138,61.4191],[-96.3591,105.877,64.4513],[3.00671,2.67392,4.99594],false,[-137.75,107.891,50.121],[-89.3538,95.0126,27.1767],[-69.3592,102.232,53.1858],[-83.8738,105.627,64.2784],[-100.246,105.893,64.4223],[[[-0.0995339,-0.942492,0.319064],[-0.467159,-0.238857,-0.851299],[-0.878553,0.233787,0.416519]],[[-0.0131855,-0.96083,0.276824],[0.803445,-0.174984,-0.569084],[-0.595233,-0.21491,-0.774281]],[[-0.0131855,-0.96083,0.276824],[0.62419,0.208373,0.752972],[0.781161,-0.182719,-0.596993]],[[-0.0131855,-0.96083,0.276824],[0.0129448,0.276661,0.96088],[0.999829,-0.0162531,-0.0087898]]],4],[1480,[-0.238523,-0.470533,-0.849532],148,52.1164,[-20.627,137.614,80.3641],[-20.8483,136.401,80.1437],[73.1992,-84.157,-14.3411],false,[8.02021,179.572,159.675],[8.02021,179.572,159.675],[-19.9175,162.287,122.092],[-28.0501,146.244,93.1269],[-17.2878,133.862,76.4357],[[[0.425066,0.839199,-0.339212],[-0.478591,0.526453,0.702707],[0.76829,-0.136353,0.62541]],[[0.170736,0.840838,-0.513655],[-0.810933,0.416026,0.411473],[0.559676,0.346286,0.752894]],[[0.170736,0.840838,-0.513655],[-0.95601,0.267565,0.120223],[0.238523,0.470533,0.849532]],[[0.170736,0.840838,-0.513655],[-0.871427,-0.114439,-0.47699],[-0.459853,0.529052,0.713189]]],0],[1481,[-0.404016,-0.139653,-0.904029],148,58.8075,[-61.0662,188.65,14.212],[-60.3708,188.697,13.9883],[54.2101,-114.388,-30.8672],false,[13.9479,198.546,146.762],[-28.9918,195.371,87.1077],[-45.8803,195.208,47.6043],[-55.6456,191.833,25.7536],[-62.6045,187.578,10.7408],[[[0.808001,-0.129827,-0.574699],[0.0804676,0.990597,-0.110646],[0.58366,0.0431571,0.810851]],[[0.913273,-0.117743,-0.389959],[0.106787,0.993037,-0.0497438],[0.393101,0.00378729,0.919488]],[[0.913273,-0.117743,-0.389959],[0.0519843,0.983175,-0.175112],[0.404016,0.139653,0.904029]],[[0.913273,-0.117743,-0.389959],[0.00633845,0.961306,-0.27541],[0.407298,0.249053,0.878682]]],1],[1482,[-0.165869,-0.932755,0.320086],148,67.0064,[-33.0804,112.434,87.4199],[-32.2378,111.018,86.3053],[73.9896,-92.8623,2.70817],false,[23.5831,198.625,139.095],[-9.04667,194.306,77.5795],[-26.2553,149.786,70.8569],[-30.972,123.262,79.959],[-32.0076,107.251,89.7425],[[[0.853791,-0.28976,-0.432527],[0.228706,0.955094,-0.188383],[0.46769,0.0619186,0.881721]],[[0.882997,-0.285002,-0.372948],[-0.304715,0.256303,-0.91731],[0.357023,0.923625,0.13947]],[[0.882997,-0.285002,-0.372948],[-0.439094,-0.220774,-0.870893],[0.165869,0.932755,-0.320086]],[[0.882997,-0.285002,-0.372948],[-0.466133,-0.439155,-0.768026],[0.055107,0.852007,-0.520621]]],2],[1483,[-0.260056,-0.919698,0.294153],148,64.4285,[-16.0716,114.164,81.6996],[-15.3806,113.17,81.0349],[72.5617,-89.6829,1.54508],false,[33.8428,195.892,132.915],[13.1551,190.603,74.0267],[-5.6494,150.805,66.3641],[-12.8535,125.327,74.5127],[-15.7416,109.445,83.9207],[[[0.893623,-0.348659,-0.28262],[0.303913,0.933439,-0.190601],[0.330263,0.0844333,0.940105]],[[0.877708,-0.352133,-0.325008],[-0.229113,0.287316,-0.930031],[0.420874,0.890759,0.171501]],[[0.877708,-0.352133,-0.325008],[-0.402491,-0.17366,-0.898801],[0.260056,0.919698,-0.294153]],[[0.877708,-0.352133,-0.325008],[-0.453579,-0.391716,-0.800515],[0.154577,0.850036,-0.503532]]],3],[1484,[-0.433919,-0.861742,0.262897],148,50.5107,[0.411876,127.321,76.8656],[1.17109,126.395,76.3877],[67.3703,-86.1654,-3.05882],false,[44.1807,186.604,129.847],[33.099,182.872,73.0528],[14.4794,153.814,65.359],[5.99243,136.959,70.501],[-0.00547121,123.098,78.807],[[[0.86326,-0.48595,-0.13651],[0.467181,0.871614,-0.148428],[0.191113,0.0643575,0.979456]],[[0.847906,-0.489246,-0.204191],[-0.0613502,0.29202,-0.954442],[0.526585,0.821805,0.21759]],[[0.847906,-0.489246,-0.204191],[-0.304582,-0.13431,-0.942969],[0.433919,0.861742,-0.262897]],[[0.847906,-0.489246,-0.204191],[-0.399965,-0.337537,-0.852113],[0.347971,0.804181,-0.48188]]],4]],[[0,200,0],[235.247,235.247,147.751]]],[407927,83649314447,[[147,"left",[0.866725,0.0404811,-0.497141],[0.498165,-0.119959,0.858744],[-97.0937,130.548,36.6081],[-1.92285,-4.89737,0.460089],[-101.888,133.796,37.4611],0.683684,0,0.363255,[[-0.237505,-0.970973,-0.0283513],[-0.397397,0.123755,-0.909264],[-0.886379,0.204688,0.415253]],60.534,[-371.138,174.283,164.201],[-143.781,121.78,57.6882]],[148,"right",[-0.419685,0.0620908,-0.905544],[-0.163172,-0.986565,0.00797762],[4.77576,187.128,98.3351],[56.3709,-54.2516,-25.0844],[4.2222,187.464,98.5528],0.996704,0,0.483577,[[0.49862,0.176044,-0.848756],[0.323399,0.87068,0.370579],[0.804233,-0.459265,0.377207]],63.72,[252.093,62.8833,245.812],[34.9499,186.885,143.967]]],[[1470,[0.907346,-0.409772,0.0938617],147,49.5106,[-64.5781,128.039,75.4001],[-60.4583,131.397,78.0638],[5.54324,-7.88114,5.1265],false,[-140.814,147.283,71.477],[-140.814,147.283,71.477],[-95.2454,160.111,74.2631],[-65.8558,146.838,77.3033],[-58.1395,126.064,79.0993],[[[-0.286456,-0.283965,-0.915045],[-0.54102,0.836167,-0.0901204],[-0.790721,-0.469242,0.393156]],[[0.0770263,-0.0574414,-0.995373],[-0.265879,0.961003,-0.0760328],[-0.960924,-0.270505,-0.05875]],[[0.0770263,-0.0574414,-0.995373],[0.413268,0.910377,-0.020556],[-0.907346,0.409772,-0.0938617]],[[0.0770263,-0.0574414,-0.995373],[0.934675,0.351674,0.0520347],[-0.347058,0.934359,-0.0807772]]],0],[1471,[0.995836,-0.0842393,0.0348399],147,55.8671,[-4.70622,151.01,21.7717],[-1.41216,149.471,23.142],[-4.57753,9.74884,4.46417],false,[-141.448,142.322,49.5205],[-76.9386,155.348,25.9908],[-36.507,152.758,21.0534],[-13.6407,150.824,21.8534],[2.33081,149.23,24.2675],[[[0.121004,-0.971074,-0.205846],[-0.365289,0.149258,-0.91885],[-0.922996,-0.186378,0.336662]],[[-0.0790987,-0.988469,-0.129121],[-0.111382,0.137479,-0.984222],[-0.990625,0.0634689,0.120972]],[[-0.0790987,-0.988469,-0.129121],[0.0453153,0.125828,-0.991017],[-0.995836,0.0842393,-0.0348399]],[[-0.0790987,-0.988469,-0.129121],[0.159693,0.11529,-0.980411],[-0.983993,0.098169,-0.148732]]],1],[1472,[-0.858565,-0.0757366,0.50708],147,63.6561,[-97.3539,130.785,75.0013],[-94.3804,133.045,74.8028],[-0.719101,-0.599132,-0.413206],false,[-140.122,131.431,45.4641],[-78.3899,134.844,21.5789],[-57.7002,136.181,62.4067],[-80.8939,134.135,76.1053],[-98.6002,132.686,74.346],[[[0.0556797,-0.998448,0.00120821],[-0.359749,-0.0211906,-0.932809],[-0.931386,-0.0515038,0.36037]],[[0.08249,-0.99655,-0.00917463],[0.888279,0.0776955,-0.452684],[-0.451835,-0.0291923,-0.891624]],[[0.08249,-0.99655,-0.00917463],[0.506025,0.033952,0.86185],[0.858565,0.0757366,-0.50708]],[[0.08249,-0.99655,-0.00917463],[-0.0974614,-0.0172286,0.99509],[0.991815,0.0811908,0.0985463]]],2],[1473,[-0.826157,0.145081,0.544441],147,61.2071,[-100.583,120.699,71.3787],[-97.8062,122.034,71.7784],[1.59083,-1.16984,1.19851],false,[-139.057,119.857,44.3994],[-84.2178,114.001,22.0482],[-62.4838,117.17,58.3693],[-84.2257,120.988,72.6973],[-101.884,122.317,71.4859],[[[-0.0550285,-0.990687,0.124542],[-0.384359,-0.0941021,-0.918375],[-0.921542,0.0984056,0.375601]],[[-0.0836296,-0.987152,0.13615],[0.854879,-0.141277,-0.499223],[-0.512043,-0.074642,-0.85571]],[[-0.0836296,-0.987152,0.13615],[0.557199,0.0669499,0.827675],[0.826157,-0.145081,-0.544441]],[[-0.0836296,-0.987152,0.13615],[-0.0571805,0.141157,0.988334],[0.994855,-0.0748689,0.0682508]]],3],[1474,[-0.78041,0.18003,0.59879],147,47.9852,[-101.357,106.137,61.4271],[-96.3068,105.76,64.4554],[3.02191,-1.61131,2.76792],false,[-137.727,107.717,50.2004],[-89.3442,94.9878,27.1451],[-69.3181,102.191,53.1344],[-83.8188,105.536,64.2604],[-100.191,105.771,64.4349],[[[-0.0970485,-0.943381,0.317196],[-0.468135,-0.237978,-0.851009],[-0.878312,0.231079,0.418534]],[[-0.0109003,-0.961425,0.274852],[0.802784,-0.172292,-0.570836],[-0.596171,-0.214424,-0.773694]],[[-0.0109003,-0.961425,0.274852],[0.625173,0.20797,0.752268],[0.78041,-0.18003,-0.59879]],[[-0.0109003,-0.961425,0.274852],[0.0141955,0.274692,0.961428],[0.99984,-0.0143815,-0.0106537]]],4],[1480,[-0.236636,-0.486899,-0.840793],148,52.1164,[-19.1213,136.485,80.548],[-19.369,135.584,80.516],[75.4008,-65.1474,2.11259],false,[9.16942,180.325,159.244],[9.16942,180.325,159.244],[-18.6557,162.267,121.942],[-26.7239,145.666,93.2747],[-15.8576,132.999,76.8678],[[[0.423344,0.833722,-0.354525],[-0.481826,0.538584,0.69121],[0.767218,-0.121801,0.629715]],[[0.169986,0.831277,-0.529229],[-0.812642,0.422029,0.401876],[0.55742,0.36176,0.74727]],[[0.169986,0.831277,-0.529229],[-0.956613,0.268158,0.113944],[0.236636,0.486899,0.840793]],[[0.169986,0.831277,-0.529229],[-0.869212,-0.126553,-0.477969],[-0.4643,0.541261,0.701043]]],0],[1481,[-0.402908,-0.159007,-0.901322],148,58.8075,[-59.7158,186.322,13.543],[-59.0119,186.366,13.2971],[63.9129,-121.539,-34.0989],false,[15.0706,199.062,145.977],[-27.7185,194.594,86.2978],[-44.5774,193.584,46.7943],[-54.3159,189.741,25.009],[-61.2504,185.165,10.0793],[[[0.809741,-0.138537,-0.570199],[0.0777551,0.988494,-0.129746],[0.581613,0.060725,0.811196]],[[0.913925,-0.122673,-0.3869],[0.103698,0.992169,-0.0696297],[0.392412,0.0235155,0.919489]],[[0.913925,-0.122673,-0.3869],[0.049048,0.979627,-0.194746],[0.402908,0.159007,0.901322]],[[0.913925,-0.122673,-0.3869],[0.00358164,0.955633,-0.294538],[0.405867,0.2678,0.873817]]],1],[1482,[-0.162598,-0.92617,0.340253],148,67.0064,[-31.4768,111.197,88.0346],[-30.6162,110.231,87.3598],[81.3828,-68.6812,29.0366],false,[24.7236,199.021,138.333],[-7.74784,193.404,76.838],[-24.7659,148.678,71.0701],[-29.3896,122.341,80.7457],[-30.3789,106.542,90.8716],[[[0.855675,-0.29553,-0.424832],[0.226282,0.951935,-0.206436],[0.465421,0.0805103,0.88142]],[[0.884721,-0.289524,-0.365301],[-0.304322,0.234846,-0.923166],[0.353068,0.927913,0.119664]],[[0.884721,-0.289524,-0.365301],[-0.436842,-0.241631,-0.866477],[0.162598,0.92617,-0.340253]],[[0.884721,-0.289524,-0.365301],[-0.463139,-0.457494,-0.75908],[0.0526487,0.840759,-0.538844]]],2],[1483,[-0.257961,-0.91456,0.311505],148,64.4285,[-14.5237,113.009,82.2432],[-13.8414,112.332,81.8704],[78.4596,-68.6944,22.6618],false,[35.006,196.199,132.23],[14.4733,189.701,73.4091],[-4.19207,149.703,66.4812],[-11.3381,124.368,75.1105],[-14.2002,108.664,84.8214],[[[0.89533,-0.351375,-0.273714],[0.30156,0.93047,-0.208058],[0.327789,0.103739,0.939038]],[[0.879556,-0.355715,-0.315988],[-0.227725,0.268389,-0.936007],[0.417759,0.895229,0.155058]],[[0.879556,-0.355715,-0.315988],[-0.399797,-0.192474,-0.896168],[0.257961,0.91456,-0.311505]],[[0.879556,-0.355715,-0.315988],[-0.450461,-0.408741,-0.793735],[0.153187,0.840475,-0.519747]]],3],[1484,[-0.431959,-0.857765,0.278659],148,50.5107,[1.93539,126.145,77.2603],[2.67789,125.514,76.9957],[74.9459,-68.1023,14.3834],false,[45.3789,186.885,129.368],[34.4425,182.013,72.632],[15.9298,152.753,65.4622],[7.48121,135.976,70.9125],[1.50487,122.262,79.4739],[[[0.865034,-0.485885,-0.125026],[0.464912,0.869976,-0.164313],[0.188607,0.0840102,0.978453]],[[0.849883,-0.490539,-0.192536],[-0.0598582,0.273135,-0.960112],[0.52356,0.827508,0.20277]],[[0.849883,-0.490539,-0.192536],[-0.301843,-0.15366,-0.940893],[0.431959,0.857765,-0.278659]],[[0.849883,-0.490539,-0.192536],[-0.396842,-0.355377,-0.8463],[0.34672,0.795662,-0.496695]]],4]],[[0,200,0],[235.247,235.247,147.751]]],[407928,83649323482,[[147,"left",[0.866167,0.0420023,-0.497987],[0.499153,-0.121584,0.857941],[-97.1242,130.54,36.6278],[-2.32119,-3.81183,0.93437],[-101.866,133.781,37.4574],0.682904,0,0.364381,[[-0.239355,-0.970484,-0.0294922],[-0.397156,0.12558,-0.909119],[-0.885989,0.20589,0.415492]],60.534,[-371.041,174.513,164.313],[-143.785,121.702,57.7391]],[148,"right",[-0.417324,0.0569815,-0.906969],[-0.159366,-0.987155,0.0113099],[5.54472,186.659,97.9594],[64.2877,-53.6024,-29.6301],[4.76445,187.134,98.3095],0.995913,0,0.490093,[[0.503573,0.178771,-0.845255],[0.321725,0.869189,0.375505],[0.801815,-0.461034,0.380185]],63.72,[252.079,62.2294,246.327],[35.5886,186.709,143.677]]],[[1470,[0.907694,-0.409422,0.0920082],147,49.5106,[-64.5608,128.049,75.4121],[-60.4152,131.308,78.0613],[5.37518,-8.07382,3.24876],false,[-140.815,147.176,71.5804],[-140.815,147.176,71.5804],[-95.2477,160.012,74.3479],[-65.8468,146.75,77.3281],[-58.0843,125.989,79.072],[[[-0.287302,-0.28211,-0.915353],[-0.541536,0.83609,-0.0877092],[-0.790061,-0.470497,0.392983]],[[0.0760162,-0.0552043,-0.995577],[-0.266258,0.961086,-0.0736216],[-0.9609,-0.270677,-0.0583595]],[[0.0760162,-0.0552043,-0.995577],[0.412691,0.910673,-0.0189859],[-0.907694,0.409422,-0.0920082]],[[0.0760162,-0.0552043,-0.995577],[0.933984,0.353553,0.051709],[-0.349135,0.933784,-0.0784357]]],0],[1471,[0.995915,-0.0837812,0.0336627],147,55.8671,[-4.69356,151.005,21.779],[-1.46426,149.542,23.1183],[-4.89041,9.15894,2.44129],false,[-141.47,142.263,49.6138],[-76.9929,155.373,26.0429],[-36.5634,152.813,21.0724],[-13.6953,150.89,21.8454],[2.28009,149.3,24.2361],[[[0.121267,-0.970561,-0.208098],[-0.366357,0.151081,-0.918127],[-0.922538,-0.187577,0.337251]],[[-0.0786992,-0.988225,-0.131213],[-0.112121,0.13956,-0.983845],[-0.990573,0.0627162,0.121784]],[[-0.0786992,-0.988225,-0.131213],[0.0442596,0.128028,-0.990783],[-0.995915,0.0837812,-0.0336627]],[[-0.0786992,-0.988225,-0.131213],[0.158408,0.117552,-0.980351],[-0.984232,0.097938,-0.147291]]],1],[1472,[-0.857984,-0.0772941,0.507827],147,63.6561,[-97.3401,130.796,75.0002],[-94.3718,132.954,74.8246],[-0.2522,-3.22009,0.3735],false,[-140.143,131.381,45.5322],[-78.4387,134.878,21.5879],[-57.7062,136.136,62.3964],[-80.8843,134.048,76.1152],[-98.5917,132.593,74.3717],[[[0.0561803,-0.99842,-0.00103327],[-0.360746,-0.0193339,-0.932464],[-0.93097,-0.0527588,0.361262]],[[0.0829956,-0.996484,-0.0114476],[0.887756,0.0791491,-0.453459],[-0.452771,-0.0274725,-0.891204]],[[0.0829956,-0.996484,-0.0114476],[0.506927,0.0323256,0.861383],[0.857984,0.0772941,-0.507827]],[[0.0829956,-0.996484,-0.0114476],[-0.0963852,-0.0194601,0.995154],[0.991878,0.08149,0.0976614]]],2],[1473,[-0.825662,0.14348,0.545615],147,61.2071,[-100.564,120.708,71.3814],[-97.7941,121.948,71.7785],[1.53164,-3.46917,0.841436],false,[-139.074,119.811,44.4411],[-84.2557,114.031,22.0179],[-62.483,117.131,58.3217],[-84.2118,120.907,72.6806],[-101.872,122.229,71.4897],[[[-0.0543984,-0.990984,0.122437],[-0.385304,-0.0922891,-0.918163],[-0.921185,0.097122,0.37681]],[[-0.0829946,-0.987488,0.134086],[0.854393,-0.139766,-0.500478],[-0.512956,-0.0730249,-0.855303]],[[-0.0829946,-0.987488,0.134086],[0.558027,0.0654262,0.827239],[0.825662,-0.14348,-0.545615]