{"metadata":{"formatVersion":2,"generatedBy":"LeapJS Playback 0.2.1","frames":173,"protocolVersion":6,"serviceVersion":"2.2.5+26752","frameRate":"1.1e+2","modified":"Wed Apr 22 2015 20:48:03 GMT-0300 (E. South America Standard Time)"},"frames":[["id","timestamp",{"hands":[["id","type","direction","palmNormal","palmPosition","palmVelocity","stabilizedPalmPosition","pinchStrength","grabStrength","confidence","armBasis","armWidth","elbow","wrist"]]},{"pointables":[["id","direction","handId","length","stabilizedTipPosition","tipPosition","tipVelocity","tool","carpPosition","mcpPosition","pipPosition","dipPosition","btipPosition","bases","type"]]},{"interactionBox":["center","size"]}],[419008,83751566409,[[153,"right",[-0.139559,0.144737,-0.979579],[-0.164946,-0.978837,-0.121127],[22.6133,163.629,53.9085],[213.604,-13.9685,-47.6853],[16.5205,164.205,55.3025],0.835371,0,0.874391,[[0.621415,0.315252,-0.717259],[0.209531,0.81526,0.539859],[0.754944,-0.485764,0.44056]],63.72,[242.14,27.7825,225.057],[38.3047,158.939,106.106]]],[[1530,[-0.13618,-0.304511,-0.942724],153,52.1164,[-13.6269,125.748,28.0517],[-6.58431,125.367,25.2264],[228.289,-1.14372,-79.5556],false,[9.1662,151.997,112.725],[9.1662,151.997,112.725],[-13.6902,144.89,68.9199],[-18.3333,134.507,36.7771],[-3.75165,122.863,22.6527],[[[0.513192,0.845525,-0.147384],[-0.657553,0.497696,0.565617],[0.551596,-0.193357,0.811391]],[[0.369548,0.867291,-0.333528],[-0.808565,0.47701,0.344505],[0.457882,0.142367,0.877539]],[[0.369548,0.867291,-0.333528],[-0.919178,0.393802,0.0055758],[0.13618,0.304511,0.942724]],[[0.369548,0.867291,-0.333528],[-0.689376,0.015223,-0.724243],[-0.623052,0.497569,0.603515]]],0],[1531,[-0.25008,0.21747,-0.943487],153,58.8075,[-28.9125,194.691,-39.4947],[-24.5068,195.411,-40.392],[281.819,-2.26497,-75.0946],false,[18.7729,171.518,103.317],[-4.964,172.984,33.6971],[-14.5498,188.108,-5.35578],[-20.5943,193.365,-28.1602],[-25.2058,194.966,-44.5336],[[[0.939086,-0.118318,-0.322674],[0.118394,0.992776,-0.0194639],[0.322646,-0.0199244,0.94631]],[[0.9526,-0.119091,-0.279946],[0.206807,0.928376,0.308785],[0.223121,-0.352044,0.909001]],[[0.9526,-0.119091,-0.279946],[0.173241,0.968775,0.177379],[0.25008,-0.21747,0.943487]],[[0.9526,-0.119091,-0.279946],[0.140368,0.988449,0.0571499],[0.269906,-0.0937365,0.958313]]],1],[1532,[-0.22813,-0.910384,0.345193],153,67.0064,[-10.2391,95.563,29.8523],[-6.53464,95.625,27.53],[262.853,-24.0222,-44.8664],false,[30.2233,171.779,98.7957],[16.8805,171.928,30.3156],[1.70833,131.312,9.25693],[-4.77885,105.424,19.073],[-6.99585,92.155,32.1935],[[[0.940008,-0.28742,-0.18378],[0.282508,0.957802,-0.0529548],[0.191245,-0.00214137,0.98154]],[[0.949034,-0.28711,-0.130007],[0.0158889,0.455554,-0.890066],[0.314772,0.842638,0.436899]],[[0.949034,-0.28711,-0.130007],[-0.217465,-0.297941,-0.929484],[0.22813,0.910384,-0.345193]],[[0.949034,-0.28711,-0.130007],[-0.29226,-0.647275,-0.704002],[0.117975,0.706118,-0.698197]]],2],[1533,[-0.334868,-0.862245,0.379996],153,64.4285,[6.34734,96.622,35.4136],[12.1119,96.4907,33.8156],[250.175,-12.0018,23.4308],false,[41.8121,169.129,95.6961],[39.1193,167.832,33.1274],[24.941,129.436,15.2116],[15.6644,105.55,25.7383],[10.7924,93.4408,39.1067],[[[0.933916,-0.355983,-0.0328166],[0.354898,0.934263,-0.0346334],[0.0429883,0.0206981,0.998861]],[[0.934885,-0.354405,0.0196819],[0.159025,0.368628,-0.915874],[0.317335,0.859366,0.400984]],[[0.934885,-0.354405,0.0196819],[-0.117702,-0.361843,-0.924779],[0.334868,0.862245,-0.379996]],[[0.934885,-0.354405,0.0196819],[-0.24082,-0.674042,-0.698336],[0.26076,0.648124,-0.715499]]],3],[1534,[-0.480171,-0.821039,0.308757],153,50.5107,[24.705,107.959,35.8323],[28.6921,108.256,33.8498],[244.811,-12.2932,0.133614],false,[52.5087,159.755,95.1754],[58.4099,159.628,37.4914],[43.0652,132.408,20.9418],[33.6737,116.35,26.9807],[27.0111,105.22,38.3321],[[[0.861051,-0.500636,0.0891878],[0.49823,0.865655,0.0490681],[-0.101771,0.00218593,0.994805]],[[0.866094,-0.499536,0.0185745],[0.248102,0.397308,-0.883511],[0.433965,0.769812,0.468042]],[[0.866094,-0.499536,0.0185745],[-0.138985,-0.276331,-0.95096],[0.480171,0.821039,-0.308757]],[[0.866094,-0.499536,0.0185745],[-0.316978,-0.57755,-0.752304],[0.38653,0.645678,-0.658555]]],4]],[[0,200,0],[235.247,235.247,147.751]]],[419009,83751575413,[[153,"right",[-0.130795,0.14777,-0.980335],[-0.162858,-0.978599,-0.12578],[24.6827,163.573,53.7123],[218.061,-11.8292,-40.5722],[19.1501,164.001,54.7902],0.827423,0,0.877282,[[0.626649,0.318772,-0.711122],[0.203799,0.813723,0.544354],[0.752181,-0.486045,0.444954]],63.72,[242.993,27.4976,226.172],[39.9037,158.73,106.035]]],[[1530,[-0.125781,-0.301678,-0.945077],153,52.1164,[-10.7903,125.729,27.2054],[-4.30356,125.487,24.7608],[234.871,3.71772,-72.1282],false,[10.7132,151.738,112.366],[10.7132,151.738,112.366],[-11.9255,144.897,68.4061],[-16.2141,134.611,36.1831],[-1.43497,123.025,22.2161],[[[0.513663,0.846496,-0.139983],[-0.663165,0.495224,0.561218],[0.544392,-0.195445,0.815744]],[[0.372139,0.86873,-0.326835],[-0.809834,0.475949,0.342989],[0.453522,0.137043,0.880646]],[[0.372139,0.86873,-0.326835],[-0.919615,0.392809,-0.00299643],[0.125781,0.301678,0.945077]],[[0.372139,0.86873,-0.326835],[-0.680247,0.0156967,-0.732815],[-0.631488,0.495038,0.596792]]],0],[1531,[-0.240606,0.216648,-0.946135],153,58.8075,[-25.3528,194.632,-40.3539],[-21.5218,195.401,-40.9889],[295.776,-2.71366,-72.7873],false,[20.3855,171.299,103.109],[-2.71914,172.967,33.2813],[-11.9113,188.122,-5.85429],[-17.7269,193.358,-28.7228],[-22.1728,194.923,-45.1455],[[[0.942098,-0.11636,-0.314503],[0.117572,0.992948,-0.0151835],[0.314052,-0.0226723,0.949135]],[[0.955718,-0.117291,-0.269901],[0.202052,0.928336,0.312038],[0.213959,-0.352755,0.910926]],[[0.955718,-0.117291,-0.269901],[0.169446,0.969178,0.178833],[0.240606,-0.216648,0.946135]],[[0.955718,-0.117291,-0.269901],[0.137451,0.988868,0.0569836],[0.260212,-0.0915584,0.961201]]],1],[1532,[-0.228866,-0.909665,0.346598],153,67.0064,[-7.25094,95.3287,29.5031],[-4.12065,95.5037,27.4622],[264.117,-21.3014,-33.8676],false,[31.8762,171.585,98.6929],[19.1562,171.943,30.0952],[4.20403,131.168,9.18808],[-2.30409,105.3,19.0441],[-4.60757,92.027,32.1457],[[[0.941927,-0.28591,-0.176152],[0.282018,0.958243,-0.0472935],[0.182318,-0.00513111,0.983226]],[[0.950449,-0.285766,-0.122407],[0.0204022,0.450232,-0.892678],[0.310209,0.845948,0.433753]],[[0.950449,-0.285766,-0.122407],[-0.210395,-0.30141,-0.929993],[0.228866,0.909665,-0.346598]],[[0.950449,-0.285766,-0.122407],[-0.285693,-0.64764,-0.706359],[0.122578,0.706329,-0.69719]]],2],[1533,[-0.336518,-0.861106,0.381119],153,64.4285,[9.40524,96.449,35.7024],[14.3857,96.4372,34],[250.613,-10.145,20.6992],false,[43.4954,168.957,95.6903],[41.3727,167.86,33.0958],[27.3199,129.352,15.3215],[17.9977,105.498,25.8792],[13.0396,93.3952,39.2223],[[[0.934532,-0.354967,-0.0254725],[0.354262,0.934715,-0.0283907],[0.0338872,0.0175081,0.999272]],[[0.935026,-0.353568,0.0267452],[0.163707,0.363559,-0.917074],[0.314525,0.861867,0.397819]],[[0.935026,-0.353568,0.0267452],[-0.111721,-0.365357,-0.924139],[0.336518,0.861106,-0.381119]],[[0.935026,-0.353568,0.0267452],[-0.235173,-0.674839,-0.69949],[0.265366,0.647752,-0.714142]]],3],[1534,[-0.481785,-0.817553,0.315422],153,50.5107,[27.418,107.841,36.0496],[30.9157,108.165,34.3916],[244.626,-11.4916,18.2313],false,[54.2056,159.595,95.2366],[60.631,159.661,37.6085],[45.368,132.196,21.3908],[35.9448,116.206,27.56],[29.1876,105.154,38.9311],[[[0.860706,-0.500084,0.0953971],[0.496896,0.865976,0.0563887],[-0.110811,-0.00113162,0.993841]],[[0.866133,-0.498925,0.0297758],[0.251964,0.384406,-0.888114],[0.431657,0.776728,0.458658]],[[0.866133,-0.498925,0.0297758],[-0.133028,-0.287543,-0.948484],[0.481785,0.817553,-0.315422]],[[0.866133,-0.498925,0.0297758],[-0.310047,-0.583056,-0.750944],[0.392026,0.641185,-0.659695]]],4]],[[0,200,0],[235.247,235.247,147.751]]],[419010,83751584417,[[153,"right",[-0.124004,0.150344,-0.980826],[-0.162169,-0.978236,-0.129444],[26.9963,163.606,53.6855],[228.746,-7.59443,-30.2452],[21.8934,163.863,54.4039],0.818513,0,0.879768,[[0.62962,0.323036,-0.70656],[0.200264,0.811239,0.549351],[0.750649,-0.487381,0.446079]],63.72,[244.53,27.0301,226.54],[41.8553,158.623,106.099]]],[[1530,[-0.118295,-0.298989,-0.946896],153,52.1164,[-7.88302,125.815,26.5048],[-1.92495,125.734,24.5496],[242.109,11.3368,-59.1855],false,[12.6205,151.62,112.21],[12.6205,151.62,112.21],[-9.92614,145.063,68.1602],[-13.9595,134.869,35.8752],[0.946178,123.316,22.0156],[[[0.514774,0.846751,-0.134236],[-0.666927,0.493899,0.557918],[0.538717,-0.197676,0.818968]],[[0.375047,0.869504,-0.321406],[-0.809522,0.476135,0.343466],[0.451678,0.13137,0.882456]],[[0.375047,0.869504,-0.321406],[-0.919427,0.393152,-0.00927647],[0.118295,0.298989,0.946896]],[[0.375047,0.869504,-0.321406],[-0.673574,0.0174013,-0.738915],[-0.636897,0.493619,0.592202]]],0],[1531,[-0.233071,0.21523,-0.948343],153,58.8075,[-21.6701,194.616,-41.0405],[-18.4639,195.465,-41.3267],[307.943,-0.797959,-63.1663],false,[22.3601,171.203,103.071],[-0.26218,173.058,33.0905],[-9.13051,188.236,-6.11065],[-14.7639,193.438,-29.0325],[-19.0812,194.949,-45.4945],[[[0.944223,-0.115735,-0.308301],[0.117859,0.99296,-0.0117903],[0.307495,-0.0252035,0.951216]],[[0.957984,-0.116818,-0.261953],[0.199139,0.928188,0.314342],[0.206421,-0.3533,0.912452]],[[0.957984,-0.116818,-0.261953],[0.167164,0.969551,0.17896],[0.233071,-0.21523,0.948343]],[[0.957984,-0.116818,-0.261953],[0.135707,0.989213,0.0551501],[0.252685,-0.0883817,0.963504]]],1],[1532,[-0.229824,-0.908109,0.350027],153,67.0064,[-4.27378,95.1919,29.4669],[-1.59748,95.4897,27.7324],[268.541,-15.8463,-15.3683],false,[33.881,171.499,98.7353],[21.6344,172.038,30.0527],[6.8086,131.095,9.38545],[0.273235,105.271,19.339],[-2.10066,92.0188,32.4491],[[[0.943065,-0.285645,-0.170396],[0.282517,0.958304,-0.0428558],[0.175533,-0.00772393,0.984443]],[[0.951229,-0.285641,-0.1165],[0.0235174,0.443699,-0.895867],[0.307587,0.849435,0.428777]],[[0.951229,-0.285641,-0.1165],[-0.205776,-0.306181,-0.929467],[0.229824,0.908109,-0.350027]],[[0.951229,-0.285641,-0.1165],[-0.281434,-0.648904,-0.706908],[0.126325,0.705218,-0.697645]]],2],[1533,[-0.33833,-0.858754,0.384803],153,64.4285,[12.4411,96.3443,36.1057],[16.7668,96.4616,34.5165],[254.206,-6.63894,30.2294],false,[45.5201,168.876,95.806],[43.8289,167.942,33.1958],[29.8003,129.289,15.7199],[20.4279,105.5,26.3798],[15.3971,93.4251,39.7205],[[[0.934619,-0.355091,-0.0199509],[0.354625,0.934713,-0.0235165],[0.0269989,0.0149039,0.999524]],[[0.934754,-0.353829,0.0322332],[0.166281,0.355497,-0.919767],[0.313982,0.865116,0.391138]],[[0.934754,-0.353829,0.0322332],[-0.108474,-0.370602,-0.922436],[0.33833,0.858754,-0.384803]],[[0.934754,-0.353829,0.0322332],[-0.231809,-0.676111,-0.699384],[0.269256,0.64628,-0.714019]]],3],[1534,[-0.483995,-0.813054,0.323561],153,50.5107,[30.1255,107.785,36.5329],[33.2711,108.167,35.1161],[248.897,-7.44421,35.9626],false,[56.2315,159.513,95.4019],[63.0541,159.727,37.8199],[47.8175,132.055,21.935],[38.3511,116.152,28.2635],[31.5111,105.208,39.689],[[[0.859934,-0.500507,0.100029],[0.496658,0.865725,0.0620653],[-0.117662,-0.00369196,0.993047]],[[0.865476,-0.499368,0.0397881],[0.255476,0.371664,-0.892523],[0.430909,0.782623,0.449243]],[[0.865476,-0.499368,0.0397881],[-0.129226,-0.299292,-0.94537],[0.483995,0.813054,-0.323561]],[[0.865476,-0.499368,0.0397881],[-0.305745,-0.589473,-0.747691],[0.396827,0.634944,-0.662854]]],4]],[[0,200,0],[235.247,235.247,147.751]]],[419011,83751593747,[[153,"right",[-0.117576,0.151381,-0.981458],[-0.161515,-0.978069,-0.131509],[29.5816,163.53,53.5678],[242.43,-7.72354,-25.252],[24.9187,163.732,54.0749],0.808873,0,0.88251,[[0.634497,0.327878,-0.699935],[0.19705,0.807025,0.55667],[0.747385,-0.491128,0.447447]],63.72,[245.892,25.8862,226.882],[44.0975,158.491,106.072]]],[[1530,[-0.111755,-0.297259,-0.948234],153,52.1164,[-4.7607,125.955,25.9029],[0.659613,125.881,24.337],[250.625,14.1293,-49.3906],false,[14.8221,151.488,111.985],[14.8221,151.488,111.985],[-7.70091,145.193,67.8848],[-11.5113,135.058,35.5542],[3.51301,123.516,21.8136],[[[0.515806,0.846784,-0.130002],[-0.670453,0.493459,0.554068],[0.533327,-0.198631,0.822258]],[[0.378008,0.869763,-0.31721],[-0.808409,0.477084,0.34477],[0.451204,0.126109,0.883466]],[[0.378008,0.869763,-0.31721],[-0.919032,0.39389,-0.0151663],[0.111755,0.297259,0.948234]],[[0.378008,0.869763,-0.31721],[-0.667077,0.0182979,-0.744764],[-0.641964,0.49313,0.587116]]],0],[1531,[-0.226068,0.211242,-0.950931],153,58.8075,[-17.7209,194.445,-41.6928],[-15.1711,195.223,-41.792],[320.549,-9.13556,-59.4592],false,[24.6249,171.078,102.93],[2.45977,173.009,32.8054],[-6.10246,188.135,-6.48419],[-11.5666,193.241,-29.4686],[-15.7653,194.641,-45.9709],[[[0.94619,-0.115609,-0.302257],[0.118129,0.992948,-0.00999561],[0.301281,-0.0262477,0.953174]],[[0.96008,-0.116778,-0.254184],[0.196285,0.928661,0.31474],[0.199296,-0.352068,0.91451]],[[0.96008,-0.116778,-0.254184],[0.164742,0.970433,0.176409],[0.226068,-0.211242,0.950931]],[[0.96008,-0.116778,-0.254184],[0.133622,0.989771,0.0499813],[0.245747,-0.0819506,0.965864]]],1],[1532,[-0.231232,-0.906737,0.352646],153,67.0064,[-1.11377,95.0377,29.5276],[1.16899,95.3416,27.8818],[276.295,-15.6802,-6.81607],false,[36.1739,171.376,98.6698],[24.3755,171.988,29.9093],[9.66879,130.9,9.44656],[3.0934,105.115,19.4745],[0.642739,91.8805,32.5885],[[[0.9441,-0.285661,-0.164538],[0.282979,0.958291,-0.0400227],[0.169108,-0.00877554,0.985558]],[[0.951928,-0.285714,-0.110455],[0.0271381,0.437829,-0.898649],[0.305117,0.852452,0.424535]],[[0.951928,-0.285714,-0.110455],[-0.200909,-0.310153,-0.929215],[0.231232,0.906737,-0.352646]],[[0.951928,-0.285714,-0.110455],[-0.277175,-0.649895,-0.707679],[0.13041,0.704275,-0.697846]]],2],[1533,[-0.340275,-0.856514,0.388068],153,64.4285,[15.645,96.2367,36.5204],[19.417,96.3644,34.896],[262.598,-7.34103,31.6454],false,[47.8314,168.754,95.8137],[46.5482,167.885,33.1929],[32.5577,129.113,15.9524],[23.1314,105.386,26.7027],[18.029,93.3489,40.0509],[[[0.934659,-0.35526,-0.0142235],[0.354955,0.934664,-0.0202381],[0.020484,0.013867,0.999694]],[[0.934456,-0.354054,0.03793],[0.169534,0.3487,-0.921774],[0.313131,0.867787,0.385869]],[[0.934456,-0.354054,0.03793],[-0.10491,-0.375539,-0.92085],[0.340275,0.856514,-0.388068]],[[0.934456,-0.354054,0.03793],[-0.228508,-0.677952,-0.698688],[0.273088,0.644225,-0.71442]]],3],[1534,[-0.486322,-0.809711,0.328419],153,50.5107,[33.034,107.706,37.0439],[35.8996,108.046,35.5995],[257.876,-8.10932,39.485],false,[58.5433,159.389,95.4698],[65.7413,159.661,37.9337],[50.545,131.839,22.2736],[41.0331,116.002,28.6971],[34.1102,105.134,40.146],[[[0.859165,-0.500785,0.105117],[0.496413,0.865559,0.0661967],[-0.124135,-0.0046927,0.992254]],[[0.864827,-0.499711,0.048607],[0.259562,0.362131,-0.895259],[0.429768,0.786861,0.442887]],[[0.864827,-0.499711,0.048607],[-0.124757,-0.307665,-0.94328],[0.486322,0.809711,-0.328419]],[[0.864827,-0.499711,0.048607],[-0.301269,-0.593952,-0.745961],[0.401635,0.630484,-0.664213]]],4]],[[0,200,0],[235.247,235.247,147.751]]],[419012,83751602476,[[153,"right",[-0.110501,0.151766,-0.98222],[-0.159733,-0.978137,-0.133165],[31.9319,163.628,53.3864],[249.608,-2.66044,-24.0563],[27.7639,163.69,53.7956],0.80071,0,0.884989,[[0.639819,0.334185,-0.692063],[0.192512,0.802105,0.565302],[0.744023,-0.494922,0.448868]],63.72,[246.953,24.9457,227.187],[46.0666,158.575,105.993]]],[[1530,[-0.103898,-0.296634,-0.949323],153,52.1164,[-1.81972,126.145,25.4001],[3.11449,126.104,24.0399],[258.07,18.0746,-45.6835],false,[16.7545,151.545,111.688],[16.7545,151.545,111.688],[-5.64725,145.409,67.5036],[-9.1897,135.295,35.1359],[5.97622,123.773,21.5357],[[[0.516041,0.847275,-0.125805],[-0.674908,0.492632,0.549375],[0.527447,-0.198593,0.826051]],[[0.380007,0.870233,-0.31351],[-0.808824,0.477059,0.343829],[0.448774,0.122917,0.885152]],[[0.380007,0.870233,-0.31351],[-0.91913,0.393322,-0.0223077],[0.103898,0.296634,0.949323]],[[0.380007,0.870233,-0.31351],[-0.660052,0.0176674,-0.751012],[-0.648017,0.492323,0.581113]]],0],[1531,[-0.218437,0.206524,-0.953747],153,58.8075,[-14.0807,194.247,-42.3321],[-12.0638,195.056,-42.3674],[330.014,-12.9126,-61.2092],false,[26.6071,171.148,102.715],[4.95527,173.095,32.4302],[-3.28131,188.142,-6.95918],[-8.56103,193.133,-30.0116],[-12.6282,194.41,-46.5569],[[[0.948477,-0.114678,-0.295365],[0.117374,0.99305,-0.00864737],[0.294304,-0.0264664,0.955345]],[[0.962438,-0.115894,-0.245523],[0.192245,0.929466,0.314856],[0.191716,-0.35023,0.916834]],[[0.962438,-0.115894,-0.245523],[0.16124,0.971554,0.173451],[0.218437,-0.206524,0.953747]],[[0.962438,-0.115894,-0.245523],[0.130568,0.990449,0.0443],[0.238044,-0.0746935,0.968378]]],1],[1532,[-0.232085,-0.905399,0.355512],153,67.0064,[1.80292,94.9604,29.6125],[3.78653,95.323,27.9781],[282.389,-12.0189,-1.96512],false,[38.1868,171.457,98.5393],[26.8925,172.093,29.6945],[12.3627,130.829,9.45988],[5.76306,105.083,19.5694],[3.23573,91.8676,32.6884],[[[0.945519,-0.284798,-0.157748],[0.282468,0.958544,-0.0374814],[0.161883,-0.00911954,0.986768]],[[0.952976,-0.28487,-0.103371],[0.0310934,0.431221,-0.90171],[0.301446,0.856094,0.419801]],[[0.952976,-0.28487,-0.103371],[-0.194867,-0.314804,-0.928938],[0.232085,0.905399,-0.355512]],[[0.952976,-0.28487,-0.103371],[-0.271567,-0.651389,-0.70848],[0.13449,0.703237,-0.698119]]],2],[1533,[-0.341794,-0.854862,0.390369],153,64.4285,[18.6,96.2212,36.8287],[21.9228,96.436,35.1165],[269.056,-2.6963,28.4496],false,[49.8671,168.846,95.7676],[49.044,168.007,33.1386],[35.1572,129.127,16.057],[25.6888,105.446,26.871],[20.5157,93.4445,40.224],[[[0.935033,-0.35448,-0.0075405],[0.354316,0.934968,-0.0171809],[0.0131404,0.013393,0.999824]],[[0.934451,-0.353303,0.0444838],[0.173782,0.343427,-0.922962],[0.310808,0.870193,0.382313]],[[0.934451,-0.353303,0.0444838],[-0.0998909,-0.379985,-0.919583],[0.341794,0.854862,-0.390369]],[[0.934451,-0.353303,0.0444838],[-0.223924,-0.680145,-0.69804],[0.276875,0.642324,-0.714675]]],3],[1534,[-0.488353,-0.808084,0.32941],153,50.5107,[35.753,107.715,37.3858],[38.3786,108.112,35.826],[264.538,-3.1876,34.3474],false,[60.589,159.49,95.4976],[68.2085,159.797,38.016],[53.1203,131.866,22.4434],[43.5687,116.061,28.8863],[36.5585,105.233,40.3194],[[[0.858787,-0.500125,0.111172],[0.495194,0.865937,0.0702555],[-0.131405,-0.00528276,0.991315]],[[0.864633,-0.499109,0.0574476],[0.265192,0.356281,-0.895956],[0.426712,0.789907,0.440412]],[[0.864633,-0.499109,0.0574476],[-0.117989,-0.312874,-0.942438],[0.488353,0.808084,-0.32941]],[[0.864633,-0.499109,0.0574476],[-0.294968,-0.596871,-0.74615],[0.406699,0.6282,-0.663295]]],4]],[[0,200,0],[235.247,235.247,147.751]]],[419013,83751611538,[[153,"right",[-0.10259,0.151557,-0.98311],[-0.159736,-0.978009,-0.134102],[34.5369,163.577,53.0923],[260.064,-3.50002,-26.3767],[30.8376,163.639,53.4764],0.793798,0,0.722858,[[0.64521,0.337353,-0.685491],[0.189019,0.798855,0.571054],[0.740254,-0.49802,0.451663]],63.72,[248.12,24.0599,227.759],[48.251,158.525,105.81]]],[[1530,[-0.0965636,-0.29654,-0.950126],153,52.1164,[1.31398,126.33,24.8807],[5.74756,126.208,23.6457],[266.11,17.066,-45.5335],false,[18.8873,151.529,111.277],[18.8873,151.529,111.277],[-3.38616,145.553,67.0053],[-6.67856,135.442,34.6101],[8.6059,123.899,21.1615],[[[0.517933,0.846675,-0.122008],[-0.678685,0.493543,0.543877],[0.520703,-0.198887,0.830248]],[[0.383688,0.869719,-0.31044],[-0.808509,0.478807,0.342137],[0.446204,0.119719,0.886888]],[[0.383688,0.869719,-0.31044],[-0.9184,0.394529,-0.0297955],[0.0965636,0.29654,0.950126]],[[0.383688,0.869719,-0.31044],[-0.652892,0.0177397,-0.757243],[-0.653082,0.493228,0.574639]]],0],[1531,[-0.209865,0.202031,-0.95663],153,58.8075,[-10.1123,193.949,-43.1034],[-8.58829,194.77,-43.0913],[344.764,-18.7702,-66.2466],false,[28.8315,171.118,102.374],[7.73659,173.065,31.921],[-0.124601,188.03,-7.57624],[-5.19712,192.913,-30.6984],[-9.12057,194.074,-47.2868],[[[0.950651,-0.1158,-0.287841],[0.118513,0.99292,-0.0080446],[0.286735,-0.0264652,0.957644]],[[0.964597,-0.117047,-0.236332],[0.189926,0.930039,0.314571],[0.182978,-0.34832,0.919343]],[[0.964597,-0.117047,-0.236332],[0.159717,0.97236,0.170315],[0.209865,-0.202031,0.95663]],[[0.964597,-0.117047,-0.236332],[0.129694,0.990801,0.0386413],[0.229635,-0.0679241,0.970904]]],1],[1532,[-0.235229,-0.903865,0.357346],153,67.0064,[4.8702,94.8577,29.567],[6.53027,95.2088,27.8776],[287.68,-11.9201,-5.35063],false,[40.4441,171.414,98.2905],[29.6936,172.039,29.3586],[15.272,130.662,9.27805],[8.58296,104.959,19.4397],[5.94226,91.7673,32.5598],[[[0.946424,-0.285871,-0.150196],[0.283792,0.958226,-0.0355649],[0.154089,-0.00896501,0.988016]],[[0.95347,-0.285931,-0.0955922],[0.0370604,0.425822,-0.904048],[0.299201,0.85844,0.416605]],[[0.95347,-0.285931,-0.0955922],[-0.188579,-0.318232,-0.929067],[0.235229,0.903865,-0.357346]],[[0.95347,-0.285931,-0.0955922],[-0.266736,-0.652256,-0.709517],[0.140523,0.702001,-0.698174]]],2],[1533,[-0.345482,-0.853131,0.390909],153,64.4285,[21.7046,96.1802,36.9632],[24.5683,96.3639,35.1078],[275.204,-3.7606,18.2972],false,[52.143,168.789,95.6118],[51.8128,167.93,32.9786],[37.9844,128.994,15.9772],[28.4138,105.361,26.8062],[23.1301,93.3928,40.1456],[[[0.93468,-0.355491,-0.0000530984],[0.355452,0.934579,-0.0146909],[0.00527211,0.0137124,0.999892]],[[0.933689,-0.354296,0.0519581],[0.180095,0.339204,-0.923313],[0.309502,0.871444,0.380518]],[[0.933689,-0.354296,0.0519581],[-0.0941707,-0.382938,-0.918962],[0.345482,0.853131,-0.390909]],[[0.933689,-0.354296,0.0519581],[-0.219668,-0.681299,-0.698268],[0.282793,0.640551,-0.713948]]],3],[1534,[-0.492042,-0.804903,0.331701],153,50.5107,[38.6583,107.674,37.6589],[41.0068,108.008,36.0294],[271.202,-4.72476,30.018],false,[62.8566,159.422,95.4295],[70.9294,159.701,38.0096],[55.8929,131.67,22.5682],[46.2692,115.927,29.0559],[39.1492,105.17,40.4885],[[[0.857342,-0.501015,0.118102],[0.495562,0.865425,0.0738759],[-0.139221,-0.00481016,0.99025]],[[0.863357,-0.500108,0.0671365],[0.271621,0.34848,-0.897098],[0.42525,0.792751,0.436702]],[[0.863357,-0.500108,0.0671365],[-0.111848,-0.31941,-0.940993],[0.492042,0.804903,-0.331701]],[[0.863357,-0.500108,0.0671365],[-0.289807,-0.600367,-0.745367],[0.41307,0.624061,-0.663265]]],4]],[[0,200,0],[235.247,235.247,147.751]]],[419014,83751620603,[[153,"right",[-0.0971564,0.148167,-0.984178],[-0.157495,-0.978686,-0.131792],[37.2951,163.465,52.6843],[272.275,-5.9315,-31.5241],[34.0235,163.553,53.0856],0.784855,0,0.6313,[[0.652625,0.338782,-0.677722],[0.184634,0.796396,0.575902],[0.734841,-0.500979,0.457197]],63.72,[249.12,23.3438,228.94],[50.713,158.608,105.497]]],[[1530,[-0.0911701,-0.29915,-0.949841],153,52.1164,[4.50197,126.42,24.4055],[8.50261,126.133,23.3232],[274.922,11.1301,-43.3039],false,[21.3289,151.585,110.817],[21.3289,151.585,110.817],[-0.950938,145.618,66.5477],[-4.05944,135.418,34.1623],[11.3319,123.854,20.8542],[[[0.517357,0.847055,-0.121819],[-0.682544,0.494298,0.538334],[0.516213,-0.195364,0.833881]],[[0.384491,0.869278,-0.310682],[-0.808056,0.479652,0.342022],[0.446332,0.119544,0.886847]],[[0.384491,0.869278,-0.310682],[-0.918616,0.39353,-0.0357682],[0.0911701,0.29915,0.949841]],[[0.384491,0.869278,-0.310682],[-0.647815,0.0143155,-0.761663],[-0.657649,0.494117,0.568635]]],0],[1531,[-0.20384,0.19462,-0.959465],153,58.8075,[-6.25663,193.307,-43.9731],[-5.24503,194.055,-43.9134],[351.5,-35.8619,-72.7517],false,[31.2948,171.16,101.908],[10.6029,172.843,31.328],[2.99501,187.607,-8.29446],[-1.93187,192.311,-31.4851],[-5.75003,193.304,-48.1089],[[[0.952465,-0.115302,-0.281985],[0.117068,0.993067,-0.0106372],[0.281257,-0.0228799,0.95936]],[[0.96646,-0.116384,-0.228933],[0.186004,0.931866,0.311494],[0.177082,-0.343629,0.922259]],[[0.96646,-0.116384,-0.228933],[0.156221,0.97395,0.164369],[0.20384,-0.19462,0.959465]],[[0.96646,-0.116384,-0.228933],[0.126554,0.9915,0.030205],[0.223472,-0.0581644,0.972973]]],1],[1532,[-0.234883,-0.901275,0.364052],153,67.0064,[8.11918,94.6053,29.6648],[9.55505,94.8854,28.0376],[300.281,-18.0408,1.19715],false,[42.9303,171.46,97.8896],[32.5758,171.842,28.8953],[18.3147,130.223,9.20372],[11.6355,104.594,19.5561],[8.95423,91.4752,32.741],[[[0.947701,-0.284926,-0.143807],[0.282555,0.958534,-0.0370919],[0.148412,-0.00548134,0.98891]],[[0.954421,-0.284797,-0.0892819],[0.039259,0.416332,-0.908365],[0.295871,0.863457,0.408536]],[[0.954421,-0.284797,-0.0892819],[-0.184149,-0.326488,-0.927089],[0.234883,0.901275,-0.364052]],[[0.954421,-0.284797,-0.0892819],[-0.262151,-0.656909,-0.706928],[0.142681,0.698112,-0.701628]]],2],[1533,[-0.346006,-0.850485,0.396177],153,64.4285,[24.954,96.0476,37.1273],[27.4912,96.1545,35.3111],[288.199,-8.57922,18.319],false,[54.6483,168.844,95.2869],[54.6799,167.779,32.656],[40.9562,128.673,15.9624],[31.3711,105.113,26.9373],[26.0405,93.2172,40.3227],[[[0.935196,-0.35407,0.00649473],[0.354129,0.935064,-0.0157283],[-0.000504071,0.017009,0.999855]],[[0.933905,-0.352706,0.0584717],[0.182959,0.330974,-0.925733],[0.307159,0.875245,0.37363]],[[0.933905,-0.352706,0.0584717],[-0.0900048,-0.390223,-0.916311],[0.346006,0.850485,-0.396177]],[[0.933905,-0.352706,0.0584717],[-0.215456,-0.685744,-0.695222],[0.285306,0.636674,-0.716413]]],3],[1534,[-0.493152,-0.80257,0.335683],153,50.5107,[41.7504,107.556,37.8434],[43.8989,107.819,36.1726],[284.227,-8.3453,24.7443],false,[65.3769,159.493,95.1971],[73.7796,159.595,37.824],[58.849,131.407,22.5674],[49.2035,115.709,29.1329],[42.0205,105.025,40.5941],[[[0.857399,-0.499321,0.124682],[0.49383,0.866415,0.0738704],[-0.144912,-0.00176451,0.989443]],[[0.863443,-0.498642,0.076303],[0.275981,0.340336,-0.898891],[0.422256,0.7972,0.431477]],[[0.863443,-0.498642,0.076303],[-0.106147,-0.327472,-0.938879],[0.493152,0.80257,-0.335683]],[[0.863443,-0.498642,0.076303],[-0.284263,-0.605923,-0.743002],[0.416726,0.61985,-0.664925]]],4]],[[0,200,0],[235.247,235.247,147.751]]],[419015,83751629580,[[153,"right",[-0.0922111,0.144648,-0.985177],[-0.157706,-0.979026,-0.128984],[40.1315,163.438,52.2173],[284.243,-5.13501,-37.1398],[37.2706,163.492,52.624],0.777698,0,0.634043,[[0.661563,0.336892,-0.669953],[0.182565,0.794165,0.579631],[0.727327,-0.505773,0.463886]],63.72,[249.665,22.204,230.361],[53.2866,158.763,105.112]]],[[1530,[-0.0880815,-0.30169,-0.949329],153,52.1164,[7.62477,126.524,23.9515],[11.1907,126.203,22.9744],[279.925,11.2036,-42.7446],false,[23.8706,151.784,110.314],[23.8706,151.784,110.314],[1.53321,145.854,66.069],[-1.46998,135.568,33.7011],[13.9765,123.942,20.511],[[[0.518689,0.846159,-0.12238],[-0.684735,0.49685,0.533177],[0.511957,-0.192755,0.837106]],[[0.386989,0.867807,-0.311689],[-0.806223,0.48249,0.342356],[0.447486,0.118803,0.886365]],[[0.386989,0.867807,-0.311689],[-0.917868,0.394834,-0.040313],[0.0880815,0.30169,0.949329]],[[0.386989,0.867807,-0.311689],[-0.643921,0.0123883,-0.764992],[-0.660004,0.496746,0.563593]]],0],[1531,[-0.198063,0.187579,-0.962073],153,58.8075,[-2.45806,192.676,-44.8823],[-1.82822,193.5,-44.7595],[359.599,-43.3387,-78.3901],false,[33.8972,171.318,101.382],[13.5522,172.761,30.6965],[6.20267,187.331,-9.04591],[1.41542,191.865,-32.2996],[-2.30733,192.701,-48.9537],[[[0.953732,-0.117151,-0.276897],[0.117989,0.99292,-0.013693],[0.27654,-0.0196114,0.960802]],[[0.967811,-0.118071,-0.222265],[0.1846,0.933297,0.308026],[0.17107,-0.339141,0.92505]],[[0.967811,-0.118071,-0.222265],[0.155285,0.975127,0.158156],[0.198063,-0.187579,0.962073]],[[0.967811,-0.118071,-0.222265],[0.125964,0.991799,0.021628],[0.217888,-0.0489291,0.974746]]],1],[1532,[-0.236964,-0.898827,0.368726],153,67.0064,[11.3062,94.4282,29.6317],[12.4599,94.7368,27.9852],[306.486,-17.0359,-1.84471],false,[45.5524,171.593,97.4202],[35.5359,171.732,28.3751],[21.3268,129.974,8.94259],[14.5884,104.414,19.4278],[11.837,91.3614,32.6639],[[[0.948143,-0.286264,-0.138124],[0.283573,0.958149,-0.039211],[0.143568,-0.00199072,0.989638]],[[0.954598,-0.285941,-0.0835483],[0.0428983,0.409486,-0.911307],[0.294792,0.866348,0.40316]],[[0.954598,-0.285941,-0.0835483],[-0.180529,-0.332187,-0.925776],[0.236964,0.898827,-0.368726]],[[0.954598,-0.285941,-0.0835483],[-0.259433,-0.660133,-0.704924],[0.146414,0.694595,-0.704345]]],2],[1533,[-0.348247,-0.846998,0.401643],153,64.4285,[28.1661,95.9372,37.2658],[30.3159,96.0534,35.4577],[295.45,-8.73765,16.4971],false,[57.2808,168.958,94.8844],[57.6178,167.663,32.2587],[43.8919,128.427,15.876],[34.2447,104.964,27.0023],[28.8506,93.1551,40.4394],[[[0.934843,-0.354846,0.0123661],[0.355021,0.934696,-0.0174117],[-0.00538007,0.0206674,0.999772]],[[0.933307,-0.353298,0.0641835],[0.185908,0.3225,-0.928134],[0.307208,0.878165,0.366672]],[[0.933307,-0.353298,0.0641835],[-0.0875363,-0.397208,-0.913544],[0.348247,0.846998,-0.401643]],[[0.933307,-0.353298,0.0641835],[-0.213518,-0.689741,-0.691858],[0.288702,0.632011,-0.719175]]],3],[1534,[-0.498743,-0.796241,0.342425],153,50.5107,[44.8077,107.461,38.0533],[46.6701,107.717,36.3935],[290.59,-8.25782,24.2792],false,[68.0014,159.597,94.8813],[76.6848,159.482,37.5501],[61.8438,131.082,22.6026],[52.089,115.508,29.3],[44.743,104.992,40.8129],[[[0.856341,-0.499598,0.130701],[0.494222,0.866255,0.0731201],[-0.149751,0.00197987,0.988722]],[[0.861358,-0.49932,0.0935014],[0.28618,0.32488,-0.901418],[0.419719,0.803201,0.422733]],[[0.861358,-0.49932,0.0935014],[-0.0965302,-0.341584,-0.934881],[0.498743,0.796241,-0.342425]],[[0.861358,-0.49932,0.0935014],[-0.276463,-0.615173,-0.73833],[0.426182,0.610116,-0.667927]]],4]],[[0,200,0],[235.247,235.247,147.751]]],[419016,83751638630,[[153,"right",[-0.0820716,0.145201,-0.985992],[-0.155476,-0.979083,-0.131242],[42.5197,163.43,51.8349],[278.628,-3.9574,-38.5521],[40.27,163.457,52.1731],0.771726,0,0.644672,[[0.667787,0.340639,-0.661835],[0.175798,0.791813,0.584916],[0.723295,-0.506949,0.468878]],63.72,[250.417,21.8563,231.458],[55.1272,158.732,104.861]]],[[1530,[-0.0784009,-0.300618,-0.950517],153,52.1164,[10.6258,126.656,23.3615],[13.7267,126.327,22.3622],[279.194,12.4331,-50.3656],false,[25.6649,151.725,109.752],[25.6649,151.725,109.752],[3.59744,145.942,65.3518],[0.924315,135.692,32.9434],[16.5202,124.089,19.9102],[[[0.519177,0.846699,-0.116432],[-0.690698,0.495897,0.526329],[0.50338,-0.192838,0.842272]],[[0.389679,0.868355,-0.306774],[-0.80791,0.482224,0.338736],[0.442077,0.115847,0.889465]],[[0.389679,0.868355,-0.306774],[-0.917607,0.394448,-0.0490647],[0.0784009,0.300618,0.950517]],[[0.389679,0.868355,-0.306774],[-0.63567,0.0125768,-0.771859],[-0.666389,0.495784,0.556888]]],0],[1531,[-0.187315,0.183963,-0.96492],153,58.8075,[1.33504,192.336,-45.8138],[1.62633,193.282,-45.6201],[365.829,-38.4821,-82.8482],false,[35.7665,171.273,100.937],[16.1578,172.743,30.0442],[9.25844,187.261,-9.79806],[4.73095,191.707,-33.1206],[1.19419,192.446,-49.8198],[[[0.956669,-0.116124,-0.267019],[0.117235,0.993034,-0.0118327],[0.266533,-0.019984,0.963619]],[[0.970508,-0.117087,-0.210723],[0.17979,0.933865,0.309146],[0.16059,-0.337915,0.927375]],[[0.970508,-0.117087,-0.210723],[0.151745,0.975934,0.156606],[0.187315,-0.183963,0.96492]],[[0.970508,-0.117087,-0.210723],[0.123545,0.992181,0.0177026],[0.207002,-0.0432143,0.977386]]],1],[1532,[-0.239473,-0.898334,0.368305],153,67.0064,[14.3013,94.3321,29.2781],[15.1692,94.6671,27.5692],[304.101,-14.1378,-14.8536],false,[47.4621,171.561,97.0969],[38.1653,171.735,27.9513],[24.185,129.896,8.52644],[17.3753,104.351,18.9997],[14.5052,91.3035,32.2158],[[[0.949786,-0.285331,-0.12842],[0.283107,0.958426,-0.0356462],[0.133252,-0.00250029,0.991079]],[[0.955666,-0.285039,-0.0738635],[0.0507563,0.40656,-0.912213],[0.290046,0.868022,0.403003]],[[0.955666,-0.285039,-0.0738635],[-0.171335,-0.334288,-0.926766],[0.239473,0.898334,-0.368305]],[[0.955666,-0.285039,-0.0738635],[-0.251748,-0.660825,-0.70706],[0.152729,0.694308,-0.703285]]],2],[1533,[-0.351155,-0.84566,0.401932],153,64.4285,[31.1816,95.8888,37.2343],[32.8996,96.0347,35.3637],[292.423,-6.51298,7.98223],false,[59.2186,168.938,94.6819],[60.2092,167.684,32.0622],[46.6339,128.364,15.7555],[36.9062,104.937,26.8898],[31.3991,93.155,40.3041],[[[0.934981,-0.354022,0.0218804],[0.354345,0.935023,-0.0131185],[-0.0158145,0.0200187,0.999675]],[[0.932924,-0.35252,0.0733682],[0.193227,0.318198,-0.928123],[0.303837,0.880045,0.364971]],[[0.932924,-0.35252,0.0733682],[-0.0796446,-0.400736,-0.912725],[0.351155,0.84566,-0.401932]],[[0.932924,-0.35252,0.0733682],[-0.206828,-0.691424,-0.692211],[0.294747,0.630605,-0.717957]]],3],[1534,[-0.504138,-0.793969,0.339791],153,50.5107,[47.6753,107.437,38.0503],[49.2018,107.713,36.3278],[287.005,-5.49095,14.0453],false,[69.947,159.586,94.7845],[79.2273,159.516,37.5468],[64.6056,131.007,22.5895],[54.7452,115.478,29.2354],[47.2122,105.021,40.6815],[[[0.85538,-0.49892,0.1393],[0.492656,0.866647,0.0788152],[-0.160046,0.00120987,0.987109]],[[0.859722,-0.498739,0.110171],[0.299798,0.318111,-0.899403],[0.413521,0.806266,0.423008]],[[0.859722,-0.498739,0.110171],[-0.0819944,-0.347668,-0.934026],[0.504138,0.793969,-0.339791]],[[0.859722,-0.498739,0.110171],[-0.26435,-0.619047,-0.739527],[0.437032,0.606664,-0.66405]]],4]],[[0,200,0],[235.247,235.247,147.751]]],[419017,83751647730,[[153,"right",[-0.0734676,0.14275,-0.987028],[-0.153617,-0.979511,-0.130229],[45.1034,163.478,51.4051],[280.096,-1.38942,-40.9555],[43.212,163.47,51.7056],0.765324,0,0.65498,[[0.67662,0.342432,-0.651863],[0.169995,0.788723,0.590778],[0.716441,-0.510545,0.475454]],63.72,[250.685,21.0713,232.924],[57.2457,158.918,104.552]]],[[1530,[-0.0701518,-0.302354,-0.950611],153,52.1164,[13.6224,126.789,22.7687],[16.4169,126.426,21.8552],[283.12,12.6416,-52.5738],false,[27.7463,151.901,109.199],[27.7463,151.901,109.199],[5.8888,146.136,64.6933],[3.49693,135.827,32.2816],[19.2187,124.204,19.4185],[[[0.519584,0.846793,-0.113903],[-0.695669,0.496667,0.519005],[0.496062,-0.190429,0.847148]],[[0.392096,0.867898,-0.304982],[-0.80903,0.483132,0.334745],[0.437871,0.115487,0.891589]],[[0.392096,0.867898,-0.304982],[-0.917245,0.394126,-0.0576674],[0.0701518,0.302354,0.950611]],[[0.392096,0.867898,-0.304982],[-0.62848,0.0106283,-0.777753],[-0.671769,0.496629,0.549624]]],0],[1531,[-0.177714,0.17717,-0.968002],153,58.8075,[4.94923,191.869,-46.7468],[5.14983,192.816,-46.5474],[372.098,-42.5389,-87.9382],false,[37.9114,171.436,100.427],[18.9282,172.72,29.3601],[12.4339,187.062,-10.6136],[8.1385,191.344,-34.0106],[4.76711,191.927,-50.7501],[[[0.959071,-0.116072,-0.258282],[0.116631,0.993087,-0.0132109],[0.25803,-0.0174535,0.965979]],[[0.972798,-0.116909,-0.199992],[0.17554,0.935354,0.30708],[0.151163,-0.333833,0.930433]],[[0.972798,-0.116909,-0.199992],[0.148601,0.977212,0.151574],[0.177714,-0.17717,0.968002]],[[0.972798,-0.116909,-0.199992],[0.121359,0.992557,0.0100958],[0.197323,-0.0340919,0.979746]]],1],[1532,[-0.241537,-0.896585,0.371207],153,67.0064,[17.3277,94.2505,29.0265],[18.0204,94.5814,27.3841],[306.316,-12.4178,-17.0116],false,[49.6402,171.722,96.6892],[40.9542,171.723,27.464],[27.1604,129.738,8.21945],[20.2919,104.243,18.7753],[17.3223,91.242,32.0153],[[[0.951085,-0.284948,-0.119338],[0.282731,0.958543,-0.0354754],[0.1245,-6.23824e-7,0.99222]],[[0.956474,-0.284521,-0.0648517],[0.0571102,0.400441,-0.914541],[0.286175,0.871031,0.399261]],[[0.956474,-0.284521,-0.0648517],[-0.163761,-0.339386,-0.926283],[0.241537,0.896585,-0.371207]],[[0.956474,-0.284521,-0.0648517],[-0.245328,-0.663644,-0.706675],[0.158026,0.691826,-0.704559]]],2],[1533,[-0.353622,-0.843155,0.40502],153,64.4285,[34.1861,95.8757,37.2409],[35.6353,96.0242,35.4243],[294.506,-4.53758,6.52509],false,[61.4195,169.102,94.3843],[62.9637,167.697,31.7791],[49.5044,128.251,15.682],[39.7083,104.894,26.9018],[34.1069,93.1752,40.3327],[[[0.935002,-0.353285,0.0309917],[0.353784,0.935247,-0.012263],[-0.0246525,0.0224303,0.999444]],[[0.932517,-0.351676,0.0820729],[0.199161,0.311244,-0.929227],[0.301242,0.882866,0.36028]],[[0.932517,-0.351676,0.0820729],[-0.0732355,-0.406711,-0.910617],[0.353622,0.843155,-0.40502]],[[0.932517,-0.351676,0.0820729],[-0.201323,-0.69494,-0.69031],[0.299801,0.627202,-0.718844]]],3],[1534,[-0.508854,-0.790813,0.340122],153,50.5107,[50.5614,107.452,38.0361],[51.894,107.722,36.3511],[288.96,-3.00207,9.60196],false,[72.1533,159.759,94.6043],[81.9385,159.557,37.4511],[67.4973,130.909,22.5847],[57.5447,115.441,29.2371],[49.8512,105.074,40.6576],[[[0.85447,-0.497956,0.148056],[0.491327,0.867195,0.0810537],[-0.168754,0.00348572,0.985652]],[[0.858026,-0.497909,0.126005],[0.31143,0.309286,-0.898528],[0.408414,0.810203,0.42044]],[[0.858026,-0.497909,0.126005],[-0.0697037,-0.355952,-0.931901],[0.508854,0.790813,-0.340122]],[[0.858026,-0.497909,0.126005],[-0.254108,-0.624741,-0.738328],[0.446341,0.601486,-0.662567]]],4]],[[0,200,0],[235.247,235.247,147.751]]],[419018,83751656728,[[153,"right",[-0.0645882,0.14197,-0.987762],[-0.155126,-0.979224,-0.130599],[47.6171,163.43,50.9668],[279.896,-2.48727,-43.0852],[46.0176,163.444,51.2351],0.760607,0,0.662001,[[0.684174,0.340077,-0.645178],[0.167003,0.788073,0.592495],[0.709941,-0.513116,0.482385]],63.72,[250.973,20.3487,234.464],[59.2894,158.89,104.22]]],[[1530,[-0.0622795,-0.30275,-0.951033],153,52.1164,[16.4759,126.931,22.1474],[18.9654,126.544,21.2783],[283.276,13.3281,-56.3053],false,[29.7323,151.956,108.621],[29.7323,151.956,108.621],[8.10196,146.328,63.9864],[5.9785,136.006,31.5603],[21.7926,124.328,18.8607],[[[0.522821,0.845283,-0.110245],[-0.69877,0.499045,0.512518],[0.488241,-0.19092,0.85157]],[[0.397449,0.866546,-0.301881],[-0.808867,0.486194,0.330679],[0.433322,0.112754,0.894158]],[[0.397449,0.866546,-0.301881],[-0.915508,0.396789,-0.0663596],[0.0622795,0.30275,0.951033]],[[0.397449,0.866546,-0.301881],[-0.620845,0.011685,-0.783846],[-0.675711,0.498961,0.542635]]],0],[1531,[-0.167879,0.172204,-0.97065],153,58.8075,[8.48194,191.525,-47.6256],[8.67705,192.513,-47.4237],[377.576,-40.7803,-90.3997],false,[40.0251,171.455,99.917],[21.6576,172.719,28.6884],[15.5996,186.948,-11.3942],[11.5419,191.11,-34.8552],[8.33191,191.574,-51.6302],[[[0.960942,-0.1189,-0.249906],[0.119412,0.992757,-0.0131669],[0.249662,-0.0171892,0.968181]],[[0.974497,-0.119733,-0.189787],[0.174562,0.935937,0.305858],[0.141007,-0.331188,0.932969]],[[0.974497,-0.119733,-0.189787],[0.148901,0.977758,0.147711],[0.167879,-0.172204,0.97065]],[[0.974497,-0.119733,-0.189787],[0.122709,0.992435,0.00396541],[0.187876,-0.0271529,0.981817]]],1],[1532,[-0.246859,-0.894904,0.371762],153,67.0064,[20.0348,94.2119,28.6268],[20.5563,94.5419,27.0019],[299.224,-9.84375,-25.0433],false,[51.7864,171.707,96.2802],[43.6963,171.661,26.9829],[29.948,129.639,7.78944],[22.9283,104.191,18.361],[19.8125,91.2219,31.5984],[[[0.951307,-0.287616,-0.110873],[0.285604,0.957746,-0.0339676],[0.115958,0.000647787,0.993254]],[[0.956232,-0.287148,-0.0562606],[0.0652932,0.39682,-0.915571],[0.28523,0.871826,0.398201]],[[0.956232,-0.287148,-0.0562606],[-0.157099,-0.341602,-0.926622],[0.246859,0.894904,-0.371762]],[[0.956232,-0.287148,-0.0562606],[-0.2411,-0.664257,-0.707554],[0.165802,0.690151,-0.704416]]],2],[1533,[-0.359086,-0.840686,0.405345],153,64.4285,[36.8951,95.8416,37.084],[38.072,95.9732,35.2592],[287.795,-4.53178,-1.77975],false,[63.5779,169.052,94.0794],[65.657,167.581,31.4912],[52.1921,128.105,15.4723],[42.2447,104.816,26.7012],[36.5051,93.1456,40.1154],[[[0.933747,-0.355761,0.0393792],[0.356392,0.934282,-0.010122],[-0.0331903,0.0234859,0.999173]],[[0.930846,-0.354104,0.0902038],[0.206654,0.306549,-0.929151],[0.301364,0.883537,0.358527]],[[0.930846,-0.354104,0.0902038],[-0.0677013,-0.409705,-0.909702],[0.359086,0.840686,-0.405345]],[[0.930846,-0.354104,0.0902038],[-0.197883,-0.69601,-0.690227],[0.307195,0.624645,-0.717949]]],3],[1534,[-0.515842,-0.786764,0.338984],153,50.5107,[53.1974,107.404,37.9313],[54.3233,107.634,36.259],[283.26,-4.29263,2.91289],false,[74.2842,159.681,94.4008],[84.5603,159.396,37.3341],[70.1875,130.692,22.5083],[60.0983,115.304,29.1384],[52.2226,105.025,40.5145],[[[0.851822,-0.500099,0.155886],[0.492943,0.865954,0.0844407],[-0.177218,0.00491423,0.984159]],[[0.854609,-0.500113,0.139751],[0.323138,0.301524,-0.897031],[0.406478,0.81177,0.419291]],[[0.854609,-0.500113,0.139751],[-0.0595789,