{"metadata":{"formatVersion":2,"generatedBy":"LeapJS Playback 0.2.1","frames":180,"protocolVersion":6,"serviceVersion":"2.2.5+26752","frameRate":"1.1e+2","modified":"Wed Apr 22 2015 20:48:29 GMT-0300 (E. South America Standard Time)"},"frames":[["id","timestamp",{"hands":[["id","type","direction","palmNormal","palmPosition","palmVelocity","stabilizedPalmPosition","pinchStrength","grabStrength","confidence","armBasis","armWidth","elbow","wrist"]]},{"pointables":[["id","direction","handId","length","stabilizedTipPosition","tipPosition","tipVelocity","tool","carpPosition","mcpPosition","pipPosition","dipPosition","btipPosition","bases","type"]]},{"interactionBox":["center","size"]}],[421563,83775084595,[[154,"right",[-0.230242,0.117241,-0.966045],[-0.0871795,-0.991209,-0.0995173],[-5.73611,141.964,50.7486],[42.886,-9.10889,-35.9381],[-9.63797,140.606,54.4908],0.829256,0,0.782098,[[0.486567,0.332497,-0.807897],[0.168343,0.871732,0.460156],[0.857271,-0.359901,0.368183]],63.72,[245.925,42.2749,200.937],[14.4617,139.448,101.527]]],[[1540,[-0.145703,-0.335077,-0.930856],154,52.1164,[-35.1447,100.173,25.605],[-31.862,100.444,23.5183],[57.6931,-5.02474,-26.2752],false,[-13.3226,130.09,110.556],[-13.3226,130.09,110.556],[-37.3224,120.002,67.9645],[-42.2903,108.578,36.2264],[-28.3755,98.0222,20.6478],[[[0.42306,0.884773,-0.195443],[-0.65118,0.446866,0.613413],[0.630068,-0.132242,0.765197]],[[0.2698,0.891776,-0.36324],[-0.834296,0.404844,0.374235],[0.48079,0.202081,0.853232]],[[0.2698,0.891776,-0.36324],[-0.951829,0.30407,0.0395303],[0.145703,0.335077,0.930856]],[[0.2698,0.891776,-0.36324],[-0.757436,-0.0363746,-0.651895],[-0.594557,0.451013,0.66565]]],0],[1541,[-0.350214,0.202534,-0.914511],154,58.8075,[-67.732,168.166,-35.8784],[-63.6015,168.889,-39.2138],[56.0933,-10.6828,-41.4257],false,[-6.26451,150.231,100.241],[-35.5694,148.571,32.7807],[-49.8545,162.762,-5.17093],[-58.3194,167.658,-27.275],[-64.4846,169.111,-43.1431],[[[0.916803,-0.0407509,-0.397255],[0.0284056,0.998915,-0.0369142],[0.398328,0.0225588,0.916966]],[[0.930134,-0.0399396,-0.365042],[0.155857,0.943028,0.293949],[0.332505,-0.330307,0.883367]],[[0.930134,-0.0399396,-0.365042],[0.110459,0.97846,0.174396],[0.350214,-0.202534,0.914511]],[[0.930134,-0.0399396,-0.365042],[0.0681415,0.995576,0.0646989],[0.360843,-0.0850532,0.92874]]],1],[1542,[-0.119897,-0.922146,0.367792],154,67.0064,[-37.0693,75.3143,11.7357],[-30.7894,70.6544,27.9602],[56.3115,-20.3995,26.0234],false,[4.71663,151.422,94.7995],[-14.0606,149.375,27.637],[-27.0622,106.786,9.18668],[-30.4716,80.5638,19.6454],[-30.592,67.0999,32.7544],[[[0.943824,-0.207018,-0.257565],[0.191731,0.977897,-0.0834027],[0.269138,0.0293343,0.962655]],[[0.957749,-0.204987,-0.201735],[-0.099784,0.421028,-0.901542],[0.26974,0.883581,0.382784]],[[0.957749,-0.204987,-0.201735],[-0.261422,-0.328065,-0.907762],[0.119897,0.922146,-0.367792]],[[0.957749,-0.204987,-0.201735],[-0.287534,-0.666822,-0.687512],[0.00640922,0.71647,-0.697589]]],2],[1543,[-0.240988,-0.907436,0.344215],154,64.4285,[-17.1738,73.8791,20.9648],[-12.2343,72.9853,28.2911],[44.7096,-20.5315,45.69],false,[16.2065,149.748,90.786],[8.60681,147.279,28.6578],[-3.15923,107.956,11.0084],[-9.83508,82.818,20.5438],[-13.0821,69.4362,33.1723],[[[0.955986,-0.27357,-0.10607],[0.267155,0.961045,-0.0708616],[0.121323,0.0394056,0.991831]],[[0.961983,-0.270298,-0.0390792],[0.0723789,0.390294,-0.917841],[0.263343,0.880119,0.395021]],[[0.961983,-0.270298,-0.0390792],[-0.128502,-0.321711,-0.938077],[0.240988,0.907436,-0.344215]],[[0.961983,-0.270298,-0.0390792],[-0.210682,-0.643409,-0.73596],[0.173784,0.716215,-0.675896]]],3],[1544,[-0.437822,-0.849609,0.294069],154,50.5107,[0.781569,85.7145,24.8037],[3.75956,86.2903,28.5042],[36.2462,-14.5855,2.62441],false,[27.6114,141.336,89.4687],[28.8345,140.857,31.4984],[17.3054,111.331,15.8272],[8.74215,94.7135,21.5789],[1.86103,83.2823,32.4915],[[[0.906231,-0.422177,0.022613],[0.422256,0.906476,0.0014095],[-0.0210931,0.00827111,0.999743]],[[0.898945,-0.418947,0.127988],[0.29255,0.356681,-0.887239],[0.326055,0.835022,0.4432]],[[0.898945,-0.418947,0.127988],[-0.0144596,-0.320387,-0.947176],[0.437822,0.849609,-0.294069]],[[0.898945,-0.418947,0.127988],[-0.180355,-0.620215,-0.763417],[0.399211,0.663187,-0.633099]]],4]],[[0,200,0],[235.247,235.247,147.751]]],[421564,83775093452,[[154,"right",[-0.230402,0.118344,-0.965873],[-0.0884771,-0.991014,-0.100319],[-5.07852,141.833,50.536],[51.3803,-10.67,-32.703],[-9.60752,140.614,54.4644],0.819919,0,0.784818,[[0.491455,0.330043,-0.805943],[0.169477,0.871476,0.460225],[0.854254,-0.362768,0.372357]],63.72,[245.781,41.3006,201.843],[15.1323,139.248,101.306]]],[[1540,[-0.141985,-0.335461,-0.931293],154,52.1164,[-34.8007,100.189,25.4806],[-31.1841,100.375,23.3625],[63.539,-5.88258,-24.3487],false,[-12.661,129.917,110.336],[-12.661,129.917,110.336],[-36.7761,119.944,67.7827],[-41.6171,108.506,36.0297],[-27.6647,97.9492,20.4861],[[[0.424127,0.884395,-0.194838],[-0.650412,0.447184,0.613996],[0.630144,-0.133687,0.764883]],[[0.270889,0.891741,-0.362514],[-0.832608,0.406054,0.376676],[0.483098,0.199795,0.852466]],[[0.270889,0.891741,-0.362514],[-0.952082,0.303749,0.0357413],[0.141985,0.335461,0.931293]],[[0.270889,0.891741,-0.362514],[-0.755781,-0.036207,-0.653823],[-0.596166,0.451095,0.664153]]],0],[1541,[-0.34847,0.202521,-0.91518],154,58.8075,[-67.6777,168.172,-35.9167],[-62.8175,168.841,-39.4505],[65.4258,-10.1259,-37.8506],false,[-5.5805,150.059,100.036],[-34.9091,148.493,32.5833],[-49.1167,162.687,-5.39617],[-57.5394,167.582,-27.5164],[-63.676,169.034,-43.3957],[[[0.916623,-0.0415887,-0.397584],[0.0296694,0.998908,-0.036087],[0.39865,0.0212821,0.916856]],[[0.930734,-0.0407734,-0.363416],[0.156111,0.942966,0.294016],[0.3307,-0.330384,0.884016]],[[0.930734,-0.0407734,-0.363416],[0.110914,0.978429,0.174285],[0.34847,-0.202521,0.91518]],[[0.930734,-0.0407734,-0.363416],[0.0687819,0.995547,0.06446],[0.359169,-0.0849916,0.929394]]],1],[1542,[-0.117889,-0.919164,0.375818],154,67.0064,[-36.9472,75.223,12.0523],[-30.0842,70.3912,28.6082],[63.0615,-23.6072,41.384],false,[5.4004,151.24,94.5916],[-13.4009,149.274,27.4334],[-26.4183,106.397,9.67206],[-29.7706,80.2597,20.359],[-29.8671,66.8199,33.4929],[[[0.943476,-0.208007,-0.258041],[0.192953,0.977721,-0.0826456],[0.269483,0.0281842,0.962593]],[[0.957054,-0.206108,-0.20388],[-0.10541,0.407726,-0.907],[0.270067,0.889539,0.36849]],[[0.957054,-0.206108,-0.20388],[-0.264858,-0.335643,-0.903988],[0.117889,0.919164,-0.375818]],[[0.957054,-0.206108,-0.20388],[-0.289864,-0.667849,-0.685533],[0.00513308,0.71519,-0.698911]]],2],[1543,[-0.241062,-0.905622,0.348909],154,64.4285,[-17.1185,73.8636,21.0624],[-11.6793,72.7963,28.5806],[49.892,-19.7837,40.3717],false,[16.8868,149.554,90.5729],[9.2641,147.148,28.4451],[-2.59874,107.725,11.0833],[-9.27663,82.6379,20.7488],[-12.5145,69.2856,33.4108],[[[0.955602,-0.274701,-0.106606],[0.26836,0.960762,-0.0701428],[0.121691,0.0384198,0.991824]],[[0.961577,-0.27154,-0.0404512],[0.0698248,0.384393,-0.920525],[0.265509,0.882331,0.388583]],[[0.961577,-0.27154,-0.0404512],[-0.131376,-0.325751,-0.936283],[0.241062,0.905622,-0.348909]],[[0.961577,-0.27154,-0.0404512],[-0.212928,-0.644641,-0.734234],[0.173298,0.714636,-0.67769]]],3],[1544,[-0.439566,-0.84578,0.302386],154,50.5107,[0.829254,85.7148,24.8883],[4.22805,86.0978,28.8243],[40.6872,-16.2046,13.2699],false,[28.2806,141.129,89.245],[29.4845,140.697,31.2739],[17.827,111.018,15.9913],[9.22957,94.4758,21.9056],[2.32094,83.1168,32.8761],[[[0.905699,-0.423353,0.0219681],[0.423413,0.905934,0.00203271],[-0.0207622,0.00746058,0.999757]],[[0.898059,-0.420026,0.130649],[0.291198,0.345075,-0.892259],[0.329688,0.839346,0.432209]],[[0.898059,-0.420026,0.130649],[-0.0165095,-0.328989,-0.944189],[0.439566,0.84578,-0.302386]],[[0.898059,-0.420026,0.130649],[-0.181231,-0.62394,-0.760167],[0.400807,0.658997,-0.636457]]],4]],[[0,200,0],[235.247,235.247,147.751]]],[421565,83775102531,[[154,"right",[-0.227567,0.1229,-0.965976],[-0.0840164,-0.990782,-0.106264],[-4.4425,141.675,50.202],[56.546,-12.5255,-33.8333],[-9.56741,140.622,54.4313],0.817144,0,0.785291,[[0.496886,0.335128,-0.800496],[0.164317,0.869407,0.465973],[0.852118,-0.36307,0.376929]],63.72,[245.676,40.8552,202.797],[15.6041,138.884,101.026]]],[[1540,[-0.132648,-0.331916,-0.933936],154,52.1164,[-34.3443,100.2,25.3],[-30.1869,100.299,22.8241],[77.0333,-6.32809,-34.0396],false,[-12.1811,129.387,109.906],[-12.1811,129.387,109.906],[-36.2356,119.638,67.2672],[-40.7583,108.321,35.4241],[-26.5969,97.9163,19.9668],[[[0.421119,0.887237,-0.188331],[-0.654371,0.440982,0.614275],[0.628058,-0.135444,0.766288]],[[0.268705,0.894933,-0.356219],[-0.834018,0.401181,0.378771],[0.481884,0.195316,0.85419]],[[0.268705,0.894933,-0.356219],[-0.954045,0.298205,0.0295235],[0.132648,0.331916,0.933936]],[[0.268705,0.894933,-0.356219],[-0.749438,-0.0380765,-0.660979],[-0.605095,0.444572,0.660466]]],0],[1541,[-0.34443,0.204491,-0.91627],154,58.8075,[-67.6012,168.178,-35.9681],[-61.8597,168.868,-39.8997],[76.9585,-7.51647,-41.429],false,[-5.14892,149.616,99.746],[-34.2385,148.314,32.1842],[-48.3032,162.613,-5.80925],[-56.6282,167.555,-27.9559],[-62.6852,169.034,-43.8632],[[[0.91815,-0.0355317,-0.394637],[0.025646,0.999212,-0.0302982],[0.395402,0.0176975,0.918338]],[[0.9329,-0.034813,-0.35845],[0.150084,0.94235,0.299084],[0.327373,-0.332813,0.884343]],[[0.9329,-0.034813,-0.35845],[0.105198,0.978249,0.178779],[0.34443,-0.204491,0.91627]],[[0.9329,-0.034813,-0.35845],[0.0634354,0.995639,0.0683992],[0.354506,-0.086548,0.93104]]],1],[1542,[-0.114969,-0.921455,0.371083],154,67.0064,[-36.7753,75.1062,12.428],[-29.0444,70.1785,28.0316],[76.8083,-23.4683,9.77372],false,[5.84565,150.874,94.3464],[-12.7162,149.213,27.1134],[-25.486,106.32,9.214],[-28.7553,80.117,19.7663],[-28.8408,66.5901,32.8105],[[[0.945214,-0.202631,-0.255951],[0.189176,0.978966,-0.0764108],[0.266051,0.0238047,0.963665]],[[0.958506,-0.201,-0.20215],[-0.105249,0.409502,-0.906218],[0.264931,0.889892,0.371355]],[[0.958506,-0.201,-0.20215],[-0.26086,-0.332445,-0.906329],[0.114969,0.921455,-0.371083]],[[0.958506,-0.201,-0.20215],[-0.285035,-0.664416,-0.690873],[0.00455379,0.719826,-0.694139]]],2],[1543,[-0.237099,-0.905932,0.350814],154,64.4285,[-17.0395,73.8431,21.1795],[-10.6839,72.6438,28.5516],[66.5568,-18.5919,28.5623],false,[17.3528,149.259,90.3581],[9.95385,147.175,28.1915],[-1.74221,107.617,11.026],[-8.31032,82.5211,20.7443],[-11.5046,69.138,33.3848],[[[0.957095,-0.270138,-0.104857],[0.264608,0.962247,-0.0637436],[0.118118,0.0332626,0.992442]],[[0.962766,-0.267388,-0.0398063],[0.0674847,0.380305,-0.922396],[0.261776,0.885365,0.38419]],[[0.962766,-0.267388,-0.0398063],[-0.129865,-0.328314,-0.935599],[0.237099,0.905932,-0.350814]],[[0.962766,-0.267388,-0.0398063],[-0.209411,-0.644544,-0.73533],[0.170961,0.716287,-0.67654]]],3],[1544,[-0.438286,-0.846257,0.30291],154,50.5107,[0.899804,85.7144,24.9838],[5.0776,86.0513,28.6825],[55.4629,-12.822,5.39643],false,[28.7858,140.889,89.0216],[30.191,140.792,31.0535],[18.6738,111.007,15.8708],[10.1014,94.4556,21.7953],[3.17007,83.0759,32.7299],[[[0.907367,-0.419725,0.0226954],[0.419639,0.90765,0.00865536],[-0.0242323,0.00167028,0.999705]],[[0.898765,-0.416828,0.135925],[0.293476,0.341645,-0.892833],[0.325719,0.842338,0.429387]],[[0.898765,-0.416828,0.135925],[-0.0112336,-0.331819,-0.943276],[0.438286,0.846257,-0.30291]],[[0.898765,-0.416828,0.135925],[-0.174687,-0.624814,-0.760981],[0.402126,0.660199,-0.634375]]],4]],[[0,200,0],[235.247,235.247,147.751]]],[421566,83775111520,[[154,"right",[-0.226893,0.125246,-0.965833],[-0.0809753,-0.990689,-0.109447],[-3.48808,141.649,49.7735],[70.1595,-9.87107,-37.6309],[-9.51164,140.632,54.3886],0.816405,0,0.79033,[[0.503436,0.334566,-0.796629],[0.160824,0.869594,0.466843],[0.848933,-0.363142,0.383979]],63.72,[245.724,40.7105,204.285],[16.5122,138.759,100.61]]],[[1540,[-0.126627,-0.330546,-0.935256],154,52.1164,[-33.7314,100.212,25.0583],[-28.9916,100.302,22.3534],[93.0046,-4.45811,-39.0997],false,[-11.2544,129.153,109.431],[-11.2544,129.153,109.431],[-35.3411,119.522,66.7828],[-39.6585,108.251,34.8947],[-25.3463,97.9427,19.5123],[[[0.418698,0.88906,-0.185105],[-0.656329,0.437127,0.61494],[0.627633,-0.135984,0.766541]],[[0.266521,0.896839,-0.353053],[-0.834345,0.398066,0.38133],[0.48253,0.192936,0.854366]],[[0.266521,0.896839,-0.353053],[-0.955475,0.293972,0.0254665],[0.126627,0.330546,0.935256]],[[0.266521,0.896839,-0.353053],[-0.744975,-0.0407301,-0.665848],[-0.611538,0.440479,0.657267]]],0],[1541,[-0.342321,0.204363,-0.917089],154,58.8075,[-67.4943,168.185,-36.0363],[-60.7637,168.856,-40.3786],[89.6728,-6.9638,-45.073],false,[-4.27109,149.434,99.3411],[-33.2842,148.257,31.7442],[-47.2795,162.574,-6.26776],[-55.5535,167.514,-28.4342],[-61.5667,168.982,-44.3591],[[[0.918674,-0.0315891,-0.393752],[0.0227268,0.999373,-0.027151],[0.394363,0.0159942,0.918816]],[[0.934138,-0.0309034,-0.355572],[0.145838,0.942331,0.301238],[0.325757,-0.333254,0.884774]],[[0.934138,-0.0309034,-0.355572],[0.101007,0.978407,0.180324],[0.342321,-0.204363,0.917089]],[[0.934138,-0.0309034,-0.355572],[0.059362,0.995821,0.0694038],[0.351941,-0.0859402,0.932069]]],1],[1542,[-0.112522,-0.922897,0.36824],154,67.0064,[-36.5395,74.9653,12.8599],[-27.844,70.117,27.4487],[92.1522,-18.8392,-12.1151],false,[6.7255,150.741,93.9574],[-11.7592,149.235,26.6996],[-24.3823,106.339,8.70393],[-27.582,80.0949,19.1754],[-27.6416,66.5197,32.1696],[[[0.946082,-0.199041,-0.25556],[0.186365,0.979754,-0.0731496],[0.264946,0.0215781,0.964022]],[[0.95926,-0.197547,-0.201979],[-0.105999,0.411036,-0.905436],[0.261887,0.889958,0.37335]],[[0.95926,-0.197547,-0.201979],[-0.259151,-0.330511,-0.907526],[0.112522,0.922896,-0.36824]],[[0.95926,-0.197547,-0.201979],[-0.282507,-0.662664,-0.693589],[0.00317177,0.722393,-0.691475]]],2],[1543,[-0.23333,-0.905114,0.355423],154,64.4285,[-16.9227,73.8172,21.3255],[-9.4993,72.5951,28.5837],[84.7531,-14.185,21.5517],false,[18.2416,149.172,89.9765],[10.9156,147.261,27.7958],[-0.700704,107.562,10.903],[-7.1644,82.4888,20.7489],[-10.2954,69.1182,33.4184],[[[0.958001,-0.266984,-0.104664],[0.261833,0.963218,-0.0604531],[0.116955,0.0305095,0.992669]],[[0.963517,-0.264488,-0.0410067],[0.0635644,0.374955,-0.924861],[0.25999,0.888513,0.378087]],[[0.963517,-0.264488,-0.0410067],[-0.131121,-0.332888,-0.933806],[0.23333,0.905114,-0.355423]],[[0.963517,-0.264488,-0.0410067],[-0.208693,-0.646485,-0.733829],[0.167579,0.715614,-0.678096]]],3],[1544,[-0.437646,-0.844102,0.309771],154,50.5107,[1.00179,85.7146,25.0952],[6.09558,86.0699,28.7338],[71.3076,-8.38388,7.09265],false,[29.7008,140.84,88.6263],[31.1684,140.928,30.6598],[19.6908,110.96,15.8117],[11.131,94.4507,21.8705],[4.18435,83.1166,32.8427],[[[0.908578,-0.417115,0.0223665],[0.416947,0.908852,0.0119427],[-0.0253094,-0.00152524,0.999679]],[[0.899101,-0.414329,0.141239],[0.29369,0.331705,-0.896503],[0.324598,0.847528,0.41992]],[[0.899101,-0.414329,0.141239],[-0.00912662,-0.340328,-0.940262],[0.437646,0.844102,-0.309771]],[[0.899101,-0.414329,0.141239],[-0.170871,-0.629249,-0.758188],[0.403014,0.657554,-0.636555]]],4]],[[0,200,0],[235.247,235.247,147.751]]],[421567,83775120527,[[154,"right",[-0.225392,0.126135,-0.966068],[-0.0797433,-0.990645,-0.110739],[-2.47283,141.629,49.3036],[81.853,-7.77349,-41.6246],[-9.43222,140.643,54.3312],0.813726,0,0.793125,[[0.509195,0.333571,-0.793379],[0.159011,0.869504,0.467631],[0.845835,-0.364272,0.389705]],63.72,[245.82,40.3472,205.391],[17.4445,138.701,100.171]]],[[1540,[-0.121306,-0.330639,-0.935929],154,52.1164,[-32.9264,100.226,24.7438],[-27.8146,100.303,21.9054],[103.652,-3.12574,-41.9452],false,[-10.3267,129.055,108.933],[-10.3267,129.055,108.933],[-34.4395,119.499,66.2829],[-38.5755,108.225,34.3719],[-24.1286,97.9551,19.0899],[[[0.418071,0.889717,-0.183359],[-0.657829,0.435716,0.614339],[0.62648,-0.136218,0.767442]],[[0.266156,0.89753,-0.35157],[-0.83416,0.397232,0.382602],[0.483052,0.191434,0.854409]],[[0.266156,0.89753,-0.35157],[-0.956267,0.29175,0.0208741],[0.121306,0.330639,0.935929]],[[0.266156,0.89753,-0.35157],[-0.740344,-0.0432284,-0.670836],[-0.617293,0.43883,0.652976]]],0],[1541,[-0.339275,0.202886,-0.918548],154,58.8075,[-67.34,168.191,-36.1312],[-59.4984,168.769,-40.9904],[103.922,-8.97851,-51.7147],false,[-3.34785,149.355,98.8789],[-32.2454,148.226,31.2317],[-46.1217,162.507,-6.83752],[-54.3221,167.411,-29.0392],[-60.2789,168.846,-44.9884],[[[0.919371,-0.03016,-0.392234],[0.0217166,0.999427,-0.0259466],[0.392792,0.0153365,0.919499]],[[0.935517,-0.0294676,-0.352052],[0.143136,0.942675,0.301455],[0.322987,-0.332408,0.886106]],[[0.935517,-0.0294676,-0.352052],[0.0984936,0.978759,0.179805],[0.339275,-0.202886,0.918548]],[[0.935517,-0.0294676,-0.352052],[0.0570617,0.996034,0.0682609],[0.348644,-0.0839479,0.933488]]],1],[1542,[-0.111154,-0.922523,0.369589],154,67.0064,[-36.2209,74.7947,13.366],[-26.6668,70.0262,27.1781],[102.634,-16.0781,-17.8501],false,[7.65644,150.68,93.5154],[-10.713,149.233,26.2246],[-23.2536,106.253,8.37244],[-26.4144,80.0196,18.8822],[-26.4662,66.4394,31.8712],[[[0.946723,-0.197744,-0.254191],[0.185453,0.980034,-0.0716911],[0.263293,0.0207311,0.964493]],[[0.959624,-0.196326,-0.201439],[-0.106909,0.40783,-0.906777],[0.260177,0.891701,0.370374]],[[0.959624,-0.196326,-0.201439],[-0.258392,-0.332276,-0.907098],[0.111154,0.922523,-0.369589]],[[0.959624,-0.196326,-0.201439],[-0.281272,-0.662737,-0.694021],[0.00275338,0.722659,-0.691199]]],2],[1543,[-0.231389,-0.902899,0.362261],154,64.4285,[-16.752,73.7841,21.5129],[-8.36596,72.5377,28.7258],[96.3339,-11.0058,20.042],false,[19.1809,149.128,89.5521],[11.962,147.281,27.3569],[0.362123,107.434,10.8065],[-6.04782,82.4221,20.8418],[-9.14454,69.1075,33.5785],[[[0.958458,-0.265851,-0.103355],[0.260917,0.963564,-0.0588863],[0.115244,0.0294729,0.9929]],[[0.963786,-0.26349,-0.041116],[0.0609341,0.367684,-0.927952],[0.259623,0.891842,0.370424]],[[0.963786,-0.26349,-0.041116],[-0.132576,-0.339628,-0.931169],[0.231389,0.902899,-0.362261]],[[0.963786,-0.26349,-0.041116],[-0.208919,-0.650189,-0.730484],[0.165742,0.71262,-0.681691]]],3],[1544,[-0.438649,-0.841193,0.316198],154,50.5107,[1.14642,85.7146,25.2271],[7.09767,86.0437,28.7685],[82.3334,-6.2423,6.67793],false,[30.6512,140.809,88.2116],[32.2166,140.967,30.2477],[20.7444,110.848,15.7041],[12.1649,94.3955,21.8885],[5.17903,83.1262,32.9026],[[[0.90898,-0.416182,0.0234167],[0.415965,0.909277,0.0137083],[-0.0269974,-0.00272005,0.999632]],[[0.898631,-0.413313,0.147086],[0.295288,0.321896,-0.899549],[0.324448,0.851796,0.411312]],[[0.898631,-0.413313,0.147086],[-0.00696078,-0.348665,-0.937222],[0.438649,0.841193,-0.316198]],[[0.898631,-0.413313,0.147086],[-0.167937,-0.633823,-0.755027],[0.405289,0.65379,-0.638984]]],4]],[[0,200,0],[235.247,235.247,147.751]]],[421568,83775130046,[[154,"right",[-0.221558,0.130385,-0.966391],[-0.0778317,-0.990223,-0.115757],[-1.49529,141.547,48.9674],[87.8528,-8.00847,-39.8095],[-9.3139,140.656,54.2512],0.811146,0,0.799957,[[0.513379,0.335018,-0.790066],[0.155177,0.869232,0.46942],[0.844015,-0.363591,0.394259]],63.72,[246.099,40.237,206.353],[18.2147,138.407,99.9028]]],[[1540,[-0.113259,-0.327604,-0.938002],154,52.1164,[-31.841,100.242,24.3166],[-26.5688,100.319,21.3897],[112.053,-1.96342,-45.4093],false,[-9.57862,128.679,108.503],[-9.57862,128.679,108.503],[-33.5939,119.327,65.7532],[-37.4556,108.157,33.7715],[-22.821,97.9867,18.6019],[[[0.417526,0.891179,-0.177404],[-0.661015,0.43185,0.613649],[0.623483,-0.138948,0.769391]],[[0.26619,0.899559,-0.346319],[-0.835276,0.394583,0.382907],[0.481099,0.187346,0.856414]],[[0.26619,0.899559,-0.346319],[-0.957243,0.288911,0.0146783],[0.113259,0.327604,0.938002]],[[0.26619,0.899559,-0.346319],[-0.733571,-0.0440208,-0.678186],[-0.625313,0.434576,0.648172]]],0],[1541,[-0.333946,0.203642,-0.920332],154,58.8075,[-67.0984,168.2,-36.2714],[-58.0469,168.874,-41.5262],[118.095,-4.98156,-53.4757],false,[-2.58772,149.037,98.5747],[-31.2021,148.187,30.8031],[-44.8676,162.535,-7.31724],[-52.9392,167.457,-29.562],[-58.7987,168.892,-45.5471],[[[0.921037,-0.0269733,-0.38854],[0.020361,0.999569,-0.0211265],[0.388943,0.0115472,0.921189]],[[0.937813,-0.0264188,-0.346134],[0.139037,0.942216,0.30479],[0.318081,-0.333962,0.887296]],[[0.937813,-0.0264188,-0.346134],[0.0948014,0.978689,0.182155],[0.333946,-0.203642,0.920332]],[[0.937813,-0.0264188,-0.346134],[0.0537978,0.996114,0.0697307],[0.342947,-0.0840156,0.93559]]],1],[1542,[-0.110023,-0.923161,0.368332],154,67.0064,[-35.7755,74.5797,13.9783],[-25.4307,69.9378,26.801],[110.326,-13.7796,-24.8027],false,[8.43682,150.403,93.2633],[-9.65054,149.249,25.8905],[-22.0448,106.225,8.04093],[-25.1735,79.9735,18.515],[-25.2378,66.3531,31.4617],[[[0.94806,-0.19517,-0.25118],[0.184314,0.98063,-0.06628],[0.25925,0.0165414,0.965669]],[[0.960534,-0.19401,-0.199335],[-0.106081,0.406963,-0.907264],[0.25714,0.892604,0.370321]],[[0.960534,-0.19401,-0.199335],[-0.255478,-0.331864,-0.908073],[0.110023,0.923161,-0.368332]],[[0.960534,-0.19401,-0.199335],[-0.278141,-0.661079,-0.696859],[0.00342163,0.7248,-0.688951]]],2],[1543,[-0.228296,-0.898822,0.374164],154,64.4285,[-16.5,73.7414,21.7739],[-7.16301,72.5007,29.3302],[105.292,-7.95076,36.5361],false,[19.9799,148.886,89.3408],[13.0224,147.324,27.108],[1.448,107.24,11.1224],[-4.87626,82.3407,21.4875],[-7.91892,69.127,34.3417],[[[0.959267,-0.263973,-0.10062],[0.259748,0.964208,-0.0532391],[0.111072,0.0249347,0.993499]],[[0.964188,-0.262013,-0.041113],[0.056859,0.35562,-0.932899],[0.259053,0.897153,0.357782]],[[0.964188,-0.262013,-0.041113],[-0.134989,-0.351379,-0.926451],[0.228296,0.898823,-0.374164]],[[0.964188,-0.262013,-0.041113],[-0.209336,-0.656647,-0.724564],[0.162849,0.707222,-0.68798]]],3],[1544,[-0.440461,-0.839968,0.316935],154,50.5107,[1.36059,85.7155,25.3879],[8.15098,86.0492,28.662],[90.5633,-3.71302,1.28383],false,[31.4678,140.591,88.0087],[33.274,141.026,30.0532],[21.8923,110.832,15.5941],[13.2774,94.4031,21.793],[6.21797,83.1554,32.782],[[[0.909483,-0.414975,0.0252323],[0.414573,0.909802,0.0197429],[-0.0311492,-0.00749518,0.999487]],[[0.897772,-0.412446,0.15458],[0.300656,0.317361,-0.899382],[0.321888,0.853915,0.408922]],[[0.897772,-0.412446,0.15458],[-0.00087622,-0.352622,-0.935765],[0.440461,0.839968,-0.316935]],[[0.897772,-0.412446,0.15458],[-0.162079,-0.635671,-0.754753],[0.409557,0.652542,-0.637536]]],4]],[[0,200,0],[235.247,235.247,147.751]]],[421569,83775138604,[[154,"right",[-0.219176,0.132435,-0.966655],[-0.0785441,-0.989925,-0.117814],[-0.465183,141.542,48.5669],[96.4059,-6.08367,-41.6476],[-9.16833,140.671,54.1577],0.808632,0,0.809406,[[0.516822,0.332533,-0.788871],[0.154219,0.87024,0.467867],[0.842088,-0.363463,0.398476]],63.72,[246.487,40.1497,207.131],[19.1229,138.285,99.5421]]],[[1540,[-0.108972,-0.326699,-0.938825],154,52.1164,[-30.7042,100.267,23.8684],[-25.4676,100.392,20.9496],[116.343,0.58528,-46.8875],false,[-8.69999,128.569,108.059],[-8.69999,128.569,108.059],[-32.7165,119.349,65.2813],[-36.4319,108.21,33.2715],[-21.7001,98.057,18.1841],[[[0.418822,0.891096,-0.174743],[-0.662014,0.431346,0.612925],[0.62155,-0.141025,0.770576]],[[0.267656,0.899926,-0.34423],[-0.834794,0.394991,0.383537],[0.481122,0.184705,0.856975]],[[0.267656,0.899926,-0.34423],[-0.957332,0.288794,0.010624],[0.108972,0.326699,0.938825]],[[0.267656,0.899926,-0.34423],[-0.729473,-0.0441343,-0.682584],[-0.629467,0.433804,0.644659]]],0],[1541,[-0.329789,0.202848,-0.922004],154,58.8075,[-66.7934,168.21,-36.442],[-56.643,168.941,-42.0963],[130.39,-3.20509,-57.3627],false,[-1.66578,148.938,98.1856],[-30.123,148.245,30.3461],[-43.6127,162.586,-7.83926],[-51.5839,167.489,-30.1245],[-57.3715,168.903,-46.1377],[[[0.921912,-0.0271557,-0.386445],[0.0214018,0.999587,-0.019185],[0.386807,0.00941624,0.922113]],[[0.939369,-0.0266739,-0.341869],[0.137827,0.942263,0.305194],[0.31399,-0.333809,0.888809]],[[0.939369,-0.0266739,-0.341869],[0.0939408,0.978847,0.181752],[0.329789,-0.202848,0.922004]],[[0.939369,-0.0266739,-0.341869],[0.0532769,0.996216,0.0686629],[0.338744,-0.0827136,0.937236]]],1],[1542,[-0.110517,-0.922551,0.369711],154,67.0064,[-35.2786,74.3619,14.5886],[-24.3616,69.9264,26.5853],[114.08,-10.0859,-25.472],false,[9.37246,150.303,92.9025],[-8.55899,149.295,25.4858],[-20.9475,106.213,7.77142],[-24.0902,79.9792,18.2847],[-24.1765,66.3543,31.2266],[[[0.948449,-0.195639,-0.249341],[0.185441,0.98057,-0.0639925],[0.257015,0.0144556,0.966299]],[[0.960588,-0.194615,-0.198483],[-0.10588,0.404044,-0.908591],[0.257022,0.893797,0.367514]],[[0.960588,-0.194615,-0.198483],[-0.255062,-0.333204,-0.9077],[0.110517,0.922551,-0.369711]],[[0.960588,-0.194615,-0.198483],[-0.277938,-0.660639,-0.697357],[0.00459083,0.725039,-0.688692]]],2],[1543,[-0.228782,-0.896945,0.378349],154,64.4285,[-16.2007,73.6967,22.0527],[-6.14431,72.5056,29.3788],[109.14,-4.67322,26.5796],false,[20.9232,148.783,89.004],[14.1091,147.345,26.7523],[2.49481,107.194,10.9639],[-3.84291,82.3472,21.445],[-6.89475,69.1752,34.3398],[[[0.959237,-0.264738,-0.098886],[0.260828,0.964047,-0.0508071],[0.108781,0.0229438,0.993801]],[[0.963965,-0.262937,-0.0404452],[0.0565681,0.351149,-0.934609],[0.259946,0.898643,0.353369]],[[0.963965,-0.262937,-0.0404452],[-0.135759,-0.355462,-0.924779],[0.228782,0.896945,-0.378349]],[[0.963965,-0.262937,-0.0404452],[-0.209981,-0.658679,-0.72253],[0.16334,0.704987,-0.690155]]],3],[1544,[-0.443805,-0.835286,0.324554],154,50.5107,[1.60926,85.7178,25.5585],[9.05195,86.0631,28.8064],[94.2727,-1.53179,6.90765],false,[32.4059,140.478,87.6829],[34.3476,141.021,29.7328],[22.9088,110.698,15.592],[14.2285,94.3609,21.9399],[7.09714,83.2188,32.99],[[[0.909009,-0.415928,0.0265635],[0.415428,0.909349,0.0224319],[-0.0334855,-0.00935564,0.999395]],[[0.896123,-0.41337,0.161518],[0.303826,0.306124,-0.902207],[0.323501,0.857562,0.399917]],[[0.896123,-0.41337,0.161518],[0.000752714,-0.362523,-0.931975],[0.443805,0.835286,-0.324554]],[[0.896123,-0.41337,0.161518],[-0.160594,-0.641307,-0.75029],[0.41373,0.646413,-0.641075]]],4]],[[0,200,0],[235.247,235.247,147.751]]],[421570,83775147631,[[154,"right",[-0.217297,0.134109,-0.966849],[-0.0795981,-0.989653,-0.119382],[0.622904,141.503,48.2061],[103.049,-5.58953,-41.1845],[-8.95822,140.689,54.03],0.805221,0,0.809421,[[0.520086,0.32942,-0.788031],[0.153769,0.871442,0.465773],[0.840158,-0.363417,0.40257]],63.72,[246.959,40.0248,207.905],[20.1166,138.147,99.2111]]],[[1540,[-0.103693,-0.326959,-0.939333],154,52.1164,[-29.3015,100.293,23.3561],[-24.2695,100.409,20.6516],[121.627,0.395885,-42.6271],false,[-7.73364,128.455,107.665],[-7.73364,128.455,107.665],[-31.8031,119.347,64.8927],[-35.3386,108.199,32.8656],[-20.4378,98.0588,17.9371],[[[0.420267,0.890811,-0.172716],[-0.662547,0.431307,0.612377],[0.620006,-0.14293,0.771469]],[[0.268913,0.900034,-0.342965],[-0.833777,0.395794,0.38492],[0.482184,0.182446,0.856861]],[[0.268913,0.900034,-0.342965],[-0.957567,0.288162,0.00540356],[0.103693,0.326959,0.939333]],[[0.268913,0.900034,-0.342965],[-0.722712,-0.0468302,-0.689561],[-0.636689,0.433297,0.637872]]],0],[1541,[-0.326105,0.201006,-0.923717],154,58.8075,[-66.3506,168.22,-36.6801],[-55.2182,168.912,-42.6173],[137.949,-5.11715,-57.8907],false,[-0.656005,148.829,97.8333],[-28.9941,148.271,29.9427],[-42.3256,162.574,-8.31251],[-50.2077,167.432,-30.6391],[-55.932,168.801,-46.679],[[[0.922559,-0.0277766,-0.384855],[0.0227106,0.999585,-0.0177034],[0.385187,0.00759218,0.922807]],[[0.940726,-0.0273606,-0.338063],[0.136911,0.942558,0.304696],[0.310308,-0.33292,0.890435]],[[0.940726,-0.0273606,-0.338063],[0.0932261,0.979208,0.180169],[0.326105,-0.201006,0.923717]],[[0.940726,-0.0273606,-0.338063],[0.0527655,0.996411,0.066187],[0.335039,-0.0801019,0.938793]]],1],[1542,[-0.110187,-0.920821,0.374095],154,67.0064,[-34.6275,74.0998,15.3198],[-23.2295,69.8522,26.6698],[117.375,-9.18316,-15.256],false,[10.3933,150.188,92.5717],[-7.42018,149.3,25.1219],[-19.8159,106.087,7.73532],[-22.9492,79.9021,18.3732],[-23.0396,66.2975,31.3366],[[[0.948638,-0.196491,-0.247947],[0.186804,0.980423,-0.0622485],[0.255324,0.0127337,0.966772]],[[0.960371,-0.195591,-0.198572],[-0.107471,0.397488,-0.911292],[0.257171,0.89652,0.360715]],[[0.960371,-0.195591,-0.198572],[-0.256019,-0.33739,-0.905882],[0.110187,0.920821,-0.374095]],[[0.960371,-0.195591,-0.198572],[-0.278682,-0.66154,-0.696205],[0.00480841,0.723954,-0.689832]]],2],[1543,[-0.229868,-0.895923,0.380108],154,64.4285,[-15.7868,73.6409,22.3948],[-5.10448,72.4826,29.2556],[110.936,-3.37956,13.5482],false,[21.9489,148.658,88.6914],[15.2431,147.319,26.4257],[3.58414,107.151,10.7156],[-2.78365,82.3318,21.2453],[-5.85519,69.1801,34.1561],[[[0.959072,-0.265821,-0.0975735],[0.262147,0.963786,-0.0489538],[0.107053,0.0213717,0.994024]],[[0.963664,-0.264136,-0.0398054],[0.0570883,0.349229,-0.935297],[0.260946,0.899039,0.351618]],[[0.963664,-0.264136,-0.0398054],[-0.136063,-0.357146,-0.924085],[0.229868,0.895924,-0.380108]],[[0.963664,-0.264136,-0.0398054],[-0.210539,-0.659354,-0.721752],[0.164394,0.703906,-0.691007]]],3],[1544,[-0.446981,-0.83113,0.330804],154,50.5107,[1.94315,85.7206,25.7654],[10.0004,86.0369,28.9188],[97.2974,-0.970177,8.49963],false,[33.4234,140.341,87.3786],[35.4682,140.965,29.4328],[23.9702,110.549,15.5431],[15.2278,94.2927,22.0133],[8.03268,83.2452,33.1169],[[[0.90843,-0.417127,0.0275686],[0.416547,0.908784,0.0244792],[-0.0352648,-0.010754,0.99932]],[[0.894542,-0.414524,0.167228],[0.306683,0.297012,-0.904284],[0.325178,0.860206,0.392817]],[[0.894542,-0.414524,0.167228],[0.00186205,-0.370666,-0.928764],[0.446981,0.83113,-0.330804]],[[0.894542,-0.414524,0.167228],[-0.159847,-0.646052,-0.746369],[0.417425,0.640927,-0.644181]]],4]],[[0,200,0],[235.247,235.247,147.751]]],[421571,83775156640,[[154,"right",[-0.214297,0.136547,-0.967177],[-0.0762189,-0.989499,-0.122811],[2.01619,141.583,47.7123],[117.231,-1.60464,-44.9298],[-8.66302,140.713,53.8601],0.803257,0,0.816018,[[0.523999,0.333613,-0.783663],[0.149785,0.869661,0.470377],[0.838445,-0.363858,0.405731]],63.72,[247.721,39.8813,208.322],[21.3405,138.123,98.7747]]],[[1540,[-0.0976206,-0.324821,-0.940724],154,52.1164,[-27.5988,100.348,22.7325],[-22.6324,100.532,20.049],[137.435,4.33632,-49.1164],false,[-6.51026,128.32,107.1],[-6.51026,128.32,107.1],[-30.5207,119.332,64.2689],[-33.8491,108.257,32.1944],[-18.7866,98.2139,17.3626],[[[0.418207,0.892606,-0.168398],[-0.665982,0.427375,0.611407],[0.617715,-0.143545,0.77319]],[[0.267403,0.901919,-0.339171],[-0.834945,0.392582,0.385676],[0.481001,0.180058,0.858031]],[[0.267403,0.901919,-0.339171],[-0.958627,0.284663,0.00118763],[0.0976206,0.324821,0.940724]],[[0.267403,0.901919,-0.339171],[-0.717131,-0.0488265,-0.695226],[-0.643598,0.429136,0.633738]]],0],[1541,[-0.322084,0.200287,-0.925282],154,58.8075,[-65.7376,168.233,-36.9984],[-53.4742,168.963,-43.3002],[153.158,-3.28749,-62.9892],false,[0.540948,148.747,97.3577],[-27.5565,148.321,29.3662],[-40.7413,162.621,-8.94077],[-48.5262,167.462,-31.3052],[-54.1728,168.81,-47.3744],[[[0.923985,-0.0237998,-0.381687],[0.0197842,0.9997,-0.0144423],[0.381916,0.00579308,0.924179]],[[0.942571,-0.0234669,-0.333181],[0.131827,0.942684,0.306542],[0.306891,-0.33286,0.89164]],[[0.942571,-0.0234669,-0.333181],[0.0884456,0.979456,0.181227],[0.322084,-0.200287,0.925282]],[[0.942571,-0.0234669,-0.333181],[0.0483414,0.99661,0.0665639],[0.33049,-0.0788477,0.94051]]],1],[1542,[-0.108549,-0.92219,0.371192],154,67.0064,[-33.7903,73.8074,16.096],[-21.5271,69.8783,26.0236],[136.663,-5.80482,-32.5806],false,[11.6046,150.156,92.1394],[-5.96897,149.429,24.6249],[-18.1679,106.194,7.15522],[-21.2547,79.9706,17.7106],[-21.3513,66.3135,30.6184],[[[0.950087,-0.192872,-0.245226],[0.18409,0.981169,-0.0584694],[0.251885,0.0104073,0.967701]],[[0.961593,-0.1921,-0.196052],[-0.106231,0.398136,-0.911155],[0.253088,0.896987,0.362437]],[[0.961593,-0.1921,-0.196052],[-0.252103,-0.335654,-0.907623],[0.108549,0.92219,-0.371192]],[[0.961593,-0.1921,-0.196052],[-0.274431,-0.659491,-0.699828],[0.00514299,0.726753,-0.68688]]],2],[1543,[-0.226332,-0.893682,0.387436],154,64.4285,[-15.2068,73.5798,22.8163],[-3.40881,72.5929,29.3819],[132.431,1.71268,15.2683],false,[23.1783,148.673,88.2951],[16.6954,147.513,26.0022],[5.15032,107.179,10.6348],[-1.11952,82.4221,21.3675],[-4.13919,69.3304,34.3513],[[[0.960199,-0.26265,-0.0950379],[0.259435,0.964713,-0.0449623],[0.103494,0.0185166,0.994458]],[[0.964495,-0.261196,-0.0390533],[0.0545831,0.341827,-0.938176],[0.258398,0.902735,0.343948]],[[0.964495,-0.261196,-0.0390533],[-0.136098,-0.364841,-0.921069],[0.226332,0.893682,-0.387436]],[[0.964495,-0.261196,-0.0390533],[-0.208874,-0.663931,-0.71803],[0.161618,0.700694,-0.694916]]],3],[1544,[-0.447025,-0.829915,0.333779],154,50.5107,[2.40636,85.7336,25.9964],[11.5348,86.2091,28.7529],[117.342,5.2682,0.953029],false,[34.6821,140.394,86.9963],[36.9287,141.209,29.0603],[25.5289,110.695,15.3044],[16.7856,94.4629,21.8327],[9.55912,83.4486,32.949],[[[0.90957,-0.414506,0.0294428],[0.41374,0.909938,0.028839],[-0.038745,-0.0140495,0.99915]],[[0.894501,-0.412206,0.173073],[0.309719,0.292192,-0.904819],[0.322401,0.862966,0.389034]],[[0.894501,-0.412206,0.173073],[0.00605039,-0.375934,-0.926627],[0.447025,0.829915,-0.333779]],[[0.894501,-0.412206,0.173073],[-0.155244,-0.649437,-0.7444],[0.419246,0.638998,-0.644914]]],4]],[[0,200,0],[235.247,235.247,147.751]]],[421572,83775165680,[[154,"right",[-0.213798,0.138392,-0.967025],[-0.0729756,-0.989411,-0.125462],[3.68292,141.685,47.2337],[135.736,1.95754,-47.1376],[-8.23295,140.747,53.6292],0.80176,0,0.819856,[[0.529963,0.33747,-0.77798],[0.147304,0.866827,0.476354],[0.835129,-0.367049,0.409676]],63.72,[248.454,39.0497,208.918],[22.9689,138.153,98.3057]]],[[1540,[-0.0943766,-0.322923,-0.941708],154,52.1164,[-25.5329,100.446,22.0141],[-20.8211,100.675,19.5356],[153.463,8.07504,-51.3097],false,[-4.85869,128.241,106.578],[-4.85869,128.241,106.578],[-28.9337,119.36,63.7611],[-32.1516,108.35,31.6531],[-16.9974,98.3963,16.8543],[[[0.415547,0.894357,-0.165666],[-0.667915,0.423675,0.611873],[0.617422,-0.143611,0.773412]],[[0.265006,0.903651,-0.336432],[-0.834963,0.389569,0.388681],[0.482296,0.177905,0.857753]],[[0.265006,0.903651,-0.336432],[-0.959617,0.281309,-0.000292946],[0.0943766,0.322923,0.941708]],[[0.265006,0.903651,-0.336432],[-0.714493,-0.0502727,-0.697834],[-0.647512,0.425308,0.63233]]],0],[1541,[-0.320418,0.199337,-0.926065],154,58.8075,[-64.9017,168.248,-37.4107],[-51.6945,168.99,-43.8369],[165.219,-2.42332,-62.1806],false,[2.13734,148.715,96.8962],[-25.8932,148.378,28.8766],[-39.0299,162.661,-9.45323],[-46.7746,167.479,-31.8366],[-52.3841,168.803,-47.9207],[[[0.924422,-0.0198885,-0.380852],[0.0166408,0.999792,-0.0118188],[0.381008,0.00458791,0.92456]],[[0.943537,-0.0196136,-0.330685],[0.12744,0.942912,0.307696],[0.305772,-0.332465,0.892172]],[[0.943537,-0.0196136,-0.330685],[0.0840814,0.979735,0.181798],[0.320418,-0.199337,0.926065]],[[0.943537,-0.0196136,-0.330685],[0.0440791,0.996802,0.0666476],[0.328321,-0.0774608,0.941385]]],1],[1542,[-0.106031,-0.923538,0.368558],154,67.0064,[-32.697,73.4815,16.923],[-19.6096,69.9467,25.3731],[157.323,-2.14012,-44.3307],false,[13.2015,150.172,91.6923],[-4.30479,149.567,24.1591],[-16.3481,106.331,6.58276],[-19.3632,80.0691,17.0632],[-19.4318,66.372,29.9288],[[[0.950926,-0.189233,-0.244806],[0.181047,0.981894,-0.0557348],[0.250921,0.00867832,0.967969]],[[0.962385,-0.188553,-0.19561],[-0.106705,0.399809,-0.910366],[0.249859,0.896995,0.364651]],[[0.962385,-0.188553,-0.19561],[-0.250146,-0.333954,-0.908792],[0.106031,0.923538,-0.368558]],[[0.962385,-0.188553,-0.19561],[-0.271665,-0.658164,-0.702152],[0.00364958,0.728881,-0.684631]]],2],[1543,[-0.221205,-0.890207,0.398246],154,64.4285,[-14.3768,73.5152,23.3596],[-1.46262,72.7293,29.7588],[155.77,6.42823,24.3279],false,[24.7835,148.736,87.8553],[18.3642,147.718,25.5534],[6.89492,107.178,10.6787],[0.767112,82.5178,21.7109],[-2.15377,69.5228,34.8139],[[[0.961115,-0.25937,-0.0947909],[0.25643,0.965641,-0.0421976],[0.102479,0.0162495,0.994602]],[[0.965253,-0.25811,-0.0408118],[0.0488998,0.331828,-0.942072],[0.256701,0.907342,0.33292]],[[0.965253,-0.25811,-0.0408118],[-0.139122,-0.375381,-0.91637],[0.221205,0.890207,-0.398246]],[[0.965253,-0.25811,-0.0408118],[-0.209397,-0.670549,-0.7117],[0.156331,0.695516,-0.701297]]],3],[1544,[-0.446652,-0.825743,0.344456],154,50.5107,[3.05974,85.7641,26.2849],[13.2433,86.4212,28.9254],[136.762,11.1795,8.2137],false,[36.3146,140.497,86.5461],[38.6144,141.47,28.6147],[27.2213,110.774,15.2643],[18.4854,94.6235,22.0014],[11.2563,83.7143,33.2191],[[[0.910846,-0.411709,0.0292447],[0.410836,0.911161,0.0316104],[-0.0396609,-0.0167774,0.999072]],[[0.894687,-0.409592,0.17824],[0.309381,0.280373,-0.908666],[0.322209,0.868116,0.377566]],[[0.894687,-0.409592,0.17824],[0.00609421,-0.387792,-0.921727],[0.446652,0.825743,-0.344456]],[[0.894687,-0.409592,0.17824],[-0.153752,-0.657013,-0.738034],[0.419399,0.632905,-0.650797]]],4]],[[0,200,0],[235.247,235.247,147.751]]],[421573,83775174792,[[154,"right",[-0.213331,0.139707,-0.966939],[-0.0686987,-0.989418,-0.127798],[5.55777,141.779,46.7898],[155.165,4.2594,-47.5774],[-7.59576,140.794,53.3132],0.797944,0,0.780739,[[0.538722,0.342271,-0.769825],[0.144404,0.862719,0.484626],[0.830016,-0.372245,0.41534]],63.72,[248.908,37.7043,210.016],[24.8033,138.21,97.8745]]],[[1540,[-0.0913458,-0.321242,-0.942581],154,52.1164,[-23.0587,100.584,21.231],[-18.8091,100.798,19.0875],[169.711,10.3648,-50.8895],false,[-2.99153,128.163,106.094],[-2.99153,128.163,106.094],[-27.1736,119.375,63.3183],[-30.2881,108.422,31.1804],[-15.0451,98.568,16.4062],[[[0.411979,0.896464,-0.163173],[-0.670343,0.419478,0.61211],[0.617182,-0.142795,0.773754]],[[0.261687,0.905528,-0.333974],[-0.834768,0.386037,0.392603],[0.484439,0.176052,0.856927]],[[0.261687,0.905528,-0.333974],[-0.96082,0.277168,-0.00134879],[0.0913458,0.321242,0.942581]],[[0.261687,0.905528,-0.333974],[-0.71226,-0.0523232,-0.699962],[-0.65131,0.421048,0.63128]]],0],[1541,[-0.318922,0.197834,-0.926904],154,58.8075,[-63.7645,168.26,-37.939],[-49.7283,168.926,-44.3506],[179.262,-4.37498,-60.6955],false,[3.92919,148.689,96.4664],[-24.0263,148.389,28.4158],[-37.1274,162.639,-9.93885],[-44.8358,167.421,-32.3425],[-50.4092,168.708,-48.4421],[[[0.924908,-0.0151511,-0.37989],[0.0124692,0.999877,-0.00951967],[0.379987,0.0040679,0.924983]],[[0.944505,-0.014903,-0.328158],[0.122147,0.943275,0.308726],[0.304943,-0.331677,0.892749]],[[0.944505,-0.014903,-0.328158],[0.0787345,0.980122,0.182102],[0.318922,-0.197834,0.926904]],[[0.944505,-0.014903,-0.328158],[0.038774,0.997045,0.0663193],[0.3262,-0.0753629,0.942292]]],1],[1542,[-0.102233,-0.924415,0.36743],154,67.0064,[-31.2266,73.1055,17.8309],[-17.3849,69.9398,24.9321],[181.325,-1.68964,-46.4747],false,[14.9927,150.204,91.2779],[-2.43795,149.679,23.7245],[-14.2675,106.377,6.16765],[-17.1747,80.09,16.616],[-17.2001,66.3596,29.4463],[[[0.951974,-0.184693,-0.244202],[0.176996,0.982767,-0.0532974],[0.249838,0.00751493,0.968259]],[[0.963358,-0.18408,-0.195082],[-0.108208,0.398777,-0.910641],[0.245425,0.898383,0.364246]],[[0.963358,-0.18408,-0.195082],[-0.247973,-0.334022,-0.909362],[0.102233,0.924415,-0.36743]],[[0.963358,-0.18408,-0.195082],[-0.268217,-0.657471,-0.704125],[0.00135472,0.730648,-0.682753]]],2],[1543,[-0.216579,-0.889607,0.40211],154,64.4285,[-13.169,73.4453,24.0265],[0.740321,72.8347,29.7185],[179.911,8.59495,14.5681],false,[26.5848,148.825,87.4503],[20.2371,147.922,25.1393],[8.92116,107.274,10.4433],[2.92148,82.6306,21.5826],[0.0756235,69.6575,34.7239],[[[0.962294,-0.255131,-0.094336],[0.252432,0.966799,-0.0397152],[0.101337,0.0144043,0.994748]],[[0.966311,-0.254009,-0.0414936],[0.0457987,0.328346,-0.943447],[0.253268,0.909763,0.328918]],[[0.966311,-0.254009,-0.0414936],[-0.139053,-0.379577,-0.91465],[0.216579,0.889607,-0.40211]],[[0.966311,-0.254009,-0.0414936],[-0.207467,-0.67333,-0.709636],[0.152315,0.694338,-0.703345]]],3],[1544,[-0.445008,-0.822518,0.354164],154,50.5107,[4.00095,85.8195,26.6489],[15.2283,86.6286,29.113],[159.061,15.3293,12.7574],false,[38.1517,140.637,86.1348],[40.5099,141.752,28.2083],[29.1524,110.885,15.