{"metadata":{"formatVersion":2,"generatedBy":"LeapJS Playback 0.2.1","frames":128,"protocolVersion":6,"serviceVersion":"2.2.5+26752","frameRate":"1.1e+2","modified":"Wed Apr 22 2015 20:48:50 GMT-0300 (E. South America Standard Time)"},"frames":[["id","timestamp",{"hands":[["id","type","direction","palmNormal","palmPosition","palmVelocity","stabilizedPalmPosition","pinchStrength","grabStrength","confidence","armBasis","armWidth","elbow","wrist"]]},{"pointables":[["id","direction","handId","length","stabilizedTipPosition","tipPosition","tipVelocity","tool","carpPosition","mcpPosition","pipPosition","dipPosition","btipPosition","bases","type"]]},{"interactionBox":["center","size"]}],[424308,83800400991,[[158,"right",[-0.141764,0.246744,-0.958655],[-0.142172,-0.963471,-0.226959],[14.4863,136.239,45.2704],[135.304,-27.4283,-42.3904],[7.50666,136.8,48.553],0.738911,0,0.807289,[[0.538598,0.225555,-0.811811],[0.161012,0.918193,0.361936],[0.827036,-0.325649,0.458219]],59.4148,[237.372,44.9719,208.594],[29.16,126.956,93.2342]]],[[1580,[-0.212533,-0.153914,-0.964956],158,48.5952,[-34.8124,111.04,16.1507],[-30.991,109.325,10.3142],[233.213,-35.4095,-90.4106],false,[2.13995,119.234,98.5707],[2.13995,119.234,98.5707],[-19.9232,117.895,57.6091],[-26.68,113.001,26.9312],[-28.1668,108.336,5.6653],[[[0.493703,0.868005,-0.0531444],[-0.6695,0.418377,0.613784],[0.555002,-0.267447,0.787683]],[[0.360609,0.905457,-0.223849],[-0.803286,0.42346,0.418823],[0.474018,0.0287831,0.880045]],[[0.360609,0.905457,-0.223849],[-0.90818,0.395547,0.136937],[0.212533,0.153914,0.964956]],[[0.360609,0.905457,-0.223849],[-0.930225,0.366665,-0.015402],[0.0681317,0.213784,0.974502]]],0],[1581,[-0.346921,0.137793,-0.927717],158,54.8342,[-44.8407,164.538,-36.6837],[-37.4157,163.303,-42.9673],[172.332,-36.5679,-73.2529],false,[10.6849,138.48,91.8527],[-11.4011,146.363,27.3866],[-24.324,158.955,-8.37944],[-32.1427,162.06,-29.2877],[-37.8567,161.792,-44.1566],[[[0.941928,-0.0612122,-0.330189],[0.0954685,0.991487,0.0885352],[0.321959,-0.114916,0.939754]],[[0.932232,-0.0578662,-0.357205],[0.163947,0.947546,0.274369],[0.322591,-0.314338,0.89282]],[[0.932232,-0.0578662,-0.357205],[0.102904,0.988769,0.10838],[0.346921,-0.137793,0.927717]],[[0.932232,-0.0578662,-0.357205],[0.0479989,0.998183,-0.0364356],[0.358664,0.016821,0.933315]]],1],[1582,[-0.232778,-0.963614,0.131389],158,62.4792,[-17.2573,98.2338,-17.9795],[-11.1813,83.0638,-0.216128],[157.079,-58.8615,16.8048],false,[21.3578,139.421,87.7268],[8.98825,146.191,24.2192],[-3.18658,118.926,-9.37174],[-9.35872,93.3755,-5.88796],[-11.0606,80.2889,5.63924],[[[0.946597,-0.244297,-0.210412],[0.260384,0.964101,0.0520488],[0.190143,-0.104057,0.976226]],[[0.957353,-0.250819,-0.143405],[0.100467,0.754372,-0.648713],[0.27089,0.60664,0.7474]],[[0.957353,-0.250819,-0.143405],[-0.171142,-0.0924037,-0.980904],[0.232778,0.963614,-0.131389]],[[0.957353,-0.250819,-0.143405],[-0.272106,-0.615874,-0.739363],[0.097127,0.746853,-0.657858]]],2],[1583,[-0.328525,-0.924578,0.192943],158,60.0754,[7.77172,96.9724,-17.9443],[8.56864,81.075,8.02072],[135.545,-58.8383,80.142],false,[32.2211,137.525,84.6253],[29.8042,142.585,26.4872],[19.9922,114.648,-2.81987],[11.5063,90.766,2.16391],[7.23545,78.8331,14.1171],[[[0.94192,-0.328925,-0.0677797],[0.333277,0.940375,0.0679762],[0.0413793,-0.0866176,0.995382]],[[0.942481,-0.334245,0.00307098],[0.23719,0.662283,-0.71072],[0.235521,0.670568,0.703469]],[[0.942481,-0.334245,0.00307098],[-0.0616509,-0.182854,-0.981205],[0.328525,0.924578,-0.192943]],[[0.942481,-0.334245,0.00307098],[-0.227226,-0.647401,-0.727489],[0.245148,0.684947,-0.686112]]],3],[1584,[-0.541473,-0.83436,0.103204],158,47.098,[24.7832,97.7195,0.381041],[27.4586,90.226,12.0213],[108.845,-42.9751,52.7939],false,[42.3946,129.119,83.2326],[47.9586,134.952,29.7694],[42.7546,113.089,5.64538],[32.8796,97.8724,7.52754],[23.989,88.5205,17.1096],[[[0.872277,-0.487565,0.0375868],[0.47806,0.866396,0.144277],[-0.10291,-0.107881,0.988823]],[[0.821647,-0.499188,0.275151],[0.547707,0.557763,-0.623633],[0.157841,0.663108,0.731693]],[[0.821647,-0.499188,0.275151],[0.178057,-0.233784,-0.955846],[0.541473,0.83436,-0.103204]],[[0.821647,-0.499188,0.275151],[-0.13751,-0.642061,-0.754221],[0.553162,0.581867,-0.59619]]],4]],[[0,200,0],[235.247,235.247,147.751]]],[424309,83800410062,[[158,"right",[-0.133555,0.250327,-0.958905],[-0.145048,-0.962091,-0.230957],[15.9968,135.884,44.8133],[143.934,-30.6786,-44.5997],[8.30587,136.714,48.201],0.749383,0,0.821082,[[0.540094,0.218304,-0.812799],[0.161289,0.921023,0.354545],[0.826005,-0.322583,0.462228]],59.4148,[238.227,45.1729,209.224],[30.274,126.386,92.8546]]],[[1580,[-0.197598,-0.152432,-0.968359],158,48.5952,[-30.9745,110.284,13.4957],[-28.6279,109.114,9.3751],[240.449,-31.955,-91.847],false,[3.17934,118.776,97.9692],[3.17934,118.776,97.9692],[-18.6157,117.751,56.8552],[-24.8977,112.905,26.0692],[-25.6434,108.095,4.79648],[[[0.498172,0.865811,-0.0468554],[-0.672006,0.419679,0.610146],[0.547935,-0.27247,0.790903]],[[0.367433,0.904302,-0.217325],[-0.803572,0.426324,0.415354],[0.468257,0.022022,0.883318]],[[0.367433,0.904302,-0.217325],[-0.908817,0.39875,0.12268],[0.197598,0.152432,0.968359]],[[0.367433,0.904302,-0.217325],[-0.929422,0.365605,-0.0500741],[0.0341732,0.220386,0.974814]]],0],[1581,[-0.342212,0.135855,-0.92975],158,54.8342,[-43.4445,164.135,-37.3351],[-35.3301,163.06,-43.7383],[187.175,-35.8806,-76.6151],false,[11.8641,138,91.3732],[-9.7105,146.184,26.7716],[-22.4338,158.713,-9.0883],[-30.1464,161.775,-30.0424],[-35.7902,161.476,-44.9374],[[[0.944027,-0.0646748,-0.323465],[0.0994952,0.99075,0.0922812],[0.314504,-0.119299,0.94173]],[[0.933788,-0.0609325,-0.352602],[0.164819,0.94788,0.272686],[0.317609,-0.312746,0.895162]],[[0.933788,-0.0609325,-0.352602],[0.104555,0.988853,0.106008],[0.342212,-0.135855,0.92975]],[[0.933788,-0.0609325,-0.352602],[0.0503696,0.997966,-0.0390642],[0.354265,0.0187172,0.934958]]],1],[1582,[-0.235705,-0.96174,0.139642],158,62.4792,[-16.4709,96.7467,-15.9508],[-9.61124,82.5598,-0.133317],[161.215,-57.087,13.8257],false,[22.5714,138.904,87.3286],[10.7005,145.925,23.7532],[-1.48653,118.352,-9.58097],[-7.73629,92.8517,-5.87834],[-9.51851,79.8276,5.70737],[[[0.946953,-0.248143,-0.20422],[0.264543,0.962693,0.0569203],[0.182477,-0.107926,0.977269]],[[0.956946,-0.254736,-0.139156],[0.103563,0.747487,-0.656154],[0.271163,0.613493,0.741685]],[[0.956946,-0.254736,-0.139156],[-0.169403,-0.10083,-0.980375],[0.235706,0.96174,-0.139642]],[[0.956946,-0.254736,-0.139156],[-0.271863,-0.618576,-0.737194],[0.101711,0.743286,-0.661197]]],2],[1583,[-0.33291,-0.920958,0.202502],158,60.0754,[7.84202,96.3638,-16.8088],[9.94024,80.5652,8.37386],[140.306,-56.6512,66.3066],false,[33.4481,136.966,84.3009],[31.4821,142.213,26.1626],[21.5496,114.014,-2.85072],[12.9504,90.2255,2.37998],[8.60383,78.3946,14.407],[[[0.94083,-0.333181,-0.0618869],[0.337204,0.938573,0.0733084],[0.0336604,-0.0898392,0.995387]],[[0.940909,-0.338588,0.00697572],[0.24052,0.653601,-0.717605],[0.238413,0.676878,0.696416]],[[0.940909,-0.338588,0.00697572],[-0.0621405,-0.192858,-0.979257],[0.33291,0.920958,-0.202502]],[[0.940909,-0.338588,0.00697572],[-0.229008,-0.651299,-0.72344],[0.249492,0.679094,-0.690352]]],3],[1584,[-0.550378,-0.826842,0.115827],158,47.098,[24.8788,97.418,0.979485],[28.5746,89.7193,12.442],[113.336,-45.4371,50.3564],false,[43.5917,128.516,82.957],[49.5756,134.485,29.5542],[44.1329,112.334,5.74773],[34.0955,97.2544,7.8601],[25.0995,88.094,17.5283],[[[0.869667,-0.491809,0.0424781],[0.481073,0.863676,0.150441],[-0.110675,-0.110398,0.987706]],[[0.816376,-0.503881,0.282195],[0.553424,0.542888,-0.63166],[0.165081,0.671845,0.722061]],[[0.816376,-0.503881,0.282195],[0.174968,-0.249872,-0.952339],[0.550378,0.826842,-0.115827]],[[0.816376,-0.503881,0.282195],[-0.142272,-0.649043,-0.74733],[0.559722,0.569954,-0.601551]]],4]],[[0,200,0],[235.247,235.247,147.751]]],[424310,83800419135,[[158,"right",[-0.123585,0.2544,-0.95917],[-0.145548,-0.960774,-0.236072],[17.5019,135.669,44.5308],[150.004,-28.7442,-40.8788],[9.2792,136.603,47.8125],0.75542,0,0.82872,[[0.540516,0.21583,-0.813179],[0.159492,0.922723,0.350919],[0.826078,-0.319373,0.464324]],59.4443,[239.369,45.4956,209.649],[31.2947,125.94,92.6942]]],[[1580,[-0.181505,-0.149932,-0.971893],158,48.6193,[-27.5459,109.781,11.4736],[-26.268,109.042,8.51519],[244.378,-25.055,-90.8747],false,[4.11694,118.385,97.5202],[4.11694,118.385,97.5202],[-17.321,117.67,56.1864],[-23.0943,112.901,25.2727],[-23.1814,108.014,3.99359],[[[0.501061,0.864546,-0.0386954],[-0.676665,0.419262,0.605263],[0.539502,-0.27709,0.795084]],[[0.373035,0.903945,-0.209116],[-0.805553,0.427374,0.41041],[0.460358,0.0153569,0.8876]],[[0.373035,0.903945,-0.209116],[-0.909891,0.400505,0.10814],[0.181505,0.149932,0.971893]],[[0.373035,0.903945,-0.209116],[-0.927809,0.364402,-0.0798858],[0.00398993,0.22382,0.974622]]],0],[1581,[-0.335754,0.133224,-0.932481],158,54.8614,[-41.7552,163.703,-38.0836],[-33.1077,162.872,-44.4351],[201.228,-33.5768,-78.1954],false,[12.924,137.619,91.0796],[-8.01339,146.118,26.2731],[-20.4939,158.548,-9.72825],[-28.0646,161.552,-30.7543],[-33.6076,161.218,-45.6949],[[[0.946917,-0.0661489,-0.3146],[0.101417,0.990096,0.0970758],[0.305063,-0.123829,0.944247]],[[0.936204,-0.0619778,-0.34595],[0.162963,0.948669,0.271053],[0.311392,-0.310138,0.898248]],[[0.936204,-0.0619778,-0.34595],[0.103882,0.989146,0.103916],[0.335754,-0.133224,0.932481]],[[0.936204,-0.0619778,-0.34595],[0.050847,0.997858,-0.0411674],[0.34776,0.0209506,0.93735]]],1],[1582,[-0.236763,-0.960088,0.148911],158,62.5102,[-15.4033,95.067,-13.6936],[-7.84485,82.1672,0.134039],[169.638,-53.345,17.5886],false,[23.6776,138.508,87.1399],[12.4352,145.811,23.4492],[0.336433,117.872,-9.64143],[-5.94448,92.403,-5.69107],[-7.79511,79.4484,5.97472],[[[0.94817,-0.250082,-0.196045],[0.266718,0.9617,0.0631986],[0.172731,-0.112212,0.978556]],[[0.957256,-0.256729,-0.133236],[0.106144,0.740295,-0.66385],[0.269064,0.621332,0.735902]],[[0.957256,-0.256729,-0.133236],[-0.166148,-0.111001,-0.979833],[0.236763,0.960088,-0.148911]],[[0.957256,-0.256729,-0.133236],[-0.269292,-0.622928,-0.734467],[0.105563,0.738952,-0.665437]]],2],[1583,[-0.336853,-0.91947,0.202746],158,60.1052,[8.01319,95.5763,-15.3668],[11.5411,80.323,8.39498],[150.348,-47.9625,44.6703],false,[34.5829,136.549,84.2083],[33.1921,142.029,26.0456],[23.3526,113.75,-2.95162],[14.6473,89.988,2.28797],[10.1782,78.1683,14.2937],[[[0.940432,-0.33565,-0.054108],[0.339149,0.937308,0.0801926],[0.0237992,-0.0937663,0.99531]],[[0.939865,-0.341262,0.0138881],[0.246834,0.650572,-0.718212],[0.236064,0.678451,0.695686]],[[0.939865,-0.341262,0.0138881],[-0.0564199,-0.195232,-0.979133],[0.336853,0.91947,-0.202746]],[[0.939865,-0.341262,0.0138881],[-0.225638,-0.650925,-0.724834],[0.256399,0.678112,-0.688784]]],3],[1584,[-0.557586,-0.821018,0.122588],158,47.1214,[25.0584,97.0494,1.70297],[29.9056,89.4379,12.8746],[123.415,-41.0915,47.7647],false,[44.72,128.071,82.9288],[51.239,134.231,29.5833],[45.7281,111.859,5.9779],[35.5541,96.878,8.21468],[26.4288,87.8562,17.9053],[[[0.867814,-0.494472,0.0489506],[0.482053,0.861701,0.158417],[-0.120513,-0.11388,0.986158]],[[0.81101,-0.507274,0.291439],[0.560671,0.531673,-0.634801],[0.167068,0.678231,0.715606]],[[0.81101,-0.507274,0.291439],[0.177091,-0.261922,-0.948702],[0.557586,0.821018,-0.122588]],[[0.81101,-0.507274,0.291439],[-0.142195,-0.65414,-0.742888],[0.567489,0.561048,-0.602646]]],4]],[[0,200,0],[235.247,235.247,147.751]]],[424311,83800428194,[[158,"right",[-0.114326,0.254726,-0.960231],[-0.150153,-0.959895,-0.236759],[19.4856,135.608,44.0638],[169.045,-22.6581,-43.8257],[10.5107,136.483,47.3602],0.760697,0,0.838015,[[0.542469,0.207474,-0.814053],[0.162113,0.924956,0.343768],[0.824286,-0.318452,0.468126]],59.4443,[240.457,45.5995,210.251],[32.8335,125.812,92.3387]]],[[1580,[-0.168098,-0.151385,-0.974077],158,48.6193,[-24.2887,109.515,9.91558],[-23.6415,109.121,7.69351],[255.988,-15.898,-88.7213],false,[5.5684,118.442,96.9544],[5.5684,118.442,96.9544],[-15.5822,117.915,55.47],[-20.929,113.1,24.4868],[-20.4584,108.05,3.25095],[[[0.507159,0.861135,-0.0351591],[-0.678564,0.424121,0.599727],[0.531358,-0.280299,0.799432]],[[0.381336,0.901221,-0.20587],[-0.805169,0.433211,0.405008],[0.454187,0.0113164,0.890835]],[[0.381336,0.901221,-0.20587],[-0.909025,0.406057,0.093765],[0.168098,0.151385,0.974077]],[[0.381336,0.901221,-0.20587],[-0.924185,0.366466,-0.107631],[-0.0215546,0.231306,0.972642]]],0],[1581,[-0.330219,0.127623,-0.935237],158,54.8614,[-39.6556,163.231,-38.9695],[-30.4476,162.632,-45.3434],[225.785,-33.4761,-84.3358],false,[14.5551,137.614,90.5743],[-5.81453,146.219,25.6011],[-18.0509,158.44,-10.5552],[-25.4969,161.318,-31.6434],[-30.9608,160.897,-46.6109],[[[0.948894,-0.0726829,-0.307113],[0.107315,0.989442,0.0974064],[0.296791,-0.125386,0.946675]],[[0.937794,-0.0681992,-0.340429],[0.165329,0.949932,0.265135],[0.305302,-0.304924,0.902115]],[[0.937794,-0.0681992,-0.340429],[0.107229,0.989475,0.0971635],[0.330219,-0.127623,0.935237]],[[0.937794,-0.0681992,-0.340429],[0.0550558,0.997322,-0.0481323],[0.3428,0.0263956,0.939038]]],1],[1582,[-0.241384,-0.95674,0.162425],158,62.5102,[-14.0128,93.2675,-11.2784],[-5.89559,81.8544,0.484388],[181.993,-46.8884,23.1704],false,[25.3451,138.428,86.7188],[14.6531,145.773,22.9382],[2.47508,117.409,-9.75889],[-3.92843,92.0284,-5.45003],[-5.8751,79.2078,6.34748],[[[0.947976,-0.256558,-0.188465],[0.272681,0.959917,0.0648434],[0.164275,-0.112861,0.979937]],[[0.956266,-0.262997,-0.128012],[0.110489,0.730019,-0.674437],[0.270826,0.630797,0.727151]],[[0.956266,-0.262997,-0.128012],[-0.165191,-0.124422,-0.978382],[0.241384,0.95674,-0.162425]],[[0.956266,-0.262997,-0.128012],[-0.2706,-0.629305,-0.728526],[0.111042,0.731305,-0.672951]]],2],[1583,[-0.344149,-0.915999,0.206171],158,60.1052,[8.34721,94.5892,-13.5835],[13.3552,80.1414,8.36783],[164.395,-38.8093,28.6662],false,[36.2596,136.395,83.874],[35.363,141.853,25.6996],[25.4796,113.465,-3.17641],[16.5857,89.7931,2.1517],[11.9665,78.0523,14.178],[[[0.938547,-0.341998,-0.0465538],[0.344811,0.935047,0.0824179],[0.0153432,-0.0934053,0.99551]],[[0.93744,-0.347526,0.0207877],[0.254915,0.644508,-0.720852],[0.237117,0.681055,0.692777]],[[0.93744,-0.347526,0.0207877],[-0.0526084,-0.200427,-0.978295],[0.344149,0.915999,-0.206171]],[[0.93744,-0.347526,0.0207877],[-0.225778,-0.65231,-0.723544],[0.26501,0.673586,-0.689965]]],3],[1584,[-0.566938,-0.813535,0.129387],158,47.1214,[25.3717,96.6023,2.56403],[31.5519,89.1608,13.1108],[140.46,-36.6907,39.8641],false,[46.3492,127.847,82.6782],[53.3287,133.936,29.3827],[47.6896,111.355,6.00689],[37.3451,96.5108,8.36773],[28.0721,87.6699,18.0849],[[[0.864054,-0.500274,0.056005],[0.486584,0.858521,0.161799],[-0.129025,-0.112552,0.985233]],[[0.804158,-0.512517,0.301092],[0.569303,0.518392,-0.638094],[0.17095,0.684541,0.708646]],[[0.804158,-0.512517,0.301092],[0.178636,-0.274748,-0.944776],[0.566938,0.813535,-0.129387]],[[0.804158,-0.512517,0.301092],[-0.144171,-0.659579,-0.737679],[0.576667,0.549801,-0.604296]]],4]],[[0,200,0],[235.247,235.247,147.751]]],[424312,83800437215,[[158,"right",[-0.101498,0.256815,-0.961116],[-0.15315,-0.958622,-0.239975],[21.4334,135.382,43.2831],[181.943,-23.3375,-55.5773],[11.9999,136.333,46.8043],0.763682,0,0.844832,[[0.546146,0.19717,-0.814155],[0.162436,0.928531,0.333833],[0.82179,-0.31457,0.475087]],59.4738,[241.258,46.1553,211.446],[34.1602,125.429,91.7203]]],[[1580,[-0.152842,-0.150124,-0.976781],158,48.6434,[-21.2441,109.373,8.43056],[-21.0358,109.134,6.36276],[263.036,-11.1769,-103.172],false,[6.78523,118.214,96.0065],[6.78523,118.214,96.0065],[-13.9335,117.952,54.2764],[-18.7975,113.175,23.1918],[-17.7959,108.042,1.98299],[[[0.512723,0.858101,-0.0278841],[-0.682992,0.427343,0.592368],[0.520228,-0.284676,0.805185]],[[0.389808,0.899098,-0.19918],[-0.806411,0.437711,0.39763],[0.444692,0.00562155,0.895666]],[[0.389808,0.899098,-0.19918],[-0.908124,0.4112,0.0789005],[0.152842,0.150124,0.976781]],[[0.389808,0.899098,-0.19918],[-0.919754,0.36934,-0.132817],[-0.04585,0.23497,0.970921]]],0],[1581,[-0.321546,0.120865,-0.939149],158,54.8887,[-37.0949,162.686,-40.0915],[-27.517,162.226,-46.7091],[251.064,-39.2571,-104.36],false,[15.9663,137.35,89.7586],[-3.59595,146.178,24.5317],[-15.4771,158.191,-11.8343],[-22.731,160.918,-33.0213],[-28.0653,160.379,-48.04],[[[0.95198,-0.0779748,-0.296063],[0.112131,0.988631,0.100174],[0.284886,-0.128562,0.949901]],[[0.940632,-0.0731009,-0.331462],[0.165596,0.951265,0.26014],[0.296291,-0.299585,0.906896]],[[0.940632,-0.0731009,-0.331462],[0.108715,0.989974,0.090184],[0.321546,-0.120865,0.939149]],[[0.940632,-0.0731009,-0.331462],[0.0576447,0.996752,-0.0562388],[0.334496,0.0337931,0.941791]]],1],[1582,[-0.247981,-0.954931,0.163131],158,62.5412,[-12.2659,91.4123,-8.9673],[-3.79078,81.6259,-0.215004],[195.053,-40.2425,-8.08253],false,[26.811,138.105,86.0295],[16.9086,145.612,22.1074],[4.86908,117.157,-10.593],[-1.71269,91.8115,-6.2633],[-3.84866,79.0063,5.53103],[[[0.94856,-0.262015,-0.177716],[0.277688,0.958153,0.06951],[0.152067,-0.115284,0.981624]],[[0.955989,-0.268474,-0.118354],[0.120285,0.726546,-0.676508],[0.267614,0.632498,0.726863]],[[0.955989,-0.268474,-0.118354],[-0.156816,-0.126601,-0.97948],[0.247981,0.954931,-0.163131]],[[0.955989,-0.268474,-0.118354],[-0.266938,-0.628427,-0.730632],[0.121779,0.730069,-0.672435]]],2],[1583,[-0.351614,-0.91293,0.207187],158,60.1351,[8.91282,93.3827,-11.4925],[15.2984,79.8551,7.9284],[178.203,-36.6234,4.57993],false,[37.7511,136.008,83.3085],[37.5709,141.56,25.1071],[27.7583,113.078,-3.72962],[18.667,89.4731,1.62739],[13.8588,77.7863,13.6448],[[[0.936948,-0.347603,-0.0360558],[0.349454,0.932822,0.087892],[0.00308217,-0.0949501,0.995477]],[[0.935054,-0.353178,0.0306511],[0.265154,0.639371,-0.721733],[0.235303,0.682986,0.691493]],[[0.935054,-0.353178,0.0306511],[-0.0451916,-0.204508,-0.977821],[0.351614,0.91293,-0.207187]],[[0.935054,-0.353178,0.0306511],[-0.222839,-0.652808,-0.724006],[0.275712,0.670154,-0.689113]]],3],[1584,[-0.575794,-0.807042,0.130937],158,47.1448,[25.875,96.0532,3.55175],[33.3328,88.808,12.9161],[156.679,-36.8577,20.6136],false,[47.8072,127.398,82.2176],[55.4529,133.525,28.9907],[49.7911,110.804,5.73326],[39.2797,96.0711,8.12358],[29.8305,87.3643,17.8051],[[[0.860302,-0.505575,0.0653788],[0.48982,0.855323,0.168815],[-0.141268,-0.113208,0.983477]],[[0.796642,-0.517772,0.311889],[0.579596,0.507895,-0.637269],[0.171553,0.688444,0.704709]],[[0.796642,-0.517772,0.311889],[0.183911,-0.283894,-0.941053],[0.575794,0.807042,-0.130937]],[[0.796642,-0.517772,0.311889],[-0.142794,-0.66259,-0.735245],[0.587343,0.54119,-0.601781]]],4]],[[0,200,0],[235.247,235.247,147.751]]],[424313,83800446262,[[158,"right",[-0.0900733,0.261017,-0.961123],[-0.156005,-0.95683,-0.245231],[23.4414,134.843,42.7079],[192.978,-33.3222,-57.7854],[13.7796,136.101,46.1671],0.76544,0,0.850649,[[0.549322,0.18607,-0.814631],[0.162829,0.932369,0.322761],[0.819592,-0.309945,0.481874]],59.4738,[242.152,46.5274,212.672],[35.6087,124.636,91.2358]]],[[1580,[-0.13925,-0.146717,-0.979328],158,48.6434,[-18.3358,109.187,7.1065],[-18.4577,108.91,5.24907],[267.755,-14.7062,-106.706],false,[8.15076,117.559,95.2103],[8.15076,117.559,95.2103],[-12.1734,117.638,53.2858],[-16.6048,112.969,22.1202],[-15.1594,107.822,0.94035],[[[0.517774,0.855301,-0.0192715],[-0.686708,0.428936,0.586895],[0.510238,-0.290645,0.809434]],[[0.397416,0.897546,-0.190974],[-0.807323,0.440917,0.392202],[0.436223,-0.00169013,0.899837]],[[0.397416,0.897546,-0.190974],[-0.907011,0.415794,0.0666751],[0.13925,0.146717,0.979328]],[[0.397416,0.897546,-0.190974],[-0.91525,0.372696,-0.153024],[-0.0661707,0.235603,0.969594]]],0],[1581,[-0.313659,0.117166,-0.942279],158,54.8887,[-34.0528,162.049,-41.3728],[-24.6287,161.731,-47.7332],[269.175,-45.6379,-107.061],false,[17.503,136.666,89.1314],[-1.33108,145.851,23.7397],[-12.8816,157.762,-12.7661],[-19.9577,160.405,-34.0237],[-25.1723,159.799,-49.0818],[[[0.954553,-0.0822114,-0.286478],[0.116608,0.987598,0.105129],[0.274282,-0.133757,0.952302]],[[0.943098,-0.0769183,-0.323496],[0.166117,0.951761,0.257984],[0.288047,-0.297042,0.910382]],[[0.943098,-0.0769183,-0.323496],[0.110381,0.990129,0.086373],[0.313659,-0.117166,0.942279]],[[0.943098,-0.0769183,-0.323496],[0.0603293,0.996312,-0.0610149],[0.326996,0.0380267,0.94426]]],1],[1582,[-0.253902,-0.953542,0.162146],158,62.5412,[-10.1642,89.5262,-6.8434],[-1.66645,81.1773,-0.805207],[205.416,-42.0188,-25.8617],false,[28.3899,137.374,85.5178],[19.1941,145.178,21.5258],[7.25806,116.702,-11.1941],[0.519142,91.3939,-6.89049],[-1.78206,78.5825,4.86599],[[[0.948875,-0.266675,-0.168881],[0.282302,0.956305,0.076065],[0.141217,-0.119851,0.982697]],[[0.955541,-0.273267,-0.110751],[0.128645,0.724346,-0.677328],[0.265313,0.632968,0.727297]],[[0.955541,-0.273267,-0.110751],[-0.149915,-0.126818,-0.980532],[0.253902,0.953542,-0.162146]],[[0.955541,-0.273267,-0.110751],[-0.264059,-0.625947,-0.7338],[0.131199,0.730421,-0.670277]]],2],[1583,[-0.358299,-0.909926,0.20894],158,60.1351,[9.77305,91.9353,-9.11312],[17.2442,79.292,7.72032],[188.299,-43.1301,-4.56973],false,[39.3459,135.227,82.9023],[39.8012,140.999,24.724],[29.9962,112.42,-4.0189],[20.7321,88.8925,1.38344],[15.7659,77.2522,13.3817],[[[0.935315,-0.352732,-0.0276784],[0.353731,0.930501,0.0950923],[-0.0077874,-0.098732,0.995084]],[[0.932746,-0.358496,0.0382738],[0.27332,0.633889,-0.72352],[0.235118,0.685321,0.689242]],[[0.932746,-0.358496,0.0382738],[-0.0400777,-0.208601,-0.977179],[0.358299,0.909926,-0.20894]],[[0.932746,-0.358496,0.0382738],[-0.221103,-0.652642,-0.724688],[0.284777,0.667487,-0.688014]]],3],[1584,[-0.583987,-0.801081,0.131255],158,47.1448,[26.6237,95.3702,4.66864],[35.1382,88.2195,12.796],[168.812,-43.767,9.58035],false,[49.3645,126.563,81.8827],[57.5966,132.849,28.7618],[51.8707,110.054,5.59246],[41.2098,95.43,7.98857],[31.6117,86.8284,17.6176],[[[0.856737,-0.510653,0.0723488],[0.492813,0.851908,0.177167],[-0.152105,-0.116131,0.981518]],[[0.789827,-0.523395,0.319737],[0.588279,0.499016,-0.636326],[0.173496,0.690682,0.702039]],[[0.789827,-0.523395,0.319737],[0.187437,-0.290391,-0.938371],[0.583987,0.801081,-0.131255]],[[0.789827,-0.523395,0.319737],[-0.142313,-0.663478,-0.734537],[0.596591,0.534655,-0.598518]]],4]],[[0,200,0],[235.247,235.247,147.751]]],[424314,83800455242,[[158,"right",[-0.078076,0.261962,-0.961915],[-0.15679,-0.956079,-0.247647],[25.4288,134.455,42.0381],[200.742,-36.0257,-62.3894],[15.8082,135.815,45.4481],0.766005,0,0.861548,[[0.554125,0.179091,-0.812941],[0.16201,0.934707,0.316347],[0.816516,-0.307,0.48893]],59.5033,[242.877,46.7616,213.994],[37.0066,124.166,90.7194]]],[[1580,[-0.1238,-0.146937,-0.981368],158,48.6675,[-15.5201,108.955,5.85828],[-15.8116,108.644,4.09107],[273.285,-18.7911,-111.407],false,[9.46487,117.187,94.3763],[9.46487,117.187,94.3763],[-10.4283,117.439,52.2207],[-14.37,112.761,20.9746],[-12.4689,107.539,-0.161965],[[[0.521179,0.853352,-0.0127639],[-0.691764,0.431154,0.579283],[0.499836,-0.29308,0.815026]],[[0.403511,0.896063,-0.185068],[-0.809354,0.443895,0.384582],[0.42676,-0.00539803,0.904349]],[[0.403511,0.896063,-0.185068],[-0.906561,0.418905,0.0516422],[0.1238,0.146937,0.981368]],[[0.403511,0.896063,-0.185068],[-0.91083,0.374152,-0.174351],[-0.0869857,0.238918,0.967136]]],0],[1581,[-0.304262,0.112261,-0.94595],158,54.9159,[-30.6124,161.328,-42.8345],[-21.665,161.124,-48.9739],[284.756,-51.8846,-116.806],false,[18.9628,136.272,88.4148],[0.904578,145.574,22.7854],[-10.2733,157.318,-13.9118],[-17.1408,159.852,-35.2628],[-22.2115,159.166,-50.375],[[[0.957455,-0.0856325,-0.275584],[0.119116,0.987084,0.107124],[0.262852,-0.135393,0.955289]],[[0.946098,-0.0801127,-0.313817],[0.165145,0.952832,0.254635],[0.278615,-0.292735,0.914702]],[[0.946098,-0.0801127,-0.313817],[0.111012,0.990444,0.0818341],[0.304262,-0.112261,0.94595]],[[0.946098,-0.0801127,-0.313817],[0.0623872,0.995858,-0.066142],[0.317816,0.0429986,0.947177]]],1],[1582,[-0.258037,-0.951885,0.165323],158,62.5722,[-7.74725,87.6733,-4.99809],[0.57285,80.6534,-1.25627],[216.402,-46.5237,-34.595],false,[29.8984,136.942,84.9249],[21.4613,144.825,20.8053],[9.69201,116.124,-11.8092],[2.83995,90.8472,-7.41905],[0.387831,78.0641,4.35063],[[[0.949736,-0.270148,-0.158185],[0.285012,0.955185,0.0799384],[0.129501,-0.121005,0.984168]],[[0.955607,-0.276654,-0.101383],[0.135815,0.718935,-0.68168],[0.261477,0.637648,0.724593]],[[0.955607,-0.276654,-0.101383],[-0.142242,-0.131824,-0.981015],[0.258037,0.951885,-0.165323]],[[0.955607,-0.276654,-0.101383],[-0.259403,-0.626757,-0.734769],[0.139734,0.72845,-0.670698]]],2],[1583,[-0.363201,-0.905656,0.218797],158,60.1649,[10.9688,90.2802,-6.50374],[19.2486,78.685,7.90651],[197.33,-50.2482,1.90394],false,[40.8808,134.753,82.4323],[42.0247,140.564,24.2381],[32.2131,111.612,-4.15835],[22.8175,88.1842,1.50165],[17.7232,76.6579,13.5685],[[[0.934235,-0.356243,-0.0172052],[0.356121,0.929099,0.0997649],[-0.0195552,-0.099331,0.994862]],[[0.931002,-0.361932,0.0473233],[0.279167,0.622508,-0.731129],[0.23516,0.693894,0.680596]],[[0.931002,-0.361932,0.0473233],[-0.036331,-0.220888,-0.974622],[0.363201,0.905656,-0.218797]],[[0.931002,-0.361932,0.0473233],[-0.219052,-0.657706,-0.720721],[0.291977,0.660627,-0.691608]]],3],[1584,[-0.590651,-0.795869,0.133135],158,47.1682,[27.6619,94.5655,5.87653],[37.0369,87.7159,12.7223],[180.754,-46.814,2.56939],false,[50.8827,126.049,81.5211],[59.7506,132.34,28.4759],[54.0138,109.391,5.43895],[43.2259,94.8545,7.87059],[33.4864,86.3602,17.4663],[[[0.853923,-0.513929,0.081809],[0.493958,0.849929,0.183374],[-0.163773,-0.116177,0.979633]],[[0.783745,-0.526555,0.32937],[0.596287,0.48958,-0.636202],[0.173742,0.695019,0.697683]],[[0.783745,-0.526555,0.32937],[0.192032,-0.298887,-0.934768],[0.590651,0.795869,-0.133135]],[[0.783745,-0.526555,0.32937],[-0.140089,-0.666522,-0.732205],[0.605078,0.52772,-0.596147]]],4]],[[0,200,0],[235.247,235.247,147.751]]],[424315,83800464359,[[158,"right",[-0.0679112,0.26501,-0.961851],[-0.157163,-0.954882,-0.251994],[27.6341,134.033,41.4711],[212.166,-38.8811,-62.3332],[18.1707,135.459,44.6536],0.767161,0,0.871915,[[0.558337,0.171511,-0.811692],[0.160925,0.937423,0.308774],[0.813857,-0.303022,0.495798]],59.5033,[243.906,47.1657,215.239],[38.7059,123.567,90.2324]]],[[1580,[-0.109427,-0.145264,-0.983323],158,48.6675,[-12.5962,108.711,4.70968],[-12.979,108.394,3.06592],[282.491,-20.7919,-109.879],false,[11.1094,116.659,93.5997],[11.1094,116.659,93.5997],[-8.42424,117.17,51.2787],[-11.9083,112.545,19.9704],[-9.57581,107.295,-1.11592],[[[0.523775,0.851841,-0.0051525],[-0.696122,0.431498,0.57378],[0.490992,-0.296945,0.818994]],[[0.408477,0.8953,-0.177717],[-0.810892,0.445328,0.379655],[0.419048,-0.0109711,0.907898]],[[0.408477,0.8953,-0.177717],[-0.906185,0.421112,0.0386327],[0.109427,0.145264,0.983323]],[[0.408477,0.8953,-0.177717],[-0.906507,0.375146,-0.193674],[-0.106727,0.240214,0.964835]]],0],[1581,[-0.296729,0.108745,-0.94875],158,54.9159,[-26.7573,160.549,-44.3866],[-18.6633,160.621,-49.9632],[296.706,-53.7117,-114.536],false,[20.7209,135.733,87.7877],[3.33178,145.28,22.0131],[-7.54626,156.909,-14.8108],[-14.2437,159.364,-36.225],[-19.1956,158.619,-51.3738],[[[0.959846,-0.0876555,-0.266482],[0.120954,0.98641,0.111202],[0.253113,-0.138969,0.957404]],[[0.948501,-0.0818062,-0.306028],[0.163791,0.953568,0.252747],[0.271142,-0.289856,0.917859]],[[0.948501,-0.0818062,-0.306028],[0.110893,0.990698,0.0788707],[0.296729,-0.108745,0.94875]],[[0.948501,-0.0818062,-0.306028],[0.0633975,0.995556,-0.0696343],[0.310365,0.0466468,0.949472]]],1],[1582,[-0.261417,-0.951027,0.164953],158,62.5722,[-4.95864,85.8944,-3.47879],[2.99743,80.2115,-1.78242],[229.629,-46.2733,-42.976],false,[31.692,136.38,84.4067],[23.9045,144.477,20.2314],[12.2858,115.691,-12.3627],[5.34396,90.4374,-7.98241],[2.7663,77.6463,3.75183],[[[0.95044,-0.272491,-0.14971],[0.287014,0.954099,0.0855421],[0.119528,-0.124271,0.985023]],[[0.955647,-0.279031,-0.0942332],[0.141794,0.716347,-0.683184],[0.258133,0.639522,0.72414]],[[0.955647,-0.279031,-0.0942332],[-0.135645,-0.133003,-0.98179],[0.261417,0.951027,-0.164953]],[[0.955647,-0.279031,-0.0942332],[-0.255268,-0.625178,-0.737557],[0.146889,0.728899,-0.668678]]],2],[1583,[-0.366997,-0.90181,0.228148],158,60.1649,[12.5932,88.4231,-3.68123],[21.4302,78.0992,8.16242],[208.736,-53.8036,9.0321],false,[42.6917,134.167,82.0149],[44.4209,140.145,23.8521],[34.5555,110.866,-4.18758],[25.0617,87.5369,1.71434],[19.8758,76.1047,13.8316],[[[0.933311,-0.358952,-0.00914344],[0.357849,0.927745,0.105984],[-0.0295605,-0.102188,0.994326]],[[0.929574,-0.364696,0.0537553],[0.282814,0.612004,-0.738557],[0.23645,0.701746,0.672044]],[[0.929574,-0.364696,0.0537553],[-0.0347276,-0.231808,-0.972141],[0.366997,0.90181,-0.228148]],[[0.929574,-0.364696,0.0537553],[-0.218057,-0.661561,-0.717487],[0.297227,0.655235,-0.694495]]],3],[1584,[-0.596561,-0.791121,0.135067],158,47.1682,[29.0778,93.631,7.1722],[39.1099,87.2512,12.6627],[193.751,-47.2208,-1.32174],false,[52.6765,125.436,81.1756],[62.0805,131.856,28.2383],[56.2795,108.798,5.32617],[45.3836,94.3486,7.7931],[35.5364,85.9397,17.3539],[[[0.851575,-0.51669,0.0886153],[0.49463,0.847924,0.190699],[-0.173671,-0.118563,0.977641]],[[0.778697,-0.529822,0.336035],[0.602301,0.481303,-0.636852],[0.175684,0.698309,0.693902]],[[0.778697,-0.529822,0.336035],[0.194283,-0.305642,-0.932114],[0.596561,0.791121,-0.135067]],[[0.778697,-0.529822,0.336035],[-0.139152,-0.668107,-0.730938],[0.611774,0.522419,-0.593979]]],4]],[[0,200,0],[235.247,235.247,147.751]]],[424316,83800473564,[[158,"right",[-0.059757,0.26682,-0.961892],[-0.157882,-0.954011,-0.254826],[29.9736,133.521,41.1393],[223.916,-43.5727,-54.9761],[20.8825,135.014,43.8462],0.767329,0,0.88212,[[0.561542,0.164676,-0.810896],[0.160643,0.939653,0.302068],[0.811705,-0.299889,0.501201]],59.5328,[245.404,47.2876,216.422],[40.6453,122.937,89.9907]]],[[1580,[-0.0973232,-0.14503,-0.984629],158,48.6917,[-9.57894,108.352,3.80576],[-10.074,107.978,2.40871],[290.019,-27.9071,-98.0259],false,[12.9908,116.097,93.1351],[12.9908,116.097,93.1351],[-6.27824,116.797,50.6703],[-9.37847,112.177,19.3049],[-6.63287,106.853,-1.72437],[[[0.526175,0.850376,0.000335369],[-0.699316,0.432481,0.569137],[0.483836,-0.299701,0.822242]],[[0.412702,0.894377,-0.172529],[-0.81177,0.447061,0.37572],[0.413167,-0.0150064,0.910532]],[[0.412702,0.894377,-0.172529],[-0.905652,0.423149,0.0271894],[0.0973232,0.14503,0.984629]],[[0.412702,0.894377,-0.172529],[-0.90217,0.375251,-0.212783],[-0.125567,0.243466,0.961747]]],0],[1581,[-0.290839,0.106375,-0.95084],158,54.9431,[-22.6472,159.725,-45.8751],[-15.6939,160.022,-50.6386],[303.022,-56.1906,-104.142],false,[22.7048,135.163,87.4271],[5.84144,144.875,21.5042],[-4.8057,156.41,-15.4381],[-11.3735,158.812,-36.91],[-16.2362,158.036,-52.0944],[[[0.961622,-0.089898,-0.259231],[0.122847,0.985878,0.113814],[0.245338,-0.141292,0.959086]],[[0.950245,-0.0837705,-0.300029],[0.163322,0.954145,0.250866],[0.265255,-0.287386,0.920353]],[[0.950245,-0.0837705,-0.300029],[0.111568,0.990791,0.0767187],[0.290839,-0.106375,0.95084]],[[0.950245,-0.0837705,-0.300029],[0.0650966,0.995298,-0.0717228],[0.304626,0.0486234,0.95123]]],1],[1582,[-0.263842,-0.949531,0.16964],158,62.6033,[-1.84873,84.1652,-2.17671],[5.46364,79.5492,-1.76876],[239.654,-53.9185,-31.7431],false,[33.7088,135.786,84.1301],[26.4352,144.016,19.8788],[14.8652,114.969,-12.5303],[7.85554,89.7416,-8.02334],[5.18942,76.9744,3.73011],[[[0.950801,-0.274903,-0.142851],[0.289009,0.953145,0.0893783],[0.111587,-0.126266,0.9857]],[[0.95547,-0.281377,-0.0889093],[0.145151,0.71047,-0.688595],[0.256922,0.645026,0.719675]],[[0.95547,-0.281377,-0.0889093],[-0.132155,-0.138628,-0.981487],[0.263842,0.949531,-0.16964]],[[0.95547,-0.281377,-0.0889093],[-0.253018,-0.626129,-0.737526],[0.151854,0.727179,-0.669441]]],2],[1583,[-0.370609,-0.898871,0.233837],158,60.1947,[14.6827,86.4201,-0.788348],[23.7249,77.4559,8.42948],[220.218,-58.1884,12.3172],false,[44.7259,133.544,81.8182],[46.921,139.618,23.6518],[37.0212,110.115,-4.17062],[27.4292,86.8506,1.88147],[22.1544,75.4791,14.03],[[[0.932348,-0.361552,-0.00256811],[0.359611,0.926558,0.11032],[-0.0375071,-0.103781,0.993893]],[[0.928214,-0.367304,0.0592121],[0.28666,0.604621,-0.743142],[0.237158,0.706769,0.666509]],[[0.928214,-0.367304,0.0592121],[-0.0326653,-0.238996,-0.970471],[0.370609,0.898871,-0.233837]],[[0.928214,-0.367304,0.0592121],[-0.217049,-0.663874,-0.715655],[0.302172,0.651429,-0.69594]]],3],[1584,[-0.602313,-0.785769,0.140663],158,47.1915,[30.9006,92.5638,8.55252],[41.2229,86.6579,12.9345],[203.932,-51.9525,5.95615],false,[54.6974,124.782,81.0405],[64.5318,131.268,28.1621],[58.5741,108.04,5.43986],[47.5678,93.6808,8.01026],[37.6351,85.3726,17.5841],[[[0.849421,-0.519225,0.0942889],[0.495511,0.846211,0.19595],[-0.18153,-0.119723,0.97607]],[[0.774498,-0.532565,0.341362],[0.606326,0.471145,-0.640618],[0.18034,0.703134,0.687808]],[[0.774498,-0.532565,0.341362],[0.19332,-0.31455,-0.929347],[0.602313,0.785769,-0.140663]],[[0.774498,-0.532565,0.341362],[-0.140495,-0.670979,-0.728044],[0.616777,0.515909,-0.594495]]],4]],[[0,200,0],[235.247,235.247,147.751]]],[424317,83800482431,[[158,"right",[-0.0528481,0.263731,-0.963147],[-0.151003,-0.955515,-0.253356],[32.0845,133.138,40.6124],[227.753,-43.4578,-56.1819],[23.673,134.546,43.0406],0.76923,0,0.882974,[[0.568309,0.170225,-0.805014],[0.153736,0.939169,0.307125],[0.808325,-0.298302,0.507569]],59.5328,[246.297,47.4998,217.622],[42.3904,122.749,89.584]]],[[1580,[-0.083178,-0.150552,-0.985097],158,48.6917,[-6.58168,107.735,3.02106],[-7.13714,107.17,1.67566],[299.959,-44.7438,-91.9636],false,[14.744,115.781,92.5125],[14.744,115.781,92.5125],[-4.24471,116.313,49.9192],[-6.89436,111.517,18.5389],[-3.61298,106.014,-2.3669],[[[0.521963,0.852965,0.00232166],[-0.706273,0.430667,0.561877],[0.478261,-0.294919,0.827218]],[[0.409834,0.895888,-0.171523],[-0.816247,0.444133,0.36944],[0.407156,-0.0114038,0.913287]],[[0.409834,0.895888,-0.171523],[-0.90836,0.417993,0.0128169],[0.083178,0.150552,0.985097]],[[0.409834,0.895888,-0.171523],[-0.899731,0.366102,-0.237602],[-0.15007,0.251702,0.956099]]],0],[1581,[-0.284159,0.100381,-0.953508],158,54.9431,[-18.7358,158.745,-47.3046],[-13.0297,158.915,-51.6581],[302.693,-72.9456,-106.571],false,[24.4125,134.879,86.8315],[8.06547,144.316,20.7388],[-2.37436,155.554,-16.3539],[-8.79126,157.821,-37.8861],[-13.5319,156.974,-53.1052],[[[0.964233,-0.0858933,-0.250753],[0.117018,0.986799,0.111957],[0.237827,-0.137295,0.961555]],[[0.952958,-0.0798314,-0.292399],[0.155638,0.956681,0.246046],[0.26009,-0.27998,0.924102]],[[0.952958,-0.0798314,-0.292399],[0.105471,0.991741,0.0729741],[0.284159,-0.100381,0.953508]],[[0.952958,-0.0798314,-0.292399],[0.0605977,0.995395,-0.0742708],[0.296982,0.0530583,0.953408]]],1],[1582,[-0.259365,-0.94927,0.177808],158,62.6033,[1.45576,82.5305,-1.15978],[8.15647,78.6575,-1.76173],[256.67,-65.5069,-23.8608],false,[35.4411,135.546,83.6266],[28.6763,143.554,19.2917],[17.4324,114.055,-12.8232],[10.5416,88.8353,-8.0992],[7.86951,76.132,3.72201],[[[0.953328,-0.270611,-0.133926],[0.283542,0.954818,0.0890356],[0.103781,-0.122854,0.986984]],[[0.957511,-0.276789,-0.0809988],[0.144331,0.703064,-0.696326],[0.249682,0.655049,0.713141]],[[0.957511,-0.276789,-0.0809988],[-0.126105,-0.149245,-0.980726],[0.259365,0.94927,-0.177808]],[[0.957511,-0.276789,-0.0809988],[-0.244967,-0.632364,-0.73492],[0.152197,0.723536,-0.6733]]],2],[1583,[-0.367594,-0.897581,0.243357],158,60.1947,[17.166,84.4288,1.93454],[26.2518,76.761,8.735],[237.635,-62.6311,17.0696],false,[46.4885,133.353,81.4154],[49.1505,139.268,23.2523],[39.4737,109.356,-4.20888],[29.9598,86.1248,2.0896],[24.6743,74.8372,14.3115],[[[0.934104,-0.356943,0.00644863],[0.354092,0.928641,0.110657],[-0.0454868,-0.101082,0.993838]],[[0.92957,-0.36246,0.0672539],[0.286639,0.59593,-0.750137],[0.231816,0.716582,0.657853]],[[0.92957,-0.36246,0.0672539],[-0.0278415,-0.25094,-0.967602],[0.367594,0.897581,-0.243357]],[[0.92957,-0.36246,0.0672539],[-0.210286,-0.671196,-0.710827],[0.302787,0.646621,-0.700144]]],3],[1584,[-0.601787,-0.784835,0.147941],158,47.1915,[33.066,91.4646,9.89719],[43.5187,86.1674,13.1735],[218.795,-52.0023,10.3288],false,[56.5092,124.638,80.7486],[66.763,131.019,27.9371],[60.8774,107.514,5.48187],[49.8806,93.1722,8.18527],[39.9239,84.9241,17.7861],[[[0.851128,-0.514742,0.103058],[0.48965,0.849215,0.197679],[-0.189272,-0.117788,0.974834]],[[0.774178,-0.527737,0.349488],[0.607377,0.463965,-0.644849],[0.17816,0.711499,0.679727]],[[0.774178,-0.527737,0.349488],[0.196217,-0.32485,-0.925187],[0.601787,0.784835,-0.147941]],[[0.774178,-0.527737,0.349488],[-0.135623,-0.677621,-0.722797],[0.618267,0.512175,-0.596173]]],4]],[[0,200,0],[235.247,235.247,147.751]]],[424318,83800491734,[[158,"right",[-0.0427003,0.273805,-0.960837],[-0.176588,-0.948641,-0.262482],[35.3373,133.418,40.5834],[262.173,-22.697,-41.1982],[27.1935,134.206,42.299],0.771271,0,0.398476,[[0.569483,0.124466,-0.812525],[0.176874,0.946761,0.268996],[0.802748,-0.296903,0.51715]],59.5623,[247.812,47.3656,220.029],[45.2125,122.299,89.5099]]],[[1580,[-0.0795048,-0.142432,-0.986606],158,48.7158,[-3.34838,108.326,2.49538],[-4.07862,108.703,1.37715],[306.015,10.6007,-74.0828],false,[17.3619,116.069,92.3014],[17.3619,116.069,92.3014],[-1.56989,117.516,49.6787],[-4.10378,112.977,18.2347],[-0.563342,107.405,-2.62209],[[[0.545314,0.838153,0.0115239],[-0.695763,0.444921,0.563878],[0.467489,-0.315509,0.825777]],[[0.434453,0.885842,-0.162895],[-0.804133,0.462949,0.372892],[0.405735,-0.0310148,0.913464]],[[0.434453,0.885842,-0.162895],[-0.897179,0.441585,0.00854883],[0.0795048,0.142432,0.986606]],[[0.434453,0.885842,-0.162895],[-0.886036,0.387838,-0.254012],[-0.161837,0.254687,0.953385]]],0],[1581,[-0.279992,0.111645,-0.953488],158,54.9703,[-13.9669,158.928,-48.365],[-8.9082,160.91,-51.6056],[340.507,7.5721,-76.5548],false,[27.576,134.952,86.8184],[11.6831,145.441,20.7381],[1.59637,157.134,-16.333],[-4.72956,159.657,-37.8754],[-9.47019,158.989,-53.1117],[[[0.962229,-0.110243,-0.248923],[0.143898,0.982132,0.121283],[0.231105,-0.152522,0.960899]],[[0.951011,-0.103358,-0.291367],[0.180252,0.951067,0.250961],[0.25117,-0.291186,0.923106]],[[0.951011,-0.103358,-0.291367],[0.13108,0.988359,0.0772362],[0.279992,-0.111645,0.953488]],[[0.951011,-0.103358,-0.291367],[0.0864199,0.993765,-0.070451],[0.296832,0.0418198,0.954014]]],1],[1582,[-0.284223,-0.941904,0.17898],158,62.6343,[4.71107,81.6,-0.303535],[9.96677,79.6599,-1.58418],[239.196,-18.1855,-12.1934],false,[38.6337,135.343,83.648],[32.2795,144.122,19.3391],[20.1716,114.805,-12.659],[12.6167,89.768,-7.90154],[9.6031,77.0867,3.87388],[[[0.945881,-0.295639,-0.133817],[0.309542,0.945768,0.0985206],[0.0974338,-0.134611,0.986097]],[[0.949664,-0.302229,-0.0824385],[0.160999,0.696601,-0.699161],[0.268734,0.650696,0.710195]],[[0.949664,-0.302229,-0.0824385],[-0.131742,-0.146539,-0.980393],[0.284223,0.941904,-0.17898]],[[0.949664,-0.302229,-0.0824385],[-0.262117,-0.622473,-0.737443],[0.171561,0.721931,-0.67036]]],2],[1583,[-0.392553,-0.887785,0.240289],158,60.2245,[19.9222,82.7423,4.42119],[27.9378,77.375,8.67462],[222.752,-26.5952,7.91059],false,[49.6282,132.864,81.4456],[52.6258,139.234,23.3176],[42.0958,109.659,-4.22729],[31.9308,86.6705,1.99487],[26.3198,75.4593,14.1541],[[[0.923865,-0.382675,0.0057097],[0.379278,0.917456,0.120093],[-0.0511948,-0.108784,0.992746]],[[0.919066,-0.388563,0.0658464],[0.302897,0.589552,-0.748787],[0.252131,0.70813,0.659532]],[[0.919066,-0.388563,0.0658464],[-0.03491,-0.24669,-0.968465],[0.392553,0.887785,-0.240289]],[[0.919066,-0.388563,0.0658464],[-0.228253,-0.66102,-0.71481],[0.321274,0.641928,-0.696212]]],3],[1584,[-0.625254,-0.766504,0.146729],158,47.2149,[35.5899,90.4395,11.1895],[45.3133,86.331,13.1751],[212.913,-31.8645,5.78682],false,[59.4112,123.877,80.7259],[69.9984,130.454,27.9767],[63.3427,107.176,5.47665],[51.9114,93.1618,8.15923],[41.7091,85.1605,17.7243],[[[0.836278,-0.538988,0.100649],[0.512333,0.833528,0.206751],[-0.19533,-0.121335,0.973203]],[[0.7