{"metadata":{"formatVersion":2,"generatedBy":"LeapJS Playback 0.2.1","frames":156,"protocolVersion":6,"serviceVersion":"2.2.5+26752","frameRate":"1.1e+2","modified":"Wed Apr 22 2015 20:49:23 GMT-0300 (E. South America Standard Time)"},"frames":[["id","timestamp",{"hands":[["id","type","direction","palmNormal","palmPosition","palmVelocity","stabilizedPalmPosition","pinchStrength","grabStrength","confidence","armBasis","armWidth","elbow","wrist"]]},{"pointables":[["id","direction","handId","length","stabilizedTipPosition","tipPosition","tipVelocity","tool","carpPosition","mcpPosition","pipPosition","dipPosition","btipPosition","bases","type"]]},{"interactionBox":["center","size"]}],[426863,83823901067,[[159,"right",[-0.279644,0.331334,-0.90112],[-0.106213,-0.94348,-0.313949],[15.8375,134.936,37.0118],[96.3023,2.96267,-38.2923],[6.54144,138.219,44.924],0.795636,0,0.508011,[[0.691284,0.204108,-0.693157],[0.132706,0.907098,0.399452],[0.710293,-0.368121,0.599976]],63.72,[230.45,21.6671,246.743],[38.6708,121.06,84.7491]]],[[1590,[-0.0280832,-0.211061,-0.977069],159,52.1164,[-18.1511,96.8355,11.6468],[-12.107,96.2389,9.16701],[129.117,-7.06124,-30.4691],false,[11.2779,109.962,92.9669],[11.2779,109.962,92.9669],[-22.0005,109.094,55.7706],[-22.958,101.898,22.4568],[-8.66779,94.9011,5.29414],[[[0.424404,0.905343,-0.0153624],[-0.611308,0.299,0.732736],[0.66797,-0.301584,0.68034]],[[0.212269,0.953903,-0.212158],[-0.71449,0.299612,0.632247],[0.666667,0.0173784,0.745153]],[[0.212269,0.953903,-0.212158],[-0.976808,0.213359,-0.0180131],[0.0280832,0.211061,0.977069]],[[0.212269,0.953903,-0.212158],[-0.762962,0.026121,-0.645916],[-0.610599,0.298976,0.733336]]],0],[1591,[-0.313425,0.109823,-0.943241],159,58.8075,[-51.5488,165.546,-40.6453],[-39.3254,158.56,-52.1808],[148.634,-8.69356,-79.7349],false,[18.0585,131.892,87.0514],[-14.814,145.456,22.6473],[-28.0251,156.587,-16.6889],[-35.6007,159.242,-39.4874],[-40.9465,158.992,-55.7132],[[[0.893712,0.0478278,-0.446085],[0.0403777,0.981692,0.186149],[0.446821,-0.184375,0.875418]],[[0.949491,0.0203236,-0.313136],[0.062523,0.965639,0.252256],[0.307503,-0.259093,0.915594]],[[0.949491,0.0203236,-0.313136],[0.0152193,0.993743,0.110645],[0.313425,-0.109823,0.943241]],[[0.949491,0.0203236,-0.313136],[-0.0238719,0.999687,-0.00750115],[0.312885,0.0145974,0.949679]]],1],[1592,[0.0725472,-0.797473,0.598977],159,67.0064,[-12.9105,80.8138,30.997],[-1.07841,74.639,29.3951],[97.4469,4.24735,6.09317],false,[28.7501,134.254,81.4189],[6.39983,147.357,16.6396],[-6.15387,103.734,0.429821],[-4.09089,81.0567,17.4626],[0.0509717,72.6863,33.7696],[[[0.925796,-0.145582,-0.348866],[0.200689,0.971358,0.127227],[0.320352,-0.1878,0.928497]],[[0.936506,-0.152107,-0.315942],[-0.234782,0.397233,-0.887177],[0.260448,0.905025,0.336299]],[[0.936506,-0.152107,-0.315942],[-0.343064,-0.583867,-0.735804],[-0.0725472,0.797473,-0.598977]],[[0.936506,-0.152107,-0.315942],[-0.272722,-0.882303,-0.383619],[-0.220406,0.445426,-0.867766]]],2],[1593,[-0.0515756,-0.733088,0.678175],159,64.4285,[4.01428,83.7981,32.8049],[15.5334,78.5218,34.5836],[98.7763,6.76379,38.8217],false,[39.9857,133.503,76.5069],[29.0579,145.046,15.9172],[15.8007,104.229,3.48816],[14.3719,83.9211,22.275],[16.0627,76.7934,39.463],[[[0.945067,-0.244439,-0.217019],[0.27643,0.951993,0.131511],[0.174454,-0.184277,0.967268]],[[0.948581,-0.248323,-0.19629],[-0.110242,0.322121,-0.940258],[0.296717,0.91355,0.278182]],[[0.948581,-0.248323,-0.19629],[-0.312305,-0.63318,-0.708201],[0.0515756,0.733088,-0.678175]],[[0.948581,-0.248323,-0.19629],[-0.303323,-0.890395,-0.3394],[-0.0904948,0.381488,-0.919934]]],3],[1594,[-0.282523,-0.687771,0.668694],159,50.5107,[17.1925,95.0345,30.3242],[27.412,90.3358,29.6441],[94.0147,-5.76651,2.27236],false,[51.1855,125.582,72.715],[49.3162,138.115,16.1314],[34.2467,108.257,4.65655],[28.7209,94.8053,17.7354],[26.8774,88.634,33.7236],[[[0.900154,-0.418039,-0.122336],[0.434377,0.882339,0.181091],[0.0322388,-0.21615,0.975828]],[[0.900439,-0.430493,-0.0623393],[0.0870636,0.318781,-0.943821],[0.426181,0.844426,0.324523]],[[0.900439,-0.430493,-0.0623393],[-0.330743,-0.584506,-0.74092],[0.282523,0.687771,-0.668694]],[[0.900439,-0.430493,-0.0623393],[-0.421629,-0.828547,-0.368429],[0.106955,0.358032,-0.927563]]],4]],[[0,200,0],[235.247,235.247,147.751]]],[426864,83823910027,[[159,"right",[-0.271946,0.330898,-0.903632],[-0.103974,-0.943628,-0.314253],[17.0211,135.043,36.5402],[106.094,5.40847,-42.2168],[6.90264,138.109,44.635],0.797897,0,0.518886,[[0.692962,0.205956,-0.690932],[0.129937,0.906962,0.400669],[0.709169,-0.367426,0.601729]],63.72,[230.924,21.9812,246.942],[39.4479,121.186,84.4755]]],[[1590,[-0.0186344,-0.211498,-0.977201],159,52.1164,[-16.4203,96.7952,11.0008],[-10.5658,96.3892,8.60544],[142.982,-0.757366,-37.6678],false,[11.9825,110.105,92.4702],[11.9825,110.105,92.4702],[-21.0014,109.271,55.0118],[-21.6368,102.06,21.6935],[-6.97019,95.0388,4.86137],[[[0.424897,0.905157,-0.0123575],[-0.6173,0.299702,0.727406],[0.662121,-0.301444,0.686096]],[[0.214959,0.953667,-0.210504],[-0.719152,0.300401,0.626562],[0.660767,0.0166993,0.750406]],[[0.214959,0.953667,-0.210504],[-0.976445,0.213981,-0.0276925],[0.0186344,0.211498,0.977201]],[[0.214959,0.953667,-0.210504],[-0.749043,0.0226828,-0.662133],[-0.62668,0.300008,0.719213]]],0],[1591,[-0.306281,0.115718,-0.944881],159,58.8075,[-49.0832,164.487,-42.8309],[-37.4579,159.029,-53.02],[165.631,12.1273,-83.1592],false,[18.8215,132.028,86.5985],[-13.5046,145.567,21.9129],[-26.4006,156.986,-17.4453],[-33.8035,159.783,-40.2834],[-39.0307,159.615,-56.5489],[[[0.897437,0.0471844,-0.438611],[0.0392285,0.981789,0.185883],[0.439394,-0.184024,0.879243]],[[0.951796,0.0199208,-0.306083],[0.0631043,0.963825,0.258958],[0.300169,-0.26579,0.916108]],[[0.951796,0.0199208,-0.306083],[0.0165966,0.993082,0.116242],[0.306281,-0.115718,0.944881]],[[0.951796,0.0199208,-0.306083],[-0.0219598,0.999754,-0.00321929],[0.305944,0.00978564,0.951999]]],1],[1592,[0.0676033,-0.796205,0.601238],159,67.0064,[-12.4884,80.6204,30.9506],[0.172469,74.7588,28.9124],[108.894,7.00021,-10.1677],false,[29.561,134.383,81.0543],[7.75965,147.455,16.082],[-4.66022,103.802,-0.150861],[-2.73783,81.1612,16.9462],[1.26768,72.8216,33.3031],[[[0.928625,-0.146179,-0.341009],[0.200023,0.971353,0.128313],[0.312483,-0.187364,0.931262]],[[0.939103,-0.152719,-0.307834],[-0.227355,0.39559,-0.889842],[0.257672,0.905641,0.336779]],[[0.939103,-0.152719,-0.307834],[-0.336919,-0.585436,-0.737394],[-0.0676033,0.796205,-0.601238]],[[0.939103,-0.152719,-0.307834],[-0.26954,-0.883025,-0.384206],[-0.21315,0.443783,-0.870416]]],2],[1593,[-0.054854,-0.725525,0.686007],159,64.4285,[4.45979,83.6227,32.9071],[16.8315,78.7238,34.725],[112.237,12.6994,36.5499],false,[40.837,133.624,76.2371],[30.422,145.134,15.5509],[17.3075,104.161,3.48968],[15.7879,84.0627,22.4934],[17.3618,77.0823,39.7529],[[[0.94675,-0.244964,-0.208945],[0.275718,0.951959,0.133242],[0.166268,-0.183757,0.968808]],[[0.950213,-0.248989,-0.187352],[-0.104595,0.311502,-0.944471],[0.293523,0.917045,0.26995]],[[0.950213,-0.248989,-0.187352],[-0.306736,-0.641575,-0.703061],[0.054854,0.725525,-0.686007]],[[0.950213,-0.248989,-0.187352],[-0.3,-0.893545,-0.334032],[-0.0842371,0.373607,-0.923754]]],3],[1594,[-0.287749,-0.68646,0.667812],159,50.5107,[17.6789,94.8247,30.3018],[28.6388,90.4159,29.3798],[105.899,-1.43876,-5.82816],false,[52.0649,125.696,72.5439],[50.6748,138.195,15.939],[35.6805,108.31,4.43632],[30.0524,94.8839,17.4979],[28.0792,88.7275,33.4764],[[[0.900972,-0.418486,-0.114536],[0.433214,0.88227,0.184187],[0.0239719,-0.215566,0.976195]],[[0.900756,-0.430858,-0.0547686],[0.0938727,0.316251,-0.94402],[0.424059,0.845191,0.325311]],[[0.900756,-0.430858,-0.0547686],[-0.325329,-0.585777,-0.742312],[0.287749,0.68646,-0.667812]],[[0.900756,-0.430858,-0.0547686],[-0.418966,-0.82873,-0.371045],[0.114479,0.357167,-0.926999]]],4]],[[0,200,0],[235.247,235.247,147.751]]],[426865,83823919052,[[159,"right",[-0.265556,0.329886,-0.9059],[-0.102406,-0.943973,-0.313731],[18.6674,135.289,35.9576],[127.1,11.413,-48.3656],[7.40966,137.988,44.2611],0.804329,0,0.529845,[[0.696831,0.205461,-0.687177],[0.127921,0.907128,0.400943],[0.705736,-0.367294,0.605831]],63.72,[231.306,22.3113,247.638],[40.7573,121.481,84.0631]]],[[1590,[-0.0103808,-0.212241,-0.977162],159,52.1164,[-13.9623,96.8533,10.2559],[-8.4771,96.7261,8.22538],[171.603,9.74989,-34.8889],false,[13.231,110.426,91.8842],[13.231,110.426,91.8842],[-19.5777,109.669,54.2706],[-19.9317,102.433,20.9537],[-4.58481,95.366,4.75921],[[[0.425531,0.904882,-0.0106272],[-0.622074,0.301026,0.722778],[0.657227,-0.300953,0.690999]],[[0.218022,0.953224,-0.209358],[-0.721442,0.301885,0.623207],[0.657258,0.0151665,0.753513]],[[0.218022,0.953224,-0.209358],[-0.975889,0.215216,-0.036378],[0.0103808,0.212241,0.977162]],[[0.218022,0.953224,-0.209358],[-0.722815,0.0135778,-0.690908],[-0.655748,0.30196,0.691965]]],0],[1591,[-0.300585,0.12021,-0.946149],159,58.8075,[-45.8337,163.474,-45.4479],[-35.2566,159.557,-53.9038],[187.679,28.0317,-86.8896],false,[20.1236,132.338,86.0309],[-11.751,145.812,21.1082],[-24.3927,157.464,-18.2641],[-31.658,160.37,-41.1329],[-36.7913,160.26,-57.4287],[[[0.900445,0.0460662,-0.432524],[0.0385631,0.982006,0.184871],[0.433258,-0.183146,0.882465]],[[0.953585,0.0191279,-0.300517],[0.0639772,0.962327,0.264261],[0.29425,-0.271222,0.916436]],[[0.953585,0.0191279,-0.300517],[0.0180274,0.992564,0.12038],[0.300585,-0.12021,0.946149]],[[0.953585,0.0191279,-0.300517],[-0.0201835,0.999796,-0.000408152],[0.300448,0.00645469,0.953776]]],1],[1592,[0.0637234,-0.794002,0.604566],159,67.0064,[-11.8848,80.3877,30.8729],[1.87586,75.0215,28.4276],[131.019,13.4093,-21.4518],false,[30.9022,134.679,80.5572],[9.55372,147.679,15.4204],[-2.75753,103.972,-0.748162],[-0.945463,81.3939,16.4435],[2.95081,73.1071,32.8535],[[[0.930845,-0.147189,-0.33446],[0.199742,0.971397,0.128416],[0.305992,-0.18634,0.93362]],[[0.941128,-0.153716,-0.30108],[-0.221448,0.392598,-0.892652],[0.255418,0.906774,0.335445]],[[0.941128,-0.153716,-0.30108],[-0.331989,-0.58816,-0.737463],[-0.0637234,0.794002,-0.604566]],[[0.941128,-0.153716,-0.30108],[-0.267,-0.884258,-0.383143],[-0.207337,0.440975,-0.873242]]],2],[1593,[-0.0595602,-0.722976,0.688301],159,64.4285,[5.10071,83.412,33.0219],[18.4843,78.9822,34.4001],[131.49,17.4495,16.2749],false,[42.2104,133.907,75.8182],[32.2177,145.345,15.0474],[19.1753,104.324,3.06821],[17.5254,84.2964,22.1355],[18.9782,77.3636,39.4247],[[[0.948005,-0.245812,-0.202147],[0.275388,0.951964,0.133888],[0.159525,-0.182595,0.97016]],[[0.951371,-0.249881,-0.180145],[-0.0983946,0.30766,-0.946395],[0.291909,0.918099,0.268112]],[[0.951371,-0.249881,-0.180145],[-0.302233,-0.6441,-0.702702],[0.0595602,0.722976,-0.688301]],[[0.951371,-0.249881,-0.180145],[-0.298071,-0.894358,-0.333583],[-0.077758,0.371057,-0.925349]]],3],[1594,[-0.291617,-0.684304,0.668347],159,50.5107,[18.3678,94.58,30.2574],[30.3141,90.6298,29.0437],[128.143,5.88653,-13.5914],false,[53.4583,125.967,72.2122],[52.4632,138.394,15.583],[37.516,108.47,4.11854],[31.8123,95.0861,17.1906],[29.742,88.9622,33.1693],[[[0.901475,-0.419184,-0.107828],[0.43249,0.882245,0.185999],[0.0171627,-0.214308,0.976615]],[[0.900865,-0.431371,-0.0486003],[0.0987333,0.31263,-0.94473],[0.422723,0.846275,0.324228]],[[0.900865,-0.431371,-0.0486003],[-0.321563,-0.587918,-0.74226],[0.291617,0.684304,-0.668347]],[[0.900865,-0.431371,-0.0486003],[-0.417152,-0.829274,-0.371872],[0.120112,0.35528,-0.927011]]],4]],[[0,200,0],[235.247,235.247,147.751]]],[426866,83823928103,[[159,"right",[-0.25908,0.326321,-0.909061],[-0.101454,-0.945185,-0.310374],[20.397,135.488,35.4672],[144.757,14.3545,-49.9688],[8.11929,137.851,43.7806],0.806396,0,0.530506,[[0.701031,0.203677,-0.683426],[0.127168,0.907281,0.400835],[0.701701,-0.367908,0.610131]],63.72,[231.607,22.5251,248.514],[42.1473,121.86,83.7783]]],[[1590,[-0.00310165,-0.215524,-0.976494],159,52.1164,[-10.8,97.0119,9.55719],[-6.3507,96.9787,8.08931],[192.146,15.1959,-25.6358],false,[14.5558,110.872,91.4619],[14.5558,110.872,91.4619],[-18.0956,110.122,53.7115],[-18.2014,102.773,20.4174],[-2.20928,95.6109,4.90352],[[[0.426696,0.90432,-0.011641],[-0.626534,0.304858,0.717298],[0.652216,-0.298775,0.696669]],[[0.221862,0.952014,-0.210826],[-0.723133,0.305686,0.619382],[0.654107,0.0150376,0.756253]],[[0.221862,0.952014,-0.210826],[-0.975073,0.217301,-0.0448638],[0.00310165,0.215524,0.976494]],[[0.221862,0.952014,-0.210826],[-0.695596,0.00300813,-0.718426],[-0.683318,0.306041,0.662885]]],0],[1591,[-0.294885,0.119352,-0.94805],159,58.8075,[-41.8807,162.516,-48.3221],[-32.9571,159.668,-54.7856],[206.241,24.948,-89.6897],false,[21.5142,132.75,85.5613],[-9.9084,145.984,20.3695],[-22.2957,157.669,-19.074],[-29.4232,160.554,-41.9887],[-34.462,160.403,-58.3137],[[[0.903377,0.0431416,-0.426672],[0.0385216,0.982742,0.180927],[0.427114,-0.179882,0.886124]],[[0.955339,0.0168687,-0.295029],[0.0647544,0.962155,0.264696],[0.288329,-0.271979,0.918093]],[[0.955339,0.0168687,-0.295029],[0.01922,0.992709,0.118996],[0.294885,-0.119352,0.94805]],[[0.955339,0.0168687,-0.295029],[-0.0187301,0.999819,-0.00348416],[0.294916,0.00885446,0.955482]]],1],[1592,[0.0604625,-0.787925,0.612796],159,67.0064,[-11.0202,80.1068,30.7767],[3.677,75.254,28.3848],[150.509,17.4652,-14.3717],false,[32.332,135.055,80.1501],[11.4362,147.802,14.8167],[-0.761844,103.941,-1.01841],[0.957492,81.5357,16.4073],[4.75286,73.3951,32.9138],[[[0.932884,-0.149728,-0.32758],[0.200062,0.9717,0.1256],[0.299504,-0.182706,0.936438]],[[0.943008,-0.156172,-0.293848],[-0.216083,0.384167,-0.897621],[0.25307,0.909959,0.328526]],[[0.943008,-0.156172,-0.293848],[-0.327232,-0.595638,-0.733577],[-0.0604625,0.787925,-0.612796]],[[0.943008,-0.156172,-0.293848],[-0.264472,-0.887666,-0.376966],[-0.201967,0.433196,-0.878379]]],2],[1593,[-0.0646439,-0.7183,0.692724],159,64.4285,[6.00171,83.1623,33.1603],[20.1808,79.1978,34.3145],[146.728,19.7341,9.15082],false,[43.6708,134.249,75.4903],[34.0993,145.439,14.6055],[21.1002,104.349,2.82027],[19.3094,84.4502,22.0101],[20.6401,77.6201,39.35],[[[0.949037,-0.247804,-0.194735],[0.275646,0.9522,0.131662],[0.1528,-0.17863,0.971979]],[[0.952306,-0.251855,-0.172286],[-0.092012,0.301317,-0.949074],[0.290942,0.919661,0.263773]],[[0.952306,-0.251855,-0.172286],[-0.298219,-0.648548,-0.700322],[0.0646439,0.7183,-0.692724]],[[0.952306,-0.251855,-0.172286],[-0.296717,-0.896067,-0.330185],[-0.0712207,0.365558,-0.92806]]],3],[1594,[-0.296029,-0.680252,0.67054],159,50.5107,[19.3261,94.2941,30.1955],[32.0414,90.7734,28.9103],[145.659,9.0335,-13.3282],false,[54.9329,126.281,71.9938],[54.3323,138.466,15.3065],[39.4149,108.487,3.94864],[33.6249,95.1822,17.0636],[31.4531,89.1367,33.0587],[[[0.901666,-0.420715,-0.09999],[0.43231,0.882518,0.185122],[0.0103593,-0.210145,0.977615]],[[0.900665,-0.432557,-0.0411979],[0.104015,0.306688,-0.94611],[0.421882,0.847842,0.321215]],[[0.900665,-0.432557,-0.0411979],[-0.318072,-0.591736,-0.740728],[0.296029,0.680252,-0.67054]],[[0.900665,-0.432557,-0.0411979],[-0.415846,-0.830591,-0.370392],[0.125997,0.350731,-0.927962]]],4]],[[0,200,0],[235.247,235.247,147.751]]],[426867,83823937179,[[159,"right",[-0.251977,0.331383,-0.909227],[-0.0971354,-0.943459,-0.31694],[22.2171,135.783,35.0544],[160.183,19.3526,-48.7272],[9.09813,137.708,43.1747],0.808757,0,0.537258,[[0.706324,0.206326,-0.677153],[0.120803,0.907417,0.402494],[0.697505,-0.366093,0.616006]],63.72,[231.909,23.0542,249.786],[43.583,121.899,83.4643]]],[[1590,[0.00511055,-0.208724,-0.977961],159,52.1164,[-7.15118,97.4082,8.76725],[-4.0694,97.508,7.51902],[209.44,27.3965,-33.1251],false,[15.9473,110.817,90.8476],[15.9473,110.817,90.8476],[-16.4707,110.337,52.8923],[-16.2965,103.221,19.5481],[0.223657,96.1764,4.5418],[[[0.425158,0.905115,-0.00255511],[-0.633114,0.299407,0.713808],[0.646844,-0.301864,0.700337]],[[0.222821,0.953624,-0.202365],[-0.727042,0.300847,0.617172],[0.649431,0.00960916,0.76036]],[[0.222821,0.953624,-0.202365],[-0.974846,0.216876,-0.0513817],[-0.00511055,0.208724,0.977961]],[[0.222821,0.953624,-0.202365],[-0.672371,0.0000260386,-0.740214],[-0.705881,0.301,0.641195]]],0],[1591,[-0.28761,0.125367,-0.949507],159,58.8075,[-37.3199,162.011,-51.165],[-30.4573,160.524,-55.459],[225.405,44.0278,-85.2606],false,[22.916,132.743,85.1387],[-7.9785,146.317,19.7648],[-20.0704,158.314,-19.6767],[-27.022,161.344,-42.6267],[-31.9314,161.274,-58.9916],[[[0.906869,0.0473033,-0.418748],[0.0352317,0.981691,0.187195],[0.419936,-0.184515,0.888599]],[[0.957603,0.0204295,-0.287365],[0.061488,0.960005,0.273149],[0.281452,-0.279238,0.918047]],[[0.957603,0.0204295,-0.287365],[0.0166281,0.9919,0.125927],[0.28761,-0.125367,0.949507]],[[0.957603,0.0204295,-0.287365],[-0.0207512,0.999783,0.00192675],[0.287342,0.00411812,0.957819]]],1],[1592,[0.0576004,-0.789705,0.610777],159,67.0064,[-9.79891,79.7823,30.6052],[5.71854,75.5854,27.642],[171.183,22.9014,-32.3178],false,[33.7751,135.099,79.8332],[13.409,148.206,14.4038],[1.45247,104.369,-1.68042],[3.09042,81.9131,15.6879],[6.77095,73.7199,32.1944],[[[0.935884,-0.146112,-0.320581],[0.197253,0.971266,0.13317],[0.291912,-0.187867,0.937813]],[[0.945761,-0.152763,-0.286706],[-0.209771,0.386716,-0.898024],[0.248058,0.909458,0.333695]],[[0.945761,-0.152763,-0.286706],[-0.319717,-0.594163,-0.738073],[-0.0576004,0.789705,-0.610777]],[[0.945761,-0.152763,-0.286706],[-0.259186,-0.88689,-0.382425],[-0.195857,0.435993,-0.878379]]],2],[1593,[-0.0684174,-0.719911,0.690686],159,64.4285,[7.26688,82.8821,33.2922],[22.1506,79.5428,33.7955],[166.084,25.3015,-8.6783],false,[45.1542,134.341,75.2647],[36.0773,145.883,14.37],[23.2686,104.792,2.38218],[21.3733,84.8489,21.5156],[22.5781,77.9709,38.8457],[[[0.95109,-0.244966,-0.188201],[0.272818,0.951861,0.139753],[0.144906,-0.184262,0.972137]],[[0.954238,-0.249236,-0.165258],[-0.0851142,0.303405,-0.949053],[0.286679,0.919688,0.268307]],[[0.954238,-0.249236,-0.165258],[-0.291115,-0.647772,-0.704019],[0.0684174,0.719911,-0.690686]],[[0.954238,-0.249236,-0.165258],[-0.292012,-0.895748,-0.335208],[-0.0644839,0.368125,-0.927537]]],3],[1594,[-0.299687,-0.684193,0.664882],159,50.5107,[20.6478,93.9847,30.076],[34.0024,91.1172,28.3968],[165.307,17.2067,-24.9936],false,[56.4597,126.414,71.8153],[56.316,138.942,15.1999],[41.5395,108.987,3.59541],[35.678,95.6055,16.5997],[33.3942,89.4651,32.543],[[[0.90323,-0.418531,-0.0949083],[0.429149,0.882129,0.194113],[0.00247913,-0.216058,0.976377]],[[0.901779,-0.430638,-0.0366795],[0.110257,0.311281,-0.9439],[0.417897,0.847145,0.328188]],[[0.901779,-0.430638,-0.0366795],[-0.311419,-0.588584,-0.746048],[0.299687,0.684193,-0.664882]],[[0.901779,-0.430638,-0.0366795],[-0.411387,-0.829245,-0.378303],[0.132495,0.356235,-0.924955]]],4]],[[0,200,0],[235.247,235.247,147.751]]],[426868,83823946187,[[159,"right",[-0.25002,0.33175,-0.909633],[-0.0947365,-0.943344,-0.318006],[24.3928,136.056,34.5327],[182.537,22.3808,-51.2537],[10.4476,137.562,42.4122],0.808394,0,0.544858,[[0.712857,0.205888,-0.670406],[0.118468,0.906846,0.40447],[0.691231,-0.367751,0.622061]],63.72,[232.281,22.8734,250.946],[45.6484,122.166,82.9892]]],[[1590,[0.00598969,-0.206547,-0.978418],159,52.1164,[-3.40725,97.913,8.11691],[-1.67818,97.8973,7.1819],[224.309,32.4871,-31.9363],false,[18.0105,111.033,90.2872],[18.0105,111.033,90.2872],[-14.4148,110.648,52.337],[-14.2106,103.606,18.9772],[2.68377,96.5987,4.3754],[[[0.423696,0.905804,-0.000619825],[-0.635554,0.297772,0.712322],[0.645409,-0.301414,0.701852]],[[0.222808,0.954115,-0.200053],[-0.726915,0.299341,0.618052],[0.649577,0.00771408,0.760257]],[[0.222808,0.954115,-0.200053],[-0.974844,0.216802,-0.0517353],[-0.00598969,0.206547,0.978418]],[[0.222808,0.954115,-0.200053],[-0.65518,-0.00539846,-0.755453],[-0.721869,0.299392,0.623914]]],0],[1591,[-0.285618,0.126175,-0.950001],159,58.8075,[-32.7602,161.817,-53.5673],[-28.1056,160.871,-56.0723],[235.279,42.3944,-80.4879],false,[24.9594,132.975,84.6161],[-5.77774,146.555,19.1692],[-17.7939,158.643,-20.2675],[-24.6974,161.693,-43.2294],[-29.5685,161.615,-59.6058],[[[0.907937,0.0491285,-0.416218],[0.033127,0.981586,0.188125],[0.417796,-0.184594,0.889591]],[[0.958229,0.0223075,-0.285129],[0.0597486,0.959341,0.275852],[0.27969,-0.281365,0.917936]],[[0.958229,0.0223075,-0.285129],[0.014784,0.991757,0.127276],[0.285618,-0.126175,0.950001]],[[0.958229,0.0223075,-0.285129],[-0.0226773,0.999741,0.00200488],[0.2851,0.00454482,0.958487]]],1],[1592,[0.0583955,-0.787788,0.613171],159,67.0064,[-8.09116,79.4159,30.3624],[8.0786,75.8689,27.2397],[196.507,25.6052,-34.5772],false,[35.8291,135.353,79.3424],[15.6213,148.483,13.8685],[3.81593,104.576,-2.1338],[5.47649,82.1737,15.3026],[9.13897,74.0251,31.8352],[[[0.936995,-0.144324,-0.318136],[0.195312,0.97147,0.134535],[0.289643,-0.188195,0.938451]],[[0.946808,-0.151,-0.284171],[-0.208728,0.383936,-0.899458],[0.244922,0.910929,0.331996]],[[0.946808,-0.151,-0.284171],[-0.316456,-0.59715,-0.737067],[-0.0583956,0.787788,-0.613171]],[[0.946808,-0.151,-0.284171],[-0.256067,-0.888355,-0.381123],[-0.194895,0.433617,-0.879768]]],2],[1593,[-0.0686261,-0.718344,0.692295],159,64.4285,[9.01937,82.5783,33.4153],[24.4515,79.8518,33.4388],[190.595,28.2469,-16.9643],false,[47.2219,134.617,74.8045],[38.2933,146.197,13.895],[25.5997,105.05,1.9768],[23.6986,85.1501,21.1548],[24.87,78.3023,38.4991],[[[0.951999,-0.243265,-0.185798],[0.270891,0.952182,0.141309],[0.142538,-0.184857,0.972374]],[[0.95516,-0.247653,-0.162288],[-0.0833971,0.300893,-0.950004],[0.284103,0.92094,0.266747]],[[0.95516,-0.247653,-0.162288],[-0.288028,-0.650115,-0.703129],[0.0686261,0.718344,-0.692295]],[[0.95516,-0.247653,-0.162288],[-0.289377,-0.896851,-0.334543],[-0.0626979,0.366504,-0.928301]]],3],[1594,[-0.299465,-0.684118,0.665059],159,50.5107,[22.4478,93.6607,29.8897],[36.277,91.4102,27.9663],[189.569,21.8459,-30.6345],false,[58.5497,126.711,71.3794],[58.5409,139.288,14.7744],[43.8337,109.294,3.18413],[37.9765,95.9131,16.1919],[35.6744,89.772,32.1322],[[[0.904164,-0.416987,-0.0927849],[0.427185,0.882656,0.196039],[0.000151498,-0.216888,0.976197]],[[0.902594,-0.429073,-0.0349466],[0.111001,0.310395,-0.944105],[0.415937,0.848264,0.327788]],[[0.902594,-0.429073,-0.0349466],[-0.309266,-0.589813,-0.745973],[0.299465,0.684118,-0.665059]],[[0.902594,-0.429073,-0.0349466],[-0.409251,-0.830038,-0.37888],[0.13356,0.356277,-0.924786]]],4]],[[0,200,0],[235.247,235.247,147.751]]],[426869,83823955274,[[159,"right",[-0.2471,0.335104,-0.909201],[-0.0919662,-0.942173,-0.322262],[26.6635,136.329,34.0793],[201.181,24.4872,-50.8777],[12.2855,137.422,41.4677],0.807565,0,0.553325,[[0.720433,0.206174,-0.66217],[0.115051,0.906029,0.407276],[0.683915,-0.369599,0.629013]],63.72,[232.414,22.4814,252.392],[47.7572,122.273,82.5587]]],[[1590,[0.00691198,-0.200968,-0.979573],159,52.1164,[0.129494,98.5338,7.53403],[0.772285,98.3819,6.7426],[235.179,39.0363,-34.5224],false,[20.1102,111.064,89.7051],[20.1102,111.064,89.7051],[-12.2995,110.901,51.74],[-12.0638,104.049,18.3408],[5.15305,97.1288,4.07836],[[[0.422199,0.906491,0.00474174],[-0.638754,0.29378,0.711116],[0.643228,-0.303261,0.703058]],[[0.222918,0.955256,-0.194406],[-0.727161,0.295763,0.619484],[0.649264,0.00327008,0.760556]],[[0.222918,0.955256,-0.194406],[-0.974813,0.217021,-0.0514021],[-0.00691198,0.200968,0.979573]],[[0.222918,0.955256,-0.194406],[-0.63963,-0.00716523,-0.768649],[-0.73565,0.295694,0.609414]]],0],[1591,[-0.282674,0.130139,-0.950347],159,58.8075,[-28.5865,162.096,-55.2626],[-25.5657,161.517,-56.5882],[247.538,50.2154,-73.7891],false,[27.0444,133.041,84.1513],[-3.46558,146.842,18.6443],[-15.3669,159.153,-20.7581],[-22.1993,162.299,-43.7283],[-27.0155,162.268,-60.121],[[[0.909433,0.0523365,-0.412543],[0.0307888,0.980852,0.192306],[0.414709,-0.187592,0.890408]],[[0.959131,0.0251513,-0.281843],[0.0577001,0.95773,0.281824],[0.277017,-0.286569,0.917137]],[[0.959131,0.0251513,-0.281843],[0.0127763,0.991177,0.13193],[0.282674,-0.130139,0.950347]],[[0.959131,0.0251513,-0.281843],[-0.0246426,0.999682,0.00534988],[0.281888,0.0018141,0.959446]]],1],[1592,[0.0583846,-0.788394,0.612394],159,67.0064,[-5.76069,79.0195,30.0035],[10.532,76.1724,26.6483],[217.038,28.0013,-42.4562],false,[37.9301,135.458,78.929],[17.9503,148.826,13.4334],[6.30332,104.919,-2.68337],[7.96356,82.4996,14.7309],[11.5904,74.3321,31.262],[[[0.938438,-0.141472,-0.315152],[0.193193,0.971223,0.139295],[0.286376,-0.191604,0.938763]],[[0.948111,-0.148258,-0.281257],[-0.206635,0.384981,-0.899495],[0.241636,0.910939,0.334369]],[[0.948111,-0.148258,-0.281257],[-0.312534,-0.597039,-0.738829],[-0.0583846,0.788394,-0.612394]],[[0.948111,-0.148258,-0.281257],[-0.252662,-0.888324,-0.38346],[-0.192997,0.434626,-0.879689]]],2],[1593,[-0.0702212,-0.721488,0.688857],159,64.4285,[11.3682,82.2599,33.4669],[26.8175,80.1269,32.7604],[209.639,28.6114,-33.6243],false,[49.3413,134.761,74.4316],[40.6258,146.578,13.5369],[28.0452,105.462,1.39067],[26.1,85.4755,20.4734],[27.2138,78.554,37.7923],[[[0.9531,-0.240936,-0.183168],[0.268777,0.95203,0.146277],[0.139138,-0.188648,0.972138]],[[0.956188,-0.245431,-0.159585],[-0.0801334,0.304875,-0.949015],[0.281572,0.920225,0.271851]],[[0.956188,-0.245431,-0.159585],[-0.284206,-0.647471,-0.707113],[0.0702212,0.721488,-0.688857]],[[0.956188,-0.245431,-0.159585],[-0.286618,-0.895839,-0.339591],[-0.0596161,0.370453,-0.926936]]],3],[1594,[-0.300094,-0.686342,0.662479],159,50.5107,[24.8403,93.3419,29.606],[38.6526,91.725,27.4617],[209.686,25.731,-37.0838],false,[60.6952,126.887,71.0171],[60.8812,139.698,14.465],[46.2582,109.705,2.76506],[40.3888,96.2812,15.7223],[38.0486,90.0855,31.636],[[[0.905199,-0.41512,-0.0910567],[0.424977,0.882534,0.201315],[-0.00320903,-0.220927,0.975285]],[[0.903443,-0.427394,-0.0335423],[0.112968,0.312811,-0.943073],[0.413556,0.848224,0.330889]],[[0.903443,-0.427394,-0.0335423],[-0.306161,-0.588446,-0.74833],[0.300094,0.686343,-0.662479]],[[0.903443,-0.427394,-0.0335423],[-0.406643,-0.829539,-0.382761],[0.135765,0.359443,-0.923238]]],4]],[[0,200,0],[235.247,235.247,147.751]]],[426870,83823964245,[[159,"right",[-0.24194,0.335486,-0.910447],[-0.088649,-0.942042,-0.323571],[28.9413,136.627,33.7683],[215.619,26.8862,-46.4371],[14.6167,137.311,40.3901],0.807682,0,0.561109,[[0.72743,0.206981,-0.65422],[0.111755,0.904955,0.410569],[0.67702,-0.371773,0.635161]],63.72,[232.55,22.1833,253.86],[49.7544,122.562,82.3662]]],[[1590,[0.0107356,-0.198822,-0.979977],159,52.1164,[3.12469,99.0584,7.21226],[3.29349,98.7946,6.48772],[246.494,41.5965,-31.3404],false,[22.0794,111.309,89.3325],[22.0794,111.309,89.3325],[-10.1979,111.235,51.2545],[-9.83182,104.456,17.8416],[7.70779,97.5709,3.96067],[[[0.420889,0.907076,0.00807202],[-0.643553,0.292318,0.707382],[0.63929,-0.302924,0.706785]],[[0.223664,0.95568,-0.191442],[-0.729293,0.294404,0.617624],[0.646612,0.00147701,0.762818]],[[0.223664,0.95568,-0.191442],[-0.974607,0.21713,-0.0547291],[-0.0107356,0.198822,0.979977]],[[0.223664,0.95568,-0.191442],[-0.623148,-0.0108169,-0.782029],[-0.749441,0.294209,0.59311]]],0],[1591,[-0.27741,0.130595,-0.951834],159,58.8075,[-25.1678,162.425,-56.3125],[-22.7931,161.873,-57.1737],[264.328,47.0156,-71.4496],false,[29.017,133.299,83.8391],[-1.10642,147.11,18.1556],[-12.7963,159.498,-21.2863],[-19.5014,162.655,-44.2925],[-24.223,162.611,-60.7127],[[[0.911894,0.0539378,-0.406866],[0.0282226,0.98074,0.19327],[0.409454,-0.187724,0.892808]],[[0.960693,0.0268063,-0.276315],[0.0550627,0.957153,0.284299],[0.272096,-0.288339,0.918055]],[[0.960693,0.0268063,-0.276315],[0.01057,0.991073,0.132898],[0.27741,-0.130595,0.951834]],[[0.960693,0.0268063,-0.276315],[-0.026472,0.999637,0.00494025],[0.276347,0.00256855,0.961055]]],1],[1592,[0.0563932,-0.787718,0.61345],159,67.0064,[-2.82955,78.6322,29.5573],[12.9776,76.4704,26.303],[232.222,29.5939,-41.3052],false,[39.9314,135.737,78.6862],[20.3384,149.129,13.0788],[8.86644,105.189,-3.07661],[10.4701,82.7896,14.3677],[14.0163,74.6395,30.9248],[[[0.940567,-0.139908,-0.30945],[0.190965,0.97138,0.141256],[0.280831,-0.191955,0.940366]],[[0.949996,-0.146674,-0.275672],[-0.202141,0.384023,-0.900925],[0.238006,0.911599,0.335171]],[[0.949996,-0.146674,-0.275672],[-0.307128,-0.598321,-0.740057],[-0.0563932,0.787718,-0.61345]],[[0.949996,-0.146674,-0.275672],[-0.24879,-0.889039,-0.384335],[-0.188711,0.433701,-0.881074]]],2],[1593,[-0.0734794,-0.722129,0.687845],159,64.4285,[14.2705,81.9664,33.4651],[29.1826,80.4267,32.4099],[224.207,29.9087,-35.1934],false,[51.3712,135.058,74.259],[43.016,146.912,13.3208],[30.5687,105.788,1.06477],[28.5331,85.7841,20.1194],[29.5493,78.8504,37.4395],[[[0.954552,-0.239457,-0.177457],[0.266532,0.952288,0.148691],[0.133385,-0.189231,0.972831]],[[0.957502,-0.24397,-0.153844],[-0.0746753,0.305512,-0.949256],[0.278591,0.920403,0.27431]],[[0.957502,-0.24397,-0.153844],[-0.278909,-0.647308,-0.709367],[0.0734794,0.722129,-0.687845]],[[0.957502,-0.24397,-0.153844],[-0.283251,-0.895969,-0.342063],[-0.0543866,0.371103,-0.926998]]],3],[1594,[-0.30254,-0.686686,0.661008],159,50.5107,[27.7772,93.0681,29.2716],[41.0413,92.0415,27.2493],[225.353,28.648,-33.2604],false,[62.757,127.204,70.9086],[63.275,140.06,14.3689],[48.7597,110.043,2.59701],[42.8424,96.6121,15.5255],[40.4253,90.4106,31.4254],[[[0.906326,-0.413781,-0.085782],[0.422485,0.882966,0.20464],[-0.00893338,-0.221712,0.975071]],[[0.904258,-0.426022,-0.0286968],[0.117471,0.312828,-0.942517],[0.41051,0.848908,0.332922]],[[0.904258,-0.426022,-0.0286968],[-0.301309,-0.58904,-0.74983],[0.30254,0.686686,-0.661008]],[[0.904258,-0.426022,-0.0286968],[-0.403303,-0.830098,-0.385076],[0.14023,0.359781,-0.922439]]],4]],[[0,200,0],[235.247,235.247,147.751]]],[426871,83823973346,[[159,"right",[-0.235516,0.337748,-0.911295],[-0.0839413,-0.941237,-0.327151],[31.2146,136.698,33.6322],[225.09,21.5828,-37.7115],[17.499,137.204,39.2166],0.80825,0,0.56972,[[0.734128,0.209033,-0.646035],[0.106213,0.904371,0.413318],[0.670652,-0.372046,0.641722]],63.72,[232.752,22.0772,255.614],[51.6757,122.53,82.3495]]],[[1590,[0.0159831,-0.19411,-0.98085],159,52.1164,[5.74077,99.3881,7.03424],[5.84424,99.0502,6.29314],[253.769,38.7727,-27.1389],false,[23.9725,111.193,89.0625],[23.9725,111.193,89.0625],[-8.14249,111.299,50.8475],[-7.59754,104.68,17.4049],[10.264,97.8753,3.89984],[[[0.418739,0.907996,0.014179],[-0.64978,0.288678,0.703173],[0.634385,-0.303659,0.710878]],[[0.2241,0.956714,-0.185682],[-0.73203,0.291022,0.615985],[0.643359,-0.00211787,0.765561]],[[0.2241,0.956714,-0.185682],[-0.974435,0.216841,-0.0587912],[-0.0159831,0.19411,0.98085]],[[0.2241,0.956714,-0.185682],[-0.606061,-0.012395,-0.795322],[-0.763197,0.290766,0.577049]]],0],[1591,[-0.270533,0.13266,-0.953527],159,58.8075,[-21.9214,162.716,-57.0162],[-19.8827,162.136,-57.62],[279.576,41.4993,-65.247],false,[30.9028,133.216,83.6916],[1.26711,147.161,17.8149],[-10.1522,159.68,-21.6647],[-16.6911,162.886,-44.7119],[-21.288,162.862,-61.1674],[[[0.91495,0.0572543,-0.399486],[0.0244565,0.9802,0.196496],[0.402826,-0.189554,0.895433]],[[0.962684,0.0298999,-0.268972],[0.0509006,0.956136,0.288467],[0.265799,-0.291394,0.918935]],[[0.962684,0.0298999,-0.268972],[0.00717156,0.99071,0.135799],[0.270533,-0.13266,0.953527]],[[0.962684,0.0298999,-0.268972],[-0.0291849,0.999552,0.00665753],[0.26905,0.0014408,0.963125]]],1],[1592,[0.0534398,-0.789415,0.611529],159,67.0064,[0.737188,78.235,29.002],[15.4532,76.5303,25.8714],[243.005,23.1591,-43.2277],false,[41.852,135.693,78.6325],[22.7467,149.244,12.9138],[11.5028,105.327,-3.46329],[13.0225,82.8793,13.9264],[16.4585,74.6881,30.4865],[[[0.943296,-0.136826,-0.302442],[0.187626,0.971368,0.14574],[0.273841,-0.194222,0.94196]],[[0.952456,-0.143661,-0.268682],[-0.19599,0.386294,-0.901313],[0.233273,0.91112,0.339772]],[[0.952456,-0.143661,-0.268682],[-0.299954,-0.596813,-0.744206],[-0.0534398,0.789415,-0.611529]],[[0.952456,-0.143661,-0.268682],[-0.243714,-0.88846,-0.3889],[-0.182844,0.435891,-0.88123]]],2],[1593,[-0.0772717,-0.724288,0.685154],159,64.4285,[17.7596,81.6776,33.4039],[31.5966,80.5053,32.1236],[235.275,23.9675,-34.4698],false,[53.3279,135.055,74.2937],[45.4266,147.077,13.3281],[33.1711,105.962,0.852438],[31.0306,85.8981,19.8326],[31.9253,78.9165,37.14],[[[0.956467,-0.23675,-0.170648],[0.263174,0.952424,0.153713],[0.126138,-0.191932,0.973268]],[[0.95925,-0.241345,-0.146945],[-0.0678314,0.308154,-0.948915],[0.274297,0.920214,0.279226]],[[0.95925,-0.241345,-0.146945],[-0.271789,-0.645879,-0.713422],[0.0772717,0.724288,-0.685154]],[[0.95925,-0.241345,-0.146945],[-0.278472,-0.895614,-0.346885],[-0.0478873,0.373669,-0.926325]]],3],[1594,[-0.305445,-0.688614,0.657658],159,50.5107,[31.2814,92.822,28.9108],[43.477,92.1617,27.1358],[237.25,24.7347,-27.3285],false,[64.7577,127.236,71.0092],[65.6923,140.268,14.5151],[51.332,110.242,2.57743],[45.3579,96.7733,15.4404],[42.8447,90.5342,31.3107],[[[0.907917,-0.411465,-0.0798924],[0.418839,0.883283,0.210678],[-0.016119,-0.22474,0.974285]],[[0.905453,-0.423811,-0.0232281],[0.123359,0.315124,-0.940999],[0.406126,0.849165,0.337611]],[[0.905453,-0.423811,-0.0232281],[-0.294718,-0.588383,-0.752959],[0.305445,0.688614,-0.657658]],[[0.905453,-0.423811,-0.0232281],[-0.398619,-0.83028,-0.389536],[0.145804,0.361965,-0.920718]]],4]],[[0,200,0],[235.247,235.247,147.751]]],[426872,83823982456,[[159,"right",[-0.227969,0.341009,-0.911999],[-0.0806356,-0.940058,-0.331344],[33.4512,136.761,33.5564],[230.755,17.5299,-29.5588],[20.81,137.112,38.0417],0.806301,0,0.575505,[[0.740113,0.210011,-0.638849],[0.10152,0.904206,0.414855],[0.664776,-0.371895,0.647894]],63.72,[232.996,22.0113,257.324],[53.5065,122.423,82.3925]]],[[1590,[0.019788,-0.187422,-0.98208],159,52.1164,[8.07855,99.868,6.98151],[8.21825,99.4789,6.2052],[251.909,43.0896,-20.5809],false,[25.7536,111.047,88.8282],[25.7536,111.047,88.8282],[-6.27068,111.526,50.54],[-5.596,105.136,17.0554],[12.5892,98.3821,3.96281],[[[0.418094,0.908159,0.0211018],[-0.655881,0.285717,0.698703],[0.628504,-0.305964,0.7151]],[[0.227301,0.957394,-0.178131],[-0.732636,0.288625,0.616392],[0.641544,-0.00960097,0.767026]],[[0.227301,0.957394,-0.178131],[-0.973624,0.219703,-0.0615462],[-0.019788,0.187422,0.98208]],[[0.227301,0.957394,-0.178131],[-0.586995,-0.0112545,-0.809512],[-0.777027,0.288565,0.559428]]],0],[1591,[-0.262875,0.135572,-0.955258],159,58.8075,[-18.7369,163.072,-57.5382],[-16.9099,162.526,-58.0161],[292.416,41.2134,-59.2462],false,[32.717,133.093,83.598],[3.63305,147.267,17.5246],[-7.47227,159.952,-21.9918],[-13.8261,163.229,-45.0807],[-18.2885,163.238,-61.5733],[[[0.918272,0.0592243,-0.391496],[0.0222389,0.979475,0.200335],[0.395325,-0.192668,0.898108]],[[0.964815,0.0314844,-0.261037],[0.0481109,0.954902,0.292996],[0.258489,-0.295246,0.91979]],[[0.964815,0.0314844,-0.261037],[0.0053134,0.990267,0.139078],[0.262875,-0.135572,0.955258]],[[0.964815,0.0314844,-0.261037],[-0.0302435,0.999504,0.00877064],[0.261183,-0.000567396,0.965289]]],1],[1592,[0.048733,-0.791637,0.609045],159,67.0064,[4.70195,77.872,28.3695],[17.7921,76.6157,25.4445],[246.584,19.2538,-44.324],false,[43.7073,135.595,78.6412],[25.1522,149.38,12.8137],[14.072,105.519,-3.8211],[15.4578,83.0074,13.498],[18.7587,74.7573,30.0563],[[[0.945903,-0.135201,-0.294936],[0.185837,0.970919,0.150933],[0.265953,-0.197578,0.943521]],[[0.954772,-0.142148,-0.261161],[-0.188592,0.389543,-0.901493],[0.229879,0.909973,0.345117]],[[0.954772,-0.142148,-0.261161],[-0.29332,-0.594226,-0.748905],[-0.048733,0.791637,-0.609045]],[[0.954772,-0.142148,-0.261161],[-0.239908,-0.887159,-0.3942],[-0.175656,0.439025,-0.881137]]],2],[1593,[-0.0826966,-0.726842,0.681808],159,64.4285,[21.6007,81.4203,33.2797],[33.8778,80.5765,31.8495],[239.172,19.393,-33.4414],false,[55.2199,134.979,74.3975],[47.8291,147.224,13.4122],[35.7031,106.149,0.679158],[33.4122,86.0144,19.5666],[34.1636,78.9702,36.8555],[[[0.958012,-0.235607,-0.163408],[0.261326,0.951985,0.159476],[0.117988,-0.195482,0.973584]],[[0.960601,-0.240296,-0.139657],[-0.059906,0.311661,-0.948303],[0.271399,0.919307,0.284987]],[[0.960601,-0.240296,-0.139657],[-0.265344,-0.643396,-0.718077],[0.0826966,0.726842,-0.681808]],[[0.960601,-0.240296,-0.139657],[-0.275007,-0.894493,-0.352497],[-0.0402181,0.377015,-0.925333]]],3],[1594,[-0.309834,-0.690277,0.653851],159,50.5107,[35.1085,92.6261,28.565],[45.8037,92.2604,27.0706],[242.456,21.2821,-21.4929],false,[66.6814,127.178,71.1811],[68.0878,140.42,14.7457],[53.8382,110.417,2.62093],[47.7782,96.9159,15.4095],[45.1507,90.637,31.2455],[[[0.908793,-0.410683,-0.0737165],[0.416541,0.882715,0.217501],[-0.0242536,-0.22837,0.973272]],[[0.905883,-0.423167,-0.0174797],[0.130273,0.317675,-0.939208],[0.402995,0.848535,0.342904]],[[0.905883,-0.423167,-0.0174797],[-0.288754,-0.586896,-0.756422],[0.309834,0.690277,-0.653851]],[[0.905883,-0.423167,-0.0174797],[-0.395144,-0.829599,-0.394495],[0.152436,0.364274,-0.918732]]],4]],[[0,200,0],[235.247,235.247,147.751]]],[426873,83823991395,[[159,"right",[-0.219278,0.340835,-0.914193],[-0.0727558,-0.9401,-0.333043],[35.8306,136.902,33.6757],[240.426,17.0315,-17.8439],[24.4166,137.062,36.9934],0.804015,0,0.582881,[[0.746336,0.216006,-0.629543],[0.0938495,0.902266,0.420843],[0.65892,-0.373172,0.653121]],63.72,[233.311,21.8509,259.063],[55.4024,122.607,82.7205]]],[[1590,[0.0271869,-0.183884,-0.982572],159,52.1164,[10.7122,100.211,7.05629],[10.9629,99.756,6.27601],[263.966,41.0991,-12.1568],false,[27.6302,111.102,88.8356],[27.6302,111.102,88.8356],[-4.12682,111.659,50.3266],[-3.19987,105.389,16.8252],[15.3107,98.7219,4.15089],[[[0.413797,0.909981,0.0265641],[-0.664907,0.282166,0.691578],[0.621828,-0.303836,0.721813]],[[0.226698,0.95846,-0.173099],[-0.737476,0.28501,0.612289],[0.636189,-0.0111483,0.771452]],[[0.226698,0.95846,-0.173099],[-0.973586,0.218041,-0.0677436],[-0.0271869,0.183884,0.982572]],[[0.226698,0.95846,-0.173099],[-0.568369,-0.0141395,-0.822652],[-0.790926,0.284878,0.541553]]],0],[1591,[-0.253147,0.134654,-0.958011],159,58.8075,[-15.4166,163.176,-57.9931],[-13.644,162.537,-58.4176],[312.108,29.4861,-55.4914],false,[34.5536,133.184,83.7028],[6.14706,147.29,17.3209],[-4.58685,159.983,-22.2953],[-10.7055,163.238,-45.4508],[-14.9886,163.215,-61.9909],[[[0.922317,0.0636505,-0.381157],[0.0156521,0.979379,0.201424],[0.386118,-0.191742,0.902301]],[[0.967428,0.0360714,-0.250565],[0.0407652,0.95468,0.29483],[0.249844,-0.295441,0.922113]],[[0.967428,0.0360714,-0.250565],[-0.000817203,0.990236,0.139399],[0.253147,-0.134654,0.958011]],[[0.967428,0.0360714,-0.250565],[-0.0352491,0.999348,0.00777017],[0.250682,0.00131512,0.968069]]],1],[1592,[0.0456476,-0.791742,0.609148],159,67.0064,[8.99085,77.5696,27.7796],[20.5407,76.7001,25.3676],[262.914,16.6396,-34.7866],false,[45.5874,135.739,78.8714],[27.7079,149.502,12.8526],[17.0099,105.604,-3.93198],[18.308,83.0892,13.39],[21.4644,74.8452,29.9795],[[[0.94973,-0.130739,-0.284464],[0.179829,0.971593,0.153846],[0.25627,-0.197267,0.946262]],[[0.958222,-0.137654,-0.250722],[-0.180412,0.389324,-0.90326],[0.221949,0.910757,0.348224]],[[0.958222,-0.137654,-0.250722],[-0.282358,-0.595144,-0.752381],[-0.0456476,0.791742,-0.609148]],[[0.958222,-0.137654,-0.250722],[-0.231512,-0.888028,-0.397251],[-0.167965,0.4387,-0.882797]]],2],[1593,[-0.0911876,-0.736597,0.670157],159,64.4285,[25.5849,81.1851,32.9529],[36.42,80.6131,31.4716],[248.613,12.6938,-49.2496],false,[57.1493,135.178,74.7561],[50.386,147.446,13.7027],[38.5611,106.518,0.238416],[36.035,86.1123,18.8031],[36.5582,78.8812,36.0231],[[[0.960814,-0.231212,-0.152896],[0.255301,0.952986,0.163215],[0.107971,-0.195854,0.974671]],[[0.963221,-0.236053,-0.128391],[-0.0464776,0.324248,-0.94483],[0.264661,0.916047,0.301351]],[[0.963221,-0.236053,-0.128391],[-0.252765,-0.633801,-0.731031],[0.0911876,0.736597,-0.670157]],[[0.963221,-0.236053,-0.128391],[-0.267248,-0.891345,-0.366174],[-0.0280045,0.387018,-0.921647]]],3],[1594,[-0.313333,-0.691468,0.650918],159,50.5107,[39.1582,92.5263,28.3596],[48.4619,92.4652,27.3524],[257.563,22.0995,-6.87075],false,[68.6806,127.431,71.6611],[70.6586,140.731,15.2566],[56.6714,110.664,2.98519],[50.543,97.1398,15.7164],[47.782,90.8519,31.5261],[[[0.911374,-0.406587,-0.0639133],[0.410164,0.884351,0.222912],[-0.0341114,-0.229371,0.