{"metadata":{"formatVersion":2,"generatedBy":"LeapJS Playback 0.2.1","frames":151,"protocolVersion":6,"serviceVersion":"2.2.5+26752","frameRate":"1.1e+2","modified":"Wed Apr 22 2015 20:49:45 GMT-0300 (E. South America Standard Time)"},"frames":[["id","timestamp",{"hands":[["id","type","direction","palmNormal","palmPosition","palmVelocity","stabilizedPalmPosition","pinchStrength","grabStrength","confidence","armBasis","armWidth","elbow","wrist"]]},{"pointables":[["id","direction","handId","length","stabilizedTipPosition","tipPosition","tipVelocity","tool","carpPosition","mcpPosition","pipPosition","dipPosition","btipPosition","bases","type"]]},{"interactionBox":["center","size"]}],[430448,83856927732,[[160,"right",[-0.331026,0.258986,-0.907385],[0.0390302,-0.957018,-0.287391],[-87.6105,170.814,53.7299],[124.41,1.80813,-55.0306],[-96.4753,171.76,62.7013],0.899573,0,0.773673,[[0.419478,0.599616,-0.681541],[0.12992,0.703405,0.698815],[0.89842,-0.381684,0.217161]],63.72,[179.857,58.9036,160.266],[-62.7169,161.958,101.632]]],[[1600,[-0.2599,-0.181202,-0.948482],160,52.1164,[-125.697,128.701,29.7463],[-116.111,130.071,21.2384],[134.891,-1.39451,-38.158],false,[-88.0404,147.014,110.377],[-88.0404,147.014,110.377],[-115.371,140.687,69.088],[-124.233,134.508,36.749],[-112.672,129.11,17.1288],[[[0.279882,0.959052,-0.0434211],[-0.647038,0.221853,0.729468],[0.70923,-0.17607,0.682636]],[[0.0947444,0.972711,-0.211793],[-0.831414,0.194327,0.520565],[0.547516,0.126767,0.827137]],[[0.0947444,0.972711,-0.211793],[-0.960976,0.144908,0.23564],[0.2599,0.181202,0.948482]],[[0.0947444,0.972711,-0.211793],[-0.864314,-0.0251864,-0.502322],[-0.493948,0.230647,0.838342]]],0],[1601,[-0.311818,0.104142,-0.944417],160,58.8075,[-156.701,191.273,-26.0581],[-145.942,189.888,-34.6078],[161.724,-25.7777,-74.9251],false,[-84.7416,169.552,103.813],[-119.575,176.088,39.3431],[-133.591,187.306,0.311237],[-141.128,189.823,-22.5157],[-146.141,189.311,-38.8414],[[[0.87385,0.17218,-0.454688],[-0.110488,0.981051,0.159159],[0.473476,-0.0888434,0.876315]],[[0.943185,0.15399,-0.29443],[-0.063024,0.952948,0.296509],[0.326236,-0.261107,0.908511]],[[0.943185,0.15399,-0.29443],[-0.114768,0.982569,0.146242],[0.311818,-0.104142,0.944417]],[[0.943185,0.15399,-0.29443],[-0.155953,0.987619,0.0169516],[0.293395,0.0299287,0.955523]]],1],[1602,[0.239002,-0.621416,0.746137],160,67.0064,[-104.03,126.238,42.8682],[-97.3322,125.762,40.5861],[124.822,-0.913513,-21.5279],false,[-74.5644,173.371,98.0294],[-98.9316,181.059,33.1086],[-108.244,141.537,7.13634],[-101.448,123.866,28.3538],[-95.5056,126.05,46.0472],[[[0.93573,-0.0111906,-0.35254],[0.0492589,0.993848,0.099198],[0.349261,-0.110188,0.930524]],[[0.948425,-0.0154042,-0.316629],[-0.25132,0.572224,-0.78064],[0.193207,0.819953,0.53884]],[[0.948425,-0.0154042,-0.316629],[-0.208252,-0.78333,-0.585684],[-0.239002,0.621416,-0.746137]],[[0.948425,-0.0154042,-0.316629],[0.0222961,-0.993104,0.115101],[-0.316218,-0.116224,-0.94154]]],2],[1603,[0.124919,-0.619029,0.77537],160,64.4285,[-87.1995,130.3,44.0352],[-79.1153,129.962,42.4486],[127.063,-2.8064,-9.04066],false,[-63.3675,174.22,93.0456],[-76.1912,182.241,32.2593],[-85.7431,145.562,8.60272],[-82.2826,128.413,30.082],[-77.7031,130.251,48.1027],[[[0.970534,-0.102172,-0.218231],[0.127095,0.986489,0.10337],[0.204721,-0.12806,0.970407]],[[0.966732,-0.0998745,-0.235485],[-0.14044,0.562202,-0.814988],[0.213787,0.820947,0.529472]],[[0.966732,-0.0998745,-0.235485],[-0.223212,-0.778992,-0.585959],[-0.124919,0.619029,-0.77537]],[[0.966732,-0.0998745,-0.235485],[-0.0731678,-0.990127,0.11956],[-0.245102,-0.0983528,-0.964496]]],3],[1604,[-0.0131368,-0.669374,0.742809],160,50.5107,[-72.3176,139.715,41.7321],[-64.4615,139.393,38.1843],[119.88,-8.87118,-12.3839],false,[-51.0973,168.012,89.3758],[-55.1067,178.518,32.4913],[-67.0091,152.153,12.1562],[-67.2661,139.061,26.6847],[-63.3957,139.113,43.4812],[[[0.953275,-0.27789,-0.11851],[0.294086,0.943374,0.153493],[0.0691454,-0.181173,0.981017]],[[0.941558,-0.25835,-0.216157],[-0.0125937,0.614253,-0.789009],[0.336615,0.74562,0.575101]],[[0.941558,-0.25835,-0.216157],[-0.336594,-0.696559,-0.633648],[0.0131368,0.669374,-0.742809]],[[0.941558,-0.25835,-0.216157],[-0.251097,-0.966047,0.0608603],[-0.224541,-0.00302715,-0.97446]]],4]],[[0,200,0],[235.247,235.247,147.751]]],[430449,83856936545,[[160,"right",[-0.328277,0.25852,-0.908516],[0.0364545,-0.957635,-0.285669],[-86.0223,170.687,53.3806],[139.463,-2.57472,-50.8761],[-96.1378,171.725,62.4003],0.905453,0,0.776391,[[0.422493,0.595492,-0.683293],[0.129856,0.706335,0.695866],[0.897016,-0.382728,0.221093]],63.72,[180.936,58.4943,161.045],[-61.2579,161.831,101.35]]],[[1600,[-0.252561,-0.184474,-0.949833],160,52.1164,[-123.864,128.906,28.5164],[-114.203,129.905,21.0469],[159.725,-9.14145,-33.6947],false,[-86.649,146.986,110.067],[-86.649,146.986,110.067],[-113.919,140.586,68.7494],[-122.53,134.296,36.3643],[-110.583,128.829,16.9963],[[[0.283151,0.958043,-0.0444801],[-0.647815,0.22525,0.727735],[0.70722,-0.177244,0.684415]],[[0.0969343,0.971895,-0.214534],[-0.831964,0.197433,0.518514],[0.546297,0.128222,0.827719]],[[0.0969343,0.971895,-0.214534],[-0.962713,0.146254,0.227581],[0.252561,0.184474,0.949833]],[[0.0969343,0.971895,-0.214534],[-0.854418,-0.0292924,-0.518761],[-0.510465,0.233587,0.827564]]],0],[1601,[-0.306158,0.101166,-0.94659],160,58.8075,[-155.919,191.155,-26.6033],[-143.86,189.666,-35.2162],[182.254,-26.2556,-73.3129],false,[-83.2618,169.501,103.472],[-117.939,176.042,38.9181],[-131.704,187.187,-0.223791],[-139.103,189.632,-23.1032],[-144.023,189.053,-39.455],[[[0.87536,0.168502,-0.453157],[-0.107565,0.981684,0.157247],[0.471354,-0.0889037,0.877452]],[[0.94529,0.149983,-0.289709],[-0.0614899,0.954047,0.293279],[0.320383,-0.25942,0.911074]],[[0.94529,0.149983,-0.289709],[-0.112664,0.983499,0.14155],[0.306158,-0.101166,0.94659]],[[0.94529,0.149983,-0.289709],[-0.153362,0.988107,0.0111422],[0.287934,0.0338977,0.95705]]],1],[1602,[0.236002,-0.618242,0.74972],160,67.0064,[-102.929,126.132,42.7463],[-95.7906,125.616,40.5271],[138.062,-5.00416,-17.9352],false,[-73.0599,173.277,97.7029],[-97.2664,180.934,32.7183],[-106.602,141.279,6.95706],[-99.8905,123.698,28.2764],[-93.9803,125.916,45.9764],[[[0.936419,-0.0148966,-0.350567],[0.0523478,0.993848,0.0975976],[0.346956,-0.109744,0.931438]],[[0.949063,-0.0191038,-0.314506],[-0.248535,0.568148,-0.784498],[0.193673,0.822704,0.534461]],[[0.949063,-0.0191038,-0.314506],[-0.208763,-0.785755,-0.582243],[-0.236002,0.618242,-0.74972]],[[0.949063,-0.0191038,-0.314506],[0.0191242,-0.992827,0.118017],[-0.314505,-0.11802,-0.941891]]],2],[1603,[0.124967,-0.607856,0.784152],160,64.4285,[-86.1587,130.231,44.0802],[-77.4579,129.772,42.8872],[144.037,-8.07383,9.14153],false,[-61.8499,174.08,92.741],[-74.5205,182.039,31.9144],[-84.0645,144.962,8.88225],[-80.6027,128.123,30.6048],[-76.0304,130.082,48.6146],[[[0.970642,-0.105762,-0.21603],[0.13015,0.986239,0.101944],[0.202276,-0.127068,0.97105]],[[0.966683,-0.103363,-0.234181],[-0.141049,0.548345,-0.824271],[0.213611,0.82984,0.515496]],[[0.966683,-0.103363,-0.234181],[-0.2234,-0.787291,-0.574687],[-0.124967,0.607856,-0.784152]],[[0.966683,-0.103363,-0.234181],[-0.0750856,-0.989105,0.126625],[-0.244717,-0.104823,-0.963912]]],3],[1604,[-0.0189601,-0.66138,0.749811],160,50.5107,[-71.4537,139.637,41.5508],[-62.9394,139.13,38.2993],[133.538,-14.142,-5.55767],false,[-49.5928,167.825,89.1075],[-53.4489,178.246,32.1968],[-65.3074,151.669,12.1143],[-65.6782,138.733,26.7797],[-61.9183,138.886,43.6008],[[[0.952593,-0.281249,-0.116044],[0.296892,0.942657,0.15249],[0.0665024,-0.179713,0.981469]],[[0.942059,-0.263027,-0.208185],[-0.00709057,0.604868,-0.796294],[0.335371,0.751633,0.567956]],[[0.942059,-0.263027,-0.208185],[-0.33491,-0.70242,-0.628046],[0.0189601,0.66138,-0.749811]],[[0.942059,-0.263027,-0.208185],[-0.254838,-0.964748,0.0657196],[-0.218132,-0.00885835,-0.975879]]],4]],[[0,200,0],[235.247,235.247,147.751]]],[430450,83856945495,[[160,"right",[-0.325026,0.25786,-0.909872],[0.0308119,-0.958711,-0.282708],[-84.349,170.696,52.9687],[152.443,-1.59951,-49.551],[-95.6408,171.682,62.0027],0.910827,0,0.788765,[[0.426239,0.588759,-0.686792],[0.131847,0.710672,0.691058],[0.894951,-0.385107,0.22529]],63.72,[181.911,57.848,161.837],[-59.7257,161.827,101.008]]],[[1600,[-0.244742,-0.188883,-0.951012],160,52.1164,[-121.24,129.122,26.9974],[-112.266,129.874,20.8466],[178.308,-11.049,-30.9844],false,[-85.2266,147.172,109.725],[-85.2266,147.172,109.725],[-112.425,140.693,68.3727],[-120.769,134.253,35.9473],[-108.462,128.655,16.8445],[[[0.289365,0.95607,-0.0468763],[-0.647627,0.231603,0.725906],[0.704874,-0.179693,0.686195]],[[0.101678,0.970434,-0.218907],[-0.832338,0.203506,0.515557],[0.544863,0.129784,0.828421]],[[0.101678,0.970434,-0.218907],[-0.964242,0.150273,0.2183],[0.244742,0.188883,0.951012]],[[0.101678,0.970434,-0.218907],[-0.844467,-0.032123,-0.534643],[-0.525867,0.239221,0.816233]]],0],[1601,[-0.300426,0.0974144,-0.948818],160,58.8075,[-154.819,191.007,-27.3085],[-141.655,189.618,-35.8952],[200.08,-21.5015,-73.9742],false,[-81.6836,169.644,103.068],[-116.206,176.211,38.4338],[-129.695,187.264,-0.83009],[-136.956,189.618,-23.7634],[-141.788,188.954,-40.1381],[[[0.877212,0.161515,-0.452119],[-0.101543,0.982825,0.154089],[0.469242,-0.0892588,0.878547]],[[0.947721,0.142666,-0.285431],[-0.0569538,0.955752,0.288606],[0.313976,-0.257262,0.913912]],[[0.947721,0.142666,-0.285431],[-0.107559,0.984965,0.135182],[0.300426,-0.0974144,0.948818]],[[0.947721,0.142666,-0.285431],[-0.147822,0.989008,0.00351868],[0.282796,0.0388582,0.958393]]],1],[1602,[0.231535,-0.614232,0.754394],160,67.0064,[-101.649,126.028,42.6264],[-94.2901,125.606,40.5247],[145.938,-4.0323,-13.3177],false,[-71.4477,173.337,97.3057],[-95.4911,180.952,32.2556],[-104.967,141.125,6.81358],[-98.3828,123.658,28.2658],[-92.4909,125.911,45.9675],[[[0.936915,-0.0219594,-0.348867],[0.0585489,0.993784,0.094685],[0.344619,-0.109138,0.932377]],[[0.949491,-0.026146,-0.312702],[-0.244578,0.562653,-0.789685],[0.19659,0.82628,0.527839]],[[0.949491,-0.026146,-0.312702],[-0.211796,-0.788692,-0.577154],[-0.231535,0.614232,-0.754394]],[[0.949491,-0.026146,-0.312702],[0.0128671,-0.99244,0.122051],[-0.313529,-0.11991,-0.941977]]],2],[1603,[0.124381,-0.59321,0.795381],160,64.4285,[-84.8919,130.156,44.2035],[-75.8052,129.718,43.459],[155.788,-7.03638,26.6318],false,[-60.2241,174.053,92.3612],[-72.7372,181.909,31.4886],[-82.3843,144.381,9.244],[-78.9387,127.948,31.2776],[-74.3534,130.085,49.2637],[[[0.970319,-0.112633,-0.213996],[0.136294,0.98569,0.0991919],[0.199761,-0.125414,0.971785]],[[0.966168,-0.110125,-0.233221],[-0.141065,0.531382,-0.835305],[0.215917,0.839944,0.497869]],[[0.966168,-0.110125,-0.233221],[-0.22594,-0.79748,-0.559443],[-0.124381,0.59321,-0.795381]],[[0.966168,-0.110125,-0.233221],[-0.0793323,-0.987313,0.137548],[-0.24541,-0.114392,-0.962647]]],3],[1604,[-0.0265983,-0.651366,0.758297],160,50.5107,[-70.3894,139.531,41.376],[-61.44,138.905,38.4369],[142.236,-16.9396,0.569399],false,[-48.001,167.709,88.7682],[-51.6909,177.982,31.8196],[-63.5927,151.167,12.0816],[-64.1129,138.427,26.913],[-60.4638,138.694,43.757],[[[0.950971,-0.287698,-0.113512],[0.302664,0.941194,0.150163],[0.0636355,-0.177157,0.982123]],[[0.941649,-0.270947,-0.19971],[-0.000204039,0.592864,-0.805302],[0.336596,0.758353,0.558215]],[[0.941649,-0.270947,-0.19971],[-0.335543,-0.708738,-0.620565],[0.0265983,0.651366,-0.758297]],[[0.941649,-0.270947,-0.19971],[-0.261682,-0.96247,0.0719347],[-0.211706,-0.0154767,-0.977211]]],4]],[[0,200,0],[235.247,235.247,147.751]]],[430451,83856954636,[[160,"right",[-0.321407,0.257529,-0.91125],[0.0237054,-0.959819,-0.279617],[-82.4886,170.598,52.4511],[166.654,-4.12052,-51.518],[-94.9188,171.622,61.4784],0.912694,0,0.800868,[[0.429123,0.580034,-0.692397],[0.133991,0.717205,0.683859],[0.893253,-0.386235,0.230049]],63.72,[183.159,57.4044,162.675],[-58.019,161.688,100.562]]],[[1600,[-0.235685,-0.193653,-0.95234],160,52.1164,[-117.682,129.284,25.218],[-110.106,129.73,20.5244],[197.885,-16.0657,-33.0648],false,[-83.6502,147.263,109.28],[-83.6502,147.263,109.28],[-110.724,140.709,67.8577],[-118.759,134.106,35.3871],[-106.111,128.353,16.5552],[[[0.297007,0.953597,-0.0493979],[-0.647021,0.239028,0.724037],[0.702246,-0.183083,0.68799]],[[0.107633,0.968715,-0.22362],[-0.833221,0.210599,0.511264],[0.542363,0.131296,0.829821]],[[0.107633,0.968715,-0.22362],[-0.965851,0.155207,0.207468],[0.235685,0.193653,0.95234]],[[0.107633,0.968715,-0.22362],[-0.834451,-0.0342515,-0.550017],[-0.540469,0.2458,0.804659]]],0],[1601,[-0.294594,0.0927512,-0.951111],160,58.8075,[-153.285,190.813,-28.2205],[-139.231,189.479,-36.6857],[218.241,-21.4081,-77.4067],false,[-79.9179,169.685,102.558],[-114.275,176.319,37.8432],[-127.477,187.266,-1.5476],[-134.598,189.508,-24.5363],[-139.342,188.736,-40.9319],[[[0.879241,0.153129,-0.451096],[-0.0940217,0.984083,0.150798],[0.467007,-0.0901752,0.879643]],[[0.950243,0.133889,-0.281269],[-0.0510894,0.957678,0.283272],[0.307292,-0.254807,0.916867]],[[0.950243,0.133889,-0.281269],[-0.101256,0.986646,0.127579],[0.294594,-0.0927512,0.951111]],[[0.950243,0.133889,-0.281269],[-0.141197,0.989965,-0.0057804],[0.277672,0.0452072,0.959612]]],1],[1602,[0.226694,-0.608254,0.760682],160,67.0064,[-100.146,125.907,42.5224],[-92.6251,125.49,40.5743],[156.098,-6.77303,-7.33305],false,[-69.6431,173.279,96.802],[-93.5135,180.876,31.6863],[-103.149,140.793,6.70995],[-96.7026,123.497,28.341],[-90.8268,125.795,46.0423],[[[0.937311,-0.0304823,-0.347159],[0.0662538,0.993586,0.09164],[0.342139,-0.108896,0.933318]],[[0.949845,-0.0346724,-0.310792],[-0.240483,0.554316,-0.796807],[0.199904,0.831584,0.518177]],[[0.949845,-0.0346724,-0.310792],[-0.215415,-0.792985,-0.569887],[-0.226694,0.608254,-0.760682]],[[0.949845,-0.0346724,-0.310792],[0.00534304,-0.99189,0.126986],[-0.312674,-0.122278,-0.941957]]],2],[1603,[0.121029,-0.582842,0.803522],160,64.4285,[-83.3721,130.055,44.3655],[-74.0971,129.529,43.718],[164.42,-10.4862,27.4262],false,[-58.4057,173.89,91.8749],[-70.7514,181.651,30.9559],[-80.582,143.828,9.29828],[-77.2292,127.682,31.5574],[-72.6463,129.933,49.5302],[[[0.969764,-0.120988,-0.211943],[0.143924,0.984891,0.0963083],[0.197089,-0.1239,0.972525]],[[0.96562,-0.118482,-0.231387],[-0.138445,0.518978,-0.843501],[0.220024,0.846536,0.484732]],[[0.96562,-0.118482,-0.231387],[-0.230064,-0.803901,-0.548464],[-0.121029,0.582842,-0.803522]],[[0.96562,-0.118482,-0.231387],[-0.0860919,-0.985619,0.145409],[-0.245287,-0.120489,-0.961934]]],3],[1604,[-0.0340143,-0.638117,0.769188],160,50.5107,[-69.0799,139.38,41.2188],[-59.787,138.553,38.601],[152.652,-22.5276,6.66459],false,[-46.2271,167.438,88.3234],[-49.7375,177.558,31.3362],[-61.728,150.449,12.06],[-62.3933,137.968,27.1044],[-58.8445,138.391,43.9666],[[[0.948856,-0.295574,-0.11094],[0.309849,0.939242,0.14771],[0.06054,-0.174531,0.982789]],[[0.940727,-0.28031,-0.190944],[0.0064158,0.577589,-0.816302],[0.339105,0.766692,0.545152]],[[0.940727,-0.28031,-0.190944],[-0.337456,-0.717101,-0.609828],[0.0340143,0.638117,-0.769188]],[[0.940727,-0.28031,-0.190944],[-0.269526,-0.959595,0.0808259],[-0.205886,-0.0245706,-0.978268]]],4]],[[0,200,0],[235.247,235.247,147.751]]],[430452,83856963842,[[160,"right",[-0.318263,0.259377,-0.911829],[0.0125135,-0.960609,-0.277621],[-80.3681,170.429,51.8455],[184.481,-8.12418,-55.512],[-93.8991,171.539,60.8033],0.900914,0,0.810862,[[0.431775,0.566046,-0.702255],[0.137647,0.7281,0.671509],[0.891416,-0.386604,0.236461]],63.72,[184.672,56.9494,163.822],[-56.0102,161.333,99.9778]]],[[1600,[-0.229301,-0.19583,-0.953452],160,52.1164,[-113.447,129.383,23.3636],[-107.912,129.679,20.0946],[211.85,-15.7139,-37.807],false,[-81.8093,147.226,108.723],[-81.8093,147.226,108.723],[-108.851,140.786,67.2616],[-116.669,134.109,34.7531],[-103.773,128.175,16.1467],[[[0.308145,0.949954,-0.0513329],[-0.64427,0.24808,0.723445],[0.699974,-0.189853,0.688471]],[[0.117554,0.96681,-0.226845],[-0.832294,0.220528,0.50858],[0.541726,0.129016,0.830595]],[[0.117554,0.96681,-0.226845],[-0.966231,0.164098,0.19867],[0.229301,0.19583,0.953452]],[[0.117554,0.96681,-0.226845],[-0.826149,-0.0315455,-0.562569],[-0.551053,0.25354,0.795021]]],0],[1601,[-0.2906,0.0910012,-0.952507],160,58.8075,[-151.237,190.602,-29.3479],[-136.656,189.603,-37.4356],[235.122,-12.8569,-78.4103],false,[-77.8143,169.589,101.955],[-112.084,176.491,37.2211],[-125.044,187.432,-2.25144],[-132.068,189.632,-25.2739],[-136.767,188.808,-41.6799],[[[0.881026,0.1419,-0.451284],[-0.0825256,0.985426,0.148742],[0.465814,-0.0938035,0.879897]],[[0.952536,0.121879,-0.278965],[-0.0409308,0.959313,0.279361],[0.301663,-0.254683,0.918769]],[[0.952536,0.121879,-0.278965],[-0.0907042,0.988364,0.1221],[0.2906,-0.0910012,0.952507]],[[0.952536,0.121879,-0.278965],[-0.13048,0.991373,-0.0124024],[0.275047,0.0482131,0.960221]]],1],[1602,[0.222843,-0.596784,0.770837],160,67.0064,[-98.3923,125.772,42.5051],[-90.7581,125.377,40.9053],[170.287,-8.503,8.51936],false,[-67.4975,173.051,96.1926],[-91.2694,180.791,31.0577],[-101.153,140.276,6.89038],[-94.816,123.305,28.8102],[-88.9179,125.697,46.4916],[[[0.936932,-0.0421618,-0.346958],[0.0778573,0.992931,0.089588],[0.340728,-0.110951,0.933592]],[[0.94946,-0.0464393,-0.310435],[-0.237658,0.539707,-0.80761],[0.205049,0.840571,0.501394]],[[0.94946,-0.0464393,-0.310435],[-0.22106,-0.801057,-0.556273],[-0.222843,0.596784,-0.770837]],[[0.94946,-0.0464393,-0.310435],[-0.00418415,-0.99078,0.135418],[-0.313862,-0.127275,-0.9409]]],2],[1603,[0.115945,-0.576769,0.808637],160,64.4285,[-81.6037,129.914,44.5098],[-72.3475,129.249,43.6391],[171.436,-15.7885,16.7269],false,[-56.2531,173.52,91.2658],[-68.4998,181.299,30.3291],[-78.7216,143.355,9.06781],[-75.5097,127.377,31.4687],[-70.8945,129.673,49.4276],[[[0.968308,-0.13276,-0.211551],[0.15542,0.983339,0.0942857],[0.195508,-0.124177,0.972809]],[[0.964167,-0.130228,-0.231132],[-0.134317,0.511689,-0.848607],[0.22878,0.849244,0.475862]],[[0.964167,-0.130228,-0.231132],[-0.238617,-0.80646,-0.541002],[-0.115945,0.576769,-0.808637]],[[0.964167,-0.130228,-0.231132],[-0.0967778,-0.983843,0.150624],[-0.247013,-0.122858,-0.961192]]],3],[1604,[-0.0419679,-0.625368,0.7792],160,50.5107,[-67.5102,139.163,41.0666],[-58.0173,138.073,38.6137],[163.5,-30.337,6.20238],false,[-44.1503,166.919,87.7295],[-47.5352,176.961,30.7209],[-59.7648,149.637,11.9037],[-60.5856,137.406,27.1439],[-57.0959,137.956,44.0148],[[[0.945349,-0.306879,-0.110188],[0.320793,0.935859,0.145807],[0.0583754,-0.173186,0.983158]],[[0.93819,-0.292847,-0.184501],[0.0132689,0.563092,-0.826288],[0.345867,0.772766,0.532173]],[[0.93819,-0.292847,-0.184501],[-0.343568,-0.723295,-0.599004],[0.0419679,0.625368,-0.7792]],[[0.93819,-0.292847,-0.184501],[-0.280732,-0.955625,0.0892772],[-0.202458,-0.0319636,-0.978769]]],4]],[[0,200,0],[235.247,235.247,147.751]]],[430453,83856972685,[[160,"right",[-0.313683,0.260719,-0.913033],[0.000493339,-0.96152,-0.274734],[-78.2661,170.267,51.0793],[198.877,-10.8651,-63.934],[-92.5979,171.433,59.9939],0.89635,0,0.81659,[[0.435582,0.551899,-0.711109],[0.142161,0.737898,0.65977],[0.888852,-0.388476,0.242957]],63.72,[185.899,56.114,164.87],[-54.0913,161.002,99.2718]]],[[1600,[-0.222376,-0.198728,-0.954493],160,52.1164,[-109.184,129.391,21.6745],[-105.722,129.622,19.5004],[224.087,-15.7265,-46.5787],false,[-80.0818,147.256,108.024],[-80.0818,147.256,108.024],[-107.017,140.912,66.4783],[-114.599,134.136,33.9343],[-101.438,127.986,15.5847],[[[0.320437,0.945744,-0.0537491],[-0.641976,0.258537,0.721821],[0.696554,-0.196792,0.689989]],[[0.128867,0.964425,-0.230819],[-0.832007,0.231801,0.504016],[0.53959,0.127092,0.83228]],[[0.128867,0.964425,-0.230819],[-0.966407,0.174331,0.188855],[0.222376,0.198728,0.954493]],[[0.128867,0.964425,-0.230819],[-0.816812,-0.0287575,-0.576187],[-0.562327,0.262787,0.784048]]],0],[1601,[-0.285578,0.0883459,-0.954275],160,58.8075,[-148.74,190.389,-30.6562],[-133.978,189.701,-38.4272],[252.987,-7.82552,-87.3341],false,[-75.7897,169.546,101.194],[-109.882,176.693,36.3936],[-122.548,187.601,-3.18355],[-129.451,189.736,-26.2487],[-134.09,188.843,-42.6681],[[[0.88338,0.129175,-0.450504],[-0.0700087,0.986851,0.145686],[0.463399,-0.0971572,0.880808]],[[0.955082,0.108467,-0.275778],[-0.0299038,0.961132,0.274463],[0.294829,-0.253888,0.921204]],[[0.955082,0.108467,-0.275778],[-0.0791438,0.990167,0.115353],[0.285578,-0.0883459,0.954275]],[[0.955082,0.108467,-0.275778],[-0.118662,0.992723,-0.0205024],[0.271547,0.0523059,0.961003]]],1],[1602,[0.216342,-0.588949,0.778675],160,67.0064,[-96.5266,125.637,42.4919],[-89.0235,125.281,40.8845],[177.427,-8.9664,6.53912],false,[-65.4216,172.856,95.4359],[-89.0054,180.707,30.2458],[-99.2327,139.92,6.68519],[-93.0807,123.173,28.8279],[-87.1775,125.619,46.5001],[[[0.93677,-0.0552783,-0.345552],[0.0905359,0.99211,0.0867285],[0.338032,-0.11253,0.934383]],[[0.949246,-0.0596269,-0.308831],[-0.232186,0.529526,-0.8159],[0.212184,0.846196,0.488806]],[[0.949246,-0.0596269,-0.308831],[-0.228316,-0.805968,-0.546158],[-0.216342,0.588949,-0.778675]],[[0.949246,-0.0596269,-0.308831],[-0.0158657,-0.989694,0.142317],[-0.314134,-0.130194,-0.940409]]],2],[1603,[0.111058,-0.56428,0.818079],160,64.4285,[-79.6858,129.744,44.6744],[-70.5775,128.994,43.7664],[179.609,-18.987,18.1241],false,[-54.1656,173.166,90.5231],[-66.2301,180.919,29.5467],[-76.8194,142.674,9.01588],[-73.7429,127.043,31.6783],[-69.1064,129.455,49.6164],[[[0.966795,-0.145867,-0.209832],[0.167962,0.981532,0.0915606],[0.192601,-0.123764,0.973441]],[[0.962687,-0.143324,-0.229548],[-0.130626,0.496771,-0.857995],[0.237004,0.855965,0.459513]],[[0.962687,-0.143324,-0.229548],[-0.24678,-0.813047,-0.527308],[-0.111058,0.56428,-0.818079]],[[0.962687,-0.143324,-0.229548],[-0.107961,-0.981216,0.159875],[-0.24815,-0.129127,-0.960077]]],3],[1604,[-0.0517015,-0.613606,0.787918],160,50.5107,[-65.7763,138.884,40.899],[-56.3047,137.571,38.4408],[171.261,-36.9665,-0.395696],false,[-42.1442,166.399,87.023],[-45.3238,176.313,29.9801],[-57.8195,148.836,11.5641],[-58.8307,136.834,26.9748],[-55.4129,137.497,43.8564],[[[0.941458,-0.319369,-0.107981],[0.332641,0.93208,0.143449],[0.054834,-0.17097,0.983749]],[[0.93522,-0.306474,-0.177305],[0.0218393,0.549745,-0.835047],[0.353393,0.77708,0.520826]],[[0.93522,-0.306474,-0.177305],[-0.350272,-0.72771,-0.589702],[0.0517015,0.613606,-0.787918]],[[0.93522,-0.306474,-0.177305],[-0.293339,-0.951102,0.0967348],[-0.198282,-0.0384578,-0.97939]]],4]],[[0,200,0],[235.247,235.247,147.751]]],[430454,83856981951,[[160,"right",[-0.31047,0.258328,-0.914809],[-0.0111331,-0.963288,-0.268239],[-75.7834,169.959,50.007],[218.311,-17.1533,-78.5087],[-90.7968,171.275,58.9242],0.895192,0,0.823143,[[0.437746,0.529076,-0.726951],[0.14437,0.756679,0.637647],[0.887432,-0.384078,0.25485]],63.72,[187.882,57.0274,167.073],[-51.7244,160.728,98.2638]]],[[1600,[-0.218625,-0.204795,-0.954076],160,52.1164,[-104.813,129.175,20.1028],[-103.277,129.308,18.7921],[236.225,-22.3994,-55.2784],false,[-77.8796,147.357,107.105],[-77.8796,147.357,107.105],[-104.814,140.967,65.5665],[-112.268,133.984,33.0367],[-98.9189,127.557,14.9203],[[[0.331861,0.941412,-0.0600918],[-0.638827,0.271153,0.719984],[0.694096,-0.200546,0.691384]],[[0.13943,0.96114,-0.238261],[-0.830307,0.244587,0.500766],[0.539582,0.128009,0.832145]],[[0.13943,0.96114,-0.238261],[-0.965796,0.185117,0.181575],[0.218625,0.204795,0.954076]],[[0.13943,0.96114,-0.238261],[-0.809442,-0.0279751,-0.586533],[-0.570406,0.274639,0.774087]]],0],[1601,[-0.282433,0.0832652,-0.955667],160,58.8075,[-145.517,190.087,-32.3045],[-131.084,189.32,-39.7098],[269.106,-17.8408,-101.376],false,[-73.3179,169.546,100.126],[-107.319,176.669,35.2745],[-119.77,187.396,-4.42002],[-126.596,189.409,-27.5189],[-131.21,188.418,-43.9401],[[[0.884895,0.115432,-0.45126],[-0.0580658,0.988586,0.139015],[0.462156,-0.0968112,0.881498]],[[0.956892,0.0948093,-0.274534],[-0.0190487,0.963673,0.266406],[0.289819,-0.249692,0.923937]],[[0.956892,0.0948093,-0.274534],[-0.0677469,0.992007,0.106453],[0.282433,-0.0832652,0.955667]],[[0.956892,0.0948093,-0.274534],[-0.107034,0.993807,-0.0298592],[0.270003,0.0579564,0.961114]]],1],[1602,[0.210554,-0.581319,0.785961],160,67.0064,[-94.3137,125.449,42.4005],[-86.9507,124.999,40.5386],[190.224,-14.7285,-6.20629],false,[-62.9102,172.692,94.3466],[-86.3948,180.388,29.1023],[-97.0244,139.366,6.13535],[-91.037,122.835,28.4853],[-85.1056,125.366,46.1361],[[[0.936045,-0.0689417,-0.34506],[0.102533,0.991504,0.0800425],[0.33661,-0.110303,0.935161]],[[0.948489,-0.0732013,-0.308236],[-0.227452,0.51992,-0.823377],[0.22053,0.851073,0.476489]],[[0.948489,-0.0732013,-0.308236],[-0.236717,-0.810376,-0.535962],[-0.210554,0.581319,-0.785961]],[[0.948489,-0.0732013,-0.308236],[-0.0272482,-0.988184,0.150832],[-0.315635,-0.134663,-0.939277]]],2],[1603,[0.108688,-0.547435,0.82976],160,64.4285,[-77.343,129.502,44.8559],[-68.3758,128.602,43.8081],[196.426,-24.7666,15.8321],false,[-51.6511,172.833,89.4332],[-63.6186,180.319,28.4045],[-74.5787,141.686,8.81777],[-71.5678,126.521,31.8038],[-66.8756,129.136,49.699],[[[0.964967,-0.158969,-0.208728],[0.179825,0.980023,0.0849551],[0.191053,-0.119513,0.974277]],[[0.960761,-0.156435,-0.229055],[-0.129478,0.477369,-0.869111],[0.245303,0.864666,0.438382]],[[0.960761,-0.156435,-0.229055],[-0.255196,-0.822097,-0.508952],[-0.108688,0.547435,-0.82976]],[[0.960761,-0.156435,-0.229055],[-0.117776,-0.977724,0.173737],[-0.251131,-0.139942,-0.957784]]],3],[1604,[-0.0591081,-0.58991,0.805303],160,50.5107,[-63.6289,138.495,40.7397],[-54.1875,136.956,38.4019],[187.304,-44.1811,1.48235],false,[-39.7123,165.897,85.9803],[-42.7696,175.463,28.8714],[-55.504,147.557,11.2825],[-56.6601,136.02,27.0332],[-53.3144,136.987,43.9145],[[[0.937528,-0.331461,-0.105712],[0.343892,0.928933,0.137195],[0.0527242,-0.164978,0.984887]],[[0.932472,-0.320623,-0.166424],[0.0281456,0.523782,-0.851387],[0.360144,0.789211,0.497436]],[[0.932472,-0.320623,-0.166424],[-0.356373,-0.741085,-0.569026],[0.0591081,0.58991,-0.805303]],[[0.932472,-0.320623,-0.166424],[-0.304665,-0.945542,0.114586],[-0.1941,-0.0561447,-0.979374]]],4]],[[0,200,0],[235.247,235.247,147.751]]],[430455,83856990760,[[160,"right",[-0.303716,0.258736,-0.916958],[-0.0167312,-0.96372,-0.266389],[-73.6453,169.82,49.416],[224.892,-16.7877,-75.4306],[-88.692,171.096,57.7573],0.885404,0,0.830648,[[0.44411,0.523577,-0.727072],[0.145872,0.75841,0.635245],[0.884018,-0.388178,0.260443]],63.72,[188.774,55.7035,168.138],[-49.9108,160.512,97.8184]]],[[1600,[-0.211442,-0.206387,-0.955352],160,52.1164,[-101.622,129.03,19.0874],[-101.01,129.235,18.193],[241.544,-19.1526,-58.7436],false,[-76.2094,147.349,106.547],[-76.2094,147.349,106.547],[-102.945,141.031,64.8688],[-110.154,133.994,32.2955],[-96.6222,127.436,14.3623],[[[0.33903,0.938848,-0.0601857],[-0.640647,0.277248,0.716034],[0.688934,-0.204199,0.695466]],[[0.147172,0.959584,-0.239873],[-0.831552,0.251354,0.49532],[0.535595,0.12657,0.834936]],[[0.147172,0.959584,-0.239873],[-0.966247,0.19132,0.172522],[0.211442,0.206387,0.955352]],[[0.147172,0.959584,-0.239873],[-0.802509,-0.0259241,-0.596076],[-0.578204,0.280226,0.766259]]],0],[1601,[-0.2747,0.0813673,-0.958081],160,58.8075,[-141.903,189.787,-34.052],[-128.161,189.261,-40.7042],[285.763,-15.2781,-104.157],false,[-71.449,169.49,99.5481],[-105.052,176.729,34.5025],[-117.132,187.398,-5.3225],[-123.771,189.364,-28.4797],[-128.268,188.336,-44.9308],[[[0.888098,0.108076,-0.446769],[-0.0515941,0.989261,0.136748],[0.45675,-0.0983953,0.884137]],[[0.959554,0.0870536,-0.267729],[-0.0142134,0.964758,0.262755],[0.281167,-0.248323,0.926974]],[[0.959554,0.0870536,-0.267729],[-0.0616201,0.992875,0.10199],[0.2747,-0.0813673,0.958081]],[[0.959554,0.0870536,-0.267729],[-0.0999327,0.994384,-0.0348337],[0.263193,0.0601796,0.962864]]],1],[1602,[0.204322,-0.573867,0.793051],160,67.0064,[-92.0048,125.27,42.3315],[-84.9146,124.893,40.5338],[201.284,-13.8634,-3.64431],false,[-60.9881,172.549,93.8181],[-84.0692,180.283,28.4345],[-94.7541,139.009,5.95031],[-88.9439,122.69,28.5018],[-83.0854,125.277,46.1689],[[[0.937337,-0.0764502,-0.339933],[0.109332,0.990891,0.078626],[0.330826,-0.110865,0.937157]],[[0.949548,-0.0807237,-0.303056],[-0.221853,0.510118,-0.831],[0.221675,0.856308,0.466473]],[[0.949548,-0.0807237,-0.303056],[-0.237931,-0.814961,-0.52842],[-0.204322,0.573867,-0.793051]],[[0.949548,-0.0807237,-0.303056],[-0.0341741,-0.987185,0.155877],[-0.311755,-0.137656,-0.940138]]],2],[1603,[0.103157,-0.538282,0.836428],160,64.4285,[-74.8887,129.26,45.0386],[-66.356,128.429,43.9346],[205.03,-22.9493,15.2765],false,[-49.7024,172.597,88.9644],[-61.2907,180.047,27.8581],[-72.368,141.208,8.75218],[-69.5103,126.296,31.9229],[-64.878,128.997,49.821],[[[0.964877,-0.16641,-0.203271],[0.186512,0.978857,0.0839728],[0.185,-0.118936,0.975515]],[[0.960733,-0.163848,-0.223932],[-0.124598,0.466349,-0.875782],[0.247926,0.869294,0.427621]],[[0.960733,-0.163848,-0.223932],[-0.257586,-0.826684,-0.500243],[-0.103157,0.538282,-0.836428]],[[0.960733,-0.163848,-0.223932],[-0.124591,-0.975841,0.179478],[-0.247929,-0.144531,-0.957936]]],3],[1604,[-0.0672029,-0.571568,0.817798],160,50.5107,[-61.3395,138.104,40.6822],[-52.2003,136.686,38.7589],[197.288,-39.5653,13.883],false,[-37.7964,165.568,85.5888],[-40.4804,175.041,28.4456],[-53.2585,146.792,11.4455],[-54.5729,135.613,27.4406],[-51.3714,136.799,44.3359],[[[0.935635,-0.33849,-0.100062],[0.349922,0.926679,0.137187],[0.0462889,-0.163371,0.985478]],[[0.931738,-0.329114,-0.153456],[0.0356366,0.503421,-0.863306],[0.361379,0.798906,0.480785]],[[0.931738,-0.329114,-0.153456],[-0.356859,-0.751661,-0.554669],[0.0672029,0.571568,-0.817798]],[[0.931738,-0.329114,-0.153456],[-0.312036,-0.94178,0.125233],[-0.185737,-0.0688007,-0.980188]]],4]],[[0,200,0],[235.247,235.247,147.751]]],[430456,83856999912,[[160,"right",[-0.297139,0.261711,-0.918268],[-0.0195515,-0.96317,-0.268182],[-71.7003,169.716,48.6807],[221.448,-15.2914,-76.7996],[-86.1623,170.891,56.406],0.871773,0,0.844746,[[0.450251,0.51527,-0.729226],[0.142264,0.764862,0.628289],[0.881496,-0.386631,0.271076]],63.72,[189.71,55.8245,170.395],[-48.2934,160.215,97.2051]]],[[1600,[-0.204548,-0.204488,-0.957259],160,52.1164,[-99.0056,128.991,18.0794],[-98.9044,129.267,17.2648],[237.565,-13.0242,-70.6228],false,[-74.7025,147.157,105.756],[-74.7025,147.157,105.756],[-101.216,141.015,63.9097],[-108.19,134.042,31.2714],[-94.5079,127.455,13.463],[[[0.343648,0.937395,-0.0565376],[-0.643577,0.278923,0.712748],[0.683896,-0.208548,0.699138]],[[0.152676,0.959302,-0.237549],[-0.833416,0.25416,0.490735],[0.531138,0.123054,0.838302]],[[0.152676,0.959302,-0.237549],[-0.966876,0.194741,0.165003],[0.204548,0.204488,0.957259]],[[0.152676,0.959302,-0.237549],[-0.796819,-0.0226986,-0.603792],[-0.584611,0.281468,0.760924]]],0],[1601,[-0.266555,0.0825051,-0.960282],160,58.8075,[-137.737,189.534,-36.0108],[-125.425,189.424,-41.7976],[289.299,-6.26303,-108.186],false,[-69.8003,169.289,98.8242],[-102.987,176.794,33.5953],[-114.696,187.511,-6.32719],[-121.139,189.505,-29.5376],[-125.507,188.497,-46.0247],[[[0.891192,0.104799,-0.441355],[-0.0478935,0.989247,0.138188],[0.451092,-0.102014,0.886628]],[[0.962064,0.0828868,-0.259928],[-0.0121831,0.964834,0.262577],[0.272552,-0.249449,0.929242]],[[0.962064,0.0828868,-0.259928],[-0.0581494,0.993138,0.101469],[0.266555,-0.0825051,0.960282]],[[0.962064,0.0828868,-0.259928],[-0.0953124,0.994813,-0.0355473],[0.255633,0.0589732,0.964973]]],1],[1602,[0.199615,-0.567699,0.798669],160,67.0064,[-89.452,125.098,42.2136],[-82.9247,124.832,40.2836],[205.83,-11.6914,-9.19345],false,[-59.2921,172.309,93.161],[-81.9529,180.263,27.6568],[-92.5616,138.763,5.55506],[-86.8853,122.62,28.2663],[-81.1138,125.226,45.9591],[[[0.938962,-0.0801351,-0.334559],[0.113378,0.990243,0.0810146],[0.324802,-0.114001,0.938886]],[[0.9509,-0.0845145,-0.297736],[-0.217594,0.501555,-0.837314],[0.220096,0.860988,0.458539]],[[0.9509,-0.0845145,-0.297736],[-0.236524,-0.818886,-0.522955],[-0.199615,0.567699,-0.798669]],[[0.9509,-0.0845145,-0.297736],[-0.0382714,-0.98672,0.157857],[-0.307124,-0.138712,-0.941506]]],2],[1603,[0.100021,-0.526471,0.844289],160,64.4285,[-72.1584,129.04,45.2416],[-64.3549,128.401,44.0236],[209.033,-16.4993,15.5496],false,[-47.9779,172.315,88.3738],[-59.1728,179.924,27.2138],[-70.2175,140.798,8.68192],[-67.4467,126.213,32.0704],[-62.8866,129.024,49.9701],[[[0.965288,-0.170457,-0.197896],[0.190469,0.977849,0.0867933],[0.178718,-0.121474,0.976373]],[[0.961284,-0.167844,-0.218544],[-0.121762,0.452738,-0.883291],[0.247198,0.875704,0.414773]],[[0.961284,-0.167844,-0.218544],[-0.256766,-0.833461,-0.4893],[-0.100021,0.526471,-0.844289]],[[0.961284,-0.167844,-0.218544],[-0.127928,-0.974271,0.185552],[-0.244065,-0.15041,-0.958024]]],3],[1604,[-0.0751582,-0.55819,0.826302],160,50.5107,[-58.7904,137.719,40.6383],[-50.3369,136.56,38.7743],[198.464,-31.3936,11.2782],false,[-36.0844,165.237,85.0558],[-38.3893,174.822,27.9146],[-51.1346,146.326,11.3059],[-52.6046,135.409,27.4674],[-49.5643,136.739,44.3818],[[[0.934656,-0.342581,-0.0951637],[0.353324,0.924833,0.140874],[0.0397499,-0.165292,0.985443]],[[0.931771,-0.334467,-0.141191],[0.0433212,0.488559,-0.871455],[0.360453,0.80588,0.469714]],[[0.931771,-0.334467,-0.141191],[-0.355182,-0.759312,-0.545243],[0.0751582,0.55819,-0.826302]],[[0.931771,-0.334467,-0.141191],[-0.317318,-0.939244,0.130879],[-0.176387,-0.0771465,-0.981293]]],4]],[[0,200,0],[235.247,235.247,147.751]]],[430457,83857008773,[[160,"right",[-0.288813,0.263817,-0.920319],[-0.0280923,-0.963205,-0.267294],[-69.4547,169.524,48.0425],[230.114,-17.0062,-75.5028],[-83.3652,170.662,55.0058],0.860269,0,0.835791,[[0.451766,0.501177,-0.738057],[0.141566,0.776538,0.613961],[0.880833,-0.381851,0.279864]],63.72,[191.382,56.7309,172.281],[-46.4426,159.831,96.7175]]],[[1600,[-0.199045,-0.203994,-0.958524],160,52.1164,[-96.7079,128.989,17.2647],[-96.7561,129.294,16.547],[238.126,-8.95907,-73.2411],false,[-73.0392,147.061,105.122],[-73.0392,147.061,105.122],[-99.3668,141.14,63.127],[-106.153,134.185,30.4456],[-92.3585,127.435,12.7858],[[[0.353853,0.933657,-0.0554325],[-0.644889,0.286479,0.708553],[0.677426,-0.214976,0.703477]],[[0.164009,0.957366,-0.237805],[-0.833623,0.263401,0.485482],[0.527422,0.118617,0.841282]],[[0.164009,0.957366,-0.237805],[-0.966169,0.20454,0.157103],[0.199045,0.203994,0.958524]],[[0.164009,0.957366,-0.237805],[-0.790992,-0.0164136,-0.611607],[-0.589435,0.288411,0.754577]]],0],[1601,[-0.257595,0.081808,-0.962784],160,58.8075,[-133.285,189.336,-37.9844],[-122.239,189.525,-42.8593],[308.043,-2.29674,-111.098],false,[-67.862,169.132,98.197],[-100.573,176.915,32.7609],[-111.836,187.612,-7.29532],[-118.062,189.589,-30.5662],[-122.301,188.569,-47.0862],[[[0.894895,0.0949108,-0.436067],[-0.038288,0.989849,0.136868],[0.44463,-0.105786,0.889445]],[[0.965016,0.0721801,-0.252059],[-0.00453955,0.965815,0.259193],[0.262151,-0.248981,0.932355]],[[0.965016,0.0721801,-0.252059],[-0.0488733,0.994031,0.0975393],[0.257595,-0.081808,0.962784]],[[0.965016,0.0721801,-0.252059],[-0.0848485,0.995601,-0.0397431],[0.248082,0.0597395,0.966895]]],1],[1602,[0.190839,-0.561739,0.805003],160,67.0064,[-86.8941,124.936,42.0971],[-80.9335,124.727,40.1824],[210.719,-11.5395,-9.32676],false,[-57.2885,172.036,92.5944],[-79.4683,180.156,26.9461],[-90.2684,138.48,5.2719],[-84.8416,122.506,28.1633],[-79.148,125.132,45.8784],[[[0.940066,-0.0903991,-0.328791],[0.123327,0.989082,0.0806697],[0.317908,-0.116384,0.940951]],[[0.951754,-0.0948709,-0.29183],[-0.209666,0.493363,-0.844176],[0.224066,0.864634,0.449669]],[[0.951754,-0.0948709,-0.29183],[-0.240304,-0.821857,-0.516532],[-0.190839,0.561739,-0.805003]],[[0.951754,-0.0948709,-0.29183],[-0.0486539,-0.985633,0.161743],[-0.302982,-0.13974,-0.942695]]],2],[1603,[0.092739,-0.515796,0.851677],160,64.4285,[-69.4151,128.821,45.4469],[-62.3457,128.218,44.1708],[213.666,-16.6897,16.0323],false,[-45.9462,171.917,87.8757],[-56.6908,179.576,26.6412],[-67.9655,140.272,8.63146],[-65.3965,125.983,32.2246],[-60.8968,128.894,50.1235],[[[0.964613,-0.180843,-0.191878],[0.200247,0.975882,0.0869274],[0.17153,-0.122274,0.977562]],[[0.960763,-0.178212,-0.212546],[-0.115139,0.440906,-0.890137],[0.252346,0.879683,0.403087]],[[0.960763,-0.178212,-0.212546],[-0.261409,-0.837971,-0.47903],[-0.092739,0.515796,-0.851677]],[[0.960763,-0.178212,-0.212546],[-0.137608,-0.971579,0.192608],[-0.240831,-0.155802,-0.95798]]],3],[1604,[-0.0852033,-0.542153,0.835949],160,50.5107,[-56.1893,137.322,40.6579],[-48.3627,136.207,38.9709],[204.697,-32.5582,15.1298],false,[-34.1082,164.71,84.637],[-35.9669,174.256,27.4731],[-48.8777,145.564,11.337],[-50.5442,134.96,27.6871],[-47.6311,136.462,44.6095],[[[0.931548,-0.352521,-0.0891536],[0.362204,0.921212,0.142047],[0.032055,-0.164615,0.985837]],[[0.929461,-0.345504,-0.129341],[0.0527184,0.471385,-0.880351],[0.365134,0.811433,0.456348]],[[0.929461,-0.345504,-0.129341],[-0.358946,-0.765962,-0.533348],[0.0852033,0.542153,-0.835949]],[[0.929461,-0.345504,-0.129341],[-0.327933,-0.934365,0.139367],[-0.169003,-0.0871208,-0.981758]]],4]],[[0,200,0],[235.247,235.247,147.751]]],[430458,83857017864,[[160,"right",[-0.282051,0.262278,-0.922853],[-0.0374566,-0.964184,-0.262577],[-67.0486,169.454,46.9536],[239.683,-14.43,-87.7649],[-80.1722,170.426,53.4301],0.841837,0,0.846082,[[0.458026,0.484619,-0.745223],[0.143987,0.786813,0.600161],[0.8772,-0.382192,0.290601]],63.72,[192.496,56.5657,174.236],[-44.3483,159.757,95.7741]]],[[1600,[-0.196046,-0.207046,-0.958487],160,52.1164,[-94.4439,129.016,16.3236],[-94.5665,129.342,15.5729],[238.013,-5.20782,-82.5127],false,[-71.1174,147.321,104.129],[-71.1174,147.321,104.129],[-97.34,141.47,62.0588],[-104.024,134.41,29.3786],[-90.1879,127.422,11.8445],[[[0.36423,0.929463,-0.0586079],[-0.644704,0.297055,0.704354],[0.672081,-0.218762,0.707425]],[[0.175316,0.954306,-0.242001],[-0.83265,0.274882,0.480763],[0.525317,0.117217,0.842794]],[[0.175316,0.954306,-0.242001],[-0.964796,0.215481,0.150789],[0.196046,0.207046,0.958487]],[[0.175316,0.954306,-0.242001],[-0.787232,-0.0117261,-0.616545],[-0.59121,0.298601,0.749205]]],0],[1601,[-0.250397,0.077664,-0.965023],160,58.8075,[-128.469,189.123,-40.1414],[-119.05,189.406,-44.3475],[319.577,-5.84726,-125.364],false,[-65.6711,169.299,97.1158],[-98.0203,177.105,31.5027],[-108.906,187.627,-8.70384],[-114.958,189.504,-32.0288],[-119.099,188.415,-48.5691],[[[0.897701,0.0829694,-0.432722],[-0.0280807,0.990887,0.131737],[0.439709,-0.106109,0.89185]],[[0.967361,0.0601409,-0.246163],[0.00400471,0.967679,0.252154],[0.253372,-0.24491,0.935854]],[[0.967361,0.0601409,-0.246163],[-0.0389193,0.995164,0.0901882],[0.250397,-0.077664,0.965023]],[[0.967361,0.0601409,-0.246163],[-0.0739127,0.996153,-0.0470856],[0.242385,0.0637433,0.968084]]],1],[1602,[0.184422,-0.549295,0.815024],160,67.0064,[-84.1501,124.814,41.9722],[-78.755,124.737,40.024],[219.016,-7.59943,-9.76851],false,[-55.0432,172.059,91.5437],[-76.8571,180.087,25.7617],[-87.8666,138.057,4.89182],[-82.6224,122.437,28.0682],[-76.9694,125.185,45.7779],[[[0.9404,-0.102275,-0.324326],[0.133751,0.988079,0.0762316],[0.312663,-0.115067,0.942869]],[[0.951883,-0.106687,-0.287292],[-0.204321,0.477768,-0.854395],[0.228412,0.871984,0.432981]],[[0.951883,-0.106687,-0.287292],[-0.24476,-0.82879,-0.503189],[-0.184422,0.549295,-0.815024]],[[0.951883,-0.106687,-0.287292],[-0.0585379,-0.983484,0.171266],[-0.300819,-0.146208,-0.942407]]],2],[1603,[0.0870006,-0.501131,0.860987],160,64.4285,[-66.5003,128.634,45.5809],[-60.1989,128.16,44.0403],[219.871,-12.7075,8.02429],false,[-43.6831,171.793,86.874],[-54.0861,179.258,25.5567],[-65.6404,139.71,8.27404],[-63.2303,125.827,32.1251],[-58.7566,128.914,50.0011],[[[0.963385,-0.192286,-0.186858],[0.210496,0.974075,0.0828829],[0.166077,-0.119181,0.978884]],[[0.959678,-0.189736,-0.207408],[-0.110196,0.424852,-0.898531],[0.258602,0.885156,0.386813]],[[0.959678,-0.189736,-0.207408],[-0.267299,-0.844315,-0.464417],[-0.0870006,0.501131,-0.860987]],[[0.959678,-0.189736,-0.207408],[-0.147269,-0.967839,0.203961],[-0.239436,-0.165193,-0.956756]]],3],[1604,[-0.09372,-0.522278,0.84761],16