{"metadata":{"formatVersion":2,"generatedBy":"LeapJS Playback 0.2.1","frames":85,"protocolVersion":6,"serviceVersion":"2.2.5+26752","frameRate":"1.1e+2","modified":"Wed Apr 22 2015 19:53:28 GMT-0300 (E. South America Standard Time)"},"frames":[["id","timestamp",{"hands":[["id","type","direction","palmNormal","palmPosition","palmVelocity","stabilizedPalmPosition","pinchStrength","grabStrength","confidence","armBasis","armWidth","elbow","wrist"]]},{"pointables":[["id","direction","handId","length","stabilizedTipPosition","tipPosition","tipVelocity","tool","carpPosition","mcpPosition","pipPosition","dipPosition","btipPosition","bases","type"]]},{"interactionBox":["center","size"]}],[53609,80458359441,[[8,"right",[-0.565476,0.73984,-0.364518],[-0.753736,-0.642997,-0.135782],[29.3347,125.766,46.3922],[-13.5106,-2.90261,18.0983],[27.9127,127.347,31.8067],0,0.68578,0.817943,[[0.616937,-0.264981,-0.741062],[0.289583,0.951986,-0.0993214],[0.731799,-0.153324,0.66405]],60.534,[251.568,49.69,229.307],[63.8618,89.0177,58.9779]]],[[80,[-0.939708,0.254364,-0.228578],8,49.5106,[-42.4488,112.163,68.2637],[-42.8555,112.584,70.1093],[-16.7487,10.2604,65.1191],false,[48.8984,85.3769,83.7195],[48.8984,85.3769,83.7195],[3.79638,99.4371,79.6033],[-26.6415,107.676,72.1995],[-47.7714,114.072,69.5651],[[[0.698558,0.639819,-0.320388],[0.288289,0.158148,0.944393],[0.654909,-0.752078,-0.073977]],[[0.308875,0.918188,-0.248048],[-0.00615379,0.262724,0.964851],[0.951083,-0.296492,0.0867992]],[[0.308875,0.918188,-0.248048],[-0.146783,0.303695,0.941395],[0.939708,-0.254364,0.228578]],[[0.308875,0.918188,-0.248048],[-0.0374329,0.272334,0.961474],[0.950366,-0.28769,0.118488]]],0],[81,[-0.939434,0.0101186,-0.342581],8,55.8671,[-44.1916,179.82,22.264],[-44.7999,173.285,35.8082],[-24.0482,-34.875,33.6946],false,[59.7168,103.325,75.4776],[9.48678,149.366,59.9239],[-14.0834,179.63,45.9818],[-35.6545,179.862,38.1155],[-47.9749,169.632,35.469],[[[0.235143,-0.0709378,-0.969369],[0.654365,0.749004,0.10392],[0.718689,-0.658757,0.222542]],[[0.336321,-0.16519,-0.927146],[0.743899,0.650311,0.153982],[0.577497,-0.74149,0.341598]],[[0.336321,-0.16519,-0.927146],[0.0659725,0.98621,-0.151782],[0.939434,-0.0101186,0.342581]],[[0.336321,-0.16519,-0.927146],[-0.557431,0.758588,-0.337365],[0.759052,0.630283,0.163047]]],1],[82,[-0.95717,-0.106134,-0.269373],8,63.6561,[-45.6943,171.872,-2.91936],[-45.2991,165.443,12.9745],[-42.5159,-70.4787,35.9909],false,[63.0938,104.084,64.3038],[17.9796,146.622,40.8892],[-10.0404,176.163,19.9383],[-35.8979,173.296,12.6613],[-48.8345,161.013,13.3618],[[[0.215057,-0.285927,-0.933808],[0.700318,0.711584,-0.0565991],[0.680665,-0.64179,0.35327]],[[0.289524,-0.355624,-0.888655],[0.736025,0.676253,-0.0308271],[0.611918,-0.645147,0.457539]],[[0.289524,-0.355624,-0.888655],[0.00147926,0.928583,-0.371121],[0.95717,0.106134,0.269373]],[[0.289524,-0.355624,-0.888655],[-0.625358,0.632594,-0.456895],[0.72464,0.688009,-0.039241]]],2],[83,[-0.932976,-0.184109,-0.309289],8,61.2071,[-34.2819,149.13,-22.6884],[-32.1965,146.063,-9.64838],[-27.6558,-14.275,33.6819],false,[65.6599,101.872,53.1352],[28.397,137.977,23.9961],[2.09483,158.537,-2.21748],[-22.4582,153.691,-10.357],[-35.9038,142.207,-8.81452],[[[0.259469,-0.430078,-0.864701],[0.735235,0.668515,-0.111881],[0.626184,-0.606729,0.489667]],[[0.359378,-0.524427,-0.771896],[0.697754,0.700263,-0.1509],[0.619667,-0.484363,0.61758]],[[0.359378,-0.524427,-0.771896],[0.0200865,0.831312,-0.555442],[0.932976,0.184109,0.309289]],[[0.359378,-0.524427,-0.771896],[-0.545002,0.553488,-0.629781],[0.757509,0.647015,-0.0869021]]],3],[84,[-0.946514,-0.121873,-0.298762],8,47.9852,[-10.9275,130.646,-22.1474],[-10.5532,132.054,-18.3734],[-26.0802,3.23721,22.8333],false,[65.3449,93.4274,42.5809],[35.8304,125.973,9.35286],[17.069,140.388,-14.4928],[-0.518014,138.123,-20.044],[-14.268,129.674,-17.2713],[[[0.205127,-0.601916,-0.771764],[0.819055,0.537237,-0.201308],[0.535791,-0.590824,0.603204]],[[0.296037,-0.696325,-0.65383],[0.774866,0.575327,-0.26188],[0.55852,-0.429105,0.709877]],[[0.296037,-0.696325,-0.65383],[0.128351,0.707304,-0.69516],[0.946514,0.121873,0.298762]],[[0.296037,-0.696325,-0.65383],[-0.455272,0.498892,-0.737452],[0.839696,0.515983,-0.169327]]],4]],[[0,200,0],[235.247,235.247,147.751]]],[53610,80458368305,[[8,"right",[-0.559398,0.74099,-0.371495],[-0.761597,-0.636369,-0.122497],[29.21,125.907,46.3364],[-13.6634,2.17841,11.4869],[27.9133,127.346,31.8128],0,0.684085,0.828786,[[0.609488,-0.282511,-0.740751],[0.300747,0.946904,-0.113682],[0.733537,-0.153491,0.662091]],60.534,[251.554,49.5825,229.059],[63.402,88.9529,59.2322]]],[[80,[-0.938913,0.26324,-0.221693],8,49.5106,[-42.5178,112.376,68.6118],[-42.9992,113.985,71.0937],[-16.921,52.407,84.3458],false,[48.5457,85.8216,84.1077],[48.5457,85.8216,84.1077],[3.57861,100.398,80.3247],[-26.8335,108.924,73.1439],[-47.9142,115.608,70.8492],[[[0.703691,0.6275,-0.33326],[0.2956,0.167962,0.94043],[0.646096,-0.760284,-0.0672957]],[[0.317459,0.911207,-0.262528],[0.00800496,0.274264,0.961621],[0.948238,-0.307377,0.0797735]],[[0.317459,0.911207,-0.262528],[-0.132901,0.31687,0.939112],[0.938913,-0.26324,0.221693]],[[0.317459,0.911207,-0.262528],[-0.0151305,0.281681,0.959389],[0.948151,-0.300595,0.103209]]],0],[81,[-0.941431,0.0150872,-0.336868],8,55.8671,[-44.2005,179.728,22.4393],[-44.5147,173.998,35.5423],[-9.47542,-2.13949,16.7408],false,[59.5132,103.532,75.5552],[9.70482,149.911,59.6531],[-13.6726,180.194,45.4316],[-35.2896,180.541,37.6965],[-47.7419,170.418,35.2621],[[[0.228608,-0.0869473,-0.969628],[0.663219,0.743026,0.0897383],[0.712657,-0.66359,0.227527]],[[0.328731,-0.181487,-0.926822],[0.750909,0.645405,0.139957],[0.572775,-0.741967,0.348445]],[[0.328731,-0.181487,-0.926822],[0.0751202,0.983278,-0.165898],[0.941431,-0.0150872,0.336868]],[[0.328731,-0.181487,-0.926822],[-0.5508,0.760338,-0.344248],[0.767174,0.623658,0.149984]]],1],[82,[-0.959801,-0.107339,-0.259345],8,63.6561,[-45.7011,171.761,-2.70073],[-45.5401,165.281,12.9071],[-41.355,-56.0756,24.7064],false,[62.8323,104.099,64.3527],[18.0541,146.809,40.6098],[-10.2202,175.935,19.4196],[-36.1488,173.035,12.4135],[-49.1996,160.892,13.3709],[[[0.206354,-0.301187,-0.93097],[0.707805,0.702881,-0.0705073],[0.675596,-0.644395,0.358223]],[[0.280677,-0.371422,-0.885023],[0.734813,0.676364,-0.0508134],[0.617471,-0.636064,0.462766]],[[0.280677,-0.371422,-0.885023],[0.00132904,0.922239,-0.386619],[0.959801,0.107339,0.259345]],[[0.280677,-0.371422,-0.885023],[-0.621932,0.631935,-0.462448],[0.731041,0.680223,-0.0536294]]],2],[83,[-0.936916,-0.177681,-0.301028],8,61.2071,[-34.2789,149.119,-22.6555],[-32.4476,146.092,-9.59248],[-27.7177,-7.70155,26.7762],false,[65.3077,101.705,53.2013],[28.275,137.817,23.7787],[2.0413,158.323,-2.545],[-22.6154,153.647,-10.4671],[-36.1779,142.335,-8.68718],[[[0.249576,-0.444855,-0.860125],[0.741915,0.658666,-0.125385],[0.622314,-0.606847,0.494432]],[[0.348596,-0.538667,-0.767019],[0.704619,0.690251,-0.164517],[0.618055,-0.483106,0.620174]],[[0.348596,-0.538667,-0.767019],[0.0258693,0.82357,-0.566625],[0.936916,0.177681,0.301028]],[[0.348596,-0.538667,-0.767019],[-0.542814,0.551114,-0.633739],[0.76409,0.637268,-0.10028]]],3],[84,[-0.949436,-0.117693,-0.291065],8,47.9852,[-10.9678,130.677,-21.8851],[-11.0516,131.624,-18.2528],[-33.9534,-11.3883,19.6725],false,[64.8369,93.1187,42.7673],[35.4884,125.529,9.26098],[16.69,139.716,-14.6919],[-0.951346,137.529,-20.1001],[-14.7732,129.268,-17.126],[[[0.193885,-0.614776,-0.764499],[0.823747,0.525238,-0.213462],[0.532775,-0.588367,0.608256]],[[0.285463,-0.709534,-0.644261],[0.778032,0.564098,-0.276515],[0.559623,-0.422321,0.713069]],[[0.285463,-0.709534,-0.644261],[0.130696,0.694773,-0.707255],[0.949437,0.117693,0.291065]],[[0.285463,-0.709534,-0.644261],[-0.453911,0.491961,-0.742926],[0.844083,0.504515,-0.181629]]],4]],[[0,200,0],[235.247,235.247,147.751]]],[53611,80458376806,[[8,"right",[-0.552127,0.742654,-0.378972],[-0.769697,-0.628734,-0.110724],[29.0884,125.979,46.3082],[-13.8313,3.82295,7.61415],[27.914,127.346,31.8216],0,0.68378,0.829695,[[0.602019,-0.299244,-0.740287],[0.310868,0.941808,-0.1279],[0.735482,-0.153133,0.660012]],60.534,[251.543,49.5125,228.844],[62.8923,88.7912,59.5505]]],[[80,[-0.937475,0.273074,-0.215801],8,49.5106,[-42.5852,112.667,68.9669],[-43.1687,115.369,71.9654],[-17.9237,82.8467,94.6158],false,[48.11,86.1702,84.529],[48.11,86.1702,84.529],[3.30308,101.293,80.9978],[-27.0625,110.138,74.0078],[-48.0749,117.109,71.9559],[[[0.709669,0.614496,-0.344621],[0.301756,0.1769,0.93683],[0.636642,-0.768831,-0.0598873]],[[0.326818,0.903903,-0.275952],[0.0206923,0.285072,0.958283],[0.944861,-0.318894,0.0744627]],[[0.326818,0.903903,-0.275952],[-0.119708,0.329226,0.936632],[0.937475,-0.273074,0.215801]],[[0.326818,0.903903,-0.275952],[0.00309531,0.29096,0.95673],[0.945082,-0.31353,0.0922931]]],0],[81,[-0.942894,0.0207018,-0.33245],8,55.8671,[-44.207,179.623,22.6584],[-44.1921,174.676,35.2113],[1.81481,20.5359,2.35742],false,[59.2508,103.632,75.6937],[9.93124,150.391,59.3861],[-13.246,180.685,44.8623],[-34.8966,181.16,37.2286],[-47.4873,171.166,34.9795],[[[0.22325,-0.102594,-0.969347],[0.672459,0.736122,0.0769638],[0.705662,-0.669028,0.233329]],[[0.322116,-0.197454,-0.925879],[0.757471,0.640406,0.126953],[0.567872,-0.742221,0.355851]],[[0.322116,-0.197454,-0.925879],[0.0848112,0.980093,-0.17951],[0.942894,-0.0207018,0.33245]],[[0.322116,-0.197454,-0.925879],[-0.542705,0.762839,-0.351493],[0.775701,0.615702,0.138563]]],1],[82,[-0.962615,-0.105999,-0.249272],8,63.6561,[-45.7131,171.634,-2.45245],[-45.7129,165.229,12.8833],[-38.8694,-41.8948,19.8283],false,[62.5267,104.01,64.4705],[18.1582,146.936,40.3504],[-10.3181,175.762,19.0216],[-36.3227,172.898,12.2876],[-49.4993,160.912,13.4754],[[[0.198604,-0.316016,-0.927734],[0.71585,0.693313,-0.0829198],[0.669414,-0.64765,0.363915]],[[0.270862,-0.385177,-0.882198],[0.734775,0.67479,-0.0690222],[0.621884,-0.629521,0.465793]],[[0.270862,-0.385177,-0.882198],[0.00250198,0.916735,-0.399488],[0.962615,0.105999,0.249272]],[[0.270862,-0.385177,-0.882198],[-0.61795,0.633117,-0.466155],[0.738086,0.671418,-0.0665331]]],2],[83,[-0.94055,-0.170375,-0.293833],8,61.2071,[-34.2761,149.109,-22.6203],[-32.598,146.131,-9.56344],[-24.8515,-2.45778,21.3914],false,[64.9238,101.438,53.3417],[28.1961,137.598,23.5975],[2.08443,158.097,-2.85206],[-22.6679,153.614,-10.5848],[-36.3472,142.481,-8.58369],[[[0.240416,-0.459239,-0.855161],[0.749185,0.647964,-0.137347],[0.617189,-0.607653,0.499836]],[[0.338096,-0.552414,-0.761925],[0.712211,0.679402,-0.176547],[0.61518,-0.482961,0.623139]],[[0.338096,-0.552414,-0.761925],[0.0325047,0.815972,-0.577177],[0.94055,0.170375,0.293833]],[[0.338096,-0.552414,-0.761925],[-0.540143,0.549077,-0.637778],[0.770673,0.627179,-0.112742]]],3],[84,[-0.951786,-0.1139,-0.284833],8,47.9852,[-11.0262,130.675,-21.6422],[-11.4428,131.14,-18.1586],[-36.4006,-24.6983,16.3378],false,[64.304,92.7198,43.0255],[35.1974,125.032,9.21462],[16.4179,138.971,-14.898],[-1.26712,136.855,-20.1904],[-15.157,128.781,-17.0226],[[[0.183119,-0.627189,-0.757035],[0.829022,0.512401,-0.223981],[0.528384,-0.586583,0.613784]],[[0.275995,-0.723251,-0.633036],[0.781843,0.552021,-0.289818],[0.559061,-0.414946,0.717823]],[[0.275995,-0.723251,-0.633036],[0.133903,0.681128,-0.719816],[0.951786,0.1139,0.284833]],[[0.275995,-0.723251,-0.633036],[-0.452015,0.483573,-0.74956],[0.848239,0.493016,-0.193456]]],4]],[[0,200,0],[235.247,235.247,147.751]]],[53612,80458385447,[[8,"right",[-0.544089,0.744107,-0.38765],[-0.778628,-0.619925,-0.0971183],[29.0575,126.104,46.2053],[-11.1098,6.64645,2.43635],[27.9151,127.344,31.8355],0,0.684705,0.839221,[[0.593522,-0.318486,-0.73912],[0.322505,0.935528,-0.144143],[0.737375,-0.152818,0.65797]],60.534,[251.565,49.4742,228.621],[62.4283,88.672,59.8521]]],[[80,[-0.93583,0.284289,-0.208332],8,49.5106,[-42.648,113.063,69.3685],[-43.2239,116.994,72.9057],[-15.0311,112.372,103.971],false,[47.7429,86.636,84.9419],[47.7429,86.636,84.9419],[3.12427,102.367,81.6978],[-27.188,111.576,74.9497],[-48.1162,118.858,73.1321],[[[0.716038,0.599483,-0.357646],[0.308989,0.18723,0.932454],[0.625952,-0.778181,-0.0511701]],[[0.336857,0.895329,-0.2914],[0.0354185,0.297219,0.954152],[0.94089,-0.331733,0.068409]],[[0.336857,0.895329,-0.2914],[-0.103684,0.342879,0.93364],[0.93583,-0.284289,0.208332]],[[0.336857,0.895329,-0.2914],[0.0222511,0.301831,0.953102],[0.941293,-0.327543,0.0817518]]],0],[81,[-0.944603,0.0260648,-0.327178],8,55.8671,[-44.2069,179.51,22.9185],[-43.7538,175.419,34.7548],[13.2641,38.9836,-12.1762],false,[59.0705,103.808,75.7816],[10.2981,150.971,58.9996],[-12.7022,181.228,44.1221],[-34.392,181.826,36.6095],[-47.1332,171.978,34.576],[[[0.216789,-0.120522,-0.96875],[0.682663,0.728082,0.0621873],[0.697835,-0.674812,0.240117]],[[0.314265,-0.215697,-0.924507],[0.763981,0.635546,0.111419],[0.563534,-0.741321,0.364518]],[[0.314265,-0.215697,-0.924507],[0.0946682,0.976113,-0.195556],[0.944603,-0.0260648,0.327178]],[[0.314265,-0.215697,-0.924507],[-0.5339,0.765087,-0.35999],[0.784976,0.606727,0.12528]]],1],[82,[-0.965621,-0.0991103,-0.240321],8,63.6561,[-45.7263,171.497,-2.16968],[-45.6344,165.544,12.6933],[-27.5274,-18.2744,10.315],false,[62.2926,103.968,64.5377],[18.3785,147.112,39.9787],[-10.0733,175.818,18.4557],[-36.1591,173.14,11.9636],[-49.5045,161.369,13.3922],[[[0.189501,-0.332926,-0.923715],[0.724641,0.682233,-0.0972301],[0.662559,-0.650937,0.370536]],[[0.259788,-0.401126,-0.878412],[0.739213,0.667909,-0.0863796],[0.621349,-0.626894,0.470032]],[[0.259788,-0.401126,-0.878412],[0.00933919,0.910645,-0.413083],[0.965621,0.0991103,0.240321]],[[0.259788,-0.401126,-0.878412],[-0.611307,0.635858,-0.471156],[0.747539,0.65938,-0.0800227]]],2],[83,[-0.944599,-0.162477,-0.28519],8,61.2071,[-34.2732,149.097,-22.5805],[-32.67,146.188,-9.57978],[-20.0087,2.18955,16.196],false,[64.5968,101.193,53.4381],[28.2026,137.382,23.3222],[2.22406,157.868,-3.26896],[-22.6349,153.592,-10.7743],[-36.4311,142.657,-8.50687],[[[0.229767,-0.475564,-0.849144],[0.75708,0.635605,-0.151115],[0.611585,-0.608149,0.506081]],[[0.325884,-0.567872,-0.755858],[0.720558,0.666776,-0.19028],[0.612043,-0.48263,0.626476]],[[0.325884,-0.567872,-0.755858],[0.0391415,0.806922,-0.58936],[0.944599,0.162477,0.28519]],[[0.325884,-0.567872,-0.755858],[-0.538207,0.545869,-0.642153],[0.77726,0.616075,-0.127742]]],3],[84,[-0.954368,-0.110067,-0.27761],8,47.9852,[-11.1033,130.636,-21.4004],[-11.7818,130.6,-18.1125],[-36.1724,-36.3982,12.2317],false,[63.8063,92.3262,43.2613],[34.9596,124.503,9.10066],[16.2088,138.144,-15.2043],[-1.52413,136.098,-20.3625],[-15.4791,128.235,-16.9615],[[[0.170736,-0.641194,-0.748144],[0.834639,0.497658,-0.23604],[0.523667,-0.58413,0.620133]],[[0.265385,-0.738866,-0.619394],[0.786117,0.537766,-0.304675],[0.558203,-0.40606,0.72355]],[[0.265385,-0.738866,-0.619394],[0.136942,0.664803,-0.73436],[0.954368,0.110067,0.27761]],[[0.265385,-0.738866,-0.619394],[-0.450894,0.472736,-0.757109],[0.852212,0.480206,-0.207693]]],4]],[[0,200,0],[235.247,235.247,147.751]]],[53613,80458394208,[[8,"right",[-0.533069,0.74427,-0.402368],[-0.790803,-0.607362,-0.0757749],[29.1623,126.378,46.1371],[-4.91932,13.2751,-0.30465],[27.9169,127.343,31.856],0,0.687725,0.839762,[[0.579475,-0.348459,-0.73674],[0.341017,0.924715,-0.169143],[0.740213,-0.153227,0.65468]],60.534,[251.797,49.3754,228.408],[61.9323,88.6781,60.4828]]],[[80,[-0.932333,0.297548,-0.205477],8,49.5106,[-42.6935,113.661,69.844],[-43.0776,119.389,73.8706],[-6.20664,156.605,107.487],false,[47.4056,87.5506,85.7219],[47.4056,87.5506,85.7219],[3.0694,104.082,82.5883],[-27.1296,113.72,75.9328],[-47.9305,121.371,74.1705],[[[0.72433,0.576686,-0.377862],[0.31963,0.204731,0.925161],[0.610887,-0.790897,-0.0360335]],[[0.350984,0.881345,-0.316295],[0.0520257,0.318907,0.946357],[0.934935,-0.348611,0.0660787]],[[0.350984,0.881345,-0.316295],[-0.0869833,0.367011,0.926141],[0.932333,-0.297548,0.205477]],[[0.350984,0.881345,-0.316295],[0.0389915,0.323735,0.945344],[0.935569,-0.344133,0.0792606]]],0],[81,[-0.946938,0.0320283,-0.319818],8,55.8671,[-44.1896,179.408,23.1979],[-42.9853,176.493,34.0089],[31.2065,62.2242,-31.523],false,[58.9811,104.27,76.0488],[10.9702,151.909,58.4349],[-11.7938,182.04,42.9516],[-33.5373,182.775,35.6079],[-46.4769,173.124,33.9164],[[[0.207007,-0.148892,-0.966943],[0.696609,0.7164,0.0388197],[0.686938,-0.681618,0.25202]],[[0.302831,-0.244552,-0.921134],[0.772795,0.628641,0.0871656],[0.557746,-0.738244,0.379361]],[[0.302831,-0.244552,-0.921134],[0.107714,0.969107,-0.221876],[0.946938,-0.0320283,0.319818]],[[0.302831,-0.244552,-0.921134],[-0.522263,0.765892,-0.375035],[0.797205,0.594646,0.104216]]],1],[82,[-0.969907,-0.0969826,-0.223325],8,63.6561,[-45.736,171.356,-1.87331],[-45.3717,165.75,12.5437],[-13.7113,-6.91909,7.53898],false,[62.1186,104.087,64.7813],[18.8299,147.422,39.4594],[-9.67589,175.835,17.6227],[-35.8775,173.215,11.5897],[-49.3161,161.62,13.5035],[[[0.176103,-0.359545,-0.91636],[0.73649,0.665775,-0.119689],[0.653123,-0.653812,0.382047]],[[0.243245,-0.425759,-0.871528],[0.743836,0.658549,-0.114109],[0.622527,-0.620517,0.476884]],[[0.243245,-0.425759,-0.871528],[0.0105596,0.899624,-0.436537],[0.969907,0.0969826,0.223325]],[[0.243245,-0.425759,-0.871528],[-0.611707,0.629974,-0.478484],[0.752759,0.649509,-0.107201]]],2],[83,[-0.950433,-0.153698,-0.270286],8,61.2071,[-34.2704,149.085,-22.5393],[-32.7424,146.075,-9.47708],[-17.5592,0.350318,17.4823],false,[64.2847,100.991,53.739],[28.3415,137.093,22.9832],[2.39836,157.373,-3.79923],[-22.6141,153.328,-10.9123],[-36.5611,142.683,-8.22683],[[[0.214272,-0.500999,-0.838503],[0.767635,0.617205,-0.172613],[0.604007,-0.606678,0.516834]],[[0.307631,-0.591131,-0.745605],[0.729238,0.64983,-0.214321],[0.611208,-0.477792,0.630983]],[[0.307631,-0.591131,-0.745605],[0.0451763,0.791796,-0.609113],[0.950433,0.153698,0.270286]],[[0.307631,-0.591131,-0.745605],[-0.536612,0.53932,-0.648985],[0.785755,0.599749,-0.151297]]],3],[84,[-0.95813,-0.105289,-0.266272],8,47.9852,[-11.2003,130.536,-21.1499],[-12.1223,129.744,-17.9398],[-35.8225,-55.0553,13.4254],false,[63.25,91.8876,43.7954],[34.7465,123.735,9.04296],[16.0302,136.891,-15.5537],[-1.77273,134.935,-20.5012],[-15.8015,127.378,-16.7303],[[[0.152939,-0.662895,-0.732925],[0.841944,0.475728,-0.254586],[0.517437,-0.578146,0.630878]],[[0.2498,-0.761896,-0.59759],[0.791929,0.515877,-0.32668],[0.557179,-0.391644,0.732233]],[[0.2498,-0.761896,-0.59759],[0.139952,0.639084,-0.756297],[0.95813,0.105289,0.266272]],[[0.2498,-0.761896,-0.59759],[-0.451249,0.454445,-0.76802],[0.856723,0.461513,-0.230285]]],4]],[[0,200,0],[235.247,235.247,147.751]]],[53614,80458402834,[[8,"right",[-0.521374,0.744509,-0.416983],[-0.802934,-0.593463,-0.0556623],[29.2721,126.606,46.0503],[-0.24522,16.7612,-2.88996],[27.9194,127.342,31.8825],0,0.690953,0.845764,[[0.565432,-0.377411,-0.733381],[0.358323,0.913277,-0.193725],[0.742894,-0.153248,0.651631]],60.534,[251.958,49.3259,228.244],[61.4059,88.6342,61.1003]]],[[80,[-0.928115,0.311995,-0.203129],8,49.5106,[-42.7187,114.493,70.3993],[-42.893,121.806,74.6974],[1.51566,190.624,106.078],false,[47.0384,88.4065,86.4544],[47.0384,88.4065,86.4544],[3.02011,105.777,83.3756],[-27.0423,115.883,76.7961],[-47.6995,123.919,75.0572],[[[0.732684,0.553039,-0.396639],[0.330048,0.220947,0.917742],[0.595183,-0.803325,-0.020645]],[[0.365676,0.866383,-0.34009],[0.0683242,0.339423,0.938149],[0.928231,-0.366295,0.0649242]],[[0.365676,0.866383,-0.34009],[-0.0698813,0.389922,0.918192],[0.928115,-0.311995,0.203129]],[[0.365676,0.866383,-0.34009],[0.0551663,0.344579,0.937135],[0.929106,-0.36145,0.0782093]]],0],[81,[-0.948911,0.0385332,-0.313183],8,55.8671,[-44.1501,179.326,23.4781],[-42.1636,177.532,33.2097],[46.3889,78.2537,-47.5554],false,[58.8671,104.656,76.2985],[11.6651,152.78,57.8377],[-10.839,182.791,41.7529],[-32.6278,183.676,34.5617],[-45.7568,174.23,33.1976],[[[0.197264,-0.176444,-0.964341],[0.710612,0.703387,0.0166646],[0.675365,-0.68856,0.264136]],[[0.291521,-0.272794,-0.916842],[0.781663,0.620414,0.0639436],[0.551378,-0.735303,0.394097]],[[0.291521,-0.272794,-0.916842],[0.120763,0.961301,-0.247624],[0.948911,-0.0385332,0.313183]],[[0.291521,-0.272794,-0.916842],[-0.510634,0.766103,-0.390306],[0.808869,0.581953,0.0840375]]],1],[82,[-0.973761,-0.0941271,-0.207194],8,63.6561,[-45.7381,171.251,-1.64478],[-45.0076,165.975,12.3614],[0.765795,2.15261,3.54813],false,[61.921,104.137,65.0184],[19.3024,147.678,38.9267],[-9.16658,175.863,16.7479],[-35.4723,173.32,11.1506],[-48.9784,161.895,13.5503],[[[0.162643,-0.385156,-0.908406],[0.748387,0.648143,-0.140814],[0.643012,-0.656937,0.393662]],[[0.227259,-0.450033,-0.863611],[0.749541,0.647002,-0.139915],[0.621725,-0.615515,0.484355]],[[0.227259,-0.450033,-0.863611],[0.0119551,0.888037,-0.459616],[0.973761,0.0941271,0.207194]],[[0.227259,-0.450033,-0.863611],[-0.613191,0.622807,-0.48591],[0.756538,0.639985,-0.134418]]],2],[83,[-0.955904,-0.14488,-0.255454],8,61.2071,[-34.268,149.075,-22.5027],[-32.7468,145.972,-9.37457],[-13.1345,-1.20004,18.4961],false,[63.9489,100.73,54.0414],[28.4958,136.767,22.6465],[2.62875,156.877,-4.33712],[-22.5277,153.064,-11.0599],[-36.5964,142.7,-7.94402],[[[0.198613,-0.525388,-0.827357],[0.778211,0.597697,-0.192735],[0.595769,-0.605579,0.527573]],[[0.289336,-0.613626,-0.734675],[0.73817,0.631661,-0.236872],[0.609417,-0.47378,0.635723]],[[0.289336,-0.613626,-0.734675],[0.0503138,0.776192,-0.628486],[0.955904,0.14488,0.255454]],[[0.289336,-0.613626,-0.734675],[-0.5367,0.531523,-0.655314],[0.792615,0.583906,-0.175544]]],3],[84,[-0.961826,-0.10179,-0.254026],8,47.9852,[-11.3171,130.367,-20.893],[-12.4669,128.819,-17.7351],[-36.3998,-72.2522,15.7865],false,[62.6679,91.4094,44.331],[34.5425,122.951,8.99618],[15.8141,135.554,-15.8793],[-2.05744,133.662,-20.5993],[-16.1422,126.413,-16.4508],[[[0.1349,-0.683433,-0.717441],[0.849186,0.452838,-0.2717],[0.510574,-0.572588,0.641449]],[[0.234639,-0.784455,-0.574086],[0.796302,0.493833,-0.349332],[0.557538,-0.375178,0.740536]],[[0.234639,-0.784455,-0.574086],[0.140836,0.611775,-0.778394],[0.961826,0.10179,0.254026]],[[0.234639,-0.784455,-0.574086],[-0.452881,0.434349,-0.778614],[0.860142,0.442686,-0.253349]]],4]],[[0,200,0],[235.247,235.247,147.751]]],[53615,80458411479,[[8,"right",[-0.508641,0.743523,-0.434118],[-0.815371,-0.577912,-0.0344606],[29.4555,126.832,45.9467],[5.45077,19.2453,-5.30212],[27.923,127.34,31.9152],0,0.69424,0.848813,[[0.549347,-0.408701,-0.728822],[0.376782,0.899672,-0.220511],[0.745824,-0.15347,0.648223]],60.534,[252.201,49.2599,228.109],[60.8974,88.6248,61.8395]]],[[80,[-0.922988,0.327165,-0.202621],8,49.5106,[-42.7091,115.669,71.0667],[-42.5954,124.429,75.4127],[10.7506,221.94,101.102],false,[46.6968,89.39,87.277],[46.6968,89.39,87.277],[3.04247,107.648,84.1517],[-26.8539,118.245,77.5886],[-47.348,126.678,75.8009],[[[0.741302,0.526604,-0.416125],[0.340621,0.239044,0.909305],[0.578315,-0.81581,-0.00216797]],[[0.381261,0.848935,-0.365992],[0.0849638,0.362042,0.928282],[0.920555,-0.385014,0.0659038]],[[0.381261,0.848935,-0.365992],[-0.0522719,0.415058,0.908292],[0.922988,-0.327165,0.202621]],[[0.381261,0.848935,-0.365992],[0.0705618,0.368017,0.927138],[0.921771,-0.379306,0.0804082]]],0],[81,[-0.950632,0.0458143,-0.30692],8,55.8671,[-44.0797,179.271,23.7517],[-41.1917,178.602,32.2029],[62.2171,91.1871,-65.2601],false,[58.7909,105.106,76.6067],[12.4714,153.679,57.1169],[-9.73263,183.543,40.3547],[-31.5609,184.595,33.3072],[-44.8849,175.381,32.2893],[[[0.187177,-0.206824,-0.960306],[0.725082,0.688627,-0.00698285],[0.662737,-0.694994,0.27886]],[[0.279472,-0.303504,-0.910923],[0.791157,0.610344,0.0393715],[0.544027,-0.731686,0.410694]],[[0.279472,-0.303504,-0.910923],[0.134885,0.951728,-0.275717],[0.950632,-0.0458143,0.30692]],[[0.279472,-0.303504,-0.910923],[-0.498046,0.765287,-0.407782],[0.820881,0.567645,0.0627175]]],1],[82,[-0.97733,-0.105703,-0.183445],8,63.6561,[-45.7381,171.121,-1.38863],[-44.7864,165.381,12.3571],[4.52889,-22.8145,7.29463],false,[61.7585,104.215,65.3269],[19.8762,147.905,38.3073],[-9.01826,175.352,15.7576],[-35.4204,172.497,10.8019],[-48.826,161.109,13.8528],[[[0.148625,-0.413162,-0.898447],[0.760663,0.628321,-0.16311],[0.631904,-0.659173,0.407661]],[[0.211705,-0.477644,-0.852665],[0.746325,0.6423,-0.1745],[0.631016,-0.599422,0.492455]],[[0.211705,-0.477644,-0.852665],[-0.00250825,0.872172,-0.489193],[0.97733,0.105703,0.183445]],[[0.211705,-0.477644,-0.852665],[-0.625549,0.604097,-0.493716],[0.750913,0.637906,-0.170899]]],2],[83,[-0.961281,-0.136127,-0.239602],8,61.2071,[-34.2659,149.066,-22.4717],[-32.6804,145.732,-9.29982],[-8.15131,-6.93951,18.6142],false,[63.6427,100.468,54.4355],[28.7341,136.363,22.2777],[2.91066,156.207,-4.94379],[-22.3873,152.624,-11.2494],[-36.575,142.575,-7.67476],[[[0.182227,-0.551844,-0.813795],[0.789093,0.575864,-0.213804],[0.586622,-0.603199,0.540395]],[[0.270096,-0.637879,-0.72122],[0.746265,0.612002,-0.261805],[0.608388,-0.467509,0.641326]],[[0.270096,-0.637879,-0.72122],[0.0546599,0.758011,-0.649948],[0.96128,0.136127,0.239602]],[[0.270096,-0.637879,-0.72122],[-0.536786,0.52209,-0.662785],[0.799318,0.566157,-0.20139]]],3],[84,[-0.96562,-0.0967099,-0.2413],8,47.9852,[-11.4525,130.119,-20.6203],[-12.7373,127.791,-17.5112],[-34.8598,-87.1329,18.8475],false,[62.1052,90.9135,44.9929],[34.4035,122.056,8.97578],[15.6647,134.078,-16.1778],[-2.27733,132.281,-20.6613],[-16.42,125.385,-16.1255],[[[0.115995,-0.705461,-0.699192],[0.856536,0.427453,-0.289188],[0.502883,-0.565339,0.653836]],[[0.217865,-0.807456,-0.548224],[0.800839,0.468965,-0.372464],[0.557846,-0.357892,0.748813]],[[0.217865,-0.807456,-0.548224],[0.14182,0.581947,-0.800765],[0.96562,0.0967099,0.2413]],[[0.217865,-0.807456,-0.548224],[-0.454525,0.413141,-0.789127],[0.863679,0.421105,-0.277]]],4]],[[0,200,0],[235.247,235.247,147.751]]],[53616,80458420169,[[8,"right",[-0.49404,0.740692,-0.455302],[-0.828874,-0.559336,-0.0105405],[29.5699,127.228,45.7541],[7.50584,26.2655,-9.79591],[27.9276,127.34,31.954],0,0.699486,0.854864,[[0.529381,-0.444757,-0.722459],[0.398012,0.882239,-0.251478],[0.749228,-0.154419,0.644059]],60.534,[252.394,49.2226,227.909],[60.2166,88.8311,62.7074]]],[[80,[-0.91663,0.343687,-0.20413],8,49.5106,[-42.6562,117.399,71.8752],[-42.3107,127.598,75.9749],[17.1154,261.35,92.409],false,[46.2099,90.7641,88.1904],[46.2099,90.7641,88.1904],[2.98893,109.996,84.8882],[-26.7015,121.128,78.2762],[-47.0027,129.991,76.3684],[[[0.750583,0.495054,-0.437661],[0.352252,0.260606,0.89889],[0.559056,-0.828858,0.0212226]],[[0.39839,0.827336,-0.39598],[0.102978,0.388645,0.915615],[0.911417,-0.405549,0.0696347]],[[0.39839,0.827336,-0.39598],[-0.0327903,0.444291,0.895282],[0.91663,-0.343687,0.20413]],[[0.39839,0.827336,-0.39598],[0.0868502,0.395753,0.914241],[0.913095,-0.398616,0.0858099]]],0],[81,[-0.952476,0.0509615,-0.300319],8,55.8671,[-43.9729,179.251,23.9971],[-40.1686,179.789,30.8219],[75.3451,103.039,-89.4526],false,[58.5957,105.832,76.9365],[13.294,154.82,56.136],[-8.58594,184.432,38.5234],[-30.4566,185.602,31.6275],[-43.9567,176.611,31.03],[[[0.175798,-0.242534,-0.954082],[0.74092,0.670732,-0.0339833],[0.648176,-0.700925,0.297612]],[[0.266233,-0.339795,-0.902031],[0.801082,0.598454,0.0110006],[0.536086,-0.725529,0.431531]],[[0.266233,-0.339795,-0.902031],[0.148016,0.939118,-0.310079],[0.952476,-0.0509615,0.300319]],[[0.266233,-0.339795,-0.902031],[-0.487177,0.760048,-0.430099],[0.831733,0.553955,0.0368098]]],1],[82,[-0.981141,-0.100747,-0.164963],8,63.6561,[-45.732,170.988,-1.12491],[-44.4258,165.584,11.8795],[13.595,-8.4671,-6.37669],false,[61.4655,104.502,65.6745],[20.4344,148.259,37.4827],[-8.49616,175.259,14.444],[-35.0013,172.537,9.98765],[-48.5162,161.447,13.5994],[[[0.132851,-0.445767,-0.885236],[0.774025,0.604522,-0.188251],[0.61906,-0.660186,0.425346]],[[0.193293,-0.508741,-0.83894],[0.75064,0.627299,-0.207451],[0.631805,-0.589643,0.503134]],[[0.193293,-0.508741,-0.83894],[-0.000597283,0.855005,-0.51862],[0.981141,0.100747,0.164963]],[[0.193293,-0.508741,-0.83894],[-0.624125,0.596003,-0.505221],[0.757038,0.621259,-0.202314]]],2],[83,[-0.967279,-0.128991,-0.218479],8,61.2071,[-34.264,149.057,-22.4432],[-32.6712,145.421,-9.18415],[-6.10162,-13.9388,21.9536],false,[63.188,100.357,54.9013],[28.9116,135.993,21.789],[3.10449,155.489,-5.69777],[-22.3513,152.094,-11.4474],[-36.5909,142.358,-7.26411],[[[0.163773,-0.582355,-0.796267],[0.800879,0.549775,-0.237361],[0.575996,-0.59884,0.556434]],[[0.247804,-0.665115,-0.704425],[0.754271,0.588765,-0.29057],[0.608003,-0.459323,0.647576]],[[0.247804,-0.665115,-0.704425],[0.054449,0.735516,-0.675316],[0.967279,0.128991,0.218479]],[[0.247804,-0.665115,-0.704425],[-0.543139,0.506716,-0.669506],[0.802242,0.548507,-0.235684]]],3],[84,[-0.970156,-0.0900715,-0.225133],8,47.9852,[-11.6203,129.782,-20.321],[-13.1355,126.724,-17.2348],[-38.2912,-98.4917,24.4975],false,[61.3637,90.5375,45.7876],[34.1549,121.128,8.93147],[15.3663,132.508,-16.4821],[-2.65998,130.834,-20.6653],[-16.8445,124.353,-15.6723],[[[0.0947425,-0.73053,-0.676276],[0.864322,0.397425,-0.308221],[0.493934,-0.555319,0.669067]],[[0.197577,-0.831882,-0.518589],[0.805056,0.43954,-0.398359],[0.559329,-0.338787,0.756555]],[[0.197577,-0.831882,-0.518589],[0.140574,0.547594,-0.824852],[0.970156,0.0900715,0.225133]],[[0.197577,-0.831882,-0.518589],[-0.458921,0.388973,-0.798806],[0.86623,0.395817,-0.304916]]],4]],[[0,200,0],[235.247,235.247,147.751]]],[53617,80458429313,[[8,"right",[-0.476987,0.735999,-0.480404],[-0.84241,-0.538723,0.0110719],[29.6045,127.771,45.6189],[6.46976,35.4612,-11.1854],[27.9337,127.342,32.0039],0,0.712144,0.859694,[[0.506646,-0.481057,-0.715467],[0.418544,0.862749,-0.283699],[0.753744,-0.15572,0.638452]],60.534,[252.682,49.3137,227.63],[59.3463,89.2559,63.8675]]],[[80,[-0.908705,0.360938,-0.209713],8,49.5106,[-42.5622,120.056,72.8679],[-42.1475,131.126,76.2783],[17.7366,297.571,77.3429],false,[45.4654,92.4392,89.2937],[45.4654,92.4392,89.2937],[2.73859,112.675,85.5867],[-26.6951,124.366,78.794],[-46.7748,133.673,76.6682],[[[0.761262,0.460492,-0.456539],[0.361162,0.283638,0.888319],[0.538556,-0.841128,0.0496106]],[[0.417183,0.802822,-0.425952],[0.119008,0.416393,0.901362],[0.900997,-0.426725,0.0781696]],[[0.417183,0.802822,-0.425952],[-0.0146194,0.474554,0.880105],[0.908705,-0.360938,0.209713]],[[0.417183,0.802822,-0.425952],[0.101538,0.424578,0.89968],[0.903132,-0.418582,0.0956098]]],0],[81,[-0.953772,0.052181,-0.295967],8,55.8671,[-43.8272,179.269,24.1961],[-39.1911,180.903,29.1142],[81.8478,106.694,-115.445],false,[58.1855,106.787,77.485],[14.0425,156.108,55.044],[-7.54572,185.316,36.426],[-29.4461,186.514,29.63],[-43.0863,177.718,29.4553],[[[0.16701,-0.280582,-0.945188],[0.757095,0.650603,-0.0593585],[0.631597,-0.705684,0.321085]],[[0.255391,-0.37837,-0.889726],[0.809321,0.58711,-0.0173661],[0.528938,-0.715638,0.456165]],[[0.255391,-0.37837,-0.889726],[0.158412,0.924183,-0.347552],[0.953772,-0.052181,0.295966]],[[0.255391,-0.37837,-0.889726],[-0.478086,0.75044,-0.456369],[0.840362,0.541918,0.0107627]]],1],[82,[-0.984075,-0.0872712,-0.154855],8,63.6561,[-45.7141,170.88,-0.895199],[-43.7546,166.339,10.8395],[30.4598,20.5678,-34.656],false,[60.989,104.987,66.2718],[20.9652,148.713,36.6219],[-7.5866,175.453,12.8205],[-34.171,173.096,8.63715],[-47.8831,162.418,12.7204],[[[0.119276,-0.480117,-0.869058],[0.788113,0.57815,-0.211236],[0.603863,-0.659721,0.447346]],[[0.177333,-0.541891,-0.821527],[0.761419,0.604425,-0.23433],[0.623533,-0.583972,0.519791]],[[0.177333,-0.541891,-0.821527],[0.0122187,0.835905,-0.548738],[0.984075,0.0872712,0.154855]],[[0.177333,-0.541891,-0.821527],[-0.615304,0.590442,-0.522282],[0.768085,0.598107,-0.228723]]],2],[83,[-0.972381,-0.119152,-0.200694],8,61.2071,[-34.2619,149.048,-22.4166],[-32.4956,145.266,-9.23578],[1.0904,-12.4283,18.6837],false,[62.5777,100.42,55.6496],[29.0925,135.691,21.3581],[3.46681,154.874,-6.5161],[-22.1232,151.738,-11.7977],[-36.4246,142.364,-7.0383],[[[0.147087,-0.614175,-0.775342],[0.813469,0.521045,-0.258418],[0.562702,-0.592707,0.576251]],[[0.226218,-0.692785,-0.684744],[0.764419,0.561958,-0.316016],[0.603729,-0.451943,0.656703]],[[0.226218,-0.692785,-0.684744],[0.0574489,0.711233,-0.700605],[0.972381,0.119152,0.200694]],[[0.226218,-0.692785,-0.684744],[-0.547393,0.491054,-0.677662],[0.805721,0.528124,-0.26814]]],3],[84,[-0.974414,-0.0869443,-0.207262],8,47.9852,[-11.8214,129.315,-19.965],[-13.418,125.523,-16.8512],[-36.7422,-111.069,32.9445],false,[60.486,90.3305,46.8954],[33.9312,120.253,9.02779],[15.132,130.822,-16.7262],[-2.97341,129.206,-20.5773],[-17.1395,123.133,-15.0473],[[[0.0747806,-0.756239,-0.650008],[0.87294,0.36475,-0.323934],[0.482062,-0.543194,0.687428]],[[0.179146,-0.857329,-0.482591],[0.809138,0.407428,-0.423436],[0.559645,-0.314626,0.766687]],[[0.179146,-0.857329,-0.482591],[0.135733,0.507373,-0.850969],[0.974414,0.0869443,0.207262]],[[0.179146,-0.857329,-0.482591],[-0.468508,0.356992,-0.80812],[0.865105,0.370869,-0.337712]]],4]],[[0,200,0],[235.247,235.247,147.751]]],[53618,80458437483,[[8,"right",[-0.4617,0.732106,-0.500853],[-0.854069,-0.5194,0.0280874],[29.8166,128.17,45.455],[11.3961,38.8594,-13.4295],[27.9411,127.345,32.0565],0,0.710901,0.862238,[[0.487513,-0.510677,-0.708194],[0.434822,0.845376,-0.310272],[0.75714,-0.156677,0.634186]],60.534,[252.948,49.3655,227.438],[58.7418,89.5531,64.7689]]],[[80,[-0.901094,0.377099,-0.214069],8,49.5106,[-42.3917,123.119,73.8145],[-41.7585,134.152,76.4424],[25.7624,317.494,64.1894],false,[44.9915,93.7803,90.1139],[44.9915,93.7803,90.1139],[2.734,114.917,86.0686],[-26.4532,127.131,79.1347],[-46.322,136.84,76.835],[[[0.770217,0.430074,-0.470959],[0.369324,0.301266,0.879112],[0.519968,-0.851044,0.0732032]],[[0.433616,0.780833,-0.449753],[0.133854,0.437764,0.88907],[0.891101,-0.445716,0.0853044]],[[0.433616,0.780833,-0.449753],[0.00244921,0.498093,0.86712],[0.901094,-0.377099,0.214069]],[[0.433616,0.780833,-0.449753],[0.115634,0.446772,0.887143],[0.893647,-0.436686,0.103437]]],0],[81,[-0.95455,0.0563284,-0.292681],8,55.8671,[-43.6639,179.316,24.3246],[-38.1188,181.861,27.645],[92.641,109.131,-131.026],false,[57.9987,107.494,77.8725],[14.905,157.107,54.0764],[-6.3997,185.997,34.6531],[-28.318,187.29,27.9326],[-42.1018,178.721,28.0834],[[[0.158659,-0.311553,-0.93689],[0.771137,0.63169,-0.0794725],[0.616584,-0.709861,0.340473]],[[0.245199,-0.40986,-0.878574],[0.816947,0.575297,-0.0403799],[0.521991,-0.707847,0.475896]],[[0.245199,-0.40986,-0.878574],[0.169447,0.910407,-0.37742],[0.95455,-0.0563284,0.292681]],[[0.245199,-0.40986,-0.878574],[-0.467667,0.743819,-0.477516],[0.849214,0.527966,-0.00929413]]],1],[82,[-0.986341,-0.0733633,-0.147479],8,63.6561,[-45.6854,170.799,-0.711288],[-42.9046,167.079,9.89555],[49.2772,41.1501,-53.944],false,[60.7367,105.307,66.7119],[21.6215,149.028,35.8663],[-6.53269,175.616,11.4284],[-33.1783,173.634,7.44427],[-47.0666,163.34,11.8994],[[[0.106703,-0.507685,-0.854909],[0.800208,0.554186,-0.229226],[0.590154,-0.659646,0.465387]],[[0.162855,-0.568656,-0.806293],[0.771646,0.582664,-0.25508],[0.61485,-0.580632,0.533691]],[[0.162855,-0.568656,-0.806293],[0.0247127,0.819297,-0.572836],[0.986341,0.0733633,0.147479]],[[0.162855,-0.568656,-0.806293],[-0.606848,0.586619,-0.536297],[0.777955,0.576636,-0.249554]]],2],[83,[-0.977507,-0.112916,-0.178131],8,61.2071,[-34.2604,149.042,-22.3955],[-32.44,144.984,-8.86432],[-1.00628,-17.2384,32.0926],false,[62.2004,100.399,56.2246],[29.4251,135.391,20.9748],[3.55592,154.218,-6.91701],[-22.169,151.247,-11.6049],[-36.4874,142.177,-6.33485],[[[0.131757,-0.639547,-0.757377],[0.824192,0.495188,-0.274768],[0.550771,-0.588021,0.592354]],[[0.204592,-0.712781,-0.670885],[0.765958,0.543324,-0.343668],[0.609468,-0.443558,0.657119]],[[0.204592,-0.712781,-0.670885],[0.0512152,0.692238,-0.719849],[0.977507,0.112916,0.178131]],[[0.204592,-0.712781,-0.670885],[-0.55445,0.480443,-0.67953],[0.806677,0.510998,-0.296906]]],3],[84,[-0.978004,-0.0825204,-0.191569],8,47.9852,[-11.9984,128.824,-19.6207],[-13.4671,124.56,-16.504],[-28.6946,-115.038,38.2461],false,[59.8669,90.1087,47.771],[33.8943,119.499,9.09124],[15.1277,129.421,-16.9421],[-3.04446,127.887,-20.5017],[-17.1703,122.182,-14.4978],[[[0.0566135,-0.776275,-0.627848],[0.880051,0.335778,-0.335803],[0.471493,-0.533527,0.702171]],[[0.162467,-0.877353,-0.451504],[0.813318,0.378157,-0.442167],[0.558676,-0.295378,0.775005]],[[0.162467,-0.877353,-0.451504],[0.130816,0.472696,-0.871462],[0.978004,0.0825204,0.191569]],[[0.162467,-0.877353,-0.451504],[-0.479,0.32992,-0.813457],[0.862649,0.34843,-0.366651]]],4]],[[0,200,0],[235.247,235.247,147.751]]],[53619,80458446177,[[8,"right",[-0.447094,0.724825,-0.524153],[-0.864901,-0.49977,0.046639],[30.1689,128.685,45.3257],[19.1635,44.2733,-13.8147],[27.9526,127.352,32.1253],0,0.709481,0.866082,[[0.4656,-0.542273,-0.699397],[0.452004,0.825144,-0.338864],[0.760861,-0.158356,0.629297]],60.534,[253.467,49.4999,227.28],[58.3066,90.1181,65.8654]]],[[80,[-0.893292,0.391518,-0.220779],8,49.5106,[-42.0458,127.207,74.8268],[-41.1665,137.389,76.5272],[37.6256,333.725,50.4537],false,[44.7072,95.4766,91.0775],[44.7072,95.4766,91.0775],[2.92644,117.45,86.5672],[-26.008,130.132,79.416],[-45.6617,140.216,76.8941],[[[0.778156,0.397631,-0.486171],[0.377667,0.322258,0.868054],[0.501838,-0.859092,0.100595]],[[0.449055,0.756112,-0.476072],[0.148682,0.462152,0.874248],[0.881047,-0.463369,0.0951117]],[[0.449055,0.756112,-0.476072],[0.0194573,0.524413,0.851242],[0.893292,-0.391518,0.220779]],[[0.449055,0.756112,-0.476072],[0.130169,0.471769,0.872061],[0.883971,-0.453573,0.113428]]],0],[81,[-0.954938,0.0611889,-0.29043],8,55.8671,[-43.4472,179.404,24.3998],[-36.8845,182.859,25.9565],[104.868,111.481,-147.103],false,[57.9765,108.495,78.3675],[15.8983,158.204,53.0053],[-5.07231,186.713,32.6768],[-26.9995,188.118,26.0079],[-40.9319,179.805,26.4981],[[[0.149844,-0.345761,-0.926281],[0.78427,0.612046,-0.101593],[0.602053,-0.711231,0.362881]],[[0.234544,-0.44408,-0.864744],[0.825222,0.561132,-0.064339],[0.513807,-0.698515,0.498075]],[[0.234544,-0.44408,-0.864744],[0.181887,0.893895,-0.409718],[0.954938,-0.0611889,0.29043]],[[0.234544,-0.44408,-0.864744],[-0.45629,0.735182,-0.501305],[0.858364,0.512152,-0.0301971]]],1],[82,[-0.988233,-0.0595915,-0.140869],8,63.6561,[-45.6369,170.725,-0.532031],[-41.8958,167.761,8.78235],[67.6343,54.1203,-72.6877],false,[60.6419,105.882,67.2814],[22.3995,149.384,35.0628],[-5.32778,175.707,9.8623],[-32.0245,174.097,6.05679],[-46.0775,164.215,10.911],[[[0.0938967,-0.537911,-0.837756],[0.811339,0.529016,-0.248738],[0.576985,-0.656349,0.486101]],[[0.148341,-0.597891,-0.787732],[0.781877,0.558632,-0.276764],[0.605527,-0.574854,0.550345]],[[0.148341,-0.597891,-0.787732],[0.0372818,0.79936,-0.599695],[0.988233,0.0595915,0.140869]],[[0.148341,-0.597891,-0.787732],[-0.598621,0.579749,-0.55276],[0.787177,0.55355,-0.271909]]],2],[83,[-0.981636,-0.104617,-0.159519],8,61.2071,[-34.2586,149.035,-22.3751],[-32.1773,144.693,-8.65942],[6.46449,-19.4024,32.8989],false,[61.9766,100.599,56.9605],[29.8763,135.097,20.62],[3.92763,153.498,-7.48151],[-21.906,150.745,-11.6795],[-36.2609,142.04,-5.91604],[[[0.11635,-0.666974,-0.735941],[0.833954,0.46804,-0.292333],[0.539429,-0.579728,0.610682]],[[0.184326,-0.735585,-0.651873],[0.769603,0.52055,-0.369782],[0.611339,-0.433523,0.662059]],[[0.184326,-0.735585,-0.651873],[0.0491424,0.669306,-0.74136],[0.981636,0.104617,0.159519]],[[0.184326,-0.735585,-0.651873],[-0.558537,0.467344,-0.685293],[0.80874,0.490413,-0.324708]]],3],[84,[-0.981749,-0.0824509,-0.171377],8,47.9852,[-12.1841,128.187,-19.1997],[-13.485,123.264,-15.9082],[-22.3135,-127.646,49.8701],false,[59.4047,90.0858,48.8566],[33.9781,118.727,9.26342],[15.0885,127.706,-17.0222],[-3.15322,126.174,-20.2066],[-17.1916,120.861,-13.6618],[[[0.0385978,-0.797692,-0.601828],[0.886258,0.305535,-0.348132],[0.461582,-0.519938,0.718754]],[[0.147574,-0.89868,-0.413032],[0.813634,0.347742,-0.465913],[0.562335,-0.2673,0.782515]],[[0.147574,-0.89868,-0.413032],[0.119958,0.430785,-0.894446],[0.981749,0.0824509,0.171377]],[[0.147574,-0.89868,-0.413032],[-0.493201,0.295113,-0