{"metadata":{"formatVersion":2,"generatedBy":"LeapJS Playback 0.2.1","frames":102,"protocolVersion":6,"serviceVersion":"2.2.5+26752","frameRate":"1.1e+2","modified":"Wed Apr 22 2015 19:54:41 GMT-0300 (E. South America Standard Time)"},"frames":[["id","timestamp",{"hands":[["id","type","direction","palmNormal","palmPosition","palmVelocity","stabilizedPalmPosition","pinchStrength","grabStrength","confidence","armBasis","armWidth","elbow","wrist"]]},{"pointables":[["id","direction","handId","length","stabilizedTipPosition","tipPosition","tipVelocity","tool","carpPosition","mcpPosition","pipPosition","dipPosition","btipPosition","bases","type"]]},{"interactionBox":["center","size"]}],[53740,80459512838,[[8,"right",[-0.635975,0.6519,-0.412991],[-0.577038,-0.75706,-0.306412],[33.8419,124.996,47.9698],[-4.15862,6.02914,45.6751],[29.2341,127.212,40.1269],0,0.453435,0.660266,[[0.681172,-0.0633545,-0.729377],[0.106995,0.994167,0.0135696],[0.724263,-0.0872833,0.683977]],60.534,[258.32,71.9573,239.643],[72.5463,94.3455,64.2031]]],[[80,[-0.812673,0.0461805,-0.580887],8,49.5106,[-31.4908,93.6782,42.3876],[-31.7863,93.3785,44.6494],[56.621,-134.828,-39.4157],false,[54.8159,85.6353,85.6291],[54.8159,85.6353,85.6291],[10.7251,90.1185,68.7553],[-15.598,91.6144,49.9399],[-35.7044,93.4403,40.6274],[[[0.598211,0.786861,-0.151638],[0.0938741,0.119115,0.988433],[0.795821,-0.605526,-0.00260995]],[[0.150269,0.979748,-0.13234],[-0.336106,0.176514,0.925136],[0.929759,-0.0945391,0.355823]],[[0.150269,0.979748,-0.13234],[-0.563011,0.194838,0.803154],[0.812673,-0.0461805,0.580887]],[[0.150269,0.979748,-0.13234],[-0.399501,0.18262,0.898359],[0.904333,-0.0821257,0.418853]]],0],[81,[-0.862113,0.125194,-0.491007],8,55.8671,[-36.6511,180.767,17.8027],[-46.3369,169.484,28.1308],[-94.8914,-70.7456,160.128],false,[62.9959,105.992,80.5514],[7.73366,143.066,59.1877],[-17.0273,172.275,45.0633],[-36.8231,175.15,33.7889],[-49.5079,168.046,26.572],[[[0.398353,0.066631,-0.914809],[0.46489,0.845096,0.26399],[0.790691,-0.530446,0.305671]],[[0.494819,-0.000746182,-0.868996],[0.622173,0.698437,0.353675],[0.606675,-0.715671,0.346064]],[[0.494819,-0.000746182,-0.868996],[0.10916,0.992132,0.0613053],[0.862113,-0.125194,0.491007]],[[0.494819,-0.000746182,-0.868996],[-0.380009,0.899131,-0.217155],[0.781503,0.437679,0.444624]]],1],[82,[-0.845687,-0.031733,-0.532736],8,63.6561,[-35.4696,162.748,-9.05758],[-39.3347,163.626,-0.362879],[-59.2444,-12.2173,112.556],false,[67.9149,108.427,70.2212],[19.5717,143.779,41.8287],[-5.66267,173.127,17.3605],[-28.5085,172.27,2.96888],[-41.6892,161.506,-2.42871],[[[0.416388,-0.150698,-0.896611],[0.54279,0.832343,0.112177],[0.729383,-0.53338,0.428375]],[[0.524701,-0.231774,-0.819127],[0.648841,0.731783,0.208563],[0.551084,-0.640916,0.534352]],[[0.524701,-0.231774,-0.819127],[0.097481,0.972252,-0.212659],[0.845687,0.031733,0.532736]],[[0.524701,-0.231774,-0.819127],[-0.42377,0.763414,-0.487461],[0.738314,0.602893,0.302345]]],2],[83,[-0.809622,-0.136602,-0.570835],8,61.2071,[-17.207,148.421,-21.6212],[-18.3217,148.563,-19.836],[-39.5426,81.4033,82.9188],false,[72.6465,107.804,59.5705],[34.1078,138.882,26.5532],[13.0111,162.159,-1.99088],[-8.29563,158.564,-17.0135],[-20.9814,146.831,-21.0717],[[[0.477074,-0.289861,-0.829688],[0.594126,0.802023,0.0614296],[0.647622,-0.522246,0.554838]],[[0.576112,-0.37099,-0.728327],[0.648889,0.749427,0.131539],[0.497028,-0.548385,0.672486]],[[0.576112,-0.37099,-0.728327],[0.112284,0.918535,-0.37906],[0.809622,0.136602,0.570835]],[[0.576112,-0.37099,-0.728327],[-0.396611,0.652253,-0.645962],[0.714699,0.661009,0.228632]]],3],[84,[-0.792398,-0.284871,-0.539401],8,47.9852,[9.67744,128.589,-26.1126],[9.33636,127.709,-25.7052],[-21.4182,108.065,51.7543],false,[75.7475,100.489,48.6304],[46.0718,129.928,12.7526],[33.1676,142.348,-15.6656],[18.4442,137.054,-25.6882],[6.5406,125.81,-25.7749],[[[0.444054,-0.476863,-0.758563],[0.715962,0.697864,-0.0195892],[0.538715,-0.534404,0.651305]],[[0.583151,-0.613231,-0.532807],[0.715794,0.698026,-0.0199605],[0.384153,-0.36974,0.846002]],[[0.583151,-0.613231,-0.532807],[0.178996,0.736747,-0.652046],[0.792398,0.284871,0.539401]],[[0.583151,-0.613231,-0.532807],[-0.36262,0.390407,-0.84622],[0.72694,0.686681,0.00529653]]],4]],[[0,200,0],[235.247,235.247,147.751]]],[53741,80459521550,[[8,"right",[-0.637169,0.650387,-0.413537],[-0.582564,-0.757715,-0.294088],[33.8249,125.04,48.1824],[-3.56923,5.79079,39.993],[29.2349,127.212,40.1284],0,0.453135,0.689892,[[0.681678,-0.0745109,-0.727848],[0.113944,0.993475,0.00501266],[0.722725,-0.086351,0.68572]],60.534,[257.936,72.2485,240.251],[72.5567,94.3975,64.3638]]],[[80,[-0.816714,0.0436991,-0.575386],8,49.5106,[-31.3493,93.4706,43.0965],[-31.8824,93.6287,45.5887],[37.3808,-91.084,1.88121],false,[54.9847,85.9587,86.0275],[54.9847,85.9587,86.0275],[10.7873,90.4511,69.4375],[-15.6668,91.8665,50.8003],[-35.8583,93.6925,41.6738],[[[0.599784,0.783093,-0.164393],[0.103085,0.128117,0.986387],[0.793494,-0.608565,-0.0038826]],[[0.153064,0.977815,-0.142999],[-0.328532,0.186824,0.925831],[0.932008,-0.0947316,0.349839]],[[0.153064,0.977815,-0.142999],[-0.556372,0.204861,0.805284],[0.816714,-0.0436991,0.575386]],[[0.153064,0.977815,-0.142999],[-0.389633,0.192697,0.900585],[0.908162,-0.08213,0.410484]]],0],[81,[-0.866538,0.123361,-0.483625],8,55.8671,[-36.82,180.582,17.988],[-46.4049,169.634,28.6722],[-71.9147,-47.8215,134.535],false,[63.1955,106.235,80.6843],[7.88504,143.316,59.4582],[-16.9309,172.466,45.3078],[-36.8282,175.299,34.2029],[-49.6067,168.172,27.1759],[[[0.390469,0.0564334,-0.918885],[0.470374,0.845774,0.251823],[0.79138,-0.530548,0.303703]],[[0.48621,-0.0102419,-0.873782],[0.627624,0.699846,0.341034],[0.60802,-0.714221,0.3467]],[[0.48621,-0.0102419,-0.873782],[0.112744,0.992309,0.0511043],[0.866538,-0.123361,0.483625]],[[0.48621,-0.0102419,-0.873782],[-0.379215,0.898396,-0.221542],[0.787271,0.439067,0.432925]]],1],[82,[-0.849626,-0.031129,-0.526467],8,63.6561,[-35.5844,162.79,-8.77704],[-39.515,163.611,0.0152593],[-49.3539,-8.70991,94.4777],false,[68.0317,108.553,70.2885],[19.5712,143.819,41.9893],[-5.66968,173.091,17.4372],[-28.622,172.25,3.21494],[-41.9067,161.523,-1.99454],[[[0.40785,-0.160781,-0.898781],[0.546876,0.831285,0.0994556],[0.731153,-0.532085,0.426967]],[[0.517435,-0.242211,-0.820728],[0.654531,0.729847,0.197264],[0.551226,-0.639263,0.536183]],[[0.517435,-0.242211,-0.820728],[0.101968,0.969724,-0.221896],[0.849626,0.031129,0.526467]],[[0.517435,-0.242211,-0.820728],[-0.42251,0.76173,-0.491175],[0.744141,0.600917,0.291809]]],2],[83,[-0.814219,-0.127119,-0.566469],8,61.2071,[-17.4692,148.765,-21.2025],[-18.6453,148.811,-19.4853],[-37.5824,71.4105,70.9833],false,[72.6662,107.811,59.6027],[33.9528,138.722,26.6332],[12.9758,162.182,-1.84872],[-8.45189,158.837,-16.7564],[-21.2991,147.247,-20.7159],[[[0.468606,-0.299534,-0.831076],[0.597647,0.800289,0.0485477],[0.650559,-0.51944,0.554036]],[[0.567569,-0.379532,-0.730631],[0.658502,0.741933,0.126135],[0.494207,-0.552713,0.671021]],[[0.567569,-0.379532,-0.730631],[0.122116,0.916404,-0.381171],[0.814219,0.127119,0.566469]],[[0.567569,-0.379532,-0.730631],[-0.392414,0.655433,-0.645305],[0.723794,0.652964,0.22307]]],3],[84,[-0.798846,-0.280048,-0.532371],8,47.9852,[9.08275,128.395,-25.671],[8.70858,127.485,-25.304],[-34.1654,75.0928,49.7625],false,[75.6426,100.381,48.7057],[45.7603,129.592,12.8132],[32.7393,142.066,-15.5276],[17.896,136.863,-25.4195],[5.92202,125.693,-25.3539],[[[0.435518,-0.485726,-0.757888],[0.718368,0.694901,-0.0325502],[0.542468,-0.530266,0.651573]],[[0.574212,-0.618718,-0.536161],[0.721125,0.692294,-0.026589],[0.387632,-0.371371,0.843697]],[[0.574212,-0.618718,-0.536161],[0.179237,0.734004,-0.655067],[0.798846,0.280048,0.532371]],[[0.574212,-0.618718,-0.536161],[-0.368199,0.389761,-0.844107],[0.731238,0.68211,-0.00400596]]],4]],[[0,200,0],[235.247,235.247,147.751]]],[53742,80459530171,[[8,"right",[-0.636592,0.649242,-0.416216],[-0.591435,-0.757358,-0.276793],[33.8009,125.125,48.5065],[-3.36228,6.84768,39.3589],[29.2356,127.211,40.1296],0,0.452257,0.716164,[[0.68112,-0.0923402,-0.726325],[0.125543,0.992053,-0.00839322],[0.721328,-0.0854685,0.6873]],60.534,[257.49,72.4975,241.015],[72.4694,94.4202,64.7224]]],[[80,[-0.822443,0.0417356,-0.567315],8,49.5106,[-31.4306,93.6289,44.1008],[-32.1599,94.1901,47.0474],[17.9676,-50.4344,46.9518],false,[55.0667,86.4338,86.6921],[55.0667,86.4338,86.6921],[10.7348,91.0286,70.4936],[-15.9048,92.3804,52.1178],[-36.1898,94.2386,43.2077],[[[0.603934,0.775937,-0.182167],[0.11462,0.141629,0.983262],[0.78875,-0.614705,-0.00340355]],[[0.15905,0.9744,-0.158893],[-0.317445,0.202869,0.926322],[0.934843,-0.0968919,0.341585]],[[0.15905,0.9744,-0.158893],[-0.54616,0.220912,0.808027],[0.822443,-0.0417356,0.567315]],[[0.15905,0.9744,-0.158893],[-0.377216,0.208709,0.902302],[0.912366,-0.0835743,0.400754]]],0],[81,[-0.871077,0.12331,-0.475416],8,55.8671,[-36.9546,180.44,18.1448],[-46.3253,170.063,29.2334],[-50.5383,-21.9855,116.591],false,[63.374,106.566,80.9665],[8.12324,143.763,59.7885],[-16.6452,172.889,45.5062],[-36.6467,175.721,34.5897],[-49.5619,168.603,27.8077],[[[0.381019,0.0400414,-0.9237],[0.479472,0.845663,0.234437],[0.790526,-0.532214,0.303015]],[[0.476045,-0.0262196,-0.87903],[0.63648,0.700029,0.32381],[0.606856,-0.713633,0.349933]],[[0.476045,-0.0262196,-0.87903],[0.120858,0.992022,0.0358617],[0.871077,-0.12331,0.475416]],[[0.476045,-0.0262196,-0.87903],[-0.374501,0.898347,-0.22961],[0.795695,0.438503,0.417834]]],1],[82,[-0.855187,-0.0315979,-0.517355],8,63.6561,[-35.6802,162.822,-8.54277],[-39.7026,163.601,0.515036],[-42.5242,-7.12998,85.1591],false,[68.116,108.695,70.4872],[19.625,143.922,42.1911],[-5.61674,173.055,17.4759],[-28.7193,172.202,3.49977],[-42.1413,161.506,-1.41597],[[[0.39696,-0.176986,-0.90061],[0.554225,0.828368,0.0814955],[0.731613,-0.531491,0.426919]],[[0.507015,-0.258321,-0.822318],[0.662619,0.726959,0.180184],[0.551246,-0.636239,0.539748]],[[0.507015,-0.258321,-0.822318],[0.10766,0.965542,-0.236934],[0.855187,0.0315979,0.517355]],[[0.507015,-0.258321,-0.822318],[-0.421524,0.757855,-0.497969],[0.751833,0.599104,0.275355]]],2],[83,[-0.820755,-0.120192,-0.558494],8,61.2071,[-17.7266,149.005,-20.8348],[-19.0851,148.82,-19.012],[-40.8258,54.7156,66.5209],false,[72.63,107.762,59.7649],[33.802,138.491,26.7595],[12.8698,161.955,-1.75174],[-8.72989,158.792,-16.4496],[-21.774,147.354,-20.2015],[[[0.45738,-0.315209,-0.831533],[0.604209,0.796241,0.0305105],[0.652483,-0.516375,0.554637]],[[0.555845,-0.393736,-0.732126],[0.669206,0.734418,0.113105],[0.493153,-0.552812,0.671713]],[[0.555845,-0.393736,-0.732126],[0.131904,0.911332,-0.389969],[0.820755,0.120192,0.558494]],[[0.555845,-0.393736,-0.732126],[-0.388558,0.655525,-0.647541],[0.734887,0.644406,0.211381]]],3],[84,[-0.80641,-0.2703,-0.525967],8,47.9852,[8.54049,128.255,-25.293],[8.0219,127.218,-24.8222],[-44.4536,51.1054,49.5014],false,[75.4328,100.152,48.9467],[45.3909,129.069,12.9501],[32.361,141.63,-15.3486],[17.3772,136.607,-25.1215],[5.25934,125.596,-24.8968],[[[0.423661,-0.500056,-0.755285],[0.723249,0.688752,-0.0503144],[0.545364,-0.524943,0.653462]],[[0.561525,-0.628931,-0.537713],[0.730907,0.681631,-0.0339886],[0.387898,-0.373932,0.842443]],[[0.561525,-0.628931,-0.537713],[0.185453,0.728961,-0.658956],[0.80641,0.2703,0.525967]],[[0.561525,-0.628931,-0.537713],[-0.370212,0.390213,-0.843016],[0.740022,0.672443,-0.0137231]]],4]],[[0,200,0],[235.247,235.247,147.751]]],[53743,80459538848,[[8,"right",[-0.635217,0.647718,-0.420667],[-0.602444,-0.756365,-0.254899],[33.806,125.298,48.786],[-2.31,10.327,37.4556],[29.2361,127.211,40.1305],0,0.451239,0.740189,[[0.679138,-0.115791,-0.72482],[0.141601,0.989598,-0.0254134],[0.720223,-0.0853762,0.688469]],60.534,[257.102,72.612,241.7],[72.3648,94.511,65.1073]]],[[80,[-0.829138,0.0395439,-0.557644],8,49.5106,[-31.5832,93.9664,45.0781],[-32.4658,95.0212,48.7048],[2.2958,-12.1779,87.099],false,[55.1602,87.1235,87.4396],[55.1602,87.1235,87.4396],[10.6852,91.8652,71.6819],[-16.1713,93.1461,53.6194],[-36.5712,95.0611,44.9879],[[[0.609361,0.76608,-0.204452],[0.128383,0.159124,0.978876],[0.78243,-0.622737,-0.00138767]],[[0.166958,0.969488,-0.179495],[-0.304201,0.22382,0.925941],[0.937863,-0.0999911,0.332288]],[[0.166958,0.969488,-0.179495],[-0.533531,0.241929,0.810441],[0.829138,-0.0395439,0.557644]],[[0.166958,0.969488,-0.179495],[-0.360916,0.229509,0.903917],[0.917532,-0.0861339,0.388222]]],0],[81,[-0.876088,0.123588,-0.466042],8,55.8671,[-37.0533,180.34,18.2669],[-46.1365,170.699,29.6882],[-31.3804,3.47387,99.9934],false,[63.5967,107.057,81.2271],[8.46068,144.41,60.0257],[-16.2173,173.507,45.5289],[-36.3339,176.345,34.8277],[-49.4138,169.247,28.3478],[[[0.369766,0.0185404,-0.92894],[0.490851,0.844995,0.212249],[0.788884,-0.534453,0.303349]],[[0.463911,-0.0472806,-0.884619],[0.647454,0.699653,0.302142],[0.604641,-0.712917,0.355188]],[[0.463911,-0.0472806,-0.884619],[0.131363,0.991207,0.0159119],[0.876088,-0.123588,0.466042]],[[0.463911,-0.0472806,-0.884619],[-0.367982,0.898065,-0.240976],[0.805839,0.437315,0.399223]]],1],[82,[-0.861901,-0.03311,-0.505994],8,63.6561,[-35.761,162.848,-8.34504],[-39.8759,163.607,0.965318],[-36.9289,-6.14866,76.5317],false,[68.2279,108.937,70.6511],[19.7415,144.116,42.2876],[-5.50057,173.043,17.3318],[-28.7845,172.149,3.66254],[-42.3641,161.483,-0.870195],[[[0.383815,-0.198161,-0.901897],[0.563498,0.824025,0.0587532],[0.731543,-0.530768,0.427937]],[[0.494096,-0.279175,-0.823366],[0.672303,0.723165,0.158244],[0.551252,-0.631739,0.545003]],[[0.494096,-0.279175,-0.823366],[0.113999,0.959669,-0.25698],[0.861901,0.03311,0.505994]],[[0.494096,-0.279175,-0.823366],[-0.421022,0.751756,-0.507547],[0.760664,0.597432,0.2539]]],2],[83,[-0.82871,-0.11779,-0.547143],8,61.2071,[-17.9892,149.122,-20.5099],[-19.6135,148.538,-18.5556],[-46.1065,31.4875,62.6323],false,[72.5972,107.754,59.8936],[33.6681,138.247,26.7887],[12.7024,161.517,-1.85638],[-9.10664,158.417,-16.2555],[-22.3451,147.099,-19.6745],[[[0.443706,-0.335659,-0.830938],[0.612513,0.790422,0.0077783],[0.654181,-0.512412,0.55631]],[[0.541981,-0.412788,-0.732026],[0.679909,0.727343,0.0932473],[0.493943,-0.54825,0.674865]],[[0.541981,-0.412788,-0.732026],[0.139629,0.903179,-0.405922],[0.82871,0.11779,0.547143]],[[0.541981,-0.412788,-0.732026],[-0.387279,0.65037,-0.653478],[0.745836,0.637671,0.192624]]],3],[84,[-0.814094,-0.25582,-0.521352],8,47.9852,[7.99548,128.151,-25.015],[7.29477,126.968,-24.4569],[-52.849,34.5999,43.8056],false,[75.1872,99.9106,49.1893],[44.9874,128.445,13.0199],[32.0141,141.073,-15.275],[16.8875,136.32,-24.9621],[4.54922,125.559,-24.6278],[[[0.409093,-0.518665,-0.750753],[0.729442,0.680196,-0.0724396],[0.548231,-0.517996,0.656599]],[[0.546051,-0.642801,-0.537249],[0.743418,0.667445,-0.0429785],[0.38621,-0.375932,0.842328]],[[0.546051,-0.642801,-0.537249],[0.197686,0.722055,-0.66299],[0.814094,0.25582,0.521352]],[[0.546051,-0.642801,-0.537249],[-0.366176,0.39366,-0.843177],[0.753488,0.657145,-0.0204204]]],4]],[[0,200,0],[235.247,235.247,147.751]]],[53744,80459547557,[[8,"right",[-0.632237,0.646272,-0.427327],[-0.61567,-0.753908,-0.229288],[33.7383,125.47,49.1272],[-3.76872,12.8521,37.9155],[29.2365,127.211,40.1313],0,0.450578,0.761412,[[0.67528,-0.144533,-0.723261],[0.161285,0.985816,-0.0464155],[0.719711,-0.0853077,0.689013]],60.534,[256.711,72.6732,242.389],[72.1048,94.5546,65.657]]],[[80,[-0.83657,0.0383742,-0.546514],8,49.5106,[-31.7912,94.4046,46.0639],[-32.918,96.1079,50.5952],[-14.551,24.3379,125.705],false,[55.1051,87.9178,88.3786],[55.1051,87.9178,88.3786],[10.5019,92.8967,73.0623],[-16.5953,94.1397,55.3602],[-37.1322,96.1734,47.0884],[[[0.616569,0.75289,-0.230216],[0.143542,0.18001,0.973135],[0.774105,-0.63305,0.00291688]],[[0.177605,0.962668,-0.204271],[-0.289476,0.249493,0.924098],[0.940564,-0.104992,0.32298]],[[0.177605,0.962668,-0.204271],[-0.518273,0.26795,0.812155],[0.83657,-0.0383742,0.546514]],[[0.177605,0.962668,-0.204271],[-0.339473,0.254761,0.905458],[0.923696,-0.091469,0.372047]]],0],[81,[-0.881014,0.124642,-0.456376],8,55.8671,[-37.1278,180.269,18.3648],[-45.8891,171.494,30.0675],[-15.5037,26.9555,85.4543],false,[63.7185,107.587,81.593],[8.79849,145.176,60.2482],[-15.7175,174.252,45.4373],[-35.9472,177.114,34.9581],[-49.2117,170.051,28.824],[[[0.357517,-0.00794049,-0.933873],[0.504688,0.843017,0.186044],[0.785793,-0.537829,0.305401]],[[0.450521,-0.0733572,-0.889747],[0.660472,0.697933,0.276886],[0.600672,-0.712396,0.362884]],[[0.450521,-0.0733572,-0.889747],[0.144378,0.989486,-0.008475],[0.881014,-0.124642,0.456376]],[[0.450521,-0.0733572,-0.889747],[-0.359437,0.897372,-0.255986],[0.817212,0.435135,0.377918]]],1],[82,[-0.869145,-0.0349738,-0.49332],8,63.6561,[-35.828,162.867,-8.18015],[-40.0202,163.617,1.38355],[-32.1457,-6.29547,69.928],false,[68.232,109.159,70.9164],[19.8362,144.32,42.3759],[-5.34001,173.012,17.0841],[-28.8196,172.067,3.75724],[-42.5687,161.432,-0.312608],[[[0.369083,-0.224127,-0.901967],[0.574995,0.817525,0.0321427],[0.730177,-0.53049,0.430607]],[[0.47938,-0.304808,-0.822975],[0.684032,0.717263,0.132791],[0.549813,-0.626599,0.55234]],[[0.47938,-0.304808,-0.822975],[0.121585,0.951772,-0.281688],[0.869145,0.0349738,0.49332]],[[0.47938,-0.304808,-0.822975],[-0.420779,0.743104,-0.520328],[0.770156,0.595725,0.227972]]],2],[83,[-0.837236,-0.115288,-0.53455],8,61.2071,[-18.251,149.146,-20.215],[-20.1822,148.133,-18.0696],[-50.7179,10.5943,60.525],false,[72.4411,107.669,60.1332],[33.4761,137.907,26.8374],[12.5407,160.937,-2.02351],[-9.49275,157.903,-16.0912],[-22.9466,146.724,-19.1045],[[[0.428109,-0.360736,-0.828608],[0.622878,0.782096,-0.0186704],[0.654786,-0.508129,0.559518]],[[0.526109,-0.436429,-0.72989],[0.692774,0.71773,0.0701973],[0.493228,-0.54258,0.679951]],[[0.526109,-0.436429,-0.72989],[0.149146,0.892322,-0.426048],[0.837236,0.115288,0.53455]],[[0.526109,-0.436429,-0.72989],[-0.385603,0.642548,-0.662149],[0.757971,0.629811,0.169762]]],3],[84,[-0.823162,-0.24462,-0.512411],8,47.9852,[7.37419,127.881,-24.7013],[6.40499,126.376,-23.9556],[-64.5443,9.65464,45.0441],false,[74.7846,99.5458,49.5818],[44.4806,127.638,13.1543],[31.5097,140.148,-15.1941],[16.2146,135.602,-24.7152],[3.65709,125.108,-24.1536],[[[0.392175,-0.541355,-0.74373],[0.737268,0.668482,-0.0978161],[0.550123,-0.509967,0.661285]],[[0.528299,-0.660692,-0.533278],[0.756172,0.651764,-0.0583761],[0.38614,-0.37241,0.843923]],[[0.528299,-0.660692,-0.533278],[0.208095,0.709681,-0.67309],[0.823162,0.24462,0.512411]],[[0.528299,-0.660692,-0.533278],[-0.364426,0.390839,-0.845245],[0.766873,0.640882,-0.0342932]]],4]],[[0,200,0],[235.247,235.247,147.751]]],[53745,80459556167,[[8,"right",[-0.628173,0.64418,-0.436383],[-0.632331,-0.749466,-0.196106],[33.7791,125.661,49.5573],[-1.52052,15.3323,41.0984],[29.2368,127.211,40.1321],0,0.450129,0.779293,[[0.668768,-0.182134,-0.720817],[0.187405,0.979519,-0.0736292],[0.719464,-0.0858436,0.689204]],60.534,[256.425,72.5656,243.17],[71.8827,94.5844,66.3895]]],[[80,[-0.845597,0.0375381,-0.532501],8,49.5106,[-32.0077,94.9404,47.1223],[-33.3363,97.5676,52.9897],[-25.9827,62.6818,169.955],false,[55.1583,88.9377,89.5782],[55.1583,88.9377,89.5782],[10.4091,94.2529,74.8106],[-16.9805,95.4688,57.5625],[-37.6632,97.67,49.7074],[[[0.625437,0.734577,-0.263107],[0.163062,0.206704,0.96472],[0.763046,-0.646274,0.0094984]],[[0.19118,0.952654,-0.236433],[-0.270165,0.282643,0.920393],[0.943642,-0.112085,0.31141]],[[0.19118,0.952654,-0.236433],[-0.498414,0.30173,0.812738],[0.845597,-0.0375381,0.532501]],[[0.19118,0.952654,-0.236433],[-0.313165,0.287487,0.90514],[0.930257,-0.0990025,0.3533]]],0],[81,[-0.886941,0.126207,-0.444306],8,55.8671,[-37.1959,180.208,18.4626],[-45.4044,172.492,30.4695],[3.34017,50.3305,75.8485],false,[63.9924,108.238,82.0566],[9.37348,146.132,60.4805],[-14.9268,175.167,45.2391],[-35.2927,178.065,35.037],[-48.7837,171.057,29.3497],[[[0.341474,-0.0424228,-0.938933],[0.522183,0.83918,0.151993],[0.781486,-0.542196,0.308711]],[[0.433043,-0.107367,-0.894956],[0.676748,0.694559,0.244133],[0.595388,-0.711379,0.373434]],[[0.433043,-0.107367,-0.894956],[0.160654,0.986176,-0.040575],[0.886941,-0.126207,0.444306]],[[0.433043,-0.107367,-0.894956],[-0.34875,0.895595,-0.276194],[0.831172,0.43172,0.350387]]],1],[82,[-0.878162,-0.0366874,-0.476954],8,63.6561,[-35.88,162.88,-8.04703],[-40.0651,163.599,1.88672],[-25.9831,-7.74948,68.1575],false,[68.351,109.407,71.2645],[20.0908,144.542,42.4641],[-5.00809,172.905,16.7278],[-28.7313,171.914,3.84312],[-42.6939,161.346,0.368794],[[[0.34986,-0.257719,-0.900655],[0.589426,0.807819,-0.00219202],[0.728131,-0.530102,0.43453]],[[0.460063,-0.337913,-0.82107],[0.698499,0.708625,0.0997474],[0.548125,-0.619407,0.562044]],[[0.460063,-0.337913,-0.82107],[0.131046,0.940462,-0.313621],[0.878162,0.0366874,0.476954]],[[0.460063,-0.337913,-0.82107],[-0.420279,0.731708,-0.536627],[0.782117,0.591961,0.194614]]],2],[83,[-0.848182,-0.115742,-0.516906],8,61.2071,[-18.5248,149.062,-19.919],[-20.852,147.326,-17.4058],[-57.7624,-18.194,64.427],false,[72.3508,107.518,60.4642],[33.3535,137.423,26.9065],[12.3485,159.982,-2.27402],[-9.97297,156.936,-15.8774],[-23.6681,145.914,-18.3266],[[[0.407762,-0.393078,-0.824148],[0.635826,0.770032,-0.0526811],[0.655328,-0.502534,0.563919]],[[0.505729,-0.467204,-0.72523],[0.706642,0.706572,0.037583],[0.494868,-0.531485,0.68748]],[[0.505729,-0.467204,-0.72523],[0.157561,0.876541,-0.454808],[0.848182,0.115742,0.516906]],[[0.505729,-0.467204,-0.72523],[-0.385903,0.629346,-0.674539],[0.771568,0.621002,0.137984]]],3],[84,[-0.834925,-0.237744,-0.496364],8,47.9852,[6.63144,127.292,-24.2654],[5.3126,125.223,-23.1996],[-80.1743,-28.0088,54.4115],false,[74.3755,99.0404,50.128],[43.9468,126.553,13.3638],[30.8378,138.641,-15.104],[15.3242,134.223,-24.3269],[2.54038,124.035,-23.3698],[[[0.370168,-0.570391,-0.733232],[0.74689,0.652077,-0.130196],[0.552386,-0.499449,0.667398]],[[0.506496,-0.684762,-0.523987],[0.768874,0.63373,-0.0849688],[0.390249,-0.359843,0.847478]],[[0.506496,-0.684762,-0.523987],[0.215317,0.688896,-0.692142],[0.834925,0.237744,0.496364]],[[0.506496,-0.684762,-0.523987],[-0.366036,0.379468,-0.849719],[0.780691,0.622177,-0.058449]]],4]],[[0,200,0],[235.247,235.247,147.751]]],[53746,80459564856,[[8,"right",[-0.619624,0.646556,-0.445007],[-0.654142,-0.738717,-0.162467],[33.7241,125.721,50.0523],[-2.80249,13.0917,45.3266],[29.2371,127.211,40.1327],0,0.451528,0.795891,[[0.659978,-0.222804,-0.717487],[0.214329,0.971163,-0.104429],[0.720064,-0.0848577,0.6887]],60.534,[256.033,72.4398,243.822],[71.3366,94.2058,67.1704]]],[[80,[-0.856556,0.0457756,-0.51402],8,49.5106,[-32.2945,95.637,48.3105],[-34.0583,99.565,55.6191],[-45.8013,109.715,214.993],false,[54.8916,89.682,90.801],[54.8916,89.682,90.801],[10.0313,95.7342,76.6679],[-17.7133,97.2169,60.0184],[-38.5768,99.8468,52.7988],[[[0.638725,0.710264,-0.295899],[0.185257,0.231293,0.955083],[0.7468,-0.664853,0.0161511]],[[0.211404,0.93977,-0.268591],[-0.245801,0.317088,0.91599],[0.945986,-0.127624,0.29803]],[[0.211404,0.93977,-0.268591],[-0.470765,0.338729,0.814643],[0.856556,-0.0457756,0.51402]],[[0.211404,0.93977,-0.268591],[-0.27339,0.320688,0.906872],[0.938385,-0.118286,0.324718]]],0],[81,[-0.892179,0.133634,-0.431462],8,55.8671,[-37.2776,180.143,18.5969],[-44.6542,173.91,30.9669],[25.3196,79.4997,71.6025],false,[64.0676,108.518,82.5475],[10.0325,147.123,60.762],[-13.86,176.274,45.1039],[-34.3461,179.342,35.1967],[-48.098,172.479,29.9781],[[[0.323584,-0.0791683,-0.942882],[0.545491,0.829835,0.117528],[0.773132,-0.552364,0.311707]],[[0.413213,-0.144282,-0.899132],[0.697542,0.684876,0.210668],[0.585398,-0.714232,0.383643]],[[0.413213,-0.144282,-0.899132],[0.182407,0.980472,-0.0735065],[0.892179,-0.133634,0.431462]],[[0.413213,-0.144282,-0.899132],[-0.333819,0.894635,-0.296974],[0.847243,0.42286,0.321511]]],1],[82,[-0.88729,-0.0293993,-0.460273],8,63.6561,[-35.9168,162.893,-7.94382],[-39.9578,164.067,2.50921],[-16.3332,7.12859,69.6872],false,[68.2616,109.253,71.6523],[20.3853,144.723,42.6225],[-4.43941,172.947,16.4717],[-28.4092,172.153,4.03763],[-42.6747,161.817,1.14458],[[[0.327296,-0.293366,-0.898228],[0.609185,0.792176,-0.0367542],[0.722337,-0.535158,0.43799]],[[0.436811,-0.373869,-0.81818],[0.717831,0.693028,0.0665559],[0.542139,-0.616388,0.571097]],[[0.436811,-0.373869,-0.81818],[0.148028,0.927015,-0.344572],[0.88729,0.0293993,0.460273]],[[0.436811,-0.373869,-0.81818],[-0.413114,0.72458,-0.551652],[0.799083,0.578969,0.162054]]],2],[83,[-0.859869,-0.108846,-0.498776],8,61.2071,[-18.8055,148.94,-19.6044],[-21.4972,146.837,-16.6082],[-61.5452,-29.5179,71.1107],false,[72.0207,106.94,60.8479],[33.1887,136.807,27.0651],[12.2704,159.056,-2.41396],[-10.3587,156.192,-15.5402],[-24.3649,145.451,-17.4172],[[[0.383166,-0.427798,-0.818641],[0.653728,0.751729,-0.0868538],[0.652552,-0.501889,0.5677]],[[0.480778,-0.501226,-0.719461],[0.725241,0.688476,0.00500062],[0.492826,-0.524187,0.694515]],[[0.480778,-0.501226,-0.719461],[0.17169,0.858443,-0.48332],[0.859869,0.108846,0.498776]],[[0.480778,-0.501226,-0.719461],[-0.382346,0.618562,-0.686435],[0.78909,0.605106,0.105749]]],3],[84,[-0.848044,-0.22484,-0.479862],8,47.9852,[5.74068,126.542,-23.7102],[4.04502,124.137,-22.3186],[-96.7093,-54.1375,64.814],false,[73.6502,98.1081,50.7411],[43.2663,125.271,13.6807],[30.0681,136.982,-14.9028],[14.3107,132.805,-23.8191],[1.23822,123.036,-22.467],[[[0.342799,-0.601299,-0.721754],[0.760432,0.628725,-0.162626],[0.551572,-0.493097,0.672773]],[[0.479126,-0.712198,-0.513042],[0.784897,0.609277,-0.112781],[0.392907,-0.348649,0.850922]],[[0.479126,-0.712198,-0.513042],[0.226405,0.664997,-0.711702],[0.848044,0.22484,0.479862]],[[0.479126,-0.712198,-0.513042],[-0.364858,0.370011,-0.854383],[0.798321,0.596545,-0.0825696]]],4]],[[0,200,0],[235.247,235.247,147.751]]],[53747,80459573508,[[8,"right",[-0.611683,0.646121,-0.456477],[-0.674542,-0.727444,-0.12577],[33.5786,125.852,50.4567],[-6.52137,13.6386,45.7035],[29.2373,127.211,40.1332],0,0.456271,0.811161,[[0.648031,-0.266602,-0.713428],[0.243697,0.960068,-0.137411],[0.721573,-0.0848134,0.687123]],60.534,[255.803,72.2646,244.259],[70.7194,94.0192,68.0117]]],[[80,[-0.868279,0.0537431,-0.493156],8,49.5106,[-32.6289,96.469,49.6081],[-34.8108,101.779,58.3667],[-61.5225,152.581,254.047],false,[54.5932,90.7108,92.0597],[54.5932,90.7108,92.0597],[9.63053,97.4692,78.5875],[-18.4937,99.2099,62.6138],[-39.5236,102.298,56.0919],[[[0.65029,0.683779,-0.331013],[0.207742,0.259057,0.943256],[0.73073,-0.682155,0.0264127]],[[0.230176,0.924271,-0.304537],[-0.219178,0.354137,0.909147],[0.948145,-0.142516,0.284094]],[[0.230176,0.924271,-0.304537],[-0.439443,0.377936,0.814895],[0.868279,-0.0537431,0.493156]],[[0.230176,0.924271,-0.304537],[-0.228819,0.355569,0.906208],[0.945865,-0.138904,0.293334]]],0],[81,[-0.897932,0.136677,-0.418374],8,55.8671,[-37.3852,180.069,18.7928],[-44.0253,175.167,31.1662],[37.4867,94.7584,59.9436],false,[64.0722,109.022,83.0069],[10.604,148.185,60.8219],[-12.94,177.333,44.6383],[-33.5582,180.471,35.0316],[-47.534,173.681,30.3386],[[[0.304754,-0.119217,-0.94494],[0.567335,0.819634,0.0795638],[0.76502,-0.560345,0.317423]],[[0.39201,-0.18384,-0.901405],[0.716634,0.675421,0.173904],[0.576858,-0.714149,0.396518]],[[0.39201,-0.18384,-0.901405],[0.200116,0.973408,-0.111497],[0.897932,-0.136677,0.418374]],[[0.39201,-0.18384,-0.901405],[-0.323944,0.889489,-0.322289],[0.861039,0.418345,0.289134]]],1],[82,[-0.896176,-0.0239743,-0.443052],8,63.6561,[-35.9444,162.905,-7.86463],[-39.9808,164.346,2.88536],[-13.861,12.126,63.8618],false,[68.0881,109.281,72.0233],[20.5716,144.913,42.6031],[-4.04325,172.841,15.9399],[-28.2531,172.193,3.97104],[-42.8003,162.097,1.70099],[[[0.304097,-0.331795,-0.892993],[0.627348,0.775178,-0.0743854],[0.71691,-0.537597,0.44388]],[[0.412664,-0.411926,-0.81242],[0.735353,0.677009,0.0302504],[0.537555,-0.609898,0.582288]],[[0.412664,-0.411926,-0.81242],[0.163027,0.910902,-0.379051],[0.896175,0.0239743,0.443052]],[[0.412664,-0.411926,-0.81242],[-0.407075,0.714482,-0.569039],[0.814861,0.565537,0.127157]]],2],[83,[-0.870766,-0.10414,-0.480543],8,61.2071,[-19.1109,148.76,-19.2841],[-22.2497,146.102,-15.9753],[-67.5364,-45.6875,70.543],false,[71.5976,106.51,61.2429],[32.9016,136.158,27.1132],[12.0482,157.928,-2.76723],[-10.8677,155.187,-15.4136],[-25.158,144.735,-16.68],[[[0.358118,-0.464776,-0.809774],[0.670005,0.73196,-0.123808],[0.650265,-0.498215,0.573531]],[[0.455853,-0.537292,-0.709588],[0.742176,0.669526,-0.0301694],[0.491297,-0.512887,0.70397]],[[0.455853,-0.537292,-0.709588],[0.184295,0.836942,-0.515328],[0.870766,0.10414,0.480543]],[[0.455853,-0.537292,-0.709588],[-0.379498,0.603811,-0.700995],[0.805096,0.588838,0.0713477]]],3],[84,[-0.860593,-0.21503,-0.461672],8,47.9852,[4.71024,125.594,-23.0782],[2.65855,122.793,-21.44],[-112.743,-81.7505,72.7339],false,[72.8336,97.3012,51.4206],[42.4586,123.927,13.9658],[29.1354,135.107,-14.7723],[13.1448,131.112,-23.3506],[-0.178732,121.765,-21.5435],[[[0.315313,-0.633825,-0.706289],[0.772349,0.603849,-0.19709],[0.551412,-0.483356,0.679935]],[[0.451917,-0.740416,-0.497549],[0.799036,0.583967,-0.143264],[0.396627,-0.332816,0.855524]],[[0.451917,-0.740416,-0.497549],[0.234842,0.636825,-0.734373],[0.860593,0.21503,0.461672]],[[0.451917,-0.740416,-0.497549],[-0.365699,0.354961,-0.860388],[0.813656,0.570777,-0.110357]]],4]],[[0,200,0],[235.247,235.247,147.751]]],[53748,80459582464,[[8,"right",[-0.601685,0.644923,-0.47122],[-0.698276,-0.711152,-0.0816945],[33.2376,126.206,50.9402],[-15.1504,20.6937,47.968],[29.2376,127.211,40.1339],0,0.461889,0.824574,[[0.630361,-0.319353,-0.707572],[0.278617,0.943808,-0.17776],[0.724581,-0.0850886,0.683917]],60.534,[255.633,72.1876,244.514],[69.778,94.0129,69.0893]]],[[80,[-0.882082,0.0665073,-0.466378],8,49.5106,[-33.0524,97.5775,51.1606],[-35.8221,104.92,61.7602],[-80.4714,212.654,302.267],false,[54.0672,92.2,93.5677],[54.0672,92.2,93.5677],[9.01058,99.913,80.949],[-19.5608,102.067,65.8426],[-40.7264,105.775,60.1334],[[[0.663197,0.649293,-0.372276],[0.234999,0.291598,0.927225],[0.710595,-0.702417,0.0408034]],[[0.252011,0.90304,-0.347863],[-0.183715,0.397572,0.898991],[0.950126,-0.162648,0.266095]],[[0.252011,0.90304,-0.347863],[-0.398023,0.424376,0.813316],[0.882082,-0.0665073,0.466378]],[[0.252011,0.90304,-0.347863],[-0.17388,0.395869,0.901695],[0.951975,-0.166751,0.256784]]],0],[81,[-0.903902,0.1419,-0.403516],8,55.8671,[-37.5371,179.992,19.1019],[-43.343,176.887,31.2438],[47.7323,119.298,47.263],false,[63.8931,109.822,83.566],[11.1564,149.64,60.8034],[-11.9332,178.763,43.9362],[-32.6885,182.021,34.6707],[-46.922,175.363,30.6043],[[[0.281267,-0.16763,-0.944875],[0.592904,0.804565,0.0337555],[0.754555,-0.569715,0.325686]],[[0.365949,-0.231864,-0.901288],[0.738945,0.661114,0.129956],[0.565722,-0.71356,0.413269]],[[0.365949,-0.231864,-0.901288],[0.221454,0.962343,-0.157654],[0.903902,-0.1419,0.403516]],[[0.365949,-0.231864,-0.901288],[-0.311607,0.882035,-0.353433],[0.876916,0.410186,0.25053]]],1],[82,[-0.906563,-0.0182775,-0.421674],8,63.6561,[-35.9693,162.917,-7.79458],[-40.1489,164.798,3.28156],[-17.837,19.139,61.1345],false,[67.6844,109.502,72.5044],[20.6395,145.311,42.5466],[-3.78349,172.792,15.2512],[-28.2739,172.299,3.85979],[-43.1244,162.504,2.361],[[[0.275399,-0.377746,-0.884004],[0.648342,0.751939,-0.119331],[0.709794,-0.540274,0.451992]],[[0.382624,-0.457309,-0.802787],[0.7544,0.656259,-0.0142772],[0.533365,-0.60016,0.596095]],[[0.382624,-0.457309,-0.802787],[0.178163,0.88912,-0.421573],[0.906563,0.0182775,0.421674]],[[0.382624,-0.457309,-0.802787],[-0.402029,0.69992,-0.590326],[0.831848,0.548617,0.0839549]]],2],[83,[-0.883319,-0.0975317,-0.458513],8,61.2071,[-19.4938,148.521,-18.9186],[-23.3272,145.387,-15.1843],[-81.3517,-56.4954,74.1328],false,[70.8841,106.179,61.7837],[32.3783,135.548,27.2006],[11.5702,156.689,-3.15884],[-11.676,154.122,-15.2255],[-26.2897,144.062,-15.763],[[[0.327186,-0.508737,-0.796327],[0.688658,0.705423,-0.167714],[0.64707,-0.493523,0.58115]],[[0.424837,-0.579993,-0.69507],[0.761046,0.644609,-0.0727241],[0.490228,-0.498084,0.715254]],[[0.424837,-0.579993,-0.69507],[0.198143,0.808762,-0.553754],[0.883319,0.0975317,0.458513]],[[0.424837,-0.579993,-0.69507],[-0.376382,0.585129,-0.718304],[0.823317,0.566774,0.0302855]]],3],[84,[-0.876142,-0.205408,-0.436099],8,47.9852,[3.36321,124.405,-22.2183],[0.778257,121.259,-20.1822],[-138.765,-107.455,90.5289],false,[71.6412,96.5363,52.3362],[41.2918,122.495,14.3956],[27.7464,132.967,-14.5049],[11.4669,129.151,-22.608],[-2.09574,120.307,-20.1624],[[[0.281564,-0.671954,-0.684982],[0.785607,0.571317,-0.237524],[0.550947,-0.471248,0.688754]],[[0.418394,-0.773352,-0.476313],[0.813844,0.552037,-0.181418],[0.403242,-0.31174,0.860357]],[[0.418394,-0.773352,-0.476313],[0.239419,0.599779,-0.763507],[0.876142,0.205408,0.436099]],[[0.418394,-0.773352,-0.476313],[-0.372747,0.332022,-0.866499],[0.828255,0.540082,-0.149349]]],4]],[[0,200,0],[235.247,235.247,147.751]]],[53749,80459590939,[[8,"right",[-0.590481,0.639038,-0.492912],[-0.722644,-0.690585,-0.0296252],[32.8922,126.71,51.5927],[-21.8288,30.8244,55.5379],[29.2379,127.211,40.1348],0,0.46474,0.830858,[[0.604359,-0.382139,-0.699085],[0.320301,0.919968,-0.225979],[0.729491,-0.0873449,0.678391]],60.534,[255.866,71.905,244.711],[68.7518,94.3089,70.7035]]],[[80,[-0.895606,0.0802283,-0.437553],8,49.5106,[-33.5108,98.9341,52.896],[-36.7712,108.843,65.7179],[-92.6519,284.855,359.337],false,[53.5254,94.3192,95.5523],[53.5254,94.3192,95.5523],[8.42374,103.073,83.8038],[-20.5857,105.672,69.6311],[-41.8199,110.085,64.7366],[[[0.675724,0.60608,-0.4196],[0.264434,0.332035,0.905443],[0.688093,-0.722786,0.0640951]],[[0.274056,0.874286,-0.400647],[-0.142642,0.448942,0.882102],[0.951076,-0.184597,0.247745]],[[0.274056,0.874286,-0.400647],[-0.350403,0.478736,0.805003],[0.895606,-0.0802283,0.437553]],[[0.274056,0.874286,-0.400647],[-0.112943,0.442973,0.889392],[0.955059,-0.198493,0.220144]]],0],[81,[-0.908581,0.148956,-0.390247],8,55.8671,[-37.7171,179.95,19.5176],[-42.4694,178.784,30.8608],[62.1191,146.46,24.4434],false,[63.6997,111.048,84.4292],[11.8042,151.361,60.6281],[-10.7369,180.318,42.7627],[-31.5996,183.739,33.8019],[-46.1148,177.309,30.4212],[[[0.255085,-0.226603,-0.939991],[0.619351,0.78483,-0.0211252],[0.74252,-0.576795,0.340545]],[[0.33712,-0.290147,-0.895637],[0.762452,0.642212,0.0789405],[0.552284,-0.709492,0.437725]],[[0.33712,-0.290147,-0.895637],[0.24664,0.945318,-0.213405],[0.908581,-0.148956,0.390247]],[[0.33712,-0.290147,-0.895637],[-0.294333,0.871158,-0.393004],[0.89427,0.396105,0.208285]]],1],[82,[-0.918448,-0.019314,-0.395069],8,63.6561,[-35.9906,162.926,-7.73728],[-40.3313,164.821,3.61078],[-24.049,8.06728,61.5674],false,[67.2376,110.018,73.3271],[20.7429,145.759,42.4431],[-3.63107,172.417,14.3],[-28.4426,171.895,3.62739],[-43.5324,162.369,3.12156],[[[0.24371,-0.432898,-0.867873],[0.669711,0.722368,-0.172256],[0.701493,-0.539244,0.465965]],[[0.348762,-0.510727,-0.785826],[0.77138,0.632643,-0.0688189],[0.532295,-0.582169,0.614607]],[[0.348762,-0.510727,-0.785826],[0.186595,0.859526,-0.475813],[0.918448,0.019314,0.395069]],[[0.348762,-0.510727,-0.785826],[-0.404852,0.674107,-0.617798],[0.845257,0.533608,0.0283343]]],2],[83,[-0.896691,-0.095123,-0.432317],8,61.2071,[-19.9302,148.188,-18.5115],[-24.4163,144.232,-14.2605],[-93.976,-82.2371,84.0552],false,[70.094,106.029,62.7375],[31.822,134.81,27.4096],[11.0375,154.994,-3.61061],[-12.5606,152.491,-14.9878],[-27.4535,142.842,-14.5994],[[[0.293101,-0.560749,-0.774372],[0.707432,0.672035,-0.21888],[0.643142,-0.483662,0.593666]],[[0.390533,-0.629792,-0.671451],[0.779555,0.614201,-0.122686],[0.489672,-0.47552,0.730823]],[[0.390533,-0.629792,-0.671451],[0.208399,0.770917,-0.601877],[0.896691,0.095123,0.432317]],[[0.390533,-0.629792,-0.671451],[-0.378795,0.554832,-0.740726],[0.839046,0.54362,-0.021882]]],3],[84,[-0.891866,-0.19667,-0.407304],8,47.9852,[1.85079,122.963,-21.1288],[-1.2242,119.243,-18.5282],[-163.759,-142.856,116.904],false,[70.3319,95.881,53.8057],[40.0262,120.809,15.1451],[26.2265,130.276,-13.9806],[9.65491,126.622,-21.5487],[-4.13633,118.386,-18.3696],[[[0.244623,-0.716239,-0.653576],[0.79843,0.531249,-0.283344],[0.550153,-0.452522,0.701823]],[[0.381635,-0.810533,-0.444286],[0.828003,0.513419,-0.225414],[0.41081,-0.281845,0.867063]],[[0.381635,-0.810533,-0.444286],[0.242756,0.551685,-0.797943],[0.891866,0.19667,0.407304]],[[0.381635,-0.810533,-0.444286],[-0.380824,0.300092,-0.874596],[0.842216,0.502972,-0.194145]]],4]],[[0,200,0],[235.247,235.247,147.751]]],[53750,80459599933,[[8,"right",[-0.578204,0.635029,-0.512268],[-0.747495,-0.663946,0.020652],[32.6489,127.277,52.2879],[-23.2631,39.6482,61.5091],[29.2383,127.211,40.1363],0,0.467737,0.83904,[[0.575297,-0.442118,-0.68816],[0.358035,0.892562,-0.274125],[0.735421,-0.088682,0.671782]],60.534,[256.382,71.8181,244.577],[67.7465,94.565,72.265]]],[[80,[-0.908401,0.102531,-0.405332],8,49.5106,[-34.0261,100.758,55.0338],[-37.4829,113.39,69.8273],[-91.4582,353.108,399.287],false,[53.1007,96.3824,97.3947],[53.1007,96.3824,97.3947],[8.02589,106.488,86.6735],[-21.398,109.81,73.5445],[-42.6087,115.081,69.4653],[[[0.687339,0.558876,-0.463921],[0.296772,0.366876,0.881662],[0.662941,-0.74368,0.0863095]],[[0.295964,0.842459,-0.450186],[-0.0945256,0.494819,0.86384],[0.950511,-0.213111,0.226082]],[[0.295964,0.842459,-0.450186],[-0.295318,0.528913,0.795637],[0.908401,-0.102531,0.405332]],[[0.295964,0.842459,-0.450186],[-0.047824,0.483779,0.873883],[0.954001,-0.237108,0.183471]]],0],[81,[-0.912713,0.160365,-0.375817],8,55.8671,[-37.9258,180.002,20.1304],[-41.3203,180.936,30.6405],[79.9097,171.46,12.2175],false,[63.6138,112.146,85.2252],[12.6723,153.113,60.4989],[-9.28509,181.944,41.7257],[-30.2427,185.627,33.0963],[-45.0373,179.52,30.3971],[[[0.22528,-0.28263,-0.9324],[0.646527,0.759298,-0.0739504],[0.72887,-0.586162,0.353783]],[[0.304654,-0.345839,-0.887458],[0.785978,0.617567,0.0291536],[0.537982,-0.706404,0.459966]],[[0.304654,-0.345839,-0.887458],[0.27229,0.924488,-0.266796],[0.912713,-0.160365,0.375817]],[[0.304654,-0.345839,-0.887458],[-0.276362,0.859569,-0.429843],[0.911488,0.376212,0.166294]]],1],[82,[-0.929929,-0.0121812,-0.367538],8,63.6561,[-36.0109,162.935,-7.68225],[-40.4258,165.294,4.1936],[-25.9179,15.9274,68.2993],false,[66.8583,110.431,74.1181],[20.987,146.281,42.4387],[-3.38584,172.209,13.6214],[-28.5075,171.88,3.6925],[-43.8735,162.802,4.10778],[[[0.208141,-0.484498,-0.84967],[0.691151,0.687532,-0.222734],[0.692089,-0.54089,0.477965]],[[0.310648,-0.560891,-0.767398],[0.78752,0.603963,-0.122643],[0.532269,-0.566243,0.629332]],[[0.310648,-0.560891,-0.767398],[0.196801,0.8278,-0.525372],[0.929929,0.0121812,0.367538]],[[0.310648,-0.560891,-0.767398],[-0.403298,0.653293,-0.640749],[0.860726,0.508537,-0.0232619]]],2],[83,[-0.910554,-0.0852056,-0.404515],8,61.2071,[-20.4458,147.804,-18.0017],[-25.4592,143.624,-13.0484],[-100.636,-81.4669,100.059],false,[69.3274,105.814,63.6874],[31.3196,134.191,27.7522],[10.5523,153.614,-3.76137],[-13.4106,151.372,-14.4069],[-28.5808,142.248,-13.11],[[[0.255021,-0.609255,-0.750848],[0.725966,0.633567,-0.26752],[0.6387,-0.476867,0.603871]],[[0.351109,-0.675915,-0.647967],[0.798335,0.577709,-0.170039],[0.489268,-0.457592,0.742446]],[[0.351109,-0.675915,-0.647967],[0.218207,0.732037,-0.645373],[0.910554,0.0852056,0.404515]],[[0.351109,-0.675915,-0.647967],[-0.382452,0.528139,-0.758155],[0.854665,0.514011,-0.0730701]]],3],[84,[-0.907843,-0.182948,-0.377294],8,47.9852,[0.0772463,121.387,-19.7041],[-3.28876,117.659,-16.6317],[-181.394,-153.737,142.213],false,[68.9965,95.2304,55.2797],[38.7334,119.299,16.0458],[24.6286,127.855,-13.2155],[7.76005,124.456,-20.226],[-6.23374,116.901,-16.322],[[[0.20375,-0.756604,-0.621318],[0.81035,0.486457,-0.326639],[0.549381,-0.436932,0.71223]],[[0.341352,-0.845016,-0.411615],[0.840932,0.470187,-0.267876],[0.419896,-0.254701,0.8711]],[[0.341352,-0.845016,-0.411615],[0.243516,0.502472,-0.829591],[0.907843,0.182948,0.377294]],[[0.341352,-0.845016,-0.411615],[-0.391361,0.270378,-0.87962],[0.854585,0.46135,-0.238413]]],4]],[[0,200,0],[235.247,235.247,147.751]]],[