{"metadata":{"formatVersion":2,"generatedBy":"LeapJS Playback 0.2.1","frames":109,"protocolVersion":6,"serviceVersion":"2.2.5+26752","frameRate":"1.1e+2","modified":"Wed Apr 22 2015 19:55:30 GMT-0300 (E. South America Standard Time)"},"frames":[["id","timestamp",{"hands":[["id","type","direction","palmNormal","palmPosition","palmVelocity","stabilizedPalmPosition","pinchStrength","grabStrength","confidence","armBasis","armWidth","elbow","wrist"]]},{"pointables":[["id","direction","handId","length","stabilizedTipPosition","tipPosition","tipVelocity","tool","carpPosition","mcpPosition","pipPosition","dipPosition","btipPosition","bases","type"]]},{"interactionBox":["center","size"]}],[54035,80462131783,[[8,"right",[-0.53804,0.692215,-0.480991],[-0.61431,-0.71274,-0.338564],[115.161,146.986,73.1205],[8.61759,12.0943,32.0899],[114.417,146.24,71.3243],0,0.565297,0.87888,[[0.711772,-0.118608,-0.692324],[0.0985178,0.992755,-0.068792],[0.695467,-0.019242,0.7183]],60.534,[327.851,108.644,277.572],[149.463,113.58,93.3284]]],[[80,[-0.818652,0.131922,-0.558933],8,49.5106,[44.3363,123.607,69.5579],[44.4593,122.889,70.217],[53.5579,-125.548,-62.873],false,[129.278,107.086,113.321],[129.278,107.086,113.321],[86.5532,115.493,94.54],[60.0364,119.766,76.4357],[40.2304,123.568,67.0765],[[[0.676722,0.726969,-0.116462],[0.0201949,0.139797,0.989974],[0.735962,-0.672289,0.0799226]],[[0.250215,0.957959,-0.14038],[-0.354495,0.22557,0.907442],[0.900958,-0.177292,0.396033]],[[0.250215,0.957959,-0.14038],[-0.516915,0.254776,0.817244],[0.818652,-0.131922,0.558933]],[[0.250215,0.957959,-0.14038],[-0.379253,0.230382,0.896154],[0.89082,-0.170992,0.420954]]],0],[81,[-0.815036,-0.131566,-0.564276],8,55.8671,[46.2573,189.545,35.8911],[42.1616,184.23,45.7386],[-45.9594,-75.9197,112.517],false,[139.642,126.494,108.524],[89.915,167.585,81.6257],[67.8349,196.506,63.1366],[49.1202,193.485,50.1797],[40.4076,180.7,45.2693],[[[0.478648,0.00451615,-0.877995],[0.514458,0.808902,0.284623],[0.711498,-0.587926,0.384856]],[[0.576108,-0.080186,-0.813431],[0.612723,0.701037,0.364852],[0.540989,-0.708602,0.453005]],[[0.576108,-0.080186,-0.813431],[-0.0617731,0.988059,-0.141151],[0.815036,0.131566,0.564276]],[[0.576108,-0.080186,-0.813431],[-0.616418,0.610918,-0.496798],[0.536776,0.787623,0.302527]]],1],[82,[-0.830321,-0.23213,-0.506638],8,63.6561,[49.3299,179.924,18.2325],[49.0512,178.442,23.3142],[5.58102,-37.2506,61.7021],false,[145.615,128.183,98.6086],[103.195,166.749,65.3491],[80.0223,195.442,38.2106],[57.5915,189.171,24.524],[47.63,174.45,22.8572],[[[0.475611,-0.212921,-0.853498],[0.603468,0.784917,0.14047],[0.640016,-0.581868,0.501806]],[[0.556186,-0.288109,-0.77952],[0.659211,0.724119,0.202713],[0.506062,-0.626614,0.592669]],[[0.556186,-0.288109,-0.77952],[-0.0349831,0.929037,-0.36833],[0.830321,0.23213,0.506638]],[[0.556186,-0.288109,-0.77952],[-0.615875,0.486894,-0.619381],[0.557993,0.824577,0.0933647]]],2],[83,[-0.799264,-0.24967,-0.546665],8,61.2071,[64.7662,161.003,2.68417],[65.2314,161.907,2.93379],[9.24556,52.7206,33.6735],false,[151.156,126.835,88.4255],[118.476,160.154,51.5061],[95.4393,177.026,20.1005],[74.4051,170.455,5.71402],[61.758,158.484,2.27917],[[[0.517756,-0.354787,-0.778495],[0.656001,0.74875,0.0950574],[0.549173,-0.55991,0.620411]],[[0.596751,-0.437427,-0.672715],[0.591044,0.806639,-0.000206527],[0.542728,-0.397481,0.739902]],[[0.596751,-0.437427,-0.672715],[0.0711695,0.8639,-0.49861],[0.799264,0.24967,0.546665]],[[0.596751,-0.437427,-0.672715],[-0.369056,0.594803,-0.714147],[0.71252,0.674438,0.193515]]],3],[84,[-0.795001,-0.255309,-0.550264],8,47.9852,[91.6614,147.286,-1.44341],[92.2289,146.912,-1.4519],[35.0316,121.21,14.1113],false,[154.506,118.957,77.9606],[130.717,149.787,38.9984],[116.502,159.532,10.1652],[101.731,154.788,-0.0591946],[88.6523,145.092,-1.81657],[[[0.462282,-0.536012,-0.70639],[0.774469,0.632024,0.0272517],[0.431848,-0.559675,0.707298]],[[0.558321,-0.66263,-0.499198],[0.71359,0.69048,-0.118431],[0.423162,-0.2901,0.858356]],[[0.558321,-0.66263,-0.499198],[0.237172,0.704087,-0.669336],[0.795001,0.255309,0.550264]],[[0.558321,-0.66263,-0.499198],[-0.224463,0.45862,-0.859816],[0.798682,0.592105,0.107321]]],4]],[[0,200,0],[235.247,235.247,147.751]]],[54036,80462140419,[[8,"right",[-0.538928,0.691646,-0.480814],[-0.614083,-0.713307,-0.33778],[115.169,146.95,73.1567],[6.58345,7.78741,24.6918],[114.443,146.264,71.3867],0,0.563336,0.887871,[[0.711884,-0.118447,-0.692237],[0.0980283,0.992784,-0.069062],[0.695422,-0.0186946,0.718359]],60.534,[327.888,108.781,277.608],[149.512,113.576,93.3491]]],[[80,[-0.81914,0.131094,-0.558412],8,49.5106,[44.5383,123.182,69.4577],[44.4924,122.796,70.2948],[40.231,-95.0396,-43.3917],false,[129.348,107.075,113.36],[129.348,107.075,113.36],[86.5979,115.448,94.6211],[60.0653,119.694,76.5337],[40.2587,123.472,67.1663],[[[0.676109,0.727404,-0.117303],[0.0209136,0.140195,0.989903],[0.736505,-0.671736,0.0795746]],[[0.249422,0.958081,-0.140958],[-0.353714,0.225634,0.907731],[0.901485,-0.176549,0.395165]],[[0.249422,0.958081,-0.140958],[-0.516525,0.254744,0.817501],[0.81914,-0.131094,0.558412]],[[0.249422,0.958081,-0.140958],[-0.379707,0.230659,0.89589],[0.890849,-0.169932,0.421321]]],0],[81,[-0.816405,-0.137392,-0.560897],8,55.8671,[46.1482,189.372,36.1954],[42.1454,183.981,46.0267],[-35.0346,-63.8799,92.6291],false,[139.694,126.489,108.548],[89.9156,167.534,81.6747],[67.7414,196.461,63.3078],[48.9952,193.306,50.4286],[40.3917,180.412,45.6156],[[[0.477919,0.00451528,-0.878392],[0.514118,0.809378,0.283884],[0.712233,-0.587271,0.384496]],[[0.573442,-0.0782184,-0.815504],[0.613184,0.701114,0.363929],[0.543296,-0.708746,0.45001]],[[0.573442,-0.0782184,-0.815504],[-0.0681712,0.987424,-0.142644],[0.816405,0.137392,0.560897]],[[0.573442,-0.0782184,-0.815504],[-0.624665,0.602302,-0.497018],[0.530055,0.794427,0.296525]]],1],[82,[-0.829517,-0.237119,-0.505644],8,63.6561,[49.3448,179.874,18.339],[49.1712,178.184,23.3872],[7.78539,-35.9944,47.5161],false,[145.658,128.179,98.6269],[103.183,166.702,65.3875],[80.0476,195.354,38.1739],[57.6385,188.948,24.5141],[47.7718,174.152,22.952],[[[0.475056,-0.212914,-0.853808],[0.603027,0.785399,0.139667],[0.640843,-0.581219,0.501502]],[[0.55717,-0.289381,-0.778344],[0.659009,0.724383,0.202427],[0.50524,-0.625722,0.594309]],[[0.55717,-0.289381,-0.778344],[-0.0382362,0.92738,-0.372162],[0.829517,0.237119,0.505644]],[[0.55717,-0.289381,-0.778344],[-0.619758,0.478932,-0.621711],[0.552685,0.828784,0.0875002]]],2],[83,[-0.799782,-0.250235,-0.545648],8,61.2071,[64.6905,161.047,2.84908],[65.1158,161.778,3.01955],[3.19075,35.3512,27.4142],false,[151.191,126.831,88.4397],[118.457,160.112,51.5344],[95.3377,176.928,20.1596],[74.2899,170.343,5.79981],[61.64,158.374,2.3664],[[[0.517364,-0.354722,-0.778785],[0.655548,0.749252,0.0942251],[0.550083,-0.55928,0.620174]],[[0.596209,-0.436946,-0.673508],[0.589802,0.807546,-0.00179364],[0.544672,-0.396167,0.739178]],[[0.596209,-0.436946,-0.673508],[0.0698832,0.86398,-0.498654],[0.799782,0.250235,0.545648]],[[0.596209,-0.436946,-0.673508],[-0.36962,0.595324,-0.713422],[0.712682,0.674291,0.193434]]],3],[84,[-0.795634,-0.254579,-0.549687],8,47.9852,[91.573,147.319,-1.35896],[92.123,146.901,-1.38934],[22.7506,89.1074,12.3079],false,[154.538,118.951,77.9751],[130.695,149.749,39.0206],[116.419,159.515,10.225],[101.635,154.785,0.0113444],[88.5541,145.094,-1.75568],[[[0.462078,-0.535958,-0.706564],[0.774043,0.632584,0.0263668],[0.43283,-0.559094,0.707158]],[[0.557836,-0.661698,-0.500974],[0.712881,0.691109,-0.119038],[0.424995,-0.290731,0.857237]],[[0.557836,-0.661698,-0.500974],[0.236189,0.705227,-0.668483],[0.795634,0.254579,0.549687]],[[0.557836,-0.661698,-0.500974],[-0.225056,0.460402,-0.858708],[0.798855,0.591765,0.10791]]],4]],[[0,200,0],[235.247,235.247,147.751]]],[54037,80462149127,[[8,"right",[-0.538245,0.690163,-0.483702],[-0.615591,-0.713941,-0.333671],[115.133,146.884,73.1987],[3.7146,3.67786,19.3895],[114.46,146.28,71.4309],0,0.561725,0.892232,[[0.711014,-0.123359,-0.692273],[0.101068,0.992198,-0.0730003],[0.695877,-0.0180624,0.717934]],60.534,[327.932,108.92,277.673],[149.44,113.553,93.5226]]],[[80,[-0.819477,0.129714,-0.558239],8,49.5106,[44.6205,122.952,69.4974],[44.4151,122.833,70.5189],[27.0138,-68.6553,-24.7199],false,[129.284,107.184,113.585],[129.284,107.184,113.585],[86.5277,115.537,94.8521],[59.9841,119.739,76.7703],[40.178,123.502,67.3958],[[[0.677201,0.725692,-0.121535],[0.0221019,0.145037,0.989179],[0.735466,-0.672559,0.0821803]],[[0.250878,0.956958,-0.145918],[-0.352324,0.230668,0.907006],[0.901625,-0.176137,0.395028]],[[0.250878,0.956958,-0.145918],[-0.515284,0.259627,0.816748],[0.819477,-0.129714,0.558239]],[[0.250878,0.956958,-0.145918],[-0.378797,0.235769,0.894945],[0.890827,-0.169248,0.421642]]],0],[81,[-0.818021,-0.144337,-0.556784],8,55.8671,[46.0489,189.206,36.4792],[42.1898,183.745,46.1739],[-24.7034,-54.4584,73.5758],false,[139.658,126.557,108.667],[89.9217,167.551,81.6393],[67.737,196.468,63.268],[48.9537,193.153,50.4832],[40.4455,180.134,45.8398],[[[0.477078,-0.00060869,-0.878861],[0.515733,0.809911,0.279398],[0.711629,-0.586552,0.386704]],[[0.570587,-0.081428,-0.81719],[0.615614,0.701019,0.359988],[0.543553,-0.708479,0.45012]],[[0.570587,-0.081428,-0.81719],[-0.0726134,0.986172,-0.148967],[0.818021,0.144337,0.556784]],[[0.570587,-0.081428,-0.81719],[-0.632184,0.591595,-0.500359],[0.524189,0.802113,0.286079]]],1],[82,[-0.829456,-0.242614,-0.503132],8,63.6561,[49.3634,179.813,18.4505],[49.3043,177.821,23.348],[9.62639,-38.3646,33.9084],false,[145.615,128.188,98.732],[103.172,166.617,65.3438],[80.1245,195.158,37.9393],[57.7171,188.604,24.3475],[47.9143,173.748,22.9628],[[[0.473878,-0.21791,-0.853203],[0.604463,0.785074,0.135216],[0.640363,-0.579805,0.503748]],[[0.557158,-0.295306,-0.776124],[0.660487,0.724085,0.19864],[0.50332,-0.623294,0.598476]],[[0.557158,-0.295306,-0.776124],[-0.039721,0.924085,-0.380118],[0.829456,0.242614,0.503132]],[[0.557158,-0.295306,-0.776124],[-0.622945,0.469388,-0.625791],[0.549103,0.832148,0.0775638]]],2],[83,[-0.800746,-0.250979,-0.54389],8,61.2071,[64.6227,160.983,2.93685],[65.0093,161.445,3.03183],[-0.753709,16.5107,20.2855],false,[151.136,126.78,88.5463],[118.421,159.934,51.5087],[95.2876,176.626,20.0787],[74.2144,170.021,5.76523],[61.5315,158.072,2.3848],[[[0.516023,-0.359416,-0.777522],[0.65688,0.748616,0.0899023],[0.549753,-0.55713,0.622396]],[[0.594749,-0.441161,-0.67205],[0.590952,0.80668,-0.00655784],[0.545022,-0.393249,0.740477]],[[0.594749,-0.441161,-0.67205],[0.0712723,0.861619,-0.502527],[0.800746,0.250979,0.54389]],[[0.594749,-0.441161,-0.67205],[-0.368389,0.593474,-0.715597],[0.714537,0.673176,0.190449]]],3],[84,[-0.797007,-0.254074,-0.547929],8,47.9852,[91.4352,147.075,-1.28535],[91.9623,146.596,-1.31432],[12.1755,56.6565,11.2955],false,[154.46,118.843,78.1174],[130.63,149.489,39.0345],[116.318,159.201,10.2386],[101.509,154.48,0.0576208],[88.4012,144.819,-1.67319],[[[0.460507,-0.540201,-0.704355],[0.775115,0.631419,0.0225065],[0.432585,-0.556321,0.709491]],[[0.555589,-0.6642,-0.50016],[0.713989,0.689381,-0.122367],[0.426077,-0.289123,0.857244]],[[0.555589,-0.6642,-0.50016],[0.236857,0.703054,-0.670533],[0.797007,0.254074,0.547929]],[[0.555589,-0.6642,-0.50016],[-0.22488,0.459087,-0.859458],[0.800469,0.589981,0.105698]]],4]],[[0,200,0],[235.247,235.247,147.751]]],[54038,80462157902,[[8,"right",[-0.535677,0.686968,-0.491045],[-0.620323,-0.714689,-0.323139],[115.128,146.773,73.2592],[2.55302,-0.710931,16.0301],[114.471,146.288,71.462],0,0.556772,0.830116,[[0.708683,-0.13686,-0.692126],[0.110363,0.990433,-0.0828442],[0.696842,-0.0176747,0.717007]],60.534,[328.043,108.978,277.83],[149.303,113.512,93.9176]]],[[80,[-0.820331,0.127286,-0.557544],8,49.5106,[44.6016,122.92,69.7641],[44.2739,123.079,71.0478],[14.9572,-42.835,-0.843587],false,[129.163,107.508,114.108],[129.163,107.508,114.108],[86.3945,115.868,95.4058],[59.8233,119.99,77.3465],[40.0226,123.739,67.9545],[[[0.680852,0.720368,-0.132327],[0.0253817,0.157356,0.987216],[0.731981,-0.675506,0.0888521]],[[0.255752,0.953647,-0.158581],[-0.348144,0.243885,0.905161],[0.90188,-0.176288,0.39438]],[[0.255752,0.953647,-0.158581],[-0.511515,0.272682,0.81486],[0.820331,-0.127286,0.557544]],[[0.255752,0.953647,-0.158581],[-0.37611,0.249266,0.892417],[0.890579,-0.168594,0.422427]]],0],[81,[-0.821011,-0.149734,-0.550927],8,55.8671,[45.9611,189.051,36.742],[42.36,183.613,46.1325],[-13.0552,-43.0089,53.5235],false,[139.631,126.759,108.92],[90.0511,167.683,81.5002],[67.9707,196.553,62.9315],[49.1187,193.115,50.2812],[40.6086,180.01,45.8882],[[[0.474856,-0.0142978,-0.879947],[0.520856,0.810516,0.267906],[0.709381,-0.585542,0.392325]],[[0.566462,-0.0933838,-0.81878],[0.621645,0.700673,0.350163],[0.540998,-0.707345,0.454956]],[[0.566462,-0.0933838,-0.81878],[-0.0711516,0.984306,-0.161488],[0.821011,0.149734,0.550927]],[[0.566462,-0.0933838,-0.81878],[-0.635789,0.582601,-0.506309],[0.524303,0.807376,0.270649]]],1],[82,[-0.830739,-0.25512,-0.494759],8,63.6561,[49.3923,179.71,18.5896],[49.5415,177.041,23.2731],[12.9478,-55.937,24.0425],false,[145.571,128.232,98.9514],[103.255,166.471,65.1854],[80.2694,194.664,37.3724],[57.8274,187.772,24.0067],[48.1319,172.814,23.0326],[[[0.470533,-0.231238,-0.851545],[0.609085,0.783378,0.123832],[0.638447,-0.57693,0.509448]],[[0.554926,-0.309392,-0.772227],[0.663388,0.724696,0.186365],[0.50197,-0.615705,0.607399]],[[0.554926,-0.309392,-0.772227],[-0.0439364,0.916073,-0.398597],[0.830739,0.25512,0.494759]],[[0.554926,-0.309392,-0.772227],[-0.630168,0.449666,-0.633],[0.543089,0.837901,0.0545618]]],2],[83,[-0.803231,-0.250554,-0.54041],8,61.2071,[64.5604,160.824,2.96704],[64.8689,160.772,2.9846],[-4.15587,-5.79811,12.2636],false,[151.059,126.666,88.7708],[118.433,159.531,51.3984],[95.3196,175.965,19.8178],[74.1811,169.371,5.59588],[61.3886,157.508,2.32638],[[[0.512094,-0.372009,-0.774189],[0.661188,0.746064,0.0788533],[0.548261,-0.552265,0.628023]],[[0.590622,-0.452837,-0.667911],[0.595522,0.80314,-0.0179109],[0.544536,-0.387177,0.744026]],[[0.590622,-0.452837,-0.667911],[0.07737,0.855664,-0.511715],[0.803231,0.250554,0.54041]],[[0.590622,-0.452837,-0.667911],[-0.362964,0.590162,-0.721087],[0.72071,0.668317,0.184199]]],3],[84,[-0.799886,-0.252973,-0.544231],8,47.9852,[91.252,146.484,-1.20843],[91.7189,145.831,-1.20437],[2.35483,19.4555,10.9434],false,[154.313,118.58,78.4348],[130.553,148.862,39.027],[116.216,158.396,10.1843],[101.353,153.696,0.0720025],[88.1701,144.121,-1.56369],[[[0.455773,-0.551551,-0.698615],[0.778611,0.627379,0.0126511],[0.431319,-0.549715,0.715386]],[[0.549831,-0.672376,-0.495577],[0.717988,0.68363,-0.130927],[0.426824,-0.283831,0.858639]],[[0.549831,-0.672376,-0.495577],[0.24056,0.69564,-0.676916],[0.799886,0.252973,0.544231]],[[0.549831,-0.672376,-0.495577],[-0.222607,0.453895,-0.862801],[0.805067,0.584713,0.0998898]]],4]],[[0,200,0],[235.247,235.247,147.751]]],[54039,80462166440,[[8,"right",[-0.528661,0.68421,-0.502368],[-0.631687,-0.712451,-0.30559],[115.245,146.637,73.2733],[5.48238,-4.69892,12.257],[114.482,146.293,71.4868],0,0.551031,0.841202,[[0.704297,-0.161615,-0.691264],[0.127878,0.986695,-0.100397],[0.698293,-0.0176876,0.715593]],60.534,[328.176,108.796,277.991],[149.064,113.333,94.4416]]],[[80,[-0.822162,0.127737,-0.554736],8,49.5106,[44.5119,123.15,70.1542],[44.0436,123.894,71.9091],[2.53904,-6.47061,28.8604],false,[128.945,108.018,114.845],[128.945,108.018,114.845],[86.1618,116.616,96.2852],[59.5313,120.753,78.3169],[39.7512,124.572,68.9099],[[[0.689998,0.70806,-0.150181],[0.0324983,0.176971,0.983679],[0.723081,-0.683618,0.0990987]],[[0.267958,0.946626,-0.179157],[-0.33801,0.266508,0.90262],[0.902191,-0.181307,0.391382]],[[0.267958,0.946626,-0.179157],[-0.502243,0.295942,0.812509],[0.822162,-0.127737,0.554736]],[[0.267958,0.946626,-0.179157],[-0.369748,0.272761,0.888193],[0.889654,-0.171755,0.423102]]],0],[81,[-0.826364,-0.153635,-0.541775],8,55.8671,[45.8958,188.918,36.9678],[42.8858,183.802,45.9192],[6.11237,-25.8076,33.7178],false,[139.65,127.014,109.217],[90.4992,168.055,81.2063],[68.6907,196.873,62.2406],[49.7159,193.346,49.8004],[41.095,180.191,45.7888],[[[0.470188,-0.0386941,-0.881718],[0.533267,0.808504,0.248891],[0.703242,-0.587217,0.400783]],[[0.559609,-0.116511,-0.820526],[0.633502,0.698476,0.332876],[0.534334,-0.706086,0.464683]],[[0.559609,-0.116511,-0.820526],[-0.0629389,0.981235,-0.182256],[0.826363,0.153635,0.541775]],[[0.559609,-0.116511,-0.820526],[-0.636197,0.574109,-0.515415],[0.531123,0.810447,0.247153]]],1],[82,[-0.836162,-0.255905,-0.485125],8,63.6561,[49.4417,179.572,18.7504],[49.9485,176.692,23.0103],[21.5192,-51.8327,10.2634],false,[145.559,128.202,99.1926],[103.603,166.33,64.857],[80.9229,194.281,36.5529],[58.3343,187.367,23.4475],[48.4861,172.488,22.8842],[[[0.463031,-0.254933,-0.848888],[0.620391,0.777235,0.104982],[0.633022,-0.575253,0.518042]],[[0.547378,-0.333228,-0.767683],[0.674578,0.71858,0.169078],[0.4953,-0.610412,0.618123]],[[0.547378,-0.333228,-0.767683],[-0.0347972,0.907453,-0.418709],[0.836162,0.255905,0.485125]],[[0.547378,-0.333228,-0.767683],[-0.629335,0.440761,-0.640053],[0.551648,0.83348,0.0315512]]],2],[83,[-0.808881,-0.246924,-0.533611],8,61.2071,[64.5016,160.549,2.96232],[64.7962,159.97,2.89412],[-4.48422,-25.7808,4.94053],false,[150.974,126.355,89.0201],[118.615,158.902,51.1422],[95.5911,175.029,19.3387],[74.3039,168.531,5.29571],[61.292,156.851,2.24272],[[[0.503045,-0.394669,-0.768884],[0.67175,0.738301,0.0605246],[0.543781,-0.546945,0.636517]],[[0.581058,-0.474474,-0.661245],[0.60675,0.79405,-0.0365961],[0.542426,-0.379946,0.749277]],[[0.581058,-0.474474,-0.661245],[0.0899072,0.844928,-0.52727],[0.808881,0.246924,0.533611]],[[0.581058,-0.474474,-0.661245],[-0.353517,0.584684,-0.730185],[0.733074,0.658041,0.172001]]],3],[84,[-0.805812,-0.248404,-0.537553],8,47.9852,[91.0278,145.619,-1.13772],[91.409,144.701,-1.08585],[-6.5666,-18.6579,10.5286],false,[154.065,118.016,78.8353],[130.525,147.818,38.933],[116.181,157.084,10.0063],[101.208,152.469,0.0181308],[87.8626,143.093,-1.44377],[[[0.444646,-0.571846,-0.689407],[0.7872,0.616686,-0.00380636],[0.427324,-0.541008,0.724364]],[[0.537165,-0.688696,-0.486982],[0.727394,0.670527,-0.145917],[0.427027,-0.275847,0.861137]],[[0.537165,-0.688696,-0.486982],[0.249242,0.68117,-0.688393],[0.805812,0.248404,0.537553]],[[0.537165,-0.688696,-0.486982],[-0.217336,0.444845,-0.868837],[0.814996,0.572547,0.0892769]]],4]],[[0,200,0],[235.247,235.247,147.751]]],[54040,80462175645,[[8,"right",[-0.508111,0.680979,-0.527343],[-0.66005,-0.701208,-0.26952],[115.291,146.038,73.3058],[5.35919,-21.5838,9.81501],[114.496,146.288,71.5203],0,0.544206,0.827401,[[0.692328,-0.217717,-0.687954],[0.166231,0.975875,-0.141548],[0.702175,-0.0163615,0.711817]],60.534,[328.181,108.256,278.211],[148.073,112.453,95.6296]]],[[80,[-0.824261,0.135487,-0.549761],8,49.5106,[44.2263,123.825,70.8786],[43.2359,125.946,73.6094],[-25.4314,58.3514,78.2468],false,[127.968,108.763,116.401],[127.968,108.763,116.401],[85.291,118.186,97.9962],[58.5925,122.574,80.1889],[38.8672,126.72,70.8052],[[[0.71387,0.675104,-0.186076],[0.0481771,0.217741,0.974817],[0.698619,-0.704857,0.122915]],[[0.300561,0.927557,-0.222039],[-0.315875,0.316472,0.894465],[0.899937,-0.198704,0.388111]],[[0.300561,0.927557,-0.222039],[-0.479851,0.348255,0.805271],[0.824261,-0.135487,0.549761]],[[0.300561,0.927557,-0.222039],[-0.350081,0.323844,0.878958],[0.88719,-0.186449,0.422055]]],0],[81,[-0.836963,-0.154006,-0.525144],8,55.8671,[45.8385,188.736,37.286],[44.1136,184.396,45.1434],[40.8458,-1.58,1.49529],false,[139.303,127.093,109.873],[91.4174,168.673,80.4983],[70.4186,197.411,60.5244],[51.2004,193.875,48.4661],[42.2083,180.759,45.2141],[[[0.460147,-0.0937918,-0.882875],[0.564663,0.798291,0.209491],[0.685143,-0.594924,0.420292]],[[0.546042,-0.171018,-0.820116],[0.66116,0.689172,0.296495],[0.514495,-0.704127,0.489387]],[[0.546042,-0.171018,-0.820116],[-0.0364934,0.973157,-0.227229],[0.836963,0.154006,0.525144]],[[0.546042,-0.171018,-0.820116],[-0.628432,0.563743,-0.535973],[0.553996,0.808051,0.200354]]],1],[82,[-0.848941,-0.243573,-0.469012],8,63.6561,[49.5482,179.385,18.9193],[50.8672,176.343,22.2652],[43.1459,-44.6639,-15.286],false,[145.157,127.631,99.7601],[104.295,165.766,64.1369],[82.5881,193.431,34.8075],[59.6543,186.851,22.1374],[49.2729,172.329,22.3069],[[[0.445433,-0.308012,-0.840665],[0.649232,0.757687,0.0663916],[0.616512,-0.57536,0.53747]],[[0.528481,-0.386608,-0.755805],[0.70426,0.69679,0.136019],[0.474052,-0.604167,0.640513]],[[0.528481,-0.386608,-0.755805],[-0.00276997,0.889498,-0.456931],[0.848941,0.243573,0.469012]],[[0.528481,-0.386608,-0.755805],[-0.618504,0.434494,-0.654727],[0.581515,0.81348,-0.00949718]]],2],[83,[-0.821193,-0.234591,-0.520201],8,61.2071,[64.4429,159.956,2.88795],[64.7089,158.318,2.66859],[-4.18682,-64.0982,-5.48279],false,[150.405,125.151,89.6349],[118.897,157.209,50.6391],[96.2677,172.854,18.3156],[74.6564,166.68,4.62553],[61.1458,155.459,2.05674],[[[0.481085,-0.445559,-0.755006],[0.69872,0.715017,0.0232597],[0.529479,-0.538728,0.655305]],[[0.55757,-0.523914,-0.643918],[0.636305,0.767898,-0.0738108],[0.533134,-0.368574,0.761526]],[[0.55757,-0.523914,-0.643918],[0.121483,0.818829,-0.561035],[0.821193,0.234591,0.520201]],[[0.55757,-0.523914,-0.643918],[-0.331261,0.570825,-0.751282],[0.761172,0.632197,0.144723]]],3],[84,[-0.819386,-0.237374,-0.521786],8,47.9852,[90.4505,143.468,-0.898519],[90.6482,141.975,-0.740619],[-26.609,-94.5998,16.9362],false,[153.094,116.275,79.7965],[130.281,145.181,38.8279],[115.996,153.838,9.68371],[100.771,149.427,-0.0115144],[87.0586,140.535,-1.03535],[[[0.417027,-0.616892,-0.667483],[0.809055,0.586589,-0.0366518],[0.414148,-0.524745,0.743723]],[[0.506096,-0.727026,-0.464004],[0.750351,0.636413,-0.178748],[0.425253,-0.257702,0.867611]],[[0.506096,-0.727026,-0.464004],[0.26921,0.644272,-0.715849],[0.819386,0.237374,0.521786]],[[0.506096,-0.727026,-0.464004],[-0.206505,0.420196,-0.883624],[0.83739,0.543017,0.0625247]]],4]],[[0,200,0],[235.247,235.247,147.751]]],[54041,80462183825,[[8,"right",[-0.480221,0.678266,-0.556186],[-0.69807,-0.679468,-0.225881],[115.148,145.32,73.3351],[-0.438161,-38.3374,8.23693],[114.51,146.268,71.5577],0,0.537801,0.812691,[[0.67409,-0.287553,-0.680379],[0.213434,0.957648,-0.193276],[0.707141,-0.0149308,0.706915]],60.534,[327.876,107.458,278.327],[146.494,111.288,97.0029]]],[[80,[-0.828069,0.153044,-0.539333],8,49.5106,[43.7566,124.949,71.8742],[42.0193,129.141,75.832],[-61.1421,145.334,137.202],false,[126.509,109.689,118.153],[126.509,109.689,118.153],[84.0094,120.46,100.082],[57.1876,125.418,82.6123],[37.5175,130.142,73.3876],[[[0.744386,0.627501,-0.228322],[0.0721596,0.264333,0.961728],[0.663839,-0.732373,0.151486]],[[0.343734,0.89858,-0.272767],[-0.280476,0.375446,0.883387],[0.896203,-0.227145,0.381084]],[[0.343734,0.89858,-0.272767],[-0.442888,0.411257,0.796692],[0.828069,-0.153044,0.539333]],[[0.343734,0.89858,-0.272767],[-0.314865,0.383935,0.868017],[0.884708,-0.212482,0.414902]]],0],[81,[-0.850856,-0.145981,-0.504712],8,55.8671,[45.8381,188.585,37.5887],[45.6809,185.522,44.1907],[78.5236,32.562,-27.8894],false,[138.664,127.061,110.567],[92.5422,169.479,79.6103],[72.7088,198.17,58.4154],[53.1715,194.818,46.8262],[43.6352,181.894,44.4862],[[[0.442948,-0.16193,-0.881803],[0.606893,0.778105,0.161968],[0.659907,-0.606903,0.442934]],[[0.525396,-0.239862,-0.816349],[0.69844,0.669538,0.252786],[0.485943,-0.702983,0.519302]],[[0.525396,-0.239862,-0.816349],[0.00188996,0.959769,-0.280785],[0.850856,0.145981,0.504712]],[[0.525396,-0.239862,-0.816349],[-0.615444,0.555372,-0.559276],[0.587526,0.796259,0.144169]]],1],[82,[-0.865961,-0.221729,-0.448272],8,63.6561,[49.686,179.214,19.0361],[51.7909,176.271,21.4627],[59.7292,-33.7067,-36.2844],false,[144.402,126.786,100.377],[105.036,165.091,63.2818],[84.494,192.382,32.7867],[61.1004,186.392,20.6768],[49.9954,172.451,21.6993],[[[0.418037,-0.372696,-0.828458],[0.687383,0.726013,0.0202418],[0.593928,-0.57793,0.559685]],[[0.498641,-0.451479,-0.739949],[0.741686,0.664036,0.0946514],[0.448619,-0.596007,0.665971]],[[0.498641,-0.451479,-0.739949],[0.0383169,0.864293,-0.501526],[0.865961,0.221729,0.448272]],[[0.498641,-0.451479,-0.739949],[-0.603672,0.431723,-0.670221],[0.622043,0.780886,-0.0572701]]],2],[83,[-0.837512,-0.214496,-0.502559],8,61.2071,[64.3283,159.195,2.79555],[64.3252,156.659,2.55776],[-13.3813,-95.5867,-9.652],false,[149.382,123.529,90.3372],[119.006,155.125,50.0853],[96.8473,170.269,17.2027],[74.8065,164.624,3.97692],[60.6705,154.07,2.01721],[[[0.447867,-0.507343,-0.736219],[0.734076,0.678737,-0.0211683],[0.510439,-0.53096,0.676412]],[[0.52234,-0.584298,-0.621094],[0.67425,0.728905,-0.118677],[0.522061,-0.356783,0.774699]],[[0.52234,-0.584298,-0.621094],[0.160422,0.78268,-0.601396],[0.837512,0.214496,0.502559]],[[0.52234,-0.584298,-0.621094],[-0.30479,0.552314,-0.775921],[0.796407,0.594597,0.110408]]],3],[84,[-0.836764,-0.218691,-0.501996],8,47.9852,[89.4651,140.872,-0.49553],[89.3314,138.896,-0.180198],[-58.6332,-164.71,28.4604],false,[151.488,114.038,80.9405],[129.611,141.947,38.7868],[115.418,149.914,9.40216],[99.8697,145.85,0.074636],[85.7007,137.655,-0.39737],[[[0.376446,-0.670512,-0.639298],[0.836992,0.541971,-0.0755764],[0.397156,-0.506637,0.765236]],[[0.462053,-0.773954,-0.433017],[0.779732,0.587149,-0.217426],[0.422523,-0.237174,0.87477]],[[0.462053,-0.773954,-0.433017],[0.293825,0.594281,-0.748663],[0.836764,0.218691,0.501996]],[[0.462053,-0.773954,-0.433017],[-0.194394,0.388001,-0.900925],[0.865285,0.500451,0.0288249]]],4]],[[0,200,0],[235.247,235.247,147.751]]],[54042,80462192451,[[8,"right",[-0.453164,0.671021,-0.586833],[-0.734278,-0.654251,-0.181087],[114.984,144.665,73.1292],[-5.36302,-48.2873,-0.268132],[114.523,146.225,71.6003],0,0.534194,0.813966,[[0.652361,-0.357937,-0.668061],[0.260533,0.933645,-0.245823],[0.711721,-0.0136864,0.702329]],60.534,[327.461,106.89,278.409],[144.905,110.401,98.2618]]],[[80,[-0.832817,0.172936,-0.525841],8,49.5106,[43.0905,126.72,73.259],[40.9236,132.742,77.9704],[-83.4875,223.263,178.854],false,[125.155,110.954,119.685],[125.155,110.954,119.685],[82.8785,123.109,101.971],[55.9029,128.71,84.9389],[36.2711,134.083,75.9915],[[[0.771722,0.575747,-0.270112],[0.0984506,0.311456,0.945147],[0.628293,-0.755984,0.183675]],[[0.384509,0.864094,-0.324798],[-0.239529,0.433188,0.868892],[0.891504,-0.256298,0.37354]],[[0.384509,0.864094,-0.324798],[-0.398207,0.472688,0.786128],[0.832817,-0.172936,0.525841]],[[0.384509,0.864094,-0.324798],[-0.269248,0.441528,0.855896],[0.882983,-0.241648,0.402427]]],0],[81,[-0.86393,-0.130791,-0.486332],8,55.8671,[45.9143,188.467,37.8702],[47.2921,186.683,42.6882],[107.368,61.5025,-66.3728],false,[138.061,127.256,111.037],[93.7054,170.242,78.333],[75.1049,198.774,55.8432],[55.2674,195.77,44.6761],[45.109,183.199,43.1882],[[[0.422186,-0.231218,-0.876525],[0.647297,0.753827,0.112925],[0.634638,-0.615047,0.467922]],[[0.5016,-0.30971,-0.807761],[0.735324,0.644523,0.209496],[0.455737,-0.699049,0.55103]],[[0.5016,-0.30971,-0.807761],[0.044974,0.941793,-0.333172],[0.86393,0.130791,0.486332]],[[0.5016,-0.30971,-0.807761],[-0.597248,0.551521,-0.582339],[0.625854,0.774535,0.0916692]]],1],[82,[-0.88145,-0.194146,-0.430528],8,63.6561,[49.866,179.054,19.0918],[52.8027,176.204,20.2629],[74.2321,-20.7091,-64.6458],false,[143.638,126.144,100.814],[105.74,164.357,62.1306],[86.4661,191.227,30.4558],[62.6542,185.982,18.8253],[50.8139,172.746,20.6462],[[[0.387471,-0.437286,-0.811571],[0.72313,0.690198,-0.0266425],[0.571795,-0.576548,0.583647]],[[0.465108,-0.515092,-0.719969],[0.778787,0.624773,0.0561203],[0.42091,-0.586804,0.691734]],[[0.465108,-0.515092,-0.719969],[0.0819825,0.834858,-0.544326],[0.88145,0.194146,0.430528]],[[0.465108,-0.515092,-0.719969],[-0.586346,0.430066,-0.686471],[0.663229,0.741434,-0.101995]]],2],[83,[-0.853337,-0.197304,-0.482584],8,61.2071,[64.1133,158.099,2.65756],[63.8208,154.766,2.33301],[-24.8136,-127.465,-14.6635],false,[148.311,122.105,90.9116],[119.011,153.002,49.3414],[97.2022,167.435,15.9094],[74.745,162.243,3.20932],[60.0554,152.362,1.92638],[[[0.41177,-0.568141,-0.712503],[0.766824,0.638462,-0.0659385],[0.492368,-0.519213,0.698564]],[[0.484255,-0.642903,-0.593441],[0.708166,0.686334,-0.165667],[0.513807,-0.34003,0.787643]],[[0.484255,-0.642903,-0.593441],[0.193167,0.740099,-0.644158],[0.853337,0.197304,0.482584]],[[0.484255,-0.642903,-0.593441],[-0.283872,0.526131,-0.801625],[0.827595,0.556652,0.0722792]]],3],[84,[-0.853442,-0.202406,-0.48028],8,47.9852,[88.1255,137.695,-0.00248895],[87.8707,135.642,0.353779],[-86.8887,-220.846,36.4021],false,[149.811,112.03,82.0204],[128.786,138.716,38.6582],[114.608,145.809,9.04306],[98.7507,142.048,0.119045],[84.183,134.571,0.244125],[[[0.333589,-0.722046,-0.606109],[0.862001,0.493926,-0.113979],[0.381671,-0.484444,0.787173]],[[0.416698,-0.818492,-0.395518],[0.805127,0.534307,-0.257462],[0.422059,-0.211158,0.881634]],[[0.416698,-0.818492,-0.395518],[0.31305,0.537683,-0.782877],[0.853442,0.202406,0.48028]],[[0.416698,-0.818492,-0.395518],[-0.186849,0.348684,-0.918426],[0.889635,0.456608,-0.00763852]]],4]],[[0,200,0],[235.247,235.247,147.751]]],[54043,80462201159,[[8,"right",[-0.439638,0.65791,-0.611451],[-0.753153,-0.640951,-0.148128],[114.959,144.449,72.9708],[-4.67595,-42.0253,-5.05265],[114.537,146.167,71.6446],0,0.532124,0.74562,[[0.63514,-0.405422,-0.657442],[0.293314,0.91401,-0.280274],[0.714538,-0.0148232,0.69944]],60.534,[327.426,106.663,278.724],[144.147,110.466,99.3173]]],[[80,[-0.838362,0.181717,-0.513933],8,49.5106,[42.4077,128.741,74.8172],[40.3658,135.239,79.6388],[-82.0506,246.606,193.017],false,[124.596,112.459,120.836],[124.596,112.459,120.836],[82.4041,125.243,103.365],[55.2489,131.129,86.7186],[35.5832,136.874,78.0825],[[[0.784772,0.542558,-0.299605],[0.114558,0.348093,0.930434],[0.609105,-0.764501,0.211019]],[[0.404807,0.838955,-0.36371],[-0.211039,0.472737,0.855559],[0.889716,-0.26958,0.368419]],[[0.404807,0.838955,-0.36371],[-0.365075,0.512965,0.776909],[0.838362,-0.181717,0.513933]],[[0.404807,0.838955,-0.36371],[-0.231892,0.478943,0.846664],[0.884509,-0.258394,0.388427]]],0],[81,[-0.870766,-0.126321,-0.475194],8,55.8671,[46.0442,188.369,38.0849],[48.2949,187.018,41.3167],[110.731,58.7068,-91.6796],false,[137.867,128.024,111.417],[94.4237,170.795,77.2392],[76.5597,198.951,53.7037],[56.5653,196.05,42.7924],[46.0779,183.692,41.9283],[[[0.408602,-0.279316,-0.868923],[0.668342,0.739917,0.0764342],[0.621582,-0.611969,0.48901]],[[0.486812,-0.357385,-0.797051],[0.755938,0.629579,0.179409],[0.437689,-0.68986,0.576647]],[[0.486812,-0.357385,-0.797051],[0.0691426,0.925375,-0.372693],[0.870766,0.126321,0.475194]],[[0.486812,-0.357385,-0.797051],[-0.58783,0.540907,-0.601561],[0.646119,0.761378,0.0532382]]],1],[82,[-0.890851,-0.182663,-0.415955],8,63.6561,[50.0416,178.895,19.1029],[53.2873,175.636,19.3365],[66.6828,-27.7213,-74.2808],false,[143.328,126.33,101.212],[106.162,163.907,61.2156],[87.4062,190.17,28.7313],[63.3402,185.235,17.4944],[51.1287,172.438,19.9045],[[[0.36886,-0.481445,-0.795081],[0.741284,0.668428,-0.0608504],[0.56075,-0.566935,0.603443]],[[0.442648,-0.55501,-0.704292],[0.797682,0.602494,0.0265544],[0.409594,-0.573555,0.709414]],[[0.442648,-0.55501,-0.704292],[0.102211,0.811541,-0.575287],[0.890851,0.182663,0.415955]],[[0.442648,-0.55501,-0.704292],[-0.579802,0.421997,-0.696956],[0.684026,0.716856,-0.135]]],2],[83,[-0.862086,-0.194399,-0.467992],8,61.2071,[63.8532,156.741,2.50168],[63.4803,152.918,2.15483],[-28.6281,-150.509,-16.1181],false,[147.809,121.753,91.4555],[119.016,151.666,48.8245],[97.3045,165.213,14.9616],[74.6171,160.097,2.64547],[59.6514,150.585,1.86735],[[[0.390421,-0.608636,-0.690748],[0.78324,0.613909,-0.0982324],[0.483845,-0.50267,0.716392]],[[0.462122,-0.680565,-0.568573],[0.724427,0.659513,-0.20062],[0.511516,-0.319179,0.797795]],[[0.462122,-0.680565,-0.568573],[0.207969,0.706428,-0.676541],[0.862086,0.194399,0.467992]],[[0.462122,-0.680565,-0.568573],[-0.274861,0.499648,-0.821464],[0.843146,0.535895,0.0438382]]],3],[84,[-0.86236,-0.198518,-0.465753],8,47.9852,[87.105,134.907,0.465535],[87.0108,133.15,0.818777],[-89.3106,-238.406,40.0782],false,[148.963,111.276,82.9875],[128.313,136.681,38.6857],[114.091,142.918,8.89988],[98.068,139.23,0.245784],[83.3017,132.172,0.773654],[[[0.30898,-0.755737,-0.577402],[0.874079,0.464933,-0.140793],[0.374856,-0.461193,0.804229]],[[0.391088,-0.84541,-0.363775],[0.817187,0.500801,-0.285313],[0.423386,-0.18569,0.886715]],[[0.391088,-0.84541,-0.363775],[0.321537,0.495856,-0.806686],[0.86236,0.198518,0.465753]],[[0.391088,-0.84541,-0.363775],[-0.18405,0.315431,-0.930929],[0.901763,0.431028,-0.0322364]]],4]],[[0,200,0],[235.247,235.247,147.751]]],[54044,80462209830,[[8,"right",[-0.425303,0.646532,-0.633336],[-0.775001,-0.621576,-0.114092],[114.813,144.276,72.6335],[-7.92156,-36.1553,-14.0553],[114.546,146.101,71.6791],0,0.529844,0.616802,[[0.615814,-0.453668,-0.644172],[0.326171,0.891032,-0.315711],[0.717206,-0.0156912,0.696684]],60.534,[327.16,106.432,278.748],[143.196,110.457,100.049]]],[[80,[-0.843395,0.196355,-0.500129],8,49.5106,[41.7017,131.145,76.5229],[39.787,138.285,81.2536],[-80.1563,280.296,199.289],false,[123.968,113.957,121.667],[123.968,113.957,121.667],[81.9231,127.592,104.488],[54.6049,133.952,88.2888],[34.9318,140.234,80.0526],[[[0.798284,0.504129,-0.329541],[0.136386,0.381629,0.914198],[0.586636,-0.774734,0.235892]],[[0.426905,0.810099,-0.401862],[-0.177911,0.510946,0.841],[0.886623,-0.287531,0.362251]],[[0.426905,0.810099,-0.401862],[-0.326246,0.552436,0.767058],[0.843395,-0.196355,0.500129]],[[0.426905,0.810099,-0.401862],[-0.186557,0.513729,0.837424],[0.884844,-0.28253,0.370443]]],0],[81,[-0.878039,-0.107441,-0.466373],8,55.8671,[46.2404,188.337,38.2169],[49.4827,187.965,39.9365],[120.916,80.5669,-114.165],false,[137.623,128.686,111.483],[95.1843,171.428,76.0299],[78.382,199.439,51.5587],[58.2205,196.972,40.8499],[47.2616,185.003,40.5242],[[[0.389386,-0.327479,-0.860893],[0.69259,0.720261,0.0392783],[0.607205,-0.61154,0.507268]],[[0.466924,-0.406149,-0.785509],[0.782625,0.603333,0.153255],[0.411679,-0.686318,0.599574]],[[0.466924,-0.406149,-0.785509],[0.105021,0.907469,-0.406782],[0.878039,0.107441,0.466373]],[[0.466924,-0.406149,-0.785509],[-0.571077,0.539721,-0.618525],[0.675169,0.73739,0.0200664]]],1],[82,[-0.901789,-0.164026,-0.39984],8,63.6561,[50.1994,178.768,19.0816],[53.6897,175.541,18.482],[59.9261,-17.6466,-79.7472],false,[142.909,126.404,101.301],[106.51,163.517,60.1826],[88.369,189.348,27.0098],[64.0075,184.917,16.2082],[51.3943,172.647,19.2208],[[[0.344028,-0.525046,-0.778442],[0.761612,0.640927,-0.0957039],[0.549173,-0.559946,0.620378]],[[0.413797,-0.594645,-0.689325],[0.819647,0.572864,-0.00215186],[0.396169,-0.564113,0.724449]],[[0.413797,-0.594645,-0.689325],[0.124696,0.787078,-0.604118],[0.901789,0.164026,0.39984]],[[0.413797,-0.594645,-0.689325],[-0.574097,0.417201,-0.704525],[0.70653,0.68727,-0.168748]]],2],[83,[-0.872893,-0.18528,-0.451363],8,61.2071,[63.469,155.301,2.34583],[62.7972,151.499,2.02946],[-41.8585,-154.203,-15.7674],false,[147.128,121.291,91.6952],[118.821,150.371,48.1721],[97.1495,163.179,13.9967],[74.1777,158.303,2.11826],[58.9002,149.27,1.85817],[[[0.362695,-0.648536,-0.669219],[0.801364,0.5836,-0.13125],[0.475677,-0.488684,0.731382]],[[0.433821,-0.718085,-0.5442],[0.742374,0.627145,-0.235733],[0.510569,-0.301734,0.805156]],[[0.433821,-0.718085,-0.5442],[0.223288,0.670839,-0.70719],[0.872893,0.18528,0.451363]],[[0.433821,-0.718085,-0.5442],[-0.266411,0.474756,-0.838827],[0.860712,0.508882,0.0146532]]],3],[84,[-0.87392,-0.18901,-0.447817],8,47.9852,[85.8233,132.505,0.954529],[85.6551,130.998,1.30551],[-106.736,-241.473,44.165],false,[147.847,110.447,83.6515],[127.515,134.693,38.5605],[113.127,140.181,8.70683],[96.8887,136.669,0.386018],[81.9106,130.122,1.35609],[[[0.277884,-0.78819,-0.549124],[0.886876,0.430143,-0.168606],[0.369095,-0.440153,0.818556]],[[0.359355,-0.871611,-0.333404],[0.829095,0.462177,-0.314632],[0.428328,-0.163359,0.888734]],[[0.359355,-0.871611,-0.333404],[0.327305,0.452293,-0.82964],[0.87392,0.18901,0.447817]],[[0.359355,-0.871611,-0.333404],[-0.184923,0.283674,-0.940921],[0.914695,0.399779,-0.0592413]]],4]],[[0,200,0],[235.247,235.247,147.751]]],[54045,80462218502,[[8,"right",[-0.412649,0.629384,-0.65848],[-0.800144,-0.595922,-0.0681658],[114.82,143.885,72.1819],[-5.60974,-38.5344,-24.1717],[114.556,146.024,71.6966],0,0.525816,0.627405,[[0.590162,-0.512356,-0.623859],[0.366368,0.858606,-0.358568],[0.719363,-0.0169487,0.694428]],60.534,[326.941,106.084,278.935],[142.425,110.432,100.814]]],[[80,[-0.849682,0.213398,-0.482184],8,49.5106,[41.0574,134.135,78.5337],[39.5709,141.958,83.3608],[-66.2767,325.492,218.083],false,[123.767,115.779,122.554],[123.767,115.779,122.554],[81.8686,130.454,105.881],[54.3467,137.366,90.263],[34.6937,144.284,82.5029],[[[0.810315,0.455126,-0.36912],[0.168546,0.42227,0.890663],[0.561232,-0.783931,0.265462]],[[0.449474,0.771252,-0.450713],[-0.131685,0.556247,0.820517],[0.883534,-0.309449,0.351581]],[[0.449474,0.771252,-0.450713],[-0.275704,0.599693,0.751236],[0.849682,-0.213398,0.482184]],[[0.449474,0.771252,-0.450713],[-0.128936,0.555282,0.821607],[0.883939,-0.311178,0.349027]]],0],[81,[-0.887647,-0.0879949,-0.45204],8,55.8671,[46.513,188.353,38.2467],[50.8971,188.624,38.298],[135.347,85.7107,-139.881],false,[137.771,129.425,111.384],[96.3072,171.919,74.5083],[80.5343,199.462,48.8487],[60.1522,197.441,38.469],[48.6573,185.988,38.861],[[[0.359841,-0.385995,-0.849424],[0.720106,0.693789,-0.0102133],[0.593264,-0.608,0.527611]],[[0.437806,-0.465734,-0.769036],[0.811774,0.572444,0.11546],[0.386457,-0.674833,0.628691]],[[0.437806,-0.465734,-0.769036],[0.142859,0.880539,-0.451932],[0.887647,0.0879949,0.45204]],[[0.437806,-0.465734,-0.769036],[-0.553886,0.534051,-0.638749],[0.708192,0.705607,-0.0241531]]],1],[82,[-0.91409,-0.134447,-0.382575],8,63.6561,[50.3459,178.67,19.0296],[54.2587,175.356,17.4655],[62.5184,-8.63615,-92.7173],false,[142.768,126.421,101.242],[107.013,162.773,58.897],[89.7077,188.106,24.9042],[65.014,184.474,14.5691],[51.8783,172.962,18.2632],[[[0.308617,-0.57717,-0.756062],[0.783425,0.605027,-0.142085],[0.539446,-0.548468,0.638891]],[[0.374449,-0.641982,-0.669064],[0.846732,0.530836,-0.0354668],[0.377932,-0.553238,0.742358]],[[0.374449,-0.641982,-0.669064],[0.155652,0.75484,-0.637173],[0.91409,0.134447,0.382575]],[[0.374449,-0.641982,-0.669064],[-0.564269,0.414809,-0.713817],[0.735792,0.64482,-0.206926]]],2],[83,[-0.886718,-0.172746,-0.428824],8,61.2071,[62.8895,153.621,2.22939],[61.7749,149.517,2.09556],[-60.8472,-173.058,-11.0033],false,[146.601,120.663,91.8424],[118.58,148.561,47.3711],[96.8052,160.407,12.9161],[73.4695,155.861,1.63083],[57.8365,147.465,2.02787],[[[0.324695,-0.695547,-0.640927],[0.820269,0.544452,-0.175301],[0.470884,-0.468813,0.747317]],[[0.396214,-0.761903,-0.512365],[0.761472,0.58447,-0.280277],[0.513006,-0.279102,0.811743]],[[0.396214,-0.761903,-0.512365],[0.238213,0.624229,-0.744038],[0.886718,0.172746,0.428824]],[[0.396214,-0.761903,-0.512365],[-0.259421,0.442401,-0.858477],[0.880747,0.473059,-0.0223685]]],3],[84,[-0.889036,-0.177481,-0.422037],8,47.9852,[84.0569,129.644,1.72138],[83.784,128.132,2.15622],[-135.11,-265.525,57.8163],false,[146.751,109.402,84.3604],[126.483,132.085,38.435],[111.725,136.589,8.5977],[95.2055,133.292,0.755893],[80.0101,127.393,2.3209],[[[0.236987,-0.825466,-0.512291],[0.899143,0.38607,-0.206137],[0.367939,-0.411771,0.833706]],[[0.319405,-0.900859,-0.293996],[0.839609,0.41288,-0.352968],[0.43936,-0.134102,0.888245]],[[0.319405,-0.900859,-0.293996],[0.328017,0.396174,-0.857585],[0.889036,0.177481,0.422037]],[[0.319405,-0.900859,-0.293996],[-0.191997,0.242292,-0.951016],[0.927964,0.360206,-0.0955731]]],4]],[[0,200,0],[235.247,235.247,147.751]]],[54046,80462227144,[[8,"right",[-0.388327,0.617905,-0.683663],[-0.835768,-0.548674,-0.0211753],[114.589,142.843,71.6662],[-11.2012,-60.3044,-33.5898],[114.557,145.911,71.6955],0,0.524705,0.632821,[[0.557756,-0.579658,-0.594058],[0.408166,0.81475