{"metadata":{"formatVersion":2,"generatedBy":"LeapJS Playback 0.2.1","frames":74,"protocolVersion":6,"serviceVersion":"2.2.5+26752","frameRate":"1.1e+2","modified":"Wed Apr 22 2015 19:55:53 GMT-0300 (E. South America Standard Time)"},"frames":[["id","timestamp",{"hands":[["id","type","direction","palmNormal","palmPosition","palmVelocity","stabilizedPalmPosition","pinchStrength","grabStrength","confidence","armBasis","armWidth","elbow","wrist"]]},{"pointables":[["id","direction","handId","length","stabilizedTipPosition","tipPosition","tipVelocity","tool","carpPosition","mcpPosition","pipPosition","dipPosition","btipPosition","bases","type"]]},{"interactionBox":["center","size"]}],[54317,80464629452,[[8,"right",[-0.622737,0.579111,-0.526146],[-0.70906,-0.701999,0.066566],[-38.5995,139.147,52.3721],[-95.9906,-54.1867,-107.384],[-37.3998,139.777,53.8769],0,0.422331,0.536533,[[0.310966,-0.408984,-0.857923],[0.387603,0.878772,-0.278431],[0.867793,-0.245951,0.431791]],60.534,[221.241,46.2317,183.705],[-1.34752,109.318,72.9508]]],[[80,[-0.898103,-0.00631425,-0.439739],8,49.5106,[-105.862,118.95,68.3779],[-106.626,120.272,69.8408],[-111.912,91.8889,111.307],false,[-15.5571,111.459,98.3045],[-15.5571,111.459,98.3045],[-61.5165,119.23,89.5762],[-90.6068,119.025,75.3327],[-111.394,120.285,67.5472],[[[0.645801,0.574087,-0.503353],[0.293905,0.421542,0.857859],[0.704671,-0.701944,0.103506]],[[0.235185,0.838013,-0.492365],[-0.0735675,0.520469,0.850706],[0.969162,-0.163851,0.184057]],[[0.235185,0.838013,-0.492365],[-0.371616,0.545614,0.751137],[0.898103,0.00631425,0.439739]],[[0.235185,0.838013,-0.492365],[-0.265553,0.542702,0.796842],[0.93497,-0.0566562,0.350172]]],0],[81,[-0.948608,-0.0705587,-0.308487],8,55.8671,[-114.196,180.268,35.9147],[-114.882,179.7,33.7565],[-80.4402,-11.8334,-179.947],false,[-6.18158,127.21,85.2237],[-59.8031,164.201,59.9026],[-83.9838,190.439,40.0862],[-105.766,188.819,33.0028],[-117.917,178.061,33.2521],[[[0.221549,-0.311404,-0.924091],[0.601911,0.789242,-0.121655],[0.767215,-0.529268,0.362293]],[[0.311936,-0.372613,-0.873988],[0.742759,0.669253,-0.0202286],[0.592457,-0.642852,0.485526]],[[0.311936,-0.372613,-0.873988],[0.0532789,0.9253,-0.375474],[0.948608,0.0705587,0.308487]],[[0.311936,-0.372613,-0.873988],[-0.584979,0.649531,-0.485705],[0.748663,0.662773,-0.0153587]]],1],[82,[-0.953494,-0.131374,-0.271277],8,63.6561,[-113.77,169.763,9.78553],[-114.052,168.341,9.49126],[-131.635,-143.961,-131.026],false,[-3.07382,125.179,74.1308],[-51.4925,157.03,41.9726],[-78.3578,181.377,14.004],[-104.116,177.828,6.67562],[-117.49,166.423,9.80028],[[[0.217287,-0.51,-0.832278],[0.647399,0.713422,-0.268148],[0.730521,-0.480551,0.485191]],[[0.297167,-0.56027,-0.773168],[0.753307,0.635128,-0.170707],[0.586703,-0.531704,0.610795]],[[0.297167,-0.56027,-0.773168],[0.0504145,0.817825,-0.573254],[0.953494,0.131374,0.271277]],[[0.297167,-0.56027,-0.773168],[-0.592021,0.527194,-0.609571],[0.749134,0.638877,-0.175027]]],2],[83,[-0.921538,-0.100769,-0.374984],8,61.2071,[-103.069,152.33,-11.3957],[-103.442,150.609,-11.0936],[-173.979,-251.041,-91.3109],false,[-0.565946,120.241,63.8576],[-40.808,144.875,27.5951],[-67.1301,160.519,-1.79925],[-91.3821,157.867,-11.6677],[-107.15,149.718,-11.6025],[[[0.272995,-0.627478,-0.729208],[0.684226,0.659479,-0.311322],[0.676246,-0.413954,0.609371]],[[0.342158,-0.667296,-0.661547],[0.705945,0.647201,-0.287703],[0.620137,-0.368575,0.692519]],[[0.342158,-0.667296,-0.661547],[0.183562,0.737945,-0.649417],[0.921538,0.100769,0.374984]],[[0.342158,-0.667296,-0.661547],[-0.3062,0.586429,-0.749895],[0.888352,0.459148,-0.00367402]]],3],[84,[-0.928879,-0.0760623,-0.362489],8,47.9852,[-80.1545,135.291,-14.7015],[-80.7276,133.451,-14.1128],[-189.585,-292.318,-67.026],false,[-0.482012,109.29,55.9286],[-32.8217,129.899,16.3828],[-51.7681,140.623,-9.19845],[-69.0275,139.21,-15.9338],[-84.1289,133.039,-14.5166],[[[0.232596,-0.771453,-0.592249],[0.775396,0.514675,-0.365883],[0.587077,-0.374124,0.717893]],[[0.275144,-0.79688,-0.537846],[0.778568,0.512895,-0.361622],[0.564028,-0.319252,0.761545]],[[0.275144,-0.79688,-0.537846],[0.24795,0.599331,-0.761133],[0.928879,0.0760623,0.362489]],[[0.275144,-0.79688,-0.537846],[-0.271649,0.472203,-0.838589],[0.922227,0.376838,-0.0865474]]],4]],[[0,200,0],[235.247,235.247,147.751]]],[54318,80464637979,[[8,"right",[-0.623561,0.562773,-0.54264],[-0.716843,-0.688561,0.109634],[-39.1167,138.809,51.1966],[-86.7236,-50.3734,-115.373],[-37.8978,139.497,53.0994],0,0.423664,0.559535,[[0.29047,-0.451401,-0.84372],[0.401229,0.857936,-0.320875],[0.868701,-0.245321,0.43032]],60.534,[220.895,46.5282,182.931],[-1.92711,109.453,72.5535]]],[[80,[-0.907837,-0.00979149,-0.41921],8,49.5106,[-106.621,120.515,69.6818],[-107.221,122.008,71.0265],[-104.168,127.821,129.396],false,[-15.703,112.945,97.9963],[-15.703,112.945,97.9963],[-61.7087,121.07,89.8551],[-91.1143,120.753,76.2765],[-112.155,122.303,69.2617],[[[0.645011,0.541646,-0.539055],[0.312887,0.456377,0.83296],[0.697182,-0.705932,0.124894]],[[0.237786,0.811425,-0.533899],[-0.0478258,0.558778,0.827937],[0.97014,-0.171337,0.171677]],[[0.237786,0.811425,-0.533899],[-0.345385,0.584375,0.734313],[0.907837,0.00979149,0.41921]],[[0.237786,0.811425,-0.533899],[-0.218779,0.580282,0.78448],[0.946358,-0.0697323,0.315505]]],0],[81,[-0.953829,-0.0665364,-0.292889],8,55.8671,[-114.461,180.334,34.8447],[-115.156,179.718,31.7826],[-66.8927,-8.04097,-194.462],false,[-6.33582,127.952,84.0627],[-59.8753,164.466,57.8901],[-83.9498,190.16,37.249],[-105.851,188.632,30.5237],[-118.211,178.146,31.3869],[[[0.202816,-0.356368,-0.912068],[0.609957,0.774631,-0.167032],[0.766041,-0.522445,0.374477]],[[0.293293,-0.416497,-0.860528],[0.752363,0.655915,-0.0610365],[0.589855,-0.629528,0.505733]],[[0.293293,-0.416497,-0.860528],[0.064731,0.906699,-0.416782],[0.953829,0.0665364,0.292889]],[[0.293293,-0.416497,-0.860528],[-0.578101,0.639637,-0.506619],[0.761432,0.64606,-0.0531762]]],1],[82,[-0.959234,-0.130653,-0.250598],8,63.6561,[-114.632,168.562,8.58354],[-114.889,167.037,8.15439],[-122.796,-147.522,-138.443],false,[-3.43116,125.373,73.0288],[-51.9434,156.37,40.1839],[-78.9564,179.747,11.5385],[-104.87,176.217,4.7687],[-118.349,165.159,8.60568],[[[0.197472,-0.550475,-0.811161],[0.652134,0.691573,-0.310561],[0.731933,-0.467659,0.49555]],[[0.277781,-0.599146,-0.750908],[0.758171,0.616754,-0.211638],[0.589927,-0.510528,0.625578]],[[0.277781,-0.599146,-0.750908],[0.0520364,0.789908,-0.611014],[0.959234,0.130653,0.250598]],[[0.277781,-0.599146,-0.750908],[-0.593911,0.507274,-0.624455],[0.755055,0.619433,-0.214928]]],2],[83,[-0.927665,-0.111619,-0.356342],8,61.2071,[-104.46,149.479,-12.196],[-104.784,148.015,-11.8547],[-168.824,-274.077,-91.8656],false,[-1.15046,119.937,62.9565],[-41.6455,143.425,26.2191],[-68.2359,157.796,-3.58123],[-92.6492,154.859,-12.959],[-108.481,146.863,-12.2513],[[[0.253304,-0.663852,-0.703661],[0.687576,0.635216,-0.351766],[0.680497,-0.394717,0.617351]],[[0.327039,-0.703448,-0.631036],[0.707527,0.624928,-0.329957],[0.62646,-0.338566,0.702084]],[[0.327039,-0.703448,-0.631036],[0.180232,0.701928,-0.689067],[0.927665,0.111619,0.356342]],[[0.327039,-0.703448,-0.631036],[-0.312285,0.549795,-0.774728],[0.891921,0.45043,-0.039872]]],3],[84,[-0.934581,-0.0840394,-0.345681],8,47.9852,[-81.8404,132.12,-15.0905],[-82.3312,130.551,-14.427],[-188.883,-311.218,-59.9765],false,[-1.33291,108.633,55.5393],[-34.031,127.845,15.5867],[-53.2236,137.475,-10.2451],[-70.5889,135.913,-16.6682],[-85.7324,129.988,-14.7418],[[[0.213248,-0.800844,-0.55962],[0.776005,0.486846,-0.400996],[0.593584,-0.348756,0.725278]],[[0.259435,-0.825873,-0.500628],[0.778618,0.485544,-0.397494],[0.571356,-0.286674,0.769006]],[[0.259435,-0.825873,-0.500628],[0.243416,0.557559,-0.793648],[0.934581,0.0840394,0.345681]],[[0.259435,-0.825873,-0.500628],[-0.278295,0.432457,-0.857632],[0.924795,0.361822,-0.117642]]],4]],[[0,200,0],[235.247,235.247,147.751]]],[54319,80464646655,[[8,"right",[-0.627398,0.53251,-0.568159],[-0.718842,-0.676593,0.159652],[-39.6439,139.064,50.1959],[-79.8157,-29.1509,-115.366],[-38.3142,139.393,52.4071],0,0.426991,0.572017,[[0.261084,-0.497931,-0.826982],[0.419621,0.830062,-0.367308],[0.869341,-0.25112,0.425658]],60.534,[220.646,46.4278,182.022],[-2.34013,110.84,72.8412]]],[[80,[-0.916041,-0.0242425,-0.400352],8,49.5106,[-107.255,122.508,71.1154],[-107.72,124.345,72.4005],[-94.2618,172.908,146.858],false,[-15.7843,115.941,98.1896],[-15.7843,115.941,98.1896],[-61.8581,124.008,90.3832],[-91.5295,123.223,77.4155],[-112.785,124.915,71.1188],[[[0.641002,0.504421,-0.578512],[0.325375,0.504066,0.80003],[0.69516,-0.701055,0.158981]],[[0.235023,0.776409,-0.584768],[-0.028331,0.606835,0.794322],[0.971577,-0.170117,0.164617]],[[0.235023,0.776409,-0.584768],[-0.325013,0.629763,0.705525],[0.916041,0.0242425,0.400352]],[[0.235023,0.776409,-0.584768],[-0.175391,0.625619,0.760157],[0.956035,-0.0760912,0.28321]]],0],[81,[-0.957432,-0.0764147,-0.27836],8,55.8671,[-114.715,180.286,33.7471],[-115.718,179.264,29.1743],[-66.0387,-21.128,-223.978],false,[-6.51511,130.026,83.2629],[-60.1912,165.196,55.5742],[-84.3594,189.751,33.6931],[-106.344,187.996,27.3015],[-118.781,177.691,28.9087],[[[0.189804,-0.411953,-0.891218],[0.611684,0.759646,-0.220864],[0.767995,-0.503223,0.396169]],[[0.280839,-0.469513,-0.83707],[0.755306,0.646234,-0.109066],[0.592151,-0.601614,0.536114]],[[0.280839,-0.469513,-0.83707],[0.0667293,0.879613,-0.470987],[0.957432,0.0764147,0.27836]],[[0.280839,-0.469513,-0.83707],[-0.577922,0.613594,-0.53806],[0.766247,0.63487,-0.0990206]]],1],[82,[-0.962883,-0.140032,-0.230753],8,63.6561,[-115.475,166.999,7.15035],[-115.809,165.079,6.43044],[-118.366,-169.348,-155.375],false,[-3.75933,126.769,72.3711],[-52.5181,156,38.2962],[-79.7715,177.754,8.61822],[-105.783,173.971,2.38452],[-119.272,163.244,7.04109],[[[0.184741,-0.599577,-0.778703],[0.65168,0.667831,-0.359604],[0.735652,-0.441031,0.514108]],[[0.265529,-0.644969,-0.716596],[0.758458,0.598598,-0.257725],[0.595177,-0.475075,0.648126]],[[0.265529,-0.644969,-0.716596],[0.0484826,0.75127,-0.658212],[0.962883,0.140032,0.230753]],[[0.265529,-0.644969,-0.716596],[-0.598817,0.472192,-0.64688],[0.755588,0.600875,-0.260838]]],2],[83,[-0.931899,-0.13173,-0.337951],8,61.2071,[-105.696,146.057,-12.9733],[-105.988,144.69,-12.5961],[-159.88,-309.21,-90.6865],false,[-1.62977,120.72,62.6193],[-42.4571,142.177,25.0171],[-69.2996,154.733,-5.37166],[-93.8243,151.266,-14.2655],[-109.653,143.361,-12.8463],[[[0.241329,-0.70657,-0.665221],[0.686332,0.608888,-0.397748],[0.686082,-0.360575,0.631884]],[[0.31843,-0.743265,-0.588353],[0.70617,0.600052,-0.375848],[0.632397,-0.295796,0.715946]],[[0.31843,-0.743265,-0.588353],[0.173684,0.6559,-0.734595],[0.931899,0.13173,0.337951]],[[0.31843,-0.743265,-0.588353],[-0.321452,0.499221,-0.804641],[0.89178,0.44535,-0.0799569]]],3],[84,[-0.938349,-0.105514,-0.329192],8,47.9852,[-83.257,128.284,-15.1553],[-83.6477,126.932,-14.4036],[-178.669,-347.223,-43.5239],false,[-1.95951,108.991,55.9019],[-35.0514,125.94,15.2557],[-54.4767,133.879,-10.9742],[-71.912,131.918,-17.0909],[-87.033,126.151,-14.5948],[[[0.202372,-0.834382,-0.512691],[0.773412,0.457314,-0.438973],[0.600732,-0.307686,0.737869]],[[0.253356,-0.85778,-0.447241],[0.775499,0.456466,-0.436165],[0.578284,-0.23633,0.780856]],[[0.253356,-0.85778,-0.447241],[0.235184,0.503071,-0.83163],[0.938349,0.105514,0.329192]],[[0.253356,-0.85778,-0.447241],[-0.288283,0.374371,-0.881328],[0.923419,0.352222,-0.152435]]],4]],[[0,200,0],[235.247,235.247,147.751]]],[54320,80464655858,[[8,"right",[-0.630603,0.511229,-0.583939],[-0.719355,-0.667433,0.192515],[-40.1673,138.844,49.6502],[-73.396,-27.6812,-99.6778],[-38.6956,139.28,51.8396],0,0.428986,0.591394,[[0.24152,-0.527727,-0.814354],[0.429133,0.810764,-0.398129],[0.870352,-0.25331,0.422281]],60.534,[220.49,46.4621,181.42],[-2.75549,111.436,73.1051]]],[[80,[-0.925075,-0.0256307,-0.378918],8,49.5106,[-107.895,124.502,72.7736],[-108.305,126.106,73.9915],[-88.7407,188.958,166.217],false,[-15.9758,117.591,98.3371],[-15.9758,117.591,98.3371],[-62.1014,125.813,91.0133],[-92.0654,124.983,78.7398],[-113.516,127.141,73.3053],[[[0.637586,0.478845,-0.603482],[0.333354,0.534734,0.776488],[0.694521,-0.696252,0.181314]],[[0.232022,0.751737,-0.617299],[-0.00906315,0.63626,0.771421],[0.972668,-0.173392,0.15444]],[[0.232022,0.751737,-0.617299],[-0.300669,0.658965,0.689466],[0.925075,0.0256307,0.378918]],[[0.232022,0.751737,-0.617299],[-0.123828,0.652281,0.747795],[0.964797,-0.0970665,0.24443]]],0],[81,[-0.959383,-0.0814922,-0.27008],8,55.8671,[-114.961,180.15,32.7819],[-116.294,178.537,27.512],[-64.4415,-38.1536,-213.148],false,[-6.79155,131.037,82.7824],[-60.5976,165.234,54.1429],[-84.8168,188.985,31.4465],[-106.846,187.114,25.245],[-119.352,176.975,27.3086],[[[0.181306,-0.447937,-0.875489],[0.611924,0.748294,-0.256134],[0.769855,-0.489294,0.409774]],[[0.273446,-0.504036,-0.819253],[0.757036,0.638204,-0.139968],[0.5934,-0.58193,0.556088]],[[0.273446,-0.504036,-0.819253],[0.0693674,0.85983,-0.505847],[0.959383,0.0814922,0.27008]],[[0.273446,-0.504036,-0.819253],[-0.575824,0.596461,-0.559161],[0.770489,0.624646,-0.127136]]],1],[82,[-0.96508,-0.145973,-0.217514],8,63.6561,[-116.296,165.339,5.98097],[-116.633,163.334,5.47173],[-110.216,-175.966,-141.664],false,[-4.13475,127.337,72.0079],[-53.0927,155.329,37.1858],[-80.5327,175.95,6.87781],[-106.604,172.007,1.00176],[-120.094,161.524,6.18273],[[[0.176657,-0.630883,-0.755499],[0.65052,0.650868,-0.3914],[0.738658,-0.422324,0.525382]],[[0.257959,-0.674059,-0.692171],[0.757861,0.585525,-0.287762],[0.599252,-0.450339,0.661885]],[[0.257959,-0.674059,-0.692171],[0.0455791,0.724111,-0.688176],[0.96508,0.145973,0.217514]],[[0.257959,-0.674059,-0.692171],[-0.602055,0.448168,-0.660815],[0.755637,0.587188,-0.290211]]],2],[83,[-0.934931,-0.14607,-0.323369],8,61.2071,[-106.81,142.993,-13.2587],[-107.017,142.016,-12.7868],[-146.598,-308.954,-69.7695],false,[-2.10241,120.896,62.4896],[-43.1798,140.954,24.3905],[-70.2696,152.223,-6.28165],[-94.8741,148.379,-14.7917],[-110.683,140.539,-12.8795],[[[0.233886,-0.733413,-0.638281],[0.684695,0.590337,-0.427429],[0.690283,-0.337058,0.640235]],[[0.313238,-0.767886,-0.558779],[0.703243,0.582979,-0.40692],[0.638224,-0.265494,0.722622]],[[0.313238,-0.767886,-0.558779],[0.16669,0.623711,-0.763675],[0.934931,0.14607,0.323369]],[[0.313238,-0.767886,-0.558779],[-0.329546,0.463938,-0.82229],[0.890663,0.441716,-0.10773]]],3],[84,[-0.93925,-0.126118,-0.319224],8,47.9852,[-84.3329,124.69,-15.0479],[-84.6268,123.891,-14.2611],[-157.643,-352.605,-27.1337],false,[-2.51984,108.908,56.2511],[-35.8996,124.316,15.2284],[-55.4425,130.836,-11.3035],[-72.8945,128.492,-17.2349],[-87.9768,122.794,-14.3719],[[[0.195839,-0.854886,-0.480434],[0.771014,0.436965,-0.463248],[0.605957,-0.2797,0.744704]],[[0.255223,-0.878495,-0.403867],[0.772261,0.436551,-0.46156],[0.581786,-0.19409,0.789845]],[[0.255223,-0.878495,-0.403867],[0.229501,0.460805,-0.857314],[0.93925,0.126118,0.319224]],[[0.255223,-0.878495,-0.403867],[-0.294132,0.327361,-0.897954],[0.921058,0.347969,-0.174843]]],4]],[[0,200,0],[235.247,235.247,147.751]]],[54321,80464663984,[[8,"right",[-0.632326,0.490373,-0.599748],[-0.721469,-0.654769,0.2253],[-40.8314,138.454,49.184],[-75.4913,-32.7872,-89.0302],[-39.0402,139.147,51.4112],0,0.429714,0.509863,[[0.220226,-0.558355,-0.799838],[0.43673,0.789633,-0.430983],[0.87222,-0.2544,0.417748]],60.534,[220.336,46.5668,180.619],[-3.38845,111.82,73.4663]]],[[80,[-0.935148,-0.0189089,-0.353751],8,49.5106,[-108.527,126.494,74.4542],[-109.064,128.375,75.8922],[-92.399,223.983,194.84],false,[-16.3783,119.085,98.5221],[-16.3783,119.085,98.5221],[-62.5113,127.74,91.7652],[-92.8015,127.128,80.3069],[-114.386,129.964,75.7919],[[[0.635477,0.449886,-0.627512],[0.3423,0.564334,0.751237],[0.692098,-0.692192,0.204625]],[[0.231037,0.724436,-0.649472],[0.0153153,0.664742,0.746916],[0.972825,-0.182512,0.142485]],[[0.231037,0.724436,-0.649472],[-0.268551,0.689083,0.673087],[0.935148,0.0189089,0.353751]],[[0.231037,0.724436,-0.649472],[-0.0642708,0.677438,0.732767],[0.97082,-0.127554,0.203073]]],0],[81,[-0.961474,-0.0847216,-0.261515],8,55.8671,[-115.172,179.983,32.0212],[-116.903,177.744,25.8855],[-66.576,-54.1501,-210.975],false,[-7.242,131.826,82.3572],[-61.0817,165.125,52.7387],[-85.2994,188.073,29.2299],[-107.377,186.128,23.225],[-119.963,176.196,25.7537],[[[0.17204,-0.484663,-0.857615],[0.61399,0.733559,-0.291387],[0.770336,-0.476437,0.42378]],[[0.264941,-0.539282,-0.799363],[0.760083,0.626917,-0.171021],[0.593363,-0.562272,0.575996]],[[0.264941,-0.539282,-0.799363],[0.073307,0.837853,-0.540952],[0.961474,0.0847216,0.261515]],[[0.264941,-0.539282,-0.799363],[-0.573136,0.57859,-0.5803],[0.775449,0.611889,-0.15579]]],1],[82,[-0.967332,-0.148055,-0.205787],8,63.6561,[-117.061,163.807,5.02892],[-117.53,161.595,4.5265],[-109.987,-186.461,-136.418],false,[-4.68935,127.67,71.7247],[-53.7632,154.486,36.1484],[-81.3166,173.985,5.20716],[-107.449,169.985,-0.352078],[-120.995,159.83,5.31215],[[[0.167326,-0.662481,-0.730152],[0.651,0.630423,-0.422808],[0.740406,-0.404582,0.536761]],[[0.249251,-0.70365,-0.665396],[0.758812,0.56881,-0.317268],[0.601729,-0.425831,0.675714]],[[0.249251,-0.70365,-0.665396],[0.0462868,0.694951,-0.717566],[0.967332,0.148055,0.205787]],[[0.249251,-0.70365,-0.665396],[-0.601744,0.42582,-0.675708],[0.758801,0.568818,-0.317281]]],2],[83,[-0.936804,-0.16103,-0.310591],8,61.2071,[-107.841,139.933,-13.4428],[-108.096,139.096,-12.9511],[-142.376,-329.813,-57.4841],false,[-2.76633,120.831,62.465],[-44.0287,139.539,23.8823],[-71.2828,149.35,-7.14329],[-95.9366,145.112,-15.3171],[-111.736,137.379,-12.9436],[[[0.224904,-0.760424,-0.60924],[0.684562,0.568262,-0.456567],[0.693392,-0.314379,0.648362]],[[0.309939,-0.793798,-0.523281],[0.70118,0.562545,-0.438052],[0.642094,-0.231145,0.73095]],[[0.309939,-0.793798,-0.523281],[0.162283,0.586476,-0.793543],[0.936804,0.16103,0.310591]],[[0.309939,-0.793798,-0.523281],[-0.334135,0.424332,-0.841603],[0.890108,0.435692,-0.133719]]],3],[84,[-0.939697,-0.142251,-0.311021],8,47.9852,[-85.3689,121.375,-14.8192],[-85.725,120.781,-13.983],[-150.774,-368.025,-12.4118],false,[-3.29774,108.599,56.7295],[-36.911,122.496,15.3594],[-56.4973,127.655,-11.4384],[-73.9577,125.012,-17.2175],[-89.0348,119.466,-14.046],[[[0.187424,-0.875069,-0.446235],[0.769761,0.413048,-0.486681],[0.610197,-0.252279,0.75101]],[[0.254764,-0.897865,-0.359073],[0.771436,0.41261,-0.484396],[0.583079,-0.153595,0.797764]],[[0.254764,-0.897865,-0.359073],[0.228177,0.416657,-0.879962],[0.939697,0.142251,0.311021]],[[0.254764,-0.897865,-0.359073],[-0.29552,0.281271,-0.912992],[0.920741,0.338711,-0.193679]]],4]],[[0,200,0],[235.247,235.247,147.751]]],[54322,80464672801,[[8,"right",[-0.642672,0.458647,-0.61369],[-0.717005,-0.642301,0.270837],[-41.4218,137.116,48.4556],[-73.1904,-64.9057,-87.3016],[-39.4212,138.822,50.9383],0,0.435869,0.457521,[[0.196189,-0.594674,-0.779662],[0.44321,0.763037,-0.470467],[0.874685,-0.253254,0.413265]],60.534,[220.802,46.8167,179.458],[-3.55523,111.776,73.4556]]],[[80,[-0.949991,-0.00821224,-0.312169],8,49.5106,[-109.027,128.764,76.747],[-109.381,130.958,79.1022],[-78.103,250.015,244.012],false,[-16.1336,120.326,98.3151],[-16.1336,120.326,98.3151],[-62.3009,129.737,92.9453],[-93.0719,129.471,82.8339],[-114.757,132.933,79.3548],[[[0.624532,0.416885,-0.660429],[0.354209,0.602459,0.715248],[0.696057,-0.680625,0.22859]],[[0.220767,0.689348,-0.689972],[0.058865,0.69672,0.714924],[0.973549,-0.198447,0.113234]],[[0.220767,0.689348,-0.689972],[-0.220859,0.724384,0.653061],[0.949991,0.00821224,0.312169]],[[0.220767,0.689348,-0.689972],[-0.000420213,0.707494,0.706719],[0.975326,-0.15573,0.156481]]],0],[81,[-0.965262,-0.0962519,-0.242911],8,55.8671,[-115.455,179.584,31.1915],[-117.903,175.233,24.3111],[-79.0931,-117.82,-203.312],false,[-7.27932,132.215,81.3632],[-61.6354,163.932,50.9631],[-86.2198,185.643,26.6719],[-108.384,183.433,21.0942],[-120.956,173.679,24.2995],[[[0.158216,-0.528353,-0.834153],[0.608368,0.717559,-0.339112],[0.777725,-0.453819,0.434963]],[[0.252707,-0.580177,-0.774296],[0.757176,0.616799,-0.215046],[0.602349,-0.531935,0.595165]],[[0.252707,-0.580177,-0.774296],[0.0664037,0.808783,-0.584346],[0.965262,0.0962519,0.242911]],[[0.252707,-0.580177,-0.774296],[-0.579858,0.549815,-0.601222],[0.774535,0.600914,-0.197478]]],1],[82,[-0.97031,-0.157486,-0.183566],8,63.6561,[-118.202,161.034,4.12873],[-118.902,157.957,3.85372],[-122.292,-248.746,-121.262],false,[-4.89987,127.515,70.9187],[-54.5837,152.451,34.8255],[-82.6577,170.306,3.36436],[-108.87,166.051,-1.5946],[-122.352,156.227,4.76437],[[[0.15579,-0.699341,-0.697604],[0.643285,0.607767,-0.465621],[0.749609,-0.37622,0.54456]],[[0.239197,-0.737253,-0.631857],[0.752924,0.551735,-0.358738],[0.613098,-0.389932,0.687069]],[[0.239197,-0.737253,-0.631857],[0.0358256,0.657006,-0.753034],[0.97031,0.157486,0.183566]],[[0.239197,-0.737253,-0.631857],[-0.610312,0.391968,-0.68839],[0.755185,0.55029,-0.356196]]],2],[83,[-0.940224,-0.183681,-0.286776],8,61.2071,[-109.255,135.011,-13.2213],[-109.579,134.224,-12.6441],[-147.472,-396.336,-32.476],false,[-3.1246,120.206,61.9944],[-45.0404,136.89,23.1883],[-72.6942,144.829,-8.01872],[-97.438,139.995,-15.5658],[-113.134,132.308,-12.4663],[[[0.215463,-0.790895,-0.572766],[0.67634,0.543946,-0.496675],[0.704372,-0.280369,0.652114]],[[0.307138,-0.821134,-0.481045],[0.693685,0.539222,-0.477536],[0.651511,-0.187024,0.735224]],[[0.307138,-0.821134,-0.481045],[0.147123,0.54037,-0.828466],[0.940224,0.183681,0.286776]],[[0.307138,-0.821134,-0.481045],[-0.351707,0.371751,-0.85913],[0.88429,0.433058,-0.17462]]],3],[84,[-0.942783,-0.163076,-0.290805],8,47.9852,[-86.8543,116.472,-14.0478],[-87.2379,115.972,-13.1553],[-155.872,-420.476,16.5232],false,[-3.73974,107.694,56.9087],[-38.0492,119.43,15.4408],[-57.9846,122.978,-11.3615],[-75.5023,119.947,-16.7649],[-90.5163,114.539,-13.0954],[[[0.180805,-0.89696,-0.40345],[0.761174,0.38739,-0.520138],[0.622835,-0.213051,0.752785]],[[0.254163,-0.916032,-0.310302],[0.763672,0.38695,-0.516792],[0.59347,-0.10562,0.797896]],[[0.254163,-0.916032,-0.310302],[0.215783,0.366459,-0.905066],[0.942783,0.163076,0.290804]],[[0.254163,-0.916032,-0.310302],[-0.307773,0.227555,-0.923848],[0.916884,0.33031,-0.224094]]],4]],[[0,200,0],[235.247,235.247,147.751]]],[54323,80464681358,[[8,"right",[-0.648365,0.431847,-0.627002],[-0.716148,-0.625434,0.309781],[-41.5761,136.558,47.4999],[-58.681,-64.9929,-93.7145],[-39.7176,138.511,50.4654],0,0.446791,0.475844,[[0.173726,-0.627972,-0.758598],[0.45183,0.735276,-0.505192],[0.875025,-0.254993,0.411473]],60.534,[220.939,46.8588,178.76],[-3.50486,112.264,73.2176]]],[[80,[-0.958724,-0.000437876,-0.284336],8,49.5106,[-109.243,131.128,78.631],[-109.275,133.687,80.5999],[-52.5937,275.998,230.778],false,[-15.7422,122.044,97.7923],[-15.7422,122.044,97.7923],[-61.8432,132.229,93.3439],[-92.8971,132.214,84.134],[-114.599,135.99,81.119],[[[0.617992,0.382164,-0.687049],[0.36537,0.634186,0.681405],[0.696125,-0.67213,0.252291]],[[0.2146,0.654911,-0.724596],[0.0941851,0.724546,0.68276],[0.97215,-0.214766,0.0938048]],[[0.2146,0.654911,-0.724596],[-0.186532,0.755706,0.627785],[0.958724,0.000437876,0.284336]],[[0.2146,0.654911,-0.724596],[0.0342347,0.73638,0.675701],[0.976102,-0.169812,0.135607]]],0],[81,[-0.968115,-0.101634,-0.228963],8,55.8671,[-115.704,179.147,30.3546],[-118.175,173.914,22.3578],[-66.0059,-128.848,-211.06],false,[-7.05049,133.072,80.1875],[-61.6511,163.554,48.9724],[-86.3811,184.208,23.9192],[-108.611,181.874,18.6618],[-121.214,172.369,22.4394],[[[0.145841,-0.568144,-0.809903],[0.606976,0.697852,-0.380241],[0.781224,-0.436137,0.446625]],[[0.241804,-0.617944,-0.748115],[0.75789,0.601722,-0.252059],[0.605915,-0.50604,0.613832]],[[0.241804,-0.617944,-0.748115],[0.065452,0.779626,-0.622816],[0.968115,0.101634,0.228963]],[[0.241804,-0.617944,-0.748115],[-0.581908,0.524618,-0.621418],[0.776476,0.585595,-0.232731]]],1],[82,[-0.972275,-0.155293,-0.174828],8,63.6561,[-119.125,158.62,2.9112],[-119.626,155.797,2.45643],[-113.3,-250.005,-137.064],false,[-4.81845,127.871,69.9506],[-54.8441,151.286,33.3155],[-83.2024,167.679,1.31801],[-109.468,163.484,-3.40491],[-123.153,154.177,3.28988],[[[0.14442,-0.73243,-0.665348],[0.639898,0.582009,-0.501792],[0.754767,-0.353286,0.552735]],[[0.230126,-0.76815,-0.597485],[0.750667,0.530835,-0.393337],[0.619307,-0.357995,0.698783]],[[0.230126,-0.76815,-0.597485],[0.0415094,0.621152,-0.78259],[0.972275,0.155293,0.174828]],[[0.230126,-0.76815,-0.597485],[-0.599551,0.371696,-0.708788],[0.766538,0.521333,-0.375008]]],2],[83,[-0.944047,-0.200735,-0.261688],8,61.2071,[-110.16,131.075,-12.9599],[-110.403,130.721,-12.4981],[-133.234,-406.064,-15.7524],false,[-3.18213,120.138,61.3635],[-45.5064,135.147,22.3177],[-73.473,141.478,-8.97786],[-98.3174,136.196,-15.8647],[-113.909,128.627,-12.0314],[[[0.205265,-0.818213,-0.537024],[0.672315,0.516634,-0.530171],[0.711237,-0.252224,0.656144]],[[0.301931,-0.845288,-0.440824],[0.688995,0.513067,-0.511906],[0.65888,-0.149165,0.737311]],[[0.301931,-0.845288,-0.440824],[0.132713,0.49517,-0.8586],[0.944047,0.200735,0.261688]],[[0.301931,-0.845288,-0.440824],[-0.37051,0.322007,-0.871226],[0.878385,0.42638,-0.215964]]],3],[84,[-0.947077,-0.17688,-0.267877],8,47.9852,[-87.922,112.729,-13.2281],[-88.2169,112.533,-12.4471],[-145.746,-419.424,37.4731],false,[-3.9093,107.4,56.8873],[-38.6803,117.306,15.3263],[-58.9566,119.508,-11.3644],[-76.5541,116.222,-16.3417],[-91.5064,111.023,-12.153],[[[0.172276,-0.915946,-0.362442],[0.756234,0.358757,-0.547178],[0.631214,-0.179825,0.754475]],[[0.249184,-0.931171,-0.266133],[0.757331,0.358638,-0.545737],[0.60362,-0.0655617,0.794572]],[[0.249184,-0.931171,-0.266133],[0.202365,0.318799,-0.925967],[0.947077,0.17688,0.267877]],[[0.249184,-0.931171,-0.266133],[-0.32268,0.17927,-0.929376],[0.913118,0.317462,-0.255799]]],4]],[[0,200,0],[235.247,235.247,147.751]]],[54324,80464690021,[[8,"right",[-0.648856,0.407133,-0.642829],[-0.721049,-0.598841,0.348537],[-41.0283,135.896,46.7344],[-26.2756,-68.0119,-92.2912],[-39.8723,138.202,50.0249],0,0.460683,0.486731,[[0.147145,-0.665386,-0.731854],[0.459995,0.70106,-0.544904],[0.875645,-0.256469,0.409231]],60.534,[221.58,46.6893,178.309],[-3.02273,112.474,73.3415]]],[[80,[-0.96352,0.0076898,-0.267527],8,49.5106,[-109.049,133.739,80.066],[-108.467,136.573,81.2876],[-11.4959,294.106,189.422],false,[-14.8938,123.684,97.4809],[-14.8938,123.684,97.4809],[-60.8325,134.687,93.3127],[-92.0417,134.937,84.6473],[-113.707,139.048,81.8117],[[[0.616116,0.337546,-0.711662],[0.380082,0.663956,0.643972],[0.689883,-0.667252,0.280779]],[[0.215847,0.613331,-0.75976],[0.122383,0.754972,0.644235],[0.968727,-0.232038,0.0878967]],[[0.215847,0.613331,-0.75976],[-0.15824,0.789789,0.592616],[0.96352,-0.0076898,0.267527]],[[0.215847,0.613331,-0.75976],[0.0622859,0.767869,0.637572],[0.974439,-0.18494,0.12754]]],0],[81,[-0.971139,-0.0992291,-0.216894],8,55.8671,[-115.84,178.719,29.5161],[-117.363,172.973,20.2405],[-22.8393,-125.089,-220.957],false,[-6.23348,133.662,79.2455],[-60.7406,163.198,46.9749],[-85.3903,182.85,21.0525],[-107.69,180.572,16.0722],[-120.405,171.468,20.4194],[[[0.130657,-0.611512,-0.780373],[0.612133,0.668929,-0.421695],[0.779886,-0.422595,0.461727]],[[0.22739,-0.659664,-0.716336],[0.763897,0.577053,-0.288913],[0.60395,-0.481511,0.635131]],[[0.22739,-0.659664,-0.716336],[0.071996,0.744981,-0.663189],[0.971139,0.0992291,0.216894]],[[0.22739,-0.659664,-0.716336],[-0.578455,0.500261,-0.644305],[0.783379,0.560877,-0.267832]]],1],[82,[-0.974312,-0.142689,-0.17423],8,63.6561,[-119.349,156.649,1.35921],[-119.249,154.114,0.722328],[-69.9719,-234.527,-160.783],false,[-4.16806,127.904,69.2749],[-54.2441,150.04,31.92],[-82.454,165.133,-0.839081],[-108.775,161.278,-5.54582],[-122.801,152.678,1.3834],[[[0.12854,-0.768001,-0.627417],[0.642383,0.546475,-0.537316],[0.755527,-0.333976,0.563595]],[[0.216962,-0.802099,-0.556385],[0.757226,0.497988,-0.422632],[0.616066,-0.329613,0.715415]],[[0.216962,-0.802099,-0.556385],[0.0603598,0.579894,-0.812453],[0.974312,0.142689,0.17423]],[[0.216962,-0.802099,-0.556385],[-0.579367,0.352918,-0.7347],[0.78566,0.481753,-0.38814]]],2],[83,[-0.949931,-0.211268,-0.230212],8,61.2071,[-110.445,127.397,-12.1327],[-110.519,127.389,-11.8745],[-102.912,-406.729,16.3018],false,[-2.71464,119.713,61.0895],[-45.2215,133.226,21.6971],[-73.554,137.99,-9.54702],[-98.5533,132.431,-15.6055],[-114.054,125.155,-10.9293],[[[0.189527,-0.847773,-0.495339],[0.673683,0.479284,-0.562529],[0.714305,-0.227087,0.661967]],[[0.289706,-0.87153,-0.395608],[0.685938,0.477321,-0.54923],[0.667502,-0.112247,0.736099]],[[0.289706,-0.87153,-0.395608],[0.117057,0.442493,-0.889099],[0.949931,0.211268,0.230212]],[[0.289706,-0.87153,-0.395608],[-0.391753,0.269149,-0.879823],[0.87327,0.40987,-0.263451]]],3],[84,[-0.952778,-0.184253,-0.241383],8,47.9852,[-88.4099,109.128,-11.9101],[-88.5702,109.132,-11.2819],[-119.393,-416.66,69.6037],false,[-3.64847,106.77,57.2922],[-38.6928,114.955,15.5867],[-59.2924,115.814,-10.933],[-76.9958,112.391,-15.4181],[-91.8988,107.566,-10.6474],[[[0.156992,-0.935817,-0.315594],[0.755403,0.319631,-0.572016],[0.636176,-0.148598,0.757098]],[[0.23772,-0.947166,-0.215326],[0.753276,0.319722,-0.574764],[0.613241,-0.0255668,0.789482]],[[0.23772,-0.947166,-0.215326],[0.188955,0.262539,-0.946239],[0.952778,0.184253,0.241383]],[[0.23772,-0.947166,-0.215326],[-0.339395,0.126712,-0.93207],[0.91011,0.294652,-0.291342]]],4]],[[0,200,0],[235.247,235.247,147.751]]],[54325,80464698676,[[8,"right",[-0.648963,0.400311,-0.646991],[-0.727962,-0.573921,0.375081],[-40.5038,135.508,46.394],[-3.20198,-61.8528,-78.2255],[-39.936,137.93,49.659],0,0.471663,0.491024,[[0.129366,-0.691363,-0.710831],[0.462915,0.676053,-0.573291],[0.876912,-0.25489,0.407501]],60.534,[222.305,46.7749,177.762],[-2.62281,112.154,73.2379]]],[[80,[-0.966907,0.0210227,-0.254263],8,49.5106,[-108.523,136.267,81.2013],[-107.487,138.834,81.9403],[23.6862,284.538,156.453],false,[-13.972,124.312,97.1687],[-13.972,124.312,97.1687],[-59.7157,136.21,93.3263],[-91.0346,136.891,85.0905],[-112.648,141.365,82.4132],[[[0.613475,0.303972,-0.728869],[0.400824,0.675382,0.619031],[0.680433,-0.671908,0.292491]],[[0.217974,0.585978,-0.780459],[0.14834,0.770504,0.619934],[0.964615,-0.250903,0.081026]],[[0.217974,0.585978,-0.780459],[-0.132585,0.810054,0.571169],[0.966907,-0.0210227,0.254263]],[[0.217974,0.585978,-0.780459],[0.0864857,0.784944,0.6135],[0.972115,-0.201226,0.120419]]],0],[81,[-0.975198,-0.0856411,-0.204096],8,55.8671,[-115.884,178.411,28.8338],[-116.424,173.316,19.6003],[12.6533,-82.4636,-182.354],false,[-5.35191,133.569,78.5378],[-59.6841,163.185,46.0469],[-84.2303,182.534,19.8001],[-106.623,180.568,15.1137],[-119.478,171.867,19.8558],[[[0.10907,-0.637044,-0.763072],[0.619499,0.643904,-0.449009],[0.777383,-0.423749,0.464879]],[[0.206335,-0.685442,-0.69828],[0.771835,0.552643,-0.314413],[0.601411,-0.474083,0.643078]],[[0.206335,-0.685442,-0.69828],[0.0800943,0.723073,-0.686112],[0.975198,0.0856411,0.204096]],[[0.206335,-0.685442,-0.69828],[-0.574572,0.492767,-0.653489],[0.792018,0.53605,-0.292161]]],1],[82,[-0.977023,-0.119905,-0.176206],8,63.6561,[-119.201,155.821,0.191926],[-118.803,154.247,-0.0622772],[-34.4872,-166.783,-148.483],false,[-3.52298,127.475,68.7214],[-53.6312,149.458,31.3191],[-81.569,164.204,-1.82887],[-107.963,160.965,-6.589],[-122.328,153.002,0.40828],[[[0.105877,-0.788811,-0.605449],[0.645937,0.517474,-0.561236],[0.756013,-0.33166,0.56431]],[[0.197042,-0.823293,-0.532318],[0.767413,0.467421,-0.438857],[0.610124,-0.322035,0.723907]],[[0.197042,-0.823293,-0.532318],[0.0812416,0.554807,-0.828003],[0.977023,0.119905,0.176206]],[[0.197042,-0.823293,-0.532318],[-0.560107,0.351097,-0.750341],[0.804645,0.446004,-0.391952]]],2],[83,[-0.957936,-0.209936,-0.195667],8,61.2071,[-111.014,125.571,-10.4884],[-111.016,126.033,-10.4572],[-94.2884,-345.61,66.0005],false,[-2.3301,119.016,60.7701],[-45.0622,132.172,21.5008],[-74.0237,136.172,-9.27024],[-99.2336,130.647,-14.4196],[-114.642,123.703,-8.99701],[[[0.166979,-0.865769,-0.471764],[0.675622,0.448959,-0.584783],[0.71809,-0.221087,0.659899]],[[0.270366,-0.888816,-0.370011],[0.67922,0.448469,-0.580978],[0.682321,-0.0942422,0.724953]],[[0.270366,-0.888816,-0.370011],[0.0962334,0.407349,-0.908188],[0.957936,0.209936,0.195667]],[[0.270366,-0.888816,-0.370011],[-0.416299,0.238609,-0.87736],[0.8681,0.391244,-0.305501]]],3],[84,[-0.959603,-0.180265,-0.216023],8,47.9852,[-89.1449,107.255,-10.4932],[-89.2929,107.602,-10.0266],[-111.342,-357.187,95.2744],false,[-3.55977,105.986,57.3767],[-38.9627,113.603,15.8667],[-59.9721,113.777,-10.3429],[-77.8023,110.428,-14.3568],[-92.6592,105.986,-9.09562],[[[0.135025,-0.947739,-0.289066],[0.754138,0.287526,-0.590428],[0.642685,-0.138273,0.753549]],[[0.221283,-0.95774,-0.183761],[0.748235,0.287589,-0.597861],[0.625443,-0.00520048,0.780253]],[[0.221283,-0.95774,-0.183761],[0.173768,0.22414,-0.95894],[0.959603,0.180265,0.216023]],[[0.221283,-0.95774,-0.183761],[-0.357568,0.0956279,-0.928978],[0.907292,0.271274,-0.321296]]],4]],[[0,200,0],[235.247,235.247,147.751]]],[54326,80464707376,[[8,"right",[-0.651511,0.377888,-0.657825],[-0.731893,-0.541296,0.413921],[-39.4195,135.115,46.2454],[30.9016,-57.4216,-61.9131],[-39.8872,137.665,49.3368],0,0.475986,0.389675,[[0.099441,-0.726499,-0.679935],[0.466771,0.637531,-0.612926],[0.87877,-0.256424,0.402505]],60.534,[223.857,46.7383,176.979],[-1.54742,112.511,73.7364]]],[[80,[-0.970315,0.0272748,-0.240302],8,49.5106,[-107.482,139.063,82.182],[-105.818,141.652,82.6365],[70.2449,295.563,132.942],false,[-12.3461,126.071,97.1631],[-12.3461,126.071,97.1631],[-57.9142,138.652,93.4082],[-89.3435,139.535,85.6247],[-110.914,144.257,83.0256],[[[0.607838,0.255634,-0.751788],[0.420888,0.699106,0.578018],[0.67334,-0.667759,0.317349]],[[0.216418,0.541417,-0.812423],[0.172657,0.797803,0.577667],[0.960912,-0.265288,0.0791799]],[[0.216418,0.541417,-0.812423],[-0.107945,0.840312,0.531247],[0.970315,-0.0272748,0.240302]],[[0.216418,0.541417,-0.812423],[0.109256,0.813486,0.571229],[0.970168,-0.212387,0.1169]]],0],[81,[-0.97907,-0.0782834,-0.187865],8,55.8671,[-115.843,178.129,28.2082],[-115.067,172.854,18.48],[51.2743,-76.2846,-168.71],false,[-3.84371,134.213,77.9659],[-58.1406,163.066,44.7376],[-82.7004,181.47,17.8324],[-105.182,179.673,13.5187],[-118.13,171.464,18.8497],[[[0.0874377,-0.677021,-0.730751],[0.623549,0.609276,-0.489867],[0.776879,-0.412827,0.47543]],[[0.185384,-0.723964,-0.664462],[0.776877,0.522042,-0.352043],[0.601743,-0.450942,0.659209]],[[0.185384,-0.723964,-0.664462],[0.0839913,0.685382,-0.723324],[0.97907,0.0782834,0.187865]],[[0.185384,-0.723964,-0.664462],[-0.573809,0.469175,-0.671281],[0.797732,0.505719,-0.32844]]],1],[82,[-0.979286,-0.104004,-0.173729],8,63.6561,[-118.669,154.967,-0.824234],[-117.839,153.19,-0.918715],[8.19849,-154.49,-140.513],false,[-2.25827,127.595,68.4515],[-52.53,148.5,30.6536],[-80.2306,162.159,-3.15288],[-106.686,159.349,-7.84608],[-121.291,152.121,-0.556346],[[[0.0840033,-0.820451,-0.565511],[0.64626,0.476834,-0.5958],[0.75848,-0.315418,0.57028]],[[0.177597,-0.853285,-0.490269],[0.77621,0.427703,-0.463215],[0.604944,-0.298286,0.738287]],[[0.177597,-0.853285,-0.490269],[0.0972503,0.510967,-0.854081],[0.979286,0.104004,0.173729]],[[0.177597,-0.853285,-0.490269],[-0.546932,0.328581,-0.77],[0.818123,0.404893,-0.408334]]],2],[83,[-0.964364,-0.209917,-0.161052],8,61.2071,[-111.136,123.117,-8.52257],[-111.011,123.521,-8.62237],[-70.8966,-332.69,111.061],false,[-1.32107,118.72,60.9299],[-44.392,130.59,21.6207],[-73.9648,133.208,-8.71445],[-99.3439,127.684,-12.9528],[-114.684,121.23,-6.78098],[[[0.145746,-0.891521,-0.428892],[0.674459,0.4067,-0.616197],[0.723784,-0.199462,0.66057]],[[0.252649,-0.911352,-0.324971],[0.671376,0.406978,-0.619373],[0.696723,-0.0616938,0.714683]],[[0.252649,-0.911352,-0.324971],[0.0785582,0.354079,-0.93191],[0.964364,0.209917,0.161052]],[[0.252649,-0.911352,-0.324971],[-0.435042,0.193003,-0.879482],[0.864238,0.363576,-0.347714]]],3],[84,[-0.965304,-0.186498,-0.182775],8,47.9852,[-89.3997,104.297,-8.16887],[-89.4607,104.625,-7.71917],[-87.7467,-359.832,147.032],false,[-2.81583,105.557,58.2273],[-38.6837,111.653,16.8656],[-60.1514,110.348,-8.93761],[-78.0876,106.882,-12.3337],[-92.8327,102.897,-6.43141],[[[0.115079,-0.963476,-0.241807],[0.750195,0.243855,-0.614608],[0.651126,-0.110674,0.750857]],[[0.211238,-0.969188,-0.126701],[0.739559,0.243236,-0.627606],[0.639086,0.0388712,0.768152]],[[0.211238,-0.969188,-0.126701],[0.153514,0.160914,-0.974956],[0.965304,0.186498,0.182775]],[[0.211238,-0.969188,-0.126701],[-0.380178,0.0379502,-0.924134],[0.900468,0.243381,-0.360448]]],4]],[[0,200,0],[235.247,235.247,147.751]]],[54327,80464716022,[[8,"right",[-0.649809,0.33974,-0.679945],[-0.746133,-0.455797,0.48532],[-36.793,134.077,44.4244],[103.316,-74.0316,-101.375],[-39.5971,137.328,48.8763],0,0.480226,0.284596,[[0.0416821,-0.797728,-0.601576],[0.477732,0.544724,-0.689237],[0.877516,-0.258663,0.403805]],60.534,[225.738,46.2141,176.909],[0.654609,112.561,73.3333]]],[[80,[-0.973993,0.0523038,-0.22046],8,49.5106,[-104.938,143.727,82.18],[-101.767,147.882,81.3663],[179.093,410.896,53.2893],false,[-8.81619,129.061,95.4097],[-8.81619,129.061,95.4097],[-53.7914,143.533,91.3357],[-85.3398,145.228,84.1948],[-106.715,150.756,81.575],[[[0.598924,0.142921,-0.787949],[0.470555,0.73335,0.490689],[0.647972,-0.664659,0.371969]],[[0.220618,0.440658,-0.870143],[0.227699,0.844205,0.485254],[0.94841,-0.305186,0.0859093]],[[0.220618,0.440658,-0.870143],[-0.0516358,0.89615,0.440737],[0.973993,-0.0523038,0.22046]],[[0.220618,0.440658,-0.870143],[0.164442,0.862549,0.478505],[0.961398,-0.248655,0.117831]]],0],[81,[-0.985486,-0.0443039,-0.163874],8,55.8671,[-115.6,177.863,27.4231],[-111.146,172.643,14.1323],[159.352,-65.5137,-260.54],false,[-0.450592,134.678,75.271],[-54.1452,162.648,40.3523],[-78.3443,179.347,12.0441],[-100.973,178.33,8.2812],[-114.238,171.465,14.6341],[[[0.0338712,-0.753972,-0.656032],[0.639241,0.520926,-0.565692],[0.76826,-0.400202,0.499614]],[[0.133326,-0.799548,-0.585616],[0.794156,0.43969,-0.419511],[0.592909,-0.409139,0.693588]],[[0.133326,-0.799548,-0.585616],[0.10508,0.598965,-0.793851],[0.985486,0.0443039,0.163874]],[[0.133326,-0.799548,-0.585616],[-0.560631,0.426419,-0.709831],[0.817262,0.422953,-0.391399]]],1],[82,[-0.986756,-0.0684255,-0.147074],8,63.6561,[-117.412,153.705,-2.23162],[-115.389,151.261,-3.09328],[82.9284,-177.125,-171.454],false,[0.545185,127.019,66.4851],[-49.6481,146.407,27.7842],[-77.36,157.882,-6.81521],[-104.017,156.034,-10.7884],[-118.834,150.419,-2.56446],[[[0.0278799,-0.878793,-0.476388],[0.652476,0.377046,-0.657352],[0.757296,-0.292505,0.583904]],[[0.122541,-0.908516,-0.399477],[0.786592,0.334353,-0.519116],[0.605191,-0.250612,0.755604]],[[0.122541,-0.908516,-0.399477],[0.106285,0.412209,-0.904869],[0.986756,0.0684255,0.147074]],[[0.122541,-0.908516,-0.399477],[-0.544154,0.275111,-0.792597],[0.829988,0.314503,-0.46066]]],2],[83,[-0.978327,-0.178805,-0.104424],8,61.2071,[-110.805,120.098,-6.46219],[-110.502,120.224,-6.73583],[-39.2344,-343.6,147.836],false,[0.836842,117.364,59.9352],[-42.6547,127.244,20.5387],[-73.1623,128.03,-8.9621],[-98.9088,123.325,-11.7102],[-114.27,118.335,-4.34902],[[[0.0897521,-0.938165,-0.33435],[0.676609,0.30378,-0.670759],[0.730852,-0.166023,0.662036]],[[0.198724,-0.952466,-0.230905],[0.666269,0.30408,-0.680897],[0.718745,-0.0185338,0.695027]],[[0.198724,-0.952466,-0.230905],[0.0581736,0.246652,-0.967357],[0.978327,0.178805,0.104424]],[[0.198724,-0.952466,-0.230905],[-0.459916,0.117419,-0.880165],[0.86544,0.281107,-0.41472]]],3],[84,[-0.977099,-0.166827,-0.132082],8,47.9852,[-89.6389,99.9985,-5.14223],[-89.6833,100.045,-4.60025],[-72.1556,-410.723,209.869],false,[-1.37953,104.085,58.6869],[-38.0208,107.64,17.7084],[-60.2427,104.173,-7.24219],[-78.3981,101.073,-9.69639],[-93.0655,98.4383,-2.90933],[[[0.0606996,-0.988286,-0.140024],[0.744225,0.138294,-0.653455],[0.665165,-0.0645451,0.743902]],[[0.17021,-0.985299,-0.