{"metadata":{"formatVersion":2,"generatedBy":"LeapJS Playback 0.2.1","frames":109,"protocolVersion":6,"serviceVersion":"2.2.5+26752","frameRate":"1.1e+2","modified":"Wed Apr 22 2015 19:56:21 GMT-0300 (E. South America Standard Time)"},"frames":[["id","timestamp",{"hands":[["id","type","direction","palmNormal","palmPosition","palmVelocity","stabilizedPalmPosition","pinchStrength","grabStrength","confidence","armBasis","armWidth","elbow","wrist"]]},{"pointables":[["id","direction","handId","length","stabilizedTipPosition","tipPosition","tipVelocity","tool","carpPosition","mcpPosition","pipPosition","dipPosition","btipPosition","bases","type"]]},{"interactionBox":["center","size"]}],[75615,80652439557,[[13,"right",[-0.481145,0.718678,-0.501998],[-0.82163,-0.569352,-0.0276045],[44.7414,116.169,39.3972],[11.9187,40.1549,-17.2086],[43.5618,113.064,40.7092],0,0.49313,0.967931,[[0.579612,-0.48309,-0.656257],[0.446502,0.861952,-0.240153],[0.681678,-0.153824,0.715299]],62.7539,[257.382,36.4715,249.925],[76.1195,77.3743,59.7221]]],[[130,[-0.889049,0.259085,-0.377447],13,51.3262,[-29.4736,104.621,49.3688],[-29.2527,107.225,49.32],[-0.311355,91.0637,18.5644],false,[60.4205,80.1037,85.3898],[60.4205,80.1037,85.3898],[16.418,93.6472,68.1523],[-13.4351,102.347,55.4781],[-34.2304,109.238,48.3145],[[[0.763995,0.488854,-0.42111],[0.309231,0.295401,0.903944],[0.566293,-0.820829,0.074516]],[[0.410598,0.815896,-0.40709],[-0.173932,0.508346,0.843405],[0.895074,-0.275494,0.350636]],[[0.410598,0.815896,-0.40709],[-0.202487,0.516902,0.831752],[0.889049,-0.259085,0.377447]],[[0.410598,0.815896,-0.40709],[-0.131872,0.494903,0.858884],[0.90223,-0.298972,0.310799]]],0],[131,[-0.891364,0.234176,-0.388113],13,57.9159,[-28.7487,174.764,24.503],[-26.1631,177.956,17.3682],[31.7587,42.0372,-82.7183],false,[73.5999,95.4706,73.765],[27.1061,144.918,48.4091],[7.50419,177.109,29.1818],[-13.7138,182.684,19.9432],[-29.3988,177.46,16.8085],[[[0.220528,-0.272841,-0.936443],[0.734567,0.67809,-0.0245804],[0.6417,-0.68246,0.349958]],[[0.294626,-0.351378,-0.888667],[0.835802,0.54559,0.0613734],[0.463282,-0.760832,0.454427]],[[0.294626,-0.351378,-0.888667],[0.344479,0.906474,-0.244211],[0.891364,-0.234176,0.388113]],[[0.294626,-0.351378,-0.888667],[-0.210413,0.883268,-0.419003],[0.93216,0.310436,0.186299]]],1],[132,[-0.926112,0.108722,-0.361242],13,65.9905,[-29.2984,166.284,-1.5021],[-26.9118,165.775,-9.13667],[9.84621,-18.6202,-60.7792],false,[77.1046,93.7303,62.2871],[35.4309,137.549,29.6635],[11.8628,167.798,1.68267],[-14.0733,170.843,-8.43399],[-31.1489,163.718,-8.85355],[[[0.176718,-0.474109,-0.86255],[0.775185,0.607054,-0.174854],[0.606514,-0.637736,0.474799]],[[0.247776,-0.546768,-0.799782],[0.831928,0.543135,-0.113577],[0.49649,-0.637219,0.589448]],[[0.247776,-0.546768,-0.799782],[0.28447,0.830195,-0.47943],[0.926112,-0.108722,0.361242]],[[0.247776,-0.546768,-0.799782],[-0.295485,0.743541,-0.599862],[0.922657,0.384955,0.02267]]],2],[133,[-0.903466,0.0956361,-0.417856],13,63.4516,[-14.99,148.553,-23.711],[-12.8888,146.767,-28.0137],[16.7266,-32.4095,-40.141],false,[79.4295,89.0758,51.3638],[45.0663,124.392,14.2472],[25.2393,149.268,-16.1546],[0.591004,151.877,-27.5545],[-16.7033,145.609,-28.0037],[[[0.205102,-0.607193,-0.767626],[0.804769,0.55099,-0.220808],[0.557028,-0.572473,0.60166]],[[0.257185,-0.658921,-0.70688],[0.854882,0.496207,-0.151509],[0.450591,-0.565334,0.690916]],[[0.257185,-0.658921,-0.70688],[0.342937,0.746108,-0.570716],[0.903466,-0.0956361,0.417856]],[[0.257185,-0.658921,-0.70688],[-0.224716,0.670655,-0.706912],[0.939872,0.340654,0.0244118]]],3],[134,[-0.925191,0.122829,-0.359075],13,49.7449,[2.58697,127.844,-25.0192],[5.5433,125.708,-29.0513],[21.8328,-32.1874,-32.1097],false,[78.0673,78.5573,42.2004],[51.2508,108.602,1.71243],[36.224,126.862,-23.8497],[18.4027,129.228,-30.7663],[2.12364,124.743,-29.022],[[[0.132384,-0.752007,-0.645724],[0.872902,0.397086,-0.283485],[0.469591,-0.526126,0.708997]],[[0.142949,-0.76369,-0.629558],[0.890705,0.3766,-0.254591],[0.43152,-0.524357,0.734057]],[[0.142949,-0.76369,-0.629558],[0.35155,0.633791,-0.689001],[0.925191,-0.122829,0.359075]],[[0.142949,-0.76369,-0.629558],[-0.244806,0.589043,-0.770129],[0.958976,0.264209,-0.102753]]],4]],[[0,200,0],[235.247,235.247,147.751]]],[75616,80652448151,[[13,"right",[-0.478755,0.716891,-0.506814],[-0.822792,-0.567755,-0.0258527],[44.8034,116.387,39.3454],[10.6774,36.2516,-14.2562],[43.6556,113.315,40.6062],0,0.494381,0.970013,[[0.576199,-0.487651,-0.655889],[0.44995,0.859206,-0.243535],[0.682304,-0.154793,0.714493]],62.7539,[257.493,36.4793,249.928],[76.0641,77.6397,59.9397]]],[[130,[-0.888585,0.260445,-0.377605],13,51.3262,[-29.4751,105.301,49.5043],[-29.2784,107.778,49.4056],[-1.27539,84.6262,17.4936],false,[60.327,80.5451,85.5648],[60.327,80.5451,85.5648],[16.3544,94.153,68.3018],[-13.4831,102.898,55.6223],[-34.2603,109.817,48.4334],[[[0.765753,0.484884,-0.422505],[0.308313,0.299771,0.902818],[0.564417,-0.821599,0.0800546]],[[0.412854,0.812849,-0.410888],[-0.171701,0.512501,0.841345],[0.894466,-0.276803,0.351155]],[[0.412854,0.812849,-0.410888],[-0.199922,0.521004,0.829811],[0.888585,-0.260445,0.377605]],[[0.412854,0.812849,-0.410888],[-0.130182,0.499162,0.856674],[0.901446,-0.300191,0.311899]]],0],[131,[-0.891016,0.232566,-0.389876],13,57.9159,[-28.6685,174.868,24.3129],[-25.9504,178.193,16.9019],[28.6631,36.4156,-74.7387],false,[73.559,95.8191,73.8774],[27.214,145.223,48.1669],[7.66789,177.337,28.7547],[-13.5418,182.873,19.4741],[-29.2266,177.635,16.3627],[[[0.221548,-0.278514,-0.93453],[0.73605,0.676386,-0.0270859],[0.639646,-0.68186,0.354852]],[[0.2949,-0.356416,-0.886567],[0.836436,0.54486,0.0591813],[0.461962,-0.759009,0.458799]],[[0.2949,-0.356416,-0.886567],[0.345143,0.90492,-0.248989],[0.891016,-0.232566,0.389876]],[[0.2949,-0.356416,-0.886567],[-0.210089,0.88094,-0.424036],[0.932146,0.311306,0.184911]]],1],[132,[-0.926556,0.105606,-0.361029],13,65.9905,[-29.2847,166.278,-1.54946],[-26.7704,165.723,-9.46229],[10.6389,-16.3493,-53.8991],false,[77.0796,94.0075,62.4154],[35.5551,137.732,29.477],[11.9784,167.819,1.32899],[-13.97,170.776,-8.78171],[-31.0364,163.626,-9.13717],[[[0.177183,-0.479274,-0.859594],[0.776773,0.604428,-0.176892],[0.604342,-0.636367,0.479382]],[[0.247588,-0.551345,-0.796693],[0.831877,0.542505,-0.116915],[0.49667,-0.633804,0.592969]],[[0.247588,-0.551345,-0.796693],[0.283187,0.827566,-0.484705],[0.926556,-0.105606,0.361029]],[[0.247588,-0.551345,-0.796693],[-0.297212,0.739428,-0.60408],[0.922153,0.386349,0.019207]]],2],[133,[-0.903317,0.0918563,-0.419024],13,63.4516,[-14.9175,148.503,-23.8385],[-12.6054,146.629,-28.305],[21.0963,-30.9901,-38.5272],false,[79.4133,89.2874,51.5222],[45.1889,124.469,14.1507],[25.5078,149.18,-16.4797],[0.863474,151.686,-27.9115],[-16.4133,145.364,-28.2769],[[[0.205122,-0.611889,-0.763883],[0.806316,0.548047,-0.222482],[0.554778,-0.570295,0.605792]],[[0.257905,-0.664262,-0.701599],[0.856405,0.493339,-0.152274],[0.447276,-0.561581,0.696111]],[[0.257905,-0.664262,-0.701599],[0.342788,0.741835,-0.576349],[0.903317,-0.0918563,0.419024]],[[0.257905,-0.664262,-0.701599],[-0.227859,0.663865,-0.712295],[0.938917,0.34357,0.0198562]]],3],[134,[-0.926747,0.117047,-0.356988],13,49.7449,[2.69392,127.767,-25.1595],[5.69497,125.452,-29.1412],[18.3363,-35.0308,-23.5469],false,[78.0444,78.721,42.4151],[51.3612,108.597,1.71458],[36.3055,126.648,-23.9787],[18.4543,128.902,-30.8551],[2.20409,124.361,-28.9919],[[[0.131888,-0.755867,-0.641304],[0.874229,0.393653,-0.284185],[0.467257,-0.523166,0.712719]],[[0.143228,-0.768384,-0.623756],[0.890259,0.375356,-0.257966],[0.432347,-0.518356,0.737823]],[[0.143228,-0.768384,-0.623756],[0.347313,0.629194,-0.695333],[0.926747,-0.117047,0.356988]],[[0.143228,-0.768384,-0.623756],[-0.251216,0.581385,-0.773874],[0.957275,0.267538,-0.10976]]],4]],[[0,200,0],[235.247,235.247,147.751]]],[75617,80652456867,[[13,"right",[-0.476636,0.715438,-0.510849],[-0.823792,-0.56636,-0.0245584],[44.8473,116.578,39.3105],[9.16957,32.4083,-11.5179],[43.7437,113.556,40.5104],0,0.495756,0.972172,[[0.573329,-0.49134,-0.655652],[0.452718,0.856955,-0.24632],[0.682891,-0.155603,0.713756]],62.7539,[257.589,36.492,249.924],[76.0042,77.8678,60.1315]]],[[130,[-0.888273,0.261926,-0.377315],13,51.3262,[-29.486,105.939,49.6419],[-29.3222,108.28,49.5256],[-2.55092,78.008,17.7571],false,[60.2321,80.9194,85.718],[60.2321,80.9194,85.718],[16.2817,94.596,68.4525],[-13.5453,103.391,55.7828],[-34.3102,110.348,48.5946],[[[0.767308,0.48154,-0.423505],[0.307439,0.303338,0.901924],[0.562778,-0.822256,0.0847093]],[[0.414765,0.810336,-0.413915],[-0.169442,0.515713,0.839839],[0.894013,-0.278201,0.351204]],[[0.414765,0.810336,-0.413915],[-0.197337,0.524167,0.828437],[0.888273,-0.261926,0.377315]],[[0.414765,0.810336,-0.413915],[-0.127787,0.502252,0.855227],[0.900911,-0.301825,0.311867]]],0],[131,[-0.890738,0.23108,-0.391392],13,57.9159,[-28.5993,174.957,24.1479],[-25.7738,178.399,16.5187],[25.3276,31.3122,-66.1292],false,[73.5105,96.1154,73.9818],[27.297,145.486,47.972],[7.801,177.536,28.4049],[-13.4021,183.037,19.0882],[-29.0852,177.782,15.9967],[[[0.222509,-0.283197,-0.932893],[0.737334,0.674905,-0.0290143],[0.637831,-0.681397,0.358983]],[[0.295229,-0.360574,-0.884774],[0.836972,0.544217,0.0574929],[0.460779,-0.757505,0.46246]],[[0.295229,-0.360574,-0.884774],[0.345579,0.903653,-0.252956],[0.890738,-0.23108,0.391392]],[[0.295229,-0.360574,-0.884774],[-0.210071,0.878892,-0.428273],[0.932046,0.312305,0.183728]]],1],[132,[-0.926375,0.104543,-0.3618],13,65.9905,[-29.2734,166.273,-1.58756],[-26.6219,165.753,-9.76486],[12.0151,-10.9705,-48.5017],false,[77.0459,94.2449,62.5338],[35.6539,137.895,29.3298],[12.1146,167.874,1.03664],[-13.8288,170.802,-9.09567],[-30.8998,163.661,-9.42485],[[[0.177658,-0.48353,-0.857109],[0.778161,0.602188,-0.178425],[0.602414,-0.635271,0.483247]],[[0.247496,-0.555109,-0.794103],[0.832375,0.541295,-0.118962],[0.495881,-0.631549,0.596027]],[[0.247496,-0.555109,-0.794103],[0.283856,0.825182,-0.488365],[0.926375,-0.104543,0.3618]],[[0.247496,-0.555109,-0.794103],[-0.296501,0.736888,-0.607522],[0.922406,0.385812,0.0177869]]],2],[133,[-0.903661,0.0869528,-0.419328],13,63.4516,[-14.8368,148.445,-23.974],[-12.3635,146.459,-28.5192],[22.7449,-31.5299,-34.5352],false,[79.388,89.4707,51.666],[45.2874,124.543,14.0797],[25.7319,149.092,-16.7609],[1.07825,151.464,-28.201],[-16.1688,145.056,-28.4574],[[[0.205201,-0.615755,-0.760748],[0.807672,0.545545,-0.22371],[0.552773,-0.56853,0.609275]],[[0.258915,-0.669013,-0.696696],[0.857586,0.491096,-0.152875],[0.44442,-0.557895,0.700888]],[[0.258915,-0.669013,-0.696696],[0.341116,0.738147,-0.582047],[0.903661,-0.0869528,0.419328]],[[0.258915,-0.669013,-0.696696],[-0.233296,0.656622,-0.717232],[0.937302,0.348239,0.0139315]]],3],[134,[-0.927641,0.113017,-0.355964],13,49.7449,[2.81169,127.675,-25.3095],[5.84868,125.271,-29.2225],[16.8595,-33.4711,-17.783],false,[78.0141,78.8652,42.6053],[51.4501,108.603,1.72614],[36.4173,126.502,-24.0866],[18.5488,128.679,-30.9433],[2.32083,124.097,-28.9879],[[[0.131509,-0.759037,-0.637627],[0.875398,0.390745,-0.284598],[0.46517,-0.520751,0.715846]],[[0.143444,-0.772195,-0.618983],[0.890543,0.373537,-0.25962],[0.43169,-0.51399,0.741254]],[[0.143444,-0.772195,-0.618983],[0.344829,0.625254,-0.700107],[0.927641,-0.113017,0.355964]],[[0.143444,-0.772195,-0.618983],[-0.256024,0.575204,-0.776912],[0.955968,0.269917,-0.115191]]],4]],[[0,200,0],[235.247,235.247,147.751]]],[75618,80652465493,[[13,"right",[-0.474825,0.713495,-0.515235],[-0.824423,-0.565494,-0.0233307],[44.847,116.739,39.3044],[6.7328,28.768,-8.65353],[43.8221,113.782,40.4247],0,0.498445,0.972884,[[0.570389,-0.494852,-0.655575],[0.455334,0.854778,-0.24905],[0.683614,-0.15645,0.712879]],62.7539,[257.696,36.4932,249.932],[75.9186,78.0942,60.3729]]],[[130,[-0.887943,0.26255,-0.377656],13,51.3262,[-29.5097,106.51,49.7713],[-29.4016,108.692,49.6253],[-4.51267,70.3745,16.954],false,[60.1024,81.2897,85.9145],[60.1024,81.2897,85.9145],[16.1756,94.9876,68.6062],[-13.6404,103.804,55.925],[-34.3933,110.776,48.7171],[[[0.768674,0.47855,-0.424418],[0.306117,0.307382,0.901004],[0.561634,-0.8225,0.0897844]],[[0.416279,0.807941,-0.417065],[-0.168248,0.519224,0.837914],[0.893535,-0.278636,0.352076]],[[0.416279,0.807941,-0.417065],[-0.195623,0.52754,0.8267],[0.887943,-0.26255,0.377656]],[[0.416279,0.807941,-0.417065],[-0.126509,0.505703,0.853381],[0.900393,-0.302482,0.312726]]],0],[131,[-0.890943,0.227799,-0.392847],13,57.9159,[-28.5446,175.027,24.013],[-25.6859,178.49,16.1413],[19.8822,23.3761,-59.6585],false,[73.4209,96.4123,74.1291],[27.3152,145.709,47.7916],[7.83757,177.668,28.0559],[-13.3704,183.09,18.7046],[-29.0413,177.781,15.6442],[[[0.223912,-0.288023,-0.931078],[0.738194,0.673879,-0.0309342],[0.636343,-0.68039,0.363506]],[[0.295992,-0.364766,-0.882799],[0.836942,0.544455,0.0556515],[0.460345,-0.755324,0.466442]],[[0.295992,-0.364766,-0.882799],[0.344398,0.902803,-0.257559],[0.890943,-0.227799,0.392847]],[[0.295992,-0.364766,-0.882799],[-0.21221,0.876004,-0.43311],[0.931319,0.315536,0.181883]]],1],[132,[-0.927477,0.0992693,-0.36046],13,65.9905,[-29.2641,166.268,-1.61982],[-26.5962,165.55,-9.96466],[8.66818,-15.9812,-40.3687],false,[76.9754,94.4816,62.697],[35.6978,138.017,29.2024],[12.1134,167.83,0.770901],[-13.8608,170.61,-9.32389],[-30.8972,163.384,-9.55601],[[[0.178678,-0.487929,-0.8544],[0.779213,0.600382,-0.17991],[0.60075,-0.633614,0.487477]],[[0.247788,-0.55876,-0.791447],[0.831721,0.541625,-0.121989],[0.49683,-0.628036,0.598941]],[[0.247788,-0.55876,-0.791447],[0.279977,0.823367,-0.493639],[0.927477,-0.0992693,0.36046]],[[0.247788,-0.55876,-0.791447],[-0.302017,0.731663,-0.611109],[0.920536,0.390456,0.0125423]]],2],[133,[-0.90397,0.0808982,-0.419873],13,63.4516,[-14.7478,148.371,-24.1205],[-12.1747,146.169,-28.7304],[22.2032,-35.831,-31.7235],false,[79.3322,89.6515,51.8571],[45.3437,124.58,14.0358],[25.8917,148.92,-17.0348],[1.22964,151.127,-28.4897],[-15.9821,144.622,-28.6391],[[[0.205884,-0.619715,-0.757341],[0.808742,0.543483,-0.224862],[0.550953,-0.566198,0.613083]],[[0.260735,-0.673976,-0.691211],[0.85825,0.489672,-0.153718],[0.442069,-0.553152,0.706115]],[[0.260735,-0.673976,-0.691211],[0.338902,0.73431,-0.588162],[0.90397,-0.0808982,0.419873]],[[0.260735,-0.673976,-0.691211],[-0.238897,0.648665,-0.722607],[0.935385,0.353538,0.00811893]]],3],[134,[-0.928412,0.108716,-0.355291],13,49.7449,[2.93957,127.566,-25.4678],[5.9751,125.025,-29.2809],[15.246,-33.9752,-13.0407],false,[77.9624,79.0034,42.8458],[51.5104,108.573,1.77197],[36.5068,126.315,-24.1656],[18.6235,128.409,-31.0093],[2.41915,123.781,-28.9668],[[[0.13179,-0.762304,-0.633659],[0.876396,0.388307,-0.284865],[0.463208,-0.517794,0.719255]],[[0.144165,-0.775916,-0.614143],[0.890833,0.371984,-0.260854],[0.430852,-0.509493,0.744838]],[[0.144165,-0.775916,-0.614143],[0.342443,0.621398,-0.704696],[0.928412,-0.108716,0.355291]],[[0.144165,-0.775916,-0.614143],[-0.260772,0.5689,-0.779969],[0.954576,0.272595,-0.120322]]],4]],[[0,200,0],[235.247,235.247,147.751]]],[75619,80652474232,[[13,"right",[-0.472608,0.711697,-0.51974],[-0.825419,-0.564096,-0.0218685],[44.8432,116.914,39.3232],[4.81267,26.4407,-5.76002],[43.8942,114.003,40.3469],0,0.499537,0.974054,[[0.56708,-0.498772,-0.655474],[0.458153,0.852342,-0.252206],[0.684482,-0.157287,0.711861]],62.7539,[257.815,36.4985,249.933],[75.8066,78.322,60.6452]]],[[130,[-0.887491,0.263659,-0.377945],13,51.3262,[-29.545,107.051,49.9045],[-29.4906,109.177,49.7708],[-6.22334,66.8003,17.7461],false,[59.9517,81.6781,86.1422],[59.9517,81.6781,86.1422],[16.0542,95.4239,68.7973],[-13.7466,104.277,56.1064],[-34.4853,111.281,48.8889],[[[0.770295,0.474947,-0.425524],[0.305103,0.311463,0.899946],[0.559962,-0.823053,0.095011]],[[0.418254,0.805158,-0.420457],[-0.166512,0.52301,0.835904],[0.892937,-0.279609,0.35282]],[[0.418254,0.805158,-0.420457],[-0.193448,0.531229,0.824848],[0.887491,-0.263659,0.377945]],[[0.418254,0.805158,-0.420457],[-0.124359,0.50929,0.851563],[0.899777,-0.303882,0.313141]]],0],[131,[-0.89043,0.226292,-0.394876],13,57.9159,[-28.4993,175.085,23.8998],[-25.5499,178.662,15.7542],[17.9139,21.0666,-55.3672],false,[73.3186,96.7153,74.3025],[27.3499,145.96,47.6301],[7.93406,177.842,27.7105],[-13.2617,183.229,18.3109],[-28.9315,177.907,15.2666],[[[0.225012,-0.29323,-0.929186],[0.739486,0.672358,-0.0331061],[0.634453,-0.67967,0.368128]],[[0.296595,-0.369566,-0.880598],[0.837531,0.543725,0.0539003],[0.458884,-0.753514,0.470789]],[[0.296595,-0.369566,-0.880598],[0.345205,0.901228,-0.261956],[0.89043,-0.226292,0.394876]],[[0.296595,-0.369566,-0.880598],[-0.211644,0.873724,-0.437965],[0.931256,0.316271,0.180925]]],1],[132,[-0.928534,0.0943731,-0.359052],13,65.9905,[-29.2549,166.262,-1.65111],[-26.5301,165.387,-10.1393],[7.91524,-18.1255,-33.6873],false,[76.8896,94.7192,62.8867],[35.7508,138.157,29.0956],[12.1668,167.824,0.511387],[-13.837,170.467,-9.54395],[-30.8379,163.154,-9.66527],[[[0.179277,-0.492655,-0.851558],[0.780631,0.598019,-0.181629],[0.598728,-0.63219,0.491793]],[[0.247718,-0.56286,-0.788558],[0.831747,0.540939,-0.124829],[0.496823,-0.624958,0.602157]],[[0.247718,-0.56286,-0.788558],[0.276515,0.821147,-0.499257],[0.928534,-0.0943731,0.359052]],[[0.247718,-0.56286,-0.788558],[-0.307871,0.726004,-0.614925],[0.918614,0.395102,0.00655553]]],2],[133,[-0.905821,0.0737302,-0.417195],13,63.4516,[-14.6458,148.27,-24.2869],[-12.0853,145.843,-28.7847],[16.5946,-40.3966,-22.6217],false,[79.2564,89.829,52.076],[45.3986,124.625,14.0155],[25.9202,148.742,-17.2119],[1.20759,150.753,-28.5938],[-15.9612,144.134,-28.5823],[[[0.20607,-0.623987,-0.753774],[0.810133,0.540835,-0.226235],[0.548835,-0.564037,0.616963]],[[0.261088,-0.67837,-0.686766],[0.857833,0.489298,-0.157194],[0.442669,-0.548089,0.709678]],[[0.261088,-0.67837,-0.686766],[0.333648,0.731012,-0.595232],[0.905821,-0.0737302,0.417195]],[[0.261088,-0.67837,-0.686766],[-0.247481,0.640625,-0.726879],[0.933052,0.359741,-0.000624614]]],3],[134,[-0.929698,0.104011,-0.353332],13,49.7449,[3.08244,127.433,-25.6373],[6.08338,124.769,-29.2725],[13.2086,-34.7613,-6.95484],false,[77.8829,79.1371,43.1173],[51.5573,108.542,1.84515],[36.574,126.125,-24.2124],[18.6659,128.129,-31.0184],[2.49317,123.446,-28.8542],[[[0.131498,-0.765801,-0.629489],[0.877606,0.385228,-0.285318],[0.460994,-0.514925,0.722729]],[[0.144265,-0.779823,-0.609151],[0.891098,0.37005,-0.262693],[0.43027,-0.504915,0.748283]],[[0.144265,-0.779823,-0.609151],[0.338895,0.617299,-0.709994],[0.929698,-0.104011,0.353332]],[[0.144265,-0.779823,-0.609151],[-0.267447,0.561953,-0.78274],[0.952712,0.275837,-0.127491]]],4]],[[0,200,0],[235.247,235.247,147.751]]],[75620,80652482830,[[13,"right",[-0.470259,0.709783,-0.524466],[-0.826515,-0.562551,-0.020237],[44.8282,117.104,39.3364],[3.08198,25.2946,-3.83338],[43.9582,114.216,40.2777],0,0.500101,0.97493,[[0.563599,-0.502926,-0.655303],[0.461005,0.849766,-0.25568],[0.685442,-0.157997,0.710778]],62.7539,[257.94,36.555,249.925],[75.6763,78.5674,60.9242]]],[[130,[-0.887161,0.265183,-0.377654],13,51.3262,[-29.5916,107.563,50.0419],[-29.5998,109.709,49.9419],[-8.2125,66.0436,19.3974],false,[59.7834,82.0951,86.3744],[59.7834,82.0951,86.3744],[15.911,95.907,69.0185],[-13.8787,104.811,56.3374],[-34.5994,111.836,49.0879],[[[0.771997,0.471062,-0.426757],[0.304149,0.31578,0.898764],[0.558134,-0.823641,0.100508]],[[0.420308,0.802182,-0.424081],[-0.164057,0.526848,0.833976],[0.892427,-0.280953,0.353042]],[[0.420308,0.802182,-0.424081],[-0.190488,0.53496,0.823123],[0.887161,-0.265183,0.377654]],[[0.420308,0.802182,-0.424081],[-0.12307,0.513448,0.84925],[0.898997,-0.304755,0.314531]]],0],[131,[-0.889534,0.225527,-0.397325],13,57.9159,[-28.4619,175.133,23.8051],[-25.4017,178.865,15.3256],[17.3887,21.1663,-53.858],false,[73.2014,97.0404,74.4761],[27.3789,146.23,47.4531],[8.05212,178.042,27.3348],[-13.1223,183.41,17.8769],[-28.7953,178.092,14.8418],[[[0.226053,-0.29877,-0.927166],[0.740896,0.670682,-0.0354817],[0.632434,-0.678913,0.372967]],[[0.297225,-0.3748,-0.87817],[0.838457,0.542456,0.0522652],[0.456779,-0.751842,0.475485]],[[0.297225,-0.3748,-0.87817],[0.346968,0.899257,-0.266365],[0.889534,-0.225527,0.397325]],[[0.297225,-0.3748,-0.87817],[-0.209917,0.871581,-0.443036],[0.931446,0.316024,0.180379]]],1],[132,[-0.929822,0.0886927,-0.357163],13,65.9905,[-29.2453,166.255,-1.68485],[-26.5125,165.182,-10.3098],[5.31827,-21.5207,-28.8187],false,[76.7884,94.9745,63.0778],[35.7967,138.309,28.9765],[12.1583,167.782,0.237483],[-13.8816,170.266,-9.76496],[-30.846,162.868,-9.76957],[[[0.17978,-0.497674,-0.848528],[0.782152,0.595448,-0.183522],[0.596588,-0.630684,0.496307]],[[0.247584,-0.567288,-0.785421],[0.831101,0.541007,-0.128771],[0.497969,-0.620882,0.605419]],[[0.247584,-0.567288,-0.785421],[0.272276,0.818729,-0.505518],[0.929822,-0.0886927,0.357163]],[[0.247584,-0.567288,-0.785421],[-0.313798,0.720012,-0.618962],[0.916642,0.399709,0.000249242]]],2],[133,[-0.90766,0.0668713,-0.414345],13,63.4516,[-14.5299,148.136,-24.4739],[-12.0017,145.52,-28.8344],[12.7495,-43.0796,-15.9336],false,[79.1643,90.0203,52.2983],[45.4436,124.675,13.9878],[25.9543,148.579,-17.3962],[1.19149,150.403,-28.7004],[-15.9337,143.674,-28.5203],[[[0.206136,-0.628522,-0.749978],[0.811617,0.537961,-0.227762],[0.546613,-0.561745,0.621013]],[[0.26115,-0.682858,-0.682279],[0.857685,0.488456,-0.160582],[0.442919,-0.543245,0.713238]],[[0.26115,-0.682858,-0.682279],[0.328564,0.727484,-0.60234],[0.90766,-0.0668713,0.414345]],[[0.26115,-0.682858,-0.682279],[-0.256192,0.632429,-0.731026],[0.930681,0.365702,-0.00978352]]],3],[134,[-0.930886,0.0992603,-0.351565],13,49.7449,[3.2345,127.279,-25.8111],[6.18024,124.501,-29.2713],[11.5531,-35.8082,-3.05388],false,[77.785,79.2823,43.3958],[51.5913,108.514,1.9167],[36.6328,125.921,-24.2724],[18.7018,127.833,-31.0443],[2.55995,123.102,-28.7591],[[[0.13106,-0.769503,-0.625051],[0.878881,0.381898,-0.285873],[0.458685,-0.511879,0.726353]],[[0.144364,-0.784085,-0.60363],[0.891425,0.367864,-0.264644],[0.429557,-0.499886,0.75206]],[[0.144364,-0.784085,-0.60363],[0.335574,0.612664,-0.715565],[0.930886,-0.0992603,0.351565]],[[0.144364,-0.784085,-0.60363],[-0.273788,0.554554,-0.785818],[0.950894,0.278711,-0.134615]]],4]],[[0,200,0],[235.247,235.247,147.751]]],[75621,80652508860,[[13,"right",[-0.464796,0.704182,-0.536742],[-0.828647,-0.559528,-0.0165025],[44.7131,117.402,39.4625],[-1.45767,16.9312,1.41613],[44.0965,114.799,40.1284],0,0.501133,0.977261,[[0.554994,-0.512701,-0.655072],[0.467392,0.843622,-0.264285],[0.688133,-0.159499,0.707837]],62.7539,[258.278,36.6406,249.963],[75.2988,79.0523,61.7444]]],[[130,[-0.886173,0.267327,-0.378463],13,51.3262,[-29.8051,108.89,50.4677],[-29.93,110.74,50.333],[-11.5919,51.1907,18.9458],false,[59.2935,82.9998,87.0621],[59.2935,82.9998,87.0621],[15.4819,96.9162,69.6362],[-14.2746,105.893,56.928],[-34.9477,112.915,49.542],[[[0.775993,0.461978,-0.429432],[0.300926,0.327186,0.895764],[0.554327,-0.824333,0.114873]],[[0.424778,0.794989,-0.433079],[-0.159202,0.536525,0.828731],[0.89119,-0.28308,0.354468]],[[0.424778,0.794989,-0.433079],[-0.1851,0.544545,0.818052],[0.886173,-0.267327,0.378463]],[[0.424778,0.794989,-0.433079],[-0.122806,0.524562,0.842469],[0.89693,-0.304677,0.320451]]],0],[131,[-0.887004,0.222928,-0.404385],13,57.9159,[-28.405,175.204,23.654],[-25.1499,179.101,14.2651],[12.4088,13.3246,-45.88],false,[72.8303,97.7235,75.023],[27.3402,146.708,47.0815],[8.23223,178.315,26.4378],[-12.8819,183.621,16.8119],[-28.5576,178.307,13.7851],[[[0.229474,-0.312661,-0.921729],[0.743741,0.6672,-0.0411595],[0.627846,-0.676083,0.385644]],[[0.299823,-0.387983,-0.871536],[0.840332,0.539876,0.0487502],[0.451607,-0.746996,0.487902]],[[0.299823,-0.387983,-0.871536],[0.351185,0.8943,-0.277304],[0.887004,-0.222928,0.404385]],[[0.299823,-0.387983,-0.871536],[-0.20548,0.865858,-0.456144],[0.931603,0.315846,0.179881]]],1],[132,[-0.930399,0.0803818,-0.357627],13,65.9905,[-29.2052,166.219,-1.82855],[-26.3744,164.72,-10.9227],[4.70496,-20.3973,-24.4489],false,[76.4657,95.4835,63.673],[35.8182,138.495,28.7606],[12.2553,167.573,-0.439557],[-13.8008,169.824,-10.455],[-30.7246,162.336,-10.2934],[[[0.182014,-0.510257,-0.840541],[0.785433,0.58973,-0.187919],[0.591579,-0.625984,0.508112]],[[0.248594,-0.578617,-0.776791],[0.831751,0.5385,-0.134936],[0.496379,-0.612552,0.615133]],[[0.248594,-0.578617,-0.776791],[0.269369,0.811629,-0.518362],[0.930399,-0.0803818,0.357627]],[[0.248594,-0.578617,-0.776791],[-0.319341,0.708168,-0.629698],[0.914452,0.4046,-0.00872983]]],2],[133,[-0.90685,0.060433,-0.417099],13,63.4516,[-14.0688,147.555,-25.2025],[-11.6776,144.905,-29.2665],[12.1917,-32.5948,-15.687],false,[78.8755,90.369,52.9762],[45.4851,124.613,14.0136],[26.2291,148.108,-17.8201],[1.48842,149.757,-29.1994],[-15.6226,142.996,-28.8961],[[[0.207356,-0.639809,-0.740032],[0.814888,0.531512,-0.231199],[0.541259,-0.555103,0.631585]],[[0.26225,-0.693815,-0.670706],[0.860068,0.483238,-0.163595],[0.437615,-0.53395,0.723457]],[[0.26225,-0.693815,-0.670706],[0.329922,0.717614,-0.613337],[0.90685,-0.060433,0.417099]],[[0.26225,-0.693815,-0.670706],[-0.257866,0.619373,-0.74154],[0.929908,0.367422,-0.0164809]]],3],[134,[-0.931948,0.0907945,-0.35104],13,49.7449,[3.76627,126.62,-26.3723],[6.38552,123.733,-29.2624],[7.98108,-34.0629,1.40563],false,[77.4976,79.5124,44.2186],[51.6281,108.26,2.20168],[36.7696,125.262,-24.3092],[18.8182,127.011,-31.0711],[2.71609,122.235,-28.6051],[[[0.131094,-0.778723,-0.613518],[0.881815,0.374384,-0.286773],[0.453008,-0.503415,0.73577]],[[0.145056,-0.793935,-0.590445],[0.892691,0.362367,-0.267942],[0.426687,-0.488218,0.761303]],[[0.145056,-0.793935,-0.590445],[0.332313,0.601185,-0.726736],[0.931948,-0.0907945,0.35104]],[[0.145056,-0.793935,-0.590445],[-0.281445,0.538995,-0.793897],[0.94855,0.281338,-0.145264]]],4]],[[0,200,0],[235.247,235.247,147.751]]],[75622,80652517576,[[13,"right",[-0.463403,0.701918,-0.540896],[-0.829017,-0.559017,-0.0151879],[44.7002,117.502,39.4957],[-1.4627,15.4663,2.0551],[44.1349,114.971,40.0881],0,0.50152,0.977509,[[0.552226,-0.515833,-0.654953],[0.469544,0.841592,-0.266929],[0.688894,-0.160124,0.706955]],62.7539,[258.403,36.6602,249.996],[75.2216,79.2382,62.0127]]],[[130,[-0.886029,0.26757,-0.378628],13,51.3262,[-29.8669,109.242,50.5892],[-30.0141,111.055,50.4745],[-11.3692,47.7734,19.2171],false,[59.1771,83.3188,87.2845],[59.1771,83.3188,87.2845],[15.3742,97.2542,69.852],[-14.3775,106.239,57.1382],[-35.0388,113.246,49.7051],[[[0.777033,0.459359,-0.430359],[0.299673,0.331281,0.894678],[0.553549,-0.824161,0.119759]],[[0.425789,0.792759,-0.436161],[-0.157477,0.539611,0.827056],[0.891013,-0.283466,0.354601]],[[0.425789,0.792759,-0.436161],[-0.183457,0.547667,0.816336],[0.886029,-0.26757,0.378628]],[[0.425789,0.792759,-0.436161],[-0.123051,0.528295,0.840097],[0.896416,-0.304034,0.322492]]],0],[131,[-0.886324,0.221371,-0.406724],13,57.9159,[-28.3903,175.222,23.6142],[-25.0786,179.127,13.897],[11.0986,10.3019,-44.8838],false,[72.7443,97.9748,75.1971],[27.3356,146.857,46.9447],[8.27944,178.377,26.1227],[-12.8186,183.647,16.4411],[-28.4916,178.322,13.4187],[[[0.23078,-0.317254,-0.919831],[0.744283,0.66647,-0.0431325],[0.626724,-0.674661,0.389935]],[[0.300902,-0.392289,-0.869234],[0.840603,0.539567,0.0474826],[0.450383,-0.744968,0.492116]],[[0.300902,-0.392289,-0.869234],[0.351976,0.892807,-0.281084],[0.886324,-0.221371,0.406724]],[[0.300902,-0.392289,-0.869234],[-0.204613,0.863692,-0.460619],[0.931446,0.316457,0.17962]]],1],[132,[-0.930247,0.0780498,-0.358538],13,65.9905,[-29.1911,166.205,-1.87901],[-26.2979,164.563,-11.1743],[5.97069,-19.7279,-25.4404],false,[76.397,95.6777,63.8641],[35.8381,138.549,28.6776],[12.3257,167.498,-0.690386],[-13.7261,169.684,-10.7313],[-30.64,162.175,-10.5297],[[[0.183045,-0.514424,-0.837772],[0.786163,0.588266,-0.189449],[0.59029,-0.623948,0.512101]],[[0.249344,-0.582398,-0.773719],[0.83216,0.537496,-0.136409],[0.495315,-0.609845,0.61867]],[[0.249344,-0.582398,-0.773719],[0.2692,0.809148,-0.522312],[0.930247,-0.0780498,0.358538]],[[0.249344,-0.582398,-0.773719],[-0.320286,0.704397,-0.633436],[0.913917,0.405755,-0.0108969]]],2],[133,[-0.907394,0.0559255,-0.416543],13,63.4516,[-13.9197,147.345,-25.4404],[-11.6177,144.576,-29.3642],[9.50197,-35.6086,-13.5446],false,[78.8209,90.5101,53.1961],[45.5196,124.59,14.0137],[26.2475,147.884,-17.9579],[1.49201,149.41,-29.322],[-15.5996,142.604,-28.9463],[[[0.208128,-0.643509,-0.7366],[0.815648,0.529819,-0.232398],[0.539815,-0.552438,0.635147]],[[0.263054,-0.697393,-0.666668],[0.859637,0.48312,-0.166189],[0.43798,-0.529376,0.726592]],[[0.263054,-0.697393,-0.666668],[0.327778,0.714504,-0.618099],[0.907394,-0.0559255,0.416543]],[[0.263054,-0.697393,-0.666668],[-0.260828,0.613866,-0.745075],[0.928855,0.369881,-0.0204193]]],3],[134,[-0.932364,0.0874051,-0.350795],13,49.7449,[3.93492,126.398,-26.5432],[6.47667,123.445,-29.2607],[8.1712,-34.593,2.09696],false,[77.4498,79.6124,44.4885],[51.6706,108.176,2.29083],[36.8401,125.032,-24.3286],[18.8806,126.715,-31.0857],[2.79583,121.915,-28.5555],[[[0.131558,-0.781759,-0.609546],[0.882556,0.372379,-0.287105],[0.451428,-0.500187,0.738935]],[[0.145727,-0.797143,-0.585941],[0.892967,0.360938,-0.268951],[0.425881,-0.484032,0.76442]],[[0.145727,-0.797143,-0.585941],[0.330848,0.597431,-0.73049],[0.932364,-0.0874051,0.350795]],[[0.145727,-0.797143,-0.585941],[-0.284507,0.533478,-0.796528],[0.947533,0.28278,-0.14905]]],4]],[[0,200,0],[235.247,235.247,147.751]]],[75623,80652526220,[[13,"right",[-0.460602,0.696293,-0.550474],[-0.829644,-0.558167,-0.0118311],[44.6814,117.784,39.5221],[-1.65279,19.9956,2.31959],[44.1684,115.144,40.0534],0,0.501887,0.978216,[[0.54585,-0.523201,-0.654453],[0.47489,0.836693,-0.272808],[0.69031,-0.161881,0.705172]],62.7539,[258.633,36.6957,250.09],[75.075,79.7409,62.5806]]],[[130,[-0.885365,0.266859,-0.380677],13,51.3262,[-29.9361,109.62,50.7093],[-30.1514,111.729,50.6052],[-12.8615,56.6568,18.9625],false,[58.9451,84.1267,87.7467],[58.9451,84.1267,87.7467],[15.179,98.0346,70.2004],[-14.5504,106.995,57.4178],[-35.1779,113.933,49.8266],[[[0.779132,0.453528,-0.432742],[0.296877,0.341044,0.891938],[0.552103,-0.823408,0.131076]],[[0.428051,0.787421,-0.443555],[-0.15556,0.547661,0.822112],[0.890266,-0.282907,0.356918]],[[0.428051,0.787421,-0.443555],[-0.181386,0.555657,0.811384],[0.885365,-0.266859,0.380677]],[[0.428051,0.787421,-0.443555],[-0.125838,0.53794,0.833538],[0.894951,-0.300981,0.329353]]],0],[131,[-0.884721,0.217576,-0.412226],13,57.9159,[-28.3792,175.236,23.5824],[-24.9296,179.199,12.9867],[12.5391,9.47356,-61.0292],false,[72.5736,98.6287,75.5429],[27.3263,147.241,46.5756],[8.37971,178.546,25.3331],[-12.6801,183.725,15.5205],[-28.3474,178.379,12.5067],[[[0.23368,-0.327933,-0.915343],[0.745251,0.665053,-0.0480069],[0.624495,-0.670943,0.399802]],[[0.303468,-0.402409,-0.863698],[0.841064,0.539116,0.0443335],[0.447793,-0.739879,0.502056]],[[0.303468,-0.402409,-0.863698],[0.353804,0.889229,-0.289992],[0.88472,-0.217576,0.412226]],[[0.303468,-0.402409,-0.863698],[-0.202363,0.858547,-0.471111],[0.931105,0.317747,0.179109]]],1],[132,[-0.929779,0.073037,-0.3608],13,65.9905,[-29.177,166.191,-1.9295],[-26.1463,164.242,-11.8179],[8.95595,-24.1852,-37.9573],false,[76.2639,96.1989,64.2499],[35.8839,138.717,28.4345],[12.4517,167.343,-1.31172],[-13.587,169.389,-11.416],[-30.4882,161.853,-11.1404],[[[0.185409,-0.524103,-0.831227],[0.787559,0.585146,-0.193276],[0.587686,-0.618805,0.521254]],[[0.251034,-0.59107,-0.766563],[0.832656,0.535702,-0.140384],[0.493626,-0.603042,0.626637]],[[0.251034,-0.59107,-0.766563],[0.269245,0.803307,-0.531229],[0.929779,-0.073037,0.3608]],[[0.251034,-0.59107,-0.766563],[-0.320929,0.696308,-0.641996],[0.913229,0.407175,-0.0148945]]],2],[133,[-0.907961,0.0469919,-0.416411],13,63.4516,[-13.7623,147.087,-25.694],[-11.4331,143.909,-29.6729],[11.2751,-48.8926,-17.9447],false,[78.7197,90.9078,53.6499],[45.6006,124.581,13.9645],[26.3733,147.453,-18.3366],[1.60228,148.735,-29.6972],[-15.4508,141.843,-29.1725],[[[0.209971,-0.652063,-0.72851],[0.817125,0.526181,-0.235455],[0.53686,-0.545845,0.6433]],[[0.26493,-0.70554,-0.657286],[0.859578,0.48169,-0.170586],[0.436964,-0.519795,0.734081]],[[0.26493,-0.70554,-0.657286],[0.324682,0.70711,-0.628154],[0.907961,-0.0469919,0.416411]],[[0.26493,-0.70554,-0.657286],[-0.266312,0.601594,-0.753102],[0.926763,0.374563,-0.0285138]]],3],[134,[-0.933263,0.0797822,-0.35022],13,49.7449,[4.10595,126.139,-26.706],[6.64888,122.815,-29.2914],[9.85995,-46.2136,2.6878],false,[77.3663,79.9138,45.0614],[51.7733,108.028,2.45054],[36.9587,124.53,-24.3981],[18.982,126.067,-31.1441],[2.92874,121.228,-28.4896],[[[0.132777,-0.788773,-0.600173],[0.884035,0.368051,-0.288133],[0.448166,-0.492317,0.746171]],[[0.147255,-0.804338,-0.575635],[0.892933,0.358422,-0.272402],[0.425424,-0.473891,0.771]],[[0.147255,-0.804338,-0.575635],[0.327621,0.588791,-0.738911],[0.933263,-0.0797822,0.35022]],[[0.147255,-0.804338,-0.575635],[-0.289858,0.521336,-0.802615],[0.945674,0.285041,-0.156374]]],4]],[[0,200,0],[235.247,235.247,147.751]]],[75624,80652534938,[[13,"right",[-0.457905,0.691751,-0.558393],[-0.830374,-0.557129,-0.00924415],[44.6477,117.956,39.5246],[-2.24414,19.9326,1.77479],[44.1973,115.313,40.0215],0,0.502066,0.978859,[[0.540607,-0.529182,-0.653996],[0.478916,0.832711,-0.277907],[0.691653,-0.16297,0.703603]],62.7539,[258.831,36.7539,250.125],[74.916,80.0888,63.0326]]],[[130,[-0.884967,0.267287,-0.381302],13,51.3262,[-30.0157,110.016,50.8379],[-30.3144,112.319,50.7886],[-14.7677,60.5314,20.7224],false,[58.7132,84.731,88.1057],[58.7132,84.731,88.1057],[14.9727,98.6623,70.514],[-14.7433,107.637,57.7104],[-35.3466,114.546,50.0284],[[[0.781115,0.448416,-0.434491],[0.294544,0.348947,0.889652],[0.550548,-0.822897,0.140489]],[[0.430131,0.782911,-0.449487],[-0.15278,0.553846,0.818482],[0.889745,-0.283382,0.357839]],[[0.430131,0.782911,-0.449487],[-0.178383,0.561791,0.807818],[0.884967,-0.267287,0.381302]],[[0.430131,0.782911,-0.449487],[-0.126202,0.545157,0.828781],[0.893902,-0.299758,0.333294]]],0],[131,[-0.88316,0.214879,-0.416961],13,57.9159,[-28.3792,175.236,23.5824],[-24.7926,179.219,12.2034],[13.3239,7.4687,-68.8354],false,[72.4,99.1,75.8102],[27.3113,147.501,46.2483],[8.47548,178.635,24.6573],[-12.5472,183.749,14.732],[-28.2119,178.394,11.7205],[[[0.236102,-0.336774,-0.911504],[0.746318,0.663566,-0.0518539],[0.622306,-0.668029,0.40801]],[[0.305588,-0.410821,-0.858977],[0.841686,0.538334,0.0419684],[0.445175,-0.735814,0.510291]],[[0.305588,-0.410821,-0.858977],[0.355872,0.886032,-0.297156],[0.88316,-0.214879,0.416961]],[[0.305588,-0.410821,-0.858977],[-0.199866,0.854357,-0.479716],[0.930951,0.318276,0.178972]]],1],[132,[-0.930136,0.0664042,-0.361161],13,65.9905,[-29.1623,166.174,-1.98359],[-26.0646,163.805,-12.2961],[8.72124,-32.1922,-41.8612],false,[76.1225,96.56,64.5521],[35.9141,138.797,28.2145],[12.5053,167.113,-1.84537],[-13.5434,168.973,-11.9598],[-30.4098,161.364,-11.5731],[[[0.187295,-0.532085,-0.825715],[0.788971,0.58225,-0.196238],[0.585188,-0.614711,0.528853]],[[0.252511,-0.598424,-0.760347],[0.832502,0.534852,-0.144477],[0.493131,-0.596508,0.633245]],[[0.252511,-0.598424,-0.760347],[0.266617,0.798423,-0.539848],[0.930136,-0.0664042,0.361161]],[[0.252511,-0.598424,-0.760347],[-0.325084,0.687666,-0.649181],[0.91135,0.411102,-0.0208945]]],2],[133,[-0.908323,0.0401134,-0.416341],13,63.4516,[-13.5964,146.785,-25.9629],[-11.2745,143.317,-29.9387],[12.2172,-55.3931,-20.1919],false,[78.6042,91.167,54.0096],[45.6567,124.513,13.9077],[26.4893,147.051,-18.6632],[1.70843,148.145,-30.0218],[-15.315,141.19,-29.3739],[[[0.211357,-0.659114,-0.721732],[0.818589,0.522855,-0.237771],[0.534079,-0.540547,0.650052]],[[0.266255,-0.712217,-0.649504],[0.859861,0.480009,-0.173869],[0.4356,-0.512189,0.740212]],[[0.266255,-0.712217,-0.649504],[0.322579,0.700812,-0.636243],[0.908323,-0.0401134,0.416341]],[[0.266255,-0.712217,-0.649504],[-0.270572,0.591511,-0.759543],[0.925148,0.377969,-0.0352133]]],3],[134,[-0.934483,0.0724277,-0.348563],13,49.7449,[4.27743,125.842,-26.8611],[6.76055,122.19,-29.2922],[9.13492,-54.6123,3.9195],false,[77.2626,80.0951,45.5198],[51.8426,107.845,2.56813],[37.017,124.029,-24.4675],[19.0168,125.424,-31.1816],[2.99927,120.541,-28.3958],[[[0.13357,-0.794516,-0.592371],[0.885444,0.36415,-0.288761],[0.445137,-0.485941,0.75214]],[[0.148533,-0.81048,-0.566621],[0.892571,0.35655,-0.276023],[0.42574,-0.464751,0.776371]],[[0.148533,-0.81048,-0.566621],[0.323542,0.581271,-0.746622],[0.934483,-0.0724277,0.348563]],[[0.148533,-0.81048,-0.566621],[-0.296001,0.51027,-0.80747],[0.943568,0.287657,-0.164111]]],4]],[[0,200,0],[235.247,235.247,147.751]]],[75625,80652543550,[[13,"right",[-0.455344,0.686328,-0.567112],[-0.830804,-0.556527,-0.00645196],[44.603,118.09,39.5253],[-3.02421,18.7861,1.32676],[44.2207,115.474,39.9928],0,0.502268,0.979648,[[0.535126,-0.535484,-0.653373],[0.483221,0.828433,-0.283189],[0.692919,-0.164182,0.702073]],62.7539,[259.008,36.7861,250.215],[74.756,80.443,63.5294]]],[[130,[-0.884998,0.268348,-0.380484],13,51.3262,[-30.107,110.423,50.988],[-30.5183,112.949,51.0956],[-17.7052,65.7476,26.9676],false,[58.4684,85.3564,88.4957],[58.4684,85.3564,88.4957],[14.7402,99.3215,70.9004],[-14.9769,108.332,58.1242],[-35.5663,115.237,50.4007],[[[0.783025,0.443287,-0.436312],[0.291685,0.357858,0.88705],[0.549356,-0.821848,0.150912]],[[0.431976,0.778135,-0.455964],[-0.148979,0.560188,0.814859],[0.889495,-0.28407,0.357914]],[[0.431976,0.778135,-0.455964],[-0.173711,0.567887,0.804568],[0.884998,-0.268348,0.380484]],[[0.431976,0.778135,-0.455964],[-0.124165,0.552065,0.824505],[0.893297,-0.299551,0.335096]]],0],[131,[-0.881545,0.211202,-0.422224],13,57.9159,[-28.3792,175.236,23.5824],[-24.6871,179.127,11.333],[12.9622,2.55465,-77.4837],false,[72.2107,99.5869,76.1015],[27.2677,147.717,45.8827],[8.53471,178.643,23.9069],[-12.4495,183.67,13.8563],[-28.1073,178.293,10.8465],[[[0.239045,-0.346338,-0.907143],[0.747055,0.662397,-0.0560372],[0.620296,-0.66429,0.417076]],[[0.30826,-0.419872,-0.85363],[0.841993,0.538047,0.0394103],[0.442745,-0.730899,0.519388]],[[0.30826,-0.419872,-0.85363],[0.357568,0.882667,-0.305031],[0.881545,-0.211202,0.422224]],[[0.30826,-0.419872,-0.85363],[-0.197655,0.849477,-0.489206],[0.930542,0.319526,0.17887]]],1],[132,[-0.930355,0.0584568,-0.361969],13,65.9905,[-29.1467,166.152,-2.04486],[-26.0546,163.184,-12.8446],[5.69981,-44.1888,-47.5452],false,[75.9709,96.9281,64.8834],[35.927,138.821,27.9702],[12.4648,166.715,-2.44021],[-13.59,168.352,-12.5772],[-30.4261,160.682,-12.0972],[[[0.189771,-0.540716,-0.81952],[0.79015,0.579563,-0.199423],[0.582795,-0.609699,0.537231]],[[0.254871,-0.606597,-0.753048],[0.831115,0.535476,-0.150045],[0.494256,-0.587627,0.640629]],[[0.254871,-0.606597,-0.753048],[0.26359,0.792857,-0.549452],[0.930355,-0.0584568,0.361969]],[[0.254871,-0.606597,-0.753048],[-0.327819,0.678445,-0.657454],[0.909712,0.414429,-0.0259384]]],2],[133,[-0.908552,0.0328007,-0.416482],13,63.4516,[-13.4231,146.441,-26.241],[-11.0846,142.616,-30.234],[14.4602,-63.0731,-22.5668],false,[78.4854,91.4247,54.406],[45.7081,124.383,13.846],[26.6452,146.582,-19.0173],[1.8581,147.477,-30.3797],[-15.1282,140.446,-29.5932],[[[0.213357,-0.666686,-0.714149],[0.819865,0.519719,-0.240237],[0.53132,-0.53425,0.657478]],[[0.267957,-0.719089,-0.641179],[0.860531,0.477901,-0.176344],[0.433227,-0.504502,0.746855]],[[0.267957,-0.719089,-0.641179],[0.320519,0.694144,-0.64454],[0.908552,-0.0328007,0.416482]],[[0.267957,-0.719089,-0.641179],[-0.275731,0.580439,-0.7662],[0.923131,0.382102,-0.0427423]]],3],[134,[-0.935344,0.0653352,-0.347653],13,49.7449,[4.44748,125.506,-27.0064],[6.88848,121.477,-29.3075],[9.40742,-62.9219,4.23111],false,[77.1646,80.267,46.026],[51.9202,107.594,2.7007],[37.0975,123.451,-24.5291],[19.0806,124.71,-31.2257],[3.09389,119.793,-28.3256],[[[0.134999,-0.800685,-0.583677],[0.886767,0.360443,-0.289352],[0.442062,-0.478523,0.758681]],[[0.150093,-0.816638,-0.557292],[0.892349,0.354581,-0.279259],[0.425658,-0.455384,0.781947]],[[0.150093,-0.816638,-0.557292],[0.320317,0.57344,-0.754031],[0.935344,-0.0653352,0.347653]],[[0.15009