{"metadata":{"formatVersion":2,"generatedBy":"LeapJS Playback 0.2.1","frames":2,"protocolVersion":6,"serviceVersion":"2.2.6+29154","frameRate":"1.1e+2","modified":"Thu Jun 04 2015 13:52:14 GMT-0300 (E. South America Standard Time)"},"frames":[["id","timestamp",{"hands":[["id","type","direction","palmNormal","palmPosition","palmVelocity","stabilizedPalmPosition","pinchStrength","grabStrength","confidence","armBasis","armWidth","elbow","wrist"]]},{"pointables":[["id","direction","handId","length","stabilizedTipPosition","tipPosition","tipVelocity","tool","carpPosition","mcpPosition","pipPosition","dipPosition","btipPosition","bases","type"]]},{"interactionBox":["center","size"]}],[41655,941242565,[[13,"right",[-0.720001,0.646354,-0.252636],[-0.687355,-0.714359,0.131285],[-3.80436,171.477,14.0196],[-12.9233,0.313762,-3.11203],[-1.18354,171.617,15.5482],1,1,0.447896,[[0.357549,-0.319212,-0.877646],[0.255795,0.937305,-0.236701],[0.89818,-0.139866,0.416786]],60.1457,[265.291,103.87,125.684],[36.3856,139.515,19.464]]],[[130,[-0.850902,-0.107418,-0.514224],13,49.193,[-43.6423,136.451,22.3717],[-42.3231,134.922,19.3795],[7.12409,-19.6801,-19.811],false,[29.1312,137.362,47.4136],[29.1312,137.362,47.4136],[-17.2565,145.033,50.4794],[-44.6411,141.576,33.9301],[-40.5317,132.449,14.2372],[[[0.512769,0.657153,-0.552465],[0.511434,0.283048,0.811369],[0.689568,-0.698594,-0.190952]],[[0.124315,0.909893,-0.395779],[0.123642,0.381559,0.916038],[0.984509,-0.162812,-0.0650671]],[[0.124315,0.909893,-0.395779],[-0.510403,0.400695,0.760876],[0.850902,0.107418,0.514224]],[[0.124315,0.909893,-0.395779],[-0.97465,0.0371974,-0.220623],[-0.186022,0.413172,0.891451]]],0],[131,[0.293795,-0.935082,0.198257],13,55.5088,[-39.0532,152.537,39.2526],[-40.9382,150.62,38.6395],[-4.12429,-12.8887,-0.448697],false,[35.2731,155.033,35.141],[-21.6537,194.524,30.4434],[-58.6839,178.119,32.4741],[-51.9811,156.785,36.9973],[-37.8334,149.304,38.9882],[[[-0.0266303,-0.155845,-0.987423],[0.572079,0.807654,-0.1429],[0.819766,-0.56869,0.0676474]],[[0.033622,-0.197173,-0.979792],[-0.406252,0.893006,-0.193648],[0.913142,0.404553,-0.0500771]],[[0.033622,-0.197173,-0.979792],[-0.955277,-0.294524,0.026489],[-0.293795,0.935082,-0.198257]],[[0.033622,-0.197173,-0.979792],[-0.478835,-0.863684,0.157376],[-0.877261,0.463867,-0.123452]]],1],[132,[0.200778,-0.917547,0.343214],13,63.2478,[-39.5719,144.981,29.7533],[-43.3782,144.094,28.7119],[-12.9202,-10.917,-1.23162],false,[35.4303,154.855,23.5208],[-18.34,190.474,10.2211],[-60.9534,176.064,17.0341],[-55.5643,151.436,26.2465],[-40.8701,142.008,29.3804],[[[-0.0127649,-0.36663,-0.930279],[0.5772,0.756998,-0.306259],[0.816503,-0.540867,0.201956]],[[-0.0290469,-0.35577,-0.934122],[-0.349124,0.879273,-0.324024],[0.936626,0.316713,-0.149748]],[[-0.0290469,-0.35577,-0.934122],[-0.979206,-0.177582,0.0980828],[-0.200778,0.917547,-0.343214]],[[-0.0290469,-0.35577,-0.934122],[-0.559377,-0.768698,0.310161],[-0.828404,0.531536,-0.176682]]],2],[133,[-0.0560812,-0.855107,0.51541],13,60.8145,[-40.9271,133.306,18.333],[-44.8091,137.796,14.6053],[-47.8554,16.568,-23.9397],false,[35.1413,151.687,12.3696],[-11.9835,181.006,-8.01576],[-52.5791,169.792,-5.81542],[-54.0455,147.433,7.66156],[-43.3681,136.027,15.8429],[[[0.0640541,-0.498243,-0.864668],[0.600548,0.711242,-0.365346],[0.797019,-0.495872,0.344776]],[[0.0971649,-0.518446,-0.849572],[-0.252951,0.812718,-0.524886],[0.962588,0.2659,-0.0521736]],[[0.0971649,-0.518446,-0.849572],[-0.993687,-0.00243469,-0.112161],[0.0560812,0.855107,-0.51541]],[[0.0971649,-0.518446,-0.849572],[-0.789943,-0.559434,0.251046],[-0.605433,0.64672,-0.4639]]],3],[134,[-0.117455,-0.671546,0.731595],13,47.6774,[-33.2356,138.516,4.29712],[-34.9697,140.506,0.609173],[-24.6524,7.06399,-24.1226],false,[32.9545,142.212,3.10092],[-7.50061,168.227,-23.0188],[-39.6964,159.451,-22.4242],[-41.8648,147.053,-8.91777],[-33.0806,139.367,2.41709],[[[0.0557557,-0.662909,-0.746621],[0.671239,0.578466,-0.463481],[0.739141,-0.47532,0.477223]],[[0.189307,-0.738325,-0.647332],[-0.183369,0.621073,-0.762],[0.964644,0.262952,-0.0178128]],[[0.189307,-0.738325,-0.647332],[-0.974868,-0.0624636,-0.213848],[0.117455,0.671546,-0.731594]],[[0.189307,-0.738325,-0.647332],[-0.820161,-0.481384,0.309201],[-0.539906,0.472383,-0.696675]]],4]],[[0,200,0],[235.247,235.247,147.751]]],[41656,941251025,[[13,"right",[-0.722712,0.643475,-0.252245],[-0.684661,-0.716434,0.134018],[-3.91412,171.402,13.9703],[-12.9366,-2.10049,-3.81698],[-1.2352,171.613,15.5184],1,1,0.452592,[[0.357694,-0.321164,-0.876874],[0.257296,0.936549,-0.238064],[0.897693,-0.140462,0.417632]],60.1457,[265.176,103.787,125.821],[36.3948,139.585,19.3857]]],[[130,[-0.849448,-0.112907,-0.515451],13,49.193,[-43.6307,136.44,22.3525],[-42.2067,134.645,19.3185],[7.66076,-23.2948,-17.4868],false,[29.2073,137.457,47.3545],[29.2073,137.457,47.3545],[-17.2107,144.942,50.4225],[-44.5485,141.308,33.8337],[-40.4585,132.16,14.1464],[[[0.509374,0.657891,-0.554723],[0.512202,0.286213,0.809772],[0.691511,-0.696607,-0.191184]],[[0.120396,0.909603,-0.397652],[0.122399,0.383908,0.915223],[0.985151,-0.158861,-0.0651135]],[[0.120396,0.909603,-0.397652],[-0.513753,0.399843,0.759067],[0.849448,0.112907,0.515451]],[[0.120396,0.909603,-0.397652],[-0.975308,0.0336727,-0.218267],[-0.185146,0.414112,0.891197]]],0],[131,[0.297348,-0.93374,0.199282],13,55.5088,[-39.0713,152.522,39.2467],[-40.927,150.468,38.7051],[-2.73521,-14.2928,1.69507],false,[35.2634,155.127,35.0375],[-21.8061,194.418,30.3913],[-58.7776,177.894,32.5298],[-51.9937,156.591,37.0763],[-37.8163,149.162,39.0501],[[[-0.0282062,-0.157692,-0.987085],[0.569048,0.80932,-0.145553],[0.82182,-0.565805,0.0669064]],[[0.0321949,-0.198799,-0.979511],[-0.409605,0.891318,-0.194362],[0.911695,0.40747,-0.0527331]],[[0.0321949,-0.198799,-0.979511],[-0.954226,-0.297672,0.0290508],[-0.297348,0.93374,-0.199282]],[[0.0321949,-0.198799,-0.979511],[-0.475553,-0.865026,0.159933],[-0.879098,0.460661,-0.122389]]],1],[132,[0.205391,-0.916098,0.344352],13,63.2478,[-39.6953,144.954,29.7267],[-43.3657,143.898,28.7996],[-7.93801,-14.5846,1.99457],false,[35.3965,154.929,23.4173],[-18.5218,190.342,10.1692],[-61.0578,175.766,17.1109],[-55.5448,151.177,26.3537],[-40.8077,141.811,29.4709],[[[-0.0135087,-0.368328,-0.929598],[0.573992,0.75839,-0.308832],[0.81875,-0.537754,0.201172]],[[-0.0298099,-0.357546,-0.93342],[-0.35359,0.877226,-0.324729],[0.934926,0.320367,-0.152575]],[[-0.0298099,-0.357546,-0.93342],[-0.978226,-0.181451,0.100746],[-0.205391,0.916098,-0.344352]],[[-0.0298099,-0.357546,-0.93342],[-0.555732,-0.770271,0.3128],[-0.830827,0.528056,-0.175738]]],2],[133,[-0.0557975,-0.85447,0.516495],13,60.8145,[-41.0491,133.433,18.2275],[-44.9778,137.734,14.5907],[-40.4379,9.9227,-17.9272],false,[35.0944,151.739,12.2724],[-12.1722,180.863,-8.06434],[-52.7746,169.676,-5.85205],[-54.2336,147.333,7.65332],[-43.5248,135.958,15.8359],[[[0.0638931,-0.499563,-0.863918],[0.597367,0.712608,-0.367888],[0.799418,-0.492571,0.343954]],[[0.0968765,-0.519493,-0.848965],[-0.252449,0.812258,-0.525839],[0.962748,0.265262,-0.052457]],[[0.0968765,-0.519493,-0.848965],[-0.993731,-0.00266616,-0.111765],[0.0557975,0.85447,-0.516495]],[[0.0968765,-0.519493,-0.848965],[-0.788613,-0.560449,0.252957],[-0.607211,0.644999,-0.463974]]],3],[134,[-0.119724,-0.670674,0.732027],13,47.6774,[-33.2445,138.526,4.27766],[-35.131,140.417,0.508807],[-25.2629,2.15322,-20.9961],false,[32.9199,142.24,3.0252],[-7.67821,168.073,-23.0542],[-39.8799,159.313,-22.5522],[-42.0902,146.931,-9.03775],[-33.3098,139.274,2.31977],[[[0.056401,-0.664046,-0.745561],[0.668297,0.579897,-0.465938],[0.741753,-0.471977,0.476487]],[[0.191004,-0.739116,-0.64593],[-0.180658,0.620334,-0.763249],[0.964821,0.262476,-0.0150404]],[[0.191004,-0.739116,-0.64593],[-0.97426,-0.0624868,-0.216592],[0.119724,0.670674,-0.732027]],[[0.191004,-0.739116,-0.64593],[-0.819924,-0.481922,0.308992],[-0.539668,0.470594,-0.698068]]],4]],[[0,200,0],[235.247,235.247,147.751]]]]}