{"metadata":{"formatVersion":2,"generatedBy":"LeapJS Playback 0.2.1","frames":1,"protocolVersion":6,"serviceVersion":"2.2.6+29154","frameRate":"1.1e+2","modified":"Thu Jun 04 2015 13:52:33 GMT-0300 (E. South America Standard Time)"},"frames":[["id","timestamp",{"hands":[["id","type","direction","palmNormal","palmPosition","palmVelocity","stabilizedPalmPosition","pinchStrength","grabStrength","confidence","armBasis","armWidth","elbow","wrist"]]},{"pointables":[["id","direction","handId","length","stabilizedTipPosition","tipPosition","tipVelocity","tool","carpPosition","mcpPosition","pipPosition","dipPosition","btipPosition","bases","type"]]},{"interactionBox":["center","size"]}],[41733,941965276,[[13,"right",[-0.850782,0.447053,-0.276247],[-0.495586,-0.857405,0.138752],[-3.66236,172.338,16.7011],[-6.13825,4.21173,5.06772],[-2.44318,170.373,14.8208],1,1,0.423059,[[0.354415,-0.303633,-0.884419],[0.321751,0.927658,-0.189542],[0.87799,-0.217387,0.42647]],60.1457,[266.742,95.8111,132.061],[42.9816,151.213,23.3731]]],[[130,[-0.826827,-0.302569,-0.47414],13,49.193,[-39.1657,129.66,21.6623],[-35.1733,127.278,22.3032],[5.28175,9.4675,2.98954],false,[35.9731,147.889,51.2708],[35.9731,147.889,51.2708],[-10.9335,144.154,53.6965],[-37.5433,134.417,38.4373],[-34.478,125.57,18.4289],[[[0.347599,0.751529,-0.560695],[0.412964,0.414158,0.811131],[0.841805,-0.513496,-0.166393]],[[-0.0935094,0.905196,-0.414579],[0.013742,0.417537,0.908556],[0.995524,0.0792614,-0.0514829]],[[-0.0935094,0.905196,-0.414579],[-0.554628,0.298449,0.776734],[0.826827,0.302569,0.47414]],[[-0.0935094,0.905196,-0.414579],[-0.985901,-0.142222,-0.0881559],[-0.138761,0.400491,0.905733]]],0],[131,[0.507845,-0.831852,0.223864],13,55.5088,[-38.0797,148.734,40.0682],[-35.1995,143.758,41.2562],[-6.2072,-9.19548,-10.1517],false,[37.8578,166.288,38.6797],[-26.8609,190.661,32.373],[-58.9062,165.881,34.2586],[-47.3199,146.903,39.366],[-31.8106,143.157,41.7146],[[[0.0294961,-0.176271,-0.9839],[0.361334,0.919643,-0.153927],[0.93197,-0.350977,0.0908187]],[[0.0987976,-0.201912,-0.974408],[-0.604808,0.765402,-0.219926],[0.790219,0.611057,-0.0464978]],[[0.0987976,-0.201912,-0.974408],[-0.855764,-0.516966,0.0203548],[-0.507845,0.831852,-0.223864]],[[0.0987976,-0.201912,-0.974408],[-0.25572,-0.951466,0.17123],[-0.961689,0.232258,-0.145635]]],1],[132,[0.499999,-0.770075,0.396215],13,63.2478,[-37.6142,140.127,30.8302],[-32.959,137.981,31.6222],[-0.313864,-6.38957,-11.3743],false,[38.2593,165.934,27.0694],[-22.3052,187.156,12.2909],[-59.1887,161.185,18.2112],[-45.768,140.515,28.8461],[-28.6942,137.419,32.5249],[[[0.0931036,-0.376246,-0.92183],[0.381493,0.868674,-0.31602],[0.919671,-0.322249,0.224412]],[[0.126434,-0.387698,-0.913074],[-0.571668,0.723763,-0.386475],[0.810685,0.570839,-0.130126]],[[0.126434,-0.387698,-0.913074],[-0.856747,-0.506631,0.0964846],[-0.499999,0.770075,-0.396215]],[[0.126434,-0.387698,-0.913074],[-0.239769,-0.905112,0.351116],[-0.962562,0.174534,-0.207395]]],2],[133,[0.031813,-0.866424,0.498294],13,60.8145,[-44.1147,131.436,16.5329],[-42.5043,132.367,14.1777],[14.4336,7.47828,-15.469],false,[38.9457,162.581,15.99],[-13.5183,179.174,-5.64551],[-52.4205,162.891,-5.38205],[-51.5887,140.236,7.64739],[-39.4033,130.553,15.9416],[[[0.198401,-0.483973,-0.852295],[0.416292,0.828858,-0.373758],[0.887321,-0.28065,0.36592]],[[0.196554,-0.483388,-0.853055],[-0.332386,0.78566,-0.521784],[0.922435,0.386102,-0.00624709]],[[0.196554,-0.483388,-0.853055],[-0.979977,-0.12508,-0.154921],[-0.031813,0.866424,-0.498294]],[[0.196554,-0.483388,-0.853055],[-0.695679,-0.68185,0.226081],[-0.69094,0.549015,-0.470302]]],3],[134,[-0.145768,-0.78794,0.59825],13,47.6774,[-34.8771,135.81,1.42409],[-33.9189,137.216,-1.70768],[12.9827,13.6236,-10.9267],false,[39.2891,152.685,6.91134],[-5.80225,167.587,-20.2978],[-38.1978,159.558,-20.2179],[-40.8889,145.012,-9.17317],[-31.8146,135.358,0.270182],[[[0.228236,-0.643456,-0.730666],[0.518829,0.71542,-0.467965],[0.823847,-0.272285,0.497129]],[[0.150601,-0.615334,-0.773746],[-0.187614,0.75066,-0.633491],[0.970629,0.24057,-0.00239528]],[[0.150601,-0.615334,-0.773746],[-0.977789,0.0226905,-0.20836],[0.145768,0.78794,-0.59825]],[[0.150601,-0.615334,-0.773746],[-0.816243,-0.518956,0.253835],[-0.557733,0.593337,-0.580417]]],4]],[[0,200,0],[235.247,235.247,147.751]]]]}