{"metadata":{"formatVersion":2,"generatedBy":"LeapJS Playback 0.2.1","frames":1,"protocolVersion":6,"serviceVersion":"2.2.6+29154","frameRate":"1.1e+2","modified":"Thu Jun 04 2015 13:52:51 GMT-0300 (E. South America Standard Time)"},"frames":[["id","timestamp",{"hands":[["id","type","direction","palmNormal","palmPosition","palmVelocity","stabilizedPalmPosition","pinchStrength","grabStrength","confidence","armBasis","armWidth","elbow","wrist"]]},{"pointables":[["id","direction","handId","length","stabilizedTipPosition","tipPosition","tipVelocity","tool","carpPosition","mcpPosition","pipPosition","dipPosition","btipPosition","bases","type"]]},{"interactionBox":["center","size"]}],[41924,943709490,[[13,"right",[-0.872723,0.416245,-0.255135],[-0.462866,-0.871641,0.161238],[-2.8409,174.502,17.937],[-1.5151,-1.83498,-0.513963],[-2.80983,172.095,16.0887],1,1,0.812578,[[0.354834,-0.322644,-0.877493],[0.363488,0.912335,-0.188471],[0.861377,-0.252082,0.441005]],60.1457,[264.173,90.7338,135.817],[44.6473,154.978,23.4244]]],[[130,[-0.842756,-0.327585,-0.427143],13,49.193,[-38.0624,128.933,22.573],[-34.6982,127.759,24.0815],[-0.285962,-2.16197,-3.65762],false,[38.5694,151.712,51.5463],[38.5694,151.712,51.5463],[-8.09506,145.413,53.222],[-35.2175,134.87,39.4752],[-33.9796,125.684,19.423],[[[0.306184,0.756698,-0.577633],[0.422631,0.435653,0.794726],[0.853015,-0.487458,-0.186414]],[[-0.136213,0.897462,-0.419533],[-0.0241714,0.420343,0.907043],[0.990385,0.133692,-0.0355633]],[[-0.136213,0.897462,-0.419533],[-0.520777,0.295381,0.800963],[0.842756,0.327585,0.427143]],[[-0.136213,0.897462,-0.419533],[-0.989093,-0.147152,0.00634947],[-0.0560369,0.415822,0.907718]]],0],[131,[0.583597,-0.780802,0.223075],13,55.5088,[-36.1842,148.584,41.5393],[-32.3748,148.158,43.2288],[-0.092737,-3.57781,-2.84164],false,[39.4797,170.034,38.7356],[-26.1618,192.219,34.1168],[-57.9301,167.147,36.704],[-44.6155,149.333,41.7933],[-28.6626,147.781,43.577],[[[0.00653558,-0.185247,-0.98267],[0.326255,0.929313,-0.173019],[0.945259,-0.31947,0.0665114]],[[0.0881729,-0.212154,-0.97325],[-0.615249,0.756806,-0.220712],[0.783387,0.618252,-0.0637976]],[[0.0881729,-0.212154,-0.97325],[-0.807242,-0.587655,0.0549668],[-0.583597,0.780802,-0.223075]],[[0.0881729,-0.212154,-0.97325],[-0.117142,-0.972484,0.201374],[-0.989193,0.0962531,-0.110599]]],1],[132,[0.552631,-0.73441,0.394005],13,63.2478,[-35.738,140.493,31.7927],[-30.4197,141.481,33.3239],[2.48347,-3.42299,-1.72454],false,[39.5535,169.575,27.1223],[-22.0816,188.659,13.9423],[-58.6075,162.328,20.4591],[-43.7742,142.615,31.0347],[-26.3557,141.124,34.036],[[[0.0784686,-0.382398,-0.92066],[0.343337,0.877376,-0.335158],[0.935929,-0.289797,0.200138]],[[0.122924,-0.395758,-0.910091],[-0.583405,0.713036,-0.388867],[0.802825,0.578753,-0.143237]],[[0.122924,-0.395758,-0.910091],[-0.824311,-0.551378,0.128431],[-0.552631,0.73441,-0.394005]],[[0.122924,-0.395758,-0.910091],[-0.143485,-0.914498,0.378294],[-0.981989,0.0840831,-0.169199]]],2],[133,[0.0211882,-0.873799,0.485826],13,60.8145,[-43.6751,133.014,16.4161],[-43.1965,136.09,15.0621],[5.87552,-3.76213,-0.933334],false,[40.026,166.132,16.0589],[-13.5646,180.786,-4.17113],[-53.121,166.186,-3.31958],[-52.567,143.338,9.38386],[-40.0096,133.604,17.0388],[[[0.189236,-0.485921,-0.85327],[0.377726,0.838128,-0.393527],[0.906373,-0.247833,0.342149]],[[0.157424,-0.476957,-0.864713],[-0.308982,0.807878,-0.50186],[0.937949,0.346186,-0.0201918]],[[0.157424,-0.476957,-0.864713],[-0.987304,-0.0948024,-0.127451],[-0.0211882,0.873799,-0.485826]],[[0.157424,-0.476957,-0.864713],[-0.684268,-0.684037,0.252727],[-0.712036,0.55191,-0.434051]]],3],[134,[-0.150531,-0.792795,0.590607],13,47.6774,[-34.5603,137.058,0.941522],[-34.1288,140.773,-1.21437],[3.78282,-2.50647,-0.518268],false,[40.4293,156.16,7.06589],[-5.90279,169.307,-18.9371],[-38.6098,162.662,-18.755],[-41.3888,148.025,-7.85138],[-31.802,138.372,1.07165],[[[0.227837,-0.643098,-0.731105],[0.481143,0.727137,-0.489667],[0.846517,-0.240202,0.475091]],[[0.119083,-0.607605,-0.785261],[-0.159668,0.768876,-0.619141],[0.979962,0.19911,-0.00545556]],[[0.119083,-0.607605,-0.785261],[-0.981407,0.0478746,-0.185871],[0.150531,0.792795,-0.590607]],[[0.119083,-0.607605,-0.785261],[-0.799137,-0.528014,0.28737],[-0.589236,0.59331,-0.548437]]],4]],[[0,200,0],[235.247,235.247,147.751]]]]}