{"metadata":{"formatVersion":2,"generatedBy":"LeapJS Playback 0.2.1","frames":2,"protocolVersion":6,"serviceVersion":"2.2.6+29154","frameRate":"1.1e+2","modified":"Thu Jun 04 2015 13:53:11 GMT-0300 (E. South America Standard Time)"},"frames":[["id","timestamp",{"hands":[["id","type","direction","palmNormal","palmPosition","palmVelocity","stabilizedPalmPosition","pinchStrength","grabStrength","confidence","armBasis","armWidth","elbow","wrist"]]},{"pointables":[["id","direction","handId","length","stabilizedTipPosition","tipPosition","tipVelocity","tool","carpPosition","mcpPosition","pipPosition","dipPosition","btipPosition","bases","type"]]},{"interactionBox":["center","size"]}],[42030,944685708,[[13,"right",[-0.843395,0.446533,-0.29882],[-0.524468,-0.804988,0.277357],[-1.0475,171.624,18.8382],[10.0193,-12.8449,10.4434],[-2.77253,172.458,16.6538],1,1,0.518448,[[0.305682,-0.441384,-0.843646],[0.355752,0.874832,-0.3288],[0.883176,-0.19962,0.424443]],60.1457,[270.001,98.4611,134.54],[44.9194,149.335,26.3684]]],[[130,[-0.816165,-0.358166,-0.453423],13,49.193,[-37.2343,128.266,22.994],[-33.9033,125.324,25.5663],[-0.797043,-10.8382,1.26682],false,[39.1569,150.199,54.732],[39.1569,150.199,54.732],[-7.70649,145.413,53.7366],[-33.9732,133.886,39.1441],[-33.3858,122.15,20.438],[[[0.351484,0.649943,-0.67382],[0.469779,0.500123,0.727451],[0.809794,-0.572234,-0.129544]],[[-0.0748568,0.843642,-0.531663],[-0.0718215,0.527213,0.846693],[0.994605,0.101566,0.0211261]],[[-0.0748568,0.843642,-0.531663],[-0.57295,0.399983,0.715362],[0.816165,0.358166,0.453423]],[[-0.0748568,0.843642,-0.531663],[-0.99684,-0.0775238,0.017338],[-0.0265894,0.531281,0.846779]]],0],[131,[0.469631,-0.809171,0.353113],13,55.5088,[-35.4843,148.532,42.0193],[-33.5091,151.258,47.6438],[-74.7888,5.99768,0.102062],false,[41.2066,166.592,39.6433],[-22.6391,193.034,32.7992],[-57.1048,172.188,37.4941],[-46.3903,153.727,45.5502],[-30.8046,150.566,48.2297],[[[-0.0265669,-0.310124,-0.950325],[0.392426,0.87111,-0.295244],[0.9194,-0.380776,0.0985578]],[[0.0879883,-0.355074,-0.930688],[-0.519542,0.780807,-0.34701],[0.849902,0.514064,-0.115774]],[[0.0879883,-0.355074,-0.930688],[-0.878467,-0.46815,0.0955563],[-0.469631,0.809171,-0.353113]],[[0.0879883,-0.355074,-0.930688],[-0.241409,-0.91406,0.325907],[-0.966426,0.196,-0.166145]]],1],[132,[0.352681,-0.786129,0.50756],13,63.2478,[-34.9494,140.686,32.2664],[-36.1787,143.447,37.9579],[-126.072,9.81928,-10.5075],false,[41.0205,164.638,28.1877],[-19.2322,186.601,13.2201],[-60.108,168.156,20.8929],[-50.6415,147.055,34.5165],[-34.0685,142.386,38.7789],[[[0.0313845,-0.502645,-0.863923],[0.402375,0.797568,-0.449422],[0.914937,-0.333516,0.227283]],[[0.0734849,-0.517471,-0.85254],[-0.432915,0.753558,-0.494707],[0.898435,0.405431,-0.168646]],[[0.0734849,-0.517471,-0.85254],[-0.932854,-0.337973,0.124734],[-0.352681,0.786129,-0.50756]],[[0.0734849,-0.517471,-0.85254],[-0.348748,-0.814213,0.464147],[-0.934331,0.263214,-0.240299]]],2],[133,[0.040208,-0.792678,0.608313],13,60.8145,[-43.339,133.682,16.337],[-41.1677,137.768,20.643],[7.42912,4.25756,2.1859],false,[41.0161,159.774,17.6609],[-11.6895,175.824,-3.79701],[-52.3666,164.888,-1.70927],[-51.3153,144.161,14.197],[-37.6824,136.354,22.2116],[[[0.13526,-0.604931,-0.784706],[0.43255,0.74858,-0.502522],[0.891406,-0.271453,0.362916]],[[0.120871,-0.600476,-0.790455],[-0.234704,0.756428,-0.610516],[0.964523,0.259317,-0.0495036]],[[0.120871,-0.600476,-0.790455],[-0.991854,-0.10531,-0.0716682],[-0.040208,0.792678,-0.608313]],[[0.120871,-0.600476,-0.790455],[-0.622763,-0.665966,0.410677],[-0.773018,0.442627,-0.45445]]],3],[134,[-0.106162,-0.696516,0.709644],13,47.6774,[-34.2446,137.807,0.786289],[-32.2092,138.728,4.18819],[10.0769,-1.34382,4.44468],false,[40.4874,148.727,10.0351],[-5.20812,161.98,-17.0191],[-38.3056,157.765,-16.1638],[-40.2655,144.906,-3.06254],[-29.2498,137.189,6.09221],[[[0.16418,-0.747598,-0.643538],[0.525365,0.618435,-0.584405],[0.834887,-0.242145,0.494297]],[[0.0734386,-0.717221,-0.692966],[-0.105903,0.685305,-0.720515],[0.991661,0.126301,-0.0256277]],[[0.0734386,-0.717221,-0.692966],[-0.991633,0.0214511,-0.127293],[0.106162,0.696516,-0.709644]],[[0.0734386,-0.717221,-0.692966],[-0.732255,-0.510501,0.450767],[-0.677059,0.474324,-0.562679]]],4]],[[0,200,0],[235.247,235.247,147.751]]],[42031,944695059,[[13,"right",[-0.842786,0.447232,-0.299491],[-0.52519,-0.805107,0.275643],[-0.990058,171.6,18.9286],[8.92002,-9.91135,10.2211],[-2.75855,172.452,16.6717],1,1,0.460219,[[0.306133,-0.439685,-0.844369],[0.353357,0.876072,-0.328081],[0.88398,-0.197927,0.423561]],60.1457,[270.244,98.8415,134.444],[44.957,149.284,26.4978]]],[[130,[-0.816992,-0.356401,-0.453323],13,49.193,[-37.1893,128.224,23.0162],[-33.9237,125.297,25.551],[-3.07554,-7.57412,2.43602],false,[39.1542,150.116,54.8541],[39.1542,150.116,54.8541],[-7.70965,145.35,53.7932],[-34.003,133.88,39.2038],[-33.4841,122.16,20.4856],[[[0.35271,0.650606,-0.672539],[0.46894,0.499062,0.72872],[0.809747,-0.572407,-0.129071]],[[-0.073851,0.844329,-0.530712],[-0.0726932,0.526192,0.847253],[0.994616,0.10115,0.0225171]],[[-0.073851,0.844329,-0.530712],[-0.5719,0.400109,0.716131],[0.816992,0.356401,0.453323]],[[-0.073851,0.844329,-0.530712],[-0.996993,-0.0750409,0.0193509],[-0.0234866,0.530545,0.847331]]],0],[131,[0.406279,-0.839142,0.361633],13,55.5088,[-35.5043,148.572,42.0823],[-35.6099,151.702,47.2862],[-136.672,19.3675,-13.0253],false,[41.2322,166.527,39.788],[-22.593,193.003,32.8842],[-58.209,173.968,36.5849],[-48.9399,154.824,44.8354],[-33.6011,150.883,47.8823],[[[-0.0253326,-0.308976,-0.950732],[0.3932,0.871304,-0.293639],[0.919104,-0.381266,0.0994168]],[[0.0933956,-0.35556,-0.929976],[-0.468957,0.808246,-0.356115],[0.878269,0.469378,-0.0912556]],[[0.0933956,-0.35556,-0.929976],[-0.908963,-0.411605,0.0660845],[-0.406279,0.839142,-0.361633]],[[0.0933956,-0.35556,-0.929976],[-0.294395,-0.902154,0.315357],[-0.951109,0.244327,-0.188932]]],1],[132,[0.351493,-0.786946,0.507118],13,63.2478,[-35.0072,140.741,32.3755],[-36.2155,143.43,37.95],[-90.1694,6.82307,-7.89392],false,[41.0617,164.586,28.3298],[-19.1606,186.592,13.3023],[-60.067,168.175,20.8817],[-50.6325,147.053,34.4935],[-34.0649,142.378,38.7701],[[[0.0324174,-0.501624,-0.864478],[0.40334,0.797942,-0.447891],[0.914476,-0.334159,0.228192]],[[0.0744583,-0.516468,-0.853063],[-0.43135,0.754591,-0.494499],[0.899107,0.404789,-0.166593]],[[0.0744583,-0.516468,-0.853063],[-0.933225,-0.337605,0.12294],[-0.351493,0.786946,-0.507118]],[[0.0744583,-0.516468,-0.853063],[-0.349367,-0.814733,0.462767],[-0.934023,0.263576,-0.2411]]],2],[133,[0.0404691,-0.792888,0.608022],13,60.8145,[-43.3366,133.686,16.3407],[-41.0734,137.811,20.5955],[8.43397,4.45481,0.0274065],false,[41.0704,159.735,17.7972],[-11.5979,175.832,-3.71684],[-52.2854,164.911,-1.75551],[-51.2272,144.178,14.1431],[-37.5754,136.409,22.1618],[[[0.136138,-0.604046,-0.785235],[0.433571,0.749005,-0.501007],[0.890776,-0.272249,0.363865]],[[0.122928,-0.599947,-0.790539],[-0.232619,0.75697,-0.610643],[0.964768,0.25896,-0.0465062]],[[0.122928,-0.599947,-0.790539],[-0.99159,-0.106736,-0.073189],[-0.0404691,0.792888,-0.608022]],[[0.122928,-0.599947,-0.790539],[-0.621025,-0.667842,0.410262],[-0.774091,0.440512,-0.454679]]],3],[134,[-0.105467,-0.697686,0.708598],13,47.6774,[-34.2385,137.809,0.793812],[-32.0831,138.774,4.16581],[11.3082,0.651856,2.46028],false,[40.5482,148.697,10.1574],[-5.10327,162.001,-16.9462],[-38.2082,157.835,-16.1424],[-40.1553,144.954,-3.06044],[-29.1076,137.243,6.06059],[[[0.164799,-0.746895,-0.644197],[0.526451,0.618921,-0.582912],[0.834081,-0.243075,0.4952]],[[0.0732636,-0.716087,-0.694155],[-0.103897,0.686758,-0.719422],[0.991886,0.124828,-0.0240853]],[[0.0732636,-0.716087,-0.694155],[-0.99172,0.021296,-0.126638],[0.105467,0.697686,-0.708598]],[[0.0732636,-0.716087,-0.694155],[-0.730448,-0.512422,0.451518],[-0.679027,0.473965,-0.560607]]],4]],[[0,200,0],[235.247,235.247,147.751]]]]}