{"metadata":{"formatVersion":2,"generatedBy":"LeapJS Playback 0.2.1","frames":1,"protocolVersion":6,"serviceVersion":"2.2.6+29154","frameRate":"1.1e+2","modified":"Thu Jun 04 2015 13:48:02 GMT-0300 (E. South America Standard Time)"},"frames":[["id","timestamp",{"hands":[["id","type","direction","palmNormal","palmPosition","palmVelocity","stabilizedPalmPosition","pinchStrength","grabStrength","confidence","armBasis","armWidth","elbow","wrist"]]},{"pointables":[["id","direction","handId","length","stabilizedTipPosition","tipPosition","tipVelocity","tool","carpPosition","mcpPosition","pipPosition","dipPosition","btipPosition","bases","type"]]},{"interactionBox":["center","size"]}],[29490,688747522,[[11,"right",[-0.896739,-0.166704,-0.409962],[-0.430349,0.11237,0.895641],[66.2835,146.069,25.2639],[0.617676,-5.48882,2.71613],[65.5505,145.861,27.3255],0.991095,0,0.40725,[[-0.187817,-0.977251,-0.0985163],[0.680119,-0.0570315,-0.73088],[0.708634,-0.204274,0.675359]],61.9556,[301.973,93.4627,221.603],[115.939,147.09,44.3054]]],[[110,[-0.684623,-0.64999,0.329853],11,50.6732,[27.9144,133.797,71.7332],[28.834,136.252,72.96],[-1.16412,-4.10152,4.16385],false,[111.542,175.977,50.2928],[111.542,175.977,50.2928],[64.0068,168.723,56.8843],[41.3105,147.175,67.8194],[25.4672,132.624,75.2412],[[[0.251476,-0.527218,-0.811666],[0.459337,0.803168,-0.379383],[0.851921,-0.277422,0.444148]],[[-0.0668503,-0.394638,-0.916402],[-0.190558,0.9066,-0.376516],[0.979397,0.149458,-0.135808]],[[-0.0668503,-0.394638,-0.916402],[-0.725825,0.649441,-0.226726],[0.684624,0.64999,-0.329853]],[[-0.0668503,-0.394638,-0.916402],[-0.714687,0.659841,-0.232018],[0.696243,0.63943,-0.326153]]],0],[111,[-0.978192,-0.162189,0.12975],11,57.1791,[-34.2155,150.635,16.8403],[-33.6206,152.448,16.2758],[2.0158,-0.846743,-8.55962],false,[111.204,164.424,30.3524],[42.8753,165.626,9.21786],[1.82035,158.271,11.5302],[-21.1683,154.459,14.5795],[-37.306,151.94,17.6124],[[[-0.0487902,-0.993666,0.101225],[0.291882,-0.111107,-0.949979],[0.955209,-0.0168037,0.295455]],[[0.183045,-0.968382,0.1695],[-0.0237587,-0.17672,-0.983974],[0.982817,0.176085,-0.0553554]],[[0.183045,-0.968382,0.1695],[-0.0981563,-0.189554,-0.976952],[0.978192,0.162189,-0.12975]],[[0.183045,-0.968382,0.1695],[-0.151092,-0.198075,-0.968472],[0.971424,0.151664,-0.182572]]],1],[112,[-0.974996,-0.205139,0.0854464],11,65.151,[-40.2111,123.606,16.5658],[-40.4152,125.475,16.252],[0.781222,0.0896753,-2.43569],false,[110.562,152.481,29.8097],[45.8932,144.395,10.9867],[0.237984,133.987,12.9036],[-26.7197,128.316,15.2661],[-44.5199,124.799,17.4202],[[[0.0316715,-0.953203,0.300667],[0.300332,-0.27784,-0.912472],[0.953309,0.119199,0.277478]],[[0.222144,-0.909955,0.350191],[0.0405513,-0.350231,-0.935785],[0.97417,0.22208,-0.0409019]],[[0.222144,-0.909955,0.350191],[-0.00591478,-0.360416,-0.932773],[0.974996,0.205139,-0.0854464]],[[0.222144,-0.909955,0.350191],[-0.0398805,-0.367344,-0.92923],[0.974198,0.192457,-0.117893]]],2],[113,[-0.973633,-0.198249,0.112858],11,62.6444,[-28.6552,106.322,24.7113],[-28.4475,107.257,24.5088],[-0.884138,3.12139,7.7195],false,[110.441,140.813,32.3634],[53.7115,124.625,17.2238],[11.4364,115.064,20.1648],[-14.7883,109.725,23.2046],[-32.455,106.414,25.8428],[[[0.148882,-0.901597,0.406148],[0.332064,-0.341291,-0.879349],[0.931433,0.265787,0.248576]],[[0.227667,-0.875686,0.425842],[0.034436,-0.429812,-0.902261],[0.97313,0.220079,-0.0676988]],[[0.227667,-0.875686,0.425842],[-0.0144055,-0.440308,-0.897731],[0.973633,0.198249,-0.112858]],[[0.227667,-0.875686,0.425842],[-0.0495765,-0.447184,-0.893067],[0.972476,0.18221,-0.145222]]],3],[114,[0.302722,0.593112,0.746041],11,49.1121,[50.5697,132.785,71.5506],[52.1571,136.014,69.9974],[0.470121,0.15031,2.51915],false,[110.546,130.69,41.7981],[60.9533,108.016,27.4771],[37.1954,118.548,49.9858],[42.9524,129.827,64.1734],[55.1454,138.146,72.111],[[[0.198758,-0.795908,0.571861],[0.432155,-0.452536,-0.780034],[0.879623,0.402171,0.25401]],[[0.180045,-0.804264,0.566342],[-0.700039,-0.509238,-0.500622],[0.691035,-0.306326,-0.654702]],[[0.180045,-0.804264,0.566342],[-0.935918,0.0371231,0.350256],[-0.302722,-0.593112,-0.746041]],[[0.180045,-0.804264,0.566342],[-0.662033,0.326756,0.674494],[-0.727527,-0.496377,-0.473618]]],4]],[[0,200,0],[235.247,235.247,147.751]]]]}