{"metadata":{"formatVersion":2,"generatedBy":"LeapJS Playback 0.2.1","frames":1,"protocolVersion":6,"serviceVersion":"2.2.6+29154","frameRate":"1.1e+2","modified":"Thu Jun 04 2015 13:48:36 GMT-0300 (E. South America Standard Time)"},"frames":[["id","timestamp",{"hands":[["id","type","direction","palmNormal","palmPosition","palmVelocity","stabilizedPalmPosition","pinchStrength","grabStrength","confidence","armBasis","armWidth","elbow","wrist"]]},{"pointables":[["id","direction","handId","length","stabilizedTipPosition","tipPosition","tipVelocity","tool","carpPosition","mcpPosition","pipPosition","dipPosition","btipPosition","bases","type"]]},{"interactionBox":["center","size"]}],[29624,689995274,[[11,"right",[-0.891616,-0.162571,-0.422602],[-0.435549,0.0528196,0.898614],[67.4986,145.638,26.8047],[16.6382,-20.0012,-9.05046],[63.3373,152.527,27.7584],0.97144,0,0.323278,[[-0.157615,-0.978509,-0.132959],[0.665378,-0.00574519,-0.746485],[0.729678,-0.206126,0.651983]],61.9556,[308.617,92.5367,217.254],[117.059,146.65,46.0926]]],[[110,[-0.69969,-0.65898,0.276006],11,50.6732,[28.172,133.476,71.9394],[30.5391,134.738,72.3623],[5.59966,-14.8698,-12.2911],false,[112.022,175.056,53.6669],[112.022,175.056,53.6669],[64.0128,169.196,57.7282],[40.817,147.35,66.8783],[26.9762,130.637,73.7281],[[[0.265388,-0.475441,-0.838764],[0.443143,0.832773,-0.331833],[0.856267,-0.283628,0.431696]],[[-0.035952,-0.353356,-0.934798],[-0.142424,0.927666,-0.345183],[0.989153,0.120728,-0.0836778]],[[-0.035952,-0.353356,-0.934798],[-0.713541,0.663992,-0.223548],[0.69969,0.65898,-0.276006]],[[-0.035952,-0.353356,-0.934798],[-0.792937,0.579406,-0.188521],[0.608243,0.734458,-0.30102]]],0],[111,[-0.974136,-0.18698,0.12688],11,57.1791,[-35.0221,149.075,18.5343],[-32.4246,150.703,19.6098],[18.0918,13.9406,-8.20102],false,[111.996,164.634,33.1103],[43.7263,165.56,11.7744],[2.84343,157.39,14.3863],[-20.0498,152.996,17.3681],[-36.137,149.999,20.2311],[[[-0.027694,-0.998591,0.0452732],[0.297263,-0.0514687,-0.953407],[0.954394,-0.0129456,0.298269]],[[0.20172,-0.972621,0.1154],[-0.0382461,-0.125554,-0.991349],[0.978696,0.195561,-0.0625258]],[[0.20172,-0.972621,0.1154],[-0.101828,-0.13801,-0.985182],[0.974136,0.18698,-0.12688]],[[0.20172,-0.972621,0.1154],[-0.146805,-0.146516,-0.978254],[0.968379,0.180392,-0.172341]]],1],[112,[-0.975254,-0.216279,0.0458539],11,65.151,[-40.4333,122.823,16.3518],[-39.1627,125.1,15.3722],[10.004,12.8704,-0.914055],false,[111.614,152.729,31.8977],[47.1951,144.332,12.3663],[1.56996,133.624,12.6494],[-25.3948,127.645,13.9172],[-43.2177,123.861,15.2885],[[[0.0512352,-0.967655,0.247019],[0.309183,-0.219823,-0.925248],[0.949621,0.123779,0.28792]],[[0.220083,-0.929968,0.294488],[0.0616677,-0.288022,-0.955636],[0.97353,0.228479,-0.0060396]],[[0.220083,-0.929968,0.294488],[0.021049,-0.297292,-0.954555],[0.975254,0.216279,-0.0458539]],[[0.220083,-0.929968,0.294488],[-0.00881494,-0.303773,-0.952704],[0.975441,0.207078,-0.0750528]]],2],[113,[-0.983287,-0.162302,0.0824913],11,62.6444,[-27.8771,106.4,24.3225],[-27.4607,110.324,23.356],[5.53355,5.38586,-4.17547],false,[111.736,140.936,33.7941],[55.4175,124.415,17.5223],[12.7303,116.444,18.7505],[-13.7544,112.072,20.9724],[-31.5887,109.407,23.1772],[[[0.166967,-0.91955,0.355738],[0.342168,-0.284338,-0.895585],[0.924686,0.271255,0.267165]],[[0.181258,-0.915242,0.35983],[0.0401493,-0.358699,-0.932589],[0.982616,0.183486,-0.0282708]],[[0.181258,-0.915242,0.35983],[-0.0170983,-0.368769,-0.929364],[0.983287,0.162302,-0.0824913]],[[0.181258,-0.915242,0.35983],[-0.0582884,-0.375246,-0.925091],[0.981707,0.146706,-0.121364]]],3],[114,[0.299293,0.556151,0.775319],11,49.1121,[51.0908,133.361,71.1406],[54.5721,133.357,71.3959],[3.06011,-15.1402,-6.22144],false,[112.029,130.305,42.6482],[62.9825,107.416,26.8625],[39.413,116.512,50.1804],[45.1047,127.089,64.9248],[57.1271,135.182,73.3419],[[[0.214021,-0.822269,0.527322],[0.444312,-0.398811,-0.802207],[0.869932,0.405985,0.27999]],[[0.194684,-0.831067,0.520986],[-0.701505,-0.489208,-0.518234],[0.685557,-0.264583,-0.678238]],[[0.194684,-0.831067,0.520986],[-0.934089,0.00498565,0.357006],[-0.299293,-0.556151,-0.775319]],[[0.194684,-0.831067,0.520986],[-0.668963,0.275952,0.690173],[-0.717347,-0.482886,-0.502229]]],4]],[[0,200,0],[235.247,235.247,147.751]]]]}