{"metadata":{"formatVersion":2,"generatedBy":"LeapJS Playback 0.2.1","frames":1,"protocolVersion":6,"serviceVersion":"2.2.6+29154","frameRate":"1.1e+2","modified":"Thu Jun 04 2015 13:48:56 GMT-0300 (E. South America Standard Time)"},"frames":[["id","timestamp",{"hands":[["id","type","direction","palmNormal","palmPosition","palmVelocity","stabilizedPalmPosition","pinchStrength","grabStrength","confidence","armBasis","armWidth","elbow","wrist"]]},{"pointables":[["id","direction","handId","length","stabilizedTipPosition","tipPosition","tipVelocity","tool","carpPosition","mcpPosition","pipPosition","dipPosition","btipPosition","bases","type"]]},{"interactionBox":["center","size"]}],[29729,690962224,[[11,"right",[-0.879378,-0.188261,-0.437323],[-0.455791,0.0673139,0.887538],[66.1321,147.432,26.5718],[-1.23402,-6.98404,-5.93052],[64.3016,150.789,27.8357],1,0,0.399086,[[-0.234155,-0.959109,-0.159003],[0.631913,-0.0258585,-0.774608],[0.738821,-0.281854,0.612128]],61.9556,[309.196,75.7783,207.578],[115.238,149.772,46.8801]]],[[110,[-0.668342,-0.683944,0.292472],11,50.6732,[28.5025,133.44,72.1206],[29.3233,135.465,73.0211],[0.281647,-2.28765,-2.64013],false,[109.562,178.264,53.6358],[109.562,178.264,53.6358],[61.8004,170.914,58.158],[39.6439,148.24,67.8539],[26.3719,131.204,75.0245],[[[0.291467,-0.491216,-0.820825],[0.436246,0.831913,-0.342945],[0.851315,-0.258124,0.456766]],[[-0.0316012,-0.366723,-0.929793],[-0.174968,0.917923,-0.356095],[0.984067,0.151431,-0.0931723]],[[-0.0316012,-0.366723,-0.929793],[-0.743183,0.630662,-0.223483],[0.668342,0.683944,-0.292472]],[[-0.0316012,-0.366723,-0.929793],[-0.811684,0.552252,-0.190229],[0.583242,0.748687,-0.315115]]],0],[111,[-0.98298,-0.158534,0.0928289],11,57.1791,[-34.9392,150.245,19.208],[-34.3106,153.431,16.1174],[-0.302048,-9.62391,-19.4944],false,[110.158,167.342,33.3492],[42.3618,166.565,10.5472],[1.1989,159.606,12.0164],[-21.9022,155.881,14.198],[-38.1696,153.348,16.4184],[[[-0.0119524,-0.997509,0.0695164],[0.318725,-0.0696957,-0.945282],[0.947772,0.0108582,0.318764]],[[0.169773,-0.976967,0.129275],[-0.0128247,-0.133358,-0.990985],[0.9854,0.166584,-0.03517]],[[0.169773,-0.976967,0.129275],[-0.0701962,-0.142835,-0.987254],[0.98298,0.158534,-0.0928289]],[[0.169773,-0.976967,0.129275],[-0.110868,-0.149281,-0.98256],[0.979227,0.15248,-0.133658]]],1],[112,[-0.972408,-0.219947,0.0777585],11,65.151,[-40.6025,123.702,16.4825],[-39.8404,125.05,16.7611],[-2.11892,3.54034,4.33941],false,[110.001,155.406,32.4253],[46.1718,145.422,11.7411],[0.636034,134.492,13.5964],[-26.2501,128.411,15.7463],[-44.0099,124.571,17.6691],[[[0.0620464,-0.960276,0.272066],[0.332846,-0.237078,-0.912692],[0.940938,0.147185,0.304914]],[[0.233287,-0.917091,0.323297],[0.0390894,-0.323358,-0.945469],[0.971622,0.233203,-0.0395866]],[[0.233287,-0.917091,0.323297],[-0.000203485,-0.332517,-0.943097],[0.972408,0.219947,-0.0777585]],[[0.233287,-0.917091,0.323297],[-0.0285657,-0.33879,-0.940428],[0.971988,0.210155,-0.105233]]],2],[113,[-0.96955,-0.218855,0.109892],11,62.6444,[-27.871,106.509,24.3126],[-27.0341,106.322,25.2172],[-2.27353,-0.983762,-6.98912],false,[110.28,143.667,34.617],[54.6124,125.782,17.5653],[12.551,115.162,19.8657],[-13.5637,109.267,22.8257],[-31.1525,105.633,25.5568],[[[0.174568,-0.907528,0.381994],[0.366254,-0.300267,-0.880737],[0.913993,0.293655,0.279969]],[[0.244735,-0.882097,0.402503],[0.0516885,-0.402668,-0.913886],[0.968211,0.244465,-0.0529526]],[[0.244735,-0.882097,0.402503],[-0.00884537,-0.417141,-0.908799],[0.96955,0.218855,-0.109892]],[[0.244735,-0.882097,0.402503],[-0.0521056,-0.426493,-0.902989],[0.968189,0.20002,-0.15034]]],3],[114,[0.270873,0.578033,0.769744],11,49.1121,[51.6577,133.683,71.2972],[52.3317,136.086,71.3652],[-7.65617,1.73813,-5.7012],false,[110.558,133.263,43.7372],[62.2562,109.15,27.4848],[38.0679,118.466,50.0709],[43.2192,129.458,64.7093],[54.8683,137.94,73.2675],[[[0.216248,-0.805269,0.552067],[0.468248,-0.410634,-0.782384],[0.856727,0.427693,0.288267]],[[0.194125,-0.816011,0.544465],[-0.683612,-0.510592,-0.521508],[0.703555,-0.270965,-0.656954]],[[0.194125,-0.816011,0.544465],[-0.942838,-0.00194529,0.333246],[-0.270873,-0.578033,-0.769744]],[[0.194125,-0.816011,0.544465],[-0.692234,0.279314,0.665429],[-0.695074,-0.506073,-0.510649]]],4]],[[0,200,0],[235.247,235.247,147.751]]]]}