{"metadata":{"formatVersion":2,"generatedBy":"LeapJS Playback 0.2.1","frames":1,"protocolVersion":6,"serviceVersion":"2.2.6+29154","frameRate":"1.1e+2","modified":"Thu Jun 04 2015 13:49:23 GMT-0300 (E. South America Standard Time)"},"frames":[["id","timestamp",{"hands":[["id","type","direction","palmNormal","palmPosition","palmVelocity","stabilizedPalmPosition","pinchStrength","grabStrength","confidence","armBasis","armWidth","elbow","wrist"]]},{"pointables":[["id","direction","handId","length","stabilizedTipPosition","tipPosition","tipVelocity","tool","carpPosition","mcpPosition","pipPosition","dipPosition","btipPosition","bases","type"]]},{"interactionBox":["center","size"]}],[28718,681634419,[[11,"right",[-0.914923,-0.135711,-0.380129],[-0.40166,0.21323,0.890619],[59.6242,136.689,23.5573],[-1.11488,-4.09438,-6.74975],[55.0491,129.58,20.3778],0.968811,0,0.354055,[[-0.0849195,-0.980539,0.177011],[0.508432,-0.195426,-0.838633],[0.856905,0.0187815,0.515132]],61.9556,[334.602,140.679,176.859],[109.644,135.748,41.6249]]],[[110,[-0.74309,-0.56793,0.353939],11,50.6732,[20.2565,129.384,61.9892],[22.1865,130.442,67.2166],[1.50115,14.6205,1.56499],false,[107.367,165.257,45.3235],[107.367,165.257,45.3235],[59.2775,160.036,49.2996],[34.6429,141.208,61.0332],[18.2819,127.776,69.3829],[[[0.196744,-0.606532,-0.770331],[0.50465,0.736266,-0.450822],[0.840607,-0.300051,0.450943]],[[-0.0149998,-0.514637,-0.857277],[-0.134395,0.850631,-0.508296],[0.990814,0.107589,-0.0819237]],[[-0.0149998,-0.514637,-0.857277],[-0.669023,0.642343,-0.373903],[0.74309,0.56793,-0.353939]],[[-0.0149998,-0.514637,-0.857277],[-0.694858,0.621878,-0.361165],[0.718991,0.590268,-0.366928]]],0],[111,[-0.991476,-0.11717,0.0569777],11,57.1791,[-41.9494,142.115,4.93091],[-40.0245,147.086,9.5909],[-2.71266,-3.4208,-20.0904],false,[105.797,152.204,26.3935],[37.2578,156.495,6.37042],[-4.14536,150.953,6.21558],[-27.4462,148.199,7.55462],[-43.8795,146.448,9.24437],[[[-0.114371,-0.976581,0.182231],[0.262431,-0.206619,-0.94257],[0.958149,-0.0599796,0.279916]],[[0.127688,-0.960781,0.246162],[0.0362207,-0.243511,-0.969222],[0.991153,0.132675,0.00370664]],[[0.127688,-0.960781,0.246162],[-0.0259004,-0.251339,-0.967552],[0.991476,0.11717,-0.0569777]],[[0.127688,-0.960781,0.246162],[-0.0717792,-0.256495,-0.963877],[0.989214,0.105407,-0.101715]]],1],[112,[-0.992251,-0.123195,0.0161797],11,65.151,[-51.4769,121.079,2.72951],[-48.8588,123.541,8.93387],[-5.98698,9.64796,15.6972],false,[104.328,140.33,26.8314],[38.8552,135.313,9.80386],[-7.50989,128.612,8.47521],[-34.9446,125.206,8.92256],[-53.0865,123.231,9.83193],[[[-0.0269212,-0.926078,0.376371],[0.260289,-0.370014,-0.891818],[0.965155,0.0739565,0.251009]],[[0.118963,-0.904328,0.409925],[0.0842547,-0.402174,-0.911678],[0.989317,0.142994,0.0283501]],[[0.118963,-0.904328,0.409925],[0.035869,-0.408673,-0.911976],[0.992251,0.123195,-0.0161797]],[[0.118963,-0.904328,0.409925],[-0.000713709,-0.412935,-0.91076],[0.992898,0.108054,-0.0497694]]],2],[113,[-0.997492,-0.0641934,0.0298288],11,62.6444,[-43.7372,110.621,11.184],[-38.6271,109.743,17.6981],[-5.58694,0.880864,19.2263],false,[103.466,128.94,30.3241],[45.4397,115.605,17.492],[2.18015,111.704,16.6932],[-24.6872,109.975,17.4966],[-42.7963,109.156,18.6862],[[[0.0958582,-0.874555,0.475358],[0.288335,-0.432686,-0.854193],[0.952719,0.218944,0.210688]],[[0.0706779,-0.880029,0.469631],[0.0583489,-0.466355,-0.882671],[0.995791,0.0897878,0.0183878]],[[0.0706779,-0.880029,0.469631],[0.00389704,-0.470561,-0.882359],[0.997492,0.0641934,-0.0298288]],[[0.0706779,-0.880029,0.469631],[-0.0364382,-0.472772,-0.880431],[0.996833,0.0451145,-0.0654812]]],3],[114,[0.423608,0.598655,0.67983],11,49.1121,[45.584,130.728,59.6465],[46.3087,128.284,66.0139],[4.90323,5.61618,-0.599295],false,[103.088,119.619,40.5451],[51.7546,99.4002,28.9359],[26.9162,112.021,49.0796],[34.9721,123.405,62.0081],[49.5683,129.662,67.3634],[[[0.156513,-0.759742,0.631107],[0.382765,-0.54239,-0.747867],[0.910492,0.358616,0.205911]],[[0.10652,-0.778205,0.618911],[-0.683154,-0.509552,-0.523123],[0.722464,-0.367088,-0.585911]],[[0.10652,-0.778205,0.618911],[-0.899561,0.18976,0.393423],[-0.423608,-0.598655,-0.67983]],[[0.10652,-0.778205,0.618911],[-0.479734,0.504987,0.717526],[-0.870924,-0.373344,-0.31954]]],4]],[[0,200,0],[235.247,235.247,147.751]]]]}