{"metadata":{"formatVersion":2,"generatedBy":"LeapJS Playback 0.2.1","frames":1,"protocolVersion":6,"serviceVersion":"2.2.6+29154","frameRate":"1.1e+2","modified":"Thu Jun 04 2015 13:49:55 GMT-0300 (E. South America Standard Time)"},"frames":[["id","timestamp",{"hands":[["id","type","direction","palmNormal","palmPosition","palmVelocity","stabilizedPalmPosition","pinchStrength","grabStrength","confidence","armBasis","armWidth","elbow","wrist"]]},{"pointables":[["id","direction","handId","length","stabilizedTipPosition","tipPosition","tipVelocity","tool","carpPosition","mcpPosition","pipPosition","dipPosition","btipPosition","bases","type"]]},{"interactionBox":["center","size"]}],[33834,798138357,[[12,"right",[-0.75205,0.613319,-0.241371],[-0.655771,-0.733057,0.18053],[26.7134,171.127,45.3559],[3.56589,-6.86703,29.8097],[29.2144,166.531,25.4995],0,0.795627,0.521787,[[0.377718,-0.423668,-0.823307],[0.455103,0.859305,-0.2334],[0.806356,-0.28653,0.517388]],63.72,[288.378,61.5703,190.037],[70.6618,138.933,50.3418]]],[[120,[-0.974414,-0.0136608,-0.224346],12,52.1164,[-38.5712,142.835,37.177],[-36.2131,139.262,63.7642],[9.31719,-15.9995,40.7444],false,[64.2652,137.301,80.2998],[64.2652,137.301,80.2998],[14.7443,139.224,74.3215],[-18.479,138.759,66.6723],[-41.4254,138.765,62.0693],[[[0.466435,0.657019,-0.592253],[0.533478,0.325128,0.780828],[0.705577,-0.68016,-0.198854]],[[0.0871352,0.89713,-0.433087],[-0.0907523,0.440082,0.89336],[0.992054,-0.0385394,0.119763]],[[0.0871352,0.89713,-0.433087],[-0.207184,0.441555,0.872986],[0.974414,0.0136608,0.224346]],[[0.0871352,0.89713,-0.433087],[-0.176324,0.441766,0.879632],[0.980468,-0.000283048,0.196679]]],0],[121,[-0.981505,-0.165381,-0.0964214],12,58.8075,[-56.3896,205.324,26.1297],[-56.3087,208.092,49.2025],[19.9842,-24.7589,36.8101],false,[69.5745,155.825,66.4968],[7.66983,195.406,62.8028],[-23.4209,221.78,49.2546],[-47.1443,217.783,46.924],[-58.052,204.891,49.5218],[[[-0.0609945,-0.1869,-0.980484],[0.536891,0.821959,-0.190081],[0.841444,-0.538007,0.0502099]],[[0.144779,-0.311732,-0.939075],[0.674786,0.72524,-0.136715],[0.723673,-0.613881,0.315352]],[[0.144779,-0.311732,-0.939075],[-0.125248,0.935667,-0.329911],[0.981505,0.165381,0.0964214]],[[0.144779,-0.311732,-0.939075],[-0.755955,0.577505,-0.308254],[0.638413,0.754527,-0.152045]]],1],[122,[-0.982647,-0.18543,0.00464019],12,67.0064,[-61.3261,202.764,6.99123],[-60.7476,203.317,28.2776],[28.9267,-52.4231,41.8646],false,[69.2498,155.265,54.2005],[10.4612,190.582,41.3865],[-23.8118,219.146,23.1452],[-51.7547,213.873,23.2772],[-62.2986,199.714,29.7196],[[[-0.0373787,-0.395235,-0.917819],[0.537193,0.766517,-0.351959],[0.842631,-0.506202,0.183666]],[[0.0832889,-0.463448,-0.882201],[0.698189,0.658811,-0.280178],[0.711052,-0.592608,0.378446]],[[0.0832889,-0.463448,-0.882201],[-0.165737,0.866506,-0.47085],[0.982647,0.18543,-0.00464019]],[[0.0832889,-0.463448,-0.882201],[-0.823558,0.466435,-0.322785],[0.561083,0.753429,-0.342827]]],2],[123,[-0.966145,-0.255489,-0.0359172],12,64.4285,[-48.6726,187.284,-19.221],[-50.6619,183.998,3.76777],[19.1819,-37.1522,50.1778],false,[68.5853,151.539,42.5128],[16.7596,180.199,22.1051],[-15.1577,201.056,-1.18682],[-41.9219,193.979,-2.1818],[-52.2599,180.477,5.55852],[[[0.0466399,-0.522071,-0.851626],[0.559737,0.719793,-0.410599],[0.827357,-0.457537,0.325794]],[[0.185664,-0.591827,-0.784391],[0.674698,0.657127,-0.336106],[0.714361,-0.466824,0.52131]],[[0.185664,-0.591827,-0.784391],[-0.179146,0.764504,-0.619226],[0.966145,0.255489,0.0359172]],[[0.185664,-0.591827,-0.784391],[-0.812019,0.357096,-0.461635],[0.553311,0.72265,-0.414275]]],3],[124,[-0.987628,-0.06904,0.140801],12,50.5107,[-27.657,177.636,-23.8464],[-31.8658,177.975,2.39926],[12.176,-20.0097,32.8419],false,[66.2302,141.13,33.0959],[21.3387,166.349,6.43032],[-3.72951,187.133,-7.34914],[-23.0463,185.783,-4.59525],[-33.7188,175.533,4.24445],[[[0.0489537,-0.683223,-0.728567],[0.631059,0.586561,-0.507653],[0.774189,-0.434917,0.459868]],[[-0.0701361,-0.608593,-0.790377],[0.701755,0.533012,-0.472693],[0.708958,-0.587803,0.3897]],[[-0.0701361,-0.608593,-0.790377],[-0.140258,0.790473,-0.596221],[0.987628,0.06904,-0.140801]],[[-0.0701361,-0.608593,-0.790377],[-0.782121,0.525344,-0.335113],[0.619167,0.594667,-0.512839]]],4]],[[0,200,0],[235.247,235.247,147.751]]]]}