{"metadata":{"formatVersion":2,"generatedBy":"LeapJS Playback 0.2.1","frames":1,"protocolVersion":6,"serviceVersion":"2.2.6+29154","frameRate":"1.1e+2","modified":"Thu Jun 04 2015 13:50:22 GMT-0300 (E. South America Standard Time)"},"frames":[["id","timestamp",{"hands":[["id","type","direction","palmNormal","palmPosition","palmVelocity","stabilizedPalmPosition","pinchStrength","grabStrength","confidence","armBasis","armWidth","elbow","wrist"]]},{"pointables":[["id","direction","handId","length","stabilizedTipPosition","tipPosition","tipVelocity","tool","carpPosition","mcpPosition","pipPosition","dipPosition","btipPosition","bases","type"]]},{"interactionBox":["center","size"]}],[34646,805703774,[[12,"right",[-0.755146,0.57411,-0.316468],[-0.642251,-0.744672,0.181597],[37.3281,153.603,30.614],[-11.1238,21.0807,-21.7853],[37.6298,150.622,32.692],0,0.446654,0.609036,[[0.502703,-0.423072,-0.753857],[0.334644,0.899303,-0.281544],[0.797059,-0.110741,0.593661]],63.72,[297.088,93.3231,200.11],[81.8821,123.223,39.8216]]],[[120,[-0.944604,-0.0666561,-0.321373],12,52.1164,[-23.831,119.123,44.0839],[-24.7388,121.002,44.523],[-36.9872,57.8517,-47.491],false,[73.7837,122.92,69.4085],[73.7837,122.92,69.4085],[24.7817,123.439,59.9061],[-7.42518,121.167,48.9487],[-29.5838,119.689,41.5638],[[[0.479972,0.641112,-0.598834],[0.476174,0.382912,0.791604],[0.736808,-0.665097,-0.121494]],[[0.102804,0.8698,-0.482576],[-0.160551,0.493295,0.854917],[0.981659,-0.0104108,0.19036]],[[0.102804,0.8698,-0.482576],[-0.311696,0.488882,0.814764],[0.944604,0.0666561,0.321373]],[[0.102804,0.8698,-0.482576],[-0.304945,0.489345,0.817037],[0.946805,0.0631644,0.315548]]],0],[121,[-0.98119,-0.0891843,-0.171207],12,58.8075,[-50.441,190.97,26.7733],[-50.2506,192.848,26.0097],[21.3003,76.4785,-11.4096],false,[79.3213,140.879,54.962],[16.5458,178.087,45.6195],[-16.0861,201.314,30.0824],[-39.8019,199.159,25.9442],[-53.5113,189.007,26.8987],[[[0.00275215,-0.239158,-0.970977],[0.521444,0.828865,-0.202677],[0.853281,-0.505753,0.126989]],[[0.191689,-0.345243,-0.918729],[0.621566,0.76714,-0.158592],[0.759546,-0.540651,0.361644]],[[0.191689,-0.345243,-0.918729],[-0.0228281,0.934266,-0.355845],[0.98119,0.0891843,0.171207]],[[0.191689,-0.345243,-0.918729],[-0.565174,0.726472,-0.390917],[0.802393,0.594176,-0.0558658]]],1],[122,[-0.982948,-0.117566,-0.141393],12,67.0064,[-55.3637,183.059,1.2952],[-55.2174,184.461,0.283001],[12.4745,73.9888,-0.607963],false,[79.7398,139.674,42.7148],[20.7434,172.262,24.6865],[-15.8132,194.698,2.69766],[-43.7647,191.355,-1.32303],[-58.8207,180.636,2.07683],[[[0.0290741,-0.443062,-0.896019],[0.53301,0.765195,-0.361077],[0.845609,-0.467089,0.258404]],[[0.18225,-0.520563,-0.834146],[0.625757,0.715782,-0.309976],[0.758428,-0.465479,0.456197]],[[0.18225,-0.520563,-0.834146],[-0.0244631,0.845691,-0.533112],[0.982948,0.117566,0.141393]],[[0.18225,-0.520563,-0.834146],[-0.569982,0.635337,-0.521026],[0.80119,0.570405,-0.180921]]],2],[123,[-0.964305,-0.200224,-0.173281],12,64.4285,[-42.7313,162.643,-20.501],[-42.6052,164.441,-21.4338],[2.76004,57.3392,-4.22809],false,[79.8814,135.33,31.2241],[28.4866,161.12,6.37988],[-4.82135,176.719,-18.9875],[-31.5345,171.173,-23.7877],[-46.0711,160.219,-19.5688],[[[0.112932,-0.563383,-0.818441],[0.560409,0.716305,-0.41575],[0.82048,-0.411711,0.396619]],[[0.262147,-0.629586,-0.731369],[0.612808,0.69406,-0.377819],[0.745484,-0.349144,0.567761]],[[0.262147,-0.629586,-0.731369],[-0.0373421,0.750688,-0.659601],[0.964305,0.200224,0.173281]],[[0.262147,-0.629586,-0.731369],[-0.57093,0.509828,-0.643517],[0.778021,0.586257,-0.2258]]],3],[124,[-0.985207,-0.0239168,-0.169694],12,50.5107,[-21.7597,155.349,-28.944],[-21.4708,156.218,-30.4252],[-6.32394,68.7543,0.189167],false,[78.4094,124.376,22.2574],[34.4088,146.644,-8.24444],[9.4134,160.988,-28.7326],[-9.85606,160.52,-32.0516],[-25.3239,154.026,-28.0924],[[[0.112976,-0.717806,-0.687016],[0.641423,0.580752,-0.501301],[0.758823,-0.384033,0.526028]],[[0.133505,-0.727953,-0.672504],[0.694599,0.55275,-0.460434],[0.706901,-0.40565,0.57943]],[[0.133505,-0.727953,-0.672504],[0.107445,0.68521,-0.720377],[0.985207,0.0239168,0.169694]],[[0.133505,-0.727953,-0.672504],[-0.42059,0.572822,-0.703547],[0.897374,0.376775,-0.229695]]],4]],[[0,200,0],[235.247,235.247,147.751]]]]}