{"metadata":{"formatVersion":2,"generatedBy":"LeapJS Playback 0.2.1","frames":1,"protocolVersion":6,"serviceVersion":"2.2.6+29154","frameRate":"1.1e+2","modified":"Thu Jun 04 2015 13:50:38 GMT-0300 (E. South America Standard Time)"},"frames":[["id","timestamp",{"hands":[["id","type","direction","palmNormal","palmPosition","palmVelocity","stabilizedPalmPosition","pinchStrength","grabStrength","confidence","armBasis","armWidth","elbow","wrist"]]},{"pointables":[["id","direction","handId","length","stabilizedTipPosition","tipPosition","tipVelocity","tool","carpPosition","mcpPosition","pipPosition","dipPosition","btipPosition","bases","type"]]},{"interactionBox":["center","size"]}],[34678,805992781,[[12,"right",[-0.712879,0.608802,-0.348085],[-0.686005,-0.708434,0.165886],[35.6763,153.095,28.3377],[4.19159,-4.99095,0.676402],[36.8907,151.984,31.0032],0,0.684809,0.662758,[[0.491449,-0.418018,-0.764028],[0.298575,0.904983,-0.303083],[0.818127,-0.0791697,0.569562]],63.72,[299.139,99.1824,193.166],[78.2452,120.558,39.3844]]],[[120,[-0.937889,-0.0334424,-0.34532],12,52.1164,[-28.4237,121.929,40.1814],[-28.4726,122.094,40.1755],[-0.25303,-5.01038,0.0635038],false,[69.1249,121.002,68.6706],[69.1249,121.002,68.6706],[20.416,123.283,57.993],[-11.5619,122.143,46.2191],[-33.5758,121.463,38.3038],[[[0.533066,0.608766,-0.587575],[0.467821,0.366575,0.804217],[0.704971,-0.703581,-0.0893847]],[[0.145578,0.865542,-0.479212],[-0.163247,0.498748,0.851235],[0.975786,-0.0456911,0.213904]],[[0.145578,0.865542,-0.479212],[-0.314915,0.499719,0.806914],[0.937889,0.0334424,0.34532]],[[0.145578,0.865542,-0.479212],[-0.306654,0.499993,0.80992],[0.940622,0.0290462,0.33821]]],0],[121,[-0.976011,-0.189559,-0.107095],12,58.8075,[-48.6622,190.052,26.7294],[-48.3384,189.885,26.0252],[9.9556,-13.4846,3.70267],false,[76.0848,138.49,54.2606],[15.6898,178.785,42.3765],[-16.0373,203.598,27.4286],[-39.6279,199.017,24.8401],[-50.6523,186.251,27.5634],[[[0.023843,-0.249757,-0.968015],[0.570541,0.798517,-0.191972],[0.820923,-0.547715,0.161536]],[[0.167909,-0.342229,-0.924492],[0.653027,0.741146,-0.155753],[0.738487,-0.577566,0.34793]],[[0.167909,-0.342229,-0.924492],[-0.138595,0.920297,-0.365848],[0.976011,0.189559,0.107095]],[[0.167909,-0.342229,-0.924492],[-0.745298,0.569757,-0.346277],[0.645242,0.747165,-0.159395]]],1],[122,[-0.971034,-0.229342,-0.067047],12,67.0064,[-52.2992,179.789,1.35291],[-52.0808,179.89,0.583151],[14.8326,-25.5926,1.24462],false,[76.8629,137.129,42.0475],[20.2992,172.519,21.6588],[-15.1113,195.67,-1.43642],[-42.7241,189.149,-3.34299],[-54.4606,175.807,2.7724],[[[0.0369184,-0.453903,-0.890286],[0.584243,0.732578,-0.34927],[0.810739,-0.507249,0.292235]],[[0.184003,-0.538719,-0.822147],[0.653014,0.692158,-0.307393],[0.734653,-0.480312,0.47915]],[[0.184003,-0.538719,-0.822147],[-0.152433,0.810669,-0.565314],[0.971034,0.229342,0.067047]],[[0.184003,-0.538719,-0.822147],[-0.759,0.453592,-0.46709],[0.624549,0.709955,-0.325425]]],2],[123,[-0.96534,-0.206108,-0.160118],12,64.4285,[-40.6724,163.934,-23.3716],[-40.483,164.258,-24.1066],[13.1668,-12.7319,-2.9745],false,[77.1751,132.656,30.6097],[28.08,160.789,3.73945],[-3.01204,178.081,-23.2884],[-29.7539,172.372,-27.724],[-43.4409,160.917,-22.1967],[[[0.111674,-0.577526,-0.808698],[0.610935,0.681733,-0.40249],[0.783765,-0.449114,0.428963]],[[0.257489,-0.651865,-0.713282],[0.670401,0.652127,-0.353967],[0.69589,-0.387043,0.604926]],[[0.257489,-0.651865,-0.713282],[-0.0426381,0.729789,-0.682342],[0.96534,0.206108,0.160118]],[[0.257489,-0.651865,-0.713282],[-0.630133,0.446343,-0.635383],[0.732552,0.613066,-0.295833]]],3],[124,[-0.996113,-0.0836968,-0.0274467],12,50.5107,[-21.2565,155.221,-25.6672],[-20.6099,154.489,-25.9901],[13.1787,-26.9796,9.63251],false,[75.4458,121.694,21.6993],[33.7429,145.865,-10.5328],[8.89628,161.82,-29.9838],[-10.5865,160.183,-30.5207],[-23.6693,151.688,-23.188],[[[0.0991467,-0.730275,-0.675921],[0.687694,0.541233,-0.483883],[0.719198,-0.416852,0.555867]],[[0.0794146,-0.718586,-0.690889],[0.707048,0.529168,-0.46911],[0.702692,-0.451238,0.550098]],[[0.0794146,-0.718586,-0.690889],[-0.0381024,0.690384,-0.722439],[0.996113,0.0836968,0.0274467]],[[0.0794146,-0.718586,-0.690889],[-0.646224,0.490605,-0.584553],[0.759005,0.492891,-0.425406]]],4]],[[0,200,0],[235.247,235.247,147.751]]]]}