{"metadata":{"formatVersion":2,"generatedBy":"LeapJS Playback 0.2.1","frames":1,"protocolVersion":6,"serviceVersion":"2.2.6+29154","frameRate":"1.1e+2","modified":"Thu Jun 04 2015 13:50:57 GMT-0300 (E. South America Standard Time)"},"frames":[["id","timestamp",{"hands":[["id","type","direction","palmNormal","palmPosition","palmVelocity","stabilizedPalmPosition","pinchStrength","grabStrength","confidence","armBasis","armWidth","elbow","wrist"]]},{"pointables":[["id","direction","handId","length","stabilizedTipPosition","tipPosition","tipVelocity","tool","carpPosition","mcpPosition","pipPosition","dipPosition","btipPosition","bases","type"]]},{"interactionBox":["center","size"]}],[34836,807439257,[[12,"right",[-0.71665,0.599347,-0.356644],[-0.674149,-0.72633,0.134042],[38.3009,154.915,31.5443],[3.07498,-4.72806,-0.592157],[37.1043,152.754,30.6477],0,0.574018,0.695266,[[0.490853,-0.400983,-0.773483],[0.318158,0.908978,-0.269322],[0.811073,-0.113893,0.57375]],63.72,[300.264,92.3715,198.089],[81.2746,123.123,43.1762]]],[[120,[-0.936457,-0.0409061,-0.34839],12,52.1164,[-27.49,121.599,41.6403],[-26.1288,122.522,43.402],[0.917675,-0.610114,-0.601442],false,[71.3516,122.82,72.2021],[71.3516,122.82,72.2021],[22.5808,124.666,61.7254],[-9.34828,123.271,49.8468],[-30.9916,121.936,41.0426],[[[0.535046,0.631198,-0.56153],[0.437352,0.361728,0.823332],[0.722806,-0.686107,-0.0825149]],[[0.131358,0.88002,-0.456411],[-0.167818,0.473495,0.864662],[0.977027,-0.036986,0.209881]],[[0.131358,0.88002,-0.456411],[-0.32526,0.473172,0.818727],[0.936457,0.0409061,0.34839]],[[0.131358,0.88002,-0.456411],[-0.357098,0.471497,0.806332],[0.924784,0.0570653,0.376188]]],0],[121,[-0.96223,-0.251157,-0.105038],12,58.8075,[-47.4054,186.931,27.214],[-46.7203,187.094,30.2303],[3.96907,-0.344173,1.12983],false,[78.3063,140.721,58.3079],[17.3659,179.892,45.4856],[-15.7737,203.221,31.2278],[-39.0312,197.151,28.689],[-49.1816,183.638,31.1956],[[[0.0558399,-0.231084,-0.97133],[0.557441,0.81432,-0.161685],[0.828337,-0.532431,0.174287]],[[0.182848,-0.310389,-0.932859],[0.609561,0.780255,-0.140134],[0.771364,-0.543011,0.331869]],[[0.182848,-0.310389,-0.932859],[-0.201692,0.916831,-0.344589],[0.96223,0.251157,0.105038]],[[0.182848,-0.310389,-0.932859],[-0.783344,0.527373,-0.329014],[0.594087,0.790909,-0.146712]]],1],[122,[-0.956955,-0.282038,-0.0684974],12,67.0064,[-50.3112,177.554,2.43393],[-49.7275,176.807,4.70698],[8.46359,41.289,-24.1802],false,[79.4475,139.607,46.0984],[22.6783,174.117,24.7938],[-14.0174,195.615,2.11064],[-41.2298,187.595,0.162819],[-52.3298,173.608,6.01919],[[[0.071384,-0.436306,-0.896962],[0.576907,0.751643,-0.319706],[0.813685,-0.494642,0.305363]],[[0.211357,-0.515447,-0.830447],[0.612966,0.731697,-0.298149],[0.761316,-0.44602,0.470601]],[[0.211357,-0.515447,-0.830447],[-0.198911,0.809178,-0.552871],[0.956955,0.282038,0.0684974]],[[0.211357,-0.515447,-0.830447],[-0.778735,0.424659,-0.461776],[0.590678,0.744297,-0.311642]]],2],[123,[-0.962098,-0.203728,-0.181281],12,64.4285,[-37.9113,162.437,-22.1224],[-38.9678,164.675,-20.8272],[-3.24546,4.85998,2.87849],false,[80.172,135.355,34.5948],[31.2068,162.896,6.88802],[-1.51641,179.062,-18.8827],[-28.1684,173.418,-23.9045],[-42.6117,162.304,-19.7873],[[[0.146652,-0.559753,-0.815579],[0.606177,0.702399,-0.373076],[0.781692,-0.439673,0.442318]],[[0.270239,-0.623076,-0.733994],[0.624952,0.693446,-0.358563],[0.732397,-0.361813,0.576789]],[[0.270239,-0.623076,-0.733994],[-0.0365831,0.755163,-0.654516],[0.962098,0.203728,0.181281]],[[0.270239,-0.623076,-0.733994],[-0.573932,0.507847,-0.642412],[0.773029,0.594867,-0.220363]]],3],[124,[-0.995732,-0.0735779,-0.0557193],12,50.5107,[-17.7987,153.689,-23.6008],[-18.4549,156.145,-22.2392],[-1.50946,-1.41852,-4.52667],false,[78.9335,124.526,25.4438],[37.5912,148.37,-7.48884],[11.5893,163.929,-25.7121],[-7.88601,162.49,-26.8019],[-21.9185,154.437,-20.8568],[[[0.133952,-0.715189,-0.685975],[0.688271,0.565164,-0.454833],[0.71298,-0.411211,0.567948]],[[0.0911542,-0.689368,-0.718653],[0.671513,0.57545,-0.466826],[0.735364,-0.440032,0.515375]],[[0.0911542,-0.689368,-0.718653],[-0.0144659,0.720665,-0.693133],[0.995732,0.0735779,0.0557193]],[[0.0911542,-0.689368,-0.718653],[-0.573526,0.553616,-0.603802],[0.8141,0.467206,-0.344907]]],4]],[[0,200,0],[235.247,235.247,147.751]]]]}