{"metadata":{"formatVersion":2,"generatedBy":"LeapJS Playback 0.2.1","frames":80,"protocolVersion":6,"serviceVersion":"2.2.6+29154","frameRate":"43","modified":"Thu Jun 04 2015 15:07:37 GMT-0300 (E. South America Standard Time)"},"frames":[["id","timestamp",{"hands":[["id","type","direction","palmNormal","palmPosition","palmVelocity","stabilizedPalmPosition","pinchStrength","grabStrength","confidence","armBasis","armWidth","elbow","wrist"]]},{"pointables":[["id","direction","handId","length","stabilizedTipPosition","tipPosition","tipVelocity","tool","carpPosition","mcpPosition","pipPosition","dipPosition","btipPosition","bases","type"]]},{"interactionBox":["center","size"]}],[297065,5437575790,[[211,"left",[-0.321286,0.0449081,-0.945917],[0.593212,0.78815,-0.16407],[-131.3,106.567,42.8022],[-292.889,249.108,36.9061],[-131.216,106.48,42.7456],0,0,0.23649,[[0.661304,-0.741927,-0.110547],[-0.623058,-0.461227,-0.631719],[-0.417702,-0.486636,0.767275]],56.1609,[-212.709,-18.4999,269.155],[-113.308,97.3047,86.5666]],[212,"right",[0.379737,0.299051,-0.875425],[-0.893126,0.365136,-0.262683],[78.0664,120.825,41.8652],[87.7741,45.0694,-10.5461],[74.7412,118.841,42.2745],0,0,0.36225,[[-0.0797411,-0.973541,-0.214149],[0.779817,0.0728922,-0.621749],[0.620908,-0.216576,0.753371]],63.72,[227.226,37.9033,290.59],[59.5811,96.3788,87.18]]],[[2110,[-0.664034,0.693915,-0.27846],211,45.9338,[-186.66,179.087,80.6827],[-190.121,179.385,79.5076],[-569.017,215.264,-228.932],false,[-125.24,120.095,94.8896],[-125.24,120.095,94.8896],[-157.221,149.433,87.6724],[-177.176,170.286,79.3045],[-193.597,182.767,79.518],[[[-0.296246,-0.943188,-0.150446],[-0.73397,0.124019,0.667763],[0.611168,-0.308245,0.729012]],[[-0.540103,-0.702699,-0.463145],[-0.424116,-0.24807,0.870969],[0.726921,-0.66684,0.164043]],[[-0.540103,-0.702699,-0.463145],[-0.517057,-0.157147,0.841402],[0.664034,-0.693915,0.27846]],[[-0.540103,-0.702699,-0.463145],[-0.272963,-0.374301,0.886222],[0.796103,-0.605072,-0.0103498]]],0],[2111,[0.146136,0.495169,-0.856418],211,51.8312,[-151.327,145.992,-32.6641],[-154.695,146.757,-34.2098],[-100.827,107.401,-102.471],false,[-133.246,102.572,86.8068],[-155.797,119.601,28.4463],[-159.561,129.246,-7.97636],[-156.448,139.795,-26.2207],[-151.602,149.38,-36.7754],[[[0.673733,-0.597588,-0.43471],[-0.652017,-0.757575,0.0308993],[0.34779,-0.26262,0.90004]],[[0.729988,-0.638245,-0.244462],[-0.676192,-0.726469,-0.1225],[0.0994086,-0.254727,0.96189]],[[0.729988,-0.638245,-0.244462],[-0.667654,-0.58945,-0.454737],[-0.146136,-0.495169,0.856418]],[[0.729988,-0.638245,-0.244462],[-0.602955,-0.432979,-0.670056],[-0.321813,-0.636532,0.700902]]],1],[2112,[0.168573,0.592425,-0.787792],211,59.0574,[-135.127,145.073,-44.2876],[-135.711,143.203,-44.8786],[-137.448,138,-31.6313],false,[-127.172,95.1563,81.7188],[-142.629,106.19,23.2337],[-143.269,120.969,-16.5898],[-139.044,135.817,-36.3342],[-134.214,147.893,-46.5889],[[[0.815742,-0.489612,-0.30797],[-0.520934,-0.853279,-0.0232858],[0.251384,-0.179427,0.951111]],[[0.838458,-0.506389,-0.201393],[-0.544759,-0.789012,-0.284074],[0.0150499,-0.347894,0.937413]],[[0.838458,-0.506389,-0.201393],[-0.518239,-0.62658,-0.582087],[-0.168573,-0.592425,0.787792]],[[0.838458,-0.506389,-0.201393],[-0.460366,-0.460391,-0.759015],[-0.291637,-0.729116,0.619143]]],2],[2113,[0.152158,0.648509,-0.745845],211,56.7853,[-119.943,135.73,-38.3146],[-118.608,134.038,-38.8829],[-153.112,159.067,21.9996],false,[-118.977,89.3336,77.6944],[-126.584,94.1103,23.221],[-126.973,110.078,-12.7737],[-123.258,125.911,-30.984],[-119.016,138.714,-40.4324],[[[0.880777,-0.444954,-0.162012],[-0.453042,-0.891364,-0.0148981],[0.137783,-0.0865202,0.986676]],[[0.87392,-0.440751,-0.204945],[-0.48597,-0.80083,-0.350008],[0.00985993,-0.405476,0.914053]],[[0.87392,-0.440751,-0.204945],[-0.46164,-0.620625,-0.633808],[-0.152158,-0.648509,0.745845]],[[0.87392,-0.440751,-0.204945],[-0.412223,-0.448632,-0.79297],[-0.257557,-0.777475,0.573756]]],3],[2114,[0.210713,0.517255,-0.829486],211,44.5186,[-98.9574,109.17,-28.5566],[-98.0316,109.905,-27.1402],[-105.995,182.018,101.68],false,[-106.676,88.0037,75.6328],[-109.446,86.3351,24.6288],[-105.596,92.7418,-5.62607],[-101.964,101.659,-19.9252],[-98.0432,112.372,-29.9575],[[[0.953471,-0.29854,-0.0420224],[-0.29657,-0.953838,0.047314],[0.0542077,0.0326499,0.997996]],[[0.954061,-0.293702,0.0592106],[-0.272957,-0.933529,-0.232418],[-0.123536,-0.205579,0.970812]],[[0.954061,-0.293702,0.0592106],[-0.212995,-0.803857,-0.55538],[-0.210713,-0.517255,0.829486]],[[0.954061,-0.293702,0.0592106],[-0.152196,-0.645313,-0.748603],[-0.258076,-0.705202,0.660369]]],4],[2120,[0.169709,0.86501,-0.472183],212,52.1164,[75.6088,217.182,67.1075],[79.6603,217.514,68.5198],[152.723,-16.175,38.5717],false,[55.509,124.432,98.9057],[55.509,124.432,98.9057],[69.6739,170.974,87.7254],[75.4603,200.467,71.626],[82.2482,222.328,66.7542],[[[0.775919,-0.622993,-0.0991443],[0.445251,0.429515,0.785664],[-0.446879,-0.653756,0.610657]],[[0.884985,-0.344574,-0.313163],[0.369159,0.109351,0.922911],[-0.283767,-0.932369,0.223976]],[[0.884985,-0.344574,-0.313163],[0.433591,0.364728,0.823998],[-0.169709,-0.86501,0.472183]],[[0.884985,-0.344574,-0.313163],[0.364254,0.0933945,0.926605],[-0.290036,-0.934102,0.208165]]],0],[2121,[-0.108056,0.503371,-0.857287],212,58.8075,[95.3057,187.901,-38.3664],[96.6685,188.214,-38.0546],[173.379,127.851,71.8284],false,[75.0915,113.382,91.4021],[95.5254,149.585,30.704],[102.161,169.11,-6.98581],[99.5495,181.276,-27.7068],[94.3215,190.102,-41.3707],[[[-0.173913,-0.818888,-0.546971],[0.94478,-0.295407,0.141865],[-0.27775,-0.492095,0.825044]],[[-0.195931,-0.856206,-0.478041],[0.968377,-0.245722,0.0432038],[-0.154456,-0.454459,0.877275]],[[-0.195931,-0.856206,-0.478041],[0.974646,-0.116315,-0.191144],[0.108056,-0.503371,0.857287]],[[-0.195931,-0.856206,-0.478041],[0.931656,-0.0104183,-0.363192],[0.305987,-0.51653,0.79973]]],1],[2122,[-0.227454,0.456085,-0.860378],212,67.0064,[81.2576,166.92,-58.1713],[81.6491,166.709,-58.2369],[182.512,154.512,37.7624],false,[74.7449,103.194,84.4951],[92.1869,129.413,22.2381],[93.9424,146.911,-22.6395],[87.4745,159.881,-47.1056],[79.6894,169.301,-61.3811],[[[-0.368336,-0.815404,-0.446592],[0.895449,-0.440329,0.0654298],[-0.249999,-0.375801,0.892342]],[[-0.393246,-0.85131,-0.347318],[0.918712,-0.378787,-0.111755],[-0.0364217,-0.363032,0.931065]],[[-0.393246,-0.85131,-0.347318],[0.890855,-0.259341,-0.372987],[0.227454,-0.456085,0.860378]],[[-0.393246,-0.85131,-0.347318],[0.820813,-0.154847,-0.549808],[0.414276,-0.501292,0.759659]]],2],[2123,[-0.313425,0.317843,-0.894841],212,64.4285,[66.9857,130.069,-60.7183],[67.7889,129.528,-61.1083],[158.414,184.323,-2.91873],false,[71.2534,93.1378,78.3624],[84.4682,108.216,19.0178],[83.1606,115.638,-25.0216],[74.4781,124.443,-49.8105],[65.0163,132.097,-63.9875],[[[-0.467558,-0.826289,-0.314062],[0.858419,-0.509216,0.0617681],[-0.210964,-0.240717,0.947391]],[[-0.498974,-0.856873,-0.129588],[0.866122,-0.488033,-0.107962],[0.029267,-0.16611,0.985673]],[[-0.498974,-0.856873,-0.129588],[0.807954,-0.405887,-0.427161],[0.313425,-0.317844,0.894841]],[[-0.498974,-0.856873,-0.129588],[0.703258,-0.312984,-0.638333],[0.506412,-0.409646,0.758774]]],3],[2124,[-0.35317,0.345373,-0.869476],212,50.5107,[54.1704,106.708,-43.9181],[56.1525,107.676,-44.5911],[126.326,167.537,-29.6133],false,[60.8246,84.6906,73.6254],[72.8551,90.321,17.1821],[69.0133,95.314,-17.6114],[62.1057,102.069,-34.6173],[53.36,110.178,-47.0616],[[[-0.624198,-0.753025,-0.208161],[0.753214,-0.650788,0.0956235],[-0.207476,-0.0971018,0.973409]],[[-0.650643,-0.758482,-0.0370014],[0.751571,-0.636212,-0.174283],[0.10865,-0.141205,0.984]],[[-0.650643,-0.758482,-0.0370014],[0.672261,-0.55265,-0.492587],[0.35317,-0.345373,0.869476]],[[-0.650643,-0.758482,-0.0370014],[0.565,-0.450963,-0.690947],[0.507384,-0.470465,0.721958]]],4]],[[0,200,0],[235.247,235.247,147.751]]],[297066,5437604469,[[211,"left",[-0.363596,0.0317308,-0.931016],[0.665708,0.707959,-0.235855],[-133.322,109.227,44.0265],[-150.458,148.969,40.6099],[-133.32,109.224,44.0252],0,0,0.170296,[[0.604275,-0.775589,-0.18252],[-0.683381,-0.386711,-0.619229],[-0.409685,-0.498916,0.763702]],56.1609,[-211.666,-18.4459,269.102],[-114.174,100.281,87.364]],[212,"right",[0.379819,0.272129,-0.884129],[-0.901734,0.322196,-0.288212],[85.2862,129.916,42.9728],[192.791,219.216,20.9434],[82.3634,126.846,42.7793],0,0,0.473534,[[-0.107601,-0.963641,-0.244577],[0.792839,0.0652583,-0.605927],[0.599857,-0.259108,0.756991]],63.72,[229.059,36.9582,293.545],[67.098,106.917,89.1575]]],[[2110,[-0.601048,0.748823,-0.279293],211,45.9338,[-181.8,190.056,79.5929],[-181.917,189.987,79.4789],[-21.7879,312.616,-80.3716],false,[-123.114,124.652,94.9254],[-123.114,124.652,94.9254],[-152.072,156.975,87.6955],[-170.134,179.477,79.3026],[-185.07,193.7,79.6314],[[[-0.404159,-0.910933,-0.0827982],[-0.680249,0.238822,0.692983],[0.611487,-0.336399,0.716184]],[[-0.637208,-0.65993,-0.398068],[-0.400897,-0.157302,0.902517],[0.658215,-0.734676,0.16433]],[[-0.637208,-0.65993,-0.398068],[-0.482396,-0.0612903,0.873806],[0.601048,-0.748823,0.279293]],[[-0.637208,-0.65993,-0.398068],[-0.263961,-0.29839,0.917217],[0.724079,-0.689533,-0.0159407]]],0],[2111,[0.171699,0.437028,-0.882908],211,51.8312,[-152.359,147.759,-33.6121],[-154.837,148.199,-33.875],[-38.4286,69.0593,-29.754],false,[-133.383,107.735,88.2296],[-156.98,124.147,30.1063],[-160.671,132.725,-6.58988],[-157.013,142.035,-25.3985],[-151.56,150.482,-36.6087],[[[0.581338,-0.690197,-0.4309],[-0.727743,-0.677913,0.104036],[0.363918,-0.253104,0.896383]],[[0.644343,-0.727758,-0.234926],[-0.758499,-0.647341,-0.0750286],[0.0974743,-0.226535,0.969113]],[[0.644343,-0.727758,-0.234926],[-0.745212,-0.528559,-0.406552],[-0.171699,-0.437028,0.882908]],[[0.644343,-0.727758,-0.234926],[-0.673548,-0.394591,-0.625005],[-0.362153,-0.560951,0.744432]]],1],[2112,[0.205754,0.5615,-0.801488],211,59.0574,[-136.466,146.273,-43.215],[-137.287,144.051,-43.9881],[-75.849,76.3141,12.0619],false,[-128.423,99.4394,83.2942],[-145.634,109.107,25.0576],[-146.11,123.538,-14.8956],[-140.953,137.611,-34.9832],[-135.18,148.91,-45.6296],[[[0.740647,-0.592298,-0.317213],[-0.610818,-0.790232,0.0493441],[0.279898,-0.157213,0.94707]],[[0.763545,-0.604389,-0.227404],[-0.645658,-0.720633,-0.252615],[0.0111972,-0.339708,0.940464]],[[0.763545,-0.604389,-0.227404],[-0.612098,-0.565183,-0.553086],[-0.205754,-0.5615,0.801488]],[[0.763545,-0.604389,-0.227404],[-0.543622,-0.411542,-0.731511],[-0.348531,-0.682163,0.64279]]],2],[2113,[0.182148,0.593413,-0.784017],211,56.7853,[-123.165,133.24,-38.7581],[-122.153,131.364,-39.3692],[-126.48,0.27037,-3.30632],false,[-121.13,92.5442,79.2308],[-131.015,95.336,24.9857],[-131.564,109.642,-11.6989],[-127.117,124.131,-30.8413],[-122.017,135.936,-41.1273],[[[0.817689,-0.54771,-0.177198],[-0.547107,-0.835139,0.0567199],[0.179051,-0.0505669,0.982539]],[[0.808078,-0.544626,-0.224483],[-0.58891,-0.755914,-0.285969],[0.0139437,-0.363286,0.931574]],[[0.808078,-0.544626,-0.224483],[-0.560207,-0.592658,-0.578727],[-0.182148,-0.593413,0.784017]],[[0.808078,-0.544626,-0.224483],[-0.50112,-0.435234,-0.747964],[-0.309658,-0.716906,0.624626]]],3],[2114,[0.221357,0.446456,-0.866994],211,44.5186,[-104.196,105.544,-27.9927],[-103.638,105.241,-27.494],[-163.162,-37.3971,29.7444],false,[-109.169,89.7528,76.6794],[-114.77,85.7886,26.0357],[-111.84,90.1663,-4.68036],[-108.024,97.8626,-19.6261],[-103.505,107.525,-30.4431],[[[0.911999,-0.404313,-0.0692082],[-0.395284,-0.911326,0.115049],[0.109587,0.077568,0.990946]],[[0.918406,-0.394392,0.0313919],[-0.384307,-0.908143,-0.166087],[-0.0940117,-0.140471,0.985611]],[[0.918406,-0.394392,0.0313919],[-0.32792,-0.803201,-0.49733],[-0.221357,-0.446456,0.866994]],[[0.918406,-0.394392,0.0313919],[-0.260851,-0.663267,-0.701451],[-0.297468,-0.636028,0.712026]]],4],[2120,[0.152092,0.820282,-0.551367],212,52.1164,[81.5182,222.23,63.8204],[84.51,226.359,62.938],[165.463,182.869,-127.838],false,[61.9445,135.315,99.5545],[61.9445,135.315,99.5545],[75.7271,181.31,85.9084],[80.9128,209.278,67.1092],[87.0486,230.669,59.8625],[[[0.797582,-0.59994,-0.0627252],[0.421173,0.479427,0.769911],[-0.431828,-0.640485,0.635061]],[[0.896367,-0.349507,-0.272711],[0.346829,0.169745,0.92244],[-0.276108,-0.921429,0.273373]],[[0.896367,-0.349507,-0.272711],[0.416406,0.45275,0.788431],[-0.152092,-0.820282,0.551367]],[[0.896367,-0.349507,-0.272711],[0.357478,0.206054,0.910907],[-0.262175,-0.913995,0.309641]]],0],[2121,[-0.116138,0.46006,-0.880259],212,58.8075,[101.314,194.007,-39.9024],[102.45,194.213,-39.7365],[192.073,178.941,-11.6779],false,[81.9757,124.614,92.7633],[101.898,158.724,30.6983],[108.291,176.737,-7.77792],[105.484,187.857,-29.0541],[100.094,195.869,-43.1492],[[[-0.139729,-0.848154,-0.51099],[0.952441,-0.256253,0.164893],[-0.270797,-0.463648,0.843623]],[[-0.1614,-0.883219,-0.440312],[0.975606,-0.210067,0.0637556],[-0.148805,-0.419281,0.895578]],[[-0.1614,-0.883219,-0.440312],[0.980032,-0.0909364,-0.176829],[0.116138,-0.46006,0.880259]],[[-0.1614,-0.883219,-0.440312],[0.935101,0.00576603,-0.354334],[0.315493,-0.468926,0.824968]]],1],[2122,[-0.232634,0.409045,-0.882363],212,67.0064,[88.2887,171.773,-58.9367],[88.4947,171.365,-59.0576],[218.106,159.454,-5.20555],false,[82.0545,114.119,86.3227],[99.3416,138.089,23.1231],[101.03,153.611,-22.4785],[94.4145,165.242,-47.5697],[86.4841,173.742,-62.3348],[[[-0.335337,-0.846801,-0.412889],[0.90893,-0.406072,0.0946113],[-0.247779,-0.34356,0.905854]],[[-0.360162,-0.878984,-0.312523],[0.932232,-0.351689,-0.0851959],[-0.035025,-0.322028,0.946082]],[[-0.360162,-0.878984,-0.312523],[0.903418,-0.245091,-0.351804],[0.232634,-0.409045,0.882363]],[[-0.360162,-0.878984,-0.312523],[0.831979,-0.151096,-0.533837],[0.422013,-0.45228,0.785715]]],2],[2123,[-0.316214,0.27109,-0.909131],212,64.4285,[75.0962,134.816,-59.9014],[75.7421,133.962,-60.2514],[233.837,166.525,17.4205],false,[78.9767,103.684,80.6173],[92.3799,116.517,20.789],[91.2681,122.113,-23.5248],[82.5083,129.623,-48.7096],[72.9041,136.38,-63.2422],[[[-0.435703,-0.855092,-0.281034],[0.874287,-0.476279,0.0936989],[-0.213972,-0.20488,0.955113]],[[-0.467809,-0.878248,-0.099168],[0.883479,-0.461512,-0.0804467],[0.024885,-0.125247,0.991814]],[[-0.467809,-0.878248,-0.099168],[0.825326,-0.393941,-0.404533],[0.316214,-0.27109,0.909131]],[[-0.467809,-0.878248,-0.099168],[0.718973,-0.312891,-0.620626],[0.514035,-0.361634,0.77781]]],3],[2124,[-0.362391,0.300116,-0.882385],212,50.5107,[62.99,112.742,-42.489],[64.4475,112.471,-42.7884],[228.799,168.198,29.6941],false,[68.8952,94.68,76.1611],[81.3986,98.1709,19.6478],[77.6096,101.616,-15.3386],[70.5216,107.486,-32.597],[61.5106,114.839,-45.319],[[[-0.595968,-0.782529,-0.180194],[0.773515,-0.619696,0.132859],[-0.215631,-0.0602032,0.974617]],[[-0.624236,-0.78118,-0.00932353],[0.773852,-0.616655,-0.144536],[0.107159,-0.0974397,0.989456]],[[-0.624236,-0.78118,-0.00932353],[0.6921,-0.547438,-0.470436],[0.362391,-0.300116,0.882385]],[[-0.624236,-0.78118,-0.00932353],[0.580544,-0.455857,-0.674658],[0.522779,-0.426558,0.738072]]],4]],[[0,200,0],[235.247,235.247,147.751]]],[297067,5437627118,[[211,"left",[-0.37763,0.0379888,-0.925177],[0.679714,0.689878,-0.249112],[-135.114,111.028,43.9072],[-110.932,110.488,15.1852],[-135.11,111.024,43.9075],0,0,0.182663,[[0.587821,-0.782835,-0.20405],[-0.699565,-0.365201,-0.614197],[-0.406296,-0.503784,0.762316]],56.1609,[-212.191,-18.1487,268.373],[-115.505,101.737,86.9648]],[212,"right",[0.391342,0.248037,-0.886188],[-0.900822,0.300061,-0.31382],[91.9297,138.43,45.7073],[248.503,306.052,76.2453],[90.6847,136.922,45.3263],0,0,0.5478,[[-0.136005,-0.951901,-0.274568],[0.798191,0.0588831,-0.59952],[0.586851,-0.300696,0.75179]],63.72,[231.705,35.5305,295.302],[73.2552,116.718,92.3189]]],[[2110,[-0.589851,0.76325,-0.263677],211,45.9338,[-180.957,193.423,80.4145],[-181.124,193.155,80.1834],[7.60976,215.612,-14.087],false,[-123.695,126.353,94.5785],[-123.695,126.353,94.5785],[-151.975,159.384,87.88],[-169.701,182.32,79.9563],[-184.28,196.898,80.5902],[[[-0.428617,-0.900537,-0.0729419],[-0.662653,0.258459,0.702915],[0.614149,-0.349616,0.707524]],[[-0.660609,-0.643884,-0.386016],[-0.38784,-0.147546,0.909841],[0.642787,-0.750762,0.152254]],[[-0.660609,-0.643884,-0.386016],[-0.464404,-0.053505,0.884006],[0.589851,-0.76325,0.263677]],[[-0.660609,-0.643884,-0.386016],[-0.253023,-0.293143,0.92198],[0.706806,-0.706739,-0.0307356]]],0],[2111,[0.175274,0.430763,-0.885281],211,51.8312,[-153.632,149.68,-33.8119],[-156.3,150.411,-33.765],[-53.9345,84.0502,-10.5577],false,[-134.501,109.683,88.1108],[-158.604,126.504,30.3132],[-162.322,135.177,-6.35799],[-158.589,144.353,-25.2172],[-153.043,152.616,-36.5192],[[[0.556465,-0.706287,-0.437614],[-0.743078,-0.658685,0.118195],[0.371729,-0.25941,0.891361]],[[0.622458,-0.745158,-0.239343],[-0.776469,-0.626322,-0.0694023],[0.09819,-0.229042,0.968451]],[[0.622458,-0.745158,-0.239343],[-0.762774,-0.5091,-0.398739],[-0.175274,-0.430763,0.885281]],[[0.622458,-0.745158,-0.239343],[-0.690591,-0.379027,-0.615973],[-0.36828,-0.548706,0.750528]]],1],[2112,[0.218081,0.568073,-0.793557],211,59.0574,[-137.747,148.943,-42.6162],[-138.826,146.999,-43.4221],[-67.2286,104.883,20.6446],false,[-129.835,101.247,83.1272],[-147.73,111.161,25.1387],[-147.981,126.291,-14.5576],[-142.515,140.528,-34.4465],[-136.487,151.799,-44.9796],[[[0.720039,-0.612133,-0.326859],[-0.629961,-0.774144,0.0620505],[0.291019,-0.16123,0.943034]],[[0.742877,-0.623957,-0.242511],[-0.669401,-0.695594,-0.260866],[0.00591997,-0.356128,0.934418]],[[0.742877,-0.623957,-0.242511],[-0.632909,-0.536629,-0.558082],[-0.218081,-0.568073,0.793557]],[[0.742877,-0.623957,-0.242511],[-0.561836,-0.384167,-0.732636],[-0.363969,-0.68051,0.63595]]],2],[2113,[0.189442,0.598867,-0.77812],211,56.7853,[-125.263,135.501,-38.4526],[-124.631,133.586,-39.1845],[-109.101,58.0633,6.37573],false,[-122.787,94.154,78.9728],[-133.471,97.0203,24.8833],[-134.046,111.899,-11.5726],[-129.42,126.52,-30.5709],[-124.127,138.298,-40.7914],[[[0.800444,-0.569076,-0.188263],[-0.56731,-0.820645,0.0685696],[0.193518,-0.0519174,0.979722]],[[0.78828,-0.56525,-0.24312],[-0.615144,-0.733309,-0.289578],[0.014598,-0.377823,0.925763]],[[0.78828,-0.56525,-0.24312],[-0.585429,-0.567319,-0.579156],[-0.189442,-0.598867,0.77812]],[[0.78828,-0.56525,-0.24312],[-0.524696,-0.4111,-0.745447],[-0.321417,-0.715185,0.620646]]],3],[2114,[0.218387,0.437166,-0.872464],211,44.5186,[-107.224,106.043,-28.467],[-106.728,106.036,-28.0862],[-148.065,3.06226,-0.791979],false,[-110.945,91.0484,76.2403],[-117.461,87.063,25.7079],[-114.917,91.2622,-5.06748],[-111.153,98.7983,-20.1075],[-106.569,108.293,-31.0452],[[[0.900121,-0.42779,-0.0823299],[-0.416565,-0.900508,0.124738],[0.1275,0.0779836,0.988768]],[[0.9084,-0.417712,0.0180795],[-0.41006,-0.898533,-0.15649],[-0.0816128,-0.134742,0.987514]],[[0.9084,-0.417712,0.0180795],[-0.356535,-0.796494,-0.488344],[-0.218387,-0.437166,0.872464]],[[0.9084,-0.417712,0.0180795],[-0.28944,-0.659474,-0.693771],[-0.301719,-0.624989,0.719969]]],4],[2120,[0.150029,0.756958,-0.636008],212,52.1164,[87.3752,227.857,59.169],[90.3504,232.986,58.4322],[216.132,229.037,-194.038],false,[67.5487,145.369,101.679],[67.5487,145.369,101.679],[81.8556,190.304,85.3105],[86.9709,216.113,63.6254],[92.7954,236.457,53.6291],[[[0.806404,-0.590634,-0.029398],[0.401492,0.510311,0.760517],[-0.434185,-0.625087,0.648652]],[[0.900864,-0.369707,-0.227509],[0.326033,0.230206,0.916901],[-0.286611,-0.900179,0.327921]],[[0.900864,-0.369707,-0.227509],[0.407351,0.538824,0.737383],[-0.150029,-0.756958,0.636008]],[[0.900864,-0.369707,-0.227509],[0.355678,0.328163,0.875101],[-0.248871,-0.869267,0.427127]]],0],[2121,[-0.107247,0.429031,-0.8969],212,58.8075,[108.505,199.945,-38.9823],[109.639,200.186,-38.7962],[262.04,225.386,17.5482],false,[87.8335,134.727,95.5839],[108.368,167.044,32.7631],[115.185,183.859,-6.17983],[112.592,194.229,-27.8583],[107.334,201.694,-42.2987],[[[-0.119694,-0.866386,-0.484817],[0.952768,-0.237528,0.189246],[-0.279118,-0.439267,0.853896]],[[-0.142152,-0.899452,-0.413254],[0.977046,-0.194422,0.0870744],[-0.158665,-0.39139,0.906443]],[[-0.142152,-0.899452,-0.413254],[0.984018,-0.0831759,-0.157452],[0.107247,-0.429031,0.8969]],[[-0.142152,-0.899452,-0.413254],[0.940776,0.00705092,-0.338957],[0.307789,-0.436963,0.84518]]],1],[2122,[-0.222928,0.376622,-0.899144],212,67.0064,[96.1358,176.967,-57.4679],[96.3342,176.549,-57.5693],[288.849,197.886,33.6869],false,[88.1618,124.028,89.4976],[106.215,146.137,25.8355],[108.476,160.177,-20.2194],[102.137,170.886,-45.7878],[94.3478,178.786,-60.9559],[[[-0.316962,-0.864495,-0.390106],[0.912456,-0.390167,0.123259],[-0.258763,-0.316887,0.912483]],[[-0.343056,-0.893664,-0.289271],[0.938144,-0.341352,-0.0580124],[-0.0468998,-0.291279,0.955488]],[[-0.343056,-0.893664,-0.289271],[0.912478,-0.24397,-0.328425],[0.222928,-0.376622,0.899144]],[[-0.343056,-0.893664,-0.289271],[0.842928,-0.157005,-0.514608],[0.41447,-0.420374,0.807156]]],2],[2123,[-0.304084,0.23833,-0.922351],212,64.4285,[83.4712,139.947,-57.399],[84.0832,139.08,-57.7014],[309.005,199.707,69.0282],false,[85.3208,113.369,84.091],[99.5805,124.406,24.1026],[99.1791,128.6,-20.3779],[90.7554,135.203,-45.9289],[81.3085,141.372,-60.8212],[[[-0.419463,-0.869817,-0.259749],[0.878765,-0.460837,0.124097],[-0.227644,-0.176204,0.957669]],[[-0.454118,-0.887381,-0.0795786],[0.890897,-0.451379,-0.0506014],[0.00898258,-0.0938753,0.995543]],[[-0.454118,-0.887381,-0.0795786],[0.837442,-0.394657,-0.378069],[0.304084,-0.23833,0.922351]],[[-0.454118,-0.887381,-0.0795786],[0.733577,-0.321724,-0.598631],[0.505611,-0.330226,0.797063]]],3],[2124,[-0.354782,0.268141,-0.895673],212,50.5107,[71.4114,118.48,-39.4096],[72.6021,118.012,-39.6687],[300.827,210.432,88.8959],false,[75.4374,104.085,79.768],[88.8639,105.882,23.3873],[85.5419,108.166,-11.7414],[78.6028,113.41,-29.2597],[69.6497,120.258,-42.3001],[[[-0.582384,-0.796184,-0.164074],[0.779239,-0.60426,0.166303],[-0.231551,-0.0310002,0.972329]],[[-0.613675,-0.789531,0.00671552],[0.78395,-0.610305,-0.113802],[0.093949,-0.064573,0.993481]],[[-0.613675,-0.789531,0.00671552],[0.705361,-0.552034,-0.444662],[0.354782,-0.268141,0.895673]],[[-0.613675,-0.789531,0.00671552],[0.594648,-0.467761,-0.653906],[0.51942,-0.397292,0.756546]]],4]],[[0,200,0],[235.247,235.247,147.751]]],[297068,5437657488,[[211,"left",[-0.354177,0.0414298,-0.93426],[0.655653,0.723364,-0.21648],[-141.246,115.986,44.3703],[-171.101,145.386,15.2269],[-141.245,115.986,44.3703],0,0,0.220826,[[0.629267,-0.750289,-0.202707],[-0.676439,-0.400305,-0.618212],[-0.382693,-0.526139,0.759423]],56.1609,[-213.475,-18.5758,268.476],[-122.405,106.629,87.7559]],[212,"right",[0.42793,0.308953,-0.849367],[-0.881732,0.349162,-0.31723],[92.0839,135.859,45.1937],[87.4778,47.6041,14.6225],[91.9692,135.946,45.2046],0,0,0.300097,[[-0.0833709,-0.957009,-0.277817],[0.801138,0.101431,-0.589821],[0.592644,-0.271744,0.758241]],63.72,[231.285,37.5529,293.939],[71.2712,110.924,89.2145]]],[[2110,[-0.618819,0.742584,-0.256189],211,45.9338,[-191.675,195.639,81.7854],[-191.798,195.31,81.3622],[-232.36,118.769,24.5475],false,[-131.851,130.708,95.6329],[-131.851,130.708,95.6329],[-161.391,162.629,88.9986],[-179.987,184.945,81.2999],[-195.215,198.844,81.9369],[[[-0.38721,-0.916253,-0.102704],[-0.691665,0.215015,0.68947],[0.609646,-0.338006,0.716996]],[[-0.622054,-0.662401,-0.417461],[-0.402781,-0.186493,0.896096],[0.671428,-0.725566,0.150794]],[[-0.622054,-0.662401,-0.417461],[-0.479699,-0.0989691,0.871833],[0.618819,-0.742584,0.256189]],[[-0.622054,-0.662401,-0.417461],[-0.260838,-0.3274,0.90817],[0.738249,-0.673821,-0.030881]]],0],[2111,[0.187106,0.459039,-0.86849],211,51.8312,[-158.562,155.639,-33.1577],[-161.405,156.299,-32.9849],[-130.566,159.704,15.6613],false,[-141.751,113.733,88.5382],[-165.013,130.73,30.4482],[-167.722,140.24,-6.10356],[-163.736,150.019,-24.605],[-158.202,158.75,-35.5551],[[[0.597908,-0.672482,-0.436204],[-0.716801,-0.692136,0.084521],[0.358751,-0.262136,0.89587]],[[0.660805,-0.712988,-0.234487],[-0.747139,-0.654654,-0.114944],[0.0715535,-0.25115,0.9653]],[[0.660805,-0.712988,-0.234487],[-0.726862,-0.530029,-0.43674],[-0.187106,-0.459039,0.86849]],[[0.660805,-0.712988,-0.234487],[-0.654408,-0.394327,-0.645179],[-0.367541,-0.579788,0.727159]]],1],[2112,[0.221839,0.601681,-0.767312],211,59.0574,[-142.578,156.379,-40.8755],[-143.615,154.517,-41.7564],[-128.326,196.474,44.7278],false,[-136.593,105.611,83.5169],[-153.351,115.978,25.2686],[-152.825,132.417,-13.9009],[-147.265,147.497,-33.132],[-141.363,159.316,-43.122],[[[0.754257,-0.573804,-0.319133],[-0.597348,-0.80145,0.0292069],[0.272528,-0.168604,0.94726]],[[0.77508,-0.58628,-0.235642],[-0.631742,-0.711719,-0.307178],[-0.012382,-0.386952,0.922017]],[[0.77508,-0.58628,-0.235642],[-0.591641,-0.542453,-0.596411],[-0.221839,-0.601681,0.767312]],[[0.77508,-0.58628,-0.235642],[-0.521771,-0.383522,-0.762015],[-0.356381,-0.713573,0.603164]]],2],[2113,[0.184305,0.629974,-0.75443],211,56.7853,[-130.259,143.293,-36.7784],[-129.627,141.465,-37.5456],[-144.983,189.033,38.7006],false,[-129.138,98.9141,79.4166],[-138.493,102.467,25.1222],[-138.683,118.535,-10.8294],[-134.183,133.916,-29.2493],[-129.147,146.188,-39.0073],[[[0.829011,-0.5303,-0.177545],[-0.532941,-0.845364,0.0365133],[0.169453,-0.0643509,0.983435]],[[0.816713,-0.525204,-0.239042],[-0.577024,-0.746777,-0.330706],[0.00482318,-0.408025,0.912958]],[[0.816713,-0.525204,-0.239042],[-0.54682,-0.572096,-0.611306],[-0.184305,-0.629974,0.75443]],[[0.816713,-0.525204,-0.239042],[-0.489355,-0.410853,-0.769241],[-0.305797,-0.745226,0.592559]]],3],[2114,[0.222101,0.463729,-0.857687],211,44.5186,[-111.483,113.442,-27.4327],[-110.799,113.72,-26.9279],[-138.112,167.533,24.5715],false,[-117.104,96.3751,76.9491],[-122.095,93.1863,26.1871],[-118.92,98.1394,-4.41704],[-115.091,106.133,-19.2023],[-110.639,116.029,-29.8346],[[[0.919637,-0.387167,-0.0661057],[-0.380433,-0.919896,0.095194],[0.0976663,0.0623951,0.993261]],[[0.924799,-0.378877,0.0346307],[-0.36656,-0.911697,-0.185586],[-0.101887,-0.158936,0.982018]],[[0.924799,-0.378877,0.0346307],[-0.308899,-0.800879,-0.513005],[-0.222101,-0.463729,0.857687]],[[0.924799,-0.378877,0.0346307],[-0.242603,-0.657378,-0.713441],[-0.293072,-0.651388,0.699859]]],4],[2120,[0.231462,0.810192,-0.53853],212,52.1164,[93.4819,228.048,64.141],[94.6573,229.099,68.2319],[209.599,-0.831044,188.355],false,[65.9447,138.858,100.72],[65.9447,138.858,100.72],[84.0762,184.493,91.753],[91.968,212.117,73.3915],[99.4378,232.978,65.8588],[[[0.792249,-0.608,-0.0517434],[0.387115,0.43525,0.812834],[-0.471682,-0.663998,0.580193]],[[0.892956,-0.396617,-0.212896],[0.265883,0.0830863,0.960418],[-0.363229,-0.914217,0.179646]],[[0.892956,-0.396617,-0.212896],[0.386076,0.431606,0.815268],[-0.231462,-0.810192,0.53853]],[[0.892956,-0.396617,-0.212896],[0.317422,0.219454,0.922542],[-0.319175,-0.891367,0.321858]]],0],[2121,[-0.0656275,0.503622,-0.861428],212,58.8075,[113.089,203.61,-33.574],[114.206,203.806,-33.2958],[188.587,156.116,124.669],false,[86.1631,128.201,94.4326],[109.658,164.977,35.2045],[118.238,184.724,-1.97397],[116.652,196.896,-22.795],[112.077,205.657,-36.7319],[[[-0.123888,-0.820233,-0.558452],[0.9395,-0.278085,0.20002],[-0.31936,-0.499886,0.805061]],[[-0.149679,-0.85849,-0.490501],[0.968356,-0.227485,0.102652],[-0.199708,-0.459615,0.865373]],[[-0.149679,-0.85849,-0.490501],[0.986554,-0.096747,-0.131722],[0.0656275,-0.503622,0.861428]],[[-0.149679,-0.85849,-0.490501],[0.951782,0.00925273,-0.306635],[0.267782,-0.512747,0.81571]]],1],[2122,[-0.182332,0.455015,-0.871617],212,67.0064,[100.812,182.595,-54.2405],[101.003,182.185,-54.3697],[199.588,189.571,81.7095],false,[86.4414,118.031,87.4964],[107.237,144.774,26.5051],[111.436,162.477,-18.1293],[106.251,175.416,-42.9149],[99.1892,184.742,-57.622],[[[-0.32423,-0.820723,-0.470413],[0.897791,-0.423659,0.120354],[-0.298072,-0.38331,0.874201]],[[-0.354489,-0.85728,-0.373375],[0.930993,-0.360789,-0.055521],[-0.0871126,-0.367291,0.926018]],[[-0.354489,-0.85728,-0.373375],[0.917111,-0.240901,-0.317607],[0.182332,-0.455015,0.871617]],[[-0.354489,-0.85728,-0.373375],[0.856218,-0.137117,-0.498086],[0.375803,-0.496257,0.782625]]],2],[2123,[-0.264723,0.322398,-0.908835],212,64.4285,[87.3681,146.153,-57.637],[87.8867,145.301,-57.977],[189.262,202.64,18.116],false,[83.5307,107.931,81.1369],[100.137,123.447,22.7652],[101.439,131.338,-21.1926],[94.1058,140.269,-46.3692],[85.3558,147.911,-61.0027],[[[-0.431311,-0.833897,-0.344365],[0.862372,-0.493217,0.114244],[-0.265114,-0.247696,0.931859]],[[-0.472308,-0.865025,-0.169284],[0.880952,-0.46961,-0.0582204],[-0.0291355,-0.176629,0.983846]],[[-0.472308,-0.865025,-0.169284],[0.840742,-0.384436,-0.381263],[0.264723,-0.322398,0.908835]],[[-0.472308,-0.865025,-0.169284],[0.74673,-0.290638,-0.598268],[0.468316,-0.408976,0.783211]]],3],[2124,[-0.317929,0.352509,-0.880147],212,50.5107,[74.2877,123.82,-41.6895],[75.1518,123.167,-42.0924],[158.286,183.66,-22.1634],false,[73.5797,99.3048,75.74],[89.0023,105.343,20.1705],[86.948,110.658,-14.7264],[80.7297,117.553,-31.941],[72.3805,125.724,-44.6149],[[[-0.595616,-0.763927,-0.248309],[0.757957,-0.636847,0.141167],[-0.265976,-0.104126,0.95834]],[[-0.63243,-0.770462,-0.0801308],[0.772436,-0.619506,-0.13984],[0.0581001,-0.150335,0.986926]],[[-0.63243,-0.770462,-0.0801308],[0.706367,-0.531155,-0.467889],[0.317929,-0.352509,0.880147]],[[-0.63243,-0.770462,-0.0801308],[0.604492,-0.426198,-0.673011],[0.484378,-0.474071,0.735279]]],4]],[[0,200,0],[235.247,235.247,147.751]]],[297069,5437686749,[[211,"left",[-0.376971,0.0114651,-0.926154],[0.681314,0.680817,-0.268886],[-149.613,125.267,47.6694],[-245.514,256.687,78.4053],[-149.611,125.265,47.6686],0,0,0.252535,[[0.627723,-0.731934,-0.265022],[-0.695256,-0.374028,-0.613777],[-0.350119,-0.56954,0.743668]],56.1609,[-213.368,-18.3242,267.966],[-130.05,117.209,90.9958]],[212,"right",[0.459292,0.299352,-0.836325],[-0.872775,0.327253,-0.362174],[97.4949,144.274,45.5255],[150.605,203.072,12.4956],[97.2522,143.908,45.5115],0,0,0.428124,[[-0.0909881,-0.943094,-0.319836],[0.800831,0.12161,-0.586413],[0.591938,-0.309491,0.744194]],63.72,[235.027,36.3007,290.047],[75.2037,119.863,89.1144]]],[[2110,[-0.594415,0.756545,-0.272599],211,45.9338,[-195.566,208.87,82.5488],[-195.621,208.576,82.0629],[-167.248,335.011,25.4596],false,[-138.194,142.057,97.8745],[-138.194,142.057,97.8745],[-166.476,174.928,90.4475],[-184.339,197.663,82.2557],[-198.926,212.243,82.6377],[[[-0.430457,-0.901405,-0.0466415],[-0.662549,0.280457,0.69453],[0.612972,-0.329868,0.71795]],[[-0.662113,-0.652821,-0.36801],[-0.385166,-0.124803,0.91437],[0.642849,-0.74716,0.168811]],[[-0.662113,-0.652821,-0.36801],[-0.456374,-0.0382597,0.888965],[0.594415,-0.756545,0.272599]],[[-0.662113,-0.652821,-0.36801],[-0.248018,-0.272509,0.929637],[0.707173,-0.706798,-0.0185197]]],0],[2111,[0.189862,0.408618,-0.892739],211,51.8312,[-167.032,162.712,-31.2753],[-169.495,162.779,-31.0648],[-225.58,198.688,47.2422],false,[-149.03,125.226,91.8938],[-173.063,140.384,33.6087],[-175.994,148.374,-3.28834],[-171.949,157.078,-22.3064],[-166.284,164.997,-33.7941],[[[0.555257,-0.720042,-0.416208],[-0.74453,-0.653367,0.137062],[0.370627,-0.233775,0.89888]],[[0.622114,-0.753513,-0.212585],[-0.77909,-0.622654,-0.0729383],[0.077407,-0.210999,0.974417]],[[0.622114,-0.753513,-0.212585],[-0.759557,-0.515024,-0.397271],[-0.189862,-0.408618,0.892739]],[[0.622114,-0.753513,-0.212585],[-0.686608,-0.394606,-0.610619],[-0.376222,-0.525837,0.762858]]],1],[2112,[0.231502,0.555865,-0.798386],211,59.0574,[-151.173,161.936,-39.2017],[-152.257,160.021,-39.9734],[-234.039,188.497,52.0105],false,[-144.379,116.636,87.1645],[-162.217,124.873,28.8965],[-161.825,139.536,-10.9734],[-156.023,153.467,-30.9833],[-149.824,164.531,-41.6369],[[[0.718959,-0.623002,-0.308166],[-0.631621,-0.770667,0.0844257],[0.290091,-0.133946,0.947579]],[[0.741313,-0.632238,-0.225234],[-0.671096,-0.69365,-0.261686],[-0.0092141,-0.345145,0.938504]],[[0.741313,-0.632238,-0.225234],[-0.62997,-0.539712,-0.558434],[-0.231502,-0.555865,0.798386]],[[0.741313,-0.632238,-0.225234],[-0.557123,-0.392538,-0.731798],[-0.374257,-0.667974,0.643228]]],2],[2113,[0.194035,0.589566,-0.784068],211,56.7853,[-139.453,148.674,-34.6377],[-139.03,146.741,-35.3679],[-253.924,184.304,60.7633],false,[-137.343,109.409,83.2259],[-147.987,110.701,29.0681],[-148.312,125.358,-7.48044],[-143.575,139.752,-26.624],[-138.242,151.351,-37.0267],[[[0.799367,-0.576042,-0.170845],[-0.569072,-0.817085,0.0923566],[0.192796,-0.0233963,0.98096]],[[0.784491,-0.573139,-0.236822],[-0.620085,-0.730056,-0.287251],[0.00825808,-0.372196,0.928117]],[[0.784491,-0.573139,-0.236822],[-0.589002,-0.569142,-0.573719],[-0.194035,-0.589566,0.784068]],[[0.784491,-0.573139,-0.236822],[-0.528854,-0.418871,-0.738147],[-0.323863,-0.704314,0.631708]]],3],[2114,[0.219194,0.409463,-0.885604],211,44.5186,[-121.997,118.059,-24.6381],[-121.255,118.069,-24.1709],[-279.985,155.446,70.2369],false,[-125.506,106.2,80.5944],[-131.999,100.739,30.1971],[-129.431,104.021,-0.687588],[-125.652,111.079,-15.9541],[-121.055,120.209,-27.1924],[[[0.899273,-0.431901,-0.0690572],[-0.418529,-0.895569,0.15096],[0.127045,0.106852,0.986125]],[[0.907508,-0.418894,0.0309383],[-0.411875,-0.901909,-0.130078],[-0.0823925,-0.105304,0.991021]],[[0.907508,-0.418894,0.0309383],[-0.358306,-0.810474,-0.46341],[-0.219194,-0.409463,0.885604]],[[0.907508,-0.418894,0.0309383],[-0.291284,-0.680693,-0.672169],[-0.302627,-0.600987,0.739751]]],4],[2120,[0.241183,0.795799,-0.555458],212,52.1164,[99.0178,234.585,65.0328],[98.0339,237.523,66.066],[140.573,186.419,15.8092],false,[68.9176,147.924,99.7979],[68.9176,147.924,99.7979],[86.8421,193.594,90.5901],[95.0654,220.727,71.6514],[102.429,241.359,63.4151],[[[0.803751,-0.594946,-0.00487138],[0.344082,0.458132,0.819587],[-0.485379,-0.66042,0.572934]],[[0.906727,-0.388806,-0.163331],[0.22115,0.108606,0.969174],[-0.359081,-0.914896,0.18446]],[[0.906727,-0.388806,-0.163331],[0.345944,0.464256,0.815346],[-0.241183,-0.795799,0.555458]],[[0.906727,-0.388806,-0.163331],[0.280818,0.267711,0.921668],[-0.314624,-0.881567,0.351924]]],0],[2121,[-0.0161948,0.483784,-0.875038],212,58.8075,[122.355,210.614,-33.5441],[122.715,210.85,-33.3117],[271.499,209.951,43.5158],false,[89.5649,137.5,94.6111],[115.001,173.49,35.7027],[125.707,192.472,-1.32205],[125.316,204.165,-22.4721],[121.519,212.576,-36.8511],[[[-0.0858104,-0.833281,-0.546149],[0.934399,-0.257534,0.246118],[-0.345737,-0.489202,0.800717]],[[-0.113693,-0.870367,-0.479097],[0.961754,-0.217374,0.166668],[-0.249205,-0.441825,0.861793]],[[-0.113693,-0.870367,-0.479097],[0.993384,-0.0917269,-0.0690983],[0.0161948,-0.483784,0.875038]],[[-0.113693,-0.870367,-0.479097],[0.968345,0.0107831,-0.249384],[0.222222,-0.492285,0.84159]]],1],[2122,[-0.15189,0.434357,-0.887842],212,67.0064,[109.752,189.172,-54.38],[109.956,188.764,-54.4935],[268.227,212.343,25.6616],false,[90.314,127.2,87.9058],[113.297,153.077,27.3277],[119.133,169.963,-17.4393],[114.814,182.315,-42.6863],[108.242,191.221,-57.8729],[[[-0.289758,-0.835519,-0.466849],[0.898623,-0.40538,0.167762],[-0.32942,-0.370911,0.868279]],[[-0.323566,-0.870619,-0.370577],[0.938427,-0.345386,-0.00794133],[-0.121078,-0.350329,0.928768]],[[-0.323566,-0.870619,-0.370577],[0.933935,-0.230988,-0.272781],[0.15189,-0.434357,0.887842]],[[-0.323566,-0.870619,-0.370577],[0.879219,-0.131903,-0.457794],[0.349684,-0.473945,0.808144]]],2],[2123,[-0.231811,0.302316,-0.924591],212,64.4285,[96.9769,152.673,-57.5196],[97.5243,151.791,-57.8271],[279.389,215.712,8.97932],false,[87.8511,116.925,81.6374],[106.722,131.558,23.7279],[109.761,138.726,-20.2683],[103.339,147.101,-45.8813],[95.0767,154.338,-60.9959],[[[-0.401989,-0.848042,-0.345296],[0.864665,-0.475656,0.161572],[-0.301262,-0.233615,0.924481]],[[-0.449526,-0.876198,-0.173789],[0.890675,-0.454469,-0.0125233],[-0.0680089,-0.160419,0.984703]],[[-0.449526,-0.876198,-0.173789],[0.862664,-0.375341,-0.339012],[0.231811,-0.302316,0.924591]],[[-0.449526,-0.876198,-0.173789],[0.776125,-0.286797,-0.561585],[0.442217,-0.387329,0.808962]]],3],[2124,[-0.287209,0.331599,-0.898639],212,50.5107,[83.6076,130.348,-41.7086],[84.4746,129.669,-42.057],[261.917,208.735,-7.99779],false,[78.2892,108.02,75.996],[96.0131,113.214,21.0309],[95.3673,117.851,-14.0169],[89.7499,124.337,-31.5933],[81.7801,132.148,-44.7301],[[[-0.57146,-0.779053,-0.257895],[0.76158,-0.620525,0.186936],[-0.305663,-0.0895811,0.947916]],[[-0.615259,-0.782909,-0.0922551],[0.788114,-0.608156,-0.0949909],[0.0182637,-0.131151,0.991194]],[[-0.615259,-0.782909,-0.0922551],[0.734144,-0.526399,-0.428878],[0.287209,-0.331599,0.898639]],[[-0.615259,-0.782909,-0.0922551],[0.638491,-0.426256,-0.640808],[0.462369,-0.453166,0.762138]]],4]],[[0,200,0],[235.247,235.247,147.751]]],[297070,5437707505,[[211,"left",[-0.405507,0.0654259,-0.911747],[0.686352,0.680564,-0.256425],[-150.315,124.68,45.9672],[-134.788,107.628,-5.49811],[-150.314,124.681,45.9699],0,0,0.162167,[[0.585919,-0.759735,-0.28196],[-0.727878,-0.340445,-0.595223],[-0.35622,-0.553985,0.752468]],56.1609,[-214.342,-17.7599,267.246],[-129.573,114.072,88.1814]],[212,"right",[0.473168,0.273942,-0.837298],[-0.866192,0.318029,-0.385446],[103.375,152.06,47.4405],[219.999,293.051,54.2161],[103.191,151.815,47.3826],0,0,0.506877,[[-0.123959,-0.931151,-0.342917],[0.796808,0.112553,-0.593657],[0.591381,-0.346828,0.727996]],63.72,[240.013,35.3306,287.923],[80.3406,128.974,91.3639]]],[[2110,[-0.587592,0.780324,-0.214079],211,45.9338,[-193.641,207.418,86.1301],[-193.515,207,85.9825],[-26.402,119.138,111.163],false,[-136.986,138.689,96.5529],[-136.986,138.689,96.5529],[-164.81,172.421,91.694],[-182.467,195.87,85.2607],[-196.735,210.683,86.8433],[[[-0.450082,-0.889602,-0.0776791],[-0.634566,0.257417,0.728741],[0.628293,-0.377286,0.68037]],[[-0.686529,-0.620808,-0.378518],[-0.358775,-0.163563,0.918982],[0.632423,-0.76671,0.11044]],[[-0.686529,-0.620808,-0.378518],[-0.428269,-0.0754421,0.900497],[0.587592,-0.780324,0.214079]],[[-0.686529,-0.620808,-0.378518],[-0.22419,-0.314485,0.922409],[0.691677,-0.71812,-0.0767242]]],0],[2111,[0.172465,0.450115,-0.876158],211,51.8312,[-169.468,166.509,-30.3289],[-171.613,166.576,-30.1043],[-162.096,189.805,46.0252],false,[-148.347,122.39,90.0923],[-173.879,140.929,33.4451],[-177.636,150.91,-2.88765],[-173.962,160.499,-21.5525],[-168.491,168.873,-32.8086],[[[0.527069,-0.708417,-0.469408],[-0.753095,-0.645291,0.128251],[0.393759,-0.285911,0.873618]],[[0.599844,-0.753527,-0.269041],[-0.79394,-0.602256,-0.0833464],[0.0992278,-0.263597,0.959516]],[[0.599844,-0.753527,-0.269041],[-0.781308,-0.479158,-0.399956],[-0.172465,-0.450115,0.876158]],[[0.599844,-0.753527,-0.269041],[-0.712863,-0.350618,-0.607366],[-0.363336,-0.556114,0.747478]]],1],[2112,[0.222718,0.595086,-0.772185],211,59.0574,[-153.432,166.054,-38.5825],[-154.604,164.317,-39.4207],[-168.087,195.121,40.4385],false,[-144.023,113.965,84.7916],[-163.506,125.474,27.6155],[-163.804,142.387,-11.3537],[-158.222,157.302,-30.707],[-152.077,168.808,-40.9139],[[[0.696032,-0.620076,-0.362003],[-0.644318,-0.761888,0.0661944],[0.316851,-0.187171,0.929824]],[[0.72072,-0.633885,-0.28063],[-0.693191,-0.663087,-0.282492],[0.00701514,-0.398128,0.917303]],[[0.72072,-0.633885,-0.28063],[-0.656475,-0.494027,-0.570068],[-0.222718,-0.595086,0.772185]],[[0.72072,-0.633885,-0.28063],[-0.585582,-0.340029,-0.735849],[-0.371021,-0.694673,0.616257]]],2],[2113,[0.185496,0.632791,-0.751775],211,56.7853,[-141.95,152.719,-34.8546],[-141.743,150.812,-35.7583],[-184.034,190.205,23.3907],false,[-137.264,106.814,80.2714],[-149.572,111.045,26.6184],[-150.569,127.982,-8.91851],[-146.04,143.432,-27.2736],[-140.748,155.524,-37.1208],[[[0.78165,-0.581651,-0.225179],[-0.582514,-0.809821,0.0697688],[0.222936,-0.0766351,0.971816]],[[0.76337,-0.574538,-0.295248],[-0.645465,-0.696365,-0.31377],[0.0253275,-0.430095,0.902428]],[[0.76337,-0.574538,-0.295248],[-0.618754,-0.519115,-0.589629],[-0.185496,-0.632791,0.751775]],[[0.76337,-0.574538,-0.295248],[-0.560351,-0.36