{"metadata":{"formatVersion":2,"generatedBy":"LeapJS Playback 0.2.1","frames":71,"protocolVersion":6,"serviceVersion":"2.2.6+29154","frameRate":"43","modified":"Thu Jun 04 2015 15:07:55 GMT-0300 (E. South America Standard Time)"},"frames":[["id","timestamp",{"hands":[["id","type","direction","palmNormal","palmPosition","palmVelocity","stabilizedPalmPosition","pinchStrength","grabStrength","confidence","armBasis","armWidth","elbow","wrist"]]},{"pointables":[["id","direction","handId","length","stabilizedTipPosition","tipPosition","tipVelocity","tool","carpPosition","mcpPosition","pipPosition","dipPosition","btipPosition","bases","type"]]},{"interactionBox":["center","size"]}],[297206,5440826442,[[211,"left",[-0.245526,0.172248,-0.953964],[0.905797,0.391324,-0.162471],[-145.831,125.494,64.9158],[57.7489,-22.3475,3.03563],[-146.089,125.591,64.8987],0,0,0.130407,[[0.399025,-0.741871,0.538894],[-0.911025,-0.387403,0.14125],[-0.10398,0.547308,0.830447]],56.1609,[-160.018,239.976,306.865],[-135.274,109.733,109.244]],[212,"right",[0.273219,0.0811267,-0.958525],[-0.958915,0.102086,-0.26469],[67.2248,125.011,54.9276],[-20.2526,-9.78407,23.2105],[67.3089,125.037,54.7639],0,0,0.583265,[[-0.131433,-0.978626,-0.158168],[0.692666,0.0234819,-0.720876],[0.709182,-0.204305,0.674775]],63.72,[247.51,57.4691,289.215],[56.0313,112.631,107.026]]],[[2110,[-0.419447,0.847234,-0.325974],211,45.9338,[-171.187,211.364,84.9547],[-170.75,210.551,84.3419],[45.7935,-31.4961,2.18564],false,[-134.588,135.652,116.909],[-134.588,135.652,116.909],[-153.533,173.048,103.557],[-166.138,198.508,93.761],[-171.977,214.667,82.3474],[[[-0.719122,-0.680162,-0.142276],[-0.587179,0.485297,0.647848],[0.371596,-0.549424,0.748365]],[[-0.790115,-0.517537,-0.328442],[-0.436233,0.098355,0.894442],[0.430603,-0.849989,0.303479]],[[-0.790115,-0.517537,-0.328442],[-0.44697,0.119793,0.886492],[0.419447,-0.847234,0.325974]],[[-0.790115,-0.517537,-0.328442],[-0.543661,0.344209,0.765475],[0.283109,-0.783374,0.55333]]],0],[2111,[0.0760772,0.363136,-0.928625],211,51.8312,[-161.133,172.159,-16.0748],[-162.706,171.796,-16.0529],[58.5256,-18.6494,6.53513],false,[-150.059,124.107,108.92],[-160.585,148.492,49.767],[-165.519,159.743,13.9494],[-163.898,167.479,-5.83316],[-160.304,173.557,-19.1337],[[[0.299197,-0.862235,-0.408696],[-0.940281,-0.339291,0.0274503],[0.162335,-0.376076,0.912258]],[[0.312785,-0.893006,-0.323583],[-0.940845,-0.338027,0.0234177],[0.130292,-0.297117,0.94591]],[[0.312785,-0.893006,-0.323583],[-0.946772,-0.265843,-0.181521],[-0.0760772,-0.363136,0.928625]],[[0.312785,-0.893006,-0.323583],[-0.919353,-0.199042,-0.33937],[-0.238653,-0.403637,0.883245]]],1],[2112,[0.208191,0.249778,-0.945657],211,59.0574,[-145.685,146.594,-31.8074],[-147.346,146.48,-31.9794],[68.2479,-11.8683,6.25397],false,[-148.342,114.536,104.099],[-155.631,130.217,45.0894],[-155.525,136.169,3.02629],[-150.307,142.43,-20.6747],[-144.303,147.837,-35.1327],[[[0.47426,-0.834558,-0.28034],[-0.872369,-0.488352,-0.022018],[0.118529,-0.255003,0.959648]],[[0.487197,-0.864844,-0.121174],[-0.873288,-0.482088,-0.0704199],[-0.00248574,-0.140128,0.99013]],[[0.487197,-0.864844,-0.121174],[-0.848113,-0.435494,-0.301744],[-0.208191,-0.249778,0.945657]],[[0.487197,-0.864844,-0.121174],[-0.794511,-0.381366,-0.47256],[-0.362479,-0.326504,0.872929]]],2],[2113,[0.27811,0.089418,-0.956378],211,56.7853,[-132.19,114.69,-28.1332],[-132.291,115.464,-27.944],[45.0947,-24.018,-6.15071],false,[-144.01,105.341,100.368],[-147.583,111.824,45.6571],[-144.331,110.07,6.45168],[-137.54,112.253,-16.899],[-130.591,115.417,-31.4893],[[[0.550938,-0.823783,-0.133602],[-0.832033,-0.554609,-0.0113881],[0.0647155,-0.117435,0.99097]],[[0.551949,-0.829745,0.082926],[-0.829778,-0.556362,-0.0439357],[-0.0825922,0.0445599,0.995587]],[[0.551949,-0.829745,0.082926],[-0.786134,-0.550934,-0.280115],[-0.27811,-0.089418,0.956378]],[[0.551949,-0.829745,0.082926],[-0.719222,-0.524022,-0.456201],[-0.421986,-0.192158,0.886004]]],3],[2114,[0.391965,0.0385939,-0.91917],211,44.5186,[-117.517,94.4095,-8.04518],[-118.322,94.1454,-8.25464],[71.813,-12.0443,-1.45904],false,[-133.92,98.0954,98.6238],[-136.489,96.682,47.6016],[-130.387,91.4178,17.4971],[-123.63,92.0831,1.65191],[-115.689,95.1037,-10.942],[[[0.684577,-0.7288,-0.0142794],[-0.727205,-0.684167,0.0555655],[0.0502657,0.0276548,0.998353]],[[0.672465,-0.693843,0.257629],[-0.713762,-0.700034,-0.0222562],[-0.195791,0.168919,0.965988]],[[0.672465,-0.693843,0.257629],[-0.627817,-0.719091,-0.297915],[-0.391965,-0.0385939,0.91917]],[[0.672465,-0.693843,0.257629],[-0.523958,-0.692133,-0.496407],[-0.522742,-0.19883,0.82898]]],4],[2120,[0.0251997,0.609188,-0.792626],212,52.1164,[56.9732,216.374,43.1583],[57.8623,215.597,42.8619],[-45.4311,-9.70079,-4.51708],false,[46.9175,141.721,110.46],[46.9175,141.721,110.46],[53.3048,180.79,80.0538],[54.164,201.561,53.0287],[57.8121,220.799,40.2099],[[[0.880259,-0.474439,0.00717951],[0.383681,0.720608,0.577506],[-0.279165,-0.505601,0.816355]],[[0.92302,-0.318681,-0.215583],[0.362851,0.534653,0.763207],[-0.127957,-0.78268,0.60913]],[[0.92302,-0.318681,-0.215583],[0.383926,0.726177,0.570323],[-0.0251997,-0.609188,0.792626]],[[0.92302,-0.318681,-0.215583],[0.351762,0.47196,0.808404],[-0.155877,-0.822008,0.547728]]],0],[2121,[-0.0934601,0.106283,-0.989934],212,58.8075,[77.4595,159.764,-44.826],[78.4579,160.211,-44.6664],[-56.0528,-40.2222,7.36745],false,[67.975,132.596,104.527],[78.0391,151.641,34.1809],[83.1414,155.724,-8.28155],[80.8824,158.293,-32.2087],[76.437,160.204,-48.5948],[[[-0.0294198,-0.963766,-0.265123],[0.990162,-0.0643987,0.124225],[-0.136797,-0.25886,0.956179]],[[-0.0518454,-0.993456,-0.101766],[0.991568,-0.063328,0.113057],[-0.118762,-0.0950469,0.988363]],[[-0.0518454,-0.993456,-0.101766],[0.994272,-0.0418124,-0.0983588],[0.0934601,-0.106283,0.989934]],[[-0.0518454,-0.993456,-0.101766],[0.964166,-0.0232449,-0.264279],[0.260184,-0.111821,0.959062]]],1],[2122,[-0.321722,0.0614144,-0.94484],212,67.0064,[58.9041,132.809,-55.0711],[60.8228,133.487,-55.2785],[-61.1105,-48.8263,23.1397],false,[69.3828,120.9,100.945],[78.4586,129.593,32.3186],[75.3079,129.524,-15.7786],[66.1593,131.271,-42.6465],[56.7366,133.269,-58.7822],[[[-0.215996,-0.964684,-0.150769],[0.96769,-0.232075,0.0985768],[-0.130085,-0.124606,0.983642]],[[-0.234794,-0.9719,0.0167751],[0.969845,-0.235388,-0.0631923],[0.0653652,0.00143206,0.99786]],[[-0.234794,-0.9719,0.0167751],[0.91726,-0.22724,-0.327102],[0.321722,-0.0614144,0.94484]],[[-0.234794,-0.9719,0.0167751],[0.832735,-0.210016,-0.512294],[0.501422,-0.106314,0.858646]]],2],[2123,[-0.274776,0.0954761,-0.956756],212,64.4285,[61.0047,112.269,-47.4735],[60.1653,111.325,-47.0911],[6.79507,16.4155,21.6],false,[67.7203,109,98.384],[75.0268,107.402,36.1922],[75.7354,107.515,-8.48168],[68.1235,110.159,-34.9857],[59.1008,113.178,-51.0659],[[[-0.305114,-0.952248,-0.0113741],[0.945145,-0.304258,0.118859],[-0.116644,0.0255155,0.992846]],[[-0.305596,-0.952134,-0.00724891],[0.952029,-0.305672,0.0143276],[-0.0158576,-0.00252271,0.999871]],[[-0.305596,-0.952134,-0.00724891],[0.911652,-0.290389,-0.2908],[0.274776,-0.0954761,0.956756]],[[-0.305596,-0.952134,-0.00724891],[0.820614,-0.259508,-0.509164],[0.482911,-0.161547,0.860639]]],3],[2124,[-0.294336,0.095365,-0.950932],212,50.5107,[54.5956,90.6005,-24.3424],[55.4099,91.3551,-24.3794],[-55.0038,-57.4779,38.9462],false,[59.0063,97.7912,97.3922],[67.1806,88.0247,40.823],[66.8308,86.0128,5.52278],[61.074,87.878,-13.0763],[52.6436,91.3943,-27.6938],[[[-0.468507,-0.879445,0.0841319],[0.87214,-0.445206,0.202889],[-0.140973,0.16843,0.975581]],[[-0.464092,-0.884078,0.0549869],[0.885732,-0.463862,0.0176598],[0.00989371,0.0568994,0.998331]],[[-0.464092,-0.884078,0.0549869],[0.835455,-0.457505,-0.304474],[0.294336,-0.095365,0.950932]],[[-0.464092,-0.884078,0.0549869],[0.738518,-0.420463,-0.527069],[0.48909,-0.204,0.848042]]],4]],[[0,200,0],[235.247,235.247,147.751]]],[297207,5440844815,[[211,"left",[-0.245368,0.172135,-0.954025],[0.905097,0.3932,-0.161839],[-145.596,125.407,64.9322],[36.1348,-13.9021,2.00462],[-145.783,125.476,64.9195],0,0,0.140083,[[0.400997,-0.74061,0.539164],[-0.910043,-0.389505,0.1418],[-0.104989,0.547524,0.830178]],56.1609,[-160.015,239.943,306.816],[-135.031,109.649,109.259]],[212,"right",[0.270772,0.0793113,-0.959371],[-0.959693,0.100207,-0.262579],[67.2661,125.128,55.0305],[-9.43833,-2.01952,14.7454],[67.2941,125.068,54.8563],0,0,0.560348,[[-0.13283,-0.978445,-0.158117],[0.692789,0.0224299,-0.720791],[0.708802,-0.205284,0.674877]],63.72,[247.593,57.4253,289.401],[56.2162,112.852,107.184]]],[[2110,[-0.417258,0.848157,-0.326383],211,45.9338,[-170.701,211.119,84.9624],[-170.432,210.456,84.4201],[35.5401,-18.7662,1.08559],false,[-134.401,135.566,116.935],[-134.401,135.566,116.935],[-153.379,173.03,103.821],[-165.917,198.517,94.0127],[-171.459,214.545,82.2698],[[[-0.717684,-0.681544,-0.142924],[-0.58849,0.483864,0.647731],[0.372301,-0.548975,0.748343]],[[-0.78961,-0.516147,-0.331825],[-0.436407,0.0922315,0.89501],[0.431352,-0.85152,0.298077]],[[-0.78961,-0.516147,-0.331825],[-0.449901,0.119259,0.88508],[0.417258,-0.848157,0.326383]],[[-0.78961,-0.516147,-0.331825],[-0.551665,0.360368,0.752197],[0.268665,-0.776999,0.569291]]],0],[2111,[0.0771704,0.363909,-0.928232],211,51.8312,[-160.887,172.092,-16.0417],[-162.417,171.728,-16.022],[37.2597,-11.5673,4.32161],false,[-149.845,123.993,108.933],[-160.388,148.381,49.7847],[-165.295,159.642,13.9667],[-163.651,167.394,-5.80752],[-160.037,173.489,-19.0953],[[[0.301137,-0.861472,-0.408879],[-0.939614,-0.341183,0.0268207],[0.162608,-0.376112,0.912194]],[[0.31476,-0.892288,-0.323649],[-0.940285,-0.339675,0.0220127],[0.129577,-0.297394,0.945921]],[[0.31476,-0.892288,-0.323649],[-0.946029,-0.267194,-0.183402],[-0.0771704,-0.363909,0.928232]],[[0.31476,-0.892288,-0.323649],[-0.918336,-0.200077,-0.341508],[-0.239968,-0.404712,0.882397]]],1],[2112,[0.209068,0.250702,-0.945219],211,59.0574,[-145.395,146.55,-31.7715],[-147.018,146.433,-31.9425],[43.3012,-7.36198,4.22111],false,[-148.106,114.428,104.11],[-155.395,130.117,45.1024],[-155.258,136.084,3.04142],[-150.018,142.367,-20.6486],[-144,147.797,-35.0922],[[[0.476077,-0.833496,-0.28042],[-0.871378,-0.490088,-0.0226707],[0.118534,-0.255145,0.95961]],[[0.489003,-0.863854,-0.120961],[-0.872276,-0.483764,-0.0714592],[-0.00321372,-0.140455,0.990082]],[[0.489003,-0.863854,-0.120961],[-0.846857,-0.436926,-0.303198],[-0.209068,-0.250702,0.945219]],[[0.489003,-0.863854,-0.120961],[-0.792984,-0.382483,-0.474218],[-0.36339,-0.327814,0.872058]]],2],[2113,[0.273901,0.08889,-0.957641],211,56.7853,[-132.17,114.606,-28.1932],[-132.159,115.34,-27.9886],[23.9758,-14.8286,-4.87747],false,[-143.753,105.243,100.377],[-147.311,111.741,45.6672],[-144.137,110.008,6.45427],[-137.45,112.178,-16.9272],[-130.591,115.322,-31.5644],[[[0.552656,-0.822625,-0.133637],[-0.830915,-0.556268,-0.0120457],[0.0644289,-0.117698,0.990957]],[[0.553646,-0.828762,0.0814244],[-0.828844,-0.557869,-0.0424264],[-0.0805856,0.0439989,0.995776]],[[0.553646,-0.828762,0.0814244],[-0.786419,-0.552497,-0.276212],[-0.273901,-0.08889,0.957641]],[[0.553646,-0.828762,0.0814244],[-0.721099,-0.526024,-0.450905],[-0.416524,-0.190927,0.88885]]],3],[2114,[0.384503,0.0319767,-0.92257],211,44.5186,[-117.558,94.0728,-8.18329],[-118.157,93.941,-8.3118],[36.081,-15.6853,-4.62771],false,[-133.648,98.0181,98.6356],[-136.187,96.6198,47.6115],[-130.201,91.2786,17.4973],[-123.573,91.8298,1.59357],[-115.766,94.7112,-11.1166],[[[0.686042,-0.727423,-0.0142067],[-0.725864,-0.685643,0.0549119],[0.0496849,0.0273597,0.99839]],[[0.673843,-0.692802,0.256828],[-0.71347,-0.700465,-0.0175869],[-0.192083,0.171388,0.966297]],[[0.673843,-0.692802,0.256828],[-0.630946,-0.720418,-0.287932],[-0.384503,-0.0319767,0.92257]],[[0.673843,-0.692802,0.256828],[-0.530914,-0.695739,-0.483815],[-0.513873,-0.189662,0.836638]]],4],[2120,[0.0229278,0.608584,-0.793158],212,52.1164,[56.8664,216.474,43.0925],[57.7332,215.707,42.7955],[-26.5022,-2.31089,-4.13977],false,[47.0719,141.937,110.574],[47.0719,141.937,110.574],[53.3206,180.938,80.0518],[54.1023,201.688,53.0086],[57.686,220.896,40.1269],[[[0.880907,-0.47325,0.00610649],[0.384125,0.722429,0.57493],[-0.276497,-0.504115,0.818179]],[[0.92292,-0.317863,-0.217215],[0.364072,0.537137,0.760878],[-0.125181,-0.781311,0.611459]],[[0.92292,-0.317863,-0.217215],[0.384309,0.727041,0.568962],[-0.0229278,-0.608584,0.793158]],[[0.92292,-0.317863,-0.217215],[0.353231,0.474727,0.80614],[-0.153124,-0.82073,0.550414]]],0],[2121,[-0.096122,0.104008,-0.989921],212,58.8075,[77.1897,159.677,-44.8287],[78.1778,160.113,-44.6743],[-36.1693,-23.1655,3.75558],false,[68.1271,132.827,104.61],[77.9941,151.725,34.1971],[82.9654,155.724,-8.28892],[80.6421,158.238,-32.2157],[76.1583,160.107,-48.5962],[[[-0.0287781,-0.964404,-0.262862],[0.990547,-0.062798,0.121952],[-0.134118,-0.256868,0.957095]],[[-0.0507529,-0.993744,-0.099482],[0.991985,-0.0617015,0.110265],[-0.115713,-0.0930884,0.988911]],[[-0.0507529,-0.993744,-0.099482],[0.994075,-0.0406789,-0.100799],[0.096122,-0.104008,0.989921]],[[-0.0507529,-0.993744,-0.099482],[0.963614,-0.0225509,-0.266344],[0.262434,-0.10938,0.958731]]],1],[2122,[-0.324825,0.0586426,-0.943954],212,67.0064,[58.6098,132.648,-54.9525],[60.4851,133.312,-55.1627],[-39.5659,-29.6424,15.1704],false,[69.5417,121.124,101.052],[78.4385,129.674,32.3839],[75.1391,129.479,-15.7031],[65.9022,131.147,-42.5458],[56.4246,133.093,-58.6557],[[[-0.215073,-0.965311,-0.148051],[0.968237,-0.230562,0.0967396],[-0.127519,-0.122542,0.984237]],[[-0.233489,-0.972155,0.0199515],[0.969947,-0.234305,-0.0656038],[0.0684518,0.00403417,0.997646]],[[-0.233489,-0.972155,0.0199515],[0.9165,-0.226883,-0.329473],[0.324825,-0.0586426,0.943954]],[[-0.233489,-0.972155,0.0199515],[0.831338,-0.210226,-0.514473],[0.504342,-0.103537,0.857274]]],2],[2123,[-0.269306,0.0994626,-0.957905],212,64.4285,[61.3914,112.705,-47.3692],[60.5261,111.756,-47.0231],[15.1026,21.0037,12.7744],false,[67.8889,109.217,98.5218],[75.0459,107.487,36.3161],[75.9458,107.841,-8.35303],[68.4855,110.597,-34.8889],[59.5672,113.667,-51.0175],[[[-0.303868,-0.952676,-0.00846734],[0.945838,-0.302729,0.117241],[-0.114256,0.027617,0.993067]],[[-0.303265,-0.952808,-0.0136734],[0.952693,-0.303469,0.0167835],[-0.0201409,-0.00793669,0.999766]],[[-0.303265,-0.952808,-0.0136734],[0.91406,-0.286817,-0.28676],[0.269306,-0.0994626,0.957905]],[[-0.303265,-0.952808,-0.0136734],[0.82474,-0.255261,-0.504625],[0.477321,-0.164312,0.86323]]],3],[2124,[-0.297832,0.0901932,-0.950348],212,50.5107,[54.4203,90.3567,-24.1396],[55.2038,91.118,-24.1616],[-33.4196,-36.6889,25.9623],false,[59.1875,97.9938,97.5767],[67.2369,88.1097,41.01],[66.7546,85.9166,5.72219],[60.9293,87.6807,-12.8655],[52.4457,91.1137,-27.472],[[[-0.467124,-0.879874,0.0872719],[0.873226,-0.443582,0.201768],[-0.138818,0.170459,0.975537]],[[-0.463265,-0.884099,0.0612781],[0.886115,-0.463165,0.0166737],[0.0136406,0.0620238,0.997981]],[[-0.463265,-0.884099,0.0612781],[0.834675,-0.458513,-0.305097],[0.297832,-0.0901932,0.950348]],[[-0.463265,-0.884099,0.0612781],[0.736983,-0.422731,-0.527403],[0.492181,-0.199166,0.847402]]],4]],[[0,200,0],[235.247,235.247,147.751]]],[297208,5440864386,[[211,"left",[-0.245245,0.172046,-0.954073],[0.904548,0.394665,-0.161345],[-145.412,125.338,64.945],[22.6927,-8.67886,1.32583],[-145.563,125.394,64.9346],0,0,0.0721799,[[0.402536,-0.739621,0.539375],[-0.909272,-0.391145,0.14223],[-0.105777,0.547692,0.829967]],56.1609,[-160.013,239.917,306.779],[-134.841,109.583,109.272]],[212,"right",[0.255644,0.0775866,-0.963653],[-0.965155,0.0780812,-0.249756],[67.2103,126.381,52.9324],[-6.12722,31.1681,-46.5277],[67.274,125.383,54.3949],0,0,0.391318,[[-0.129659,-0.9774,-0.166969],[0.701944,0.0284557,-0.711663],[0.700331,-0.209476,0.68239]],63.72,[246.238,57.719,289.571],[57.1492,114.278,105.326]]],[[2110,[-0.414571,0.847546,-0.331356],211,45.9338,[-170.255,210.884,84.7879],[-170.08,210.274,84.2595],[29.8279,-16.0634,-9.62047],false,[-134.255,135.499,116.955],[-134.255,135.499,116.955],[-153.287,172.976,103.961],[-165.745,198.446,94.0034],[-170.896,214.226,81.7586],[[[-0.716559,-0.682621,-0.14343],[-0.589513,0.482742,0.647638],[0.372851,-0.548624,0.748327]],[[-0.788926,-0.516218,-0.333337],[-0.436419,0.0888181,0.895349],[0.432589,-0.851839,0.295359]],[[-0.788926,-0.516218,-0.333337],[-0.453571,0.123224,0.88266],[0.414571,-0.847546,0.331356]],[[-0.788926,-0.516218,-0.333337],[-0.561445,0.385075,0.73246],[0.249749,-0.765007,0.593624]]],0],[2111,[0.0786075,0.364628,-0.92783],211,51.8312,[-160.656,172.043,-16.0109],[-162.143,171.686,-15.9954],[24.6873,-7.03178,2.96524],false,[-149.677,123.904,108.944],[-160.234,148.294,49.7985],[-165.106,159.566,13.9792],[-163.432,167.333,-5.7864],[-159.792,173.442,-19.0604],[[[0.302652,-0.860874,-0.409021],[-0.939091,-0.34266,0.0263282],[0.16282,-0.37614,0.912145]],[[0.316309,-0.891741,-0.323647],[-0.939891,-0.340855,0.0205735],[0.128663,-0.297685,0.945954]],[[0.316309,-0.891741,-0.323647],[-0.945394,-0.26804,-0.185432],[-0.0786075,-0.364628,0.92783]],[[0.316309,-0.891741,-0.323647],[-0.917344,-0.200588,-0.343868],[-0.241721,-0.405664,0.881481]]],1],[2112,[0.210177,0.251491,-0.944763],211,59.0574,[-145.139,146.516,-31.7373],[-146.719,146.4,-31.9069],[28.277,-4.53385,3.00467],false,[-147.921,114.343,104.119],[-155.21,130.039,45.1127],[-155.04,136.016,3.05312],[-149.772,142.319,-20.6255],[-143.733,147.767,-35.0534],[[[0.477495,-0.832663,-0.280482],[-0.870602,-0.491442,-0.0231811],[0.118539,-0.255257,0.959579]],[[0.490418,-0.863095,-0.12065],[-0.871478,-0.485052,-0.0724598],[-0.00401813,-0.14068,0.990047]],[[0.490418,-0.863095,-0.12065],[-0.845763,-0.437971,-0.304739],[-0.210177,-0.251491,0.944763]],[[0.490418,-0.863095,-0.12065],[-0.791538,-0.383214,-0.47604],[-0.364633,-0.328958,0.871108]]],2],[2113,[0.270134,0.08832,-0.958763],211,56.7853,[-132.18,114.532,-28.2485],[-132.08,115.227,-28.0333],[11.5871,-9.36785,-3.91796],false,[-143.553,105.166,100.384],[-147.098,111.675,45.675],[-143.997,109.96,6.45556],[-137.401,112.116,-16.9533],[-130.622,115.24,-31.632],[[[0.553997,-0.821719,-0.133664],[-0.830039,-0.557563,-0.0125599],[0.0642052,-0.117904,0.990947]],[[0.55498,-0.827999,0.0800928],[-0.828128,-0.559035,-0.0410219],[-0.0787408,0.0435608,0.995943]],[[0.55498,-0.827999,0.0800928],[-0.786781,-0.553731,-0.272686],[-0.270134,-0.08832,0.958763]],[[0.55498,-0.827999,0.0800928],[-0.722861,-0.527666,-0.446139],[-0.411665,-0.189703,0.891373]]],3],[2114,[0.381105,0.0311525,-0.924007],211,44.5186,[-117.486,94.0032,-8.25352],[-117.963,93.9145,-8.33859],[20.119,-9.17565,-4.05841],false,[-133.435,97.9578,98.6449],[-135.951,96.5713,47.6193],[-130.007,91.2654,17.4905],[-123.438,91.8025,1.562],[-115.697,94.65,-11.196],[[[0.687184,-0.726345,-0.014149],[-0.724813,-0.686794,0.054401],[0.0492313,0.0271281,0.998419]],[[0.675077,-0.692241,0.255096],[-0.712665,-0.701296,-0.0170994],[-0.190734,0.170254,0.966765]],[[0.675077,-0.692241,0.255096],[-0.631688,-0.720994,-0.284847],[-0.381105,-0.0311525,0.924007]],[[0.675077,-0.692241,0.255096],[-0.533519,-0.6969,-0.479257],[-0.509537,-0.187437,0.839785]]],4],[2120,[0.0524552,0.648731,-0.759208],212,52.1164,[58.8072,219.367,43.1033],[58.3396,218.274,42.2072],[39.9861,77.8175,-1.6922],false,[47.4433,143.19,108.63],[47.4433,143.19,108.63],[54.1486,182.445,78.5316],[55.9371,204.564,52.646],[59.8278,224.032,40.2538],[[[0.890666,-0.45465,-0.00281602],[0.376822,0.734705,0.564104],[-0.254401,-0.503489,0.825699]],[[0.925896,-0.316411,-0.206397],[0.353089,0.530549,0.770614],[-0.134328,-0.786385,0.602955]],[[0.925896,-0.316411,-0.206397],[0.374118,0.692121,0.617255],[-0.0524552,-0.648731,0.759208]],[[0.925896,-0.316411,-0.206397],[0.339233,0.455951,0.822818],[-0.166242,-0.831861,0.5295]]],0],[2121,[-0.112224,0.0944986,-0.989179],212,58.8075,[75.0787,160.344,-47.204],[75.9497,160.815,-47.1772],[-74.653,6.36288,-61.8875],false,[68.6002,134.477,102.437],[77.0851,153.036,31.7538],[81.3485,156.819,-10.8288],[78.636,159.103,-34.7377],[73.8914,160.754,-51.0681],[[[-0.0121491,-0.966786,-0.255297],[0.993253,-0.0411162,0.108436],[-0.115331,-0.252257,0.960763]],[[-0.0312073,-0.995312,-0.0915439],[0.994574,-0.0400159,0.0960224],[-0.0992355,-0.0880506,0.991161]],[[-0.0312073,-0.995312,-0.0915439],[0.993193,-0.0205962,-0.114647],[0.112224,-0.0944986,0.989179]],[[-0.0312073,-0.995312,-0.0915439],[0.960162,-0.00440666,-0.279408],[0.277695,-0.0966166,0.955799]]],1],[2122,[-0.339998,0.0443176,-0.939381],212,67.0064,[56.8871,132.833,-56.8359],[58.598,133.529,-57.1893],[-66.4251,-9.64073,-43.7537],false,[70.211,122.78,98.9457],[77.9679,130.986,30.0975],[73.9643,130.337,-17.9319],[64.296,131.597,-44.6446],[54.54,133.217,-60.6239],[[[-0.196765,-0.970709,-0.137867],[0.974126,-0.209499,0.0847811],[-0.111181,-0.117618,0.986815]],[[-0.212727,-0.976622,0.0309196],[0.973575,-0.214541,-0.078257],[0.083061,0.0134552,0.996454]],[[-0.212727,-0.976622,0.0309196],[0.91605,-0.210344,-0.341478],[0.339998,-0.0443176,0.939381]],[[-0.212727,-0.976622,0.0309196],[0.827785,-0.19694,-0.525344],[0.519152,-0.0861601,0.850328]]],2],[2123,[-0.274679,0.0918603,-0.957138],212,64.4285,[61.2847,113.254,-48.3476],[59.9996,112.611,-49.0366],[-3.88458,32.5789,-46.2886],false,[68.7738,110.821,96.527],[75.0978,108.763,34.2411],[75.7238,109.092,-10.433],[68.1147,111.637,-36.9476],[59.1013,114.475,-53.0657],[[[-0.283852,-0.958864,0.00285732],[0.953538,-0.281959,0.106129],[-0.100957,0.0328494,0.994348]],[[-0.282416,-0.959229,-0.0110133],[0.95919,-0.282535,0.0113627],[-0.014011,-0.00735481,0.999875]],[[-0.282416,-0.959229,-0.0110133],[0.919126,-0.267286,-0.289423],[0.274679,-0.0918603,0.957138]],[[-0.282416,-0.959229,-0.0110133],[0.829169,-0.238318,-0.505651],[0.48241,-0.151936,0.862668]]],3],[2124,[-0.312082,0.0719236,-0.947329],212,50.5107,[54.0955,90.3837,-25.423],[54.7154,91.251,-25.8325],[-26.7067,-16.529,-29.9733],false,[60.2981,99.4116,95.7877],[67.7643,89.2638,39.1876],[66.836,86.6213,3.93954],[60.7321,88.028,-14.5891],[51.9948,91.0972,-29.1268],[[[-0.447253,-0.88876,0.100348],[0.885091,-0.423648,0.19271],[-0.128761,0.175007,0.976111]],[[-0.444277,-0.892434,0.0786043],[0.895505,-0.444945,0.0097732],[0.0262527,0.0747325,0.996858]],[[-0.444277,-0.892434,0.0786043],[0.839775,-0.445408,-0.310467],[0.312082,-0.0719236,0.947329]],[[-0.444277,-0.892434,0.0786043],[0.738696,-0.414555,-0.531481],[0.506898,-0.17806,0.843415]]],4]],[[0,200,0],[235.247,235.247,147.751]]],[297209,5440890165,[[211,"left",[-0.245142,0.171974,-0.954112],[0.904092,0.395876,-0.160936],[-145.26,125.281,64.9556],[12.5913,-4.78476,0.7755],[-145.374,125.323,64.9477],0,0,0.0780331,[[0.403808,-0.7388,0.53955],[-0.908632,-0.392502,0.142587],[-0.106431,0.54783,0.829792]],56.1609,[-160.011,239.895,306.747],[-134.684,109.529,109.282]],[212,"right",[0.250348,0.0970591,-0.963279],[-0.967404,0.0642733,-0.244944],[68.5366,128.008,51.7107],[28.4922,50.3652,-47.0471],[67.6276,126.118,53.6432],0,0,0.411118,[[-0.114138,-0.975853,-0.186233],[0.713043,0.0500622,-0.699331],[0.691767,-0.212613,0.690112]],63.72,[245.683,57.5125,290.278],[58.9063,114.918,103.948]]],[[2110,[-0.425881,0.849971,-0.31012],211,45.9338,[-170.225,210.829,84.9605],[-170.27,210.299,84.9423],[2.2834,-5.27087,18.8366],false,[-134.134,135.443,116.972],[-134.134,135.443,116.972],[-153.328,172.934,104.259],[-166.126,198.477,94.9393],[-171.318,214.28,82.7414],[[[-0.715626,-0.68351,-0.143849],[-0.590357,0.481813,0.64756],[0.373306,-0.548333,0.748314]],[[-0.788225,-0.516825,-0.334055],[-0.434015,0.0820393,0.897162],[0.436271,-0.852151,0.288976]],[[-0.788225,-0.516825,-0.334055],[-0.444215,0.102177,0.890075],[0.425881,-0.849971,0.31012]],[[-0.788225,-0.516825,-0.334055],[-0.561553,0.382031,0.733969],[0.251715,-0.766122,0.591351]]],0],[2111,[0.0800153,0.365267,-0.927458],211,51.8312,[-160.441,172.003,-15.9825],[-161.895,171.655,-15.9722],[14.7661,-3.70316,1.83385],false,[-149.538,123.83,108.953],[-160.107,148.222,49.8099],[-164.945,159.504,13.9893],[-163.241,167.285,-5.76841],[-159.575,173.407,-19.0295],[[[0.303905,-0.860376,-0.409138],[-0.938655,-0.343881,0.0259205],[0.162996,-0.376163,0.912104]],[[0.317593,-0.891293,-0.323624],[-0.939579,-0.341789,0.0192539],[0.127772,-0.297956,0.94599]],[[0.317593,-0.891293,-0.323624],[-0.944845,-0.268659,-0.187323],[-0.0800153,-0.365267,0.927457]],[[0.317593,-0.891293,-0.323624],[-0.916445,-0.200895,-0.346079],[-0.243443,-0.406496,0.880623]]],1],[2112,[0.211265,0.252173,-0.944339],211,59.0574,[-144.91,146.489,-31.7054],[-146.451,146.374,-31.8743],[16.5921,-2.44128,1.93815],false,[-147.768,114.273,104.125],[-155.058,129.975,45.1211],[-154.855,135.959,3.06276],[-149.56,142.279,-20.6052],[-143.5,147.744,-35.0182],[[[0.478667,-0.831973,-0.280532],[-0.869957,-0.492562,-0.0236036],[0.118542,-0.255349,0.959554]],[[0.49159,-0.862473,-0.120335],[-0.870814,-0.486108,-0.0733638],[-0.00477867,-0.140854,0.990019]],[[0.49159,-0.862473,-0.120335],[-0.844812,-0.438805,-0.306176],[-0.211265,-0.252173,0.944339]],[[0.49159,-0.862473,-0.120335],[-0.790238,-0.383759,-0.477758],[-0.365874,-0.329954,0.870211]]],2],[2113,[0.266912,0.0878123,-0.959712],211,56.7853,[-132.196,114.467,-28.2968],[-132.026,115.127,-28.0744],[4.20704,-5.26872,-2.71013],false,[-143.387,105.103,100.39],[-146.921,111.621,45.6816],[-143.883,109.92,6.45656],[-137.366,112.064,-16.9755],[-130.656,115.171,-31.6893],[[[0.555105,-0.820967,-0.133685],[-0.829313,-0.558633,-0.0129855],[0.0640203,-0.118075,0.990939]],[[0.556086,-0.827366,0.0789539],[-0.827536,-0.559999,-0.0398117],[-0.077153,0.0431985,0.996083]],[[0.556086,-0.827366,0.0789539],[-0.7871,-0.554756,-0.269665],[-0.266912,-0.0878123,0.959712]],[[0.556086,-0.827366,0.0789539],[-0.724364,-0.529041,-0.442055],[-0.407511,-0.188629,0.893507]]],3],[2114,[0.379806,0.0332227,-0.92447],211,44.5186,[-117.352,94.0825,-8.2856],[-117.766,93.9773,-8.34578],[11.289,-1.40537,-2.26281],false,[-133.26,97.9079,98.6525],[-135.756,96.5313,47.6257],[-129.823,91.3095,17.4801],[-123.276,91.8822,1.54359],[-115.563,94.7516,-11.2264],[[[0.688128,-0.725452,-0.0141007],[-0.723942,-0.687745,0.0539781],[0.0488562,0.0269358,0.998443]],[[0.676199,-0.691936,0.252941],[-0.711696,-0.702246,-0.0184303],[-0.190379,0.167554,0.967306]],[[0.676199,-0.691936,0.252941],[-0.631271,-0.721194,-0.285267],[-0.379806,-0.0332227,0.92447]],[[0.676199,-0.691936,0.252941],[-0.533849,-0.696814,-0.479015],[-0.507701,-0.188877,0.840574]]],4],[2120,[0.0656252,0.694957,-0.716051],212,52.1164,[60.2645,222.408,45.0695],[59.4627,221.348,44.1126],[50.096,104.046,49.3423],false,[48.6889,143.594,107.734],[48.6889,143.594,107.734],[55.234,183.711,78.7582],[57.4715,207.406,54.344],[61.2711,227.249,42.5316],[[[0.898777,-0.43821,-0.0131405],[0.365629,0.7327,0.573992],[-0.241901,-0.520695,0.818756]],[[0.930521,-0.301738,-0.207568],[0.341963,0.512925,0.787381],[-0.131116,-0.803656,0.580471]],[[0.930521,-0.301738,-0.207568],[0.36031,0.652679,0.666473],[-0.0656252,-0.694957,0.716051]],[[0.930521,-0.301738,-0.207568],[0.328287,0.435962,0.837952],[-0.16235,-0.847874,0.504729]]],0],[2121,[-0.118018,0.107774,-0.987146],212,58.8075,[75.2533,163.578,-48.0003],[76.2038,164.126,-47.8917],[-23.3178,79.8003,-41.3524],false,[69.9762,135.365,101.329],[77.8401,155.161,30.9102],[81.8334,159.682,-11.6266],[78.9808,162.287,-35.4863],[74.1475,164.104,-51.773],[[[0.0044362,-0.962805,-0.270161],[0.994261,-0.0246316,0.104109],[-0.106891,-0.269072,0.95717]],[[-0.0134323,-0.994175,-0.106935],[0.99558,-0.0232386,0.090993],[-0.092948,-0.10524,0.990093]],[[-0.0134323,-0.994175,-0.106935],[0.992921,-0.000639335,-0.118778],[0.118018,-0.107774,0.987146]],[[-0.0134323,-0.994175,-0.106935],[0.959059,0.0174466,-0.282669],[0.282888,-0.106354,0.953238]]],1],[2122,[-0.345345,0.0522744,-0.937019],212,67.0064,[57.4492,135.767,-57.9338],[59.2323,136.642,-58.2325],[-10.1863,68.4088,-41.949],false,[71.7857,123.754,97.6514],[79.1175,133.159,28.91],[74.8974,133.16,-19.1053],[65.077,134.647,-45.7507],[55.2143,136.329,-61.6579],[[[-0.179609,-0.971905,-0.152123],[0.978109,-0.192952,0.0779252],[-0.105088,-0.134797,0.985285]],[[-0.194823,-0.98069,0.0170927],[0.976923,-0.195571,-0.0858694],[0.087554,-0.0000310704,0.99616]],[[-0.194823,-0.98069,0.0170927],[0.918031,-0.188456,-0.348861],[0.345345,-0.0522744,0.937019]],[[-0.194823,-0.98069,0.0170927],[0.828609,-0.173885,-0.532138],[0.524834,-0.0895094,0.846485]]],2],[2123,[-0.267403,0.106674,-0.957662],212,64.4285,[62.6528,116.088,-50.0943],[62.0027,116.221,-50.581],[47.8261,96.6653,-54.6288],false,[70.5569,111.81,95.0536],[76.669,110.826,32.7202],[77.5317,112.149,-11.9315],[70.1241,115.104,-38.4606],[61.2503,118.099,-54.6278],[[[-0.266335,-0.963819,-0.0109108],[0.958929,-0.266096,0.0982266],[-0.0975759,0.0156985,0.995104]],[[-0.264036,-0.963926,-0.0336459],[0.96432,-0.264521,0.0107971],[-0.0193077,-0.0295946,0.999375]],[[-0.264036,-0.963926,-0.0336459],[0.926704,-0.24386,-0.285922],[0.267403,-0.106674,0.957662]],[[-0.264036,-0.963926,-0.0336459],[0.839475,-0.21249,-0.50013],[0.474939,-0.160297,0.865296]]],3],[2124,[-0.315974,0.0754924,-0.94576],212,50.5107,[55.2919,92.0434,-26.9728],[56.333,93.5627,-27.5523],[29.4546,45.9138,-52.7455],false,[62.2874,100.26,94.1693],[69.7115,91.1225,37.392],[68.6982,88.8171,2.12257],[62.5181,90.2937,-16.3754],[53.6943,93.344,-30.8647],[[[-0.430596,-0.898219,0.0882561],[0.893417,-0.410326,0.18286],[-0.128035,0.157588,0.979169]],[[-0.4283,-0.900828,0.0711871],[0.903182,-0.429253,0.00210915],[0.0286573,0.0651983,0.997461]],[[-0.4283,-0.900828,0.0711871],[0.846593,-0.427562,-0.316971],[0.315974,-0.0754924,0.94576]],[[-0.4283,-0.900828,0.0711871],[0.744645,-0.396475,-0.536946],[0.51192,-0.176965,0.840608]]],4]],[[0,200,0],[235.247,235.247,147.751]]],[297210,5440907710,[[211,"left",[-0.252621,0.167173,-0.953014],[0.898764,0.405324,-0.167141],[-145.259,125.431,64.7977],[6.75969,1.41565,-3.77061],[-145.328,125.366,64.8882],0,0,0.0736917,[[0.41314,-0.735254,0.537324],[-0.904179,-0.401491,0.145825],[-0.108512,0.546083,0.830673]],56.1609,[-160.073,239.844,306.77],[-134.251,109.893,109.094]],[212,"right",[0.257899,0.111866,-0.959674],[-0.964489,0.0884023,-0.248888],[69.9906,128.94,50.4075],[53.7876,51.6433,-59.7132],[68.0777,126.656,53.0269],0,0,0.341688,[[-0.112118,-0.975958,-0.186913],[0.719274,0.0500757,-0.69292],[0.68562,-0.21213,0.696366]],63.72,[244.914,57.6967,290.328],[59.7962,114.972,102.309]]],[[2110,[-0.449117,0.842566,-0.297282],211,45.9338,[-170.472,210.742,85.0934],[-171.54,210.086,85.0943],[-40.5917,-11.7693,15.598],false,[-133.937,135.829,116.726],[-133.937,135.829,116.726],[-153.917,172.942,104.111],[-167.414,198.261,95.1776],[-172.981,213.906,82.9408],[[[-0.708979,-0.691569,-0.138131],[-0.591739,0.476807,0.65],[0.383658,-0.542574,0.747275]],[[-0.783087,-0.531406,-0.323084],[-0.424898,0.0778034,0.901892],[0.454134,-0.843537,0.28672]],[[-0.783087,-0.531406,-0.323084],[-0.430197,0.0876952,0.898466],[0.449117,-0.842566,0.297282]],[[-0.783087,-0.531406,-0.323084],[-0.560285,0.377349,0.737352],[0.269918,-0.758429,0.593236]]],0],[2111,[0.0715269,0.364245,-0.928552],211,51.8312,[-161.108,171.862,-16.0993],[-162.793,171.46,-16.1267],[-16.6804,-6.93366,-3.29683],false,[-149.262,124.032,108.822],[-160.444,148.175,49.6906],[-165.594,159.329,13.8732],[-164.07,167.089,-5.90778],[-160.531,173.223,-19.1974],[[[0.310835,-0.85793,-0.409068],[-0.934687,-0.354008,0.0322206],[0.172456,-0.372336,0.911935]],[[0.325376,-0.888532,-0.323482],[-0.935754,-0.351767,0.0249931],[0.135998,-0.294567,0.945904]],[[0.325376,-0.888532,-0.323482],[-0.942876,-0.278991,-0.18207],[-0.0715269,-0.364245,0.928552]],[[0.325376,-0.888532,-0.323482],[-0.915916,-0.21113,-0.341353],[-0.235006,-0.40735,0.882518]]],1],[2112,[0.20362,0.252465,-0.945939],211,59.0574,[-145.474,146.442,-31.852],[-147.181,146.299,-32.0583],[-11.1562,-2.87947,-4.11739],false,[-147.416,114.484,104.005],[-155.224,129.974,45.0115],[-155.318,135.864,2.9395],[-150.215,142.191,-20.7685],[-144.285,147.693,-35.2219],[[[0.486033,-0.827342,-0.281561],[-0.864668,-0.502043,-0.0173876],[0.12697,-0.251907,0.959386]],[[0.500242,-0.857369,-0.121145],[-0.865883,-0.495677,-0.0674591],[0.00221163,-0.138643,0.99034]],[[0.500242,-0.857369,-0.121145],[-0.841604,-0.44853,-0.300871],[-0.20362,-0.252465,0.945939]],[[0.500242,-0.857369,-0.121145],[-0.78842,-0.393165,-0.473091],[-0.357984,-0.332173,0.872645]]],2],[2113,[0.260016,0.0896255,-0.961436],211,56.7853,[-132.465,114.559,-28.4263],[-132.483,115.238,-28.2952],[-9.73756,1.57719,-7.03594],false,[-142.958,105.353,100.264],[-146.885,111.711,45.5634],[-144.071,109.999,6.32229],[-137.722,112.187,-17.1518],[-131.137,115.349,-31.9103],[[[0.563211,-0.815179,-0.135193],[-0.823245,-0.567645,-0.0068674],[0.0711434,-0.115165,0.990795]],[[0.565567,-0.821156,0.0764067],[-0.821599,-0.569045,-0.0340996],[-0.0714799,0.0434901,0.996493]],[[0.565567,-0.821156,0.0764067],[-0.78264,-0.563623,-0.264203],[-0.260016,-0.0896255,0.961436]],[[0.565567,-0.821156,0.0764067],[-0.72126,-0.537425,-0.436989],[-0.399899,-0.192037,0.896216]]],3],[2114,[0.366795,0.0322105,-0.929744],211,44.5186,[-117.584,94.1843,-8.49801],[-118.057,94.2102,-8.68081],[-6.14651,4.18885,-11.9268],false,[-132.763,98.265,98.4822],[-135.545,96.7477,47.4741],[-129.884,91.5339,17.275],[-123.561,92.0892,1.24756],[-116.075,94.9318,-11.6629],[[[0.695889,-0.717957,-0.016605],[-0.716082,-0.695454,0.0597504],[0.0544463,0.0296891,0.998075]],[[0.685669,-0.684805,0.24678],[-0.704877,-0.709263,-0.00970125],[-0.181675,0.167298,0.969023]],[[0.685669,-0.684805,0.24678],[-0.628744,-0.728014,-0.273269],[-0.366795,-0.0322105,0.929744]],[[0.685669,-0.684805,0.24678],[-0.535786,-0.704295,-0.465727],[-0.492738,-0.187114,0.849822]]],4],[2120,[0.0855971,0.715006,-0.693858],212,52.1164,[62.9752,223.798,45.9701],[62.9223,222.95,45.0817],[115.907,95.8055,52.4227],false,[50.1221,143.761,106.631],[50.1221,143.761,106.631],[57.5735,184.391,78.6059],[60.492,208.77,54.9484],[64.734,228.809,43.6262],[[[0.890055,-0.455527,-0.0172418],[0.376554,0.71338,0.591013],[-0.256923,-0.532527,0.806477]],[[0.92569,-0.314626,-0.210019],[0.347584,0.488351,0.800436],[-0.149275,-0.813955,0.561421]],[[0.92569,-0.314626,-0.210019],[0.368471,0.62432,0.688805],[-0.0855971,-0.715006,0.693858]],[[0.92569,-0.314626,-0.210019],[0.332031,0.409761,0.849618],[-0.181255,-0.856216,0.483777]]],0],[2121,[-0.110136,0.130437,-0.98532],212,58.8075,[77.76,166.288,-48.4911],[78.9249,166.936,-48.3872],[59.7419,118.03,-35.5782],false,[71.281,135.246,100.174],[79.9487,156.325,30.224],[84.2613,161.645,-12.1891],[81.5993,164.798,-36.0047],[76.9027,167.046,-52.2775],[[[-0.0128845,-0.95695,-0.289968],[0.992952,-0.0464134,0.109052],[-0.117816,-0.286519,0.950803]],[[-0.0323205,-0.991297,-0.127615],[0.994424,-0.0447177,0.0955072],[-0.100383,-0.123817,0.987215]],[[-0.0323205,-0.991297,-0.127615],[0.993391,-0.0177911,-0.113393],[0.110136,-0.130437,0.98532]],[[-0.0323205,-0.991297,-0.127615],[0.960933,0.00429664,-0.276747],[0.274887,-0.131574,0.952431]]],1],[2122,[-0.339242,0.0781715,-0.937446],212,67.0064,[59.3966,138.851,-58.9986],[61.4278,139.984,-59.3703],[53.2663,126.345,-53.2938],false,[72.8838,123.68,96.2677],[80.8053,134.348,27.7768],[76.8463,135.41,-20.249],[67.1995,137.633,-46.9066],[57.4564,139.834,-62.8242],[[[-0.197767,-0.964834,-0.173159],[0.973651,-0.213808,0.0793076],[-0.113541,-0.152912,0.981696]],[[-0.214175,-0.976787,-0.00394652],[0.973336,-0.213075,-0.0849485],[0.0821357,-0.0220352,0.996378]],[[-0.214175,-0.976787,-0.00394652],[0.915993,-0.199439,-0.34811],[0.339242,-0.0781715,0.937446]],[[-0.214175,-0.976787,-0.00394652],[0.827838,-0.179369,-0.531517],[0.518471,-0.117105,0.847038]]],2],[2123,[-0.253588,0.134142,-0.957966],212,64.4285,[64.4446,118.944,-51.5525],[64.2666,119.67,-52.2064],[87.0403,141.587,-71.4041],false,[71.4359,111.818,93.4169],[77.896,111.995,31.1112],[79.2564,114.359,-13.4851],[72.2315,118.075,-40.0227],[63.6315,121.614,-56.2277],[[[-0.285152,-0.957938,-0.0322895],[0.952918,-0.28696,0.0979874],[-0.103132,-0.00282795,0.994664]],[[-0.282238,-0.957506,-0.0593649],[0.958861,-0.283519,0.0142193],[-0.0304462,-0.0529095,0.998135]],[[-0.282238,-0.957506,-0.0593649],[0.925222,-0.25532,-0.280672],[0.253588,-0.134142,0.957966]],[[-0.282238,-0.957506,-0.0593649],[0.841712,-0.217466,-0.494195],[0.460285,-0.189449,0.867322]]],3],[2124,[-0.305925,0.0960796,-0.947195],212,50.5107,[56.2351,93.6431,-28.3728],[57.6307,96.0931,-29.6507],[52.6695,90.7097,-85.1745],false,[62.9464,100.454,92.2487],[70.5252,92.3404,35.3364],[69.7386,90.6094,0.0283791],[63.7551,92.4886,-18.4976],[55.1331,95.9288,-33.0212],[[[-0.448675,-0.891157,0.0673055],[0.884086,-0.431576,0.179261],[-0.130702,0.139934,0.981497]],[[-0.446826,-0.893006,0.053733],[0.894344,-0.447375,0.00200796],[0.0222457,0.048953,0.998553]],[[-0.446826,-0.893006,0.053733],[0.840688,-0.43967,-0.316124],[0.305925,-0.0960796,0.947195]],[[-0.446826,-0.893006,0.053733],[0.741714,-0.403369,-0.535867],[0.500207,-0.199585,0.842591]]],4]],[[0,200,0],[235.247,235.247,147.751]]],[297211,5440935431,[[211,"left",[-0.347417,0.127982,-0.928936],[0.867501,0.419974,-0.266579],[-146.954,126.571,64.5328],[-35.8747,26.3495,-7.4042],[-146.143,125.97,64.7102],0,0,0.109962,[[0.393876,-0.744205,0.539464],[-0.910763,-0.395155,0.119844],[-0.123984,0.538527,0.833436]],56.1609,[-160.835,240.998,306.366],[-131.33,112.844,108.033]],[212,"right",[0.279943,0.148867,-0.948404],[-0.954916,0.144878,-0.259124],[72.7188,128.382,48.5637],[81.8108,6.59248,-63.9841],[69.3164,127.116,51.8356],0,0,0.375273,[[-0.098535,-0.978273,-0.182406],[0.73001,0.0535116,-0.681339],[0.676296,-0.200294,0.708876]],63.72,[243.574,58.1818,290.901],[60.9737,112.261,99.5042]]],[[2110,[-0.501441,0.821439,-0.271652],211,45.9338,[-171.387,210.939,85.1838],[-173.471,211.222,84.726],[-58.3832,20.7655,-2.16614],false,[-130.97,139.031,114.753],[-130.97,139.031,114.753],[-153.118,175.197,103.041],[-168.187,199.881,94.8777],[-175.232,214.863,82.5735],[[[-0.70045,-0.712203,-0.0462181],[-0.53889,0.485315,0.688525],[0.46794,-0.507184,0.723738]],[[-0.795904,-0.561073,-0.227453],[-0.336333,0.0973756,0.936695],[0.503406,-0.822019,0.266209]],[[-0.795904,-0.561073,-0.227453],[-0.339255,0.102155,0.935131],[0.501441,-0.821439,0.271652]],[[-0.795904,-0.561073,-0.227453],[-0.499884,0.397074,0.769707],[0.341546,-0.726312,0.596504]]],0],[2111,[-0.0264741,0.333537,-0.942365],211,51.8312,[-171.164,169.88,-15.9364],[-173.29,169.362,-15.7659],[-245.163,-49.5964,3.67163],false,[-146.666,126.614,108.76],[-164.117,148.417,50.2402],[-172.951,158.201,14.7432],[-173.515,165.307,-5.33209],[-171.409,171.059,-19.0885],[[[0.292626,-0.864223,-0.409254],[-0.917574,-0.374234,0.134187],[0.269124,-0.336254,0.9025]],[[0.316162,-0.891512,-0.32442],[-0.919571,-0.372072,0.126298],[0.233304,-0.258397,0.937444]],[[0.316162,-0.891512,-0.32442],[-0.948336,-0.306528,-0.0818496],[0.0264741,-0.333537,0.942365]],[[0.316162,-0.891512,-0.32442],[-0.938346,-0.24346,-0.245428],[-0.139819,-0.382013,0.913519]]],1],[2112,[0.105904,0.224199,-0.968772],211,59.0574,[-156.58,144.286,-32.2708],[-158.634,144.014,-32.3009],[-264.328,-52.0121,-10.4584],false,[-145.041,116.949,104.099],[-158.892,130.19,45.6695],[-163.165,134.605,3.63379],[-160.51,140.224,-20.6465],[-156.126,145.36,-35.7701],[[[0.478403,-0.825161,-0.300399],[-0.848761,-0.522246,0.0828473],[0.225244,-0.215333,0.950209]],[[0.508803,-0.84927,-0.140922],[-0.854986,-0.517628,0.0325454],[0.100585,-0.103927,0.989486]],[[0.508803,-0.84927,-0.140922],[-0.854344,-0.47799,-0.204014],[-0.105904,-0.224199,0.968772]],[[0.508803,-0.84927,-0.140922],[-0.819178,-0.427292,-0.382582],[-0.2647,-0.310099,0.913111]]],2],[2113,[0.163512,0.0635362,-0.984493],211,56.7853,[-141.585,113.161,-29.0589],[-142.951,113.475,-28.9913],[-240.91,-37.8607,-17.3403],false,[-140.723,107.799,100.241],[-150.059,112.156,46.0019],[-151.002,109.202,6.74498],[-147.01,110.753,-17.2921],[-141.966,113.573,-32.7124],[[[0.568948,-0.806123,-0.162679],[-0.8048,-0.586463,0.0914218],[0.169102,-0.0789094,0.982435]],[[0.59173,-0.804803,0.0463395],[-0.80578,-0.588782,0.0636679],[0.0239562,0.0750137,0.996895]],[[0.59173,-0.804803,0.0463395],[-0.789