{"metadata":{"formatVersion":2,"generatedBy":"LeapJS Playback 0.2.1","frames":54,"protocolVersion":6,"serviceVersion":"2.2.6+29154","frameRate":"43","modified":"Thu Jun 04 2015 15:07:16 GMT-0300 (E. South America Standard Time)"},"frames":[["id","timestamp",{"hands":[["id","type","direction","palmNormal","palmPosition","palmVelocity","stabilizedPalmPosition","pinchStrength","grabStrength","confidence","armBasis","armWidth","elbow","wrist"]]},{"pointables":[["id","direction","handId","length","stabilizedTipPosition","tipPosition","tipVelocity","tool","carpPosition","mcpPosition","pipPosition","dipPosition","btipPosition","bases","type"]]},{"interactionBox":["center","size"]}],[297015,5436379509,[[211,"left",[-0.393118,0.0768126,-0.916274],[0.831344,0.45544,-0.318499],[-147.982,127.884,48.4204],[158.61,-101.764,22.3263],[-151.13,130.011,48.0538],0,0,0.528931,[[0.333698,-0.936546,-0.107363],[-0.85055,-0.250018,-0.462661],[-0.406461,-0.245707,0.88001]],56.1609,[-226.524,58.0644,301.026],[-129.798,116.535,91.6103]],[212,"right",[0.3719,0.170421,-0.912495],[-0.92225,0.17963,-0.342327],[96.9692,149.883,48.8995],[-121.429,-80.3955,-6.34224],[105.858,154.671,47.8383],0,0,0.730112,[[-0.17765,-0.940615,-0.289282],[0.688067,0.0914386,-0.719863],[0.703565,-0.326929,0.630962]],63.72,[270.029,44.2479,268.306],[80.066,132.519,97.9458]]],[[2110,[-0.475153,0.800908,-0.364385],211,45.9338,[-180.87,218.863,75.2487],[-176.231,216.198,73.5536],[134.699,-90.7941,-22.5901],false,[-130.57,142.924,97.4452],[-130.57,142.924,97.4452],[-153.935,179.026,88.1492],[-168.214,203.093,77.1992],[-179.418,220.05,73.6739],[[[-0.662207,-0.749274,0.00833729],[-0.534527,0.480153,0.69551],[0.525131,-0.456116,0.718468]],[[-0.793176,-0.569144,-0.216672],[-0.298048,0.0525236,0.953105],[0.531073,-0.820559,0.211293]],[[-0.793176,-0.569144,-0.216672],[-0.380922,0.186069,0.905691],[0.475153,-0.800908,0.364385]],[[-0.793176,-0.569144,-0.216672],[-0.275382,0.0178652,0.961169],[0.543173,-0.822044,0.170902]]],0],[2111,[0.138709,0.410142,-0.901412],211,51.8312,[-169.995,174.356,-29.2634],[-169.011,173.063,-29.3249],[212.263,-133.533,-9.3788],false,[-145.812,129.495,92.5661],[-166.896,148.281,34.1961],[-175.448,158.952,-1.11397],[-172.493,167.689,-20.3168],[-166.316,174.736,-32.1051],[[[0.321261,-0.861458,-0.393295],[-0.889418,-0.417078,0.187034],[0.325157,-0.289717,0.900187]],[[0.33762,-0.875267,-0.346294],[-0.913786,-0.393043,0.102528],[0.225848,-0.281823,0.932507]],[[0.33762,-0.875267,-0.346294],[-0.931006,-0.256301,-0.25988],[-0.138709,-0.410142,0.901412]],[[0.33762,-0.875267,-0.346294],[-0.847218,-0.122258,-0.516986],[-0.410164,-0.467931,0.782819]]],1],[2112,[0.257741,0.418906,-0.870682],211,59.0574,[-154.166,157.419,-41.8942],[-153.504,155.806,-42.1389],[222.761,-136.729,7.75393],false,[-143.866,119.771,88.157],[-160.892,130.205,29.9979],[-165.342,139.358,-11.2471],[-158.882,149.857,-33.069],[-150.538,158.526,-44.4506],[[[0.509123,-0.808872,-0.294144],[-0.814946,-0.562972,0.137568],[0.27687,-0.169672,0.945809]],[[0.524521,-0.817448,-0.238025],[-0.844927,-0.53418,-0.0273822],[0.104764,-0.215476,0.970873]],[[0.524521,-0.817448,-0.238025],[-0.811447,-0.395342,-0.430416],[-0.257741,-0.418906,0.870682]],[[0.524521,-0.817448,-0.238025],[-0.686316,-0.240518,-0.686383],[-0.503834,-0.523382,0.687184]]],2],[2113,[0.385288,0.301227,-0.872247],211,56.7853,[-134.394,127.704,-38.613],[-133.833,126.711,-38.5684],[220.527,-136.138,32.1311],false,[-139.228,110.732,84.413],[-151.089,112.683,30.5286],[-149.552,113.331,-8.81529],[-140.145,120.686,-30.1118],[-130.363,128.51,-40.8018],[[[0.604293,-0.780268,-0.161283],[-0.767248,-0.624446,0.146282],[0.214851,-0.0353466,0.976007]],[[0.632563,-0.774416,0.0119736],[-0.773524,-0.632463,-0.0406389],[-0.0390443,-0.0164448,0.999102]],[[0.632563,-0.774416,0.0119736],[-0.671876,-0.556365,-0.488919],[-0.385288,-0.301227,0.872247]],[[0.632563,-0.774416,0.0119736],[-0.497025,-0.417743,-0.760563],[-0.593995,-0.475153,0.649153]]],3],[2114,[0.441229,0.207381,-0.873103],211,44.5186,[-120.43,104.133,-22.0372],[-119.123,102.444,-21.7777],[206.437,-128.555,50.8267],false,[-128.826,104.284,81.6601],[-138.409,98.7612,31.7648],[-132.546,93.8765,1.54898],[-124.94,97.4514,-13.502],[-116.232,104.369,-23.8512],[[[0.743507,-0.66514,-0.0691744],[-0.641902,-0.738858,0.205065],[0.187507,0.108064,0.976301]],[[0.764549,-0.596296,0.244737],[-0.616504,-0.787314,0.00766056],[-0.188117,0.156738,0.969559]],[[0.764549,-0.596296,0.244737],[-0.469875,-0.775515,-0.421657],[-0.441229,-0.207381,0.873103]],[[0.764549,-0.596296,0.244737],[-0.294769,-0.661117,-0.689953],[-0.573216,-0.455362,0.681226]]],4],[2120,[0.229639,0.744871,-0.626445],212,52.1164,[106.731,247.896,50.9991],[97.8809,242.196,49.2136],[-121.568,-78.6196,-25.8021],false,[71.8427,161.496,103.756],[71.8427,161.496,103.756],[84.161,200.084,74.584],[91.9906,225.48,53.2249],[100.06,246.659,47.3885],[[[0.854973,-0.517278,0.038002],[0.352267,0.63289,0.689462],[-0.380695,-0.576085,0.723324]],[[0.9167,-0.381781,-0.117915],[0.314268,0.506631,0.802845],[-0.246772,-0.773026,0.58441]],[[0.9167,-0.381781,-0.117915],[0.326997,0.547184,0.770495],[-0.229639,-0.744871,0.626445]],[[0.9167,-0.381781,-0.117915],[0.201915,0.187949,0.9612],[-0.344806,-0.904941,0.24938]]],0],[2121,[-0.0477639,0.232083,-0.971523],212,58.8075,[120.222,200.746,-44.1279],[114.448,197.129,-44.5913],[-177.651,-105.33,-28.4727],false,[93.0038,151.993,98.8794],[110.902,178.012,32.4328],[117.063,187.256,-9.06845],[115.908,192.866,-32.5505],[112.57,196.955,-48.8003],[[[-0.0416304,-0.926492,-0.374005],[0.969061,-0.12859,0.21068],[-0.243286,-0.353663,0.90318]],[[-0.0792206,-0.970449,-0.227932],[0.98649,-0.10921,0.122108],[-0.143392,-0.215179,0.96599]],[[-0.0792206,-0.970449,-0.227932],[0.995712,-0.0660777,-0.0647382],[0.0477639,-0.232083,0.971523]],[[-0.0792206,-0.970449,-0.227932],[0.977527,-0.0308169,-0.208545],[0.195358,-0.239331,0.951081]]],1],[2122,[-0.142838,0.220828,-0.964796],212,67.0064,[114.617,179.777,-59.8199],[106.581,174.446,-59.8541],[-193.663,-120.317,-21.0896],false,[94.2897,140.697,94.1503],[110.611,156.305,28.1381],[114.053,164.268,-19.2751],[109.991,170.548,-46.7104],[104.311,175.36,-63.9652],[[[-0.238704,-0.930167,-0.278943],[0.942495,-0.291107,0.164195],[-0.233931,-0.223709,0.946166]],[[-0.26189,-0.948481,-0.178321],[0.962452,-0.270347,0.0244632],[-0.0714114,-0.165219,0.983668]],[[-0.26189,-0.948481,-0.178321],[0.954469,-0.227199,-0.193312],[0.142838,-0.220828,0.964796]],[[-0.26189,-0.948481,-0.178321],[0.916557,-0.186575,-0.353713],[0.30222,-0.256075,0.918199]]],2],[2123,[-0.282127,0.144823,-0.948383],212,64.4285,[96.9981,147.095,-54.6705],[91.6586,143.705,-54.2986],[-196.836,-109.437,1.73238],false,[92.412,129.247,90.1119],[105.904,134.031,29.1295],[104.576,136.178,-15.4787],[96.7603,140.19,-41.7508],[88.2236,144.114,-57.9007],[[[-0.340892,-0.92834,-0.148245],[0.915095,-0.363802,0.173924],[-0.215392,-0.0763691,0.973537]],[[-0.363636,-0.930921,-0.0339814],[0.931067,-0.362044,-0.0451558],[0.0297337,-0.0480592,0.998402]],[[-0.363636,-0.930921,-0.0339814],[0.887792,-0.335279,-0.3153],[0.282127,-0.144823,0.948383]],[[-0.363636,-0.930921,-0.0339814],[0.811796,-0.298789,-0.501708],[0.456898,-0.210025,0.864369]]],3],[2124,[-0.142975,0.276872,-0.95021],212,50.5107,[99.7713,134.246,-34.3191],[94.1645,130.134,-34.0525],[-200.289,-132.693,-6.92182],false,[83.3943,118.678,87.0264],[96.8477,114.698,30.764],[100.466,119.912,-4.02084],[97.6699,125.327,-22.6058],[92.1717,131.524,-37.7214],[[[-0.510013,-0.857982,-0.0612584],[0.828285,-0.509072,0.234071],[-0.232014,0.0686399,0.970288]],[[-0.47806,-0.859968,-0.178645],[0.872345,-0.488578,0.0175094],[-0.10234,-0.14747,0.983758]],[[-0.47806,-0.859968,-0.178645],[0.866612,-0.428716,-0.255315],[0.142975,-0.276872,0.95021]],[[-0.47806,-0.859968,-0.178645],[0.818359,-0.362245,-0.446169],[0.318978,-0.359492,0.876937]]],4]],[[0,200,0],[235.247,235.247,147.751]]],[297016,5436407357,[[211,"left",[-0.367662,0.0705995,-0.927276],[0.840974,0.45088,-0.299115],[-144.247,125.287,49.5411],[143.209,-96.4067,33.6059],[-146.359,126.737,49.0847],0,0,0.538769,[[0.337223,-0.936901,-0.0921782],[-0.843996,-0.257492,-0.470499],[-0.417076,-0.236461,0.877573]],56.1609,[-226.535,57.9617,302.136],[-127.283,114.232,93.3001]],[212,"right",[0.318619,0.12382,-0.939761],[-0.939937,0.169372,-0.296363],[91.6198,145.62,49.2836],[-165.922,-126.157,6.33581],[98.4085,149.935,48.5945],0,0,0.602063,[[-0.217743,-0.941632,-0.256742],[0.67992,0.042376,-0.732061],[0.700212,-0.333965,0.631008]],63.72,[266.599,40.5785,270.385],[77.5413,130.749,100.013]]],[[2110,[-0.462656,0.801039,-0.379851],211,45.9338,[-176.536,215.936,74.8976],[-173.043,213.94,73.6702],[122.911,-83.1237,-4.39131],false,[-128.144,140.668,98.9065],[-128.144,140.668,98.9065],[-151.151,176.812,88.9114],[-165.054,200.884,77.4966],[-176.167,217.867,73.8134],[[[-0.664192,-0.747552,-0.00400224],[-0.552091,0.486903,0.676846],[0.504029,-0.451765,0.736114]],[[-0.789065,-0.567394,-0.235459],[-0.322339,0.0561288,0.944959],[0.522948,-0.821531,0.227183]],[[-0.789065,-0.567394,-0.235459],[-0.404137,0.19079,0.894579],[0.462656,-0.801039,0.379851]],[[-0.789065,-0.567394,-0.235459],[-0.295173,0.0140411,0.955341],[0.538749,-0.823327,0.178559]]],0],[2111,[0.166778,0.402967,-0.89989],211,51.8312,[-162.413,170.395,-29.1317],[-162.845,169.919,-29.0911],[217.368,-120.56,2.77132],false,[-143.282,127.238,93.7158],[-162.709,145.618,34.6456],[-170.198,156.043,-0.978167],[-166.646,164.627,-20.1486],[-160.093,171.566,-31.7966],[[[0.329606,-0.865302,-0.377639],[-0.895322,-0.413406,0.165814],[0.299597,-0.283455,0.910985]],[[0.344766,-0.878894,-0.329669],[-0.917613,-0.38956,0.0789272],[0.197794,-0.275297,0.940792]],[[0.344766,-0.878894,-0.329669],[-0.923754,-0.25527,-0.28551],[-0.166778,-0.402967,0.89989]],[[0.344766,-0.878894,-0.329669],[-0.831749,-0.123233,-0.541302],[-0.435121,-0.460824,0.773506]]],1],[2112,[0.284348,0.411928,-0.865715],211,59.0574,[-146.515,153.545,-41.0438],[-147.042,152.599,-41.3052],[228.098,-123.874,21.9618],false,[-141.243,117.476,89.4373],[-156.64,127.495,30.754],[-159.838,136.378,-10.6661],[-152.711,146.702,-32.3635],[-144.018,155.262,-43.5649],[[[0.514822,-0.812404,-0.273787],[-0.819914,-0.559867,0.119542],[0.250401,-0.162938,0.954332]],[[0.528743,-0.820625,-0.216805],[-0.845437,-0.531842,-0.0487848],[0.0752718,-0.20909,0.974995]],[[0.528743,-0.820625,-0.216805],[-0.799735,-0.396093,-0.451147],[-0.284348,-0.411928,0.865715]],[[0.528743,-0.820625,-0.216805],[-0.667048,-0.243799,-0.703995],[-0.52486,-0.516852,0.676303]]],2],[2113,[0.410382,0.293393,-0.863428],211,56.7853,[-127.074,123.751,-36.8988],[-127.625,123.407,-36.9996],[221.189,-125.033,47.896],false,[-136.527,108.396,85.8922],[-146.903,109.954,31.6893],[-144.232,110.31,-7.59762],[-134.213,117.474,-28.6788],[-124.122,125.184,-39.1622],[[[0.606393,-0.782994,-0.138592],[-0.772637,-0.621388,0.130037],[0.187938,-0.0282276,0.981775]],[[0.629959,-0.775803,0.0357977],[-0.773661,-0.630911,-0.0583081],[-0.0678207,-0.00903649,0.997657]],[[0.629959,-0.775803,0.0357977],[-0.659347,-0.558615,-0.503201],[-0.410382,-0.293393,0.863428]],[[0.629959,-0.775803,0.0357977],[-0.477123,-0.422975,-0.770355],[-0.612785,-0.468212,0.63661]]],3],[2114,[0.466082,0.199129,-0.862041],211,44.5186,[-113.756,100.215,-19.6994],[-113.484,99.232,-19.6215],[203.395,-120.636,67.871],false,[-126.071,101.901,83.4756],[-134.298,96.0111,33.3808],[-127.593,90.8736,3.38286],[-119.559,94.3063,-11.4775],[-110.548,101.114,-21.6387],[[[0.743339,-0.667492,-0.0435988],[-0.649255,-0.735644,0.193121],[0.16098,0.115248,0.980206]],[[0.755887,-0.595973,0.271019],[-0.618342,-0.785901,-0.00361345],[-0.215148,0.164851,0.962567]],[[0.755887,-0.595973,0.271019],[-0.459785,-0.777923,-0.428291],[-0.466082,-0.199129,0.862041]],[[0.755887,-0.595973,0.271019],[-0.277169,-0.666331,-0.692228],[-0.593138,-0.448128,0.668856]]],4],[2120,[0.195028,0.719294,-0.666769],212,52.1164,[100.74,243.49,48.389],[92.8029,238.005,45.2753],[-163.547,-119.972,-93.9093],false,[69.7912,160.028,104.884],[69.7912,160.028,104.884],[80.3331,197.158,73.2292],[86.9827,221.683,50.4953],[94.7483,242.575,43.3587],[[[0.853595,-0.520771,0.0131495],[0.394573,0.662814,0.636388],[-0.340128,-0.538029,0.771257]],[[0.90732,-0.390485,-0.155857],[0.363551,0.542453,0.757348],[-0.211187,-0.743819,0.63414]],[[0.90732,-0.390485,-0.155857],[0.37247,0.574576,0.728785],[-0.195028,-0.719294,0.666769]],[[0.90732,-0.390485,-0.155857],[0.258207,0.224961,0.939533],[-0.331811,-0.8927,0.304938]]],0],[2121,[-0.102916,0.185504,-0.977239],212,58.8075,[104.05,188.138,-47.3272],[103.781,188.167,-47.2537],[-306.626,-241.133,-67.8372],false,[90.5917,150.155,99.249],[104.682,172.828,30.6933],[108.445,180.029,-11.4939],[105.957,184.513,-35.1141],[101.71,187.84,-51.3254],[[[-0.0672378,-0.943073,-0.325717],[0.979182,-0.125039,0.159901],[-0.191526,-0.308185,0.931848]],[[-0.0963926,-0.979692,-0.175818],[0.991483,-0.110051,0.0696413],[-0.0875759,-0.167608,0.981956]],[[-0.0963926,-0.979692,-0.175818],[0.990008,-0.0761041,-0.118707],[0.102916,-0.185504,0.977239]],[[-0.0963926,-0.979692,-0.175818],[0.963798,-0.0477517,-0.262323],[0.2486,-0.194739,0.948828]]],1],[2122,[-0.199862,0.16333,-0.966115],212,67.0064,[95.0878,164.434,-61.0415],[94.7383,164.078,-60.9939],[-335.799,-286.985,-33.0622],false,[91.5523,138.637,95.0048],[104.05,150.943,27.4775],[104.808,155.943,-20.4569],[99.1247,160.587,-47.9297],[92.3888,164.41,-65.0514],[[[-0.25843,-0.940813,-0.219281],[0.949275,-0.289412,0.122952],[-0.179138,-0.176384,0.967883]],[[-0.277693,-0.955023,-0.104008],[0.960541,-0.277795,-0.0137956],[-0.0157178,-0.103735,0.994481]],[[-0.277693,-0.955023,-0.104008],[0.93965,-0.247496,-0.236228],[0.199862,-0.16333,0.966115]],[[-0.277693,-0.955023,-0.104008],[0.891295,-0.215729,-0.398816],[0.358441,-0.20345,0.911114]]],2],[2123,[-0.336666,0.100896,-0.936203],212,64.4285,[79.6521,134.538,-52.8553],[80.2369,134.464,-52.9879],[-328.151,-248.997,32.5182],false,[89.3947,127.02,91.6407],[99.3185,128.775,29.8168],[95.5366,128.718,-14.7025],[86.2103,131.513,-40.6372],[76.7134,134.732,-56.4023],[[[-0.352795,-0.932003,-0.0830997],[0.922191,-0.361365,0.137763],[-0.158425,-0.0280317,0.986973]],[[-0.36886,-0.928916,0.032534],[0.925623,-0.370289,-0.0781532],[0.0846447,0.0012867,0.99641]],[[-0.36886,-0.928916,0.032534],[0.866371,-0.356281,-0.34995],[0.336666,-0.100896,0.936203]],[[-0.36886,-0.928916,0.032534],[0.778193,-0.327772,-0.535705],[0.508289,-0.172282,0.843778]]],3],[2124,[-0.239692,0.204698,-0.949024],212,50.5107,[80.7914,120.076,-32.4056],[81.7811,120.512,-32.221],[-367.905,-281.599,39.8109],false,[80.1686,116.377,89.5999],[90.2934,109.606,32.9083],[90.591,111.85,-2.37831],[85.903,115.854,-20.9401],[78.815,121.001,-35.785],[[[-0.516251,-0.856378,0.0100777],[0.838449,-0.502973,0.209813],[-0.17461,0.116766,0.97769]],[[-0.502609,-0.862492,-0.0590912],[0.864473,-0.502076,-0.0246379],[-0.00841825,-0.063466,0.997948]],[[-0.502609,-0.862492,-0.0590912],[0.830621,-0.462825,-0.309616],[0.239692,-0.204698,0.949024]],[[-0.502609,-0.862492,-0.0590912],[0.760453,-0.408565,-0.504764],[0.411212,-0.298635,0.861233]]],4]],[[0,200,0],[235.247,235.247,147.751]]],[297017,5436434219,[[211,"left",[-0.367406,0.0702107,-0.927407],[0.839986,0.453145,-0.298467],[-142.557,124.375,49.9882],[93.7006,-57.9156,23.1518],[-143.903,125.211,49.6684],0,0,0.628188,[[0.335911,-0.937919,-0.0864353],[-0.841493,-0.257612,-0.474896],[-0.423147,-0.232258,0.875787]],56.1609,[-226.283,58.0671,302.16],[-125.587,113.337,93.7488]],[212,"right",[0.314275,0.133924,-0.939838],[-0.941822,0.168267,-0.290961],[90.6783,145.101,49.9694],[-85.254,-60.3048,18.1654],[94.5586,147.528,49.2792],0,0,0.646173,[[-0.211755,-0.941034,-0.263848],[0.68506,0.0496246,-0.726794],[0.697031,-0.334654,0.634156]],63.72,[265.066,39.3414,271.835],[76.8677,129.698,100.613]]],[[2110,[-0.463798,0.801215,-0.378082],211,45.9338,[-174.042,214.307,75.1484],[-171.601,212.995,74.3508],[81.5642,-52.884,13.9613],false,[-126.516,139.768,99.3699],[-126.516,139.768,99.3699],[-149.58,175.898,89.4579],[-163.518,199.976,78.0962],[-174.679,216.95,74.5199],[[[-0.662324,-0.749202,-0.00473656],[-0.553618,0.48514,0.676865],[0.504811,-0.450926,0.736092]],[[-0.787986,-0.568122,-0.237306],[-0.322877,0.0531233,0.944949],[0.52424,-0.821228,0.225294]],[[-0.787986,-0.568122,-0.237306],[-0.40493,0.187861,0.894841],[0.463798,-0.801215,0.378082]],[[-0.787986,-0.568122,-0.237306],[-0.293781,0.00821894,0.955837],[0.541082,-0.822903,0.17338]]],0],[2111,[0.165452,0.405144,-0.899158],211,51.8312,[-160.316,169.319,-28.6912],[-161.189,169.071,-28.6121],[119.821,-64.7561,12.3077],false,[-141.618,126.303,94.1644],[-161.063,144.668,35.0957],[-168.558,155.161,-0.50685],[-165.033,163.792,-19.6617],[-158.513,170.768,-31.3056],[[[0.331938,-0.864263,-0.377977],[-0.894365,-0.415731,0.165161],[0.29988,-0.283226,0.910964]],[[0.346632,-0.877441,-0.331576],[-0.916881,-0.391542,0.077614],[0.197928,-0.277112,0.940231]],[[0.346632,-0.877441,-0.331576],[-0.923294,-0.256817,-0.28561],[-0.165452,-0.405144,0.899158]],[[0.346632,-0.877441,-0.331576],[-0.832075,-0.124453,-0.540521],[-0.43301,-0.463258,0.773237]]],1],[2112,[0.283597,0.413073,-0.865415],211,59.0574,[-144.557,152.527,-40.5767],[-145.372,151.737,-40.8429],[125.483,-67.4294,18.9433],false,[-139.552,116.548,89.8814],[-154.947,126.563,31.1967],[-158.149,135.46,-10.2199],[-151.041,145.813,-31.9098],[-142.367,154.401,-43.1051],[[[0.516972,-0.810962,-0.274008],[-0.818571,-0.561977,0.118842],[0.250363,-0.162857,0.954356]],[[0.530886,-0.81918,-0.217032],[-0.844085,-0.533924,-0.0494543],[0.0753668,-0.209448,0.974911]],[[0.530886,-0.81918,-0.217032],[-0.798581,-0.397887,-0.451612],[-0.283598,-0.413073,0.865415]],[[0.530886,-0.81918,-0.217032],[-0.666242,-0.245181,-0.704278],[-0.523719,-0.518488,0.675936]]],2],[2113,[0.411743,0.295252,-0.862145],211,56.7853,[-124.838,122.764,-36.3325],[-125.724,122.613,-36.5067],[128.316,-65.7401,29.664],false,[-134.813,107.482,86.3333],[-145.167,109.046,32.1265],[-142.369,109.468,-7.1509],[-132.316,116.677,-28.2008],[-122.228,124.416,-38.666],[[[0.608407,-0.781401,-0.138754],[-0.771146,-0.623386,0.129324],[0.187551,-0.028318,0.981847]],[[0.631956,-0.774135,0.0366985],[-0.771739,-0.63293,-0.0617867],[-0.0710588,-0.0107249,0.997414]],[[0.631956,-0.774135,0.0366985],[-0.656581,-0.559948,-0.505331],[-0.411743,-0.295252,0.862145]],[[0.631956,-0.774135,0.0366985],[-0.474721,-0.424094,-0.771222],[-0.612594,-0.469957,0.635507]]],3],[2114,[0.466581,0.200735,-0.861399],211,44.5186,[-111.359,99.0283,-19.0028],[-111.65,98.4425,-19.1561],[119.878,-64.6053,36.6466],false,[-124.34,101.015,83.9179],[-132.529,95.1329,33.816],[-125.773,90.0257,3.82419],[-117.73,93.4861,-11.0251],[-108.726,100.322,-21.1734],[[[0.745021,-0.665612,-0.0436314],[-0.647509,-0.73737,0.192401],[0.160237,0.115091,0.980346]],[[0.757183,-0.594011,0.271707],[-0.616185,-0.787587,-0.00467751],[-0.216771,0.16388,0.962369]],[[0.757183,-0.594011,0.271707],[-0.45714,-0.77901,-0.429147],[-0.466581,-0.200735,0.861399]],[[0.757183,-0.594011,0.271707],[-0.274542,-0.666843,-0.692782],[-0.592706,-0.449968,0.668003]]],4],[2120,[0.18903,0.729183,-0.657693],212,52.1164,[96.5843,240.762,47.6214],[91.4014,237.586,46.8881],[-96.3256,-53.9489,2.57016],false,[69.0181,158.898,105.79],[69.0181,158.898,105.79],[79.1764,196.378,74.4244],[85.6215,221.24,52],[93.254,242.259,45.0936],[[[0.855759,-0.517351,0.00481516],[0.394458,0.658446,0.640977],[-0.334781,-0.546623,0.767545]],[[0.908531,-0.384014,-0.164632],[0.364908,0.537372,0.760312],[-0.203502,-0.750842,0.628349]],[[0.908531,-0.384014,-0.164632],[0.37261,0.566415,0.735076],[-0.18903,-0.729183,0.657693]],[[0.908531,-0.384014,-0.164632],[0.261175,0.214413,0.941177],[-0.326126,-0.898087,0.295096]]],0],[2121,[-0.105543,0.194547,-0.975199],212,58.8075,[101.569,187.587,-46.6329],[102.304,188.557,-46.2333],[-148.8,-81.9839,-2.36034],false,[89.8355,149.164,99.9788],[103.554,172.536,31.5825],[107.178,180.161,-10.5421],[104.627,184.864,-34.1131],[100.343,188.331,-50.2851],[[[-0.0647178,-0.940251,-0.334274],[0.980328,-0.122497,0.154763],[-0.186464,-0.317682,0.929682]],[[-0.0930232,-0.978307,-0.185099],[0.992083,-0.106826,0.0660307],[-0.0843718,-0.177491,0.980499]],[[-0.0930232,-0.978307,-0.185099],[0.990054,-0.0711802,-0.12135],[0.105543,-0.194547,0.975199]],[[-0.0930232,-0.978307,-0.185099],[0.963562,-0.0416287,-0.264225],[0.250788,-0.202934,0.946532]]],1],[2122,[-0.249682,0.174928,-0.952396],212,67.0064,[89.3213,164.171,-59.6272],[90.8521,164.559,-59.6286],[-239.183,-95.604,22.5047],false,[90.8259,137.69,95.6229],[102.998,150.679,28.164],[102.278,156.064,-19.7291],[95.1778,161.039,-46.8119],[87.3215,165.096,-63.3937],[[[-0.255482,-0.939775,-0.22705],[0.950942,-0.286639,0.116396],[-0.174467,-0.186174,0.966902]],[[-0.27544,-0.955748,-0.103333],[0.961202,-0.27214,-0.0450578],[0.0149427,-0.111735,0.993626]],[[-0.27544,-0.955748,-0.103333],[0.928327,-0.236528,-0.286816],[0.249682,-0.174928,0.952396]],[[-0.27544,-0.955748,-0.103333],[0.865652,-0.199845,-0.45903],[0.418067,-0.215886,0.882391]]],2],[2123,[-0.341235,0.108036,-0.933749],212,64.4285,[77.7444,134.339,-52.1722],[78.8992,134.808,-52.339],[-154.991,-87.8242,27.2838],false,[88.702,126.096,92.1588],[98.3662,128.471,30.3144],[94.479,128.767,-14.1948],[85.0261,131.759,-40.0615],[75.4198,135.094,-55.7361],[[[-0.349326,-0.932629,-0.0904116],[0.924212,-0.358838,0.13064],[-0.154282,-0.0379235,0.987299]],[[-0.364975,-0.930662,0.0257002],[0.926943,-0.365819,-0.0833816],[0.0870018,-0.00660963,0.996186]],[[-0.364975,-0.930662,0.0257002],[0.866229,-0.349565,-0.357005],[0.341235,-0.108036,0.933749]],[[-0.364975,-0.930662,0.0257002],[0.776174,-0.319402,-0.543632],[0.514146,-0.178464,0.83893]]],3],[2124,[-0.262997,0.199545,-0.943936],212,50.5107,[78.1775,119.017,-31.7968],[79.5587,119.896,-31.6738],[-194.175,-126.8,28.6741],false,[79.5111,115.435,90.0555],[89.4321,109.237,33.2625],[89.0602,111.169,-2.0419],[83.9163,115.072,-20.5042],[76.4065,120.172,-35.1567],[[[-0.512707,-0.858554,0.0041308],[0.841343,-0.501459,0.201696],[-0.171096,0.106887,0.979439]],[[-0.5041,-0.862628,-0.0419056],[0.863582,-0.502878,-0.03662],[0.0105161,-0.054649,0.99845]],[[-0.5041,-0.862628,-0.0419056],[0.822628,-0.464816,-0.327459],[0.262997,-0.199545,0.943936]],[[-0.5041,-0.862628,-0.0419056],[0.745696,-0.410263,-0.524996],[0.435684,-0.295899,0.850072]]],4]],[[0,200,0],[235.247,235.247,147.751]]],[297018,5436458833,[[211,"left",[-0.362401,0.0674272,-0.92958],[0.841868,0.45163,-0.295447],[-141.901,123.966,50.252],[54.5337,-33.7807,15.8857],[-142.793,124.52,49.9921],0,0,0.672594,[[0.337298,-0.937656,-0.0838488],[-0.840084,-0.259606,-0.476303],[-0.424841,-0.231096,0.875274]],56.1609,[-226.271,58.0662,302.427],[-125.171,113.06,94.1383]],[212,"right",[0.315152,0.133837,-0.939557],[-0.941335,0.169988,-0.291534],[90.1719,144.73,50.2593],[-47.459,-33.8851,14.4343],[92.7184,146.354,49.6904],0,0,0.715044,[[-0.213441,-0.940393,-0.264773],[0.685944,0.0487262,-0.726021],[0.695646,-0.336582,0.634656]],63.72,[264.125,38.4487,272.243],[76.3002,129.326,100.886]]],[[2110,[-0.461166,0.801323,-0.38106],211,45.9338,[-172.803,213.57,75.2625],[-171.048,212.73,74.3766],[47.797,-27.5863,6.70127],false,[-126.113,139.509,99.6684],[-126.113,139.509,99.6684],[-149.086,175.653,89.5916],[-162.944,199.733,78.1404],[-174.09,216.716,74.5558],[[[-0.662785,-0.748787,-0.0058381],[-0.556904,0.487699,0.672316],[0.500574,-0.448852,0.740242]],[[-0.787417,-0.56755,-0.240544],[-0.327602,0.0547462,0.943228],[0.522161,-0.821517,0.229039]],[[-0.787417,-0.56755,-0.240544],[-0.409025,0.189123,0.89271],[0.461166,-0.801323,0.38106]],[[-0.787417,-0.56755,-0.240544],[-0.296672,0.00686414,0.954955],[0.540334,-0.82331,0.173781]]],0],[2111,[0.169439,0.404526,-0.898693],211,51.8312,[-159.207,168.828,-28.5769],[-160.027,168.547,-28.5586],[75.2788,-37.6977,6.97103],false,[-141.196,126.038,94.4261],[-160.313,144.223,35.1949],[-167.597,154.733,-0.446552],[-163.987,163.35,-19.5915],[-157.431,170.311,-31.2251],[[[0.33338,-0.865703,-0.373385],[-0.89551,-0.414615,0.161732],[0.294823,-0.280451,0.91347]],[[0.346941,-0.87799,-0.329795],[-0.917951,-0.389996,0.0725847],[0.192347,-0.277553,0.941258]],[[0.346941,-0.87799,-0.329795],[-0.922455,-0.255914,-0.289112],[-0.169439,-0.404526,0.898693]],[[0.346941,-0.87799,-0.329795],[-0.830728,-0.124456,-0.542588],[-0.435342,-0.462216,0.77255]]],1],[2112,[0.288425,0.409678,-0.865434],211,59.0574,[-143.403,151.828,-40.4112],[-144.18,151.036,-40.6831],[79.9391,-45.2511,11.414],false,[-139.114,116.267,90.1859],[-154.189,126.1,31.3875],[-157.146,134.857,-10.0773],[-149.917,145.125,-31.7676],[-141.183,153.664,-42.9539],[[[0.517892,-0.812183,-0.268603],[-0.819566,-0.56106,0.116294],[0.245154,-0.15991,0.956205]],[[0.531582,-0.82027,-0.211137],[-0.844143,-0.533543,-0.0524854],[0.0695983,-0.20613,0.976046]],[[0.531582,-0.82027,-0.211137],[-0.796387,-0.399152,-0.454363],[-0.288425,-0.409678,0.865434]],[[0.531582,-0.82027,-0.211137],[-0.662855,-0.247692,-0.706592],[-0.527299,-0.515564,0.675389]]],2],[2113,[0.418401,0.292082,-0.860017],211,56.7853,[-123.551,122.104,-35.9473],[-124.422,121.924,-36.1069],[84.1747,-43.6171,21.8727],false,[-134.362,107.187,86.6927],[-144.425,108.58,32.4266],[-141.288,108.898,-6.82618],[-131.072,116.029,-27.8241],[-120.913,123.718,-38.2565],[[[0.608622,-0.782241,-0.132959],[-0.772238,-0.622464,0.127229],[0.182286,-0.0252414,0.982921]],[[0.631356,-0.774232,0.0442094],[-0.77139,-0.63285,-0.0667721],[-0.0796751,-0.00805428,0.996788]],[[0.631356,-0.774232,0.0442094],[-0.65294,-0.561474,-0.508347],[-0.418401,-0.292082,0.860017]],[[0.631356,-0.774232,0.0442094],[-0.469844,-0.427248,-0.772467],[-0.616957,-0.46693,0.633514]]],3],[2114,[0.471551,0.198078,-0.859305],211,44.5186,[-110.224,98.381,-18.5097],[-110.61,97.8129,-18.6287],[74.1316,-41.7242,27.7139],false,[-123.88,100.705,84.3544],[-131.805,94.6651,34.2288],[-124.881,89.4715,4.29023],[-116.753,92.8861,-10.5229],[-107.688,99.6877,-20.6406],[[[0.744803,-0.666231,-0.0374849],[-0.649015,-0.736322,0.191336],[0.155075,0.118179,0.980809]],[[0.75533,-0.593618,0.27766],[-0.616537,-0.787303,-0.00600844],[-0.222169,0.166649,0.960661]],[[0.75533,-0.593618,0.27766],[-0.455101,-0.779989,-0.429535],[-0.471551,-0.198078,0.859305]],[[0.75533,-0.593618,0.27766],[-0.271029,-0.66871,-0.692366],[-0.596674,-0.44771,0.665984]]],4],[2120,[0.190668,0.731541,-0.654594],212,52.1164,[94.4267,239.354,47.4339],[91.0082,237.268,47.288],[-50.2895,-28.7049,11.9836],false,[68.4961,158.537,106.072],[68.4961,158.537,106.072],[78.6635,196.021,74.7141],[85.1645,220.964,52.3953],[92.8297,241.998,45.5727],[[[0.854884,-0.518793,0.00516496],[0.39512,0.65748,0.641561],[-0.336233,-0.546419,0.767055]],[[0.908192,-0.38456,-0.165229],[0.36565,0.536857,0.760318],[-0.203684,-0.750931,0.628184]],[[0.908192,-0.38456,-0.165229],[0.372603,0.562993,0.737703],[-0.190668,-0.731541,0.654594]],[[0.908192,-0.38456,-0.165229],[0.260606,0.21064,0.942186],[-0.327524,-0.898746,0.29152]]],0],[2121,[-0.10619,0.198725,-0.974286],212,58.8075,[101.022,187.485,-46.2424],[101.842,188.307,-45.8889],[-71.4587,-35.6599,8.3681],false,[89.3012,148.771,100.27],[103.106,172.151,31.8943],[106.827,179.938,-10.1925],[104.26,184.741,-33.7414],[99.9266,188.281,-49.8847],[[[-0.0660673,-0.939984,-0.334762],[0.980013,-0.124219,0.155386],[-0.187644,-0.317805,0.929403]],[[-0.093906,-0.977451,-0.189135],[0.991807,-0.108371,0.067629],[-0.0866008,-0.181235,0.979619]],[[-0.093906,-0.977451,-0.189135],[0.989902,-0.0714071,-0.122457],[0.10619,-0.198725,0.974286]],[[-0.093906,-0.977451,-0.189135],[0.962732,-0.0407568,-0.267368],[0.25363,-0.207194,0.944851]]],1],[2122,[-0.292736,0.184939,-0.938138],212,67.0064,[85.7713,164.452,-58.443],[87.8198,164.552,-58.6287],[-183.716,-32.4905,37.8787],false,[90.2752,137.297,95.9094],[102.516,150.297,28.4652],[100.724,155.915,-19.3732],[92.4001,161.174,-46.0504],[83.5396,165.452,-62.0608],[[[-0.256905,-0.939237,-0.22767],[0.950377,-0.288293,0.11692],[-0.175452,-0.186335,0.966693]],[[-0.277285,-0.955378,-0.101814],[0.960068,-0.271417,-0.0678324],[0.0371715,-0.116557,0.992488]],[[-0.277285,-0.955378,-0.101814],[0.915106,-0.230327,-0.330955],[0.292736,-0.184939,0.938138]],[[-0.277285,-0.955378,-0.101814],[0.837138,-0.188235,-0.513584],[0.471502,-0.227641,0.851977]]],2],[2123,[-0.341153,0.108887,-0.93368],212,64.4285,[77.2427,134.028,-51.8752],[78.4072,134.466,-52.0422],[-75.2352,-44.6198,18.3811],false,[88.1342,125.708,92.4384],[97.8454,128.096,30.6019],[94.0358,128.378,-13.9141],[84.5852,131.394,-39.7789],[74.9599,134.759,-55.4353],[[[-0.350832,-0.931997,-0.0910931],[0.923516,-0.360454,0.131112],[-0.155031,-0.0381278,0.987174]],[[-0.366613,-0.930024,0.0254942],[0.926458,-0.367445,-0.0816077],[0.0852649,-0.00629918,0.996338]],[[-0.366613,-0.930024,0.0254942],[0.865569,-0.350997,-0.3572],[0.341153,-0.108887,0.93368]],[[-0.366613,-0.930024,0.0254942],[0.77473,-0.32034,-0.545138],[0.515158,-0.180104,0.837959]]],3],[2124,[-0.283771,0.18608,-0.940664],212,50.5107,[76.4455,117.568,-31.3606],[77.9541,118.643,-31.2718],[-122.462,-88.0718,22.4531],false,[78.9269,115.063,90.3237],[88.8769,108.875,33.5347],[88.0224,110.041,-1.79496],[82.4722,113.68,-20.1932],[74.5538,118.653,-34.6733],[[[-0.514153,-0.857692,0.0033708],[0.840358,-0.502968,0.202044],[-0.171596,0.106714,0.979371]],[[-0.510659,-0.859634,-0.0160006],[0.859444,-0.509846,-0.0376016],[0.0241658,-0.0329532,0.999165]],[[-0.510659,-0.859634,-0.0160006],[0.811604,-0.475818,-0.338963],[0.283771,-0.18608,0.940664]],[[-0.510659,-0.859634,-0.0160006],[0.726767,-0.421637,-0.542248],[0.459388,-0.288532,0.840066]]],4]],[[0,200,0],[235.247,235.247,147.751]]],[297019,5436506002,[[211,"left",[-0.360589,0.0462202,-0.931579],[0.797168,0.533812,-0.282077],[-141.836,121.571,51.7944],[11.2637,-47.6115,29.5733],[-142.26,122.879,50.9952],0,0,0.351684,[[0.402014,-0.914719,-0.0409105],[-0.811211,-0.335089,-0.479221],[-0.424644,-0.22584,0.87674]],56.1609,[-225.508,57.923,304.303],[-124.456,111.666,95.6652]],[212,"right",[0.311689,0.123379,-0.94214],[-0.936381,0.208276,-0.282509],[89.9176,143.821,49.5167],[-13.2124,-21.986,-10.1332],[91.3525,145.119,49.6057],0,0,0.521652,[[-0.236796,-0.93868,-0.250616],[0.685732,0.0212591,-0.727544],[0.688258,-0.344135,0.638648]],63.72,[261.731,35.9461,272.672],[75.9014,128.863,100.237]]],[[2110,[-0.532619,0.760464,-0.371499],211,45.9338,[-178.547,208.213,77.5741],[-179.506,206.85,77.1348],[-136.61,-107.154,48.8983],false,[-127.947,137.823,101.552],[-127.947,137.823,101.552],[-154.17,171.797,91.8664],[-170.175,194.649,80.7026],[-182.878,210.557,77.3763],[[[-0.58851,-0.808197,-0.0217668],[-0.605502,0.422752,0.674276],[0.535746,-0.409998,0.738159]],[[-0.728593,-0.63533,-0.255945],[-0.337508,0.00785045,0.94129],[0.59602,-0.772201,0.220149]],[[-0.728593,-0.63533,-0.255945],[-0.430661,0.134351,0.892458],[0.532619,-0.760464,0.371499]],[[-0.728593,-0.63533,-0.255945],[-0.299836,-0.0401283,0.953146],[0.615833,-0.771198,0.161257]]],0],[2111,[0.135038,0.434474,-0.890504],211,51.8312,[-161.945,166.402,-26.8445],[-163.509,165.532,-26.4997],[-48.4029,-56.1707,37.3833],false,[-141.644,123.057,95.9973],[-161.984,140.204,36.8641],[-169.98,150.64,1.35378],[-167.103,159.896,-17.6167],[-161.196,167.643,-29.0994],[[[0.416833,-0.824592,-0.38249],[-0.85314,-0.500118,0.148439],[0.313692,-0.264444,0.911958]],[[0.430122,-0.835344,-0.342337],[-0.877729,-0.475652,0.0578451],[0.211154,-0.275599,0.937795]],[[0.430122,-0.835344,-0.342337],[-0.892614,-0.336797,-0.29968],[-0.135038,-0.434474,0.890504]],[[0.430122,-0.835344,-0.342337],[-0.813099,-0.193698,-0.548954],[-0.392256,-0.514472,0.762531]]],1],[2112,[0.254236,0.447261,-0.857509],211,59.0574,[-144.527,150.846,-39.1289],[-145.995,149.631,-38.7759],[-18.0574,-31.7924,35.0167],false,[-138.612,113.592,91.6402],[-154.137,122.803,32.8584],[-157.596,131.834,-8.50874],[-151.224,143.043,-30.0005],[-143.27,152.527,-41.0064],[[[0.594673,-0.755317,-0.275428],[-0.763293,-0.638009,0.101623],[0.252483,-0.1498,0.955935]],[[0.608777,-0.762957,-0.217454],[-0.789153,-0.610498,-0.0673008],[0.0814073,-0.212575,0.973748]],[[0.608777,-0.762957,-0.217454],[-0.751501,-0.466748,-0.466254],[-0.254236,-0.447261,0.857509]],[[0.608777,-0.762957,-0.217454],[-0.631493,-0.300109,-0.714948],[-0.480215,-0.572565,0.664502]]],2],[2113,[0.394626,0.34356,-0.852195],211,56.7853,[-122.921,122.424,-34.9235],[-123.574,122.504,-34.4219],[29.2918,4.1232,33.125],false,[-132.993,105.055,88.062],[-142.759,106.276,33.7375],[-139.369,107.517,-5.4759],[-129.734,115.905,-26.2828],[-120.286,124.675,-36.5302],[[[0.681183,-0.718869,-0.138624],[-0.710419,-0.694793,0.112107],[0.176905,-0.0221161,0.983979]],[[0.701764,-0.711386,0.0381724],[-0.707187,-0.702094,-0.0833677],[-0.0861073,-0.0315093,0.995787]],[[0.701764,-0.711386,0.0381724],[-0.593126,-0.613103,-0.52183],[-0.394626,-0.34356,0.852195]],[[0.701764,-0.711386,0.0381724],[-0.422352,-0.458593,-0.781864],[-0.573713,-0.532561,0.62228]]],3],[2114,[0.456677,0.254412,-0.852479],211,44.5186,[-107.638,99.5638,-17.215],[-107.701,99.5186,-17.1716],[63.2467,22.8731,30.4277],false,[-121.926,99.6331,85.7227],[-128.886,93.5982,35.4534],[-121.284,89.5245,5.50607],[-113.412,93.9102,-9.18942],[-104.964,101.687,-19.1369],[[[0.805035,-0.59185,-0.0404125],[-0.577383,-0.797352,0.17567],[0.136193,0.118087,0.983619]],[[0.80637,-0.523138,0.275852],[-0.538764,-0.842164,-0.0222058],[-0.24393,0.130713,0.960944]],[[0.80637,-0.523138,0.275852],[-0.375784,-0.813389,-0.444055],[-0.456677,-0.254412,0.852479]],[[0.80637,-0.523138,0.275852],[-0.20134,-0.681398,-0.703675],[-0.556084,-0.511882,0.654788]]],4],[2120,[0.213953,0.727468,-0.651931],212,52.1164,[94.4142,237.632,47.0358],[94.3883,236.322,46.804],[48.2529,-20.7392,-5.04829],false,[69.3223,158.35,105.554],[69.3223,158.35,105.554],[80.6156,195.484,74.1646],[87.9105,220.287,51.9366],[96.3441,241.041,45.1621],[[[0.83341,-0.552642,-0.00376975],[0.426991,0.639562,0.639249],[-0.350864,-0.534366,0.768991]],[[0.89074,-0.419259,-0.175511],[0.394205,0.520415,0.757476],[-0.22624,-0.743902,0.628829]],[[0.89074,-0.419259,-0.175511],[0.401007,0.54315,0.737687],[-0.213953,-0.727468,0.651931]],[[0.89074,-0.419259,-0.175511],[0.276998,0.194592,0.94096],[-0.360353,-0.886767,0.289465]]],0],[2121,[-0.170729,0.227733,-0.958639],212,58.8075,[97.5713,188.052,-46.1118],[99.2603,188.028,-46.073],[-75.3683,4.1636,2.75177],false,[89.6654,147.772,99.5416],[103.773,170.747,31.0899],[105.834,179.433,-10.9348],[101.707,184.937,-34.1055],[96.0174,189.035,-49.686],[[[-0.106746,-0.935767,-0.336073],[0.97562,-0.163764,0.146104],[-0.191756,-0.312283,0.930435]],[[-0.131755,-0.969463,-0.206839],[0.990121,-0.138803,0.0198747],[-0.0479777,-0.202177,0.978173]],[[-0.131755,-0.969463,-0.206839],[0.976469,-0.0909921,-0.195521],[0.170729,-0.227733,0.958639]],[[-0.131755,-0.969463,-0.206839],[0.933664,-0.0512638,-0.354462],[0.333035,-0.239821,0.911907]]],1],[2122,[-0.318975,0.205141,-0.925296],212,67.0064,[83.3519,164.429,-58.417],[85.5072,164.282,-58.787],[-73.2617,-6.71495,6.3837],false,[90.1389,136.279,95.1485],[102.276,148.942,27.6214],[99.6249,154.896,-20.1363],[90.5544,160.73,-46.4484],[81.1484,165.534,-61.9915],[[[-0.296416,-0.927634,-0.227228],[0.939081,-0.326425,0.107576],[-0.173964,-0.181498,0.967882]],[[-0.316438,-0.943322,-0.100053],[0.947017,-0.308028,-0.0909775],[0.0550019,-0.123541,0.990814]],[[-0.316438,-0.943322,-0.100053],[0.893377,-0.260884,-0.36581],[0.318975,-0.205141,0.925296]],[[-0.316438,-0.943322,-0.100053],[0.805813,-0.211651,-0.553055],[0.500533,-0.255632,0.827115]]],2],[2123,[-0.345166,0.124508,-0.930247],212,64.4285,[75.759,133.803,-52.427],[76.8059,134.221,-52.6733],[-40.1554,-11.6964,-7.46104],false,[87.5035,124.794,91.6735],[96.7387,126.941,29.7553],[92.6614,127.413,-14.7354],[83.0996,130.862,-40.5051],[73.4346,134.662,-56.037],[[[-0.388729,-0.916968,-0.0897781],[0.90948,-0.397486,0.121866],[-0.147433,-0.0342786,0.988478]],[[-0.403387,-0.914624,0.0272589],[0.910468,-0.404168,-0.0877287],[0.091256,-0.0105702,0.995771]],[[-0.403387,-0.914624,0.0272589],[0.847431,-0.384658,-0.365921],[0.345166,-0.124508,0.930247]],[[-0.403387,-0.914624,0.0272589],[0.754781,-0.349435,-0.555159],[0.517287,-0.203369,0.831298]]],3],[2124,[-0.309741,0.186181,-0.932415],212,50.5107,[72.8627,116.237,-31.7242],[74.539,117.422,-31.745],[-84.1069,-38.6011,-2.47941],false,[77.8579,114.532,89.6217],[87.0339,108.088,32.731],[85.2866,108.571,-2.58174],[79.2284,112.212,-20.8186],[70.9071,117.419,-34.9872],[[[-0.548073,-0.836407,0.00633753],[0.821324,-0.536725,0.193266],[-0.158248,0.111129,0.981126]],[[-0.549569,-0.835299,0.0157732],[0.833985,-0.549626,-0.0487816],[0.0494166,-0.0136542,0.998685]],[[-0.549569,-0.835299,0.0157732],[0.775909,-0.517312,-0.361046],[0.309741,-0.186181,0.932415]],[[-0.549569,-0.835299,0.0157732],[0.681844,-0.459356,-0.569281],[0.482765,-0.302104,0.821992]]],4]],[[0,200,0],[235.247,235.247,147.751]]],[297020,5436538502,[[211,"left",[-0.500345,0.187206,-0.845345],[0.687992,0.678726,-0.256903],[-130.856,109.436,50.7014],[235.381,-271.18,-13.8004],[-132.334,111.178,50.7395],0,0,0.183137,[[0.353466,-0.935418,-0.00744702],[-0.830827,-0.310266,-0.462018],[-0.42987,-0.169495,0.886839]],56.1609,[-208.426,52.8362,299.807],[-106.13,93.1708,88.7661]],[212,"right",[0.312031,0.123084,-0.942065],[-0.932669,0.2286,-0.279052],[90.1127,143.449,49.1919],[-0.0262224,-14.7414,-10.0372],[91.0462,144.706,49.5035],0,0,0.483014,[[-0.244523,-0.937969,-0.245811],[0.687331,0.0111453,-0.726258],[0.683948,-0.34654,0.64197]],63.72,[260.578,34.888,273.182],[75.9123,128.454,99.8501]]],[[2110,[-0.655788,0.744713,-0.123874],211,45.9338,[-173.058,182.937,99.0353],[-172.571,182.171,98.8178],[107.247,-560,473.881],false,[-111.28,116.91,100.639],[-111.28,116.91,100.639],[-141.912,148.457,102.086],[-161.619,170.836,98.3639],[-176.202,185.295,100.303],[[[-0.501466,-0.856295,-0.123653],[-0.535464,0.194914,0.821759],[0.679566,-0.478296,0.556257]],[[-0.692268,-0.658652,-0.29486],[-0.189763,-0.228068,0.954974],[0.696244,-0.717051,-0.0328963]],[[-0.692268,-0.658652,-0.29486],[-0.301176,-0.107612,0.947477],[0.655788,-0.744713,0.123874]],[[-0.692268,-0.658652,-0.29486],[-0.144777,-0.273528,0.950906],[0.706969,-0.700971,-0.0939972]]],0],[2111,[-0.0462161,0.62103,-0.782423],211,51.8312,[-163.657,166.193,-22.4837],[-168.392,165.265,-12.6157],[-120.405,-20.6409,304.323],false,[-124.119,101.93,93.7644],[-154.79,127.939,42.8985],[-169.076,144.306,11.8849],[-170.06,157.536,-4.78313],[-166.784,168.162,-14.9371],[[[0.434192,-0.668617,-0.603679],[-0.76664,-0.626153,0.142108],[0.473011,-0.401102,0.78446]],[[0.453595,-0.684807,-0.570343],[-0.807411,-0.58669,0.0622996],[0.377278,-0.432243,0.819041]],[[0.453595,-0.684807,-0.570343],[-0.890009,-0.381262,-0.250047],[0.0462161,-0.62103,0.782423]],[[0.453595,-0.684807,-0.570343],[-0.864245,-0.18177,-0.469085],[-0.217561,-0.70569,0.674291]]],1],[2112,[0.0724633,0.631164,-0.772258],211,59.0574,[-146.622,152.067,-36.201],[-151.413,154.078,-30.547],[-124.398,76.803,180.002],false,[-120.853,94.021,87.0894],[-145.945,112.88,34.2128],[-156.488,129.118,-3.60163],[-154.671,144.937,-22.9567],[-149.543,157.298,-32.7152],[[[0.618395,-0.600054,-0.507467],[-0.671627,-0.738831,0.0551913],[0.40805,-0.306698,0.859902]],[[0.645383,-0.620009,-0.446173],[-0.722423,-0.685192,-0.0928221],[0.248164,-0.382231,0.89012]],[[0.645383,-0.620009,-0.446173],[-0.760414,-0.466071,-0.45227],[-0.0724633,-0.631164,0.772258]],[[0.645383,-0.620009,-0.446173],[-0.698284,-0.242096,-0.673639],[-0.309645,-0.74631,0.589187]]],2],[2113,[0.224138,0.55745,-0.799382],211,56.7853,[-124.153,127.283,-34.7861],[-126.042,130.223,-34.8199],[-43.6082,166.156,-0.647148],false,[-115.019,87.1911,81.0437],[-132.975,98.1372,29.9968],[-135.707,107.761,-8.09067],[-130.234,121.371,-27.6081],[-123.384,133.183,-36.8134],[[[0.720562,-0.581232,-0.378101],[-0.612379,-0.789214,0.0461777],[0.325243,-0.198267,0.924612]],[[0.766766,-0.607155,-0.208407],[-0.638167,-0.756071,-0.145256],[0.0693781,-0.244376,0.967196]],[[0.766766,-0.607155,-0.208407],[-0.601525,-0.566227,-0.56352],[-0.224138,-0.55745,0