{"metadata":{"formatVersion":2,"generatedBy":"LeapJS Playback 0.2.1","frames":89,"protocolVersion":6,"serviceVersion":"2.2.6+29154","frameRate":"43","modified":"Thu Jun 04 2015 15:08:11 GMT-0300 (E. South America Standard Time)"},"frames":[["id","timestamp",{"hands":[["id","type","direction","palmNormal","palmPosition","palmVelocity","stabilizedPalmPosition","pinchStrength","grabStrength","confidence","armBasis","armWidth","elbow","wrist"]]},{"pointables":[["id","direction","handId","length","stabilizedTipPosition","tipPosition","tipVelocity","tool","carpPosition","mcpPosition","pipPosition","dipPosition","btipPosition","bases","type"]]},{"interactionBox":["center","size"]}],[297305,5443231084,[[211,"left",[-0.29444,0.279269,-0.913955],[0.929569,0.305675,-0.206068],[-171.716,168.797,53.6038],[-195.888,269.235,7.71505],[-171.674,168.732,53.6128],0,0,0.435796,[[0.170981,-0.956759,0.235325],[-0.974839,-0.198944,-0.100553],[-0.143022,0.212211,0.966701]],56.1609,[-193.787,198.726,325.584],[-159.752,148.226,95.5384]],[212,"right",[0.422503,0.290473,-0.858555],[-0.883805,0.342047,-0.319205],[135.078,173.52,47.9851],[203.436,429.931,37.2999],[135.039,173.416,47.9775],0,0,0.40613,[[-0.223298,-0.875591,-0.428344],[0.796807,0.089153,-0.59762],[0.561459,-0.474755,0.67777]],63.72,[266.143,21.3612,275.665],[114.549,149.545,92.6675]]],[[2110,[-0.284889,0.866993,-0.408854],211,45.9338,[-185.717,252.484,80.0915],[-186.549,252.846,80.0896],[-197.788,222.521,155.707],false,[-155.589,173.165,105.118],[-155.589,173.165,105.118],[-172.654,213.108,98.1219],[-181.215,239.162,85.8355],[-187.921,257.511,79.2146],[[[-0.799625,-0.585196,-0.134709],[-0.47933,0.48688,0.730199],[0.361722,-0.648455,0.669823]],[[-0.86181,-0.418406,-0.286741],[-0.32686,0.0258141,0.94472],[0.387875,-0.907893,0.159007]],[[-0.86181,-0.418406,-0.286741],[-0.41967,0.270665,0.866382],[0.284889,-0.866993,0.408854]],[[-0.86181,-0.418406,-0.286741],[-0.389369,0.183407,0.902637],[0.325078,-0.889549,0.320977]]],0],[2111,[-0.0156645,0.366474,-0.930296],211,51.8312,[-192.247,218.682,-23.522],[-192.354,218.233,-23.6646],[-335.308,388.607,105.321],false,[-172.809,164.06,97.5641],[-184.869,194.455,41.571],[-193.916,206.347,6.77821],[-194.249,214.154,-13.0399],[-191.705,220.105,-26.637],[[[0.169239,-0.850447,-0.498094],[-0.967867,-0.238783,0.0788435],[0.185989,-0.468745,0.863531]],[[0.195329,-0.911363,-0.362304],[-0.951192,-0.266037,0.15639],[0.238914,-0.314074,0.918846]],[[0.195329,-0.911363,-0.362304],[-0.980613,-0.187389,-0.0573071],[0.0156645,-0.366474,0.930296]],[[0.195329,-0.911363,-0.362304],[-0.966072,-0.11515,-0.231183],[-0.168972,-0.395169,0.902934]]],1],[2112,[0.102162,0.276177,-0.955662],211,59.0574,[-181.788,195.201,-41.6643],[-182.244,195.753,-41.5083],[-337.929,417.825,51.886],false,[-172.541,154.815,91.8866],[-182.361,176.231,35.0877],[-188.042,183.953,-6.29899],[-185.481,190.875,-30.2507],[-180.691,196.503,-45.0731],[[[0.355312,-0.852706,-0.382942],[-0.921003,-0.389357,0.0124392],[0.159708,-0.348271,0.923688]],[[0.37736,-0.899641,-0.219647],[-0.916364,-0.396995,0.0516955],[0.133706,-0.181769,0.974209]],[[0.37736,-0.899641,-0.219647],[-0.920414,-0.338189,-0.196127],[-0.102162,-0.276177,0.955662]],[[0.37736,-0.899641,-0.219647],[-0.879749,-0.274185,-0.388413],[-0.289209,-0.339806,0.894925]]],2],[2113,[0.283589,0.173053,-0.943202],211,56.7853,[-163.099,166.004,-39.3716],[-163.154,165.991,-39.4163],[-329.087,417.251,-20.8241],false,[-169.559,145.57,87.1025],[-176.415,157.109,33.5499],[-176.178,158.324,-5.80986],[-169.254,162.549,-28.8388],[-161.278,167.06,-42.5216],[[[0.443353,-0.862869,-0.242681],[-0.887703,-0.460188,0.0144867],[0.124179,-0.209006,0.969998]],[[0.45978,-0.887691,-0.0246285],[-0.888013,-0.459404,-0.0195252],[-0.00601789,-0.0308478,0.999506]],[[0.45978,-0.887691,-0.0246285],[-0.841534,-0.426681,-0.331306],[-0.283589,-0.173053,0.943202]],[[0.45978,-0.887691,-0.0246285],[-0.744327,-0.370101,-0.55588],[-0.484335,-0.273914,0.830897]]],3],[2114,[0.361564,0.0887108,-0.928117],211,44.5186,[-151.065,141.331,-22.8153],[-150.828,141.284,-22.7569],[-300.772,403.307,-77.5957],false,[-160.505,137.474,83.9679],[-166.982,140.765,33.3805],[-163.585,137.015,2.62941],[-157.352,138.544,-13.37],[-149.268,142.285,-25.6765],[[[0.595285,-0.793283,-0.127819],[-0.793457,-0.605439,0.0622044],[0.126732,-0.0643893,0.989845]],[[0.6066,-0.778344,0.161916],[-0.7875,-0.6162,-0.0118455],[-0.108993,0.120324,0.986733]],[[0.6066,-0.778344,0.161916],[-0.708031,-0.621539,-0.335233],[-0.361564,-0.0887108,0.928117]],[[0.6066,-0.778344,0.161916],[-0.590647,-0.577549,-0.563536],[-0.532139,-0.246206,0.810068]]],4],[2120,[0.37393,0.80008,-0.469093],212,52.1164,[143.844,254.326,51.4214],[143.57,256.048,53.725],[97.7404,355.451,198.329],false,[109.287,177.722,103.597],[109.287,177.722,103.597],[122.967,211.927,69.9122],[135.716,239.206,53.9182],[146.808,259.622,51.1074],[[[0.792083,-0.608862,-0.0434833],[0.392082,0.452883,0.80073],[-0.467841,-0.651294,0.597445]],[[0.860779,-0.487695,-0.145651],[0.4289,0.540936,0.723487],[-0.274053,-0.685232,0.674798]],[[0.860779,-0.487695,-0.145651],[0.345307,0.349322,0.871055],[-0.37393,-0.80008,0.469093]],[[0.860779,-0.487695,-0.145651],[0.18563,0.0343544,0.982019],[-0.473922,-0.872338,0.120102]]],0],[2121,[0.255138,0.255621,-0.932503],212,58.8075,[174.19,222.104,-37.3912],[173.109,223.365,-36.655],[532.59,598.573,221.494],false,[129.469,166.934,97.415],[152.581,202.417,37.2549],[165.874,212.711,-2.28117],[172.041,218.89,-24.8202],[175.326,223.551,-40.926],[[[-0.127154,-0.832203,-0.539695],[0.940817,-0.273528,0.200117],[-0.314159,-0.482308,0.817731]],[[-0.203939,-0.928498,-0.310322],[0.928803,-0.283691,0.23842],[-0.309408,-0.239605,0.920248]],[[-0.203939,-0.928498,-0.310322],[0.945153,-0.269349,0.184764],[-0.255138,-0.255621,0.932503]],[[-0.203939,-0.928498,-0.310322],[0.959917,-0.25191,0.122882],[-0.192269,-0.272823,0.942656]]],1],[2122,[0.329777,0.224198,-0.917051],212,67.0064,[180.555,201.775,-54.4683],[179.614,202.742,-53.9272],[682.703,551.316,172.953],false,[129.706,156.616,90.7],[150.111,182.029,29.0123],[166.862,192.398,-14.9783],[176.24,198.773,-41.0559],[182.346,203.032,-58.3104],[[[-0.32694,-0.830808,-0.450409],[0.89865,-0.420806,0.123898],[-0.29247,-0.364252,0.884184]],[[-0.35953,-0.868365,-0.341585],[0.866004,-0.446838,0.224438],[-0.347527,-0.215122,0.91266]],[[-0.35953,-0.868365,-0.341585],[0.872918,-0.442354,0.205761],[-0.329777,-0.224198,0.917051]],[[-0.35953,-0.868365,-0.341585],[0.874741,-0.441098,0.200649],[-0.324909,-0.226659,0.918183]]],2],[2123,[0.090151,0.311553,-0.945943],212,64.4285,[152.465,186.503,-56.3502],[150.464,187.496,-55.4117],[596.55,628.036,26.9097],false,[126.759,146.379,84.58],[142.994,160.624,25.7817],[149.488,173.304,-16.566],[151.985,181.935,-42.7705],[152.88,188.136,-60.3727],[[[-0.433223,-0.841254,-0.323434],[0.863214,-0.490485,0.119525],[-0.25919,-0.227412,0.938671]],[[-0.434485,-0.842355,-0.318843],[0.888877,-0.458145,-0.000886706],[-0.14533,-0.283798,0.947807]],[[-0.434485,-0.842355,-0.318843],[0.896156,-0.439742,-0.0594259],[-0.090151,-0.311553,0.945943]],[[-0.434485,-0.842355,-0.318843],[0.899405,-0.4246,-0.103856],[-0.0478976,-0.331893,0.9421]]],3],[2124,[0.16556,0.410366,-0.896766],212,50.5107,[146.358,167.834,-37.3832],[144.91,168.001,-36.7635],[612.099,652.16,-31.1394],false,[116.776,137.636,79.4347],[131.848,142.466,23.6512],[142.414,153.666,-8.1796],[145.652,161.693,-25.7193],[146.723,169.859,-40.8607],[[[-0.596943,-0.769236,-0.227893],[0.75901,-0.633512,0.150221],[-0.259928,-0.0832997,0.962028]],[[-0.525852,-0.732531,-0.432293],[0.796364,-0.602551,0.05232],[-0.298805,-0.31675,0.900214]],[[-0.525852,-0.732531,-0.432293],[0.834308,-0.543137,-0.0945144],[-0.16556,-0.410366,0.896766]],[[-0.525852,-0.732531,-0.432293],[0.848304,-0.488783,-0.203645],[-0.062121,-0.473804,0.878437]]],4]],[[0,200,0],[235.247,235.247,147.751]]],[297306,5443248631,[[211,"left",[-0.30226,0.296856,-0.905823],[0.92842,0.307055,-0.209172],[-172.729,169.889,54.1765],[-131.619,172.928,19.3089],[-172.674,169.828,54.1469],0,0,0.482647,[[0.166411,-0.959242,0.228392],[-0.97621,-0.19292,-0.0989742],[-0.139001,0.206488,0.968525]],56.1609,[-193.505,197.654,326.089],[-160.427,148.516,95.6094]],[212,"right",[0.438809,0.291899,-0.849848],[-0.876414,0.347802,-0.333066],[137.736,177.75,48.3887],[179.269,342.065,30.6477],[137.6,177.532,48.3679],0,0,0.473205,[[-0.226381,-0.867208,-0.443511],[0.806498,0.0884378,-0.584586],[0.54618,-0.49003,0.679381]],63.72,[263.783,21.3853,276.039],[116.315,153.693,92.6059]]],[[2110,[-0.284604,0.867995,-0.406921],211,45.9338,[-186.602,253.187,81.443],[-187.166,253.283,81.8951],[-124.16,126.144,120.978],false,[-156.106,173.263,105.607],[-156.106,173.263,105.607],[-173.23,213.267,99.1205],[-181.783,239.351,86.8922],[-188.651,257.805,80.7461],[[[-0.80245,-0.580563,-0.137916],[-0.471112,0.47453,0.743556],[0.366236,-0.66164,0.654297]],[[-0.864498,-0.41583,-0.282361],[-0.318053,0.0175643,0.94791],[0.38921,-0.909273,0.14744]],[[-0.864498,-0.41583,-0.282361],[-0.414298,0.271421,0.868728],[0.284604,-0.867995,0.406921]],[[-0.864498,-0.41583,-0.282361],[-0.376505,0.163562,0.911861],[0.332996,-0.894613,0.297961]]],0],[2111,[-0.025351,0.383762,-0.923084],211,51.8312,[-193.94,221.164,-21.8728],[-194.041,220.82,-21.9466],[-225.494,275.758,102.091],false,[-173.421,164.343,98.0503],[-185.925,195.798,42.744],[-195.347,208.35,8.28427],[-195.887,216.526,-11.3802],[-193.477,222.724,-24.8909],[[[0.162226,-0.84153,-0.515277],[-0.96773,-0.237726,0.0835716],[0.192823,-0.485091,0.85294]],[[0.189339,-0.904824,-0.381371],[-0.949861,-0.267204,0.16238],[0.248829,-0.331504,0.910049]],[[0.189339,-0.904824,-0.381371],[-0.981584,-0.184444,-0.0497228],[0.025351,-0.383762,0.923084]],[[0.189339,-0.904824,-0.381371],[-0.96879,-0.108859,-0.222701],[-0.15999,-0.411634,0.897196]]],1],[2112,[0.0964018,0.296774,-0.950069],211,59.0574,[-183.447,198.289,-40.4271],[-183.947,198.74,-40.2789],[-225.185,306.27,60.9968],false,[-173.232,155.204,92.2009],[-183.528,177.69,35.9021],[-189.518,186.32,-5.26086],[-187.102,193.758,-29.0724],[-182.385,199.698,-43.7964],[[[0.349368,-0.846391,-0.40195],[-0.921904,-0.387167,0.0139607],[0.167438,-0.365682,0.915555]],[[0.372573,-0.895882,-0.242043],[-0.917228,-0.395131,0.0506346],[0.141001,-0.203144,0.968943]],[[0.372573,-0.895882,-0.242043],[-0.922982,-0.330637,-0.196935],[-0.0964018,-0.296774,0.950069]],[[0.372573,-0.895882,-0.242043],[-0.883222,-0.262278,-0.388752],[-0.284793,-0.358617,0.888981]]],2],[2113,[0.276714,0.191143,-0.94175],211,56.7853,[-164.926,168.829,-38.8746],[-165.021,168.825,-38.923],[-225.028,298.984,2.37069],false,[-170.32,146.042,87.2191],[-177.648,158.586,33.9557],[-177.807,160.539,-5.3747],[-171.051,165.206,-28.3682],[-163.143,169.981,-42.0005],[[[0.438696,-0.859368,-0.262739],[-0.88878,-0.458108,0.0143863],[0.132726,-0.227206,0.96476]],[[0.457083,-0.888235,-0.0459761],[-0.889415,-0.456702,-0.0190901],[0.00404091,-0.0496176,0.99876]],[[0.457083,-0.888235,-0.0459761],[-0.845283,-0.417736,-0.333156],[-0.276714,-0.191143,0.94175]],[[0.457083,-0.888235,-0.0459761],[-0.74864,-0.356309,-0.559091],[-0.480222,-0.289971,0.827831]]],3],[2114,[0.35342,0.108749,-0.929122],211,44.5186,[-152.859,143.943,-22.9275],[-152.664,143.868,-22.8607],[-209.272,286.122,-43.8147],false,[-161.318,137.982,83.8502],[-168.261,142.223,33.3956],[-165.204,139.117,2.53733],[-159.111,140.992,-13.4794],[-151.114,145.004,-25.7573],[[[0.59189,-0.792304,-0.148054],[-0.794486,-0.604456,0.058523],[0.13586,-0.0829875,0.987246]],[[0.606086,-0.783182,0.138875],[-0.789325,-0.613756,-0.0164468],[-0.0981164,0.0996497,0.990173]],[[0.606086,-0.783182,0.138875],[-0.712569,-0.612209,-0.342704],[-0.35342,-0.108749,0.929122]],[[0.606086,-0.783182,0.138875],[-0.596284,-0.562935,-0.57232],[-0.526408,-0.264066,0.808185]]],4],[2120,[0.386255,0.800242,-0.458715],212,52.1164,[146.631,258.207,52.4501],[146.562,260.19,54.6005],[132.197,300.704,130.792],false,[111.003,181.851,103.561],[111.003,181.851,103.561],[125.445,216.128,70.2709],[138.615,243.413,54.6307],[149.857,263.783,52.1057],[[[0.789696,-0.612649,-0.0322864],[0.380329,0.447588,0.80933],[-0.481384,-0.651404,0.586467]],[[0.860718,-0.491492,-0.132666],[0.418875,0.535628,0.733244],[-0.289324,-0.686687,0.666898]],[[0.860718,-0.491492,-0.132666],[0.331619,0.343581,0.878624],[-0.386255,-0.800242,0.458715]],[[0.860718,-0.491492,-0.132666],[0.168498,0.02913,0.985272],[-0.480389,-0.870395,0.107888]]],0],[2121,[0.272464,0.25825,-0.926861],212,58.8075,[178.454,226.374,-36.0635],[177.483,227.751,-35.3678],[400.77,436.385,153.197],false,[131.235,170.987,97.6854],[155.566,206.603,38.0865],[169.598,216.994,-1.16796],[176.183,223.236,-23.5705],[179.768,227.948,-39.5974],[[[-0.121864,-0.829312,-0.545336],[0.935827,-0.279077,0.215277],[-0.330722,-0.484105,0.810102]],[[-0.203098,-0.926164,-0.31776],[0.923084,-0.28935,0.253364],[-0.3266,-0.241861,0.913693]],[[-0.203098,-0.926164,-0.31776],[0.940486,-0.274822,0.199896],[-0.272464,-0.25825,0.926861]],[[-0.203098,-0.926164,-0.31776],[0.956416,-0.257182,0.138299],[-0.209809,-0.275822,0.938031]]],1],[2122,[0.349188,0.224453,-0.909774],212,67.0064,[185.244,205.933,-53.1025],[184.462,206.986,-52.6392],[490.938,408.148,128.779],false,[131.538,160.696,90.932],[153.139,186.261,29.7161],[170.761,196.667,-13.9241],[180.691,203.05,-39.7948],[187.18,207.305,-56.9097],[[[-0.323164,-0.827283,-0.45953],[0.894264,-0.425825,0.137715],[-0.309609,-0.366436,0.87742]],[[-0.357992,-0.865288,-0.350882],[0.859174,-0.452404,0.239061],[-0.365597,-0.215887,0.90539]],[[-0.357992,-0.865288,-0.350882],[0.865973,-0.448216,0.221796],[-0.349188,-0.224453,0.909774]],[[-0.357992,-0.865288,-0.350882],[0.867525,-0.447208,0.217728],[-0.345315,-0.226454,0.910756]]],2],[2123,[0.106279,0.314686,-0.943227],212,64.4285,[157.001,190.85,-55.6058],[155.219,191.911,-54.7415],[441.359,452.954,34.6857],false,[128.647,150.5,84.7185],[145.974,164.906,26.2718],[153.507,177.545,-15.9154],[156.451,186.263,-42.0447],[157.538,192.578,-59.5953],[[[-0.431691,-0.83772,-0.334467],[0.858564,-0.495307,0.132432],[-0.276605,-0.229992,0.933056]],[[-0.433367,-0.839105,-0.328779],[0.885303,-0.464631,0.0188986],[-0.168619,-0.282879,0.944218]],[[-0.433367,-0.839105,-0.328779],[0.894929,-0.443706,-0.0471951],[-0.106279,-0.314686,0.943227]],[[-0.433367,-0.839105,-0.328779],[0.89934,-0.426193,-0.0977055],[-0.0581381,-0.338026,0.939339]]],3],[2124,[0.181834,0.412156,-0.892784],212,50.5107,[150.274,172.224,-36.8717],[149.013,172.498,-36.259],[433.415,467.3,-2.52418],false,[118.713,141.828,79.3635],[134.777,146.814,23.8713],[145.872,158.076,-7.75646],[149.429,166.137,-25.2183],[150.79,174.338,-40.3182],[[[-0.596689,-0.765277,-0.241481],[0.753136,-0.637934,0.160708],[-0.277035,-0.0859756,0.957006]],[[-0.522632,-0.728558,-0.442786],[0.79271,-0.606423,0.0621494],[-0.313795,-0.318519,0.894471]],[[-0.522632,-0.728558,-0.442786],[0.832942,-0.547111,-0.0829287],[-0.181834,-0.412156,0.892784]],[[-0.522632,-0.728558,-0.442786],[0.84889,-0.492823,-0.191078],[-0.0790034,-0.47574,0.876031]]],4]],[[0,200,0],[235.247,235.247,147.751]]],[297307,5443266740,[[211,"left",[-0.317622,0.306319,-0.897377],[0.92363,0.314064,-0.219709],[-173.542,171.997,54.8729],[-90.3482,146.046,28.4204],[-173.512,171.921,54.8475],0,0,0.529831,[[0.165472,-0.963119,0.212179],[-0.976548,-0.190062,-0.101146],[-0.137743,0.190466,0.971982]],56.1609,[-193.279,195.51,327.151],[-160.501,150.185,95.8482]],[212,"right",[0.442691,0.282168,-0.85112],[-0.87302,0.352217,-0.337312],[141.526,183.483,49.6879],[193.534,329.946,50.2017],[141.4,183.293,49.6457],0,0,0.536622,[[-0.246406,-0.854924,-0.456496],[0.813724,0.073353,-0.576605],[0.526439,-0.51354,0.677598]],63.72,[261.97,21.2663,276.991],[119.832,159.922,94.0392]]],[[2110,[-0.291619,0.859125,-0.420551],211,45.9338,[-187.507,254.115,82.0965],[-188.035,254.595,82.8128],[-90.0444,94.5953,71.5349],false,[-156.141,174.83,106.079],[-156.141,174.83,106.079],[-173.697,214.652,99.6248],[-182.46,240.469,86.9869],[-189.683,258.878,81.1191],[[[-0.801771,-0.58274,-0.132583],[-0.461758,0.463212,0.756449],[0.379399,-0.667719,0.640474]],[[-0.864815,-0.424671,-0.26786],[-0.304743,0.0199746,0.952225],[0.399032,-0.905127,0.14669]],[[-0.864815,-0.424671,-0.26786],[-0.408721,0.285586,0.866826],[0.291619,-0.859125,0.420551]],[[-0.864815,-0.424671,-0.26786],[-0.359861,0.152227,0.920504],[0.350136,-0.892458,0.284471]]],0],[2111,[-0.0419138,0.395024,-0.917714],211,51.8312,[-196.186,224.075,-20.1907],[-196.296,223.765,-20.2708],[-177.944,221.561,97.7069],false,[-173.529,165.918,98.6814],[-187.033,197.978,43.9613],[-197.084,210.903,9.81842],[-197.977,219.318,-9.7317],[-195.806,225.697,-23.199],[[[0.158158,-0.83444,-0.527917],[-0.965202,-0.243413,0.0955817],[0.208259,-0.49443,0.8439]],[[0.187565,-0.89908,-0.395569],[-0.945706,-0.274124,0.174629],[0.26544,-0.341338,0.901682]],[[0.187565,-0.89908,-0.395569],[-0.981357,-0.188711,-0.036409],[0.0419138,-0.395024,0.917714]],[[0.187565,-0.89908,-0.395569],[-0.97161,-0.110703,-0.20909],[-0.144198,-0.423557,0.894319]]],1],[2112,[0.0820626,0.312167,-0.946476],211,59.0574,[-185.761,201.749,-39.1101],[-186.26,202.062,-38.9941],[-178.974,251.407,66.5386],false,[-173.388,156.851,92.7191],[-184.658,179.967,36.8635],[-191.316,189.195,-4.06643],[-189.26,197.019,-27.7879],[-184.752,203.215,-42.4716],[[[0.347051,-0.839763,-0.417557],[-0.919761,-0.391777,0.0234595],[0.18329,-0.375911,0.908348]],[[0.372611,-0.890419,-0.261372],[-0.914657,-0.399958,0.058609],[0.156724,-0.217227,0.963457]],[[0.372611,-0.890419,-0.261372],[-0.924352,-0.331219,-0.189387],[-0.0820626,-0.312167,0.946476]],[[0.372611,-0.890419,-0.261372],[-0.887184,-0.259206,-0.381729],[-0.272149,-0.374121,0.886548]]],2],[2113,[0.264613,0.206875,-0.941904],211,56.7853,[-167.064,172.279,-38.1856],[-167.191,172.199,-38.268],[-173.815,246.939,19.2923],false,[-170.511,147.764,87.5819],[-178.72,160.916,34.5944],[-179.534,163.382,-4.69914],[-173.074,168.433,-27.6964],[-165.3,173.477,-41.309],[[[0.438582,-0.853989,-0.279908],[-0.886304,-0.462556,0.0225111],[0.148697,-0.23821,0.959763]],[[0.460392,-0.885325,-0.0651082],[-0.887475,-0.460735,-0.0105327],[0.0206727,-0.0626311,0.997823]],[[0.460392,-0.885325,-0.0651082],[-0.84736,-0.416416,-0.329512],[-0.264613,-0.206875,0.941904]],[[0.460392,-0.885325,-0.0651082],[-0.751783,-0.34984,-0.558958],[-0.472082,-0.306287,0.826636]]],3],[2114,[0.339961,0.126078,-0.93195],211,44.5186,[-154.755,147.335,-22.7941],[-154.552,147.157,-22.7455],[-158.545,238.186,-19.2011],false,[-161.524,139.789,83.9768],[-169.267,144.607,33.6906],[-166.701,141.971,2.744],[-160.84,144.144,-13.3215],[-153.012,148.422,-25.6183],[[[0.593218,-0.787574,-0.16679],[-0.790657,-0.608968,0.063405],[0.151506,-0.0942609,0.983952]],[[0.611868,-0.782201,0.117381],[-0.78666,-0.617256,-0.012662],[-0.0823584,0.0845914,0.993006]],[[0.611868,-0.782201,0.117381],[-0.714173,-0.610136,-0.343061],[-0.339961,-0.126078,0.93195]],[[0.611868,-0.782201,0.117381],[-0.600083,-0.55575,-0.575363],[-0.515284,-0.281608,0.809432]]],4],[2120,[0.394278,0.794227,-0.462329],212,52.1164,[151.079,263.93,53.3879],[151.083,265.86,55.2811],[187.726,308.265,90.8701],false,[114.721,188.2,104.776],[114.721,188.2,104.776],[129.543,222.152,71.3194],[142.987,249.231,55.556],[154.405,269.491,52.9321],[[[0.784905,-0.61906,-0.0262492],[0.382321,0.450537,0.806751],[-0.487601,-0.643258,0.590308]],[[0.856953,-0.499454,-0.127187],[0.421264,0.536604,0.731159],[-0.296931,-0.680148,0.670247]],[[0.856953,-0.499454,-0.127187],[0.331928,0.346047,0.877539],[-0.394278,-0.794227,0.462329]],[[0.856953,-0.499454,-0.127187],[0.166099,0.0340223,0.985522],[-0.487896,-0.865672,0.112114]]],0],[2121,[0.271119,0.25158,-0.929087],212,58.8075,[182.754,231.367,-34.9868],[181.803,232.562,-34.3935],[319.163,357.47,106.837],false,[134.879,177.135,99.0203],[159.601,212.118,39.2083],[173.844,222.125,-0.0699143],[180.397,228.206,-22.5263],[183.901,232.826,-38.5979],[[[-0.127367,-0.832325,-0.539456],[0.933194,-0.284832,0.219136],[-0.336047,-0.475506,0.812998]],[[-0.209555,-0.926659,-0.312073],[0.919885,-0.29504,0.258385],[-0.331509,-0.232925,0.914247]],[[-0.209555,-0.926659,-0.312073],[0.939458,-0.279304,0.198515],[-0.271119,-0.25158,0.929087]],[[-0.209555,-0.926659,-0.312073],[0.956047,-0.26112,0.133382],[-0.205088,-0.270406,0.940649]]],1],[2122,[0.35326,0.214507,-0.910601],212,67.0064,[189.653,210.598,-51.8593],[188.744,211.557,-51.4688],[368.939,334.005,98.856],false,[135.114,166.792,92.3434],[157.03,191.735,30.9831],[174.83,201.665,-12.6959],[184.875,207.764,-38.5901],[191.446,211.831,-55.7199],[[[-0.328805,-0.828081,-0.454058],[0.890622,-0.431816,0.142576],[-0.314134,-0.357514,0.879491]],[[-0.364179,-0.865049,-0.345056],[0.854987,-0.457442,0.244428],[-0.369285,-0.206003,0.906196]],[[-0.364179,-0.865049,-0.345056],[0.861731,-0.453516,0.227469],[-0.35326,-0.214507,0.910601]],[[-0.364179,-0.865049,-0.345056],[0.863203,-0.452614,0.223653],[-0.349648,-0.216404,0.911546]]],2],[2123,[0.108345,0.307163,-0.945469],212,64.4285,[161.192,195.691,-54.3701],[159.379,196.673,-53.54],[338.104,362.201,50.6424],false,[132.154,156.574,86.1995],[149.703,170.412,27.6821],[157.538,182.577,-14.5896],[160.539,191.086,-40.781],[161.593,197.304,-58.3684],[[[-0.437646,-0.836743,-0.329132],[0.854386,-0.501052,0.137735],[-0.280161,-0.220927,0.934185]],[[-0.439563,-0.838242,-0.322699],[0.880928,-0.472462,0.0273151],[-0.17536,-0.272268,0.946107]],[[-0.439563,-0.838242,-0.322699],[0.891654,-0.450556,-0.044198],[-0.108345,-0.307163,0.945469]],[[-0.439563,-0.838242,-0.322699],[0.89644,-0.431962,-0.0990175],[-0.056393,-0.332805,0.941308]]],3],[2124,[0.178128,0.3987,-0.899616],212,50.5107,[153.7,176.943,-35.8101],[152.725,177.273,-35.1476],[314.54,366.646,26.7026],false,[122.161,147.941,80.8892],[138.368,152.391,25.3931],[149.318,163.131,-6.46662],[152.802,170.929,-24.062],[154.1,178.922,-39.2783],[[[-0.602243,-0.762321,-0.237001],[0.747785,-0.642633,0.166854],[-0.279501,-0.0767389,0.957074]],[[-0.531818,-0.730203,-0.428921],[0.788207,-0.61201,0.0646023],[-0.309677,-0.303722,0.901029]],[[-0.531818,-0.730203,-0.428921],[0.827913,-0.554835,-0.0819665],[-0.178128,-0.3987,0.899616]],[[-0.531818,-0.730203,-0.428921],[0.843505,-0.501771,-0.191636],[-0.0752869,-0.463712,0.882781]]],4]],[[0,200,0],[235.247,235.247,147.751]]],[297308,5443300810,[[211,"left",[-0.323899,0.320403,-0.890186],[0.923879,0.309806,-0.22465],[-177.613,177.92,56.9111],[-110.843,165.599,50.5065],[-177.602,177.903,56.9052],0,0,0.584934,[[0.163898,-0.970628,0.176123],[-0.978956,-0.18204,-0.0922317],[-0.121584,0.1573,0.980038]],56.1609,[-193.279,192.91,330.69],[-164.346,155.477,97.471]],[212,"right",[0.464953,0.298112,-0.833635],[-0.863164,0.362045,-0.351954],[148.417,193.247,50.2996],[199.678,299.439,27.5214],[148.414,193.243,50.2994],0,0,0.582056,[[-0.242595,-0.839147,-0.486805],[0.826304,0.0841853,-0.556898],[0.508301,-0.537349,0.672968]],63.72,[262.779,23.7679,275.293],[125.537,168.852,93.5917]]],[[2110,[-0.285702,0.854244,-0.43433],211,45.9338,[-190.9,259.056,83.8776],[-191.293,259.838,84.9141],[-95.2519,132.427,55.0917],false,[-159.696,179.952,107.976],[-159.696,179.952,107.976],[-177.143,219.818,101.5],[-185.728,245.489,88.4477],[-193.019,263.944,82.8135],[[[-0.807535,-0.574799,-0.132265],[-0.450787,0.456851,0.766862],[0.380366,-0.678891,0.628035]],[[-0.868667,-0.422251,-0.259079],[-0.29692,0.025138,0.954572],[0.396556,-0.90613,0.147211]],[[-0.868667,-0.422251,-0.259079],[-0.404713,0.303268,0.862691],[0.285702,-0.854244,0.43433]],[[-0.868667,-0.422251,-0.259079],[-0.347133,0.145705,0.926428],[0.353436,-0.894692,0.273146]]],0],[2111,[-0.0474688,0.407338,-0.912043],211,51.8312,[-200.665,231.268,-17.1652],[-200.684,230.844,-17.3253],[-143.209,211.709,89.8899],false,[-177.224,171.271,100.635],[-191.006,204.144,46.4691],[-201.29,217.589,12.5977],[-202.301,226.267,-6.83157],[-200.203,232.805,-20.2338],[[[0.14653,-0.828684,-0.540196],[-0.966099,-0.237228,0.101861],[0.21256,-0.506957,0.835352]],[[0.176704,-0.895247,-0.409033],[-0.946054,-0.26915,0.180388],[0.271583,-0.355093,0.894512]],[[0.176704,-0.895247,-0.409033],[-0.983119,-0.180578,-0.0294817],[0.0474688,-0.407338,0.912043]],[[0.176704,-0.895247,-0.409033],[-0.974348,-0.100261,-0.20148],[-0.139364,-0.434143,0.889999]]],1],[2112,[0.0804877,0.331039,-0.940178],211,59.0574,[-190.273,209.551,-36.3355],[-190.776,209.594,-36.3092],[-145.71,234.872,76.7214],false,[-177.21,162.282,94.5547],[-188.841,186.208,39.1159],[-195.797,196.275,-1.56622],[-193.779,204.571,-25.1299],[-189.229,211.043,-39.6808],[[[0.336435,-0.836892,-0.431767],[-0.922517,-0.384984,0.0273831],[0.18914,-0.3891,0.901569]],[[0.362386,-0.88841,-0.281788],[-0.917532,-0.393169,0.0595991],[0.163739,-0.236951,0.957624]],[[0.362386,-0.88841,-0.281788],[-0.928546,-0.318027,-0.19147],[-0.0804877,-0.331039,0.940178]],[[0.362386,-0.88841,-0.281788],[-0.890606,-0.240943,-0.385705],[-0.274769,-0.390736,0.878537]]],2],[2113,[0.259524,0.219516,-0.940457],211,56.7853,[-171.994,179.525,-36.1013],[-172.117,179.369,-36.2156],[-152.868,222.094,48.6031],false,[-174.454,153.241,89.2724],[-183.073,167.143,36.5424],[-184.309,170.151,-2.70241],[-177.972,175.511,-25.6643],[-170.209,180.726,-39.2185],[[[0.429181,-0.853611,-0.295215],[-0.889623,-0.456,0.0251914],[0.156122,-0.251819,0.955099]],[[0.452751,-0.887831,-0.0822927],[-0.891085,-0.453787,-0.0067253],[0.0313724,-0.0763746,0.996586]],[[0.452751,-0.887831,-0.0822927],[-0.853032,-0.404436,-0.3298],[-0.259524,-0.219516,0.940457]],[[0.452751,-0.887831,-0.0822927],[-0.75682,-0.333857,-0.561927],[-0.471423,-0.316694,0.823083]]],3],[2114,[0.334401,0.140845,-0.931847],211,44.5186,[-159.754,154.485,-21.1658],[-159.548,154.131,-21.1562],[-149.076,216.19,27.8476],false,[-165.566,145.245,85.4766],[-173.757,150.776,35.3351],[-171.528,148.615,4.32562],[-165.764,151.043,-11.738],[-157.961,155.517,-23.9811],[[[0.585418,-0.789862,-0.182766],[-0.794729,-0.603661,0.0632491],[0.160287,-0.108222,0.98112]],[[0.606889,-0.788649,0.0985858],[-0.791563,-0.61092,-0.0143157],[-0.0715181,0.0693488,0.995026]],[[0.606889,-0.788649,0.0985858],[-0.721014,-0.598494,-0.349203],[-0.334401,-0.140845,0.931847]],[[0.606889,-0.788649,0.0985858],[-0.606529,-0.539721,-0.583802],[-0.513623,-0.294507,0.805889]]],4],[2120,[0.408369,0.802574,-0.434868],212,52.1164,[158.764,274.423,56.1285],[158.123,275.439,57.7837],[201.329,291.433,80.9994],false,[120.237,196.921,104.778],[120.237,196.921,104.778],[136.029,231.546,72.4744],[149.952,258.91,57.6473],[161.486,279.181,55.7072],[[[0.783536,-0.621051,-0.019154],[0.363021,0.432545,0.8253],[-0.504269,-0.653606,0.564369]],[[0.858499,-0.499569,-0.115797],[0.403611,0.518934,0.753529],[-0.316349,-0.693641,0.647136]],[[0.858499,-0.499569,-0.115797],[0.310183,0.326046,0.893018],[-0.408369,-0.802574,0.434868]],[[0.858499,-0.499569,-0.115797],[0.141712,0.0140967,0.989808],[-0.492845,-0.866159,0.0828968]]],0],[2121,[0.290514,0.273134,-0.91706],212,58.8075,[192.111,243.269,-32.1679],[190.984,243.959,-31.7162],[281.353,344.25,88.2872],false,[140.502,185.908,99.3064],[166.835,222.03,40.8745],[182.215,232.839,2.24327],[189.237,239.441,-19.9224],[193.004,244.455,-35.8154],[[[-0.11603,-0.820614,-0.55958],[0.92651,-0.292448,0.236755],[-0.357932,-0.490986,0.79424]],[[-0.203605,-0.918802,-0.338153],[0.911254,-0.304136,0.277699],[-0.357995,-0.251602,0.899186]],[[-0.203605,-0.918802,-0.338153],[0.934958,-0.284956,0.211313],[-0.290514,-0.273134,0.91706]],[[-0.203605,-0.918802,-0.338153],[0.953911,-0.263938,0.142793],[-0.22045,-0.293495,0.930195]]],1],[2122,[0.377452,0.231518,-0.896621],212,67.0064,[199.489,222.518,-49.3189],[198.341,223.185,-49.0347],[307.038,339.444,80.2268],false,[140.877,175.704,92.4254],[164.415,201.829,32.1676],[183.359,212.579,-10.8303],[194.093,219.163,-36.3269],[201.123,223.547,-53.1938],[[[-0.319557,-0.817444,-0.479237],[0.885472,-0.43768,0.156123],[-0.337375,-0.374461,0.863688]],[[-0.357836,-0.856567,-0.371814],[0.847039,-0.46535,0.256856],[-0.393038,-0.223029,0.892065]],[[-0.357836,-0.856567,-0.371814],[0.854098,-0.461185,0.240467],[-0.377452,-0.231518,0.896621]],[[-0.357836,-0.856567,-0.371814],[0.85557,-0.460275,0.236954],[-0.374104,-0.233322,0.897556]]],2],[2123,[0.124787,0.327604,-0.936538],212,64.4285,[170.588,207.601,-52.936],[168.909,208.358,-52.2253],[291.084,349.658,43.6768],false,[138.044,165.624,85.9988],[157.112,180.604,28.2426],[166.231,193.382,-13.5883],[169.688,202.457,-39.5323],[170.862,209.145,-56.9388],[[[-0.431557,-0.828304,-0.357311],[0.849173,-0.506679,0.148938],[-0.304408,-0.239144,0.922034]],[[-0.434466,-0.830566,-0.348425],[0.877259,-0.477878,0.0452607],[-0.204096,-0.285994,0.936243]],[[-0.434466,-0.830566,-0.348425],[0.892002,-0.450373,-0.0386887],[-0.124787,-0.327604,0.936538]],[[-0.434466,-0.830566,-0.348425],[0.898494,-0.426652,-0.103328],[-0.0628357,-0.35795,0.931624]]],3],[2124,[0.187018,0.404779,-0.895085],212,50.5107,[161.896,187.685,-35.5377],[161.344,188.13,-34.8262],[260.463,327.682,12.8965],false,[128.165,157.137,80.2602],[145.788,162.672,25.2958],[157.17,173.502,-6.38125],[160.828,181.419,-23.888],[162.218,189.56,-39.0173],[[[-0.598224,-0.755235,-0.267859],[0.74146,-0.648466,0.17242],[-0.303915,-0.0954607,0.947904]],[[-0.531619,-0.724507,-0.438715],[0.783428,-0.617483,0.0703986],[-0.321903,-0.306277,0.895864]],[[-0.531619,-0.724507,-0.438715],[0.826078,-0.557892,-0.0796929],[-0.187018,-0.404779,0.895085]],[[-0.531619,-0.724507,-0.438715],[0.843134,-0.502005,-0.192655],[-0.0806573,-0.472315,0.877732]]],4]],[[0,200,0],[235.247,235.247,147.751]]],[297309,5443333483,[[211,"left",[-0.32826,0.333295,-0.883833],[0.924551,0.305065,-0.228342],[-181.048,182.879,59.3078],[-106.918,156.087,66.2317],[-181.008,182.821,59.2797],0,0,0.593467,[[0.156867,-0.976653,0.146772],[-0.981033,-0.171226,-0.0908654],[-0.113875,0.129734,0.984988]],56.1609,[-194.744,190.734,333.897],[-167.645,159.861,99.4993]],[212,"right",[0.46674,0.283104,-0.837858],[-0.863182,0.352074,-0.361884],[156.416,203.035,53.7688],[230.748,299.532,81.6535],[156.413,203.031,53.7674],0,0,0.623172,[[-0.263409,-0.822645,-0.503856],[0.825901,0.0775905,-0.558451],[0.498502,-0.563235,0.658985]],63.72,[268.069,27.3521,275.387],[133.473,179.426,97.4611]]],[[2110,[-0.278935,0.849838,-0.447181],211,45.9338,[-193.587,263.249,85.7172],[-193.903,264.132,87.1762],[-85.1481,128.773,56.6237],false,[-162.717,184.175,110.25],[-162.717,184.175,110.25],[-180.045,224.104,103.844],[-188.427,249.643,90.4063],[-195.631,268.097,84.6606],[[[-0.813125,-0.566802,-0.132523],[-0.441109,0.451458,0.775634],[0.379803,-0.689145,0.617113]],[[-0.872264,-0.418995,-0.252187],[-0.289881,0.0276726,0.956663],[0.393858,-0.907567,0.145596]],[[-0.872264,-0.418995,-0.252187],[-0.401685,0.319716,0.858156],[0.278935,-0.849838,0.447181]],[[-0.872264,-0.418995,-0.252187],[-0.342338,0.1549,0.92672],[0.349228,-0.894678,0.278551]]],0],[2111,[-0.0511834,0.418468,-0.906788],211,51.8312,[-204.231,237.249,-13.9729],[-204.272,236.858,-14.1194],[-120.105,192.58,95.6621],false,[-180.371,175.719,102.947],[-194.312,209.328,49.2762],[-204.757,223.252,15.6486],[-205.848,232.167,-3.6688],[-203.795,238.846,-17.0084],[[[0.135659,-0.823479,-0.550889],[-0.967145,-0.230732,0.106738],[0.215004,-0.51831,0.827724]],[[0.166287,-0.891732,-0.420906],[-0.946709,-0.263781,0.18483],[0.275846,-0.367741,0.888074]],[[0.166287,-0.891732,-0.420906],[-0.984748,-0.172331,-0.0239441],[0.0511834,-0.418468,0.906788]],[[0.166287,-0.891732,-0.420906],[-0.976617,-0.0899482,-0.195268],[-0.136267,-0.443534,0.885838]]],1],[2112,[0.0746827,0.344009,-0.935992],211,59.0574,[-194.298,215.885,-33.3876],[-194.721,215.861,-33.3834],[-130.327,206.844,86.1084],false,[-180.477,166.802,96.7636],[-192.348,191.463,41.699],[-199.632,202.156,1.23489],[-197.76,210.778,-22.2238],[-193.274,217.427,-36.7146],[[[0.326333,-0.834453,-0.444067],[-0.925332,-0.377952,0.0302135],[0.193048,-0.401049,0.895484]],[[0.352604,-0.887088,-0.297901],[-0.91993,-0.386932,0.0633462],[0.171461,-0.251712,0.952493]],[[0.352604,-0.887088,-0.297901],[-0.932788,-0.307787,-0.187549],[-0.0746827,-0.344009,0.935992]],[[0.352604,-0.887088,-0.297901],[-0.895715,-0.227806,-0.381836],[-0.270858,-0.401471,0.874904]]],2],[2113,[0.255756,0.230216,-0.93893],211,56.7853,[-176.085,185.621,-33.6584],[-176.227,185.437,-33.7895],[-133.86,197.68,66.6294],false,[-177.835,157.801,91.3555],[-186.754,172.384,38.8596],[-188.304,175.884,-0.333152],[-182.059,181.505,-23.2578],[-174.303,186.854,-36.7635],[[[0.420005,-0.853494,-0.308454],[-0.893027,-0.449196,0.0269405],[0.16155,-0.264143,0.950858]],[[0.444896,-0.890302,-0.097107],[-0.894717,-0.446611,-0.00449895],[0.0393636,-0.0888848,0.995264]],[[0.444896,-0.890302,-0.097107],[-0.858287,-0.39289,-0.330123],[-0.255757,-0.230216,0.93893]],[[0.444896,-0.890302,-0.097107],[-0.761718,-0.31914,-0.563858],[-0.471013,-0.324826,0.820143]]],3],[2114,[0.328488,0.149201,-0.932649],211,44.5186,[-163.986,160.214,-19.1655],[-163.787,159.864,-19.1646],[-135.624,188.076,50.8214],false,[-169.04,149.779,87.3973],[-177.579,155.958,37.3895],[-175.619,154.132,6.34026],[-169.956,156.704,-9.73724],[-162.205,161.266,-21.9806],[[[0.577622,-0.792298,-0.196512],[-0.799025,-0.598037,0.0625361],[0.167069,-0.120896,0.978505]],[[0.601297,-0.794526,0.0846779],[-0.796547,-0.604397,-0.014731],[-0.0628832,0.0585922,0.996299]],[[0.601297,-0.794526,0.0846779],[-0.72838,-0.588615,-0.350706],[-0.328488,-0.149201,0.932649]],[[0.601297,-0.794526,0.0846779],[-0.614888,-0.527797,-0.585955],[-0.510249,-0.300265,0.805907]]],4],[2120,[0.407098,0.796301,-0.447411],212,52.1164,[166.512,284.533,58.1816],[165.868,285.413,59.6427],[225.173,302.669,68.1517],false,[128.043,207.692,108.071],[128.043,207.692,108.071],[143.843,241.812,75.2387],[157.723,268.962,59.984],[169.178,289.237,57.654],[[[0.785653,-0.618653,-0.00427296],[0.358828,0.450043,0.817743],[-0.503976,-0.643996,0.575567]],[[0.86083,-0.498252,-0.103523],[0.398476,0.533426,0.746106],[-0.316527,-0.683521,0.65773]],[[0.86083,-0.498252,-0.103523],[0.305359,0.343,0.888317],[-0.407098,-0.796301,0.447411]],[[0.86083,-0.498252,-0.103523],[0.139289,0.0350311,0.989632],[-0.48946,-0.866324,0.0995567]]],0],[2121,[0.286305,0.259927,-0.922208],212,58.8075,[200.012,251.809,-29.5121],[199.045,252.342,-29.1139],[253.899,286.857,83.4082],false,[148.362,196.642,102.885],[174.77,231.687,43.835],[190.333,241.845,5.10045],[197.253,248.128,-17.1897],[200.855,252.929,-33.1862],[[[-0.111438,-0.831931,-0.543573],[0.926681,-0.28456,0.245536],[-0.358948,-0.476357,0.802646]],[[-0.198724,-0.925461,-0.322538],[0.910648,-0.29601,0.288269],[-0.362256,-0.236433,0.901593]],[[-0.198724,-0.925461,-0.322538],[0.937304,-0.275609,0.21331],[-0.286305,-0.259927,0.922208]],[[-0.198724,-0.925461,-0.322538],[0.957117,-0.254048,0.139237],[-0.210799,-0.281037,0.93626]]],1],[2122,[0.38006,0.214667,-0.899707],212,67.0064,[207.755,230.483,-46.2373],[206.621,231.135,-45.9794],[269.758,273.422,89.9269],false,[148.794,186.305,96.2093],[172.446,211.31,35.5226],[191.507,221.26,-7.61604],[202.315,227.364,-33.2005],[209.397,231.43,-50.1254],[[[-0.315241,-0.827858,-0.463976],[0.886395,-0.4315,0.167666],[-0.339009,-0.35841,0.869836]],[[-0.353778,-0.865,-0.355831],[0.847615,-0.457343,0.269045],[-0.395461,-0.206425,0.894985]],[[-0.353778,-0.865,-0.355831],[0.854632,-0.453534,0.252807],[-0.38006,-0.214667,0.899707]],[[-0.353778,-0.865,-0.355831],[0.856045,-0.452729,0.249445],[-0.376865,-0.216359,0.900645]]],2],[2123,[0.105852,0.310257,-0.944741],212,64.4285,[177.77,215.112,-49.8285],[176.746,215.872,-49.1381],[242.027,267.184,79.0929],false,[146.016,176.09,89.9747],[165.227,189.987,31.9955],[174.454,201.514,-10.1737],[177.386,210.109,-36.3449],[177.889,216.611,-53.8539],[[[-0.42761,-0.836679,-0.342225],[0.850349,-0.50075,0.161732],[-0.306687,-0.221853,0.925594]],[[-0.433337,-0.840727,-0.324651],[0.877251,-0.476034,0.0618178],[-0.206517,-0.258012,0.943812]],[[-0.433337,-0.840727,-0.324651],[0.894994,-0.443756,-0.0454526],[-0.105852,-0.310257,0.944741]],[[-0.433337,-0.840727,-0.324651],[0.90083,-0.414825,-0.128164],[-0.026922,-0.347993,0.93711]]],3],[2124,[0.198236,0.369091,-0.908006],212,50.5107,[170.82,194.53,-32.2112],[170.127,195.339,-31.5041],[269.193,246.339,74.1046],false,[136.185,167.457,84.3732],[153.972,171.962,29.3678],[165.741,181.489,-2.58527],[169.618,188.708,-20.3448],[171.183,196.271,-35.7545],[[[-0.594817,-0.762416,-0.254785],[0.74303,-0.642408,0.187669],[-0.306757,-0.0776841,0.948612]],[[-0.532383,-0.737277,-0.415922],[0.778327,-0.619529,0.101932],[-0.332828,-0.269457,0.903669]],[[-0.532383,-0.737277,-0.415922],[0.822965,-0.565858,-0.0503432],[-0.198236,-0.369091,0.908006]],[[-0.532383,-0.737277,-0.415922],[0.841619,-0.513722,-0.166638],[-0.0908098,-0.438763,0.894002]]],4]],[[0,200,0],[235.247,235.247,147.751]]],[297310,5443363855,[[211,"left",[-0.314837,0.359807,-0.878303],[0.932495,0.289825,-0.215532],[-181.044,184.341,64.0402],[-36.1,84.6716,125.493],[-181.034,183.928,62.7473],0,0,0.325372,[[0.10766,-0.986866,0.120437],[-0.981179,-0.125002,-0.147182],[-0.160303,0.102324,0.98175]],56.1609,[-206.569,184.505,337.422],[-168.421,160.154,103.796]],[212,"right",[0.473899,0.295032,-0.829684],[-0.856979,0.371195,-0.357494],[156.296,204.465,52.6342],[75.4962,132.529,2.92357],[156.296,204.464,52.6344],0,0,0.363774,[[-0.254207,-0.826361,-0.502501],[0.839943,0.0689357,-0.538279],[0.479452,-0.558906,0.676572]],63.72,[262.316,29.3134,278.388],[132.864,180.218,95.7133]]],[[2110,[-0.271342,0.839622,-0.470541],211,45.9338,[-193.762,263.291,87.3522],[-193.43,263.968,91.3432],[-29.2266,32.5436,95.9329],false,[-163.043,184.112,115.116],[-163.043,184.112,115.116],[-180.39,223.99,108.452],[-188.544,249.222,94.312],[-195.62,267.565,88.0713],[[[-0.824258,-0.545892,-0.150337],[-0.436607,0.443715,0.782618],[0.360518,-0.710718,0.604076]],[[-0.872489,-0.420984,-0.248063],[-0.288612,0.0343415,0.95683],[0.394291,-0.906418,0.151464]],[[-0.872489,-0.420984,-0.248063],[-0.406369,0.343232,0.846792],[0.271342,-0.839622,0.470541]],[[-0.872489,-0.420984,-0.248063],[-0.34796,0.178873,0.920287],[0.343054,-0.889257,0.30255]]],0],[2111,[-0.0356971,0.439581,-0.897493],211,51.8312,[-202.809,240.356,-8.96378],[-202.584,240.435,-8.30984],[-3.68207,142.927,159.129],false,[-180.824,176.206,107.513],[-193.663,211.287,54.5137],[-203.576,226.18,21.1409],[-204.336,235.544,2.02152],[-202.042,242.473,-11.1505],[[[0.12163,-0.813869,-0.568176],[-0.972627,-0.211913,0.0953387],[0.197997,-0.541028,0.817365]],[[0.149843,-0.885559,-0.439696],[-0.95342,-0.247174,0.172902],[0.261796,-0.393307,0.881347]],[[0.149843,-0.885559,-0.439696],[-0.988065,-0.150179,-0.0342563],[0.0356971,-0.439581,0.897493]],[[0.149843,-0.885559,-0.439696],[-0.976905,-0.0640905,-0.203838],[-0.15233,-0.460085,0.87471]]],1],[2112,[0.0878239,0.364858,-0.926912],211,59.0574,[-193.121,219.536,-28.3196],[-193.384,219.744,-27.9416],[-16.2575,155.601,148.231],false,[-181.081,167.431,101.132],[-192.033,193.555,46.5541],[-198.868,205.369,6.32398],[-196.667,214.514,-16.9072],[-191.939,221.415,-31.2021],[[[0.311277,-0.83135,-0.460396],[-0.933479,-0.358283,0.0158311],[0.178113,-0.424842,0.887573]],[[0.335098,-0.887098,-0.317436],[-0.928343,-0.368409,0.0495497],[0.160902,-0.278086,0.946984]],[[0.335098,-0.887098,-0.317436],[-0.938081,-0.282728,-0.200172],[-0.0878239,-0.364858,0.926912]],[[0.335098,-0.887098,-0.317436],[-0.8979,-0.198601,-0.392853],[-0.285456,-0.41667,0.863076]]],2],[2113,[0.268702,0.246721,-0.93109],211,56.7853,[-175.37,188.937,-28.9949],[-175.487,188.906,-28.9032],[-28.8771,142.835,129.383],false,[-178.596,158.497,95.5424],[-186.833,174.427,43.3273],[-188.062,178.847,4.21619],[-181.501,184.871,-18.517],[-173.49,190.376,-31.8097],[[[0.403573,-0.855417,-0.324639],[-0.9027,-0.430124,0.0111833],[0.149201,-0.288538,0.945772]],[[0.426148,-0.89734,-0.114797],[-0.904116,-0.426827,-0.0198448],[0.0311908,-0.112246,0.993191]],[[0.426148,-0.89734,-0.114797],[-0.863827,-0.365936,-0.346257],[-0.268702,-0.246721,0.93109]],[[0.426148,-0.89734,-0.114797],[-0.762713,-0.288141,-0.579003],[-0.486485,-0.334298,0.807204]]],3],[2114,[0.335922,0.165681,-0.927203],211,44.5