{"metadata":{"formatVersion":2,"generatedBy":"LeapJS Playback 0.2.1","frames":126,"protocolVersion":6,"serviceVersion":"2.2.6+29154","frameRate":"1.1e+2","modified":"Thu Jun 04 2015 14:53:34 GMT-0300 (E. South America Standard Time)"},"frames":[["id","timestamp",{"hands":[["id","type","direction","palmNormal","palmPosition","palmVelocity","stabilizedPalmPosition","pinchStrength","grabStrength","confidence","armBasis","armWidth","elbow","wrist"]]},{"pointables":[["id","direction","handId","length","stabilizedTipPosition","tipPosition","tipVelocity","tool","carpPosition","mcpPosition","pipPosition","dipPosition","btipPosition","bases","type"]]},{"interactionBox":["center","size"]}],[255805,4617797879,[[173,"right",[-0.0749458,0.595208,-0.800069],[-0.772307,-0.542191,-0.331015],[-23.7684,136.046,54.5779],[94.8126,-79.8289,30.0926],[-28.3866,144.605,43.0194],0.891642,0.914472,0.484868,[[0.249555,-0.491148,-0.834563],[0.498897,0.803861,-0.323897],[0.829954,-0.335532,0.44564]],63.72,[212.511,11.1326,215.721],[-11.5765,101.726,95.3978]]],[[1730,[-0.37716,0.375702,-0.846521],173,52.1164,[-75.9889,165.1,29.9002],[-74.7622,154.179,37.6632],[39.8297,-108.355,72.8399],false,[-37.6442,110.742,108.824],[-37.6442,110.742,108.824],[-62.8944,145.408,83.2812],[-75.7539,158.218,54.4185],[-75.716,151.319,32.0547],[[[0.929985,0.362436,-0.0613772],[-0.13304,0.487503,0.862926],[0.342677,-0.794343,0.501589]],[[0.849275,0.504899,-0.154303],[-0.151195,0.512623,0.845197],[0.505838,-0.694475,0.511696]],[[0.849275,0.504899,-0.154303],[-0.369436,0.777126,0.509502],[0.37716,-0.375702,0.846521]],[[0.849275,0.504899,-0.154303],[-0.527949,0.811292,-0.251149],[-0.00161967,0.294759,0.95557]]],0],[1731,[-0.309956,-0.866376,0.39156],173,58.8075,[-82.2558,134.129,25.7947],[-78.7646,125.472,42.2745],[73.2885,-62.6359,102.721],false,[-18.2572,122.929,102.7],[-39.7669,166.947,47.816],[-73.2825,155.316,23.5838],[-80.7743,134.375,33.048],[-78.1475,122.653,45.1975],[[[0.609274,-0.484735,-0.627548],[0.737091,0.638004,0.222816],[0.292372,-0.598317,0.746013]],[[0.615081,-0.496775,-0.612282],[0.114439,0.824576,-0.554057],[0.780115,0.270721,0.564032]],[[0.615081,-0.496775,-0.612282],[-0.724984,-0.0510608,-0.68687],[0.309956,0.866376,-0.391561]],[[0.615081,-0.496775,-0.612282],[-0.77333,-0.531513,-0.345622],[-0.15374,0.686082,-0.711095]]],1],[1732,[-0.416945,-0.739876,0.527958],173,67.0064,[-79.6287,117.082,28.9662],[-76.7963,109.492,44.3367],[69.2932,-62.6376,106.789],false,[-9.75326,118.463,94.9957],[-24.2141,155.122,37.4232],[-65.4,139.072,18.2031],[-77.2564,118.033,33.2164],[-76.4011,106.716,48.1941],[[[0.50853,-0.662727,-0.549718],[0.835725,0.533578,0.129839],[0.20727,-0.52544,0.825198]],[[0.511811,-0.671127,-0.536319],[0.0890332,0.662356,-0.74388],[0.854472,0.332976,0.398754]],[[0.511811,-0.671127,-0.536319],[-0.751137,-0.0465999,-0.6585],[0.416945,0.739876,-0.527958]],[[0.511811,-0.671127,-0.536319],[-0.857892,-0.432336,-0.277683],[-0.0455096,0.602224,-0.797029]]],2],[1733,[-0.479561,-0.621317,0.619666],173,64.4285,[-64.9855,108.633,30.0302],[-62.1331,100.03,44.2572],[64.2334,-68.1833,89.3967],false,[-2.95418,111.273,87.7154],[-9.94431,138.32,31.6499],[-48.6655,124.039,14.533],[-61.9503,106.828,31.6989],[-62.2219,97.8948,48.1069],[[[0.469032,-0.771152,-0.430505],[0.876103,0.467844,0.116471],[0.111592,-0.431795,0.895042]],[[0.470792,-0.778102,-0.415828],[0.165185,0.540737,-0.824814],[0.866642,0.319627,0.383105]],[[0.470792,-0.778102,-0.415828],[-0.740524,-0.0923188,-0.665658],[0.479561,0.621317,-0.619666]],[[0.470792,-0.778102,-0.415828],[-0.882125,-0.407398,-0.236396],[0.0145323,0.478105,-0.878182]]],3],[1734,[-0.815401,-0.0183714,-0.578605],173,50.5107,[-46.2412,133.755,-33.6793],[-54.2182,120.278,-14.5654],[-12.5395,-114.669,90.4338],false,[-1.05491,98.7796,81.1675],[-0.481279,119.665,27.0772],[-28.1386,120.28,5.05519],[-44.0868,119.921,-6.26163],[-58.4333,119.262,-15.7932],[[[0.327547,-0.882574,-0.337307],[0.944783,0.302208,0.126708],[-0.00989269,-0.360185,0.932828]],[[0.326763,-0.839652,-0.433832],[0.53049,0.542845,-0.651076],[0.782181,-0.0173961,0.622809]],[[0.326763,-0.839652,-0.433832],[0.477857,0.542813,-0.690657],[0.815401,0.0183714,0.578605]],[[0.326763,-0.839652,-0.433832],[0.447739,0.541779,-0.71134],[0.832319,0.0381959,0.552979]]],4]],[[0,200,0],[235.247,235.247,147.751]]],[255806,4617806115,[[173,"right",[-0.090688,0.590099,-0.802221],[-0.777461,-0.54536,-0.313268],[-22.817,135.538,54.2854],[100.083,-75.2034,13.3935],[-28.1685,144.25,43.4606],0.894338,0.918071,0.490556,[[0.248597,-0.496803,-0.831497],[0.497277,0.802139,-0.330589],[0.831213,-0.331301,0.446458]],63.72,[214.61,12.04,215.628],[-9.81718,101.491,95.0845]]],[[1730,[-0.398606,0.372018,-0.838282],173,52.1164,[-75.9501,164.039,30.5467],[-74.4835,153.33,38.1866],[36.1508,-104.293,72.7104],false,[-35.6457,110.552,108.935],[-35.6457,110.552,108.935],[-61.5905,144.836,83.5729],[-75.1812,157.521,54.9912],[-75.6157,150.539,32.6573],[[[0.928121,0.363391,-0.0808572],[-0.117787,0.492681,0.862202],[0.353153,-0.790704,0.50007]],[[0.843116,0.508353,-0.175304],[-0.137885,0.519489,0.843279],[0.519752,-0.68681,0.508084]],[[0.843116,0.508353,-0.175304],[-0.360927,0.776646,0.516287],[0.398606,-0.372018,0.838282]],[[0.843116,0.508353,-0.175304],[-0.53741,0.807836,-0.242056],[0.0185671,0.298292,0.954294]]],0],[1731,[-0.301269,-0.864364,0.402632],173,58.8075,[-82.2154,134.04,25.9598],[-78.0146,124.808,43.0711],[77.9016,-67.1969,101.201],false,[-16.3946,122.729,102.377],[-38.9863,166.373,47.6296],[-72.9271,154.542,24.0962],[-80.2089,133.65,33.828],[-77.3387,122.008,45.9994],[[[0.598297,-0.487756,-0.635716],[0.740097,0.640446,0.205148],[0.30708,-0.593231,0.744164]],[[0.604404,-0.499692,-0.620487],[0.102848,0.821265,-0.561201],[0.790011,0.275377,0.547768]],[[0.604404,-0.499692,-0.620487],[-0.737518,-0.0564186,-0.672967],[0.301269,0.864364,-0.402632]],[[0.604404,-0.499692,-0.620487],[-0.778765,-0.534799,-0.327894],[-0.16799,0.681394,-0.712378]]],1],[1732,[-0.405914,-0.737171,0.540197],173,67.0064,[-79.6007,117.021,29.0871],[-75.9825,108.843,45.1971],[77.027,-66.6393,106.065],false,[-8.02785,118.228,94.5447],[-23.6103,154.506,37.0239],[-65.1202,138.277,18.6714],[-76.6629,117.314,34.0327],[-75.5123,106.092,49.0621],[[[0.49929,-0.665406,-0.554928],[0.837153,0.535585,0.111007],[0.223346,-0.519985,0.824459]],[[0.502832,-0.673717,-0.541539],[0.074182,0.657826,-0.749507],[0.861195,0.336704,0.380754]],[[0.502832,-0.673717,-0.541539],[-0.763147,-0.0518103,-0.644144],[0.405914,0.737171,-0.540197]],[[0.502832,-0.673717,-0.541539],[-0.862212,-0.435313,-0.259021],[-0.0612322,0.597166,-0.799777]]],2],[1733,[-0.467714,-0.618382,0.631544],173,64.4285,[-64.9491,108.54,30.1794],[-61.3239,99.4089,44.8667],[72.7071,-69.779,84.6963],false,[-1.35363,111.002,87.1844],[-9.42372,137.689,31.0914],[-48.4279,123.273,14.7477],[-61.3845,106.143,32.2427],[-61.3478,97.303,48.7032],[[[0.462177,-0.773142,-0.434332],[0.877379,0.469827,0.097302],[0.128833,-0.426045,0.895482]],[[0.46419,-0.779896,-0.419868],[0.149812,0.536335,-0.830603],[0.872974,0.322656,0.365799]],[[0.46419,-0.779896,-0.419868],[-0.752177,-0.0967779,-0.651815],[0.467714,0.618382,-0.631544]],[[0.46419,-0.779896,-0.419868],[-0.885733,-0.409773,-0.218088],[-0.00196502,0.473126,-0.880993]]],3],[1734,[-0.826777,-0.0244227,-0.561999],173,50.5107,[-46.5452,133.248,-33.0021],[-54.6024,119.195,-14.0761],[-19.929,-118.477,82.634],false,[0.443475,98.4712,80.6801],[-0.0179398,119.02,26.4599],[-28.1158,119.408,4.99754],[-44.2865,118.93,-5.99449],[-58.8183,118.172,-15.2335],[[[0.322617,-0.884185,-0.337837],[0.946496,0.304358,0.107292],[0.00795745,-0.354376,0.935069]],[[0.319998,-0.842081,-0.434167],[0.515896,0.539239,-0.665637],[0.79464,-0.0109822,0.606982]],[[0.319998,-0.842081,-0.434167],[0.462645,0.538798,-0.704029],[0.826777,0.0244227,0.561999]],[[0.319998,-0.842081,-0.434167],[0.432249,0.537552,-0.724016],[0.843067,0.0440157,0.536004]]],4]],[[0,200,0],[235.247,235.247,147.751]]],[255807,4617815476,[[173,"right",[-0.103548,0.585953,-0.803702],[-0.781903,-0.547378,-0.298336],[-21.6333,134.744,54.1329],[107.57,-77.9398,4.96491],[-27.8079,143.726,44.0494],0.897101,0.924383,0.49853,[[0.248599,-0.503484,-0.827468],[0.494609,0.800497,-0.338476],[0.832803,-0.325128,0.44803]],63.72,[216.879,13.128,215.865],[-7.97781,100.912,94.8971]]],[[1730,[-0.417239,0.36936,-0.830352],173,52.1164,[-75.8664,162.868,31.2616],[-73.9339,152.255,38.7329],[40.6162,-104.546,70.6257],false,[-33.5931,110.03,109.102],[-33.5931,110.03,109.102],[-60.1371,143.969,83.8965],[-74.3631,156.562,55.5851],[-75.2293,149.547,33.2746],[[[0.926519,0.363486,-0.097158],[-0.10465,0.497003,0.861416],[0.361401,-0.787951,0.498521]],[[0.837354,0.511345,-0.193299],[-0.12678,0.525609,0.841226],[0.531757,-0.679898,0.504949]],[[0.837354,0.511345,-0.193299],[-0.3532,0.775951,0.522638],[0.417239,-0.36936,0.830352]],[[0.837354,0.511345,-0.193299],[-0.545407,0.805401,-0.23208],[0.0370102,0.29976,0.953297]]],0],[1731,[-0.294385,-0.862465,0.411693],173,58.8075,[-82.1495,133.911,26.1861],[-76.9913,123.925,43.8363],[86.8898,-74.8534,95.6832],false,[-14.4542,122.184,102.183],[-37.9237,165.535,47.5731],[-72.2197,153.565,24.6325],[-79.3351,132.719,34.5833],[-76.2677,121.141,46.7677],[[[0.588627,-0.490659,-0.642473],[0.742799,0.641891,0.19033],[0.319011,-0.589261,0.742296]],[[0.594978,-0.502513,-0.627281],[0.0935534,0.818445,-0.566918],[0.798279,0.278619,0.533969]],[[0.594978,-0.502513,-0.627281],[-0.74789,-0.0602862,-0.66108],[0.294385,0.862465,-0.411693]],[[0.594978,-0.502513,-0.627281],[-0.783435,-0.53692,-0.312965],[-0.179531,0.677641,-0.713142]]],1],[1732,[-0.396959,-0.734631,0.550219],173,67.0064,[-79.5526,116.931,29.2575],[-74.9151,107.972,46.0135],[87.6961,-74.0384,100.58],false,[-6.20768,117.647,94.2443],[-22.7073,153.623,36.7895],[-64.488,137.277,19.1697],[-75.776,116.387,34.816],[-74.3838,105.242,49.8826],[[[0.491003,-0.667949,-0.559249],[0.838443,0.536606,0.0952225],[0.236493,-0.515653,0.823513]],[[0.494759,-0.67619,-0.545876],[0.0620604,0.654032,-0.753917],[0.866811,0.33913,0.365553]],[[0.494759,-0.67619,-0.545876],[-0.77307,-0.0555355,-0.631885],[0.396959,0.734631,-0.550219]],[[0.494759,-0.67619,-0.545876],[-0.865866,-0.43712,-0.243314],[-0.0740864,0.593037,-0.801759]]],2],[1733,[-0.457675,-0.615573,0.641563],173,64.4285,[-64.8846,108.4,30.3924],[-60.2644,98.5473,45.4838],[84.1606,-75.977,79.0307],false,[0.355618,110.388,86.8178],[-8.60429,136.784,30.7223],[-47.8476,122.277,15.0455],[-60.5261,105.224,32.8181],[-60.2297,96.4636,49.3183],[[[0.455842,-0.77509,-0.437543],[0.878492,0.470801,0.0812266],[0.143038,-0.421405,0.895521]],[[0.458057,-0.781689,-0.423256],[0.13684,0.532477,-0.83531],[0.878327,0.324702,0.350871]],[[0.458057,-0.781689,-0.423256],[-0.762048,-0.100159,-0.639727],[0.457675,0.615573,-0.641563]],[[0.458057,-0.781689,-0.423256],[-0.888781,-0.411232,-0.202376],[-0.0158616,0.468882,-0.883118]]],3],[1734,[-0.836876,-0.0298619,-0.546578],173,50.5107,[-46.9129,132.578,-32.1539],[-54.5997,117.88,-13.4658],[-13.0651,-124.426,77.7851],false,[2.05907,97.8248,80.35],[0.739969,118.096,26.0398],[-27.7527,118.278,5.10158],[-44.121,117.694,-5.58883],[-58.8161,116.846,-14.5577],[[[0.317873,-0.885717,-0.338322],[0.94786,0.305423,0.0909798],[0.022749,-0.349602,0.936622]],[[0.31376,-0.844371,-0.434272],[0.502227,0.535734,-0.678791],[0.805805,-0.00512603,0.592158]],[[0.31376,-0.844371,-0.434272],[0.448546,0.534926,-0.716003],[0.836876,0.0298619,0.546578]],[[0.31376,-0.844371,-0.434272],[0.417996,0.533496,-0.735296],[0.852545,0.0491823,0.520334]]],4]],[[0,200,0],[235.247,235.247,147.751]]],[255808,4617824281,[[173,"right",[-0.117373,0.578325,-0.807319],[-0.784352,-0.552601,-0.281824],[-20.6446,134.079,53.4849],[108.841,-77.2803,-16.2059],[-27.3657,143.13,44.6319],0.897631,0.93145,0.5003,[[0.250626,-0.508726,-0.823641],[0.495166,0.798444,-0.342488],[0.831863,-0.322003,0.452015]],63.72,[218.328,13.7215,216.389],[-6.27496,100.662,94.3455]]],[[1730,[-0.435112,0.362662,-0.824108],173,52.1164,[-75.7627,161.749,31.8979],[-73.5561,151.188,38.7237],[40.0615,-106.013,53.615],false,[-31.7089,109.824,108.845],[-31.7089,109.824,108.845],[-58.8825,143.313,83.7084],[-73.7179,155.678,55.6099],[-74.9811,148.553,33.3531],[[[0.923747,0.365615,-0.114095],[-0.0936292,0.504423,0.858365],[0.371383,-0.78223,0.500191]],[[0.830636,0.514889,-0.211973],[-0.117069,0.533669,0.837551],[0.54437,-0.670885,0.503562]],[[0.830636,0.514889,-0.211973],[-0.34745,0.776766,0.525275],[0.435112,-0.362662,0.824108]],[[0.830636,0.514889,-0.211973],[-0.554193,0.801377,-0.225088],[0.0539746,0.304441,0.951001]]],0],[1731,[-0.285328,-0.859664,0.423753],173,58.8075,[-82.0603,133.748,26.452],[-76.1107,122.986,44.1062],[90.5068,-83.3639,78.1733],false,[-12.7154,121.977,101.535],[-37.1344,164.757,46.89],[-71.724,152.467,24.5675],[-78.6205,131.689,34.8098],[-75.3341,120.232,47.0513],[[[0.580757,-0.494522,-0.64666],[0.743339,0.646006,0.173561],[0.331917,-0.581485,0.74277]],[[0.58737,-0.506217,-0.631459],[0.0823894,0.813583,-0.575581],[0.805114,0.286054,0.519582]],[[0.58737,-0.506217,-0.631459],[-0.757353,-0.068727,-0.649379],[0.285328,0.859664,-0.423753]],[[0.58737,-0.506217,-0.631459],[-0.786128,-0.542304,-0.296496],[-0.192352,0.67056,-0.716484]]],1],[1732,[-0.386288,-0.730918,0.56262],173,67.0064,[-79.4842,116.813,29.4634],[-73.9473,107.06,46.3974],[93.8554,-81.8406,85.1186],false,[-4.57148,117.396,93.5163],[-22.0382,152.797,35.9904],[-64.0183,136.156,19.1379],[-75.003,115.371,35.1368],[-73.3506,104.368,50.2809],[[[0.484973,-0.67137,-0.560414],[0.837928,0.540178,0.0780019],[0.250355,-0.507415,0.824531]],[[0.488953,-0.679478,-0.547023],[0.0487024,0.647383,-0.760607],[0.870949,0.34526,0.349632]],[[0.488953,-0.679478,-0.547023],[-0.782117,-0.0637861,-0.619859],[0.386288,0.730918,-0.56262]],[[0.488953,-0.679478,-0.547023],[-0.867867,-0.442138,-0.226541],[-0.0879306,0.585511,-0.805881]]],2],[1733,[-0.451021,-0.612327,0.649334],173,64.4285,[-64.7936,108.219,30.6457],[-59.3875,97.7216,45.5136],[86.3769,-79.9295,54.7217],false,[1.90626,110.091,86.0591],[-7.96908,135.951,29.8671],[-47.3622,121.313,14.6953],[-59.8563,104.35,32.6831],[-59.3734,95.6882,49.231],[[[0.451973,-0.777521,-0.437244],[0.87799,0.47438,0.064008],[0.157652,-0.412826,0.897062]],[[0.454327,-0.783733,-0.423496],[0.127389,0.527664,-0.839847],[0.88168,0.327617,0.339571]],[[0.454327,-0.783733,-0.423496],[-0.768223,-0.104005,-0.631677],[0.451021,0.612327,-0.649334]],[[0.454327,-0.783733,-0.423496],[-0.89046,-0.413332,-0.190364],[-0.02585,0.463593,-0.885671]]],3],[1734,[-0.846259,-0.0397812,-0.531285],173,50.5107,[-47.3034,131.8,-31.2489],[-54.6791,116.334,-13.275],[-10.9367,-137.96,62.9799],false,[3.55685,97.476,79.6801],[1.36856,117.252,25.2153],[-27.4994,117.06,4.79775],[-44.0512,116.282,-5.59354],[-58.896,115.27,-14.295],[[[0.315858,-0.887697,-0.335005],[0.948056,0.309324,0.0742217],[0.0377388,-0.341047,0.939288]],[[0.310234,-0.847499,-0.430699],[0.487044,0.53077,-0.693593],[0.816421,0.00540663,0.577432]],[[0.310234,-0.847499,-0.430699],[0.433129,0.529305,-0.729545],[0.846259,0.0397812,0.531285]],[[0.310234,-0.847499,-0.430699],[0.402546,0.527541,-0.748103],[0.861227,0.0587107,0.504818]]],4]],[[0,200,0],[235.247,235.247,147.751]]],[255809,4617833330,[[173,"right",[-0.122359,0.574392,-0.809384],[-0.787919,-0.552106,-0.272696],[-19.739,133.353,53.114],[106.423,-78.0959,-23.0427],[-26.8072,142.414,45.2531],0.887939,0.937795,0.480599,[[0.250681,-0.516002,-0.819086],[0.495293,0.795339,-0.349458],[0.831772,-0.318085,0.454948]],63.72,[219.451,14.2315,216.87],[-5.12744,100.114,94.034]]],[[1730,[-0.446199,0.362775,-0.818108],173,52.1164,[-75.6295,160.618,32.5214],[-73.1466,150.48,38.7497],[39.8092,-93.8233,42.04],false,[-30.4229,109.415,108.686],[-30.4229,109.415,108.686],[-57.8871,142.708,83.6055],[-73.1005,155.077,55.7116],[-74.7055,148.006,33.4596],[[[0.923706,0.362707,-0.123329],[-0.0855723,0.509131,0.856425],[0.373422,-0.780531,0.501325]],[[0.827802,0.514684,-0.223259],[-0.109695,0.538761,0.835287],[0.550192,-0.666961,0.502446]],[[0.827802,0.514684,-0.223259],[-0.340074,0.77685,0.529957],[0.446199,-0.362775,0.818108]],[[0.827802,0.514684,-0.223259],[-0.556813,0.80238,-0.214815],[0.0685769,0.302138,0.950794]]],0],[1731,[-0.282922,-0.856698,0.431306],173,58.8075,[-81.9287,133.521,26.8021],[-75.2588,122.159,44.4283],[91.9431,-88.4842,69.1245],false,[-11.4583,121.483,101.163],[-36.2053,164.037,46.4893],[-71.0347,151.387,24.7482],[-77.873,130.681,35.173],[-74.4325,119.335,47.476],[[[0.574388,-0.49934,-0.648643],[0.746277,0.645046,0.164274],[0.336376,-0.578425,0.743153]],[[0.58103,-0.510861,-0.633581],[0.0719721,0.807669,-0.585227],[0.810693,0.294434,0.506048]],[[0.58103,-0.510861,-0.633581],[-0.763125,-0.0713477,-0.642301],[0.282922,0.856698,-0.431306]],[[0.58103,-0.510861,-0.633581],[-0.788578,-0.545969,-0.282953],[-0.201366,0.664032,-0.720078]]],1],[1732,[-0.383579,-0.727001,0.569505],173,67.0064,[-79.3827,116.649,29.7354],[-73.1607,106.429,46.5941],[92.0021,-78.423,67.5532],false,[-3.38954,116.839,93.1036],[-21.2256,151.983,35.5332],[-63.3789,135.358,19.1023],[-74.2866,114.684,35.297],[-72.5406,103.757,50.4851],[[[0.478858,-0.675496,-0.560714],[0.839845,0.538485,0.0685243],[0.255648,-0.503726,0.825169]],[[0.482925,-0.683544,-0.547313],[0.044232,0.643272,-0.764359],[0.874544,0.34492,0.340887]],[[0.482925,-0.683544,-0.547313],[-0.787179,-0.0650904,-0.61328],[0.383579,0.727001,-0.569505]],[[0.482925,-0.683544,-0.547313],[-0.870719,-0.441163,-0.217312],[-0.0929114,0.581501,-0.808223]]],2],[1733,[-0.450021,-0.608498,0.653614],173,64.4285,[-64.6605,107.969,30.9749],[-58.7051,97.0611,45.5261],[82.3212,-77.7737,38.3025],false,[3.01083,109.479,85.6337],[-7.24688,135.069,29.387],[-46.7846,120.515,14.5141],[-59.251,103.658,32.6206],[-58.7119,95.0474,49.1933],[[[0.446577,-0.780919,-0.436731],[0.879632,0.472515,0.0545584],[0.163757,-0.408527,0.897936]],[[0.448943,-0.786858,-0.423443],[0.123989,0.524155,-0.842549],[0.884916,0.325754,0.332878]],[[0.448943,-0.786858,-0.423443],[-0.771966,-0.102878,-0.627284],[0.450021,0.608498,-0.653614]],[[0.448943,-0.786858,-0.423443],[-0.893094,-0.410432,-0.184196],[-0.0288581,0.460868,-0.886999]]],3],[1734,[-0.851784,-0.0426019,-0.522158],173,50.5107,[-47.7391,130.842,-30.1993],[-54.4635,115.187,-13.1083],[-0.520572,-134.609,50.4979],false,[4.57976,96.8269,79.308],[2.00761,116.323,24.7593],[-27.0805,116.009,4.65826],[-43.7404,115.176,-5.55453],[-58.6736,114.122,-14.0983],[[[0.311008,-0.89022,-0.332841],[0.949372,0.30734,0.0650814],[0.0443587,-0.33623,0.940735]],[[0.3048,-0.850938,-0.427787],[0.479946,0.525191,-0.702728],[0.822647,0.00887709,0.568482]],[[0.3048,-0.850938,-0.427787],[0.4261,0.523536,-0.7378],[0.851784,0.0426019,0.522158]],[[0.3048,-0.850938,-0.427787],[0.395629,0.521696,-0.755851],[0.866357,0.0611386,0.495669]]],4]],[[0,200,0],[235.247,235.247,147.751]]],[255810,4617842255,[[173,"right",[-0.13033,0.567873,-0.812733],[-0.791043,-0.553735,-0.260054],[-18.2437,132.3,52.6453],[123.087,-88.979,-31.0793],[-26.0826,141.559,45.8785],0.872217,0.942946,0.488104,[[0.252185,-0.52517,-0.812773],[0.49436,0.791962,-0.358335],[0.831872,-0.311436,0.459344]],63.72,[221.373,15.297,217.705],[-3.23231,99.3847,93.6819]]],[[1730,[-0.459625,0.360032,-0.811863],173,52.1164,[-75.4112,159.437,33.1292],[-72.1832,149.323,38.7902],[57.3403,-99.7599,34.5367],false,[-28.3693,108.823,108.518],[-28.3693,108.823,108.518],[-56.2335,141.819,83.4853],[-71.9047,154.094,55.8044],[-73.8559,146.96,33.6002],[[[0.922618,0.361021,-0.135793],[-0.0764099,0.516148,0.853084],[0.37807,-0.776695,0.503793]],[[0.823527,0.515011,-0.237839],[-0.101056,0.545745,0.831836],[0.558204,-0.661004,0.50148]],[[0.823527,0.515011,-0.237839],[-0.332489,0.777908,0.533208],[0.459625,-0.360032,0.811863]],[[0.823527,0.515011,-0.237839],[-0.561118,0.801151,-0.208098],[0.0833721,0.30483,0.948751]]],0],[1731,[-0.278442,-0.852922,0.441581],173,58.8075,[-81.721,133.184,27.2752],[-73.846,120.721,44.9228],[109.499,-113.133,68.817],false,[-9.47559,120.815,100.701],[-34.7578,162.941,45.9408],[-69.858,149.612,25.0581],[-76.588,128.997,35.7313],[-73.0043,117.765,48.0974],[[[0.567348,-0.505021,-0.650438],[0.748345,0.64582,0.151313],[0.34365,-0.572599,0.744335]],[[0.574117,-0.516388,-0.6354],[0.0538732,0.798182,-0.600003],[0.816999,0.310241,0.486069]],[[0.574117,-0.516388,-0.6354],[-0.769974,-0.0765972,-0.633461],[0.278442,0.852922,-0.441581]],[[0.574117,-0.516388,-0.6354],[-0.79145,-0.54881,-0.2691],[-0.209754,0.657382,-0.723776]]],1],[1732,[-0.378132,-0.72206,0.579349],173,67.0064,[-79.2186,116.41,30.1021],[-71.7452,105.361,46.8989],[110.251,-89.5444,58.3626],false,[-1.49335,116.1,92.5975],[-19.8995,150.787,34.9295],[-62.2308,134.059,19.0707],[-72.9835,113.526,35.5452],[-71.0876,102.721,50.8032],[[[0.472617,-0.680386,-0.560096],[0.840852,0.538415,0.0554754],[0.26382,-0.497177,0.826568]],[[0.476817,-0.688327,-0.546673],[0.0367434,0.636988,-0.769997],[0.878234,0.347061,0.329018]],[[0.476817,-0.688327,-0.546673],[-0.793512,-0.0695289,-0.604569],[0.378132,0.72206,-0.579349]],[[0.476817,-0.688327,-0.546673],[-0.873194,-0.442299,-0.204706],[-0.100888,0.574958,-0.811939]]],2],[1733,[-0.445618,-0.603348,0.661359],173,64.4285,[-64.4513,107.617,31.4],[-57.3649,95.9823,45.6687],[100.089,-89.3788,31.0886],false,[4.82493,108.675,85.1222],[-5.99579,133.814,28.7776],[-45.687,119.214,14.3653],[-58.0315,102.5,32.6863],[-57.3666,93.9986,49.3109],[[[0.441549,-0.784773,-0.434933],[0.880451,0.472305,0.0416382],[0.172745,-0.401323,0.8995]],[[0.443984,-0.790456,-0.421969],[0.117089,0.518072,-0.847285],[0.888351,0.326773,0.322569]],[[0.443984,-0.790456,-0.421969],[-0.777369,-0.105596,-0.620118],[0.445618,0.603348,-0.661359]],[[0.443984,-0.790456,-0.421969],[-0.895328,-0.410064,-0.173885],[-0.0355855,0.455002,-0.889779]]],3],[1734,[-0.85812,-0.0478558,-0.511214],173,50.5107,[-48.1789,129.662,-29.0129],[-53.7574,113.494,-12.9203],[22.0902,-149.136,42.3882],false,[6.32042,95.9705,78.884],[3.19845,115.024,24.2077],[-26.1432,114.499,4.48288],[-42.9269,113.563,-5.51586],[-57.9614,112.426,-13.8693],[[[0.306988,-0.893125,-0.328764],[0.950189,0.307171,0.0527874],[0.0538408,-0.328593,0.942936]],[[0.299883,-0.854893,-0.423353],[0.470613,0.518592,-0.713852],[0.829815,0.0148367,0.557841]],[[0.299883,-0.854893,-0.423353],[0.416774,0.516592,-0.747952],[0.85812,0.0478558,0.511214]],[[0.299883,-0.854893,-0.423353],[0.386375,0.514593,-0.765447],[0.872229,0.0659714,0.484627]]],4]],[[0,200,0],[235.247,235.247,147.751]]],[255811,4617851288,[[173,"right",[-0.129479,0.565282,-0.814672],[-0.797159,-0.547963,-0.253524],[-16.8221,131.178,52.5013],[132.53,-98.686,-26.9076],[-25.1454,140.508,46.5488],0.861694,0.946767,0.493282,[[0.249244,-0.539151,-0.804484],[0.490595,0.786515,-0.375113],[0.834981,-0.301181,0.460539]],63.72,[223.554,17.0007,217.959],[-1.89125,98.3197,93.6131]]],[[1730,[-0.465358,0.362859,-0.807326],173,52.1164,[-75.078,158.207,33.7476],[-71.0389,148.541,38.9386],[75.6614,-93.5938,31.7178],false,[-26.8694,108.045,108.532],[-26.8694,108.045,108.532],[-54.7379,141.055,83.5229],[-70.6046,153.427,55.9966],[-72.7913,146.252,33.8279],[[[0.925038,0.352301,-0.142089],[-0.0675739,0.520681,0.851073],[0.373817,-0.777673,0.505456]],[[0.824481,0.509502,-0.246247],[-0.0924204,0.550545,0.829674],[0.558291,-0.661292,0.501003]],[[0.824481,0.509502,-0.246247],[-0.321981,0.780218,0.536272],[0.465358,-0.362859,0.807326]],[[0.824481,0.509502,-0.246247],[-0.558122,0.803988,-0.20519],[0.093435,0.306612,0.947238]]],0],[1731,[-0.285017,-0.848601,0.445692],173,58.8075,[-81.408,132.704,27.9101],[-72.6066,119.744,45.3254],[115.882,-115.128,63.8727],false,[-7.91139,119.836,100.565],[-33.1016,161.931,45.739],[-68.4502,148.418,25.4012],[-75.3391,127.907,36.1738],[-71.8209,116.678,48.562],[[[0.559611,-0.512932,-0.65095],[0.754717,0.639922,0.144576],[0.3424,-0.57219,0.745226]],[[0.566321,-0.524228,-0.635976],[0.0481169,0.791356,-0.609459],[0.822779,0.314548,0.473386]],[[0.566321,-0.524228,-0.635976],[-0.773334,-0.0711408,-0.629995],[0.285017,0.848601,-0.445692]],[[0.566321,-0.524228,-0.635976],[-0.798047,-0.541578,-0.264224],[-0.205917,0.657174,-0.725066]]],1],[1732,[-0.381466,-0.71607,0.584575],173,67.0064,[-78.9688,116.075,30.5939],[-70.5837,104.682,47.151],[115.294,-85.5781,49.9089],false,[-0.0118172,115.014,92.443],[-18.4061,149.598,34.7092],[-60.9618,133.168,19.1412],[-71.8093,112.806,35.7644],[-69.9302,102.055,51.0623],[[[0.463811,-0.687046,-0.559328],[0.845795,0.531275,0.04877],[0.263649,-0.495697,0.827511]],[[0.468009,-0.694963,-0.545889],[0.038389,0.633119,-0.773102],[0.88289,0.340862,0.322984]],[[0.468009,-0.694963,-0.545889],[-0.797152,-0.0653483,-0.600231],[0.381466,0.71607,-0.584575]],[[0.468009,-0.694963,-0.545889],[-0.878049,-0.435574,-0.198257],[-0.0999939,0.572103,-0.814064]]],2],[1733,[-0.449156,-0.596817,0.664882],173,64.4285,[-64.1473,107.14,31.9441],[-56.342,95.1789,45.8148],[103.161,-89.0969,26.1106],false,[6.20339,107.5,84.9703],[-4.68258,132.476,28.5657],[-44.5663,118.196,14.365],[-57.0088,101.663,32.7836],[-56.3671,93.2119,49.4345],[[[0.432465,-0.790585,-0.433531],[0.884744,0.464758,0.0350383],[0.173786,-0.398717,0.900457]],[[0.434864,-0.796108,-0.42084],[0.118532,0.513881,-0.849633],[0.892661,0.319591,0.317833]],[[0.434864,-0.796108,-0.42084],[-0.780482,-0.10011,-0.617111],[0.449156,0.596817,-0.664882]],[[0.434864,-0.796108,-0.42084],[-0.899841,-0.401999,-0.16936],[-0.0343482,0.452338,-0.891185]]],3],[1734,[-0.8619,-0.0441255,-0.505155],173,50.5107,[-48.603,128.25,-27.669],[-52.9106,112.276,-12.6762],[42.3927,-144.625,37.7775],false,[7.55619,94.7545,78.7832],[4.32386,113.585,24.0362],[-25.1546,113.174,4.51374],[-42.0123,112.311,-5.36649],[-57.1107,111.243,-13.613],[[[0.297503,-0.89727,-0.326189],[0.953092,0.299072,0.0465966],[0.0557441,-0.324751,0.944156]],[[0.290317,-0.859716,-0.420244],[0.469771,0.51064,-0.720112],[0.833685,0.0116419,0.552117]],[[0.290317,-0.859716,-0.420244],[0.415746,0.508863,-0.753799],[0.8619,0.0441255,0.505155]],[[0.290317,-0.859716,-0.420244],[0.385283,0.507004,-0.771041],[0.875941,0.0619332,0.478425]]],4]],[[0,200,0],[235.247,235.247,147.751]]],[255812,4617860799,[[173,"right",[-0.128619,0.559068,-0.819085],[-0.802153,-0.544294,-0.245548],[-15.9466,130.589,52.3754],[120.885,-88.1023,-22.9756],[-24.0384,139.314,47.25],0.853445,0.950358,0.494582,[[0.243466,-0.552957,-0.796845],[0.487867,0.779886,-0.392127],[0.838278,-0.293285,0.459645]],63.72,[225.244,18.7965,217.819],[-1.09109,97.9833,93.7147]]],[[1730,[-0.471013,0.360342,-0.805171],173,52.1164,[-74.6901,156.948,34.3672],[-70.5014,148.124,38.9571],[68.926,-77.6558,24.7071],false,[-25.9373,108.022,108.646],[-25.9373,108.022,108.646],[-53.8683,140.856,83.4752],[-69.9278,153.142,56.0224],[-72.3481,145.865,33.9109],[[[0.927008,0.344244,-0.148834],[-0.0603469,0.52859,0.84673],[0.370154,-0.775944,0.510781]],[[0.824338,0.504734,-0.25634],[-0.0859009,0.559104,0.824635],[0.559542,-0.657759,0.504248]],[[0.824338,0.504734,-0.25634],[-0.314027,0.784473,0.53478],[0.471013,-0.360342,0.805171]],[[0.824338,0.504734,-0.25634],[-0.556571,0.805335,-0.204117],[0.103415,0.310933,0.944789]]],0],[1731,[-0.29073,-0.842759,0.453027],173,58.8075,[-80.9854,132.075,28.7257],[-71.8947,119.209,45.72],[102.923,-100.852,58.8629],false,[-6.92589,119.603,100.501],[-32.028,161.401,45.4078],[-67.5795,147.614,25.6141],[-74.6066,127.244,36.5639],[-71.1648,116.067,49.0193],[[[0.553228,-0.522702,-0.64863],[0.759947,0.635605,0.135966],[0.341203,-0.568145,0.748861]],[[0.559847,-0.533802,-0.63374],[0.0425661,0.782355,-0.621377],[0.827502,0.3209,0.460721]],[[0.559847,-0.533802,-0.63374],[-0.775917,-0.0693783,-0.627009],[0.29073,0.842759,-0.453027]],[[0.559847,-0.533802,-0.63374],[-0.803736,-0.535789,-0.258725],[-0.201443,0.654207,-0.728995]]],1],[1732,[-0.384313,-0.708106,0.592359],173,67.0064,[-78.629,115.643,31.227],[-69.9196,104.442,47.4736],[102.198,-68.1483,45.2692],false,[0.905538,114.652,92.3906],[-17.4675,148.864,34.4286],[-60.2043,132.611,19.1747],[-71.1328,112.475,36.0193],[-69.2704,101.845,51.4035],[[[0.456527,-0.6953,-0.555104],[0.849843,0.525458,0.0407585],[0.263344,-0.490359,0.830781]],[[0.460721,-0.70313,-0.541613],[0.0398885,0.626024,-0.778783],[0.886648,0.337197,0.316469]],[[0.460721,-0.70313,-0.541613],[-0.800025,-0.064763,-0.596461],[0.384313,0.708106,-0.592359]],[[0.460721,-0.70313,-0.541613],[-0.881995,-0.430849,-0.190931],[-0.0991036,0.565666,-0.818658]]],2],[1733,[-0.458038,-0.588913,0.66587],173,64.4285,[-63.7601,106.544,32.603],[-55.938,94.8841,45.834],[83.2211,-71.5155,14.8578],false,[7.0356,107.028,84.9597],[-3.89421,131.588,28.3815],[-43.9004,117.655,14.182],[-56.589,101.341,32.6279],[-56.0744,92.9627,49.3204],[[[0.424932,-0.797502,-0.42828],[0.88825,0.458539,0.0274573],[0.174486,-0.392087,0.903229]],[[0.427248,-0.80272,-0.416052],[0.125361,0.508316,-0.851997],[0.895402,0.311857,0.317806]],[[0.427248,-0.80272,-0.416052],[-0.779526,-0.0939238,-0.619288],[0.458038,0.588913,-0.66587]],[[0.427248,-0.80272,-0.416052],[-0.903715,-0.393166,-0.169469],[-0.027541,0.448398,-0.893409]]],3],[1734,[-0.864997,-0.0436617,-0.499874],173,50.5107,[-49.0349,126.59,-26.1489],[-52.5097,111.277,-12.3736],[42.8796,-132.619,35.7496],false,[8.27036,94.2192,78.8794],[4.95569,112.593,23.9824],[-24.6343,112.175,4.62954],[-41.5526,111.321,-5.14739],[-56.7035,110.268,-13.2989],[[[0.289626,-0.902249,-0.319473],[0.955431,0.292463,0.0401994],[0.0571642,-0.316877,0.946742]],[[0.282408,-0.865808,-0.413064],[0.468984,0.500236,-0.727886],[0.836839,0.0118404,0.547321]],[[0.282408,-0.865808,-0.413064],[0.414759,0.498468,-0.761252],[0.864997,0.0436617,0.499874]],[[0.282408,-0.865808,-0.413064],[0.384219,0.496634,-0.778287],[0.878989,0.061088,0.472913]]],4]],[[0,200,0],[235.247,235.247,147.751]]],[255813,4617869358,[[173,"right",[-0.13142,0.55223,-0.823268],[-0.808384,-0.54039,-0.233437],[-14.7764,130.138,52.5432],[125.054,-78.794,-11.773],[-22.9201,138.206,47.8891],0.850486,0.953133,0.495913,[[0.238995,-0.565853,-0.789108],[0.488524,0.772389,-0.405906],[0.839182,-0.288489,0.461029]],63.72,[226.766,19.9209,218.542],[0.186471,97.8128,94.0639]]],[[1730,[-0.481235,0.356233,-0.800944],173,52.1164,[-74.3053,155.885,34.9281],[-69.788,147.756,39.4666],[70.6151,-68.7855,34.6902],false,[-24.4522,108.185,109.111],[-24.4522,108.185,109.111],[-52.6105,140.718,83.8036],[-69.0185,152.864,56.4949],[-71.7822,145.46,34.4662],[[[0.928291,0.33564,-0.160067],[-0.048979,0.537068,0.842115],[0.368615,-0.773888,0.514995]],[[0.822123,0.500473,-0.271366],[-0.0768717,0.569879,0.818125],[0.564096,-0.651739,0.506983]],[[0.822123,0.500473,-0.271366],[-0.304182,0.789065,0.533713],[0.481235,-0.356233,0.800944]],[[0.822123,0.500473,-0.271366],[-0.556928,0.80587,-0.201009],[0.118086,0.316386,0.941252]]],0],[1731,[-0.294539,-0.836163,0.462685],173,58.8075,[-80.5344,131.45,29.5575],[-70.9188,118.877,46.6488],[104.914,-86.3711,73.0598],false,[-5.42398,119.54,100.693],[-30.6814,161.005,45.419],[-66.5196,147.014,26.2972],[-73.6387,126.804,37.4804],[-70.2257,115.689,49.9996],[[[0.543586,-0.533106,-0.648315],[0.765931,0.630978,0.123352],[0.343313,-0.563617,0.751313]],[[0.550321,-0.544234,-0.633212],[0.0360216,0.773149,-0.633201],[0.834176,0.325654,0.445084]],[[0.550321,-0.544234,-0.633212],[-0.781277,-0.0681192,-0.620456],[0.294539,0.836163,-0.462685]],[[0.550321,-0.544234,-0.633212],[-0.810705,-0.52973,-0.249286],[-0.199761,0.650535,-0.732734]]],1],[1732,[-0.384558,-0.699449,0.602401],173,67.0064,[-78.2644,115.221,31.8745],[-68.9864,104.362,48.3577],[104.039,-52.5923,60.4736],false,[2.29894,114.453,92.5632],[-16.3126,148.252,34.436],[-59.3028,132.185,19.7061],[-70.2382,112.295,36.8362],[-68.3238,101.798,52.3051],[[[0.44638,-0.704054,-0.552315],[0.854156,0.519239,0.0284357],[0.266764,-0.484456,0.83315]],[[0.450631,-0.711788,-0.538786],[0.03792,0.618257,-0.785061],[0.891905,0.333342,0.305597]],[[0.450631,-0.711788,-0.538786],[-0.805634,-0.0642658,-0.588917],[0.384558,0.699449,-0.602401]],[[0.450631,-0.711788,-0.538786],[-0.886879,-0.425829,-0.179208],[-0.101872,0.558594,-0.823161]]],2],[1733,[-0.46028,-0.57959,0.672472],173,64.4285,[-63.3546,105.965,33.2643],[-55.1942,94.7132,46.5113],[83.2304,-57.5433,30.0851],false,[8.30604,106.711,85.1534],[-2.92462,130.816,28.4383],[-43.1385,117.144,14.5749],[-55.8891,101.088,33.2037],[-55.358,92.8335,49.9569],[[[0.415103,-0.804798,-0.424252],[0.891933,0.451903,0.0154471],[0.179289,-0.384817,0.905412]],[[0.417437,-0.809815,-0.412244],[0.125129,0.500565,-0.856608],[0.900049,0.305996,0.310286]],[[0.417437,-0.809815,-0.412244],[-0.783511,-0.0909671,-0.614684],[0.46028,0.57959,-0.672472]],[[0.417437,-0.809815,-0.412244],[-0.908261,-0.38602,-0.161402],[-0.0284283,0.441801,-0.896663]]],3],[1734,[-0.870148,-0.042822,-0.490926],173,50.5107,[-49.3774,125.047,-24.7377],[-52.1034,110.411,-11.6101],[44.7178,-123.7,49.624],false,[9.39023,93.8356,79.1857],[5.74145,111.712,24.1456],[-24.0406,111.297,5.08968],[-41.0597,110.459,-4.51225],[-56.2965,109.428,-12.505],[[[0.279946,-0.907458,-0.31329],[0.957951,0.285441,0.0292024],[0.0629261,-0.308292,0.949208]],[[0.272264,-0.87214,-0.406503],[0.465242,0.489116,-0.737777],[0.842272,0.011748,0.538924]],[[0.272264,-0.87214,-0.406503],[0.410749,0.48738,-0.770549],[0.870148,0.042822,0.490926]],[[0.272264,-0.87214,-0.406503],[0.380096,0.485586,-0.787232],[0.883968,0.0598248,0.463704]]],4]],[[0,200,0],[235.247,235.247,147.751]]],[255814,4617878775,[[173,"right",[-0.135713,0.540263,-0.830481],[-0.813069,-0.539714,-0.218238],[-13.8712,129.64,52.3537],[116.8,-71.3903,-14.1547],[-21.6229,136.978,48.5291],0.845622,0.957306,0.499798,[[0.232843,-0.580107,-0.780551],[0.489129,0.763564,-0.421572],[0.840557,-0.28363,0.461538]],63.72,[228.236,21.2961,218.851],[1.28526,97.8764,94.2357]]],[[1730,[-0.490992,0.347655,-0.798788],173,52.1164,[-73.868,154.773,35.4978],[-69.3069,147.23,39.5407],[64.4684,-63.8425,28.1962],false,[-23.1707,108.604,109.331],[-23.1707,108.604,109.331],[-51.5682,140.71,83.7466],[-68.3088,152.563,56.5114],[-71.394,144.92,34.6072],[[[0.928557,0.328361,-0.173091],[-0.0390364,0.550113,0.834177],[0.369131,-0.767824,0.52363]],[[0.819563,0.495218,-0.288228],[-0.0684406,0.58403,0.808842],[0.568887,-0.64317,0.512542]],[[0.819563,0.495218,-0.288228],[-0.295371,0.796175,0.528073],[0.490992,-0.347655,0.798788]],[[0.819563,0.495218,-0.288228],[-0.557619,0.805053,-0.202363],[0.131825,0.32657,0.935935]]],0],[1731,[-0.295831,-0.827492,0.477223],173,58.8075,[-79.9809,130.708,30.5399],[-70.1644,118.367,47.2636],[97.257,-78.223,71.7515],false,[-4.15865,119.731,100.579],[-29.6814,160.477,44.8933],[-65.7605,146.145,26.4909],[-72.9108,126.144,38.0256],[-69.4883,115.18,50.6742],[[[0.535304,-0.545744,-0.644681],[0.770127,0.628828,0.107144],[0.34692,-0.553841,0.756906]],[[0.542172,-0.55677,-0.629331],[0.0285381,0.760734,-0.648436],[0.839783,0.333604,0.428338]],[[0.542172,-0.55677,-0.629331],[-0.786469,-0.072561,-0.613352],[0.295831,0.827492,-0.477223]],[[0.542172,-0.55677,-0.629331],[-0.81604,-0.527443,-0.236394],[-0.200319,0.641726,-0.740311]]],1],[1732,[-0.382858,-0.688171,0.616313],173,67.0064,[-77.818,114.729,32.6388],[-68.2423,104.082,49.0285],[96.9494,-45.8888,63.4982],false,[3.46842,114.48,92.4624],[-15.4719,147.484,33.9849],[-58.6674,131.415,19.8703],[-69.5545,111.846,37.3961],[-67.5596,101.577,53.0071],[[[0.438069,-0.714702,-0.545249],[0.856969,0.515198,0.0132024],[0.271476,-0.473045,0.83817]],[[0.442397,-0.72225,-0.531639],[0.0342618,0.605984,-0.794739],[0.896165,0.333375,0.292831]],[[0.442397,-0.72225,-0.531639],[-0.81099,-0.0691127,-0.580964],[0.382858,0.688171,-0.616313]],[[0.442397,-0.72225,-0.531639],[-0.890514,-0.423947,-0.165084],[-0.106155,0.546465,-0.830727]]],2],[1733,[-0.460198,-0.567347,0.682887],173,64.4285,[-62.869,105.299,34.0322],[-54.6003,94.3604,47.0648],[76.81,-51.6399,37.1513],false,[9.37258,106.595,85.1211],[-2.2238,129.889,28.1412],[-42.6088,116.281,14.7188],[-55.3572,100.565,33.6362],[-54.7742,92.5391,50.4986],[[[0.407388,-0.813315,-0.415396],[0.894295,0.447477,0.000925374],[0.185128,-0.371863,0.90964]],[[0.409761,-0.818083,-0.403531],[0.122868,0.487841,-0.864242],[0.90388,0.304551,0.300414]],[[0.409761,-0.818083,-0.403531],[-0.7876,-0.0941165,-0.608956],[0.460198,0.567347,-0.682887]],[[0.409761,-0.818083,-0.403531],[-0.911659,-0.382404,-0.150483],[-0.0312043,0.429544,-0.902506]]],3],[1734,[-0.875407,-0.0472145,-0.481075],173,50.5107,[-49.723,123.249,-23.1651],[-51.9275,109.025,-11.0382],[37.9094,-129.666,52.8684],false,[10.3407,93.625,79.3423],[6.30884,110.677,24.068],[-23.6751,110.071,5.33645],[-40.797,109.148,-4.07281],[-56.1199,108.051,-11.8903],[[[0.272675,-0.913569,-0.301727],[0.95959,0.280907,0.0166659],[0.0695318,-0.294079,0.953249]],[[0.26443,-0.879881,-0.394825],[0.459352,0.474886,-0.750652],[0.847981,0.0171311,0.529749]],[[0.26443,-0.879881,-0.394825],[0.404647,0.472844,-0.782739],[0.875407,0.0472145,0.481075]],[[0.26443,-0.879881,-0.394825],[0.373928,0.470913,-0.799011],[0.888963,0.063646,0.453536]]],4]],[[0,200,0],[235.247,235.247,147.751]]],[255815,4617887431,[[173,"right",[-0.144766,0.525153,-0.838605],[-0.818078,-0.540275,-0.19711],[-12.9114,129.386,51.8637],[115.228,-60.2325,-25.4321],[-20.4076,135.919,48.9943],0.842384,0.960897,0.506577,[[0.225898,-0.594653,-0.771594],[0.491553,0.753418,-0.436734],[0.841039,-0.280621,0.462499]],63.72,[229.763,22.582,219.004],[2.68279,98.3497,94.1288]]],[[1730,[-0.504634,0.336051,-0.795245],173,52.1164,[-73.4524,153.818,35.9718],[-68.808,146.871,39.5302],[62.083,-56.9226,21.6792],false,[-21.5244,109.462,109.347],[-21.5244,109.462,109.347],[-50.3061,141.027,83.5205],[-67.5119,152.485,56.4062],[-71.0083,144.519,34.6798],[[[0.927432,0.321131,-0.191688],[-0.0255871,0.565829,0.824125],[0.373114,-0.759416,0.532985]],[[0.815066,0.489126,-0.310519],[-0.056708,0.600741,0.79743],[0.576586,-0.632349,0.517381]],[[0.815066,0.489126,-0.310519],[-0.284625,0.804876,0.520733],[0.504634,-0.336051,0.795245]],[[0.815066,0.489126,-0.310519],[-0.559775,0.803045,-0.204378],[0.149394,0.340403,0.928336]]],0],[1731,[-0.294433,-0.817104,0.495631],173,58.8075,[-79.4356,130.016,31.4681],[-69.3728,118.089,47.8505],[95.0169,-66.4579,71.2456],false,[-2.58817,120.343,100.132],[-28.6983,160.144,44.0372],[-65.0792,145.449,26.5366],[-72.1958,125.7,38.5162],[-68.7033,114.931,51.3129],[[[0.524381,-0.560001,-0.641423],[0.773994,0.627469,0.0849443],[0.354904,-0.541001,0.76247]],[[0.531574,-0.571015,-0.625597],[0.018627,0.746295,-0.665355],[0.846807,0.342032,0.407347]],[[0.531574,-0.571015,-0.625597],[-0.79419,-0.0792677,-0.602477],[0.294433,0.817104,-0.495631]],[[0.531574,-0.571015,-0.625597],[-0.821978,-0.526012,-0.218321],[-0.204407,0.63028,-0.748976]]],1],[1732,[-0.377213,-0.67486,0.634251],173,67.0064,[-77.3788,114.28,33.3623],[-67.4218,103.999,49.7528],[96.4902,-36.0416,68.7985],false,[4.90773,114.908,92.0142],[-14.6891,146.888,33.1855],[-58.1346,130.739,19.9576],[-68.8612,111.549,37.9934],[-66.6963,101.566,53.7668],[[[0.427827,-0.726651,-0.537533],[0.859108,0.511731,-0.00799952],[0.280885,-0.458377,0.843205]],[[0.432309,-0.733961,-0.523843],[0.0259204,0.590808,-0.806396],[0.901353,0.335034,0.274436]],[[0.432309,-0.733961,-0.523843],[-0.819036,-0.0765917,-0.568607],[0.377213,0.67486,-0.634251]],[[0.432309,-0.733961,-0.523843],[-0.894336,-0.423216,-0.145091],[-0.115208,0.531215,-0.839367]]],2],[1733,[-0.455241,-0.552849,0.697935],173,64.4285,[-62.4025,104.701,34.7445],[-53.9121,94.2014,47.6783],[77.0031,-42.8064,45.4756],false,[10.6809,106.862,84.744],[-1.59105,129.131,27.4967],[-42.1973,115.492,14.7931],[-54.8084,100.177,34.1273],[-54.0665,92.4484,51.1218],[[[0.39851,-0.82268,-0.405447],[0.895996,0.443635,-0.0194998],[0.195912,-0.355508,0.913911]],[[0.400994,-0.82718,-0.393671],[0.115016,0.471794,-0.874175],[0.908832,0.305261,0.284325]],[[0.400994,-0.82718,-0.393671],[-0.794959,-0.100653,-0.598256],[0.455241,0.552849,-0.697935]],[[0.400994,-0.82718,-0.393671],[-0.91522,-0.380366,-0.133022],[-0.0397061,0.413637,-0.909576]]],3],[1734,[-0.882743,-0.0536599,-0.466782],173,50.5107,[-50.028,121.532,-21.7279],[-51.9708,107.659,-10.4943],[27.252,-136.266,55.7767],false,[11.5194,93.7