{"metadata":{"formatVersion":2,"generatedBy":"LeapJS Playback 0.2.1","frames":105,"protocolVersion":6,"serviceVersion":"2.2.6+29154","frameRate":"1.1e+2","modified":"Thu Jun 04 2015 14:53:53 GMT-0300 (E. South America Standard Time)"},"frames":[["id","timestamp",{"hands":[["id","type","direction","palmNormal","palmPosition","palmVelocity","stabilizedPalmPosition","pinchStrength","grabStrength","confidence","armBasis","armWidth","elbow","wrist"]]},{"pointables":[["id","direction","handId","length","stabilizedTipPosition","tipPosition","tipVelocity","tool","carpPosition","mcpPosition","pipPosition","dipPosition","btipPosition","bases","type"]]},{"interactionBox":["center","size"]}],[256148,4620960567,[[173,"right",[-0.201471,0.635617,-0.745252],[-0.968001,-0.245419,0.0523749],[-36.5651,139.302,57.6803],[61.0475,-48.1837,-76.0015],[-39.8731,139.431,67.7216],0.477461,0.829497,0.41657,[[0.193711,-0.746367,-0.63672],[0.55517,0.618495,-0.556102],[0.808865,-0.245765,0.53417]],63.72,[198.03,34.1026,236.857],[-20.3635,100.459,92.6307]]],[[1730,[-0.665632,0.497178,-0.556551],173,52.1164,[-104.57,155.872,54.9047],[-100.992,160.833,55.1837],[43.7564,-109.977,-74.7827],false,[-34.3935,116.5,114.696],[-34.3935,116.5,114.696],[-67.6342,141.178,86.8068],[-90.3293,158.13,67.8309],[-105.066,160.158,49.7635],[[[0.886695,0.0490007,-0.459751],[0.391127,0.450771,0.802387],[0.24656,-0.891294,0.380531]],[[0.742017,0.361313,-0.56468],[0.0772897,0.790602,0.607433],[0.665911,-0.494369,0.558715]],[[0.742017,0.361313,-0.56468],[0.0796575,0.788839,0.609416],[0.665632,-0.497178,0.556551]],[[0.742017,0.361313,-0.56468],[-0.229983,0.928407,0.291836],[0.629697,-0.0866807,0.77199]]],0],[1731,[0.0675429,-0.740506,0.668647],173,58.8075,[-82.3321,126.243,73.8979],[-75.6431,137.013,82.3011],[120.775,33.6442,26.871],false,[-16.4151,122.197,100.337],[-43.2569,174.048,55.5768],[-84.4249,162.136,58.5869],[-82.7924,144.238,74.7484],[-72.5529,134.988,84.8233],[[[0.113657,-0.614845,-0.780415],[0.924103,0.353883,-0.144221],[0.364849,-0.704793,0.608402]],[[0.13592,-0.6571,-0.741448],[-0.251618,0.700958,-0.667343],[0.958235,0.277267,-0.0700643]],[[0.13592,-0.6571,-0.741448],[-0.988415,-0.140962,-0.0562672],[-0.0675429,0.740506,-0.668647]],[[0.13592,-0.6571,-0.741448],[-0.788898,-0.524501,0.320215],[-0.599304,0.541403,-0.589676]]],1],[1732,[0.0704932,-0.657213,0.750401],173,67.0064,[-77.1161,113.521,67.3964],[-74.1858,125.079,78.9352],[85.147,24.6395,36.9014],false,[-13.6725,115.725,90.2266],[-37.8934,158.528,40.7411],[-84.9071,151.498,48.7138],[-82.9025,132.809,70.0525],[-71.1569,123.15,81.0929],[[[0.00269098,-0.755671,-0.654945],[0.937801,0.229282,-0.260691],[0.347164,-0.613507,0.709286]],[[0.000754266,-0.752237,-0.658892],[-0.220531,0.642545,-0.733827],[0.97538,0.14586,-0.165407]],[[0.000754266,-0.752237,-0.658892],[-0.997512,-0.0470134,0.0525319],[-0.0704932,0.657213,-0.750401]],[[0.000754266,-0.752237,-0.658892],[-0.780597,-0.412273,0.469786],[-0.625034,0.513975,-0.587505]]],2],[1733,[0.0515406,-0.510718,0.858202],173,64.4285,[-68.4341,106.356,59.5005],[-67.5935,114.557,71.9453],[75.6545,1.23346,44.9357],false,[-13.08,107.197,81.4034],[-33.3241,138.431,31.0212],[-77.2586,134.762,38.2714],[-75.8308,120.615,62.0453],[-64.2225,113.011,74.5563],[[[-0.0169534,-0.852837,-0.521901],[0.946185,0.155033,-0.284074],[0.323181,-0.498632,0.804314]],[[-0.0125121,-0.859607,-0.510803],[-0.181432,0.504315,-0.844244],[0.983324,0.0821128,-0.16227]],[[-0.0125121,-0.859607,-0.510803],[-0.998593,-0.0155891,0.0506948],[-0.0515406,0.510718,-0.858202]],[[-0.0125121,-0.859607,-0.510803],[-0.783473,-0.308983,0.539165],[-0.621299,0.406947,-0.669613]]],3],[1734,[-0.945104,0.162039,-0.283764],173,50.5107,[-92.9402,134.225,0.104184],[-96.112,129.675,2.01813],[-92.3655,-147.482,96.9532],false,[-18.0659,95.1773,75.6391],[-32.9723,118.045,24.4812],[-65.4771,124.27,12.0327],[-83.9622,127.44,6.48265],[-100.466,130.089,2.27254],[[[-0.135537,-0.918631,-0.371144],[0.95684,-0.024168,-0.289608],[0.257073,-0.394378,0.882258]],[[-0.0954327,-0.967403,-0.234571],[0.381876,0.182037,-0.906109],[0.919273,-0.17605,0.352056]],[[-0.0954327,-0.967403,-0.234571],[0.312524,0.194614,-0.92976],[0.945104,-0.162039,0.283764]],[[-0.0954327,-0.967403,-0.234571],[0.272337,0.201282,-0.940913],[0.957458,-0.153676,0.244251]]],4]],[[0,200,0],[235.247,235.247,147.751]]],[256149,4620969570,[[173,"right",[-0.2105,0.626787,-0.750218],[-0.967466,-0.243741,0.0678176],[-36.2147,138.905,57.1898],[54.9725,-47.0407,-70.0894],[-39.858,139.429,67.6782],0.474619,0.837406,0.423177,[[0.186438,-0.755249,-0.628362],[0.5591,0.607473,-0.564255],[0.807866,-0.246119,0.535516]],63.72,[198.526,34.0181,236.984],[-19.5983,100.47,92.3952]]],[[1730,[-0.671921,0.484622,-0.560057],173,52.1164,[-104.435,155.996,54.8474],[-100.705,160.026,54.782],[42.6221,-105.143,-66.2577],false,[-33.3278,116.792,114.445],[-33.3278,116.792,114.445],[-66.8818,140.852,86.3913],[-89.7914,157.375,67.2959],[-104.764,159.303,49.4119],[[[0.88073,0.0425062,-0.471708],[0.401861,0.460009,0.79177],[0.250645,-0.886896,0.388062]],[[0.735965,0.352229,-0.578178],[0.080734,0.802251,0.591502],[0.672188,-0.482004,0.561992]],[[0.735965,0.352229,-0.578178],[0.0829292,0.800673,0.593335],[0.671921,-0.484622,0.560057]],[[0.735965,0.352229,-0.578178],[-0.221531,0.932282,0.285963],[0.639749,-0.0823742,0.764157]]],0],[1731,[0.077737,-0.731906,0.676957],173,58.8075,[-81.7362,127.032,74.5269],[-74.8866,136.978,82.3489],[110.807,23.5667,20.4223],false,[-15.5311,122.295,99.7863],[-42.9015,173.631,54.7531],[-84.035,161.791,58.4439],[-82.1561,144.101,74.8062],[-71.7552,134.993,84.8457],[[[0.103016,-0.624341,-0.774329],[0.922485,0.351135,-0.160394],[0.372035,-0.697784,0.612118]],[[0.125868,-0.666373,-0.734918],[-0.259782,0.692819,-0.672693],[0.957429,0.275589,-0.0859085]],[[0.125868,-0.666373,-0.734918],[-0.988997,-0.142337,-0.0403214],[-0.077737,0.731906,-0.676957]],[[0.125868,-0.666373,-0.734918],[-0.783315,-0.52134,0.338559],[-0.608748,0.533059,-0.5876]]],1],[1732,[0.0790041,-0.648325,0.757253],173,67.0064,[-76.9993,113.879,67.7398],[-73.5781,124.996,79.0734],[79.5601,15.0977,30.8035],false,[-12.9251,115.699,89.7207],[-37.7441,157.927,40.0381],[-84.6644,151.064,48.6786],[-82.4178,132.628,70.2122],[-70.5439,123.086,81.2171],[[[-0.00644864,-0.763525,-0.645746],[0.934564,0.225123,-0.275517],[0.355736,-0.605268,0.712111]],[[-0.00849063,-0.760038,-0.649823],[-0.228777,0.634087,-0.738644],[0.973442,0.142393,-0.179263]],[[-0.00849063,-0.760038,-0.649823],[-0.996838,-0.0449091,0.0655508],[-0.0790041,0.648325,-0.757253]],[[-0.00849063,-0.760038,-0.649823],[-0.775039,-0.405623,0.484546],[-0.631856,0.507753,-0.585615]]],2],[1733,[0.0670842,-0.499981,0.863434],173,64.4285,[-68.4177,106.415,59.5896],[-66.8987,114.384,72.1381],[77.0268,-4.89437,38.8839],false,[-12.4543,107.064,80.9943],[-33.3188,137.71,30.5036],[-77.1459,134.138,38.4222],[-75.2875,120.288,62.341],[-63.4418,112.862,74.7358],[[[-0.0244618,-0.859057,-0.511295],[0.942579,0.150588,-0.298107],[0.333086,-0.489229,0.806045]],[[-0.0197559,-0.86588,-0.499862],[-0.193414,0.493825,-0.847778],[0.980918,0.0799317,-0.177229]],[[-0.0197559,-0.86588,-0.499862],[-0.997552,-0.016475,0.0679644],[-0.0670842,0.499981,-0.863434]],[[-0.0197559,-0.86588,-0.499862],[-0.773077,-0.303809,0.556823],[-0.634004,0.397433,-0.66339]]],3],[1734,[-0.949872,0.158706,-0.269363],173,50.5107,[-93.8876,132.914,0.971397],[-96.5901,128.617,2.70287],[-80.99,-139.014,91.5967],false,[-17.525,94.9814,75.4404],[-33.07,117.246,24.2064],[-65.7892,123.323,12.2566],[-84.3675,126.427,6.98815],[-100.94,129.027,3.02712],[[[-0.141149,-0.9229,-0.358236],[0.952999,-0.0286777,-0.301612],[0.268084,-0.383971,0.88357]],[[-0.0992834,-0.970101,-0.221466],[0.365912,0.171377,-0.914734],[0.925339,-0.171855,0.337956]],[[-0.0992834,-0.970101,-0.221466],[0.296457,0.183621,-0.937228],[0.949872,-0.158706,0.269363]],[[-0.0992834,-0.970101,-0.221466],[0.25634,0.190118,-0.947705],[0.961474,-0.150862,0.2298]]],4]],[[0,200,0],[235.247,235.247,147.751]]],[256150,4620979059,[[173,"right",[-0.221862,0.615466,-0.756293],[-0.966548,-0.241182,0.0872694],[-35.5182,138.287,56.7277],[60.2636,-52.2367,-63.9478],[-39.8349,139.423,67.62],0.471519,0.84713,0.430648,[[0.177503,-0.766473,-0.617261],[0.562823,0.593586,-0.575227],[0.807294,-0.245304,0.536752]],63.72,[199.588,34.1423,237.171],[-18.3811,100.374,92.2481]]],[[1730,[-0.677642,0.469079,-0.566363],173,52.1164,[-104.232,156.064,54.7458],[-99.9032,158.649,54.1532],[59.1757,-120.027,-68.9013],false,[-31.7294,117.055,114.263],[-31.7294,117.055,114.263],[-65.5856,140.183,85.7921],[-88.6901,156.177,66.4816],[-103.857,157.727,48.7251],[[[0.873,0.0338758,-0.486542],[0.415268,0.471547,0.777944],[0.255781,-0.88119,0.397593]],[[0.730146,0.337326,-0.594221],[0.0829318,0.819467,0.567094],[0.67824,-0.463341,0.570355]],[[0.730146,0.337326,-0.594221],[0.0876876,0.816197,0.571081],[0.677642,-0.469079,0.566363]],[[0.730146,0.337326,-0.594221],[-0.216582,0.939056,0.266956],[0.648058,-0.0662195,0.758706]]],0],[1731,[0.0900703,-0.720875,0.687188],173,58.8075,[-80.9852,127.877,75.2281],[-73.688,136.82,82.5603],[115.402,11.9871,20.5981],false,[-14.1663,122.304,99.2343],[-42.1992,172.981,53.8638],[-83.2719,161.236,58.4283],[-81.0949,143.812,75.0379],[-70.5095,134.873,85.0357],[[[0.0896146,-0.636365,-0.766165],[0.920205,0.347205,-0.180751],[0.381039,-0.688831,0.616701]],[[0.113217,-0.678108,-0.726189],[-0.270582,0.68222,-0.679235],[0.956016,0.273395,-0.106245]],[[0.113217,-0.678108,-0.726189],[-0.989479,-0.143209,-0.0205378],[-0.0900703,0.720875,-0.687188]],[[0.113217,-0.678108,-0.726189],[-0.776746,-0.516163,0.360889],[-0.619554,0.523206,-0.585157]]],1],[1732,[0.089898,-0.636835,0.765741],173,67.0064,[-76.8291,114.281,68.1452],[-72.547,124.789,79.4032],[87.166,4.19102,31.7437],false,[-11.7327,115.55,89.2308],[-37.3017,157.045,39.3114],[-84.091,150.406,48.7966],[-81.5347,132.297,70.5715],[-69.5008,122.903,81.5297],[[[-0.0179239,-0.773381,-0.633687],[0.930251,0.219414,-0.294095],[0.366487,-0.594759,0.715506]],[[-0.0200868,-0.769857,-0.6379],[-0.239356,0.623177,-0.744553],[0.970724,0.13773,-0.196788]],[[-0.0200868,-0.769857,-0.6379],[-0.995748,-0.0419646,0.0820006],[-0.089898,0.636835,-0.765741]],[[-0.0200868,-0.769857,-0.6379],[-0.767804,-0.396779,0.503035],[-0.64037,0.499886,-0.583129]]],2],[1733,[0.0831723,-0.486444,0.869744],173,64.4285,[-68.3847,106.494,59.7174],[-65.8757,114.067,72.5234],[85.9458,-13.3718,39.1907],false,[-11.4149,106.781,80.6323],[-33.058,136.676,30.0197],[-76.7517,133.285,38.7163],[-74.4476,119.809,62.81],[-62.3606,112.581,75.0881],[[[-0.0338719,-0.866801,-0.497503],[0.937802,0.144527,-0.315659],[0.345516,-0.477251,0.807992]],[[-0.0288966,-0.873578,-0.485825],[-0.206911,0.480729,-0.852108],[0.977933,0.0758996,-0.194645]],[[-0.0288966,-0.873578,-0.485825],[-0.996116,-0.0152745,0.0867141],[-0.0831723,0.486444,-0.869744]],[[-0.0288966,-0.873578,-0.485825],[-0.762012,-0.2953,0.576313],[-0.646918,0.386858,-0.657144]]],3],[1734,[-0.955505,0.154784,-0.251101],173,50.5107,[-94.6923,131.569,1.88753],[-96.9055,127.186,3.73784],[-66.6814,-142.264,97.3536],false,[-16.5907,94.6213,75.3487],[-32.9378,116.117,24.0361],[-65.9121,122.016,12.7149],[-84.6006,125.044,7.80368],[-101.255,127.588,4.15939],[[[-0.148138,-0.928097,-0.341602],[0.947933,-0.0347874,-0.316563],[0.281918,-0.370711,0.884927]],[[-0.103969,-0.973357,-0.204368],[0.345741,0.157295,-0.925052],[0.932552,-0.166835,0.320175]],[[-0.103969,-0.973357,-0.204368],[0.276044,0.169168,-0.946141],[0.955505,-0.154784,0.251101]],[[-0.103969,-0.973357,-0.204368],[0.235955,0.175476,-0.955789],[0.966186,-0.147594,0.211425]]],4]],[[0,200,0],[235.247,235.247,147.751]]],[256151,4620987758,[[173,"right",[-0.233052,0.606535,-0.760133],[-0.964408,-0.244561,0.100538],[-35.2048,138.185,55.7956],[53.7979,-41.4391,-75.4735],[-39.8119,139.417,67.5612],0.468769,0.854579,0.43629,[[0.1738,-0.772791,-0.610399],[0.568295,0.584916,-0.578717],[0.80426,-0.246306,0.540833]],63.72,[199.649,34.2194,237.54],[-17.5015,100.722,91.5151]]],[[1730,[-0.681699,0.451542,-0.575671],173,52.1164,[-104.006,156.058,54.5704],[-99.4355,157.31,52.6893],[63.9067,-131.82,-98.6855],false,[-30.6808,117.572,113.503],[-30.6808,117.572,113.503],[-64.7434,139.767,84.5389],[-87.9863,155.162,64.911],[-103.198,156.174,47.1544],[[[0.867383,0.0326798,-0.496566],[0.421714,0.481495,0.768322],[0.264203,-0.875839,0.40386]],[[0.726755,0.327209,-0.603955],[0.0786798,0.83381,0.546416],[0.682376,-0.444629,0.580231]],[[0.726755,0.327209,-0.603955],[0.0843464,0.830087,0.551218],[0.681699,-0.451542,0.575671]],[[0.726755,0.327209,-0.603955],[-0.222134,0.943962,0.244117],[0.649988,-0.0432547,0.758713]]],0],[1731,[0.10284,-0.712725,0.693864],173,58.8075,[-80.2365,128.655,75.8306],[-73.0027,136.828,82.0835],[105.654,9.13831,0.2228],false,[-13.3097,122.742,98.2255],[-42.0757,172.817,52.6457],[-83.0323,160.915,57.8092],[-80.5467,143.688,74.5802],[-69.7823,134.924,84.5422],[[[0.0840159,-0.64393,-0.760457],[0.916546,0.349394,-0.194595],[0.391005,-0.680645,0.619547]],[[0.10839,-0.685379,-0.720074],[-0.281861,0.673429,-0.683409],[0.953313,0.277036,-0.120188]],[[0.10839,-0.685379,-0.720074],[-0.988775,-0.149261,-0.00676785],[-0.10284,0.712725,-0.693864]],[[0.10839,-0.685379,-0.720074],[-0.768975,-0.516861,0.376206],[-0.630023,0.512942,-0.583062]]],1],[1732,[0.101324,-0.628455,0.771218],173,67.0064,[-76.6344,114.685,68.5384],[-71.9141,124.763,79.0133],[83.064,2.10978,11.2046],false,[-10.9564,115.895,88.2662],[-37.2673,156.751,38.2061],[-83.9186,150.007,48.2778],[-81.0373,132.136,70.2084],[-68.8383,122.91,81.1269],[[[-0.0214184,-0.780033,-0.625372],[0.925917,0.220472,-0.306708],[0.377119,-0.585612,0.717523]],[[-0.0236766,-0.776512,-0.629658],[-0.250362,0.61437,-0.748244],[0.967863,0.139926,-0.208955]],[[-0.0236766,-0.776512,-0.629658],[-0.994572,-0.0455397,0.093559],[-0.101324,0.628455,-0.771218]],[[-0.0236766,-0.776512,-0.629658],[-0.760284,-0.394992,0.515703],[-0.649159,0.490929,-0.581017]]],2],[1733,[0.0977722,-0.476739,0.87359],173,64.4285,[-68.3359,106.589,59.8676],[-65.1649,114.011,72.1584],[84.9916,-11.68,17.546],false,[-10.694,107.038,79.7564],[-33.0338,136.305,29.08],[-76.6066,132.797,38.3197],[-73.8981,119.591,62.5199],[-61.5942,112.567,74.7008],[[[-0.035427,-0.872094,-0.488054],[0.933571,0.145398,-0.327575],[0.356639,-0.467238,0.80901]],[[-0.0302236,-0.878814,-0.476207],[-0.219129,0.47066,-0.85467],[0.975228,0.0785198,-0.206799]],[[-0.0302236,-0.878814,-0.476207],[-0.99475,-0.0201568,0.100332],[-0.0977722,0.476739,-0.87359]],[[-0.0302236,-0.878814,-0.476207],[-0.751951,-0.293891,0.590084],[-0.658526,0.375919,-0.651942]]],3],[1734,[-0.960102,0.146904,-0.237957],173,50.5107,[-95.3198,130.418,2.56528],[-97.2193,126.201,3.88989],[-57.9099,-134.524,76.243],false,[-15.8725,94.8008,74.6576],[-32.886,115.686,23.3095],[-66.0643,121.285,12.4407],[-84.8427,124.158,7.78654],[-101.564,126.573,4.37028],[[[-0.147674,-0.932266,-0.330261],[0.944511,-0.0338689,-0.326728],[0.293412,-0.360184,0.885538]],[[-0.101611,-0.976009,-0.192566],[0.330498,0.149455,-0.931898],[0.938321,-0.158334,0.307383]],[[-0.101611,-0.976009,-0.192566],[0.260537,0.160703,-0.951995],[0.960102,-0.146904,0.237957]],[[-0.101611,-0.976009,-0.192566],[0.220419,0.166669,-0.96106],[0.970098,-0.1401,0.198196]]],4]],[[0,200,0],[235.247,235.247,147.751]]],[256152,4620996843,[[173,"right",[-0.238352,0.593718,-0.768562],[-0.964235,-0.239138,0.1143],[-35.0423,138.002,54.4922],[43.8588,-35.5399,-94.2924],[-39.7903,139.41,67.5019],0.465604,0.860752,0.41184,[[0.16438,-0.784606,-0.597806],[0.575491,0.568497,-0.587895],[0.801117,-0.247394,0.544984]],63.72,[199.18,34.3214,237.848],[-17.1221,101.118,90.7024]]],[[1730,[-0.679302,0.44295,-0.585102],173,52.1164,[-103.746,156.024,54.3021],[-98.828,156.689,50.7507],[71.1367,-112.592,-131.344],false,[-30.0251,118.407,112.512],[-30.0251,118.407,112.512],[-64.002,139.87,82.9037],[-87.1632,154.973,62.9543],[-102.382,155.495,45.1823],[[[0.862577,0.0205762,-0.505507],[0.430939,0.493576,0.755429],[0.26505,-0.869459,0.416881]],[[0.727839,0.304746,-0.614313],[0.0833818,0.849853,0.520383],[0.68066,-0.429977,0.593146]],[[0.727839,0.304746,-0.614313],[0.0938021,0.843164,0.529411],[0.679302,-0.44295,0.585102]],[[0.727839,0.304746,-0.614313],[-0.217696,0.952172,0.214423],[0.650276,-0.0223323,0.75937]]],0],[1731,[0.108846,-0.700106,0.705694],173,58.8075,[-79.4521,129.463,76.3411],[-72.5126,137.265,81.1835],[91.3286,19.8914,-27.5269],false,[-12.7866,123.239,96.9762],[-41.821,172.598,50.7899],[-82.7586,160.922,56.5835],[-80.1278,144,73.6404],[-69.2715,135.397,83.6426],[[[0.0742648,-0.657724,-0.749589],[0.915824,0.342451,-0.209748],[0.394653,-0.670915,0.627791]],[[0.0990179,-0.698746,-0.708484],[-0.286767,0.66174,-0.692723],[0.95287,0.271762,-0.134853]],[[0.0990179,-0.698746,-0.708484],[-0.989115,-0.146992,0.00673244],[-0.108846,0.700106,-0.705694]],[[0.0990179,-0.698746,-0.708484],[-0.765807,-0.508139,0.394125],[-0.635402,0.503537,-0.585419]]],1],[1732,[0.106795,-0.615014,0.781251],173,67.0064,[-76.4051,115.145,68.9403],[-71.5624,125.136,78.297],[70.6723,12.4955,-13.8265],false,[-10.5554,116.205,87.1187],[-37.2115,156.259,36.594],[-83.785,149.868,47.2409],[-80.7481,132.38,69.4569],[-68.4729,123.305,80.4166],[[[-0.03032,-0.790998,-0.611067],[0.923637,0.211512,-0.319621],[0.382067,-0.574095,0.724182]],[[-0.0326446,-0.787489,-0.615463],[-0.255545,0.601899,-0.75658],[0.966246,0.132581,-0.220888]],[[-0.0326446,-0.787489,-0.615463],[-0.993745,-0.0402249,0.104177],[-0.106795,0.615014,-0.781251]],[[-0.0326446,-0.787489,-0.615463],[-0.756472,-0.382988,0.53016],[-0.65321,0.482888,-0.583212]]],2],[1733,[0.111247,-0.461112,0.880341],173,64.4285,[-68.2623,106.718,60.0578],[-64.6864,114.235,71.5772],[77.4864,-2.55987,-4.13716],false,[-10.4079,107.197,78.7667],[-33.1403,135.638,27.7946],[-76.6014,132.393,37.6372],[-73.5196,119.62,62.0244],[-61.0244,112.809,74.1315],[[[-0.043306,-0.880538,-0.471993],[0.930819,0.136049,-0.339214],[0.362905,-0.45403,0.81373]],[[-0.037928,-0.887164,-0.459893],[-0.228829,0.455706,-0.860215],[0.972728,0.0726105,-0.220293]],[[-0.037928,-0.887164,-0.459893],[-0.993069,-0.0177721,0.116183],[-0.111247,0.461112,-0.880341]],[[-0.037928,-0.887164,-0.459893],[-0.742504,-0.282984,0.607131],[-0.668767,0.364499,-0.64799]]],3],[1734,[-0.962874,0.145371,-0.227466],173,50.5107,[-95.9444,129.253,3.08514],[-97.6873,125.277,3.66917],[-55.5455,-124.961,48.3923],false,[-15.6796,94.8903,73.9385],[-33.1222,114.918,22.3931],[-66.4286,120.417,11.8708],[-85.2613,123.26,7.42188],[-102.022,125.661,4.19154],[[[-0.154212,-0.937463,-0.31206],[0.941133,-0.0432134,-0.335264],[0.300812,-0.345392,0.888941]],[[-0.106796,-0.979008,-0.173602],[0.318333,0.131743,-0.93878],[0.941944,-0.155521,0.297581]],[[-0.106796,-0.979008,-0.173602],[0.247928,0.142864,-0.958187],[0.962874,-0.145371,0.227466]],[[-0.106796,-0.979008,-0.173602],[0.207659,0.148788,-0.96682],[0.972354,-0.139302,0.18741]]],4]],[[0,200,0],[235.247,235.247,147.751]]],[256153,4621023802,[[173,"right",[-0.248033,0.512819,-0.821886],[-0.967817,-0.168421,0.186986],[-33.1056,136.384,50.3632],[61.1405,-50.6718,-130.653],[-39.7162,139.377,67.3121],0.461929,0.868151,0.418308,[[0.080129,-0.854813,-0.512712],[0.601151,0.451738,-0.659204],[0.795108,-0.255396,0.55007]],63.72,[199.472,34.0451,238.354],[-15.2067,103.002,89.8356]]],[[1730,[-0.680333,0.408182,-0.608715],173,52.1164,[-102.966,156.027,53.4326],[-95.6433,157.426,46.5841],[101.344,-27.3316,-141.774],false,[-26.0229,123.427,110.007],[-26.0229,123.427,110.007],[-60.1538,142.838,79.1847],[-83.3502,156.755,58.4301],[-99.3182,155.853,41.344],[[[0.834358,-0.0880357,-0.544147],[0.495389,0.552672,0.670181],[0.241735,-0.828736,0.504739]],[[0.713808,0.180676,-0.676635],[0.151561,0.903402,0.401116],[0.683745,-0.388871,0.617472]],[[0.713808,0.180676,-0.676635],[0.16621,0.894843,0.414284],[0.680333,-0.408182,0.608715]],[[0.713808,0.180676,-0.676635],[-0.157985,0.982787,0.0957612],[0.68229,0.0385432,0.730065]]],0],[1731,[0.112323,-0.617666,0.778378],173,58.8075,[-76.1605,132.853,77.0632],[-68.9931,140.925,78.6903],[115.707,90.8292,-68.7675],false,[-9.40984,125.418,93.2168],[-38.2812,170.644,42.8826],[-79.3885,162.07,51.9624],[-76.6736,147.141,70.7761],[-65.724,139.176,81.1969],[[[0.000284279,-0.74376,-0.668446],[0.91978,0.262517,-0.291703],[0.392435,-0.61474,0.68417]],[[0.0252141,-0.781311,-0.623632],[-0.289582,0.591376,-0.752607],[0.956821,0.199569,-0.211343]],[[0.0252141,-0.781311,-0.623632],[-0.993352,-0.0896745,0.0721854],[-0.112323,0.617666,-0.778378]],[[0.0252141,-0.781311,-0.623632],[-0.767238,-0.415044,0.488963],[-0.640867,0.466146,-0.609916]]],1],[1732,[0.116463,-0.525048,0.843066],173,67.0064,[-75.0173,117.57,70.345],[-68.9141,128.494,77.2094],[87.4076,80.0817,-30.8753],false,[-8.07182,117.167,84.1749],[-35.2814,152.525,30.5367],[-81.4866,150.099,44.0453],[-78.1748,135.169,68.0191],[-65.8187,126.74,79.3956],[[[-0.103503,-0.853758,-0.510279],[0.914979,0.119435,-0.385421],[0.390002,-0.506786,0.768808]],[[-0.105944,-0.850567,-0.515084],[-0.264297,0.523454,-0.810027],[0.958605,0.0503178,-0.280259]],[[-0.105944,-0.850567,-0.515084],[-0.987528,0.0293296,0.154685],[-0.116463,0.525048,-0.843066]],[[-0.105944,-0.850567,-0.515084],[-0.74595,-0.274541,0.606783],[-0.657522,0.448512,-0.605394]]],2],[1733,[0.146433,-0.360677,0.921124],173,64.4285,[-67.6543,107.618,61.0997],[-62.5262,116.476,71.5708],[81.0841,47.7659,-0.755636],false,[-8.83327,107.253,76.9591],[-32.7519,130.819,24.0787],[-75.6533,131.118,36.5544],[-71.5968,121.127,62.0714],[-58.6819,115.122,74.1643],[[[-0.113661,-0.925588,-0.361064],[0.917212,0.041917,-0.396189],[0.381842,-0.376204,0.844196]],[[-0.107585,-0.931445,-0.347615],[-0.257755,0.363821,-0.895096],[0.960202,-0.00669902,-0.279226]],[[-0.107585,-0.931445,-0.347615],[-0.983353,0.0481964,0.175197],[-0.146433,0.360677,-0.921124]],[[-0.107585,-0.931445,-0.347615],[-0.71458,-0.17065,0.67842],[-0.691232,0.321386,-0.647232]]],3],[1734,[-0.9659,0.172444,-0.193132],173,50.5107,[-97.8679,124.937,4.69811],[-99.0288,121.422,4.73534],[-50.3245,-132.353,43.2185],false,[-14.9813,94.7912,73.8851],[-34.0885,109.644,21.1918],[-67.6257,115.767,11.8088],[-86.5175,119.14,8.03137],[-103.295,122.098,5.41052],[[[-0.218681,-0.957026,-0.190472],[0.918475,-0.135959,-0.371375],[0.329519,-0.256157,0.908736]],[[-0.165893,-0.98489,-0.0497181],[0.269962,0.00313442,-0.962866],[0.948472,-0.173154,0.265363]],[[-0.165893,-0.98489,-0.0497181],[0.198787,0.0159836,-0.979912],[0.9659,-0.172444,0.193132]],[[-0.165893,-0.98489,-0.0497181],[0.158285,0.0231695,-0.987122],[0.973358,-0.171626,0.15205]]],4]],[[0,200,0],[235.247,235.247,147.751]]],[256154,4621032844,[[173,"right",[-0.255337,0.49204,-0.832286],[-0.966668,-0.146699,0.209837],[-32.7015,135.408,49.062],[56.607,-66.4569,-134.309],[-39.6905,139.362,67.2451],0.461006,0.871475,0.421633,[[0.0595737,-0.872193,-0.485521],[0.603883,0.418777,-0.678197],[0.794844,-0.252795,0.551651]],63.72,[200.014,34.6754,238.133],[-14.5937,102.93,89.1877]]],[[1730,[-0.684065,0.400571,-0.609589],173,52.1164,[-102.727,156.021,53.1643],[-94.8938,157.199,45.6299],[95.9604,-26.8401,-130.115],false,[-24.6972,124.125,108.929],[-24.6972,124.125,108.929],[-59.0489,143.091,78.0745],[-82.3725,156.749,57.2902],[-98.6495,155.555,40.5163],[[[0.822374,-0.118083,-0.556559],[0.516788,0.564193,0.643907],[0.237972,-0.817155,0.525001]],[[0.70463,0.146867,-0.694209],[0.172979,0.913276,0.368788],[0.688167,-0.379943,0.618117]],[[0.70463,0.146867,-0.694209],[0.188552,0.904419,0.382721],[0.684065,-0.400571,0.609589]],[[0.70463,0.146867,-0.694209],[-0.140667,0.987841,0.0662092],[0.695492,0.0509993,0.716722]]],0],[1731,[0.11784,-0.595734,0.794491],173,58.8075,[-75.1497,133.823,77.1681],[-67.9385,141.39,77.9009],[115.986,79.6952,-74.3781],false,[-8.37583,125.338,91.7822],[-37.4691,169.51,40.6463],[-78.5256,161.887,50.7468],[-75.6774,147.488,69.95],[-64.6509,139.665,80.3971],[[[-0.024292,-0.763327,-0.645555],[0.918165,0.238402,-0.316445],[0.395452,-0.600413,0.695069]],[[0.000929741,-0.799998,-0.600001],[-0.294544,0.573165,-0.764673],[0.955637,0.177438,-0.235102]],[[0.000929741,-0.799998,-0.600001],[-0.993032,-0.0714427,0.0937177],[-0.11784,0.595734,-0.794491]],[[0.000929741,-0.799998,-0.600001],[-0.763875,-0.387787,0.515864],[-0.645363,0.457847,-0.61146]]],1],[1732,[0.123968,-0.501622,0.856158],173,67.0064,[-74.519,118.371,70.7657],[-68.11,128.907,76.8009],[87.5279,69.6427,-34.4786],false,[-7.3417,116.799,82.9707],[-34.9944,150.982,28.8003],[-80.9582,149.711,43.2566],[-77.433,135.447,67.6027],[-65.0087,127.153,79.0039],[[[-0.126808,-0.86681,-0.482246],[0.909299,0.0926803,-0.405691],[0.396352,-0.48995,0.776437]],[[-0.129371,-0.86362,-0.487261],[-0.271868,0.503453,-0.820136],[0.953599,0.0263687,-0.299923]],[[-0.129371,-0.86362,-0.487261],[-0.983817,0.0503574,0.171956],[-0.123968,0.501622,-0.856158]],[[-0.129371,-0.86362,-0.487261],[-0.739016,-0.243662,0.62808],[-0.661149,0.441349,-0.606706]]],2],[1733,[0.16177,-0.335229,0.928145],173,64.4285,[-67.408,107.95,61.475],[-61.8854,116.618,71.4249],[78.8421,37.9515,-4.50124],false,[-8.39838,106.688,76.0731],[-32.9353,129.054,22.9555],[-75.5512,130.395,36.3105],[-71.0699,121.109,62.022],[-57.9826,115.27,74.0106],[[[-0.135283,-0.933966,-0.330766],[0.910087,0.014848,-0.414151],[0.391714,-0.357054,0.847982]],[[-0.12889,-0.939653,-0.316921],[-0.271354,0.340808,-0.90012],[0.953811,-0.0300187,-0.298905]],[[-0.12889,-0.939653,-0.316921],[-0.978375,0.0683602,0.195215],[-0.16177,0.335229,-0.928145]],[[-0.12889,-0.939653,-0.316921],[-0.701965,-0.139285,0.698459],[-0.700451,0.312492,-0.641652]]],3],[1734,[-0.966927,0.182399,-0.178277],173,50.5107,[-98.4076,123.806,5.14237],[-99.7426,120.177,5.2695],[-57.4201,-132.65,47.8295],false,[-14.8022,94.243,73.4911],[-34.6651,107.828,20.7351],[-68.2911,114.216,11.8606],[-87.203,117.783,8.37366],[-103.984,120.936,6.01221],[[[-0.237538,-0.958542,-0.157391],[0.908974,-0.162202,-0.384],[0.342551,-0.234279,0.90982]],[[-0.182403,-0.983085,-0.0165126],[0.24972,-0.0300766,-0.967851],[0.950983,-0.180662,0.250982]],[[-0.182403,-0.983085,-0.0165126],[0.178274,-0.0165518,-0.983842],[0.966927,-0.182399,0.178277]],[[-0.182403,-0.983085,-0.0165126],[0.137704,-0.00891381,-0.990433],[0.973533,-0.182932,0.137001]]],4]],[[0,200,0],[235.247,235.247,147.751]]],[256155,4621041879,[[173,"right",[-0.264034,0.469558,-0.842497],[-0.964513,-0.127703,0.231099],[-32.059,134.421,48.2029],[60.6036,-78.2367,-123.504],[-39.6598,139.343,67.1685],0.459644,0.876661,0.431122,[[0.0392795,-0.887332,-0.459455],[0.603128,0.387657,-0.697107],[0.796677,-0.249728,0.550402]],63.72,[201.461,35.5304,237.599],[-13.6415,102.957,88.99]]],[[1730,[-0.688563,0.389911,-0.611433],173,52.1164,[-102.481,156.002,52.9007],[-93.9576,156.688,44.97],[98.1731,-34.6529,-112.357],false,[-23.1284,124.876,108.241],[-23.1284,124.876,108.241],[-57.7391,143.232,77.3071],[-81.216,156.526,56.4599],[-97.7747,154.974,39.9939],[[[0.810793,-0.145694,-0.566911],[0.535131,0.576941,0.617069],[0.237171,-0.803687,0.545745]],[[0.695072,0.11444,-0.709774],[0.190083,0.922866,0.334944],[0.693357,-0.367726,0.619705]],[[0.695072,0.11444,-0.709774],[0.206776,0.913714,0.349815],[0.688563,-0.389911,0.611433]],[[0.695072,0.11444,-0.709774],[-0.127595,0.991213,0.0348651],[0.707527,0.0663302,0.703566]]],0],[1731,[0.125775,-0.57234,0.810314],173,58.8075,[-74.0732,134.752,77.2111],[-66.6472,141.743,77.4595],[123.323,68.2597,-67.8143],false,[-7.10166,125.352,90.7827],[-36.5537,168.308,38.8229],[-77.509,161.518,49.8827],[-74.469,147.684,69.4683],[-63.3384,140.055,79.9478],[[[-0.0452435,-0.782375,-0.621162],[0.915254,0.216715,-0.339624],[0.400329,-0.583887,0.706267]],[[-0.0195804,-0.818073,-0.574781],[-0.301442,0.55297,-0.77676],[0.953283,0.158054,-0.257429]],[[-0.0195804,-0.818073,-0.574781],[-0.991866,-0.0564267,0.1141],[-0.125775,0.57234,-0.810314]],[[-0.0195804,-0.818073,-0.574781],[-0.758431,-0.362436,0.541684],[-0.651459,0.446538,-0.613355]]],1],[1732,[0.132908,-0.477041,0.868773],173,67.0064,[-73.9306,119.205,71.1942],[-67.0315,129.203,76.7682],[95.8617,58.2087,-24.8463],false,[-6.33057,116.535,82.2223],[-34.52,149.395,27.5131],[-80.2086,149.126,42.8675],[-76.4292,135.561,67.5723],[-63.9265,127.449,79.0187],[[[-0.146103,-0.879472,-0.452972],[0.902996,0.0684535,-0.424161],[0.404045,-0.471003,0.784158]],[[-0.148877,-0.876214,-0.458351],[-0.28168,0.481891,-0.829722],[0.947888,0.00558216,-0.318554]],[[-0.148877,-0.876214,-0.458351],[-0.979883,0.0684216,0.187476],[-0.132908,0.477041,-0.868773]],[[-0.148877,-0.876214,-0.458351],[-0.731566,-0.214267,0.647225],[-0.665317,0.431671,-0.609109]]],2],[1733,[0.178566,-0.308538,0.934301],173,64.4285,[-67.0924,108.319,61.9038],[-60.8743,116.673,71.7014],[88.1965,28.1717,6.52546],false,[-7.6351,106.231,75.6596],[-32.837,127.274,22.3131],[-75.1345,129.511,36.532],[-70.1879,120.964,62.414],[-56.9225,115.342,74.3103],[[[-0.152705,-0.941839,-0.299367],[0.90267,-0.00960517,-0.430227],[0.402329,-0.335927,0.851636]],[[-0.145901,-0.947368,-0.284968],[-0.287225,0.316208,-0.904165],[0.946686,-0.0500688,-0.318243]],[[-0.145901,-0.947368,-0.284968],[-0.97305,0.08543,0.214184],[-0.178566,0.308538,-0.934301]],[[-0.145901,-0.947368,-0.284968],[-0.688936,-0.109427,0.716515],[-0.709986,0.300865,-0.63671]]],3],[1734,[-0.968242,0.18904,-0.163621],173,50.5107,[-98.8944,122.614,5.72206],[-100.106,118.716,6.30227],[-51.8202,-139.712,66.0571],false,[-14.2374,93.7965,73.5751],[-34.8685,106.013,20.7794],[-68.5947,112.55,12.4071],[-87.5323,116.247,9.20687],[-104.32,119.538,7.10091],[[[-0.252147,-0.959768,-0.123558],[0.899905,-0.185619,-0.39461],[0.3558,-0.21069,0.910503]],[[-0.194489,-0.980743,0.017798],[0.22893,-0.0630269,-0.9714],[0.953816,-0.184852,0.236779]],[[-0.194489,-0.980743,0.017798],[0.157106,-0.0490552,-0.986363],[0.968242,-0.18904,0.163621]],[[-0.194489,-0.980743,0.017798],[0.116427,-0.041097,-0.992349],[0.973971,-0.190928,0.122178]]],4]],[[0,200,0],[235.247,235.247,147.751]]],[256156,4621050887,[[173,"right",[-0.273483,0.44871,-0.850804],[-0.961773,-0.114533,0.248748],[-31.2862,133.542,47.8134],[67.5244,-83.5551,-101.448],[-39.6598,139.343,67.1685],0.458441,0.880333,0.43417,[[0.022099,-0.898467,-0.438484],[0.600768,0.362506,-0.712508],[0.799118,-0.247682,0.547781]],63.72,[203.291,36.1761,237.055],[-12.4713,103.05,89.1537]]],[[1730,[-0.694019,0.377808,-0.612861],173,52.1164,[-102.203,155.962,52.6274],[-93.0182,155.976,44.7247],[100.047,-46.3341,-87.0682],false,[-21.5186,125.545,107.947],[-21.5186,125.545,107.947],[-56.4275,143.232,76.959],[-80.0905,156.114,56.0632],[-96.8826,154.195,39.8746],[[[0.801168,-0.166649,-0.574768],[0.548253,0.589401,0.593317],[0.239893,-0.790465,0.563574]],[[0.686029,0.088799,-0.722135],[0.200754,0.930892,0.305186],[0.69933,-0.354338,0.620792]],[[0.686029,0.088799,-0.722135],[0.218407,0.921616,0.320815],[0.694019,-0.377808,0.612861]],[[0.686029,0.088799,-0.722135],[-0.120646,0.992668,0.00745172],[0.717502,0.0820107,0.691712]]],0],[1731,[0.135134,-0.551108,0.823419],173,58.8075,[-72.9094,135.636,77.2395],[-65.3309,141.897,77.3776],[129.46,54.0682,-52.0709],false,[-5.75344,125.437,90.2463],[-35.6914,167.197,37.5934],[-76.5156,160.99,49.4519],[-73.2494,147.669,69.3543],[-61.9987,140.253,79.8588],[[[-0.0598877,-0.798386,-0.59916],[0.911492,0.200958,-0.358884],[0.406934,-0.567622,0.715688]],[[-0.0336898,-0.833117,-0.55207],[-0.30972,0.533893,-0.786786],[0.950231,0.144481,-0.27602]],[[-0.0336898,-0.833117,-0.55207],[-0.990254,-0.0468625,0.131149],[-0.135134,0.551108,-0.823419]],[[-0.0336898,-0.833117,-0.55207],[-0.751837,-0.342818,0.56322],[-0.658487,0.434042,-0.614819]]],1],[1732,[0.14331,-0.454966,0.878902],173,67.0064,[-73.2294,120.061,71.6598],[-65.8231,129.305,77.0618],[106.323,43.9995,-7.58479],false,[-5.17101,116.389,81.9155],[-33.9564,147.974,26.7673],[-79.3767,148.396,42.8949],[-75.3015,135.458,67.8877],[-62.6966,127.556,79.3687],[[[-0.158863,-0.890216,-0.42694],[0.896958,0.0505772,-0.439213],[0.412588,-0.452722,0.790452]],[[-0.161873,-0.886885,-0.432704],[-0.292964,0.461908,-0.837146],[0.942321,-0.0087443,-0.334596]],[[-0.161873,-0.886885,-0.432704],[-0.97635,0.0802593,0.200746],[-0.14331,0.454966,-0.878902]],[[-0.161873,-0.886885,-0.432704],[-0.723796,-0.191344,0.662953],[-0.670758,0.420503,-0.61095]]],2],[1733,[0.192137,-0.28444,0.939243],173,64.4285,[-66.7012,108.713,62.3912],[-59.7721,116.627,72.2358],[97.0918,18.6287,21.568],false,[-6.64398,105.923,75.6523],[-32.502,125.71,22.1395],[-74.5404,128.604,36.9939],[-69.2179,120.724,63.0128],[-55.8018,115.337,74.8482],[[[-0.163577,-0.948398,-0.271633],[0.896011,-0.0276115,-0.443172],[0.412803,-0.315879,0.854292]],[[-0.156417,-0.953716,-0.256825],[-0.30044,0.293647,-0.907473],[0.940888,-0.0647836,-0.332465]],[[-0.156417,-0.953716,-0.256825],[-0.968823,0.0975679,0.227735],[-0.192137,0.28444,-0.939243]],[[-0.156417,-0.953716,-0.256825],[-0.678185,-0.0853319,0.72992],[-0.718052,0.288347,-0.633449]]],3],[1734,[-0.969771,0.191259,-0.151537],173,50.5107,[-99.2454,121.396,6.43068],[-100.102,117.204,7.55091],[-36.6673,-146.796,85.5836],false,[-13.3611,93.4846,74.0013],[-34.7005,104.431,21.2084],[-68.5242,110.97,13.2419],[-87.4918,114.711,10.278],[-104.294,118.061,8.38504],[[[-0.260483,-0.960897,-0.0939485],[0.892588,-0.202584,-0.402798],[0.368015,-0.18878,0.910454]],[[-0.200471,-0.978528,0.0479037],[0.211605,-0.0909901,-0.973111],[0.956574,-0.184944,0.225302]],[[-0.200471,-0.978528,0.0479037],[0.139121,-0.0768345,-0.98729],[0.969771,-0.191259,0.151537]],[[-0.200471,-0.978528,0.0479037],[0.0981559,-0.0687115,-0.992796],[0.97477,-0.194325,0.109823]]],4]],[[0,200,0],[235.247,235.247,147.751]]],[256157,4621060918,[[173,"right",[-0.283528,0.415483,-0.864284],[-0.958559,-0.0965882,0.268023],[-30.8568,132.445,46.4428],[60.091,-91.307,-112.029],[-39.6598,139.343,67.1685],0.457341,0.882483,0.438887,[[-0.00193561,-0.912907,-0.408163],[0.59908,0.325754,-0.731429],[0.800687,-0.245938,0.546273]],63.72,[204.568,37.1286,236.205],[-11.6178,103.532,88.7117]]],[[1730,[-0.699964,0.357262,-0.618397],173,52.1164,[-101.89,155.89,52.2932],[-92.4199,155.055,43.2322],[87.8967,-59.9342,-103.209],false,[-20.2052,126.851,106.698],[-20.2052,126.851,106.698],[-55.4362,143.454,75.4747],[-79.3019,155.635,54.3901],[-96.3411,153.145,38.541],[[[0.790817,-0.196486,-0.579657],[0.561769,0.60895,0.559996],[0.24295,-0.768488,0.591948]],[[0.676037,0.052266,-0.735012],[0.211768,0.941621,0.261734],[0.705782,-0.332593,0.625502]],[[0.676037,0.052266,-0.735012],[0.230271,0.932541,0.278107],[0.699964,-0.357262,0.618397]],[[0.676037,0.052266,-0.735012],[-0.113581,0.992952,-0.0338597],[0.728061,0.106374,0.677209]]],0],[1731,[0.145051,-0.51763,0.84322],173,58.8075,[-71.6551,136.538,77.1013],[-64.3238,142.282,76.1608],[120.569,49.2236,-73.3115],false,[-4.72094,125.891,88.7763],[-35.1769,165.685,34.9122],[-75.8488,160.285,47.6558],[-72.3429,147.774,68.0368],[-60.9681,140.717,78.654],[[[-0.0750883,-0.821858,-0.564722],[0.907186,0.178805,-0.380844],[0.413974,-0.540905,0.732152]],[[-0.0483274,-0.854922,-0.5165],[-0.318509,0.503299,-0.80327],[0.946687,0.12569,-0.296623]],[[-0.0483274,-0.854922,-0.5165],[-0.988243,-0.0341682,0.149023],[-0.145051,0.51763,-0.84322]],[[-0.0483274,-0.854922,-0.5165],[-0.744604,-0.313831,0.58913],[-0.665754,0.413059,-0.621412]]],1],[1732,[0.154261,-0.419962,0.894335],173,67.0064,[-72.376,121.025,72.104],[-64.9294,129.658,76.3946],[101.058,40.2449,-24.2434],false,[-4.33515,116.503,80.8179],[-33.7519,146.02,24.8629],[-78.8834,147.431,41.728],[-74.4968,135.488,67.1597],[-61.7799,127.957,78.7659],[[[-0.172014,-0.905739,-0.387359],[0.8903,0.0253666,-0.454667],[0.421636,-0.423075,0.802016]],[[-0.175264,-0.902446,-0.39354],[-0.304247,0.429808,-0.850117],[0.936331,-0.0292619,-0.349896]],[[-0.175264,-0.902446,-0.39354],[-0.972361,0.0960373,0.212817],[-0.154261,0.419962,-0.894335]],[[-0.175264,-0.902446,-0.39354],[-0.715075,-0.158071,0.680942],[-0.67672,0.400756,-0.617612]]],2],[1733,[0.207422,-0.247036,0.946546],173,64.4285,[-66.1854,109.189,62.9619],[-58.9447,116.754,72.0249],[92.4953,16.2579,9.666],false,[-5.98231,105.801,75.0152],[-32.5322,123.573,21.1357],[-74.2694,127.373,36.6222],[-68.5234,120.53,62.8434],[-54.9435,115.535,74.6643],[[[-0.174714,-0.957444,-0.22973],[0.888722,-0.0529088,-0.455382],[0.423848,-0.283728,0.860146]],[[-0.167204,-0.962304,-0.214509],[-0.315304,0.258337,-0.913151],[0.934145,-0.085047,-0.346613]],[[-0.167204,-0.962304,-0.214509],[-0.963856,0.113772,0.240908],[-0.207422,0.247036,-0.946546]],[[-0.167204,-0.962304,-0.214509],[-0.666164,-0.0501242,0.744119],[-0.726821,0.267317,-0.632671]]],3],[1734,[-0.97092,0.192129,-0.142834],173,50.5107,[-99.628,119.793,7.16881],[-100.441,114.999,8.07547],[-35.0336,-167.675,74.8083],false,[-12.8148,93.3584,73.9822],[-34.8998,102.292,21.1171],[-68.8097,108.749,13.4552],[-87.7997,112.507,10.6616],[-104.609,115.903,8.9187],[[[-0.268909,-0.961856,-0.0502117],[0.88466,-0.22604,-0.407777],[0.380873,-0.154075,0.9117]],[[-0.206342,-0.974115,0.0923195],[0.19422,-0.133247,-0.971866],[0.959011,-0.182607,0.216687]],[[-0.206342,-0.974115,0.0923195],[0.121399,-0.119108,-0.985432],[0.97092,-0.192129,0.142834]],[[-0.206342,-0.974115,0.0923195],[0.0803105,-0.110892,-0.990582],[0.975178,-0.196985,0.101113]]],4]],[[0,200,0],[235.247,235.247,147.751]]],[256158,4621068969,[[173,"right",[-0.3052,0.386777,-0.870205],[-0.951513,-0.0870052,0.295046],[-30.534,131.645,44.8558],[55.0982,-93.3106,-133.268],[-39.6309,139.318,67.0978],0.456527,0.883882,0.445276,[[-0.0209271,-0.923662,-0.382635],[0.601701,0.294012,-0.742639],[0.798447,-0.245773,0.549616]],63.72,[205.345,37.7783,235.961],[-10.2354,104.137,87.5645]]],[[1730,[-0.71478,0.336654,-0.612987],173,52.1164,[-101.643,155.81,52.0153],[-92.1328,154.056,42.3401],[74.6223,-75.8347,-103.115],false,[-18.3725,128.046,104.977],[-18.3725,128.046,104.977],[-54.3592,143.577,74.0658],[-78.73,155.055,53.1656],[-96.149,152.026,37.8316],[[[0.776051,-0.216132,-0.59248],[0.575547,0.626813,0.525215],[0.257858,-0.748593,0.610833]],[[0.657924,0.0265147,-0.752617],[0.217736,0.95,0.223809],[0.720921,-0.311122,0.619255]],[[0.657924,0.0265147,-0.752617],[0.237118,0.941255,0.240445],[0.71478,-0.336654,0.612987]],[[0.657924,0.0265147,-0.752617],[-0.114791,0.991233,-0.0654266],[0.744284,0.129439,0.6552]]],0],[1731,[0.167041,-0.489328,0.855953],173,58.8075,[-70.6799,137.176,76.8881],[-63.2088,142.488,75.0633],[124.904,43.3247,-89.6713],false,[-3.34279,126.482,86.7143],[-35.1477,164.488,32.3409],[-75.4818,159.534,46.2831],[-71.4444,147.707,66.9718],[-59.7942,141.004,77.5203],[[[-0.0891035,-0.840086,-0.535085],[0.897312,0.165469,-0.409208],[0.43231,-0.5166,0.739075]],[[-0.0610703,-0.871619,-0.486365],[-0.338939,0.47643,-0.811255],[0.938824,0.115304,-0.324521]],[[-0.0610703,-0.871619,-0.486365],[-0.984057,-0.0289695,0.175479],[-0.167041,0.489328,-0.855953]],[[-0.0610703,-0.871619,-0.486365],[-0.72892,-0.293933,0.618287],[-0.681869,0.39228,-0.61739]]],1],[1732,[0.177153,-0.390529,0.903385],173,67.0064,[-71.6296,121.775,72.3916],[-63.8155,129.85,75.7555],[110.22,35.2735,-37.0754],false,[-3.15533,116.835,79.0646],[-33.9721,144.499,22.9169],[-78.6411,146.47,40.9189],[-73.6035,135.364,66.6079],[-60.6062,128.207,78.1397],[[[-0.181533,-0.917974,-0.352661],[0.878603,0.009678,-0.477454],[0.441703,-0.396523,0.804778]],[[-0.185091,-0.914744,-0.359144],[-0.32696,0.40196,-0.855293],[0.926735,-0.0408817,-0.373484]],[[-0.185091,-0.914744,-0.359144],[-0.966622,0.103585,0.234333],[-0.177153,0.390529,-0.903385]],[[-0.185091,-0.914744,-0.359144],[-0.698123,-0.134817,0.70317],[-0.691639,0.380877,-0.613651]]],2],[1733,[0.233472,-0.215464,0.948191],173,64.4285,[-65.6908,109.594,63.4276],[-57.8464,116.814,71.6936],[103.274,13.8257,-2.33755],false,[-4.94585,105.947,73.6633],[-32.8426,121.94,19.9069],[-74.1348,126.247,36.4197],[-67.6672,120.278,62.6864],[-53.7806,115.678,74.3094],[[[-0.180267,-0.96442,-0.193385],[0.877021,-0.068577,-0.475532],[0.445351,-0.255326,0.858179]],[[-0.172155,-0.968895,-0.177779],[-0.340947,0.227926,-0.912033],[0.924185,-0.0963978,-0.369581]],[[-0.172155,-0.968895,-0.177779],[-0.957002,0.121729,0.263303],[-0.233472,0