{"metadata":{"formatVersion":2,"generatedBy":"LeapJS Playback 0.2.1","frames":125,"protocolVersion":6,"serviceVersion":"2.2.6+29154","frameRate":"1.1e+2","modified":"Thu Jun 04 2015 14:54:09 GMT-0300 (E. South America Standard Time)"},"frames":[["id","timestamp",{"hands":[["id","type","direction","palmNormal","palmPosition","palmVelocity","stabilizedPalmPosition","pinchStrength","grabStrength","confidence","armBasis","armWidth","elbow","wrist"]]},{"pointables":[["id","direction","handId","length","stabilizedTipPosition","tipPosition","tipVelocity","tool","carpPosition","mcpPosition","pipPosition","dipPosition","btipPosition","bases","type"]]},{"interactionBox":["center","size"]}],[256433,4623609565,[[173,"right",[-0.157591,0.72708,-0.668221],[-0.863869,-0.429344,-0.26343],[-36.8255,141.449,62.3772],[35.3364,26.2134,-3.45447],[-41.5352,140.32,61.477],0.696205,0.493007,0.745348,[[0.425648,-0.529016,-0.734143],[0.384931,0.840096,-0.382186],[0.818933,-0.119918,0.56122]],63.72,[200.175,67.5798,245.825],[-20.9367,99.9576,94.2955]]],[[1730,[-0.662998,0.513187,-0.545044],173,52.1164,[-105.023,134.469,45.1506],[-103.555,147.654,51.6794],[36.055,214.368,68.6758],false,[-43.3663,108.106,113.572],[-43.3663,108.106,113.572],[-76.7195,134.477,87.4208],[-99.3248,151.975,68.8372],[-104.706,148.245,46.3681],[[[0.934436,0.310313,-0.174746],[0.0627979,0.339416,0.938538],[0.350552,-0.887977,0.297675]],[[0.720384,0.635424,-0.277998],[-0.186023,0.563147,0.805147],[0.668164,-0.528301,0.523885]],[[0.720384,0.635424,-0.277998],[-0.203669,0.576953,0.790977],[0.662998,-0.513187,0.545044]],[[0.720384,0.635424,-0.277998],[-0.654351,0.755542,0.0313178],[0.229939,0.159347,0.960071]]],0],[1731,[0.090119,-0.876343,0.473182],173,58.8075,[-79.0678,119.473,62.136],[-78.0102,130.519,70.1294],[10.4805,116.213,60.9914],false,[-24.3024,119.96,105.961],[-50.8774,173.967,63.6587],[-88.7627,158.414,50.6747],[-86.5845,137.233,62.1117],[-75.9364,128.413,72.1489],[[[0.445179,-0.406057,-0.798081],[0.81935,0.544261,0.180127],[0.361222,-0.734096,0.574997]],[[0.438114,-0.391792,-0.809046],[-0.174471,0.845844,-0.504091],[0.881825,0.362004,0.30222]],[[0.438114,-0.391792,-0.809046],[-0.894391,-0.280218,-0.34863],[-0.090119,0.876343,-0.473183]],[[0.438114,-0.391792,-0.809046],[-0.647807,-0.761591,0.0180112],[-0.623219,0.516215,-0.587469]]],1],[1732,[0.012032,-0.772811,0.634522],173,67.0064,[-73.0278,110.261,55.8245],[-74.5586,119.49,67.2908],[-5.7152,82.1469,94.0922],false,[-17.6978,116.373,96.2076],[-38.492,163.176,48.8302],[-83.3627,148.026,39.8653],[-83.0206,126.05,57.9089],[-72.2495,117.01,70.3752],[[[0.343643,-0.588297,-0.731995],[0.890548,0.451528,0.0551893],[0.298048,-0.670842,0.679071]],[[0.345416,-0.592292,-0.727927],[-0.118639,0.741887,-0.659946],[0.93092,0.314317,0.185991]],[[0.345416,-0.592292,-0.727927],[-0.938372,-0.227933,-0.259815],[-0.012032,0.772811,-0.634522]],[[0.345416,-0.592292,-0.727927],[-0.743075,-0.646372,0.173329],[-0.573173,0.481034,-0.663384]]],2],[1733,[-0.0641633,-0.65847,0.749867],173,64.4285,[-59.1044,105.648,50.5775],[-63.2422,111.152,61.2706],[-32.8216,62.3863,86.2398],false,[-12.9395,110.138,86.7517],[-27.0194,146.777,37.935],[-69.3302,135.08,29.6136],[-71.1077,116.84,50.3864],[-61.2609,109.401,64.4148],[[[0.31564,-0.712958,-0.626149],[0.921872,0.386728,0.0243698],[0.224775,-0.584921,0.779322]],[[0.32035,-0.725238,-0.609431],[-0.0244716,0.636785,-0.770653],[0.946983,0.261792,0.186246]],[[0.32035,-0.725238,-0.609431],[-0.945124,-0.201116,-0.257474],[0.0641633,0.65847,-0.749867]],[[0.32035,-0.725238,-0.609431],[-0.787166,-0.561706,0.254667],[-0.527015,0.398141,-0.750825]]],3],[1734,[-0.729406,0.081855,-0.679166],173,50.5107,[-65.7932,141.537,-21.4806],[-69.2161,134.81,-18.0777],[-52.5017,-69.0279,30.9971],false,[-13.3421,98.8612,78.0779],[-20.2222,128.642,28.8028],[-44.4107,132.429,3.29088],[-58.677,134.03,-9.99279],[-71.7064,135.167,-21.2198],[[[0.182846,-0.829897,-0.527104],[0.975955,0.217923,-0.004561],[0.118653,-0.513596,0.849788]],[[0.204217,-0.921489,-0.330384],[0.700238,0.373352,-0.608502],[0.684077,-0.107081,0.721507]],[[0.204217,-0.921489,-0.330384],[0.652888,0.379682,-0.655423],[0.729406,-0.081855,0.679166]],[[0.204217,-0.921489,-0.330384],[0.622008,0.382756,-0.683084],[0.755911,-0.0660042,0.651339]]],4]],[[0,200,0],[235.247,235.247,147.751]]],[256434,4623617783,[[173,"right",[-0.149922,0.719348,-0.678279],[-0.873151,-0.418165,-0.250489],[-36.5912,141.628,62.3097],[33.6013,25.0719,-4.66304],[-41.3611,140.366,61.5063],0.685449,0.493304,0.669861,[[0.411557,-0.547709,-0.728448],[0.396969,0.827203,-0.397682],[0.820388,-0.125502,0.557865]],63.72,[200.317,66.4753,245.377],[-21.1878,100.361,94.7531]]],[[1730,[-0.65575,0.528077,-0.539562],173,52.1164,[-104.772,136.824,46.1328],[-103.271,149.883,52.2592],[34.7124,232.788,72.882],false,[-43.3274,109.196,114.062],[-43.3274,109.196,114.062],[-76.2155,136.083,87.8464],[-98.5737,154.088,69.4497],[-104.602,150.676,47.0948],[[[0.938356,0.291182,-0.186283],[0.075714,0.352682,0.932675],[0.337277,-0.889286,0.308894]],[[0.733927,0.61347,-0.291557],[-0.165142,0.577533,0.799489],[0.658847,-0.538619,0.525177]],[[0.733927,0.61347,-0.291557],[-0.177041,0.587188,0.789853],[0.65575,-0.528077,0.539562]],[[0.733927,0.61347,-0.291557],[-0.628491,0.776142,0.0510147],[0.257586,0.1458,0.955192]]],0],[1731,[0.0777177,-0.870603,0.48581],173,58.8075,[-79.0471,119.798,62.3559],[-77.9257,131.532,70.5155],[10.2878,118.019,57.6608],false,[-24.1178,120.596,106.131],[-50.0656,174.402,63.1874],[-88.3127,159.322,50.7174],[-86.4342,138.279,62.4596],[-75.8776,129.417,72.556],[[[0.432065,-0.426032,-0.794869],[0.830015,0.532548,0.165735],[0.352697,-0.731362,0.583708]],[[0.425164,-0.41181,-0.806007],[-0.163395,0.84095,-0.515854],[0.890246,0.35102,0.290254]],[[0.425164,-0.41181,-0.806007],[-0.901774,-0.26919,-0.338144],[-0.0777177,0.870603,-0.48581]],[[0.425164,-0.41181,-0.806007],[-0.66142,-0.749248,0.0339155],[-0.617866,0.51869,-0.590933]]],1],[1732,[0.00371407,-0.763466,0.645838],173,67.0064,[-73.0349,110.299,55.8733],[-74.6743,120.245,67.9455],[-7.7258,83.188,91.8628],false,[-17.6497,116.744,96.3867],[-37.981,163.169,48.4393],[-83.1504,148.505,40.1955],[-83.0448,126.795,58.5608],[-72.3877,117.708,71.091],[[[0.327873,-0.605427,-0.725229],[0.898653,0.436669,0.0417422],[0.291413,-0.665416,0.687241]],[[0.329379,-0.608868,-0.721657],[-0.11542,0.732611,-0.67079],[0.937117,0.304238,0.171031]],[[0.329379,-0.608868,-0.721657],[-0.944191,-0.215405,-0.249208],[-0.00371407,0.763466,-0.645838]],[[0.329379,-0.608868,-0.721657],[-0.754915,-0.628883,0.186035],[-0.567109,0.483514,-0.666785]]],2],[1733,[-0.0698121,-0.645612,0.760468],173,64.4285,[-59.1146,105.661,50.602],[-63.5665,111.71,61.9402],[-34.3222,62.6526,86.7437],false,[-13.0715,110.282,86.9947],[-26.8772,146.406,37.7176],[-69.4431,135.231,30.0028],[-71.377,117.346,51.0693],[-61.5938,109.926,65.1524],[[[0.298499,-0.727933,-0.617261],[0.928614,0.370863,0.0117076],[0.220397,-0.576692,0.786671]],[[0.303111,-0.740013,-0.600421],[-0.0224052,0.624354,-0.78082],[0.952692,0.250128,0.172668]],[[0.303111,-0.740013,-0.600421],[-0.950395,-0.188589,-0.247354],[0.0698121,0.645612,-0.760468]],[[0.303111,-0.740013,-0.600421],[-0.796211,-0.54286,0.267117],[-0.523614,0.397095,-0.753753]]],3],[1734,[-0.733002,0.084036,-0.675015],173,50.5107,[-65.9774,141.15,-21.3115],[-69.6902,134.315,-17.8015],[-54.189,-67.4779,31.8061],false,[-13.735,98.8822,78.5002],[-20.4649,128.016,28.8193],[-44.7782,131.828,3.43007],[-59.1148,133.471,-9.77242],[-72.2069,134.662,-20.9208],[[[0.164437,-0.840991,-0.515456],[0.979536,0.200712,-0.0149873],[0.116063,-0.502443,0.856785]],[[0.185691,-0.929929,-0.317414],[0.701937,0.351589,-0.61941],[0.687607,-0.107786,0.718038]],[[0.185691,-0.929929,-0.317414],[0.65439,0.35801,-0.666035],[0.733002,-0.084036,0.675015]],[[0.185691,-0.929929,-0.317414],[0.62339,0.36119,-0.693488],[0.759542,-0.0690983,0.646778]]],4]],[[0,200,0],[235.247,235.247,147.751]]],[256435,4623627386,[[173,"right",[-0.14202,0.71007,-0.68966],[-0.884605,-0.403689,-0.233472],[-36.1461,141.652,62.2779],[37.2994,18.5319,-4.27022],[-41.146,140.419,61.5381],0.678168,0.495522,0.671963,[[0.395162,-0.570022,-0.720362],[0.410628,0.811088,-0.416559],[0.821725,-0.131192,0.554578]],63.72,[200.596,65.2323,245.039],[-21.2696,100.654,95.303]]],[[1730,[-0.647498,0.539103,-0.538623],173,52.1164,[-104.361,139.953,47.3932],[-102.676,151.868,52.8567],[43.6286,225.848,69.8803],false,[-43.0003,110.311,114.683],[-43.0003,110.311,114.683],[-75.4157,137.608,88.3023],[-97.4925,155.989,69.9376],[-104.109,152.713,47.729],[[[0.942243,0.267477,-0.20158],[0.0935523,0.367721,0.925218],[0.3216,-0.890639,0.321459]],[[0.747141,0.588285,-0.309356],[-0.141734,0.595738,0.790574],[0.649378,-0.546824,0.528481]],[[0.747141,0.588285,-0.309356],[-0.15009,0.602735,0.783699],[0.647498,-0.539103,0.538623]],[[0.747141,0.588285,-0.309356],[-0.601548,0.796448,0.0617317],[0.282701,0.13997,0.948941]]],0],[1731,[0.0637207,-0.863393,0.500492],173,58.8075,[-79.0091,120.263,62.6653],[-77.6213,132.591,71.0948],[16.3285,115.795,58.7189],false,[-23.6404,121.15,106.34],[-48.9066,174.72,62.7009],[-87.6038,160.25,50.9145],[-86.0636,139.382,63.0116],[-75.6002,130.464,73.1558],[[[0.414038,-0.449507,-0.791528],[0.842987,0.517428,0.147109],[0.343432,-0.728156,0.593163]],[[0.407317,-0.435337,-0.802854],[-0.150972,0.834892,-0.529303],[0.900722,0.336802,0.274342]],[[0.407317,-0.435337,-0.802854],[-0.911061,-0.255017,-0.323935],[-0.0637207,0.863393,-0.500492]],[[0.407317,-0.435337,-0.802854],[-0.677526,-0.733513,0.0540045],[-0.612414,0.521958,-0.593725]]],1],[1732,[-0.00691522,-0.752979,0.658008],173,67.0064,[-73.044,110.349,55.9386],[-74.6804,121.01,68.7969],[-6.47045,80.744,91.8031],false,[-17.3644,116.984,96.5993],[-37.2289,162.965,48.0321],[-82.7721,148.994,40.6889],[-82.9687,127.582,59.4002],[-72.4528,118.405,71.9834],[[[0.306814,-0.625329,-0.717515],[0.908184,0.417873,0.0241611],[0.284721,-0.659049,0.696124]],[[0.307827,-0.627673,-0.715031],[-0.111618,0.72251,-0.682291],[0.944873,0.289838,0.152348]],[[0.307827,-0.627673,-0.715031],[-0.951417,-0.197608,-0.236128],[0.00691522,0.752979,-0.658008]],[[0.307827,-0.627673,-0.715031],[-0.769477,-0.606249,0.200915],[-0.559596,0.488353,-0.6696]]],2],[1733,[-0.0765362,-0.630367,0.772515],173,64.4285,[-59.1278,105.678,50.6342],[-63.8297,112.241,62.8143],[-32.8304,59.3978,89.4992],false,[-13.0296,110.257,87.2785],[-26.605,145.776,37.5003],[-69.4801,135.3,30.5531],[-71.6003,117.838,51.9533],[-61.891,110.421,66.0886],[[[0.276028,-0.745208,-0.60702],[0.936397,0.350906,-0.00498528],[0.216722,-0.567036,0.794671]],[[0.280573,-0.757096,-0.589987],[-0.0206055,0.609784,-0.792299],[0.959611,0.234455,0.155489]],[[0.280573,-0.757096,-0.589987],[-0.956776,-0.171592,-0.234809],[0.0765362,0.630367,-0.772515]],[[0.280573,-0.757096,-0.589987],[-0.80699,-0.518859,0.28205],[-0.519659,0.396978,-0.756547]]],3],[1734,[-0.739106,0.0870314,-0.667943],173,50.5107,[-66.2281,140.661,-21.0863],[-70.289,133.587,-17.323],[-57.9032,-71.105,38.0586],false,[-14.0305,98.7223,79.0011],[-20.686,127.095,28.8713],[-45.2232,130.946,3.7045],[-59.6792,132.648,-9.35967],[-72.8738,133.911,-20.3786],[[[0.140716,-0.853495,-0.501742],[0.983374,0.179243,-0.0291114],[0.11478,-0.489304,0.864527]],[[0.162288,-0.939399,-0.301979],[0.701505,0.325064,-0.634211],[0.69394,-0.108915,0.711747]],[[0.162288,-0.939399,-0.301979],[0.653747,0.331594,-0.680191],[0.739106,-0.0870314,0.667943]],[[0.162288,-0.939399,-0.301979],[0.622647,0.334907,-0.707212],[0.765489,-0.0732546,0.639265]]],4]],[[0,200,0],[235.247,235.247,147.751]]],[256436,4623636308,[[173,"right",[-0.136112,0.696717,-0.704314],[-0.897327,-0.387992,-0.210394],[-35.6491,141.998,61.9793],[42.3136,24.0545,-12.2276],[-40.9354,140.479,61.555],0.65824,0.498713,0.61103,[[0.375731,-0.596688,-0.709076],[0.428224,0.790341,-0.438162],[0.821858,-0.139013,0.552472]],63.72,[200.679,63.9186,244.921],[-21.2222,101.452,95.753]]],[[1730,[-0.641123,0.557865,-0.527018],173,52.1164,[-103.907,143.541,48.8144],[-102.175,155.128,53.9433],[43.4355,271.612,90.5373],false,[-42.4168,112.078,115.219],[-42.4168,112.078,115.219],[-74.4331,140,89.0064],[-96.2926,159.02,71.0374],[-103.97,156.37,49.0883],[[[0.944982,0.240191,-0.222075],[0.116521,0.387195,0.914605],[0.305666,-0.890162,0.337905]],[[0.759743,0.558376,-0.333178],[-0.106852,0.612653,0.783096],[0.641384,-0.559351,0.525122]],[[0.759743,0.558376,-0.333178],[-0.108406,0.614006,0.781821],[0.641123,-0.557865,0.527018]],[[0.759743,0.558376,-0.333178],[-0.561411,0.821819,0.0971115],[0.328036,0.11327,0.93785]]],0],[1731,[0.0506849,-0.852741,0.519869],173,58.8075,[-78.9524,120.817,63.0146],[-77.2062,134.129,71.6228],[24.37,131.236,59.1876],false,[-22.9412,122.254,106.328],[-47.6253,175.36,61.7991],[-86.8297,161.542,50.9436],[-85.6046,140.931,63.509],[-75.2063,131.999,73.7075],[[[0.39104,-0.477818,-0.786624],[0.857038,0.500612,0.121958],[0.33552,-0.721858,0.605267]],[[0.384474,-0.46376,-0.798189],[-0.139544,0.825517,-0.546854],[0.912528,0.321634,0.252675]],[[0.384474,-0.46376,-0.798189],[-0.921743,-0.240333,-0.304351],[-0.0506849,0.852741,-0.519869]],[[0.384474,-0.46376,-0.798189],[-0.694106,-0.715273,0.0812449],[-0.608601,0.522792,-0.596903]]],1],[1732,[-0.0159997,-0.73828,0.674305],173,67.0064,[-73.0535,110.409,56.013],[-74.6277,122.237,69.668],[-4.02303,94.8225,94.5086],false,[-16.9168,117.711,96.5977],[-36.4553,162.987,47.2433],[-82.4025,149.79,41.0828],[-82.8575,128.796,60.2576],[-72.457,119.577,72.906],[[[0.280903,-0.649244,-0.706806],[0.917968,0.396654,0.000473013],[0.280051,-0.648959,0.707407]],[[0.281424,-0.650453,-0.705487],[-0.110033,0.708477,-0.697103],[0.953254,0.273809,0.127811]],[[0.281424,-0.650453,-0.705487],[-0.95945,-0.178478,-0.218177],[0.0159997,0.73828,-0.674305]],[[0.281424,-0.650453,-0.705487],[-0.783891,-0.579877,0.221941],[-0.553457,0.490565,-0.673075]]],2],[1733,[-0.0803973,-0.610013,0.788302],173,64.4285,[-59.1419,105.698,50.6696],[-64.0697,113.193,63.7204],[-31.6652,71.3804,94.4352],false,[-12.886,110.664,87.3772],[-26.4015,145.307,36.9693],[-69.6095,135.605,31.0352],[-71.8366,118.706,52.8728],[-62.1513,111.359,67.0609],[[[0.249048,-0.765709,-0.593013],[0.944151,0.328365,-0.027476],[0.215764,-0.553051,0.804724]],[[0.253603,-0.777355,-0.575678],[-0.0217575,0.590399,-0.806818],[0.967064,0.217137,0.132813]],[[0.253603,-0.777355,-0.575678],[-0.963962,-0.153633,-0.217198],[0.0803973,0.610013,-0.788302]],[[0.253603,-0.777355,-0.575678],[-0.816682,-0.490997,0.303236],[-0.518378,0.393244,-0.75937]]],3],[1734,[-0.748092,0.088201,-0.657708],173,50.5107,[-66.5216,140.163,-20.8479],[-71.2313,132.84,-16.8627],[-72.6321,-75.7036,43.0984],false,[-14.2851,98.9635,79.3954],[-21.0558,126.291,28.7039],[-45.9321,130.104,3.86622],[-60.5639,131.829,-8.99775],[-73.9066,133.136,-19.8314],[[[0.112899,-0.868232,-0.483143],[0.986722,0.155113,-0.0481725],[0.116767,-0.471289,0.874215]],[[0.135578,-0.949907,-0.281595],[0.697612,0.293346,-0.653671],[0.703531,-0.107821,0.702437]],[[0.135578,-0.949907,-0.281595],[0.649598,0.29983,-0.698659],[0.748092,-0.088201,0.657708]],[[0.135578,-0.949907,-0.281595],[0.618391,0.303193,-0.725028],[0.774087,-0.0758383,0.62852]]],4]],[[0,200,0],[235.247,235.247,147.751]]],[256437,4623644927,[[173,"right",[-0.134753,0.685343,-0.715644],[-0.905126,-0.379037,-0.192556],[-35.3125,142.158,61.7561],[41.4515,22.6091,-15.8467],[-40.7308,140.54,61.5623],0.644947,0.504489,0.568929,[[0.362033,-0.615272,-0.700265],[0.440457,0.774984,-0.453208],[0.821541,-0.14436,0.551571]],63.72,[200.764,63.0699,245.039],[-21.0521,102.047,96.1148]]],[[1730,[-0.63591,0.56723,-0.523324],173,52.1164,[-103.389,147.219,50.2207],[-101.697,157.228,54.5454],[47.0973,265.919,86.2243],false,[-41.8614,113.335,115.624],[-41.8614,113.335,115.624],[-73.5895,141.536,89.3603],[-95.2712,160.876,71.5173],[-103.634,158.615,49.776],[[[0.94553,0.222542,-0.237587],[0.132863,0.402467,0.905742],[0.297187,-0.887973,0.350977]],[[0.767427,0.536532,-0.350982],[-0.0840078,0.626868,0.774583],[0.635609,-0.564951,0.526148]],[[0.767427,0.536532,-0.350982],[-0.081693,0.624807,0.776494],[0.63591,-0.56723,0.523325]],[[0.767427,0.536532,-0.350982],[-0.53233,0.838332,0.117577],[0.357324,0.0966064,0.928971]]],0],[1731,[0.0443529,-0.843697,0.534985],173,58.8075,[-78.8782,121.444,63.4026],[-76.8802,135.056,72.0216],[27.8031,124.948,56.0607],false,[-22.3529,123.065,106.317],[-46.8214,175.679,61.089],[-86.3432,162.224,50.9518],[-85.2712,141.831,63.8826],[-74.8879,132.933,74.1262],[[[0.374873,-0.497903,-0.782025],[0.865364,0.490551,0.102496],[0.33259,-0.715159,0.614761]],[[0.368365,-0.483967,-0.793778],[-0.134401,0.817126,-0.560573],[0.919915,0.31318,0.235955]],[[0.368365,-0.483967,-0.793778],[-0.928623,-0.232276,-0.289323],[-0.0443529,0.843697,-0.534985]],[[0.368365,-0.483967,-0.793778],[-0.703549,-0.703248,0.102278],[-0.607722,0.520786,-0.599546]]],1],[1732,[-0.0198692,-0.726806,0.686556],173,67.0064,[-73.0634,110.478,56.0967],[-74.5411,122.939,70.3364],[-0.968916,90.4736,90.5311],false,[-16.5095,118.256,96.6033],[-36.0008,162.879,46.6386],[-82.1867,150.132,41.3804],[-82.7517,129.464,60.9035],[-72.4044,120.255,73.6027],[[[0.263308,-0.666229,-0.697717],[0.923374,0.383492,-0.0177177],[0.279373,-0.639588,0.716155]],[[0.263318,-0.666252,-0.697691],[-0.111832,0.697257,-0.708044],[0.958205,0.264465,0.109092]],[[0.263318,-0.666252,-0.697691],[-0.964505,-0.16692,-0.204619],[0.0198692,0.726806,-0.686556]],[[0.263318,-0.666252,-0.697691],[-0.792138,-0.562106,0.237813],[-0.550619,0.490047,-0.675776]]],2],[1733,[-0.0790626,-0.593971,0.800592],173,64.4285,[-59.1561,105.719,50.7071],[-64.1417,113.704,64.4898],[-25.1507,67.0993,95.1406],false,[-12.6884,110.982,87.4704],[-26.3192,144.869,36.5818],[-69.7217,135.558,31.5015],[-71.9119,119.104,53.6795],[-62.2077,111.858,67.9068],[[[0.231188,-0.780089,-0.58139],[0.948262,0.314329,-0.0446826],[0.217604,-0.54098,0.812397]],[[0.235781,-0.791461,-0.563912],[-0.0275113,0.574604,-0.817969],[0.971417,0.208375,0.113706]],[[0.235781,-0.791461,-0.563912],[-0.968585,-0.14418,-0.202622],[0.0790626,0.593971,-0.800592]],[[0.235781,-0.791461,-0.563912],[-0.82137,-0.472427,0.319631],[-0.519383,0.387818,-0.761471]]],3],[1734,[-0.756519,0.0852836,-0.648387],173,50.5107,[-66.8626,139.622,-20.5831],[-72.0221,131.983,-16.4187],[-80.3306,-83.4446,47.7652],false,[-14.3466,99.156,79.7268],[-21.3396,125.628,28.6133],[-46.5382,129.282,4.0784],[-61.3348,130.95,-8.60326],[-74.815,132.224,-19.2695],[[[0.0949395,-0.878599,-0.468028],[0.988151,0.140133,-0.0626158],[0.1206,-0.456537,0.881493]],[[0.118942,-0.956981,-0.264652],[0.691368,0.271134,-0.669699],[0.712645,-0.103316,0.693875]],[[0.118942,-0.956981,-0.264652],[0.643064,0.277335,-0.713831],[0.756519,-0.0852836,0.648387]],[[0.118942,-0.956981,-0.264652],[0.611749,0.280575,-0.739622],[0.782059,-0.0739283,0.618804]]],4]],[[0,200,0],[235.247,235.247,147.751]]],[256438,4623654326,[[173,"right",[-0.127261,0.674489,-0.727234],[-0.913941,-0.364614,-0.178236],[-34.9581,142.08,61.7392],[40.3846,13.8123,-11.8454],[-40.5057,140.6,61.5692],0.623196,0.511832,0.52911,[[0.344991,-0.635302,-0.690922],[0.452274,0.757539,-0.470726],[0.822453,-0.150089,0.548675]],63.72,[200.862,61.8154,244.869],[-21.2002,102.34,96.7271]]],[[1730,[-0.626711,0.576436,-0.52436],173,52.1164,[-102.779,151.29,51.639],[-101.205,159.347,54.951],[46.7532,255.59,72.22],false,[-41.6216,114.395,116.187],[-41.6216,114.395,116.187],[-72.8688,142.784,89.5514],[-94.2369,162.438,71.6731],[-103.383,160.952,50.1818],[[[0.947696,0.19941,-0.249215],[0.148243,0.416482,0.896976],[0.282659,-0.887005,0.365138]],[[0.777137,0.511879,-0.366112],[-0.0649226,0.643851,0.762391],[0.625974,-0.568714,0.533593]],[[0.777137,0.511879,-0.366112],[-0.0573692,0.636946,0.768771],[0.626711,-0.576436,0.52436]],[[0.777137,0.511879,-0.366112],[-0.4933,0.856708,0.150691],[0.390786,0.0634955,0.918289]]],0],[1731,[0.0287326,-0.834866,0.549703],173,58.8075,[-78.7865,122.183,63.8684],[-76.6959,135.812,72.5267],[24.7009,109.395,57.6324],false,[-22.0046,123.564,106.544],[-45.8139,175.803,60.5372],[-85.6446,162.762,51.0918],[-84.9501,142.583,64.3784],[-74.7773,133.567,74.7298],[[[0.35854,-0.519605,-0.775538],[0.875621,0.475203,0.0864266],[0.32363,-0.710065,0.625356]],[[0.352392,-0.506163,-0.787159],[-0.12766,0.807253,-0.576235],[0.927105,0.303549,0.219852]],[[0.352392,-0.506163,-0.787159],[-0.935411,-0.216328,-0.279656],[-0.0287326,0.834866,-0.549703]],[[0.352392,-0.506163,-0.787159],[-0.722024,-0.682172,0.115421],[-0.5954,0.527674,-0.605854]]],1],[1732,[-0.0296356,-0.714947,0.69855],173,67.0064,[-73.0752,110.563,56.2005],[-74.548,123.634,71.0641],[-1.49476,85.0678,87.3743],false,[-16.3373,118.462,96.8765],[-35.3664,162.527,46.2431],[-81.822,150.499,41.7181],[-82.6648,130.168,61.5824],[-72.4648,120.917,74.3697],[[[0.244406,-0.684107,-0.687214],[0.930524,0.364812,-0.032223],[0.272748,-0.631594,0.72574]],[[0.243888,-0.682907,-0.68859],[-0.107725,0.68656,-0.719048],[0.963802,0.249546,0.0938781]],[[0.243888,-0.682907,-0.68859],[-0.96935,-0.149962,-0.194606],[0.0296356,0.714947,-0.69855]],[[0.243888,-0.682907,-0.68859],[-0.803681,-0.539715,0.250609],[-0.542785,0.492286,-0.68047]]],2],[1733,[-0.0835447,-0.577316,0.812236],173,64.4285,[-59.1719,105.743,50.7498],[-64.3381,114.183,65.3312],[-23.5748,61.95,95.0267],false,[-12.7355,110.945,87.851],[-26.1231,144.146,36.448],[-69.7365,135.514,32.0166],[-72.0508,119.521,54.5171],[-62.4057,112.332,68.813],[[[0.211033,-0.795136,-0.568528],[0.953828,0.294683,-0.0580876],[0.213723,-0.53002,0.820611]],[[0.215543,-0.806259,-0.550897],[-0.0264613,0.559128,-0.828659],[0.976136,0.193189,0.0991814]],[[0.215543,-0.806259,-0.550897],[-0.972914,-0.129047,-0.191795],[0.0835447,0.577316,-0.812236]],[[0.215543,-0.806259,-0.550897],[-0.828887,-0.449308,0.333271],[-0.516225,0.384797,-0.765142]]],3],[1734,[-0.76279,0.0870065,-0.640766],173,50.5107,[-67.278,138.978,-20.249],[-72.6046,131.13,-15.8373],[-78.1822,-86.6683,54.9381],false,[-14.6891,99.0134,80.3432],[-21.5875,124.667,28.801],[-47.02,128.32,4.50871],[-61.9393,130.022,-8.0239],[-75.5229,131.344,-18.5521],[[[0.07383,-0.888823,-0.452265],[0.990149,0.119432,-0.0730786],[0.118969,-0.442414,0.888885]],[[0.0979965,-0.963908,-0.247543],[0.687794,0.245373,-0.683178],[0.719261,-0.103309,0.687016]],[[0.0979965,-0.963908,-0.247543],[0.639177,0.251616,-0.726733],[0.76279,-0.0870065,0.640766]],[[0.0979965,-0.963908,-0.247543],[0.607748,0.254935,-0.752097],[0.78806,-0.0767409,0.610796]]],4]],[[0,200,0],[235.247,235.247,147.751]]],[256439,4623663016,[[173,"right",[-0.125157,0.663298,-0.737815],[-0.920431,-0.355208,-0.163198],[-34.6098,141.998,61.8108],[40.3052,7.59827,-6.49302],[-40.2929,140.651,61.5779],0.597875,0.520976,0.529392,[[0.330278,-0.651804,-0.682692],[0.462868,0.742187,-0.484677],[0.822599,-0.155918,0.546827]],63.72,[201.05,60.5953,245.008],[-21.0521,102.693,97.3651]]],[[1730,[-0.622289,0.577513,-0.528427],173,52.1164,[-102.284,154.808,52.8266],[-100.909,161.117,55.5339],[39.312,243.73,68.6041],false,[-41.1218,115.365,116.799],[-41.1218,115.365,116.799],[-72.1557,143.759,89.9211],[-93.373,163.45,71.904],[-103.428,163.032,50.7747],[[[0.947855,0.182086,-0.261564],[0.162437,0.430096,0.888049],[0.274199,-0.88423,0.378091]],[[0.781762,0.493041,-0.381783],[-0.0483153,0.658298,0.751205],[0.621702,-0.568818,0.538454]],[[0.781762,0.493041,-0.381783],[-0.040052,0.650684,0.758292],[0.622289,-0.577513,0.528427]],[[0.781762,0.493041,-0.381783],[-0.451947,0.869823,0.19787],[0.429642,0.0178583,0.902823]]],0],[1731,[0.0199278,-0.825786,0.563631],173,58.8075,[-78.6933,122.859,64.3137],[-76.4303,136.34,73.1528],[25.7607,94.3923,63.3392],false,[-21.4767,124.096,106.813],[-45.0222,175.839,60.1148],[-85.0898,163.033,51.3769],[-84.6082,143.073,65.0001],[-74.5558,134.02,75.4361],[[[0.344056,-0.537963,-0.76956],[0.882722,0.464681,0.0698121],[0.320043,-0.703326,0.634747]],[[0.338122,-0.52496,-0.781083],[-0.126056,0.797224,-0.590376],[0.932622,0.298079,0.203385]],[[0.338122,-0.52496,-0.781083],[-0.940891,-0.206141,-0.268755],[-0.0199278,0.825786,-0.563631]],[[0.338122,-0.52496,-0.781083],[-0.734517,-0.666079,0.129702],[-0.588352,0.529864,-0.610808]]],1],[1732,[-0.0332354,-0.703012,0.710401],173,67.0064,[-73.0854,110.646,56.3035],[-74.3911,124.171,71.867],[3.49572,78.9007,88.9157],false,[-15.9717,118.748,97.184],[-34.8919,162.173,45.9603],[-81.5411,150.661,42.1412],[-82.4862,130.669,62.3424],[-72.3236,121.466,75.1941],[[[0.228574,-0.69932,-0.677278],[0.934993,0.351488,-0.0473773],[0.271187,-0.622421,0.7342]],[[0.227746,-0.69742,-0.679512],[-0.10704,0.67569,-0.729373],[0.967819,0.238847,0.0792341]],[[0.227746,-0.69742,-0.679512],[-0.973153,-0.139207,-0.183288],[0.0332354,0.703012,-0.710401]],[[0.227746,-0.69742,-0.679512],[-0.809736,-0.52323,0.265627],[-0.540794,0.48973,-0.68389]]],2],[1733,[-0.0827512,-0.561716,0.823181],173,64.4285,[-59.1851,105.764,50.788],[-64.3349,114.513,66.2541],[-16.6718,55.2155,99.2182],false,[-12.5581,111.026,88.2594],[-25.9911,143.499,36.4054],[-69.7535,135.316,32.6436],[-72.0459,119.755,55.4474],[-62.3809,112.676,69.7851],[[[0.194851,-0.807786,-0.556341],[0.957103,0.280606,-0.0722159],[0.214447,-0.518404,0.82781]],[[0.199376,-0.818646,-0.538579],[-0.0297178,0.544309,-0.838358],[0.979472,0.183154,0.0841938]],[[0.199376,-0.818646,-0.538579],[-0.976423,-0.119554,-0.179737],[0.0827512,0.561716,-0.823181]],[[0.199376,-0.818646,-0.538579],[-0.832264,-0.431597,0.347937],[-0.517287,0.37887,-0.76738]]],3],[1734,[-0.771175,0.0849914,-0.630924],173,50.5107,[-67.705,138.332,-19.886],[-73.2787,130.144,-15.0538],[-81.5059,-94.6093,68.0488],false,[-14.744,98.9919,80.9822],[-21.7915,123.829,29.0617],[-47.5375,127.362,5.08399],[-62.6207,129.025,-7.25612],[-76.3424,130.328,-17.6062],[[[0.0575243,-0.897542,-0.43716],[0.990918,0.10464,-0.0844473],[0.121539,-0.428332,0.89541]],[[0.0826235,-0.969304,-0.231565],[0.680444,0.224637,-0.69752],[0.728127,-0.0999353,0.678118]],[[0.0826235,-0.969304,-0.231565],[0.631238,0.230706,-0.740481],[0.771175,-0.0849914,0.630924]],[[0.0826235,-0.969304,-0.231565],[0.599538,0.233954,-0.765388],[0.79607,-0.0755929,0.600465]]],4]],[[0,200,0],[235.247,235.247,147.751]]],[256440,4623672044,[[173,"right",[-0.117668,0.644173,-0.755775],[-0.939844,-0.318018,-0.124732],[-33.2806,140.718,61.3149],[69.7412,-33.5158,-19.8272],[-40.0108,140.653,61.5674],0.587317,0.533168,0.532023,[[0.302394,-0.69213,-0.655373],[0.488445,0.702946,-0.516999],[0.818523,-0.163776,0.550634]],63.72,[200.579,57.7844,246.437],[-20.4218,102.004,97.7653]]],[[1730,[-0.611621,0.584552,-0.533122],173,52.1164,[-101.235,158.148,53.9202],[-98.9436,162.904,56.1757],[88.5237,227.456,63.8154],false,[-39.312,116.196,117.331],[-39.312,116.196,117.331],[-69.8458,144.883,90.1921],[-90.6994,164.814,72.015],[-101.67,164.789,51.342],[[[0.946709,0.130222,-0.294591],[0.208136,0.450666,0.86809],[0.245806,-0.883143,0.399546]],[[0.791102,0.444356,-0.420363],[-0.00000316875,0.687226,0.726444],[0.611684,-0.57469,0.543667]],[[0.791102,0.444356,-0.420363],[0.00882817,0.678857,0.734218],[0.611621,-0.584552,0.533122]],[[0.791102,0.444356,-0.420363],[-0.392967,0.895849,0.207438],[0.468759,0.00108425,0.883326]]],0],[1731,[-0.00226178,-0.807445,0.589938],173,58.8075,[-78.53,123.581,64.8117],[-75.0472,137.217,74.0886],[60.2181,94.1665,76.3998],false,[-19.6074,123.697,106.498],[-42.2214,174.926,58.783],[-83.0479,163.565,51.7194],[-83.1026,144.049,65.9784],[-73.236,134.826,76.4427],[[[0.29639,-0.5776,-0.760612],[0.904251,0.426026,0.0288426],[0.307381,-0.696333,0.648565]],[[0.29081,-0.564974,-0.772162],[-0.111295,0.781588,-0.613787],[0.950286,0.264433,0.164414]],[[0.29081,-0.564974,-0.772162],[-0.956778,-0.169813,-0.236091],[0.00226178,0.807445,-0.589938]],[[0.29081,-0.564974,-0.772162],[-0.762857,-0.624016,0.169274],[-0.577477,0.539822,-0.612464]]],1],[1732,[-0.0438767,-0.678191,0.733575],173,67.0064,[-73.0905,110.741,56.4213],[-73.5315,124.999,73.1192],[28.1616,83.2162,103.072],false,[-14.6389,117.797,96.8998],[-33.1413,160.364,44.8107],[-80.3495,150.856,42.7449],[-81.5972,131.571,63.6052],[-71.4977,122.306,76.4623],[[[0.176669,-0.730474,-0.659694],[0.94787,0.306851,-0.085931],[0.265198,-0.610123,0.746606]],[[0.17563,-0.728083,-0.662608],[-0.0994988,0.656496,-0.747739],[0.979415,0.197254,0.042857]],[[0.17563,-0.728083,-0.662608],[-0.983478,-0.0997648,-0.151057],[0.0438767,0.678191,-0.733575]],[[0.17563,-0.728083,-0.662608],[-0.824814,-0.476271,0.304709],[-0.537434,0.493013,-0.68418]]],2],[1733,[-0.0816831,-0.530488,0.843748],173,64.4285,[-59.1955,105.782,50.8227],[-64.0517,114.713,67.6251],[-2.77927,46.1421,115.231],false,[-11.8434,109.644,88.1454],[-25.3734,141.005,35.6368],[-69.5459,134.632,33.531],[-71.8087,119.936,56.9045],[-62.0556,112.883,71.1951],[[[0.141809,-0.833336,-0.534266],[0.966041,0.234272,-0.109],[0.215997,-0.500666,0.838259]],[[0.146364,-0.843783,-0.516341],[-0.0338887,0.517379,-0.855085],[0.98865,0.142652,0.0471312]],[[0.146364,-0.843783,-0.516341],[-0.985853,-0.0813183,-0.146567],[0.0816831,0.530488,-0.843748]],[[0.146364,-0.843783,-0.516341],[-0.840291,-0.38148,0.385207],[-0.522005,0.377496,-0.764858]]],3],[1734,[-0.789956,0.0988849,-0.605138],173,50.5107,[-68.3273,137.447,-19.361],[-74.9334,128.12,-13.7319],[-113.762,-130.626,94.33],false,[-14.7816,97.493,81.3419],[-22.2776,120.938,28.8402],[-48.7248,124.844,5.69785],[-64.1753,126.778,-6.13792],[-78.2074,128.356,-16.0231],[[[0.0042744,-0.912859,-0.408253],[0.9916,0.056647,-0.116281],[0.129275,-0.404326,0.905433]],[[0.032228,-0.97885,-0.202024],[0.662966,0.172198,-0.728577],[0.747956,-0.110454,0.654494]],[[0.032228,-0.97885,-0.202024],[0.612316,0.179092,-0.770061],[0.789956,-0.0988849,0.605138]],[[0.032228,-0.97885,-0.202024],[0.579863,0.182945,-0.793908],[0.814077,-0.0915599,0.573495]]],4]],[[0,200,0],[235.247,235.247,147.751]]],[256441,4623681097,[[173,"right",[-0.0986769,0.610184,-0.786091],[-0.966132,-0.248019,-0.0712411],[-30.9716,139.183,60.5366],[120.879,-71.0573,-38.0789],[-39.5279,140.575,61.5123],0.581673,0.544168,0.532856,[[0.251293,-0.75527,-0.605325],[0.524063,0.631962,-0.570948],[0.813763,-0.173753,0.554617]],63.72,[200.064,54.6557,248.36],[-19.6518,101.569,98.613]]],[[1730,[-0.59582,0.570811,-0.564955],173,52.1164,[-99.2631,161.287,54.3137],[-95.5119,165.46,55.6045],[159.57,215.427,11.6138],false,[-36.5457,118.253,118.037],[-36.5457,118.253,118.037],[-66.3106,146.484,89.5974],[-86.6254,165.946,70.3349],[-98.8192,166.612,50.37],[[[0.940825,0.0381222,-0.336741],[0.278687,0.478342,0.83278],[0.192825,-0.877346,0.439412]],[[0.800346,0.363613,-0.476689],[0.06243,0.740225,0.669454],[0.596279,-0.565554,0.569736]],[[0.800346,0.363613,-0.476689],[0.066674,0.73618,0.673494],[0.59582,-0.570811,0.564955]],[[0.800346,0.363613,-0.476689],[-0.296621,0.931115,0.212227],[0.521021,-0.0284595,0.853069]]],0],[1731,[-0.042279,-0.771998,0.634218],173,58.8075,[-78.1697,124.588,65.4684],[-72.3971,139.634,75.0956],[123.617,141.938,88.0452],false,[-16.7874,123.563,106.067],[-37.3212,173.812,56.409],[-79.1582,165.305,51.6065],[-80.1801,146.646,66.9358],[-70.6998,137.193,77.5512],[[[0.218482,-0.639305,-0.737261],[0.935075,0.353245,-0.0292083],[0.279107,-0.683013,0.674976]],[[0.213503,-0.627103,-0.749105],[-0.0782326,0.753348,-0.652952],[0.973805,0.198012,0.111782]],[[0.213503,-0.627103,-0.749105],[-0.976027,-0.103736,-0.191337],[0.042279,0.771998,-0.634218]],[[0.213503,-0.627103,-0.749105],[-0.804074,-0.548306,0.229837],[-0.55487,0.553265,-0.621303]]],1],[1732,[-0.068691,-0.633245,0.770897],173,67.0064,[-73.0826,110.889,56.5942],[-71.8956,127.329,74.7237],[68.4454,132.904,123.967],false,[-12.6988,116.779,96.6389],[-29.9941,157.844,42.9531],[-77.8452,152.057,43.2005],[-79.7986,134.05,65.122],[-69.9876,124.661,78.1113],[[[0.091552,-0.776495,-0.623437],[0.964451,0.224997,-0.138605],[0.247897,-0.588585,0.76949]],[[0.0902926,-0.773497,-0.627335],[-0.0792807,0.622326,-0.778733],[0.992755,0.120049,-0.00513192]],[[0.0902926,-0.773497,-0.627335],[-0.993544,-0.026514,-0.11031],[0.068691,0.633245,-0.770897]],[[0.0902926,-0.773497,-0.627335],[-0.848102,-0.389932,0.358714],[-0.522083,0.499655,-0.691213]]],2],[1733,[-0.0879336,-0.47639,0.874826],173,64.4285,[-59.2042,105.801,50.8596],[-63.4089,116.082,69.4837],[17.3606,76.1791,140.75],false,[-10.9146,107.972,88.2614],[-24.1465,137.463,34.6053],[-68.7296,134.529,34.5417],[-71.1656,121.332,58.7762],[-61.4223,114.288,73.0781],[[[0.0540676,-0.869384,-0.491171],[0.975938,0.150067,-0.158192],[0.211238,-0.470799,0.856578]],[[0.0585393,-0.879181,-0.472878],[-0.0298044,0.47194,-0.881127],[0.99784,0.0656743,0.00142359]],[[0.0585393,-0.879181,-0.472878],[-0.994405,-0.00962976,-0.105197],[0.0879336,0.47639,-0.874826]],[[0.0585393,-0.879181,-0.472878],[-0.851254,-0.291406,0.436405],[-0.521479,0.376992,-0.765465]]],3],[1734,[-0.80852,0.129265,-0.574096],173,50.5107,[-69.203,136.264,-18.5801],[-76.7604,125.951,-11.8237],[-141.362,-160.128,130.705],false,[-15.0714,95.7495,82.2715],[-22.9087,116.878,28.8445],[-50.0643,121.648,6.70655],[-65.878,124.176,-4.52207],[-80.2123,126.34,-13.847],[[[-0.0838488,-0.930795,-0.355795],[0.98727,-0.0291682,-0.156359],[0.13516,-0.364376,0.921391]],[[-0.0526495,-0.987553,-0.148211],[0.638289,0.0808621,-0.765538],[0.767994,-0.134907,0.626087]],[[-0.0526495,-0.987553,-0.148211],[0.586108,0.0896059,-0.805262],[0.80852,-0.129265,0.574096]],[[-0.0526495,-0.987553,-0.148211],[0.552859,0.0947712,-0.827868],[0.83161,-0.125527,0.540988]]],4]],[[0,200,0],[235.247,235.247,147.751]]],[256442,4623690116,[[173,"right",[-0.089624,0.576782,-0.811967],[-0.981786,-0.188286,-0.0253807],[-29.2019,137.992,59.7728],[141.603,-87.8438,-50.9006],[-38.7924,140.391,61.3884],0.598903,0.554575,0.533099,[[0.205909,-0.804246,-0.557486],[0.548834,0.56657,-0.614638],[0.810174,-0.179408,0.558059]],63.72,[199.903,53.1595,249.959],[-18.8439,101.6,99.2834]]],[[1730,[-0.586994,0.506398,-0.631664],173,52.1164,[-96.6352,162.847,53.4174],[-92.1629,164.775,52.9497],[217.877,117.899,-80.0038],false,[-33.9162,120.254,118.412],[-33.9162,120.254,118.412],[-62.8954,148.043,88.7519],[-82.9093,165.309,67.215],[-95.5773,165.173,47.5368],[[[0.928058,-0.03891,-0.370399],[0.339226,0.498839,0.797549],[0.153737,-0.865821,0.476151]],[[0.805233,0.284339,-0.520338],[0.120722,0.780536,0.613343],[0.58054,-0.5567,0.594187]],[[0.805233,0.284339,-0.520338],[0.0838914,0.814072,0.574673],[0.586994,-0.506398,0.631664]],[[0.805233,0.284339,-0.520338],[-0.242092,0.958706,0.149244],[0.541287,0.00579377,0.840818]]],0],[1731,[-0.0683115,-0.736205,0.673302],173,58.8075,[-77.5179,126.027,66.3504],[-70.0145,141.747,75.7568],[161.797,167.678,85.7317],false,[-14.3269,123.696,105.517],[-33.516,172.72,54.1271],[-75.9497,166.641,51.2632],[-77.6008,148.847,67.5372],[-68.3966,139.294,78.3043],[[[0.150095,-0.686775,-0.711204],[0.953646,0.290346,-0.0791133],[0.260829,-0.666362,0.69852]],[[0.145509,-0.675014,-0.723314],[-0.0573395,0.724113,-0.687294],[0.987694,0.141482,0.06666]],[[0.145509,-0.675014,-0.723314],[-0.986996,-0.0485609,-0.153236],[0.0683115,0.736205,-0.673302]],[[0.145509,-0.675014,-0.723314],[-0.829831,-0.481355,0.282275],[-0.53871,0.559155,-0.630189]]],1],[1732,[-0.0844201,-0.590636,0.80251],173,67.0064,[-73.0515,111.139,56.8669],[-70.401,129.439,75.9521],[92.888,162.424,127.344],false,[-11.0289,116.217,96.3077],[-27.7158,155.684,41.2485],[-75.795,153.044,43.416],[-78.1956,136.248,66.2365],[-68.6239,126.818,79.3742],[[[0.0191663,-0.809856,-0.586315],[0.970787,0.155359,-0.182857],[0.239177,-0.565683,0.789175]],[[0.0176034,-0.806143,-0.591459],[-0.0686496,0.58918,-0.80508],[0.997486,0.0547755,-0.0449699]],[[0.0176034,-0.806143,-0.591459],[-0.996275,0.0358041,-0.0784519],[0.0844201,0.590636,-0.80251]],[[0.0176034,-0.806143,-0.591459],[-0.860379,-0.313567,0.401776],[-0.509351,0.501806,-0.699108]]],2],[1733,[-0.0884398,-0.426677,0.900069],173,64.4285,[-59.2126,105.827,50.9044],[-62.7819,117.489,71.0002],[30.3399,99.4752,148.324],false,[-10.1168,106.921,88.328],[-23.4765,134.591,33.7416],[-68.1278,134.551,35.331],[-70.5778,122.731,60.2648],[-60.8418,115.755,74.6046],[[[-0.0190827,-0.893666,-0.448327],[0.976805,0.0789892,-0.199029],[0.213278,-0.441726,0.87143]],[[-0.0144891,-0.902964,-0.429473],[-0.032501,0.429716,-0.902379],[0.999367,0.000883621,-0.0355734]],[[-0.0144891,-0.902964,-0.429473],[-0.995976,0.0510237,-0.0736757],[0.0884398,0.426677,-0.900069]],[[-0.0144891,-0.902964,-0.429473],[-0.853382,-0.212671,0.47593],[-0.521084,0.3734,-0.767492]]],3],[1734,[-0.823432,0.15395,-0.546131],173,50.5107,[-70.3335,134.849,-17.5382],[-78.5866,124.293,-9.96161],[-160.606,-165.399,155.364],false,[-15.2544,94.7178,83.1079],[-23.7502,113.715,28.9858],[-51.4968,119.181,7.76009],[-67.6021,122.192,-2.92158],[-82.1725,124.833,-11.744],[[[-0.155402,-0.939469,-0.305366],[0.976925,-0.100308,-0.188561],[0.146517,-0.327623,0.933379]],[[-0.120213,-0.987973,-0.0972502],[0.6081,0.00415043,-0.79385],[0.784706,-0.154569,0.600288]],[[-0.120213,-0.987973,-0.0972502],[0.554535,0.0144268,-0.832035],[0.823432,-0.15395,0.546131]],[[-0.120213,-0.987973,-0.0972502],[0.520586,0.0206763,-0.853559],[0.845304,-0.153236,0.511839]]],4]],[[0,200,0],[235.247,235.247,147.751]]],[256443,4623699156,[[173,"right",[-0.10438,0.570042,-0.814958],[-0.98287,-0.184276,-0.00301038],[-28.7725,137.514,59.5597],[115.667,-78.2158,-43.3678],[-37.9715,140.155,61.2386],0.606513,0.563364,0.515562,[[0.200857,-0.813013,-0.546503],[0.556818,0.553741,-0.619132],[0.805984,-0.179946,0.563923]],63.72,[199.884,52.8386,251.422],[-17.7322,101.424,99.163]]],[[1730,[-0.600883,0.454031,-0.657872],173,52.1164,[-94.9516,162.66,52.555],[-91.8313,162.482,52.1633],[170.242,-1.29636,-85.0398],false,[-32.3202,120.309,118.44],[-32.3202,120.309,118.44],[-61.7967,147.381,88.6066],[-82.2842,162.861,66.1761],[-95.2352,162.211,46.6934],[[[0.919859,-0.0461381,-0.389526],[0.358046,0.504329,0.785783],[0.160195,-0.862278,0.480431]],[[0.796731,0.27379,-0.538757],[0.12855,0.794307,0.593761],[0.590504,-0.542325,0.597653]],[[0.796731,0.27379,-0.538757],[0.0644942,0.847877,0.526256],[0.600883,-0.454031,0.657872]],[[0.796731,0.27379,-0.538757],[-0.242885,0.961388,0.12938],[0.553378,0.027775,0.832467]]],0],[1731,[-0.0583522,-0.729926,0.681031],173,58.8075,[-76.7704,127.498,67.3326],[-69.2846,141.526,76.4116],[139.527,114.334,83.0961],false,[-12.9936,123.554,105.104],[-33.0619,172.209,53.6997],[-75.5657,166.232,51.8369],[-76.9761,148.59,68.2977],[-67.6323,139.067,78.9714],[[[0.132211,-0.693606,-0.708118],[0.952949,0.285539,-0.101764],[0.27278,-0.661346,0.698722]],[[0.127471,-0.682057,-0.720104],[-0.0706068,0.717944,-0.69251],[0.989326,0.139119,0.0433591]],[[0.127471,-0.682057,-0.720104],[-0.990124,-0.0447919,-0.132844],[0.0583522,0.729926,-0.681031]],[[0.127471,-0.682057,-0.720104],[-0.827448,-0.473446,0.301959],[-0.546883,0.557357,-0.624717]]],1],[1732,[-0.0747995,-0.584035,0.808275],173,67.0064,[-73.0061,111.43,57.1987],[-69.8237,129.238,76.6767],[83.5065,112.37,113.385],false,[-9.92165,115.981,95.8942],[-27.6052,155.036,40.8527],[-75.6435,152.667,44.013],[-77.7705,136.059,66.9975],[-68.0599,126.649,80.0473],[[[0.00344458,-0.815026,-0.579414],[0.967339,0.149577,-0.20465],[0.253462,-0.559785,0.788922]],[[0.0014559,-0.810609,-0.585586],[-0.081934,0.583521,-0.807954],[0.996637,0.0491557,-0.0655669]],[[0.0014559,-0.810609,-0.585586],[-0.997198,0.0426248,-0.0614834],[0.0747995,0.584035,-0.808275]],[[0.0014559,-0.810609,-0.585586],[-0.856141,-0.303607,0.418145],[-0.51674,0.500736,-0.694438]]],2],[1733,[-0.0745024,-0.417952,0.905409],173,64.4285,[-59.2198,105.85,50.9486],[-62.3029,117.25,71.7062],[35.5695,65.1172,129.002],false,[-9.21653,106.612,87.9795],[-23.6123,133.86,33.4447],[-68.2202,134.027,35.9684],[-70.2841,122.449,61.0501],[-60.3506,115.543,75.2883],[[[-0.0322259,-0.897461,-0.439916],[0.9727,0.073044,-0.22027],[0.229817,-0.435004,0.870606]],[[-0.0272015,-0.906743,-0.420806],[-0.0496452,0.421668,-0.90539],[0.998396,-0.00373698,-0.0564854]],[[-0.0272015,-0.906743,-0.420806],[-0.99685,0.0559795,-0.0561856],[0.0745024,0.417952,-0.905409]],[[-0.0272015,-0.906743,-0.420806],[-0.846523,-0.202996,0.49213],[-0.531657,0.369609,-0.762056]]],3],[1734,[-