{"metadata":{"formatVersion":2,"generatedBy":"LeapJS Playback 0.2.1","frames":121,"protocolVersion":6,"serviceVersion":"2.2.6+29154","frameRate":"1.1e+2","modified":"Thu Jun 04 2015 14:54:27 GMT-0300 (E. South America Standard Time)"},"frames":[["id","timestamp",{"hands":[["id","type","direction","palmNormal","palmPosition","palmVelocity","stabilizedPalmPosition","pinchStrength","grabStrength","confidence","armBasis","armWidth","elbow","wrist"]]},{"pointables":[["id","direction","handId","length","stabilizedTipPosition","tipPosition","tipVelocity","tool","carpPosition","mcpPosition","pipPosition","dipPosition","btipPosition","bases","type"]]},{"interactionBox":["center","size"]}],[256714,4626193749,[[173,"right",[0.0564326,0.717412,-0.694359],[-0.89408,-0.273203,-0.354938],[-12.9163,118.154,69.241],[-9.77747,12.2676,2.2727],[-12.6629,117.35,69.0639],0.623686,0.653375,0.713483,[[0.401205,-0.641214,-0.654125],[0.345556,0.767306,-0.540216],[0.848308,-0.00929964,0.529422]],63.72,[220.329,73.1985,246.442],[-8.71412,75.7094,103.498]]],[[1730,[-0.470785,0.650313,-0.596201],173,52.1164,[-74.863,142.793,52.732],[-75.33,142.924,52.8279],[-5.0882,10.5058,-0.695329],false,[-31.2305,88.573,119.887],[-31.2305,88.573,119.887],[-54.816,121.397,90.5941],[-70.8677,143.57,70.2663],[-75.8858,143.487,47.4071],[[[0.989502,0.126477,-0.0699291],[0.0202207,0.357946,0.933523],[0.1431,-0.925137,0.351631]],[[0.870253,0.453357,-0.192683],[-0.139337,0.601723,0.786457],[0.472488,-0.657568,0.586821]],[[0.870253,0.453357,-0.192683],[-0.144987,0.609558,0.77937],[0.470785,-0.650313,0.596201]],[[0.870253,0.453357,-0.192683],[-0.443493,0.891322,0.0941253],[0.214415,0.00354085,0.976736]]],0],[1731,[-0.120477,-0.874188,0.470404],173,58.8075,[-56.1044,114.19,71.8789],[-55.9489,114.275,71.816],[-9.29583,0.197141,-5.12614],false,[-9.56067,96.4231,114.348],[-20.6985,152.725,68.3203],[-59.2805,143.787,51.6673],[-62.1924,122.658,63.0371],[-54.5325,112.026,74.0014],[[[0.447505,-0.51129,-0.733704],[0.881374,0.391052,0.265064],[0.151392,-0.765285,0.625636]],[[0.439266,-0.471886,-0.76444],[0.0238852,0.856765,-0.515153],[0.898039,0.20803,0.387619]],[[0.439266,-0.471886,-0.76444],[-0.890242,-0.114535,-0.440853],[0.120477,0.874188,-0.470404]],[[0.439266,-0.471886,-0.76444],[-0.778491,-0.624609,-0.0617715],[-0.448327,0.622244,-0.641728]]],1],[1732,[-0.192949,-0.734193,0.650946],173,67.0064,[-54.169,102.986,71.3514],[-53.9302,103.229,70.9032],[-6.38114,1.02866,-7.37443],false,[-2.69851,91.3116,105.494],[-8.97499,139.281,55.2228],[-54.6141,132.137,41.4636],[-60.1009,111.259,59.9742],[-52.4557,101.046,73.772],[[[0.306991,-0.669105,-0.676797],[0.947451,0.282086,0.150878],[0.0899621,-0.68755,0.720543]],[[0.307782,-0.675217,-0.670337],[0.0933958,0.722576,-0.684954],[0.946862,0.14821,0.285458]],[[0.307782,-0.675217,-0.670337],[-0.931687,-0.0710084,-0.356254],[0.192949,0.734193,-0.650946]],[[0.307782,-0.675217,-0.670337],[-0.860091,-0.498702,0.107426],[-0.406835,0.543487,-0.73424]]],2],[1733,[-0.243104,-0.596849,0.764638],173,64.4285,[-44.4488,91.5193,68.4956],[-44.0655,92.0455,67.8334],[-2.38842,4.68998,-7.96738],false,[1.83363,83.95,96.7646],[0.37191,120.647,46.0207],[-42.5329,115.15,34.8305],[-49.2674,98.6163,56.0125],[-42.6391,90.1918,71.3156],[[[0.244582,-0.78234,-0.572822],[0.969348,0.2115,0.12503],[0.0233352,-0.585844,0.810088]],[[0.245198,-0.800498,-0.546883],[0.133204,0.586571,-0.798868],[0.960278,0.123034,0.250456]],[[0.245198,-0.800498,-0.546883],[-0.938498,-0.0545384,-0.34095],[0.243104,0.596849,-0.764638]],[[0.245198,-0.800498,-0.546883],[-0.902233,-0.394841,0.173426],[-0.354759,0.450892,-0.81905]]],3],[1734,[-0.692263,0.151414,-0.705582],173,50.5107,[-41.2999,111.032,-11.2123],[-41.1949,112.304,-11.0898],[-0.24038,17.3031,-0.54225],false,[0.299384,72.6141,88.297],[4.63458,101.235,38.0541],[-18.0879,107.117,11.6088],[-31.6277,110.079,-2.19159],[-44.0446,112.53,-13.893],[[[0.0820895,-0.869006,-0.487945],[0.993817,0.034648,0.105489],[-0.0747639,-0.493587,0.866477]],[[0.0618771,-0.961686,-0.267081],[0.763683,0.217909,-0.607704],[0.642619,-0.166362,0.747907]],[[0.0618771,-0.961686,-0.267081],[0.718988,0.228549,-0.65637],[0.692263,-0.151414,0.705582]],[[0.0618771,-0.961686,-0.267081],[0.690826,0.234403,-0.68397],[0.720369,-0.142184,0.678861]]],4]],[[0,200,0],[235.247,235.247,147.751]]],[256715,4626203263,[[173,"right",[0.055799,0.719064,-0.692701],[-0.892686,-0.274822,-0.35719],[-13.0615,118.325,69.2701],[-11.3572,13.8969,2.49916],[-12.677,117.385,69.0712],0.622383,0.655977,0.719353,[[0.402219,-0.638675,-0.655983],[0.345014,0.76941,-0.537562],[0.848048,-0.0101058,0.529824]],63.72,[220.164,73.0887,246.495],[-8.80929,75.8172,103.443]]],[[1730,[-0.469,0.650691,-0.597194],173,52.1164,[-74.8543,142.862,52.727],[-75.3515,143.135,52.7998],[-3.95208,14.7576,-0.603933],false,[-31.3904,88.5851,119.818],[-31.3904,88.5851,119.818],[-54.9163,121.546,90.6307],[-70.9072,143.732,70.269],[-75.8881,143.751,47.4016],[[[0.989287,0.129273,-0.0678157],[0.0175323,0.355975,0.934331],[0.144924,-0.925511,0.349895]],[[0.870726,0.453888,-0.189268],[-0.140415,0.598317,0.78886],[0.471296,-0.660305,0.584703]],[[0.870726,0.453888,-0.189268],[-0.147904,0.608758,0.779447],[0.469,-0.650691,0.597194]],[[0.870726,0.453888,-0.189268],[-0.44333,0.891058,0.0973307],[0.212826,-0.000840299,0.97709]]],0],[1731,[-0.11903,-0.875534,0.468264],173,58.8075,[-56.1109,114.196,71.87],[-56.0906,114.326,71.7542],[-10.8565,1.65892,-5.48532],false,[-9.73138,96.505,114.336],[-20.9346,152.876,68.4097],[-59.4615,143.873,51.6653],[-62.3385,122.711,62.9834],[-54.6707,112.076,73.9387],[[[0.450231,-0.508501,-0.733974],[0.879831,0.392831,0.267547],[0.15228,-0.766231,0.62426]],[[0.441941,-0.469042,-0.764649],[0.0225611,0.857952,-0.513235],[0.89676,0.209568,0.389746]],[[0.441941,-0.469042,-0.764649],[-0.889112,-0.115929,-0.442764],[0.11903,0.875534,-0.468264]],[[0.441941,-0.469042,-0.764649],[-0.77671,-0.626538,-0.0645885],[-0.448787,0.622455,-0.641202]]],1],[1732,[-0.192251,-0.73612,0.648973],173,67.0064,[-54.1702,102.989,71.3453],[-54.0421,103.288,70.8198],[-7.87784,2.50611,-7.72977],false,[-2.83916,91.4311,105.484],[-9.15082,139.492,55.305],[-54.7449,132.258,41.4438],[-60.2118,111.325,59.8983],[-52.5657,101.102,73.6883],[[[0.310035,-0.666815,-0.67767],[0.946411,0.28429,0.153248],[0.0904664,-0.688867,0.71922]],[[0.31083,-0.672937,-0.671223],[0.0927796,0.724314,-0.6832],[0.945926,0.150083,0.287573]],[[0.31083,-0.672937,-0.671223],[-0.930819,-0.0726773,-0.358181],[0.192251,0.73612,-0.648973]],[[0.31083,-0.672937,-0.671223],[-0.858971,-0.501203,0.10471],[-0.406882,0.544014,-0.733823]]],2],[1733,[-0.242816,-0.599054,0.763004],173,64.4285,[-44.445,91.5316,68.482],[-44.1363,92.1394,67.75],[-3.74905,6.18906,-8.1365],false,[1.72884,84.1006,96.7471],[0.262951,120.904,46.08],[-42.6062,115.315,34.7985],[-49.3326,98.72,55.9352],[-42.7075,90.2831,71.2329],[[[0.247736,-0.78044,-0.574056],[0.968545,0.213818,0.127289],[0.0234017,-0.587533,0.808862]],[[0.248355,-0.798719,-0.548059],[0.133121,0.588559,-0.797419],[0.959478,0.125084,0.252498]],[[0.248355,-0.798719,-0.548059],[-0.937742,-0.0564183,-0.342719],[0.242816,0.599054,-0.763004]],[[0.248355,-0.798719,-0.548059],[-0.901437,-0.397677,0.17107],[-0.354587,0.451554,-0.818759]]],3],[1734,[-0.69212,0.150336,-0.705953],173,50.5107,[-41.2933,111.142,-11.2105],[-41.2137,112.525,-11.102],[-1.45032,18.8134,-0.12164],false,[0.240634,72.779,88.2521],[4.59233,101.52,38.0794],[-18.1377,107.368,11.6328],[-31.6747,110.308,-2.17479],[-44.0855,112.74,-13.8866],[[[0.0853194,-0.867724,-0.489669],[0.993523,0.0370753,0.107411],[-0.0750483,-0.495661,0.865267]],[[0.0648717,-0.961153,-0.268283],[0.763256,0.220981,-0.60713],[0.642831,-0.165383,0.747942]],[[0.0648717,-0.961153,-0.268283],[0.718862,0.23148,-0.655481],[0.69212,-0.150336,0.705953]],[[0.0648717,-0.961153,-0.268283],[0.690917,0.237247,-0.682897],[0.720018,-0.141061,0.679468]]],4]],[[0,200,0],[235.247,235.247,147.751]]],[256716,4626211833,[[173,"right",[0.0553575,0.720188,-0.691566],[-0.891729,-0.275926,-0.358726],[-13.1608,118.442,69.29],[-11.4172,13.8201,2.45242],[-12.6927,117.419,69.0783],0.62115,0.65968,0.714103,[[0.402906,-0.636934,-0.657254],[0.344627,0.770845,-0.535752],[0.847879,-0.0106493,0.530082]],63.72,[220.053,73.0158,246.528],[-8.87392,75.8912,103.405]]],[[1730,[-0.467575,0.651404,-0.597534],173,52.1164,[-74.8467,142.929,52.7236],[-75.3462,143.313,52.7892],[-2.61185,17.0865,-0.0713095],false,[-31.499,88.5935,119.77],[-31.499,88.5935,119.77],[-54.9715,121.658,90.6578],[-70.9138,143.868,70.2846],[-75.8734,143.973,47.4128],[[[0.989134,0.131183,-0.0663714],[0.0156992,0.354624,0.934877],[0.146177,-0.925761,0.348711]],[[0.87121,0.453969,-0.186832],[-0.141005,0.595952,0.790543],[0.470225,-0.662385,0.583211]],[[0.87121,0.453969,-0.186832],[-0.149558,0.607935,0.779774],[0.467575,-0.651404,0.597534]],[[0.87121,0.453969,-0.186832],[-0.442814,0.891006,0.100116],[0.211918,-0.00448981,0.977277]]],0],[1731,[-0.118037,-0.876451,0.466798],173,58.8075,[-56.1183,114.203,71.8613],[-56.1877,114.361,71.7114],[-10.9347,2.2797,-5.3222],false,[-9.84767,96.5611,114.328],[-21.096,152.98,68.4707],[-59.5853,143.931,51.6638],[-62.4383,122.747,62.9465],[-54.7651,112.11,73.8956],[[[0.452089,-0.50659,-0.734154],[0.878771,0.394044,0.269241],[0.152894,-0.766874,0.62332]],[[0.443763,-0.46709,-0.764788],[0.0216515,0.85876,-0.51192],[0.895882,0.210612,0.3912]],[[0.443763,-0.46709,-0.764788],[-0.888336,-0.116875,-0.444071],[0.118037,0.876451,-0.466798]],[[0.443763,-0.46709,-0.764788],[-0.775487,-0.62785,-0.0665155],[-0.449103,0.6226,-0.640839]]],1],[1732,[-0.191777,-0.737435,0.647619],173,67.0064,[-54.1717,102.992,71.3395],[-54.119,103.33,70.762],[-8.12182,3.089,-7.42832],false,[-2.93499,91.5129,105.477],[-9.27123,139.636,55.3611],[-54.8342,132.341,41.43],[-60.2876,111.371,59.846],[-52.641,101.141,73.6306],[[[0.312112,-0.665243,-0.678261],[0.945694,0.285794,0.154867],[0.0908187,-0.689764,0.718316]],[[0.31291,-0.671373,-0.671822],[0.0923602,0.7255,-0.681997],[0.945281,0.151354,0.289024]],[[0.31291,-0.671373,-0.671822],[-0.93022,-0.0738064,-0.359505],[0.191777,0.737435,-0.647619]],[[0.31291,-0.671373,-0.671822],[-0.858203,-0.502902,0.102847],[-0.40691,0.544378,-0.733537]]],2],[1733,[-0.242514,-0.600514,0.761952],173,64.4285,[-44.4426,91.5422,68.4705],[-44.1824,92.205,67.6947],[-4.04928,6.58248,-7.60785],false,[1.65747,84.2037,96.7351],[0.188226,121.079,46.1206],[-42.6564,115.426,34.778],[-49.3745,98.791,55.8856],[-42.7494,90.3474,71.1796],[[[0.24989,-0.779135,-0.574894],[0.96799,0.215401,0.128832],[0.0234553,-0.588685,0.808022]],[[0.250512,-0.797524,-0.548816],[0.133033,0.589873,-0.796462],[0.95893,0.126512,0.253867]],[[0.250512,-0.797524,-0.548816],[-0.937246,-0.0577821,-0.343846],[0.242514,0.600514,-0.761952]],[[0.250512,-0.797524,-0.548816],[-0.900841,-0.399661,0.16958],[-0.354584,0.451914,-0.818562]]],3],[1734,[-0.69282,0.149216,-0.705503],173,50.5107,[-41.2952,111.239,-11.2046],[-41.2628,112.652,-11.0816],[-3.69374,17.5651,1.5361],false,[0.200743,72.892,88.2215],[4.56321,101.715,38.0969],[-18.2027,107.526,11.673],[-31.7535,110.444,-2.12581],[-44.1729,112.856,-13.8326],[[[0.0875275,-0.866841,-0.490842],[0.993317,0.0387341,0.108724],[-0.0752341,-0.497078,0.864438]],[[0.0669022,-0.960836,-0.26892],[0.762223,0.223139,-0.607638],[0.643848,-0.164325,0.7473]],[[0.0669022,-0.960836,-0.26892],[0.718,0.233513,-0.655704],[0.69282,-0.149216,0.705503]],[[0.0669022,-0.960836,-0.26892],[0.690201,0.2392,-0.682939],[0.720519,-0.139919,0.679173]]],4]],[[0,200,0],[235.247,235.247,147.751]]],[256717,4626220924,[[173,"right",[0.0551754,0.721475,-0.690238],[-0.890791,-0.276715,-0.360445],[-13.2845,118.551,69.3398],[-12.0249,13.3331,3.2908],[-12.7131,117.458,69.0873],0.619323,0.668207,0.722217,[[0.40356,-0.635139,-0.658588],[0.344101,0.772318,-0.533966],[0.847782,-0.0111332,0.530229]],63.72,[219.923,72.9425,246.549],[-8.97755,75.9485,103.387]]],[[1730,[-0.466268,0.652746,-0.597091],173,52.1164,[-74.8423,143.009,52.7253],[-75.3772,143.528,52.8315],[-3.2127,19.8488,2.30297],false,[-31.6455,88.5865,119.743],[-31.6455,88.5865,119.743],[-55.0661,121.767,90.7208],[-70.9638,144.023,70.3626],[-75.915,144.246,47.4898],[[[0.989016,0.132865,-0.0647669],[0.0138378,0.353024,0.935512],[0.147161,-0.926132,0.347308]],[[0.871683,0.454112,-0.184257],[-0.141541,0.593244,0.792482],[0.469185,-0.664713,0.581397]],[[0.871683,0.454112,-0.184257],[-0.150873,0.606387,0.780725],[0.466268,-0.652746,0.597091]],[[0.871683,0.454112,-0.184257],[-0.442054,0.890894,0.104388],[0.211557,-0.00954137,0.977319]]],0],[1731,[-0.117315,-0.877456,0.465089],173,58.8075,[-56.1286,114.21,71.8515],[-56.3105,114.4,71.6918],[-11.595,2.79686,-4.40871],false,[-9.99927,96.5979,114.344],[-21.2734,153.078,68.5693],[-59.7249,143.999,51.6928],[-62.5605,122.79,62.9342],[-54.8858,112.146,73.8754],[[[0.453912,-0.504598,-0.734401],[0.87777,0.394968,0.271147],[0.153244,-0.767712,0.622201]],[[0.445563,-0.465047,-0.764987],[0.021014,0.859692,-0.51038],[0.895004,0.211331,0.39282]],[[0.445563,-0.465047,-0.764987],[-0.887531,-0.117482,-0.445519],[0.117315,0.877456,-0.465089]],[[0.445563,-0.465047,-0.764987],[-0.774406,-0.628948,-0.0687026],[-0.449187,0.623021,-0.640371]]],1],[1732,[-0.191564,-0.738867,0.646048],173,67.0064,[-54.1742,102.996,71.3325],[-54.2242,103.374,70.7248],[-9.02854,3.55996,-6.45943],false,[-3.0663,91.576,105.494],[-9.40926,139.776,55.4531],[-54.941,132.435,41.4444],[-60.3884,111.424,59.8157],[-52.7454,101.182,73.5933],[[[0.314109,-0.663569,-0.678979],[0.945024,0.287022,0.156679],[0.0909151,-0.690865,0.717244]],[[0.314908,-0.669708,-0.67255],[0.0922027,0.726837,-0.680593],[0.944633,0.152313,0.290636]],[[0.314908,-0.669708,-0.67255],[-0.929589,-0.0746091,-0.360967],[0.191564,0.738867,-0.646048]],[[0.314908,-0.669708,-0.67255],[-0.857566,-0.504412,0.100743],[-0.406711,0.545031,-0.733162]]],2],[1733,[-0.242313,-0.602063,0.760792],173,64.4285,[-44.4411,91.5538,68.4586],[-44.2564,92.2721,67.6622],[-4.98267,6.78824,-6.33423],false,[1.54989,84.2892,96.7461],[0.0924565,121.25,46.1937],[-42.728,115.544,34.7866],[-49.4405,98.8657,55.8621],[-42.8173,90.4116,71.1511],[[[0.251925,-0.777739,-0.575896],[0.967467,0.21671,0.130553],[0.0232668,-0.59005,0.807031]],[[0.252541,-0.796271,-0.549705],[0.133093,0.591307,-0.795388],[0.958389,0.127707,0.255308]],[[0.252541,-0.796271,-0.549705],[-0.936754,-0.0589309,-0.344993],[0.242313,0.602063,-0.760792]],[[0.252541,-0.796271,-0.549705],[-0.900313,-0.401515,0.167996],[-0.354485,0.452481,-0.818292]]],3],[1734,[-0.695127,0.147986,-0.70349],173,50.5107,[-41.3161,111.336,-11.1834],[-41.4139,112.768,-10.9612],[-9.74944,15.9891,6.96352],false,[0.122942,72.9901,88.2109],[4.5093,101.907,38.1425],[-18.3658,107.673,11.8033],[-31.9617,110.568,-1.95611],[-44.4125,112.959,-13.6337],[[[0.0895845,-0.865848,-0.492222],[0.993102,0.0401188,0.110174],[-0.0756461,-0.498697,0.863469]],[[0.0687476,-0.960413,-0.269963],[0.759439,0.225859,-0.610115],[0.646936,-0.163076,0.744903]],[[0.0687476,-0.960413,-0.269963],[0.715592,0.236022,-0.657436],[0.695127,-0.147986,0.70349]],[[0.0687476,-0.960413,-0.269963],[0.688115,0.24158,-0.684206],[0.722338,-0.138728,0.677483]]],4]],[[0,200,0],[235.247,235.247,147.751]]],[256718,4626229898,[[173,"right",[0.0561259,0.723571,-0.687964],[-0.890123,-0.275852,-0.362748],[-13.4511,118.601,69.3851],[-13.8134,11.2121,3.77217],[-12.7381,117.497,69.0974],0.617948,0.675858,0.724745,[[0.404513,-0.633126,-0.65994],[0.343171,0.773968,-0.532172],[0.847704,-0.0112015,0.530351]],63.72,[219.691,72.8727,246.505],[-9.18913,75.8971,103.311]]],[[1730,[-0.464406,0.654961,-0.596114],173,52.1164,[-74.8434,143.093,52.7316],[-75.4455,143.748,52.8826],[-4.93232,21.5696,4.13598],false,[-31.8873,88.4798,119.667],[-31.8873,88.4798,119.667],[-55.2295,121.825,90.7701],[-71.0637,144.156,70.4452],[-75.9957,144.511,47.57],[[[0.989087,0.133312,-0.0627337],[0.0122036,0.3502,0.936595],[0.146828,-0.92714,0.344751]],[[0.872489,0.453849,-0.181066],[-0.141777,0.589744,0.795048],[0.467614,-0.667999,0.57889]],[[0.872489,0.453849,-0.181066],[-0.151955,0.604191,0.782217],[0.464406,-0.654961,0.596114]],[[0.872489,0.453849,-0.181066],[-0.440855,0.890949,0.108885],[0.210738,-0.0151769,0.977425]]],0],[1731,[-0.117873,-0.878896,0.46222],173,58.8075,[-56.1424,114.218,71.841],[-56.4818,114.433,71.6512],[-13.5899,3.04972,-4.39896],false,[-10.2343,96.513,114.329],[-21.4476,153.128,68.7057],[-59.8689,144.091,51.7381],[-62.7179,122.848,62.9102],[-55.0588,112.172,73.8316],[[[0.455253,-0.502261,-0.735172],[0.877219,0.39437,0.273786],[0.152418,-0.769549,0.620131]],[[0.446943,-0.46261,-0.76566],[0.0216452,0.861246,-0.507727],[0.894301,0.210352,0.394941]],[[0.446943,-0.46261,-0.76566],[-0.886763,-0.116335,-0.447345],[0.117873,0.878896,-0.46222]],[[0.446943,-0.46261,-0.76566],[-0.774136,-0.628923,-0.0718973],[-0.44828,0.624859,-0.639215]]],1],[1732,[-0.192492,-0.740869,0.643475],173,67.0064,[-54.1783,103.001,71.3245],[-54.3924,103.412,70.6531],[-11.63,3.73239,-6.83054],false,[-3.28542,91.5197,105.474],[-9.55839,139.869,55.569],[-55.0648,132.56,41.4616],[-60.5386,111.492,59.7597],[-52.9165,101.21,73.5189],[[[0.315401,-0.661434,-0.680461],[0.94469,0.286789,0.159104],[0.0899119,-0.693006,0.715303]],[[0.31619,-0.667592,-0.67405],[0.0931793,0.728921,-0.678227],[0.944109,0.151641,0.292683]],[[0.31619,-0.667592,-0.67405],[-0.928962,-0.0737114,-0.362762],[0.192492,0.740869,-0.643475]],[[0.31619,-0.667592,-0.67405],[-0.857618,-0.504908,0.09777],[-0.405604,0.547164,-0.732186]]],2],[1733,[-0.242951,-0.604234,0.758865],173,64.4285,[-44.4416,91.5657,68.4462],[-44.4033,92.3246,67.5848],[-7.81165,6.53413,-6.7713],false,[1.34708,84.2605,96.7122],[-0.0366076,121.373,46.2693],[-42.8374,115.685,34.7802],[-49.5677,98.9467,55.8022],[-42.9578,90.4557,71.0765],[[[0.253076,-0.775931,-0.577826],[0.967194,0.216562,0.132802],[0.0220895,-0.592479,0.805283]],[[0.253657,-0.794657,-0.551524],[0.134127,0.593559,-0.793535],[0.95795,0.127311,0.257146]],[[0.253657,-0.794657,-0.551524],[-0.936287,-0.0584981,-0.346331],[0.242951,0.604234,-0.758865]],[[0.253657,-0.794657,-0.551524],[-0.90028,-0.40248,0.165851],[-0.353772,0.454456,-0.817505]]],3],[1734,[-0.696926,0.148757,-0.701545],173,50.5107,[-41.3519,111.431,-11.1537],[-41.5908,112.973,-10.8609],[-14.5959,17.8164,10.0123],false,[-0.0628595,72.9868,88.1406],[4.39853,102.056,38.167],[-18.5573,107.852,11.9046],[-32.1883,110.761,-1.81679],[-44.6646,113.165,-13.4645],[[[0.0906209,-0.864334,-0.494687],[0.992909,0.0400389,0.111932],[-0.0769401,-0.501322,0.861833]],[[0.0694114,-0.959665,-0.272444],[0.757429,0.22843,-0.611655],[0.649218,-0.163901,0.742733]],[[0.0694114,-0.959665,-0.272444],[0.713776,0.238569,-0.65849],[0.696926,-0.148757,0.701545]],[[0.0694114,-0.959665,-0.272444],[0.686492,0.244104,-0.68494],[0.723817,-0.139488,0.675745]]],4]],[[0,200,0],[235.247,235.247,147.751]]],[256719,4626239254,[[173,"right",[0.0575012,0.725325,-0.686001],[-0.889558,-0.274695,-0.365006],[-13.6278,118.641,69.4506],[-15.2552,9.23502,4.68746],[-12.7687,117.536,69.1096],0.616787,0.68211,0.727947,[[0.405099,-0.631623,-0.66102],[0.3424,0.775194,-0.530883],[0.847737,-0.0112732,0.530298]],63.72,[219.453,72.8048,246.454],[-9.43546,75.8486,103.273]]],[[1730,[-0.46236,0.656803,-0.595679],173,52.1164,[-74.8501,143.182,52.7409],[-75.5269,143.952,52.9252],[-6.47812,21.8378,4.81445],false,[-32.159,88.3948,119.623],[-32.159,88.3948,119.623],[-55.4127,121.881,90.8182],[-71.1771,144.275,70.5082],[-76.088,144.749,47.6305],[[[0.989227,0.133226,-0.0606684],[0.0106582,0.347786,0.937514],[0.146001,-0.92806,0.342619]],[[0.873383,0.453306,-0.17809],[-0.142106,0.586937,0.797064],[0.465841,-0.670834,0.577038]],[[0.873383,0.453306,-0.17809],[-0.153054,0.602597,0.783231],[0.46236,-0.656803,0.595679]],[[0.873383,0.453306,-0.17809],[-0.439514,0.891125,0.112799],[0.209833,-0.020244,0.977528]]],0],[1731,[-0.118912,-0.880062,0.459728],173,58.8075,[-56.1609,114.228,71.8292],[-56.6657,114.479,71.6287],[-15.245,3.57705,-3.79741],false,[-10.4947,96.4363,114.343],[-21.6147,153.172,68.8462],[-60.0087,144.189,51.7881],[-62.8828,122.917,62.9],[-55.2456,112.211,73.8069],[[[0.45641,-0.500481,-0.735669],[0.876837,0.393446,0.276327],[0.151149,-0.77118,0.618413]],[[0.44816,-0.460739,-0.766076],[0.0227537,0.862555,-0.505452],[0.893664,0.209092,0.397046]],[[0.44816,-0.460739,-0.766076],[-0.886009,-0.114936,-0.449196],[0.118912,0.880062,-0.459728]],[[0.44816,-0.460739,-0.766076],[-0.774172,-0.62853,-0.0748814],[-0.447001,0.626634,-0.638373]]],1],[1732,[-0.193848,-0.742479,0.641208],173,67.0064,[-54.1848,103.007,71.3146],[-54.5784,103.46,70.6046],[-13.9102,4.15024,-6.3191],false,[-3.5317,91.4641,105.488],[-9.70591,139.944,55.6961],[-55.1893,132.684,41.4892],[-60.7016,111.57,59.7228],[-53.1067,101.25,73.4689],[[[0.316423,-0.65976,-0.681611],[0.944481,0.286143,0.161486],[0.0884963,-0.694867,0.713673]],[[0.3172,-0.665934,-0.675216],[0.0945824,0.730648,-0.676171],[0.94363,0.150618,0.294747]],[[0.3172,-0.665934,-0.675216],[-0.928336,-0.0725019,-0.364604],[0.193848,0.742479,-0.641208]],[[0.3172,-0.665934,-0.675216],[-0.85793,-0.504918,0.0949427],[-0.404154,0.549172,-0.731485]]],2],[1733,[-0.243817,-0.605905,0.757253],173,64.4285,[-44.4445,91.5792,68.4323],[-44.5693,92.3831,67.5381],[-10.2643,6.46807,-6.05035],false,[1.11427,84.2263,96.715],[-0.172473,121.469,46.3654],[-42.9554,115.815,34.7935],[-49.7097,99.0298,55.7709],[-43.1153,90.5074,71.0345],[[[0.253892,-0.774505,-0.57938],[0.967014,0.215978,0.135043],[0.0205419,-0.594555,0.803792]],[[0.254425,-0.793431,-0.552933],[0.135517,0.595357,-0.79195],[0.95755,0.126561,0.258997]],[[0.254425,-0.793431,-0.552933],[-0.935853,-0.0578498,-0.34761],[0.243817,0.605905,-0.757253]],[[0.254425,-0.793431,-0.552933],[-0.900389,-0.403001,0.163983],[-0.352941,0.456133,-0.81693]]],3],[1734,[-0.698177,0.149691,-0.700102],173,50.5107,[-41.3989,111.528,-11.1166],[-41.7562,113.154,-10.7548],[-17.0621,18.26,11.845],false,[-0.283497,72.9751,88.1119],[4.27203,102.172,38.2211],[-18.7365,108.002,12.0127],[-32.392,110.93,-1.68044],[-44.8868,113.35,-13.3051],[[[0.0912706,-0.863081,-0.496751],[0.992722,0.039503,0.113763],[-0.0785637,-0.503519,0.860405]],[[0.0696194,-0.959067,-0.274489],[0.756129,0.230215,-0.612593],[0.650709,-0.164901,0.741206]],[[0.0696194,-0.959067,-0.274489],[0.712533,0.240382,-0.659177],[0.698177,-0.149691,0.700102]],[[0.0696194,-0.959067,-0.274489],[0.685339,0.245926,-0.685442],[0.724888,-0.140398,0.674407]]],4]],[[0,200,0],[235.247,235.247,147.751]]],[256720,4626247997,[[173,"right",[0.0574959,0.726335,-0.684932],[-0.889273,-0.274557,-0.365802],[-13.7625,118.712,69.5193],[-15.2942,8.92457,5.53861],[-12.7998,117.573,69.1224],0.616448,0.688417,0.710153,[[0.405441,-0.63051,-0.661872],[0.342004,0.776095,-0.529821],[0.847733,-0.0115514,0.530298]],63.72,[219.321,72.7536,246.463],[-9.5668,75.8724,103.283]]],[[1730,[-0.461969,0.657332,-0.595399],173,52.1164,[-74.8616,143.262,52.7529],[-75.6335,144.063,53.0044],[-8.30079,19.1627,6.0715],false,[-32.3032,88.3854,119.639],[-32.3032,88.3854,119.639],[-55.5457,121.928,90.8917],[-71.2969,144.34,70.5912],[-76.203,144.864,47.7136],[[[0.989196,0.133742,-0.0600294],[0.0100835,0.346443,0.938017],[0.146249,-0.928488,0.341351]],[[0.873462,0.45361,-0.176924],[-0.142349,0.585409,0.798144],[0.465619,-0.671963,0.575903]],[[0.873462,0.45361,-0.176924],[-0.153781,0.601792,0.783708],[0.461969,-0.657332,0.595399]],[[0.873462,0.45361,-0.176924],[-0.439453,0.890919,0.114652],[0.209632,-0.0223945,0.977524]]],0],[1731,[-0.118756,-0.880782,0.458389],173,58.8075,[-56.1816,114.239,71.8189],[-56.8015,114.529,71.6698],[-15.2783,4.13481,-1.47932],false,[-10.64,96.4438,114.381],[-21.7641,153.24,68.9609],[-60.1465,144.265,51.8723],[-63.0168,122.976,62.9517],[-55.38,112.257,73.8466],[[[0.45696,-0.499226,-0.73618],[0.876541,0.393429,0.277289],[0.151205,-0.772002,0.617373]],[[0.448704,-0.459433,-0.766542],[0.0226195,0.863299,-0.504185],[0.893394,0.208891,0.397758]],[[0.448704,-0.459433,-0.766542],[-0.885755,-0.11465,-0.449771],[0.118756,0.880782,-0.458389]],[[0.448704,-0.459433,-0.766542],[-0.773873,-0.628746,-0.0761513],[-0.446973,0.627375,-0.637664]]],1],[1732,[-0.193865,-0.743488,0.640032],173,67.0064,[-54.1932,103.014,71.3043],[-54.71,103.513,70.6296],[-14.1752,4.64934,-3.81062],false,[-3.67083,91.4873,105.522],[-9.8436,140.036,55.7972],[-55.3172,132.778,41.5579],[-60.83,111.636,59.7581],[-53.2376,101.299,73.4929],[[[0.317018,-0.658642,-0.682415],[0.944284,0.28632,0.162324],[0.0884757,-0.695853,0.712714]],[[0.317794,-0.664825,-0.676029],[0.0946105,0.731667,-0.675065],[0.943428,0.150572,0.295419]],[[0.317794,-0.664825,-0.676029],[-0.928129,-0.0723403,-0.365163],[0.193865,0.743488,-0.640032]],[[0.317794,-0.664825,-0.676029],[-0.85777,-0.505403,0.0937975],[-0.404026,0.550069,-0.730881]]],2],[1733,[-0.243188,-0.606875,0.756678],173,64.4285,[-44.4488,91.5938,68.419],[-44.6749,92.4493,67.5661],[-10.3395,6.76359,-3.32904],false,[0.982256,84.2642,96.7409],[-0.297923,121.579,46.4443],[-43.0743,115.914,34.8531],[-49.8111,99.1026,55.8146],[-43.2047,90.5716,71.0681],[[[0.25449,-0.773561,-0.580377],[0.966859,0.216203,0.13579],[0.0204371,-0.5957,0.802947]],[[0.255023,-0.792656,-0.553769],[0.135432,0.596341,-0.791224],[0.957404,0.126782,0.259431]],[[0.255023,-0.792656,-0.553769],[-0.935854,-0.0583005,-0.347531],[0.243188,0.606875,-0.756678]],[[0.255023,-0.792656,-0.553769],[-0.899967,-0.404003,0.163829],[-0.353584,0.456594,-0.816395]]],3],[1734,[-0.70054,0.149581,-0.69776],173,50.5107,[-41.4529,111.611,-11.0746],[-41.9857,113.267,-10.5931],[-21.0852,17.0042,15.1279],false,[-0.406735,73.0247,88.1211],[4.15865,102.295,38.2744],[-18.9418,108.125,12.1468],[-32.6435,111.051,-1.50053],[-45.1759,113.468,-13.0852],[[[0.0918701,-0.862326,-0.497949],[0.992653,0.0397703,0.114269],[-0.0787336,-0.504789,0.859645]],[[0.0701723,-0.958607,-0.275952],[0.753833,0.232133,-0.614696],[0.653309,-0.164887,0.738918]],[[0.0701723,-0.958607,-0.275952],[0.710155,0.242279,-0.661046],[0.70054,-0.149581,0.69776]],[[0.0701723,-0.958607,-0.275952],[0.68297,0.247798,-0.68713],[0.727068,-0.140249,0.672088]]],4]],[[0,200,0],[235.247,235.247,147.751]]],[256721,4626257413,[[173,"right",[0.0568588,0.72729,-0.683971],[-0.886958,-0.277708,-0.36903],[-14.3191,118.937,69.623],[-27.7939,13.2029,7.0988],[-12.8505,117.618,69.1391],0.615687,0.694403,0.711325,[[0.405545,-0.628087,-0.664108],[0.341269,0.778039,-0.527438],[0.847979,-0.01274,0.529877]],63.72,[218.89,72.6389,246.421],[-10.064,76.0787,103.355]]],[[1730,[-0.461577,0.656471,-0.596651],173,52.1164,[-74.9011,143.347,52.7641],[-76.1582,144.174,52.968],[-22.1595,17.3483,4.06919],false,[-32.904,88.4834,119.649],[-32.904,88.4834,119.649],[-56.1508,122.053,90.9368],[-71.8885,144.436,70.5936],[-76.7219,144.992,47.7013],[[[0.988848,0.137749,-0.0566172],[0.00560367,0.345477,0.93841],[0.148825,-0.928262,0.340852]],[[0.872817,0.456283,-0.173193],[-0.145981,0.582702,0.799468],[0.465703,-0.672507,0.5752]],[[0.872817,0.456283,-0.173193],[-0.158545,0.600709,0.783589],[0.461577,-0.656471,0.596651]],[[0.872817,0.456283,-0.173193],[-0.442198,0.889517,0.114976],[0.20652,-0.0237675,0.978154]]],0],[1731,[-0.116773,-0.881747,0.457041],173,58.8075,[-56.2177,114.252,71.8063],[-57.3501,114.582,71.6244],[-27.4848,4.49384,-2.4213],false,[-11.256,96.6337,114.471],[-22.4565,153.433,69.0746],[-60.7462,144.325,51.8493],[-63.5686,123.013,62.8962],[-55.9253,112.312,73.8047],[[[0.461376,-0.496612,-0.735192],[0.874044,0.396623,0.280601],[0.152244,-0.772053,0.617054]],[[0.45306,-0.456811,-0.765546],[0.0208525,0.863931,-0.503177],[0.891236,0.212006,0.400938]],[[0.45306,-0.456811,-0.765546],[-0.883799,-0.117672,-0.452827],[0.116773,0.881747,-0.457041]],[[0.45306,-0.456811,-0.765546],[-0.771111,-0.631732,-0.0793913],[-0.447353,0.62629,-0.638464]]],1],[1732,[-0.193062,-0.744944,0.638581],173,67.0064,[-54.2101,103.024,71.2909],[-55.2124,103.576,70.5783],[-25.2973,5.17992,-4.25463],false,[-4.23782,91.7145,105.63],[-10.44,140.291,55.9365],[-55.8368,132.869,41.5378],[-61.3268,111.685,59.6967],[-53.7393,101.364,73.4456],[[[0.321895,-0.656643,-0.682058],[0.942593,0.289908,0.165747],[0.0888975,-0.696256,0.712267]],[[0.322675,-0.662829,-0.675677],[0.093961,0.732767,-0.673962],[0.941834,0.153983,0.298726]],[[0.322675,-0.662829,-0.675677],[-0.926611,-0.0756066,-0.368342],[0.193062,0.744944,-0.638581]],[[0.322675,-0.662829,-0.675677],[-0.85607,-0.508894,0.0903939],[-0.403763,0.549259,-0.731635]]],2],[1733,[-0.242022,-0.608337,0.755878],173,64.4285,[-44.4609,91.613,68.4034],[-45.0888,92.563,67.557],[-19.2626,8.28521,-2.30288],false,[0.473014,84.5194,96.8568],[-0.789946,121.882,46.5957],[-43.5067,116.048,34.8697],[-50.2112,99.1957,55.809],[-43.5942,90.6918,71.073],[[[0.25949,-0.77192,-0.580349],[0.965535,0.21991,0.139215],[0.0201622,-0.596472,0.80238]],[[0.260014,-0.791209,-0.553518],[0.135367,0.597441,-0.790405],[0.956069,0.130588,0.262447]],[[0.260014,-0.791209,-0.553518],[-0.934782,-0.0625754,-0.349666],[0.242022,0.608337,-0.755878]],[[0.260014,-0.791209,-0.553518],[-0.898313,-0.408452,0.161868],[-0.354157,0.455144,-0.816956]]],3],[1734,[-0.701241,0.146811,-0.697645],173,50.5107,[-41.53,111.699,-11.0258],[-42.3855,113.408,-10.4777],[-28.4516,16.6349,15.564],false,[-0.842649,73.2837,88.2205],[3.77049,102.625,38.4201],[-19.3627,108.366,12.3016],[-33.0781,111.237,-1.34346],[-45.6197,113.605,-12.9284],[[[0.0969537,-0.86142,-0.498553],[0.992104,0.0436049,0.117592],[-0.0795571,-0.506018,0.858846]],[[0.074926,-0.957971,-0.276906],[0.752571,0.236507,-0.614574],[0.654234,-0.162344,0.738662]],[[0.074926,-0.957971,-0.276906],[0.708976,0.24645,-0.660768],[0.701241,-0.146811,0.697645]],[[0.074926,-0.957971,-0.276906],[0.681896,0.251836,-0.686729],[0.727602,-0.137367,0.672105]]],4]],[[0,200,0],[235.247,235.247,147.751]]],[256722,4626266091,[[173,"right",[0.0546279,0.727361,-0.684078],[-0.88593,-0.280716,-0.369225],[-14.626,119.177,69.7347],[-29.8111,17.0529,8.63585],[-12.905,117.666,69.1574],0.613922,0.699714,0.692729,[[0.405378,-0.626667,-0.66555],[0.341185,0.779163,-0.525831],[0.848093,-0.0139155,0.529665]],63.72,[218.747,72.5816,246.484],[-10.2378,76.3388,103.475]]],[[1730,[-0.462899,0.655689,-0.596486],173,52.1164,[-74.951,143.428,52.7834],[-76.4884,144.369,53.1355],[-27.4011,19.4349,9.49433],false,[-33.1233,88.6702,119.761],[-33.1233,88.6702,119.761],[-56.4533,122.26,91.1391],[-72.2361,144.616,70.8015],[-77.0897,145.222,47.9148],[[[0.9884,0.141024,-0.0563717],[0.00420008,0.345651,0.938354],[0.151816,-0.927706,0.341049]],[[0.871826,0.458345,-0.172738],[-0.146575,0.580627,0.800867],[0.46737,-0.672898,0.573388]],[[0.871826,0.458345,-0.172738],[-0.160134,0.599993,0.783815],[0.462899,-0.655689,0.596486]],[[0.871826,0.458345,-0.172738],[-0.443745,0.888396,0.117654],[0.207386,-0.0259221,0.977916]]],0],[1731,[-0.113984,-0.882062,0.457138],173,58.8075,[-56.2584,114.266,71.7968],[-57.6448,114.68,71.723],[-29.1847,6.26084,1.28107],false,[-11.501,96.8916,114.587],[-22.8779,153.646,69.1783],[-61.1324,144.409,51.9438],[-63.8875,123.089,62.993],[-56.2118,112.415,73.9053],[[[0.463224,-0.4952,-0.734983],[0.872645,0.399572,0.280771],[0.154641,-0.77144,0.617225]],[[0.454782,-0.455421,-0.765353],[0.0181301,0.863921,-0.503301],[0.890418,0.215016,0.401152]],[[0.454782,-0.455421,-0.765353],[-0.883279,-0.12066,-0.453056],[0.113984,0.882062,-0.457138]],[[0.454782,-0.455421,-0.765353],[-0.768993,-0.634293,-0.0795106],[-0.449247,0.624711,-0.638681]]],1],[1732,[-0.190806,-0.745479,0.638634],173,67.0064,[-54.2311,103.035,71.2785],[-55.4713,103.682,70.6783],[-26.4793,7.00581,-0.0155754],false,[-4.46417,91.9943,105.749],[-10.8142,140.542,56.0456],[-56.182,132.968,41.6345],[-61.6079,111.769,59.795],[-53.9905,101.474,73.5477],[[[0.324261,-0.655684,-0.68186],[0.941579,0.293067,0.165955],[0.0910168,-0.695838,0.712408]],[[0.32506,-0.661865,-0.675478],[0.0917467,0.732969,-0.674047],[0.941233,0.157133,0.298983]],[[0.32506,-0.661865,-0.675478],[-0.926245,-0.0787087,-0.368613],[0.190806,0.745479,-0.638634]],[[0.32506,-0.661865,-0.675478],[-0.854415,-0.511699,0.0902171],[-0.405353,0.547813,-0.73184]]],2],[1733,[-0.239328,-0.608756,0.756398],173,64.4285,[-44.4761,91.6344,68.3905],[-45.2853,92.7077,67.6785],[-19.7026,10.5186,2.30393],false,[0.272935,84.8134,96.9783],[-1.1005,122.164,46.7106],[-43.7959,116.176,34.9839],[-50.4257,99.3118,55.9376],[-43.7658,90.845,71.2037],[[[0.262211,-0.77115,-0.580149],[0.964761,0.223141,0.13944],[0.0219258,-0.596268,0.802486]],[[0.262796,-0.790574,-0.553111],[0.133366,0.597521,-0.790685],[0.95559,0.134023,0.262461]],[[0.262796,-0.790574,-0.553111],[-0.934698,-0.0664033,-0.349185],[0.239328,0.608756,-0.756398]],[[0.262796,-0.790574,-0.553111],[-0.896594,-0.411877,0.162713],[-0.35645,0.453156,-0.817064]]],3],[1734,[-0.70368,0.143742,-0.695825],173,50.5107,[-41.6141,111.774,-10.9738],[-42.7701,113.492,-10.2711],[-33.7159,14.9717,18.8509],false,[-1.00303,73.572,88.3436],[3.52613,102.92,38.5395],[-19.7039,108.557,12.4845],[-33.4671,111.369,-1.12495],[-46.047,113.683,-12.6791],[[[0.0999515,-0.861177,-0.498382],[0.991922,0.0469213,0.117855],[-0.0781089,-0.506135,0.85891]],[[0.0782058,-0.957702,-0.276929],[0.749847,0.239562,-0.616717],[0.656973,-0.159424,0.736865]],[[0.0782058,-0.957702,-0.276929],[0.7062,0.249287,-0.662675],[0.70368,-0.143742,0.695825]],[[0.0782058,-0.957702,-0.276929],[0.679139,0.254535,-0.688464],[0.729831,-0.134232,0.670319]]],4]],[[0,200,0],[235.247,235.247,147.751]]],[256723,4626275115,[[173,"right",[0.0493766,0.726515,-0.685375],[-0.883097,-0.288811,-0.369768],[-15.1838,119.576,69.7848],[-38.6171,24.512,7.78679],[-12.9793,117.729,69.1778],0.611968,0.705266,0.697157,[[0.405409,-0.624021,-0.668013],[0.341174,0.781244,-0.52274],[0.848082,-0.0159856,0.529623]],63.72,[218.504,72.5224,246.609],[-10.4785,76.8385,103.61]]],[[1730,[-0.466492,0.651749,-0.598003],173,52.1164,[-75.0324,143.509,52.8039],[-77.1536,144.403,53.1346],[-40.868,15.9963,7.91591],false,[-33.4864,89.0083,119.846],[-33.4864,89.0083,119.846],[-57.0179,122.457,91.2244],[-72.9232,144.679,70.8351],[-77.7791,145.285,47.9488],[[[0.987253,0.149188,-0.055441],[0.000157829,0.347424,0.937708],[0.159156,-0.925764,0.342972]],[[0.868932,0.464053,-0.17208],[-0.15077,0.579347,0.801015],[0.471407,-0.670084,0.573378]],[[0.868932,0.464053,-0.17208],[-0.165352,0.599898,0.782803],[0.466492,-0.651749,0.598003]],[[0.868932,0.464053,-0.17208],[-0.449341,0.885429,0.118776],[0.207483,-0.0258858,0.977896]]],0],[1731,[-0.107176,-0.882139,0.458633],173,58.8075,[-56.3149,114.282,71.7868],[-58.1679,114.724,71.7273],[-37.0977,5.73199,1.07352],false,[-11.9273,97.4008,114.683],[-23.7232,153.973,69.1537],[-61.8779,144.384,51.89],[-64.4684,123.063,62.9754],[-56.7173,112.474,73.9167],[[[0.468252,-0.492675,-0.733492],[0.868926,0.407387,0.281076],[0.160336,-0.768965,0.618858]],[[0.459512,-0.453016,-0.763954],[0.011528,0.863112,-0.504881],[0.888097,0.223192,0.401833]],[[0.459512,-0.453016,-0.763954],[-0.881681,-0.12887,-0.453906],[0.107176,0.882139,-0.458633]],[[0.459512,-0.453016,-0.763954],[-0.763568,-0.640844,-0.0792671],[-0.453666,0.619755,-0.640384]]],1],[1732,[-0.185392,-0.745862,0.639781],173,67.0064,[-54.2622,103.049,71.2647],[-55.9021,103.743,70.7047],[-32.3206,6.8182,0.819952],false,[-4.83893,92.5461,105.862],[-11.5342,140.946,56.0603],[-56.8191,132.967,41.6072],[-62.091,111.757,59.8003],[-54.4052,101.552,73.5816],[[[0.330572,-0.654218,-0.680236],[0.938889,0.301248,0.166543],[0.0959644,-0.693721,0.713822]],[[0.331415,-0.66038,-0.673842],[0.086474,0.73246,-0.675296],[0.939514,0.165533,0.299853]],[[0.331415,-0.66038,-0.673842],[-0.925091,-0.0871077,-0.369619],[0.185392,0.745862,-0.639781]],[[0.331415,-0.66038,-0.673842],[-0.85023,-0.518641,0.0901127],[-0.408991,0.543056,-0.73336]]],2],[1733,[-0.23335,-0.608891,0.758155],173,64.4285,[-44.4978,91.6604,68.3788],[-45.5736,92.8533,67.7735],[-22.2372,11.9797,5.16768],false,[-0.0311494,85.3887,97.1108],[-1.65554,122.632,46.7715],[-44.2893,116.24,35.034],[-50.7535,99.3724,56.0364],[-44.0068,91.0124,71.3231],[[[0.269366,-0.77001,-0.578383],[0.962689,0.231469,0.140188],[0.0259321,-0.594565,0.803629]],[[0.270086,-0.789586,-0.551005],[0.128594,0.596727,-0.792073],[0.95421,0.143072,0.262704]],[[0.270086,-0.789586,-0.551005],[-0.934131,-0.0761906,-0.348703],[0.23335,0.608891,-0.758155]],[[0.270086,-0.789586,-0.551005],[-0.892559,-0.419945,0.164272],[-0.361099,0.447437,-0.818174]]],3],[1734,[-0.706305,0.135965,-0.694728],173,50.5107,[-41.7224,111.843,-10.9159],[-43.3086,113.456,-10.1323],[-41.8432,10.0044,19.0063],false,[-1.20242,74.1209,88.4957],[3.14198,103.413,38.6421],[-20.1914,108.787,12.6239],[-34.0058,111.447,-0.964129],[-46.6273,113.623,-12.4996],[[[0.107766,-0.861238,-0.496644],[0.991349,0.055443,0.118966],[-0.0749224,-0.505168,0.859763]],[[0.0865962,-0.957417,-0.275415],[0.746351,0.245465,-0.618633],[0.659895,-0.151985,0.735826]],[[0.0865962,-0.957417,-0.275415],[0.702592,0.254688,-0.664454],[0.706305,-0.135965,0.694728]],[[0.0865962,-0.957417,-0.275415],[0.675519,0.259623,-0.690123],[0.73224,-0.126286,0.669235]]],4]],[[0,200,0],[235.247,235.247,147.751]]],[256724,4626284181,[[173,"right",[0.0450549,0.725031,-0.687241],[-0.882161,-0.29395,-0.367947],[-15.4682,119.831,69.8379],[-36.6162,25.5372,7.25324],[-13.0623,117.799,69.1998],0.611224,0.711837,0.701629,[[0.40475,-0.62334,-0.669048],[0.341666,0.781756,-0.521653],[0.848199,-0.0174515,0.52939]],63.72,[218.497,72.49,246.699],[-10.5168,77.2019,103.764]]],[[1730,[-0.469645,0.648247,-0.599341],173,52.1164,[-75.1266,143.586,52.8279],[-77.5254,144.415,53.2322],[-41.3293,11.9079,8.9726],false,[-33.5626,89.302,119.998],[-33.5626,89.302,119.998],[-57.2663,122.625,91.371],[-73.2791,144.727,70.9361],[-78.1736,145.285,48.0569],[[[0.986459,0.153766,-0.0570433],[-0.000345336,0.349759,0.93684],[0.164006,-0.924135,0.345076]],[[0.866894,0.467112,-0.174072],[-0.151678,0.579807,0.800511],[0.474856,-0.667556,0.573481]],[[0.866894,0.467112,-0.174072],[-0.167118,0.601317,0.781338],[0.469645,-0.648247,0.599341]],[[0.866894,0.467112,-0.174072],[-0.452501,0.883877,0.118339],[0.209136,-0.0238203,0.977596]]],0],[1731,[-0.102406,-0.881503,0.46094],173,58.8075,[-56.3788,114.3,71.7798],[-58.4282,114.78,71.8439],[-34.778,5.77121,4.36564],false,[-12.0503,97.7845,114.787],[-24.1728,154.186,69.1319],[-62.3026,144.373,51.9394],[-64.7778,123.067,63.0805],[-56.9628,112.542,74.0383],[[[0.469697,-0.49226,-0.732848],[0.867314,0.412235,0.278978],[0.164776,-0.766644,0.620569]],[[0.460727,-0.452709,-0.763404],[0.00678815,0.861905,-0.507025],[0.887516,0.228418,0.400176]],[[0.460727,-0.452709,-0.763404],[-0.881614,-0.13419,-0.452492],[0.102406,0.881503,-0.46094]],[[0.460727,-0.452709,-0.763404],[-0.7606,-0.64467,-0.0767363],[-0.457404,0.615999,-0.641347]]],1],[1732,[-0.181079,-0.745147,0.641846],173,67.0064,[-54.2991,103.065,71.2523],[-56.1122,103.809,70.8447],[-29.7866,6.84576,4.90273],false,[-4.94966,92.9417,105.97],[-11.9378,141.184,56.0557],[-57.2018,132.955,41.6777],[-62.351,111.765,59.9295],[-54.6001,101.631,73.7266],[[[0.332856,-0.654325,-0.679018],[0.937643,0.306146,0.164622],[0.100163,-0.691472,0.715426]],[[0.333736,-0.660466,-0.67261],[0.0821733,0.731185,-0.677211],[0.939078,0.170739,0.298296]],[[0.333736,-0.660466,-0.67261],[-0.925111,-0.0924115,-0.368279],[0.181079,0.745147,-0.641846]],[[0.333736,-0.660466,-0.67261],[-0.847644,-0.522451,0.0924335],[-0.412455,0.539286,-0.734201]]],2],[1733,[-0.228092,-0.607706,0.760702],173,64.4285,[-44.5209,91.6879,68.3715],[-45.6978,92.964,67.9605],[-19.2675,11.9578,9.94313],false,[-0.118528,85.7857,97.23],[-1.9832,122.895,46.8002],[-44.6041,116.247,35.1588],[-50.9227,99.4122,56.2318],[-44.0915,91.1407,71.5291],[[[0.272331,-0.770154,-0.576801],[0.961743,0.236417,0.138411],[0.029768,-0.592428,0.805073]],[[0.273186,-0.789858,-0.549085],[0.124093,0.594964,-0.794115],[0.953924,0.148804,0.260551]],[[0.273186,-0.789858,-0.549085],[-0.934528,-0.082571,-0.346177],[0.228092,0.607706,-0.760702]],[[0.273186,-0.789858,-0.549085],[-0.88977,-0.424425,0.167847],[-0.365621,0.442706,-0.818739]]],3],[1734,[-0.710529,0.130082,-0.691539],173,50.5107,[-41.8475,111.899,-10.8495],[-43.8126,113.32,-9.89408],[-46.8331,3.25938,22.3234],fa