{"metadata":{"formatVersion":2,"generatedBy":"LeapJS Playback 0.2.1","frames":78,"protocolVersion":6,"serviceVersion":"2.2.6+29154","frameRate":"1.1e+2","modified":"Thu Jun 04 2015 14:42:13 GMT-0300 (E. South America Standard Time)"},"frames":[["id","timestamp",{"hands":[["id","type","direction","palmNormal","palmPosition","palmVelocity","stabilizedPalmPosition","pinchStrength","grabStrength","confidence","armBasis","armWidth","elbow","wrist"]]},{"pointables":[["id","direction","handId","length","stabilizedTipPosition","tipPosition","tipVelocity","tool","carpPosition","mcpPosition","pipPosition","dipPosition","btipPosition","bases","type"]]},{"interactionBox":["center","size"]}],[207945,3919441866,[[116,"right",[-0.356007,0.459031,-0.813971],[-0.341052,-0.87478,-0.344157],[-68.6618,165.292,37.0979],[179.526,-18.5022,-54.0299],[-78.9644,166.232,40.0956],1,0,0.688011,[[0.514651,-0.00270158,-0.857396],[0.249575,0.957165,0.146791],[0.820272,-0.289531,0.49328]],63.5027,[179.293,65.2699,211.56],[-41.4253,143.177,78.829]]],[[1160,[-0.0459542,-0.278887,-0.959224],116,51.9386,[-86.8523,114.396,5.30533],[-87.1576,114.678,4.90909],[196.106,-33.6482,-25.7663],false,[-68.6001,136.602,91.1964],[-68.6001,136.602,91.1964],[-95.8956,129.763,50.1722],[-97.4571,120.287,17.5784],[-82.5425,112.446,1.45117],[[[0.585673,0.809593,-0.0393228],[-0.40873,0.336881,0.848205],[0.699948,-0.480698,0.528207]],[[0.188931,0.940481,-0.282489],[-0.814404,0.310798,0.490052],[0.548682,0.137474,0.824651]],[[0.188931,0.940481,-0.282489],[-0.980915,0.194208,-0.00947117],[0.0459542,0.278887,0.959224]],[[0.188931,0.940481,-0.282489],[-0.745253,-0.0500031,-0.664904],[-0.639456,0.336146,0.691449]]],0],[1161,[-0.38892,0.427884,-0.815877],116,58.6069,[-138.874,218.119,-32.2915],[-129.55,217.896,-35.3883],[219.59,-8.35036,-73.2284],false,[-58.7575,157.297,85.4611],[-98.5053,182.482,29.2341],[-114.669,202.181,-5.17357],[-124.037,212.487,-24.8264],[-130.816,219.306,-38.8796],[[[0.797899,-0.0758102,-0.598005],[0.263549,0.93609,0.232975],[0.542125,-0.343494,0.766885]],[[0.868497,-0.125146,-0.479636],[0.321245,0.879009,0.352342],[0.37751,-0.460089,0.80362]],[[0.868497,-0.125146,-0.479636],[0.307333,0.895128,0.322945],[0.38892,-0.427884,0.815877]],[[0.868497,-0.125146,-0.479636],[0.295347,0.907742,0.29795],[0.398099,-0.400428,0.825333]]],1],[1162,[-0.468862,0.378824,-0.79791],116,66.7779,[-129.6,217.375,-49.5101],[-120.568,216.817,-52.492],[209.031,-14.0397,-69.1971],false,[-48.9427,158.166,78.1468],[-78.7146,181.011,19.6133],[-100.327,201.057,-18.3146],[-113.615,211.792,-40.9269],[-122.674,218.285,-55.9771],[[[0.807108,-0.279983,-0.519794],[0.406487,0.902029,0.145301],[0.428187,-0.328563,0.841844]],[[0.775262,-0.256373,-0.577272],[0.443319,0.871857,0.208166],[0.44993,-0.417299,0.789572]],[[0.775262,-0.256373,-0.577272],[0.423247,0.88925,0.173484],[0.468862,-0.378824,0.79791]],[[0.775262,-0.256373,-0.577272],[0.406147,0.902273,0.144736],[0.48375,-0.346665,0.803622]]],2],[1163,[-0.180307,-0.840441,0.511027],116,64.2087,[-92.3925,115.486,18.656],[-85.1377,114.976,17.0132],[151.533,-10.8222,-19.0111],false,[-39.095,155.833,71.2562],[-57.4765,174.683,14.6534],[-81.7088,145.416,-8.56186],[-86.6866,122.214,5.54633],[-84.0654,113.083,21.5609],[[[0.828368,-0.392479,-0.399708],[0.476555,0.868787,0.134555],[0.294451,-0.301944,0.906713]],[[0.83837,-0.403028,-0.36702],[-0.0311036,0.63684,-0.770368],[0.544213,0.65727,0.521372]],[[0.83837,-0.403028,-0.36702],[-0.514417,-0.362254,-0.777269],[0.180307,0.840441,-0.511027]],[[0.83837,-0.403028,-0.36702],[-0.52661,-0.772716,-0.354389],[-0.140773,0.490386,-0.860061]]],3],[1164,[-0.398319,-0.726864,0.559473],116,50.3385,[-77.6626,124.133,16.8744],[-69.554,122.97,14.5971],[151.682,-23.0622,-32.9225],false,[-30.5016,146.41,65.0481],[-39.2988,164.2,10.7753],[-60.5456,142.82,-7.47915],[-68.3097,128.652,3.42615],[-69.4546,121.51,19.0072],[[[0.766676,-0.562905,-0.308781],[0.623725,0.767053,0.150322],[0.152235,-0.307842,0.939179]],[[0.778032,-0.590788,-0.213625],[0.176431,0.531843,-0.82826],[0.602941,0.606723,0.518024]],[[0.778032,-0.590788,-0.213625],[-0.485806,-0.350197,-0.800846],[0.398319,0.726864,-0.559473]],[[0.778032,-0.590788,-0.213625],[-0.624679,-0.691464,-0.362842],[0.0666488,0.41575,-0.907034]]],4]],[[0,200,0],[235.247,235.247,147.751]]],[207946,3919451432,[[116,"right",[-0.353298,0.460396,-0.814381],[-0.347054,-0.872903,-0.34292],[-66.164,164.819,36.232],[203.109,-27.4513,-64.5775],[-76.5896,165.97,39.3788],1,0,0.689624,[[0.522167,-0.0095538,-0.85279],[0.256442,0.955421,0.146317],[0.813375,-0.295093,0.501339]],63.5027,[179.805,63.1701,212.878],[-39.0571,142.573,77.9783]]],[[1160,[-0.0444176,-0.280693,-0.958769],116,51.9386,[-84.0411,113.876,4.5146],[-84.772,114.219,4.14961],[211.357,-37.7357,-41.6499],false,[-66.2697,136.196,90.366],[-66.2697,136.196,90.366],[-93.5765,129.454,49.3332],[-95.0858,119.916,16.7549],[-80.1591,111.963,0.694433],[[[0.591059,0.805606,-0.0405888],[-0.406081,0.340657,0.847969],[0.696956,-0.484717,0.52849]],[[0.194792,0.938863,-0.283889],[-0.812868,0.316499,0.488953],[0.54891,0.13552,0.824822]],[[0.194792,0.938863,-0.283889],[-0.979838,0.19937,-0.0129747],[0.0444176,0.280693,0.958769]],[[0.194792,0.938863,-0.283889],[-0.743294,-0.0475506,-0.667272],[-0.639976,0.340993,0.688589]]],0],[1161,[-0.386229,0.429209,-0.81646],116,58.6069,[-135.809,217.985,-33.3425],[-126.711,217.732,-36.3056],[241.882,-10.8756,-79.7188],false,[-56.2914,156.818,84.6007],[-95.8955,182.198,28.3603],[-111.926,201.973,-6.06584],[-121.23,212.312,-25.7327],[-127.968,219.146,-39.7976],[[[0.797101,-0.0818876,-0.598267],[0.269913,0.934593,0.231696],[0.540163,-0.346165,0.767068]],[[0.867552,-0.131651,-0.479606],[0.327367,0.877125,0.3514],[0.374412,-0.461865,0.80405]],[[0.867552,-0.131651,-0.479606],[0.313339,0.893559,0.321513],[0.386229,-0.429209,0.81646]],[[0.867552,-0.131651,-0.479606],[0.301238,0.906412,0.296096],[0.395739,-0.401354,0.826018]]],1],[1162,[-0.463866,0.381419,-0.799592],116,66.7779,[-126.663,217.186,-50.4924],[-117.603,216.604,-53.4785],[241.114,-15.8123,-80.3962],false,[-46.4744,157.612,77.2809],[-76.1194,180.584,18.7324],[-97.4755,200.753,-19.275],[-110.621,211.562,-41.935],[-119.593,218.103,-57.0169],[[[0.80498,-0.28602,-0.519807],[0.41258,0.899467,0.144001],[0.426362,-0.33038,0.84206]],[[0.774649,-0.263275,-0.574983],[0.449735,0.868554,0.208212],[0.444586,-0.419881,0.791229]],[[0.774649,-0.263275,-0.574983],[0.429822,0.886118,0.173342],[0.463866,-0.381419,0.799592]],[[0.774649,-0.263275,-0.574983],[0.412832,0.899284,0.144425],[0.479049,-0.34925,0.805318]]],2],[1163,[-0.184561,-0.837672,0.514045],116,64.2087,[-90.5422,115.37,18.3753],[-82.9239,114.643,16.3025],[174.637,-17.3787,-35.5559],false,[-36.6456,155.205,70.3888],[-54.9264,174.107,13.7709],[-79.3617,144.976,-9.40184],[-84.457,121.85,4.78968],[-81.8559,112.775,20.8397],[[[0.825541,-0.398507,-0.399592],[0.482419,0.865744,0.133264],[0.292837,-0.302786,0.906955]],[[0.835535,-0.409135,-0.366727],[-0.0270023,0.636077,-0.771153],[0.548773,0.654228,0.520417]],[[0.835535,-0.409135,-0.366727],[-0.517511,-0.36182,-0.775415],[0.184561,0.837672,-0.514045]],[[0.835535,-0.409135,-0.366727],[-0.531382,-0.771431,-0.35004],[-0.139691,0.487343,-0.861965]]],3],[1164,[-0.401331,-0.720765,0.565182],116,50.3385,[-75.7661,123.886,16.5064],[-67.2787,122.538,13.9487],[176.755,-29.0771,-42.6167],false,[-28.1183,145.717,64.1885],[-36.821,163.498,9.89767],[-58.2097,142.185,-8.26995],[-66.0325,128.136,2.74662],[-67.1728,121.119,18.3845],[[[0.762752,-0.568404,-0.308425],[0.628912,0.763048,0.149091],[0.150599,-0.307692,0.939492]],[[0.77411,-0.596739,-0.211321],[0.179847,0.527365,-0.830386],[0.606967,0.604805,0.51556]],[[0.77411,-0.596739,-0.211321],[-0.489579,-0.352703,-0.797442],[0.401331,0.720765,-0.565182]],[[0.77411,-0.596739,-0.211321],[-0.629561,-0.690679,-0.35583],[0.0663832,0.408491,-0.910345]]],4]],[[0,200,0],[235.247,235.247,147.751]]],[207947,3919459918,[[116,"right",[-0.353836,0.460338,-0.81418],[-0.351542,-0.872123,-0.340322],[-64.1131,164.664,35.5968],[213.184,-25.0332,-67.2607],[-74.2528,165.725,38.6704],1,0,0.693554,[[0.529531,-0.0153473,-0.848152],[0.261849,0.953968,0.146219],[0.806866,-0.299516,0.509174]],63.5027,[180.137,61.7926,214.312],[-36.9733,142.386,77.3041]]],[[1160,[-0.0419184,-0.283681,-0.958002],116,51.9386,[-81.6157,113.593,4.01504],[-82.6335,113.991,3.73601],[223.395,-34.7658,-43.5808],false,[-64.1748,136.14,89.7827],[-64.1748,136.14,89.7827],[-91.5477,129.391,48.7953],[-92.9721,119.751,16.243],[-77.9532,111.722,0.306847],[[[0.594153,0.80316,-0.0437742],[-0.402234,0.343807,0.848531],[0.696556,-0.48655,0.527332]],[[0.197481,0.937576,-0.286273],[-0.811319,0.320226,0.489098],[0.550239,0.135671,0.823912]],[[0.197481,0.937576,-0.286273],[-0.97941,0.201188,-0.0167199],[0.0419184,0.283681,0.958002]],[[0.197481,0.937576,-0.286273],[-0.739157,-0.0494098,-0.671719],[-0.643932,0.344253,0.683258]]],0],[1161,[-0.387107,0.429169,-0.816065],116,58.6069,[-132.998,217.874,-34.269],[-124.663,217.688,-36.8589],[241.413,-9.32706,-75.718],false,[-54.1311,156.711,83.9509],[-93.7977,182.148,27.7803],[-109.853,201.937,-6.62671],[-119.178,212.274,-26.2841],[-125.935,219.103,-40.3426],[[[0.795015,-0.0861548,-0.600441],[0.274322,0.933921,0.229212],[0.541017,-0.346941,0.766115]],[[0.865533,-0.135924,-0.482055],[0.332023,0.876309,0.349059],[0.374983,-0.462176,0.803605]],[[0.865533,-0.135924,-0.482055],[0.317805,0.892938,0.318843],[0.387107,-0.429169,0.816065]],[[0.865533,-0.135924,-0.482055],[0.305532,0.905936,0.29314],[0.396866,-0.401006,0.825647]]],1],[1162,[-0.461941,0.382023,-0.800418],116,66.7779,[-123.874,217.019,-51.4159],[-115.442,216.505,-54.145],[247.264,-14.5138,-81.3111],false,[-44.3324,157.453,76.6011],[-74.0565,180.437,18.0978],[-95.3091,200.635,-19.9525],[-108.4,211.462,-42.6359],[-117.339,218.014,-57.7322],[[[0.802307,-0.290176,-0.521634],[0.416591,0.898067,0.141165],[0.4275,-0.330565,0.84141]],[[0.773305,-0.268427,-0.574409],[0.454151,0.866688,0.206395],[0.442431,-0.420475,0.792121]],[[0.773305,-0.268427,-0.574409],[0.434291,0.884311,0.171423],[0.461941,-0.382023,0.800418]],[[0.773305,-0.268427,-0.574409],[0.41733,0.897527,0.142413],[0.47732,-0.349847,0.806085]]],2],[1163,[-0.185768,-0.835514,0.517114],116,64.2087,[-88.7147,115.264,18.0614],[-81.0918,114.563,15.8512],[185.391,-14.9034,-40.9399],false,[-34.5336,154.994,69.6847],[-52.9042,173.867,13.0862],[-77.523,144.808,-9.98231],[-82.6516,121.741,4.29391],[-80.0167,112.721,20.3687],[[[0.82277,-0.402527,-0.401275],[0.486263,0.864045,0.130286],[0.294276,-0.302321,0.906644]],[[0.832835,-0.413155,-0.368359],[-0.0263502,0.635135,-0.771951],[0.552894,0.652614,0.518076]],[[0.832835,-0.413155,-0.368359],[-0.521417,-0.362241,-0.772596],[0.185768,0.835514,-0.517114]],[[0.832835,-0.413155,-0.368359],[-0.535129,-0.771108,-0.345008],[-0.141503,0.484454,-0.863297]]],3],[1164,[-0.402132,-0.716875,0.569543],116,50.3385,[-73.8825,123.659,16.1155],[-65.4243,122.39,13.4604],[187.704,-25.7023,-47.0054],false,[-26.0624,145.461,63.4768],[-34.8528,163.178,9.17941],[-56.367,141.909,-8.88965],[-64.2054,127.935,2.21194],[-65.3086,121.001,17.8894],[[[0.759568,-0.572007,-0.309618],[0.63239,0.760792,0.145872],[0.152116,-0.306599,0.939605]],[[0.771185,-0.600506,-0.211344],[0.180351,0.524467,-0.83211],[0.61053,0.603595,0.512763]],[[0.771185,-0.600506,-0.211344],[-0.493522,-0.354235,-0.794326],[0.402132,0.716876,-0.569543]],[[0.771185,-0.600506,-0.211344],[-0.633364,-0.690246,-0.349874],[0.0642215,0.403675,-0.912646]]],4]],[[0,200,0],[235.247,235.247,147.751]]],[207948,3919469009,[[116,"right",[-0.346493,0.4575,-0.818924],[-0.358511,-0.871315,-0.335081],[-61.5285,164.154,35.1631],[232.879,-33.6532,-61.8465],[-71.3245,165.364,37.8633],1,0,0.6962,[[0.530931,-0.0288807,-0.846923],[0.268171,0.953782,0.13559],[0.803863,-0.29911,0.514137]],63.5027,[181.55,61.4517,215.481],[-34.753,141.936,77.1372]]],[[1160,[-0.0336187,-0.292,-0.955827],116,51.9386,[-78.8427,112.959,3.98153],[-79.9349,113.329,3.72656],[245.295,-44.9927,-31.2944],false,[-62.0577,136.04,89.5607],[-62.0577,136.04,89.5607],[-89.2506,129.211,48.4669],[-90.393,119.289,15.9886],[-75.1524,111.014,0.39212],[[[0.601864,0.79718,-0.0475799],[-0.402073,0.353961,0.844422],[0.689998,-0.489097,0.533561]],[[0.207539,0.933481,-0.292473],[-0.811255,0.331309,0.481767],[0.54662,0.137285,0.826051]],[[0.207539,0.933481,-0.292473],[-0.977649,0.208204,-0.0292189],[0.0336187,0.292,0.955827]],[[0.207539,0.933481,-0.292473],[-0.727978,-0.0523322,-0.683601],[-0.653434,0.354787,0.668692]]],0],[1161,[-0.380054,0.426278,-0.820881],116,58.6069,[-129.416,217.615,-35.4383],[-121.302,217.177,-37.9285],[276.688,-22.6447,-87.2498],false,[-51.799,156.471,83.6124],[-91.018,181.857,27.105],[-106.76,201.522,-7.51679],[-115.914,211.791,-27.2901],[-122.556,218.569,-41.4277],[[[0.796358,-0.0981555,-0.596808],[0.282286,0.932999,0.223223],[0.534911,-0.346236,0.770708]],[[0.866026,-0.147737,-0.477675],[0.338861,0.875908,0.343452],[0.367658,-0.459303,0.808621]],[[0.866026,-0.147737,-0.477675],[0.324897,0.892447,0.313019],[0.380054,-0.426278,0.820881]],[[0.866026,-0.147737,-0.477675],[0.312829,0.905365,0.287145],[0.390048,-0.398105,0.830286]]],1],[1162,[-0.453791,0.380654,-0.805715],116,66.7779,[-120.191,216.66,-52.604],[-111.933,215.82,-55.2022],[287.058,-30.9772,-91.514],false,[-41.9669,157.066,76.2938],[-71.2584,179.887,17.5093],[-92.0979,200.022,-20.802],[-104.958,210.81,-43.6355],[-113.752,217.335,-58.8286],[[[0.801435,-0.301636,-0.516447],[0.424531,0.895144,0.135978],[0.421278,-0.328225,0.845454]],[[0.773566,-0.280553,-0.56823],[0.461937,0.863477,0.202538],[0.43383,-0.419163,0.797555]],[[0.773566,-0.280553,-0.56823],[0.442345,0.881131,0.167149],[0.453791,-0.380654,0.805715]],[[0.773566,-0.280553,-0.56823],[0.42558,0.894369,0.13779],[0.46955,-0.348417,0.811252]]],2],[1163,[-0.194065,-0.828811,0.524797],116,64.2087,[-86.4168,115.062,17.7476],[-78.8392,114.113,15.8334],[202.696,-24.2697,-30.2943],false,[-32.1665,154.463,69.4326],[-50.1509,173.08,12.626],[-74.9586,144.065,-10.2941],[-80.3162,121.183,4.19425],[-77.7877,112.312,20.369],[[[0.820396,-0.413266,-0.395173],[0.493918,0.860387,0.125615],[0.28809,-0.298237,0.909977]],[[0.830229,-0.423727,-0.362181],[-0.0179017,0.629139,-0.777086],[0.557135,0.651643,0.514744]],[[0.830229,-0.423727,-0.362181],[-0.52255,-0.365415,-0.770333],[0.194065,0.828811,-0.524797]],[[0.830229,-0.423727,-0.362181],[-0.54063,-0.770371,-0.338007],[-0.135791,0.476429,-0.868664]]],3],[1164,[-0.411355,-0.708143,0.573865],116,50.3385,[-71.506,123.3,15.6941],[-63.1378,121.762,13.3561],[205.12,-37.3246,-38.1647],false,[-23.763,144.804,63.328],[-32.187,162.194,8.8669],[-53.8161,141.002,-9.157],[-61.8342,127.199,2.02882],[-63.0583,120.422,17.766],[[[0.755263,-0.581448,-0.302484],[0.639005,0.755884,0.14252],[0.145775,-0.300929,0.942439]],[[0.766323,-0.609575,-0.202897],[0.189769,0.516496,-0.834997],[0.613788,0.601374,0.511482]],[[0.766323,-0.609575,-0.202897],[-0.493494,-0.356303,-0.793418],[0.411355,0.708143,-0.573865]],[[0.766323,-0.609575,-0.202897],[-0.638491,-0.68759,-0.345759],[0.071256,0.394511,-0.916124]]],4]],[[0,200,0],[235.247,235.247,147.751]]],[207949,3919478028,[[116,"right",[-0.342188,0.456932,-0.821048],[-0.364748,-0.869872,-0.332088],[-59.4752,163.858,34.6605],[231.444,-33.4192,-60.1631],[-68.2769,164.976,37.0395],1,0,0.692323,[[0.533583,-0.0392963,-0.844835],[0.273397,0.953302,0.128331],[0.80034,-0.299451,0.519409]],63.5027,[182.443,61.025,216.51],[-32.9114,141.601,76.7482]]],[[1160,[-0.028318,-0.296694,-0.954552],116,51.9386,[-76.5791,112.587,3.76379],[-77.7576,112.964,3.49548],[245.656,-43.4245,-29.6861],false,[-60.2726,135.96,89.1658],[-60.2726,135.96,89.1658],[-87.3442,129.14,47.9903],[-88.3064,119.059,15.5553],[-72.8871,110.622,0.223476],[[[0.607924,0.792418,-0.0500274],[-0.400246,0.360256,0.842626],[0.685735,-0.492229,0.536171]],[[0.215258,0.930721,-0.295673],[-0.810882,0.339067,0.476974],[0.544183,0.137083,0.827692]],[[0.215258,0.930721,-0.295673],[-0.976147,0.213848,-0.0375097],[0.028318,0.296694,0.954553]],[[0.215258,0.930721,-0.295673],[-0.718758,-0.0539699,-0.693162],[-0.661098,0.361726,0.657346]]],0],[1161,[-0.375932,0.425712,-0.82307],116,58.6069,[-125.772,217.36,-36.6138],[-118.764,217.026,-38.7142],[277.731,-21.3145,-87.1823],false,[-49.8536,156.29,83.1493],[-88.8217,181.752,26.5031],[-104.382,201.379,-8.2225],[-113.437,211.633,-28.0486],[-120.01,218.408,-42.2202],[[[0.796201,-0.106481,-0.595588],[0.289105,0.931696,0.219913],[0.53149,-0.347282,0.772601]],[[0.865434,-0.156177,-0.47606],[0.344892,0.874916,0.339958],[0.363419,-0.458401,0.811046]],[[0.865434,-0.156177,-0.47606],[0.331209,0.891279,0.309714],[0.375932,-0.425712,0.82307]],[[0.865434,-0.156177,-0.47606],[0.319377,0.904066,0.28401],[0.386034,-0.397835,0.832289]]],1],[1162,[-0.448797,0.382335,-0.807714],116,66.7779,[-116.38,216.329,-53.7989],[-109.308,215.635,-55.9648],[289.169,-26.6976,-89.394],false,[-40.0098,156.782,75.8387],[-69.0679,179.596,16.9358],[-89.6484,199.812,-21.4729],[-102.367,210.647,-44.363],[-111.074,217.203,-59.5929],[[[0.799658,-0.309682,-0.514436],[0.431148,0.89243,0.132965],[0.417921,-0.328125,0.847158]],[[0.772293,-0.288805,-0.565823],[0.469045,0.859932,0.201278],[0.428439,-0.420842,0.799582]],[[0.772293,-0.288805,-0.565823],[0.449606,0.877731,0.16566],[0.448797,-0.382335,0.807714]],[[0.772293,-0.288805,-0.565823],[0.43294,0.89109,0.136094],[0.464894,-0.350072,0.813218]]],2],[1163,[-0.197008,-0.822654,0.533318],116,64.2087,[-83.9778,114.848,17.4702],[-76.9933,113.95,15.7613],[203.961,-22.3982,-22.8559],false,[-30.2223,154.078,68.998],[-48.0074,172.611,12.1011],[-73.0102,143.611,-10.6265],[-78.4491,120.9,4.09707],[-75.9174,112.192,20.3599],[[[0.81765,-0.420981,-0.392713],[0.500281,0.857109,0.122809],[0.284897,-0.296881,0.911425]],[[0.827345,-0.431361,-0.359761],[-0.0141314,0.624305,-0.781053],[0.561516,0.651284,0.51042]],[[0.827345,-0.431361,-0.359761],[-0.526011,-0.370362,-0.7656],[0.197008,0.822654,-0.533318]],[[0.827345,-0.431361,-0.359761],[-0.54499,-0.771514,-0.328257],[-0.135964,0.467648,-0.873395]]],3],[1164,[-0.41861,-0.70247,0.575588],116,50.3385,[-69.0322,122.915,15.2292],[-61.3677,121.439,13.0004],[202.139,-36.5812,-40.5518],false,[-21.8859,144.332,62.9396],[-30.1226,161.574,8.40288],[-51.8593,140.508,-9.63839],[-60.0189,126.815,1.58102],[-61.3248,120.131,17.3511],[[[0.751153,-0.588306,-0.299443],[0.644557,0.751579,0.140269],[0.142534,-0.298371,0.943747]],[[0.761997,-0.616498,-0.198218],[0.197134,0.512393,-0.835818],[0.616846,0.597816,0.511975]],[[0.761997,-0.616498,-0.198218],[-0.494091,-0.35562,-0.793353],[0.41861,0.70247,-0.575588]],[[0.761997,-0.616498,-0.198218],[-0.643102,-0.684474,-0.343387],[0.0760225,0.389134,-0.918039]]],4]],[[0,200,0],[235.247,235.247,147.751]]],[207950,3919487065,[[116,"right",[-0.333275,0.46005,-0.822972],[-0.373082,-0.865978,-0.333006],[-56.4329,162.69,33.6721],[260.433,-59.8112,-73.7216],[-64.7684,164.299,36.042],1,0,0.698415,[[0.538164,-0.0598936,-0.840709],[0.273225,0.956004,0.106793],[0.797325,-0.287175,0.530852]],63.5027,[184.23,62.8984,218.739],[-30.3134,140.171,75.8983]]],[[1160,[-0.0225713,-0.297966,-0.95431],116,51.9386,[-73.614,111.593,2.85424],[-74.7581,111.917,2.53974],[269.901,-63.0262,-50.6409],false,[-57.7926,134.852,88.1966],[-57.7926,134.852,88.1966],[-84.6382,128.288,46.832],[-85.4052,118.163,14.4053],[-69.8379,109.545,-0.673973],[[[0.617087,0.785433,-0.0479405],[-0.399938,0.365519,0.840503],[0.677682,-0.499491,0.539681]],[[0.227846,0.927899,-0.295109],[-0.810478,0.348705,0.47067],[0.53964,0.131939,0.831493]],[[0.227846,0.927899,-0.295109],[-0.973435,0.224097,-0.0469467],[0.0225713,0.297966,0.95431]],[[0.227846,0.927899,-0.295109],[-0.708948,-0.0496613,-0.70351],[-0.667441,0.369509,0.646517]]],0],[1161,[-0.367836,0.428939,-0.82505],116,58.6069,[-121.447,216.929,-38.0214],[-114.802,216.432,-40.024],[321.181,-33.9124,-102.824],false,[-47.1167,155.057,82.2103],[-85.5375,180.909,25.367],[-100.747,200.646,-9.45149],[-109.607,210.978,-29.3253],[-116.044,217.817,-43.5284],[[[0.797624,-0.116027,-0.591889],[0.298652,0.928555,0.220438],[0.524025,-0.352595,0.77529]],[[0.865588,-0.166265,-0.472349],[0.35295,0.871699,0.339952],[0.355224,-0.460974,0.813215]],[[0.865588,-0.166265,-0.472349],[0.339786,0.8879,0.310127],[0.367836,-0.428939,0.82505]],[[0.865588,-0.166265,-0.472349],[0.328396,0.900584,0.28479],[0.378039,-0.401628,0.834135]]],1],[1162,[-0.438867,0.389922,-0.809541],116,66.7779,[-111.696,215.942,-55.205],[-105.1,215.187,-57.1831],[339.497,-29.1742,-100.833],false,[-37.2351,155.431,74.944],[-65.7664,178.521,15.891],[-85.7895,199.189,-22.5712],[-98.2267,210.239,-45.5131],[-106.773,216.906,-60.7858],[[[0.798411,-0.319182,-0.510552],[0.440633,0.887605,0.134166],[0.410345,-0.332085,0.849315]],[[0.771618,-0.298119,-0.5619],[0.480474,0.852049,0.207742],[0.416834,-0.430275,0.800695]],[[0.771618,-0.298119,-0.5619],[0.460437,0.871255,0.170036],[0.438867,-0.389922,0.809541]],[[0.771618,-0.298119,-0.5619],[0.443136,0.88567,0.13863],[0.456329,-0.355968,0.815506]]],2],[1163,[-0.208101,-0.819476,0.533998],116,64.2087,[-81.1787,114.408,16.9528],[-74.3882,113.012,14.7776],[226.959,-44.6332,-47.4056],false,[-27.4481,152.61,68.1498],[-44.7649,171.293,11.1575],[-69.9924,142.577,-11.6821],[-75.7375,119.953,3.06024],[-73.354,111.265,19.3557],[[[0.81459,-0.430569,-0.388655],[0.509406,0.851494,0.124352],[0.277395,-0.299279,0.912953]],[[0.824012,-0.441022,-0.355674],[-0.0031602,0.624177,-0.781276],[0.566564,0.644905,0.512936]],[[0.824012,-0.441022,-0.355674],[-0.526971,-0.366004,-0.767035],[0.208101,0.819476,-0.533998]],[[0.824012,-0.441022,-0.355674],[-0.551923,-0.76666,-0.328045],[-0.128006,0.466618,-0.875147]]],3],[1164,[-0.429472,-0.696754,0.574532],116,50.3385,[-66.1735,122.276,14.5657],[-58.6951,120.299,12.0509],[227.706,-61.2053,-59.0065],false,[-19.1955,142.765,62.1374],[-26.9898,160.051,7.54953],[-48.8687,139.222,-10.5951],[-57.24,125.641,0.603773],[-58.6936,119.004,16.381],[[[0.74578,-0.597047,-0.295547],[0.652396,0.744351,0.142554],[0.134879,-0.299127,0.944632]],[[0.755891,-0.625458,-0.193472],[0.207694,0.509336,-0.835129],[0.62088,0.591083,0.514907]],[[0.755891,-0.625458,-0.193472],[-0.494148,-0.351193,-0.795287],[0.429472,0.696754,-0.574532]],[[0.755891,-0.625458,-0.193472],[-0.649206,-0.677882,-0.344975],[0.0846162,0.386367,-0.918456]]],4]],[[0,200,0],[235.247,235.247,147.751]]],[207951,3919496463,[[116,"right",[-0.325347,0.45915,-0.826638],[-0.377946,-0.864477,-0.331416],[-53.3498,161.737,33.1482],[279.691,-71.6732,-68.6017],[-60.7021,163.387,35.0115],1,0,0.701774,[[0.543995,-0.0716017,-0.836028],[0.277325,0.955703,0.0986009],[0.791935,-0.28549,0.539755]],63.5027,[185.464,62.3755,220.843],[-27.6292,139.195,75.6063]]],[[1160,[-0.0155385,-0.302327,-0.953078],116,51.9386,[-70.341,110.614,2.4987],[-71.5094,110.926,2.21406],[291.999,-74.4525,-45.7944],false,[-55.2135,134.137,87.7793],[-55.2135,134.137,87.7793],[-81.7728,127.602,46.2258],[-82.3008,117.329,13.8409],[-66.524,108.535,-0.915774],[[[0.623349,0.780476,-0.0478824],[-0.401585,0.372077,0.836833],[0.670944,-0.50241,0.545361]],[[0.237476,0.924803,-0.297229],[-0.811525,0.357047,0.462542],[0.533885,0.131366,0.83529]],[[0.237476,0.924803,-0.297229],[-0.971269,0.230951,-0.0574251],[0.0155385,0.302327,0.953078]],[[0.237476,0.924803,-0.297229],[-0.697177,-0.0508055,-0.715097],[-0.676424,0.377039,0.632686]]],0],[1161,[-0.360931,0.427177,-0.829004],116,58.6069,[-116.493,216.188,-39.5571],[-110.942,215.545,-41.1066],[345.544,-52.0305,-106.213],false,[-44.351,154.235,81.7667],[-82.2691,180.143,24.6122],[-97.1806,199.791,-10.3848],[-105.875,210.081,-30.3539],[-112.195,216.894,-44.6213],[[[0.799848,-0.124603,-0.587126],[0.304599,0.927152,0.218193],[0.517168,-0.35336,0.779535]],[[0.866632,-0.174731,-0.467351],[0.35729,0.871137,0.336844],[0.34827,-0.4589,0.817385]],[[0.866632,-0.174731,-0.467351],[0.344495,0.887124,0.30714],[0.360931,-0.427177,0.829004]],[[0.866632,-0.174731,-0.467351],[0.333421,0.899638,0.281925],[0.371186,-0.40015,0.837915]]],1],[1162,[-0.431301,0.392931,-0.812148],116,66.7779,[-106.331,215.314,-56.6574],[-101.093,214.403,-58.1113],[363.715,-42.2267,-98.699],false,[-34.4283,154.503,74.5519],[-62.4667,177.564,15.2522],[-82.1214,198.349,-23.3369],[-94.3443,209.485,-46.3527],[-102.751,216.216,-61.6742],[[[0.798641,-0.327416,-0.504947],[0.446718,0.884756,0.132853],[0.403256,-0.331671,0.852865]],[[0.771611,-0.305841,-0.557744],[0.487032,0.848072,0.208741],[0.409166,-0.432706,0.803336]],[[0.771611,-0.305841,-0.557744],[0.467543,0.867218,0.17128],[0.431301,-0.392931,0.812148]],[[0.771611,-0.305841,-0.557744],[0.450683,0.881629,0.140053],[0.448889,-0.359433,0.818112]]],2],[1163,[-0.217045,-0.815501,0.536516],116,64.2087,[-77.8552,113.759,16.3611],[-71.553,112.171,14.3732],[247.786,-56.9525,-47.6146],false,[-24.6272,151.579,67.822],[-41.4964,170.156,10.661],[-66.8216,141.583,-12.2497],[-72.8137,119.069,2.56213],[-70.5648,110.456,18.917],[[[0.813315,-0.438415,-0.382506],[0.515263,0.848079,0.123557],[0.270226,-0.297582,0.915654]],[[0.822478,-0.448799,-0.349442],[0.00668779,0.62194,-0.783036],[0.568758,0.641693,0.514534]],[[0.822478,-0.448799,-0.349442],[-0.525758,-0.365428,-0.768142],[0.217045,0.815501,-0.536516]],[[0.822478,-0.448799,-0.349442],[-0.555825,-0.764616,-0.326221],[-0.120781,0.462539,-0.878334]]],3],[1164,[-0.437938,-0.690576,0.5756],116,50.3385,[-62.7392,121.397,13.8674],[-55.8044,119.299,11.7078],[250.295,-73.8811,-53.1738],false,[-16.4186,141.646,61.8946],[-23.7893,158.763,7.19476],[-45.7194,138.032,-11.0002],[-54.2557,124.571,0.21945],[-55.8377,118.033,16.0256],[[[0.742733,-0.60397,-0.28908],[0.657327,0.73992,0.142967],[0.127548,-0.296206,0.946569]],[[0.752113,-0.632178,-0.186219],[0.216863,0.504233,-0.835894],[0.622332,0.588303,0.516336]],[[0.752113,-0.632178,-0.186219],[-0.49248,-0.351364,-0.796246],[0.437938,0.690576,-0.5756]],[[0.752113,-0.632178,-0.186219],[-0.652567,-0.674897,-0.344484],[0.0920964,0.380612,-0.920138]]],4]],[[0,200,0],[235.247,235.247,147.751]]],[207952,3919505156,[[116,"right",[-0.320556,0.459728,-0.828187],[-0.38357,-0.862434,-0.330275],[-50.7056,161.138,32.6864],[286.219,-70.9158,-64.4736],[-56.903,162.532,34.1279],1,0,0.711705,[[0.548724,-0.0843083,-0.831741],[0.279571,0.956127,0.0875249],[0.787871,-0.280558,0.54822]],63.5027,[186.776,63.0095,222.753],[-25.2237,138.502,75.2382]]],[[1160,[-0.013559,-0.304384,-0.952453],116,51.9386,[-67.697,110.058,2.19801],[-68.8676,110.365,1.9053],[295.186,-71.1362,-42.831],false,[-52.8654,133.669,87.372],[-52.8654,133.669,87.372],[-79.3028,127.241,45.7242],[-79.7635,116.898,13.3605],[-63.8504,107.964,-1.16381],[[[0.629038,0.775866,-0.0484038],[-0.400387,0.376729,0.835323],[0.666334,-0.50607,0.547624]],[[0.245595,0.922348,-0.298259],[-0.810717,0.364113,0.458432],[0.531433,0.129215,0.837187]],[[0.245595,0.922348,-0.298259],[-0.969278,0.237961,-0.0622488],[0.013559,0.304384,0.952453]],[[0.245595,0.922348,-0.298259],[-0.688614,-0.0505552,-0.723363],[-0.682271,0.383039,0.622726]]],0],[1161,[-0.357506,0.426472,-0.83085],116,58.6069,[-112.119,215.537,-40.7856],[-107.818,215.123,-41.8091],[347.84,-52.0448,-99.2952],false,[-41.8478,153.675,81.3367],[-79.4763,179.734,24.0597],[-94.2255,199.369,-11.0136],[-102.837,209.641,-31.0271],[-109.104,216.437,-45.3264],[[[0.799976,-0.1316,-0.585423],[0.310878,0.925396,0.216789],[0.513218,-0.355421,0.781206]],[[0.865961,-0.181764,-0.465912],[0.362556,0.869863,0.334503],[0.344479,-0.458585,0.819167]],[[0.865961,-0.181764,-0.465912],[0.349717,0.886049,0.304326],[0.357505,-0.426472,0.83085]],[[0.865961,-0.181764,-0.465912],[0.338598,0.898701,0.278724],[0.368054,-0.399121,0.839785]]],1],[1162,[-0.429671,0.398538,-0.810278],116,66.7779,[-101.804,214.97,-57.6222],[-97.9993,214.271,-58.55],[358.537,-30.9829,-82.1986],false,[-31.9106,153.856,74.1393],[-59.6764,176.993,14.7407],[-79.1807,198.132,-23.732],[-91.3573,209.427,-46.6948],[-99.7563,216.233,-61.9876],[[[0.797162,-0.334225,-0.502819],[0.45284,0.881797,0.131794],[0.399335,-0.332757,0.854286]],[[0.767989,-0.310688,-0.560059],[0.495307,0.842497,0.211828],[0.406035,-0.440082,0.800914]],[[0.767989,-0.310688,-0.560059],[0.474949,0.862926,0.172579],[0.429671,-0.398538,0.810278]],[[0.767989,-0.310688,-0.560059],[0.457235,0.878295,0.139763],[0.448474,-0.363415,0.816578]]],2],[1163,[-0.223568,-0.81254,0.538327],116,64.2087,[-74.7014,113.147,15.8033],[-69.1994,111.711,14.0009],[253.674,-55.5472,-47.4091],false,[-22.1188,150.847,67.4332],[-38.7518,169.424,10.203],[-64.2398,141.017,-12.7329],[-70.412,118.584,2.12895],[-68.2354,110.017,18.5175],[[[0.810818,-0.445067,-0.380118],[0.521136,0.844608,0.122698],[0.266442,-0.297579,0.916764]],[[0.819858,-0.455459,-0.346973],[0.0132446,0.620919,-0.783763],[0.572414,0.637978,0.515098]],[[0.819858,-0.455459,-0.346973],[-0.527115,-0.363779,-0.767993],[0.223568,0.81254,-0.538327]],[[0.819858,-0.455459,-0.346973],[-0.560508,-0.762152,-0.323967],[-0.116893,0.460088,-0.880145]]],3],[1164,[-0.444276,-0.685778,0.576479],116,50.3385,[-59.4526,120.566,13.2258],[-53.4054,118.71,11.3344],[257,-71.9997,-51.5291],false,[-13.9713,140.843,61.5415],[-21.121,157.897,6.79257],[-43.1476,137.304,-11.4425],[-51.8075,123.937,-0.205684],[-53.4593,117.468,15.6219],[[[0.738879,-0.609911,-0.286471],[0.662382,0.735471,0.142591],[0.123723,-0.295111,0.947419]],[[0.747907,-0.638151,-0.182752],[0.223428,0.501255,-0.835956],[0.625072,0.584386,0.517473]],[[0.747907,-0.638151,-0.182752],[-0.493208,-0.34996,-0.796413],[0.444276,0.685778,-0.576479]],[[0.747907,-0.638151,-0.182752],[-0.656801,-0.671538,-0.342998],[0.0961595,0.376563,-0.921387]]],4]],[[0,200,0],[235.247,235.247,147.751]]],[207953,3919514736,[[116,"right",[-0.311552,0.455615,-0.833877],[-0.383582,-0.863178,-0.328312],[-47.845,160.532,32.2604],[289.805,-68.6971,-58.6851],[-52.715,161.608,33.2644],1,0,0.716681,[[0.553942,-0.0923799,-0.827414],[0.280781,0.95633,0.0812059],[0.783779,-0.277306,0.55569]],63.5027,[188.076,63.4592,224.704],[-22.8228,138.076,75.179]]],[[1160,[-0.00480394,-0.310216,-0.950654],116,51.9386,[-64.4819,109.33,2.00432],[-65.6628,109.613,1.70583],[306.02,-72.4272,-35.9324],false,[-50.5883,133.414,87.0947],[-50.5883,133.414,87.0947],[-76.6001,126.823,45.205],[-76.7633,116.282,12.9024],[-60.6083,107.207,-1.26331],[[[0.632123,0.773404,-0.0476049],[-0.406531,0.383317,0.829337],[0.659661,-0.504891,0.556716]],[[0.25229,0.919536,-0.301336],[-0.814217,0.370003,0.44738],[0.522877,0.132483,0.84205]],[[0.25229,0.919536,-0.301336],[-0.96764,0.241288,-0.073847],[0.00480394,0.310216,0.950654]],[[0.25229,0.919536,-0.301336],[-0.675721,-0.0554893,-0.735066],[-0.692641,0.389069,0.60735]]],0],[1161,[-0.35065,0.421205,-0.836439],116,58.6069,[-107.354,214.572,-42.2681],[-104.19,214.178,-43.0765],[354.744,-66.0024,-108.083],false,[-39.4481,153.344,81.0337],[-76.473,179.171,23.2605],[-90.9168,198.612,-12.0471],[-99.3633,208.758,-32.1952],[-105.517,215.454,-46.5906],[[[0.804716,-0.137986,-0.577401],[0.312125,0.925674,0.213789],[0.504985,-0.352261,0.787974]],[[0.868818,-0.187077,-0.45843],[0.362425,0.87111,0.331383],[0.337349,-0.454058,0.824638]],[[0.868818,-0.187077,-0.45843],[0.349572,0.887462,0.300352],[0.35065,-0.421205,0.836439]],[[0.868818,-0.187077,-0.45843],[0.338429,0.900206,0.274033],[0.361416,-0.393231,0.845428]]],1],[1162,[-0.424533,0.399247,-0.812634],116,66.7779,[-97.0531,214.292,-58.7081],[-94.3709,213.463,-59.5021],[359.477,-44.9718,-84.2013],false,[-29.4464,153.446,73.9245],[-56.6001,176.304,14.1365],[-75.9573,197.294,-24.4921],[-87.9884,208.609,-47.5216],[-96.2614,215.49,-62.8494],[[[0.800463,-0.340079,-0.493563],[0.45469,0.881061,0.130343],[0.390533,-0.328753,0.859887]],[[0.769092,-0.3146,-0.556349],[0.496096,0.842666,0.209293],[0.402973,-0.436968,0.804159]],[[0.769092,-0.3146,-0.556349],[0.477775,0.861179,0.173499],[0.424533,-0.399247,0.812634]],[[0.769092,-0.3146,-0.556349],[0.461904,0.875225,0.143615],[0.44175,-0.367433,0.818444]]],2],[1163,[-0.230578,-0.807887,0.542358],116,64.2087,[-70.9633,112.412,15.2405],[-66.2966,111.111,13.7515],[267.649,-57.0215,-42.0979],false,[-19.6056,150.362,67.3253],[-35.6621,168.636,9.83364],[-61.0393,140.202,-13.1916],[-67.405,117.898,1.78156],[-65.3768,109.468,18.2597],[[[0.81264,-0.450195,-0.370056],[0.522935,0.843583,0.122092],[0.257208,-0.292732,0.920952]],[[0.821371,-0.46044,-0.336666],[0.0231068,0.61661,-0.78693],[0.569926,0.638582,0.517105]],[[0.821371,-0.46044,-0.336666],[-0.521712,-0.36785,-0.769742],[0.230578,0.807887,-0.542358]],[[0.821371,-0.46044,-0.336666],[-0.559896,-0.763551,-0.321723],[-0.108928,0.452752,-0.884958]]],3],[1164,[-0.452243,-0.68001,0.577116],116,50.3385,[-55.5594,119.612,12.6127],[-50.473,118.027,11.1533],[270.919,-71.3281,-43.2501],false,[-11.4404,140.294,61.5693],[-18.0415,157.028,6.65328],[-39.9485,136.417,-11.7046],[-48.7637,123.162,-0.455392],[-50.5727,116.832,15.4113],[[[0.739297,-0.614204,-0.276031],[0.66362,0.734094,0.143929],[0.114231,-0.289586,0.950311]],[[0.747339,-0.642081,-0.170925],[0.234523,0.495593,-0.836293],[0.621678,0.584909,0.520959]],[[0.747339,-0.642081,-0.170925],[-0.486786,-0.354002,-0.798575],[0.452243,0.68001,-0.577116]],[[0.747339,-0.642081,-0.170925],[-0.656044,-0.672289,-0.342979],[0.10531,0.368456,-0.923661]]],4]],[[0,200,0],[235.247,235.247,147.751]]],[207954,3919523212,[[116,"right",[-0.303528,0.453593,-0.837929],[-0.386605,-0.862403,-0.3268],[-45.0327,160.025,31.8631],[300.76,-66.3829,-55.6014],[-49.1057,160.864,32.6061],1,0,0.719986,[[0.557626,-0.111627,-0.822552],[0.276252,0.959389,0.05708],[0.782776,-0.259061,0.565817]],63.5027,[190.211,67.9125,227.293],[-20.4179,137.62,75.0432]]],[[1160,[-0.0000576354,-0.314384,-0.949296],116,51.9386,[-61.6687,108.799,1.78705],[-62.7951,109.065,1.47498],[313.725,-69.8956,-33.4018],false,[-48.2859,133.177,86.8025],[-48.2859,133.177,86.8025],[-74.0152,126.555,44.7435],[-74.0172,115.873,12.4871],[-57.7349,106.639,-1.42802],[[[0.636996,0.769426,-0.0471062],[-0.409517,0.389538,0.824958],[0.653094,-0.506204,0.563227]],[[0.260337,0.916558,-0.303557],[-0.815309,0.377102,0.439392],[0.5172,0.133103,0.845451]],[[0.260337,0.916558,-0.303557],[-0.965518,0.247154,-0.0817928],[0.0000576354,0.314384,0.949296]],[[0.260337,0.916558,-0.303557],[-0.666994,-0.0565953,-0.74291],[-0.6981,0.395878,0.596605]]],0],[1161,[-0.345419,0.418698,-0.839867],116,58.6069,[-103.29,213.832,-43.4535],[-100.696,213.618,-44.0473],[367.286,-65.8843,-108.6],false,[-36.9892,153.013,80.7215],[-73.4916,178.791,22.5952],[-87.6924,198.159,-12.8511],[-96.0128,208.244,-33.0818],[-102.084,214.886,-47.5374],[[[0.80754,-0.145405,-0.571609],[0.316251,0.92479,0.211537],[0.49786,-0.351597,0.79279]],[[0.869658,-0.193516,-0.454145],[0.365636,0.870596,0.329199],[0.331671,-0.452342,0.827877]],[[0.869658,-0.193516,-0.454145],[0.352677,0.887267,0.29728],[0.345419,-0.418698,0.839867]],[[0.869658,-0.193516,-0.454145],[0.341425,0.900232,0.270208],[0.356546,-0.390045,0.848964]]],1],[1162,[-0.419838,0.400436,-0.814486],116,66.7779,[-93.0349,213.702,-59.5838],[-90.8513,212.939,-60.2743],[370.599,-48.9954,-84.214],false,[-26.942,153.023,73.676],[-53.5785,175.765,13.6117],[-72.7617,196.704,-25.1314],[-84.6596,208.052,-48.2135],[-92.8294,214.992,-63.5701],[[[0.801554,-0.347079,-0.486875],[0.459076,0.878951,0.129209],[0.383093,-0.327081,0.863862]],[[0.768754,-0.320131,-0.553655],[0.499537,0.841135,0.207254],[0.39935,-0.435899,0.806543]],[[0.768754,-0.320131,-0.553655],[0.482446,0.858584,0.173434],[0.419838,-0.400436,0.814486]],[[0.768754,-0.320131,-0.553655],[0.467672,0.87189,0.145226],[0.436235,-0.370572,0.819985]]],2],[1163,[-0.238,-0.803304,0.545947],116,64.2087,[-67.6222,111.807,14.7999],[-63.6091,110.687,13.5107],[280.452,-54.7266,-39.0736],false,[-17.0779,149.85,67.154],[-32.6595,167.953,9.47784],[-58.0546,139.581,-13.604],[-64.6252,117.404,1.46822],[-62.7207,109.085,18.0175],[[[0.81229,-0.456694,-0.36279],[0.527149,0.841033,0.121566],[0.2496,-0.289991,0.923908]],[[0.820782,-0.466879,-0.329152],[0.0322867,0.613199,-0.789268],[0.570329,0.63719,0.518377]],[[0.820782,-0.466879,-0.329152],[-0.519301,-0.369765,-0.770455],[0.238,0.803304,-0.545947]],[[0.820782,-0.466879,-0.329152],[-0.56201,-0.763159,-0.318956],[-0.102282,0.44678,-0.888778]]],3],[1164,[-0.46024,-0.674021,0.57782],116,50.3385,[-52.0886,118.82,12.1441],[-47.7508,117.484,10.9397],[283.892,-69.0455,-39.53],false,[-8.93619,139.707,61.4965],[-15.0882,156.227,6.46334],[-36.9758,135.678,-11.9883],[-45.9468,122.54,-0.725387],[-47.8846,116.329,15.1728],[[[0.737378,-0.619831,-0.268485],[0.667039,0.730815,0.144803],[0.106459,-0.285865,0.952338]],[[0.744611,-0.647492,-0.162202],[0.244457,0.490641,-0.836369],[0.621124,0.583118,0.52362]],[[0.744611,-0.647492,-0.162202],[-0.483461,-0.355599,-0.799884],[0.46024,0.674021,-0.57782]],[[0.744611,-0.647492,-0.162202],[-0.657898,-0.670837,-0.342269],[0.112805,0.361569,-0.925496]]],4]],[[0,200,0],[235.247,235.247,147.751]]],[207955,3919532440,[[116,"right",[-0.293804,0.448026,-0.844365],[-0.392464,-0.862001,-0.320823],[-41.7199,159.227,31.3281],[317.09,-72.0329,-56.2679],[-44.9833,159.95,31.8928],1,0,0.721827,[[0.561902,-0.127958,-0.817247],[0.282449,0.958265,0.0441611],[0.777489,-0.255644,0.574593]],63.5027,[191.608,68.2372,229.501],[-17.5978,137.026,74.8898]]],[[1160,[0.00360124,-0.323475,-0.94623],116,51.9386,[-58.4194,107.884,1.69318],[-59.5617,108.125,1.3821],[323.407,-78.3285,-26.578],false,[-45.5823,132.957,86.5072],[-45.5823,132.957,86.5072],[-71.0173,126.161,44.2973],[-70.8949,115.17,12.145],[-54.494,105.651,-1.43455],[[[0.644421,0.763003,-0.0504767],[-0.411265,0.401486,0.818334],[0.644657,-0.506592,0.572522]],[[0.271698,0.910957,-0.310382],[-0.815334,0.389225,0.428643],[0.511284,0.136604,0.848486]],[[0.271698,0.910957,-0.310382],[-0.962376,0.255971,-0.0911678],[-0.00360124,0.323475,0.94623]],[[0.271698,0.910957,-0.310382],[-0.657046,-0.0600689,-0.751454],[-0.703186,0.408104,0.58222]]],0],[1161,[-0.338842,0.412525,-0.845582],116,58.6069,[-98.5188,212.704,-44.9712],[-96.5224,212.515,-45.4506],[388.563,-81.0928,-119.77],false,[-34.062,152.626,80.3057],[-69.9418,178.162,21.6866],[-83.8432,197.285,-14.0101],[-92.0052,207.222,-34.3785],[-97.97,213.752,-48.9288],[[[0.809876,-0.158533,-0.564772],[0.323449,0.923887,0.204485],[0.489368,-0.348283,0.799511]],[[0.869817,-0.205215,-0.44867],[0.371486,0.870863,0.321864],[0.324678,-0.446637,0.833726]],[[0.869817,-0.205215,-0.44867],[0.358614,0.88753,0.289286],[0.338842,-0.412525,0.845582]],[[0.869817,-0.205215,-0.44867],[0.347422,0.900457,0.261676],[0.350308,-0.383488,0.85453]]],1],[1162,[-0.413058,0.397417,-0.819416],116,66.7779,[-88.2176,212.537,-60.8615],[-86.5914,211.733,-61.5129],[393.903,-72.0354,-97.3414],false,[-23.9692,152.474,73.3273],[-49.9993,174.862,12.8657],[-68.8671,195.611,-26.134],[-80.5729,206.873,-49.3558],[-88.6129,213.772,-64.7991],[[[0.80146,-0.359291,-0.478092],[0.466377,0.875913,0.123563],[0.374372,-0.322002,0.869575]],[[0.767973,-0.331606,-0.547955],[0.505905,0.838733,0.201462],[0.392783,-0.43193,0.811885]],[[0.767973,-0.331606,-0.547955],[0.48949,0.855627,0.168233],[0.413058,-0.397417,0.819416]],[[0.767973,-0.331606,-0.547955],[0.475303,0.868524,0.140544],[0.429307,-0.368379,0.824616]]],2],[1163,[-0.247678,-0.794552,0.554384],116,64.2087,[-63.7824,111.03,14.4435],[-60.5629,109.957,13.4157],[294.458,-60.972,-31.4142],false,[-14.0926,149.145,66.9025],[-29.1273,166.817,8.9482],[-54.631,138.465,-14.0384],[-61.4688,116.53,1.26678],[-59.704,108.423,17.9367],[[[0.810363,-0.467761,-0.352862],[0.534143,0.837294,0.116747],[0.240839,-0.283086,0.928364]],[[0.818562,-0.477718,-0.318969],[0.0435151,0.605267,-0.794832],[0.572767,0.63674,0.516237]],[[0.818562,-0.477718,-0.318969],[-0.518277,-0.374796,-0.768711],[0.247678,0.794552,-0.554384]],[[0.818562,-0.477718,-0.318969],[-0.566544,-0.763056,-0.311085],[-0.0947807,0.435353,-0.895257]]],3],[1164,[-0.470392,-0.663074,0.582293],116,50.3385,[-48.116,117.807,11.7469],[-44.6622,116.558,10.823],[298.116,-77.3375,-32.8691],false,[-6.00874,138.872,61.3997],[-11.6465,154.899,6.16638],[-33.5777,134.386,-12.2718],[-42.7466,121.461,-0.92169],[-44.8304,115.47,15.0423],[[[