{"metadata":{"formatVersion":2,"generatedBy":"LeapJS Playback 0.2.1","frames":82,"protocolVersion":6,"serviceVersion":"2.2.6+29154","frameRate":"1.1e+2","modified":"Thu Jun 04 2015 14:41:51 GMT-0300 (E. South America Standard Time)"},"frames":[["id","timestamp",{"hands":[["id","type","direction","palmNormal","palmPosition","palmVelocity","stabilizedPalmPosition","pinchStrength","grabStrength","confidence","armBasis","armWidth","elbow","wrist"]]},{"pointables":[["id","direction","handId","length","stabilizedTipPosition","tipPosition","tipVelocity","tool","carpPosition","mcpPosition","pipPosition","dipPosition","btipPosition","bases","type"]]},{"interactionBox":["center","size"]}],[207647,3916658012,[[116,"right",[-0.262829,0.400039,-0.878004],[-0.344601,-0.888898,-0.301846],[-37.8634,143.257,55.38],[68.0589,15.9973,-26.5384],[-37.99,143.855,61.5647],1,0,0.750168,[[0.575749,0.068632,-0.814741],[0.350502,0.879549,0.321779],[0.738689,-0.470832,0.482344]],63.5027,[183.377,-2.83111,230.897],[-15.3892,123.86,101.108]]],[[1160,[-0.13944,-0.221924,-0.965042],116,51.9386,[-59.5772,98.6387,23.1225],[-55.729,97.9501,20.6165],[68.3584,5.86942,-3.29267],false,[-43.8059,119.27,111.407],[-43.8059,119.27,111.407],[-61.2199,113.131,65.2138],[-65.9579,105.59,32.4223],[-51.1625,95.147,17.7242],[[[0.619577,0.783288,-0.0508305],[-0.468602,0.421058,0.77661],[0.629712,-0.45735,0.627928]],[[0.37212,0.891388,-0.258754],[-0.859647,0.436114,0.266103],[0.350048,0.123415,0.928566]],[[0.37212,0.891388,-0.258754],[-0.917651,0.395192,0.0417128],[0.13944,0.221924,0.965042]],[[0.37212,0.891388,-0.258754],[-0.67759,0.0703616,-0.732066],[-0.634349,0.447745,0.630179]]],0],[1161,[-0.209396,0.500097,-0.840271],116,58.6069,[-83.1367,200.316,-18.459],[-82.2302,201.377,-23.4876],[76.584,26.0015,-26.762],false,[-32.6498,139.064,104.941],[-66.1557,160.708,43.422],[-74.3742,183.878,8.36797],[-79.4181,195.924,-11.8725],[-83.2388,203.804,-26.4751],[[[0.844282,-0.152891,-0.513626],[0.279908,0.943122,0.179365],[0.456989,-0.295203,0.839057]],[[0.914194,-0.204813,-0.349715],[0.356937,0.815593,0.455416],[0.19195,-0.541164,0.818716]],[[0.914194,-0.204813,-0.349715],[0.34699,0.8414,0.414299],[0.209396,-0.500097,0.840271]],[[0.914194,-0.204813,-0.349715],[0.337491,0.862485,0.37712],[0.224385,-0.462786,0.857601]]],1],[1162,[-0.274144,0.487092,-0.829208],116,66.7779,[-72.0409,203.035,-34.6029],[-69.5849,202.896,-39.1404],[83.7052,8.43578,-36.5933],false,[-22.1943,138.981,98.5172],[-45.6626,157.766,35.8211],[-57.6932,182.934,-3.28487],[-65.4623,196.738,-26.7841],[-70.9752,205.241,-42.5335],[[[0.83809,-0.349892,-0.418546],[0.428579,0.896987,0.108326],[0.337527,-0.270167,0.901712]],[[0.818417,-0.334624,-0.467141],[0.517174,0.783266,0.345],[0.25045,-0.523947,0.814097]],[[0.818417,-0.334624,-0.467141],[0.505014,0.806702,0.306909],[0.274144,-0.487092,0.829208]],[[0.818417,-0.334624,-0.467141],[0.4935,0.825762,0.273084],[0.294367,-0.454031,0.840954]]],2],[1163,[-0.213171,-0.735572,0.643034],116,64.2087,[-55.6345,103.659,20.6338],[-49.1663,104.642,33.2651],[50.7541,15.5244,-12.6781],false,[-11.8752,135.744,92.778],[-24.3444,150.332,33.3746],[-46.1616,126.424,2.79525],[-52.0467,106.117,20.5478],[-47.8958,104.149,38.5925],[[[0.843916,-0.452453,-0.288256],[0.497903,0.860627,0.106835],[0.199743,-0.233684,0.951575]],[[0.851844,-0.462239,-0.246366],[0.185166,0.705724,-0.683863],[0.489975,0.536926,0.686757]],[[0.851844,-0.462239,-0.246366],[-0.478456,-0.495247,-0.725128],[0.213171,0.735572,-0.643034]],[[0.851844,-0.462239,-0.246366],[-0.473991,-0.880434,0.013008],[-0.222922,0.105695,-0.969089]]],3],[1164,[-0.30289,-0.702301,0.644229],116,50.3385,[-37.1052,107.683,26.5187],[-30.6179,107.273,32.6907],[52.9582,6.18501,-6.66109],false,[-3.15617,125.547,88.1772],[-6.33884,138.956,32.0572],[-27.3263,123.181,8.55351],[-33.2303,109.491,21.1109],[-29.4116,106.475,37.5851],[[[0.767416,-0.612397,-0.189848],[0.638779,0.755728,0.144347],[0.0550755,-0.232045,0.971145]],[[0.758437,-0.586961,-0.283285],[0.264678,0.674588,-0.689113],[0.595583,0.447669,0.666988]],[[0.758437,-0.586961,-0.283285],[-0.577088,-0.402803,-0.710436],[0.30289,0.702301,-0.644229]],[[0.758437,-0.586961,-0.283285],[-0.612663,-0.79034,-0.00270958],[-0.222301,0.175613,-0.959032]]],4]],[[0,200,0],[235.247,235.247,147.751]]],[207648,3916667016,[[116,"right",[-0.260717,0.398246,-0.879447],[-0.348409,-0.888375,-0.299001],[-37.1026,143.409,55.1805],[72.5739,16.2294,-25.3353],[-37.9794,143.849,61.4883],1,0,0.761778,[[0.577509,0.0607322,-0.814122],[0.35353,0.880271,0.316448],[0.735867,-0.470568,0.486894]],63.5027,[183.274,-2.55392,231.995],[-14.7321,124.066,100.982]]],[[1160,[-0.139612,-0.224588,-0.964401],116,51.9386,[-58.8646,98.5142,22.8674],[-55.0461,98.0386,20.6096],[69.786,7.26191,-2.79911],false,[-43.1728,119.637,111.286],[-43.1728,119.637,111.286],[-60.567,113.414,65.0958],[-65.3109,105.782,32.3261],[-50.4957,95.2174,17.7354],[[[0.623052,0.780368,-0.0532087],[-0.467037,0.425729,0.775004],[0.627441,-0.458017,0.629713]],[[0.376331,0.888825,-0.261467],[-0.857974,0.440842,0.263701],[0.34965,0.125093,0.928491]],[[0.376331,0.888825,-0.261467],[-0.915906,0.399438,0.0395715],[0.139612,0.224588,0.964401]],[[0.376331,0.888825,-0.261467],[-0.67446,0.0693375,-0.735048],[-0.6352,0.452971,0.625571]]],0],[1161,[-0.20739,0.499201,-0.841301],116,58.6069,[-83.0932,200.361,-18.5814],[-81.2145,201.534,-23.8469],[86.2747,23.7032,-30.3206],false,[-31.9269,139.359,104.757],[-65.3129,160.944,43.1526],[-73.44,184.068,8.04676],[-78.4356,196.093,-12.2185],[-82.2242,203.96,-26.8362],[[[0.843798,-0.158343,-0.51277],[0.284004,0.942473,0.176312],[0.455354,-0.2944,0.840227]],[[0.913128,-0.209766,-0.349565],[0.360787,0.815051,0.453349],[0.189816,-0.540084,0.819926]],[[0.913128,-0.209766,-0.349565],[0.35098,0.840712,0.412331],[0.20739,-0.499201,0.841301]],[[0.913128,-0.209766,-0.349565],[0.341599,0.861687,0.375241],[0.222503,-0.462055,0.858486]]],1],[1162,[-0.271943,0.486706,-0.830159],116,66.7779,[-71.9662,203.043,-34.7057],[-68.5443,202.956,-39.4947],[92.4067,8.6336,-36.9209],false,[-21.4693,139.208,98.3381],[-44.83,157.886,35.5699],[-56.7459,183.032,-3.58536],[-64.4527,196.825,-27.1116],[-69.9275,205.322,-42.8775],[[[0.836698,-0.354995,-0.417032],[0.432497,0.895443,0.105488],[0.33598,-0.268627,0.90275]],[[0.81672,-0.339507,-0.466587],[0.520993,0.78147,0.343324],[0.248063,-0.523488,0.815123]],[[0.81672,-0.339507,-0.466587],[0.508936,0.804893,0.305176],[0.271943,-0.486706,0.830159]],[[0.81672,-0.339507,-0.466587],[0.497501,0.823949,0.271294],[0.292338,-0.453699,0.841841]]],2],[1163,[-0.216468,-0.732443,0.645499],116,64.2087,[-55.5271,103.675,20.8336],[-48.5616,104.769,33.2088],[55.166,15.2413,-11.2582],false,[-11.1623,135.907,92.6139],[-23.5439,150.35,33.157],[-45.4602,126.435,2.654],[-51.4363,106.214,20.4746],[-47.2969,104.289,38.5266],[[[0.84202,-0.457142,-0.286397],[0.50166,0.858773,0.104148],[0.198339,-0.231368,0.952434]],[[0.849858,-0.466782,-0.244655],[0.188365,0.702607,-0.686194],[0.4922,0.537083,0.685041]],[[0.849858,-0.466782,-0.244655],[-0.480503,-0.495622,-0.723516],[0.216468,0.732443,-0.645499]],[[0.849858,-0.466782,-0.244655],[-0.477828,-0.878309,0.0159138],[-0.222311,0.103379,-0.96948]]],3],[1164,[-0.306037,-0.69771,0.647721],116,50.3385,[-36.9647,107.674,26.6558],[-29.9917,107.313,32.6853],[57.2339,5.86721,-5.53694],false,[-2.4867,125.655,88.0509],[-5.58831,138.89,31.885],[-26.6311,123.087,8.44944],[-32.5964,109.487,21.0749],[-28.7997,106.535,37.5659],[[[0.764776,-0.616416,-0.187483],[0.642057,0.753379,0.142068],[0.0536727,-0.229025,0.97194]],[[0.756083,-0.591564,-0.279982],[0.267861,0.670027,-0.692325],[0.59715,0.448459,0.665054]],[[0.756083,-0.591564,-0.279982],[-0.578515,-0.404046,-0.708567],[0.306037,0.69771,-0.647721]],[[0.756083,-0.591564,-0.279982],[-0.616026,-0.787725,0.000796038],[-0.22102,0.171875,-0.960005]]],4]],[[0,200,0],[235.247,235.247,147.751]]],[207649,3916676103,[[116,"right",[-0.258273,0.396333,-0.881031],[-0.352359,-0.887794,-0.296082],[-36.2328,143.493,55.0306],[78.9821,14.3053,-22.8877],[-37.9531,143.844,61.3913],1,0,0.77055,[[0.580096,0.053384,-0.812797],[0.357193,0.880119,0.312736],[0.732053,-0.471742,0.491485]],63.5027,[182.997,-2.72688,233.164],[-13.9832,124.209,100.916]]],[[1160,[-0.139882,-0.227074,-0.963779],116,51.9386,[-58.0663,98.4007,22.6224],[-54.2821,98.0778,20.6433],[73.0915,6.94968,-1.22821],false,[-42.451,119.949,111.216],[-42.451,119.949,111.216],[-59.8183,113.652,65.0256],[-64.5714,105.937,32.2771],[-49.7521,95.2437,17.784],[[[0.626727,0.777256,-0.0555562],[-0.465555,0.430656,0.773171],[0.624878,-0.458703,0.631759]],[[0.381069,0.886034,-0.264065],[-0.856102,0.446008,0.261089],[0.349109,0.126574,0.928495]],[[0.381069,0.886034,-0.264065],[-0.913904,0.404204,0.0374094],[0.139882,0.227074,0.963779]],[[0.381069,0.886034,-0.264065],[-0.671632,0.0690114,-0.737664],[-0.635372,0.458455,0.621386]]],0],[1161,[-0.205081,0.498079,-0.842532],116,58.6069,[-83.0085,200.415,-18.7348],[-80.0565,201.61,-24.1837],[97.3612,19.4492,-32.1852],false,[-31.1087,139.595,104.625],[-64.3528,161.117,42.9215],[-72.3767,184.183,7.75348],[-77.3166,196.18,-12.5414],[-81.0677,204.033,-27.177],[[[0.843387,-0.164102,-0.511634],[0.288288,0.941757,0.173158],[0.453419,-0.293537,0.841574]],[[0.912079,-0.215011,-0.349117],[0.364682,0.814587,0.45106],[0.187403,-0.538719,0.821378]],[[0.912079,-0.215011,-0.349117],[0.355042,0.840052,0.410192],[0.205081,-0.498079,0.842532]],[[0.912079,-0.215011,-0.349117],[0.345808,0.860876,0.373243],[0.220295,-0.461154,0.859539]]],1],[1162,[-0.269504,0.486122,-0.831296],116,66.7779,[-71.8457,203.051,-34.8366],[-67.3618,202.931,-39.8203],[102.673,6.00346,-36.2563],false,[-20.6477,139.373,98.2134],[-43.8795,157.937,35.3635],[-55.6716,183.048,-3.85181],[-63.3092,196.824,-27.4102],[-68.7409,205.312,-43.1957],[[[0.835305,-0.360378,-0.415203],[0.436607,0.893783,0.102602],[0.334125,-0.266984,0.903925]],[[0.81502,-0.344663,-0.465778],[0.524861,0.779703,0.341445],[0.245486,-0.522753,0.816374]],[[0.81502,-0.344663,-0.465778],[0.512942,0.803052,0.303312],[0.269504,-0.486122,0.831296]],[[0.81502,-0.344663,-0.465778],[0.501622,0.822056,0.269442],[0.29003,-0.453245,0.842883]]],2],[1163,[-0.218498,-0.728225,0.649574],116,64.2087,[-55.3878,103.695,21.0697],[-47.8131,104.848,33.2906],[62.7886,13.8772,-6.23423],false,[-10.3526,136.003,92.508],[-22.6273,150.293,32.9918],[-44.6676,126.349,2.60092],[-50.6998,106.245,20.534],[-46.5409,104.402,38.5901],[[[0.840064,-0.462083,-0.284202],[0.505598,0.856785,0.101439],[0.196627,-0.228907,0.953383]],[[0.847674,-0.47141,-0.243356],[0.190889,0.699015,-0.689159],[0.494986,0.537728,0.682523]],[[0.847674,-0.47141,-0.243356],[-0.483434,-0.497454,-0.720299],[0.218498,0.728225,-0.649574]],[[0.847674,-0.47141,-0.243356],[-0.481209,-0.876344,0.0214045],[-0.223354,0.0989613,-0.969701]]],3],[1164,[-0.30943,-0.692799,0.65137],116,50.3385,[-36.7895,107.663,26.8124],[-29.26,107.28,32.7441],[63.3935,3.34256,-2.67201],false,[-1.72192,125.695,87.9873],[-4.72456,138.744,31.7726],[-25.8222,122.909,8.40812],[-31.8537,109.405,21.1047],[-28.0835,106.521,37.6137],[[[0.762011,-0.620642,-0.184776],[0.645476,0.750872,0.139828],[0.0519602,-0.225819,0.972783]],[[0.753633,-0.596394,-0.276316],[0.271265,0.66512,-0.695723],[0.598709,0.449365,0.663038]],[[0.753633,-0.596394,-0.276316],[-0.579905,-0.405394,-0.706658],[0.30943,0.692799,-0.65137]],[[0.753633,-0.596394,-0.276316],[-0.61957,-0.784929,0.00433677],[-0.219475,0.167929,-0.961057]]],4]],[[0,200,0],[235.247,235.247,147.751]]],[207650,3916685382,[[116,"right",[-0.256554,0.394868,-0.88219],[-0.35674,-0.886979,-0.293266],[-35.2542,143.587,54.8412],[86.4422,13.1117,-22.1899],[-37.9014,143.839,61.2657],1,0,0.780066,[[0.581694,0.0457459,-0.81212],[0.361037,0.880159,0.308177],[0.728893,-0.47247,0.495467]],63.5027,[183.042,-2.79585,234.101],[-13.0877,124.336,100.781]]],[[1160,[-0.141214,-0.229023,-0.963124],116,51.9386,[-57.1646,98.3046,22.3823],[-53.4577,98.1507,20.6339],[76.8791,7.70459,-1.35173],false,[-41.5734,120.246,111.1],[-41.5734,120.246,111.1],[-58.9627,113.903,64.9245],[-63.761,106.121,32.1982],[-48.9513,95.3046,17.7874],[[[0.630483,0.774026,-0.0580912],[-0.463272,0.435293,0.771945],[0.622792,-0.459786,0.63303]],[[0.385712,0.883265,-0.266586],[-0.853838,0.451204,0.259567],[0.349551,0.127504,0.928201]],[[0.385712,0.883265,-0.266586],[-0.911748,0.409134,0.0363926],[0.141214,0.229023,0.963124]],[[0.385712,0.883265,-0.266586],[-0.669365,0.0690432,-0.739718],[-0.634962,0.463762,0.617858]]],0],[1161,[-0.203618,0.497674,-0.843126],116,58.6069,[-82.8655,200.486,-18.9274],[-78.8608,201.757,-24.4804],[105.814,18.5212,-32.0079],false,[-30.1374,139.817,104.446],[-63.2912,161.309,42.6841],[-71.2479,184.344,7.48027],[-76.1527,196.332,-12.8289],[-79.8806,204.182,-27.4714],[[[0.842457,-0.169775,-0.511314],[0.292903,0.940874,0.170191],[0.452188,-0.293144,0.842373]],[[0.910557,-0.220178,-0.349868],[0.369258,0.813692,0.448948],[0.185836,-0.537984,0.822215]],[[0.910557,-0.220178,-0.349868],[0.359758,0.838953,0.408328],[0.203618,-0.497674,0.843126]],[[0.910557,-0.220178,-0.349868],[0.350647,0.859625,0.371606],[0.218936,-0.461049,0.859943]]],1],[1162,[-0.267977,0.486903,-0.831333],116,66.7779,[-71.6612,203.065,-35.0027],[-66.1697,203.012,-40.0932],[109.428,7.78765,-33.5769],false,[-19.6791,139.524,98.033],[-42.8353,158.006,35.1314],[-54.5641,183.119,-4.10191],[-62.1584,196.917,-27.6614],[-67.5585,205.433,-43.443],[[[0.833445,-0.365711,-0.414277],[0.44097,0.891962,0.09975],[0.333039,-0.26582,0.904668]],[[0.812487,-0.349498,-0.4666],[0.529384,0.777525,0.339422],[0.244166,-0.522786,0.816748]],[[0.812487,-0.349498,-0.4666],[0.517738,0.800485,0.301945],[0.267977,-0.486903,0.831333]],[[0.812487,-0.349498,-0.4666],[0.506678,0.819206,0.268663],[0.288344,-0.454701,0.842677]]],2],[1163,[-0.221632,-0.725389,0.651683],116,64.2087,[-55.2057,103.721,21.3479],[-47.0119,104.947,33.2387],[69.3014,13.3591,-7.33554],false,[-9.40178,136.086,92.3357],[-21.6211,150.252,32.7785],[-43.79,126.352,2.44688],[-49.9087,106.326,20.4382],[-45.742,104.523,38.4965],[[[0.837741,-0.467035,-0.282965],[0.509781,0.854626,0.0986849],[0.19574,-0.226922,0.95404]],[[0.845236,-0.47617,-0.242568],[0.194165,0.696536,-0.690751],[0.497872,0.536749,0.681193]],[[0.845236,-0.47617,-0.242568],[-0.486268,-0.497065,-0.718659],[0.221632,0.725389,-0.651683]],[[0.845236,-0.47617,-0.242568],[-0.485287,-0.874006,0.0247061],[-0.22377,0.0968327,-0.96982]]],3],[1164,[-0.311825,-0.687612,0.655709],116,50.3385,[-36.5666,107.65,26.993],[-28.4366,107.27,32.767],[70.3655,2.25374,-1.60304],false,[-0.822415,125.722,87.8448],[-3.77502,138.613,31.5909],[-24.9556,122.746,8.32355],[-31.0338,109.343,21.1047],[-27.2663,106.533,37.6273],[[[0.758941,-0.624905,-0.183033],[0.649151,0.748153,0.137369],[0.0510941,-0.223071,0.973462]],[[0.750814,-0.601251,-0.273452],[0.273865,0.66011,-0.699466],[0.601063,0.45028,0.660281]],[[0.750814,-0.601251,-0.273452],[-0.582275,-0.407046,-0.703754],[0.311825,0.687612,-0.655709]],[[0.750814,-0.601251,-0.273452],[-0.62304,-0.782138,0.00905006],[-0.219318,0.163576,-0.961843]]],4]],[[0,200,0],[235.247,235.247,147.751]]],[207651,3916694149,[[116,"right",[-0.255015,0.392285,-0.883787],[-0.361059,-0.886528,-0.289319],[-34.2102,143.666,54.6636],[95.2088,12.0175,-21.6721],[-37.8186,143.835,61.1176],1,0,0.787995,[[0.582788,0.0374279,-0.811762],[0.364839,0.880551,0.302528],[0.726121,-0.472472,0.499519]],63.5027,[183.266,-2.62448,235.088],[-12.1176,124.508,100.677]]],[[1160,[-0.142717,-0.232088,-0.962168],116,51.9386,[-56.2251,98.2262,22.1766],[-52.5828,98.1733,20.6833],[82.4006,6.85496,0.272577],false,[-40.6185,120.598,111.025],[-40.6185,120.598,111.025],[-58.0367,114.154,64.874],[-62.8861,106.267,32.1802],[-48.1032,95.3127,17.8463],[[[0.634128,0.770766,-0.0616489],[-0.460904,0.440803,0.770234],[0.620845,-0.460013,0.634775]],[[0.390253,0.880169,-0.270194],[-0.851534,0.456641,0.257623],[0.350133,0.129541,0.927699]],[[0.390253,0.880169,-0.270194],[-0.90958,0.41405,0.035042],[0.142717,0.232088,0.962168]],[[0.390253,0.880169,-0.270194],[-0.667821,0.0685816,-0.741155],[-0.633812,0.469679,0.61456]]],0],[1161,[-0.202242,0.496198,-0.844325],116,58.6069,[-82.6611,200.563,-19.1499],[-77.6147,201.782,-24.8344],[115.204,14.3689,-34.2041],false,[-29.0922,140.085,104.282],[-62.1674,161.469,42.4406],[-70.0646,184.42,7.16854],[-74.9361,196.372,-13.1695],[-78.6411,204.205,-27.8272],[[[0.841446,-0.17597,-0.510885],[0.297431,0.940195,0.166036],[0.451114,-0.291663,0.843462]],[[0.909012,-0.225691,-0.350372],[0.373733,0.813476,0.445624],[0.184446,-0.536023,0.823808]],[[0.909012,-0.225691,-0.350372],[0.364411,0.838362,0.405406],[0.202242,-0.496198,0.844325]],[[0.909012,-0.225691,-0.350372],[0.355462,0.858744,0.36906],[0.217586,-0.460024,0.860834]]],1],[1162,[-0.266723,0.485598,-0.832498],116,66.7779,[-71.4136,203.077,-35.1974],[-64.9323,202.904,-40.4547],[117.396,2.64403,-35.3384],false,[-18.6379,139.715,97.8668],[-41.7303,158.037,34.8947],[-53.3978,183.071,-4.4069],[-60.9566,196.832,-27.9994],[-66.3337,205.329,-43.799],[[[0.83154,-0.371442,-0.413003],[0.445237,0.890278,0.0957524],[0.332121,-0.263506,0.905682]],[[0.810114,-0.354962,-0.466601],[0.533591,0.776144,0.335979],[0.24289,-0.521155,0.81817]],[[0.810114,-0.354962,-0.466601],[0.522086,0.798872,0.298713],[0.266723,-0.485598,0.832498]],[[0.810114,-0.354962,-0.466601],[0.511153,0.817413,0.265628],[0.287118,-0.453694,0.843638]]],2],[1163,[-0.22493,-0.722207,0.654082],116,64.2087,[-54.9878,103.751,21.6488],[-46.1464,105.007,33.2334],[76.8849,12.0508,-7.56134],false,[-8.37923,136.204,92.1806],[-20.554,150.172,32.5674],[-42.8487,126.299,2.30624],[-49.0584,106.361,20.3638],[-44.8854,104.609,38.4257],[[[0.835406,-0.472219,-0.281258],[0.51387,0.852612,0.0948229],[0.195027,-0.223746,0.954936]],[[0.84278,-0.481098,-0.241386],[0.197547,0.693624,-0.69272],[0.500697,0.536126,0.679611]],[[0.84278,-0.481098,-0.241386],[-0.489008,-0.496952,-0.716875],[0.22493,0.722207,-0.654082]],[[0.84278,-0.481098,-0.241386],[-0.489382,-0.871603,0.0285224],[-0.224114,0.0940918,-0.97001]]],3],[1164,[-0.314696,-0.682779,0.659378],116,50.3385,[-36.3061,107.636,27.1842],[-27.5618,107.225,32.7788],[78.155,0.526167,-1.28608],false,[0.149113,125.78,87.7312],[-2.76385,138.443,31.4235],[-24.0247,122.562,8.23863],[-30.1588,109.254,21.0913],[-26.3962,106.512,37.6264],[[[0.755896,-0.629283,-0.18062],[0.652748,0.745646,0.133914],[0.0504083,-0.219124,0.974394]],[[0.747904,-0.606113,-0.270677],[0.276801,0.655386,-0.702744],[0.603341,0.450662,0.657939]],[[0.747904,-0.606113,-0.270677],[-0.584471,-0.407971,-0.701394],[0.314696,0.682779,-0.659378]],[[0.747904,-0.606113,-0.270677],[-0.626628,-0.779203,0.0134019],[-0.219036,0.159591,-0.962577]]],4]],[[0,200,0],[235.247,235.247,147.751]]],[207652,3916703342,[[116,"right",[-0.252644,0.390993,-0.88504],[-0.361977,-0.886485,-0.288302],[-33.0944,143.717,54.5004],[102.523,10.2177,-20.5766],[-37.6806,143.832,60.9243],1,0,0.795187,[[0.584862,0.0327565,-0.810471],[0.365024,0.881662,0.299047],[0.724357,-0.470742,0.503694]],63.5027,[183.786,-2.05523,236.128],[-11.1232,124.612,100.594]]],[[1160,[-0.141311,-0.233227,-0.9621],116,51.9386,[-55.0641,98.157,21.9551],[-51.4083,98.1947,20.6023],[94.4549,6.25844,-2.46296],false,[-39.6506,120.769,110.893],[-39.6506,120.769,110.893],[-56.9674,114.282,64.7107],[-61.769,106.357,32.0192],[-46.9383,95.3423,17.7808],[[[0.635533,0.769587,-0.0619095],[-0.461661,0.443065,0.768481],[0.618843,-0.459814,0.636871]],[[0.392791,0.878871,-0.270743],[-0.851203,0.458889,0.254705],[0.348093,0.130412,0.928345]],[[0.392791,0.878871,-0.270743],[-0.908706,0.416163,0.0325846],[0.141311,0.233227,0.9621]],[[0.392791,0.878871,-0.270743],[-0.664377,0.0676306,-0.744331],[-0.63586,0.472242,0.610466]]],0],[1161,[-0.20033,0.49561,-0.845126],116,58.6069,[-82.3503,200.656,-19.4326],[-76.2852,201.804,-25.1554],[123.071,10.7947,-34.4959],false,[-28.0788,140.224,104.136],[-60.998,161.543,42.1886],[-68.8194,184.451,6.87192],[-73.6449,196.389,-13.4855],[-77.3154,204.219,-28.1537],[[[0.84214,-0.178364,-0.508906],[0.298678,0.940019,0.164792],[0.448989,-0.290777,0.844901]],[[0.909053,-0.227659,-0.34899],[0.374503,0.813583,0.44478],[0.182674,-0.535027,0.824849]],[[0.909053,-0.227659,-0.34899],[0.365364,0.838178,0.404929],[0.20033,-0.49561,0.845126]],[[0.909053,-0.227659,-0.34899],[0.356589,0.858336,0.368923],[0.215562,-0.459817,0.861453]]],1],[1162,[-0.265113,0.485705,-0.83295],116,66.7779,[-71.051,203.092,-35.4457],[-63.5963,202.908,-40.723],[124.489,2.34031,-33.236],false,[-17.6127,139.824,97.7414],[-40.5522,158.062,34.6891],[-52.158,183.073,-4.64571],[-59.6712,196.837,-28.251],[-65.0131,205.346,-44.056],[[[0.831719,-0.373628,-0.410665],[0.446537,0.889719,0.0948924],[0.329922,-0.262301,0.906835]],[[0.809804,-0.356752,-0.465773],[0.534643,0.775652,0.335443],[0.241608,-0.520665,0.818861]],[[0.809804,-0.356752,-0.465773],[0.523385,0.798009,0.298746],[0.265113,-0.485705,0.83295]],[[0.809804,-0.356752,-0.465773],[0.512695,0.81627,0.266172],[0.285239,-0.454347,0.843924]]],2],[1163,[-0.226379,-0.720011,0.656],116,64.2087,[-54.6864,103.789,22.0184],[-45.0301,105.035,33.1989],[89.1702,9.50452,-6.85406],false,[-7.34882,136.285,92.0819],[-19.3845,150.157,32.4183],[-41.6826,126.233,2.2004],[-47.9324,106.356,20.3109],[-43.7791,104.646,38.3814],[[[0.83516,-0.474156,-0.278718],[0.515108,0.851936,0.0941693],[0.192799,-0.222216,0.955745]],[[0.842363,-0.482869,-0.239295],[0.199123,0.691492,-0.694398],[0.500774,0.537286,0.678638]],[[0.842363,-0.482869,-0.239295],[-0.489058,-0.498419,-0.715822],[0.226379,0.720011,-0.656]],[[0.842363,-0.482869,-0.239295],[-0.490585,-0.870865,0.0303524],[-0.22305,0.091827,-0.970472]]],3],[1164,[-0.318048,-0.680939,0.659672],116,50.3385,[-35.9565,107.62,27.409],[-26.4555,107.237,32.7066],[89.5629,1.17086,-4.5939],false,[1.17072,125.839,87.6693],[-1.6118,138.397,31.3316],[-22.8296,122.527,8.09991],[-29.029,109.254,20.9583],[-25.3134,106.546,37.5096],[[[0.755193,-0.630892,-0.17793],[0.653732,0.744815,0.133738],[0.0481509,-0.217316,0.974913]],[[0.747506,-0.608097,-0.267306],[0.280517,0.653757,-0.702789],[0.602117,0.450356,0.659269]],[[0.747506,-0.608097,-0.267306],[-0.583163,-0.408093,-0.702411],[0.318048,0.680939,-0.659672]],[[0.747506,-0.608097,-0.267306],[-0.628052,-0.778051,0.0136828],[-0.216298,0.157654,-0.963515]]],4]],[[0,200,0],[235.247,235.247,147.751]]],[207653,3916713386,[[116,"right",[-0.24995,0.389337,-0.886533],[-0.364861,-0.885976,-0.286223],[-31.9525,143.724,54.3809],[105.886,7.34736,-17.964],[-37.4543,143.827,60.6659],1,0,0.799573,[[0.585459,0.0258164,-0.810291],[0.366807,0.882899,0.293159],[0.722973,-0.468853,0.507431]],63.5027,[184.42,-1.48641,237.1],[-10.1169,124.672,100.561]]],[[1160,[-0.140677,-0.235229,-0.961706],116,51.9386,[-53.6474,98.0846,21.7402],[-50.3016,98.165,20.6269],[98.6722,3.92279,-1.15276],false,[-38.6728,120.966,110.831],[-38.6728,120.966,110.831],[-55.9205,114.415,64.6317],[-60.7006,106.422,31.9536],[-45.8427,95.3033,17.825],[[[0.638472,0.767041,-0.0632586],[-0.461089,0.447019,0.766531],[0.616239,-0.460241,0.639084]],[[0.396852,0.876518,-0.272443],[-0.849884,0.463008,0.251635],[0.346706,0.131683,0.928684]],[[0.396852,0.876518,-0.272443],[-0.907038,0.419981,0.0299546],[0.140677,0.235229,0.961706]],[[0.396852,0.876518,-0.272443],[-0.660833,0.0668423,-0.74755],[-0.63703,0.476706,0.605759]]],0],[1161,[-0.19789,0.494836,-0.846154],116,58.6069,[-81.8732,200.771,-19.8023],[-74.8575,201.801,-25.4593],[128.482,7.35551,-33.2636],false,[-27.0194,140.357,104.033],[-59.7724,161.617,41.9777],[-67.4948,184.466,6.60106],[-72.2615,196.386,-13.7811],[-75.8888,204.212,-28.462],[[[0.842185,-0.182973,-0.507194],[0.301934,0.939383,0.162468],[0.446722,-0.289968,0.846379]],[[0.908391,-0.231786,-0.347995],[0.377221,0.813323,0.442956],[0.180361,-0.533649,0.82625]],[[0.908391,-0.231786,-0.347995],[0.368328,0.837504,0.403636],[0.19789,-0.494836,0.846154]],[[0.908391,-0.231786,-0.347995],[0.359786,0.857344,0.368125],[0.213025,-0.459605,0.862197]]],1],[1162,[-0.26287,0.484951,-0.834099],116,66.7779,[-70.5069,203.105,-35.7744],[-62.1514,202.811,-41.007],[129.871,-1.22995,-31.5932],false,[-16.5459,139.9,97.6549],[-39.3292,158.038,34.5173],[-50.8227,183.008,-4.87657],[-58.2723,196.751,-28.5145],[-63.5739,205.248,-44.3396],[[[0.830901,-0.377909,-0.408398],[0.449703,0.888331,0.092925],[0.327675,-0.260869,0.908062]],[[0.808682,-0.36078,-0.46462],[0.537386,0.774362,0.334036],[0.23927,-0.519809,0.82009]],[[0.808682,-0.36078,-0.46462],[0.526244,0.796655,0.297333],[0.26287,-0.484951,0.834099]],[[0.808682,-0.36078,-0.46462],[0.515651,0.814868,0.264754],[0.283086,-0.453684,0.845005]]],2],[1163,[-0.230034,-0.71755,0.657424],116,64.2087,[-54.2623,103.837,22.4881],[-43.9952,105.03,33.1831],[93.0958,6.65188,-6.27816],false,[-6.28733,136.306,92.0203],[-18.1879,150.049,32.2994],[-40.5327,126.14,2.10391],[-46.8833,106.33,20.2538],[-42.7593,104.654,38.334],[[[0.833784,-0.478063,-0.276153],[0.518134,0.850292,0.092409],[0.190633,-0.220134,0.956661]],[[0.840862,-0.486639,-0.236926],[0.202792,0.689113,-0.6957],[0.501823,0.536941,0.678136]],[[0.840862,-0.486639,-0.236926],[-0.489934,-0.498302,-0.715304],[0.230034,0.71755,-0.657424]],[[0.840862,-0.486639,-0.236926],[-0.493859,-0.86895,0.0320682],[-0.221483,0.0900431,-0.970998]]],3],[1164,[-0.321311,-0.676978,0.662163],116,50.3385,[-35.4755,107.597,27.6901],[-25.4064,107.156,32.7542],[93.8453,-1.47994,-2.14647],false,[2.19955,125.816,87.6502],[-0.457402,138.219,31.2722],[-21.6978,122.33,8.07419],[-27.9608,109.135,20.9811],[-24.2787,106.482,37.5488],[[[0.753095,-0.634205,-0.175021],[0.656304,0.742774,0.132485],[0.0459781,-0.214641,0.97561]],[[0.745711,-0.611863,-0.263701],[0.283896,0.649859,-0.705044],[0.602759,0.450895,0.658312]],[[0.745711,-0.611863,-0.263701],[-0.583673,-0.409052,-0.701429],[0.321311,0.676978,-0.662163]],[[0.745711,-0.611863,-0.263701],[-0.630848,-0.775742,0.0159961],[-0.214351,0.154427,-0.964472]]],4]],[[0,200,0],[235.247,235.247,147.751]]],[207654,3916721444,[[116,"right",[-0.247178,0.388514,-0.887671],[-0.366266,-0.885592,-0.285614],[-30.9885,143.702,54.267],[109.319,4.81584,-17.0066],[-37.2135,143.823,60.4276],1,0,0.800344,[[0.586418,0.0225566,-0.809694],[0.367745,0.883241,0.290944],[0.721718,-0.468376,0.509654]],63.5027,[184.905,-1.35765,237.661],[-9.29466,124.673,100.523]]],[[1160,[-0.138655,-0.236428,-0.961705],116,51.9386,[-52.4388,98.0254,21.5768],[-49.289,98.1175,20.5719],[105.023,1.70075,-2.81589],false,[-37.8807,121.047,110.739],[-37.8807,121.047,110.739],[-55.0171,114.462,64.5023],[-59.7285,106.429,31.8243],[-44.8344,95.2493,17.7819],[[[0.640349,0.765488,-0.0630976],[-0.4617,0.449268,0.764847],[0.613829,-0.460637,0.641114]],[[0.399693,0.875124,-0.272769],[-0.849463,0.465443,0.248548],[0.344469,0.132365,0.92942]],[[0.399693,0.875124,-0.272769],[-0.906102,0.422207,0.0268414],[0.138655,0.236428,0.961705]],[[0.399693,0.875124,-0.272769],[-0.657619,0.0664545,-0.750413],[-0.638578,0.479313,0.60206]]],0],[1161,[-0.19566,0.494949,-0.846606],116,58.6069,[-81.388,200.871,-20.1367],[-73.6385,201.816,-25.7069],[133.712,5.93447,-32.5929],false,[-26.1687,140.402,103.935],[-58.7413,161.639,41.7766],[-66.3755,184.469,6.36883],[-71.0886,196.391,-14.0242],[-74.6755,204.227,-28.7094],[[[0.842843,-0.185681,-0.505112],[0.303725,0.938948,0.161642],[0.44426,-0.289654,0.847781]],[[0.908265,-0.234102,-0.346773],[0.378501,0.812946,0.442557],[0.178304,-0.533212,0.826978]],[[0.908265,-0.234102,-0.346773],[0.369827,0.836793,0.40374],[0.19566,-0.494949,0.846606]],[[0.908265,-0.234102,-0.346773],[0.361495,0.856381,0.368692],[0.210658,-0.460227,0.862447]]],1],[1162,[-0.260326,0.484785,-0.834994],116,66.7779,[-69.9557,203.112,-36.0765],[-60.8788,202.75,-41.2447],[136.692,-2.81643,-31.0304],false,[-15.6827,139.911,97.5796],[-38.2903,158.001,34.3654],[-49.666,182.951,-5.07561],[-57.0435,196.689,-28.7388],[-62.2962,205.187,-44.5797],[[[0.830905,-0.380436,-0.406036],[0.451525,0.887451,0.0924936],[0.325149,-0.260189,0.909164]],[[0.808588,-0.363151,-0.462933],[0.538613,0.773538,0.333968],[0.236816,-0.519384,0.821071]],[[0.808588,-0.363151,-0.462933],[0.527652,0.795679,0.297453],[0.260326,-0.484785,0.834994]],[[0.808588,-0.363151,-0.462933],[0.517224,0.813776,0.265043],[0.280473,-0.453751,0.84584]]],2],[1163,[-0.232961,-0.715972,0.658114],116,64.2087,[-53.8504,103.879,22.9048],[-43.0698,105.004,33.1143],[98.4198,4.23606,-7.07623],false,[-5.42042,136.285,91.9725],[-17.1626,149.96,32.205],[-39.4995,126.056,2.00015],[-45.931,106.29,20.169],[-41.8465,104.634,38.2602],[[[0.833279,-0.480389,-0.273628],[0.519871,0.849257,0.0921829],[0.188097,-0.219065,0.957408]],[[0.840241,-0.488903,-0.234454],[0.205781,0.687588,-0.696331],[0.501646,0.53684,0.678347]],[[0.840241,-0.488903,-0.234454],[-0.489616,-0.498356,-0.715484],[0.232961,0.715972,-0.658114]],[[0.840241,-0.488903,-0.234454],[-0.495859,-0.867794,0.0325265],[-0.21936,0.0889258,-0.971583]]],3],[1164,[-0.325176,-0.675278,0.662012],116,50.3385,[-35.0168,107.574,27.9329],[-24.4746,107.095,32.714],[98.9014,-2.6843,-4.17351],false,[3.05184,125.768,87.637],[0.543017,138.089,31.2341],[-20.6623,122.231,7.98298],[-27.0007,109.068,20.887],[-23.3716,106.436,37.4696],[[[0.75202,-0.636189,-0.172425],[0.657709,0.741488,0.132722],[0.0434146,-0.213215,0.97604]],[[0.744948,-0.614144,-0.260537],[0.287978,0.648313,-0.704811],[0.601765,0.450019,0.65982]],[[0.744948,-0.614144,-0.260537],[-0.582506,-0.408444,-0.702752],[0.325176,0.675278,-0.662012]],[[0.744948,-0.614144,-0.260537],[-0.632786,-0.77417,0.0155788],[-0.211267,0.153259,-0.965338]]],4]],[[0,200,0],[235.247,235.247,147.751]]],[207655,3916731218,[[116,"right",[-0.244453,0.387089,-0.889047],[-0.369872,-0.884765,-0.283524],[-29.52,143.747,54.1322],[121.365,4.77274,-16.0588],[-36.7907,143.819,60.0816],1,0,0.803397,[[0.586332,0.0164895,-0.809903],[0.370638,0.883545,0.286313],[0.720307,-0.468055,0.511939]],63.5027,[185.857,-1.19053,238.219],[-7.96288,124.753,100.467]]],[[1160,[-0.138328,-0.238203,-0.961314],116,51.9386,[-50.7517,97.9781,21.3974],[-47.9141,98.1514,20.5624],[114.954,2.69237,-2.69199],false,[-36.5762,121.284,110.66],[-36.5762,121.284,110.66],[-53.6597,114.658,64.4099],[-58.36,106.564,31.7451],[-43.4818,95.2733,17.7752],[[[0.643811,0.762459,-0.0645349],[-0.460561,0.453477,0.763048],[0.611058,-0.461536,0.643112]],[[0.404436,0.872438,-0.274377],[-0.847646,0.470225,0.245734],[0.343406,0.133191,0.929695]],[[0.404436,0.872438,-0.274377],[-0.904044,0.426745,0.024345],[0.138328,0.238203,0.961314]],[[0.404436,0.872438,-0.274377],[-0.655373,0.0672145,-0.752309],[-0.637901,0.48408,0.598956]]],0],[1161,[-0.19348,0.494781,-0.847205],116,58.6069,[-80.5828,201.015,-20.6119],[-71.8862,201.915,-25.9866],[146.579,7.23239,-31.3219],false,[-24.7708,140.567,103.815],[-57.1788,161.772,41.5596],[-64.7232,184.569,6.1113],[-69.3837,196.487,-14.2962],[-72.9326,204.33,-28.987],[[[0.842578,-0.190849,-0.503626],[0.307708,0.938046,0.15933],[0.442016,-0.289218,0.849102]],[[0.907142,-0.238703,-0.346575],[0.382159,0.812113,0.440939],[0.176204,-0.532441,0.827924]],[[0.907142,-0.238703,-0.346575],[0.373709,0.835591,0.402652],[0.19348,-0.494781,0.847205]],[[0.907142,-0.238703,-0.346575],[0.365587,0.8549,0.368092],[0.208422,-0.460615,0.862783]]],1],[1162,[-0.25807,0.484175,-0.836047],116,66.7779,[-69.0552,203.118,-36.5131],[-59.105,202.704,-41.5351],[149.225,-3.60097,-30.6151],false,[-14.2799,140.011,97.4728],[-36.7359,158.023,34.182],[-48.0125,182.916,-5.32311],[-55.3261,196.637,-29.0162],[-60.5336,205.133,-44.8728],[[[0.829664,-0.385267,-0.404012],[0.455355,0.885699,0.0904958],[0.322968,-0.25905,0.910266]],[[0.807031,-0.3677,-0.462057],[0.541841,0.772177,0.331892],[0.234753,-0.518208,0.822406]],[[0.807031,-0.3677,-0.462057],[0.531131,0.793959,0.295852],[0.25807,-0.484175,0.836047]],[[0.807031,-0.3677,-0.462057],[0.520944,0.811779,0.263878],[0.278061,-0.453664,0.846683]]],2],[1163,[-0.237099,-0.713661,0.659145],116,64.2087,[-53.2066,103.942,23.4819],[-41.7398,105.056,33.0764],[109.148,4.80111,-7.83817],false,[-4.02752,136.324,91.8877],[-15.6417,149.882,32.0684],[-38.048,126.033,1.87118],[-44.5938,106.331,20.0686],[-40.5339,104.7,38.1675],[[[0.831446,-0.484853,-0.27132],[0.523531,0.8472,0.0903709],[0.186046,-0.217183,0.958237]],[[0.838269,-0.493214,-0.232475],[0.209973,0.685476,-0.697162],[0.503206,0.535596,0.678175]],[[0.838269,-0.493214,-0.232475],[-0.491008,-0.497422,-0.71518],[0.237099,0.713661,-0.659145]],[[0.838269,-0.493214,-0.232475],[-0.499766,-0.865488,0.0341201],[-0.218033,0.0875812,-0.972004]]],3],[1164,[-0.329796,-0.671939,0.663123],116,50.3385,[-34.3128,107.542,28.2613],[-23.1376,107.063,32.6968],[109.714,-2.53593,-4.7846],false,[4.40285,125.757,87.5915],[2.01217,137.93,31.1512],[-19.2148,122.117,7.88897],[-25.6432,109.019,20.8146],[-22.0553,106.423,37.4119],[[[0.749382,-0.640004,-0.169769],[0.660844,0.738936,0.131371],[0.0413702,-0.210638,0.976688]],[[0.742585,-0.618368,-0.257273],[0.292759,0.645182,-0.705714],[0.602379,0.448733,0.660135]],[[0.742585,-0.618368,-0.257273],[-0.582926,-0.407577,-0.702907],[0.329796,0.671939,-0.663123]],[[0.742585,-0.618368,-0.257273],[-0.636351,-0.771214,0.0169055],[-0.208866,0.151162,-0.966191]]],4]],[[0,200,0],[235.247,235.247,147.751]]],[207656,3916739388,[[116,"right",[-0.241545,0.385186,-0.890667],[-0.371767,-0.884547,-0.281719],[-28.2125,143.806,53.9391],[131.14,5.39226,-17.9736],[-36.3238,143.818,59.7472],1,0,0.799785,[[0.588193,0.0115168,-0.808638],[0.372201,0.883852,0.283322],[0.71798,-0.467624,0.515589]],63.5027,[186.39,-0.941118,239.107],[-6.80369,124.887,100.373]]],[[1160,[-0.136699,-0.240236,-0.961041],116,51.9386,[-49.2187,97.9578,21.2483],[-46.6003,98.1727,20.4811],[126.062,3.24812,-4.83792],false,[-35.4474,121.527,110.517],[-35.4474,121.527,110.517],[-52.4304,114.835,64.2395],[-57.0754,106.672,31.584],[-42.1795,95.2929,17.7047],[[[0.646074,0.760466,-0.0654196],[-0.460853,0.456977,0.760781],[0.608443,-0.461372,0.645703]],[[0.408059,0.87036,-0.275611],[-0.846726,0.473685,0.242235],[0.341385,0.13452,0.930248]],[[0.408059,0.87036,-0.275611],[-0.902663,0.429837,0.0209471],[0.136699,0.240236,0.961041]],[[0.408059,0.87036,-0.275611],[-0.652388,0.0668053,-0.754935],[-0.638653,0.487863,0.595073]]],0],[1161,[-0.191192,0.493745,-0.848329],116,58.6069,[-79.7351,201.142,-21.0683],[-70.3071,201.921,-26.3876],[157.861,5.43816,-35.8606],false,[-23.574,140.757,103.64],[-55.7949,161.871,41.2574],[-63.2476,184.602,5.74725],[-67.8531,196.495,-14.6873],[-71.3609,204.329,-29.3931],[[[0.843071,-0.194664,-0.501336],[0.310006,0.937641,0.157244],[0.439463,-0.287985,0.850845]],[[0.906819,-0.241928,-0.345182],[0.383903,0.812172,0.439312],[0.174065,-0.530893,0.82937]],[[0.906819,-0.241928,-0.345182],[0.375667,0.835276,0.401483],[0.191192,-0.493745,0.848329]],[[0.906819,-0.241928,-0.345182],[0.367747,0.854294,0.367347],[0.206015,-0.460057,0.863658]]],1],[1162,[-0.255788,0.482908,-0.83748],116,66.7779,[-68.1146,203.114,-36.9369],[-57.493,202.608,-41.9202],[160.797,-5.84874,-34.7712],false,[-13.0718,140.153,97.3216],[-35.3475,158.044,33.9328],[-46.5177,182.865,-5.64788],[-53.7665,196.55,-29.3816],[-58.9304,205.026,-45.2629],[[[0.829409,-0.388756,-0.401186],[0.457648,0.884682,0.0888651],[0.320375,-0.257307,0.911676]],[[0.806548,-0.370996,-0.460264],[0.543514,0.771607,0.330478],[0.232537,-0.516706,0.823979]],[[0.806548,-0.370996,-0.460264],[0.532967,0.793197,0.294592],[0.255788,-0.482908,0.83748]],[[0.806548,-0.370996,-0.460264],[0.522929,0.810864,0.262762],[0.275728,-0.452616,0.848005]]],2],[1163,[-0.240383,-0.711103,0.660719],116,64.2087,[-52.5438,104.001,24.0137],[-40.4938,105.09,32.9779],[120.002,4.74122,-9.17807],false,[-2.81836,136.421,91.7683],[-14.2719,149.838,31.8862],[-36.6845,125.968,1.71076],[-43.3208,106.336,19.9516],[-39.3005,104.747,38.0631],[[[0.830639,-0.487961,-0.268202],[0.525715,0.845993,0.088992],[0.183473,-0.214918,0.959243]],[[0.837346,-0.49621,-0.229406],[0.213294,0.682928,-0.698652],[0.503346,0.536082,0.677686]],[[0.837346,-0.49621,-0.229406],[-0.490986,-0.498105,-0.71472],[0.240383,0.711103,-0.660719]],[[0.837346,-0.49621,-0.229406],[-0.502228,-0.863999,0.0356848],[-0.215913,0.0853335,-0.972677]]],3],[1164,[-0.33399,-0.669108,0.663887],116,50.3385,[-33.5991,107.513,28.5553],[-21.8842,107.053,32.6248],[120.397,-1.87215,-7.07312],false,[5.59117,125.819,87.5202],[3.35029,137.834,31.04],[-17.8499,122.03,7.74714],[-24.3601,108.988,20.6877],[-20.8261,106.433,37.303],[[[0.747933,-0.642586,-0.16637],[0.66264,0.737465,0.130588],[0.0387779,-0.207915,0.977378]],[[0.741453,-0.621378,-0.253252],[0.297157,0.642465,-0.706354],[0.601619,0.448472,0.661005]],[[0.741453,-0.621378,-0.253252],[-0.581978,-0.407657,-0.703646],[0.33399,0.669108,-0.663887]],[[0.741453,-0.621378,-0.253252],[-0.638689,-0.769265,0.0175577],[-0.205728,0.148731,-0.967241]]],4]],[[0,200,0],[235.247,235.247,147.751]]],[207657,3916748371,[[116,"right",[-0.23609,0.385439,-0.892019],[-0.374072,-0.883276,-0.282655],[-26.768,143.691,53.9019],[139.273,0.40564,-14.1822],[-35.6429,143.809,59.3307],1,0,0.809341,[[0.588996,0.00729808,-0.808103],[0.373408,0.884354,0.28015],[0.716694,-0.466759,0.518156]],63.5027,[187.208,-0.871813,239.869],[-5.63904,124.723,100.444]]],[[1160,[-0.132633,-0.240193,-0.961622],116,51.9386,[-47.3198,97.923,21.0925],[-45.0951,98.109,20.4242],[137.023,0.957177,-5.57218],false,[-34.3402,121.486,110.465],[-34.3402,121.486,110.465],[-51.1127,114.848,64.103],[-55.6194,106.687,31.4277],[-40.6773,95.2288,17.6637],[[[0.6494,0.757818,-0.0631788],[-0.462348,0.459428,0.758393],[0.60375,-0.46329,0.648728]],[[0.413516,0.868315,-0.273922],[-0.845774,0.477728,0.237578],[0.337152,0.133434,0.931946]],[[0.413516,0.868315,-0.273922],[-0.900785,0.433977,0.0158435],[0.132633,0.240193,0.961622]],[[0.413516,0.868315,-0.273922],[-0.646983,0.0685428,-0.759418],[-0.640639,0.491254,0.590129]]],0],[1161,[-0.186281,0.49429,-0.849104],116,58.6069,[-78.509,201.296,-21.6387],[-68.3301,201.949,-26.6216],[174.434,4.31598,-33.3951],false,[-22.3598,140.663,103.625],[-54.2218,161.857,41.0852],[-61.4707,184.587,5.53274],[-65.9579,196.494,-14.9204],[-69.3801,204.345,-29.6368],[[[0.844474,-0.198442,-0.497479],[0.313072,0.936517,0.157869],[0.434569,-0.289063,0.85299]],[[0.907059,-0.245581,-0.341956],[0.385461,0.811077,0.439971],[0.169304,-0.530891,0.830356]],[[0.907059,-0.245581,-0.341956],[0.377549,0.833887,0.402603],[0.186281,-0.49429,0.849104]],[[0.907059,-0.245581,-0.341956],[0.36993,0.852683,0.368894],[0.200987,-0.461109,0.864282]]],1],[1162,[-0.251287,0.483852,-0.838297],116,66.7779,[-66.7641,203.108,-37.4637],[-55.4684,202.59,-42.0768],[177.732,-4.93402,-29.8893],false,[-11.8325,140.013,97.3533],[-33.758,157.942,33.8533],[-44.7102,182.799,-5.76477],[-51.8315,196.512,-29.5216],[-56.9118,205.009,-45.419],[[[0.829594,-0.392397,-0.397238],[0.460798,0.882912,0.0901802],[0.315339,-0.257859,0.913274]],[[0.80652,-0.374176,-0.45773],[0.545474,0.769546,0.332051],[0.227999,-0.517485,0.824758]],[[0.80652,-0.374176,-0.45773],[0.535145,0.791125,0.296211],[0.251287,-0.483852,0.838297]],[[0.80652,-0.374176,-0.45773],[0.525299,0.80879,0.264422],[0.271267,-0.453707,0.84886]]],2],[1163,[-0.246474,-0.710288,0.659349],116,64.2087,[-51.6341,104.072,24.6609],[-39.0987,105.032,32.9083],[129.255,2.05544,-10.8656],false,[-1.56979,136.235,91.8479],[-12.7067,149.649,31.9057],[-35.0726,125.904,1.59747],[-41.8772,106.295,19.8005],[-37.9379,104.7,37.9293],[[[0.829844,-0.4915,-0.264173],[0.528709,0.84395,0.0906362],[0.178401,-0.214884,0.960207]],[[0.836299,-0.49968,-0.225663],[0.219774,0.682592,-0.69697],[0.502298,0.533281,0.680667]],[[0.836299,-0.49968,-0.225663],[-0.48975,-0.495793,-0.717172],[0.246474,0.710288,-0.659349]],[[0.836299,-0.49968,-0.225663],[-0.505814,-0.861968,0.0341053],[-0.211556,0.0856215,-0.973608]]],3],[1164,[-0.339867,-0.667079,0.662945],116,50.3385,[-32.6319,107.466,28.9133],[-20.4903,106.899,32.6532],[129.696,-5.94358,-4.70033],false,[6.8157,125.596,87.645],[4.87072,137.574,31.1462],[-16.2818,121.837,7.76505],[-22.9065,108.834,20.6872],[-19.46,106.284,37.3215],[[[0.746072,-0.645711,-0.162584],[0.665014,0.734908,0.132918],[0.0336574,-0.207287,0.977701]],[[0.740098,-0.62