{"metadata":{"formatVersion":2,"generatedBy":"LeapJS Playback 0.2.1","frames":1,"protocolVersion":6,"serviceVersion":"2.2.6+29154","frameRate":"1.1e+2","modified":"Thu Jun 04 2015 13:54:03 GMT-0300 (E. South America Standard Time)"},"frames":[["id","timestamp",{"hands":[["id","type","direction","palmNormal","palmPosition","palmVelocity","stabilizedPalmPosition","pinchStrength","grabStrength","confidence","armBasis","armWidth","elbow","wrist"]]},{"pointables":[["id","direction","handId","length","stabilizedTipPosition","tipPosition","tipVelocity","tool","carpPosition","mcpPosition","pipPosition","dipPosition","btipPosition","bases","type"]]},{"interactionBox":["center","size"]}],[47496,1046843962,[[14,"right",[-0.999804,-0.0152409,0.0126461],[0.0161134,-0.997273,0.0720261],[-17.8252,155.362,32.7136],[33.1115,19.6533,5.21324],[-19.1064,153.99,31.9422],1,1,0.173498,[[0.353754,-0.0983305,-0.930155],[0.0844594,0.993754,-0.0729324],[0.931517,-0.0527602,0.35985]],63.72,[287.516,145.698,121.277],[36.0068,159.943,24.1173]]],[[140,[-0.499488,-0.538079,-0.678957],14,52.1164,[-20.3616,97.1823,12.0557],[-22.6045,99.5876,12.2439],[-40.8737,47.3517,1.71416],false,[39.9304,151.283,53.2836],[39.9304,151.283,53.2836],[-3.04291,126.018,50.693],[-20.0733,107.671,27.5435],[-22.4658,98.2926,6.2353],[[[-0.21414,0.859954,-0.463274],[0.392248,0.510061,0.765493],[0.894587,-0.0177962,-0.44654]],[[-0.467567,0.827216,-0.311601],[-0.200647,0.243986,0.948795],[0.860884,0.506147,0.0518981]],[[-0.467567,0.827216,-0.311601],[-0.72931,-0.161817,0.664773],[0.499488,0.538079,0.678957]],[[-0.467567,0.827216,-0.311601],[-0.878026,-0.39385,0.271941],[0.102229,0.400744,0.910469]]],0],[141,[0.848334,-0.522187,-0.0874675],14,58.8075,[-22.0162,106.54,58.4769],[-22.5256,106.634,58.4877],[-85.4973,32.3326,19.2219],false,[28.8241,170.038,43.9668],[-42.5681,158.943,57.843],[-55.5801,118.27,62.5482],[-35.0755,105.648,60.434],[-18.2217,106.843,57.897],[[[-0.179219,-0.0737495,-0.981041],[-0.161854,0.985809,-0.04454],[0.970404,0.150803,-0.188613]],[[-0.143778,-0.0682114,-0.987256],[-0.942125,0.314755,0.115458],[0.302868,0.946719,-0.109519]],[[-0.143778,-0.0682114,-0.987256],[-0.509566,-0.850099,0.132945],[-0.848334,0.522187,0.0874675]],[[-0.143778,-0.0682114,-0.987256],[0.0791863,-0.995216,0.0572291],[-0.986437,-0.0699489,0.148492]]],1],[142,[0.613862,-0.768834,0.179071],14,67.0064,[-32.7278,91.9662,50.2938],[-35.8099,92.8564,50.4305],[-108.258,48.9696,11.9021],false,[25.7939,170.729,32.0522],[-42.9675,159.505,35.7239],[-66.2209,118.184,44.3891],[-48.7648,96.3206,49.4812],[-30.5596,91.8443,50.7733],[[[-0.0162308,-0.219666,-0.97544],[-0.168479,0.96222,-0.213886],[0.985572,0.16087,-0.0526267]],[[0.0166535,-0.214178,-0.976653],[-0.875775,0.468174,-0.117603],[0.482432,0.857287,-0.179775]],[[0.0166535,-0.214178,-0.976653],[-0.789237,-0.602513,0.118672],[-0.613862,0.768834,-0.179071]],[[0.0166535,-0.214178,-0.976653],[-0.247371,-0.947304,0.203524],[-0.968778,0.238206,-0.0687573]]],2],[143,[0.517155,-0.802657,0.297143],14,64.4285,[-31.0078,93.3746,31.2539],[-35.018,94.9103,31.7214],[-83.0846,43.6584,11.2839],false,[24.6352,168.778,19.9783],[-36.7696,158.025,13.846],[-61.5982,121.492,20.5669],[-47.272,99.2573,28.7984],[-29.9126,93.6333,32.8125],[[[0.141728,-0.265506,-0.953635],[-0.137704,0.948705,-0.284598],[0.980281,0.171655,0.0978971]],[[0.134243,-0.266808,-0.954354],[-0.820471,0.510144,-0.258031],[0.555703,0.817659,-0.150425]],[[0.134243,-0.266808,-0.954354],[-0.845299,-0.533438,0.0302298],[-0.517154,0.802657,-0.297143]],[[0.134243,-0.266808,-0.954354],[-0.344587,-0.915538,0.207485],[-0.929106,0.301005,-0.214843]]],3],[144,[0.328742,-0.800446,0.501214],14,50.5107,[-32.4388,103.123,10.8923],[-35.1437,105.093,13.4566],[-54.3583,39.6311,0.0833669],false,[26.9578,160.501,8.63523],[-28.7696,152.446,-5.21574],[-51.3509,125.351,-2.71904],[-44.9211,109.695,7.0841],[-31.1962,103.75,15.6503],[[[0.275024,-0.396933,-0.875675],[-0.0268339,0.907273,-0.419684],[0.961063,0.138921,0.238871]],[[0.364514,-0.382048,-0.849217],[-0.677705,0.516595,-0.523302],[0.638627,0.76627,-0.0706094]],[[0.364514,-0.382048,-0.849217],[-0.871239,-0.461873,-0.166179],[-0.328742,0.800446,-0.501214]],[[0.364514,-0.382048,-0.849217],[-0.482809,-0.857348,0.178467],[-0.796257,0.344955,-0.496971]]],4]],[[0,200,0],[235.247,235.247,147.751]]]]}