{"metadata":{"formatVersion":2,"generatedBy":"LeapJS Playback 0.2.1","frames":1,"protocolVersion":6,"serviceVersion":"2.2.6+29154","frameRate":"1.1e+2","modified":"Thu Jun 04 2015 13:54:17 GMT-0300 (E. South America Standard Time)"},"frames":[["id","timestamp",{"hands":[["id","type","direction","palmNormal","palmPosition","palmVelocity","stabilizedPalmPosition","pinchStrength","grabStrength","confidence","armBasis","armWidth","elbow","wrist"]]},{"pointables":[["id","direction","handId","length","stabilizedTipPosition","tipPosition","tipVelocity","tool","carpPosition","mcpPosition","pipPosition","dipPosition","btipPosition","bases","type"]]},{"interactionBox":["center","size"]}],[47567,1047503836,[[14,"right",[-0.901375,0.166665,-0.399682],[-0.281531,-0.926834,0.248432],[-14.5444,168.781,17.5369],[-3.95432,23.2709,-3.60659],[-14.2396,161.814,22.5972],1,1,0.120914,[[0.241581,-0.345471,-0.906801],[0.00296978,0.934739,-0.355324],[0.970376,0.0831465,0.226841]],63.72,[299.856,183.67,92.5677],[37.8542,161.22,31.3206]]],[[140,[-0.38843,-0.600522,-0.698925],14,52.1164,[-24.6978,105.237,7.80984],[-26.3791,111.96,7.75764],[6.60359,13.1848,15.2933],false,[28.518,160.231,60.5253],[28.518,160.231,60.5253],[-16.0005,142.834,46.1304],[-29.2442,122.359,22.3001],[-25.6325,108.418,3.85228],[[[0.208323,0.72612,-0.655249],[0.212875,0.620225,0.754987],[0.954613,-0.296767,-0.0253649]],[[-0.107807,0.782889,-0.61275],[-0.439318,0.515386,0.735783],[0.89184,0.348514,0.288375]],[[-0.107807,0.782889,-0.61275],[-0.91515,0.162662,0.368838],[0.38843,0.600522,0.698925]],[[-0.107807,0.782889,-0.61275],[-0.982121,-0.179541,-0.056599],[-0.154324,0.595693,0.788247]]],0],[141,[0.706159,-0.618849,0.344042],14,58.8075,[-34.6825,124.008,46.6263],[-35.3379,130.554,48.3321],[-10.0378,24.4134,2.68481],false,[27.0315,177.424,44.2745],[-44.7095,183.373,29.098],[-64.9707,146.346,37.1147],[-47.9025,131.388,45.4303],[-31.277,130.163,49.173],[[[0.17302,-0.303693,-0.936928],[0.138409,0.949332,-0.282155],[0.975145,-0.0808604,0.206288]],[[0.18772,-0.304879,-0.933707],[-0.861598,0.405311,-0.305567],[0.471603,0.861842,-0.186599]],[[0.18772,-0.304879,-0.933707],[-0.682715,-0.72393,0.099123],[-0.706159,0.618849,-0.344042]],[[0.18772,-0.304879,-0.933707],[-0.133762,-0.949686,0.283204],[-0.973072,0.0717311,-0.219056]]],1],[142,[0.622815,-0.561787,0.544515],14,67.0064,[-31.2857,113.374,38.8689],[-31.1555,122.431,42.6618],[-26.6513,16.1294,4.47366],false,[28.8002,175.388,32.2601],[-36.9548,177.983,9.08426],[-62.2067,139.008,21.9905],[-44.4961,123.033,37.4746],[-27.023,122.134,44.3318],[[[0.277028,-0.469184,-0.838523],[0.187043,0.882317,-0.431894],[0.942481,-0.037193,0.332184]],[[0.301386,-0.469991,-0.829623],[-0.796681,0.353936,-0.489927],[0.523895,0.808602,-0.267762]],[[0.301386,-0.469991,-0.829623],[-0.721989,-0.680811,0.123403],[-0.622815,0.561787,-0.544515]],[[0.301386,-0.469991,-0.829623],[-0.211211,-0.881372,0.422579],[-0.929815,0.0478666,-0.364901]]],2],[143,[0.148921,-0.761638,0.630658],14,64.4285,[-38.9893,102.832,25.299],[-43.3957,113.682,22.0302],[-7.41403,17.6535,3.42115],false,[31.5821,170.478,21.3479],[-23.9492,169.555,-7.621],[-57.477,140.16,-4.77392],[-53.3516,119.061,12.6966],[-40.9767,111.83,24.6824],[[[0.397809,-0.534713,-0.745541],[0.236306,0.844906,-0.47989],[0.886514,0.0147286,0.462467]],[[0.405705,-0.53456,-0.741383],[-0.521818,0.530486,-0.66805],[0.750406,0.657899,-0.0637222]],[[0.405705,-0.53456,-0.741383],[-0.90179,-0.366269,-0.229394],[-0.148921,0.761638,-0.630658]],[[0.405705,-0.53456,-0.741383],[-0.629858,-0.751303,0.197037],[-0.662331,0.387027,-0.641504]]],3],[144,[-0.046158,-0.724285,0.687954],14,50.5107,[-34.3399,110.513,7.26756],[-35.2568,119.441,4.98663],[-7.08379,16.915,1.70789],false,[35.4967,159.162,13.6543],[-11.4578,157.691,-20.3368],[-41.7986,139.682,-18.0169],[-42.7014,125.516,-4.56136],[-33.6322,117.619,7.78759],[[[0.45319,-0.661617,-0.597396],[0.37269,0.749412,-0.547251],[0.809766,0.0253651,0.586204]],[[0.339844,-0.658994,-0.670994],[-0.384984,0.553466,-0.738554],[0.858075,0.509315,-0.0656103]],[[0.339844,-0.658994,-0.670994],[-0.939349,-0.202825,-0.276562],[0.046158,0.724285,-0.687954]],[[0.339844,-0.658994,-0.670994],[-0.779529,-0.596522,0.19104],[-0.526157,0.458136,-0.716429]]],4]],[[0,200,0],[235.247,235.247,147.751]]]]}