{"metadata":{"formatVersion":2,"generatedBy":"LeapJS Playback 0.2.1","frames":1,"protocolVersion":6,"serviceVersion":"2.2.6+29154","frameRate":"1.1e+2","modified":"Thu Jun 04 2015 13:54:44 GMT-0300 (E. South America Standard Time)"},"frames":[["id","timestamp",{"hands":[["id","type","direction","palmNormal","palmPosition","palmVelocity","stabilizedPalmPosition","pinchStrength","grabStrength","confidence","armBasis","armWidth","elbow","wrist"]]},{"pointables":[["id","direction","handId","length","stabilizedTipPosition","tipPosition","tipVelocity","tool","carpPosition","mcpPosition","pipPosition","dipPosition","btipPosition","bases","type"]]},{"interactionBox":["center","size"]}],[49996,1093771248,[[16,"right",[-0.953089,0.0691828,-0.294679],[-0.206487,-0.860441,0.465838],[-13.6878,154.242,24.7816],[-5.09392,-1.10686,3.79811],[-12.6037,157.868,27.0315],1,1,0.162662,[[0.275309,-0.504335,-0.818444],[0.135461,0.863201,-0.486348],[0.951764,0.0230287,0.305964]],63.72,[297.335,156.593,114.932],[40.3582,150.375,32.3217]]],[[160,[-0.456779,-0.744066,-0.487565],16,52.1164,[-25.6083,98.121,28.6781],[-25.5256,93.7344,32.1262],[-29.3919,12.5498,-11.2129],false,[35.08,155.238,62.1472],[35.08,155.238,62.1472],[-9.42579,132.702,60.3735],[-24.9999,107.333,43.7497],[-25.4524,89.9772,28.0553],[[[0.0877699,0.579958,-0.809904],[0.286179,0.764087,0.578163],[0.954148,-0.282523,-0.0989079]],[[-0.298266,0.644459,-0.704067],[-0.340756,0.617137,0.709244],[0.891585,0.451458,0.0355321]],[[-0.298266,0.644459,-0.704067],[-0.838088,0.176179,0.516304],[0.456779,0.744066,0.487565]],[[-0.298266,0.644459,-0.704067],[-0.954287,-0.186404,0.233644],[0.0193328,0.74157,0.670597]]],0],[161,[0.508433,-0.676597,0.532647],16,58.8075,[-47.855,123.322,47.4544],[-51.8962,129.954,57.8316],[-12.9813,-5.75616,-6.68858],false,[30.7041,168.731,43.1559],[-42.6113,170.469,37.297],[-77.3229,145.529,41.6407],[-65.0339,129.176,54.515],[-48.4726,130.474,58.5093],[[[0.0581585,-0.486049,-0.871994],[0.0593154,0.873612,-0.482995],[0.996544,-0.0236324,0.0796381]],[[0.240951,-0.48207,-0.842349],[-0.537728,0.656218,-0.529364],[0.807955,0.580505,-0.101107]],[[0.240951,-0.48207,-0.842349],[-0.826704,-0.556619,0.0820736],[-0.508433,0.676597,-0.532647]],[[0.240951,-0.48207,-0.842349],[-0.0486824,-0.87283,0.485589],[-0.969316,-0.0759956,-0.233778]]],1],[162,[0.470314,-0.604774,0.642692],16,67.0064,[-45.1803,113.143,30.5699],[-49.6636,119.142,49.3016],[-4.78489,-7.57808,-3.59547],false,[30.9264,164.311,31.6652],[-37.3966,161.217,17.8821],[-77.1682,135.702,27.393],[-63.7941,118.504,45.6689],[-45.5898,119.486,50.2271],[[[0.181291,-0.626534,-0.758017],[0.0901583,0.778132,-0.621597],[0.979288,0.0443483,0.197555]],[[0.221268,-0.62419,-0.749285],[-0.519809,0.574597,-0.632169],[0.82513,0.529363,-0.19732]],[[0.221268,-0.62419,-0.749285],[-0.85431,-0.494606,0.159748],[-0.470314,0.604774,-0.642692]],[[0.221268,-0.62419,-0.749285],[-0.112274,-0.779525,0.616227],[-0.968729,-0.052226,-0.242564]]],2],[163,[0.408752,-0.535499,0.739028],16,64.4285,[-39.5267,110.3,31.3584],[-38.2389,110.698,34.7256],[3.71486,-1.45453,-2.32328],false,[32.4204,157.316,21.6769],[-26.4113,149.738,1.54823],[-62.4935,124.465,9.00671],[-51.1702,109.631,29.4793],[-33.9079,111.201,36.4534],[[[0.316109,-0.670043,-0.671653],[0.134052,0.732397,-0.667551],[0.939204,0.120983,0.321338]],[[0.330167,-0.668152,-0.666755],[-0.488684,0.483339,-0.726341],[0.807575,0.565647,-0.166932]],[[0.330167,-0.668152,-0.666755],[-0.85083,-0.51654,0.096304],[-0.408752,0.535499,-0.739028]],[[0.330167,-0.668152,-0.666755],[-0.193348,-0.739261,0.645066],[-0.923908,-0.0840639,-0.373265]]],3],[164,[0.291589,-0.495421,0.818251],16,50.5107,[-31.8177,111.948,10.1004],[-28.9835,109.619,19.0379],[-6.60528,2.67288,-9.81551],false,[35.737,144.724,15.9328],[-15.2551,135.703,-10.1575],[-46.1256,119.897,-3.26724],[-40.4225,110.207,12.7368],[-24.9855,110.001,20.4025],[[[0.396164,-0.763278,-0.510354],[0.264033,0.627057,-0.732861],[0.879398,0.155583,0.449948]],[[0.271388,-0.777426,-0.567413],[-0.405124,0.442498,-0.800044],[0.873054,0.446995,-0.194865]],[[0.271388,-0.777426,-0.567413],[-0.917238,-0.387514,0.0922375],[-0.291589,0.495421,-0.818251]],[[0.271388,-0.777426,-0.567413],[-0.352531,-0.628861,0.693005],[-0.895584,0.0119577,-0.444732]]],4]],[[0,200,0],[235.247,235.247,147.751]]]]}