{"metadata":{"formatVersion":2,"generatedBy":"LeapJS Playback 0.2.1","frames":1,"protocolVersion":6,"serviceVersion":"2.2.6+29154","frameRate":"1.1e+2","modified":"Thu Jun 04 2015 13:54:57 GMT-0300 (E. South America Standard Time)"},"frames":[["id","timestamp",{"hands":[["id","type","direction","palmNormal","palmPosition","palmVelocity","stabilizedPalmPosition","pinchStrength","grabStrength","confidence","armBasis","armWidth","elbow","wrist"]]},{"pointables":[["id","direction","handId","length","stabilizedTipPosition","tipPosition","tipVelocity","tool","carpPosition","mcpPosition","pipPosition","dipPosition","btipPosition","bases","type"]]},{"interactionBox":["center","size"]}],[50072,1094475942,[[16,"right",[-0.977482,0.00815256,-0.210861],[-0.0139571,-0.999563,0.0260542],[-17.79,159.69,38.2361],[21.2953,13.9086,3.89875],[-13.7692,157.21,27.2181],1,1,0.341428,[[0.223142,-0.0291305,-0.974351],[0.060666,0.998031,-0.015945],[0.972896,-0.055552,0.22447]],63.72,[299.341,148.352,102.668],[36.6593,163.351,42.0613]]],[[160,[-0.515064,-0.575218,-0.635478],16,52.1164,[-26.0886,97.5241,28.2771],[-26.1078,97.5292,26.6953],[44.478,8.637,24.205],false,[33.8509,153.338,70.9214],[33.8509,153.338,70.9214],[-6.76368,124.863,65.3204],[-24.3251,105.25,43.6534],[-27.8785,95.0665,22.8834],[[[-0.0935277,0.884195,-0.457659],[0.218264,0.466701,0.857059],[0.971398,-0.0197319,-0.236638]],[[-0.518657,0.799406,-0.303223],[-0.262671,0.188516,0.946291],[0.813633,0.570448,0.112206]],[[-0.518657,0.799406,-0.303223],[-0.682425,-0.173416,0.710087],[0.515064,0.575218,0.635478]],[[-0.518657,0.799406,-0.303223],[-0.841393,-0.414254,0.347062],[0.151832,0.435135,0.887471]]],0],[161,[0.863886,-0.482798,0.143553],16,58.8075,[-32.5264,118.195,59.6813],[-31.4552,116.663,60.452],[-68.7339,-35.8487,-5.53118],false,[25.3625,172.741,60.2745],[-47.4697,162.764,57.3722],[-65.3328,123.767,54.9354],[-44.4523,112.098,58.4051],[-28.3562,117.244,60.9264],[[[0.0434458,-0.0266383,-0.998701],[-0.134383,0.990404,-0.032263],[0.989977,0.13561,0.0394492]],[[0.158085,-0.0107144,-0.987367],[-0.895618,0.419499,-0.147947],[0.415785,0.907693,0.0567203]],[[0.158085,-0.0107144,-0.987367],[-0.478237,-0.875666,-0.067067],[-0.863886,0.482798,-0.143553]],[[0.158085,-0.0107144,-0.987367],[0.29578,-0.953512,0.0577034],[-0.942085,-0.301166,-0.147566]]],1],[162,[0.714432,-0.64478,0.271747],16,67.0064,[-33.35,111.82,46.7797],[-35.9614,110.202,47.161],[-135.779,-40.4845,-16.9879],false,[25.0798,174.023,48.0313],[-42.9107,164.298,35.7715],[-71.6985,125.648,36.5917],[-51.3826,107.313,44.3192],[-33.1291,110.185,47.739],[[[0.199064,-0.176519,-0.963958],[-0.103336,0.974379,-0.199767],[0.974523,0.139378,0.175723]],[[0.207874,-0.17525,-0.962328],[-0.774647,0.571215,-0.271357],[0.597252,0.801873,-0.0170167]],[[0.207874,-0.17525,-0.962328],[-0.668113,-0.744007,-0.00882821],[-0.714432,0.64478,-0.271747]],[[0.207874,-0.17525,-0.962328],[0.115215,-0.972584,0.202006],[-0.971347,-0.152866,-0.181983]]],2],[163,[0.646025,-0.641422,0.413798],16,64.4285,[-31.7075,111.732,32.7814],[-26.4047,112.639,30.7137],[-22.7763,-6.03192,-9.14793],false,[26.6208,172.628,35.9231],[-32.0035,163.625,15.7758],[-58.8654,127.962,14.0823],[-40.9692,110.193,25.5454],[-23.5404,112.794,31.7554],[[[0.347523,-0.227031,-0.909772],[-0.0577316,0.963224,-0.262423],[0.935892,0.143721,0.321636]],[[0.356684,-0.225611,-0.906574],[-0.715067,0.558562,-0.420342],[0.601212,0.79819,0.0379028]],[[0.356684,-0.225611,-0.906574],[-0.674854,-0.733265,-0.0830343],[-0.646025,0.641422,-0.413798]],[[0.356684,-0.225611,-0.906574],[0.0511912,-0.964224,0.260099],[-0.932822,-0.139182,-0.332374]]],3],[164,[0.576459,-0.658966,0.483175],16,50.5107,[-23.0245,118.157,13.8763],[-19.8585,121.44,14.8679],[-1.72038,1.05378,1.44087],false,[31.3054,164.8,24.9988],[-20.0247,158.691,-1.27254],[-44.5161,133.309,1.21549],[-33.2413,120.421,10.6658],[-16.8523,121.35,15.9237],[[[0.458237,-0.364882,-0.810481],[0.079936,0.925075,-0.371278],[0.885228,0.105346,0.45307]],[[0.302233,-0.377429,-0.87533],[-0.654902,0.585028,-0.478379],[0.692646,0.717837,-0.0703643]],[[0.302233,-0.377429,-0.87533],[-0.759177,-0.650623,0.018411],[-0.576459,0.658966,-0.483175]],[[0.302233,-0.377429,-0.87533],[-0.0679205,-0.924467,0.375164],[-0.950811,-0.0539341,-0.305039]]],4]],[[0,200,0],[235.247,235.247,147.751]]]]}