{"metadata":{"formatVersion":2,"generatedBy":"LeapJS Playback 0.2.1","frames":126,"protocolVersion":6,"serviceVersion":"2.2.6+29154","frameRate":"1.1e+2","modified":"Thu Jun 04 2015 14:42:49 GMT-0300 (E. South America Standard Time)"},"frames":[["id","timestamp",{"hands":[["id","type","direction","palmNormal","palmPosition","palmVelocity","stabilizedPalmPosition","pinchStrength","grabStrength","confidence","armBasis","armWidth","elbow","wrist"]]},{"pointables":[["id","direction","handId","length","stabilizedTipPosition","tipPosition","tipVelocity","tool","carpPosition","mcpPosition","pipPosition","dipPosition","btipPosition","bases","type"]]},{"interactionBox":["center","size"]}],[212031,3976059126,[[122,"right",[-0.443117,0.789634,-0.424412],[-0.703062,-0.599836,-0.381969],[-37.9978,92.9617,64.6785],[10.2471,109.352,-83.9534],[-34.0873,83.9679,78.1992],0,0,0.270582,[[0.76149,-0.323419,-0.561723],[0.512673,0.830799,0.216654],[0.396609,-0.45296,0.798454]],59.342,[90.7907,-59.1489,282.501],[-8.93651,54.7476,81.7308]]],[[1220,[-0.710222,0.703814,0.0151795],122,48.5357,[-93.1041,104.208,128.436],[-94.9651,115.286,117.35],[48.2418,144.684,-57.3334],false,[-29.3623,49.6264,101.038],[-29.3623,49.6264,101.038],[-60.3947,81.6668,114.135],[-82.9464,104.015,114.617],[-97.9409,119.273,118.788],[[[0.766182,0.638631,-0.0715246],[0.0397307,0.0640125,0.997158],[0.641394,-0.766846,0.023672]],[[0.701201,0.709169,-0.0734637],[0.250426,-0.148509,0.956678],[0.667536,-0.68922,-0.281729]],[[0.701201,0.709169,-0.0734637],[0.0624696,0.0415317,0.997182],[0.710222,-0.703814,-0.0151795]],[[0.701201,0.709169,-0.0734637],[0.187167,-0.0836737,0.978758],[0.687958,-0.700056,-0.191405]]],0],[1221,[-0.427604,-0.875703,-0.224276],122,54.7671,[-101.743,59.9444,27.8414],[-105.191,72.6977,49.8314],[20.7029,134.8,-42.3093],false,[-16.7977,67.4483,97.5974],[-59.8689,115.565,74.7063],[-93.0453,103.274,56.0218],[-102.671,83.5619,50.9734],[-104.397,67.7563,50.3511],[[[0.473897,0.00528345,-0.880564],[0.616632,0.711888,0.336127],[0.628639,-0.702273,0.334104]],[[0.496236,-0.0200184,-0.867957],[-0.257278,0.951438,-0.169037],[0.829191,0.307189,0.466987]],[[0.496236,-0.0200184,-0.867957],[-0.755583,0.482435,-0.443115],[0.427604,0.875703,0.224276]],[[0.496236,-0.0200184,-0.867957],[-0.861384,0.113566,-0.495097],[0.108482,0.993329,0.039112]]],1],[1222,[-0.508625,-0.859828,-0.0446905],122,62.4027,[-99.7977,53.022,43.1904],[-103.23,65.3419,41.757],[-10.9767,165.557,-58.2444],false,[-10.7892,69.0221,87.9579],[-47.0925,114.204,58.5923],[-86.2729,100.198,41.7488],[-99.7426,77.4271,40.5652],[-103.179,60.4591,43.1263],[[[0.442361,-0.211082,-0.871643],[0.701524,0.686941,0.189672],[0.558731,-0.695382,0.451955]],[[0.450963,-0.221828,-0.864537],[-0.186526,0.923812,-0.334334],[0.872835,0.31203,0.375228]],[[0.450963,-0.221828,-0.864537],[-0.73344,0.459879,-0.500578],[0.508625,0.859828,0.0446905]],[[0.450963,-0.221828,-0.864537],[-0.870672,0.103779,-0.480791],[0.196374,0.969547,-0.146339]]],2],[1223,[-0.453092,-0.877684,0.156137],122,60.0019,[-82.0141,50.4068,37.5926],[-83.4971,56.9624,38.0193],[40.4723,106.739,-7.51259],false,[-5.59162,67.7263,77.8481],[-33.11,106.832,44.4328],[-68.8032,90.7307,30.3575],[-80.4924,68.0876,34.3856],[-82.6971,52.1278,40.958],[[[0.46561,-0.362293,-0.807435],[0.74879,0.647588,0.141223],[0.471721,-0.670354,0.572805]],[[0.484573,-0.389492,-0.783253],[-0.171338,0.835796,-0.521621],[0.857807,0.386965,0.338269]],[[0.484573,-0.389492,-0.783253],[-0.748263,0.279226,-0.601777],[0.453092,0.877684,-0.156137]],[[0.484573,-0.389492,-0.783253],[-0.865526,-0.0837927,-0.493805],[0.126702,0.91721,-0.377719]]],3],[1224,[-0.683884,0.449987,-0.574295],122,47.0403,[-63.2936,121.41,-2.87346],[-62.6354,127.354,-6.0717],[-11.9814,131.742,-54.3132],false,[-3.36452,60.4015,67.0283],[-22.5653,96.0987,31.3468],[-42.3898,113.796,11.9001],[-54.8468,121.992,1.43937],[-66.6842,128.123,-7.50357],[[[0.386913,-0.539431,-0.747873],[0.850808,0.521569,0.0639655],[0.355562,-0.661045,0.660753]],[[0.355561,-0.481784,-0.800912],[0.714944,0.692143,-0.098959],[0.602023,-0.537421,0.590548]],[[0.355561,-0.481784,-0.800912],[0.637086,0.751928,-0.169486],[0.683884,-0.449987,0.574295]],[[0.355561,-0.481784,-0.800912],[0.574276,0.788691,-0.219486],[0.737417,-0.381903,0.557105]]],4]],[[0,200,0],[235.247,235.247,147.751]]],[212032,3976068176,[[122,"right",[-0.437596,0.797088,-0.416125],[-0.718484,-0.588221,-0.371183],[-38.0757,95.7279,62.4722],[5.04357,163.508,-128.047],[-34.2076,84.3225,77.725],0,0,0.277801,[[0.751951,-0.339791,-0.5649],[0.528785,0.822602,0.209077],[0.393645,-0.455927,0.798232]],59.342,[89.6414,-57.6029,279.714],[-9.34049,57.0396,78.9996]]],[[1220,[-0.698784,0.714798,0.0276679],122,48.5357,[-93.1211,105.346,127.543],[-93.8159,118.862,116.099],[70.3439,213.461,-79.9441],false,[-29.5261,52.2084,98.631],[-29.5261,52.2084,98.631],[-59.8355,84.7097,112.274],[-82.024,107.407,113.153],[-96.7078,122.891,117.588],[[[0.774794,0.626711,-0.0832328],[0.0569912,0.0618808,0.996455],[0.62964,-0.776791,0.0122279]],[[0.710915,0.698241,-0.0840214],[0.263658,-0.153855,0.952267],[0.651984,-0.699134,-0.293475]],[[0.710915,0.698241,-0.0840214],[0.0793771,0.0390433,0.99608],[0.698784,-0.714798,-0.0276679]],[[0.710915,0.698241,-0.0840214],[0.201798,-0.0880811,0.975459],[0.673704,-0.710424,-0.203522]]],0],[1221,[-0.439202,-0.872218,-0.215261],122,54.7671,[-101.835,60.4704,28.5986],[-105.546,76.2818,48.8491],[3.48341,207.099,-61.2991],false,[-16.7424,69.8374,95.0083],[-59.4246,118.654,72.8844],[-93.0581,106.777,54.7575],[-102.944,87.1439,49.912],[-104.805,71.3509,49.3618],[[[0.459491,-0.000779676,-0.888182],[0.633077,0.701676,0.326899],[0.622962,-0.712495,0.322907]],[[0.481427,-0.0262029,-0.876094],[-0.248187,0.954568,-0.164933],[0.840613,0.296839,0.453052]],[[0.481427,-0.0262029,-0.876094],[-0.758505,0.488415,-0.431418],[0.439202,0.872218,0.215261]],[[0.481427,-0.0262029,-0.876094],[-0.86865,0.1191,-0.480898],[0.116944,0.992536,0.0345768]]],1],[1222,[-0.52233,-0.851923,-0.0373895],122,62.4027,[-100.107,54.3879,43.0241],[-104.042,69.169,40.6168],[-34.0177,238.799,-78.8341],false,[-10.8681,71.3318,85.2739],[-46.9356,117.119,56.5621],[-86.6228,103.854,40.3151],[-100.456,81.2926,39.3249],[-104.077,64.3707,41.935],[[[0.424729,-0.21664,-0.879018],[0.715169,0.67563,0.179045],[0.555102,-0.704692,0.441894]],[[0.433031,-0.227217,-0.872271],[-0.175525,0.927926,-0.328853],[0.884124,0.295509,0.361939]],[[0.433031,-0.227217,-0.872271],[-0.734612,0.471804,-0.487592],[0.52233,0.851923,0.0373895]],[[0.433031,-0.227217,-0.872271],[-0.877304,0.115921,-0.465726],[0.206935,0.96692,-0.149141]]],2],[1223,[-0.458777,-0.872803,0.166549],122,60.0019,[-82.171,51.8342,37.6731],[-84.2697,60.3521,36.7544],[5.01264,182.734,-46.7378],false,[-5.8571,69.9703,75.0789],[-33.303,109.551,42.1668],[-69.4694,94.0332,28.6552],[-81.3053,71.516,32.952],[-83.4893,55.5959,39.6268],[[[0.446658,-0.368292,-0.815388],[0.761018,0.635617,0.129781],[0.470477,-0.678493,0.56418]],[[0.465547,-0.395763,-0.791604],[-0.166706,0.83922,-0.517609],[0.869181,0.372937,0.32472]],[[0.465547,-0.395763,-0.791604],[-0.756829,0.285633,-0.587898],[0.458777,0.872803,-0.166549]],[[0.465547,-0.395763,-0.791604],[-0.876078,-0.0792261,-0.475617],[0.125516,0.914929,-0.383603]]],3],[1224,[-0.686531,0.46236,-0.561158],122,47.0403,[-63.5504,122.984,-3.64328],[-63.4178,130.602,-7.73806],[-31.1857,196.429,-89.4258],false,[-3.92152,62.628,64.2151],[-23.1421,98.6741,28.8968],[-43.0437,116.715,9.84834],[-55.5489,125.136,-0.37315],[-67.4334,131.488,-9.09645],[[[0.366186,-0.54427,-0.75477],[0.859781,0.508139,0.0507096],[0.355929,-0.667506,0.654027]],[[0.334183,-0.484781,-0.808275],[0.723233,0.681803,-0.109905],[0.604364,-0.547843,0.578457]],[[0.334183,-0.484781,-0.808275],[0.645753,0.742436,-0.178305],[0.686531,-0.46236,0.561158]],[[0.334183,-0.484781,-0.808275],[0.583263,0.780013,-0.226679],[0.740355,-0.395685,0.543422]]],4]],[[0,200,0],[235.247,235.247,147.751]]],[212033,3976077206,[[122,"right",[-0.453604,0.786769,-0.418614],[-0.701593,-0.604899,-0.376649],[-37.5933,98.5842,61.0706],[18.365,205.583,-135.528],[-34.3361,84.864,77.0927],0,0,0.290435,[[0.759428,-0.330193,-0.560572],[0.524154,0.820942,0.226533],[0.385398,-0.465862,0.796518]],59.342,[88.8503,-56.5614,278.056],[-8.0577,60.5792,77.7716]]],[[1220,[-0.715838,0.697879,0.0232766],122,48.5357,[-93.1777,106.69,126.435],[-94.2409,120.336,114.325],[37.4873,199.865,-112],false,[-28.2591,55.2493,97.2571],[-28.2591,55.2493,97.2571],[-59.4311,87.0052,110.711],[-82.1611,109.165,111.45],[-97.2412,124.29,115.794],[[[0.76015,0.645129,-0.0773318],[0.0485092,0.0623378,0.996876],[0.647934,-0.761526,0.0160913]],[[0.694602,0.715096,-0.0785175],[0.260587,-0.148371,0.953981],[0.670539,-0.683098,-0.289404]],[[0.694602,0.715096,-0.0785175],[0.0714407,0.0400378,0.996641],[0.715838,-0.697879,-0.0232766]],[[0.694602,0.715096,-0.0785175],[0.197019,-0.0841218,0.976784],[0.691889,-0.693946,-0.199319]]],0],[1221,[-0.414297,-0.883729,-0.217673],122,54.7671,[-101.895,61.1707,29.4472],[-104.347,77.4289,47.0353],[38.9822,187.349,-99.9554],false,[-15.8756,73.1821,93.7371],[-59.5568,120.984,71.349],[-92.7624,108.294,52.9859],[-102.088,88.4017,48.0861],[-103.508,72.5628,47.542],[[[0.465592,0.0109971,-0.884931],[0.61381,0.716319,0.331848],[0.637543,-0.697686,0.326763]],[[0.487918,-0.0137628,-0.872781],[-0.270496,0.948272,-0.166171],[0.82992,0.317162,0.458956]],[[0.487918,-0.0137628,-0.872781],[-0.768306,0.467797,-0.436889],[0.414297,0.883729,0.217673]],[[0.487918,-0.0137628,-0.872781],[-0.868315,0.0945809,-0.486913],[0.0892496,0.995422,0.0341973]]],1],[1222,[-0.498929,-0.865714,-0.0401125],122,62.4027,[-100.281,55.9419,42.6663],[-102.625,70.386,38.8252],[19.1243,211.444,-111.875],false,[-9.97063,74.8252,84.0454],[-46.9206,119.762,55.1138],[-86.1645,105.55,38.5936],[-99.3775,82.6236,37.5313],[-102.535,65.6086,40.1391],[[[0.435939,-0.205641,-0.876167],[0.697536,0.692375,0.184556],[0.568684,-0.691613,0.445275]],[[0.44418,-0.215698,-0.869586],[-0.195941,0.923704,-0.329207],[0.874249,0.316615,0.368026]],[[0.44418,-0.215698,-0.869586],[-0.74416,0.451678,-0.49215],[0.498929,0.865714,0.0401125]],[[0.44418,-0.215698,-0.869586],[-0.877587,0.0906909,-0.470762],[0.180406,0.972239,-0.14901]]],2],[1223,[-0.433238,-0.885663,0.16705],122,60.0019,[-81.9924,53.4797,37.4691],[-82.4594,62.0297,35.2324],[58.9813,186.679,-81.4166],false,[-4.85713,73.593,73.8848],[-33.0103,112.536,40.8092],[-68.7007,96.1706,27.0338],[-79.8777,73.3217,31.3434],[-81.5585,57.3676,38.0822],[[[0.461042,-0.356781,-0.812495],[0.744672,0.653513,0.135587],[0.482601,-0.667553,0.566982]],[[0.480356,-0.383731,-0.788675],[-0.183142,0.835506,-0.518063],[0.85774,0.393294,0.331062]],[[0.480356,-0.383731,-0.788675],[-0.762603,0.261441,-0.59168],[0.433238,0.885663,-0.16705]],[[0.480356,-0.383731,-0.788675],[-0.871738,-0.10985,-0.477499],[0.0965954,0.916888,-0.38728]]],3],[1224,[-0.694499,0.44751,-0.563388],122,47.0403,[-63.7628,124.805,-4.58904],[-63.409,132.897,-9.15946],[-20.8362,213.132,-107.96],false,[-2.67042,66.3087,63.0295],[-22.4995,101.917,27.6031],[-42.7707,119.493,8.51118],[-55.421,127.645,-1.75093],[-67.3966,133.754,-10.523],[[[0.384378,-0.534688,-0.752571],[0.847007,0.528504,0.0571189],[0.367196,-0.659388,0.656029]],[[0.350146,-0.473836,-0.808008],[0.706008,0.700408,-0.104791],[0.615589,-0.533768,0.579777]],[[0.350146,-0.473836,-0.808008],[0.628545,0.758429,-0.172384],[0.694499,-0.44751,0.563388]],[[0.350146,-0.473836,-0.808008],[0.56643,0.794136,-0.220241],[0.746026,-0.380563,0.546458]]],4]],[[0,200,0],[235.247,235.247,147.751]]],[212034,3976086722,[[122,"right",[-0.464226,0.782001,-0.415896],[-0.704923,-0.610501,-0.361072],[-36.8502,100.025,60.8741],[35.5569,189.989,-102.466],[-34.464,85.6351,76.2678],0,0,0.296393,[[0.75206,-0.343681,-0.562395],[0.538604,0.812276,0.223861],[0.379883,-0.471265,0.795989]],59.342,[88.6601,-56.2362,277.468],[-6.86132,62.263,77.3168]]],[[1220,[-0.718613,0.694725,0.0308678],122,48.5357,[-93.0706,108.454,125.19],[-92.6987,121.857,114.935],[73.4279,188.423,-61.7485],false,[-26.7095,56.9639,97.1703],[-26.7095,56.9639,97.1703],[-57.8009,88.6613,110.945],[-80.6191,110.721,111.925],[-95.6953,125.804,116.426],[[[0.755707,0.648119,-0.0940672],[0.0648408,0.0688836,0.995515],[0.651692,-0.758418,0.0100313]],[[0.689836,0.717759,-0.0945955],[0.277169,-0.14113,0.9504],[0.668807,-0.681839,-0.296297]],[[0.689836,0.717759,-0.0945955],[0.0878736,0.0466838,0.995037],[0.718613,-0.694725,-0.0308678]],[[0.689836,0.717759,-0.0945955],[0.213697,-0.0770365,0.973858],[0.691708,-0.692017,-0.206526]]],0],[1221,[-0.407193,-0.890769,-0.201801],122,54.7671,[-101.918,62.1633,30.6643],[-103.43,78.2092,48.2519],[55.7962,157.859,-34.697],false,[-14.471,74.9309,93.3316],[-58.7443,122.388,71.3776],[-92.1518,109.278,53.6886],[-101.318,89.2266,49.1461],[-102.535,73.3654,48.7922],[[[0.450706,0.0075263,-0.892641],[0.615881,0.721229,0.317047],[0.646185,-0.692656,0.320427]],[[0.472969,-0.0166363,-0.880922],[-0.281303,0.944643,-0.168872],[0.834966,0.327677,0.442107]],[[0.472969,-0.0166363,-0.880922],[-0.781341,0.454151,-0.42808],[0.407193,0.890769,0.201801]],[[0.472969,-0.0166363,-0.880922],[-0.877753,0.0778947,-0.472739],[0.0764838,0.996823,0.0222392]]],1],[1222,[-0.496026,-0.867895,-0.0267636],122,62.4027,[-100.414,57.8347,42.3948],[-102.088,71.4182,39.9035],[28.6951,184.677,-48.8966],false,[-8.73638,76.5396,83.5324],[-46.3751,121.122,54.9414],[-85.8473,106.734,39.1322],[-98.9834,83.7498,38.4234],[-102.005,66.7359,41.1943],[[[0.422223,-0.209186,-0.882025],[0.697249,0.696736,0.16853],[0.579285,-0.686149,0.440033]],[[0.430536,-0.219062,-0.875586],[-0.203495,0.921562,-0.330625],[0.879334,0.320523,0.352187]],[[0.430536,-0.219062,-0.875586],[-0.754054,0.445836,-0.48232],[0.496026,0.867895,0.0267636]],[[0.430536,-0.219062,-0.875586],[-0.885905,0.0830127,-0.456378],[0.17266,0.972173,-0.158328]]],2],[1223,[-0.423993,-0.887306,0.181435],122,60.0019,[-81.6812,55.3474,37.4437],[-81.829,63.0678,36.1187],[60.8954,166.696,-33.2173],false,[-3.78737,75.2665,73.2957],[-32.6715,113.868,40.4519],[-68.5195,97.2936,27.353],[-79.458,74.4023,32.0338],[-80.8727,58.4938,38.9395],[[[0.449097,-0.359802,-0.817835],[0.743745,0.657782,0.119024],[0.495132,-0.661714,0.563009]],[[0.468894,-0.386459,-0.794222],[-0.194711,0.831851,-0.519723],[0.861526,0.398338,0.314802]],[[0.468894,-0.386459,-0.794222],[-0.774835,0.251671,-0.579908],[0.423993,0.887306,-0.181435]],[[0.468894,-0.386459,-0.794222],[-0.879504,-0.121513,-0.460116],[0.0813074,0.914267,-0.396869]]],3],[1224,[-0.70532,0.443829,-0.552756],122,47.0403,[-64.0804,126.684,-5.40844],[-64.0732,133.836,-9.0067],[-32.1036,183.073,-71.587],false,[-1.7478,67.9237,62.4512],[-22.3326,103.214,27.1388],[-43.0275,120.626,8.35248],[-55.8749,128.71,-1.71597],[-68.0023,134.779,-10.3058],[[[0.374282,-0.537676,-0.755525],[0.845344,0.53275,0.0396412],[0.381192,-0.653515,0.653919]],[[0.337639,-0.475296,-0.812462],[0.700747,0.703216,-0.120173],[0.628454,-0.528755,0.570495]],[[0.337639,-0.475296,-0.812462],[0.623317,0.759678,-0.185382],[0.70532,-0.443829,0.552756]],[[0.337639,-0.475296,-0.812462],[0.561466,0.794475,-0.231442],[0.755484,-0.378026,0.535108]]],4]],[[0,200,0],[235.247,235.247,147.751]]],[212035,3976095260,[[122,"right",[-0.465909,0.781534,-0.41489],[-0.705985,-0.610998,-0.358143],[-36.4876,100.66,60.5745],[37.3702,159.641,-84.7792],[-34.5726,86.4417,75.4253],0,0,0.297574,[[0.750499,-0.347287,-0.562265],[0.542429,0.809717,0.223894],[0.37752,-0.473022,0.796071]],59.342,[88.4971,-56.0208,277.114],[-6.43017,62.9202,76.9423]]],[[1220,[-0.718701,0.694544,0.0328267],122,48.5357,[-92.9067,110.169,124.02],[-92.1506,122.521,114.815],[70.9728,159.313,-49.3482],false,[-26.2075,57.6305,96.8688],[-26.2075,57.6305,96.8688],[-57.2599,89.3297,110.727],[-80.0808,111.384,111.769],[-95.1455,126.466,116.312],[[[0.755176,0.648276,-0.0971994],[0.0682794,0.0696813,0.99523],[0.651956,-0.758211,0.0083578]],[[0.689297,0.717881,-0.097553],[0.280519,-0.140317,0.949537],[0.667966,-0.681878,-0.298099]],[[0.689297,0.717881,-0.097553],[0.0913206,0.0474841,0.994689],[0.718701,-0.694544,-0.0328267]],[[0.689297,0.717881,-0.097553],[0.217118,-0.0762294,0.973164],[0.69118,-0.69198,-0.20841]]],0],[1221,[-0.397313,-0.896885,-0.194265],122,54.7671,[-101.886,63.204,31.9386],[-102.657,78.4138,48.443],[65.6644,122.189,-19.2697],false,[-13.9881,75.5982,92.9735],[-58.352,123.025,71.1365],[-91.7382,109.616,53.6317],[-100.682,89.4274,49.2588],[-101.689,73.5493,49.0254],[[[0.447598,0.00696628,-0.894208],[0.616757,0.721664,0.314342],[0.647508,-0.692208,0.318719]],[[0.469582,-0.0168221,-0.882728],[-0.288469,0.942022,-0.171408],[0.834433,0.33513,0.437504]],[[0.469582,-0.0168221,-0.882728],[-0.788438,0.441943,-0.427845],[0.397313,0.896885,0.194265]],[[0.469582,-0.0168221,-0.882728],[-0.880615,0.0627849,-0.469654],[0.0633227,0.997885,0.0146689]]],1],[1222,[-0.496377,-0.867755,-0.0247427],122,62.4027,[-100.496,59.6086,42.1415],[-101.768,72.0464,39.8602],[29.5366,157.917,-38.9158],false,[-8.288,77.2011,83.1532],[-46.0396,121.749,54.6585],[-85.5852,107.437,38.9646],[-98.7305,84.4562,38.3094],[-101.727,67.4424,41.1077],[[[0.419219,-0.209747,-0.883324],[0.697616,0.69708,0.165561],[0.581022,-0.685628,0.438552]],[[0.42748,-0.219523,-0.876967],[-0.202871,0.922033,-0.329694],[0.880968,0.318848,0.349616]],[[0.42748,-0.219523,-0.876967],[-0.75556,0.445883,-0.479914],[0.496377,0.867755,0.0247427]],[[0.42748,-0.219523,-0.876967],[-0.887663,0.0817974,-0.45317],[0.171215,0.972172,-0.159896]]],2],[1223,[-0.422169,-0.887597,0.184243],122,60.0019,[-81.3647,56.9477,37.4008],[-81.47,63.6572,36.0526],[55.2679,142.366,-27.7816],false,[-3.37421,75.9215,72.9004],[-32.3843,114.489,40.127],[-68.2805,97.9256,27.1464],[-79.1719,75.0268,31.8996],[-80.5206,59.128,38.8408],[[[0.446362,-0.360304,-0.81911],[0.743951,0.658102,0.115924],[0.49729,-0.661122,0.561801]],[[0.466215,-0.38689,-0.795587],[-0.195997,0.831784,-0.519347],[0.862687,0.39806,0.311961]],[[0.466215,-0.38689,-0.795587],[-0.777442,0.249976,-0.577144],[0.422169,0.887597,-0.184243]],[[0.466215,-0.38689,-0.795587],[-0.88127,-0.124313,-0.455972],[0.0775091,0.913708,-0.398911]]],3],[1224,[-0.705386,0.448543,-0.548853],122,47.0403,[-64.2758,128.271,-6.04165],[-63.9977,134.557,-9.09615],[-17.5005,161.663,-55.7957],false,[-1.37009,68.5708,62.0546],[-22.0884,103.828,26.7864],[-42.8345,121.33,8.14176],[-55.6831,129.501,-1.8556],[-67.7988,135.668,-10.3909],[[[0.371819,-0.538152,-0.756402],[0.845312,0.533039,0.0362867],[0.383664,-0.652888,0.6531]],[[0.333454,-0.473298,-0.815351],[0.701353,0.702479,-0.120946],[0.630011,-0.531519,0.566193]],[[0.333454,-0.473298,-0.815351],[0.625491,0.758155,-0.18429],[0.705386,-0.448543,0.548853]],[[0.333454,-0.473298,-0.815351],[0.564943,0.792688,-0.229098],[0.75475,-0.384233,0.531711]]],4]],[[0,200,0],[235.247,235.247,147.751]]],[212036,3976104293,[[122,"right",[-0.475981,0.773032,-0.419362],[-0.713228,-0.618285,-0.330195],[-35.1589,101.851,60.445],[67.5912,151.973,-65.3763],[-34.6129,87.4988,74.3975],0,0,0.227855,[[0.733863,-0.373837,-0.567179],[0.569187,0.794129,0.213037],[0.370772,-0.479171,0.795565]],59.342,[88.5306,-56.0324,276.904],[-4.69976,64.4548,76.8598]]],[[1220,[-0.718504,0.694614,0.0355517],122,48.5357,[-92.3277,112.474,122.78],[-89.6037,124.731,115.497],[129.295,182.987,-15.6571],false,[-24.0171,59.5409,97.3264],[-24.0171,59.5409,97.3264],[-54.7821,91.4843,111.264],[-77.5968,113.54,112.393],[-92.5709,128.699,116.981],[[[0.752099,0.646741,-0.126779],[0.0906285,0.0890471,0.991896],[0.652789,-0.757494,0.00835914]],[[0.68617,0.71627,-0.126998],[0.302013,-0.12168,0.945506],[0.661784,-0.687133,-0.299816]],[[0.68617,0.71627,-0.126998],[0.113679,0.0668537,0.991266],[0.718504,-0.694614,-0.0355517]],[[0.68617,0.71627,-0.126998],[0.239102,-0.0571914,0.969309],[0.687023,-0.695476,-0.210504]]],0],[1221,[-0.392592,-0.905038,-0.163636],122,54.7671,[-101.724,64.4357,33.5558],[-101.177,78.9727,50.448],[92.8327,106.207,46.9758],false,[-11.9078,77.4372,92.8084],[-56.8035,124.403,71.0616],[-90.4841,110.387,54.629],[-99.3212,90.0148,50.9456],[-100.168,74.1265,51.117],[[[0.427314,-0.0101261,-0.904047],[0.622917,0.728024,0.286278],[0.655269,-0.685477,0.317402]],[[0.449498,-0.0335889,-0.89265],[-0.298897,0.936036,-0.185733],[0.841791,0.350297,0.410706]],[[0.449498,-0.0335889,-0.89265],[-0.802386,0.424002,-0.419999],[0.392592,0.905038,0.163636]],[[0.449498,-0.0335889,-0.89265],[-0.891695,0.0426634,-0.450622],[0.0532194,0.998525,-0.010774]]],1],[1222,[-0.500616,-0.86567,0.000221608],122,62.4027,[-100.475,61.6224,42.1431],[-100.938,72.9849,41.6924],[41.9873,149.685,23.2647],false,[-6.43233,78.8525,82.8327],[-44.8644,122.815,54.3378],[-84.8142,108.492,39.7134],[-98.0718,85.5669,39.7193],[-101.047,68.6126,42.8784],[[[0.399419,-0.226604,-0.888321],[0.700427,0.700605,0.136216],[0.591495,-0.676612,0.438555]],[[0.407522,-0.235895,-0.882201],[-0.204636,0.917902,-0.339971],[0.889972,0.319076,0.325793]],[[0.407522,-0.235895,-0.882201],[-0.763747,0.441554,-0.470872],[0.500616,0.86567,-0.000221608]],[[0.407522,-0.235895,-0.882201],[-0.897233,0.0764096,-0.434897],[0.169999,0.96877,-0.180514]]],2],[1223,[-0.411682,-0.885708,0.214569],122,60.0019,[-80.8148,58.5319,37.7913],[-80.3813,64.2639,37.8585],[73.8139,123.832,33.6068],false,[-1.74961,77.3771,72.4984],[-31.5325,115.282,39.6456],[-67.6918,98.4328,27.8143],[-78.3127,75.5827,33.3499],[-79.339,59.8427,40.6963],[[[0.428164,-0.375869,-0.821826],[0.745672,0.660699,0.0863121],[0.510538,-0.649769,0.563162]],[[0.448479,-0.401863,-0.798356],[-0.209018,0.821299,-0.530828],[0.86901,0.404936,0.284339]],[[0.448479,-0.401863,-0.798356],[-0.793338,0.23244,-0.562661],[0.411682,0.885708,-0.214569]],[[0.448479,-0.401863,-0.798356],[-0.891845,-0.142257,-0.429389],[0.0589838,0.904582,-0.422199]]],3],[1224,[-0.708146,0.455651,-0.539362],122,47.0403,[-64.376,129.864,-6.58006],[-64.0388,135.015,-8.98019],[-3.36846,143.799,-38.2711],false,[0.017295,69.8183,61.7549],[-21.5287,104.37,26.2855],[-42.4627,121.942,7.91752],[-55.3616,130.241,-1.90696],[-67.4982,136.583,-10.2837],[[[0.355243,-0.552512,-0.754011],[0.845346,0.534176,0.00685015],[0.39899,-0.639834,0.656826]],[[0.312027,-0.4833,-0.817961],[0.706046,0.694039,-0.140745],[0.635718,-0.533602,0.557791]],[[0.312027,-0.4833,-0.817961],[0.633378,0.747531,-0.200072],[0.708146,-0.455651,0.539362]],[[0.312027,-0.4833,-0.817961],[0.575343,0.78125,-0.242134],[0.756056,-0.395055,0.521834]]],4]],[[0,200,0],[235.247,235.247,147.751]]],[212037,3976113367,[[122,"right",[-0.454745,0.799745,-0.391937],[-0.736541,-0.58511,-0.339342],[-35.0403,100.311,59.4669],[52.5185,63.0405,-77.1031],[-34.6402,88.3175,73.4435],0,0,0.235061,[[0.738072,-0.376636,-0.559817],[0.563334,0.800634,0.204056],[0.371354,-0.465972,0.803098]],59.342,[87.7233,-55.6763,276.411],[-5.65339,61.4921,74.4721]]],[[1220,[-0.694913,0.716301,0.063324],122,48.5357,[-91.4997,114.472,121.62],[-88.1211,123.369,115.763],[139.249,89.9824,-3.04929],false,[-24.9059,56.6257,95.011],[-24.9059,56.6257,95.011],[-54.4583,89.1409,110.195],[-76.5239,111.886,112.205],[-90.9435,127.385,117.39],[[[0.771533,0.625327,-0.117062],[0.103891,0.0576925,0.992914],[0.62765,-0.778227,-0.0204543]],[[0.707934,0.696924,-0.114567],[0.307759,-0.158393,0.938188],[0.635699,-0.699434,-0.326616]],[[0.707934,0.696924,-0.114567],[0.126197,0.0347849,0.991395],[0.694913,-0.716301,-0.063324]],[[0.707934,0.696924,-0.114567],[0.247257,-0.0926065,0.964514],[0.661584,-0.71114,-0.237878]]],0],[1221,[-0.403933,-0.897945,-0.174738],122,54.7671,[-101.539,65.7311,35.2045],[-101.072,79.1814,49.9879],[72.2936,78.8561,20.1575],false,[-12.2643,74.2409,90.8616],[-55.8212,123.242,70.9616],[-89.9661,110.289,54.6155],[-99.0585,90.0761,50.6822],[-100.028,74.1941,50.6063],[[[0.417253,0.00182236,-0.908789],[0.649422,0.698934,0.299571],[0.635729,-0.715184,0.290449]],[[0.438615,-0.0224814,-0.898394],[-0.281664,0.945878,-0.161184],[0.853395,0.323742,0.408544]],[[0.438615,-0.0224814,-0.898394],[-0.80278,0.439534,-0.402933],[0.403933,0.897945,0.174738]],[[0.438615,-0.0224814,-0.898394],[-0.896608,0.0568274,-0.439164],[0.0609265,0.998131,0.00476832]]],1],[1222,[-0.527874,-0.849131,-0.0180655],122,62.4027,[-100.621,63.6989,41.9667],[-101.884,74.1138,40.6867],[1.23847,141.805,-14.472],false,[-6.8502,75.762,80.868],[-44.1166,121.745,54.0645],[-84.665,109.139,39.5075],[-98.6445,86.652,39.029],[-102.118,69.7165,41.7504],[[[0.382441,-0.213996,-0.898857],[0.724414,0.673308,0.147921],[0.573554,-0.707716,0.412522]],[[0.39016,-0.223545,-0.893198],[-0.178345,0.93336,-0.3115],[0.903309,0.280833,0.324292]],[[0.39016,-0.223545,-0.893198],[-0.754403,0.478544,-0.449301],[0.527874,0.849131,0.0180655]],[[0.39016,-0.223545,-0.893198],[-0.899103,0.1166,-0.421922],[0.198466,0.967694,-0.155498]]],2],[1223,[-0.438053,-0.877712,0.194245],122,60.0019,[-80.7168,59.9482,37.6992],[-81.6535,64.8794,36.371],[12.8989,107.755,-23.673],false,[-2.32696,74.431,70.4434],[-31.1935,114.206,39.0146],[-68.022,98.9456,27.0917],[-79.3232,76.3017,32.103],[-80.7636,60.402,39.0235],[[[0.406971,-0.365954,-0.83693],[0.767801,0.633395,0.0963984],[0.49483,-0.681827,0.538753]],[[0.426608,-0.393171,-0.814507],[-0.186065,0.843153,-0.504453],[0.885091,0.366755,0.28654]],[[0.426608,-0.393171,-0.814507],[-0.791275,0.27393,-0.546669],[0.438053,0.877712,-0.194245]],[[0.426608,-0.393171,-0.814507],[-0.90064,-0.102247,-0.422366],[0.0827814,0.913763,-0.397725]]],3],[1224,[-0.69098,0.506026,-0.516221],122,47.0403,[-64.2213,131.728,-6.909],[-63.3453,136.851,-8.45518],[26.1852,167.192,-12.9717],false,[-0.921567,67.1287,59.4715],[-21.6935,103.361,25.2388],[-42.0329,122.435,7.7216],[-54.6191,131.653,-1.68136],[-66.5001,138.853,-9.72382],[[[0.329012,-0.542,-0.773297],[0.862433,0.506022,0.012268],[0.384656,-0.670953,0.633926]],[[0.285055,-0.465516,-0.837878],[0.732966,0.66916,-0.122416],[0.617661,-0.579241,0.531955]],[[0.285055,-0.465516,-0.837878],[0.664297,0.726108,-0.177417],[0.69098,-0.506026,0.516221]],[[0.285055,-0.465516,-0.837878],[0.609057,0.762954,-0.216682],[0.740131,-0.448549,0.501009]]],4]],[[0,200,0],[235.247,235.247,147.751]]],[212038,3976122709,[[122,"right",[-0.46672,0.78738,-0.402748],[-0.742661,-0.5962,-0.304959],[-33.6729,101.98,59.0107],[79.1133,95.8071,-69.0914],[-34.571,89.2945,72.4115],0,0,0.197116,[[0.715579,-0.405661,-0.56867],[0.59309,0.782926,0.187807],[0.36904,-0.471663,0.800839]],59.342,[88.9904,-54.9308,275.736],[-3.80455,63.6686,74.3652]]],[[1220,[-0.695476,0.716009,0.0603676],122,48.5357,[-90.0743,117.178,120.471],[-85.4414,126.461,115.927],[181.263,158.568,1.93486],false,[-22.5368,59.3251,95.494],[-22.5368,59.3251,95.494],[-51.8163,92.174,110.487],[-73.8998,114.909,112.404],[-88.2391,130.51,117.507],[[[0.76643,0.623815,-0.1531],[0.12778,0.0855142,0.988109],[0.62949,-0.77688,-0.0141708]],[[0.702693,0.695276,-0.151042],[0.330964,-0.131497,0.934436],[0.62983,-0.706611,-0.322513]],[[0.702693,0.695276,-0.151042],[0.15012,0.0626265,0.986682],[0.695476,-0.716009,-0.0603676]],[[0.702693,0.695276,-0.151042],[0.270914,-0.0651663,0.960395],[0.657897,-0.715782,-0.234152]]],0],[1221,[-0.380268,-0.915915,-0.128438],122,54.7671,[-101.119,66.999,37.0173],[-98.8182,79.5465,52.2415],[123.854,65.2978,84.7633],false,[-10.0569,76.8507,90.5515],[-54.2429,125.168,70.3685],[-88.5253,110.992,55.3809],[-97.085,90.3755,52.4898],[-97.5328,74.4809,53.0769],[[[0.395056,-0.0223467,-0.918385],[0.654233,0.708651,0.264184],[0.644911,-0.705205,0.294577]],[[0.415817,-0.0452649,-0.908321],[-0.304852,0.93404,-0.186103],[0.856832,0.354288,0.374591]],[[0.415817,-0.0452649,-0.908321],[-0.826131,0.398813,-0.398066],[0.380268,0.915915,0.128438]],[[0.415817,-0.0452649,-0.908321],[-0.909013,0.0102174,-0.416643],[0.02814,0.998923,-0.0368978]]],1],[1222,[-0.525731,-0.85046,0.0180207],122,62.4027,[-100.563,65.738,42.1618],[-100.86,75.114,42.6],[31.5104,133.433,46.9856],false,[-4.89202,78.1075,80.3906],[-42.9472,123.233,53.2393],[-83.8074,110.168,40.0204],[-97.7302,87.6452,40.4976],[-101.08,70.7819,43.7674],[[[0.361196,-0.237895,-0.901634],[0.725603,0.679016,0.11152],[0.585694,-0.694509,0.417876]],[[0.368872,-0.247014,-0.896057],[-0.188065,0.924267,-0.332209],[0.910255,0.291059,0.294482]],[[0.368872,-0.247014,-0.896057],[-0.766512,0.464438,-0.443574],[0.525731,0.85046,-0.0180207]],[[0.368872,-0.247014,-0.896057],[-0.90956,0.102588,-0.402711],[0.191399,0.963566,-0.186832]]],2],[1223,[-0.429449,-0.873408,0.229633],122,60.0019,[-80.368,61.3272,38.0775],[-80.646,65.7989,38.0849],[39.7966,107.426,33.6415],false,[-0.618916,76.4991,69.8998],[-30.3689,115.312,38.0937],[-67.438,99.677,27.472],[-78.5172,77.1442,33.3962],[-79.6962,61.4436,40.8039],[[[0.387715,-0.388011,-0.836137],[0.767856,0.637799,0.0600817],[0.509975,-0.665327,0.545221]],[[0.407915,-0.414459,-0.813528],[-0.199883,0.828877,-0.522503],[0.890871,0.375747,0.255268]],[[0.407915,-0.414459,-0.813528],[-0.805716,0.255699,-0.534266],[0.42945,0.873408,-0.229633]],[[0.407915,-0.414459,-0.813528],[-0.910502,-0.118533,-0.396152],[0.0677592,0.902316,-0.425717]]],3],[1224,[-0.692013,0.509027,-0.511869],122,47.0403,[-63.9862,133.462,-7.34198],[-63.267,137.362,-8.98146],[30.9879,145.542,-27.8731],false,[0.543351,68.8986,59.1035],[-21.1711,104.113,24.3963],[-41.6086,123.157,6.96148],[-54.2136,132.429,-2.36221],[-66.0979,139.722,-10.3158],[[[0.311896,-0.562421,-0.76577],[0.86083,0.508383,-0.0227681],[0.402109,-0.652097,0.642711]],[[0.262934,-0.482633,-0.835423],[0.738696,0.657708,-0.147475],[0.620641,-0.578347,0.529453]],[[0.262934,-0.482633,-0.835423],[0.672298,0.712711,-0.200148],[0.692013,-0.509027,0.511869]],[[0.262934,-0.482633,-0.835423],[0.618682,0.74877,-0.237854],[0.740336,-0.454321,0.495474]]],4]],[[0,200,0],[235.247,235.247,147.751]]],[212039,3976131444,[[122,"right",[-0.456312,0.800039,-0.38951],[-0.748475,-0.581829,-0.318214],[-33.7835,102.169,58.194],[54.5461,75.9472,-75.6261],[-34.5199,90.1299,71.4889],0,0,0.199737,[[0.722477,-0.393548,-0.568461],[0.580191,0.792275,0.18889],[0.37604,-0.466284,0.800733]],59.342,[90.1468,-54.0097,274.271],[-4.40824,63.2371,72.9269]]],[[1220,[-0.687369,0.72278,0.0715074],122,48.5357,[-88.9209,119.306,119.424],[-85.4479,126.193,115.399],[132.582,107.447,-14.5204],false,[-23.2581,58.7206,93.9144],[-23.2581,58.7206,93.9144],[-52.2055,91.6236,109.425],[-74.0315,114.574,111.695],[-88.2065,130.243,117.044],[[[0.774053,0.617633,-0.13918],[0.125535,0.0657436,0.989908],[0.62055,-0.783714,-0.0266453]],[[0.71115,0.689762,-0.135994],[0.326385,-0.152587,0.93284],[0.622687,-0.707775,-0.33364]],[[0.71115,0.689762,-0.135994],[0.147617,0.0426254,0.988126],[0.687369,-0.72278,-0.0715074]],[[0.71115,0.689762,-0.135994],[0.267025,-0.0860626,0.959839],[0.650357,-0.718903,-0.245387]]],0],[1221,[-0.361744,-0.922672,-0.133485],122,54.7671,[-100.629,68.1746,38.6167],[-97.9806,79.6374,51.3836],[119.412,46.7935,37.021],false,[-10.5612,76.1891,89.3355],[-54.1222,125.379,69.9168],[-88.2796,111.118,54.727],[-96.4224,90.3484,51.7223],[-96.514,74.4456,52.2445],[[[0.397765,-0.0099281,-0.917434],[0.66148,0.69603,0.279261],[0.635789,-0.717944,0.283423]],[[0.417325,-0.0322281,-0.908186],[-0.31148,0.933762,-0.176265],[0.85371,0.356442,0.379644]],[[0.417325,-0.0322281,-0.908186],[-0.833655,0.384238,-0.396712],[0.361744,0.922672,0.133485]],[[0.417325,-0.0322281,-0.908186],[-0.908739,-0.00847322,-0.417279],[0.00575285,0.999445,-0.032823]]],1],[1222,[-0.529874,-0.848069,0.00358369],122,62.4027,[-100.532,67.6145,42.0687],[-100.995,76.2161,41.2282],[20.3369,129.711,-6.89645],false,[-5.3491,77.5738,79.2154],[-42.7937,123.631,52.7891],[-83.7444,111.178,39.262],[-97.7768,88.7192,39.3569],[-101.182,71.8171,42.3577],[[[0.361371,-0.225343,-0.904782],[0.733002,0.6684,0.126292],[0.576297,-0.708846,0.406718]],[[0.368357,-0.233952,-0.899766],[-0.1791,0.931833,-0.315612],[0.91227,0.277406,0.301347]],[[0.368357,-0.233952,-0.899766],[-0.763902,0.475443,-0.436358],[0.529874,0.848069,-0.00358369]],[[0.368357,-0.233952,-0.899766],[-0.909096,0.111905,-0.401274],[0.194567,0.965787,-0.171464]]],2],[1223,[-0.441351,-0.872117,0.211239],122,60.0019,[-80.2565,62.6406,37.886],[-81.0537,66.9889,36.4518],[13.2438,117.649,-29.0452],false,[-1.06062,76.1103,68.7097],[-30.2582,115.846,37.5377],[-67.5078,101.007,26.418],[-78.8941,78.5075,31.8677],[-80.2575,62.6883,38.9856],[[[0.385948,-0.376941,-0.841998],[0.774945,0.627655,0.0742275],[0.500504,-0.68115,0.534351]],[[0.405667,-0.403897,-0.81994],[-0.184473,0.842429,-0.506243],[0.895212,0.356623,0.267238]],[[0.405667,-0.403897,-0.81994],[-0.800402,0.276189,-0.532049],[0.441351,0.872117,-0.211239]],[[0.405667,-0.403897,-0.81994],[-0.910656,-0.101699,-0.400453],[0.0783546,0.909134,-0.409067]]],3],[1224,[-0.677005,0.537369,-0.502891],122,47.0403,[-63.5368,135.42,-7.69103],[-62.4482,139.668,-9.05778],[52.9768,181.078,-23.6587],false,[0.0492874,68.6978,57.778],[-21.1452,104.796,23.6632],[-41.0689,124.707,6.60442],[-53.4005,134.495,-2.55573],[-65.0574,142.262,-10.3956],[[[0.307897,-0.551734,-0.775106],[0.866694,0.498726,-0.0107225],[0.392481,-0.668478,0.63174]],[[0.258039,-0.466613,-0.845984],[0.753226,0.645523,-0.1263],[0.605035,-0.604626,0.518035]],[[0.258039,-0.466613,-0.845984],[0.689261,0.7025,-0.177237],[0.677005,-0.537369,0.502891]],[[0.258039,-0.466613,-0.845984],[0.637249,0.740355,-0.213981],[0.726174,-0.483887,0.488389]]],4]],[[0,200,0],[235.247,235.247,147.751]]],[212040,3976140838,[[122,"right",[-0.43599,0.821556,-0.367366],[-0.754868,-0.556098,-0.347748],[-34.0926,102.036,57.0739],[29.6487,50.2864,-88.0408],[-34.496,90.7957,70.6828],0,0,0.201062,[[0.737731,-0.363718,-0.568737],[0.550091,0.812233,0.194107],[0.391347,-0.456056,0.799287]],59.342,[92.7526,-52.6103,271.804],[-5.65129,62.0647,70.824]]],[[1220,[-0.674623,0.732934,0.0877018],122,48.5357,[-88.1353,120.75,118.355],[-86.0601,125.066,114.414],[76.2779,41.8863,-39.6625],false,[-24.8631,57.1905,91.3991],[-24.8631,57.1905,91.3991],[-53.3958,90.0892,107.669],[-74.8171,113.362,110.453],[-88.767,129.106,116.16],[[[0.787268,0.607121,-0.107766],[0.113401,0.0292319,0.993119],[0.606094,-0.794071,-0.0458348]],[[0.7257,0.680275,-0.102889],[0.31089,-0.190825,0.931093],[0.613765,-0.707681,-0.349972]],[[0.7257,0.680275,-0.102889],[0.135072,0.00576592,0.990819],[0.674623,-0.732934,-0.0877018]],[[0.7257,0.680275,-0.102889],[0.252433,-0.124151,0.959617],[0.64003,-0.722366,-0.26182]]],0],[1221,[-0.35065,-0.923106,-0.15786],122,54.7671,[-100.068,69.4199,39.9813],[-97.4943,80.0958,49.1941],[101.247,45.6633,-39.8096],false,[-11.7814,74.5599,87.5914],[-54.1499,125.214,69.3324],[-88.1762,111.535,53.334],[-96.0692,90.7561,49.7806],[-95.941,74.8462,49.9839],[[[0.409827,0.0140271,-0.912056],[0.670556,0.673217,0.311664],[0.618383,-0.739312,0.266496]],[[0.428143,-0.00809705,-0.903675],[-0.305711,0.939708,-0.15326],[0.850432,0.341881,0.399855]],[[0.428143,-0.00809705,-0.903675],[-0.832909,0.38446,-0.398061],[0.35065,0.923106,0.15786]],[[0.428143,-0.00809705,-0.903675],[-0.903675,-0.0127507,-0.428029],[-0.00805669,0.999886,-0.0127762]]],1],[1222,[-0.528378,-0.848687,-0.0233942],122,62.4027,[-100.451,69.3557,41.5417],[-100.868,77.4165,38.7782],[23.2668,122.783,-76.0745],false,[-6.40858,76.1919,77.593],[-42.6265,123.839,52.301],[-83.5617,112.255,37.9794],[-97.5545,89.7794,37.3598],[-100.875,72.786,39.9057],[[[0.369246,-0.20096,-0.907344],[0.743602,0.649501,0.158759],[0.557417,-0.733324,0.38926]],[[0.375038,-0.208594,-0.903236],[-0.166546,0.943339,-0.287009],[0.911926,0.25807,0.319047]],[[0.375038,-0.208594,-0.903236],[-0.761684,0.486024,-0.428506],[0.528378,0.848687,0.0233942]],[[0.375038,-0.208594,-0.903236],[-0.907389,0.116799,-0.403736],[0.189714,0.971003,-0.145472]]],2],[1223,[-0.460041,-0.870411,0.175346],122,60.0019,[-80.3443,63.9613,37.0077],[-81.643,68.5671,33.5431],[-10.6573,132.794,-111.121],false,[-2.00713,75.0089,67.0987],[-30.0344,116.345,36.9509],[-67.4234,102.725,24.7884],[-79.2919,80.2695,29.3121],[-81.0012,64.2463,35.8775],[[[0.390137,-0.35507,-0.84954],[0.785473,0.609776,0.105855],[0.480443,-0.708589,0.516794]],[[0.408961,-0.383009,-0.828285],[-0.159174,0.863804,-0.478024],[0.898563,0.327334,0.292297]],[[0.408961,-0.383009,-0.828285],[-0.788107,0.309335,-0.532164],[0.460041,0.870411,-0.175346]],[[0.408961,-0.383009,-0.828285],[-0.907249,-0.0729383,-0.414221],[0.0982366,0.920861,-0.377313]]],3],[1224,[-0.657723,0.570879,-0.491424],122,47.0403,[-62.6649,138.058,-8.00036],[-61.0323,142.588,-9.1015],[82.5825,217.913,-17.9376],false,[-0.888887,67.957,55.9318],[-20.9436,105.607,22.8197],[-40.1624,126.596,6.25228],[-52.1428,136.995,-2.69901],[-63.5182,145.303,-10.3963],[[[0.307939,-0.530534,-0.789751],[0.875931,0.482113,0.017671],[0.371374,-0.697209,0.613173]],[[0.259771,-0.440469,-0.859364],[0.769348,0.632244,-0.0914977],[0.583629,-0.637381,0.503113]],[[0.259771,-0.440469,-0.859364],[0.70705,0.692881,-0.141409],[0.657723,-0.570879,0.491424]],[[0.259771,-0.440469,-0.859364],[0.656015,0.733537,-0.177674],[0.708635,-0.517601,0.479506]]],4]],[[0,200,0],[235.247,235.247,147.751]]],[212041,3976149538,[[122,"right",[-0.405273,0.851511,-0.332691],[-0.772438,-0.513597,-0.373575],[-34.4825,103.035,54.6668],[9.78339,67.4975,-138.365],[-34.4955,91.2896,70.0365],0,0,0.164766,[[0.7442,-0.323405,-0.584445],[0.510918,0.839224,0.186186],[0.430266,-0.437163,0.789784]],59.342,[100.668,-48.3955,265.345],[-7.52247,61.5289,66.7538]]],[[1220,[-0.648812,0.751829,0.117456],122,48.5357,[-87.6197,121.676,117.415],[-85.8507,125.393,112.808],[62.6557,39.5184,-77.8067],false,[-26.982,56.4527,87.0454],[-26.982,56.4527,87.0454],[-54.4101,89.6056,104.644],[-75.0118,113.478,108.374],[-88.4239,129.445,114.718],[[[0.808569,0.583046,-0.0792139],[0.110087,-0.0176541,0.993765],[0.578012,-0.812248,-0.0784604]],[[0.7496,0.658035,-0.0713493],[0.299991,-0.241675,0.922821],[0.590005,-0.713151,-0.378563]],[[0.7496,0.658035,-0.0713493],[0.130933,-0.0417529,0.990512],[0.648812,-0.751829,-0.117456]],[[0.7496,0.658035,-0.0713493],[0.243797,-0.174277,0.954039],[0.615356,-0.732542,-0.291065]]],0],[1221,[-0.355451,-0.915939,-0.186306],122,54.7671,[-99.6367,70.635,40.7013],[-97.4816,82.7861,46.1773],[75.505,112.72,-122.433],false,[-13.2818,73.4977,84.0289],[-53.7655,126.356,67.8608],[-88.0006,113.958,51.2747],[-96.0017,93.34,47.081],[-95.9075,77.4304,46.8412],[[[0.413984,0.0388858,-0.909453],[0.692449,0.635064,0.342357],[0.590874,-0.77148,0.23598]],[[0.4312,0.0161563,-0.902112],[-0.286234,0.950642,-0.119791],[0.85565,0.309869,0.414541]],[[0.4312,0.0161563,-0.902112],[-0.829289,0.400992,-0.38921],[0.355451,0.915939,0.186306]],[[0.4312,0.0161563,-0.902112],[-0.902237,0.00115458,-0.431239],[-0.00592567,0.999869,0.0150747]]],1],[1222,[-0.534188,-0.84393,-0.0492497],122,62.4027,[-100.392,71.1835,40.6363],[-101.057,80.8793,35.6761],[17.1871,188.881,-148.081],false,[-7.81203,75.3689,74.1255],[-42.2244,125.311,50.8179],[-83.4327,115.409,36.0256],[-97.5794,93.059,34.7213],[-100.862,75.993,36.7847],[[[0.365855,-0.174538,-0.914159],[0.765273,0.615404,0.188772],[0.529629,-0.768645,0.358718]],[[0.37058,-0.18141,-0.910912],[-0.14117,0.958345,-0.248287],[0.918009,0.220604,0.329534]],[[0.37058,-0.18141,-0.910912],[-0.759812,0.504849,-0.409651],[0.534188,0.84393,0.0492497]],[[0.37058,-0.18141,-0.910912],[-0.909666,0.127157,-0.395397],[0.187558,0.975152,-0.1179]]],2],[1223,[-0.490492,-0.860679,0.136561],122,60.0019,[-80.7128,65.6404,35.5599],[-83.0172,72.3209,29.6023],[-51.5659,211.807,-204.166],false,[-3.40979,74.485,63.6021],[-29.8375,118.047,35.193],[-67.6397,106.358,22.3183],[-80.2938,84.1539,25.8414],[-82.555,67.9328,31.718],[[[0.381069,-0.33164,-0.863019],[0.80595,0.576545,0.134316],[0.453025,-0.746733,0.486989]],[[0.398737,-0.360996,-0.843025],[-0.125112,0.889255,-0.439969],[0.908491,0.280905,0.309414]],[[0.398737,-0.360996,-0.843025],[-0.774872,0.359045,-0.520251],[0.490492,0.860679,-0.136561]],[[0.398737,-0.360996,-0.843025],[-0.907811,-0.0251119,-0.418627],[0.129953,0.932229,-0.337729]]],3],[1224,[-0.635068,0.614755,-0.467723],122,47.0403,[-61.5075,141.769,-8.45415],[-59.6793,147.374,-9.73506],[102.899,305.312,-31.7698],false,[-2.49201,67.8863,52.1437],[-21.0689,107.614,20.6358],[-39.4458,129.989,4.95008],[-51.0136,141.186,-3