{"metadata":{"formatVersion":2,"generatedBy":"LeapJS Playback 0.2.1","frames":140,"protocolVersion":6,"serviceVersion":"2.2.6+29154","frameRate":"1.1e+2","modified":"Thu Jun 04 2015 14:43:26 GMT-0300 (E. South America Standard Time)"},"frames":[["id","timestamp",{"hands":[["id","type","direction","palmNormal","palmPosition","palmVelocity","stabilizedPalmPosition","pinchStrength","grabStrength","confidence","armBasis","armWidth","elbow","wrist"]]},{"pointables":[["id","direction","handId","length","stabilizedTipPosition","tipPosition","tipVelocity","tool","carpPosition","mcpPosition","pipPosition","dipPosition","btipPosition","bases","type"]]},{"interactionBox":["center","size"]}],[212410,3979575093,[[122,"right",[-0.426739,0.832216,-0.353992],[-0.695471,-0.552194,-0.459784],[-27.4651,99.6029,75.886],[-1.78293,-31.4958,-23.5486],[-27.4678,101.7,79.0869],1,0,0.52561,[[0.657342,-0.0569012,-0.751441],[0.0866797,0.996236,0.000387532],[0.748591,-0.0653895,0.6598]],59.342,[189.13,43.1755,255.663],[0.897612,59.6176,89.7564]]],[[1220,[-0.785543,0.374277,-0.492787],122,48.5357,[-90.217,89.9654,58.1053],[-90.2721,86.7432,56.2385],[2.08503,-70.0651,-15.7028],false,[-20.086,52.7385,107.883],[-20.086,52.7385,107.883],[-56.8156,70.2214,85.3787],[-81.7589,82.1058,69.7313],[-92.3053,87.5046,51.4371],[[[0.771408,0.636177,0.0144455],[0.0123048,-0.0376094,0.999217],[0.636222,-0.770626,-0.0368402]],[[0.415002,0.909355,0.0291166],[-0.451148,0.177888,0.874541],[0.790088,-0.376072,0.484077]],[[0.415002,0.909355,0.0291166],[-0.459015,0.181635,0.869663],[0.785543,-0.374277,0.492787]],[[0.415002,0.909355,0.0291166],[-0.770481,0.334244,0.542808],[0.483873,-0.2477,0.839352]]],0],[1221,[-0.0938342,-0.986058,-0.137422],122,54.7671,[-81.0826,78.0884,65.5769],[-80.466,76.6941,65.2093],[69.8871,-93.6071,15.2408],false,[-7.33177,70.7118,106.61],[-49.4812,121.256,87.5576],[-81.6689,109.073,67.1524],[-83.7811,86.8771,64.0591],[-77.8894,72.2853,66.4149],[[[0.498254,0.0904571,-0.862299],[0.610974,0.669028,0.423216],[0.615186,-0.737712,0.278079]],[[0.515058,0.0700445,-0.854289],[-0.295849,0.949935,-0.100483],[0.80448,0.304495,0.509994]],[[0.515058,0.0700445,-0.854289],[-0.852004,0.150942,-0.501304],[0.0938342,0.986058,0.137422]],[[0.515058,0.0700445,-0.854289],[-0.773052,-0.392581,-0.498268],[-0.370278,0.917046,-0.148054]]],1],[1222,[-0.130929,-0.989279,0.0646894],122,62.4027,[-73.4873,70.3079,59.5109],[-74.4089,70.3285,58.6761],[21.4354,-56.6717,-11.7889],false,[-1.0485,73.2033,97.3467],[-36.2688,121.428,71.7415],[-74.8319,107.531,53.4447],[-78.2993,81.3325,55.1579],[-71.7818,66.0382,60.6249],[[[0.465282,-0.125429,-0.876231],[0.699772,0.658331,0.277344],[0.542063,-0.742205,0.394081]],[[0.460159,-0.118438,-0.879901],[-0.22412,0.94347,-0.244202],[0.859083,0.309575,0.407602]],[[0.460159,-0.118438,-0.879901],[-0.878129,0.0854372,-0.470733],[0.130929,0.989279,-0.0646894]],[[0.460159,-0.118438,-0.879901],[-0.805957,-0.47143,-0.358033],[-0.372407,0.873914,-0.312389]]],2],[1223,[-0.163879,-0.950542,0.263843],122,60.0019,[-57.4005,68.2391,53.8648],[-58.1807,68.2576,52.8471],[32.653,-62.5391,1.73182],false,[4.42128,72.8943,87.3024],[-21.9386,115.411,57.2919],[-57.5307,102.413,40.0976],[-61.7586,77.8904,46.9044],[-55.6841,64.3069,55.9243],[[[0.485895,-0.282552,-0.827085],[0.748149,0.623692,0.226453],[0.451862,-0.728816,0.51444]],[[0.503047,-0.310594,-0.80652],[-0.123585,0.897751,-0.422811],[0.855377,0.312368,0.413227]],[[0.503047,-0.310594,-0.80652],[-0.848579,-0.000553709,-0.529068],[0.163879,0.950542,-0.263843]],[[0.503047,-0.310594,-0.80652],[-0.790613,-0.542329,-0.284272],[-0.349106,0.780647,-0.518377]]],3],[1224,[-0.453503,0.646795,-0.613181],122,47.0403,[-37.4427,150.635,7.16471],[-37.7142,148.348,4.79155],[-9.67564,-38.3575,-31.4358],false,[6.90811,66.6843,75.8599],[-11.0934,105.97,43.4756],[-23.1938,129.247,23.5732],[-31.4543,141.029,12.4041],[-39.7707,150.566,2.52664],[[[0.404587,-0.464148,-0.787957],[0.851578,0.505296,0.139609],[0.333353,-0.727491,0.599694]],[[0.404409,-0.463758,-0.788278],[0.837512,0.534082,0.115457],[0.367461,-0.706884,0.60439]],[[0.404409,-0.463758,-0.788278],[0.794222,0.605462,0.051254],[0.453503,-0.646795,0.613181]],[[0.404409,-0.463758,-0.788278],[0.753695,0.657224,0.0000104385],[0.51807,-0.594126,0.615319]]],4]],[[0,200,0],[235.247,235.247,147.751]]],[212411,3979584466,[[122,"right",[-0.432158,0.829293,-0.354277],[-0.691687,-0.55689,-0.45983],[-27.6499,99.0877,75.7362],[-6.87813,-38.1644,-21.3983],[-27.4738,101.613,78.9759],1,0,0.529853,[[0.657923,-0.0531232,-0.751209],[0.0833608,0.996516,0.00253834],[0.748457,-0.0642914,0.660059]],59.342,[189.173,43.1282,255.594],[0.973795,59.2943,89.6222]]],[[1220,[-0.789496,0.367954,-0.491229],122,48.5357,[-90.1821,89.2124,57.7128],[-90.3478,85.6903,56.1283],[-2.01926,-82.6875,-12.1015],false,[-19.9681,52.2803,107.745],[-19.9681,52.2803,107.745],[-56.9323,69.4866,85.4127],[-82.0012,81.1703,69.8147],[-92.3833,86.3904,51.3753],[[[0.767173,0.641277,0.0144907],[0.0123127,-0.0373092,0.999228],[0.641322,-0.766402,-0.0365184]],[[0.407344,0.912812,0.0290632],[-0.449258,0.172573,0.876576],[0.795134,-0.370125,0.480385]],[[0.407344,0.912812,0.0290632],[-0.459094,0.177154,0.870546],[0.789496,-0.367954,0.491229]],[[0.407344,0.912812,0.0290632],[-0.779211,0.330774,0.53237],[0.476341,-0.239504,0.846013]]],0],[1221,[-0.0772918,-0.988307,-0.131437],122,54.7671,[-80.4093,77.0153,65.6885],[-80.0726,75.5391,65.2825],[62.2257,-101.079,13.1894],false,[-7.33297,70.3373,106.472],[-49.8117,120.597,87.3978],[-81.8223,107.912,67.0199],[-83.5621,85.6654,64.0613],[-77.4322,71.1877,66.5119],[[[0.497852,0.0935683,-0.8622],[0.606426,0.673154,0.423215],[0.619993,-0.733559,0.278389]],[[0.514723,0.0733487,-0.854213],[-0.308182,0.94557,-0.104508],[0.800053,0.317045,0.509311]],[[0.514723,0.0733487,-0.854213],[-0.853865,0.133677,-0.503035],[0.0772918,0.988307,0.131437]],[[0.514723,0.0733487,-0.854213],[-0.765928,-0.408355,-0.496589],[-0.385246,0.909872,-0.15401]]],1],[1222,[-0.123225,-0.990215,0.0654903],122,62.4027,[-73.3741,69.66,59.4029],[-74.3188,69.4556,58.5667],[17.5488,-66.222,-12.1713],false,[-1.06412,72.8684,97.209],[-36.5969,120.853,71.5848],[-75.0553,106.666,53.29],[-78.3186,80.4429,55.0243],[-71.6816,65.205,60.5049],[[[0.466314,-0.122535,-0.876092],[0.695328,0.663013,0.277367],[0.546873,-0.738511,0.394374]],[[0.461141,-0.115571,-0.879768],[-0.230935,0.941682,-0.244752],[0.856749,0.316034,0.407559]],[[0.461141,-0.115571,-0.879768],[-0.878729,0.0782095,-0.47087],[0.123225,0.990215,-0.0654903]],[[0.461141,-0.115571,-0.879768],[-0.8022,-0.478057,-0.357682],[-0.379241,0.870692,-0.313163]]],2],[1223,[-0.154824,-0.951546,0.265687],122,60.0019,[-57.2069,67.5581,53.8437],[-58.0061,67.4073,52.835],[27.8457,-70.0522,0.153875],false,[4.41001,72.5935,87.1661],[-22.2238,114.928,57.1399],[-57.7061,101.558,40.0042],[-61.7003,77.0093,46.8586],[-55.5099,63.4869,55.8915],[[[0.487956,-0.279507,-0.826907],[0.743946,0.628685,0.226496],[0.456556,-0.725694,0.514708]],[[0.505247,-0.307362,-0.806383],[-0.132523,0.895705,-0.424442],[0.852739,0.321312,0.411819]],[[0.505247,-0.307362,-0.806383],[-0.848973,-0.00939029,-0.528353],[0.154824,0.951546,-0.265687]],[[0.505247,-0.307362,-0.806383],[-0.786229,-0.549169,-0.283297],[-0.355766,0.777137,-0.519123]]],3],[1224,[-0.454743,0.645127,-0.614019],122,47.0403,[-37.4929,150.442,6.98624],[-38.0973,147.804,4.60909],[-16.2014,-43.0104,-28.4427],false,[6.94069,66.3976,75.7255],[-11.3129,105.556,43.3283],[-23.4641,128.789,23.4048],[-31.7472,140.54,12.2204],[-40.0805,150.046,2.32705],[[[0.407844,-0.461629,-0.787758],[0.848178,0.510958,0.139702],[0.338021,-0.725135,0.599934]],[[0.407989,-0.46194,-0.7875],[0.835094,0.537437,0.117391],[0.369004,-0.70553,0.605031]],[[0.407989,-0.46194,-0.7875],[0.791678,0.608624,0.0531404],[0.454743,-0.645127,0.614019]],[[0.407989,-0.46194,-0.7875],[0.751036,0.660259,0.0017958],[0.519124,-0.592173,0.616312]]],4]],[[0,200,0],[235.247,235.247,147.751]]],[212412,3979593156,[[122,"right",[-0.435815,0.827291,-0.354478],[-0.689099,-0.560059,-0.459865],[-27.775,98.7389,75.6348],[-8.88228,-38.6918,-18.8062],[-27.4855,101.502,78.8471],1,0,0.519921,[[0.658309,-0.0505638,-0.751048],[0.0811093,0.996697,0.00399191],[0.748365,-0.0635448,0.660236]],59.342,[189.201,43.0981,255.548],[1.02461,59.0765,89.5318]]],[[1220,[-0.792304,0.363553,-0.489984],122,48.5357,[-90.1605,88.3927,57.352],[-90.3829,84.9568,56.0616],[-3.36262,-83.5699,-8.97625],false,[-19.8888,51.9712,107.652],[-19.8888,51.9712,107.652],[-57.0307,68.989,85.4708],[-82.1888,80.5329,69.9123],[-92.407,85.6102,51.3419],[[[0.764284,0.644717,0.0145262],[0.0123058,-0.0371019,0.999236],[0.644763,-0.763521,-0.0362901]],[[0.401985,0.915186,0.0290306],[-0.447295,0.168607,0.87835],[0.798959,-0.366069,0.477135]],[[0.401985,0.915186,0.0290306],[-0.458981,0.173965,0.871248],[0.792304,-0.363553,0.489984]],[[0.401985,0.915186,0.0290306],[-0.786523,0.32889,0.522698],[0.468818,-0.23295,0.852023]]],0],[1221,[-0.0666585,-0.989569,-0.127712],122,54.7671,[-79.8812,76.0754,65.7748],[-79.8121,74.767,65.3267],[53.3502,-96.8097,10.8254],false,[-7.33459,70.0847,106.378],[-50.0352,120.15,87.2892],[-81.9272,107.143,66.9283],[-83.4277,84.8682,64.0536],[-77.146,70.4659,66.5629],[[[0.497577,0.0956716,-0.862127],[0.603324,0.675934,0.423218],[0.623231,-0.730726,0.278609]],[[0.514497,0.0755782,-0.854155],[-0.31614,0.942657,-0.107017],[0.797087,0.325093,0.508887]],[[0.514497,0.0755782,-0.854155],[-0.854898,0.122644,-0.504092],[0.0666585,0.989569,0.127712]],[[0.514497,0.0755782,-0.854155],[-0.761209,-0.418345,-0.495528],[-0.394783,0.905138,-0.157707]]],1],[1222,[-0.11782,-0.99083,0.0661333],122,62.4027,[-73.2905,69.094,59.3149],[-74.2427,68.858,58.5003],[14.69,-66.2316,-11.3435],false,[-1.07554,72.6424,97.1162],[-36.819,120.463,71.4784],[-75.2037,106.076,53.1859],[-78.3239,79.8358,54.9373],[-71.603,64.6386,60.4286],[[[0.467012,-0.120573,-0.875992],[0.692296,0.66617,0.277387],[0.550114,-0.735989,0.394582]],[[0.461804,-0.113627,-0.879674],[-0.23564,0.940405,-0.245176],[0.855109,0.32051,0.407508]],[[0.461804,-0.113627,-0.879674],[-0.879122,0.0731023,-0.470957],[0.11782,0.99083,-0.0661333]],[[0.461804,-0.113627,-0.879674],[-0.799536,-0.482722,-0.357381],[-0.38403,0.868371,-0.313772]]],2],[1223,[-0.14803,-0.952169,0.267324],122,60.0019,[-57.0529,66.9642,53.833],[-57.8524,66.8043,52.8582],[24.3754,-69.4546,0.170782],false,[4.40152,72.3906,87.0743],[-22.4168,114.6,57.037],[-57.8179,100.949,39.9554],[-61.6369,76.3843,46.8521],[-55.3615,62.9084,55.8959],[[[0.48935,-0.277439,-0.826779],[0.741076,0.632052,0.226529],[0.45972,-0.723559,0.514898]],[[0.506722,-0.305149,-0.806298],[-0.139261,0.894007,-0.425862],[0.850787,0.328079,0.410518]],[[0.506722,-0.305149,-0.806298],[-0.849305,-0.0161028,-0.527656],[0.14803,0.952169,-0.267324]],[[0.506722,-0.305149,-0.806298],[-0.783049,-0.554158,-0.282387],[-0.360647,0.774463,-0.519751]]],3],[1224,[-0.453904,0.644945,-0.614831],122,47.0403,[-37.5494,150.231,6.80082],[-38.2857,147.472,4.47716],[-14.9348,-40.4786,-25.319],false,[6.96198,66.2044,75.6351],[-11.4615,105.275,43.2288],[-23.5894,128.505,23.2867],[-31.8573,140.252,12.0876],[-40.1768,149.753,2.17801],[[[0.410049,-0.459913,-0.787617],[0.845851,0.514782,0.139771],[0.341168,-0.723519,0.600103]],[[0.410569,-0.461015,-0.786701],[0.834141,0.538375,0.119834],[0.368295,-0.70542,0.605592]],[[0.410569,-0.461015,-0.786701],[0.790825,0.609517,0.055538],[0.453904,-0.644945,0.614831]],[[0.410569,-0.461015,-0.786701],[0.750219,0.661177,0.0040725],[0.518271,-0.591869,0.617321]]],4]],[[0,200,0],[235.247,235.247,147.751]]],[212413,3979602526,[[122,"right",[-0.437298,0.826023,-0.355608],[-0.68886,-0.561864,-0.458019],[-27.7681,98.7252,75.609],[-6.15078,-28.1161,-14.2451],[-27.4995,101.365,78.6863],1,0,0.525081,[[0.658242,-0.0514818,-0.751044],[0.0819327,0.996632,0.00349265],[0.748335,-0.0638341,0.660243]],59.342,[189.267,43.0769,255.569],[1.09917,59.1279,89.5515]]],[[1220,[-0.795017,0.360616,-0.487754],122,48.5357,[-90.14,87.5033,57.0316],[-90.3548,84.6991,56.201],[-2.59348,-68.2452,0.129158],false,[-19.7849,52.0304,107.708],[-19.7849,52.0304,107.708],[-57.102,68.9303,85.7319],[-82.3462,80.3809,70.2443],[-92.3679,85.2951,51.5235],[[[0.763445,0.645754,0.0124342],[0.0134485,-0.0351413,0.999292],[0.645733,-0.762737,-0.0355129]],[[0.399225,0.91646,0.0268556],[-0.443001,0.167168,0.880798],[0.802726,-0.363533,0.472731]],[[0.399225,0.91646,0.0268556],[-0.456692,0.173373,0.872568],[0.795017,-0.360616,0.487754]],[[0.399225,0.91646,0.0268556],[-0.793223,0.330555,0.511401],[0.459801,-0.225467,0.858922]]],0],[1221,[-0.0606818,-0.990559,-0.122924],122,54.7671,[-79.4048,75.2889,65.9003],[-79.5579,74.5127,65.528],[45.328,-76.025,13.5379],false,[-7.25616,70.1579,106.385],[-50.0439,120.13,87.2462],[-81.8953,106.905,66.9621],[-83.2612,84.6076,64.1951],[-76.8901,70.256,66.7686],[[[0.496506,0.0946517,-0.862857],[0.602891,0.677553,0.421241],[0.624503,-0.729358,0.279345]],[[0.513429,0.0746345,-0.85488],[-0.320405,0.940838,-0.110292],[0.796072,0.330535,0.506967]],[[0.513429,0.0746345,-0.85488],[-0.855984,0.114989,-0.504053],[0.0606818,0.990559,0.122924]],[[0.513429,0.0746345,-0.85488],[-0.758992,-0.425334,-0.492973],[-0.400403,0.901954,-0.161732]]],1],[1222,[-0.115504,-0.99093,0.06868],122,62.4027,[-73.2089,68.6802,59.2993],[-74.1513,68.7135,58.6215],[12.7097,-51.2025,-4.83423],false,[-1.01065,72.7058,97.1118],[-36.8454,120.429,71.4204],[-75.2249,105.931,53.2046],[-78.2838,79.6885,55.0234],[-71.5211,64.5204,60.5437],[[[0.466212,-0.12166,-0.876268],[0.691716,0.667624,0.275331],[0.55152,-0.734491,0.395408]],[[0.460986,-0.114722,-0.879961],[-0.237655,0.939427,-0.246975],[0.854992,0.322979,0.405799]],[[0.460986,-0.114722,-0.879961],[-0.879858,0.0699785,-0.470056],[0.115504,0.99093,-0.06868]],[[0.460986,-0.114722,-0.879961],[-0.798856,-0.485444,-0.355209],[-0.386421,0.866708,-0.315429]]],2],[1223,[-0.141937,-0.951792,0.271928],122,60.0019,[-56.8718,66.4957,53.9186],[-57.6255,66.5567,53.1076],[23.9085,-56.8912,7.25245],false,[4.45575,72.4417,87.0644],[-22.4513,114.557,56.9746],[-57.8272,100.654,40.0447],[-61.489,76.099,47.0601],[-55.1291,62.6865,56.1392],[[[0.488812,-0.2784,-0.826775],[0.740486,0.633471,0.224487],[0.461241,-0.721947,0.5158]],[[0.506131,-0.305866,-0.806398],[-0.145,0.891514,-0.429159],[0.85018,0.334138,0.406872]],[[0.506131,-0.305866,-0.806398],[-0.850697,-0.0231736,-0.525145],[0.141937,0.951792,-0.271928]],[[0.506131,-0.305866,-0.806398],[-0.781178,-0.558828,-0.278339],[-0.365503,0.770816,-0.521776]]],3],[1224,[-0.451706,0.645335,-0.616039],122,47.0403,[-37.6001,150.007,6.59547],[-38.2672,147.394,4.35363],[-7.56758,-30.0654,-22.1205],false,[7.01188,66.2367,75.6345],[-11.4988,105.22,43.1725],[-23.5514,128.456,23.1924],[-31.7793,140.211,11.9712],[-40.0663,149.719,2.04167],[[[0.409796,-0.460902,-0.78717],[0.845321,0.516171,0.137842],[0.342782,-0.721899,0.601134]],[[0.41062,-0.462637,-0.785721],[0.835122,0.536724,0.12041],[0.36601,-0.705616,0.606748]],[[0.41062,-0.462637,-0.785721],[0.792056,0.607873,0.0560111],[0.451706,-0.645335,0.616039]],[[0.41062,-0.462637,-0.785721],[0.751587,0.659619,0.00439311],[0.516245,-0.592342,0.618565]]],4]],[[0,200,0],[235.247,235.247,147.751]]],[212414,3979611302,[[122,"right",[-0.439494,0.824267,-0.356973],[-0.687773,-0.56442,-0.456507],[-27.8656,98.6668,75.5617],[-7.48198,-22.3468,-11.8643],[-27.5189,101.222,78.5209],1,0,0.531746,[[0.658109,-0.0517372,-0.751143],[0.0822733,0.996604,0.00343916],[0.748414,-0.0640623,0.66013]],59.342,[189.293,43.0582,255.554],[1.10514,59.1667,89.565]]],[[1220,[-0.798047,0.356704,-0.485678],122,48.5357,[-90.1407,86.6857,56.8063],[-90.4042,84.3171,56.2981],[-4.35009,-62.3321,5.31371],false,[-19.7512,52.0546,107.748],[-19.7512,52.0546,107.748],[-57.2533,68.7889,85.9606],[-82.5937,80.1153,70.5389],[-92.398,84.8474,51.6569],[[[0.761895,0.647612,0.0107141],[0.0141183,-0.033143,0.999351],[0.647547,-0.761249,-0.0343947]],[[0.395285,0.918222,0.0248681],[-0.439291,0.165195,0.883025],[0.806705,-0.359971,0.468666]],[[0.395285,0.918222,0.0248681],[-0.454831,0.172135,0.873784],[0.798047,-0.356704,0.485678]],[[0.395285,0.918222,0.0248681],[-0.800875,0.331257,0.498866],[0.449832,-0.21711,0.866322]]],0],[1221,[-0.054907,-0.991383,-0.118933],122,54.7671,[-79.0642,74.6945,66.0151],[-79.4322,74.1967,65.6517],[36.403,-64.3211,13.3659],false,[-7.26686,70.2095,106.382],[-50.186,120.041,87.17],[-81.984,106.601,66.943],[-83.2199,84.2857,64.2658],[-76.7643,69.9819,66.8944],[[[0.495772,0.0941489,-0.863335],[0.601504,0.67983,0.419552],[0.626421,-0.727302,0.280409]],[[0.512724,0.0742156,-0.85534],[-0.324817,0.938974,-0.113236],[0.794738,0.335888,0.505541]],[[0.512724,0.0742156,-0.85534],[-0.856796,0.107944,-0.504231],[0.054907,0.991383,0.118933]],[[0.512724,0.0742156,-0.85534],[-0.756644,-0.431727,-0.491022],[-0.405714,0.898946,-0.165202]]],1],[1222,[-0.112298,-0.991127,0.0711065],122,62.4027,[-73.1613,68.3686,59.3117],[-74.132,68.4797,58.693],[9.38689,-44.0348,-1.67618],false,[-1.03293,72.7543,97.0999],[-36.9975,120.341,71.3358],[-75.3475,105.694,53.1767],[-78.3215,79.4461,55.0598],[-71.5059,64.3132,60.6116],[[[0.465991,-0.122261,-0.876302],[0.690268,0.669827,0.27361],[0.553519,-0.732383,0.396526]],[[0.460742,-0.115338,-0.880008],[-0.240479,0.938207,-0.248873],[0.854334,0.32629,0.404535]],[[0.460742,-0.115338,-0.880008],[-0.880401,0.0660615,-0.469606],[0.112298,0.991127,-0.0711065]],[[0.460742,-0.115338,-0.880008],[-0.797529,-0.488873,-0.353484],[-0.389442,0.864697,-0.31723]]],2],[1223,[-0.137758,-0.951592,0.274763],122,60.0019,[-56.7569,66.1558,53.9999],[-57.5631,66.3123,53.2244],[18.7074,-48.3875,8.17325],false,[4.4282,72.4836,87.0497],[-22.5978,114.475,56.8931],[-57.9411,100.391,40.0446],[-61.4951,75.8413,47.1332],[-55.0754,62.4757,56.239],[[[0.488996,-0.278849,-0.826514],[0.73909,0.635692,0.222804],[0.46328,-0.719819,0.516945]],[[0.506298,-0.30608,-0.806212],[-0.148947,0.889803,-0.431354],[0.849398,0.338476,0.404916]],[[0.506298,-0.30608,-0.806212],[-0.851284,-0.0280504,-0.523954],[0.137758,0.951592,-0.274763]],[[0.506298,-0.30608,-0.806212],[-0.77945,-0.562402,-0.275974],[-0.368945,0.768127,-0.523317]]],3],[1224,[-0.449724,0.645821,-0.616979],122,47.0403,[-37.6441,149.811,6.40966],[-38.3563,147.284,4.22333],[-5.78071,-23.7314,-20.0461],false,[6.99256,66.2622,75.6305],[-11.6309,105.137,43.1029],[-23.6189,128.383,23.096],[-31.8106,140.147,11.8577],[-40.0674,149.664,1.91143],[[[0.410443,-0.461462,-0.786505],[0.844156,0.518474,0.136328],[0.344872,-0.719888,0.60235]],[[0.411363,-0.463383,-0.784893],[0.835615,0.535665,0.121702],[0.364045,-0.705931,0.607563]],[[0.411363,-0.463383,-0.784893],[0.792798,0.606788,0.0572725],[0.449724,-0.645821,0.616979]],[[0.411363,-0.463383,-0.784893],[0.75247,0.658603,0.00554559],[0.514363,-0.592889,0.619607]]],4]],[[0,200,0],[235.247,235.247,147.751]]],[212415,3979620661,[[122,"right",[-0.441589,0.822582,-0.358271],[-0.686728,-0.566856,-0.455058],[-27.9587,98.6111,75.5166],[-8.18139,-17.6952,-9.86645],[-27.5464,101.058,78.333],1,0,0.538147,[[0.65798,-0.0519811,-0.751239],[0.0825988,0.996577,0.00338798],[0.748492,-0.0642807,0.660021]],59.342,[189.318,43.0407,255.54],[1.1107,59.204,89.5776]]],[[1220,[-0.800694,0.352996,-0.484028],122,48.5357,[-90.1542,85.8633,56.639],[-90.4389,83.952,56.376],[-4.69187,-56.3091,7.84028],false,[-19.719,52.0781,107.786],[-19.719,52.0781,107.786],[-57.3825,68.6541,86.1562],[-82.8069,79.8628,70.7869],[-92.4019,84.4231,51.7556],[[[0.760409,0.649382,0.00906865],[0.0147543,-0.0312336,0.999403],[0.649277,-0.759821,-0.0333315]],[[0.391637,0.919833,0.0229651],[-0.436159,0.163611,0.884871],[0.810177,-0.356564,0.46527]],[[0.391637,0.919833,0.0229651],[-0.453331,0.171175,0.874751],[0.800694,-0.352996,0.484028]],[[0.391637,0.919833,0.0229651],[-0.807976,0.331856,0.486874],[0.440222,-0.209233,0.87317]]],0],[1221,[-0.0498267,-0.992069,-0.115394],122,54.7671,[-78.7894,74.1815,66.1292],[-79.3283,73.9112,65.7611],[28.5706,-53.7331,12.5416],false,[-7.27727,70.2592,106.379],[-50.3217,119.955,87.0973],[-82.0743,106.33,66.9233],[-83.1959,83.9993,64.3258],[-76.6644,69.7391,67.0037],[[[0.49507,0.0936673,-0.863789],[0.600174,0.681998,0.417936],[0.628249,-0.725331,0.28142]],[[0.512043,0.0738238,-0.855782],[-0.32864,0.937332,-0.115777],[0.793605,0.340527,0.504215]],[[0.512043,0.0738238,-0.855782],[-0.857514,0.101727,-0.504303],[0.0498267,0.992069,0.115394]],[[0.512043,0.0738238,-0.855782],[-0.75453,-0.437458,-0.489198],[-0.410483,0.896203,-0.168295]]],1],[1222,[-0.109229,-0.991301,0.0734236],122,62.4027,[-73.1287,68.09,59.3408],[-74.1116,68.2563,58.7623],[6.83052,-37.7595,0.567909],false,[-1.05441,72.8008,97.0882],[-37.1428,120.256,71.2551],[-75.4641,105.467,53.1506],[-78.3568,79.2148,55.0951],[-71.4907,64.1158,60.6768],[[[0.46578,-0.122834,-0.876334],[0.688878,0.671925,0.271963],[0.555424,-0.730362,0.397587]],[[0.460509,-0.115926,-0.880052],[-0.243179,0.937029,-0.250681],[0.853695,0.329451,0.40332]],[[0.460509,-0.115926,-0.880052],[-0.880909,0.0623148,-0.469166],[0.109229,0.991301,-0.0734236]],[[0.460509,-0.115926,-0.880052],[-0.796248,-0.492145,-0.351828],[-0.392328,0.86276,-0.318943]]],2],[1223,[-0.131459,-0.95131,0.278797],122,60.0019,[-56.6349,65.8397,54.1137],[-57.4172,66.0227,53.4101],[17.49,-43.0041,11.0848],false,[4.4017,72.5238,87.0355],[-22.7377,114.396,56.8153],[-58.0357,100.058,40.0866],[-61.4271,75.5155,47.2792],[-54.9204,62.2155,56.4194],[[[0.489174,-0.279275,-0.826265],[0.73775,0.637807,0.221193],[0.465224,-0.717779,0.518034]],[[0.506415,-0.306217,-0.806086],[-0.154658,0.887406,-0.434271],[0.848307,0.34459,0.402037]],[[0.506415,-0.306217,-0.806086],[-0.85221,-0.0352204,-0.522013],[0.131459,0.95131,-0.278797]],[[0.506415,-0.306217,-0.806086],[-0.776989,-0.567443,-0.272574],[-0.373941,0.764355,-0.525289]]],3],[1224,[-0.448289,0.646079,-0.617753],122,47.0403,[-37.6884,149.621,6.22573],[-38.4531,147.177,4.10379],[-5.20573,-18.9855,-17.7856],false,[6.97397,66.2869,75.6265],[-11.7571,105.058,43.0365],[-23.6963,128.31,23.0075],[-31.8619,140.078,11.7551],[-40.0977,149.6,1.79523],[[[0.411063,-0.461993,-0.785869],[0.843037,0.520669,0.134878],[0.346864,-0.71796,0.603505]],[[0.41201,-0.463954,-0.784215],[0.83594,0.534926,0.122714],[0.362563,-0.706116,0.608233]],[[0.41201,-0.463954,-0.784215],[0.793274,0.606076,0.0582057],[0.448289,-0.646079,0.617753]],[[0.41201,-0.463954,-0.784215],[0.753007,0.657982,0.00634179],[0.513057,-0.593133,0.620456]]],4]],[[0,200,0],[235.247,235.247,147.751]]],[212416,3979629353,[[122,"right",[-0.444996,0.82039,-0.359081],[-0.682306,-0.570299,-0.457404],[-28.4488,98.3585,75.3619],[-21.032,-20.7246,-11.9786],[-27.605,100.883,78.14],1,0,0.541019,[[0.657754,-0.0480619,-0.751698],[0.0798126,0.996791,0.00610539],[0.748992,-0.0640108,0.65948]],59.342,[189.126,43.0058,255.311],[0.7927,59.1013,89.485]]],[[1220,[-0.802977,0.348085,-0.483802],122,48.5357,[-90.2549,85.071,56.4681],[-90.7789,83.2517,56.1222],[-14.6652,-63.1089,0.0950739],false,[-20.0513,51.8515,107.628],[-20.0513,51.8515,107.628],[-57.8577,68.2073,86.0803],[-83.3547,79.2601,70.7181],[-92.7135,83.6796,51.5366],[[[0.756843,0.653492,0.0116806],[0.0119957,-0.0317567,0.999424],[0.653487,-0.756267,-0.031874]],[[0.385048,0.922566,0.0246929],[-0.436301,0.15839,0.885751],[0.813252,-0.35183,0.463504]],[[0.385048,0.922566,0.0246929],[-0.454935,0.166459,0.874829],[0.802977,-0.348085,0.483802]],[[0.385048,0.922566,0.0246929],[-0.816921,0.328263,0.474219],[0.429392,-0.202769,0.880061]]],0],[1221,[-0.0421666,-0.992486,-0.114865],122,54.7671,[-78.6801,73.6912,66.1264],[-79.5507,73.3286,65.5004],[13.5512,-56.2154,0.97279],false,[-7.70433,70.1006,106.268],[-50.9612,119.574,86.8896],[-82.5653,105.751,66.6173],[-83.5145,83.4107,64.0317],[-76.8828,69.2033,66.7432],[[[0.497083,0.0968736,-0.862278],[0.595236,0.684992,0.420096],[0.63135,-0.722082,0.282835]],[[0.51423,0.0770117,-0.854188],[-0.33412,0.935263,-0.116822],[0.789894,0.345474,0.506671]],[[0.51423,0.0770117,-0.854188],[-0.856615,0.0950852,-0.507118],[0.0421666,0.992486,0.114865]],[[0.51423,0.0770117,-0.854188],[-0.749574,-0.443638,-0.491248],[-0.416782,0.892891,-0.170406]]],1],[1222,[-0.103428,-0.991965,0.0728553],122,62.4027,[-73.1884,67.7679,59.2649],[-74.341,67.7385,58.4819],[-2.48452,-43.0216,-8.41913],false,[-1.46817,72.6816,96.9972],[-37.7378,119.956,71.0863],[-75.9207,104.954,52.8653],[-78.6597,78.6837,54.7947],[-71.7176,63.6253,60.3924],[[[0.469005,-0.119776,-0.875036],[0.684421,0.675488,0.274377],[0.558213,-0.727578,0.398785]],[[0.463705,-0.11289,-0.878768],[-0.247865,0.935715,-0.250998],[0.850612,0.334205,0.405914]],[[0.463705,-0.11289,-0.878768],[-0.879932,0.0571061,-0.471655],[0.103428,0.991965,-0.0728553]],[[0.463705,-0.11289,-0.878768],[-0.792229,-0.496901,-0.354206],[-0.396674,0.860433,-0.31985]]],2],[1223,[-0.125983,-0.952179,0.278357],122,60.0019,[-56.6293,65.5133,54.1085],[-57.596,65.5709,53.2104],[6.66785,-44.7773,1.40241],false,[4.01879,72.4402,86.9604],[-23.2589,114.183,56.6854],[-58.423,99.6201,39.8692],[-61.6731,75.0551,47.0505],[-55.1078,61.7924,56.2029],[[[0.493101,-0.276118,-0.824991],[0.733627,0.641667,0.223731],[0.467594,-0.715557,0.518974]],[[0.510331,-0.302823,-0.804898],[-0.159324,0.886457,-0.434523],[0.845091,0.34999,0.404139]],[[0.510331,-0.302823,-0.804898],[-0.8507,-0.040651,-0.524077],[0.125983,0.952179,-0.278357]],[[0.510331,-0.302823,-0.804898],[-0.772785,-0.572129,-0.274721],[-0.377314,0.762212,-0.525992]]],3],[1224,[-0.447092,0.646301,-0.618388],122,47.0403,[-37.7538,149.445,6.0555],[-38.8601,147.013,3.96321],[-14.762,-17.7807,-17.0541],false,[6.65829,66.2243,75.5553],[-12.1874,104.912,42.9333],[-24.0895,128.181,22.9013],[-32.2333,139.954,11.6374],[-40.4502,149.473,1.6606],[[[0.415865,-0.459281,-0.784931],[0.8398,0.525154,0.137656],[0.348987,-0.716432,0.604097]],[[0.416788,-0.461177,-0.783329],[0.834057,0.536667,0.127822],[0.361438,-0.706615,0.608324]],[[0.416788,-0.461177,-0.783329],[0.791452,0.607957,0.0631823],[0.447092,-0.646301,0.618388]],[[0.416788,-0.461177,-0.783329],[0.751177,0.660008,0.0111083],[0.51188,-0.593048,0.621508]]],4]],[[0,200,0],[235.247,235.247,147.751]]],[212417,3979638497,[[122,"right",[-0.449578,0.818511,-0.357657],[-0.675983,-0.5735,-0.462757],[-29.0117,98.0572,75.2805],[-32.3115,-24.1269,-11.1234],[-27.7141,100.664,77.9182],1,0,0.542087,[[0.657657,-0.0399389,-0.752258],[0.0743678,0.997158,0.0120744],[0.749638,-0.0638846,0.658757]],59.342,[188.958,42.8985,255.015],[0.462174,58.9622,89.3705]]],[[1220,[-0.806806,0.342935,-0.481103],122,48.5357,[-90.4678,84.1834,56.3074],[-91.1859,82.4036,55.9187],[-25.0747,-71.5215,-2.07969],false,[-20.406,51.4809,107.391],[-20.406,51.4809,107.391],[-58.4287,67.5992,86.0461],[-84.0472,78.4884,70.7696],[-93.125,82.8017,51.4296],[[[0.751846,0.659101,0.0177145],[0.0078539,-0.0358177,0.999327],[0.659292,-0.751201,-0.0321059]],[[0.375673,0.926259,0.0302463],[-0.435778,0.147751,0.887844],[0.817905,-0.346719,0.459149]],[[0.375673,0.926259,0.0302463],[-0.455999,0.156334,0.876142],[0.806806,-0.342935,0.481103]],[[0.375673,0.926259,0.0302463],[-0.827889,0.320751,0.460129],[0.416497,-0.197898,0.887337]]],0],[1221,[-0.0322543,-0.992486,-0.118032],122,54.7671,[-78.673,73.143,66.0179],[-79.7812,72.6423,65.1461],[2.23792,-60.2704,-10.3461],false,[-8.19086,69.8276,106.161],[-51.7334,119.055,86.796],[-83.1361,105.058,66.3312],[-83.8621,82.7174,63.6743],[-77.1008,68.5698,66.3785],[[[0.500114,0.104184,-0.859669],[0.588218,0.687689,0.425538],[0.63552,-0.718491,0.28264]],[[0.517333,0.0844655,-0.851605],[-0.341122,0.932997,-0.114687],[0.784858,0.349833,0.511483]],[[0.517333,0.0844655,-0.851605],[-0.855176,0.0885301,-0.510722],[0.0322543,0.992486,0.118032]],[[0.517333,0.0844655,-0.851605],[-0.742833,-0.449793,-0.495869],[-0.424929,0.88913,-0.169949]]],1],[1222,[-0.0956671,-0.993044,0.0686361],122,62.4027,[-73.2981,67.375,59.093],[-74.5524,67.1391,58.0992],[-8.67991,-48.7458,-17.9921],false,[-1.93372,72.4939,96.9286],[-38.4441,119.602,71.053],[-76.4285,104.373,52.6063],[-78.962,78.0746,54.424],[-71.9212,63.0521,59.9947],[[[0.473724,-0.112616,-0.873444],[0.67811,0.679461,0.280177],[0.561919,-0.725017,0.398243]],[[0.468385,-0.10575,-0.877173],[-0.254123,0.934733,-0.248384],[0.846189,0.33925,0.410942]],[[0.468385,-0.10575,-0.877173],[-0.87833,0.0517684,-0.475244],[0.0956671,0.993044,-0.0686361]],[[0.468385,-0.10575,-0.877173],[-0.786612,-0.501991,-0.359509],[-0.402315,0.858383,-0.31831]]],2],[1223,[-0.118155,-0.954216,0.274795],122,60.0019,[-56.6711,65.1365,54.0139],[-57.7168,65.072,52.9498],[0.57674,-46.9927,-7.46986],false,[3.59883,72.3354,86.9152],[-23.8592,113.998,56.6924],[-58.8275,99.1707,39.6996],[-61.8757,74.5532,46.789],[-55.228,61.3161,55.919],[[[0.498776,-0.268979,-0.823938],[0.72779,0.646221,0.22961],[0.470686,-0.714177,0.518079]],[[0.51599,-0.295438,-0.804034],[-0.165856,0.88642,-0.432148],[0.840385,0.356338,0.408384]],[[0.51599,-0.295438,-0.804034],[-0.848407,-0.0467904,-0.527273],[0.118155,0.954216,-0.274795]],[[0.51599,-0.295438,-0.804034],[-0.766678,-0.577923,-0.279662],[-0.382047,0.760738,-0.524708]]],3],[1224,[-0.446553,0.647567,-0.617453],122,47.0403,[-37.8677,149.252,5.87254],[-39.3424,147.027,4.05177],[-24.0458,-11.4293,-9.32666],false,[6.335,66.1869,75.4964],[-12.6581,104.868,42.9512],[-24.5464,128.195,22.9792],[-32.6803,139.99,11.7323],[-40.8881,149.522,1.75947],[[[0.422746,-0.452881,-0.784974],[0.835213,0.530866,0.143525],[0.351717,-0.716296,0.602674]],[[0.423678,-0.454781,-0.783372],[0.830761,0.539773,0.135946],[0.361017,-0.708392,0.606504]],[[0.423678,-0.454781,-0.783372],[0.788091,0.611418,0.0712761],[0.446553,-0.647567,0.617453]],[[0.423678,-0.454781,-0.783372],[0.747703,0.66376,0.0190455],[0.51131,-0.593798,0.621261]]],4]],[[0,200,0],[235.247,235.247,147.751]]],[212418,3979647776,[[122,"right",[-0.451281,0.818071,-0.356519],[-0.671345,-0.574435,-0.468316],[-29.6094,97.999,75.2102],[-41.3561,-19.094,-10.1254],[-27.8815,100.429,77.679],1,0,0.54508,[[0.656918,-0.0338307,-0.753203],[0.0707022,0.997355,0.0168672],[0.75064,-0.0643335,0.657572]],59.342,[188.708,42.794,254.631],[-0.0399653,58.9706,89.2844]]],[[1220,[-0.809004,0.34063,-0.479044],122,48.5357,[-90.7858,83.3971,56.1574],[-91.6698,82.0221,55.7058],[-34.5119,-62.825,-4.38096],false,[-20.9629,51.3294,107.174],[-20.9629,51.3294,107.174],[-59.1245,67.3425,85.9983],[-84.8129,78.1585,70.7872],[-93.6021,82.4103,51.3008],[[[0.748984,0.662154,0.0239926],[0.00320486,-0.0398304,0.999201],[0.66258,-0.748309,-0.0319545]],[[0.369712,0.928456,0.0358245],[-0.435257,0.138998,0.889512],[0.820892,-0.344456,0.455506]],[[0.369712,0.928456,0.0358245],[-0.456974,0.148126,0.87706],[0.809004,-0.34063,0.479044]],[[0.369712,0.928456,0.0358245],[-0.837076,0.316095,0.446528],[0.403258,-0.195075,0.894052]]],0],[1221,[-0.0271573,-0.992177,-0.12185],122,54.7671,[-78.788,72.7167,65.832],[-80.1878,72.407,64.7509],[-11.4022,-49.5249,-19.6777],false,[-8.81897,69.7318,106.077],[-52.4739,118.855,86.7005],[-83.7237,104.826,66.0246],[-84.335,82.4927,63.2818],[-77.5159,68.3702,65.972],[[[0.503796,0.109748,-0.856823],[0.583281,0.688408,0.431135],[0.63716,-0.716973,0.282803]],[[0.521148,0.089966,-0.848711],[-0.344072,0.932184,-0.112462],[0.781037,0.350627,0.516761]],[[0.521148,0.089966,-0.848711],[-0.853034,0.0865505,-0.514628],[0.0271573,0.992177,0.12185]],[[0.521148,0.089966,-0.848711],[-0.738067,-0.451833,-0.501103],[-0.428558,0.887554,-0.169071]]],1],[1222,[-0.0912845,-0.993736,0.06447],122,62.4027,[-73.4672,67.0787,58.8749],[-74.8956,66.9385,57.7101],[-17.1506,-40.6898,-24.9703],false,[-2.5288,72.4614,96.8853],[-39.1116,119.521,71.024],[-76.9388,104.194,52.3372],[-79.3563,77.8776,54.0446],[-72.2703,62.8681,59.5927],[[[0.47838,-0.107102,-0.871597],[0.673904,0.681143,0.286177],[0.563033,-0.724274,0.398022]],[[0.473029,-0.10024,-0.875326],[-0.257134,0.934546,-0.245978],[0.84269,0.341431,0.416292]],[[0.473029,-0.10024,-0.875326],[-0.876305,0.0494076,-0.479216],[0.0912845,0.993736,-0.06447]],[[0.473029,-0.10024,-0.875326],[-0.782498,-0.504377,-0.365104],[-0.404896,0.857645,-0.317023]]],2],[1223,[-0.114099,-0.955802,0.27097],122,60.0019,[-56.7883,64.8576,53.8646],[-57.9917,64.9244,52.6754],[-8.60405,-37.8528,-14.2534],false,[3.05239,72.3666,86.8981],[-24.4345,114.036,56.7115],[-59.25,99.0772,39.5218],[-62.1936,74.4187,46.5124],[-55.5187,61.1809,55.6215],[[[0.503849,-0.263558,-0.822602],[0.723965,0.648315,0.235716],[0.47118,-0.7143,0.51746]],[[0.520938,-0.289807,-0.802892],[-0.168921,0.886999,-0.429766],[0.836713,0.359507,0.413117]],[[0.520938,-0.289807,-0.802892],[-0.845935,-0.0495494,-0.53098],[0.114099,0.955802,-0.27097]],[[0.520938,-0.289807,-0.802892],[-0.762541,-0.580707,-0.285149],[-0.383607,0.760783,-0.523502]]],3],[1224,[-0.444794,0.649386,-0.616812],122,47.0403,[-38.0309,149.071,5.684],[-39.72,147.276,4.14066],[-28.1607,-0.204789,-3.76155],false,[5.8691,66.2758,75.468],[-13.1294,105.009,42.9878],[-24.9578,128.408,23.0642],[-33.0597,140.236,11.829],[-41.2406,149.791,1.85621],[[[0.428404,-0.447932,-0.784746],[0.832283,0.533759,0.149686],[0.351816,-0.717257,0.601471]],[[0.429327,-0.449814,-0.783164],[0.828647,0.541067,0.143495],[0.359198,-0.710572,0.605032]],[[0.429327,-0.449814,-0.783164],[0.786026,0.61316,0.0787241],[0.444794,-0.649386,0.616812]],[[0.429327,-0.449814,-0.783164],[0.745621,0.665851,0.0263109],[0.509635,-0.595239,0.621259]]],4]],[[0,200,0],[235.247,235.247,147.751]]],[212419,3979656412,[[122,"right",[-0.451649,0.818453,-0.355173],[-0.66777,-0.574106,-0.473799],[-29.9915,98.1548,75.1073],[-42.1231,-9.25033,-10.5985],[-28.0699,100.225,77.4494],1,0,0.546881,[[0.656526,-0.0287251,-0.753756],[0.0681285,0.997449,0.0213283],[0.75122,-0.0653548,0.656808]],59.342,[188.503,42.7067,254.308],[-0.391161,59.1401,89.1545]]],[[1220,[-0.810421,0.339902,-0.477162],122,48.5357,[-91.1026,82.8512,56.0163],[-91.9781,81.9838,55.4641],[-36.4911,-47.0834,-7.54483],false,[-21.3772,51.373,106.915],[-21.3772,51.373,106.915],[-59.6341,67.3518,85.8863],[-85.3674,78.1447,70.735],[-93.9072,82.3758,51.1335],[[[0.747234,0.663874,0.030208],[-0.00128918,-0.0440075,0.99903],[0.664559,-0.746549,-0.032028]],[[0.365598,0.92985,0.0414319],[-0.434861,0.131283,0.890876],[0.822942,-0.343719,0.452353]],[[0.365598,0.92985,0.0414319],[-0.457772,0.140872,0.877838],[0.810421,-0.339902,0.477162]],[[0.365598,0.92985,0.0414319],[-0.844287,0.31256,0.435299],[0.391813,-0.194125,0.899332]]],0],[1221,[-0.0248175,-0.991678,-0.126329],122,54.7671,[-78.9255,72.5042,65.6207],[-80.4339,72.5036,64.3278],[-17.8685,-31.3924,-28.3171],false,[-9.2737,69.8093,105.951],[-52.9599,118.907,86.5792],[-84.1077,104.97,65.6883],[-84.6663,82.6476,62.8447],[-77.8184,68.5355,65.5164],[[[0.507457,0.114566,-0.854027],[0.579598,0.688018,0.436689],[0.637615,-0.716594,0.282737]],[[0.524975,0.094613,-0.845842],[-0.344028,0.932587,-0.109206],[0.778489,0.348324,0.522135]],[[0.524975,0.094613,-0.845842],[-0.850756,0.0873111,-0.518258],[0.0248175,0.991678,0.126329]],[[0.524975,0.094613,-0.845842],[-0.73429,-0.452173,-0.506318],[-0.430371,0.886898,-0.167906]]],1],[1222,[-0.0886531,-0.994244,0.0601598],122,62.4027,[-73.6064,66.9367,58.6597],[-75.0832,67.0372,57.2915],[-18.8532,-26.547,-31.4174],false,[-2.94809,72.5928,96.8001],[-39.5273,119.671,70.9674],[-77.227,104.318,52.0461],[-79.5747,77.9874,53.6393],[-72.4694,62.9773,59.161],[[[0.482643,-0.102282,-0.869824],[0.670904,0.681582,0.29212],[0.562978,-0.724558,0.397582]],[[0.477289,-0.095415,-0.873551],[-0.258556,0.934835,-0.243378],[0.839847,0.342024,0.421516]],[[0.477289,-0.095415,-0.873551],[-0.874263,0.0487294,-0.483001],[0.0886531,0.994244,-0.0601598]],[[0.477289,-0.095415,-0.873551],[-0.779332,-0.505252,-0.370623],[-0.406,0.857681,-0.315511]]],2],[1223,[-0.111032,-0.957172,0.267383],122,60.0019,[-56.883,64.7323,53.7058],[-58.0924,65.038,52.3852],[-9.95272,-23.994,-19.8494],false,[2.67916,72.5535,86.8384],[-24.7712,114.282,56.6998],[-59.4598,99.242,39.3251],[-62.3242,74.5482,46.2232],[-55.6333,61.304,55.3113],[[[0.508271,-0.258879,-0.821366],[0.721277,0.649088,0.241754],[0.470553,-0.715309,0.516636]],[[0.525176,-0.284923,-0.801878],[-0.170866,0.88779,-0.427355],[0.833663,0.361451,0.417563]],[[0.525176,-0.284923,-0.801878],[-0.843719,-0.0513892,-0.53432],[0.111032,0.957172,-0.267383]],[[0.525176,-0.284923,-0.801878],[-0.759161,-0.582643,-0.290175],[-0.384531,0.761148,-0.522293]]],3],[1224,[-0.443366,0.651048,-0.616086],122,47.0403,[-38.2043,148.95,5.51299],[-39.8786,147.72,4.20158],[-25.6406,13.4182,-0.757679],false,[5.56334,66.5175,75.396],[-13.381,105.339,42.9907],[-25.1625,128.802,23.1141],[-33.2384,140.661,11.8921],[-41.3964,150.238,1.92225],[[[0.433107,-0.443594,-0.784629],[0.830271,0.535158,0.155746],[0.350812,-0.718909,0.600084]],[[0.434014,-0.445455,-0.783072],[0.826818,0.542138,0.149862],[0.357776,-0.7125,0.603606]],[[0.434014,-0.445455,-0.783072],[0.784256,0.614578,0.0850645],[0.443366,-0.651048,0.616086]],[[0.434014,-0.445455,-0.783072],[0.743878,0.667522,0.0325673],[0.50821,-0.596644,0.621078]]],4]],[[0,200,0],[235.247,235.247,147.751]]],[212420,3979665438,[[122,"right",[-0.452582,0.818918,-0.352907],[-0.662565,-0.573691,-0.481546],[-30.5307,98.2347,74.9873],[-46.9713,-4.26914,-11.3407],[-28.3151,100.027,77.2041],1,0,0.553994,[[0.656161,-0.0210007,-0.754328],[0.0636842,0.997588,0.0276233],[0.751929,-0.0661641,0.655916]],59.342,[188.204,42.6098,253.907],[-0.868068,59.2467,88.9773]]],[[1220,[-0.812352,0.338966,-0.474538],122,48.5357,[-91.4838,82.3919,55.8546],[-92.4126,81.8071,55.1484],[-41.6819,-39.1885,-11.3815],false,[-21.9347,51.2885,106.557],[-21.9347,51.2885,106.557],[-60.3123,67.2185,85.712],[-86.1069,77.9817,70.644],[-94.3352,82.2087,50.9088],[[[0.744456,0.66653,0.0390293],[-0.00737094,-0.0502476,0.99871],[0.667631,-0.743783,-0.0324942]],[[0.359832,0.931701,0.049532],[-0.434749,0.120459,0.892459],[0.825539,-0.34267,0.448401]],[[0.359832,0.931701,0.049532],[-0.458918,0.130517,0.87884],[0.812352,-0.338966,0.474538]],[[0.359832,0.931701,0.049532],[-0.853228,0.307116,0.421523],[0.377521,-0.19394,0.905464]]],0],[1221,[-0.0254509,-0.990427,-0.135671],122,54.7671,[-79.1315,72.4155,65.3507],[-80.8677,72.5858,63.7104],[-31.9976,-15.0525,-42.2795],false,[-9.89677,69.7768,105.784],[-53.6505,118.826,86.4435],[-84.7211,105.202,65.2339],[-85.2939,82.9077,62.18],[-78.4421,68.7857,64.7884],[[[0.512344,0.121838,-0.850093],[0.574187,0.687494,0.444592],[0.638602,-0.715897,0.282275]],[[0.530068,0.101695,-0.841835],[-0.34057,0.934722,-0.101526],[0.776557,0.340519,0.5301]],[[0.530068,0.101695,-0.841835],[-0.847573,0.0933401,-0.522405],[0.0254509,0.990427,0.135671]],[[0.530068,0.101695,-0.841835],[-0.730477,-0.449401,-0.514239],[-0.430617,0.887523,-0.163927]]],1],[1222,[-0.0847106,-0.994959,0.0536774],122,62.4027,[-73.7445,66.8491,58.4217],[-75.3526,67.0364,56.7177],[-22.3749,-18.9365,-40.4802],false,[-3.52483,72.6416,96.6902],[-40.1236,119.739,70.9214],[-77.641,104.348,51.6718],[-79.8843,77.9988,53.0933],[-72.7479,62.9868,58.5698],[[[0.488469,-0.0950003,-0.867394],[0.66642,0.68231,0.300562],[0.563278,-0.724864,0.396598]],[[0.48311,-0.0881279,-0.871113],[-0.260893,0.935237,-0.239304],[0.835787,0.342877,0.428831]],[[0.48311,-0.0881279,-0.871113],[-0.871452,0.0478604,-0.48814],[0.0847106,0.994959,-0.0536774]],[[0.48311,-0.0881279,-0.871113],[-0.774805,-0.506399,-0.378468],[-0.407777,0.857784,-0.312928]]],2],[1223,[-0.107947,-0.959231,0.261195],122,60.0019,[-56.9848,64.6749,53.5179],[-58.3006,65.1144,51.9329],[-14.1482,-14.6229,-28.6882],false,[2.16476,72.6859,86.764],[-25.2577,114.496,56.7136],[-59.7742,99.4024,39.0455],[-62.5591,74.6554,45.784],[-55.8585,61.3897,54.8334],[[[0.514399,-0.251798,-0.819751],[0.717232,0.650324,0.250312],[0.470076,-0.716712,0.515124]],[[0.531179,-0.277734,-0.800445],[-0.172429,0.889538,-0.423072],[0.829528,0.362747,0.424614]],[[0.531179,-0.277734,-0.800445],[-0.840355,-0.0523355,-0.539504],[0.107947,0.959231,-0.261195]],[[0.531179,-0.277734,-0.800445],[-0.754689,-0.584496,-0.298009],[-0.38509,0.762383,-0.520075]]],3],[1224,[-0.441941,0.653234,-0.614796],122,47.0403,[-38.4191,148.893,5.35642],[-40.1553,148.211,4.33146],[-27.1202,24.662,3.54623],false,[5.14383,66.7326,75.3026],[-13.7474,105.683,43.021],[-25.4876,129.229,23.218