{"metadata":{"formatVersion":2,"generatedBy":"LeapJS Playback 0.2.1","frames":159,"protocolVersion":6,"serviceVersion":"2.2.6+29154","frameRate":"1.1e+2","modified":"Thu Jun 04 2015 14:55:26 GMT-0300 (E. South America Standard Time)"},"frames":[["id","timestamp",{"hands":[["id","type","direction","palmNormal","palmPosition","palmVelocity","stabilizedPalmPosition","pinchStrength","grabStrength","confidence","armBasis","armWidth","elbow","wrist"]]},{"pointables":[["id","direction","handId","length","stabilizedTipPosition","tipPosition","tipVelocity","tool","carpPosition","mcpPosition","pipPosition","dipPosition","btipPosition","bases","type"]]},{"interactionBox":["center","size"]}],[261988,4717091423,[[177,"right",[-0.463912,0.653756,-0.59782],[-0.730115,-0.664345,-0.159932],[10.2636,175.019,34.3341],[27.106,-12.8747,30.0579],[8.61338,176.112,32.074],0.869397,1,0.485256,[[0.573767,-0.402721,-0.713167],[0.528697,0.847153,-0.0530272],[0.625516,-0.346624,0.698986]],63.72,[211.183,46.2362,250.046],[42.2934,139.825,61.3194]]],[[1770,[-0.47603,-0.127895,-0.87008],177,52.1164,[-36.3125,137.282,8.97975],[-36.6881,137.983,9.39054],[110.153,-51.2436,-106.337],false,[21.6927,140.741,84.0314],[21.6927,140.741,84.0314],[-18.0823,147.794,54.7063],[-34.3128,143.434,25.0404],[-35.9766,135.283,3.16497],[[[0.764399,0.575995,-0.289695],[0.103789,0.333529,0.937009],[0.636335,-0.746316,0.195167]],[[0.405222,0.846181,-0.346083],[-0.448201,0.513819,0.731509],[0.796813,-0.141308,0.58747]],[[0.405222,0.846181,-0.346083],[-0.780507,0.517321,0.350981],[0.47603,0.127895,0.87008]],[[0.405222,0.846181,-0.346083],[-0.91145,0.403366,-0.0809602],[0.0710914,0.348244,0.934704]]],0],[1771,[0.199826,-0.918959,0.339977],177,58.8075,[-32.6679,146.493,45.4264],[-33.0434,146.134,44.8844],[55.1691,-102.857,-63.76],false,[35.0513,157.804,74.4262],[-12.3186,201.869,39.3992],[-45.8049,176.347,30.8504],[-40.975,154.136,39.0678],[-29.9356,143.752,46.9564],[[[0.416701,-0.247373,-0.874738],[0.641701,0.76162,0.0903054],[0.643879,-0.598951,0.476107]],[[0.406542,-0.23794,-0.882104],[-0.476664,0.768436,-0.426963],[0.779433,0.594046,0.198984]],[[0.406542,-0.23794,-0.882104],[-0.891512,-0.314482,-0.326049],[-0.199826,0.918959,-0.339977]],[[0.406542,-0.23794,-0.882104],[-0.645948,-0.757655,-0.0933319],[-0.646123,0.607736,-0.461716]]],1],[1772,[0.044718,-0.866401,0.497343],177,67.0064,[-32.3429,137.449,40.7153],[-31.0426,136.398,40.2483],[58.0475,-89.7567,-90.538],false,[40.8402,156.44,63.6444],[0.256725,195.397,22.3782],[-40.5453,170.268,17.1859],[-39.2737,145.63,31.3286],[-29.4076,134.009,42.3174],[[[0.384319,-0.452207,-0.804865],[0.716892,0.695499,-0.0484487],[0.581691,-0.558381,0.591477]],[[0.378013,-0.446149,-0.811207],[-0.374872,0.727415,-0.574751],[0.846509,0.521363,0.107723]],[[0.378013,-0.446149,-0.811207],[-0.92472,-0.224278,-0.30756],[-0.044718,0.866401,-0.497343]],[[0.378013,-0.446149,-0.811207],[-0.762539,-0.646942,0.000471968],[-0.525014,0.618399,-0.584759]]],2],[1773,[-0.0457876,-0.793109,0.607357],177,64.4285,[-20.7863,131.966,33.168],[-18.9669,130.922,32.2893],[81.6443,-58.8142,-89.7924],false,[45.7066,151.996,53.2763],[14.2142,183.263,9.06736],[-24.497,161.355,4.84978],[-25.7654,139.385,21.6748],[-17.6074,128.778,34.7144],[[[0.410588,-0.580583,-0.703094],[0.760695,0.643259,-0.0869491],[0.502753,-0.49914,0.705761]],[[0.40134,-0.571373,-0.715863],[-0.297064,0.658121,-0.691831],[0.866418,0.490316,0.094396]],[[0.40134,-0.571373,-0.715863],[-0.914784,-0.210979,-0.344468],[0.0457876,0.793109,-0.607357]],[[0.40134,-0.571373,-0.715863],[-0.805159,-0.592664,0.0216379],[-0.436629,0.5677,-0.697905]]],3],[1774,[-0.144159,-0.703119,0.696305],177,50.5107,[-8.22289,134.151,21.9697],[-5.9223,133.729,20.9877],[92.1697,-17.9423,-73.3727],false,[47.2971,141.196,44.1447],[24.537,168.062,-1.92597],[-8.24863,154.888,-3.27821],[-11.0682,141.136,10.3407],[-4.91633,131.793,23.4543],[[[0.334646,-0.732702,-0.592588],[0.856705,0.498485,-0.132551],[0.392516,-0.463315,0.794525]],[[0.308052,-0.700578,-0.643657],[-0.213016,0.608589,-0.764358],[0.927215,0.372572,0.0382428]],[[0.308052,-0.700578,-0.643657],[-0.940384,-0.121709,-0.317593],[0.144159,0.703119,-0.696305]],[[0.308052,-0.700578,-0.643657],[-0.881886,-0.464088,0.0830609],[-0.356904,0.542045,-0.760794]]],4]],[[0,200,0],[235.247,235.247,147.751]]],[261989,4717100452,[[177,"right",[-0.465321,0.651238,-0.599471],[-0.719684,-0.672637,-0.172089],[10.3104,175.067,34.1999],[21.0707,-7.87652,17.6907],[8.74919,176.028,32.2441],0.852616,1,0.48769,[[0.580709,-0.38805,-0.715678],[0.519879,0.853264,-0.0408156],[0.626501,-0.348364,0.697237]],63.72,[211.63,46.0691,249.61],[42.4748,140.127,61.3562]]],[[1770,[-0.478551,-0.119724,-0.869859],177,52.1164,[-35.9702,137.271,8.36038],[-36.2326,137.791,8.54007],[81.2907,-34.0794,-95.4783],false,[21.6044,140.651,83.8331],[21.6044,140.651,83.8331],[-17.9655,147.424,54.1664],[-34.282,143.342,24.508],[-35.9233,135.441,2.53957],[[[0.76026,0.587319,-0.2776],[0.0887428,0.329424,0.940002],[0.643529,-0.739281,0.198328]],[[0.398415,0.853202,-0.336618],[-0.461397,0.503622,0.730396],[0.792704,-0.135686,0.594315]],[[0.398415,0.853202,-0.336618],[-0.782467,0.507653,0.360601],[0.478551,0.119724,0.869859]],[[0.398415,0.853202,-0.336618],[-0.91452,0.39759,-0.0746635],[0.070133,0.337591,0.938677]]],0],[1771,[0.208226,-0.918076,0.337309],177,58.8075,[-32.3483,145.935,44.7683],[-32.7127,145.577,44.0993],[49.8615,-91.3192,-70.0138],false,[34.8535,157.938,74.4789],[-12.6695,201.598,39.154],[-45.7215,175.694,30.0804],[-40.6886,153.504,38.2333],[-29.6003,143.226,46.1917],[[[0.429854,-0.237021,-0.871233],[0.630841,0.769179,0.101991],[0.645961,-0.593451,0.480157]],[[0.41964,-0.227657,-0.878678],[-0.48171,0.764614,-0.42816],[0.769323,0.602941,0.211198]],[[0.41964,-0.227657,-0.878678],[-0.883484,-0.324512,-0.337857],[-0.208226,0.918076,-0.337309]],[[0.41964,-0.227657,-0.878678],[-0.634601,-0.765718,-0.104683],[-0.648987,0.601539,-0.465797]]],1],[1772,[0.058222,-0.8666,0.495595],177,67.0064,[-31.7522,136.941,40.1471],[-30.3491,135.876,39.5259],[69.8635,-82.9853,-83.6614],false,[40.7828,156.71,63.7574],[0.182191,195.385,22.2436],[-40.124,169.56,16.6084],[-38.4684,144.917,30.7013],[-28.4643,133.458,41.7359],[[[0.39929,-0.442649,-0.802888],[0.70846,0.704819,-0.0362526],[0.581938,-0.554339,0.595027]],[[0.392836,-0.436498,-0.809413],[-0.38264,0.722775,-0.575484],[0.836222,0.535785,0.116911]],[[0.392836,-0.436498,-0.809413],[-0.917764,-0.241813,-0.315018],[-0.058222,0.8666,-0.495595]],[[0.392836,-0.436498,-0.809413],[-0.749849,-0.661571,-0.00715761],[-0.53236,0.609749,-0.587196]]],2],[1773,[-0.0361491,-0.795751,0.604544],177,64.4285,[-20.1799,131.667,32.6428],[-18.1683,130.607,31.655],[88.453,-53.8727,-80.5379],false,[45.8245,152.388,53.4214],[14.4456,183.505,9.0272],[-23.8657,160.986,4.39996],[-24.8671,138.942,21.147],[-16.6284,128.431,34.2133],[[[0.426024,-0.571265,-0.701541],[0.753367,0.653362,-0.074536],[0.50094,-0.496764,0.70872]],[[0.41658,-0.561873,-0.714674],[-0.302012,0.655953,-0.691748],[0.857467,0.504008,0.103565]],[[0.41658,-0.561873,-0.714674],[-0.90838,-0.226006,-0.351805],[0.0361491,0.795751,-0.604544]],[[0.41658,-0.561873,-0.714674],[-0.795,-0.606461,0.0133945],[-0.440948,0.562586,-0.699329]]],3],[1774,[-0.143225,-0.708903,0.690611],177,50.5107,[-7.65337,134.088,21.5164],[-5.19639,133.653,20.4318],[89.0914,-15.4385,-70.1281],false,[47.6576,141.661,44.2485],[25.0873,168.5,-1.93104],[-7.50972,154.919,-3.73654],[-10.311,141.054,9.77097],[-4.19282,131.713,22.9023],[[[0.350766,-0.724969,-0.592776],[0.851736,0.510084,-0.119835],[0.389243,-0.462854,0.796402]],[[0.32435,-0.692888,-0.643975],[-0.211963,0.610231,-0.763341],[0.921883,0.384088,0.0510617]],[[0.32435,-0.692888,-0.643975],[-0.935031,-0.131766,-0.329172],[0.143225,0.708903,-0.690611]],[[0.32435,-0.692888,-0.643975],[-0.876817,-0.475675,0.0701804],[-0.35495,0.541885,-0.761821]]],4]],[[0,200,0],[235.247,235.247,147.751]]],[261990,4717109667,[[177,"right",[-0.467629,0.645923,-0.603412],[-0.702684,-0.685791,-0.189543],[10.3741,175.138,33.8984],[17.1049,-3.5042,3.5702],[8.91781,175.936,32.4158],0.825601,1,0.490268,[[0.590476,-0.365793,-0.719398],[0.506472,0.861961,-0.0225731],[0.62835,-0.351026,0.694231]],63.72,[212.404,45.8872,248.84],[42.7494,140.664,61.3971]]],[[1770,[-0.476536,-0.113505,-0.871797],177,52.1164,[-35.6403,137.212,7.68852],[-35.4085,137.377,7.29004],[71.6474,-28.8426,-98.3809],false,[21.4733,140.608,83.4965],[21.4733,140.608,83.4965],[-17.8056,146.882,53.3374],[-34.0534,143.012,23.613],[-35.4307,135.355,1.54026],[[[0.753033,0.604478,-0.2599],[0.0651825,0.32452,0.94363],[0.654746,-0.727526,0.204973]],[[0.386491,0.863622,-0.323702],[-0.481097,0.488222,0.728138],[0.786874,-0.125687,0.604179]],[[0.386491,0.863622,-0.323702],[-0.789645,0.491197,0.367678],[0.476536,0.113505,0.871797]],[[0.386491,0.863622,-0.323702],[-0.920414,0.383563,-0.075619],[0.0588538,0.327166,0.943132]]],0],[1771,[0.221294,-0.915835,0.335075],177,58.8075,[-31.9628,145.295,43.8746],[-32.1841,144.721,42.835],[51.6954,-91.4454,-88.598],false,[34.5343,158.225,74.4987],[-13.2247,201.164,38.6138],[-45.5713,174.656,28.7769],[-40.2225,152.52,36.8758],[-29.0644,142.422,44.9654],[[[0.450116,-0.22216,-0.864893],[0.61317,0.781013,0.118498],[0.649167,-0.583664,0.487768]],[[0.43983,-0.212933,-0.872473],[-0.489576,0.757595,-0.431701],[0.752905,0.617016,0.228966]],[[0.43983,-0.212933,-0.872473],[-0.87039,-0.340449,-0.355691],[-0.221294,0.915835,-0.335075]],[[0.43983,-0.212933,-0.872473],[-0.616479,-0.778035,-0.120893],[-0.653072,0.591034,-0.473472]]],1],[1772,[0.0798604,-0.865155,0.495105],177,67.0064,[-30.8745,136.305,39.5004],[-29.1602,135.033,38.4614],[95.4094,-88.4199,-86.7285],false,[40.6784,157.192,63.878],[0.0513983,195.331,21.8971],[-39.4099,168.362,15.6737],[-37.139,143.76,29.7527],[-26.9339,132.579,40.887],[[[0.422513,-0.428839,-0.798486],[0.694543,0.719207,-0.0187482],[0.582316,-0.546662,0.601721]],[[0.415774,-0.422511,-0.805367],[-0.396072,0.713031,-0.578544],[0.818693,0.559527,0.129115]],[[0.415774,-0.422511,-0.805367],[-0.905955,-0.270169,-0.325967],[-0.0798604,0.865155,-0.495105]],[[0.415774,-0.422511,-0.805367],[-0.729537,-0.683706,-0.0179414],[-0.543054,0.595004,-0.592505]]],2],[1773,[-0.0182109,-0.79733,0.603269],177,64.4285,[-19.3005,131.28,32.1004],[-16.7684,130.067,30.8076],[114.238,-58.2726,-76.6185],false,[45.9912,153.045,53.6061],[14.7875,183.835,8.86138],[-22.8069,160.235,3.76791],[-23.3114,138.147,20.4797],[-14.9329,127.836,33.6163],[[[0.450033,-0.557599,-0.697534],[0.741164,0.668937,-0.0565574],[0.498143,-0.491535,0.714316]],[[0.440406,-0.548079,-0.711092],[-0.313128,0.648536,-0.693795],[0.841423,0.528215,0.114]],[[0.440406,-0.548079,-0.711092],[-0.897614,-0.252733,-0.36113],[0.0182109,0.79733,-0.603269]],[[0.440406,-0.548079,-0.711092],[-0.777786,-0.628523,0.00272689],[-0.448433,0.551877,-0.703093]]],3],[1774,[-0.139647,-0.716211,0.683769],177,50.5107,[-6.98218,134.009,21.0146],[-4.021,133.515,19.5854],[101.144,-15.8705,-75.1393],false,[48.2057,142.423,44.3964],[25.9262,169.125,-2.00289],[-6.33988,154.871,-4.44865],[-9.0712,140.863,8.92506],[-2.98202,131.567,22.1017],[[[0.375973,-0.713553,-0.591174],[0.843217,0.527995,-0.101029],[0.384227,-0.460503,0.800191]],[[0.34986,-0.681685,-0.642576],[-0.211892,0.610565,-0.763094],[0.912524,0.403132,0.0691689]],[[0.34986,-0.681685,-0.642576],[-0.926335,-0.14949,-0.345769],[0.139647,0.716211,-0.683769]],[[0.34986,-0.681685,-0.642576],[-0.867641,-0.494449,0.052143],[-0.353266,0.539282,-0.764446]]],4]],[[0,200,0],[235.247,235.247,147.751]]],[261991,4717118525,[[177,"right",[-0.469066,0.638265,-0.610405],[-0.683829,-0.699865,-0.206319],[10.4501,175.22,33.4303],[14.7927,-0.0351531,-11.7126],[9.06903,175.865,32.5159],0.801181,1,0.463103,[[0.599257,-0.343283,-0.72322],[0.492864,0.870094,-0.00461228],[0.630853,-0.353686,0.690602]],63.72,[213.324,45.8382,247.916],[42.994,141.333,61.454]]],[[1770,[-0.469676,-0.112389,-0.875656],177,52.1164,[-35.2552,137.073,6.97202],[-34.4273,136.847,5.90015],[73.1913,-31.4789,-107.902],false,[21.281,140.731,83.116],[21.281,140.731,83.116],[-17.6179,146.372,52.3454],[-33.6317,142.54,22.4894],[-34.6669,135.053,0.339812],[[[0.745,0.621501,-0.242305],[0.0390888,0.321942,0.945952],[0.665919,-0.714205,0.215553]],[[0.373913,0.873186,-0.312628],[-0.502932,0.474109,0.722689],[0.779262,-0.112992,0.616428]],[[0.373913,0.873186,-0.312628],[-0.799746,0.474253,0.36809],[0.469676,0.112389,0.875656]],[[0.373913,0.873186,-0.312628],[-0.926409,0.367705,-0.0809952],[0.044231,0.319906,0.946416]]],0],[1771,[0.234548,-0.912076,0.336309],177,58.8075,[-31.5609,144.683,42.9082],[-31.593,143.867,41.3996],[55.4685,-92.4122,-108.222],false,[34.1406,158.66,74.4506],[-13.7923,200.717,37.7611],[-45.3526,173.557,27.1751],[-39.6834,151.512,35.3038],[-28.4705,141.63,43.5823],[[[0.472196,-0.208917,-0.856379],[0.593749,0.793444,0.133821],[0.651531,-0.571664,0.498706]],[[0.461851,-0.199867,-0.864145],[-0.497045,0.748603,-0.438794],[0.734602,0.632176,0.246401]],[[0.461851,-0.199867,-0.864145],[-0.855383,-0.358009,-0.374365],[-0.234548,0.912076,-0.336309]],[[0.461851,-0.199867,-0.864145],[-0.596649,-0.790902,-0.135959],[-0.65628,0.578384,-0.484529]]],1],[1772,[0.101123,-0.861244,0.498029],177,67.0064,[-29.8325,135.618,38.7963],[-27.8451,134.186,37.3198],[117.565,-92.927,-92.6851],false,[40.5192,157.802,63.9533],[-0.0584283,195.238,21.2963],[-38.5756,167.068,14.5001],[-35.7,142.578,28.6623],[-25.3253,131.723,39.9621],[[[0.447694,-0.416412,-0.79131],[0.679192,0.733958,-0.00196974],[0.581608,-0.53657,0.611412]],[[0.440751,-0.410007,-0.798519],[-0.408864,0.700245,-0.585224],[0.799105,0.584424,0.140997]],[[0.440751,-0.410007,-0.798519],[-0.891915,-0.300256,-0.338133],[-0.101123,0.861244,-0.498029]],[[0.440751,-0.410007,-0.798519],[-0.707773,-0.705875,-0.0282253],[-0.552082,0.577611,-0.601308]]],2],[1773,[-0.000937811,-0.796375,0.604802],177,64.4285,[-18.2325,130.871,31.5233],[-15.2551,129.586,29.8731],[136.394,-58.6608,-78.8452],false,[46.1266,153.813,53.7763],[15.1818,184.113,8.52045],[-21.6542,159.465,2.87614],[-21.6801,137.404,19.6304],[-13.1651,127.371,32.894],[[[0.47592,-0.54497,-0.690296],[0.727636,0.684853,-0.0390087],[0.494009,-0.483719,0.722475]],[[0.466175,-0.535413,-0.704283],[-0.320886,0.639535,-0.698589],[0.824447,0.551659,0.126329]],[[0.466175,-0.535413,-0.704283],[-0.884692,-0.281283,-0.371752],[0.000937811,0.796375,-0.604802]],[[0.466175,-0.535413,-0.704283],[-0.758276,-0.651903,-0.0063219],[-0.455739,0.536988,-0.709891]]],3],[1774,[-0.132885,-0.720834,0.68025],177,50.5107,[-6.20672,133.909,20.5023],[-2.66091,133.336,18.7483],[118.397,-18.4077,-77.3685],false,[48.7544,143.278,44.5743],[26.8512,169.69,-2.16938],[-5.00665,154.648,-5.18379],[-7.60572,140.549,8.12109],[-1.52357,131.371,21.3827],[[[0.403085,-0.702908,-0.586039],[0.833568,0.546309,-0.0819167],[0.377739,-0.455484,0.806131]],[[0.377375,-0.671438,-0.637777],[-0.214075,0.606794,-0.765489],[0.900977,0.425408,0.0852512]],[[0.377375,-0.671438,-0.637777],[-0.916477,-0.171959,-0.361249],[0.132885,0.720834,-0.68025]],[[0.377375,-0.671438,-0.637777],[-0.8562,-0.51539,0.0359745],[-0.352858,0.532489,-0.769381]]],4]],[[0,200,0],[235.247,235.247,147.751]]],[261992,4717127820,[[177,"right",[-0.471748,0.635522,-0.6112],[-0.673841,-0.706918,-0.214953],[10.5171,175.223,33.3522],[12.6543,0.0544833,-10.7797],[9.21284,175.802,32.599],0.784804,1,0.465121,[[0.604191,-0.330369,-0.725127],[0.484863,0.874572,0.00554089],[0.632346,-0.354935,0.688592]],63.72,[213.971,45.7596,247.399],[43.2374,141.592,61.4791]]],[[1770,[-0.473467,-0.107047,-0.874283],177,52.1164,[-35.0398,137.002,6.48203],[-34.2005,136.729,5.47235],[51.2807,-21.4089,-84.9837],false,[21.3623,140.633,82.9645],[21.3623,140.633,82.9645],[-17.4941,146.066,52.103],[-33.6372,142.416,22.2938],[-34.7191,135.14,0.0761215],[[[0.739482,0.631374,-0.233523],[0.0277909,0.317969,0.947694],[0.672603,-0.707292,0.217585]],[[0.365697,0.879105,-0.30568],[-0.510237,0.464036,0.724105],[0.778411,-0.108834,0.618249]],[[0.365697,0.879105,-0.30568],[-0.801308,0.464451,0.37708],[0.473467,0.107047,0.874283]],[[0.365697,0.879105,-0.30568],[-0.929585,0.361297,-0.0730455],[0.0462263,0.310868,0.949328]]],0],[1771,[0.243132,-0.910608,0.334185],177,58.8075,[-31.2099,144.181,42.2237],[-31.189,143.343,40.8551],[51.884,-82.0775,-94.1522],false,[34.0768,158.752,74.4838],[-14.0589,200.411,37.6061],[-45.2063,172.924,26.6494],[-39.3297,150.914,34.7268],[-28.0599,141.135,43.0502],[[[0.481395,-0.199335,-0.853536],[0.583236,0.799765,0.142168],[0.654289,-0.566252,0.501262]],[[0.470988,-0.190356,-0.861356],[-0.50255,0.744593,-0.439346],[0.724992,0.639801,0.255031]],[[0.470988,-0.190356,-0.861356],[-0.847972,-0.366821,-0.382604],[-0.243132,0.910608,-0.334185]],[[0.470988,-0.190356,-0.861356],[-0.585735,-0.797606,-0.144012],[-0.659609,0.572355,-0.487161]]],1],[1772,[0.117451,-0.858827,0.498619],177,67.0064,[-28.7327,134.922,38.2578],[-26.9115,133.614,37.0273],[118.188,-86.3795,-71.0931],false,[40.548,158.019,64.0338],[-0.13134,195.171,21.2264],[-38.0383,166.215,14.3065],[-34.6984,141.793,28.4855],[-24.1787,131.116,39.8198],[[[0.458838,-0.407406,-0.789613],[0.670449,0.741925,0.00679169],[0.583066,-0.532511,0.613568]],[[0.451749,-0.400932,-0.79698],[-0.421221,0.691636,-0.586696],[0.786445,0.600744,0.143564]],[[0.451749,-0.400932,-0.79698],[-0.88438,-0.318856,-0.340884],[-0.117451,0.858827,-0.498619]],[[0.451749,-0.400932,-0.79698],[-0.694656,-0.71862,-0.0322371],[-0.5598,0.56819,-0.603145]]],2],[1773,[0.00998965,-0.797207,0.603623],177,64.4285,[-17.1415,130.469,31],[-14.4009,129.302,29.5191],[126.816,-51.3186,-64.7316],false,[46.2825,154.143,53.8837],[15.3401,184.287,8.52166],[-21.0862,159.095,2.62599],[-20.8094,137.011,19.3476],[-12.1885,127.094,32.6305],[[[0.487784,-0.536091,-0.688965],[0.719762,0.693568,-0.0300842],[0.493972,-0.481217,0.72417]],[[0.477895,-0.526445,-0.703187],[-0.327015,0.636353,-0.698653],[0.815278,0.563835,0.131954]],[[0.477895,-0.526445,-0.703187],[-0.87836,-0.295493,-0.375722],[-0.00998965,0.797207,-0.603623]],[[0.477895,-0.526445,-0.703187],[-0.747476,-0.664202,-0.0107351],[-0.461407,0.530745,-0.710924]]],3],[1774,[-0.1226,-0.723502,0.679348],177,50.5107,[-5.36433,133.8,20.0425],[-1.83329,133.248,18.4858],[113.718,-16.8803,-59.7756],false,[49.1077,143.684,44.6549],[27.2636,170.052,-2.14066],[-4.33892,154.513,-5.31546],[-6.73683,140.362,7.97178],[-0.554066,131.27,21.246],[[[0.416002,-0.695362,-0.586015],[0.827663,0.556486,-0.0727795],[0.376717,-0.454747,0.807025]],[[0.390707,-0.664422,-0.637096],[-0.220329,0.60449,-0.765537],[0.893758,0.439472,0.0897871]],[[0.390707,-0.664422,-0.637096],[-0.912314,-0.187318,-0.364135],[0.1226,0.723502,-0.679348]],[[0.390707,-0.664422,-0.637096],[-0.847753,-0.529411,0.032223],[-0.358695,0.527511,-0.770111]]],4]],[[0,200,0],[235.247,235.247,147.751]]],[261993,4717136690,[[177,"right",[-0.475283,0.633416,-0.610648],[-0.668057,-0.711456,-0.218017],[10.5474,175.238,33.2879],[10.1476,0.500677,-9.82004],[9.33039,175.752,32.6596],0.778221,1,0.471858,[[0.607112,-0.323722,-0.725686],[0.48065,0.876844,0.0109624],[0.632764,-0.355456,0.687939]],63.72,[214.309,45.814,247.145],[43.463,141.787,61.4015]]],[[1770,[-0.476705,-0.105261,-0.872739],177,52.1164,[-34.8966,136.94,6.1702],[-34.045,136.591,5.29557],[39.5323,-18.2726,-64.9454],false,[21.5523,140.612,82.8398],[21.5523,140.612,82.8398],[-17.3248,145.858,51.9719],[-33.5783,142.269,22.2154],[-34.6449,135.071,-0.0283052],[[[0.735175,0.637484,-0.230502],[0.0234705,0.315894,0.948504],[0.677471,-0.702727,0.217275]],[[0.359553,0.882613,-0.302846],[-0.513959,0.458203,0.725187],[0.778824,-0.105093,0.618376]],[[0.359553,0.882613,-0.302846],[-0.802168,0.458164,0.382899],[0.476705,0.105261,0.872739]],[[0.359553,0.882613,-0.302846],[-0.932011,0.355536,-0.070355],[0.0455766,0.307552,0.950439]]],0],[1771,[0.249723,-0.909375,0.332678],177,58.8075,[-30.9406,143.823,41.8017],[-30.9104,143.03,40.6403],[46.1894,-69.2489,-75.2191],false,[34.147,158.846,74.4284],[-14.2264,200.23,37.5516],[-45.1395,172.529,26.4693],[-39.1036,150.549,34.5103],[-27.7717,140.843,42.8345],[[[0.484615,-0.193655,-0.853022],[0.576903,0.803791,0.145268],[0.657519,-0.56251,0.50125]],[[0.474141,-0.184723,-0.860853],[-0.507398,0.741724,-0.438625],[0.71954,0.644765,0.257954]],[[0.474141,-0.184723,-0.860853],[-0.844292,-0.372711,-0.385043],[-0.249723,0.909375,-0.332678]],[[0.474141,-0.184723,-0.860853],[-0.579045,-0.801963,-0.146841],[-0.663247,0.568096,-0.487207]]],1],[1772,[0.125945,-0.858063,0.497861],177,67.0064,[-27.8669,134.371,37.882],[-26.433,133.296,36.8852],[102.023,-73.3413,-55.0918],false,[40.6448,158.187,63.9899],[-0.226488,195.135,21.188],[-37.8267,165.792,14.2246],[-34.2453,141.391,28.382],[-23.6391,130.795,39.7113],[[[0.463497,-0.402043,-0.789641],[0.664823,0.746935,0.00993312],[0.585817,-0.529575,0.613489]],[[0.45628,-0.39552,-0.797103],[-0.428113,0.687723,-0.586307],[0.780082,0.608771,0.144467]],[[0.45628,-0.39552,-0.797103],[-0.880878,-0.327555,-0.341703],[-0.125945,0.858063,-0.497861]],[[0.45628,-0.39552,-0.797103],[-0.68794,-0.724967,-0.0340665],[-0.564399,0.563903,-0.602882]]],2],[1773,[0.0171164,-0.797816,0.602658],177,64.4285,[-16.2398,130.138,30.5965],[-13.9264,129.132,29.3562],[107.852,-42.965,-51.1523],false,[46.4289,154.379,53.8423],[15.3523,184.398,8.48904],[-20.8391,158.885,2.52816],[-20.3649,136.783,19.223],[-11.6659,126.926,32.4988],[[[0.493208,-0.530747,-0.689241],[0.714574,0.69904,-0.0269569],[0.496114,-0.479219,0.72403]],[[0.483213,-0.521082,-0.703547],[-0.332222,0.634355,-0.698013],[0.810021,0.571023,0.133414]],[[0.483213,-0.521082,-0.703547],[-0.875335,-0.303255,-0.376596],[-0.0171164,0.797816,-0.602658]],[[0.483213,-0.521082,-0.703547],[-0.74144,-0.670906,-0.0123325],[-0.465587,0.527597,-0.710542]]],3],[1774,[-0.114823,-0.724687,0.679444],177,50.5107,[-4.61384,133.707,19.6738],[-1.37746,133.214,18.3524],[98.6674,-13.6544,-45.6622],false,[49.3515,143.963,44.5944],[27.4044,170.279,-2.18275],[-4.04797,154.443,-5.38479],[-6.29378,140.269,7.90432],[-0.015687,131.24,21.177],[[[0.422419,-0.690801,-0.586818],[0.823592,0.562877,-0.0697579],[0.378495,-0.453831,0.806708]],[[0.397356,-0.660372,-0.637195],[-0.225567,0.602774,-0.765364],[0.88951,0.447852,0.0905573]],[[0.397356,-0.660372,-0.637195],[-0.910453,-0.196816,-0.363785],[0.114823,0.724687,-0.679444]],[[0.397356,-0.660372,-0.637195],[-0.842287,-0.538056,0.0323754],[-0.364226,0.523836,-0.770023]]],4]],[[0,200,0],[235.247,235.247,147.751]]],[261994,4717145826,[[177,"right",[-0.478253,0.632099,-0.609693],[-0.664062,-0.714593,-0.219953],[10.6217,175.231,33.2965],[9.58676,0.160256,-6.8285],[9.44861,175.704,32.718],0.77575,1,0.484578,[[0.609216,-0.319028,-0.726],[0.477525,0.878495,0.0146713],[0.633107,-0.355622,0.687538]],63.72,[214.636,45.883,247.001],[43.697,141.901,61.3653]]],[[1770,[-0.479839,-0.103736,-0.871202],177,52.1164,[-34.7784,136.881,5.95509],[-33.9035,136.482,5.25346],[31.2606,-15.6862,-46.4163],false,[21.7777,140.563,82.7853],[21.7777,140.563,82.7853],[-17.1413,145.682,51.9489],[-33.5017,142.145,22.2448],[-34.5517,135.001,-0.0171099],[[[0.731895,0.641903,-0.228668],[0.0210966,0.314071,0.949165],[0.68109,-0.699514,0.216325]],[[0.354765,0.885244,-0.300806],[-0.51601,0.453682,0.726572],[0.779664,-0.102544,0.617745]],[[0.354765,0.885244,-0.300806],[-0.802431,0.453411,0.387973],[0.479839,0.103736,0.871202]],[[0.354765,0.885244,-0.300806],[-0.933878,0.350955,-0.0685722],[0.0448661,0.305243,0.951217]]],0],[1771,[0.25478,-0.908527,0.33116],177,58.8075,[-30.6969,143.531,41.5173],[-30.6457,142.79,40.5639],[41.2685,-57.2308,-56.6886],false,[34.28,158.883,74.4203],[-14.2893,200.081,37.5934],[-45.0412,172.231,26.4358],[-38.8831,150.272,34.44],[-27.4995,140.617,42.7536],[[[0.486256,-0.189296,-0.853067],[0.572463,0.806585,0.147328],[0.660183,-0.559988,0.500572]],[[0.475724,-0.180391,-0.860898],[-0.511211,0.739768,-0.4375],[0.715786,0.64823,0.259708]],[[0.475724,-0.180391,-0.860898],[-0.841887,-0.37688,-0.386248],[-0.25478,0.908527,-0.33116]],[[0.475724,-0.180391,-0.860898],[-0.574256,-0.80507,-0.148636],[-0.66627,0.565086,-0.486582]]],1],[1772,[0.130681,-0.858206,0.496392],177,67.0064,[-27.1638,133.918,37.5982],[-26.1042,133.072,36.8044],[83.6612,-59.8308,-42.1486],false,[40.7886,158.28,63.9851],[-0.250584,195.095,21.2295],[-37.6726,165.541,14.1988],[-33.9565,141.136,28.3144],[-23.2983,130.577,39.6301],[[[0.466215,-0.397923,-0.790127],[0.660785,0.750481,0.0119398],[0.588224,-0.527671,0.612826]],[[0.458977,-0.391432,-0.797572],[-0.431934,0.686171,-0.585323],[0.776385,0.613148,0.145864]],[[0.458977,-0.391432,-0.797572],[-0.878785,-0.332061,-0.342744],[-0.130681,0.858206,-0.496393]],[[0.458977,-0.391432,-0.797572],[-0.683858,-0.728732,-0.0358915],[-0.567167,0.561899,-0.602155]]],2],[1773,[0.0214402,-0.798817,0.601192],177,64.4285,[-15.4614,129.851,30.267],[-13.5794,129.002,29.2658],[88.4698,-35.066,-39.5349],false,[46.6004,154.524,53.834],[15.3948,184.468,8.51985],[-20.6484,158.761,2.49433],[-20.0545,136.632,19.1486],[-11.3059,126.798,32.4097],[[[0.496547,-0.526671,-0.68997],[0.710819,0.70293,-0.0250123],[0.498173,-0.478024,0.723406]],[[0.486482,-0.517003,-0.704303],[-0.335506,0.633771,-0.696972],[0.806704,0.575362,0.134861]],[[0.486482,-0.517003,-0.704303],[-0.873428,-0.307569,-0.377525],[-0.0214402,0.798817,-0.601192]],[[0.486482,-0.517003,-0.704303],[-0.737624,-0.675068,-0.0139546],[-0.468238,0.526299,-0.709762]]],3],[1774,[-0.106584,-0.725059,0.680389],177,50.5107,[-3.87556,133.615,19.3772],[-0.956862,133.169,18.3563],[86.2078,-11.8168,-30.3829],false,[49.5856,144.143,44.5669],[27.5303,170.436,-2.17211],[-3.79538,154.339,-5.31311],[-5.88004,140.158,7.99448],[0.49982,131.19,21.2602],[[[0.426548,-0.687314,-0.587925],[0.820599,0.567443,-0.0680131],[0.380361,-0.45344,0.806051]],[[0.401715,-0.657354,-0.637582],[-0.231859,0.600536,-0.765244],[0.885927,0.455239,0.0888313]],[[0.401715,-0.657354,-0.637582],[-0.909541,-0.205366,-0.361331],[0.106584,0.725059,-0.680389]],[[0.401715,-0.657354,-0.637582],[-0.837633,-0.545156,0.0343019],[-0.37013,0.52028,-0.769618]]],4]],[[0,200,0],[235.247,235.247,147.751]]],[261995,4717155245,[[177,"right",[-0.481279,0.630214,-0.609262],[-0.659039,-0.718432,-0.222538],[10.7668,175.33,33.2903],[11.2489,3.0862,-5.06673],[9.58652,175.665,32.7778],0.769982,1,0.490068,[[0.611398,-0.31322,-0.726695],[0.47436,0.880109,0.0197538],[0.633384,-0.356792,0.686676]],63.72,[215.022,45.8234,246.753],[44.0086,142.157,61.3502]]],[[1770,[-0.489363,-0.0998527,-0.866345],177,52.1164,[-34.7783,136.878,5.86616],[-34.1139,136.606,5.3836],[8.1799,-4.6391,-24.3851],false,[22.0614,140.635,82.7292],[22.0614,140.635,82.7292],[-17.0415,145.625,52.1051],[-33.7267,142.22,22.5666],[-35.0916,135.261,0.263449],[[[0.728119,0.647084,-0.226108],[0.0174192,0.312294,0.949826],[0.685229,-0.695525,0.216115]],[[0.347316,0.888924,-0.29864],[-0.515496,0.447014,0.731055],[0.783349,-0.0999595,0.613492]],[[0.347316,0.888924,-0.29864],[-0.799935,0.447038,0.400326],[0.489363,0.0998527,0.866345]],[[0.347316,0.888924,-0.29864],[-0.935933,0.348401,-0.0514402],[0.0583199,0.297373,0.952979]]],0],[1771,[0.260456,-0.90736,0.329942],177,58.8075,[-30.4365,143.29,41.2926],[-30.2817,142.61,40.4311],[40.3764,-46.2306,-44.5776],false,[34.4593,159.052,74.4226],[-14.3119,200.009,37.5935],[-44.8599,171.978,26.3299],[-38.5646,150.047,34.3047],[-27.128,140.456,42.6198],[[[0.488947,-0.184431,-0.852594],[0.566973,0.809975,0.149937],[0.662927,-0.556709,0.500603]],[[0.478358,-0.175567,-0.860436],[-0.51536,0.737217,-0.436939],[0.71104,0.652448,0.262173]],[[0.478358,-0.175567,-0.860436],[-0.838652,-0.381936,-0.388315],[-0.260456,0.90736,-0.329942]],[[0.478358,-0.175567,-0.860436],[-0.568436,-0.808752,-0.151],[-0.669368,0.561335,-0.486672]]],1],[1772,[0.136804,-0.857782,0.495475],177,67.0064,[-26.5145,133.549,37.375],[-25.6194,132.904,36.7019],[74.9562,-48.0573,-32.7761],false,[40.9897,158.512,63.9976],[-0.212882,195.146,21.2441],[-37.3936,165.307,14.1385],[-33.5034,140.915,28.2281],[-22.7835,130.416,39.5421],[[[0.470149,-0.39331,-0.790106],[0.65589,0.754715,0.0145917],[0.590566,-0.525083,0.612796]],[[0.462888,-0.386856,-0.797545],[-0.436705,0.683445,-0.584971],[0.771377,0.619068,0.147416]],[[0.462888,-0.386856,-0.797545],[-0.875796,-0.338457,-0.344133],[-0.136804,0.857782,-0.495475]],[[0.462888,-0.386856,-0.797545],[-0.678471,-0.733648,-0.0379159],[-0.570449,0.558661,-0.602067]]],2],[1773,[0.0255608,-0.799886,0.599608],177,64.4285,[-14.7549,129.623,29.9811],[-13.1262,128.953,29.1244],[76.8752,-26.4873,-32.5642],false,[46.8433,154.814,53.8492],[15.523,184.646,8.54056],[-20.3434,158.72,2.3996],[-19.6353,136.562,19.0099],[-10.846,126.758,32.2664],[[[0.50114,-0.52206,-0.690153],[0.706296,0.707563,-0.0223679],[0.500005,-0.476243,0.723317]],[[0.491025,-0.512416,-0.704503],[-0.33837,0.633025,-0.696265],[0.802745,0.580266,0.137444]],[[0.491025,-0.512416,-0.704503],[-0.870771,-0.31243,-0.379666],[-0.0255608,0.799886,-0.599608]],[[0.491025,-0.512416,-0.704503],[-0.733212,-0.679797,-0.0165879],[-0.470419,0.524695,-0.709507]]],3],[1774,[-0.099042,-0.725957,0.680571],177,50.5107,[-3.12129,133.543,19.1307],[-0.418633,133.214,18.3192],[79.5986,-7.58237,-20.9948],false,[49.9116,144.471,44.5666],[27.7675,170.715,-2.15823],[-3.41638,154.343,-5.28874],[-5.35352,140.144,8.02242],[1.11375,131.231,21.2827],[[[0.432007,-0.683357,-0.588552],[0.817024,0.572877,-0.0654478],[0.381892,-0.452587,0.805806]],[[0.407197,-0.653617,-0.637946],[-0.237511,0.598667,-0.764975],[0.881918,0.463015,0.0885346]],[[0.407197,-0.653617,-0.637946],[-0.907954,-0.213943,-0.360343],[0.099042,0.725957,-0.680571]],[[0.407197,-0.653617,-0.637946],[-0.832715,-0.552615,0.0346726],[-0.375201,0.517109,-0.7693]]],4]],[[0,200,0],[235.247,235.247,147.751]]],[261996,4717163765,[[177,"right",[-0.483395,0.629076,-0.608763],[-0.655604,-0.720977,-0.224445],[11.0281,175.457,33.246],[16.3376,6.19288,-5.10107],[9.74017,175.643,32.8277],0.771352,1,0.501059,[[0.613063,-0.309176,-0.727024],[0.472152,0.881207,0.0233981],[0.633424,-0.35761,0.686213]],63.72,[215.41,45.8314,246.566],[44.3856,142.386,61.2884]]],[[1770,[-0.50277,-0.0938511,-0.85931],177,52.1164,[-34.91,136.963,5.87672],[-34.5383,136.963,5.71035],[-15.5365,11.0515,-1.71926],false,[22.4217,140.732,82.6405],[22.4217,140.732,82.6405],[-16.9899,145.745,52.4187],[-34.1321,142.545,23.12],[-35.8813,135.775,0.785353],[[[0.725494,0.650673,-0.22424],[0.0149882,0.310807,0.950355],[0.688066,-0.692837,0.215736]],[[0.34122,0.891815,-0.297044],[-0.510103,0.441112,0.738387],[0.789534,-0.100429,0.605434]],[[0.34122,0.891815,-0.297044],[-0.794224,0.442558,0.416354],[0.50277,0.0938511,0.85931]],[[0.34122,0.891815,-0.297044],[-0.937008,0.347836,-0.0320505],[0.0747393,0.289269,0.954326]]],0],[1771,[0.265311,-0.906203,0.32925],177,58.8075,[-30.1563,143.11,41.1288],[-29.8096,142.517,40.3329],[44.4903,-37.6166,-35.6653],false,[34.7471,159.217,74.3779],[-14.1645,200.018,37.5617],[-44.5285,171.803,26.2587],[-38.1158,149.9,34.2168],[-26.6416,140.352,42.5291],[[[0.490699,-0.180863,-0.852351],[0.563213,0.812231,0.151892],[0.664834,-0.554589,0.500426]],[[0.48004,-0.172,-0.86022],[-0.519669,0.73426,-0.436813],[0.706757,0.656717,0.263091]],[[0.48004,-0.172,-0.86022],[-0.836165,-0.386279,-0.38938],[-0.265311,0.906203,-0.32925]],[[0.48004,-0.172,-0.86022],[-0.564407,-0.81124,-0.152757],[-0.67157,0.558843,-0.486506]]],1],[1772,[0.142174,-0.857102,0.495139],177,67.0064,[-25.9327,133.288,37.2287],[-25.0601,132.814,36.64],[73.3958,-38.9715,-25.1343],false,[41.2914,158.723,63.9593],[-0.026003,195.244,21.2201],[-36.9934,165.14,14.1196],[-32.9505,140.767,28.1996],[-22.1851,130.312,39.5106],[[[0.472757,-0.389925,-0.790227],[0.652523,0.757588,0.0165554],[0.592211,-0.523468,0.612591]],[[0.465537,-0.383545,-0.797602],[-0.441655,0.680302,-0.584919],[0.766953,0.624566,0.147311]],[[0.465537,-0.383545,-0.797602],[-0.873534,-0.343904,-0.344482],[-0.142174,0.857102,-0.495139]],[[0.465537,-0.383545,-0.797602],[-0.674606,-0.737132,-0.0392806],[-0.572872,0.556353,-0.601904]]],2],[1773,[0.027514,-0.801151,0.59783],177,64.4285,[-14.1868,129.485,29.7433],[-12.6766,128.997,28.947],[69.6201,-18.0086,-30.2402],false,[47.1724,155.068,53.8113],[15.7702,184.835,8.51686],[-19.9949,158.799,2.25317],[-19.2327,136.605,18.8142],[-10.422,126.81,32.0626],[[[0.504209,-0.518701,-0.690451],[0.703178,0.71072,-0.0204254],[0.501312,-0.475211,0.723091]],[[0.494008,-0.509023,-0.704877],[-0.339396,0.633495,-0.695338],[0.800479,0.582735,0.140191]],[[0.494008,-0.509023,-0.704877],[-0.869022,-0.314727,-0.38177],[-0.027514,0.801151,-0.59783]],[[0.494008,-0.509023,-0.704877],[-0.730467,-0.682685,-0.0189456],[-0.471565,0.524249,-0.709076]]],3],[1774,[-0.0947587,-0.72701,0.680057],177,50.5107,[-2.45769,133.508,18.9354],[0.0901742,133.314,18.2255],[75.11,-2.75961,-17.5627],false,[50.2968,144.754,44.5152],[28.0882,170.976,-2.19113],[-3.00559,154.437,-5.34025],[-4.85896,140.217,7.96085],[1.65725,131.329,21.2137],[[[0.435679,-0.680469,-0.589191],[0.81455,0.576597,-0.0636029],[0.383005,-0.452215,0.805487]],[[0.41083,-0.650804,-0.638492],[-0.240686,0.598059,-0.764458],[0.879368,0.467739,0.0890608]],[[0.41083,-0.650804,-0.638492],[-0.906774,-0.218885,-0.360347],[0.0947587,0.72701,-0.680057]],[[0.41083,-0.650804,-0.638492],[-0.829641,-0.557251,0.0341736],[-0.378041,0.51568,-0.768869]]],4]],[[0,200,0],[235.247,235.247,147.751]]],[261997,4717172907,[[177,"right",[-0.480934,0.623243,-0.616661],[-0.654909,-0.722993,-0.219946],[11.4549,175.533,33.1422],[24.7819,6.78533,-6.84362],[9.95702,175.629,32.8675],0.767056,1,0.512366,[[0.608994,-0.312809,-0.728887],[0.475868,0.879284,0.0202404],[0.634567,-0.35918,0.684334]],63.72,[216.031,45.7503,246.4],[44.698,142.729,61.6301]]],[[1770,[-0.517825,-0.0931244,-0.850403],177,52.1164,[-35.2625,137.166,6.10165],[-35.2574,137.363,6.48366],[-42.3083,24.6588,28.2693],false,[22.6528,141.286,82.9136],[22.6528,141.286,82.9136],[-17.0387,146.241,53.0506],[-34.6942,143.066,24.0556],[-37.0402,136.331,1.76509],[[[0.726488,0.648334,-0.227768],[0.011444,0.319993,0.947351],[0.687084,-0.690846,0.225052]],[[0.340254,0.88963,-0.304607],[-0.501977,0.445761,0.741159],[0.795139,-0.099277,0.598246]],[[0.340254,0.88963,-0.304607],[-0.78491,0.447086,0.428987],[0.517825,0.0931244,0.850403]],[[0.340254,0.88963,-0.304607],[-0.934975,0.354605,-0.00873835],[0.100241,0.287773,0.952438]]],0],[1771,[0.263391,-0.903282,0.338685],177,58.8075,[-29.836,142.996,41.0153],[-29.4035,142.644,40.4031],[43.875,-23.7738,-23.7864],false,[35.0137,159.687,74.5193],[-13.7484,200.139,37.1239],[-44.0593,171.799,25.9948],[-37.6931,149.966,34.1809],[-26.2659,140.476,42.6232],[[[0.493896,-0.189202,-0.848687],[0.562815,0.813557,0.146162],[0.662801,-0.549843,0.508299]],[[0.483183,-0.180342,-0.856744],[-0.518431,0.72962,-0.445965],[0.705524,0.659645,0.259045]],[[0.483183,-0.180342,-0.856744],[-0.834961,-0.389305,-0.38895],[-0.263391,0.903282,-0.338685]],[[0.483183,-0.180342,-0.856744],[-0.564991,-0.811757,-0.147768],[-0.66882,0.555452,-0.494119]]],1],[1772,[0.146041,-0.849754,0.506548],177,67.0064,[-25.2412,133.117,37.2601],[-24.3972,132.898,36.9878],[75.7178,-25.8744,-5.62164],false,[41.5974,159.092,64.1309],[0.451086,195.205,20.8832],[-36.3756,164.858,14.0912],[-32.2227,140.694,28.4956],[-21.432,130.43,39.9564],[[[0.475671,-0.397649,-0.78461],[0.652627,0.757589,0.0117016],[0.589759,-0.517623,0.61988]],[[0.468667,-0.391503,-0.791882],[-0.443403,0.671064,-0.594194],[0.764032,0.629602,0.140912]],[[0.468667,-0.391503,-0.791882],[-0.871219,-0.35305,-0.341076],[-0.146041,0.849754,-0.506548]],[[0.468667,-0.391503,-0.791882],[-0.671289,-0.74054,-0.0311755],[-0.574215,0.546192,-0.609878]]],2],[1773,[0.0250599,-0.79534,0.605645],177,64.4285,[-13.6058,129.383,29.6169],[-12.2427,129.038,29.203],[63.4119,-11.7383,-14.0434],false,[47.5161,155.337,54.0412],[16.2931,184.67,8.34154],[-19.4539,158.581,2.19426],[-18.7597,136.549,18.9718],[-10.0016,126.881,32.3476],[[[0.506714,-0.525459,-0.683472],[0.703411,0.710356,-0.0246307],[0.498451,-0.468281,0.729561]],[[0.49656,-0.515909,-0.698044],[-0.336613,0.626807,-0.702713],[0.800075,0.58391,0.137586]],[[0.49656,-0.515909,-0.698044],[-0.86764,-0.318232,-0.382006],[-0.0250599,0.79534,-0.605645]],[[0.49656,-0.515909,-0.698044],[-0.730549,-0.682693,-0.0151196],[-0.468749,0.517463,-0.715895]]],3],[1774,[-0.0972107,-0.720277,0.686841],177,50.5107,[-1.76439,133.464,18.8238],[0.572711,133.25,18.4923],[69.0003,-3.96762,-4.44097],false,[50.6735,144.933,44.8574],[28.6486,170.705,-2.18479],[-2.43513,154.139,-5.28729],[-4.33645,140.051,8.14649],[2.13224,131.294,21.5096],[[[0.437763,-0.686225,-0.580912],[0.814916,0.5758,-0.0660833],[0.379837,-0.444466,0.811279]],[[0.413122,-0.657051,-0.630567],[-0.237782,0.59057,-0.771159],[0.879085,0.468521,0.0877422]],[[0.413122,-0.657051,-0.630567],[-0.905472,-0.222451,-0.361435],[0.0972107,0.720277,-0.686841]],[[0.413122,-0.657051,-0.630567],[-0.829754,-0.556921,0.0366904],[-0.375284,0.508058,-0.775267]]],4]],[[0,200,0],[235.247,235.247,147.751]]],[261998,4717181801,[[177,"right",[-0.475296,0.620945,-0.623314],[-0.660033,-0.720093,-0.214061],[11.9906,175.706,33.1547],[34.4186,10.2303,-4.59908],[10.2363,175.64,32.907],0.765292,1,0.519398,[[0.601664,-0.320912,-0.731448],[0.482226,0.87596,0.0123485],[0.636756,-0.360153,0.681785]],63.72,[216.867,45.6839,246.087],[44.9426,142.925,62.0054]]],[[1770,[-0.533556,-0.0891283,-0.841056],177,52.1164,[-35.746,137.528,6.53887],[-36.0398,138.173,7.48805],[-59.5231,45.9297,56.6114],false,[22.8557,141.851,83.2674],[22.8557,141.851,83.2674],[-17.1443,147.064,53.8634],[-35.3362,144.025,25.1871],[-38.0686,137.233,2.95792],[[[0.731706,0.640629,-0.232811],[0.0124668,0.32892,0.944275],[0.681506,-0.693834,0.232686]],[[0.345234,0.884862,-0.312783],[-0.488568,0.453999,0.745108],[0.801321,-0.104421,0.589051]],[[0.345234,0.884862,-0.312783],[-0.772096,0.457247,0.441353],[0.533556,0.0891283,0.841056]],[[0.345234,0.884862,-0.312783],[-0.931226,0.364428,0.00312698],[0.116754,0.290192,0.94982]]],0],[1771,[0.255265,-0.902348,0.347287],177,58.8075,[-29.5259,143.035,40.9986],[-29.1159,143.159,40.679],[40.0144,-2.37038,-9.10586],false,[35.3678,160.078,74.7173],[-13.0317,200.539,36.8629],[-43.5179,172.292,25.9771],[-37.3481,150.482,34.3711],[-26.0262,140.957,42.9154],[[[0.493702,-0.201012,-0.846081],[0.568736,0.810643,0.139275],[0.657873,-0.549957,0.514539]],[[0.483044,-0.19213,-0.854257],[-0.512963,0.728577,-0.453921],[0.709604,0.657466,0.25338]],[[0.483044,-0.19213,-0.854257],[-0.837561,-0.385816,-0.38683],[-0.255265,0.902348,-0.347287]],[[0.483044,-0.19213,-0.854257],[-0.572323,-0.807644,-0.141978],[-0.662657,0.557492,-0.500088]]],1],[1772,[0.144064,-0.843695,0.517131],177,67.0064,[-24.6258,133.17,37.4657],[-23.9631,133.375,37.4957],[70.2762,-4.11979,12.6733],false,[41.9621,159.334,64.3453],[1.15398,195.343,20.6919],[-35.8052,165.082,14.2453],[-31.7085,141.09,28.9506],[-20.9422,130.937,40.5329],[[[0.473807,-0.408695,-0.780049],[0.65832,0.752718,0.00549235],[0.584912,-0.516124,0.625695]],[[0.467059,-0.402741,-0.787182],[-0.440344,0.666064,-0.602043],[0.766781,0.627821,0.133746]],[[0.467059,-0.402741,-0.787182],[-0.872412,-0.354935,-0.336035],[-0.144064,0.843695,-0.517131]],[[0.467059,-0.402741,-0.787182],[-0.673514,-0.738859,-0.021598],[-0.572918,0.540266,-0.616342]]],2],[1773,[0.0179992,-0.789785,0.61312],177,64.4285,[-13.1298,129.394,29.6333],[-12.0537,129.36,29.616],[51.7353,1.25939,2.20656],false,[47.8672,155.439,54.301],[16.9344,184.57,8.27569],[-19.0042,158.702,2.31372],[-18.5056,136.823,19.2984],[-9.84118,127.215,32.7784],[[[0.503733,-0.535765,-0.67765],[0.708799,0.704759,-0.0303097],[0.493819,-0.46505,0.73476]],[[0.493641,-0.526248,-0.692373],[-0.330635,0.62279,-0.709093],[0.804362,0.578961,0.133438]],[[0.493641,-0.526248,-0.692373],[-0.869479,-0.315124,-0.380398],[-0.0179992,0.789785,-0.61312]],[[0.493641,-0.526248,-0.692373],[-0.73571,-0.677226,-0.00980369],[-0.463734,0.514225,-0.721473]]],3],[1774,[-0.102799,-0.712635,0.693962],177,50.5107,[-1.17147,133.454,18.8332],[0.832856,133.368,18.909],[58.5285,0.571338,9.91311],false,[50.9594,144.924,45.2216],[29.1994,170.412,-2.09799],[-1.9