{"metadata":{"formatVersion":2,"generatedBy":"LeapJS Playback 0.2.1","frames":135,"protocolVersion":6,"serviceVersion":"2.2.6+29154","frameRate":"1.1e+2","modified":"Thu Jun 04 2015 14:56:15 GMT-0300 (E. South America Standard Time)"},"frames":[["id","timestamp",{"hands":[["id","type","direction","palmNormal","palmPosition","palmVelocity","stabilizedPalmPosition","pinchStrength","grabStrength","confidence","armBasis","armWidth","elbow","wrist"]]},{"pointables":[["id","direction","handId","length","stabilizedTipPosition","tipPosition","tipVelocity","tool","carpPosition","mcpPosition","pipPosition","dipPosition","btipPosition","bases","type"]]},{"interactionBox":["center","size"]}],[262633,4723066225,[[177,"right",[-0.105849,0.519517,-0.847878],[-0.991578,-0.119136,0.0507906],[18.552,186.222,30.2662],[49.3629,288.622,-82.8896],[15.7864,176.622,32.1382],0.907207,1,0.245951,[[0.00124006,-0.805221,-0.592973],[0.722806,0.410497,-0.555918],[0.69105,-0.427915,0.582528]],63.72,[215.704,36.6957,229.092],[29.1203,152.233,71.8093]]],[[1770,[-0.608018,0.0214388,-0.793634],177,52.1164,[-35.6555,183.476,25.8696],[-34.8053,184.606,25.8344],[71.4476,326.968,-2.92701],false,[16.646,173.289,90.3044],[16.646,173.289,90.3044],[-12.8498,200.047,60.2077],[-33.5806,200.778,33.1483],[-35.6846,179.582,23.4515],[[[0.896269,-0.132541,-0.423243],[0.424698,0.531477,0.732914],[0.127803,-0.836639,0.532636]],[[0.781275,0.193878,-0.593313],[0.201139,0.821635,0.533347],[0.590891,-0.536029,0.602927]],[[0.781275,0.193878,-0.593313],[-0.141148,0.980791,0.134631],[0.608018,-0.0214388,0.793634]],[[0.781275,0.193878,-0.593313],[-0.617679,0.377044,-0.690153],[0.0898998,0.905676,0.414329]]],0],[1771,[-0.158939,-0.642061,0.749997],177,58.8075,[-25.1545,190.21,51.1942],[-24.4769,193.263,50.9382],[43.5029,537.52,-52.5392],false,[35.5039,174.354,75.9821],[16.1791,220.651,22.1711],[-26.5526,216.309,23.1272],[-30.3943,200.79,41.2549],[-23.3885,191.122,53.4766],[[[0.0557942,-0.746874,-0.662621],[0.96327,0.214863,-0.161073],[0.262674,-0.629296,0.73143]],[[0.06335,-0.76472,-0.641241],[-0.0818198,0.636389,-0.767017],[0.994632,0.101057,-0.0222541]],[[0.06335,-0.76472,-0.641241],[-0.985254,0.0544057,-0.162218],[0.158939,0.642061,-0.749997]],[[0.06335,-0.76472,-0.641241],[-0.909867,-0.308247,0.277716],[-0.410036,0.56585,-0.715321]]],1],[1772,[-0.150883,-0.480097,0.864142],177,67.0064,[-26.0598,176.826,52.003],[-26.0878,182.313,51.7158],[2.03763,529.197,-31.8195],false,[37.6686,165.993,67.2057],[19.9527,202.331,10.3441],[-27.9308,202.843,15.8376],[-32.2214,189.19,40.4107],[-24.5048,180.279,55.0459],[[[-0.0742676,-0.85064,-0.520477],[0.964368,0.0716333,-0.254681],[0.253925,-0.520846,0.81501]],[[-0.0658686,-0.867324,-0.493366],[-0.0936148,0.497631,-0.862322],[0.993427,-0.0106136,-0.113973]],[[-0.0658686,-0.867324,-0.493366],[-0.986355,0.13136,-0.0992413],[0.150883,0.480097,-0.864142]],[[-0.0658686,-0.867324,-0.493366],[-0.909419,-0.151294,0.387385],[-0.410632,0.474193,-0.778796]]],2],[1773,[-0.207765,-0.368777,0.906001],177,64.4285,[-20.5507,159.909,44.9777],[-22.7302,168.199,45.3799],[-69.4683,491.064,-22.9297],false,[37.4206,156.086,59.9451],[22.2665,180.488,4.27968],[-22.0593,184.266,8.42894],[-27.8148,174.051,33.527],[-21.1565,166.376,49.2068],[[[-0.108576,-0.920979,-0.374179],[0.964201,-0.00596403,-0.265105],[0.241925,-0.389568,0.888656]],[[-0.114781,-0.910622,-0.39698],[-0.0509964,0.404495,-0.913117],[0.992081,-0.0845643,-0.0928669]],[[-0.114781,-0.910622,-0.39698],[-0.971421,0.186471,-0.146867],[0.207765,0.368777,-0.906001]],[[-0.114781,-0.910622,-0.39698],[-0.927271,-0.0451425,0.371659],[-0.356362,0.410767,-0.839212]]],3],[1774,[-0.232402,-0.131531,0.963685],177,50.5107,[-11.9517,154.624,34.4768],[-14.0598,161.108,34.8369],[-105.178,433.433,-30.3597],false,[31.1438,143.925,56.0367],[20.2879,159.389,1.21613],[-14.1033,167.212,3.72936],[-18.6489,164.639,22.5779],[-13.2472,160.262,38.3502],[[[-0.237658,-0.946147,-0.21983],[0.953136,-0.183531,-0.240517],[0.187219,-0.266689,0.945424]],[[-0.23084,-0.955044,-0.186021],[-0.0267255,0.197336,-0.979972],[0.972625,-0.221245,-0.0710771]],[[-0.23084,-0.955044,-0.186021],[-0.944829,0.265688,-0.191592],[0.232402,0.131531,-0.963685]],[[-0.23084,-0.955044,-0.186021],[-0.921144,0.152931,0.357918],[-0.313379,0.253974,-0.915036]]],4]],[[0,200,0],[235.247,235.247,147.751]]],[262634,4723074857,[[177,"right",[-0.103534,0.529487,-0.841977],[-0.992436,-0.111134,0.0521471],[18.3154,187.082,29.7138],[29.0191,238.554,-77.882],[16.2508,178.542,31.693],0.939656,1,0.247748,[[0.00478547,-0.8063,-0.591487],[0.725287,0.410005,-0.553041],[0.68843,-0.426351,0.586762]],63.72,[214.572,37.4445,229.288],[28.6964,152.559,70.8619]]],[[1770,[-0.604999,-0.0172863,-0.796038],177,52.1164,[-35.029,183.112,25.8975],[-34.5438,183.784,25.9386],[66.7659,193.812,4.86849],false,[16.4519,173.523,89.6148],[16.4519,173.523,89.6148],[-13.2863,200.249,59.7297],[-33.9142,199.659,32.5883],[-34.982,177.948,23.9158],[[[0.894002,-0.135698,-0.427021],[0.431152,0.519898,0.737437],[0.121939,-0.843381,0.523296]],[[0.778032,0.199664,-0.595651],[0.199376,0.820657,0.53551],[0.595747,-0.535403,0.598689]],[[0.778032,0.199664,-0.595651],[-0.169237,0.979712,0.107347],[0.604999,0.0172863,0.796038]],[[0.778032,0.199664,-0.595651],[-0.626565,0.315488,-0.71266],[0.0456278,0.927686,0.370562]]],0],[1771,[-0.173982,-0.648681,0.740907],177,58.8075,[-25.3953,193.076,50.3542],[-24.9116,194.469,50.2746],[15.7981,434.859,-62.2633],false,[35.2815,174.578,75.2546],[16.2192,221.616,21.9946],[-26.5819,217.954,22.6527],[-30.7871,202.276,40.5607],[-23.9555,192.362,52.6836],[[[0.0476412,-0.740166,-0.670734],[0.964673,0.20828,-0.161322],[0.259106,-0.639354,0.723941]],[[0.0548006,-0.757593,-0.650422],[-0.067032,0.64714,-0.759418],[0.996245,0.0852157,-0.0153193]],[[0.0548006,-0.757593,-0.650422],[-0.983223,0.0725598,-0.167356],[0.173982,0.648681,-0.740907]],[[0.0548006,-0.757593,-0.650422],[-0.914944,-0.298949,0.27112],[-0.399842,0.580243,-0.709538]]],1],[1772,[-0.153911,-0.488136,0.859089],177,67.0064,[-26.3259,180.478,51.5212],[-26.3359,183.347,51.1975],[-6.40175,421.075,-39.9889],false,[37.3513,166.294,66.3834],[19.8041,203.392,9.9619],[-28.0651,204.294,15.5303],[-32.4417,190.413,39.9597],[-24.7732,181.273,54.4783],[[[-0.0829467,-0.844329,-0.529366],[0.964294,0.0660607,-0.256462],[0.251508,-0.531737,0.808702]],[[-0.074705,-0.861212,-0.502726],[-0.0900865,0.507901,-0.856692],[0.993128,-0.0187104,-0.115526]],[[-0.074705,-0.861212,-0.502726],[-0.985257,0.141553,-0.0960839],[0.153911,0.488136,-0.859089]],[[-0.074705,-0.861212,-0.502726],[-0.909887,-0.147434,0.387775],[-0.408075,0.486392,-0.772591]]],2],[1773,[-0.209148,-0.376438,0.902525],177,64.4285,[-21.7697,164.412,44.9744],[-23.097,169.257,44.753],[-62.6596,393.419,-36.1832],false,[36.9992,156.468,59.0177],[21.9135,181.596,3.65754],[-22.3671,185.709,7.9676],[-28.161,175.28,32.9693],[-21.5439,167.383,48.5556],[[[-0.117486,-0.915937,-0.383739],[0.96343,-0.0114159,-0.267717],[0.240831,-0.401159,0.883783]],[[-0.12362,-0.905354,-0.406266],[-0.0499445,0.414564,-0.908649],[0.991072,-0.0920368,-0.0964659]],[[-0.12362,-0.905354,-0.406266],[-0.970039,0.19654,-0.142818],[0.209148,0.376438,-0.902525]],[[-0.12362,-0.905354,-0.406266],[-0.926979,-0.0407578,0.372893],[-0.354159,0.422697,-0.834206]]],3],[1774,[-0.231686,-0.140597,0.962577],177,50.5107,[-13.5747,158.773,34.2567],[-14.5423,162.189,34.1443],[-91.9994,351.351,-42.4206],false,[30.6076,144.404,54.9959],[19.745,160.549,0.373276],[-14.5673,168.631,3.13581],[-19.0988,165.881,21.9627],[-13.7344,161.278,37.6834],[[[-0.246384,-0.94165,-0.229327],[0.950895,-0.189135,-0.245004],[0.187334,-0.278431,0.94201]],[[-0.239749,-0.950726,-0.196572],[-0.0293505,0.209483,-0.977372],[0.970391,-0.228555,-0.0781276]],[[-0.239749,-0.950726,-0.196572],[-0.942784,0.27632,-0.186562],[0.231686,0.140597,-0.962577]],[[-0.239749,-0.950726,-0.196572],[-0.919599,0.157485,0.35991],[-0.311219,0.267056,-0.912044]]],4]],[[0,200,0],[235.247,235.247,147.751]]],[262635,4723083941,[[177,"right",[-0.0963952,0.536263,-0.838529],[-0.993358,-0.105015,0.0470338],[18.3174,187.525,29.0564],[21.0481,186.015,-76.355],[16.6695,180.362,31.1588],0.968429,1,0.257009,[[0.0100442,-0.807393,-0.589929],[0.726125,0.4115,-0.550827],[0.68749,-0.42283,0.590401]],63.72,[213.915,38.4723,229.404],[28.293,152.636,69.996]]],[[1770,[-0.599741,-0.0346641,-0.799443],177,52.1164,[-34.588,182.636,25.6689],[-34.3434,183.559,25.4427],[57.7612,125.527,-6.40375],false,[16.1033,173.542,88.8482],[16.1033,173.542,88.8482],[-13.6065,200.516,59.1582],[-34.055,199.335,31.9007],[-34.5361,177.421,23.6981],[[[0.894961,-0.138434,-0.424123],[0.431293,0.511689,0.743075],[0.114152,-0.847945,0.517648]],[[0.778668,0.204888,-0.59304],[0.198599,0.8161,0.542715],[0.595176,-0.540372,0.59478]],[[0.778668,0.204888,-0.59304],[-0.184354,0.978171,0.0958882],[0.599741,0.0346641,0.799443]],[[0.778668,0.204888,-0.59304],[-0.627099,0.285105,-0.724888],[0.0205574,0.936342,0.350487]]],0],[1771,[-0.193772,-0.653064,0.732093],177,58.8075,[-25.8049,194.756,49.1852],[-25.2983,195.269,49.1364],[-2.75934,341.423,-82.9697],false,[35.0021,174.579,74.5778],[16.4799,222.126,21.5805],[-26.3755,219.097,21.6396],[-31.0591,203.312,39.3346],[-24.479,193.199,51.4326],[[[0.0457587,-0.735564,-0.675908],[0.966706,0.203133,-0.155615],[0.251764,-0.646284,0.720369]],[[0.0522612,-0.752049,-0.657032],[-0.047368,0.655324,-0.753861],[0.997509,0.07052,-0.00137504]],[[0.0522612,-0.752049,-0.657032],[-0.979654,0.0890547,-0.179856],[0.193772,0.653064,-0.732093]],[[0.0522612,-0.752049,-0.657032],[-0.921384,-0.290044,0.258701],[-0.385124,0.591859,-0.708084]]],1],[1772,[-0.161873,-0.493438,0.854585],177,67.0064,[-26.5492,182.618,50.7145],[-26.4836,183.944,50.2792],[-9.34697,323.072,-57.5423],false,[37.0568,166.346,65.6554],[19.9987,203.968,9.43079],[-27.8925,205.177,14.745],[-32.4956,191.145,39.0463],[-24.9582,181.844,53.5311],[[[-0.0861225,-0.839896,-0.535871],[0.965818,0.061614,-0.251792],[0.244496,-0.539239,0.80588]],[[-0.0781821,-0.856871,-0.509567],[-0.0816868,0.514919,-0.853338],[0.993587,-0.0250909,-0.110253]],[[-0.0781821,-0.856871,-0.509567],[-0.98371,0.149298,-0.100126],[0.161873,0.493438,-0.854585]],[[-0.0781821,-0.856871,-0.509567],[-0.912692,-0.144125,0.382388],[-0.401099,0.494974,-0.770792]]],2],[1773,[-0.215062,-0.38146,0.89902],177,64.4285,[-22.5643,167.322,44.4851],[-23.2678,169.846,43.8361],[-50.494,302.233,-53.5622],false,[36.6729,156.576,58.2167],[21.9938,182.205,2.97666],[-22.275,186.545,7.18395],[-28.2327,175.978,32.0886],[-21.7431,167.929,47.651],[[[-0.121765,-0.912334,-0.390922],[0.964499,-0.0157714,-0.263616],[0.234341,-0.409143,0.881865]],[[-0.12766,-0.901681,-0.413127],[-0.0447788,0.421351,-0.905792],[0.990807,-0.0971339,-0.0941658]],[[-0.12766,-0.901681,-0.413127],[-0.968221,0.203617,-0.14522],[0.215062,0.38146,-0.89902]],[[-0.12766,-0.901681,-0.413127],[-0.929012,-0.0371614,0.36818],[-0.347333,0.430802,-0.832928]]],3],[1774,[-0.237603,-0.147483,0.960101],177,50.5107,[-14.5382,161.211,33.6545],[-14.7833,162.784,33.2518],[-73.8026,271.357,-55.9921],false,[30.2206,144.584,54.0793],[19.7027,161.197,-0.470567],[-14.5616,169.46,2.34877],[-19.2088,166.576,21.1272],[-14.0112,161.805,36.8539],[[[-0.251502,-0.938325,-0.237262],[0.950707,-0.193565,-0.242256],[0.18139,-0.286494,0.940754]],[[-0.24541,-0.947227,-0.206239],[-0.0273285,0.21942,-0.975248],[0.969034,-0.233699,-0.0797341]],[[-0.24541,-0.947227,-0.206239],[-0.939851,0.284621,-0.18887],[0.237603,0.147483,-0.960101]],[[-0.24541,-0.947227,-0.206239],[-0.921328,0.16172,0.353556],[-0.301545,0.276779,-0.912394]]],4]],[[0,200,0],[235.247,235.247,147.751]]],[262636,4723092957,[[177,"right",[-0.0797376,0.56216,-0.823176],[-0.9947,-0.0986504,0.0289826],[18.2665,188.406,28.3735],[13.7079,161.741,-76.1867],[16.9938,181.996,30.5933],0.986268,1,0.259012,[[0.0341034,-0.803415,-0.594442],[0.725303,0.4291,-0.538338],[0.687584,-0.412791,0.597354]],63.72,[213.012,40.7628,229.663],[27.3643,152.216,68.3774]]],[[1770,[-0.587245,-0.0237832,-0.80906],177,52.1164,[-34.3398,182.886,24.8294],[-34.2211,184.218,24.2561],[47.2416,106.726,-36.9912],false,[15.0438,172.636,87.6727],[15.0438,172.636,87.6727],[-14.2791,200.622,58.5396],[-34.3016,199.811,30.9542],[-34.2341,177.948,22.6034],[[[0.900248,-0.132487,-0.414729],[0.42372,0.485563,0.76465],[0.100071,-0.864104,0.493264]],[[0.785823,0.222791,-0.576928],[0.193422,0.797527,0.571436],[0.587426,-0.560638,0.583623]],[[0.785823,0.222791,-0.576928],[-0.193972,0.974576,0.112143],[0.587245,0.0237832,0.80906]],[[0.785823,0.222791,-0.576928],[-0.618444,0.278731,-0.734735],[-0.00288473,0.93417,0.356817]]],0],[1771,[-0.218753,-0.673443,0.706131],177,58.8075,[-26.3376,195.878,47.8219],[-25.8587,196.068,47.7484],[-20.0178,274.061,-104.572],false,[34.1638,173.958,73.7242],[16.7963,223.231,21.9269],[-26.0874,220.816,20.9717],[-31.3748,204.538,38.0392],[-25.1518,193.963,49.9283],[[[0.0506042,-0.71508,-0.697209],[0.970418,0.200218,-0.134915],[0.236069,-0.669757,0.704058]],[[0.0563343,-0.731167,-0.679868],[-0.0219734,0.679877,-0.732997],[0.99817,0.0562319,0.0222341]],[[0.0563343,-0.731167,-0.679868],[-0.974153,0.108944,-0.197883],[0.218753,0.673443,-0.706131]],[[0.0563343,-0.731167,-0.679868],[-0.929606,-0.286824,0.231439],[-0.364223,0.618972,-0.695856]]],1],[1772,[-0.194103,-0.516038,0.834284],177,67.0064,[-27.2636,184.091,49.0866],[-27.3024,184.834,48.3521],[-37.8942,265.696,-106.828],false,[36.2931,165.983,64.5872],[20.3657,205.422,9.28437],[-27.6335,207.266,13.2791],[-33.1531,192.592,37.0031],[-26.0868,182.752,51.3691],[[[-0.0841464,-0.822576,-0.562394],[0.96995,0.0616895,-0.235354],[0.228291,-0.565299,0.792667]],[[-0.0769783,-0.839824,-0.537374],[-0.0490491,0.54151,-0.839262],[0.995826,-0.0382472,-0.0828771]],[[-0.0769783,-0.839824,-0.537374],[-0.977956,0.168527,-0.123288],[0.194103,0.516038,-0.834284]],[[-0.0769783,-0.839824,-0.537374],[-0.923405,-0.14322,0.356105],[-0.376028,0.523626,-0.764473]]],2],[1773,[-0.228471,-0.40729,0.88426],177,64.4285,[-23.1049,169.058,43.327],[-23.5975,170.546,42.1174],[-45.7519,239.281,-89.6821],false,[35.9504,156.446,56.8498],[22.2987,183.851,2.20182],[-21.9902,188.317,6.0502],[-28.3193,177.034,30.546],[-22.1065,168.472,45.9467],[[[-0.122512,-0.899093,-0.420264],[0.968242,-0.0152895,-0.249545],[0.217939,-0.43749,0.872413]],[[-0.127936,-0.887846,-0.441997],[-0.0322917,0.449152,-0.892872],[0.991257,-0.0999575,-0.0861327]],[[-0.127936,-0.887846,-0.441997],[-0.965108,0.214112,-0.15074],[0.228471,0.40729,-0.88426]],[[-0.127936,-0.887846,-0.441997],[-0.934379,-0.0415177,0.353853],[-0.332518,0.458263,-0.824273]]],3],[1774,[-0.254111,-0.176081,0.951012],177,50.5107,[-15.146,162.79,32.3299],[-15.1369,163.774,31.397],[-64.2638,226.086,-95.7342],false,[29.4738,144.636,52.2537],[19.9061,162.975,-1.91659],[-14.3311,171.394,0.767619],[-19.3012,167.95,19.3683],[-14.4416,162.644,35.0315],[[[-0.254751,-0.928717,-0.269419],[0.952825,-0.193536,-0.233811],[0.165002,-0.316273,0.934209]],[[-0.249518,-0.938067,-0.240355],[-0.0139823,0.25167,-0.967712],[0.968269,-0.238101,-0.0759128]],[[-0.249518,-0.938067,-0.240355],[-0.934435,0.298372,-0.194438],[0.254111,0.176081,-0.951012]],[[-0.249518,-0.938067,-0.240355],[-0.92642,0.158976,0.341282],[-0.281935,0.307826,-0.908711]]],4]],[[0,200,0],[235.247,235.247,147.751]]],[262637,4723101977,[[177,"right",[-0.0748949,0.5789,-0.811952],[-0.994928,-0.0982095,0.0217519],[18.2562,188.77,28.1443],[9.62158,128.335,-62.2188],[17.2446,183.342,30.1067],1,1,0.263132,[[0.0507805,-0.8,-0.597847],[0.72473,0.441396,-0.529089],[0.687159,-0.40641,0.602199]],63.72,[212.643,42.0322,230.043],[27.1104,151.763,67.4492]]],[[1770,[-0.582471,-0.0212019,-0.812575],177,52.1164,[-34.0391,182.961,24.7083],[-33.9978,184.239,24.213],[43.7847,77.6771,-22.4543],false,[14.7072,171.798,87.0919],[14.7072,171.798,87.0919],[-14.6021,200.567,58.719],[-34.4619,199.845,31.0137],[-33.78,177.951,22.7713],[[[0.902297,-0.124922,-0.41262],[0.420133,0.469447,0.7766],[0.0966886,-0.874079,0.476064]],[[0.786237,0.239014,-0.569828],[0.192564,0.781471,0.593483],[0.587155,-0.576347,0.568396]],[[0.786237,0.239014,-0.569828],[-0.206298,0.970785,0.122549],[0.582471,0.0212019,0.812575]],[[0.786237,0.239014,-0.569828],[-0.617238,0.260299,-0.74247],[-0.0291349,0.935477,0.352185]]],0],[1771,[-0.235698,-0.686854,0.687516],177,58.8075,[-26.8529,196.485,46.8831],[-26.3152,196.364,47.0675],[-30.3636,210.404,-99.1734],false,[33.9016,173.384,73.2737],[16.8516,223.721,22.4013],[-26.0357,221.761,20.7864],[-31.7326,205.16,37.404],[-25.72,194.277,49.1229],[[[0.0536209,-0.700773,-0.711367],[0.971296,0.201939,-0.125718],[0.231753,-0.684206,0.691486]],[[0.0589097,-0.716245,-0.695358],[-0.00479328,0.696357,-0.717679],[0.998252,0.0456113,0.037589]],[[0.0589097,-0.716245,-0.695358],[-0.970039,0.123394,-0.20928],[0.235698,0.686854,-0.687516]],[[0.0589097,-0.716245,-0.695358],[-0.934178,-0.285111,0.214532],[-0.351912,0.63695,-0.685895]]],1],[1772,[-0.218133,-0.529975,0.819478],177,67.0064,[-28.0558,184.986,47.6776],[-27.9736,185.25,47.2248],[-54.0715,209.922,-117.919],false,[36.0716,165.595,63.9873],[20.4712,206.169,9.41727],[-27.5777,208.499,12.4428],[-33.7806,193.428,35.7458],[-27.0321,183.239,50.021],[[[-0.0819346,-0.810858,-0.57948],[0.97123,0.0654874,-0.228961],[0.223604,-0.581568,0.782164]],[[-0.0751296,-0.828088,-0.555541],[-0.0251293,0.558511,-0.829116],[0.996857,-0.0483308,-0.06277]],[[-0.0751296,-0.828088,-0.555541],[-0.973023,0.182749,-0.140817],[0.218133,0.529975,-0.819478]],[[-0.0751296,-0.828088,-0.555541],[-0.930264,-0.142433,0.338116],[-0.359117,0.542202,-0.759639]]],2],[1773,[-0.222452,-0.427441,0.876248],177,64.4285,[-23.1596,169.747,42.5843],[-23.4002,170.484,41.5981],[-23.0088,168.695,-77.2387],false,[35.761,156.218,56.0554],[22.4219,184.744,1.90666],[-21.8675,188.958,6.02513],[-28.0299,177.117,30.2989],[-21.7605,168.244,45.4998],[[[-0.121117,-0.890216,-0.439142],[0.969528,-0.0111845,-0.244727],[0.212948,-0.455401,0.864444]],[[-0.126411,-0.878535,-0.460648],[-0.0375422,0.468278,-0.882783],[0.991267,-0.0942999,-0.0921777]],[[-0.126411,-0.878535,-0.460648],[-0.966714,0.213239,-0.141398],[0.222452,0.427441,-0.876248]],[[-0.126411,-0.878535,-0.460648],[-0.933503,-0.0517251,0.35482],[-0.335549,0.47487,-0.813576]]],3],[1774,[-0.26008,-0.196807,0.945318],177,50.5107,[-15.4493,163.577,31.3355],[-15.2425,164.074,30.5601],[-49.7664,172.082,-93.6794],false,[29.2978,144.51,51.1856],[20.032,163.96,-2.64894],[-14.2071,172.336,0.142691],[-19.2939,168.487,18.632],[-14.5792,162.833,34.2175],[[[-0.254175,-0.922774,-0.289627],[0.953866,-0.189699,-0.232711],[0.159798,-0.335415,0.928419]],[[-0.249452,-0.93208,-0.262681],[-0.0113589,0.274054,-0.961647],[0.968321,-0.236901,-0.0789506]],[[-0.249452,-0.93208,-0.262681],[-0.932809,0.304129,-0.193322],[0.26008,0.196807,-0.945318]],[[-0.249452,-0.93208,-0.262681],[-0.928955,0.153704,0.336775],[-0.273526,0.328028,-0.904202]]],4]],[[0,200,0],[235.247,235.247,147.751]]],[262638,4723111004,[[177,"right",[-0.0736206,0.589544,-0.804374],[-0.994761,-0.100774,0.0171865],[18.1549,188.883,28.1806],[3.88606,96.465,-43.9835],[17.4195,184.407,29.7365],1,1,0.268977,[[0.0627026,-0.796659,-0.601168],[0.724115,0.45084,-0.52192],[0.686823,-0.40259,0.605142]],63.72,[212.411,42.6748,230.404],[26.9685,151.374,67.0156]]],[[1770,[-0.579263,-0.0212608,-0.814864],177,52.1164,[-33.8565,182.768,24.9012],[-33.9216,183.936,24.4054],[35.8513,47.872,-7.37045],false,[14.455,171.115,86.884],[14.455,171.115,86.884],[-14.9387,200.301,59.0277],[-34.689,199.576,31.2445],[-33.5367,177.673,23.0815],[[[0.903916,-0.117317,-0.411305],[0.41652,0.459971,0.784179],[0.0971907,-0.880149,0.464641]],[[0.785645,0.251918,-0.565065],[0.189799,0.771161,0.60769],[0.588845,-0.584677,0.558045]],[[0.785645,0.251918,-0.565065],[-0.217293,0.967515,0.129224],[0.579263,0.0212608,0.814863]],[[0.785645,0.251918,-0.565065],[-0.616715,0.246202,-0.747695],[-0.0492382,0.935907,0.348789]]],0],[1771,[-0.248146,-0.695965,0.673837],177,58.8075,[-27.3861,196.748,46.2976],[-26.8354,196.403,46.6937],[-39.2599,155.738,-85.2994],false,[33.6902,172.93,73.151],[16.6873,223.904,22.9012],[-26.1899,222.244,20.7671],[-32.1877,205.422,37.054],[-26.3189,194.337,48.6556],[[[0.0575596,-0.691062,-0.7205],[0.971223,0.205831,-0.119832],[0.231113,-0.692868,0.683023]],[[0.0624617,-0.705641,-0.705811],[0.0077693,0.707514,-0.706657],[0.998017,0.0386553,0.0496749]],[[0.0624617,-0.705641,-0.705811],[-0.966707,0.133055,-0.218573],[0.248146,0.695965,-0.673837]],[[0.0624617,-0.705641,-0.705811],[-0.937075,-0.284857,0.201861],[-0.343496,0.648789,-0.679031]]],1],[1772,[-0.230094,-0.539855,0.809699],177,67.0064,[-28.6844,185.365,46.8008],[-28.4698,185.25,46.716],[-56.4116,154.064,-103.302],false,[35.9085,165.271,63.7683],[20.3899,206.537,9.69539],[-27.6826,209.001,12.1938],[-34.2256,193.65,35.2187],[-27.6327,183.255,49.4185],[[[-0.0781642,-0.803214,-0.59054],[0.97181,0.0707741,-0.224891],[0.222431,-0.591472,0.775039]],[[-0.0715379,-0.82039,-0.567312],[-0.0135204,0.569515,-0.82187],[0.997346,-0.0511246,-0.0518339]],[[-0.0715379,-0.82039,-0.567312],[-0.970535,0.188459,-0.150147],[0.230094,0.539855,-0.809699]],[[-0.0715379,-0.82039,-0.567312],[-0.9337,-0.144978,0.327392],[-0.350837,0.55312,-0.755626]]],2],[1773,[-0.211528,-0.44257,0.871428],177,64.4285,[-22.9536,169.783,42.301],[-23.1336,170.099,41.5714],[-4.14029,107.806,-53.7053],false,[35.6454,156.001,55.7108],[22.4149,185.219,1.90523],[-21.877,189.041,6.36455],[-27.7367,176.781,30.5049],[-21.3142,167.729,45.535],[[[-0.117615,-0.884534,-0.451406],[0.970338,-0.00568366,-0.241687],[0.211215,-0.466442,0.858965]],[[-0.122908,-0.872481,-0.472939],[-0.0466206,0.481102,-0.875424],[0.991322,-0.0855478,-0.0998067]],[[-0.122908,-0.872481,-0.472939],[-0.969613,0.207145,-0.130159],[0.211528,0.44257,-0.871428]],[[-0.122908,-0.872481,-0.472939],[-0.930986,-0.0636971,0.359454],[-0.343742,0.484479,-0.804439]]],3],[1774,[-0.263825,-0.212135,0.940954],177,50.5107,[-15.6295,163.837,30.7828],[-15.3563,164.031,30.2173],[-39.6092,122.279,-77.3767],false,[29.2254,144.345,50.6637],[20.0883,164.491,-2.93583],[-14.1742,172.735,-0.0393067],[-19.3343,168.586,18.3646],[-14.718,162.699,33.8934],[[[-0.251079,-0.919395,-0.302776],[0.955054,-0.184378,-0.232111],[0.157577,-0.347445,0.924365]],[[-0.246868,-0.928176,-0.278471],[-0.0111092,0.290057,-0.956945],[0.968986,-0.233145,-0.0819171]],[[-0.246868,-0.928176,-0.278471],[-0.932444,0.305759,-0.192507],[0.263825,0.212135,-0.940954]],[[-0.246868,-0.928176,-0.278471],[-0.931306,0.147826,0.332892],[-0.267817,0.341522,-0.900909]]],4]],[[0,200,0],[235.247,235.247,147.751]]],[262639,4723120429,[[177,"right",[-0.0737939,0.597991,-0.798098],[-0.994495,-0.103826,0.0141592],[18.0355,188.937,28.2251],[-0.840747,70.5554,-30.0804],[17.5377,185.276,29.4465],1,1,0.275727,[[0.0724149,-0.793599,-0.604117],[0.723521,0.458708,-0.515854],[0.686494,-0.399736,0.607402]],63.72,[212.237,43.1071,230.668],[26.8837,151.036,66.6696]]],[[1770,[-0.577196,-0.0205738,-0.816346],177,52.1164,[-33.7713,182.501,25.122],[-33.9088,183.628,24.57],[27.1504,25.9595,1.25793],false,[14.2748,170.525,86.7257],[14.2748,170.525,86.7257],[-15.2235,199.994,59.2813],[-34.9033,199.292,31.4475],[-33.4069,177.404,23.3006],[[[0.90504,-0.110253,-0.410788],[0.413677,0.452667,0.789914],[0.0988601,-0.884837,0.455291]],[[0.784726,0.262622,-0.561458],[0.187071,0.763225,0.61846],[0.590939,-0.590354,0.549793]],[[0.784726,0.262622,-0.561458],[-0.225941,0.96468,0.135439],[0.577196,0.0205738,0.816346]],[[0.784726,0.262622,-0.561458],[-0.616536,0.237266,-0.750725],[-0.0639416,0.935273,0.348104]]],0],[1771,[-0.261665,-0.702714,0.661607],177,58.8075,[-27.9758,196.937,45.8002],[-27.4143,196.48,46.3002],[-47.3719,116.018,-75.06],false,[33.5309,172.544,73.0506],[16.4761,224.009,23.3216],[-26.3842,222.697,20.6676],[-32.7087,205.712,36.6589],[-26.9916,194.454,48.1686],[[[0.0609502,-0.683063,-0.727812],[0.970848,0.209919,-0.115709],[0.231818,-0.699542,0.675945]],[[0.0655507,-0.696847,-0.714218],[0.0212418,0.71657,-0.697192],[0.997623,0.0305301,0.0617739]],[[0.0655507,-0.696847,-0.714218],[-0.96293,0.143517,-0.228404],[0.261665,0.702714,-0.661607]],[[0.0655507,-0.696847,-0.714218],[-0.940072,-0.283147,0.18998],[-0.334616,0.658963,-0.673647]]],1],[1772,[-0.234137,-0.548797,0.802498],177,67.0064,[-29.1109,185.433,46.2978],[-28.7672,185.077,46.4742],[-49.4052,105.229,-81.5055],false,[35.7894,164.993,63.59],[20.2545,206.796,9.93606],[-27.8315,209.21,12.2124],[-34.4895,193.604,35.0326],[-27.944,183.061,49.1441],[[[-0.0746955,-0.797004,-0.599337],[0.972029,0.0760078,-0.22222],[0.222665,-0.599172,0.769034]],[[-0.0681687,-0.814143,-0.576649],[-0.00956957,0.578501,-0.815626],[0.997628,-0.0500819,-0.0472267]],[[-0.0681687,-0.814143,-0.576649],[-0.969811,0.18972,-0.15321],[0.234137,0.548797,-0.802498]],[[-0.0681687,-0.814143,-0.576649],[-0.934895,-0.149666,0.321825],[-0.348316,0.561045,-0.750936]]],2],[1773,[-0.202301,-0.454781,0.867322],177,64.4285,[-22.6929,169.55,42.207],[-22.9268,169.711,41.5766],[6.17308,63.6392,-36.686],false,[35.5688,155.81,55.4323],[22.3565,185.569,1.91995],[-21.9367,189.042,6.6438],[-27.5409,176.444,30.6704],[-20.9812,167.256,45.5579],[[[-0.114176,-0.879937,-0.461166],[0.970811,-0.00026779,-0.239844],[0.210924,-0.475089,0.854284]],[[-0.119512,-0.86755,-0.482777],[-0.0541968,0.491238,-0.869338],[0.991352,-0.0777312,-0.105727]],[[-0.119512,-0.86755,-0.482777],[-0.972004,0.201322,-0.121155],[0.202301,0.454781,-0.867322]],[[-0.119512,-0.86755,-0.482777],[-0.928685,-0.0742677,0.363356],[-0.351084,0.491773,-0.796805]]],3],[1774,[-0.265889,-0.225306,0.937305],177,50.5107,[-15.7615,163.865,30.4582],[-15.4677,163.909,30.0016],[-31.6376,82.4796,-60.7224],false,[29.1924,144.19,50.247],[20.0995,164.889,-3.14933],[-14.1872,172.979,-0.107425],[-19.3877,168.572,18.2251],[-14.8452,162.494,33.702],[[[-0.247823,-0.916789,-0.313181],[0.95603,-0.179099,-0.23223],[0.156815,-0.356962,0.920862]],[[-0.244088,-0.924885,-0.291562],[-0.012861,0.303717,-0.952676],[0.969668,-0.228787,-0.0860286]],[[-0.244088,-0.924885,-0.291562],[-0.93259,0.306308,-0.190923],[0.265889,0.225306,-0.937305]],[[-0.244088,-0.924885,-0.291562],[-0.933258,0.142329,0.329808],[-0.263536,0.352604,-0.897897]]],4]],[[0,200,0],[235.247,235.247,147.751]]],[262640,4723129090,[[177,"right",[-0.0753358,0.604631,-0.792935],[-0.994111,-0.107656,0.012359],[17.9248,188.973,28.2759],[-4.01542,52.9154,-20.5272],[17.6042,185.911,29.2455],1,1,0.286528,[[0.0805801,-0.79076,-0.606799],[0.72307,0.465395,-0.510467],[0.686059,-0.397625,0.609277]],63.72,[212.117,43.4136,230.902],[26.8812,150.772,66.3973]]],[[1770,[-0.576069,-0.0198901,-0.817159],177,52.1164,[-33.7438,182.24,25.2979],[-33.9187,183.325,24.7182],[20.3901,10.7989,6.19116],false,[14.1821,170.039,86.6108],[14.1821,170.039,86.6108],[-15.4508,199.68,59.4982],[-35.0922,199.002,31.6367],[-33.3312,177.141,23.4671],[[[0.905803,-0.103297,-0.410914],[0.411295,0.44732,0.794193],[0.101773,-0.888389,0.447669]],[[0.783384,0.271965,-0.558878],[0.184141,0.757262,0.626615],[0.593635,-0.593792,0.543147]],[[0.783384,0.271965,-0.558878],[-0.233355,0.962101,0.141089],[0.576069,0.0198901,0.817159]],[[0.783384,0.271965,-0.558878],[-0.616967,0.231408,-0.752198],[-0.0752428,0.934069,0.349075]]],0],[1771,[-0.271699,-0.708387,0.651435],177,58.8075,[-28.4819,197.045,45.4334],[-27.9212,196.505,45.9944],[-51.4252,87.6408,-65.9743],false,[33.4424,172.249,72.9711],[16.2385,224.08,23.6761],[-26.6022,223.02,20.6231],[-33.1693,205.898,36.3686],[-27.5584,194.502,47.7956],[[[0.064137,-0.676474,-0.733668],[0.970156,0.214539,-0.113004],[0.233845,-0.704525,0.670045]],[[0.068458,-0.68941,-0.72113],[0.0311881,0.723951,-0.689146],[0.997166,0.0246869,0.0710616]],[[0.068458,-0.68941,-0.72113],[-0.959944,0.151335,-0.235807],[0.271699,0.708387,-0.651435]],[[0.068458,-0.68941,-0.72113],[-0.942056,-0.282601,0.180739],[-0.328395,0.666972,-0.668809]]],1],[1772,[-0.234256,-0.556476,0.797156],177,67.0064,[-29.3602,185.338,46.0553],[-28.945,184.83,46.3775],[-41.4149,69.7057,-62.6945],false,[35.7373,164.789,63.4473],[20.0929,206.999,10.1449],[-28.0045,209.262,12.3354],[-34.6659,193.437,35.0036],[-28.1088,182.791,49.0322],[[[-0.0711934,-0.792034,-0.606311],[0.971931,0.081565,-0.220674],[0.224235,-0.605003,0.763996]],[[-0.0646641,-0.809237,-0.583912],[-0.00936535,0.585603,-0.810544],[0.997863,-0.0469445,-0.0454463]],[[-0.0646641,-0.809237,-0.583912],[-0.970022,0.188332,-0.153585],[0.234256,0.556476,-0.797156]],[[-0.0646641,-0.809237,-0.583912],[-0.934915,-0.155472,0.319002],[-0.34893,0.566536,-0.746515]]],2],[1773,[-0.196737,-0.464158,0.863627],177,64.4285,[-22.5193,169.294,42.1484],[-22.82,169.392,41.5338],[8.97658,36.5267,-28.2913],false,[35.5581,155.676,55.2098],[22.2812,185.851,1.94638],[-22.0206,189.048,6.78367],[-27.4706,176.189,30.7079],[-20.8141,166.9,45.4893],[[[-0.110484,-0.876313,-0.468902],[0.971014,0.00544159,-0.238962],[0.211957,-0.481712,0.85031]],[[-0.115888,-0.863659,-0.490575],[-0.0584041,0.498973,-0.864647],[0.991544,-0.0715507,-0.108266]],[[-0.115888,-0.863659,-0.490575],[-0.973583,0.196598,-0.116123],[0.196737,0.464158,-0.863627]],[[-0.115888,-0.863659,-0.490575],[-0.92717,-0.0830928,0.36531],[-0.356266,0.497181,-0.791129]]],3],[1774,[-0.267606,-0.236152,0.934141],177,50.5107,[-15.8627,163.797,30.2852],[-15.5663,163.754,29.8775],[-26.5935,54.8354,-47.3824],false,[29.2298,144.079,49.918],[20.1059,165.207,-3.30456],[-14.2084,173.117,-0.107618],[-19.4425,168.499,18.1631],[-14.9712,162.274,33.6021],[[[-0.24412,-0.914948,-0.321364],[0.956894,-0.173503,-0.232916],[0.157349,-0.364371,0.917864]],[[-0.240785,-0.922349,-0.302149],[-0.0157946,0.314991,-0.948963],[0.97045,-0.223724,-0.0904132]],[[-0.240785,-0.922349,-0.302149],[-0.932957,0.305784,-0.189964],[0.267606,0.236152,-0.934141]],[[-0.240785,-0.922349,-0.302149],[-0.935271,0.137293,0.326219],[-0.259405,0.36114,-0.895705]]],4]],[[0,200,0],[235.247,235.247,147.751]]],[262641,4723138449,[[177,"right",[-0.0762401,0.611696,-0.78741],[-0.993952,-0.109228,0.0113853],[17.9221,189.071,28.3595],[-2.95803,40.8758,-12.1667],[17.6615,186.48,29.0859],1,1,0.292401,[[0.0874393,-0.788418,-0.608894],[0.722636,0.470922,-0.505993],[0.685676,-0.395765,0.610916]],63.72,[212.068,43.6824,231.08],[26.9354,150.539,66.1324]]],[[1770,[-0.575758,-0.0167794,-0.817448],177,52.1164,[-33.6705,182.137,25.4908],[-33.847,183.227,24.9113],[17.2787,5.78966,10.6137],false,[14.2083,169.603,86.52],[14.2083,169.603,86.52],[-15.5079,199.48,59.7605],[-35.1387,198.908,31.8891],[-33.2027,177.086,23.6563],[[[0.905947,-0.0982268,-0.41184],[0.41065,0.440694,0.79822],[0.103088,-0.892267,0.439582]],[[0.782285,0.279436,-0.556727],[0.183419,0.750785,0.63457],[0.595304,-0.598529,0.536074]],[[0.782285,0.279436,-0.556727],[-0.237766,0.960018,0.147761],[0.575758,0.0167794,0.817448]],[[0.782285,0.279436,-0.556727],[-0.617404,0.229135,-0.752536],[-0.0827199,0.932423,0.351774]]],0],[1771,[-0.282861,-0.713457,0.641069],177,58.8075,[-28.9262,197.24,45.1166],[-28.2946,196.71,45.753],[-48.939,70.6196,-55.7542],false,[33.4651,171.965,72.9009],[16.184,224.216,24.0787],[-26.6369,223.519,20.6659],[-33.4738,206.275,36.1607],[-27.986,194.726,47.4934],[[[0.0651196,-0.669688,-0.739782],[0.969837,0.216985,-0.111055],[0.234894,-0.710236,0.663618]],[[0.0691461,-0.681793,-0.72827],[0.0423408,0.731365,-0.68067],[0.996708,0.0162302,0.0794387]],[[0.0691461,-0.681793,-0.72827],[-0.956665,0.161672,-0.242185],[0.282861,0.713457,-0.641069]],[[0.0691461,-0.681793,-0.72827],[-0.944486,-0.279779,0.172249],[-0.321192,0.675931,-0.66329]]],1],[1772,[-0.240977,-0.562852,0.79065],177,67.0064,[-29.6203,185.345,45.8031],[-29.1866,184.896,46.1564],[-38.2253,53.3772,-53.1809],false,[35.7709,164.595,63.3097],[20.0633,207.264,10.3929],[-28.0394,209.663,12.3027],[-34.892,193.658,34.786],[-28.4081,182.873,48.7426],[[[-0.0700382,-0.786599,-0.613479],[0.971806,0.0849967,-0.219929],[0.22514,-0.611586,0.758469]],[[-0.0635765,-0.803753,-0.591556],[-0.00240137,0.592877,-0.805289],[0.997974,-0.049777,-0.0396232]],[[-0.0635765,-0.803753,-0.591556],[-0.968446,0.192818,-0.157902],[0.240977,0.562852,-0.79065]],[[-0.0635765,-0.803753,-0.591556],[-0.936434,-0.15689,0.313809],[-0.345035,0.573905,-0.742687]]],2],[1773,[-0.192376,-0.473133,0.859731],177,64.4285,[-22.3448,169.103,42.0954],[-22.6619,169.254,41.502],[12.1463,21.9068,-21.8176],false,[35.6049,155.557,54.9898],[22.2826,186.195,2.00267],[-22.0195,189.248,6.92908],[-27.3487,176.141,30.7453],[-20.6057,166.732,45.4115],[[[-0.109202,-0.87218,-0.476841],[0.971,0.00904125,-0.238907],[0.212681,-0.489102,0.845899]],[[-0.114658,-0.859257,-0.498529],[-0.0606731,0.506958,-0.859832],[0.99155,-0.0683396,-0.110261]],[[-0.114658,-0.859257,-0.498529],[-0.9746,0.19448,-0.111052],[0.192376,0.473133,-0.859731]],[[-0.114658,-0.859257,-0.498529],[-0.92553,-0.0899158,0.367843],[-0.360898,0.50358,-0.784959]]],3],[1774,[-0.268343,-0.246748,0.931186],177,50.5107,[-15.929,163.742,30.1754],[-15.5965,163.735,29.8041],[-19.9895,37.7992,-35.2796],false,[29.2936,143.999,49.5929],[20.1376,165.596,-3.43553],[-14.1833,173.401,-0.0551029],[-19.4318,168.575,18.1578],[-15.0148,162.188,33.5461],[[[-0.242779,-0.91235,-0.32966],[0.957145,-0.169971,-0.234487],[0.157901,-0.37246,0.914517]],[[-0.23981,-0.919097,-0.312652],[-0.0188544,0.326398,-0.945045],[0.970637,-0.220736,-0.0956025]],[[-0.23981,-0.919097,-0.312652],[-0.932997,0.307206,-0.187461],[0.268343,0.246748,-0.931186]],[[-0.23981,-0.919097,-0.312652],[-0.936389,0.133974,0.324387],[-0.256256,0.370555,-0.892761]]],4]],[[0,200,0],[235.247,235.247,147.751]]],[262642,4723147249,[[177,"right",[-0.0784741,0.612744,-0.786376],[-0.993698,-0.11141,0.0123522],[17.9611,189.019,28.3313],[-0.967042,28.2701,-9.75175],[17.7107,186.897,28.9619],1,1,0.304545,[[0.0898152,-0.7881,-0.60896],[0.723019,0.472102,-0.504344],[0.684965,-0.394992,0.612213]],63.72,[212.042,43.8006,231.332],[27.1016,150.448,66.0342]]],[[1770,[-0.574177,-0.0262653,-0.81831],177,52.1164,[-33.4032,181.686,25.6771],[-33.5841,182.681,25.1239],[23.3267,-13.9932,13.8874],false,[14.3564,169.453,86.4658],[14.3564,169.453,86.4658],[-15.4566,199.273,59.7506],[-35.0335,198.378,31.8498],[-32.7801,176.471,23.9282],[[[0.905686,-0.0956164,-0.413026],[0.410604,0.440354,0.798431],[0.105535,-0.892718,0.438083]],[[0.781137,0.281818,-0.557139],[0.182005,0.750802,0.634958],[0.597244,-0.597391,0.535186]],[[0.781137,0.281818,-0.557139],[-0.245248,0.959108,0.141297],[0.574177,0.0262653,0.81831]],[[0.781137,0.281818,-0.557139],[-0.616891,0.210755,-0.758306],[-0.0962845,0.936035,0.338479]]],0],[1771,[-0.286879,-0.714532,0.638079],177,58.8075,[-29.1778,197.326,44.892],[-28.4625,196.724,45.5577],[-40.5137,52.2507,-46.7527],false,[33.5923,171.878,72.8284],[16.1416,224.167,24.1069],[-26.6702,223.596,20.5591],[-33.6042,206.325,35.9817],[-28.1489,194.739,47.2916],[[[0.0657295,-0.668401,-0.740891],[0.969235,0.219269,-0.111828],[0.2372,-0.710747,0.66225]],[[0.0695737,-0.679858,-0.730036],[0.0464311,0.733223,-0.678401],[0.996496,0.0133025,0.0825796]],[[0.0695737,-0.679858,-0.730036],[-0.955437,0.165039,-0.24475],[0.286879,0.714532,-0.638079]],[[0.0695737,-0.679858,-0.730036],[-0.945099,-0.279149,0.169893],[-0.319292,0.678137,-0.661954]]],1],[1772,[-0.247109,-0.563308,0.78843],177,67.0064,[-29.8415,185.385,45.5476],[-29.3884,184.938,45.8779],[-35.3749,41.5858,-49.0402],false,[35.9032,164.528,63.2232],[20.0421,207.244,10.3904],[-28.0633,209.785,12.031],[-35.0902,193.767,34.4511],[-28.6648,182.95,48.4105],[[[-0.0690286,-0.785801,-0.614615],[0.971366,0.0874536,-0.220908],[0.22734,-0.612265,0.757264]],[[-0.0626196,-0.802679,-0.593115],[0.00394278,0.594078,-0.804398],[0.99803,-0.0527096,-0.0340361]],[[-0.0626196,-0.802679,-0.593115],[-0.966962,0.195935,-0.163075],[0.247109,0.563308,-0.78843]],[[-0.0626196,-0.802679,-0.593115],[-0.93764,-0.156283,0.310496],[-0.341922,0.575571,-0.742837]]],2],[1773,[-0.18752,-0.475621,0.85943],177,64.4285,[-22.1712,168.924,42.0866],[-22.46,169.041,41.5488],[15.6519,9.43844,-14.826],false,[35.7474,155.503,54.8895],[22.2976,186.193,1.96511],[-22.0006,189.107,7.00846],[-27.1953,175.932,30.8164],[-20.364,166.516,45.4376],[[[-0.107849,-0.871678,-0.478065],[0.970704,0.0115259,-0.240002],[0.214715,-0.489944,0.844898]],[[-0.113407,-0.858617,-0.499916],[-0.0643086,0.50845,-0.858687],[0.991465,-0.0652321,-0.112878]],[[-0.113407,-0.858617,-0.499916],[-0.975692,0.19121,-0.107069],[0.18752,0.475621,-0.85943]],[[-0.113407,-0.858617,-0.499916],[-0.923827,-0.0940357,0.371081],[-0.365626,0.503919,-0.782549]]],3],[1774,[-0.266933,-0.250576,0.930569],177,50.5107,[-15.9395,163.647,30.1394],[-15.5385,163.553,29.8376],[-12.4926,21.2234,-24.0336],false,[29.455,143.939,49.4819],[20.1913,165.598,-3.5025],[-14.1379,173.3,0.0265071],[-19.3588,168.399,18.2273],[-14.947,161.969,33.5993],[[[-0.241169,-0.912367,-0.330793],[0.957243,-0.167523,-0.235843],[0.15976,-0.373527,0.913758]],[[-0.238508,-0.91839,-0.315712],[-0.0228886,0.33032,-0.943592],[0.970871,-0.217828,-0.0998046]],[[-0.238508,-0.91839,-0.315712],[-0.933735,0.306222,-0.185384],[0.266933,0.250576,-0.930569]],[[-0.238508,-0.91839,-0.315712],[-0.936804,0.131895,0.324041],[-0.255955,0.373046,-0.891809]]],4]],[[0,200,0],[235.247,235.247,147.751]]],[262643,4723156232,[[177,"right",[-0.0827746,0.617986,-0.78182],[-0.994202,-0.105239,0.022075],[18.4147,189.73,27.9138],[13.1431,42.2037,-19.8197],[17.822,187.345,28.7961],1,1,0.315739,[[0.089797,-0.791761,-0.604194],[0.728029,0.466154,-0.502666],[0.679639,-0.394733,0.618285]],63.72,[211.205,44.2963,232.224],[27.7027,150.874,65.2868]]],[[1770,[-0.578755,-0.0381598,-0.814608],177,52.1164,[-32.8443,181.45,25.8245],[-32.9461,182.763,25.3598],[37.4018,-14.778,14.0901],false,[15.2919,169.834,85.9644],[15.2919,169.834,85.9644],[-14.8142,199.594,59.5116],[-34.5472,198.293,31.7371],[-32.0543,176.3,24.1325],[[[0.900708,-0.0987959,-0.423042],[0.421687,0.432912,0.796722],[0.104427,-0.896006,0.431589]],[[0.775562,0.283021,-0.564272],[0.186425,0.751314,0.633067],[0.603116,-0.596177,0.529928]],[[0.775562,0.283021,-0.564272],[-0.252084,0.958354,0.134204],[0.578755,0.0381598,0.814608]],[[0.775562,0.283021,-0.564272],[-0.62222,0.191898,-0.758959],[-0.106519,0.93972,0.32493]]],0],[1771,[-0.29541,-0.715156,0.633471],177,58.8075,[-29.1093,198.041,44.6475],[-28.0876,197.94,45.3206],[-18.573,76.6825,-41.8435],false,[34.3997,172.221,72.1413],[16.7744,224.913,23.9197],[-26.0518,224.994,20.5018],[-33.1919,207.709,35.813],[-27.8111,195.975,47.0055],[[[0.0537633,-0.664292,-0.745537],[0.969388,0.21385,-0.12064],[0.239574,-0.716229,0.655455]],[[0.0574161,-0.675154,-0.735439],[0.055102,0.737674,-0.672904],[0.996829,-0.00188855,0.0795567]],[[0.0574161,-0.675154,-0.735439],[-0.953644,0.180885,-0.240509],[0.29541,0.715156,-0.633471]],[[0.0574161,-0.675154,-0.735439],[-0.947374,-0.269229,0.173198],[-0.314937,0.686792,-0.655082]]],1],[1772,[-0.266616,-0.561835,0.783107],177,67.0064,[-30.0851,186.124,45.0064],[-29.4822,186.493,45.1083],[-34.3969,82.9255,-64.7836],false,[36.5637,164.915,62.4685],[20.4243,208.05,10.0619],[-27.6294,211.612,11.261],[-35.211,195.635,33.5298],[-28.9998,184.637,47.4436],[[[-0.0804138,-0.781608,-0.618565],[0.969547,0.0826887,-0.230526],[0.231329,-0.618265,0.751156]],[[-0.0740788,-0.798169,-0.597862],[0.0243206,0.597885,-0.801213],[0.996956,-0.0738932,-0.0248786]],[[-0.0740788,-0.798169,-0.597862],[-0.960952,0.217411,-0.171185],[0.266616,0.561835,-0.783107]],[[-0.0740788,-0.798169,-0.597862],[-0.940887,-0.142757,0.307168],[-0.330521,0.585275,-0.740411]]],2],[1773,[-0.179668,-0.480207,0.858557],177,64.4285,[-21.8263,169.182,42.0484],[-21.9174,169.878,41.4872],[28.1586,32.1805,-13.0595],false,[36.2638,155.942,54.0829],[22.4583,187.036,1.4872],[-21.7608,190.166,7.06762],[-26.738,176.863,30.8514],[-19.7858,167.316,45.3293],[[[-0.118354,-0.868066,-0.482134],[0.968204,0.00688395,-0.250067],[0.220394,-0.496401,0.83965]],[[-0.124104,-0.854722,-0.504033],[-0.0714466,0.514338,-0.854606],[0.989694,-0.0700489,-0.124899]],[[-0.124104,-0.854722,-0.504033],[-0.975868,0.197109,-0.09397],[0.179668,0.480207,-0.858557]],[[-0.124104,-0.854722,-0.504033],[-0.919861,-0.0913811,0.381452],[-0.372094,0.51098