{"metadata":{"formatVersion":2,"generatedBy":"LeapJS Playback 0.2.1","frames":132,"protocolVersion":6,"serviceVersion":"2.2.6+29154","frameRate":"1.1e+2","modified":"Thu Jun 04 2015 14:55:56 GMT-0300 (E. South America Standard Time)"},"frames":[["id","timestamp",{"hands":[["id","type","direction","palmNormal","palmPosition","palmVelocity","stabilizedPalmPosition","pinchStrength","grabStrength","confidence","armBasis","armWidth","elbow","wrist"]]},{"pointables":[["id","direction","handId","length","stabilizedTipPosition","tipPosition","tipVelocity","tool","carpPosition","mcpPosition","pipPosition","dipPosition","btipPosition","bases","type"]]},{"interactionBox":["center","size"]}],[262497,4721791549,[[177,"right",[-0.501821,0.582029,-0.639858],[-0.727229,-0.684407,-0.052208],[-1.30826,180.889,46.074],[30.3679,37.6701,-12.8692],[5.00332,182.632,35.7933],0.799915,1,0.40821,[[0.428995,-0.41105,-0.804364],[0.621662,0.780394,-0.0672465],[0.655362,-0.471194,0.590319]],63.72,[209.449,21.8468,234.394],[32.5015,149.069,75.0073]]],[[1770,[-0.591552,-0.0315253,-0.80565],177,52.1164,[-42.287,153.961,30.6952],[-44.1464,157.312,33.0855],[-109.524,147.769,131.336],false,[13.014,152.204,98.4907],[13.014,152.204,98.4907],[-27.3801,169.018,74.4619],[-47.5495,167.943,46.9928],[-43.4261,153.661,28.9167],[[[0.740978,0.549022,-0.386686],[0.144177,0.432336,0.890112],[0.655869,-0.715304,0.241195]],[[0.554065,0.710019,-0.434608],[-0.195395,0.618402,0.761183],[0.809217,-0.336825,0.481369]],[[0.554065,0.710019,-0.434608],[-0.585728,0.703476,0.402547],[0.591552,0.0315253,0.80565]],[[0.554065,0.710019,-0.434608],[-0.813615,0.351367,-0.463218],[-0.176187,0.610257,0.772363]]],0],[1771,[0.498623,-0.689955,0.524727],177,58.8075,[-27.6156,148.948,62.0121],[-31.3073,157.195,67.0604],[-69.9324,225.076,120.863],false,[25.6412,168.273,86.4809],[-24.0081,207.913,49.3848],[-53.9119,177.092,48.1091],[-41.86,160.416,60.7919],[-27.4127,156.779,69.1564],[[[0.377405,-0.335166,-0.863266],[0.634135,0.772885,-0.0228427],[0.674862,-0.538807,0.504231]],[[0.400438,-0.353536,-0.845376],[-0.595961,0.600311,-0.533345],[0.696046,0.717383,0.0296941]],[[0.400438,-0.353536,-0.845376],[-0.768781,-0.631645,-0.100003],[-0.498623,0.689955,-0.524727]],[[0.400438,-0.353536,-0.845376],[-0.353042,-0.910875,0.213699],[-0.845583,0.21288,-0.489563]]],1],[1772,[0.428944,-0.632781,0.644667],177,67.0064,[-19.3238,140.406,55.5199],[-25.5238,147.618,62.8644],[-109.922,175.397,147.639],false,[30.9202,165.824,75.6297],[-12.179,199.785,32.5405],[-48.9393,168.929,37.002],[-36.7416,150.935,55.334],[-21.2927,147.034,65.2965],[[[0.35144,-0.531694,-0.770579],[0.703473,0.693077,-0.157383],[0.61775,-0.486771,0.617607]],[[0.357512,-0.536466,-0.764454],[-0.539021,0.549922,-0.637999],[0.762655,0.640148,-0.0925626]],[[0.357512,-0.536466,-0.764454],[-0.829574,-0.558384,0.00388739],[-0.428944,0.632781,-0.644667]],[[0.357512,-0.536466,-0.764454],[-0.443093,-0.817994,0.366817],[-0.822104,0.207582,-0.530146]]],2],[1773,[0.157199,-0.678659,0.717433],177,64.4285,[-15.9536,135.774,43.4027],[-22.4362,139.763,50.6007],[-169.731,118.496,157.683],false,[35.3431,160.347,65.5611],[1.29298,186.433,19.9116],[-37.1136,163.611,20.4943],[-32.7589,144.811,40.3687],[-20.4784,138.439,52.926],[[[0.384479,-0.648255,-0.657222],[0.746118,0.637448,-0.192267],[0.543584,-0.416443,0.728761]],[[0.366671,-0.634427,-0.680481],[-0.355865,0.580159,-0.732649],[0.8596,0.510801,-0.0130426]],[[0.366671,-0.634427,-0.680481],[-0.916974,-0.370033,-0.149113],[-0.157199,0.678659,-0.717433]],[[0.366671,-0.634427,-0.680481],[-0.658443,-0.693698,0.291953],[-0.657271,0.341008,-0.672093]]],3],[1774,[0.0599534,-0.572128,0.81797],177,50.5107,[-4.66197,140.807,32.7704],[-11.4989,140.762,38.5206],[-176.646,27.301,126.201],false,[36.6468,148.652,57.5565],[11.2919,170.246,10.0896],[-21.1038,156.233,12.1949],[-19.9311,145.043,28.1934],[-9.80125,139.601,41.0341],[[[0.316208,-0.788451,-0.527596],[0.84191,0.489548,-0.227004],[0.437265,-0.372407,0.818604]],[[0.297421,-0.771986,-0.561764],[-0.268592,0.496973,-0.825152],[0.916187,0.396303,-0.0595395]],[[0.297421,-0.771986,-0.561764],[-0.952862,-0.276961,-0.12388],[-0.0599534,0.572128,-0.81797]],[[0.297421,-0.771986,-0.561764],[-0.752437,-0.55171,0.359799],[-0.58769,0.31568,-0.74496]]],4]],[[0,200,0],[235.247,235.247,147.751]]],[262498,4721800793,[[177,"right",[-0.478792,0.582326,-0.657004],[-0.761564,-0.647806,-0.0191837],[-0.895578,181.403,45.7254],[34.3774,42.6973,-19.8451],[4.9294,182.616,35.9178],0.792606,1,0.419367,[[0.385886,-0.455507,-0.80225],[0.64372,0.755867,-0.119539],[0.660845,-0.470296,0.584897]],63.72,[210.007,22.0319,233.464],[31.5787,149.012,75.5416]]],[[1770,[-0.606129,-0.0275785,-0.794888],177,52.1164,[-43.5989,156.127,32.1201],[-45.3269,159.78,34.281],[-119.097,186.851,134.861],false,[12.5404,154.025,99.0676],[12.5404,154.025,99.0676],[-27.3477,172.116,75.1212],[-48.014,171.176,48.019],[-45.0113,156.14,30.3376],[[[0.763495,0.495403,-0.414308],[0.175918,0.457733,0.871512],[0.621392,-0.738279,0.262327]],[[0.582221,0.665493,-0.467052],[-0.149983,0.652513,0.742787],[0.799077,-0.362416,0.479719]],[[0.582221,0.665493,-0.467052],[-0.541873,0.745894,0.387318],[0.606129,0.0275785,0.794888]],[[0.582221,0.665493,-0.467052],[-0.802844,0.379945,-0.459437],[-0.128298,0.642464,0.7555]]],0],[1771,[0.468858,-0.694215,0.546112],177,58.8075,[-28.2195,150.878,63.0206],[-31.8114,160.086,67.8859],[-65.0884,248.781,111.33],false,[25.831,168.962,86.3341],[-22.1562,209.658,48.209],[-53.5944,180.377,48.3967],[-42.2619,163.598,61.5964],[-27.9252,159.544,69.9596],[[[0.350191,-0.386419,-0.853257],[0.672243,0.738029,-0.0583345],[0.652269,-0.553168,0.518218]],[[0.372449,-0.405241,-0.834902],[-0.570796,0.609321,-0.550381],[0.73176,0.681548,-0.00436959]],[[0.372449,-0.405241,-0.834902],[-0.800908,-0.594849,-0.0685589],[-0.468858,0.694215,-0.546112]],[[0.372449,-0.405241,-0.834902],[-0.396451,-0.882885,0.251675],[-0.839112,0.237262,-0.489488]]],1],[1772,[0.403545,-0.628998,0.664465],177,67.0064,[-19.9668,141.382,56.3643],[-26.5681,150.076,64.0068],[-110.458,199.782,140.332],false,[30.8567,165.837,75.5361],[-10.9447,200.304,31.5793],[-49.1684,171.557,37.5643],[-37.6931,153.671,56.4593],[-22.351,149.365,66.4205],[[[0.315329,-0.577717,-0.752868],[0.735927,0.649751,-0.190356],[0.599149,-0.494031,0.630043]],[[0.32125,-0.582583,-0.746589],[-0.517614,0.552167,-0.653595],[0.793016,0.596412,-0.12417]],[[0.32125,-0.582583,-0.746589],[-0.856709,-0.514741,0.0330329],[-0.403545,0.628998,-0.664465]],[[0.32125,-0.582583,-0.746589],[-0.479864,-0.779811,0.402026],[-0.816412,0.22911,-0.530075]]],2],[1773,[0.130607,-0.658199,0.741428],177,64.4285,[-17.1261,136.561,44.4592],[-24.0339,141.612,52.0191],[-170.454,142.083,156.638],false,[34.8826,159.765,65.6442],[1.68966,185.814,19.3468],[-37.8167,165.024,21.1602],[-34.1986,146.79,41.6992],[-22.117,140.279,54.3769],[[[0.343681,-0.691447,-0.63544],[0.775299,0.590736,-0.223478],[0.5299,-0.415851,0.739103]],[[0.326342,-0.677619,-0.65904],[-0.334163,0.569488,-0.751012],[0.884215,0.465314,-0.0405873]],[[0.326342,-0.677619,-0.65904],[-0.936185,-0.328035,-0.126297],[-0.130607,0.658199,-0.741428]],[[0.326342,-0.677619,-0.65904],[-0.689469,-0.64759,0.324436],[-0.646632,0.348511,-0.678533]]],3],[1774,[0.0371775,-0.544081,0.838209],177,50.5107,[-5.8334,140.922,33.5941],[-13.2908,141.609,39.7312],[-181.614,45.8235,127.354],false,[35.5012,147.724,58.0819],[10.7433,168.777,10.0599],[-22.3228,156.58,12.9152],[-21.5957,145.939,29.3096],[-11.6371,140.453,42.2651],[[[0.269844,-0.822968,-0.499908],[0.863065,0.436923,-0.253409],[0.426969,-0.363072,0.828176]],[[0.251377,-0.806725,-0.534794],[-0.249611,0.479813,-0.841115],[0.935149,0.344927,-0.0807529]],[[0.251377,-0.806725,-0.534794],[-0.967175,-0.230589,-0.106778],[-0.0371775,0.544081,-0.838209]],[[0.251377,-0.806725,-0.534794],[-0.776537,-0.497919,0.386092],[-0.577754,0.318233,-0.751617]]],4]],[[0,200,0],[235.247,235.247,147.751]]],[262499,4721809479,[[177,"right",[-0.449355,0.578204,-0.681],[-0.797587,-0.603035,0.0142771],[-0.511496,181.778,45.0285],[36.9992,42.8295,-35.9329],[4.86178,182.606,36.031],0.784543,1,0.431012,[[0.336631,-0.505161,-0.794665],[0.66274,0.726608,-0.181152],[0.668921,-0.465675,0.579389]],63.72,[210.875,23.2388,232.595],[30.2667,148.971,76.1598]]],[[1770,[-0.61783,-0.0237492,-0.785953],177,52.1164,[-44.9151,158.558,33.3202],[-46.5342,162.483,35.0321],[-128.35,225.451,125.052],false,[11.7185,156.147,99.5164],[11.7185,156.147,99.5164],[-27.3704,175.495,75.2373],[-48.4357,174.685,48.4397],[-46.6206,158.834,31.3179],[[[0.787629,0.431051,-0.440268],[0.208201,0.486325,0.848611],[0.579908,-0.760055,0.293299]],[[0.613327,0.610932,-0.500591],[-0.103119,0.69031,0.716127],[0.783069,-0.3876,0.486385]],[[0.613327,0.610932,-0.500591],[-0.492052,0.791327,0.362886],[0.61783,0.0237492,0.785953]],[[0.613327,0.610932,-0.500591],[-0.786012,0.409882,-0.462798],[-0.0775547,0.677317,0.731592]]],0],[1771,[0.434204,-0.692856,0.575689],177,58.8075,[-28.892,153.331,64.0567],[-32.3582,163.357,68.311],[-63.6061,281.943,94.1673],false,[25.7513,169.693,86.0452],[-20.0979,211.296,46.3016],[-53.1379,183.888,48.0112],[-42.643,167.141,61.9259],[-28.4828,162.696,70.3904],[[[0.321251,-0.444689,-0.836092],[0.713029,0.694604,-0.0954696],[0.623207,-0.565488,0.540218]],[[0.342644,-0.464008,-0.816879],[-0.539595,0.614582,-0.575435],[0.769046,0.637954,-0.0397937]],[[0.342644,-0.464008,-0.816879],[-0.833104,-0.551949,-0.0359286],[-0.434204,0.692856,-0.575689]],[[0.342644,-0.464008,-0.816879],[-0.442402,-0.846764,0.295416],[-0.82878,0.260166,-0.495417]]],1],[1772,[0.3696,-0.620995,0.691202],177,67.0064,[-20.777,142.693,57.3193],[-27.8436,152.875,64.8294],[-122.116,231.132,126.953],false,[30.511,165.792,75.3802],[-9.56226,200.559,30.0705],[-49.3764,174.422,37.485],[-38.8663,156.763,57.1403],[-23.7402,152.023,67.2336],[[[0.276203,-0.628853,-0.726812],[0.770584,0.596841,-0.223563],[0.574379,-0.498321,0.649434]],[[0.281972,-0.63384,-0.720235],[-0.488054,0.551548,-0.67646],[0.826012,0.542257,-0.153826]],[[0.281972,-0.63384,-0.720235],[-0.885374,-0.461099,0.0591633],[-0.3696,0.620995,-0.691202]],[[0.281972,-0.63384,-0.720235],[-0.522108,-0.73118,0.439066],[-0.804919,0.252236,-0.537105]]],2],[1773,[0.0980451,-0.629914,0.770451],177,64.4285,[-18.4447,137.572,45.5942],[-25.8524,143.719,53.2578],[-180.421,169.531,152.934],false,[34.1101,159.05,65.761],[2.13107,184.818,18.4626],[-38.4881,166.444,21.4177],[-35.772,148.994,42.7607],[-23.9918,142.385,55.67],[[[0.298836,-0.738523,-0.604385],[0.806266,0.534198,-0.254103],[0.510522,-0.411361,0.755083]],[[0.282153,-0.724819,-0.628512],[-0.306413,0.552732,-0.774983],[0.909121,0.411248,-0.0661392]],[[0.282153,-0.724819,-0.628512],[-0.954346,-0.279008,-0.106667],[-0.0980451,0.629914,-0.770451]],[[0.282153,-0.724819,-0.628512],[-0.723092,-0.591222,0.357204],[-0.630498,0.353686,-0.690926]]],3],[1774,[0.0119077,-0.506429,0.8622],177,50.5107,[-7.10228,141.141,34.4671],[-15.2222,142.533,40.9275],[-192.13,62.3594,130.187],false,[33.9822,146.66,58.7604],[10.1249,166.879,9.93134],[-23.566,156.756,13.4961],[-23.3331,146.851,30.3597],[-13.6121,141.398,43.508],[[[0.218561,-0.859214,-0.462582],[0.884845,0.374372,-0.277298],[0.411436,-0.348707,0.842095]],[[0.200743,-0.843495,-0.498215],[-0.22768,0.45447,-0.861173],[0.952819,0.286308,-0.100815]],[[0.200743,-0.843495,-0.498215],[-0.979572,-0.179013,-0.091618],[-0.0119077,0.506429,-0.8622]],[[0.200743,-0.843495,-0.498215],[-0.801025,-0.434106,0.412204],[-0.56397,0.316335,-0.762804]]],4]],[[0,200,0],[235.247,235.247,147.751]]],[262500,4721836731,[[177,"right",[-0.392768,0.554986,-0.733297],[-0.851618,-0.520453,0.0622443],[0.312776,183.136,43.9077],[32.8011,47.1835,-39.1626],[4.66874,182.628,36.3653],0.728171,1,0.440359,[[0.247471,-0.586844,-0.770956],[0.686941,0.667414,-0.287526],[0.683279,-0.458447,0.568292]],63.72,[212.332,26.6881,231.515],[27.8471,150.469,78.0758]]],[[1770,[-0.62753,-0.019966,-0.778336],177,52.1164,[-48.1372,167.293,35.6466],[-47.9252,168.128,35.663],[-83.7115,222.44,63.5019],false,[10.0984,161.449,100.559],[10.0984,161.449,100.559],[-27.1246,182.407,74.7336],[-48.5206,181.727,48.1958],[-48.5966,164.538,32.3125],[[[0.824742,0.312673,-0.471208],[0.254793,0.538423,0.803232],[0.504858,-0.782519,0.364392]],[[0.665596,0.504912,-0.549587],[-0.0304658,0.754172,0.65597],[0.74569,-0.419868,0.517356]],[[0.665596,0.504912,-0.549587],[-0.403964,0.86294,0.303558],[0.62753,0.019966,0.778336]],[[0.665596,0.504912,-0.549587],[-0.746305,0.453503,-0.487201],[0.00324558,0.734438,0.678668]]],0],[1771,[0.369665,-0.674808,0.638735],177,58.8075,[-31.2361,164.902,67.1705],[-32.9989,170.053,68.5308],[-37.801,258.179,40.0908],false,[25.3471,172.33,86.0345],[-16.3574,214.382,42.3904],[-51.836,190.478,46.3388],[-42.901,174.167,61.7772],[-29.1878,169.223,70.689],[[[0.276228,-0.546541,-0.790564],[0.776115,0.612016,-0.151926],[0.566872,-0.571603,0.593234]],[[0.295854,-0.566167,-0.769367],[-0.480119,0.608158,-0.632162],[0.825806,0.556415,-0.0919016]],[[0.295854,-0.566167,-0.769367],[-0.880805,-0.473381,0.0096478],[-0.369665,0.674808,-0.638735]],[[0.295854,-0.566167,-0.769367],[-0.517951,-0.771824,0.368801],[-0.802619,0.289383,-0.521594]]],1],[1772,[0.305366,-0.589783,0.747601],177,67.0064,[-24.9625,150.85,61.5286],[-29.7296,158.996,65.8722],[-92.6963,226.773,69.3831],false,[29.6991,167.051,75.7967],[-6.91695,201.276,27.2632],[-49.1928,180.015,36.4291],[-40.5092,163.244,57.6881],[-25.8966,158.019,68.2856],[[[0.213892,-0.715014,-0.665587],[0.823899,0.498108,-0.270332],[0.524825,-0.490554,0.69564]],[[0.219602,-0.720321,-0.657961],[-0.427198,0.535328,-0.728647],[0.877084,0.441092,-0.190161]],[[0.219602,-0.720321,-0.657961],[-0.926567,-0.365094,0.0904441],[-0.305366,0.589783,-0.747601]],[[0.219602,-0.720321,-0.657961],[-0.589163,-0.635473,0.499061],[-0.7776,0.278051,-0.563937]]],2],[1773,[0.0763518,-0.556287,0.827475],177,64.4285,[-22.114,142.007,49.6032],[-27.5519,148.554,55.7332],[-89.0256,172.429,124.219],false,[32.6251,159.161,66.8459],[3.20257,183.514,17.1967],[-38.664,168.829,22.47],[-36.5489,153.418,45.3928],[-24.9421,147.229,58.6617],[[[0.226071,-0.814911,-0.533678],[0.853385,0.429859,-0.294881],[0.469708,-0.388769,0.792612]],[[0.210972,-0.802095,-0.55869],[-0.278296,0.498615,-0.820935],[0.937039,0.328676,-0.118026]],[[0.210972,-0.802095,-0.55869],[-0.974506,-0.217231,-0.0561198],[-0.0763518,0.556287,-0.827475]],[[0.210972,-0.802095,-0.55869],[-0.754709,-0.496894,0.428382],[-0.621213,0.331272,-0.710179]]],3],[1774,[-0.0354685,-0.425991,0.904032],177,50.5107,[-11.2099,142.649,37.407],[-18.0971,145.264,43.218],[-137.728,86.2275,101.342],false,[31.3036,146.261,60.9808],[9.43291,164.201,10.3635],[-25.0676,157.7,14.5728],[-25.7613,149.368,32.2546],[-16.5895,144.212,45.9074],[[[0.134783,-0.914178,-0.382247],[0.916281,0.261831,-0.303106],[0.377177,-0.309392,0.872934]],[[0.118429,-0.900019,-0.419453],[-0.184264,0.395169,-0.899938],[0.975716,0.183869,-0.119042]],[[0.118429,-0.900019,-0.419453],[-0.992329,-0.0921859,-0.0823718],[0.0354685,0.425991,-0.904032]],[[0.118429,-0.900019,-0.419453],[-0.838355,-0.316998,0.443479],[-0.532105,0.29913,-0.792076]]],4]],[[0,200,0],[235.247,235.247,147.751]]],[262501,4721845599,[[177,"right",[-0.351896,0.563356,-0.747528],[-0.87826,-0.474953,0.0555009],[1.11947,184.777,43.1446],[48.5731,84.5642,-51.8763],[4.6095,182.664,36.4784],0.719302,1,0.44371,[[0.217655,-0.612506,-0.75991],[0.688528,0.648186,-0.325244],[0.691777,-0.452428,0.562809]],63.72,[213.164,29.0987,230.184],[26.384,151.254,78.2258]]],[[1770,[-0.616801,0.00276543,-0.787114],177,52.1164,[-48.2928,170.2,35.133],[-47.7821,172.234,34.3912],[-56.2797,289.451,7.55095],false,[8.87278,163.47,100.253],[8.87278,163.47,100.253],[-26.8401,185.949,73.5869],[-47.8703,186.043,46.7498],[-48.5898,168.657,31.0994],[[[0.847158,0.262697,-0.461858],[0.269531,0.536632,0.799612],[0.457903,-0.801883,0.383807]],[[0.698677,0.462463,-0.545874],[-0.00123392,0.763772,0.645485],[0.715436,-0.450312,0.5342]],[[0.698677,0.462463,-0.545874],[-0.362502,0.886634,0.28718],[0.616801,-0.00276543,0.787114]],[[0.698677,0.462463,-0.545874],[-0.714777,0.484001,-0.504814],[0.0307458,0.74288,0.668718]]],0],[1771,[0.323858,-0.683321,0.654361],177,58.8075,[-31.7137,168.226,67.2893],[-33.2096,173.808,67.3899],[-34.0759,301.997,-5.65391],false,[24.8916,173.333,85.8303],[-13.8873,216.813,40.9069],[-50.6209,194.84,44.5921],[-42.7932,178.324,60.4083],[-29.4972,172.816,69.6167],[[[0.260093,-0.571868,-0.778022],[0.809019,0.568918,-0.147715],[0.527105,-0.591015,0.610624]],[[0.278377,-0.592197,-0.75618],[-0.437549,0.62267,-0.648717],[0.855019,0.511453,-0.0857781]],[[0.278377,-0.592197,-0.75618],[-0.904225,-0.427054,0.00156728],[-0.323858,0.683321,-0.654361]],[[0.278377,-0.592197,-0.75618],[-0.562951,-0.738491,0.371102],[-0.778198,0.322387,-0.538957]]],1],[1772,[0.232778,-0.602045,0.763778],177,67.0064,[-26.5891,153.85,62.2252],[-31.3881,162.73,64.5119],[-136.503,278.662,4.25168],false,[29.1264,167.683,75.7422],[-4.89853,203.012,26.1263],[-48.7917,184.727,34.021],[-42.1724,167.607,55.7401],[-28.328,161.531,66.9003],[[[0.187161,-0.735011,-0.651713],[0.85272,0.450933,-0.263681],[0.487687,-0.506378,0.711156]],[[0.193075,-0.741111,-0.643022],[-0.365318,0.553937,-0.748128],[0.91064,0.379352,-0.16379]],[[0.193075,-0.741111,-0.643022],[-0.953172,-0.297147,0.0562743],[-0.232778,0.602045,-0.763778]],[[0.193075,-0.741111,-0.643022],[-0.64805,-0.588389,0.483559],[-0.736718,0.323347,-0.59388]]],2],[1773,[0.0424567,-0.545479,0.837048],177,64.4285,[-23.2369,143.791,50.5768],[-28.4506,151.856,55.0783],[-87.934,226.14,72.6108],false,[31.7821,159.519,66.9543],[4.4475,184.603,16.4826],[-38.1466,172.061,21.4527],[-36.9705,156.95,44.6406],[-25.7951,150.441,58.1251],[[[0.192071,-0.833405,-0.518213],[0.879025,0.380895,-0.286764],[0.436376,-0.400443,0.805743]],[[0.1781,-0.820253,-0.543568],[-0.24383,0.498385,-0.831961],[0.953324,0.280711,-0.11124]],[[0.1781,-0.820253,-0.543568],[-0.983096,-0.172157,-0.0623248],[-0.0424567,0.545479,-0.837048]],[[0.1781,-0.820253,-0.543568],[-0.781361,-0.453659,0.428566],[-0.598127,0.348395,-0.72171]]],3],[1774,[-0.070894,-0.410143,0.909262],177,50.5107,[-12.4962,143.459,38.1333],[-19.2034,147.892,42.688],[-133.087,143.726,57.7263],false,[29.8886,146.618,61.2521],[9.77874,164.895,10.029],[-25.071,160.235,13.7774],[-26.4576,152.213,31.5615],[-17.7706,146.797,45.4291],[[[0.0933873,-0.925553,-0.366921],[0.933274,0.209749,-0.291555],[0.346811,-0.315211,0.883382]],[[0.0782786,-0.911032,-0.404838],[-0.149933,0.390707,-0.908222],[0.985592,0.131793,-0.10601]],[[0.0782786,-0.911032,-0.404838],[-0.994408,-0.0424752,-0.0966921],[0.070894,0.410143,-0.909262]],[[0.0782786,-0.911032,-0.404838],[-0.860162,-0.267008,0.434545],[-0.503979,0.314211,-0.804535]]],4]],[[0,200,0],[235.247,235.247,147.751]]],[262502,4721854977,[[177,"right",[-0.297776,0.551484,-0.779227],[-0.914284,-0.399559,0.0666066],[1.66519,187.215,41.6769],[51.3076,134.438,-81.6202],[4.53924,182.773,36.6025],0.743776,1,0.444422,[[0.153214,-0.664179,-0.731704],[0.693349,0.599849,-0.399309],[0.704125,-0.446147,0.552414]],63.72,[213.902,33.1199,227.869],[23.7881,153.579,78.717]]],[[1770,[-0.609565,0.0167696,-0.792558],177,52.1164,[-48.5972,175.494,34.0838],[-48.1717,178.417,33.058],[-51.5418,398.006,-34.0122],false,[7.10411,168.253,99.8689],[7.10411,168.253,99.8689],[-26.4997,192.252,71.8231],[-47.2832,192.824,44.8004],[-49.2477,174.807,29.9931],[[[0.870159,0.170326,-0.462398],[0.304084,0.552789,0.775859],[0.387758,-0.815728,0.429221]],[[0.737364,0.37909,-0.559093],[0.0558158,0.790655,0.609712],[0.673186,-0.480786,0.561841]],[[0.737364,0.37909,-0.559093],[-0.291075,0.925208,0.243446],[0.609565,-0.0167696,0.792558]],[[0.737364,0.37909,-0.559093],[-0.67026,0.513453,-0.535833],[0.0839388,0.769842,0.632691]]],0],[1771,[0.259835,-0.673674,0.691845],177,58.8075,[-32.3658,174.129,66.6579],[-33.6858,180.331,65.9029],[-40.2288,412.968,-50.4381],false,[24.0099,176.061,85.2021],[-10.68,220.199,37.6535],[-49.1536,201.538,41.8152],[-42.8733,185.255,58.5373],[-30.1519,179.177,68.1882],[[[0.220719,-0.629278,-0.745179],[0.853784,0.494023,-0.164298],[0.471525,-0.599958,0.646308]],[[0.237165,-0.649988,-0.721989],[-0.376559,0.623582,-0.685091],[0.89552,0.434351,-0.0968672]],[[0.237165,-0.649988,-0.721989],[-0.936076,-0.35168,0.00911772],[-0.259835,0.673674,-0.691845]],[[0.237165,-0.649988,-0.721989],[-0.623991,-0.671536,0.399593],[-0.744572,0.355745,-0.564852]]],1],[1772,[0.146204,-0.584488,0.798122],177,67.0064,[-29.3402,159.428,62.4764],[-33.7022,169.168,63.2218],[-180.728,395.219,-39.6624],false,[27.8741,169.59,75.4648],[-2.69006,204.996,23.698],[-48.3001,191.259,31.0662],[-44.1426,174.638,53.7619],[-31.2965,167.818,65.6617],[[[0.13359,-0.779486,-0.612009],[0.888953,0.367232,-0.273685],[0.438083,-0.507486,0.741985]],[[0.139703,-0.786506,-0.601574],[-0.291678,0.547889,-0.784055],[0.946259,0.285,-0.152865]],[[0.139703,-0.786506,-0.601574],[-0.97934,-0.199452,0.0333361],[-0.146204,0.584488,-0.798122]],[[0.139703,-0.786506,-0.601574],[-0.716368,-0.499697,0.48695],[-0.683593,0.36292,-0.633237]]],2],[1773,[-0.00580422,-0.503857,0.863767],177,64.4285,[-25.0319,147.268,51.653],[-30.4597,157.416,54.841],[-121.686,329.815,45.5913],false,[29.9482,160.808,67.128],[5.2325,185.435,15.1049],[-38.264,176.57,20.1767],[-38.4248,162.612,44.1048],[-27.8776,155.945,58.0119],[[[0.129205,-0.871122,-0.473765],[0.909738,0.294238,-0.292918],[0.394567,-0.393155,0.830509]],[[0.116639,-0.858227,-0.499842],[-0.196601,0.473366,-0.858646],[0.973521,0.198421,-0.113515]],[[0.116639,-0.858227,-0.499842],[-0.993157,-0.0978474,-0.0637506],[0.00580422,0.503857,-0.863767]],[[0.116639,-0.858227,-0.499842],[-0.817146,-0.368982,0.442859],[-0.564507,0.356789,-0.744334]]],3],[1774,[-0.112496,-0.356975,0.927315],177,50.5107,[-14.4592,145.262,38.9817],[-21.5692,152.108,42.7427],[-165.953,231.262,42.6827],false,[27.0747,147.829,62.0431],[9.01697,165.063,9.70581],[-26.1315,163.411,13.1885],[-28.3318,156.429,31.3257],[-20.2397,151.038,45.5582],[[[0.0219009,-0.947332,-0.319503],[0.95002,0.119267,-0.288508],[0.311419,-0.297216,0.902597]],[[0.00837042,-0.933546,-0.358359],[-0.108692,0.355399,-0.928374],[0.99404,0.0467216,-0.0984941]],[[0.00837042,-0.933546,-0.358359],[-0.993617,0.0325518,-0.108008],[0.112496,0.356975,-0.927315]],[[0.00837042,-0.933546,-0.358359],[-0.882911,-0.175149,0.435651],[-0.469466,0.312752,-0.825704]]],4]],[[0,200,0],[235.247,235.247,147.751]]],[262503,4721863704,[[177,"right",[-0.257147,0.530799,-0.807544],[-0.924258,-0.379091,0.0451355],[1.37956,191.75,38.9114],[28.8291,237.449,-144.552],[4.42132,183.108,36.6886],0.738571,1,0.341647,[[0.130834,-0.675496,-0.725664],[0.697088,0.583144,-0.417147],[0.704947,-0.451275,0.547175]],63.72,[211.745,37.102,225.578],[21.4092,158.946,77.8411]]],[[1770,[-0.589364,0.0219708,-0.807569],177,52.1164,[-49.2913,181.709,31.4726],[-48.932,184.857,29.2872],[-67.0094,502.031,-136.883],false,[4.26292,174.644,97.8569],[4.26292,174.644,97.8569],[-27.995,199.012,68.5755],[-48.0897,199.761,41.0409],[-50.2463,181.654,26.3718],[[[0.89005,0.137633,-0.434589],[0.286604,0.572405,0.768252],[0.354498,-0.808338,0.470023]],[[0.760769,0.351423,-0.545649],[0.0602231,0.798873,0.598477],[0.646223,-0.488163,0.586594]],[[0.760769,0.351423,-0.545649],[-0.27181,0.935959,0.223831],[0.589364,-0.0219708,0.807569]],[[0.760769,0.351423,-0.545649],[-0.642447,0.527126,-0.556237],[0.0921511,0.773719,0.626792]]],0],[1771,[0.209374,-0.658355,0.723002],177,58.8075,[-33.7772,181.326,63.8709],[-35.2164,186.524,61.7934],[-83.7488,492.965,-166.087],false,[21.8595,181.623,83.5902],[-10.1175,224.816,33.3472],[-49.2675,207.37,36.298],[-44.2068,191.458,53.7733],[-32.0535,185.395,64.1393],[[[0.234993,-0.658103,-0.715317],[0.869401,0.471397,-0.14808],[0.43465,-0.587099,0.68293]],[[0.250366,-0.67865,-0.690472],[-0.326985,0.612004,-0.720091],[0.911262,0.40606,-0.0686833]],[[0.250366,-0.67865,-0.690472],[-0.945241,-0.325582,-0.0227381],[-0.209374,0.658355,-0.723002]],[[0.250366,-0.67865,-0.690472],[-0.656763,-0.643047,0.393894],[-0.711322,0.354859,-0.606709]]],1],[1772,[0.102559,-0.560081,0.822065],177,67.0064,[-32.2174,166.568,61.1149],[-35.2095,175.112,59.7209],[-177.865,470.661,-135.543],false,[25.9459,174.755,74.2226],[-1.93506,209,20.2084],[-48.046,196.376,26.3492],[-45.1296,180.45,49.7258],[-32.9288,173.758,62.3551],[[[0.139878,-0.802026,-0.580679],[0.905945,0.340346,-0.251851],[0.399623,-0.490835,0.774198]],[[0.145658,-0.809059,-0.569392],[-0.252195,0.526153,-0.812134],[0.956651,0.261891,-0.127402]],[[0.145658,-0.809059,-0.569392],[-0.984005,-0.178136,0.00139606],[-0.102559,0.560081,-0.822065]],[[0.145658,-0.809059,-0.569392],[-0.74649,-0.467574,0.473422],[-0.649259,0.356088,-0.67206]]],2],[1773,[-0.0418558,-0.473781,0.879648],177,64.4285,[-27.1073,152.425,51.7539],[-31.6333,163.023,51.9215],[-122.34,412.608,-53.9953],false,[28.1437,165.66,66.2621],[5.89062,189.01,12.5654],[-37.9073,181.083,16.4592],[-39.0668,167.958,40.8272],[-29.0927,161.595,55.288],[[[0.128466,-0.888874,-0.439771],[0.925901,0.266355,-0.267887],[0.355253,-0.37277,0.857227]],[[0.117193,-0.87667,-0.4666],[-0.159189,0.44718,-0.880164],[0.980268,0.177427,-0.0871501]],[[0.117193,-0.87667,-0.4666],[-0.992227,-0.0835588,-0.0922175],[0.0418558,0.473781,-0.879648]],[[0.117193,-0.87667,-0.4666],[-0.837429,-0.339791,0.428083],[-0.533834,0.340576,-0.77397]]],3],[1774,[-0.153889,-0.323494,0.933632],177,50.5107,[-16.6853,148.368,39.182],[-22.6068,157.163,40.2372],[-152.318,324.125,-46.1368],false,[25.1904,152.577,61.5002],[9.44675,168.399,7.9829],[-25.8337,167.556,10.1855],[-28.8436,161.229,28.4463],[-21.39,156.161,43.1385],[[[0.0139563,-0.957753,-0.287252],[0.962334,0.0908731,-0.256233],[0.271511,-0.272857,0.922947]],[[0.00214773,-0.944995,-0.327077],[-0.0666605,0.326215,-0.942942],[0.997773,0.0238283,-0.0622932]],[[0.00214773,-0.944995,-0.327077],[-0.988086,0.0483285,-0.146119],[0.153889,0.323494,-0.933632]],[[0.00214773,-0.944995,-0.327077],[-0.901666,-0.143268,0.40801],[-0.432427,0.294038,-0.852378]]],4]],[[0,200,0],[235.247,235.247,147.751]]],[262504,4721873171,[[177,"right",[-0.222824,0.532167,-0.816791],[-0.929995,-0.367291,0.0144046],[1.35967,194.631,37.2915],[19.9657,256.625,-152.165],[4.23395,183.813,36.7255],0.750392,1,0.357756,[[0.130013,-0.674668,-0.726581],[0.699273,0.581911,-0.415207],[0.702932,-0.454096,0.547433]],63.72,[209.43,39.06,224.746],[19.6382,161.666,76.9395]]],[[1770,[-0.568414,0.0423826,-0.821651],177,52.1164,[-49.8132,187.386,28.5565],[-49.2278,189.367,26.4336],[-58.4704,500.931,-182.603],false,[2.02283,177.625,96.3322],[2.02283,177.625,96.3322],[-29.0652,202.828,66.4978],[-48.4456,204.273,38.4832],[-50.5975,186.431,23.4912],[[[0.905967,0.125401,-0.40435],[0.267598,0.570486,0.77649],[0.328049,-0.811678,0.483284]],[[0.780265,0.344514,-0.522012],[0.0576573,0.791445,0.608514],[0.622786,-0.5049,0.597673]],[[0.780265,0.344514,-0.522012],[-0.260946,0.937824,0.228896],[0.568414,-0.0423826,0.82165]],[[0.780265,0.344514,-0.522012],[-0.618653,0.547822,-0.563169],[0.0919506,0.762365,0.640581]]],0],[1771,[0.169471,-0.661213,0.730805],177,58.8075,[-35.1948,187.086,60.5592],[-36.2036,189.987,58.8215],[-93.7521,456.3,-209.659],false,[20.1808,184.348,82.6588],[-9.52126,227.827,31.279],[-49.0396,211.037,32.7452],[-44.9434,195.055,50.4091],[-33.2923,188.808,61.2328],[[[0.250772,-0.66264,-0.705707],[0.87984,0.460048,-0.119323],[0.403727,-0.590986,0.698384]],[[0.265209,-0.683581,-0.679987],[-0.289081,0.616424,-0.73243],[0.919835,0.390818,-0.0341287]],[[0.265209,-0.683581,-0.679987],[-0.949181,-0.309054,-0.0595124],[-0.169471,0.661213,-0.730805]],[[0.265209,-0.683581,-0.679987],[-0.68165,-0.631707,0.369188],[-0.681922,0.365601,-0.633497]]],1],[1772,[0.0504711,-0.561594,0.825872],177,67.0064,[-35.1109,173.399,58.3941],[-36.6904,178.624,56.5928],[-177.594,442.625,-194.107],false,[24.4953,177.408,73.4482],[-1.09886,211.879,18.4549],[-47.6636,200.137,22.5946],[-46.2284,184.168,46.0795],[-34.7757,177.231,59.2652],[[[0.149321,-0.805045,-0.574113],[0.918219,0.328311,-0.221552],[0.366847,-0.494079,0.788232]],[[0.15492,-0.812515,-0.561978],[-0.206683,0.529602,-0.822681],[0.966065,0.243601,-0.0858869]],[[0.15492,-0.812515,-0.561978],[-0.986637,-0.156307,-0.0459934],[-0.0504711,0.561594,-0.825872]],[[0.15492,-0.812515,-0.561978],[-0.777547,-0.451196,0.437999],[-0.609443,0.36911,-0.701667]]],2],[1773,[-0.0672331,-0.470121,0.880037],177,64.4285,[-29.1168,158.428,50.82],[-32.1202,166.3,49.4331],[-98.2318,392.225,-110.118],false,[26.8465,168.268,65.5836],[6.72745,191.775,11.119],[-37.2263,184.24,13.8673],[-39.0888,171.216,38.2461],[-29.5559,164.82,52.9873],[[[0.132031,-0.891422,-0.433515],[0.937768,0.254038,-0.236763],[0.321185,-0.375276,0.869487]],[[0.121956,-0.879292,-0.460406],[-0.131735,0.445424,-0.885575],[0.983754,0.168652,-0.0615117]],[[0.121956,-0.879292,-0.460406],[-0.990256,-0.076371,-0.116451],[0.0672331,0.470121,-0.880037]],[[0.121956,-0.879292,-0.460406],[-0.851357,-0.331125,0.406876],[-0.510214,0.342349,-0.788973]]],3],[1774,[-0.179478,-0.319989,0.930266],177,50.5107,[-18.9205,152.48,38.6383],[-22.9305,160.324,37.9517],[-113.181,325.766,-98.7487],false,[23.8908,155.212,60.7483],[10.1752,171.11,6.69794],[-25.1594,170.64,7.92853],[-28.6698,164.381,26.1234],[-21.6355,159.274,41.0079],[[[0.0115437,-0.958503,-0.284848],[0.971554,0.078137,-0.223555],[0.236535,-0.274165,0.93214]],[[0.00126266,-0.945695,-0.325052],[-0.0372345,0.324783,-0.945055],[0.999306,0.0132965,-0.0348024]],[[0.00126266,-0.945695,-0.325052],[-0.983761,0.0571652,-0.170136],[0.179478,0.319989,-0.930266]],[[0.00126266,-0.945695,-0.325052],[-0.912936,-0.133744,0.385565],[-0.408101,0.296265,-0.863528]]],4]],[[0,200,0],[235.247,235.247,147.751]]],[262505,4721881901,[[177,"right",[-0.204315,0.542602,-0.814763],[-0.932441,-0.361259,-0.00676001],[1.45094,195.102,36.9153],[17.421,202.387,-122.979],[4.04838,184.566,36.7382],0.761403,1,0.373467,[[0.137977,-0.673277,-0.726403],[0.693271,0.589442,-0.414649],[0.707345,-0.446383,0.548093]],63.72,[209.767,41.0579,224.507],[18.7838,161.581,76.5224]]],[[1770,[-0.53857,0.00342346,-0.842574],177,52.1164,[-49.3212,187.285,26.1438],[-48.3246,187.572,24.2956],[-7.08669,264.875,-215.944],false,[0.916916,177.442,95.7652],[0.916916,177.442,95.7652],[-29.5989,201.174,64.1846],[-47.9618,201.29,35.4565],[-49.2276,182.999,20.9122],[[[0.91405,0.123846,-0.386232],[0.256902,0.560107,0.78758],[0.31387,-0.819111,0.480149]],[[0.79111,0.346207,-0.504268],[0.0207137,0.80877,0.587761],[0.611323,-0.475428,0.632654]],[[0.79111,0.346207,-0.504268],[-0.289979,0.938152,0.189165],[0.53857,-0.00342346,0.842574]],[[0.79111,0.346207,-0.504268],[-0.609278,0.518915,-0.59959],[0.0540897,0.78158,0.621455]]],0],[1771,[0.141812,-0.673251,0.725688],177,58.8075,[-36.0985,189.275,58.7088],[-36.7651,190.496,57.5953],[-90.8652,348.855,-192.142],false,[19.3665,184.195,82.5031],[-9.104,228.433,31.0744],[-48.8138,212.039,31.4517],[-45.3861,195.767,48.9919],[-34.1007,189.216,60.0213],[[[0.259473,-0.656467,-0.708325],[0.884825,0.455497,-0.0980215],[0.386988,-0.601309,0.699047]],[[0.273401,-0.677942,-0.682383],[-0.266343,0.628319,-0.730942],[0.924291,0.381588,-0.00878149]],[[0.273401,-0.677942,-0.682383],[-0.951389,-0.295174,-0.0879274],[-0.141812,0.673251,-0.725688]],[[0.273401,-0.677942,-0.682383],[-0.699259,-0.62722,0.342975],[-0.660521,0.383393,-0.64554]]],1],[1772,[0.0273404,-0.571455,0.820178],177,67.0064,[-36.6169,176.534,56.5777],[-37.2245,179.133,55.3066],[-146.769,339.239,-181.039],false,[23.8054,177.328,73.2964],[-0.5493,212.572,18.2301],[-47.2633,201.112,21.353],[-46.4858,184.862,44.6759],[-35.4061,177.661,58.0374],[[[0.154702,-0.799639,-0.580211],[0.924235,0.324644,-0.20099],[0.349081,-0.505157,0.789277]],[[0.160106,-0.807389,-0.567882],[-0.187328,0.539996,-0.820556],[0.969162,0.237756,-0.06479]],[[0.160106,-0.807389,-0.567882],[-0.986721,-0.146841,-0.0694188],[-0.0273404,0.571455,-0.820178]],[[0.160106,-0.807389,-0.567882],[-0.791671,-0.448658,0.414683],[-0.589595,0.383182,-0.711019]]],2],[1773,[-0.0739955,-0.478092,0.875187],177,64.4285,[-30.1861,162.108,49.8633],[-32.0384,166.797,48.3724],[-65.3493,301.142,-109.423],false,[26.2423,168.26,65.375],[7.28161,192.499,10.8156],[-36.7129,185.03,13.0433],[-38.7627,171.786,37.2878],[-29.3737,165.237,52.0545],[[[0.13427,-0.887444,-0.440925],[0.943583,0.250415,-0.216667],[0.302694,-0.386957,0.871]],[[0.124899,-0.875126,-0.467498],[-0.121786,0.454102,-0.882587],[0.984667,0.167169,-0.0498606]],[[0.124899,-0.875126,-0.467498],[-0.989406,-0.0747176,-0.124469],[0.0739955,0.478092,-0.875187]],[[0.124899,-0.875126,-0.467498],[-0.855498,-0.333639,0.39599],[-0.502517,0.350485,-0.79034]]],3],[1774,[-0.187356,-0.330029,0.925191],177,50.5107,[-20.3275,155.393,37.9482],[-22.8674,160.905,36.8635],[-76.0333,255.083,-101.796],false,[23.2925,155.278,60.341],[10.6775,171.861,6.22858],[-24.6701,171.521,7.06575],[-28.3346,165.066,25.1614],[-21.4447,159.768,40.0465],[[[0.0106362,-0.955361,-0.295251],[0.97599,0.074159,-0.204801],[0.217555,-0.285984,0.933211]],[[0.00111223,-0.94194,-0.335778],[-0.025532,0.335642,-0.941643],[0.999673,0.0096204,-0.0236763]],[[0.00111223,-0.94194,-0.335778],[-0.982291,0.0618811,-0.176845],[0.187356,0.330029,-0.925191]],[[0.00111223,-0.94194,-0.335778],[-0.916636,-0.135178,0.376171],[-0.399721,0.307368,-0.863567]]],4]],[[0,200,0],[235.247,235.247,147.751]]],[262506,4721891230,[[177,"right",[-0.200454,0.545682,-0.813664],[-0.93301,-0.359672,-0.0113575],[1.44012,195.135,36.7705],[12.1617,146.123,-92.5633],[3.85246,185.36,36.7406],0.763439,1,0.388101,[[0.14097,-0.673583,-0.725544],[0.691338,0.591555,-0.414866],[0.708646,-0.443112,0.549065]],63.72,[209.908,41.8124,224.575],[18.5733,161.453,76.3269]]],[[1770,[-0.523731,-0.0272438,-0.851448],177,52.1164,[-48.7581,186.008,24.7003],[-47.758,185.4,23.2729],[20.0024,108.951,-191.808],false,[0.663088,177.278,95.5582],[0.663088,177.278,95.5582],[-29.6585,199.827,62.9402],[-47.5154,198.898,33.9096],[-48.2873,180.248,19.7911],[[[0.91565,0.123614,-0.382497],[0.254973,0.557022,0.790389],[0.310762,-0.821247,0.478519]],[[0.794371,0.345398,-0.499675],[0.0000143695,0.82259,0.568635],[0.607433,-0.451715,0.653436]],[[0.794371,0.345398,-0.499675],[-0.307702,0.938061,0.159254],[0.523731,0.0272438,0.851448]],[[0.794371,0.345398,-0.499675],[-0.606537,0.495691,-0.621613],[0.0329798,0.796863,0.603259]]],0],[1771,[0.114536,-0.681734,0.722579],177,58.8075,[-37.0937,190.286,57.4823],[-37.4719,190.708,56.9265],[-96.9908,256.991,-162.211],false,[19.1719,184.045,82.3859],[-9.03811,228.504,31.0038],[-48.9721,212.665,30.6046],[-46.2037,196.187,48.0696],[-35.2196,189.385,59.2501],[[[0.26095,-0.654514,-0.709589],[0.885931,0.454341,-0.0932776],[0.383447,-0.604306,0.698415]],[[0.275377,-0.677073,-0.682451],[-0.245315,0.636903,-0.730872],[0.92951,0.368681,0.00929215]],[[0.275377,-0.677073,-0.682451],[-0.954489,-0.277147,-0.110185],[-0.114536,0.681734,-0.722579]],[[0.275377,-0.677073,-0.682451],[-0.714747,-0.61894,0.325654],[-0.642888,0.398102,-0.654378]]],1],[1772,[0.0198633,-0.574634,0.81817],177,67.0064,[-37.496,178.086,55.4841],[-37.4722,179.182,54.9235],[-113.162,244.405,-141.199],false,[23.6328,177.202,73.1723],[-0.46322,212.672,18.1372],[-47.2191,201.315,20.9971],[-46.6542,184.974,44.2629],[-35.6955,177.679,57.6728],[[[0.155478,-0.79794,-0.582338],[0.925497,0.323769,-0.196543],[0.345373,-0.508394,0.78883]],[[0.160885,-0.80583,-0.569873],[-0.18209,0.543248,-0.819588],[0.97003,0.235628,-0.0593335]],[[0.160885,-0.80583,-0.569873],[-0.986773,-0.142951,-0.0764434],[-0.0198633,0.574634,-0.81817]],[[0.160885,-0.80583,-0.569873],[-0.796268,-0.447132,0.407468],[-0.583158,0.388216,-0.713593]]],2],[1773,[-0.0642768,-0.479731,0.875058],177,64.4285,[-30.5985,164.282,49.2995],[-31.6896,166.771,48.2867],[-32.2766,213.895,-77.8341],false,[26.0834,168.156,65.2292],[7.36117,192.61,10.6835],[-36.5977,185,13.1249],[-38.3783,171.71,37.3658],[-28.8646,165.174,52.0576],[[[0.134394,-0.886179,-0.443424],[0.944778,0.249561,-0.2124],[0.298886,-0.390392,0.870782]],[[0.125187,-0.873821,-0.469857],[-0.127782,0.455438,-0.88105],[0.98387,0.170335,-0.0546438]],[[0.125187,-0.873821,-0.469857],[-0.990049,-0.0793451,-0.116223],[0.0642768,0.479731,-0.875058]],[[0.125187,-0.873821,-0.469857],[-0.8515,-0.337686,0.401144],[-0.509192,0.349865,-0.786332]]],3],[1774,[-0.169727,-0.334418,0.927015],177,50.5107,[-21.094,157.397,37.5142],[-22.5072,160.878,36.7847],[-36.1862,179.644,-68.8137],false,[23.1302,155.197,60.1409],[10.7394,171.983,6.03926],[-24.5956,171.516,7.26059],[-27.9153,164.975,25.3919],[-20.7855,159.657,40.1561],[[[0.0101192,-0.954378,-0.298429],[0.976849,0.0732127,-0.201011],[0.21369,-0.289486,0.933024]],[[0.00069906,-0.940704,-0.339228],[-0.0369698,0.338972,-0.94007],[0.999316,0.0131983,-0.0345407]],[[0.00069906,-0.940704,-0.339228],[-0.985491,0.0569281,-0.159897],[0.169727,0.334418,-0.927015]],[[0.00069906,-0.940704,-0.339228],[-0.910441,-0.140917,0.388896],[-0.413639,0.308575,-0.856554]]],4]],[[0,200,0],[235.247,235.247,147.751]]],[262507,4721900450,[[177,"right",[-0.196528,0.548866,-0.812479],[-0.935399,-0.353374,-0.0124594],[1.4405,195.153,36.57],[8.765,105.721,-72.7193],[3.67529,186.079,36.7281],0.757344,1,0.400114,[[0.141189,-0.677341,-0.721994],[0.690705,0.589864,-0.418314],[0.709219,-0.439624,0.551125]],63.72,[209.824,42.5682,224.858],[18.3346,161.267,76.0547]]],[[1770,[-0.51728,-0.0388943,-0.854932],177,52.1164,[-48.403,185.148,23.8995],[-47.5592,184.638,22.704],[26.0202,47.2825,-158.188],false,[0.524948,177.168,95.3165],[0.524948,177.168,95.3165],[-29.5793,199.325,62.2326],[-47.2163,197.999,33.0831],[-47.88,179.186,19.1777],[[[0.916581,0.118335,-0.381937],[0.258454,0.553498,0.791733],[0.305091,-0.824401,0.476741]],[[0.79767,0.340025,-0.498102],[-0.0042616,0.829068,0.559132],[0.603079,-0.44388,0.662771]],[[0.79767,0.340025,-0.498102],[-0.310072,0.939612,0.144863],[0.51728,0.0388943,0.854932]],[[0.79767,0.340025,-0.498102],[-0.602427,0.488068,-0.631563],[0.0283602,0.803849,0.594157]]],0],[1771,[0.0931616,-0.687847,0.719853],177,58.8075,[-37.8721,190.893,56.6807],[-37.9751,191.085,56.4213],[-91.0322,196.816,-134.594],false,[19.083,183.841,82.1653],[-8.81171,228.605,30.8761],[-48.9775,213.382,30.0235],[-46.7258,196.756,47.4226],[-35.9704,189.721,58.681],[[[0.256777,-0.654634,-0.710999],[0.88899,0.448596,-0.091974],[0.379161,-0.608454,0.697152]],[[0.271487,-0.678051,-0.683039],[-0.22857,0.643966,-0.730112],[0.934907,0.354338,0.0198461]],[[0.271487,-0.678051,-0.683039],[-0.957923,-0.259063,-0.123573],[-0.0931616,0.687847,-0.719853]],[[0.271487,-0.678051,-0.683039],[-0.728028,-0.608866,0.315052],[-0.6295,0.411739,-0.658939]]],1],[1772,[0.0171147,-0.576182,0.817142],177,67.0064,[-37.9133,178.862,54.9462],[-37.5876,179.38,54.7501],[-82.9529,180.788,-104.556],false,[23.5007,176.989,72.9375],[-0.339174,212.745,17.9761],[-47.1402,201.6,20.9335],[-46.6535,185.216,44.1701],[-35.76,177.815,57.5753],[[[0.150304,-0.797638,-0.584108],[0.927711,0.317997,-0.195525],[0.341702,-0.512495,0.787774]],[[0.15576,-0.805748,-0.57141],[-0.181555,0.545263,-0.818368],[0.970967,0.231211,-0.0613573]],[[0.15576,-0.805748,-0.57141],[-0.987647,-0.137058,-0.075956],[-0.0171147,0.576182,-0.817142]],[[0.15576,-0.805748,-0.57141],[-0.799814,-0.442349,0.405738],[-0.579686,0.393824,-0.713349]]],2],[1773,[-0.0540268,-0.480322,0.875427],177,64.4285,[-30.6282,165.455,49.049],[-31.4166,166.9,48.2897],[-11.3338,156.627,-53.2724],false,[25.8931,167.945,64.9746],[7.35277,192.648,10.479],[-36.5991,185.123,13.2847],[-38.0957,171.817,37.5358],[-28.4407,165.256,52.1243],[[[0.128585,-0.88605,-0.445401],[0.946499,0.243697,-0.211545],[0.295982,-0.39437,0.869981]],[[0.119435,-0.873522,-0.471906],[-0.134335,0.45672,-0.87941],[0.983712,0.168426,-0.0627965]],[[0.119435,-0.873522,-0.471906],[-0.991371,-0.0790612,-0.104561],[0.0540268,0.480322,-0.875427]],[[0.119435,-0.873522,-0.471906],[-0.847762,-0.337115,0.409455],[-0.516755,0.351161,-0.780801]]],3],[1774,[-0.153165,-0.336058,0.929304],177,50.5107,[-21.4398,158.659,37.2963],[-22.3273,160.968,36.7653],[-14.8774,130.328,-45.0751],false,[22.8546,155.017,59.