{"metadata":{"formatVersion":2,"generatedBy":"LeapJS Playback 0.2.1","frames":160,"protocolVersion":6,"serviceVersion":"2.2.6+29154","frameRate":"1.1e+2","modified":"Thu Jun 04 2015 14:55:11 GMT-0300 (E. South America Standard Time)"},"frames":[["id","timestamp",{"hands":[["id","type","direction","palmNormal","palmPosition","palmVelocity","stabilizedPalmPosition","pinchStrength","grabStrength","confidence","armBasis","armWidth","elbow","wrist"]]},{"pointables":[["id","direction","handId","length","stabilizedTipPosition","tipPosition","tipVelocity","tool","carpPosition","mcpPosition","pipPosition","dipPosition","btipPosition","bases","type"]]},{"interactionBox":["center","size"]}],[261722,4714624430,[[177,"right",[-0.406096,0.600003,-0.689263],[-0.766482,-0.634339,-0.1006],[11.4761,161.433,23.5237],[-21.9369,2.16851,10.7812],[13.4097,161.08,22.4304],1,1,0.611116,[[0.516646,-0.500068,-0.694988],[0.624246,0.775554,-0.0939807],[0.585998,-0.385289,0.712853]],63.72,[198.729,24.0296,248.18],[40.5094,128.058,55.7092]]],[[1770,[-0.653897,-0.0409835,-0.755473],177,52.1164,[-42.835,129.174,5.04138],[-47.0244,133.78,9.45184],[-147.892,173.535,169.747],false,[19.4358,133.05,77.4357],[19.4358,133.05,77.4357],[-22.1634,142.987,51.6962],[-44.4584,141.59,25.9379],[-47.745,131.732,4.96733],[[[0.806547,0.4883,-0.333236],[0.100812,0.441825,0.891419],[0.582511,-0.752565,0.307126]],[[0.455303,0.776167,-0.436192],[-0.313391,0.598277,0.737462],[0.833358,-0.19907,0.515641]],[[0.455303,0.776167,-0.436192],[-0.60425,0.629194,0.488873],[0.653897,0.0409835,0.755473]],[[0.455303,0.776167,-0.436192],[-0.879191,0.469225,-0.0827655],[0.140433,0.42118,0.896039]]],0],[1771,[0.0657884,-0.889471,0.452231],177,58.8075,[-34.2534,139.888,26.7827],[-37.0024,145.987,30.9466],[-78.623,172.727,117.893],false,[34.0909,147.942,66.2405],[-9.47874,190.008,24.4716],[-47.3329,173.676,12.3843],[-45.7427,152.177,23.3149],[-34.5998,143.705,33.1119],[[[0.422338,-0.379792,-0.823036],[0.686223,0.727203,0.0165632],[0.592224,-0.571782,0.567747]],[[0.427186,-0.384473,-0.818348],[-0.202921,0.841232,-0.501151],[0.881099,0.380144,0.281344]],[[0.427186,-0.384473,-0.818348],[-0.901767,-0.247024,-0.354675],[-0.0657884,0.889471,-0.452231]],[[0.427186,-0.384473,-0.818348],[-0.626234,-0.778662,0.0389281],[-0.652183,0.495848,-0.573404]]],1],[1772,[-0.00512828,-0.784205,0.620481],177,67.0064,[-28.1175,131.256,20.5803],[-32.3012,135.652,26.0898],[-107.982,141.111,140.983],false,[40.0546,144.891,55.909],[3.09059,180.709,8.81037],[-41.0379,163.978,-0.989535],[-41.1838,141.678,16.6547],[-29.7155,133.543,29.1217],[[[0.375253,-0.571918,-0.729448],[0.760581,0.639795,-0.110359],[0.529814,-0.513392,0.675075]],[[0.379146,-0.575685,-0.724455],[-0.134416,0.740341,-0.658656],[0.915522,0.347105,0.203316]],[[0.379146,-0.575685,-0.724455],[-0.925323,-0.231538,-0.30028],[0.00512828,0.784205,-0.620481]],[[0.379146,-0.575685,-0.724455],[-0.695565,-0.693651,0.187181],[-0.610276,0.432937,-0.663422]]],2],[1773,[-0.238781,-0.729856,0.640541],177,64.4285,[-20.3302,115.881,15.8211],[-27.2503,119.17,21.6967],[-180.267,105.868,163.571],false,[44.8922,138.896,46.3385],[16.5849,166.185,-2.42403],[-23.8188,147.629,-6.83583],[-30.4335,127.41,10.9085],[-26.0398,116.423,25.3673],[[[0.390718,-0.687827,-0.611746],[0.801949,0.580608,-0.140616],[0.451904,-0.435648,0.778456]],[[0.379853,-0.677265,-0.630099],[-0.194819,0.607306,-0.770211],[0.904299,0.415323,0.098743]],[[0.379853,-0.677265,-0.630099],[-0.893698,-0.0928565,-0.438956],[0.238781,0.729856,-0.640541]],[[0.379853,-0.677265,-0.630099],[-0.894657,-0.442129,-0.0641177],[-0.23516,0.588078,-0.773863]]],3],[1774,[-0.335347,-0.596366,0.729308],177,50.5107,[-6.21723,120.312,7.26718],[-12.3402,120.351,11.8169],[-185.074,35.6953,136.705],false,[46.0265,126.959,38.6727],[26.1993,149.134,-11.1011],[-7.46366,138.543,-13.3156],[-14.0226,126.878,0.948803],[-11.5467,118.178,15.6215],[[[0.302483,-0.82004,-0.485837],[0.88971,0.425773,-0.164722],[0.341935,-0.382429,0.858387]],[[0.286802,-0.802015,-0.523944],[-0.10671,0.516771,-0.849447],[0.952028,0.299533,0.0626282]],[[0.286802,-0.802015,-0.523944],[-0.897378,-0.0334638,-0.439992],[0.335347,0.596366,-0.729308]],[[0.286802,-0.802015,-0.523944],[-0.94716,-0.319398,-0.0295551],[-0.143643,0.504735,-0.85124]]],4]],[[0,200,0],[235.247,235.247,147.751]]],[261723,4714632986,[[177,"right",[-0.38676,0.604997,-0.695985],[-0.800657,-0.59477,-0.0720877],[11.1937,161.803,23.7969],[-24.8474,12.9694,16.3432],[13.3631,161.095,22.4592],1,1,0.644639,[[0.47328,-0.539691,-0.696232],[0.650093,0.747331,-0.137385],[0.594461,-0.387594,0.704547]],63.72,[199.53,23.0169,246.473],[39.0254,127.667,56.2456]]],[[1770,[-0.667139,-0.0229699,-0.744579],177,52.1164,[-44.1642,131.005,6.51237],[-48.8714,137.102,11.3621],[-164.244,231.503,181.57],false,[18.6576,134.265,78.2157],[18.6576,134.265,78.2157],[-22.7724,145.937,52.9356],[-45.5189,145.154,27.5487],[-49.7625,135.045,6.87184],[[[0.824783,0.437018,-0.358816],[0.140759,0.45591,0.878825],[0.54765,-0.775346,0.314512]],[[0.490134,0.739162,-0.461961],[-0.266317,0.631633,0.72809],[0.829966,-0.233834,0.506436]],[[0.490134,0.739162,-0.461961],[-0.560976,0.673135,0.481866],[0.667139,0.0229699,0.744579]],[[0.490134,0.739162,-0.461961],[-0.852579,0.516793,-0.0776782],[0.181321,0.431931,0.883492]]],0],[1771,[0.0276403,-0.881156,0.472016],177,58.8075,[-34.7816,141.131,27.5587],[-37.8785,149.132,32.4331],[-85.1648,224.546,132.964],false,[33.865,148.099,66.4158],[-8.20187,191.466,24.4384],[-47.087,176.906,13.4061],[-46.419,155.608,24.8149],[-35.5478,146.789,34.6106],[[[0.38613,-0.42027,-0.821144],[0.723845,0.689846,-0.0126929],[0.571797,-0.58948,0.570581]],[[0.390806,-0.425089,-0.816438],[-0.167538,0.83931,-0.517194],[0.905098,0.338907,0.256789]],[[0.390806,-0.425089,-0.816438],[-0.920058,-0.207033,-0.332611],[-0.0276403,0.881156,-0.472016]],[[0.390806,-0.425089,-0.816438],[-0.665151,-0.743538,0.0687438],[-0.636274,0.516189,-0.573327]]],1],[1772,[-0.0334755,-0.76837,0.63913],177,67.0064,[-28.385,131.582,20.925],[-33.7941,138.44,27.7654],[-125.015,190.075,155.783],false,[39.4637,144.501,56.0558],[3.56197,181.16,8.78234],[-41.5619,166.558,0.185473],[-42.5138,144.708,18.36],[-31.2377,136.274,30.8042],[[[0.330739,-0.607449,-0.722231],[0.791082,0.595753,-0.138804],[0.514588,-0.525436,0.677581]],[[0.33445,-0.611232,-0.717313],[-0.108284,0.73118,-0.673536],[0.936172,0.302938,0.178357]],[[0.33445,-0.611232,-0.717313],[-0.941819,-0.189745,-0.277443],[0.0334754,0.76837,-0.63913]],[[0.33445,-0.611232,-0.717313],[-0.726694,-0.651898,0.216667],[-0.600049,0.448802,-0.662206]]],2],[1773,[-0.26544,-0.701534,0.661355],177,64.4285,[-21.1282,116.357,16.5267],[-29.7501,121.616,23.6565],[-210.359,153.115,180.542],false,[43.797,138.043,46.5458],[16.0569,165.688,-2.34171],[-25.3452,149.209,-5.59433],[-32.6984,129.775,12.7265],[-28.6377,118.889,27.3588],[[[0.342277,-0.721321,-0.602115],[0.828691,0.533778,-0.168379],[0.442851,-0.441335,0.780453]],[[0.331573,-0.710545,-0.620633],[-0.17718,0.599243,-0.780715],[0.926643,0.368828,0.0727987]],[[0.331573,-0.710545,-0.620633],[-0.905318,-0.0545469,-0.421217],[0.26544,0.701534,-0.661356]],[[0.331573,-0.710545,-0.620633],[-0.918055,-0.394554,-0.0387574],[-0.217334,0.582626,-0.783143]]],3],[1774,[-0.352683,-0.561147,0.748818],177,50.5107,[-6.81496,120.402,7.73281],[-14.9747,121.782,13.4958],[-217.627,70.1944,152.215],false,[44.1551,125.891,39.1453],[24.5927,147.957,-10.7816],[-9.61755,139.12,-12.1412],[-16.5156,128.145,2.50483],[-14.2339,119.654,17.331],[[[0.249571,-0.845767,-0.471585],[0.907687,0.373986,-0.190363],[0.337369,-0.380543,0.861028]],[[0.234069,-0.827703,-0.510019],[-0.0956337,0.502446,-0.859303],[0.967505,0.249911,0.0384505]],[[0.234069,-0.827703,-0.510019],[-0.905995,0.00460017,-0.423264],[0.352683,0.561147,-0.748818]],[[0.234069,-0.827703,-0.510019],[-0.963166,-0.268846,-0.00572893],[-0.132375,0.492574,-0.860144]]],4]],[[0,200,0],[235.247,235.247,147.751]]],[261724,4714642128,[[177,"right",[-0.363081,0.612301,-0.702324],[-0.835082,-0.548181,-0.0462031],[11.0474,162.287,24.0978],[-22.3844,24.0858,20.953],[13.31,161.123,22.4967],1,1,0.677271,[[0.428575,-0.579623,-0.69308],[0.672335,0.717037,-0.183911],[0.603563,-0.387162,0.697006]],63.72,[200.374,22.7141,245],[37.4118,127.248,56.808]]],[[1770,[-0.679338,0.00351131,-0.733818],177,52.1164,[-45.7857,133.722,8.28522],[-50.532,141.134,13.1544],[-168.501,292.794,183.802],false,[17.8532,135.474,78.9632],[17.8532,135.474,78.9632],[-23.183,149.218,54.0859],[-46.3454,149.338,29.0659],[-51.6472,139.159,8.66965],[[[0.842379,0.380533,-0.381566],[0.182544,0.464705,0.866445],[0.507027,-0.799528,0.321993]],[[0.527658,0.697287,-0.485147],[-0.213924,0.661797,0.718513],[0.822079,-0.275345,0.498369]],[[0.527658,0.697287,-0.485147],[-0.509978,0.716783,0.475546],[0.679338,-0.00351131,0.733818]],[[0.527658,0.697287,-0.485147],[-0.818693,0.569759,-0.0715331],[0.226538,0.434931,0.871502]]],0],[1771,[-0.0153693,-0.871426,0.490286],177,58.8075,[-35.4698,143.105,28.6429],[-38.5198,152.69,33.8075],[-81.5148,270.68,138.122],false,[33.6301,148.15,66.6222],[-6.57334,193.043,24.4229],[-46.4284,180.562,14.344],[-46.7999,159.5,26.1944],[-36.2894,150.261,35.9973],[[[0.346462,-0.458829,-0.818193],[0.762455,0.645846,-0.0393195],[0.546468,-0.610213,0.573597]],[[0.350959,-0.463847,-0.813433],[-0.127479,0.836935,-0.53225],[0.927673,0.290493,0.234599]],[[0.350959,-0.463847,-0.813433],[-0.936265,-0.159568,-0.312964],[0.0153693,0.871426,-0.490286]],[[0.350959,-0.463847,-0.813433],[-0.705976,-0.701758,0.0955707],[-0.615164,0.540723,-0.573753]]],1],[1772,[-0.0655836,-0.751777,0.656148],177,67.0064,[-28.827,132.228,21.4869],[-35.1155,141.672,29.3262],[-130.061,235.873,160.233],false,[38.8263,144.02,56.2511],[4.29244,181.747,8.79992],[-41.7478,169.618,1.28515],[-43.6128,148.241,19.9436],[-32.609,139.43,32.3706],[[[0.282016,-0.640385,-0.714404],[0.821864,0.545424,-0.164476],[0.494981,-0.540758,0.680128]],[[0.285523,-0.644208,-0.709558],[-0.0781095,0.722273,-0.687183],[0.955183,0.25163,0.155907]],[[0.285523,-0.644208,-0.709558],[-0.956125,-0.14081,-0.256899],[0.0655836,0.751777,-0.656148]],[[0.285523,-0.644208,-0.709558],[-0.758683,-0.6043,0.243354],[-0.585557,0.468846,-0.661292]]],2],[1773,[-0.29422,-0.671262,0.680325],177,64.4285,[-22.3598,117.258,17.5833],[-32.1628,124.548,25.5147],[-225.728,199.498,186.927],false,[42.6078,137.126,46.8116],[15.667,165.346,-2.19423],[-26.6701,151.238,-4.38129],[-34.8206,132.642,14.4651],[-31.1571,121.83,29.2555],[[[0.289019,-0.752265,-0.592086],[0.855273,0.480761,-0.193332],[0.430089,-0.450518,0.782341]],[[0.27854,-0.741156,-0.610822],[-0.156601,0.592432,-0.790253],[0.947571,0.315772,0.0489499]],[[0.27854,-0.741156,-0.610822],[-0.914249,-0.00978133,-0.405036],[0.29422,0.671262,-0.680325]],[[0.27854,-0.741156,-0.610822],[-0.940197,-0.340261,-0.0158737],[-0.196074,0.578715,-0.791608]]],3],[1774,[-0.372013,-0.524297,0.765976],177,50.5107,[-7.78111,120.683,8.44285],[-17.5934,123.657,15.0929],[-237.274,107.622,158.146],false,[42.127,124.826,39.6677],[23.0056,146.977,-10.3919],[-11.68,140.134,-10.9954],[-18.9561,129.88,3.98621],[-16.9271,121.567,18.9488],[[[0.19154,-0.868377,-0.457421],[0.924429,0.3162,-0.213187],[0.329763,-0.38202,0.863317]],[[0.176335,-0.850093,-0.496233],[-0.0815209,0.489789,-0.868021],[0.980949,0.193516,0.0170666]],[[0.176335,-0.850093,-0.496233],[-0.911324,0.0495369,-0.408698],[0.372013,0.524297,-0.765976]],[[0.176335,-0.850093,-0.496233],[-0.977266,-0.211484,0.0150227],[-0.117716,0.482303,-0.868059]]],4]],[[0,200,0],[235.247,235.247,147.751]]],[261725,4714651040,[[177,"right",[-0.340687,0.615377,-0.710805],[-0.867213,-0.497705,-0.0152336],[10.9248,163.014,24.1335],[-20.0372,39.7323,16.3382],[13.2485,161.172,22.5389],1,1,0.706195,[[0.379619,-0.621678,-0.685132],[0.691872,0.682412,-0.235856],[0.614168,-0.384488,0.689178]],63.72,[201.662,23.4623,243.3],[35.8364,127.274,57.2222]]],[[1770,[-0.693622,0.0310716,-0.719669],177,52.1164,[-47.531,137.226,10.1994],[-52.0931,145.747,14.9766],[-171.562,358.516,187.919],false,[17.2838,137.218,79.5376],[17.2838,137.218,79.5376],[-23.2853,152.991,55.1017],[-46.9348,154.051,30.5642],[-53.5515,143.934,10.5244],[[[0.855308,0.319284,-0.408051],[0.228531,0.474334,0.850165],[0.464996,-0.820406,0.332735]],[[0.561479,0.649184,-0.513129],[-0.155647,0.691889,0.705027],[0.812721,-0.315991,0.489525]],[[0.561479,0.649184,-0.513129],[-0.451253,0.759997,0.467734],[0.693622,-0.0310716,0.719669]],[[0.561479,0.649184,-0.513129],[-0.777694,0.625851,-0.0591803],[0.282723,0.432286,0.856269]]],0],[1771,[-0.0563685,-0.856193,0.513572],177,58.8075,[-36.2307,145.888,29.9891],[-38.901,156.648,35.0904],[-71.0805,318.162,140.478],false,[33.524,148.605,66.5578],[-4.81128,194.776,24.0011],[-45.5433,184.441,15.0651],[-46.9058,163.747,27.4783],[-36.7578,154.143,37.3125],[[[0.300788,-0.499229,-0.812587],[0.798753,0.597411,-0.0713642],[0.521076,-0.627591,0.578455]],[[0.305205,-0.504543,-0.807642],[-0.0893438,0.829196,-0.551771],[0.948086,0.240561,0.207997]],[[0.305205,-0.504543,-0.807642],[-0.950617,-0.111219,-0.289754],[0.0563685,0.856193,-0.513572]],[[0.305205,-0.504543,-0.807642],[-0.744359,-0.655372,0.128129],[-0.593953,0.56207,-0.575584]]],1],[1772,[-0.095329,-0.729767,0.677017],177,67.0064,[-29.4676,133.342,22.3101],[-36.2401,145.35,30.8356],[-128.698,284.304,162.987],false,[38.2406,143.91,56.1976],[5.02197,182.458,8.4674],[-41.8112,172.93,2.21088],[-44.522,152.178,21.4628],[-33.7848,143.043,33.8885],[[[0.227817,-0.673909,-0.702813],[0.849352,0.490487,-0.194997],[0.476131,-0.552512,0.684127]],[[0.231139,-0.677754,-0.698015],[-0.0500099,0.708218,-0.70422],[0.971635,0.19768,0.129802]],[[0.231139,-0.677754,-0.698015],[-0.968239,-0.0899437,-0.233287],[0.095329,0.729767,-0.677017]],[[0.231139,-0.677754,-0.698015],[-0.787469,-0.551661,0.274888],[-0.571374,0.486128,-0.66122]]],2],[1773,[-0.319077,-0.63526,0.703303],177,64.4285,[-24.0198,118.717,19.0058],[-34.4199,127.964,27.4398],[-233.596,249.228,195.128],false,[41.3998,136.567,46.869],[15.1561,165.13,-2.3162],[-27.9792,153.521,-3.23679],[-36.8182,135.923,16.2461],[-33.5075,125.272,31.2356],[[[0.23072,-0.782915,-0.577765],[0.878203,0.423223,-0.222804],[0.41896,-0.45599,0.785205]],[[0.220364,-0.771483,-0.596869],[-0.139185,0.58078,-0.802074],[0.965436,0.259823,0.0206044]],[[0.220364,-0.771483,-0.596869],[-0.921754,0.0354645,-0.386151],[0.319077,0.63526,-0.703303]],[[0.220364,-0.771483,-0.596869],[-0.959187,-0.282554,0.0110833],[-0.177198,0.570067,-0.802262]]],3],[1774,[-0.386186,-0.48176,0.786617],177,50.5107,[-9.1328,121.247,9.40977],[-20.1611,125.951,16.7469],[-251.418,148.244,165.666],false,[40.0305,124.144,40.0612],[21.2044,146.152,-10.1731],[-13.8312,141.389,-9.87275],[-21.3845,131.966,5.51254],[-19.5491,123.916,20.6429],[[[0.129362,-0.889523,-0.438194],[0.936939,0.254339,-0.239703],[0.324671,-0.379552,0.866331]],[[0.114352,-0.871201,-0.477423],[-0.0717154,0.472082,-0.878633],[0.990848,0.134712,-0.00849494]],[[0.114352,-0.871201,-0.477423],[-0.915305,0.0944228,-0.391536],[0.386186,0.48176,-0.786617]],[[0.114352,-0.871201,-0.477423],[-0.987717,-0.151216,0.0393623],[-0.106487,0.467057,-0.877792]]],4]],[[0,200,0],[235.247,235.247,147.751]]],[261726,4714660097,[[177,"right",[-0.321278,0.619304,-0.71641],[-0.88978,-0.456368,0.00451664],[10.9019,163.359,24.1192],[-15.2022,39.3021,11.3933],[13.1778,161.237,22.5866],1,1,0.732935,[[0.34454,-0.651632,-0.675772],[0.70351,0.65585,-0.27374],[0.621583,-0.381098,0.684397]],63.72,[202.393,24.1217,242.255],[34.5657,127.018,57.4677]]],[[1770,[-0.701763,0.0575341,-0.710083],177,52.1164,[-49.2193,141.2,12.0829],[-52.9808,149.279,16.0827],[-151.137,370.31,168.671],false,[16.8146,138.184,79.8571],[16.8146,138.184,79.8571],[-23.2106,155.621,55.6557],[-47.1376,157.582,31.445],[-54.6386,147.598,11.6515],[[[0.863588,0.271943,-0.424573],[0.262432,0.476583,0.839046],[0.430517,-0.836012,0.340204]],[[0.58718,0.611137,-0.530784],[-0.110885,0.710276,0.695135],[0.801825,-0.349313,0.484826]],[[0.58718,0.611137,-0.530784],[-0.40342,0.789431,0.462656],[0.701763,-0.0575341,0.710083]],[[0.58718,0.611137,-0.530784],[-0.7433,0.666724,-0.0546206],[0.320506,0.426604,0.845745]]],0],[1771,[-0.0888467,-0.84388,0.529124],177,58.8075,[-36.9859,149.271,31.481],[-39.0085,159.488,35.8675],[-54.7607,316.887,126.23],false,[33.3893,148.581,66.476],[-3.32384,195.824,23.6649],[-44.6099,187.22,15.4677],[-46.7574,166.823,28.2568],[-36.9428,156.913,38.1253],[[[0.265604,-0.525845,-0.808048],[0.82488,0.557795,-0.091854],[0.499026,-0.642146,0.581912]],[[0.270181,-0.531727,-0.802664],[-0.0592989,0.822896,-0.56509],[0.960982,0.200273,0.1908]],[[0.270181,-0.531727,-0.802664],[-0.958702,-0.0716451,-0.275242],[0.0888467,0.84388,-0.529124]],[[0.270181,-0.531727,-0.802664],[-0.772674,-0.617132,0.148735],[-0.574436,0.580012,-0.577589]]],1],[1772,[-0.119038,-0.713507,0.690462],177,67.0064,[-30.3202,135,23.4132],[-36.9177,148.04,31.7555],[-113.518,287.995,146.194],false,[37.7348,143.504,56.1341],[5.70147,182.807,8.21031],[-41.6104,175.385,2.75332],[-44.9954,155.095,22.3876],[-34.5104,145.672,34.8138],[[[0.186043,-0.695101,-0.694422],[0.868664,0.446631,-0.214344],[0.459141,-0.563343,0.686902]],[[0.189201,-0.698965,-0.689675],[-0.0270678,0.698381,-0.715214],[0.981565,0.153987,0.113215]],[[0.189201,-0.698965,-0.689675],[-0.974696,-0.0485383,-0.218199],[0.119038,0.713507,-0.690462]],[[0.189201,-0.698965,-0.689675],[-0.808019,-0.509914,0.295116],[-0.557951,0.501434,-0.661253]]],2],[1773,[-0.338821,-0.608216,0.717826],177,64.4285,[-26.0767,120.729,20.7373],[-35.9909,130.536,28.6194],[-217.363,258.779,177.175],false,[40.4146,135.871,46.8884],[14.8582,164.849,-2.41562],[-28.7825,155.271,-2.56001],[-38.1685,138.423,17.3252],[-35.1601,127.864,32.4434],[[[0.185565,-0.802103,-0.567623],[0.89393,0.377642,-0.241403],[0.407989,-0.462619,0.787102]],[[0.175415,-0.790413,-0.586921],[-0.123263,0.573841,-0.809638],[0.976748,0.214368,0.00323163]],[[0.175415,-0.790413,-0.586921],[-0.924354,0.072944,-0.374499],[0.338821,0.608216,-0.717826]],[[0.175415,-0.790413,-0.586921],[-0.971238,-0.236443,0.028143],[-0.161018,0.565103,-0.809155]]],3],[1774,[-0.396335,-0.450771,0.799828],177,50.5107,[-10.8481,122.088,10.6116],[-21.9694,127.647,17.8416],[-237.296,158.559,153.811],false,[38.3679,123.418,40.3074],[19.8972,145.483,-10.0341],[-15.3098,142.342,-9.09917],[-23.0616,133.526,6.54449],[-21.4037,125.633,21.7781],[[[0.0812671,-0.901553,-0.424968],[0.944419,0.205924,-0.256257],[0.31854,-0.380522,0.868179]],[[0.0664314,-0.882968,-0.464709],[-0.0646261,0.460952,-0.885069],[0.995696,0.0888287,-0.0264411]],[[0.0664314,-0.882968,-0.464709],[-0.915699,0.131047,-0.379897],[0.396335,0.450771,-0.799828]],[[0.0664314,-0.882968,-0.464709],[-0.993144,-0.10341,0.0545102],[-0.0961861,0.457902,-0.883784]]],4]],[[0,200,0],[235.247,235.247,147.751]]],[261727,4714669101,[[177,"right",[-0.309302,0.614385,-0.725853],[-0.904742,-0.425187,0.025639],[10.871,163.576,24.0514],[-11.9707,35.119,6.19599],[13.0998,161.316,22.6361],1,1,0.757106,[[0.312709,-0.676892,-0.666356],[0.713361,0.630571,-0.305773],[0.62716,-0.379734,0.680053]],63.72,[203.048,24.6414,241.511],[33.7143,127.17,57.8971]]],[[1770,[-0.708356,0.0680885,-0.702564],177,52.1164,[-50.6496,144.973,13.8143],[-53.5168,151.642,17.0848],[-124.868,340.85,151.496],false,[16.6523,139.423,80.2535],[16.6523,139.423,80.2535],[-23.0142,157.739,56.1114],[-47.166,160.061,32.1571],[-55.2792,149.934,12.6801],[[[0.866722,0.232736,-0.441166],[0.289622,0.485275,0.825001],[0.406095,-0.842818,0.353193]],[[0.602164,0.577609,-0.55115],[-0.0771169,0.729195,0.679947],[0.794639,-0.366936,0.483638]],[[0.602164,0.577609,-0.55115],[-0.36828,0.813469,0.450154],[0.708356,-0.0680885,0.702564]],[[0.602164,0.577609,-0.55115],[-0.719183,0.692198,-0.0603212],[0.346663,0.432701,0.832223]]],0],[1771,[-0.110079,-0.82827,0.54941],177,58.8075,[-37.6158,152.756,32.9446],[-38.9805,161.643,36.5344],[-38.7411,295.54,112.787],false,[33.3955,148.95,66.4413],[-2.24001,196.495,23.0577],[-43.8943,189.081,15.5924],[-46.5549,169.062,28.8719],[-36.9616,159.041,38.8454],[[[0.236781,-0.552048,-0.799486],[0.842207,0.526882,-0.11438],[0.484378,-0.64625,0.589695]],[[0.241616,-0.558488,-0.793545],[-0.0398879,0.811366,-0.583175],[0.969552,0.172558,0.173763]],[[0.241616,-0.558488,-0.793545],[-0.964108,-0.0453937,-0.261601],[0.110079,0.82827,-0.54941]],[[0.241616,-0.558488,-0.793545],[-0.791428,-0.586602,0.171872],[-0.561484,0.586506,-0.583735]]],1],[1772,[-0.13337,-0.693912,0.707601],177,67.0064,[-31.2954,137.076,24.7282],[-37.3175,150.072,32.6342],[-94.212,271.083,133.007],false,[37.428,143.503,56.1608],[6.13008,182.843,7.78313],[-41.4759,176.927,3.0985],[-45.2684,157.194,23.2201],[-34.9344,147.693,35.7133],[[[0.152977,-0.715961,-0.681174],[0.880543,0.41165,-0.234922],[0.4486,-0.563865,0.693408]],[[0.156023,-0.719777,-0.676445],[-0.0130793,0.683266,-0.730052],[0.987667,0.122752,0.0971909]],[[0.156023,-0.719777,-0.676445],[-0.978708,-0.0201847,-0.204262],[0.13337,0.693912,-0.707601]],[[0.156023,-0.719777,-0.676445],[-0.820518,-0.475714,0.316934],[-0.549916,0.505586,-0.664812]]],2],[1773,[-0.349092,-0.580833,0.735369],177,64.4285,[-28.2332,123.015,22.6426],[-37.0285,132.444,29.9244],[-189.288,245.604,168.901],false,[39.7229,135.584,47.0532],[14.526,164.354,-2.55692],[-29.4048,156.238,-1.86554],[-39.0754,140.148,18.5057],[-36.2358,129.814,33.8104],[[[0.150508,-0.820116,-0.552048],[0.903074,0.341261,-0.260764],[0.402249,-0.459293,0.791988]],[[0.140332,-0.808292,-0.571813],[-0.116379,0.560058,-0.820238],[0.983241,0.181653,-0.0154742]],[[0.140332,-0.808292,-0.571813],[-0.926521,0.0964192,-0.363678],[0.349092,0.580833,-0.735369]],[[0.140332,-0.808292,-0.571813],[-0.978371,-0.201856,0.0452268],[-0.15198,0.553098,-0.819136]]],3],[1774,[-0.400348,-0.419878,0.814509],177,50.5107,[-12.7164,123.09,11.9634],[-23.2692,128.859,19.0282],[-211.936,151.808,148.021],false,[37.1646,123.071,40.7745],[18.7984,144.666,-9.80826],[-16.476,142.736,-8.30304],[-24.3063,134.524,7.62777],[-22.7271,126.901,23.0066],[[[0.0447551,-0.912799,-0.405949],[0.947456,0.167622,-0.272452],[0.316739,-0.372425,0.872339]],[[0.0298727,-0.894357,-0.446356],[-0.0624285,0.444014,-0.893842],[0.997602,0.0545668,-0.0425695]],[[0.0298727,-0.894357,-0.446356],[-0.915876,0.154366,-0.370597],[0.400348,0.419878,-0.814509]],[[0.0298727,-0.894357,-0.446356],[-0.995346,-0.0675485,0.0687318],[-0.0916214,0.442225,-0.892212]]],4]],[[0,200,0],[235.247,235.247,147.751]]],[261728,4714678467,[[177,"right",[-0.299173,0.602239,-0.740138],[-0.92191,-0.382506,0.061409],[10.6768,163.98,23.7867],[-14.4598,37.3829,-3.59064],[13.003,161.423,22.682],1,1,0.77993,[[0.265412,-0.712552,-0.649481],[0.727771,0.589911,-0.349791],[0.632381,-0.379835,0.675145]],63.72,[203.434,25.2144,240.673],[32.6909,127.77,58.3843]]],[[1770,[-0.721015,0.0766042,-0.688672],177,52.1164,[-51.971,148.921,15.6575],[-54.2837,154.791,18.6629],[-111.29,338.74,154.437],false,[16.7415,141.554,80.6706],[16.7415,141.554,80.6706],[-22.6019,160.796,56.7203],[-47.1853,163.408,33.2396],[-56.2107,152.99,14.3254],[[[0.865243,0.177675,-0.468814],[0.330969,0.499959,0.800313],[0.376583,-0.847628,0.373781]],[[0.614804,0.529155,-0.584817],[-0.0284553,0.755913,0.654053],[0.788167,-0.385473,0.479796]],[[0.614804,0.529155,-0.584817],[-0.319615,0.84506,0.428625],[0.721015,-0.0766042,0.688672]],[[0.614804,0.529155,-0.584817],[-0.687965,0.722399,-0.0695986],[0.385643,0.445123,0.808174]]],0],[1771,[-0.132021,-0.80248,0.58189],177,58.8075,[-38.1002,156.711,34.5072],[-38.8709,164.708,37.4993],[-23.982,304.696,111.089],false,[33.5517,149.826,66.1491],[-0.973534,197.405,21.9148],[-43.0821,191.571,15.7021],[-46.2731,172.175,29.7666],[-36.8849,162.098,39.8773],[[[0.192398,-0.589648,-0.784409],[0.861831,0.483794,-0.152285],[0.469287,-0.646729,0.601258]],[[0.197423,-0.596555,-0.777912],[-0.0193707,0.791001,-0.611508],[0.980127,0.135795,0.144606]],[[0.197423,-0.596555,-0.777912],[-0.971388,-0.012178,-0.237186],[0.132021,0.80248,-0.58189]],[[0.197423,-0.596555,-0.777912],[-0.811845,-0.544277,0.211353],[-0.549483,0.589818,-0.591763]]],1],[1772,[-0.146072,-0.662226,0.734928],177,67.0064,[-32.4337,139.823,26.379],[-37.8215,152.973,33.9569],[-82.4453,282.296,135.548],false,[37.0859,143.848,55.9809],[6.4052,182.866,6.95177],[-41.5173,178.945,3.58424],[-45.6711,160.114,24.4829],[-35.4561,150.599,37.0627],[[[0.104273,-0.74538,-0.658434],[0.892045,0.362826,-0.269469],[0.439754,-0.559255,0.702745]],[[0.107223,-0.749118,-0.653701],[-0.000835356,0.657424,-0.753521],[0.994235,0.0813407,0.069865]],[[0.107223,-0.749118,-0.653701],[-0.983446,0.0166864,-0.180431],[0.146072,0.662226,-0.734928]],[[0.107223,-0.749118,-0.653701],[-0.83248,-0.427117,0.352914],[-0.543581,0.506353,-0.669422]]],2],[1773,[-0.356312,-0.538796,0.763375],177,64.4285,[-30.5754,125.81,24.8955],[-38.3957,135.238,31.9098],[-177.173,260.514,181.543],false,[38.803,135.521,47.1125],[13.7141,163.667,-2.90873],[-30.4975,157.55,-0.864334],[-40.368,142.624,20.2827],[-37.6332,132.7,35.8755],[[[0.100305,-0.844771,-0.525643],[0.910779,0.290632,-0.293283],[0.400526,-0.449327,0.798551]],[[0.090018,-0.832991,-0.545915],[-0.112863,0.536077,-0.83659],[0.989525,0.136922,-0.0457569]],[[0.090018,-0.832991,-0.545915],[-0.930021,0.125798,-0.345306],[0.356312,0.538796,-0.763375]],[[0.090018,-0.832991,-0.545915],[-0.985126,-0.155031,0.0741145],[-0.14637,0.531123,-0.834556]]],3],[1774,[-0.397116,-0.37361,0.838281],177,50.5107,[-14.8348,124.369,13.5991],[-25.0536,130.641,20.8828],[-205.692,162.481,162.919],false,[35.5372,122.926,41.3452],[16.9265,143.565,-9.54657],[-18.3435,143.249,-7.05752],[-26.1106,135.942,9.33825],[-24.4986,128.782,24.9343],[[[-0.00588796,-0.927429,-0.373954],[0.947076,0.114855,-0.299759],[0.320956,-0.355928,0.877669]],[[-0.0211727,-0.909418,-0.415344],[-0.0677246,0.415788,-0.906936],[0.997479,0.00892673,-0.0703933]],[[-0.0211727,-0.909418,-0.415344],[-0.917524,0.182689,-0.353234],[0.397116,0.37361,-0.838281]],[[-0.0211727,-0.909418,-0.415344],[-0.995392,-0.0196868,0.0938466],[-0.0935226,0.415418,-0.90481]]],4]],[[0,200,0],[235.247,235.247,147.751]]],[261729,4714687481,[[177,"right",[-0.29643,0.588255,-0.752387],[-0.933305,-0.345592,0.0975086],[10.5187,164.296,23.5317],[-15.3061,36.7485,-10.3826],[12.899,161.543,22.7176],1,1,0.615316,[[0.22245,-0.743246,-0.630953],[0.739368,0.550448,-0.38774],[0.635493,-0.380254,0.671979]],63.72,[203.686,25.7814,240.208],[32.1026,128.45,58.7734]]],[[1770,[-0.73504,0.0813899,-0.673121],177,52.1164,[-52.9963,152.416,17.4201],[-54.7969,157.391,20.2672],[-95.3539,323.359,158.579],false,[17.2599,143.547,80.9731],[17.2599,143.547,80.9731],[-21.9308,163.385,57.2602],[-46.9924,166.16,34.3097],[-56.8926,155.478,15.99],[[[0.858479,0.129697,-0.496177],[0.369975,0.513372,0.774318],[0.35515,-0.848309,0.392735]],[[0.61918,0.485114,-0.617479],[0.0149492,0.778923,0.626941],[0.785107,-0.39742,0.475041]],[[0.61918,0.485114,-0.617479],[-0.276284,0.870655,0.406973],[0.73504,-0.0813899,0.673121]],[[0.61918,0.485114,-0.617479],[-0.661565,0.745883,-0.0773943],[0.423022,0.456424,0.78277]]],0],[1771,[-0.143883,-0.777052,0.61277],177,58.8075,[-38.3208,160.463,35.9877],[-38.5565,167.294,38.4875],[-7.06094,300.051,111.632],false,[33.9717,150.702,65.7613],[0.0497539,198.053,20.8204],[-42.3902,193.537,15.8995],[-45.868,174.755,30.7104],[-36.5662,164.696,40.9189],[[[0.150011,-0.621963,-0.768544],[0.874583,0.446001,-0.190229],[0.461086,-0.643619,0.610863]],[[0.155265,-0.629271,-0.761519],[-0.00798131,0.770043,-0.637942],[0.987841,0.105128,0.114539]],[[0.155265,-0.629271,-0.761519],[-0.977338,0.0144275,-0.211191],[0.143883,0.777052,-0.612771]],[[0.155265,-0.629271,-0.761519],[-0.824318,-0.507356,0.251177],[-0.54442,0.588734,-0.597494]]],1],[1772,[-0.149949,-0.631801,0.760489],177,67.0064,[-33.5251,142.84,28.1649],[-38.0446,155.438,35.2994],[-66.2751,280.085,139.39],false,[37.0161,144.265,55.7161],[6.49613,182.763,6.17843],[-41.6098,180.514,4.16798],[-45.8738,162.548,25.7935],[-35.6722,153.082,38.4216],[[[0.059618,-0.770058,-0.635182],[0.897264,0.320191,-0.303964],[0.43745,-0.551805,0.710035]],[[0.0625218,-0.773705,-0.630453],[0.00285298,0.631825,-0.775106],[0.99804,0.0466624,0.0417102]],[[0.0625218,-0.773705,-0.630453],[-0.986715,0.0469887,-0.155518],[0.149949,0.631801,-0.760489]],[[0.0625218,-0.773705,-0.630453],[-0.837487,-0.384268,0.388528],[-0.542869,0.503704,-0.671993]]],2],[1773,[-0.355838,-0.499743,0.789706],177,64.4285,[-32.7,128.665,27.1924],[-39.3474,137.678,33.8678],[-157.807,263.593,191.314],false,[38.1939,135.592,47.095],[12.8374,162.99,-3.20573],[-31.4972,158.594,0.168027],[-41.3547,144.751,22.0445],[-38.588,135.246,37.8906],[[[0.0555321,-0.864799,-0.499038],[0.912719,0.246602,-0.325779],[0.404797,-0.43739,0.803012]],[[0.0450507,-0.853205,-0.519627],[-0.115547,0.512214,-0.85105],[0.99228,0.098382,-0.07551]],[[0.0450507,-0.853205,-0.519627],[-0.933461,0.149326,-0.326117],[0.355838,0.499743,-0.789706]],[[0.0450507,-0.853205,-0.519627],[-0.987949,-0.115154,0.103424],[-0.148079,0.508706,-0.84811]]],3],[1774,[-0.387227,-0.331246,0.860425],177,50.5107,[-16.8631,125.721,15.3066],[-26.444,132.197,22.7357],[-191.447,165.273,175.073],false,[34.32,122.945,41.8422],[15.1384,142.574,-9.23646],[-20.0344,143.626,-5.76674],[-27.6081,137.147,11.0621],[-25.8528,130.442,26.8441],[[[-0.0495662,-0.938388,-0.34201],[0.942398,0.0694748,-0.327199],[0.330801,-0.338528,0.880891]],[[-0.065432,-0.921005,-0.384016],[-0.0789499,0.388412,-0.918097],[0.994729,-0.0297549,-0.0981278]],[[-0.065432,-0.921005,-0.384016],[-0.91966,0.205001,-0.334964],[0.387227,0.331246,-0.860425]],[[-0.065432,-0.921005,-0.384016],[-0.992647,0.0208031,0.119243],[-0.101835,0.388994,-0.915594]]],4]],[[0,200,0],[235.247,235.247,147.751]]],[261730,4714696524,[[177,"right",[-0.292452,0.581609,-0.75908],[-0.939969,-0.32082,0.11633],[10.4832,164.415,23.4368],[-12.1681,30.2574,-10.4122],[12.7933,161.669,22.7491],1,1,0.650275,[[0.197165,-0.760563,-0.618604],[0.744484,0.5267,-0.410282],[0.637864,-0.379647,0.670073]],63.72,[203.9,26.1912,239.962],[31.6769,128.696,59.0421]]],[[1770,[-0.741931,0.0892807,-0.664505],177,52.1164,[-53.7286,155.363,18.8819],[-54.9894,159.12,21.1168],[-74.5664,286.721,139.525],false,[17.5123,144.552,81.1559],[17.5123,144.552,81.1559],[-21.4714,164.885,57.5215],[-46.768,167.929,34.8648],[-57.194,157.187,16.875],[[[0.854436,0.0996354,-0.509913],[0.392962,0.518104,0.759703],[0.339881,-0.849495,0.403533]],[[0.62318,0.457466,-0.634328],[0.0417914,0.790442,0.611109],[0.780961,-0.407341,0.47347]],[[0.62318,0.457466,-0.634328],[-0.247355,0.884734,0.395046],[0.741931,-0.0892807,0.664505]],[[0.62318,0.457466,-0.634328],[-0.642798,0.761608,-0.0822433],[0.445486,0.458997,0.768677]]],0],[1771,[-0.152986,-0.761892,0.629377],177,58.8075,[-38.3558,163.632,37.2135],[-38.2757,168.853,39.0196],[3.8873,264.917,97.7035],false,[34.1809,151.019,65.5928],[0.798834,198.364,20.2434],[-41.801,194.752,16.0043],[-45.4988,176.337,31.2166],[-36.293,166.251,41.4854],[[[0.124269,-0.639267,-0.758877],[0.882423,0.42094,-0.210094],[0.453748,-0.643542,0.616414]],[[0.129633,-0.646843,-0.751525],[0.000637856,0.757974,-0.652284],[0.991562,0.0840785,0.0986714]],[[0.129633,-0.646843,-0.751525],[-0.979689,0.0333842,-0.197724],[0.152986,0.761892,-0.629377]],[[0.129633,-0.646843,-0.751525],[-0.8324,-0.482835,0.271995],[-0.5388,0.590309,-0.601023]]],1],[1772,[-0.154009,-0.614153,0.774014],177,67.0064,[-34.5108,145.869,29.9213],[-38.0955,156.952,36.027],[-49.282,249.175,123.207],false,[36.9294,144.328,55.6283],[6.67004,182.658,5.8012],[-41.4996,181.541,4.49095],[-45.8791,164.077,26.5011],[-35.7251,154.598,39.1579],[[[0.0321651,-0.782666,-0.621611],[0.900476,0.292573,-0.321782],[0.433715,-0.549395,0.714182]],[[0.0350154,-0.78626,-0.616903],[0.00707487,0.617461,-0.78657],[0.999362,0.0231775,0.0271833]],[[0.0350154,-0.78626,-0.616903],[-0.987449,0.0679065,-0.142596],[0.154009,0.614153,-0.774014]],[[0.0350154,-0.78626,-0.616903],[-0.84072,-0.356919,0.407184],[-0.540336,0.504385,-0.673522]]],2],[1773,[-0.357095,-0.476625,0.803313],177,64.4285,[-34.524,131.327,29.2941],[-39.8704,139.203,34.9441],[-130.495,237.541,171.381],false,[37.7776,135.474,47.1536],[12.4002,162.569,-3.30056],[-31.9749,159.315,0.764716],[-41.8672,146.111,23.0181],[-39.1248,136.825,38.9974],[[[0.0276654,-0.874797,-0.4837],[0.91384,0.218245,-0.342441],[0.405131,-0.43255,0.805462]],[[0.0170768,-0.863203,-0.504568],[-0.11529,0.499575,-0.858564],[0.993185,0.072833,-0.0909873]],[[0.0170768,-0.863203,-0.504568],[-0.933912,0.166461,-0.316385],[0.357095,0.476625,-0.803313]],[[0.0170768,-0.863203,-0.504568],[-0.989022,-0.0886644,0.118212],[-0.146778,0.49701,-0.855241]]],3],[1774,[-0.383258,-0.305968,0.871491],177,50.5107,[-18.7182,127.045,16.9286],[-27.2531,133.211,23.7548],[-163.518,150.829,157.854],false,[33.5262,122.832,42.1872],[14.1223,141.997,-8.98391],[-20.9613,143.962,-5.04022],[-28.4573,137.978,12.0051],[-26.6577,131.52,27.885],[[[-0.0770067,-0.942935,-0.323951],[0.939196,0.0404476,-0.34099],[0.334634,-0.330512,0.882486]],[[-0.093001,-0.92596,-0.365991],[-0.0829358,0.373511,-0.923911],[0.992206,-0.0555709,-0.111532]],[[-0.093001,-0.92596,-0.365991],[-0.918947,0.221318,-0.326427],[0.383258,0.305968,-0.871491]],[[-0.093001,-0.92596,-0.365991],[-0.990177,0.0474685,0.131516],[-0.104405,0.374626,-0.921279]]],4]],[[0,200,0],[235.247,235.247,147.751]]],[261731,4714705328,[[177,"right",[-0.293423,0.571743,-0.766167],[-0.945018,-0.294509,0.142145],[10.3815,164.667,23.2344],[-12.002,29.8188,-13.8029],[12.6896,161.798,22.77],1,1,0.557316,[[0.167387,-0.779806,-0.603228],[0.749452,0.498181,-0.436048],[0.640549,-0.379101,0.667816]],63.72,[204.358,26.8709,239.526],[31.4094,129.228,59.216]]],[[1770,[-0.752675,0.0973393,-0.651157],177,52.1164,[-54.2528,157.972,20.2102],[-55.1962,161.116,22.2508],[-60.6398,271.314,135.13],false,[18.0914,145.921,81.2396],[18.0914,145.921,81.2396],[-20.7882,166.682,57.8062],[-46.4511,170.001,35.6047],[-57.5504,159.193,18.0628],[[[0.846089,0.0668469,-0.528834],[0.420947,0.524849,0.739822],[0.327013,-0.848567,0.41593]],[[0.622894,0.425642,-0.656378],[0.073177,0.803649,0.590587],[0.778876,-0.415905,0.469441]],[[0.622894,0.425642,-0.656378],[-0.213268,0.899641,0.381002],[0.752675,-0.0973393,0.651157]],[[0.622894,0.425642,-0.656378],[-0.622162,0.778173,-0.0858015],[0.474255,0.461819,0.749537]]],0],[1771,[-0.157343,-0.74355,0.649905],177,58.8075,[-38.2187,166.34,38.2639],[-37.9003,170.642,39.7013],[14.9425,248.433,92.849],false,[34.5944,151.622,65.2071],[1.47228,198.769,19.4627],[-41.2805,196.089,16.1789],[-45.0836,178.117,31.8874],[-35.9036,168.049,42.1962],[[[0.0930573,-0.658883,-0.746468],[0.888058,0.393932,-0.237003],[0.450214,-0.640852,0.621785]],[[0.0985332,-0.666638,-0.73884],[0.00486863,0.742767,-0.669532],[0.995122,0.062374,0.0764328]],[[0.0985332,-0.666638,-0.73884],[-0.982616,0.052214,-0.178155],[0.157343,0.74355,-0.649905]],[[0.0985332,-0.666638,-0.73884],[-0.837619,-0.456426,0.300117],[-0.537295,0.589295,-0.603362]]],1],[1772,[-0.152687,-0.59285,0.790706],177,67.0064,[-35.3187,148.767,31.5837],[-38.0838,158.696,36.9606],[-35.3604,235.521,118.642],false,[36.9744,144.644,55.3448],[6.66061,182.604,5.26772],[-41.5387,182.656,4.94961],[-45.8806,165.797,27.4344],[-35.6975,156.354,40.0942],[[[0.000262412,-0.796844,-0.604186],[0.900675,0.262703,-0.346081],[0.434494,-0.544084,0.717766]],[[0.00309183,-0.80037,-0.599499],[0.00592995,0.599506,-0.800349],[0.999978,-0.00108045,0.00659972]],[[0.00309183,-0.80037,-0.599499],[-0.98827,0.0890908,-0.124039],[0.152687,0.59285,-0.790706]],[[0.00309183,-0.80037,-0.599499],[-0.840447,-0.326943,0.432155],[-0.541886,0.50251,-0.673679]]],2],[1773,[-0.352469,-0.449674,0.820706],177,64.4285,[-35.9999,133.764,31.2091],[-40.3363,140.978,36.3143],[-109.705,228.03,167.105],false,[37.4321,135.586,47.0583],[11.7087,162.18,-3.48683],[-32.64,160.128,1.53763],[-42.4041,147.671,24.2728],[-39.5744,138.672,40.4007],[[[-0.00369849,-0.885746,-0.464155],[0.911784,0.187623,-0.365306],[0.410655,-0.42456,0.806915]],[[-0.0145132,-0.874257,-0.485247],[-0.120607,0.483286,-0.867115],[0.992594,0.0459395,-0.112455]],[[-0.0145132,-0.874257,-0.485247],[-0.935711,0.182946,-0.301623],[0.352469,0.449674,-0.820706]],[[-0.0145132,-0.874257,-0.485247],[-0.988358,-0.0609649,0.139399],[-0.151454,0.481621,-0.863193]]],3],[1774,[-0.373017,-0.276811,0.88557],177,50.5107,[-20.3475,128.317,18.4466],[-28.0982,134.426,25.0256],[-145.398,147.621,154.145],false,[32.7709,122.947,42.4654],[12.8084,141.45,-8.73432],[-22.1273,144.375,-4.12806],[-29.423,138.961,13.1926],[-27.4701,132.815,29.1778],[[[-0.106747,-0.947675,-0.300862],[0.932783,0.00932226,-0.360318],[0.344269,-0.319102,0.88298]],[[-0.123176,-0.931236,-0.342969],[-0.0929456,0.354907,-0.93027],[0.988023,-0.0827097,-0.13027]],[[-0.123176,-0.931236,-0.342969],[-0.919612,0.237015,-0.313271],[0.373017,0.276811,-0.88557]],[[-0.123176,-0.931236,-0.342969],[-0.985896,0.0753736,0.149426],[-0.1133,0.356537,-0.927386]]],4]],[[0,200,0],[235.247,235.247,147.751]]],[261732,4714714665,[[177,"right",[-0.295156,0.56066,-0.773655],[-0.948053,-0.272414,0.164274],[10.317,164.863,23.0131],[-10.5587,27.3176,-16.607],[12.5854,161.932,22.7806],1,1,0.538926,[[0.141317,-0.79573,-0.588934],[0.752607,0.472833,-0.45827],[0.643127,-0.378475,0.665691]],63.72,[204.9,27.6155,239.153],[31.2555,129.804,59.4161]]],[[1770,[-0.762614,0.111307,-0.637206],177,52.1164,[-54.6731,160.552,21.4351],[-55.334,163.034,23.128],[-49.3233,256.672,122.53],false,[18.644,147.235,81.2829],[18.644,147.235,81.2829],[-20.1313,168.211,57.8682],[-46.1331,172.006,36.1423],[-57.8962,161.257,19.0014],[[[0.838115,0.0384022,-0.54414],[0.443681,0.532333,0.720951],[0.31735,-0.845664,0.429118]],[[0.622097,0.396127,-0.675336],[0.0979741,0.816397,0.569119],[0.776786,-0.420213,0.469068]],[[0.622097,0.396127,-0.675336],[-0.177245,0.911424,0.371336],[0.762614,-0.111307,0.637206]],[[0.622097,0.396127,-0.675336],[-0.600307,0.795064,-0.0866268],[0.50262,0.459299,0.732405]]],0],[1771,[-0.159372,-0.725733,0.669262],177,58.8075,[-37.9581,168.745,39.1558],[-37.5255,172.133,40.1702],[22.6778,223.474,81.301],false,[34.9803,152.254,64.8568],[2.01495,199.046,18.6363],[-40.8315,197.108,16.1466],[-44.6836,179.567,32.3229],[-35.5107,169.56,42.6976],[[[0.0674109,-0.676716,-0.733152],[0.891447,0.370864,-0.260351],[0.448083,-0.636015,0.628257]],[[0.0730978,-0.684741,-0.725111],[0.00697934,0.72739,-0.686189],[0.9973,0.0450981,0.0579496]],[[0.0730978,-0.684741,-0.725111],[-0.984509,0.066641,-0.162178],[0.159372,0.725733,-0.669262]],[[0.0730978,-0.684741,-0.725111],[-0.840489,-0.433681,0.324807],[-0.536875,0.585705,-0.607218]]],1],[1772,[-0.145707,-0.572948,0.806536],177,67.0064,[-35.9377,151.586,33.2066],[-37.8822,160.098,37.7487],[-17.0302,210.867,109.794],false,[37.0549,145.017,55.1132],[6.64319,182.475,4.71824],[-41.5446,183.397,5.32262],[-45.688,167.104,28.2576],[-35.399,157.764,40.9082],[[[-0.0256354,-0.809664,-0.586334],[0.899631,0.237065,-0.366694],[0.435898,-0.536884,0.722321]],[[-0.0228569,-0.813069,-0.581718],[0.000935154,0.581853,-0.813294],[0.999738,-0.0191334,-0.012539]],[[-0.0228569,-0.813069,-0.581718],[-0.989064,0.103196,-0.105374],[0.145707,0.572948,-0.806536]],[[-0.0228569,-0.813069,-0.581718],[-0.836482,-0.303114,0.456531],[-0.547518,0.497032,-0.673189]]],2],[1773,[-0.347156,-0.4248,0.836079],177,64.4285,[-37.23,136.072,33.0202],[-40.6229,142.464,37.4747],[-87.3677,208.666,155.043],false,[37.1939,135.773,47.0226],[11.1403,161.768,-3.66492],[-33.1447,160.704,2.1636],[-42.7616,148.936,25.3247],[-39.8416,140.23,41.5965],[[[-0.0289546,-0.895398,-0.444325],[0.908937,0.161377,-0.384435],[0.415926,-0.414995,0.809188]],[[-0.0400519,-0.883996,-0.465776],[-0.126417,0.466888,-0.875234],[0.991168,0.0238272,-0.130452]],[[-0.0400519,-0.883996,-0.465776],[-0.936952,0.195184,-0.289871],[0.347156,0.4248,-0.836079]],[[-0.0400519,-0.883996,-0.465776],[-0.9869,-0.0379122,0.156816],[-0.156284,0.465955,-0.870897]]],3],[1774,[-0.363428,-0.249994,0.897454],177,50.5107,[-21.8364,129.577,19.928],[-28.7142,135.437,26.1228],[-122.966,136.737,143.667],false,[32.2085,123.133,42.7883],[11.7441,140.911,-8.47012],[-23.0