{"metadata":{"formatVersion":2,"generatedBy":"LeapJS Playback 0.2.1","frames":86,"protocolVersion":6,"serviceVersion":"2.2.6+29154","frameRate":"46","modified":"Thu Jun 04 2015 15:09:34 GMT-0300 (E. South America Standard Time)"},"frames":[["id","timestamp",{"hands":[["id","type","direction","palmNormal","palmPosition","palmVelocity","stabilizedPalmPosition","pinchStrength","grabStrength","confidence","armBasis","armWidth","elbow","wrist"]]},{"pointables":[["id","direction","handId","length","stabilizedTipPosition","tipPosition","tipVelocity","tool","carpPosition","mcpPosition","pipPosition","dipPosition","btipPosition","bases","type"]]},{"interactionBox":["center","size"]}],[304733,5552279807,[[224,"right",[-0.282131,0.522047,-0.804904],[-0.939552,-0.320025,0.121764],[112.046,169.369,42.8329],[1.56463,165.011,10.6405],[112.042,169.289,42.8252],0,0.523075,0.688649,[[0.235015,-0.81598,-0.528152],[0.78997,0.476935,-0.385332],[0.566318,-0.326665,0.756686]],63.72,[285.725,48.3346,285.65],[132.819,136.534,81.3445]],[227,"left",[0.375441,0.415748,-0.828371],[0.92645,-0.142215,0.348518],[-160.351,156.167,47.7309],[-52.9744,205.966,31.4112],[-160.218,155.646,47.6585],0,0.774009,0.689204,[[0.030753,-0.895456,-0.444087],[-0.860732,0.202141,-0.467203],[-0.508128,-0.396608,0.764531]],63.4269,[-320.873,21.0243,292.905],[-184.31,127.616,87.4308]]],[[2240,[-0.792447,0.231724,-0.564209],224,52.1164,[37.1012,189.91,52.6458],[37.1088,189.397,52.2834],[4.93614,180.393,21.2432],false,[118.106,153.83,101.971],[118.106,153.83,101.971],[78.4117,174.275,79.652],[51.3927,182.175,60.415],[32.8341,192.257,50.3318],[[[0.863382,0.0699716,-0.499675],[0.374137,0.575655,0.727078],[0.338515,-0.814693,0.470831]],[[0.602039,0.445579,-0.662577],[0.0721475,0.79606,0.600902],[0.795201,-0.409569,0.447112]],[[0.602039,0.445579,-0.662577],[-0.0978648,0.864733,0.492605],[0.792447,-0.231724,0.564209]],[[0.602039,0.445579,-0.662577],[0.0934441,0.784792,0.612674],[0.79298,-0.430768,0.430838]]],0],[2241,[-0.837264,0.0773454,-0.541301],224,58.8075,[63.1369,221.273,-11.9884],[63.9946,221.749,-12.1701],[5.56677,188.356,27.3688],false,[135.023,159.297,86.2929],[102.164,202.905,36.9865],[95.7035,223.873,0.0493281],[75.4665,225.743,-13.0341],[59.454,219.94,-11.6758],[[[0.143899,-0.691725,-0.707679],[0.883067,0.412517,-0.223656],[0.446638,-0.592744,0.670201]],[[0.254308,-0.821284,-0.510706],[0.955359,0.295447,0.000607324],[0.150388,-0.488062,0.859755]],[[0.254308,-0.821284,-0.510706],[0.484063,0.565253,-0.667961],[0.837264,-0.0773454,0.541301]],[[0.254308,-0.821284,-0.510706],[-0.23875,0.45841,-0.856072],[0.93719,0.339637,-0.0795036]]],1],[2242,[-0.912368,0.0805901,-0.40136],224,67.0064,[52.2122,203.77,-26.3767],[53.129,204.215,-26.1824],[-0.476477,193.336,20.6081],false,[138.016,151.923,76.8972],[108.436,186.242,23.8431],[92.042,204.568,-17.6137],[66.0975,206.86,-29.0269],[48.0646,202.847,-25.5851],[[[0.0502541,-0.825569,-0.562059],[0.904273,0.27652,-0.325309],[0.423986,-0.491907,0.760436]],[[0.114491,-0.891074,-0.43918],[0.933387,0.247845,-0.259539],[0.340117,-0.38021,0.860093]],[[0.114491,-0.891074,-0.43918],[0.393035,0.446646,-0.803761],[0.912368,-0.0805901,0.40136]],[[0.114491,-0.891074,-0.43918],[-0.256998,0.40047,-0.879531],[0.959606,0.213566,-0.183154]]],2],[2243,[-0.829176,0.0959425,-0.550692],224,64.4285,[65.5579,179.132,-40.5088],[66.4103,179.976,-40.4979],[-1.68997,189.663,12.7351],false,[139.097,142.483,69.1094],[114.496,165.596,16.3426],[102.85,177.819,-25.0244],[79.8798,180.477,-40.2796],[61.28,178.731,-40.5772],[[[0.0437874,-0.907439,-0.417896],[0.918608,0.201009,-0.340228],[0.392737,-0.368985,0.842382]],[[0.093832,-0.947292,-0.306322],[0.960859,0.166722,-0.221256],[0.260665,-0.273571,0.925858]],[[0.093832,-0.947292,-0.306322],[0.551055,0.305667,-0.77647],[0.829176,-0.0959425,0.550692]],[[0.093832,-0.947292,-0.306322],[-0.0135392,0.306437,-0.951795],[0.995496,0.0934562,0.015928]]],3],[2244,[-0.819766,0.0553547,-0.570017],224,50.5107,[78.5331,148.96,-33.3766],[79.2187,149.768,-33.4489],[-4.67621,190.983,6.04283],false,[135.04,129.474,65.0008],[116.487,144.681,12.2106],[107.836,147.78,-21.9335],[91.8019,148.863,-33.0824],[74.5698,148.989,-33.4645],[[[-0.0634384,-0.964701,-0.255592],[0.9453,0.0240279,-0.325316],[0.319974,-0.262249,0.910408]],[[-0.005331,-0.996012,-0.0890565],[0.969593,0.0166412,-0.244156],[0.244664,-0.0876502,0.965638]],[[-0.005331,-0.996012,-0.0890565],[0.572674,0.0699667,-0.816792],[0.819766,-0.0553547,0.570017]],[[-0.005331,-0.996012,-0.0890565],[0.0227299,0.0889141,-0.99578],[0.999727,-0.00733275,0.0221653]]],4],[2270,[0.844762,0.337212,-0.41553],227,51.8766,[-90.9509,184.378,64.4578],[-91.0791,184.975,64.6814],[-48.2733,177.672,49.7488],false,[-176.398,150.162,106.444],[-176.398,150.162,106.444],[-135.159,169.989,87.0772],[-106.488,181.434,72.9746],[-86.3502,185.426,61.9648],[[[-0.744481,-0.153143,-0.649842],[-0.582644,0.624289,0.520375],[-0.325997,-0.766036,0.553999]],[[-0.501467,0.227722,-0.83467],[-0.244308,0.888206,0.389107],[-0.829966,-0.399041,0.389772]],[[-0.501467,0.227722,-0.83467],[-0.186835,0.913472,0.361471],[-0.844762,-0.337212,0.41553]],[[-0.501467,0.227722,-0.83467],[-0.0354119,0.958528,0.282789],[-0.864452,-0.171367,0.472606]]],0],[2271,[0.805961,0.194484,-0.559108],227,58.537,[-119.43,208.579,-13.5869],[-119.436,208.565,-13.6375],[-32.7569,225.734,56.0072],false,[-190.213,150.146,87.3167],[-153.675,189.205,37.2958],[-151.664,205.341,-2.25714],[-132.274,210.02,-15.7088],[-115.595,208.167,-12.9484],[[[0.0897415,-0.815735,-0.571422],[-0.861973,0.223812,-0.454875],[-0.498948,-0.533372,0.683056]],[[-0.0399498,-0.924468,-0.379161],[-0.998095,0.0547733,-0.0283847],[-0.0470087,-0.377305,0.924895]],[[-0.0399498,-0.924468,-0.379161],[-0.590619,0.327926,-0.737316],[-0.805961,-0.194484,0.559108]],[[-0.0399498,-0.924468,-0.379161],[0.19136,0.365362,-0.910984],[-0.980707,0.10895,-0.16231]]],1],[2272,[0.851095,0.184946,-0.491358],227,66.6982,[-109.445,187.261,-29.434],[-109.806,187.108,-29.5122],[-32.5259,231.187,50.2261],false,[-190.293,140.947,79.2171],[-155.031,169.864,26.8405],[-147.514,181.878,-18.9975],[-123.423,187.113,-32.9057],[-105.271,187.308,-28.3965],[[[0.167128,-0.906418,-0.387912],[-0.845137,0.0709156,-0.529826],[-0.507752,-0.416387,0.754195]],[[0.0705434,-0.967696,-0.242049],[-0.985127,-0.029472,-0.169281],[-0.156679,-0.25039,0.955383]],[[0.0705434,-0.967696,-0.242049],[-0.520251,0.171344,-0.836648],[-0.851095,-0.184946,0.491358]],[[0.0705434,-0.967696,-0.242049],[0.230742,0.251902,-0.939842],[-0.970454,-0.0104488,-0.241058]]],2],[2273,[0.868581,0.0971159,-0.485939],227,64.1321,[-111.123,155.151,-30.4353],[-110.865,154.984,-29.9028],[-52.6579,229.495,24.4265],false,[-188.602,130.321,73.406],[-156.853,147.653,22.6189],[-148.848,151.941,-20.9182],[-124.897,154.618,-34.3177],[-107.009,155.311,-29.2756],[[[0.153818,-0.960562,-0.231646],[-0.846792,-0.00733466,-0.531874],[-0.509199,-0.277968,0.814524]],[[0.0628552,-0.994279,-0.0863598],[-0.981658,-0.0459869,-0.185022],[-0.179992,-0.0964054,0.978932]],[[0.0628552,-0.994279,-0.0863598],[-0.491546,0.0444667,-0.869716],[-0.868581,-0.0971159,0.485939]],[[0.0628552,-0.994279,-0.0863598],[0.266341,0.100104,-0.958666],[-0.961827,-0.037256,-0.27111]]],3],[2274,[0.790815,0.435595,-0.429963],227,50.2784,[-123.974,149.868,-15.0506],[-123.951,149.852,-14.8073],[-51.3306,226.042,25.2285],false,[-182.264,117.669,72.7402],[-155.395,126.39,22.4067],[-151.497,137.931,-10.6146],[-136.101,146.412,-18.9855],[-120.358,150.927,-13.8728],[[[0.231636,-0.971774,-0.0447301],[-0.854196,-0.181177,-0.487364],[-0.465503,-0.151099,0.872053]],[[0.34608,-0.897647,-0.272872],[-0.931645,-0.294471,-0.212895],[-0.110751,-0.327898,0.938199]],[[0.34608,-0.897647,-0.272872],[-0.504817,0.0669893,-0.860623],[-0.790815,-0.435595,0.429963]],[[0.34608,-0.897647,-0.272872],[0.195675,0.353508,-0.914737],[-0.917573,-0.263178,-0.297989]]],4]],[[0,200,0],[235.247,235.247,147.751]]],[304734,5552315244,[[224,"right",[-0.291894,0.514199,-0.806472],[-0.935396,-0.329416,0.128524],[113.299,172.914,43.3791],[25.7976,118.407,14.0661],[113.27,172.833,43.3668],0,0.525543,0.697152,[[0.231778,-0.812427,-0.535015],[0.795442,0.47488,-0.376513],[0.559957,-0.338306,0.756305]],63.72,[285.812,49.1917,286.176],[134.623,140.534,81.9741]],[227,"left",[0.362694,0.4418,-0.820528],[0.930758,-0.128004,0.342497],[-160.6,160.636,48.7066],[-20.0022,148.662,28.6289],[-160.576,160.326,48.6415],0,0.771355,0.707916,[[0.041114,-0.892117,-0.449929],[-0.860308,0.197394,-0.470006],[-0.508114,-0.406402,0.75938]],63.4269,[-320.306,21.4777,291.956],[-183.746,130.701,87.8661]]],[[2240,[-0.797697,0.219736,-0.561601],224,52.1164,[38.1916,192.783,53.5099],[38.2109,192.274,53.156],[23.7652,109.402,23.6475],false,[119.83,157.792,102.575],[119.83,157.792,102.575],[79.8091,177.702,80.3557],[52.6112,185.194,61.2076],[33.9051,195.104,51.2269],[[[0.859995,0.0763227,-0.504562],[0.371619,0.583952,0.721734],[0.349724,-0.808193,0.473833]],[[0.59389,0.448004,-0.668271],[0.0671274,0.800131,0.596058],[0.801741,-0.398852,0.445116]],[[0.59389,0.448004,-0.668271],[-0.104757,0.866607,0.487871],[0.797697,-0.219736,0.561601]],[[0.59389,0.448004,-0.668271],[0.0919075,0.787404,0.609548],[0.799279,-0.423424,0.426456]]],0],[2241,[-0.841352,0.0644566,-0.53663],224,58.8075,[63.4734,223.918,-11.4689],[64.3165,224.401,-11.6565],[8.40384,106.883,18.2742],false,[136.606,163.349,86.7773],[103.025,206.307,37.3877],[96.0838,226.964,0.362495],[75.748,228.522,-12.6081],[59.8081,222.552,-11.1269],[[[0.147735,-0.69431,-0.704349],[0.877392,0.420689,-0.230662],[0.456463,-0.583913,0.671332]],[[0.260556,-0.821506,-0.507186],[0.951846,0.306488,-0.00743758],[0.161556,-0.480825,0.861805]],[[0.260556,-0.821506,-0.507186],[0.473536,0.566544,-0.674382],[0.841352,-0.0644566,0.53663]],[[0.260556,-0.821506,-0.507186],[-0.248443,0.450588,-0.857465],[0.932945,0.349425,-0.0866935]]],1],[2242,[-0.915981,0.0670332,-0.395582],224,67.0064,[52.4137,206.125,-25.6431],[53.3684,206.59,-25.4978],[3.94862,102.349,20.6892],false,[139.631,155.952,77.4096],[109.408,189.635,24.3098],[92.3099,207.429,-17.0943],[66.2627,209.335,-28.3433],[48.2772,205.169,-24.8357],[[[0.0562937,-0.828291,-0.557463],[0.899545,0.284329,-0.331625],[0.433185,-0.482794,0.761091]],[[0.122121,-0.892584,-0.434027],[0.926957,0.258867,-0.271548],[0.354735,-0.369163,0.859]],[[0.122121,-0.892584,-0.434027],[0.382184,0.44587,-0.809404],[0.915981,-0.0670332,0.395582]],[[0.122121,-0.892584,-0.434027],[-0.26283,0.392606,-0.881352],[0.957082,0.221707,-0.186653]]],2],[2243,[-0.833311,0.0824909,-0.546614],224,64.4285,[66.1819,181.573,-39.7745],[67.0145,182.419,-39.7721],[12.1626,103.035,18.4747],false,[140.773,146.478,69.6718],[115.653,169.012,16.899],[103.574,180.793,-24.472],[80.4893,183.078,-39.6143],[61.9087,181.126,-39.8217],[[[0.0514541,-0.909372,-0.41279],[0.914619,0.20889,-0.346175],[0.401029,-0.359733,0.842477]],[[0.102993,-0.948323,-0.300126],[0.957237,0.176506,-0.229224],[0.270353,-0.263683,0.925949]],[[0.102993,-0.948323,-0.300126],[0.543125,0.306395,-0.781753],[0.833312,-0.0824909,0.546614]],[[0.102993,-0.948323,-0.300126],[-0.0208315,0.299607,-0.953835],[0.994464,0.10449,0.0111023]]],3],[2244,[-0.824872,0.0415315,-0.563792],224,50.5107,[79.5355,151.588,-32.4324],[80.2019,152.394,-32.5456],[18.9826,107.185,20.8344],false,[136.837,133.402,65.6607],[117.848,148.095,12.8795],[108.941,150.837,-21.2292],[92.807,151.649,-32.2563],[75.5719,151.571,-32.4843],[[[-0.0543105,-0.966826,-0.249597],[0.943301,0.0322984,-0.330365],[0.327467,-0.253387,0.910253]],[[0.00556238,-0.996653,-0.0815563],[0.967731,0.0259117,-0.250651],[0.251925,-0.0775303,0.964636]],[[0.00556238,-0.996653,-0.0815563],[0.565292,0.0704095,-0.82188],[0.824872,-0.0415315,0.563792]],[[0.00556238,-0.996653,-0.0815563],[0.0128138,0.0816219,-0.996581],[0.999902,0.00449832,0.0132249]]],4],[2270,[0.835433,0.364329,-0.411481],227,51.8766,[-91.8176,189.929,65.7644],[-91.9449,190.557,66.0024],[-30.9954,162.762,40.3758],false,[-176.289,153.017,107.329],[-176.289,153.017,107.329],[-135.6,174.227,88.2656],[-107.246,186.592,74.3005],[-87.2371,191.105,63.2571],[[[-0.743098,-0.156602,-0.650601],[-0.595044,0.599431,0.535356],[-0.306152,-0.784958,0.53862]],[[-0.509698,0.233564,-0.828043],[-0.263845,0.873637,0.408833],[-0.818898,-0.426857,0.383666]],[[-0.509698,0.233564,-0.828043],[-0.205573,0.901505,0.380825],[-0.835433,-0.364329,0.411481]],[[-0.509698,0.233564,-0.828043],[-0.0497157,0.952842,0.299368],[-0.858916,-0.193754,0.47405]]],0],[2271,[0.798521,0.225309,-0.558211],227,58.537,[-121.066,215.294,-11.6781],[-121.098,215.274,-11.7001],[-42.4293,199.782,54.4916],false,[-190.17,153.086,88.2494],[-154.728,194.034,38.9549],[-153.17,211.043,-0.250864],[-133.959,216.463,-13.681],[-117.219,214.966,-11.0738],[[[0.106524,-0.80115,-0.588907],[-0.868575,0.21331,-0.447299],[-0.483973,-0.559158,0.673136]],[[-0.0199183,-0.916915,-0.398586],[-0.999138,0.0327806,-0.0254799],[-0.0364288,-0.397734,0.916777]],[[-0.0199183,-0.916915,-0.398586],[-0.601637,0.329398,-0.727688],[-0.798521,-0.225309,0.558211]],[[-0.0199183,-0.916915,-0.398586],[0.175645,0.389255,-0.904228],[-0.984252,0.0880203,-0.153298]]],1],[2272,[0.84444,0.215027,-0.490597],227,66.6982,[-110.668,194.535,-27.9831],[-111.028,194.379,-28.0435],[-33.9446,212.591,43.5682],false,[-190.067,144.061,79.9564],[-155.675,174.892,28.0953],[-148.561,188.041,-17.4948],[-124.659,194.127,-31.3815],[-106.489,194.66,-26.9674],[[[0.186658,-0.893875,-0.40761],[-0.848476,0.0624674,-0.525534],[-0.495224,-0.443942,0.746772]],[[0.091977,-0.960493,-0.262666],[-0.984661,-0.0484539,-0.167614],[-0.148265,-0.274054,0.950217]],[[0.091977,-0.960493,-0.262666],[-0.527695,0.176682,-0.830856],[-0.84444,-0.215027,0.490597]],[[0.091977,-0.960493,-0.262666],[0.219172,0.276843,-0.935586],[-0.971341,-0.0284835,-0.235976]]],2],[2273,[0.861094,0.128394,-0.491968],227,64.1321,[-111.855,162.476,-29.9076],[-111.542,162.299,-29.3203],[-29.6879,213.126,17.5856],false,[-188.151,133.603,73.9156],[-156.997,152.739,23.4085],[-149.401,158.147,-20.0771],[-125.657,161.687,-33.6429],[-107.732,162.712,-28.7918],[[[0.175174,-0.951611,-0.252489],[-0.848327,-0.0157393,-0.529239],[-0.499656,-0.306902,0.810034]],[[0.0858677,-0.990416,-0.108184],[-0.98156,-0.0654829,-0.179591],[-0.170785,-0.12161,0.977775]],[[0.0858677,-0.990416,-0.108184],[-0.501143,0.0509127,-0.863865],[-0.861094,-0.128394,0.491968]],[[0.0858677,-0.990416,-0.108184],[0.252384,0.126667,-0.959301],[-0.96381,-0.055069,-0.260841]]],3],[2274,[0.773021,0.463751,-0.432867],227,50.2784,[-124.629,156.537,-14.7149],[-124.496,156.503,-14.3458],[-27.6932,198.7,13.8963],false,[-181.524,121.118,72.9611],[-155.048,131.525,22.7399],[-151.765,143.777,-10.0915],[-136.716,152.806,-18.5189],[-121.02,157.666,-13.578],[[[0.253911,-0.964966,-0.0660993],[-0.851542,-0.19061,-0.48841],[-0.4587,-0.180299,0.870107]],[[0.365821,-0.883337,-0.293072],[-0.926,-0.313904,-0.209735],[-0.0932697,-0.34811,0.932802]],[[0.365821,-0.883337,-0.293072],[-0.51828,0.0681991,-0.852488],[-0.773021,-0.463751,0.432867]],[[0.365821,-0.883337,-0.293072],[0.171353,0.373443,-0.91169],[-0.914775,-0.283297,-0.287976]]],4]],[[0,200,0],[235.247,235.247,147.751]]],[304735,5552321288,[[224,"right",[-0.292412,0.514188,-0.806291],[-0.935125,-0.330164,0.128582],[113.445,173.33,43.4022],[25.4847,108.777,12.0796],[113.351,173.064,43.3832],0,0.52596,0.700114,[[0.232081,-0.812072,-0.535422],[0.796129,0.474842,-0.375106],[0.558854,-0.33921,0.756716]],63.72,[285.69,49.3692,286.299],[134.8,140.956,81.9853]],[227,"left",[0.359586,0.44609,-0.819574],[0.931865,-0.126277,0.340121],[-160.637,161.133,48.7668],[-17.3197,135.783,25.0079],[-160.599,160.625,48.688],0,0.770923,0.709983,[[0.0412768,-0.891692,-0.450756],[-0.860193,0.197794,-0.470049],[-0.508296,-0.407139,0.758863]],63.4269,[-320.215,21.5529,291.809],[-183.607,130.975,87.8589]]],[[2240,[-0.79793,0.219237,-0.561465],224,52.1164,[38.2672,192.989,53.5415],[38.3463,192.647,53.207],[23.533,100.169,20.7038],false,[119.997,158.197,102.593],[119.997,158.197,102.593],[79.9587,178.088,80.3883],[52.7528,185.563,61.2448],[34.04,195.478,51.2823],[[[0.859859,0.0771124,-0.504675],[0.371285,0.584045,0.72183],[0.350415,-0.80805,0.473565]],[[0.593467,0.448613,-0.668239],[0.0667248,0.799976,0.596311],[0.802088,-0.398479,0.444825]],[[0.593467,0.448613,-0.668239],[-0.105377,0.866419,0.488072],[0.79793,-0.219237,0.561465]],[[0.593467,0.448613,-0.668239],[0.0921357,0.786932,0.610122],[0.799567,-0.423656,0.425685]]],0],[2241,[-0.841607,0.0638058,-0.536308],224,58.8075,[63.5239,224.158,-11.4376],[64.3949,224.783,-11.6068],[9.38367,98.4419,16.3197],false,[136.767,163.771,86.7943],[103.144,206.716,37.4212],[96.1674,227.373,0.402577],[75.8254,228.915,-12.5602],[59.8906,222.932,-11.0768],[[[0.148156,-0.694011,-0.704555],[0.877034,0.421419,-0.230687],[0.457012,-0.583742,0.671108]],[[0.261106,-0.821175,-0.50744],[0.951551,0.307391,-0.00781496],[0.1624,-0.480815,0.861651]],[[0.261106,-0.821175,-0.50744],[0.47278,0.567099,-0.674446],[0.841607,-0.0638058,0.536308]],[[0.261106,-0.821175,-0.50744],[-0.249001,0.450591,-0.857302],[0.932643,0.3502,-0.0868208]]],1],[2242,[-0.916415,0.0659895,-0.394753],224,67.0064,[52.4101,206.357,-25.5904],[53.3803,206.938,-25.4364],[3.0056,93.5912,19.1935],false,[139.795,156.378,77.4242],[109.539,190.053,24.3379],[92.3169,207.811,-17.0303],[66.2574,209.688,-28.2556],[48.2716,205.512,-24.76],[[[0.0568398,-0.828101,-0.55769],[0.899277,0.285103,-0.331689],[0.433671,-0.482664,0.760897]],[[0.122775,-0.892409,-0.434202],[0.925887,0.260511,-0.273621],[0.357296,-0.368428,0.858254]],[[0.122775,-0.892409,-0.434202],[0.380934,0.446375,-0.809715],[0.916415,-0.0659895,0.394753]],[[0.122775,-0.892409,-0.434202],[-0.262472,0.392736,-0.881401],[0.957097,0.22218,-0.186014]]],2],[2243,[-0.833415,0.0818616,-0.546551],224,64.4285,[66.2606,181.841,-39.7571],[67.1236,182.803,-39.744],[13.4712,95.496,15.6888],false,[140.944,146.908,69.6837],[115.798,169.436,16.9207],[103.69,181.208,-24.4444],[80.6025,183.476,-39.5849],[62.0233,181.511,-39.7982],[[[0.0520845,-0.909223,-0.413038],[0.914406,0.209679,-0.346261],[0.401434,-0.359649,0.84232]],[[0.103746,-0.948211,-0.30022],[0.956972,0.17741,-0.229632],[0.271002,-0.263479,0.925817]],[[0.103746,-0.948211,-0.30022],[0.542822,0.30691,-0.781761],[0.833415,-0.0818616,0.546551]],[[0.103746,-0.948211,-0.30022],[-0.0207536,0.299719,-0.953802],[0.994387,0.105184,0.0114157]]],3],[2244,[-0.825263,0.0407397,-0.563278],224,50.5107,[79.631,151.858,-32.4046],[80.3348,152.781,-32.5109],[19.7092,98.8846,18.0624],false,[137.016,133.83,65.6698],[118.009,148.522,12.8954],[109.086,151.254,-21.2102],[92.9445,152.05,-32.2272],[75.7093,151.957,-32.4416],[[[-0.053611,-0.966801,-0.249844],[0.943225,0.0331057,-0.330502],[0.327801,-0.253378,0.910135]],[[0.00642474,-0.996653,-0.0814971],[0.967613,0.0267634,-0.251017],[0.252358,-0.0772449,0.964546]],[[0.00642474,-0.996653,-0.0814971],[0.564712,0.0708754,-0.822239],[0.825263,-0.0407397,0.563278]],[[0.00642474,-0.996653,-0.0814971],[0.0119551,0.0815695,-0.996596],[0.999908,0.00542857,0.0124391]]],4],[2270,[0.833574,0.367877,-0.412094],227,51.8766,[-91.8692,190.258,65.7816],[-92.0386,191.151,66.0161],[-27.88,149.637,32.695],false,[-176.182,153.241,107.392],[-176.182,153.241,107.392],[-135.601,174.657,88.3274],[-107.311,187.142,74.3415],[-87.335,191.687,63.2508],[[[-0.74391,-0.156546,-0.649685],[-0.595893,0.595455,0.538837],[-0.302506,-0.787989,0.53625]],[[-0.512139,0.235048,-0.826115],[-0.265881,0.871196,0.412705],[-0.816713,-0.431011,0.383679]],[[-0.512139,0.235048,-0.826115],[-0.207047,0.899677,0.384334],[-0.833574,-0.367877,0.412094]],[[-0.512139,0.235048,-0.826115],[-0.0492801,0.9522,0.301473],[-0.857487,-0.195107,0.476076]]],0],[2271,[0.796519,0.230083,-0.559124],227,58.537,[-121.269,215.846,-11.5656],[-121.424,216.132,-11.5201],[-44.4272,188.618,49.5015],false,[-190.102,153.337,88.3404],[-154.894,194.586,39.1303],[-153.451,211.748,-0.013257],[-134.287,217.284,-13.4653],[-117.535,215.838,-10.9125],[[[0.107922,-0.798557,-0.592165],[-0.870172,0.212181,-0.444724],[-0.480784,-0.563281,0.671983]],[[-0.0177618,-0.915459,-0.40202],[-0.999273,0.0298231,-0.0237625],[-0.0337431,-0.401305,0.915323]],[[-0.0177618,-0.915459,-0.40202],[-0.604353,0.330147,-0.725093],[-0.796519,-0.230083,0.559124]],[[-0.0177618,-0.915459,-0.40202],[0.171599,0.393326,-0.903243],[-0.985007,0.0850295,-0.150106]]],1],[2272,[0.843132,0.219263,-0.490971],227,66.6982,[-110.851,195.222,-27.901],[-111.29,195.318,-27.9397],[-35.2795,201.13,38.666],false,[-189.986,144.344,80.0129],[-155.8,175.483,28.1999],[-148.776,188.818,-17.3499],[-124.91,195.024,-31.2471],[-106.735,195.597,-26.864],[[[0.188725,-0.89171,-0.411384],[-0.849744,0.061703,-0.523572],[-0.492258,-0.448382,0.74608]],[[0.0944086,-0.959263,-0.266272],[-0.984709,-0.0506445,-0.166685],[-0.14641,-0.277937,0.949376]],[[0.0944086,-0.959263,-0.266272],[-0.529354,0.17815,-0.829486],[-0.843132,-0.219263,0.490971]],[[0.0944086,-0.959263,-0.266272],[0.216633,0.280852,-0.934983],[-0.971678,-0.0305872,-0.234323]]],2],[2273,[0.859064,0.133383,-0.494185],227,64.1321,[-112.051,163.254,-29.972],[-111.778,163.27,-29.3954],[-31.8416,203.145,11.582],false,[-188.049,133.915,73.9285],[-157.06,153.344,23.4315],[-149.602,158.952,-20.0525],[-125.913,162.63,-33.6794],[-107.976,163.699,-28.8859],[[[0.177745,-0.950071,-0.256461],[-0.849348,-0.0164882,-0.527576],[-0.497006,-0.311598,0.809871]],[[0.0890156,-0.98967,-0.112377],[-0.981811,-0.0681885,-0.177193],[-0.1677,-0.126106,0.977739]],[[0.0890156,-0.98967,-0.112377],[-0.504069,0.0525488,-0.862063],[-0.859064,-0.133383,0.494185]],[[0.0890156,-0.98967,-0.112377],[0.248621,0.131331,-0.959656],[-0.964502,-0.057485,-0.257744]]],3],[2274,[0.769018,0.468209,-0.435191],227,50.2784,[-124.788,157.112,-14.8016],[-124.708,157.362,-14.4486],[-30.0212,187.828,6.95667],false,[-181.383,121.456,72.9132],[-155.044,132.139,22.6783],[-151.931,144.509,-10.1252],[-136.959,153.625,-18.5979],[-121.259,158.541,-13.7262],[[[0.256905,-0.963878,-0.0702835],[-0.851913,-0.191522,-0.487406],[-0.456338,-0.185092,0.870343]],[[0.368136,-0.880966,-0.297279],[-0.925555,-0.316811,-0.207314],[-0.088455,-0.351468,0.932012]],[[0.368136,-0.880966,-0.297279],[-0.522577,0.0684036,-0.849844],[-0.769018,-0.468209,0.435191]],[[0.368136,-0.880966,-0.297279],[0.164955,0.376546,-0.911594],[-0.915022,-0.286553,-0.28394]]],4]],[[0,200,0],[235.247,235.247,147.751]]],[304736,5552349016,[[224,"right",[-0.290956,0.515309,-0.806102],[-0.935389,-0.330206,0.126534],[113.859,174.041,43.4102],[18.8677,56.5753,4.67418],[113.808,173.942,43.4075],0,0.527339,0.705681,[[0.233483,-0.811812,-0.535207],[0.79748,0.474797,-0.372281],[0.556337,-0.339896,0.758261]],63.72,[285.355,49.8409,286.717],[135.144,141.613,81.9865]],[227,"left",[0.341696,0.465183,-0.816608],[0.93722,-0.104197,0.332807],[-161.266,163.948,49.2371],[-20.6941,114.259,19.9541],[-161.164,163.437,49.1527],0,0.769372,0.696933,[[0.054881,-0.891499,-0.449686],[-0.85918,0.187293,-0.476163],[-0.508722,-0.412493,0.755679]],63.4269,[-319.857,21.8604,291.217],[-183.134,132.721,88.1217]]],[[2240,[-0.79683,0.219859,-0.562782],224,52.1164,[38.7208,193.898,53.5255],[38.758,193.429,53.1596],[18.2007,54.9324,6.57779],false,[120.308,158.828,102.592],[120.308,158.828,102.592],[80.3157,178.775,80.3539],[53.1473,186.271,61.1655],[34.4639,196.28,51.2416],[[[0.860735,0.0776688,-0.503094],[0.370125,0.583025,0.723249],[0.34949,-0.808733,0.473083]],[[0.594775,0.44933,-0.666592],[0.066194,0.799016,0.597656],[0.801162,-0.399595,0.445492]],[[0.594775,0.44933,-0.666592],[-0.106319,0.86589,0.488806],[0.79683,-0.219859,0.562782]],[[0.594775,0.44933,-0.666592],[0.0945442,0.784353,0.613068],[0.798313,-0.42766,0.424032]]],0],[2241,[-0.84128,0.0639039,-0.53681],224,58.8075,[63.969,225.023,-11.4028],[64.8102,225.52,-11.5869],[13.2315,53.5448,6.44508],false,[137.105,164.421,86.8294],[103.574,207.437,37.4563],[96.5907,228.121,0.453628],[76.2566,229.665,-12.5213],[60.3203,223.679,-11.067],[[[0.149271,-0.693087,-0.70523],[0.877487,0.421606,-0.228616],[0.455779,-0.584704,0.671108]],[[0.261871,-0.820536,-0.508079],[0.951317,0.308127,-0.00729745],[0.162541,-0.481433,0.86128]],[[0.261871,-0.820536,-0.508079],[0.47294,0.568011,-0.673566],[0.84128,-0.0639039,0.53681]],[[0.261871,-0.820536,-0.508079],[-0.247867,0.45161,-0.857094],[0.93273,0.350384,-0.0851203]]],1],[2242,[-0.91672,0.0650896,-0.394192],224,67.0064,[52.4018,207.093,-25.5055],[53.4384,207.574,-25.426],[0.96402,49.3278,8.52029],false,[140.149,157.04,77.4546],[109.988,190.79,24.3617],[92.3476,208.444,-16.8747],[66.2794,210.295,-28.0841],[48.2562,206.163,-24.7321],[[[0.0576838,-0.827361,-0.558701],[0.899884,0.285422,-0.329762],[0.432298,-0.483744,0.760993]],[[0.123611,-0.892023,-0.434759],[0.922375,0.264867,-0.281194],[0.365985,-0.366252,0.85552]],[[0.123611,-0.892023,-0.434759],[0.379926,0.447279,-0.80969],[0.91672,-0.0650896,0.394192]],[[0.123611,-0.892023,-0.434759],[-0.254695,0.394923,-0.882704],[0.959089,0.219843,-0.178376]]],2],[2243,[-0.832165,0.082746,-0.54832],224,64.4285,[66.8281,182.768,-39.8388],[67.6456,183.602,-39.8212],[17.3235,54.2112,3.76583],false,[141.31,147.58,69.7034],[116.257,170.183,16.9276],[104.199,182.001,-24.4389],[81.1463,184.293,-39.6285],[62.5669,182.338,-39.9039],[[[0.052669,-0.908676,-0.414166],[0.915028,0.210016,-0.344409],[0.399938,-0.360834,0.842525]],[[0.104193,-0.947861,-0.30117],[0.957238,0.177749,-0.228256],[0.269888,-0.264509,0.925849]],[[0.104193,-0.947861,-0.30117],[0.544652,0.307755,-0.780155],[0.832165,-0.082746,0.54832]],[[0.104193,-0.947861,-0.30117],[-0.0175372,0.30102,-0.953456],[0.994402,0.104625,0.0147414]]],3],[2244,[-0.825158,0.0405729,-0.563442],224,50.5107,[80.1623,152.709,-32.4169],[80.814,153.511,-32.5471],[18.6568,53.7421,6.1563],false,[137.387,134.508,65.6652],[118.472,149.274,12.878],[109.584,152.011,-21.2361],[93.4445,152.805,-32.2564],[76.2093,152.704,-32.4652],[[[-0.0533145,-0.966458,-0.251231],[0.943795,0.0334171,-0.328837],[0.326203,-0.254643,0.910356]],[[0.00680881,-0.996631,-0.0817377],[0.967864,0.0271164,-0.250007],[0.251381,-0.0774088,0.964788]],[[0.00680881,-0.996631,-0.0817377],[0.56486,0.0712829,-0.822102],[0.825158,-0.0405729,0.563442]],[[0.00680881,-0.996631,-0.0817377],[0.0115962,0.0818128,-0.99658],[0.99991,0.00583768,0.0121142]]],4],[2270,[0.820284,0.395672,-0.41301],227,51.8766,[-93.2082,194.727,66.1279],[-93.4184,195.56,66.3733],[-41.5068,155.444,20.1109],false,[-176.201,154.962,107.863],[-176.201,154.962,107.863],[-136.379,177.778,88.8246],[-108.539,191.207,74.8076],[-88.7534,196.195,63.5674],[[[-0.743541,-0.169763,-0.646782],[-0.608606,0.572517,0.549384],[-0.277029,-0.802125,0.529009]],[[-0.5239,0.23006,-0.820123],[-0.288447,0.858028,0.424955],[-0.801453,-0.459196,0.383161]],[[-0.5239,0.23006,-0.820123],[-0.229483,0.88911,0.396007],[-0.820284,-0.395672,0.41301]],[[-0.5239,0.23006,-0.820123],[-0.0645955,0.949331,0.307569],[-0.849327,-0.214112,0.482494]]],0],[2271,[0.787772,0.257482,-0.559569],227,58.537,[-123.535,220.645,-10.648],[-123.745,220.693,-10.6483],[-66.0086,173.329,38.0491],false,[-190.243,154.887,88.9017],[-156.516,197.655,39.9513],[-155.471,215.287,1.0046],[-136.518,221.482,-12.4582],[-119.706,220.499,-10.0874],[[[0.126109,-0.788476,-0.601998],[-0.87862,0.192965,-0.436796],[-0.460568,-0.584012,0.668437]],[[0.00489426,-0.911029,-0.412313],[-0.99969,0.00560854,-0.024259],[-0.0244131,-0.412304,0.910719]],[[0.00489426,-0.911029,-0.412313],[-0.615947,0.32207,-0.718944],[-0.787772,-0.257482,0.559569]],[[0.00489426,-0.911029,-0.412313],[0.150821,0.408274,-0.900314],[-0.988549,0.0577791,-0.1394]]],1],[2272,[0.83216,0.24757,-0.496205],227,66.6982,[-113.116,200.429,-27.4563],[-113.428,200.328,-27.4613],[-63.1605,187.688,23.8359],false,[-189.933,145.996,80.4705],[-156.964,178.659,28.8072],[-150.689,192.642,-16.6576],[-127.134,199.65,-30.7029],[-108.94,200.687,-26.4845],[[[0.210649,-0.881395,-0.422812],[-0.854549,0.0440169,-0.517501],[-0.474734,-0.470325,0.743924]],[[0.118572,-0.953554,-0.276903],[-0.984292,-0.0761394,-0.159284],[-0.130802,-0.29144,0.947604]],[[0.118572,-0.953554,-0.276903],[-0.541711,0.171592,-0.822864],[-0.83216,-0.24757,0.496205]],[[0.118572,-0.953554,-0.276903],[0.199689,0.296073,-0.934058],[-0.972659,-0.0554583,-0.22552]]],2],[2273,[0.850894,0.162955,-0.499425],227,64.1321,[-113.43,168.503,-29.8577],[-113.083,168.342,-29.2797],[-41.993,190.155,7.27416],false,[-187.748,135.695,74.2542],[-157.641,156.549,23.7918],[-150.707,162.852,-19.6839],[-127.244,167.345,-33.4553],[-109.307,168.861,-28.7828],[[[0.202308,-0.941794,-0.268507],[-0.852014,-0.0340827,-0.522409],[-0.48285,-0.334459,0.809317]],[[0.115704,-0.985462,-0.124412],[-0.980971,-0.0937088,-0.170043],[-0.155913,-0.141719,0.977552]],[[0.115704,-0.985462,-0.124412],[-0.512437,0.0480761,-0.857378],[-0.850894,-0.162955,0.499425]],[[0.115704,-0.985462,-0.124412],[0.237442,0.149063,-0.959897],[-0.964486,-0.0815229,-0.251237]]],3],[2274,[0.746082,0.495552,-0.444737],227,50.2784,[-126.169,161.916,-15.0561],[-125.919,161.918,-14.5613],[-40.9571,173.248,-2.22668],false,[-180.746,123.438,73.0536],[-155.044,135.418,22.7815],[-152.741,148.172,-9.94214],[-138.216,157.82,-18.6006],[-122.592,163.216,-14.0014],[[[0.283041,-0.95551,-0.0829997],[-0.849465,-0.209565,-0.484244],[-0.445306,-0.207566,0.870987]],[[0.390683,-0.866657,-0.310278],[-0.918198,-0.342936,-0.198263],[-0.0654204,-0.362354,0.929742]],[[0.390683,-0.866657,-0.310278],[-0.539193,0.0577416,-0.8402],[-0.746082,-0.495552,0.444737]],[[0.390683,-0.866657,-0.310278],[0.134725,0.387269,-0.91207],[-0.910613,-0.314528,-0.26806]]],4]],[[0,200,0],[235.247,235.247,147.751]]],[304737,5552375226,[[224,"right",[-0.290497,0.514894,-0.806533],[-0.935566,-0.329728,0.126473],[114.042,173.891,43.337],[11.6375,18.7211,0.139006],[114.001,173.899,43.3492],0,0.526953,0.720359,[[0.234284,-0.812859,-0.533264],[0.79773,0.474255,-0.372436],[0.555642,-0.338145,0.759553]],63.72,[285.324,50.1798,287.021],[135.301,141.479,81.9413]],[227,"left",[0.348181,0.464082,-0.814493],[0.934712,-0.105792,0.339295],[-161.502,165.695,49.5311],[-13.5982,85.3598,14.6484],[-161.429,165.203,49.4486],0,0.769398,0.708071,[[0.0599516,-0.88907,-0.453829],[-0.860203,0.18464,-0.475352],[-0.506416,-0.418883,0.753711]],63.4269,[-319.799,21.9538,290.847],[-183.696,134.532,88.2815]]],[[2240,[-0.796549,0.219616,-0.563275],224,52.1164,[38.917,193.87,53.4324],[38.9465,193.319,53.0547],[11.5246,18.9438,0.095965],false,[120.466,158.714,102.531],[120.466,158.714,102.531],[80.4887,178.662,80.2671],[53.3299,186.15,61.0619],[34.6547,196.169,51.1332],[[[0.860918,0.0769715,-0.502887],[0.370153,0.583352,0.722971],[0.349008,-0.808564,0.473727]],[[0.595157,0.448642,-0.666714],[0.0663314,0.799393,0.597136],[0.800867,-0.399614,0.446005]],[[0.595157,0.448642,-0.666714],[-0.106288,0.866308,0.488072],[0.796549,-0.219616,0.563275]],[[0.595157,0.448642,-0.666714],[0.095092,0.784503,0.61279],[0.797963,-0.428106,0.424241]]],0],[2241,[-0.841417,0.0635006,-0.536642],224,58.8075,[64.1442,224.878,-11.5009],[64.9747,225.323,-11.6941],[9.23013,16.6122,0.0228888],false,[137.271,164.289,86.7696],[103.772,207.287,37.3577],[96.7696,227.936,0.339321],[76.4322,229.47,-12.6315],[60.494,223.49,-11.1746],[[[0.149191,-0.69362,-0.704722],[0.877733,0.421084,-0.228633],[0.455332,-0.584448,0.671635]],[[0.261682,-0.820988,-0.507446],[0.951292,0.308187,-0.00804385],[0.162992,-0.480624,0.861646]],[[0.261682,-0.820988,-0.507446],[0.4728,0.567403,-0.674177],[0.841417,-0.0635006,0.536642]],[[0.261682,-0.820988,-0.507446],[-0.247636,0.451054,-0.857454],[0.932845,0.350042,-0.0852738]]],1],[2242,[-0.916265,0.0654289,-0.395192],224,67.0064,[52.4586,206.937,-25.646],[53.4944,207.362,-25.568],[1.79741,15.0003,-0.204909],false,[140.314,156.901,77.4007],[110.184,190.629,24.2762],[92.4155,208.211,-16.9358],[66.3602,210.072,-28.1737],[48.3116,205.985,-24.9043],[[[0.0575038,-0.827757,-0.558132],[0.900103,0.284824,-0.329682],[0.431866,-0.483418,0.761445]],[[0.123446,-0.892431,-0.433968],[0.921344,0.265521,-0.283945],[0.368629,-0.364781,0.855013]],[[0.123446,-0.892431,-0.433968],[0.381076,0.446415,-0.809627],[0.916265,-0.0654289,0.395192]],[[0.123446,-0.892431,-0.433968],[-0.24963,0.395323,-0.883971],[0.96044,0.217455,-0.173977]]],2],[2243,[-0.832309,0.0821346,-0.548193],224,64.4285,[66.9918,182.566,-39.9104],[67.7973,183.355,-39.9036],[10.5544,15.8477,-0.244891],false,[141.473,147.435,69.6561],[116.446,170.013,16.8577],[104.365,181.781,-24.5166],[81.3085,184.056,-39.7026],[62.7288,182.104,-39.9783],[[[0.0524114,-0.908974,-0.413544],[0.915219,0.209401,-0.344274],[0.399533,-0.36044,0.842886]],[[0.104072,-0.94822,-0.30008],[0.957108,0.177513,-0.228984],[0.270396,-0.263378,0.926023]],[[0.104072,-0.94822,-0.30008],[0.544454,0.306811,-0.780664],[0.832309,-0.0821346,0.548193]],[[0.104072,-0.94822,-0.30008],[-0.0173583,0.299941,-0.9538],[0.994418,0.104473,0.0147559]]],3],[2244,[-0.825492,0.0399466,-0.562999],224,50.5107,[80.329,152.513,-32.4524],[80.9699,153.272,-32.5924],[11.175,15.8456,1.54827],false,[137.546,134.363,65.6255],[118.654,149.101,12.8227],[109.756,151.795,-21.2926],[93.6108,152.576,-32.3042],[76.3754,152.478,-32.4996],[[[-0.0536453,-0.966603,-0.250603],[0.943908,0.0328012,-0.328576],[0.325822,-0.254172,0.910624]],[[0.00663312,-0.996737,-0.0804475],[0.967803,0.0266421,-0.250295],[0.251621,-0.0761971,0.964822]],[[0.00663312,-0.996737,-0.0804475],[0.564375,0.0701432,-0.822533],[0.825492,-0.0399466,0.562999]],[[0.00663312,-0.996737,-0.0804475],[0.0108391,0.0805162,-0.996694],[0.999919,0.00573921,0.0113379]]],4],[2270,[0.8237,0.39444,-0.407351],227,51.8766,[-93.5622,196.414,66.8006],[-93.7211,197.158,67.1106],[-23.4254,98.1591,25.0915],false,[-176.857,156.77,108.058],[-176.857,156.77,108.058],[-136.874,179.536,89.2981],[-108.918,192.923,75.4731],[-89.0396,197.763,64.3324],[[[-0.739402,-0.168708,-0.651784],[-0.611276,0.573975,0.54488],[-0.282182,-0.801305,0.527526]],[[-0.51783,0.230582,-0.823823],[-0.290409,0.858426,0.422809],[-0.804683,-0.458188,0.377555]],[[-0.51783,0.230582,-0.823823],[-0.231021,0.889522,0.394183],[-0.8237,-0.39444,0.407351]],[[-0.51783,0.230582,-0.823823],[-0.0608643,0.95062,0.304329],[-0.853316,-0.207732,0.478225]]],0],[2271,[0.792132,0.256057,-0.554042],227,58.537,[-123.214,222.324,-10.1425],[-123.398,222.361,-10.1295],[-17.2399,107.029,26.8765],false,[-190.769,156.712,89.0006],[-156.624,199.388,40.26],[-155.192,217.013,1.32229],[-136.134,223.174,-12.0075],[-119.335,222.178,-9.55304],[[[0.128742,-0.789047,-0.600691],[-0.875231,0.194391,-0.442926],[-0.466259,-0.582767,0.665572]],[[0.00622854,-0.911088,-0.412165],[-0.99942,0.00812915,-0.0330725],[-0.0334825,-0.412131,0.910509]],[[0.00622854,-0.911088,-0.412165],[-0.610319,0.323038,-0.723297],[-0.792132,-0.256057,0.554042]],[[0.00622854,-0.911088,-0.412165],[0.155617,0.408034,-0.899606],[-0.987798,0.0585364,-0.144322]]],1],[2272,[0.835992,0.245678,-0.490672],227,66.6982,[-112.776,202.026,-26.8632],[-113.067,201.942,-26.8584],[-16.5726,111.002,23.3411],false,[-190.417,147.816,80.5765],[-157.032,180.387,29.1233],[-150.421,194.33,-16.306],[-126.758,201.284,-30.1948],[-108.591,202.29,-25.8526],[[[0.211871,-0.882027,-0.420879],[-0.850889,0.0453528,-0.523384],[-0.480727,-0.469011,0.740898]],[[0.118629,-0.953947,-0.275522],[-0.983331,-0.0743596,-0.165925],[-0.137796,-0.290613,0.946867]],[[0.118629,-0.953947,-0.275522],[-0.535765,0.172127,-0.826637],[-0.835992,-0.245678,0.490672]],[[0.118629,-0.953947,-0.275522],[0.20664,0.295125,-0.932846],[-0.971199,-0.0537283,-0.232134]]],2],[2273,[0.855519,0.160613,-0.49223],227,64.1321,[-113.104,170.065,-29.1646],[-112.777,169.939,-28.629],[-8.76468,111.166,19.1493],false,[-188.209,137.506,74.381],[-157.717,158.275,24.1154],[-150.468,164.524,-19.3167],[-126.877,168.953,-32.8897],[-108.984,170.427,-28.0385],[[[0.202356,-0.942325,-0.266602],[-0.848469,-0.0327541,-0.528231],[-0.489033,-0.333094,0.806161]],[[0.114463,-0.985818,-0.122727],[-0.979964,-0.0917765,-0.17677],[-0.162999,-0.140502,0.976571]],[[0.114463,-0.985818,-0.122727],[-0.504961,0.0486535,-0.86177],[-0.855519,-0.160613,0.49223]],[[0.114463,-0.985818,-0.122727],[0.24742,0.147936,-0.957548],[-0.962124,-0.0792384,-0.260844]]],3],[2274,[0.746808,0.494762,-0.444396],227,50.2784,[-126.191,163.575,-14.7134],[-125.873,163.576,-14.1722],[-16.2188,106.529,7.43117],false,[-181.222,125.236,73.2351],[-155.153,137.139,23.1344],[-152.754,149.839,-9.60351],[-138.214,159.471,-18.2554],[-122.6,164.881,-13.6391],[[[0.281787,-0.956091,-0.0805373],[-0.846515,-0.20822,-0.489956],[-0.451673,-0.206239,0.868019]],[[0.391426,-0.867231,-0.307728],[-0.917683,-0.34311,-0.200335],[-0.0681518,-0.360813,0.930145]],[[0.391426,-0.867231,-0.307728],[-0.537646,0.0558658,-0.841318],[-0.746808,-0.494762,0.444396]],[[0.391426,-0.867231,-0.307728],[0.136312,0.385366,-0.91264],[-0.910058,-0.315284,-0.269056]]],4]],[[0,200,0],[235.247,235.247,147.751]]],[304738,5552402656,[[224,"right",[-0.287679,0.513879,-0.808188],[-0.937517,-0.323542,0.127993],[114.595,171.933,42.9424],[16.9729,-37.5108,-8.92716],[114.454,172.401,43.0392],0,0.5272,0.677663,[[0.236139,-0.820115,-0.5212],[0.798149,0.469635,-0.377361],[0.554253,-0.326885,0.765473]],63.72,[285.32,51.2653,288.328],[135.672,139.524,81.6497]],[227,"left",[0.34765,0.467583,-0.812715],[0.93522,-0.110891,0.336254],[-161.703,166.114,49.7982],[-9.68419,41.6297,11.5846],[-161.625,165.855,49.6988],0,0.769756,0.712579,[[0.0550052,-0.887277,-0.457945],[-0.860715,0.190338,-0.472166],[-0.506107,-0.420132,0.753223]],63.4269,[-319.923,21.89,290.861],[-183.903,134.804,88.4265]]],[[2240,[-0.795338,0.221322,-0.564318],224,52.1164,[39.4755,192.697,53.0753],[39.6264,191.849,52.6282],[19.8723,-26.9689,-10.0241],false,[120.952,156.922,102.185],[120.952,156.922,102.185],[81.0845,177.024,79.8643],[53.967,184.571,60.6236],[35.3514,194.695,50.6898],[[[0.861158,0.0699502,-0.503501],[0.374035,0.583562,0.7208],[0.344244,-0.809051,0.476375]],[[0.597542,0.442745,-0.668521],[0.0712494,0.801121,0.594246],[0.798666,-0.402719,0.447158]],[[0.597542,0.442745,-0.668521],[-0.101891,0.868904,0.48438],[0.795338,-0.221322,0.564318]],[[0.597542,0.442745,-0.668521],[0.101286,0.785381,0.61067],[0.795415,-0.432613,0.424454]]],0],[2241,[-0.841539,0.0664533,-0.536094],224,58.8075,[64.8427,223.275,-11.9675],[65.7694,223.447,-12.2321],[21.7145,-36.163,-12.2159],false,[137.784,162.339,86.3984],[104.528,205.37,36.8519],[97.6013,225.922,-0.234535],[77.261,227.528,-13.1921],[61.2879,221.649,-11.7049],[[[0.14463,-0.696951,-0.702383],[0.880202,0.414898,-0.230445],[0.452026,-0.584909,0.673464]],[[0.256424,-0.824328,-0.504707],[0.953021,0.30273,-0.0102455],[0.161236,-0.47837,0.86323]],[[0.256424,-0.824328,-0.504707],[0.475457,0.562198,-0.676664],[0.841539,-0.0664533,0.536094]],[[0.256424,-0.824328,-0.504707],[-0.245429,0.449523,-0.858891],[0.934886,0.34411,-0.087045]]],1],[2242,[-0.9159,0.069672,-0.395313],224,67.0064,[52.9787,205.321,-26.0894],[54.0861,205.497,-26.0668],[14.174,-36.3323,-11.4337],false,[140.778,154.9,77.0537],[110.832,188.628,23.8253],[93.0283,206.133,-17.4044],[66.9834,208.114,-28.6457],[48.8959,204.174,-25.4115],[[[0.0521842,-0.830017,-0.555292],[0.901692,0.278155,-0.331031],[0.429219,-0.483428,0.762934]],[[0.117863,-0.894732,-0.430769],[0.92178,0.259929,-0.287678],[0.369364,-0.363168,0.855383]],[[0.117863,-0.894732,-0.430769],[0.383712,0.441135,-0.811274],[0.9159,-0.069672,0.395313]],[[0.117863,-0.894732,-0.430769],[-0.244297,0.394336,-0.8859],[0.962511,0.209651,-0.172103]]],2],[2243,[-0.832217,0.0847647,-0.547932],224,64.4285,[67.4974,180.768,-40.269],[68.3389,181.338,-40.3074],[16.6438,-39.6476,-9.14458],false,[141.875,145.4,69.3415],[116.965,167.949,16.4756],[104.928,179.621,-24.9387],[81.8742,181.97,-40.1175],[63.2833,180.124,-40.3712],[[[0.0466557,-0.910701,-0.410423],[0.916339,0.202591,-0.345369],[0.397676,-0.359973,0.843963]],[[0.0983453,-0.950007,-0.296336],[0.957995,0.170989,-0.230235],[0.269395,-0.261246,0.926918]],[[0.0983453,-0.950007,-0.296336],[0.545658,0.300502,-0.782276],[0.832217,-0.0847647,0.547932]],[[0.0983453,-0.950007,-0.296336],[-0.0163724,0.296194,-0.95