{"metadata":{"formatVersion":2,"generatedBy":"LeapJS Playback 0.2.1","frames":73,"protocolVersion":6,"serviceVersion":"2.2.6+29154","frameRate":"46","modified":"Thu Jun 04 2015 15:09:49 GMT-0300 (E. South America Standard Time)"},"frames":[["id","timestamp",{"hands":[["id","type","direction","palmNormal","palmPosition","palmVelocity","stabilizedPalmPosition","pinchStrength","grabStrength","confidence","armBasis","armWidth","elbow","wrist"]]},{"pointables":[["id","direction","handId","length","stabilizedTipPosition","tipPosition","tipVelocity","tool","carpPosition","mcpPosition","pipPosition","dipPosition","btipPosition","bases","type"]]},{"interactionBox":["center","size"]}],[304831,5554571621,[[224,"right",[-0.261958,0.572212,-0.777143],[-0.948864,-0.299706,0.099167],[106.06,184.993,36.4905],[34.0513,127.729,11.3757],[106.055,184.981,36.489],0,0.522738,0.630198,[[0.306721,-0.815009,-0.491612],[0.689285,0.546385,-0.475762],[0.65636,-0.192935,0.729361]],63.72,[302.864,97.4764,270.218],[125.647,149.569,73.2905]],[227,"left",[0.451471,0.465714,-0.761107],[0.891793,-0.207168,0.402227],[-165.048,176.19,54.1394],[-69.115,196.317,59.7086],[-164.609,174.99,53.7686],0,0.805492,0.576125,[[0.038144,-0.852702,-0.521003],[-0.859844,0.237637,-0.451882],[-0.50913,-0.465218,0.724126]],63.4269,[-329.758,20.489,284.074],[-192.925,145.52,89.4595]]],[[2240,[-0.780591,0.263294,-0.56688],224,52.1164,[32.1285,209.526,49.4879],[32.0545,208.992,49.0485],[41.2796,158.634,2.53142],false,[111.274,166.136,94.7376],[111.274,166.136,94.7376],[72.6722,191.397,75.6692],[46.0575,200.374,56.341],[27.9679,212.26,47.4408],[[[0.868463,0.07254,-0.490418],[0.384798,0.525082,0.759091],[0.312574,-0.847954,0.428101]],[[0.617566,0.464742,-0.634529],[0.143567,0.726594,0.6719],[0.773306,-0.50604,0.381998]],[[0.617566,0.464742,-0.634529],[-0.0963852,0.845394,0.525375],[0.780591,-0.263294,0.56688]],[[0.617566,0.464742,-0.634529],[0.145527,0.725309,0.672867],[0.772939,-0.50788,0.380293]]],0],[2241,[-0.902737,0.0277203,-0.429299],224,58.8075,[52.2779,235.688,-11.1786],[52.3356,235.861,-11.3389],[82.2973,187.868,12.1304],false,[128.445,171.963,79.4704],[97.1494,219.058,32.4055],[85.9329,240.205,-3.27],[64.1133,240.875,-13.6463],[48.7426,234.138,-10.4415],[[[0.129686,-0.656468,-0.743123],[0.895671,0.39908,-0.196237],[0.425389,-0.640145,0.639734]],[[0.23667,-0.801329,-0.549418],[0.935856,0.339969,-0.0927113],[0.261077,-0.492234,0.830388]],[[0.23667,-0.801329,-0.549418],[0.359239,0.597582,-0.716828],[0.902737,-0.0277203,0.429299]],[[0.23667,-0.801329,-0.549418],[-0.366951,0.449879,-0.814221],[0.89963,0.394311,-0.187575]]],1],[2242,[-0.949026,0.0655095,-0.308315],224,67.0064,[48.724,221.421,-25.9627],[48.7646,221.455,-26.0943],[63.8854,186.118,16.7475],false,[131.299,165.023,69.7077],[103.05,202.956,18.418],[88.4689,223.871,-22.4871],[61.482,225.734,-31.2544],[44.9132,220.132,-24.3821],[[[0.0313619,-0.795268,-0.605446],[0.913823,0.2682,-0.304952],[0.4049,-0.543706,0.735146]],[[0.0957487,-0.872023,-0.480008],[0.948326,0.226462,-0.222244],[0.302505,-0.433925,0.848646]],[[0.0957487,-0.872023,-0.480008],[0.300303,0.485061,-0.8213],[0.949026,-0.0655095,0.308315]],[[0.0957487,-0.872023,-0.480008],[-0.462002,0.388205,-0.797403],[0.881695,0.298115,-0.365707]]],2],[2243,[-0.821952,0.146589,-0.550369],224,64.4285,[60.2355,200.332,-46.5685],[60.6506,200.43,-46.3678],[60.3109,192.084,4.5274],false,[132.173,155.988,61.4285],[108.59,182.581,9.84927],[97.3554,197.183,-30.8551],[74.5857,201.244,-46.1014],[55.9491,200.06,-46.7081],[[[0.0216267,-0.884551,-0.465941],[0.92617,0.193228,-0.323839],[0.376485,-0.424537,0.823424]],[[0.0707603,-0.932543,-0.354056],[0.965282,0.15349,-0.211356],[0.251443,-0.326809,0.911028]],[[0.0707603,-0.932543,-0.354056],[0.565144,0.329962,-0.756133],[0.821952,-0.146589,0.550369]],[[0.0707603,-0.932543,-0.354056],[0.00784382,0.355455,-0.93466],[0.997463,0.0633597,0.0324668]]],3],[2244,[-0.830058,0.0931752,-0.549838],224,50.5107,[71.6284,168.639,-39.9828],[71.726,168.615,-39.9825],[48.3821,185.151,-9.78829],false,[127.787,143.338,56.6026],[110.031,161.871,4.60729],[101.131,166.465,-29.3038],[84.8958,168.287,-40.0579],[67.6654,168.744,-39.9604],[[[-0.088274,-0.947428,-0.307552],[0.947858,0.0150244,-0.318339],[0.306224,-0.319616,0.896701]],[[-0.0270159,-0.991505,-0.127235],[0.967428,0.00611572,-0.253072],[0.2517,-0.129928,0.959044]],[[-0.0270159,-0.991505,-0.127235],[0.557022,0.0907583,-0.825523],[0.830058,-0.0931752,0.549838]],[[-0.0270159,-0.991505,-0.127235],[-0.00223915,0.127341,-0.991856],[0.999632,-0.026511,-0.00566037]]],4],[2270,[0.881885,0.347229,-0.318921],227,51.8766,[-95.9893,198.457,77.2683],[-96.4759,198.933,77.6951],[-72.2202,176.99,95.209],false,[-185.717,166.12,110.816],[-185.717,166.12,110.816],[-142.521,185.855,96.202],[-112.591,197.639,85.3782],[-91.5895,199.839,75.5401],[[[-0.697618,-0.0700277,-0.713039],[-0.598874,0.603296,0.526672],[-0.393292,-0.794437,0.462808]],[[-0.429573,0.313034,-0.84704],[-0.244345,0.862712,0.442745],[-0.869346,-0.397161,0.294109]],[[-0.429573,0.313034,-0.84704],[-0.194284,0.883992,0.42522],[-0.881885,-0.347229,0.318921]],[[-0.429573,0.313034,-0.84704],[0.0522165,0.945036,0.322769],[-0.901521,-0.0944232,0.422307]]],0],[2271,[0.838654,0.226422,-0.495371],227,58.537,[-119.611,232.615,0.119148],[-119.27,232.586,0.440342],[-44.9309,225.342,103.197],false,[-198.028,168.206,90.795],[-156.469,209.666,47.0143],[-152.44,229.358,9.26785],[-132.262,234.806,-2.65039],[-115.874,232.185,1.06123],[[[0.105028,-0.769936,-0.629419],[-0.816645,0.294408,-0.496403],[-0.567504,-0.566147,0.597843]],[[-0.0360352,-0.884439,-0.465262],[-0.994899,0.0756425,-0.066736],[-0.0942175,-0.460484,0.882654]],[[-0.0360352,-0.884439,-0.465262],[-0.543471,0.408045,-0.733579],[-0.838654,-0.226422,0.495371]],[[-0.0360352,-0.884439,-0.465262],[0.264703,0.440489,-0.857847],[-0.963656,0.154069,-0.218241]]],1],[2272,[0.881126,0.183632,-0.435771],227,66.6982,[-109.693,210.488,-17.6166],[-110.055,210.731,-17.5279],[-34.4172,229.747,95.7019],false,[-197.806,159.701,81.9718],[-157.687,191.302,34.9101],[-148.305,206.113,-9.75048],[-123.365,211.311,-22.0852],[-105.621,210.314,-16.2476],[[[0.165059,-0.878178,-0.448952],[-0.799393,0.147501,-0.582421],[-0.577691,-0.455023,0.677663]],[[0.0471065,-0.951024,-0.305507],[-0.979566,0.0158865,-0.200494],[-0.195528,-0.308709,0.930842]],[[0.0471065,-0.951024,-0.305507],[-0.47053,0.248663,-0.846622],[-0.881126,-0.183632,0.435771]],[[0.0471065,-0.951024,-0.305507],[0.313072,0.304493,-0.899594],[-0.948561,0.0532689,-0.312082]]],2],[2273,[0.884286,0.111208,-0.453509],227,64.1321,[-113.618,180.018,-22.0344],[-113.21,180.082,-21.4516],[-50.1142,234.867,65.6632],false,[-196.042,149.519,75.4333],[-159.941,169.595,28.7276],[-151.513,177.241,-14.2661],[-127.129,180.307,-26.7715],[-109.583,179.934,-20.6188],[[[0.138037,-0.944171,-0.299144],[-0.803565,0.0698021,-0.591109],[-0.578989,-0.321977,0.749068]],[[0.0378435,-0.985099,-0.167772],[-0.981153,-0.00479245,-0.193174],[-0.189491,-0.171921,0.966714]],[[0.0378435,-0.985099,-0.167772],[-0.465409,0.131196,-0.875318],[-0.884286,-0.111208,0.453509]],[[0.0378435,-0.985099,-0.167772],[0.329265,0.170809,-0.92866],[-0.943479,0.0200978,-0.330823]]],3],[2274,[0.80689,0.443746,-0.389896],227,50.2784,[-127.429,172.966,-8.34756],[-127.004,173.01,-7.85525],[-59.91,230.815,59.5036],false,[-190.108,136.716,74.1791],[-159.2,148.377,26.8485],[-155.137,161.548,-5.53688],[-139.428,170.187,-13.1277],[-123.851,173.814,-6.91468],[[[0.20096,-0.973558,-0.108629],[-0.820288,-0.106623,-0.561925],[-0.535484,-0.202031,0.820024]],[[0.333756,-0.887082,-0.318891],[-0.935563,-0.270284,-0.227306],[-0.115448,-0.374208,0.92013]],[[0.333756,-0.887082,-0.318891],[-0.487377,0.12718,-0.86388],[-0.80689,-0.443746,0.389896]],[[0.333756,-0.887082,-0.318891],[0.253816,0.410363,-0.875888],[-0.907846,-0.211393,-0.362117]]],4]],[[0,200,0],[235.247,235.247,147.751]]],[304832,5554598404,[[224,"right",[-0.259812,0.571637,-0.778285],[-0.948606,-0.301881,0.0949435],[106.85,186.851,36.5803],[31.2503,91.8245,6.44013],[106.824,186.79,36.5774],0,0.518704,0.633238,[[0.300192,-0.81002,-0.503738],[0.68441,0.550752,-0.477761],[0.66443,-0.201343,0.719717]],63.72,[305.751,97.1079,267.79],[126.355,151.471,73.4662]],[227,"left",[0.45267,0.480304,-0.751264],[0.891478,-0.225932,0.39271],[-165.613,178.038,54.2911],[-39.5614,117.982,26.4548],[-165.385,177.347,54.1726],0,0.803463,0.617009,[[0.0210438,-0.845518,-0.533532],[-0.861409,0.255541,-0.438945],[-0.507475,-0.468827,0.722959]],63.4269,[-330.023,20.761,283.26],[-193.635,146.762,88.9591]]],[[2240,[-0.778623,0.261551,-0.570383],224,52.1164,[32.8186,211.261,49.2863],[32.746,210.727,48.8474],[31.7456,100.916,-3.66029],false,[111.848,168.004,94.8496],[111.848,168.004,94.8496],[73.2779,193.186,75.6149],[46.7303,202.104,56.1673],[28.6639,213.998,47.2307],[[[0.870465,0.0745447,-0.486553],[0.380218,0.525936,0.760806],[0.31261,-0.847251,0.429466]],[[0.61937,0.466117,-0.631756],[0.139093,0.726806,0.672612],[0.772679,-0.504469,0.385329]],[[0.61937,0.466117,-0.631756],[-0.100628,0.845178,0.524926],[0.778623,-0.261551,0.570383]],[[0.61937,0.466117,-0.631756],[0.143084,0.724189,0.674594],[0.77195,-0.508217,0.381848]]],0],[2241,[-0.895428,0.034322,-0.443882],224,58.8075,[53.7854,237.895,-11.7697],[53.6209,237.871,-11.7374],[66.2925,122.992,-8.91291],false,[129.074,173.871,79.659],[97.8797,220.896,32.4566],[87.3213,242.207,-3.32217],[65.6785,243.036,-14.051],[50.2329,236.36,-11.0883],[[[0.134488,-0.656144,-0.742555],[0.895618,0.401137,-0.192246],[0.424007,-0.639191,0.641602]],[[0.24104,-0.800881,-0.548168],[0.938884,0.335453,-0.0772569],[0.245759,-0.496044,0.832792]],[[0.24104,-0.800881,-0.548168],[0.374311,0.597839,-0.708859],[0.895428,-0.034322,0.443882]],[[0.24104,-0.800881,-0.548168],[-0.35308,0.453753,-0.818195],[0.90401,0.390765,-0.173403]]],1],[2242,[-0.948399,0.0623982,-0.31088],224,67.0064,[49.5726,223.09,-26.0413],[49.6643,223.145,-26.1967],[44.0711,109.948,4.63721],false,[131.987,166.938,69.9088],[103.879,204.808,18.4951],[89.3082,225.663,-22.4444],[62.3391,227.437,-31.2847],[45.7592,221.791,-24.4751],[[[0.035872,-0.795174,-0.605319],[0.914552,0.270302,-0.300883],[0.402874,-0.542803,0.736925]],[[0.0998627,-0.871771,-0.479628],[0.947968,0.22981,-0.220327],[0.302298,-0.432669,0.84936]],[[0.0998627,-0.871771,-0.479628],[0.300944,0.485924,-0.820555],[0.948399,-0.0623981,0.31088]],[[0.0998627,-0.871771,-0.479628],[-0.459999,0.386981,-0.799153],[0.882286,0.300434,-0.362369]]],2],[2243,[-0.821117,0.144615,-0.552136],224,64.4285,[61.1233,202.093,-46.5814],[61.5995,202.182,-46.4286],[43.597,114.351,1.44681],false,[132.918,157.905,61.6335],[109.504,184.446,9.95055],[98.2159,199.024,-30.7476],[75.4693,203.03,-46.0429],[56.8381,201.813,-46.7422],[[[0.0257216,-0.884484,-0.465861],[0.927155,0.195359,-0.319717],[0.373794,-0.423702,0.825078]],[[0.0741771,-0.932126,-0.354455],[0.964713,0.157116,-0.211289],[0.252639,-0.326275,0.910889]],[[0.0741771,-0.932126,-0.354455],[0.56592,0.332005,-0.754657],[0.821117,-0.144615,0.552136]],[[0.0741771,-0.932126,-0.354455],[0.0118084,0.356231,-0.934323],[0.997175,0.0651198,0.0374311]]],3],[2244,[-0.827743,0.0916997,-0.553563],224,50.5107,[72.7639,170.451,-40.051],[72.8717,170.415,-40.0478],[44.6995,112.841,-5.33318],false,[128.583,145.245,56.7878],[111.015,163.739,4.71453],[102.222,168.331,-29.2245],[86.0322,170.125,-40.0516],[68.8006,170.548,-40.0509],[[[-0.0847374,-0.947617,-0.307963],[0.949226,0.0172052,-0.314125],[0.302969,-0.318945,0.898045]],[[-0.0243382,-0.991495,-0.127852],[0.968278,0.00843435,-0.249733],[0.248687,-0.129874,0.959837]],[[-0.0243382,-0.991495,-0.127852],[0.560579,0.0923556,-0.822935],[0.827743,-0.0916997,0.553563]],[[-0.0243382,-0.991495,-0.127852],[0.00309702,0.127814,-0.991793],[0.999699,-0.0245345,-0.0000400946]]],4],[2270,[0.883869,0.34636,-0.31434],227,51.8766,[-96.4472,199.459,77.9133],[-96.7132,199.516,78.0879],[-33.1169,81.3018,45.7919],false,[-186.129,166.747,110.792],[-186.129,166.747,110.792],[-142.804,186.412,96.471],[-112.806,198.167,85.8028],[-91.8268,200.428,75.9314],[[[-0.701432,-0.0452304,-0.7113],[-0.590542,0.59566,0.544472],[-0.399066,-0.801962,0.444526]],[[-0.430242,0.338416,-0.836879],[-0.233675,0.853719,0.465359],[-0.871945,-0.395775,0.288227]],[[-0.430242,0.338416,-0.836879],[-0.183484,0.874934,0.448135],[-0.883869,-0.34636,0.31434]],[[-0.430242,0.338416,-0.836879],[0.0621727,0.935978,0.346526],[-0.90057,-0.0970593,0.423737]]],0],[2271,[0.836281,0.231665,-0.496956],227,58.537,[-119.883,235.292,1.26906],[-119.557,235.356,1.67667],[-23.4373,150.603,66.8354],false,[-198.507,169.456,90.8885],[-156.735,211.597,47.9698],[-152.671,232.161,10.6946],[-132.551,237.735,-1.26174],[-116.135,234.923,2.18041],[[[0.0946217,-0.754828,-0.649062],[-0.815889,0.314778,-0.485014],[-0.570413,-0.575455,0.586072]],[[-0.0474033,-0.872415,-0.486462],[-0.994346,0.0875431,-0.0601046],[-0.0950226,-0.480863,0.871632]],[[-0.0474033,-0.872415,-0.486462],[-0.546248,0.430376,-0.718602],[-0.836281,-0.231665,0.496956]],[[-0.0474033,-0.872415,-0.486462],[0.256988,0.459964,-0.849935],[-0.965251,0.165305,-0.202396]]],1],[2272,[0.880528,0.185863,-0.436034],227,66.6982,[-110.215,213.506,-16.8976],[-110.582,213.822,-16.7784],[-25.537,159.414,53.44],false,[-198.408,161.175,81.8532],[-158.188,193.557,35.4135],[-148.845,209.38,-8.90681],[-123.921,214.641,-21.249],[-106.15,213.335,-15.5576],[[[0.15438,-0.868163,-0.471657],[-0.800472,0.169923,-0.574779],[-0.579147,-0.466283,0.668707]],[[0.0361226,-0.943551,-0.329251],[-0.980192,0.0307464,-0.19565],[-0.194729,-0.329796,0.92375]],[[0.0361226,-0.943551,-0.329251],[-0.472617,0.274164,-0.837537],[-0.880528,-0.185863,0.436034]],[[0.0361226,-0.943551,-0.329251],[0.310069,0.323788,-0.893878],[-0.950028,0.0698013,-0.304262]]],2],[2273,[0.88168,0.113507,-0.457992],227,64.1321,[-114.515,183.224,-22.1891],[-114.123,183.295,-21.5723],[-39.9628,164.296,21.6803],false,[-196.774,151.143,75.0526],[-160.684,172.036,28.6978],[-152.389,180.635,-14.1413],[-128.077,183.765,-26.7702],[-110.469,183.081,-20.8216],[[[0.127372,-0.93764,-0.32343],[-0.805451,0.0925122,-0.585398],[-0.578814,-0.33507,0.74344]],[[0.0266901,-0.981078,-0.191766],[-0.98209,0.0100577,-0.188144],[-0.186512,-0.193353,0.963238]],[[0.0266901,-0.981078,-0.191766],[-0.471092,0.156852,-0.868026],[-0.88168,-0.113507,0.457992]],[[0.0266901,-0.981078,-0.191766],[0.32085,0.190092,-0.927858],[-0.946754,0.0367634,-0.319853]]],3],[2274,[0.80748,0.44636,-0.385668],227,50.2784,[-128.379,176.034,-8.56238],[-127.955,176.073,-8.05402],[-45.0732,159.938,17.7976],false,[-190.972,138.319,73.4491],[-160.161,150.866,26.2825],[-156.173,164.801,-5.791],[-140.452,173.491,-13.2995],[-124.79,176.849,-7.15131],[[[0.190846,-0.972429,-0.134011],[-0.823786,-0.0844199,-0.56058],[-0.533812,-0.217381,0.817185]],[[0.323699,-0.881844,-0.342883],[-0.939351,-0.256125,-0.228079],[-0.113309,-0.395917,0.911269]],[[0.323699,-0.881844,-0.342883],[-0.493149,0.152031,-0.856558],[-0.807479,-0.44636,0.385668]],[[0.323699,-0.881844,-0.342883],[0.248881,0.428992,-0.868346],[-0.91284,-0.195746,-0.358339]]],4]],[[0,200,0],[235.247,235.247,147.751]]],[304833,5554616889,[[224,"right",[-0.258693,0.57116,-0.779009],[-0.947126,-0.308452,0.088368],[107.2,187.728,36.786],[25.3193,70.4095,8.70304],[107.149,187.6,36.7575],0,0.513046,0.642115,[[0.301724,-0.803661,-0.512924],[0.676385,0.559596,-0.47891],[0.671912,-0.202435,0.712428]],63.72,[308.124,97.762,266.095],[126.708,152.419,73.7388]],[227,"left",[0.454176,0.486358,-0.746444],[0.890701,-0.229647,0.392319],[-165.917,178.956,54.2597],[-28.4039,84.9827,12.8629],[-165.718,178.355,54.2271],0,0.803866,0.619052,[[0.0186934,-0.843685,-0.536513],[-0.860909,0.259285,-0.43773],[-0.508416,-0.470071,0.721489]],63.4269,[-330.654,21.0685,282.523],[-194.013,147.404,88.6168]]],[[2240,[-0.776656,0.257276,-0.57499],224,52.1164,[32.9399,211.67,49.11],[32.8732,211.141,48.6629],[19.6614,63.1295,-6.62091],false,[111.953,168.819,95.0555],[111.953,168.819,95.0555],[73.3428,193.788,75.6244],[46.8623,202.56,56.0197],[28.7857,214.406,47.0397],[[[0.873037,0.0812443,-0.480839],[0.371765,0.527231,0.76408],[0.31559,-0.845829,0.430088]],[[0.620305,0.47127,-0.626997],[0.130174,0.726434,0.674795],[0.773483,-0.500198,0.389264]],[[0.620305,0.47127,-0.626997],[-0.109664,0.843631,0.525605],[0.776656,-0.257276,0.57499]],[[0.620305,0.47127,-0.626997],[0.136531,0.722296,0.677973],[0.772386,-0.506155,0.383701]]],0],[2241,[-0.886831,0.0379913,-0.460529],224,58.8075,[54.7755,238.981,-12.2731],[54.4032,238.779,-12.0724],[60.1582,91.9755,-17.7634],false,[129.236,174.827,79.9852],[98.0263,221.718,32.66],[88.1409,243.212,-3.20158],[66.7059,244.131,-14.3327],[51.2125,237.443,-11.6582],[[[0.143685,-0.653982,-0.74274],[0.89409,0.407509,-0.185847],[0.424214,-0.637373,0.643272]],[[0.250132,-0.798514,-0.547549],[0.940474,0.334778,-0.0585912],[0.230093,-0.5003,0.83472]],[[0.250132,-0.798514,-0.547549],[0.38854,0.600777,-0.698644],[0.886831,-0.0379913,0.460529]],[[0.250132,-0.798514,-0.547549],[-0.339308,0.457367,-0.822001],[0.90681,0.391397,-0.15654]]],1],[2242,[-0.947492,0.0554355,-0.314939],224,67.0064,[49.8972,223.614,-26.0445],[50.0548,223.692,-26.2255],[31.2729,70.5637,2.31515],false,[132.258,167.93,70.2428],[104.224,205.695,18.7112],[89.6084,226.482,-22.2468],[62.6652,228.058,-31.2025],[46.0834,222.287,-24.5038],[[[0.0451368,-0.793905,-0.606365],[0.914607,0.276986,-0.294573],[0.401818,-0.541289,0.738613]],[[0.108794,-0.870229,-0.480485],[0.946689,0.238141,-0.216953],[0.303222,-0.431266,0.849745]],[[0.108794,-0.870229,-0.480485],[0.300705,0.489519,-0.818504],[0.947492,-0.0554355,0.314939]],[[0.108794,-0.870229,-0.480485],[-0.457782,0.38519,-0.801289],[0.882383,0.307133,-0.356469]]],2],[2243,[-0.819178,0.140378,-0.556095],224,64.4285,[61.6929,202.836,-46.5897],[62.2194,202.907,-46.4612],[37.4258,78.5528,0.531319],false,[133.303,158.918,61.9589],[110.041,185.386,10.1699],[98.7212,199.962,-30.5198],[76.0283,203.851,-45.9248],[57.4109,202.533,-46.7883],[[[0.0346993,-0.883513,-0.46712],[0.927837,0.202161,-0.313447],[0.371368,-0.422534,0.826771]],[[0.0824081,-0.930715,-0.35634],[0.963857,0.165329,-0.208915],[0.253354,-0.326244,0.910701]],[[0.0824081,-0.930715,-0.35634],[0.567588,0.337732,-0.750853],[0.819178,-0.140378,0.556095]],[[0.0824081,-0.930715,-0.35634],[0.0178821,0.358879,-0.933213],[0.996438,0.0705322,0.0462177]]],3],[2244,[-0.824507,0.0882812,-0.558923],224,50.5107,[73.6926,171.313,-40.1002],[73.8065,171.246,-40.0913],[47.3752,80.8959,-4.04145],false,[129.085,146.237,57.065],[111.726,164.698,4.91018],[103.089,169.341,-29.0619],[86.9622,171.068,-39.9938],[69.7289,171.387,-40.1319],[[[-0.0763379,-0.947655,-0.310036],[0.951079,0.0241524,-0.308002],[0.299368,-0.318381,0.899451]],[[-0.0172765,-0.991222,-0.131076],[0.969549,0.0154214,-0.244411],[0.244286,-0.131308,0.960772]],[[-0.0172765,-0.991222,-0.131076],[0.565588,0.0984171,-0.818794],[0.824507,-0.0882812,0.558923]],[[-0.0172765,-0.991222,-0.131076],[0.0103663,0.130911,-0.99134],[0.999797,-0.0184857,0.00801362]]],4],[2270,[0.884575,0.348449,-0.310016],227,51.8766,[-96.7211,200.04,78.1955],[-97.046,200.208,78.3523],[-25.8078,60.0589,30.6094],false,[-186.535,167.201,110.63],[-186.535,167.201,110.63],[-143.175,186.958,96.5413],[-113.153,198.784,86.0198],[-92.1547,201.139,76.2109],[[[-0.70024,-0.0389308,-0.712845],[-0.591187,0.591367,0.548437],[-0.400202,-0.805462,0.437114]],[[-0.428685,0.34559,-0.834743],[-0.233921,0.849982,0.47203],[-0.872645,-0.397616,0.283534]],[[-0.428685,0.34559,-0.834743],[-0.183727,0.871293,0.455075],[-0.884575,-0.348449,0.310016]],[[-0.428685,0.34559,-0.834743],[0.0611179,0.932923,0.35485],[-0.901384,-0.101101,0.421052]]],0],[2271,[0.835736,0.23574,-0.495955],227,58.537,[-120.026,236.539,1.65629],[-119.748,236.703,2.10031],[-16.2447,112.939,44.5838],false,[-198.877,170.083,90.7279],[-157.012,212.562,48.2348],[-152.832,233.398,11.1241],[-132.725,239.07,-0.808208],[-116.288,236.267,2.54298],[[[0.0953712,-0.749412,-0.655199],[-0.814913,0.319226,-0.483748],[-0.571683,-0.580066,0.580261]],[[-0.0475819,-0.868678,-0.493086],[-0.994072,0.0894953,-0.0617393],[-0.0977606,-0.487226,0.867787]],[[-0.0475819,-0.868678,-0.493086],[-0.547065,0.435689,-0.714769],[-0.835736,-0.23574,0.495955]],[[-0.0475819,-0.868678,-0.493086],[0.252425,0.467165,-0.847371],[-0.966446,0.164787,-0.197048]]],1],[2272,[0.881701,0.188592,-0.432478],227,66.6982,[-110.353,214.865,-16.5385],[-110.721,215.281,-16.4022],[-16.8022,120.359,37.7376],false,[-198.767,161.878,81.6238],[-158.452,194.628,35.5254],[-149.004,210.803,-8.64544],[-124.047,216.141,-20.887],[-106.291,214.772,-15.1637],[[[0.154774,-0.864257,-0.478648],[-0.799411,0.17512,-0.574696],[-0.580506,-0.471584,0.663793]],[[0.0360346,-0.940877,-0.336827],[-0.979756,0.0331548,-0.19743],[-0.196925,-0.337123,0.920635]],[[0.0360346,-0.940877,-0.336827],[-0.470431,0.281396,-0.836367],[-0.881701,-0.188592,0.432478]],[[0.0360346,-0.940877,-0.336827],[0.312528,0.33075,-0.890466],[-0.949225,0.0731804,-0.305969]]],2],[2273,[0.880877,0.11671,-0.458731],227,64.1321,[-114.763,184.684,-22.261],[-114.371,184.801,-21.6142],[-27.3021,124.267,9.27789],false,[-197.126,151.903,74.7423],[-160.947,173.165,28.6255],[-152.636,182.085,-14.1449],[-128.346,185.303,-26.7942],[-110.718,184.575,-20.9106],[[[0.12748,-0.934961,-0.331055],[-0.804408,0.0978032,-0.585971],[-0.580238,-0.341003,0.739622]],[[0.0260328,-0.979605,-0.199241],[-0.982039,0.0121972,-0.188283],[-0.186873,-0.200564,0.961693]],[[0.0260328,-0.979605,-0.199241],[-0.472628,0.163565,-0.86595],[-0.880877,-0.11671,0.458731]],[[0.0260328,-0.979605,-0.199241],[0.317701,0.197083,-0.927483],[-0.947833,0.0391542,-0.316352]]],3],[2274,[0.80653,0.450087,-0.383315],227,50.2784,[-128.624,177.45,-8.65818],[-128.21,177.528,-8.13364],[-29.8561,121.424,6.59019],false,[-191.327,139.09,73.0413],[-160.43,152.016,26.0338],[-156.416,166.223,-5.91692],[-140.713,174.985,-13.3796],[-125.038,178.327,-7.25741],[[[0.190615,-0.971366,-0.141826],[-0.822869,-0.0793216,-0.562668],[-0.535306,-0.223957,0.814427]],[[0.324088,-0.878876,-0.350062],[-0.939125,-0.254272,-0.231062],[-0.114064,-0.403636,0.907781]],[[0.324088,-0.878876,-0.350062],[-0.494445,0.158108,-0.854708],[-0.80653,-0.450087,0.383315]],[[0.324088,-0.878876,-0.350062],[0.245418,0.435473,-0.866102],[-0.913639,-0.194782,-0.356824]]],4]],[[0,200,0],[235.247,235.247,147.751]]],[304834,5554649276,[[224,"right",[-0.262702,0.565544,-0.781759],[-0.946209,-0.309603,0.0939897],[107.553,187.903,36.436],[15.4425,25.8745,-4.66126],[107.522,187.879,36.4612],0,0.507964,0.617674,[[0.296654,-0.805083,-0.513651],[0.673409,0.557726,-0.485245],[0.677139,-0.201948,0.707602]],63.72,[310.094,98.3482,264.598],[127.267,152.874,73.5459]],[227,"left",[0.452164,0.492533,-0.743612],[0.891533,-0.224576,0.393362],[-166.27,180.024,54.3474],[-16.4158,49.3745,5.90788],[-166.149,179.658,54.321],0,0.800228,0.536486,[[0.023177,-0.844087,-0.535705],[-0.856487,0.259618,-0.446125],[-0.515647,-0.469164,0.716933]],63.4269,[-332.79,22.0441,281.205],[-194.205,148.136,88.5239]]],[[2240,[-0.779185,0.251619,-0.574072],224,52.1164,[33.3109,211.842,48.9194],[33.2444,211.306,48.4816],[14.1312,23.3621,-6.09734],false,[112.562,169.387,94.8101],[112.562,169.387,94.8101],[73.8349,194.157,75.3572],[47.2682,202.736,55.7839],[29.1518,214.567,46.8638],[[[0.871058,0.0796809,-0.484674],[0.373672,0.532931,0.75918],[0.31879,-0.842399,0.434439]],[[0.617129,0.468191,-0.632416],[0.131367,0.731135,0.669466],[0.775819,-0.496225,0.389699]],[[0.617129,0.468191,-0.632416],[-0.109647,0.847045,0.520089],[0.779185,-0.251619,0.574072]],[[0.617129,0.468191,-0.632416],[0.141237,0.724755,0.674375],[0.774083,-0.505497,0.381141]]],0],[2241,[-0.887208,0.0354564,-0.460006],224,58.8075,[55.0205,238.855,-12.857],[54.6236,238.627,-12.6402],[24.1854,26.2707,-18.0899],false,[129.776,175.327,79.6351],[98.3005,221.848,32.1214],[88.392,243.138,-3.8552],[66.9478,243.995,-14.9737],[51.4616,237.318,-12.2339],[[[0.14209,-0.658592,-0.738964],[0.89262,0.407918,-0.191916],[0.427831,-0.632345,0.645833]],[[0.24958,-0.801681,-0.543154],[0.940489,0.334267,-0.0612129],[0.230632,-0.495553,0.837399]],[[0.24958,-0.801681,-0.543154],[0.388036,0.596699,-0.702409],[0.887208,-0.0354564,0.460006]],[[0.24958,-0.801681,-0.543154],[-0.340835,0.452287,-0.824177],[0.906389,0.390824,-0.160359]]],1],[2242,[-0.948933,0.0514427,-0.311254],224,67.0064,[49.798,223.25,-26.3882],[50.0012,223.328,-26.5674],[7.74086,14.4734,-6.58004],false,[132.774,168.372,69.9268],[104.475,205.745,18.2549],[89.5359,226.207,-22.75],[62.5516,227.67,-31.601],[45.9878,221.927,-24.8336],[[[0.0443193,-0.797794,-0.601298],[0.912968,0.276721,-0.299858],[0.405617,-0.535677,0.740625]],[[0.108552,-0.873127,-0.475253],[0.944539,0.239646,-0.224533],[0.309938,-0.424521,0.850717]],[[0.108552,-0.873127,-0.475253],[0.296213,0.48477,-0.822956],[0.948933,-0.0514427,0.311254]],[[0.108552,-0.873127,-0.475253],[-0.459668,0.379811,-0.802776],[0.881432,0.305601,-0.36012]]],2],[2243,[-0.820944,0.136574,-0.554435],224,64.4285,[61.6354,202.482,-46.8936],[62.1578,202.511,-46.7628],[10.5719,17.2295,-6.27333],false,[133.805,159.307,61.6985],[110.298,185.391,9.82532],[98.7127,199.716,-30.879],[75.9709,203.499,-46.238],[57.3533,202.177,-47.0902],[[[0.0345758,-0.886503,-0.461429],[0.926266,0.201798,-0.31829],[0.37528,-0.416401,0.828116]],[[0.0823339,-0.932516,-0.351618],[0.962284,0.166179,-0.215392],[0.259288,-0.320622,0.911027]],[[0.0823339,-0.932516,-0.351618],[0.565041,0.334308,-0.754299],[0.820944,-0.136574,0.554435]],[[0.0823339,-0.932516,-0.351618],[0.0176472,0.354125,-0.935032],[0.996449,0.0707798,0.0456128]]],3],[2244,[-0.82739,0.0844607,-0.555241],224,50.5107,[73.6653,171.022,-40.1684],[73.8184,170.921,-40.1758],[14.3445,19.3155,-2.71885],false,[129.592,146.586,56.9042],[112.002,164.672,4.69533],[103.118,169.14,-29.2369],[86.9354,170.792,-40.0968],[69.7014,171.09,-40.19],[[[-0.0757466,-0.949814,-0.303506],[0.94986,0.0238713,-0.311763],[0.303362,-0.311903,0.900382]],[[-0.0165161,-0.991859,-0.126266],[0.967785,0.0158728,-0.251277],[0.251235,-0.126348,0.959644]],[[-0.0165161,-0.991859,-0.126266],[0.561386,0.0953004,-0.822049],[0.82739,-0.0844607,0.555241]],[[-0.0165161,-0.991859,-0.126266],[0.00755078,0.126155,-0.991982],[0.999835,-0.0173371,0.00540572]]],4],[2270,[0.882245,0.357363,-0.306488],227,51.8766,[-97.2994,201.569,78.6311],[-97.6179,201.839,78.7074],[-20.443,54.3964,17.3701],false,[-186.92,167.904,110.628],[-186.92,167.904,110.628],[-143.685,188.04,96.6942],[-113.743,200.169,86.2924],[-92.7346,202.904,76.604],[[[-0.698417,-0.0413672,-0.714494],[-0.596695,0.584901,0.549404],[-0.395182,-0.810049,0.433189]],[[-0.429715,0.345314,-0.834328],[-0.241292,0.846473,0.474617],[-0.870128,-0.405267,0.280421]],[[-0.429715,0.345314,-0.834328],[-0.192324,0.867784,0.458216],[-0.882245,-0.357363,0.306488]],[[-0.429715,0.345314,-0.834328],[0.0456579,0.931115,0.361857],[-0.90181,-0.117402,0.41588]]],0],[2271,[0.831724,0.244718,-0.498346],227,58.537,[-120.687,238.35,1.86222],[-120.462,238.341,2.29349],[-19.6675,70.004,16.4042],false,[-199.242,170.77,90.7106],[-157.601,213.718,48.4694],[-153.472,234.66,11.4125],[-133.461,240.548,-0.577357],[-116.962,237.94,2.61894],[[[0.102286,-0.746185,-0.657834],[-0.816214,0.315059,-0.484286],[-0.568623,-0.586469,0.576821]],[[-0.0412685,-0.86788,-0.495058],[-0.994471,0.0835621,-0.0635916],[-0.0965579,-0.489696,0.86653]],[[-0.0412685,-0.86788,-0.495058],[-0.553654,0.432317,-0.711737],[-0.831724,-0.244718,0.498346]],[[-0.0412685,-0.86788,-0.495058],[0.23902,0.472518,-0.84829],[-0.970137,0.153336,-0.18794]]],1],[2272,[0.880712,0.195151,-0.431581],227,66.6982,[-110.77,216.6,-16.2713],[-111.139,216.929,-16.1367],[-14.1705,72.082,16.6369],false,[-199.051,162.601,81.5757],[-158.881,195.823,35.6889],[-149.41,212.142,-8.42375],[-124.481,217.665,-20.6399],[-106.707,216.415,-14.9458],[[[0.162158,-0.861262,-0.481593],[-0.799457,0.171419,-0.575747],[-0.578423,-0.478375,0.660745]],[[0.0423333,-0.939963,-0.338641],[-0.979406,0.0279294,-0.199958],[-0.197411,-0.340132,0.919423]],[[0.0423333,-0.939963,-0.338641],[-0.471757,0.279975,-0.836098],[-0.880712,-0.195151,0.431581]],[[0.0423333,-0.939963,-0.338641],[0.308777,0.334661,-0.890314],[-0.950192,0.0668746,-0.304406]]],2],[2273,[0.878202,0.124494,-0.461805],227,64.1321,[-115.218,186.395,-22.3297],[-114.786,186.492,-21.6357],[-18.151,74.5899,1.5103],false,[-197.322,152.665,74.6599],[-161.203,174.369,28.7022],[-153.039,183.451,-14.0622],[-128.823,186.884,-26.7963],[-111.162,186.28,-20.9967],[[[0.135073,-0.932727,-0.334328],[-0.80386,0.0941111,-0.587327],[-0.57928,-0.348085,0.73707]],[[0.0327298,-0.97891,-0.201654],[-0.982461,0.00554672,-0.186387],[-0.183574,-0.204217,0.961559]],[[0.0327298,-0.97891,-0.201654],[-0.47717,0.161978,-0.863755],[-0.878202,-0.124494,0.461805]],[[0.0327298,-0.97891,-0.201654],[0.311812,0.201693,-0.92849],[-0.94958,0.0324887,-0.311837]]],3],[2274,[0.800104,0.459211,-0.385952],227,50.2784,[-128.997,179.184,-8.75478],[-128.561,179.171,-8.1769],[-17.1137,73.6471,0.130878],false,[-191.426,139.901,72.9227],[-160.525,153.234,26.0314],[-156.658,167.584,-5.87334],[-141.081,176.525,-13.3874],[-125.401,180.041,-7.37452],[[[0.198072,-0.969388,-0.145103],[-0.821064,-0.0832324,-0.564736],[-0.535371,-0.230997,0.812415]],[[0.331654,-0.874763,-0.353264],[-0.936982,-0.261825,-0.231327],[-0.109863,-0.407722,0.906473]],[[0.331654,-0.874763,-0.353264],[-0.499839,0.154645,-0.8522],[-0.800104,-0.459211,0.385952]],[[0.331654,-0.874763,-0.353264],[0.234156,0.439069,-0.867404],[-0.91388,-0.204959,-0.35045]]],4]],[[0,200,0],[235.247,235.247,147.751]]],[304835,5554665003,[[224,"right",[-0.266423,0.562632,-0.782601],[-0.944868,-0.312827,0.0967642],[107.802,187.964,36.1977],[15.5888,16.4379,-9.16372],[107.697,187.932,36.2959],0,0.505046,0.62108,[[0.295756,-0.804687,-0.514788],[0.67177,0.558335,-0.486813],[0.679156,-0.201842,0.705696]],63.72,[311.094,98.6028,263.89],[127.721,153.1,73.3525]],[227,"left",[0.453357,0.492896,-0.742645],[0.890966,-0.226818,0.393361],[-166.381,180.226,54.4063],[-12.3904,33.6691,4.97791],[-166.263,179.937,54.363],0,0.798036,0.548974,[[0.0216014,-0.843483,-0.536721],[-0.853932,0.263625,-0.448668],[-0.519937,-0.468015,0.714583]],63.4269,[-334.125,22.5506,280.57],[-194.388,148.333,88.5207]]],[[2240,[-0.78127,0.247239,-0.573141],224,52.1164,[33.4701,211.737,48.8336],[33.4429,211.163,48.3747],[13.5015,9.51734,-6.41629],false,[113.001,169.612,94.6068],[113.001,169.612,94.6068],[74.1447,194.195,75.1751],[47.5069,202.625,55.6335],[29.3392,214.418,46.769],[[[0.869735,0.0816601,-0.486716],[0.37332,0.536182,0.757061],[0.32279,-0.840143,0.435851]],[[0.61411,0.468831,-0.634874],[0.130159,0.733253,0.667382],[0.778413,-0.492481,0.389276]],[[0.61411,0.468831,-0.634874],[-0.111741,0.84798,0.518116],[0.78127,-0.247239,0.573141]],[[0.61411,0.468831,-0.634874],[0.142344,0.725443,0.673402],[0.776277,-0.503914,0.378767]]],0],[2241,[-0.888605,0.0306324,-0.457649],224,58.8075,[54.9739,238.667,-13.0167],[54.5737,238.364,-12.8817],[11.8466,7.44436,-16.5623],false,[130.161,175.577,79.3807],[98.4153,221.865,31.8186],[88.3274,243.021,-4.18688],[66.8494,243.762,-15.2484],[51.398,237.029,-12.4486],[[[0.142941,-0.659905,-0.737627],[0.890713,0.410702,-0.19482],[0.431508,-0.629166,0.646491]],[[0.251351,-0.802093,-0.541729],[0.938982,0.337852,-0.0645622],[0.234809,-0.492446,0.83807]],[[0.251351,-0.802093,-0.541729],[0.383671,0.596413,-0.705045],[0.888605,-0.0306324,0.457649]],[[0.251351,-0.802093,-0.541729],[-0.344918,0.448726,-0.824425],[0.904353,0.394071,-0.163869]]],1],[2242,[-0.949807,0.047197,-0.309255],224,67.0064,[49.7548,223.061,-26.5085],[49.9463,223.017,-26.7621],[2.48023,-0.217314,-9.14053],false,[133.164,168.609,69.6834],[104.62,205.749,17.979],[89.4689,226.045,-23.0308],[62.4598,227.387,-31.8249],[45.923,221.608,-25.0229],[[[0.0459716,-0.799121,-0.59941],[0.911313,0.279311,-0.30248],[0.40914,-0.532344,0.74109]],[[0.11071,-0.873869,-0.473387],[0.942838,0.242992,-0.228061],[0.314325,-0.421079,0.850819]],[[0.11071,-0.873869,-0.473387],[0.292591,0.483865,-0.824782],[0.949807,-0.047197,0.309255]],[[0.11071,-0.873869,-0.473387],[-0.461905,0.376505,-0.803049],[0.879993,0.307566,-0.361961]]],2],[2243,[-0.821771,0.133676,-0.553916],224,64.4285,[61.6604,202.329,-47.061],[62.1653,202.268,-46.972],[6.93958,4.32452,-9.61205],false,[134.211,159.528,61.4754],[110.499,185.396,9.58763],[98.7662,199.626,-31.1076],[76.0015,203.329,-46.4522],[57.3873,201.966,-47.3132],[[[0.0368484,-0.887517,-0.4593],[0.924847,0.204392,-0.320753],[0.378551,-0.412963,0.828348]],[[0.0845584,-0.932722,-0.350541],[0.961194,0.169068,-0.217995],[0.262594,-0.318505,0.910823]],[[0.0845584,-0.932722,-0.350541],[0.563509,0.334903,-0.755181],[0.821771,-0.133676,0.553916]],[[0.0845584,-0.932722,-0.350541],[0.0173933,0.353129,-0.935413],[0.996267,0.073,0.0460832]]],3],[2244,[-0.829432,0.0806993,-0.552748],224,50.5107,[73.7299,170.838,-40.2445],[73.9148,170.702,-40.2744],[10.145,5.44235,-3.85335],false,[130.035,146.78,56.7216],[112.268,164.671,4.50546],[103.231,169.053,-29.3973],[87.0079,170.632,-40.2084],[69.7729,170.873,-40.2661],[[[-0.0729074,-0.950837,-0.300987],[0.949106,0.0265697,-0.313835],[0.306403,-0.308549,0.900508]],[[-0.0134485,-0.992108,-0.124664],[0.966694,0.0189675,-0.255233],[0.255583,-0.123945,0.958809]],[[-0.0134485,-0.992108,-0.124664],[0.558446,0.0959668,-0.823971],[0.829432,-0.0806993,0.552748]],[[-0.0134485,-0.992108,-0.124664],[0.00506787,0.124606,-0.992193],[0.999897,-0.0139753,0.00335211]]],4],[2270,[0.882769,0.35714,-0.305238],227,51.8766,[-97.4408,201.917,78.7762],[-97.703,201.975,78.8595],[-14.0284,35.5906,14.3262],false,[-187.076,168.053,110.659],[-187.076,168.053,110.659],[-143.8,188.131,96.7659],[-113.84,200.252,86.4065],[-92.8179,203.096,76.7799],[[[-0.698202,-0.038963,-0.714839],[-0.595856,0.585107,0.550096],[-0.396824,-0.81002,0.431739]],[[-0.428862,0.347302,-0.833942],[-0.239875,0.846226,0.475775],[-0.87094,-0.404084,0.279605]],[[-0.428862,0.347302,-0.833942],[-0.191824,0.867083,0.459751],[-0.882769,-0.35714,0.305238]],[[-0.428862,0.347302,-0.833942],[0.0417087,0.929773,0.365762],[-0.902407,-0.122079,0.41323]]],0],[2271,[0.831081,0.244318,-0.499612],227,58.537,[-120.731,238.61,1.91273],[-120.468,238.552,2.37596],[-11.151,45.6055,10.8782],false,[-199.384,170.974,90.7415],[-157.648,213.913,48.5854],[-153.463,234.879,11.5486],[-133.467,240.757,-0.471653],[-116.956,238.146,2.65953],[[[0.101199,-0.745321,-0.658981],[-0.815446,0.317309,-0.48411],[-0.569918,-0.586354,0.575658]],[[-0.0431174,-0.86733,-0.495862],[-0.994265,0.0858729,-0.0637478],[-0.0978715,-0.490269,0.866058]],[[-0.0431174,-0.86733,-0.495862],[-0.554477,0.433643,-0.710288],[-0.831081,-0.244318,0.499612]],[[-0.0431174,-0.86733,-0.495862],[0.235811,0.473465,-0.84866],[-0.970842,0.153522,-0.184111]]],1],[2272,[0.880733,0.193269,-0.432385],227,66.6982,[-110.795,216.765,-16.2291],[-111.137,217.079,-16.0611],[-8.37397,44.6247,10.669],false,[-199.204,162.818,81.5936],[-158.956,196.04,35.7759],[-149.429,212.349,-8.32827],[-124.499,217.82,-20.5672],[-106.715,216.534,-14.9117],[[[0.160791,-0.860787,-0.482899],[-0.798912,0.173785,-0.575793],[-0.579556,-0.478377,0.65975]],[[0.0398459,-0.939949,-0.33898],[-0.979275,0.0306852,-0.200196],[-0.198576,-0.339932,0.919246]],[[0.0398459,-0.939949,-0.33898],[-0.471934,0.281322,-0.835545],[-0.880733,-0.193269,0.432385]],[[0.0398459,-0.939949,-0.33898],[0.307487,0.334322,-0.890888],[-0.950718,0.0687339,-0.302344]]],2],[2273,[0.877449,0.123333,-0.463543],227,64.1321,[-115.354,186.579,-22.358],[-114.931,186.696,-21.6546],[-14.6157,47.9309,-0.0363579],false,[-197.491,152.89,74.6627],[-161.314,174.601,28.7541],[-153.184,183.706,-14.0122],[-128.989,187.107,-26.7942],[-111.315,186.468,-21.0401],[[[0.133517,-0.932437,-0.335759],[-0.803451,0.0965036,-0.587498],[-0.580207,-0.348207,0.736282]],[[0.030561,-0.97879,-0.202573],[-0.982678,0.00763975,-0.185165],[-0.182785,-0.204722,0.961602]],[[0.030561,-0.97879,-0.202573],[-0.478695,0.163581,-0.862608],[-0.877449,-0.123333,0.463543]],[[0.030561,-0.97879,-0.202573],[0.309794,0.201963,-0.929107],[-0.950313,0.0343612,-0.309395]]],3],[2274,[0.799239,0.458917,-0.388087],227,50.2784,[-129.143,179.42,-8.80526],[-128.726,179.416,-8.21482],[-14.533,48.9163,-1.60399],false,[-191.617,140.118,72.9075],[-160.673,153.47,26.0499],[-156.834,167.844,-5.84751],[-141.274,176.778,-13.4031],[-125.571,180.293,-7.44969],[[[0.196373,-0.969513,-0.146568],[-0.820985,-0.0808442,-0.565197],[-0.536116,-0.231319,0.811832]],[[0.330188,-0.874823,-0.354487],[-0.937592,-0.260572,-0.230268],[-0.109074,-0.408396,0.906264]],[[0.330188,-0.874823,-0.354487],[-0.502188,0.155179,-0.850722],[-0.799239,-0.458917,0.388087]],[[0.330188,-0.874823,-0.354487],[0.23094,0.439008,-0.868297],[-0.915228,-0.204836,-0.346986]]],4]],[[0,200,0],[235.247,235.247,147.751]]],[304836,5554716481,[[224,"right",[-0.294982,0.536756,-0.790492],[-0.927129,-0.360899,0.100913],[109.713,181.267,34.0504],[33.6919,-106.731,-36.5246],[109.52,181.904,34.2651],0,0.503134,0.664799,[[0.327316,-0.796433,-0.508487],[0.669339,0.575264,-0.470168],[0.666971,-0.186457,0.721376]],63.72,[311.491,97.6845,266.468],[131.409,148.028,71.6961]],[227,"left",[0.459182,0.480313,-0.747296],[0.888107,-0.228855,0.398611],[-166.347,177.02,52.9868],[-1.42394,-46.9748,-22.3844],[-166.323,177.842,53.3748],0,0.795436,0.604957,[[0.0169566,-0.849657,-0.527063],[-0.842908,0.271383,-0.464605],[-0.537791,-0.452143,0.711581]],63.4269,[-339.228,24.2447,278.65],[-194.693,145.762,87.407]]],[[2240,[-0.792539,0.196832,-0.577182],224,52.1164,[34.2657,201.415,46.3819],[34.2303,200.716,45.9221],[14.5635,-169.074,-41.2434],false,[115.816,164.035,92.7128],[115.816,164.035,92.7128],[75.7362,186.271,72.9404],[48.7141,192.982,53.261],[29.9657,203.731,44.2788],[[[0.864692,0.120646,-0.487599],[0.34374,0.565703,0.749549],[0.366266,-0.815736,0.447688]],[[0.589112,0.49168,-0.641247],[0.0908838,0.74822,0.657196],[0.802924,-0.445441,0.3961]],[[0.589112,0.49168,-0.641247],[-0.157571,0.848238,0.505631],[0.792539,-0.196832,0.577182]],[[0.589112,0.49168,-0.641247],[0.105812,0.7398,0.664455],[0.801093,-0.45929,0.383799]]],0],[2241,[-0.889765,-0.0246246,-0.455754],224,58.8075,[54.206,228.436,-15.7911],[53.8998,228.049,-15.6926],[-10.5485,-167.854,-47.6394],false,[132.652,170.684,77.4087],[98.5541,214.56,29.1932],[87.2896,234.613,-7.09412],[65.7836,234.017,-18.1099],[50.7272,226.494,-15.1729],[[[0.178314,-0.661707,-0.72825],[0.867979,0.454394,-0.200348],[0.463484,-0.596381,0.655372]],[[0.293775,-0.795102,-0.530574],[0.919212,0.387244,-0.0713509],[0.262193,-0.466749,0.84463]],[[0.293775,-0.795102,-0.530574],[0.349306,0.605976,-0.714688],[0.889765,0.0246246,0.455754]],[[0.293775,-0.795102,-0.530574],[-0.370292,0.417063,-0.830026],[0.881238,0.440308,-0.171897]]],1],[2242,[-0.950852,-0.00746792,-0.309556],224,67.0064,[49.7691,212.482,-29.1378],[50.0328,212.309,-29.3772],[1.09654,-175.057,-44.1706],false,[136.029,163.749,67.8108],[105.614,198.602,15.5828],[89.3101,217.462,-25.6696],[62.2713,217.25,-34.4722],[46.0351,210.715,-27.6294],[[[0.0886933,-0.803899,-0.588116],[0.895594,0.322779,-0.306145],[0.435942,-0.49956,0.748595]],[[0.157036,-0.873239,-0.461295],[0.927859,0.290435,-0.233933],[0.338255,-0.391281,0.855852]],[[0.157036,-0.873239,-0.461295],[0.266872,0.487234,-0.831494],[0.950852,0.00746792,0.309556]],[[0.157036,-0.873239,-0.461295],[-0.478384,0.341374,-0.809081],[0.863995,0.347731,-0.364136]]],2],[2243,[-0.827081,0.0830691,-0.555911],224,64.4285,[62.9167,192.118,-49.438],[63.4178,192.009,-49.3271],[21.6928,-166.898,-39.8514],false,[137.562,154.622,59.7315],[112.568,178.472,7.47963],[100.099,191.518,-33.3931],[77.1868,193.819,-48.7929],[58.6706,191.477,-49.6617],[[[0.0841112,-0.890681,-0.44678],[0.913082,0.24843,-0.323362],[0.399006,-0.380749,0.834161]],[[0.133709,-0.931552,-0.338131],[0.950911,0.216685,-0.220944],[0.279089,-0.291991,0.914796]],[[0.133709,-0.931552,-0.338131],[0.545948,0.353992,-0.759362],[0.827081,-0.0830691,0.555911]],[[0.133709,-0.931552,-0.338131],[0.000927338,0.341313,-0.939949],[0.99102,0.125366,0.0465003]]],3],[2244,[-