{"metadata":{"formatVersion":2,"generatedBy":"LeapJS Playback 0.2.1","frames":84,"protocolVersion":6,"serviceVersion":"2.2.6+29154","frameRate":"46","modified":"Thu Jun 04 2015 15:09:20 GMT-0300 (E. South America Standard Time)"},"frames":[["id","timestamp",{"hands":[["id","type","direction","palmNormal","palmPosition","palmVelocity","stabilizedPalmPosition","pinchStrength","grabStrength","confidence","armBasis","armWidth","elbow","wrist"]]},{"pointables":[["id","direction","handId","length","stabilizedTipPosition","tipPosition","tipVelocity","tool","carpPosition","mcpPosition","pipPosition","dipPosition","btipPosition","bases","type"]]},{"interactionBox":["center","size"]}],[304579,5548823112,[[224,"right",[-0.335103,0.270225,-0.902599],[-0.907995,-0.348341,0.232818],[122.639,104.849,41.6538],[0.582664,-81.7372,19.2265],[122.581,105.164,41.4478],0,0.702669,0.317168,[[0.229709,-0.882961,-0.409407],[0.883096,0.365916,-0.29368],[0.409116,-0.294085,0.863793]],63.72,[257.035,5.51632,319.852],[146.574,84.9193,86.6282]],[227,"left",[0.571257,0.181672,-0.800413],[0.819048,-0.189328,0.541585],[-148.245,101.361,40.6408],[217.933,-136.677,418.993],[-146.115,103.53,43.3834],0,0.795737,0.147427,[[-0.000466179,-0.933117,-0.359571],[-0.897472,0.158987,-0.411421],[-0.441071,-0.322513,0.837521]],63.4269,[-301.418,-1.59,304.476],[-182.876,85.088,79.3857]]],[[2240,[-0.822753,0.0599012,-0.565234],224,52.1164,[46.25,120.816,47.6888],[46.1945,121.172,48.1223],[-14.1242,-149.785,20.1635],false,[130.744,105.821,102.554],[130.744,105.821,102.554],[89.2405,114.102,76.0848],[61.1883,116.144,56.8128],[41.7292,121.655,45.0356],[[[0.847948,0.00311385,-0.53007],[0.334442,0.772685,0.539543],[0.411257,-0.634782,0.654155]],[[0.554728,0.301416,-0.775516],[-0.0311673,0.938949,0.342643],[0.831448,-0.165903,0.530255]],[[0.554728,0.301416,-0.775516],[-0.123916,0.951609,0.28122],[0.822753,-0.0599012,0.565234]],[[0.554728,0.301416,-0.775516],[0.0309323,0.92396,0.381237],[0.831457,-0.235471,0.503223]]],0],[2241,[-0.838074,-0.0801954,-0.53963],224,58.8075,[71.4309,141.495,-23.9152],[70.9526,140.958,-23.3086],[-20.426,-82.5212,34.993],false,[146.941,108.284,85.4229],[109.925,134.828,27.65],[103.42,147.429,-12.9046],[83.1631,145.49,-25.9477],[67.6074,139.194,-22.7403],[[[0.191664,-0.83946,-0.5085],[0.842681,0.406358,-0.353215],[0.503143,-0.360805,0.785281]],[[0.296063,-0.89767,-0.326398],[0.943089,0.328896,-0.0491005],[0.151427,-0.293285,0.943956]],[[0.296063,-0.89767,-0.326398],[0.458234,0.43331,-0.776057],[0.838074,0.0801954,0.53963]],[[0.296063,-0.89767,-0.326398],[-0.288806,0.241594,-0.926404],[0.91046,0.36854,-0.187725]]],1],[2242,[-0.924098,-0.0611531,-0.37723],224,67.0064,[66.3297,120.85,-32.0012],[67.7672,120.098,-33.14],[-13.0633,-81.6587,34.128],false,[150.414,98.963,78.165],[117.388,115.843,19.0723],[105.349,125.215,-26.6495],[79.0706,123.476,-37.3766],[62.4712,118.825,-29.8955],[[[0.111394,-0.93738,-0.330016],[0.873795,0.250568,-0.416772],[0.473364,-0.24194,0.846989]],[[0.160798,-0.9577,-0.238653],[0.954856,0.212142,-0.207955],[0.249787,-0.194441,0.948578]],[[0.160798,-0.9577,-0.238653],[0.346679,0.281197,-0.894842],[0.924098,0.0611531,0.37723]],[[0.160798,-0.9577,-0.238653],[-0.440329,0.146794,-0.885755],[0.88332,0.247514,-0.398099]]],2],[2243,[-0.836853,-0.072861,-0.542557],224,64.4285,[80.274,93.9299,-39.8276],[80.1218,92.9864,-39.2487],[18.8987,-62.0028,4.82517],false,[152.174,87.9278,73.0606],[125.047,94.4832,16.9813],[117.816,97.7064,-26.9914],[94.6335,95.688,-42.0213],[76.4368,92.6561,-39.0581],[[[0.11365,-0.97897,-0.169414],[0.894165,0.175116,-0.412072],[0.433073,-0.104652,0.895263]],[[0.148271,-0.984225,-0.0965231],[0.975616,0.161546,-0.148583],[0.161832,-0.0721389,0.984178]],[[0.148271,-0.984225,-0.0965231],[0.526966,0.161221,-0.834455],[0.836853,0.072861,0.542557]],[[0.148271,-0.984225,-0.0965231],[-0.171756,0.0704906,-0.982614],[0.973918,0.162272,-0.158594]]],3],[2244,[-0.809371,0.0203466,-0.586945],224,50.5107,[95.047,75.399,-27.1326],[95.2651,77.0413,-26.3999],[29.964,-110.15,-7.05773],false,[149.16,74.0257,72.6093],[128.716,73.4324,18.3511],[124.431,74.6036,-16.728],[108.601,75.0016,-28.2079],[91.4201,74.9728,-26.8185],[[[0.0136953,-0.99989,0.00577228],[0.935681,0.0107799,-0.352682],[0.35258,0.0102311,0.935726]],[[-0.00101626,-0.999447,-0.0332447],[0.99263,0.00302044,-0.121148],[0.121182,-0.0331228,0.992078]],[[-0.00101626,-0.999447,-0.0332447],[0.587296,0.0263108,-0.808944],[0.809371,-0.0203466,0.586945]],[[-0.00101626,-0.999447,-0.0332447],[-0.0806193,0.0332184,-0.996191],[0.996744,0.00166778,-0.0806084]]],4],[2270,[0.948157,0.100455,-0.301509],227,51.8766,[-79.0472,122.531,65.1553],[-78.9948,122.536,65.1739],[462.695,-156.766,-23.0359],false,[-174.509,109.816,95.2259],[-174.509,109.816,95.2259],[-128.055,120.434,81.1468],[-95.8762,123.844,70.914],[-73.8857,122.1,63.4255],[[[-0.642495,-0.183508,-0.743992],[-0.546457,0.790365,0.276962],[-0.537201,-0.584506,0.608085]],[[-0.312059,0.11473,-0.94311],[-0.169026,0.970141,0.173947],[-0.934906,-0.213692,0.283349]],[[-0.312059,0.11473,-0.94311],[-0.0601477,0.988304,0.14013],[-0.948157,-0.100455,0.301509]],[[-0.312059,0.11473,-0.94311],[0.107488,0.990572,0.0849384],[-0.943963,0.0748667,0.321449]]],0],[2271,[0.940852,-0.0658062,-0.332365],227,58.537,[-83.8351,131.723,-15.5405],[-84.9436,131.937,-15.9083],[-145.89,1.79555,-67.7531],false,[-184.793,107.69,74.0965],[-134.465,130.336,25.9605],[-119.12,136.323,-13.505],[-96.4842,134.739,-21.5014],[-81.5111,131.103,-14.3029],[[[0.0435198,-0.920759,-0.387696],[-0.725125,0.237834,-0.646242],[-0.68724,-0.309252,0.657315]],[[-0.138852,-0.969686,-0.201069],[-0.923022,0.200287,-0.328506],[-0.358819,-0.139977,0.922852]],[[-0.138852,-0.969686,-0.201069],[-0.309058,0.235326,-0.921469],[-0.940852,0.0658062,0.332365]],[[-0.138852,-0.969686,-0.201069],[0.453431,0.118251,-0.883412],[-0.880409,0.213835,-0.423266]]],1],[2272,[0.964629,-0.0415239,-0.260319],227,66.6982,[-75.0567,107.684,-22.3708],[-77.0273,108.375,-24.0705],[-185.825,23.9773,-207.635],false,[-185.091,97.1099,67.9153],[-137.328,109.609,19.0746],[-117.259,110.509,-24.4957],[-89.9546,109.334,-31.8642],[-73.7093,108.007,-22.6866],[[[0.0732453,-0.981039,-0.179439],[-0.722241,0.0718974,-0.687895],[-0.687752,-0.179983,0.70328]],[[-0.0553766,-0.997401,-0.0461049],[-0.906622,0.0695739,-0.416168],[-0.418294,-0.0187537,0.908118]],[[-0.0553766,-0.997401,-0.0461049],[-0.257728,0.0588897,-0.964421],[-0.964629,0.0415239,0.260319]],[[-0.0553766,-0.997401,-0.0461049],[0.492628,0.0128713,-0.870145],[-0.868476,0.0708982,-0.490635]]],2],[2273,[0.968024,-0.125807,-0.217031],227,64.1321,[-82.6063,76.3917,-16.4781],[-84.5566,77.2854,-18.666],[-120.016,3.56015,-171.964],false,[-184.285,85.3834,64.541],[-142.153,87.4506,18.6243],[-123.709,80.8048,-21.2959],[-97.0165,77.3357,-27.2804],[-81.408,76.9223,-17.1764],[[[0.0254743,-0.999442,-0.021619],[-0.736718,-0.00415117,-0.676187],[-0.67572,-0.0331525,0.736413]],[[-0.102086,-0.987837,0.117289],[-0.904215,0.0429934,-0.424908],[-0.414697,0.149431,0.897606]],[[-0.102086,-0.987837,0.117289],[-0.229147,-0.0913824,-0.969093],[-0.968024,0.125807,0.217031]],[[-0.102086,-0.987837,0.117289],[0.53407,-0.153897,-0.831315],[-0.839254,0.0222251,-0.543285]]],3],[2274,[0.936147,0.232481,-0.263781],227,50.2784,[-101.172,77.7514,-8.09228],[-101.72,77.8484,-7.79083],[-63.0908,-24.3173,-36.3504],false,[-180.15,72.1373,67.3948],[-144.29,66.6031,22.5082],[-131.589,70.8612,-10.0394],[-113.363,75.3873,-15.1749],[-98.8573,78.5055,-6.5583],[[[0.0684705,-0.982045,0.175783],[-0.780572,-0.162463,-0.603584],[-0.621304,0.0958835,0.777681]],[[0.231006,-0.972247,-0.0370506],[-0.903557,-0.20025,-0.378794],[-0.360861,-0.120981,0.924739]],[[0.231006,-0.972247,-0.0370506],[-0.265074,-0.0262502,-0.963871],[-0.936147,-0.232481,0.263781]],[[0.231006,-0.972247,-0.0370506],[0.481534,0.147336,-0.863954],[-0.845436,-0.181738,-0.502205]]],4]],[[0,200,0],[235.247,235.247,147.751]]],[304580,5548837300,[[224,"right",[-0.367956,0.287947,-0.884135],[-0.902111,-0.341036,0.264367],[125.057,103.409,41.0503],[68.0527,-89.562,-5.30022],[123.831,104.278,41.2472],0,0.697613,0.317912,[[0.221877,-0.892341,-0.393062],[0.891454,0.348965,-0.289021],[0.39507,-0.28627,0.872908]],63.72,[257.211,5.21933,320.4],[150.542,82.5121,84.7149]],[227,"left",[0.536682,0.196504,-0.820585],[0.842217,-0.18401,0.506765],[-145.828,99.5318,43.4203],[199.042,-133.595,330.397],[-146.041,102.5,43.3929],0,0.788288,0.128054,[[-0.00394057,-0.935487,-0.35334],[-0.890751,0.163871,-0.423922],[-0.454475,-0.313067,0.833931]],63.4269,[-300.831,-1.68622,307.469],[-178.687,82.4531,83.3438]]],[[2240,[-0.844173,0.0782509,-0.530328],224,52.1164,[48.0183,120.145,49.3941],[49.1443,120.497,50.8465],[73.2817,-108.849,88.2664],false,[135.633,103.354,101.578],[135.633,103.354,101.578],[93.1966,112.533,76.9473],[64.414,115.201,58.8654],[44.5609,121.076,47.9538],[[[0.825772,0.0011288,-0.564003],[0.365638,0.760321,0.536862],[0.429429,-0.649546,0.627439]],[[0.52655,0.306656,-0.792911],[-0.00551591,0.93389,0.357517],[0.850126,-0.183877,0.493431]],[[0.52655,0.306656,-0.792911],[-0.100582,0.948598,0.300074],[0.844173,-0.0782509,0.530328]],[[0.52655,0.306656,-0.792911],[0.0560811,0.918117,0.392321],[0.848293,-0.251044,0.466237]]],0],[2241,[-0.860127,-0.0621691,-0.506278],224,58.8075,[71.4403,141.303,-23.235],[71.246,141.105,-21.2214],[-4.46912,-45.6479,79.1702],false,[151.153,105.887,83.8411],[112.163,133.749,28.0197],[104.182,147.035,-12.0496],[83.3928,145.532,-24.2866],[67.9028,139.371,-20.542],[[[0.160418,-0.833813,-0.528225],[0.832709,0.401659,-0.381138],[0.529964,-0.378717,0.758757]],[[0.271482,-0.896081,-0.351192],[0.944345,0.318441,-0.0825081],[0.185768,-0.309247,0.932661]],[[0.271482,-0.896081,-0.351192],[0.431832,0.439515,-0.787621],[0.860127,0.0621691,0.506278]],[[0.271482,-0.896081,-0.351192],[-0.323023,0.258896,-0.910291],[0.906617,0.360571,-0.219169]]],1],[2242,[-0.939179,-0.0442137,-0.340569],224,67.0064,[66.2396,120.694,-31.3876],[67.373,120.453,-31.1968],[-16.3749,-39.1907,75.437],false,[154.212,96.6369,76.3111],[119.035,114.809,18.8659],[105.278,125.026,-26.1856],[78.5714,123.768,-35.8701],[62.226,119.203,-27.8],[[[0.0862202,-0.933487,-0.348092],[0.859274,0.246498,-0.448203],[0.504196,-0.260462,0.823375]],[[0.138984,-0.955773,-0.259192],[0.948273,0.203882,-0.243332],[0.285415,-0.211966,0.93467]],[[0.138984,-0.955773,-0.259192],[0.314047,0.290762,-0.903788],[0.93918,0.0442137,0.340569]],[[0.138984,-0.955773,-0.259192],[-0.473419,0.165761,-0.8651],[0.869803,0.242942,-0.429443]]],2],[2243,[-0.857224,-0.0527544,-0.512235],224,64.4285,[80.0662,93.882,-39.5236],[79.1936,93.3955,-38.367],[-15.9006,-25.2853,26.1288],false,[155.626,85.6608,70.9767],[126.335,93.3942,16.1498],[117.352,97.4342,-27.4307],[93.6056,95.9728,-41.6206],[75.4774,93.1322,-38.1005],[[[0.0944543,-0.97755,-0.188347],[0.878873,0.170746,-0.445452],[0.467611,-0.123458,0.87527]],[[0.131262,-0.984264,-0.118299],[0.970748,0.151816,-0.186012],[0.201044,-0.090422,0.9754]],[[0.131262,-0.984264,-0.118299],[0.497934,0.168646,-0.850659],[0.857224,0.0527544,0.512235]],[[0.131262,-0.984264,-0.118299],[-0.203425,0.0900493,-0.974941],[0.970252,0.152038,-0.188404]]],3],[2244,[-0.833267,0.0226785,-0.552405],224,50.5107,[94.6891,74.4659,-27.0648],[94.494,75.983,-26.3361],[-7.4822,-97.5785,-0.985527],false,[152.423,71.804,70.443],[129.793,72.2828,17.058],[123.935,73.3738,-17.7954],[107.637,73.8174,-28.5998],[90.5226,73.8802,-26.5497],[[[0.00141788,-0.999953,-0.00957016],[0.920702,0.00504028,-0.390234],[0.390264,-0.00825796,0.920666]],[[-0.00727149,-0.999521,-0.0300659],[0.986151,-0.0021858,-0.165837],[0.165692,-0.0308554,0.985695]],[[-0.00727149,-0.999521,-0.0300659],[0.552822,0.0210362,-0.833034],[0.833267,-0.0226785,0.552405]],[[-0.00727149,-0.999521,-0.0300659],[-0.118769,0.0307172,-0.992447],[0.992895,-0.00364567,-0.118935]]],4],[2270,[0.933893,0.118793,-0.337242],227,51.8766,[-75.8961,121.567,65.4011],[-75.915,121.498,65.4191],[365.303,-120.959,-6.71785],false,[-170.002,107.135,99.0854],[-170.002,107.135,99.0854],[-124.273,118.447,83.2806],[-92.5782,122.479,71.835],[-70.864,121.28,63.4831],[[[-0.669267,-0.184613,-0.719722],[-0.544721,0.780686,0.306283],[-0.505333,-0.597032,0.62305]],[[-0.350642,0.119741,-0.928823],[-0.173376,0.966348,0.19003],[-0.920321,-0.227669,0.318082]],[[-0.350642,0.119741,-0.928823],[-0.0699556,0.985673,0.153479],[-0.933893,-0.118793,0.337242]],[[-0.350642,0.119741,-0.928823],[0.0907283,0.99147,0.0935663],[-0.932104,0.0514622,0.358515]]],0],[2271,[0.927199,-0.0505926,-0.371136],227,58.537,[-84.9272,131.531,-15.4295],[-85.2795,131.452,-15.32],[-98.6051,-12.3425,-24.8756],false,[-181.091,105.077,78.3603],[-133.002,128.818,28.4948],[-119.414,135.384,-11.5189],[-97.1063,134.167,-20.4481],[-81.8195,130.651,-13.8766],[[[0.0394251,-0.916416,-0.39828],[-0.753137,0.234697,-0.614575],[-0.656681,-0.324189,0.680934]],[[-0.13491,-0.969443,-0.204889],[-0.938535,0.19133,-0.287305],[-0.317728,-0.153535,0.935669]],[[-0.13491,-0.969443,-0.204889],[-0.34943,0.240043,-0.905692],[-0.927199,0.0505926,0.371136]],[[-0.13491,-0.969443,-0.204889],[0.416958,0.132037,-0.899285],[-0.898858,0.206753,-0.386404]]],1],[2272,[0.942596,-0.022365,-0.333186],227,66.6982,[-77.1894,108.018,-24.5201],[-78.5155,108.298,-25.4373],[-164.199,15.5099,-177.227],false,[-181.504,94.5539,72.0906],[-135.88,108.122,21.5214],[-118.994,109.889,-23.3527],[-92.3133,109.256,-32.7837],[-75.4254,108.079,-24.8269],[[[0.0781525,-0.978283,-0.191977],[-0.749864,0.0692129,-0.657962],[-0.65696,-0.195378,0.72817]],[[-0.0433111,-0.997515,-0.0555709],[-0.935015,0.0600669,-0.349483],[-0.351952,-0.0368231,0.935293]],[[-0.0433111,-0.997515,-0.0555709],[-0.331115,0.0668115,-0.941222],[-0.942596,0.022365,0.333186]],[[-0.0433111,-0.997515,-0.0555709],[0.427812,0.0317476,-0.90331],[-0.902829,0.0628972,-0.425374]]],2],[2273,[0.960196,-0.111069,-0.256294],227,64.1321,[-83.2705,76.4554,-17.4105],[-84.2498,76.8402,-18.6181],[-63.8705,-9.76591,-101.143],false,[-180.689,82.8712,68.5702],[-140.445,85.9094,21.0418],[-123.495,79.8931,-19.6332],[-97.0183,76.8304,-26.7004],[-81.0138,76.5206,-17.2323],[[[0.0369276,-0.998787,-0.0325785],[-0.762924,-0.0071213,-0.646449],[-0.645432,-0.0487268,0.762262]],[[-0.0848855,-0.990179,0.111088],[-0.920625,0.035298,-0.38885],[-0.381109,0.135278,0.914579]],[[-0.0848855,-0.990179,0.111088],[-0.266115,-0.0849105,-0.960194],[-0.960196,0.111069,0.256294]],[[-0.0848855,-0.990179,0.111088],[0.502244,-0.138811,-0.853512],[-0.86055,0.0166577,-0.509094]]],3],[2274,[0.920209,0.247748,-0.303045],227,50.2784,[-101.391,77.389,-8.03039],[-101.08,77.1025,-7.21929],[-21.013,-34.8422,-6.10971],false,[-176.281,69.6524,71.1256],[-142.168,65.0005,24.7993],[-130.93,69.7489,-8.21498],[-113.014,74.5723,-14.1149],[-98.1716,77.8126,-6.1416],[[[0.0875238,-0.982715,0.163127],[-0.801898,-0.166659,-0.573746],[-0.591015,0.0805947,0.802624]],[[0.24203,-0.968598,-0.0569206],[-0.916223,-0.208849,-0.341932],[-0.319307,-0.13491,0.937999]],[[0.24203,-0.968598,-0.0569206],[-0.30763,-0.0209671,-0.951275],[-0.920209,-0.247748,0.303045]],[[0.24203,-0.968598,-0.0569206],[0.439369,0.161716,-0.88363],[-0.865087,-0.188856,-0.464712]]],4]],[[0,200,0],[235.247,235.247,147.751]]],[304581,5548873913,[[224,"right",[-0.379925,0.311129,-0.871123],[-0.895987,-0.357857,0.262957],[125.591,103.724,40.8113],[29.0664,-18.0024,-6.19518],[125.155,103.861,40.9194],0,0.686314,0.391167,[[0.239536,-0.887605,-0.393421],[0.889034,0.363375,-0.278525],[0.39018,-0.283047,0.876153]],63.72,[257.079,5.33474,320.116],[151.73,81.7576,83.5546]],[227,"left",[0.725135,0.138361,-0.674564],[0.688528,-0.13085,0.713307],[-159.428,106.913,32.6459],[-216.897,110.78,-125.034],[-155.137,105.498,36.0906],0,0.795762,0.191194,[[0.0700589,-0.938498,-0.338103],[-0.93176,0.0594782,-0.358169],[-0.356251,-0.340124,0.870288]],63.4269,[-297.032,1.17836,298.291],[-201.287,92.5894,64.3947]]],[[2240,[-0.850429,0.0859456,-0.519022],224,52.1164,[49.1016,119.32,50.8176],[49.6195,119.689,51.8715],[29.3212,-45.1452,44.0707],false,[136.799,101.927,101.199],[136.799,101.927,101.199],[94.0188,111.433,77.2979],[65.0229,114.364,59.6015],[44.9964,120.306,49.0485],[[[0.81978,0.0265104,-0.572065],[0.363927,0.747172,0.55614],[0.442174,-0.664102,0.602869]],[[0.515175,0.335968,-0.788492],[-0.0107002,0.922419,0.386042],[0.857018,-0.190442,0.478803]],[[0.515175,0.335968,-0.788492],[-0.106607,0.937944,0.329994],[0.850429,-0.0859456,0.519022]],[[0.515175,0.335968,-0.788492],[0.0486892,0.907012,0.41828],[0.855701,-0.253879,0.450912]]],0],[2241,[-0.864678,-0.0555066,-0.49925],224,58.8075,[71.3539,141.526,-22.5865],[70.7823,142.746,-19.7364],[-10.4884,20.4567,50.8333],false,[152.108,105.153,83.3906],[112.271,134.317,28.8471],[103.749,148.727,-10.7194],[82.8494,147.385,-22.7864],[67.46,140.959,-19.0737],[[[0.16287,-0.815681,-0.555102],[0.824789,0.421324,-0.377106],[0.541476,-0.396423,0.741386]],[[0.276554,-0.882295,-0.380885],[0.940302,0.33025,-0.0822668],[0.198371,-0.335395,0.920956]],[[0.276554,-0.882295,-0.380885],[0.419344,0.467412,-0.778252],[0.864678,0.0555066,0.49925]],[[0.276554,-0.882295,-0.380885],[-0.334991,0.282975,-0.898725],[0.900721,0.376138,-0.217303]]],1],[2242,[-0.941536,-0.0424948,-0.334222],224,67.0064,[66.0815,121.109,-30.6694],[66.9466,122.395,-30.2633],[-10.5014,27.3938,36.4798],false,[155.177,96.1678,75.5503],[119.228,115.735,19.0486],[104.96,127.191,-25.5435],[78.186,125.982,-35.0475],[61.9456,121.021,-26.9995],[[[0.0915194,-0.921534,-0.377359],[0.852138,0.268552,-0.449155],[0.515252,-0.280456,0.809852]],[[0.145497,-0.946026,-0.289597],[0.944034,0.220333,-0.245467],[0.296025,-0.237674,0.925138]],[[0.145497,-0.946026,-0.289597],[0.303876,0.321294,-0.8969],[0.941536,0.0424948,0.334222]],[[0.145497,-0.946026,-0.289597],[-0.48161,0.187965,-0.855991],[0.864223,0.264017,-0.428267]]],2],[2243,[-0.860068,-0.0430867,-0.508356],224,64.4285,[79.6382,95.3428,-39.2942],[78.9976,95.827,-38.5849],[-9.81982,42.3776,2.29274],false,[156.64,85.3741,69.8683],[126.704,94.4862,15.6042],[117.136,99.8331,-27.71],[93.3101,98.6396,-41.7925],[75.2062,95.5462,-38.3613],[[[0.101846,-0.970366,-0.21913],[0.87249,0.192949,-0.448923],[0.4779,-0.145468,0.866285]],[[0.13853,-0.978714,-0.151421],[0.966926,0.166725,-0.193022],[0.214159,-0.119673,0.96944]],[[0.13853,-0.978714,-0.151421],[0.491011,0.200655,-0.84773],[0.860068,0.0430867,0.508356]],[[0.13853,-0.978714,-0.151421],[-0.204802,0.12128,-0.971261],[0.968951,0.16556,-0.183641]]],3],[2244,[-0.83858,0.0118221,-0.54465],224,50.5107,[94.5435,74.571,-27.4688],[94.461,76.781,-27.3028],[-3.88609,-9.83261,-19.0152],false,[153.564,71.509,68.9433],[130.374,73.3922,15.8306],[123.94,74.6809,-18.9145],[107.539,74.9121,-29.5672],[90.4307,74.6361,-27.4835],[[[0.0109028,-0.999133,-0.0401863],[0.91648,0.0260584,-0.399231],[0.399932,-0.0324772,0.915969]],[[0.0113497,-0.999168,-0.0391627],[0.983242,0.0182783,-0.181387],[0.181952,-0.0364477,0.982632]],[[0.0113497,-0.999168,-0.0391627],[0.54466,0.0390227,-0.837749],[0.83858,-0.0118221,0.54465]],[[0.0113497,-0.999168,-0.0391627],[-0.12141,0.0374984,-0.991894],[0.992538,0.0160125,-0.120884]]],4],[2270,[0.988643,0.109735,-0.102678],227,51.8766,[-96.9987,131.948,69.5012],[-97.0597,131.778,69.4976],[-322.008,174.173,79.7685],false,[-196.651,118.569,79.7565],[-196.651,118.569,79.7565],[-148.355,129.213,74.9556],[-114.801,132.937,71.4708],[-91.6819,131.653,68.913],[[[-0.470145,-0.250999,-0.846146],[-0.599306,0.794587,0.097288],[-0.647917,-0.55284,0.523996]],[[-0.107656,0.0404286,-0.993366],[-0.208882,0.975951,0.0623574],[-0.971997,-0.21421,0.0966217]],[[-0.107656,0.0404286,-0.993366],[-0.104856,0.993138,0.0517831],[-0.988643,-0.109735,0.102678]],[[-0.107656,0.0404286,-0.993366],[0.0591891,0.997661,0.0341888],[-0.992425,0.0551158,0.109797]]],0],[2271,[0.989741,-0.0659831,-0.126726],227,58.537,[-85.8752,134.212,-12.6281],[-86.0646,134.958,-11.6933],[-42.8254,66.6236,64.0632],false,[-202.245,114.708,57.1616],[-143.123,135.102,19.0635],[-120.096,138.684,-16.7942],[-96.2839,137.097,-19.8431],[-83.1158,134.339,-9.43958],[[[0.132031,-0.944532,-0.30071],[-0.57513,0.174086,-0.799324],[-0.807337,-0.278483,0.520245]],[[-0.0852376,-0.984529,-0.153092],[-0.838338,0.153902,-0.522975],[-0.538445,-0.0837657,0.838487]],[[-0.0852376,-0.984529,-0.153092],[-0.114664,0.162323,-0.980053],[-0.989741,0.0659831,0.126726]],[[-0.0852376,-0.984529,-0.153092],[0.62708,0.066394,-0.77612],[-0.774277,0.162155,-0.61172]]],1],[2272,[0.996185,-0.0335631,-0.0805525],227,66.6982,[-77.3445,109.366,-22.1654],[-77.118,111.223,-17.7558],[-9.60818,61.41,105.991],false,[-201.145,103.714,51.8561],[-144.294,113.877,13.2868],[-116.737,112.389,-25.9603],[-88.5396,111.439,-28.2403],[-74.2779,111.159,-16.1398],[[[0.117841,-0.989218,-0.0869576],[-0.562115,0.0057391,-0.827039],[-0.818621,-0.146339,0.555377]],[[-0.0324475,-0.999359,0.0151188],[-0.817955,0.0178587,-0.575005],[-0.574366,0.031024,0.81801]],[[-0.0324475,-0.999359,0.0151188],[-0.0810083,-0.0124474,-0.996636],[-0.996185,0.0335631,0.0805525]],[[-0.0324475,-0.999359,0.0151188],[0.646257,-0.0325172,-0.762427],[-0.76243,0.0149683,-0.646898]]],2],[2273,[0.992172,-0.120042,-0.0344159],227,64.1321,[-83.9064,77.5561,-15.9899],[-84.9316,80.1648,-11.6468],[-28.4439,63.0182,100.663],false,[-199.547,91.8016,49.6032],[-148.724,91.6325,13.4817],[-123.099,82.7751,-21.7728],[-95.7407,79.465,-22.7218],[-82.1219,80.0162,-10.0683],[[[0.0381268,-0.99757,0.0583134],[-0.578068,-0.0696186,-0.813013],[-0.815097,0.00271154,0.579318]],[[-0.11287,-0.979954,0.164166],[-0.809503,-0.00511522,-0.587093],[-0.576164,0.199158,0.792698]],[[-0.11287,-0.979954,0.164166],[-0.0534329,-0.158997,-0.985832],[-0.992172,0.120042,0.0344159]],[[-0.11287,-0.979954,0.164166],[0.671595,-0.197007,-0.714247],[-0.732271,-0.0296365,-0.680368]]],3],[2274,[0.968127,0.236412,-0.0826977],227,50.2784,[-102.883,79.6425,-5.64405],[-103.59,81.1904,-3.30801],[-50.8003,70.9477,75.5927],false,[-195.989,78.8934,54.2317],[-151.448,71.0661,18.3673],[-132.257,73.3595,-11.0477],[-113.409,77.9622,-12.6577],[-100.996,82.0428,-1.53881],[[[0.0385179,-0.965244,0.258498],[-0.634827,-0.223415,-0.739649],[-0.771694,0.135611,0.621368]],[[0.243107,-0.96642,0.0832577],[-0.802247,-0.24857,-0.542782],[-0.54525,-0.0651608,0.835737]],[[0.243107,-0.96642,0.0832577],[-0.0602375,-0.100708,-0.993091],[-0.968127,-0.236412,0.0826977]],[[0.243107,-0.96642,0.0832577],[0.64609,0.0973079,-0.757033],[-0.72351,-0.237832,-0.64805]]],4]],[[0,200,0],[235.247,235.247,147.751]]],[304582,5548879069,[[224,"right",[-0.380056,0.312261,-0.870661],[-0.896141,-0.357454,0.262978],[125.579,103.74,40.805],[23.8,-14.4343,-5.36015],[125.228,103.84,40.8997],0,0.684171,0.396564,[[0.239277,-0.887796,-0.393147],[0.889103,0.363056,-0.278721],[0.390182,-0.282857,0.876214]],63.72,[257.069,5.3419,320.094],[151.72,81.7132,83.516]],[227,"left",[0.729695,0.138437,-0.669612],[0.683587,-0.12488,0.719106],[-159.816,107.362,32.2386],[-193.098,106.797,-117.3],[-155.85,105.782,35.5042],0,0.798658,0.197441,[[0.0757073,-0.938978,-0.335542],[-0.932634,0.0523783,-0.357002],[-0.352792,-0.339966,0.871757]],63.4269,[-296.673,1.63434,298.021],[-201.857,93.0028,63.7296]]],[[2240,[-0.850587,0.0870664,-0.518576],224,52.1164,[49.1705,119.276,50.9128],[49.6234,119.74,51.9083],[24.4814,-35.8062,37.8986],false,[136.811,101.876,101.186],[136.811,101.876,101.186],[94.0274,111.438,77.313],[65.0261,114.407,59.6319],[44.9989,120.363,49.0885],[[[0.819562,0.0264656,-0.572379],[0.364708,0.746359,0.556719],[0.441934,-0.665017,0.602035]],[[0.515082,0.336369,-0.788382],[-0.0098556,0.922044,0.386959],[0.857084,-0.191546,0.478244]],[[0.515082,0.336369,-0.788382],[-0.105792,0.937697,0.330958],[0.850587,-0.0870664,0.518576]],[[0.515082,0.336369,-0.788382],[0.0491089,0.906689,0.418931],[0.855733,-0.2545,0.450501]]],0],[2241,[-0.864916,-0.0544295,-0.498957],224,58.8075,[71.3445,141.552,-22.5161],[70.7758,142.858,-19.6833],[-8.96604,20.6954,44.0266],false,[152.115,105.108,83.3746],[112.277,134.356,28.8762],[103.75,148.808,-10.6735],[82.8444,147.492,-22.7335],[67.452,141.073,-19.0204],[[[0.162039,-0.815257,-0.555967],[0.824943,0.421085,-0.377036],[0.541491,-0.397546,0.740773]],[[0.275774,-0.882139,-0.381811],[0.940505,0.329654,-0.0823266],[0.198489,-0.336392,0.920566]],[[0.275774,-0.882139,-0.381811],[0.419367,0.467834,-0.777986],[0.864916,0.0544295,0.498957]],[[0.275774,-0.882139,-0.381811],[-0.335155,0.284042,-0.898327],[0.900899,0.375701,-0.217321]]],1],[2242,[-0.94154,-0.0413684,-0.334352],224,67.0064,[66.0641,121.16,-30.5921],[66.913,122.524,-30.2246],[-9.08642,27.1347,30.6977],false,[155.174,96.1287,75.5243],[119.217,115.777,19.0566],[104.954,127.287,-25.5233],[78.1796,126.111,-35.0311],[61.9335,121.156,-26.9906],[[[0.0906834,-0.921231,-0.378298],[0.85215,0.268363,-0.449246],[0.515381,-0.281627,0.809363]],[[0.144722,-0.945864,-0.29051],[0.94419,0.219816,-0.24533],[0.295908,-0.238792,0.924888]],[[0.144722,-0.945864,-0.29051],[0.304234,0.321915,-0.896556],[0.94154,0.0413684,0.334352]],[[0.144722,-0.945864,-0.29051],[-0.481307,0.189231,-0.855883],[0.864522,0.26369,-0.427865]]],2],[2243,[-0.859698,-0.0413397,-0.509127],224,64.4285,[79.5999,95.4772,-39.2833],[78.9614,95.9904,-38.6286],[-9.51208,40.7946,0.0717864],false,[156.627,85.3395,69.8312],[126.675,94.5267,15.5884],[117.092,99.941,-27.7142],[93.277,98.7958,-41.8181],[75.1626,95.7202,-38.4268],[[[0.101039,-0.970226,-0.22012],[0.872446,0.192745,-0.449096],[0.478152,-0.146667,0.865944]],[[0.13755,-0.978638,-0.152801],[0.966995,0.166084,-0.193229],[0.214479,-0.121179,0.969182]],[[0.13755,-0.978638,-0.152801],[0.491934,0.201394,-0.847019],[0.859698,0.0413397,0.509127]],[[0.13755,-0.978638,-0.152801],[-0.202781,0.123177,-0.971446],[0.969515,0.164608,-0.181506]]],3],[2244,[-0.838913,0.0103508,-0.544167],224,50.5107,[94.5224,74.5756,-27.506],[94.3638,76.7072,-27.3474],[-7.09126,-10.2792,-16.7698],false,[153.54,71.4776,68.8939],[130.33,73.4298,15.7927],[123.83,74.6485,-18.9426],[107.422,74.8509,-29.5859],[90.3119,74.5708,-27.5157],[[[0.0101494,-0.999101,-0.0411676],[0.916334,0.0257734,-0.399585],[0.400287,-0.0336677,0.915771]],[[0.0118503,-0.999235,-0.0372757],[0.982888,0.0184933,-0.183275],[0.183824,-0.034466,0.982355]],[[0.0118503,-0.999235,-0.0372757],[0.544137,0.0377196,-0.838148],[0.838913,-0.0103508,0.544167]],[[0.0118503,-0.999235,-0.0372757],[-0.120613,0.0355778,-0.992062],[0.992629,0.0162521,-0.120099]]],4],[2270,[0.98887,0.11403,-0.0955671],227,51.8766,[-97.593,132.647,69.4714],[-97.8337,132.676,69.4577],[-293.161,174.637,65.0966],false,[-197.446,119.068,79.0123],[-197.446,119.068,79.0123],[-149.157,129.886,74.5339],[-115.596,133.756,71.2905],[-92.4508,132.593,68.9162],[[[-0.462622,-0.256632,-0.8486],[-0.603304,0.792504,0.0892289],[-0.64962,-0.553242,0.521457]],[[-0.100208,0.0356681,-0.994327],[-0.21327,0.975359,0.0564809],[-0.971841,-0.21772,0.0901314]],[[-0.100208,0.0356681,-0.994327],[-0.109975,0.992837,0.0466978],[-0.98887,-0.11403,0.0955671]],[[-0.100208,0.0356681,-0.994327],[0.0532791,0.998116,0.0304346],[-0.993539,0.0499271,0.101919]]],0],[2271,[0.9909,-0.0622895,-0.119324],227,58.537,[-85.9582,134.454,-12.4824],[-86.2455,135.525,-11.6796],[-41.7117,73.9814,53.4579],false,[-202.851,115.086,56.3926],[-143.524,135.559,18.6576],[-120.26,139.087,-17.0518],[-96.4194,137.588,-19.9227],[-83.3177,134.931,-9.40959],[[[0.13822,-0.945275,-0.29555],[-0.569714,0.168213,-0.804444],[-0.810136,-0.27957,0.515286]],[[-0.0799497,-0.98553,-0.149458],[-0.835268,0.148065,-0.529533],[-0.544,-0.0825014,0.835019]],[[-0.0799497,-0.98553,-0.149458],[-0.108288,0.157638,-0.981542],[-0.990899,0.0622895,0.119324]],[[-0.0799497,-0.98553,-0.149458],[0.632568,0.0657157,-0.771712],[-0.770367,0.156241,-0.618162]]],1],[2272,[0.997106,-0.0293777,-0.0701243],227,66.6982,[-77.3592,109.529,-21.9274],[-77.1526,111.814,-17.4956],[-8.27925,70.5378,99.4708],false,[-201.665,104.073,51.1439],[-144.564,114.305,12.9652],[-116.663,112.777,-26.0373],[-88.4396,111.946,-28.0222],[-74.3191,111.782,-15.7551],[[[0.122581,-0.989088,-0.0817186],[-0.555793,-0.000197329,-0.831321],[-0.822234,-0.147323,0.549752]],[[-0.0281077,-0.999424,0.0190291],[-0.81305,0.0117834,-0.582074],[-0.581515,0.0318324,0.812913]],[[-0.0281077,-0.999424,0.0190291],[-0.070643,-0.017003,-0.997357],[-0.997106,0.0293777,0.0701243]],[[-0.0281077,-0.999424,0.0190291],[0.655255,-0.0327978,-0.754695],[-0.754884,0.00874386,-0.655799]]],2],[2273,[0.992602,-0.116739,-0.0333594],227,64.1321,[-83.9754,77.6996,-15.8461],[-84.9655,80.7087,-11.6946],[-24.8491,70.0781,79.5592],false,[-200,92.1578,48.9555],[-148.903,92.0428,13.2238],[-123.147,83.16,-21.9285],[-95.7763,79.941,-22.8484],[-82.1585,80.5774,-10.1977],[[[0.0417932,-0.99714,0.0629753],[-0.571542,-0.075559,-0.817086],[-0.819508,0.00184434,0.573065]],[[-0.109611,-0.979798,0.167277],[-0.807842,-0.0102364,-0.58931],[-0.579117,0.199729,0.7904]],[[-0.109611,-0.979798,0.167277],[-0.0522132,-0.162383,-0.985345],[-0.992602,0.116739,0.0333594]],[[-0.109611,-0.979798,0.167277],[0.672196,-0.197042,-0.713672],[-0.732215,-0.0342166,-0.680214]]],3],[2274,[0.967666,0.239912,-0.0778786],227,50.2784,[-102.996,79.8709,-5.45738],[-103.61,81.7085,-3.22944],[-42.6533,75.7169,65.0291],false,[-196.425,79.2848,53.6675],[-151.58,71.4867,18.1786],[-132.198,73.7242,-11.1156],[-113.359,78.395,-12.6318],[-101.026,82.5787,-1.46146],[[[0.0405203,-0.963941,0.263013],[-0.628225,-0.229269,-0.743484],[-0.776975,0.135105,0.614862]],[[0.246448,-0.965029,0.0893443],[-0.797518,-0.254319,-0.547071],[-0.550661,-0.0635709,0.832305]],[[0.246448,-0.965029,0.0893443],[-0.0537203,-0.105649,-0.992951],[-0.967666,-0.239912,0.0778786]],[[0.246448,-0.965029,0.0893443],[0.650066,0.0962286,-0.75376],[-0.718803,-0.243843,-0.651048]]],4]],[[0,200,0],[235.247,235.247,147.751]]],[304583,5548918496,[[224,"right",[-0.331493,0.351369,-0.875587],[-0.918488,-0.332289,0.21439],[121.482,108.772,42.1779],[-72.6287,92.8123,24.975],[122.462,107.482,41.8436],0,0.672458,0.497274,[[0.228187,-0.884497,-0.406935],[0.882208,0.36465,-0.297893],[0.411874,-0.291026,0.863518]],63.72,[256.2,5.98475,318.384],[144.994,84.5619,85.2337]],[227,"left",[0.55634,0.20764,-0.804594],[0.830638,-0.165725,0.531579],[-150.352,108.72,41.2306],[133.899,52.1764,143.431],[-152.969,107.321,38.5046],0,0.801527,0.307126,[[0.0281954,-0.930038,-0.36638],[-0.902567,0.133844,-0.409216],[-0.429624,-0.342221,0.835648]],63.4269,[-299.467,-1.01824,304.772],[-184.002,90.9564,80.1847]]],[[2240,[-0.824101,0.131504,-0.550967],224,52.1164,[46.4754,124.715,50.3104],[45.7226,127.033,50.5448],[-68.9411,131.088,-17.1058],false,[130.062,104.723,102.886],[130.062,104.723,102.886],[88.6901,116.549,77.5811],[60.5919,121.032,58.7955],[41.2406,127.87,47.5482],[[[0.8436,0.0135599,-0.536801],[0.366603,0.715902,0.594212],[0.392354,-0.69807,0.598963]],[[0.559516,0.340632,-0.755587],[0.00631609,0.909864,0.414859],[0.828795,-0.236893,0.506932]],[[0.559516,0.340632,-0.755587],[-0.088314,0.930955,0.354293],[0.824101,-0.131504,0.550967]],[[0.559516,0.340632,-0.755587],[0.0570504,0.893652,0.44512],[0.826854,-0.292158,0.48058]]],0],[2241,[-0.846752,-0.0122023,-0.531848],224,58.8075,[71.0802,145.625,-21.1522],[70.6098,151.44,-19.2119],[-7.28315,168.333,21.2748],false,[146.213,107.921,85.8334],[109.78,140.188,30.6615],[103.296,155.993,-8.7586],[82.8297,155.698,-21.6136],[67.1114,149.695,-18.6437],[[[0.156899,-0.803864,-0.573747],[0.85448,0.401796,-0.329277],[0.495223,-0.438593,0.749927]],[[0.261367,-0.880302,-0.395924],[0.953369,0.299567,-0.0367001],[0.150913,-0.36787,0.91755]],[[0.261367,-0.880302,-0.395924],[0.463355,0.474257,-0.748587],[0.846752,0.0122023,0.531848]],[[0.261367,-0.880302,-0.395924],[-0.292112,0.31881,-0.901682],[0.919977,0.351324,-0.17382]]],1],[2242,[-0.926809,0.00277821,-0.375522],224,67.0064,[65.6639,126.854,-29.9123],[66.5458,131.74,-30.5749],[-8.63585,183.403,-2.32959],false,[149.287,99.0718,77.8424],[116.476,121.668,20.5676],[104.586,134.983,-24.2055],[78.2311,135.062,-34.884],[61.4835,130.47,-27.7028],[[[0.0743806,-0.912368,-0.402558],[0.87937,0.250382,-0.404991],[0.470294,-0.323874,0.820932]],[[0.123981,-0.94164,-0.312957],[0.961138,0.19236,-0.19802],[0.246664,-0.276245,0.928895]],[[0.123981,-0.94164,-0.312957],[0.354476,0.336609,-0.872376],[0.926809,-0.00277821,0.375522]],[[0.123981,-0.94164,-0.312957],[-0.436312,0.231533,-0.869496],[0.891213,0.244348,-0.382144]]],2],[2243,[-0.836615,0.00706425,-0.547746],224,64.4285,[78.6654,103.354,-39.8543],[78.0458,105.198,-39.4637],[-20.2597,186.656,-15.5717],false,[150.602,88.4094,71.883],[123.326,100.272,16.7553],[115.708,107.369,-26.6942],[92.5317,107.565,-41.8678],[74.1692,105.083,-39.4693],[[[0.0762738,-0.966345,-0.24568],[0.896981,0.174106,-0.406341],[0.43544,-0.189377,0.880073]],[[0.108805,-0.977851,-0.178798],[0.979329,0.136298,-0.149458],[0.170518,-0.15884,0.972468]],[[0.108805,-0.977851,-0.178798],[0.536877,0.209183,-0.817316],[0.836615,-0.00706425,0.547746]],[[0.108805,-0.977851,-0.178798],[-0.14928,0.161753,-0.975475],[0.98279,0.132828,-0.128374]]],3],[2244,[-0.813452,0.0448184,-0.579902],224,50.5107,[92.9079,79.2116,-28.3588],[92.1162,84.0504,-28.2301],[-46.5357,140.106,-21.2533],false,[147.075,74.7022,70.3897],[126.228,79.0594,16.4575],[121.057,81.0402,-18.4655],[105.147,81.9168,-29.8077],[87.953,82.1337,-28.6123],[[[-0.023104,-0.997164,-0.0716311],[0.932847,0.00426451,-0.360247],[0.359531,-0.075144,0.930103]],[[-0.0163678,-0.998396,-0.0542025],[0.989115,-0.00823983,-0.146912],[0.14623,-0.0560171,0.987663]],[[-0.0163678,-0.998396,-0.0542025],[0.581401,0.0345994,-0.812881],[0.813452,-0.0448184,0.579902]],[[-0.0163678,-0.998396,-0.0542025],[-0.0685594,0.0552028,-0.996119],[0.997513,-0.0125882,-0.0693529]]],4],[2270,[0.940268,0.143398,-0.308761],227,51.8766,[-81.5239,132.569,65.2958],[-81.5862,132.404,65.2917],[239.337,37.2065,-63.8313],false,[-176.316,115.825,96.1505],[-176.316,115.825,96.1505],[-130.37,128.007,81.68],[-98.458,132.874,71.201],[-76.4643,132.478,63.5316],[[[-0.643625,-0.199191,-0.738965],[-0.570111,0.768953,0.289282],[-0.510607,-0.607481,0.608479]],[[-0.325396,0.111973,-0.938925],[-0.197594,0.96299,0.183322],[-0.924702,-0.245178,0.291228]],[[-0.325396,0.111973,-0.938925],[-0.100067,0.98331,0.151946],[-0.940268,-0.143398,0.308761]],[[-0.325396,0.111973,-0.938925],[0.0528377,0.993566,0.100177],[-0.9441,0.0170133,0.329219]]],0],[2271,[0.935046,-0.0278776,-0.353429],227,58.537,[-88.7601,140.45,-15.4447],[-89.2616,142.046,-16.047],[-71.7311,144.199,-72.0172],false,[-186.742,113.522,75.1094],[-137.721,138.269,26.6601],[-123.728,145.243,-13.1445],[-101.232,144.572,-21.6477],[-86.0521,141.396,-14.6674],[[[0.0707727,-0.915515,-0.396008],[-0.73952,0.218267,-0.636765],[-0.669404,-0.337922,0.661594]],[[-0.107672,-0.972146,-0.20818],[-0.938804,0.168333,-0.300516],[-0.327189,-0.163083,0.93078]],[[-0.107672,-0.972146,-0.20818],[-0.337782,0.232712,-0.912003],[-0.935046,0.0278776,0.353429]],[[-0.107672,-0.972146,-0.20818],[0.437883,0.141621,-0.887807],[-0.892561,0.18675,-0.410438]]],1],[2272,[0.95479,-0.00107972,-0.297278],227,66.6982,[-79.5529,114.018,-24.05],[-81.3708,118.981,-25.5332],[-87.1892,155.811,-126.032],false,[-186.744,102.99,68.841],[-139.948,117.513,19.626],[-121.772,119.711,-24.7221],[-94.7464,119.68,-33.1367],[-78.2113,118.867,-24.4288],[[[0.104709,-0.976458,-0.188589],[-0.731425,0.0528738,-0.679869],[-0.673834,-0.209128,0.70867]],[[-0.018951,-0.998181,-0.057241],[-0.925269,0.0392021,-0.377281],[-0.378838,-0.0458134,0.924328]],[[-0.018951,-0.998181,-0.057241],[-0.296676,0.0602869,-0.953073],[-0.95479,0.00107972,0.297278]],[[-0.018951,-0.998181,-0.057241],[0.467165,0.041777,-0.883182],[-0.883967,0.0434782,-0.465524]]],2],[2273,[0.958586,-0.0891671,-0.270485],227,64.1321,[-85.2615,80.6134,-17.738],[-87.6016,87.4287,-20.8669],[-62.3226,149.335,-152.717],false,[-185.575,91.3258,65.3581],[-144.02,95.2072,19.0346],[-127.098,89.8276,-21.7407],[-100.665,87.3689,-29.1992],[-84.5122,87.3225,-19.9811],[[[0.0592457,-0.997779,-0.0304558],[-0.743183,-0.0237183,-0.668668],[-0.66646,-0.0622499,0.742937]],[[-0.0627186,-0.992502,0.104913],[-0.922649,0.0175824,-0.385241],[-0.380508,0.120959,0.916833]],[[-0.0627186,-0.992502,0.104913],[-0.277811,-0.0836036,-0.956991],[-0.958586,0.0891671,0.270485]],[[-0.0627186,-0.992502,0.104913],[0.491671,-0.122205,-0.862163],[-0.868519,0.00249104,-0.495649]]],3],[2274,[0.916302,0.26692,-0.29857],227,50.2784,[-103.764,83.483,-7.5942],[-104.052,87.1954,-8.84312],[-23.483,124.532,-93.8477],false,[-180.963,78.2054,68.0558],[-145.406,74.2676,22.761],[-133.741,79.1475,-10.086],[-115.902,84.3441,-15.8988],[-101.15,87.9896,-7.93167],[[[0.103687,-0.980551,0.166641],[-0.780862,-0.184026,-0.596983],[-0.616039,0.0682236,0.784756]],[[0.264546,-0.96312,-0.0491381],[-0.905638,-0.230601,-0.355869],[-0.331413,-0.138645,0.933243]],[[0.264546,-0.96312,-0.0491381],[-0.300675,-0.0339603,-0.953122],[-0.916302,-0.26692,0.29857]],[[0.264546,-0.96312,-0.0491381],[0.436786,0.165091,-0.884287],[-0.859787,-0.212472,-0.464351]]],4]],[[0,200,0],[235.247,235.247,147.751]]],[304584,5548939348,[[224,"right",[-0.325459,0.361837,-0.873585],[-0.923482,-0.320099,0.211464],[120.573,111.091,42.0065],[-57.3963,102.448,7.55807],[121.503,109.314,41.9263],0,0.66717,0.537018,[[0.217307,-0.886126,-0.409338],[0.883874,0.356578,-0.302686],[0.414179,-0.296027,0.860711]],63.72,[255.514,6.33272,317.317],[143.685,86.2601,84.9253]],[227,"left",[0.509116,0.236104,-0.827681],[0.860535,-0.158344,0.484156],[-148.371,109.993,42.9231],[113.498,56.849,110.764],[-151.646,108.09,39.7757],0,0.805896,0.350277,[[0.0279178,-0.929403,-0.368008],[-0.894109,0.141403,-0.42494],[-0.446978,-0.340903,0.82704]],63.4269,[-299.693,-0.911621,305.451],[-179.564,90.7087,83.177]]],[[2240,[-0.821431,0.145032,-0.551558],224,52.1164,[45.6359,127.497,50.0923],[45.0786,130.257,50.3587],[-49.3217,142.732,-13.1476],false,[129.035,106.525,102.694],[129.035,106.525,102.694],[87.8632,119.12,77.4346],[59.856,124.064,58.6289],[40.6061,131.115,47.3391],[[[0.844214,0.00458692,-0.535987],[0.376541,0.706588,0.599124],[0.38147,-0.70761,0.594784]],[[0.565109,0.337269,-0.752928],[0.0192938,0.90697,0.420752],[0.82479,-0.252298,0.50603]],[[0.565109,0.337269,-0.752928],[-0.0768246,0.930169,0.359003],[0.821431,-0.145032,0.551558]],[[0.565109,0.337269,-0.752928],[0.064128,0.891904,0.447654],[0.82252,-0.301257,0.482395]]],0],[2241,[-0.848321,0.000626968,-0.529483],224,58.8075,[70.833,148.557,-20.4781],[70.3031,154.761,-19.0805],[-13.0742,162.409,14.6562],false,[145.248,109.595,85.6765],[109.345,142.749,30.6829],[103.001,158.817,-8.65328],[82.4969,158.832,-21.4511],[66.7146,153.012,-18.4578],[[[0.145589,-0.80238,-0.578783],[0.860613,0.391278,-0.325956],[0.488005,-0.450653,0.747504]],[[0.249257,-0.88179,-0.400396],[0.957114,0.287343,-0.0369857],[0.147664,-0.374005,0.915596]],[[0.249257,-0.88179,-0.400396],[0.467144,0.471641,-0.747885],[0.848321,-0.000626968,0.529483]],[[0.249257,-0.88179,-0.400396],[-0.290885,0.326184,-0.899439],[0.923719,0.34066,-0.175195]]],1],[2242,[-0.926244,0.0187856,-0.376456],224,67.0064,[65.3167,130.414,-29.7066],[66.0395,135.325,-30.625],[-16.1298,177.676,-3.11825],false,[148.199,100.752,77.6312],[115.777,124.197,20.4755],[104.147,137.97,-24.2271],[77.8081,138.504,-34.9322],[60.9892,134.113,-27.7922],[[[0.0613207,-0.910756,-0.408367],[0.883342,0.240004,-0.402623],[0.464701,-0.336038,0.819226]],[[0.110471,-0.941369,-0.318781],[0.964146,0.179372,-0.195574],[0.241287,-0.285746,0.927432]],[[0.110471,-0.941369,-0.318781],[0.360372,0.336857,-0.869862],[0.926244,-0.0187856,0.376456]],[[0.110471,-0.941369,-0.318781],[-0.432166,0.243337,-0.868343],[0.895002,0.233693,-0.379946]]],2],[2243,[-0.835433,0.0237169,-0.54908],224,64.4285,[77.9725,106.807,-40.1128],[77.1628,108.734,-39.7393],[-32.2544,177.811,-14.2076],false,[149.362,90.1104,71.6044],[122.316,102.728,16.5312],[114.81,110.242,-26.8676],[91.6665,110.899,-42.0783],[73.2599,108.685,-39.7577],[[[0.0622712,-0.965764,-0.251839],[0.899829,0.163487,-0.40445],[0.431775,-0.201426,0.879203]],[[0.0942557,-0.978083,-0.185659],[0.981271,0.122744,-0.148464],[0.167999,-0.168188,0.971334]],[[0.0942557,-0