{"metadata":{"formatVersion":2,"generatedBy":"LeapJS Playback 0.2.1","frames":62,"protocolVersion":6,"serviceVersion":"2.2.6+29154","frameRate":"46","modified":"Thu Jun 04 2015 15:09:05 GMT-0300 (E. South America Standard Time)"},"frames":[["id","timestamp",{"hands":[["id","type","direction","palmNormal","palmPosition","palmVelocity","stabilizedPalmPosition","pinchStrength","grabStrength","confidence","armBasis","armWidth","elbow","wrist"]]},{"pointables":[["id","direction","handId","length","stabilizedTipPosition","tipPosition","tipVelocity","tool","carpPosition","mcpPosition","pipPosition","dipPosition","btipPosition","bases","type"]]},{"interactionBox":["center","size"]}],[304484,5546690127,[[224,"right",[-0.267039,0.154608,-0.951203],[-0.921362,-0.330264,0.204981],[109.256,140.566,38.9102],[-77.4993,114.898,-18.7629],[113.601,136.29,39.8259],0,0.358919,0.928899,[[0.224131,-0.869471,-0.44021],[0.931918,0.323366,-0.164206],[0.285122,-0.373436,0.882752]],63.72,[206.793,25.7186,325.975],[129.81,126.546,87.6315]],[227,"left",[0.268628,0.371811,-0.888592],[0.962977,-0.12538,0.238652],[-141.213,126.551,44.4835],[-12.7493,137.085,-31.8485],[-141.1,118.3,47.4868],0,0.468421,0.745727,[[0.00145156,-0.903924,-0.42769],[-0.852198,0.222657,-0.473479],[-0.523217,-0.365164,0.77]],63.4269,[-300.584,1.98476,295.192],[-159.965,100.125,88.2482]]],[[2240,[-0.790478,0.0867742,-0.606313],224,52.1164,[35.2896,163.037,41.2761],[32.4966,169.005,40.8181],[-64.895,146.537,0.00360722],false,[112.721,148.995,99.6755],[112.721,148.995,99.6755],[73.1462,158.374,70.7328],[46.1944,161.332,50.0602],[27.9724,169.391,37.7827],[[[0.885643,-0.0491227,-0.461761],[0.288943,0.836736,0.465171],[0.363522,-0.545398,0.755243]],[[0.609182,0.214133,-0.763573],[0.0193009,0.958567,0.284214],[0.792795,-0.187876,0.579809]],[[0.609182,0.214133,-0.763573],[-0.063573,0.972943,0.222129],[0.790478,-0.0867742,0.606313]],[[0.609182,0.214133,-0.763573],[0.150608,0.914093,0.376499],[0.778597,-0.344357,0.524599]]],0],[2241,[-0.785538,-0.09321,-0.611754],224,58.8075,[64.346,168.499,-35.1875],[62.6418,172.338,-36.0002],[-90.6938,145.651,12.7817],false,[130.157,149.598,83.6289],[97.4986,168.457,20.4605],[93.2557,178.192,-21.1688],[74.269,175.939,-35.9551],[58.1913,170.321,-34.5889],[[[0.23361,-0.891963,-0.387078],[0.865083,0.37241,-0.336067],[0.443911,-0.256346,0.858621]],[[0.301,-0.921314,-0.246131],[0.948496,0.315967,-0.0227825],[0.098759,-0.226596,0.968969]],[[0.301,-0.921314,-0.246131],[0.540675,0.377483,-0.751783],[0.785538,0.09321,0.611754]],[[0.301,-0.921314,-0.246131],[-0.154599,0.207542,-0.965932],[0.941009,0.328797,-0.0799636]]],1],[2242,[-0.808219,-0.0595361,-0.585864],224,67.0064,[65.4392,147.194,-48.2992],[64.1613,149.859,-49.0025],[-104.662,165.808,4.18415],false,[134.214,139.518,77.8361],[105.68,148.68,14.8325],[100.158,154.358,-32.7128],[77.1756,152.665,-49.3727],[58.8228,149.171,-47.3461],[[[0.140514,-0.968725,-0.204516],[0.90166,0.210534,-0.377737],[0.408981,-0.131326,0.903044]],[[0.170728,-0.975837,-0.136359],[0.978637,0.184028,-0.0916743],[0.114553,-0.117795,0.986409]],[[0.170728,-0.975837,-0.136359],[0.56359,0.210232,-0.798855],[0.808219,0.0595361,0.585864]],[[0.170728,-0.975837,-0.136359],[-0.130589,0.114761,-0.984772],[0.976626,0.185935,-0.107841]]],2],[2243,[-0.81584,-0.128037,-0.563925],224,64.4285,[64.9667,116.389,-43.3501],[63.1694,119.277,-44.4234],[-106.813,155.778,2.99387],false,[136.408,127.972,74.2549],[113.576,127.333,15.9278],[99.1566,124.805,-26.2856],[76.5562,121.258,-41.9074],[58.1468,118.461,-43.4443],[[[0.130794,-0.990589,-0.0403349],[0.921973,0.136491,-0.362404],[0.364498,0.0102126,0.931148]],[[0.149561,-0.988719,0.00811208],[0.934603,0.138688,-0.32754],[0.32272,0.0565687,0.944803]],[[0.149561,-0.988719,0.00811208],[0.558602,0.0777229,-0.825786],[0.81584,0.128037,0.563925]],[[0.149561,-0.988719,0.00811208],[0.0825413,0.00430924,-0.996578],[0.985301,0.149719,0.0822547]]],3],[2244,[-0.792405,0.115435,-0.598973],224,50.5107,[80.9703,111.508,-27.2208],[78.8347,113.561,-28.1388],[-102.535,151.783,-9.7585],false,[133.503,114.077,75.2715],[117.23,106.654,20.1135],[106.752,111.25,-13.3433],[91.2536,113.508,-25.0585],[74.2764,114.764,-27.7617],[[[0.0179554,-0.991593,0.128144],[0.959649,-0.018881,-0.280567],[0.280628,0.128011,0.951242]],[[-0.0543454,-0.991386,-0.119166],[0.953536,-0.016108,-0.300849],[0.296338,-0.129979,0.946197]],[[-0.0543454,-0.991386,-0.119166],[0.60757,0.0618766,-0.791853],[0.792405,-0.115435,0.598973]],[[-0.0543454,-0.991386,-0.119166],[0.164161,0.108848,-0.98041],[0.984935,-0.0728433,0.156832]]],4],[2270,[0.786796,0.308569,-0.534544],227,51.8766,[-69.3557,152.089,56.7712],[-71.4183,161.24,53.0847],[-39.7633,188.33,-6.34688],false,[-149.884,123.612,104.956],[-149.884,123.612,104.956],[-111.709,143.603,80.219],[-85.0065,154.075,62.0772],[-66.6784,161.271,49.627],[[[-0.81802,-0.18543,-0.54448],[-0.517241,0.651218,0.555316],[-0.251603,-0.735887,0.628622]],[[-0.600968,0.185606,-0.777424],[-0.22037,0.896486,0.384383],[-0.768293,-0.402323,0.497857]],[[-0.600968,0.185606,-0.777424],[-0.140674,0.932918,0.331475],[-0.786796,-0.308569,0.534544]],[[-0.600968,0.185606,-0.777424],[-0.140923,0.93282,0.331644],[-0.786751,-0.308865,0.534439]]],0],[2271,[0.741868,0.17458,-0.64742],227,58.537,[-97.4622,170.832,-26.0542],[-99.5747,177.333,-26.7666],[-44.0086,205.809,2.67476],false,[-165.948,122.628,87.702],[-136.033,158.996,31.6187],[-129.327,172.861,-8.27606],[-111.478,177.062,-23.8525],[-94.688,176.692,-26.5334],[[[0.0227467,-0.844317,-0.535361],[-0.912476,0.201274,-0.356198],[-0.408498,-0.496607,0.76584]],[[-0.0747338,-0.93797,-0.338565],[-0.984797,0.12281,-0.122854],[-0.156813,-0.324236,0.932888]],[[-0.0747338,-0.93797,-0.338565],[-0.666368,0.299555,-0.682804],[-0.741868,-0.17458,0.64742]],[[-0.0747338,-0.93797,-0.338565],[-0.14049,0.346032,-0.927645],[-0.987258,0.0217616,0.157635]]],1],[2272,[0.839884,0.198962,-0.504985],227,66.6982,[-85.7934,151.912,-34.8572],[-86.591,158.366,-35.1412],[-51.8959,225.025,-20.3071],false,[-166.979,113.024,80.1583],[-138.571,139.142,22.4198],[-125.717,151.992,-21.9831],[-101.944,157.623,-36.277],[-83.3079,158.729,-35.1055],[[[0.122567,-0.925506,-0.358352],[-0.904241,0.0446829,-0.424679],[-0.409055,-0.376088,0.831403]],[[0.0733649,-0.963467,-0.257583],[-0.960648,0.00111076,-0.277767],[-0.267906,-0.267824,0.925471]],[[0.0733649,-0.963467,-0.257583],[-0.537785,0.179291,-0.823797],[-0.839884,-0.198962,0.504985]],[[0.0733649,-0.963467,-0.257583],[0.0451136,0.26122,-0.964224],[-0.996284,-0.0591197,-0.0626299]]],2],[2273,[0.907106,0.102746,-0.408168],227,64.1321,[-85.675,117.098,-30.6749],[-85.4139,125.603,-31.2233],[2.04057,212.18,-11.9581],false,[-165.964,102.109,74.7381],[-140.789,116.745,19.6038],[-124.081,121.417,-21.3465],[-99.0676,124.251,-32.6015],[-80.8418,125.339,-29.0623],[[[0.12885,-0.97148,-0.199057],[-0.905752,-0.0335662,-0.422477],[-0.403746,-0.234733,0.884245]],[[0.0753725,-0.993725,-0.0826393],[-0.923673,-0.0383532,-0.381258],[-0.375696,-0.105068,0.920768]],[[0.0753725,-0.993725,-0.0826393],[-0.414098,0.044198,-0.909159],[-0.907106,-0.102746,0.408168]],[[0.0753725,-0.993725,-0.0826393],[0.184273,0.0953285,-0.978241],[-0.979981,-0.0585043,-0.190302]]],3],[2274,[0.849682,0.343851,-0.399758],227,50.2784,[-99.8493,106.848,-17.5606],[-98.7238,114.459,-18.0642],[1.22693,212.275,-23.4155],false,[-159.693,89.4297,73.9492],[-139.265,95.4973,20.3088],[-127.997,105.463,-11.5111],[-111.455,112.158,-19.2939],[-95.15,116.581,-16.2986],[[[0.229128,-0.973129,-0.0228178],[-0.906773,-0.204864,-0.368503],[-0.353926,-0.105125,0.929347]],[[0.289585,-0.937863,-0.19119],[-0.902023,-0.200594,-0.382253],[-0.32015,-0.283152,0.904062]],[[0.289585,-0.937863,-0.19119],[-0.440659,0.0466866,-0.89646],[-0.849682,-0.343851,0.399758]],[[0.289585,-0.937863,-0.19119],[0.114434,0.23224,-0.965903],[-0.950287,-0.257833,-0.174577]]],4]],[[0,200,0],[235.247,235.247,147.751]]],[304485,5546700962,[[224,"right",[-0.266317,0.158295,-0.950799],[-0.922001,-0.329458,0.2034],[108.518,141.766,38.7051],[-74.5148,113.574,-18.8155],[112.48,137.497,39.5789],0,0.368684,0.929775,[[0.220812,-0.867587,-0.445572],[0.931185,0.323403,-0.168241],[0.290063,-0.37776,0.879295]],63.72,[207.341,25.551,324.798],[129.024,127.546,87.3882]],[227,"left",[0.277734,0.363004,-0.889433],[0.960456,-0.123939,0.249328],[-141.736,128.469,44.4901],[-24.1231,149.875,-21.445],[-141.178,119.542,47.1208],0,0.476248,0.735471,[[0.0117523,-0.902528,-0.430472],[-0.854714,0.214364,-0.472771],[-0.518967,-0.373486,0.768883]],63.4269,[-300.42,2.10483,294.963],[-160.944,102.482,88.3198]]],[[2240,[-0.789972,0.089786,-0.606533],224,52.1164,[34.2531,164.609,41.0494],[31.7982,170.268,40.6587],[-64.5296,137.636,-4.88554],false,[111.966,149.982,99.5005],[111.966,149.982,99.5005],[72.4223,159.501,70.5611],[45.4878,162.562,49.881],[27.2863,170.695,37.6216],[[[0.88579,-0.0489896,-0.461494],[0.290078,0.834668,0.468171],[0.362259,-0.54857,0.753551]],[[0.609962,0.21571,-0.762506],[0.0203485,0.957656,0.287195],[0.792169,-0.190694,0.579744]],[[0.609962,0.21571,-0.762506],[-0.0623731,0.972321,0.225171],[0.789972,-0.089786,0.606533]],[[0.609962,0.21571,-0.762506],[0.151984,0.912528,0.379729],[0.777719,-0.347509,0.523823]]],0],[2241,[-0.789541,-0.0934428,-0.606542],224,58.8075,[63.2212,169.984,-35.0431],[61.7727,173.68,-35.8524],[-88.3983,138.157,13.0371],false,[129.411,150.611,83.4646],[96.8145,169.739,20.3452],[92.433,179.536,-21.2552],[73.3495,177.277,-35.9156],[57.2905,171.642,-34.4096],[[[0.232346,-0.891014,-0.390012],[0.865856,0.372144,-0.334369],[0.443068,-0.260005,0.857956]],[[0.299901,-0.921038,-0.248491],[0.948503,0.315735,-0.0255419],[0.101982,-0.228034,0.968297]],[[0.299901,-0.921038,-0.248491],[0.535429,0.378097,-0.755221],[0.789541,0.0934427,0.606542]],[[0.299901,-0.921038,-0.248491],[-0.163144,0.207126,-0.964615],[0.939917,0.329829,-0.0881449]]],1],[2242,[-0.810137,-0.0549365,-0.583661],224,67.0064,[64.1484,148.945,-48.1276],[63.2667,151.514,-49.0204],[-97.756,162.691,1.39664],false,[133.454,140.544,77.6393],[104.966,149.968,14.6536],[99.3143,155.896,-32.8459],[76.2769,154.333,-49.4431],[57.9217,150.869,-47.3886],[[[0.139035,-0.968249,-0.207759],[0.902189,0.210351,-0.376574],[0.40832,-0.135081,0.902789]],[[0.168275,-0.975494,-0.141753],[0.978741,0.18245,-0.0936934],[0.11726,-0.122973,0.985458]],[[0.168275,-0.975494,-0.141753],[0.561571,0.213055,-0.799529],[0.810137,0.0549365,0.583661]],[[0.168275,-0.975494,-0.141753],[-0.132789,0.12006,-0.983846],[0.976755,0.18438,-0.109331]]],2],[2243,[-0.818883,-0.125616,-0.560045],224,64.4285,[63.6862,118.004,-43.26],[62.3675,120.803,-44.4572],[-95.3437,150.738,1.35223],false,[135.631,129.008,74.0198],[112.827,128.605,15.6797],[98.4867,126.233,-26.5697],[75.802,122.753,-42.084],[57.3726,119.985,-43.4215],[[[0.129198,-0.990657,-0.0436585],[0.922373,0.136224,-0.361484],[0.364054,0.00643368,0.931355]],[[0.148115,-0.988956,0.00525037],[0.935444,0.138373,-0.325265],[0.320947,0.053088,0.945608]],[[0.148115,-0.988956,0.00525037],[0.55452,0.0786515,-0.828445],[0.818883,0.125616,0.560045]],[[0.148115,-0.988956,0.00525037],[0.0715691,0.00542351,-0.997421],[0.986377,0.148109,0.071582]]],3],[2244,[-0.794231,0.119937,-0.595661],224,50.5107,[79.6692,113.174,-27.2425],[78.056,115.139,-28.2883],[-91.6846,149.202,-10.7626],false,[132.703,115.113,74.9874],[116.445,107.906,19.7965],[106.059,112.694,-13.662],[90.5252,115.04,-25.3125],[73.5275,116.328,-27.8673],[[[0.0162746,-0.992053,0.124761],[0.959755,-0.0194885,-0.280162],[0.280367,0.1243,0.951811]],[[-0.0563928,-0.990644,-0.124275],[0.954224,-0.0168582,-0.298619],[0.29373,-0.135426,0.946246]],[[-0.0563928,-0.990644,-0.124275],[0.604994,0.0651121,-0.793564],[0.794231,-0.119937,0.595661]],[[-0.0563928,-0.990644,-0.124275],[0.156118,0.114193,-0.981115],[0.986127,-0.0747295,0.148218]]],4],[2270,[0.792414,0.302138,-0.529899],227,51.8766,[-69.8042,154.096,55.9305],[-71.9671,163.07,53.4069],[-43.5099,182.759,6.10793],false,[-151.005,126.12,104.9],[-151.005,126.12,104.9],[-112.561,145.807,80.3365],[-85.6675,156.061,62.3524],[-67.205,163.083,50.0022],[[[-0.812801,-0.189929,-0.55071],[-0.522042,0.656993,0.543905],[-0.258509,-0.72958,0.633155]],[[-0.593099,0.178654,-0.785058],[-0.222735,0.900607,0.373223],[-0.773707,-0.396218,0.494357]],[[-0.593099,0.178654,-0.785058],[-0.142527,0.936374,0.320766],[-0.792414,-0.302138,0.529899]],[[-0.593099,0.178654,-0.785058],[-0.141921,0.936604,0.320361],[-0.792523,-0.301422,0.530144]]],0],[2271,[0.748524,0.167537,-0.641595],227,58.537,[-97.7932,173.091,-26.0138],[-99.4041,178.491,-26.7574],[-28.6602,175.129,1.53343],false,[-166.899,124.984,87.4984],[-136.397,160.783,31.3657],[-129.473,174.278,-8.61883],[-111.464,178.309,-24.0551],[-94.6377,177.868,-26.4853],[[[0.0271839,-0.849448,-0.526971],[-0.908724,0.198653,-0.367094],[-0.416512,-0.48885,0.766514]],[[-0.0723597,-0.941142,-0.330176],[-0.984149,0.121114,-0.129544],[-0.161908,-0.315568,0.934988]],[[-0.0723597,-0.941142,-0.330176],[-0.659148,0.29357,-0.692344],[-0.748524,-0.167537,0.641595]],[[-0.0723597,-0.941142,-0.330176],[-0.125921,0.337015,-0.933041],[-0.989398,0.0259385,0.142896]]],1],[2272,[0.840944,0.201137,-0.502351],227,66.6982,[-86.577,154.78,-35.0092],[-86.9219,159.886,-35.0074],[-48.9972,204.002,-11.4829],false,[-167.865,115.308,80.0375],[-138.864,140.844,22.3334],[-126.198,153.624,-22.1436],[-102.395,159.317,-36.3629],[-83.7762,160.467,-34.9782],[[[0.125176,-0.92902,-0.348214],[-0.89997,0.0414028,-0.433982],[-0.417595,-0.367706,0.830907]],[[0.078438,-0.963856,-0.254614],[-0.961332,-0.00549872,-0.275338],[-0.263986,-0.266366,0.927017]],[[0.078438,-0.963856,-0.254614],[-0.535406,0.174713,-0.826326],[-0.840944,-0.201137,0.502351]],[[0.078438,-0.963856,-0.254614],[0.0557076,0.25924,-0.964205],[-0.995361,-0.0614463,-0.0740283]]],2],[2273,[0.913734,0.0959567,-0.39482],227,64.1321,[-85.4398,119.501,-30.227],[-85.1556,126.593,-30.3666],[8.35921,172.716,17.6491],false,[-166.807,104.341,74.7327],[-141.077,118.423,19.7112],[-123.969,122.578,-21.1302],[-98.7736,125.224,-32.0172],[-80.6235,126.301,-28.1054],[[[0.129844,-0.973465,-0.188431],[-0.90158,-0.0368201,-0.431043],[-0.412667,-0.225854,0.882437]],[[0.0741601,-0.994777,-0.0701404],[-0.920076,-0.0411227,-0.389576],[-0.384657,-0.0934255,0.91832]],[[0.0741601,-0.994777,-0.0701404],[-0.399489,0.0348097,-0.916077],[-0.913734,-0.0959567,0.39482]],[[0.0741601,-0.994777,-0.0701404],[0.205176,0.0840495,-0.97511],[-0.975912,-0.0579232,-0.210337]]],3],[2274,[0.853343,0.342784,-0.392816],227,50.2784,[-99.616,109.776,-17.2149],[-98.7867,115.939,-17.3785],[-3.17268,188.632,2.81328],false,[-160.542,91.6491,74.1276],[-139.58,97.1821,20.6353],[-128.169,106.979,-11.186],[-111.556,113.653,-18.8336],[-95.2957,118.084,-15.6142],[[[0.22838,-0.973508,-0.0112033],[-0.903301,-0.207589,-0.375437],[-0.363166,-0.0958623,0.92678]],[[0.292206,-0.938459,-0.184148],[-0.899723,-0.204481,-0.385599],[-0.324214,-0.278357,0.904103]],[[0.292206,-0.938459,-0.184148],[-0.431764,0.0423586,-0.900991],[-0.853343,-0.342784,0.392816]],[[0.292206,-0.938459,-0.184148],[0.128536,0.229343,-0.964821],[-0.947678,-0.258257,-0.187641]]],4]],[[0,200,0],[235.247,235.247,147.751]]],[304486,5546726547,[[224,"right",[-0.268512,0.166121,-0.948844],[-0.924001,-0.32282,0.204963],[107.288,144.123,38.2932],[-58.6765,100.731,-17.1892],[110.118,140.511,38.9941],0,0.390128,0.915654,[[0.209381,-0.866312,-0.453501],[0.931482,0.317806,-0.177035],[0.297493,-0.385361,0.873496]],63.72,[208.178,25.3972,322.659],[127.855,129.445,86.8146]],[227,"left",[0.276391,0.358849,-0.891535],[0.960949,-0.116308,0.251095],[-142.496,131.732,44.9371],[-27.4681,136.507,1.84773],[-141.623,123.66,46.383],0,0.490849,0.76598,[[0.0257288,-0.899381,-0.436409],[-0.856209,0.205505,-0.473998],[-0.515989,-0.385852,0.76477]],63.4269,[-300.264,2.21507,294.456],[-161.588,105.916,88.9184]]],[[2240,[-0.791395,0.0999473,-0.60308],224,52.1164,[32.1694,168.601,40.7308],[30.82,173.239,40.697],[-48.9221,125.359,-1.19908],false,[111.033,151.952,99.1221],[111.033,151.952,99.1221],[71.466,161.968,70.3831],[44.4829,165.375,49.8207],[26.3088,173.747,37.682],[[[0.883612,-0.0537867,-0.465121],[0.298906,0.829419,0.471931],[0.360397,-0.556031,0.748962]],[[0.608975,0.214964,-0.763505],[0.0294222,0.955792,0.292569],[0.792644,-0.200631,0.575728]],[[0.608975,0.214964,-0.763505],[-0.0533302,0.971494,0.230987],[0.791395,-0.0999473,0.60308]],[[0.608975,0.214964,-0.763505],[0.161608,0.908759,0.38476],[0.776552,-0.357698,0.518671]]],0],[2241,[-0.799229,-0.0895413,-0.594319],224,58.8075,[60.786,173.615,-34.6152],[60.173,176.528,-35.4503],[-73.7867,121.501,14.4422],false,[128.423,152.527,83.0242],[95.7547,172.301,20.1412],[91.0219,182.218,-21.3921],[71.7042,180.054,-35.7571],[55.6559,174.479,-33.9457],[[[0.223308,-0.890648,-0.39608],[0.867731,0.366748,-0.335467],[0.444045,-0.268779,0.854741]],[[0.291811,-0.92228,-0.253469],[0.950111,0.310027,-0.0342384],[0.11016,-0.230833,0.966737]],[[0.291811,-0.92228,-0.253469],[0.525432,0.376009,-0.763242],[0.799229,0.0895413,0.594319]],[[0.291811,-0.92228,-0.253469],[-0.180491,0.207145,-0.961517],[0.939292,0.32633,-0.106016]]],1],[2242,[-0.818159,-0.0419469,-0.57346],224,67.0064,[61.2861,153.467,-47.768],[61.3308,154.958,-48.7711],[-84.8719,147.856,5.95322],false,[132.358,142.461,77.125],[103.717,152.496,14.3036],[97.5939,158.939,-33.0702],[74.3285,157.746,-49.3773],[55.9708,154.431,-47.1089],[[[0.130026,-0.968157,-0.213929],[0.90253,0.204903,-0.378752],[0.410526,-0.143829,0.900434]],[[0.157279,-0.975626,-0.153027],[0.97935,0.174021,-0.102909],[0.12703,-0.133682,0.982849]],[[0.157279,-0.975626,-0.153027],[0.553063,0.215394,-0.804814],[0.818159,0.0419469,0.57346]],[[0.157279,-0.975626,-0.153027],[-0.144767,0.130505,-0.980822],[0.976886,0.176416,-0.120713]]],2],[2243,[-0.826563,-0.116609,-0.550632],224,64.4285,[61.0128,122.07,-43.1173],[60.5594,123.987,-44.3989],[-78.9246,134.911,1.88542],false,[134.424,130.928,73.4301],[111.399,131.061,15.1753],[96.998,129.043,-27.0716],[74.1005,125.813,-42.3252],[55.6243,123.201,-43.2749],[[[0.120612,-0.991443,-0.0499259],[0.922141,0.13052,-0.364172],[0.367572,-0.00211508,0.929993]],[[0.139976,-0.990155,-0.000432813],[0.936225,0.132494,-0.325466],[0.322319,0.0451522,0.945554]],[[0.139976,-0.990155,-0.000432813],[0.54516,0.0774328,-0.834748],[0.826563,0.116609,0.550632]],[[0.139976,-0.990155,-0.000432813],[0.0502665,0.0075426,-0.998707],[0.988878,0.139773,0.0508274]]],3],[2244,[-0.800877,0.132512,-0.583983],224,50.5107,[76.9642,117.307,-27.2943],[76.2793,118.348,-28.364],[-76.9148,134.103,-5.21881],false,[131.381,117.054,74.3276],[114.857,110.308,19.1575],[104.511,115.51,-14.2514],[88.8465,118.102,-25.6735],[71.8025,119.533,-27.8093],[[[0.00831072,-0.99287,0.118909],[0.958502,-0.0259777,-0.283901],[0.284966,0.116334,0.951452]],[[-0.0663199,-0.988837,-0.133427],[0.953927,-0.023619,-0.299108],[0.292617,-0.147116,0.944845]],[[-0.0663199,-0.988837,-0.133427],[0.595145,0.0681287,-0.800725],[0.800877,-0.132512,0.583983]],[[-0.0663199,-0.988837,-0.133427],[0.133607,0.123716,-0.983282],[0.988813,-0.0830378,0.12391]]],4],[2270,[0.791098,0.303416,-0.531134],227,51.8766,[-71.1488,159.795,54.4843],[-72.9234,166.718,53.6585],[-40.0234,159.823,8.98258],false,[-151.813,129.724,105.352],[-151.813,129.724,105.352],[-113.463,149.474,80.6924],[-86.6141,159.772,62.6664],[-68.1744,166.774,50.271],[[[-0.811034,-0.198616,-0.550251],[-0.52668,0.657305,0.539034],[-0.254622,-0.726981,0.637704]],[[-0.593377,0.169784,-0.786814],[-0.228487,0.901763,0.366902],[-0.771814,-0.397488,0.496292]],[[-0.593377,0.169784,-0.786814],[-0.148554,0.93761,0.314356],[-0.791098,-0.303416,0.531134]],[[-0.593377,0.169784,-0.786814],[-0.146158,0.938524,0.312746],[-0.791544,-0.300575,0.532084]]],0],[2271,[0.749016,0.167298,-0.641082],227,58.537,[-99.0244,177.994,-25.7937],[-100.492,181.471,-26.4489],[-41.2277,141.109,6.87229],false,[-167.681,128.375,87.9425],[-137.345,163.992,31.6049],[-130.776,177.289,-8.50556],[-112.755,181.314,-23.9295],[-95.9022,180.901,-26.1755],[[[0.0330116,-0.852722,-0.521321],[-0.909561,0.190564,-0.369301],[-0.414256,-0.486365,0.769312]],[[-0.0662908,-0.943817,-0.323753],[-0.985906,0.111908,-0.124366],[-0.153609,-0.310945,0.937932]],[[-0.0662908,-0.943817,-0.323753],[-0.659227,0.284994,-0.695844],[-0.749016,-0.167298,0.641082]],[[-0.0662908,-0.943817,-0.323753],[-0.116777,0.329575,-0.93688],[-0.990943,0.0242996,0.132064]]],1],[2272,[0.861541,0.205381,-0.46429],227,66.6982,[-87.1321,160.496,-33.5218],[-87.137,163.325,-33.1913],[-5.3994,164.948,56.7354],false,[-168.579,118.644,80.5447],[-139.678,143.978,22.7021],[-126.092,157.109,-21.3997],[-101.706,162.922,-34.5417],[-83.1896,164,-32.1164],[[[0.131312,-0.9305,-0.341945],[-0.89976,0.0329339,-0.43514],[-0.41616,-0.364807,0.832903]],[[0.0898861,-0.961779,-0.258655],[-0.954849,-0.00938032,-0.296944],[-0.283168,-0.273667,0.919196]],[[0.0898861,-0.961779,-0.258655],[-0.499667,0.181108,-0.847073],[-0.861541,-0.205381,0.46429]],[[0.0898861,-0.961779,-0.258655],[0.10979,0.267692,-0.957229],[-0.989882,-0.0576439,-0.129656]]],2],[2273,[0.915835,0.0963125,-0.389834],227,64.1321,[-85.5135,124.658,-29.1402],[-85.862,129.498,-29.5474],[-14.8058,136.509,24.9531],false,[-167.448,107.648,75.3136],[-141.749,121.527,20.2258],[-124.756,125.358,-20.6951],[-99.5024,128.014,-31.4446],[-81.4142,129.197,-27.2845],[[[0.136091,-0.97386,-0.181867],[-0.900887,-0.0452764,-0.431686],[-0.412168,-0.22259,0.8835]],[[0.0789416,-0.995049,-0.06038],[-0.920752,-0.0495647,-0.386988],[-0.382079,-0.0861444,0.920106]],[[0.0789416,-0.995049,-0.06038],[-0.393719,0.024524,-0.918904],[-0.915835,-0.0963125,0.389834]],[[0.0789416,-0.995049,-0.06038],[0.218735,0.0763825,-0.97279],[-0.972586,-0.0635864,-0.223682]]],3],[2274,[0.851514,0.350157,-0.390274],227,50.2784,[-99.8074,116.136,-16.2478],[-99.6096,119.346,-16.5615],[-22.3741,155.148,19.0111],false,[-161.103,94.9922,74.7986],[-140.121,100.302,21.2917],[-128.986,110.154,-10.6104],[-112.408,116.971,-18.2086],[-96.2125,121.502,-14.8081],[[[0.234441,-0.97212,-0.00454548],[-0.901604,-0.215682,-0.374955],[-0.363521,-0.0920033,0.927032]],[[0.30045,-0.935856,-0.184126],[-0.899798,-0.214075,-0.380179],[-0.316376,-0.279901,0.9064]],[[0.30045,-0.935856,-0.184126],[-0.429714,0.0395283,-0.9021],[-0.851514,-0.350157,0.390274]],[[0.30045,-0.935856,-0.184126],[0.13686,0.233348,-0.962714],[-0.943927,-0.264048,-0.198191]]],4]],[[0,200,0],[235.247,235.247,147.751]]],[304487,5546756909,[[224,"right",[-0.268867,0.171207,-0.947839],[-0.92563,-0.318015,0.205125],[106.196,146.122,37.676],[-43.6503,77.6605,-19.2654],[108.22,143.227,38.3561],0,0.406713,0.917641,[[0.199647,-0.863956,-0.4623],[0.930974,0.314419,-0.185547],[0.305661,-0.393346,0.867093]],63.72,[209.272,24.9396,320.229],[126.744,131.143,86.1134]],[227,"left",[0.272172,0.356624,-0.893724],[0.962182,-0.111806,0.248406],[-143.036,133.591,44.9902],[-21.071,86.7236,1.78249],[-142.186,127.617,45.8281],0,0.502017,0.705099,[[0.0325281,-0.897384,-0.440049],[-0.857092,0.20144,-0.474148],[-0.514136,-0.392586,0.762588]],63.4269,[-300.067,2.35426,294.078],[-161.889,107.865,89.1266]]],[[2240,[-0.791591,0.107073,-0.601597],224,52.1164,[30.6069,172.039,40.3338],[29.9067,175.669,40.2938],[-36.3789,96.4455,-9.14487],false,[110.075,153.706,98.5276],[110.075,153.706,98.5276],[70.5308,164.055,69.8761],[43.5411,167.706,49.3643],[25.4089,176.27,37.2973],[[[0.882605,-0.0573858,-0.466599],[0.30456,0.825875,0.474525],[0.358121,-0.560926,0.746399]],[[0.60924,0.214045,-0.763552],[0.0354446,0.954569,0.295874],[0.792193,-0.207322,0.573975]],[[0.60924,0.214045,-0.763552],[-0.0470132,0.970938,0.234669],[0.791591,-0.107073,0.601597]],[[0.60924,0.214045,-0.763552],[0.169039,0.905696,0.388768],[0.77476,-0.365923,0.515604]]],0],[2241,[-0.805656,-0.087354,-0.585907],224,58.8075,[58.9261,176.563,-34.5125],[58.8606,178.809,-35.5348],[-54.3213,90.5711,2.73324],false,[127.445,154.236,82.4066],[94.8064,174.436,19.6439],[89.8235,184.402,-21.8483],[70.3504,182.291,-36.0099],[54.3113,176.757,-33.9988],[[[0.217385,-0.890515,-0.399658],[0.869438,0.362759,-0.335385],[0.443645,-0.274571,0.853106]],[[0.286391,-0.923235,-0.256158],[0.951066,0.306302,-0.0406433],[0.115985,-0.231984,0.96578]],[[0.286391,-0.923235,-0.256158],[0.518553,0.374174,-0.768828],[0.805656,0.087354,0.585907]],[[0.286391,-0.923235,-0.256158],[-0.191631,0.206759,-0.959442],[0.938753,0.323864,-0.117706]]],1],[2242,[-0.822818,-0.0331107,-0.567339],224,67.0064,[59.3415,156.944,-47.8316],[59.8812,157.694,-48.9732],[-59.9198,110.766,-2.77624],false,[131.312,144.168,76.465],[102.641,154.604,13.7223],[96.2952,161.396,-33.5734],[72.8972,160.454,-49.7065],[54.5393,157.241,-47.2962],[[[0.123899,-0.96813,-0.217656],[0.903202,0.200868,-0.379313],[0.410944,-0.149591,0.899304]],[[0.149711,-0.975667,-0.160186],[0.979925,0.167991,-0.107361],[0.131658,-0.140898,0.981231]],[[0.149711,-0.975667,-0.160186],[0.54823,0.216741,-0.807754],[0.822818,0.0331107,0.567339]],[[0.149711,-0.975667,-0.160186],[-0.152522,0.137284,-0.978719],[0.976895,0.170957,-0.128257]]],2],[2243,[-0.829145,-0.109916,-0.548121],224,64.4285,[59.2397,125.262,-43.4579],[59.2361,126.559,-44.8793],[-54.0958,101.885,-10.7109],false,[133.303,132.636,72.7249],[110.196,133.12,14.5046],[95.8299,131.352,-27.7655],[72.8609,128.307,-42.9496],[54.3628,125.807,-43.765],[[[0.114581,-0.99196,-0.0537261],[0.922386,0.126315,-0.365033],[0.368885,-0.00773043,0.929443]],[[0.134081,-0.990962,-0.00410535],[0.937359,0.128171,-0.323931],[0.321529,0.0395849,0.946072]],[[0.134081,-0.990962,-0.00410535],[0.542716,0.0768967,-0.836389],[0.829145,0.109916,0.548121]],[[0.134081,-0.990962,-0.00410535],[0.0426988,0.00991615,-0.999039],[0.99005,0.133777,0.0436425]]],3],[2244,[-0.805416,0.140384,-0.575845],224,50.5107,[75.0641,120.498,-27.5565],[74.8718,120.894,-28.7282],[-55.9387,99.722,-9.10886],false,[130.178,118.777,73.5761],[113.535,112.333,18.4058],[103.249,117.782,-14.9824],[87.4956,120.528,-26.2452],[70.4237,122.047,-28.0762],[[[0.00251455,-0.993332,0.115265],[0.957921,-0.0306913,-0.285388],[0.287022,0.111133,0.951456]],[[-0.0729696,-0.987641,-0.138714],[0.953964,-0.028549,-0.298559],[0.290909,-0.154114,0.944257]],[[-0.0729696,-0.987641,-0.138714],[0.588201,0.0697029,-0.805705],[0.805416,-0.140384,0.575845]],[[-0.0729696,-0.987641,-0.138714],[0.117133,0.129635,-0.984619],[0.990432,-0.0880952,0.106226]]],4],[2270,[0.788225,0.304523,-0.53476],227,51.8766,[-72.2711,164.216,53.5044],[-73.556,168.828,53.3456],[-27.4444,100.616,-3.50293],false,[-152.151,131.769,105.442],[-152.151,131.769,105.442],[-113.955,151.574,80.5872],[-87.204,161.909,62.4381],[-68.8264,168.908,49.949],[[[-0.812054,-0.203646,-0.546898],[-0.527397,0.657297,0.538343],[-0.249843,-0.725595,0.641163]],[[-0.596542,0.164697,-0.785502],[-0.230704,0.902223,0.364376],[-0.768709,-0.398584,0.500217]],[[-0.596542,0.164697,-0.785502],[-0.15113,0.938158,0.311479],[-0.788225,-0.304523,0.53476]],[[-0.596542,0.164697,-0.785502],[-0.147704,0.939472,0.309153],[-0.788874,-0.300444,0.536108]]],0],[2271,[0.747571,0.167243,-0.64278],227,58.537,[-100.249,181.102,-25.8033],[-101.5,183.176,-26.5824],[-38.1831,85.5647,-0.927357],false,[-168.07,130.297,88.0888],[-138.049,165.821,31.5242],[-131.862,179.02,-8.67954],[-113.876,183.043,-24.1443],[-97.0116,182.637,-26.3053],[[[0.0345229,-0.854489,-0.518322],[-0.911453,0.185821,-0.367047],[-0.409952,-0.485098,0.772411]],[[-0.0637904,-0.945225,-0.320126],[-0.98742,0.106286,-0.117068],[-0.14468,-0.308631,0.940114]],[[-0.0637904,-0.945225,-0.320126],[-0.661111,0.28032,-0.695955],[-0.747571,-0.167243,0.64278]],[[-0.0637904,-0.945225,-0.320126],[-0.112459,0.325544,-0.938815],[-0.991607,0.0238864,0.127066]]],1],[2272,[0.880165,0.204563,-0.428326],227,66.6982,[-86.9393,163.347,-31.884],[-87.111,165.264,-31.6725],[12.6277,96.8085,65.0244],false,[-168.956,120.536,80.7294],[-140.336,145.767,22.7018],[-125.849,159.138,-21.0394],[-100.935,164.928,-33.1634],[-82.558,165.843,-29.7968],[[[0.133691,-0.931245,-0.338983],[-0.901274,0.0279895,-0.432344],[-0.412106,-0.363317,0.835565]],[[0.0957788,-0.960348,-0.261835],[-0.948499,-0.00825781,-0.316672],[-0.301953,-0.27868,0.911681]],[[0.0957788,-0.960348,-0.261835],[-0.464904,0.189433,-0.864858],[-0.880165,-0.204563,0.428326]],[[0.0957788,-0.960348,-0.261835],[0.160035,0.274479,-0.948183],[-0.982454,-0.0489132,-0.179978]]],2],[2273,[0.915413,0.0963132,-0.390823],227,64.1321,[-86.135,128.142,-28.6133],[-86.7507,131.123,-29.4821],[-26.495,81.1232,8.20658],false,[-167.8,109.525,75.5346],[-142.33,123.299,20.3139],[-125.705,126.916,-20.7769],[-100.463,129.572,-31.5536],[-82.408,130.812,-27.2664],[[[0.139148,-0.974003,-0.178765],[-0.902097,-0.0502113,-0.428601],[-0.408483,-0.220902,0.885632]],[[0.0813663,-0.995184,-0.0546681],[-0.923921,-0.0547398,-0.378646],[-0.37383,-0.0813181,0.923926]],[[0.0813663,-0.995184,-0.0546681],[-0.394206,0.0182441,-0.918841],[-0.915413,-0.0963132,0.390823]],[[0.0813663,-0.995184,-0.0546681],[0.225763,0.0718272,-0.971531],[-0.970778,-0.0667078,-0.23052]]],3],[2274,[0.848656,0.354846,-0.392259],227,50.2784,[-100.475,120.194,-15.7823],[-100.459,121.322,-16.4542],[-27.2331,95.1373,7.80185],false,[-161.41,96.8915,75.0451],[-140.62,102.085,21.4517],[-129.812,111.975,-10.5508],[-113.289,118.883,-18.1876],[-97.1212,123.47,-14.7331],[[[0.238062,-0.971248,-0.00177],[-0.901994,-0.220411,-0.37125],[-0.360185,-0.089977,0.928531]],[[0.304728,-0.934147,-0.185768],[-0.901573,-0.220025,-0.372497],[-0.307094,-0.280994,0.90925]],[[0.304728,-0.934147,-0.185768],[-0.432346,0.0381212,-0.900901],[-0.848656,-0.354846,0.392259]],[[0.304728,-0.934147,-0.185768],[0.138417,0.236409,-0.961744],[-0.942328,-0.267356,-0.201342]]],4]],[[0,200,0],[235.247,235.247,147.751]]],[304488,5546775259,[[224,"right",[-0.269338,0.170909,-0.947759],[-0.925907,-0.316617,0.206033],[105.639,146.804,37.3997],[-37.2724,58.2036,-17.2459],[107.428,144.325,38.0626],0,0.414775,0.900395,[[0.195384,-0.862386,-0.467028],[0.93031,0.313694,-0.190049],[0.310399,-0.397348,0.863578]],63.72,[210.01,24.5466,318.998],[126.202,131.831,85.8323]],[227,"left",[0.271458,0.359129,-0.892937],[0.962377,-0.112747,0.247223],[-143.225,134.133,44.8227],[-15.8872,59.2621,-3.45862],[-142.451,129.279,45.5716],0,0.510244,0.735696,[[0.031317,-0.896544,-0.441846],[-0.857764,0.202822,-0.47234],[-0.51309,-0.393792,0.762671]],63.4269,[-299.941,2.44991,293.876],[-162.045,108.285,88.9017]]],[[2240,[-0.791861,0.107798,-0.601112],224,52.1164,[29.9816,173.285,40.1313],[29.3909,176.442,40.0515],[-32.2521,71.1226,-10.9505],false,[109.573,154.425,98.243],[109.573,154.425,98.243],[70.0231,164.797,69.6079],[43.0241,168.472,49.1127],[24.9011,177.083,37.0649],[[[0.88218,-0.0589082,-0.467213],[0.306032,0.825792,0.473722],[0.357915,-0.56089,0.746525]],[[0.609007,0.212654,-0.764126],[0.036782,0.954781,0.295027],[0.792311,-0.20778,0.573646]],[[0.609007,0.212654,-0.764126],[-0.0454572,0.971163,0.234042],[0.791861,-0.107798,0.601112]],[[0.609007,0.212654,-0.764126],[0.171658,0.905219,0.388731],[0.774367,-0.367908,0.514781]]],0],[2241,[-0.808987,-0.0896698,-0.580947],224,58.8075,[58.1504,177.475,-34.5245],[58.1116,179.331,-35.5992],[-48.0936,60.5141,-0.602669],false,[126.932,154.92,82.1088],[94.2741,175.12,19.3562],[89.1313,184.975,-22.1431],[69.5777,182.808,-36.1848],[53.5565,177.27,-34.0469],[[[0.215881,-0.891088,-0.399197],[0.86968,0.361345,-0.336283],[0.443906,-0.274576,0.852969]],[[0.285371,-0.923933,-0.254778],[0.950912,0.306151,-0.0451398],[0.119707,-0.22939,0.965946]],[[0.285371,-0.923933,-0.254778],[0.51391,0.371897,-0.773039],[0.808987,0.0896698,0.580947]],[[0.285371,-0.923933,-0.254778],[-0.19819,0.203198,-0.95887],[0.937702,0.324128,-0.125127]]],1],[2242,[-0.823754,-0.0305737,-0.566122],224,67.0064,[58.6337,158.002,-47.963],[59.1687,158.491,-49.1379],[-48.8696,79.6431,-7.05596],false,[130.781,144.842,76.1713],[102.078,155.274,13.4427],[95.6484,162.137,-33.8314],[72.2238,161.268,-49.9299],[53.8608,158.094,-47.508],[[[0.122426,-0.968448,-0.217071],[0.903192,0.199378,-0.380123],[0.411408,-0.14952,0.899103]],[[0.147346,-0.975777,-0.161703],[0.98005,0.166083,-0.109172],[0.133384,-0.142391,0.980782]],[[0.147346,-0.975777,-0.161703],[0.547465,0.216619,-0.808306],[0.823754,0.0305737,0.566122]],[[0.147346,-0.975777,-0.161703],[-0.153069,0.139022,-0.978388],[0.977169,0.168913,-0.128877]]],2],[2243,[-0.830781,-0.109396,-0.545743],224,64.4285,[58.5829,126.217,-43.5891],[58.583,127.237,-44.993],[-44.3338,70.9079,-8.93172],false,[132.753,133.305,72.4378],[109.604,133.78,14.2343],[95.2613,132.006,-28.0435],[72.247,128.975,-43.1617],[53.7413,126.499,-43.8686],[[[0.113196,-0.992152,-0.0531174],[0.922285,0.124809,-0.365805],[0.369563,-0.00758165,0.929175]],[[0.132766,-0.991141,-0.00343134],[0.937726,0.126731,-0.323432],[0.321002,0.0397233,0.946245]],[[0.132766,-0.991141,-0.00343134],[0.540533,0.0753071,-0.837945],[0.830781,0.109396,0.545743]],[[0.132766,-0.991141,-0.00343134],[0.0370461,0.00842196,-0.999278],[0.990455,0.132543,0.0378361]]],3],[2244,[-0.807539,0.141923,-0.572484],224,50.5107,[74.367,121.5,-27.6541],[74.2106,121.647,-28.8168],[-45.6371,71.1131,-7.08701],false,[129.61,119.451,73.3011],[112.917,112.991,18.1476],[102.667,118.478,-15.2455],[86.8728,121.254,-26.4426],[69.7878,122.787,-28.134],[[[0.00125374,-0.993253,0.115958],[0.957666,-0.0321894,-0.286076],[0.287879,0.111408,0.951165]],[[-0.0747965,-0.987424,-0.139283],[0.954134,-0.0302614,-0.297847],[0.289887,-0.155172,0.944398]],[[-0.0747965,-0.987424,-0.139283],[0.585052,0.0696565,-0.807999],[0.807539,-0.141923,0.572484]],[[-0.0747965,-0.987424,-0.139283],[0.109276,0.130717,-0.985379],[0.991193,-0.0889232,0.098125]]],4],[2270,[0.787798,0.305977,-0.534557],227,51.8766,[-72.655,165.655,53.1753],[-73.7235,169.311,53.2104],[-18.7889,65.3091,-5.37538],false,[-152.286,132.139,105.277],[-152.286,132.139,105.277],[-114.108,152.004,80.4441],[-87.3706,162.389,62.3018],[-69.0012,169.41,49.8133],[[[-0.812591,-0.20188,-0.546755],[-0.526759,0.65587,0.540703],[-0.249443,-0.727378,0.639296]],[[-0.597209,0.167091,-0.784488],[-0.230128,0.901245,0.367149],[-0.768364,-0.399797,0.499779]],[[-0.597209,0.167091,-0.784488],[-0.150716,0.937261,0.314366],[-0.787798,-0.305977,0.534557]],[[-0.597209,0.167091,-0.784488],[-0.146877,0.93874,0.311759],[-0.788523,-0.301408,0.536082]]],0],[2271,[0.749122,0.168233,-0.640714],227,58.537,[-100.652,182.152,-25.7691],[-101.723,183.873,-26.516],[-26.4968,62.9161,1.63841],false,[-168.221,130.721,87.934],[-138.242,166.401,31.445],[-132.163,179.731,-8.73184],[-114.14,183.778,-24.1469],[-97.2628,183.333,-26.1994],[[[0.033856,-0.853002,-0.520808],[-0.911737,0.187091,-0.365695],[-0.409378,-0.487221,0.771379]],[[-0.0642051,-0.944221,-0.322994],[-0.987761,0.106233,-0.114208],[-0.14215,-0.311708,0.939485]],[[-0.0642051,-0.944221,-0.322994],[-0.659313,0.283099,-0.696535],[-0.749122,-0.168233,0.640714]],[[-0.0642051,-0.944221,-0.322994],[-0.105491,0.32827,-0.938675],[-0.992345,0.0261948,0.120683]]],1],[2272,[0.886266,0.203742,-0.415958],227,66.6982,[-86.8334,164.287,-31.2739],[-87.0483,166.018,-31.1599],[11.2541,68.0492,49.7352],false,[-169.115,120.981,80.5473],[-140.542,146.373,22.567],[-125.798,159.922,-21.0331],[-100.711,165.689,-32.807],[-82.3921,166.496,-29.1123],[[[0.133166,-0.930298,-0.34178],[-0.901654,0.0294456,-0.431455],[-0.411446,-0.365622,0.834885]],[[0.0958192,-0.959279,-0.265711],[-0.946774,-0.00541993,-0.321853],[-0.307307,-0.282408,0.90874]],[[0.0958192,-0.959279,-0.265711],[-0.453156,0.195634,-0.869699],[-0.886266,-0.203742,0.415958]],[[0.0958192,-0.959279,-0.265711],[0.178025,0.27915,-0.943601],[-0.97935,-0.043112,-0.197523]]],2],[2273,[0.915388,0.095805,-0.391008],227,64.1321,[-86.5205,129.34,-28.5587],[-87.1685,131.729,-29.613],[-27.6707,57.5529,-1.63201],false,[-167.967,109.986,75.3199],[-142.544,123.912,20.1162],[-126.214,127.544,-21.0918],[-100.973,130.186,-31.8736],[-82.9454,131.392,-27.4634],[[[0.138756,-0.973517,-0.18169],[-0.902492,-0.0487654,-0.427937],[-0.407744,-0.223353,0.885358]],[[0.0802811,-0.995204,-0.0558995],[-0.926683,-0.0538608,-0.371964],[-0.367169,-0.0816628,0.926562]],[[0.0802811,-0.995204,-0.0558995],[-0.394488,0.0197792,-0.918688],[-0.915388,-0.095805,0.391008]],[[0.0802811,-0.995204,-0.0558995],[0.232372,0.0732213,-0.969867],[-0.969308,-0.0648725,-0.237135]]],3],[2274,[0.848147,0.357331,-0.391104],227,50.2784,[-100.819,121.539,-15.753],[-100.823,122.129,-16.6136],[-24.6671,69.7669,-0.903414],false,[-161.58,97.3517,74.7883],[-140.837,102.694,21.1915],[-130.196,112.724,-10.8237],[-113.684,119.68,-18.438],[-97.5251,124.241,-14.9043],[[[0.237829,-0.971295,-0.0047768],[-0.902378,-0.219129,-0.371075],[-0.359377,-0.0925629,0.928591]],[[0.305062,-0.933007,-0.190883],[-0.903066,-0.219776,-0.369014],[-0.302341,-0.284952,0.909611]],[[0.305062,-0.933007,-0.190883],[-0.433111,0.0425859,-0.900334],[-0.848147,-0.357331,0.391104]],[[0.305062,-0.933007,-0.190883],[0.141427,0.242599,-0.959763],[-0.941773,-0.265791,-0.20596]]],4]],[[0,200,0],[235.247,235.247,147.751]]],[304489,5546805251,[[224,"right",[-0.268948,0.171471,-0.947768],[-0.926176,-0.316088,0.205634],[105.439,147.153,37.0539],[-17.1664,27.6115,-13.4893],[106.71,145.345,37.6987],0,0.42647,0.911463,[[0.192784,-0.861109,-0.470453],[0.929494,0.313901,-0.193669],[0.314446,-0.399946,0.86091]],63.72,[210.879,24.1608,317.932],[125.978,132.146,85.4865]],[227,"left",[0.271111,0.360997,-0.892289],[0.9625,-0.110964,0.247551],[-143.262,134.366,44.6041],[-6.25864,25.4347,-5.97549],[-142.717,130.946,45.2545],0,0.528075,0.739079,[[0.0323225,-0.896769,-0.441317],[-0.858004,0.20157,-0.472438],[-0.512624,-0.393922,0.762917]],63.4269,[-299.818,2.54362,293.677],[-162.046,108.413,88.6369]]],[[2240,[-0.791587,0.108728,-0.601306],224,52.1164,[29.4552,174.375,39.8185],[29.208,176.82,39.6949],[-14.8184,33.7179,-11.3889],false,[109.361,154.747,97.9015],[109.361,154.747,97.9015],[69.8266,165.135,69.2501],[42.8369,168.842,48.7483],[24.7345,177.525,36.7213],[[[0.882278,-0.0593021,-0.466979],[0.306438,0.825398,0.474145],[0.357326,-0.561428,0.746403]],[[0.609416,0.212528,-0.763835],[0.0369768,0.954736,0.295146],[0.791988,-0.208111,0.573973]],[[0.609416,0.212528,-0.763835],[-0.0447441,0.971087,0.234495],[0.791587,-0.108728,0.601306]],[[0.609416,0.212528,-0.763835],[0.174153,0.903993,0.390471],[0.773487,-0.370984,0.513895]]],0],[2241,[-0.810755,-0.0913921,-0.578207],224,58.8075,[57.4854,178.216,-34.6544],[57.8092,179.58,-35.777],[-22.6058,26.3352,-4.97862],false,[126.724,155.236,81.7726],[94.0982,175.484,19.0186],[88.8841,185.281,-22.4856],[69.2878,183.072,-36.4611],[53.2811,177.522,-34.2474],[[[0.215409,-0.891069,-0.399494],[0.870017,0.360906,-0.335883],[0.443475,-0.275214,0.852987]],[[0.285314,-0.924168,-0.253988],[0.950719,0.306455,-0.0471009],[0.121365,-0.228033,0.96606]],[[0.285314,-0.924168,-0.253988],[0.511148,0.370893,-0.775349],[0.810755,0.0913921,0.578207]],[[0.285314,-0.924168,-0.253988],[-0.202247,0.200982,-0.95849],[0.936852,0.324839,-0.129567]]],1],[2242,[-0.82473,-0.0270737,-0.564878],224,67.0064,[58.0645,158.987,-48.2091],[58.8226,159.084,-49.3421],[-23.4237,41.683,-8.26592],false,[130.568,145.159,75.8322],[101.89,155.635,13.0994],[95.3753,162.672,-34.1374],[71.923,161.902,-50.2005],[53.556,158.756,-47.7738],[[[0.121849,-0.968441,-0.217427],[0.903434,0.198935,-0.379778],[0.411046,-0.150155,0.899163]],[[0.145284,-0.975473,-0.165363],[0.980114,0.16473,-0.110637],[0.135163,-0.146001,0.980007]],[[0.145284,-0.975473,-0.165363],[0.546546,0.218448,-0.808435],[0.82473,0.0270737,0.564878]],[[0.145284,-0.975473,-0.165363],[-0.153661,0.142862,-0.977742],[0.977385,0.16746,-0.129137]]],2],[2243,[-0.832427,-0.10916,-0.543276],224,64.4285,[58.1411,126.999,-43.7919],[58.4012,127.63,-45.1711],[-17.8144,32.9973,-7.58093],false,[132.534,133.622,72.0946],[109.402,134.136,13.8845],[95.193,132.388,-28.4395],[72.1331,129.364,-43.4893],[53.621,126.896,-44.0386],[[[0.112556,-0.992205,-0.0534857],[0.922474,0.124348,-0.365485],[0.369286,-0.00820157,0.929279]],[[0.132242,-0.991211,-0.00346218],[0.938818,0.126371,-0.320393],[0.318015,0.039119,0.947278]],[[0.132242,-0.991211,-0.00346218],[0.538123,0.0747258,-0.839547],