{"metadata":{"formatVersion":2,"generatedBy":"LeapJS Playback 0.2.1","frames":147,"protocolVersion":6,"serviceVersion":"2.2.6+29154","frameRate":"82","modified":"Thu Jun 04 2015 14:51:58 GMT-0300 (E. South America Standard Time)"},"frames":[["id","timestamp",{"hands":[["id","type","direction","palmNormal","palmPosition","palmVelocity","stabilizedPalmPosition","pinchStrength","grabStrength","confidence","armBasis","armWidth","elbow","wrist"]]},{"pointables":[["id","direction","handId","length","stabilizedTipPosition","tipPosition","tipVelocity","tool","carpPosition","mcpPosition","pipPosition","dipPosition","btipPosition","bases","type"]]},{"interactionBox":["center","size"]}],[248444,4511186939,[[161,"right",[0.30636,0.355633,-0.882988],[-0.903298,-0.184042,-0.387532],[95.7459,126.403,7.8392],[-9.74812,124.963,-36.2077],[95.7487,126.316,7.86832],0.898045,1,0.51736,[[0.218531,-0.904787,-0.36552],[0.733374,0.39938,-0.550144],[0.643745,-0.14784,0.750824]],63.4093,[258.408,61.4104,256.679],[85.4445,101.133,54.9449]],[162,"left",[-0.325982,0.103981,-0.93964],[0.932596,-0.12751,-0.337648],[-138.675,119.944,9.01664],[-35.2174,190.122,-12.2168],[-138.029,115.307,9.26068],0.756215,1,0.281275,[[-0.031401,-0.98572,-0.165442],[-0.658574,0.144917,-0.73843],[-0.75186,-0.0857684,0.65372]],60.3898,[-319.323,86.0716,225.367],[-126.93,108.019,58.0875]]],[[1610,[-0.0407707,0.121345,-0.991773],161,51.8622,[63.0458,150.442,-21.345],[62.589,149.321,-20.7672],[-3.30925,217.211,-20.9628],false,[66.1732,123.939,61.3006],[66.1732,123.939,61.3006],[65.1977,158.411,25.5481],[63.8144,162.528,-8.10213],[62.8154,146.859,-25.3034],[[[0.988566,-0.13472,0.0677406],[0.0427054,0.680969,0.731066],[-0.144618,-0.719814,0.678935]],[[0.998937,-0.0164049,-0.0430724],[0.041698,0.719822,0.692905],[0.0196374,-0.693965,0.719741]],[[0.998937,-0.0164049,-0.0430724],[0.0214965,0.992475,0.120547],[0.0407707,-0.121345,0.991773]],[[0.998937,-0.0164049,-0.0430724],[-0.0168624,0.739649,-0.672782],[0.0428953,0.672793,0.738586]]],0],[1611,[-0.572185,-0.58269,0.577128],161,58.5208,[47.9332,132.324,-3.72728],[47.2794,134.699,-3.6859],[-11.7283,139.33,-15.6852],false,[89.4222,123.952,57.3131],[97.8273,158.475,-6.69738],[61.6083,155.615,-29.2321],[47.8458,141.6,-15.3507],[47.6739,133.058,-0.651212],[[[0.347501,-0.843606,-0.409355],[0.930625,0.256834,0.260718],[-0.114807,-0.471556,0.874331]],[[0.354383,-0.810284,-0.466746],[0.39587,0.582206,-0.710157],[0.847171,0.0668967,0.527091]],[[0.354383,-0.810284,-0.466746],[-0.739606,0.0625409,-0.670128],[0.572185,0.58269,-0.577128]],[[0.354383,-0.810284,-0.466746],[-0.935046,-0.301666,-0.186245],[0.0101097,0.502431,-0.864558]]],1],[1612,[-0.67069,-0.36902,0.643428],161,66.6797,[46.5697,121.111,-4.55211],[45.8566,125.222,-5.14989],[-12.5534,148.15,-47.4289],false,[95.2782,114.438,52.2803],[106.385,138.828,-11.7667],[66.1255,141.327,-37.7208],[47.1465,130.885,-19.5133],[45.8619,124.026,-2.16376],[[[0.165021,-0.9309,-0.325874],[0.97323,0.1001,0.206891],[-0.159974,-0.351292,0.922498]],[[0.169417,-0.920742,-0.351471],[0.516531,0.386676,-0.763988],[0.839341,-0.0521128,0.541101]],[[0.169417,-0.920742,-0.351471],[-0.722131,0.12672,-0.680051],[0.67069,0.36902,-0.643428]],[[0.169417,-0.920742,-0.351471],[-0.983147,-0.133035,-0.125391],[0.0686951,0.366791,-0.927764]]],2],[1613,[-0.679116,-0.196156,0.707336],161,64.1143,[53.0213,107.735,-1.09477],[52.3673,110.325,-0.855644],[-5.64135,132.891,-17.2773],false,[98.2883,103.49,47.7482],[110.95,116.616,-11.8587],[72.969,118.876,-34.8631],[54.2479,113.469,-15.364],[52.5123,109.525,2.72274],[[[0.0658416,-0.977328,-0.201232],[0.976937,0.0220859,0.212381],[-0.203122,-0.210575,0.956243]],[[0.0669459,-0.976168,-0.206432],[0.515558,0.210979,-0.830474],[0.854235,-0.0508311,0.517396]],[[0.0669459,-0.976168,-0.206432],[-0.730971,0.0928384,-0.676063],[0.679116,0.196156,-0.707336]],[[0.0669459,-0.976168,-0.206432],[-0.99338,-0.0458535,-0.105323],[0.0933471,0.212117,-0.972776]]],3],[1614,[-0.725106,0.0066229,0.688606],161,50.2644,[65.5458,95.1293,-2.34265],[64.6346,100.023,-3.56214],[-10.492,136.505,-51.8308],false,[94.4081,90.4571,43.7894],[110.355,95.3206,-11.4521],[81.6295,101.193,-30.9063],[67.5165,101.322,-17.5037],[64.585,99.6643,-0.684811],[[[-0.12044,-0.985256,-0.121512],[0.953476,-0.148884,0.262139],[-0.276365,-0.0842866,0.95735]],[[-0.121361,-0.985532,-0.118315],[0.564633,0.0294905,-0.824815],[0.816371,-0.166906,0.552885]],[[-0.121361,-0.985532,-0.118315],[-0.677859,0.169361,-0.715418],[0.725106,-0.0066229,-0.688606]],[[-0.121361,-0.985532,-0.118315],[-0.977785,0.13922,-0.156701],[0.170906,0.0966696,-0.980534]]],4],[1620,[0.0925379,-0.200582,-0.975297],162,49.3926,[-107.87,139.383,-26.5266],[-107.207,139.114,-26.1319],[-47.15,210.844,-13.7685],false,[-112.141,133.026,59.1758],[-112.141,133.026,59.1758],[-113.383,156.496,18.1181],[-110.393,150.015,-13.3973],[-107.118,136.213,-30.449],[[[-0.960089,-0.262575,0.0963522],[-0.16517,0.81027,0.5623],[0.225717,-0.523943,0.821301]],[[-0.985459,-0.158634,-0.0608769],[-0.167875,0.853649,0.493053],[0.0262476,-0.496103,0.867867]],[[-0.985459,-0.158634,-0.0608769],[-0.142505,0.966748,-0.212345],[-0.0925379,0.200582,0.975297]],[[-0.985459,-0.158634,-0.0608769],[-0.0840734,0.766582,-0.636619],[-0.147657,0.622244,0.768772]]],0],[1621,[0.489327,-0.266205,0.830478],162,55.7341,[-97.6843,129.723,3.3424],[-98.1597,133.553,2.25491],[-20.8807,156.687,0.716537],false,[-133.914,128.904,55.4803],[-144.633,146.073,-11.242],[-107.757,141.523,-27.8964],[-96.5479,135.425,-8.87253],[-98.5134,132.739,6.9744],[[[-0.207457,-0.95491,-0.212387],[-0.966089,0.165873,0.197885],[0.153733,-0.246237,0.95694]],[[-0.203497,-0.960839,-0.188088],[-0.371994,0.253579,-0.892926],[-0.905654,0.11174,0.40903]],[[-0.203497,-0.960839,-0.188088],[0.848026,-0.0769634,-0.524337],[-0.489327,0.266205,-0.830478]],[[-0.203497,-0.960839,-0.188088],[0.971522,-0.221983,0.0828738],[0.121381,0.165867,-0.978649]]],1],[1622,[0.524171,-0.11988,0.843133],162,63.5045,[-94.6137,118.147,6.23369],[-95.3341,122.328,5.40162],[-30.6138,158.805,3.50349],false,[-137.953,118.286,52.8135],[-149.81,125.756,-11.8061],[-107.985,127.281,-30.1137],[-93.8587,124.05,-7.39109],[-95.5669,121.806,10.1941],[[[-0.0170246,-0.993591,-0.11175],[-0.983644,-0.00340073,0.180091],[0.179317,-0.112988,0.977282]],[[-0.0200955,-0.991508,-0.128483],[-0.401654,0.125689,-0.907125],[-0.915571,-0.0333767,0.400769]],[[-0.0200955,-0.991508,-0.128483],[0.851376,0.0504041,-0.522129],[-0.524171,0.11988,-0.843133]],[[-0.0200955,-0.991508,-0.128483],[0.995187,-0.0321653,0.0925672],[0.0959138,0.126005,-0.987382]]],2],[1623,[0.465062,0.0370034,0.884504],162,61.0613,[-99.8176,103.766,15.8743],[-100.622,108.707,15.4531],[-44.5974,162.699,4.38823],false,[-139.129,106.859,50.9126],[-151.026,104.69,-7.20904],[-111.187,107.874,-21.2035],[-98.9776,108.845,2.01841],[-101.102,108.673,19.5972],[[[0.0837489,-0.996286,0.0200273],[-0.976129,-0.0779797,0.202708],[0.200394,0.0365258,0.979034]],[[0.0796017,-0.996827,-0.000151228],[-0.329454,-0.0261654,-0.943809],[-0.94081,-0.0751786,0.330492]],[[0.0796017,-0.996827,-0.000151228],[0.881692,0.0704784,-0.466532],[-0.465062,-0.0370034,-0.884504]],[[0.0796017,-0.996827,-0.000151228],[0.989582,0.0790049,0.120357],[0.119963,0.00973026,-0.992731]]],3],[1624,[0.505135,0.175003,0.845111],162,47.8709,[-107.865,90.2537,12.8051],[-108.87,96.1186,12.063],[-54.9001,167.294,11.661],false,[-133.545,94.616,49.9802],[-147.525,85.3026,-2.34421],[-117.66,92.4316,-15.7697],[-108.296,95.6756,-0.10417],[-109.107,96.291,16.2],[[[0.266505,-0.958691,0.0994348],[-0.929655,-0.228454,0.289049],[0.254393,0.169473,0.952136]],[[0.252709,-0.966298,0.0490498],[-0.376689,-0.144955,-0.914928],[-0.891204,-0.212734,0.400625]],[[0.252709,-0.966298,0.0490498],[0.825213,0.18879,-0.532336],[-0.505135,-0.175003,-0.845111]],[[0.252709,-0.966298,0.0490498],[0.966267,0.254653,0.0384657],[0.04966,-0.0376746,-0.998055]]],4]],[[0,200,0],[235.247,235.247,147.751]]],[248445,4511196176,[[161,"right",[0.324945,0.36154,-0.873899],[-0.891372,-0.191687,-0.410745],[96.0213,129.268,8.13301],[1.35616,176.957,-17.1165],[95.9842,128.867,8.09702],0.898108,1,0.522045,[[0.220567,-0.899446,-0.377289],[0.729522,0.408884,-0.548281],[0.647417,-0.154308,0.746352]],63.4093,[258.739,62.2829,255.419],[84.7889,103.743,54.8871]],[162,"left",[-0.329798,0.069027,-0.941525],[0.928674,-0.155556,-0.336701],[-139.147,122.266,8.83907],[-39.6773,207.311,-14.1836],[-138.317,117.101,9.15197],0.755633,1,0.347927,[[-0.00637543,-0.987143,-0.159714],[-0.662894,0.123752,-0.738415],[-0.748686,-0.101166,0.65516]],60.3898,[-318.878,86.3641,225.959],[-127.297,112.251,58.3103]]],[[1610,[-0.017097,0.128633,-0.991545],161,51.8622,[63.7707,153.178,-21.7795],[63.3917,152.184,-21.2736],[20.9948,243.761,-29.0136],false,[65.1374,126.337,60.8239],[65.1374,126.337,60.8239],[64.7103,160.943,25.191],[64.1302,165.308,-8.45152],[63.7201,149.769,-25.7946],[[[0.987839,-0.125165,0.0922406],[0.0174921,0.678954,0.733972],[-0.154495,-0.723433,0.672887]],[[0.999818,-0.006246,-0.0180499],[0.0170554,0.717358,0.696496],[0.00859795,-0.696677,0.717334]],[[0.999818,-0.006246,-0.0180499],[0.00851501,0.991673,0.128503],[0.017097,-0.128633,0.991545]],[[0.999818,-0.006246,-0.0180499],[-0.00739159,0.744857,-0.667184],[0.0176118,0.667195,0.744675]]],0],[1611,[-0.580373,-0.590538,0.560743],161,58.5208,[48.0506,133.945,-4.12266],[47.856,137.184,-4.64647],[9.68797,176.302,-40.5668],false,[88.4782,126.593,57.4241],[98.1486,161.407,-6.24913],[62.5856,158.34,-29.7795],[48.6262,144.136,-16.2922],[48.2154,135.552,-1.62154],[[[0.366088,-0.838783,-0.403018],[0.921158,0.265161,0.284882],[-0.132089,-0.475535,0.869724]],[[0.374131,-0.804961,-0.460504],[0.409992,0.588973,-0.696432],[0.831825,0.0717541,0.55038]],[[0.374131,-0.804961,-0.460504],[-0.723321,0.0574725,-0.688116],[0.580373,0.590538,-0.560743]],[[0.374131,-0.804961,-0.460504],[-0.927061,-0.311697,-0.208333],[0.0241623,0.504859,-0.862864]]],1],[1612,[-0.683693,-0.377717,0.624415],161,66.6797,[46.6206,122.493,-5.07627],[46.5103,127.669,-6.19746],[11.2669,181.025,-65.4487],false,[94.5536,117.154,52.5117],[107.026,141.862,-11.1606],[67.4487,144.079,-38.1673],[48.1017,133.391,-20.4978],[46.4441,126.459,-3.20878],[[[0.182442,-0.928149,-0.32443],[0.966665,0.109033,0.231671],[-0.179651,-0.355882,0.917101]],[[0.187404,-0.917812,-0.350002],[0.532952,0.394315,-0.748651],[0.825131,-0.046234,0.563046]],[[0.187404,-0.917812,-0.350002],[-0.705297,0.122276,-0.698287],[0.683693,0.377717,-0.624415]],[[0.187404,-0.917812,-0.350002],[-0.978275,-0.142236,-0.150821],[0.0886424,0.370663,-0.924528]]],2],[1613,[-0.690163,-0.205917,0.693738],161,64.1143,[53.2204,109.256,-1.35572],[53.1413,112.762,-1.5567],[19.5998,168.903,-28.66],false,[97.7858,106.251,48.0238],[111.813,119.697,-11.2048],[74.2939,121.615,-34.9844],[55.2682,115.939,-15.8602],[53.2186,111.92,2.17721],[[[0.0806223,-0.975964,-0.20247],[0.971009,0.0310422,0.237017],[-0.225035,-0.215709,0.950173]],[[0.0818952,-0.974727,-0.207847],[0.530283,0.219193,-0.818996],[0.843856,-0.043146,0.534832]],[[0.0818952,-0.974727,-0.207847],[-0.719005,0.0866347,-0.689585],[0.690163,0.205917,-0.693738]],[[0.0818952,-0.974727,-0.207847],[-0.990525,-0.0565353,-0.125153],[0.11024,0.216127,-0.970122]]],3],[1614,[-0.739232,-0.00377615,0.67344],161,50.2644,[65.6437,96.2994,-2.74905],[65.5371,102.602,-4.07843],[20.2138,176.451,-49.1801],false,[94.1365,93.1931,43.9288],[111.421,98.3953,-10.8779],[83.0764,104.047,-30.9473],[68.6884,103.973,-17.8398],[65.4214,102.217,-1.09288],[[[-0.10752,-0.985994,-0.127497],[0.948007,-0.140314,0.285648],[-0.299537,-0.0901557,0.949815]],[[-0.108443,-0.986267,-0.124568],[0.582542,0.0384911,-0.811889],[0.805534,-0.160609,0.570368]],[[-0.108443,-0.986267,-0.124568],[-0.664662,0.165114,-0.728671],[0.739232,0.00377615,-0.67344]],[[-0.108443,-0.986267,-0.124568],[-0.975686,0.129603,-0.176749],[0.190467,0.102372,-0.976341]]],4],[1620,[0.0815206,-0.236657,-0.968167],162,49.3926,[-108.485,140.199,-27.6831],[-107.835,139.813,-27.334],[-53.3574,177.37,-46.5122],false,[-112.137,137.059,58.2633],[-112.137,137.059,58.2633],[-113.411,158.962,16.3498],[-110.776,151.315,-14.9352],[-107.834,136.923,-31.5542],[[[-0.963273,-0.243924,0.112281],[-0.150033,0.835682,0.528323],[0.222702,-0.492074,0.841586]],[[-0.987927,-0.147583,-0.0471096],[-0.152563,0.873992,0.46137],[0.0269168,-0.462987,0.885956]],[[-0.987927,-0.147583,-0.0471096],[-0.131736,0.960319,-0.24583],[-0.0815206,0.236656,0.968167]],[[-0.987927,-0.147583,-0.0471096],[-0.0800112,0.746466,-0.660595],[-0.132658,0.648851,0.749263]]],0],[1621,[0.494831,-0.237219,0.835984],162,55.7341,[-97.8502,131.11,3.02022],[-98.4283,135,1.21382],[-22.3063,158.994,-35.507],false,[-133.989,133.11,54.8568],[-144.836,147.601,-12.477],[-108.208,141.833,-29.2987],[-96.8728,136.399,-10.1487],[-98.7277,134.427,5.81605],[[[-0.222666,-0.959833,-0.170704],[-0.9624,0.188473,0.195611],[0.155581,-0.207841,0.96571]],[[-0.218388,-0.965091,-0.144588],[-0.378231,0.220292,-0.899118],[-0.899582,0.141669,0.413136]],[[-0.218388,-0.965091,-0.144588],[0.8411,-0.111022,-0.529363],[-0.494831,0.237219,-0.835984]],[[-0.218388,-0.965091,-0.144588],[0.969115,-0.231876,0.0839567],[0.114552,0.121787,-0.985924]]],1],[1622,[0.527141,-0.091316,0.844857],162,63.5045,[-94.8611,119.538,6.09323],[-95.7962,123.86,4.91873],[-36.054,161.893,-12.554],false,[-138.199,122.449,52.6626],[-150.314,127.358,-12.154],[-108.578,127.477,-30.7244],[-94.3716,125.016,-7.95534],[-96.0134,123.555,9.71836],[[[-0.0322491,-0.997061,-0.0694921],[-0.98254,0.0188793,0.18509],[0.183234,-0.0742477,0.980262]],[[-0.0352611,-0.995704,-0.0856194],[-0.404998,0.0925595,-0.90962],[-0.913637,-0.0026015,0.406522]],[[-0.0352611,-0.995704,-0.0856194],[0.849046,0.0153429,-0.528096],[-0.527141,0.091316,-0.844857]],[[-0.0352611,-0.995704,-0.0856194],[0.995117,-0.0428843,0.0888951],[0.0921849,0.0820668,-0.992354]]],2],[1623,[0.471502,0.0675892,0.879271],162,61.0613,[-100.077,105.074,15.8219],[-101.218,110.747,15.519],[-50.0064,179.177,4.38004],false,[-139.553,110.971,51.2532],[-151.813,106.526,-6.66298],[-112.029,108.517,-21.0283],[-99.6505,110.292,2.05629],[-101.667,110.897,19.6382],[[[0.0692272,-0.995687,0.0617651],[-0.975992,-0.054781,0.210806],[0.206513,0.0748758,0.975575]],[[0.0649872,-0.997011,0.041791],[-0.336269,-0.0613103,-0.939768],[-0.939521,-0.0470199,0.339248]],[[0.0649872,-0.997011,0.041791],[0.879467,0.0374369,-0.474485],[-0.471502,-0.0675892,-0.879271]],[[0.0649872,-0.997011,0.041791],[0.991367,0.0692852,0.111314],[0.113877,-0.0341962,-0.992906]]],3],[1624,[0.512725,0.203139,0.834175],162,47.8709,[-108.107,91.2866,12.8448],[-109.678,98.1501,12.736],[-63.918,182.586,28.4577],false,[-134.155,98.6179,50.8116],[-148.57,87.3111,-0.999552],[-118.685,93.4177,-14.8781],[-109.181,97.1833,0.584641],[-109.887,98.5011,16.852],[[[0.252968,-0.957499,0.138576],[-0.931238,-0.202148,0.303203],[0.262303,0.205748,0.942796]],[[0.238797,-0.967009,0.0887113],[-0.384318,-0.178008,-0.905877],[-0.891782,-0.182227,0.414147]],[[0.238797,-0.967009,0.0887113],[0.824675,0.153714,-0.544318],[-0.512725,-0.203139,-0.834175]],[[0.238797,-0.967009,0.0887113],[0.970106,0.241631,0.0225567],[0.0432479,-0.0806729,-0.995802]]],4]],[[0,200,0],[235.247,235.247,147.751]]],[248446,4511205353,[[161,"right",[0.325792,0.353978,-0.876675],[-0.89315,-0.188876,-0.408178],[96.0106,131.627,7.4043],[0.653056,199.3,-34.5045],[96.0072,131.268,7.49428],0.896615,1,0.524201,[[0.209763,-0.902279,-0.376685],[0.729344,0.400978,-0.554323],[0.651196,-0.158456,0.742182]],63.4093,[259.661,63.8941,253.749],[84.6953,106.469,54.3372]],[162,"left",[-0.352837,0.0712681,-0.932967],[0.920231,-0.15404,-0.359787],[-138.966,123.282,8.48512],[-23.0737,180.361,-20.9908],[-138.494,118.79,8.96982],0.753783,1,0.362993,[[-0.000215729,-0.986761,-0.162182],[-0.660372,0.121929,-0.740974],[-0.750939,-0.106941,0.651655]],60.3898,[-318.056,85.7813,224.376],[-125.899,113.146,57.6242]]],[[1610,[-0.0172245,0.130281,-0.991327],161,51.8622,[63.9491,155.972,-22.5326],[63.5538,154.945,-22.1077],[19.5696,260.974,-44.4491],false,[65.1905,129.219,60.159],[65.1905,129.219,60.159],[64.9538,163.698,24.4006],[64.3693,168.118,-9.23452],[63.838,152.57,-26.5655],[[[0.987201,-0.13058,0.0915586],[0.0227421,0.683501,0.729596],[-0.157851,-0.718175,0.677722]],[[0.999735,-0.0129109,-0.0190673],[0.0225287,0.71976,0.693857],[0.00476561,-0.694103,0.71986]],[[0.999735,-0.0129109,-0.0190673],[0.015283,0.991393,0.130025],[0.0172245,-0.130281,0.991327]],[[0.999735,-0.0129109,-0.0190673],[-0.00312196,0.744394,-0.667734],[0.0228146,0.667616,0.744156]]],0],[1611,[-0.582646,-0.58385,0.565369],161,58.5208,[48.1813,135.987,-4.67338],[47.9796,139.836,-5.43799],[11.2548,208.06,-53.9104],false,[88.5271,129.312,56.7227],[98.3109,163.66,-7.18591],[62.7565,160.758,-30.7502],[48.7423,146.715,-17.1516],[48.363,138.238,-2.41802],[[[0.360369,-0.843546,-0.398202],[0.923188,0.261365,0.281803],[-0.133638,-0.469168,0.872939]],[[0.368595,-0.80982,-0.456432],[0.415374,0.58274,-0.698483],[0.831626,0.0678676,0.551173]],[[0.368595,-0.80982,-0.456432],[-0.724335,0.0575462,-0.687043],[0.582646,0.58385,-0.565369]],[[0.368595,-0.80982,-0.456432],[-0.929322,-0.309228,-0.201836],[0.0223094,0.498568,-0.866563]]],1],[1612,[-0.68514,-0.369643,0.627652],161,66.6797,[46.659,124.263,-5.68156],[46.4843,130.252,-6.88114],[7.26037,208.627,-67.5976],false,[94.5375,119.804,51.8616],[107.062,144.03,-11.9858],[67.4708,146.328,-38.9655],[48.0829,135.868,-21.2044],[46.4129,129.055,-3.86949],[[[0.176304,-0.931291,-0.318771],[0.967664,0.104627,0.229523],[-0.1804,-0.348929,0.919622]],[[0.181314,-0.921096,-0.34454],[0.534612,0.386375,-0.751601],[0.825418,-0.0479193,0.562484]],[[0.181314,-0.921096,-0.34454],[-0.705484,0.122256,-0.698101],[0.68514,0.369643,-0.627652]],[[0.181314,-0.921096,-0.34454],[-0.979362,-0.137306,-0.148313],[0.0893036,0.36432,-0.926982]]],2],[1613,[-0.67956,-0.19878,0.706176],161,64.1143,[53.384,111.15,-1.49024],[53.2124,115.234,-1.68242],[15.5975,194.877,-14.8794],false,[97.6966,108.854,47.4385],[111.714,121.836,-11.8957],[73.8827,123.719,-35.1778],[55.1493,118.239,-15.7107],[53.3168,114.355,2.37935],[[[0.0743832,-0.977707,-0.196356],[0.971543,0.0266463,0.23536],[-0.224881,-0.208275,0.951867]],[[0.0757158,-0.976455,-0.201998],[0.519869,0.211525,-0.827643],[0.850884,-0.0423468,0.523644]],[[0.0757158,-0.976455,-0.201998],[-0.729702,0.083801,-0.67861],[0.67956,0.19878,-0.706176]],[[0.0757158,-0.976455,-0.201998],[-0.992247,-0.0537596,-0.112055],[0.0985572,0.208916,-0.972955]]],3],[1614,[-0.734069,0.00335368,0.679067],161,50.2644,[65.717,97.8569,-3.19371],[65.4399,105.039,-4.51708],[10.9798,200.476,-44.4871],false,[93.9618,95.7927,43.4325],[111.193,100.54,-11.4321],[82.7715,106.239,-31.3783],[68.484,106.305,-18.1613],[65.3291,104.65,-1.38262],[[[-0.113701,-0.986114,-0.121039],[0.947575,-0.144253,0.285119],[-0.29862,-0.0822751,0.950819]],[[-0.114404,-0.986306,-0.118799],[0.578344,0.031106,-0.815199],[0.807731,-0.161968,0.566866]],[[-0.114404,-0.986306,-0.118799],[-0.669369,0.164894,-0.7244],[0.734069,-0.00335368,-0.679067]],[[-0.114404,-0.986306,-0.118799],[-0.97626,0.133759,-0.170369],[0.183926,0.0964877,-0.978193]]],4],[1620,[0.0540038,-0.221954,-0.97356],162,49.3926,[-109.527,142.062,-28.7796],[-108.897,141.543,-28.4883],[-71.5055,187.299,-67.6533],false,[-110.76,137.965,57.2708],[-110.76,137.965,57.2708],[-113.265,160.254,15.6173],[-111.52,153.082,-15.842],[-109.023,138.933,-32.7403],[[[-0.960077,-0.244875,0.135232],[-0.137544,0.834193,0.534045],[0.243584,-0.494125,0.834571]],[[-0.988509,-0.149739,-0.0206951],[-0.14159,0.869248,0.473668],[0.0529375,-0.471155,0.880461]],[[-0.988509,-0.149739,-0.0206951],[-0.141187,0.963491,-0.22749],[-0.0540038,0.221954,0.97356]],[[-0.988509,-0.149739,-0.0206951],[-0.100878,0.75543,-0.647417],[-0.112578,0.63789,0.761855]]],0],[1621,[0.521273,-0.237864,0.81957],162,55.7341,[-97.9461,132.384,2.37073],[-98.3926,136.104,-0.221747],[-13.6047,149.301,-75.1055],false,[-132.686,134.009,54.3909],[-145.191,148.67,-12.6182],[-109.094,143.009,-30.5844],[-97.1528,137.56,-11.8103],[-98.5385,135.561,4.19856],[[[-0.226193,-0.959535,-0.16772],[-0.957429,0.187303,0.219655],[0.179352,-0.210264,0.961053]],[[-0.220874,-0.965251,-0.139661],[-0.406497,0.221277,-0.886452],[-0.886552,0.139023,0.441246]],[[-0.220874,-0.965251,-0.139661],[0.824311,-0.10822,-0.555697],[-0.521273,0.237864,-0.81957]],[[-0.220874,-0.965251,-0.139661],[0.971541,-0.230319,0.0553294],[0.0855735,0.123466,-0.988652]]],1],[1622,[0.526769,-0.0882097,0.845419],162,63.5045,[-95.109,120.93,5.98342],[-95.9239,124.974,4.57275],[-31.9913,150.384,-8.76845],false,[-136.942,123.351,52.2725],[-150.647,128.422,-12.2142],[-108.894,128.453,-30.7455],[-94.6971,126.076,-7.96124],[-96.1724,124.676,9.73213],[[[-0.0333278,-0.996897,-0.0713078],[-0.977716,0.0177236,0.209184],[0.207271,-0.0766903,0.975273]],[[-0.0355506,-0.996017,-0.0817717],[-0.404104,0.0891627,-0.910357],[-0.914022,-0.000680514,0.405664]],[[-0.0355506,-0.996017,-0.0817717],[0.849265,0.0130196,-0.527807],[-0.526769,0.0882097,-0.845419]],[[-0.0355506,-0.996017,-0.0817717],[0.995929,-0.0420918,0.0797138],[0.0828382,0.0786049,-0.993458]]],2],[1623,[0.489628,0.0659136,0.869436],162,61.0613,[-100.248,106.434,15.5472],[-100.919,111.785,14.3226],[-27.5786,160.884,-31.2445],false,[-138.324,111.876,50.8665],[-151.998,107.575,-6.74303],[-112.526,109.637,-21.9331],[-99.6708,111.367,0.893308],[-101.299,111.93,18.5168],[[[0.0713369,-0.995798,0.057424],[-0.970493,-0.0559992,0.234538],[0.230336,0.0724608,0.970409]],[[0.0667185,-0.997047,0.038015],[-0.355814,-0.0593701,-0.932669],[-0.932172,-0.0487,0.358725]],[[0.0667185,-0.997047,0.038015],[0.869375,0.0393942,-0.49258],[-0.489628,-0.0659136,-0.869436]],[[0.0667185,-0.997047,0.038015],[0.993524,0.0698981,0.0895767],[0.0919694,-0.0317924,-0.995254]]],3],[1624,[0.533249,0.20149,0.821612],162,47.8709,[-108.306,92.4775,12.7105],[-109.394,99.1788,11.5894],[-37.1259,162.872,-14.8117],false,[-132.93,99.528,50.26],[-148.605,88.3471,-1.21152],[-119.08,94.5069,-15.8187],[-109.196,98.2418,-0.588775],[-109.501,99.5193,15.6943],[[[0.256883,-0.957686,0.129805],[-0.923395,-0.203577,0.32542],[0.285225,0.203456,0.936618]],[[0.241536,-0.967056,0.0803953],[-0.406751,-0.176113,-0.896403],[-0.88103,-0.183812,0.435888]],[[0.241536,-0.967056,0.0803953],[0.810744,0.155578,-0.564349],[-0.533249,-0.20149,-0.821612]],[[0.241536,-0.967056,0.0803953],[0.970212,0.242254,-0.000841658],[0.0186622,-0.0782038,-0.996763]]],4]],[[0,200,0],[235.247,235.247,147.751]]],[248447,4511222925,[[161,"right",[0.338595,0.344403,-0.875637],[-0.889174,-0.187276,-0.417489],[96.0154,134.371,6.73224],[0.477763,179.211,-36.2469],[96.0153,134.315,6.74583],0.904625,1,0.526893,[[0.195714,-0.904989,-0.377745],[0.728611,0.392007,-0.561656],[0.656371,-0.165305,0.736106]],63.4093,[260.334,65.2755,251.518],[83.9776,109.69,53.7389]],[162,"left",[-0.350233,0.111378,-0.930017],[0.918143,-0.155646,-0.364401],[-139.632,127.439,7.66234],[-29.9891,206.522,-33.0202],[-139.083,123.261,8.29384],0.742481,1,0.395863,[[-0.0207423,-0.980155,-0.197143],[-0.664052,0.160914,-0.730165],[-0.747398,-0.115768,0.654212]],60.3898,[-318.057,85.6616,223.811],[-126.806,115.285,56.4056]]],[[1610,[-0.00398246,0.149645,-0.988732],161,51.8622,[64.4852,160.33,-23.5811],[64.1476,158.885,-23.2706],[24.4443,250.935,-50.4445],false,[64.5372,132.603,59.1224],[64.5372,132.603,59.1224],[64.9363,167.13,23.4123],[64.8012,172.208,-10.1348],[64.3945,156.812,-27.6048],[[[0.985218,-0.135478,0.104836],[0.0178179,0.689717,0.72386],[-0.170374,-0.711292,0.681936]],[[0.999803,-0.0186411,-0.0068484],[0.0181611,0.718691,0.695092],[-0.00803543,-0.69508,0.718888]],[[0.999803,-0.0186411,-0.0068484],[0.0194559,0.988564,0.149541],[0.00398246,-0.149645,0.988732]],[[0.999803,-0.0186411,-0.0068484],[0.00945595,0.750097,-0.66126],[0.0174636,0.661065,0.750125]]],0],[1611,[-0.60354,-0.57516,0.552206],161,58.5208,[48.5574,140.161,-6.55257],[48.4367,143.225,-7.49198],[17.3553,204.802,-91.0447],false,[87.9144,132.531,55.973],[98.683,166.261,-8.10605],[63.8748,163.995,-32.8257],[49.3582,150.161,-19.5438],[48.7349,141.798,-4.75355],[[[0.360252,-0.849068,-0.386398],[0.921186,0.258481,0.290869],[-0.147091,-0.46073,0.875267]],[[0.369492,-0.815466,-0.445523],[0.447883,0.576372,-0.683517],[0.814172,0.0530123,0.578199]],[[0.369492,-0.815466,-0.445523],[-0.706552,0.0648548,-0.704683],[0.60354,0.57516,-0.552206]],[[0.369492,-0.815466,-0.445523],[-0.92851,-0.305088,-0.211636],[0.0366586,0.49187,-0.869896]]],1],[1612,[-0.693256,-0.360654,0.623958],161,66.6797,[46.8279,128.074,-7.07321],[46.7283,133.168,-8.15905],[11.0749,187.811,-67.8935],false,[93.9278,122.947,51.2689],[107.377,146.54,-12.6272],[68.1212,148.827,-40.0941],[48.5036,138.621,-22.4375],[46.6399,131.974,-5.05829],[[[0.174714,-0.935048,-0.30848],[0.965376,0.101037,0.240502],[-0.193714,-0.339818,0.920325]],[[0.180148,-0.925013,-0.334511],[0.545654,0.37693,-0.748456],[0.818418,-0.0476942,0.57264]],[[0.180148,-0.925013,-0.334511],[-0.697812,0.119497,-0.706242],[0.693256,0.360654,-0.623958]],[[0.180148,-0.925013,-0.334511],[-0.978577,-0.134082,-0.156231],[0.0996641,0.35549,-0.929351]]],2],[1613,[-0.665851,-0.19126,0.721154],161,64.1143,[53.7717,114.831,-1.30067],[53.6061,117.945,-1.63281],[17.6363,173.016,8.90499],false,[97.0763,111.94,46.9804],[111.897,124.321,-12.2872],[73.7091,125.965,-34.9993],[55.3537,120.692,-15.1194],[53.7116,116.998,3.02873],[[[0.0710281,-0.979802,-0.186931],[0.968724,0.0230892,0.247064],[-0.237757,-0.198633,0.950798]],[[0.0724547,-0.978591,-0.192638],[0.507009,0.202466,-0.837824],[0.85889,-0.0369647,0.510824]],[[0.0724547,-0.978591,-0.192638],[-0.742559,0.0760168,-0.665453],[0.665851,0.19126,-0.721154]],[[0.0724547,-0.978591,-0.192638],[-0.993454,-0.0537087,-0.100819],[0.0883146,0.198681,-0.976077]]],3],[1614,[-0.732191,0.00922749,0.681037],161,50.2644,[65.891,101.559,-4.04696],[65.6039,107.774,-5.05453],[9.19897,178.311,-29.7185],false,[93.3142,98.8659,43.0422],[111.244,103.033,-11.6453],[82.863,108.734,-31.648],[68.6121,108.914,-18.3927],[65.4541,107.359,-1.605],[[[-0.118011,-0.986462,-0.113865],[0.943142,-0.147227,0.298005],[-0.310735,-0.072223,0.947749]],[[-0.118098,-0.986482,-0.113602],[0.579194,0.0244951,-0.814821],[0.80659,-0.162026,0.568472]],[[-0.118098,-0.986482,-0.113602],[-0.670783,0.163607,-0.723383],[0.732191,-0.00922749,-0.681037]],[[-0.118098,-0.986482,-0.113602],[-0.975786,0.136499,-0.17091],[0.184107,0.0906672,-0.978716]]],4],[1620,[0.0441413,-0.165241,-0.985265],162,49.3926,[-110.609,148.599,-28.8948],[-109.862,147.634,-28.6154],[-65.1595,270.747,-37.2519],false,[-111.265,139.85,56.9819],[-111.265,139.85,56.9819],[-113.747,164.209,16.5026],[-112.32,158.87,-15.3349],[-110.104,145.569,-32.9458],[[[-0.964134,-0.234011,0.12524],[-0.124763,0.816057,0.564346],[0.234266,-0.528479,0.815983]],[[-0.990398,-0.136572,-0.0214665],[-0.12791,0.846299,0.517124],[0.0524574,-0.514904,0.855641]],[[-0.990398,-0.136572,-0.0214665],[-0.131012,0.976751,-0.169683],[-0.0441413,0.165241,0.985265]],[[-0.990398,-0.136572,-0.0214665],[-0.0955629,0.788505,-0.607559],[-0.0999017,0.599673,0.793985]]],0],[1621,[0.519362,-0.274698,0.8092],162,55.7341,[-98.2653,135.897,1.2834],[-98.8029,139.946,-0.569736],[-18.0392,181.768,-52.3824],false,[-133.248,136.361,53.9383],[-145.413,153.685,-12.4952],[-109.445,148.118,-30.749],[-97.5478,141.825,-12.2125],[-98.9483,139.285,3.71828],[[[-0.241513,-0.948879,-0.203222],[-0.954585,0.194657,0.225558],[0.174469,-0.248468,0.952798]],[[-0.235913,-0.956216,-0.173191],[-0.404998,0.258752,-0.87694],[-0.883358,0.13674,0.448309]],[[-0.235913,-0.956216,-0.173191],[0.821345,-0.100952,-0.561428],[-0.519362,0.274698,-0.8092]],[[-0.235913,-0.956216,-0.173191],[0.967918,-0.247077,0.0456979],[0.0864886,0.156854,-0.983827]]],1],[1622,[0.509167,-0.123096,0.851819],162,63.5045,[-95.8533,124.632,5.99717],[-96.6797,128.609,4.77028],[-38.7792,175.838,4.57038],false,[-137.673,125.86,51.4242],[-151.198,133.529,-12.8437],[-109.073,133.401,-30.5159],[-95.3511,130.083,-7.55922],[-97.0398,128.159,10.0656],[[[-0.0494254,-0.992913,-0.108082],[-0.977611,0.0259332,0.208818],[0.204535,-0.115983,0.971964]],[[-0.0505035,-0.992287,-0.113207],[-0.383559,0.12393,-0.915163],[-0.922134,0.0027973,0.38686]],[[-0.0505035,-0.992287,-0.113207],[0.859184,0.0146215,-0.511457],[-0.509167,0.123096,-0.851819]],[[-0.0505035,-0.992287,-0.113207],[0.994213,-0.0607127,0.0886264],[0.0948159,0.108076,-0.989611]]],2],[1623,[0.485088,0.026147,0.874074],162,61.0613,[-100.897,109.913,14.7279],[-101.839,115.126,13.2742],[-39.8433,174.483,-42.3041],false,[-139.239,114.468,49.5945],[-152.895,112.518,-8.14686],[-113.299,114.496,-23.0229],[-100.564,115.183,-0.0747476],[-102.263,115.128,17.5509],[[[0.0550503,-0.998269,0.0206966],[-0.971625,-0.0487827,0.23144],[0.230029,0.0328501,0.972629]],[[0.0505738,-0.998719,0.00180853],[-0.350775,-0.0194582,-0.936258],[-0.935093,-0.0467157,0.351309]],[[0.0505738,-0.998719,0.00180853],[0.873001,0.0433279,-0.485789],[-0.485088,-0.026147,-0.874074]],[[0.0505738,-0.998719,0.00180853],[0.994098,0.0505136,0.0960112],[0.0959795,0.00305779,-0.995379]]],3],[1624,[0.535652,0.162563,0.828644],162,47.8709,[-109.018,95.8331,11.906],[-110.461,102.761,9.8953],[-48.0478,181.638,-53.2961],false,[-134.046,102.064,48.5375],[-149.823,93.0468,-3.32571],[-120.19,99.2554,-17.689],[-110.261,102.269,-2.32873],[-110.565,102.953,13.99],[[[0.241083,-0.965883,0.0946018],[-0.92707,-0.200361,0.316855],[0.287091,0.164091,0.943744]],[[0.225706,-0.973155,0.0450126],[-0.408765,-0.136544,-0.902368],[-0.88429,-0.18527,0.42861]],[[0.225706,-0.973155,0.0450126],[0.813716,0.162918,-0.557964],[-0.535652,-0.162563,-0.828644]],[[0.225706,-0.973155,0.0450126],[0.974017,0.226307,0.00868238],[0.018636,-0.0418834,-0.998949]]],4]],[[0,200,0],[235.247,235.247,147.751]]],[248448,4511241382,[[161,"right",[0.34305,0.339258,-0.875912],[-0.889284,-0.182977,-0.419158],[96.4575,137.985,5.53712],[11.798,187.223,-49.9939],[96.4503,137.925,5.5569],0.919707,1,0.535305,[[0.183209,-0.905902,-0.381806],[0.730202,0.385437,-0.564131],[0.65821,-0.175441,0.732107]],63.4093,[260.991,66.4034,249.3],[84.1406,113.542,52.5952]],[162,"left",[-0.322675,0.125712,-0.938124],[0.926714,-0.159688,-0.340149],[-140.314,131.895,7.22045],[-33.3369,223.353,-28.6418],[-139.829,128.496,7.64306],0.712833,1,0.43468,[[-0.0230578,-0.974881,-0.221532],[-0.669887,0.179553,-0.720425],[-0.742105,-0.13179,0.6572]],60.3898,[-318.882,85.3179,224.325],[-128.985,119.041,56.1549]]],[[1610,[-0.001571,0.163873,-0.98648],161,51.8622,[65.0471,164.952,-24.701],[64.7922,163.428,-24.5107],[27.3422,250.711,-55.3864],false,[64.834,136.597,57.8513],[64.834,136.597,57.8513],[65.458,171.232,22.2487],[65.4047,176.792,-11.2219],[64.9442,161.446,-28.7348],[[[0.984055,-0.141443,0.107844],[0.0203907,0.692034,0.721577],[-0.176694,-0.707872,0.683883]],[[0.999704,-0.0236924,-0.00552783],[0.0208351,0.716439,0.697339],[-0.0125613,-0.697247,0.716721]],[[0.999704,-0.0236924,-0.00552783],[0.0242779,0.986197,0.163788],[0.001571,-0.163873,0.98648]],[[0.999704,-0.0236924,-0.00552783],[0.0141736,0.751855,-0.659176],[0.0197736,0.658902,0.751969]]],0],[1611,[-0.619634,-0.568267,0.541411],161,58.5208,[49.1387,144.74,-8.78537],[49.1699,147.565,-9.56442],[27.1763,222.328,-107.338],false,[88.2183,136.364,54.7626],[99.3681,169.807,-9.40151],[65.0722,168.252,-34.8805],[50.1684,154.583,-21.8582],[49.397,146.257,-7.05438],[[[0.355779,-0.852665,-0.382602],[0.922078,0.253546,0.292383],[-0.152297,-0.456812,0.876429]],[[0.365385,-0.819333,-0.4418],[0.472213,0.572162,-0.670556],[0.80219,0.0363874,0.595959]],[[0.365385,-0.819333,-0.4418],[-0.694656,0.0759311,-0.715323],[0.619634,0.568267,-0.541411]],[[0.365385,-0.819333,-0.4418],[-0.92975,-0.298095,-0.21611],[0.0453681,0.489727,-0.870695]]],1],[1612,[-0.694718,-0.354731,0.625726],161,66.6797,[47.2219,132.469,-8.58723],[47.2929,137.054,-9.46689],[21.1922,197.921,-66.9115],false,[94.1821,126.725,50.1065],[107.947,150.015,-13.8337],[68.757,152.454,-41.3818],[49.098,142.416,-23.6752],[47.2306,135.845,-6.2672],[[[0.169492,-0.937189,-0.304876],[0.965384,0.0956517,0.242661],[-0.198257,-0.335452,0.920959]],[[0.175116,-0.927169,-0.331198],[0.549343,0.371177,-0.748632],[0.817041,-0.0508441,0.574333]],[[0.175116,-0.927169,-0.331198],[-0.69764,0.120514,-0.70624],[0.694718,0.354731,-0.625726]],[[0.175116,-0.927169,-0.331198],[-0.97947,-0.12994,-0.154121],[0.0998603,0.351388,-0.930889]]],2],[1613,[-0.654484,-0.185897,0.732867],161,64.1143,[54.3008,118.895,-1.33528],[54.1941,121.669,-2.12305],[23.5972,185.59,-0.937745],false,[97.2708,115.684,45.8632],[112.323,127.77,-13.4072],[73.8084,129.424,-35.5601],[55.7663,124.3,-15.3572],[54.3074,120.693,2.82403],[[[0.0652095,-0.980865,-0.183446],[0.968215,0.0177072,0.249493],[-0.241471,-0.193884,0.950842]],[[0.0666231,-0.979712,-0.189013],[0.495173,0.196925,-0.846182],[0.866236,-0.037219,0.498247]],[[0.0666231,-0.979712,-0.189013],[-0.753135,0.0748802,-0.65359],[0.654484,0.185897,-0.732867]],[[0.0666231,-0.979712,-0.189013],[-0.994688,-0.0503164,-0.0898011],[0.0784687,0.193992,-0.97786]]],3],[1614,[-0.72174,0.0113052,0.692072],161,50.2644,[66.2109,106.023,-4.90423],[66.0657,111.443,-5.83239],[15.5151,187.06,-27.3952],false,[93.4348,102.621,41.9593],[111.532,106.489,-12.6952],[82.9324,112.315,-32.3481],[68.8849,112.535,-18.878],[65.9071,110.986,-2.0569],[[[-0.124056,-0.986064,-0.110848],[0.941408,-0.152268,0.300942],[-0.313626,-0.0670196,0.947178]],[[-0.12346,-0.985935,-0.112647],[0.569328,0.0226018,-0.8218],[0.812787,-0.165592,0.55853]],[[-0.12346,-0.985935,-0.112647],[-0.681065,0.166745,-0.712984],[0.72174,-0.0113052,-0.692072]],[[-0.12346,-0.985935,-0.112647],[-0.977046,0.140629,-0.160016],[0.173607,0.0903055,-0.980666]]],4],[1620,[0.0594815,-0.119597,-0.991039],162,49.3926,[-111.124,155.619,-28.18],[-110.279,154.103,-27.932],[-47.0827,323.226,-0.559061],false,[-113.25,143.453,57.4711],[-113.25,143.453,57.4711],[-114.953,169.165,17.7956],[-113.031,165.3,-14.2285],[-110.555,152.746,-32.3456],[[[-0.969331,-0.226639,0.0950359],[-0.133533,0.810352,0.570525],[0.206316,-0.540337,0.815763]],[[-0.990218,-0.132594,-0.043431],[-0.134804,0.828883,0.542937],[0.0359911,-0.543481,0.83865]],[[-0.990218,-0.132594,-0.043431],[-0.126212,0.983929,-0.126314],[-0.0594815,0.119597,0.991039]],[[-0.990218,-0.132594,-0.043431],[-0.0837209,0.813662,-0.575279],[-0.111617,0.566015,0.816804]]],0],[1621,[0.492346,-0.287798,0.821442],162,55.7341,[-98.6755,140.409,1.14946],[-99.1559,144.128,0.398752],[-19.2782,203.32,-1.3248],false,[-135.168,140.203,53.7642],[-145.287,158.433,-12.7702],[-108.833,152.717,-29.984],[-97.5551,146.124,-11.1671],[-99.44,143.429,4.68808],[[[-0.244012,-0.944123,-0.221562],[-0.958851,0.200692,0.200818],[0.145131,-0.261447,0.954244]],[[-0.23914,-0.952162,-0.190264],[-0.375835,0.271444,-0.88604],[-0.895299,0.14038,0.422769]],[[-0.23914,-0.952162,-0.190264],[0.836903,-0.102764,-0.537617],[-0.492346,0.287798,-0.821442]],[[-0.23914,-0.952162,-0.190264],[0.963982,-0.256304,0.0710386],[0.116406,0.166423,-0.979159]]],1],[1622,[0.476122,-0.135575,0.868865],162,63.5045,[-96.7137,129.1,6.73228],[-97.3672,132.72,6.04348],[-39.8363,198.222,36.6782],false,[-139.613,129.774,50.9977],[-151.238,138.335,-13.5286],[-108.478,137.951,-29.5974],[-95.6461,134.297,-6.18126],[-97.9338,132.227,11.3594],[[[-0.0551012,-0.991052,-0.12157],[-0.982881,0.0323987,0.181371],[0.175809,-0.129482,0.975872]],[[-0.0555639,-0.990708,-0.124139],[-0.347443,0.135745,-0.927823],[-0.936053,0.00842236,0.351758]],[[-0.0555639,-0.990708,-0.124139],[0.877622,0.0108276,-0.479231],[-0.476122,0.135575,-0.868865]],[[-0.0555639,-0.990708,-0.124139],[0.990158,-0.0706697,0.1208],[0.12845,0.116205,-0.984884]]],2],[1623,[0.459054,0.0115262,0.888334],162,61.0613,[-101.864,114.461,14.391],[-102.823,119.176,13.8009],[-46.6949,196.198,-7.70357],false,[-141.227,118.42,48.9852],[-153.254,117.287,-9.139],[-113.216,119.078,-22.8085],[-101.164,119.38,0.514029],[-103.379,119.136,18.0808],[[[0.0456227,-0.998908,0.0100388],[-0.978201,-0.0426345,0.203238],[0.202588,0.0190922,0.979078]],[[0.0417552,-0.999091,-0.00861405],[-0.322887,-0.00533453,-0.946423],[-0.945516,-0.0422995,0.322816]],[[0.0417552,-0.999091,-0.00861405],[0.887427,0.0410469,-0.459118],[-0.459054,-0.0115262,-0.888334]],[[0.0417552,-0.999091,-0.00861405],[0.991265,0.0403456,0.125559],[0.125097,0.0137815,-0.992049]]],3],[1624,[0.512623,0.14781,0.845795],162,47.8709,[-110.068,100.559,11.2437],[-111.444,106.93,10.0027],[-50.8772,202.894,-24.7202],false,[-136.116,105.983,47.924],[-150.492,97.7317,-4.47129],[-120.399,103.842,-17.8904],[-110.897,106.582,-2.21228],[-111.667,107.075,14.098],[[[0.229759,-0.969117,0.0895692],[-0.93743,-0.195627,0.288021],[0.261604,0.15014,0.953426]],[[0.215799,-0.97563,0.039708],[-0.383439,-0.122072,-0.915463],[-0.898001,-0.18233,0.400438]],[[0.215799,-0.97563,0.039708],[0.831053,0.162166,-0.532028],[-0.512623,-0.14781,-0.845795]],[[0.215799,-0.97563,0.039708],[0.975297,0.217333,0.0395102],[0.0471772,-0.0302009,-0.99843]]],4]],[[0,200,0],[235.247,235.247,147.751]]],[248449,4511250011,[[161,"right",[0.345702,0.336755,-0.875835],[-0.889484,-0.179658,-0.420168],[96.5112,140.1,5.3404],[10.3222,202.553,-42.7893],[96.5025,139.789,5.37133],0.920409,1,0.539099,[[0.173687,-0.90588,-0.386282],[0.730173,0.381661,-0.56673],[0.660818,-0.183619,0.727739]],63.4093,[261.576,66.4293,247.941],[84.0251,115.765,52.4101]],[162,"left",[-0.324078,0.131089,-0.936904],[0.926874,-0.154294,-0.342197],[-140.205,133.94,7.2157],[-21.1555,226.982,-21.2001],[-139.971,130.553,7.48155],0.683324,1,0.448216,[[-0.0204186,-0.973545,-0.227582],[-0.670457,0.182194,-0.719231],[-0.741667,-0.137898,0.65644]],60.3898,[-318.567,85.5019,224.025],[-128.782,120.788,56.0489]]],[[1610,[0.000173966,0.169544,-0.985523],161,51.8622,[65.208,167.333,-24.865],[64.9905,165.994,-24.7296],[25.4059,263.445,-46.0353],false,[64.8104,138.908,57.6125],[64.8104,138.908,57.6125],[65.6034,173.594,22.0625],[65.6093,179.347,-11.3756],[65.1076,164.032,-28.9141],[[[0.983291,-0.14553,0.109364],[0.0223662,0.692788,0.720794],[-0.180664,-0.706304,0.684467]],[[0.999611,-0.0275281,-0.00455933],[0.0228845,0.715311,0.698431],[-0.0159652,-0.698263,0.715663]],[[0.999611,-0.0275281,-0.00455933],[0.0279026,0.985138,0.169482],[-0.000173966,-0.169544,0.985523]],[[0.999611,-0.0275281,-0.00455933],[0.0177322,0.752869,-0.657932],[0.0215442,0.657595,0.753064]]],0],[1611,[-0.623913,-0.564763,0.540163],161,58.5208,[49.3534,146.738,-9.4997],[49.3575,149.97,-9.97848],[25.8617,237.298,-91.5851],false,[88.1976,138.572,54.5564],[99.5787,171.892,-9.63143],[65.396,170.551,-35.2743],[50.3893,156.967,-22.2821],[49.5799,148.669,-7.46429],[[[0.352646,-0.85463,-0.381114],[0.922754,0.249937,0.293355],[-0.155456,-0.455125,0.876752]],[[0.362459,-0.821475,-0.44023],[0.478914,0.569382,-0.668166],[0.79954,0.0313508,0.599793]],[[0.362459,-0.821475,-0.44023],[-0.692356,0.078878,-0.717232],[0.623913,0.564763,-0.540163]],[[0.362459,-0.821475,-0.44023],[-0.930783,-0.294933,-0.216004],[0.0476034,0.488051,-0.871516]]],1],[1612,[-0.696448,-0.351219,0.625784],161,66.6797,[47.3827,134.481,-9.13218],[47.4143,139.378,-9.75691],[19.7991,216.594,-57.3842],false,[94.1264,128.903,49.9197],[108.078,152.058,-14.0287],[68.9557,154.647,-41.6582],[49.2478,144.708,-23.9499],[47.3644,138.168,-6.53197],[[[0.165893,-0.938264,-0.303546],[0.965451,0.0918005,0.243878],[-0.200956,-0.333516,0.921077]],[[0.171619,-0.928256,-0.329982],[0.552514,0.368006,-0.747864],[0.815644,-0.053972,0.576031]],[[0.171619,-0.928256,-0.329982],[-0.696784,0.122419,-0.706757],[0.696448,0.351219,-0.625784]],[[0.171619,-0.928256,-0.329982],[-0.980002,-0.126615,-0.153509],[0.100715,0.349728,-0.931422]]],2],[1613,[-0.649151,-0.183001,0.738318],161,64.1143,[54.4616,120.688,-1.24158],[54.3005,123.884,-1.96502],[20.1109,203.755,7.73098],false,[97.1736,117.843,45.6936],[112.359,129.794,-13.5701],[73.6889,131.513,-35.4459],[55.7938,126.468,-15.0927],[54.4161,122.894,3.10123],[[[0.0612571,-0.98135,-0.182208],[0.967938,0.0138526,0.250805],[-0.243604,-0.19173,0.950735]],[[0.0626971,-0.98019