{"metadata":{"formatVersion":2,"generatedBy":"LeapJS Playback 0.2.1","frames":116,"protocolVersion":6,"serviceVersion":"2.2.6+29154","frameRate":"82","modified":"Thu Jun 04 2015 14:51:41 GMT-0300 (E. South America Standard Time)"},"frames":[["id","timestamp",{"hands":[["id","type","direction","palmNormal","palmPosition","palmVelocity","stabilizedPalmPosition","pinchStrength","grabStrength","confidence","armBasis","armWidth","elbow","wrist"]]},{"pointables":[["id","direction","handId","length","stabilizedTipPosition","tipPosition","tipVelocity","tool","carpPosition","mcpPosition","pipPosition","dipPosition","btipPosition","bases","type"]]},{"interactionBox":["center","size"]}],[248215,4508276416,[[161,"right",[0.323493,0.167517,-0.931284],[-0.818519,-0.444252,-0.364234],[104.317,141.657,7.46154],[8.50605,-163.87,-0.861396],[105.098,144.904,7.2683],0.618755,1,0.63084,[[0.0374171,-0.820942,-0.569785],[0.749363,0.400264,-0.527488],[0.661102,-0.407238,0.63016]],63.4093,[271.68,18.471,228.435],[94.0533,127.889,59.1215]],[162,"left",[-0.389009,-0.0149703,-0.921112],[0.920716,0.0271975,-0.389284],[-124.582,122.285,23.2095],[-26.149,-157.212,-20.1289],[-127.99,131.896,20.509],0.617632,1,0.424913,[[0.312877,-0.915517,-0.252858],[-0.668295,-0.0230296,-0.74354],[-0.6749,-0.40162,0.619041]],60.3898,[-280.919,12.9485,230.373],[-108.22,115.719,71.967]]],[[1610,[0.0384232,-0.131867,-0.990522],161,51.8622,[72.3248,162.099,-29.2956],[70.7456,158.338,-29.3006],[5.85126,-186.298,-10.2155],false,[70.6869,147.512,58.1911],[70.6869,147.512,58.1911],[67.1144,174.762,16.8126],[68.4181,170.288,-16.7952],[71.315,153.775,-32.9606],[[[0.986264,0.0758885,0.146711],[-0.142263,0.8416,0.521029],[-0.0839319,-0.534744,0.840836]],[[0.987588,0.156088,0.0175296],[-0.139637,0.821399,0.552996],[0.0719172,-0.54858,0.832999]],[[0.987588,0.156088,0.0175296],[-0.152297,0.978901,-0.136228],[-0.0384232,0.131867,0.990522]],[[0.987588,0.156088,0.0175296],[-0.0959121,0.68767,-0.71966],[-0.124385,0.709046,0.694105]]],0],[1611,[-0.530749,-0.519666,0.669516],161,58.5208,[57.061,137.746,-4.17366],[53.1503,133.95,-3.7042],[16.6061,-190.906,-20.6042],false,[93.8686,150.876,55.4148],[102.297,168.706,-15.0897],[67.4002,150.663,-31.9553],[54.6344,138.163,-15.8517],[52.3276,132.476,0.00429249],[[[0.522316,-0.839481,-0.149862],[0.844945,0.485754,0.223854],[-0.115125,-0.243547,0.963032]],[[0.52912,-0.820271,-0.217227],[0.231909,0.386043,-0.892854],[0.816242,0.42205,0.394491]],[[0.52912,-0.820271,-0.217227],[-0.662071,-0.238961,-0.710324],[0.530749,0.519666,-0.669516]],[[0.52912,-0.820271,-0.217227],[-0.83763,-0.463975,-0.288276],[0.135676,0.334489,-0.932582]]],1],[1612,[-0.671553,-0.299785,0.677603],161,66.6797,[54.5964,129.176,-0.424318],[50.4256,125.392,-0.559489],[20.8128,-193.169,-23.1457],false,[101.699,141.666,53.4129],[114.497,150.391,-14.265],[73.0848,136.121,-33.8126],[54.0814,127.638,-14.6379],[49.2132,124.579,3.15669],[[[0.350213,-0.935093,-0.054326],[0.918352,0.331372,0.216384],[-0.184337,-0.125671,0.974796]],[[0.352063,-0.933772,-0.0642001],[0.361444,0.198906,-0.91093],[0.863371,0.2975,0.407534]],[[0.352063,-0.933772,-0.0642001],[-0.651973,-0.195445,-0.73262],[0.671553,0.299785,-0.677603]],[[0.352063,-0.933772,-0.0642001],[-0.899046,-0.318298,-0.30067],[0.260323,0.163574,-0.951565]]],2],[1613,[-0.680649,-0.14157,0.718801],161,64.1143,[65.1315,118.094,8.43738],[59.9461,114.607,9.94801],[23.0824,-189.944,-22.8857],false,[106.932,130.69,52.1501],[122.745,130.175,-8.14335],[82.6749,118.777,-23.6781],[63.9114,114.875,-3.86303],[58.7266,114.452,13.9873],[[[0.249037,-0.965697,0.073559],[0.934682,0.259542,0.242914],[-0.253673,0.00825981,0.967255]],[[0.254846,-0.965629,0.0511352],[0.350496,0.042958,-0.935578],[0.901225,0.256351,0.349397]],[[0.254846,-0.965629,0.0511352],[-0.686855,-0.217988,-0.693333],[0.680649,0.14157,-0.718801]],[[0.254846,-0.965629,0.0511352],[-0.925899,-0.258927,-0.275078],[0.278863,0.0227563,-0.960061]]],3],[1614,[-0.764672,0.0461914,0.642762],161,50.2644,[78.6801,111.627,6.32349],[74.5594,108.04,7.57256],[27.7315,-179.939,-18.1968],false,[105.705,116.588,51.6871],[125.729,109.984,-2.02525],[94.2718,105.857,-17.2411],[79.3887,106.756,-4.73074],[72.9281,108.643,11.0463],[[[0.0601201,-0.98777,0.143859],[0.93593,0.105884,0.335892],[-0.347016,0.114449,0.93085]],[[0.060467,-0.987884,0.142929],[0.443955,-0.101631,-0.890267],[0.894007,0.117286,0.432431]],[[0.060467,-0.987884,0.142929],[-0.641577,-0.14816,-0.752614],[0.764672,-0.0461914,-0.642762]],[[0.060467,-0.987884,0.142929],[-0.92438,-0.109452,-0.365435],[0.376651,-0.110024,-0.919798]]],4],[1620,[0.0621458,0.0341757,-0.997482],162,49.3926,[-102.709,170.106,-5.48736],[-100.187,166.586,-10.1416],[8.49697,-189.586,-5.16131],false,[-98.3682,143.051,70.8832],[-98.3682,143.051,70.8832],[-105.381,174.07,35.8586],[-103.373,175.175,3.62633],[-98.3305,163.045,-14.2458],[[[-0.886996,-0.429451,0.169736],[-0.284792,0.798085,0.530993],[0.363499,-0.422649,0.830203]],[[-0.95329,-0.29396,-0.0694642],[-0.263177,0.695461,0.668634],[0.148242,-0.655684,0.74034]],[[-0.95329,-0.29396,-0.0694642],[-0.295593,0.955207,0.014311],[-0.0621458,-0.0341757,0.997482]],[[-0.95329,-0.29396,-0.0694642],[-0.198873,0.783915,-0.588155],[-0.227348,0.546868,0.805759]]],0],[1621,[0.483445,-0.130711,0.865561],162,55.7341,[-92.2056,144.539,24.8494],[-90.12,142.347,16.3795],[-2.35012,-199.71,-32.1461],false,[-119.139,134.755,68.7804],[-136.417,145.59,2.10501],[-99.3909,146.734,-14.7967],[-88.3165,143.74,5.03086],[-90.7195,141.683,20.9116],[[[-0.0348741,-0.987842,-0.151499],[-0.968185,-0.00419112,0.250199],[0.247792,-0.155404,0.956268]],[[-0.0300374,-0.990684,-0.13283],[-0.414965,0.133256,-0.900026],[-0.909342,-0.0280852,0.415101]],[[-0.0300374,-0.990684,-0.13283],[0.874859,0.0382167,-0.482867],[-0.483445,0.130711,-0.865561]],[[-0.0300374,-0.990684,-0.13283],[0.988472,-0.0491704,0.1432],[0.148397,0.126997,-0.98074]]],1],[1622,[0.439302,0.0175846,0.898167],162,63.5045,[-88.4392,135.771,21.5386],[-86.2817,131.984,23.0003],[-7.66439,-211.86,-52.3382],false,[-121.242,123.431,66.9013],[-137.698,124.67,2.8719],[-95.9179,132.687,-13.77],[-84.0786,133.161,10.4358],[-87.1043,131.569,27.9144],[[[0.164491,-0.98447,-0.0613286],[-0.954468,-0.174548,0.241918],[0.248866,-0.0187429,0.968357]],[[0.164525,-0.984473,-0.0611962],[-0.369388,-0.0039674,-0.929267],[-0.914595,-0.175492,0.364305]],[[0.164525,-0.984473,-0.0611962],[0.883145,0.174654,-0.435374],[-0.439302,-0.0175846,-0.898167]],[[0.164525,-0.984473,-0.0611962],[0.971632,0.151068,0.181961],[0.169891,0.0893972,-0.9814]]],2],[1623,[0.422438,0.152215,0.893519],162,61.0613,[-91.505,123.375,19.025],[-87.7186,117.808,28.7402],[-22.0355,-217.916,-64.8411],false,[-120.345,111.891,65.6443],[-134.68,104.059,8.56961],[-96.6903,113.841,-7.37296],[-85.5996,117.837,16.0857],[-88.588,117.725,33.5389],[[[0.270801,-0.96052,0.0637803],[-0.931857,-0.244947,0.267664],[0.241474,0.131918,0.961399]],[[0.264517,-0.963588,0.0390933],[-0.353757,-0.134662,-0.925593],[-0.897155,-0.231005,0.376497]],[[0.264517,-0.963588,0.0390933],[0.866936,0.219836,-0.44732],[-0.422438,-0.152215,-0.893519]],[[0.264517,-0.963588,0.0390933],[0.9495,0.267315,0.164297],[0.168764,0.00634007,-0.985636]]],3],[1624,[0.433561,0.34432,0.832747],162,47.8709,[-95.9546,111.428,18.7769],[-93.2857,104.843,25.5708],[-45.5387,-206.609,-70.7974],false,[-112.612,100.859,64.9651],[-127.338,85.9833,14.1531],[-100.082,97.4305,-1.62787],[-92.0451,103.813,13.8084],[-93.8922,105.297,29.9717],[[[0.447151,-0.885032,0.129515],[-0.853374,-0.378737,0.358205],[0.267971,0.270696,0.924616]],[[0.447974,-0.884195,0.13236],[-0.371168,-0.318614,-0.872192],[-0.81336,-0.341592,0.470915]],[[0.447974,-0.884195,0.13236],[0.781885,0.315663,-0.537599],[-0.433561,-0.34432,-0.832747]],[[0.447974,-0.884195,0.13236],[0.886867,0.458204,0.059292],[0.113073,-0.0908241,-0.989427]]],4]],[[0,200,0],[235.247,235.247,147.751]]],[248216,4508285423,[[161,"right",[0.323214,0.164414,-0.931934],[-0.819263,-0.444284,-0.362519],[104.493,139.517,7.28869],[11.5578,-184.133,-5.89769],[104.865,142.826,7.27616],0.617813,1,0.633422,[[0.0375404,-0.824897,-0.564035],[0.748479,0.397183,-0.531061],[0.662096,-0.402232,0.632328]],63.4093,[272.134,17.8384,228.89],[94.2399,125.912,58.9937]],[162,"left",[-0.398218,-0.00152429,-0.917289],[0.917058,0.0218546,-0.398154],[-124.78,120.757,22.9094],[-25.0238,-160.634,-23.7551],[-127.795,131.218,20.6551],0.635756,1,0.440598,[[0.296189,-0.919082,-0.259922],[-0.674404,-0.00853772,-0.738313],[-0.676352,-0.393973,0.622362]],60.3898,[-281.077,12.7093,230.687],[-108.006,113.523,71.4316]]],[[1610,[0.0373074,-0.134518,-0.990209],161,51.8622,[71.845,160.015,-29.3592],[70.8934,156.126,-29.5359],[8.30983,-201.474,-15.2703],false,[70.8974,145.561,58.0186],[70.8974,145.561,58.0186],[67.3156,172.675,16.5515],[68.5815,168.111,-17.0457],[71.4393,151.6,-33.2205],[[[0.986435,0.0750823,0.145978],[-0.14094,0.843283,0.518661],[-0.0841581,-0.5322,0.842426]],[[0.987757,0.155162,0.0161366],[-0.138334,0.823398,0.550345],[0.0721058,-0.545839,0.834782]],[[0.987757,0.155162,0.0161366],[-0.151472,0.978688,-0.13866],[-0.0373074,0.134518,0.990209]],[[0.987757,0.155162,0.0161366],[-0.0963218,0.687988,-0.719301],[-0.12271,0.708941,0.694511]]],0],[1611,[-0.531003,-0.517037,0.671348],161,58.5208,[56.4756,136.867,-4.11383],[53.3092,131.839,-3.82433],[16.9661,-202.789,-18.5413],false,[94.0818,148.888,55.2204],[102.496,166.503,-15.3398],[67.5665,148.452,-32.131],[54.7946,136.016,-15.9834],[52.4893,130.379,-0.109575],[[[0.52119,-0.840563,-0.1477],[0.845667,0.485346,0.222005],[-0.114924,-0.240612,0.963794]],[[0.527982,-0.82156,-0.215115],[0.231844,0.383114,-0.894132],[0.816996,0.422213,0.392751]],[[0.527982,-0.82156,-0.215115],[-0.662775,-0.240233,-0.709237],[0.531003,0.517037,-0.671348]],[[0.527982,-0.82156,-0.215115],[-0.838362,-0.463772,-0.286468],[0.135587,0.331594,-0.933628]]],1],[1612,[-0.671561,-0.297049,0.678799],161,66.6797,[53.9758,128.271,-0.516464],[50.5776,123.294,-0.660253],[19.7437,-204.132,-19.797],false,[101.899,139.662,53.2412],[114.673,148.175,-14.4684],[73.233,133.902,-33.9537],[54.2293,125.496,-14.7452],[49.367,122.493,3.06055],[[[0.349018,-0.935683,-0.0517975],[0.918878,0.330851,0.214945],[-0.183983,-0.122615,0.975252]],[[0.35088,-0.934382,-0.0617569],[0.361202,0.195895,-0.911679],[0.863954,0.297583,0.406236]],[[0.35088,-0.934382,-0.0617569],[-0.652602,-0.196703,-0.731723],[0.671561,0.297049,-0.678799]],[[0.35088,-0.934382,-0.0617569],[-0.899598,-0.318036,-0.299294],[0.260014,0.160572,-0.95216]]],2],[1613,[-0.679733,-0.138474,0.720269],161,64.1143,[64.463,117.351,8.62693],[60.1003,112.532,9.91085],[21.6575,-200.972,-16.9637],false,[107.119,128.676,52.0074],[122.899,127.967,-8.29244],[82.793,116.573,-23.7368],[64.0548,112.755,-3.88122],[58.8931,112.393,13.9771],[[[0.247871,-0.965789,0.0762283],[0.935132,0.259078,0.241674],[-0.253156,0.0113794,0.967359]],[[0.253686,-0.965793,0.0537321],[0.349251,0.039653,-0.93619],[0.902035,0.256264,0.347364]],[[0.253686,-0.965793,0.0537321],[-0.688191,-0.219246,-0.69161],[0.679733,0.138474,-0.720269]],[[0.253686,-0.965793,0.0537321],[-0.926591,-0.258581,-0.273066],[0.277619,0.0194852,-0.960494]]],3],[1614,[-0.764077,0.0493393,0.643236],161,50.2644,[78.1137,110.871,6.46701],[74.6947,105.947,7.51733],[24.3644,-194.319,-14.6767],false,[105.874,114.574,51.586],[125.861,107.79,-2.11739],[94.3877,103.658,-17.2981],[79.5161,104.618,-4.77852],[73.071,106.565,10.9976],[[[0.058964,-0.987423,0.146691],[0.936237,0.105689,0.335097],[-0.346386,0.117579,0.930694]],[[0.0591971,-0.987502,0.146064],[0.443193,-0.105111,-0.890242],[0.894469,0.117435,0.431432]],[[0.0591971,-0.987502,0.146064],[-0.642404,-0.149682,-0.751607],[0.764077,-0.0493393,-0.643236]],[[0.0591971,-0.987502,0.146064],[-0.924829,-0.10933,-0.364332],[0.375748,-0.113517,-0.919743]]],4],[1620,[0.0561907,0.0279021,-0.99803],162,49.3926,[-101.541,167.714,-7.18774],[-99.9585,164.204,-10.3507],[12.2203,-220.685,-13.7439],false,[-97.8858,140.763,70.5285],[-97.8858,140.763,70.5285],[-104.825,171.746,35.4568],[-103.009,172.647,3.20682],[-98.1814,160.258,-14.5462],[[[-0.889636,-0.422146,0.174187],[-0.271333,0.795422,0.541925],[0.367324,-0.434853,0.822178]],[[-0.956755,-0.284252,-0.0618137],[-0.251209,0.70021,0.668282],[0.146678,-0.65491,0.741336]],[[-0.956755,-0.284252,-0.0618137],[-0.285417,0.958343,0.0107231],[-0.0561907,-0.0279021,0.99803]],[[-0.956755,-0.284252,-0.0618137],[-0.192986,0.779233,-0.596282],[-0.217662,0.558567,0.800392]]],0],[1621,[0.490425,-0.144686,0.859389],162,55.7341,[-92.0637,144.237,24.2747],[-90.1847,140.531,15.9586],[-3.46334,-200.486,-36.4183],false,[-118.761,132.7,68.5486],[-136.583,144.397,2.16291],[-99.7122,145.339,-15.0856],[-88.4779,142.024,4.60059],[-90.7462,139.827,20.4823],[[[-0.0465009,-0.985823,-0.161216],[-0.96566,0.00306494,0.259792],[0.255615,-0.16776,0.952112]],[[-0.0415499,-0.988882,-0.142777],[-0.422209,0.146892,-0.894518],[-0.905546,-0.0231145,0.423618]],[[-0.0415499,-0.988882,-0.142777],[0.870492,0.0343138,-0.490985],[-0.490425,0.144686,-0.859389]],[[-0.0415499,-0.988882,-0.142777],[0.989268,-0.0607519,0.132882],[0.140079,0.135723,-0.980794]]],1],[1622,[0.449188,0.00417994,0.893428],162,63.5045,[-88.2842,135.314,21.6755],[-86.3806,130.074,22.4112],[-8.01783,-212,-57.284],false,[-120.998,121.418,66.5751],[-138.071,123.485,2.72902],[-96.3943,131.247,-14.287],[-84.2886,131.36,9.79111],[-87.1463,129.623,27.2842],[[[0.153768,-0.985406,-0.0730101],[-0.953773,-0.167328,0.249637],[0.25821,-0.0312489,0.965583]],[[0.153842,-0.985415,-0.0727365],[-0.379421,0.00905579,-0.92518],[-0.912345,-0.169929,0.372493]],[[0.153842,-0.985415,-0.0727365],[0.880093,0.170119,-0.443279],[-0.449188,-0.00417994,-0.893428]],[[0.153842,-0.985415,-0.0727365],[0.97498,0.139434,0.173122],[0.160455,0.0975501,-0.982211]]],2],[1623,[0.432808,0.138687,0.890754],162,61.0613,[-91.2304,122.766,19.811],[-87.9124,115.849,28.0289],[-21.6388,-218.008,-68.7978],false,[-120.231,109.883,65.1914],[-135.209,102.786,8.18571],[-97.2806,112.346,-8.03488],[-85.9176,115.987,15.3512],[-88.7339,115.725,32.8313],[[[0.261549,-0.963828,0.0512696],[-0.931632,-0.238214,0.274436],[0.252296,0.119543,0.960238]],[[0.254985,-0.966579,0.026598],[-0.364256,-0.121499,-0.923339],[-0.895712,-0.225749,0.383062]],[[0.254985,-0.966579,0.026598],[0.864673,0.215617,-0.453706],[-0.432808,-0.138687,-0.890754]],[[0.254985,-0.966579,0.026598],[0.953775,0.255941,0.157503],[0.159046,0.0147923,-0.98716]]],3],[1624,[0.444189,0.331093,0.83251],162,47.8709,[-95.7836,110.757,19.3189],[-93.6555,102.981,24.8293],[-44.0499,-206.783,-73.8394],false,[-112.62,98.7815,64.3226],[-127.999,84.5803,13.5109],[-100.766,95.9249,-2.38465],[-92.5319,102.062,13.0473],[-94.2161,103.396,29.2414],[[[0.439305,-0.890816,0.116008],[-0.853636,-0.373721,0.362819],[0.27985,0.258417,0.924611]],[[0.440225,-0.889959,0.119056],[-0.381834,-0.305565,-0.872257],[-0.812653,-0.33853,0.474335]],[[0.440225,-0.889959,0.119056],[0.780319,0.313609,-0.541066],[-0.444189,-0.331093,-0.83251]],[[0.440225,-0.889959,0.119056],[0.891949,0.448677,0.0558191],[0.103094,-0.081619,-0.991317]]],4]],[[0,200,0],[235.247,235.247,147.751]]],[248217,4508294503,[[161,"right",[0.322154,0.159294,-0.933189],[-0.820604,-0.44453,-0.359168],[104.515,136.919,6.9948],[9.02942,-212.343,-13.2203],[104.685,139.79,7.13154],0.614058,1,0.636796,[[0.0350705,-0.830694,-0.555624],[0.745875,0.391791,-0.538674],[0.665162,-0.395534,0.633335]],63.4093,[273.03,17.3102,228.947],[94.3124,123.584,58.7801]],[162,"left",[-0.404301,0.0116691,-0.914551],[0.914549,0.0181543,-0.404068],[-124.993,119.238,22.3487],[-24.5823,-162.45,-34.2658],[-127.582,130.306,20.784],0.655834,1,0.46141,[[0.279775,-0.922375,-0.266363],[-0.680646,0.0051051,-0.732595],[-0.677087,-0.386261,0.626383]],60.3898,[-281.22,12.5044,230.962],[-107.96,111.344,70.6777]]],[[1610,[0.0352715,-0.137977,-0.989807],161,51.8622,[71.3822,156.988,-29.6033],[70.8635,153.458,-29.9293],[4.90665,-224.089,-24.4117],false,[71.0046,143.271,57.7434],[71.0046,143.271,57.7434],[67.4049,170.183,16.1468],[68.6016,165.502,-17.4367],[71.3862,149.039,-33.6734],[[[0.986783,0.0739758,0.14418],[-0.138638,0.846048,0.514764],[-0.083903,-0.527949,0.845122]],[[0.988051,0.153505,0.0138107],[-0.136025,0.826383,0.546432],[0.0724669,-0.541782,0.83739]],[[0.988051,0.153505,0.0138107],[-0.150034,0.978468,-0.141743],[-0.0352715,0.137977,0.989807]],[[0.988051,0.153505,0.0138107],[-0.0972558,0.690487,-0.716777],[-0.119565,0.706869,0.697166]]],0],[1611,[-0.530908,-0.512761,0.674695],161,58.5208,[55.8432,135.452,-4.08102],[53.2978,129.279,-4.00125],[12.03,-224.621,-18.7006],false,[94.1909,146.542,54.8955],[102.534,163.799,-15.7615],[67.5461,145.729,-32.4088],[54.7764,133.396,-16.1807],[52.4844,127.84,-0.276087],[[[0.519433,-0.842227,-0.144372],[0.846878,0.484862,0.218418],[-0.113958,-0.235719,0.965117]],[[0.52616,-0.823568,-0.211875],[0.23113,0.378271,-0.896376],[0.818373,0.422667,0.389383]],[[0.52616,-0.823568,-0.211875],[-0.664298,-0.242511,-0.707033],[0.530908,0.512761,-0.674695]],[[0.52616,-0.823568,-0.211875],[-0.839632,-0.463628,-0.28296],[0.134806,0.32678,-0.935437]]],1],[1612,[-0.671058,-0.292712,0.681176],161,66.6797,[53.3122,126.828,-0.640121],[50.5576,120.751,-0.801348],[13.6871,-225.23,-18.4546],false,[101.989,137.292,52.9497],[114.679,145.453,-14.8188],[73.1831,131.163,-34.1726],[54.1936,122.88,-14.8969],[49.3523,119.968,2.92963],[[[0.347228,-0.936564,-0.047759],[0.919795,0.3302,0.212002],[-0.182784,-0.117542,0.976101]],[[0.349121,-0.935283,-0.0579701],[0.360112,0.19102,-0.913143],[0.865121,0.297922,0.403495]],[[0.349121,-0.935283,-0.0579701],[-0.654061,-0.198912,-0.729821],[0.671058,0.292712,-0.681176]],[[0.349121,-0.935283,-0.0579701],[-0.900606,-0.317799,-0.296502],[0.25889,0.155723,-0.953271]]],2],[1613,[-0.676838,-0.133223,0.723977],161,64.1143,[63.7313,116.115,8.8486],[60.1072,110.036,9.91932],[16.4179,-221.133,-9.91142],false,[107.186,126.291,51.7618],[122.877,125.26,-8.55674],[82.6868,113.861,-23.7776],[64.0285,110.189,-3.81982],[58.933,109.931,14.0594],[[[0.246212,-0.965862,0.0805581],[0.935957,0.258528,0.239056],[-0.251722,0.0165403,0.967658]],[[0.25204,-0.965985,0.0578737],[0.345528,0.0339689,-0.937793],[0.903928,0.256358,0.342337]],[[0.25204,-0.965985,0.0578737],[-0.69164,-0.221642,-0.687393],[0.676838,0.133223,-0.723977]],[[0.25204,-0.965985,0.0578737],[-0.9281,-0.258226,-0.268234],[0.274055,0.0138932,-0.961614]]],3],[1614,[-0.762837,0.054437,0.644295],161,50.2644,[77.49,109.608,6.61026],[74.6555,103.42,7.43359],[16.5774,-217.455,-12.9471],false,[105.915,112.189,51.4106],[125.811,105.107,-2.28808],[94.3047,100.958,-17.3955],[79.4573,102.018,-4.85532],[73.044,104.064,10.9212],[[[0.0573691,-0.986807,0.151399],[0.936917,0.105592,0.333221],[-0.344811,0.122732,0.930614]],[[0.0573942,-0.986816,0.151331],[0.441534,-0.110861,-0.89037],[0.895407,0.11792,0.429349]],[[0.0573942,-0.986816,0.151331],[-0.644038,-0.15242,-0.749655],[0.762837,-0.054437,-0.644295]],[[0.0573942,-0.986816,0.151331],[-0.925694,-0.109371,-0.362118],[0.373895,-0.119303,-0.919766]]],4],[1620,[0.0537851,0.0167544,-0.998412],162,49.3926,[-100.346,164.023,-9.09014],[-99.6491,161.476,-10.8761],[15.8794,-252.652,-30.4379],false,[-97.6094,138.504,69.9944],[-97.6094,138.504,69.9944],[-104.403,169.251,34.687],[-102.665,169.792,2.42465],[-97.9842,157.146,-15.1863],[[[-0.892106,-0.416264,0.175703],[-0.260782,0.791934,0.552118],[0.368972,-0.446727,0.815043]],[[-0.959323,-0.276637,-0.0563215],[-0.243063,0.707873,0.663201],[0.143597,-0.649914,0.746319]],[[-0.959323,-0.276637,-0.0563215],[-0.277141,0.960829,0.00119392],[-0.0537851,-0.0167544,0.998412]],[[-0.959323,-0.276637,-0.0563215],[-0.187534,0.773571,-0.605325],[-0.211024,0.57014,0.793983]]],0],[1621,[0.494439,-0.158221,0.854691],162,55.7341,[-91.9027,143.717,23.5394],[-90.2754,138.776,15.4095],[-5.13714,-198.718,-43.447],false,[-118.566,130.644,68.07],[-136.727,143.2,1.93327],[-99.9547,144.003,-15.5317],[-88.6285,140.378,4.0469],[-90.8134,138.029,19.9186],[[[-0.0561638,-0.983615,-0.171311],[-0.963849,0.00865384,0.266307],[0.260461,-0.180075,0.948543]],[[-0.0511606,-0.986886,-0.153097],[-0.426328,0.160209,-0.890268],[-0.903121,-0.0197228,0.428934]],[[-0.0511606,-0.986886,-0.153097],[0.867705,0.0319704,-0.49605],[-0.494439,0.158221,-0.854691]],[[-0.0511606,-0.986886,-0.153097],[0.989533,-0.0708044,0.125743],[0.134934,0.145061,-0.980179]]],1],[1622,[0.462772,-0.00732272,0.886447],162,63.5045,[-88.108,134.619,21.7163],[-86.4512,128.266,21.4825],[-5.85375,-207.655,-77.0916],false,[-120.915,119.403,65.9925],[-138.394,122.296,2.28829],[-96.9148,129.884,-15.2819],[-84.443,129.686,8.60804],[-87.1025,127.808,26.1177],[[[0.144683,-0.985867,-0.0844565],[-0.953516,-0.161718,0.254272],[0.264336,-0.0437418,0.963438]],[[0.14487,-0.985898,-0.0837741],[-0.393117,0.0203464,-0.919263],[-0.908004,-0.166107,0.384626]],[[0.14487,-0.985898,-0.0837741],[0.87456,0.167188,-0.455185],[-0.462772,0.00732272,-0.886447]],[[0.14487,-0.985898,-0.0837741],[0.978118,0.129919,0.162501],[0.149326,0.105483,-0.983146]]],2],[1623,[0.439923,0.125438,0.889232],162,61.0613,[-90.9352,121.87,20.6322],[-88.1363,113.957,27.1732],[-22.2842,-215.535,-75.957],false,[-120.258,107.877,64.4818],[-135.676,101.517,7.50647],[-97.7734,110.92,-8.86606],[-86.2236,114.213,14.48],[-88.9251,113.789,31.9751],[[[0.253471,-0.966544,0.0393157],[-0.93183,-0.233053,0.278171],[0.259701,0.107144,0.959727]],[[0.246712,-0.968978,0.0146337],[-0.371406,-0.10849,-0.92211],[-0.895092,-0.222061,0.386651]],[[0.246712,-0.968978,0.0146337],[0.863482,0.212946,-0.457223],[-0.439923,-0.125438,-0.889232]],[[0.246712,-0.968978,0.0146337],[0.957004,0.245985,0.153735],[0.152566,0.0239237,-0.988004]]],3],[1624,[0.450473,0.317955,0.834253],162,47.8709,[-95.6267,109.818,19.8487],[-94.0339,101.188,23.9654],[-43.2019,-204.365,-79.4622],false,[-112.75,96.7201,63.4445],[-128.589,83.1933,12.5902],[-101.329,94.4949,-3.28913],[-92.9786,100.389,12.1751],[-94.566,101.56,28.3915],[[[0.432283,-0.895764,0.103623],[-0.854433,-0.370161,0.364589],[0.288228,0.246145,0.925385]],[[0.433348,-0.894846,0.107053],[-0.387921,-0.292426,-0.874073],[-0.813466,-0.33725,0.473852]],[[0.433348,-0.894846,0.107053],[0.780566,0.313298,-0.540889],[-0.450473,-0.317955,-0.834253]],[[0.433348,-0.894846,0.107053],[0.895973,0.440579,0.0558839],[0.0971727,-0.0716991,-0.992682]]],4]],[[0,200,0],[235.247,235.247,147.751]]],[248218,4508303508,[[161,"right",[0.325769,0.16594,-0.930773],[-0.814252,-0.451079,-0.365406],[104.627,134.271,7.01811],[9.96146,-234.802,-8.87739],[104.647,136.144,7.05661],0.612251,1,0.669672,[[0.044773,-0.832533,-0.552163],[0.740696,0.39855,-0.540859],[0.670347,-0.384769,0.634498]],63.4093,[274.378,17.2599,229.174],[94.2667,120.641,58.6954]],[162,"left",[-0.409584,0.0208773,-0.912033],[0.912112,0.0280953,-0.408977],[-124.737,117.464,21.7275],[-10.0049,-171.954,-43.8036],[-127.323,129.137,20.8699],0.686088,1,0.46738,[[0.26873,-0.926016,-0.265102],[-0.683446,0.0106285,-0.729923],[-0.678738,-0.377335,0.630026]],60.3898,[-281.068,12.5047,231.074],[-107.386,109.061,69.8571]]],[[1610,[0.0417007,-0.133319,-0.990196],161,51.8622,[71.1005,153.153,-29.8928],[70.9924,150.626,-30.0826],[7.40628,-247.482,-23.4641],false,[70.7753,140.105,57.6021],[70.7753,140.105,57.6021],[67.1312,167.111,16.0694],[68.5461,162.587,-17.5273],[71.5666,146.293,-33.8915],[[[0.985204,0.0829671,0.149966],[-0.149686,0.842709,0.517141],[-0.083472,-0.531937,0.84266]],[[0.986399,0.1632,0.0195678],[-0.14709,0.823296,0.548223],[0.0733601,-0.543645,0.836103]],[[0.986399,0.1632,0.0195678],[-0.158991,0.977544,-0.138311],[-0.0417007,0.133319,0.990196]],[[0.986399,0.1632,0.0195678],[-0.100981,0.695623,-0.711275],[-0.129692,0.699625,0.702642]]],0],[1611,[-0.529593,-0.520394,0.669867],161,58.5208,[55.2519,133.289,-4.11297],[53.5447,126.175,-4.28732],[16.4046,-257.659,-22.2964],false,[93.9443,143.611,54.896],[102.512,161.216,-15.6483],[67.7923,142.87,-32.553],[55.0542,130.353,-16.441],[52.7283,124.715,-0.570108],[[[0.528364,-0.836611,-0.144616],[0.840914,0.492196,0.224958],[-0.117023,-0.240469,0.963577]],[[0.535284,-0.817636,-0.211998],[0.232321,0.383816,-0.893707],[0.812095,0.429135,0.395405]],[[0.535284,-0.817636,-0.211998],[-0.65803,-0.246296,-0.711572],[0.529593,0.520394,-0.669867]],[[0.535284,-0.817636,-0.211998],[-0.833521,-0.470662,-0.289344],[0.136799,0.331586,-0.933454]]],1],[1612,[-0.671923,-0.301976,0.676262],161,66.6797,[52.7146,124.62,-0.846752],[50.8726,117.606,-1.14685],[19.6886,-259.328,-23.8568],false,[101.842,134.445,52.9593],[114.828,142.985,-14.7063],[73.5811,128.371,-34.3469],[54.5672,119.826,-15.2102],[49.6563,116.795,2.57742],[[[0.356547,-0.932975,-0.0493202],[0.915361,0.338272,0.218371],[-0.187051,-0.123005,0.974619]],[[0.358532,-0.931603,-0.0597632],[0.363257,0.198202,-0.910363],[0.859941,0.304684,0.409473]],[[0.358532,-0.931603,-0.0597632],[-0.648054,-0.202305,-0.734233],[0.671923,0.301976,-0.676262]],[[0.358532,-0.931603,-0.0597632],[-0.895819,-0.325338,-0.302761],[0.262609,0.162086,-0.951191]]],2],[1613,[-0.678754,-0.142337,0.72044],161,64.1143,[63.0406,114.16,9.02736],[60.4756,106.949,9.63741],[23.321,-254.429,-15.0228],false,[107.152,123.499,51.7593],[123.187,122.848,-8.4741],[83.1774,111.118,-23.9171],[64.4663,107.195,-4.05675],[59.2881,106.821,13.7966],[[[0.25511,-0.963735,0.0783202],[0.932066,0.266658,0.245246],[-0.257237,0.0104347,0.966292]],[[0.261088,-0.963714,0.0555795],[0.349391,0.0406698,-0.936094],[0.899866,0.263822,0.347331]],[[0.261088,-0.963714,0.0555795],[-0.686386,-0.225823,-0.691287],[0.678754,0.142337,-0.72044]],[[0.261088,-0.963714,0.0555795],[-0.924267,-0.266182,-0.273638],[0.278503,0.0200731,-0.960226]]],3],[1614,[-0.766,0.0457377,0.641212],161,50.2644,[76.9425,107.673,6.71322],[75.0949,100.513,7.19665],[25.7075,-246.182,-15.7362],false,[106.02,109.387,51.3483],[126.282,102.702,-2.26454],[94.8828,98.3061,-17.5256],[79.9738,99.1963,-5.04545],[73.4723,101.141,10.7078],[[[0.0660884,-0.986773,0.148026],[0.933986,0.113383,0.338842],[-0.351144,0.115861,0.929126]],[[0.0657491,-0.98666,0.148923],[0.446536,-0.104375,-0.888657],[0.892347,0.124928,0.433716]],[[0.0657491,-0.98666,0.148923],[-0.639469,-0.156234,-0.752775],[0.766,-0.0457377,-0.641212]],[[0.0657491,-0.98666,0.148923],[-0.923043,-0.116832,-0.366527],[0.379036,-0.113364,-0.918412]]],4],[1620,[0.0547038,-0.000180894,-0.998503],162,49.3926,[-99.2737,159.168,-10.8493],[-99.2371,158.224,-11.4428],[23.7245,-294.995,-44.0297],false,[-97.1832,136.282,69.4542],[-97.1832,136.282,69.4542],[-104.125,166.471,33.6971],[-102.357,166.465,1.43186],[-97.5564,153.383,-15.8243],[[[-0.888866,-0.423206,0.175539],[-0.261813,0.783589,0.563421],[0.375994,-0.454847,0.807306]],[[-0.957878,-0.282351,-0.0524269],[-0.246862,0.716294,0.652673],[0.14673,-0.638123,0.755824]],[[-0.957878,-0.282351,-0.0524269],[-0.281918,0.959311,-0.0156189],[-0.0547038,0.000180894,0.998503]],[[-0.957878,-0.282351,-0.0524269],[-0.188743,0.756566,-0.626087],[-0.21644,0.589819,0.777989]]],0],[1621,[0.499776,-0.166353,0.85003],162,55.7341,[-91.7163,142.989,22.6859],[-90.165,137.263,14.8695],[-0.170408,-190.562,-48.3694],false,[-118.109,128.334,67.5505],[-136.714,141.614,1.67926],[-100.038,142.829,-15.9627],[-88.5892,139.019,3.50905],[-90.6738,136.459,19.3616],[[[-0.051927,-0.981694,-0.183248],[-0.962342,0.000159893,0.271842],[0.266836,-0.190463,0.944734]],[[-0.046844,-0.985138,-0.165252],[-0.431776,0.16915,-0.885979],[-0.900764,-0.0298491,0.433283]],[[-0.046844,-0.985138,-0.165252],[0.864887,0.0427702,-0.500141],[-0.499776,0.166353,-0.85003]],[[-0.046844,-0.985138,-0.165252],[0.990572,-0.0671336,0.119415],[0.128734,0.1581,-0.978995]]],1],[1622,[0.47646,-0.014133,0.879083],162,63.5045,[-87.8904,133.748,21.6214],[-86.168,126.75,20.4937],[6.41724,-196.197,-93.4874],false,[-120.41,117.108,65.3462],[-138.268,120.699,1.78289],[-97.1051,128.74,-16.321],[-84.2644,128.359,7.37049],[-86.7019,126.263,24.8878],[[[0.149423,-0.983948,-0.097566],[-0.951175,-0.169991,0.257624],[0.270074,-0.0543075,0.961307]],[[0.149608,-0.983985,-0.0969066],[-0.40702,0.02803,-0.912989],[-0.901084,-0.176033,0.396308]],[[0.149608,-0.983985,-0.0969066],[0.866374,0.17769,-0.466715],[-0.47646,0.014133,-0.879083]],[[0.149608,-0.983985,-0.0969066],[0.979227,0.133888,0.152279],[0.136866,0.117676,-0.983575]]],2],[1623,[0.444357,0.116701,0.888216],162,61.0613,[-90.5901,120.743,21.384],[-87.8254,112.32,26.2823],[-6.48006,-206.571,-82.4047],false,[-119.7,105.605,63.6882],[-135.41,99.8711,6.72599],[-97.652,109.681,-9.74126],[-85.9857,112.745,13.5782],[-88.584,112.089,31.0817],[[[0.258813,-0.965582,0.0258204],[-0.928974,-0.2415,0.280508],[0.264618,0.0965856,0.959504]],[[0.251918,-0.967748,0.00112084],[-0.376085,-0.0989672,-0.921285],[-0.891682,-0.231667,0.388888]],[[0.251918,-0.967748,0.00112084],[0.8597,0.22326,-0.459424],[-0.444357,-0.116701,-0.888216]],[[0.251918,-0.967748,0.00112084],[0.95656,0.249181,0.151333],[0.146731,0.0370514,-0.988482]]],3],[1624,[0.45135,0.309485,0.83696],162,47.8709,[-95.4266,108.669,20.29],[-93.6963,99.5729,23.0417],[-20.9272,-197.779,-85.545],false,[-112.139,94.5021,62.4692],[-128.197,81.5243,11.5406],[-101.052,93.1936,-4.26974],[-92.6855,98.9304,11.2447],[-94.2105,99.886,27.4812],[[[0.437612,-0.894649,0.0899938],[-0.850358,-0.379255,0.364769],[0.29221,0.236155,0.926739]],[[0.438813,-0.893668,0.093814],[-0.388957,-0.283021,-0.876705],[-0.810034,-0.34822,0.471792]],[[0.438813,-0.893668,0.093814],[0.776998,0.324926,-0.539163],[-0.45135,-0.309485,-0.83696]],[[0.438813,-0.893668,0.093814],[0.893716,0.4449,0.0577589],[0.0933551,-0.0584977,-0.993913]]],4]],[[0,200,0],[235.247,235.247,147.751]]],[248219,4508321579,[[161,"right",[0.333889,0.178198,-0.925615],[-0.812248,-0.44388,-0.37845],[105.065,129.809,6.37919],[16.7242,-240.565,-21.4573],[105.061,129.859,6.38454],0.6116,1,0.726941,[[0.0541391,-0.842291,-0.536297],[0.734098,0.397651,-0.55043],[0.676882,-0.363895,0.639853]],63.4093,[276.109,17.7069,229.69],[94.2424,115.479,57.7719]],[162,"left",[-0.459514,0.0421919,-0.887168],[0.886043,0.0908681,-0.45461],[-122.473,110.252,19.9196],[54.2649,-279.866,-70.5229],[-125.714,122.874,20.5547],0.716599,1,0.280916,[[0.235751,-0.941294,-0.241632],[-0.684367,0.0157253,-0.728968],[-0.689973,-0.33722,0.640484]],60.3898,[-278.696,14.2419,230.505],[-102.14,100.533,66.6124]]],[[1610,[0.0490663,-0.119742,-0.991592],161,51.8622,[71.5503,146.856,-30.8006],[71.7364,146.731,-30.8159],[23.0061,-231.572,-32.5924],false,[70.807,135.015,56.7582],[70.807,135.015,56.7582],[67.5432,162.561,15.5502],[69.208,158.499,-18.0938],[72.3133,142.492,-34.7238],[[[0.984116,0.0784098,0.159273],[-0.151991,0.835726,0.527694],[-0.0917321,-0.54352,0.834369]],[[0.986539,0.16086,0.0293912],[-0.149743,0.816468,0.557635],[0.0657045,-0.55453,0.829566]],[[0.986539,0.16086,0.0293912],[-0.155989,0.979687,-0.126023],[-0.0490663,0.119742,0.991592]],[[0.986539,0.16086,0.0293912],[-0.0946637,0.708364,-0.699471],[-0.133337,0.687273,0.714057]]],0],[1611,[-0.536298,-0.528404,0.658159],161,58.5208,[54.4885,127.36,-4.77405],[54.0545,121.995,-5.45523],[22.1121,-245.085,-42.4619],false,[94.0059,138.502,54.2937],[103.201,157.075,-15.9224],[68.5785,139.051,-33.364],[55.6792,126.341,-17.5336],[53.2086,120.487,-1.76314],[[[0.527572,-0.835802,-0.151996],[0.840174,0.486901,0.23882],[-0.125599,-0.253698,0.959095]],[[0.535095,-0.815904,-0.219029],[0.240516,0.395675,-0.886337],[0.80983,0.421594,0.407962]],[[0.535095,-0.815904,-0.219029],[-0.652731,-0.234713,-0.720314],[0.536298,0.528404,-0.658159]],[[0.535095,-0.815904,-0.219029],[-0.832201,-0.464499,-0.30279],[0.145308,0.344298,-0.927548]]],1],[1612,[-0.678081,-0.310018,0.666404],161,66.6797,[51.9465,118.632,-1.89162],[51.3407,113.386,-2.46673],[22.7828,-246.976,-47.0332],false,[101.898,129.344,52.2936],[115.467,138.802,-15.1352],[74.346,124.569,-35.3144],[55.1579,115.796,-16.4567],[50.0948,112.522,1.24499],[[[0.354742,-0.93307,-0.0594926],[0.91431,0.332901,0.230684],[-0.195439,-0.136228,0.971208]],[[0.356878,-0.931508,-0.0702148],[0.371054,0.210335,-0.904477],[0.857296,0.296735,0.420703]],[[0.356878,-0.931508,-0.0702148],[-0.642529,-0.190214,-0.742277],[0.678081,0.310018,-0.666404]],[[0.356878,-0.931508,-0.0702148],[-0.894054,-0.318808,-0.314688],[0.270749,0.175081,-0.946595]]],2],[1613,[-0.686625,-0.151353,0.711082],161,64.1143,[61.9341,108.38,8.58932],[60.8156,102.55,8.15421],[20.9137,-249.341,-48.5425],false,[107.192,118.403,50.9837],[123.725,118.559,-9.11801],[83.8584,107.153,-25.1606],[64.9303,102.981,-5.55827],[59.5779,102.36,12.2368],[[[0.252174,-0.96537,0.0668577],[0.930622,0.260874,0.256686],[-0.265238,-0.00251032,0.96418]],[[0.258367,-0.965041,0.0440725],[0.359511,0.0537054,-0.931594],[0.89666,0.256537,0.360818]],[[0.258367,-0.965041,0.0440725],[-0.679553,-0.213981,-0.701726],[0.686625,0.151353,-0.711082]],[[0.258367,-0.965041,0.0440725],[-0.922159,-0.259967,-0.286426],[0.28787,0.033361,-0.957088]]],3],[1614,[-0.77062,0.0397678,0.636053],161,50.2644,[76.1347,101.987,6.23912],[75.4515,96.1554,5.85858],[23.1017,-243.558,-42.8577],false,[106.03,104.301,50.3648],[126.721,98.3196,-3.16722],[95.4263,94.2151,-18.7211],[80.4274,94.9892,-6.34137],[73.8114,96.7495,9.38589],[[[0.0625252,-0.988917,0.134664],[0.931401,0.106295,0.348128],[-0.358584,0.10366,0.927724]],[[0.0617604,-0.988693,0.136643],[0.45298,-0.0942265,-0.886527],[0.889379,0.116649,0.442039]],[[0.0617604,-0.988693,0.136643],[-0.634296,-0.144582,-0.75945],[0.77062,-0.0397678,-0.636053]],[[0.0617604,-0.988693,0.136643],[-0.92055,-0.109332,-0.375012],[0.385711,-0.102625,-0.916894]]],4],[1620,[0.015503,0.0107738,-0.999822],162,49.3926,[-98.9482,150.281,-13.523],[-99.6974,151.3,-13.1879],[5.82938,-341.112,-74.6626],false,[-93.2401,128.208,66.9746],[-93.2401,128.208,66.9746],[-102.991,158.646,32.0949],[-102.49,158.994,-0.21299],[-97.8438,146.413,-17.8795],[[[-0.857446,-0.473415,0.201655],[-0.266361,0.743641,0.613229],[0.440271,-0.472098,0.763731]],[[-0.945935,-0.323846,-0.0181571],[-0.250447,0.693675,0.675345],[0.206113,-0.64338,0.737278]],[[-0.945935,-0.323846,-0.0181571],[-0.323984,0.946048,0.00517068],[-0.015503,-0.0107738,0.999822]],[[-0.945935,-0.323846,-0.0181571],[-0.247641,0.757231,-0.60438],[-0.209475,0.567208,0.796489]]],0],[1621,[0.552333,-0.180398,0.81387],162,55.7341,[-90.9942,139.691,19.8681],[-89.2781,131.984,12.2469],[24.6925,-239.778,-94.971],false,[-113.85,119.347,65.7973],[-136.632,134.674,1.70688],[-101.061,138.464,-17.7398],[-88.4083,134.331,0.903683],[-89.5036,130.955,16.7026],[[[-0.0165911,-0.97376,-0.226973],[-0.944967,-0.0589115,0.321817],[0.326744,-0.219821,0.919194]],[[-0.0104385,-0.977725,-0.209632],[-0.486478,0.188127,-0.853198],[-0.873631,-0.0930754,0.477605]],[[-0.0104385,-0.977725,-0.209632],[0.833558,0.107291,-0.541913],[-0.552333,0.180398,-0.81387]],[[-0.0104385,-0.977725,-0.209632],[0.997655,-0.0243655,0.063963],[0.067646,0.208473,-0.975686]]],1],[1622,[0.529462,-0.0292848,0.847828],162,63.5045,[-86.9214,130.418,20.4225],[-84.4152,121.485,16.9743],[51.1676,-241.167,-145.054],false,[-115.749,108.133,63.1831],[-137.212,113.724,0.892349],[-97.6106,124.578,-19.1249],[-83.3415,123.789,3.72431],[-84.6164,120.803,21.2356],[[[0.189044,-0.9701,-0.152214],[-0.926765,-0.227501,0.298914],[0.324605,-0.0845582,0.942062]],[[0.189228,-0.970147,-0.151681],[-0.461151,0.0485755,-0.885991],[-0.86691,-0.237602,0.438192]],[[0.189228,-0.970147,-0.151681],[0.82696,0.240742,-0.508114],[-0.529462,0.0292848,-0.847828]],[[0.189228,-0.970147,-0.151681],[0.97932,0.175197,0.101182],[0.0715869,0.167691,-0.983237]]],2],[1623,[0.484636,0.0969618,0.869325],162,61.0613,[-89.0006,116.482,21.925],[-85.1874,106.687,22.4036],[67.2196,-257.662,-145.036],false,[-114.602,96.7654,60.9422],[-133.13,92.858,4.67701],[-96.7763,105.236,-13.1617],[-84.0526,107.782,9.66171],[-85.6729,106.199,27.2238],[[[0.304074,-0.952041,-0.0340198],[-0.90007,-0.298808,0.317154],[0.312109,0.0658182,0.947764]],[[0.295873,-0.953428,-0.0586024],[-0.418787,-0.0743323,-0.905037],[-0.858532,-0.292318,0.421277]],[[0.295873,-0.953428,-0.0586024],[0.823157,0.28561,-0.490754],[-0.484636,-0.0969618,-0.869325]],[[0.295873,-0.953428,-0.0586024],[0.950834,0.28808,0.113684],[0.0915074,0.0893571,-0.991787]]],3],[1624,[0.480669,0.29261,0.826642],162,47.8709,[-94.0796,104.414,20.0666],[-90.6272,93.8552,18.8063],[70.669,-255.186,-156.161],false,[-106.615,86.1096,58.7976],[-124.826,74.6844,8.22285],[-99.1344,88.3745,-8.37526],[-90.2244,93.7985,6.94787],[-90.9121,93.9415,23.2687],[[[0.482664,-0.875478,0.0239699],[-0.810685,-0.436251,0.39048],[0.3314,0.207903,0.920299]],[[0.484131,-0.874546,0.0280576],[-0.4217,-0.261301,-0.868269],[-0.766672,-0.408524,0.4953]],[[0.484131,-0.874546,0.0280576],[0.731146,0.386716,-0.562029],[-0.480669,-0.29261,-0.826642]],[[0.484131,-0.874546,0.0280576],[0.873982,0.484864,0.0325819],[0.0420985,-0.00874799,-0.999075]]],4]],[[0,200,0],[235.247,235.247,147.751]]],[248220,4508331000,[[161,"right",[0.337112,0.17867,-0.924355],[-0.813369,-0.43917,-0.381523],[105.226,128.06,6.33491],[16.8532,-224.875,-16.675],[105.214,128.189,6.33847],0.612717,1,0.752743,[[0.0526888,-0.847704,-0.527846],[0.731889,0.392389,-0.557108],[0.679384,-0.356972,0.6411]],63.4093,[276.743,17.7558,229.92],[94.2041,113.668,57.6675]],[162,"left",[-0.469409,0.0649704,-0.880588],[0.881162,0.0984537,-0.462451],[-122.685,108.235,18.952],[32.3409,-261.103,-79.7072],[-125.024,119.538,20.1896],0.724674,1,0.239509,[[0.211347,-0.9451,-0.249237],[-0.691211,0.0357687,-0.721767],[-0.691056,-0.324819,0.645704]],60.3898,[-278.694,14.2153,230.393],[-101.86,97.3329,65.1645]]],[[1610,[0.0506141,-0.119303,-0.991567],161,51.8622,[71.7945,145.177,-30.9857],[72.0384,145.134,-30.9481],[25.0796,-214.353,-27.9789],false,[70.8644,133.318,56.6375],[70.8644,133.318,56.6375],[67.8076,160.897,15.4357],[69.5249,156.849,-18.2075],[72.589,140.89,-34.8909],[[[0.984064,0.0733762,0.16197],[-0.149379,0.835262,0.529172],[-0.0964585,-0.544934,0.832912]],[[0.987165,0.156555,0.031553],[-0.147371,0.816853,0.557703],[0.061537,-0.555195,0.829441]],[[0.987165,0.156555,0.031553],[-0.15147,0.980437,-0.125696],[-0.0506141,0.119303,0.991567]],[[0.987165,0.156555,0.031553],[-0.0905269,0.711305,-0.697029],[-0.131567,0.685227,0.716348]]],0],[1611,[-0.540457,-0.527293,0.655644],161,58.5208,[54.2977,124.959,-5.05011],[54.2083,120.514,-5.64445],[20.5026,-219.947,-36.0698],false,[94.0858,136.699,54.2403],[103.55,155.385,-15.9103],[68.8861,137.563,-33.4776],[55.8868,124.88,-17.7077],[53.3481,119.003,-1.95663],[[[0.523987,-0.83796,-0.152514],[0.841859,0.482369,0.242062],[-0.12927,-0.255233,0.958199]],[[0.531776,-0.817951,-0.219475],[0.244606,0.396457,-0.884867],[0.810791,0.416866,0.410902]],[[0.531776,-0.817951,-0.219475],[-0.652013,-0.230039,-0.722469],[0.540457,0.527293,-0.655644]],[[0.531776,-0.817951,-0.219475],[-0.833618,-0.459871,-0.305939],[0.149313,0.34565,-0.926408]]],1],[1612,[-0.681276,-0.308374,0.663904],161,66.6797,[51.744,116.243,-2.29714],[51.4476,111.91,-2.69209],[19.5592,-221.164,-40.4173],false,[101.939,127.508,52.2399],[115.726,137.052,-15.1326],[74.5918,123.061,-35.4523],[55.3132,114.335,-16.6653],[50.1889,111.043,1.01548],[[[0.35046,-0.934611,-0.060672],[0.915283,0.328036,0.233771],[-0.198582,-0.137459,0.970397]],[[0.352653,-0.933019,-0.0714929],[0.374404,0.210707,-0.903008],[0.857588,0.291681,0.423633]],[[0.352653,-0.933019,-0.0714929],[-0.641482,-0.185421,-0.744393],[0.681276,0.308374,-0.663904]],[[0.352653,-0.933019,-0.0714929],[-0.894734,-0.313835,-0.317741],[0.274021,0.176019,-0.945478]]],2],[1613,[-0.688728,-0.149572,0.709423],161,64.1143,[61.5769,105.942,8.38303],[60.8502,101.009,7.95751],[16.1063,-224.794,-40.2085],false,[107.185,116.545,50.9191],[123.873,116.757,-9.13957],[83.9854,105.575,-25.2875],[64.9993,101.452,-5.73087],[59.6071,100.819,12.0517],[[[0.247415,-0.966704,0.0653424],[0.931186,0.255875,0.259654],[-0.267728,-0.00339625,0.963489]],[[0.253678,-0.966353,0.0425361],[0.361664,0.053972,-0.930745],[0.897132,0.251493,0.363187]],[[0.253678,-0.966353,0.0425361],[-0.679191,-0.209261,-0.703498],[0.688728,0.149572,-0.709423]],[[0.253678,-0.966353,0.0425361],[-0.922789,-0.254958,-0.28889],[0.290014