{"metadata":{"formatVersion":2,"generatedBy":"LeapJS Playback 0.2.1","frames":1,"protocolVersion":6,"serviceVersion":"2.2.6+29154","frameRate":"1.1e+2","modified":"Thu Jun 04 2015 13:58:37 GMT-0300 (E. South America Standard Time)"},"frames":[["id","timestamp",{"hands":[["id","type","direction","palmNormal","palmPosition","palmVelocity","stabilizedPalmPosition","pinchStrength","grabStrength","confidence","armBasis","armWidth","elbow","wrist"]]},{"pointables":[["id","direction","handId","length","stabilizedTipPosition","tipPosition","tipVelocity","tool","carpPosition","mcpPosition","pipPosition","dipPosition","btipPosition","bases","type"]]},{"interactionBox":["center","size"]}],[65000,1328509725,[[29,"right",[-0.175149,-0.815726,-0.551283],[0.206933,-0.577932,0.789413],[-54.097,195.779,-13.0861],[-53.0466,14.6757,11.8411],[-44.78,192.637,-10.1997],0.521662,0.477555,0.140402,[[0.473338,-0.347579,-0.809407],[-0.101638,0.891174,-0.442129],[0.874998,0.291543,0.386499]],63.1562,[195.823,319.75,114.431],[-38.3363,241.73,10.9995]]],[[290,[-0.0665199,-0.964523,-0.255482],29,51.6552,[-83.2913,148.571,2.06624],[-86.9759,150.659,4.02184],[-17.5612,11.578,39.039],false,[-62.7248,238.993,28.9493],[-62.7248,238.993,28.9493],[-90.2902,199.913,16.2728],[-92.5382,167.318,7.63911],[-84.8193,145.975,2.84498],[[[0.168064,0.348011,-0.922303],[-0.798843,0.596274,0.079424],[0.577585,0.723427,0.378218]],[[0.0901339,0.249193,-0.96425],[-0.825507,0.560324,0.0676409],[0.557148,0.789899,0.256215]],[[0.0901339,0.249193,-0.96425],[-0.993706,0.0871694,-0.0703599],[0.0665199,0.964523,0.255482]],[[0.0901339,0.249193,-0.96425],[-0.938694,-0.302236,-0.165852],[-0.33276,0.920085,0.206675]]],0],[291,[-0.00580619,-0.939492,0.342521],29,58.2872,[-78.9912,100.775,2.60454],[-83.9631,102.221,3.33488],[-44.3544,-5.84319,-0.118883],false,[-60.8982,241.349,5.64486],[-82.7652,177.402,-21.7366],[-84.7821,136.138,-11.4187],[-84.9212,113.631,-3.21304],[-84.5801,98.1352,3.60837],[[[0.919477,-0.160805,-0.358753],[-0.25423,0.452853,-0.854571],[0.299882,0.876964,0.375506]],[[0.928811,-0.131978,-0.346254],[-0.367514,-0.208656,-0.906309],[0.0473648,0.969043,-0.242305]],[[0.928811,-0.131978,-0.346254],[-0.370508,-0.316127,-0.873377],[0.00580619,0.939492,-0.342521]],[[0.928811,-0.131978,-0.346254],[-0.370005,-0.381112,-0.84726],[-0.0201418,0.915061,-0.402813]]],1],[292,[0.201966,0.568786,0.797303],29,66.4135,[-51.0883,167.488,24.5664],[-54.5171,170.018,24.6109],[-30.1807,17.6237,17.9149],false,[-50.4014,239.66,-0.347484],[-62.2159,178.022,-29.3816],[-62.2824,140.391,0.0508422],[-56.59,156.422,22.5227],[-53.7862,174.604,25.4345],[[[0.981316,-0.115674,-0.153747],[-0.0884759,0.438291,-0.894468],[0.170853,0.891359,0.419868]],[[0.979341,-0.125651,-0.15844],[-0.202212,-0.60313,-0.771585],[0.00139038,0.787684,-0.616078]],[[0.979341,-0.125651,-0.15844],[-0.0100635,-0.812831,0.582412],[-0.201966,-0.568786,-0.797303]],[[0.979341,-0.125651,-0.15844],[0.135021,-0.176955,0.974914],[-0.150536,-0.976165,-0.156334]]],2],[293,[-0.0049253,0.460586,0.887601],29,63.8584,[-35.2365,168.324,20.4751],[-39.8116,171.485,19.83],[-31.5076,21.1973,12.9832],false,[-38.729,237.925,-3.35],[-40.2459,182.713,-31.706],[-39.4225,145.016,-8.4825],[-39.5578,157.662,15.8883],[-39.8734,175.383,21.2559],[[[0.999621,-0.0159516,-0.0224152],[-0.0126477,0.457098,-0.889326],[0.0244321,0.889273,0.456723]],[[0.999807,0.0191374,-0.00438267],[0.00630523,-0.524399,-0.851449],[-0.0185928,0.851257,-0.524419]],[[0.999807,0.0191374,-0.00438267],[0.019005,-0.887409,0.460591],[0.0049253,-0.460586,-0.887601]],[[0.999807,0.0191374,-0.00438267],[0.0097408,-0.289717,0.957063],[0.017046,-0.956921,-0.289847]]],3],[294,[-0.203522,0.384585,0.900374],29,50.0638,[-19.9427,171.295,10.7186],[-26.6368,175.102,9.21148],[-39.3319,18.3772,5.30824],false,[-25.4525,235.25,0.595882],[-19.5109,186.369,-29.0414],[-21.2811,155.361,-12.8042],[-25.2266,162.817,4.65023],[-27.2839,178.607,10.8391],[[[0.983987,0.0117742,0.177849],[0.145192,0.52581,-0.838119],[-0.103383,0.850521,0.515681]],[[0.978518,0.0490005,0.200256],[0.19988,-0.463469,-0.863275],[0.0505115,0.884757,-0.463307]],[[0.978518,0.0490005,0.200256],[-0.0328967,-0.921788,0.386296],[0.203522,-0.384585,-0.900374]],[[0.978518,0.0490005,0.200256],[-0.167339,-0.378591,0.910311],[0.120421,-0.924266,-0.362258]]],4]],[[0,200,0],[235.247,235.247,147.751]]]]}