{"metadata":{"formatVersion":2,"generatedBy":"LeapJS Playback 0.2.1","frames":1,"protocolVersion":6,"serviceVersion":"2.2.6+29154","frameRate":"1.1e+2","modified":"Thu Jun 04 2015 13:58:54 GMT-0300 (E. South America Standard Time)"},"frames":[["id","timestamp",{"hands":[["id","type","direction","palmNormal","palmPosition","palmVelocity","stabilizedPalmPosition","pinchStrength","grabStrength","confidence","armBasis","armWidth","elbow","wrist"]]},{"pointables":[["id","direction","handId","length","stabilizedTipPosition","tipPosition","tipVelocity","tool","carpPosition","mcpPosition","pipPosition","dipPosition","btipPosition","bases","type"]]},{"interactionBox":["center","size"]}],[65100,1329422912,[[29,"right",[-0.111168,-0.785029,-0.609403],[0.144584,-0.619455,0.771603],[-25.5038,191.203,-7.75637],[123.584,11.2734,4.12472],[-30.5393,190.853,-8.07547],0.66478,0.53509,0.200695,[[0.529043,-0.407601,-0.744295],[-0.100664,0.840754,-0.531977],[0.842603,0.356363,0.403764]],63.1562,[212.745,331.255,128.23],[-12.7444,235.889,20.1785]]],[[290,[0.00824532,-0.946557,-0.322432],29,51.6552,[-58.1581,146.869,3.43565],[-55.9324,147.223,2.70067],[148.221,1.73064,-2.73323],false,[-38.6015,231.855,35.6579],[-38.6015,231.855,35.6579],[-64.3973,193.722,17.5379],[-64.1187,161.734,6.64168],[-52.0494,142.387,2.38814],[[[0.244636,0.401811,-0.88244],[-0.812571,0.58152,0.0395239],[0.529038,0.707377,0.468761]],[[0.182652,0.318444,-0.930178],[-0.833547,0.551872,0.025255],[0.521381,0.770734,0.366238]],[[0.182652,0.318444,-0.930178],[-0.983143,0.0512232,-0.175516],[-0.00824532,0.946557,0.322432]],[[0.182652,0.318444,-0.930178],[-0.834217,-0.450486,-0.318031],[-0.520308,0.83406,0.18337]]],0],[291,[0.00648497,-0.941831,0.336024],29,58.2872,[-57.1854,96.7362,2.14787],[-54.0842,96.7573,1.58065],[138.782,10.6347,11.8337],false,[-34.7227,235.553,12.783],[-52.9661,173.018,-19.984],[-54.2471,131.421,-10.9679],[-54.0917,108.858,-2.91795],[-53.6023,93.4153,4.01517],[[[0.950604,-0.129508,-0.282097],[-0.18373,0.497745,-0.84764],[0.250189,0.8576,0.449364]],[[0.962095,-0.0857407,-0.258887],[-0.271052,-0.19592,-0.942415],[0.0300821,0.976864,-0.211734]],[[0.962095,-0.0857407,-0.258887],[-0.272639,-0.324966,-0.905574],[-0.00648497,0.941831,-0.336024]],[[0.962095,-0.0857407,-0.258887],[-0.27118,-0.401373,-0.874849],[-0.0289,0.911893,-0.40941]]],1],[292,[0.110478,0.458358,0.881874],29,66.4135,[-32.6876,159.16,26.794],[-29.5194,159.171,26.8189],[93.1884,21.588,12.2833],false,[-23.7021,234.328,7.68466],[-31.825,174.309,-25.6839],[-34.1921,133.164,-1.51984],[-31.0783,146.083,23.3356],[-28.9212,163.878,28.3948],[[[0.992966,-0.0953956,-0.07013],[-0.0148368,0.487392,-0.873057],[0.117467,0.867957,0.482548]],[[0.992374,-0.0996801,-0.0725118],[-0.112867,-0.49835,-0.859598],[0.0495486,0.861227,-0.5058]],[[0.992374,-0.0996801,-0.0725118],[-0.054669,-0.88316,0.465875],[-0.110478,-0.458358,-0.881874]],[[0.992374,-0.0996801,-0.0725118],[0.042203,-0.27795,0.959668],[-0.115814,-0.95541,-0.271624]]],2],[293,[-0.0872002,0.447851,0.889846],29,63.8584,[-17.6097,165.535,23.1559],[-13.6605,165.747,23.8553],[94.4247,28.9585,24.2242],false,[-11.7795,232.902,5.66344],[-9.81608,179.378,-25.7378],[-10.6249,140.6,-4.36807],[-13.0192,152.896,20.0643],[-13.9284,170.62,25.355],[[[0.997704,-0.00309729,0.067661],[0.0598962,0.506751,-0.860009],[-0.0316236,0.862087,0.505773]],[[0.99608,0.0258461,0.0846025],[0.0865564,-0.482212,-0.871768],[0.0182646,0.875673,-0.482559]],[[0.99608,0.0258461,0.0846025],[-0.0148903,-0.893734,0.448349],[0.0872002,-0.447851,-0.889846]],[[0.99608,0.0258461,0.0846025],[-0.0735858,-0.288728,0.954579],[0.0490993,-0.957062,-0.285694]]],3],[294,[-0.37468,0.346428,0.860001],29,50.0638,[-6.13283,168.728,12.8964],[-0.774883,169.555,14.5822],[101.11,32.2584,40.0323],false,[1.13032,230.16,10.6446],[10.5308,183.115,-21.001],[9.70341,151.368,-6.17968],[2.43996,158.084,10.4921],[-1.98691,173.598,16.1139],[[[0.963635,0.0130136,0.266906],[0.211316,0.57426,-0.790931],[-0.163566,0.81857,0.550626]],[[0.927153,0.13839,0.348189],[0.373939,-0.40032,-0.836608],[0.023609,0.905865,-0.422907]],[[0.927153,0.13839,0.348189],[-0.00160693,-0.927812,0.373044],[0.37468,-0.346428,-0.860001]],[[0.927153,0.13839,0.348189],[-0.270638,-0.395316,0.87777],[0.25912,-0.90806,-0.329065]]],4]],[[0,200,0],[235.247,235.247,147.751]]]]}