{"metadata":{"formatVersion":2,"generatedBy":"LeapJS Playback 0.2.1","frames":1,"protocolVersion":6,"serviceVersion":"2.2.6+29154","frameRate":"1.1e+2","modified":"Thu Jun 04 2015 13:59:17 GMT-0300 (E. South America Standard Time)"},"frames":[["id","timestamp",{"hands":[["id","type","direction","palmNormal","palmPosition","palmVelocity","stabilizedPalmPosition","pinchStrength","grabStrength","confidence","armBasis","armWidth","elbow","wrist"]]},{"pointables":[["id","direction","handId","length","stabilizedTipPosition","tipPosition","tipVelocity","tool","carpPosition","mcpPosition","pipPosition","dipPosition","btipPosition","bases","type"]]},{"interactionBox":["center","size"]}],[65152,1329910696,[[29,"right",[-0.0920531,-0.955129,-0.281522],[0.0875068,-0.289389,0.953203],[39.1145,210.9,-9.4746],[95.4193,-129.604,35.1007],[38.9774,211.036,-9.59488],1,0.542205,0.0868751,[[0.724898,-0.314092,-0.613082],[0.0068871,0.893259,-0.449489],[0.688822,0.321611,0.649685]],63.1562,[235.497,348.85,174.542],[51.1608,262.783,0.678959]]],[[290,[-0.0139916,-0.973991,0.226154],29,51.6552,[11.5638,178.758,32.6926],[13.3113,177.669,33.3996],[-6.25565,-105.683,104.841],false,[24.3827,264.708,14.9516],[24.3827,264.708,14.9516],[0.0471029,222.197,21.9113],[-0.425729,189.282,29.554],[15.578,173.474,35.2161],[[[0.302908,0.047065,-0.951857],[-0.801486,0.552962,-0.227714],[0.515624,0.831876,0.205218]],[[0.118633,-0.226196,-0.966831],[-0.86255,0.458865,-0.213192],[0.491868,0.859231,-0.140668]],[[0.118633,-0.226196,-0.966831],[-0.99284,-0.0133019,-0.118713],[0.0139916,0.973991,-0.226154]],[[0.118633,-0.226196,-0.966831],[-0.714099,-0.695992,0.0752092],[-0.689919,0.681491,-0.244094]]],0],[291,[0.0125228,-0.681454,0.731754],29,58.2872,[7.69696,132.605,30.8597],[11.5605,130.581,36.3047],[125.646,-73.0201,171.525],false,[29.6398,259.682,-7.38862],[12.0327,189.418,-15.7564],[10.5523,154.031,7.88325],[10.8523,137.706,25.4135],[11.5511,128.042,39.3027],[[[0.962364,-0.222582,-0.155923],[-0.124705,0.148086,-0.981081],[0.241461,0.963601,0.114756]],[[0.979691,-0.138101,-0.145374],[-0.197476,-0.538825,-0.818945],[0.034766,0.831021,-0.555153]],[[0.979691,-0.138101,-0.145374],[-0.200121,-0.718714,-0.665885],[-0.0125228,0.681454,-0.731754]],[[0.979691,-0.138101,-0.145374],[-0.19622,-0.809515,-0.553338],[-0.0412658,0.570625,-0.820173]]],1],[292,[0.0679387,0.576126,0.814532],29,66.4135,[31.0109,183.177,34.2702],[31.4593,184.502,34.4429],[101.478,-127.567,69.1293],false,[40.907,256.682,-10.9934],[33.4875,188.554,-20.2341],[27.1475,152.414,10.3605],[29.0623,168.652,33.3179],[31.8493,187.008,34.8037],[[[0.993203,-0.112312,0.0305648],[0.045121,0.129444,-0.99056],[0.107295,0.985206,0.133631]],[[0.988053,-0.152053,0.0251369],[-0.0783596,-0.636088,-0.767627],[0.132709,0.756486,-0.640403]],[[0.988053,-0.152053,0.0251369],[-0.138334,-0.803093,0.579573],[-0.0679387,-0.576126,-0.814532]],[[0.988053,-0.152053,0.0251369],[-0.0369026,-0.0750584,0.996496],[-0.149634,-0.985518,-0.0797728]]],2],[293,[-0.138161,0.5234,0.840811],29,63.8584,[49.1171,186.626,30.4627],[49.1527,188.208,30.4621],[113.727,-152.899,65.2995],false,[52.8943,254.636,-11.6157],[55.5621,193.294,-20.8216],[54.0587,157.834,5.66268],[50.2652,172.205,28.7487],[48.9459,190.517,31.1699],[[[0.99192,0.0244574,0.124482],[0.119363,0.152429,-0.98108],[-0.0429692,0.988012,0.148278]],[[0.990169,0.0542959,0.128905],[0.135691,-0.596549,-0.791023],[0.0339486,0.800738,-0.598052]],[[0.990169,0.0542959,0.128905],[-0.0218161,-0.850355,0.525757],[0.138161,-0.5234,-0.840811]],[[0.990169,0.0542959,0.128905],[-0.120369,-0.138642,0.983],[0.0712445,-0.988853,-0.130743]]],3],[294,[-0.46068,0.439675,0.771012],29,50.0638,[63.5785,191.912,21.0984],[63.4615,193.008,21.1093],[120.675,-123.592,61.7484],false,[65.4391,253.963,-5.19967],[75.6762,198.566,-16.5756],[77.7081,171.019,4.99394],[68.7775,179.542,19.9406],[62.236,195.228,21.6813],[[[0.946832,0.11312,0.301187],[0.267921,0.241063,-0.932795],[-0.178123,0.963894,0.197939]],[[0.88126,0.32996,0.338391],[0.469063,-0.52276,-0.71183],[-0.0579781,0.786034,-0.615459]],[[0.88126,0.32996,0.338391],[0.105621,-0.835352,0.539474],[0.46068,-0.439675,-0.771012]],[[0.88126,0.32996,0.338391],[-0.277075,-0.219361,0.935473],[0.382898,-0.918154,-0.10189]]],4]],[[0,200,0],[235.247,235.247,147.751]]]]}