{"metadata":{"formatVersion":2,"generatedBy":"LeapJS Playback 0.2.1","frames":1,"protocolVersion":6,"serviceVersion":"2.2.6+29154","frameRate":"1.1e+2","modified":"Thu Jun 04 2015 13:59:41 GMT-0300 (E. South America Standard Time)"},"frames":[["id","timestamp",{"hands":[["id","type","direction","palmNormal","palmPosition","palmVelocity","stabilizedPalmPosition","pinchStrength","grabStrength","confidence","armBasis","armWidth","elbow","wrist"]]},{"pointables":[["id","direction","handId","length","stabilizedTipPosition","tipPosition","tipVelocity","tool","carpPosition","mcpPosition","pipPosition","dipPosition","btipPosition","bases","type"]]},{"interactionBox":["center","size"]}],[64223,1321324630,[[29,"right",[0.131265,-0.728208,-0.672668],[-0.0628628,-0.683288,0.727438],[-2.14079,168.632,0.692638],[-8.90433,-7.04598,-4.79486],[-0.89409,169.82,1.86597],0.672194,0.805851,0.19021,[[0.641525,-0.627984,-0.440547],[0.0733194,0.621868,-0.779682],[0.763591,0.467885,0.444987]],63.1562,[202.923,336.146,153.687],[-1.42238,210.934,34.6041]]],[[290,[0.237214,-0.941283,-0.240242],29,51.6552,[-33.4997,116.136,9.42093],[-31.945,113.143,6.33196],[14.8122,-20.865,-12.0866],false,[-30.4955,204.587,40.8446],[-30.4955,204.587,40.8446],[-42.8278,161.765,19.3484],[-34.8114,129.956,11.2297],[-31.2223,107.979,4.73009],[[[0.479953,0.490463,-0.727387],[-0.81934,0.546954,-0.171826],[0.313572,0.678445,0.664368]],[[0.393878,0.319253,-0.861938],[-0.88472,0.385978,-0.261327],[0.24926,0.865505,0.434478]],[[0.393878,0.319253,-0.861938],[-0.888025,-0.109838,-0.446482],[-0.237214,0.941283,0.240242]],[[0.393878,0.319253,-0.861938],[-0.906046,-0.0229995,-0.422553],[-0.154725,0.947391,0.280199]]],0],[291,[-0.0109507,-0.898682,0.438464],29,58.2872,[-30.2025,78.0497,-3.83234],[-23.4108,76.8024,7.08982],[28.3092,-6.24746,11.5768],false,[-19.9761,210.531,20.6954],[-23.3035,150.729,-20.8951],[-23.0555,109.817,-9.08902],[-23.3179,88.2878,1.41505],[-23.6635,73.8777,10.3035],[[[0.997347,-0.0698213,0.0206038],[0.0567214,0.567914,-0.821131],[0.0456312,0.820121,0.570368]],[[0.995316,0.0323239,0.0911096],[0.0964982,-0.275424,-0.956467],[-0.00582301,0.960779,-0.277253]],[[0.995316,0.0323239,0.0911096],[0.0960515,-0.437408,-0.894119],[0.0109507,0.898682,-0.438464]],[[0.995316,0.0323239,0.0911096],[0.0944943,-0.524277,-0.846289],[0.0204113,0.850934,-0.524875]]],1],[292,[-0.161819,0.429607,0.888399],29,66.4135,[-14.8432,141.96,34.1041],[-14.5002,137.428,32.0629],[3.93373,-13.6179,-6.81371],false,[-7.86604,210.168,19.2257],[-1.55786,153.273,-19.5693],[-9.96019,111.526,2.08573],[-14.521,123.635,27.125],[-14.4892,141.081,33.6486],[[[0.969961,-0.0541637,0.237152],[0.225506,0.565802,-0.793105],[-0.0912236,0.82276,0.56102]],[[0.972567,-0.0830283,0.217301],[0.152252,-0.479064,-0.864475],[0.175877,0.873844,-0.453281]],[[0.972567,-0.0830283,0.217301],[-0.167116,-0.899191,0.404386],[0.161819,-0.429607,-0.888399]],[[0.972567,-0.0830283,0.217301],[-0.232617,-0.340266,0.911103],[-0.00170727,-0.936657,-0.350245]]],2],[293,[-0.369018,0.472171,0.80055],29,63.8584,[0.312335,146.713,36.0012],[-0.599172,147.094,35.2886],[-8.69479,26.9203,2.47481],false,[4.16203,209.347,20.9352],[19.0337,159.082,-12.3339],[11.7335,121.31,9.59952],[1.60143,134.274,31.5801],[-1.57007,151.78,36.7202],[[[0.926187,0.0250052,0.376234],[0.291206,0.586426,-0.755846],[-0.239534,0.809617,0.535858]],[[0.918055,0.0508781,0.393175],[0.360556,-0.519515,-0.774663],[0.164847,0.852945,-0.495288]],[[0.918055,0.0508781,0.393175],[-0.144915,-0.880038,0.452254],[0.369018,-0.472171,-0.80055]],[[0.918055,0.0508781,0.393175],[-0.357554,-0.32215,0.876569],[0.17126,-0.94532,-0.27756]]],3],[294,[-0.460359,0.370555,0.806696],29,50.0638,[15.8576,149.297,31.6453],[16.194,150.187,31.5913],[-4.36516,19.9385,4.44905],false,[15.045,206.601,29.4795],[36.6502,163.06,-1.1882],[27.7887,131.498,11.2028],[18.8643,138.682,26.8412],[15.69,154.114,33.4474],[[[0.831306,0.0213009,0.555407],[0.409403,0.652385,-0.637795],[-0.375924,0.757589,0.533611]],[[0.859499,-0.0413048,0.509466],[0.444216,-0.432704,-0.7845],[0.252852,0.900589,-0.35356]],[[0.859499,-0.0413048,0.509466],[-0.222105,-0.927892,0.299476],[0.460359,-0.370555,-0.806696]],[[0.859499,-0.0413048,0.509466],[-0.476173,-0.427013,0.768712],[0.185797,-0.903301,-0.386686]]],4]],[[0,200,0],[235.247,235.247,147.751]]]]}