{"metadata":{"formatVersion":2,"generatedBy":"LeapJS Playback 0.2.1","frames":80,"protocolVersion":6,"serviceVersion":"2.2.6+29154","frameRate":"79","modified":"Thu Jun 04 2015 14:52:31 GMT-0300 (E. South America Standard Time)"},"frames":[["id","timestamp",{"hands":[["id","type","direction","palmNormal","palmPosition","palmVelocity","stabilizedPalmPosition","pinchStrength","grabStrength","confidence","armBasis","armWidth","elbow","wrist"]]},{"pointables":[["id","direction","handId","length","stabilizedTipPosition","tipPosition","tipVelocity","tool","carpPosition","mcpPosition","pipPosition","dipPosition","btipPosition","bases","type"]]},{"interactionBox":["center","size"]}],[251571,4559638229,[[165,"right",[0.170605,-0.210128,-0.962673],[-0.228887,0.941821,-0.24614],[109.227,86.7695,34.1009],[-33.8586,-14.509,-6.27654],[116.553,93.6746,33.6378],0,0.188418,0.736909,[[-0.777914,-0.325871,0.537268],[0.278688,-0.94525,-0.169811],[0.563189,0.0176317,0.82614]],60.4036,[238.652,96.2861,295.022],[94.5054,91.7733,83.5741]],[167,"left",[-0.204462,-0.200291,-0.958164],[0.3468,0.900531,-0.262248],[-129.975,80.7098,38.3697],[31.8926,-17.0264,-10.5809],[-128.155,83.0476,41.6642],0,0.355223,0.185381,[[0.863304,-0.451415,0.225678],[-0.402407,-0.885571,-0.232018],[-0.30459,-0.109487,0.94617]],59.7937,[-191.645,56.708,326.89],[-114.472,84.4481,87.1654]]],[[1650,[0.189437,0.412309,-0.891131],165,49.4039,[149.826,152.002,6.36267],[149.592,149.066,5.88252],[-18.6968,-31.0763,-21.2963],false,[117.508,109.187,87.2194],[117.508,109.187,87.2194],[134.984,128.763,47.8427],[141.106,142.089,19.0405],[150.765,151.191,1.26248],[[[-0.147639,-0.988956,-0.0129983],[0.807084,-0.128064,0.576381],[-0.57168,0.0746057,0.817078]],[[0.13567,-0.909851,-0.392129],[0.919353,-0.0319171,0.392137],[-0.369302,-0.413706,0.832144]],[[0.13567,-0.909851,-0.392129],[0.972475,0.0466162,0.228297],[-0.189437,-0.412309,0.891131]],[[0.13567,-0.909851,-0.392129],[0.889975,-0.0620003,0.451774],[-0.435359,-0.410277,0.801333]]],0],[1651,[-0.0700769,0.609108,-0.789985],165,55.7467,[138.831,120.235,-51.8807],[136.053,116.307,-50.5121],[-22.4883,-19.0583,-6.29926],false,[116.154,87.5922,81.1561],[136.484,86.087,14.4614],[140.228,92.9291,-25.5111],[138.623,106.885,-43.6115],[135.703,120.474,-51.9275],[[[-0.916136,-0.293892,-0.27262],[0.275173,-0.955595,0.105444],[-0.291504,0.0215836,0.956326]],[[-0.947591,-0.288105,-0.138082],[0.30597,-0.942746,-0.132709],[-0.0919422,-0.168003,0.981489]],[[-0.947591,-0.288105,-0.138082],[0.311705,-0.738907,-0.597375],[0.0700769,-0.609108,0.789985]],[[-0.947591,-0.288105,-0.138082],[0.263774,-0.461649,-0.846938],[0.180261,-0.838973,0.513449]]],1],[1652,[-0.0601669,0.676862,-0.733647],165,63.5189,[119.381,122.272,-58.8772],[114.834,117.786,-58.2569],[-38.3392,-27.5779,-10.3318],false,[106.182,82.6446,77.6443],[116.961,78.6595,12.5136],[116.883,88.0468,-32.2033],[115.261,106.293,-51.9798],[113.611,122.393,-59.4227],[[[-0.980494,-0.121034,-0.154865],[0.109861,-0.990818,0.0788069],[-0.162981,0.0602561,0.984787]],[[-0.993483,-0.111886,-0.0217501],[0.113968,-0.972251,-0.204302],[0.0017121,-0.20545,0.978666]],[[-0.993483,-0.111886,-0.0217501],[0.096807,-0.727557,-0.679183],[0.0601669,-0.676862,0.733647]],[[-0.993483,-0.111886,-0.0217501],[0.0664054,-0.413076,-0.908272],[0.092639,-0.903797,0.417814]]],2],[1653,[-0.143242,0.651326,-0.745155],165,61.0752,[92.72,109.632,-57.0083],[83.4274,110.337,-51.2352],[-36.8351,-6.84976,-0.203656],false,[95.0405,80.3495,75.151],[96.063,74.5095,16.068],[88.6581,82.2582,-24.9076],[84.8965,99.3622,-44.4755],[83.2103,115.068,-52.4861],[[[-0.999264,-0.0358087,-0.0137546],[0.034277,-0.994507,0.0988939],[-0.0172203,0.0983496,0.995003]],[[-0.984469,-0.016551,0.174779],[-0.0159636,-0.982983,-0.183002],[0.174834,-0.18295,0.967452]],[[-0.984469,-0.016551,0.174779],[-0.101505,-0.758618,-0.64358],[0.143242,-0.651326,0.745155]],[[-0.984469,-0.016551,0.174779],[-0.147505,-0.461896,-0.874583],[0.0952048,-0.88678,0.45228]]],3],[1654,[-0.149396,0.683497,-0.714502],165,47.8818,[65.7909,107.097,-32.8225],[62.0359,106.199,-29.4788],[-29.2618,0.521018,1.52654],false,[82.2441,84.5333,74.2738],[76.2532,75.1858,20.4395],[65.4362,82.9053,-10.3325],[62.6663,95.5779,-23.58],[62.689,110.204,-30.8636],[[[-0.986376,0.140632,0.0853488],[-0.123219,-0.975348,0.183066],[0.10899,0.170055,0.979389]],[[-0.91194,0.184042,0.366734],[-0.25342,-0.955557,-0.15063],[0.322713,-0.230304,0.91805]],[[-0.91194,0.184042,0.366734],[-0.38216,-0.706371,-0.595813],[0.149396,-0.683497,0.714502]],[[-0.91194,0.184042,0.366734],[-0.410321,-0.406001,-0.816578],[-0.00139026,-0.895149,0.445765]]],4],[1670,[-0.84988,0.135228,-0.50933],167,48.9051,[-210.934,119.362,37.3376],[-209.196,119.275,33.5134],[24.7277,-39.6958,-89.9677],false,[-134.789,104.541,90.6518],[-134.789,104.541,90.6518],[-168.062,111.48,58.42],[-195.254,115.807,42.1241],[-213.953,118.772,30.9951],[[[0.0182626,-0.999832,0.00145208],[-0.811994,-0.0139842,0.583499],[0.583381,0.0118353,0.812113]],[[-0.0779925,-0.988148,-0.132216],[-0.69953,-0.040251,0.713469],[0.710335,-0.148134,0.688099]],[[-0.0779925,-0.988148,-0.132216],[-0.521172,-0.0726438,0.850354],[0.84988,-0.135229,0.50933]],[[-0.0779925,-0.988148,-0.132216],[-0.518593,-0.0730535,0.851894],[0.851456,-0.135008,0.506749]]],0],[1671,[0.016443,0.667973,-0.744004],167,55.1839,[-167.464,118.113,-38.4093],[-165.038,116.065,-40.9621],[79.56,-69.3371,-57.6215],false,[-136.277,83.0861,84.9748],[-156.98,83.2518,19.1158],[-169.007,90.9059,-18.5946],[-168.634,106.056,-35.4694],[-164.515,120.076,-42.0682],[[[0.868058,-0.414062,-0.273913],[-0.395662,-0.910245,0.122085],[0.299879,-0.00240001,0.953974]],[[0.84034,-0.412451,-0.351729],[-0.452581,-0.890976,-0.0365],[0.298328,-0.189858,0.93539]],[[0.84034,-0.412451,-0.351729],[-0.541811,-0.619433,-0.568106],[-0.016443,-0.667973,0.744004]],[[0.84034,-0.412451,-0.351729],[-0.477314,-0.255507,-0.840766],[-0.256905,-0.874414,0.411581]]],1],[1672,[-0.0365584,0.71409,-0.699098],167,62.8777,[-150.665,115.981,-47.4366],[-148.301,113.936,-48.8365],[64.4349,-45.2623,-28.6784],false,[-127.153,76.9005,81.5115],[-138.786,73.4301,17.1778],[-150.602,82.5241,-25.5242],[-151.578,101.579,-44.1791],[-149.037,117.972,-50.1611],[[[0.955238,-0.249297,-0.159282],[-0.236531,-0.966975,0.0949341],[0.177689,0.0530096,0.982658]],[[0.916765,-0.254474,-0.307872],[-0.30215,-0.945948,-0.117845],[0.261243,-0.20106,0.944101]],[[0.916765,-0.254474,-0.307872],[-0.397751,-0.652164,-0.645349],[0.0365584,-0.71409,0.699098]],[[0.916765,-0.254474,-0.307872],[-0.372523,-0.266625,-0.888897],[-0.144115,-0.929599,0.33923]]],2],[1673,[0.18429,0.879233,-0.439302],167,60.4586,[-104.575,118.064,-31.303],[-104.784,119.172,-29.7856],[68.3095,-26.5241,13.7777],false,[-116.532,73.1829,79.0081],[-118.776,66.7281,20.6264],[-111.778,84.2001,-16.8382],[-106.987,107.056,-28.2579],[-104.307,124.376,-28.7313],[[[0.986069,-0.165171,-0.0196399],[-0.161894,-0.980133,0.114588],[0.0381763,0.109812,0.993219]],[[0.982255,-0.148914,0.11402],[-0.0855509,-0.896751,-0.434188],[-0.166904,-0.416729,0.893577]],[[0.982255,-0.148914,0.11402],[0.0348319,-0.452519,-0.891074],[-0.18429,-0.879233,0.439302]],[[0.982255,-0.148914,0.11402],[0.108617,-0.043952,-0.993112],[-0.1529,-0.987873,0.0269974]]],3],[1674,[0.111172,0.860446,-0.497265],167,47.3984,[-87.2255,105.954,-15.1542],[-87.5847,104.648,-15.8072],[29.1527,-20.9081,18.0329],false,[-103.443,75.6352,77.9936],[-99.2085,64.9144,24.8162],[-90.149,77.4273,-4.54866],[-88.1086,93.2196,-13.6753],[-88.4939,109.27,-15.6383],[[[0.996964,0.0128811,0.0767849],[-0.00254009,-0.980313,0.197434],[-0.0778164,0.19703,0.977304]],[[0.946043,0.0616194,0.318128],[0.174505,-0.924114,-0.339944],[-0.27304,-0.377116,0.885004]],[[0.946043,0.0616194,0.318128],[0.304373,-0.505801,-0.807169],[-0.111172,-0.860446,0.497265]],[[0.946043,0.0616194,0.318128],[0.323164,-0.107239,-0.940247],[0.0238216,-0.992322,0.121366]]],4]],[[0,200,0],[235.247,235.247,147.751]]],[251572,4559655901,[[165,"right",[0.165094,-0.22226,-0.960908],[-0.224901,0.940125,-0.256094],[108.692,87.5768,33.7189],[-32.1627,13.635,-13.448],[116.163,93.3716,33.6418],0,0.191691,0.754962,[[-0.779561,-0.32355,0.536283],[0.273555,-0.946139,-0.173174],[0.563428,0.0117032,0.826082]],60.4036,[238.431,96.2325,294.629],[94.2231,93.2371,83.1957]],[167,"left",[-0.190971,-0.207326,-0.959451],[0.339978,0.902971,-0.262791],[-130.178,81.3552,38.2901],[11.6092,8.01081,-7.74037],[-128.185,83.0226,41.6145],0,0.357529,0.214953,[[0.86999,-0.43892,0.224647],[-0.389924,-0.891302,-0.231388],[-0.301789,-0.11371,0.946569]],59.7937,[-191.755,56.6982,327.07],[-115.292,85.5082,87.244]]],[[1650,[0.187517,0.400847,-0.896749],165,49.4039,[149.693,151.783,6.17356],[149.244,149.32,4.58414],[-18.8793,-9.87877,-45.3909],false,[117.336,110.566,86.5344],[117.336,110.566,86.5344],[134.735,129.586,46.8525],[140.796,142.542,17.8687],[150.42,151.384,-0.0589408],[[[-0.153047,-0.988219,-0.000788439],[0.808987,-0.125747,0.574219],[-0.567553,0.0872445,0.818701]],[[0.12896,-0.915088,-0.382078],[0.920966,-0.0323387,0.388299],[-0.367683,-0.401955,0.838595]],[[0.12896,-0.915088,-0.382078],[0.973759,0.0439984,0.223288],[-0.187517,-0.400847,0.896749]],[[0.12896,-0.915088,-0.382078],[0.891733,-0.0615354,0.448359],[-0.433799,-0.398531,0.808079]]],0],[1651,[-0.0707733,0.604113,-0.79375],165,55.7467,[138.634,120.053,-51.8093],[135.323,116.229,-51.211],[-31.7954,-12.0771,-21.9051],false,[115.838,88.9099,80.7298],[135.856,86.5165,13.9669],[139.479,92.9973,-26.0769],[137.857,106.839,-44.2636],[134.959,120.393,-52.6433],[[[-0.918941,-0.292039,-0.265067],[0.270473,-0.955791,0.115363],[-0.287039,0.0343185,0.957304]],[[-0.949513,-0.284624,-0.131962],[0.300854,-0.94534,-0.125778],[-0.0889495,-0.159129,0.983243]],[[-0.949513,-0.284624,-0.131962],[0.30564,-0.744337,-0.593757],[0.0707733,-0.604113,0.79375]],[[-0.949513,-0.284624,-0.131962],[0.25769,-0.467646,-0.845519],[0.178944,-0.836837,0.517381]]],1],[1652,[-0.0599808,0.668845,-0.740978],165,63.5189,[118.87,121.953,-58.8432],[114.017,117.52,-58.9958],[-41.3704,-21.8936,-25.4727],false,[105.824,83.9763,77.3207],[116.285,79.1736,12.1934],[116.046,88.0488,-32.6274],[114.429,106.078,-52.6015],[112.831,122.103,-60.2172],[[[-0.981827,-0.11747,-0.149051],[0.104854,-0.990418,0.089879],[-0.158181,0.072617,0.984736]],[[-0.994167,-0.106687,-0.015825],[0.107727,-0.975135,-0.193665],[0.00522988,-0.19424,0.98094]],[[-0.994167,-0.106687,-0.015825],[0.0896369,-0.735706,-0.671343],[0.0599808,-0.668845,0.740978]],[[-0.994167,-0.106687,-0.015825],[0.0598458,-0.423605,-0.903868],[0.0897271,-0.899543,0.427518]]],2],[1653,[-0.141329,0.649699,-0.746938],165,61.0752,[92.4418,109.697,-56.835],[82.7384,110.756,-51.5158],[-36.9827,8.73578,-7.38258],false,[94.6581,81.7132,74.9043],[95.3809,75.1796,15.8895],[87.8901,82.7819,-25.0979],[84.1788,99.8431,-44.7127],[82.572,115.533,-52.7723],[[[-0.999495,-0.0305054,-0.00886319],[0.0293427,-0.99346,0.110346],[-0.0121714,0.11003,0.993854]],[[-0.983968,-0.00927981,0.178105],[-0.0229881,-0.983716,-0.178255],[0.176859,-0.179492,0.967731]],[[-0.983968,-0.00927981,0.178105],[-0.108783,-0.760135,-0.640595],[0.141329,-0.649699,0.746938]],[[-0.983968,-0.00927981,0.178105],[-0.153549,-0.463913,-0.872472],[0.0907218,-0.885832,0.455051]]],3],[1654,[-0.144943,0.679877,-0.718859],165,47.8818,[65.6635,107.108,-32.7038],[61.5356,106.746,-29.7758],[-27.9675,15.6269,-7.18346],false,[81.8807,85.9563,74.0355],[75.5951,76.0151,20.3414],[64.8103,83.5914,-10.4775],[62.1229,96.1969,-23.8057],[62.2433,110.773,-31.1887],[[[-0.985203,0.147005,0.0881145],[-0.127664,-0.972461,0.194992],[0.114353,0.180858,0.976839]],[[-0.910398,0.192906,0.366009],[-0.260097,-0.954828,-0.14371],[0.321753,-0.226031,0.919448]],[[-0.910398,0.192906,0.366009],[-0.387513,-0.707498,-0.590999],[0.144943,-0.679877,0.718859]],[[-0.910398,0.192906,0.366009],[-0.413668,-0.408664,-0.813556],[-0.00736565,-0.892066,0.451846]]],4],[1670,[-0.847134,0.119776,-0.517705],167,48.9051,[-210.92,119.311,37.207],[-209.933,118.67,32.4407],[-6.8228,-37.1238,-74.525],false,[-135.868,105.394,90.3891],[-135.868,105.394,90.3891],[-168.948,111.632,57.8178],[-196.052,115.464,41.2539],[-214.696,118.089,29.9482],[[[0.0291931,-0.999551,0.00680082],[-0.8186,-0.0200026,0.574016],[0.573622,0.0223244,0.818816]],[[-0.0635341,-0.990107,-0.125108],[-0.705131,-0.0441758,0.7077],[0.706225,-0.13318,0.695348]],[[-0.0635341,-0.990107,-0.125108],[-0.527568,-0.0730908,0.846363],[0.847134,-0.119776,0.517705]],[[-0.0635341,-0.990107,-0.125108],[-0.524657,-0.0735016,0.848135],[0.84894,-0.119524,0.514796]]],0],[1671,[0.0310354,0.677085,-0.73525],167,55.1839,[-167.063,118.067,-38.702],[-164.194,116.746,-41.216],[74.4825,-13.3411,-36.0306],false,[-137.054,83.8953,84.8053],[-156.981,83.5032,18.7085],[-168.186,91.5241,-19.1786],[-167.482,106.881,-35.8549],[-163.283,120.986,-42.2157],[[[0.875702,-0.405845,-0.261601],[-0.387078,-0.913924,0.122118],[0.288645,0.00567878,0.957419]],[[0.849906,-0.405006,-0.337091],[-0.44768,-0.892405,-0.0565302],[0.277927,-0.198954,0.939773]],[[0.849906,-0.405006,-0.337091],[-0.52602,-0.614432,-0.588028],[-0.0310354,-0.677085,0.73525]],[[0.849906,-0.405006,-0.337091],[-0.457248,-0.248914,-0.853795],[-0.261885,-0.87978,0.396742]]],1],[1672,[-0.026389,0.728286,-0.684765],167,62.8777,[-150.186,115.952,-47.6273],[-147.705,115.108,-48.6058],[63.7489,19.5067,-2.29824],false,[-127.822,77.7933,81.481],[-138.659,73.8728,17.0342],[-149.796,83.7034,-25.6871],[-150.501,103.137,-43.9595],[-147.913,119.647,-49.5901],[[[0.959719,-0.239558,-0.146805],[-0.227027,-0.969033,0.0971234],[0.165525,0.0598825,0.984386]],[[0.922625,-0.245933,-0.297119],[-0.296867,-0.944605,-0.139968],[0.246237,-0.217343,0.944526]],[[0.922625,-0.245933,-0.297119],[-0.384794,-0.639622,-0.665445],[0.026389,-0.728286,0.684765]],[[0.922625,-0.245933,-0.297119],[-0.356697,-0.250995,-0.899872],[-0.146733,-0.936225,0.319298]]],2],[1673,[0.179318,0.881252,-0.43731],167,60.4586,[-104.595,118.314,-31.0641],[-104.65,119.954,-29.5123],[39.1998,5.38304,13.9254],false,[-117.132,74.1804,79.1212],[-118.618,67.409,20.7511],[-111.391,84.8613,-16.679],[-106.729,107.77,-28.0469],[-104.245,125.12,-28.4709],[[[0.987982,-0.154399,-0.00724523],[-0.152487,-0.98127,0.117717],[0.0252849,0.115198,0.993021]],[[0.982496,-0.137615,0.125553],[-0.0705941,-0.898772,-0.432696],[-0.172389,-0.416259,0.892754]],[[0.982496,-0.137615,0.125553],[0.0504634,-0.452169,-0.890504],[-0.179318,-0.881252,0.43731]],[[0.982496,-0.137615,0.125553],[0.120921,-0.0415498,-0.991792],[-0.141703,-0.989614,0.0241819]]],3],[1674,[0.103229,0.86121,-0.497656],167,47.3984,[-87.2822,105.978,-15.1413],[-87.7271,105.666,-15.3972],[10.1265,14.1882,18.7602],false,[-104.06,76.7716,78.2474],[-99.0831,65.8319,25.179],[-90.0781,78.3747,-4.18986],[-88.1835,94.181,-13.3236],[-88.7363,110.226,-15.2938],[[[0.995791,0.0242425,0.0883848],[0.00587383,-0.979281,0.202423],[-0.0914607,0.201052,0.975302]],[[0.944578,0.0718779,0.320321],[0.184708,-0.923004,-0.337561],[-0.271395,-0.378018,0.885125]],[[0.944578,0.0718779,0.320321],[0.311634,-0.503141,-0.80606],[-0.103229,-0.86121,0.497656]],[[0.944578,0.0718779,0.320321],[0.326503,-0.104106,-0.939445],[0.0341779,-0.991965,0.121805]]],4]],[[0,200,0],[235.247,235.247,147.751]]],[251573,4559664967,[[165,"right",[0.16405,-0.224457,-0.960576],[-0.222208,0.940333,-0.257676],[108.356,87.8133,33.6126],[-33.5392,17.0755,-12.9733],[115.964,93.2304,33.6411],0,0.192657,0.742733,[[-0.780089,-0.321263,0.53689],[0.270763,-0.946935,-0.173211],[0.564046,0.0102501,0.82568]],60.4036,[238.289,96.228,294.415],[93.923,93.6045,83.0849]],[167,"left",[-0.179861,-0.220786,-0.958595],[0.334906,0.902526,-0.270711],[-130.357,82.1978,38.1812],[2.94172,31.4766,-8.91956],[-128.204,83.0156,41.5853],0,0.359307,0.230181,[[0.875269,-0.429662,0.222024],[-0.380078,-0.89497,-0.233599],[-0.299073,-0.120076,0.946645]],59.7937,[-191.759,56.6594,327.066],[-115.985,87.0823,87.2209]]],[[1650,[0.1883,0.39869,-0.897546],165,49.4039,[149.64,151.708,6.09884],[149.068,149.384,4.34691],[-18.8312,-5.14215,-39.9612],false,[117.089,110.87,86.3838],[117.089,110.87,86.3838],[134.526,129.768,46.6605],[140.613,142.654,17.6509],[150.254,151.436,-0.296939],[[[-0.155983,-0.987759,0.00102797],[0.808838,-0.127131,0.574124],[-0.566966,0.0903853,0.818768]],[[0.126086,-0.916145,-0.380499],[0.921035,-0.0343717,0.387961],[-0.368507,-0.39937,0.839468]],[[0.126086,-0.916145,-0.380499],[0.973984,0.0415198,0.222779],[-0.1883,-0.39869,0.897546]],[[0.126086,-0.916145,-0.380499],[0.891757,-0.0633606,0.448057],[-0.434594,-0.395807,0.80899]]],0],[1651,[-0.0697123,0.604421,-0.793609],165,55.7467,[138.534,119.972,-51.7795],[135.037,116.345,-51.3201],[-32.2987,-5.38708,-19.2288],false,[115.524,89.2087,80.6182],[135.508,86.6372,13.8519],[139.127,93.0919,-26.1966],[137.529,106.941,-44.3801],[134.661,120.505,-52.7524],[[[-0.919911,-0.289776,-0.264186],[0.267677,-0.956384,0.116955],[-0.286554,0.0368718,0.957354]],[[-0.950367,-0.282053,-0.131332],[0.298173,-0.946217,-0.125562],[-0.0888537,-0.15849,0.983354]],[[-0.950367,-0.282053,-0.131332],[0.30322,-0.745065,-0.594084],[0.0697123,-0.604421,0.793609]],[[-0.950367,-0.282053,-0.131332],[0.255793,-0.468008,-0.845895],[0.177123,-0.837505,0.516927]]],1],[1652,[-0.0583591,0.66783,-0.742023],165,63.5189,[118.63,121.814,-58.8342],[113.718,117.594,-59.146],[-38.7302,-13.7637,-23.189],false,[105.493,84.2988,77.2218],[115.915,79.3494,12.0991],[115.68,88.1501,-32.7365],[114.107,106.152,-52.7387],[112.553,122.169,-60.3789],[[[-0.982231,-0.114816,-0.148457],[0.101945,-0.990564,0.0915978],[-0.157573,0.0748358,0.984668]],[[-0.994488,-0.103751,-0.0151624],[0.104728,-0.975775,-0.192081],[0.00513352,-0.19261,0.981262]],[[-0.994488,-0.103751,-0.0151624],[0.0871117,-0.737048,-0.670203],[0.0583591,-0.66783,0.742023]],[[-0.994488,-0.103751,-0.0151624],[0.0581306,-0.4252,-0.903231],[0.0872643,-0.899133,0.428887]]],2],[1653,[-0.139312,0.650168,-0.746909],165,61.0752,[92.2901,109.736,-56.7444],[82.464,111.051,-51.5856],[-35.0091,14.9635,-7.77022],false,[94.3204,82.0646,74.8138],[95.0002,75.4241,15.8105],[87.5286,83.0505,-25.176],[83.8702,100.124,-44.7899],[82.3129,115.817,-52.8527],[[[-0.999585,-0.0275497,-0.00841638],[0.0264339,-0.993345,0.1121],[-0.0114487,0.111831,0.993661]],[[-0.983968,-0.00606938,0.178244],[-0.0262215,-0.983637,-0.178245],[0.176409,-0.180061,0.967707]],[[-0.983968,-0.00606938,0.178244],[-0.111355,-0.759766,-0.64059],[0.139312,-0.650168,0.746909]],[[-0.983968,-0.00606938,0.178244],[-0.155166,-0.463599,-0.872353],[0.0879284,-0.886024,0.455225]]],3],[1654,[-0.140714,0.681628,-0.718041],165,47.8818,[65.5945,107.123,-32.6432],[61.3647,107.156,-29.8332],[-24.8789,24.4752,-6.79496],false,[81.5553,86.3442,73.9425],[75.2188,76.3263,20.2686],[64.5233,83.9832,-10.5614],[61.9144,96.6212,-23.8745],[62.1079,111.207,-31.2362],[[[-0.984727,0.150089,0.08824],[-0.130476,-0.971729,0.19677],[0.115279,0.182252,0.976471]],[[-0.910335,0.196041,0.364498],[-0.26358,-0.953616,-0.1454],[0.319087,-0.228437,0.919783]],[[-0.910335,0.196041,0.364498],[-0.389218,-0.704948,-0.592924],[0.140714,-0.681628,0.718041]],[[-0.910335,0.196041,0.364498],[-0.413704,-0.405825,-0.814957],[-0.0118429,-0.892678,0.45054]]],4],[1670,[-0.843857,0.104549,-0.526284],167,48.9051,[-210.92,119.291,37.1444],[-210.446,118.589,31.1634],[-20.5976,-29.0804,-91.7505],false,[-136.756,106.829,89.92],[-136.756,106.829,89.92],[-169.62,112.304,56.9941],[-196.619,115.649,40.1558],[-215.194,117.94,28.6647],[[[0.0375417,-0.999105,0.0195117],[-0.823956,-0.019901,0.566304],[0.565408,0.0373368,0.823966]],[[-0.0530509,-0.992285,-0.112058],[-0.710593,-0.0413297,0.702388],[0.7016,-0.11689,0.702918]],[[-0.0530509,-0.992285,-0.112058],[-0.533939,-0.0666414,0.842893],[0.843857,-0.104549,0.526284]],[[-0.0530509,-0.992285,-0.112058],[-0.530887,-0.0670186,0.844788],[0.845781,-0.104307,0.523235]]],0],[1671,[0.0414149,0.678118,-0.733786],167,55.1839,[-166.822,118.071,-38.8675],[-163.517,116.964,-41.746],[80.5416,1.94286,-40.8699],false,[-137.707,85.2535,84.5929],[-156.985,83.8748,18.317],[-167.586,91.8699,-19.7488],[-166.647,107.25,-36.3918],[-162.397,121.37,-42.6858],[[[0.881596,-0.401551,-0.248081],[-0.38054,-0.915619,0.129737],[0.279244,0.0199712,0.960012]],[[0.856825,-0.401876,-0.323028],[-0.443515,-0.893961,-0.0642465],[0.262956,-0.198316,0.944206]],[[0.856825,-0.401876,-0.323028],[-0.513942,-0.615348,-0.597672],[-0.0414149,-0.678118,0.733786]],[[0.856825,-0.401876,-0.323028],[-0.442253,-0.250736,-0.861129],[-0.265072,-0.880697,0.392567]]],1],[1672,[-0.00582637,0.751273,-0.659966],167,62.8777,[-149.728,116.281,-47.5757],[-146.476,116.923,-47.8895],[102.162,94.3798,30.7596],false,[-128.392,79.19,81.4338],[-138.567,74.3813,16.9392],[-148.655,85.6144,-25.697],[-148.81,105.662,-43.3077],[-146.03,122.313,-48.4031],[[[0.963087,-0.233148,-0.134557],[-0.219794,-0.969663,0.106974],[0.155416,0.0734504,0.985115]],[[0.928111,-0.241623,-0.283246],[-0.29811,-0.938051,-0.176611],[0.223025,-0.248353,0.942645]],[[0.928111,-0.241623,-0.283246],[-0.372258,-0.614172,-0.695857],[0.00582637,-0.751273,0.659966]],[[0.928111,-0.241623,-0.283246],[-0.337279,-0.223528,-0.914482],[-0.157647,-0.944274,0.288953]]],2],[1673,[0.175786,0.878368,-0.444487],167,60.4586,[-104.6,118.45,-30.9578],[-104.524,120.273,-29.7285],[31.413,13.2716,2.65446],false,[-117.65,75.6397,79.2222],[-118.51,68.1353,20.9293],[-111.085,85.2313,-16.6265],[-106.516,108.065,-28.1809],[-104.179,125.432,-28.7472],[[[0.989271,-0.146032,0.00419842],[-0.145358,-0.981007,0.128436],[0.0146371,0.127668,0.991709]],[[0.982427,-0.127753,0.136072],[-0.05895,-0.904107,-0.42322],[-0.177092,-0.407761,0.895751]],[[0.982427,-0.127753,0.136072],[0.0627369,-0.460596,-0.88539],[-0.175786,-0.878368,0.444487]],[[0.982427,-0.127753,0.136072],[0.130661,-0.0498638,-0.990172],[-0.133283,-0.990552,0.0322953]]],3],[1674,[0.0978528,0.857869,-0.504466],167,47.3984,[-87.3127,106.004,-15.1333],[-87.7819,106.338,-15.2947],[4.3139,30.5037,15.9628],false,[-104.592,78.3314,78.4423],[-99.0064,66.7799,25.5645],[-89.9757,79.1171,-3.88345],[-88.1798,94.8621,-13.1422],[-88.8659,110.885,-15.2463],[[[0.994643,0.0338369,0.0976703],[0.0121476,-0.976619,0.214633],[-0.102649,0.212296,0.971799]],[[0.942505,0.0828749,0.323753],[0.193931,-0.924597,-0.327888],[-0.272168,-0.371822,0.887509]],[[0.942505,0.0828749,0.323753],[0.319545,-0.507142,-0.800436],[-0.0978528,-0.857869,0.504466]],[[0.942505,0.0828749,0.323753],[0.331489,-0.108872,-0.937156],[0.0424189,-0.990595,0.130085]]],4]],[[0,200,0],[235.247,235.247,147.751]]],[251574,4559673969,[[165,"right",[0.161925,-0.223179,-0.961234],[-0.220338,0.94132,-0.255673],[108.103,88.077,33.4994],[-32.0333,20.4301,-12.8638],[115.768,93.1019,33.6376],0,0.192918,0.745728,[[-0.780826,-0.318545,0.537438],[0.268011,-0.947861,-0.172423],[0.564341,0.00940726,0.825488]],60.4036,[238.207,96.2248,294.287],[93.7658,93.817,83.0054]],[167,"left",[-0.176489,-0.231934,-0.956587],[0.326019,0.903211,-0.279143],[-130.082,83.15,38.2854],[10.5394,51.8829,-3.29078],[-128.223,83.017,41.5515],0,0.362458,0.252052,[[0.87909,-0.421543,0.222493],[-0.370578,-0.898003,-0.237198],[-0.299788,-0.126067,0.945639]],59.7937,[-191.772,56.7174,326.881],[-115.817,88.6581,87.2904]]],[[1650,[0.187727,0.399789,-0.897177],165,49.4039,[149.597,151.657,6.04137],[148.901,149.599,4.2665],[-18.4698,2.93737,-31.2337],false,[116.979,111.021,86.2962],[116.979,111.021,86.2962],[134.395,129.945,46.5762],[140.463,142.867,17.5785],[150.094,151.656,-0.370965],[[[-0.158389,-0.987377,-0.00043427],[0.809467,-0.130102,0.57257],[-0.565399,0.0903373,0.819856]],[[0.123225,-0.915786,-0.382298],[0.921604,-0.0372701,0.386338],[-0.368051,-0.399934,0.839399]],[[0.123225,-0.915786,-0.382298],[0.974461,0.0387872,0.221182],[-0.187727,-0.399789,0.897177]],[[0.123225,-0.915786,-0.382298],[0.89238,-0.0662725,0.446393],[-0.434136,-0.396162,0.809062]]],0],[1651,[-0.0698236,0.606577,-0.791952],165,55.7467,[138.429,119.907,-51.7537],[134.712,116.754,-51.3957],[-33.7562,7.96696,-16.4643],false,[115.352,89.3729,80.4955],[135.22,86.8693,13.692],[138.779,93.4103,-26.3478],[137.179,107.308,-44.4933],[134.326,120.901,-52.8257],[[[-0.921047,-0.287074,-0.263176],[0.265536,-0.957236,0.11485],[-0.284892,0.0358995,0.957887]],[[-0.951274,-0.279505,-0.13021],[0.295706,-0.946616,-0.12836],[-0.0873817,-0.160609,0.983142]],[[-0.951274,-0.279505,-0.13021],[0.300337,-0.744272,-0.596537],[0.0698236,-0.606577,0.791952]],[[-0.951274,-0.279505,-0.13021],[0.253069,-0.466452,-0.847572],[0.176164,-0.839226,0.514458]]],1],[1652,[-0.0580453,0.669434,-0.7406],165,63.5189,[118.399,121.703,-58.8283],[113.365,118.03,-59.2003],[-38.411,3.00303,-18.5841],false,[105.304,84.4934,77.1071],[115.606,79.6322,11.9588],[115.314,88.5177,-32.8597],[113.749,106.563,-52.8236],[112.22,122.6,-60.4286],[[[-0.982751,-0.112164,-0.147039],[0.0996804,-0.990968,0.0897059],[-0.155773,0.0735016,0.985054]],[[-0.994764,-0.101293,-0.0135938],[0.102,-0.975665,-0.194096],[0.00639755,-0.194466,0.980888]],[[-0.994764,-0.101293,-0.0135938],[0.0841176,-0.735933,-0.671809],[0.0580453,-0.669434,0.7406]],[[-0.994764,-0.101293,-0.0135938],[0.0554805,-0.423511,-0.904191],[0.0858309,-0.90021,0.426913]]],2],[1653,[-0.137808,0.655921,-0.742143],165,61.0752,[92.1225,109.792,-56.6442],[82.1993,111.841,-51.4433],[-33.0102,35.5874,-0.921816],false,[94.1215,82.2906,74.7136],[94.6883,75.7514,15.6977],[87.205,83.663,-25.2325],[83.5861,100.888,-44.7213],[82.0735,116.642,-52.6725],[[[-0.999662,-0.0251009,-0.00681897],[0.0241961,-0.993601,0.110327],[-0.00954464,0.110125,0.993872]],[[-0.983825,-0.0040727,0.179087],[-0.0295169,-0.98239,-0.184494],[0.176684,-0.186796,0.96638]],[[-0.983825,-0.0040727,0.179087],[-0.114444,-0.754818,-0.645873],[0.137808,-0.655921,0.742143]],[[-0.983825,-0.0040727,0.179087],[-0.157465,-0.456962,-0.875437],[0.0854012,-0.889477,0.448929]]],3],[1654,[-0.136742,0.68695,-0.713723],165,47.8818,[65.5205,107.153,-32.5778],[61.2459,107.856,-29.7387],[-21.0294,40.0403,-1.73844],false,[81.3655,86.6027,73.8708],[74.9164,76.694,20.19],[64.2982,84.5798,-10.609],[61.7629,97.3164,-23.842],[62.0261,111.948,-31.1101],[[[-0.984212,0.152333,0.0901219],[-0.132521,-0.97175,0.195293],[0.117325,0.180267,0.976595]],[[-0.910134,0.197332,0.364302],[-0.267028,-0.951688,-0.151612],[0.316784,-0.235266,0.918857]],[[-0.910134,0.197332,0.364302],[-0.391098,-0.699399,-0.598233],[0.136742,-0.68695,0.713723]],[[-0.910134,0.197332,0.364302],[-0.414001,-0.398967,-0.818186],[-0.0161104,-0.895481,0.444809]]],4],[1670,[-0.845147,0.0890907,-0.527057],167,48.9051,[-210.921,119.275,37.0948],[-210.622,118.464,30.902],[-20.1237,-24.3928,-73.4177],false,[-136.791,108.217,89.7747],[-136.791,108.217,89.7747],[-169.726,112.952,56.804],[-196.766,115.802,39.941],[-215.371,117.754,28.4366],[[[0.0476846,-0.998433,0.0292941],[-0.824369,-0.0227769,0.565594],[0.56404,0.0511192,0.824164]],[[-0.0418132,-0.99401,-0.100973],[-0.709864,-0.0415629,0.703112],[0.703097,-0.101077,0.703874]],[[-0.0418132,-0.99401,-0.100973],[-0.532896,-0.0632995,0.84381],[0.845147,-0.0890907,0.527057]],[[-0.0418132,-0.99401,-0.100973],[-0.529674,-0.0636382,0.845811],[0.84717,-0.0888491,0.52384]]],0],[1671,[0.0525327,0.688178,-0.723637],167,55.1839,[-166.496,118.16,-39.0068],[-162.684,117.953,-41.4089],[94.1226,38.4968,-17.4808],false,[-137.516,86.5826,84.6572],[-156.702,84.3621,18.3775],[-166.715,92.7963,-19.7527],[-165.524,108.405,-36.1656],[-161.213,122.604,-42.2355],[[[0.885925,-0.394947,-0.243215],[-0.371353,-0.918141,0.138255],[0.277909,0.0321653,0.960069]],[[0.862709,-0.396246,-0.314201],[-0.440504,-0.893992,-0.0820694],[0.248373,-0.209208,0.945803]],[[0.862709,-0.396246,-0.314201],[-0.502964,-0.607783,-0.614514],[-0.0525327,-0.688178,0.723637]],[[0.862709,-0.396246,-0.314201],[-0.428287,-0.242134,-0.870599],[-0.268893,-0.885641,0.378598]]],1],[1672,[0.0170029,0.787653,-0.615884],167,62.8777,[-148.893,117.257,-47.1292],[-144.331,121.274,-44.9061],[141.468,189.114,97.7497],false,[-128.137,80.5839,81.5673],[-138.187,75.0437,17.112],[-147.245,88.4294,-25.1322],[-146.791,109.447,-41.5666],[-143.766,126.318,-45.7118],[[[0.965566,-0.224624,-0.131252],[-0.210039,-0.970764,0.116191],[0.153514,0.0846222,0.984516]],[[0.932588,-0.234609,-0.274295],[-0.300296,-0.925946,-0.229013],[0.200254,-0.295944,0.933978]],[[0.932588,-0.234609,-0.274295],[-0.360542,-0.569703,-0.738545],[-0.0170029,-0.787653,0.615884]],[[0.932588,-0.234609,-0.274295],[-0.317573,-0.172166,-0.932473],[-0.171543,-0.956722,0.235066]]],2],[1673,[0.165833,0.879933,-0.445216],167,60.4586,[-104.614,118.618,-30.8487],[-104.667,121.14,-29.5832],[16.936,36.2893,6.87951],false,[-117.356,77.1218,79.4019],[-118.072,69.0416,21.1841],[-110.868,86.0448,-16.4567],[-106.557,108.919,-28.0301],[-104.416,126.311,-28.5813],[[[0.9907,-0.135899,0.00667514],[-0.135516,-0.98114,0.137842],[0.0121833,0.137465,0.990432]],[[0.98386,-0.116853,0.135514],[-0.0499508,-0.906573,-0.419082],[-0.171825,-0.405549,0.897779]],[[0.98386,-0.116853,0.135514],[0.0672184,-0.460503,-0.885109],[-0.165833,-0.879933,0.445216]],[[0.98386,-0.116853,0.135514],[0.130758,-0.0474847,-0.990276],[-0.122152,-0.992013,0.0314388]]],3],[1674,[0.0865069,0.856003,-0.509682],167,47.3984,[-87.3493,106.056,-15.1244],[-87.9154,107.359,-15.2686],[-1.82619,52.6825,11.7534],false,[-104.325,79.9387,78.6097],[-98.5609,67.9301,25.853],[-89.794,80.1684,-3.71565],[-88.2062,95.8792,-13.0702],[-89.0689,111.882,-15.2604],[[[0.994133,0.0449179,0.0983941],[0.021836,-0.974308,0.224159],[-0.105935,0.220696,0.969573]],[[0.943126,0.0944677,0.318731],[0.201745,-0.92468,-0.322902],[-0.264221,-0.36884,0.891148]],[[0.943126,0.0944677,0.318731],[0.320983,-0.508267,-0.799146],[-0.0865069,-0.856003,0.509682]],[[0.943126,0.0944677,0.318731],[0.32813,-0.110712,-0.938123],[0.0533351,-0.989353,0.135413]]],4]],[[0,200,0],[235.247,235.247,147.751]]],[251575,4559692112,[[165,"right",[0.151388,-0.221319,-0.963379],[-0.22338,0.94174,-0.25145],[107.374,89.79,33.0368],[-35.9151,55.6813,-18.8841],[115.286,92.9116,33.603],0,0.193104,0.765751,[[-0.781418,-0.320682,0.535303],[0.266399,-0.947182,-0.178543],[0.564285,0.00308698,0.825575]],60.4036,[238.008,96.2227,294.012],[93.5813,95.4326,82.7084]],[167,"left",[-0.172724,-0.255758,-0.951186],[0.325182,0.896747,-0.300169],[-131.303,87.5676,38.5586],[-26.5497,143.171,5.45053],[-128.408,83.2903,41.3718],0,0.367844,0.2797,[[0.882386,-0.42171,0.208701],[-0.367142,-0.894483,-0.255161],[-0.294283,-0.148527,0.944106]],59.7937,[-191.779,56.6775,326.663],[-117.218,94.3089,87.4615]]],[[1650,[0.177642,0.401527,-0.898454],165,49.4039,[149.452,151.644,5.88223],[147.812,151.379,3.46333],[-38.1035,48.2774,-36.9775],false,[116.825,112.636,85.7759],[116.825,112.636,85.7759],[133.795,131.641,45.9011],[139.536,144.618,16.8621],[148.965,153.444,-1.17698],[[[-0.158132,-0.987418,-0.000557823],[0.815756,-0.130959,0.563375],[-0.55636,0.0886327,0.826201]],[[0.119239,-0.91503,-0.385359],[0.925837,-0.0377178,0.376036],[-0.358619,-0.401618,0.842671]],[[0.119239,-0.91503,-0.385359],[0.976845,0.0386749,0.210426],[-0.177642,-0.401527,0.898454]],[[0.119239,-0.91503,-0.385359],[0.897315,-0.0668158,0.436303],[-0.424979,-0.397813,0.813104]]],0],[1651,[-0.079173,0.6088,-0.789364],165,55.7467,[138.06,119.893,-51.7411],[133.03,118.716,-52.0518],[-62.4044,55.0327,-26.164],false,[115.139,90.9992,79.9526],[134.272,88.6272,12.9297],[137.367,95.2791,-27.1303],[135.553,109.228,-45.2165],[132.599,122.843,-53.4773],[[[-0.923816,-0.28683,-0.253561],[0.267029,-0.957377,0.110108],[-0.274336,0.0340118,0.961032]],[[-0.952613,-0.279504,-0.120022],[0.294535,-0.94615,-0.134348],[-0.0760075,-0.163333,0.983639]],[[-0.952613,-0.279504,-0.120022],[0.293699,-0.742456,-0.60208],[0.079173,-0.6088,0.789364]],[[-0.952613,-0.279504,-0.120022],[0.243448,-0.463982,-0.851736],[0.182376,-0.840594,0.51004]]],1],[1652,[-0.0664878,0.671033,-0.73844],165,63.5189,[117.727,121.624,-58.8538],[111.581,119.951,-59.6379],[-66.418,51.5715,-21.1757],false,[105.056,86.1233,76.6658],[114.642,81.388,11.3989],[113.847,90.3658,-33.3951],[112.054,108.454,-53.3007],[110.436,124.507,-60.8521],[[[-0.984281,-0.112158,-0.136421],[0.100915,-0.991108,0.0867284],[-0.144936,0.0715982,0.986847]],[[-0.994829,-0.101529,-0.00268877],[0.100063,-0.975236,-0.197237],[0.0174031,-0.196486,0.980352]],[[-0.994829,-0.101529,-0.00268877],[0.0767776,-0.734443,-0.674313],[0.0664878,-0.671033,0.73844]],[[-0.994829,-0.101529,-0.00268877],[0.0454613,-0.421465,-0.905705],[0.0908223,-0.901143,0.423901]]],2],[1653,[-0.144874,0.661553,-0.735771],165,61.0752,[91.4685,110.108,-56.3039],[80.6135,114.062,-51.3789],[-58.5512,76.9223,1.20056],false,[93.8487,83.922,74.3914],[93.7672,77.4944,15.3606],[85.8729,85.6898,-25.4363],[82.0685,103.062,-44.7578],[80.4859,118.875,-52.5783],[[[-0.99967,-0.0253639,0.004141],[0.0256631,-0.993801,0.108174],[0.0013716,0.108245,0.994123]],[[-0.981956,-0.0047792,0.189051],[-0.0319775,-0.981089,-0.190897],[0.186388,-0.193498,0.963233]],[[-0.981956,-0.0047792,0.189051],[-0.121551,-0.749883,-0.650308],[0.144874,-0.661553,0.735771]],[[-0.981956,-0.0047792,0.189051],[-0.16667,-0.450475,-0.877094],[0.0893544,-0.892776,0.44155]]],3],[1654,[-0.13838,0.694447,-0.706112],165,47.8818,[65.2442,107.373,-32.3734],[60.1587,110.029,-29.4898],[-38.1739,79.4347,5.82264],false,[81.083,88.2322,73.6972],[74.0458,78.423,20.0721],[63.2957,86.6147,-10.6011],[60.7301,99.4903,-23.693],[60.9913,114.191,-30.8216],[[[-0.983199,0.15189,0.101241],[-0.130115,-0.972154,0.194902],[0.128026,0.178455,0.975584]],[[-0.907958,0.195803,0.370505],[-0.269728,-0.949702,-0.159099],[0.320718,-0.24439,0.915103]],[[-0.907958,0.195803,0.370505],[-0.395555,-0.69239,-0.603433],[0.13838,-0.694447,0.706112]],[[-0.907958,0.195803,0.370505],[-0.418757,-0.390195,-0.819994],[-0.0159882,-0.899671,0.436275]]],4],[1670,[-0.844464,0.0724753,-0.530686],167,48.9051,[-210.966,119.331,36.8976],[-211.994,122.308,30.1244],[-46.5725,89.0658,-57.5178],false,[-138.24,113.88,89.3925],[-138.24,113.88,89.3925],[-171.129,117.641,56.2518],[-198.148,119.96,39.2727],[-216.74,121.548,27.6927],[[[0.0495708,-0.997309,0.0540118],[-0.82627,-0.0105692,0.563175],[0.561089,0.0725453,0.82457]],[[-0.0383802,-0.996444,-0.0750103],[-0.711009,-0.0255134,0.70272],[0.702135,-0.0803035,0.707501]],[[-0.0383802,-0.996444,-0.0750103],[-0.534235,-0.0429758,0.844243],[0.844464,-0.0724753,0.530686]],[[-0.0383802,-0.996444,-0.0750103],[-0.530834,-0.0432669,0.846371],[0.846606,-0.0723019,0.527286]]],0],[1671,[0.0868767,0.706856,-0.702002],167,55.1839,[-165.331,119.558,-39.1986],[-161.938,122.94,-40.65],[81.4818,163.094,15.1155],false,[-138.904,92.1243,84.8063],[-157.857,88.2343,18.5364],[-166.556,97.7678,-19.6572],[-164.585,113.8,-35.5793],[-159.901,128.062,-41.2105],[[[0.887544,-0.39897,-0.23041],[-0.369999,-0.915231,0.159539],[0.274529,0.0563461,0.959926]],[[0.865963,-0.401951,-0.297563],[-0.451165,-0.884599,-0.118047],[0.215774,-0.236474,0.947376]],[[0.865963,-0.401951,-0.297563],[-0.492505,-0.582057,-0.647031],[-0.0868767,-0.706856,0.702002]],[[0.865963,-0.401951,-0.297563],[-0.405866,-0.217201,-0.887748],[-0.2922,-0.889527,0.351227]]],1],[1672,[0.0585901,0.828486,-0.556936],167,62.8777,[-145.818,123.308,-44.3332],[-142.967,128.249,-42.0073],[128.71,299.467,144.403],false,[-129.502,86.0708,81.8969],[-139.319,78.9261,17.5635],[-146.678,94.8501,-24.1266],[-145.114,116.958,-38.988],[-141.565,133.988,-41.8716],[[[0.966458,-0.22578,-0.1224],[-0.208506,-0.968047,0.139325],[0.149946,0.10913,0.982653]],[[0.936624,-0.238651,-0.256478],[-0.310268,-0.90504,-0.290924],[0.162694,-0.352063,0.921728]],[[0.936624,-0.238651,-0.256478],[-0.345402,-0.506613,-0.789963],[-0.0585901,-0.828486,0.556936]],[[0.936624,-0.238651,-0.256478],[-0.286728,-0.101533,-0.952616],[-0.201302,-0.965783,0.163526]]],2],[1673,[0.163346,0.876043,-0.453726],167,60.4586,[-104.794,119.434,-30.5623],[-105.896,124.482,-29.5121],[-24.5515,107.818,5.98486],false,[-118.707,82.5788,79.854],[-119.206,73.0677,21.8505],[-112.028,89.5262,-16.0366],[-107.782,112.299,-27.8312],[-105.702,129.694,-28.5229],[[[0.99094,-0.133637,0.0133868],[-0.134038,-0.977732,0.161477],[0.00849071,0.161809,0.986786]],[[0.984099,-0.112165,0.137721],[-0.0472949,-0.912863,-0.405518],[-0.171206,-0.392556,0.903653]],[[0.984099,-0.112165,0.137721],[0.0697576,-0.469007,-0.880435],[-0.163346,-0.876043,0.453726]],[[0.984099,-0.112165,0.137721],[0.132216,-0.0551585,-0.989685],[-0.118605,-0.992158,0.0394514]]],3],[1674,[0.0800523,0.850456,-0.51992],167,47.3984,[-87.5933,106.522,-15.0768],[-89.393,110.935,-15.0881],[-40.3823,122.815,11.9688],false,[-105.679,85.4025,79.0371],[-99.7091,72.1119,26.6117],[-91.1048,83.9188,-3.17932],[-89.6356,99.5278,-12.7217],[-90.5918,115.501,-15.0769],[[[0.993696,0.0493873,0.100641],[0.0230017,-0.968452,0.248135],[-0.10972,0.244256,0.963483]],[[0.94406,0.102714,0.313371],[0.203731,-0.928886,-0.309298],[-0.259316,-0.355839,0.897849]],[[0.94406,0.102714,0.313371],[0.319911,-0.515921,-0.794659],[-0.0800523,-0.850456,0.51992]],[[0.94406,0.102714,0.313371],[0.324433,-0.118938,-0.938401],[0.0591151,-0.987575,0.145608]]],4]],[[0,200,0],[235.247,235.247,147.751]]],[251576,4559701073,[[165,"right",[0.147754,-0.22263,-0.963641],[-0.225614,0.941059,-0.252005],[106.91,91.2146,32.7546],[-40.267,83.9381,-22.3311],[115.003,92.8542,33.5743],0,0.19313,0.772626,[[-0.780946,-0.325489,0.533086],[0.267189,-0.945542,-0.185905],[0.564565,-0.00274646,0.825384]],60.4036,[237.811,96.2141,293.728],[93.3118,96.917,82.4731]],[167,"left",[-0.174539,-0.256073,-0.95077],[0.327043,0.895698,-0.301278],[-131.691,88.8824,38.6209],[-31.1437,144.143,5.86163],[-128.545,83.5237,41.2569],0,0.36924,0.290224,[[0.881802,-0.424903,0.204654],[-0.369505,-0.892094,-0.260066],[-0.293073,-0.153706,0.943654]],59.7937,[-191.783,56.6835,326.588],[-117.529,95.6269,87.501]]],[[1650,[0.173425,0.400347,-0.899803],165,49.4039,[149.355,151.679,5.78216],[147.137,152.809,2.91654],[-48.1425,78.6613,-43.3366],false,[116.546,114.155,85.4192],[116.546,114.155,85.4192],[133.327,133.119,45.4455],[138.932,146.059,16.363],[148.275,154.868,-1.72872],[[[-0.156861,-0.987619,0.0016232],[0.818209,-0.129033,0.560255],[-0.553109,0.0892102,0.828319]],[[0.118849,-0.915478,-0.384414],[0.927419,-0.0359301,0.372295],[-0.35464,-0.40076,0.844761]],[[0.118849,-0.915478,-0.384414],[0.97765,0.0402733,0.206348],[-0.173425,-0.400347,0.899803]],[[0.118849,-0.915478,-0.384414],[0.899195,-0.0649583,0.4327],[-0.421098,-0.397089,0.815473]]],0],[1651,[-0.0835663,0.607768,-0.789705],165,55.7467,[137.824,119.942,-51.7518],[132.169,120.079,-52.4636],[-72.1741,81.178,-31.8687],false,[114.864,92.507,79.6365],[133.727,90.0548,12.5401],[136.631,96.6631,-27.5414],[134.716,110.588,-45.6354],[131.707,124.189,-53.8993],[[[-0.924469,-0.28841,-0.249353],[0.268708,-0.956861,0.110512],[-0.270469,0.0351616,0.962086]],[[-0.952784,-0.280885,-0.11535],[0.295155,-0.945925,-0.134568],[-0.0713142,-0.162261,0.984168]],[[-0.952784,-0.280885,-0.11535],[0.291923,-0.742779,-0.602544],[0.0835663,-0.607768,0.789705]],[[-0.952784,-0.280885,-0.11535],[0.24018,-0.46471,-0.852266],[0.185785,-0.839731,0.510232]]],1],[1652,[-0.0704104,0.669894,-0.739111],165,63.5189,[117.329,121.649,-58.8843],[110.688,121.251,-59.9735],[-75.2466,76.912,-25.7012],false,[104.774,87.613,76.3984],[114.1,82.7881,11.1005],[113.108,91.6984,-33.703],[111.21,109.756,-53.6268],[109.54,125.797,-61.1937],[[[-0.984683,-0.113633,-0.132241],[0.102544,-0.990841,0.0878603],[-0.141013,0.0729541,0.987316]],[[-0.9947,-0.102803,0.00158328],[0.100496,-0.975399,-0.196209],[0.0217152,-0.19501,0.980561]],[[-0.9947,-0.102803,0.00158328],[0.0749221,-0.735305,-0.673582],[0.0704104,-0.669894,0.739111]],[[-0.9947,-0.102803,0.00158328],[0.0422423,-0.422671,-0.905298],[0.0937365,-0.900434,0.424774]]],2],[1653,[-0.14809,0.662417,-0.734352],165,61.0752,[91.0273,110.362,-56.0947],[79.8159,115.499,-51.4915],[-66.7563,99.8373,-2.58116],false,[93.5602,85.3938,74.1731],[93.2469,78.8739,15.1532],[85.1956,87.1003,-25.6068],[81.3067,104.496,-44.8911],[79.683,120.317,-52.6854],[[[-0.999611,-0.026639,0.00824781],[0.0273832,-0.993597,0.109617],[0.00527492,0.1098,0.99394]],[[-0.981249,-0.00578824