{"metadata":{"formatVersion":2,"generatedBy":"LeapJS Playback 0.2.1","frames":96,"protocolVersion":6,"serviceVersion":"2.2.6+29154","frameRate":"79","modified":"Thu Jun 04 2015 14:52:48 GMT-0300 (E. South America Standard Time)"},"frames":[["id","timestamp",{"hands":[["id","type","direction","palmNormal","palmPosition","palmVelocity","stabilizedPalmPosition","pinchStrength","grabStrength","confidence","armBasis","armWidth","elbow","wrist"]]},{"pointables":[["id","direction","handId","length","stabilizedTipPosition","tipPosition","tipVelocity","tool","carpPosition","mcpPosition","pipPosition","dipPosition","btipPosition","bases","type"]]},{"interactionBox":["center","size"]}],[251751,4561906744,[[165,"right",[0.112648,-0.316454,-0.941896],[-0.205045,0.920123,-0.333662],[105.006,101.371,26.0485],[1.64267,147.143,21.4753],[104.972,98.3298,25.6301],0.128786,0.46382,0.835633,[[-0.889769,-0.337447,0.307311],[0.230108,-0.913152,-0.336458],[0.394159,-0.228655,0.890144]],60.4036,[193.938,53.6115,303.18],[93.0543,112.135,75.35]],[167,"left",[-0.221923,-0.35063,-0.90984],[0.337555,0.847783,-0.409049],[-136.932,93.6235,36.1267],[12.7482,11.9833,14.7562],[-137.33,93.2036,35.553],0,0.161852,0.269951,[[0.883699,-0.462778,0.0700928],[-0.383821,-0.802197,-0.457341],[-0.267875,-0.377248,0.886525]],59.7937,[-188.381,9.527,308.003],[-120.511,105.108,83.3898]]],[[1650,[0.155884,0.30842,-0.938391],165,49.4039,[145.322,155.837,-11.2198],[145.364,158.583,-10.8574],[-26.9448,158.883,8.00134],false,[116.864,128.817,76.0369],[116.864,128.817,76.0369],[132.923,143.405,33.9839],[137.961,153.373,3.65411],[146.943,160.148,-15.467],[[[-0.185851,-0.977573,0.0990436],[0.830196,-0.102311,0.548003],[-0.52558,0.184073,0.830592]],[[0.080299,-0.950817,-0.299164],[0.937221,-0.0301642,0.347429],[-0.339366,-0.308281,0.888703]],[[0.080299,-0.950817,-0.299164],[0.984506,0.0287169,0.172983],[-0.155884,-0.30842,0.938391]],[[0.080299,-0.950817,-0.299164],[0.910842,-0.0519143,0.409476],[-0.404868,-0.305372,0.861876]]],0],[1651,[-0.0905955,0.67184,-0.735135],165,55.7467,[131.153,126.185,-55.7356],[132.736,126.1,-55.8894],[-22.7804,139.574,24.2075],false,[114.374,106.788,72.371],[131.17,97.4629,5.32873],[135.988,99.8545,-35.0409],[133.912,115.248,-51.8846],[130.307,130.275,-56.7344],[[[-0.939532,-0.280575,-0.196359],[0.243465,-0.950473,0.193198],[-0.240841,0.133709,0.96131]],[[-0.953855,-0.270729,-0.129869],[0.275984,-0.960863,-0.0239887],[-0.118292,-0.0587236,0.991241]],[[-0.953855,-0.270729,-0.129869],[0.286274,-0.689447,-0.665365],[0.0905955,-0.67184,0.735135]],[[-0.953855,-0.270729,-0.129869],[0.201558,-0.256715,-0.945236],[0.222563,-0.927795,0.299437]]],1],[1652,[-0.0686575,0.664586,-0.74405],165,63.5189,[106.931,121.19,-65.1259],[107.399,121.68,-65.3979],[0.996107,122.815,20.8164],false,[104.053,101.94,69.8786],[111.304,90.7287,5.10356],[109.946,91.9558,-40.5515],[108.095,109.871,-60.6084],[106.723,126.749,-66.1364],[[[-0.991079,-0.0937599,-0.0947164],[0.075774,-0.981058,0.178278],[-0.109638,0.169511,0.979411]],[[-0.997022,-0.0719703,0.0277166],[0.0711682,-0.997045,-0.0289141],[0.0297157,-0.0268555,0.999198]],[[-0.997022,-0.0719703,0.0277166],[0.0351295,-0.743737,-0.667548],[0.0686575,-0.664586,0.74405]],[[-0.997022,-0.0719703,0.0277166],[-0.00392767,-0.311533,-0.950227],[0.0770228,-0.947506,0.310322]]],2],[1653,[-0.10163,0.734978,-0.670432],165,61.0752,[79.5699,122.109,-53.2024],[79.4392,125.083,-53.0012],[13.4335,131.213,21.2544],false,[92.7174,99.8839,68.1715],[90.4724,87.884,10.0602],[82.7225,94.1304,-31.1077],[80.0537,113.431,-48.7133],[79.8152,130.521,-53.3585],[[[-0.999284,0.00643184,0.0372763],[0.00123865,-0.979346,0.202186],[0.0378068,0.202088,0.978637]],[[-0.980959,0.0380766,0.190444],[-0.0650971,-0.988332,-0.137705],[0.182979,-0.147481,0.971992]],[[-0.980959,0.0380766,0.190444],[-0.1655,-0.677021,-0.717114],[0.10163,-0.734978,0.670432]],[[-0.980959,0.0380766,0.190444],[-0.193746,-0.259836,-0.946017],[0.0134632,-0.964902,0.262266]]],3],[1654,[-0.0740335,0.769712,-0.634084],165,47.8818,[58.4517,119.8,-30.5367],[58.1176,122.494,-30.4926],[18.3784,117.66,11.3408],false,[80.0623,104.506,67.4596],[70.9544,89.8725,15.2647],[58.3828,97.4842,-14.8605],[57.0102,111.755,-26.6169],[59.6595,127.258,-31.0459],[[[-0.974569,0.191505,0.116369],[-0.150866,-0.944696,0.291184],[0.165697,0.266222,0.949563]],[[-0.862551,0.2697,0.428097],[-0.33961,-0.935785,-0.0947203],[0.37506,-0.227087,0.898755]],[[-0.862551,0.2697,0.428097],[-0.500524,-0.578623,-0.64395],[0.0740335,-0.769712,0.634084]],[[-0.862551,0.2697,0.428097],[-0.479286,-0.16439,-0.862126],[-0.162141,-0.948809,0.271058]]],4],[1670,[-0.813656,-0.0173981,-0.581087],167,48.9051,[-215.339,122.478,22.6228],[-213.86,122.96,23.8808],[32.3419,40.9428,3.94589],false,[-140.849,125.47,84.0327],[-140.849,125.47,84.0327],[-172.969,123.877,49.9753],[-199.002,123.32,31.3836],[-218.327,123.182,20.9517],[[[0.0228792,-0.986812,0.160243],[-0.800553,0.077924,0.594174],[0.598825,0.141877,0.788213]],[[-0.0366883,-0.996023,0.0811936],[-0.726944,0.0823509,0.681741],[0.685716,0.0340113,0.727074]],[[-0.0366883,-0.996023,0.0811936],[-0.580188,0.0873828,0.809781],[0.813656,0.0173981,0.581087]],[[-0.0366883,-0.996023,0.0811936],[-0.473631,0.0888743,0.876228],[0.879959,0.00630853,0.475008]]],0],[1671,[0.0447351,0.693415,-0.719149],167,55.1839,[-170.484,133.004,-41.3509],[-169.426,134.128,-40.5755],[-38.4548,-5.85791,-5.75058],false,[-142.348,103.382,81.8742],[-164.313,93.027,17.2498],[-174.677,107.134,-19.0668],[-173.662,122.862,-35.3779],[-169.693,136.238,-43.2763],[[[0.864524,-0.451121,-0.221559],[-0.389057,-0.879767,0.273211],[0.318172,0.149999,0.936091]],[[0.78214,-0.472154,-0.406605],[-0.567605,-0.809089,-0.152315],[0.257063,-0.349923,0.900818]],[[0.78214,-0.472154,-0.406605],[-0.621495,-0.544285,-0.563469],[-0.0447351,-0.693415,0.719149]],[[0.78214,-0.472154,-0.406605],[-0.571828,-0.284669,-0.7694],[-0.247527,-0.834286,0.492642]]],1],[1672,[0.0487881,0.709648,-0.702865],167,62.8777,[-148.69,127.441,-50.8239],[-147.17,128.233,-50.0635],[-68.6351,19.5729,5.27377],false,[-133.263,96.7376,79.2607],[-146.115,83.0488,16.5419],[-152.301,96.6763,-26.1409],[-150.999,115.613,-44.8963],[-148.029,131.21,-52.5678],[[[0.953134,-0.270075,-0.136361],[-0.230218,-0.939862,0.252306],[0.196302,0.209089,0.957991]],[[0.930104,-0.288762,-0.226987],[-0.340887,-0.908757,-0.240742],[0.136759,-0.301292,0.943674]],[[0.930104,-0.288762,-0.226987],[-0.364042,-0.642663,-0.674134],[-0.0487881,-0.709648,0.702865]],[[0.930104,-0.288762,-0.226987],[-0.326398,-0.366401,-0.87133],[-0.168439,-0.884515,0.435042]]],2],[1673,[0.172741,0.793904,-0.58299],167,60.4586,[-113.108,124.38,-37.0795],[-112.998,125.687,-36.1978],[13.8982,29.2002,25.4777],false,[-122.675,92.6844,77.1721],[-126.011,77.0111,20.6182],[-119.46,91.3726,-18.2233],[-114.97,112.01,-33.3782],[-112.269,128.728,-37.9173],[[[0.986258,-0.164738,-0.0125275],[-0.155157,-0.949612,0.272329],[0.0567591,0.266643,0.962123]],[[0.984748,-0.126702,0.119241],[-0.0765348,-0.93092,-0.357113],[-0.156251,-0.34254,0.926419]],[[0.984748,-0.126702,0.119241],[0.0207995,-0.594696,-0.803681],[-0.172741,-0.793904,0.58299]],[[0.984748,-0.126702,0.119241],[0.0808991,-0.273312,-0.958517],[-0.154037,-0.953544,0.258894]]],3],[1674,[0.116109,0.786153,-0.607027],167,47.3984,[-95.0469,113.14,-20.2815],[-94.9927,114.034,-19.7699],[15.8292,12.5422,14.3072],false,[-109.619,94.9632,75.5223],[-106.359,75.9166,24.6568],[-96.6203,87.3095,-4.94552],[-94.4893,101.738,-16.0867],[-94.7563,117.024,-21.3695],[[[0.998187,0.0264137,0.0540886],[0.00575865,-0.936362,0.35099],[-0.0599174,0.350042,0.934816]],[[0.923386,0.139704,0.35755],[0.247408,-0.928755,-0.27605],[-0.293511,-0.343361,0.892163]],[[0.923386,0.139704,0.35755],[0.365893,-0.602034,-0.709702],[-0.116109,-0.786153,0.607027]],[[0.923386,0.139704,0.35755],[0.383519,-0.295683,-0.87492],[0.0165087,-0.945015,0.326609]]],4]],[[0,200,0],[235.247,235.247,147.751]]],[251752,4561915451,[[165,"right",[0.112654,-0.322096,-0.93998],[-0.21052,0.916789,-0.33938],[105.267,103.445,26.1165],[9.19511,171.449,17.825],[105.056,99.7855,25.7685],0.127885,0.462935,0.843392,[[-0.890956,-0.342014,0.298702],[0.233682,-0.909353,-0.344194],[0.389345,-0.236861,0.890117]],60.4036,[192.997,53.8487,303.19],[93.3455,114.473,75.3671]],[167,"left",[-0.21949,-0.349292,-0.910944],[0.336685,0.849232,-0.406752],[-137.429,94.8588,36.3759],[-5.8948,46.6588,18.4555],[-137.342,93.4106,35.6559],0,0.155865,0.289374,[[0.885527,-0.45971,0.0671487],[-0.381268,-0.801675,-0.460382],[-0.265474,-0.382079,0.885178]],59.7937,[-188.383,9.47841,307.964],[-121.121,106.283,83.6926]]],[[1650,[0.152574,0.303007,-0.940695],165,49.4039,[145.133,157.471,-11.2989],[145.254,160.624,-11.2412],[-23.1235,178.916,-5.86739],false,[117.067,131.284,75.9003],[117.067,131.284,75.9003],[132.974,145.678,33.7225],[137.905,155.471,3.31823],[146.817,162.166,-15.8637],[[[-0.180481,-0.977866,0.105856],[0.8317,-0.0942725,0.547164],[-0.525073,0.186793,0.830305]],[[0.0848149,-0.952342,-0.293002],[0.937984,-0.0228917,0.345921],[-0.336143,-0.304171,0.891341]],[[0.0848149,-0.952342,-0.293002],[0.984646,0.0350804,0.171002],[-0.152574,-0.303007,0.940695]],[[0.0848149,-0.952342,-0.293002],[0.911833,-0.0443685,0.408157],[-0.401706,-0.301787,0.864614]]],0],[1651,[-0.0991618,0.667284,-0.738173],165,55.7467,[130.943,127.574,-55.7301],[132.418,127.837,-55.9866],[-26.9272,154.108,14.4476],false,[114.688,109.219,72.385],[131.414,99.538,5.37565],[135.933,101.68,-35.0425],[133.661,116.969,-51.9558],[129.949,131.955,-56.8528],[[[-0.938376,-0.286846,-0.192793],[0.248851,-0.947867,0.199051],[-0.239839,0.138808,0.960838]],[[-0.953542,-0.275797,-0.121218],[0.280085,-0.959776,-0.019552],[-0.11095,-0.052595,0.992433]],[[-0.953542,-0.275797,-0.121218],[0.284472,-0.691859,-0.663632],[0.0991618,-0.667284,0.738173]],[[-0.953542,-0.275797,-0.121218],[0.195542,-0.260521,-0.945459],[0.229175,-0.925238,0.302347]]],1],[1652,[-0.0744147,0.662692,-0.745186],165,63.5189,[106.931,122.495,-64.9957],[107.311,123.398,-65.3313],[-2.5314,143.369,17.7136],false,[104.388,104.299,69.9435],[111.584,92.6974,5.2311],[110.073,93.7589,-40.4233],[108.067,111.623,-60.5108],[106.593,128.485,-66.0616],[[[-0.990734,-0.0996359,-0.0922971],[0.0812989,-0.979438,0.184638],[-0.108796,0.175423,0.978463]],[[-0.996556,-0.0768416,0.0311816],[0.0760544,-0.996773,-0.0256926],[0.0330553,-0.0232326,0.999183]],[[-0.996556,-0.0768416,0.0311816],[0.0365974,-0.744939,-0.666128],[0.0744147,-0.662692,0.745186]],[[-0.996556,-0.0768416,0.0311816],[-0.00557283,-0.313107,-0.949702],[0.0827398,-0.946604,0.3116]]],2],[1653,[-0.106214,0.731441,-0.673582],165,61.0752,[79.6226,123.094,-53.0512],[79.478,126.671,-52.9614],[10.576,144.522,16.1327],false,[93.0609,102.172,68.2705],[90.7765,89.7753,10.2442],[82.9391,95.8202,-30.9372],[80.1499,115.028,-48.6256],[79.8174,132.091,-53.3613],[[[-0.999237,0.00138476,0.0390434],[0.00679811,-0.977963,0.208669],[0.038472,0.208775,0.977207]],[[-0.980867,0.0340795,0.191674],[-0.0604922,-0.989176,-0.133686],[0.185044,-0.142723,0.972311]],[[-0.980867,0.0340795,0.191674],[-0.163154,-0.681053,-0.713826],[0.106214,-0.731441,0.673582]],[[-0.980867,0.0340795,0.191674],[-0.193773,-0.265864,-0.944335],[0.0187768,-0.963408,0.267381]]],3],[1654,[-0.0773248,0.766727,-0.6373],165,47.8818,[58.5711,120.663,-30.4483],[58.2895,124.099,-30.4209],[18.4203,135.416,9.95744],false,[80.3802,106.722,67.551],[71.2574,91.6948,15.4708],[58.6641,99.1514,-14.6841],[57.2305,113.367,-26.5002],[59.8033,128.86,-31.0112],[[[-0.975363,0.187108,0.116864],[-0.14533,-0.943529,0.29771],[0.165968,0.273392,0.947476]],[[-0.863741,0.267747,0.426922],[-0.335849,-0.937456,-0.0915516],[0.375708,-0.222458,0.899642]],[[-0.863741,0.267747,0.426922],[-0.497968,-0.583474,-0.64155],[0.0773248,-0.766727,0.6373]],[[-0.863741,0.267747,0.426922],[-0.478705,-0.171235,-0.861116],[-0.157457,-0.948151,0.276075]]],4],[1670,[-0.812317,-0.017674,-0.582949],167,48.9051,[-215.171,122.813,22.7807],[-214.387,124.085,24.025],[7.63961,64.6383,7.5084],false,[-141.5,126.604,84.3359],[-141.5,126.604,84.3359],[-173.551,125.025,50.2122],[-199.541,124.459,31.561],[-218.847,124.308,21.0942],[[[0.024497,-0.987076,0.158372],[-0.801844,0.0752093,0.592782],[0.597032,0.141511,0.789638]],[[-0.0350293,-0.996258,0.0790169],[-0.728427,0.079584,0.680486],[0.684227,0.0337211,0.728489]],[[-0.0350293,-0.996258,0.0790169],[-0.582164,0.0846071,0.808658],[0.812317,0.017674,0.582949]],[[-0.0350293,-0.996258,0.0790169],[-0.475355,0.0861582,0.875565],[0.879096,0.00689064,0.476594]]],0],[1671,[0.0377399,0.689877,-0.722942],167,55.1839,[-170.961,133.554,-41.393],[-170.259,135.134,-40.544],[-54.8135,25.9695,-3.56349],false,[-142.952,104.518,82.1317],[-164.773,94.2456,17.4451],[-175.291,108.222,-18.8774],[-174.435,123.87,-35.2745],[-170.59,137.218,-43.2796],[[[0.865827,-0.449005,-0.220769],[-0.387863,-0.881053,0.270754],[0.316079,0.148798,0.936991]],[[0.782974,-0.469935,-0.407568],[-0.564694,-0.811768,-0.148841],[0.260905,-0.34669,0.900963]],[[0.782974,-0.469935,-0.407568],[-0.620908,-0.550664,-0.557891],[-0.0377399,-0.689877,0.722942]],[[0.782974,-0.469935,-0.407568],[-0.573972,-0.2932,-0.764585],[-0.239806,-0.832583,0.499298]]],1],[1672,[0.0454193,0.708319,-0.70443],167,62.8777,[-149.134,128.294,-50.725],[-147.87,129.441,-49.9139],[-71.3107,50.3815,8.06325],false,[-133.849,97.8962,79.5228],[-146.554,84.3043,16.7529],[-152.85,97.897,-25.9247],[-151.638,116.798,-44.7219],[-148.727,132.383,-52.4421],[[[0.95392,-0.267952,-0.135049],[-0.228868,-0.940798,0.250038],[0.194052,0.207608,0.958771]],[[0.930214,-0.287069,-0.228677],[-0.339589,-0.909548,-0.239586],[0.139215,-0.300523,0.94356]],[[0.930214,-0.287069,-0.228677],[-0.364196,-0.644884,-0.671927],[-0.0454193,-0.708319,0.70443]],[[0.930214,-0.287069,-0.228677],[-0.32778,-0.369494,-0.869502],[-0.165113,-0.883779,0.437804]]],2],[1673,[0.172286,0.796133,-0.580078],167,60.4586,[-113.189,125.18,-36.828],[-113.415,127.107,-35.8295],[-2.6474,66.365,31.3277],false,[-123.249,93.8677,77.4467],[-126.446,78.2979,20.8562],[-119.847,92.7638,-17.9384],[-115.368,113.459,-33.0175],[-112.694,130.2,-37.4891],[[[0.9866,-0.162792,-0.0109484],[-0.153827,-0.95044,0.270187],[0.05439,0.264882,0.962746]],[[0.984761,-0.125011,0.120908],[-0.0739553,-0.930229,-0.359449],[-0.157407,-0.34503,0.925299]],[[0.984761,-0.125011,0.120908],[0.0237428,-0.592068,-0.805538],[-0.172286,-0.796133,0.580078]],[[0.984761,-0.125011,0.120908],[0.0835623,-0.2696,-0.95934],[-0.152524,-0.954824,0.255045]]],3],[1674,[0.115174,0.788198,-0.604549],167,47.3984,[-95.0801,113.698,-20.1203],[-95.4346,115.459,-19.3919],[-2.50545,53.5554,22.6699],false,[-110.195,96.175,75.8265],[-106.8,77.2338,24.9305],[-97.0402,88.7051,-4.6347],[-94.9263,103.171,-15.7304],[-95.2234,118.475,-20.9599],[[[0.998028,0.0282527,0.0560613],[0.00691157,-0.937029,0.349183],[-0.0623965,0.348106,0.935376]],[[0.922632,0.140634,0.359128],[0.249471,-0.927737,-0.277612],[-0.294134,-0.345726,0.891044]],[[0.922632,0.140634,0.359128],[0.368084,-0.599138,-0.711019],[-0.115174,-0.788198,0.604549]],[[0.922632,0.140634,0.359128],[0.385244,-0.291705,-0.875497],[0.0183652,-0.946113,0.323315]]],4]],[[0,200,0],[235.247,235.247,147.751]]],[251753,4561933570,[[165,"right",[0.107024,-0.324516,-0.939806],[-0.215313,0.91524,-0.340553],[105.336,108.479,26.2949],[6.62605,222.067,14.0265],[105.217,104.798,26.072],0.126054,0.461793,0.850283,[[-0.89462,-0.343975,0.285194],[0.232695,-0.903536,-0.359827],[0.381455,-0.255545,0.888363]],60.4036,[191.357,54.2105,302.969],[93.7251,119.617,75.5947]],[167,"left",[-0.220169,-0.334305,-0.916387],[0.341997,0.853354,-0.393478],[-138.568,99.458,36.7489],[-33.0232,145.274,19.4694],[-137.716,95.2555,35.9893],0,0.153021,0.335485,[[0.885285,-0.461928,0.0537822],[-0.385358,-0.793399,-0.471186],[-0.260325,-0.396409,0.880392]],59.7937,[-188.22,9.64188,307.313],[-122.263,110.077,84.2536]]],[[1650,[0.14526,0.300686,-0.942596],165,49.4039,[144.671,162.788,-11.566],[144.909,165.655,-11.5034],[-21.1847,225.869,-9.85704],false,[117.405,136.493,75.9156],[117.405,136.493,75.9156],[132.981,150.806,33.5876],[137.676,160.525,3.12194],[146.437,167.188,-16.1403],[[[-0.177127,-0.978031,0.109913],[0.835707,-0.0904768,0.541672],[-0.519827,0.1878,0.833373]],[[0.0853402,-0.952958,-0.29084],[0.940409,-0.0193956,0.339492],[-0.329163,-0.302481,0.894515]],[[0.0853402,-0.952958,-0.29084],[0.985706,0.038194,0.164087],[-0.14526,-0.300686,0.942596]],[[0.0853402,-0.952958,-0.29084],[0.914747,-0.0407606,0.401966],[-0.394911,-0.300349,0.868237]]],0],[1651,[-0.114786,0.667008,-0.736156],165,55.7467,[129.689,132.642,-55.6916],[131.144,132.845,-55.9428],[-48.5209,210.189,8.64559],false,[115.06,114.411,72.4804],[131.35,104.581,5.38515],[135.07,106.612,-35.12],[132.44,121.895,-51.9871],[128.613,136.882,-56.7903],[[[-0.938913,-0.289896,-0.185477],[0.252757,-0.946622,0.200052],[-0.233571,0.140951,0.962069]],[[-0.955585,-0.276632,-0.101647],[0.2802,-0.95968,-0.0223984],[-0.0913524,-0.049885,0.994568]],[[-0.955585,-0.276632,-0.101647],[0.271443,-0.691792,-0.669136],[0.114786,-0.667008,0.736155]],[[-0.955585,-0.276632,-0.101647],[0.176093,-0.259369,-0.949589],[0.236322,-0.925312,0.296562]]],1],[1652,[-0.0817473,0.663431,-0.743759],165,63.5189,[106.489,127.299,-64.6878],[106.634,128.435,-65.0832],[-18.6112,206.893,15.7459],false,[104.757,109.457,70.1243],[111.537,97.6871,5.39733],[109.677,98.7513,-40.2441],[107.474,116.635,-60.2932],[105.916,133.502,-65.8071],[[[-0.991077,-0.102536,-0.085161],[0.0851943,-0.97868,0.186888],[-0.102508,0.177966,0.978683]],[[-0.996097,-0.0793138,0.0387344],[0.0783244,-0.996578,-0.0264276],[0.0406979,-0.0232906,0.9989]],[[-0.996097,-0.0793138,0.0387344],[0.0332927,-0.744022,-0.667325],[0.0817473,-0.663431,0.743759]],[[-0.996097,-0.0793138,0.0387344],[-0.0121262,-0.311708,-0.950101],[0.0874299,-0.946862,0.309529]]],2],[1653,[-0.112306,0.730184,-0.673958],165,61.0752,[79.5343,126.994,-52.6171],[78.9913,131.572,-52.6006],[-7.48735,203.284,17.0088],false,[93.4245,107.295,68.5358],[90.7727,94.7242,10.5625],[82.6614,100.718,-30.5733],[79.7123,119.893,-48.2716],[79.304,136.944,-53.0441],[[[-0.998943,-0.00115837,0.0459439],[0.0108575,-0.977333,0.21143],[0.0446576,0.211705,0.976313]],[[-0.979716,0.031914,0.197833],[-0.0589915,-0.989422,-0.132528],[0.191511,-0.141511,0.971235]],[[-0.979716,0.031914,0.197833],[-0.165963,-0.682505,-0.711789],[0.112306,-0.730184,0.673958]],[[-0.979716,0.031914,0.197833],[-0.199061,-0.268553,-0.942472],[0.0230507,-0.962736,0.269459]]],3],[1654,[-0.0814758,0.766411,-0.637162],165,47.8818,[58.7292,124.284,-30.0895],[58.0872,129.061,-29.9124],[3.80057,200.591,17.6494],false,[80.727,111.809,67.8908],[71.2852,96.607,15.9183],[58.5684,104.094,-14.1772],[57.0578,118.304,-25.9907],[59.5656,133.793,-30.5488],[[[-0.975031,0.184852,0.123063],[-0.140744,-0.943047,0.30142],[0.171772,0.276574,0.945516]],[[-0.862332,0.26634,0.430636],[-0.33533,-0.93764,-0.0915739],[0.379391,-0.223372,0.897868]],[[-0.862332,0.26634,0.430636],[-0.499746,-0.584532,-0.6392],[0.0814758,-0.766411,0.637162]],[[-0.862332,0.26634,0.430636],[-0.482523,-0.174463,-0.858332],[-0.153478,-0.947959,0.27896]]],4],[1670,[-0.817078,-0.0044288,-0.57651],167,48.9051,[-215.453,125.541,23.6449],[-215.666,129.333,25.1176],[-34.383,170.693,41.0741],false,[-142.529,130.501,85.1761],[-142.529,130.501,85.1761],[-174.723,129.594,51.1633],[-200.865,129.452,32.718],[-220.349,129.581,22.5846],[[[0.0187549,-0.989469,0.143523],[-0.802237,0.0707795,0.592795],[0.596711,0.126258,0.792461]],[[-0.0402056,-0.997098,0.0646424],[-0.725265,0.0736225,0.684522],[0.687295,0.0193613,0.726121]],[[-0.0402056,-0.997098,0.0646424],[-0.575124,0.0759968,0.814529],[0.817078,0.0044288,0.57651]],[[-0.0402056,-0.997098,0.0646424],[-0.4597,0.0759,0.884825],[0.887164,-0.00585879,0.461417]]],0],[1671,[0.0409635,0.698623,-0.714316],167,55.1839,[-172.016,138.398,-40.8039],[-171.212,140.922,-39.7342],[-52.0787,167.146,19.8949],false,[-144.101,108.458,82.6376],[-165.889,99.2833,17.7752],[-176.292,113.809,-18.3647],[-175.363,129.654,-34.5661],[-171.468,143.081,-42.4154],[[[0.863609,-0.450484,-0.22637],[-0.393163,-0.882837,0.256949],[0.315599,0.132903,0.939539]],[[0.781203,-0.468112,-0.413029],[-0.568445,-0.806881,-0.160666],[0.258055,-0.360297,0.896434]],[[0.781203,-0.468112,-0.413029],[-0.622932,-0.541107,-0.564942],[-0.0409635,-0.698623,0.714316]],[[0.781203,-0.468112,-0.413029],[-0.575058,-0.282105,-0.767936],[-0.242963,-0.837429,0.489573]]],1],[1672,[0.0386622,0.705909,-0.707246],167,62.8777,[-150.899,133.113,-50.5519],[-149.65,134.634,-49.6475],[-83.7815,158.66,7.91374],false,[-135.032,101.826,79.9412],[-147.725,89.2514,16.9572],[-154.378,103.038,-25.6039],[-153.347,121.874,-44.4763],[-150.511,137.405,-52.3332],[[[0.952594,-0.27124,-0.137818],[-0.234475,-0.943155,0.235544],[0.193873,0.192063,0.962042]],[[0.926735,-0.290038,-0.238829],[-0.345717,-0.907179,-0.239804],[0.147108,-0.304802,0.940986]],[[0.926735,-0.290038,-0.238829],[-0.37372,-0.646196,-0.665405],[-0.0386622,-0.705909,0.707246]],[[0.926735,-0.290038,-0.238829],[-0.339563,-0.374504,-0.862811],[-0.160806,-0.880695,0.445553]]],2],[1673,[0.177566,0.803834,-0.567734],167,60.4586,[-113.867,129.831,-35.9582],[-114.271,132.644,-34.9368],[-23.9783,180.672,39.7987],false,[-124.452,97.7693,77.8186],[-127.657,83.0711,20.996],[-120.92,98.0779,-17.5689],[-116.305,118.974,-32.3272],[-113.531,135.765,-36.5394],[[[0.985688,-0.168144,-0.0121049],[-0.159517,-0.95352,0.255643],[0.0545272,0.250054,0.966695]],[[0.983871,-0.132324,0.120366],[-0.0786317,-0.924325,-0.373417],[-0.16067,-0.35793,0.919822]],[[0.983871,-0.132324,0.120366],[0.0216297,-0.57995,-0.814365],[-0.177566,-0.803834,0.567734]],[[0.983871,-0.132324,0.120366],[0.0834883,-0.255415,-0.96322],[-0.1582,-0.957734,0.240248]]],3],[1674,[0.119829,0.797136,-0.591789],167,47.3984,[-95.6961,117.459,-19.4666],[-96.3934,120.647,-18.6455],[-27.1848,165.05,31.883],false,[-111.382,100.028,76.2505],[-108.022,81.8356,25.0796],[-98.1736,93.6888,-4.30486],[-95.9743,108.319,-15.1664],[-96.1893,123.709,-20.1395],[[[0.998091,0.021803,0.0577887],[0.00118339,-0.942202,0.335043],[-0.0617536,0.334335,0.940429]],[[0.923182,0.129807,0.361781],[0.244198,-0.92495,-0.291264],[-0.296821,-0.357236,0.885596]],[[0.923182,0.129807,0.361781],[0.365207,-0.589681,-0.720347],[-0.119829,-0.797136,0.591789]],[[0.923182,0.129807,0.361781],[0.384134,-0.279033,-0.880103],[0.0132948,-0.951468,0.307462]]],4]],[[0,200,0],[235.247,235.247,147.751]]],[251754,4561942932,[[165,"right",[0.113775,-0.315709,-0.94201],[-0.226242,0.915022,-0.333989],[105.774,110.851,26.4421],[18.0213,230.963,14.51],[105.434,107.155,26.2162],0.125017,0.461251,0.852382,[[-0.892714,-0.357194,0.274727],[0.245188,-0.896536,-0.368926],[0.37808,-0.261986,0.887929]],60.4036,[190.654,54.3955,303.058],[93.8857,121.45,75.7947]],[167,"left",[-0.203326,-0.331527,-0.921275],[0.327767,0.863595,-0.383109],[-139.403,101.47,36.7015],[-48.9759,165.049,12.506],[-138.043,96.4611,36.1275],0,0.151477,0.358313,[[0.895863,-0.440712,0.0565932],[-0.364428,-0.801648,-0.47387],[-0.254208,-0.403898,0.878775]],59.7937,[-188.236,9.71859,307.108],[-123.829,112.052,84.4593]]],[[1650,[0.143902,0.309938,-0.939803],165,49.4039,[144.464,165.55,-11.3091],[144.703,168.83,-10.7967],[-21.3685,257.89,14.3408],false,[117.344,138.628,76.3143],[117.344,138.628,76.3143],[132.847,153.474,34.1434],[137.498,163.492,3.76804],[146.225,170.419,-15.4168],[[[-0.164723,-0.981076,0.101762],[0.835337,-0.0838997,0.543298],[-0.524479,0.174499,0.83335]],[[0.0984835,-0.949458,-0.298043],[0.939657,-0.00988167,0.341974],[-0.327635,-0.313737,0.891192]],[[0.0984835,-0.949458,-0.298043],[0.984679,0.0496662,0.167153],[-0.143902,-0.309938,0.939803]],[[0.0984835,-0.949458,-0.298043],[0.914106,-0.0320669,0.404205],[-0.393333,-0.31225,0.864748]]],0],[1651,[-0.124447,0.671711,-0.730286],165,55.7467,[129.608,135.396,-55.3914],[131.213,136.237,-55.4899],[-32.5047,251.535,19.641],false,[115.295,116.546,72.6998],[131.893,107.455,5.57588],[135.515,109.841,-34.9188],[132.664,125.232,-51.6514],[128.642,140.212,-56.3145],[[[-0.934567,-0.300565,-0.190381],[0.264471,-0.944812,0.193353],[-0.23799,0.130351,0.962481]],[[-0.952327,-0.287476,-0.102133],[0.291825,-0.955994,-0.03023],[-0.0889482,-0.0585939,0.994311]],[[-0.952327,-0.287476,-0.102133],[0.278544,-0.682761,-0.675464],[0.124447,-0.671711,0.730286]],[[-0.952327,-0.287476,-0.102133],[0.177231,-0.248826,-0.952195],[0.24832,-0.924902,0.287913]]],1],[1652,[-0.0884912,0.669156,-0.737834],165,63.5189,[106.573,129.889,-64.446],[107.037,131.635,-64.7227],[-1.39546,244.479,22.3334],false,[105.063,111.478,70.276],[112.171,100.305,5.47837],[110.41,101.751,-40.1565],[108.024,119.789,-60.0458],[106.263,136.685,-65.4074],[[[-0.989429,-0.11469,-0.08875],[0.0973751,-0.978933,0.179468],[-0.107463,0.168928,0.979752]],[[-0.995083,-0.0924781,0.0354738],[0.0912405,-0.995212,-0.0350521],[0.0385455,-0.0316431,0.998756]],[[-0.995083,-0.0924781,0.0354738],[0.044496,-0.737345,-0.674049],[0.0884912,-0.669156,0.737834]],[[-0.995083,-0.0924781,0.0354738],[-0.00581293,-0.303003,-0.952972],[0.0988777,-0.948492,0.300976]]],2],[1653,[-0.119887,0.734056,-0.668423],165,61.0752,[79.5867,129.256,-52.3718],[79.3559,134.263,-52.3288],[4.88884,226.586,20.4487],false,[93.7641,109.182,68.6388],[91.433,97.0332,10.5618],[83.3592,103.265,-30.5461],[80.2109,122.541,-48.099],[79.594,139.622,-52.7415],[[[-0.998965,-0.0144557,0.0431212],[0.0229607,-0.978741,0.203809],[0.0392583,0.204588,0.978061]],[[-0.980591,0.0176579,0.195269],[-0.045869,-0.988959,-0.140912],[0.190625,-0.147134,0.970574]],[[-0.980591,0.0176579,0.195269],[-0.155141,-0.67886,-0.717691],[0.119887,-0.734056,0.668423]],[[-0.980591,0.0176579,0.195269],[-0.192947,-0.263834,-0.945073],[0.0348304,-0.964407,0.26212]]],3],[1654,[-0.0892662,0.770615,-0.631019],165,47.8818,[58.8772,126.306,-29.8964],[58.4604,131.328,-29.7181],[13.0598,212.127,18.5405],false,[81.0109,113.536,67.9934],[71.9081,98.6213,15.8773],[59.2004,106.224,-14.1931],[57.5454,120.512,-25.8927],[59.8627,136.067,-30.3253],[[[-0.977677,0.171237,0.121759],[-0.129317,-0.947129,0.293638],[0.165603,0.271338,0.94813]],[[-0.867015,0.251702,0.430036],[-0.323345,-0.940851,-0.101225],[0.379121,-0.226814,0.897119]],[[-0.867015,0.251702,0.430036],[-0.490221,-0.58549,-0.645666],[0.0892662,-0.770615,0.631019]],[[-0.867015,0.251702,0.430036],[-0.477673,-0.174211,-0.861092],[-0.141822,-0.951996,0.271275]]],4],[1670,[-0.812986,-0.0173032,-0.582026],167,48.9051,[-215.956,126.684,23.882],[-217.142,129.799,24.6509],[-71.429,135.592,18.8857],false,[-144.536,132.03,85.3254],[-144.536,132.03,85.3254],[-176.421,130.701,51.036],[-202.432,130.147,32.4143],[-221.885,129.945,22.2244],[[[0.038421,-0.989969,0.135961],[-0.80975,0.04888,0.584736],[0.585516,0.13256,0.799749]],[[-0.0193294,-0.998206,0.0566757],[-0.732319,0.052728,0.678917],[0.680687,0.0283816,0.732024]],[[-0.0193294,-0.998206,0.0566757],[-0.581962,0.0573268,0.811193],[0.812986,0.0173032,0.582026]],[[-0.0193294,-0.998206,0.0566757],[-0.463675,0.0591716,0.884027],[0.885794,0.00919134,0.463987]]],0],[1671,[0.0321944,0.703877,-0.709592],167,55.1839,[-172.697,140.185,-40.7789],[-172.216,142.754,-39.8745],[-66.2752,175.099,9.82019],false,[-145.609,109.981,82.5977],[-166.513,100.866,17.4366],[-176.872,115.416,-18.7062],[-176.142,131.381,-34.8005],[-172.476,144.938,-42.535],[[[0.875383,-0.430131,-0.220662],[-0.376853,-0.89306,0.245815],[0.302797,0.132025,0.943866]],[[0.795343,-0.448007,-0.408314],[-0.549004,-0.817945,-0.17193],[0.256952,-0.360909,0.896504]],[[0.795343,-0.448007,-0.408314],[-0.605305,-0.551223,-0.574247],[-0.0321944,-0.703877,0.709592]],[[0.795343,-0.448007,-0.408314],[-0.561386,-0.290331,-0.774954],[-0.228638,-0.845576,0.482417]]],1],[1672,[0.0302339,0.711222,-0.702317],167,62.8777,[-151.536,135.139,-50.5118],[-150.447,137.004,-49.6187],[-81.3743,185.351,6.73761],false,[-136.373,103.564,79.9464],[-148.131,91.2305,16.7339],[-154.656,105.179,-25.7943],[-153.849,124.158,-44.535],[-151.277,139.795,-52.2698],[[[0.959576,-0.24975,-0.129764],[-0.216694,-0.949807,0.225633],[0.179603,0.188393,0.965531]],[[0.935104,-0.268329,-0.231476],[-0.323683,-0.91263,-0.249672],[0.144258,-0.308394,0.940257]],[[0.935104,-0.268329,-0.231476],[-0.353082,-0.649741,-0.673179],[-0.0302339,-0.711222,0.702317]],[[0.935104,-0.268329,-0.231476],[-0.322957,-0.376391,-0.868348],[-0.145877,-0.886752,0.438623]]],2],[1673,[0.166225,0.812974,-0.55807],167,60.4586,[-114.385,132.347,-35.5071],[-115.067,135.753,-34.4334],[-40.741,225.422,45.2304],false,[-125.686,99.752,77.9051],[-127.979,85.4472,20.9381],[-121.157,100.932,-17.4223],[-116.836,122.065,-31.9293],[-114.382,138.955,-35.9417],[[[0.989134,-0.146988,-0.00290138],[-0.141747,-0.958734,0.24645],[0.0390068,0.243361,0.969151]],[[0.985152,-0.112264,0.129893],[-0.0547421,-0.922494,-0.382109],[-0.162722,-0.369325,0.914943]],[[0.985152,-0.112264,0.129893],[0.0429484,-0.571376,-0.819564],[-0.166225,-0.812974,0.55807]],[[0.985152,-0.112264,0.129893],[0.0994402,-0.243632,-0.964757],[-0.139953,-0.963349,0.228851]]],3],[1674,[0.108774,0.804326,-0.584147],167,47.3984,[-96.1498,119.829,-19.0588],[-97.1159,123.988,-18.0769],[-41.2163,219.871,40.1909],false,[-112.652,102.301,76.4943],[-108.366,84.5976,25.2212],[-98.4723,96.8841,-3.9694],[-96.4759,111.646,-14.6906],[-96.971,127.07,-19.5381],[[[0.996733,0.042611,0.0686063],[0.0178314,-0.944632,0.327646],[-0.0787691,0.325352,0.942306]],[[0.916498,0.146425,0.372278],[0.266669,-0.917303,-0.295709],[-0.298192,-0.370291,0.879753]],[[0.916498,0.146425,0.372278],[0.384966,-0.575864,-0.721236],[-0.108774,-0.804326,0.584147]],[[0.916498,0.146425,0.372278],[0.398866,-0.263275,-0.878403],[0.0306089,-0.953544,0.299695]]],4]],[[0,200,0],[235.247,235.247,147.751]]],[251755,4561960696,[[165,"right",[0.113831,-0.301322,-0.946703],[-0.248193,0.914059,-0.320775],[106.569,116.79,25.8264],[30.5868,279.467,-8.56751],[106.247,114.052,25.9372],0.122841,0.460529,0.805114,[[-0.895217,-0.373382,0.243253],[0.260748,-0.881553,-0.393541],[0.361382,-0.288877,0.88654]],60.4036,[187.302,52.5719,302.297],[94.8075,126.509,75.3898]],[167,"left",[-0.168922,-0.325135,-0.930458],[0.306178,0.880011,-0.363092],[-141.25,105.71,35.8609],[-74.7793,199.603,-15.5709],[-139.395,100.36,36.0151],0,0.149008,0.381785,[[0.914219,-0.400852,0.0593422],[-0.3263,-0.815065,-0.478746],[-0.240274,-0.418315,0.875946]],59.7937,[-188.107,10.1558,306.063],[-127.23,116.142,84.1304]]],[[1650,[0.130535,0.324751,-0.936748],165,49.4039,[143.675,174.082,-11.173],[143.978,176.057,-10.938],[-30.4846,327.597,3.98029],false,[117.895,144.181,75.9675],[117.895,144.181,75.9675],[132.776,159.886,33.8839],[136.995,170.383,3.60722],[145.434,177.737,-15.5472],[[[-0.142903,-0.985599,0.0904021],[0.840782,-0.0726991,0.53647],[-0.522172,0.152672,0.839064]],[[0.116718,-0.943296,-0.310756],[0.942059,0.00607459,0.335392],[-0.314486,-0.331897,0.88935]],[[0.116718,-0.943296,-0.310756],[0.984549,0.0687711,0.161037],[-0.130535,-0.324751,0.936748]],[[0.116718,-0.943296,-0.310756],[0.917434,-0.0174351,0.397506],[-0.380384,-0.331495,0.863377]]],0],[1651,[-0.148454,0.678167,-0.719757],165,55.7467,[128.867,143.743,-55.6433],[130.452,143.795,-55.9002],[-36.8803,330.712,-0.569303],false,[116.295,122.106,72.0866],[132.606,114.22,4.74074],[135.607,117.18,-35.7669],[132.205,132.719,-52.2582],[127.814,147.67,-56.6736],[[[-0.92923,-0.318218,-0.1878],[0.286054,-0.941248,0.179514],[-0.233891,0.113089,0.965663]],[[-0.94764,-0.305643,-0.0925256],[0.310728,-0.949367,-0.0463774],[-0.0736658,-0.0726994,0.99463]],[[-0.94764,-0.305643,-0.0925256],[0.282736,-0.668335,-0.688032],[0.148454,-0.678167,0.719757]],[[-0.94764,-0.305643,-0.0925256],[0.168736,-0.233255,-0.957664],[0.271121,-0.923133,0.272614]]],1],[1652,[-0.108132,0.676767,-0.728213],165,63.5189,[106.386,138.097,-64.4751],[106.724,138.784,-65.0402],[-9.27014,317.489,3.73488],false,[106.157,116.85,69.6685],[113.042,106.648,4.68704],[110.924,108.629,-40.9126],[108.009,126.872,-60.5425],[105.848,143.799,-65.658],[[[-0.987345,-0.13486,-0.0834413],[0.119634,-0.978785,0.166337],[-0.104103,0.15425,0.982532]],[[-0.992591,-0.11433,0.0411367],[0.112317,-0.992496,-0.0483307],[0.0463537,-0.0433523,0.997984]],[[-0.992591,-0.11433,0.0411367],[0.0554169,-0.727266,-0.684115],[0.108132,-0.676767,0.728213]],[[-0.992591,-0.11433,0.0411367],[-0.0062553,-0.290026,-0.956998],[0.121345,-0.950165,0.287162]]],2],[1653,[-0.14014,0.740323,-0.657483],165,61.0752,[79.5169,136.606,-52.0193],[79.1221,140.733,-52.4053],[-4.57858,290.157,8.71583],false,[94.8984,114.332,68.0794],[92.4161,102.867,9.86995],[83.9258,109.499,-31.0909],[80.2457,128.94,-48.3566],[79.2311,146.063,-52.7696],[[[-0.998094,-0.03652,0.0497557],[0.0454072,-0.980503,0.191187],[0.0418034,0.193081,0.980292]],[[-0.97936,-0.00595947,0.202037],[-0.0258759,-0.987644,-0.154564],[0.200461,-0.156602,0.967105]],[[-0.97936,-0.00595947,0.202037],[-0.145654,-0.672225,-0.725877],[0.14014,-0.740323,0.657483]],[[-0.97936,-0.00595947,0.202037],[-0.193837,-0.255591,-0.947154],[0.0572832,-0.966767,0.24916]]],3],[1654,[-0.109812,0.776703,-0.620221],165,47.8818,[59.1084,132.627,-29.5906],[58.4884,137.035,-29.7246],[6.45498,262.967,9.41571],false,[82.0504,118.418,67.5766],[72.9,103.967,15.3384],[59.8486,111.727,-14.5439],[57.8126,126.128,-26.0433],[59.7595,141.782,-30.3011],[[[-0.980238,0.148585,0.130601],[-0.106872,-0.953311,0.282448],[0.166471,0.262909,0.950351]],[[-0.86934,0.227455,0.438762],[-0.30436,-0.945866,-0.112703],[0.389375,-0.231519,0.891508]],[[-0.86934,0.227455,0.438762],[-0.48186,-0.587364,-0.650242],[0.109812,-0.776703,0.620221]],[[-0.86934,0.227455,0.438762],[-0.479635,-0.174255,-0.859991],[-0.119153,-0.958071,0.260583]]],4],[1670,[-0.797448,-0.0458229,-0.601645],167,48.9051,[-217.982,128.631,23.3744],[-219.915,130.967,22.667],[-114.062,94.7381,-36.8216],false,[-148.647,135.366,84.752],[-148.647,135.366,84.752],[-179.79,133.006,49.8419],[-205.304,131.54,30.5924],[-224.771,130.649,20.466],[[[0.0701766,-0.989868,0.123438],[-0.824988,0.0119716,0.565023],[0.560776,0.141486,0.815789]],[[0.0197073,-0.998558,0.0499318],[-0.746719,0.0185096,0.664882],[0.664847,0.0503881,0.745278]],[[0.0197073,-0.998558,0.0499318],[-0.603065,0.0279612,0.797202],[0.797448,0.0458229,0.601645]],[[0.0197073,-0.998558,0.0499318],[-0.46246,0.0351736,0.885942],[0.886421,0.040551,0.4611]]],0],[1671,[0.0225334,0.71278,-0.701026],167,55.1839,[-174.325,144.576,-41.702],[-173.778,146.766,-41.0726],[-74.0252,198.878,-26.7482],false,[-148.871,113.334,81.6997],[-167.844,104.432,15.9212],[-177.869,119.063,-20.2832],[-177.357,135.229,-36.1832],[-174.023,148.997,-43.693],[[[0.895205,-0.395896,-0.204633],[-0.350827,-0.909197,0.224233],[0.274824,0.128944,0.952809]],[[0.820454,-0.413861,-0.394428],[-0.514801,-0.834877,-0.194833],[0.248665,-0.362904,0.898035]],[[0.820454,-0.413861,-0.394428],[-0.571268,-0.566272,-0.594129],[-0.0225334,-0.71278,0.701026]],[[0.820454,-0.413861,-0.394428],[-0.532544,-0.30227,-0.790588],[-0.20797,-0.858692,0.468398]]],1],[1672,[0.0252781,0.728499,-0.68458],167,62.8777,[-152.48,141.11,-50.7012],[-151.476,142.31,-50.0677],[-62.1269,245.809,-2.54587],false,[-139.351,107.285,79.1922],[-149.12,95.4594,15.5455],[-154.999,110.098,-26.8449],[-154.325,129.537,-45.1124],[-152.066,145.436,-52.3982],[[[0.970707,-0.214,-0.109231],[-0.188313,-0.959987,0.207274],[0.149217,0.180632,0.972166]],[[0.94939,-0.231961,-0.211786],[-0.285938,-0.917307,-0.277105],[0.129995,-0.323638,0.937208]],[[0.94939,-0.231961,-0.211786],[-0.313082,-0.64458,-0.697493],[-0.0252781,-0.728499,0.68458]],[[0.94939,-0.231961,-0.211786],[-0.286785,-0.365126,-0.885685],[-0.128116,-0.901597,0.413169]]],2],[1673,[0.150254,0.829789,-0.53747],167,60.4586,[-115.909,139.588,-34.6854],[-116.424,141.926,-34.05],[-57.1988,287.147,38.2803],false,[-128.489,103.88,77.3659],[-128.884,90.3272,20.1708],[-121.686,106.71,-17.7454],[-117.781,128.28,-31.717],[-115.848,145.333,-35.3033],[[[0.993501,-0.112105,0.0197094],[-0.113626,-0.966576,0.229825],[0.00671386,0.230571,0.973032]],[[0.985079,-0.0795088,0.152635],[-0.0122616,-0.917057,-0.398568],[-0.171665,-0.390749,0.904348]],[[0.985079,-0.0795088,0.152635],[0.0839214,-0.552385,-0.829354],[-0.150254,-0.829789,0.53747]],[[0.985079,-0.0795088,0.152635],[0.132195,-0.218318,-0.966883],[-0.110199,-0.972633,0.20455]]],3],[1674,[0.0937279,0.816248,-0.570048],167,47.3984,[-97.6446,127.159,-18.2144],[-98.4834,130.462,-17.5506],[-58.1004,288.388,35.558],false,[-115.523,106.905,76.3144],[-109.364,90.1052,24.9284],[-99.2306,103.128,-3.85805],[-97.5104,118.109,-14.3205],[-98.4428,133.58,-18.9492],[[[0.992626,0.0765923,0.0939484],[0.0433253,-0.948053,0.315149],[-0.113206,0.308755,0.944381]],[[0.902004,0.172745,0.395661],[0.305164,-0.903387,-0.301276],[-0.305391,-0.392494,0.867574]],[[0.902004,0.172745,0.395661],[0.421431,-0.55127,-0.720068],[-0.0937279,-0.816248,0.570048]],[[0.902004,0.172745,0.395661],[0.427862,-0.235316,-0.872674],[0.057645,-0.956444,0.286167]]],4]],[[0,200,0],[235.247,235.247,147.751]]],[251756,4561969743,[[165,"right",[0.129278,-0.2854,-0.949649],[-0.256986,0.915323,-0.310068],[107.122,119.526,26.1743],[38.9904,285.818,4.40274],[106.703,116.905,26.0608],0.122211,0.460101,0.620579,[[-0.891153,-0.391215,0.229778],[0.277359,-0.870543,-0.406482],[0.359053,-0.298507,0.884293]],60.4036,[186.535,51.9323,302.064],[94.636,128.334,75.7311]],[167,"left",[-0.178828,-0.328209,-0.927523],[0.303581,0.878314,-0.369327],[-142.155,108.452,35.7963],[-81.7359,228.149,-13.2482],[-140.164,102.615,35.9541],0,0.148598,0.305198,[[0.913264,-0.404043,0.0519475],[-0.330402,-0.80926,-0.48573],[-0.238295,-0.426436,0.872564]],59.7937,[-188.005,10.9932,304.958],[-127.629,119.036,83.8827]]],[[1650,[0.137186,0.340621,-0.930138],165,49.4039,[143.665,177.78,-10.0674],[144.141,179.849,-9.24408],[-17.009,352.712,54.349],false,[117.468,146.309,76.8529],[117.468,146.309,76.8529],[132.631,162.851,35.1923],[137.065,173.86,5.1293],[145.629,181.617,-13.8093],[[[-0.130306,-0.988714,0.0739233],[0.83525,-0.0692963,0.545487],[-0.534208,0.132825,0.834853]],[[0.13347,-0.93681,-0.323378],[0.937818,0.013884,0.346851],[-0.320443,-0.349564,0.88041]],[[0.13347,-0.93681,-0.323378],[0.981512,0.0797827,0.17398],[-0.137186,-0.340621,0.930138]],[[0.13347,-0.93681,-0.323378],[0.912782,-0.0108953,0.408302],[-0.386025,-0.34967,0.853649]]],0],[1651,[-0.150885,0.686974,-0.710845],165,55.7467,[129.667,147.758,-54.7685],[131.431,148.113,-54.8255],[3.53663,369.791,31.6665],false,[116.22,124.276,72.6235],[133.441,117.631,5.37015],[136.777,121.249,-35.0578],[133.32,136.989,-51.345],[128.769,151.945,-55.5798],[[[-0.922427,-0.328017,-0.203796],[0.296901,-0.939855,0.168887],[-0.246937,0.0952782,0.964336]],[[-0.942533,-0.316815,-0.106112],[0.32392,-0.944319,-0.0577755],[-0.0818998,-0.0888273,0.992674]],[[-0.942533,-0.316815,-0.106112],[0.298103,-0.653984,-0.695299],[0.150885,-0.686974,0.710845]],[[-0.942533,-0.316815,-0.106112],[0.180823,-0.216628,-0.959362],[0.280953,-0.923418,0.261467]]],1],[1652,[-0.108858,0.687981,-0.717518],165,63.5189,[107.222,142.127,-63.9573],[108.031,143.06,-64.2639],[32.9781,360.213,26.7193],false,[106.186,118.919,70.0043],[113.986,109.795,4.96591],[112.379,112.559,-40.6138],[109.445,131.105,-59.9554],[107.11,148.085,-64.8103],[[[-0.984317,-0.147068,-0.0974223],[0.131186,-0.979459,0.153132],[-0.117942,0.13795,0.983392]],[[-0.991334,-0.12853,0.0271605],[0.126572,-0.989858,-0.0644965],[0.0351748,-0.0604998,0.997548]],[[-0.991334,-0.12853,0.0271605],[0.0735367,-0.714256,-0.696011],[0.108858,-0.687981,0.717518]],[[-0.991334,-0.12853,0.0271605],[0.00913998,-0.273731,-0.961763],[0.13105,-0.953179,0.272534]]],2],[1653,[-0.142561,0.748103,-0.648088],165,61.0752,[79.9587,140.324,-51.7437],[80.2818,144.285,-52.015],[31.0826,317.903,18.7078],false,[94.9828,116.271,68.2412],[93.354,105.654,9.84106],[85.2605,112.793,-31.115],[81.5168,132.439,-48.1339],[80.3168,149.61,-52.308],[[[-0.998014,-0.0509076,0.0370891],[0.0566993,-0.982567,0.177051],[0.0274294,0.178802,0.983503]],[[-0.981517,-0.0223916,0.19006],[-0.0103858,-0.985435,-0.169733],[0.191092,-0.16857,0.966989]],[[-0.981517,-0.0223916