{"metadata":{"formatVersion":2,"generatedBy":"LeapJS Playback 0.2.1","frames":68,"protocolVersion":6,"serviceVersion":"2.2.6+29154","frameRate":"1.1e+2","modified":"Thu Jun 04 2015 14:48:17 GMT-0300 (E. South America Standard Time)"},"frames":[["id","timestamp",{"hands":[["id","type","direction","palmNormal","palmPosition","palmVelocity","stabilizedPalmPosition","pinchStrength","grabStrength","confidence","armBasis","armWidth","elbow","wrist"]]},{"pointables":[["id","direction","handId","length","stabilizedTipPosition","tipPosition","tipVelocity","tool","carpPosition","mcpPosition","pipPosition","dipPosition","btipPosition","bases","type"]]},{"interactionBox":["center","size"]}],[235080,4291936720,[[149,"right",[-0.287667,0.328035,-0.8998],[-0.337413,-0.913989,-0.225336],[-32.371,150.891,50.8466],[251.662,-26.0598,-4.89402],[-38.8894,151.692,51.2212],1,0,0.724172,[[0.471301,0.0137163,-0.881866],[0.325347,0.926659,0.18829],[0.819771,-0.375653,0.432272]],63.72,[212.791,33.8788,214.275],[-8.54684,135.305,97.5613]]],[[1490,[-0.0412443,-0.358195,-0.932736],149,52.1164,[-44.1863,98.6365,20.9914],[-43.7807,98.1142,21.4084],[213.183,-25.3785,14.284],false,[-36.759,131.119,108.858],[-36.759,131.119,108.858],[-54.1467,119.471,63.5392],[-55.5529,107.258,31.737],[-40.4052,96.0357,17.8687],[[[0.606337,0.785421,-0.124373],[-0.458195,0.472899,0.752611],[0.649933,-0.399349,0.646613]],[[0.328082,0.876912,-0.351265],[-0.878083,0.420209,0.228897],[0.348327,0.233343,0.907865]],[[0.328082,0.876912,-0.351265],[-0.943748,0.320501,-0.0813496],[0.0412443,0.358195,0.932735]],[[0.328082,0.876912,-0.351265],[-0.688071,-0.0329405,-0.724895],[-0.64724,0.47952,0.592571]]],0],[1491,[-0.180996,0.294858,-0.938243],149,58.8075,[-75.7127,193.039,-36.3245],[-75.2761,192.122,-36.6122],[325.858,-28.1375,-44.7997],false,[-26.0105,150.575,100.622],[-61.2744,167.045,38.1907],[-68.0243,182.793,-1.20728],[-72.3991,189.92,-23.885],[-75.8266,193.881,-40.1477],[[[0.835301,-0.180315,-0.519383],[0.269289,0.957794,0.100566],[0.479328,-0.223867,0.848604]],[[0.937438,-0.236765,-0.255248],[0.310685,0.899765,0.306426],[0.157112,-0.366558,0.917034]],[[0.937438,-0.236765,-0.255248],[0.297405,0.925744,0.233558],[0.180996,-0.294858,0.938243]],[[0.937438,-0.236765,-0.255248],[0.284543,0.943497,0.169851],[0.20061,-0.231854,0.95184]]],1],[1492,[-0.51108,0.351794,-0.784244],149,67.0064,[-89.2638,199.337,-39.9385],[-85.508,198.568,-40.6963],[324.791,-30.1203,-51.6942],false,[-15.6598,150.141,93.9669],[-40.837,163.796,30.3493],[-63.0719,185.008,-6.78461],[-77.6052,195.012,-29.0857],[-87.9257,200.158,-43.923],[[[0.834152,-0.369524,-0.409441],[0.417088,0.908374,0.0299172],[0.36087,-0.195728,0.911846]],[[0.72541,-0.312886,-0.613093],[0.510862,0.841681,0.174907],[0.461303,-0.440085,0.770406]],[[0.72541,-0.312886,-0.613093],[0.461061,0.882238,0.0952848],[0.51108,-0.351794,0.784244]],[[0.72541,-0.312886,-0.613093],[0.414928,0.909459,0.0268081],[0.549195,-0.273836,0.789556]]],2],[1493,[-0.308332,-0.814761,0.491016],149,64.4285,[-54.5159,107.979,23.0217],[-47.9381,106.78,23.3384],[223.022,-19.9883,9.15183],false,[-5.38294,146.602,88.2405],[-19.3922,156.462,27.9885],[-40.7059,134.21,-4.36666],[-49.2473,111.639,9.23546],[-47.3106,106.063,26.9623],[[[0.844335,-0.461718,-0.271875],[0.48691,0.872949,0.0296404],[0.223648,-0.157405,0.961876]],[[0.851288,-0.466684,-0.239823],[0.218516,0.730872,-0.646588],[0.477033,0.498027,0.724161]],[[0.851288,-0.466684,-0.239823],[-0.424548,-0.344051,-0.837489],[0.308332,0.814761,-0.491016]],[[0.851288,-0.466684,-0.239823],[-0.514359,-0.832534,-0.205724],[-0.103652,0.298486,-0.948769]]],3],[1494,[-0.391413,-0.770452,0.503189],149,50.5107,[-34.5489,111.948,24.7683],[-28.8948,110.508,25.3147],[228.201,-38.2967,18.1902],false,[3.41973,136.165,84.2215],[-1.18573,145.225,27.1338],[-22.4167,130.765,2.83479],[-30.0723,115.696,12.6766],[-28.2607,109.551,28.6786],[[[0.772409,-0.614679,-0.159856],[0.63014,0.77315,0.0718554],[0.0794248,-0.156234,0.984522]],[[0.751067,-0.583418,-0.309065],[0.274542,0.701711,-0.65744],[0.600437,0.408931,0.687205]],[[0.751067,-0.583418,-0.309065],[-0.53169,-0.256957,-0.807019],[0.391413,0.770452,-0.503189]],[[0.751067,-0.583418,-0.309065],[-0.651807,-0.729746,-0.206442],[-0.105097,0.356503,-0.928364]]],4]],[[0,200,0],[235.247,235.247,147.751]]],[235081,4291945787,[[149,"right",[-0.282387,0.326137,-0.90216],[-0.344601,-0.91215,-0.221885],[-29.813,150.785,50.6634],[260.076,-22.0801,-9.12257],[-35.3496,151.338,51.0037],1,0,0.686689,[[0.474696,0.00375776,-0.880142],[0.332218,0.925254,0.183129],[0.815043,-0.37933,0.437966]],63.72,[213.811,32.8031,215.769],[-6.25107,135.222,97.5185]]],[[1490,[-0.0415619,-0.362002,-0.93125],149,52.1164,[-41.9885,98.5185,21.0457],[-41.6097,98.0065,21.4092],[220.467,-21.8075,10.1536],false,[-34.5289,131.331,108.756],[-34.5289,131.331,108.756],[-51.8889,119.643,63.4377],[-53.3059,107.3,31.6862],[-38.2556,95.8765,17.8761],[[[0.613371,0.779606,-0.126454],[-0.456192,0.480418,0.749057],[0.64472,-0.401763,0.650325]],[[0.337147,0.872307,-0.354136],[-0.874863,0.429244,0.224419],[0.347773,0.234159,0.907868]],[[0.337147,0.872307,-0.354136],[-0.940534,0.328687,-0.0857932],[0.0415619,0.362002,0.93125]],[[0.337147,0.872307,-0.354136],[-0.687593,-0.0287915,-0.725525],[-0.643077,0.48811,0.590085]]],0],[1491,[-0.175947,0.292021,-0.940088],149,58.8075,[-72.4698,192.845,-36.8189],[-72.1252,191.973,-37.1072],[331.864,-25.2268,-47.6726],false,[-23.5918,150.655,100.457],[-58.5425,167.124,37.85],[-65.0555,182.734,-1.64255],[-69.3082,189.793,-24.3649],[-72.6569,193.711,-40.6544],[[[0.835147,-0.189944,-0.516188],[0.277195,0.955933,0.0967176],[0.475071,-0.223858,0.850997]],[[0.936053,-0.245974,-0.251599],[0.317528,0.898593,0.302831],[0.151597,-0.363356,0.919234]],[[0.936053,-0.245974,-0.251599],[0.30471,0.92424,0.230069],[0.175947,-0.292021,0.940088]],[[0.936053,-0.245974,-0.251599],[0.29222,0.941749,0.166482],[0.195993,-0.229358,0.953405]]],1],[1492,[-0.506808,0.35215,-0.786852],149,67.0064,[-85.2408,199.028,-40.5892],[-82.3631,198.452,-41.2254],[329.703,-26.6927,-53.5887],false,[-13.227,150.1,93.8332],[-38.1122,163.663,30.081],[-60.149,184.809,-7.20855],[-74.5608,194.823,-29.5838],[-84.8012,200.006,-44.4637],[[[0.832079,-0.378604,-0.405344],[0.424759,0.904912,0.0267174],[0.356685,-0.194404,0.913774]],[[0.7239,-0.321775,-0.610269],[0.516666,0.839045,0.170467],[0.457192,-0.438707,0.773636]],[[0.7239,-0.321775,-0.610269],[0.468096,0.878892,0.0918429],[0.506808,-0.35215,0.786852]],[[0.7239,-0.321775,-0.610269],[0.423105,0.905754,0.0243123],[0.544931,-0.275808,0.791821]]],2],[1493,[-0.31621,-0.809333,0.494967],149,64.4285,[-51.4279,107.749,22.9727],[-45.6499,106.739,23.3114],[231.545,-15.7518,6.4034],false,[-2.96516,146.446,88.1523],[-16.7246,156.135,27.8151],[-38.1292,133.934,-4.51525],[-46.8889,111.514,9.19631],[-45.0257,106.045,26.9646],[[[0.841095,-0.470217,-0.26731],[0.494276,0.868892,0.0268047],[0.219659,-0.15467,0.963238]],[[0.847932,-0.475098,-0.235144],[0.226945,0.726217,-0.648925],[0.479069,0.49688,0.723604]],[[0.847932,-0.475098,-0.235144],[-0.425467,-0.345343,-0.83649],[0.31621,0.809333,-0.494967]],[[0.847932,-0.475098,-0.235144],[-0.520641,-0.829822,-0.200818],[-0.0997189,0.292706,-0.950989]]],3],[1494,[-0.398664,-0.764548,0.506492],149,50.5107,[-31.4658,111.502,24.8603],[-26.5764,110.305,25.3199],[236.19,-33.891,13.6154],false,[5.75889,135.916,84.208],[1.38738,144.738,27.0649],[-19.8961,130.378,2.75334],[-27.6935,115.424,12.6597],[-25.9437,109.369,28.7029],[[[0.767558,-0.622017,-0.154758],[0.636531,0.768077,0.0698958],[0.0753901,-0.152158,0.985477]],[[0.746811,-0.59119,-0.304578],[0.282776,0.696809,-0.659162],[0.601923,0.406142,0.687559]],[[0.746811,-0.59119,-0.304578],[-0.532298,-0.25683,-0.806658],[0.398664,0.764548,-0.506492]],[[0.746811,-0.59119,-0.304578],[-0.657243,-0.726014,-0.202326],[-0.101515,0.351281,-0.930751]]],4]],[[0,200,0],[235.247,235.247,147.751]]],[235082,4291954849,[[149,"right",[-0.28014,0.328911,-0.901853],[-0.348811,-0.910133,-0.223581],[-27.1336,150.647,50.5524],[269.91,-20.1812,-9.98638],[-31.7891,151.039,50.8081],1,0,0.637251,[[0.48215,-0.00371688,-0.876081],[0.335116,0.924724,0.180508],[0.809462,-0.380621,0.447101]],63.72,[214.873,32.1299,218.118],[-3.68178,134.897,97.4003]]],[[1490,[-0.042329,-0.36023,-0.931903],149,52.1164,[-39.5702,98.4924,20.8239],[-39.1921,98.0032,21.1625],[232.988,-16.2211,-0.345447],false,[-31.9864,131.125,108.611],[-31.9864,131.125,108.611],[-49.3747,119.61,63.2589],[-50.8179,107.327,31.4851],[-35.8706,95.8497,17.6082],[[[0.617204,0.776848,-0.124767],[-0.454441,0.481424,0.749476],[0.642295,-0.40588,0.650168]],[[0.341911,0.871198,-0.352295],[-0.872786,0.433358,0.224601],[0.348341,0.230684,0.908539]],[[0.341911,0.871198,-0.352295],[-0.938778,0.33354,-0.0862898],[0.042329,0.36023,0.931903]],[[0.341911,0.871198,-0.352295],[-0.68934,-0.0222704,-0.724095],[-0.638676,0.490427,0.592937]]],0],[1491,[-0.174197,0.293453,-0.939968],149,58.8075,[-69.4579,192.922,-36.9797],[-69.1912,192.163,-37.1895],[329.068,-14.481,-37.4918],false,[-20.9504,150.409,100.351],[-55.7746,167.144,37.7434],[-62.2025,182.801,-1.74488],[-66.4129,189.893,-24.4643],[-69.7352,193.842,-40.7519],[[[0.834612,-0.193141,-0.515867],[0.281711,0.954437,0.098433],[0.473351,-0.227479,0.850995]],[[0.935036,-0.250062,-0.251351],[0.321439,0.897032,0.303334],[0.149617,-0.364422,0.919136]],[[0.935036,-0.250062,-0.251351],[0.30881,0.922689,0.230829],[0.174197,-0.293453,0.939968]],[[0.935036,-0.250062,-0.251351],[0.296478,0.940238,0.167493],[0.194446,-0.231132,0.953294]]],1],[1492,[-0.505223,0.356335,-0.785986],149,67.0064,[-81.5605,199.069,-40.8941],[-79.4398,198.739,-41.2572],[326.933,-10.8831,-39.3823],false,[-10.5834,149.815,93.7333],[-35.3553,163.598,29.9842],[-57.3201,184.892,-7.2632],[-71.6868,195.025,-29.6138],[-81.8974,200.305,-44.48],[[[0.830555,-0.381958,-0.405323],[0.42908,0.902818,0.028462],[0.355062,-0.197555,0.91373]],[[0.72221,-0.323977,-0.611107],[0.52034,0.836575,0.171431],[0.455697,-0.441792,0.772761]],[[0.72221,-0.323977,-0.611107],[0.472401,0.876392,0.093668],[0.505223,-0.356335,0.785987]],[[0.72221,-0.323977,-0.611107],[0.428,0.903379,0.0268879],[0.54335,-0.280972,0.791091]]],2],[1493,[-0.320144,-0.808262,0.494187],149,64.4285,[-48.2293,107.606,22.8608],[-43.1244,106.799,23.0923],[244.902,-9.39153,-1.55175],false,[-0.334973,146.12,88.0543],[-14.0024,155.97,27.7223],[-35.4722,133.966,-4.69917],[-44.3409,111.576,8.9908],[-42.4926,106.112,26.7623],[[[0.839028,-0.473831,-0.267427],[0.498423,0.866464,0.0285439],[0.218191,-0.157241,0.963155]],[[0.845836,-0.47881,-0.235163],[0.231633,0.726778,-0.646637],[0.480528,0.492478,0.725644]],[[0.845836,-0.47881,-0.235163],[-0.426695,-0.342715,-0.836945],[0.320144,0.808262,-0.494187]],[[0.845836,-0.47881,-0.235163],[-0.52419,-0.827792,-0.199962],[-0.098922,0.292406,-0.951164]]],3],[1494,[-0.402179,-0.763315,0.505572],149,50.5107,[-28.3043,111.182,24.8437],[-24.0298,110.259,25.1205],[248.931,-25.6884,3.97694],false,[8.34136,135.554,84.0998],[4.05515,144.488,26.9675],[-17.2654,130.316,2.57807],[-25.1315,115.386,12.4664],[-23.3864,109.331,28.5101],[[[0.764677,-0.625453,-0.15517],[0.64016,0.764899,0.0715814],[0.0739189,-0.154071,0.985291]],[[0.744141,-0.594225,-0.305205],[0.287544,0.697311,-0.656564],[0.60297,0.400817,0.689763]],[[0.744141,-0.594225,-0.305205],[-0.533391,-0.25347,-0.806999],[0.402179,0.763315,-0.505572]],[[0.744141,-0.594225,-0.305205],[-0.660306,-0.723533,-0.201238],[-0.101246,0.351278,-0.930781]]],4]],[[0,200,0],[235.247,235.247,147.751]]],[235083,4291963828,[[149,"right",[-0.277896,0.334762,-0.900393],[-0.359817,-0.90535,-0.225551],[-24.3768,150.677,50.4582],[280.08,-13.7487,-10.1261],[-28.2626,150.867,50.6416],1,0,0.552289,[[0.485957,-0.0192669,-0.87377],[0.342087,0.924185,0.169877],[0.804252,-0.381459,0.455705]],63.72,[216.122,31.5253,220.258],[-1.02661,134.519,97.2178]]],[[1490,[-0.0478357,-0.357202,-0.932801],149,52.1164,[-37.4241,98.7211,20.5946],[-37.1044,98.2647,20.9307],[233.047,-4.02929,-7.20158],false,[-29.3532,131.045,108.469],[-29.3532,131.045,108.469],[-46.9604,119.863,63.1182],[-48.5914,107.684,31.3138],[-33.8163,96.0728,17.3636],[[[0.62601,0.769947,-0.123667],[-0.447443,0.48453,0.751682],[0.638675,-0.415226,0.647828]],[[0.351356,0.86817,-0.350471],[-0.867256,0.442833,0.22752],[0.352726,0.224007,0.908518]],[[0.351356,0.86817,-0.350471],[-0.935019,0.34451,-0.0839755],[0.0478357,0.357202,0.932801]],[[0.351356,0.86817,-0.350471],[-0.691368,-0.0118249,-0.722406],[-0.631316,0.496126,0.59607]]],0],[1491,[-0.174101,0.293736,-0.939898],149,58.8075,[-66.4472,193.304,-36.9945],[-66.1667,192.782,-37.1283],[329.41,2.5011,-26.9396],false,[-18.1075,150.222,100.244],[-52.8462,167.544,37.7489],[-59.2303,183.216,-1.74014],[-63.4384,190.316,-24.4578],[-66.7719,194.27,-40.742],[[[0.831373,-0.201381,-0.517942],[0.293015,0.950795,0.100654],[0.472187,-0.235446,0.849473]],[[0.931575,-0.260215,-0.253881],[0.331793,0.893986,0.301169],[0.148598,-0.364798,0.919152]],[[0.931575,-0.260215,-0.253881],[0.31915,0.919787,0.228334],[0.174101,-0.293736,0.939898]],[[0.931575,-0.260215,-0.253881],[0.30676,0.937409,0.164809],[0.195105,-0.231413,0.953091]]],1],[1492,[-0.502954,0.365067,-0.78343],149,67.0064,[-77.9666,199.749,-40.8745],[-76.3187,199.683,-41.0756],[332.259,21.02,-22.6511],false,[-7.76007,149.526,93.6062],[-32.4836,163.782,29.9422],[-54.2958,185.455,-7.17599],[-68.598,195.837,-29.4539],[-78.7811,201.294,-44.2751],[[[0.825309,-0.390456,-0.407933],[0.439646,0.897661,0.030266],[0.354368,-0.204325,0.91251]],[[0.71677,-0.330346,-0.614095],[0.530525,0.829868,0.172809],[0.452531,-0.449657,0.770081]],[[0.71677,-0.330346,-0.614095],[0.482989,0.870401,0.0955203],[0.502954,-0.365067,0.78343]],[[0.71677,-0.330346,-0.614095],[0.438868,0.898079,0.0291333],[0.541882,-0.290388,0.788694]]],2],[1493,[-0.328249,-0.805472,0.493424],149,64.4285,[-45.1533,107.661,22.7107],[-40.8905,107.168,22.8874],[246.397,4.52499,-6.70971],false,[2.43428,145.729,87.898],[-11.2254,155.912,27.6195],[-32.9945,134.283,-4.85464],[-42.0876,111.97,8.81418],[-40.2462,106.477,26.5775],[[[0.832956,-0.482819,-0.270316],[0.508559,0.8605,0.0301171],[0.218066,-0.162558,0.9623]],[[0.839791,-0.487992,-0.237937],[0.239501,0.726308,-0.644295],[0.487227,0.484087,0.726822]],[[0.839791,-0.487992,-0.237937],[-0.432439,-0.33627,-0.836612],[0.328249,0.805472,-0.493424]],[[0.839791,-0.487992,-0.237937],[-0.533889,-0.82186,-0.198767],[-0.0985541,0.293955,-0.950725]]],3],[1494,[-0.4096,-0.759899,0.504758],149,50.5107,[-25.2794,111.05,24.725],[-21.7386,110.41,24.8718],[251.142,-13.7618,-4.56626],false,[10.9795,135.074,83.8973],[6.69552,144.222,26.7988],[-14.8134,130.429,2.35736],[-22.8246,115.566,12.2298],[-21.0786,109.485,28.2637],[[[0.757041,-0.633886,-0.158359],[0.649177,0.757164,0.0726044],[0.0738809,-0.157768,0.984709]],[[0.736557,-0.601929,-0.308488],[0.295734,0.696785,-0.653477],[0.608296,0.390093,0.691233]],[[0.736557,-0.601929,-0.308488],[-0.538248,-0.245427,-0.806259],[0.4096,0.759899,-0.504758]],[[0.736557,-0.601929,-0.308488],[-0.668746,-0.716402,-0.198864],[-0.101299,0.352775,-0.930209]]],4]],[[0,200,0],[235.247,235.247,147.751]]],[235084,4291973193,[[149,"right",[-0.266287,0.330829,-0.905341],[-0.356391,-0.906487,-0.226423],[-22.1638,150.348,49.792],[267.651,-19.8352,-27.4502],[-25.0385,150.592,50.1925],1,0,0.566324,[[0.500063,-0.0235049,-0.86567],[0.339567,0.9249,0.171041],[0.796637,-0.379484,0.47049]],63.72,[215.674,31.9381,223.952],[0.582195,134.399,96.9198]]],[[1490,[-0.0345969,-0.361656,-0.93167],149,52.1164,[-34.7769,98.2878,20.0073],[-34.4718,97.8,20.3134],[247.094,-17.7331,-23.6838],false,[-27.8871,130.956,107.815],[-27.8871,130.956,107.815],[-44.902,119.563,62.291],[-46.0816,107.232,30.5252],[-31.1299,95.572,16.8056],[[[0.627186,0.769768,-0.11872],[-0.457458,0.48743,0.743737],[0.630373,-0.412152,0.657846]],[[0.355162,0.866926,-0.349713],[-0.870445,0.443105,0.214437],[0.34086,0.228246,0.911986]],[[0.355162,0.866926,-0.349713],[-0.934165,0.342992,-0.0984533],[0.0345969,0.361656,0.93167]],[[0.355162,0.866926,-0.349713],[-0.682434,-0.0152167,-0.730789],[-0.638862,0.498204,0.586216]]],0],[1491,[-0.162064,0.28979,-0.943269],149,58.8075,[-63.1013,192.712,-38.223],[-62.8317,192.072,-38.5058],[336.684,-20.1283,-61.1624],false,[-16.5446,150.105,99.6571],[-50.4732,167.145,36.6415],[-56.3588,182.637,-2.99578],[-60.2759,189.642,-25.795],[-63.3985,193.533,-42.136],[[[0.838163,-0.20309,-0.506198],[0.291201,0.951371,0.100475],[0.461177,-0.23162,0.856544]],[[0.934913,-0.26074,-0.240732],[0.327369,0.895533,0.301413],[0.136994,-0.360603,0.922604]],[[0.934913,-0.26074,-0.240732],[0.31571,0.920889,0.228672],[0.162064,-0.28979,0.943269]],[[0.934913,-0.26074,-0.240732],[0.304197,0.938168,0.165244],[0.182762,-0.227719,0.956422]]],1],[1492,[-0.494461,0.360353,-0.790983],149,67.0064,[-74.2962,199.333,-42.0238],[-73.0243,198.906,-42.5782],[336.342,-10.1388,-61.7972],false,[-6.11104,149.387,93.1577],[-30.0086,163.362,29.1171],[-51.4145,184.832,-8.35383],[-65.4752,195.079,-30.8465],[-75.4979,200.441,-45.8112],[[[0.830758,-0.391706,-0.395484],[0.438765,0.898024,0.0322301],[0.342529,-0.2003,0.917907]],[[0.724325,-0.332215,-0.604141],[0.527377,0.83139,0.175111],[0.444102,-0.445447,0.777399]],[[0.724325,-0.332215,-0.604141],[0.48048,0.871653,0.0967452],[0.494461,-0.360353,0.790983]],[[0.724325,-0.332215,-0.604141],[0.436913,0.899021,0.0294618],[0.533348,-0.285297,0.796333]]],2],[1493,[-0.334388,-0.803564,0.492412],149,64.4285,[-41.9006,107.526,22.2686],[-38.2629,106.791,22.1402],[256.308,-8.12103,-27.5078],false,[4.15884,145.571,87.5989],[-8.71797,155.494,27.1051],[-30.0241,133.776,-5.6158],[-39.2873,111.516,8.02499],[-37.6615,106.126,25.8409],[[[0.836654,-0.483487,-0.257393],[0.507693,0.860901,0.0331366],[0.205568,-0.1584,0.965739]],[[0.843102,-0.488547,-0.224722],[0.248553,0.724604,-0.642784],[0.476865,0.486077,0.732345]],[[0.843102,-0.488547,-0.224722],[-0.421145,-0.340009,-0.840851],[0.334388,0.803564,-0.492412]],[[0.843102,-0.488547,-0.224722],[-0.530666,-0.823484,-0.200669],[-0.0870184,0.288437,-0.953536]]],3],[1494,[-0.414981,-0.757675,0.503705],149,50.5107,[-22.1003,110.781,24.4288],[-19.128,110.032,24.4046],[259.369,-21.2567,-16.8916],false,[12.7609,134.904,83.755],[9.21794,143.811,26.5675],[-11.9546,129.927,1.8845],[-20.0711,115.108,11.7364],[-18.4942,109.134,27.8276],[[[0.759359,-0.634126,-0.145802],[0.647796,0.757821,0.077889],[0.0611007,-0.153596,0.986243]],[[0.740807,-0.602788,-0.296398],[0.304407,0.694609,-0.651809],[0.598784,0.392639,0.698064]],[[0.740807,-0.602788,-0.296398],[-0.528201,-0.250149,-0.811436],[0.414981,0.757675,-0.503705]],[[0.740807,-0.602788,-0.296398],[-0.66546,-0.718688,-0.201622],[-0.0914824,0.346604,-0.93354]]],4]],[[0,200,0],[235.247,235.247,147.751]]],[235085,4291981951,[[149,"right",[-0.258984,0.320187,-0.911267],[-0.351367,-0.910047,-0.2199],[-19.9616,149.703,49.0048],[263.303,-34.2475,-44.2025],[-22.3243,150.117,49.5575],1,0,0.56906,[[0.510968,-0.0248563,-0.85924],[0.338041,0.924856,0.17427],[0.790342,-0.379504,0.480975]],63.72,[215.792,31.8718,226.372],[2.39965,134.338,96.509]]],[[1490,[-0.0233879,-0.37245,-0.927757],149,52.1164,[-32.1182,97.3028,19.6547],[-31.8085,96.7949,19.9716],[262.965,-44.7313,-27.6583],false,[-26.1577,130.918,107.179],[-26.1577,130.918,107.179],[-42.7173,118.968,61.6293],[-43.5147,106.269,29.9968],[-28.4134,94.5132,16.5256],[[[0.625775,0.770523,-0.121245],[-0.465868,0.493881,0.734199],[0.625598,-0.402959,0.66802]],[[0.355334,0.864317,-0.35594],[-0.873892,0.442318,0.201662],[0.331738,0.239396,0.912491]],[[0.355334,0.864317,-0.35594],[-0.934447,0.337988,-0.11213],[0.0233879,0.37245,0.927757]],[[0.355334,0.864317,-0.35594],[-0.6763,-0.0251404,-0.736197],[-0.645256,0.502318,0.575605]]],0],[1491,[-0.15479,0.279067,-0.947714],149,58.8075,[-60.2809,191.141,-39.746],[-59.9696,190.35,-40.1031],[333.283,-68.0559,-93.9224],false,[-14.8021,150.016,98.9191],[-48.2024,166.264,35.4141],[-53.7981,181.296,-4.44202],[-57.5394,188.041,-27.3486],[-60.5307,191.75,-43.7564],[[[0.843448,-0.205741,-0.496251],[0.287198,0.953357,0.0928802],[0.453996,-0.220862,0.863196]],[[0.937834,-0.260136,-0.229776],[0.321721,0.899954,0.294242],[0.130245,-0.349874,0.927698]],[[0.937834,-0.260136,-0.229776],[0.310657,0.924365,0.221452],[0.15479,-0.279067,0.947714]],[[0.937834,-0.260136,-0.229776],[0.299694,0.940855,0.158035],[0.175075,-0.217074,0.960327]]],1],[1492,[-0.489325,0.353505,-0.797243],149,67.0064,[-71.2715,198.001,-43.542],[-70.2201,197.265,-44.2161],[330.768,-55.7332,-94.0953],false,[-4.30679,149.263,92.524],[-27.6572,162.468,28.1195],[-48.8861,183.525,-9.68563],[-62.8008,193.577,-32.3563],[-72.7075,198.841,-47.4324],[[[0.835629,-0.393179,-0.383582],[0.435556,0.899769,0.0265746],[0.334687,-0.189278,0.923124]],[[0.729291,-0.335419,-0.596346],[0.523598,0.834655,0.170868],[0.440431,-0.436858,0.784331]],[[0.729291,-0.335419,-0.596346],[0.478221,0.873229,0.0936789],[0.489325,-0.353505,0.797243]],[[0.729291,-0.335419,-0.596346],[0.436138,0.899461,0.0274588],[0.52718,-0.280114,0.802258]]],2],[1493,[-0.336641,-0.79948,0.497499],149,64.4285,[-38.8334,107.03,21.7589],[-35.6275,105.895,21.6015],[268.385,-33.2416,-37.1434],false,[6.02619,145.422,87.1014],[-6.32366,154.65,26.3882],[-27.2208,132.597,-6.37259],[-36.5464,110.45,7.40913],[-35.0529,105.287,25.3035],[[[0.840545,-0.483449,-0.24446],[0.504592,0.862887,0.0285152],[0.197156,-0.147321,0.96924]],[[0.846737,-0.488159,-0.211512],[0.253541,0.719786,-0.646239],[0.467711,0.493567,0.733238]],[[0.846737,-0.488159,-0.211512],[-0.411958,-0.350047,-0.841283],[0.33664,0.79948,-0.497499]],[[0.846737,-0.488159,-0.211512],[-0.525972,-0.827857,-0.194953],[-0.0799337,0.276323,-0.957735]]],3],[1494,[-0.416483,-0.753233,0.509099],149,50.5107,[-19.1165,110.2,24.1184],[-16.5277,109.17,24.0834],[269.65,-42.0718,-21.7491],false,[14.6976,134.742,83.4519],[11.6539,143.021,26.1416],[-9.24026,128.813,1.40631],[-17.3862,114.081,11.3637],[-15.9103,108.316,27.5409],[[[0.762709,-0.633134,-0.131967],[0.644608,0.76076,0.0756629],[0.0524904,-0.142776,0.988362]],[[0.745449,-0.603483,-0.283044],[0.308428,0.688727,-0.656146],[0.590913,0.401824,0.699542]],[[0.745449,-0.603483,-0.283044],[-0.520431,-0.261624,-0.812837],[0.416483,0.753233,-0.509099]],[[0.745449,-0.603483,-0.283044],[-0.661041,-0.723859,-0.19762],[-0.0856237,0.334419,-0.938527]]],4]],[[0,200,0],[235.247,235.247,147.751]]],[235086,4291991350,[[149,"right",[-0.251037,0.30955,-0.917147],[-0.351224,-0.912046,-0.211693],[-17.6123,149.189,48.2188],[259.5,-40.0868,-55.4302],[-19.5634,149.573,48.7731],1,0,0.573148,[[0.518135,-0.0311808,-0.85473],[0.34024,0.924375,0.172531],[0.784712,-0.380208,0.48956]],63.72,[216.209,31.7066,228.266],[4.33675,134.363,96.0852]]],[[1490,[-0.0155785,-0.384067,-0.923174],149,52.1164,[-29.5423,96.4107,19.3948],[-29.3097,95.9518,19.7241],[264.187,-58.1858,-27.238],false,[-24.312,131.121,106.564],[-24.312,131.121,106.564],[-40.5293,118.645,61.0327],[-41.0605,105.55,29.5565],[-25.8842,93.6055,16.3375],[[[0.628125,0.767924,-0.125502],[-0.470889,0.503548,0.724364],[0.619453,-0.395894,0.677898]],[[0.359649,0.859339,-0.363578],[-0.874702,0.446167,0.189292],[0.324882,0.249944,0.912129]],[[0.359649,0.859339,-0.363578],[-0.932957,0.337683,-0.124742],[0.0155785,0.384067,0.923174]],[[0.359649,0.859339,-0.363578],[-0.670935,-0.0326263,-0.740798],[-0.648459,0.510365,0.564826]]],0],[1491,[-0.147325,0.268249,-0.952018],149,58.8075,[-57.2126,189.618,-41.3313],[-56.8575,188.856,-41.6822],[331.825,-94.2618,-115.156],false,[-12.8556,150.098,98.1659],[-45.7124,165.632,34.2002],[-50.9933,180.193,-5.873],[-54.5542,186.677,-28.8837],[-57.4166,190.204,-45.3543],[[[0.847055,-0.213189,-0.486876],[0.288162,0.953922,0.083643],[0.446609,-0.211149,0.869457]],[[0.939032,-0.26439,-0.219812],[0.321109,0.902902,0.285757],[0.122918,-0.338919,0.932752]],[[0.939032,-0.26439,-0.219812],[0.310669,0.926359,0.212943],[0.147325,-0.268249,0.952018]],[[0.939032,-0.26439,-0.219812],[0.300253,0.942061,0.149563],[0.167534,-0.206443,0.964009]]],1],[1492,[-0.483306,0.349902,-0.802486],149,67.0064,[-67.984,196.783,-45.1372],[-67.1082,196.044,-45.7667],[330.445,-72.8749,-112.425],false,[-2.31028,149.249,91.8655],[-25.1159,161.712,27.1187],[-46.0415,182.589,-10.9543],[-59.785,192.539,-33.7741],[-69.5847,197.736,-48.943],[[[0.837987,-0.399232,-0.37201],[0.436954,0.899279,0.0191952],[0.326878,-0.178636,0.92803]],[[0.731217,-0.342704,-0.58981],[0.52616,0.83364,0.167928],[0.434139,-0.433127,0.789889]],[[0.731217,-0.342704,-0.58981],[0.481391,0.87185,0.0902235],[0.483306,-0.349902,0.802486]],[[0.731217,-0.342704,-0.58981],[0.439749,0.897813,0.023513],[0.521481,-0.276561,0.8072]]],2],[1493,[-0.341896,-0.792555,0.504939],149,64.4285,[-35.6406,106.334,21.2382],[-33.1,105.151,21.192],[268.811,-46.3914,-38.7757],false,[8.05918,145.325,86.5737],[-3.78322,153.837,25.6551],[-24.4359,131.466,-7.0442],[-33.9072,109.51,6.94362],[-32.547,104.599,24.9192],[[[0.841617,-0.487816,-0.231769],[0.505905,0.862305,0.0221415],[0.189055,-0.135888,0.972519]],[[0.847553,-0.49215,-0.198601],[0.260745,0.712094,-0.65187],[0.462241,0.50071,0.731863]],[[0.847553,-0.49215,-0.198601],[-0.405908,-0.360061,-0.839997],[0.341896,0.792555,-0.504939]],[[0.847553,-0.49215,-0.198601],[-0.525694,-0.829873,-0.186964],[-0.0727991,0.262865,-0.962082]]],3],[1494,[-0.421306,-0.746043,0.515675],149,50.5107,[-16.0242,109.427,23.8007],[-14.0197,108.388,23.8178],[269.056,-53.9368,-23.2692],false,[16.7405,134.588,83.1243],[14.1747,142.176,25.695],[-6.54268,127.716,0.956498],[-14.7829,113.125,11.0425],[-13.4218,107.58,27.3062],[[[0.762604,-0.635992,-0.118104],[0.64535,0.760519,0.0716555],[0.0442482,-0.130864,0.990412]],[[0.746594,-0.608112,-0.26981],[0.315125,0.680428,-0.6616],[0.585913,0.408922,0.699634]],[[0.746594,-0.608112,-0.26981],[-0.514878,-0.271327,-0.813192],[0.421306,0.746043,-0.515675]],[[0.746594,-0.608112,-0.26981],[-0.660578,-0.725751,-0.192154],[-0.0789631,0.321691,-0.943546]]],4]],[[0,200,0],[235.247,235.247,147.751]]],[235087,4292000011,[[149,"right",[-0.247502,0.304786,-0.9197],[-0.35121,-0.912897,-0.208017],[-16.5674,148.96,47.8692],[222.598,-36.456,-51.4254],[-17.8749,149.227,48.2637],1,0,0.583652,[[0.521306,-0.0340011,-0.852692],[0.341226,0.924155,0.171763],[0.78218,-0.380501,0.49337]],63.72,[216.387,31.64,229.103],[5.19816,134.375,95.8934]]],[[1490,[-0.00682638,-0.390997,-0.920367],149,52.1164,[-28.142,95.9515,19.3298],[-28.0639,95.5688,19.6335],[235.051,-56.0995,-21.6252],false,[-23.4905,131.214,106.287],[-23.4905,131.214,106.287],[-39.5452,118.509,60.761],[-39.778,105.178,29.3806],[-24.5289,93.1505,16.3213],[[[0.629197,0.766733,-0.1274],[-0.473066,0.507833,0.719941],[0.6167,-0.392716,0.682242]],[[0.361846,0.857052,-0.366783],[-0.875,0.447977,0.183552],[0.321624,0.254518,0.912019]],[[0.361846,0.857052,-0.366783],[-0.932213,0.335535,-0.13563],[0.00682638,0.390997,0.920367]],[[0.361846,0.857052,-0.366783],[-0.666726,-0.0370733,-0.74438],[-0.65157,0.513895,0.558004]]],0],[1491,[-0.144157,0.264354,-0.953591],149,58.8075,[-55.7008,188.923,-42.0925],[-55.4797,188.241,-42.3625],[285.3,-87.86,-105.342],false,[-11.9886,150.135,97.8274],[-44.6038,165.35,33.6615],[-49.7552,179.726,-6.49527],[-53.2396,186.115,-29.5439],[-56.0461,189.582,-46.037],[[[0.848617,-0.216494,-0.482679],[0.28864,0.95413,0.0795174],[0.443324,-0.2068,0.87218]],[[0.939444,-0.266211,-0.215818],[0.321042,0.903971,0.282434],[0.119906,-0.334617,0.934695]],[[0.939444,-0.266211,-0.215818],[0.310909,0.926957,0.209969],[0.144157,-0.264354,0.953591]],[[0.939444,-0.266211,-0.215818],[0.300773,0.942313,0.146909],[0.164259,-0.202924,0.965319]]],1],[1492,[-0.474986,0.354342,-0.8055],149,67.0064,[-65.9579,196.531,-45.9961],[-65.4487,195.814,-46.4669],[298.523,-55.5133,-105.015],false,[-1.42158,149.244,91.5695],[-23.9852,161.375,26.675],[-44.592,182.286,-11.5528],[-58.0989,192.363,-34.4583],[-67.7226,197.704,-49.6895],[[[0.838986,-0.401906,-0.366843],[0.437617,0.899021,0.0158992],[0.32341,-0.173876,0.930147]],[[0.733317,-0.346613,-0.584898],[0.528649,0.831652,0.169955],[0.427523,-0.433837,0.793102]],[[0.733317,-0.346613,-0.584898],[0.486451,0.868505,0.0952092],[0.474986,-0.354342,0.8055]],[[0.733317,-0.346613,-0.584898],[0.447195,0.893901,0.030943],[0.512115,-0.284255,0.810517]]],2],[1493,[-0.344206,-0.789343,0.508389],149,64.4285,[-33.5781,105.872,20.8945],[-31.9557,104.87,20.9864],[232.711,-42.5502,-34.6656],false,[8.96354,145.283,86.3362],[-2.65392,153.475,25.3305],[-23.1847,130.996,-7.37219],[-32.7199,109.13,6.7112],[-31.4059,104.353,24.7264],[[[0.842042,-0.489733,-0.226114],[0.506527,0.862008,0.0192922],[0.185464,-0.130777,0.97391]],[[0.847871,-0.493905,-0.192801],[0.264507,0.709182,-0.653526],[0.459511,0.503109,0.731937]],[[0.847871,-0.493905,-0.192801],[-0.403282,-0.364685,-0.839267],[0.344206,0.789343,-0.508389]],[[0.847871,-0.493905,-0.192801],[-0.525517,-0.83108,-0.182038],[-0.0703236,0.255665,-0.964204]]],3],[1494,[-0.422998,-0.742629,0.519206],149,50.5107,[-14.0857,108.928,23.6072],[-12.8817,108.075,23.698],[232.725,-49.1932,-20.393],false,[17.6483,134.52,82.9759],[15.2943,141.8,25.4977],[-5.34145,127.245,0.746829],[-13.6148,112.72,10.9019],[-12.2821,107.295,27.2082],[[[0.762502,-0.637229,-0.111933],[0.645711,0.76038,0.0698548],[0.0405982,-0.125541,0.991257]],[[0.747023,-0.61011,-0.264049],[0.318379,0.677003,-0.663553],[0.583602,0.411622,0.699983]],[[0.747023,-0.61011,-0.264049],[-0.512863,-0.276167,-0.812836],[0.422998,0.742629,-0.519206]],[[0.747023,-0.61011,-0.264049],[-0.660287,-0.727112,-0.18796],[-0.0773166,0.314759,-0.946018]]],4]],[[0,200,0],[235.247,235.247,147.751]]],[235088,4292009596,[[149,"right",[-0.242228,0.301144,-0.9223],[-0.35776,-0.911346,-0.203607],[-14.2987,148.627,47.3353],[226.681,-35.9416,-52.6652],[-15.6941,148.862,47.6975],1,0,0.567235,[[0.524478,-0.046454,-0.850156],[0.346965,0.923501,0.163588],[0.77752,-0.380773,0.500474]],63.72,[217.132,31.3547,230.643],[7.20175,134.163,95.5151]]],[[1490,[-0.00231618,-0.397914,-0.91742],149,52.1164,[-26.0317,95.5009,19.1079],[-26.0186,95.1646,19.3818],[230.788,-53.1093,-22.2615],false,[-21.5432,131.291,105.837],[-21.5432,131.291,105.837],[-37.5512,118.461,60.3297],[-37.6301,104.894,29.0497],[-22.4278,92.6655,16.1235],[[[0.635625,0.760966,-0.130043],[-0.471275,0.5159,0.715365],[0.611457,-0.393418,0.686544]],[[0.370266,0.851876,-0.370421],[-0.871816,0.456341,0.178019],[0.320688,0.257024,0.911646]],[[0.370266,0.851876,-0.370421],[-0.928923,0.340547,-0.145361],[0.00231618,0.397914,0.91742]],[[0.370266,0.851876,-0.370421],[-0.664048,-0.0361117,-0.746818],[-0.649572,0.522498,0.552315]]],0],[1491,[-0.139048,0.261707,-0.955079],149,58.8075,[-53.003,188.435,-42.9494],[-52.6152,187.785,-43.2213],[289.174,-75.5113,-100.628],false,[-9.86598,150.07,97.2996],[-42.1604,165.151,32.9404],[-47.0791,179.383,-7.29683],[-50.4399,185.708,-30.3815],[-53.1643,189.141,-46.8955],[[[0.848377,-0.226096,-0.478683],[0.295917,0.952291,0.0746642],[0.438965,-0.204994,0.874807]],[[0.937865,-0.274825,-0.211849],[0.327569,0.902629,0.279212],[0.114487,-0.331259,0.936569]],[[0.937865,-0.274825,-0.211849],[0.317922,0.925192,0.207232],[0.139048,-0.261707,0.955079]],[[0.937865,-0.274825,-0.211849],[0.308192,0.940271,0.144596],[0.159457,-0.200901,0.966547]]],1],[1492,[-0.467159,0.357863,-0.808515],149,67.0064,[-62.9178,196.349,-46.9377],[-62.3935,195.592,-47.3699],[306.752,-44.2412,-102.379],false,[0.713102,149.058,91.0806],[-21.5523,160.972,26.0432],[-41.794,181.95,-12.3429],[-55.0783,192.126,-35.3342],[-64.555,197.568,-50.6218],[[[0.836922,-0.41072,-0.361761],[0.444651,0.895626,0.0118503],[0.319135,-0.170775,0.932196]],[[0.732278,-0.355872,-0.580624],[0.536107,0.827009,0.169251],[0.419949,-0.435215,0.796386]],[[0.732278,-0.355872,-0.580624],[0.495511,0.863302,0.0958065],[0.467159,-0.357863,0.808515]],[[0.732278,-0.355872,-0.580624],[0.457666,0.888526,0.0326159],[0.504292,-0.289616,0.813518]]],2],[1493,[-0.351879,-0.783308,0.512455],149,64.4285,[-31.3094,105.461,20.5114],[-29.9114,104.579,20.6311],[227.398,-39.0155,-35.2362],false,[11.0828,144.983,85.9041],[-0.279959,152.896,24.8137],[-20.8618,130.433,-7.86746],[-30.6096,108.734,6.32858],[-29.3679,104.094,24.3846],[[[0.838846,-0.497714,-0.220494],[0.513256,0.858092,0.0156842],[0.181398,-0.126327,0.975262]],[[0.844559,-0.501743,-0.187015],[0.272978,0.703906,-0.655743],[0.460655,0.502763,0.731455]],[[0.844559,-0.501743,-0.187015],[-0.403611,-0.366992,-0.838102],[0.351879,0.783308,-0.512455]],[[0.844559,-0.501743,-0.187015],[-0.531322,-0.828603,-0.176392],[-0.0664575,0.248338,-0.966391]]],3],[1494,[-0.430568,-0.736469,0.521751],149,50.5107,[-11.8712,108.44,23.2879],[-10.8073,107.663,23.3542],[228.266,-47.1355,-25.5687],false,[19.6928,134.132,82.6363],[17.5749,141.081,25.108],[-3.06475,126.633,0.297761],[-11.4861,112.229,10.5026],[-10.2126,106.918,26.8511],[[[0.75779,-0.643884,-0.105677],[0.651475,0.755679,0.0672984],[0.0365253,-0.119844,0.992121]],[[0.742923,-0.617459,-0.258477],[0.327636,0.672158,-0.663972],[0.583712,0.408594,0.701663]],[[0.742923,-0.617459,-0.258477],[-0.51252,-0.276329,-0.812998],[0.430568,0.736469,-0.521751]],[[0.742923,-0.617459,-0.258477],[-0.665287,-0.723734,-0.183308],[-0.0738833,0.308145,-0.948466]]],4]],[[0,200,0],[235.247,235.247,147.751]]],[235089,4292018477,[[149,"right",[-0.234921,0.298003,-0.925206],[-0.367895,-0.908293,-0.199143],[-11.5117,148.416,46.8092],[250.337,-32.6605,-54.4488],[-13.1868,148.594,47.165],1,0,0.570843,[[0.526349,-0.0627412,-0.847951],[0.355665,0.92208,0.152546],[0.772307,-0.381879,0.507651]],63.72,[218.145,30.9018,232.234],[9.62158,134.009,95.1684]]],[[1490,[0.00125323,-0.404862,-0.914377],149,52.1164,[-23.6236,95.2555,18.8918],[-23.6426,94.9439,19.1473],[242.84,-45.9377,-22.8691],false,[-19.1966,131.55,105.392],[-19.1966,131.55,105.392],[-35.163,118.671,59.8843],[-35.1203,104.867,28.708],[-20.0036,92.3658,15.943],[[[0.645253,0.752409,-0.132398],[-0.467866,0.526185,0.710092],[0.603946,-0.396244,0.691549]],[[0.38318,0.844781,-0.373521],[-0.866525,0.468802,0.171344],[0.319856,0.25801,0.911659]],[[0.38318,0.844781,-0.373521],[-0.923673,0.349902,-0.156193],[-0.00125323,0.404862,0.914377]],[[0.38318,0.844781,-0.373521],[-0.66028,-0.0322652,-0.750326],[-0.645913,0.534138,0.545429]]],0],[1491,[-0.130591,0.263262,-0.955845],149,58.8075,[-49.54,188.427,-43.7562],[-48.9239,187.758,-44.0689],[324.506,-52.7384,-98.6245],false,[-7.26036,150.131,96.7807],[-39.1152,165.178,32.1949],[-43.6693,179.371,-8.09896],[-46.8257,185.734,-31.2021],[-49.4077,189.23,-47.7259],[[[0.847487,-0.239393,-0.47377],[0.307063,0.949134,0.0696873],[0.432989,-0.204536,0.877887]],[[0.935204,-0.287364,-0.206918],[0.33787,0.899049,0.278486],[0.106003,-0.330353,0.937886]],[[0.935204,-0.287364,-0.206918],[0.329149,0.920932,0.208677],[0.130591,-0.263262,0.955845]],[[0.935204,-0.287364,-0.206918],[0.320244,0.93572,0.147891],[0.151119,-0.204573,0.967116]]],1],[1492,[-0.458289,0.361724,-0.811866],149,67.0064,[-59.3261,196.33,-47.8613],[-58.6032,195.56,-48.3245],[340.448,-31.9378,-103.795],false,[3.33038,148.951,90.6113],[-18.5316,160.707,25.4084],[-38.345,181.766,-13.1562],[-51.3771,192.052,-36.2428],[-60.6911,197.603,-51.5914],[[[0.833346,-0.423098,-0.3557],[0.455351,0.890277,0.00784461],[0.313353,-0.168506,0.934567]],[[0.729812,-0.368202,-0.576022],[0.546261,0.820696,0.167503],[0.411064,-0.436904,0.800088]],[[0.729812,-0.368202,-0.576022],[0.507292,0.856494,0.0952475],[0.458289,-0.361724,0.811866]],[[0.729812,-0.368202,-0.576022],[0.470874,0.881581,0.0330705],[0.495633,-0.295369,0.816765]]],2],[1493,[-0.363132,-0.775399,0.516616],149,64.4285,[-28.9894,105.22,20.1653],[-27.5087,104.458,20.2969],[239.522,-32.1572,-35.6904],false,[13.6708,144.718,85.5033],[2.64668,152.368,24.3173],[-18.0523,129.983,-8.34331],[-28.1118,108.503,5.96798],[-26.9761,104.004,24.0666],[[[0.833662,-0.509185,-0.213866],[0.523483,0.851948,0.0121994],[0.175991,-0.122126,0.976787]],[[0.839213,-0.513078,-0.1802],[0.284775,0.696944,-0.658158],[0.463276,0.501018,0.730997]],[[0.839213,-0.513078,-0.1802],[-0.404791,-0.368114,-0.83704],[0.363132,0.775399,-0.516616]],[[0.839213,-0.513078,-0.1802],[-0.540395,-0.823875,-0.170891],[-0.0607822,0.240793,-0.968671]]],3],[1494,[-0.442155,-0.728592,0.523119],149,50.5107,[-9.53969,108.087,22.925],[-8.35743,107.372,22.9984],[241.465,-42.8337,-30.8029],false,[22.1623,133.744,82.3408],[20.3566,140.342,24.7605],[-0.304548,126.117,-0.160081],[-8.95256,111.866,10.0715],[-7.77592,106.665,26.4626],[[[0.750397,-0.653617,-0.0984325],[0.660254,0.748221,0.0650355],[0.031141,-0.113793,0.993016]],[[0.736357,-0.627872,-0.252101],[0.341094,0.666281,-0.663117],[0.584323,0.402301,0.704784]],[[0.736357,-0.627872,-0.252101],[-0.51213,-0.273735,-0.81412],[0.442155,0.728592,-0.523119]],[[0.736357,-0.627872,-0.252101],[-0.67314,-0.717439,-0.179342],[-0.0682631,0.301759,-0.950937]]],4]],[[0,200,0],[235.247,235.247,147.751]]],[235090,4292027134,[[149,"right",[-0.226891,0.303207,-0.925519],[-0.374973,-0.904241,-0.204312],[-7.84211,148.308,46.5241],[296.441,-27.2801,-48.7332],[-9.82833,148.414,46.7623],1,0,0.574954,[[0.532678,-0.0750829,-0.842981],[0.359856,0.921624,0.145305],[0.766002,-0.380752,0.517947]],63.72,[219.702,30.7462,234.8],[12.8815,133.549,94.9542]]],[[1490,[0.004467,-0.401956,-0.915648],149,52.1164,[-20.296,95.3642,18.3608],[-20.2679,95.0718,18.593],[282.32,-29.7474,-33.6955],false,[-16.016,131.318,105.005],[-16.016,131.318,105.005],[-31.8404,118.778,59.3528],[-31.6881,105.073,28.1332],[-16.6278,92.4728,15.3994],[[[0.652804,0.746947,-0.126165],[-0.467141,0.52805,0.709184],[0.596344,-0.404021,0.693643]],[[0.393744,0.842396,-0.367878],[-0.862827,0.476719,0.168135],[0.31701,0.251213,0.914547]],[[0.393744,0.842396,-0.367878],[-0.919209,0.358888,-0.162031],[-0.004467,0.401956,0.915648]],[[0.393744,0.842396,-0.367878],[-0.656405,-0.022497,-0.754073],[-0.643504,0.538389,0.544095]]],0],[1491,[-0.122476,0.268811,-0.955374],149,58.8075,[-45.1726,188.929,-44.1764],[-44.3604,188.371,-44.4125],[378.469,-20.0301,-82.8631],false,[-3.86237,149.818,96.5246],[-35.2079,165.37,31.8091],[-39.4003,179.764,-8.4526],[-42.3606,186.261,-31.5444],[-44.8092,189.864,-48.0654],[[[0.847985,-0.245511,-0.469729],[0.315258,0.946065,0.07465],[0.426067,-0.211388,0.879649]],[[0.933697,-0.295139,-0.202739],[0.344511,0.894787,0.28402],[0.0975831,-0.335035,0.937139]],[[0.933697,-0.295139,-0.202739],[0.336467,0.916861,0.21484],[0.122476,-0.268811,0.955374]],[[0.933697,-0.295139,-0.202739],[0.328134,0.931899,0.154573],[0.143312,-0.21085,0.966956]]],1],[1492,[-0.450463,0.368811,-0.813057],149,67.0064,[-54.8833,196.864,-48.3309],[-53.9631,196.229,-48.6991],[392.355,-3.36135,-87.6523],false,[6.75247,148.563,90.4118],[-14.6272,160.734,25.1252],[-34.0337,182.112,-13.4712],[-46.8432,192.599,-36.5916],[-56.0209,198.29,-51.971],[[[0.8315,-0.429473,-0.352364],[0.463359,0.886068,0.0134564],[0.306439,-0.17446,0.935766]],[[0.729585,-0.372821,-0.573332],[0.552813,0.81505,0.17347],[0.402621,-0.443507,0.800748]],[[0.729585,-0.372821,-0.573332],[0.514576,0.851459,0.101137],[0.450463,-0.368811,0.813057]],[[0.729585,-0.372821,-0.573332],[0.478735,0.877099,0.0388549],[0.488384,-0.302822,0.818401]]],2],[1493,[-0.3739,-0.774469,0.510291],149,64.4285,[-25.8826,105.27,19.5972],[-24.0338,104.714,19.638],[282.704,-15.4565,-47.5506],false,[17.0832,144.253,85.3486],[6.48046,152.207,24.1269],[-14.172,130.261,-8.85998],[-24.5298,108.807,5.2761],[-23.5257,104.258,23.3701],[[[0.830221,-0.51603,-0.210823],[0.531115,0.847107,0.0180706],[0.169264,-0.126974,0.977357]],[[0.835546,-0.520088,-0.177117],[0.296986,0.698753,-0.650802],[0.462235,0.491174,0.7383]],[[0.835546,-0.520088,-0.177117],[-0.402568,-0.360148,-0.841566],[0.3739,0.774469,-0.510291]],[[0.835546,-0.520088,-0.177117],[-0.546785,-0.818681,-0.175467],[-0.0537439,0.243455,-0.968422]]],3],[1494,[-0.451381,-0.726615,0.517964],149,50.5107,[-6.36329,107.976,22.4775],[-4.86192,107.413,22.5325],[285.018,-29.894,-37.1209],false,[25.4928,133.212,82.1976],[24.0777,140.018,24.6306],[3.45788,126.157,-0.527921],[-5.3706,111.945,9.60283],[-4.28789,106.708,25.9889],[[[0.744987,-0.660083,-0.0963556],[0.666632,0.741965,