{"metadata":{"formatVersion":2,"generatedBy":"LeapJS Playback 0.2.1","frames":97,"protocolVersion":6,"serviceVersion":"2.2.6+29154","frameRate":"1.1e+2","modified":"Thu Jun 04 2015 14:47:58 GMT-0300 (E. South America Standard Time)"},"frames":[["id","timestamp",{"hands":[["id","type","direction","palmNormal","palmPosition","palmVelocity","stabilizedPalmPosition","pinchStrength","grabStrength","confidence","armBasis","armWidth","elbow","wrist"]]},{"pointables":[["id","direction","handId","length","stabilizedTipPosition","tipPosition","tipVelocity","tool","carpPosition","mcpPosition","pipPosition","dipPosition","btipPosition","bases","type"]]},{"interactionBox":["center","size"]}],[234618,4287661962,[[149,"right",[-0.365101,0.379456,-0.850126],[-0.451632,-0.870705,-0.194681],[-42.2146,142.371,72.2122],[54.5546,1.75272,-39.7147],[-47.7585,141.188,73.346],1,0,0.747969,[[0.474148,-0.0951377,-0.87529],[0.423815,0.896051,0.132188],[0.771728,-0.433637,0.465182]],63.72,[194.024,6.17499,240.83],[-14.3425,123.257,115.23]]],[[1490,[-0.308356,-0.256922,-0.915919],149,52.1164,[-80.8196,96.0517,42.6358],[-76.0029,97.7059,39.567],[67.2575,20.5996,-73.2878],false,[-41.1787,121.474,129.985],[-41.1787,121.474,129.985],[-65.3468,113.811,86.9858],[-75.8604,105.051,55.757],[-76.7395,96.0898,34.1548],[[[0.660294,0.72693,-0.18864],[-0.310706,0.493096,0.812599],[0.683721,-0.477943,0.55145]],[[0.384413,0.847065,-0.367026],[-0.786013,0.508835,0.351099],[0.484159,0.15352,0.861407]],[[0.384413,0.847065,-0.367026],[-0.87014,0.465266,0.162433],[0.308356,0.256922,0.915919]],[[0.384413,0.847065,-0.367026],[-0.922397,0.368612,-0.115367],[0.0375666,0.382892,0.923029]]],0],[1491,[-0.258613,0.394065,-0.881948],149,58.8075,[-97.8573,192.056,-4.98862],[-91.0872,194.036,-6.82438],[87.5977,36.0593,-37.2822],false,[-29.6887,140.036,120.749],[-70.7482,161.572,63.6277],[-80.9052,180.357,26.3486],[-87.156,189.881,5.0316],[-91.8941,195.961,-10.2166],[[[0.741224,-0.244713,-0.625062],[0.372969,0.924354,0.0803952],[0.558105,-0.29272,0.776424]],[[0.863823,-0.314301,-0.393732],[0.444879,0.842636,0.303393],[0.236416,-0.437241,0.867714]],[[0.863823,-0.314301,-0.393732],[0.432353,0.863671,0.25912],[0.258613,-0.394065,0.881948]],[[0.863823,-0.314301,-0.393732],[0.420604,0.880112,0.220219],[0.277313,-0.355835,0.892457]]],1],[1492,[-0.53619,0.495244,-0.683545],149,67.0064,[-106.933,201.297,-6.42934],[-99.7335,203.223,-8.57397],[91.5868,30.268,-44.9689],false,[-20.3538,138.801,112.815],[-51.8839,156.604,53.1782],[-75.7981,182.902,20.6234],[-91.0454,196.985,1.1859],[-101.736,205.445,-11.7477],[[[0.735296,-0.435981,-0.518903],[0.505075,0.863024,-0.00940958],[0.451928,-0.255166,0.854781]],[[0.593191,-0.355036,-0.722547],[0.63401,0.759129,0.147493],[0.496141,-0.545593,0.675405]],[[0.593191,-0.355036,-0.722547],[0.60052,0.792895,0.103407],[0.53619,-0.495244,0.683545]],[[0.593191,-0.355036,-0.722547],[0.56965,0.819306,0.0650858],[0.568879,-0.450207,0.688252]]],2],[1493,[-0.419002,-0.840084,0.344523],149,64.4285,[-74.0514,102.213,40.434],[-67.7185,104.472,36.7078],[73.7769,19.3386,-53.9071],false,[-11.281,134.458,105.761],[-31.7371,147.318,47.9693],[-57.8861,134.66,14.0243],[-69.4933,111.388,23.5682],[-67.2916,102.733,39.9795],[[[0.753606,-0.532589,-0.385263],[0.570467,0.821096,-0.0192054],[0.326567,-0.205307,0.922607]],[[0.754595,-0.533211,-0.382456],[0.296751,0.797134,-0.525848],[0.585256,0.283308,0.759744]],[[0.754595,-0.533211,-0.382456],[-0.504998,-0.0997258,-0.85734],[0.419002,0.840084,-0.344523]],[[0.754595,-0.533211,-0.382456],[-0.645522,-0.707874,-0.286731],[-0.117842,0.46325,-0.878358]]],3],[1494,[-0.527219,-0.775503,0.347325],149,50.5107,[-54.2249,104.73,41.1468],[-47.7873,106.479,37.6696],[69.5549,16.0035,-51.099],false,[-4.12821,123.344,100.481],[-14.9817,134.418,44.6072],[-38.7293,128.839,19.0104],[-49.0411,113.671,25.8036],[-47.6208,104.677,40.4396],[[[0.681651,-0.68107,-0.267388],[0.707331,0.706877,0.00269198],[0.187177,-0.190966,0.963585]],[[0.632415,-0.63111,-0.449167],[0.385994,0.759475,-0.523647],[0.67161,0.157787,0.723909]],[[0.632415,-0.63111,-0.449167],[-0.567531,0.0171557,-0.823174],[0.527219,0.775503,-0.347325]],[[0.632415,-0.63111,-0.449167],[-0.770235,-0.573998,-0.277964],[-0.0823945,0.521753,-0.849108]]],4]],[[0,200,0],[235.247,235.247,147.751]]],[234619,4287670572,[[149,"right",[-0.36045,0.384711,-0.849749],[-0.451295,-0.869193,-0.202082],[-41.5823,142.285,71.7171],[59.5469,-1.3669,-44.4194],[-47.5999,141.216,73.3042],1,0,0.753043,[[0.477121,-0.0920575,-0.874003],[0.422219,0.896219,0.136094],[0.77077,-0.433954,0.466474]],63.72,[194.162,5.72957,240.713],[-13.9457,122.897,114.765]]],[[1490,[-0.301655,-0.251453,-0.919661],149,52.1164,[-80.538,96.1739,42.3942],[-75.1617,97.8823,38.5915],[78.3038,20.2251,-83.5597],false,[-40.8585,121.049,129.371],[-40.8585,121.049,129.371],[-64.794,113.712,86.1854],[-75.0792,105.139,54.829],[-75.7537,96.2781,33.1781],[[[0.661807,0.727496,-0.181],[-0.314489,0.488583,0.81387],[0.68052,-0.481702,0.552137]],[[0.388288,0.848575,-0.359378],[-0.786963,0.508247,0.34982],[0.479502,0.146986,0.865143]],[[0.388288,0.848575,-0.359378],[-0.870768,0.465502,0.158341],[0.301655,0.251453,0.919661]],[[0.388288,0.848575,-0.359378],[-0.921087,0.369568,-0.122549],[0.0288223,0.378603,0.92511]]],0],[1491,[-0.253602,0.399289,-0.881053],149,58.8075,[-97.4094,192.216,-5.10753],[-89.9928,194.457,-7.26648],[98.0859,39.0772,-41.0159],false,[-29.3071,139.656,120.303],[-70.0569,161.558,63.0991],[-79.9957,180.572,25.8775],[-86.1254,190.223,4.58209],[-90.7789,196.39,-10.6571],[[[0.74423,-0.241643,-0.62268],[0.373259,0.923571,0.0877113],[0.553895,-0.297699,0.777545]],[[0.865673,-0.312735,-0.390906],[0.443953,0.84043,0.310779],[0.231337,-0.442577,0.866377]],[[0.865673,-0.312735,-0.390906],[0.431621,0.861838,0.266343],[0.253602,-0.399289,0.881053]],[[0.865673,-0.312735,-0.390906],[0.420032,0.878589,0.227278],[0.272367,-0.360941,0.891929]]],1],[1492,[-0.532272,0.498974,-0.683895],149,67.0064,[-106.446,201.441,-6.58573],[-98.6129,203.636,-9.03912],[101.505,34.1344,-47.5537],false,[-19.9326,138.46,112.409],[-51.1431,156.636,52.7175],[-74.8504,183.134,20.1737],[-89.9863,197.323,0.726146],[-100.609,205.846,-12.2225],[[[0.737611,-0.433524,-0.517674],[0.505777,0.862663,-0.00177342],[0.447347,-0.260519,0.855576]],[[0.597016,-0.351511,-0.721119],[0.633764,0.757773,0.155317],[0.491849,-0.549746,0.675177]],[[0.597016,-0.351511,-0.721119],[0.600216,0.792127,0.110796],[0.532272,-0.498974,0.683895]],[[0.597016,-0.351511,-0.721119],[0.569256,0.818995,0.0720673],[0.56526,-0.453527,0.689053]]],2],[1493,[-0.419595,-0.841417,0.340525],149,64.4285,[-73.9072,102.267,40.3339],[-66.8813,104.655,35.9086],[81.2098,19.8938,-61.8385],false,[-10.8271,134.151,105.377],[-30.977,147.365,47.5575],[-56.9717,134.904,13.4216],[-68.5953,111.595,22.8548],[-66.4205,102.911,39.2544],[[[0.755162,-0.530925,-0.38451],[0.571186,0.82074,-0.0114796],[0.321678,-0.210958,0.923049]],[[0.756121,-0.531554,-0.381748],[0.299646,0.79979,-0.520143],[0.581802,0.278902,0.764016]],[[0.756121,-0.531554,-0.381748],[-0.502216,-0.0972987,-0.859251],[0.419595,0.841417,-0.340525]],[[0.756121,-0.531554,-0.381748],[-0.643998,-0.708107,-0.28957],[-0.116396,0.464795,-0.877734]]],3],[1494,[-0.527754,-0.777268,0.342534],149,50.5107,[-54.0971,104.769,41.0621],[-46.9719,106.621,36.9586],[77.2695,15.9856,-57.5828],false,[-3.65585,123.063,100.069],[-14.2144,134.471,44.2058],[-37.8526,129.048,18.4745],[-48.1748,113.845,25.1741],[-46.7756,104.803,39.782],[[[0.682491,-0.680036,-0.267875],[0.707848,0.706287,0.0104494],[0.182091,-0.196747,0.963397]],[[0.634098,-0.628842,-0.449974],[0.388597,0.762254,-0.51765],[0.668515,0.153382,0.72771]],[[0.634098,-0.628842,-0.449974],[-0.56515,0.0202758,-0.824739],[0.527754,0.777268,-0.342534]],[[0.634098,-0.628842,-0.449974],[-0.76898,-0.573916,-0.281585],[-0.0811753,0.524573,-0.847486]]],4]],[[0,200,0],[235.247,235.247,147.751]]],[234620,4287679924,[[149,"right",[-0.35536,0.392543,-0.84831],[-0.451314,-0.866806,-0.212045],[-40.6893,142.112,71.0044],[69.7407,-6.20341,-53.4347],[-47.4135,141.24,73.2422],1,0,0.757462,[[0.480979,-0.0897676,-0.872124],[0.419372,0.897119,0.138944],[0.769926,-0.432574,0.469141]],63.72,[194.57,5.52076,240.699],[-13.3105,122.316,114.031]]],[[1490,[-0.29504,-0.24282,-0.924116],149,52.1164,[-80.1629,96.3166,42.0569],[-74.0431,98.0988,37.2642],[93.4131,20.7395,-99.6725],false,[-40.3042,120.377,128.475],[-40.3042,120.377,128.475],[-63.9899,113.514,85.0743],[-74.0495,105.235,53.566],[-74.4632,96.5171,31.8505],[[[0.66371,0.728155,-0.171113],[-0.318251,0.481928,0.816371],[0.676909,-0.487377,0.551596]],[[0.392995,0.850734,-0.349009],[-0.78766,0.507294,0.349635],[0.474497,0.137495,0.869453]],[[0.392995,0.850734,-0.349009],[-0.870923,0.466144,0.155573],[0.29504,0.24282,0.924116]],[[0.392995,0.850734,-0.349009],[-0.919371,0.370819,-0.131344],[0.0176806,0.372486,0.927869]]],0],[1491,[-0.248069,0.4068,-0.87919],149,58.8075,[-96.7984,192.438,-5.28018],[-88.5819,195.03,-7.79163],[113.09,44.5365,-45.4722],false,[-28.68,139.046,119.631],[-69.0921,161.497,62.4007],[-78.789,180.838,25.2838],[-84.785,190.671,4.03339],[-89.3455,196.964,-11.1821],[[[0.747271,-0.237227,-0.620733],[0.373967,0.922278,0.0977311],[0.549304,-0.305165,0.777907]],[[0.867526,-0.310599,-0.388492],[0.443232,0.837175,0.320443],[0.225707,-0.450185,0.863939]],[[0.867526,-0.310599,-0.388492],[0.431114,0.859094,0.27586],[0.248069,-0.4068,0.87919]],[[0.867526,-0.310599,-0.388492],[0.419702,0.876271,0.236642],[0.266924,-0.368344,0.890547]]],1],[1492,[-0.528007,0.504779,-0.682939],149,67.0064,[-105.797,201.641,-6.79895],[-97.1838,204.21,-9.55966],[115.567,40.8846,-50.0183],false,[-19.2646,137.907,111.778],[-50.1289,156.641,52.0788],[-73.6172,183.43,19.615],[-88.6318,197.785,0.194703],[-99.1783,206.412,-12.7469],[[[0.739839,-0.430002,-0.517433],[0.506887,0.861971,0.00843684],[0.442384,-0.268522,0.855682]],[[0.60084,-0.346276,-0.720475],[0.633661,0.755766,0.165204],[0.487304,-0.555798,0.673516]],[[0.60084,-0.346276,-0.720475],[0.600166,0.790753,0.120456],[0.528007,-0.504779,0.682939]],[[0.60084,-0.346276,-0.720475],[0.569229,0.81813,0.081497],[0.561222,-0.459082,0.688676]]],2],[1493,[-0.420276,-0.84337,0.334806],149,64.4285,[-73.7166,102.334,40.1964],[-65.7715,104.885,34.7984],[93.3014,21.4426,-75.3153],false,[-10.1268,133.646,104.758],[-29.9471,147.388,46.9473],[-55.7808,135.238,12.578],[-67.4232,111.875,21.8528],[-65.2665,103.135,38.2256],[[[0.756545,-0.528578,-0.385027],[0.572294,0.820047,-0.00128],[0.316417,-0.21938,0.922905]],[[0.757488,-0.529232,-0.382264],[0.30315,0.803714,-0.511999],[0.578197,0.27195,0.769241]],[[0.757488,-0.529232,-0.382264],[-0.49958,-0.0929552,-0.861266],[0.420276,0.84337,-0.334806]],[[0.757488,-0.529232,-0.382264],[-0.642563,-0.707912,-0.293211],[-0.115432,0.467732,-0.8763]]],3],[1494,[-0.528249,-0.779722,0.336134],149,50.5107,[-53.9282,104.816,40.946],[-45.8951,106.777,35.9472],[89.1592,15.9083,-69.7097],false,[-2.94127,122.595,99.392],[-13.1833,134.501,43.5743],[-36.7153,129.305,17.6991],[-47.0472,114.055,24.2735],[-45.6648,104.931,38.8324],[[[0.683053,-0.678597,-0.270083],[0.708689,0.705226,0.0203915],[0.176632,-0.205333,0.962621]],[[0.635573,-0.625613,-0.452389],[0.391333,0.766169,-0.509748],[0.665512,0.146947,0.731779]],[[0.635573,-0.625613,-0.452389],[-0.563028,0.0253368,-0.82605],[0.528249,0.779722,-0.336134]],[[0.635573,-0.625613,-0.452389],[-0.767864,-0.573111,-0.286232],[-0.0801989,0.529295,-0.844639]]],4]],[[0,200,0],[235.247,235.247,147.751]]],[234621,4287688687,[[149,"right",[-0.350202,0.395758,-0.848961],[-0.451221,-0.865538,-0.217354],[-39.9508,142.171,70.6024],[73.6425,-2.7396,-51.4048],[-47.2253,141.264,73.1756],1,0,0.763742,[[0.481941,-0.0904566,-0.871522],[0.416509,0.898744,0.137042],[0.770879,-0.429043,0.470817]],63.72,[195.304,6.35794,240.834],[-12.8336,122.199,113.713]]],[[1490,[-0.288032,-0.239517,-0.927184],149,52.1164,[-79.7341,96.4665,41.6864],[-73.0386,98.3399,36.4863],[102.74,21.6623,-96.3441],false,[-39.9087,120.248,128.003],[-39.9087,120.248,128.003],[-63.323,113.601,84.4216],[-73.1436,105.435,52.8087],[-73.2753,96.7325,31.0835],[[[0.665548,0.72787,-0.165082],[-0.322133,0.479663,0.816182],[0.673258,-0.49003,0.553709]],[[0.397391,0.851018,-0.343292],[-0.78871,0.507975,0.346264],[0.46906,0.133155,0.873071]],[[0.397391,0.851018,-0.343292],[-0.871274,0.467334,0.149938],[0.288032,0.239517,0.927184]],[[0.397391,0.851018,-0.343292],[-0.917632,0.370822,-0.142976],[0.0056247,0.371833,0.928283]]],0],[1491,[-0.242506,0.409542,-0.879469],149,58.8075,[-96.1129,192.679,-5.4843],[-87.3216,195.404,-8.28949],[121.361,43.306,-48.7281],false,[-28.2128,138.931,119.284],[-68.2817,161.62,61.9062],[-77.7342,181.089,24.7933],[-83.5956,190.988,3.53617],[-88.063,197.324,-11.6892],[[[0.750375,-0.236145,-0.617392],[0.374574,0.921481,0.1028],[0.544639,-0.308397,0.77991]],[[0.869402,-0.310528,-0.384333],[0.442416,0.83559,0.325664],[0.220017,-0.453168,0.863847]],[[0.869402,-0.310528,-0.384333],[0.430501,0.857816,0.280752],[0.242506,-0.409542,0.879469]],[[0.869402,-0.310528,-0.384333],[0.419251,0.875235,0.24123],[0.261473,-0.370858,0.891121]]],1],[1492,[-0.524023,0.506192,-0.68496],149,67.0064,[-105.086,201.853,-7.04381],[-95.9137,204.544,-10.1194],[122.578,38.5491,-54.1166],false,[-18.7558,137.805,111.479],[-49.2681,156.773,51.6728],[-72.5412,183.66,19.1345],[-87.4425,198.054,-0.343289],[-97.9211,206.697,-13.3292],[[[0.742135,-0.429246,-0.514765],[0.507907,0.861297,0.01404],[0.437339,-0.271872,0.857216]],[[0.604874,-0.344995,-0.717709],[0.633241,0.754867,0.170829],[0.482839,-0.557813,0.675064]],[[0.604874,-0.344995,-0.717709],[0.599606,0.79041,0.125397],[0.524023,-0.506192,0.68496]],[[0.604874,-0.344995,-0.717709],[0.568505,0.81819,0.0858318],[0.557611,-0.459938,0.691033]]],2],[1493,[-0.418704,-0.843058,0.337551],149,64.4285,[-73.4946,102.409,40.0476],[-64.76,105.132,34.3222],[101.267,22.5769,-64.8293],false,[-9.58488,133.556,104.496],[-29.07,147.512,46.6221],[-54.773,135.38,12.1484],[-66.3719,112.025,21.4993],[-64.181,103.383,37.9186],[[[0.75799,-0.528275,-0.382592],[0.573314,0.819323,0.00454554],[0.311065,-0.222791,0.923906]],[[0.758956,-0.528967,-0.37971],[0.305033,0.804029,-0.510384],[0.575274,0.271535,0.771575]],[[0.758956,-0.528967,-0.37971],[-0.498671,-0.0972007,-0.861324],[0.418704,0.843058,-0.337551]],[[0.758956,-0.528967,-0.37971],[-0.640496,-0.711488,-0.289049],[-0.117262,0.462578,-0.87879]]],3],[1494,[-0.528916,-0.780316,0.333698],149,50.5107,[-53.7371,104.867,40.8193],[-44.9652,106.976,35.4391],[94.7785,17.4309,-64.6371],false,[-2.38373,122.513,99.133],[-12.3039,134.615,43.299],[-35.72,129.508,17.3012],[-46.0649,114.246,23.828],[-44.7053,105.12,38.3872],[[[0.683681,-0.678575,-0.268545],[0.709445,0.704259,0.0265902],[0.171082,-0.208697,0.9629]],[[0.637188,-0.624844,-0.451178],[0.394257,0.767276,-0.505814],[0.662233,0.144418,0.735248]],[[0.637188,-0.624844,-0.451178],[-0.560571,0.0260073,-0.827698],[0.528916,0.780316,-0.333698]],[[0.637188,-0.624844,-0.451178],[-0.766661,-0.573796,-0.288077],[-0.0788806,0.52946,-0.84466]]],4]],[[0,200,0],[235.247,235.247,147.751]]],[234622,4287697766,[[149,"right",[-0.347,0.397757,-0.849341],[-0.451143,-0.864744,-0.220655],[-39.4924,142.208,70.3529],[67.2365,-0.871387,-44.7864],[-47.0255,141.288,73.1026],1,0,0.769806,[[0.482547,-0.090904,-0.87114],[0.414734,0.899746,0.135843],[0.771456,-0.426842,0.471871]],63.72,[195.755,6.87985,240.921],[-12.5379,122.127,113.515]]],[[1490,[-0.280582,-0.238412,-0.929749],149,52.1164,[-79.2126,96.6321,41.2562],[-72.2691,98.4802,35.9623],[102.643,18.3878,-85.3666],false,[-39.663,120.168,127.709],[-39.663,120.168,127.709],[-62.8584,113.669,83.9878],[-72.425,105.541,52.2875],[-72.2827,96.8167,30.5711],[[[0.666666,0.727688,-0.161328],[-0.324546,0.47825,0.816055],[0.670989,-0.491678,0.555002]],[[0.401005,0.850954,-0.339223],[-0.789476,0.508853,0.343215],[0.464675,0.130177,0.87586]],[[0.401005,0.850954,-0.339223],[-0.872049,0.468014,0.143158],[0.280582,0.238412,0.929749]],[[0.401005,0.850954,-0.339223],[-0.916056,0.370032,-0.154656],[-0.00608189,0.372765,0.927906]]],0],[1491,[-0.237808,0.412298,-0.879465],149,58.8075,[-95.3279,192.954,-5.72025],[-86.4635,195.71,-8.58017],[114.842,40.7657,-44.1525],false,[-27.9231,138.86,119.067],[-67.7786,161.696,61.5999],[-77.0187,181.301,24.5052],[-82.7666,191.267,3.24819],[-87.1576,197.643,-11.9827],[[[0.752295,-0.23547,-0.61531],[0.374929,0.920979,0.105954],[0.541738,-0.310406,0.781132]],[[0.870782,-0.310651,-0.381096],[0.442132,0.833816,0.33056],[0.215075,-0.45634,0.863421]],[[0.870782,-0.310651,-0.381096],[0.430332,0.85645,0.285146],[0.237808,-0.412298,0.879464]],[[0.870782,-0.310651,-0.381096],[0.419154,0.874194,0.245142],[0.256998,-0.373203,0.891444]]],1],[1492,[-0.520494,0.507585,-0.686618],149,67.0064,[-104.286,202.091,-7.32518],[-95.0421,204.799,-10.4863],[115.874,35.4694,-50.7645],false,[-18.4404,137.742,111.293],[-48.7339,156.855,51.4215],[-71.788,183.865,18.8293],[-86.5889,198.299,-0.695637],[-97.0165,206.947,-13.7191],[[[0.743557,-0.428773,-0.513105],[0.508519,0.860873,0.0175266],[0.434203,-0.273956,0.858147]],[[0.607842,-0.344487,-0.715441],[0.633846,0.753204,0.175848],[0.478296,-0.560368,0.676181]],[[0.607842,-0.344487,-0.715441],[0.599679,0.789738,0.129228],[0.520494,-0.507585,0.686618]],[[0.607842,-0.344487,-0.715441],[0.567997,0.818249,0.0885832],[0.554894,-0.460213,0.693034]]],2],[1493,[-0.415807,-0.842432,0.342654],149,64.4285,[-73.2197,102.499,39.8763],[-64.0666,105.314,34.1161],[96.3834,21.4439,-48.6406],false,[-9.24895,133.5,104.332],[-28.5258,147.589,46.4208],[-54.1587,135.428,11.9051],[-65.6773,112.091,21.3973],[-63.4026,103.581,37.8747],[[[0.758885,-0.528083,-0.381081],[0.573925,0.818867,0.0081697],[0.30774,-0.224912,0.924506]],[[0.759901,-0.528826,-0.378013],[0.305638,0.803903,-0.510221],[0.573704,0.272182,0.772516]],[[0.759901,-0.528826,-0.378013],[-0.499655,-0.103203,-0.860055],[0.415807,0.842433,-0.342654]],[[0.759901,-0.528826,-0.378013],[-0.638536,-0.716177,-0.281712],[-0.121748,0.455449,-0.881898]]],3],[1494,[-0.528829,-0.780732,0.332864],149,50.5107,[-53.5125,104.927,40.6741],[-44.3672,107.119,35.127],[87.805,16.9383,-54.7435],false,[-2.03804,122.463,98.9713],[-11.7584,134.685,43.1286],[-35.0981,129.647,17.049],[-45.4413,114.377,23.5594],[-44.0713,105.265,38.127],[[[0.684071,-0.678557,-0.267594],[0.709891,0.703653,0.0304439],[0.167636,-0.210789,0.963051]],[[0.638167,-0.624333,-0.450502],[0.396292,0.768052,-0.503039],[0.660072,0.142492,0.737564]],[[0.638167,-0.624333,-0.450502],[-0.559539,0.0258154,-0.828402],[0.528828,0.780732,-0.332864]],[[0.638167,-0.624333,-0.450502],[-0.765784,-0.575151,-0.287707],[-0.0794819,0.528592,-0.845147]]],4]],[[0,200,0],[235.247,235.247,147.751]]],[234623,4287724837,[[149,"right",[-0.337365,0.411582,-0.846632],[-0.454214,-0.858912,-0.236557],[-35.5273,142.026,69.2861],[116.301,-4.49386,-41.4565],[-45.5741,141.381,72.6209],1,0,0.786573,[[0.488613,-0.0932423,-0.867504],[0.411059,0.901615,0.134616],[0.769602,-0.422371,0.478869]],63.72,[198.731,7.14757,241.687],[-9.06207,121.188,112.392]]],[[1490,[-0.265679,-0.225673,-0.937276],149,52.1164,[-74.747,97.6185,38.3135],[-67.7561,98.9625,33.9128],[148.993,16.0076,-78.7334],false,[-36.3193,119.191,126.325],[-36.3193,119.191,126.325],[-59.0618,113.534,82.2504],[-68.1203,105.84,50.2934],[-67.3283,97.2386,28.5421],[[[0.672225,0.725918,-0.14545],[-0.328796,0.468749,0.819858],[0.66333,-0.503306,0.553784]],[[0.412115,0.852323,-0.322036],[-0.789043,0.510594,0.341621],[0.455601,0.113313,0.882943]],[[0.412115,0.852323,-0.322036],[-0.871537,0.471824,0.133441],[0.265679,0.225673,0.937276]],[[0.412115,0.852323,-0.322036],[-0.910503,0.372121,-0.180305],[-0.0338415,0.367521,0.929399]]],0],[1491,[-0.227477,0.425143,-0.876075],149,58.8075,[-90.6046,194.411,-6.88073],[-81.466,196.898,-9.29988],[158.155,41.8767,-33.4015],false,[-24.3976,137.932,118.046],[-63.6239,161.8,60.5651],[-72.3952,181.981,23.6657],[-77.8934,192.257,2.4906],[-82.1166,198.844,-12.6982],[[[0.756195,-0.231314,-0.612097],[0.379318,0.917187,0.122007],[0.533186,-0.32444,0.781314]],[[0.872451,-0.31063,-0.377279],[0.444012,0.826354,0.346399],[0.204164,-0.469733,0.858876]],[[0.872451,-0.31063,-0.377279],[0.432532,0.850155,0.300255],[0.227477,-0.425143,0.876075]],[[0.872451,-0.31063,-0.377279],[0.421586,0.868849,0.259551],[0.247174,-0.385501,0.888985]]],1],[1492,[-0.510522,0.519251,-0.68538],149,67.0064,[-99.4094,203.436,-8.69691],[-89.8979,206.05,-11.2362],[162.265,41.49,-37.0326],false,[-14.8549,136.866,110.338],[-44.5205,156.99,50.483],[-67.0367,184.6,18.0182],[-81.5541,199.366,-1.47157],[-91.8127,208.218,-14.4925],[[[0.74546,-0.425967,-0.512682],[0.513315,0.857531,0.0338918],[0.425204,-0.288432,0.85791]],[[0.613232,-0.338878,-0.713518],[0.636969,0.746345,0.192973],[0.467136,-0.572826,0.673538]],[[0.613232,-0.338878,-0.713518],[0.602755,0.784564,0.145417],[0.510522,-0.519251,0.68538]],[[0.613232,-0.338878,-0.713518],[0.570906,0.814419,0.103864],[0.545905,-0.471044,0.692896]]],2],[1493,[-0.413948,-0.842665,0.344329],149,64.4285,[-71.0274,103.066,38.7867],[-59.7114,105.868,32.7885],[139.01,20.0715,-42.5593],false,[-5.6285,132.668,103.397],[-24.324,147.675,45.526],[-49.8169,135.879,10.7804],[-61.284,112.536,20.319],[-58.9061,104.124,36.832],[[[0.759076,-0.527193,-0.381931],[0.578556,0.815275,0.0245074],[0.298459,-0.239572,0.923866]],[[0.760185,-0.528084,-0.378479],[0.310753,0.807114,-0.501995],[0.570571,0.263995,0.77766]],[[0.760185,-0.528084,-0.378479],[-0.500766,-0.105083,-0.859181],[0.413948,0.842665,-0.344329]],[[0.760185,-0.528084,-0.378479],[-0.63712,-0.720022,-0.275039],[-0.12727,0.450217,-0.883803]]],3],[1494,[-0.528823,-0.782751,0.328097],149,50.5107,[-51.7413,105.29,39.7344],[-40.1551,107.477,33.7198],[131.766,13.7596,-48.8588],false,[1.56443,121.664,97.9444],[-7.60369,134.72,42.197],[-30.8297,130.05,15.9479],[-41.1729,114.74,22.3651],[-39.7634,105.572,36.8932],[[[0.682419,-0.678789,-0.271201],[0.713656,0.698962,0.0463293],[0.158111,-0.22516,0.961407]],[[0.63826,-0.621575,-0.454169],[0.401447,0.772141,-0.492583],[0.656859,0.132071,0.742356]],[[0.63826,-0.621575,-0.454169],[-0.559437,0.030764,-0.828301],[0.528823,0.782751,-0.328097]],[[0.63826,-0.621575,-0.454169],[-0.765466,-0.575099,-0.288658],[-0.0817697,0.531889,-0.842857]]],4]],[[0,200,0],[235.247,235.247,147.751]]],[234624,4287733873,[[149,"right",[-0.333288,0.414405,-0.846869],[-0.449134,-0.859544,-0.243849],[-34.2725,141.81,68.887],[122.519,-9.82666,-42.2038],[-44.998,141.403,72.4306],1,0,0.787062,[[0.493768,-0.0868332,-0.865247],[0.406229,0.902793,0.141221],[0.768876,-0.421219,0.481045]],63.72,[199.581,7.13637,241.951],[-8.01561,120.866,112.069]]],[[1490,[-0.257817,-0.222,-0.940344],149,52.1164,[-73.1169,97.8782,37.3026],[-66.0152,98.8054,33.0771],[161.98,6.61694,-81.9928],false,[-35.3582,118.691,125.806],[-35.3582,118.691,125.806],[-57.7814,113.191,81.5488],[-66.5718,105.621,49.4872],[-65.4893,97.0918,27.7202],[[[0.67026,0.729312,-0.137319],[-0.336224,0.463375,0.819901],[0.661593,-0.503376,0.555794]],[[0.411385,0.855397,-0.314736],[-0.793082,0.506118,0.338919],[0.449204,0.110185,0.886609]],[[0.411385,0.855397,-0.314736],[-0.874238,0.467987,0.129209],[0.257817,0.222,0.940344]],[[0.411385,0.855397,-0.314736],[-0.910287,0.368058,-0.1895],[-0.0462565,0.364458,0.93007]]],0],[1491,[-0.223164,0.428328,-0.875633],149,58.8075,[-89.0462,194.82,-7.27134],[-79.8883,196.885,-9.74158],[162.617,29.6628,-37.6707],false,[-23.4565,137.52,117.701],[-62.389,161.515,60.0728],[-70.9828,181.843,23.2124],[-76.3768,192.196,2.04801],[-80.5236,198.833,-13.1398],[[[0.761246,-0.225261,-0.608081],[0.37478,0.918084,0.129081],[0.529192,-0.326159,0.783311]],[[0.876291,-0.305321,-0.372684],[0.438294,0.826378,0.35355],[0.200031,-0.473158,0.857968]],[[0.876291,-0.305321,-0.372684],[0.42698,0.850479,0.307203],[0.223164,-0.428328,0.875633]],[[0.876291,-0.305321,-0.372684],[0.41618,0.869413,0.266298],[0.24271,-0.388459,0.888927]]],1],[1492,[-0.507872,0.51955,-0.68712],149,67.0064,[-97.8062,203.803,-9.1587],[-88.3239,205.973,-11.7392],[165.419,26.8334,-42.6569],false,[-13.8576,136.531,110.052],[-43.1986,156.831,50.097],[-65.5793,184.491,17.5813],[-80.0213,199.266,-1.95796],[-90.2321,208.11,-15.0213],[[[0.750623,-0.420443,-0.509698],[0.50961,0.8594,0.0415852],[0.42055,-0.290962,0.859348]],[[0.620015,-0.333289,-0.710281],[0.632442,0.748061,0.201052],[0.464325,-0.573867,0.674595]],[[0.620015,-0.333289,-0.710281],[0.598036,0.786757,0.152861],[0.507872,-0.51955,0.68712]],[[0.620015,-0.333289,-0.710281],[0.56599,0.816943,0.110723],[0.543357,-0.470662,0.695155]]],2],[1493,[-0.409691,-0.845275,0.343021],149,64.4285,[-70.1175,103.263,38.3609],[-57.96,105.77,32.2082],[155.135,11.3975,-46.0677],false,[-4.56761,132.404,103.153],[-22.9315,147.621,45.2314],[-48.1655,135.814,10.3015],[-59.5147,112.398,19.8039],[-57.1166,104.031,36.337],[[[0.763763,-0.522259,-0.379357],[0.575083,0.817452,0.0324363],[0.293166,-0.242935,0.924682]],[[0.764909,-0.52321,-0.37572],[0.309747,0.810193,-0.497639],[0.564775,0.264271,0.781786]],[[0.764909,-0.52321,-0.37572],[-0.497059,-0.108451,-0.860913],[0.409691,0.845275,-0.343021]],[[0.764909,-0.52321,-0.37572],[-0.63122,-0.725077,-0.275361],[-0.128354,0.447788,-0.884879]]],3],[1494,[-0.523025,-0.786781,0.327751],149,50.5107,[-50.9807,105.42,39.3644],[-38.4297,107.411,33.264],[149.39,6.95605,-45.9721],false,[2.70638,121.455,97.696],[-6.137,134.75,41.9525],[-29.2289,130.006,15.5984],[-39.4587,114.618,22.0089],[-37.9785,105.48,36.5492],[[[0.686971,-0.674706,-0.269895],[0.710501,0.701575,0.0546027],[0.152511,-0.229271,0.96134]],[[0.643757,-0.616685,-0.453074],[0.398848,0.775694,-0.4891],[0.653068,0.134154,0.745322]],[[0.643757,-0.616685,-0.453074],[-0.558589,0.0259766,-0.829037],[0.523025,0.786781,-0.327751]],[[0.643757,-0.616685,-0.453074],[-0.760396,-0.581958,-0.28831],[-0.0858734,0.530117,-0.843565]]],4]],[[0,200,0],[235.247,235.247,147.751]]],[234625,4287742941,[[149,"right",[-0.323589,0.418633,-0.84855],[-0.43901,-0.860855,-0.25729],[-32.896,141.594,68.1354],[130.608,-13.7022,-53.4456],[-44.2922,141.414,72.1801],1,0,0.789594,[[0.501984,-0.0739098,-0.861713],[0.397041,0.904842,0.153684],[0.768356,-0.419282,0.483561]],63.72,[200.32,7.29535,242.106],[-7.13639,120.502,111.544]]],[[1490,[-0.241847,-0.216097,-0.945945],149,52.1164,[-70.9362,98.1044,35.9345],[-63.6838,98.6522,31.5116],[189.391,-0.217342,-106.227],false,[-34.6655,118.018,124.85],[-34.6655,118.018,124.85],[-56.3749,112.729,80.2125],[-64.6208,105.361,47.9599],[-62.9963,96.9563,26.178],[[[0.666805,0.735261,-0.1215],[-0.351952,0.454408,0.818317],[0.656887,-0.502896,0.561778]],[[0.410231,0.8607,-0.301506],[-0.801603,0.497963,0.330854],[0.434905,0.105961,0.89422]],[[0.410231,0.8607,-0.301506],[-0.879329,0.460975,0.119508],[0.241847,0.216097,0.945945]],[[0.410231,0.8607,-0.301506],[-0.909336,0.360876,-0.207067],[-0.0694162,0.359115,0.930708]]],0],[1491,[-0.213169,0.433495,-0.87558],149,58.8075,[-87.1982,195.226,-7.80633],[-77.7287,196.956,-10.7403],[183.308,23.5891,-57.474],false,[-22.7837,136.997,117.072],[-61.0226,161.162,59.0515],[-69.2074,181.724,22.2279],[-74.3598,192.201,1.06475],[-78.3292,198.922,-14.1337],[[[0.771958,-0.21487,-0.598257],[0.365957,0.919754,0.141872],[0.519765,-0.328455,0.788645]],[[0.884051,-0.29595,-0.361755],[0.426801,0.826651,0.366729],[0.190512,-0.478604,0.857113]],[[0.884051,-0.29595,-0.361755],[0.415947,0.851173,0.320144],[0.213169,-0.433495,0.87558]],[[0.884051,-0.29595,-0.361755],[0.405561,0.870451,0.278991],[0.232323,-0.393356,0.889549]]],1],[1492,[-0.501545,0.518111,-0.692831],149,67.0064,[-95.9457,204.119,-9.79249],[-86.1689,205.84,-12.9395],[184.314,12.4458,-68.7861],false,[-13.0638,136.139,109.561],[-41.6501,156.697,49.3304],[-63.7333,184.337,16.595],[-77.9955,199.071,-3.10662],[-88.0838,207.871,-16.2941],[[[0.76131,-0.410896,-0.501569],[0.50252,0.862752,0.0559671],[0.409733,-0.294657,0.863305]],[[0.634526,-0.324068,-0.701681],[0.622471,0.752419,0.215396],[0.458155,-0.573451,0.679152]],[[0.634526,-0.324068,-0.701681],[0.588073,0.791543,0.16622],[0.501545,-0.518111,0.692831]],[[0.634526,-0.324068,-0.701681],[0.556035,0.821979,0.123192],[0.536845,-0.468327,0.70176]]],2],[1493,[-0.401697,-0.84924,0.342681],149,64.4285,[-68.836,103.489,37.7879],[-55.5411,105.729,31.1957],[187.796,6.4428,-59.1631],false,[-3.64065,132.135,102.772],[-21.2442,147.674,44.6997],[-45.9215,135.756,9.41147],[-57.0493,112.231,18.9044],[-54.6341,104.004,35.5051],[[[0.773245,-0.51364,-0.371842],[0.568433,0.821358,0.047481],[0.281027,-0.248082,0.927081]],[[0.774475,-0.514727,-0.367756],[0.308439,0.814803,-0.490878],[0.552317,0.266742,0.789807]],[[0.774475,-0.514727,-0.367756],[-0.4887,-0.117671,-0.86448],[0.401697,0.84924,-0.342681]],[[0.774475,-0.514727,-0.367756],[-0.619256,-0.735657,-0.274465],[-0.129268,0.440301,-0.888496]]],3],[1494,[-0.512479,-0.793385,0.32849],149,50.5107,[-49.8749,105.573,38.8724],[-36.0811,107.4,32.5134],[181.788,2.43875,-50.035],false,[3.79583,121.283,97.3398],[-4.30698,134.953,41.5744],[-27.0883,129.975,14.9942],[-37.1118,114.457,21.4191],[-35.5395,105.418,36.0108],[[[0.695952,-0.667505,-0.264743],[0.704361,0.706304,0.0707856],[0.139739,-0.235738,0.961718]],[[0.655217,-0.608556,-0.447606],[0.39445,0.780924,-0.484322],[0.644282,0.140778,0.751719]],[[0.655217,-0.608556,-0.447606],[-0.555028,0.0141559,-0.831711],[0.512479,0.793385,-0.32849]],[[0.655217,-0.608556,-0.447606],[-0.749914,-0.595498,-0.288117],[-0.0912132,0.524445,-0.846545]]],4]],[[0,200,0],[235.247,235.247,147.751]]],[234626,4287751957,[[149,"right",[-0.31156,0.422932,-0.850917],[-0.430828,-0.86103,-0.270213],[-31.8998,141.409,67.4839],[125.078,-15.5717,-58.6181],[-43.5087,141.414,71.8832],1,0,0.757947,[[0.506741,-0.0665925,-0.859523],[0.386818,0.908579,0.15766],[0.770445,-0.412372,0.486173]],63.72,[201.262,8.79719,242.434],[-6.75828,120.138,111.167]]],[[1490,[-0.224751,-0.210366,-0.951437],149,52.1164,[-68.4053,98.2914,34.3041],[-61.7438,98.5903,30.0676],[198.284,-2.54431,-120.19],false,[-34.4899,117.442,124.003],[-34.4899,117.442,124.003],[-55.421,112.392,78.9675],[-63.084,105.22,46.5277],[-60.8591,96.8968,24.7674],[[[0.665357,0.739015,-0.105625],[-0.367354,0.447292,0.815464],[0.649885,-0.503773,0.569089]],[[0.412077,0.864289,-0.288439],[-0.808931,0.492717,0.32072],[0.419313,0.101166,0.902187]],[[0.412077,0.864289,-0.288439],[-0.882995,0.456892,0.107563],[0.224751,0.210366,0.951437]],[[0.412077,0.864289,-0.288439],[-0.906176,0.355721,-0.228709],[-0.0950674,0.355622,0.929782]]],0],[1491,[-0.20254,0.436702,-0.876509],149,58.8075,[-85.1714,195.602,-8.47716],[-75.7547,197.046,-11.76],[190.827,17.5532,-73.2229],false,[-22.5687,136.526,116.548],[-59.9625,160.913,58.0715],[-67.71,181.621,21.2348],[-72.6055,192.176,0.0492318],[-76.3867,198.949,-15.1739],[[[0.782611,-0.207391,-0.586949],[0.359406,0.920385,0.154009],[0.508279,-0.331482,0.794841]],[[0.890935,-0.289335,-0.350028],[0.416792,0.827025,0.377247],[0.180331,-0.481991,0.857418]],[[0.890935,-0.289335,-0.350028],[0.406463,0.851808,0.330471],[0.20254,-0.436702,0.876509]],[[0.890935,-0.289335,-0.350028],[0.396555,0.871283,0.289153],[0.221312,-0.396422,0.890994]]],1],[1492,[-0.49293,0.518642,-0.698592],149,67.0064,[-93.8975,204.406,-10.5713],[-84.1174,205.873,-14.1013],[195.278,8.45153,-85.6067],false,[-12.7234,135.762,109.192],[-40.4135,156.6,48.6396],[-62.0824,184.307,15.684],[-76.0995,199.055,-4.18146],[-86.0252,207.852,-17.4947],[[[0.771273,-0.404113,-0.491764],[0.497613,0.864572,0.0699747],[0.396887,-0.298678,0.867912]],[[0.648029,-0.316928,-0.692543],[0.614781,0.754409,0.230025],[0.449559,-0.574825,0.68372]],[[0.648029,-0.316928,-0.692543],[0.580585,0.794083,0.179871],[0.49293,-0.518642,0.698592]],[[0.648029,-0.316928,-0.692543],[0.548708,0.824887,0.135946],[0.528184,-0.4681,0.708451]]],2],[1493,[-0.393348,-0.850525,0.349121],149,64.4285,[-67.1597,103.74,37.0948],[-53.4709,105.732,30.5384],[201.359,3.28039,-55.8745],false,[-3.17234,131.845,102.531],[-19.8938,147.7,44.2837],[-44.0506,135.548,8.71616],[-54.9471,111.987,18.3875],[-52.4856,104.018,35.1067],[[[0.78155,-0.507679,-0.36255],[0.563844,0.823529,0.0622931],[0.266945,-0.253107,0.92988]],[[0.782891,-0.508953,-0.357839],[0.307831,0.816697,-0.488104],[0.540668,0.271978,0.796057]],[[0.782891,-0.508953,-0.357839],[-0.482037,-0.132569,-0.866064],[0.393348,0.850525,-0.349121]],[[0.782891,-0.508953,-0.357839],[-0.60805,-0.747708,-0.266848],[-0.131745,0.426497,-0.894843]]],3],[1494,[-0.500991,-0.797619,0.335875],149,50.5107,[-48.3893,105.732,38.2808],[-34.1141,107.317,32.1044],[193.781,-4.3588,-41.0583],false,[4.40122,121.064,97.1492],[-2.8501,135.075,41.3513],[-25.3613,129.715,14.6155],[-35.16,114.115,21.1848],[-33.4833,105.259,35.8772],[[[0.703214,-0.662606,-0.257765],[0.699894,0.708922,0.0870514],[0.125055,-0.241624,0.962278]],[[0.665601,-0.603152,-0.439526],[0.389439,0.783094,-0.484873],[0.636642,0.151564,0.756118]],[[0.665601,-0.603152,-0.439526],[-0.553158,-0.0033598,-0.83307],[0.500991,0.797619,-0.335875]],[[0.665601,-0.603152,-0.439526],[-0.739941,-0.610102,-0.283307],[-0.0972785,0.513792,-0.852382]]],4]],[[0,200,0],[235.247,235.247,147.751]]],[234627,4287761363,[[149,"right",[-0.297832,0.428334,-0.853127],[-0.425924,-0.859425,-0.282804],[-30.5679,141.198,66.6286],[129.785,-17.5117,-67.8303],[-42.5907,141.399,71.5104],1,0,0.760563,[[0.510538,-0.0654146,-0.857363],[0.377963,0.91268,0.155432],[0.772331,-0.403406,0.490682]],63.72,[202.397,10.7338,243.061],[-6.13267,119.653,110.577]]],[[1490,[-0.20673,-0.204367,-0.956816],149,52.1164,[-65.3087,98.4388,32.3119],[-59.4344,98.5784,28.4603],[215.985,-3.88786,-133.495],false,[-34.0689,116.864,122.94],[-34.0689,116.864,122.94],[-54.1916,112.13,77.5044],[-61.2402,105.162,44.8812],[-58.229,96.8255,23.2208],[[[0.666622,0.73995,-0.0899372],[-0.38085,0.441832,0.812242],[0.640756,-0.507206,0.576345]],[[0.417666,0.865923,-0.275195],[-0.814278,0.491105,0.309462],[0.40312,0.0948332,0.91022]],[[0.417666,0.865923,-0.275195],[-0.88477,0.456521,0.0936554],[0.20673,0.204367,0.956816]],[[0.417666,0.865923,-0.275195],[-0.899444,0.351147,-0.260183],[-0.128665,0.356192,0.925512]]],0],[1491,[-0.188622,0.441777,-0.877072],149,58.8075,[-82.7047,196.01,-9.36657],[-73.1549,197.313,-12.9691],[214.636,19.6296,-89.2032],false,[-22.0371,136,115.805],[-58.483,160.752,56.8859],[-65.6541,181.66,20.0454],[-70.2132,192.338,-1.15375],[-73.7498,199.204,-16.394],[[[0.792198,-0.203258,-0.57542],[0.356379,0.919506,0.165837],[0.495394,-0.336444,0.800868]],[[0.896691,-0.286711,-0.337256],[0.409981,0.82521,0.388516],[0.166915,-0.486647,0.857504]],[[0.896691,-0.286711,-0.337256],[0.400458,0.850076,0.342058],[0.188622,-0.441777,0.877072]],[[0.896691,-0.286711,-0.337256],[0.391279,0.869652,0.30101],[0.206993,-0.401874,0.891993]]],1],[1492,[-0.483402,0.520373,-0.703942],149,67.0064,[-91.4693,204.69,-11.5733],[-81.5525,206.012,-15.4538],[214.686,7.76715,-102.162],false,[-12.0726,135.288,108.607],[-38.7803,156.508,47.7467],[-60.0216,184.285,14.5721],[-73.7679,199.082,-5.44553],[-83.5044,207.917,-18.8724],[[[0.779405,-0.400599,-0.481713],[0.495969,0.864296,0.0837109],[0.382808,-0.304159,0.872322]],[[0.659545,-0.312251,-0.683739],[0.608929,0.755257,0.24247],[0.440687,-0.576269,0.688265]],[[0.659545,-0.312251,-0.683739],[0.575606,0.794803,0.192266],[0.483402,-0.520373,0.703942]],[[0.659545,-0.312251,-0.683739],[0.544564,0.825504,0.148302],[0.518122,-0.470152,0.714498]]],2],[1493,[-0.389143,-0.850016,0.355022],149,64.4285,[-64.9313,104.024,36.2159],[-51.2295,105.765,29.7229],[213.091,1.84382,-59.0523],false,[-2.41204,131.418,102.078],[-18.1878,147.645,43.6689],[-41.8751,135.342,7.8385],[-52.6551,111.795,17.6733],[-50.2077,104.054,34.5013],[[[0.787623,-0.504999,-0.353024],[0.562337,0.82333,0.0768459],[0.251848,-0.259044,0.932453]],[[0.789039,-0.506461,-0.347727],[0.310401,0.817113,-0.485775],[0.530158,0.275361,0.80194]],[[0.789039,-0.506461,-0.347727],[-0.475378,-0.144811,-0.867782],[0.389143,0.850016,-0.355022]],[[0.789039,-0.506461,-0.347727],[-0.600215,-0.756208,-0.260558],[-0.130991,0.414302,-0.900664]]],3],[1494,[-0.493595,-0.799007,0.343442],149,50.5107,[-46.3489,105.899,37.5319],[-31.9448,107.215,31.5337],[206.018,-9.05351,-40.3742],false,[5.25384,120.675,96.7501],[-1.09213,135.046,40.9334],[-23.3165,129.395,14.0183],[-32.9707,113.768,20.7356],[-31.2456,105.108,35.5391],[[[0.707664,-0.660636,-0.250542],[0.698022,0.708619,0.103078],[0.109441,-0.247828,0.962603]],[[0.673654,-0.601019,-0.430076],[0.388763,0.783096,-0.485412],[0.628533,0.159802,0.76119]],[[0.673654,-0.601019,-0.430076],[-0.550049,-0.0190774,-0.834915],[0.493595,0.799007,-0.343442]],[[0.673654,-0.601019,-0.430076],[-0.732239,-0.621597,-0.278286],[-0.100079,0.502387,-0.858831]]],4]],[[0,200,0],[235.247,235.247,147.751]]],[234628,4287770017,[[149,"right",[-0.28415,0.438345,-0.852709],[-0.422532,-0.855598,-0.299029],[-29.214,140.743,65.6613],[136.867,-26.8236,-79.498],[-41.659,141.353,71.103],1,0,0.726456,[[0.513621,-0.0652393,-0.855533],[0.368761,0.917103,0.151452],[0.774731,-0.393276,0.495101]],63.72,[203.693,12.4857,243.412],[-5.48399,118.67,109.734]]],[[1490,[-0.187432,-0.192236,-0.963283],149,52.1164,[-61.968,98.547,30.1655],[-56.886,98.6049,26.6283],[244.598,-3.05133,-153.112],false,[-33.6106,115.779,121.634],[-33.6106,115.779,121.634],[-52.911,111.74,75.7759],[-59.3016,105.185,42.9321],[-55.1697,96.8102,21.4725],[[[0.668802,0.740015,-0.071292],[-0.392793,0.433147,0.811232],[0.631203,-0.51455,0.580362]],[[0.427163,0.867129,-0.256163],[-0.817336,0.491467,0.300704],[0.386645,0.0809214,0.918671]],[[0.427163,0.867129,-0.256163],[-0.884534,0.459492,0.0804119],[0.187432,0.192236,0.963283]],[[0.427163,0.867129,-0.256163],[-0.886771,0.346457,-0.305948],[-0.176547,0.357848,0.916939]]],0],[1491,[-0.175295,0.448304,-0.876524],149,58.8075,[-80.1039,196.397,-10.3388],[-70.5191,197.663,-14.0185],[237.377,21.3583,-99.296],false,[-21.4477,134.979,114.902],[-56.9526,160.444,55.7121],[-63.5537,181.646,18.9335],[-67.7907,192.482,-2.25242],[-71.0987,199.455,-17.4955],[[[0.800726,-0.19782,-0.565424],[0.354869,0.917091,0.181693],[0.482603,-0.346138,0.804539]],[[0.901674,-0.284363,-0.325764],[0.404199,0.821944,0.401288],[0.153649,-0.493504,0.856064]],[[0.901674,-0.284363,-0.325764],[0.395292,0.847444,0.354377],[0.175295,-0.448304,0.876524]],[[0.901674,-0.284363,-0.325764],[0.38665,0.867508,0.312941],[0.193614,-0.408127,0.892158]]],1],[1492,[-0.474839,0.525281,-0.706122],149,67.0064,[-88.9796,204.966,-12.6165],[-79.0019,206.321,-16.5372],[232.097,12.0375,-108.206],false,[-11.3744,134.334,107.85],[-37.1165,156.277,46.8298],[-57.9703,184.276,13.5965],[-71.473,199.213,-6.48307],[-81.0402,208.146,-19.9665],[[[0.786259,-0.39619,-0.474163],[0.495641,0.862622,0.101105],[0.368967,-0.31451,0.874612]],[[0.669436,-0.305262,-0.677252],[0.603881,0.754575,0.256797],[0.432647,-0.580889,0.689481]],[[0.669436,-0.305262,-0.677252],[0.5713,0.794289,0.206691],[0.474839,-0.525281,0.706122]],[[0.669436,-0.305262,-0.677252],[0.540984,0.82512,0.162828],[0.509109,-0.475385,0.717507]]],2],[1493,[-0.383991,-0.849641,0.361471],149,64.4285,[-62.474,104.271,35.2806],[-49.0343,105.696,28.8505],[224.708,-3.64455,-63.3396],false,[-1.619,130.525,101.427],[-16.4741,147.432,42.9693],[-39.8097,135.023,6.94522],[-50.447,111.486,16.9587],[-47.9807,103.934,33.8697],[[[0.79237,-0.502047,-0.346552],[0.562059,0.821647,0.0947991],[0.23715,-0.269899,0.933228]],[[0.793836,-0.503724,-0.340714],[0.311513,0.818001,-0.483564],[0.522287,0.277734,0.806275]],[[0.793836,-0.503724,-0.340714],[-0.471566,-0.156118,-0.867901],[0.383991,0.849641,-0.361471]],[[0.793836,-0.503724,-0.340714],[-0.593633,-0.76348,-0.25436],[-0.132001,0.40418,-0.905105]]],3],[1494,[-0.489418,-0.801129,0.344474],149,50.5107,[-44.0649,106.032,36.6974],[-29.877,107.058,30.6404],[215.972,-13.4289,-52.5351],false,[6.11534,119.833,96.0964],[0.6468,134.841,40.3548],[-21.2931,129.152,13.2155],[-30.8655,113.483,19.953],[-29.1378,104.906,34.8045],[[[0.710658,-0.658723,-0.24708],[0.697188,0.706463,0.121817],[0.0943092,-0.258832,0.961307]],[[0.680008,-0.597903,-0.424384],[0.390623,0.785252,-0.480409],[0.620486,0.160908,0