{"metadata":{"formatVersion":2,"generatedBy":"LeapJS Playback 0.2.1","frames":1,"protocolVersion":6,"serviceVersion":"2.2.6+29154","frameRate":"1.1e+2","modified":"Thu Jun 04 2015 13:55:57 GMT-0300 (E. South America Standard Time)"},"frames":[["id","timestamp",{"hands":[["id","type","direction","palmNormal","palmPosition","palmVelocity","stabilizedPalmPosition","pinchStrength","grabStrength","confidence","armBasis","armWidth","elbow","wrist"]]},{"pointables":[["id","direction","handId","length","stabilizedTipPosition","tipPosition","tipVelocity","tool","carpPosition","mcpPosition","pipPosition","dipPosition","btipPosition","bases","type"]]},{"interactionBox":["center","size"]}],[55057,1167016616,[[20,"right",[0.0200427,0.990796,-0.13387],[-0.167814,-0.128663,-0.977386],[7.63101,152.484,29.3439],[-78.5726,6.46767,34.4202],[10.5331,152.198,28.148],0.901092,1,0.45924,[[0.951072,0.022454,-0.308152],[0.103062,0.917179,0.384918],[0.291274,-0.397843,0.869989]],63.72,[93.4306,-8.20097,274.444],[14.7867,99.2167,39.5474]]],[[200,[0.205952,0.651963,-0.729745],20,52.1164,[-7.43335,154.467,-26.8766],[-8.31349,155.465,-26.8757],[-90.5226,7.56609,47.1363],false,[-15.1922,95.6356,34.1162],[-15.1922,95.6356,34.1162],[-31.8984,132.933,5.45252],[-24.8764,155.162,-19.4286],[-3.31656,154.303,-28.4931],[[[0.550617,0.291494,0.78221],[-0.72599,-0.295287,0.621082],[0.412018,-0.909855,0.0490316]],[[0.312472,0.662876,0.680409],[-0.889018,-0.0482894,0.455318],[0.334676,-0.74717,0.57422]],[[0.312472,0.662876,0.680409],[-0.927332,0.368156,0.0671992],[-0.205952,-0.651963,0.729745]],[[0.312472,0.662876,0.680409],[-0.231775,0.747829,-0.622118],[-0.921217,0.0366923,0.387314]]],0],[201,[0.192095,-0.978206,-0.0788206],20,58.8075,[-14.8218,137.852,-5.55935],[-15.2985,137.927,-4.37431],[-82.8863,18.3019,31.3022],false,[-3.74709,108.414,50.4747],[-16.1811,178.586,32.2062],[-23.8071,172.54,-9.63929],[-19.1641,148.896,-11.5444],[-14.3841,134.681,-3.35804],[[[0.974988,0.124899,-0.183844],[0.14434,0.273176,0.951074],[0.16901,-0.953821,0.248316]],[[0.957381,0.204445,-0.204019],[-0.227845,0.968706,-0.0984606],[0.177505,0.140749,0.974003]],[[0.957381,0.204445,-0.204019],[-0.215687,0.0362702,-0.975789],[-0.192095,0.978206,0.0788206]],[[0.957381,0.204445,-0.204019],[-0.0717783,-0.515796,-0.853699],[-0.279767,0.831959,-0.479139]]],1],[202,[-0.0198628,-0.999801,0.00187725],20,67.0064,[-6.66536,130.533,-7.31121],[-7.77656,130.885,-7.27118],[-76.0417,15.4511,46.8995],false,[8.27522,110.962,49.708],[5.89072,178.048,30.6974],[-9.38194,171.052,-14.4808],[-9.94677,142.621,-14.4274],[-6.8708,127.098,-4.29213],[[[0.94987,-0.0535263,-0.308028],[0.31077,0.269352,0.911521],[0.0341775,-0.961553,0.272484]],[[0.948063,-0.0194311,-0.317487],[-0.0278723,0.989218,-0.143774],[0.316858,0.145156,0.9373]],[[0.948063,-0.0194311,-0.317487],[-0.31746,0.00452644,-0.948261],[0.0198628,0.999801,-0.00187725]],[[0.948063,-0.0194311,-0.317487],[-0.272732,-0.563298,-0.779944],[-0.163685,0.826025,-0.539342]]],2],[203,[-0.230171,-0.970453,0.0724057],20,64.4285,[5.73217,126.15,-3.28659],[4.45308,126.522,-3.51021],[-76.9297,19.7354,35.9227],false,[20.139,111.339,46.5396],[27.3019,170.738,27.9835],[11.1469,164.851,-13.2551],[4.77072,137.967,-11.2494],[4.7082,122.896,-0.20682],[[[0.918399,-0.214595,-0.332405],[0.378771,0.23405,0.895407],[-0.11435,-0.948246,0.296233]],[[0.914824,-0.241147,-0.323952],[0.179893,0.961503,-0.207726],[0.361573,0.131756,0.922987]],[[0.914824,-0.241147,-0.323952],[-0.331841,0.00832588,-0.943299],[0.230171,0.970453,-0.0724057]],[[0.914824,-0.241147,-0.323952],[-0.403839,-0.539591,-0.738753],[0.0033464,0.806653,-0.591016]]],3],[204,[-0.487859,-0.865591,0.112899],20,50.5107,[20.2886,132.057,-0.766329],[16.7633,133.203,-0.00362544],[-76.1732,17.8913,34.0957],false,[30.5505,107.56,37.6023],[45.457,161.29,21.6901],[28.925,160.214,-9.54779],[19.3831,143.284,-7.33962],[16.1929,129.876,3.01249],[[[0.823698,-0.358604,-0.439232],[0.505404,0.113122,0.855435],[-0.257076,-0.92661,0.274418]],[[0.777499,-0.489677,-0.394604],[0.420592,0.871372,-0.252611],[0.467544,0.0304374,0.883445]],[[0.777499,-0.489677,-0.394604],[-0.396849,0.104732,-0.911889],[0.487859,0.865591,-0.112899]],[[0.777499,-0.489677,-0.394604],[-0.601032,-0.393917,-0.695406],[0.185083,0.777847,-0.600582]]],4]],[[0,200,0],[235.247,235.247,147.751]]]]}