{"metadata":{"formatVersion":2,"generatedBy":"LeapJS Playback 0.2.1","frames":1,"protocolVersion":6,"serviceVersion":"2.2.6+29154","frameRate":"1.1e+2","modified":"Thu Jun 04 2015 13:56:19 GMT-0300 (E. South America Standard Time)"},"frames":[["id","timestamp",{"hands":[["id","type","direction","palmNormal","palmPosition","palmVelocity","stabilizedPalmPosition","pinchStrength","grabStrength","confidence","armBasis","armWidth","elbow","wrist"]]},{"pointables":[["id","direction","handId","length","stabilizedTipPosition","tipPosition","tipVelocity","tool","carpPosition","mcpPosition","pipPosition","dipPosition","btipPosition","bases","type"]]},{"interactionBox":["center","size"]}],[55119,1167577415,[[20,"right",[-0.00251105,0.99408,-0.108621],[-0.240987,-0.106022,-0.96472],[-2.87348,152.725,36.7755],[4.22585,-5.1278,7.67072],[1.05343,153.32,32.8978],0.955939,1,0.41127,[[0.939112,0.0199475,-0.343031],[0.111296,0.926837,0.35859],[0.325087,-0.374934,0.868184]],63.72,[93.4746,-1.9105,279.39],[5.70125,99.3218,44.9805]]],[[200,[0.147898,0.65511,-0.740917],20,52.1164,[-20.6224,153.401,-19.1176],[-22.5981,152.628,-17.0968],[-5.19709,-4.00905,9.30847],false,[-24.5606,95.4522,41.7702],[-24.5606,95.4522,41.7702],[-44.0449,132.237,14.2206],[-39.0023,154.574,-11.0414],[-17.2213,151.659,-19.0925],[[[0.605592,0.279247,0.74517],[-0.67232,-0.321423,0.666838],[0.425728,-0.904825,-0.00690771]],[[0.334221,0.671975,0.660868],[-0.857869,-0.0734989,0.508585],[0.39033,-0.736918,0.551901]],[[0.334221,0.671975,0.660868],[-0.930818,0.345371,0.119568],[-0.147898,-0.65511,0.740917]],[[0.334221,0.671975,0.660868],[-0.148847,0.730023,-0.667016],[-0.930667,0.124563,0.344011]]],0],[201,[0.196465,-0.972653,-0.123887],20,58.8075,[-24.7107,139.23,-0.28834],[-28.2694,138.729,4.10973],[-5.95752,-2.82644,14.2253],false,[-12.0478,107.971,57.5371],[-26.7136,178.402,42.1479],[-37.4744,173.348,0.863159],[-32.7258,149.839,-2.13124],[-27.1601,135.448,5.20818],[[[0.956326,0.143491,-0.25466],[0.213781,0.250809,0.944136],[0.199346,-0.957343,0.209179]],[[0.936126,0.223653,-0.271381],[-0.246846,0.967543,-0.0541102],[0.250471,0.117643,0.96095]],[[0.936126,0.223653,-0.271381],[-0.291667,0.0626567,-0.954465],[-0.196465,0.972653,0.123887]],[[0.936126,0.223653,-0.271381],[-0.132492,-0.490532,-0.861292],[-0.325752,0.842234,-0.429568]]],1],[202,[0.0129135,-0.999817,0.014136],20,67.0064,[-15.7079,132.16,-0.484837],[-19.8621,131.827,2.81377],[-6.75123,-3.59897,12.549],false,[-0.152424,110.71,55.9191],[-4.81858,178.218,38.9377],[-23.4494,171.943,-5.07129],[-23.0822,143.512,-4.66932],[-18.636,128.389,5.56236],[[[0.923915,-0.0320418,-0.381254],[0.376707,0.250378,0.891854],[0.066881,-0.967618,0.243398]],[[0.920535,0.00636685,-0.390609],[-0.0566682,0.991468,-0.117387],[0.386529,0.130194,0.913042]],[[0.920535,0.00636685,-0.390609],[-0.390447,-0.0180568,-0.920448],[-0.0129135,0.999817,-0.014136]],[[0.920535,0.00636685,-0.390609],[-0.310864,-0.593621,-0.742279],[-0.2366,0.804719,-0.54447]]],2],[203,[-0.175506,-0.975014,0.136182],20,64.4285,[-1.85242,128.224,2.40308],[-6.52772,127.895,6.90727],[-3.93566,-5.19966,13.3199],false,[11.4265,111.337,51.8617],[16.4083,171.287,34.397],[-2.86822,165.886,-5.54695],[-7.73008,138.876,-1.77443],[-5.793,124.668,10.2034],[[[0.892643,-0.192868,-0.40742],[0.443694,0.216476,0.86964],[-0.0795294,-0.957048,0.27881]],[[0.890431,-0.216216,-0.400479],[0.144893,0.968835,-0.20091],[0.431438,0.12087,0.894009]],[[0.890431,-0.216216,-0.400479],[-0.419918,-0.0509744,-0.90613],[0.175506,0.975014,-0.136182]],[[0.890431,-0.216216,-0.400479],[-0.443153,-0.612351,-0.654707],[-0.103676,0.760445,-0.641073]]],3],[204,[-0.413577,-0.890144,0.191305],20,50.5107,[12.1213,134.31,3.95957],[6.08999,134.163,8.69519],[-2.48828,-7.42296,7.97279],false,[21.1646,107.937,42.0552],[34.1397,162.263,26.4813],[15.1251,161.547,-3.32147],[7.03607,144.137,0.42023],[6.28692,131.13,11.7053],[[[0.791775,-0.335439,-0.510464],[0.56835,0.0984335,0.816878],[-0.223766,-0.936905,0.268584]],[[0.756517,-0.452884,-0.471781],[0.372159,0.891339,-0.258867],[0.537754,0.0202595,0.842859]],[[0.756517,-0.452884,-0.471781],[-0.506592,0.0503922,-0.860712],[0.413577,0.890144,-0.191305]],[[0.756517,-0.452884,-0.471781],[-0.652528,-0.474795,-0.590574],[0.0434623,0.75463,-0.65471]]],4]],[[0,200,0],[235.247,235.247,147.751]]]]}