{"metadata":{"formatVersion":2,"generatedBy":"LeapJS Playback 0.2.1","frames":1,"protocolVersion":6,"serviceVersion":"2.2.6+29154","frameRate":"1.1e+2","modified":"Thu Jun 04 2015 13:56:37 GMT-0300 (E. South America Standard Time)"},"frames":[["id","timestamp",{"hands":[["id","type","direction","palmNormal","palmPosition","palmVelocity","stabilizedPalmPosition","pinchStrength","grabStrength","confidence","armBasis","armWidth","elbow","wrist"]]},{"pointables":[["id","direction","handId","length","stabilizedTipPosition","tipPosition","tipVelocity","tool","carpPosition","mcpPosition","pipPosition","dipPosition","btipPosition","bases","type"]]},{"interactionBox":["center","size"]}],[55438,1170514557,[[20,"right",[-0.259854,0.889953,-0.37478],[-0.334119,-0.447003,-0.829791],[-62.5525,159.364,37.8553],[-10.4628,-5.06445,-4.30753],[-59.4166,159.98,38.5878],0.873408,1,0.401146,[[0.879083,0.12171,-0.460869],[0.137949,0.860519,0.490384],[0.456271,-0.494665,0.739678]],63.72,[83.0225,-19.6325,258.239],[-40.1708,113.927,58.5261]]],[[200,[-0.0010128,0.44208,-0.896975],20,52.1164,[-83.2023,148.165,-15.1552],[-82.234,146.679,-14.9138],[34.9513,-16.1959,20.8356],false,[-68.7185,103.477,62.635],[-68.7185,103.477,62.635],[-93.5614,130.457,28.7724],[-93.596,145.53,-1.81049],[-77.1861,146.91,-18.4399],[[[0.612712,0.609848,0.502662],[-0.478311,-0.220167,0.850144],[0.629128,-0.761322,0.156798]],[[0.348814,0.840795,0.413997],[-0.794131,0.0305875,0.606976],[0.497679,-0.54049,0.67837]],[[0.348814,0.840795,0.413997],[-0.937191,0.312458,0.155055],[0.0010128,-0.44208,0.896975]],[[0.348814,0.840795,0.413997],[-0.621844,0.538132,-0.568968],[-0.70117,-0.0589773,0.710551]]],0],[201,[0.38689,-0.9208,0.0494305],20,58.8075,[-86.7488,134.039,13.6],[-89.794,132.721,13.5621],[-8.40256,-5.22628,-6.5151],false,[-57.6587,122.469,71.5148],[-91.01,180.316,40.6301],[-107.177,163.329,4.63213],[-97.8253,141.073,5.82689],[-87.9516,130.649,15.0876],[[[0.849511,0.238545,-0.470561],[0.269857,0.569948,0.776104],[0.453331,-0.786293,0.419804]],[[0.803779,0.310479,-0.507486],[-0.460805,0.864446,-0.200976],[0.376296,0.395393,0.837894]],[[0.803779,0.310479,-0.507486],[-0.451946,-0.236073,-0.860241],[-0.38689,0.9208,-0.0494305]],[[0.803779,0.310479,-0.507486],[-0.141346,-0.728936,-0.669831],[-0.577893,0.610127,-0.542019]]],1],[202,[0.137849,-0.983372,0.118222],20,67.0064,[-81.1663,128.807,7.32279],[-83.9021,127.685,7.33333],[-6.99751,-5.3205,-3.27248],false,[-47.1186,126.808,66.8569],[-70.3634,183.372,33.2738],[-94.185,165.678,-4.7095],[-90.2651,137.714,-1.34769],[-82.3093,124.644,9.56222],[[[0.844413,0.0294396,-0.534884],[0.419479,0.58467,0.694405],[0.333173,-0.810737,0.481353]],[[0.835147,0.0512332,-0.547636],[-0.241407,0.928772,-0.281256],[0.49422,0.367093,0.788029]],[[0.835147,0.0512332,-0.547636],[-0.532473,-0.174224,-0.828323],[-0.137849,0.983372,-0.118222]],[[0.835147,0.0512332,-0.547636],[-0.351134,-0.716702,-0.602531],[-0.423361,0.695495,-0.580561]]],2],[203,[0.0213916,-0.965478,0.259606],20,64.4285,[-64.2192,127.707,7.68806],[-67.3395,125.06,9.32494],[10.5802,-17.9989,23.8659],false,[-36.6915,128.36,60.5483],[-48.8866,179.607,26.6544],[-71.972,160.939,-6.73513],[-71.3794,134.193,0.456472],[-65.4799,121.677,13.0114],[[[0.850197,-0.134347,-0.509034],[0.489144,0.559137,0.669406],[0.194687,-0.818118,0.541092]],[[0.846796,-0.120543,-0.518079],[-0.126374,0.900504,-0.41608],[0.516687,0.417807,0.74731]],[[0.846796,-0.120543,-0.518079],[-0.531487,-0.230916,-0.814984],[-0.0213916,0.965478,-0.259606]],[[0.846796,-0.120543,-0.518079],[-0.428062,-0.732599,-0.529208],[-0.315752,0.669901,-0.671962]]],3],[204,[-0.23954,-0.908057,0.343589],20,50.5107,[-52.8644,135.726,8.89924],[-55.8547,134.355,8.95187],[-0.634443,-7.82576,3.41802],false,[-27.8142,124.011,50.3091],[-30.7057,172.165,18.1363],[-52.618,160.659,-7.11711],[-57.3031,142.898,-0.396921],[-55.1014,131.347,12.206],[[[0.77443,-0.318659,-0.546548],[0.630692,0.456944,0.62724],[0.0498662,-0.830457,0.554846]],[[0.775783,-0.391802,-0.494624],[0.118867,0.86058,-0.49525],[0.619703,0.325412,0.714195]],[[0.775783,-0.391802,-0.494624],[-0.583765,-0.148068,-0.798307],[0.23954,0.908057,-0.343589]],[[0.775783,-0.391802,-0.494624],[-0.617937,-0.630404,-0.469835],[-0.127731,0.670136,-0.731165]]],4]],[[0,200,0],[235.247,235.247,147.751]]]]}