{"metadata":{"formatVersion":2,"generatedBy":"LeapJS Playback 0.2.1","frames":1,"protocolVersion":6,"serviceVersion":"2.2.6+29154","frameRate":"1.1e+2","modified":"Thu Jun 04 2015 13:57:05 GMT-0300 (E. South America Standard Time)"},"frames":[["id","timestamp",{"hands":[["id","type","direction","palmNormal","palmPosition","palmVelocity","stabilizedPalmPosition","pinchStrength","grabStrength","confidence","armBasis","armWidth","elbow","wrist"]]},{"pointables":[["id","direction","handId","length","stabilizedTipPosition","tipPosition","tipVelocity","tool","carpPosition","mcpPosition","pipPosition","dipPosition","btipPosition","bases","type"]]},{"interactionBox":["center","size"]}],[55492,1171002575,[[20,"right",[-0.178717,0.932416,-0.314103],[-0.32218,-0.357101,-0.876743],[-35.6002,160.947,40.6312],[89.2574,-0.981007,17.5806],[-44.5606,160.742,39.3629],0.875412,1,0.373492,[[0.90833,0.085731,-0.409374],[0.145823,0.852442,0.502074],[0.392011,-0.515745,0.761797]],63.72,[88.3717,-26.6894,264.289],[-17.4711,112.562,58.6039]]],[[200,[0.0110132,0.514604,-0.857357],20,52.1164,[-69.6342,152.181,-13.2851],[-59.9208,154.277,-11.8865],[61.8644,10.4082,2.55696],false,[-46.8418,103.932,60.5933],[-46.8418,103.932,60.5933],[-72.8431,133.964,30.3637],[-72.4676,151.509,1.13155],[-57.4375,155.358,-16.3902],[[[0.627384,0.523675,0.576328],[-0.534351,-0.248848,0.807802],[0.566443,-0.814763,0.123703]],[[0.359465,0.798054,0.483627],[-0.77425,-0.0342256,0.631953],[0.520885,-0.601613,0.605591]],[[0.359465,0.798054,0.483627],[-0.933094,0.313516,0.176193],[-0.0110132,-0.514604,0.857357]],[[0.359465,0.798054,0.483627],[-0.677011,0.579716,-0.453415],[-0.642216,-0.164434,0.748679]]],0],[201,[0.303426,-0.952518,-0.0253453],20,58.8075,[-72.4412,137.905,10.9384],[-64.1831,138.809,12.1062],[75.5817,7.19743,25.0376],false,[-34.9564,121.34,71.4379],[-62.6471,183.64,43.7907],[-78.3341,171.322,5.73873],[-71.0002,148.3,5.12612],[-62.5108,136.231,13.7402],[[[0.886451,0.211258,-0.411794],[0.269326,0.488119,0.830183],[0.376387,-0.846823,0.375797]],[[0.851034,0.28287,-0.442409],[-0.377384,0.915303,-0.140718],[0.365133,0.286714,0.885705]],[[0.851034,0.28287,-0.442409],[-0.428572,-0.112669,-0.896455],[-0.303426,0.952518,0.0253453]],[[0.851034,0.28287,-0.442409],[-0.16988,-0.648888,-0.741677],[-0.496872,0.706349,-0.504171]]],1],[202,[0.0636025,-0.995773,0.066257],20,67.0064,[-64.845,132.148,6.48521],[-57.4647,132.99,7.47597],[68.8092,8.37098,15.9438],false,[-23.922,125.243,67.6138],[-41.4964,185.737,37.628],[-64.3529,172.269,-2.61472],[-62.5443,143.953,-0.730609],[-56.128,129.751,9.77057],[[[0.870164,0.0085785,-0.492688],[0.423512,0.498097,0.756661],[0.251898,-0.867079,0.429793]],[[0.86613,0.0220974,-0.49933],[-0.157969,0.959916,-0.23153],[0.474198,0.279414,0.834903]],[[0.86613,0.0220974,-0.49933],[-0.495755,-0.0891458,-0.863875],[-0.0636025,0.995773,-0.066257]],[[0.86613,0.0220974,-0.49933],[-0.365017,-0.654494,-0.662118],[-0.341439,0.755744,-0.558811]]],2],[203,[-0.0745548,-0.986767,0.143986],20,64.4285,[-49.7806,129.204,8.29235],[-41.1424,130.158,8.84546],[68.5593,6.59391,7.15974],false,[-13.1097,126.508,61.9194],[-20.026,180.935,31.6941],[-42.7609,168.701,-4.7712],[-44.8263,141.366,-0.782492],[-40.5192,127.267,10.6965],[[[0.86333,-0.156686,-0.479699],[0.492413,0.469543,0.732843],[0.110413,-0.868895,0.482525]],[[0.860556,-0.136619,-0.490692],[-0.0228588,0.952029,-0.305154],[0.508843,0.273819,0.816151]],[[0.860556,-0.136619,-0.490692],[-0.503871,-0.0873248,-0.859354],[0.0745548,0.986767,-0.143986]],[[0.860556,-0.136619,-0.490692],[-0.454206,-0.641819,-0.617871],[-0.230523,0.754588,-0.614375]]],3],[204,[-0.30873,-0.913353,0.265466],20,50.5107,[-35.8549,137.057,10.3857],[-28.4561,137.491,11.0442],[72.9934,3.09188,0.228795],false,[-4.05201,122.317,51.773],[-1.99816,172.861,23.4305],[-23.3486,165.1,-3.66552],[-29.387,147.236,1.52669],[-28.3443,134.772,13.3871],[[[0.776998,-0.331612,-0.535077],[0.628505,0.360835,0.689042],[-0.0354203,-0.871683,0.488788]],[[0.771269,-0.403728,-0.492085],[0.201369,0.888159,-0.413068],[0.603817,0.219495,0.766307]],[[0.771269,-0.403728,-0.492085],[-0.556624,-0.0528244,-0.829084],[0.30873,0.913353,-0.265466]],[[0.771269,-0.403728,-0.492085],[-0.633628,-0.560467,-0.533284],[-0.0604963,0.723104,-0.688084]]],4]],[[0,200,0],[235.247,235.247,147.751]]]]}