{"metadata":{"formatVersion":2,"generatedBy":"LeapJS Playback 0.2.1","frames":75,"protocolVersion":6,"serviceVersion":"2.2.6+29154","frameRate":"78","modified":"Thu Jun 04 2015 14:50:32 GMT-0300 (E. South America Standard Time)"},"frames":[["id","timestamp",{"hands":[["id","type","direction","palmNormal","palmPosition","palmVelocity","stabilizedPalmPosition","pinchStrength","grabStrength","confidence","armBasis","armWidth","elbow","wrist"]]},{"pointables":[["id","direction","handId","length","stabilizedTipPosition","tipPosition","tipVelocity","tool","carpPosition","mcpPosition","pipPosition","dipPosition","btipPosition","bases","type"]]},{"interactionBox":["center","size"]}],[243732,4440047171,[[158,"left",[-0.21562,0.565941,-0.795751],[0.81035,-0.350982,-0.469195],[-91.7,176.629,68.184],[-112.556,118.395,-127.384],[-89.8959,174.837,70.3764],0,1,0.413376,[[-0.467357,-0.740756,-0.482553],[-0.6055,0.665917,-0.435802],[-0.644164,-0.0885111,0.759749]],63.3365,[-260.612,118.353,313.907],[-87.7344,142.107,110.009]],[159,"right",[0.0985303,0.348739,-0.932026],[-0.994929,0.0155195,-0.0993732],[59.3121,114.237,48.691],[-42.2233,-45.7893,104.142],[60.3321,115.369,46.3745],0.215272,0,0.453794,[[0.134228,-0.956897,-0.257547],[0.627591,0.283221,-0.7252],[0.766885,-0.0642922,0.638556]],58.1766,[247.565,74.6119,250.02],[58.5191,90.4606,92.6085]]],[[1580,[-0.300987,0.858245,-0.41572],158,51.8027,[-84.2351,241.285,97.1104],[-89.6988,251.303,94.3654],[-96.1237,119.404,-213.138],false,[-62.8633,157.553,118.53],[-62.8633,157.553,118.53],[-74.6791,205.099,110.679],[-84.8797,234.185,96.5903],[-90.8086,256.086,91.4547],[[[-0.986112,0.124171,0.110294],[0.160226,0.536478,0.828565],[-0.0437136,-0.83473,0.548922]],[[-0.936287,-0.183199,0.299674],[0.258177,0.21951,0.940829],[0.23814,-0.958255,0.158227]],[[-0.936287,-0.183199,0.299674],[0.181034,0.479431,0.858704],[0.300987,-0.858245,0.41572]],[[-0.936287,-0.183199,0.299674],[0.241681,0.283076,0.928148],[0.254866,-0.941438,0.220765]]],0],[1581,[0.304403,-0.737359,0.603026],158,58.4535,[-42.8884,167.25,68.0179],[-44.448,169.871,64.2245],[-116.348,132.598,-154.293],false,[-85.2741,164.414,116.116],[-85.24,210.011,58.9456],[-50.5955,194.53,39.3572],[-43.2823,176.815,53.8449],[-45.8641,168.013,68.1375],[[[-0.573299,-0.640392,-0.511103],[-0.819346,0.448439,0.357176],[-0.000466562,-0.623539,0.781792]],[[-0.573268,-0.647398,-0.502235],[-0.114887,0.670409,-0.733044],[-0.811273,0.36253,0.458702]],[[-0.573268,-0.647398,-0.502235],[0.760725,-0.192814,-0.619774],[-0.304403,0.737359,-0.603026]],[[-0.573268,-0.647398,-0.502235],[0.805141,-0.558813,-0.198686],[0.152026,0.51827,-0.841596]]],1],[1582,[0.394986,-0.621708,0.676362],158,66.6031,[-43.4113,154.037,68.5681],[-45.4064,157.656,64.553],[-122.761,133.275,-142.812],false,[-93.6014,157.784,110.074],[-98.9307,194.496,51.4823],[-56.2266,182.084,33.6585],[-45.0622,164.511,52.776],[-46.7177,155.575,69.095],[[[-0.419957,-0.785748,-0.454132],[-0.904285,0.319919,0.282703],[0.0768478,-0.529388,0.844892]],[[-0.421176,-0.776843,-0.468108],[-0.167729,0.573929,-0.801544],[-0.891335,0.259075,0.372024]],[[-0.421176,-0.776843,-0.468108],[0.816454,-0.0999712,-0.56869],[-0.394986,0.621708,-0.676362]],[[-0.421176,-0.776843,-0.468108],[0.902638,-0.409454,-0.132636],[0.0886314,0.478396,-0.87366]]],2],[1583,[0.546707,-0.494246,0.675894],158,64.0407,[-49.8768,142.176,66.5841],[-52.1781,146.752,61.8391],[-107.716,127.181,-139.941],false,[-99.5764,148.954,104.12],[-109.384,174.662,48.2661],[-69.2252,166.108,31.3417],[-54.1714,152.498,49.9526],[-52.4484,144.817,66.7731],[[[-0.334699,-0.876954,-0.34486],[-0.929067,0.245925,0.276324],[0.157514,-0.412883,0.89706]],[[-0.337686,-0.868796,-0.362163],[-0.261333,0.456175,-0.850653],[-0.904253,0.192608,0.381088]],[[-0.337686,-0.868796,-0.362163],[0.766211,-0.0302429,-0.641876],[-0.546707,0.494246,-0.675894]],[[-0.337686,-0.868796,-0.362163],[0.936675,-0.272245,-0.220277],[-0.092779,0.413613,-0.905713]]],3],[1584,[0.859806,0.0234997,-0.510081],158,50.2067,[-59.1769,157.783,7.31693],[-59.5037,157.622,7.63407],[-147.633,101.275,-143.981],false,[-99.4902,136.219,97.9611],[-114.62,154.24,45.3469],[-88.3912,157.654,22.2025],[-71.6756,158.111,12.286],[-56.1774,157.861,4.98648],[[[-0.156078,-0.947345,-0.279601],[-0.952225,0.0690827,0.297482],[0.262503,-0.312674,0.912868]],[[-0.170503,-0.928392,-0.330177],[-0.643435,0.358681,-0.676269],[-0.746271,-0.097141,0.658516]],[[-0.170503,-0.928392,-0.330177],[-0.481314,0.370858,-0.79423],[-0.859806,-0.0234997,0.510081]],[[-0.170503,-0.928392,-0.330177],[-0.390715,0.371315,-0.842299],[-0.904583,0.0146097,0.426047]]],4],[1590,[-0.311813,0.833777,-0.455619],159,47.5824,[18.7707,191.638,55.7953],[16.3285,187.088,56.5325],[-67.8791,-45.9742,142.539],false,[47.8753,113.915,103.611],[47.8753,113.915,103.611],[30.7046,147.179,77.6163],[20.9981,173.134,63.4331],[15.2339,192.016,55.2588],[[[0.917243,-0.322914,-0.233222],[0.390244,0.611124,0.688649],[-0.0798464,-0.722671,0.686564]],[[0.854969,0.0370291,-0.517355],[0.356486,0.682574,0.637974],[0.376757,-0.729878,0.570379]],[[0.854969,0.0370291,-0.517355],[0.414488,0.550858,0.7244],[0.311813,-0.833777,0.455619]],[[0.854969,0.0370291,-0.517355],[0.443007,0.466639,0.765502],[0.269764,-0.883672,0.382558]]],0],[1591,[-0.768675,-0.334301,0.545327],159,53.6915,[14.1136,148.5,32.1501],[12.7901,141.749,35.0297],[-16.3866,-116.679,167.298],false,[66.7483,110.144,93.7136],[63.0618,143.587,35.5783],[32.183,154.259,13.8711],[15.2201,146.881,25.9052],[13.7701,139.322,39.4729],[[[0.0364476,-0.865234,-0.500042],[0.997827,0.0589898,-0.0293407],[0.0548839,-0.497886,0.865504]],[[0.037495,-0.874637,-0.483326],[0.615524,0.401237,-0.678336],[0.787226,-0.272064,0.553404]],[[0.037495,-0.874637,-0.483326],[-0.638539,0.351074,-0.684847],[0.768675,0.334301,-0.545327]],[[0.037495,-0.874637,-0.483326],[-0.994964,0.012317,-0.0994754],[0.092958,0.484622,-0.86977]]],1],[1592,[-0.960092,0.0255334,0.278516],159,61.1771,[1.66449,142.019,16.8416],[-0.478175,137.351,18.9974],[-79.5926,-107.285,128.369],false,[68.6749,100.881,87.6414],[65.4399,124.749,28.6722],[33.2083,139.057,2.34694],[8.28186,139.72,9.57793],[-2.96749,136.517,22.1302],[[[-0.127115,-0.921839,-0.366134],[0.990587,-0.0990828,-0.0944472],[0.0507875,-0.374693,0.925757]],[[-0.126213,-0.928215,-0.349982],[0.669056,0.180831,-0.720878],[0.732417,-0.325141,0.598204]],[[-0.126213,-0.928215,-0.349982],[-0.249587,0.371167,-0.894395],[0.960092,-0.0255334,-0.278516]],[[-0.126213,-0.928215,-0.349982],[-0.744428,0.321809,-0.585035],[0.655665,0.186697,-0.731606]]],2],[1593,[-0.934336,0.118061,0.33627],159,58.8234,[4.8725,121.983,17.4171],[3.18071,117.692,20.2366],[-61.4372,-108.233,153.199],false,[68.0324,90.7916,82.7839],[65.2624,103.996,27.2077],[34.7236,115.04,2.52019],[11.0924,118.026,11.0251],[0.795196,117.338,24.6078],[[[-0.192567,-0.956821,-0.217742],[0.980088,-0.176585,-0.0908052],[0.0484344,-0.230892,0.971773]],[[-0.191316,-0.962215,-0.193753],[0.634779,0.0292672,-0.77214],[0.748635,-0.270713,0.605194]],[[-0.191316,-0.962215,-0.193753],[-0.300689,0.245364,-0.921619],[0.934336,-0.118061,-0.33627]],[[-0.191316,-0.962215,-0.193753],[-0.773964,0.26929,-0.573117],[0.603638,0.0403117,-0.796239]]],3],[1594,[-0.563371,-0.0525294,-0.824532],159,46.1165,[29.3845,82.5222,-27.9774],[29.2884,80.4761,-25.4409],[-60.9999,-89.7847,134.032],false,[61.2516,79.9854,80.3154],[60.9609,84.9304,27.6069],[45.4544,81.8222,-0.537076],[35.3942,80.8842,-15.261],[25.672,80.5447,-27.6313],[[[-0.344941,-0.934696,-0.0857896],[0.938608,-0.342956,-0.0373536],[0.00549222,-0.0934076,0.995613]],[[-0.320097,-0.906156,0.27644],[0.816592,-0.411839,-0.404433],[0.480328,0.0962808,0.871789]],[[-0.320097,-0.906156,0.27644],[0.761676,-0.419669,-0.493688],[0.563371,0.0525294,0.824532]],[[-0.320097,-0.906156,0.27644],[0.718252,-0.422393,-0.5529],[0.61778,0.0215716,0.786055]]],4]],[[0,200,0],[235.247,235.247,147.751]]],[243733,4440055780,[[158,"left",[-0.22029,0.57971,-0.78448],[0.807114,-0.343293,-0.480331],[-92.1558,175.939,67.7267],[-96.7938,65.9166,-107.748],[-90.4467,175.105,69.7305],0,1,0.313607,[[-0.479739,-0.735676,-0.478154],[-0.591743,0.673651,-0.442758],[-0.647835,-0.0705356,0.758508]],63.3365,[-261.81,121.769,312.488],[-87.9477,140.699,108.924]],[159,"right",[0.0937047,0.349576,-0.93221],[-0.995325,0.0108718,-0.095972],[58.6721,113.853,49.774],[-50.717,-45.4804,109.867],[60.1172,115.173,46.8145],0.198075,0,0.447875,[[0.136586,-0.956013,-0.259584],[0.6232,0.286614,-0.72765],[0.770043,-0.0623856,0.634934]],58.1766,[247.965,74.6766,250.202],[58.1409,90.0553,93.6839]]],[[1580,[-0.294727,0.86348,-0.409314],158,51.8027,[-84.4932,241.755,96.8478],[-89.4048,250.039,94.2313],[-54.9758,50.6614,-166.115],false,[-63.0125,155.981,117.551],[-63.0125,155.981,117.551],[-74.4624,203.692,110.171],[-84.4508,232.956,96.2994],[-90.2714,254.881,91.147],[[[-0.985307,0.122808,0.118696],[0.165852,0.522009,0.83666],[-0.0407886,-0.844053,0.534707]],[[-0.937761,-0.179017,0.297585],[0.259522,0.208159,0.943037],[0.230765,-0.961573,0.148744]],[[-0.937761,-0.179017,0.297585],[0.183685,0.471545,0.862499],[0.294727,-0.86348,0.409314]],[[-0.937761,-0.179017,0.297585],[0.24083,0.282158,0.928648],[0.25021,-0.942518,0.221484]]],0],[1581,[0.306297,-0.747599,0.589302],158,58.4535,[-43.4706,167.68,67.221],[-45.0014,169.249,63.3852],[-102.404,78.347,-139.364],false,[-85.4336,162.895,115.398],[-85.732,209.472,59.0246],[-51.224,194.32,38.9443],[-43.8653,176.359,53.1023],[-46.4011,167.337,67.2656],[[[-0.57697,-0.631151,-0.518415],[-0.816755,0.442674,0.370069],[0.00408068,-0.636936,0.770906]],[[-0.576889,-0.638207,-0.509796],[-0.11921,0.68322,-0.720416],[-0.808077,0.354827,0.470222]],[[-0.576889,-0.638207,-0.509796],[0.75722,-0.183813,-0.626763],[-0.306297,0.747599,-0.589302]],[[-0.576889,-0.638207,-0.509796],[0.803059,-0.557237,-0.211149],[0.14932,0.531205,-0.833981]]],1],[1582,[0.392775,-0.633011,0.667102],158,66.6031,[-44.0985,154.586,67.8041],[-46.1398,157.019,63.6493],[-113.786,78.2228,-131.948],false,[-93.8036,156.375,109.297],[-99.4803,194.096,51.3821],[-56.8842,181.922,33.1404],[-45.7824,164.03,51.9962],[-47.4956,154.881,68.1907],[[[-0.423367,-0.777557,-0.464937],[-0.902253,0.315506,0.293932],[0.0818583,-0.543932,0.835127]],[[-0.424687,-0.768269,-0.478961],[-0.170811,0.587534,-0.790966],[-0.889081,0.254101,0.380747]],[[-0.424687,-0.768269,-0.478961],[0.815701,-0.0951859,-0.570588],[-0.392775,0.633011,-0.667102]],[[-0.424687,-0.768269,-0.478961],[0.900682,-0.412132,-0.137548],[0.0917216,0.489807,-0.866993]]],2],[1583,[0.550431,-0.506133,0.663969],158,64.0407,[-50.3943,142.738,65.8583],[-52.7106,146.151,60.636],[-95.2329,74.6516,-140.189],false,[-99.8223,147.653,103.229],[-109.967,174.326,47.8908],[-69.9219,166.041,30.5686],[-54.7656,152.105,48.8511],[-52.9474,144.135,65.527],[[[-0.337478,-0.870683,-0.3578],[-0.927125,0.241647,0.286435],[0.162933,-0.428391,0.888782]],[[-0.340567,-0.862229,-0.374933],[-0.266366,0.470914,-0.841005],[-0.9017,0.186549,0.390047]],[[-0.340567,-0.862229,-0.374933],[0.762259,-0.0197517,-0.64697],[-0.550431,0.506133,-0.663969]],[[-0.340567,-0.862229,-0.374933],[0.935109,-0.269096,-0.230561],[-0.0979039,0.429125,-0.897924]]],3],[1584,[0.856191,0.0319266,-0.515672],158,50.2067,[-59.8802,158.022,6.50931],[-60.3689,157.965,6.62196],[-135.329,85.2878,-136.523],false,[-99.7839,135.026,96.8513],[-115.235,153.961,44.6532],[-89.1487,157.747,21.4063],[-72.5034,158.367,11.3811],[-57.0604,158.24,3.96235],[[[-0.158494,-0.94229,-0.294904],[-0.950268,0.0644789,0.304687],[0.268088,-0.328529,0.905648]],[[-0.173052,-0.922716,-0.344454],[-0.647414,0.370127,-0.66623],[-0.742232,-0.107711,0.66143]],[[-0.173052,-0.922716,-0.344454],[-0.486816,0.384157,-0.784496],[-0.856191,-0.0319266,0.515672]],[[-0.173052,-0.922716,-0.344454],[-0.396994,0.38541,-0.83298],[-0.901359,0.00740323,0.433008]]],4],[1590,[-0.311356,0.838985,-0.446276],159,47.5824,[18.4954,191.23,56.1061],[15.6751,186.86,58.1898],[-66.547,-37.395,158.988],false,[47.4244,113.455,104.733],[47.4244,113.455,104.733],[30.1633,146.856,78.9749],[20.4709,172.973,65.0826],[14.6887,191.913,57.0553],[[[0.917952,-0.318494,-0.236485],[0.389709,0.612678,0.68757],[-0.0740978,-0.723317,0.686529]],[[0.853434,0.04031,-0.519639],[0.358057,0.67915,0.640742],[0.378741,-0.732892,0.565176]],[[0.853434,0.04031,-0.519639],[0.41798,0.54266,0.728569],[0.311356,-0.838985,0.446276]],[[0.853434,0.04031,-0.519639],[0.445445,0.461234,0.76736],[0.270607,-0.886363,0.375677]]],0],[1591,[-0.752296,-0.344642,0.561491],159,53.6915,[14.0918,147.757,32.6781],[12.4994,140.969,36.6542],[-19.1459,-109.865,173.412],false,[66.2811,109.777,94.7692],[62.2387,143.225,36.6608],[31.1792,153.707,15.1193],[14.5777,146.101,27.5101],[13.662,138.538,41.1225],[[[0.0388155,-0.864851,-0.500526],[0.997432,0.0637023,-0.0327197],[0.0601823,-0.497971,0.865103]],[[0.0400049,-0.874585,-0.48322],[0.609426,0.404599,-0.681835],[0.791833,-0.26721,0.549181]],[[0.0400049,-0.874585,-0.48322],[-0.657609,0.341062,-0.671734],[0.752296,0.344642,-0.561491]],[[0.0400049,-0.874585,-0.48322],[-0.997474,-0.00654401,-0.070735],[0.0587016,0.484829,-0.872637]]],1],[1592,[-0.9592,0.0208321,0.281958],159,61.1771,[1.22094,141.186,17.4105],[-1.32359,136.694,20.3003],[-84.4491,-99.0841,134.424],false,[68.2306,100.526,88.6866],[64.6818,124.401,29.7388],[32.2941,138.569,3.52909],[7.39078,139.109,10.8494],[-3.79659,135.847,23.4417],[[[-0.124021,-0.92228,-0.366085],[0.990714,-0.0943764,-0.0978675],[0.0557114,-0.374823,0.925421]],[[-0.123033,-0.928658,-0.349938],[0.665744,0.184266,-0.72307],[0.735967,-0.321931,0.595578]],[[-0.123033,-0.928658,-0.349938],[-0.254553,0.370351,-0.893333],[0.9592,-0.0208321,-0.281958]],[[-0.123033,-0.928658,-0.349938],[-0.748125,0.318476,-0.582136],[0.652053,0.190175,-0.733935]]],2],[1593,[-0.932968,0.112881,0.341801],159,58.8234,[4.56883,121.346,18.0942],[2.42954,117.03,21.6496],[-68.1076,-99.9788,155.92],false,[67.619,90.435,83.8271],[64.5972,103.649,28.2661],[33.8791,114.559,3.74242],[10.2824,117.414,12.3873],[0.0681564,116.66,26.0289],[[[-0.1888,-0.95763,-0.217485],[0.980593,-0.171928,-0.0942222],[0.0528381,-0.231054,0.971505]],[[-0.187448,-0.963003,-0.193617],[0.630721,0.0331087,-0.775303],[0.75303,-0.267447,0.60118]],[[-0.187448,-0.963003,-0.193617],[-0.307299,0.244708,-0.919611],[0.932968,-0.112881,-0.341801]],[[-0.187448,-0.963003,-0.193617],[-0.778671,0.265834,-0.568334],[0.598777,0.0442303,-0.799693]]],3],[1594,[-0.566497,-0.0547959,-0.82224],159,46.1165,[29.0475,82.1634,-27.3195],[28.4924,79.9883,-24.2361],[-68.6442,-81.2902,135.496],false,[60.8808,79.598,81.3772],[60.3868,84.5629,28.6721],[44.7718,81.3981,0.594504],[34.6557,80.4196,-14.0884],[24.8873,80.0388,-26.4211],[[[-0.340825,-0.936276,-0.0850045],[0.94008,-0.338515,-0.0406992],[0.0093304,-0.0937824,0.995549]],[[-0.314845,-0.907699,0.277409],[0.816649,-0.408011,-0.408181],[0.483691,0.0980324,0.869731]],[[-0.314845,-0.907699,0.277409],[0.761547,-0.416029,-0.496957],[0.566497,0.0547959,0.82224]],[[-0.314845,-0.907699,0.277409],[0.718038,-0.418924,-0.555809],[0.620721,0.0241965,0.783658]]],4]],[[0,200,0],[235.247,235.247,147.751]]],[243734,4440064842,[[158,"left",[-0.224427,0.569806,-0.79054],[0.809679,-0.342387,-0.476647],[-93.1131,176.308,65.97],[-99.2391,58.947,-131.529],[-91.0154,175.362,68.9285],0,1,0.337146,[[-0.475307,-0.744862,-0.468256],[-0.592047,0.664472,-0.456025],[-0.650818,-0.0604774,0.756821]],63.3365,[-263.316,125.303,310.647],[-88.6524,141.534,107.535]],[159,"right",[0.0862985,0.354257,-0.931158],[-0.995924,0.0060821,-0.0899871],[57.5245,113.225,52.288],[-71.6833,-52.0641,156.145],[59.8398,114.964,47.4002],0.189978,0,0.449115,[[0.141166,-0.953959,-0.264641],[0.61361,0.29409,-0.732799],[0.776888,-0.0589402,0.626874]],58.1766,[248.892,74.6978,250.623],[57.3804,89.2272,96.092]]],[[1580,[-0.298766,0.855761,-0.422388],158,51.8027,[-84.75,242.137,96.5089],[-90.7418,250.582,91.0677],[-80.7742,52.5416,-215.329],false,[-63.8313,157.089,116.003],[-63.8313,157.089,116.003],[-75.5206,204.638,107.986],[-85.6459,233.64,93.6713],[-91.6607,255.353,87.88],[[[-0.986198,0.116814,0.117336],[0.161899,0.531971,0.831141],[-0.0346697,-0.838667,0.543541]],[[-0.937417,-0.180213,0.297946],[0.25641,0.221663,0.940808],[0.23559,-0.958326,0.161582]],[[-0.937417,-0.180213,0.297946],[0.178851,0.48497,0.856047],[0.298766,-0.855761,0.422388]],[[-0.937417,-0.180213,0.297946],[0.233227,0.310412,0.921547],[0.258561,-0.933363,0.248955]]],0],[1581,[0.302904,-0.737208,0.603964],158,58.4535,[-44.1265,168.125,66.3831],[-46.203,169.962,61.9544],[-111.99,78.1434,-142.721],false,[-86.3022,163.815,113.777],[-86.9344,209.794,56.9166],[-52.2927,194.58,37.1149],[-45.0155,176.869,51.6251],[-47.6712,168.099,65.9236],[[[-0.57225,-0.640779,-0.511793],[-0.820034,0.440531,0.365346],[0.00864532,-0.628757,0.777554]],[[-0.572124,-0.647497,-0.50341],[-0.120895,0.673663,-0.729083],[-0.811208,0.356266,0.463698]],[[-0.572124,-0.647497,-0.50341],[0.762183,-0.193058,-0.617904],[-0.302904,0.737208,-0.603964]],[[-0.572124,-0.647497,-0.50341],[0.805121,-0.560418,-0.194196],[0.156378,0.51641,-0.841942]]],1],[1582,[0.392703,-0.622706,0.676773],158,66.6031,[-44.8071,155.136,66.9631],[-47.1999,157.746,62.1873],[-115.198,79.9474,-141.384],false,[-94.6233,157.17,107.743],[-100.568,194.238,49.4351],[-57.8926,182.225,31.2735],[-46.7927,164.624,50.4027],[-48.5932,155.698,66.7117],[[[-0.417584,-0.785483,-0.456771],[-0.904585,0.311946,0.290544],[0.0857293,-0.534515,0.8408]],[[-0.41899,-0.776223,-0.471089],[-0.176123,0.578449,-0.796478],[-0.890746,0.250747,0.379075]],[[-0.41899,-0.776223,-0.471089],[0.818677,-0.0985629,-0.565733],[-0.392703,0.622706,-0.676773]],[[-0.41899,-0.776223,-0.471089],[0.90286,-0.411239,-0.125402],[0.09639,0.47787,-0.873126]]],2],[1583,[0.553707,-0.495059,0.66957],158,64.0407,[-50.8864,143.243,65.1194],[-53.4722,146.734,59.225],[-91.8758,72.1083,-144.92],false,[-100.577,148.341,101.767],[-110.909,174.356,46.151],[-70.8008,166.182,28.923],[-55.5543,152.55,47.3598],[-53.6895,144.772,64.121],[[[-0.331029,-0.876846,-0.348656],[-0.928914,0.237832,0.283822],[0.165947,-0.417825,0.893243]],[[-0.334177,-0.868601,-0.365866],[-0.26961,0.460058,-0.845965],[-0.903126,0.184061,0.387924]],[[-0.334177,-0.868601,-0.365866],[0.762715,-0.0211724,-0.646388],[-0.553707,0.495059,-0.66957]],[[-0.334177,-0.868601,-0.365866],[0.937146,-0.264863,-0.227166],[-0.100413,0.418784,-0.902517]]],3],[1584,[0.854587,0.0333773,-0.518235],158,50.2067,[-60.596,158.111,5.39306],[-61.2358,157.941,4.94831],[-124.694,60.3017,-149.694],false,[-100.445,135.648,95.5222],[-116.028,153.92,43.1271],[-89.974,157.628,19.8307],[-73.36,158.277,9.75565],[-57.9441,158.207,2.27994],[[[-0.151534,-0.946474,-0.285],[-0.950758,0.0607003,0.303932],[0.270364,-0.317022,0.909066]],[[-0.165743,-0.928211,-0.333098],[-0.650398,0.356784,-0.670588],[-0.741291,-0.105501,0.66284]],[[-0.165743,-0.928211,-0.333098],[-0.492149,0.370555,-0.787704],[-0.854587,-0.0333773,0.518235]],[[-0.165743,-0.928211,-0.333098],[-0.403649,0.372033,-0.835858],[-0.899776,0.0040832,0.436333]]],4],[1590,[-0.315373,0.84251,-0.436712],159,47.5824,[18.1832,190.868,56.6182],[14.3705,186.179,61.5193],[-86.725,-47.4916,217.004],false,[46.6082,112.52,107.311],[46.6082,112.52,107.311],[29.0928,146.037,81.8762],[19.2754,172.264,68.2816],[13.4028,191.254,60.4431],[[[0.91817,-0.312606,-0.243395],[0.390614,0.611612,0.688006],[-0.0662118,-0.72678,0.683672]],[[0.850328,0.0465884,-0.524188],[0.3595,0.676004,0.643256],[0.384321,-0.735423,0.558077]],[[0.850328,0.0465884,-0.524188],[0.421287,0.536663,0.731102],[0.315373,-0.84251,0.436712]],[[0.850328,0.0465884,-0.524188],[0.448785,0.456002,0.76854],[0.274836,-0.888758,0.366843]]],0],[1591,[-0.727938,-0.360327,0.583327],159,53.6915,[14.0368,147.122,33.3275],[11.9064,139.901,40.089],[-29.7709,-112.151,230.293],false,[65.4238,108.986,97.2181],[60.8592,142.674,39.2872],[29.5302,153.016,18.0709],[13.4663,145.064,30.9436],[13.316,137.458,44.5616],[[[0.0403327,-0.862372,-0.504665],[0.996873,0.0690807,-0.0383755],[0.0679566,-0.501539,0.862462]],[[0.0417175,-0.872474,-0.486877],[0.600275,0.411435,-0.68585],[0.798705,-0.263648,0.540889]],[[0.0417175,-0.872474,-0.486877],[-0.684372,0.330081,-0.650139],[0.727938,0.360327,-0.583327]],[[0.0417175,-0.872474,-0.486877],[-0.999083,-0.0317268,-0.0287514],[0.00963782,0.487629,-0.872997]]],1],[1592,[-0.957523,0.0144326,0.287995],159,61.1771,[0.694383,140.452,18.2415],[-2.75899,135.879,23.2854],[-104.779,-96.573,188.231],false,[67.3852,99.7728,91.0822],[63.3592,123.895,32.2654],[30.7423,138.01,6.31293],[5.88261,138.385,13.79],[-5.20626,135.004,26.4382],[[[-0.121394,-0.92126,-0.369518],[0.99059,-0.0887361,-0.104198],[0.0632041,-0.37869,0.923363]],[[-0.120277,-0.927706,-0.353404],[0.660453,0.191002,-0.726168],[0.741172,-0.320748,0.589733]],[[-0.120277,-0.927706,-0.353404],[-0.262074,0.373032,-0.890036],[0.957523,-0.0144326,-0.287995]],[[-0.120277,-0.927706,-0.353404],[-0.753535,0.317077,-0.575888],[0.646312,0.197036,-0.737196]]],2],[1593,[-0.930205,0.105423,0.351575],159,58.8234,[4.19974,120.777,18.9308],[1.09961,116.192,24.7349],[-89.643,-98.1304,206.733],false,[66.7972,89.701,86.1806],[63.374,103.149,30.6992],[32.3787,114.005,6.50254],[8.85198,116.672,15.3946],[-1.22378,115.783,29.1308],[[[-0.185097,-0.957618,-0.220696],[0.980896,-0.166356,-0.100844],[0.0598563,-0.235146,0.970115]],[[-0.18358,-0.963076,-0.196934],[0.623671,0.0407428,-0.780625],[0.759825,-0.266129,0.593162]],[[-0.18358,-0.963076,-0.196934],[-0.317832,0.247732,-0.915212],[0.930205,-0.105423,-0.351575]],[[-0.18358,-0.963076,-0.196934],[-0.785762,0.264147,-0.559289],[0.590658,0.0520693,-0.805241]]],3],[1594,[-0.571482,-0.0541246,-0.818828],159,46.1165,[28.6185,81.8439,-26.5135],[27.0209,79.5399,-21.6627],[-93.6473,-72.9254,176.419],false,[60.1011,78.8399,83.7218],[59.2658,84.0395,31.0437],[43.4746,80.923,3.0594],[33.2695,79.9565,-11.5626],[23.4281,79.5769,-23.8371],[[[-0.336437,-0.937659,-0.0872161],[0.941574,-0.333392,-0.0478368],[0.0157774,-0.0982145,0.99504]],[[-0.3084,-0.910511,0.275426],[0.815857,-0.402058,-0.415604],[0.489149,0.0965355,0.866841]],[[-0.3084,-0.910511,0.275426],[0.760459,-0.409927,-0.503648],[0.571482,0.0541246,0.818828]],[[-0.3084,-0.910511,0.275426],[0.716808,-0.412781,-0.561959],[0.62536,0.024119,0.779963]]],4]],[[0,200,0],[235.247,235.247,147.751]]],[243735,4440073883,[[158,"left",[-0.212645,0.582945,-0.784192],[0.807807,-0.346652,-0.476739],[-93.4681,175.197,63.7198],[-82.7063,8.81365,-163.879],[-91.408,175.335,68.0948],0,1,0.345651,[[-0.495844,-0.734396,-0.463466],[-0.572699,0.677726,-0.461198],[-0.652805,-0.0367437,0.756634]],63.3365,[-264.885,129.967,307.911],[-89.6885,139.828,104.849]],[159,"right",[0.0759754,0.357345,-0.930877],[-0.996795,0.00374875,-0.0799163],[56.893,112.898,53.8676],[-71.1775,-47.6821,161.262],[59.593,114.791,47.9419],0.181373,0,0.451218,[[0.143028,-0.95312,-0.266654],[0.608561,0.297166,-0.735762],[0.78051,-0.0570409,0.622535]],58.1766,[249.658,74.7041,251.058],[57.2533,88.7653,97.5961]]],[[1580,[-0.281921,0.864253,-0.416639],158,51.8027,[-84.8955,242.341,96.2308],[-90.0347,249.015,89.2261],[-35.4514,-9.0317,-211.469],false,[-64.7153,154.947,113.654],[-64.7153,154.947,113.654],[-75.5873,202.755,106.032],[-85.1417,232.044,91.9124],[-90.8291,253.824,86.0415],[[[-0.985238,0.128103,0.113557],[0.164164,0.51893,0.838905],[-0.0485382,-0.845164,0.532299]],[[-0.942541,-0.168342,0.288577],[0.252197,0.208004,0.945056],[0.219118,-0.963533,0.153598]],[[-0.942541,-0.168342,0.288577],[0.179266,0.474055,0.862053],[0.281921,-0.864253,0.416639]],[[-0.942541,-0.168342,0.288577],[0.227691,0.308425,0.923597],[0.244484,-0.936234,0.252374]]],0],[1581,[0.285448,-0.748044,0.599124],158,58.4535,[-44.6366,168.182,65.5592],[-46.8072,168.353,59.9848],[-99.8293,8.02079,-163.798],false,[-87.0845,161.993,111.394],[-86.8062,208.715,55.1397],[-52.2531,193.307,35.3329],[-45.3952,175.335,49.7268],[-48.3547,166.487,63.917],[[[-0.577653,-0.626543,-0.523222],[-0.816274,0.446366,0.366681],[-0.00380676,-0.638907,0.769275]],[[-0.577662,-0.633106,-0.515251],[-0.107745,0.684837,-0.720687],[-0.809134,0.360797,0.463818]],[[-0.577662,-0.633106,-0.515251],[0.76474,-0.199014,-0.612835],[-0.285448,0.748044,-0.599124]],[[-0.577662,-0.633106,-0.515251],[0.797458,-0.572465,-0.190644],[0.174265,0.521018,-0.835567]]],1],[1582,[0.370973,-0.635468,0.67717],158,66.6031,[-45.4386,155.288,66.1074],[-48.1983,156.168,60.1648],[-116.037,10.8358,-163.866],false,[-95.4574,155.537,105.229],[-100.599,193.436,47.3817],[-57.9763,181.088,29.3192],[-47.4907,163.127,48.4596],[-49.773,154.139,64.6743],[[[-0.425181,-0.773954,-0.469272],[-0.902067,0.31988,0.289746],[0.0741393,-0.546509,0.834165]],[[-0.426404,-0.76435,-0.483683],[-0.163507,0.591056,-0.789885],[-0.889632,0.257725,0.377005]],[[-0.426404,-0.76435,-0.483683],[0.82496,-0.109315,-0.554519],[-0.370973,0.635468,-0.67717]],[[-0.426404,-0.76435,-0.483683],[0.896242,-0.429252,-0.111773],[0.122188,0.481157,-0.868077]]],2],[1583,[0.543226,-0.510901,0.666247],158,64.0407,[-51.2849,143.422,64.3873],[-54.198,145.197,56.8283],[-88.6977,5.31089,-178.692],false,[-101.492,146.864,99.1062],[-111.178,173.735,43.7816],[-71.0827,165.263,26.667],[-56.1248,151.195,45.0123],[-54.4625,143.179,61.682],[[[-0.340417,-0.867839,-0.361901],[-0.927316,0.246182,0.281922],[0.155569,-0.431568,0.888565]],[[-0.34336,-0.859335,-0.379008],[-0.258858,0.474499,-0.841334],[-0.902827,0.190772,0.38537]],[[-0.34336,-0.859335,-0.379008],[0.766165,-0.022876,-0.642237],[-0.543226,0.510901,-0.666247]],[[-0.34336,-0.859335,-0.379008],[0.934929,-0.274273,-0.225128],[-0.0895086,0.431645,-0.897592]]],3],[1584,[0.856414,0.0296267,-0.515439],158,50.2067,[-61.0207,157.9,4.04265],[-61.5407,157.23,2.52581],[-99.5655,22.1005,-181.967],false,[-101.49,134.253,92.6963],[-116.544,153.408,40.4624],[-90.3208,157.055,17.3468],[-73.6712,157.631,7.32613],[-58.2448,157.48,-0.126731],[[[-0.162194,-0.940622,-0.298201],[-0.951563,0.0691031,0.299589],[0.261193,-0.332348,0.906269]],[[-0.175436,-0.922248,-0.344501],[-0.6423,0.372417,-0.669892],[-0.746105,-0.103749,0.657696]],[[-0.175436,-0.922248,-0.344501],[-0.485569,0.385462,-0.784628],[-0.856414,-0.0296267,0.515439]],[[-0.175436,-0.922248,-0.344501],[-0.39815,0.386499,-0.831923],[-0.900388,0.00878657,0.434999]]],4],[1590,[-0.319115,0.846181,-0.426784],159,47.5824,[17.9368,190.604,57.1247],[13.8068,185.919,63.9976],[-78.877,-41.7883,233.495],false,[46.5346,111.995,108.995],[46.5346,111.995,108.995],[28.7416,145.639,83.9237],[18.8077,171.98,70.6382],[12.8585,191.024,62.9896],[[[0.916473,-0.309448,-0.253613],[0.395955,0.610514,0.685925],[-0.0574238,-0.729051,0.682047]],[[0.845,0.0501403,-0.532411],[0.365449,0.672704,0.643364],[0.390413,-0.738211,0.550111]],[[0.845,0.0501403,-0.532411],[0.429117,0.530532,0.731023],[0.319115,-0.846181,0.426784]],[[0.845,0.0501403,-0.532411],[0.456571,0.450704,0.767078],[0.278421,-0.891264,0.357952]]],0],[1591,[-0.70358,-0.371797,0.605592],159,53.6915,[13.9944,146.642,33.9267],[11.7923,139.264,42.6708],[-23.6202,-100.349,244.641],false,[65.2565,108.542,98.7023],[60.02,142.396,40.9252],[28.3716,152.649,20.1447],[12.8452,144.444,33.5087],[13.4139,136.829,47.1106],[[[0.0374686,-0.860707,-0.50772],[0.996252,0.0718109,-0.0482154],[0.0779592,-0.50401,0.860172]],[[0.0391092,-0.871176,-0.489412],[0.589462,0.4156,-0.692684],[0.806849,-0.261399,0.529779]],[[0.0391092,-0.871176,-0.489412],[-0.709539,0.320656,-0.627483],[0.70358,0.371797,-0.605592]],[[0.0391092,-0.871176,-0.489412],[-0.99857,-0.0519455,0.012669],[-0.0364596,0.488216,-0.871961]]],1],[1592,[-0.949828,0.00458094,0.312739],159,61.1771,[0.215881,139.859,19.1682],[-3.72798,135.249,26.1636],[-106.68,-92.2518,232.568],false,[67.1796,99.3524,92.5184],[62.4976,123.645,33.8203],[29.2529,137.661,8.62193],[4.59296,137.78,16.7414],[-6.1323,134.235,29.6553],[[[-0.122733,-0.920434,-0.371131],[0.989714,-0.0858186,-0.114461],[0.0735036,-0.381361,0.921499]],[[-0.121456,-0.926827,-0.355302],[0.643864,0.198863,-0.738845],[0.755438,-0.318504,0.572598]],[[-0.121456,-0.926827,-0.355302],[-0.288228,0.37546,-0.880883],[0.949828,-0.00458094,-0.312739]],[[-0.121456,-0.926827,-0.355302],[-0.771022,0.313525,-0.554281],[0.625119,0.206625,-0.752684]]],2],[1593,[-0.926558,0.101659,0.362154],159,58.8234,[3.85948,120.335,19.7173],[0.189995,115.788,26.966],[-92.2019,-83.4265,216.998],false,[66.5683,89.2943,87.5918],[62.5503,102.904,32.1897],[31.2715,113.752,8.35711],[7.83699,116.323,17.5167],[-2.08215,115.362,31.3616],[[[-0.184836,-0.957416,-0.221788],[0.980255,-0.163473,-0.11125],[0.0702563,-0.237972,0.968728]],[[-0.183064,-0.962944,-0.198058],[0.615258,0.0449133,-0.787045],[0.766775,-0.265937,0.584237]],[[-0.183064,-0.962944,-0.198058],[-0.328599,0.24981,-0.910834],[0.926558,-0.101659,-0.362154]],[[-0.183064,-0.962944,-0.198058],[-0.7927,0.263742,-0.549606],[0.581476,0.0563875,-0.811607]]],3],[1594,[-0.579673,-0.05323,-0.813109],159,46.1165,[28.1753,81.5953,-25.7465],[25.6987,79.3602,-19.8585],[-107.366,-58.5923,182.932],false,[59.8759,78.4233,85.1669],[58.4953,83.7826,32.5163],[42.4172,80.7114,4.69083],[32.0658,79.7609,-9.82906],[22.1037,79.3896,-22.006],[[[-0.334871,-0.938264,-0.0867266],[0.941903,-0.330774,-0.0583671],[0.0260769,-0.101234,0.994521]],[[-0.303217,-0.912113,0.275878],[0.812415,-0.398747,-0.42542],[0.498036,0.0951329,0.861922]],[[-0.303217,-0.912113,0.275878],[0.756332,-0.406468,-0.512587],[0.579673,0.05323,0.813109]],[[-0.303217,-0.912113,0.275878],[0.712273,-0.409259,-0.570241],[0.63303,0.0235934,0.773768]]],4]],[[0,200,0],[235.247,235.247,147.751]]],[243736,4440091936,[[158,"left",[-0.205418,0.584353,-0.78507],[0.803463,-0.357325,-0.476199],[-93.714,173.514,59.9158],[-49.9064,-39.6263,-186.113],[-91.773,175.047,66.7999],0,1,0.376321,[[-0.510392,-0.729571,-0.455221],[-0.559044,0.683738,-0.469012],[-0.65343,-0.0151087,0.756837]],63.3365,[-265.736,134.108,304.214],[-90.3721,138.163,101.098]],[159,"right",[0.0648376,0.355239,-0.932524],[-0.997624,0.00124811,-0.0688884],[55.9848,113.527,57.3464],[-61.2694,-8.50222,176.188],[59.2757,114.68,48.7688],0.165247,0,0.429442,[[0.136946,-0.953064,-0.270027],[0.59991,0.296716,-0.743013],[0.78826,-0.060239,0.612386]],58.1766,[251.2,74.6528,252.087],[56.8852,89.5024,101.127]]],[[1580,[-0.269316,0.866658,-0.419967],158,51.8027,[-85.0107,242.483,95.8356],[-89.2177,247.26,84.8915],[2.67975,-50.9964,-222.957],false,[-65.214,152.985,109.881],[-65.214,152.985,109.881],[-75.415,200.91,102.07],[-84.5422,230.281,87.8367],[-89.9563,252.066,81.7336],[[[-0.98358,0.140443,0.113341],[0.170561,0.518117,0.838131],[-0.0589854,-0.843701,0.533564]],[[-0.9452,-0.154294,0.287732],[0.253628,0.207955,0.944684],[0.205594,-0.965892,0.157425]],[[-0.9452,-0.154294,0.287732],[0.184567,0.474444,0.86072],[0.269316,-0.866658,0.419967]],[[-0.9452,-0.154294,0.287732],[0.228977,0.314943,0.921076],[0.232735,-0.936485,0.262355]]],0],[1581,[0.272071,-0.749813,0.603123],158,58.4535,[-45.1935,167.9,64.206],[-47.3302,166.176,56.2771],[-66.135,-52.0733,-184.411],false,[-87.4944,160.304,107.61],[-86.6382,206.934,51.2857],[-52.2814,191.106,31.469],[-45.7449,173.092,45.959],[-48.9268,164.378,60.1842],[[[-0.585351,-0.620137,-0.522297],[-0.810696,0.456971,0.365992],[-0.0117092,-0.637657,0.770231]],[[-0.585438,-0.626405,-0.514664],[-0.0999242,0.685738,-0.720956],[-0.804536,0.370648,0.46405]],[[-0.585438,-0.626405,-0.514664],[0.763701,-0.213066,-0.609396],[-0.272071,0.749813,-0.603123]],[[-0.585438,-0.626405,-0.514664],[0.78877,-0.586807,-0.183027],[0.18736,0.513103,-0.837629]]],1],[1582,[0.355674,-0.638063,0.682914],158,66.6031,[-46.2099,155.099,64.6539],[-49.0634,154.035,56.5346],[-84.2391,-48.7395,-182.958],false,[-95.9464,153.942,101.455],[-100.619,191.816,43.5502],[-58.1643,178.965,25.4429],[-48.111,160.93,44.7456],[-50.738,152.108,60.999],[[[-0.434713,-0.769341,-0.468123],[-0.898045,0.33144,0.289244],[0.0673727,-0.546133,0.834985]],[[-0.435831,-0.759615,-0.482738],[-0.157607,0.592484,-0.790014],[-0.886122,0.26823,0.377944]],[[-0.435831,-0.759615,-0.482738],[0.826769,-0.125937,-0.548263],[-0.355674,0.638063,-0.682914]],[[-0.435831,-0.759615,-0.482738],[0.888973,-0.447128,-0.0990118],[0.140635,0.472294,-0.87015]]],2],[1583,[0.536485,-0.51655,0.667353],158,64.0407,[-51.7517,143.359,63.2445],[-54.8448,143.017,53.1053],[-63.4011,-54.1649,-192.274],false,[-102.087,145.336,95.3445],[-111.44,172.241,39.9794],[-71.4516,163.246,22.8828],[-56.6793,149.022,41.2586],[-55.1272,141.015,57.943],[[[-0.351117,-0.864105,-0.360609],[-0.924203,0.258049,0.28153],[0.150217,-0.432126,0.889214]],[[-0.353953,-0.855598,-0.377715],[-0.252869,0.476366,-0.8421],[-0.90043,0.202551,0.384965]],[[-0.353953,-0.855598,-0.377715],[0.766095,-0.0335726,-0.64185],[-0.536485,0.51655,-0.667353]],[[-0.353953,-0.855598,-0.377715],[0.931522,-0.286418,-0.224125],[-0.0835766,0.43118,-0.898387]]],3],[1584,[0.853364,0.0200248,-0.520931],158,50.2067,[-61.5035,157.026,1.78454],[-62.1299,155.11,-1.49294],[-68.4508,-44.2818,-201.548],false,[-102.241,132.716,88.9535],[-117.057,151.978,36.6906],[-90.8228,155.23,13.529],[-74.2325,155.619,3.40158],[-58.8749,155.321,-4.18773],[[[-0.173807,-0.938991,-0.296795],[-0.950638,0.0813096,0.299461],[0.257059,-0.334193,0.906772]],[[-0.185979,-0.921817,-0.340097],[-0.638952,0.376417,-0.670857],[-0.746426,-0.0925403,0.659003]],[[-0.185979,-0.921817,-0.340097],[-0.487013,0.387108,-0.782921],[-0.853364,-0.0200248,0.520931]],[[-0.185979,-0.921817,-0.340097],[-0.402407,0.387234,-0.829529],[-0.896371,0.0174174,0.442963]]],4],[1590,[-0.321964,0.849965,-0.417013],159,47.5824,[17.6595,190.416,57.8693],[13.0463,186.82,68.2378],[-60.8113,2.87513,236.193],false,[46.239,112.735,112.587],[46.239,112.735,112.587],[28.1362,146.424,87.7992],[18.1136,172.883,74.8179],[12.1087,191.98,67.3488],[[[0.914332,-0.307949,-0.26299],[0.402089,0.613106,0.680019],[-0.0481701,-0.727509,0.684405]],[[0.838577,0.0515673,-0.542337],[0.372844,0.671517,0.640353],[0.39721,-0.739192,0.543893]],[[0.838577,0.0515673,-0.542337],[0.439463,0.52431,0.729364],[0.321964,-0.849965,0.417013]],[[0.838577,0.0515673,-0.542337],[0.466702,0.44554,0.763992],[0.28103,-0.893776,0.349553]]],0],[1591,[-0.672305,-0.381159,0.634605],159,53.6915,[13.9447,146.217,34.7136],[11.5616,139.446,47.2157],[-17.9226,-47.7989,247.781],false,[64.8539,109.3,102.096],[58.8995,143,44.2987],[26.8204,152.966,24.0451],[11.9842,144.554,38.0494],[13.3987,137.038,51.6451],[[[0.0338634,-0.861859,-0.506016],[0.995487,0.073996,-0.0594122],[0.0886481,-0.50172,0.860476]],[[0.0358661,-0.873021,-0.486361],[0.574346,0.416278,-0.704868],[0.817826,-0.254059,0.516347]],[[0.0358661,-0.873021,-0.486361],[-0.739405,0.304222,-0.600607],[0.672305,0.381159,-0.634605]],[[0.0358661,-0.873021,-0.486361],[-0.995234,-0.075362,0.061883],[-0.0906783,0.481824,-0.871564]]],1],[1592,[-0.940782,-0.00363637,0.338992],159,61.1771,[-0.393336,139.298,20.6554],[-4.97018,135.401,30.9748],[-89.293,-46.646,254.831],false,[66.73,100.1,95.9137],[61.3421,124.237,37.2124],[27.4477,138.015,12.7589],[3.02258,137.921,21.56],[-7.30575,134.282,34.7681],[[[-0.124677,-0.921622,-0.367518],[0.988585,-0.08381,-0.125199],[0.0845843,-0.378932,0.921551]],[[-0.123236,-0.927866,-0.351963],[0.625779,0.202604,-0.753228],[0.770203,-0.313076,0.555671]],[[-0.123236,-0.927866,-0.351963],[-0.315819,0.372897,-0.872471],[0.940782,0.00363637,-0.338992]],[[-0.123236,-0.927866,-0.351963],[-0.788941,0.306748,-0.532426],[0.601984,0.212064,-0.769834]]],2],[1593,[-0.922712,0.100391,0.372189],159,58.8234,[3.41226,119.937,20.875],[-1.01711,116.218,31.079],[-79.7861,-32.3984,221.86],false,[66.0877,90.0284,91.0185],[61.4253,103.493,35.6315],[29.8604,114.211,12.1192],[6.52317,116.75,21.5326],[-3.23829,115.798,35.4897],[[[-0.185038,-0.958381,-0.217408],[0.979344,-0.161478,-0.121696],[0.0815242,-0.235435,0.968465]],[[-0.182991,-0.963847,-0.193682],[0.606436,0.0443958,-0.793892],[0.773789,-0.262731,0.576388]],[[-0.182991,-0.963847,-0.193682],[-0.339289,0.24682,-0.907724],[0.922712,-0.100391,-0.372189]],[[-0.182991,-0.963847,-0.193682],[-0.799415,0.260553,-0.541339],[0.572232,0.0557727,-0.818193]]],3],[1594,[-0.588534,-0.056839,-0.806472],159,46.1165,[27.5037,81.3777,-24.4506],[24.0202,79.7312,-15.9295],[-99.6991,-21.2648,199.457],false,[59.3943,79.136,88.6943],[57.419,84.3632,36.0493],[41.0289,81.183,8.41879],[30.5193,80.168,-5.98259],[20.427,79.7376,-18.05],[[[-0.333614,-0.939246,-0.0807409],[0.941971,-0.328737,-0.067986],[0.0373131,-0.0987367,0.994414]],[[-0.297965,-0.912057,0.281724],[0.808368,-0.398054,-0.433698],[0.507699,0.09851,0.855884]],[[-0.297965,-0.912057,0.281724],[0.751562,-0.406104,-0.519841],[0.588534,0.056839,0.806472]],[[-0.297965,-0.912057,0.281724],[0.707074,-0.40915,-0.576752],[0.641298,0.0273483,0.766804]]],4]],[[0,200,0],[235.247,235.247,147.751]]],[243737,4440101283,[[158,"left",[-0.216467,0.584803,-0.781759],[0.802966,-0.348829,-0.483285],[-93.3744,172.206,58.397],[-25.4581,-68.0682,-179.418],[-91.8736,174.869,66.2722],0,1,0.394175,[[-0.511117,-0.733973,-0.447263],[-0.554106,0.679177,-0.481337],[-0.657058,-0.001812,0.753838]],63.3365,[-265.749,136.279,301.758],[-89.4111,136.766,99.4473]],[159,"right",[0.0577282,0.357479,-0.932135],[-0.997924,-0.00603176,-0.0641159],[55.377,114.071,58.4061],[-62.3348,10.3966,158.38],[59.1393,114.659,49.106],0.149004,0,0.430764,[[0.137687,-0.95129,-0.275843],[0.596752,0.301948,-0.743447],[0.790524,-0.0622468,0.609259]],58.1766,[251.538,74.6258,252.324],[56.6655,89.9703,102.135]]],[[1580,[-0.27957,0.8655,-0.415633],158,51.8027,[-85.0564,242.522,95.6653],[-89.2951,245.905,83.4593],[-0.807133,-77.1708,-202.112],false,[-64.319,151.784,108.085],[-64.319,151.784,108.085],[-74.9766,199.642,100.477],[-84.4514,228.974,86.3913],[-90.1002,250.717,80.3514],[[[-0.983896,0.131424,0.121145],[0.172306,0.517157,0.838367],[-0.0475309,-0.84574,0.531474]],[[-0.941778,-0.162978,0.294094],[0.25868,0.207568,0.943398],[0.214798,-0.964548,0.153324]],[[-0.941778,-0.162978,0.294094],[0.186799,0.473655,0.860673],[0.27957,-0.8655,0.415633]],[[-0.941778,-0.162978,0.294094],[0.232569,0.315934,0.919835],[0.242828,-0.934678,0.259637]]],0],[1581,[0.280547,-0.748546,0.60081],158,58.4535,[-45.3637,167.754,63.6397],[-47.0708,165.339,54.4451],[-39.5893,-62.5584,-187.793],false,[-86.6794,158.912,106.004],[-86.6584,205.712,49.8136],[-52.3154,190.259,29.6798],[-45.5753,172.275,44.1142],[-48.6437,163.541,58.3519],[[[-0.583789,-0.623755,-0.519731],[-0.811906,0.448729,0.373432],[-0.000287982,-0.639978,0.768393]],[[-0.583764,-0.629938,-0.512248],[-0.111632,0.687187,-0.717853],[-0.804213,0.361873,0.471476]],[[-0.583764,-0.629938,-0.512248],[0.761914,-0.207021,-0.613701],[-0.280548,0.748546,-0.60081]],[[-0.583764,-0.629938,-0.512248],[0.791565,-0.581958,-0.186414],[0.180678,0.514299,-0.838363]]],1],[1582,[0.362127,-0.63636,0.681109],158,66.6031,[-46.4523,154.98,64.0434],[-48.7919,153.194,54.7033],[-52.5348,-60.0561,-186.981],false,[-95.1213,152.494,99.893],[-100.563,190.493,42.1383],[-58.1409,178.093,23.6456],[-47.9053,160.106,42.8973],[-50.4645,151.277,59.1579],[[[-0.431439,-0.77178,-0.467135],[-0.898723,0.322656,0.296969],[0.0784708,-0.547949,0.832823]],[[-0.432761,-0.761957,-0.481809],[-0.1694,0.593658,-0.786685],[-0.88545,0.258828,0.385988]],[[-0.432761,-0.761957,-0.481809],[0.82558,-0.120281,-0.551317],[-0.362127,0.63636,-0.681109]],[[-0.432761,-0.761957,-0.481809],[0.891037,-0.442746,-0.100149],[0.137009,0.47265,-0.870534]]],2],[1583,[0.523212,-0.512534,0.680851],158,64.0407,[-51.9521,143.298,62.765],[-55.1241,142.164,51.7928],[-62.3356,-63.7925,-171.914],false,[-101.232,143.852,93.8034],[-111.239,170.835,38.5905],[-71.2645,162.172,21.2895],[-56.8577,148.059,40.0369],[-55.7979,140.233,56.8456],[[[-0.346204,-0.866116,-0.360536],[-0.924291,0.249059,0.289233],[0.160714,-0.433373,0.886769]],[[-0.349197,-0.85772,-0.377331],[-0.260535,0.475672,-0.840153],[-0.900102,0.195071,0.389569]],[[-0.349197,-0.85772,-0.377331],[0.777374,-0.0403267,-0.627745],[-0.523212,0.512534,-0.680851]],[[-0.349197,-0.85772,-0.377331],[0.93531,-0.294518,-0.196097],[-0.0570653,0.421398,-0.905079]]],3],[1584,[0.847127,0.0300996,-0.530538],158,50.2067,[-61.6435,156.672,0.89447],[-62.