{"metadata":{"formatVersion":2,"generatedBy":"LeapJS Playback 0.2.1","frames":111,"protocolVersion":6,"serviceVersion":"2.2.6+29154","frameRate":"78","modified":"Thu Jun 04 2015 14:50:54 GMT-0300 (E. South America Standard Time)"},"frames":[["id","timestamp",{"hands":[["id","type","direction","palmNormal","palmPosition","palmVelocity","stabilizedPalmPosition","pinchStrength","grabStrength","confidence","armBasis","armWidth","elbow","wrist"]]},{"pointables":[["id","direction","handId","length","stabilizedTipPosition","tipPosition","tipVelocity","tool","carpPosition","mcpPosition","pipPosition","dipPosition","btipPosition","bases","type"]]},{"interactionBox":["center","size"]}],[243963,4443029422,[[158,"left",[0.00262041,0.450952,-0.892544],[0.849765,-0.471517,-0.235736],[-80.0183,165.529,81.1543],[-133.33,175.736,-43.7681],[-79.8456,165.305,81.2261],0,0.926378,0.44236,[[-0.433713,-0.777254,-0.455817],[-0.391939,0.618245,-0.681291],[-0.811343,0.116832,0.572777]],63.3365,[-305.546,168.961,280.88],[-87.802,137.607,127.161]],[159,"right",[0.0477627,0.265967,-0.962798],[-0.989578,-0.118489,-0.0818231],[48.3895,127.049,59.9999],[-65.3034,-85.8334,153.083],[49.5827,128.273,57.2582],0,0.000657917,0.363141,[[0.0452674,-0.944145,-0.326405],[0.60473,0.28597,-0.743319],[0.795143,-0.163739,0.583898]],58.1766,[246.895,67.3821,249.936],[50.8832,107.745,105.998]]],[[1580,[-0.159566,0.908606,-0.38597],158,51.8027,[-76.7317,244.028,106.387],[-79.6076,245.771,108.183],[-147.973,129.042,24.7377],false,[-63.751,152.486,138.56],[-63.751,152.486,138.56],[-70.2797,201.124,131.243],[-75.6875,231.917,118.163],[-79.8238,249.977,104.096],[[[-0.971667,0.204782,-0.118013],[0.0432022,0.644779,0.763147],[-0.232371,-0.736426,0.635358]],[[-0.982854,-0.109625,0.148261],[0.129171,0.164444,0.977892],[0.131582,-0.980276,0.147464]],[[-0.982854,-0.109625,0.148261],[0.0923993,0.40301,0.910519],[0.159566,-0.908606,0.38597]],[[-0.982854,-0.109625,0.148261],[0.0488144,0.620687,0.782537],[0.177809,-0.776357,0.604693]]],0],[1581,[-0.0744876,-0.623398,0.778348],158,58.4535,[-41.165,156.695,89.6773],[-41.4428,157.832,88.9986],[-115.164,205.472,-92.7867],false,[-84.465,160.371,130.566],[-68.6593,196.607,69.0468],[-32.3606,175.999,60.0284],[-34.1501,161.022,78.7282],[-43.8006,156.902,92.0816],[[[-0.519232,-0.671361,-0.528841],[-0.82685,0.55112,0.112182],[-0.21614,-0.495521,0.841274]],[[-0.508627,-0.64761,-0.567362],[0.137031,0.589679,-0.795928],[-0.850012,0.482577,0.211184]],[[-0.508627,-0.64761,-0.567362],[0.857759,-0.438151,-0.268839],[0.0744876,0.623398,-0.778348]],[[-0.508627,-0.64761,-0.567362],[0.646828,-0.722335,0.244635],[0.568254,0.242557,-0.786291]]],1],[1582,[0.0073235,-0.475175,0.879861],158,66.6031,[-45.1089,145.721,92.1398],[-45.4228,147.133,91.2224],[-101.312,196.938,-104.316],false,[-92.0241,153.465,123.861],[-82.0236,181.079,61.0386],[-38.0362,163.247,54.5161],[-37.8292,149.816,79.3855],[-47.8701,146.438,94.7697],[[[-0.395043,-0.816185,-0.421644],[-0.907274,0.418672,0.039603],[-0.144207,-0.398191,0.905896]],[[-0.392961,-0.810466,-0.434427],[0.0513494,0.452354,-0.890359],[-0.91812,0.372184,0.136141]],[[-0.392961,-0.810466,-0.434427],[0.919526,-0.34257,-0.192661],[-0.0073235,0.475175,-0.879861]],[[-0.392961,-0.810466,-0.434427],[0.74607,-0.557174,0.364605],[0.537551,0.180837,-0.823612]]],2],[1583,[0.182895,-0.378313,0.90743],158,64.0407,[-51.9514,134.059,89.6016],[-52.6933,135.792,88.7126],[-90.2451,192.404,-115.073],false,[-97.5187,144.247,118.034],[-93.492,161.724,58.4103],[-51.8551,148.439,50.5251],[-46.8191,138.022,75.5114],[-54.0359,135.065,92.3659],[[[-0.342432,-0.895109,-0.285515],[-0.937314,0.346382,0.0382351],[-0.0646729,-0.28071,0.957611]],[[-0.341244,-0.890043,-0.302286],[-0.0675986,0.343993,-0.936536],[-0.937541,0.299153,0.177551]],[[-0.341244,-0.890043,-0.302286],[0.92201,-0.254368,-0.291881],[-0.182895,0.378313,-0.90743]],[[-0.341244,-0.890043,-0.302286],[0.855889,-0.427161,0.291526],[0.388595,0.159241,-0.907544]]],3],[1584,[0.859031,-0.168631,-0.483352],158,50.2067,[-44.566,129.646,20.7269],[-44.7709,130.601,20.4662],[-145.718,305.288,-134.964],false,[-97.4385,130.743,113.817],[-99.9884,141.49,57.2492],[-73.4922,136.038,34.8108],[-56.7917,132.759,25.4139],[-41.2982,129.786,18.7318],[[[-0.188006,-0.966428,-0.17513],[-0.981171,0.176773,0.0778131],[0.0442425,-0.186462,0.981466]],[[-0.174691,-0.984075,0.0328543],[-0.633359,0.0867595,-0.768979],[-0.753883,0.155142,0.638429]],[[-0.174691,-0.984075,0.0328543],[-0.481195,0.0562143,-0.87481],[-0.859031,0.168631,0.483352]],[[-0.174691,-0.984075,0.0328543],[-0.389501,0.0384208,-0.920224],[-0.904307,0.173552,0.39001]]],4],[1590,[-0.347055,0.843144,-0.410684],159,47.5824,[5.68236,206.987,68.9396],[3.44514,205.108,72.5503],[-111.874,-80.8813,202.046],false,[37.4406,130.646,114.903],[37.4406,130.646,114.903],[18.5444,164.163,90.4762],[7.74083,190.41,77.6919],[1.99086,210.142,71.8487],[[[0.949089,-0.227084,-0.21832],[0.314587,0.719117,0.619602],[0.0162962,-0.656738,0.753943]],[[0.842941,0.0884853,-0.530679],[0.342846,0.671812,0.656601],[0.414616,-0.735417,0.535962]],[[0.842941,0.0884853,-0.530679],[0.411099,0.530357,0.74143],[0.347055,-0.843144,0.410684]],[[0.842941,0.0884853,-0.530679],[0.465871,0.373316,0.802246],[0.269098,-0.923475,0.273461]]],0],[1591,[-0.537609,-0.457748,0.708126],159,53.6915,[3.95591,146.351,48.6966],[1.72816,142.467,54.5779],[-64.9633,-128.479,206.332],false,[56.5737,128.315,105.061],[48.3262,155.221,44.0708],[12.0546,157.438,29.3045],[0.190845,147.336,44.9312],[2.31694,140.365,58.7231],[[[0.141934,-0.898435,-0.415536],[0.982231,0.179899,-0.0534622],[0.122787,-0.400564,0.908004]],[[0.135168,-0.875739,-0.463476],[0.355867,0.479466,-0.802167],[0.92471,-0.0565084,0.376455]],[[0.135168,-0.875739,-0.463476],[-0.832289,0.153453,-0.532679],[0.537609,0.457748,-0.708126]],[[0.135168,-0.875739,-0.463476],[-0.981404,-0.182678,0.0589534],[-0.136295,0.446889,-0.884146]]],1],[1592,[-0.803307,-0.14899,0.576628],159,61.1771,[-7.92241,139.285,39.3408],[-10.6166,135.321,45.0397],[-82.011,-136.786,212.714],false,[59.6127,118.819,99.8682],[53.0141,136.245,38.9561],[14.4444,142.281,18.6445],[-6.41153,138.413,33.6152],[-11.5935,134.136,49.4019],[[[-0.0123216,-0.961709,-0.273797],[0.994544,0.0165804,-0.102996],[0.103592,-0.273572,0.956257]],[[-0.0113652,-0.964192,-0.264962],[0.481371,0.226978,-0.846618],[0.876443,-0.137167,0.461554]],[[-0.0113652,-0.964192,-0.264962],[-0.595457,0.219399,-0.772849],[0.803307,0.14899,-0.576628]],[[-0.0113652,-0.964192,-0.264962],[-0.95323,0.0904841,-0.288383],[0.302031,0.249292,-0.920125]]],2],[1593,[-0.789883,-0.0154094,0.613064],159,58.8234,[-2.27277,122.778,42.6994],[-4.60983,118.873,48.3759],[-70.9892,-127.327,201.455],false,[60.2152,108.304,96.0113],[55.4434,115.59,39.4879],[19.3547,120.369,21.0812],[-0.62305,119.979,36.5868],[-5.68299,118.429,52.8037],[[[-0.0718806,-0.98998,-0.121543],[0.993917,-0.060901,-0.0917582],[0.0834367,-0.1274,0.988336]],[[-0.0714978,-0.990553,-0.117017],[0.460672,0.0712615,-0.884705],[0.884686,-0.117161,0.451225]],[[-0.0714978,-0.990553,-0.117017],[-0.609075,0.136262,-0.781319],[0.789883,0.0154094,-0.613064]],[[-0.0714978,-0.990553,-0.117017],[-0.952315,0.10268,-0.287321],[0.296622,0.090894,-0.95066]]],3],[1594,[-0.564768,-0.211341,-0.797729],159,46.1165,[22.0059,84.023,-11.8285],[20.6785,82.0708,-8.89683],[-97.3866,-140.229,198.965],false,[54.8341,96.5472,94.7153],[53.5811,96.2658,41.7902],[38.1879,88.2005,14.5836],[28.1027,84.4266,0.338318],[18.3071,81.546,-11.6371],[[[-0.22497,-0.974309,0.0105058],[0.974078,-0.225152,-0.0218655],[0.0236692,0.00531435,0.999706]],[[-0.200112,-0.902731,0.380832],[0.85592,-0.350232,-0.380445],[0.476819,0.24983,0.842751]],[[-0.200112,-0.902731,0.380832],[0.80062,-0.374717,-0.467541],[0.564768,0.211341,0.797729]],[[-0.200112,-0.902731,0.380832],[0.756649,-0.389324,-0.525271],[0.622445,0.183043,0.760958]]],4]],[[0,200,0],[235.247,235.247,147.751]]],[243964,4443038513,[[158,"left",[-0.0343608,0.469375,-0.88233],[0.857,-0.440366,-0.267637],[-81.4634,166.665,80.7745],[-140.428,161.682,-43.2187],[-81.1269,166.382,80.8684],0,0.926584,0.455957,[[-0.43113,-0.781907,-0.450276],[-0.397458,0.612586,-0.683203],[-0.810033,0.115584,0.574879]],63.3365,[-304.587,168.583,280.633],[-87.1949,137.563,126.35]],[159,"right",[0.0348496,0.262379,-0.964335],[-0.988343,-0.134038,-0.0721867],[47.3611,126.723,61.1492],[-78.547,-71.9859,145.702],[49.1373,127.963,58.0383],0,0.000631469,0.359736,[[0.0484254,-0.942564,-0.330496],[0.602769,0.291418,-0.742795],[0.796445,-0.163242,0.582261]],58.1766,[246.905,67.4243,250.739],[50.5725,107.665,107.206]]],[[1580,[-0.189562,0.916126,-0.353242],158,51.8027,[-78.8289,245.163,107.38],[-82.2702,246.418,109.399],[-185.218,116.207,57.0615],false,[-63.3083,152.927,137.447],[-63.3083,152.927,137.447],[-71.2467,201.486,131.051],[-77.671,232.533,119.08],[-82.5662,250.769,105.492],[[[-0.980129,0.17749,-0.0885668],[0.0439488,0.629708,0.775587],[-0.19343,-0.756284,0.624996]],[[-0.9763,-0.137604,0.167044],[0.145743,0.152575,0.977487],[0.159993,-0.978665,0.128904]],[[-0.9763,-0.137604,0.167044],[0.104426,0.376535,0.920498],[0.189562,-0.916126,0.353242]],[[-0.9763,-0.137604,0.167044],[0.0505717,0.605426,0.794293],[0.210431,-0.783916,0.584119]]],0],[1581,[-0.0349645,-0.641631,0.766216],158,58.4535,[-41.9433,158.477,88.4831],[-42.4772,159.987,87.4512],[-114.569,214.088,-114.243],false,[-84.4521,160.342,130.161],[-71.3621,198.321,69.0561],[-34.7116,179.029,58.6549],[-35.5516,163.614,77.0631],[-44.7163,158.921,90.5687],[[[-0.51264,-0.675678,-0.529772],[-0.839736,0.523195,0.145291],[-0.179005,-0.519351,0.835603]],[[-0.503776,-0.650835,-0.568],[0.0980764,0.610188,-0.786163],[-0.858249,0.451757,0.243566]],[[-0.503776,-0.650835,-0.568],[0.863127,-0.405861,-0.300482],[0.0349645,0.641631,-0.766216]],[[-0.503776,-0.650835,-0.568],[0.674531,-0.707148,0.212015],[0.539646,0.276325,-0.795252]]],1],[1582,[0.0445648,-0.492933,0.868925],158,66.6031,[-45.6219,147.323,90.9583],[-46.0846,149.128,89.5534],[-93.4859,203.012,-126.048],false,[-91.975,153.351,123.503],[-84.4618,182.563,61.0587],[-40.1474,166.219,53.0285],[-38.8877,152.286,77.5888],[-48.4164,148.285,93.1483],[[[-0.381395,-0.818858,-0.428963],[-0.918041,0.389902,0.071945],[-0.108341,-0.421245,0.900453]],[[-0.379828,-0.81283,-0.441631],[0.0144241,0.472147,-0.881402],[-0.924945,0.341151,0.16761]],[[-0.379828,-0.81283,-0.441631],[0.923983,-0.310361,-0.223453],[-0.0445648,0.492933,-0.868925]],[[-0.379828,-0.81283,-0.441631],[0.771686,-0.541684,0.333286],[0.510129,0.214209,-0.832996]]],2],[1583,[0.218071,-0.391474,0.893976],158,64.0407,[-52.2827,135.517,88.4228],[-53.0649,137.622,86.9779],[-76.7596,195.33,-136.286],false,[-97.3426,144.093,117.621],[-95.4109,162.928,58.3066],[-53.6173,151.086,49.0666],[-47.6126,140.307,73.6825],[-54.2894,136.778,90.6493],[[[-0.322883,-0.89897,-0.295973],[-0.94593,0.316775,0.0697815],[-0.0310256,-0.302501,0.952644]],[[-0.322288,-0.893519,-0.312656],[-0.102537,0.361287,-0.9268],[-0.941072,0.266638,0.208058]],[[-0.322288,-0.893519,-0.312656],[0.921181,-0.219937,-0.321018],[-0.218071,0.391474,-0.893976]],[[-0.322288,-0.893519,-0.312656],[0.875715,-0.406845,0.26],[0.359518,0.190003,-0.91359]]],3],[1584,[0.850794,-0.132216,-0.508594],158,50.2067,[-46.2343,132.766,18.9566],[-46.7927,134.103,18.4617],[-166.863,327.53,-158.449],false,[-96.9693,130.69,113.112],[-101.327,142.534,56.8742],[-75.2761,138.362,33.6534],[-58.7357,135.792,23.7658],[-43.3394,133.432,16.6295],[[[-0.16354,-0.967839,-0.19116],[-0.983635,0.145118,0.106785],[0.0756101,-0.205495,0.975733]],[[-0.144243,-0.989414,0.0159175],[-0.655585,0.0835014,-0.75049],[-0.741217,0.118688,0.66069]],[[-0.144243,-0.989414,0.0159175],[-0.505315,0.0598186,-0.860859],[-0.850794,0.132216,0.508594]],[[-0.144243,-0.989414,0.0159175],[-0.414305,0.0457763,-0.908986],[-0.898635,0.137709,0.416522]]],4],[1590,[-0.351532,0.859378,-0.371342],159,47.5824,[5.04636,206.934,70.3703],[1.76513,205.66,76.2384],[-123.75,-25.9256,275.284],false,[36.8608,130.397,116.135],[36.8608,130.397,116.135],[17.5351,164.725,93.2189],[6.59214,191.477,81.6592],[0.506849,211.211,76.1715],[[[0.950436,-0.213449,-0.226078],[0.309131,0.726616,0.613569],[0.0333059,-0.653046,0.756586]],[[0.832359,0.105357,-0.544131],[0.356885,0.649257,0.671639],[0.424043,-0.753237,0.502814]],[[0.832359,0.105357,-0.544131],[0.428491,0.500369,0.752347],[0.351532,-0.859378,0.371342]],[[0.832359,0.105357,-0.544131],[0.475472,0.368733,0.798725],[0.284791,-0.923545,0.256824]]],0],[1591,[-0.502838,-0.465902,0.728072],159,53.6915,[3.66894,145.768,49.6222],[0.85789,141.188,56.6342],[-67.364,-132.504,215.226],false,[55.9368,128.316,106.127],[46.7182,154.82,45.1001],[10.1215,156.175,31.0491],[-0.974965,145.893,47.1159],[1.79583,139.107,60.8858],[[[0.151946,-0.89799,-0.412948],[0.978814,0.194725,-0.0632886],[0.137244,-0.394583,0.908553]],[[0.144437,-0.875751,-0.46065],[0.329623,0.481525,-0.812085],[0.932999,-0.0345457,0.358218]],[[0.144437,-0.875751,-0.46065],[-0.852228,0.126471,-0.507654],[0.502838,0.465902,-0.728072]],[[0.144437,-0.875751,-0.46065],[-0.973441,-0.209321,0.092721],[-0.177624,0.435023,-0.882726]]],1],[1592,[-0.787738,-0.161435,0.594481],159,61.1771,[-8.35696,138.6,40.4015],[-11.7456,133.888,47.1926],[-92.598,-143.5,223.565],false,[59.074,118.844,100.948],[51.6508,135.895,40.0243],[12.6271,141.16,20.3759],[-7.82459,136.969,35.8101],[-12.5911,132.666,51.7203],[[[-0.0000144329,-0.962994,-0.269523],[0.993186,0.0313957,-0.112229],[0.116538,-0.267688,0.956432]],[[0.00105083,-0.965401,-0.260769],[0.462232,0.231708,-0.855951],[0.886758,-0.119636,0.446483]],[[0.00105083,-0.965401,-0.260769],[-0.616009,0.204793,-0.760653],[0.787738,0.161435,-0.594481]],[[0.00105083,-0.965401,-0.260769],[-0.960635,0.0714703,-0.268464],[0.277813,0.250785,-0.927322]]],2],[1593,[-0.784096,-0.0247423,0.620146],159,58.8234,[-2.6388,122.192,43.6077],[-5.60293,117.682,50.0492],[-81.3319,-128.102,195.76],false,[59.803,108.322,97.1307],[54.4026,115.282,40.6227],[18.0893,119.425,22.5058],[-1.74204,118.8,38.1906],[-6.62782,117.245,54.4604],[[[-0.0577354,-0.991499,-0.116606],[0.993856,-0.0460354,-0.100652],[0.0944284,-0.1217,0.988065]],[[-0.0572972,-0.992052,-0.112025],[0.451969,0.0742773,-0.888936],[0.890192,-0.101566,0.444121]],[[-0.0572972,-0.992052,-0.112025],[-0.617989,0.123371,-0.776447],[0.784096,0.0247423,-0.620146]],[[-0.0572972,-0.992052,-0.112025],[-0.956392,0.0867332,-0.278913],[0.286412,0.0911593,-0.95376]]],3],[1594,[-0.568735,-0.223545,-0.791561],159,46.1165,[21.399,83.3004,-10.6828],[19.7162,81.0185,-7.29425],[-99.7791,-133.523,192.701],false,[54.592,96.4789,95.935],[52.8592,95.9427,43.0253],[37.3442,87.5204,15.9968],[27.1881,83.5285,1.86166],[17.3285,80.4445,-10.0101],[[[-0.209833,-0.977593,0.01678],[0.977189,-0.210259,-0.0298719],[0.0327307,0.0101292,0.999413]],[[-0.182692,-0.903989,0.386559],[0.857702,-0.338735,-0.386789],[0.480594,0.260889,0.837237]],[[-0.182692,-0.903989,0.386559],[0.801975,-0.364462,-0.47329],[0.568735,0.223545,0.791561]],[[-0.182692,-0.903989,0.386559],[0.757693,-0.380004,-0.530564],[0.626518,0.195964,0.75437]]],4]],[[0,200,0],[235.247,235.247,147.751]]],[243965,4443056541,[[158,"left",[-0.074361,0.486099,-0.870734],[0.855257,-0.417945,-0.306363],[-83.4964,168.235,79.756],[-127.308,126.303,-49.5156],[-83.3579,168.127,79.821],0,0.926805,0.471103,[[-0.429521,-0.78375,-0.448606],[-0.403455,0.610974,-0.681128],[-0.807921,0.111567,0.578634]],63.3365,[-303.889,168.065,280.184],[-87.0632,138.123,124.894]],[159,"right",[0.0175011,0.254422,-0.966935],[-0.987916,-0.144555,-0.0559166],[46.3023,126.312,64.6379],[-69.147,-48.6646,168.38],[48.4453,127.56,59.6493],0,0.000496026,0.369985,[[0.0437686,-0.942538,-0.33122],[0.595765,0.290761,-0.74868],[0.801965,-0.164561,0.574258]],58.1766,[248.101,67.1175,252.36],[50.4078,107.684,110.799]]],[[1580,[-0.200974,0.914541,-0.351034],158,51.8027,[-81.3042,246.302,106.049],[-83.4359,246.854,107.116],[-124.624,68.0957,-54.1446],false,[-63.097,153.731,135.466],[-63.097,153.731,135.466],[-71.6111,202.035,127.975],[-78.4222,233.029,116.079],[-83.6872,250.967,102.235],[[[-0.985841,0.159842,-0.050676],[0.0592695,0.614869,0.786399],[-0.156859,-0.772261,0.615637]],[[-0.972345,-0.142717,0.184871],[0.15843,0.178526,0.971096],[0.171596,-0.97353,0.150979]],[[-0.972345,-0.142717,0.184871],[0.118974,0.37848,0.917931],[0.200974,-0.914541,0.351034]],[[-0.972345,-0.142717,0.184871],[0.057624,0.620497,0.782089],[0.226329,-0.771113,0.595113]]],0],[1581,[0.00429999,-0.657341,0.753581],158,58.4535,[-43.6559,161.177,85.9236],[-44.1793,162.196,84.9313],[-104.971,170.57,-126.222],false,[-84.6217,160.872,129.076],[-74.4184,200.311,68.3476],[-37.797,181.957,56.2804],[-37.6937,166.165,74.3851],[-46.2851,161.023,88.1025],[[[-0.518046,-0.67497,-0.525398],[-0.843895,0.503521,0.185222],[-0.139529,-0.539335,0.830451]],[[-0.511011,-0.649207,-0.563381],[0.0586872,0.627539,-0.77637],[-0.857568,0.429797,0.282579]],[[-0.511011,-0.649207,-0.563381],[0.859563,-0.382665,-0.3387],[-0.00429999,0.657341,-0.753581]],[[-0.511011,-0.649207,-0.563381],[0.694939,-0.697767,0.173725],[0.505893,0.30274,-0.807726]]],1],[1582,[0.0838413,-0.508964,0.856695],158,66.6031,[-46.9021,149.809,88.4725],[-47.5231,151.229,86.9498],[-87.1593,161.835,-134.34],false,[-92.2402,153.867,122.542],[-87.4896,184.461,60.4886],[-43.1822,169.144,50.6068],[-40.8124,154.758,74.8215],[-49.718,150.267,90.6144],[[[-0.38063,-0.817513,-0.432197],[-0.922187,0.370197,0.111918],[-0.0685032,-0.441166,0.894807]],[[-0.379625,-0.811203,-0.444785],[-0.0251204,0.489637,-0.871564],[-0.9248,0.319694,0.206256]],[[-0.379625,-0.811203,-0.444785],[0.921334,-0.287931,-0.261228],[-0.0838413,0.508964,-0.856695]],[[-0.379625,-0.811203,-0.444785],[0.792827,-0.533032,0.295469],[0.47677,0.240471,-0.845496]]],2],[1583,[0.257011,-0.404871,0.877511],158,64.0407,[-53.2652,137.81,86.0166],[-54.3413,139.64,84.3598],[-74.1885,156.048,-140.777],false,[-97.6347,144.624,116.661],[-98.1534,164.672,57.7156],[-56.4942,153.845,46.7793],[-49.4173,142.697,70.9418],[-55.4206,138.699,88.0554],[[[-0.315953,-0.899089,-0.303007],[-0.948738,0.296591,0.109221],[0.00833061,-0.321983,0.946709]],[[-0.316051,-0.893295,-0.319587],[-0.142067,0.377615,-0.914999],[-0.938045,0.243783,0.246254]],[[-0.316051,-0.893295,-0.319587],[0.913267,-0.1952,-0.357546],[-0.257011,0.404871,-0.877511]],[[-0.316051,-0.893295,-0.319587],[0.891976,-0.394545,0.220709],[0.32325,0.215309,-0.921494]]],3],[1584,[0.834841,-0.105223,-0.540341],158,50.2067,[-50.0813,137.01,15.7919],[-50.4272,137.61,15.6179],[-183.321,264.597,-157.885],false,[-97.1656,131.323,111.866],[-103.727,144.198,56.0702],[-78.433,141.006,31.8779],[-62.2028,138.96,21.3731],[-47.0229,137.048,13.6622],[[[-0.151734,-0.966876,-0.205252],[-0.981843,0.12352,0.143971],[0.113849,-0.223371,0.968062]],[[-0.124753,-0.992188,0.000466448],[-0.682996,0.0855358,-0.725396],[-0.719689,0.0908141,0.688331]],[[-0.124753,-0.992188,0.000466448],[-0.536169,0.0670199,-0.841446],[-0.834841,0.105223,0.540341]],[[-0.124753,-0.992188,0.000466448],[-0.446594,0.0557328,-0.892999],[-0.885997,0.111613,0.450058]]],4],[1590,[-0.357191,0.867695,-0.345717],159,47.5824,[4.27588,207.005,72.7033],[0.559537,206.181,81.7018],[-93.217,3.37142,294.292],false,[36.6035,130.352,119.745],[36.6035,130.352,119.745],[16.814,165.11,97.8969],[5.69489,192.121,87.135],[-0.615283,211.858,81.9194],[[[0.949003,-0.205844,-0.238791],[0.31104,0.734922,0.602614],[0.0514483,-0.646156,0.761469]],[[0.819574,0.113624,-0.561595],[0.373836,0.636741,0.674394],[0.434218,-0.76266,0.47938]],[[0.819574,0.113624,-0.561595],[0.448011,0.483937,0.751725],[0.357191,-0.867695,0.345717]],[[0.819574,0.113624,-0.561595],[0.491007,0.365896,0.79059],[0.295315,-0.923693,0.244089]]],0],[1591,[-0.453184,-0.468095,0.758624],159,53.6915,[3.35432,145.038,51.1414],[0.368183,139.997,61.5098],[-40.6638,-100.993,244.395],false,[55.545,128.377,109.464],[45.1299,154.262,48.3641],[8.1074,154.791,35.4166],[-1.89332,144.461,52.1576],[1.81097,137.989,65.8588],[[[0.154754,-0.899936,-0.407636],[0.975709,0.203978,-0.0799041],[0.155057,-0.385369,0.909642]],[[0.146438,-0.878564,-0.454623],[0.296132,0.477435,-0.827262],[0.943855,-0.0134855,0.330085]],[[0.146438,-0.878564,-0.454623],[-0.879306,0.0949363,-0.466698],[0.453184,0.468095,-0.758624]],[[0.146438,-0.878564,-0.454623],[-0.960294,-0.236578,0.14787],[-0.237467,0.414918,-0.878324]]],1],[1592,[-0.768845,-0.166687,0.617327],159,61.1771,[-8.98805,137.679,42.27],[-12.9069,132.628,52.0503],[-78.2067,-108.987,247.857],false,[58.6991,118.893,104.317],[50.1766,135.345,43.3732],[10.6368,139.963,24.6142],[-9.3244,135.635,40.6416],[-13.6007,131.408,56.7106],[[[0.00566289,-0.965225,-0.261358],[0.990993,0.0403862,-0.127679],[0.133794,-0.258281,0.95676]],[[0.00687423,-0.967525,-0.252683],[0.438946,0.229963,-0.868587],[0.898487,-0.104943,0.426272]],[[0.00687423,-0.967525,-0.252683],[-0.639398,0.190031,-0.745023],[0.768845,0.166687,-0.617327]],[[0.00687423,-0.967525,-0.252683],[-0.968417,0.0565406,-0.24284],[0.24924,0.246372,-0.936579]]],2],[1593,[-0.776015,-0.0268849,0.630141],159,58.8234,[-3.19227,121.414,45.1783],[-6.72275,116.652,54.3606],[-72.1954,-93.9335,213.293],false,[59.4767,108.346,100.579],[53.1464,114.766,44.1033],[16.581,118.396,26.3878],[-3.04598,117.716,42.3254],[-7.69154,116.256,58.6741],[[[-0.0494314,-0.992993,-0.10734],[0.992625,-0.036932,-0.115461],[0.110688,-0.112256,0.987495]],[[-0.0489007,-0.993519,-0.102609],[0.440595,0.0707396,-0.894914],[0.896373,-0.0889711,0.434281]],[[-0.0489007,-0.993519,-0.102609],[-0.628815,0.110441,-0.769671],[0.776015,0.0268849,-0.630141]],[[-0.0489007,-0.993519,-0.102609],[-0.960961,0.0748095,-0.26638],[0.27233,0.0855774,-0.958391]]],3],[1594,[-0.578424,-0.236075,-0.780829],159,46.1165,[20.272,82.1769,-8.15196],[18.084,79.7453,-2.98584],[-95.3807,-103.795,214.673],false,[54.3687,96.4415,99.5628],[51.8363,95.4335,46.6923],[35.9999,86.6217,19.9761],[25.6709,82.406,6.03261],[15.6627,79.1212,-5.65959],[[[-0.199615,-0.979468,0.028236],[0.978706,-0.200701,-0.0430514],[0.0478344,0.019041,0.998674]],[[-0.16759,-0.902398,0.396978],[0.855147,-0.333428,-0.396925],[0.490548,0.272954,0.827562]],[[-0.16759,-0.902398,0.396978],[0.798335,-0.360481,-0.482405],[0.578424,0.236075,0.780829]],[[-0.16759,-0.902398,0.396978],[0.753311,-0.376973,-0.538902],[0.635953,0.208733,0.742963]]],4]],[[0,200,0],[235.247,235.247,147.751]]],[243966,4443066148,[[158,"left",[-0.0865784,0.493216,-0.865588],[0.853135,-0.411964,-0.320072],[-84.523,168.738,79.3102],[-121.376,104.838,-48.6135],[-84.2396,168.589,79.4344],0,0.926795,0.483967,[[-0.431529,-0.782323,-0.449169],[-0.404815,0.612903,-0.678583],[-0.806168,0.110997,0.581182]],63.3365,[-303.793,168.017,280.202],[-87.4372,138.228,124.227]],[159,"right",[0.0254716,0.253421,-0.967021],[-0.98887,-0.135458,-0.0615456],[45.5193,125.944,66.4164],[-72.7342,-45.6653,173.237],[48.1173,127.379,60.4078],0,0,0.371613,[[0.0387044,-0.944479,-0.326283],[0.589579,0.285219,-0.755677],[0.806783,-0.163121,0.567884]],58.1766,[248.065,67.1065,252.605],[49.1839,107.318,112.615]]],[[1580,[-0.201112,0.91149,-0.358803],158,51.8027,[-81.9059,246.48,105.08],[-83.556,246.855,105.545],[-99.3015,45.7406,-93.8425],false,[-63.4065,153.839,134.648],[-63.4065,153.839,134.648],[-71.9612,202.001,126.336],[-78.7769,232.892,114.176],[-84.0471,250.896,100.42],[[[-0.986977,0.156408,-0.0375916],[0.0662855,0.608364,0.790885],[-0.14657,-0.778094,0.610809]],[[-0.97192,-0.139991,0.189142],[0.160143,0.195436,0.967553],[0.172414,-0.970674,0.16753]],[[-0.97192,-0.139991,0.189142],[0.122172,0.386766,0.914049],[0.201112,-0.91149,0.358803]],[[-0.97192,-0.139991,0.189142],[0.0636141,0.617549,0.783956],[0.226551,-0.773974,0.591302]]],0],[1581,[0.0157976,-0.663668,0.747861],158,58.4535,[-44.387,161.926,85.0389],[-45.1249,162.806,83.9706],[-103.014,139.457,-118.485],false,[-85.0328,160.949,128.575],[-75.7039,200.945,68.0704],[-39.1596,182.834,55.4172],[-38.7801,166.889,73.3845],[-47.1861,161.597,87.1593],[[[-0.521689,-0.672486,-0.524979],[-0.843544,0.498614,0.199544],[-0.127572,-0.546943,0.827393]],[[-0.515216,-0.646416,-0.56276],[0.0471446,0.634247,-0.771692],[-0.855763,0.424119,0.2963]],[[-0.515216,-0.646416,-0.56276],[0.856915,-0.37642,-0.352144],[-0.0157976,0.663668,-0.747861]],[[-0.515216,-0.646416,-0.56276],[0.699679,-0.696447,0.159408],[0.494977,0.311621,-0.811104]]],1],[1582,[0.096156,-0.515978,0.851188],158,66.6031,[-47.5047,150.571,87.548],[-48.4001,151.814,85.9252],[-88.226,132.516,-126.35],false,[-92.7018,153.971,122.072],[-88.8073,185.112,60.2314],[-44.5629,170.058,49.6854],[-41.8451,155.474,73.7445],[-50.5428,150.811,89.6036],[[[-0.382629,-0.815279,-0.434643],[-0.922193,0.365615,0.126034],[-0.0561592,-0.449049,0.891741]],[[-0.381799,-0.808859,-0.447188],[-0.0375358,0.497012,-0.866932],[-0.923483,0.314208,0.220119]],[[-0.381799,-0.808859,-0.447188],[0.91923,-0.281983,-0.274776],[-0.096156,0.515978,-0.851188]],[[-0.381799,-0.808859,-0.447188],[0.798375,-0.532394,0.281343],[0.465647,0.249607,-0.84904]]],2],[1583,[0.269065,-0.411352,0.870858],158,64.0407,[-53.7805,138.561,85.0921],[-55.2022,140.218,83.3187],[-78.7785,128.34,-131.457],false,[-98.1307,144.758,116.176],[-99.4278,165.305,57.4156],[-57.8611,154.736,45.8913],[-50.4523,143.41,69.8706],[-56.2345,139.241,87.0197],[[[-0.316108,-0.897701,-0.306934],[-0.948494,0.291932,0.123021],[0.0208322,-0.330013,0.943746]],[[-0.316426,-0.891766,-0.323463],[-0.15443,0.38486,-0.909964],[-0.935963,0.237983,0.259495]],[[-0.316426,-0.891766,-0.323463],[0.909659,-0.188529,-0.370105],[-0.269065,0.411352,-0.870858]],[[-0.316426,-0.891766,-0.323463],[0.896068,-0.392898,0.206621],[0.311346,0.224465,-0.923406]]],3],[1584,[0.828748,-0.0973409,-0.551091],158,50.2067,[-51.5319,138.151,14.7953],[-52.1036,138.791,14.5233],[-180.805,223.522,-145.12],false,[-97.668,131.5,111.262],[-104.943,144.824,55.661],[-79.9265,141.938,31.1433],[-63.8148,140.046,20.4295],[-48.7205,138.259,12.5231],[[[-0.15048,-0.965676,-0.211722],[-0.980522,0.118442,0.156675],[0.126221,-0.231175,0.96469]],[[-0.120954,-0.992636,-0.00656241],[-0.691912,0.0890472,-0.71647],[-0.711778,0.0821195,0.697588]],[[-0.120954,-0.992636,-0.00656241],[-0.546394,0.0720955,-0.834419],[-0.828748,0.0973409,0.551091]],[[-0.120954,-0.992636,-0.00656241],[-0.457389,0.0615985,-0.887131],[-0.881003,0.104301,0.461471]]],4],[1590,[-0.345179,0.874243,-0.341394],159,47.5824,[4.01314,207.055,73.6281],[0.492593,206.564,83.6418],[-68.2785,13.1493,267.438],false,[35.5383,130.12,121.463],[35.5383,130.12,121.463],[16.2414,165.232,99.7399],[5.49622,192.447,89.1125],[-0.646489,212.223,83.8456],[[[0.948428,-0.214819,-0.233102],[0.314323,0.732529,0.603823],[0.0410412,-0.645952,0.762274]],[[0.822857,0.106953,-0.558093],[0.378988,0.628503,0.679229],[0.423409,-0.770419,0.476634]],[[0.822857,0.106953,-0.558093],[0.451396,0.473561,0.756295],[0.345179,-0.874243,0.341394]],[[0.822857,0.106953,-0.558093],[0.490166,0.363267,0.792322],[0.287478,-0.925526,0.246492]]],0],[1591,[-0.440145,-0.464965,0.768167],159,53.6915,[3.24457,144.776,51.7695],[0.242101,139.881,63.5179],[-28.5916,-75.7638,236.656],false,[54.5201,127.961,111.294],[44.7002,153.889,50.1136],[7.62484,154.518,37.3225],[-2.08813,144.257,54.2741],[1.88098,137.874,67.943],[[[0.148783,-0.901678,-0.406006],[0.978003,0.194874,-0.0743915],[0.146197,-0.386007,0.910838]],[[0.141082,-0.880674,-0.452227],[0.294435,0.473452,-0.830151],[0.9452,-0.0160325,0.326097]],[[0.141082,-0.880674,-0.452227],[-0.886774,0.0906712,-0.453222],[0.440145,0.464965,-0.768167]],[[0.141082,-0.880674,-0.452227],[-0.956742,-0.238689,0.166351],[-0.254443,0.409196,-0.876252]]],1],[1592,[-0.771022,-0.159946,0.616395],159,61.1771,[-9.25113,137.355,43.044],[-13.4902,132.744,53.6808],[-73.1984,-74.0907,225.9],false,[57.6161,118.444,106.173],[49.6004,134.922,45.1673],[10.1532,139.86,26.2949],[-9.86447,135.707,42.2981],[-14.1997,131.528,58.3639],[[[-0.0017535,-0.96546,-0.260545],[0.992049,0.0311072,-0.121945],[0.125838,-0.258688,0.957729]],[[-0.000617783,-0.967755,-0.251891],[0.443281,0.225526,-0.867548],[0.896382,-0.112195,0.428848]],[[-0.000617783,-0.967755,-0.251891],[-0.636809,0.194595,-0.746062],[0.771022,0.159946,-0.616395]],[[-0.000617783,-0.967755,-0.251891],[-0.96755,0.0642259,-0.24438],[0.252678,0.243567,-0.936392]]],2],[1593,[-0.781382,-0.0188005,0.62377],159,58.8234,[-3.44614,121.133,45.8398],[-7.52422,116.773,55.7652],[-75.7264,-62.736,191.151],false,[58.3178,107.888,102.448],[52.3753,114.318,45.9312],[16.0042,118.275,27.889],[-3.75852,117.799,43.6654],[-8.53131,116.401,59.9828],[[[-0.0579961,-0.992585,-0.106829],[0.992895,-0.0462123,-0.109656],[0.103906,-0.112429,0.988212]],[[-0.0574814,-0.993129,-0.101939],[0.44914,0.0654661,-0.89106],[0.89161,-0.0970041,0.442291]],[[-0.0574814,-0.993129,-0.101939],[-0.6214,0.115508,-0.774932],[0.781382,0.0188005,-0.62377]],[[-0.0574814,-0.993129,-0.101939],[-0.958339,0.0835053,-0.273153],[0.279788,0.0819906,-0.956554]]],3],[1594,[-0.575889,-0.231601,-0.784036],159,46.1165,[19.776,81.7824,-7.06406],[17.2696,79.5756,-1.33454],[-92.069,-79.0087,202.189],false,[53.1058,96.0299,101.412],[50.8713,95,48.5281],[35.1177,86.304,21.7251],[24.8339,82.1682,7.7244],[14.8651,78.9631,-4.02344],[[[-0.208833,-0.977554,0.0278609],[0.97704,-0.209783,-0.037197],[0.0422068,0.0194533,0.998919]],[[-0.178218,-0.900402,0.39688],[0.854464,-0.341637,-0.391376],[0.487985,0.26937,0.830248]],[[-0.178218,-0.900402,0.39688],[0.797866,-0.368288,-0.477256],[0.575889,0.231601,0.784036]],[[-0.178218,-0.900402,0.39688],[0.752978,-0.384444,-0.534066],[0.633452,0.203662,0.746498]]],4]],[[0,200,0],[235.247,235.247,147.751]]],[243967,4443074630,[[158,"left",[-0.0981063,0.498377,-0.861392],[0.851814,-0.405506,-0.331629],[-85.6361,169.206,78.7397],[-123.948,91.8812,-53.4791],[-85.1982,169.013,78.9576],0,0.925764,0.500528,[[-0.432915,-0.782093,-0.448235],[-0.407373,0.613314,-0.676678],[-0.804134,0.110346,0.584116]],63.3365,[-303.736,168.005,280.246],[-87.9268,138.391,123.484]],[159,"right",[0.045214,0.247019,-0.967955],[-0.990313,-0.116254,-0.0759262],[44.5141,125.788,68.7073],[-84.6832,-38.5212,198.521],[47.821,127.248,61.0904],0,0,0.344898,[[0.0253807,-0.948819,-0.314797],[0.580643,0.270327,-0.767969],[0.813763,-0.163293,0.557786]],58.1766,[247.706,67.1196,252.564],[47.1046,107.373,115.063]]],[[1580,[-0.206473,0.907398,-0.366058],158,51.8027,[-82.4828,246.53,104.118],[-84.0571,246.873,103.856],[-104.251,30.4389,-122.448],false,[-63.8676,154.056,133.756],[-63.8676,154.056,133.756],[-72.6834,202.068,124.867],[-79.6809,232.82,112.461],[-85.0798,250.776,98.6917],[[[-0.988093,0.151595,-0.0262861],[0.0714717,0.603547,0.794118],[-0.13625,-0.782783,0.607195]],[[-0.970408,-0.14203,0.195284],[0.163521,0.208548,0.964245],[0.177678,-0.967644,0.179151]],[[-0.970408,-0.14203,0.195284],[0.125209,0.395546,0.909871],[0.206473,-0.907398,0.366058]],[[-0.970408,-0.14203,0.195284],[0.0666656,0.619713,0.781992],[0.232086,-0.77187,0.591906]]],0],[1581,[0.0267908,-0.668156,0.743538],158,58.4535,[-45.1204,162.509,84.2551],[-46.1675,163.439,82.9691],[-108.148,122.35,-118.005],false,[-85.5919,161.095,127.955],[-77.0977,201.531,67.6198],[-40.5982,183.67,54.4901],[-39.9545,167.617,72.3536],[-48.1867,162.194,86.1823],[[[-0.523743,-0.671724,-0.523909],[-0.84392,0.492985,0.211578],[-0.116157,-0.55295,0.825078]],[[-0.517828,-0.645506,-0.561405],[0.0363429,0.639051,-0.768306],[-0.854712,0.418253,0.307459]],[[-0.517828,-0.645506,-0.561405],[0.855065,-0.369985,-0.363284],[-0.0267908,0.668156,-0.743538]],[[-0.517828,-0.645506,-0.561405],[0.704901,-0.693792,0.147539],[0.484736,0.319335,-0.814283]]],1],[1582,[0.109736,-0.521578,0.846117],158,66.6031,[-48.0802,151.151,86.7295],[-49.3224,152.438,84.8131],[-92.4935,117.198,-128.609],false,[-93.293,154.12,121.487],[-90.2021,185.681,59.8143],[-45.9995,170.968,48.6316],[-42.8978,156.226,72.5473],[-51.3803,151.4,88.4741],[[[-0.383028,-0.814387,-0.435962],[-0.922661,0.360065,0.138022],[-0.0445715,-0.455112,0.889318]],[[-0.382363,-0.807903,-0.448432],[-0.0508588,0.502975,-0.862803],[-0.922612,0.307097,0.233408]],[[-0.382363,-0.807903,-0.448432],[0.917473,-0.274315,-0.288088],[-0.109736,0.521578,-0.846117]],[[-0.382363,-0.807903,-0.448432],[0.804718,-0.529669,0.268106],[0.454124,0.258347,-0.852659]]],2],[1583,[0.280325,-0.415638,0.865253],158,64.0407,[-54.3007,139.128,84.3097],[-56.1261,140.811,82.2517],[-86.7631,113.178,-130.039],false,[-98.7367,144.918,115.588],[-100.751,165.84,56.9796],[-59.2548,155.559,44.952],[-51.5359,144.115,68.777],[-57.1155,139.804,85.9581],[[[-0.314761,-0.897295,-0.309496],[-0.948619,0.286269,0.134801],[0.032357,-0.336024,0.941298]],[[-0.315281,-0.891254,-0.325983],[-0.165918,0.389979,-0.905753],[-0.934382,0.23148,0.270827]],[[-0.315281,-0.891254,-0.325983],[0.906651,-0.181416,-0.380884],[-0.280325,0.415638,-0.865253]],[[-0.315281,-0.891254,-0.325983],[0.900187,-0.389613,0.194589],[0.300436,0.232095,-0.925133]]],3],[1584,[0.823142,-0.0894857,-0.560741],158,50.2067,[-52.9851,139.137,13.8073],[-53.7613,139.845,13.402],[-184.867,197.77,-141.94],false,[-98.2584,131.695,110.582],[-106.181,145.342,55.1485],[-81.423,142.745,30.3378],[-65.4203,141.005,19.4364],[-50.404,139.347,11.3554],[[[-0.147805,-0.965038,-0.216461],[-0.979418,0.112403,0.16765],[0.137458,-0.236785,0.961789]],[[-0.116,-0.993179,-0.0117861],[-0.700238,0.0901894,-0.70819],[-0.704423,0.0738968,0.705924]],[[-0.116,-0.993179,-0.0117861],[-0.555861,0.0747475,-0.827908],[-0.823142,0.0894857,0.560741]],[[-0.116,-0.993179,-0.0117861],[-0.467306,0.0650429,-0.8817],[-0.876453,0.0967693,0.471664]]],4],[1590,[-0.321324,0.881034,-0.347174],159,47.5824,[3.87647,207.133,74.2435],[0.888245,207.598,85.1049],[-38.5014,40.6938,242.014],false,[33.7813,130.494,123.569],[33.7813,130.494,123.569],[15.5444,165.968,101.521],[5.54176,193.394,90.7138],[-0.155731,213.247,85.2405],[[[0.947414,-0.234928,-0.217291],[0.31958,0.729809,0.604357],[0.0166002,-0.642018,0.76651]],[[0.832612,0.0882006,-0.546788],[0.382929,0.621593,0.683365],[0.400153,-0.778359,0.483772]],[[0.832612,0.0882006,-0.546788],[0.451118,0.464758,0.761901],[0.321324,-0.881034,0.347174]],[[0.832612,0.0882006,-0.546788],[0.485447,0.359069,0.797126],[0.266642,-0.929134,0.256149]]],0],[1591,[-0.440332,-0.45311,0.775113],159,53.6915,[3.17697,144.635,52.2053],[0.0920332,140.441,65.5281],[-23.052,-38.6936,237.948],false,[52.8691,127.899,113.705],[44.4983,153.646,52.2337],[7.52103,154.732,39.1918],[-2.19606,144.733,56.2967],[1.83202,138.462,70.0003],[[[0.137012,-0.90688,-0.398493],[0.982699,0.175051,-0.0605005],[0.124623,-0.38331,0.915174]],[[0.13057,-0.886452,-0.44402],[0.307031,0.461991,-0.832043],[0.9427,-0.027688,0.332491]],[[0.13057,-0.886452,-0.44402],[-0.88829,0.0943095,-0.449496],[0.440332,0.45311,-0.775113]],[[0.13057,-0.886452,-0.44402],[-0.957221,-0.22936,0.176415],[-0.258224,0.401991,-0.878478]]],1],[1592,[-0.780694,-0.14182,0.608608],159,61.1771,[-9.44205,137.188,43.5952],[-14.0891,133.626,55.226],[-73.0545,-27.6888,215.002],false,[55.8531,118.292,108.687],[49.0957,134.556,47.4721],[9.98721,140.131,28.0796],[-10.2816,136.449,43.8806],[-14.8754,132.448,59.9198],[[[-0.0169576,-0.966794,-0.254995],[0.994212,0.0107546,-0.106892],[0.106085,-0.255331,0.961016]],[[-0.0160026,-0.969052,-0.246339],[0.458239,0.211866,-0.863209],[0.888685,-0.126696,0.440667]],[[-0.0160026,-0.969052,-0.246339],[-0.624709,0.202055,-0.754263],[0.780694,0.14182,-0.608608]],[[-0.0160026,-0.969052,-0.246339],[-0.963356,0.0809163,-0.255729],[0.267747,0.23322,-0.934837]]],2],[1593,[-0.792688,0.00084741,0.609627],159,58.8234,[-3.658,120.982,46.3376],[-8.51924,117.612,57.206],[-86.9222,-20.1878,182.556],false,[56.4017,107.701,105.034],[51.449,113.906,48.3967],[15.5111,118.476,29.6452],[-4.53762,118.497,45.0639],[-9.60518,117.296,61.308],[[[-0.0760609,-0.991872,-0.102005],[0.993335,-0.0664908,-0.0941479],[0.0866002,-0.108487,0.990319]],[[-0.0756175,-0.992413,-0.0969447],[0.467053,0.0506476,-0.882778],[0.88099,-0.112032,0.459679]],[[-0.0756175,-0.992413,-0.0969447],[-0.604919,0.122945,-0.786738],[0.792688,-0.00084741,-0.609627]],[[-0.0756175,-0.992413,-0.0969447],[-0.951857,0.100807,-0.289492],[0.297068,0.0703869,-0.952258]]],3],[1594,[-0.568368,-0.225034,-0.791402],159,46.1165,[19.3634,81.5364,-6.13525],[16.3846,79.5753,0.799077],[-95.1049,-58.4914,215.003],false,[50.9716,95.9426,103.986],[49.5223,94.6375,51.0811],[34.0138,86.0865,24.0892],[23.8643,82.068,9.95694],[14.0124,78.9885,-1.92234],[[[-0.228602,-0.973049,0.0302663],[0.973135,-0.229275,-0.0210026],[0.0273759,0.024652,0.999321]],[[-0.202066,-0.894234,0.399394],[0.85346,-0.360813,-0.376059],[0.480391,0.264878,0.836101]],[[-0.202066,-0.894234,0.399394],[0.797576,-0.386918,-0.462782],[0.568368,0.225034,0.791402]],[[-0.202066,-0.894234,0.399394],[0.753167,-0.402561,-0.520274],[0.626026,0.195681,0.754851]]],4]],[[0,200,0],[235.247,235.247,147.751]]],[243968,4443093131,[[158,"left",[-0.122375,0.497001,-0.859078],[0.840853,-0.407914,-0.355769],[-89.1016,172.002,76.4303],[-154.562,120.51,-87.9464],[-88.649,171.656,76.7234],0,0.922182,0.535312,[[-0.430224,-0.784662,-0.446333],[-0.421892,0.611881,-0.669036],[-0.79807,0.0995309,0.594288]],63.3365,[-304.321,167.986,280.773],[-90.1387,141.274,121.281]],[159,"right",[0.0192191,0.299326,-0.953957],[-0.991004,-0.120687,-0.0578339],[43.5728,123.065,75.7291],[-68.3514,-91.0347,285.968],[47.3551,126.789,62.6957],0,0,0.336111,[[0.0607232,-0.93739,-0.342946],[0.559552,0.316485,-0.765988],[0.826568,-0.145383,0.543737]],58.1766,[251.214,66.3576,254.978],[47.4557,102.196,120.941]]],[[1580,[-0.218912,0.897676,-0.382434],158,51.8027,[-84.1828,247.188,101.248],[-85.4568,248.913,98.4491],[-134.907,57.7744,-200.826],false,[-65.7556,156.908,130.811],[-65.7556,156.908,130.811],[-75.0029,204.607,120.754],[-82.4219,235.029,107.793],[-88.2907,252.207,93.2456],[[[-0.988124,0.153636,0.00249849],[0.0960428,0.604851,0.790526],[-0.119942,-0.781377,0.612424]],[[-0.964497,-0.139737,0.224095],[0.18711,0.237257,0.953257],[0.186373,-0.961344,0.202688]],[[-0.964497,-0.139737,0.224095],[0.147725,0.417914,0.896396],[0.218912,-0.897676,0.382434]],[[-0.964497,-0.139737,0.224095],[0.0780881,0.659707,0.747455],[0.252284,-0.738417,0.625374]]],0],[1581,[0.0486366,-0.667231,0.743261],158,58.4535,[-47.7288,164.629,81.5023],[-49.5136,166.16,79.4892],[-142.637,134.285,-152.128],false,[-87.6265,163.982,125.638],[-80.8275,204.288,65.0027],[-44.7671,186.346,50.813],[-43.5986,170.316,68.6698],[-51.4121,164.921,82.7502],[[[-0.54031,-0.671575,-0.507003],[-0.836314,0.495156,0.235371],[-0.0929762,-0.551187,0.829185]],[[-0.535476,-0.645584,-0.544506],[0.0142573,0.637727,-0.770131],[-0.84443,0.42015,0.332283]],[[-0.535476,-0.645584,-0.544506],[0.843149,-0.371516,-0.388685],[-0.0486366,0.667231,-0.743261]],[[-0.535476,-0.645584,-0.544506],[0.708229,-0.694481,0.126916],[0.460084,0.317674,-0.829099]]],1],[1582,[0.133544,-0.520255,0.843505],158,66.6031,[-50.3173,153.104,84.2152],[-52.6599,155.17,81.4641],[-134.91,131.905,-153.863],false,[-95.529,157.011,119.413],[-94.1884,188.453,57.6161],[-50.3645,173.626,45.1649],[-46.5898,158.921,69.0068],[-54.6095,154.142,85.1854],[[[-0.397363,-0.814374,-0.422962],[-0.917458,0.362268,0.164415],[-0.0193304,-0.453383,0.891106]],[[-0.397052,-0.807921,-0.435446],[-0.0752139,0.501495,-0.861885],[-0.914709,0.309461,0.259886]],[[-0.397052,-0.807921,-0.435446],[0.908029,-0.276764,-0.314461],[-0.133544,0.520255,-0.843505]],[[-0.397052,-0.807921,-0.435446],[0.811179,-0.530863,0.245302],[0.429347,0.255827,-0.866149]]],2],[1583,[0.304943,-0.414672,0.857355],158,64.0407,[-56.4216,141.01,81.9863],[-59.5523,143.551,79.1205],[-134.552,130.017,-149.153],false,[-101.163,147.81,113.694],[-104.857,168.628,55.1306],[-63.7544,158.239,41.9043],[-55.3577,146.821,65.5118],[-60.4355,142.553,82.8583],[[[-0.325576,-0.897194,-0.298401],[-0.943652,0.288522,0.162099],[0.0593389,-0.334363,0.940575]],[[-0.326568,-0.891181,-0.314879],[-0.191752,0.388684,-0.901197],[-0.925518,0.233924,0.297818]],[[-0.326568,-0.891181,-0.314879],[0.89463,-0.183965,-0.407178],[-0.304943,0.414672,-0.857355]],[[-0.326568,-0.891181,-0.314879],[0.904764,-0.391119,0.168608],[0.273415,0.229829,-