{"metadata":{"formatVersion":2,"generatedBy":"LeapJS Playback 0.2.1","frames":94,"protocolVersion":6,"serviceVersion":"2.2.6+29154","frameRate":"1.1e+2","modified":"Thu Jun 04 2015 14:44:02 GMT-0300 (E. South America Standard Time)"},"frames":[["id","timestamp",{"hands":[["id","type","direction","palmNormal","palmPosition","palmVelocity","stabilizedPalmPosition","pinchStrength","grabStrength","confidence","armBasis","armWidth","elbow","wrist"]]},{"pointables":[["id","direction","handId","length","stabilizedTipPosition","tipPosition","tipVelocity","tool","carpPosition","mcpPosition","pipPosition","dipPosition","btipPosition","bases","type"]]},{"interactionBox":["center","size"]}],[216967,4048695675,[[127,"right",[-0.443647,0.817939,-0.366268],[-0.173466,-0.479333,-0.860319],[-9.39134,100.047,50.5127],[52.5178,1.60668,-7.90663],[-10.0746,99.9142,50.5442],0,0,0.733775,[[0.918853,-0.3788,0.110546],[0.130183,0.555461,0.821289],[-0.372508,-0.740253,0.5597]],59.8371,[-74.3449,-124.897,211.948],[20.1034,62.7918,70.0381]]],[[1270,[-0.63662,0.590738,-0.495725],127,48.9405,[-80.7392,94.0108,47.684],[-80.5691,94.3194,48.859],[47.2217,40.994,-19.8729],false,[-3.76864,46.7851,71.9812],[-3.76864,46.7851,71.9812],[-45.6765,67.1651,66.9094],[-66.0597,86.0793,51.0373],[-84.8051,96.6562,46.5931],[[[0.422392,0.716355,0.555356],[-0.456901,-0.360888,0.81302],[0.782832,-0.597156,0.174867]],[[0.318721,0.786894,0.528407],[-0.314873,-0.437922,0.842069],[0.89402,-0.434767,0.108197]],[[0.318721,0.786894,0.528407],[-0.702233,-0.178396,0.689234],[0.63662,-0.590738,0.495725]],[[0.318721,0.786894,0.528407],[-0.413423,-0.386247,0.824558],[0.852935,-0.481259,0.202215]]],0],[1271,[-0.631855,0.661895,-0.403304],127,55.2239,[-87.1166,165.066,26.3714],[-85.9723,166.021,26.4494],[82.8791,30.1453,-33.7941],false,[1.61791,66.2151,81.4126],[-40.1267,112.743,51.9939],[-64.5482,143.214,41.8559],[-78.8897,158.238,32.7019],[-89.1303,167.309,24.3197],[[[0.792282,0.450961,-0.411004],[0.0847713,0.585717,0.806071],[0.604238,-0.673476,0.425824]],[[0.769787,0.475151,-0.426215],[0.20251,0.451436,0.86902],[0.605324,-0.755273,0.251287]],[[0.769787,0.475151,-0.426215],[0.0904794,0.579765,0.809745],[0.631855,-0.661895,0.403304]],[[0.769787,0.475151,-0.426215],[-0.00724761,0.674198,0.738515],[0.63826,-0.56541,0.522432]]],1],[1272,[-0.310369,0.866435,-0.391104],127,62.9232,[-47.298,196.098,16.979],[-47.219,195.645,15.8715],[111.601,15.8166,-34.2359],false,[10.4817,72.6823,77.7643],[-21.6366,120.381,46.3682],[-33.7653,162.143,33.8162],[-42.0533,185.28,23.3723],[-48.113,199.458,14.79],[[[0.840495,0.249323,-0.481047],[0.230741,0.638597,0.734134],[0.490232,-0.728033,0.479208]],[[0.903095,0.14029,-0.405879],[0.335583,0.3592,0.870839],[0.267961,-0.922656,0.277313]],[[0.903095,0.14029,-0.405879],[0.2968,0.479176,0.826015],[0.310369,-0.866435,0.391104]],[[0.903095,0.14029,-0.405879],[0.257882,0.578583,0.773782],[0.343388,-0.803468,0.486338]]],2],[1273,[-0.212703,0.865567,-0.453377],127,60.5024,[-17.204,194.17,8.20946],[-16.5114,193.601,6.86389],[101.039,-5.40096,-29.6745],false,[19.9479,76.6453,72.4935],[-0.904108,121.955,41.3107],[-7.68405,160.893,27.2294],[-13.2173,183.409,15.4353],[-17.6764,197.374,5.79439],[[[0.883674,0.0906152,-0.459249],[0.305711,0.631244,0.712791],[0.354488,-0.770272,0.530112]],[[0.914678,0.0131766,-0.403968],[0.370474,0.372257,0.850984],[0.161593,-0.928036,0.335614]],[[0.914678,0.0131766,-0.403968],[0.343687,0.50062,0.794518],[0.212703,-0.865567,0.453377]],[[0.914678,0.0131766,-0.403968],[0.314283,0.605266,0.731354],[0.254145,-0.795914,0.549482]]],3],[1274,[-0.0148839,0.853297,-0.521212],127,47.4327,[18.1403,175.338,3.57787],[18.5725,174.844,2.79592],[86.9296,-24.8751,-20.5098],false,[29.517,75.0343,63.3033],[17.7427,119.519,34.1926],[19.575,149.815,20.7252],[19.3016,165.487,11.1521],[18.0751,178.219,1.23204],[[[0.856022,-0.104698,-0.506226],[0.469542,0.567105,0.676699],[0.216234,-0.816964,0.534615]],[[0.879822,-0.236491,-0.412293],[0.472089,0.334094,0.81579],[-0.0551824,-0.912389,0.405588]],[[0.879822,-0.236491,-0.412293],[0.47507,0.464711,0.74723],[0.0148839,-0.853297,0.521212]],[[0.879822,-0.236491,-0.412293],[0.469224,0.570454,0.6741],[0.0757756,-0.786546,0.612865]]],4]],[[0,200,0],[235.247,235.247,147.751]]],[216968,4048704479,[[127,"right",[-0.427619,0.822037,-0.376027],[-0.179193,-0.484808,-0.856067],[-7.69024,100.475,50.4688],[90.4356,14.2672,-7.12085],[-8.69952,100.238,50.5007],0,0,0.750907,[[0.91554,-0.39029,0.0972635],[0.145577,0.546945,0.824414],[-0.374958,-0.740625,0.557567]],59.8371,[-74.0061,-124.888,211.841],[21.0633,62.8947,70.4713]]],[[1270,[-0.624809,0.594615,-0.506011],127,48.9405,[-79.2307,95.4342,47.1144],[-78.9456,95.9129,48.2561],[83.7945,77.0465,-33.8674],false,[-3.09942,47.3401,72.4909],[-3.09942,47.3401,72.4909],[-44.5809,68.4061,66.7598],[-64.586,87.4444,50.5583],[-83.1537,98.2467,45.9152],[[[0.433365,0.714224,0.549618],[-0.466042,-0.344382,0.814988],[0.771362,-0.609332,0.183615]],[[0.328275,0.788082,0.520733],[-0.33037,-0.420674,0.84492],[0.884924,-0.4494,0.122262]],[[0.328275,0.788082,0.520733],[-0.708414,-0.159248,0.687597],[0.624809,-0.594615,0.506011]],[[0.328275,0.788082,0.520733],[-0.422445,-0.370589,0.827166],[0.844853,-0.491519,0.211266]]],0],[1271,[-0.619363,0.66842,-0.41183],127,55.2239,[-84.381,166.49,25.5357],[-83.0536,167.52,25.5249],[150.083,69.2634,-51.4476],false,[2.60459,66.7645,81.7456],[-38.1968,113.736,51.714],[-62.0447,144.563,41.2904],[-76.1027,159.734,31.9429],[-86.1639,168.867,23.4111],[[[0.801644,0.432471,-0.412718],[0.0926096,0.592216,0.80044],[0.590585,-0.67989,0.434695]],[[0.778953,0.457641,-0.428715],[0.20934,0.454671,0.865708],[0.591108,-0.764093,0.258365]],[[0.778953,0.457641,-0.428715],[0.0980915,0.586327,0.804114],[0.619363,-0.66842,0.41183]],[[0.778953,0.457641,-0.428715],[0.000672767,0.683056,0.730365],[0.627082,-0.569209,0.531761]]],1],[1272,[-0.295228,0.867455,-0.400453],127,62.9232,[-44.1285,196.749,15.9861],[-43.7236,196.405,14.8508],[186.344,33.6912,-56.8136],false,[11.5956,73.0341,78.0637],[-19.5534,120.982,46.0771],[-30.9327,162.846,33.1672],[-38.8163,186.01,22.4737],[-44.6327,200.179,13.7091],[[[0.846452,0.229302,-0.480562],[0.239747,0.641734,0.728491],[0.475437,-0.731846,0.488222]],[[0.906163,0.121373,-0.405138],[0.340096,0.360308,0.868627],[0.251403,-0.924904,0.285219]],[[0.906163,0.121373,-0.405138],[0.302835,0.482484,0.821888],[0.295228,-0.867455,0.400453]],[[0.906163,0.121373,-0.405138],[0.265012,0.583596,0.767583],[0.329601,-0.802922,0.496667]]],2],[1273,[-0.197308,0.864706,-0.461902],127,60.5024,[-14.0277,194.269,7.34609],[-13.0576,193.743,6.00785],[178.635,0.0978019,-48.7232],false,[21.1492,76.7729,72.7868],[1.22085,122.132,41.0772],[-4.84657,161.077,26.6946],[-9.97934,183.572,14.6787],[-14.1962,197.497,4.87293],[[[0.886693,0.0700716,-0.457019],[0.314644,0.63282,0.707488],[0.338785,-0.771122,0.539069]],[[0.915619,-0.00581465,-0.402006],[0.37514,0.372004,0.849048],[0.144611,-0.928213,0.342795]],[[0.915619,-0.00581465,-0.402006],[0.350302,0.502245,0.790593],[0.197308,-0.864706,0.461902]],[[0.915619,-0.00581465,-0.402006],[0.322305,0.608334,0.725292],[0.240337,-0.793659,0.558876]]],3],[1274,[0.00062446,0.850224,-0.526421],127,47.4327,[21.1753,174.912,3.13584],[21.7144,174.391,2.33435],[159.537,-31.1406,-27.971],false,[30.7184,74.8973,63.647],[19.8445,119.29,34.0496],[22.2621,149.5,20.4813],[22.2736,165.116,10.8125],[21.2618,177.779,0.782416],[[[0.855685,-0.125178,-0.502129],[0.477413,0.565385,0.672619],[0.199699,-0.815273,0.543553]],[[0.876597,-0.253793,-0.408861],[0.475686,0.328432,0.816],[-0.0728115,-0.909792,0.408628]],[[0.876597,-0.253793,-0.408861],[0.481225,0.461204,0.745462],[-0.00062446,-0.850224,0.526421]],[[0.876597,-0.253793,-0.408861],[0.477149,0.568751,0.669964],[0.0625084,-0.782375,0.619662]]],4]],[[0,200,0],[235.247,235.247,147.751]]],[216969,4048713817,[[127,"right",[-0.408127,0.827587,-0.385398],[-0.188511,-0.489456,-0.851408],[-5.52716,100.873,50.3003],[130.436,22.3081,-10.2149],[-6.82973,100.612,50.3826],0,0,0.765741,[[0.910891,-0.404432,0.0819347],[0.164159,0.537325,0.827245],[-0.378589,-0.740079,0.555835]],59.8371,[-73.6627,-124.785,211.681],[22.3275,62.8596,70.7508]]],[[1270,[-0.610408,0.600031,-0.517073],127,48.9405,[-77.1989,97.1871,46.2762],[-76.8297,97.7665,47.4423],[124.015,109.547,-51.0292],false,[-2.18592,47.8788,72.8787],[-2.18592,47.8788,72.8787],[-43.1137,69.7959,66.4065],[-62.6577,89.0077,49.8509],[-80.9916,100.106,44.9811],[[[0.448412,0.709863,0.543158],[-0.4753,-0.325269,0.81749],[0.756978,-0.624736,0.191543]],[[0.341177,0.788309,0.512023],[-0.348242,-0.399947,0.847803],[0.873113,-0.467558,0.13807]],[[0.341177,0.788309,0.512023],[-0.714843,-0.136129,0.685907],[0.610408,-0.600031,0.517073]],[[0.341177,0.788309,0.512023],[-0.43323,-0.351537,0.8299],[0.834212,-0.504966,0.221583]]],0],[1271,[-0.603946,0.677619,-0.419622],127,55.2239,[-80.7643,168.3,24.6136],[-79.3578,169.312,24.558],[219.952,105.569,-64.7123],false,[3.93983,67.2635,81.9449],[-35.7272,114.835,51.3432],[-58.8551,146.115,40.6534],[-72.5632,161.496,31.129],[-82.4099,170.735,22.4624],[[[0.812044,0.409883,-0.415428],[0.104496,0.598217,0.794491],[0.574165,-0.688572,0.442948]],[[0.789418,0.435998,-0.432116],[0.219516,0.456884,0.862015],[0.573264,-0.775347,0.264964]],[[0.789418,0.435998,-0.432116],[0.109856,0.592232,0.798244],[0.603946,-0.677619,0.419622]],[[0.789418,0.435998,-0.432116],[0.0133168,0.691609,0.72215],[0.613711,-0.575833,0.540163]]],1],[1272,[-0.276475,0.869863,-0.408535],127,62.9232,[-39.9243,197.587,14.9554],[-39.3368,197.283,13.8311],[264.736,50.1372,-71.1552],false,[13.0779,73.2892,78.218],[-16.9133,121.598,45.672],[-27.3332,163.635,32.5171],[-34.716,186.863,21.6078],[-40.2416,201.037,12.6647],[[[0.852358,0.205058,-0.481079],[0.252857,0.643638,0.722352],[0.457765,-0.737347,0.49676]],[[0.908716,0.0982952,-0.405677],[0.348197,0.357491,0.866579],[0.230206,-0.928729,0.290631]],[[0.908716,0.0982952,-0.405677],[0.312727,0.483401,0.817634],[0.276474,-0.869863,0.408535]],[[0.908716,0.0982952,-0.405677],[0.276026,0.587544,0.760659],[0.313122,-0.8032,0.506778]]],2],[1273,[-0.178711,0.864118,-0.470492],127,60.5024,[-9.86106,194.352,6.35679],[-8.77049,193.828,5.0437],[257.417,2.38134,-64.8055],false,[22.7239,76.7555,72.9233],[3.89124,122.225,40.7052],[-1.2811,161.206,26.0744],[-5.93008,183.686,13.8351],[-9.8666,197.562,3.84554],[[[0.888929,0.0452089,-0.455809],[0.327572,0.632811,0.701603],[0.320159,-0.772986,0.547715]],[[0.915527,-0.0291024,-0.401202],[0.382901,0.368711,0.847018],[0.123277,-0.929088,0.348708]],[[0.915527,-0.0291024,-0.401202],[0.360378,0.502448,0.785922],[0.178711,-0.864118,0.470492]],[[0.915527,-0.0291024,-0.401202],[0.333875,0.611272,0.717548],[0.224361,-0.790885,0.569352]]],3],[1274,[0.018849,0.845299,-0.533961],127,47.4327,[24.9933,174.214,2.41758],[25.564,173.67,1.6041],[230.685,-43.9808,-42.3455],false,[32.2656,74.5689,63.824],[22.459,118.888,33.7473],[25.5693,148.951,19.9948],[25.9155,164.476,10.1876],[25.1546,177.043,0.0144898],[[[0.853584,-0.149744,-0.498971],[0.488835,0.561345,0.667782],[0.180098,-0.813922,0.552355]],[[0.871283,-0.275845,-0.405926],[0.481759,0.322839,0.814668],[-0.0936728,-0.905364,0.414175]],[[0.871283,-0.275845,-0.405926],[0.490419,0.45758,0.741694],[-0.018849,-0.845299,0.533961]],[[0.871283,-0.275845,-0.405926],[0.488524,0.56668,0.663489],[0.0470102,-0.776391,0.628496]]],4]],[[0,200,0],[235.247,235.247,147.751]]],[216970,4048722527,[[127,"right",[-0.385656,0.836075,-0.39019],[-0.203621,-0.489603,-0.847837],[-4.06717,101.646,49.6565],[140.366,40.0556,-27.224],[-5.30103,101.184,49.9808],0,0,0.780935,[[0.906764,-0.416841,0.0634244],[0.185103,0.528702,0.828379],[-0.378835,-0.739404,0.556566]],59.8371,[-73.2955,-124.466,211.428],[22.7569,63.0075,70.312]]],[[1270,[-0.596784,0.61175,-0.519241],127,48.9405,[-75.814,99.5967,45.6503],[-75.4883,100.422,46.7917],[130.473,160.556,-55.797],false,[-2.15987,48.729,72.5796],[-2.15987,48.729,72.5796],[-42.4554,71.72,65.8702],[-61.5632,91.307,49.2452],[-79.6421,102.819,44.3829],[[[0.468985,0.700662,0.537704],[-0.482659,-0.306537,0.820412],[0.739658,-0.644289,0.194419]],[[0.362455,0.78285,0.50574],[-0.3601,-0.382867,0.850729],[0.859624,-0.490468,0.143132]],[[0.362455,0.78285,0.50574],[-0.715874,-0.113616,0.688924],[0.596784,-0.61175,0.519241]],[[0.362455,0.78285,0.50574],[-0.438101,-0.335839,0.833834],[0.822614,-0.523793,0.221241]]],0],[1271,[-0.586194,0.690878,-0.42316],127,55.2239,[-77.4922,170.759,23.7071],[-76.0556,171.909,23.6062],[262.337,158.136,-75.8651],false,[4.51944,67.9949,81.5072],[-33.8651,116.449,50.657],[-56.1414,148.304,39.8547],[-69.4465,163.986,30.25],[-79.0574,173.412,21.5205],[[[0.822366,0.384387,-0.419477],[0.122559,0.600285,0.79034],[0.555602,-0.70136,0.446544]],[[0.800074,0.411445,-0.436572],[0.234542,0.455277,0.858902],[0.552152,-0.78958,0.267754]],[[0.800074,0.411445,-0.436572],[0.127511,0.594475,0.79394],[0.586194,-0.690878,0.42316]],[[0.800074,0.411445,-0.436572],[0.0326275,0.696817,0.716506],[0.599014,-0.587502,0.544081]]],1],[1272,[-0.25467,0.874415,-0.412967],127,62.9232,[-35.9681,198.9,13.9403],[-35.2826,198.764,12.7864],[316.876,81.3745,-84.0037],false,[13.8147,73.7393,77.7253],[-14.8809,122.649,44.9101],[-24.1626,164.931,31.6878],[-30.9632,188.281,20.6601],[-36.1594,202.504,11.5987],[[[0.856846,0.178093,-0.483837],[0.271994,0.641084,0.717656],[0.43799,-0.746522,0.50087]],[[0.909728,0.0718189,-0.408945],[0.361032,0.349609,0.86454],[0.205061,-0.934139,0.29212]],[[0.909728,0.0718189,-0.408945],[0.327929,0.479834,0.81377],[0.25467,-0.874415,0.412967]],[[0.909728,0.0718189,-0.408945],[0.29273,0.587549,0.754384],[0.294454,-0.805996,0.513486]]],2],[1273,[-0.157087,0.866145,-0.474465],127,60.5024,[-5.99534,194.858,5.36076],[-4.86625,194.436,4.01727],[308.382,20.4444,-78.9008],false,[23.5437,76.9009,72.3918],[5.92387,122.664,39.9047],[1.81813,161.759,25.239],[-2.26832,184.291,12.8963],[-5.88966,198.173,2.79583],[[[0.889002,0.0174571,-0.457571],[0.34634,0.628045,0.696855],[0.29954,-0.777981,0.552287]],[[0.913171,-0.0555656,-0.403771],[0.395655,0.358703,0.845452],[0.097856,-0.931796,0.349542]],[[0.913171,-0.0555656,-0.403771],[0.376088,0.496695,0.78221],[0.157087,-0.866145,0.474465]],[[0.913171,-0.0555656,-0.403771],[0.351452,0.609026,0.711034],[0.206398,-0.791201,0.575674]]],3],[1274,[0.0412145,0.842285,-0.537455],127,47.4327,[28.3908,173.857,1.49399],[28.953,173.32,0.618517],[274.284,-42.4919,-60.4991],false,[33.0041,74.3899,63.2914],[24.3788,118.767,32.9383],[28.3615,148.718,19.1686],[29.1185,164.188,9.29717],[28.6541,176.695,-0.967515],[[[0.848168,-0.176716,-0.499383],[0.50549,0.551898,0.663241],[0.158403,-0.814972,0.55743]],[[0.86249,-0.301542,-0.406428],[0.491654,0.30892,0.814153],[-0.119947,-0.90202,0.414695]],[[0.86249,-0.301542,-0.406428],[0.504393,0.446799,0.73889],[-0.0412145,-0.842285,0.537455]],[[0.86249,-0.301542,-0.406428],[0.50526,0.558611,0.657773],[0.0286894,-0.772675,0.634153]]],4]],[[0,200,0],[235.247,235.247,147.751]]],[216971,4048732069,[[127,"right",[-0.361448,0.841218,-0.402129],[-0.219576,-0.495954,-0.840128],[-2.00794,102.425,48.8031],[162.129,52.029,-45.1703],[-3.40766,101.897,49.3037],0,0,0.798614,[[0.900204,-0.433536,0.0409763],[0.21078,0.516132,0.830168],[-0.381057,-0.738684,0.556005]],59.8371,[-72.9176,-123.97,210.971],[23.6982,63.3206,69.9976]]],[[1270,[-0.581878,0.619684,-0.526697],127,48.9405,[-73.9196,102.35,44.833],[-73.5044,103.179,45.9163],[151.172,196.178,-64.6648],false,[-1.62612,49.822,72.5132],[-1.62612,49.822,72.5132],[-41.2164,73.8755,65.3455],[-59.8469,93.7165,48.4817],[-77.6488,105.619,43.5385],[[[0.490504,0.694406,0.526503],[-0.490021,-0.279824,0.825577],[0.720614,-0.662947,0.203018]],[[0.384856,0.780331,0.492919],[-0.372254,-0.357461,0.856533],[0.844579,-0.513133,0.15291]],[[0.384856,0.780331,0.492919],[-0.716452,-0.0841163,0.692546],[0.581878,-0.619684,0.526697]],[[0.384856,0.780331,0.492919],[-0.442464,-0.312705,0.8405],[0.810007,-0.541571,0.224922]]],0],[1271,[-0.566778,0.701344,-0.432296],127,55.2239,[-73.435,173.331,22.0911],[-71.9773,174.369,21.8539],[310.205,188.54,-105.554],false,[5.63692,69.0126,81.1421],[-31.3527,118.117,49.6232],[-52.6935,150.487,38.4673],[-65.558,166.406,28.6553],[-74.9116,175.955,19.7813],[[[0.832616,0.35355,-0.426324],[0.141721,0.608118,0.781094],[0.535411,-0.710771,0.456224]],[[0.810731,0.381455,-0.444079],[0.25082,0.459082,0.852251],[0.528965,-0.802331,0.276516]],[[0.810731,0.381455,-0.444079],[0.146551,0.60217,0.784802],[0.566778,-0.701344,0.432296]],[[0.810731,0.381455,-0.444079],[0.0533246,0.707295,0.704904],[0.582985,-0.595168,0.553086]]],1],[1272,[-0.231688,0.874833,-0.425427],127,62.9232,[-31.2355,200.077,11.9781],[-30.4656,199.89,10.6721],[369.289,91.1457,-124.2],false,[15.0912,74.422,77.2618],[-12.2038,123.665,43.7578],[-20.2857,166.049,30.0804],[-26.4726,189.41,18.72],[-31.3224,203.595,9.41043],[[[0.860856,0.145387,-0.487636],[0.292165,0.643383,0.7076],[0.416613,-0.751612,0.511383]],[[0.910057,0.0404162,-0.412507],[0.374051,0.348651,0.859377],[0.178554,-0.936381,0.302175]],[[0.910057,0.0404162,-0.412507],[0.343681,0.482736,0.805512],[0.231688,-0.874833,0.425427]],[[0.910057,0.0404162,-0.412507],[0.310271,0.593463,0.742653],[0.274823,-0.803846,0.527546]]],2],[1273,[-0.134251,0.862651,-0.487657],127,60.5024,[-1.4123,195.018,3.33821],[-0.22985,194.523,1.86276],[358.98,16.7241,-122.94],false,[24.8998,77.2141,71.8681],[8.58308,122.989,38.7239],[5.57707,161.994,23.558],[2.08467,184.435,10.8721],[-1.19476,198.224,0.530831],[[[0.888291,-0.0157207,-0.459012],[0.366054,0.627838,0.686894],[0.277387,-0.778185,0.563458]],[[0.910077,-0.0873831,-0.405121],[0.408199,0.357984,0.839774],[0.0716451,-0.92963,0.361463]],[[0.910077,-0.0873831,-0.405121],[0.392091,0.498194,0.773348],[0.134251,-0.862651,0.487657]],[[0.910077,-0.0873831,-0.405121],[0.369897,0.612122,0.698916],[0.18691,-0.78592,0.589401]]],3],[1274,[0.0647395,0.834583,-0.547065],127,47.4327,[32.477,173.075,-0.135416],[33.03,172.472,-1.10076],[319.608,-55.0114,-94.0912],false,[34.2651,74.2883,62.7931],[26.9017,118.443,31.7911],[31.8093,148.154,17.801],[32.9983,163.483,7.75305],[32.8413,175.841,-2.69906],[[[0.84165,-0.209201,-0.497856],[0.522819,0.546516,0.654202],[0.135227,-0.810898,0.56935]],[[0.852433,-0.33127,-0.404498],[0.501512,0.299373,0.811703],[-0.147797,-0.894783,0.421331]],[[0.852433,-0.33127,-0.404498],[0.518813,0.440149,0.732872],[-0.0647395,-0.834583,0.547065]],[[0.852433,-0.33127,-0.404498],[0.522747,0.554369,0.64762],[0.00970374,-0.763502,0.645733]]],4]],[[0,200,0],[235.247,235.247,147.751]]],[216972,4048740608,[[127,"right",[-0.337388,0.845854,-0.413159],[-0.23766,-0.501211,-0.832049],[0.270355,103.213,47.8939],[189.614,62.6245,-61.2661],[-1.45867,102.595,48.5567],0,0,0.813175,[[0.892391,-0.450893,0.0182725],[0.237026,0.502799,0.831271],[-0.384002,-0.737488,0.555567]],59.8371,[-72.4991,-123.327,210.433],[24.8635,63.6607,69.5709]]],[[1270,[-0.567958,0.627717,-0.532349],127,48.9405,[-71.8617,105.022,44.1052],[-71.2629,105.993,45.1209],[178.483,229.909,-70.512],false,[-0.84749,50.9728,72.3687],[-0.84749,50.9728,72.3687],[-39.7045,76.0831,64.8227],[-57.8893,96.1813,47.778],[-75.4035,108.483,42.7847],[[[0.513266,0.686801,0.514648],[-0.495109,-0.252859,0.831222],[0.701017,-0.681444,0.210257]],[[0.408654,0.776506,0.479625],[-0.381926,-0.331794,0.862581],[0.828936,-0.535678,0.160979]],[[0.408654,0.776506,0.479625],[-0.714441,-0.0548601,0.697542],[0.567958,-0.627717,0.532349]],[[0.408654,0.776506,0.479625],[-0.444886,-0.289374,0.847549],[0.796918,-0.559733,0.227203]]],0],[1271,[-0.547389,0.712337,-0.43925],127,55.2239,[-69.2952,175.787,20.6164],[-67.6404,176.847,20.246],[363.04,217.855,-124.803],false,[7.02498,70.0579,80.6917],[-28.5835,119.798,48.5834],[-48.9567,152.703,37.1895],[-61.381,168.871,27.2196],[-70.4876,178.547,18.2266],[[[0.841292,0.321962,-0.434244],[0.163006,0.614813,0.771644],[0.515418,-0.719962,0.464756]],[[0.819766,0.350806,-0.452679],[0.270141,0.460109,0.845768],[0.504982,-0.815619,0.282415]],[[0.819766,0.350806,-0.452679],[0.168369,0.607874,0.775978],[0.547389,-0.712337,0.43925]],[[0.819766,0.350806,-0.452679],[0.076361,0.71642,0.693478],[0.567584,-0.603057,0.560509]]],1],[1272,[-0.209753,0.874812,-0.4367],127,62.9232,[-26.618,201.093,10.037],[-25.4781,200.964,8.61131],[423.278,99.5403,-155.227],false,[16.6236,75.1218,76.701],[-9.29807,124.677,42.5731],[-16.2095,167.133,28.4839],[-21.8107,190.494,16.8224],[-26.3393,204.637,7.28941],[[[0.862995,0.112172,-0.492603],[0.314166,0.644437,0.697137],[0.395651,-0.756385,0.520905]],[[0.908446,0.009204,-0.417901],[0.389115,0.346587,0.853503],[0.152694,-0.937973,0.311274]],[[0.908446,0.009204,-0.417901],[0.361565,0.484374,0.79665],[0.209753,-0.874812,0.4367]],[[0.908446,0.009204,-0.417901],[0.329953,0.597995,0.730434],[0.256625,-0.801447,0.540209]]],2],[1273,[-0.111292,0.858721,-0.500211],127,60.5024,[3.08798,195.051,1.2585],[4.59513,194.537,-0.340608],[412.996,12.5827,-159.802],false,[26.4915,77.5371,71.2341],[11.4396,123.3,37.4797],[9.53736,162.172,21.8035],[6.64222,184.51,8.79106],[3.70632,198.212,-1.76786],[[[0.885657,-0.0492603,-0.46172],[0.387473,0.626365,0.676411],[0.255885,-0.777972,0.573831]],[[0.905305,-0.120016,-0.407455],[0.422336,0.356719,0.833297],[0.0453377,-0.926471,0.373626]],[[0.905305,-0.120016,-0.407455],[0.409923,0.49819,0.764048],[0.111292,-0.858721,0.500211]],[[0.905305,-0.120016,-0.407455],[0.390415,0.612996,0.686886],[0.167331,-0.780918,0.601804]]],3],[1274,[0.087837,0.826431,-0.556144],127,47.4327,[36.5162,172.246,-1.81098],[37.2322,171.567,-2.89858],[366.247,-67.5475,-123.742],false,[35.7294,74.1979,62.1714],[29.586,118.101,30.5525],[35.398,147.536,16.3287],[37.0113,162.715,6.11399],[37.1568,174.931,-4.50526],[[[0.833042,-0.241783,-0.497575],[0.541582,0.539868,0.644384],[0.112824,-0.806277,0.580679]],[[0.84052,-0.361122,-0.403877],[0.512726,0.28936,0.808321],[-0.175037,-0.886488,0.42837]],[[0.84052,-0.361122,-0.403877],[0.534613,0.431975,0.726352],[-0.087837,-0.826431,0.556144]],[[0.84052,-0.361122,-0.403877],[0.541706,0.5478,0.63755],[-0.00898987,-0.754656,0.656059]]],4]],[[0,200,0],[235.247,235.247,147.751]]],[216973,4048749676,[[127,"right",[-0.308314,0.852958,-0.421194],[-0.254799,-0.500631,-0.827313],[2.81634,103.977,47.1981],[214.803,68.5899,-65.54],[0.919437,103.364,47.8009],0,0,0.824376,[[0.885126,-0.465351,0.000557989],[0.257996,0.491721,0.831654],[-0.387286,-0.735975,0.555294]],59.8371,[-72.1499,-122.791,210.045],[26.0451,63.8127,69.2522]]],[[1270,[-0.549622,0.640208,-0.536702],127,48.9405,[-69.3522,108.092,43.3097],[-68.6765,109.075,44.2791],[206.094,259.384,-74.8708],false,[-0.0844426,52.039,72.1655],[-0.0844426,52.039,72.1655],[-38.0493,78.3619,64.2216],[-55.6471,98.8601,47.0375],[-72.7946,111.646,41.9897],[[[0.536545,0.673673,0.508217],[-0.503341,-0.227901,0.833492],[0.677324,-0.703012,0.216808]],[[0.433598,0.767741,0.471769],[-0.395028,-0.308607,0.865283],[0.809905,-0.561547,0.169468]],[[0.433598,0.767741,0.471769],[-0.714079,-0.0265823,0.699561],[0.549622,-0.640208,0.536702]],[[0.433598,0.767741,0.471769],[-0.450807,-0.268501,0.851281],[0.780234,-0.581791,0.229682]]],0],[1271,[-0.523039,0.726986,-0.444883],127,55.2239,[-64.2539,178.65,19.3238],[-62.577,179.635,18.9606],[418.193,245.252,-127.433],false,[8.43771,70.9214,80.3091],[-25.4531,121.544,47.7259],[-44.6569,155.096,36.1842],[-56.5286,171.596,26.0864],[-65.3112,181.466,16.9832],[[[0.851748,0.288868,-0.437127],[0.184066,0.616144,0.765824],[0.490556,-0.732749,0.471629]],[[0.830905,0.318687,-0.456109],[0.288137,0.454812,0.842688],[0.475997,-0.831616,0.28608]],[[0.830905,0.318687,-0.456109],[0.189806,0.608219,0.770742],[0.523039,-0.726986,0.444883]],[[0.830905,0.318687,-0.456109],[0.0997727,0.721107,0.685602],[0.547396,-0.615178,0.567375]]],1],[1272,[-0.182802,0.876667,-0.445015],127,62.9232,[-21.0359,202.272,8.37863],[-19.6955,202.191,7.11204],[480.157,108.388,-159.02],false,[18.2034,75.6159,76.2723],[-6.01293,125.705,41.673],[-11.5418,168.27,27.3065],[-16.4233,191.68,15.423],[-20.5397,205.832,5.71772],[[[0.866251,0.077917,-0.493496],[0.33614,0.639874,0.691066],[0.369621,-0.76452,0.5281]],[[0.907467,-0.0237001,-0.419455],[0.401974,0.339265,0.85048],[0.12215,-0.940392,0.317398]],[[0.907467,-0.0237001,-0.419455],[0.378269,0.480514,0.791214],[0.182802,-0.876667,0.445015]],[[0.907467,-0.0237001,-0.419455],[0.349414,0.596928,0.72221],[0.233268,-0.801945,0.549973]]],2],[1273,[-0.0828806,0.857173,-0.508316],127,60.5024,[8.5684,195.162,-0.398363],[10.2205,194.668,-1.81537],[470.569,13.0927,-161.252],false,[28.1472,77.6404,70.7844],[14.6647,123.57,36.5964],[14.0971,162.369,20.6377],[11.941,184.668,7.41439],[9.44079,198.335,-3.30035],[[[0.883381,-0.0838973,-0.461085],[0.408782,0.619108,0.670524],[0.229206,-0.780812,0.581204]],[[0.900477,-0.154103,-0.406686],[0.434693,0.348006,0.830623],[0.0135275,-0.92474,0.380358]],[[0.900477,-0.154103,-0.406686],[0.426933,0.491433,0.759093],[0.0828806,-0.857173,0.508316]],[[0.900477,-0.154103,-0.406686],[0.410895,0.607861,0.679464],[0.142501,-0.778946,0.610685]]],3],[1274,[0.116096,0.818446,-0.562733],127,47.4327,[41.3411,171.296,-3.10028],[42.1007,170.607,-4.11059],[414.488,-78.1432,-126.752],false,[37.2641,73.9015,61.7553],[32.6215,117.688,29.7216],[39.4748,146.811,15.3195],[41.6071,161.844,4.98383],[42.153,173.944,-5.75323],[[[0.824205,-0.274837,-0.495127],[0.559837,0.527091,0.639342],[0.0852619,-0.804139,0.588295]],[[0.827637,-0.392948,-0.40076],[0.521935,0.276263,0.807008],[-0.206397,-0.877081,0.433739]],[[0.827637,-0.392948,-0.40076],[0.549125,0.419212,0.722996],[-0.116096,-0.818446,0.562733]],[[0.827637,-0.392948,-0.40076],[0.560249,0.535486,0.631962],[-0.0337267,-0.74756,0.663337]]],4]],[[0,200,0],[235.247,235.247,147.751]]],[216974,4048759080,[[127,"right",[-0.27838,0.85834,-0.430995],[-0.266186,-0.500103,-0.82404],[5.63166,104.547,46.5722],[238.902,66.3125,-65.8297],[3.67591,104.056,47.0822],0,0,0.836214,[[0.879151,-0.476438,-0.0100345],[0.271502,0.483464,0.832195],[-0.391638,-0.734349,0.554392]],59.8371,[-71.8647,-122.321,209.703],[27.434,63.8707,69.1386]]],[[1270,[-0.528046,0.651565,-0.544638],127,48.9405,[-66.4387,110.954,42.2325],[-65.7077,111.849,43.117],[236.333,269.207,-87.2277],false,[0.923455,52.9707,72.0098],[0.923455,52.9707,72.0098],[-36.1257,80.4027,63.5139],[-53.0326,101.264,46.0757],[-69.7626,114.517,40.833],[[[0.555114,0.660939,0.504983],[-0.515019,-0.203614,0.832644],[0.653149,-0.722289,0.227367]],[[0.454652,0.758592,0.466723],[-0.410619,-0.286481,0.865633],[0.790369,-0.585207,0.181243]],[[0.454652,0.758592,0.466723],[-0.717258,0.00116974,0.696806],[0.528046,-0.651565,0.544638]],[[0.454652,0.758592,0.466723],[-0.4624,-0.246827,0.851624],[0.761234,-0.603005,0.238552]]],0],[1271,[-0.496794,0.739816,-0.453727],127,55.2239,[-58.7798,181.207,17.7899],[-57.1533,182.012,17.352],[464.837,249.889,-138.277],false,[10.0034,71.6469,80.025],[-22.0605,123.017,46.7695],[-40.0633,157.134,34.9526],[-51.3393,173.926,24.6541],[-59.7548,183.965,15.39],[[[0.863007,0.257161,-0.434842],[0.199547,0.617233,0.761055],[0.464112,-0.743567,0.481361]],[[0.843158,0.287569,-0.454299],[0.29994,0.449683,0.841321],[0.446229,-0.845629,0.292901]],[[0.843158,0.287569,-0.454299],[0.20562,0.608257,0.766645],[0.496794,-0.739816,0.453727]],[[0.843158,0.287569,-0.454299],[0.11821,0.725127,0.678393],[0.52451,-0.625696,0.577403]]],1],[1272,[-0.155259,0.876419,-0.455834],127,62.9232,[-15.0441,203.151,6.65557],[-13.6179,203.024,5.4766],[524.984,101.31,-165.527],false,[19.9372,75.9865,76.0014],[-2.46339,126.493,40.7914],[-6.61677,169.088,26.0555],[-10.7627,192.492,13.8831],[-14.4452,206.61,3.95671],[[[0.871028,0.0453215,-0.489137],[0.352717,0.635348,0.686967],[0.341907,-0.770895,0.537421]],[[0.908037,-0.0551152,-0.415249],[0.408717,0.333725,0.849458],[0.0917608,-0.941058,0.325561]],[[0.908037,-0.0551152,-0.415249],[0.389055,0.478385,0.787263],[0.155259,-0.876419,0.455834]],[[0.908037,-0.0551152,-0.415249],[0.363214,0.597423,0.714955],[0.208675,-0.80003,0.562501]]],2],[1273,[-0.0535207,0.85442,-0.516819],127,60.5024,[14.5264,195.061,-1.83926],[16.1848,194.513,-3.15162],[517.298,4.67807,-156.38],false,[29.9713,77.6378,70.5529],[18.1626,123.647,35.856],[18.9468,162.335,19.6389],[17.5546,184.562,6.19439],[15.5138,198.166,-4.6965],[[[0.882765,-0.116641,-0.455106],[0.424766,0.612065,0.667046],[0.200749,-0.782158,0.589854]],[[0.897176,-0.186089,-0.400558],[0.441278,0.339288,0.830757],[-0.0186908,-0.922093,0.386518]],[[0.897176,-0.186089,-0.400558],[0.438419,0.485116,0.756605],[0.0535207,-0.85442,0.516819]],[[0.897176,-0.186089,-0.400558],[0.426084,0.603488,0.673984],[0.11631,-0.775354,0.620724]]],3],[1274,[0.145501,0.808888,-0.569674],127,47.4327,[46.5826,170.115,-4.12958],[47.3344,169.408,-5.07711],[455.705,-92.363,-120.448],false,[39.013,73.5217,61.6127],[35.9587,117.126,29.1419],[43.8604,145.892,14.5617],[46.5328,160.749,4.09855],[47.5104,172.707,-6.76661],[[[0.817667,-0.3059,-0.487695],[0.572953,0.514949,0.637615],[0.0560917,-0.800783,0.596323]],[[0.816776,-0.423141,-0.39221],[0.525592,0.265315,0.808307],[-0.237968,-0.866349,0.439103]],[[0.816776,-0.423141,-0.39221],[0.558306,0.40823,0.722248],[-0.145501,-0.808888,0.569674]],[[0.816776,-0.423141,-0.39221],[0.573784,0.524574,0.628962],[-0.0603967,-0.738765,0.671251]]],4]],[[0,200,0],[235.247,235.247,147.751]]],[216975,4048767730,[[127,"right",[-0.249352,0.861815,-0.441699],[-0.278931,-0.500692,-0.819454],[8.40371,105.068,45.858],[260.555,64.6886,-70.2752],[6.39758,104.638,46.3774],0,0,0.849877,[[0.872496,-0.488117,-0.022186],[0.28642,0.474126,0.832568],[-0.395871,-0.732767,0.553479]],59.8371,[-71.5538,-121.813,209.299],[28.8181,63.9775,68.9661]]],[[1270,[-0.506487,0.661543,-0.55302],127,48.9405,[-63.542,113.615,41.1938],[-62.6974,114.562,42.0034],[265.274,280.949,-96.7693],false,[1.96393,53.9582,71.8523],[1.96393,53.9582,71.8523],[-34.16,82.4476,62.8661],[-50.3767,103.629,45.1596],[-66.6763,117.332,39.723],[[[0.573999,0.648647,0.499782],[-0.524289,-0.177712,0.83279],[0.629004,-0.740051,0.238072]],[[0.476524,0.749283,0.459891],[-0.423145,-0.263056,0.867035],[0.770632,-0.607764,0.191703]],[[0.476524,0.749283,0.459891],[-0.718607,0.0305984,0.694743],[0.506487,-0.661543,0.55302]],[[0.476524,0.749283,0.459891],[-0.472096,-0.223201,0.852823],[0.741654,-0.623503,0.247372]]],0],[1271,[-0.471075,0.750995,-0.462705],127,55.2239,[-53.514,183.437,16.1929],[-51.7867,184.185,15.6352],[507.672,252.667,-152.665],false,[11.6038,72.4262,79.6944],[-18.6875,124.409,45.7368],[-35.5034,159.019,33.6098],[-46.1956,176.065,23.1076],[-54.2567,186.25,13.6897],[[[0.872341,0.224678,-0.434213],[0.216283,0.619159,0.754893],[0.438455,-0.752437,0.491524]],[[0.85349,0.25556,-0.454141],[0.31277,0.445837,0.838692],[0.41681,-0.857857,0.300586]],[[0.85349,0.25556,-0.454141],[0.222809,0.608848,0.761354],[0.471075,-0.750995,0.462705]],[[0.85349,0.25556,-0.454141],[0.138296,0.729156,0.670228],[0.502424,-0.634838,0.586984]]],1],[1272,[-0.129456,0.874057,-0.468258],127,62.9232,[-9.4131,203.726,4.81194],[-7.71975,203.602,3.60576],[563.776,90.6459,-181.683],false,[21.6853,76.4022,75.6625],[1.03211,127.193,39.7992],[-1.80648,169.74,24.6188],[-5.26342,193.08,12.1146],[-8.54874,207.121,1.9418],[[[0.87382,0.0120898,-0.4861],[0.370223,0.63156,0.681225],[0.315237,-0.775233,0.547393]],[[0.906833,-0.0866692,-0.412483],[0.416798,0.330002,0.846982],[0.062713,-0.939993,0.33538]],[[0.906833,-0.0866692,-0.412483],[0.401117,0.478031,0.781404],[0.129456,-0.874057,0.468258]],[[0.906833,-0.0866692,-0.412483],[0.378146,0.599549,0.705369],[0.18617,-0.795631,0.576465]]],2],[1273,[-0.0251433,0.849614,-0.526806],127,60.5024,[20.1646,194.725,-3.39241],[21.972,194.102,-4.77384],[557.823,-9.10081,-165.361],false,[31.7868,77.6722,70.2364],[21.5751,123.637,34.9791],[23.6608,162.122,18.397],[23.0067,184.224,4.69277],[21.4114,197.736,-6.38476],[[[0.880273,-0.149768,-0.45021],[0.441568,0.605775,0.661857],[0.173601,-0.781413,0.59938]],[[0.892218,-0.218618,-0.395163],[0.448861,0.332975,0.829247],[-0.0497088,-0.917242,0.395216]],[[0.892218,-0.218618,-0.395163],[0.450905,0.479961,0.752544],[0.0251433,-0.849614,0.526806]],[[0.892218,-0.218618,-0.395163],[0.442358,0.599242,0.667254],[0.0909246,-0.770139,0.631362]]],3],[1274,[0.174528,0.798311,-0.576402],127,47.4327,[51.5947,168.816,-5.19254],[52.4063,168.054,-6.1824],[492.226,-109.407,-122.213],false,[40.7259,73.1699,61.3794],[39.1794,116.479,28.4102],[48.1422,144.861,13.6912],[51.3477,159.523,3.10446],[52.7369,171.314,-7.89746],[[[0.809308,-0.337221,-0.48094],[0.586698,0.503674,0.634112],[0.0284014,-0.795358,0.605474]],[[0.804344,-0.453243,-0.384191],[0.529311,0.252849,0.809875],[-0.269927,-0.854774,0.443284]],[[0.804344,-0.453243,-0.384191],[0.567954,0.396573,0.72122],[-0.174528,-0.798311,0.576402]],[[0.804344,-0.453243,-0.384191],[0.587934,0.51374,0.624824],[-0.0858225,-0.728452,0.6797]]],4]],[[0,200,0],[235.247,235.247,147.751]]],[216976,4048776918,[[127,"right",[-0.218953,0.860671,-0.45968],[-0.29372,-0.507397,-0.810109],[11.6921,105.709,45.7231],[287.757,66.1233,-54.7405],[9.76783,105.32,45.9609],0,0,0.858814,[[0.863104,-0.503438,-0.0400162],[0.30568,0.457701,0.834907],[-0.402009,-0.732843,0.548935]],59.8371,[-71.2809,-121.383,208.895],[30.6472,64.4267,69.7147]]],[[1270,[-0.48486,0.666775,-0.565971],127,48.9405,[-60.0093,116.568,40.5996],[-59.1168,117.475,41.4419],[298.822,290.876,-84.2797],false,[3.46223,55.3811,72.7176],[3.46223,55.3811,72.7176],[-31.6564,84.8738,63.0121],[-47.1806,106.223,44.8909],[-63.033,120.333,39.1819],[[[0.594408,0.638819,0.488456],[-0.532037,-0.143064,0.834547],[0.603005,-0.755938,0.254837]],[[0.500081,0.742263,0.446054],[-0.434326,-0.230637,0.870728],[0.749186,-0.629167,0.207048]],[[0.500081,0.742263,0.446054],[-0.717517,0.0667577,0.693335],[0.48486,-0.666775,0.565971]],[[0.500081,0.742263,0.446054],[-0.479209,-0.191835,0.85648],[0.721303,-0.642062,0.259766]]],0],[1271,[-0.443549,0.759173,-0.476362],127,55.2239,[-47.3792,185.691,14.5428],[-45.7058,186.272,13.9312],[553.038,248.942,-159.204],false,[13.7027,73.667,80.2175],[-14.7283,125.949,45.1292],[-30.2589,160.966,32.4675],[-40.3263,178.197,21.6553],[-48.0148,188.469,12.0226],[[[0.880506,0.186265,-0.435908],[0.235277,0.626588,0.742989],[0.411527,-0.756765,0.50789]],[[0.86267,0.217507,-0.456607],[0.328045,0.446511,0.832475],[0.38495,-0.867939,0.313839]],[[0.86267,0.217507,-0.456607],[0.243032,0.613471,0.751391],[0.443549,-0.759173,0.476362]],[[0.86267,0.217507,-0.456607],[0.161756,0.736731,0.656553],[0.479202,-0.640248,0.600373]]],1],[1272,[-0.101934,0.867663,-0.48659],127,62.9232,[-2.9509,204.058,2.71115],[-1.13324,203.867,1.5317],[604.328,72.9976,-195.197],false,[23.9228,77.2179,76.1381],[5.08862,127.944,39.1985],[3.64544,170.28,23.2489],[0.923443,193.449,10.2552],[-1.93785,207.338,-0.247827],[[[0.874912,-0.0272546,-0.483514],[0.389728,0.632291,0.669567],[0.287473,-0.774251,0.563821]],[[0.903904,-0.123473,-0.409527],[0.426545,0.33157,0.841499],[0.0318843,-0.935316,0.352375]],[[0.903904,-0.123473,-0.409527],[0.415412,0.481575,0.771698],[0.101934,-0.867663,0.48659]],[[0.903904,-0.123473,-0.409527],[0.395813,0.604387,0.691411],[0.162142,-0.787065,0.59518]]],2],[1273,[0.00457491,0.839035,-0.544058],127,60.5024,[26.5853,193.942,-5.23858],[28.3806,193.205,-6.61547],[597.305,-33.4362,-175.918],false,[34.0747,78.0361,70.7192],[25.5112,123.6,34.5149],[28.9493,161.664,17.2032],[29.0683,183.49,3.05014],[27.943,196.807,-8.31806],[[[0.875795,-0.188482,-0.444363],[0.460206,0.603725,0.650943],[0.145582,-0.774591,0.615479]],[[0.885255,-0.256436,-0.388026],[0.457831,0.333466,0.824131],[-0.0819431,-0.907216,0.412607]],[[0.885255,-0.256436,-0.388026],[0.465083,0.479855,0.743933],[-0.00457491,-0.839035,0.544058]],[[0.885255,-0.256436,-0.388026],[0.460662,0.59847,0.655457],[0.0641391,-0.758996,0.647929]]],3],[1274,[0.203462,0.780587,-0.591005],127,47.4327,[57.2296,166.965,-6.35721],[57.9725,166.158,-7.32115],[525.221,-136.566,-123.176],false,[42.8778,73.0566,61.9823],[42.879,115.719,28.1461],[52.9038,143.513,12.9951],[56.6408,157.85,2.14019],[58.4383,169.349,-9.10886],[[[0.798599,-0.37401,-0.471546],[0.601863,0.496238,0.625706],[-0.0000209883,-0.783495,0.621398]],[[0.789475,-0.487817,-0.372511],[0.534395,0.247764,0.808105],[-0.301913,-0.837047,0.456291]],[[0.789475,-0.487817,-0.372511],[0.57908,0.390792,0.715506],[-0.203462,-0.780587,0.591005]],[[0.789475,-0.487817,-0.372511],[0.603654,0.507293,0.615025],[-0.111048,-0.710414,0.694967]]],4]],[[0,200,0],[235.247,235.247,147.751]]],[216977,4048785815,[[127,"right",[-0.187487,0.861989,-0.470982],[-0.305556,-0.506876,-0.806047],[14.5636,106.153,45.1304],[297.272,61.7107,-57.9702],[12.9496,105.873,45.4099],0,0,0.870881,[[0.856967,-0.512979,-0.0496003],[0.317211,0.449163,0.835243],[-0.406183,-0.731509,0.54764]],59.8371,[-70.9935,-120.922,208.57],[31.993,64.5501,69.7179]]],[[1270,[-0.462531,0.676059,-0.573593],127,48.9405,[-56.8072,119.305,39.6527],[-55.9059,120.17,40.3014],[314.208,294.771,-92.3646],false,[4.50503,56.4464,72.6517],[4.50503,56.4464,72.6517],[-29.5623,86.9622,62.3781],[-44.3715,108.608,44.0129],[-59.7656,123.147,38.1268],[[[0.612364,0.624468,0.48482],[-0.541484,-0.115526,0.832736],[0.576026,-0.77246,0.267395]],[[0.521618,0.730641,0.440543],[-0.446921,-0.205847,0.870568],[0.726757,-0.650992,0.219166]],[[0.521618,0.730641,0.440543],[-0.716923,0.0954316,0.690589],[0.462531,-0.676059,0.573593]],[[0.521618,0.730641,0.440543],[-0.487124,-0.168873,0.85685],[0.700446,-0.661548,0.267826]]],0],[1271,[-0.413728,0.771436,-0.483441],127,55.2239,[-41.4902,187.879,13.0417],[-39.8938,188.341,12.3331],[583.318,248.544,-161.478],false,[15.3021,74.4698,80.0049],[-11.1659,127.249,44.1342],[-25.3434,162.749,31.2339],[-34.734,180.259,20.261],[-42.0085,190.713,10.5029],[[[0.888801,0.151839,-0.432409],[0.251507,0.627141,0.737183],[0.383114,-0.763963,0.519215]],[[0.872113,0.183454,-0.453611],[0.340483,0.438266,0.831862],[0.351411,-0.879925,0.319754]],[[0.872113,0.183454,-0.453611],[0.261243,0.609287,0.74868],[0.413728,-0.771436,0.483441]],[[0.872113,0.183454,-0.453611],[0.183982,0.736076,0.651416],[0.453397,-0.651565,0.608189]]],1],[1272,[-0.0738809,0.86413,-0.497816],127,62.9232,[3.16174,204.341,0.882482],[5.08441,204.159,-0.211586],[627.397,61.5686,-196.857],false,[25.6588,77.6318,75.95],[8.74151,128.516,38.3073],[8.68654,170.709,21.9209],[6.71365,193.785,8.6274],[4.29565,207.596,-2.08755],[[[0.876404,-0.0619231,-0.477579],[0.406499,0.626858,0.664686],[0.258215,-0.776669,0.574552]],[[0.901282,-0.155821,-0.40424],[0.43323,0.326779,0.839957],[0.00121451,-0.932167,0.362027]],[[0.901282,-0.155821,-0.40424],[0.426886,0.478538,0.767313],[0.0738809,-0.86413,0.497816]],[[0.901282,-0.155821,-0.40424],[0.410993,0.602637,0.684042],[0.137022,-0.782655,0.607187]]],2],[1273,[0.0353288,0.831761,-0.554009],127,60.5024,[32.692,193.182,-6.76859],[34.4588,192.439,-8.06382],[621.188,-47.6432,-172.932],false,[35.8646,78.0492,70.5868],[29.0362,123.443,33.8046],[33.8702,161.192,16.1405],[34.7893,182.829,1.72857],[34.1506,196.015,-9.82907],[[[0.871696,-0.222619,-0.436562],[0.476099,0.595754,0.646844],[0.116084,-0.771698,0.625305]],[[0.878551,-0.290075,-0.37948],[0.463545,0.326153,0.823863],[-0.115214,-0.899712,0.421005]],[[0.878551,-0.290075,-0.37948],[0.47634,0.473318,0.740992],[-0.0353288,-0.831761,0.554009]],[[0.878551,-0.290075,-0.37948],[0.47626,0.592538,0.649673],[0.0364023,-0.751502,0.658726]]],3],[1274,[0.234439,0.767629,-0.596476],127,47.4327,[62.5625,165.283,-7.17921],[63.2343,164.492,-8.11418],[545.084,-150.433,-113.481],false,[44.5496,72.6784,61.9643],[46.1704,114.917,27.638],[57.319,142.238,12.4137],[61.6249,156.337,1.45827],[63.8623,167.634,-9.91642],[[[0.788545,-0.405794,-0.462092],[0.614257,0.483342,0.623754],[-0.029767,-0.775701,0.630398]],[[0.775077,-0.517943,-0.361926],[0.53528,0.233856,0.811656],[-0.335753,-0.822828,0.458501]],[[0.775077,-0.517943,-0.361926],[0.586766,0.377466,0.716398],[-0.234439,-0.767629,0.596476]],[[0.775077,-0.517943,-0.361926],[0.616562,0.494642,0.61252],[-0.138227,-0.6979,0.70273]]],4]],[[0,200,0],[235.247,235.247,147.751]]],[216978,4048795235,[[127,"right",[-0.1514