{"metadata":{"formatVersion":2,"generatedBy":"LeapJS Playback 0.2.1","frames":132,"protocolVersion":6,"serviceVersion":"2.2.6+29154","frameRate":"1.1e+2","modified":"Thu Jun 04 2015 14:44:23 GMT-0300 (E. South America Standard Time)"},"frames":[["id","timestamp",{"hands":[["id","type","direction","palmNormal","palmPosition","palmVelocity","stabilizedPalmPosition","pinchStrength","grabStrength","confidence","armBasis","armWidth","elbow","wrist"]]},{"pointables":[["id","direction","handId","length","stabilizedTipPosition","tipPosition","tipVelocity","tool","carpPosition","mcpPosition","pipPosition","dipPosition","btipPosition","bases","type"]]},{"interactionBox":["center","size"]}],[217268,4051497431,[[127,"right",[-0.418914,0.775646,-0.472106],[-0.269117,-0.602621,-0.751281],[-5.50597,98.2407,37.5766],[167.087,90.7565,-49.1335],[-6.66265,97.6878,37.8875],0,0,0.902431,[[0.940899,-0.31232,-0.131014],[0.292994,0.556553,0.777434],[-0.169892,-0.769873,0.615168]],59.8371,[-20.0391,-132.503,217.237],[23.0365,62.6962,61.2633]]],[[1270,[-0.585382,0.554089,-0.591873],127,48.9405,[-73.8961,98.2874,35.0771],[-73.15,99.3511,35.4798],[169.73,196.045,-105.502],false,[-1.56323,49.0679,67.5073],[-1.56323,49.0679,67.5073],[-41.4931,72.4306,59.9492],[-60.2358,90.1714,40.9987],[-76.6687,102.11,32.6054],[[[0.507933,0.765873,0.394263],[-0.414102,-0.184242,0.891389],[0.755331,-0.616031,0.223566]],[[0.417435,0.831807,0.36585],[-0.316455,-0.244334,0.916601],[0.851824,-0.498396,0.161236]],[[0.417435,0.831807,0.36585],[-0.695037,0.0329064,0.718221],[0.585382,-0.554089,0.591873]],[[0.417435,0.831807,0.36585],[-0.516405,-0.114129,0.848705],[0.747713,-0.543206,0.381907]]],0],[1271,[-0.619594,0.521104,-0.586987],127,55.2239,[-80.2029,158.347,2.90555],[-78.4218,159.909,2.50939],[274.965,188.792,-116.343],false,[5.73711,69.3485,73.0653],[-35.184,113.261,38.859],[-57.4086,143.918,24.9337],[-71.4718,155.746,11.6106],[-81.4105,160.026,-0.235443],[[[0.784582,0.315239,-0.533906],[0.18328,0.704706,0.685418],[0.592317,-0.635621,0.495123]],[[0.779489,0.320661,-0.53812],[0.298221,0.565485,0.768954],[0.550872,-0.759871,0.345161]],[[0.779489,0.320661,-0.53812],[0.0921927,0.790966,0.604875],[0.619594,-0.521104,0.586987]],[[0.779489,0.320661,-0.53812],[-0.0931979,0.908851,0.406576],[0.619444,-0.26677,0.738325]]],1],[1272,[-0.310114,0.776658,-0.548298],127,62.9232,[-40.6581,188.409,-8.00091],[-39.0169,188.455,-9.45259],[326.401,124.579,-110.477],false,[14.6769,74.4325,67.78],[-16.7459,118.446,30.7955],[-25.3983,160.248,15.7465],[-33.6795,180.988,1.10497],[-40.6785,191.336,-11.3584],[[[0.814575,0.101681,-0.571076],[0.326244,0.73373,0.595991],[0.479616,-0.67179,0.564506]],[[0.874029,0.00600717,-0.485837],[0.44669,0.383468,0.808344],[0.191159,-0.923535,0.332479]],[[0.874029,0.00600717,-0.485837],[0.374035,0.629894,0.680685],[0.310114,-0.776658,0.548298]],[[0.874029,0.00600717,-0.485837],[0.280659,0.809988,0.514926],[0.396615,-0.586415,0.706267]]],2],[1273,[-0.219331,0.769788,-0.599433],127,60.5024,[-11.4112,183.738,-17.224],[-10.0613,183.302,-18.6398],[332.668,74.4449,-92.6546],false,[23.9345,76.7377,61.2931],[3.58998,117.599,24.1905],[0.0752002,156.209,8.15027],[-5.63046,176.234,-7.44333],[-11.3536,186.295,-20.6295],[[[0.849349,-0.0538901,-0.525073],[0.398731,0.717331,0.571359],[0.34586,-0.694646,0.630752]],[[0.87639,-0.114555,-0.46778],[0.474261,0.374232,0.796886],[0.0837711,-0.920232,0.382302]],[[0.87639,-0.114555,-0.46778],[0.428759,0.627936,0.649509],[0.219331,-0.769788,0.599433]],[[0.87639,-0.114555,-0.46778],[0.354316,0.811229,0.465153],[0.326191,-0.573397,0.751542]]],3],[1274,[0.00291346,0.715378,-0.698732],127,47.4327,[24.7519,160.837,-22.9202],[25.3013,160.298,-23.71],[295.945,7.89773,-69.1805],false,[32.6437,72.8983,51.9107],[21.4412,112.62,16.3901],[27.0678,141.044,0.174434],[27.1213,154.183,-12.6591],[24.7283,162.792,-26.1556],[[[0.806035,-0.251704,-0.53568],[0.554961,0.636009,0.536201],[0.205733,-0.729478,0.652331]],[[0.83078,-0.390644,-0.396487],[0.53018,0.338532,0.77737],[-0.169452,-0.856033,0.488358]],[[0.83078,-0.390644,-0.396487],[0.556594,0.579337,0.59546],[-0.00291346,-0.715378,0.698732]],[[0.83078,-0.390644,-0.396487],[0.536609,0.751331,0.384125],[0.147837,-0.531882,0.833814]]],4]],[[0,200,0],[235.247,235.247,147.751]]],[217269,4051506395,[[127,"right",[-0.398326,0.781986,-0.47941],[-0.281565,-0.601672,-0.74747],[-3.17417,98.9698,37.1739],[192.548,88.1809,-47.9822],[-4.44156,98.5041,37.4332],0,0,0.903207,[[0.936265,-0.322209,-0.139961],[0.305863,0.551724,0.775918],[-0.172788,-0.769274,0.615111]],59.8371,[-19.3941,-132.125,217.185],[24.4158,62.9216,61.2251]]],[[1270,[-0.56971,0.562085,-0.599575],127,48.9405,[-71.554,100.555,34.0627],[-70.7108,101.656,34.5672],[197.534,211.2,-105.582],false,[-0.529708,49.9497,67.4953],[-0.529708,49.9497,67.4953],[-39.8288,74.193,59.4216],[-58.0697,92.1898,40.2245],[-74.1569,104.434,31.6051],[[[0.52539,0.756233,0.38997],[-0.42118,-0.167086,0.891454],[0.739306,-0.632608,0.230725]],[[0.435059,0.825206,0.360219],[-0.328429,-0.227063,0.91683],[0.838366,-0.517182,0.172236]],[[0.435059,0.825206,0.360219],[-0.697247,0.0556301,0.714669],[0.56971,-0.562085,0.599575]],[[0.435059,0.825206,0.360219],[-0.524324,-0.0930493,0.84642],[0.731989,-0.557114,0.392193]]],0],[1271,[-0.605229,0.53136,-0.592751],127,55.2239,[-76.3582,160.596,1.76917],[-74.4799,162.106,1.42336],[319.883,205.467,-117.039],false,[7.24948,70.0879,72.9201],[-32.4783,114.723,38.2455],[-53.9058,145.82,24.0502],[-67.643,157.881,10.5962],[-77.4423,162.295,-1.31649],[[[0.793687,0.291738,-0.533808],[0.198459,0.705315,0.680547],[0.575044,-0.64608,0.501902]],[[0.788462,0.297559,-0.538318],[0.310232,0.563332,0.765776],[0.531115,-0.770789,0.351853]],[[0.788462,0.297559,-0.538318],[0.109662,0.793167,0.599049],[0.605229,-0.53136,0.592751]],[[0.788462,0.297559,-0.538318],[-0.0728236,0.914199,0.398668],[0.610757,-0.275132,0.742481]]],1],[1272,[-0.291241,0.78007,-0.553778],127,62.9232,[-36.1403,189.688,-9.10061],[-34.3948,189.669,-10.4637],[377.198,127.189,-111.175],false,[16.3273,74.9098,67.6244],[-13.8943,119.391,30.2013],[-21.5019,161.325,14.9554],[-29.2791,182.156,0.167588],[-36.0321,192.548,-12.3943],[[[0.818541,0.0772254,-0.569234],[0.342361,0.730127,0.591357],[0.461281,-0.678933,0.5712]],[[0.874535,-0.0175432,-0.484644],[0.454905,0.376025,0.807259],[0.168076,-0.926444,0.336827]],[[0.874535,-0.0175432,-0.484644],[0.387771,0.625447,0.677089],[0.291241,-0.78007,0.553778]],[[0.874535,-0.0175432,-0.484644],[0.297909,0.807994,0.508326],[0.382672,-0.588929,0.711846]]],2],[1273,[-0.199557,0.77051,-0.605385],127,60.5024,[-6.86631,184.241,-18.2367],[-5.49115,183.733,-19.575],[381.059,66.7202,-96.3347],false,[25.6581,76.9367,61.1496],[6.43444,117.994,23.6681],[3.93275,156.603,7.43536],[-1.25851,176.647,-8.31307],[-6.72814,186.709,-21.6049],[[[0.849347,-0.0787882,-0.521921],[0.414497,0.711764,0.567084],[0.326805,-0.697986,0.637192]],[[0.87441,-0.138808,-0.464908],[0.48151,0.366021,0.796352],[0.0596253,-0.920196,0.38689]],[[0.87441,-0.138808,-0.464908],[0.442249,0.62213,0.646042],[0.199557,-0.77051,0.605385]],[[0.87441,-0.138808,-0.464908],[0.371786,0.807352,0.458211],[0.311741,-0.573511,0.757564]]],3],[1274,[0.0211769,0.711001,-0.702872],127,47.4327,[28.736,160.435,-23.5832],[29.3021,159.859,-24.345],[336.906,-7.437,-69.2141],false,[34.2987,72.812,51.8249],[24.1815,112.518,15.9635],[30.5749,140.746,-0.311271],[30.9638,153.805,-13.2209],[28.7684,162.345,-26.7946],[[[0.801222,-0.275557,-0.531142],[0.568789,0.626364,0.533054],[0.185802,-0.729202,0.658591]],[[0.822074,-0.412488,-0.39249],[0.535836,0.327356,0.778279],[-0.192547,-0.850113,0.490137]],[[0.822074,-0.412488,-0.39249],[0.568987,0.569501,0.59323],[-0.0211769,-0.711001,0.702872]],[[0.822074,-0.412488,-0.39249],[0.55299,0.742615,0.377789],[0.135635,-0.527614,0.838586]]],4]],[[0,200,0],[235.247,235.247,147.751]]],[217270,4051515423,[[127,"right",[-0.376901,0.787462,-0.487699],[-0.290163,-0.600404,-0.745199],[-0.364395,99.4135,36.9353],[225.221,77.434,-42.0469],[-1.77579,99.0987,37.1077],0,0,0.907181,[[0.93238,-0.331527,-0.144071],[0.314409,0.547114,0.775767],[-0.178365,-0.768607,0.614353]],59.8371,[-19.0021,-131.963,217.201],[26.2217,62.915,61.4339]]],[[1270,[-0.551951,0.569562,-0.609057],127,48.9405,[-68.7213,102.6,32.9999],[-67.7163,103.586,33.5354],[234.933,211.056,-109.013],false,[0.941584,50.5647,67.6183],[0.941584,50.5647,67.6183],[-37.6985,75.6326,58.9073],[-55.3708,93.8688,39.4065],[-71.0543,106.402,30.4653],[[[0.539945,0.746752,0.388356],[-0.431066,-0.150961,0.889602],[0.722939,-0.647744,0.240389]],[[0.450379,0.818315,0.357099],[-0.343037,-0.210665,0.915394],[0.824309,-0.534772,0.185833]],[[0.450379,0.818315,0.357099],[-0.70179,0.077205,0.708188],[0.551951,-0.569562,0.609057]],[[0.450379,0.818315,0.357099],[-0.53657,-0.071603,0.840812],[0.713619,-0.570293,0.406835]]],0],[1271,[-0.589227,0.541327,-0.599814],127,55.2239,[-71.9677,162.571,0.66324],[-69.9936,163.899,0.302522],[368.906,205.774,-117.792],false,[9.14446,70.5574,72.9564],[-29.3049,115.843,37.6888],[-49.9107,147.359,23.2029],[-63.2847,159.645,9.58862],[-72.9058,164.19,-2.41981],[[[0.803862,0.269592,-0.530214],[0.209928,0.705444,0.676963],[0.55654,-0.655491,0.510485]],[[0.79837,0.276001,-0.53519],[0.31897,0.560007,0.764624],[0.510747,-0.781163,0.359057]],[[0.79837,0.276001,-0.53519],[0.124163,0.794222,0.594807],[0.589227,-0.541327,0.599814]],[[0.79837,0.276001,-0.53519],[-0.0549683,0.918466,0.391661],[0.599653,-0.283272,0.748448]]],1],[1272,[-0.271833,0.782281,-0.560485],127,62.9232,[-31.0796,190.644,-10.0782],[-29.2446,190.499,-11.366],[429.205,116.837,-108.127],false,[18.3672,75.1315,67.6913],[-10.5632,120.025,29.7438],[-17.1107,162.08,14.3408],[-24.3696,182.97,-0.6262],[-30.8612,193.356,-13.3308],[[[0.824017,0.0543164,-0.563955],[0.354976,0.726304,0.588621],[0.441575,-0.685224,0.579206]],[[0.876401,-0.0393492,-0.479972],[0.459344,0.367668,0.808594],[0.144653,-0.929124,0.340299]],[[0.876401,-0.0393492,-0.479972],[0.397527,0.621682,0.674895],[0.271833,-0.78228,0.560485]],[[0.876401,-0.0393492,-0.479972],[0.310808,0.807516,0.501315],[0.367858,-0.588532,0.719938]]],2],[1273,[-0.179199,0.770127,-0.612203],127,60.5024,[-1.81379,184.408,-19.0898],[-0.388168,183.822,-20.3284],[430.968,50.177,-93.6558],false,[27.7867,76.897,61.2687],[9.77263,118.115,23.3646],[8.26484,156.689,6.92913],[3.60318,176.723,-8.99667],[-1.58704,186.764,-22.4161],[[[0.850897,-0.10202,-0.515331],[0.426836,0.706115,0.564989],[0.306243,-0.700709,0.644377]],[[0.873864,-0.161258,-0.458646],[0.48484,0.358794,0.79762],[0.0359364,-0.919382,0.391721]],[[0.873864,-0.161258,-0.458646],[0.451939,0.617171,0.644089],[0.179199,-0.770127,0.612203]],[[0.873864,-0.161258,-0.458646],[0.385816,0.804039,0.452402],[0.295816,-0.572291,0.764837]]],3],[1274,[0.0409699,0.707638,-0.705387],127,47.4327,[33.3073,159.841,-23.8306],[33.9039,159.224,-24.5665],[384.324,-24.081,-55.9035],false,[36.3944,72.508,52.0346],[27.4418,112.177,15.8244],[34.6349,140.243,-0.396853],[35.3874,153.24,-13.3526],[33.4166,161.718,-26.9999],[[[0.798322,-0.297692,-0.523509],[0.579354,0.616952,0.532653],[0.164414,-0.728525,0.664996]],[[0.815036,-0.432039,-0.38608],[0.537389,0.314529,0.782486],[-0.216632,-0.84523,0.488526]],[[0.815036,-0.432039,-0.38608],[0.577959,0.559098,0.594451],[-0.0409699,-0.707638,0.705387]],[[0.815036,-0.432039,-0.38608],[0.566472,0.734188,0.374268],[0.121757,-0.523746,0.843129]]],4]],[[0,200,0],[235.247,235.247,147.751]]],[217271,4051524482,[[127,"right",[-0.354685,0.791331,-0.49799],[-0.294413,-0.600048,-0.743817],[2.60439,100.148,36.3217],[253.521,78.4334,-49.1403],[1.19374,99.8099,36.5748],0,0,0.912883,[[0.929817,-0.338614,-0.144154],[0.318362,0.543574,0.776642],[-0.184624,-0.768029,0.613226]],59.8371,[-18.6738,-131.438,216.882],[28.137,63.2931,61.4007]]],[[1270,[-0.533066,0.575624,-0.620078],127,48.9405,[-65.6366,104.678,31.5566],[-64.5477,105.684,31.9303],[266.936,216.177,-127.836],false,[2.53375,51.5269,67.3919],[2.53375,51.5269,67.3919],[-35.4406,77.3279,57.9265],[-52.5082,95.7582,38.0729],[-67.7817,108.539,28.7791],[[[0.551217,0.738277,0.388725],[-0.444107,-0.134805,0.885775],[0.706349,-0.660889,0.253567]],[[0.462965,0.811884,0.35568],[-0.359711,-0.194654,0.912534],[0.810106,-0.550413,0.201926]],[[0.462965,0.811884,0.35568],[-0.70817,0.0974736,0.699282],[0.533066,-0.575624,0.620078]],[[0.462965,0.811884,0.35568],[-0.550173,-0.0514069,0.833467],[0.694963,-0.581551,0.422877]]],0],[1271,[-0.571386,0.550416,-0.608736],127,55.2239,[-67.2834,164.592,-0.925048],[-65.2824,165.812,-1.47768],[411.481,210.548,-137.627],false,[11.0969,71.3842,72.6693],[-25.9891,117.188,36.6197],[-45.7471,149.083,21.7874],[-58.7161,161.576,7.97059],[-68.1161,166.238,-4.16751],[[[0.815273,0.248408,-0.52309],[0.217185,0.70621,0.673868],[0.536806,-0.662994,0.521803]],[[0.809429,0.255553,-0.528695],[0.324018,0.556499,0.765063],[0.489732,-0.79057,0.367643]],[[0.809429,0.255553,-0.528695],[0.135438,0.794817,0.591542],[0.571386,-0.550416,0.608736]],[[0.809429,0.255553,-0.528695],[-0.0397249,0.922105,0.384896],[0.585873,-0.290543,0.75653]]],1],[1272,[-0.250812,0.782899,-0.569353],127,62.9232,[-25.7332,191.595,-11.5068],[-23.8765,191.451,-12.8916],[473.207,112.942,-125.559],false,[20.4727,75.7213,67.4744],[-7.07536,120.912,28.8565],[-12.5844,163.006,13.1565],[-19.282,183.912,-2.04727],[-25.4563,194.283,-14.9212],[[[0.831252,0.0324958,-0.554946],[0.363623,0.723312,0.587024],[0.420475,-0.689756,0.589438]],[[0.880176,-0.0603995,-0.470789],[0.458777,0.362598,0.8112],[0.121711,-0.929986,0.34686]],[[0.880176,-0.0603995,-0.470789],[0.402969,0.61921,0.67394],[0.250812,-0.782899,0.569353]],[[0.880176,-0.0603995,-0.470789],[0.320734,0.806839,0.496125],[0.349885,-0.587675,0.729533]]],2],[1273,[-0.158339,0.768105,-0.620439],127,60.5024,[3.47862,184.63,-20.2488],[4.91789,184.095,-21.5033],[472.112,43.429,-105.04],false,[29.9988,77.2373,61.1459],[13.2858,118.523,22.7239],[12.7398,157.017,6.0411],[8.62074,176.999,-10.0989],[3.73769,186.985,-23.6738],[[[0.854275,-0.123981,-0.504819],[0.435301,0.701429,0.564367],[0.284124,-0.701873,0.653183]],[[0.874976,-0.182025,-0.448646],[0.483991,0.353744,0.800386],[0.0130153,-0.91746,0.397616]],[[0.874976,-0.182025,-0.448646],[0.457542,0.613907,0.643252],[0.158339,-0.768105,0.620439]],[[0.874976,-0.182025,-0.448646],[0.396182,0.801827,0.447341],[0.278309,-0.569158,0.773695]]],3],[1274,[0.0648827,0.708879,-0.70234],127,47.4327,[38.3296,159.733,-23.9225],[38.8758,159.076,-24.7526],[430.986,-18.857,-42.6512],false,[38.6148,72.5951,52.0444],[30.909,112.156,15.431],[38.9699,140.147,-0.509373],[40.1616,153.167,-13.4092],[38.5003,161.679,-27.076],[[[0.797672,-0.318563,-0.512091],[0.586253,0.608824,0.534454],[0.141516,-0.726534,0.6724]],[[0.81007,-0.448422,-0.377762],[0.533715,0.297181,0.791727],[-0.242764,-0.842972,0.480067]],[[0.81007,-0.448422,-0.377762],[0.582732,0.544434,0.603336],[-0.0648827,-0.708879,0.70234]],[[0.81007,-0.448422,-0.377762],[0.577281,0.722742,0.379988],[0.10263,-0.525891,0.844337]]],4]],[[0,200,0],[235.247,235.247,147.751]]],[217272,4051533478,[[127,"right",[-0.329017,0.795963,-0.508125],[-0.302995,-0.598616,-0.741521],[5.22224,100.966,35.6339],[263.809,81.8799,-56.6379],[4.0112,100.619,35.9168],0,0,0.913798,[[0.926198,-0.346629,-0.148344],[0.326134,0.539109,0.77653],[-0.189194,-0.7676,0.612369]],59.8371,[-18.4316,-130.946,216.537],[29.538,63.6763,61.2725]]],[[1270,[-0.512194,0.583948,-0.629811],127,48.9405,[-62.7249,107.061,30.139],[-61.7081,108.219,30.5018],[280.326,233.813,-135.73],false,[3.57858,52.6377,67.114],[3.57858,52.6377,67.114],[-33.6042,79.3431,57.0345],[-50.0036,98.0399,36.8693],[-64.8413,111.134,27.3091],[[[0.566707,0.726957,0.387783],[-0.455896,-0.115369,0.882524],[0.686296,-0.676922,0.266036]],[[0.480687,0.802599,0.353235],[-0.373819,-0.176833,0.910488],[0.793221,-0.569706,0.215025]],[[0.480687,0.802599,0.353235],[-0.711756,0.121817,0.691783],[0.512194,-0.583948,0.629811]],[[0.480687,0.802599,0.353235],[-0.559588,-0.02938,0.82825],[0.675131,-0.595795,0.435002]]],0],[1271,[-0.551396,0.562212,-0.616345],127,55.2239,[-62.5782,166.927,-2.56629],[-60.6042,168.106,-3.21548],[442.383,226.747,-150.423],false,[12.6101,72.3093,72.3055],[-22.9151,118.752,35.5088],[-41.6608,151.119,20.3883],[-54.1761,163.88,6.39884],[-63.3495,168.699,-5.85058],[[[0.826455,0.222379,-0.517223],[0.229253,0.706148,0.669924],[0.514213,-0.672237,0.532618]],[[0.820217,0.23044,-0.523585],[0.333693,0.550684,0.765111],[0.464642,-0.802275,0.374785]],[[0.820217,0.23044,-0.523585],[0.152335,0.794239,0.588199],[0.551396,-0.562212,0.616345]],[[0.820217,0.23044,-0.523585],[-0.0186642,0.925568,0.378122],[0.571747,-0.30037,0.763468]]],1],[1272,[-0.226701,0.783442,-0.57864],127,62.9232,[-20.3275,192.608,-13.1325],[-18.4653,192.499,-14.5274],[507.338,113.143,-142.157],false,[22.1455,76.3537,67.1655],[-3.83712,121.911,27.8986],[-8.12213,164.02,11.8602],[-14.1759,184.94,-3.5916],[-20.0002,195.304,-16.6334],[[[0.837056,0.005852,-0.547086],[0.376908,0.718648,0.584367],[0.396582,-0.69535,0.599343]],[[0.882276,-0.0864623,-0.462725],[0.461116,0.356429,0.812607],[0.0946688,-0.930313,0.354338]],[[0.882276,-0.0864623,-0.462725],[0.412549,0.61542,0.671611],[0.226701,-0.783442,0.57864]],[[0.882276,-0.0864623,-0.462725],[0.335642,0.804762,0.489594],[0.330052,-0.587267,0.739042]]],2],[1273,[-0.134303,0.766273,-0.628322],127,60.5024,[8.78641,184.858,-21.5305],[10.2104,184.346,-22.7733],[502.837,38.453,-115.866],false,[31.768,77.5642,60.9174],[16.5117,118.936,21.985],[17.1078,157.323,5.05855],[13.6141,177.257,-11.2866],[9.06969,187.203,-25.007],[[[0.855482,-0.15073,-0.49541],[0.448199,0.694697,0.562595],[0.25936,-0.703332,0.661858]],[[0.873766,-0.207521,-0.43985],[0.486139,0.346248,0.80236],[-0.0142092,-0.914903,0.403424]],[[0.873766,-0.207521,-0.43985],[0.467435,0.608079,0.641673],[0.134303,-0.766273,0.628322]],[[0.873766,-0.207521,-0.43985],[0.41164,0.797205,0.441607],[0.259008,-0.566921,0.781995]]],3],[1274,[0.0909747,0.707738,-0.700593],127,47.4327,[43.209,159.453,-24.1962],[43.6605,158.709,-25.1217],[459.706,-22.7311,-39.8261],false,[40.3451,72.6185,51.9399],[34.0299,112.046,14.9184],[43.0542,139.861,-0.810745],[44.7252,152.86,-13.6785],[43.3949,161.385,-27.3736],[[[0.793857,-0.343818,-0.501578],[0.596943,0.597911,0.534941],[0.115977,-0.72408,0.679895]],[[0.801729,-0.469362,-0.370041],[0.532322,0.279213,0.79917],[-0.27178,-0.837699,0.473705]],[[0.801729,-0.469362,-0.370041],[0.590724,0.528021,0.610114],[-0.0909747,-0.707738,0.700593]],[[0.801729,-0.469362,-0.370041],[0.592011,0.708744,0.383673],[0.082183,-0.52667,0.846088]]],4]],[[0,200,0],[235.247,235.247,147.751]]],[217273,4051542833,[[127,"right",[-0.304288,0.800822,-0.515842],[-0.309912,-0.595286,-0.741343],[8.34202,101.805,35.0593],[283.577,84.0963,-57.9945],[7.24073,101.504,35.2774],0,0,0.916254,[[0.92289,-0.354904,-0.14939],[0.331462,0.534747,0.777289],[-0.195977,-0.76687,0.61115]],59.8371,[-18.2121,-130.356,216.107],[31.4773,64.0815,61.1516]]],[[1270,[-0.491645,0.592618,-0.638035],127,48.9405,[-59.4066,109.534,28.7531],[-58.332,110.652,29.1652],[303.208,240.927,-137.276],false,[5.19801,53.7116,66.7839],[5.19801,53.7116,66.7839],[-31.2112,81.2558,56.1529],[-46.9526,100.23,35.7243],[-61.367,113.625,25.9359],[[[0.58028,0.71515,0.389661],[-0.467574,-0.0992003,0.87837],[0.666821,-0.691896,0.276822]],[[0.496414,0.792726,0.353779],[-0.387665,-0.162203,0.907417],[0.776717,-0.587602,0.226792]],[[0.496414,0.792726,0.353779],[-0.715443,0.142796,0.683923],[0.491645,-0.592618,0.638035]],[[0.496414,0.792726,0.353779],[-0.56869,-0.0109375,0.822479],[0.65587,-0.609481,0.445385]]],0],[1271,[-0.531544,0.575316,-0.621669],127,55.2239,[-57.3845,169.402,-3.978],[-55.4715,170.402,-4.61434],[474.075,236.556,-147.349],false,[14.6532,73.1868,71.9613],[-19.3503,120.269,34.5457],[-37.1047,153.122,19.2759],[-49.1694,166.18,5.16551],[-58.1132,171.187,-7.17809],[[[0.836879,0.199243,-0.509839],[0.239551,0.704171,0.6684],[0.492187,-0.681503,0.541577]],[[0.830215,0.208348,-0.517043],[0.342172,0.54176,0.767733],[0.440069,-0.814301,0.378487]],[[0.830215,0.208348,-0.517043],[0.16794,0.79095,0.588383],[0.531544,-0.575316,0.621669]],[[0.830215,0.208348,-0.517043],[0.0010554,0.926938,0.375214],[0.557442,-0.312054,0.769338]]],1],[1272,[-0.203201,0.785022,-0.585193],127,62.9232,[-14.4649,193.718,-14.5075],[-12.6577,193.613,-15.7512],[538.786,114.343,-139.617],false,[24.3365,76.9685,66.8984],[-0.124115,122.919,27.1165],[-3.2328,165.06,10.892],[-8.65899,186.023,-4.73477],[-14.1376,196.406,-17.9102],[[[0.842499,-0.0176455,-0.538408],[0.388335,0.712585,0.584311],[0.373351,-0.701364,0.607204]],[[0.884224,-0.109575,-0.454028],[0.461986,0.348131,0.815705],[0.0686803,-0.93102,0.358448]],[[0.884224,-0.109575,-0.454028],[0.420544,0.6097,0.671869],[0.203201,-0.785022,0.585193]],[[0.884224,-0.109575,-0.454028],[0.348947,0.801133,0.486232],[0.310458,-0.588369,0.746617]]],2],[1273,[-0.110623,0.766232,-0.63297],127,60.5024,[14.5573,185.247,-22.4776],[15.9088,184.768,-23.5977],[532.436,40.1174,-108.147],false,[34.049,77.9087,60.7438],[20.2055,119.417,21.4303],[21.9121,157.739,4.43286],[19.0344,177.672,-12.0332],[14.8273,187.618,-25.8611],[[[0.856571,-0.174332,-0.48569],[0.459239,0.686782,0.56341],[0.235343,-0.705648,0.668337]],[[0.872596,-0.229988,-0.430909],[0.486747,0.335974,0.806349],[-0.040676,-0.91336,0.405115]],[[0.872596,-0.229988,-0.430909],[0.475752,0.599995,0.643169],[0.110623,-0.766232,0.63297]],[[0.872596,-0.229988,-0.430909],[0.425538,0.791036,0.439522],[0.23978,-0.566893,0.788123]]],3],[1274,[0.115476,0.705517,-0.699222],127,47.4327,[48.4552,159.219,-24.3539],[48.8219,158.465,-25.2925],[486.261,-23.0874,-32.8595],false,[42.5943,72.7046,51.8827],[37.6217,112.062,14.5832],[47.5352,139.681,-0.955786],[49.6562,152.639,-13.7984],[48.6443,161.16,-27.5234],[[[0.790319,-0.365895,-0.491444],[0.605852,0.586248,0.537826],[0.0913197,-0.722796,0.685001]],[[0.793964,-0.488563,-0.361838],[0.529607,0.263529,0.806268],[-0.298558,-0.83178,0.467979]],[[0.793964,-0.488563,-0.361838],[0.596897,0.513374,0.616572],[-0.115476,-0.705517,0.699222]],[[0.793964,-0.488563,-0.361838],[0.604742,0.695847,0.387407],[0.0625111,-0.526406,0.847932]]],4]],[[0,200,0],[235.247,235.247,147.751]]],[217274,4051551549,[[127,"right",[-0.278004,0.805336,-0.523591],[-0.317291,-0.591471,-0.741275],[11.0619,102.466,34.6265],[291.185,81.8687,-55.7682],[10.1199,102.229,34.7869],0,0,0.918059,[[0.919804,-0.361979,-0.151436],[0.336879,0.530636,0.777778],[-0.201182,-0.766418,0.610024]],59.8371,[-18.0724,-130.01,215.848],[32.9366,64.313,61.1785]]],[[1270,[-0.469564,0.601362,-0.646431],127,48.9405,[-56.376,111.838,27.5383],[-55.2946,112.993,27.9555],[315.399,248.006,-137.259],false,[6.33981,54.6571,66.5857],[6.33981,54.6571,66.5857],[-29.2273,83.0687,55.4009],[-44.2618,102.323,34.7035],[-58.2221,116.027,24.6876],[[[0.594385,0.70225,0.391857],[-0.479286,-0.0819288,0.873826],[0.645749,-0.707201,0.287881]],[[0.512943,0.781741,0.35464],[-0.401476,-0.146693,0.904045],[0.758753,-0.606104,0.238605]],[[0.512943,0.781741,0.35464],[-0.718609,0.165056,0.675543],[0.469564,-0.601362,0.646431]],[[0.512943,0.781741,0.35464],[-0.577402,0.00849521,0.816416],[0.635213,-0.623545,0.455737]]],0],[1271,[-0.509995,0.590239,-0.625718],127,55.2239,[-52.4645,171.771,-5.08881],[-50.561,172.624,-5.79803],[499.983,246.999,-140.552],false,[16.2393,73.9125,71.7549],[-16.1373,121.634,33.7105],[-32.8054,155.018,18.3706],[-44.381,168.415,4.16834],[-53.0797,173.639,-8.2602],[[[0.847116,0.174597,-0.501907],[0.250545,0.701701,0.666966],[0.468639,-0.690748,0.550677]],[[0.839968,0.184972,-0.510137],[0.351802,0.530138,0.771485],[0.413146,-0.82749,0.380226]],[[0.839968,0.184972,-0.510137],[0.185363,0.78575,0.590117],[0.509995,-0.590239,0.625718]],[[0.839968,0.184972,-0.510137],[0.022813,0.92724,0.373772],[0.542157,-0.325595,0.774632]]],1],[1272,[-0.178206,0.786031,-0.591944],127,62.9232,[-8.94292,194.616,-15.6557],[-7.08132,194.488,-16.8416],[565.112,110.186,-136.421],false,[26.0704,77.4134,66.7753],[3.22877,123.744,26.4741],[1.37262,165.888,10.067],[-3.38613,186.877,-5.74003],[-8.49857,197.269,-19.055],[[[0.847435,-0.0425288,-0.529193],[0.400381,0.705781,0.584439],[0.348638,-0.707153,0.615131]],[[0.885576,-0.134126,-0.444708],[0.46268,0.339242,0.819049],[0.041008,-0.931088,0.362482]],[[0.885576,-0.134126,-0.444708],[0.428949,0.603462,0.672188],[0.178206,-0.786031,0.591944]],[[0.885576,-0.134126,-0.444708],[0.363075,0.797021,0.482632],[0.289708,-0.58887,0.754521]]],2],[1273,[-0.0853405,0.765125,-0.638202],127,60.5024,[19.9802,185.408,-23.2252],[21.3528,184.895,-24.3019],[556.722,32.9169,-101.217],false,[35.8687,78.0667,60.7205],[23.5204,119.685,21.027],[26.4102,157.897,3.94347],[24.1902,177.801,-12.6587],[20.343,187.728,-26.6049],[[[0.856894,-0.199212,-0.475445],[0.470813,0.678037,0.564448],[0.209924,-0.707518,0.674797]],[[0.870719,-0.25409,-0.421055],[0.486934,0.325529,0.81051],[-0.0688767,-0.910752,0.407169]],[[0.870719,-0.25409,-0.421055],[0.48432,0.591627,0.644524],[0.0853405,-0.765125,0.638202]],[[0.870719,-0.25409,-0.421055],[0.440194,0.784426,0.436928],[0.219267,-0.565787,0.794863]]],3],[1274,[0.142114,0.702026,-0.697828],127,47.4327,[53.3599,158.699,-24.3312],[53.6948,157.904,-25.2885],[506.846,-33.679,-22.9339],false,[44.3703,72.5919,51.9815],[40.8126,111.843,14.4096],[51.6904,139.218,-0.915946],[54.3006,152.112,-13.7329],[53.6333,160.607,-27.4944],[[[0.785781,-0.389035,-0.480833],[0.615044,0.573609,0.541012],[0.0653373,-0.72085,0.690004]],[[0.785074,-0.509317,-0.352499],[0.525678,0.246871,0.814074],[-0.3276,-0.82441,0.461549]],[[0.785074,-0.509317,-0.352499],[0.602879,0.497751,0.623523],[-0.142114,-0.702026,0.697828]],[[0.785074,-0.509317,-0.352499],[0.618029,0.68199,0.391062],[0.0412267,-0.524867,0.850185]]],4]],[[0,200,0],[235.247,235.247,147.751]]],[217275,4051561069,[[127,"right",[-0.254429,0.807652,-0.531944],[-0.32316,-0.58943,-0.740365],[14.6388,103.043,34.0521],[315.526,75.7642,-57.0823],[13.8534,102.902,34.1798],0,0,0.923763,[[0.916019,-0.371594,-0.151087],[0.34174,0.525682,0.77902],[-0.210055,-0.76523,0.608523]],59.8371,[-17.8825,-129.425,215.377],[35.3764,64.5968,61.0883]]],[[1270,[-0.44961,0.607335,-0.654977],127,48.9405,[-52.5408,114.065,26.1865],[-51.3899,115.023,26.6218],[342.68,237.766,-137.369],false,[8.51491,55.5827,66.291],[8.51491,55.5827,66.291],[-26.28,84.7139,54.5428],[-40.6756,104.159,33.5718],[-54.2223,118.105,23.3239],[[[0.606181,0.691427,0.39303],[-0.489754,-0.0648496,0.869445],[0.626646,-0.71953,0.299319]],[[0.527,0.772413,0.354469],[-0.413873,-0.131036,0.900855],[0.74228,-0.621456,0.250625]],[[0.527,0.772413,0.354469],[-0.721194,0.1858,0.667351],[0.44961,-0.607335,0.654977]],[[0.527,0.772413,0.354469],[-0.585092,0.0272434,0.810509],[0.616391,-0.634536,0.46629]]],0],[1271,[-0.489536,0.604581,-0.628359],127,55.2239,[-46.6576,174.089,-6.23522],[-44.9518,174.574,-7.03191],[528.727,241.374,-132.991],false,[18.7957,74.646,71.4276],[-12.1087,122.814,32.7269],[-27.7373,156.702,17.3983],[-38.8486,170.425,3.13614],[-47.3163,175.851,-9.36491],[[[0.855842,0.15184,-0.494449],[0.259676,0.700605,0.664621],[0.447329,-0.697207,0.560178]],[[0.8483,0.16339,-0.503678],[0.361004,0.51742,0.775856],[0.38738,-0.839988,0.379943]],[[0.8483,0.16339,-0.503678],[0.201846,0.779606,0.592852],[0.489536,-0.604581,0.628359]],[[0.8483,0.16339,-0.503678],[0.0430454,0.926776,0.373139],[0.527764,-0.338214,0.779151]]],1],[1272,[-0.156017,0.784697,-0.599924],127,62.9232,[-2.67333,195.284,-17.0406],[-0.959286,195.071,-18.1749],[586.952,95.3817,-138.545],false,[28.7529,77.8885,66.5244],[7.37178,124.434,25.6736],[6.63336,166.52,9.03228],[2.46716,187.475,-6.98782],[-2.32223,197.817,-20.4601],[[[0.851517,-0.0654271,-0.520229],[0.410386,0.700712,0.583598],[0.326348,-0.710438,0.623518]],[[0.886523,-0.156598,-0.435379],[0.462397,0.333039,0.82175],[0.0163139,-0.929818,0.367657]],[[0.886523,-0.156598,-0.435379],[0.435587,0.599773,0.67122],[0.156017,-0.784697,0.599924]],[[0.886523,-0.156598,-0.435379],[0.374725,0.794967,0.477084],[0.271401,-0.586093,0.763437]]],2],[1273,[-0.0628709,0.762058,-0.64445],127,60.5024,[26.1263,185.361,-24.2027],[27.3421,184.818,-25.2566],[577.126,20.6423,-101.611],false,[38.6238,78.2771,60.5653],[27.6198,119.879,20.4617],[31.5522,157.931,3.22708],[29.9167,177.755,-13.5376],[26.3918,187.622,-27.6107],[[[0.856885,-0.221896,-0.465307],[0.480368,0.671243,0.564518],[0.18707,-0.707245,0.681769]],[[0.868797,-0.275994,-0.411119],[0.486217,0.318343,0.813788],[-0.0937238,-0.90691,0.410768]],[[0.868797,-0.275994,-0.411119],[0.49116,0.585744,0.644722],[0.0628709,-0.762058,0.64445]],[[0.868797,-0.275994,-0.411119],[0.452583,0.779451,0.433157],[0.200898,-0.562391,0.802095]]],3],[1274,[0.167414,0.699134,-0.695115],127,47.4327,[59.0625,158.152,-24.3329],[59.2447,157.343,-25.3535],[530.655,-40.1184,-16.4443],false,[47.0864,72.5495,51.9513],[44.7955,111.602,14.0749],[56.595,138.764,-0.944201],[59.6699,151.605,-13.7113],[59.3184,160.066,-27.5057],[[[0.781548,-0.410099,-0.470108],[0.622424,0.56342,0.543273],[0.0420726,-0.717201,0.695595]],[[0.777122,-0.52745,-0.343334],[0.519424,0.229503,0.82312],[-0.355358,-0.818001,0.452322]],[[0.777122,-0.52745,-0.343334],[0.606674,0.48271,0.631615],[-0.167414,-0.699134,0.695115]],[[0.777122,-0.52745,-0.343334],[0.628975,0.669733,0.394776],[0.0217172,-0.522738,0.852217]]],4]],[[0,200,0],[235.247,235.247,147.751]]],[217276,4051569673,[[127,"right",[-0.226244,0.810215,-0.540708],[-0.325168,-0.586079,-0.742144],[17.511,103.702,33.5671],[320.361,75.9846,-56.8928],[16.9092,103.571,33.6679],0,0,0.926043,[[0.914947,-0.375342,-0.148288],[0.341271,0.523448,0.780728],[-0.215419,-0.764932,0.607021]],59.8371,[-17.7434,-129.008,215.07],[36.8755,64.9377,61.1617]]],[[1270,[-0.424917,0.61449,-0.664716],127,48.9405,[-49.2486,116.186,24.7399],[-48.0791,117.235,24.9847],[353.671,243.186,-149.514],false,[9.72384,56.6021,65.9752],[9.72384,56.6021,65.9752],[-24.1521,86.5025,53.4962],[-37.7571,106.177,32.2134],[-50.8003,120.388,21.6812],[[[0.61617,0.679119,0.398913],[-0.505242,-0.0477256,0.861657],[0.604206,-0.732475,0.313712]],[[0.539917,0.761434,0.35876],[-0.431545,-0.115533,0.894662],[0.722675,-0.637864,0.266215]],[[0.539917,0.761434,0.35876],[-0.726592,0.206447,0.65532],[0.424917,-0.61449,0.664716]],[[0.539917,0.761434,0.35876],[-0.596884,0.0458267,0.801018],[0.593481,-0.646621,0.47923]]],0],[1271,[-0.463704,0.618312,-0.634562],127,55.2239,[-41.3404,176.263,-7.53866],[-39.6273,176.644,-8.51549],[555.147,245.902,-140.463],false,[20.3754,75.445,71.1694],[-8.72804,124.099,31.6891],[-23.1684,158.463,16.2526],[-33.6933,172.497,1.84963],[-41.831,178.121,-10.7826],[[[0.867172,0.128234,-0.481216],[0.265617,0.698273,0.664727],[0.421261,-0.704252,0.571462]],[[0.859634,0.140591,-0.491185],[0.364578,0.504721,0.782522],[0.357927,-0.851758,0.382619]],[[0.859634,0.140591,-0.491185],[0.214492,0.773256,0.596715],[0.463705,-0.618312,0.634562]],[[0.859634,0.140591,-0.491185],[0.0614797,0.925942,0.372628],[0.507197,-0.350522,0.787328]]],1],[1272,[-0.128767,0.783321,-0.608134],127,62.9232,[3.08929,195.9,-18.3122],[4.92399,195.728,-19.4155],[611.878,89.4293,-141.648],false,[30.4862,78.4176,66.4115],[10.8979,125.209,24.947],[11.438,167.213,8.0917],[7.99942,188.131,-8.14764],[3.63784,198.436,-21.793],[[[0.858041,-0.0890222,-0.505807],[0.417583,0.694269,0.586187],[0.298983,-0.714189,0.632885]],[[0.889352,-0.180078,-0.420267],[0.457067,0.326167,0.827469],[-0.0119323,-0.928002,0.372385]],[[0.889352,-0.180078,-0.420267],[0.438716,0.594962,0.67346],[0.128767,-0.783321,0.608134]],[[0.889352,-0.180078,-0.420267],[0.384662,0.79156,0.474834],[0.247159,-0.583956,0.773245]]],2],[1273,[-0.0354107,0.758869,-0.65028],127,60.5024,[31.7809,185.312,-24.9532],[33.0871,184.789,-25.9515],[600.279,13.6404,-97.2044],false,[40.4591,78.5329,60.6129],[31.1125,120.138,20.0943],[36.2278,157.998,2.74962],[35.3067,177.739,-14.1667],[32.2096,187.561,-28.3719],[[[0.85875,-0.245233,-0.4499],[0.487137,0.663014,0.568428],[0.158893,-0.7073,0.688825]],[[0.868395,-0.298672,-0.395835],[0.480652,0.310728,0.820014],[-0.121918,-0.902354,0.413391]],[[0.868395,-0.298672,-0.395835],[0.494607,0.578716,0.648422],[0.0354107,-0.758869,0.65028]],[[0.868395,-0.298672,-0.395835],[0.463392,0.772942,0.433392],[0.176515,-0.559783,0.809621]]],3],[1274,[0.197966,0.696314,-0.689896],127,47.4327,[64.3374,157.661,-23.8815],[64.5054,156.824,-24.9345],[553.54,-44.6725,2.74634],false,[48.9204,72.551,52.1721],[48.1857,111.413,14.038],[61.0263,138.34,-0.542396],[64.6623,151.129,-13.2137],[64.7243,159.567,-27.0266],[[[0.778995,-0.431602,-0.454847],[0.626885,0.55169,0.55014],[0.0134929,-0.713693,0.700328]],[[0.770084,-0.545935,-0.330038],[0.507369,0.210522,0.835618],[-0.386713,-0.810947,0.43911]],[[0.770084,-0.545935,-0.330038],[0.606449,0.465941,0.644297],[-0.197966,-0.696314,0.689896]],[[0.770084,-0.545935,-0.330038],[0.637931,0.6559,0.403534],[-0.00383131,-0.521297,0.853367]]],4]],[[0,200,0],[235.247,235.247,147.751]]],[217277,4051579424,[[127,"right",[-0.197429,0.811772,-0.54959],[-0.325871,-0.583088,-0.744188],[20.8322,104.349,32.7115],[326.306,73.1391,-65.9558],[20.4732,104.278,32.799],0,0,0.929792,[[0.914024,-0.379511,-0.143286],[0.339444,0.522125,0.782408],[-0.22212,-0.763778,0.606058]],59.8371,[-17.5338,-128.334,214.546],[38.784,65.3195,60.8822]]],[[1270,[-0.399781,0.621262,-0.67395],127,48.9405,[-45.374,118.506,22.8157],[-44.258,119.418,22.9106],[364.406,238.372,-165.019],false,[11.3619,57.6586,65.2644],[11.3619,57.6586,65.2644],[-21.5523,88.3019,52.0365],[-34.3524,108.193,30.4581],[-46.8757,122.658,19.6437],[[[0.624988,0.666987,0.405608],[-0.521304,-0.0301494,0.852838],[0.581061,-0.744459,0.32886]],[[0.552096,0.750133,0.363992],[-0.449628,-0.0997832,0.887625],[0.702158,-0.653715,0.282191]],[[0.552096,0.750133,0.363992],[-0.731687,0.226568,0.642886],[0.399781,-0.621262,0.67395]],[[0.552096,0.750133,0.363992],[-0.60868,0.0642577,0.790809],[0.569823,-0.658157,0.492068]]],0],[1271,[-0.43692,0.630577,-0.641462],127,55.2239,[-35.2114,178.482,-9.36163],[-33.7702,178.602,-10.4322],[570.772,236.428,-154.529],false,[22.3642,76.2785,70.5312],[-4.87883,125.346,30.2436],[-18.1146,160.137,14.6831],[-28.0316,174.449,0.123455],[-35.8184,180.243,-12.6522],[[[0.878296,0.104584,-0.466539],[0.270367,0.696148,0.665041],[0.394333,-0.71024,0.583147]],[[0.870795,0.1178,-0.477325],[0.366176,0.492455,0.789559],[0.328071,-0.862329,0.385692]],[[0.870795,0.1178,-0.477325],[0.225426,0.767135,0.600573],[0.43692,-0.630577,0.641462]],[[0.870795,0.1178,-0.477325],[0.0785828,0.92504,0.371653],[0.485325,-0.361143,0.796263]]],1],[1272,[-0.100206,0.782217,-0.614894],127,62.9232,[9.73448,196.536,-19.899],[11.3332,196.321,-20.9643],[625.08,81.1076,-146.959],false,[32.6247,78.9805,65.9351],[14.8834,125.948,23.8439],[16.7272,167.852,6.83139],[14.0513,188.74,-9.58848],[10.1479,199.027,-23.3854],[[[0.86445,-0.112553,-0.489956],[0.423553,0.688044,0.589235],[0.270792,-0.716887,0.642452]],[[0.891961,-0.203213,-0.403869],[0.450273,0.318798,0.834039],[-0.0407344,-0.925782,0.375857]],[[0.891961,-0.203213,-0.403869],[0.440867,0.588932,0.677344],[0.100206,-0.782217,0.614894]],[[0.891961,-0.203213,-0.403869],[0.394307,0.786698,0.475004],[0.221196,-0.582933,0.781832]]],2],[1273,[-0.00715245,0.754748,-0.655976],127,60.5024,[38.2316,185.172,-26.0273],[39.3211,184.66,-26.9831],[611.065,5.13079,-100.968],false,[42.698,78.8224,60.3138],[35.0543,120.371,19.3815],[41.357,157.999,1.92465],[41.1709,177.633,-15.1399],[38.5247,187.399,-29.4744],[[[0.860472,-0.268367,-0.43309],[0.492648,0.655041,0.572904],[0.129943,-0.706328,0.695856]],[[0.867853,-0.321201,-0.379028],[0.473568,0.304148,0.826575],[-0.150216,-0.896841,0.416066]],[[0.867853,-0.321201,-0.379028],[0.49677,0.572001,0.652713],[0.00715245,-0.754748,0.655976]],[[0.867853,-0.321201,-0.379028],[0.473376,0.766195,0.434581],[0.150821,-0.556575,0.816993]]],3],[1274,[0.227531,0.690252,-0.686863],127,47.4327,[70.1411,156.969,-23.8615],[70.1669,156.148,-24.9528],[561.814,-52.2114,1.60863],false,[51.1622,72.5874,52.0612],[52.0197,111.205,13.6826],[65.8318,137.818,-0.583318],[70.0108,150.496,-13.1989],[70.4932,158.865,-27.0453],[[[0.776421,-0.452831,-0.438308],[0.630018,0.540333,0.557779],[-0.0157476,-0.709214,0.704818]],[[0.762942,-0.56468,-0.314733],[0.494862,0.196869,0.846377],[-0.415971,-0.801486,0.429638]],[[0.762942,-0.56468,-0.314733],[0.605103,0.452425,0.655105],[-0.227531,-0.690252,0.686863]],[[0.762942,-0.56468,-0.314733],[0.64578,0.643266,0.411311],[-0.0298018,-0.517054,0.855434]]],4]],[[0,200,0],[235.247,235.247,147.751]]],[217278,4051588287,[[127,"right",[-0.172081,0.811761,-0.558062],[-0.322524,-0.581716,-0.746716],[24.0805,104.794,32.0665],[337.201,66.9383,-67.8034],[23.6777,104.737,32.1483],0,0,0.935842,[[0.914248,-0.381932,-0.1352],[0.334067,0.521817,0.784925],[-0.229238,-0.762782,0.60466]],59.8371,[-17.3448,-127.779,214.114],[40.7778,65.6216,60.8041]]],[[1270,[-0.377002,0.625894,-0.682734],127,48.9405,[-41.8082,120.259,21.0788],[-40.5236,121.058,20.9997],[379.343,225.155,-175.274],false,[13.1418,58.4919,64.713],[13.1418,58.4919,64.713],[-18.9319,89.6935,50.7461],[-31.0027,109.733,28.8864],[-43.0474,124.381,17.7782],[[[0.629443,0.657982,0.413354],[-0.537698,-0.0152087,0.843],[0.560966,-0.75288,0.344223]],[[0.559779,0.741239,0.370422],[-0.467418,-0.0866632,0.879778],[0.684228,-0.665623,0.297956]],[[0.559779,0.741239,0.370422],[-0.737914,0.242531,0.629811],[0.377002,-0.625894,0.682734]],[[0.559779,0.741239,0.370422],[-0.621523,0.0799246,0.779308],[0.548048,-0.666466,0.505437]]],0],[1271,[-0.411985,0.640712,-0.647887],127,55.2239,[-29.715,180.11,-10.9572],[-28.2592,180.055,-12.1259],[586.759,220.519,-161.938],false,[24.3844,76.9402,70.0754],[-1.18834,126.243,28.9878],[-13.3651,161.372,13.3248],[-22.7161,175.915,-1.38066],[-30.1574,181.851,-14.2962],[[[0.888682,0.085534,-0.450476],[0.270609,0.69527,0.665861],[0.370156,-0.713641,0.594727]],[[0.881273,0.0994735,-0.46202],[0.363679,0.481586,0.797378],[0.301821,-0.870735,0.388233]],[[0.881273,0.0994735,-0.46202],[0.231574,0.761311,0.605623],[0.411985,-0.640712,0.647887]],[[0.881273,0.0994735,-0.46202],[0.0908704,0.923693,0.372201],[0.463789,-0.369995,0.804987]]],1],[1272,[-0.0750897,0.780093,-0.621141],127,62.9232,[15.594,196.87,-21.2161],[17.2455,196.605,-22.2578],[636.006,67.8768,-147.104],false,[34.7775,79.4248,65.658],[18.6983,126.443,22.9592],[21.6274,168.225,5.79965],[19.6222,189.056,-10.787],[16.1427,199.305,-24.7251],[[[0.87128,-0.131456,-0.472853],[0.425016,0.683884,0.593012],[0.245422,-0.71765,0.651726]],[[0.895376,-0.221441,-0.386349],[0.440584,0.314441,0.840841],[-0.0647122,-0.923088,0.379106]],[[0.895376,-0.221441,-0.386349],[0.438934,0.585166,0.681849],[0.0750897,-0.780093,0.621141]],[[0.895376,-0.221441,-0.386349],[0.39928,0.783372,0.476344],[0.197174,-0.580768,0.789829]]],2],[1273,[0.0187745,0.750477,-0.660629],127,60.5024,[44.0245,184.913,-26.806],[45.1537,184.382,-27.7206],[623.616,-4.86179,-96.6675],false,[44.95,79.0468,60.229],[38.8433,120.468,18.9122],[46.1725,157.875,1.37938],[46.6609,177.398,-15.8062],[44.4514,187.104,-30.2549],[[[0.863364,-0.286809,-0.415142],[0.493786,0.649519,0.578187],[0.103813,-0.704177,0.702394]],[[0.868746,-0.339306,-0.360764],[0.463428,0.300009,0.833804],[-0.174682,-0.891552,0.417876]],[[0.868746,-0.339306,-0.360764],[0.494901,0.567146,0.658345],[-0.0187745,-0.750477,0.660629]],[[0.868746,-0.339306,-0.360764],[0.47898,0.760844,0.43783],[0.125927,-0.553162,0.823501]]],3],[1274,[0.253914,0.683754,-0.684111],127,47.4327,[75.4385,156.258,-23.6784],[75.487,155.441,-24.7557],[572.267,-60.0285,7.02513],false,[53.4514,72.6058,52.1752],[55.741,110.958,13.5897],[70.3531,137.276,-0.423747],[75.0167,149.835,-12.9888],[75.9086,158.13,-26.8595],[[[0.776041,-0.469733,-0.420846],[0.629279,0.532222,0.566347],[-0.0420483,-0.704338,0.708619]],[[0.758413,-0.579706,-0.297912],[0.480783,0.188976,0.856233],[-0.440065,-0.792609,0.422035]],[[0.758413,-0.579706,-0.297912],[0.600281,0.443195,0.665763],[-0.253914,-0.683754,0.684111]],[[0.758413,-0.579706,-0.297912],[0.649441,0.633497,0.420604],[-0.0551004,-0.512468,0.856937]]],4]],[[0,200,0],[