{"metadata":{"formatVersion":2,"generatedBy":"LeapJS Playback 0.2.1","frames":46,"protocolVersion":6,"serviceVersion":"2.2.6+29154","frameRate":"77","modified":"Thu Jun 04 2015 14:49:55 GMT-0300 (E. South America Standard Time)"},"frames":[["id","timestamp",{"hands":[["id","type","direction","palmNormal","palmPosition","palmVelocity","stabilizedPalmPosition","pinchStrength","grabStrength","confidence","armBasis","armWidth","elbow","wrist"]]},{"pointables":[["id","direction","handId","length","stabilizedTipPosition","tipPosition","tipVelocity","tool","carpPosition","mcpPosition","pipPosition","dipPosition","btipPosition","bases","type"]]},{"interactionBox":["center","size"]}],[240198,4365464097,[[153,"right",[-0.485961,0.157017,-0.85976],[-0.167016,-0.982284,-0.0849911],[9.70715,144.768,67.6556],[-273.389,-180.703,33.3585],[9.7182,144.776,67.6547],0.57696,0,0.332417,[[0.66079,-0.136553,-0.738045],[0.0221026,0.986425,-0.162719],[0.750246,0.0912105,0.654838]],63.72,[245.776,164.38,287.417],[43.2099,139.753,110.611]],[156,"left",[0.926176,-0.166713,-0.338237],[0.369559,0.222915,0.902073],[-89.5626,96.9435,24.5757],[-6.93387,30.1175,-4.31561],[-90.6421,95.4462,24.2571],0.8535,0,0.236441,[[-0.184783,-0.900009,0.394765],[-0.776837,-0.112282,-0.619611],[-0.60198,0.421162,0.678412]],63.3365,[-302.986,210.687,222.957],[-141.43,97.6573,40.8882]]],[[1530,[-0.231771,-0.471235,-0.851011],153,52.1164,[-25.7083,91.7779,52.2166],[-27.4689,91.5551,53.2437],[-154.823,-172.555,89.1949],false,[18.6128,131.523,126.991],[18.6128,131.523,126.991],[-18.2549,116.231,97.0132],[-26.1573,100.164,67.9974],[-25.8843,88.6249,47.6379],[[[0.399763,0.868059,-0.294386],[-0.426066,0.460336,0.778818],[0.811577,-0.185915,0.553876]],[[0.0396194,0.869534,-0.492281],[-0.673011,0.387378,0.630075],[0.73857,0.306348,0.600554]],[[0.0396194,0.869534,-0.492281],[-0.971963,0.147813,0.182863],[0.231771,0.471234,0.851011]],[[0.0396194,0.869534,-0.492281],[-0.999147,0.0287246,-0.0296752],[-0.011663,0.493037,0.86993]]],0],[1531,[-0.448282,-0.0285883,-0.893435],153,58.8075,[-58.9586,155.287,-12.6923],[-58.9274,154.14,-12.6888],[-360.18,-166.814,95.6726],false,[23.5975,151.585,115.392],[-23.5593,153.376,58.9515],[-42.3429,157.669,20.5521],[-53.178,156.978,-1.04254],[-60.8974,154.682,-16.1109],[[[0.764101,-0.0744758,-0.640783],[0.0727373,0.996926,-0.0291334],[0.640982,-0.0243479,0.767169]],[[0.89207,-0.0780941,-0.445098],[0.114278,0.991925,0.0549995],[0.437209,-0.0999282,0.893791]],[[0.89207,-0.0780941,-0.445098],[0.0570473,0.996536,-0.060511],[0.448282,0.0285883,0.893435]],[[0.89207,-0.0780941,-0.445098],[0.00904673,0.987843,-0.155189],[0.451807,0.134413,0.881932]]],1],[1532,[0.387247,-0.385366,0.837576],153,67.0064,[0.589267,98.6062,82.9824],[0.425459,98.5183,82.9429],[-316.853,-140.506,131.442],false,[32.6511,152.389,107.085],[-4.35874,153.263,47.949],[-18.413,107.162,47.2651],[-7.4011,96.2033,71.0827],[2.7664,99.1625,86.607],[[[0.820005,-0.245934,-0.516826],[0.214926,0.969206,-0.120196],[0.530471,-0.0125179,0.847611]],[[0.831651,-0.246152,-0.497761],[-0.472587,0.156937,-0.867198],[0.29158,0.956441,0.0141889]],[[0.831651,-0.246152,-0.497761],[-0.397991,-0.889327,-0.225169],[-0.387247,0.385366,-0.837576]],[[0.831651,-0.246152,-0.497761],[-0.124966,-0.956353,0.264143],[-0.541055,-0.157472,-0.826113]]],2],[1533,[0.272039,-0.342952,0.899099],153,64.4285,[16.4041,101.265,80.2027],[16.3004,101.172,80.1555],[-327.452,-178.274,85.0605],false,[42.4338,150.266,99.9634],[17.5248,150.014,42.4896],[2.27278,108.019,42.7632],[9.80881,98.5188,67.6701],[18.2872,102.016,83.9483],[[[0.870579,-0.317454,-0.375919],[0.289763,0.948265,-0.129732],[0.397654,0.00401512,0.917526]],[[0.867257,-0.317476,-0.383503],[-0.362404,0.125602,-0.923519],[0.341364,0.939911,-0.00612545]],[[0.867257,-0.317476,-0.383503],[-0.416965,-0.884077,-0.211062],[-0.272039,0.342952,-0.899099]],[[0.867257,-0.317476,-0.383503],[-0.204821,-0.929613,0.306379],[-0.453777,-0.18716,-0.871239]]],3],[1534,[0.14169,-0.35893,0.922547],153,50.5107,[28.1346,106.575,68.74],[27.6743,106.198,68.6197],[-323.765,-209.754,68.4188],false,[52.5171,141.341,95.3553],[37.3414,142.514,39.4034],[19.8888,111.769,38.733],[22.6601,104.749,56.777],[29.7446,107.101,72.3136],[[[0.850828,-0.467143,-0.240561],[0.455628,0.88395,-0.105048],[0.261716,-0.0202287,0.964933]],[[0.830175,-0.464541,-0.308239],[-0.259204,0.167881,-0.95112],[0.493581,0.869493,0.0189596]],[[0.830175,-0.464541,-0.308239],[-0.539197,-0.80955,-0.232154],[-0.14169,0.35893,-0.922547]],[[0.830175,-0.464541,-0.308239],[-0.376665,-0.874979,0.304197],[-0.411014,-0.136434,-0.901362]]],4],[1560,[0.878994,-0.309758,0.36252],156,51.8027,[-55.6602,105.967,73.7028],[-53.9296,106.172,74.7937],[-2.72613,-23.3841,3.80283],false,[-138.488,127.834,44.1263],[-138.488,127.834,44.1263],[-89.9345,130.516,53.9856],[-60.1451,120.018,66.2715],[-52.6012,101.202,77.6816],[[[-0.179992,-0.618406,-0.764969],[-0.466375,0.738357,-0.487158],[-0.866082,-0.269077,0.421307]],[[0.201637,-0.447486,-0.871263],[0.0418229,0.892656,-0.448794],[-0.978567,-0.0540548,-0.198708]],[[0.201637,-0.447486,-0.871263],[0.432103,0.838932,-0.330878],[-0.878994,0.309758,-0.36252]],[[0.201637,-0.447486,-0.871263],[0.924218,0.381442,0.0179818],[-0.32429,0.808863,-0.490487]]],0],[1561,[0.994976,-0.0977184,0.0217858],156,58.4535,[8.52588,108.212,2.45242],[13.5621,107.472,5.8234],[-1.38202,-4.65224,-1.66404],false,[-136.421,114.028,25.1455],[-65.4737,116.224,7.56261],[-23.2802,110.858,3.75015],[0.624041,108.51,4.27355],[17.4601,107.232,6.09753],[[[0.0815818,-0.974833,0.207473],[-0.228164,-0.220906,-0.948231],[-0.970199,-0.0300206,0.240443]],[[-0.100063,-0.963443,0.248527],[-0.11724,-0.236624,-0.964502],[-0.98805,0.125648,0.0892766]],[[-0.100063,-0.963443,0.248527],[-0.0032963,-0.249458,-0.96838],[-0.994976,0.0977184,-0.0217858]],[[-0.100063,-0.963443,0.248527],[0.0847715,-0.257127,-0.962652],[-0.991363,0.075258,-0.107401]]],1],[1562,[-0.658464,0.294788,0.692478],156,66.6031,[-82.9456,121.626,72.9702],[-79.6386,121.819,74.9245],[5.62893,-10.53,14.9778],false,[-135.251,101.869,25.9122],[-67.8065,94.7004,11.4569],[-47.0308,111.727,51.1287],[-65.6425,120.06,70.7018],[-83.3138,122.405,76.2806],[[[-0.0125526,-0.917888,0.39664],[-0.232332,-0.383138,-0.893995],[-0.972556,0.103374,0.208445]],[[0.00217804,-0.919349,0.393438],[0.901085,-0.168806,-0.399438],[-0.433638,-0.355391,-0.828043]],[[0.00217804,-0.919349,0.393438],[0.752609,0.260573,0.604715],[0.658464,-0.294788,-0.692478]],[[0.00217804,-0.919349,0.393438],[0.32399,0.372866,0.869484],[0.946058,-0.125576,-0.298672]]],2],[1563,[-0.608175,0.442651,0.658926],156,64.0407,[-85.4313,107.472,75.5242],[-83.799,107.724,76.5369],[-1.69087,-9.85303,4.69713],false,[-134.819,90.2886,29.7618],[-75.3742,74.9047,19.449],[-53.8697,91.7405,54.4693],[-70.6159,103.929,72.613],[-87.7441,108.928,77.7647],[[[-0.137985,-0.86116,0.489249],[-0.263519,-0.444248,-0.856272],[-0.954734,0.247079,0.165633]],[[-0.10794,-0.868493,0.483807],[0.868263,-0.319385,-0.379622],[-0.48422,-0.379095,-0.788555]],[[-0.10794,-0.868493,0.483807],[0.78643,0.223115,0.575976],[0.608175,-0.442651,-0.658926]],[[-0.10794,-0.868493,0.483807],[0.371139,0.416264,0.830048],[0.922282,-0.269155,-0.2774]]],3],[1564,[-0.455044,0.732426,0.506445],156,50.2067,[-84.2232,94.4221,67.2866],[-82.3485,94.8292,68.1686],[-3.31979,-4.93556,-4.16965],false,[-135.113,80.9871,40.4165],[-82.7345,58.767,31.2124],[-62.7707,73.1064,56.3341],[-71.6173,87.3455,66.1799],[-85.4363,97.1144,68.853],[[[-0.202107,-0.741455,0.639841],[-0.36508,-0.549195,-0.751732],[-0.908774,0.385524,0.159694]],[[-0.346147,-0.669503,0.657228],[0.746685,-0.620733,-0.239065],[-0.568018,-0.40799,-0.714773]],[[-0.346147,-0.669503,0.657228],[0.820437,0.123763,0.558181],[0.455044,-0.732426,-0.506445]],[[-0.346147,-0.669503,0.657228],[0.479193,0.476094,0.737366],[0.806571,-0.570176,-0.156022]]],4]],[[0,200,0],[235.247,235.247,147.751]]],[240199,4365472633,[[153,"right",[-0.48595,0.150951,-0.860852],[-0.167706,-0.982773,-0.07766],[8.75803,144.149,68.1376],[-230.815,-152.316,39.4215],[8.81928,144.189,68.1068],0.579792,0,0.338148,[[0.658701,-0.140687,-0.739135],[0.0262671,0.986064,-0.164279],[0.751946,0.0887958,0.653217]],63.72,[245.288,163.405,287.494],[42.2622,139.43,111.126]],[156,"left",[0.92443,-0.170584,-0.341073],[0.371973,0.206194,0.905053],[-89.7284,97.6139,24.6494],[-10.2139,42.8252,-0.91743],[-90.5825,95.5876,24.2827],0.857187,0,0.251386,[[-0.196204,-0.902636,0.383082],[-0.773489,-0.0976473,-0.626242],[-0.602676,0.419181,0.679021]],63.3365,[-303.324,211.082,223.227],[-141.581,98.5841,40.9952]]],[[1530,[-0.226962,-0.478286,-0.848369],153,52.1164,[-26.2605,90.9728,52.7866],[-28.0975,90.7831,53.9949],[-133.912,-151.381,90.524],false,[17.6612,131.339,127.569],[17.6612,131.339,127.569],[-19.1598,115.808,97.657],[-26.8982,99.5001,68.7314],[-26.4961,87.8046,48.4636],[[[0.400331,0.865566,-0.300882],[-0.425659,0.466415,0.775417],[0.811511,-0.18235,0.555157]],[[0.0400106,0.865787,-0.49881],[-0.674013,0.391916,0.626186],[0.737635,0.31115,0.599232]],[[0.0400106,0.865787,-0.49881],[-0.973081,0.147155,0.177365],[0.226962,0.478286,0.848369]],[[0.0400106,0.865787,-0.49881],[-0.999052,0.0260795,-0.0348697],[-0.017181,0.499732,0.86601]]],0],[1531,[-0.449157,-0.0340113,-0.892805],153,58.8075,[-59.9164,154.337,-12.2889],[-59.9227,153.071,-12.2449],[-296.631,-156.379,84.2764],false,[22.6585,151.311,115.82],[-24.5034,152.715,59.3732],[-43.3166,156.791,20.9647],[-54.1729,155.969,-0.614806],[-61.9091,153.575,-15.6594],[[[0.763977,-0.0797727,-0.640293],[0.0734246,0.99663,-0.0365602],[0.641052,-0.0190821,0.76726]],[[0.891563,-0.0820232,-0.445407],[0.115585,0.992105,0.0486652],[0.437899,-0.0948705,0.894005]],[[0.891563,-0.0820232,-0.445407],[0.0580818,0.99605,-0.0671645],[0.449157,0.0340113,0.892805]],[[0.891563,-0.0820232,-0.445407],[0.00981867,0.986733,-0.162056],[0.45279,0.14011,0.88054]]],1],[1532,[0.387406,-0.37866,0.840555],153,67.0064,[-0.252362,98.1623,83.6571],[-0.541831,98.038,83.7829],[-263.194,-117.986,122.913],false,[31.7118,152.047,107.507],[-5.30421,152.506,48.3698],[-19.3817,106.408,48.0466],[-8.36531,95.6407,71.949],[1.80815,98.7241,87.4452],[[[0.819776,-0.250342,-0.51507],[0.215583,0.968135,-0.127429],[0.530558,-0.00657713,0.847623]],[[0.831421,-0.250426,-0.49601],[-0.472693,0.15044,-0.868291],[0.292063,0.956376,0.00670413]],[[0.831421,-0.250426,-0.49601],[-0.398316,-0.891012,-0.217809],[-0.387406,0.37866,-0.840555]],[[0.831421,-0.250426,-0.49601],[-0.125121,-0.95413,0.271992],[-0.541372,-0.164078,-0.824618]]],2],[1533,[0.271089,-0.338162,0.901198],153,64.4285,[15.4616,100.736,80.7845],[15.2822,100.619,80.8886],[-273.671,-149.056,83.8145],false,[41.4922,149.864,100.4],[16.5764,149.202,42.9323],[1.25174,107.235,43.4087],[8.76144,97.8676,68.3737],[17.2414,101.468,84.6285],[[[0.870317,-0.320846,-0.37364],[0.290405,0.947072,-0.136818],[0.397761,0.0105679,0.917428]],[[0.866994,-0.320923,-0.381222],[-0.361495,0.121511,-0.924422],[0.342991,0.939278,-0.0106622]],[[0.866994,-0.320923,-0.381222],[-0.418129,-0.884678,-0.206186],[-0.271089,0.338162,-0.901198]],[[0.866994,-0.320923,-0.381222],[-0.205739,-0.927296,0.312721],[-0.453864,-0.192695,-0.869986]]],3],[1534,[0.141779,-0.352127,0.925152],153,50.5107,[27.2379,105.997,69.4332],[26.7072,105.579,69.3873],[-268.561,-173.804,73.936],false,[51.5687,140.898,95.8573],[36.3875,141.665,39.8999],[18.913,110.929,39.4615],[21.686,104.042,57.5563],[28.778,106.505,73.0722],[[[0.850477,-0.46951,-0.237169],[0.456228,0.882828,-0.111673],[0.261811,-0.0132281,0.965028]],[[0.829753,-0.467388,-0.305054],[-0.259375,0.161046,-0.952254],[0.4942,0.86926,0.0123998]],[[0.829753,-0.467388,-0.305054],[-0.539822,-0.810898,-0.225913],[-0.141779,0.352127,-0.925152]],[[0.829753,-0.467388,-0.305054],[-0.377127,-0.872424,0.310889],[-0.411442,-0.142917,-0.900161]]],4],[1560,[0.882854,-0.308789,0.353863],156,51.8027,[-55.5743,105.989,73.7656],[-53.8154,106.516,74.7821],[7.82955,9.20793,-1.93432],false,[-138.351,128.681,44.6718],[-138.351,128.681,44.6718],[-89.765,131.466,54.3436],[-59.8447,121.001,66.3362],[-52.2754,102.025,77.4621],[[[-0.186142,-0.605433,-0.773823],[-0.459472,0.749801,-0.476113],[-0.868468,-0.266926,0.417749]],[[0.199715,-0.435103,-0.877952],[0.0355307,0.898629,-0.437268],[-0.97921,-0.0561348,-0.19493]],[[0.199715,-0.435103,-0.877952],[0.425068,0.845775,-0.322462],[-0.882854,0.308789,-0.353863]],[[0.199715,-0.435103,-0.877952],[0.92425,0.381191,0.0213338],[-0.325385,0.815708,-0.478273]]],0],[1561,[0.994036,-0.107317,0.0193862],156,58.4535,[8.59517,108.202,2.49918],[13.4865,107.442,5.9749],[-3.3395,-4.16117,3.06989],false,[-136.422,115.134,25.4906],[-65.4624,116.91,7.9079],[-23.3244,111.206,3.97395],[0.55726,108.628,4.4397],[17.3821,107.166,6.22939],[[[0.0723464,-0.97849,0.193191],[-0.23058,-0.20486,-0.951244],[-0.97036,-0.0242731,0.240441]],[[-0.108864,-0.966018,0.23443],[-0.120301,-0.221295,-0.967758],[-0.98675,0.133556,0.0921218]],[[-0.108864,-0.966018,0.23443],[-0.00643087,-0.235142,-0.97194],[-0.994036,0.107317,-0.0193862]],[[-0.108864,-0.966018,0.23443],[0.0816235,-0.243722,-0.966404],[-0.9907,0.0860719,-0.105382]]],1],[1562,[-0.655391,0.290913,0.697017],156,66.6031,[-82.893,121.627,73.0043],[-79.5501,121.656,75.3511],[6.86294,-12.9227,24.175],false,[-135.368,102.955,26.0793],[-67.9992,95.3551,11.4889],[-47.0488,111.602,51.3951],[-65.5736,119.825,71.0964],[-83.2199,122.257,76.7172],[[[-0.0211768,-0.923417,0.383213],[-0.236278,-0.367819,-0.899379],[-0.971455,0.109591,0.210394]],[[-0.0064575,-0.924971,0.379982],[0.8993,-0.171539,-0.402286],[-0.437285,-0.33912,-0.832934]],[[-0.0064575,-0.924971,0.379982],[0.755262,0.244536,0.608097],[0.655391,-0.290913,-0.697017]],[[-0.0064575,-0.924971,0.379982],[0.327821,0.357033,0.874678],[0.944718,-0.130214,-0.30092]]],2],[1563,[-0.603716,0.438768,0.665589],156,64.0407,[-85.3841,107.477,75.5624],[-83.8457,107.58,76.7598],[-2.68788,-11.7133,10.3389],false,[-135.044,91.3158,29.7594],[-75.7527,75.5179,19.195],[-54.0779,91.6355,54.4475],[-70.7014,103.717,72.7746],[-87.7794,108.803,78.0068],[[[-0.146031,-0.866852,0.476699],[-0.268034,-0.429172,-0.862536],[-0.952278,0.253729,0.169674]],[[-0.116065,-0.87439,0.471138],[0.865063,-0.322071,-0.384626],[-0.488053,-0.362922,-0.793783]],[[-0.116065,-0.87439,0.471138],[0.788705,0.207182,0.578809],[0.603716,-0.438768,-0.665589]],[[-0.116065,-0.87439,0.471138],[0.37537,0.400549,0.835857],[0.919579,-0.273865,-0.28173]]],3],[1564,[-0.447522,0.729436,0.517347],156,50.2067,[-84.1716,94.4337,67.3147],[-82.509,94.7951,68.2047],[-7.21901,-4.7683,-1.97677],false,[-135.423,81.8631,40.2774],[-83.2627,59.2812,30.7252],[-63.1479,73.0537,56.0428],[-71.8483,87.2347,66.1006],[-85.5688,97.0999,68.9231],[[[-0.208958,-0.748752,0.629052],[-0.370556,-0.534661,-0.759491],[-0.905,0.3918,0.165733]],[[-0.352518,-0.675561,0.647571],[0.740397,-0.62455,-0.248495],[-0.572314,-0.391861,-0.720349]],[[-0.352518,-0.675561,0.647571],[0.821861,0.107428,0.559468],[0.447522,-0.729436,-0.517347]],[[-0.352518,-0.675561,0.647571],[0.484162,0.460516,0.743984],[0.800823,-0.575797,-0.164741]]],4]],[[0,200,0],[235.247,235.247,147.751]]],[240200,4365482222,[[153,"right",[-0.488509,0.139616,-0.861317],[-0.170343,-0.983382,-0.0627896],[7.76819,143.754,68.8341],[-193.858,-120.118,49.043],[7.82149,143.776,68.7972],0.585137,0,0.350357,[[0.655902,-0.148599,-0.740075],[0.0356971,0.985441,-0.166229],[0.754001,0.0826113,0.651657]],63.72,[244.987,161.883,287.721],[41.4069,139.578,111.773]],[156,"left",[0.920013,-0.175578,-0.350356],[0.379852,0.179658,0.907434],[-89.9127,98.6663,25.2257],[-12.8214,62.2106,16.757],[-90.5339,95.8111,24.3511],0.866147,0,0.260137,[[-0.213699,-0.905856,0.365729],[-0.766879,-0.0763615,-0.637232],[-0.605168,0.416646,0.678364]],63.3365,[-304.068,211.802,223.948],[-141.656,99.9851,41.8922]]],[[1530,[-0.224111,-0.492005,-0.841252],153,52.1164,[-26.9063,90.196,53.9703],[-28.7856,90.108,55.4515],[-115.873,-129.967,110.274],false,[16.8425,131.788,128.416],[16.8425,131.788,128.416],[-20.0061,115.774,98.7931],[-27.6473,98.9986,70.1101],[-27.1645,86.9898,50.0282],[[[0.401395,0.860111,-0.314788],[-0.421891,0.478688,0.769978],[0.812951,-0.176259,0.555016]],[[0.0388193,0.858017,-0.512152],[-0.673478,0.4011,0.620924],[0.738187,0.320819,0.593426]],[[0.0388193,0.858017,-0.512152],[-0.97379,0.147436,0.173192],[0.224111,0.492005,0.841252]],[[0.0388193,0.858017,-0.512152],[-0.999033,0.0227456,-0.0376171],[-0.0206269,0.513117,0.858071]]],0],[1531,[-0.453105,-0.0458378,-0.890278],153,58.8075,[-61.2049,152.988,-11.5096],[-61.2118,151.73,-11.4148],[-250.064,-152.656,84.8565],false,[21.8481,151.575,116.36],[-25.5021,152.274,60.0581],[-44.4693,155.859,21.6763],[-55.4211,154.751,0.157907],[-63.2283,152.151,-14.8157],[[[0.7616,-0.090957,-0.641633],[0.0757074,0.995809,-0.0513021],[0.643611,-0.00950473,0.765294]],[[0.889422,-0.0906991,-0.447999],[0.118408,0.992377,0.0341666],[0.441485,-0.083435,0.893381]],[[0.889422,-0.0906991,-0.447999],[0.0602122,0.994823,-0.0818653],[0.453105,0.0458378,0.890278]],[[0.889422,-0.0906991,-0.447999],[0.0113351,0.984191,-0.17675],[0.456947,0.152127,0.876388]]],1],[1532,[0.389372,-0.367312,0.844672],153,67.0064,[-1.25806,97.9529,84.869],[-1.59325,97.9031,85.1727],[-218.787,-87.7392,129.07],false,[30.8747,152.168,108.007],[-6.34098,151.858,48.9942],[-20.5383,105.797,49.3756],[-9.46597,95.3523,73.3951],[0.768459,98.6413,88.8086],[[[0.817412,-0.259824,-0.51413],[0.217487,0.965646,-0.142225],[0.533421,0.00443973,0.845838]],[[0.829117,-0.259661,-0.495117],[-0.47519,0.139275,-0.86879],[0.294548,0.955604,-0.00791253]],[[0.829117,-0.259661,-0.495117],[-0.40119,-0.893117,-0.20344],[-0.389372,0.367312,-0.844672]],[[0.829117,-0.259661,-0.495117],[-0.126323,-0.949707,0.286528],[-0.544616,-0.175021,-0.82022]]],2],[1533,[0.272294,-0.327875,0.904629],153,64.4285,[14.3338,100.416,81.8708],[14.177,100.367,82.1004],[-228.794,-114.206,94.4462],false,[40.6256,149.857,100.9],[15.513,148.421,43.5318],[0.0331046,106.521,44.5289],[7.57619,97.4378,69.589],[16.1167,101.238,85.7663],[[[0.868263,-0.328389,-0.37186],[0.292225,0.944264,-0.151558],[0.400904,0.0229252,0.915833]],[[0.864916,-0.328568,-0.379426],[-0.363158,0.112155,-0.924953],[0.346464,0.937798,-0.0223171]],[[0.864916,-0.328568,-0.379426],[-0.421636,-0.885743,-0.194117],[-0.272294,0.327875,-0.904629]],[[0.864916,-0.328568,-0.379426],[-0.207307,-0.922316,0.326125],[-0.457105,-0.203413,-0.86584]]],3],[1534,[0.144394,-0.338987,0.929644],153,50.5107,[26.1794,105.565,70.5832],[25.6406,105.169,70.5851],[-223.03,-135.996,88.4344],false,[50.6649,140.801,96.4539],[35.2954,140.792,40.5427],[17.7445,110.096,40.6119],[20.5686,103.466,58.7946],[27.7248,106.138,74.2464],[[[0.848528,-0.475004,-0.233175],[0.457977,0.879983,-0.126039],[0.26506,0.000159007,0.964232]],[[0.827482,-0.473808,-0.301297],[-0.262487,0.147933,-0.953528],[0.496361,0.868114,-0.00195648]],[[0.827482,-0.473808,-0.301297],[-0.542608,-0.812769,-0.212091],[-0.144394,0.338987,-0.929644]],[[0.827482,-0.473808,-0.301297],[-0.378036,-0.866877,0.32498],[-0.415165,-0.155014,-0.896442]]],4],[1560,[0.88826,-0.311903,0.337209],156,51.8027,[-55.4432,106.064,73.8432],[-53.3505,106.89,75.0985],[25.8839,33.1952,4.13714],false,[-137.976,129.939,46.2517],[-137.976,129.939,46.2517],[-89.2992,132.661,55.4713],[-59.1957,122.091,66.8995],[-51.5955,102.846,77.5308],[[[-0.199009,-0.584446,-0.78665],[-0.451356,0.767164,-0.455782],[-0.869869,-0.264355,0.416466]],[[0.191653,-0.41551,-0.889169],[0.0284185,0.907932,-0.418152],[-0.981051,-0.0548711,-0.185816]],[[0.191653,-0.41551,-0.889169],[0.417448,0.85444,-0.309304],[-0.88826,0.311903,-0.337209]],[[0.191653,-0.41551,-0.889169],[0.925489,0.378088,0.0228],[-0.326711,0.827285,-0.457011]]],0],[1561,[0.992521,-0.121617,0.0105432],156,58.4535,[8.65781,108.194,2.54509],[13.3282,107.481,6.15342],[-7.17162,-1.60217,7.27587],false,[-136.346,116.82,26.7485],[-65.4667,118.004,8.79795],[-23.4378,111.807,4.46426],[0.407483,108.886,4.71756],[17.2205,107.147,6.36545],[[[0.0594586,-0.983672,0.169862],[-0.238711,-0.179238,-0.954406],[-0.969269,-0.0161996,0.245471]],[[-0.121071,-0.969657,0.212383],[-0.129223,-0.196741,-0.971903],[-0.984197,0.145114,0.101483]],[[-0.121071,-0.969657,0.212383],[-0.015606,-0.212072,-0.97713],[-0.992521,0.121617,-0.0105432]],[[-0.121071,-0.969657,0.212383],[0.0723498,-0.222008,-0.972357],[-0.990004,0.102358,-0.0970333]]],1],[1562,[-0.647274,0.28371,0.707492],156,66.6031,[-82.8438,121.625,73.0454],[-79.1063,121.367,76.4159],[18.2477,-18.1389,49.2817],false,[-135.463,104.616,27.0464],[-68.2907,96.4099,11.8894],[-46.8879,111.42,52.0393],[-65.1832,119.439,72.0367],[-82.7615,121.988,77.8168],[[[-0.0322223,-0.931752,0.361662],[-0.246445,-0.343271,-0.906328],[-0.968621,0.118334,0.218564]],[[-0.0175068,-0.933442,0.358301],[0.894499,-0.174734,-0.411509],[-0.446727,-0.313295,-0.838022]],[[-0.0175068,-0.933442,0.358301],[0.762056,0.219533,0.609159],[0.647274,-0.28371,-0.707492]],[[-0.0175068,-0.933442,0.358301],[0.337732,0.331772,0.880832],[0.941079,-0.13643,-0.309445]]],2],[1563,[-0.593751,0.431532,0.679146],156,64.0407,[-85.3401,107.474,75.612],[-83.6033,107.325,77.5199],[5.41523,-16.0431,30.3342],false,[-135.285,92.8905,30.4517],[-76.2835,76.5091,19.1753],[-54.1894,91.4892,54.6683],[-70.5385,103.372,73.3688],[-87.5132,108.574,78.8177],[[[-0.155741,-0.875637,0.457171],[-0.278869,-0.405016,-0.870743],[-0.947616,0.263101,0.18111]],[[-0.125927,-0.883462,0.451262],[0.858278,-0.325142,-0.397042],[-0.497495,-0.33731,-0.7992]],[[-0.125927,-0.883462,0.451262],[0.794734,0.182414,0.578898],[0.593751,-0.431532,-0.679146]],[[-0.125927,-0.883462,0.451262],[0.385632,0.375514,0.842779],[0.914019,-0.28015,-0.293404]]],3],[1564,[-0.434224,0.723395,0.536796],156,50.2067,[-84.1296,94.4414,67.3482],[-82.494,94.7268,68.66],[-4.66773,-5.53404,12.3296],false,[-135.741,83.2002,40.7482],[-83.9605,60.1143,30.3668],[-63.5129,73.0042,55.8818],[-71.9546,87.0677,66.3176],[-85.5172,97.0574,69.4487],[[[-0.216138,-0.760263,0.612605],[-0.382314,-0.511433,-0.769592],[-0.898398,0.400546,0.180119]],[[-0.358599,-0.685468,0.633672],[0.730023,-0.62899,-0.267279],[-0.581785,-0.366748,-0.725963]],[[-0.358599,-0.685468,0.633672],[0.826351,0.0826607,0.557055],[0.434224,-0.723395,-0.536796]],[[-0.358599,-0.685468,0.633672],[0.494742,0.436083,0.751706],[0.791604,-0.583065,-0.182751]]],4]],[[0,200,0],[235.247,235.247,147.751]]],[240201,4365499793,[[153,"right",[-0.49569,0.111657,-0.861292],[-0.180415,-0.983306,-0.0236434],[6.93849,142.8,69.8321],[-125.575,-89.4639,52.6542],[6.9484,142.811,69.8205],0.615756,0,0.370647,[[0.653418,-0.174342,-0.736648],[0.0578887,0.981777,-0.181008],[0.754781,0.0756302,0.651603]],63.72,[244.752,160.343,288.508],[40.9611,139.923,112.575]],[156,"left",[0.916465,-0.17686,-0.358905],[0.383375,0.131401,0.914198],[-90.4182,99.9119,25.3207],[-20.2469,66.2516,11.4705],[-90.5185,96.3561,24.48],0.871749,0,0.266601,[[-0.244583,-0.909788,0.335359],[-0.756869,-0.0370526,-0.652515],[-0.606076,0.413417,0.679528]],63.3365,[-304.779,212.401,224.454],[-142.123,101.45,42.0855]]],[[1530,[-0.206374,-0.528408,-0.823526],153,52.1164,[-26.0197,88.5402,56.512],[-27.6665,88.4315,58.3783],[-18.5346,-120.42,137.302],false,[16.4897,133.017,129.737],[16.4897,133.017,129.737],[-20.222,115.71,100.677],[-27.2584,97.6935,72.598],[-25.1547,84.8817,53.1259],[[[0.406501,0.843471,-0.351159],[-0.409582,0.511797,0.755186],[0.8167,-0.163155,0.553517]],[[0.0380568,0.836672,-0.54638],[-0.676515,0.423987,0.602131],[0.735445,0.346719,0.582157]],[[0.0380568,0.836672,-0.54638],[-0.977733,0.144099,0.152558],[0.206374,0.528408,0.823526]],[[0.0380568,0.836672,-0.54638],[-0.995225,-0.0174485,-0.0960389],[-0.0898866,0.547426,0.832013]]],0],[1531,[-0.463386,-0.0750877,-0.88297],153,58.8075,[-62.9792,149.574,-10.0072],[-62.8168,148.466,-9.97101],[-176.432,-169.232,83.0518],false,[21.5652,152.28,116.889],[-26.334,151.313,61.0569],[-45.6896,153.637,22.7721],[-56.8898,151.822,1.43036],[-64.8876,148.73,-13.3479],[[[0.754266,-0.122883,-0.644967],[0.084772,0.992334,-0.0899273],[0.651073,0.013154,0.758901]],[[0.883476,-0.116591,-0.453736],[0.128445,0.991705,-0.00473015],[0.450524,-0.0541011,0.891123]],[[0.883476,-0.116591,-0.453736],[0.0688764,0.990337,-0.120365],[0.463386,0.0750877,0.88297]],[[0.883476,-0.116591,-0.453736],[0.0187467,0.976559,-0.214432],[0.468101,0.18094,0.864952]]],1],[1532,[0.395757,-0.335577,0.854847],153,67.0064,[-2.35218,97.8501,87.5162],[-2.64909,97.7865,88.0312],[-144.031,-48.4433,145.129],false,[30.5136,152.465,108.433],[-7.28877,150.285,49.8339],[-21.8939,104.409,52.1615],[-10.64,94.8667,76.4703],[-0.210025,98.7099,91.6224],[[[0.809717,-0.287332,-0.511663],[0.225343,0.957321,-0.180989],[0.541829,0.03125,0.839907]],[[0.821573,-0.286566,-0.492846],[-0.482911,0.109663,-0.868775],[0.303008,0.951764,-0.0482893]],[[0.821573,-0.286566,-0.492846],[-0.410358,-0.897367,-0.162291],[-0.395757,0.335577,-0.854847]],[[0.821573,-0.286566,-0.492846],[-0.130266,-0.935978,0.327072],[-0.555021,-0.204513,-0.806304]]],2],[1533,[0.281661,-0.283024,0.916823],153,64.4285,[13.4503,100.35,84.787],[13.2499,100.192,85.0027],[-143.766,-61.6192,132.708],false,[40.1706,149.789,101.326],[14.4757,146.425,44.2973],[-1.1863,104.704,47.5174],[6.61626,96.8637,72.9152],[15.3493,101.381,88.803],[[[0.861319,-0.350946,-0.367377],[0.299775,0.934854,-0.190215],[0.4102,0.0537057,0.910413]],[[0.859067,-0.351234,-0.372343],[-0.372996,0.0686087,-0.925293],[0.35054,0.933771,-0.0720694]],[[0.859067,-0.351234,-0.372343],[-0.427401,-0.892487,-0.144208],[-0.281661,0.283024,-0.916823]],[[0.859067,-0.351234,-0.372343],[-0.20865,-0.904536,0.371859],[-0.467407,-0.241762,-0.850342]]],3],[1534,[0.150745,-0.304846,0.940396],153,50.5107,[24.9694,104.539,72.8557],[24.4699,104.139,72.881],[-150.167,-100.119,107.57],false,[50.0775,140.471,97.1322],[34.153,138.49,41.4118],[16.3082,107.997,42.8204],[19.2566,102.034,61.2134],[26.5979,105.221,76.4797],[[[0.841556,-0.49198,-0.223025],[0.465147,0.869937,-0.163855],[0.274631,0.034154,0.960943]],[[0.819728,-0.493162,-0.291269],[-0.270834,0.114341,-0.955811],[0.504674,0.86239,-0.0398367]],[[0.819728,-0.493162,-0.291269],[-0.55256,-0.814776,-0.175549],[-0.150745,0.304846,-0.940396]],[[0.819728,-0.493162,-0.291269],[-0.382944,-0.850072,0.361568],[-0.425912,-0.184848,-0.885681]]],4],[1560,[0.888295,-0.330211,0.319206],156,51.8027,[-55.2503,106.124,73.9709],[-53.473,106.03,75.3096],[14.0751,2.94192,6.27671],false,[-137.88,131.102,47.7865],[-137.88,131.102,47.7865],[-89.1523,133.133,56.917],[-59.0477,121.942,67.735],[-51.6278,102.165,77.4805],[[[-0.210153,-0.544548,-0.811975],[-0.436946,0.795274,-0.420259],[-0.874593,-0.26647,0.405068]],[[0.185727,-0.377384,-0.907241],[0.0323114,0.925152,-0.37822],[-0.98207,-0.0409313,-0.184019]],[[0.185727,-0.377384,-0.907241],[0.420044,0.865183,-0.273899],[-0.888295,0.330211,-0.319206]],[[0.185727,-0.377384,-0.907241],[0.929393,0.36718,0.0375262],[-0.318959,0.850153,-0.418933]]],0],[1561,[0.990116,-0.140222,0.00271599],156,58.4535,[8.74189,108.185,2.61777],[12.9674,107.659,6.48521],[-13.3802,4.26759,12.002],false,[-136.502,118.847,27.7101],[-65.6164,119.508,9.75472],[-23.7152,112.742,5.05108],[0.0722665,109.373,5.11633],[16.8527,107.253,6.64397],[[[0.0409778,-0.991273,0.125295],[-0.242262,-0.131516,-0.961256],[-0.969345,-0.00903586,0.245537]],[[-0.138671,-0.975904,0.168469],[-0.134184,-0.150029,-0.979534],[-0.981206,0.158439,0.110146]],[[-0.138671,-0.975904,0.168469],[-0.0209725,-0.167181,-0.985703],[-0.990116,0.140222,-0.00271599]],[[-0.138671,-0.975904,0.168469],[0.0667472,-0.178936,-0.981594],[-0.988087,0.124874,-0.0899521]]],1],[1562,[-0.641653,0.263636,0.720262],156,66.6031,[-82.7738,121.598,73.123],[-79.1733,120.075,77.4705],[7.96086,-44.2169,54.3051],false,[-135.848,106.628,27.4568],[-68.8455,97.8532,11.8729],[-47.1546,110.633,52.6352],[-65.2911,118.085,72.9936],[-82.817,120.7,78.9018],[[[-0.0496656,-0.946338,0.319339],[-0.25307,-0.297376,-0.92061],[-0.966172,0.126538,0.22472]],[[-0.0349805,-0.948152,0.315888],[0.890956,-0.172777,-0.419935],[-0.45274,-0.266753,-0.850805]],[[-0.0349805,-0.948152,0.315888],[0.766197,0.177495,0.617607],[0.641653,-0.263636,-0.720262]],[[-0.0349805,-0.948152,0.315888],[0.344124,0.285324,0.894522],[0.938272,-0.139995,-0.316301]]],2],[1563,[-0.585396,0.411561,0.698519],156,64.0407,[-85.2825,107.419,75.7102],[-83.9368,106.086,77.9457],[-5.949,-41.4763,27.5475],false,[-135.89,94.7598,30.3301],[-77.2097,77.7978,18.2631],[-54.8318,90.7458,54.3725],[-70.9508,102.078,73.6064],[-87.8234,107.348,79.3024],[[[-0.172085,-0.892274,0.417413],[-0.286642,-0.360042,-0.88781],[-0.942456,0.272426,0.193806]],[[-0.142436,-0.900381,0.411128],[0.851945,-0.322974,-0.412163],[-0.503887,-0.291551,-0.813078]],[[-0.142436,-0.900381,0.411128],[0.798137,0.141178,0.585701],[0.585396,-0.411561,-0.698519]],[[-0.142436,-0.900381,0.411128],[0.392818,0.329831,0.858432],[0.908518,-0.28377,-0.306706]]],3],[1564,[-0.420407,0.706541,0.569261],156,50.2067,[-84.0744,94.4161,67.4074],[-83.0643,93.8807,68.5249],[-17.6145,-25.5004,3.0113],false,[-136.526,84.6255,40.1798],[-85.1913,61.0623,28.7127],[-64.4994,72.4022,54.7612],[-72.6726,86.1381,65.8282],[-86.0438,96.2304,69.4196],[[[-0.230264,-0.78291,0.577954],[-0.392048,-0.468948,-0.791446],[-0.890661,0.408827,0.198956]],[[-0.371363,-0.706431,0.602532],[0.717971,-0.629964,-0.29608],[-0.588734,-0.322647,-0.741142]],[[-0.371363,-0.706431,0.602532],[0.827857,0.0419062,0.559372],[0.420407,-0.706541,-0.569261]],[[-0.371363,-0.706431,0.602532],[0.503005,0.392392,0.770075],[0.780433,-0.589054,-0.209618]]],4]],[[0,200,0],[235.247,235.247,147.751]]],[240202,4365509241,[[153,"right",[-0.500425,0.0985881,-0.860148],[-0.181535,-0.983359,-0.00709536],[6.29056,142.017,70.1506],[-109.27,-87.5792,47.236],[6.36003,142.101,70.1158],0.628142,0,0.338437,[[0.655698,-0.181274,-0.732939],[0.0665016,0.980844,-0.183094],[0.752089,0.0713125,0.655192]],63.72,[243.615,159.033,289.644],[40.5507,139.778,112.742]],[156,"left",[0.911403,-0.172143,-0.37378],[0.391336,0.0816219,0.916621],[-90.3565,100.622,25.6241],[-12.5877,68.7962,17.3777],[-90.5065,96.6722,24.5648],0.873026,0,0.270076,[[-0.274889,-0.911493,0.305968],[-0.743726,-0.000101369,-0.668485],[-0.60935,0.411315,0.677873]],63.3365,[-305.455,212.46,224.749],[-141.921,102.073,42.8249]]],[[1530,[-0.201751,-0.543261,-0.814962],153,52.1164,[-25.692,87.7431,57.4782],[-27.3233,87.2523,59.5523],[-0.912715,-122.45,135.286],false,[16.1695,133.171,130.147],[16.1695,133.171,130.147],[-20.4869,115.238,101.398],[-27.3657,96.7155,73.6119],[-24.5943,83.6092,54.4214],[[[0.405363,0.837376,-0.366717],[-0.404803,0.524105,0.749299],[0.819644,-0.15529,0.551425]],[[0.0345111,0.827613,-0.560238],[-0.677907,0.431279,0.595349],[0.734337,0.359243,0.575928]],[[0.0345111,0.827613,-0.560238],[-0.978829,0.141154,0.148224],[0.201751,0.543261,0.814962]],[[0.0345111,0.827613,-0.560238],[-0.992364,-0.0380444,-0.117332],[-0.118419,0.560009,0.81998]]],0],[1531,[-0.468826,-0.0884752,-0.878848],153,58.8075,[-63.9597,147.848,-9.43615],[-63.9323,146.525,-9.32825],[-159.91,-180.241,78.5143],false,[21.1919,152.223,116.969],[-27.0223,150.426,61.4293],[-46.6077,152.171,23.2306],[-57.9395,150.032,1.98853],[-66.0302,146.716,-12.6901],[[[0.750494,-0.133876,-0.647175],[0.0852623,0.990697,-0.106064],[0.655354,0.024421,0.754927]],[[0.880578,-0.124732,-0.457192],[0.129463,0.991359,-0.0211118],[0.455875,-0.0405989,0.889117]],[[0.880578,-0.124732,-0.457192],[0.0691705,0.988238,-0.136387],[0.468826,0.0884752,0.878848]],[[0.880578,-0.124732,-0.457192],[0.0184364,0.973027,-0.229954],[0.473543,0.194063,0.859125]]],1],[1532,[0.400337,-0.322295,0.857821],153,67.0064,[-2.79075,97.5985,88.3847],[-3.24125,97.3164,89.1037],[-120.806,-48.6249,135.801],false,[30.0926,152.264,108.461],[-8.04169,149.201,50.1171],[-22.6879,103.385,53.2366],[-11.3038,94.2204,77.6299],[-0.78293,98.3007,92.6566],[[[0.80653,-0.296261,-0.511604],[0.225282,0.954097,-0.19735],[0.546587,0.0439133,0.83625]],[[0.818479,-0.295212,-0.492892],[-0.487607,0.0967988,-0.86768],[0.303861,0.950516,-0.0647197]],[[0.818479,-0.295212,-0.492892],[-0.412095,-0.899431,-0.145607],[-0.400337,0.322295,-0.857821]],[[0.818479,-0.295212,-0.492892],[-0.129041,-0.930433,0.342992],[-0.559858,-0.217129,-0.799634]]],2],[1533,[0.286286,-0.268679,0.919702],153,64.4285,[13.0024,100.015,85.5938],[12.6389,99.6543,85.9562],[-121.306,-60.1847,123.392],false,[39.7067,149.466,101.343],[13.6873,145.23,44.5198],[-1.99991,103.582,48.4776],[5.9308,96.1392,73.9552],[14.7533,100.903,89.7211],[[[0.858881,-0.357645,-0.366625],[0.299639,0.931406,-0.206639],[0.41538,0.0676235,0.907131]],[[0.856741,-0.357987,-0.371269],[-0.377784,0.0544635,-0.92429],[0.351105,0.932137,-0.0885808]],[[0.856741,-0.357987,-0.371269],[-0.428994,-0.894235,-0.127701],[-0.286286,0.268679,-0.919702]],[[0.856741,-0.357987,-0.371269],[-0.207423,-0.898247,0.387463],[-0.472198,-0.254946,-0.84382]]],3],[1534,[0.155932,-0.29013,0.944198],153,50.5107,[24.4253,103.938,73.5583],[23.8076,103.393,73.7113],[-127.289,-94.1229,101.662],false,[49.5805,140.072,97.2412],[33.3401,137.229,41.6494],[15.4723,106.782,43.6407],[18.5221,101.107,62.1081],[25.956,104.526,77.2789],[[[0.839789,-0.496361,-0.219954],[0.465091,0.866731,-0.180187],[0.280078,0.0490206,0.958725]],[[0.817514,-0.498599,-0.288218],[-0.276261,0.0996038,-0.955907],[0.505322,0.861091,-0.0563162]],[[0.817514,-0.498599,-0.288218],[-0.554397,-0.816837,-0.159438],[-0.155932,0.29013,-0.944198]],[[0.817514,-0.498599,-0.288218],[-0.381669,-0.843832,0.377194],[-0.431277,-0.198358,-0.880145]]],4],[1560,[0.88741,-0.353658,0.295684],156,51.8027,[-55.1203,106.057,74.0489],[-52.9153,104.075,75.5343],[28.1135,-54.9558,11.7542],false,[-137.213,131.352,49.9193],[-137.213,131.352,49.9193],[-88.3987,132.452,58.74],[-58.3241,120.466,68.7608],[-51.0691,100.159,77.486],[[[-0.223395,-0.501623,-0.835745],[-0.428264,0.820733,-0.378137],[-0.875605,-0.273445,0.398175]],[[0.174835,-0.335291,-0.92575],[0.0390894,0.941854,-0.333742],[-0.983821,-0.0221629,-0.177776]],[[0.174835,-0.335291,-0.92575],[0.426539,0.873216,-0.235709],[-0.88741,0.353658,-0.295684]],[[0.174835,-0.335291,-0.92575],[0.9339,0.354289,0.0480571],[-0.31187,0.87296,-0.375071]]],0],[1561,[0.988007,-0.153968,-0.0116834],156,58.4535,[8.78675,108.182,2.65536],[13.0019,107.826,6.40301],[-8.5251,8.42286,6.01978],false,[-136.146,120.065,29.265],[-65.3802,120.598,10.8398],[-23.6139,113.485,5.49254],[0.122918,109.786,5.21185],[16.8816,107.36,6.50613],[[[0.0275519,-0.996651,0.0769855],[-0.250558,-0.0814416,-0.96467],[-0.967709,-0.00728917,0.251963]],[[-0.151415,-0.980895,0.122139],[-0.143169,-0.100498,-0.984582],[-0.978047,0.166568,0.125217]],[[-0.151415,-0.980895,0.122139],[-0.0302657,-0.118905,-0.992444],[-0.988007,0.153968,0.0116834]],[[-0.151415,-0.980895,0.122139],[0.0573092,-0.132068,-0.989583],[-0.986807,0.142838,-0.0762113]]],1],[1562,[-0.633096,0.237421,0.736764],156,66.6031,[-82.7226,121.56,73.1837],[-78.4762,118.079,78.6026],[26.5172,-92.3061,72.9599],false,[-135.669,107.864,28.4173],[-68.9062,98.9134,11.9338],[-46.7689,109.402,53.108],[-64.6636,116.113,73.9328],[-82.1109,118.684,80.0876],[[[-0.0611348,-0.959888,0.273636],[-0.263478,-0.248905,-0.932001],[-0.962726,0.129075,0.237693]],[[-0.0464728,-0.961742,0.269986],[0.885632,-0.164688,-0.434205],[-0.462057,-0.218929,-0.859403]],[[-0.0464728,-0.961742,0.269986],[0.772677,0.136688,0.619909],[0.633096,-0.237421,-0.736764]],[[-0.0464728,-0.961742,0.269986],[0.35406,0.236872,0.904728],[0.934067,-0.137636,-0.329506]]],2],[1563,[-0.574741,0.38547,0.721863],156,64.0407,[-85.2347,107.336,75.7822],[-83.4359,104.151,78.4369],[10.9329,-88.2484,34.61],false,[-135.863,95.8727,30.7144],[-77.5151,78.6918,17.4099],[-54.7132,89.5625,53.9367],[-70.5388,100.176,73.8134],[-87.2954,105.401,79.8815],[[[-0.182104,-0.908919,0.375106],[-0.297728,-0.312607,-0.902017],[-0.937121,0.275941,0.213683]],[[-0.152625,-0.917126,0.36822],[0.844448,-0.314587,-0.433523],[-0.513433,-0.244776,-0.822479]],[[-0.152625,-0.917126,0.36822],[0.803977,0.101457,0.585942],[0.574741,-0.38547,-0.721863]],[[-0.152625,-0.917126,0.36822],[0.403256,0.282365,0.870433],[0.902269,-0.281337,-0.326741]]],3],[1564,[-0.406344,0.684033,0.605792],156,50.2067,[-84.0348,94.3587,67.4389],[-82.7993,92.4047,68.4312],[-4.51562,-63.0531,-0.691343],false,[-136.579,85.2836,40.0679],[-85.6664,61.5841,27.0979],[-64.6384,71.3573,53.5096],[-72.5382,84.6556,65.2869],[-85.7382,94.7496,69.4595],[[[-0.237629,-0.806643,0.541165],[-0.404042,-0.424557,-0.810248],[-0.883336,0.411192,0.225031]],[[-0.377482,-0.729444,0.570454],[0.706787,-0.62497,-0.331458],[-0.598297,-0.27807,-0.751477]],[[-0.377482,-0.729444,0.570454],[0.832101,0.00312491,0.554615],[0.406344,-0.684033,-0.605792]],[[-0.377482,-0.729444,0.570454],[0.513737,0.34757,0.784391],[0.770442,-0.589157,-0.243541]]],4]],[[0,200,0],[235.247,235.247,147.751]]],[240203,4365517856,[[153,"right",[-0.499542,0.0805959,-0.862532],[-0.207897,-0.977719,0.029046],[5.20361,140,70.2855],[-113.74,-126.364,38.8814],[5.35299,140.271,70.2636],0.643739,0,0.34374,[[0.656292,-0.222318,-0.72101],[0.0971217,0.972546,-0.211473],[0.74823,0.0687625,0.659867]],63.72,[241.51,156.96,291.05],[39.4875,138.394,112.886]],[156,"left",[0.911458,-0.170996,-0.374172],[0.390207,0.0712282,0.917968],[-90.3365,100.792,25.3937],[-8.64299,55.8063,5.70365],[-90.4949,96.9518,24.621],0.873814,0,0.274483,[[-0.281422,-0.911596,0.299658],[-0.741707,0.00851377,-0.67067],[-0.608828,0.411,0.678533]],63.3365,[-305.316,212.52,224.634],[-141.922,102.218,42.5331]]],[[1530,[-0.190719,-0.571729,-0.797968],153,52.1164,[-25.4961,86.5505,58.5166],[-27.5299,85.2161,61.1587],[2.01006,-158.075,146.976],false,[14.9771,133.084,130.553],[14.9771,133.084,130.553],[-21.4222,114.551,101.858],[-27.9249,95.0571,74.6512],[-24.3139,81.2279,56.119],[[[0.426877,0.81223,-0.397566],[-0.388882,0.561787,0.730182],[0.816423,-0.157092,0.555676]],[[0.0552136,0.805354,-0.590217],[-0.682082,0.462118,0.566755],[0.729188,0.371284,0.574833]],[[0.0552136,0.805354,-0.590217],[-0.980091,0.156625,0.122029],[0.190719,0.571729,0.797968]],[[0.0552136,0.805354,-0.590217],[-0.986481,-0.0473454,-0.156886],[-0.154293,0.5909,0.791853]]],0],[1531,[-0.473309,-0.107686,-0.87429],153,58.8075,[-65.025,145.132,-9.26568],[-65.0715,143.523,-9.20829],[-151.923,-225.142,60.5158],false,[20.4796,151.501,116.681],[-27.891,148.979,61.3056],[-47.5213,149.86,23.1004],[-58.9613,147.257,1.96842],[-67.1763,143.63,-12.5669],[[[0.745161,-0.177544,-0.642817],[0.111601,0.983516,-0.142275],[0.657481,0.0342787,0.752691]],[[0.875715,-0.165008,-0.453756],[0.156039,0.986079,-0.0574436],[0.456918,-0.0204995,0.889272]],[[0.875715,-0.165008,-0.453756],[0.095402,0.980396,-0.172402],[0.473309,0.107686,0.87429]],[[0.875715,-0.165008,-0.453756],[0.0440474,0.963173,-0.265249],[0.480814,0.212296,0.850734]]],1],[1532,[0.394609,-0.299291,0.86874],153,67.0064,[-3.92824,97.0861,89.5367],[-5.44062,96.3524,90.8981],[-155.631,-64.2899,155.273],false,[29.359,150.992,108.165],[-8.97583,146.831,50.0214],[-24.8142,101.567,54.878],[-13.593,93.0562,79.5818],[-2.92356,97.4419,94.4165],[[[0.797121,-0.336327,-0.50148],[0.25038,0.939855,-0.232343],[0.549461,0.0596447,0.833388]],[[0.809094,-0.334923,-0.482901],[-0.487229,0.0771563,-0.869859],[0.328595,0.939081,-0.100758]],[[0.809094,-0.334923,-0.482901],[-0.435489,-0.893449,-0.10999],[-0.394609,0.299291,-0.86874]],[[0.809094,-0.334923,-0.482901],[-0.151694,-0.912885,0.378984],[-0.567764,-0.233381,-0.789416]]],2],[1533,[0.280964,-0.241722,0.928778],153,64.4285,[11.6666,99.0813,86.7481],[10.4446,98.1176,87.6106],[-156.659,-90.9955,141.021],false,[38.8783,147.678,101.142],[12.6259,142.075,44.5451],[-4.17074,101.037,50.02],[3.61253,94.3403,75.749],[12.5935,99.4635,91.3114],[[[0.848133,-0.393771,-0.354423],[0.324079,0.914846,-0.240892],[0.419099,0.0894478,0.903524]],[[0.846198,-0.394178,-0.358571],[-0.377652,0.0311087,-0.925425],[0.375936,0.918508,-0.122538]],[[0.846198,-0.394178,-0.358571],[-0.452778,-0.886676,-0.093795],[-0.280964,0.241722,-0.928778]],[[0.846198,-0.394178,-0.358571],[-0.23,-0.877176,0.4215],[-0.480676,-0.274201,-0.832925]]],3],[1534,[0.150471,-0.259615,0.