{"metadata":{"formatVersion":2,"generatedBy":"LeapJS Playback 0.2.1","frames":79,"protocolVersion":6,"serviceVersion":"2.2.6+29154","frameRate":"77","modified":"Thu Jun 04 2015 14:49:24 GMT-0300 (E. South America Standard Time)"},"frames":[["id","timestamp",{"hands":[["id","type","direction","palmNormal","palmPosition","palmVelocity","stabilizedPalmPosition","pinchStrength","grabStrength","confidence","armBasis","armWidth","elbow","wrist"]]},{"pointables":[["id","direction","handId","length","stabilizedTipPosition","tipPosition","tipVelocity","tool","carpPosition","mcpPosition","pipPosition","dipPosition","btipPosition","bases","type"]]},{"interactionBox":["center","size"]}],[240014,4363204192,[[153,"right",[-0.370907,0.246422,-0.895379],[0.020319,-0.961768,-0.273111],[42.3761,162.065,74.1482],[-310.535,-10.7637,84.8975],[42.4771,162.083,74.1186],0.585196,0,0.456384,[[0.690492,0.0952369,-0.717043],[-0.122462,0.992376,0.0138791],[0.712898,0.0782271,0.69689]],63.72,[261.877,174.945,309.158],[69.3946,153.823,120.997]],[156,"left",[0.932071,-0.0895377,-0.351037],[0.362152,0.204894,0.909321],[-93.7989,94.9533,24.5913],[-2.25259,45.1293,-22.9142],[-93.578,95.5285,24.8278],0.807592,0,0.205827,[[-0.159206,-0.89694,0.412495],[-0.802319,-0.125919,-0.583463],[-0.575272,0.423843,0.699585]],63.3365,[-299.843,205.243,228.972],[-145.455,91.4944,41.2213]]],[[1530,[-0.298894,-0.349922,-0.887816],153,52.1164,[10.2763,106.182,48.2908],[10.3894,106.441,48.7395],[-396.191,-6.00401,156.909],false,[44.415,139.187,131.139],[44.415,139.187,131.139],[14.0235,123.59,94.7397],[3.83255,111.66,64.4691],[11.7679,104.485,43.6536],[[[0.283055,0.9564,-0.071971],[-0.611544,0.23778,0.754636],[0.738846,-0.16959,0.652185]],[[-0.0644764,0.935625,-0.347058],[-0.790673,0.164286,0.589784],[0.608833,0.312437,0.729181]],[[-0.0644764,0.935625,-0.347058],[-0.952106,0.0464906,0.302214],[0.298894,0.349922,0.887816]],[[-0.0644764,0.935625,-0.347058],[-0.938551,-0.175022,-0.297473],[-0.339066,0.306552,0.889416]]],0],[1531,[-0.271774,-0.0545026,-0.960817],153,58.8075,[-12.1492,167.068,-15.7925],[-12.6923,166.876,-15.5477],[-587.353,11.866,219.646],false,[47.5371,161.593,124.061],[9.8146,167.311,61.1581],[-2.56184,170.392,20.1325],[-9.13072,169.075,-3.0908],[-13.5006,166.449,-19.3981],[[[0.852991,0.15917,-0.497063],[-0.0974582,0.984187,0.147914],[0.512746,-0.0777264,0.855015]],[[0.951289,0.135798,-0.276782],[-0.109826,0.988137,0.107344],[0.288076,-0.0717169,0.954918]],[[0.951289,0.135798,-0.276782],[-0.145563,0.989236,-0.0149413],[0.271774,0.0545026,0.960817]],[[0.951289,0.135798,-0.276782],[-0.172147,0.978746,-0.111457],[0.255764,0.153675,0.954447]]],1],[1532,[0.312728,-0.578594,0.75328],153,67.0064,[38.7483,107.906,77.2643],[39.0883,108.136,77.8314],[-295.915,-25.8016,59.3886],false,[57.4593,165.253,117.755],[30.1776,172.048,53.9024],[24.1315,125.581,42.6092],[33.0243,109.128,64.0297],[40.4471,107.538,81.2203],[[[0.918455,-0.0229217,-0.394861],[0.059434,0.994982,0.0804859],[0.391035,-0.0973909,0.915209]],[[0.917076,-0.0225796,-0.398072],[-0.378467,0.264801,-0.886929],[0.125437,0.964039,0.234297]],[[0.917076,-0.0225796,-0.398072],[-0.247331,-0.815303,-0.523554],[-0.312728,0.578594,-0.753279]],[[0.917076,-0.0225796,-0.398072],[-0.0543251,-0.996161,-0.0686492],[-0.394994,0.0845819,-0.914782]]],2],[1533,[0.158062,-0.579905,0.799204],153,64.4285,[53.1633,112.785,77.844],[53.3478,112.981,78.4184],[-284.361,-18.4763,28.6499],false,[68.4199,165.948,112.249],[52.8613,173.07,51.9915],[45.0482,130.256,41.8826],[49.4268,114.191,64.0221],[54.2754,112.364,81.9734],[[[0.958877,-0.111944,-0.260813],[0.137337,0.98719,0.0812031],[0.248382,-0.113683,0.961968]],[[0.956553,-0.110894,-0.269647],[-0.233297,0.263577,-0.936002],[0.17487,0.958243,0.226254]],[[0.956553,-0.110894,-0.269647],[-0.244996,-0.807101,-0.537182],[-0.158062,0.579905,-0.799204]],[[0.956553,-0.110894,-0.269647],[-0.13291,-0.989011,-0.0647495],[-0.259503,0.0977749,-0.96078]]],3],[1534,[0.0274921,-0.603914,0.796575],153,50.5107,[65.5052,123.351,70.6467],[65.2945,123.357,70.785],[-301.655,-12.1724,5.2863],false,[80.4728,159.603,108.123],[73.9126,169.214,51.3173],[62.2514,137.097,42.2195],[62.7891,125.285,57.7996],[66.3131,122.772,74.4842],[[[0.945219,-0.285913,-0.157531],[0.306206,0.943813,0.124315],[0.113136,-0.165742,0.979658]],[[0.932658,-0.271259,-0.237841],[-0.14624,0.318406,-0.936606],[0.329793,0.908315,0.257295]],[[0.932658,-0.271259,-0.237841],[-0.359714,-0.749471,-0.555787],[-0.0274921,0.603914,-0.796575]],[[0.932658,-0.271259,-0.237841],[-0.297241,-0.951402,-0.080506],[-0.204444,0.145781,-0.967962]]],4],[1560,[0.922543,-0.216733,0.319281],156,51.8027,[-57.3922,109.714,72.0966],[-56.3333,110.098,72.3526],[27.8499,-36.663,-8.04658],false,[-144.468,121.618,45.8464],[-144.468,121.618,45.8464],[-96.2858,130.73,53.4136],[-65.0204,123.385,64.2342],[-52.809,106.564,74.6798],[[[-0.145861,-0.592943,-0.791924],[-0.518073,0.727729,-0.449456],[-0.842808,-0.344716,0.413335]],[[0.215277,-0.397619,-0.891939],[-0.103163,0.898984,-0.425658],[-0.971089,-0.18365,-0.152511]],[[0.215277,-0.397619,-0.891939],[0.320265,0.891586,-0.320163],[-0.922543,0.216733,-0.319281]],[[0.215277,-0.397619,-0.891939],[0.823469,0.564874,-0.0530649],[-0.524933,0.72306,-0.449031]]],0],[1561,[0.997807,-0.0661855,-0.00105704],156,58.4535,[9.6654,109.954,3.32426],[7.9611,110.507,4.57221],[20.2839,-60.7522,-10.2022],false,[-141.67,108.869,26.2305],[-71.1775,116.543,8.35611],[-28.9646,112.644,3.21036],[-4.99234,111.054,3.18496],[11.9003,110.274,4.74878],[[[0.147138,-0.975877,0.161291],[-0.221607,-0.191445,-0.956159],[-0.963971,-0.104944,0.24443]],[[-0.0644841,-0.975515,0.210266],[-0.136749,-0.200078,-0.97019],[-0.988505,0.0913154,0.120499]],[[-0.0644841,-0.975515,0.210266],[-0.0149477,-0.209736,-0.977644],[-0.997807,0.0661855,0.00105704]],[[-0.0644841,-0.975515,0.210266],[0.0801761,-0.215088,-0.973298],[-0.994693,0.045904,-0.0920827]]],1],[1562,[-0.691279,0.223165,0.687263],156,66.6031,[-86.5291,117.973,74.9838],[-86.6423,118.2,75.0541],[37.0465,-6.56738,0.0637783],false,[-139.699,96.7912,26.4224],[-72.06,94.7565,11.2556],[-52.6129,111.171,51.8483],[-72.1521,117.479,71.274],[-90.0759,118.472,76.4366],[[[0.0511576,-0.934052,0.353454],[-0.214652,-0.35593,-0.909527],[-0.97535,0.0293402,0.218704]],[[0.0501061,-0.93402,0.353689],[0.91254,-0.101112,-0.396292],[-0.405907,-0.342612,-0.847264]],[[0.0501061,-0.93402,0.353689],[0.720849,0.278934,0.634486],[0.691279,-0.223165,-0.687263]],[[0.0501061,-0.93402,0.353689],[0.27696,0.35324,0.893596],[0.959574,-0.0531834,-0.276386]]],2],[1563,[-0.668438,0.351483,0.655477],156,64.0407,[-92.2565,103.152,74.8758],[-91.6616,103.131,76.0832],[13.4167,-2.71507,-13.766],false,[-138.474,85.0988,29.7249],[-78.2427,74.1573,18.3595],[-58.9702,91.1788,54.5693],[-77.3758,100.857,72.6181],[-95.0358,103.985,77.439],[[[-0.076896,-0.890047,0.449337],[-0.241431,-0.420637,-0.874514],[-0.967367,0.17573,0.182539]],[[-0.0382037,-0.896354,0.441689],[0.900122,-0.222824,-0.374339],[-0.433959,-0.383273,-0.815341]],[[-0.0382037,-0.896354,0.441689],[0.742786,0.2702,0.612586],[0.668438,-0.351483,-0.655477]],[[-0.0382037,-0.896354,0.441689],[0.307082,0.410092,0.858793],[0.950916,-0.168444,-0.259588]]],3],[1564,[-0.561534,0.596091,0.573895],156,50.2067,[-89.1793,88.3413,66.5166],[-88.8591,89.3558,68.9384],[-2.53389,0.646732,-27.6128],false,[-138.063,75.3163,39.9357],[-84.4247,57.044,29.3999],[-65.824,72.7465,54.7516],[-76.7408,84.3352,65.9088],[-92.0131,91.1089,69.7054],[[[-0.147386,-0.781908,0.605721],[-0.334962,-0.536762,-0.774395],[-0.930633,0.317028,0.182798]],[[-0.187905,-0.76731,0.613129],[0.827406,-0.460029,-0.322137],[-0.529236,-0.446776,-0.721319]],[[-0.187905,-0.76731,0.613129],[0.805836,0.236456,0.542879],[0.561534,-0.596091,-0.573895]],[[-0.187905,-0.76731,0.613129],[0.412443,0.5049,0.758266],[0.891394,-0.395362,-0.221598]]],4]],[[0,200,0],[235.247,235.247,147.751]]],[240015,4363213065,[[153,"right",[-0.381953,0.241518,-0.892066],[0.0235202,-0.962396,-0.27063],[39.8223,162.421,74.789],[-304.37,3.04916,81.4567],[40.1818,162.375,74.6982],0.59742,0,0.473305,[[0.682928,0.107845,-0.722481],[-0.119936,0.992174,0.0347324],[0.720573,0.0629315,0.690518]],63.72,[261.943,171.476,307.811],[67.3887,154.484,121.371]],[156,"left",[0.929451,-0.10505,-0.353673],[0.368118,0.199933,0.908028],[-94.2242,95.6093,24.5678],[-14.6435,52.9429,-17.4164],[-93.6234,95.5342,24.8095],0.808809,0,0.214564,[[-0.166525,-0.899856,0.403147],[-0.800717,-0.115191,-0.587864],[-0.575432,0.420701,0.701348]],63.3365,[-300.312,205.914,229.577],[-145.88,93.0083,41.3532]]],[[1530,[-0.30587,-0.353482,-0.884021],153,52.1164,[8.16067,106.277,49.2605],[7.94011,106.567,49.8444],[-362.411,0.804645,148.201],false,[42.6116,139.719,131.818],[42.6116,139.719,131.818],[11.9474,123.875,95.7565],[1.51858,111.823,65.6153],[9.3285,104.657,44.7495],[[[0.276199,0.957959,-0.0776435],[-0.604991,0.236065,0.760434],[0.746793,-0.163058,0.644758]],[[-0.0732013,0.934505,-0.348341],[-0.785672,0.161103,0.597298],[0.614297,0.317405,0.722422]],[[-0.0732013,0.934505,-0.348341],[-0.949255,0.0418357,0.311713],[0.30587,0.353482,0.884021]],[[-0.0732013,0.934505,-0.348341],[-0.939831,-0.181507,-0.289436],[-0.333706,0.306195,0.891563]]],0],[1531,[-0.28247,-0.0535038,-0.957783],153,58.8075,[-15.3417,167.168,-14.6831],[-16.245,166.885,-14.3278],[-537.834,12.8611,197.468],false,[45.5161,162.124,124.645],[7.09208,167.425,62.1314],[-5.75909,170.478,21.25],[-12.5865,169.185,-1.90001],[-17.1332,166.596,-18.1648],[[[0.846636,0.163136,-0.506551],[-0.102126,0.98397,0.146199],[0.522281,-0.0720455,0.849725]],[[0.947407,0.141016,-0.287288],[-0.11377,0.987453,0.109508],[0.299126,-0.0710643,0.951564]],[[0.947407,0.141016,-0.287288],[-0.150434,0.98856,-0.010857],[0.282471,0.0535038,0.957783]],[[0.947407,0.141016,-0.287288],[-0.177772,0.978343,-0.106026],[0.266115,0.151521,0.951958]]],1],[1532,[0.321395,-0.581712,0.747205],153,67.0064,[36.4421,108.022,77.642],[36.7384,108.331,78.3263],[-289.265,-15.0241,55.3109],false,[55.3473,165.829,118.223],[27.3464,172.269,54.6463],[21.347,125.825,43.2353],[30.4863,109.283,64.4831],[38.0777,107.652,81.596],[[[0.914336,-0.0182471,-0.404545],[0.05397,0.995563,0.0770758],[0.401343,-0.0923064,0.911264]],[[0.913311,-0.0180119,-0.406865],[-0.387777,0.26686,-0.882278],[0.124468,0.963567,0.236742]],[[0.913311,-0.0180119,-0.406865],[-0.250137,-0.813195,-0.525495],[-0.321395,0.581712,-0.747205]],[[0.913311,-0.0180119,-0.406865],[-0.0517073,-0.996065,-0.0719744],[-0.403967,0.0867729,-0.910649]]],2],[1533,[0.170178,-0.576716,0.799024],153,64.4285,[51.0198,113.2,78.4932],[51.1478,113.413,79.0749],[-274.561,-0.40073,41.2844],false,[66.2442,166.578,112.6],[50.0016,173.429,52.4914],[42.3551,130.536,42.5919],[47.0694,114.56,64.7264],[52.119,112.809,82.6298],[[[0.956744,-0.106629,-0.270687],[0.131924,0.988266,0.0769858],[0.259302,-0.109366,0.959584]],[[0.954322,-0.10562,-0.279488],[-0.24491,0.259278,-0.934235],[0.171139,0.96001,0.221567]],[[0.954322,-0.10562,-0.279488],[-0.245578,-0.810089,-0.532398],[-0.170178,0.576716,-0.799024]],[[0.954322,-0.10562,-0.279488],[-0.127391,-0.989984,-0.0608597],[-0.270261,0.0936841,-0.958218]]],3],[1534,[0.0398794,-0.602951,0.796781],153,50.5107,[63.2011,123.784,71.0947],[62.9538,123.819,71.257],[-291.655,4.67594,17.8352],false,[78.2926,160.297,108.363],[71.0686,169.704,51.604],[59.5082,137.496,42.702],[60.2882,125.703,58.2861],[64.0088,123.223,74.9328],[[[0.945287,-0.280385,-0.16678],[0.301513,0.94608,0.118419],[0.124584,-0.162227,0.978857]],[[0.931606,-0.26588,-0.247828],[-0.158807,0.315565,-0.935521],[0.326942,0.910893,0.251759]],[[0.931606,-0.26588,-0.247828],[-0.361276,-0.752169,-0.551109],[-0.0398794,0.602951,-0.796781]],[[0.931606,-0.26588,-0.247828],[-0.292435,-0.953209,-0.0766459],[-0.215853,0.143877,-0.965767]]],4],[1560,[0.91971,-0.231588,0.317017],156,51.8027,[-57.2806,109.767,72.0986],[-56.3394,110.227,72.2018],[20.0338,-22.9418,-10.4363],false,[-144.391,123.116,45.9423],[-144.391,123.116,45.9423],[-96.0477,131.474,53.3567],[-64.8783,123.626,64.1005],[-52.8625,106.652,74.5255],[[[-0.157819,-0.591325,-0.79084],[-0.507499,0.735584,-0.448733],[-0.847076,-0.330532,0.416186]],[[0.206315,-0.401896,-0.89214],[-0.0902283,0.900057,-0.426328],[-0.974317,-0.168454,-0.149433]],[[0.206315,-0.401896,-0.89214],[0.334017,0.885916,-0.321848],[-0.91971,0.231588,-0.317017]],[[0.206315,-0.401896,-0.89214],[0.831045,0.553272,-0.0570549],[-0.516526,0.729637,-0.448141]]],0],[1561,[0.996609,-0.0821948,-0.00383055],156,58.4535,[9.58869,109.933,3.35359],[7.71667,109.494,4.23031],[7.24807,-75.0758,-17.8118],false,[-141.857,110.303,26.3322],[-71.3028,116.812,8.24257],[-29.1741,112.228,2.97191],[-5.23065,110.253,2.87988],[11.6515,109.205,4.39912],[[[0.131729,-0.97797,0.16193],[-0.227513,-0.18882,-0.955293],[-0.964824,-0.088999,0.247374]],[[-0.0795288,-0.97414,0.211486],[-0.142932,-0.198822,-0.969557],[-0.986532,0.107336,0.123424]],[[-0.0795288,-0.97414,0.211486],[-0.0211145,-0.210464,-0.977374],[-0.996609,0.0821948,0.00383055]],[[-0.0795288,-0.97414,0.211486],[0.0740886,-0.217348,-0.973278],[-0.994075,0.061735,-0.0894581]]],1],[1562,[-0.684712,0.235314,0.689781],156,66.6031,[-86.5114,117.994,74.9887],[-86.4753,118.793,74.9966],[32.3144,13.0239,-1.81235],false,[-140.082,98.1952,26.5316],[-72.5308,95.045,11.1686],[-52.6541,111.179,51.6656],[-72.0076,117.83,71.1624],[-89.8931,119.124,76.3909],[[[0.0370094,-0.934389,0.354328],[-0.223094,-0.353348,-0.908501],[-0.974094,0.0454255,0.221534]],[[0.0360629,-0.934344,0.354543],[0.909164,-0.116608,-0.399779],[-0.414874,-0.336755,-0.845267]],[[0.0360629,-0.934344,0.354543],[0.727921,0.267635,0.63127],[0.684712,-0.235314,-0.689781]],[[0.0360629,-0.934344,0.354543],[0.286094,0.349578,0.892158],[0.957523,-0.0692587,-0.279917]]],2],[1563,[-0.660576,0.363053,0.657139],156,64.0407,[-92.2479,103.158,74.8863],[-91.7901,103.808,76.0486],[5.80103,18.3536,-11.2027],false,[-139.038,86.488,29.8434],[-79.0265,74.5566,18.3132],[-59.3695,91.2993,54.4462],[-77.5586,101.296,72.5407],[-95.1501,104.718,77.4124],[[[-0.0900282,-0.888206,0.450538],[-0.250818,-0.417574,-0.873339],[-0.963839,0.191628,0.185185]],[[-0.0514884,-0.895147,0.442788],[0.89523,-0.237878,-0.376799],[-0.44262,-0.376997,-0.81361]],[[-0.0514884,-0.895147,0.442788],[0.748991,0.25866,0.610005],[0.660576,-0.363053,-0.657139]],[[-0.0514884,-0.895147,0.442788],[0.316395,0.405915,0.857395],[0.947229,-0.184242,-0.26232]]],3],[1564,[-0.549975,0.606055,0.574653],156,50.2067,[-89.1786,88.3453,66.5215],[-89.2378,89.9851,68.9006],[-13.427,19.5408,-21.3616],false,[-138.756,76.7107,40.0636],[-85.4533,57.5576,29.3905],[-66.5236,72.9782,54.6717],[-77.2157,84.7605,65.8436],[-92.3631,91.7919,69.6722],[[[-0.158289,-0.778771,0.60701],[-0.345929,-0.532058,-0.772818],[-0.924812,0.33231,0.18518]],[[-0.19899,-0.76333,0.614598],[0.818729,-0.474156,-0.323819],[-0.538596,-0.438752,-0.719313]],[[-0.19899,-0.76333,0.614598],[0.811129,0.223663,0.540411],[0.549975,-0.606055,-0.574653]],[[-0.19899,-0.76333,0.614598],[0.422806,0.498901,0.756527],[0.884103,-0.410397,-0.223464]]],4]],[[0,200,0],[235.247,235.247,147.751]]],[240016,4363222053,[[153,"right",[-0.393704,0.240996,-0.887084],[0.0300345,-0.961134,-0.274443],[37.1237,162.396,75.5778],[-303.241,1.45694,83.1871],[37.5404,162.393,75.458],0.602734,0,0.481872,[[0.673732,0.124019,-0.728495],[-0.123119,0.990876,0.0548237],[0.728648,0.0527548,0.682854]],63.72,[261.992,168.805,306.207],[65.2573,154.561,121.837]],[156,"left",[0.928237,-0.114142,-0.354046],[0.37023,0.190989,0.909095],[-94.4638,96.1142,24.4299],[-17.9406,53.8286,-16.8502],[-93.6839,95.576,24.7822],0.81116,0,0.222872,[[-0.174769,-0.902358,0.393961],[-0.79921,-0.103688,-0.592041],[-0.575081,0.418328,0.703052]],63.3365,[-300.488,206.303,229.875],[-146.151,94.0337,41.1931]]],[[1530,[-0.312335,-0.35186,-0.882407],153,52.1164,[5.86509,106.239,50.2012],[5.52135,106.414,50.7627],[-335.706,-1.77596,136.412],false,[40.7372,139.516,132.489],[40.7372,139.516,132.489],[9.79504,123.594,96.7008],[-0.854195,111.597,66.6146],[6.94345,104.624,45.6791],[[[0.266013,0.96089,-0.0769853],[-0.599185,0.227381,0.767643],[0.755125,-0.158075,0.636237]],[[-0.0845543,0.935487,-0.343097],[-0.78014,0.152052,0.606846],[0.619865,0.318975,0.716954]],[[-0.0845543,0.935487,-0.343097],[-0.946202,0.0325497,0.321936],[0.312335,0.35186,0.882407]],[[-0.0845543,0.935487,-0.343097],[-0.939064,-0.189951,-0.286493],[-0.333182,0.297965,0.894543]]],0],[1531,[-0.293778,-0.0439574,-0.954862],153,58.8075,[-18.9946,167.498,-13.3263],[-19.9823,167.084,-12.9105],[-506.374,21.1617,186.958],false,[43.3471,161.975,125.37],[4.21413,167.125,63.2848],[-9.14661,170.489,22.5915],[-16.2473,169.427,-0.487892],[-20.9788,167.027,-16.7289],[[[0.8396,0.173244,-0.514838],[-0.110158,0.982388,0.150928],[0.531918,-0.0700059,0.843897]],[[0.942796,0.151353,-0.297033],[-0.120099,0.985373,0.120897],[0.310987,-0.0783073,0.947183]],[[0.942796,0.151353,-0.297033],[-0.157578,0.987502,0.00302141],[0.293778,0.0439574,0.954862]],[[0.942796,0.151353,-0.297033],[-0.1856,0.978446,-0.0905346],[0.276928,0.140485,0.950565]]],1],[1532,[0.333708,-0.584135,0.739882],153,67.0064,[34.2228,107.869,78.1076],[34.5217,108.182,78.8022],[-277.753,-15.9796,54.5265],false,[53.0733,165.799,118.859],[24.34,172.194,55.6046],[18.631,125.766,43.9832],[28.1205,109.155,65.0228],[35.8978,107.474,82.0471],[[[0.91014,-0.00783565,-0.414227],[0.0450769,0.995758,0.0802071],[0.411841,-0.0916718,0.906633]],[[0.909268,-0.00764208,-0.41614],[-0.399002,0.268519,-0.876752],[0.118442,0.963244,0.241107]],[[0.909268,-0.00764208,-0.41614],[-0.248736,-0.811621,-0.528585],[-0.333708,0.584135,-0.739882]],[[0.909268,-0.00764208,-0.41614],[-0.0441411,-0.995963,-0.0781585],[-0.413863,0.089436,-0.905935]]],2],[1533,[0.18353,-0.580136,0.793573],153,64.4285,[48.8074,113.193,78.8965],[48.9369,113.419,79.4751],[-266.973,-0.862584,42.0764],false,[63.9023,166.675,113.123],[46.9587,173.583,53.2153],[39.6134,130.667,43.1895],[44.6976,114.596,65.173],[49.9455,112.774,83.012],[[[0.954821,-0.0962826,-0.281153],[0.123093,0.989224,0.0792681],[0.270491,-0.110295,0.956384]],[[0.952307,-0.0952699,-0.289887],[-0.257068,0.26135,-0.930383],[0.164399,0.960531,0.224394]],[[0.952307,-0.0952699,-0.289887],[-0.243778,-0.808929,-0.534983],[-0.18353,0.580136,-0.793573]],[[0.952307,-0.0952699,-0.289887],[-0.11924,-0.99066,-0.0661382],[-0.280879,0.09755,-0.954773]]],3],[1534,[0.0544106,-0.606328,0.793351],153,50.5107,[60.8387,123.979,71.4669],[60.5995,124.016,71.6357],[-283.684,9.16808,24.2364],false,[75.9659,160.528,108.736],[68.0504,170.069,52.092],[56.7053,137.786,43.1809],[57.7695,125.927,58.6979],[61.6959,123.401,75.2904],[[[0.946158,-0.270517,-0.177779],[0.293514,0.94855,0.118754],[0.136507,-0.164541,0.976879]],[[0.931325,-0.25572,-0.25931],[-0.172301,0.317909,-0.932334],[0.320853,0.912985,0.252015]],[[0.931325,-0.25572,-0.25931],[-0.360103,-0.752976,-0.550775],[-0.0544106,0.606328,-0.793351]],[[0.931325,-0.25572,-0.25931],[-0.284158,-0.955582,-0.0782161],[-0.227791,0.14653,-0.962622]]],4],[1560,[0.916694,-0.244242,0.316256],156,51.8027,[-57.1844,109.806,72.0972],[-56.3718,110.088,72.1435],[13.3329,-20.8919,-9.15372],false,[-144.309,124.098,45.9354],[-144.309,124.098,45.9354],[-95.8778,131.881,53.3988],[-64.8107,123.603,64.1169],[-52.9341,106.479,74.4534],[[[-0.16456,-0.585409,-0.793862],[-0.498739,0.743753,-0.445074],[-0.850987,-0.322688,0.414358]],[[0.202005,-0.399614,-0.894149],[-0.0801364,0.903165,-0.421748],[-0.9761,-0.156849,-0.150421]],[[0.202005,-0.399614,-0.894149],[0.34477,0.883546,-0.316986],[-0.916694,0.244242,-0.316256]],[[0.202005,-0.399614,-0.894149],[0.835787,0.54626,-0.055315],[-0.510542,0.736144,-0.44434]]],0],[1561,[0.995603,-0.0935744,-0.00419902],156,58.4535,[9.50509,109.887,3.38125],[7.63854,108.918,4.16539],[2.82591,-71.7848,-14.9929],false,[-141.922,111.357,26.2609],[-71.2917,117.129,8.2164],[-29.2193,112.089,2.91379],[-5.29999,109.84,2.81291],[11.5686,108.592,4.33118],[[[0.120219,-0.980257,0.15698],[-0.229493,-0.181285,-0.956278],[-0.965857,-0.078937,0.246756]],[[-0.0906961,-0.974243,0.206456],[-0.145342,-0.192142,-0.970545],[-0.985216,0.118031,0.124172]],[[-0.0906961,-0.974243,0.206456],[-0.0234099,-0.205168,-0.978447],[-0.995603,0.0935744,0.00419902]],[[-0.0906961,-0.974243,0.206456],[0.0719189,-0.213177,-0.974363],[-0.993278,0.0735228,-0.0894008]]],1],[1562,[-0.680615,0.24018,0.692154],156,66.6031,[-86.4902,118.017,74.9935],[-86.3401,118.953,74.999],[27.9554,14.1023,-1.27523],false,[-140.289,99.2275,26.399],[-72.7755,95.3637,11.0316],[-52.6402,111.048,51.5773],[-71.8779,117.837,71.1412],[-89.7402,119.32,76.399],[[[0.0259726,-0.936546,0.349581],[-0.227015,-0.346088,-0.910323],[-0.973545,0.0557165,0.221598]],[[0.0252061,-0.936502,0.349755],[0.907048,-0.125661,-0.401837],[-0.420272,-0.327374,-0.846285]],[[0.0252061,-0.936502,0.349755],[0.732208,0.255495,0.631343],[0.680615,-0.24018,-0.692154]],[[0.0252061,-0.936502,0.349755],[0.291372,0.341558,0.893555],[0.956278,-0.0793858,-0.281479]]],2],[1563,[-0.656251,0.36751,0.658992],156,64.0407,[-92.2402,103.166,74.8965],[-91.9282,104.025,75.9582],[-0.159509,19.64,-10.9305],false,[-139.383,87.4922,29.6514],[-79.5126,74.9168,18.0709],[-59.6638,91.2424,54.2897],[-77.7338,101.362,72.4353],[-95.2837,104.967,77.3247],[[[-0.100537,-0.889367,0.446003],[-0.255498,-0.410163,-0.875492],[-0.961568,0.201972,0.185995]],[[-0.0621102,-0.896714,0.438231],[0.892406,-0.246516,-0.377943],[-0.446938,-0.367606,-0.815544]],[[-0.0621102,-0.896714,0.438231],[0.751982,0.24666,0.611296],[0.656251,-0.36751,-0.658992]],[[-0.0621102,-0.896714,0.438231],[0.321151,0.397772,0.859441],[0.944989,-0.194119,-0.263275]]],3],[1564,[-0.540236,0.611419,0.578198],156,50.2067,[-89.1783,88.3505,66.5268],[-89.4513,90.229,68.7307],[-15.22,21.5313,-20.4374],false,[-139.218,77.6605,39.8219],[-86.1407,57.9383,29.0605],[-66.9759,72.9567,54.4066],[-77.4787,84.8433,65.6474],[-92.5176,92.08,69.5208],[[[-0.167545,-0.779935,0.603017],[-0.351966,-0.524033,-0.77557],[-0.920895,0.342185,0.186712]],[[-0.209924,-0.763288,0.611002],[0.811539,-0.484559,-0.326508],[-0.545286,-0.42731,-0.721158]],[[-0.209924,-0.763288,0.611002],[0.814909,0.208707,0.540707],[0.540236,-0.611419,-0.578198]],[[-0.209924,-0.763288,0.611002],[0.430636,0.488862,0.758661],[0.877773,-0.422381,-0.226075]]],4]],[[0,200,0],[235.247,235.247,147.751]]],[240017,4363231331,[[153,"right",[-0.408489,0.237739,-0.881259],[0.0446438,-0.959125,-0.279439],[33.8112,162.4,75.7845],[-318.393,1.18008,66.0264],[34.2735,162.4,75.744],0.603681,0,0.490843,[[0.667475,0.147688,-0.729839],[-0.133975,0.987958,0.0773934],[0.732481,0.0461223,0.679224]],63.72,[260.396,167.329,305.064],[62.6262,154.876,121.674]],[156,"left",[0.926788,-0.134502,-0.350676],[0.371384,0.188908,0.909059],[-94.5175,96.7558,24.1634],[-14.5173,58.1459,-20.1929],[-93.746,95.6639,24.7361],0.813288,0,0.224921,[[-0.181399,-0.906012,0.382409],[-0.797478,-0.0920128,-0.59629],[-0.575433,0.413129,0.705834]],63.3365,[-300.714,206.667,230.216],[-146.282,95.7937,40.7875]]],[[1530,[-0.317945,-0.352128,-0.880293],153,52.1164,[3.28099,106.002,50.7136],[2.89198,106.051,51.091],[-321.116,-10.2533,109.245],false,[38.5162,139.328,132.538],[38.5162,139.328,132.538],[7.36392,123.093,97.0738],[-3.47662,111.087,67.0597],[4.30571,104.392,46.028],[[[0.247214,0.966022,-0.0754097],[-0.594254,0.212625,0.775663],[0.765341,-0.146942,0.626626]],[[-0.104509,0.935831,-0.336598],[-0.774345,0.135812,0.618017],[0.624074,0.325231,0.710462]],[[-0.104509,0.935831,-0.336598],[-0.942331,0.0150207,0.334344],[0.317945,0.352128,0.880293]],[[-0.104509,0.935831,-0.336598],[-0.937285,-0.205845,-0.28129],[-0.332527,0.28609,0.898653]]],0],[1531,[-0.306173,-0.034752,-0.951341],153,58.8075,[-23.4255,167.652,-12.2885],[-24.499,166.993,-11.976],[-502.785,18.5394,163.125],false,[40.6252,161.864,125.498],[0.677641,166.573,63.8986],[-13.281,170.237,23.4326],[-20.6813,169.397,0.438287],[-25.6024,167.178,-15.7721],[[[0.830143,0.191228,-0.523732],[-0.126592,0.979456,0.15697],[0.54299,-0.0640077,0.837296]],[[0.936183,0.170282,-0.307515],[-0.134159,0.981697,0.135172],[0.324904,-0.0852901,0.941893]],[[0.936183,0.170282,-0.307515],[-0.172683,0.984782,0.0196015],[0.306173,0.034752,0.951341]],[[0.936183,0.170282,-0.307515],[-0.2015,0.976798,-0.0725493],[0.288026,0.129884,0.948774]]],1],[1532,[0.352125,-0.58229,0.732767],153,67.0064,[31.9061,107.762,78.0895],[32.2131,108.09,78.7366],[-269.623,-14.6239,37.8637],false,[50.2016,165.898,118.893],[20.6144,172.052,56.0093],[15.6344,125.582,44.216],[25.6476,109.024,65.0533],[33.6374,107.379,81.9824],[[[0.905206,0.0110282,-0.424829],[0.0275282,0.996042,0.0845121],[0.42408,-0.0881957,0.90132]],[[0.904702,0.011133,-0.4259],[-0.413328,0.265359,-0.871059],[0.103319,0.964085,0.244673]],[[0.904702,0.011133,-0.4259],[-0.239839,-0.812905,-0.530719],[-0.352125,0.58229,-0.732766]],[[0.904702,0.011133,-0.4259],[-0.0272623,-0.996097,-0.0839486],[-0.425172,0.0875595,-0.900867]]],2],[1533,[0.203392,-0.580824,0.78821],153,64.4285,[46.4323,113.374,78.7351],[46.5669,113.611,79.2842],[-263.703,5.03536,24.8083],false,[60.9445,167.002,113.036],[43.1739,173.873,53.3636],[36.5093,130.874,43.2156],[42.1437,114.784,65.0506],[47.6313,112.96,82.8171],[[[0.953079,-0.0771882,-0.292716],[0.105635,0.990966,0.082633],[0.283694,-0.109677,0.952622]],[[0.95045,-0.0761842,-0.301397],[-0.272752,0.260832,-0.926052],[0.149164,0.962373,0.227129]],[[0.95045,-0.0761842,-0.301397],[-0.235108,-0.810456,-0.536549],[-0.203392,0.580824,-0.78821]],[[0.95045,-0.0761842,-0.301397],[-0.101877,-0.9923,-0.0704438],[-0.293709,0.0976587,-0.950893]]],3],[1534,[0.0751907,-0.609086,0.789532],153,50.5107,[58.1857,124.441,71.2142],[57.954,124.48,71.3751],[-284.153,20.738,9.3983],false,[73.0678,161.102,108.479],[64.3126,170.756,51.9777],[53.4623,138.312,43.0389],[54.9329,126.399,58.4812],[59.1049,123.866,75.0126],[[[0.948864,-0.252031,-0.190096],[0.277234,0.953288,0.119934],[0.150989,-0.166502,0.974412]],[[0.932722,-0.237068,-0.271714],[-0.189385,0.319169,-0.928582],[0.30686,0.917567,0.252799]],[[0.932722,-0.237068,-0.271714],[-0.35267,-0.756844,-0.550282],[-0.0751907,0.609086,-0.789532]],[[0.932722,-0.237068,-0.271714],[-0.267294,-0.960315,-0.0796826],[-0.242041,0.146949,-0.959074]]],4],[1560,[0.910641,-0.260712,0.320567],156,51.8027,[-57.1003,109.847,72.0842],[-56.2439,110.292,71.9065],[13.3267,-9.08798,-13.6393],false,[-143.86,125.843,45.3625],[-143.86,125.843,45.3625],[-95.309,132.737,52.9208],[-64.4471,123.902,63.7849],[-52.8823,106.643,74.2504],[[[-0.173874,-0.586638,-0.790964],[-0.482692,0.750864,-0.45079],[-0.858357,-0.303411,0.413721]],[[0.196768,-0.408584,-0.891258],[-0.0615998,0.902082,-0.427146],[-0.978513,-0.13895,-0.152332]],[[0.196768,-0.408584,-0.891258],[0.36334,0.874693,-0.320774],[-0.910641,0.260712,-0.320567]],[[0.196768,-0.408584,-0.891258],[0.845066,0.5316,-0.057134],[-0.497137,0.74193,-0.449883]]],0],[1561,[0.993608,-0.11288,-0.000694521],156,58.4535,[9.42401,109.759,3.40978],[7.8766,107.438,4.11701],[9.23994,-96.1941,-12.1368],false,[-141.67,112.943,25.7685],[-70.8893,117.214,7.89722],[-28.9092,111.327,2.73753],[-5.03784,108.615,2.72084],[11.7987,107.049,4.30018],[[[0.10038,-0.981514,0.162956],[-0.230351,-0.182259,-0.955887],[-0.967916,-0.0584148,0.244388]],[[-0.110175,-0.971102,0.211711],[-0.146523,-0.194811,-0.969835],[-0.983053,0.137872,0.120825]],[[-0.110175,-0.971102,0.211711],[-0.0245723,-0.210281,-0.977332],[-0.993608,0.11288,0.000694521]],[[-0.110175,-0.971102,0.211711],[0.0707889,-0.220133,-0.972898],[-0.991388,0.0922023,-0.0929965]]],1],[1562,[-0.676336,0.257921,0.689961],156,66.6031,[-86.459,118.061,74.9895],[-85.9781,119.726,74.6452],[31.3091,33.2291,-11.6501],false,[-140.278,100.785,25.981],[-72.8109,95.4994,10.833],[-52.4111,111.008,51.3143],[-71.5279,118.298,70.8162],[-89.3644,120.17,76.037],[[[0.0064767,-0.934834,0.355027],[-0.231259,-0.34681,-0.908978],[-0.972871,0.0762161,0.218435]],[[0.00584348,-0.934784,0.355169],[0.904803,-0.14629,-0.399913],[-0.42579,-0.323695,-0.84494]],[[0.00584348,-0.934784,0.355169],[0.73657,0.244246,0.630721],[0.676336,-0.257921,-0.689961]],[[0.00584348,-0.934784,0.355169],[0.296869,0.340785,0.89204],[0.9549,-0.100226,-0.2795]]],2],[1563,[-0.650535,0.384288,0.655078],156,64.0407,[-92.2317,103.182,74.9053],[-91.9535,104.917,75.6589],[-1.03355,40.7849,-16.9679],false,[-139.613,89.053,29.3034],[-79.9705,75.2307,17.9699],[-59.8995,91.3692,54.1502],[-77.8122,101.951,72.188],[-95.2996,105.932,77.0086],[[[-0.119345,-0.884607,0.450808],[-0.261101,-0.410107,-0.873864],[-0.957906,0.221998,0.182027]],[[-0.0810797,-0.89275,0.443196],[0.888356,-0.266352,-0.374005],[-0.451939,-0.363392,-0.814676]],[[-0.0810797,-0.89275,0.443196],[0.755136,0.235201,0.611923],[0.650535,-0.384288,-0.655078]],[[-0.0810797,-0.89275,0.443196],[0.326748,0.39628,0.85802],[0.941627,-0.214381,-0.259574]]],3],[1564,[-0.527404,0.626865,0.573486],156,50.2067,[-89.1785,88.3605,66.5334],[-89.6558,91.046,68.5053],[-16.3176,39.9448,-21.3903],false,[-139.67,79.2791,39.5306],[-86.9637,58.4504,29.0375],[-67.5231,73.1879,54.3385],[-77.7764,85.3749,65.4877],[-92.659,92.9681,69.2815],[[[-0.184617,-0.772964,0.606995],[-0.360081,-0.521469,-0.773571],[-0.914472,0.361382,0.182057]],[[-0.228291,-0.754731,0.615033],[0.801206,-0.504534,-0.321738],[-0.55313,-0.419318,-0.719875]],[[-0.228291,-0.754731,0.615033],[0.81837,0.193449,0.541155],[0.527404,-0.626865,-0.573486]],[[-0.228291,-0.754731,0.615033],[0.439701,0.483695,0.756771],[0.868646,-0.443194,-0.221432]]],4]],[[0,200,0],[235.247,235.247,147.751]]],[240018,4363240132,[[153,"right",[-0.420349,0.234665,-0.876492],[0.0541381,-0.957771,-0.28239],[31.2393,162.353,76.1984],[-311.343,-0.587073,60.9073],[31.6441,162.359,76.1378],0.606411,0,0.494167,[[0.660033,0.165828,-0.732706],[-0.138462,0.985476,0.0983076],[0.738366,0.0365656,0.673408]],63.72,[259.968,164.958,303.597],[60.6086,155.085,121.777]],[156,"left",[0.925711,-0.128954,-0.35557],[0.373916,0.170417,0.911671],[-94.2681,96.8843,23.9762],[-2.96959,46.4151,-20.4844],[-93.7818,95.7475,24.684],0.813324,0,0.230634,[[-0.191776,-0.907126,0.374625],[-0.794575,-0.08055,-0.601799],[-0.576084,0.413078,0.705332]],63.3365,[-300.599,206.532,230.001],[-145.993,95.6723,40.7073]]],[[1530,[-0.324962,-0.352526,-0.877568],153,52.1164,[1.06569,105.816,51.3746],[0.716428,105.799,51.7485],[-301.326,-12.9016,102.067],false,[36.8107,139.202,132.841],[36.8107,139.202,132.841],[5.35924,122.765,97.7357],[-5.72054,110.746,67.8145],[2.14524,104.264,46.7467],[[[0.234023,0.969307,-0.0753474],[-0.589103,0.203027,0.782137],[0.773428,-0.138651,0.618534]],[[-0.118382,0.935793,-0.332079],[-0.767464,0.125976,0.628592],[0.630067,0.329273,0.703275]],[[-0.118382,0.935793,-0.332079],[-0.938288,0.00402445,0.34583],[0.324962,0.352526,0.877568]],[[-0.118382,0.935793,-0.332079],[-0.934359,-0.218176,-0.28173],[-0.336093,0.276929,0.900196]]],0],[1531,[-0.317592,-0.0273139,-0.947834],153,58.8075,[-27.1607,167.755,-11.2421],[-28.127,166.936,-10.9138],[-480.122,16.4046,152.243],false,[38.5593,161.78,125.84],[-2.06293,166.129,64.6562],[-16.5498,170.04,24.3995],[-24.2261,169.379,1.48995],[-29.3288,167.305,-14.6834],[[[0.82231,0.203196,-0.531524],[-0.137568,0.977352,0.160803],[0.55216,-0.0591094,0.83164]],[[0.930547,0.183148,-0.317078],[-0.142753,0.978862,0.146459],[0.337199,-0.0910235,0.937023]],[[0.930547,0.183148,-0.317078],[-0.182255,0.982706,0.0327496],[0.317592,0.0273139,0.947834]],[[0.930547,0.183148,-0.317078],[-0.211866,0.97556,-0.0582792],[0.298654,0.121409,0.946607]]],1],[1532,[0.365749,-0.581043,0.727061],153,67.0064,[30.0051,107.623,78.3263],[30.3194,107.963,78.9703],[-255.052,-15.0382,35.3279],false,[48.0163,165.954,119.149],[17.7215,171.883,56.5819],[13.2165,125.39,44.6911],[23.6171,108.868,65.3661],[31.7803,107.241,82.2141],[[[0.900671,0.02373,-0.433852],[0.0155899,0.9961,0.0868471],[0.434221,-0.0849844,0.896789]],[[0.900573,0.0237491,-0.434055],[-0.424537,0.262736,-0.866451],[0.0934641,0.964576,0.246695]],[[0.900573,0.0237491,-0.434055],[-0.234937,-0.813526,-0.531958],[-0.365749,0.581043,-0.727061]],[[0.900573,0.0237491,-0.434055],[-0.0162796,-0.995963,-0.0882706],[-0.434399,0.0865604,-0.896552]]],2],[1533,[0.219182,-0.578163,0.78593],153,64.4285,[44.5623,113.528,79.0322],[44.6734,113.738,79.5056],[-249.806,8.38468,27.6421],false,[58.6846,167.211,113.188],[40.228,174.001,53.7149],[34.0501,130.914,43.6343],[40.1219,114.898,65.4062],[45.8107,113.125,83.1146],[[[0.950999,-0.064193,-0.302458],[0.0937331,0.992033,0.0841718],[0.294645,-0.108398,0.949439]],[[0.948314,-0.0632169,-0.310973],[-0.285625,0.256957,-0.923251],[0.138272,0.964353,0.225619]],[[0.948314,-0.0632169,-0.310973],[-0.229477,-0.813468,-0.534424],[-0.219182,0.578163,-0.78593]],[[0.948314,-0.0632169,-0.310973],[-0.0894119,-0.993482,-0.0706998],[-0.304477,0.0948504,-0.947785]]],3],[1534,[0.091148,-0.610011,0.787133],153,50.5107,[56.054,124.726,71.2786],[55.8272,124.758,71.4449],[-272.738,23.8017,8.98856],false,[70.8362,161.478,108.494],[61.39,171.16,52.109],[50.8665,138.602,43.1938],[52.6492,126.67,58.5892],[57.0236,124.152,75.0704],[[[0.950061,-0.239332,-0.20026],[0.266168,0.956472,0.119652],[0.162906,-0.166979,0.972409]],[[0.932856,-0.224334,-0.281876],[-0.202987,0.319094,-0.92573],[0.297617,0.92079,0.252132]],[[0.932856,-0.224334,-0.281876],[-0.348528,-0.759974,-0.548605],[-0.091148,0.610011,-0.787133]],[[0.932856,-0.224334,-0.281876],[-0.255688,-0.963495,-0.0793805],[-0.253778,0.146123,-0.956161]]],4],[1560,[0.910892,-0.268551,0.3133],156,51.8027,[-57.0062,109.844,72.072],[-55.8152,109.455,71.881],[22.5567,-32.1019,-10.4945],false,[-143.513,125.622,45.8669],[-143.513,125.622,45.8669],[-94.9361,132.317,53.4374],[-64.0657,123.215,64.0552],[-52.4523,105.767,74.1472],[[[-0.176729,-0.570689,-0.801923],[-0.482644,0.760315,-0.434713],[-0.8578,-0.310217,0.40981]],[[0.194106,-0.391147,-0.899626],[-0.0617001,0.910384,-0.409137],[-0.979038,-0.134923,-0.152577]],[[0.194106,-0.391147,-0.899626],[0.364141,0.880275,-0.304165],[-0.910892,0.268551,-0.3133]],[[0.194106,-0.391147,-0.899626],[0.844451,0.533324,-0.0496818],[-0.499225,0.750046,-0.433826]]],0],[1561,[0.993446,-0.114172,-0.00542585],156,58.4535,[9.35991,109.661,3.4243],[8.09359,107.813,3.88084],[13.3569,-58.5414,-16.1133],false,[-141.391,113.107,26.0174],[-70.6485,117.624,8.05696],[-28.6907,111.782,2.66945],[-4.82321,109.039,2.53909],[12.0148,107.42,4.04704],[[[0.0992683,-0.984681,0.14335],[-0.23299,-0.163057,-0.958712],[-0.967399,-0.0617707,0.245607]],[[-0.110992,-0.974942,0.192792],[-0.149373,-0.175421,-0.973096],[-0.982532,0.136804,0.12616]],[[-0.110992,-0.974942,0.192792],[-0.0273013,-0.190926,-0.981225],[-0.993446,0.114172,0.00542585]],[[-0.110992,-0.974942,0.192792],[0.0681919,-0.201004,-0.977214],[-0.991479,0.0953165,-0.0887931]]],1],[1562,[-0.673976,0.245306,0.696837],156,66.6031,[-86.4193,118.08,74.9916],[-85.5407,118.843,74.8866],[36.0359,-2.90628,-1.22566],false,[-140.017,100.945,25.987],[-72.5963,95.8583,10.5694],[-52.0614,110.535,51.2917],[-71.1115,117.469,70.988],[-88.9304,119.265,76.2947],[[[0.0059113,-0.941652,0.336537],[-0.234035,-0.328499,-0.91505],[-0.97221,0.0733524,0.222322]],[[0.00536418,-0.94161,0.336662],[0.903473,-0.139738,-0.405229],[-0.428612,-0.306338,-0.84997]],[[0.00536418,-0.94161,0.336662],[0.738734,0.23064,0.633307],[0.673976,-0.245306,-0.696837]],[[0.00536418,-0.94161,0.336662],[0.299884,0.322686,0.897743],[0.953961,-0.0961438,-0.284105]]],2],[1563,[-0.64817,0.372351,0.664252],156,64.0407,[-92.2221,103.189,74.9121],[-91.5488,104.028,75.6214],[11.4736,2.40068,-13.5989],false,[-139.362,89.1491,29.0762],[-79.7695,75.4637,17.3238],[-59.5801,90.8551,53.7628],[-77.4276,101.108,72.0531],[-94.8957,105.022,76.9979],[[[-0.119596,-0.893133,0.433601],[-0.263888,-0.39243,-0.881114],[-0.95711,0.2198,0.188754]],[[-0.0813896,-0.901177,0.425741],[0.886965,-0.260326,-0.381475],[-0.454608,-0.34657,-0.820501]],[[-0.0813896,-0.901177,0.425741],[0.757134,0.22189,0.614421],[0.64817,-0.372351,-0.664252]],[[-0.0813896,-0.901177,0.425741],[0.329663,0.378775,0.864784],[0.940584,-0.210735,-0.266256]]],3],[1564,[-0.52306,0.617583,0.587366],156,50.2067,[-89.1776,88.3655,66.537],[-89.2234,90.3077,68.177],[1.91139,6.50634,-25.5243],false,[-139.41,79.1758,39.109],[-86.7613,58.4792,28.0763],[-67.1856,72.644,53.5992],[-77.3544,84.6504,65.0183],[-92.1982,92.2225,69.0018],[[[-0.184311,-0.78449,0.592119],[-0.362792,-0.505597,-0.782786],[-0.913461,0.359091,0.19142]],[[-0.229355,-0.76573,0.600878],[0.798232,-0.50123,-0.334058],[-0.556976,-0.403022,-0.72619]],[[-0.229355,-0.76573,0.600878],[0.820856,0.17958,0.542169],[0.52306,-0.617583,-0.587366]],[[-0.229355,-0.76573,0.600878],[0.443599,0.467262,0.764778],[0.866381,-0.441955,-0.232508]]],4]],[[0,200,0],[235.247,235.247,147.751]]],[240019,4363258211,[[153,"right",[-0.4476,0.246738,-0.85952],[0.0720638,-0.948101,-0.309694],[26.0003,161.471,76.9613],[-301.099,-23.4913,52.0147],[26.0742,161.483,76.9505],0.605075,0,0.499054,[[0.64685,0.208013,-0.7337],[-0.156502,0.977813,0.139246],[0.746386,0.0247543,0.665052]],63.72,[258.178,160.456,301.178],[56.6537,153.772,121.614]],[156,"left",[0.926803,-0.126439,-0.353624],[0.371106,0.163933,0.914006],[-94.0709,96.9627,23.8079],[3.62508,26.4181,-15.1728],[-93.8157,95.8899,24.5813],0.813626,0,0.253056,[[-0.195702,-0.907496,0.371688],[-0.793905,-0.0758861,-0.603288],[-0.575687,0.41315,0.705614]],63.3365,[-300.347,206.512,229.74],[-145.847,95.6327,40.3706]]],[[1530,[-0.350663,-0.335532,-0.87433],153,52.1164,[-4.41956,105.173,52.262],[-4.1401,105.069,52.1889],[-290.4,-22.9295,72.3401],false,[33.5537,136.971,132.802],[33.5537,136.971,132.802],[1.0721,120.856,98.4936],[-10.884,109.416,68.6828],[-2.84754,103.863,47.4151],[[[0.20687,0.976859,-0.0543319],[-0.574879,0.166302,0.80116],[0.791656,-0.134502,0.595978]],[[-0.148321,0.941728,-0.30191],[-0.744704,0.0945141,0.660668],[0.650704,0.322825,0.68729]],[[-0.148321,0.941728,-0.30191],[-0.924682,-0.0238133,0.379996],[0.350663,0.335532,0.87433]],[[-0.148321,0.941728,-0.30191],[-0.927409,-0.238456,-0.288185],[-0.343384,0.23725,0.908735]]],0],[1531,[-0.342866,0.00093406,-0.939384],153,58.8075,[-35.4745,168.458,-8.59225],[-35.7514,167.482,-8.47195],[-454.073,27.1978,145.323],false,[34.5439,159.767,126.381],[-7.661,164.667,66.3204],[-23.3195,169.671,26.6273],[-31.6067,169.693,3.92204],[-37.1102,168.13,-12.1772],[[[0.803519,0.23914,-0.545132],[-0.158921,0.968698,0.190703],[0.573674,-0.0666005,0.816372]],[[0.917208,0.216336,-0.334557],[-0.160906,0.969346,0.185681],[0.364471,-0.116476,0.923902]],[[0.917208,0.216336,-0.334557],[-0.20291,0.976318,0.075031],[0.342866,-0.00093406,0.939384]],[[0.917208,0.216336,-0.334557],[-0.234465,0.97202,-0.0142564],[0.322112,0.0915177,0.942268]]],1],[1532,[0.39771,-0.590383,0.702335],153,67.0064,[26.1443,106.652,77.6915],[26.5437,106.989,78.2737],[-232.778,-33.25,1.49274],false,[43.723,164.368,119.584],[11.7641,171.159,57.9392],[8.20926,124.883,44.9335],[19.5187,108.094,64.9054],[28.1165,106.219,81.5096],[[[0.888877,0.0592766,-0.454295],[-0.00815528,0.993485,0.113674],[0.458073,-0.0973369,0.883569]],[[0.889169,0.0592145,-0.453732],[-0.451597,0.273384,-0.849306],[0.0737519,0.960081,0.269826]],[[0.889169,0.0592145,-0.453732],[-0.226287,-0.804948,-0.5485],[-0.39771,0.590383,-0.702335]],[[0.889169,0.0592145,-0.453732],[0.0070375,-0.993244,-0.115833],[-0.457526,0.0998015,-0.883578]]],2],[1533,[0.255431,-0.582998,0.771277],153,64.4285,[40.8123,113.239,78.8044],[40.8828,113.319,78.969],[-228.137,-3.32532,8.26546],false,[54.2062,166.067,113.408],[34.1313,173.951,54.5979],[28.9881,130.867,43.9378],[36.0641,114.717,65.3038],[42.2281,112.798,82.8369],[[[0.944667,-0.0307563,-0.326587],[0.0699783,0.991572,0.109034],[0.320481,-0.125855,0.938857]],[[0.941959,-0.0297049,-0.334411],[-0.315377,0.263235,-0.911726],[0.115111,0.964274,0.238588]],[[0.941959,-0.0297049,-0.334411],[-0.217872,-0.81193,-0.541573],[-0.255431,0.582998,-0.771277]],[[0.941959,-0.0297049,-0.334411],[-0.0622294,-0.994266,-0.0869677],[-0.32991,0.10273,-0.938406]]],3],[1534,[0.12684,-0.627589,0.768143],153,50.5107,[51.6392,124.699,70.4299],[51.4499,124.703,70.5939],[-258.235,11.6404,-