{"metadata":{"formatVersion":2,"generatedBy":"LeapJS Playback 0.2.1","frames":56,"protocolVersion":6,"serviceVersion":"2.2.6+29154","frameRate":"61","modified":"Thu Jun 04 2015 15:02:10 GMT-0300 (E. South America Standard Time)"},"frames":[["id","timestamp",{"hands":[["id","type","direction","palmNormal","palmPosition","palmVelocity","stabilizedPalmPosition","pinchStrength","grabStrength","confidence","armBasis","armWidth","elbow","wrist"]]},{"pointables":[["id","direction","handId","length","stabilizedTipPosition","tipPosition","tipVelocity","tool","carpPosition","mcpPosition","pipPosition","dipPosition","btipPosition","bases","type"]]},{"interactionBox":["center","size"]}],[284117,5130180634,[[195,"right",[-0.53277,-0.131446,-0.835989],[-0.077558,-0.976122,0.202906],[3.14131,158.655,27.4403],[0.488317,-4.22839,-4.9566],[2.46566,152.214,15.3267],0.996035,0.684248,0.532634,[[0.425749,-0.10455,-0.898781],[0.185661,0.982261,-0.0263137],[0.885589,-0.155665,0.437607]],63.72,[277.779,126.622,185.975],[38.6696,168.652,67.8207]]],[[1950,[-0.209413,-0.672882,-0.70949],195,52.1164,[-6.29627,94.3549,11.9914],[-16.4055,98.1245,17.534],[0.614938,-8.63498,8.70739],false,[15.6314,163.489,87.4077],[15.6314,163.489,87.4077],[-6.50867,132.856,54.8017],[-13.6487,109.913,30.6112],[-18.7735,94.202,14.0395],[[[0.304509,0.77783,-0.549777],[-0.435593,0.627015,0.645842],[0.847073,0.0428143,0.529749]],[[0.0167378,0.723005,-0.69064],[-0.896102,0.317254,0.310404],[0.443532,0.613688,0.653197]],[[0.0167378,0.723005,-0.69064],[-0.977684,0.156505,0.140144],[0.209413,0.672882,0.70949]],[[0.0167378,0.723005,-0.69064],[-0.975588,0.163082,0.147081],[0.218971,0.671318,0.708085]]],0],[1951,[-0.379878,-0.780414,-0.496637],195,58.8075,[-66.239,132.325,-54.9105],[-62.393,125.935,-30.5832],[0.469274,-12.6706,8.24233],false,[18.2437,179.774,70.3826],[-31.1087,161.807,18.8658],[-51.6064,157.736,-18.6715],[-60.7882,138.874,-30.6754],[-62.567,121.941,-29.252],[[[0.741282,-0.192555,-0.64298],[-0.0221982,0.950408,-0.310213],[0.670826,0.244229,0.700246]],[[0.876011,-0.131038,-0.464149],[0.0705178,0.98684,-0.145511],[0.477108,0.0947386,0.873723]],[[0.876011,-0.131038,-0.464149],[-0.29715,0.611379,-0.733429],[0.379878,0.780414,0.496637]],[[0.876011,-0.131038,-0.464149],[-0.470921,-0.0246569,-0.881831],[0.104109,0.991071,-0.0833081]]],1],[1952,[0.395921,-0.245373,0.884895],195,67.0064,[-7.92924,112.102,35.9119],[-9.51055,115.415,42.5818],[-12.1344,-24.9776,-22.181],false,[26.8402,178.903,61.61],[-12.4408,160.092,7.10575],[-29.46,114.999,6.61999],[-18.2015,108.021,31.7832],[-7.80585,116.7,44.8117],[[[0.817948,-0.316969,-0.480095],[0.118177,0.909303,-0.399001],[0.563023,0.269626,0.781221]],[[0.833048,-0.309473,-0.458538],[-0.425859,0.170302,-0.888618],[0.353093,0.935534,0.010078]],[[0.833048,-0.309473,-0.458538],[-0.386364,-0.918705,-0.0818808],[-0.395921,0.245373,-0.884895]],[[0.833048,-0.309473,-0.458538],[-0.00278052,-0.831214,0.555945],[-0.553193,-0.461854,-0.693302]]],2],[1953,[0.178261,-0.46579,0.866754],195,64.4285,[6.9451,109.466,25.5699],[1.35785,110.488,27.6035],[7.14674,-6.72259,0.965349],false,[36.4839,175.626,54.7408],[9.41302,157.16,1.35579],[-10.8774,118.729,-9.01891],[-5.93917,105.826,14.9919],[2.92501,111.212,30.5324],[[[0.880635,-0.341476,-0.328445],[0.194202,0.892465,-0.407175],[0.432166,0.294788,0.852251]],[[0.859741,-0.354723,-0.367446],[-0.233689,0.366502,-0.900592],[0.454131,0.860144,0.232202]],[[0.859741,-0.354723,-0.367446],[-0.478611,-0.810685,-0.337226],[-0.178261,0.46579,-0.866754]],[[0.859741,-0.354723,-0.367446],[-0.189116,-0.889419,0.416135],[-0.474426,-0.288278,-0.831754]]],3],[1954,[-0.2163,-0.341093,0.914806],195,50.5107,[19.3853,114.394,17.9304],[15.4087,117.912,19.8422],[5.05138,-6.84752,-2.63231],false,[47.1649,166.582,52.1543],[29.7046,150.674,-0.801737],[18.1734,118.78,-10.8062],[13.9428,112.108,7.08635],[15.2297,119.073,22.8008],[[[0.88046,-0.447798,-0.155776],[0.366221,0.851003,-0.376399],[0.301117,0.274356,0.913267]],[[0.928295,-0.362123,0.0844687],[0.178648,0.235102,-0.955412],[0.326118,0.901994,0.282937]],[[0.928295,-0.362123,0.0844687],[-0.30246,-0.86748,-0.394963],[0.2163,0.341093,-0.914806]],[[0.928295,-0.362123,0.0844687],[-0.364271,-0.840003,0.402122],[-0.0746634,-0.404057,-0.911682]]],4]],[[0,200,0],[235.247,235.247,147.751]]],[284118,5130190962,[[195,"right",[-0.53264,-0.132508,-0.835904],[-0.0761933,-0.976149,0.20329],[3.11284,158.559,27.432],[-0.511636,-5.78284,-3.67697],[2.46676,152.225,15.3474],0.995329,0.688439,0.542139,[[0.42619,-0.10215,-0.898848],[0.186308,0.982215,-0.023286],[0.885241,-0.157539,0.437641]],63.72,[277.645,126.085,185.969],[38.6298,168.621,67.8062]]],[[1950,[-0.2088,-0.673227,-0.709344],195,52.1164,[-6.31572,94.3606,12.0014],[-16.4334,98.0074,17.5565],[0.0586153,-8.84506,6.24791],false,[15.6,163.434,87.3968],[15.6,163.434,87.3968],[-6.5004,132.769,54.7936],[-13.6196,109.815,30.6081],[-18.7981,94.1065,14.0502],[[[0.303397,0.778037,-0.550098],[-0.436419,0.626662,0.645626],[0.847047,0.0441928,0.529678]],[[0.0160484,0.722875,-0.690793],[-0.896507,0.316322,0.310185],[0.442738,0.614323,0.653139]],[[0.0160484,0.722875,-0.690793],[-0.977827,0.155621,0.140132],[0.2088,0.673227,0.709344]],[[0.0160484,0.722875,-0.690793],[-0.97508,0.164208,0.149181],[0.221273,0.671184,0.707496]]],0],[1951,[-0.379647,-0.780511,-0.496659],195,58.8075,[-66.2314,132.313,-54.8629],[-62.384,125.823,-30.5144],[-0.122479,-10.08,6.25754],false,[18.1887,179.716,70.3652],[-31.1421,161.66,18.8584],[-51.6551,157.695,-18.6817],[-60.8313,138.83,-30.6862],[-62.5736,121.896,-29.2246],[[[0.741508,-0.191778,-0.642952],[-0.023534,0.950256,-0.31058],[0.670532,0.245429,0.700109]],[[0.875786,-0.130225,-0.464801],[0.0708939,0.98718,-0.143003],[0.477464,0.0922883,0.873791]],[[0.875786,-0.130225,-0.464801],[-0.298105,0.611428,-0.733001],[0.379647,0.780511,0.496659]],[[0.875786,-0.130225,-0.464801],[-0.471805,-0.0275198,-0.881273],[0.101973,0.991102,-0.0855423]]],1],[1952,[0.394557,-0.248893,0.884521],195,67.0064,[-7.93879,112.112,35.935],[-9.61019,115.179,42.4356],[-11.4699,-24.4732,-19.9171],false,[26.7858,178.853,61.5923],[-12.4725,159.966,7.09789],[-29.5169,114.885,6.45347],[-18.2971,107.807,31.6061],[-7.91111,116.451,44.6657],[[[0.818356,-0.316023,-0.480024],[0.116893,0.909311,-0.399362],[0.562698,0.270709,0.781081]],[[0.833384,-0.308529,-0.458563],[-0.424767,0.173297,-0.888561],[0.353615,0.935296,0.0133696]],[[0.833384,-0.308529,-0.458563],[-0.387034,-0.918075,-0.0856912],[-0.394557,0.248893,-0.884521]],[[0.833384,-0.308529,-0.458563],[-0.00348754,-0.832607,0.553854],[-0.552683,-0.459974,-0.694957]]],2],[1953,[0.178833,-0.465434,0.866828],195,64.4285,[6.90911,109.469,25.5782],[1.38638,110.377,27.6032],[5.94467,-7.89834,0.890556],false,[36.4336,175.587,54.7238],[9.38495,157.063,1.34767],[-10.8538,118.601,-9.01362],[-5.89975,105.708,14.9992],[2.95677,111.106,30.5399],[[[0.881086,-0.340384,-0.328369],[0.19294,0.892575,-0.407534],[0.431812,0.295717,0.852109]],[[0.860205,-0.353677,-0.367369],[-0.234226,0.365892,-0.9007],[0.452975,0.860834,0.231902]],[[0.860205,-0.353677,-0.367369],[-0.477563,-0.811347,-0.337119],[-0.178833,0.465434,-0.866828]],[[0.860205,-0.353677,-0.367369],[-0.188032,-0.889626,0.416185],[-0.474016,-0.288927,-0.831763]]],3],[1954,[-0.218162,-0.343363,0.913514],195,50.5107,[19.3591,114.411,17.9374],[15.3984,117.767,19.773],[3.36917,-9.36411,-3.89945],false,[47.127,166.557,52.1401],[29.6854,150.604,-0.808641],[18.2547,118.69,-10.8635],[13.9877,111.974,7.00375],[15.2109,118.912,22.735],[[[0.88107,-0.446639,-0.155659],[0.365019,0.851363,-0.376753],[0.300795,0.275127,0.913142]],[[0.928937,-0.359982,0.0865392],[0.180473,0.236179,-0.954803],[0.323273,0.90257,0.284363]],[[0.928937,-0.359982,0.0865392],[-0.299134,-0.867476,-0.397497],[0.218162,0.343363,-0.913514]],[[0.928937,-0.359982,0.0865392],[-0.363374,-0.84166,0.39946],[-0.0709619,-0.402519,-0.912657]]],4]],[[0,200,0],[235.247,235.247,147.751]]],[284119,5130209328,[[195,"right",[-0.533389,-0.13625,-0.834824],[-0.0733089,-0.975782,0.206094],[3.06356,158.547,27.2409],[-1.55533,-3.33174,-6.90941],[2.4679,152.237,15.37],0.995486,0.695586,0.555057,[[0.427978,-0.10086,-0.898144],[0.186475,0.982226,-0.0214443],[0.884343,-0.158303,0.439179]],63.72,[277.379,126.073,186.118],[38.6069,168.815,67.5398]]],[[1950,[-0.208552,-0.67545,-0.7073],195,52.1164,[-6.35428,94.3719,12.0214],[-16.4839,97.9281,17.5781],[-0.712822,-5.84197,3.35443],false,[15.617,163.621,87.1753],[15.617,163.621,87.1753],[-6.45188,132.822,54.677],[-13.5626,109.792,30.5612],[-18.852,94.0512,14.0696],[[[0.300583,0.777318,-0.552655],[-0.437242,0.62728,0.644468],[0.847626,0.0479275,0.528425]],[[0.0136031,0.721129,-0.692667],[-0.89686,0.315089,0.310423],[0.442106,0.617002,0.651038]],[[0.0136031,0.721129,-0.692667],[-0.977917,0.154078,0.141204],[0.208552,0.67545,0.7073]],[[0.0136031,0.721129,-0.692667],[-0.97403,0.166136,0.153834],[0.226011,0.672586,0.704661]]],0],[1951,[-0.379491,-0.781981,-0.494461],195,58.8075,[-66.2154,132.287,-54.7614],[-62.4282,125.64,-30.4294],[-2.11565,-7.26083,3.47831],false,[18.1395,179.863,70.0952],[-31.2109,161.532,18.7044],[-51.7922,157.652,-18.8071],[-60.9646,138.751,-30.7585],[-62.6356,121.819,-29.1917],[[[0.741167,-0.191576,-0.643405],[-0.0264906,0.949324,-0.31318],[0.670798,0.249163,0.698533]],[[0.874914,-0.129528,-0.466636],[0.0709457,0.987453,-0.141076],[0.479054,0.0903236,0.873126]],[[0.874914,-0.129528,-0.466636],[-0.300854,0.609695,-0.733321],[0.379491,0.781981,0.494461]],[[0.874914,-0.129528,-0.466636],[-0.474301,-0.0345934,-0.879683],[0.0978008,0.990972,-0.0917013]]],1],[1952,[0.394266,-0.250719,0.884135],195,67.0064,[-7.95388,112.125,35.9689],[-9.69067,115.01,42.1849],[-7.97699,-17.1243,-16.8418],false,[26.7273,178.999,61.3134],[-12.5524,159.856,6.92378],[-29.5828,114.77,6.21259],[-18.3713,107.64,31.3542],[-7.98918,116.282,44.4185],[[[0.818564,-0.315162,-0.480236],[0.113927,0.908509,-0.402034],[0.563005,0.274378,0.779578]],[[0.833524,-0.307609,-0.458927],[-0.424734,0.174448,-0.888352],[0.353324,0.935385,0.0147548]],[[0.833524,-0.307609,-0.458927],[-0.387029,-0.917887,-0.0877004],[-0.394266,0.250719,-0.884135]],[[0.833524,-0.307609,-0.458927],[-0.00281367,-0.833016,0.553242],[-0.552476,-0.45985,-0.695204]]],2],[1953,[0.180258,-0.464263,0.86716],195,64.4285,[6.84922,109.472,25.5912],[1.41621,110.301,27.4857],[4.01351,-6.12281,-2.26214],false,[36.3747,175.739,54.4411],[9.30512,156.995,1.15253],[-10.8572,118.469,-9.11952],[-5.86367,105.608,14.9026],[2.99194,111.035,30.4336],[[[0.881559,-0.338935,-0.328597],[0.190008,0.891954,-0.410261],[0.432146,0.299233,0.850711]],[[0.860639,-0.352406,-0.367574],[-0.235927,0.363738,-0.901129],[0.451264,0.862267,0.229905]],[[0.860639,-0.352406,-0.367574],[-0.476244,-0.81257,-0.336039],[-0.180258,0.464263,-0.86716]],[[0.860639,-0.352406,-0.367574],[-0.18616,-0.889621,0.417036],[-0.473968,-0.29049,-0.831246]]],3],[1954,[-0.217967,-0.342508,0.913881],195,50.5107,[19.324,114.434,17.9458],[15.4151,117.721,19.6273],[2.44802,-6.06718,-5.44923],false,[47.0888,166.731,51.8681],[29.6199,150.584,-1.0129],[18.3117,118.603,-10.9936],[14.0485,111.904,6.88085],[15.2274,118.873,22.6018],[[[0.882056,-0.44471,-0.155594],[0.362238,0.851288,-0.379595],[0.301265,0.278462,0.911975]],[[0.930142,-0.356436,0.0882592],[0.180436,0.23432,-0.955268],[0.319811,0.90446,0.282265]],[[0.930142,-0.356436,0.0882592],[-0.29551,-0.869276,-0.396273],[0.217967,0.342508,-0.913881]],[[0.930142,-0.356436,0.0882592],[-0.360775,-0.842307,0.400449],[-0.0683931,-0.404316,-0.912058]]],4]],[[0,200,0],[235.247,235.247,147.751]]],[284120,5130216730,[[195,"right",[-0.533722,-0.137636,-0.834385],[-0.0721953,-0.975648,0.207118],[3.05583,158.54,27.1711],[-1.43661,-2.77925,-7.49508],[2.46826,152.241,15.3773],0.996007,0.698573,0.559213,[[0.428548,-0.100096,-0.897958],[0.186736,0.982199,-0.0203668],[0.884012,-0.158953,0.439611]],63.72,[277.295,125.968,186.134],[38.6114,168.885,67.4395]]],[[1950,[-0.208687,-0.676251,-0.706494],195,52.1164,[-6.37053,94.3766,12.0298],[-16.5155,97.8955,17.5924],[-1.3245,-5.12123,2.78442],false,[15.638,163.687,87.0932],[15.638,163.687,87.0932],[-6.40789,132.833,54.6316],[-13.5232,109.776,30.5433],[-18.896,94.0298,14.0836],[[[0.299476,0.777067,-0.553607],[-0.437518,0.627482,0.644084],[0.847875,0.0493257,0.527897]],[[0.0125896,0.720482,-0.693359],[-0.897102,0.314406,0.310415],[0.441645,0.618106,0.650304]],[[0.0125896,0.720482,-0.693359],[-0.977901,0.15359,0.141842],[0.208687,0.676252,0.706494]],[[0.0125896,0.720482,-0.693359],[-0.97321,0.16803,0.156932],[0.229571,0.672809,0.703296]]],0],[1951,[-0.379472,-0.782462,-0.493715],195,58.8075,[-66.2086,132.275,-54.718],[-62.4358,125.582,-30.3905],[-2.25489,-6.10721,2.86071],false,[18.1342,179.914,69.9954],[-31.2264,161.482,18.651],[-51.8345,157.646,-18.8505],[-61.0065,138.733,-30.7838],[-62.6492,121.803,-29.1763],[[[0.740999,-0.191467,-0.643632],[-0.0276377,0.948981,-0.314121],[0.670938,0.250551,0.697902]],[[0.874562,-0.129235,-0.467375],[0.0710771,0.987586,-0.140078],[0.479676,0.0892875,0.872891]],[[0.874562,-0.129235,-0.467375],[-0.301898,0.60914,-0.733353],[0.379472,0.782462,0.493715]],[[0.874562,-0.129235,-0.467375],[-0.475286,-0.0373436,-0.879039],[0.0961489,0.990911,-0.0940828]]],1],[1952,[0.394258,-0.251335,0.883964],195,67.0064,[-7.95955,112.13,35.9814],[-9.70804,114.943,42.0927],[-6.55182,-15.1437,-15.7055],false,[26.7179,179.05,61.2095],[-12.573,159.812,6.86149],[-29.5956,114.724,6.1286],[-18.3843,107.577,31.2653],[-8.00293,116.218,44.3302],[[[0.818614,-0.31481,-0.480381],[0.112772,0.908219,-0.403014],[0.563164,0.275739,0.778983]],[[0.833552,-0.307234,-0.459128],[-0.424815,0.174821,-0.88824],[0.353163,0.935438,0.015205]],[[0.833552,-0.307234,-0.459128],[-0.386979,-0.917844,-0.0883712],[-0.394258,0.251335,-0.883964]],[[0.833552,-0.307234,-0.459128],[-0.00247009,-0.833154,0.553036],[-0.552436,-0.45985,-0.695236]]],2],[1953,[0.18045,-0.464612,0.866933],195,64.4285,[6.82657,109.473,25.5958],[1.42103,110.25,27.4184],[3.22198,-6.41246,-3.76955],false,[36.3648,175.793,54.3351],[9.28423,156.968,1.08075],[-10.8567,118.428,-9.18014],[-5.85791,105.557,14.8356],[2.99601,110.98,30.3693],[[[0.881719,-0.338365,-0.328755],[0.188865,0.891734,-0.411267],[0.43232,0.300532,0.850164]],[[0.860757,-0.351918,-0.367766],[-0.236409,0.363461,-0.901114],[0.450787,0.862583,0.229655]],[[0.860757,-0.351918,-0.367766],[-0.475958,-0.812582,-0.336415],[-0.18045,0.464612,-0.866933]],[[0.860757,-0.351918,-0.367766],[-0.185846,-0.889901,0.416579],[-0.473877,-0.290225,-0.83139]]],3],[1954,[-0.21777,-0.342109,0.914077],195,50.5107,[19.3116,114.442,17.9486],[15.4333,117.704,19.5754],[2.56468,-5.17016,-5.60917],false,[47.0866,166.793,51.7651],[29.6043,150.576,-1.08973],[18.3409,118.569,-11.0394],[14.0816,111.878,6.8389],[15.2458,118.86,22.5553],[[[0.882422,-0.443966,-0.155645],[0.361153,0.851275,-0.380657],[0.301496,0.279689,0.911523]],[[0.930602,-0.355097,0.0888062],[0.180305,0.233571,-0.955476],[0.318544,0.90518,0.281387]],[[0.930602,-0.355097,0.0888062],[-0.294204,-0.869982,-0.395697],[0.21777,0.342109,-0.914077]],[[0.930602,-0.355097,0.0888062],[-0.359747,-0.84252,0.400926],[-0.0675464,-0.40505,-0.911796]]],4]],[[0,200,0],[235.247,235.247,147.751]]],[284121,5130226490,[[195,"right",[-0.5336,-0.138699,-0.834286],[-0.0706627,-0.9757,0.207404],[3.01263,158.512,27.1392],[-2.3156,-2.80121,-6.25101],[2.46863,152.245,15.3852],0.994841,0.703728,0.56189,[[0.42897,-0.0987395,-0.897906],[0.186136,0.982338,-0.0190988],[0.883934,-0.15894,0.439772]],63.72,[277.219,126.01,186.139],[38.5566,168.923,67.4008]]],[[1950,[-0.209597,-0.676196,-0.706278],195,52.1164,[-6.39557,94.3838,12.0425],[-16.6961,97.8641,17.6049],[-6.42772,-3.40726,1.65259],false,[15.5934,163.696,87.0585],[15.5934,163.696,87.0585],[-6.38872,132.81,54.584],[-13.5351,109.755,30.503],[-19.1293,94.0451,14.0821],[[[0.298212,0.777372,-0.553862],[-0.438418,0.626988,0.643953],[0.847856,0.0507879,0.527789]],[[0.0119735,0.720493,-0.693359],[-0.897738,0.313122,0.309873],[0.440367,0.618744,0.650563]],[[0.0119735,0.720493,-0.693359],[-0.977714,0.153783,0.142917],[0.209597,0.676196,0.706278]],[[0.0119735,0.720493,-0.693359],[-0.970938,0.174136,0.164184],[0.239032,0.671243,0.701639]]],0],[1951,[-0.379161,-0.782604,-0.493729],195,58.8075,[-66.1995,132.26,-54.6591],[-62.438,125.561,-30.3363],[-2.30866,-3.06864,2.11391],false,[18.0626,179.922,69.9558],[-31.2751,161.398,18.6221],[-51.9003,157.69,-18.8828],[-61.0647,138.774,-30.8164],[-62.6627,121.844,-29.1625],[[[0.741223,-0.190503,-0.643659],[-0.0291407,0.948847,-0.314388],[0.670626,0.251788,0.697756]],[[0.874304,-0.128256,-0.468127],[0.0715595,0.987978,-0.137035],[0.480075,0.086311,0.872971]],[[0.874304,-0.128256,-0.468127],[-0.303034,0.609165,-0.732863],[0.379161,0.782604,0.493729]],[[0.874304,-0.128256,-0.468127],[-0.476283,-0.0408541,-0.878343],[0.093528,0.990899,-0.0968051]]],1],[1952,[0.393572,-0.253407,0.883678],195,67.0064,[-7.9666,112.136,35.9961],[-9.78175,114.801,41.9576],[-6.5458,-14.6732,-14.9031],false,[26.6467,179.069,61.1692],[-12.6204,159.755,6.831],[-29.6315,114.663,5.99494],[-18.4397,107.458,31.1236],[-8.06917,116.082,44.2081],[[[0.819047,-0.31368,-0.480382],[0.111322,0.908278,-0.403284],[0.562823,0.276832,0.778842]],[[0.833934,-0.306097,-0.459194],[-0.424263,0.176526,-0.888167],[0.352925,0.935491,0.0173456]],[[0.833934,-0.306097,-0.459194],[-0.386854,-0.917654,-0.0908535],[-0.393572,0.253407,-0.883678]],[[0.833934,-0.306097,-0.459194],[-0.00237875,-0.834064,0.551663],[-0.551859,-0.458958,-0.696282]]],2],[1953,[0.180146,-0.466102,0.866196],195,64.4285,[6.79954,109.474,25.6009],[1.39646,110.152,27.3306],[1.64736,-7.48327,-5.04489],false,[36.2978,175.825,54.2946],[9.24058,156.942,1.04866],[-10.8581,118.391,-9.25201],[-5.8677,105.479,14.7434],[2.97189,110.876,30.2941],[[[0.882206,-0.337094,-0.328756],[0.18744,0.891908,-0.411542],[0.431948,0.301443,0.850031]],[[0.86122,-0.350714,-0.367831],[-0.236524,0.364015,-0.90086],[0.44984,0.86284,0.230545]],[[0.86122,-0.350714,-0.367831],[-0.475234,-0.812249,-0.338237],[-0.180146,0.466102,-0.866196]],[[0.86122,-0.350714,-0.367831],[-0.185652,-0.890822,0.414691],[-0.47311,-0.288852,-0.832305]]],3],[1954,[-0.219483,-0.343843,0.913017],195,50.5107,[19.298,114.451,17.9515],[15.4175,117.64,19.4838],[1.62159,-5.60775,-6.60159],false,[47.0333,166.841,51.7261],[29.5703,150.581,-1.12224],[18.417,118.549,-11.1147],[14.1242,111.824,6.74277],[15.225,118.791,22.4702],[[[0.883091,-0.442644,-0.155617],[0.359793,0.851724,-0.380939],[0.301163,0.280414,0.91141]],[[0.931302,-0.352683,0.0910577],[0.182157,0.234463,-0.954906],[0.31543,0.905893,0.2826]],[[0.931302,-0.352683,0.0910577],[-0.290696,-0.87028,-0.397629],[0.219483,0.343843,-0.913017]],[[0.931302,-0.352683,0.0910577],[-0.358606,-0.843933,0.398971],[-0.0638637,-0.404216,-0.912431]]],4]],[[0,200,0],[235.247,235.247,147.751]]],[284122,5130246560,[[195,"right",[-0.536261,-0.150672,-0.830495],[-0.0658217,-0.973476,0.219114],[2.86456,158.69,26.5384],[-4.90351,3.17896,-18.3593],[2.46892,152.25,15.3935],0.994411,0.710593,0.567859,[[0.434327,-0.0960586,-0.895618],[0.193899,0.980958,-0.0111808],[0.879638,-0.168804,0.444683]],63.72,[276.024,124.143,186.599],[38.5214,169.72,66.5348]]],[[1950,[-0.212442,-0.6846,-0.697274],195,52.1164,[-6.44761,94.3987,12.0694],[-16.9506,97.8938,17.842],[-9.8017,0.317274,6.55834],false,[15.6566,164.63,86.3427],[15.6566,164.63,86.3427],[-6.34027,133.296,54.3099],[-13.5836,109.954,30.536],[-19.4543,94.0866,14.3655],[[[0.292841,0.772023,-0.564114],[-0.438499,0.632713,0.638273],[0.849684,0.0604512,0.523816]],[[0.00680093,0.712509,-0.70163],[-0.897647,0.313547,0.309708],[0.440663,0.62771,0.641714]],[[0.00680093,0.712509,-0.70163],[-0.97715,0.153798,0.146711],[0.212442,0.6846,0.697274]],[[0.00680093,0.712509,-0.70163],[-0.968003,0.180701,0.17412],[0.250848,0.677996,0.69094]]],0],[1951,[-0.379305,-0.788511,-0.484126],195,58.8075,[-66.1758,132.215,-54.4952],[-62.685,125.01,-30.2175],[-8.18176,-12.8603,1.93541],false,[17.9922,180.664,69.0412],[-31.4676,161.336,18.123],[-52.2467,157.373,-19.2708],[-61.4146,138.315,-30.9723],[-62.9178,121.402,-29.0699],[[[0.739496,-0.195021,-0.644292],[-0.034285,0.944961,-0.325382],[0.672287,0.262708,0.692109]],[[0.872442,-0.130516,-0.470968],[0.0701574,0.987146,-0.143599],[0.483656,0.0922395,0.870384]],[[0.872442,-0.130516,-0.470968],[-0.308177,0.601012,-0.737436],[0.379305,0.788511,0.484126]],[[0.872442,-0.130516,-0.470968],[-0.480734,-0.0557037,-0.875096],[0.0879796,0.98988,-0.111342]]],1],[1952,[0.396864,-0.244384,0.884746],195,67.0064,[-7.97392,112.142,36.011],[-9.7962,114.999,41.7973],[-3.24735,-2.03181,-10.783],false,[26.5455,179.742,60.2316],[-12.8523,159.63,6.27869],[-29.7396,114.487,5.91884],[-18.4542,107.537,31.0778],[-8.06729,116.321,44.0434],[[[0.818463,-0.315951,-0.479889],[0.105998,0.903925,-0.414349],[0.564697,0.288262,0.773319]],[[0.833358,-0.308082,-0.458911],[-0.42751,0.167004,-0.888451],[0.350356,0.936587,0.00746576]],[[0.833358,-0.308082,-0.458911],[-0.384725,-0.919436,-0.0813926],[-0.396864,0.244384,-0.884746]],[[0.833358,-0.308082,-0.458911],[0.00193225,-0.828629,0.559795],[-0.55273,-0.467396,-0.689949]]],2],[1953,[0.183127,-0.458959,0.86938],195,64.4285,[6.76964,109.475,25.6059],[1.35097,110.209,27.1872],[-0.455194,-2.7212,-5.77959],false,[36.1832,176.457,53.3576],[8.99747,156.84,0.443749],[-11.0044,118.126,-9.42552],[-5.93139,105.411,14.658],[2.92665,110.944,30.1507],[[[0.882307,-0.337324,-0.328248],[0.182149,0.88777,-0.422713],[0.434,0.313172,0.844729]],[[0.861295,-0.351444,-0.366957],[-0.240332,0.354528,-0.903632],[0.447673,0.866485,0.22089]],[[0.861295,-0.351444,-0.366957],[-0.473957,-0.815992,-0.33094],[-0.183127,0.458959,-0.86938]],[[0.861295,-0.351444,-0.366957],[-0.182762,-0.888153,0.421642],[-0.474098,-0.296092,-0.829193]]],3],[1954,[-0.216857,-0.335587,0.916709],195,50.5107,[19.2853,114.459,17.9534],[15.3715,117.726,19.246],[-0.129274,-0.727918,-8.8878],false,[46.9457,167.487,50.8524],[29.3447,150.536,-1.73236],[18.3472,118.337,-11.3523],[14.1057,111.774,6.57742],[15.1835,118.909,22.2309],[[[0.884302,-0.440828,-0.153887],[0.354785,0.848653,-0.39232],[0.303542,0.292332,0.906865]],[[0.933243,-0.346777,0.0938209],[0.179781,0.224721,-0.957695],[0.311023,0.91063,0.272063]],[[0.933243,-0.346777,0.0938209],[-0.286408,-0.875858,-0.388385],[0.216857,0.335587,-0.916709]],[[0.933243,-0.346777,0.0938209],[-0.353762,-0.841653,0.40801],[-0.0625239,-0.413963,-0.908144]]],4]],[[0,200,0],[235.247,235.247,147.751]]],[284123,5130262936,[[195,"right",[-0.536648,-0.152997,-0.82982],[-0.064203,-0.97317,0.220948],[2.72537,158.722,26.4465],[-6.4943,2.63216,-12.7203],[2.46904,152.253,15.3987],0.994246,0.715448,0.568415,[[0.436176,-0.0922707,-0.895118],[0.197219,0.980347,-0.00495503],[0.877984,-0.174373,0.445801]],63.72,[275.451,122.797,186.762],[38.3952,169.878,66.3962]]],[[1950,[-0.213276,-0.685575,-0.696061],195,52.1164,[-6.49752,94.413,12.0948],[-17.1564,97.9172,17.8764],[-10.6554,1.71328,3.96803],false,[15.5526,164.79,86.2303],[15.5526,164.79,86.2303],[-6.41749,133.39,54.2445],[-13.6893,110.015,30.5119],[-19.6723,94.1423,14.3876],[[[0.291269,0.771424,-0.565746],[-0.438974,0.633227,0.637436],[0.849979,0.0626827,0.523074]],[[0.00605016,0.711512,-0.702647],[-0.897915,0.313132,0.309351],[0.440128,0.629046,0.640772]],[[0.00605016,0.711512,-0.702647],[-0.976973,0.154069,0.147601],[0.213276,0.685575,0.696061]],[[0.00605016,0.711512,-0.702647],[-0.966752,0.183796,0.177791],[0.255644,0.67821,0.688968]]],0],[1951,[-0.379635,-0.788654,-0.483634],195,58.8075,[-66.1543,132.172,-54.3387],[-62.8261,125.015,-30.1635],[-8.95281,-5.03524,0.814097],false,[17.8515,180.796,68.8977],[-31.617,161.301,18.0517],[-52.4292,157.454,-19.3356],[-61.6052,138.391,-31.0252],[-63.072,121.482,-29.0669],[[[0.739312,-0.195097,-0.644481],[-0.0359392,0.94431,-0.327089],[0.672404,0.264983,0.691128]],[[0.871935,-0.130295,-0.471968],[0.0711163,0.987422,-0.141211],[0.48443,0.0895625,0.870233]],[[0.871935,-0.130295,-0.471968],[-0.309204,0.600873,-0.737119],[0.379635,0.788654,0.483634]],[[0.871935,-0.130295,-0.471968],[-0.482037,-0.0594229,-0.874133],[0.0858493,0.989693,-0.11462]]],1],[1952,[0.397232,-0.243809,0.88474],195,67.0064,[-7.97849,112.146,36.0198],[-9.91839,114.98,41.7258],[-4.85593,-1.42945,-7.65712],false,[26.3997,179.871,60.0835],[-13.0078,159.602,6.19674],[-29.8606,114.445,5.86633],[-18.5647,107.512,31.0251],[-8.18067,116.314,43.98],[[[0.81858,-0.315607,-0.479915],[0.104339,0.90332,-0.416084],[0.564836,0.290525,0.77237]],[[0.833456,-0.30769,-0.458997],[-0.427906,0.166197,-0.888411],[0.349639,0.936859,0.00685488]],[[0.833456,-0.30769,-0.458997],[-0.384133,-0.91972,-0.0809792],[-0.397232,0.243809,-0.88474]],[[0.833456,-0.30769,-0.458997],[0.0028813,-0.828203,0.560421],[-0.552579,-0.468409,-0.689384]]],2],[1953,[0.183505,-0.45863,0.869474],195,64.4285,[6.75087,109.475,25.6089],[1.24036,110.185,27.1325],[-3.15035,-2.1825,-4.45583],false,[36.0372,176.588,53.2083],[8.84178,156.833,0.350739],[-11.1181,118.086,-9.47384],[-6.03465,105.381,14.6123],[2.81824,110.921,30.1051],[[[0.882568,-0.336606,-0.328282],[0.180509,0.887264,-0.424475],[0.434154,0.31537,0.843832]],[[0.861587,-0.350805,-0.366883],[-0.241031,0.353353,-0.903906],[0.446734,0.867224,0.21989]],[[0.861587,-0.350805,-0.366883],[-0.473279,-0.816453,-0.330775],[-0.183505,0.45863,-0.869474]],[[0.861587,-0.350805,-0.366883],[-0.182099,-0.888263,0.421697],[-0.473822,-0.29652,-0.829198]]],3],[1954,[-0.217294,-0.335392,0.916676],195,50.5107,[19.2789,114.463,17.9543],[15.2635,117.725,19.1709],[-2.79111,-0.465854,-6.84883],false,[46.8112,167.63,50.7116],[29.1968,150.556,-1.82889],[18.2836,118.319,-11.4181],[14.0336,111.759,6.51102],[15.0743,118.91,22.1598],[[[0.884847,-0.439787,-0.153733],[0.353225,0.848461,-0.394138],[0.303774,0.294449,0.906102]],[[0.933926,-0.344521,0.0953302],[0.180344,0.223852,-0.957792],[0.30864,0.911699,0.271193]],[[0.933926,-0.344521,0.0953302],[-0.283841,-0.876822,-0.388094],[0.217294,0.335392,-0.916676]],[[0.933926,-0.344521,0.0953302],[-0.352331,-0.842125,0.408274],[-0.0603791,-0.414886,-0.907868]]],4]],[[0,200,0],[235.247,235.247,147.751]]],[284124,5130290155,[[195,"right",[-0.538179,-0.149604,-0.829447],[-0.0699227,-0.972803,0.220829],[2.35607,158.14,26.2567],[-10.8885,-12.2935,-9.15114],[2.46882,152.265,15.4199],0.996816,0.723,0.550601,[[0.436743,-0.0951559,-0.89454],[0.203104,0.979144,-0.00499373],[0.876359,-0.179504,0.446961]],63.72,[274.739,120.607,186.861],[38.1223,169.073,66.1817]]],[[1950,[-0.21787,-0.682948,-0.697219],195,52.1164,[-6.62556,94.4442,12.1526],[-17.9783,97.5325,17.6119],[-20.9484,-6.74354,-6.17272],false,[15.2641,164.12,86.032],[15.2641,164.12,86.032],[-6.83917,132.907,53.9542],[-14.2676,109.622,30.1821],[-20.4619,93.8391,14.0494],[[[0.295508,0.769748,-0.56583],[-0.434664,0.635758,0.63787],[0.85073,0.0574501,0.522454]],[[0.0122974,0.712402,-0.701663],[-0.896538,0.318596,0.307759],[0.442796,0.625283,0.642614]],[[0.0122974,0.712402,-0.701663],[-0.9759,0.161445,0.146813],[0.21787,0.682948,0.697219]],[[0.0122974,0.712402,-0.701663],[-0.96426,0.194189,0.180261],[0.264674,0.674369,0.689329]]],0],[1951,[-0.385933,-0.78496,-0.484659],195,58.8075,[-66.1175,132.084,-54.014],[-63.4395,125.071,-30.2553],[-17.7155,1.28832,-3.3308],false,[17.6469,180.114,68.7004],[-31.9762,160.928,17.8878],[-52.8458,157.495,-19.5079],[-62.1739,138.522,-31.2223],[-63.7172,121.625,-29.2151],[[[0.73764,-0.199451,-0.645063],[-0.0304709,0.944567,-0.326901],[0.674506,0.260791,0.690674]],[[0.870394,-0.135718,-0.473282],[0.0803082,0.987519,-0.135488],[0.485763,0.0799195,0.870429]],[[0.870394,-0.135718,-0.473282],[-0.30573,0.604499,-0.735602],[0.385933,0.78496,0.484659]],[[0.870394,-0.135718,-0.473282],[-0.484001,-0.0595079,-0.873042],[0.0903232,0.988959,-0.117483]]],1],[1952,[0.39565,-0.248231,0.884218],195,67.0064,[-7.99685,112.155,36.0463],[-10.6113,114.402,41.4567],[-17.4793,-13.3195,-8.75292],false,[26.1828,179.139,59.8797],[-13.3865,159.118,6.01872],[-30.5496,114.079,5.61792],[-19.2988,107.02,30.7619],[-8.85136,115.734,43.7256],[[[0.816301,-0.320467,-0.480576],[0.109491,0.902746,-0.416007],[0.567155,0.286968,0.772]],[[0.831213,-0.312659,-0.459707],[-0.426959,0.170603,-0.888032],[0.356078,0.934419,0.00831535]],[[0.831213,-0.312659,-0.459707],[-0.390572,-0.916856,-0.0826295],[-0.39565,0.248231,-0.884218]],[[0.831213,-0.312659,-0.459707],[-0.00252062,-0.828989,0.559259],[-0.555949,-0.463705,-0.689854]]],2],[1953,[0.180205,-0.46178,0.868496],195,64.4285,[6.6953,109.471,25.6144],[0.52143,109.548,26.8644],[-17.6014,-15.2109,-7.65069],false,[35.7952,175.799,52.9968],[8.4416,156.218,0.156029],[-11.7728,117.616,-9.71836],[-6.78081,104.824,14.3407],[2.10747,110.269,29.8469],[[[0.880273,-0.341879,-0.328995],[0.185556,0.886231,-0.424457],[0.436679,0.312591,0.843563]],[[0.859212,-0.355923,-0.367523],[-0.238872,0.356169,-0.903374],[0.452431,0.863981,0.221004]],[[0.859212,-0.355923,-0.367523],[-0.478832,-0.812452,-0.332628],[-0.180205,0.46178,-0.868496]],[[0.859212,-0.355923,-0.367523],[-0.188277,-0.887911,0.419721],[-0.475716,-0.291433,-0.829916]]],3],[1954,[-0.224603,-0.3426,0.912238],195,50.5107,[19.2542,114.472,17.9549],[14.5547,116.878,18.7334],[-17.2089,-20.4976,-13.4208],false,[46.5129,166.776,50.4906],[28.7567,149.819,-2.03978],[17.7809,117.671,-11.8555],[13.388,110.97,5.98675],[14.3481,117.99,21.7003],[[[0.882057,-0.445103,-0.154465],[0.358057,0.846379,-0.394255],[0.30622,0.292448,0.905927]],[[0.932146,-0.34838,0.0986672],[0.186416,0.228138,-0.955616],[0.310408,0.909167,0.277601]],[[0.932146,-0.34838,0.0986672],[-0.284002,-0.8725,-0.3976],[0.224603,0.3426,-0.912238]],[[0.932146,-0.34838,0.0986672],[-0.357772,-0.844274,0.398999],[-0.0557012,-0.407226,-0.911627]]],4]],[[0,200,0],[235.247,235.247,147.751]]],[284125,5130308550,[[195,"right",[-0.539424,-0.146625,-0.82917],[-0.0713584,-0.97322,0.21852],[2.17716,157.861,26.1374],[-10.3292,-13.6578,-7.86895],[2.4682,152.277,15.4426],0.997672,0.727875,0.555969,[[0.437191,-0.0940583,-0.894437],[0.204812,0.978797,-0.00281946],[0.875737,-0.181959,0.447186]],63.72,[274.459,119.505,186.787],[38.0098,168.634,66.0465]]],[[1950,[-0.220749,-0.679574,-0.699606],195,52.1164,[-6.71267,94.4643,12.1884],[-18.3445,97.3895,17.2942],[-19.0935,-5.87741,-13.0031],false,[15.1666,163.672,85.9118],[15.1666,163.672,85.9118],[-6.9886,132.634,53.7003],[-14.5152,109.464,29.8468],[-20.7963,93.7681,13.6629],[[[0.296179,0.770621,-0.564288],[-0.432796,0.634943,0.639949],[0.851449,0.0546819,0.521579]],[[0.0149991,0.714851,-0.699116],[-0.895983,0.319972,0.30795],[0.443836,0.621777,0.645293]],[[0.0149991,0.714851,-0.699116],[-0.975215,0.164823,0.14761],[0.220749,0.679574,0.699606]],[[0.0149991,0.714851,-0.699116],[-0.963196,0.198002,0.181794],[0.268382,0.670659,0.691512]]],0],[1951,[-0.388375,-0.782602,-0.486517],195,58.8075,[-66.0934,132.021,-53.7766],[-63.7361,125.178,-30.3383],[-17.0286,4.4727,-4.69111],false,[17.5567,179.705,68.6167],[-32.1602,160.73,17.8163],[-53.0809,157.583,-19.5759],[-62.4681,138.667,-31.3353],[-64.0184,121.77,-29.3284],[[[0.736524,-0.199148,-0.64643],[-0.0292103,0.94542,-0.324541],[0.67578,0.257915,0.690508]],[[0.869404,-0.136183,-0.474964],[0.0837281,0.987971,-0.130012],[0.486956,0.0732649,0.870348]],[[0.869404,-0.136183,-0.474964],[-0.305452,0.607444,-0.733287],[0.388375,0.782602,0.486517]],[[0.869404,-0.136183,-0.474964],[-0.485699,-0.0590212,-0.872131],[0.0907361,0.988924,-0.117457]]],1],[1952,[0.395841,-0.25214,0.883026],195,67.0064,[-8.0139,112.161,36.0678],[-10.8893,114.069,41.1985],[-16.182,-15.3133,-11.1046],false,[26.0804,178.737,59.7834],[-13.5877,158.917,5.92066],[-30.8508,113.917,5.38758],[-19.5945,106.747,30.4977],[-9.11617,115.398,43.4787],[[[0.815169,-0.320706,-0.482335],[0.110572,0.903574,-0.413917],[0.568571,0.284079,0.772027]],[[0.830104,-0.312983,-0.461486],[-0.427381,0.174463,-0.887079],[0.358152,0.933598,0.0110596]],[[0.830104,-0.312983,-0.461486],[-0.392731,-0.915679,-0.0854109],[-0.395841,0.25214,-0.883026]],[[0.830104,-0.312983,-0.461486],[-0.00375765,-0.830737,0.556652],[-0.557596,-0.460345,-0.690774]]],2],[1953,[0.17995,-0.46496,0.866851],195,64.4285,[6.64987,109.466,25.6171],[0.233777,109.242,26.5985],[-16.5883,-15.7236,-10.7635],false,[35.6788,175.396,52.8809],[8.22832,155.993,0.0248358],[-12.0688,117.458,-9.94088],[-7.08385,104.578,14.0726],[1.8278,109.953,29.5896],[[[0.879284,-0.342602,-0.330883],[0.186598,0.886948,-0.422498],[0.438225,0.309754,0.843808]],[[0.858184,-0.356495,-0.369367],[-0.239057,0.359213,-0.902118],[0.454282,0.862483,0.223048]],[[0.858184,-0.356495,-0.369367],[-0.480769,-0.810385,-0.33487],[-0.17995,0.46496,-0.866851]],[[0.858184,-0.356495,-0.369367],[-0.189797,-0.888895,0.416946],[-0.476967,-0.287711,-0.830497]]],3],[1954,[-0.226407,-0.3472,0.910051],195,50.5107,[19.2315,114.478,17.9541],[14.2571,116.522,18.4099],[-16.5482,-20.0519,-15.4726],false,[46.3778,166.361,50.3398],[28.5296,149.564,-2.21091],[17.5424,117.464,-12.1668],[13.1141,110.673,5.63268],[14.0516,117.611,21.3836],[[[0.881094,-0.446258,-0.15661],[0.359066,0.846721,-0.3926],[0.307806,0.289684,0.906277]],[[0.93176,-0.349465,0.0984808],[0.187801,0.23175,-0.954475],[0.310732,0.907836,0.281565]],[[0.93176,-0.349465,0.0984808],[-0.283838,-0.870245,-0.402628],[0.226407,0.3472,-0.910051]],[[0.93176,-0.349465,0.0984808],[-0.358979,-0.84608,0.39406],[-0.0543873,-0.402521,-0.913793]]],4]],[[0,200,0],[235.247,235.247,147.751]]],[284126,5130316228,[[195,"right",[-0.538839,-0.145873,-0.829683],[-0.0711306,-0.973498,0.217354],[1.92802,157.764,26.0484],[-15.628,-13.429,-8.75922],[2.46763,152.282,15.4539],0.998863,0.731543,0.559151,[[0.437099,-0.09195,-0.894701],[0.205149,0.978731,-0.000362285],[0.875705,-0.183388,0.446666]],63.72,[274.171,118.989,186.593],[37.7311,168.504,65.9929]]],[[1950,[-0.220303,-0.678561,-0.70073],195,52.1164,[-6.74931,94.4724,12.2027],[-18.5946,97.3118,17.1069],[-21.6898,-6.5764,-16.1673],false,[14.8771,163.511,85.8378],[14.8771,163.511,85.8378],[-7.22984,132.512,53.5558],[-14.7412,109.376,29.664],[-21.0272,93.7068,13.4561],[[[0.296249,0.771382,-0.563211],[-0.433444,0.634043,0.640403],[0.851095,0.0544019,0.522186]],[[0.0156744,0.715824,-0.698105],[-0.896449,0.319306,0.307282],[0.442869,0.621,0.646705]],[[0.0156744,0.715824,-0.698105],[-0.975306,0.164778,0.147062],[0.220303,0.678561,0.70073]],[[0.0156744,0.715824,-0.698105],[-0.963126,0.198361,0.181771],[0.268593,0.669514,0.692538]]],0],[1951,[-0.387954,-0.782203,-0.487494],195,58.8075,[-66.0841,131.995,-53.6771],[-63.929,125.195,-30.4703],[-19.0004,4.50845,-7.97678],false,[17.2722,179.564,68.5627],[-32.4051,160.629,17.7087],[-53.3038,157.609,-19.7063],[-62.6808,138.702,-31.4893],[-64.2068,121.806,-29.466],[[[0.737012,-0.198126,-0.646188],[-0.0293599,0.945783,-0.323471],[0.675241,0.257374,0.691236]],[[0.869614,-0.135394,-0.474804],[0.0845283,0.988294,-0.127005],[0.486442,0.0703106,0.870879]],[[0.869614,-0.135394,-0.474804],[-0.30539,0.608134,-0.732742],[0.387954,0.782203,0.487494]],[[0.869614,-0.135394,-0.474804],[-0.485586,-0.0605727,-0.872088],[0.0893155,0.988938,-0.11842]]],1],[1952,[0.395103,-0.253668,0.882919],195,67.0064,[-8.02224,112.163,36.0772],[-11.1579,113.923,41.0205],[-20.4861,-15.9782,-13.8538],false,[25.8019,178.609,59.7338],[-13.8243,158.837,5.82286],[-31.0833,113.836,5.20037],[-19.848,106.623,30.3074],[-9.38097,115.255,43.3104],[[[0.815598,-0.319843,-0.482183],[0.110495,0.904092,-0.412805],[0.567971,0.283404,0.772717]],[[0.830507,-0.312143,-0.461329],[-0.426669,0.175912,-0.887135],[0.358067,0.933607,0.0129147]],[[0.830507,-0.312143,-0.461329],[-0.392622,-0.915543,-0.0873444],[-0.395103,0.253668,-0.882919]],[[0.830507,-0.312143,-0.461329],[-0.00408636,-0.831619,0.555331],[-0.556993,-0.459322,-0.691941]]],2],[1953,[0.178888,-0.46696,0.865995],195,64.4285,[6.62906,109.464,25.6178],[-0.0276224,109.108,26.4156],[-20.7383,-16.1415,-13.842],false,[35.4059,175.281,52.8336],[7.99656,155.928,-0.0623773],[-12.2859,117.408,-10.1164],[-7.33034,104.472,13.8734],[1.56327,109.811,29.4137],[[[0.879624,-0.34189,-0.330716],[0.186533,0.887504,-0.421357],[0.437569,0.308947,0.844444]],[[0.858587,-0.355725,-0.369171],[-0.238231,0.360789,-0.901708],[0.453953,0.862143,0.225024]],[[0.858587,-0.355725,-0.369171],[-0.480444,-0.809573,-0.337291],[-0.178888,0.46696,-0.865995]],[[0.858587,-0.355725,-0.369171],[-0.190394,-0.889847,0.414635],[-0.476002,-0.285712,-0.83174]]],3],[1954,[-0.227804,-0.349396,0.908861],195,50.5107,[19.2208,114.481,17.9535],[14.0112,116.405,18.2433],[-20.0738,-18.8607,-16.8882],false,[46.11,166.253,50.2888],[28.3017,149.509,-2.29255],[17.3567,117.417,-12.3207],[12.9011,110.583,5.45554],[13.8034,117.488,21.2233],[[[0.881363,-0.445745,-0.156561],[0.358997,0.847308,-0.391395],[0.307118,0.288756,0.906807]],[[0.931873,-0.348888,0.0994474],[0.189207,0.233503,-0.95377],[0.309538,0.907608,0.283608]],[[0.931873,-0.348888,0.0994474],[-0.282344,-0.869597,-0.40507],[0.227804,0.349396,-0.908861]],[[0.931873,-0.348888,0.0994474],[-0.358988,-0.847244,0.391541],[-0.0523479,-0.400567,-0.914771]]],4]],[[0,200,0],[235.247,235.247,147.751]]],[284127,5130329094,[[195,"right",[-0.537482,-0.145163,-0.830687],[-0.0702176,-0.973947,0.215631],[1.50093,157.649,25.8623],[-22.0933,-11.7604,-10.8582],[2.46533,152.295,15.4787],1,0.740477,0.562874,[[0.436785,-0.0877943,-0.895271],[0.205527,0.978642,0.00430257],[0.875772,-0.185882,0.4455]],63.72,[273.693,118.18,186.16],[37.234,168.368,65.8753]]],[[1950,[-0.218775,-0.677423,-0.702307],195,52.1164,[-6.81039,94.485,12.2242],[-18.9664,97.1993,16.7786],[-23.6048,-7.19972,-19.9735],false,[14.3583,163.313,85.6794],[14.3583,163.313,85.6794],[-7.64174,132.344,53.2954],[-15.101,109.247,29.3498],[-21.3691,93.607,13.107],[[[0.296078,0.77269,-0.561505],[-0.435144,0.632431,0.640844],[0.850287,0.0545959,0.52348]],[[0.0161483,0.717131,-0.696752],[-0.897496,0.317553,0.30604],[0.440726,0.62039,0.64875]],[[0.0161483,0.717131,-0.696752],[-0.975642,0.163773,0.145951],[0.218775,0.677423,0.702307]],[[0.0161483,0.717131,-0.696752],[-0.963332,0.197817,0.181276],[0.267828,0.668276,0.694029]]],0],[1951,[-0.386475,-0.782277,-0.488549],195,58.8075,[-66.0709,131.952,-53.5176],[-64.2099,125.253,-30.7111],[-19.9615,5.44787,-12.2322],false,[16.7576,179.398,68.4346],[-32.8239,160.486,17.4788],[-53.6709,157.7,-19.9833],[-63.0121,138.792,-31.7917],[-64.4689,121.897,-29.7021],[[[0.738173,-0.196127,-0.645473],[-0.0300879,0.946283,-0.321936],[0.67394,0.257066,0.692619]],[[0.87016,-0.13369,-0.474287],[0.085817,0.988899,-0.121301],[0.485238,0.0648497,0.871974]],[[0.87016,-0.13369,-0.474287],[-0.305709,0.608416,-0.732374],[0.386475,0.782277,0.488549]],[[0.87016,-0.13369,-0.474287],[-0.485336,-0.0659812,-0.871834],[0.0852618,0.988824,-0.122299]]],1],[1952,[0.393662,-0.2559,0.882919],195,67.0064,[-8.03991,112.167,36.0937],[-11.6022,113.717,40.6838],[-25.2652,-15.6076,-18.0878],false,[25.301,178.468,59.6161],[-14.2241,158.736,5.61632],[-31.4508,113.726,4.84397],[-20.2565,106.449,29.951],[-9.81825,115.056,42.9931],[[[0.816679,-0.318018,-0.48156],[0.109946,0.904917,-0.411142],[0.566522,0.282826,0.773991]],[[0.831531,-0.310344,-0.460698],[-0.425234,0.177976,-0.887412],[0.357396,0.933815,0.0160237]],[[0.831531,-0.310344,-0.460698],[-0.391901,-0.915534,-0.0906178],[-0.393662,0.2559,-0.882919]],[[0.831531,-0.310344,-0.460698],[-0.00437248,-0.833003,0.553251],[-0.555461,-0.458031,-0.694025]]],2],[1953,[0.17677,-0.470476,0.864525],195,64.4285,[6.58895,109.458,25.6171],[-0.459368,108.912,26.0683],[-25.3712,-15.8128,-18.5363],false,[34.9189,175.163,52.724],[7.60867,155.865,-0.242858],[-12.6234,117.36,-10.4535],[-7.72654,104.326,13.4955],[1.12475,109.599,29.0821],[[[0.880519,-0.340237,-0.330039],[0.186016,0.888438,-0.419614],[0.435988,0.308085,0.845576]],[[0.859632,-0.353987,-0.36841],[-0.236604,0.363279,-0.901137],[0.452826,0.861813,0.228531]],[[0.859632,-0.353987,-0.36841],[-0.479359,-0.808298,-0.341862],[-0.17677,0.470476,-0.864525]],[[0.859632,-0.353987,-0.36841],[-0.191329,-0.891652,0.410306],[-0.473737,-0.282224,-0.83422]]],3],[1954,[-0.230241,-0.352879,0.906899],195,50.5107,[19.1992,114.486,17.9511],[13.6171,116.264,17.9415],[-23.621,-15.8546,-19.107