{"metadata":{"formatVersion":2,"generatedBy":"LeapJS Playback 0.2.1","frames":25,"protocolVersion":6,"serviceVersion":"2.2.6+29154","frameRate":"61","modified":"Thu Jun 04 2015 15:02:32 GMT-0300 (E. South America Standard Time)"},"frames":[["id","timestamp",{"hands":[["id","type","direction","palmNormal","palmPosition","palmVelocity","stabilizedPalmPosition","pinchStrength","grabStrength","confidence","armBasis","armWidth","elbow","wrist"]]},{"pointables":[["id","direction","handId","length","stabilizedTipPosition","tipPosition","tipVelocity","tool","carpPosition","mcpPosition","pipPosition","dipPosition","btipPosition","bases","type"]]},{"interactionBox":["center","size"]}],[284245,5132257600,[[195,"right",[-0.58953,0.0160741,-0.807587],[0.0484796,-0.997295,-0.0552396],[-14.4647,147.444,-2.95497],[78.4857,4.90715,49.583],[-16.8496,147.38,-4.30371],0.804906,1,0.565796,[[0.512023,0.111512,-0.851703],[0.0112731,0.99058,0.136473],[0.858898,-0.0794784,0.505942]],63.72,[255.209,129.972,173.022],[23.3066,151.431,36.4176]]],[[1950,[-0.286651,-0.490846,-0.82274],195,52.1164,[-31.1005,92.8335,-19.8198],[-30.3156,92.6823,-20.127],[99.2532,11.2373,26.7904],false,[2.86175,138.561,55.3232],[2.86175,138.561,55.3232],[-28.2717,116.524,23.1228],[-38.0452,99.7888,-4.92902],[-27.4626,90.9447,-23.8372],[[[0.166051,0.924003,-0.344449],[-0.440506,0.382014,0.812416],[0.882259,0.0168289,0.470463]],[[-0.123529,0.870547,-0.476328],[-0.771844,0.217399,0.59749],[0.623696,0.441459,0.645072]],[[-0.123529,0.870547,-0.476328],[-0.950038,0.0349073,0.310177],[0.286651,0.490846,0.82274]],[[-0.123529,0.870547,-0.476328],[-0.883333,-0.315186,-0.34696],[-0.452177,0.377896,0.807917]]],0],[1951,[-0.310277,-0.828517,-0.466141],195,58.8075,[-83.2644,123.445,-49.1026],[-80.4041,123.716,-48.5216],[86.3762,15.1144,53.6754],false,[2.10858,158.812,43.0262],[-49.4946,148.205,-8.32646],[-77.6836,155.837,-39.8368],[-85.1831,135.811,-51.1036],[-79.4567,120.381,-46.5173],[[[0.695861,0.0733976,-0.714416],[-0.154235,0.986826,-0.0488446],[0.701419,0.144177,0.698014]],[[0.752756,0.0853426,-0.652744],[0.053359,0.980388,0.189715],[0.656133,-0.177639,0.73344]],[[0.752756,0.0853426,-0.652744],[-0.580591,0.553422,-0.597192],[0.310277,0.828517,0.466141]],[[0.752756,0.0853426,-0.652744],[-0.566592,-0.420837,-0.708427],[-0.335158,0.903113,-0.268433]]],1],[1952,[0.506674,-0.355281,0.78553],195,67.0064,[-22.5897,97.9803,6.20701],[-17.0556,97.7161,7.38701],[100.237,-0.0624546,34.8642],false,[9.90901,161.301,33.8297],[-31.907,151.94,-21.2282],[-38.6524,104.365,-25.0193],[-24.2444,94.2621,-2.68168],[-13.7075,99.1545,12.0891],[[[0.800257,-0.0771108,-0.594679],[-0.0189339,0.987954,-0.153585],[0.599358,0.134167,0.789157]],[[0.823079,-0.0718062,-0.56337],[-0.550415,0.143578,-0.822453],[0.139945,0.987031,0.0786526]],[[0.823079,-0.0718062,-0.56337],[-0.25656,-0.931998,-0.256042],[-0.506674,0.355281,-0.78553]],[[0.823079,-0.0718062,-0.56337],[0.0902278,-0.962843,0.254545],[-0.560714,-0.260342,-0.786016]]],2],[1953,[0.391368,-0.391762,0.832678],195,64.4285,[-6.24585,104.798,3.37069],[-0.835955,102.299,3.27788],[68.8857,-35.36,-1.59855],false,[19.1832,161.138,25.7741],[-10.4828,153.404,-28.8508],[-18.7952,109.61,-31.8913],[-7.95348,98.7573,-8.82447],[1.20061,102.447,7.03989],[[[0.87887,-0.130782,-0.458785],[0.0574051,0.983694,-0.170445],[0.473595,0.123462,0.872046]],[[0.871538,-0.132651,-0.472043],[-0.453661,0.14713,-0.878945],[0.186045,0.980182,0.0680508]],[[0.871538,-0.132651,-0.472043],[-0.295384,-0.910454,-0.28952],[-0.391368,0.391762,-0.832679]],[[0.871538,-0.132651,-0.472043],[-0.0194048,-0.971287,0.237119],[-0.489943,-0.197498,-0.849088]]],3],[1954,[0.0753077,-0.264447,0.961456],195,50.5107,[-0.811277,115.414,-5.66534],[4.83537,114.753,-4.68125],[86.3829,4.8617,29.6068],false,[30.5064,154.498,20.2731],[10.1127,150.35,-33.8488],[0.769644,116.254,-34.5086],[2.24257,111.082,-15.7037],[6.09104,116.266,0.278336],[[[0.906129,-0.276338,-0.32026],[0.235017,0.958394,-0.162011],[0.351705,0.071536,0.933373]],[[0.954832,-0.258819,-0.145977],[-0.135932,0.0563908,-0.989112],[0.264233,0.964278,0.0186618]],[[0.954832,-0.258819,-0.145977],[-0.287446,-0.929021,-0.233011],[-0.0753077,0.264447,-0.961456]],[[0.954832,-0.258819,-0.145977],[-0.196079,-0.917918,0.344935],[-0.22327,-0.300732,-0.927206]]],4]],[[0,200,0],[235.247,235.247,147.751]]],[284246,5132260111,[[195,"right",[-0.589597,0.0166357,-0.807526],[0.0488259,-0.997225,-0.0561927],[-14.2302,147.482,-2.82212],[79.7631,5.75444,49.8679],[-16.7131,147.386,-4.22645],0.808476,1,0.56632,[[0.512297,0.111999,-0.851474],[0.0102173,0.990595,0.136446],[0.858748,-0.0786006,0.506334]],63.72,[255.405,130.222,173.262],[23.5427,151.444,36.5513]]],[[1950,[-0.285857,-0.490316,-0.823332],195,52.1164,[-30.9255,92.8562,-19.7686],[-30.034,92.7359,-20.0215],[100.687,11.9333,28.0917],false,[3.10387,138.549,55.4463],[3.10387,138.549,55.4463],[-28.0384,116.528,23.2438],[-37.7849,99.8101,-4.82815],[-27.1622,91.0015,-23.7304],[[[0.1657,0.924389,-0.343581],[-0.440578,0.381086,0.812813],[0.882289,0.0166912,0.470411]],[[-0.124065,0.870889,-0.475563],[-0.771615,0.216655,0.598056],[0.623873,0.44115,0.645112]],[[-0.124065,0.870889,-0.475563],[-0.950207,0.033796,0.309781],[0.285857,0.490316,0.823332]],[[-0.124065,0.870889,-0.475563],[-0.882378,-0.316057,-0.348594],[-0.453891,0.376378,0.807665]]],0],[1951,[-0.309901,-0.828561,-0.466314],195,58.8075,[-83.1127,123.477,-49.0084],[-80.1655,123.801,-48.3572],[87.4109,17.0589,54.8716],false,[2.34264,158.811,43.1686],[-49.2607,148.235,-8.1902],[-77.468,155.922,-39.6707],[-84.9585,135.895,-50.9417],[-79.2028,120.479,-46.345],[[[0.69578,0.0743223,-0.714399],[-0.154585,0.986818,-0.0478933],[0.701422,0.143759,0.698098]],[[0.75236,0.0861609,-0.653093],[0.0537209,0.980083,0.191186],[0.656558,-0.178925,0.732746]],[[0.75236,0.0861609,-0.653093],[-0.581306,0.55323,-0.596674],[0.309901,0.828561,0.466314]],[[0.75236,0.0861609,-0.653093],[-0.566102,-0.422423,-0.707875],[-0.336873,0.902294,-0.269039]]],1],[1952,[0.506058,-0.358536,0.784447],195,67.0064,[-22.423,97.9796,6.26963],[-16.8205,97.6856,7.45595],[98.1549,-2.7952,32.294],false,[10.1415,161.312,33.9738],[-31.6755,151.989,-21.0898],[-38.4466,104.426,-24.9906],[-24.0562,94.2305,-2.68376],[-13.5161,99.0597,12.1056],[[[0.800238,-0.0762633,-0.594813],[-0.0192929,0.988093,-0.152643],[0.599372,0.133627,0.789238]],[[0.823106,-0.0709694,-0.563435],[-0.550238,0.145765,-0.822187],[0.140479,0.98677,0.0809298]],[[0.823106,-0.0709694,-0.563435],[-0.257683,-0.930814,-0.259199],[-0.506058,0.358536,-0.784447]],[[0.823106,-0.0709694,-0.563435],[0.0889386,-0.963807,0.251328],[-0.560879,-0.25698,-0.787004]]],2],[1953,[0.390223,-0.396525,0.83096],195,64.4285,[-6.15039,104.74,3.37037],[-0.647662,102.216,3.28609],[68.3743,-36.5036,-2.7875],false,[19.4151,161.159,25.9174],[-10.2523,153.467,-28.7126],[-18.604,109.691,-31.8998],[-7.794,98.7064,-8.8806],[1.35815,102.304,7.00618],[[[0.878881,-0.130036,-0.458976],[0.0570463,0.983876,-0.169513],[0.473618,0.122799,0.872127]],[[0.871555,-0.131894,-0.472225],[-0.453269,0.150442,-0.878587],[0.186923,0.979781,0.0713353]],[[0.871555,-0.131894,-0.472225],[-0.296848,-0.9085,-0.294125],[-0.390223,0.396525,-0.83096]],[[0.871555,-0.131894,-0.472225],[-0.02123,-0.972387,0.232408],[-0.489839,-0.192531,-0.850288]]],3],[1954,[0.074838,-0.267541,0.960636],195,50.5107,[-0.711037,115.408,-5.6282],[5.07276,114.765,-4.59358],[86.5026,3.71271,28.5347],false,[30.7402,154.529,20.4092],[10.3438,150.425,-33.715],[1.00467,116.33,-34.4629],[2.46841,111.097,-15.674],[6.30984,116.233,0.325201],[[[0.906202,-0.275715,-0.320592],[0.234667,0.958631,-0.161116],[0.351752,0.0707711,0.933414]],[[0.954903,-0.25835,-0.146343],[-0.135648,0.0588496,-0.989008],[0.264123,0.964257,0.021151]],[[0.954903,-0.25835,-0.146343],[-0.287333,-0.928266,-0.236141],[-0.074838,0.267541,-0.960636]],[[0.954903,-0.25835,-0.146343],[-0.196198,-0.918956,0.342091],[-0.222862,-0.297951,-0.928201]]],4]],[[0,200,0],[235.247,235.247,147.751]]],[284247,5132286992,[[195,"right",[-0.589576,0.0227641,-0.807392],[0.037209,-0.997776,-0.0553027],[-11.1417,149.033,-0.540326],[101.427,37.807,71.4609],[-14.1295,148.15,-2.51715],0.843101,1,0.576543,[[0.519829,0.0999286,-0.848405],[0.0145175,0.991958,0.125732],[0.854147,-0.0776759,0.514198]],63.72,[257.305,131.62,177.654],[26.6851,152.592,38.82]]],[[1950,[-0.288431,-0.488116,-0.823742],195,52.1164,[-28.1993,94.2121,-17.7818],[-27.4634,94.5219,-17.5487],[98.0045,45.2535,67.2837],false,[6.10261,139.952,57.7318],[6.10261,139.952,57.7318],[-25.4203,118.284,25.6607],[-35.2546,101.641,-2.42526],[-24.5548,92.7574,-21.2487],[[[0.17635,0.922089,-0.344459],[-0.435902,0.386917,0.812579],[0.882547,0.00685206,0.470174]],[[-0.114447,0.871711,-0.476468],[-0.766883,0.227359,0.600165],[0.6315,0.434082,0.64248]],[[-0.114447,0.871711,-0.476468],[-0.950636,0.0431533,0.307292],[0.288431,0.488116,0.823742]],[[-0.114447,0.871711,-0.476468],[-0.881977,-0.309883,-0.355089],[-0.457184,0.379595,0.804295]]],0],[1951,[-0.316486,-0.830895,-0.457657],195,58.8075,[-80.4542,124.947,-46.8453],[-77.3169,126.274,-45.5205],[101.28,64.253,87.6021],false,[5.57389,160.211,45.4359],[-46.1625,150.189,-5.90025],[-74.4179,158.4,-37.2049],[-82.0675,138.317,-48.2666],[-76.2296,123.023,-43.3755],[[[0.69641,0.0655802,-0.714641],[-0.14311,0.988506,-0.0487471],[0.70323,0.13622,0.69779]],[[0.750035,0.0761864,-0.656996],[0.070051,0.978606,0.193452],[0.657678,-0.191119,0.728651]],[[0.750035,0.0761864,-0.656996],[-0.580762,0.551189,-0.599088],[0.316486,0.830895,0.457657]],[[0.750035,0.0761864,-0.656996],[-0.566302,-0.439199,-0.697428],[-0.341687,0.895153,-0.28627]]],1],[1952,[0.491607,-0.395506,0.775821],195,67.0064,[-20.7205,98.0379,7.07744],[-14.6023,98.5023,9.4974],[78.3775,6.11761,46.4342],false,[13.3989,162.612,36.237],[-28.5382,153.727,-18.8076],[-36.326,106.381,-23.3898],[-22.3465,95.1342,-1.32825],[-11.7199,99.1968,13.6287],[[[0.799141,-0.0861023,-0.594946],[-0.0078391,0.988113,-0.153532],[0.601093,0.127358,0.788966]],[[0.822768,-0.0808877,-0.562591],[-0.544928,0.169115,-0.821251],[0.161572,0.982271,0.0950649]],[[0.822768,-0.0808877,-0.562591],[-0.285263,-0.914895,-0.285645],[-0.491607,0.395506,-0.775821]],[[0.822768,-0.0808877,-0.562591],[0.057246,-0.972995,0.223615],[-0.565486,-0.216189,-0.795919]]],2],[1953,[0.376429,-0.427022,0.822164],195,64.4285,[-4.96458,104.274,3.60504],[1.46027,102.78,5.03318],[70.2936,-5.24762,32.6028],false,[22.668,162.345,28.1784],[-7.10124,154.949,-26.4372],[-16.3174,111.399,-30.2778],[-5.88955,99.57,-7.50224],[3.28492,102.541,8.50073],[[[0.877188,-0.140664,-0.45908],[0.0684415,0.982992,-0.170417],[0.475244,0.118068,0.871896]],[[0.869877,-0.142439,-0.472256],[-0.448069,0.172186,-0.87726],[0.206272,0.974712,0.0859586]],[[0.869877,-0.142439,-0.472256],[-0.318772,-0.892952,-0.317838],[-0.376429,0.427022,-0.822164]],[[0.869877,-0.142439,-0.472256],[-0.0469086,-0.976949,0.208257],[-0.491033,-0.159005,-0.856507]]],3],[1954,[0.0634258,-0.293721,0.953785],195,50.5107,[0.637651,115.437,-5.01048],[7.63545,115.642,-2.50678],[87.7889,13.743,48.2876],false,[33.9138,155.578,22.6733],[13.4568,151.664,-31.4421],[3.63394,117.724,-32.812],[4.87447,111.979,-14.1571],[8.6838,116.667,1.98654],[[[0.90285,-0.286525,-0.320571],[0.245759,0.955691,-0.162042],[0.352796,0.0675167,0.933261]],[[0.951802,-0.269566,-0.146308],[-0.129991,0.0775198,-0.98848],[0.277803,0.959857,0.0387424]],[[0.951802,-0.269566,-0.146308],[-0.300082,-0.917094,-0.262467],[-0.0634258,0.293721,-0.953785]],[[0.951802,-0.269566,-0.146308],[-0.212676,-0.923772,0.318455],[-0.221,-0.271991,-0.936579]]],4]],[[0,200,0],[235.247,235.247,147.751]]],[284248,5132305023,[[195,"right",[-0.58758,0.015343,-0.80902],[0.0367877,-0.99828,-0.0456508],[-9.13197,149.913,0.941024],[106.185,43.0121,76.534],[-12.3371,148.782,-1.27683],0.857127,1,0.588322,[[0.527543,0.0964077,-0.84404],[0.0232126,0.991533,0.127763],[0.849211,-0.0869929,0.520839]],63.72,[257.887,130.34,180.985],[28.6001,153.828,40.3584]]],[[1950,[-0.285274,-0.495982,-0.820134],195,52.1164,[-26.5486,94.8986,-16.3135],[-25.4042,95.2771,-15.5267],[105.585,43.7393,88.469],false,[7.96421,141.381,59.3397],[7.96421,141.381,59.3397],[-23.5521,119.437,27.4505],[-33.2786,102.526,-0.512459],[-22.4758,93.4782,-19.1986],[[[0.17771,0.918652,-0.352842],[-0.437679,0.394917,0.807761],[0.881395,0.0108844,0.472255]],[[-0.112917,0.867125,-0.485123],[-0.76722,0.234155,0.597113],[0.631366,0.439621,0.638836]],[[-0.112917,0.867125,-0.485123],[-0.951771,0.0457857,0.303373],[0.285274,0.495982,0.820134]],[[-0.112917,0.867125,-0.485123],[-0.879879,-0.314083,-0.356602],[-0.461587,0.386584,0.79843]]],0],[1951,[-0.31302,-0.838784,-0.445488],195,58.8075,[-78.629,125.705,-45.3477],[-75.1572,126.807,-43.7118],[111.626,47.6025,94.4779],false,[7.47696,161.522,46.849],[-44.1389,151.036,-4.51583],[-72.3755,159,-35.9012],[-79.9413,138.726,-46.6688],[-73.9823,123.583,-41.462],[[[0.698198,0.0583583,-0.713522],[-0.142438,0.98807,-0.0585656],[0.701592,0.142523,0.698181]],[[0.750298,0.0691913,-0.657469],[0.0713228,0.980232,0.184551],[0.657241,-0.185361,0.730531]],[[0.750298,0.0691913,-0.657469],[-0.582299,0.540049,-0.60768],[0.31302,0.838784,0.445488]],[[0.750298,0.0691913,-0.657469],[-0.561612,-0.457962,-0.689103],[-0.348776,0.886275,-0.304749]]],1],[1952,[0.484857,-0.401671,0.7769],195,67.0064,[-19.7093,98.1204,7.65961],[-12.7939,99.1111,11.3087],[84.4558,14.9253,66.7694],false,[15.3258,163.83,37.6468],[-26.481,154.44,-17.4131],[-34.4682,107.114,-21.8557],[-20.6806,95.6924,0.236587],[-10.082,99.6081,15.2525],[[[0.80055,-0.0922254,-0.592127],[-0.00691088,0.9866,-0.163009],[0.599226,0.134589,0.789186]],[[0.824422,-0.0866355,-0.559306],[-0.541174,0.168667,-0.823821],[0.165709,0.981858,0.092168]],[[0.824422,-0.0866355,-0.559306],[-0.291965,-0.911677,-0.289141],[-0.484857,0.401671,-0.7769]],[[0.824422,-0.0866355,-0.559306],[0.0473171,-0.974205,0.220648],[-0.563995,-0.208372,-0.799056]]],2],[1953,[0.373151,-0.422244,0.826116],195,64.4285,[-4.15084,104.113,3.91485],[3.35805,103.579,6.89637],[86.6306,19.0071,65.5787],false,[24.6146,163.481,29.6139],[-5.02471,155.578,-25.0013],[-14.3076,112.018,-28.549],[-3.97054,100.321,-5.6639],[5.16426,103.391,10.343],[[[0.878233,-0.145524,-0.455553],[0.069408,0.981278,-0.179657],[0.473169,0.126162,0.871891]],[[0.870942,-0.147425,-0.46875],[-0.445302,0.166544,-0.879755],[0.207765,0.974951,0.0794016]],[[0.870942,-0.147425,-0.46875],[-0.319717,-0.894414,-0.312738],[-0.373151,0.422244,-0.826116]],[[0.870942,-0.147425,-0.46875],[-0.0492697,-0.975326,0.215202],[-0.48891,-0.164333,-0.856715]]],3],[1954,[0.0572632,-0.296247,0.953393],195,50.5107,[1.58483,115.506,-4.50249],[9.56026,116.27,-0.773243],[94.9023,20.5163,66.2994],false,[35.87,156.656,24.2016],[15.5437,152.234,-29.9239],[5.66849,118.308,-31.2718],[6.78849,112.514,-12.6245],[10.519,117.164,3.54869],[[[0.903473,-0.290066,-0.315591],[0.246689,0.953963,-0.170585],[0.350543,0.076266,0.933436]],[[0.951979,-0.271485,-0.141537],[-0.125449,0.0758172,-0.989199],[0.279284,0.959452,0.0381188]],[[0.951979,-0.271485,-0.141537],[-0.300762,-0.915715,-0.266475],[-0.0572632,0.296247,-0.953393]],[[0.951979,-0.271485,-0.141537],[-0.216556,-0.92387,0.315543],[-0.216427,-0.269739,-0.938296]]],4]],[[0,200,0],[235.247,235.247,147.751]]],[284249,5132313707,[[195,"right",[-0.584216,0.0135439,-0.811485],[0.0362695,-0.998426,-0.0427757],[-7.68126,150.4,2.47387],[122.399,46.4839,103.165],[-11.4223,149.1,-0.539859],0.872276,1,0.593691,[[0.529113,0.0961088,-0.843091],[0.0267603,0.991181,0.129785],[0.848129,-0.0912322,0.521875]],63.72,[258.885,129.764,182.942],[29.8902,154.396,42.0363]]],[[1950,[-0.281118,-0.498117,-0.820276],195,52.1164,[-25.6764,95.2162,-15.4558],[-23.8836,95.7504,-13.8742],[124.197,46.5887,115.431],false,[9.16706,142.016,60.9658],[9.16706,142.016,60.9658],[-22.2642,120.013,29.0328],[-31.8491,103.029,1.06498],[-20.924,93.9418,-17.5304],[[[0.179819,0.917562,-0.354607],[-0.440738,0.397426,0.804862],[0.87944,0.0115595,0.475869]],[[-0.110358,0.865854,-0.487974],[-0.76899,0.236661,0.59384],[0.629663,0.440782,0.639715]],[[-0.110358,0.865854,-0.487974],[-0.953307,0.046654,0.298378],[0.281118,0.498117,0.820276]],[[-0.110358,0.865854,-0.487974],[-0.877444,-0.315477,-0.36134],[-0.466813,0.388292,0.794553]]],0],[1951,[-0.309317,-0.842757,-0.440549],195,58.8075,[-77.6467,126.051,-44.5144],[-73.4901,127.226,-42.192],[134.301,46.981,116.572],false,[8.74576,162.122,48.4184],[-42.6645,151.532,-3.13091],[-70.81,159.419,-34.6173],[-78.2863,139.05,-45.2655],[-72.2576,123.997,-39.8801],[[[0.701186,0.0559238,-0.710782],[-0.141495,0.988005,-0.061849],[0.698797,0.14394,0.700688]],[[0.752134,0.0666727,-0.655629],[0.0714964,0.980741,0.181755],[0.655121,-0.183579,0.732882]],[[0.752134,0.0666727,-0.655629],[-0.581909,0.534149,-0.613243],[0.309317,0.842757,0.440549]],[[0.752134,0.0666727,-0.655629],[-0.556588,-0.468412,-0.686148],[-0.352852,0.880991,-0.315199]]],1],[1952,[0.476506,-0.414048,0.775569],195,67.0064,[-19.2489,98.151,7.96155],[-11.6244,99.234,12.7374],[93.3259,9.66757,87.2094],false,[16.6343,164.4,39.2425],[-24.9509,154.889,-15.9642],[-33.1678,107.626,-20.6504],[-19.6177,95.852,1.40394],[-9.07146,99.5061,16.5222],[[[0.802928,-0.0943992,-0.588553],[-0.00553769,0.986156,-0.165726],[0.59605,0.136325,0.79129]],[[0.826862,-0.0886879,-0.555368],[-0.535946,0.175066,-0.825902],[0.170473,0.980554,0.0972234]],[[0.826862,-0.0886879,-0.555368],[-0.298732,-0.905924,-0.3001],[-0.476506,0.414048,-0.775569]],[[0.826862,-0.0886879,-0.555368],[0.0366433,-0.976894,0.210559],[-0.561209,-0.194454,-0.804507]]],2],[1953,[0.36932,-0.420526,0.82871],195,64.4285,[-3.73739,104.067,4.12861],[4.7408,104.053,8.59532],[106.028,28.8255,100.229],false,[25.9559,164.022,31.2492],[-3.46266,155.991,-23.4666],[-12.767,112.43,-26.945],[-2.53608,100.78,-3.98807],[6.53412,103.884,12.0491],[[[0.880008,-0.147379,-0.451515],[0.0708457,0.980735,-0.182043],[0.469646,0.128212,0.873496]],[[0.872776,-0.149309,-0.464724],[-0.44147,0.164724,-0.882026],[0.208245,0.974973,0.0778518]],[[0.872776,-0.149309,-0.464724],[-0.319162,-0.894911,-0.311882],[-0.36932,0.420526,-0.82871]],[[0.872776,-0.149309,-0.464724],[-0.0509618,-0.974738,0.217459],[-0.485453,-0.16611,-0.858337]]],3],[1954,[0.0514541,-0.299333,0.95276],195,50.5107,[2.06326,115.55,-4.20358],[10.9599,116.621,0.877144],[111.558,24.1314,96.7547],false,[37.2289,157.175,25.9021],[17.1236,152.619,-28.2949],[7.21302,118.707,-29.7173],[8.2194,112.852,-11.0825],[11.8671,117.447,5.12529],[[[0.904566,-0.291556,-0.311055],[0.248068,0.953322,-0.172163],[0.346731,0.0785696,0.934668]],[[0.952326,-0.272562,-0.137063],[-0.120488,0.0767272,-0.989745],[0.280283,0.959074,0.0402287]],[[0.952326,-0.272562,-0.137063],[-0.300713,-0.91439,-0.271038],[-0.0514541,0.299333,-0.95276]],[[0.952326,-0.272562,-0.137063],[-0.219754,-0.924476,0.311531],[-0.211622,-0.266559,-0.940299]]],4]],[[0,200,0],[235.247,235.247,147.751]]],[284250,5132324169,[[195,"right",[-0.577816,0.0109885,-0.816093],[0.0325762,-0.998802,-0.0365135],[-4.89839,151.227,5.70486],[167.121,56.635,167.217],[-9.7935,149.631,1.01921],0.888025,1,0.601749,[[0.530385,0.0890684,-0.843065],[0.0290383,0.991973,0.123069],[0.847259,-0.0897551,0.523542]],63.72,[261.139,131.078,186.891],[32.3794,155.312,45.5351]]],[[1950,[-0.273983,-0.502462,-0.82004],195,52.1164,[-24.0218,95.7462,-13.5787],[-21.1062,96.5615,-10.3653],[168.552,55.7468,183.762],false,[11.4597,143.128,64.3759],[11.4597,143.128,64.3759],[-19.8676,121.051,32.3917],[-29.2092,103.919,4.43192],[-18.09,94.7084,-13.9868],[[[0.186274,0.914687,-0.358677],[-0.445391,0.404014,0.798999],[0.875745,0.0109183,0.482651]],[[-0.103665,0.863129,-0.494228],[-0.77162,0.243745,0.587529],[0.62758,0.442263,0.64074]],[[-0.103665,0.863129,-0.494228],[-0.956131,0.0504007,0.28857],[0.273983,0.502462,0.82004]],[[-0.103665,0.863129,-0.494228],[-0.873801,-0.316395,-0.369277],[-0.475105,0.393576,0.787002]]],0],[1951,[-0.305236,-0.84889,-0.431529],195,58.8075,[-75.7906,126.609,-42.8132],[-70.3723,128.026,-39.029],[187.022,54.6099,175.047],false,[11.2172,163.16,51.7054],[-39.832,152.465,-0.179882],[-67.7693,160.214,-31.8853],[-75.147,139.696,-42.3155],[-69.0706,124.775,-36.6264],[[[0.706923,0.0488514,-0.705601],[-0.137024,0.988171,-0.0688662],[0.69389,0.145368,0.705255]],[[0.756118,0.0594271,-0.651732],[0.0736919,0.981803,0.175019],[0.650273,-0.180362,0.73798]],[[0.756118,0.0594271,-0.651732],[-0.578893,0.525218,-0.623721],[0.305236,0.84889,0.431529]],[[0.756118,0.0594271,-0.651732],[-0.549366,-0.483554,-0.681449],[-0.355644,0.873295,-0.332976]]],1],[1952,[0.464116,-0.424225,0.777579],195,67.0064,[-18.644,98.207,8.46167],[-9.33312,99.7396,16.0158],[128.516,18.6298,152.645],false,[19.1861,165.352,42.5779],[-22.0056,155.674,-12.8942],[-30.5779,108.485,-17.691],[-17.3801,96.4219,4.42056],[-6.93659,99.8583,19.6608],[[[0.807103,-0.101138,-0.581684],[-0.000270317,0.985155,-0.171665],[0.590411,0.138708,0.795095]],[[0.831038,-0.0952611,-0.547997],[-0.527016,0.180162,-0.830539],[0.177846,0.979013,0.0995171]],[[0.831038,-0.0952611,-0.547997],[-0.306547,-0.900532,-0.308335],[-0.464116,0.424225,-0.777579]],[[0.831038,-0.0952611,-0.547997],[0.0229518,-0.978512,0.204906],[-0.555741,-0.182863,-0.810995]]],2],[1953,[0.359906,-0.420229,0.832992],195,64.4285,[-3.12408,104.057,4.57221],[7.20613,104.746,12.0897],[145.821,41.0563,171.94],false,[28.5682,164.888,34.6601],[-0.455275,156.645,-20.2349],[-9.96972,113.125,-23.655],[0.000401891,101.484,-0.579505],[8.9531,104.599,15.5213],[[[0.882898,-0.153599,-0.443732],[0.0762154,0.979332,-0.187351],[0.463338,0.131593,0.876357]],[[0.875816,-0.155564,-0.456888],[-0.433128,0.164336,-0.886224],[0.212948,0.97406,0.0765488]],[[0.875816,-0.155564,-0.456888],[-0.321582,-0.893984,-0.312055],[-0.359906,0.420229,-0.832992]],[[0.875816,-0.155564,-0.456888],[-0.0578718,-0.973651,0.22058],[-0.479164,-0.166746,-0.861741]]],3],[1954,[0.0415876,-0.299693,0.953129],195,50.5107,[2.77555,115.637,-3.6453],[13.5899,117.23,4.4183],[154.25,33.2293,169.745],false,[39.8548,157.964,29.4424],[20.1542,153.162,-24.8818],[10.1005,119.292,-26.2865],[10.9139,113.43,-7.64445],[14.4405,117.999,8.59726],[[[0.90578,-0.297024,-0.302224],[0.253244,0.951272,-0.175922],[0.339751,0.0828101,0.936863]],[[0.952127,-0.277278,-0.128728],[-0.112294,0.0744272,-0.990884],[0.284331,0.957903,0.0397277]],[[0.952127,-0.277278,-0.128728],[-0.30286,-0.912853,-0.273814],[-0.0415876,0.299693,-0.953129]],[[0.952127,-0.277278,-0.128728],[-0.227146,-0.923497,0.309123],[-0.204593,-0.265084,-0.94227]]],4]],[[0,200,0],[235.247,235.247,147.751]]],[284251,5132349808,[[195,"right",[-0.567951,0.0285468,-0.822567],[0.0347777,-0.997673,-0.0586364],[0.572615,152.923,12.9268],[194.847,62.3389,235.812],[-4.19055,151.41,7.45536],0.900149,1,0.603612,[[0.535107,0.119391,-0.836305],[0.0403177,0.985226,0.166448],[0.843822,-0.122786,0.522388]],63.72,[265.192,123.011,194.332],[37.3601,156.163,53.2871]]],[[1950,[-0.260694,-0.484721,-0.834915],195,52.1164,[-17.7205,97.8787,-6.91893],[-15.288,98.6198,-4.49385],[203.27,69.7034,210.963],false,[16.2363,143.526,71.5938],[16.2363,143.526,71.5938],[-14.7318,122.125,38.8104],[-23.6203,105.598,10.3435],[-12.2181,96.8386,-8.12237],[[[0.188971,0.922829,-0.335674],[-0.455706,0.385208,0.802463],[0.86984,0.00132694,0.493332]],[[-0.0997992,0.873717,-0.476087],[-0.777924,0.229813,0.584825],[0.620383,0.428724,0.65675]],[[-0.0997992,0.873717,-0.476087],[-0.960249,0.0407892,0.276148],[0.260694,0.484721,0.834915]],[[-0.0997992,0.873717,-0.476087],[-0.86757,-0.310692,-0.388321],[-0.487199,0.374285,0.789017]]],0],[1951,[-0.293381,-0.845534,-0.446094],195,58.8075,[-70.4137,128.492,-37.5884],[-64.2202,130.574,-32.7195],[220.132,78.9335,218.088],false,[16.1113,163.839,59.3764],[-34.2896,154.242,6.64941],[-61.9502,162.548,-25.1574],[-69.0413,142.111,-35.9397],[-62.8273,127.224,-30.3107],[[[0.715293,0.0658238,-0.695717],[-0.137928,0.989268,-0.048212],[0.685078,0.130445,0.716696]],[[0.76206,0.0749057,-0.643159],[0.0688862,0.97827,0.195556],[0.643831,-0.19333,0.740341]],[[0.76206,0.0749057,-0.643159],[-0.577228,0.528641,-0.622372],[0.293381,0.845534,0.446094]],[[0.76206,0.0749057,-0.643159],[-0.535714,-0.484978,-0.691236],[-0.363695,0.871312,-0.329455]]],1],[1952,[0.452099,-0.450183,0.770027],195,67.0064,[-16.5321,98.4964,10.4081],[-4.05944,100.902,21.823],[172.688,33.7659,193.483],false,[24.1858,166.248,50.3978],[-16.3169,157.763,-5.77276],[-24.9036,110.744,-11.9968],[-12.0475,97.9427,9.90002],[-1.79585,100.865,25.3758],[[[0.814236,-0.0867748,-0.574012],[0.0000603045,0.988778,-0.149391],[0.580534,0.121605,0.805104]],[[0.837921,-0.081586,-0.539659],[-0.515899,0.204337,-0.831922],[0.178146,0.975495,0.129128]],[[0.837921,-0.081586,-0.539659],[-0.305768,-0.889202,-0.340333],[-0.452099,0.450183,-0.770027]],[[0.837921,-0.081586,-0.539659],[0.016743,-0.984457,0.174828],[-0.545534,-0.155527,-0.823531]]],2],[1953,[0.343576,-0.456864,0.820507],195,64.4285,[-0.93724,104.181,6.42167],[12.2514,105.819,17.7455],[173.23,40.4236,194.658],false,[33.6634,165.977,42.5856],[5.31864,158.932,-12.8284],[-4.43298,115.651,-18.107],[5.08475,102.995,4.62268],[13.8128,105.48,20.9548],[[[0.888455,-0.142224,-0.436372],[0.0767398,0.983424,-0.164278],[0.452503,0.112467,0.884642]],[[0.881718,-0.143859,-0.449309],[-0.418256,0.202233,-0.88553],[0.218257,0.968714,0.118143]],[[0.881718,-0.143859,-0.449309],[-0.32331,-0.877827,-0.353399],[-0.343576,0.456864,-0.820507]],[[0.881718,-0.143859,-0.449309],[-0.0659887,-0.980619,0.184478],[-0.467139,-0.133008,-0.874122]]],3],[1954,[0.0285763,-0.329951,0.943565],195,50.5107,[5.39598,116.084,-1.23987],[19.086,118.789,11.008],[189.362,47.802,219.146],false,[45.0243,159.189,37.3499],[25.9888,155.586,-17.3031],[15.9869,121.761,-19.7764],[16.5459,115.308,-1.32142],[19.8453,119.354,15.1055],[[[0.909881,-0.288773,-0.297869],[0.253667,0.955378,-0.151344],[0.328282,0.0621459,0.942533]],[[0.953948,-0.272986,-0.12435],[-0.0998587,0.101902,-0.98977],[0.282864,0.956606,0.0699488]],[[0.953948,-0.272986,-0.12435],[-0.298609,-0.903665,-0.306955],[-0.0285763,0.329951,-0.943565]],[[0.953948,-0.272986,-0.12435],[-0.230963,-0.932928,0.276228],[-0.191416,-0.234787,-0.953014]]],4]],[[0,200,0],[235.247,235.247,147.751]]],[284252,5132386455,[[195,"right",[-0.576592,0.0284847,-0.816536],[0.0298513,-0.99799,-0.055894],[7.3489,154.053,22.3784],[187.597,39.3661,251.928],[0.941449,152.586,14.0921],0.909791,1,0.555055,[[0.550058,0.106855,-0.828262],[0.0397843,0.987302,0.153794],[0.834178,-0.117547,0.538822]],63.72,[269.808,125.52,207.815],[44.5798,157.258,62.3329]]],[[1950,[-0.27046,-0.486349,-0.830853],195,52.1164,[-12.7928,99.0091,-0.0726653],[-8.90561,99.7771,5.34071],[182.015,41.7483,252.606],false,[23.5988,144.769,80.9036],[23.5988,144.769,80.9036],[-7.8536,123.406,48.5595],[-17.0751,106.823,20.2311],[-5.88568,97.966,1.68187],[[[0.189341,0.920965,-0.34055],[-0.44543,0.389645,0.806082],[0.875067,-0.000932749,0.484001]],[[-0.101341,0.872604,-0.4778],[-0.769884,0.235391,0.593185],[0.630086,0.427965,0.647949]],[[-0.101341,0.872604,-0.4778],[-0.957383,0.0450264,0.285291],[0.27046,0.486349,0.830853]],[[-0.101341,0.872604,-0.4778],[-0.872436,-0.30876,-0.378844],[-0.478107,0.378457,0.792581]]],0],[1951,[-0.297609,-0.850333,-0.434008],195,58.8075,[-65.7878,129.706,-31.4824],[-57.943,131.765,-22.2086],[185.744,43.7518,268.238],false,[23.4305,165.044,68.625],[-27.5725,155.504,16.4698],[-55.6074,163.71,-15.0338],[-62.8008,143.157,-25.5239],[-56.4584,128.373,-19.7701],[[[0.708085,0.0605818,-0.703524],[-0.134175,0.989705,-0.0498192],[0.693262,0.129671,0.708924]],[[0.754141,0.0693668,-0.653039],[0.0738661,0.979136,0.189307],[0.652545,-0.191002,0.733282]],[[0.754141,0.0693668,-0.653039],[-0.585406,0.521654,-0.620626],[0.297609,0.850333,0.434008]],[[0.754141,0.0693668,-0.653039],[-0.541731,-0.496386,-0.678327],[-0.371213,0.865326,-0.336767]]],1],[1952,[0.455772,-0.456809,0.763936],195,67.0064,[-13.5261,98.9169,13.7313],[2.44108,101.852,31.3053],[174.699,27.7289,239.128],false,[31.4188,167.39,59.5531],[-9.71875,158.91,3.84532],[-18.7148,111.965,-2.3666],[-5.7543,98.9754,19.357],[4.67436,101.77,34.7379],[[[0.807666,-0.0920703,-0.582407],[0.00272019,0.988305,-0.152465],[0.589633,0.121556,0.798471]],[[0.831817,-0.0868614,-0.548211],[-0.52273,0.20952,-0.82635],[0.186639,0.973939,0.128877]],[[0.831817,-0.0868614,-0.548211],[-0.316784,-0.885314,-0.340392],[-0.455772,0.456809,-0.763936]],[[0.831817,-0.0868614,-0.548211],[0.0104322,-0.985058,0.171907],[-0.554952,-0.148714,-0.818482]]],2],[1953,[0.345997,-0.466821,0.813858],195,64.4285,[2.16038,104.425,9.6334],[18.5821,106.574,26.7805],[171.571,26.217,230.433],false,[40.8111,167.055,51.6409],[11.8449,159.963,-3.44477],[1.6349,116.814,-8.93911],[11.2197,103.882,13.6064],[20.1167,106.211,29.8701],[[[0.883114,-0.147418,-0.445396],[0.0792122,0.982573,-0.168154],[0.462423,0.113219,0.879401]],[[0.876344,-0.149037,-0.458049],[-0.42403,0.212437,-0.88038],[0.228516,0.965742,0.122972]],[[0.876344,-0.149037,-0.458049],[-0.335122,-0.871703,-0.357529],[-0.345997,0.466821,-0.813858]],[[0.876344,-0.149037,-0.458049],[-0.0726234,-0.98094,0.180229],[-0.476179,-0.124677,-0.870465]]],3],[1954,[0.0349751,-0.336676,0.940971],195,50.5107,[9.02999,116.643,2.6546],[25.6341,119.626,20.2236],[180.892,28.2343,240.131],false,[52.0859,160.202,46.3053],[32.4514,156.513,-8.12961],[22.2431,122.752,-10.6351],[22.9272,116.167,7.7692],[26.3989,120.096,24.1893],[[[0.90539,-0.293633,-0.306674],[0.256145,0.953799,-0.157024],[0.338613,0.0636153,0.938773]],[[0.951202,-0.277621,-0.134687],[-0.108927,0.106284,-0.988351],[0.288702,0.954793,0.070857]],[[0.951202,-0.277621,-0.134687],[-0.306579,-0.899764,-0.310537],[-0.0349751,0.336676,-0.940971]],[[0.951202,-0.277621,-0.134687],[-0.233768,-0.933261,0.272722],[-0.201412,-0.227928,-0.952619]]],4]],[[0,200,0],[235.247,235.247,147.751]]],[284253,5132396871,[[195,"right",[-0.573845,0.0320553,-0.818336],[0.0285967,-0.99784,-0.0591397],[8.34671,154.241,24.2291],[159.11,32.729,228.889],[1.90401,152.801,15.4098],0.912118,1,0.55554,[[0.544865,0.0979678,-0.832781],[0.0221105,0.991128,0.131062],[0.838233,-0.0898242,0.537864]],63.72,[271.773,133.005,209.54],[45.4498,157.257,64.3169]]],[[1950,[-0.268059,-0.483213,-0.833457],195,52.1164,[-11.9325,99.2131,1.16471],[-7.92187,100.048,6.96453],[154.748,36.7152,222.561],false,[24.3894,144.736,82.7763],[24.3894,144.736,82.7763],[-6.99452,123.528,50.2642],[-16.1342,107.053,21.847],[-4.89324,98.2427,3.30653],[[[0.191794,0.921823,-0.336834],[-0.447533,0.387592,0.805908],[0.873458,-0.00382442,0.486884]],[[-0.0985369,0.874332,-0.475219],[-0.771367,0.234599,0.591571],[0.628715,0.42486,0.651315]],[[-0.0985369,0.874332,-0.475219],[-0.95835,0.0452608,0.281987],[0.268059,0.483213,0.833457]],[[-0.0985369,0.874332,-0.475219],[-0.871547,-0.306313,-0.382854],[-0.480308,0.376451,0.792205]]],0],[1951,[-0.295504,-0.850437,-0.435241],195,58.8075,[-64.8332,129.962,-30.2089],[-56.7893,132.155,-20.5343],[163.041,40.7681,234.921],false,[24.2911,165.053,70.5652],[-26.5528,155.762,18.2101],[-54.4955,164.054,-13.3527],[-61.6379,143.499,-23.8727],[-55.2828,128.732,-18.0872],[[[0.710495,0.0619068,-0.700973],[-0.132581,0.99006,-0.0469448],[0.691099,0.12629,0.711641]],[[0.755989,0.0703786,-0.65079],[0.0739091,0.978668,0.191693],[0.650398,-0.193017,0.734661]],[[0.755989,0.0703786,-0.65079],[-0.584087,0.521348,-0.622124],[0.295504,0.850437,0.435241]],[[0.755989,0.0703786,-0.65079],[-0.538634,-0.498059,-0.679566],[-0.371958,0.864282,-0.338619]]],1],[1952,[0.451896,-0.461782,0.763248],195,67.0064,[-12.817,99.0156,14.5433],[3.29474,101.955,32.9171],[145.446,22.237,212.171],false,[32.3127,167.418,61.5276],[-8.6525,159.184,5.65615],[-17.73,112.288,-0.799714],[-4.87967,99.1566,20.9043],[5.5011,101.852,36.3353],[[[0.809455,-0.0912943,-0.580041],[0.00465006,0.988805,-0.149142],[0.587163,0.118026,0.800818]],[[0.833543,-0.0862254,-0.545683],[-0.519363,0.21441,-0.827218],[0.188327,0.97293,0.133938]],[[0.833543,-0.0862254,-0.545683],[-0.317798,-0.882793,-0.34595],[-0.451896,0.461782,-0.763248]],[[0.833543,-0.0862254,-0.545683],[0.007452,-0.9859,0.167169],[-0.552404,-0.143409,-0.821148]]],2],[1953,[0.342061,-0.471321,0.812927],195,64.4285,[2.89118,104.485,10.4239],[19.4534,106.679,28.4465],[144.323,21.7408,208.317],false,[41.7306,167.095,53.6455],[12.9367,160.23,-1.55909],[2.65767,117.128,-7.28732],[12.1334,104.071,15.2324],[20.9768,106.314,31.5375],[[[0.884369,-0.14721,-0.442967],[0.0811852,0.983014,-0.164597],[0.459674,0.109603,0.881299]],[[0.877686,-0.148766,-0.455562],[-0.420405,0.217332,-0.880924],[0.23006,0.964694,0.128207]],[[0.877686,-0.148766,-0.455562],[-0.335652,-0.869325,-0.362785],[-0.342061,0.471321,-0.812927]],[[0.877686,-0.148766,-0.455562],[-0.0751302,-0.981557,0.175787],[-0.473311,-0.120059,-0.872676]]],3],[1954,[0.0301055,-0.344344,0.938361],195,50.5107,[9.87918,116.769,3.59791],[26.557,119.699,21.9377],[151.681,20.693,214.848],false,[53.0132,160.244,48.3242],[33.5535,156.766,-6.18736],[23.2894,123.043,-8.9649],[23.8782,116.308,9.38831],[27.2884,120.107,25.8519],[[[0.905975,-0.29392,-0.304663],[0.258039,0.953946,-0.15298],[0.335596,0.0599808,0.940094]],[[0.951194,-0.278582,-0.132747],[-0.104719,0.113252,-0.988032],[0.290282,0.953712,0.0785521]],[[0.951194,-0.278582,-0.132747],[-0.307121,-0.89656,-0.319151],[-0.0301055,0.344344,-0.938361]],[[0.951194,-0.278582,-0.132747],[-0.23683,-0.934786,0.26474],[-0.197842,-0.220381,-0.955139]]],4]],[[0,200,0],[235.247,235.247,147.751]]],[284254,5132423868,[[195,"right",[-0.542989,0.0323645,-0.839116],[0.0515815,-0.996085,-0.0717968],[10.6164,154.245,32.4488],[112.719,12.5972,275.612],[3.15245,153.008,17.8514],0.926746,1,0.503226,[[0.517844,0.119222,-0.847127],[-0.0124411,0.991186,0.131892],[0.855385,-0.0577601,0.514763]],63.72,[277.058,141.832,212.947],[46.104,157.428,73.9611]]],[[1950,[-0.211078,-0.476511,-0.853454],195,52.1164,[-9.35781,99.5139,4.69293],[-3.01343,100.127,13.9413],[178.723,15.7276,241.986],false,[24.625,144.214,91.4284],[24.625,144.214,91.4284],[-4.86127,122.806,57.3106],[-12.0581,106.559,28.2115],[0.674572,98.4873,10.3103],[[[0.185181,0.930345,-0.316492],[-0.4857,0.366624,0.793525],[0.854285,0.00677467,0.51976]],[[-0.098515,0.879051,-0.466437],[-0.800856,0.20819,0.561503],[0.590698,0.428866,0.683484]],[[-0.098515,0.879051,-0.466437],[-0.972492,0.0143768,0.232492],[0.211078,0.476511,0.853454]],[[-0.098515,0.879051,-0.466437],[-0.83325,-0.329118,-0.444269],[-0.544048,0.344892,0.764893]]],0],[1951,[-0.250965,-0.859644,-0.445004],195,58.8075,[-62.3554,130.187,-26.9789],[-52.0682,131.304,-14.5501],[172.366,-7.20265,227.576],false,[24.5661,164.701,79.5046],[-24.0543,155.146,25.124],[-51.0182,163.055,-7.37478],[-57.0841,142.277,-18.1307],[-50.3978,127.806,-11.9823],[[[0.735087,0.0865339,-0.672428],[-0.15129,0.987748,-0.0382758],[0.660877,0.129868,0.739172]],[[0.777355,0.0949677,-0.621853],[0.0426355,0.978312,0.202702],[0.627616,-0.184084,0.756446]],[[0.777355,0.0949677,-0.621853],[-0.576833,0.501989,-0.644415],[0.250965,0.859644,0.445004]],[[0.777355,0.0949677,-0.621853],[-0.492512,-0.523098,-0.695557],[-0.391345,0.846965,-0.35986]]],1],[1952,[0.430504,-0.468292,0.771602],195,67.0064,[-11.6761,99.1271,16.0762],[6.22959,101.58,40.078],[122.407,-0.0494709,243.293],false,[32.8733,167.359,70.8133],[-5.76657,159.113,13.3108],[-13.6991,112.181,5.71363],[-1.45717,98.8644,27.6552],[8.27169,101.455,43.5228],[[[0.832564,-0.0663795,-0.549937],[-0.0102907,0.990769,-0.135169],[0.553833,0.118196,0.824196]],[[0.85534,-0.0612984,-0.514427],[-0.491231,0.219477,-0.842925],[0.164575,0.97369,0.157616]],[[0.85534,-0.0612984,-0.514427],[-0.2882,-0.881445,-0.37416],[-0.430504,0.468292,-0.771602]],[[0.85534,-0.0612984,-0.514427],[0.0191455,-0.988557,0.149628],[-0.517712,-0.137832,-0.844379]]],2],[1953,[0.323908,-0.46609,0.823313],195,64.4285,[4.11065,104.599,12.0413],[22.6432,106.959,36.6332],[132.695,19.8674,272.335],false,[42.5876,167.343,63.2925],[16.0539,160.702,6.93979],[7.06413,117.399,0.590808],[16.037,104.488,23.3982],[24.2114,106.846,40.0328],[[[0.903382,-0.122761,-0.410891],[0.0668787,0.986758,-0.147772],[0.42359,0.106014,0.899629]],[[0.897395,-0.124225,-0.423379],[-0.392681,0.212706,-0.894739],[0.201204,0.969187,0.1421]],[[0.897395,-0.124225,-0.423379],[-0.299609,-0.875973,-0.37803],[-0.323908,0.46609,-0.823313]],[[0.897395,-0.124225,-0.423379],[-0.0571608,-0.984194,0.167617],[-0.437509,-0.126218,-0.890311]]],3],[1954,[-0.00255107,-0.372949,0.927848],195,50.5107,[11.1609,116.93,5.32684],[29.51,119.787,30.0317],[124.47,7.75074,262.431],false,[54.2037,160.8,58.3115],[36.8989,157.725,3.05415],[27.4138,123.91,-1.05523],[27.3639,116.616,17.0924],[30.0221,120.007,33.782],[[[0.922784,-0.271008,-0.273905],[0.243732,0.961115,-0.129817],[0.298436,0.0530334,0.952955]],[[0.961053,-0.25733,-0.100792],[-0.066482,0.138729,-0.988096],[0.26825,0.956313,0.116218]],[[0.961053,-0.25733,-0.100792],[-0.276353,-0.891454,-0.35908],[0.00255107,0.372949,-0.927848]],[[0.961053,-0.25733,-0.100792],[-0.229335,-0.94609,0.228735],[-0.154218,-0.196712,-0.968257]]],4]],[[0,200,0],[235.247,235.247,147.751]]],[284255,5132431119,[[195,"right",[-0.538431,0.0323311,-0.842049],[0.0511731,-0.996165,-0.0709701],[11.3771,154.286,33.5719],[110.941,11.0209,248.101],[3.42921,153.051,18.3804],0.929657,1,0.458338,[[0.514511,0.117477,-0.849399],[-0.0140895,0.991595,0.128609],[0.857368,-0.0542029,0.511841]],63.72,[278.132,142.829,213.47],[46.6429,157.464,75.2731]]],[[1950,[-0.202364,-0.477027,-0.855274],195,52.1164,[-8.74082,99.581,5.49874],[-1.91209,100.206,15.0696],[175.499,14.437,221.466],false,[25.0596,144.277,92.6317],[25.0596,144.277,92.6317],[-4.19617,122.847,58.3295],[-11.0959,106.582,29.1684],[1.93694,98.5751,11.4553],[[[0.187626,0.930022,-0.316],[-0.489678,0.367449,0.790694],[0.851476,0.00638369,0.524354]],[[-0.0955172,0.878794,-0.467545],[-0.804603,0.208382,0.556049],[0.586081,0.4293,0.687176]],[[-0.0955172,0.878794,-0.467545],[-0.974641,0.0129208,0.2234],[0.202364,0.477027,0.855274]],[[-0.0955172,0.878794,-0.467545],[-0.825087,-0.332656,-0.456696],[-0.556873,0.342143,0.756856]]],0],[1951,[-0.24489,-0.863708,-0.440497],195,58.8075,[-61.7416,130.235,-26.204],[-50.9612,131.299,-13.5431],[169.417,-7.02783,208.137],false,[25.0814,164.757,80.6965],[-23.2528,155.211,26.0598],[-50.0549,163.023,-6.59587],[-55.974,142.147,-17.2429],[-49.2281,127.784,-10.9077],[[[0.73877,0.085577,-0.668503],[-0.150294,0.987847,-0.0396339],[0.656986,0.129752,0.742653]],[[0.780469,0.0939437,-0.618096],[0.0409834,0.978832,0.200521],[0.623849,-0.181832,0.760098]],[[0.780469,0.0939437,-0.618096],[-0.575236,0.49516,-0.651091],[0.24489,0.863708,0.440497]],[[0.780469,0.0939437,-0.618096],[-0.484743,-0.533434,-0.693161],[-0.394831,0.840609,-0.37079]]],1],[1952,[0.425973,-0.46814,0.774204],195,67.0064,[-11.4102,99.1528,16.4367],[6.90887,101.622,41.2106],[115.998,1.45779,223.606],false,[33.4373,167.404,72.0486],[-4.89851,159.157,14.3432],[-12.8221,112.224,6.73795],[-0.708923,98.9121,28.7535],[8.93605,101.502,44.6722],[[[0.835463,-0.0673459,-0.545404],[-0.00877157,0.990702,-0.135767],[0.549476,0.118213,0.827104]],[[0.858061,-0.062261,-0.50976],[-0.486526,0.219186,-0.845724],[0.164388,0.973695,0.157783]],[[0.858061,-0.062261,-0.50976],[-0.286841,-0.881458,-0.375171],[-0.425973,0.46814,-0.774204]],[[0.858061,-0.062261,-0.50976],[0.0175158,-0.988498,0.150217],[-0.513249,-0.137824,-0.847101]]],2],[1953,[0.319892,-0.46329,0.826457],195,64.4285,[4.39593,104.626,12.4244],[23.3707,107.02,37.9034],[126.568,19.0566,252.179],false,[43.192,167.376,64.5803],[16.9572,160.725,8.08903],[8.00962,117.403,1.80961],[16.8713,104.569,24.7041],[24.9586,106.975,41.3744],[[[0.905485,-0.123706,-0.405947],[0.0684615,0.986622,-0.147951],[0.418819,0.106176,0.901841]],[[0.899611,-0.125162,-0.41837],[-0.388065,0.210218,-0.897337],[0.200261,0.96961,0.140543]],[[0.899611,-0.125162,-0.41837],[-0.297268,-0.877324,-0.376743],[-0.319892,0.46329,-0.826457]],[[0.899611,-0.125162,-0.41837],[-0.0577947,-0.983743,0.170027],[-0.43285,-0.128778,-0.89222]]],3],[1954,[-0.00846454,-0.375163,0.92692],195,50.5107,[11.456,116.965,5.72742],[30.238,119.748,31.2083],[118.811,4.5