{"metadata":{"formatVersion":2,"generatedBy":"LeapJS Playback 0.2.1","frames":39,"protocolVersion":6,"serviceVersion":"2.2.6+29154","frameRate":"61","modified":"Thu Jun 04 2015 15:02:58 GMT-0300 (E. South America Standard Time)"},"frames":[["id","timestamp",{"hands":[["id","type","direction","palmNormal","palmPosition","palmVelocity","stabilizedPalmPosition","pinchStrength","grabStrength","confidence","armBasis","armWidth","elbow","wrist"]]},{"pointables":[["id","direction","handId","length","stabilizedTipPosition","tipPosition","tipVelocity","tool","carpPosition","mcpPosition","pipPosition","dipPosition","btipPosition","bases","type"]]},{"interactionBox":["center","size"]}],[284345,5133913471,[[195,"right",[-0.50259,0.0335684,-0.863873],[-0.0629313,-0.998016,-0.00216835],[-25.4896,146.676,-14.7664],[48.6423,-85.8682,31.6184],[-25.7849,147.147,-14.9652],0.956407,1,0.714924,[[0.522175,0.0269444,-0.852412],[0.123306,0.986614,0.106722],[0.843877,-0.160834,0.511863]],63.72,[236.342,105.343,166.255],[8.49472,148.768,28.0525]]],[[1950,[-0.0918949,-0.567177,-0.818453],195,52.1164,[-35.9675,91.6837,-23.2067],[-36.423,91.184,-23.7176],[64.3387,-87.7957,50.123],false,[-15.0456,139.394,45.3449],[-15.0456,139.394,45.3449],[-46.6771,116.072,14.5666],[-49.8103,96.7333,-13.3391],[-31.3265,89.5332,-25.7582],[[[0.305175,0.877765,-0.36932],[-0.469632,0.476101,0.743488],[0.828441,-0.0534498,0.55752]],[[-0.0582581,0.823586,-0.564192],[-0.771404,0.321593,0.549103],[0.633674,0.46721,0.616582]],[[-0.0582581,0.823586,-0.564192],[-0.994063,0.00416484,0.108726],[0.0918949,0.567177,0.818453]],[[-0.0582581,0.823586,-0.564192],[-0.61061,-0.476505,-0.632533],[-0.789786,0.307651,0.53065]]],0],[1951,[-0.242935,-0.945919,-0.214988],195,58.8075,[-88.2157,117.741,-54.9353],[-88.1006,118.581,-55.7797],[55.907,-109.27,45.5218],false,[-12.2389,158.838,32.0809],[-59.5057,151.004,-23.749],[-87.4008,150.661,-56.4219],[-93.2726,127.798,-61.6182],[-86.6655,114.67,-52.9051],[[[0.765605,-0.0468823,-0.6416],[-0.0327363,0.99321,-0.111638],[0.642478,0.106474,0.758871]],[[0.759901,-0.0478207,-0.648277],[0.031185,0.998824,-0.0371246],[0.64929,0.00799453,0.760499]],[[0.759901,-0.0478207,-0.648277],[-0.602937,0.320859,-0.730423],[0.242935,0.945919,0.214988]],[[0.759901,-0.0478207,-0.648277],[-0.522505,-0.638214,-0.565395],[-0.386702,0.768372,-0.509966]]],1],[1952,[0.388558,-0.348677,0.852905],195,67.0064,[-34.6758,102.5,-0.23396],[-33.1559,97.9431,0.803209],[51.741,-81.7927,44.2008],false,[-3.34737,159.895,23.6286],[-40.4358,151.99,-34.9338],[-51.1025,104.985,-34.8252],[-40.0533,95.0701,-10.5717],[-30.515,99.2375,5.07415],[[[0.839655,-0.200693,-0.50468],[0.111283,0.973081,-0.201813],[0.531597,0.113291,0.839386]],[[0.859607,-0.196156,-0.471803],[-0.460545,0.102474,-0.881701],[0.221298,0.975204,-0.0022513]],[[0.859607,-0.196156,-0.471803],[-0.331809,-0.916486,-0.223508],[-0.388558,0.348677,-0.852905]],[[0.859607,-0.196156,-0.471803],[-0.0586872,-0.955167,0.290193],[-0.507574,-0.221763,-0.832581]]],2],[1953,[0.288189,-0.257122,0.922407],195,64.4285,[-16.9974,108.657,-0.413778],[-15.4694,103.77,0.552962],[51.7773,-79.1806,46.8769],false,[6.58131,158.224,16.5886],[-18.3498,150.61,-40.3695],[-29.0576,107.394,-36.6294],[-21.0742,100.271,-11.0768],[-13.2905,105.459,5.09688],[[[0.897938,-0.254614,-0.358997],[0.187878,0.959372,-0.210494],[0.398007,0.121563,0.909293]],[[0.900891,-0.253697,-0.352185],[-0.361885,0.00899037,-0.93218],[0.239658,0.967242,-0.0837097]],[[0.900891,-0.253697,-0.352185],[-0.324567,-0.932484,-0.158526],[-0.288189,0.257122,-0.922407]],[[0.900891,-0.253697,-0.352185],[-0.12182,-0.926572,0.355843],[-0.416601,-0.277673,-0.865645]]],3],[1954,[0.0707226,-0.250705,0.965477],195,50.5107,[-8.19167,115.215,-11.5214],[-6.62602,110.599,-10.619],[50.4185,-83.3872,42.3421],false,[17.5332,150.053,12.6076],[2.13626,144.995,-43.0668],[-11.505,112.431,-41.1195],[-10.1218,107.528,-22.236],[-5.27355,111.949,-6.29695],[[[0.894499,-0.393825,-0.211596],[0.359673,0.915037,-0.182602],[0.265532,0.0872322,0.960148]],[[0.905706,-0.389424,-0.167466],[-0.175672,0.0147299,-0.984339],[0.385792,0.920941,-0.0550698]],[[0.905706,-0.389424,-0.167466],[-0.417964,-0.886282,-0.199524],[-0.0707226,0.250705,-0.965477]],[[0.905706,-0.389424,-0.167466],[-0.317146,-0.884618,0.341861],[-0.281272,-0.256515,-0.924709]]],4]],[[0,200,0],[235.247,235.247,147.751]]],[284346,5133931517,[[195,"right",[-0.499145,0.0321602,-0.865922],[-0.0616281,-0.998098,-0.00154483],[-24.4566,144.991,-13.9076],[52.7231,-89.4225,39.1996],[-24.8423,145.617,-14.2147],0.957239,1,0.716044,[[0.520594,0.0242141,-0.853461],[0.117987,0.987967,0.0999998],[0.845613,-0.152756,0.511473]],63.72,[237.667,105.921,167.144],[9.35194,147.165,29.0461]]],[[1950,[-0.0838421,-0.568362,-0.818496],195,52.1164,[-34.8137,90.1517,-22.3349],[-35.1612,89.4842,-22.7625],[66.9713,-90.776,51.1235],false,[-14.2458,137.775,46.2517],[-14.2458,137.775,46.2517],[-45.7667,114.375,15.4191],[-48.6253,94.9965,-12.488],[-30.0426,87.8472,-24.7883],[[[0.305524,0.877838,-0.368858],[-0.473244,0.47614,0.741169],[0.826254,-0.0518856,0.560903]],[[-0.0577218,0.822779,-0.565423],[-0.773258,0.321388,0.546609],[0.631458,0.468769,0.617669]],[[-0.0577218,0.822779,-0.565423],[-0.994806,0.000161207,0.10179],[0.0838421,0.568362,0.818496]],[[-0.0577218,0.822779,-0.565423],[-0.605155,-0.47929,-0.635664],[-0.794013,0.305477,0.525574]]],0],[1951,[-0.239152,-0.947592,-0.211839],195,58.8075,[-87.0304,115.904,-54.1797],[-86.862,116.652,-54.9999],[62.0805,-107.966,44.5909],false,[-11.4108,157.211,32.982],[-58.4418,149.268,-23.0311],[-86.2694,148.737,-55.7589],[-92.0498,125.833,-60.8791],[-85.4157,112.76,-52.105],[[[0.768247,-0.0464476,-0.638467],[-0.0335734,0.993068,-0.112642],[0.639273,0.107972,0.761362]],[[0.761354,-0.0476017,-0.646587],[0.0282782,0.99879,-0.0402335],[0.64772,0.0123476,0.761779]],[[0.761354,-0.0476017,-0.646587],[-0.602617,0.315917,-0.732837],[0.239152,0.947592,0.211839]],[[0.761354,-0.0476017,-0.646587],[-0.519204,-0.642048,-0.564093],[-0.388288,0.765185,-0.513541]]],1],[1952,[0.385895,-0.346718,0.85491],195,67.0064,[-34.0303,101.247,0.325915],[-32.0884,96.2852,1.72341],[55.137,-86.636,47.3769],false,[-2.48662,158.272,24.5647],[-39.3283,150.269,-34.1397],[-49.9125,103.245,-33.9886],[-38.939,93.3855,-9.678],[-29.4675,97.5846,5.99993],[[[0.841943,-0.200042,-0.501113],[0.110834,0.973049,-0.202218],[0.52806,0.114715,0.841423]],[[0.861713,-0.195461,-0.468237],[-0.457419,0.100117,-0.883597],[0.219588,0.975588,-0.00313545]],[[0.861713,-0.195461,-0.468237],[-0.329448,-0.917378,-0.223343],[-0.385895,0.346718,-0.85491]],[[0.861713,-0.195461,-0.468237],[-0.0584442,-0.954917,0.291065],[-0.50402,-0.223448,-0.834287]]],2],[1953,[0.285366,-0.253633,0.924249],195,64.4285,[-16.4074,107.484,0.147844],[-14.3833,102.189,1.61344],[55.7494,-83.0852,52.6895],false,[7.47254,156.609,17.5663],[-17.2188,148.912,-39.4851],[-27.8375,105.684,-35.6291],[-19.9322,98.6579,-10.0255],[-12.222,103.892,6.16849],[[[0.899708,-0.25376,-0.35515],[0.187481,0.959431,-0.210578],[0.394178,0.122875,0.910783]],[[0.90273,-0.252802,-0.348096],[-0.358602,0.00482035,-0.933478],[0.237663,0.967506,-0.0863039]],[[0.90273,-0.252802,-0.348096],[-0.32194,-0.933682,-0.156821],[-0.285366,0.253633,-0.924249]],[[0.90273,-0.252802,-0.348096],[-0.121593,-0.926072,0.35722],[-0.412668,-0.280147,-0.866731]]],3],[1954,[0.0671818,-0.24937,0.966075],195,50.5107,[-7.56554,113.92,-10.9644],[-5.55621,108.955,-9.62445],[54.4523,-87.1223,48.3123],false,[18.4509,148.448,13.6367],[3.28529,143.322,-42.0948],[-10.317,110.741,-40.1521],[-9.00304,105.864,-21.2569],[-4.22692,110.308,-5.30227],[[[0.895855,-0.392847,-0.207641],[0.35922,0.915344,-0.181955],[0.261544,0.0884162,0.961133]],[[0.906913,-0.388376,-0.163318],[-0.17182,0.0129996,-0.985043],[0.38469,0.921409,-0.0549415]],[[0.906913,-0.388376,-0.163318],[-0.415927,-0.887118,-0.200065],[-0.0671818,0.24937,-0.966075]],[[0.906913,-0.388376,-0.163318],[-0.317381,-0.884703,0.341424],[-0.277089,-0.257808,-0.925612]]],4]],[[0,200,0],[235.247,235.247,147.751]]],[284347,5133942367,[[195,"right",[-0.498193,0.0321787,-0.866469],[-0.0613974,-0.998112,-0.00176604],[-23.8572,144.157,-13.4556],[53.5338,-85.3851,39.9889],[-24.3311,144.859,-13.8208],0.956203,1,0.71676,[[0.519686,0.0223075,-0.854066],[0.115164,0.988706,0.0958997],[0.84656,-0.148195,0.511248]],63.72,[238.474,106.32,167.573],[9.90334,146.333,29.5359]]],[[1950,[-0.0791544,-0.568629,-0.818777],195,52.1164,[-34.1852,89.3983,-21.875],[-34.4259,88.6613,-22.2309],[67.2999,-85.8953,50.3291],false,[-13.7113,136.934,46.7139],[-13.7113,136.934,46.7139],[-45.2418,113.521,15.9011],[-47.9406,94.1335,-12.0156],[-29.289,87.0402,-24.2439],[[[0.305731,0.877964,-0.368385],[-0.474173,0.475917,0.740718],[0.825644,-0.0517823,0.561809]],[[-0.058027,0.82259,-0.565667],[-0.773079,0.321485,0.546806],[0.63165,0.469035,0.617272]],[[-0.058027,0.82259,-0.565667],[-0.995172,-0.00273618,0.0981075],[0.0791544,0.568629,0.818777]],[[-0.058027,0.82259,-0.565667],[-0.601249,-0.481129,-0.637977],[-0.796952,0.303087,0.5225]]],0],[1951,[-0.237701,-0.948352,-0.210065],195,58.8075,[-86.4512,115.077,-53.7538],[-86.2142,115.724,-54.5143],[61.3439,-100.416,44.6477],false,[-10.866,156.373,33.4503],[-57.8332,148.427,-22.616],[-85.6749,147.82,-55.3305],[-91.4202,124.898,-60.4079],[-84.7613,111.849,-51.6149],[[[0.768964,-0.0461734,-0.637623],[-0.0336765,0.993078,-0.112527],[0.638405,0.108002,0.762086]],[[0.76112,-0.0474872,-0.64687],[0.0270113,0.998772,-0.0415385],[0.648048,0.014143,0.761468]],[[0.76112,-0.0474872,-0.64687],[-0.603485,0.313646,-0.733098],[0.237701,0.948352,0.210065]],[[0.76112,-0.0474872,-0.64687],[-0.518458,-0.643814,-0.562765],[-0.38974,0.763707,-0.51464]]],1],[1952,[0.385925,-0.344608,0.855749],195,67.0064,[-33.63,100.542,0.669689],[-31.4173,95.5055,2.27228],[57.6053,-81.7103,48.8786],false,[-1.93281,157.438,25.0431],[-38.7077,149.435,-33.7033],[-49.2205,102.395,-33.45],[-38.2462,92.5959,-9.1156],[-28.7892,96.8159,6.56546],[[[0.842543,-0.199772,-0.500212],[0.110835,0.973105,-0.201946],[0.527102,0.114707,0.842025]],[[0.862199,-0.195211,-0.467445],[-0.45721,0.0974222,-0.884007],[0.218107,0.975911,-0.00525503]],[[0.862199,-0.195211,-0.467445],[-0.328137,-0.918226,-0.221784],[-0.385925,0.344608,-0.855749]],[[0.862199,-0.195211,-0.467445],[-0.0579235,-0.954706,0.291857],[-0.503246,-0.224563,-0.834455]]],2],[1953,[0.284798,-0.252148,0.92483],195,64.4285,[-16.0445,106.82,0.486454],[-13.7478,101.411,2.16045],[56.6292,-79.5011,51.9436],false,[8.03447,155.777,18.0555],[-16.5919,148.084,-39.0245],[-27.1717,104.852,-35.1027],[-19.2823,97.8672,-9.483],[-11.5919,103.115,6.71613],[[[0.900159,-0.253499,-0.354193],[0.187494,0.959506,-0.210223],[0.393141,0.122825,0.911238]],[[0.903231,-0.252522,-0.346995],[-0.357913,0.0028838,-0.93375],[0.236794,0.967587,-0.0877764]],[[0.903231,-0.252522,-0.346995],[-0.321035,-0.934159,-0.155831],[-0.284798,0.252148,-0.92483]],[[0.903231,-0.252522,-0.346995],[-0.121479,-0.92593,0.357625],[-0.411602,-0.280865,-0.867006]]],3],[1954,[0.0661433,-0.249147,0.966204],195,50.5107,[-7.18366,113.187,-10.6309],[-4.94768,108.136,-9.12983],[54.8385,-83.5049,47.3454],false,[19.0191,147.62,14.1367],[3.91631,142.499,-41.6123],[-9.67614,109.914,-39.6682],[-8.38245,105.041,-20.7704],[-3.62805,109.485,-4.80927],[[[0.896174,-0.39261,-0.20671],[0.359211,0.915454,-0.181417],[0.260459,0.0883286,0.961436]],[[0.907224,-0.388123,-0.162188],[-0.1708,0.0124654,-0.985227],[0.384411,0.921523,-0.0549823]],[[0.907224,-0.388123,-0.162188],[-0.415414,-0.887292,-0.200361],[-0.0661433,0.249147,-0.966204]],[[0.907224,-0.388123,-0.162188],[-0.317588,-0.884819,0.340929],[-0.275829,-0.25779,-0.925993]]],4]],[[0,200,0],[235.247,235.247,147.751]]],[284348,5133953364,[[195,"right",[-0.495344,0.0320187,-0.868107],[-0.0616995,-0.998093,-0.00160718],[-23.1639,143.137,-12.9191],[56.6203,-87.7676,42.843],[-23.7244,143.964,-13.3521],0.953572,1,0.687403,[[0.518641,0.0189946,-0.854781],[0.111683,0.989682,0.0897565],[0.847667,-0.142016,0.511168]],63.72,[239.326,106.974,168.197],[10.4564,145.318,30.1819]]],[[1950,[-0.0706157,-0.569316,-0.819081],195,52.1164,[-33.409,88.5235,-21.3136],[-33.5288,87.6679,-21.5665],[72.3762,-87.0803,53.3141],false,[-13.2172,135.933,47.2858],[-13.2172,135.933,47.2858],[-44.7159,112.508,16.4499],[-47.1235,93.0966,-11.4771],[-28.3485,86.071,-23.5546],[[[0.307207,0.877737,-0.367698],[-0.476448,0.476331,0.73899],[0.823785,-0.0518332,0.564528]],[[-0.0567932,0.822093,-0.566513],[-0.773691,0.322393,0.545403],[0.631012,0.469282,0.617737]],[[-0.0567932,0.822093,-0.566513],[-0.995886,-0.0065135,0.090386],[0.0706157,0.569316,0.819081]],[[-0.0567932,0.822093,-0.566513],[-0.594307,-0.483783,-0.642459],[-0.802231,0.300195,0.516051]]],0],[1951,[-0.236576,-0.948987,-0.208459],195,58.8075,[-85.705,114.048,-53.3115],[-85.4104,114.616,-54.0586],[64.9367,-99.9919,43.4212],false,[-10.3226,155.366,34.0247],[-57.1084,147.415,-22.1923],[-84.9028,146.73,-54.9454],[-90.6209,123.792,-59.984],[-83.9658,110.764,-51.1579],[[[0.771033,-0.0466406,-0.635085],[-0.0330012,0.993047,-0.112995],[0.63594,0.108081,0.764133]],[[0.762078,-0.0481452,-0.645693],[0.0264048,0.998713,-0.0433033],[0.646947,0.0159511,0.762368]],[[0.762078,-0.0481452,-0.645693],[-0.602718,0.311617,-0.734592],[0.236576,0.948987,0.208459]],[[0.762078,-0.0481452,-0.645693],[-0.517219,-0.645181,-0.56234],[-0.389515,0.762511,-0.51658]]],1],[1952,[0.384662,-0.340606,0.857917],195,67.0064,[-33.1896,99.8278,1.05833],[-30.6543,94.5964,2.99603],[62.0308,-81.6357,55.2956],false,[-1.36155,156.425,25.6463],[-37.9463,148.412,-33.2173],[-48.3688,101.354,-32.7677],[-37.4303,91.6686,-8.37158],[-28.0153,95.9293,7.32376],[[[0.844115,-0.200212,-0.497379],[0.111796,0.972998,-0.201933],[0.524378,0.11485,0.843705]],[[0.863492,-0.195688,-0.464853],[-0.45566,0.0924613,-0.885339],[0.216231,0.976298,-0.00932765]],[[0.863492,-0.195688,-0.464853],[-0.326216,-0.919616,-0.218837],[-0.384662,0.340606,-0.857917]],[[0.863492,-0.195688,-0.464853],[-0.0580466,-0.954097,0.293819],[-0.501011,-0.226727,-0.835214]]],2],[1953,[0.28165,-0.251884,0.925866],195,64.4285,[-15.6538,106.12,0.851769],[-13.1141,100.399,2.75877],[56.7384,-83.7246,52.5409],false,[8.62804,154.759,18.692],[-15.8137,147.052,-38.4655],[-26.4177,103.826,-34.5584],[-18.6154,96.8479,-8.91002],[-10.9775,102.098,7.31313],[[[0.901235,-0.253904,-0.351152],[0.188478,0.959372,-0.209954],[0.390194,0.123034,0.912476]],[[0.904304,-0.252919,-0.343899],[-0.354834,0.00254014,-0.934926],[0.237335,0.967484,-0.0874472]],[[0.904304,-0.252919,-0.343899],[-0.320792,-0.934123,-0.156545],[-0.28165,0.251884,-0.925866]],[[0.904304,-0.252919,-0.343899],[-0.122973,-0.925782,0.357498],[-0.408793,-0.280996,-0.868291]]],3],[1954,[0.0629624,-0.248302,0.966634],195,50.5107,[-6.76761,112.425,-10.2591],[-4.26999,107.127,-8.47743],[56.8549,-86.3235,51.1367],false,[19.6229,146.597,14.8122],[4.70117,141.46,-40.9842],[-8.90107,108.88,-39.0387],[-7.6696,104.023,-20.1324],[-2.96903,108.472,-4.15677],[[[0.896725,-0.39296,-0.203633],[0.360085,0.915278,-0.18057],[0.257337,0.088596,0.962252]],[[0.907669,-0.388441,-0.158902],[-0.167785,0.0111862,-0.98576],[0.384687,0.921406,-0.0550214]],[[0.907669,-0.388441,-0.158902],[-0.414936,-0.887389,-0.200919],[-0.0629624,0.248302,-0.966634]],[[0.907669,-0.388441,-0.158902],[-0.319011,-0.884593,0.340186],[-0.272706,-0.258085,-0.926835]]],4]],[[0,200,0],[235.247,235.247,147.751]]],[284349,5133961609,[[195,"right",[-0.493242,0.0328026,-0.869273],[-0.0611334,-0.998125,-0.00297659],[-22.73,142.445,-12.5706],[55.6001,-86.8159,42.6949],[-23.3068,143.326,-13.0239],0.95532,1,0.689226,[[0.518451,0.0178448,-0.854921],[0.108097,0.990394,0.0862262],[0.848248,-0.137119,0.511541]],63.72,[239.811,107.569,168.731],[10.7837,144.591,30.6149]]],[[1950,[-0.0624981,-0.568825,-0.820081],195,52.1164,[-32.8203,87.9045,-20.9224],[-32.8644,87.0061,-21.1614],[74.8479,-85.1463,52.2787],false,[-12.9263,135.172,47.6495],[-12.9263,135.172,47.6495],[-44.4088,111.753,16.7924],[-46.5397,92.3587,-11.1687],[-27.644,85.4402,-23.1194],[[[0.307609,0.878358,-0.365875],[-0.478518,0.47516,0.738406],[0.822434,-0.052062,0.566474]],[[-0.0569168,0.822381,-0.566083],[-0.773946,0.321838,0.545369],[0.630688,0.469158,0.618161]],[[-0.0569168,0.822381,-0.566083],[-0.996421,-0.0112973,0.0837729],[0.0624981,0.568825,0.820081]],[[-0.0569168,0.822381,-0.566083],[-0.587276,-0.486109,-0.647151],[-0.807383,0.295613,0.510633]]],0],[1951,[-0.235,-0.949395,-0.208385],195,58.8075,[-85.2114,113.353,-53.0528],[-84.8793,113.86,-53.7946],[64.5316,-97.4158,40.3747],false,[-10.0102,154.623,34.4192],[-56.6543,146.714,-21.9214],[-84.4282,145.991,-54.6911],[-90.1083,123.044,-59.7278],[-83.4407,110.025,-50.8975],[[[0.772606,-0.0454323,-0.633258],[-0.0332845,0.993166,-0.111862],[0.634012,0.107503,0.765814]],[[0.762526,-0.0471197,-0.64524],[0.02508,0.998747,-0.0432964],[0.646472,0.016832,0.762752]],[[0.762526,-0.0471197,-0.64524],[-0.602768,0.310531,-0.735011],[0.235,0.949395,0.208385]],[[0.762526,-0.0471197,-0.64524],[-0.516004,-0.645899,-0.562631],[-0.390249,0.761967,-0.516829]]],1],[1952,[0.383343,-0.340095,0.85871],195,67.0064,[-32.8562,99.2966,1.34631],[-30.1732,93.9215,3.353],[61.0247,-81.7838,52.2355],false,[-1.02939,155.697,26.0641],[-37.4659,147.736,-32.8984],[-47.8232,100.663,-32.4512],[-36.9223,90.9924,-8.03259],[-27.5452,95.2509,7.68599],[[[0.845439,-0.199131,-0.495561],[0.111741,0.973306,-0.200471],[0.522253,0.114112,0.845122]],[[0.864669,-0.194652,-0.463096],[-0.454064,0.0914888,-0.88626],[0.21488,0.976596,-0.00927692]],[[0.864669,-0.194652,-0.463096],[-0.324646,-0.920025,-0.219451],[-0.383343,0.340095,-0.85871]],[[0.864669,-0.194652,-0.463096],[-0.057875,-0.954337,0.293073],[-0.498997,-0.226609,-0.836451]]],2],[1953,[0.279498,-0.252769,0.926277],195,64.4285,[-15.3564,105.591,1.1247],[-12.6878,99.701,3.09826],[55.2444,-84.1943,49.4687],false,[8.97808,154.046,19.1321],[-15.3198,146.395,-38.0942],[-25.9048,103.157,-34.2559],[-18.1621,96.1551,-8.5962],[-10.5682,101.389,7.65287],[[[0.902232,-0.25297,-0.349261],[0.188449,0.959734,-0.208322],[0.387897,0.122137,0.913575]],[[0.90531,-0.251984,-0.341934],[-0.352546,0.00323536,-0.935789],[0.23691,0.967726,-0.0859067]],[[0.90531,-0.251984,-0.341934],[-0.319837,-0.934137,-0.158405],[-0.279498,0.252769,-0.926277]],[[0.90531,-0.251984,-0.341934],[-0.123364,-0.926305,0.356007],[-0.406443,-0.280115,-0.869678]]],3],[1954,[0.0606764,-0.249339,0.966513],195,50.5107,[-6.45231,111.859,-9.98027],[-3.82384,106.445,-8.10825],[55.9842,-85.5853,49.3951],false,[19.987,145.895,15.2692],[5.20432,140.817,-40.5696],[-8.38174,108.227,-38.685],[-7.19498,103.35,-19.7811],[-2.5386,107.78,-3.78735],[[[0.89744,-0.392209,-0.201923],[0.36001,0.915699,-0.178572],[0.254939,0.0875637,0.962984]],[[0.908298,-0.387726,-0.157046],[-0.165416,0.0119286,-0.986152],[0.38423,0.921698,-0.0533011]],[[0.908298,-0.387726,-0.157046],[-0.4139,-0.887411,-0.202949],[-0.0606764,0.249339,-0.966513]],[[0.908298,-0.387726,-0.157046],[-0.319403,-0.885221,0.33818],[-0.270142,-0.257007,-0.927885]]],4]],[[0,200,0],[235.247,235.247,147.751]]],[284350,5133974262,[[195,"right",[-0.487441,0.0312824,-0.872595],[-0.059644,-0.998217,-0.00246819],[-22.1701,141.561,-11.9955],[51.4782,-80.6425,43.6978],[-22.6815,142.355,-12.4582],0.960054,1,0.652959,[[0.516199,0.0168062,-0.856303],[0.103865,0.9912,0.082066],[0.850147,-0.131303,0.509911]],63.72,[240.589,108.345,169.088],[11.0497,143.797,31.4121]]],[[1950,[-0.0479611,-0.570142,-0.820145],195,52.1164,[-31.8435,86.959,-20.2017],[-31.9251,86.1436,-20.4015],[74.8614,-78.5548,55.1077],false,[-12.7603,134.358,48.2958],[-12.7603,134.358,48.2958],[-44.1089,110.858,17.3642],[-45.7441,91.4185,-10.5992],[-26.6511,84.6201,-22.3024],[[[0.308766,0.878478,-0.36461],[-0.484164,0.475125,0.734739],[0.818687,-0.0503314,0.57203]],[[-0.0555399,0.821342,-0.567726],[-0.776224,0.32212,0.541954],[0.628006,0.470783,0.619655]],[[-0.0555399,0.821342,-0.567726],[-0.997304,-0.018322,0.0710581],[0.0479611,0.570142,0.820145]],[[-0.0555399,0.821342,-0.567726],[-0.575638,-0.490934,-0.65393],[-0.815817,0.290486,0.500062]]],0],[1951,[-0.230707,-0.951114,-0.205321],195,58.8075,[-84.3164,112.155,-52.6405],[-84.0171,112.712,-53.4226],[65.6359,-94.4455,36.5847],false,[-9.78408,153.801,35.0675],[-56.037,145.772,-21.5777],[-83.6895,144.857,-54.4452],[-89.2658,121.868,-59.4079],[-82.5819,108.91,-50.5011],[[[0.776907,-0.0448678,-0.628014],[-0.0339933,0.993014,-0.112997],[0.628697,0.109137,0.769954]],[[0.765003,-0.0469029,-0.642317],[0.0221975,0.998672,-0.0464871],[0.643644,0.021305,0.765028]],[[0.765003,-0.0469029,-0.642317],[-0.601286,0.305258,-0.738425],[0.230707,0.951114,0.205321]],[[0.765003,-0.0469029,-0.642317],[-0.511598,-0.650073,-0.561847],[-0.391201,0.758423,-0.521303]]],1],[1952,[0.378265,-0.338439,0.861611],195,67.0064,[-32.3504,98.4889,1.8015],[-29.6228,93.0565,3.96068],[54.3115,-77.1096,50.4547],false,[-0.748917,154.881,26.7719],[-36.7769,146.812,-32.4266],[-47.0556,99.7226,-31.9791],[-36.2991,90.0986,-7.47802],[-27.0322,94.3854,8.29813],[[[0.849039,-0.198333,-0.48969],[0.111653,0.973287,-0.200612],[0.516397,0.115652,0.848504]],[[0.867992,-0.19381,-0.457195],[-0.448457,0.0894399,-0.889318],[0.21325,0.976954,-0.00928215]],[[0.867992,-0.19381,-0.457195],[-0.321721,-0.920813,-0.220451],[-0.378265,0.338439,-0.861611]],[[0.867992,-0.19381,-0.457195],[-0.0584108,-0.954148,0.29358],[-0.49313,-0.22812,-0.839514]]],2],[1953,[0.274153,-0.249387,0.928787],195,64.4285,[-14.9025,104.814,1.57847],[-12.1086,98.9221,3.91804],[51.6343,-76.1019,55.1227],false,[9.30729,153.238,19.9088],[-14.5944,145.499,-37.4723],[-25.0918,102.249,-33.535],[-17.4973,95.3406,-7.8057],[-10.0223,100.615,8.48545],[[[0.904928,-0.251955,-0.342963],[0.188432,0.959821,-0.207935],[0.381573,0.123541,0.916046]],[[0.908041,-0.250929,-0.335406],[-0.346787,-0.00121758,-0.937943],[0.234948,0.968005,-0.0881245]],[[0.908041,-0.250929,-0.335406],[-0.316705,-0.935329,-0.157661],[-0.274153,0.249387,-0.928787]],[[0.908041,-0.250929,-0.335406],[-0.124115,-0.925935,0.356708],[-0.400072,-0.282276,-0.87193]]],3],[1954,[0.0542123,-0.247677,0.967325],195,50.5107,[-5.9727,111.026,-9.51778],[-3.23824,105.613,-7.32641],[52.0564,-78.4965,53.7888],false,[20.3539,145.1,16.1273],[5.95399,139.949,-39.8048],[-7.58788,107.339,-37.945],[-6.52755,102.495,-19.0253],[-1.99571,106.95,-3.00264],[[[0.899352,-0.391066,-0.195532],[0.359853,0.916067,-0.176994],[0.248337,0.088817,0.964593]],[[0.910036,-0.386457,-0.149951],[-0.15862,0.00956322,-0.987293],[0.38298,0.922258,-0.0525969]],[[0.910036,-0.386457,-0.149951],[-0.410969,-0.88843,-0.204444],[-0.0542123,0.247677,-0.967325]],[[0.910036,-0.386457,-0.149951],[-0.320482,-0.885359,0.336794],[-0.262917,-0.258438,-0.929561]]],4]],[[0,200,0],[235.247,235.247,147.751]]],[284351,5133994784,[[195,"right",[-0.482152,0.0309221,-0.875542],[-0.0586475,-0.998274,-0.00296005],[-21.0485,140.332,-10.9416],[53.1259,-69.884,47.6722],[-21.5779,140.988,-11.4332],0.961836,1,0.578454,[[0.516271,0.0133398,-0.856322],[0.0978166,0.992417,0.074433],[0.850821,-0.12219,0.511051]],63.72,[241.626,109.602,170.651],[11.9043,142.594,32.6677]]],[[1950,[-0.0366648,-0.570445,-0.820517],195,52.1164,[-30.3538,85.5786,-19.0321],[-30.5476,84.9175,-19.2836],[70.4157,-68.8339,54.4806],false,[-11.9988,133.13,49.405],[-11.9988,133.13,49.405],[-43.2185,109.595,18.3693],[-44.4687,90.1455,-9.60675],[-25.2651,83.4059,-21.1623],[[[0.310117,0.878829,-0.362611],[-0.489093,0.474551,0.73184],[0.815239,-0.0496053,0.576996]],[[-0.0538789,0.821003,-0.568375],[-0.778421,0.321978,0.538879],[0.625426,0.471469,0.621738]],[[-0.0538789,0.821003,-0.568375],[-0.997874,-0.0233692,0.0608368],[0.0366648,0.570445,0.820517]],[[-0.0538789,0.821003,-0.568375],[-0.569049,-0.492976,-0.658148],[-0.820537,0.287973,0.493752]]],0],[1951,[-0.227096,-0.952461,-0.203091],195,58.8075,[-82.8716,110.626,-51.7568],[-82.6359,111.294,-52.5573],[66.2964,-80.768,39.589],false,[-8.96117,152.578,36.1975],[-54.8606,144.511,-20.7292],[-82.4158,143.455,-53.6741],[-87.9048,120.434,-58.5829],[-81.2052,107.524,-49.6182],[[[0.780759,-0.0440206,-0.62328],[-0.0342801,0.992995,-0.113074],[0.623892,0.10965,0.77378]],[[0.766967,-0.0464014,-0.640007],[0.0198551,0.998621,-0.0486076],[0.64138,0.024573,0.76683]],[[0.766967,-0.0464014,-0.640007],[-0.600158,0.301107,-0.741043],[0.227096,0.952461,0.203091]],[[0.766967,-0.0464014,-0.640007],[-0.50794,-0.65338,-0.56133],[-0.392121,0.755607,-0.52469]]],1],[1952,[0.373637,-0.337652,0.863936],195,67.0064,[-31.5232,97.2693,2.55775],[-28.5155,91.838,5.01548],[53.8702,-68.1027,50.778],false,[0.123251,153.667,27.9571],[-35.5359,145.571,-31.4605],[-45.7513,98.4674,-31.0394],[-35.1264,88.8658,-6.47215],[-25.9577,93.161,9.359],[[[0.852198,-0.197434,-0.484539],[0.111916,0.973424,-0.199803],[0.51111,0.116044,0.851646]],[[0.870888,-0.192912,-0.45204],[-0.443438,0.0881955,-0.891955],[0.211937,0.977244,-0.0087362]],[[0.870888,-0.192912,-0.45204],[-0.319296,-0.92129,-0.221978],[-0.373637,0.337652,-0.863936]],[[0.870888,-0.192912,-0.45204],[-0.0591958,-0.954223,0.293178],[-0.487904,-0.228566,-0.842441]]],2],[1953,[0.268652,-0.249272,0.930424],195,64.4285,[-14.1687,103.66,2.32295],[-11.035,97.7076,5.05099],[51.6657,-67.5972,54.9214],false,[10.2226,152.035,21.1552],[-13.3218,144.281,-36.3713],[-23.7966,101.02,-32.494],[-16.3544,94.1142,-6.71943],[-8.98592,99.3894,9.61977],[[[0.907246,-0.25102,-0.337482],[0.188751,0.960034,-0.20666],[0.37587,0.123792,0.918367]],[[0.910343,-0.249981,-0.329827],[-0.341048,-0.0016745,-0.940044],[0.234441,0.968249,-0.08678]],[[0.910343,-0.249981,-0.329827],[-0.314805,-0.935613,-0.159765],[-0.268652,0.249272,-0.930424]],[[0.910343,-0.249981,-0.329827],[-0.125486,-0.926171,0.355613],[-0.394373,-0.282341,-0.874502]]],3],[1954,[0.0481429,-0.24712,0.967788],195,50.5107,[-5.20179,109.827,-8.75026],[-2.10963,104.42,-6.11982],[53.2248,-68.0492,56.2562],false,[21.3,143.908,17.44],[7.24586,138.751,-38.5794],[-6.26738,106.126,-36.7758],[-5.32577,101.293,-17.847],[-0.907281,105.753,-1.79432],[[[0.900909,-0.390157,-0.190106],[0.360024,0.916443,-0.174682],[0.242375,0.0889303,0.966098]],[[0.911453,-0.385467,-0.143768],[-0.152315,0.00845085,-0.988296],[0.38217,0.922683,-0.0510097]],[[0.911453,-0.385467,-0.143768],[-0.408578,-0.889014,-0.206681],[-0.0481429,0.24712,-0.967788]],[[0.911453,-0.385467,-0.143768],[-0.321782,-0.885691,0.334676],[-0.25634,-0.258779,-0.931302]]],4]],[[0,200,0],[235.247,235.247,147.751]]],[284352,5134013224,[[195,"right",[-0.457483,0.0124928,-0.889131],[-0.0487642,-0.998749,0.0110576],[-20.0379,139.103,-10.6614],[53.937,-68.3048,32.0187],[-20.599,139.79,-10.9426],0.959531,1,0.522879,[[0.513943,0.0199548,-0.857592],[0.0954881,0.992186,0.0803112],[0.852493,-0.123165,0.508021]],63.72,[241.818,109.12,170.982],[11.645,142.374,33.8163]]],[[1950,[-0.00433806,-0.583273,-0.812264],195,52.1164,[-28.7166,84.2663,-18.0599],[-28.6766,83.4994,-18.3281],[84.4591,-71.9215,53.3535],false,[-12.6279,132.925,50.0213],[-12.6279,132.925,50.0213],[-42.7901,108.621,18.5363],[-42.9381,88.7338,-9.15833],[-23.3382,82.0257,-20.0476],[[[0.311627,0.876263,-0.367493],[-0.514213,0.480744,0.71026],[0.799045,-0.0323663,0.600399]],[[-0.0458743,0.811533,-0.582503],[-0.795481,0.323037,0.512696],[0.60424,0.48689,0.63074]],[[-0.0458743,0.811533,-0.582503],[-0.998938,-0.0347351,0.0302777],[0.00433806,0.583273,0.812264]],[[-0.0458743,0.811533,-0.582503],[-0.544553,-0.509174,-0.666487],[-0.837471,0.286629,0.46528]]],0],[1951,[-0.211104,-0.958401,-0.192101],195,58.8075,[-80.4259,108.094,-52.4824],[-80.1533,108.716,-53.4092],[98.7582,-108.459,-1.58038],false,[-9.40866,152.197,36.6009],[-53.599,142.785,-21.4603],[-80.2643,140.868,-55.0915],[-85.3667,117.703,-59.7347],[-78.7627,105.029,-50.3717],[[[0.798463,-0.0456315,-0.600312],[-0.0407893,0.990732,-0.129562],[0.60066,0.127936,0.789202]],[[0.784006,-0.0486503,-0.618844],[0.0104742,0.997819,-0.0651736],[0.620665,0.0446145,0.782805]],[[0.784006,-0.0486503,-0.618844],[-0.583755,0.281249,-0.761662],[0.211104,0.958401,0.192101]],[[0.784006,-0.0486503,-0.618844],[-0.485729,-0.668836,-0.562783],[-0.386526,0.741816,-0.548002]]],1],[1952,[0.353378,-0.318087,0.879741],195,67.0064,[-30.7975,96.3064,3.21403],[-27.3955,90.8571,5.96402],[56.8246,-60.3252,51.5674],false,[-0.105982,153.253,28.6032],[-33.9898,143.877,-31.6593],[-43.6936,96.6747,-30.6544],[-33.6448,87.6294,-5.63776],[-24.9634,92.2859,10.365],[[[0.86745,-0.19615,-0.457227],[0.107985,0.971323,-0.211828],[0.485665,0.134377,0.863755]],[[0.885031,-0.190979,-0.424555],[-0.41975,0.0670219,-0.905162],[0.201322,0.979303,-0.0208471]],[[0.885031,-0.190979,-0.424555],[-0.303058,-0.928627,-0.214029],[-0.353378,0.318087,-0.879741]],[[0.885031,-0.190979,-0.424555],[-0.0574327,-0.949804,0.307529],[-0.461976,-0.24779,-0.851574]]],2],[1953,[0.244861,-0.228765,0.942183],195,64.4285,[-13.595,102.866,2.95626],[-10.0052,96.9448,6.44829],[53.0072,-54.2508,65.5765],false,[10.1972,151.619,22.1144],[-11.6342,142.739,-35.9227],[-21.7258,99.4406,-31.4846],[-14.9426,93.1033,-5.3842],[-8.10366,98.7357,11.0656],[[[0.918839,-0.246898,-0.307856],[0.185111,0.958615,-0.216311],[0.348522,0.141767,0.926517]],[[0.922032,-0.245572,-0.29925],[-0.314391,-0.0239976,-0.94899],[0.225865,0.969081,-0.0993322]],[[0.922032,-0.245572,-0.29925],[-0.299832,-0.941998,-0.150798],[-0.244861,0.228765,-0.942183]],[[0.922032,-0.245572,-0.29925],[-0.125998,-0.921314,0.367838],[-0.366034,-0.301454,-0.880423]]],3],[1954,[0.0232359,-0.23026,0.972852],195,50.5107,[-4.55362,108.958,-8.06979],[-0.881427,103.501,-4.68063],[59.027,-58.9265,66.8119],false,[21.4542,143.55,18.8401],[9.0408,137.387,-37.4645],[-4.18783,104.656,-35.4672],[-3.73336,100.153,-16.4394],[0.18,104.917,-0.343052],[[[0.909701,-0.383805,-0.158552],[0.35583,0.917278,-0.178849],[0.214079,0.106282,0.971017]],[[0.918978,-0.378224,-0.111469],[-0.124547,-0.0102063,-0.992161],[0.374121,0.925658,-0.0564858]],[[0.918978,-0.378224,-0.111469],[-0.393623,-0.89662,-0.202815],[-0.0232359,0.23026,-0.972852]],[[0.918978,-0.378224,-0.111469],[-0.322387,-0.883483,0.33989],[-0.227035,-0.276415,-0.933836]]],4]],[[0,200,0],[235.247,235.247,147.751]]],[284353,5134030981,[[195,"right",[-0.454667,0.0116767,-0.890585],[-0.0451793,-0.998929,0.00996802],[-19.2519,138.439,-9.94883],[49.3968,-53.7997,35.8241],[-19.8125,139.001,-10.3624],0.958857,1,0.531519,[[0.514081,0.0242122,-0.8574],[0.0926572,0.992184,0.083574],[0.852722,-0.122408,0.50782]],63.72,[242.511,108.733,171.745],[12.2758,141.783,34.6336]]],[[1950,[0.00493991,-0.582268,-0.812982],195,52.1164,[-27.4565,83.4253,-17.3281],[-27.5322,82.8383,-17.6371],[75.228,-55.3767,45.6728],false,[-12.0146,132.231,50.7516],[-12.0146,132.231,50.7516],[-42.013,107.863,19.159],[-41.8445,88.0106,-8.56013],[-22.1709,81.3963,-19.3734],[[[0.309628,0.877733,-0.365671],[-0.518231,0.478207,0.709052],[0.797225,-0.0300402,0.602935]],[[-0.0468062,0.811966,-0.581825],[-0.79791,0.320028,0.510805],[0.600957,0.488153,0.632896]],[[-0.0468062,0.811966,-0.581825],[-0.998892,-0.0409268,0.0232427],[-0.00493991,0.582268,0.812982]],[[-0.0468062,0.811966,-0.581825],[-0.539589,-0.510724,-0.669331],[-0.840626,0.282618,0.462033]]],0],[1951,[-0.206444,-0.959525,-0.191554],195,58.8075,[-79.3359,107.127,-51.9456],[-79.1415,107.818,-52.7992],[79.0147,-80.5933,15.2666],false,[-8.82214,151.527,37.3597],[-52.7913,142.01,-20.8522],[-79.412,139.99,-54.5126],[-84.4018,116.797,-59.1426],[-77.7439,104.168,-49.757],[[[0.800548,-0.0421721,-0.597783],[-0.0439633,0.9907,-0.128767],[0.597654,0.129365,0.791249]],[[0.784869,-0.0454943,-0.61799],[0.00658381,0.997857,-0.0650971],[0.619627,0.0470239,0.783486]],[[0.784869,-0.0454943,-0.61799],[-0.584262,0.277924,-0.762493],[0.206444,0.959525,0.191554]],[[0.784869,-0.0454943,-0.61799],[-0.481798,-0.671968,-0.562432],[-0.389682,0.739181,-0.549326]]],1],[1952,[0.352167,-0.316846,0.880674],195,67.0064,[-30.1275,95.4973,3.79877],[-26.4457,90.1797,6.67187],[55.1064,-50.064,45.9332],false,[0.502298,152.624,29.3929],[-33.1536,143.183,-30.987],[-42.666,95.9407,-30.0005],[-32.6516,86.9307,-4.95728],[-24.0341,91.6077,11.074],[[[0.869619,-0.192575,-0.454618],[0.105144,0.971907,-0.210572],[0.482397,0.135318,0.865437]],[[0.886963,-0.187408,-0.422107],[-0.417551,0.0651497,-0.906315],[0.19735,0.980119,-0.0204668]],[[0.886963,-0.187408,-0.422107],[-0.298788,-0.929778,-0.215032],[-0.352167,0.316846,-0.880674]],[[0.886963,-0.187408,-0.422107],[-0.0548204,-0.950229,0.306691],[-0.458575,-0.248884,-0.853092]]],2],[1953,[0.243063,-0.224506,0.943672],195,64.4285,[-13.1015,102.268,3.49025],[-9.04551,96.4397,7.37334],[53.5218,-41.7472,60],false,[10.8321,151.034,22.9357],[-10.7804,142.129,-35.1795],[-20.6491,98.7957,-30.5871],[-13.9158,92.5764,-4.44547],[-7.16268,98.2566,12.0234],[[[0.920712,-0.243278,-0.30513],[0.18233,0.959484,-0.214819],[0.345028,0.142152,0.927765]],[[0.924211,-0.241804,-0.295577],[-0.311525,-0.0297104,-0.949773],[0.220877,0.96987,-0.102787]],[[0.924211,-0.241804,-0.295577],[-0.294542,-0.943996,-0.148717],[-0.243063,0.224506,-0.943672]],[[0.924211,-0.241804,-0.295577],[-0.123277,-0.921471,0.368367],[-0.361438,-0.30401,-0.881442]]],3],[1954,[0.0209648,-0.230145,0.97293],195,50.5107,[-3.98955,108.277,-7.4953],[0.0221378,102.927,-3.88676],[55.0194,-46.5153,56.4137],false,[22.1288,143.008,19.6901],[9.91871,136.854,-36.6599],[-3.19018,104.073,-34.6884],[-2.78013,99.572,-15.659],[1.05952,104.342,0.453512],[[[0.91159,-0.380358,-0.155984],[0.353076,0.918729,-0.176847],[0.210572,0.106138,0.971799]],[[0.920761,-0.374739,-0.108485],[-0.121466,-0.0111195,-0.992533],[0.370735,0.927064,-0.0557566]],[[0.920761,-0.374739,-0.108485],[-0.389562,-0.898111,-0.204052],[-0.0209648,0.230145,-0.972931]],[[0.920761,-0.374739,-0.108485],[-0.320276,-0.88487,0.338273],[-0.222759,-0.276723,-0.934774]]],4]],[[0,200,0],[235.247,235.247,147.751]]],[284354,5134054346,[[195,"right",[-0.443319,-0.00480395,-0.896351],[-0.0417134,-0.998792,0.0259836],[-18.2247,137.663,-9.14843],[46.3256,-42.1582,34.9375],[-18.836,138.179,-9.61583],0.955529,1,0.479177,[[0.511292,0.0300925,-0.85888],[0.100954,0.990364,0.0947972],[0.853457,-0.135176,0.503328]],63.72,[243.153,105.367,171.667],[12.7201,141.865,35.7686]]],[[1950,[0.0210283,-0.595177,-0.80332],195,52.1164,[-26.0904,82.5496,-16.0468],[-26.1068,81.9338,-15.9984],[66.8124,-45.4532,58.4254],false,[-11.7393,132.489,51.7337],[-11.7393,132.489,51.7337],[-41.2596,107.519,20.1611],[-40.5426,87.2259,-7.22859],[-20.7286,80.4829,-17.7008],[[[0.311107,0.872728,-0.376242],[-0.52894,0.48791,0.694382],[0.789579,-0.0170178,0.613413]],[[-0.0417116,0.802275,-0.595495],[-0.805313,0.325782,0.495315],[0.59138,0.500221,0.632494]],[[-0.0417116,0.802275,-0.595495],[-0.998908,-0.0460299,0.0079553],[-0.0210283,0.595177,0.80332]],[[-0.0417116,0.802275,-0.595495],[-0.530559,-0.522823,-0.667206],[-0.846621,0.288115,0.447462]]],0],[1951,[-0.199999,-0.963839,-0.17611],195,58.8075,[-77.6619,105.392,-51.2458],[-77.4768,106.053,-52.1198],[74.3168,-76.674,23.237],false,[-8.44575,151.572,38.0646],[-51.635,140.925,-20.5341],[-77.8866,138.209,-54.4346],[-82.7207,114.913,-58.6913],[-76.1005,102.496,-49.0008],[[[0.808247,-0.0490211,-0.586799],[-0.0458779,0.988257,-0.14575],[0.587053,0.144724,0.796507]],[[0.791595,-0.0530302,-0.608741],[0.00336357,0.99659,-0.0824436],[0.611037,0.0632144,0.789074]],[[0.791595,-0.0530302,-0.608741],[-0.577389,0.261156,-0.773576],[0.199999,0.963839,0.17611]],[[0.791595,-0.0530302,-0.608741],[-0.472487,-0.684839,-0.554754],[-0.387471,0.726762,-0.567171]]],1],[1952,[0.342811,-0.299317,0.890444],195,67.0064,[-29.4722,94.8082,4.4589],[-25.3911,89.7098,8.28087],[49.2733,-32.8598,58.8765],false,[0.975462,152.572,30.1996],[-31.8741,142.005,-30.4371],[-41.1872,94.7452,-28.6866],[-31.4389,86.2337,-3.36557],[-23.0372,91.2201,12.687],[[[0.876029,-0.196768,-0.440291],[0.104326,0.96868,-0.225335],[0.470839,0.151466,0.869119]],[[0.892798,-0.191048,-0.407937],[-0.406913,0.0463966,-0.912288],[0.193218,0.980484,-0.0363173]],[[0.892798,-0.191048,-0.407937],[-0.29222,-0.934831,-0.201736],[-0.342811,0.299317,-0.890444]],[[0.892798,-0.191048,-0.407937],[-0.0549532,-0.945035,0.322318],[-0.447093,-0.265347,-0.854224]]],2],[1953,[0.231617,-0.207301,0.950463],195,64.4285,[-12.6475,101.78,4.03572],[-8.07536,96.0292,9.05577],[46.1575,-27.9958,66.2765],false,[11.3924,150.915,23.9013],[-9.44564,140.967,-34.3275],[-19.2027,97.6796,-29.1054],[-12.7864,91.937,-2.77571],[-6.27116,97.9188,13.6821],[[[0.925395,-0.244794,-0.289346],[0.181604,0.956481,-0.228395],[0.332663,0.15881,0.929578]],[[0.928902,-0.24308,-0.27938],[-0.299085,-0.0475572,-0.953041],[0.218379,0.96884,-0.116878]],[[0.928902,-0.24308,-0.27938],[-0.288954,-0.947596,-0.13626],[-0.231617,0.207301,-0.950463]],[[0.928902,-0.24308,-0.27938],[-0.124672,-0.915648,0.38216],[-0.348709,-0.320158,-0.880852]]],3],[1954,[0.00946467,-0.212482,0.977119],195,50.5107,[-3.43379,107.685,-6.86503],[1.10846,102.368,-2.18419],[49.8831,-33.4698,65.6249],false,[22.7583,142.88,20.933],[11.2895,135.746,-35.4573],[-1.71634,102.955,-33.0434],[-1.53122,98.7988,-13.9321],[2.08033,103.861,2.14384],[[[0.914865,-0.379419,-0.138071],[0.351998,0.91701,-0.18759],[0.197787,0.123018,0.972495]],[[0.923491,-0.372904,-0.0900358],[-0.108956,-0.0299299,-0.993596],[0.367821,0.927387,-0.0682702]],[[0.923491,-0.372904,-0.0900358],[-0.383502,-0.903213,-0.192695],[-0.00946467,0.212482,-0.977119]],[[0.923491,-0.372904,-0.0900358],[-0.321345,-0.880159,0.349366],[-0.209526,-0.293704,-0.93265]]],4]],[[0,200,0],[235.247,235.247,147.751]]],[284355,5134073104,[[195,"right",[-0.451217,-0.00910402,-0.892368],[-0.0196638,-0.999604,0.0201408],[-17.1298,137.203,-8.22016],[52.2008,-33.571,42.0347],[-18.0397,137.723,-8.96444],0.944972,1,0.418921,[[0.518968,0.0523616,-0.853188],[0.0869744,0.989707,0.113644],[0.850357,-0.133183,0.509072]],63.72,[243.718,105.85,173.893],[14.1218,141.81,36.4439]]],[[1950,[0.0350778,-0.588749,-0.807555],195,52.1164,[-24.0738,81.9433,-15.2674],[-23.5468,81.3964,-15.3264],[102.813,-36.7787,44.8959],false,[-9.98131,131.804,52.5682],[-9.98131,131.804,52.5682],[-39.1518,106.388,21.0266],[-37.9558,86.3146,-6.50742],[-18.0758,80.0811,-17.1686],[[[0.288559,0.881578,-0.373569],[-0.533148,0.472026,0.702101],[0.795291,-0.00343004,0.606218]],[[-0.0638138,0.805083,-0.589719],[-0.808973,0.304293,0.50296],[0.584372,0.509162,0.631873]],[[-0.0638138,0.805083,-0.589719],[-0.997345,-0.0722191,0.00932974],[-0.0350778,0.588749,0.807555]],[[-0.0638138,0.805083,-0.589719],[-0.523814,-0.53,-0.666873],[-0.849439,0.266348,0.455535]]],0],[1951,[-0.180558,-0.967095,-0.179236],195,58.8075,[-76.3361,104.011,-49.9952],[-76.0924,104.559,-50.7704],[74.4152,-77.1418,46.7198],false,[-7.22916,151.038,38.9893],[-50.7052,139.801,-19.2864],[-77.2576,136.743,-52.9225],[-81.6217,113.368,-57.2547],[-74.6134,101.066,-47.6911],[[[0.803772,-0.0277857,-0.594289],[-0.0687589,0.987877,-0.139184],[0.590951,0.152735,0.792117]],[[0.785927,-0.0322946,-0.617475],[-0.0186684,0.99694,-0.0759023],[0.618037,0.071181,0.78292]],[[0.785927,-0.0322946,-0.617475],[-0.591369,0.252356,-0.765897],[0.180558,0.967095,0.179236]],[[0.785927,-0.0322946,-0.617475],[-0.462671,-0.693202,-0.552636],[-0.410188,0.720019,-0.559748]]],1],[1952,[0.35942,-0.291141,0.886597],195,67.0064,[-28.7205,94.2469,5.0552],[-22.9191,89.1658,9.24607],[90.5221,-29.881,56.8739],false,[2.09629,152.291,31.0468],[-31.0631,141.373,-29.3586],[-39.1828,93.8977,-27.4963],[-28.9622,85.6187,-2.28471],[-20.5167,90.7521,13.6984],[[[0.876088,-0.174894,-0.449314],[0.0811091,0.972071,-0.220227],[0.475281,0.156495,0.865805]],[[0.892825,-0.169076,-0.417466],[-0.417716,0.0358292,-0.907871],[0.168456,0.984952,-0.0386363]],[[0.892825,-0.169076,-0.417466],[-0.271443,-0.941621,-0.199168],[-0.35942,0.291141,-0.886597]],[[0.892825,-0.169076,-0.417466],[-0.0297655,-0.946991,0.319877],[-0.44942,-0.273168,-0.85053]]],2],[1953,[0.244578,-0.207576,0.94715],195,64.4285,[-12.1146,101.359,4.52474],[-5.90208,95.7102,9.66549],[79.9058,-22.7768,49.5653],false,[12.4894,150.9,24.6455],[-8.65358,140.849,-33.4556],[-17.4082,97.3289,-28.3967],[-10.6329,91.5786,-2.15875],[-4.10459,97.6045,14.2779],[[[0.927856,-0.222736,-0.299117],[0.158604,