{"metadata":{"formatVersion":2,"generatedBy":"LeapJS Playback 0.2.1","frames":25,"protocolVersion":6,"serviceVersion":"2.2.6+29154","frameRate":"61","modified":"Thu Jun 04 2015 15:03:22 GMT-0300 (E. South America Standard Time)"},"frames":[["id","timestamp",{"hands":[["id","type","direction","palmNormal","palmPosition","palmVelocity","stabilizedPalmPosition","pinchStrength","grabStrength","confidence","armBasis","armWidth","elbow","wrist"]]},{"pointables":[["id","direction","handId","length","stabilizedTipPosition","tipPosition","tipVelocity","tool","carpPosition","mcpPosition","pipPosition","dipPosition","btipPosition","bases","type"]]},{"interactionBox":["center","size"]}],[284598,5138143414,[[195,"right",[-0.518931,0.0562322,-0.852965],[-0.250777,-0.963943,0.0890207],[-36.9333,131.513,5.71407],[114.113,-85.4146,114.218],[-38.376,132.3,4.37957],1,1,0.371849,[[0.435582,-0.207962,-0.875797],[0.23718,0.96508,-0.1112],[0.86834,-0.159285,0.469696]],63.72,[232.853,87.6515,174.287],[-1.5983,130.658,47.469]]],[[1950,[-0.08638,-0.616346,-0.782724],195,52.1164,[-47.43,78.0154,-2.19755],[-46.6303,76.9483,-0.905828],[92.3236,-66.6367,124.752],false,[-25.8278,127.47,66.0116],[-25.8278,127.47,66.0116],[-57.4982,106.23,33.8],[-60.4434,85.215,7.11255],[-41.7005,74.8683,-2.34152],[[[0.451882,0.768486,-0.453025],[-0.343009,0.61847,0.706994],[0.823497,-0.164086,0.543073]],[[0.113595,0.774443,-0.622362],[-0.764569,0.468162,0.443012],[0.634453,0.425514,0.645296]],[[0.113595,0.774443,-0.622362],[-0.989765,0.142673,-0.0031175],[0.08638,0.616346,0.782724]],[[0.113595,0.774443,-0.622362],[-0.587988,-0.452533,-0.670436],[-0.800853,0.4421,0.403958]]],0],[1951,[-0.329994,-0.939406,-0.0928448],195,58.8075,[-99.6115,107.059,-34.3981],[-98.1819,107.245,-32.0308],[81.9738,-45.4444,141.991],false,[-19.8861,144.823,50.9956],[-69.8249,141.513,-2.92698],[-93.3905,138.918,-38.7556],[-101.367,116.212,-40.9997],[-97.6043,104.062,-29.5912],[[[0.718473,-0.246966,-0.650235],[0.151763,0.96798,-0.199959],[0.678797,0.0449831,0.732947]],[[0.819588,-0.236318,-0.521948],[0.165544,0.969796,-0.179141],[0.548517,0.0604162,0.833954]],[[0.819588,-0.236318,-0.521948],[-0.46838,0.248334,-0.847909],[0.329994,0.939406,0.0928448]],[[0.819588,-0.236318,-0.521948],[-0.528949,-0.662196,-0.530764],[-0.220202,0.711091,-0.667728]]],1],[1952,[0.268155,-0.473133,0.839189],195,67.0064,[-58.7486,83.0451,19.8352],[-56.869,82.6494,22.5257],[70.7874,-76.3486,100.447],false,[-11.276,143.436,42.3031],[-51.3428,137.873,-14.5413],[-73.0679,94.8464,-14.4803],[-65.4425,81.3922,9.38323],[-55.3337,82.4841,25.187],[[[0.767105,-0.399992,-0.501553],[0.285911,0.913044,-0.29087],[0.574286,0.0797281,0.814763]],[[0.785317,-0.397197,-0.47488],[-0.42441,0.213046,-0.88005],[0.450725,0.892662,-0.00126583]],[[0.785317,-0.397197,-0.47488],[-0.558005,-0.786371,-0.265049],[-0.268155,0.473133,-0.839189]],[[0.785317,-0.397197,-0.47488],[-0.306445,-0.915892,0.259294],[-0.53793,-0.0581041,-0.840985]]],2],[1953,[0.151534,-0.422323,0.893689],195,64.4285,[-42.9046,83.71,15.348],[-40.7051,82.4754,18.475],[84.9986,-77.9302,112.718],false,[-2.112,139.302,35.2414],[-30.1354,131.826,-20.2794],[-51.535,92.6073,-19.8083],[-47.3372,80.9081,4.94871],[-39.2032,82.6167,21.6822],[[[0.819505,-0.451583,-0.352824],[0.358148,0.88421,-0.299839],[0.447373,0.119356,0.886347]],[[0.819736,-0.451521,-0.352366],[-0.314059,0.160124,-0.935803],[0.478957,0.877775,-0.0105448]],[[0.819736,-0.451521,-0.352366],[-0.552332,-0.785985,-0.277773],[-0.151534,0.422323,-0.893689]],[[0.819736,-0.451521,-0.352366],[-0.372161,-0.887562,0.271534],[-0.43535,-0.0914495,-0.895605]]],3],[1954,[-0.126051,-0.270668,0.954385],195,50.5107,[-32.2645,91.9056,7.38737],[-30.3926,90.3864,9.885],[81.2858,-99.0175,92.2306],false,[6.93899,128.875,31.7903],[-11.1976,122.178,-22.8768],[-30.6326,92.6465,-22.1928],[-33.098,87.3526,-3.52615],[-29.8991,90.8227,13.0519],[[[0.795258,-0.574582,-0.193443],[0.519359,0.810256,-0.271573],[0.312779,0.115505,0.942777]],[[0.833966,-0.549911,-0.0458111],[-0.0488989,0.00904582,-0.998763],[0.549645,0.835174,-0.0193462]],[[0.833966,-0.549911,-0.0458111],[-0.537226,-0.79015,-0.295045],[0.126051,0.270668,-0.954385]],[[0.833966,-0.549911,-0.0458111],[-0.519673,-0.810597,0.269949],[-0.185582,-0.201322,-0.961784]]],4]],[[0,200,0],[235.247,235.247,147.751]]],[284599,5138153766,[[195,"right",[-0.51831,0.0490247,-0.853786],[-0.262281,-0.959356,0.104137],[-34.4799,131.66,8.0076],[152.051,-54.6703,147.357],[-36.7942,132.04,5.85252],1,1,0.387828,[[0.432118,-0.223946,-0.873569],[0.251538,0.960163,-0.12172],[0.866027,-0.167138,0.471234]],63.72,[234.674,85.9114,177.007],[0.846696,131.039,49.7738]]],[[1950,[-0.0870386,-0.628129,-0.773226],195,52.1164,[-46.4655,77.9082,-0.679004],[-44.647,77.2877,2.45205],[123.401,-34.5019,186.087],false,[-23.4173,128.432,68.3622],[-23.4173,128.432,68.3622],[-55.5038,107.217,36.5481],[-58.4715,85.8008,10.1845],[-39.695,75.1967,1.08898],[[[0.460995,0.755811,-0.465008],[-0.335512,0.633563,0.697158],[0.821532,-0.165371,0.545654]],[[0.123952,0.763311,-0.634028],[-0.755948,0.486546,0.437968],[0.64279,0.425005,0.637332]],[[0.123952,0.763311,-0.634028],[-0.988464,0.151028,-0.0114206],[0.0870386,0.628129,0.773226]],[[0.123952,0.763311,-0.634028],[-0.583926,-0.460501,-0.668558],[-0.802288,0.453095,0.388637]]],0],[1951,[-0.338286,-0.938266,-0.0722445],195,58.8075,[-98.6953,106.974,-32.9771],[-96.0566,107.245,-29.2086],[120.848,-34.5146,185.414],false,[-17.27,145.474,53.0759],[-67.2504,141.916,-0.792287],[-90.9443,138.667,-36.4828],[-99.1208,115.989,-38.229],[-95.4802,103.994,-26.619],[[[0.715399,-0.265731,-0.646213],[0.163311,0.962833,-0.215133],[0.679363,0.0483724,0.732207]],[[0.816233,-0.254347,-0.518721],[0.172072,0.964152,-0.201994],[0.551503,0.0756166,0.830739]],[[0.816233,-0.254347,-0.518721],[-0.468323,0.234444,-0.851886],[0.338286,0.938266,0.0722445]],[[0.816233,-0.254347,-0.518721],[-0.536993,-0.665174,-0.518827],[-0.213078,0.702034,-0.679519]]],1],[1952,[0.262438,-0.463251,0.846478],195,67.0064,[-58.005,83.0049,21.0373],[-55.0248,83.2978,25.5455],[104.217,-33.2999,160.142],false,[-8.67799,143.848,44.4069],[-48.8144,137.873,-12.3464],[-71.0627,95.12,-11.6318],[-63.5999,81.9469,12.439],[-53.4767,83.1666,28.2242],[[[0.762213,-0.416972,-0.495141],[0.296782,0.904875,-0.305158],[0.575283,0.0856466,0.813458]],[[0.780453,-0.413978,-0.468525],[-0.421707,0.204691,-0.883326],[0.46158,0.886975,-0.0148262]],[[0.780453,-0.413978,-0.468525],[-0.567468,-0.783595,-0.252902],[-0.262438,0.463251,-0.846478]],[[0.780453,-0.413978,-0.468525],[-0.317329,-0.90797,0.273666],[-0.538698,-0.0649073,-0.839995]]],2],[1953,[0.146639,-0.41019,0.900134],195,64.4285,[-42.1739,83.4953,16.44],[-38.8506,82.8741,21.4971],[114.199,-41.876,168.247],false,[0.435162,139.495,37.4118],[-27.6815,131.483,-17.987],[-49.5621,92.5418,-16.9334],[-45.4999,81.1787,8.00215],[-37.3377,83.0582,24.7036],[[[0.814007,-0.466843,-0.345615],[0.368668,0.875041,-0.313667],[0.448861,0.12791,0.8844]],[[0.814141,-0.466805,-0.345352],[-0.312003,0.149928,-0.938177],[0.489723,0.871559,-0.0235822]],[[0.814141,-0.466805,-0.345352],[-0.561847,-0.783478,-0.2655],[-0.146639,0.41019,-0.900134]],[[0.814141,-0.466805,-0.345352],[-0.382532,-0.878621,0.285823],[-0.436857,-0.100593,-0.893889]]],3],[1954,[-0.12636,-0.254736,0.958719],195,50.5107,[-31.4104,91.4979,8.50515],[-28.3938,90.5102,12.7952],[116.875,-64.5176,151.555],false,[9.36041,128.907,34.1257],[-8.86067,121.569,-20.4309],[-28.671,92.3029,-19.2826],[-31.1425,87.3205,-0.531204],[-27.8406,91.0034,15.9806],[[[0.788308,-0.587023,-0.184323],[0.528986,0.799617,-0.284229],[0.314237,0.126556,0.940871]],[[0.826717,-0.561184,-0.0401471],[-0.0514536,-0.00435513,-0.998666],[0.56026,0.82768,-0.0324754]],[[0.826717,-0.561184,-0.0401471],[-0.548245,-0.787516,-0.281506],[0.12636,0.254736,-0.958719]],[[0.826717,-0.561184,-0.0401471],[-0.529003,-0.799637,0.284141],[-0.191558,-0.213666,-0.957942]]],4]],[[0,200,0],[235.247,235.247,147.751]]],[284600,5138170885,[[195,"right",[-0.530332,0.104997,-0.841263],[-0.286384,-0.956158,0.0611993],[-30.2146,131.469,10.8788],[196.426,-34.7923,156.661],[-33.1956,131.728,8.60154],1,1,0.363031,[[0.446763,-0.236128,-0.862929],[0.233857,0.961829,-0.142116],[0.863547,-0.13831,0.484929]],63.72,[238.901,90.5021,182.879],[5.74318,127.846,51.948]]],[[1950,[-0.106607,-0.587377,-0.802262],195,52.1164,[-44.1304,78.0504,1.20093],[-41.6538,77.9035,3.04362],[148.785,-2.496,116.544],false,[-18.2831,124.953,70.8009],[-18.2831,124.953,70.8009],[-51.5764,106.37,38.583],[-55.2112,86.3434,11.2294],[-36.6904,75.8248,1.53066],[[[0.473759,0.765695,-0.435044],[-0.307144,0.606645,0.733242],[0.825357,-0.213759,0.522583]],[[0.136399,0.790592,-0.596958],[-0.732498,0.486185,0.476519],[0.666965,0.372274,0.645422]],[[0.136399,0.790592,-0.596958],[-0.984901,0.173067,0.00416456],[0.106607,0.587377,0.802262]],[[0.136399,0.790592,-0.596958],[-0.59593,-0.415888,-0.686953],[-0.791368,0.449445,0.414411]]],0],[1951,[-0.362829,-0.925404,-0.109467],195,58.8075,[-96.7557,107.978,-30.6125],[-93.0579,110.312,-26.3579],[145.904,61.557,177.488],false,[-11.9224,142.568,56.27],[-62.8324,143.003,3.16194],[-87.2293,141.875,-32.1833],[-95.999,119.508,-34.8291],[-92.5069,106.849,-23.898],[[[0.697583,-0.25187,-0.670775],[0.185788,0.967743,-0.170165],[0.691998,-0.00591767,0.721875]],[[0.800665,-0.24949,-0.544693],[0.19095,0.968021,-0.162705],[0.567867,0.0262628,0.822701]],[[0.800665,-0.24949,-0.544693],[-0.47675,0.285276,-0.831461],[0.362829,0.925404,0.109467]],[[0.800665,-0.24949,-0.544693],[-0.563169,-0.623587,-0.542199],[-0.20439,0.740874,-0.639789]]],1],[1952,[0.264617,-0.509868,0.818543],195,67.0064,[-56.098,82.851,22.5751],[-51.7706,82.8649,26.3527],[144.71,-26.7605,110.448],false,[-3.51663,141.151,47.3845],[-44.6986,139.059,-8.89379],[-68.0494,96.9037,-9.84544],[-60.5247,82.4049,13.431],[-50.1082,82.6076,29.0705],[[[0.742699,-0.411615,-0.528177],[0.316196,0.910865,-0.265228],[0.59027,0.0299773,0.806649]],[[0.761408,-0.41043,-0.501802],[-0.43077,0.258133,-0.864757],[0.484453,0.874594,0.0197437]],[[0.761408,-0.41043,-0.501802],[-0.591807,-0.75603,-0.279611],[-0.264617,0.509868,-0.818543]],[[0.761408,-0.41043,-0.501802],[-0.336165,-0.911828,0.235716],[-0.554302,-0.0107876,-0.832246]]],2],[1953,[0.14992,-0.458392,0.876014],195,64.4285,[-40.3518,83.0505,17.9016],[-35.7034,82.2021,21.9684],[145.851,-39.2794,103.932],false,[5.36315,136.915,40.0271],[-23.8383,132.408,-15.2063],[-46.7594,94.059,-15.7363],[-42.6063,81.3606,8.53109],[-34.1231,82.1992,25.1571],[[[0.795504,-0.470203,-0.382208],[0.387106,0.87962,-0.276437],[0.46618,0.0719515,0.881759]],[[0.795516,-0.470201,-0.382186],[-0.322453,0.2055,-0.924009],[0.51301,0.858301,0.0118609]],[[0.795516,-0.470201,-0.382186],[-0.587094,-0.75418,-0.294165],[-0.14992,0.458392,-0.876014]],[[0.795516,-0.470201,-0.382186],[-0.401255,-0.881417,0.249194],[-0.454036,-0.0448839,-0.889852]]],3],[1954,[-0.115176,-0.29943,0.947141],195,50.5107,[-29.2886,90.8595,10.034],[-25.1295,89.9691,13.4942],[151.137,-48.1714,101.348],false,[13.9459,126.274,36.0693],[-5.33327,122.139,-18.4605],[-25.9278,93.396,-18.4125],[-28.1805,87.5395,0.112437],[-24.4601,90.2989,16.7152],[[[0.769143,-0.597547,-0.226621],[0.545778,0.798656,-0.253524],[0.332485,0.0713117,0.940409]],[[0.809865,-0.580424,-0.085013],[-0.069892,0.0484166,-0.996379],[0.582438,0.812874,-0.0013561]],[[0.809865,-0.580424,-0.085013],[-0.575199,-0.757265,-0.309349],[0.115176,0.29943,-0.947141]],[[0.809865,-0.580424,-0.085013],[-0.545464,-0.798424,0.254929],[-0.215843,-0.160086,-0.963216]]],4]],[[0,200,0],[235.247,235.247,147.751]]],[284601,5138198458,[[195,"right",[-0.516798,0.0910039,-0.851257],[-0.265977,-0.962196,0.0586107],[-24.6328,134.714,16.1995],[200.187,60.6722,179.388],[-27.5553,133.695,13.6063],1,1,0.400856,[[0.466679,-0.228747,-0.854333],[0.213954,0.966482,-0.141902],[0.858157,-0.116565,0.499979]],63.72,[242.329,100.528,192.933],[10.6263,132,57.9391]]],[[1950,[-0.0743619,-0.591937,-0.802546],195,52.1164,[-38.0786,80.0943,6.03437],[-34.6767,81.0499,8.50086],[211.868,71.8159,167.893],false,[-13.676,128.615,76.3511],[-13.676,128.615,76.3511],[-46.1697,109.386,43.6986],[-48.7051,89.2039,16.3353],[-29.6973,79.1319,7.11625],[[[0.4645,0.775075,-0.428367],[-0.334258,0.601386,0.725677],[0.820068,-0.193892,0.538419]],[[0.130493,0.792079,-0.596308],[-0.747825,0.473523,0.465332],[0.650945,0.385211,0.654128]],[[0.130493,0.792079,-0.596308],[-0.988657,0.14907,-0.0183434],[0.0743619,0.591937,0.802546]],[[0.130493,0.792079,-0.596308],[-0.568638,-0.432901,-0.699462],[-0.812171,0.430358,0.393915]]],0],[1951,[-0.337774,-0.934789,-0.109902],195,58.8075,[-91.197,109.704,-25.9694],[-86.3113,111.79,-22.0505],[208.748,54.7225,165.144],false,[-7.44217,146.333,61.8904],[-57.3516,145.495,7.84566],[-81.099,143.418,-27.8967],[-89.2631,120.824,-30.5531],[-85.6993,108.27,-19.5257],[[[0.715418,-0.23778,-0.656991],[0.167193,0.971252,-0.169457],[0.678397,0.0113888,0.734607]],[[0.81622,-0.232763,-0.528778],[0.168088,0.971332,-0.16811],[0.552748,0.0483338,0.831945]],[[0.81622,-0.232763,-0.528778],[-0.468714,0.268312,-0.841615],[0.337774,0.934789,0.109902]],[[0.81622,-0.232763,-0.528778],[-0.538773,-0.637103,-0.551202],[-0.208586,0.734793,-0.645423]]],1],[1952,[0.266305,-0.494024,0.82766],195,67.0064,[-51.0816,84.1921,26.5884],[-45.2463,85.8108,31.515],[207.515,59.3976,163.506],false,[1.1572,145.083,53.1665],[-38.9127,141.93,-3.86014],[-61.1511,99.1771,-4.83774],[-53.5783,85.1288,18.6979],[-43.4085,85.7643,34.4875],[[[0.76144,-0.396123,-0.513123],[0.300589,0.917084,-0.261921],[0.57433,0.0451975,0.817375]],[[0.779688,-0.394447,-0.486312],[-0.423346,0.240185,-0.87355],[0.461374,0.886974,0.0202821]],[[0.779688,-0.394447,-0.486312],[-0.566718,-0.774824,-0.280141],[-0.266305,0.494024,-0.82766]],[[0.779688,-0.394447,-0.486312],[-0.314978,-0.918296,0.239835],[-0.54118,-0.0338187,-0.840226]]],2],[1953,[0.148786,-0.446815,0.882167],195,64.4285,[-35.4997,84.0797,21.8657],[-29.1018,85.4905,27.398],[207.666,62.0911,165.397],false,[10.2651,141.029,45.9873],[-17.7947,135.732,-9.7654],[-39.7809,96.8421,-10.4181],[-35.6592,84.4644,14.0197],[-27.4393,85.6644,30.7554],[[[0.812817,-0.453153,-0.366033],[0.372378,0.887413,-0.271722],[0.447954,0.084558,0.890049]],[[0.812537,-0.453206,-0.366589],[-0.312467,0.192263,-0.930268],[0.492085,0.870425,0.0146088]],[[0.812537,-0.453206,-0.366589],[-0.563601,-0.771337,-0.295623],[-0.148786,0.446815,-0.882167]],[[0.812537,-0.453206,-0.366589],[-0.382405,-0.889089,0.251569],[-0.439943,-0.0642238,-0.895726]]],3],[1954,[-0.123684,-0.300172,0.945833],195,50.5107,[-24.2145,91.908,14.0827],[-18.6357,93.331,19.0007],[205.098,58.4553,163.431],false,[19.1564,130.574,42.2199],[0.993177,125.874,-12.6462],[-18.9692,96.6895,-12.8958],[-21.3883,90.8185,5.60352],[-17.9901,93.694,22.2556],[[[0.786424,-0.580677,-0.210597],[0.53237,0.810089,-0.245637],[0.313238,0.0810594,0.946209]],[[0.823589,-0.562739,-0.0708942],[-0.0545401,0.045839,-0.997459],[0.564559,0.825363,0.00706065]],[[0.823589,-0.562739,-0.0708942],[-0.553537,-0.770209,-0.31682],[0.123684,0.300172,-0.945833]],[[0.823589,-0.562739,-0.0708942],[-0.531821,-0.809625,0.248341],[-0.197149,-0.166828,-0.966075]]],4]],[[0,200,0],[235.247,235.247,147.751]]],[284602,5138207111,[[195,"right",[-0.51847,0.0931184,-0.850011],[-0.264184,-0.962865,0.0556595],[-23.9095,135.259,16.8578],[169.225,61.2711,151.955],[-26.5448,134.129,14.5075],1,1,0.269858,[[0.470446,-0.227025,-0.852725],[0.210266,0.967344,-0.141538],[0.857012,-0.112714,0.502819]],63.72,[242.822,102.026,194.286],[11.4284,132.458,58.525]]],[[1950,[-0.0729641,-0.589545,-0.804433],195,52.1164,[-36.8488,80.5919,6.99451],[-33.8449,81.6472,9.06027],[180.694,71.128,140.688],false,[-12.8351,128.965,76.9678],[-12.8351,128.965,76.9678],[-45.4249,109.833,44.3545],[-47.9127,89.732,16.9269],[-28.8724,79.7521,7.67497],[[[0.462378,0.777408,-0.426431],[-0.334021,0.598214,0.728402],[0.821363,-0.19436,0.536272]],[[0.127851,0.794399,-0.593788],[-0.746601,0.471198,0.469638],[0.652872,0.383279,0.653342]],[[0.127851,0.794399,-0.593788],[-0.989106,0.146173,-0.0174112],[0.0729641,0.589545,0.804433]],[[0.127851,0.794399,-0.593788],[-0.567249,-0.432541,-0.700812],[-0.813562,0.426425,0.395321]]],0],[1951,[-0.336164,-0.935085,-0.112294],195,58.8075,[-90.0102,110.143,-24.9514],[-85.6252,112.322,-21.3554],[174.51,56.4648,142.704],false,[-6.65806,146.745,62.5592],[-56.662,146.011,8.60037],[-80.4776,143.984,-27.0994],[-88.6028,121.382,-29.8136],[-84.9996,108.792,-18.8404],[[[0.714665,-0.234185,-0.659099],[0.165188,0.972141,-0.166298],[0.679682,0.0099725,0.733439]],[[0.815653,-0.229448,-0.531097],[0.165594,0.972176,-0.165689],[0.554337,0.0471977,0.830953]],[[0.815653,-0.229448,-0.531097],[-0.470855,0.270128,-0.839837],[0.336164,0.935085,0.112294]],[[0.815653,-0.229448,-0.531097],[-0.538735,-0.635856,-0.552677],[-0.21089,0.736913,-0.642249]]],1],[1952,[0.27124,-0.492802,0.826786],195,67.0064,[-49.9078,84.5627,27.5078],[-44.3345,86.3312,32.1057],[183.117,61.2381,141.391],false,[1.92797,145.541,53.8157],[-38.2377,142.52,-3.15069],[-60.3288,99.6906,-4.09304],[-52.6157,85.6771,19.4178],[-42.3965,86.3459,35.174],[[[0.76122,-0.392957,-0.515877],[0.298514,0.918537,-0.25919],[0.575703,0.0433036,0.816512]],[[0.77957,-0.391337,-0.489006],[-0.426866,0.239362,-0.872062],[0.45832,0.888572,0.0195506]],[[0.77957,-0.391337,-0.489006],[-0.564535,-0.777175,-0.278027],[-0.27124,0.492802,-0.826786]],[[0.77957,-0.391337,-0.489006],[-0.310714,-0.919559,0.240558],[-0.543809,-0.0355907,-0.838454]]],2],[1953,[0.155475,-0.444264,0.882302],195,64.4285,[-34.2949,84.4134,22.827],[-28.1445,86.1069,27.9988],[184.88,66.8555,143.688],false,[11.0302,141.529,46.606],[-17.1194,136.381,-9.11537],[-38.9745,97.4155,-9.66348],[-34.6676,85.1085,14.7781],[-26.3661,86.3714,31.4689],[[[0.812959,-0.450419,-0.369082],[0.370337,0.889027,-0.269224],[0.449387,0.0821832,0.889549]],[[0.812487,-0.450505,-0.370014],[-0.317167,0.190961,-0.928945],[0.489152,0.872112,0.0122678]],[[0.812487,-0.450505,-0.370014],[-0.561865,-0.774387,-0.290916],[-0.155475,0.444264,-0.882302]],[[0.812487,-0.450505,-0.370014],[-0.377436,-0.890212,0.255079],[-0.444305,-0.0675918,-0.893322]]],3],[1954,[-0.120666,-0.303934,0.94502],195,50.5107,[-23.0616,92.2154,14.9736],[-17.8234,93.8714,19.4918],[175.88,59.6979,135.345],false,[19.9331,131.103,42.7857],[1.68061,126.566,-12.0645],[-18.2377,97.3522,-12.3817],[-20.5977,91.4076,6.10176],[-17.1578,94.2275,22.7548],[[[0.787066,-0.578539,-0.214054],[0.530511,0.811892,-0.243698],[0.314778,0.0782479,0.945935]],[[0.824267,-0.56118,-0.0752378],[-0.0571262,0.0497777,-0.997125],[0.563312,0.826195,0.00897203]],[[0.824267,-0.56118,-0.0752378],[-0.553194,-0.76987,-0.318238],[0.120666,0.303934,-0.94502]],[[0.824267,-0.56118,-0.0752378],[-0.529864,-0.811364,0.246844],[-0.199569,-0.163599,-0.96613]]],4]],[[0,200,0],[235.247,235.247,147.751]]],[284603,5138242935,[[195,"right",[-0.508943,0.0727379,-0.857721],[-0.33851,-0.933055,0.121734],[-14.7008,133.144,21.836],[232.579,-25.5135,142.583],[-17.1255,133.345,20.3357],1,1,0.302029,[[0.480339,-0.359102,-0.8002],[0.242715,0.931136,-0.272166],[0.842831,-0.0634886,0.53442]],63.72,[247.842,113.419,208.113],[20.2775,130.561,63.8195]]],[[1950,[-0.111312,-0.638114,-0.761853],195,52.1164,[-32.3925,80.5921,12.7058],[-28.5284,80.1781,17.8705],[158.969,-9.47935,214.69],false,[-4.19945,130.279,82.309],[-4.19945,130.279,82.309],[-38.1602,111.599,50.8529],[-41.9555,89.842,24.877],[-23.6463,77.8295,16.6187],[[[0.521937,0.706978,-0.477247],[-0.286943,0.672419,0.682288],[0.803272,-0.219168,0.553822]],[[0.192741,0.738199,-0.646463],[-0.707101,0.56127,0.430097],[0.680337,0.374217,0.630161]],[[0.192741,0.738199,-0.646463],[-0.974916,0.218799,-0.0408202],[0.111312,0.638114,0.761853]],[[0.192741,0.738199,-0.646463],[-0.592299,-0.437732,-0.676441],[-0.782325,0.513277,0.352865]]],0],[1951,[-0.407618,-0.911921,-0.0474132],195,58.8075,[-82.504,111.164,-18.5867],[-78.009,112.353,-15.0288],[201.16,16.8321,168.27],false,[3.35691,146.46,66.7221],[-46.5084,145.798,12.6341],[-70.4039,143.044,-22.9635],[-80.2561,121.003,-24.1095],[-77.6549,108.976,-12.256],[[[0.694759,-0.335088,-0.636417],[0.240627,0.942144,-0.233375],[0.677797,0.00900007,0.735194]],[[0.795597,-0.32918,-0.508592],[0.24015,0.942089,-0.234086],[0.556195,0.0640998,0.828576]],[[0.795597,-0.32918,-0.508592],[-0.448188,0.245033,-0.859701],[0.407618,0.911921,0.0474132]],[[0.795597,-0.32918,-0.508592],[-0.586383,-0.629395,-0.509919],[-0.15225,0.703919,-0.69377]]],1],[1952,[0.238313,-0.443895,0.863808],195,67.0064,[-45.701,85.6068,32.361],[-38.6829,87.3224,40.5363],[168.977,39.3231,213.964],false,[11.83,143.977,58.1396],[-28.4029,140.062,1.27518],[-53.5932,99.0331,3.58331],[-46.8164,86.4103,28.1469],[-36.5213,87.5625,43.8256],[[[0.728675,-0.486461,-0.482066],[0.369442,0.871899,-0.321411],[0.576667,0.0561085,0.81505]],[[0.747214,-0.484357,-0.455049],[-0.410542,0.202035,-0.889178],[0.522615,0.851223,-0.047886]],[[0.747214,-0.484357,-0.455049],[-0.620386,-0.753893,-0.216256],[-0.238313,0.443895,-0.863808]],[[0.747214,-0.484357,-0.455049],[-0.376213,-0.872719,0.311167],[-0.547846,-0.0613126,-0.834329]]],2],[1953,[0.127322,-0.383258,0.914824],195,64.4285,[-30.2507,84.8361,27.4722],[-22.5368,85.5738,36.5461],[167.576,9.85216,215.851],false,[20.5974,138.769,51.2884],[-7.82291,131.894,-4.1082],[-32.5552,94.7605,-1.71923],[-29.0281,84.1434,23.6232],[-20.5653,86.0935,40.1662],[[[0.775657,-0.537236,-0.331261],[0.438754,0.836259,-0.328886],[0.453709,0.109761,0.884365]],[[0.774768,-0.53745,-0.33299],[-0.305485,0.1429,-0.941413],[0.553547,0.8311,-0.0534689]],[[0.774768,-0.53745,-0.33299],[-0.619293,-0.751173,-0.228507],[-0.127322,0.383258,-0.914824]],[[0.774768,-0.53745,-0.33299],[-0.44111,-0.836812,0.324296],[-0.452943,-0.104369,-0.885409]]],3],[1954,[-0.14239,-0.226718,0.963496],195,50.5107,[-18.609,91.8767,19.739],[-11.829,91.6787,27.3925],[169.926,-27.8498,197.745],false,[28.6632,127.438,48.2691],[10.1568,120.463,-6.23904],[-11.9976,92.9521,-4.62035],[-14.7826,88.5178,14.2245],[-11.096,92.2215,30.65],[[[0.739727,-0.651662,-0.167753],[0.592404,0.748909,-0.296973],[0.319157,0.120301,0.940035]],[[0.777481,-0.628046,-0.0328841],[-0.0543358,-0.0149881,-0.99841],[0.626554,0.778032,-0.0457783]],[[0.777481,-0.628046,-0.0328841],[-0.612575,-0.744418,-0.265696],[0.14239,0.226718,-0.963496]],[[0.777481,-0.628046,-0.0328841],[-0.591421,-0.747923,0.301383],[-0.213877,-0.214872,-0.952936]]],4]],[[0,200,0],[235.247,235.247,147.751]]],[284604,5138261867,[[195,"right",[-0.516017,0.10997,-0.84949],[-0.370309,-0.922902,0.105468],[-9.84816,134.965,25.8249],[244.236,34.2525,176.024],[-13.0353,134.256,23.4209],1,1,0.330773,[[0.495408,-0.386224,-0.778076],[0.233768,0.921952,-0.3088],[0.836614,-0.0289076,0.547029]],63.72,[251.39,122.396,214.999],[25.5043,130.201,67.3011]]],[[1950,[-0.138963,-0.616995,-0.774601],195,52.1164,[-30.2372,81.2934,15.189],[-25.4545,82.7002,20.9236],[162.107,59.8474,187.59],false,[1.25119,130.377,86.0845],[1.25119,130.377,86.0845],[-33.7215,113.703,54.6095],[-38.4595,92.6666,28.1991],[-20.6248,80.2244,19.5479],[[[0.541333,0.698443,-0.468119],[-0.25463,0.666784,0.700402],[0.801325,-0.259954,0.538797]],[[0.213371,0.745163,-0.631826],[-0.680897,0.577201,0.450797],[0.700608,0.334022,0.630538]],[[0.213371,0.745163,-0.631826],[-0.967038,0.253078,-0.0280988],[0.138963,0.616995,0.774601]],[[0.213371,0.745163,-0.631826],[-0.611353,-0.40261,-0.681288],[-0.76205,0.531636,0.369652]]],0],[1951,[-0.440474,-0.895621,-0.0620128],195,58.8075,[-79.2022,113.441,-15.2841],[-74.2992,117.242,-10.6834],[198.118,135.63,198.192],false,[9.2,146.623,70.7628],[-41.287,148.946,17.3011],[-65.6916,147.818,-18.0388],[-76.338,126.171,-19.5377],[-74.0316,113.795,-7.98589],[[[0.674792,-0.345295,-0.652248],[0.271515,0.937963,-0.215651],[0.686248,-0.0315757,0.726682]],[[0.777212,-0.345842,-0.525675],[0.270676,0.937925,-0.216865],[0.568045,0.0262625,0.822578]],[[0.777212,-0.345842,-0.525675],[-0.449359,0.279743,-0.848422],[0.440474,0.895621,0.0620128]],[[0.777212,-0.345842,-0.525675],[-0.614589,-0.596443,-0.516271],[-0.134987,0.724326,-0.676114]]],1],[1952,[0.234738,-0.468523,0.851695],195,67.0064,[-43.5245,86.4632,34.7203],[-35.1615,89.6753,43.8746],[178.977,82.2585,197.372],false,[17.4775,144.033,62.0227],[-23.5332,142.825,5.59363],[-50.0926,102.645,7.43577],[-43.4175,89.3217,31.6549],[-32.8811,89.8099,47.2076],[[[0.705062,-0.501193,-0.50169],[0.396688,0.865163,-0.30681],[0.587814,0.0173057,0.808811]],[[0.724027,-0.500352,-0.474798],[-0.414922,0.233953,-0.879265],[0.551022,0.833615,-0.0382183]],[[0.724027,-0.500352,-0.474798],[-0.648601,-0.728103,-0.221771],[-0.234738,0.468523,-0.851695]],[[0.724027,-0.500352,-0.474798],[-0.401767,-0.865432,0.299349],[-0.560685,-0.0259785,-0.827621]]],2],[1953,[0.125197,-0.406986,0.904814],195,64.4285,[-28.2297,85.3203,29.648],[-19.1822,87.4126,39.5982],[172.764,53.0724,189.585],false,[25.9716,138.671,54.9499],[-3.32383,134.052,-0.224463],[-29.3334,97.7735,1.69152],[-25.8652,86.4992,26.7567],[-17.13,87.7964,43.222],[[[0.751956,-0.556967,-0.352633],[0.464584,0.827255,-0.31593],[0.46768,0.0737377,0.880817]],[[0.750961,-0.557123,-0.354503],[-0.311733,0.174165,-0.934071],[0.582134,0.811961,-0.0428827]],[[0.750961,-0.557123,-0.354503],[-0.64837,-0.723862,-0.235881],[-0.125197,0.406986,-0.904814]],[[0.750961,-0.557123,-0.354503],[-0.466352,-0.827523,0.312605],[-0.467518,-0.0694313,-0.881252]]],3],[1954,[-0.138206,-0.243319,0.96005],195,50.5107,[-16.4498,92.1196,21.9124],[-8.38734,93.302,30.4231],[175.644,28.447,179.384],false,[33.5899,127.13,51.5823],[14.2081,122.038,-2.83007],[-8.90562,95.3109,-1.53731],[-11.6088,90.5519,17.2401],[-7.57977,93.7484,33.6918],[[[0.713862,-0.673669,-0.191237],[0.615366,0.733798,-0.287864],[0.334254,0.087814,0.938383]],[[0.753767,-0.65463,-0.0574023],[-0.0673232,0.00996473,-0.997681],[0.653684,0.755884,-0.0365607]],[[0.753767,-0.65463,-0.0574023],[-0.642444,-0.71572,-0.273879],[0.138206,0.243319,-0.96005]],[[0.753767,-0.65463,-0.0574023],[-0.614166,-0.732849,0.292801],[-0.233743,-0.185449,-0.954449]]],4]],[[0,200,0],[235.247,235.247,147.751]]],[284605,5138270042,[[195,"right",[-0.510871,0.1159,-0.851809],[-0.373825,-0.922231,0.0987182],[-7.97176,135.448,27.1602],[240.516,40.5135,172.818],[-11.5216,134.612,24.5387],1,1,0.337746,[[0.499369,-0.390366,-0.773463],[0.22745,0.920498,-0.317727],[0.836001,-0.0172614,0.548457]],63.72,[252.851,125.701,216.893],[27.1311,130.362,68.8098]]],[[1950,[-0.132581,-0.612994,-0.778884],195,52.1164,[-29.2208,81.623,16.1892],[-23.5507,83.3224,21.9405],[181.174,64.0149,170.612],false,[2.77324,130.52,87.4573],[2.77324,130.52,87.4573],[-32.0494,114.186,55.64],[-36.5698,93.2854,29.0835],[-18.6678,80.8499,20.5626],[[[0.546176,0.699056,-0.461532],[-0.256455,0.664058,0.702323],[0.797447,-0.26523,0.54197]],[[0.221354,0.747663,-0.626101],[-0.681435,0.577859,0.449138],[0.697602,0.327229,0.637395]],[[0.221354,0.747663,-0.626101],[-0.966139,0.255418,-0.0365623],[0.132581,0.612994,0.778884]],[[0.221354,0.747663,-0.626101],[-0.604891,-0.398328,-0.689522],[-0.764924,0.531351,0.364083]]],0],[1951,[-0.442804,-0.893986,-0.0686543],195,58.8075,[-77.7769,114.307,-14.0986],[-72.2814,118.086,-9.78785],[210.449,127.495,175.804],false,[10.8598,146.818,72.2629],[-39.3175,149.572,18.5308],[-63.5372,148.675,-16.9427],[-74.2399,127.067,-18.6021],[-72.0373,114.626,-7.10094],[[[0.677357,-0.344163,-0.650184],[0.275701,0.938163,-0.209376],[0.682038,-0.0374339,0.730358]],[[0.779003,-0.345678,-0.523126],[0.274499,0.938121,-0.211138],[0.563741,0.0208796,0.825688]],[[0.779003,-0.345678,-0.523126],[-0.443935,0.285124,-0.849486],[0.442804,0.893986,0.0686543]],[[0.779003,-0.345678,-0.523126],[-0.613624,-0.591828,-0.522691],[-0.128918,0.72818,-0.673152]]],1],[1952,[0.229899,-0.471882,0.851161],195,67.0064,[-42.5585,86.8288,35.6875],[-33.4823,90.1831,44.8766],[186.914,77.7809,179.707],false,[19.1781,144.245,63.5565],[-21.5175,143.453,6.89243],[-48.18,103.329,8.45444],[-41.6425,89.9105,32.6584],[-31.178,90.3193,48.2618],[[[0.706284,-0.500914,-0.500248],[0.401154,0.865423,-0.300198],[0.583299,0.011348,0.812178]],[[0.725127,-0.500268,-0.473205],[-0.410129,0.238258,-0.880356],[0.553159,0.832445,-0.0324064]],[[0.725127,-0.500268,-0.473205],[-0.649105,-0.725989,-0.227163],[-0.229899,0.471882,-0.851161]],[[0.725127,-0.500268,-0.473205],[-0.405089,-0.865598,0.294353],[-0.55686,-0.0217533,-0.830321]]],2],[1953,[0.119194,-0.411572,0.903549],195,64.4285,[-27.3339,85.5398,30.5509],[-17.5218,87.8666,40.6457],[180.678,53.8346,174.329],false,[27.6949,138.891,56.5044],[-1.30369,134.644,1.14369],[-27.4348,98.4384,2.74354],[-24.1329,87.037,27.7737],[-15.481,88.2312,44.2906],[[[0.752159,-0.557589,-0.351214],[0.46898,0.827344,-0.309128],[0.462941,0.0678008,0.883792]],[[0.751148,-0.557735,-0.353141],[-0.306137,0.17964,-0.934885],[0.584856,0.810346,-0.0358071]],[[0.751148,-0.557735,-0.353141],[-0.649284,-0.720791,-0.242673],[-0.119194,0.411572,-0.903549]],[[0.751148,-0.557735,-0.353141],[-0.470477,-0.827554,0.306276],[-0.463064,-0.0639144,-0.884017]]],3],[1954,[-0.143605,-0.248095,0.958033],195,50.5107,[-15.4991,92.2519,22.8067],[-6.65755,93.7494,31.5379],[185.141,35.2932,168.574],false,[35.2954,127.344,53.1214],[16.2045,122.588,-1.42407],[-7.00833,95.9349,-0.407334],[-9.81707,91.0824,18.3306],[-5.8515,94.1793,34.8167],[[[0.712787,-0.674979,-0.190627],[0.619304,0.733265,-0.280687],[0.329238,0.0820141,0.940678]],[[0.751771,-0.656918,-0.0574299],[-0.0621795,0.016085,-0.997935],[0.656486,0.75379,-0.0287546]],[[0.751771,-0.656918,-0.0574299],[-0.643597,-0.711974,-0.280848],[0.143605,0.248095,-0.958033]],[[0.751771,-0.656918,-0.0574299],[-0.617989,-0.732242,0.286203],[-0.230065,-0.179668,-0.956446]]],4]],[[0,200,0],[235.247,235.247,147.751]]],[284606,5138284188,[[195,"right",[-0.506401,0.122278,-0.853584],[-0.373971,-0.9231,0.0896271],[-6.37982,135.852,28.3502],[189.807,35.7908,137.673],[-9.1745,135.178,26.2786],1,1,0.348678,[[0.503753,-0.389673,-0.770966],[0.219397,0.920927,-0.322114],[0.835523,-0.00688168,0.549413]],63.72,[254.095,128.6,218.486],[28.5041,130.458,70.1446]]],[[1950,[-0.115264,-0.608303,-0.785291],195,52.1164,[-26.9079,82.3134,18.0125],[-21.3335,83.8832,22.6694],[175.648,53.7766,119.951],false,[4.04783,130.464,88.6635],[4.04783,130.464,88.6635],[-30.4153,114.486,56.2789],[-34.3452,93.7456,29.5039],[-16.2601,81.4138,21.2225],[[[0.548331,0.70279,-0.453232],[-0.260436,0.658532,0.706051],[0.794674,-0.269111,0.544126]],[[0.230703,0.752549,-0.616803],[-0.685656,0.575512,0.445715],[0.6904,0.320087,0.648762]],[[0.230703,0.752549,-0.616803],[-0.966173,0.252264,-0.0535959],[0.115264,0.608303,0.785291]],[[0.230703,0.752549,-0.616803],[-0.591298,-0.395,-0.703095],[-0.77275,0.52692,0.353853]]],0],[1951,[-0.441956,-0.893672,-0.0776215],195,58.8075,[-75.1722,115.726,-12.2166],[-70.4952,118.725,-9.06273],[177.233,95.0546,126.388],false,[12.2081,146.882,73.6382],[-37.6851,150.031,19.6639],[-61.7238,149.38,-15.9378],[-72.4061,127.78,-17.814],[-70.2589,115.251,-6.39783],[[[0.680928,-0.338896,-0.64922],[0.276428,0.939849,-0.200677],[0.678178,-0.042816,0.73365]],[[0.781871,-0.341354,-0.521685],[0.274966,0.939813,-0.202845],[0.559529,0.0151526,0.828673]],[[0.781871,-0.341354,-0.521685],[-0.439719,0.291252,-0.849599],[0.441956,0.893672,0.0776215]],[[0.781871,-0.341354,-0.521685],[-0.610644,-0.587986,-0.530459],[-0.125669,0.733315,-0.668174]]],1],[1952,[0.22805,-0.475484,0.849652],195,67.0064,[-40.772,87.4582,37.3378],[-31.8809,90.5038,45.651],[159.495,56.7967,132.088],false,[20.5735,144.379,64.9564],[-19.8213,144.009,8.0732],[-46.4174,103.829,9.30825],[-39.9324,90.3082,33.4693],[-29.5262,90.6565,49.1131],[[[0.709124,-0.496788,-0.500346],[0.40239,0.867856,-0.291391],[0.578987,0.00529812,0.815319]],[[0.727871,-0.496341,-0.473127],[-0.407114,0.242412,-0.880622],[0.55178,0.833596,-0.0256232]],[[0.727871,-0.496341,-0.473127],[-0.646681,-0.726334,-0.2329],[-0.22805,0.475484,-0.849652]],[[0.727871,-0.496341,-0.473127],[-0.404421,-0.86793,0.288343],[-0.553757,-0.0185338,-0.832472]]],2],[1953,[0.115297,-0.417801,0.901193],195,64.4285,[-25.6726,85.9381,32.1108],[-15.9587,88.1844,41.4281],[153.22,41.6275,127.647],false,[29.1297,139.082,57.9085],[0.426202,135.252,2.36389],[-25.6916,99.021,3.57134],[-22.4977,87.4471,28.5362],[-13.9233,88.5318,45.1011],[[[0.754232,-0.554593,-0.351512],[0.470277,0.829872,-0.300255],[0.458229,0.0611537,0.886728]],[[0.753182,-0.554731,-0.35354],[-0.301677,0.18631,-0.935029],[0.584558,0.810902,-0.0270245]],[[0.753182,-0.554731,-0.35354],[-0.647629,-0.719524,-0.250722],[-0.115297,0.417801,-0.901193]],[[0.753182,-0.554731,-0.35354],[-0.471292,-0.830002,0.298297],[-0.458913,-0.0580519,-0.886583]]],3],[1954,[-0.147054,-0.256278,0.955352],195,50.5107,[-13.76,92.5174,24.3271],[-5.04885,94.1066,32.3777],[157.513,31.6166,125.481],false,[36.7526,127.564,54.4769],[17.9526,123.222,-0.203936],[-5.26898,96.5654,0.463079],[-8.14518,91.5529,19.1486],[-4.23062,94.5167,35.6713],[[[0.714057,-0.673232,-0.192045],[0.620486,0.73563,-0.271744],[0.324221,0.0748798,0.943013]],[[0.751897,-0.65651,-0.0603752],[-0.0579005,0.0254666,-0.997997],[0.656733,0.753888,-0.018864]],[[0.751897,-0.65651,-0.0603752],[-0.64267,-0.709448,-0.289237],[0.147054,0.256278,-0.955352]],[[0.751897,-0.65651,-0.0603752],[-0.618929,-0.734458,0.278384],[-0.227105,-0.171948,-0.95857]]],4]],[[0,200,0],[235.247,235.247,147.751]]],[284607,5138306096,[[195,"right",[-0.500481,0.128315,-0.856186],[-0.366349,-0.927437,0.0751552],[-2.84093,137.274,30.2979],[174.477,51.5796,111.23],[-5.13162,136.516,28.8442],1,1,0.368303,[[0.514574,-0.378181,-0.769541],[0.209296,0.925731,-0.314987],[0.83151,0.00102223,0.555509]],63.72,[256.255,131.95,222.298],[31.747,131.674,72.3108]]],[[1950,[-0.0894919,-0.601579,-0.793784],195,52.1164,[-21.0949,84.0234,21.2336],[-16.7251,85.2954,23.8616],[197.032,58.2291,81.9271],false,[7.14093,131.233,90.6248],[7.14093,131.233,90.6248],[-26.7557,115.416,57.5702],[-29.807,94.9049,30.5056],[-11.4961,82.8312,22.3409],[[[0.545659,0.713211,-0.439985],[-0.272137,0.647392,0.711917],[0.792589,-0.268728,0.547346]],[[0.233268,0.762156,-0.603908],[-0.696041,0.564552,0.44363],[0.679053,0.31686,0.662184]],[[0.233268,0.762156,-0.603908],[-0.968286,0.23921,-0.0721227],[0.0894919,0.601579,0.793784]],[[0.233268,0.762156,-0.603908],[-0.577441,-0.391117,-0.716651],[-0.782398,0.515893,0.348865]]],0],[1951,[-0.432396,-0.897129,-0.0905191],195,58.8075,[-70.0103,117.976,-9.48904],[-66.4885,119.993,-7.8078],[180.904,75.135,89.3453],false,[15.2755,147.907,75.8709],[-34.2007,151.28,21.5274],[-57.9596,150.816,-14.2646],[-68.4108,129.132,-16.4525],[-66.2171,116.506,-5.15222],[[[0.689248,-0.324746,-0.647671],[0.269571,0.94469,-0.186796],[0.672509,-0.0458445,0.738668]],[[0.789045,-0.327883,-0.51952],[0.267548,0.944656,-0.189848],[0.553016,0.0108015,0.833101]],[[0.789045,-0.327883,-0.51952],[-0.436397,0.296062,-0.84965],[0.432396,0.897129,0.0905191]],[[0.789045,-0.327883,-0.51952],[-0.600769,-0.588571,-0.540982],[-0.128395,0.73897,-0.661391]]],1],[1952,[0.229354,-0.479203,0.847208],195,67.0064,[-36.763,88.7776,40.3182],[-27.924,91.5883,46.9617],[173.269,53.9258,95.4927],false,[23.7338,145.587,67.2286],[-16.1891,145.561,10.0121],[-42.3314,105.073,10.745],[-35.8094,91.4458,34.8365],[-25.4971,91.7821,50.5427],[[[0.717648,-0.48421,-0.500522],[0.396915,0.874952,-0.277341],[0.572224,0.000368186,0.820097]],[[0.736238,-0.483931,-0.473037],[-0.404711,0.245364,-0.880912],[0.542367,0.840004,-0.0152058]],[[0.736238,-0.483931,-0.473037],[-0.636671,-0.73224,-0.241816],[-0.229354,0.479203,-0.847208]],[[0.736238,-0.483931,-0.473037],[-0.396,-0.874923,0.278735],[-0.548759,-0.0178929,-0.835789]]],2],[1953,[0.112313,-0.427277,0.897117],195,64.4285,[-21.8501,86.9306,35.0429],[-12.0753,89.3821,42.7181],[166.5,48.8911,90.7504],false,[32.3948,140.455,60.1873],[4.18269,137.056,4.36356],[-21.6103,100.578,4.9305],[-18.499,88.7416,29.7825],[-10.0615,89.7106,46.4246],[[[0.762056,-0.543449,-0.352042],[0.465213,0.837687,-0.286108],[0.450386,0.0542561,0.891184]],[[0.760981,-0.543577,-0.354163],[-0.296052,0.194798,-0.935097],[0.577287,0.816442,-0.0126891]],[[0.760981,-0.543577,-0.354163],[-0.638978,-0.722467,-0.264099],[-0.112313,0.427277,-0.897118]],[[0.760981,-0.543577,-0.354163],[-0.465804,-0.837756,0.284942],[-0.45159,-0.0518648,-0.890717]]],3],[1954,[-0.151199,-0.270043,0.950902],195,50.5107,[-9.89637,93.3498,27.0843],[-1.14512,95.4822,33.7901],[169.333,48.8192,92.522],false,[40.1492,129.048,56.6775],[21.8373,125.216,1.79336],[-1.16022,98.3579,1.92083],[-4.11749,93.0762,20.5193],[-0.33189,95.8639,37.1026],[[[0.72165,-0.664407,-0.194386],[0.616028,0.744444,-0.257515],[0.315804,0.0660884,0.94652]],[[0.75789,-0.649248,-0.0638686],[-0.0508543,0.0388078,-0.997952],[0.650397,0.759586,-0.003605]],[[0.75789,-0.649248,-0.0638686],[-0.634619,-0.711023,-0.302829],[0.151199,0.270044,-0.950902]],[[0.75789,-0.649248,-0.0638686],[-0.614303,-0.743183,0.265164],[-0.219623,-0.161731,-0.962086]]],4]],[[0,200,0],[235.247,235.247,147.751]]],[284608,5138319286,[[195,"right",[-0.487856,0.171155,-0.85598],[-0.363097,-0.931522,0.0206832],[0.12289,139.075,33.7322],[193.325,83.4596,167.198],[-2.82673,137.639,30.9883],1,1,0.380298,[[0.523592,-0.353199,-0.775308],[0.179846,0.935333,-0.304643],[0.83277,0.0200725,0.553255]],63.72,[258.935,136.83,225.307],[34.0868,131.411,75.9279]]],[[1950,[-0.0713256,-0.559942,-0.825456],195,52.1164,[-17.2664,85.6471,22.7694],[-13.2773,87.4791,24.3989],[220.932,97.7925,66.9807],false,[9.20438,129.913,93.8075],[9.20438,129.913,93.8075],[-24.0978,115.748,59.426],[-26.5297,96.6564,31.2816],[-8.00896,85.1114,22.8303],[[[0.549,0.737449,-0.393405],[-0.28609,0.608048,0.740561],[0.785335,-0.294019,0.544795]],[[0.239632,0.793707,-0.559111],[-0.705335,0.538057,0.461517],[0.667143,0.283766,0.688765]],[[0.239632,0.793707,-0.559111],[-0.96824,0.237684,-0.0775681],[0.0713256,0.559942,0.825456]],[[0.239632,0.793707,-0.559111],[-0.562426,-0.355926,-0.74632],[-0.791362,0.4933,0.36111]]],0],[1951,[-0.425952,-0.893418,-0.14272],195,58.8075,[-66.6151,120.403,-7.85429],[-62.8392,123.53,-6.18127],[217.438,147.665,101.705],false,[17.4863,147.371,80.0772],[-31.1639,153.4,25.2202],[-54.3732,154.687,-10.9106],[-64.6686,133.093,-14.3602],[-62.5684,119.921,-3.68251],[[[0.700643,-0.287602,-0.652981],[0.267967,0.954237,-0.132762],[0.661281,-0.0819591,0.745647]],[[0.798533,-0.297081,-0.523533],[0.265522,0.954382,-0.136574],[0.540224,-0.029951,0.840988]],[[0.798533,-0.297081,-0.523533],[-0.425335,0.336967,-0.839967],[0.425952,0.893418,0.14272]],[[0.798533,-0.297081,-0.523533],[-0.589266,-0.563402,-0.579089],[-0.122923,0.770922,-0.624955]]],1],[1952,[0.220505,-0.519829,0.825322],195,67.0064,[-33.8905,89.7125,42.0901],[-24.922,92.5281,47.6576],[194.842,60.9526,81.0547],false,[26.0874,145.54,71.4581],[-12.9506,148.364,13.7031],[-38.8624,107.756,12.0084],[-32.592,92.9742,35.4776],[-22.5053,92.57,51.3279],[[[0.727526,-0.454463,-0.513974],[0.397015,0.889846,-0.224842],[0.55954,-0.0404768,0.827815]],[[0.745725,-0.455557,-0.486171],[-0.39357,0.287577,-0.873156],[0.537584,0.842477,0.0351601]],[[0.745725,-0.455557,-0.486171],[-0.628707,-0.722666,-0.287197],[-0.220505,0.519829,-0.825322]],[[0.745725,-0.455557,-0.486171],[-0.394702,-0.889947,0.228485],[-0.536754,0.0215056,-0.843465]]],2],[1953,[0.100862,-0.473031,0.875253],195,64.4285,[-19.0352,87.7522,36.8665],[-9.06446,90.5709,43.4839],[189.862,64.6216,78.9032],false,[34.8796,140.819,64.2933],[7.54534,140.247,7.93479],[-18.0784,103.686,6.19746],[-15.2843,90.5823,30.4437],[-7.1032,90.7163,47.2409],[[[0.769925,-0.521244,-0.36813],[0.465613,0.853359,-0.234485],[0.436371,0.00912942,0.89972]],[[0.76886,-0.521265,-0.37032],[-0.282757,0.242275,-0.92809],[0.5735,0.818282,0.0388842]],[[0.76886,-0.521265,-0.37032],[-0.631412,-0.710299,-0.311119],[-0.100862,0.473031,-0.875253]],[[0.76886,-0.521265,-0.37032],[-0.465968,-0.853365,0.233758],[-0.437868,-0.00717034,-0.899011]]],3],[1954,[-0.163777,-0.320558,0.932963],195,50.5107,[-7.11509,94.191,28.8336],[1.9736,97.1577,35.0352],[195.05,79.0229,92.9928],false,[42.7406,129.642,60.3114],[25.2928,128.627,5.0228