{"metadata":{"formatVersion":2,"generatedBy":"LeapJS Playback 0.2.1","frames":172,"protocolVersion":6,"serviceVersion":"2.2.6+29154","frameRate":"1.0e+2","modified":"Thu Jun 04 2015 14:45:04 GMT-0300 (E. South America Standard Time)"},"frames":[["id","timestamp",{"hands":[["id","type","direction","palmNormal","palmPosition","palmVelocity","stabilizedPalmPosition","pinchStrength","grabStrength","confidence","armBasis","armWidth","elbow","wrist"]]},{"pointables":[["id","direction","handId","length","stabilizedTipPosition","tipPosition","tipVelocity","tool","carpPosition","mcpPosition","pipPosition","dipPosition","btipPosition","bases","type"]]},{"interactionBox":["center","size"]}],[221381,4106701572,[[134,"right",[-0.123052,0.277269,-0.95288],[-0.247346,-0.938444,-0.241127],[-30.3637,160.605,33.9942],[77.2682,-26.2603,-19.5773],[-34.4371,166.62,43.7958],1,0,0.719455,[[0.692616,-0.000104389,-0.721306],[0.24679,0.939682,0.236838],[0.677774,-0.342049,0.650865]],60.534,[157.773,61.0054,249.48],[-16.0762,148.741,82.5336]]],[[1340,[-0.0201917,-0.306646,-0.95161],134,49.5106,[-60.4563,124.036,9.54891],[-58.5578,124.066,9.16938],[122.82,-2.89309,44.2828],false,[-44.2426,143.791,88.1422],[-44.2426,143.791,88.1422],[-70.192,142.004,48.4905],[-70.846,132.072,17.6671],[-53.5773,121.476,8.50952],[[[0.583958,0.810572,-0.0443324],[-0.614833,0.477281,0.62784],[0.530069,-0.339375,0.777079]],[[0.383696,0.876545,-0.290598],[-0.743871,0.479844,0.465193],[0.547205,0.037675,0.836151]],[[0.383696,0.876545,-0.290598],[-0.923239,0.370996,-0.0999597],[0.0201917,0.306646,0.95161]],[[0.383696,0.876545,-0.290598],[-0.499515,-0.0676703,-0.863658],[-0.7767,0.47654,0.411882]]],0],[1341,[-0.271828,0.399393,-0.875554],134,55.8671,[-77.607,214.933,-37.8451],[-74.828,209.12,-47.9851],[93.1372,-30.7965,-27.351],false,[-33.535,162.463,81.5246],[-55.6371,174.016,16.2346],[-64.6852,196.254,-16.7717],[-70.9269,205.425,-36.876],[-75.9713,209.603,-51.7272],[[[0.926777,-0.156541,-0.341436],[0.202678,0.973739,0.103699],[0.316237,-0.165308,0.934167]],[[0.921606,-0.15388,-0.356319],[0.318584,0.824289,0.468029],[0.22169,-0.544856,0.808694]],[[0.921606,-0.15388,-0.356319],[0.277042,0.903773,0.326254],[0.271828,-0.399393,0.875554]],[[0.921606,-0.15388,-0.356319],[0.232506,0.953979,0.189382],[0.310779,-0.257382,0.914971]]],1],[1342,[-0.0100075,-0.520376,0.853879],134,63.6561,[-55.6832,135.397,7.55045],[-50.3199,121.74,28.7796],[88.9083,-25.6864,-17.2038],false,[-22.6597,162.319,77.2184],[-35.0341,171.661,12.7779],[-53.2356,134.035,-5.92488],[-53.5059,119.978,17.1423],[-48.9367,122.246,34.2504],[[[0.912759,-0.341126,-0.22473],[0.363336,0.92939,0.0649667],[0.1867,-0.140951,0.972253]],[[0.917316,-0.344684,-0.199308],[-0.0229855,0.453896,-0.890758],[0.397495,0.821688,0.408443]],[[0.917316,-0.344684,-0.199308],[-0.398034,-0.781282,-0.480799],[0.0100075,0.520376,-0.853879]],[[0.917316,-0.344684,-0.199308],[-0.304994,-0.930084,0.204751],[-0.255948,-0.127033,-0.958307]]],2],[1343,[-0.160614,-0.444473,0.881276],134,61.2071,[-34.1884,133.577,6.54139],[-34.3113,121.515,32.9473],[84.9917,-21.1179,-5.91637],false,[-11.8941,159.262,73.9063],[-14.326,165.684,14.7959],[-31.9175,130.916,-2.03596],[-36.1444,119.219,21.1565],[-33.6429,122.334,38.4508],[[[0.900281,-0.427234,-0.083459],[0.433387,0.897676,0.079705],[0.0408665,-0.107927,0.993319]],[[0.901113,-0.430356,-0.0528214],[0.127391,0.37923,-0.916491],[0.414449,0.819133,0.396552]],[[0.901113,-0.430356,-0.0528214],[-0.40274,-0.785645,-0.469642],[0.160614,0.444473,-0.881276]],[[0.901113,-0.430356,-0.0528214],[-0.410043,-0.885434,0.218794],[-0.140929,-0.175499,-0.97434]]],3],[1344,[-0.418808,-0.31458,0.851845],134,47.9852,[-18.5661,134.476,15.2068],[-20.793,126.985,30.302],[77.088,-16.9779,-13.4224],false,[-2.52683,149.656,72.2341],[3.25323,155.903,17.8096],[-12.9201,130.141,3.55897],[-20.7019,124.296,19.387],[-21.2621,128.139,35.2946],[[[0.814893,-0.579264,0.0200531],[0.570034,0.807213,0.153196],[-0.104928,-0.113407,0.987992]],[[0.789403,-0.589779,0.170307],[0.380822,0.252895,-0.889392],[0.481475,0.766946,0.424236]],[[0.789403,-0.589779,0.170307],[-0.448825,-0.743775,-0.495334],[0.418808,0.31458,-0.851845]],[[0.789403,-0.589779,0.170307],[-0.612922,-0.772697,0.165125],[0.0342088,-0.234735,-0.971457]]],4]],[[0,200,0],[235.247,235.247,147.751]]],[221382,4106710239,[[134,"right",[-0.120047,0.280508,-0.952315],[-0.245051,-0.937943,-0.245383],[-29.2637,160.405,33.802],[90.4694,-25.4392,-20.269],[-34.2573,166.404,43.4484],1,0,0.736634,[[0.696921,0.000977107,-0.717147],[0.244188,0.939921,0.238582],[0.674294,-0.341391,0.654812]],60.534,[157.824,60.8203,250.309],[-15.1328,148.387,82.3496]]],[[1340,[-0.0106661,-0.304069,-0.95259],134,49.5106,[-59.0891,124.036,9.93375],[-57.127,124.089,9.28684],[131.675,1.61905,36.567],false,[-43.3117,143.374,87.8389],[-43.3117,143.374,87.8389],[-69.3912,141.975,48.2571],[-69.7366,132.126,17.4019],[-52.1515,121.619,8.76057],[[[0.582881,0.811606,-0.0393192],[-0.617811,0.474093,0.627332],[0.527787,-0.341368,0.777759]],[[0.384814,0.878028,-0.284577],[-0.741266,0.477699,0.471518],[0.549948,0.0295006,0.834677]],[[0.384814,0.878028,-0.284577],[-0.922932,0.369606,-0.107645],[0.0106661,0.304069,0.95259]],[[0.384814,0.878028,-0.284577],[-0.475753,-0.0755186,-0.876331],[-0.790934,0.472613,0.388664]]],0],[1341,[-0.268973,0.399562,-0.876358],134,55.8671,[-77.421,214.646,-38.3255],[-73.4837,209.02,-48.2323],[110.008,-26.4931,-28.0719],false,[-32.6087,162.086,81.327],[-54.4935,173.841,15.9998],[-63.432,196.138,-16.9969],[-69.6081,205.312,-37.1198],[-74.6027,209.472,-51.9928],[[[0.928236,-0.153916,-0.338657],[0.200823,0.973664,0.107924],[0.313128,-0.168189,0.9347]],[[0.923493,-0.151406,-0.352471],[0.314957,0.823799,0.471335],[0.219002,-0.546288,0.80846]],[[0.923493,-0.151406,-0.352471],[0.27352,0.904116,0.328269],[0.268973,-0.399562,0.876358]],[[0.923493,-0.151406,-0.352471],[0.229066,0.954672,0.19008],[0.307715,-0.256277,0.916315]]],1],[1342,[-0.00572817,-0.512156,0.858874],134,63.6561,[-55.2597,134.575,8.93092],[-48.9452,121.614,29.0668],[108.247,-22.0295,-1.36362],false,[-21.7178,161.974,77.0595],[-33.8747,171.529,12.6088],[-51.9481,133.641,-5.68396],[-52.1029,119.806,17.5182],[-47.5364,122.163,34.615],[[[0.914079,-0.338939,-0.222666],[0.361687,0.929697,0.0696109],[0.183418,-0.144165,0.972406]],[[0.918411,-0.342465,-0.19809],[-0.0270921,0.445082,-0.89508],[0.394699,0.827418,0.39949]],[[0.918411,-0.342465,-0.19809],[-0.395587,-0.787664,-0.472331],[0.00572817,0.512156,-0.858874]],[[0.918411,-0.342465,-0.19809],[-0.301819,-0.930209,0.208845],[-0.255787,-0.132019,-0.957676]]],2],[1343,[-0.160935,-0.441634,0.882643],134,61.2071,[-34.1217,132.885,8.14462],[-33.1156,121.381,32.9941],[99.0166,-19.3165,-2.85556],false,[-10.9357,158.945,73.7753],[-13.1649,165.577,14.6799],[-30.675,130.707,-2.02752],[-34.9103,119.085,21.2009],[-32.4612,122.212,38.5005],[[[0.901224,-0.425574,-0.0817507],[0.431732,0.898036,0.0844873],[0.0374596,-0.111436,0.993065]],[[0.901959,-0.428901,-0.0501458],[0.127629,0.375716,-0.917904],[0.41253,0.821512,0.39362]],[[0.901959,-0.428901,-0.0501458],[-0.400712,-0.788038,-0.467361],[0.160935,0.441634,-0.882643]],[[0.901959,-0.428901,-0.0501458],[-0.409186,-0.886001,0.218105],[-0.137974,-0.176203,-0.974636]]],3],[1344,[-0.419142,-0.308245,0.853994],134,47.9852,[-18.6353,134.137,15.9814],[-19.7042,126.94,30.4263],[89.8814,-13.4145,-5.15427],false,[-1.54791,149.36,72.1023],[4.41825,155.812,17.7217],[-11.7914,129.956,3.68239],[-19.5794,124.228,19.5503],[-20.1882,128.119,35.4447],[[[0.815696,-0.578103,0.0209068],[0.568252,0.807515,0.158144],[-0.108306,-0.117117,0.987195]],[[0.788857,-0.589291,0.174471],[0.380585,0.245509,-0.891561],[0.482555,0.769715,0.417947]],[[0.788857,-0.589291,0.174471],[-0.449471,-0.746807,-0.490158],[0.419142,0.308245,-0.853994]],[[0.788857,-0.589291,0.174471],[-0.613451,-0.77219,0.165532],[0.0371782,-0.23761,-0.970649]]],4]],[[0,200,0],[235.247,235.247,147.751]]],[221383,4106719751,[[134,"right",[-0.115053,0.283172,-0.952143],[-0.241488,-0.937727,-0.249704],[-27.7815,160.065,33.4174],[109.273,-28.3797,-26.0687],[-33.963,166.116,42.9926],1,0,0.752249,[[0.70263,0.00271985,-0.71155],[0.240429,0.940271,0.241009],[0.669705,-0.340417,0.660009]],60.534,[157.869,60.613,251.303],[-13.9105,147.93,82.0107]]],[[1340,[0.0000709268,-0.301218,-0.953555],134,49.5106,[-57.2603,124.046,10.2301],[-55.2927,124.003,9.20741],[145.734,1.94393,24.0152],false,[-42.1099,142.837,87.3179],[-42.1099,142.837,87.3179],[-68.2731,141.835,47.7793],[-68.2708,132.079,16.8928],[-50.3591,121.667,8.82542],[[[0.581277,0.813021,-0.0333826],[-0.622569,0.470779,0.62512],[0.523952,-0.342585,0.779814]],[[0.386173,0.879593,-0.277826],[-0.739245,0.475258,0.477123],[0.551713,0.0211295,0.833766]],[[0.386173,0.879593,-0.277826],[-0.922427,0.368217,-0.116385],[-0.0000709268,0.301218,0.953555]],[[0.386173,0.879593,-0.277826],[-0.449268,-0.0837002,-0.889468],[-0.805623,0.468306,0.36285]]],0],[1341,[-0.26432,0.39889,-0.878079],134,55.8671,[-77.0716,214.259,-38.9709],[-71.5991,208.694,-48.8056],[135.792,-29.5842,-37.7637],false,[-31.4108,161.593,80.9268],[-52.9359,173.501,15.5077],[-61.7036,195.823,-17.5169],[-67.7729,204.983,-37.6792],[-72.6849,209.111,-52.5886],[[[0.930563,-0.150801,-0.333635],[0.197993,0.973773,0.112096],[0.30798,-0.170369,0.936014]],[[0.926304,-0.148478,-0.346287],[0.309538,0.823901,0.474735],[0.214818,-0.546938,0.809143]],[[0.926304,-0.148478,-0.346287],[0.268506,0.904898,0.330247],[0.26432,-0.39889,0.878079]],[[0.926304,-0.148478,-0.346287],[0.22445,0.955657,0.190636],[0.302626,-0.254311,0.918555]]],1],[1342,[-0.00306626,-0.502259,0.864712],134,63.6561,[-54.6025,133.552,10.6341],[-47.1353,121.334,29.2621],[132.228,-23.7029,6.94806],false,[-20.4947,161.518,76.7235],[-32.2922,171.245,12.2316],[-50.1568,133.03,-5.57951],[-50.2397,119.462,17.7803],[-45.7261,121.921,34.8767],[[[0.916138,-0.336212,-0.218297],[0.359179,0.930283,0.0745998],[0.177997,-0.146751,0.973027]],[[0.920273,-0.339751,-0.194078],[-0.0298165,0.433677,-0.900575],[0.390138,0.834562,0.388971]],[[0.920273,-0.339751,-0.194078],[-0.391264,-0.795176,-0.463258],[0.00306626,0.502259,-0.864712]],[[0.920273,-0.339751,-0.194078],[-0.298623,-0.930369,0.212691],[-0.252826,-0.137778,-0.957651]]],2],[1343,[-0.16217,-0.43693,0.884756],134,61.2071,[-33.9239,132.039,10.0604],[-31.4941,121.131,32.9335],[119.581,-20.7347,-3.55881],false,[-9.68659,158.524,73.4937],[-11.5817,165.332,14.4069],[-28.9571,130.317,-2.1359],[-33.2249,118.818,21.1481],[-30.8585,121.992,38.4508],[[[0.902645,-0.423309,-0.0777271],[0.429206,0.898732,0.0897928],[0.0318458,-0.114412,0.992923]],[[0.903204,-0.426822,-0.0452318],[0.129036,0.370531,-0.919813],[0.409356,0.824942,0.38974]],[[0.903204,-0.426822,-0.0452318],[-0.397397,-0.79178,-0.463855],[0.16217,0.43693,-0.884756]],[[0.903204,-0.426822,-0.0452318],[-0.407983,-0.886482,0.218401],[-0.133316,-0.178807,-0.97481]]],3],[1344,[-0.421734,-0.302837,0.854652],134,47.9852,[-18.6296,133.715,16.9188],[-18.1962,126.758,30.3549],[109.643,-14.6137,-5.87591],false,[-0.267549,148.965,71.8468],[6.00507,155.597,17.5226],[-10.1668,129.65,3.60956],[-18.0029,124.023,19.4897],[-18.7002,127.963,35.3681],[[[0.816856,-0.576344,0.0239546],[0.565491,0.808289,0.163978],[-0.11387,-0.1204,0.986173]],[[0.788323,-0.58816,0.180595],[0.383107,0.239568,-0.892096],[0.481431,0.772447,0.414185]],[[0.788323,-0.58816,0.180595],[-0.447982,-0.749905,-0.48678],[0.421734,0.302837,-0.854652]],[[0.788323,-0.58816,0.180595],[-0.613786,-0.772106,0.164678],[0.0425811,-0.240666,-0.969673]]],4]],[[0,200,0],[235.247,235.247,147.751]]],[221384,4106728343,[[134,"right",[-0.110481,0.286498,-0.951689],[-0.239805,-0.936945,-0.25422],[-26.3475,159.844,33.1231],[124.484,-27.6786,-28.2304],[-33.5905,165.809,42.5098],1,0,0.764828,[[0.707819,0.00398851,-0.706383],[0.23866,0.939832,0.244452],[0.664856,-0.341613,0.664279]],60.534,[157.825,59.9191,252.129],[-12.711,147.543,81.7409]]],[[1340,[0.0106311,-0.29857,-0.954329],134,49.5106,[-55.4037,124.113,10.424],[-53.5782,124.068,9.20275],[157.823,5.84974,18.0329],false,[-40.9339,142.419,86.8906],[-40.9339,142.419,86.8906],[-67.1803,141.84,47.3987],[-66.836,132.169,16.4872],[-48.6504,121.826,8.96165],[[[0.581048,0.813401,-0.0276243],[-0.625874,0.468271,0.623702],[0.520255,-0.345111,0.781174]],[[0.388618,0.880592,-0.271172],[-0.736647,0.473718,0.482641],[0.553469,0.012195,0.832781]],[[0.388618,0.880592,-0.271172],[-0.921338,0.367986,-0.125391],[-0.0106311,0.29857,0.954329]],[[0.388618,0.880592,-0.271172],[-0.424211,-0.090262,-0.901053],[-0.817937,0.465199,0.33848]]],0],[1341,[-0.259803,0.40009,-0.87888],134,55.8671,[-76.5882,213.855,-39.6656],[-69.7584,208.646,-49.2001],[156.844,-23.6459,-40.1493],false,[-30.2122,161.202,80.619],[-51.4195,173.332,15.137],[-60.0145,195.728,-17.8833],[-65.98,204.915,-38.064],[-70.8152,209.052,-52.9959],[[[0.932272,-0.149189,-0.329564],[0.196973,0.973459,0.116527],[0.303433,-0.17355,0.936915]],[[0.928373,-0.14699,-0.341347],[0.30623,0.822972,0.478478],[0.210588,-0.548737,0.809037]],[[0.928373,-0.14699,-0.341347],[0.265756,0.904611,0.333245],[0.259803,-0.40009,0.87888]],[[0.928373,-0.14699,-0.341347],[0.222227,0.955734,0.192842],[0.297891,-0.254886,0.919942]]],1],[1342,[-0.000506248,-0.492641,0.870232],134,63.6561,[-53.8181,132.538,12.3373],[-45.4471,121.198,29.5877],[149.547,-21.5246,17.4561],false,[-19.2755,161.147,76.4695],[-30.7588,171.097,11.955],[-48.4981,132.582,-5.3261],[-48.5118,119.273,18.1829],[-44.0346,121.805,35.2782],[[[0.917365,-0.335015,-0.214957],[0.358363,0.930176,0.0796743],[0.173256,-0.150123,0.973368]],[[0.92132,-0.33858,-0.191135],[-0.0329896,0.421749,-0.906112],[0.387402,0.841125,0.377397]],[[0.92132,-0.33858,-0.191135],[-0.388804,-0.801666,-0.454052],[0.000506248,0.492641,-0.870232]],[[0.92132,-0.33858,-0.191135],[-0.29711,-0.930185,0.215596],[-0.250787,-0.141845,-0.957594]]],2],[1343,[-0.164123,-0.434262,0.885709],134,61.2071,[-33.6191,131.207,11.9132],[-30.0072,120.977,32.8646],[133.574,-19.7892,-4.81768],false,[-8.45011,158.169,73.2826],[-10.0564,165.186,14.2116],[-27.3685,130.096,-2.23926],[-31.6877,118.668,21.0698],[-29.3918,121.846,38.3813],[[[0.903219,-0.422616,-0.0747657],[0.428329,0.898604,0.0951012],[0.0269935,-0.117922,0.992656]],[[0.903617,-0.426318,-0.0415815],[0.130855,0.36718,-0.9209],[0.407864,0.826699,0.387576]],[[0.903617,-0.426318,-0.0415815],[-0.395651,-0.793517,-0.462375],[0.164123,0.434262,-0.885709]],[[0.903617,-0.426318,-0.0415815],[-0.408344,-0.886679,0.216923],[-0.129348,-0.179036,-0.975303]]],3],[1344,[-0.425514,-0.301328,0.853311],134,47.9852,[-18.5354,133.291,17.8316],[-16.779,126.625,30.1839],[124.237,-14.7573,-10.3885],false,[0.981509,148.62,71.6484],[7.51933,155.448,17.3797],[-8.61625,129.492,3.4398],[-16.5227,123.893,19.295],[-17.302,127.833,35.1699],[[[0.817002,-0.576051,0.0259471],[0.564289,0.807961,0.169637],[-0.118684,-0.123952,0.985165]],[[0.787115,-0.588507,0.184686],[0.386927,0.237927,-0.890886],[0.480351,0.77269,0.414985]],[[0.787115,-0.588507,0.184686],[-0.446528,-0.750241,-0.487598],[0.425514,0.301328,-0.853311]],[[0.787115,-0.588507,0.184686],[-0.614967,-0.771867,0.16136],[0.0475917,-0.240585,-0.969461]]],4]],[[0,200,0],[235.247,235.247,147.751]]],[221385,4106737667,[[134,"right",[-0.106385,0.291581,-0.950612],[-0.239823,-0.935337,-0.260056],[-24.6832,159.76,32.8346],[139.764,-22.4131,-28.9966],[-33.0161,165.419,41.8859],0.999114,0,0.772431,[[0.712201,0.00126092,-0.701975],[0.237885,0.940395,0.24304],[0.66044,-0.340082,0.66945]],60.534,[158.149,59.9586,253.155],[-11.2535,147.19,81.4413]]],[[1340,[0.0187131,-0.294135,-0.955581],134,49.5106,[-53.178,124.329,10.5255],[-51.7445,124.338,9.1333],[166.626,14.1648,10.7747],false,[-39.5022,142.07,86.4522],[-39.5022,142.07,86.4522],[-65.8413,141.988,47.0179],[-65.2352,132.461,16.0658],[-46.8407,122.166,8.99521],[[[0.582046,0.812883,-0.0210736],[-0.627831,0.465712,0.62365],[0.516769,-0.349763,0.781419]],[[0.391939,0.88141,-0.263629],[-0.733409,0.472348,0.488875],[0.555424,0.00173894,0.831566]],[[0.391939,0.88141,-0.263629],[-0.919801,0.369596,-0.131777],[-0.0187131,0.294135,0.955581]],[[0.391939,0.88141,-0.263629],[-0.402368,-0.0934662,-0.910694],[-0.827336,0.463012,0.318018]]],0],[1341,[-0.255566,0.402854,-0.87886],134,55.8671,[-75.794,213.369,-40.5664],[-67.6891,208.931,-49.4643],[175.549,-8.71566,-37.0367],false,[-28.7351,160.874,80.3213],[-49.6687,173.369,14.8199],[-58.084,195.914,-18.1451],[-63.9522,205.164,-38.3254],[-68.7211,209.33,-53.2707],[[[0.933409,-0.148512,-0.326638],[0.197578,0.972617,0.122387],[0.299518,-0.178774,0.937192]],[[0.929862,-0.146423,-0.337515],[0.304703,0.820624,0.483458],[0.206184,-0.552391,0.807683]],[[0.929862,-0.146423,-0.337515],[0.264654,0.903476,0.337178],[0.255566,-0.402854,0.87886]],[[0.929862,-0.146423,-0.337515],[0.221439,0.955353,0.195613],[0.293804,-0.256632,0.920771]]],1],[1342,[0.00119517,-0.486176,0.87386],134,63.6561,[-52.7006,131.348,14.367],[-43.6169,121.23,29.7883],[162.911,-14.2804,19.3114],false,[-17.782,160.828,76.2149],[-28.998,171.128,11.7083],[-46.693,132.428,-5.20185],[-46.6607,119.294,18.4051],[-42.2047,121.849,35.5026],[[[0.917843,-0.334916,-0.213063],[0.359066,0.929346,0.085949],[0.169224,-0.155391,0.973251]],[[0.921644,-0.338553,-0.189616],[-0.0352297,0.413632,-0.909762],[0.386434,0.845157,0.369294]],[[0.921644,-0.338553,-0.189616],[-0.388035,-0.805614,-0.447676],[-0.00119517,0.486176,-0.87386]],[[0.921644,-0.338553,-0.189616],[-0.297101,-0.930001,0.216401],[-0.249606,-0.143109,-0.957714]]],2],[1343,[-0.164934,-0.430951,0.887174],134,61.2071,[-33.1011,130.235,14.0841],[-28.3399,120.985,32.8545],[146.398,-13.8146,-3.22573],false,[-6.94733,157.855,73.0555],[-8.3113,165.182,14.0161],[-25.6484,130.03,-2.27592],[-29.989,118.689,21.0717],[-27.7329,121.856,38.3905],[[[0.903044,-0.423232,-0.0733877],[0.428935,0.897616,0.101488],[0.0229209,-0.123127,0.992126]],[[0.903301,-0.427178,-0.0395721],[0.131193,0.362879,-0.922555],[0.408455,0.828153,0.383832]],[[0.903301,-0.427178,-0.0395721],[-0.396035,-0.794859,-0.459735],[0.164934,0.430951,-0.887174]],[[0.903301,-0.427178,-0.0395721],[-0.409745,-0.886395,0.215438],[-0.127107,-0.178391,-0.975715]]],3],[1344,[-0.428975,-0.301415,0.851546],134,47.9852,[-18.2954,132.782,18.8989],[-15.181,126.606,29.9257],[137.653,-11.1903,-16.1035],false,[2.48021,148.304,71.4089],[9.24103,155.408,17.2029],[-6.90539,129.502,3.18278],[-14.8761,123.901,19.0052],[-15.7152,127.804,34.8861],[[[0.816259,-0.577093,0.0261801],[0.564499,0.806433,0.176089],[-0.122732,-0.128956,0.984026]],[[0.785241,-0.590407,0.186591],[0.39032,0.23805,-0.889372],[0.480674,0.771201,0.417374]],[[0.785241,-0.590407,0.186591],[-0.446517,-0.748711,-0.489953],[0.428975,0.301415,-0.851546]],[[0.785241,-0.590407,0.186591],[-0.617067,-0.771108,0.15691],[0.0512414,-0.238351,-0.969826]]],4]],[[0,200,0],[235.247,235.247,147.751]]],[221386,4106746390,[[134,"right",[-0.103546,0.294099,-0.95015],[-0.243556,-0.933699,-0.262464],[-22.8805,159.825,32.5119],[157.651,-14.4114,-31.1346],[-32.2724,165.008,41.198],0.987253,0,0.773987,[[0.716692,-0.00641343,-0.69736],[0.240929,0.940666,0.238956],[0.654451,-0.339272,0.675713]],60.534,[158.281,60.0676,254.433],[-9.58568,147.091,81.1129]]],[[1340,[0.0230359,-0.293533,-0.955671],134,49.5106,[-51.0021,124.621,10.5101],[-49.9488,124.65,9.02945],[176.324,20.0276,4.11196],false,[-37.8649,142.086,86.0671],[-37.8649,142.086,86.0671],[-64.2749,142.315,46.6809],[-63.5288,132.807,15.7259],[-45.0519,122.471,8.93653],[[[0.585687,0.810329,-0.0183773],[-0.626766,0.467156,0.623642],[0.51394,-0.353741,0.781494]],[[0.396553,0.88019,-0.26079],[-0.729786,0.474597,0.492107],[0.556918,-0.00482537,0.830554]],[[0.396553,0.88019,-0.26079],[-0.917723,0.372967,-0.136677],[-0.0230359,0.293533,0.955671]],[[0.396553,0.88019,-0.26079],[-0.390018,-0.0956337,-0.915827],[-0.831042,0.464887,0.305366]]],0],[1341,[-0.252154,0.403957,-0.879339],134,55.8671,[-74.7291,212.888,-41.5556],[-65.5155,209.266,-49.8039],[195.344,3.48066,-37.6836],false,[-27.0044,160.855,79.9943],[-47.776,173.584,14.4864],[-56.0188,196.208,-18.4684],[-61.8088,205.484,-38.6597],[-66.5339,209.653,-53.6179],[[[0.933268,-0.151958,-0.325452],[0.201701,0.971463,0.124808],[0.297199,-0.182123,0.937285]],[[0.929997,-0.149978,-0.335578],[0.307114,0.818682,0.485223],[0.201959,-0.554316,0.807432]],[[0.929997,-0.149978,-0.335578],[0.267441,0.9024,0.337862],[0.252154,-0.403957,0.879339]],[[0.929997,-0.149978,-0.335578],[0.224406,0.954745,0.195202],[0.291115,-0.256843,0.921566]]],1],[1342,[0.00357225,-0.476386,0.879229],134,63.6561,[-51.3868,130.212,16.4023],[-41.7788,121.499,30.0971],[176.187,-1.46475,24.5861],false,[-16.045,160.77,75.9055],[-27.1105,171.258,11.4033],[-44.9293,132.392,-4.98971],[-44.8328,119.523,18.7623],[-40.3426,122.161,35.8382],[[[0.91669,-0.338536,-0.212306],[0.363053,0.927553,0.088537],[0.166952,-0.158239,0.973184]],[[0.920394,-0.342196,-0.189149],[-0.0380374,0.403107,-0.914362],[0.389139,0.848768,0.358]],[[0.920394,-0.342196,-0.189149],[-0.390977,-0.809912,-0.43724],[-0.00357225,0.476386,-0.879229]],[[0.920394,-0.342196,-0.189149],[-0.299358,-0.927934,0.22209],[-0.251516,-0.147787,-0.956503]]],2],[1343,[-0.165167,-0.425031,0.889982],134,61.2071,[-32.4136,129.294,16.2299],[-26.664,121.149,32.9038],[158.793,-4.84679,-0.53433],false,[-5.21855,157.755,72.7572],[-6.45414,165.215,13.7316],[-23.9706,130.026,-2.28508],[-28.3173,118.841,21.1365],[-26.0485,122.034,38.4487],[[[0.901272,-0.427086,-0.0728457],[0.432756,0.895478,0.10412],[0.0207635,-0.125365,0.991893]],[[0.901452,-0.431153,-0.0386109],[0.130684,0.356093,-0.925267],[0.412681,0.829039,0.377345]],[[0.901452,-0.431153,-0.0386109],[-0.400129,-0.795899,-0.454358],[0.165167,0.425031,-0.889982]],[[0.901452,-0.431153,-0.0386109],[-0.413577,-0.884162,0.217284],[-0.127821,-0.179903,-0.975344]]],3],[1344,[-0.431475,-0.298379,0.851351],134,47.9852,[-17.9109,132.277,19.9514],[-13.5536,126.683,29.6775],[150.919,-5.76855,-20.1761],false,[4.1691,148.166,71.1051],[11.0494,155.356,16.9256],[-5.21858,129.522,2.91417],[-13.2358,123.978,18.733],[-14.0837,127.885,34.6124],[[[0.813642,-0.580774,0.0262491],[0.567791,0.803533,0.178742],[-0.124901,-0.130528,0.983546]],[[0.781931,-0.594344,0.187988],[0.392487,0.235114,-0.889199],[0.484292,0.769075,0.417115]],[[0.781931,-0.594344,0.187988],[-0.449904,-0.74681,-0.489756],[0.431475,0.298379,-0.851352]],[[0.781931,-0.594344,0.187988],[-0.621211,-0.768002,0.155788],[0.0517833,-0.238596,-0.969737]]],4]],[[0,200,0],[235.247,235.247,147.751]]],[221387,4106755583,[[134,"right",[-0.0987464,0.295476,-0.950233],[-0.24971,-0.931704,-0.263765],[-20.6486,159.703,32.0417],[181.451,-14.0939,-36.73],[-31.1524,164.497,40.3158],0.985689,0,0.784013,[[0.722106,-0.0164055,-0.691588],[0.246645,0.940125,0.235228],[0.64632,-0.340436,0.682916]],60.534,[158.199,59.5175,255.839],[-7.58245,146.839,80.6706]]],[[1340,[0.0267591,-0.294324,-0.955331],134,49.5106,[-48.4577,124.869,10.3035],[-47.8151,124.798,8.75386],[191.164,18.7922,-6.07648],false,[-35.9115,142.04,85.5434],[-35.9115,142.04,85.5434],[-62.3172,142.568,46.1571],[-61.4505,133.034,15.2132],[-42.9338,122.59,8.70365],[[[0.591697,0.805997,-0.0162147],[-0.625025,0.47136,0.622225],[0.509155,-0.358034,0.782671]],[[0.403844,0.877398,-0.259002],[-0.725846,0.479634,0.493051],[0.556829,-0.0111202,0.830553]],[[0.403844,0.877398,-0.259002],[-0.914436,0.378874,-0.142339],[-0.0267591,0.294324,0.955331]],[[0.403844,0.877398,-0.259002],[-0.378554,-0.0974671,-0.920433],[-0.832831,0.469758,0.292781]]],0],[1341,[-0.246327,0.405003,-0.880508],134,55.8671,[-73.05,212.33,-42.8319],[-62.6649,209.43,-50.407],[227.62,7.34411,-45.5498],false,[-24.896,160.733,79.5132],[-45.392,173.657,13.9568],[-53.3555,196.334,-19.0304],[-59.0116,205.633,-39.2486],[-63.6588,209.814,-54.2278],[[[0.933018,-0.158627,-0.322978],[0.208515,0.969866,0.126019],[0.293256,-0.184924,0.937979]],[[0.930052,-0.156778,-0.3323],[0.311341,0.816531,0.486153],[0.195115,-0.555606,0.808227]],[[0.930052,-0.156778,-0.3323],[0.272627,0.900773,0.338056],[0.246327,-0.405003,0.880508]],[[0.930052,-0.156778,-0.3323],[0.230281,0.953451,0.194683],[0.28631,-0.257588,0.922862]]],1],[1342,[-0.00012224,-0.472705,0.88122],134,63.6561,[-49.6488,128.969,18.6086],[-39.7312,121.543,29.9312],[188.741,0.19369,11.0405],false,[-13.9263,160.569,75.4546],[-24.7357,171.18,10.9292],[-42.7871,132.34,-5.26638],[-42.7904,119.57,18.5394],[-38.3131,122.201,35.6198],[[[0.914751,-0.345151,-0.210004],[0.369639,0.924791,0.0901639],[0.163089,-0.160103,0.973534]],[[0.918342,-0.34883,-0.186993],[-0.0352357,0.398523,-0.916481],[0.394217,0.848232,0.353689]],[[0.918342,-0.34883,-0.186993],[-0.395789,-0.809239,-0.434148],[0.00012224,0.472705,-0.88122]],[[0.918342,-0.34883,-0.186993],[-0.306186,-0.925525,0.222832],[-0.250797,-0.147381,-0.956755]]],2],[1343,[-0.167759,-0.417432,0.893089],134,61.2071,[-31.3904,128.251,18.6029],[-24.6728,121.143,32.8449],[175.074,-3.27732,-2.16425],false,[-3.1137,157.476,72.3341],[-4.13106,164.984,13.3104],[-21.909,129.796,-2.41825],[-26.3239,118.811,21.0851],[-24.0528,122.052,38.388],[[[0.898295,-0.433676,-0.0706464],[0.43906,0.892193,0.105918],[0.0170962,-0.126164,0.991862]],[[0.898343,-0.437825,-0.0358951],[0.132483,0.347924,-0.928115],[0.418841,0.82901,0.37056]],[[0.898343,-0.437825,-0.0358951],[-0.406,-0.796278,-0.448447],[0.167759,0.417432,-0.893089]],[[0.898343,-0.437825,-0.0358951],[-0.420248,-0.88032,0.220064],[-0.127949,-0.182608,-0.974825]]],3],[1344,[-0.434462,-0.29032,0.852618],134,47.9852,[-17.2577,131.687,21.1293],[-11.6047,126.574,29.4551],[168.214,-7.25641,-21.4828],false,[6.20749,147.819,70.7015],[13.2904,154.994,16.546],[-3.20597,129.23,2.67205],[-11.2786,123.836,18.5144],[-12.1278,127.795,34.381],[[[0.80926,-0.586778,0.0281026],[0.573206,0.799204,0.18085],[-0.128579,-0.130246,0.983109]],[[0.776577,-0.600271,0.19132],[0.394663,0.226789,-0.890398],[0.49109,0.766969,0.413024]],[[0.776577,-0.600271,0.19132],[-0.456258,-0.745245,-0.486251],[0.434462,0.29032,-0.852618]],[[0.776577,-0.600271,0.19132],[-0.627885,-0.76239,0.156598],[0.0518594,-0.241737,-0.968955]]],4]],[[0,200,0],[235.247,235.247,147.751]]],[221388,4106764441,[[134,"right",[-0.0940054,0.296752,-0.950316],[-0.252853,-0.93036,-0.265508],[-18.245,159.572,31.6255],[205.804,-14.2984,-39.5076],[-29.6479,163.923,39.3029],0.991238,0,0.789881,[[0.729661,-0.022304,-0.683445],[0.249835,0.939067,0.236083],[0.636535,-0.343009,0.690773]],60.534,[157.86,58.6254,257.473],[-5.41166,146.607,80.2897]]],[[1340,[0.0326579,-0.295323,-0.954839],134,49.5106,[-45.6417,124.974,10.0198],[-45.3633,124.831,8.49882],[214.133,14.1563,-12.7198],false,[-33.779,141.929,85.0557],[-33.779,141.929,85.0557],[-60.1248,142.651,45.6324],[-59.067,133.086,14.7044],[-40.4712,122.594,8.50361],[[[0.595294,0.803397,-0.0133469],[-0.625191,0.473556,0.620388],[0.504738,-0.360969,0.784182]],[[0.408477,0.875863,-0.256925],[-0.724219,0.48232,0.492822],[0.555565,-0.0152364,0.831333]],[[0.408477,0.875863,-0.256925],[-0.912184,0.381639,-0.149237],[-0.0326579,0.295323,0.954839]],[[0.408477,0.875863,-0.256925],[-0.365512,-0.100967,-0.925314],[-0.836389,0.471879,0.278895]]],0],[1341,[-0.240836,0.405769,-0.881674],134,55.8671,[-70.7668,211.748,-44.2814],[-59.7147,209.486,-50.9748],[256.511,7.0172,-50.6321],false,[-22.6596,160.578,79.0823],[-42.8611,173.65,13.4639],[-50.583,196.363,-19.5564],[-56.1131,205.68,-39.8013],[-60.6793,209.871,-54.8026],[[[0.933473,-0.162449,-0.319747],[0.212326,0.968826,0.127649],[0.289042,-0.187047,0.938865]],[[0.930816,-0.160748,-0.32824],[0.312708,0.815167,0.487561],[0.189196,-0.556473,0.809038]],[[0.930816,-0.160748,-0.32824],[0.274917,0.899729,0.338982],[0.240836,-0.405769,0.881674]],[[0.930816,-0.160748,-0.32824],[0.233327,0.952617,0.195142],[0.281318,-0.258228,0.924218]]],1],[1342,[-0.0050499,-0.472743,0.881186],134,63.6561,[-47.5782,127.744,20.6929],[-37.4636,121.496,29.5343],[206.389,-1.55358,-5.53652],false,[-11.6761,160.369,75.0632],[-22.2051,171.086,10.5087],[-40.3662,132.311,-5.72381],[-40.5027,119.54,18.0811],[-36.0757,122.138,35.1798],[[[0.913976,-0.348991,-0.207008],[0.373378,0.923073,0.0923357],[0.158859,-0.161685,0.973972]],[[0.917471,-0.35271,-0.183965],[-0.030743,0.398204,-0.916782],[0.396614,0.846776,0.354497]],[[0.917471,-0.35271,-0.183965],[-0.397771,-0.807533,-0.435509],[0.0050499,0.472743,-0.881186]],[[0.917471,-0.35271,-0.183965],[-0.311056,-0.924355,0.220933],[-0.247975,-0.145476,-0.957781]]],2],[1343,[-0.171236,-0.4135,0.894257],134,61.2071,[-30.0321,127.202,20.9399],[-22.4179,121.08,32.6657],[196.483,-4.2022,-7.87546],false,[-0.865991,157.232,71.979],[-1.63669,164.796,12.9588],[-19.5388,129.621,-2.65618],[-24.0452,118.739,20.8779],[-21.8103,121.996,38.1825],[[[0.896627,-0.437566,-0.0677909],[0.442597,0.890155,0.108311],[0.0129512,-0.127119,0.991803]],[[0.896523,-0.441795,-0.0326136],[0.135501,0.34357,-0.9293],[0.421765,0.82872,0.367882]],[[0.896523,-0.441795,-0.0326136],[-0.408564,-0.796137,-0.446364],[0.171236,0.4135,-0.894257]],[[0.896523,-0.441795,-0.0326136],[-0.424728,-0.878142,0.220167],[-0.125908,-0.183533,-0.974917]]],3],[1344,[-0.437526,-0.28478,0.852919],134,47.9852,[-16.2974,131.065,22.3211],[-9.37718,126.472,29.2483],[190.954,-8.32085,-22.4241],false,[8.41844,147.535,70.3714],[15.7288,154.727,16.2484],[-0.89366,129.002,2.4532],[-9.02327,123.711,18.3012],[-9.90074,127.703,34.1576],[[[0.806562,-0.590362,0.0304971],[0.576061,0.79651,0.183644],[-0.132708,-0.130552,0.98252]],[[0.772884,-0.603895,0.194836],[0.397215,0.220993,-0.89072],[0.494844,0.765815,0.410679]],[[0.772884,-0.603895,0.194836],[-0.459588,-0.744453,-0.484322],[0.437526,0.28478,-0.852919]],[[0.772884,-0.603895,0.194836],[-0.632281,-0.758851,0.156096],[0.053586,-0.243836,-0.968335]]],4]],[[0,200,0],[235.247,235.247,147.751]]],[221389,4106773499,[[134,"right",[-0.0886734,0.297514,-0.950591],[-0.255282,-0.929262,-0.267025],[-15.6488,159.4,31.2483],[228.116,-15.5953,-40.098],[-27.5484,163.245,38.0949],0.991753,0,0.791619,[[0.737308,-0.0272917,-0.675005],[0.252451,0.937926,0.23783],[0.626615,-0.345759,0.69843]],60.534,[157.647,57.6777,259.11],[-3.07999,146.365,79.9628]]],[[1340,[0.0375852,-0.295984,-0.954453],134,49.5106,[-42.7789,124.969,9.68422],[-42.7352,124.801,8.20362],[234.234,9.05585,-18.9428],false,[-31.4859,141.794,84.6019],[-31.4859,141.794,84.6019],[-57.7257,142.671,45.1111],[-56.5083,133.084,14.1956],[-37.86,122.544,8.2408],[[[0.598453,0.801091,-0.0103764],[-0.626077,0.475712,0.617839],[0.499881,-0.363251,0.786236]],[[0.41285,0.874403,-0.254902],[-0.723451,0.484848,0.491468],[0.55333,-0.0184933,0.832757]],[[0.41285,0.874403,-0.254902],[-0.910023,0.384465,-0.155061],[-0.0375852,0.295984,0.954453]],[[0.41285,0.874403,-0.254902],[-0.355039,-0.103225,-0.929135],[-0.83875,0.474093,0.267831]]],0],[1341,[-0.234598,0.405774,-0.883352],134,55.8671,[-67.5994,211.106,-45.9744],[-56.5199,209.423,-51.569],[283.582,3.03846,-54.9043],false,[-20.2683,160.403,78.6856],[-40.1301,173.581,12.9848],[-47.5883,196.296,-20.0943],[-52.9751,205.613,-40.3778],[-57.4456,209.804,-55.408],[[[0.934235,-0.165929,-0.315709],[0.215511,0.967943,0.129006],[0.284182,-0.18856,0.940045]],[[0.931983,-0.164448,-0.323054],[0.313073,0.814386,0.488632],[0.182736,-0.556536,0.810479]],[[0.931983,-0.164448,-0.323054],[0.276352,0.899058,0.339595],[0.234598,-0.405774,0.883352]],[[0.931983,-0.164448,-0.323054],[0.235689,0.951995,0.195338],[0.275422,-0.258192,0.926002]]],1],[1342,[-0.00959234,-0.470735,0.882222],134,63.6561,[-44.9813,126.487,22.7431],[-34.9569,121.418,29.2632],[225.387,-3.43538,-13.4274],false,[-9.26801,160.153,74.7148],[-19.4714,170.938,10.1193],[-37.7069,132.181,-6.07209],[-37.9661,119.464,17.7608],[-33.596,122.062,34.8741],[[[0.913521,-0.352441,-0.203138],[0.376538,0.921581,0.0943814],[0.153944,-0.162709,0.974591]],[[0.916899,-0.356183,-0.180082],[-0.0264737,0.395931,-0.917899],[0.39824,0.846388,0.353599]],[[0.916899,-0.356183,-0.180082],[-0.399004,-0.807181,-0.435034],[0.00959234,0.470735,-0.882222]],[[0.916899,-0.356183,-0.180082],[-0.315237,-0.923021,0.220585],[-0.244788,-0.145485,-0.958599]]],2],[1343,[-0.176384,-0.411971,0.893962],134,61.2071,[-28.1757,126.082,23.3142],[-19.9738,120.931,32.4065],[216.335,-7.95993,-14.7057],false,[1.5433,156.975,71.6768],[1.0616,164.568,12.6571],[-16.9202,129.431,-2.95259],[-21.5621,118.589,20.5737],[-19.3948,121.832,37.8897],[[[0.895216,-0.441007,-0.064038],[0.445559,0.888389,0.110647],[0.0080947,-0.127585,0.991795]],[[0.894935,-0.445277,-0.028624],[0.140059,0.341246,-0.929481],[0.423644,0.827816,0.367758]],[[0.894935,-0.445277,-0.028624],[-0.409853,-0.794989,-0.447227],[0.176384,0.411971,-0.893962]],[[0.894935,-0.445277,-0.028624],[-0.429163,-0.876555,0.217876],[-0.122106,-0.182701,-0.975557]]],3],[1344,[-0.441289,-0.279844,0.852614],134,47.9852,[-14.866,130.364,23.5859],[-6.9331,126.324,29.0722],[212.887,-10.4945,-22.1814],false,[10.7971,147.244,70.1058],[18.3733,154.43,16.0186],[1.65961,128.738,2.27213],[-6.53991,123.538,18.1144],[-7.46167,127.564,33.9599],[[[0.804129,-0.593494,0.033786],[0.578326,0.794196,0.186525],[-0.137534,-0.13045,0.981869]],[[0.769389,-0.606996,0.198986],[0.400591,0.215849,-0.89047],[0.497561,0.76483,0.409229]],[[0.769389,-0.606996,0.198986],[-0.461849,-0.743803,-0.48317],[0.441289,0.279844,-0.852614]],[[0.769389,-0.606996,0.198986],[-0.636295,-0.755714,0.155002],[0.0562909,-0.24587,-0.967667]]],4]],[[0,200,0],[235.247,235.247,147.751]]],[221390,4106782917,[[134,"right",[-0.0826102,0.296631,-0.951412],[-0.259335,-0.928184,-0.266871],[-12.8555,159.281,31.0833],[247.654,-14.737,-33.6556],[-24.6714,162.469,36.722],0.994901,0,0.793664,[[0.74358,-0.0356448,-0.667696],[0.256493,0.937392,0.235601],[0.617495,-0.346448,0.706168]],60.534,[157.802,57.3822,261.006],[-0.585033,146.246,79.8737]]],[[1340,[0.042047,-0.298467,-0.953493],134,49.5106,[-39.9143,124.974,9.5347],[-39.9743,124.817,8.12883],[250.399,6.6854,-16.63],false,[-29.0375,141.844,84.3885],[-29.0375,141.844,84.3885],[-55.1399,142.836,44.8094],[-53.7779,133.168,13.925],[-35.1177,122.528,8.18908],[[[0.603042,0.797661,-0.00876492],[-0.626193,0.48016,0.614271],[0.494188,-0.364943,0.789047]],[[0.418858,0.87169,-0.25439],[-0.722208,0.489611,0.488566],[0.550431,-0.0209176,0.834619]],[[0.418858,0.87169,-0.25439],[-0.907078,0.388682,-0.161667],[-0.042047,0.298467,0.953493]],[[0.418858,0.87169,-0.25439],[-0.34663,-0.105447,-0.932056],[-0.839288,0.478579,0.257987]]],0],[1341,[-0.227241,0.404678,-0.885775],134,55.8671,[-63.3391,210.423,-47.8458],[-53.0105,209.332,-52.0511],[309.587,-0.634857,-53.9437],false,[-17.6871,160.379,78.4974],[-37.1715,173.575,12.687],[-44.3131,196.24,-20.496],[-49.531,205.532,-40.835],[-53.891,209.708,-55.9018],[[[0.934717,-0.171694,-0.311168],[0.220419,0.966889,0.128615],[0.278782,-0.188805,0.941612]],[[0.932905,-0.170476,-0.317216],[0.314756,0.813981,0.488225],[0.174978,-0.555313,0.813025]],[[0.932905,-0.170476,-0.317216],[0.279374,0.898428,0.338787],[0.227241,-0.404678,0.885775]],[[0.932905,-0.170476,-0.317216],[0.239858,0.95118,0.194227],[0.268619,-0.257282,0.928251]]],1],[1342,[-0.0162008,-0.469171,0.882958],134,63.6561,[-41.7964,125.251,24.7118],[-32.3599,121.409,29.1101],[239.351,-2.7267,-15.0978],false,[-6.67033,160.062,74.5776],[-16.5152,170.81,9.92054],[-34.8963,132.128,-6.28563],[-35.3339,119.454,17.5671],[-31.0269,122.053,34.6961],[[[0.912425,-0.357922,-0.198427],[0.381338,0.919562,0.0947981],[0.148536,-0.162164,0.97552]],[[0.915674,-0.361647,-0.175365],[-0.0201452,0.39447,-0.918688],[0.401417,0.844751,0.353921]],[[0.915674,-0.361647,-0.175365],[-0.401595,-0.805661,-0.435467],[0.0162008,0.469171,-0.882958]],[[0.915674,-0.361647,-0.175365],[-0.321458,-0.920876,0.220573],[-0.241258,-0.1456,-0.959476]]],2],[1343,[-0.182831,-0.409257,0.893914],134,61.2071,[-25.7167,124.923,25.7045],[-17.41,120.835,32.3769],[231.847,-8.98825,-12.4291],false,[4.13657,156.818,71.594],[3.96929,164.327,12.5619],[-14.1476,129.247,-3.02071],[-18.9592,118.477,20.5043],[-16.8613,121.724,37.8281],[[[0.892978,-0.44618,-0.0592866],[0.450092,0.886003,0.111428],[0.00281109,-0.126187,0.992002]],[[0.892504,-0.450418,-0.0236699],[0.145795,0.337758,-0.929873],[0.426826,0.826464,0.367119]],[[0.892504,-0.450418,-0.0236699],[-0.412322,-0.793494,-0.447614],[0.182831,0.409257,-0.893914]],[[0.892504,-0.450418,-0.0236699],[-0.435278,-0.873881,0.216484],[-0.118193,-0.18291,-0.975999]]],3],[1344,[-0.446245,-0.273318,0.852152],134,47.9852,[-12.8218,129.592,24.9445],[-4.35526,126.197,29.1412],[230.26,-11.3499,-14.4478],false,[13.342,147.031,70.0795],[21.2074,154.096,16.0175],[4.36895,128.449,2.33986],[-3.92266,123.37,18.1736],[-4.89482,127.449,34.0025],[[[0.800575,-0.598005,0.0383346],[0.581972,0.791167,0.188051],[-0.142784,-0.128239,0.981411]],[[0.764698,-0.611096,0.204446],[0.40492,0.208886,-0.890172],[0.501275,0.763497,0.40718]],[[0.764698,-0.611096,0.204446],[-0.464868,-0.742872,-0.481704],[0.446245,0.273318,-0.852152]],[[0.764698,-0.611096,0.204446],[-0.641648,-0.751336,0.154213],[0.0593687,-0.249108,-0.966654]]],4]],[[0,200,0],[235.247,235.247,147.751]]],[221391,4106791572,[[134,"right",[-0.0783607,0.296024,-0.951961],[-0.262847,-0.927244,-0.266701],[-10.1704,159.22,30.8921],[264.276,-12.7027,-30.5845],[-21.4583,161.749,35.4302],0.998493,0,0.797432,[[0.750942,-0.0412859,-0.659077],[0.260381,0.935697,0.23806],[0.606867,-0.35038,0.713404]],60.534,[157.554,56.306,262.721],[1.89217,146.179,79.7326]]],[[1340,[0.0454305,-0.300779,-0.952611],134,49.5106,[-37.2509,124.991,9.43608],[-37.3077,124.856,8.06192],[265.469,5.48478,-14.9982],false,[-26.594,141.913,84.166],[-26.594,141.913,84.166],[-52.6072,142.986,44.5304],[-51.1357,133.243,13.6746],[-32.4546,122.53,8.14602],[[[0.606772,0.794838,-0.0077616],[-0.6258,0.483705,0.611885],[0.490104,-0.366418,0.790909]],[[0.423385,0.869512,-0.25435],[-0.720997,0.493394,0.486545],[0.548551,-0.0226102,0.835811]],[[0.423385,0.869512,-0.25435],[-0.90481,0.391766,-0.166848],[-0.0454305,0.300779,0.952611]],[[0.423385,0.869512,-0.25435],[-0.338774,-0.108432,-0.934599],[-0.840224,0.481862,0.248659]]],0],[1341,[-0.221719,0.404355,-0.887321],134,55.8671,[-58.8329,209.87,-49.49],[-49.7939,209.32,-52.4559],[326.65,-0.573692,-51.994],false,[-15.1397,160.39,78.2902],[-34.364,173.608,12.4079],[-41.268,196.242,-20.8461],[-46.359,205.527,-41.2207],[-50.6365,209.705,-56.3104],[[[0.934841,-0.176363,-0.308168],[0.224528,0.965986,0.128289],[0.275061,-0.189122,0.942642]],[[0.933376,-0.175362,-0.31314],[0.316536,0.81345,0.487959],[0.169154,-0.55457,0.814763]],[[0.933376,-0.175362,-0.31314],[0.282222,0.897633,0.338534],[0.221719,-0.404355,0.887321]],[[0.933376,-0.175362,-0.31314],[0.243637,0.950255,0.194055],[0.263533,-0.257419,0.92967]]],1],[1342,[-0.0208736,-0.467951,0.883508],134,63.6561,[-38.5337,124.251,26.2655],[-29.8346,121.438,28.9445],[252.981,-1.15147,-16.919],false,[-4.11276,160.017,74.4041],[-13.7126,170.744,9.70657],[-32.2249,132.124,-6.49797],[-32.7888,119.483,17.3696],[-28.5199,122.081,34.5083],[[[0.911343,-0.362368,-0.195305],[0.385326,0.917877,0.0950067],[0.144839,-0.16184,0.97613]],[[0.914498,-0.366075,-0.172286],[-0.0157575,0.39328,-0.919284],[0.404284,0.843398,0.353885]],[[0.914498,-0.366075,-0.172286],[-0.404052,-0.80437,-0.435582],[0.0208736,0.467951,-0.883508]],[[0.914498,-0.366075,-0.172286],[-0.326365,-0.919134,0.22063],[-0.239122,-0.145538,-0.960021]]],2],[1343,[-0.18765,-0.40762,0.893663],134,61.2071,[-23.0351,123.932,27.6827],[-14.9167,120.783,32.2765],[246.396,-8.60977,-13.1991],false,[6.68787,156.72,71.4564],[6.73346,164.168,12.4164],[-11.5034,129.144,-3.15223],[-16.4418,118.417,20.3662],[-14.3915,121.656,37.6971],[[[0.891066,-0.45039,-0.0561335],[0.453874,0.884015,0.111879],[-0.000766251,-0.125169,0.992135]],[[0.89046,-0.454604,-0.0203775],[0.14993,0.335367,-0.930081],[0.429652,0.825145,0.36679]],[[0.89046,-0.454604,-0.0203775],[-0.414569,-0.791948,-0.448276],[0.18765,0.40762,-0.893663]],[[0.89046,-0.454604,-0.0203775],[-0.440156,-0.871798,0.215014],[-0.115511,-0.182492,-0.976398]]],3],[1344,[-0.449794,-0.269022,0.851653],134,47.9852,[-10.456,128.888,26.1356],[-1.84895,126.115,29.1114],[246.016,-11.0822,-12.2106],false,[15.8522,146.889,69.9797],[23.