{"metadata":{"formatVersion":2,"generatedBy":"LeapJS Playback 0.2.1","frames":170,"protocolVersion":6,"serviceVersion":"2.2.6+29154","frameRate":"1.0e+2","modified":"Thu Jun 04 2015 14:45:27 GMT-0300 (E. South America Standard Time)"},"frames":[["id","timestamp",{"hands":[["id","type","direction","palmNormal","palmPosition","palmVelocity","stabilizedPalmPosition","pinchStrength","grabStrength","confidence","armBasis","armWidth","elbow","wrist"]]},{"pointables":[["id","direction","handId","length","stabilizedTipPosition","tipPosition","tipVelocity","tool","carpPosition","mcpPosition","pipPosition","dipPosition","btipPosition","bases","type"]]},{"interactionBox":["center","size"]}],[221708,4109964060,[[134,"right",[-0.182193,0.286363,-0.940639],[-0.233549,-0.941876,-0.241503],[-34.6396,194.38,6.78667],[173.566,18.0361,-48.6979],[-45.7248,193.841,12.3277],1,0,0.570728,[[0.647695,0.0477453,-0.760402],[0.237256,0.935772,0.260847],[0.724017,-0.349359,0.594767]],60.534,[168.292,92.6718,206.863],[-17.418,182.282,54.3056]]],[[1340,[-0.0487575,-0.316149,-0.947456],134,49.5106,[-60.1493,154.01,-17.6418],[-61.0179,154.27,-18.8122],[197.778,36.7682,-41.3097],false,[-45.0892,176.446,61.3444],[-45.0892,176.446,61.3444],[-70.9229,171.921,21.8353],[-72.5022,161.681,-8.85353],[-56.2434,151.732,-20.299],[[[0.55768,0.827623,-0.0635072],[-0.593127,0.450853,0.667032],[0.580683,-0.334322,0.742318]],[[0.324556,0.892093,-0.314377],[-0.773236,0.441664,0.455016],[0.544766,0.0954093,0.833143]],[[0.324556,0.892093,-0.314377],[-0.944609,0.322831,-0.0591118],[0.0487575,0.316149,0.947456]],[[0.324556,0.892093,-0.314377],[-0.59991,-0.062821,-0.797598],[-0.731281,0.447463,0.514786]]],0],[1341,[-0.406273,0.251191,-0.878548],134,55.8671,[-105.49,226.771,-67.9658],[-90.8109,229.902,-75.1389],[242.247,67.6507,-76.3605],false,[-35.2847,195.507,54.4412],[-61.2044,207.292,-9.387],[-76.1393,223.83,-43.5816],[-85.468,229.597,-63.7547],[-92.4853,231.424,-78.2763],[[[0.910973,-0.12511,-0.393033],[0.180533,0.977708,0.107217],[0.370857,-0.168628,0.913252]],[[0.888605,-0.1154,-0.443918],[0.276551,0.906923,0.31782],[0.365923,-0.405183,0.837811]],[[0.888605,-0.1154,-0.443918],[0.212892,0.961034,0.176326],[0.406273,-0.251191,0.878548]],[[0.888605,-0.1154,-0.443918],[0.153207,0.986922,0.0501211],[0.432329,-0.112549,0.894664]]],1],[1342,[-0.0936082,-0.754372,0.649739],134,63.6561,[-62.4033,142.918,-1.80337],[-59.6982,143.679,-4.34847],[175.592,31.5298,-54.5332],false,[-24.6587,195.735,49.5554],[-40.7606,205.579,-13.9803],[-58.695,168.135,-33.2936],[-61.2238,147.756,-15.7412],[-58.8433,142.14,1.03701],[[[0.908489,-0.311572,-0.278516],[0.340043,0.938541,0.0592511],[0.242938,-0.148537,0.958602]],[[0.918184,-0.31773,-0.236614],[-0.0594785,0.479941,-0.875282],[0.391664,0.817743,0.421776]],[[0.918184,-0.31773,-0.236614],[-0.384936,-0.574431,-0.722394],[0.0936082,0.754372,-0.649739]],[[0.918184,-0.31773,-0.236614],[-0.373038,-0.894487,-0.246446],[-0.133345,0.314548,-0.939829]]],2],[1343,[-0.252734,-0.715265,0.651553],134,61.2071,[-54.0153,142.97,-7.23779],[-44.1952,143.208,-3.5362],[174.237,32.9254,-28.395],false,[-14.0064,193.035,45.6244],[-19.8137,200.177,-13.1673],[-36.8727,166.105,-31.8689],[-43.5239,147.282,-14.722],[-44.093,142.154,2.26148],[[[0.906101,-0.399893,-0.138083],[0.411653,0.908669,0.0697289],[0.097588,-0.120024,0.987963]],[[0.909668,-0.40506,-0.0918135],[0.104771,0.437702,-0.892995],[0.401904,0.80271,0.440602]],[[0.909668,-0.40506,-0.0918135],[-0.329589,-0.569493,-0.753027],[0.252734,0.715265,-0.651553]],[[0.909668,-0.40506,-0.0918135],[-0.414096,-0.867453,-0.275772],[0.0320604,0.288881,-0.956828]]],3],[1344,[-0.554053,-0.612949,0.563311],134,47.9852,[-39.6683,150.252,-10.2616],[-30.2405,151.67,-8.60879],[168.543,34.8641,-12.3968],false,[-4.47701,183.727,43.3079],[-1.82907,190.868,-11.249],[-15.862,165.885,-28.7791],[-26.1568,154.496,-18.3122],[-31.761,151.063,-3.31414],[[[0.83075,-0.555701,-0.0324197],[0.554567,0.821212,0.134412],[-0.0480692,-0.129641,0.990395]],[[0.803611,-0.570454,0.169682],[0.423898,0.34849,-0.835982],[0.417756,0.743732,0.521865]],[[0.803611,-0.570454,0.169682],[-0.217336,-0.546696,-0.808634],[0.554053,0.612949,-0.563311]],[[0.803611,-0.570454,0.169682],[-0.486909,-0.794113,-0.363735],[0.342241,0.209682,-0.915917]]],4]],[[0,200,0],[235.247,235.247,147.751]]],[221709,4109973118,[[134,"right",[-0.172699,0.289964,-0.941327],[-0.236973,-0.939847,-0.246032],[-32.5185,194.485,6.36697],[190.299,16.2813,-48.0455],[-41.7065,194.037,10.514],1,0,0.58885,[[0.652351,0.0412213,-0.756796],[0.238971,0.936401,0.256995],[0.719257,-0.348504,0.601011]],60.534,[168.726,92.7686,208.153],[-15.7632,182.16,53.9937]]],[[1340,[-0.0393212,-0.314828,-0.948334],134,49.5106,[-58.0238,154.356,-18.0873],[-58.8042,154.611,-19.2815],[208.245,37.71,-43.8513],false,[-43.5253,176.465,60.7863],[-43.5253,176.465,60.7863],[-69.2404,172.278,21.1629],[-70.514,162.08,-9.55445],[-54.0647,152.086,-20.6839],[[[0.562965,0.824541,-0.056589],[-0.596042,0.452479,0.663323],[0.572542,-0.339698,0.746191]],[[0.331919,0.891062,-0.309577],[-0.771868,0.445209,0.453882],[0.542264,0.0883004,0.835555]],[[0.331919,0.891062,-0.309577],[-0.942488,0.326943,-0.0694596],[0.0393212,0.314828,0.948334]],[[0.331919,0.891062,-0.309577],[-0.585196,-0.0628907,-0.808449],[-0.739848,0.449503,0.500572]]],0],[1341,[-0.397635,0.255031,-0.881389],134,55.8671,[-102.207,227.67,-69.4133],[-87.8083,230.558,-75.9263],[266.953,67.0108,-79.627],false,[-33.5536,195.487,54.0174],[-58.8725,207.596,-9.99114],[-73.4327,224.285,-44.2736],[-82.5632,230.141,-64.512],[-89.4505,232.031,-79.0876],[[[0.913474,-0.12933,-0.385796],[0.185285,0.976349,0.11141],[0.362262,-0.173252,0.915833]],[[0.891612,-0.119363,-0.436785],[0.27886,0.904741,0.321995],[0.356743,-0.408896,0.839963]],[[0.891612,-0.119363,-0.436785],[0.216599,0.959537,0.179926],[0.397635,-0.255031,0.881389]],[[0.891612,-0.119363,-0.436785],[0.158041,0.986001,0.0531595],[0.424325,-0.116428,0.897994]]],1],[1342,[-0.101802,-0.753307,0.649743],134,63.6561,[-60.5311,143.236,-2.40198],[-57.7134,143.982,-4.89672],[187.351,32.9964,-57.049],false,[-22.8862,195.666,49.2207],[-38.4015,205.777,-14.4192],[-56.3863,168.436,-33.8866],[-59.1364,148.086,-16.3341],[-56.9001,142.475,0.465408],[[[0.908958,-0.316084,-0.271818],[0.34496,0.936388,0.0646626],[0.234088,-0.152542,0.960174]],[[0.918256,-0.322403,-0.229919],[-0.050425,0.480694,-0.875438],[0.392764,0.815469,0.425142]],[[0.918256,-0.322403,-0.229919],[-0.382679,-0.573224,-0.724549],[0.101802,0.753307,-0.649743]],[[0.918256,-0.322403,-0.229919],[-0.375652,-0.892901,-0.248222],[-0.125268,0.3143,-0.941022]]],2],[1343,[-0.26102,-0.713283,0.650458],134,61.2071,[-51.3407,143.104,-6.08847],[-42.2426,143.441,-3.92741],[185.199,31.0394,-33.9747],false,[-12.2173,192.915,45.3709],[-17.4937,200.251,-13.4471],[-34.6057,166.278,-32.2796],[-41.4749,147.507,-15.1616],[-42.1883,142.394,1.82101],[[[0.904891,-0.404771,-0.131654],[0.416306,0.906072,0.0756525],[0.0886662,-0.123266,0.988405]],[[0.908046,-0.41009,-0.0853117],[0.11367,0.437282,-0.892112],[0.403151,0.800381,0.443688]],[[0.908046,-0.41009,-0.0853117],[-0.327597,-0.568378,-0.754736],[0.26102,0.713283,-0.650458]],[[0.908046,-0.41009,-0.0853117],[-0.416937,-0.865371,-0.278023],[0.0401882,0.288028,-0.956778]]],3],[1344,[-0.562209,-0.607028,0.561639],134,47.9852,[-37.4678,150.606,-9.62337],[-28.2755,151.86,-8.81532],[181.714,31.2508,-16.9675],false,[-2.72296,183.559,43.1079],[0.420215,190.833,-11.4051],[-13.6516,165.908,-28.987],[-24.0979,154.629,-18.5513],[-29.8321,151.279,-3.58333],[[[0.827764,-0.560425,-0.0270503],[0.558168,0.817611,0.141279],[-0.0570594,-0.132044,0.9896]],[[0.798338,-0.575601,0.17703],[0.432629,0.343695,-0.83349],[0.418913,0.741996,0.523407]],[[0.798338,-0.575601,0.17703],[-0.215817,-0.547906,-0.808221],[0.562209,0.607028,-0.561639]],[[0.798338,-0.575601,0.17703],[-0.489929,-0.791733,-0.364869],[0.35018,0.204557,-0.914074]]],4]],[[0,200,0],[235.247,235.247,147.751]]],[221710,4109982422,[[134,"right",[-0.163388,0.300878,-0.939562],[-0.243519,-0.935191,-0.25713],[-30.3924,194.81,6.06927],[201.092,21.5341,-43.5134],[-37.2005,194.345,8.74385],1,0,0.471117,[[0.657692,0.0314358,-0.75263],[0.242451,0.93713,0.25101],[0.713203,-0.347563,0.608721]],60.534,[168.849,92.7105,209.824],[-14.0879,181.86,53.687]]],[[1340,[-0.0305532,-0.308058,-0.950877],134,49.5106,[-55.9008,155.049,-18.5707],[-56.6525,155.364,-19.7932],[213.684,48.9029,-46.1932],false,[-41.9472,176.346,60.2257],[-41.9472,176.346,60.2257],[-67.5842,172.78,20.491],[-68.5738,162.802,-10.3087],[-51.8952,152.805,-21.0886],[[[0.570634,0.820008,-0.0443243],[-0.596741,0.451136,0.663609],[0.564161,-0.352227,0.746766]],[[0.340506,0.89121,-0.299669],[-0.769279,0.447316,0.456199],[0.540616,0.0751904,0.837903]],[[0.340506,0.89121,-0.299669],[-0.939746,0.332935,-0.0776662],[0.0305532,0.308058,0.950877]],[[0.340506,0.89121,-0.299669],[-0.566849,-0.0597044,-0.821655],[-0.750159,0.449645,0.484852]]],0],[1341,[-0.389567,0.265454,-0.881914],134,55.8671,[-98.0528,228.974,-71.0057],[-84.7931,232.176,-76.2482],[283.014,94.2724,-67.1773],false,[-31.7594,195.345,53.7189],[-56.5117,208.318,-10.342],[-70.6917,225.443,-44.5684],[-79.6369,231.539,-64.8188],[-86.4118,233.589,-79.4254],[[[0.915029,-0.13362,-0.380614],[0.19312,0.973495,0.12252],[0.354155,-0.185613,0.916582]],[[0.893588,-0.122934,-0.431726],[0.284242,0.899347,0.332237],[0.347429,-0.419598,0.838589]],[[0.893588,-0.122934,-0.431726],[0.22302,0.956254,0.189316],[0.389567,-0.265454,0.881914]],[[0.893588,-0.122934,-0.431726],[0.165163,0.984343,0.0615651],[0.417398,-0.126319,0.899901]]],1],[1342,[-0.11135,-0.756435,0.644521],134,63.6561,[-58.6041,143.718,-3.09403],[-55.8849,144.671,-5.64638],[189.773,45.1269,-64.5362],false,[-21.0568,195.477,48.9997],[-36.0264,206.36,-14.6434],[-54.1993,169.32,-34.5055],[-57.2073,148.885,-17.094],[-55.1089,143.154,-0.317284],[[[0.908045,-0.321455,-0.268553],[0.352765,0.932579,0.0765021],[0.225855,-0.164204,0.960222]],[[0.916953,-0.328247,-0.226827],[-0.0411031,0.487759,-0.87201],[0.396872,0.808916,0.43376]],[[0.916953,-0.328247,-0.226827],[-0.383142,-0.565739,-0.730166],[0.11135,0.756435,-0.644521]],[[0.916953,-0.328247,-0.226827],[-0.381287,-0.888366,-0.255785],[-0.117545,0.321029,-0.939747]]],2],[1343,[-0.267328,-0.709125,0.652439],134,61.2071,[-48.5045,143.386,-5.10035],[-40.3744,144.084,-4.07438],[189.742,41.9988,-27.5737],false,[-10.3854,192.669,45.1979],[-15.1758,200.638,-13.5792],[-32.5086,166.794,-32.4416],[-39.5438,148.132,-15.2714],[-40.3329,143.051,1.71717],[[[0.90219,-0.411496,-0.129319],[0.42376,0.90152,0.0876905],[0.0804997,-0.133914,0.987718]],[[0.904976,-0.417331,-0.082789],[0.119446,0.435969,-0.892],[0.408353,0.797349,0.44439]],[[0.904976,-0.417331,-0.082789],[-0.330991,-0.56831,-0.753305],[0.267328,0.709125,-0.652439]],[[0.904976,-0.417331,-0.082789],[-0.423135,-0.862486,-0.277624],[0.0444566,0.286274,-0.957116]]],3],[1344,[-0.571198,-0.603016,0.556871],134,47.9852,[-35.0411,151.047,-9.13332],[-26.4556,152.373,-9.19791],[185.543,37.9208,-24.9918],false,[-0.958309,183.252,42.9081],[2.63895,191.041,-11.5055],[-11.5813,166.343,-29.2873],[-22.1946,155.139,-18.9401],[-28.0411,151.79,-4.01553],[[[0.822942,-0.567492,-0.0268321],[0.564361,0.811146,0.153425],[-0.0653027,-0.141403,0.987796]],[[0.79144,-0.584485,0.178884],[0.440923,0.343227,-0.829326],[0.423331,0.735236,0.529357]],[[0.79144,-0.584485,0.178884],[-0.217613,-0.542908,-0.811107],[0.571198,0.603016,-0.556871]],[[0.79144,-0.584485,0.178884],[-0.496132,-0.785208,-0.370541],[0.357037,0.204511,-0.911428]]],4]],[[0,200,0],[235.247,235.247,147.751]]],[221711,4109991149,[[134,"right",[-0.15262,0.296573,-0.942736],[-0.243933,-0.935702,-0.25487],[-28.1624,194.763,5.56947],[215.651,14.3207,-47.193],[-32.948,194.541,7.25029],1,0,0.517578,[[0.667701,0.029362,-0.74385],[0.244124,0.935329,0.256053],[0.703263,-0.352559,0.617352]],60.534,[167.99,91.5735,211.771],[-12.3966,182.005,53.4198]]],[[1340,[-0.0190036,-0.314884,-0.94894],134,49.5106,[-53.5387,154.975,-18.8648],[-54.1747,155.225,-20.0889],[230.591,31.6548,-42.5244],false,[-40.3405,176.615,59.6964],[-40.3405,176.615,59.6964],[-65.7164,172.931,19.8052],[-66.3319,162.731,-10.9317],[-49.4266,152.649,-21.2706],[[[0.573778,0.817904,-0.0425722],[-0.602105,0.456486,0.655049],[0.555201,-0.35022,0.754386]],[[0.345384,0.888615,-0.301783],[-0.770951,0.452025,0.448674],[0.535112,0.0776948,0.841201]],[[0.345384,0.888615,-0.301783],[-0.938269,0.333484,-0.0918691],[0.0190036,0.314884,0.94894]],[[0.345384,0.888615,-0.301783],[-0.550065,-0.0688529,-0.832279],[-0.760354,0.453456,0.465015]]],0],[1341,[-0.380097,0.260016,-0.887647],134,55.8671,[-93.6145,229.981,-72.7252],[-81.6083,231.848,-77.5054],[304.595,55.961,-88.5294],false,[-30.0227,195.547,53.1989],[-54.0649,208.271,-11.1815],[-67.8501,225.22,-45.6564],[-76.5778,231.19,-66.0384],[-83.2035,233.138,-80.7272],[[[0.918487,-0.138559,-0.370383],[0.195063,0.973478,0.119548],[0.343995,-0.182051,0.921154]],[[0.897575,-0.128047,-0.421857],[0.283341,0.900644,0.329482],[0.337754,-0.415264,0.844676]],[[0.897575,-0.128047,-0.421857],[0.22335,0.957077,0.184714],[0.380097,-0.260016,0.887647]],[[0.897575,-0.128047,-0.421857],[0.166513,0.984478,0.055465],[0.408207,-0.120029,0.904964]]],1],[1342,[-0.11818,-0.749562,0.651299],134,63.6561,[-56.5662,144.028,-3.59549],[-53.6134,144.676,-5.85716],[208.521,34.5572,-53.9377],false,[-19.2712,195.62,48.5908],[-33.5426,206.225,-15.2595],[-51.6302,169.057,-34.9623],[-54.8227,148.808,-17.3677],[-52.8759,143.24,-0.517891],[[[0.909716,-0.325791,-0.257443],[0.35504,0.931805,0.0754037],[0.215321,-0.159999,0.963347]],[[0.918112,-0.332352,-0.215901],[-0.032237,0.48033,-0.876495],[0.395008,0.81168,0.430283]],[[0.918112,-0.332352,-0.215901],[-0.378291,-0.57245,-0.727459],[0.11818,0.749562,-0.651299]],[[0.918112,-0.332352,-0.215901],[-0.381024,-0.890095,-0.250103],[-0.10905,0.311886,-0.943841]]],2],[1343,[-0.273194,-0.69919,0.66068],134,61.2071,[-45.6823,143.628,-4.28461],[-38.1167,144.125,-3.89257],[207.918,33.0216,-15.4675],false,[-8.57028,192.758,44.9146],[-12.7233,200.44,-13.9491],[-30.0098,166.429,-32.5512],[-37.1994,148.028,-15.1642],[-38.1125,143.178,1.88557],[[[0.902117,-0.415095,-0.11782],[0.425811,0.900572,0.0874888],[0.0697891,-0.129094,0.989173]],[[0.904398,-0.420699,-0.0712485],[0.127284,0.425376,-0.896021],[0.407262,0.801291,0.438258]],[[0.904398,-0.420699,-0.0712485],[-0.327763,-0.578053,-0.747279],[0.273194,0.69919,-0.66068]],[[0.904398,-0.420699,-0.0712485],[-0.423577,-0.865064,-0.26879],[0.051445,0.273272,-0.96056]]],3],[1344,[-0.578258,-0.592294,0.561075],134,47.9852,[-32.5404,151.402,-8.70546],[-24.253,152.331,-9.05557],[203.102,27.3384,-14.6998],false,[0.848842,183.298,42.7712],[5.03704,190.796,-11.6411],[-9.15922,165.958,-29.2459],[-19.9038,154.953,-18.8207],[-25.8785,151.827,-3.89838],[[[0.82129,-0.570303,-0.0153672],[0.565421,0.81008,0.155144],[-0.0760303,-0.136107,0.987772]],[[0.787026,-0.586168,0.192346],[0.449426,0.331182,-0.829659],[0.422618,0.739409,0.524088]],[[0.787026,-0.586168,0.192346],[-0.214959,-0.552807,-0.805107],[0.578258,0.592294,-0.561075]],[[0.787026,-0.586168,0.192346],[-0.497455,-0.787387,-0.364089],[0.364868,0.190864,-0.911286]]],4]],[[0,200,0],[235.247,235.247,147.751]]],[221712,4110002303,[[134,"right",[-0.139722,0.306016,-0.941718],[-0.249023,-0.93134,-0.265696],[-25.3681,195.018,5.18501],[227.095,17.1231,-43.0166],[-27.6838,194.872,5.81596],1,0,0.526355,[[0.673704,0.0248536,-0.738583],[0.247792,0.933979,0.257454],[0.69622,-0.356463,0.623067]],60.534,[168.342,90.2791,212.908],[-10.2383,181.712,53.0913]]],[[1340,[-0.00821775,-0.309164,-0.950973],134,49.5106,[-50.6749,155.559,-19.5066],[-51.3243,155.864,-20.752],[236.549,39.4443,-47.5177],false,[-38.2942,176.507,59.0148],[-38.2942,176.507,59.0148],[-63.4531,173.38,18.939],[-63.7193,163.366,-11.8638],[-46.6039,153.262,-21.8286],[[[0.581112,0.813301,-0.0291422],[-0.605392,0.455936,0.652398],[0.543883,-0.361474,0.757316]],[[0.354503,0.888337,-0.291864],[-0.769974,0.454432,0.44792],[0.530536,0.0659386,0.845094]],[[0.354503,0.888337,-0.291864],[-0.935019,0.339521,-0.102299],[0.00821775,0.309164,0.950973]],[[0.354503,0.888337,-0.291864],[-0.53078,-0.0657947,-0.844952],[-0.769805,0.454453,0.448187]]],0],[1341,[-0.369194,0.267499,-0.890022],134,55.8671,[-87.0763,231.598,-74.9006],[-77.6299,233.208,-78.1506],[321.183,73.549,-79.0557],false,[-27.7456,195.406,52.7963],[-50.9695,208.892,-11.7293],[-64.2624,226.191,-46.2233],[-72.7398,232.333,-66.6599],[-79.2056,234.384,-81.4059],[[[0.921301,-0.143203,-0.361521],[0.201966,0.970702,0.130184],[0.332286,-0.192953,0.923231]],[[0.900932,-0.132008,-0.413395],[0.286785,0.896059,0.33887],[0.325693,-0.423855,0.845146]],[[0.900932,-0.132008,-0.413395],[0.228073,0.954473,0.192262],[0.369194,-0.267499,0.890022]],[[0.900932,-0.132008,-0.413395],[0.172155,0.983165,0.061236],[0.398352,-0.126338,0.90849]]],1],[1342,[-0.128761,-0.750172,0.648585],134,63.6561,[-53.7256,144.583,-4.34583],[-51.0118,145.294,-6.59337],[216.58,42.2631,-58.1675],false,[-16.9439,195.426,48.3068],[-30.4216,206.705,-15.6004],[-48.6063,169.764,-35.6355],[-52.0847,149.498,-18.1143],[-50.3176,143.875,-1.2629],[[[0.909704,-0.331324,-0.250326],[0.362061,0.928045,0.087428],[0.203347,-0.170167,0.964206]],[[0.91753,-0.338261,-0.209089],[-0.0206802,0.48449,-0.874552],[0.397129,0.806752,0.437539]],[[0.91753,-0.338261,-0.209089],[-0.376244,-0.568173,-0.73186],[0.128761,0.750172,-0.648585]],[[0.91753,-0.338261,-0.209089],[-0.38515,-0.886779,-0.255505],[-0.0989881,0.314964,-0.943927]]],2],[1343,[-0.284215,-0.699036,0.656179],134,61.2071,[-41.9237,144.046,-3.68689],[-35.5873,144.613,-4.45044],[213.616,36.3089,-28.3992],false,[-6.22778,192.505,44.7229],[-9.6677,200.732,-14.1133],[-27.0657,166.948,-33.024],[-34.5454,148.552,-15.7554],[-35.642,143.645,1.26741],[[[0.899814,-0.421765,-0.11158],[0.432428,0.896105,0.100012],[0.0578059,-0.138243,0.98871]],[[0.901532,-0.427768,-0.0652212],[0.138672,0.428393,-0.892888],[0.40989,0.795923,0.445529]],[[0.901532,-0.427768,-0.0652212],[-0.326284,-0.57303,-0.751782],[0.284215,0.699036,-0.656179]],[[0.901532,-0.427768,-0.0652212],[-0.428278,-0.86058,-0.275644],[0.0617835,0.276434,-0.959045]]],3],[1344,[-0.588657,-0.585364,0.557523],134,47.9852,[-29.0393,151.937,-8.35187],[-21.711,152.793,-9.33363],[211.017,32.2022,-18.9205],false,[3.13396,182.984,42.5999],[7.98392,190.916,-11.6958],[-6.31841,166.247,-29.4521],[-17.2562,155.371,-19.0929],[-23.3779,152.313,-4.21628],[[[0.816555,-0.577156,-0.0113786],[0.570515,0.803839,0.168395],[-0.0880434,-0.143995,0.985654]],[[0.779173,-0.594575,0.198418],[0.460005,0.32739,-0.825355],[0.425776,0.734368,0.528601]],[[0.779173,-0.594575,0.198418],[-0.215342,-0.551207,-0.806101],[0.588657,0.585364,-0.557523]],[[0.779173,-0.594575,0.198418],[-0.503117,-0.782055,-0.367782],[0.373848,0.186738,-0.908497]]],4]],[[0,200,0],[235.247,235.247,147.751]]],[221713,4110009714,[[134,"right",[-0.1302,0.299813,-0.945071],[-0.249219,-0.932478,-0.261484],[-23.3183,194.844,4.54645],[238.592,7.70112,-53.0387],[-25.1031,194.855,5.06547],1,0,0.547617,[[0.681257,0.0256827,-0.731594],[0.249736,0.931277,0.265246],[0.688129,-0.363406,0.628025]],60.534,[167.838,88.6177,213.77],[-8.66683,181.831,52.6815]]],[[1340,[0.00425736,-0.318608,-0.947877],134,49.5106,[-48.5654,155.308,-19.7151],[-49.0161,155.543,-20.9992],[252.982,20.4473,-43.0097],false,[-36.7906,176.746,58.3826],[-36.7906,176.746,58.3826],[-61.7775,173.434,18.2142],[-61.6396,163.114,-12.4884],[-44.2674,152.93,-21.9126],[[[0.583665,0.81146,-0.0294574],[-0.610057,0.462165,0.64361],[0.535878,-0.357682,0.764787]],[[0.35847,0.885375,-0.29599],[-0.770628,0.459601,0.441475],[0.526908,0.069842,0.847048]],[[0.35847,0.885375,-0.29599],[-0.933531,0.338525,-0.117981],[-0.00425736,0.318608,0.947877]],[[0.35847,0.885375,-0.29599],[-0.51087,-0.0793249,-0.85599],[-0.781352,0.458059,0.423876]]],0],[1341,[-0.36094,0.259714,-0.895696],134,55.8671,[-82.9561,232.119,-76.4255],[-74.736,232.535,-79.5413],[336.916,32.4129,-105.084],false,[-26.1317,195.571,52.13],[-48.7238,208.67,-12.6989],[-61.6695,225.714,-47.4511],[-69.9574,231.678,-68.018],[-76.2935,233.583,-82.8396],[[[0.92417,-0.148285,-0.352023],[0.203521,0.971023,0.125274],[0.323246,-0.187418,0.92757]],[[0.90428,-0.137381,-0.404234],[0.285782,0.898187,0.334048],[0.317186,-0.417595,0.851473]],[[0.90428,-0.137381,-0.404234],[0.228036,0.955864,0.185268],[0.36094,-0.259714,0.895696]],[[0.90428,-0.137381,-0.404234],[0.172898,0.983539,0.0525156],[0.390365,-0.11738,0.913147]]],1],[1342,[-0.133345,-0.740244,0.658982],134,63.6561,[-51.7928,144.777,-4.67339],[-48.8766,145.175,-6.7075],[233.511,30.3202,-47.1445],false,[-15.2892,195.531,47.74],[-28.1475,206.4,-16.3655],[-46.2537,169.24,-36.0653],[-49.8559,149.243,-18.2632],[-48.1972,143.863,-1.32152],[[[0.911018,-0.335591,-0.239632],[0.36388,0.927624,0.0842907],[0.194002,-0.163988,0.967198]],[[0.918398,-0.342216,-0.198579],[-0.0139234,0.473631,-0.880613],[0.395414,0.811518,0.430217]],[[0.918398,-0.342216,-0.198579],[-0.372512,-0.578728,-0.725471],[0.133345,0.740244,-0.658982]],[[0.918398,-0.342216,-0.198579],[-0.384595,-0.889995,-0.244939],[-0.0929127,0.301324,-0.948984]]],2],[1343,[-0.291895,-0.693202,0.65899],134,61.2071,[-39.5256,144.197,-3.48911],[-33.5812,144.412,-4.7478],[226.283,21.8618,-32.3418],false,[-4.549,192.555,44.2753],[-7.42521,200.379,-14.6459],[-24.7503,166.501,-33.4544],[-32.4321,148.258,-16.1118],[-33.6924,143.483,0.937159],[[[0.899597,-0.425033,-0.100357],[0.434037,0.895577,0.0977438],[0.0483332,-0.131489,0.990139]],[[0.900873,-0.430707,-0.0540323],[0.147729,0.421249,-0.894832],[0.408172,0.798148,0.44312]],[[0.900873,-0.430707,-0.0540323],[-0.321287,-0.577895,-0.750208],[0.291895,0.693202,-0.65899]],[[0.900873,-0.430707,-0.0540323],[-0.428236,-0.861466,-0.272929],[0.0710056,0.269013,-0.960516]]],3],[1344,[-0.595268,-0.576609,0.559623],134,47.9852,[-26.7097,152.161,-8.20544],[-19.6752,152.568,-9.43658],[225.621,18.3652,-18.9788],false,[4.80474,182.992,42.3049],[10.1755,190.531,-11.9978],[-4.06748,165.734,-29.6218],[-15.1281,155.02,-19.2235],[-21.3775,152.154,-4.36178],[[[0.814981,-0.579488,0.000153797],[0.571227,0.803408,0.168035],[-0.0974976,-0.136857,0.985781]],[[0.775218,-0.595352,0.211173],[0.468246,0.317186,-0.824705],[0.424008,0.738207,0.524659]],[[0.775218,-0.595352,0.211173],[-0.211408,-0.559534,-0.801391],[0.595268,0.576609,-0.559623]],[[0.775218,-0.595352,0.211173],[-0.503372,-0.78417,-0.362896],[0.381646,0.175025,-0.907586]]],4]],[[0,200,0],[235.247,235.247,147.751]]],[221714,4110019285,[[134,"right",[-0.11618,0.307886,-0.944303],[-0.244856,-0.930276,-0.273188],[-20.502,194.689,4.07445],[254.691,0.805773,-51.9619],[-21.8346,194.737,4.36148],1,0,0.56278,[[0.691704,0.031145,-0.721509],[0.24509,0.929652,0.275096],[0.67932,-0.367119,0.635411]],60.534,[167.679,87.102,215.293],[-6.56648,181.268,52.3098]]],[[1340,[0.022008,-0.312215,-0.949756],134,49.5106,[-45.3347,155.388,-20.5002],[-45.7454,155.627,-21.8259],[275.622,18.2032,-55.1708],false,[-34.7701,176.125,57.5454],[-34.7701,176.125,57.5454],[-59.4079,173.261,17.1277],[-58.695,163.148,-13.6357],[-41.0294,153.078,-22.6271],[[[0.583672,0.811873,-0.0137444],[-0.619829,0.456415,0.638355],[0.524536,-0.364071,0.769619]],[[0.361901,0.888049,-0.283544],[-0.774015,0.455764,0.439522],[0.519546,0.0604039,0.852304]],[[0.361901,0.888049,-0.283544],[-0.931957,0.337477,-0.132535],[-0.022008,0.312215,0.949756]],[[0.361901,0.888049,-0.283544],[-0.487561,-0.0789334,-0.869513],[-0.794551,0.452923,0.404412]]],0],[1341,[-0.348693,0.263269,-0.899501],134,55.8671,[-77.1279,232.761,-78.3282],[-70.7226,232.981,-80.4659],[360.152,32.387,-103.384],false,[-24.0274,195.007,51.6151],[-45.6528,208.655,-13.4297],[-58.1133,225.919,-48.2507],[-66.12,231.964,-68.9049],[-72.2533,233.899,-83.8078],[[[0.929402,-0.144952,-0.339413],[0.201183,0.969976,0.136645],[0.309416,-0.195282,0.930659]],[[0.910238,-0.133576,-0.39195],[0.279752,0.896236,0.344239],[0.305297,-0.422988,0.853156]],[[0.910238,-0.133576,-0.39195],[0.22334,0.95543,0.19306],[0.348693,-0.263269,0.899501]],[[0.910238,-0.133576,-0.39195],[0.169359,0.983845,0.0580144],[0.377869,-0.119187,0.918155]]],1],[1342,[-0.142376,-0.745312,0.651336],134,63.6561,[-48.7883,144.905,-5.52823],[-45.8423,145.117,-7.88855],[256.831,19.7563,-70.5313],false,[-13.1204,195.007,47.3876],[-25.023,206.423,-16.8073],[-42.8171,169.415,-37.0694],[-46.6633,149.281,-19.4738],[-45.2461,143.775,-2.55104],[[[0.914654,-0.333222,-0.228845],[0.362157,0.926983,0.0976955],[0.179582,-0.172236,0.968548]],[[0.921406,-0.34018,-0.187851],[-0.00129299,0.480717,-0.876875],[0.388599,0.808201,0.442496]],[[0.921406,-0.34018,-0.187851],[-0.36158,-0.5734,-0.735169],[0.142376,0.745312,-0.651336]],[[0.921406,-0.34018,-0.187851],[-0.380406,-0.888339,-0.257187],[-0.0793854,0.308434,-0.947928]]],2],[1343,[-0.297581,-0.692403,0.657285],134,61.2071,[-35.9805,144.364,-3.47228],[-30.5136,144.452,-5.22122],[253.175,17.0123,-36.9313],false,[-2.32819,192.065,44.0586],[-4.32597,200.395,-14.8296],[-21.4146,166.522,-33.8626],[-29.246,148.3,-16.5649],[-30.6756,143.534,0.473235],[[[0.901191,-0.423862,-0.0905305],[0.43212,0.894844,0.111921],[0.0335716,-0.139982,0.989585]],[[0.901779,-0.429892,-0.044586],[0.157187,0.422316,-0.892716],[0.402601,0.798024,0.448409]],[[0.901779,-0.429892,-0.044586],[-0.313433,-0.579458,-0.752322],[0.297581,0.692403,-0.657285]],[[0.901779,-0.429892,-0.044586],[-0.424627,-0.862031,-0.276758],[0.0805416,0.268507,-0.959905]]],3],[1344,[-0.603335,-0.578003,0.549453],134,47.9852,[-23.2282,152.404,-8.26477],[-16.6675,152.602,-9.9813],[250.805,13.9264,-31.3731],false,[7.05833,182.523,42.1463],[13.2376,190.53,-12.0031],[-0.766745,165.828,-29.9492],[-11.9772,155.088,-19.7399],[-18.4318,152.171,-4.97614],[[[0.81515,-0.579203,0.00737177],[0.568284,0.802119,0.183463],[-0.112175,-0.145361,0.982999]],[[0.771703,-0.596926,0.219438],[0.480275,0.320797,-0.816349],[0.416905,0.735369,0.534249]],[[0.771703,-0.596926,0.219438],[-0.201147,-0.55641,-0.806194],[0.603335,0.578003,-0.549453]],[[0.771703,-0.596926,0.219438],[-0.499099,-0.782268,-0.37277],[0.394175,0.178146,-0.901604]]],4]],[[0,200,0],[235.247,235.247,147.751]]],[221715,4110027720,[[134,"right",[-0.10485,0.305957,-0.946254],[-0.239274,-0.931309,-0.274611],[-17.9879,194.421,3.69798],[265.957,-7.66009,-50.0577],[-19.1935,194.52,3.90593],1,0,0.59996,[[0.700925,0.0378421,-0.71223],[0.240519,0.927558,0.285984],[0.671457,-0.371759,0.641047]],60.534,[167.592,85.7606,216.559],[-4.637,181.117,52.1306]]],[[1340,[0.0363369,-0.314582,-0.948534],134,49.5106,[-42.52,155.145,-20.8497],[-42.7948,155.302,-22.1603],[292.287,5.03305,-50.9101],false,[-32.8933,175.919,57.0164],[-32.8933,175.919,57.0164],[-57.2031,173.027,16.4025],[-56.0261,162.837,-14.3213],[-38.1047,152.814,-22.8471],[[[0.581978,0.813168,-0.00777666],[-0.628921,0.456135,0.629603],[0.51552,-0.361524,0.776878]],[[0.363292,0.888379,-0.280715],[-0.777965,0.455041,0.433254],[0.51263,0.0609887,0.856441]],[[0.363292,0.888379,-0.280715],[-0.930966,0.334395,-0.146566],[-0.0363369,0.314582,0.948534]],[[0.363292,0.888379,-0.280715],[-0.467211,-0.0869624,-0.879859],[-0.80606,0.450799,0.383468]]],0],[1341,[-0.338689,0.257209,-0.90506],134,55.8671,[-72.2683,232.729,-79.9156],[-67.2579,232.34,-81.5656],[372.831,0.662987,-111.268],false,[-22.1185,194.815,51.1893],[-42.9453,208.299,-14.1496],[-55.0252,225.398,-49.1857],[-62.8021,231.304,-69.9676],[-68.7645,233.114,-84.9553],[[[0.933966,-0.143445,-0.327308],[0.197253,0.970669,0.137454],[0.29799,-0.192939,0.934867]],[[0.915433,-0.132197,-0.38014],[0.272734,0.898344,0.344376],[0.29597,-0.41893,0.858428]],[[0.915433,-0.132197,-0.38014],[0.217422,0.957271,0.190684],[0.338689,-0.257209,0.90506]],[[0.915433,-0.132197,-0.38014],[0.164456,0.984932,0.0535138],[0.367337,-0.111504,0.92338]]],1],[1342,[-0.148717,-0.744132,0.651269],134,63.6561,[-45.9745,144.812,-6.22841],[-43.0502,144.775,-8.44157],[275.464,4.31996,-69.9137],false,[-11.1586,194.832,47.1009],[-22.2692,206.108,-17.2606],[-39.7221,169.016,-37.665],[-43.7397,148.914,-20.0712],[-42.5203,143.45,-3.11919],[[[0.918236,-0.331553,-0.216599],[0.358805,0.927972,0.100631],[0.167633,-0.17012,0.97106]],[[0.924474,-0.338414,-0.175565],[0.00858434,0.478866,-0.877846],[0.381148,0.810039,0.445604]],[[0.924474,-0.338414,-0.175565],[-0.351042,-0.575972,-0.738258],[0.148717,0.744132,-0.651269]],[[0.924474,-0.338414,-0.175565],[-0.375076,-0.889841,-0.259808],[-0.0683022,0.306036,-0.949567]]],2],[1343,[-0.30271,-0.688957,0.658563],134,61.2071,[-32.7264,144.378,-3.52287],[-27.726,144.208,-5.33403],[272.689,5.47677,-32.1835],false,[-0.318328,191.908,43.9146],[-1.58559,200.13,-15.009],[-18.3815,166.123,-34.0635],[-26.3479,147.992,-16.7321],[-27.9451,143.326,0.318815],[[[0.903218,-0.421978,-0.0783042],[0.428653,0.896017,0.115803],[0.0212956,-0.138161,0.990181]],[[0.903238,-0.42791,-0.0324833],[0.16607,0.41833,-0.892984],[0.395705,0.801183,0.448914]],[[0.903238,-0.42791,-0.0324833],[-0.304185,-0.585006,-0.751824],[0.30271,0.688957,-0.658563]],[[0.903238,-0.42791,-0.0324833],[-0.419601,-0.864753,-0.275931],[0.0899835,0.262861,-0.960628]]],3],[1344,[-0.608442,-0.573704,0.548326],134,47.9852,[-19.9838,152.495,-8.29543],[-13.9236,152.401,-9.93651],[269.769,4.58879,-22.5483],false,[9.11312,182.384,42.139],[15.9627,190.31,-11.9418],[2.17224,165.477,-29.8729],[-9.13315,154.818,-19.6846],[-15.7343,152.011,-4.96425],[[[0.816287,-0.577341,0.0187744],[0.564105,0.803726,0.189236],[-0.124343,-0.14388,0.981752]],[[0.769726,-0.594812,0.231774],[0.488856,0.315732,-0.813224],[0.410537,0.739264,0.533805]],[[0.769726,-0.594812,0.231774],[-0.193181,-0.563082,-0.803505],[0.608442,0.573704,-0.548326]],[[0.769726,-0.594812,0.231774],[-0.494986,-0.785382,-0.371704],[0.403126,0.171386,-0.898953]]],4]],[[0,200,0],[235.247,235.247,147.751]]],[221716,4110036347,[[134,"right",[-0.0923472,0.302172,-0.94877],[-0.236301,-0.932272,-0.273917],[-15.1716,194.053,3.34586],[281.982,-16.9314,-47.6099],[-16.31,194.185,3.50438],1,0,0.634718,[[0.7087,0.0405502,-0.704344],[0.238106,0.926024,0.292891],[0.664116,-0.37528,0.646618]],60.534,[167.886,84.6782,217.859],[-2.45969,180.938,52.0014]]],[[1340,[0.0502661,-0.319151,-0.94637],134,49.5106,[-39.4477,154.803,-21.0834],[-39.6502,154.901,-22.3815],[309.034,-6.99681,-44.1539],false,[-30.7805,175.777,56.5407],[-30.7805,175.777,56.5407],[-54.7538,172.843,15.7303],[-53.1256,162.506,-14.9234],[-34.9879,152.461,-22.9518],[[[0.582566,0.812776,-0.00351271],[-0.636745,0.459071,0.619523],[0.505146,-0.358676,0.784971]],[[0.367452,0.887014,-0.279617],[-0.78065,0.45758,0.425683],[0.505534,0.0618647,0.860586]],[[0.367452,0.887014,-0.279617],[-0.928683,0.333691,-0.16186],[-0.0502661,0.319151,0.94637]],[[0.367452,0.887014,-0.279617],[-0.446621,-0.0954225,-0.88962],[-0.815787,0.451776,0.361095]]],0],[1341,[-0.327499,0.250438,-0.911057],134,55.8671,[-67.2121,232.194,-81.5191],[-63.3471,231.545,-82.7292],[393.809,-27.0788,-118.343],false,[-19.9184,194.642,50.7775],[-39.8858,207.874,-14.8806],[-51.5244,224.753,-50.1716],[-59.0445,230.503,-71.0912],[-64.8223,232.187,-86.1656],[[[0.938045,-0.145341,-0.314561],[0.196091,0.9711,0.136067],[0.285694,-0.189319,0.939435]],[[0.920197,-0.134291,-0.3677],[0.268181,0.900522,0.342256],[0.28516,-0.413553,0.864672]],[[0.920197,-0.134291,-0.3677],[0.214433,0.958773,0.186472],[0.327499,-0.250438,0.911057]],[[0.920197,-0.134291,-0.3677],[0.162855,0.985499,0.0476338],[0.355971,-0.103714,0.928724]]],1],[1342,[-0.156449,-0.739572,0.654642],134,63.6561,[-42.8031,144.574,-6.79708],[-40.064,144.396,-8.73396],[293.714,-7.73304,-60.9766],false,[-8.90631,194.637,46.8318],[-19.1725,205.657,-17.7138],[-36.3878,168.448,-38.1068],[-40.6142,148.469,-20.4219],[-39.5957,143.121,-3.4197],[[[0.920753,-0.332987,-0.203304],[0.35808,0.928155,0.10152],[0.154893,-0.166274,0.973838]],[[0.926435,-0.339661,-0.162325],[0.0193656,0.47362,-0.880516],[0.375958,0.812597,0.445356]],[[0.926435,-0.339661,-0.162325],[-0.342407,-0.581088,-0.738305],[0.156449,0.739572,-0.654642]],[[0.926435,-0.339661,-0.162325],[-0.372108,-0.891578,-0.258118],[-0.0570521,0.299532,-0.952379]]],2],[1343,[-0.310528,-0.6838,0.660296],134,61.2071,[-29.19,144.239,-3.59152],[-24.7964,143.858,-5.36745],[289.774,-6.34993,-26.004],false,[1.97247,191.693,43.7986],[1.47617,199.676,-15.1695],[-15.1146,165.553,-34.1963],[-23.2867,147.558,-16.8194],[-25.0816,143.017,0.245687],[[[0.90388,-0.422841,-0.0648501],[0.427704,0.89622,0.117727],[0.00834005,-0.134148,0.990926]],[[0.903302,-0.428584,-0.0190291],[0.176821,0.412356,-0.893698],[0.390871,0.803914,0.448265]],[[0.903302,-0.428584,-0.0190291],[-0.296004,-0.590537,-0.750765],[0.310528,0.6838,-0.660296]],[[0.903302,-0.428584,-0.0190291],[-0.416919,-0.866532,-0.274412],[0.101119,0.255811,-0.961424]]],3],[1344,[-0.615618,-0.567436,0.546837],134,47.9852,[-16.4051,152.421,-8.28824],[-10.9963,152.046,-9.8248],[287.902,-7.07122,-14.3671],false,[11.4199,182.156,42.1842],[18.9766,189.858,-11.8347],[5.35279,164.911,-29.7349],[-6.08593,154.368,-19.5742],[-12.855,151.704,-4.90379],[[[0.815593,-0.577755,0.0317202],[0.562129,0.804146,0.193288],[-0.137181,-0.139814,0.980629]],[[0.765842,-0.594346,0.245434],[0.498992,0.308562,-0.809813],[0.405577,0.742658,0.532884]],[[0.765842,-0.594346,0.245434],[-0.185742,-0.569884,-0.800457],[0.615618,0.567436,-0.546837]],[[0.765842,-0.594346,0.245434],[-0.492547,-0.78758,-0.370292],[0.413381,0.162697,-0.895905]]],4]],[[0,200,0],[235.247,235.247,147.751]]],[221717,4110045417,[[134,"right",[-0.0789588,0.301695,-0.950129],[-0.235515,-0.93177,-0.276293],[-12.198,193.625,3.05974],[294.659,-25.3041,-43.1698],[-13.1958,193.761,3.16764],1,0,0.668009,[[0.716951,0.0405515,-0.695943],[0.237288,0.9245,0.29832],[0.655496,-0.379019,0.653199]],60.534,[167.969,83.291,219.433],[-0.166179,180.509,51.888]]],[[1340,[0.063286,-0.320407,-0.945164],134,49.5106,[-36.2803,154.546,-21.3821],[-36.4518,154.603,-22.6761],[318.774,-12.5299,-41.0836],false,[-28.5597,175.438,56.0588],[-28.5597,175.438,56.0588],[-52.1879,172.67,15.0361],[-50.138,162.291,-15.5786],[-31.825,152.207,-23.1454],[[[0.585029,0.811005,0.00352621],[-0.64343,0.461491,0.610757],[0.4937,-0.359579,0.79181]],[[0.374007,0.885657,-0.275192],[-0.782214,0.460655,0.41945],[0.498257,0.0583818,0.865061]],[[0.374007,0.885657,-0.275192],[-0.925264,0.336082,-0.175884],[-0.063286,0.320407,0.945164]],[[0.374007,0.885657,-0.275192],[-0.426243,-0.0993799,-0.899133],[-0.823672,0.45358,0.340336]]],0],[1341,[-0.31553,0.246722,-0.91628],134,55.8671,[-61.88,231.517,-82.9946],[-59.1685,231.051,-83.7036],[412.033,-38.0781,-116.213],false,[-17.5656,194.266,50.4245],[-36.6286,207.506,-15.5003],[-47.7766,224.292,-50.9932],[-55.0218,229.957,-72.0327],[-60.6085,231.562,-87.1876],[[[0.941649,-0.148432,-0.3021],[0.197237,0.970609,0.137897],[0.272753,-0.189435,0.94325]],[[0.92457,-0.137391,-0.355379],[0.265641,0.901092,0.342736],[0.27314,-0.411287,0.869619]],[[0.92457,-0.137391,-0.355379],[0.213569,0.959298,0.184761],[0.31553,-0.246722,0.91628]],[[0.92457,-0.137391,-0.355379],[0.163412,0.985571,0.0441138],[0.34419,-0.0988596,0.933681]]],1],[1342,[-0.165633,-0.736083,0.656313],134,63.6561,[-39.3248,144.27,-7.31275],[-37.0255,144.07,-9.07479],[304.769,-14.7978,-54.9826],false,[-6.50269,194.224,46.6238],[-15.8867,205.224,-18.0595],[-32.9536,167.992,-38.5355],[-37.4281,148.107,-20.8054],[-36.6165,142.837,-3.76795],[[[0.922328,-0.335936,-0.190938],[0.359534,0.927147,0.105513],[0.141582,-0.165967,0.975915]],[[0.927424,-0.342555,-0.150137],[0.0311044,0.470674,-0.881759],[0.372717,0.813094,0.447169]],[[0.927424,-0.342555,-0.150137],[-0.335337,-0.583813,-0.7394],[0.165633,0.736083,-0.656313]],[[0.927424,-0.342555,-0.150137],[-0.371239,-0.891915,-0.258203],[-0.045461,0.2952,-0.954353]]],2],[1343,[-0.319972,-0.679684,0.660036],134,61.2071,[-25.4069,143.977,-3.71224],[-21.8312,143.509,-5.48178],[299.493,-14.9569,-23.4047],false,[4.406,191.245,43.736],[4.70853,199.182,-15.2395],[-11.7593,165.041,-34.3392],[-20.18,147.154,-16.9691],[-22.1821,142.696,0.094869],[[[0.903365,-0.425628,-0.0526505],[0.428842,0.895014,0.122658],[-0.00508382,-0.133384,0.991051]],[[0.902166,-0.431334,-0.00682148],[0.188605,0.408603,-0.893013],[0.387974,0.80436,0.44998]],[[0.902166,-0.431334,-0.00682148],[-0.289333,-0.59328,-0.751203],[0.319972,0.679684,-0.660036]],[[0.902166,-0.431334,-0.00682148],[-0.416381,-0.866537,-0.275209],[0.112796,0.251125,-0.96136]]],3],[1344,[-0.624377,-0.562141,0.542357],134,47.9852,[-12.5233,152.185,-8.30224],[-8.01475,151.653,-9.8244],[298.875,-16.9007,-11.5964],false,[13.8448,181.678,42.2531],[22.1338,189.314,-11.6677],[8.62836,164.353,-29.6378],[-2.97311,153.908,-19.5603],[-9.92591,151.339,-4.95909],[[[0.813347,-0.580197,0.0428688],[0.561983,0.802594,0.200048],[-0.150473,-0.138617,0.978848]],[[0.760341,-0.596477,0.257092],[0.510134,0.30339,-0.804809],[0.402051,0.743081,0.534963]],[[0.760341,-0.596477,0.257092],[-0.178982,-0.572898,-0.799846],[0.624377,0.562141,-0.542357]],[[0.760341,-0.596477,0.257092],[-0.491525,-0.787142,-0.372574],[0.4246,0.156916,-0.89168]]],4]],[[0,200,0],[235.247,235.247,147.751]]],[221718,4110054432,[[134,"right",[-0.0673381,0.303671,-0.950394],[-0.236193,-0.930332,-0.280526],[-9.19862,193.26,3.06725],[305.121,-29.4847,-31.0703],[-10.0844,193.371,3.0895],1,0,0.688669,[[0.721946,0.03603,-0.691011],[0.237269,0.925208,0.296132],[0.649998,-0.377747,0.659401]],60.534,[168.97,83.1186,221.137],[2.24496,180.011,52.0007]]],[[1340,[0.0730705,-0.319048,-0.944918],134,49.5106,[-33.2202,154.419,-21.5357],[-33.3433,154.447,-22.7963],[323.767,-12.6197,-34.1111],false,[-26.2126,175.046,55.8512],[-26.2126,175.046,55.8512],[-49.5454,172.547,14.6426],[-47.1786,162.212,-15.9641],[-28.7642,152.08,-23.2144],[[[0.588189,0.808643,0.0113866],[-0.648235,0.463,0.604502],[0.483554,-0.362943,0.796522]],[[0.380753,0.884611,-0.269242],[-0.782902,0.463342,0.415185],[0.492028,0.0527075,0.868982]],[[0.380753,0.884611,-0.269242],[-0.921785,0.340106,-0.186117],[-0.0730705,0.319048,0.944917]],[[0.380753,0.884611,-0.269242],[-0.411175,-0.0988306,-0.906183],[-0.828229,0.455737,0.3261]]],0],[1341,[-0.305223,0.245544,-0.92008],134,55.8671,[-57.0976,231.075,-83.8688],[-55.1086,230.871,-84.1768],[422.37,-36.3462,-99.5353],false,[-15.0823,193.839,50.3715],[-33.3688,207.271,-15.7342],[-44.0841,224.06,-51.3589],[-51.0926,229.698,-72.4857],[-56.518,231.267,-87.7027],[[[0.944303,-0.151681,-0.292037],[0.199589,0.969567,0.141789],[0.261643,-0.192179,0.945838]],[[0.927907,-0.140514,-0.345319],[0.264694,0.900581,0.344804],[0.262538,-0.41135,0.872849]],[[0.927907,-0.140514,-0.345319],[0.214075,0.959148,0.184954],[0.305223,-0.245544,0.92008]],[[0.927907,-0.140514,-0.345319],[0.165118,0.985347,0.042742],[0.334253,-0.0966791,0.937512]]],1],[1342,[-0.174118,-0.734165,0.656266],134,63.6561,[-35.8777,144.012,-7.63408],[-34.037,143.861,-9.19838],[311.856,-16.5682,-44.1044],false,[-3.97867,193.76,46.6921],[-12.6094,204.911,-18.0702],[-29.6098,167.726,-38.6862],[-34.3135,147.892,-20.9574],[-33.6769,142.653,-3.90311],[[[0.923016,-0.3393,-0.18143],[0.362057,0.925511,0.111106],[0.130217,-0.168241,0.977107]],[[0.927607,-0.34596,-0.140916],[0.0413259,0.469948,-0.881726],[0.371265,0.812072,0.450224]],[[0.927607,-0.34596,-0.140916],[-0.330497,-0.584221,-0.741254],[0.174118,0.734165,-0.656266]],[[0.927607,-0.34596,-0.140916],[-0.371852,-0.891163,-0.259911],[-0.03566,0.293495,-0.955295]]],2],[1343,[-0.327692,-0.674922,0.661134],134,61.2071,[-21.7215,143.717,-3.65831],[-18.896,143.288,-5.26203],[306.353,-17.2744,-10.4321],false,[6.94902,190.742,43.9185],[7.92941,198.781,-15.0358],[-8.51312,164.639,-34.1563],[-17.137,146.877,-16.7573],[-19.2926,142.505,0.309947],[[[0.902181,-0.429157,-0.043519],[0.431043,0.893069,0.128952],[-0.016475,-0.135096,0.990696]],[[0.900456,-0.434941,0.00230131],[0.197779,0.404737,-0.892788],[0.387379,0.804372,0.45047]],[[0.900456,-0.434941,0.00230131],[-0.286001,-0.596076,-0.750264],[0.327692,0.674922,-0.661134]],[[0.900456,-0.434941,0.00230131],[-0.417649,-0.866109,-0.274635],[0.121443,0.246335,-0.961546]]],3],[1344,[-0.632533,-0.558521,0.536616],134,47.9852,[-8.72002,151.