{"metadata":{"formatVersion":2,"generatedBy":"LeapJS Playback 0.2.1","frames":56,"protocolVersion":6,"serviceVersion":"2.2.6+29154","frameRate":"1.1e+2","modified":"Thu Jun 04 2015 14:40:53 GMT-0300 (E. South America Standard Time)"},"frames":[["id","timestamp",{"hands":[["id","type","direction","palmNormal","palmPosition","palmVelocity","stabilizedPalmPosition","pinchStrength","grabStrength","confidence","armBasis","armWidth","elbow","wrist"]]},{"pointables":[["id","direction","handId","length","stabilizedTipPosition","tipPosition","tipVelocity","tool","carpPosition","mcpPosition","pipPosition","dipPosition","btipPosition","bases","type"]]},{"interactionBox":["center","size"]}],[204075,3852345467,[[112,"right",[-0.600008,0.618119,-0.507857],[-0.755353,-0.646827,0.105151],[50.7842,159.543,49.2767],[15.1786,48.0735,-44.2282],[50.3389,160.185,47.0749],0,0.696931,0.584265,[[0.417577,-0.474435,-0.774945],[0.33954,0.872553,-0.351232],[0.842818,-0.116458,0.525448]],63.72,[316.017,94.1103,211.6],[88.4564,125.554,69.7293]]],[[1120,[-0.95963,0.232803,-0.157838],112,52.1164,[-23.1387,146.933,80.7096],[-22.773,154.81,84.0833],[14.1568,298.492,154.228],false,[74.8399,129.188,96.9772],[74.8399,129.188,96.9772],[26.9982,142.389,91.6224],[-5.72094,150.326,86.2408],[-27.9588,157.585,85.5212],[[[0.664559,0.519402,-0.537199],[0.359903,0.407544,0.839272],[0.654852,-0.751085,0.0839023]],[[0.281145,0.810364,-0.514069],[0.0490183,0.52285,0.851014],[0.958413,-0.264457,0.107274]],[[0.281145,0.810364,-0.514069],[-0.00822969,0.537692,0.843101],[0.95963,-0.232803,0.157838]],[[0.281145,0.810364,-0.514069],[0.134523,0.497108,0.857197],[0.95019,-0.31015,0.0307467]]],0],[1121,[-0.973523,-0.0742714,-0.216187],112,58.8075,[-34.9159,203.011,33.9946],[-31.2266,204.858,34.5678],[72.7459,94.2227,-122.343],false,[85.3144,144.847,82.591],[30.8179,187.578,57.7581],[2.79098,214.182,38.9837],[-20.7395,212.387,33.7584],[-33.9034,201.58,35.1155],[[[0.159016,-0.336578,-0.928132],[0.652691,0.741187,-0.156959],[0.740748,-0.580824,0.337543]],[[0.227882,-0.38964,-0.892329],[0.72284,0.681702,-0.11307],[0.652359,-0.619244,0.436995]],[[0.227882,-0.38964,-0.892329],[0.0179605,0.917968,-0.396249],[0.973523,0.0742714,0.216187]],[[0.227882,-0.38964,-0.892329],[-0.595356,0.669411,-0.444343],[0.770468,0.632511,-0.0794274]]],1],[1122,[-0.978038,-0.153932,-0.140524],112,67.0064,[-34.4538,190.398,5.34411],[-31.5703,191.043,11.9614],[53.3148,54.0358,-60.7314],false,[87.9261,142.351,70.8195],[38.1861,179.205,38.6442],[6.94376,204.554,12.0988],[-20.8681,200.176,8.10278],[-34.0863,187.989,13.5693],[[[0.144019,-0.533345,-0.833548],[0.686283,0.660682,-0.304162],[0.712933,-0.528244,0.461176]],[[0.204404,-0.576527,-0.791098],[0.733544,0.625342,-0.266197],[0.648177,-0.525893,0.55073]],[[0.204404,-0.576527,-0.791098],[-0.040759,0.802447,-0.595329],[0.978038,0.153932,0.140524]],[[0.204404,-0.576527,-0.791098],[-0.680774,0.496995,-0.538092],[0.703396,0.648547,-0.290897]]],2],[1123,[-0.958959,-0.21829,-0.180959],112,64.4285,[-16.4713,170.351,-9.76374],[-16.6245,168.599,-8.00844],[18.8946,-64.303,-3.52004],false,[89.7197,136.859,59.9774],[47.8154,165.455,23.2344],[20.7148,182.847,-7.7388],[-5.85033,176.8,-12.7517],[-19.0524,165.41,-6.03966],[[[0.195216,-0.653545,-0.73128],[0.717196,0.603713,-0.348082],[0.66897,-0.45652,0.586574]],[[0.283258,-0.708917,-0.645912],[0.74287,0.588144,-0.319736],[0.606555,-0.389261,0.693229]],[[0.283258,-0.708917,-0.645912],[-0.0127115,0.670661,-0.741655],[0.958959,0.21829,0.180959]],[[0.283258,-0.708917,-0.645912],[-0.648449,0.354641,-0.673605],[0.706596,0.609645,-0.359241]]],3],[1124,[-0.974684,-0.149006,-0.166697],112,50.5107,[5.76667,154.689,-13.7244],[4.24103,151.267,-13.652],[-5.47533,-81.7053,6.25557],false,[88.609,125.27,51.791],[54.5362,148.99,11.3101],[34.2762,160.132,-15.4414],[15.2126,157.218,-18.7018],[1.6863,149.329,-11.4965],[[[0.150127,-0.792696,-0.590842],[0.795094,0.451993,-0.404386],[0.587612,-0.409066,0.698124]],[[0.214534,-0.833266,-0.509553],[0.790995,0.45427,-0.409836],[0.572977,-0.31513,0.756565]],[[0.214534,-0.833266,-0.509553],[0.0629767,0.532415,-0.844138],[0.974684,0.149006,0.166697]],[[0.214534,-0.833266,-0.509553],[-0.581523,0.310184,-0.752075],[0.784733,0.457662,-0.418018]]],4]],[[0,200,0],[235.247,235.247,147.751]]],[204076,3852354830,[[112,"right",[-0.598331,0.615456,-0.513044],[-0.757299,-0.643532,0.111199],[51.0518,160.175,48.8719],[18.9823,53.5893,-43.946],[50.3425,160.185,47.0839],0,0.708113,0.597146,[[0.410773,-0.482082,-0.773862],[0.343255,0.868098,-0.358583],[0.844655,-0.118335,0.522068]],63.72,[316.685,94.3014,210.566],[88.6282,126.252,69.608]]],[[1120,[-0.958973,0.237162,-0.155324],112,52.1164,[-22.9502,150.233,82.3003],[-22.4902,156.262,84.1741],[19.2456,257.232,111.765],false,[75.0357,130.169,96.8286],[75.0357,130.169,96.8286],[27.2435,143.571,91.5311],[-5.4532,151.657,86.2352],[-27.6487,159.05,85.5796],[[[0.665911,0.512572,-0.542063],[0.36155,0.413837,0.835476],[0.652567,-0.752336,0.0902578]],[[0.283495,0.80487,-0.521358],[0.0545588,0.529245,0.846713],[0.95742,-0.268484,0.106126]],[[0.283495,0.80487,-0.521358],[-0.00136989,0.544002,0.839083],[0.958973,-0.237162,0.155324]],[[0.283495,0.80487,-0.521358],[0.14215,0.502387,0.852878],[0.94838,-0.315898,0.028012]]],0],[1121,[-0.97329,-0.0796109,-0.215333],112,58.8075,[-34.6624,203.094,33.9918],[-30.6794,205.353,33.7629],[69.4192,81.3017,-113.657],false,[85.5519,145.667,82.2998],[31.1761,188.345,57.1137],[3.28939,214.83,37.9654],[-20.2354,212.906,32.7607],[-33.3118,202.017,34.2979],[[[0.157545,-0.345265,-0.925187],[0.654905,0.737747,-0.163795],[0.739107,-0.580105,0.342344]],[[0.22905,-0.400325,-0.887286],[0.725405,0.67802,-0.118648],[0.649095,-0.616465,0.445698]],[[0.22905,-0.400325,-0.887286],[0.0155655,0.912908,-0.407868],[0.97329,0.0796109,0.215333]],[[0.22905,-0.400325,-0.887286],[-0.601482,0.658474,-0.452361],[0.765347,0.6373,-0.0899653]]],1],[1122,[-0.978857,-0.153665,-0.135006],112,67.0064,[-34.389,190.415,5.45149],[-31.0343,191.631,11.5049],[55.1554,58.327,-55.373],false,[88.1503,143.059,70.5498],[38.5096,179.781,38.0714],[7.44928,205.199,11.3792],[-20.3859,200.83,7.54016],[-33.5032,188.635,13.2284],[[[0.141984,-0.54114,-0.828859],[0.68818,0.65584,-0.310295],[0.711512,-0.526347,0.46552]],[[0.200109,-0.582657,-0.787698],[0.738042,0.618407,-0.269939],[0.644399,-0.527337,0.553774]],[[0.200109,-0.582657,-0.787698],[-0.0423797,0.798059,-0.601087],[0.978857,0.153665,0.135006]],[[0.200109,-0.582657,-0.787698],[-0.687541,0.489264,-0.536571],[0.698029,0.648947,-0.302694]]],2],[1123,[-0.959779,-0.228004,-0.163827],112,64.4285,[-16.4304,170.219,-9.62825],[-16.2089,168.51,-7.85349],[23.0759,-51.341,8.82758],false,[89.9219,137.466,59.7559],[48.0892,165.866,22.7796],[20.8163,183.001,-8.18571],[-5.77147,176.685,-12.724],[-18.6671,165.217,-5.56189],[[[0.192856,-0.660588,-0.725555],[0.718896,0.598389,-0.353723],[0.667829,-0.453381,0.590297]],[[0.279239,-0.714607,-0.641375],[0.741233,0.585029,-0.329113],[0.610409,-0.383507,0.693053]],[[0.279239,-0.714607,-0.641375],[-0.0291642,0.661325,-0.749532],[0.959779,0.228004,0.163827]],[[0.279239,-0.714607,-0.641375],[-0.667574,0.335633,-0.664602],[0.690196,0.613748,-0.383331]]],3],[1124,[-0.975616,-0.154549,-0.155844],112,50.5107,[5.66466,154.026,-13.6126],[4.65362,151.309,-13.6924],[8.72622,-59.9377,5.52726],false,[88.7717,125.809,51.6728],[54.7536,149.275,10.9985],[34.5589,160.197,-15.8928],[15.477,157.175,-18.941],[2.14897,149.281,-11.3802],[[[0.147403,-0.798352,-0.583872],[0.796299,0.445937,-0.408716],[0.586669,-0.40469,0.701459]],[[0.212893,-0.839046,-0.500678],[0.792773,0.447861,-0.413439],[0.571129,-0.308906,0.760519]],[[0.212893,-0.839046,-0.500678],[0.0533812,0.521648,-0.851489],[0.975616,0.154549,0.155844]],[[0.212893,-0.839046,-0.500678],[-0.597318,0.293757,-0.746269],[0.773232,0.457939,-0.438639]]],4]],[[0,200,0],[235.247,235.247,147.751]]],[204077,3852363983,[[112,"right",[-0.594369,0.617321,-0.515403],[-0.759987,-0.640734,0.108992],[51.1528,160.383,48.8055],[16.7708,44.986,-33.7281],[50.347,160.186,47.0935],0,0.719318,0.617374,[[0.408714,-0.482685,-0.774576],[0.342342,0.867812,-0.360145],[0.846023,-0.117974,0.51993]],63.72,[316.963,94.4832,210.068],[88.5364,126.336,69.6871]]],[[1120,[-0.957635,0.24132,-0.157164],112,52.1164,[-22.8204,152.806,83.4097],[-22.5137,156.904,84.1111],[13.3623,203.909,77.5184],false,[74.8661,130.317,96.8595],[74.8661,130.317,96.8595],[27.1411,143.909,91.443],[-5.51005,152.137,86.0844],[-27.654,159.689,85.4916],[[[0.669584,0.509863,-0.54009],[0.360215,0.413,0.836467],[0.64954,-0.754633,0.0928779]],[[0.287985,0.803633,-0.520806],[0.0546111,0.529179,0.846751],[0.956076,-0.272294,0.108508]],[[0.287985,0.803633,-0.520806],[-0.000621683,0.544003,0.839083],[0.957635,-0.24132,0.157164]],[[0.287985,0.803633,-0.520806],[0.147687,0.500069,0.853299],[0.946178,-0.322654,0.0253266]]],0],[1121,[-0.972444,-0.0815322,-0.218413],112,58.8075,[-34.4202,203.179,33.9687],[-30.2147,205.643,33.3811],[65.1113,66.9585,-94.6644],false,[85.4872,145.77,82.3578],[31.3512,188.629,56.9645],[3.70953,215.209,37.5932],[-19.7948,213.238,32.3141],[-32.8021,202.272,33.8908],[[[0.159425,-0.346351,-0.924459],[0.658112,0.735288,-0.161985],[0.735848,-0.582574,0.345161]],[[0.232592,-0.403163,-0.885077],[0.729348,0.674324,-0.115495],[0.643391,-0.618666,0.450889]],[[0.232592,-0.403163,-0.885077],[0.0158938,0.911489,-0.411017],[0.972444,0.0815322,0.218413]],[[0.232592,-0.403163,-0.885077],[-0.605247,0.652344,-0.456205],[0.761299,0.6418,-0.0922832]]],1],[1122,[-0.979178,-0.14979,-0.137014],112,67.0064,[-34.3118,190.444,5.56346],[-30.6361,192.156,11.2323],[51.3188,59.3277,-47.7162],false,[88.1159,143.146,70.6181],[38.718,180.028,37.9518],[7.86619,205.631,11.1945],[-19.9781,201.371,7.29827],[-33.1331,189.209,12.9692],[[[0.142831,-0.542115,-0.828077],[0.691586,0.653179,-0.308327],[0.708031,-0.528648,0.468213]],[[0.199392,-0.582931,-0.787677],[0.741989,0.614859,-0.267208],[0.640074,-0.531168,0.555126]],[[0.199392,-0.582931,-0.787677],[-0.0381162,0.798595,-0.60066],[0.979178,0.14979,0.137014]],[[0.199392,-0.582931,-0.787677],[-0.685708,0.491229,-0.53712],[0.700033,0.647214,-0.301774]]],2],[1123,[-0.959804,-0.231532,-0.15865],112,64.4285,[-16.3701,170.094,-9.48764],[-15.7829,168.639,-7.78932],[27.9858,-34.5344,10.8681],false,[89.9038,137.54,59.8333],[48.299,166.07,22.7002],[21.0835,183.22,-8.30717],[-5.50494,176.806,-12.7021],[-18.2629,165.288,-5.37643],[[[0.192923,-0.661687,-0.724535],[0.722242,0.595594,-0.351618],[0.66419,-0.455454,0.592802]],[[0.278518,-0.715793,-0.640365],[0.74256,0.583352,-0.329098],[0.609124,-0.38385,0.693993]],[[0.278518,-0.715793,-0.640365],[-0.0347044,0.658812,-0.751507],[0.959804,0.231532,0.15865]],[[0.278518,-0.715793,-0.640365],[-0.675408,0.328056,-0.660457],[0.682826,0.616457,-0.392082]]],3],[1124,[-0.975936,-0.157515,-0.150788],112,50.5107,[5.66225,153.52,-13.5077],[5.10004,151.473,-13.6558],[19.584,-40.6323,6.92438],false,[88.7389,125.882,51.7527],[54.9433,149.448,10.9508],[34.8946,160.372,-16.0491],[15.8065,157.291,-18.9983],[2.61767,149.358,-11.2378],[[[0.146494,-0.799206,-0.582931],[0.799279,0.442833,-0.406266],[0.582832,-0.406409,0.703661]],[[0.212634,-0.840689,-0.498025],[0.795801,0.444744,-0.410978],[0.566999,-0.308941,0.763589]],[[0.212634,-0.840689,-0.498025],[0.0483195,0.518103,-0.853952],[0.975936,0.157515,0.150788]],[[0.212634,-0.840689,-0.498025],[-0.607721,0.285331,-0.741122],[0.765155,0.460248,-0.450233]]],4]],[[0,200,0],[235.247,235.247,147.751]]],[204078,3852374024,[[112,"right",[-0.592098,0.619982,-0.514822],[-0.761874,-0.638843,0.106898],[51.2937,160.765,48.59],[15.9452,42.8889,-30.0351],[50.3536,160.191,47.104],0,0.731911,0.620199,[[0.408215,-0.48167,-0.77547],[0.341511,0.868367,-0.359597],[0.8466,-0.118039,0.518976]],63.72,[317.142,94.7028,209.568],[88.5602,126.573,69.4447]]],[[1120,[-0.956799,0.245558,-0.15568],112,52.1164,[-22.6761,155.023,84.2385],[-22.4061,157.599,84.0933],[12.897,162.426,52.8046],false,[74.8714,130.538,96.61],[74.8714,130.538,96.61],[27.1938,144.312,91.2348],[-5.42885,152.685,85.9268],[-27.5242,160.387,85.479],[[[0.671579,0.509076,-0.538352],[0.360444,0.410345,0.837674],[0.64735,-0.75661,0.0920863]],[[0.29074,0.803878,-0.518893],[0.0566186,0.526915,0.84803],[0.955125,-0.275935,0.107681]],[[0.29074,0.803878,-0.518893],[0.00227105,0.541739,0.840544],[0.956799,-0.245558,0.15568]],[[0.29074,0.803878,-0.518893],[0.155385,0.495451,0.854625],[0.9441,-0.329102,0.0191367]]],0],[1121,[-0.971949,-0.0850271,-0.219283],112,58.8075,[-34.1547,203.281,33.9316],[-29.7691,206.025,33.15],[59.6685,57.2134,-74.2146],false,[85.5509,145.99,82.1505],[31.5613,189.049,56.7835],[4.09118,215.726,37.3028],[-19.4012,213.671,32.0026],[-32.3064,202.594,33.6353],[[[0.159474,-0.344961,-0.92497],[0.660319,0.733784,-0.159814],[0.733858,-0.585289,0.344803]],[[0.23481,-0.403868,-0.884169],[0.732143,0.671808,-0.112431],[0.639399,-0.620938,0.453436]],[[0.23481,-0.403868,-0.884169],[0.0133831,0.910857,-0.412504],[0.971949,0.0850271,0.219283]],[[0.23481,-0.403868,-0.884169],[-0.611841,0.645397,-0.45729],[0.755325,0.648347,-0.0955576]]],1],[1122,[-0.979258,-0.156537,-0.128644],112,67.0064,[-34.2036,190.487,5.7185],[-30.2641,192.522,11.425],[44.9436,48.0727,-22.6455],false,[88.1852,143.382,70.4084],[38.9251,180.466,37.7618],[7.99835,206.167,11.1863],[-19.8482,201.716,7.52816],[-32.7789,189.392,13.3644],[[[0.142234,-0.540868,-0.828994],[0.693725,0.651872,-0.306282],[0.706056,-0.53153,0.467932]],[[0.196597,-0.580486,-0.790181],[0.741392,0.615397,-0.267626],[0.641628,-0.53322,0.551353]],[[0.196597,-0.580486,-0.790181],[-0.0490169,0.799082,-0.59922],[0.979258,0.156537,0.128644]],[[0.196597,-0.580486,-0.790181],[-0.698481,0.482662,-0.528357],[0.688094,0.6558,-0.310568]]],2],[1123,[-0.960049,-0.233336,-0.154466],112,64.4285,[-16.2871,169.989,-9.33619],[-15.4588,169.117,-7.80211],[28.5907,-10.2743,8.36092],false,[89.9693,137.793,59.6145],[48.484,166.511,22.4929],[21.3043,183.773,-8.48349],[-5.29097,177.31,-12.7625],[-17.9356,165.738,-5.32527],[[[0.191882,-0.660784,-0.725635],[0.724268,0.594287,-0.349654],[0.662281,-0.458462,0.592618]],[[0.277065,-0.715193,-0.641665],[0.743758,0.58243,-0.328023],[0.608325,-0.38636,0.693301]],[[0.277065,-0.715193,-0.641665],[-0.0392501,0.658828,-0.751269],[0.960049,0.233336,0.154466]],[[0.277065,-0.715193,-0.641665],[-0.682075,0.323969,-0.655605],[0.676764,0.619309,-0.398054]]],3],[1124,[-0.976476,-0.162698,-0.141506],112,50.5107,[5.71658,153.141,-13.3948],[5.43663,151.857,-13.6053],[22.8556,-19.9734,8.64867],false,[88.7809,126.154,51.5096],[55.0951,149.894,10.7179],[35.0594,160.817,-16.2921],[15.9607,157.635,-19.0598],[2.96872,149.62,-11.0544],[[[0.144919,-0.798454,-0.584354],[0.800943,0.441422,-0.404521],[0.580938,-0.409412,0.703486]],[[0.21224,-0.841065,-0.497558],[0.796166,0.444058,-0.411014],[0.566634,-0.308905,0.763874]],[[0.21224,-0.841065,-0.497558],[0.038064,0.515887,-0.855811],[0.976476,0.162698,0.141506]],[[0.21224,-0.841065,-0.497558],[-0.621964,0.276454,-0.732621],[0.753734,0.464955,-0.464437]]],4]],[[0,200,0],[235.247,235.247,147.751]]],[204079,3852381969,[[112,"right",[-0.590631,0.623641,-0.512081],[-0.762631,-0.638797,0.10165],[51.5065,160.994,48.4203],[18.619,39.4267,-27.8934],[50.3607,160.195,47.1121],0,0.736965,0.632117,[[0.411077,-0.476955,-0.776871],[0.339279,0.871032,-0.355237],[0.846112,-0.117546,0.519882]],63.72,[317.156,94.9051,209.5],[88.7054,126.643,69.1321]]],[[1120,[-0.956298,0.247332,-0.155951],112,52.1164,[-22.5496,156.238,84.5818],[-22.258,157.7,83.8036],[14.3121,124.69,30.2334],false,[74.9719,130.454,96.2968],[74.9719,130.454,96.2968],[27.3161,144.302,90.9164],[-5.28944,152.734,85.5992],[-27.3736,160.47,85.1779],[[[0.672988,0.511743,-0.534047],[0.359319,0.404907,0.840797],[0.646512,-0.75774,0.0886183]],[[0.29239,0.806757,-0.513469],[0.0554813,0.521718,0.851312],[0.954688,-0.277403,0.107785]],[[0.29239,0.806757,-0.513469],[0.00118296,0.536628,0.843818],[0.956298,-0.247332,0.15595]],[[0.29239,0.806757,-0.513469],[0.155196,0.489784,0.857919],[0.943622,-0.330536,0.018003]]],0],[1121,[-0.971453,-0.0845163,-0.221666],112,58.8075,[-33.9368,203.374,33.9005],[-29.4037,206.344,33.1006],[56.7347,53.666,-58.1223],false,[85.6908,145.984,81.9508],[31.7847,189.246,56.7511],[4.4331,216.091,37.3344],[-19.0473,214.048,31.9766],[-31.9191,202.923,33.5502],[[[0.160811,-0.33946,-0.926772],[0.661254,0.734149,-0.154167],[0.732723,-0.588041,0.342528]],[[0.236838,-0.399312,-0.885696],[0.733891,0.670909,-0.106231],[0.636641,-0.624845,0.451948]],[[0.236838,-0.399312,-0.885696],[0.0136581,0.912911,-0.40793],[0.971453,0.0845163,0.221666]],[[0.236838,-0.399312,-0.885696],[-0.613466,0.645445,-0.455039],[0.753371,0.651115,-0.0920983]]],1],[1122,[-0.979485,-0.153724,-0.130303],112,67.0064,[-34.0966,190.541,5.85903],[-29.8765,193.13,11.4048],[45.8911,57.3672,-17.6966],false,[88.3437,143.445,70.1977],[39.1746,180.772,37.6905],[8.3876,206.802,11.2729],[-19.4654,202.43,7.56753],[-32.3899,190.063,13.3259],[[[0.143226,-0.535932,-0.832023],[0.694848,0.653102,-0.301071],[0.70475,-0.535008,0.465933]],[[0.1959,-0.574706,-0.794567],[0.744075,0.614882,-0.26129],[0.63873,-0.54003,0.548079]],[[0.1959,-0.574706,-0.794567],[-0.0472585,0.803792,-0.59303],[0.979485,0.153724,0.130303]],[[0.1959,-0.574706,-0.794567],[-0.699001,0.486447,-0.524182],[0.687765,0.65809,-0.306425]]],2],[1123,[-0.959399,-0.234737,-0.156371],112,64.4285,[-16.1953,169.932,-9.23005],[-14.9777,169.611,-7.98221],[37.7847,7.15245,-1.12149],false,[90.142,137.921,59.3731],[48.7483,166.902,22.3538],[21.7497,184.353,-8.67511],[-4.82756,177.85,-13.0069],[-17.3946,166.2,-5.56249],[[[0.192584,-0.65652,-0.729309],[0.725417,0.595756,-0.34474],[0.660819,-0.462662,0.590984]],[[0.279247,-0.712508,-0.643703],[0.746242,0.582902,-0.321478],[0.604271,-0.390587,0.694477]],[[0.279247,-0.712508,-0.643703],[-0.0396853,0.661234,-0.749129],[0.959399,0.234737,0.156371]],[[0.279247,-0.712508,-0.643703],[-0.685286,0.321699,-0.653371],[0.67261,0.623572,-0.398438]]],3],[1124,[-0.976555,-0.170347,-0.131617],112,50.5107,[5.80128,152.937,-13.2981],[5.85824,152.198,-13.5074],[28.5597,-8.14878,12.4827],false,[88.9577,126.333,51.1953],[55.3655,150.351,10.4894],[35.2558,161.296,-16.4563],[16.1556,157.965,-19.0306],[3.38484,149.81,-10.8136],[[[0.145247,-0.795007,-0.588954],[0.802053,0.443159,-0.400402],[0.579323,-0.414215,0.702005]],[[0.213791,-0.83901,-0.500355],[0.794256,0.447486,-0.41099],[0.568727,-0.309545,0.762058]],[[0.213791,-0.83901,-0.500355],[0.0251944,0.516763,-0.855758],[0.976555,0.170347,0.131617]],[[0.213791,-0.83901,-0.500355],[-0.636681,0.268795,-0.722763],[0.740898,0.473087,-0.476716]]],4]],[[0,200,0],[235.247,235.247,147.751]]],[204080,3852390942,[[112,"right",[-0.588876,0.628795,-0.50778],[-0.762272,-0.64092,0.0903471],[51.7381,161.134,48.4738],[20.5891,32.9041,-18.621],[50.3717,160.203,47.1229],0,0.745105,0.64948,[[0.417069,-0.466582,-0.779971],[0.334242,0.876773,-0.345763],[0.845184,-0.116492,0.521626]],63.72,[317.078,95.1391,209.812],[88.8782,126.592,68.973]]],[[1120,[-0.955905,0.246375,-0.159828],112,52.1164,[-22.4367,156.99,84.6676],[-22.2074,157.322,83.4532],[11.5904,75.5445,7.63162],false,[75.0024,130.07,96.1102],[75.0024,130.07,96.1102],[27.3467,143.856,90.5761],[-5.24542,152.257,85.1267],[-27.3358,159.975,84.7097],[[[0.674987,0.518791,-0.524642],[0.354519,0.395559,0.84726],[0.647077,-0.757885,0.0830756]],[[0.293611,0.81319,-0.502508],[0.0486338,0.512289,0.857435],[0.954687,-0.276191,0.110865]],[[0.293611,0.81319,-0.502508],[-0.00616516,0.527277,0.849671],[0.955905,-0.246375,0.159828]],[[0.293611,0.81319,-0.502508],[0.151233,0.479542,0.864389],[0.943886,-0.32979,0.0178177]]],0],[1121,[-0.970055,-0.087135,-0.226717],112,58.8075,[-33.6675,203.483,33.8739],[-29.0532,206.401,33.292],[52.2146,40.5745,-36.5506],false,[85.7728,145.779,82.0003],[31.9364,189.262,57.0326],[4.68788,216.304,37.7447],[-18.7587,214.198,32.2649],[-31.5365,202.947,33.7046],[[[0.16595,-0.328444,-0.929831],[0.661034,0.736746,-0.142264],[0.731775,-0.591041,0.339375]],[[0.242643,-0.389291,-0.888581],[0.734073,0.672508,-0.0941767],[0.634241,-0.629432,0.448947]],[[0.242643,-0.389291,-0.888581],[0.0108323,0.916984,-0.398776],[0.970055,0.087135,0.226717]],[[0.242643,-0.389291,-0.888581],[-0.617916,0.644094,-0.450913],[0.747866,0.65848,-0.0842642]]],1],[1122,[-0.978624,-0.159774,-0.129491],112,67.0064,[-33.9466,190.617,6.05787],[-29.4591,193.385,11.8045],[43.8598,47.0213,3.02721],false,[88.4884,143.381,70.2321],[39.434,181.02,37.9124],[8.58075,207.309,11.8312],[-19.2478,202.765,8.1489],[-32.0066,190.191,13.8278],[[[0.148152,-0.526029,-0.837463],[0.695479,0.657457,-0.28993],[0.703108,-0.539484,0.463245]],[[0.198108,-0.563301,-0.80215],[0.742308,0.620655,-0.25252],[0.640103,-0.545417,0.5411]],[[0.198108,-0.563301,-0.80215],[-0.0552204,0.810656,-0.582912],[0.978624,0.159774,0.129491]],[[0.198108,-0.563301,-0.80215],[-0.706954,0.484751,-0.515008],[0.678947,0.66911,-0.302195]]],2],[1123,[-0.957881,-0.23397,-0.166499],112,64.4285,[-16.0489,169.914,-9.13552],[-14.2777,170.291,-8.22745],[50.1219,28.2485,-12.545],false,[90.3489,137.985,59.3532],[49.1037,167.341,22.4642],[22.449,185.173,-8.64573],[-4.08624,178.691,-13.2581],[-16.6508,166.929,-5.98659],[[[0.197152,-0.64774,-0.73591],[0.726345,0.600662,-0.334107],[0.658448,-0.468655,0.588905]],[[0.28511,-0.705603,-0.648719],[0.750207,0.585528,-0.307158],[0.596575,-0.3991,0.696289]],[[0.28511,-0.705603,-0.648719],[-0.0342986,0.668866,-0.742591],[0.957881,0.23397,0.166499]],[[0.28511,-0.705603,-0.648719],[-0.682998,0.325289,-0.653988],[0.672477,0.629532,-0.389183]]],3],[1124,[-0.975555,-0.177659,-0.129343],112,50.5107,[5.98472,152.818,-13.1987],[6.56323,152.74,-13.4755],[41.8029,8.31587,10.9422],false,[89.2215,126.491,51.0353],[55.8031,150.938,10.4417],[35.7866,162.057,-16.5023],[16.706,158.583,-19.0321],[4.11673,150.231,-10.7332],[[[0.149294,-0.787912,-0.597417],[0.803467,0.448823,-0.391151],[0.576326,-0.421608,0.700068]],[[0.219032,-0.833777,-0.506794],[0.794712,0.453796,-0.403116],[0.56609,-0.31446,0.762009]],[[0.219032,-0.833777,-0.506794],[0.0178071,0.522736,-0.852309],[0.975555,0.177659,0.129343]],[[0.219032,-0.833777,-0.506794],[-0.646982,0.264691,-0.715089],[0.730369,0.484515,-0.481463]]],4]],[[0,200,0],[235.247,235.247,147.751]]],[204081,3852399736,[[112,"right",[-0.589326,0.635726,-0.498546],[-0.759787,-0.645887,0.0745269],[52.4463,161.387,48.9097],[36.7273,31.7869,-0.261813],[50.3923,160.215,47.1407],0,0.751343,0.656164,[[0.426852,-0.449323,-0.784797],[0.325847,0.885955,-0.330011],[0.843577,-0.114858,0.524582]],63.72,[317.411,95.6142,210.563],[89.6455,126.626,68.9259]]],[[1120,[-0.956145,0.240065,-0.167796],112,52.1164,[-22.175,157.012,84.4962],[-21.6594,156.434,83.2164],[24.6286,20.0322,-12.8708],false,[75.6274,129.526,96.0579],[75.6274,129.526,96.0579],[27.9207,143.035,90.2842],[-4.67964,151.22,84.5631],[-26.8193,158.793,84.0955],[[[0.675086,0.531652,-0.511473],[0.348763,0.380942,0.856299],[0.650095,-0.756458,0.0717481]],[[0.292089,0.823981,-0.48553],[0.0360947,0.49781,0.866535],[0.95571,-0.27063,0.115664]],[[0.292089,0.823981,-0.48553],[-0.0217018,0.513249,0.857965],[0.956145,-0.240065,0.167796]],[[0.292089,0.823981,-0.48553],[0.140638,0.465145,0.873991],[0.945994,-0.323567,0.0199808]]],0],[1121,[-0.968445,-0.0898711,-0.232461],112,58.8075,[-33.3311,203.607,33.8978],[-28.3911,206.466,34.2164],[58.7829,31.8665,1.13217],false,[86.3927,145.548,82.3003],[32.478,189.259,57.9067],[5.23862,216.557,38.9705],[-18.1691,214.385,33.3519],[-30.8377,202.985,34.5609],[[[0.171778,-0.309969,-0.9351],[0.658361,0.742234,-0.125096],[0.732839,-0.594145,0.331571]],[[0.249155,-0.371723,-0.894284],[0.732072,0.67682,-0.0773695],[0.634029,-0.635403,0.440761]],[[0.249155,-0.371723,-0.894284],[0.00604086,0.923983,-0.382385],[0.968445,0.0898711,0.232461]],[[0.249155,-0.371723,-0.894284],[-0.623003,0.645459,-0.44187],[0.741477,0.667236,-0.0707652]]],1],[1122,[-0.978293,-0.150802,-0.142135],112,67.0064,[-33.7462,190.748,6.29815],[-28.5636,194.426,12.43],[59.4156,74.9812,16.0705],false,[89.1741,143.386,70.5017],[40.1021,181.415,38.6694],[9.55872,208.423,12.9604],[-18.2604,204.135,8.91862],[-31.1407,191.506,14.1857],[[[0.15444,-0.509351,-0.846587],[0.693854,0.66592,-0.274075],[0.70336,-0.54508,0.45626]],[[0.202257,-0.545492,-0.813345],[0.746692,0.623275,-0.232335],[0.633675,-0.560327,0.533376]],[[0.202257,-0.545492,-0.813345],[-0.0451204,0.824437,-0.564152],[0.978293,0.150802,0.142135]],[[0.202257,-0.545492,-0.813345],[-0.699499,0.500789,-0.509814],[0.685414,0.672048,-0.280284]]],2],[1123,[-0.95494,-0.249937,-0.160063],112,64.4285,[-15.8521,169.911,-8.98044],[-13.222,170.715,-7.31372],[66.3261,27.3031,24.2399],false,[91.1098,138.206,59.5313],[49.9056,168.076,23.0104],[23.0306,186.117,-7.78757],[-3.42316,179.193,-12.2216],[-15.5891,167.062,-4.87905],[[[0.203514,-0.632753,-0.747132],[0.725183,0.610112,-0.319175],[0.657794,-0.47685,0.583028]],[[0.291808,-0.692174,-0.660108],[0.743666,0.598204,-0.298517],[0.601505,-0.403791,0.689307]],[[0.291808,-0.692174,-0.660108],[-0.0541942,0.677072,-0.733919],[0.95494,0.249937,0.160063]],[[0.291808,-0.692174,-0.660108],[-0.700618,0.315146,-0.64017],[0.65114,0.64929,-0.392988]]],3],[1124,[-0.974043,-0.181244,-0.135609],112,50.5107,[6.30514,152.891,-13.0986],[7.68414,153.901,-13.3234],[65.0824,41.5036,11.5652],false,[90.0732,126.868,50.9913],[56.7351,151.934,10.7107],[36.8378,163.467,-16.1476],[17.7867,159.922,-18.8],[5.25884,151.334,-10.6511],[[[0.155641,-0.775743,-0.611555],[0.803255,0.459727,-0.378725],[0.574941,-0.432289,0.694671]],[[0.225701,-0.823341,-0.520739],[0.795239,0.464469,-0.389696],[0.56272,-0.326158,0.759584]],[[0.225701,-0.823341,-0.520739],[0.017272,0.53783,-0.842877],[0.974043,0.181244,0.135609]],[[0.225701,-0.823341,-0.520739],[-0.648696,0.271776,-0.710866],[0.726809,0.498245,-0.472758]]],4]],[[0,200,0],[235.247,235.247,147.751]]],[204082,3852408775,[[112,"right",[-0.586149,0.645521,-0.489625],[-0.760614,-0.646601,0.058083],[52.4885,161.228,48.8821],[27.8928,18.1816,-1.03264],[50.4177,160.227,47.1618],0,0.760173,0.662185,[[0.436172,-0.433204,-0.788726],[0.316029,0.894407,-0.316482],[0.842544,-0.11122,0.52702]],63.72,[317.041,96.0356,210.735],[89.5539,126.065,68.4391]]],[[1120,[-0.954982,0.24362,-0.169291],112,52.1164,[-22.0878,156.799,84.2498],[-21.8052,155.702,82.6989],[13.4229,-9.20881,-26.4939],false,[75.3885,128.46,95.5438],[75.3885,128.46,95.5438],[27.724,142.097,89.7225],[-4.8367,150.404,83.9504],[-26.9606,158.026,83.5471],[[[0.678245,0.540741,-0.497577],[0.344294,0.364362,0.865276],[0.649188,-0.758182,0.060953]],[[0.295442,0.832754,-0.468224],[0.0308005,0.481545,0.87588],[0.954864,-0.273193,0.116619]],[[0.295442,0.832754,-0.468224],[-0.0269092,0.497161,0.867241],[0.954982,-0.24362,0.169291]],[[0.295442,0.832754,-0.468224],[0.138145,0.447713,0.883442],[0.94532,-0.325689,0.0172319]]],0],[1121,[-0.967088,-0.0895502,-0.238164],112,58.8075,[-32.9524,203.739,33.9519],[-28.1383,206.455,34.6397],[50.294,22.1909,13.7414],false,[86.24,144.733,82.1521],[32.4895,188.94,58.2964],[5.39182,216.61,39.6999],[-17.9831,214.446,33.9434],[-30.5648,202.929,34.9346],[[[0.17672,-0.292306,-0.939855],[0.659532,0.743968,-0.107372],[0.730608,-0.60089,0.32426]],[[0.25441,-0.355347,-0.899446],[0.733114,0.67743,-0.0602716],[0.63073,-0.644063,0.432855]],[[0.25441,-0.355347,-0.899446],[0.00408527,0.930435,-0.366434],[0.967088,0.0895503,0.238164]],[[0.25441,-0.355347,-0.899446],[-0.6269,0.647585,-0.433163],[0.736391,0.674064,-0.0580146]]],1],[1122,[-0.977954,-0.143662,-0.151546],112,67.0064,[-33.4998,190.937,6.58186],[-28.2112,195.189,12.6204],[53.494,80.3727,15.5864],false,[89.0849,142.792,70.3301],[40.2142,181.456,38.9559],[9.94948,209.121,13.6184],[-17.86,205.036,9.30896],[-30.815,192.346,14.2371],[[[0.158762,-0.493318,-0.855238],[0.695794,0.670467,-0.257574],[0.700475,-0.554176,0.449693]],[[0.205324,-0.529329,-0.823197],[0.750728,0.624812,-0.214516],[0.627893,-0.573952,0.52567]],[[0.205324,-0.529329,-0.823197],[-0.0380448,0.836165,-0.547157],[0.977954,0.143662,0.151546]],[[0.205324,-0.529329,-0.823197],[-0.694682,0.513658,-0.503559],[0.68939,0.675253,-0.262249]]],2],[1123,[-0.95384,-0.247642,-0.169893],112,64.4285,[-15.6204,169.964,-8.83763],[-12.7732,171.568,-7.48655],[61.9045,46.0779,10.0836],false,[91.0776,137.82,59.2741],[50.095,168.409,23.1008],[23.4603,187.028,-7.56209],[-2.96294,180.167,-12.2685],[-15.1363,167.891,-5.1835],[[[0.207206,-0.618622,-0.757873],[0.727334,0.615501,-0.303553],[0.654256,-0.488329,0.57748]],[[0.296057,-0.680444,-0.670333],[0.746314,0.602781,-0.282258],[0.596125,-0.416714,0.686283]],[[0.296057,-0.680444,-0.670333],[-0.0503999,0.689688,-0.722351],[0.95384,0.247642,0.169893]],[[0.296057,-0.680444,-0.670333],[-0.698462,0.324482,-0.637857],[0.651537,0.657044,-0.379199]]],3],[1124,[-0.973483,-0.185501,-0.133866],112,50.5107,[6.65077,153.066,-13.0097],[8.15401,154.7,-13.3773],[60.1173,52.2073,8.63302],false,[90.0805,126.647,50.515],[56.9814,152.498,10.5347],[37.1288,164.455,-16.1707],[18.0887,160.827,-18.7889],[5.72115,152.007,-10.6436],[[[0.158492,-0.764121,-0.625299],[0.805633,0.466213,-0.365515],[0.57082,-0.44583,0.689492]],[[0.228548,-0.813822,-0.534284],[0.79532,0.472589,-0.379639],[0.561455,-0.338161,0.755259]],[[0.228548,-0.813822,-0.534284],[0.00983329,0.550711,-0.834638],[0.973483,0.185501,0.133866]],[[0.228548,-0.813822,-0.534284],[-0.65799,0.27535,-0.700879],[0.717506,0.511738,-0.472556]]],4]],[[0,200,0],[235.247,235.247,147.751]]],[204083,3852417752,[[112,"right",[-0.592422,0.648108,-0.478531],[-0.754083,-0.655149,0.0462426],[52.7128,161.286,48.9222],[27.0957,14.957,0.473878],[50.4494,160.242,47.1861],0,0.764501,0.673581,[[0.447675,-0.415876,-0.791602],[0.307885,0.902825,-0.30019],[0.83952,-0.109335,0.532214]],63.72,[316.793,96.6383,211.577],[90.1226,126.159,67.8791]]],[[1120,[-0.956079,0.226731,-0.185759],112,52.1164,[-21.9653,156.161,83.6766],[-21.507,153.995,81.6741],[18.3323,-69.727,-71.6154],false,[75.9226,127.933,95.0134],[75.9226,127.933,95.0134],[28.1246,140.859,88.6838],[-4.47345,148.589,82.3502],[-26.7037,155.886,81.7962],[[[0.672967,0.55622,-0.487581],[0.340247,0.352517,0.871759],[0.65677,-0.752563,0.04798]],[[0.288121,0.843399,-0.453503],[0.0104824,0.47078,0.882189],[0.957537,-0.258931,0.126801]],[[0.288121,0.843399,-0.453503],[-0.0538457,0.487106,0.871682],[0.956079,-0.226731,0.185759]],[[0.288121,0.843399,-0.453503],[0.121422,0.437587,0.89094],[0.949865,-0.311764,0.023671]]],0],[1121,[-0.966009,-0.0948014,-0.240499],112,58.8075,[-32.6505,203.82,34.0409],[-28.263,205.94,35.4312],[33.5274,2.68982,33.5274],false,[86.6151,144.547,81.9165],[32.4316,188.624,58.8111],[5.15757,216.428,40.6764],[-18.1912,214.136,34.8634],[-30.6297,202.45,35.6619],[[[0.180045,-0.273917,-0.94475],[0.652045,0.752347,-0.0938693],[0.736492,-0.599119,0.314063]],[[0.258465,-0.336966,-0.905345],[0.728134,0.683845,-0.0466509],[0.634836,-0.647155,0.422106]],[[0.258465,-0.336966,-0.905345],[-0.00478804,0.936732,-0.350015],[0.966009,0.0948014,0.240499]],[[0.258465,-0.336966,-0.905345],[-0.634983,0.647017,-0.422097],[0.728006,0.683976,-0.0467365]]],1],[1122,[-0.976052,-0.156095,-0.151516],112,67.0064,[-33.273,191.096,6.87782],[-28.267,194.888,13.3567],[36.2795,45.4789,34.4961],false,[89.4843,142.845,70.0639],[40.2393,181.561,39.3464],[9.62631,209.282,14.4937],[-18.1291,204.843,10.1851],[-30.8435,191.856,14.9618],[[[0.164079,-0.476558,-0.863696],[0.689108,0.68187,-0.245321],[0.705838,-0.554928,0.440281]],[[0.211184,-0.512805,-0.832125],[0.742983,0.637388,-0.204236],[0.63512,-0.575124,0.515612]],[[0.211184,-0.512805,-0.832125],[-0.0521926,0.844195,-0.53349],[0.976052,0.156095,0.151516]],[[0.211184,-0.512805,-0.832125],[-0.705429,0.509325,-0.492907],[0.676588,0.691099,-0.254186]]],2],[1123,[-0.948785,-0.275855,-0.153987],112,64.4285,[-15.4434,169.952,-8.65818],[-12.649,170.921,-6.43658],[43.3545,4.24225,45.523],false,[91.5315,138.088,58.9233],[50.2576,168.895,23.2698],[22.8308,187.192,-6.88401],[-3.45244,179.55,-11.1498],[-15.0577,166.833,-3.89212],[[[0.213742,-0.603064,-0.768524],[0.72122,0.628043,-0.292241],[0.658906,-0.49181,0.569181]],[[0.304204,-0.666184,-0.680925],[0.728451,0.623294,-0.284365],[0.613856,-0.409516,0.674891]],[[0.304204,-0.666184,-0.680925],[-0.0852529,0.692894,-0.715981],[0.948785,0.275855,0.153987]],[[0.304204,-0.666184,-0.680925],[-0.722257,0.304779,-0.62085],[0.621132,0.680668,-0.388441]]],3],[1124,[-0.97148,-0.197451,-0.131297],112,50.5107,[6.99791,153.292,-12.9119],[8.54793,155.243,-13.234],[55.2194,53.9084,10.9508],false,[90.6507,127.061,49.9683],[57.3093,153.278,10.4297],[37.2964,165.462,-16.0524],[18.2954,161.601,-18.6205],[6.15185,152.457,-10.4946],[[[0.166443,-0.751357,-0.63856],[0.801045,0.480664,-0.356776],[0.574999,-0.452132,0.681874]],[[0.237102,-0.802039,-0.548194],[0.789583,0.487847,-0.372242],[0.565987,-0.344585,0.748946]],[[0.237102,-0.802039,-0.548194],[-0.00293602,0.56369,-0.825981],[0.97148,0.197451,0.131297]],[[0.237102,-0.802039,-0.548194],[-0.66891,0.274436,-0.690829],[0.704515,0.530489,-0.471423]]],4]],[[0,200,0],[235.247,235.247,147.751]]],[204084,3852426809,[[112,"right",[-0.5977,0.652459,-0.465888],[-0.747406,-0.663719,0.0293522],[52.858,161.416,49.0411],[24.0432,14.7899,3.96814],[50.4866,160.26,47.2147],0,0.767961,0.696437,[[0.459932,-0.393959,-0.795775],[0.297538,0.912757,-0.279904],[0.83662,-0.108037,0.537024]],63.72,[316.461,97.0922,212.328],[90.5737,126.262,67.331]]],[[1120,[-0.956589,0.214631,-0.197157],112,52.1164,[-21.8418,155.312,82.9789],[-21.3453,152.357,80.7121],[18.6328,-106.312,-93.2086],false,[76.2778,127.288,94.4536],[76.2778,127.288,94.4536],[28.3799,139.633,87.7337],[-4.23557,146.951,81.0115],[-26.5463,153.996,80.4337],[[[0.668592,0.573787,-0.473026],[0.334067,0.336547,0.880418],[0.664368,-0.746662,0.0333291]],[[0.281465,0.855841,-0.433952],[-0.00789143,0.454284,0.890822],[0.959539,-0.247311,0.134619]],[[0.281465,0.855841,-0.433952],[-0.0755958,0.470606,0.879099],[0.956589,-0.214631,0.197157]],[[0.281465,0.855841,-0.433952],[0.109488,0.420637,0.900598],[0.953305,-0.301,0.0246902]]],0],[1121,[-0.964251,-0.100148,-0.245339],112,58.8075,[-32.4495,203.859,34.1395],[-28.4759,205.49,36.302],[18.1777,-10.7993,50.4579],false,[86.8359,144.298,81.7618],[32.2671,188.319,59.4705],[4.79948,216.272,41.8669],[-18.5068,213.852,35.937],[-30.7951,201.992,36.457],[[[0.185595,-0.251009,-0.950026],[0.644508,0.760898,-0.07513],[0.741731,-0.598355,0.302996]],[[0.264609,-0.314158,-0.911749],[0.72196,0.69134,-0.0286846],[0.63934,-0.650656,0.409745]],[[0.264609,-0.314158,-0.911749],[-0.0142343,0.944074,-0.329427],[0.964251,0.100148,0.245339]],[[0.264609,-0.314158,-0.911749],[-0.642427,0.647689,-0.409618],[0.719214,0.694121,-0.0304396]]],1],[1122,[-0.972163,-0.181067,-0.148705],112,67.0064,[-33.1147,191.178,7.11858],[-28.2647,194.261,14.357],[24.377,2.40191,57.365],false,[89.7568,142.888,69.8833],[40.2036,181.769,39.8784],[9.07475,209.369,15.5369],[-18.5701,204.221,11.3083],[-30.7922,190.741,16.0064],[[[0.171488,-0.455554,-0.873534],[0.682734,0.694186,-0.227991],[0.710257,-0.557294,0.430067]],[[0.220585,-0.493296,-0.841428],[0.73093,0.654808,-0.192271],[0.64582,-0.572613,0.505005]],[[0.220585,-0.493296,-0.841428],[-0.0789995,0.850808,-0.519505],[0.972163,0.181067,0.148705]],[[0.220585,-0.493296,-0.841428],[-0.726866,0.492109,-0.479056],[0.650391,0.717278,-0.250008]]],2],[1123,[-0.944268,-0.289405,-0.156851],112,64.4285,[-15.301,169.951,-8.50115],[-12.4539,171.13,-5.97816],[35.4883,8.42809,45.7684],false,[91.8852,138.401,58.6464],[50.3986,169.567,23.5563],[22.6552,187.996,-6.22515],[-3.50288,179.979,-10.5702],[-14.8678,166.933,-3.51931],[[[0.222181,-0.583625,-0.781036],[0.715535,0.641746,-0.275993],[0.662303,-0.497539,0.560188]],[[0.313921,-0.648325,-0.693634],[0.718253,0.639951,-0.273085],[0.620939,-0.412478,0.666555]],[[0.313921,-0.648325,-0.693634],[-0.0990509,0.704216,-0.703043],[0.944268,0.289405,0.156851]],[[0.313921,-0.648325,-0.693634],[-0.729013,0.303451,-0.613561],[0.608271,0.698278,-0.377378]]],3],[1124,[-0.969117,-0.20847,-0.131726],112,50.5107,[7.35086,153.622,-12.805],[8.96184,156.149,-13.1056],[51.2339,66.3406,12.598],false,[91.1443,127.568,49.4464],[57.6482,154.312,10.395],[37.4707,166.848,-15.7966],[18.516,162.771,-18.373],[6.56567,153.271,-10.3696],[[[0.17604,-0.735245,-0.654541],[0.797065,0.496664,-0.34353],[0.577666,-0.461237,0.673471]],[[0.246179,-0.786676,-0.56616],[0.78343,0.505428,-0.361636],[0.570644,-0.35452,0.740731]],[[0.246179,-0.786676,-0.56616],[-0.0144016,0.581104,-0.813702],[0.969117,0.20847,0.131726]],[[0.246179,-0.786676,-0.56616],[-0.677296,0.278213,-0.681078],[0.693301,0.551125,-0.464323]]],4]],[[0,200,0],[235.247,235.247,147.751]]],[204085,3852436172,[[112,"right",[-0.604221,0.661976,-0.443514],[-0.73724,-0.675619,-0.00403195],[53.4699,161.378,49.3551],[35.77,9.4596,12.3639],[50.5373,160.279,47.2511],0,0.781975,0.714155,[[0.480664,-0.353102,-0.802671],[0.276577,0.929671,-0.243347],[0.832146,-0.105032,0.544519]],63.72,[316.267,97.7179,213.511],[91.5871,126.076,66.4904]]],[[1120,[-0.957322,0.204675,-0.204065],112,52.1164,[-21.6135,154.038,82.1411],[-20.7878,149.756,79.6202],[30.8933,-157.217,-105.513],false,[77.0741,125.767,93.5151],[77.0741,125.767,93.5151],[29.0582,137.534,86.6033],[-3.58224,144.512,79.6456],[-25.9898,151.251,79.1813],[[[0.663155,0.602871,-0.44359],[0.322208,0.304989,0.896194],[0.675579,-0.737244,0.00800506]],[[0.271951,0.876958,-0.396216],[-0.0280257,0.418777,0.907656],[0.961903,-0.235734,0.138464]],[[0.271951,0.876958,-0.396216],[-0.0978605,0.434802,0.895193],[0.957322,-0.204675,0.204065]],[[0.271951,0.876958,-0.396216],[0.0966906,0.384749,0.917943],[0.957441,-0.287946,0.0198395]]],0],[1121,[-0.960423,-0.113628,-0.254315],112,58.8075,[-32.29,203.848,34.2698],[-28.31,204.388,37.8747],[17.9432,-43.2417,84.5657],false,[87.4625,143.443,81.6195],[32.3873,187.513,60.714],[4.59003,215.716,44.0511],[-18.6238,212.97,37.9042],[-30.5491,200.735,37.9438],[[[0.196574,-0.208786,-0.958002],[0.633196,0.773031,-0.038547],[0.748613,-0.599025,0.28416]],[[0.276275,-0.27226,-0.921709],[0.710666,0.703511,0.00520938],[0.647014,-0.656466,0.387848]],[[0.276275,-0.27226,-0.921709],[-0.0354924,0.955491,-0.292877],[0.960423,0.113628,0.254315]],[[0.276275,-0.27226,-0.921709],[-0.660681,0.642692,-0.387876],[0.697977,0.716116,-0.0023172]]],1],[1122,[-0.965428,-0.209248,-0.155451],112,67.0064,[-32.984,191.215,7.33467],[-27.7901,193.54,15.7419],[30.3048,-30.7448,82.9706],false,[90.4938,142.569,69.7173],[40.5708,181.898,40.9343],[8.8755,209.577,17.4278],[-18.5778,203.627,13.0074],[-30.2396,189.528,17.2931],[[[0.185063,-0.4165,-0.890101],[0.673595,0.713266,-0.193706],[0.715557,-0.56372,0.412552]],[[0.237055,-0.45673,-0.857439],[0.715123,0.679438,-0.164205],[0.657574,-0.574249,0.487683]],[[0.237055,-0.45673,-0.857439],[-0.108418,0.864646,-0.490543],[0.965428,0.209248,0.155451]],[[0.237055,-0.45673,-0.857439],[-0.747457,0.478041,-0.461286],[0.620574,0.750249,-0.228064]]],2],[1123,[-0.938472,-0.296924,-0.17637],112,64.4285,[-15.1212,170.005,-8.33967],[-11.5684,172.338,-5.73561],[52.4724,42.4395,38.1476],false,[92.7756,138.582,58.3231],[51.0756,170.535,24.2078],[23.2733,189.751,-5.01648],[-2.72422,181.526,-9.90229],[-13.9415,168.03,-3.48868],[[[0.237038,-0.547493,-0.802537],[0.707563,0.663352,-0.243554],[0.665709,-0.510113,0.544625]],[[0.329145,-0.614366,-0.71709],[0.710252,0.661504,-0.240737],[0.622259,-0.430077,0.654085]],[[0.329145,-0.614366,-0.71709],[-0.104565,0.73102,-0.674296],[0.938472,0.296924,0.17637]],[[0.329145,-0.614366,-0.71709],[-0.728851,0.317532,-0.606588],[0.600367,0.722307,-0.343267]]],3],[1124,[-0.965025,-0.217996,-0.145621],112,50.5107,[7.86162,154.228,-12.724],[10.1262,157.977,-13.182],[71.053,103.374,5.89095],false,[92.2715,128.127,48.6798],[58.659,155.948,10.49],[38.4311,169.277,-15.2674],[19.5564,165.013,-18.1156],[7.72672,154.994,-10.5805],[[[0.192303,-0.704882,-0.68276],[0.791833,0.522431,-0.316334],[0.579673,-0.4798,0.658613]],[[0.261405,-0.758023,-0.597552],[0.777435,0.532261,-0.335102],[0.572069,-0.376961,0.728449]],[[0.261405,-0.758023,-0.597552],[-0.0198803,0.61