{"metadata":{"formatVersion":2,"generatedBy":"LeapJS Playback 0.2.1","frames":63,"protocolVersion":6,"serviceVersion":"2.2.6+29154","frameRate":"1.1e+2","modified":"Thu Jun 04 2015 14:41:15 GMT-0300 (E. South America Standard Time)"},"frames":[["id","timestamp",{"hands":[["id","type","direction","palmNormal","palmPosition","palmVelocity","stabilizedPalmPosition","pinchStrength","grabStrength","confidence","armBasis","armWidth","elbow","wrist"]]},{"pointables":[["id","direction","handId","length","stabilizedTipPosition","tipPosition","tipVelocity","tool","carpPosition","mcpPosition","pipPosition","dipPosition","btipPosition","bases","type"]]},{"interactionBox":["center","size"]}],[204204,3853538543,[[112,"right",[-0.57512,0.696733,-0.428719],[-0.763847,-0.64497,-0.0234832],[52.9262,167.165,59.1145],[-2.25711,6.29682,2.78805],[53.2894,163.623,50.1496],0.160002,0.984378,0.632274,[[0.436667,-0.338857,-0.833366],[0.275276,0.932245,-0.234823],[0.856472,-0.126866,0.50036]],63.72,[320.763,95.6807,210.58],[89.515,129.935,75.4825]]],[[1120,[-0.949847,0.263023,-0.169147],112,52.1164,[-21.1612,160.393,97.4654],[-20.7495,161.776,98.8188],[10.0031,31.4882,43.5562],false,[74.8842,129.535,102.442],[74.8842,129.535,102.442],[27.5739,145.311,100.289],[-4.81171,154.279,94.5223],[-25.7029,163.686,99.2962],[[[0.688832,0.586493,-0.426071],[0.33035,0.26921,0.904652],[0.645274,-0.763906,-0.00830722]],[[0.308717,0.874924,-0.373098],[0.080172,0.366926,0.926789],[0.947769,-0.316027,0.0431317]],[[0.308717,0.874924,-0.373098],[-0.0498572,0.406604,0.912243],[0.949846,-0.263023,0.169147]],[[0.308717,0.874924,-0.373098],[0.328439,0.270072,0.905091],[0.892649,-0.401956,-0.203983]]],0],[1121,[-0.925397,-0.344141,-0.15877],112,58.8075,[-25.0857,200.306,45.2425],[-27.482,197.678,53.6572],[-0.914067,43.4736,16.7908],false,[86.0281,147.07,91.0301],[32.8651,193.838,71.0574],[0.889778,218.304,56.0648],[-21.4774,209.986,52.2273],[-29.3665,194.939,54.0409],[[[0.192151,-0.19253,-0.962294],[0.664,0.74754,-0.0169761],[0.722622,-0.635701,0.27148]],[[0.251694,-0.24483,-0.936327],[0.618647,0.784706,-0.0388855],[0.744262,-0.569469,0.348969]],[[0.251694,-0.24483,-0.936327],[-0.283357,0.906435,-0.313183],[0.925396,0.344141,0.15877]],[[0.251694,-0.24483,-0.936327],[-0.850557,0.405621,-0.3347],[0.461739,0.880642,-0.106149]]],1],[1122,[-0.940381,-0.332611,-0.0710895],112,67.0064,[-27.4459,190.586,20.5726],[-26.9195,191.675,32.2137],[14.5095,70.7702,-21.9752],false,[89.0733,146.372,79.1197],[40.9013,188.394,51.17],[6.81473,214.351,29.0883],[-19.9263,204.893,27.0668],[-28.6404,189.276,32.8395],[[[0.171983,-0.401243,-0.899681],[0.70263,0.690091,-0.173455],[0.690459,-0.602311,0.400609]],[[0.222969,-0.445021,-0.867318],[0.67095,0.715502,-0.194637],[0.707185,-0.538529,0.458122]],[[0.222969,-0.445021,-0.867318],[-0.256843,0.83146,-0.492652],[0.940381,0.332611,0.0710895]],[[0.222969,-0.445021,-0.867318],[-0.857471,0.333691,-0.391655],[0.463711,0.831027,-0.30719]]],2],[1123,[-0.933885,-0.337069,-0.119346],112,64.4285,[-11.0903,171.168,10.6254],[-11.276,175.023,8.94374],[6.69989,41.6611,-15.2871],false,[91.2419,142.582,67.6365],[51.012,177.037,34.1978],[22.5616,196.202,5.56999],[-3.30886,186.865,2.26386],[-13.1782,172.916,9.82181],[[[0.218255,-0.536377,-0.815269],[0.734774,0.640108,-0.224431],[0.64224,-0.550055,0.533823]],[[0.314258,-0.614458,-0.723659],[0.704111,0.662157,-0.256467],[0.636764,-0.42894,0.640735]],[[0.314258,-0.614458,-0.723659],[-0.17059,0.71332,-0.67976],[0.933885,0.337069,0.119346]],[[0.314258,-0.614458,-0.723659],[-0.788811,0.255131,-0.559183],[0.528222,0.746558,-0.404515]]],3],[1124,[-0.93494,-0.354342,-0.0181208],112,50.5107,[10.948,152.41,2.61854],[10.8874,155.506,1.24236],[-6.57475,12.3631,-3.62115],false,[90.3586,132.4,57.7315],[58.0607,162.503,20.1424],[36.5982,170.291,-6.85719],[18.3119,163.361,-7.21161],[8.9403,153.411,3.2894],[[[0.166695,-0.694777,-0.699641],[0.81361,0.497762,-0.300453],[0.557002,-0.519151,0.648252]],[[0.317734,-0.813432,-0.487211],[0.728434,0.538345,-0.423756],[0.606984,-0.220259,0.763581]],[[0.317734,-0.813432,-0.487211],[-0.157899,0.461271,-0.873096],[0.93494,0.354342,0.0181208]],[[0.317734,-0.813432,-0.487211],[-0.776812,0.0713263,-0.62568],[0.543699,0.577271,-0.60922]]],4]],[[0,200,0],[235.247,235.247,147.751]]],[204205,3853547956,[[112,"right",[-0.575483,0.687218,-0.44334],[-0.769145,-0.639026,0.00784807],[53.1227,167.403,58.9957],[4.33976,11.711,-1.60707],[53.2885,163.643,50.1977],0.149284,0.98716,0.636827,[[0.423431,-0.371938,-0.826056],[0.293919,0.918911,-0.263086],[0.856923,-0.131395,0.498415]],63.72,[321.009,94.9437,210.642],[89.6399,130.42,76.0698]]],[[1120,[-0.950246,0.268587,-0.157776],112,52.1164,[-20.7393,161.84,98.4333],[-20.0167,164.037,100.141],[30.0059,93.9997,79.6689],false,[75.3797,131.017,103.224],[75.3797,131.017,103.224],[28.1921,147.198,101.419],[-4.20714,156.356,96.0397],[-24.9038,166.13,100.923],[[[0.68748,0.566629,-0.454206],[0.3449,0.295648,0.890862],[0.639074,-0.769106,0.0078219]],[[0.31035,0.859801,-0.405493],[0.10036,0.394537,0.913383],[0.94531,-0.324163,0.036155]],[[0.31035,0.859801,-0.405493],[-0.0267462,0.434284,0.900379],[0.950246,-0.268587,0.157776]],[[0.31035,0.859801,-0.405493],[0.348759,0.293831,0.889961],[0.884336,-0.417619,-0.208673]]],0],[1121,[-0.931057,-0.338713,-0.13567],112,58.8075,[-25.1246,200.288,45.4045],[-27.0555,198.581,53.6271],[13.5356,59.4777,10.3527],false,[86.5026,148.079,91.0974],[33.4384,194.615,70.3347],[1.57,219.006,54.9974],[-20.934,210.819,51.7182],[-28.9206,195.908,54.1222],[[[0.177343,-0.225219,-0.958032],[0.669558,0.741057,-0.0502686],[0.721278,-0.632543,0.282218]],[[0.236411,-0.276782,-0.931398],[0.627598,0.775285,-0.0710907],[0.741775,-0.567737,0.356994]],[[0.236411,-0.276782,-0.931398],[-0.277925,0.899258,-0.337775],[0.931057,0.338713,0.13567]],[[0.236411,-0.276782,-0.931398],[-0.851824,0.402113,-0.335709],[0.467446,0.872752,-0.140705]]],1],[1122,[-0.945935,-0.32003,-0.0528078],112,67.0064,[-27.4201,190.652,20.8193],[-26.6552,192.224,32.0529],[19.8328,67.398,-22.4411],false,[89.3776,146.97,79.176],[41.1567,188.462,50.5281],[7.36602,214.32,27.8821],[-19.533,205.219,26.3804],[-28.3523,189.899,32.7559],[[[0.1564,-0.431618,-0.888395],[0.705574,0.678245,-0.205303],[0.691162,-0.594718,0.410616]],[[0.208645,-0.475707,-0.8545],[0.681912,0.69707,-0.221561],[0.701045,-0.536465,0.469831]],[[0.208645,-0.475707,-0.8545],[-0.248344,0.819319,-0.516761],[0.945935,0.32003,0.0528078]],[[0.208645,-0.475707,-0.8545],[-0.858028,0.330242,-0.393355],[0.469314,0.815256,-0.339267]]],2],[1123,[-0.939704,-0.327222,-0.0994064],112,64.4285,[-11.0934,171.544,10.4446],[-11.5166,174.639,9.26879],[-1.84649,18.9665,-0.900544],false,[91.3578,142.792,67.7938],[50.9427,176.478,33.7991],[22.5244,195.317,4.92415],[-3.50732,186.252,2.17039],[-13.4033,172.636,10.2795],[[[0.202769,-0.564324,-0.800265],[0.736618,0.626371,-0.255056],[0.645197,-0.537772,0.542699]],[[0.297494,-0.638781,-0.709546],[0.711998,0.643566,-0.280859],[0.636048,-0.421641,0.646268]],[[0.297494,-0.638781,-0.709546],[-0.16868,0.696336,-0.697612],[0.939704,0.327222,0.0994064]],[[0.297494,-0.638781,-0.709546],[-0.794334,0.246695,-0.555135],[0.529651,0.728766,-0.434016]]],3],[1124,[-0.938669,-0.344799,0.00366477],112,50.5107,[10.9103,152.606,2.5304],[10.2931,154.374,2.01701],[-22.0112,-23.9745,20.257],false,[90.258,132.302,58.2382],[57.6825,161.438,20.13],[36.038,168.707,-6.86891],[17.6788,161.963,-6.79723],[8.38737,152.422,4.14489],[[[0.151564,-0.718457,-0.678858],[0.813277,0.480985,-0.327467],[0.561791,-0.502467,0.657205]],[[0.303317,-0.8307,-0.466836],[0.730271,0.517366,-0.446136],[0.61213,-0.205596,0.763562]],[[0.303317,-0.8307,-0.466836],[-0.164009,0.437093,-0.884336],[0.938669,0.344799,-0.00366477]],[[0.303317,-0.8307,-0.466836],[-0.785767,0.0590968,-0.615693],[0.539045,0.553575,-0.634812]]],4]],[[0,200,0],[235.247,235.247,147.751]]],[204206,3853556615,[[112,"right",[-0.571401,0.678598,-0.461525],[-0.778609,-0.625996,0.0435476],[53.4059,167.649,58.8266],[11.8772,16.1321,-6.36823],[53.2892,163.665,50.2447],0.115407,0.987094,0.646629,[[0.405649,-0.412009,-0.815903],[0.314365,0.901076,-0.298724],[0.858268,-0.135314,0.495041]],63.72,[321.335,94.245,210.468],[89.6022,130.78,76.8067]]],[[1120,[-0.948106,0.28522,-0.140514],112,52.1164,[-20.1412,163.906,99.7142],[-19.0426,167.396,101.814],[53.6483,178.75,123.422],false,[75.7546,132.651,104.116],[75.7546,132.651,104.116],[28.8643,149.716,102.767],[-3.46194,159.441,97.9762],[-23.7883,169.852,103.093],[[[0.689277,0.537711,-0.485556],[0.36247,0.324348,0.873736],[0.627306,-0.778245,0.0286613]],[[0.317838,0.83827,-0.443038],[0.128814,0.424758,0.896096],[0.939354,-0.341882,0.0270234]],[[0.317838,0.83827,-0.443038],[0.00857442,0.464707,0.885423],[0.948106,-0.28522,0.140514]],[[0.317838,0.83827,-0.443038],[0.380342,0.315301,0.86944],[0.868515,-0.444847,-0.218615]]],0],[1121,[-0.942903,-0.312523,-0.115166],112,58.8075,[-25.1495,200.321,45.5895],[-26.1949,200.68,53.2351],[38.4066,115.849,-7.81519],false,[86.9566,149.053,91.1797],[34.3086,195.586,69.377],[3.0798,220.476,53.5326],[-19.7105,212.922,50.749],[-28.0812,198.335,53.7592],[[[0.15974,-0.264838,-0.95097],[0.679977,0.727875,-0.0884879],[0.715622,-0.632502,0.296355]],[[0.217347,-0.315345,-0.923752],[0.651457,0.75162,-0.103304],[0.726887,-0.579331,0.368796]],[[0.217347,-0.315345,-0.923752],[-0.252377,0.896039,-0.365266],[0.942903,0.312523,0.115166]],[[0.217347,-0.315345,-0.923752],[-0.844234,0.414278,-0.340062],[0.489927,0.853775,-0.176183]]],1],[1122,[-0.951386,-0.306805,-0.0271221],112,67.0064,[-27.387,190.726,21.0626],[-26.3411,192.723,32.0265],[24.3536,62.45,-18.1052],false,[89.6384,147.439,79.2709],[41.6391,188.551,49.7173],[7.94049,214.06,26.5447],[-19.1135,205.336,25.7735],[-28.0632,190.413,32.8684],[[[0.136679,-0.468035,-0.873076],[0.71274,0.658559,-0.241459],[0.687983,-0.589274,0.423598]],[[0.188925,-0.511756,-0.838101],[0.689576,0.676773,-0.257803],[0.699136,-0.529229,0.480754]],[[0.188925,-0.511756,-0.838101],[-0.243254,0.802482,-0.54484],[0.951386,0.306805,0.0271221]],[[0.188925,-0.511756,-0.838101],[-0.858773,0.327819,-0.393756],[0.476253,0.794129,-0.377549]]],2],[1123,[-0.946763,-0.31297,-0.0754316],112,64.4285,[-11.1101,171.774,10.3432],[-11.7578,174.227,9.64567],[-8.75929,0.133984,10.5268],false,[91.3865,142.794,68.0328],[50.9934,175.777,33.3298],[22.5651,194.099,4.13426],[-3.66217,185.429,2.04465],[-13.6704,172.298,10.7906],[[[0.182311,-0.597955,-0.780521],[0.742252,0.604316,-0.289593],[0.644845,-0.526547,0.554006]],[[0.2763,-0.669695,-0.689324],[0.720289,0.619144,-0.312801],[0.636272,-0.410085,0.653443]],[[0.2763,-0.669695,-0.689324],[-0.165221,0.673468,-0.720516],[0.946763,0.31297,0.0754316]],[[0.2763,-0.669695,-0.689324],[-0.797953,0.239906,-0.552916],[0.535658,0.702819,-0.468099]]],3],[1124,[-0.945396,-0.325165,0.0222244],112,50.5107,[10.8408,152.688,2.50781],[9.72618,153.353,2.7361],[-32.0743,-46.5982,33.5422],false,[89.9859,131.961,58.9084],[57.3006,160.115,20.1615],[35.6747,166.939,-6.96837],[17.1839,160.579,-6.53369],[7.86176,151.608,4.85625],[[[0.130555,-0.746454,-0.652505],[0.815607,0.455047,-0.357376],[0.563685,-0.48553,0.668221]],[[0.282831,-0.852374,-0.439847],[0.738882,0.486019,-0.466732],[0.611604,-0.192989,0.767265]],[[0.282831,-0.852374,-0.439847],[-0.161967,0.409544,-0.897798],[0.945396,0.325165,-0.0222244]],[[0.282831,-0.852374,-0.439847],[-0.792156,0.0509897,-0.608185],[0.540828,0.520441,-0.660792]]],4]],[[0,200,0],[235.247,235.247,147.751]]],[204207,3853565662,[[112,"right",[-0.568996,0.666271,-0.482002],[-0.784612,-0.615358,0.0756139],[53.7845,167.797,58.6838],[20.1444,16.192,-8.96706],[53.2922,163.691,50.2971],0.0885722,0.993629,0.662152,[[0.387512,-0.448771,-0.805257],[0.331455,0.882921,-0.332548],[0.860216,-0.13804,0.49089]],63.72,[322.035,93.9947,210.272],[89.7768,131.266,77.7313]]],[[1120,[-0.945907,0.297315,-0.129859],112,52.1164,[-19.3618,166.463,101.153],[-18.0776,170.408,103.084],[70.2729,227.102,138.109],false,[76.2307,134.348,105.082],[76.2307,134.348,105.082],[29.5888,152.096,103.949],[-2.66251,162.233,99.521],[-22.6886,173.178,104.707],[[[0.689829,0.510911,-0.512938],[0.374789,0.354161,0.856798],[0.61941,-0.783288,0.0528269]],[[0.322407,0.816691,-0.478613],[0.151632,0.454525,0.877733],[0.934378,-0.35556,0.0227059]],[[0.322407,0.816691,-0.478613],[0.0362439,0.494591,0.86837],[0.945907,-0.297315,0.129859]],[[0.322407,0.816691,-0.478613],[0.404799,0.338098,0.849604],[0.855682,-0.46766,-0.22159]]],0],[1121,[-0.949729,-0.297379,-0.0978787],112,58.8075,[-25.1499,200.416,45.81],[-25.2989,202.036,52.4315],[58.1577,127.997,-33.0556],false,[87.4698,150.112,91.4057],[35.0892,196.329,68.3236],[4.37234,221.367,51.7314],[-18.583,214.18,49.3657],[-27.1254,199.838,53.0054],[[[0.147193,-0.303361,-0.941438],[0.686592,0.716473,-0.123522],[0.711987,-0.628203,0.313745]],[[0.204781,-0.353593,-0.912708],[0.668491,0.731647,-0.133461],[0.714971,-0.582807,0.386201]],[[0.204781,-0.353593,-0.912708],[-0.236812,0.886869,-0.396715],[0.949729,0.297379,0.0978787]],[[0.204781,-0.353593,-0.912708],[-0.841481,0.412707,-0.348687],[0.499975,0.839431,-0.213028]]],1],[1122,[-0.955223,-0.295805,-0.00695605],112,67.0064,[-27.3419,190.804,21.3039],[-25.9091,192.808,31.6153],[30.9944,46.2845,-26.5547],false,[90.0121,148.007,79.5431],[42.1437,188.455,48.882],[8.56212,213.481,25.0229],[-18.601,205.07,24.8251],[-27.6473,190.537,32.579],[[[0.122814,-0.503111,-0.855451],[0.717057,0.640906,-0.273987],[0.686109,-0.579758,0.439472]],[[0.175076,-0.546096,-0.819224],[0.695664,0.657421,-0.289568],[0.696707,-0.519208,0.494998]],[[0.175076,-0.546096,-0.819224],[-0.238532,0.783759,-0.573432],[0.955223,0.295805,0.00695605]],[[0.175076,-0.546096,-0.819224],[-0.858843,0.322128,-0.398274],[0.481391,0.773313,-0.412614]]],2],[1123,[-0.950766,-0.305242,-0.0535848],112,64.4285,[-11.1295,171.925,10.263],[-11.8035,173.201,9.91811],[-8.09577,-32.9982,15.5636],false,[91.5962,142.909,68.4781],[51.1953,174.952,32.9142],[22.6527,192.447,3.32559],[-3.68539,183.992,1.84118],[-13.7381,171.317,11.1896],[[[0.168035,-0.629817,-0.75835],[0.745506,0.584515,-0.320255],[0.644969,-0.51154,0.567751]],[[0.261847,-0.698728,-0.665745],[0.723418,0.598702,-0.343833],[0.638829,-0.391581,0.662241]],[[0.261847,-0.698728,-0.665745],[-0.165772,0.646999,-0.744253],[0.950766,0.305242,0.0535848]],[[0.261847,-0.698728,-0.665745],[-0.801218,0.227183,-0.553568],[0.53804,0.678357,-0.500346]]],3],[1124,[-0.950094,-0.309759,0.0370256],112,50.5107,[10.7689,152.67,2.52865],[9.58361,152.064,3.36099],[-26.0596,-71.0611,40.7592],false,[89.989,131.745,59.7977],[57.2031,158.722,20.3056],[35.6711,165,-7.0299],[17.0884,158.942,-6.30573],[7.76966,150.507,5.4897],[[[0.116049,-0.772652,-0.624133],[0.816599,0.431935,-0.382882],[0.565419,-0.465233,0.681073]],[[0.268024,-0.87124,-0.411223],[0.746554,0.457619,-0.482952],[0.60895,-0.177558,0.77308]],[[0.268024,-0.87124,-0.411223],[-0.159638,0.380777,-0.910782],[0.950094,0.309759,-0.0370256]],[[0.268024,-0.87124,-0.411223],[-0.797421,0.0389068,-0.602168],[0.540632,0.489314,-0.684317]]],4]],[[0,200,0],[235.247,235.247,147.751]]],[204208,3853574701,[[112,"right",[-0.562324,0.651301,-0.509509],[-0.794652,-0.596055,0.115091],[54.25,168.179,58.7055],[28.7857,23.3937,-5.83491],[53.2991,163.723,50.3577],0.0648637,0.997389,0.638992,[[0.359809,-0.495973,-0.790283],[0.352096,0.856563,-0.377264],[0.86404,-0.142513,0.48283]],63.72,[323.083,93.5257,209.586],[89.792,132.004,79.2215]]],[[1120,[-0.940296,0.319,-0.118674],112,52.1164,[-18.2715,170.166,102.91],[-16.7856,175.013,104.67],[93.2073,312.664,159.084],false,[76.6132,136.725,106.518],[76.6132,136.725,106.518],[30.4051,155.579,105.451],[-1.65483,166.455,101.405],[-21.1877,178.228,106.659],[[[0.693074,0.471252,-0.5455],[0.390749,0.390316,0.833648],[0.605776,-0.790933,0.0863767]],[[0.33227,0.78478,-0.523179],[0.180832,0.491398,0.851955],[0.925687,-0.377687,0.0213639]],[[0.33227,0.78478,-0.523179],[0.0737612,0.531374,0.84392],[0.940296,-0.319,0.118674]],[[0.33227,0.78478,-0.523179],[0.439342,0.362061,0.822125],[0.834611,-0.503023,-0.224485]]],0],[1121,[-0.956541,-0.282032,-0.0740717],112,58.8075,[-25.0985,200.608,46.0429],[-24.1676,203.732,51.4545],[78.2351,143.382,-55.6568],false,[87.979,151.562,91.9379],[36.1811,197.507,67.0673],[5.88277,222.379,49.4843],[-17.2372,215.562,47.6939],[-25.9894,201.583,52.1539],[[[0.131074,-0.353579,-0.926176],[0.697932,0.6964,-0.167087],[0.704067,-0.624507,0.338054]],[[0.188322,-0.403561,-0.895362],[0.683511,0.708509,-0.175578],[0.705229,-0.578925,0.409266]],[[0.188322,-0.403561,-0.895362],[-0.222628,0.8704,-0.439135],[0.956541,0.282032,0.0740717]],[[0.188322,-0.403561,-0.895362],[-0.837931,0.409496,-0.360812],[0.512256,0.818201,-0.261039]]],1],[1122,[-0.960666,-0.277185,0.0170041],112,67.0064,[-27.2813,190.892,21.5282],[-25.2599,193.323,31.1359],[42.1693,46.8278,-35.297],false,[90.3489,148.809,80.1727],[42.8728,188.524,47.9817],[9.51449,212.93,23.1853],[-17.8034,205.048,23.6688],[-27.0457,191.11,32.2403],[[[0.104077,-0.548206,-0.829843],[0.725332,0.612717,-0.3138],[0.680486,-0.569252,0.461401]],[[0.156391,-0.590588,-0.791674],[0.70468,0.628353,-0.329544],[0.692075,-0.506339,0.514444]],[[0.156391,-0.590588,-0.791674],[-0.229482,0.757875,-0.610707],[0.960666,0.277185,-0.0170041]],[[0.156391,-0.590588,-0.791674],[-0.856537,0.318027,-0.406453],[0.49182,0.741664,-0.456123]]],2],[1123,[-0.956398,-0.290929,-0.0257453],112,64.4285,[-11.1457,172.004,10.225],[-11.7623,172.341,10.4477],[-5.17106,-53.7019,28.9457],false,[91.716,143.126,69.367],[51.4992,174.06,32.6321],[22.8876,190.562,2.5439],[-3.60658,182.503,1.8307],[-13.7321,170.492,11.9455],[[[0.148105,-0.67062,-0.726866],[0.752237,0.553526,-0.357418],[0.642031,-0.49384,0.586445]],[[0.240902,-0.735946,-0.632732],[0.729306,0.567413,-0.382302],[0.640374,-0.369359,0.673421]],[[0.240902,-0.735946,-0.632732],[-0.165133,0.611346,-0.773943],[0.956398,0.290929,0.0257453]],[[0.240902,-0.735946,-0.632732],[-0.805153,0.212486,-0.553695],[0.541936,0.642832,-0.541361]]],3],[1124,[-0.956116,-0.287424,0.0568325],112,50.5107,[10.6854,152.545,2.62695],[9.30251,150.629,4.48728],[-26.5264,-95.2388,61.7214],false,[89.8104,131.566,61.2856],[57.0713,157.1,20.8079],[35.5736,162.525,-6.73638],[16.8731,156.904,-5.62481],[7.50818,149.252,6.65768],[[[0.0950767,-0.805447,-0.584992],[0.819863,0.396663,-0.412897],[0.564611,-0.440356,0.698069]],[[0.247314,-0.895738,-0.369445],[0.75445,0.41727,-0.506647],[0.607981,-0.153428,0.778986]],[[0.247314,-0.895738,-0.369445],[-0.157095,0.339177,-0.927513],[0.956116,0.287424,-0.0568325]],[[0.247314,-0.895738,-0.369445],[-0.802279,0.024494,-0.596447],[0.543309,0.443908,-0.712574]]],4]],[[0,200,0],[235.247,235.247,147.751]]],[204209,3853583891,[[112,"right",[-0.557978,0.63647,-0.53251],[-0.800738,-0.581422,0.144104],[54.6439,168.499,58.4435],[32.718,26.59,-12.1703],[53.3104,163.763,50.4252],0.0420385,1,0.657142,[[0.335845,-0.531043,-0.777947],[0.367058,0.834412,-0.411126],[0.867454,-0.147477,0.475157]],63.72,[324.107,92.9596,208.511],[89.8949,132.778,80.2186]]],[[1120,[-0.935518,0.334695,-0.113074],112,52.1164,[-17.0218,174.421,104.519],[-15.7479,178.661,105.4],[101.281,341.87,142.989],false,[76.9445,138.769,107.375],[76.9445,138.769,107.375],[31.0603,158.391,106.194],[-0.836738,169.802,102.338],[-19.9749,182.207,107.591],[[[0.695003,0.440297,-0.568427],[0.4005,0.419505,0.814626],[0.597136,-0.793822,0.115218]],[[0.33863,0.758339,-0.557002],[0.201006,0.520007,0.830174],[0.919199,-0.393082,0.0236592]],[[0.33863,0.758339,-0.557002],[0.100677,0.559375,0.822778],[0.935518,-0.334695,0.113074]],[[0.33863,0.758339,-0.557002],[0.465431,0.379478,0.799606],[0.817743,-0.530017,-0.224452]]],0],[1121,[-0.961032,-0.270033,-0.0591509],112,58.8075,[-24.9884,200.893,46.2367],[-23.2721,204.911,50.0822],[85.2152,138.94,-83.9258],false,[88.3884,152.861,92.132],[36.9681,198.356,65.7003],[7.04959,223.026,47.2059],[-16.1789,216.499,45.7762],[-25.0737,202.824,50.8553],[[[0.121116,-0.392749,-0.911635],[0.704857,0.680686,-0.199608],[0.698934,-0.618397,0.359274]],[[0.17842,-0.442475,-0.878853],[0.695132,0.68883,-0.205682],[0.696389,-0.574221,0.43048]],[[0.17842,-0.442475,-0.878853],[-0.211147,0.85516,-0.473412],[0.961032,0.270033,0.0591509]],[[0.17842,-0.442475,-0.878853],[-0.83495,0.404491,-0.373156],[0.5206,0.800377,-0.297275]]],1],[1122,[-0.963851,-0.264352,0.0333008],112,67.0064,[-27.2144,190.974,21.7113],[-24.7401,193.471,30.2757],[45.8686,36.2971,-52.465],false,[90.6518,149.6,80.476],[43.4347,188.521,46.9606],[10.2131,212.278,21.3638],[-17.1954,204.761,22.3107],[-26.566,191.305,31.4915],[[[0.0924836,-0.582933,-0.80724],[0.730359,0.590746,-0.342921],[0.676773,-0.55786,0.480385]],[[0.144761,-0.624495,-0.767496],[0.709924,0.605864,-0.359076],[0.68924,-0.492884,0.53105]],[[0.144761,-0.624495,-0.767496],[-0.223685,0.734932,-0.640188],[0.963851,0.264352,-0.0333008]],[[0.144761,-0.624495,-0.767496],[-0.85463,0.311989,-0.415054],[0.498649,0.716009,-0.488548]]],2],[1123,[-0.958599,-0.284758,0.000387232],112,64.4285,[-11.1613,172.01,10.218],[-11.6679,171.399,10.69],[-3.82277,-73.821,35.7125],false,[91.8848,143.463,69.9048],[51.7962,173.339,32.1673],[22.8971,188.852,1.82867],[-3.65803,180.964,1.83939],[-13.7209,169.452,12.5773],[[[0.135746,-0.701536,-0.699586],[0.756302,0.529504,-0.38423],[0.639984,-0.47694,0.602451]],[[0.226357,-0.762824,-0.605691],[0.728288,0.545467,-0.414803],[0.646807,-0.347224,0.679026]],[[0.226357,-0.762824,-0.605691],[-0.172771,0.580527,-0.7957],[0.958599,0.284758,-0.000387232]],[[0.226357,-0.762824,-0.605691],[-0.811599,0.196124,-0.550312],[0.538582,0.616145,-0.574713]]],3],[1124,[-0.959269,-0.273051,0.0724299],112,50.5107,[10.6055,152.325,2.76902],[9.26144,149.339,5.14492],[-19.6327,-108.748,64.0286],false,[89.7946,131.606,62.316],[57.097,155.845,21.0167],[35.6106,160.446,-6.68574],[16.8484,155.106,-5.2691],[7.49336,148.076,7.38661],[[[0.0820632,-0.829803,-0.551989],[0.821759,0.369713,-0.433618],[0.563896,-0.418018,0.712238]],[[0.234686,-0.913003,-0.333689],[0.758728,0.386637,-0.524255],[0.607663,-0.130144,0.783459]],[[0.234686,-0.913003,-0.333689],[-0.157243,0.303099,-0.939897],[0.959269,0.273051,-0.0724299]],[[0.234686,-0.913003,-0.333689],[-0.806449,0.00879286,-0.591239],[0.542737,0.407859,-0.734226]]],4]],[[0,200,0],[235.247,235.247,147.751]]],[204210,3853592736,[[112,"right",[-0.555667,0.622826,-0.550747],[-0.804534,-0.569863,0.167276],[55.0879,168.713,58.2224],[37.447,25.941,-15.6398],[53.3264,163.807,50.4955],0.0236166,1,0.664176,[[0.316252,-0.558244,-0.767039],[0.378133,0.815709,-0.437761],[0.870058,-0.1516,0.469059]],63.72,[325.083,92.5243,207.653],[90.1677,133.456,81.0067]]],[[1120,[-0.931884,0.345236,-0.111375],112,52.1164,[-15.7635,178.383,105.696],[-14.7559,181.496,105.799],[106.184,339.718,118.969],false,[77.403,140.452,108.01],[77.403,140.452,108.01],[31.7595,160.617,106.66],[-0.0136849,172.388,102.862],[-18.8491,185.27,108.058],[[[0.695537,0.415532,-0.58614],[0.407917,0.443189,0.79824],[0.591465,-0.794303,0.138752]],[[0.342495,0.736165,-0.583746],[0.215895,0.543029,0.811486],[0.914378,-0.403957,0.0270504]],[[0.342495,0.736165,-0.583746],[0.119539,0.582129,0.804261],[0.931884,-0.345236,0.111375]],[[0.342495,0.736165,-0.583746],[0.484747,0.393774,0.781001],[0.804809,-0.550458,-0.221988]]],0],[1121,[-0.964106,-0.261015,-0.0486993],112,58.8075,[-24.833,201.215,46.3555],[-22.468,205.667,48.8549],[87.7927,123.562,-101.324],false,[88.8795,153.936,92.2507],[37.6841,198.936,64.5645],[8.04833,223.329,45.2646],[-15.2545,217.02,44.0876],[-24.2615,203.612,49.657],[[[0.113393,-0.42386,-0.898601],[0.709153,0.667988,-0.225596],[0.695877,-0.611665,0.376327]],[[0.171998,-0.474206,-0.86345],[0.703265,0.67288,-0.229456],[0.689807,-0.567769,0.449226]],[[0.171998,-0.474206,-0.86345],[-0.20228,0.840833,-0.502078],[0.964106,0.261015,0.0486993]],[[0.171998,-0.474206,-0.86345],[-0.83217,0.39912,-0.384963],[0.527172,0.78475,-0.325972]]],1],[1122,[-0.964566,-0.259014,0.0502478],112,67.0064,[-27.1517,191.033,21.852],[-24.2715,193.274,29.6877],[45.8298,14.2879,-52.4424],false,[91.058,150.27,80.6993],[43.9779,188.43,46.1322],[10.6357,211.445,20.0196],[-16.7931,204.08,21.4485],[-26.1609,190.991,31.1474],[[[0.0837997,-0.610225,-0.787783],[0.73322,0.573122,-0.365951],[0.674808,-0.546952,0.495457]],[[0.135836,-0.650772,-0.747024],[0.709254,0.590338,-0.385306],[0.691742,-0.477491,0.541751]],[[0.135836,-0.650772,-0.747024],[-0.22619,0.713728,-0.662895],[0.964566,0.259014,-0.0502478]],[[0.135836,-0.650772,-0.747024],[-0.856181,0.302284,-0.41902],[0.4985,0.696506,-0.516117]]],2],[1123,[-0.959023,-0.282209,0.0251644],112,64.4285,[-11.1739,171.946,10.2504],[-11.5255,170.43,11.0749],[-1.87974,-89.9302,46.475],false,[92.1889,143.775,70.3328],[52.1446,172.697,31.8135],[22.8417,187.298,1.40936],[-3.72514,179.481,2.10646],[-13.6623,168.363,13.3647],[[[0.126677,-0.725519,-0.676443],[0.758471,0.510332,-0.405319],[0.639277,-0.461718,0.614932]],[[0.215143,-0.783139,-0.583445],[0.723588,0.529053,-0.44331],[0.655846,-0.326799,0.680492]],[[0.215143,-0.783139,-0.583445],[-0.184361,0.554123,-0.811763],[0.959023,0.282209,-0.0251644]],[[0.215143,-0.783139,-0.583445],[-0.819052,0.180669,-0.544529],[0.531852,0.595023,-0.602562]]],3],[1124,[-0.961113,-0.262697,0.0851612],112,50.5107,[10.5394,152.037,2.94255],[9.33971,148.176,5.74695],[-11.7754,-115.954,64.9249],false,[89.9672,131.689,63.1538],[57.2513,154.799,21.2272],[35.7187,158.659,-6.55276],[16.9204,153.52,-4.88711],[7.57991,146.994,8.04606],[[[0.0727403,-0.848363,-0.524394],[0.822419,0.348465,-0.449665],[0.564212,-0.398563,0.723058]],[[0.226055,-0.925533,-0.30379],[0.760301,0.362598,-0.538948],[0.608968,-0.10914,0.78565]],[[0.226055,-0.925533,-0.30379],[-0.158624,0.272725,-0.948925],[0.961113,0.262697,-0.0851612]],[[0.226055,-0.925533,-0.30379],[-0.809474,-0.00499164,-0.587134],[0.541895,0.378635,-0.750323]]],4]],[[0,200,0],[235.247,235.247,147.751]]],[204211,3853602154,[[112,"right",[-0.555829,0.604132,-0.571033],[-0.807237,-0.556316,0.197181],[55.4548,169.181,57.9135],[37.878,32.7188,-20.5377],[53.3492,163.865,50.5749],0.00923232,1,0.670431,[[0.292553,-0.590687,-0.751998],[0.393172,0.791159,-0.46849],[0.871681,-0.158607,0.463698]],63.72,[325.824,91.7884,207.021],[90.4703,134.612,81.8229]]],[[1120,[-0.928308,0.355378,-0.109317],112,52.1164,[-14.3131,182.855,106.628],[-13.621,184.992,106.153],[112.294,352.615,97.3262],false,[77.9939,142.802,108.624],[77.9939,142.802,108.624],[32.6002,163.512,107.109],[0.948991,175.629,103.382],[-17.576,189.01,108.43],[[[0.693451,0.385879,-0.60846],[0.418135,0.472203,0.776008],[0.586761,-0.792541,0.1661]],[[0.343796,0.708462,-0.616349],[0.234197,0.570928,0.786888],[0.909371,-0.414876,0.0303631]],[[0.343796,0.708462,-0.616349],[0.14159,0.609744,0.779849],[0.928308,-0.355378,0.109317]],[[0.343796,0.708462,-0.616349],[0.505236,0.413707,0.757353],[0.791544,-0.571776,-0.21571]]],0],[1121,[-0.966399,-0.255165,-0.0310516],112,58.8075,[-24.6391,201.577,46.3977],[-21.8442,206.387,47.6051],[82.0679,107.941,-111.953],false,[89.4318,155.543,92.2313],[38.3311,199.771,63.1619],[8.7751,223.598,43.0492],[-14.5831,217.43,42.2987],[-23.6337,204.331,48.4963],[[[0.102408,-0.461023,-0.881459],[0.712079,0.652717,-0.258657],[0.69459,-0.60118,0.395129]],[[0.162123,-0.511311,-0.843965],[0.707419,0.656503,-0.261845],[0.68795,-0.554586,0.468145]],[[0.162123,-0.511311,-0.843965],[-0.199473,0.820641,-0.535498],[0.966399,0.255165,0.0310516]],[[0.162123,-0.511311,-0.843965],[-0.832536,0.388254,-0.395148],[0.529717,0.766694,-0.36274]]],1],[1122,[-0.964893,-0.252508,0.0722622],112,67.0064,[-27.0941,191.078,21.9657],[-23.9976,193.083,29.1378],[39.2377,-0.98298,-50.5932],false,[91.4822,151.392,80.8214],[44.3859,188.474,45.1219],[10.8241,210.537,18.4738],[-16.6139,203.357,20.5287],[-25.9365,190.727,30.8599],[[[0.0724055,-0.642479,-0.762875],[0.734218,0.552022,-0.395216],[0.675042,-0.531501,0.511689]],[[0.124387,-0.681654,-0.721024],[0.706894,0.570815,-0.417697],[0.696296,-0.457731,0.552859]],[[0.124387,-0.681654,-0.721024],[-0.231322,0.686722,-0.689132],[0.964893,0.252508,-0.0722622]],[[0.124387,-0.681654,-0.721024],[-0.859314,0.28931,-0.421758],[0.496092,0.672047,-0.549768]]],2],[1123,[-0.959407,-0.277104,0.0524579],112,64.4285,[-11.1951,171.809,10.326],[-11.5985,169.412,11.5664],[-5.39861,-99.2318,53.6573],false,[92.4746,144.471,70.7198],[52.3107,172.108,31.3895],[22.6088,185.61,0.864995],[-3.96872,177.934,2.31818],[-13.7633,167.327,14.1778],[[[0.115398,-0.753464,-0.647283],[0.75866,0.487484,-0.432197],[0.641185,-0.441192,0.627878]],[[0.202818,-0.807161,-0.554397],[0.718983,0.507113,-0.47529],[0.664777,-0.302205,0.683186]],[[0.202818,-0.807161,-0.554397],[-0.195967,0.521253,-0.830598],[0.959407,0.277104,-0.0524579]],[[0.202818,-0.807161,-0.554397],[-0.827075,0.161891,-0.538274],[0.524225,0.567699,-0.634748]]],3],[1124,[-0.962189,-0.251745,0.104],112,50.5107,[10.4545,151.639,3.19268],[9.1152,146.873,6.69272],[-15.4159,-123.617,74.9819],false,[90.101,132.12,64.0595],[57.1923,153.754,21.5006],[35.4546,156.631,-6.2387],[16.6353,151.707,-4.20458],[7.36499,145.789,9.06742],[[[0.0618836,-0.869583,-0.489893],[0.821019,0.323452,-0.470431],[0.567536,-0.3731,0.733961]],[[0.216773,-0.938928,-0.267252],[0.758334,0.334356,-0.559585],[0.614768,-0.0813636,0.7845]],[[0.216773,-0.938928,-0.267252],[-0.164928,0.234603,-0.957998],[0.962189,0.251745,-0.104]],[[0.216773,-0.938928,-0.267252],[-0.814713,-0.0231767,-0.579401],[0.537822,0.343332,-0.769981]]],4]],[[0,200,0],[235.247,235.247,147.751]]],[204212,3853610885,[[112,"right",[-0.556457,0.592036,-0.582966],[-0.80787,-0.549485,0.2131],[55.7207,169.426,57.7466],[35.8919,31.4622,-20.1566],[53.3746,163.925,50.6519],0,1,0.685444,[[0.278255,-0.607822,-0.743725],[0.401448,0.777026,-0.484841],[0.87259,-0.163657,0.46022]],63.72,[326.339,91.1485,206.589],[90.7395,135.336,82.3295]]],[[1120,[-0.926748,0.35914,-0.110253],112,52.1164,[-13.2848,185.943,107.07],[-12.9746,186.894,106.243],[102.937,317.886,73.7007],false,[78.3833,144.182,108.978],[78.3833,144.182,108.978],[33.1075,165.137,107.315],[1.50946,177.382,103.556],[-16.8666,191.013,108.48],[[[0.692131,0.369769,-0.619859],[0.422191,0.489147,0.76321],[0.585414,-0.789941,0.18244]],[[0.343838,0.692601,-0.634097],[0.243121,0.586583,0.772536],[0.90701,-0.41979,0.0333041]],[[0.343838,0.692601,-0.634097],[0.151369,0.625557,0.765353],[0.926748,-0.35914,0.110253]],[[0.343838,0.692601,-0.634097],[0.515039,0.425537,0.744079],[0.785182,-0.582427,-0.210401]]],0],[1121,[-0.967162,-0.25312,-0.0229593],112,58.8075,[-24.4615,201.882,46.3864],[-21.4677,206.634,46.7509],[71.9081,84.8215,-109.432],false,[89.7915,156.507,92.2492],[38.6924,200.174,62.3408],[9.18624,223.601,41.6929],[-14.1905,217.483,41.1379],[-23.2509,204.559,47.6805],[[[0.0979814,-0.481769,-0.870803],[0.712723,0.644665,-0.276464],[0.694569,-0.593553,0.406533]],[[0.159078,-0.532417,-0.8314],[0.709234,0.647451,-0.278916],[0.68679,-0.545288,0.480604]],[[0.159078,-0.532417,-0.8314],[-0.19822,0.807751,-0.5552],[0.967162,0.25312,0.0229593]],[[0.159078,-0.532417,-0.8314],[-0.832753,0.379975,-0.402667],[0.530298,0.756407,-0.382927]]],1],[1122,[-0.962442,-0.255919,0.0906166],112,67.0064,[-27.0462,191.103,22.0644],[-23.9154,192.55,29.0315],[27.1333,-25.493,-31.6328],false,[91.7891,152.085,80.932],[44.652,188.443,44.5479],[10.5979,209.654,17.8334],[-16.7705,202.377,20.4102],[-25.9577,189.97,31.1251],[[[0.0679721,-0.660324,-0.747898],[0.734103,0.540748,-0.410712],[0.675627,-0.521118,0.521502]],[[0.119127,-0.698022,-0.706098],[0.697604,0.56489,-0.440736],[0.706511,-0.440073,0.554237]],[[0.119127,-0.698022,-0.706098],[-0.243956,0.668783,-0.702293],[0.962442,0.255919,-0.0906166]],[[0.119127,-0.698022,-0.706098],[-0.864173,0.27728,-0.419905],[0.48889,0.660213,-0.57018]]],2],[1123,[-0.958143,-0.277231,0.0714535],112,64.4285,[-11.2145,171.637,10.4291],[-11.5563,168.646,11.9967],[-4.42725,-99.5746,58.6791],false,[92.7267,144.927,70.9915],[52.4851,171.739,31.1731],[22.4291,184.532,0.689449],[-4.11337,176.852,2.66885],[-13.7402,166.51,14.8943],[[[0.111121,-0.768686,-0.6299],[0.758247,0.475301,-0.446262],[0.642428,-0.428031,0.63567]],[[0.196989,-0.819515,-0.538137],[0.713211,0.496405,-0.494886],[0.6727,-0.286318,0.682273]],[[0.196989,-0.819515,-0.538137],[-0.207745,0.501536,-0.839823],[0.958143,0.277231,-0.0714535]],[[0.196989,-0.819515,-0.538137],[-0.834098,0.148377,-0.531286],[0.515244,0.553516,-0.654327]]],3],[1124,[-0.962338,-0.247011,0.113538],112,50.5107,[10.3843,151.232,3.44754],[9.1523,146.04,7.2178],[-10.2815,-116.953,71.2111],false,[90.2978,132.429,64.6307],[57.2843,153.147,21.6984],[35.4585,155.415,-6.02815],[16.6363,150.584,-3.80749],[7.40745,145.005,9.63924],[[[0.0579058,-0.880956,-0.469642],[0.820058,0.310261,-0.480877],[0.569343,-0.357288,0.740401]],[[0.21372,-0.945522,-0.245584],[0.757175,0.319175,-0.569923],[0.617259,-0.0641457,0.78414]],[[0.21372,-0.945522,-0.245584],[-0.168014,0.212069,-0.962703],[0.962338,0.247011,-0.113538]],[[0.21372,-0.945522,-0.245584],[-0.8171,-0.0352373,-0.575418],[0.535417,0.323645,-0.780117]]],4]],[[0,200,0],[235.247,235.247,147.751]]],[204213,3853620182,[[112,"right",[-0.553329,0.58806,-0.589926],[-0.810493,-0.543496,0.218436],[55.8681,169.524,57.6647],[30.2364,25.5591,-16.9538],[53.4044,163.992,50.7356],0,1,0.691185,[[0.269929,-0.615978,-0.740074],[0.404628,0.770011,-0.493315],[0.873736,-0.166295,0.45709]],63.72,[326.623,90.651,206.066],[90.714,135.551,82.6515]]],[[1120,[-0.924194,0.364994,-0.11245],112,52.1164,[-12.6278,188.065,107.213],[-12.6544,188.121,106.2],[84.1771,265.888,50.987],false,[78.3758,144.745,109.19],[78.3758,144.745,109.19],[33.2558,166.021,107.385],[1.74484,178.466,103.551],[-16.4966,192.303,108.4],[[[0.694282,0.359832,-0.623293],[0.423752,0.49563,0.758146],[0.581727,-0.790489,0.191628]],[[0.348047,0.683655,-0.641467],[0.248687,0.592404,0.766298],[0.90389,-0.426232,0.0361681]],[[0.348047,0.683655,-0.641467],[0.157255,0.631977,0.758865],[0.924194,-0.364994,0.11245]],[[0.348047,0.683655,-0.641467],[0.520914,0.42786,0.738637],[0.77943,-0.59123,-0.20721]]],0],[1121,[-0.9679,-0.250451,-0.0210842],112,58.8075,[-24.2827,202.169,46.3462],[-21.1074,206.943,46.1396],[62.6571,67.781,-97.1056],false,[89.8527,156.833,92.3368],[38.9737,200.397,61.9055],[9.59615,223.683,40.9184],[-13.7984,217.63,40.4088],[-22.8956,204.811,47.1043],[[[0.0965355,-0.491758,-0.865364],[0.715823,0.638396,-0.282926],[0.691576,-0.592135,0.41364]],[[0.158506,-0.543151,-0.824538],[0.712248,0.641246,-0.285491],[0.683797,-0.542024,0.4885]],[[0.158506,-0.543151,-0.824538],[-0.195055,0.801412,-0.565413],[0.9679,0.250451,0.0210842]],[[0.158506,-0.543151,-0.824538],[-0.831488,0.37691,-0.408125],[0.53245,0.750284,-0.391881]]],1],[1122,[-0.962749,-0.252899,0.0956932],112,67.0064,[-26.9986,191.127,22.1558],[-23.7156,192.594,28.7451],[23.8485,-19.8105,-27.8258],false,[91.8397,152.279,81.0707],[44.8953,188.443,44.248],[10.7795,209.405,17.415],[-16.5976,202.213,20.1362],[-25.8223,189.954,30.9879],[[[0.0656281,-0.668814,-0.740527],[0.736848,0.532913,-0.416003],[0.672865,-0.518355,0.527788]],[[0.115953,-0.705839,-0.698818],[0.696841,0.559167,-0.449159],[0.70779,-0.434884,0.556695]],[[0.115953,-0.705839,-0.698818],[-0.244275,0.66169,-0.70887],[0.962749,0.252899,-0.0956932]],[[0.115953,-0.705839,-0.698818],[-0.863475,0.27608,-0.422128],[0.490883,0.652359,-0.577461]]],2],[1123,[-0.957586,-0.275945,0.0829634],112,64.4285,[-11.2377,171.452,10.557],[-11.5303,168.396,12.2899],[-5.55661,-82.5894,57.1592],false,[92.7534,145.008,71.2104],[52.6645,171.559,31.0646],[22.3022,184.018,0.746698],[-4.22483,176.374,3.04495],[-13.8087,166.177,15.4254],[[[0.108196,-0.776062,-0.621306],[0.760728,0.466972,-0.450811],[0.639989,-0.423869,0.640896]],[[0.191789,-0.825253,-0.5312],[0.708111,0.491121,-0.507325],[0.679555,-0.27885,0.678563]],[[0.191789,-0.825253,-0.5312],[-0.215048,0.492759,-0.843174],[0.957586,0.275945,-0.0829634]],[[0.191789,-0.825253,-0.5312],[-0.836724,0.145391,-0.527972],[0.512943,0.545727,-0.662624]]],3],[1124,[-0.96334,-0.241912,0.115996],112,50.5107,[10.3249,150.82,3.70383],[9.25671,145.777,7.34675],[-4.33682,-92.8528,55.7526],false,[90.2738,132.452,64.9854],[57.3882,152.842,21.7992],[35.5963,154.871,-5.97248],[16.7545,150.139,-3.70374],[7.50233,144.757,9.80672],[[[0.0543488,-0.886322,-0.459869],[0.821829,0.301286,-0.483554],[0.567137,-0.351653,0.744779]],[[0.210155,-0.949193,-0.23424],[0.758951,0.309422,-0.572933],[0.616303,-0.0573724,0.785417]],[[0.210155,-0.949193,-0.23424],[-0.166768,0.201276,-0.965234],[0.96334,0.241912,-0.115996]],[[0.210155,-0.949193,-0.23424],[-0.817138,-0.0389894,-0.575122],[0.536769,0.312271,-0.783815]]],4]],[[0,200,0],[235.247,235.247,147.751]]],[204214,3853628952,[[112,"right",[-0.551816,0.585776,-0.593604],[-0.811973,-0.53976,0.22217],[55.9417,169.586,57.6406],[24.3682,20.5968,-13.1382],[53.4335,164.056,50.8149],0,1,0.696487,[[0.264815,-0.620917,-0.737791],[0.406387,0.765705,-0.498544],[0.874484,-0.167807,0.455102]],63.72,[326.809,90.3695,205.717],[90.6977,135.677,82.8394]]],[[1120,[-0.922647,0.368642,-0.113254],112,52.1164,[-12.2449,189.298,107.289],[-12.4216,188.898,106.268],[68.973,218.201,38.5454],false,[78.3927,145.079,109.321],[78.3927,145.079,109.321],[33.3783,166.575,107.481],[1.92015,179.144,103.619],[-16.2349,193.107,108.433],[[[0.695134,0.353796,-0.625793],[0.425358,0.499348,0.754799],[0.579534,-0.790873,0.196624]],[[0.350268,0.678182,-0.646051],[0.253212,0.595503,0.762404],[0.901774,-0.430633,0.0368622]],[[0.350268,0.678182,-0.646051],[0.161355,0.635746,0.754846],[0.922647,-0.368642,0.113254]],[[0.350268,0.678182,-0.646051],[0.52492,0.429123,0.73506],[0.775739,-0.596593,-0.205683]]],0],[1121,[-0.966891,-0.254639,-0.0167324],112,58.8075,[-24.1352,202.385,46.3061],[-20.8917,206.96,45.8697],[51.6459,43.0743,-77.6023],false,[89.8994,157.025,92.3862],[39.136,200.533,61.6846],[9.7029,223.551,40.4797],[-13.6672,217.396,40.0752],[-22.688,204.605,46.925],[[[0.0949099,-0.497651,-0.862169],[0.717556,0.634507,-0.287252],[0.690004,-0.591392,0.417314]],[[0.159282,-0.550984,-0.819173],[0.71083,0.639825,-0.292137],[0.685091,-0.535761,0.493569]],[[0.159282,-0.550984,-0.819173],[-0.199374,0.794717,-0.573302],[0.966891,0.254639,0.0167324]],[[0.159282,-0.550984,-0.819173],[-0.834189,0.368646,-0.410157],[0.527976,0.748676,-0.400906]]],1],[1122,[-0.962424,-0.252006,0.101155],112,67.0064,[-26.9559,191.147,22.2397],[-23.6699,192.587,28.7463],[17.1178,-17.2589,-16.6],false,[91.8705,152.392,81.1494],[45.019,188.449,44.1037],[10.759,209.227,17.3114],[-16.6089,202.06,20.1879],[-25.8327,189.883,31.1315],[[[0.0635336,-0.673802,-0.736175],[0.738246,0.528101,-0.419645],[0.671533,-0.516817,0.530984]],[[0.112881,-0.71008,-0.695014],[0.694297,0.556749,-0.456052],[0.710781,-0.431066,0.555852]],[[0.112881,-0.71008,-0.695014],[-0.246976,0.65748,-0.711845],[0.962424,0.252006,-0.101155]],[[0.112881,-0.71008,-0.695014],[-0.863906,0.275404,-0.421686],[0.49084,0.648028,-0.582354]]],2],[1123,[-0.957576,-0.273847,0.0897565],112,64.4285,[-11.2654,171.295,10.6798],[-11.6236,168.303,12.5632],[-9.3731,-64.4909,53.2979],false,[92.7609,145.054,71.3364],[52.7368,171.457,31.0286],[22.1379,183.757,0.884122],[-4.38887,176.171,3.37056],[-13.9848,166.065,15.8155],[[[0.105829,-0.780393,-0.616269],[0.76193,0.461867,-0.454029],[0.638955,-0.421504,0.643483]],[[0.187356,-0.828239,-0.528126],[0.704185,0.488093,-0.515643],[0.684851,-0.27529,0.674681]],[[0.187356,-0.828239,-0.528126],[-0.218965,0.488904,-0.844409],[0.957576,0.273847,-0.0897565]],[[0.187356,-0.828239,-0.528126],[-0.837331,0.146448,-0.526716],[0.51359,0.5409,-0.666073]]],3],[1124,[-0.963078,-0.239727,0.122524],112,50.5107,[10.2724,150.464,3.93869],[9.24798,145.6,7.57739],[-4.7904,-75.0722,51.4374],false,[90.244,132.465,65.1939],[57.4049,152.667,21.8841],[35.5022,154.499,-5.81405],[16.6656,149.81,-3.41763],[7.46027,144.551,10.1733],[[[0.051712,-0.889447,-0.454104],[0.822551,0.295799,-0.485708],[0.566335,-0.348407,0.746912]],[[0.207892,-0.95137,-0.227324],[0.757021,0.303661,-0.57854],[0.619435,-0.0518148,0.783336]],[[0.207892,-0.95137,-0.227324],[-0.171061,0.193458,-0.966081],[0.963078,0.239727,-0.122524]],