{"metadata":{"formatVersion":2,"generatedBy":"LeapJS Playback 0.2.1","frames":1,"protocolVersion":6,"serviceVersion":"2.2.4+26750","frameRate":"1.1e+2","modified":"Tue Apr 14 2015 22:34:15 GMT-0300 (E. South America Standard Time)"},"frames":[["id","timestamp",{"hands":[["id","type","direction","palmNormal","palmPosition","palmVelocity","stabilizedPalmPosition","pinchStrength","grabStrength","confidence","armBasis","armWidth","elbow","wrist"]]},{"pointables":[["id","direction","handId","length","stabilizedTipPosition","tipPosition","tipVelocity","tool","carpPosition","mcpPosition","pipPosition","dipPosition","btipPosition","bases","type"]]},{"interactionBox":["center","size"]}],[761071,204730824554,[[575,"right",[-0.0460869,0.799839,-0.598443],[0.292051,-0.562116,-0.773778],[-8.28162,94.2573,30.1953],[-1.21468,0.495249,4.64352],[-4.0478,96.373,29.8661],0,0,0.578842,[[0.929794,0.247004,-0.272896],[-0.232133,0.968871,0.0860366],[0.285653,-0.0166481,0.958189]],63.72,[77.3536,50.6035,326.148],[0.227356,55.0985,67.4371]]],[[5750,[0.100285,0.732169,-0.6737],575,52.1164,[-27.8244,102.459,4.09306],[-32.6656,98.8746,5.27691],[-2.52051,3.26093,6.16906],false,[-23.6943,40.2915,55.2074],[-23.6943,40.2915,55.2074],[-53.595,73.4263,32.8513],[-50.1757,98.3901,9.88106],[-27.575,99.1676,3.85369],[[[0.114196,0.743525,0.658885],[-0.881436,-0.230121,0.41245],[0.45829,-0.627865,0.629091]],[[0.173903,0.653792,0.736419],[-0.781636,-0.363232,0.507058],[0.599001,-0.663791,0.44786]],[[0.173903,0.653792,0.736419],[-0.979643,0.19101,0.0617608],[-0.100285,-0.732169,0.6737]],[[0.173903,0.653792,0.736419],[-0.192843,0.755945,-0.625587],[-0.965696,-0.0332216,0.25754]]],0],[5751,[-0.00599515,0.886902,-0.461919],575,58.8075,[-33.268,183.603,-23.3694],[-35.3033,182.454,-22.9511],[5.13504,3.22291,5.90372],false,[-22.1933,61.5386,65.6088],[-33.9812,110.2,11.7052],[-35.4039,149.704,-5.12393],[-35.5488,171.14,-16.2887],[-35.235,185.707,-25.2117],[[[0.933992,0.341744,0.104259],[-0.319352,0.667619,0.672531],[0.160228,-0.661435,0.732688]],[[0.943531,0.158024,0.291167],[-0.329626,0.359956,0.872799],[0.0331161,-0.919489,0.391719]],[[0.943531,0.158024,0.291167],[-0.331231,0.434089,0.837767],[0.00599515,-0.886902,0.461919]],[[0.943531,0.158024,0.291167],[-0.330775,0.498109,0.801546],[-0.018369,-0.852594,0.522251]]],1],[5752,[-0.109142,0.958854,-0.262081],575,67.0064,[-12.9906,206.205,-2.85502],[-22.7642,203.952,-4.1756],[-8.5978,0.0519615,4.89664],false,[-11.4545,67.2274,67.592],[-13.5779,116.138,17.8843],[-19.1127,162.912,7.64734],[-22.2163,190.178,0.194705],[-24.1606,207.946,-5.60672],[[[0.987718,0.130386,0.0861017],[-0.153257,0.7011,0.696398],[0.0304347,-0.701041,0.712472]],[[0.98751,0.13473,0.0816831],[-0.107881,0.200351,0.973767],[0.11483,-0.970416,0.212383]],[[0.98751,0.13473,0.0816831],[-0.113632,0.249893,0.961583],[0.109142,-0.958854,0.262081]],[[0.98751,0.13473,0.0816831],[-0.118826,0.296411,0.94764],[0.103463,-0.94551,0.308718]]],2],[5753,[-0.159548,0.964805,-0.209036],575,64.4285,[-0.0315157,200.505,9.39565],[-5.95172,199.486,9.16523],[21.5793,2.23573,2.7634],false,[0.457203,70.0277,68.6871],[7.59717,115.577,26.2837],[0.47713,158.988,18.4698],[-3.94267,185.715,12.6791],[-6.92369,203.6,8.17019],[[[0.990155,-0.0274245,0.137265],[-0.0812492,0.685919,0.723128],[-0.113984,-0.727161,0.676938]],[[0.987187,0.155354,-0.0364417],[0.00823765,0.178453,0.983914],[0.159358,-0.971607,0.174887]],[[0.987187,0.155354,-0.0364417],[0.0026846,0.212172,0.977229],[0.159548,-0.964805,0.209036]],[[0.987187,0.155354,-0.0364417],[-0.00260737,0.244047,0.96976],[0.159549,-0.957239,0.241325]]],3],[5754,[0.00421306,0.987948,-0.154727],575,50.5107,[35.167,179.863,23.2778],[28.0239,178.155,22.3116],[7.26879,-2.93964,3.64837],false,[14.1002,66.4559,66.7718],[27.6923,110.692,31.8338],[27.9559,145.839,27.9735],[28.0384,165.162,24.9472],[28.0582,182.06,21.5463],[[[0.97003,-0.224355,0.0933096],[0.0639962,0.606348,0.79262],[-0.234407,-0.762894,0.602533]],[[0.997502,-0.0150626,-0.0690156],[0.0702456,0.108387,0.991624],[-0.00745608,-0.993995,0.109174]],[[0.997502,-0.0150626,-0.0690156],[0.0705144,0.15405,0.985544],[-0.00421306,-0.987948,0.154727]],[[0.997502,-0.0150626,-0.0690156],[0.0706308,0.196734,0.97791],[-0.0011522,-0.980341,0.197306]]],4]],[[0,200,0],[235.247,235.247,147.751]]]]}