{"metadata":{"formatVersion":2,"generatedBy":"LeapJS Playback 0.2.1","frames":1,"protocolVersion":6,"serviceVersion":"2.2.4+26750","frameRate":"1.1e+2","modified":"Tue Apr 14 2015 22:35:33 GMT-0300 (E. South America Standard Time)"},"frames":[["id","timestamp",{"hands":[["id","type","direction","palmNormal","palmPosition","palmVelocity","stabilizedPalmPosition","pinchStrength","grabStrength","confidence","armBasis","armWidth","elbow","wrist"]]},{"pointables":[["id","direction","handId","length","stabilizedTipPosition","tipPosition","tipVelocity","tool","carpPosition","mcpPosition","pipPosition","dipPosition","btipPosition","bases","type"]]},{"interactionBox":["center","size"]}],[766036,204816709607,[[579,"right",[-0.154239,0.978136,-0.139503],[-0.265477,-0.177028,-0.947725],[16.3144,111.342,62.7847],[14.164,-4.37559,-12.3695],[13.9372,103.963,64.8769],0.857211,0,0.550407,[[0.94621,0.113157,-0.30312],[-0.0348071,0.967013,0.252339],[0.321675,-0.228215,0.918936]],63.72,[119.897,-1.49908,320.337],[33.0448,60.1191,72.2244]]],[[5790,[-0.504764,0.73169,-0.458086],579,52.1164,[-35.7471,130.427,14.2273],[-33.6146,126.481,14.8471],[22.2092,-23.9415,-10.3268],false,[3.57433,51.7486,70.6475],[3.57433,51.7486,70.6475],[-14.5708,89.1766,43.0492],[-31.7811,114.124,27.4305],[-34.1945,131.222,11.6332],[[[0.590314,0.393123,0.704971],[-0.587003,-0.390399,0.709236],[0.554037,-0.832492,0.000306714]],[[0.358254,0.660346,0.659998],[-0.859954,-0.0418403,0.508654],[0.363502,-0.749795,0.552878]],[[0.358254,0.660346,0.659998],[-0.785409,-0.169032,0.59545],[0.504764,-0.73169,0.458086]],[[0.358254,0.660346,0.659998],[-0.927912,0.173758,0.32983],[0.103122,-0.730582,0.674993]]],0],[5791,[0.181222,-0.934478,-0.306446],579,58.8075,[-19.4974,109.215,25.8395],[-16.8045,106.256,26.4743],[36.3753,-55.6278,-1.50061],false,[14.7906,66.5569,85.3714],[-10.7949,133.446,68.5287],[-26.0533,139.457,28.8195],[-21.6731,116.87,21.4126],[-15.0292,102.718,28.3045],[[[0.912292,0.271823,-0.306326],[0.216281,0.315388,0.923987],[0.347773,-0.909199,0.228936]],[[0.910134,0.277415,-0.307729],[-0.213354,0.950508,0.225862],[0.355157,-0.139909,0.924278]],[[0.910134,0.277415,-0.307729],[-0.372579,0.22314,-0.900774],[-0.181222,0.934478,0.306446]],[[0.910134,0.277415,-0.307729],[-0.142988,-0.486791,-0.861736],[-0.388858,0.828297,-0.403378]]],1],[5792,[0.0216745,-0.97955,-0.200029],579,67.0064,[-6.30644,101.077,22.1161],[-5.42606,101.714,21.9788],[33.3251,-52.0691,2.4068],false,[26.0664,70.9404,83.0781],[10.7216,136.341,64.2399],[-10.5395,141.153,21.2506],[-9.92318,113.298,15.5625],[-3.87617,97.7689,24.2463],[[[0.900563,0.0887125,-0.425578],[0.374984,0.336765,0.863699],[0.219941,-0.9374,0.270012]],[[0.895884,0.107836,-0.431003],[-0.053147,0.989143,0.13701],[0.441098,-0.0998383,0.891888]],[[0.895884,0.107836,-0.431003],[-0.44376,0.169861,-0.8799],[-0.0216745,0.97955,0.200029]],[[0.895884,0.107836,-0.431003],[-0.306343,-0.552684,-0.775045],[-0.321786,0.826385,-0.462105]]],2],[5793,[-0.154086,-0.981534,-0.113354],579,64.4285,[12.2424,92.1905,26.1989],[11.3528,96.2862,23.271],[27.5928,-36.8802,-0.346925],false,[37.2328,73.0971,78.4317],[32.5158,132.416,58.868],[13.077,135.768,18.7786],[8.80846,108.578,15.6384],[11.9178,92.7951,25.1426],[[[0.892266,-0.0758415,-0.445095],[0.445187,0.312189,0.839254],[0.0753035,-0.946988,0.312319]],[[0.893249,-0.0893442,-0.440594],[0.113218,0.993172,0.0281389],[0.435072,-0.0750183,0.897265]],[[0.893249,-0.0893442,-0.440594],[-0.422331,0.169143,-0.890521],[0.154086,0.981534,0.113354]],[[0.893249,-0.0893442,-0.440594],[-0.417625,-0.527703,-0.739675],[-0.166417,0.844717,-0.508683]]],3],[5794,[0.0608745,0.673408,-0.73676],579,50.5107,[52.8112,169.775,8.9189],[57.1159,172.8,2.15062],[32.896,-13.1278,-20.6327],false,[46.919,70.7826,68.2642],[51.0149,125.784,50.3666],[57.1186,152.4,27.9026],[58.3092,165.571,13.4925],[57.9141,175.95,-0.263288],[[[0.809079,-0.235468,-0.538466],[0.583439,0.211693,0.784082],[-0.0706369,-0.948547,0.308658]],[[0.746138,-0.520991,-0.414543],[0.643025,0.402469,0.651566],[-0.172619,-0.752719,0.635308]],[[0.746138,-0.520991,-0.414543],[0.663003,0.52449,0.53417],[-0.0608745,-0.673408,0.73676]],[[0.746138,-0.520991,-0.414543],[0.665397,0.604954,0.437354],[0.022922,-0.602162,0.798045]]],4]],[[0,200,0],[235.247,235.247,147.751]]]]}