{"metadata":{"formatVersion":2,"generatedBy":"LeapJS Playback 0.2.1","frames":1,"protocolVersion":6,"serviceVersion":"2.2.4+26750","frameRate":"1.1e+2","modified":"Tue Apr 14 2015 22:32:49 GMT-0300 (E. South America Standard Time)"},"frames":[["id","timestamp",{"hands":[["id","type","direction","palmNormal","palmPosition","palmVelocity","stabilizedPalmPosition","pinchStrength","grabStrength","confidence","armBasis","armWidth","elbow","wrist"]]},{"pointables":[["id","direction","handId","length","stabilizedTipPosition","tipPosition","tipVelocity","tool","carpPosition","mcpPosition","pipPosition","dipPosition","btipPosition","bases","type"]]},{"interactionBox":["center","size"]}],[754773,204648360327,[[570,"right",[-0.0184946,0.838871,-0.544015],[0.0289144,-0.543432,-0.838955],[72.0128,107.739,28.3962],[1.56383,-16.3159,15.2588],[69.5544,117.405,28.087],0,0,0.950668,[[0.842483,-0.034213,-0.537635],[-0.029507,0.993553,-0.109464],[0.537914,0.108085,0.836042]],63.72,[225.742,94.2093,287.237],[80.5049,65.0262,61.5056]]],[[5700,[-0.805243,0.494858,-0.326648],570,52.1164,[-24.7786,107.494,17.3902],[-24.6717,104.811,18.5991],[1.2255,-11.4862,19.9365],false,[52.3892,55.3958,53.9016],[52.3892,55.3958,53.9016],[19.7784,83.5106,28.6456],[-7.67685,100.383,17.5083],[-30.1595,106.358,20.0698],[[[0.372689,0.662325,0.649945],[-0.810033,-0.109498,0.57607],[0.452713,-0.741172,0.495696]],[[0.273324,0.798655,0.536138],[-0.706048,-0.211965,0.675698],[0.653292,-0.563224,0.505954]],[[0.273324,0.798655,0.536138],[-0.526191,-0.342441,0.778369],[0.805243,-0.494858,0.326648]],[[0.273324,0.798655,0.536138],[-0.0494612,-0.544955,0.837005],[0.960649,-0.255292,-0.109447]]],0],[5701,[-0.173534,0.894381,-0.412274],570,58.8075,[32.1789,207.804,-12.2694],[33.1559,202.428,-12.2737],[2.24066,-19.7818,4.5659],false,[59.6865,75.25,64.5993],[46.4669,129.104,16.2517],[39.0555,169.768,4.53719],[34.8612,191.386,-5.42763],[31.938,205.552,-14.5208],[[[0.982118,0.171651,-0.0773379],[-0.0561911,0.659313,0.749766],[0.179688,-0.732012,0.657169]],[[0.984809,0.160174,-0.0670445],[0.0197843,0.280092,0.959769],[0.172509,-0.946516,0.272668]],[[0.984809,0.160174,-0.0670445],[-0.0060724,0.417645,0.90859],[0.173534,-0.89438,0.412274]],[[0.984809,0.160174,-0.0670445],[-0.0296571,0.535597,0.843953],[0.171088,-0.829144,0.532212]]],1],[5702,[-0.112345,-0.633893,-0.765218],570,67.0064,[65.6816,139.078,-32.6648],[66.6933,135.486,-30.8034],[7.63823,3.64378,17.9785],false,[71.448,78.8944,64.5464],[68.4134,131.059,18.3163],[71.1745,166.702,-14.0136],[67.9798,148.676,-35.7737],[66.177,131.136,-29.2749],[[[0.992457,-0.0437539,-0.114517],[0.114615,0.66261,0.740143],[0.043496,-0.747685,0.662627]],[[0.991758,-0.119275,-0.0467982],[0.114609,0.66253,0.740215],[-0.0572843,-0.739478,0.670739]],[[0.991758,-0.119275,-0.0467982],[0.0616066,0.764168,-0.642068],[0.112345,0.633893,0.765218]],[[0.991758,-0.119275,-0.0467982],[-0.0849292,-0.338487,-0.937131],[0.0959361,0.933381,-0.345827]]],2],[5703,[-0.186429,-0.633156,-0.751238],570,64.4285,[88.8436,132.331,-26.6313],[90.2939,127.367,-23.9084],[9.95299,-2.99097,15.5117],false,[83.6481,79.5695,63.2693],[90.3746,126.33,22.1361],[99.1204,157.878,-8.2699],[93.9559,140.338,-29.0807],[89.2397,123.595,-22.261],[[[0.976558,-0.20313,-0.0712249],[0.186557,0.633619,0.750816],[-0.107384,-0.746502,0.65666]],[[0.961691,-0.274026,-0.00770106],[0.191922,0.652955,0.732677],[-0.195744,-0.706087,0.680533]],[[0.961691,-0.274026,-0.00770106],[0.200983,0.723895,-0.659987],[0.186429,0.633156,0.751238]],[[0.961691,-0.274026,-0.00770106],[-0.106921,-0.349076,-0.930975],[0.252423,0.896134,-0.365002]]],3],[5704,[-0.335367,-0.537988,-0.773368],570,50.5107,[110.72,125.369,-15.4229],[112.211,118.119,-11.7822],[7.54348,-16.0291,15.7068],false,[95.7841,73.9166,58.4402],[109.96,117.746,23.2224],[126.145,138.376,-0.499603],[119.586,127.853,-15.6258],[109.82,114.602,-10.5123],[[[0.913227,-0.390046,-0.117816],[0.325951,0.525853,0.785642],[-0.244483,-0.755872,0.607359]],[[0.813215,-0.579754,0.0506555],[0.359395,0.568761,0.739828],[-0.45773,-0.583434,0.670886]],[[0.813215,-0.579754,0.0506555],[0.475616,0.611926,-0.63193],[0.335367,0.537988,0.773368]],[[0.813215,-0.579754,0.0506555],[-0.133047,-0.269947,-0.953639],[0.566551,0.768774,-0.29666]]],4]],[[0,200,0],[235.247,235.247,147.751]]]]}