{"metadata":{"formatVersion":2,"generatedBy":"LeapJS Playback 0.2.1","frames":47,"protocolVersion":6,"serviceVersion":"2.2.4+26750","frameRate":"1.1e+2","modified":"Tue Apr 14 2015 22:36:18 GMT-0300 (E. South America Standard Time)"},"frames":[["id","timestamp",{"hands":[["id","type","direction","palmNormal","palmPosition","palmVelocity","stabilizedPalmPosition","pinchStrength","grabStrength","confidence","armBasis","armWidth","elbow","wrist"]]},{"pointables":[["id","direction","handId","length","stabilizedTipPosition","tipPosition","tipVelocity","tool","carpPosition","mcpPosition","pipPosition","dipPosition","btipPosition","bases","type"]]},{"interactionBox":["center","size"]}],[768449,204845567624,[[584,"right",[-0.178527,0.70533,-0.68603],[-0.0454926,-0.702402,-0.710325],[-23.2143,88.5441,39.3098],[52.3124,-30.2778,-57.2626],[-22.6647,98.5413,46.7593],0.830324,0,0.577701,[[0.854889,0.112118,-0.506551],[-0.0841514,0.993407,0.0778566],[0.51194,-0.0239317,0.858688]],63.4116,[131.586,47.9553,308.759],[-5.96893,54.3856,78.0352]]],[[5840,[0.184432,0.251399,-0.950149],584,51.8641,[-31.9285,68.3785,10.5393],[-33.2462,67.2339,-5.15267],[77.1591,-61.6883,-25.1211],false,[-33.7344,41.7221,77.2049],[-33.7344,41.7221,77.2049],[-54.6561,60.3004,36.1582],[-48.3982,68.8305,3.91905],[-27.9249,66.8164,-7.00006],[[[0.401363,0.804351,0.438095],[-0.701001,-0.0380817,0.712143],[0.589496,-0.592933,0.548566]],[[0.246822,0.923906,0.292365],[-0.872755,0.0808124,0.481424],[0.421163,-0.373989,0.826289]],[[0.246822,0.923906,0.292365],[-0.951349,0.288439,-0.108347],[-0.184432,-0.251399,0.950149]],[[0.246822,0.923906,0.292365],[-0.407868,0.372719,-0.833501],[-0.879047,0.0864798,0.468826]]],0],[5841,[-0.0741839,0.85033,-0.520994],584,58.5229,[-64.5312,176.042,-11.5702],[-58.1137,172.854,-14.1492],[92.8318,-49.7032,-118.819],false,[-26.8613,63.6682,82.4576],[-52.0464,105.221,27.6917],[-55.1894,142.195,6.45506],[-56.9738,162.648,-6.07663],[-58.2446,176.874,-15.3019],[[[0.938955,0.212672,-0.270435],[-0.00559775,0.795394,0.606067],[0.343996,-0.567556,0.748029]],[[0.996986,0.0513389,-0.0581681],[0.0248029,0.499491,0.865964],[0.0735121,-0.864797,0.496712]],[[0.996986,0.0513389,-0.0581681],[0.0227148,0.523739,0.851576],[0.0741839,-0.85033,0.520994]],[[0.996986,0.0513389,-0.0581681],[0.0208129,0.545284,0.837993],[0.0747398,-0.836678,0.542572]]],1],[5842,[-0.168737,0.797094,-0.579801],584,66.6821,[-52.1597,185.754,-21.8101],[-45.4959,181.339,-26.4733],[99.4507,-61.4965,-121.568],false,[-15.6906,67.9263,79.7676],[-30.4262,108.904,25.6912],[-38.043,148.396,-0.446355],[-42.818,170.953,-16.854],[-46.1336,185.399,-28.2587],[[[0.963901,-0.0046947,-0.266218],[0.160778,0.807244,0.567897],[0.212237,-0.590199,0.778859]],[[0.961159,0.00272059,-0.275982],[0.22574,0.567564,0.791778],[0.158792,-0.823325,0.544905]],[[0.961159,0.00272059,-0.275982],[0.218406,0.60385,0.766593],[0.168737,-0.797094,0.579801]],[[0.961159,0.00272059,-0.275982],[0.21152,0.635083,0.742919],[0.177293,-0.772439,0.609841]]],2],[5843,[-0.0603977,-0.860267,0.506254],584,64.1166,[-16.018,61.9884,30.4166],[-18.7218,53.235,17.4979],[49.5596,-51.7075,-10.548],false,[-3.99331,69.0743,76.4018],[-7.90338,106.455,26.6701],[-18.3796,81.6547,-8.71589],[-20.0446,57.9389,5.24048],[-18.1249,51.5173,22.584],[[[0.969747,-0.152336,-0.190749],[0.235917,0.78562,0.571965],[0.062725,-0.599662,0.797791]],[[0.97106,-0.168048,-0.16971],[0.0390799,0.8128,-0.58123],[0.235615,0.557778,0.795845]],[[0.97106,-0.168048,-0.16971],[-0.231071,-0.481353,-0.845521],[0.0603977,0.860267,-0.506254]],[[0.97106,-0.168048,-0.16971],[-0.215362,-0.923299,-0.318022],[-0.10325,0.345368,-0.93277]]],3],[5844,[-0.176845,-0.85086,0.494736],584,50.2663,[-0.705146,69.9293,31.5353],[-2.98825,60.4663,19.3286],[48.2126,-54.8581,-13.4806],false,[7.70761,63.3383,70.8531],[12.2486,99.5501,26.1553],[-0.552463,82.027,-1.54436],[-3.9946,65.4658,8.08524],[-2.5956,58.6136,23.7482],[[[0.918089,-0.348416,-0.188996],[0.388485,0.696277,0.603555],[-0.0786942,-0.627539,0.774598]],[[0.920645,-0.320754,-0.222553],[0.141666,0.805685,-0.575154],[0.363791,0.497984,0.78719]],[[0.920645,-0.320754,-0.222553],[-0.34805,-0.416119,-0.840063],[0.176845,0.85086,-0.494736]],[[0.920645,-0.320754,-0.222553],[-0.381787,-0.858804,-0.341605],[-0.0815582,0.399465,-0.913113]]],4]],[[0,200,0],[235.247,235.247,147.751]]],[768450,204845576206,[[584,"right",[-0.171603,0.692638,-0.700575],[-0.0459965,-0.715981,-0.696603],[-22.3506,88.691,38.534],[65.0538,-17.7815,-65.9994],[-22.6599,98.3898,46.6328],0.831869,0,0.582926,[[0.856248,0.104531,-0.505878],[-0.0761843,0.994157,0.0764765],[0.510917,-0.0269428,0.859208]],63.4116,[131.814,47.9706,308.866],[-5.46601,55.21,78.003]]],[[5840,[0.193604,0.230927,-0.953515],584,51.8641,[-31.8964,68.239,9.38171],[-32.1387,66.5205,-5.36318],[91.461,-68.016,-24.252],false,[-33.2948,42.679,77.2913],[-33.2948,42.679,77.2913],[-53.9481,60.5819,35.8109],[-47.379,68.4174,3.45761],[-26.7649,65.9848,-7.10548],[[[0.403651,0.810684,0.424095],[-0.70445,-0.0203863,0.709461],[0.583794,-0.585129,0.562858]],[[0.250762,0.927972,0.275657],[-0.87422,0.0947842,0.476188],[0.415761,-0.360395,0.83502]],[[0.250762,0.927972,0.275657],[-0.948491,0.292474,-0.121751],[-0.193604,-0.230927,0.953515]],[[0.250762,0.927972,0.275657],[-0.39208,0.357713,-0.847535],[-0.885094,0.10445,0.45354]]],0],[5841,[-0.0672522,0.840375,-0.537817],584,58.5229,[-64.3646,175.978,-11.6562],[-56.5512,172.13,-16.7146],[116.272,-58.5564,-167.056],false,[-26.3284,64.6875,82.1443],[-51.0396,105.288,26.4558],[-53.8877,141.855,4.48647],[-55.5053,162.069,-8.44986],[-56.6578,176.119,-17.9562],[[[0.941309,0.202371,-0.270155],[-0.00411708,0.807172,0.590302],[0.337521,-0.554544,0.760632]],[[0.997502,0.0449465,-0.0545023],[0.0235196,0.516195,0.856148],[0.0666147,-0.855291,0.513848]],[[0.997502,0.0449465,-0.0545023],[0.0216294,0.540138,0.841298],[0.0672522,-0.840375,0.537817]],[[0.997502,0.0449465,-0.0545023],[0.0199069,0.561399,0.827306],[0.0677821,-0.826324,0.559101]]],1],[5842,[-0.161753,0.786473,-0.596068],584,66.6821,[-51.8713,185.593,-22.0325],[-43.8285,180.304,-29.1466],[124.473,-76.8391,-172.365],false,[-15.1229,68.8331,79.4236],[-29.391,108.817,24.4847],[-36.6733,147.831,-2.45443],[-41.2507,170.087,-19.3224],[-44.4357,184.323,-31.0234],[[[0.965072,-0.0149987,-0.261554],[0.162493,0.817394,0.552687],[0.205503,-0.575883,0.791282]],[[0.962423,-0.00778605,-0.271442],[0.225151,0.581722,0.781605],[0.151818,-0.81335,0.561616]],[[0.962423,-0.00778605,-0.271442],[0.218123,0.617576,0.75566],[0.161753,-0.786473,0.596068]],[[0.962423,-0.00778605,-0.271442],[0.211509,0.648403,0.731326],[0.17031,-0.761258,0.625684]]],2],[5843,[-0.0662327,-0.847757,0.526233],584,64.1166,[-16.0897,61.606,29.9391],[-17.9176,52.8853,17.6582],[60.9928,-48.4577,-2.60941],false,[-3.40433,69.8532,76.0908],[-6.88634,106.269,25.617],[-17.3434,80.6828,-9.21063],[-19.1693,57.3119,5.29651],[-17.3507,51.2656,22.7853],[[[0.969781,-0.161157,-0.183174],[0.237496,0.79546,0.55753],[0.0558579,-0.584185,0.809696]],[[0.97091,-0.176377,-0.161941],[0.044964,0.798588,-0.600196],[0.235184,0.575455,0.783288]],[[0.97091,-0.176377,-0.161941],[-0.230101,-0.500199,-0.834778],[0.0662327,0.847757,-0.526233]],[[0.97091,-0.176377,-0.161941],[-0.218556,-0.929058,-0.298469],[-0.0978092,0.32518,-0.94058]]],3],[5844,[-0.183368,-0.837295,0.515086],584,50.2663,[-0.764967,69.5042,31.0614],[-2.18706,60.0657,19.3963],[59.6645,-52.4608,-7.00966],false,[8.29102,63.9477,70.7107],[13.2306,99.2495,25.3323],[0.449557,81.0975,-1.96874],[-3.11954,64.8003,8.05697],[-1.83559,58.3023,23.8799],[[[0.917067,-0.35689,-0.177815],[0.389437,0.705953,0.591582],[-0.0856007,-0.611768,0.786392]],[[0.919845,-0.33098,-0.210563],[0.148174,0.790154,-0.594728],[0.36322,0.515858,0.775862]],[[0.919845,-0.33098,-0.210563],[-0.346786,-0.435189,-0.830873],[0.183368,0.837295,-0.515086]],[[0.919845,-0.33098,-0.210563],[-0.385074,-0.864263,-0.323678],[-0.0748509,0.378816,-0.92244]]],4]],[[0,200,0],[235.247,235.247,147.751]]],[768451,204845584924,[[584,"right",[-0.169551,0.689068,-0.704583],[-0.0464587,-0.719728,-0.6927],[-21.5932,88.6485,38.1987],[70.8886,-14.3312,-58.6408],[-22.643,98.2355,46.4992],0.836941,0,0.587542,[[0.85754,0.101852,-0.504234],[-0.073776,0.994421,0.075398],[0.5091,-0.0274564,0.860269]],63.4116,[131.977,47.9784,309.02],[-4.81427,55.3558,77.8714]]],[[5840,[0.199242,0.224179,-0.953964],584,51.8641,[-31.7614,68.0286,7.96086],[-31.2124,66.1843,-5.34244],[95.8276,-61.4274,-15.9429],false,[-32.6644,42.8704,77.1961],[-32.6644,42.8704,77.1961],[-53.3054,60.5991,35.6348],[-46.545,68.2057,3.26622],[-25.7935,65.5571,-6.97088],[[[0.404599,0.812293,0.420095],[-0.705313,-0.0152239,0.708733],[0.582094,-0.583051,0.566761]],[[0.252246,0.928946,0.270983],[-0.873912,0.0984448,0.476011],[0.415512,-0.356887,0.836649]],[[0.252246,0.928946,0.270983],[-0.946929,0.294625,-0.128536],[-0.199242,-0.224179,0.953964]],[[0.252246,0.928946,0.270983],[-0.377495,0.352317,-0.85637],[-0.890993,0.113721,0.439543]]],0],[5841,[-0.0651365,0.837585,-0.54241],584,58.5229,[-64.177,175.907,-11.7599],[-55.5788,171.856,-17.5314],[114.939,-51.4268,-147.876],false,[-25.6646,64.893,81.9359],[-50.2384,105.229,25.9954],[-52.9961,141.682,3.82504],[-54.5628,161.829,-9.22176],[-55.6793,175.83,-18.8045],[[[0.941982,0.199207,-0.270158],[-0.00336833,0.810421,0.585838],[0.335645,-0.550939,0.764073]],[[0.997642,0.0428824,-0.0535854],[0.0234508,0.520784,0.853366],[0.0645008,-0.852611,0.51855]],[[0.997642,0.0428824,-0.0535854],[0.0216225,0.544621,0.838403],[0.0651365,-0.837585,0.54241]],[[0.997642,0.0428824,-0.0535854],[0.0199559,0.565785,0.824312],[0.0656663,-0.823437,0.563595]]],1],[5842,[-0.159601,0.783512,-0.60053],584,66.6821,[-51.5516,185.422,-22.282],[-42.8239,179.939,-29.9961],[122.026,-67.631,-152.742],false,[-14.4485,69.0036,79.2056],[-28.5813,108.709,24.0303],[-35.7596,147.59,-3.12793],[-40.2761,169.763,-20.1222],[-43.4212,183.941,-31.9047],[[[0.965349,-0.0181533,-0.260332],[0.163303,0.82014,0.548364],[0.203554,-0.571875,0.794685]],[[0.962732,-0.0110133,-0.270231],[0.225279,0.585525,0.778723],[0.149651,-0.81058,0.566185]],[[0.962732,-0.0110133,-0.270231],[0.218343,0.621279,0.752555],[0.159601,-0.783512,0.60053]],[[0.962732,-0.0110133,-0.270231],[0.211809,0.65201,0.728025],[0.168176,-0.75813,0.630044]]],2],[5843,[-0.0676951,-0.843593,0.532698],584,64.1166,[-16.1327,61.19,29.4324],[-17.1814,52.6693,17.6751],[67.102,-42.3055,-1.78058],false,[-2.72428,69.9845,75.881],[-6.08251,106.128,25.2031],[-16.5527,80.2637,-9.41482],[-18.4189,57.0076,5.27056],[-16.6255,51.0685,22.7986],[[[0.969706,-0.163885,-0.181142],[0.238261,0.798099,0.553416],[0.0538723,-0.57981,0.812969]],[[0.970778,-0.178902,-0.159947],[0.0462471,0.793486,-0.606829],[0.235479,0.581699,0.778573]],[[0.970778,-0.178902,-0.159947],[-0.230231,-0.506304,-0.831053],[0.0676951,0.843593,-0.532698]],[[0.970778,-0.178902,-0.159947],[-0.21974,-0.930573,-0.292827],[-0.0964554,0.319417,-0.942692]]],3],[5844,[-0.185464,-0.831553,0.523567],584,50.2663,[-0.795477,69.0424,30.5605],[-1.46582,59.8355,19.4209],[65.4655,-45.479,-3.8849],false,[8.9668,64.0287,70.5473],[14.0222,99.071,24.9809],[1.23089,80.6536,-2.13707],[-2.37901,64.4681,8.05371],[-1.1355,58.1033,23.9339],[[[0.916637,-0.359492,-0.174766],[0.390003,0.708512,0.58814],[-0.0876079,-0.60727,0.789651]],[[0.919408,-0.334903,-0.206225],[0.150158,0.783514,-0.602957],[0.363512,0.523398,0.770658]],[[0.919408,-0.334903,-0.206225],[-0.346831,-0.443124,-0.826649],[0.185464,0.831553,-0.523567]],[[0.919408,-0.334903,-0.206225],[-0.386566,-0.866118,-0.31687],[-0.072494,0.371052,-0.925778]]],4]],[[0,200,0],[235.247,235.247,147.751]]],[768452,204845593767,[[584,"right",[-0.167627,0.691579,-0.70258],[-0.0461457,-0.717387,-0.695145],[-20.776,88.6521,38.0915],[76.7108,-10.3456,-46.0569],[-22.6101,98.0666,46.351],0.834928,0,0.593036,[[0.858832,0.100934,-0.502214],[-0.0734644,0.99453,0.0742484],[0.506962,-0.0268721,0.86155]],63.4116,[132.118,47.9893,309.174],[-4.09925,55.2097,77.6814]]],[[5840,[0.202337,0.226853,-0.952679],584,51.8641,[-31.5007,67.8097,6.36973],[-30.3053,66.3241,-5.40006],[96.5989,-40.9562,-13.0471],false,[-31.9624,42.7583,76.9197],[-31.9624,42.7583,76.9197],[-52.5899,60.6683,35.4294],[-45.7245,68.3655,3.10448],[-24.9053,65.673,-6.98272],[[[0.404833,0.810443,0.423428],[-0.706481,-0.0167595,0.707533],[0.580512,-0.585577,0.565778]],[[0.253039,0.927656,0.274637],[-0.873811,0.0973026,0.476431],[0.415241,-0.360536,0.835218]],[[0.253039,0.927656,0.274637],[-0.946061,0.296635,-0.130296],[-0.202337,-0.226853,0.952679]],[[0.253039,0.927656,0.274637],[-0.370024,0.35509,-0.858483],[-0.893898,0.115608,0.433107]]],0],[5841,[-0.0633163,0.839509,-0.539644],584,58.5229,[-63.9445,175.834,-11.8724],[-54.5751,172.094,-17.4016],[114.454,-30.5758,-104.118],false,[-24.9454,64.7571,81.7434],[-49.3825,105.305,25.8965],[-52.0634,141.836,3.84545],[-53.5863,162.029,-9.13483],[-54.6716,176.064,-18.671],[[[0.942645,0.199027,-0.267971],[-0.003405,0.808488,0.588502],[0.333779,-0.553836,0.762795]],[[0.997775,0.0419329,-0.0518347],[0.0226621,0.517863,0.855164],[0.0627028,-0.854435,0.51576]],[[0.997775,0.0419329,-0.0518347],[0.0208869,0.541725,0.840296],[0.0633163,-0.839509,0.539644]],[[0.997775,0.0419329,-0.0518347],[0.0192687,0.562916,0.82629],[0.0638273,-0.82545,0.560855]]],1],[5842,[-0.157686,0.785718,-0.598149],584,66.6821,[-51.1672,185.247,-22.5442],[-41.7878,180.204,-29.8217],[120.705,-41.56,-106.276],false,[-13.7202,68.864,79.0449],[-27.7184,108.767,23.9781],[-34.8057,147.749,-3.05954],[-39.268,169.984,-19.9864],[-42.377,184.205,-31.7267],[[[0.96575,-0.0183912,-0.258824],[0.163338,0.818141,0.55133],[0.201615,-0.574723,0.793124]],[[0.963166,-0.0112372,-0.268674],[0.22468,0.582605,0.781083],[0.147754,-0.812678,0.56367]],[[0.963166,-0.0112372,-0.268674],[0.217823,0.618483,0.755004],[0.157686,-0.785718,0.598149]],[[0.963166,-0.0112372,-0.268674],[0.211361,0.649328,0.730547],[0.166248,-0.760425,0.627786]]],2],[5843,[-0.0684736,-0.843156,0.533291],584,64.1166,[-16.1362,60.7532,28.9008],[-16.3439,52.6801,17.676],[74.4887,-30.9453,-1.1102],false,[-1.98949,69.8425,75.7426],[-5.22446,106.157,25.1789],[-15.678,80.263,-9.4221],[-17.5657,57.0189,5.27962],[-15.7961,51.0616,22.8039],[[[0.969813,-0.164388,-0.180108],[0.238263,0.795999,0.556432],[0.051895,-0.582548,0.811138]],[[0.970832,-0.179428,-0.15903],[0.047016,0.792881,-0.60756],[0.235105,0.582362,0.778191]],[[0.970832,-0.179428,-0.15903],[-0.229774,-0.506847,-0.830849],[0.0684736,0.843156,-0.533291]],[[0.970832,-0.179428,-0.15903],[-0.220061,-0.930135,-0.293975],[-0.0951721,0.320396,-0.942491]]],3],[5844,[-0.18746,-0.8307,0.52421],584,50.2663,[-0.787072,68.5592,30.037],[-0.662051,59.8329,19.4169],[71.9525,-33.4424,-2.66631],false,[9.70351,63.8911,70.4083],[14.8726,99.0776,24.9659],[2.09644,80.637,-2.14337],[-1.5523,64.4682,8.05993],[-0.355201,58.0921,23.9392],[[[0.916513,-0.359954,-0.174463],[0.389846,0.706126,0.591106],[-0.0895781,-0.60977,0.7875]],[[0.919263,-0.336423,-0.204387],[0.152074,0.782421,-0.603896],[0.363082,0.524058,0.770412]],[[0.919263,-0.336423,-0.204387],[-0.346141,-0.443573,-0.826698],[0.18746,0.8307,-0.52421]],[[0.919263,-0.336423,-0.204387],[-0.387407,-0.865246,-0.318222],[-0.069788,0.371711,-0.925722]]],4]],[[0,200,0],[235.247,235.247,147.751]]],[768453,204845602780,[[584,"right",[-0.166751,0.693298,-0.701093],[-0.0453731,-0.715691,-0.696942],[-20.2638,88.6419,38.0262],[71.2427,-7.81355,-35.3854],[-22.5632,97.8782,46.1846],0.8302,0,0.597798,[[0.859616,0.101076,-0.500844],[-0.0739217,0.994527,0.0738323],[0.505565,-0.0264443,0.862383]],63.4116,[132.206,47.9967,309.271],[-3.63607,55.1021,77.5543]]],[[5840,[0.204291,0.228991,-0.95175],584,51.8641,[-31.15,67.5973,4.73062],[-29.7157,66.4111,-5.45191],[87.273,-27.2273,-11.1008],false,[-31.4991,42.6545,76.7295],[-31.4991,42.6545,76.7295],[-52.1195,60.6787,35.2851],[-45.1878,68.4485,2.9917],[-24.332,65.7533,-7.01889],[[[0.404387,0.809383,0.425876],[-0.707317,-0.0184316,0.706656],[0.579805,-0.586992,0.565036]],[[0.252882,0.926908,0.277294],[-0.873925,0.0958732,0.476512],[0.415097,-0.362835,0.834293]],[[0.252882,0.926908,0.277294],[-0.945683,0.297329,-0.131452],[-0.204291,-0.228991,0.95175]],[[0.252882,0.926908,0.277294],[-0.366313,0.357002,-0.859282],[-0.89547,0.11572,0.429818]]],0],[5841,[-0.0626319,0.840887,-0.537574],584,58.5229,[-63.6553,175.752,-12.0011],[-53.9904,172.233,-17.2869],[100.725,-18.2319,-72.2216],false,[-24.4863,64.6411,81.615],[-48.8549,105.327,25.8381],[-51.5076,141.913,3.87603],[-53.0142,162.14,-9.05446],[-54.0874,176.199,-18.5557],[[[0.942974,0.199613,-0.266374],[-0.00404565,0.807055,0.590463],[0.332842,-0.555713,0.761839]],[[0.997837,0.0419964,-0.0505646],[0.0216973,0.515704,0.856492],[0.062046,-0.855737,0.513678]],[[0.997837,0.0419964,-0.0505646],[0.0199429,0.539578,0.841699],[0.0626319,-0.840887,0.537574]],[[0.997837,0.0419964,-0.0505646],[0.0183442,0.560782,0.82776],[0.0631187,-0.826898,0.558799]]],1],[5842,[-0.156878,0.787229,-0.596373],584,66.6821,[-50.7061,185.058,-22.8335],[-41.1849,180.373,-29.6748],[105.892,-25.2834,-72.7795],false,[-13.2577,68.7537,78.9397],[-27.1882,108.792,23.9536],[-34.2383,147.843,-2.99373],[-38.6777,170.12,-19.8703],[-41.7711,184.37,-31.5791],[[[0.966053,-0.0178285,-0.257728],[0.162742,0.816787,0.553511],[0.20064,-0.576664,0.791961]],[[0.963489,-0.0106713,-0.267535],[0.223801,0.580598,0.782828],[0.146977,-0.814121,0.561788]],[[0.963489,-0.0106713,-0.267535],[0.216976,0.616569,0.756812],[0.156878,-0.787229,0.596373]],[[0.963489,-0.0106713,-0.267535],[0.210541,0.647499,0.732406],[0.165413,-0.761992,0.626105]]],2],[5843,[-0.0678518,-0.841746,0.535594],584,64.1166,[-16.1091,60.3017,28.3602],[-15.7756,52.6619,17.7916],[71.3457,-23.2901,3.16148],false,[-1.52306,69.7395,75.6536],[-4.69594,106.177,25.1746],[-15.1225,80.1839,-9.36014],[-16.993,56.9787,5.40507],[-15.2291,51.0373,22.9353],[[[0.970014,-0.164017,-0.179363],[0.237659,0.794626,0.558647],[0.050899,-0.584523,0.809779]],[[0.971005,-0.179055,-0.158394],[0.046477,0.791323,-0.609629],[0.234498,0.584591,0.776701]],[[0.971005,-0.179055,-0.158394],[-0.229228,-0.509317,-0.829488],[0.0678518,0.841746,-0.535594]],[[0.971005,-0.179055,-0.158394],[-0.219429,-0.930501,-0.293289],[-0.0948705,0.319541,-0.942811]]],3],[5844,[-0.188045,-0.829792,0.525437],584,50.2663,[-0.749983,68.0627,29.5029],[-0.136758,59.8235,19.463],[67.9375,-24.6589,-0.305039],false,[10.1758,63.8002,70.3186],[15.4009,99.0968,24.9682],[2.64509,80.6049,-2.11578],[-1.01505,64.4537,8.1114],[0.155594,58.0789,23.9931],[[[0.916694,-0.359592,-0.174257],[0.389196,0.704658,0.593282],[-0.0905478,-0.611678,0.785908]],[[0.9194,-0.336892,-0.202995],[0.152626,0.781241,-0.605284],[0.362503,0.525516,0.769691]],[[0.9194,-0.336892,-0.202995],[-0.345459,-0.444915,-0.826262],[0.188045,0.829792,-0.525437]],[[0.9194,-0.336892,-0.202995],[-0.387357,-0.865096,-0.318691],[-0.0682456,0.371636,-0.925867]]],4]],[[0,200,0],[235.247,235.247,147.751]]],[768454,204845611046,[[584,"right",[-0.168715,0.684276,-0.709438],[-0.0385159,-0.723783,-0.688952],[-19.4301,88.9268,37.2328],[78.8064,2.98499,-50.8597],[-22.5026,97.705,46.0114],0.828436,0,0.606893,[[0.860975,0.107016,-0.497262],[-0.0777747,0.993819,0.0792182],[0.502666,-0.0295305,0.863976]],63.4116,[132.336,48.0063,309.337],[-2.72659,55.9409,77.1926]]],[[5840,[0.207023,0.219397,-0.953418],584,51.8641,[-30.6592,67.3662,3.18366],[-28.5642,66.1417,-5.93882],[99.882,-28.3028,-23.2128],false,[-30.508,43.3092,76.4159],[-30.508,43.3092,76.4159],[-51.1423,60.7517,34.7303],[-44.1178,68.196,2.38027],[-23.1846,65.4912,-7.46463],[[[0.397854,0.816673,0.41804],[-0.709583,-0.0149188,0.704464],[0.581554,-0.576907,0.573562]],[[0.24631,0.931451,0.267825],[-0.875668,0.0954427,0.473388],[0.415376,-0.351126,0.83915]],[[0.24631,0.931451,0.267825],[-0.946823,0.290282,-0.138792],[-0.207023,-0.219397,0.953418]],[[0.24631,0.931451,0.267825],[-0.362625,0.344836,-0.865789],[-0.898796,0.116132,0.422704]]],0],[5841,[-0.0660878,0.834414,-0.547162],584,58.5229,[-63.3949,175.668,-12.1582],[-53.4909,171.686,-19.1186],[90.1332,-30.3711,-110.872],false,[-23.65,65.3933,81.0758],[-48.0837,105.292,24.7618],[-50.8917,141.613,2.38168],[-52.4813,161.684,-10.7794],[-53.6105,175.629,-20.4407],[[[0.942602,0.202541,-0.265477],[-0.0111131,0.813625,0.581283],[0.333733,-0.544969,0.769176]],[[0.99772,0.0477254,-0.0477269],[0.0155627,0.525397,0.850715],[0.0656763,-0.849518,0.523456]],[[0.99772,0.0477254,-0.0477269],[0.0137104,0.549068,0.835665],[0.0660878,-0.834414,0.547162]],[[0.99772,0.0477254,-0.0477269],[0.0120274,0.570084,0.821498],[0.0664147,-0.820199,0.56821]]],1],[5842,[-0.159742,0.779486,-0.605709],584,66.6821,[-50.3011,184.875,-23.1513],[-40.692,179.766,-31.5576],[93.8626,-37.5056,-112.836],false,[-12.4383,69.5463,78.3916],[-26.4329,108.873,22.9103],[-33.6338,147.574,-4.49681],[-38.1543,169.633,-21.6376],[-41.2965,183.731,-33.5166],[[[0.967015,-0.0146391,-0.254297],[0.155735,0.823992,0.544779],[0.201563,-0.566412,0.799093]],[[0.964447,-0.00762792,-0.264167],[0.2175,0.590716,0.777013],[0.15012,-0.806844,0.571373]],[[0.964447,-0.00762792,-0.264167],[0.210535,0.626373,0.750555],[0.159742,-0.779486,0.605709]],[[0.964447,-0.00762792,-0.264167],[0.203986,0.657007,0.725763],[0.168023,-0.753846,0.635204]]],2],[5843,[-0.063623,-0.83457,0.547216],584,64.1166,[-16.022,59.8806,27.8404],[-14.626,52.7124,17.5839],[88.5484,-15.4102,-4.23268],false,[-0.698991,70.5689,75.1336],[-3.92894,106.413,24.2355],[-14.0823,79.8645,-9.9558],[-15.8363,56.8571,5.12979],[-14.0854,51.1549,22.7406],[[[0.971627,-0.159906,-0.174271],[0.230772,0.802364,0.550414],[0.0518145,-0.575014,0.816501]],[[0.972638,-0.174625,-0.153238],[0.0427841,0.78293,-0.620637],[0.228353,0.597099,0.768978]],[[0.972638,-0.174625,-0.153238],[-0.223446,-0.522493,-0.822845],[0.063623,0.83457,-0.547216]],[[0.972638,-0.174625,-0.153238],[-0.212389,-0.935658,-0.281842],[-0.0941622,0.306676,-0.947145]]],3],[5844,[-0.184183,-0.82193,0.538988],584,50.2663,[-0.657888,67.61,28.9979],[0.935008,59.9765,19.2728],[83.4682,-13.5202,-5.26881],false,[11.055,64.6438,69.905],[16.2125,99.4586,24.176],[3.64808,80.4207,-2.61752],[0.0631151,64.4225,7.8734],[1.2158,58.2918,23.8523],[[[0.919518,-0.355744,-0.167131],[0.382751,0.713751,0.586567],[-0.0893774,-0.603329,0.792468]],[[0.922086,-0.334375,-0.194809],[0.149207,0.771671,-0.618273],[0.357064,0.541034,0.761438]],[[0.922086,-0.334375,-0.194809],[-0.340344,-0.461112,-0.819476],[0.184183,0.82193,-0.538988]],[[0.922086,-0.334375,-0.194809],[-0.381106,-0.872041,-0.307089],[-0.0671989,0.357406,-0.931529]]],4]],[[0,200,0],[235.247,235.247,147.751]]],[768455,204845620010,[[584,"right",[-0.173471,0.675811,-0.716371],[-0.0332336,-0.731002,-0.681566],[-18.4902,89.1674,36.3684],[85.934,9.51102,-63.3295],[-22.4151,97.5189,45.8011],0.828168,0,0.617589,[[0.862981,0.113266,-0.492377],[-0.0825704,0.993062,0.0837241],[0.498444,-0.0315965,0.866346]],63.4116,[132.37,48.2194,309.444],[-1.55862,56.7092,76.663]]],[[5840,[0.207945,0.210787,-0.955158],584,51.8641,[-29.9199,67.0738,1.47547],[-27.3749,65.8672,-6.45055],[108.834,-28.7779,-32.3637],false,[-29.2491,43.8723,76.012],[-29.2491,43.8723,76.012],[-50.0339,60.7711,34.1775],[-42.9782,67.9232,1.76838],[-21.9814,65.223,-7.94139],[[[0.391946,0.823697,0.409759],[-0.709579,-0.0128232,0.70451],[0.585557,-0.566886,0.579452]],[[0.239972,0.935667,0.258729],[-0.875984,0.0938376,0.473124],[0.418408,-0.340179,0.842148]],[[0.239972,0.935667,0.258729],[-0.948247,0.283013,-0.143984],[-0.207945,-0.210787,0.955158]],[[0.239972,0.935667,0.258729],[-0.360085,0.333296,-0.871351],[-0.901528,0.115935,0.416902]]],0],[5841,[-0.0719543,0.82838,-0.555525],584,58.5229,[-63.1475,175.577,-12.343],[-53.1296,171.117,-20.8087],[76.2709,-39.3681,-132.628],false,[-22.5496,66.051,80.4479],[-47.2577,105.201,23.7289],[-50.3212,141.273,0.983646],[-52.052,161.198,-12.3786],[-53.2792,175.038,-22.1793],[[[0.941179,0.206554,-0.267429],[-0.0170167,0.819389,0.572985],[0.33748,-0.53473,0.774707]],[[0.997361,0.0543622,-0.04812],[0.0116787,0.534041,0.845378],[0.0716546,-0.843709,0.531997]],[[0.997361,0.0543622,-0.04812],[0.00966206,0.557522,0.830106],[0.0719543,-0.82838,0.555525]],[[0.997361,0.0543622,-0.04812],[0.00783323,0.578361,0.815743],[0.0721763,-0.813967,0.576409]]],1],[5842,[-0.165267,0.770909,-0.61513],584,66.6821,[-49.93,184.687,-23.5048],[-40.3828,179.129,-33.376],[77.2302,-48.7335,-140.416],false,[-11.3674,70.2564,77.7227],[-25.6327,108.916,21.8433],[-33.1027,147.248,-6.00835],[-37.7796,169.064,-23.4158],[-41.0233,182.986,-35.4724],[[[0.967139,-0.0103216,-0.254039],[0.149759,0.830575,0.536393],[0.205462,-0.556811,0.804827]],[[0.964598,-0.00362432,-0.2637],[0.212835,0.601151,0.770272],[0.155732,-0.799127,0.58064]],[[0.964598,-0.00362432,-0.2637],[0.205519,0.636935,0.743019],[0.165267,-0.770909,0.615131]],[[0.964598,-0.00362432,-0.2637],[0.198661,0.667617,0.717511],[0.17345,-0.744496,0.644702]]],2],[5843,[-0.0569947,-0.827785,0.558144],584,64.1166,[-15.8453,59.4092,27.2331],[-13.402,52.7559,17.2572],[101.709,-9.49629,-13.1982],false,[0.364919,71.3296,74.4557],[-3.11197,106.631,23.1957],[-13.0761,79.5599,-10.6399],[-14.6474,56.7396,4.74694],[-12.8498,51.2622,22.4243],[[[0.972773,-0.154731,-0.172542],[0.224948,0.809542,0.542255],[0.0557758,-0.566304,0.822307]],[[0.973882,-0.169169,-0.151447],[0.0365256,0.775041,-0.630855],[0.224099,0.608846,0.760977]],[[0.973882,-0.169169,-0.151447],[-0.219786,-0.534934,-0.815806],[0.0569947,0.827785,-0.558144]],[[0.973882,-0.169169,-0.151447],[-0.205447,-0.940532,-0.270537],[-0.0966745,0.294585,-0.950723]]],3],[5844,[-0.178466,-0.815684,0.550281],584,50.2663,[-0.484081,67.1213,28.4129],[2.0767,60.151,18.8482],[95.3491,-4.09508,-16.7041],false,[12.1618,65.4357,69.2887],[17.0786,99.82,23.2088],[4.64846,80.3256,-3.31785],[1.17477,64.449,7.39288],[2.36089,58.5274,23.448],[[[0.922061,-0.350853,-0.163417],[0.377549,0.722387,0.579322],[-0.0852064,-0.595868,0.798549]],[[0.924408,-0.330583,-0.190223],[0.143827,0.764064,-0.628904],[0.353247,0.554005,0.753853]],[[0.924408,-0.330583,-0.190223],[-0.337075,-0.474735,-0.813023],[0.178466,0.815684,-0.550281]],[[0.924408,-0.330583,-0.190223],[-0.375085,-0.878374,-0.29626],[-0.0691478,0.345215,-0.935973]]],4]],[[0,200,0],[235.247,235.247,147.751]]],[768456,204845628282,[[584,"right",[-0.181562,0.667856,-0.721806],[-0.0324394,-0.737673,-0.674378],[-17.7496,89.2379,35.769],[86.8536,9.26032,-65.6636],[-22.3183,97.3471,45.5931],0.835687,0,0.623634,[[0.86492,0.1179,-0.487866],[-0.0862266,0.992472,0.0869783],[0.494448,-0.0331622,0.868574]],63.4116,[132.457,48.3603,309.657],[-0.39752,57.2708,76.2767]]],[[5840,[0.209276,0.201324,-0.956908],584,51.8641,[-29.0705,66.7246,-0.00228461],[-26.4284,65.4109,-6.51202],[113.214,-36.1537,-25.2866],false,[-28.0113,44.2588,75.901],[-28.0113,44.2588,75.901],[-49.1042,60.6827,34.0317],[-42.0034,67.5137,1.56323],[-20.9192,64.726,-7.93022],[[[0.38908,0.829963,0.399722],[-0.705623,-0.0104389,0.708511],[0.592211,-0.55772,0.581579]],[[0.236415,0.939129,0.249288],[-0.873964,0.0934117,0.476928],[0.424611,-0.330621,0.842849]],[[0.236415,0.939129,0.249288],[-0.948847,0.278397,-0.148942],[-0.209276,-0.201324,0.956908]],[[0.236415,0.939129,0.249288],[-0.352964,0.32204,-0.878468],[-0.905276,0.119693,0.407614]]],0],[5841,[-0.0801199,0.822632,-0.562902],584,58.5229,[-62.9616,175.496,-12.5048],[-53.206,170.434,-21.9797],[54.3752,-50.3273,-135.402],false,[-21.4248,66.5195,80.0884],[-46.6843,104.973,23.1365],[-50.0956,140.808,0.0686751],[-52.0227,160.595,-13.471],[-53.3892,174.334,-23.3944],[[[0.938407,0.209755,-0.274582],[-0.0189495,0.824709,0.56524],[0.345012,-0.525222,0.777887]],[[0.996727,0.060019,-0.0541554],[0.0130086,0.542098,0.840215],[0.0797864,-0.838169,0.539543]],[[0.996727,0.060019,-0.0541554],[0.0107651,0.565398,0.824748],[0.0801199,-0.822632,0.562902]],[[0.996727,0.060019,-0.0541554],[0.00873057,0.586071,0.810213],[0.0803671,-0.808034,0.583629]]],1],[5842,[-0.172175,0.762506,-0.62365],584,66.6821,[-49.6577,184.523,-23.8096],[-40.4992,178.365,-34.7711],[54.9418,-62.3768,-151.319],false,[-10.2839,70.7671,77.2615],[-25.0934,108.803,21.0961],[-32.8894,146.773,-7.15845],[-37.7618,168.351,-24.807],[-41.136,182.102,-37.0237],[[[0.96578,-0.00681955,-0.259271],[0.147551,0.836566,0.527622],[0.2133,-0.547823,0.808946]],[[0.963553,-0.00122738,-0.267515],[0.212485,0.611051,0.76254],[0.162529,-0.79159,0.589041]],[[0.963553,-0.00122738,-0.267515],[0.204747,0.64698,0.734504],[0.172175,-0.762506,0.62365]],[[0.963553,-0.00122738,-0.267515],[0.19751,0.677722,0.708295],[0.180432,-0.735317,0.653264]]],2],[5843,[-0.0481927,-0.821407,0.568303],584,64.1166,[-15.6222,58.9593,26.6533],[-12.5215,52.6408,17.1251],[103.094,-10.404,-14.1339],false,[1.42348,71.881,73.9196],[-2.5519,106.669,22.3457],[-12.538,79.1202,-11.0957],[-13.8665,56.4757,4.57121],[-11.9322,51.2008,22.2956],[[[0.972753,-0.150406,-0.176434],[0.222899,0.816052,0.533269],[0.0637724,-0.558066,0.827342]],[[0.974063,-0.164585,-0.155284],[0.0275745,0.76748,-0.64048],[0.224591,0.619586,0.752112]],[[0.974063,-0.164585,-0.155284],[-0.221086,-0.546079,-0.808034],[0.0481927,0.821407,-0.568303]],[[0.974063,-0.164585,-0.155284],[-0.200945,-0.944685,-0.259213],[-0.104032,0.283694,-0.953255]]],3],[5844,[-0.17033,-0.810035,0.561097],584,50.2663,[-0.273049,66.6742,27.8544],[2.89882,60.1662,18.5131],[96.5153,-2.08799,-22.8483],false,[13.2281,66.0104,68.7439],[17.6801,99.9821,22.3121],[5.2223,80.0994,-3.91155],[1.90697,64.3328,7.00972],[3.21553,58.6026,23.1246],[[[0.923306,-0.346739,-0.165162],[0.376237,0.730193,0.57032],[-0.077152,-0.588719,0.804647]],[[0.925341,-0.327221,-0.191495],[0.135657,0.7574,-0.638704],[0.354036,0.565042,0.745243]],[[0.925341,-0.327221,-0.191495],[-0.33872,-0.486589,-0.805295],[0.17033,0.810035,-0.561097]],[[0.925341,-0.327221,-0.191495],[-0.371382,-0.883929,-0.284155],[-0.0762861,0.334058,-0.93946]]],4]],[[0,200,0],[235.247,235.247,147.751]]],[768457,204845637089,[[584,"right",[-0.187985,0.663885,-0.723822],[-0.0321227,-0.740722,-0.671043],[-16.7232,89.4176,35.4714],[94.8552,12.2624,-57.0721],[-22.1829,97.1552,45.3481],0.843299,0,0.622038,[[0.867216,0.121621,-0.482851],[-0.0893605,0.991982,0.0893669],[0.489849,-0.0343526,0.87113]],63.4116,[132.583,48.476,310.102],[0.963549,57.7063,76.0354]]],[[5840,[0.21281,0.196264,-0.957179],584,51.8641,[-27.8795,66.3404,-1.41617],[-25.1326,65.2846,-6.35899],[125.255,-31.1862,-13.1549],false,[-26.5909,44.5653,75.8435],[-26.5909,44.5653,75.8435],[-47.9181,60.7623,34.0044],[-40.6974,67.4216,1.52674],[-19.5035,64.5508,-7.69381],[[[0.387061,0.833472,0.394345],[-0.702293,-0.010639,0.711808],[0.597468,-0.552459,0.581224]],[[0.234014,0.940871,0.244949],[-0.872305,0.0919332,0.480242],[0.429326,-0.326053,0.84224]],[[0.234014,0.940871,0.244949],[-0.948657,0.276121,-0.154298],[-0.21281,-0.196264,0.957179]],[[0.234014,0.940871,0.244949],[-0.342294,0.315545,-0.885023],[-0.909985,0.123264,0.395896]]],0],[5841,[-0.0865395,0.81987,-0.565971],584,58.5229,[-62.7887,175.419,-12.6578],[-52.8208,170.211,-22.4467],[51.4684,-43.7074,-113.567],false,[-20.0887,66.8741,79.9046],[-45.7887,104.964,22.9055],[-49.4728,140.685,-0.297469],[-51.5544,160.406,-13.911],[-53.0305,174.096,-23.8852],[[[0.936148,0.212902,-0.279822],[-0.0201722,0.827047,0.561771],[0.351028,-0.520256,0.778533]],[[0.996177,0.0643965,-0.0590346],[0.0143749,0.545714,0.837848],[0.0861704,-0.835493,0.542702]],[[0.996177,0.0643965,-0.0590346],[0.0119541,0.568916,0.822309],[0.0865395,-0.81987,0.565971]],[[0.996177,0.0643965,-0.0590346],[0.00975846,0.589499,0.80771],[0.0868145,-0.805198,0.586617]]],1],[5842,[-0.177486,0.757673,-0.628037],584,66.6821,[-49.4119,184.373,-24.0922],[-40.1361,178.106,-35.4058],[52.0931,-55.7933,-133.069],false,[-8.98074,71.1609,77.0079],[-24.2253,108.885,20.7487],[-32.2708,146.653,-7.70544],[-37.2934,168.094,-25.4781],[-40.7684,181.745,-37.7796],[[[0.964596,-0.00347557,-0.263708],[0.146097,0.839511,0.523332],[0.219567,-0.543331,0.810297]],[[0.962681,0.00117734,-0.270637],[0.212398,0.616457,0.758201],[0.167729,-0.787388,0.593201]],[[0.962681,0.00117734,-0.270637],[0.204315,0.652633,0.729606],[0.177486,-0.757673,0.628037]],[[0.962681,0.00117734,-0.270637],[0.196767,0.683539,0.702892],[0.185818,-0.729913,0.657798]]],2],[5843,[-0.0410143,-0.817532,0.574421],584,64.1166,[-15.2931,58.4704,26.0216],[-11.3888,52.6946,17.1564],[110.044,-6.41937,-9.4898],false,[2.70582,72.3144,73.6071],[-1.66867,106.861,21.9031],[-11.6859,78.9764,-11.2499],[-12.8165,56.4387,4.58573],[-10.7718,51.262,22.3267],[[[0.972617,-0.146669,-0.180287],[0.221564,0.81937,0.528718],[0.0701751,-0.554185,0.82943]],[[0.974086,-0.160699,-0.15916],[0.0200069,0.762159,-0.647081],[0.225291,0.627128,0.745623]],[[0.974086,-0.160699,-0.15916],[-0.222428,-0.553007,-0.802938],[0.0410143,0.817532,-0.574421]],[[0.974086,-0.160699,-0.15916],[-0.197643,-0.946922,-0.253529],[-0.109971,0.278416,-0.954144]]],3],[5844,[-0.163593,-0.806752,0.567792],584,50.2663,[0.0310523,66.2076,27.2438],[3.98311,60.3482,18.3617],[103.845,4.34974,-21.3548],false,[14.5136,66.4761,68.4021],[18.5938,100.267,21.8045],[6.10111,80.1428,-4.21738],[2.9169,64.44,6.83421],[4.32877,58.8198,22.9791],[[[0.924134,-0.343178,-0.167942],[0.375468,0.734381,0.565427],[-0.0707087,-0.585588,0.807519]],[[0.92593,-0.324172,-0.193821],[0.12888,0.753546,-0.644638],[0.355026,0.57191,0.73951]],[[0.92593,-0.324172,-0.193821],[-0.340428,-0.494028,-0.800028],[0.163593,0.806752,-0.567792]],[[0.92593,-0.324172,-0.193821],[-0.368618,-0.887446,-0.276697],[-0.0823084,0.327648,-0.941208]]],4]],[[0,200,0],[235.247,235.247,147.751]]],[768458,204845645771,[[584,"right",[-0.192942,0.663863,-0.722537],[-0.0348119,-0.740541,-0.671109],[-15.7833,89.4894,35.4353],[98.4258,11.2012,-42.9807],[-22.0078,96.9454,45.0769],0.846541,0,0.627387,[[0.869407,0.12236,-0.478706],[-0.0904133,0.99189,0.0893279],[0.485754,-0.0343809,0.873419]],63.4116,[132.692,48.5516,310.571],[2.17345,57.7895,75.8894]]],[[5840,[0.21276,0.195863,-0.957273],584,51.8641,[-26.5947,66.0214,-2.53059],[-24.1666,65.3111,-6.11641],[122.473,-22.5014,-1.82351],false,[-25.3631,44.6097,75.8462],[-25.3631,44.6097,75.8462],[-46.9578,60.8406,34.1577],[-39.7387,67.4864,1.6769],[-18.4954,64.5475,-7.40722],[[[0.388075,0.833884,0.392473],[-0.698308,-0.0118679,0.715699],[0.601468,-0.551812,0.577702]],[[0.234768,0.940757,0.244663],[-0.869432,0.0906617,0.485664],[0.43471,-0.326736,0.839209]],[[0.234768,0.940757,0.244663],[-0.948482,0.276791,-0.154173],[-0.21276,-0.195863,0.957273]],[[0.234768,0.940757,0.244663],[-0.336059,0.314728,-0.887699],[-0.912112,0.126182,0.390038]]],0],[5841,[-0.0908469,0.819991,-0.565121],584,58.5229,[-62.62,175.349,-12.7968],[-52.3149,170.262,-22.2399],[53.3392,-30.7172,-77.2345],false,[-18.8698,66.9263,79.8788],[-44.94,104.999,23.0366],[-48.8038,140.724,-0.130729],[-50.9889,160.448,-13.7238],[-52.5399,174.141,-23.6833],[[[0.934276,0.214315,-0.284951],[-0.0182113,0.826829,0.562158],[0.356085,-0.520022,0.77639]],[[0.99574,0.0658253,-0.0645593],[0.0182765,0.545394,0.83798],[0.0903706,-0.835591,0.541868]],[[0.99574,0.0658253,-0.0645593],[0.0157387,0.568579,0.822478],[0.0908469,-0.819991,0.565121]],[[0.99574,0.0658253,-0.0645593],[0.0134347,0.589148,0.807914],[0.0912161,-0.80534,0.585754]]],1],[5842,[-0.180531,0.757906,-0.626887],584,66.6821,[-49.1846,184.244,-24.3361],[-39.6195,178.213,-35.2565],[55.4393,-38.1153,-93.8733],false,[-7.78421,71.2298,76.9218],[-23.3946,108.951,20.7612],[-31.5771,146.737,-7.63004],[-36.6859,168.185,-25.3702],[-40.2208,181.837,-37.6528],[[[0.963119,-0.00202753,-0.269069],[0.147824,0.839541,0.5228],[0.224835,-0.543293,0.808877]],[[0.961517,0.00178534,-0.274739],[0.215372,0.61598,0.757749],[0.170587,-0.78776,0.59189]],[[0.961517,0.00178534,-0.274739],[0.207107,0.652362,0.729062],[0.180531,-0.757906,0.626887]],[[0.961517,0.00178534,-0.274739],[0.199388,0.683443,0.702246],[0.189023,-0.730001,0.656786]]],2],[5843,[-0.0359351,-0.816338,0.576456],584,64.1166,[-14.8934,57.9835,25.4046],[-10.4769,52.6926,17.2746],[108.756,-5.63348,-3.55345],false,[3.88162,72.4009,73.4565],[-0.828996,106.958,21.7894],[-10.996,78.916,-11.1841],[-11.9867,56.4113,4.70755],[-9.83342,51.231,22.4346],[[[0.971805,-0.145238,-0.185744],[0.223348,0.819504,0.527759],[0.0755672,-0.554364,0.828836]],[[0.973403,-0.15919,-0.164755],[0.0141466,0.759539,-0.650307],[0.22866,0.630681,0.74159]],[[0.973403,-0.15919,-0.164755],[-0.226262,-0.555204,-0.800346],[0.0359351,0.816338,-0.576456]],[[0.973403,-0.15919,-0.164755],[-0.197673,-0.947121,-0.25276],[-0.115806,0.278605,-0.953398]]],3],[5844,[-0.15911,-0.805912,0.570254],584,50.2663,[0.396535,65.756,26.6387],[4.86827,60.4337,18.2979],[103.439,5.88434,-17.8039],false,[15.6685,66.581,68.1839],[19.4419,100.393,21.576],[6.82814,80.1994,-4.33338],[3.73119,64.513,6.76611],[5.23925,58.912,22.909],[[[0.923668,-0.341819,-0.173197],[0.377573,0.73472,0.563583],[-0.065392,-0.585958,0.807699]],[[0.92527,-0.32318,-0.19857],[0.124004,0.752467,-0.646851],[0.358467,0.573888,0.736311]],[[0.92527,-0.32318,-0.19857],[-0.344324,-0.496044,-0.797108],[0.15911,0.805912,-0.570254]],[[0.92527,-0.32318,-0.19857],[-0.36898,-0.888221,-0.27371],[-0.0879159,0.326524,-0.941091]]],4]],[[0,200,0],[235.247,235.247,147.751]]],[768459,204845654273,[[584,"right",[-0.19587,0.664706,-0.720973],[-0.0351086,-0.739496,-0.672245],[-14.6907,89.6089,35.3868],[106.297,11.9457,-33.2278],[-21.7767,96.7138,44.7709],0.852257,0,0.633469,[[0.871568,0.123972,-0.474341],[-0.0922327,0.991688,0.0897138],[0.48152,-0.034442,0.875758]],63.4116,[132.801,48.6202,311.055],[3.42021,57.8745,75.7452]]],[[5840,[0.215063,0.196856,-0.956554],584,51.8641,[-25.163,65.8014,-3.36743],[-22.9068,65.4327,-5.96914],[130.157,-13.3657,3.40569],false,[-24.0928,44.6455,75.7466],[-24.0928,44.6455,75.7466],[-45.8013,60.9447,34.1439],[-38.5041,67.6241,1.68746],[-17.1875,64.6436,-7.20978],[[[0.387531,0.83393,0.392913],[-0.696557,-0.0142965,0.717359],[0.603845,-0.551685,0.575339]],[[0.234268,0.940476,0.246218],[-0.868417,0.088598,0.487854],[0.437001,-0.328109,0.837481]],[[0.234268,0.940476,0.246218],[-0.948085,0.277043,-0.156145],[-0.215063,-0.196856,0.956554]],[[0.234268,0.940476,0.246218],[-0.327766,0.314846,-0.890753],[-0.915253,0.127974,0.382014]]],0],[5841,[-0.0936808,0.820808,-0.56347],584,58.5229,[-62.4179,175.273,-12.948],[-51.5043,170.421,-22.0537],[64.2963,-18.0282,-51.5071],false,[-17.6296,66.9671,79.8003],[-43.9049,105.087,23.0841],[-47.8886,140.844,-0.0123962],[-50.1419,160.588,-13.5658],[-51.7414,174.296,-23.4974],[[[0.933202,0.216456,-0.286847],[-0.0183314,0.825868,0.563565],[0.358885,-0.520662,0.774669]],[[0.995462,0.0677184,-0.066857],[0.0193339,0.543989,0.838869],[0.0931764,-0.836355,0.540211]],[[0.995462,0.0677184,-0.066857],[0.0167194,0.567176,0.823427],[0.0936808,-0.820808,0.56347]],[[0.995462,0.0677184,-0.066857],[0.0143453,0.58775,0.808916],[0.0940736,-0.806204,0.584111]]],1],[5842,[-0.182088,0.758851,-0.625292],584,66.6821,[-48.9303,184.117,-24.5827],[-38.7705,178.446,-35.0797],[68.1218,-21.4356,-64.581],false,[-6.55891,71.2952,76.8238],[-22.372,109.081,20.7633],[-30.6263,146.916,-7.54165],[-35.7792,168.391,-25.2366],[-39.3442,182.059,-37.4927],[[[0.962469,0.000139327,-0.271392],[0.147585,0.838942,0.523828],[0.227755,-0.544222,0.807434]],[[0.96116,0.00323063,-0.275974],[0.215778,0.614663,0.758703],[0.172082,-0.788783,0.590092]],[[0.96116,0.00323063,-0.275974],[0.207403,0.651257,0.729965],[0.182088,-0.758851,0.625292]],[[0.96116,0.00323063,-0.275974],[0.199581,0.682523,0.703086],[0.19063,-0.730857,0.655368]]],2],[5843,[-0.0326787,-0.816593,0.576289],584,64.1166,[-14.4049,57.5173,24.7965],[-9.34789,52.821,17.2529],[115.065,-0.25209,-3.85998],false,[5.09642,72.4929,73.3323],[0.199456,107.127,21.7339],[-9.99907,79.0622,-11.2109],[-10.9,56.5504,4.67622],[-8.69091,51.3544,22.3918],[[[0.971612,-0.143192,-0.188325],[0.223157,0.819032,0.528572],[0.0785565,-0.555593,0.827735]],[[0.97328,-0.15712,-0.167447],[0.0107269,0.759551,-0.650359],[0.229369,0.631186,0.740942]],[[0.97328,-0.15712,-0.167447],[-0.227283,-0.555418,-0.799908],[0.0326787,0.816593,-0.576289]],[[0.97328,-0.15712,-0.167447],[-0.196495,-0.947217,-0.253318],[-0.118807,0.279452,-0.952