{"metadata":{"formatVersion":2,"generatedBy":"LeapJS Playback 0.2.1","frames":32,"protocolVersion":6,"serviceVersion":"2.2.4+26750","frameRate":"1.1e+2","modified":"Tue Apr 14 2015 22:36:54 GMT-0300 (E. South America Standard Time)"},"frames":[["id","timestamp",{"hands":[["id","type","direction","palmNormal","palmPosition","palmVelocity","stabilizedPalmPosition","pinchStrength","grabStrength","confidence","armBasis","armWidth","elbow","wrist"]]},{"pointables":[["id","direction","handId","length","stabilizedTipPosition","tipPosition","tipVelocity","tool","carpPosition","mcpPosition","pipPosition","dipPosition","btipPosition","bases","type"]]},{"interactionBox":["center","size"]}],[770806,204888311374,[[586,"right",[-0.162418,0.472687,-0.866134],[0.0203493,-0.875997,-0.481886],[-23.6454,82.1556,42.3334],[76.9662,-26.8505,-12.4739],[-27.9862,84.5557,46.9481],0.854443,0,0.603959,[[0.638762,0.340589,-0.689914],[-0.0319503,0.907655,0.4185],[0.76874,-0.245279,0.590658]],63.72,[200.117,-5.07956,249.653],[-7.44279,61.1458,90.1751]]],[[5860,[0.281174,-0.017486,-0.959497],586,52.1164,[-35.9555,59.7949,5.23897],[-31.7936,50.7093,2.80113],[95.5102,-38.2688,-3.49471],false,[-34.7908,47.3338,91.7165],[-34.7908,47.3338,91.7165],[-55.1691,53.7754,46.6056],[-45.5823,53.1793,13.891],[-27.2711,49.8609,-0.301099],[[[0.347076,0.914339,0.20862],[-0.739653,0.130112,0.660291],[0.576586,-0.383477,0.721453]],[[0.21111,0.976468,0.0440692],[-0.888129,0.172791,0.425876],[0.40824,-0.129046,0.903708]],[[0.21111,0.976468,0.0440692],[-0.936148,0.214951,-0.278249],[-0.281174,0.017486,0.959497]],[[0.21111,0.976468,0.0440692],[-0.585886,0.162499,-0.793934],[-0.782413,0.141788,0.606405]]],0],[5861,[-0.0566488,0.428764,-0.901639],586,58.8075,[-63.3645,142.276,-36.1242],[-57.3278,131.359,-45.1147],[107.985,-41.7586,-33.3604],false,[-28.9701,70.2938,90.801],[-52.4481,93.4648,25.041],[-55.2355,117.02,-10.78],[-56.6048,127.383,-32.573],[-57.4371,132.843,-48.7413],[[[0.945237,0.173896,-0.276201],[-0.0684461,0.933041,0.3532],[0.319127,-0.314953,0.893847]],[[0.996351,0.0820221,-0.0235947],[-0.0554518,0.832266,0.551596],[0.0648802,-0.548275,0.833778]],[[0.996351,0.0820221,-0.0235947],[-0.0638377,0.899685,0.431846],[0.0566488,-0.428764,0.901639]],[[0.996351,0.0820221,-0.0235947],[-0.0700785,0.944008,0.322393],[0.048717,-0.319563,0.946312]]],1],[5862,[-0.374994,0.552317,-0.74453],586,67.0064,[-67.1629,161.211,-30.1997],[-63.8407,150.235,-43.2159],[110.175,-38.9368,-38.5695],false,[-17.7608,74.1859,87.5114],[-30.7833,97.5213,23.0641],[-47.9443,127.6,-10.4624],[-58.6078,143.306,-31.6342],[-65.9243,152.42,-46.3496],[[[0.977388,-0.0318797,-0.209038],[0.0993658,0.941866,0.320959],[0.186654,-0.334472,0.923736]],[[0.905896,0.0478218,-0.420792],[0.229328,0.779927,0.582342],[0.356036,-0.624041,0.695566]],[[0.905896,0.0478218,-0.420792],[0.196806,0.832261,0.518275],[0.374994,-0.552317,0.74453]],[[0.905896,0.0478218,-0.420792],[0.166631,0.873212,0.457968],[0.389342,-0.484988,0.783071]]],2],[5863,[-0.0339142,-0.806948,0.589648],586,64.4285,[-26.1642,45.4624,23.9543],[-16.3486,38.9879,24.9955],[75.5928,-35.5083,5.71222],false,[-5.8761,74.9186,84.4871],[-8.17548,96.5678,25.7521],[-16.696,64.8514,-4.54204],[-17.6355,42.4974,11.7924],[-15.885,37.7423,29.7762],[[[0.983912,-0.151663,-0.0944206],[0.174841,0.926039,0.334487],[0.0367078,-0.345614,0.937658]],[[0.981648,-0.137678,-0.131955],[-0.000320031,0.690753,-0.723091],[0.190702,0.709863,0.678032]],[[0.981648,-0.137678,-0.131955],[-0.187663,-0.574352,-0.796808],[0.0339142,0.806948,-0.589649]],[[0.981648,-0.137678,-0.131955],[-0.166101,-0.957222,-0.236931],[-0.0936903,0.2545,-0.962524]]],3],[5864,[-0.155388,-0.785899,0.598513],586,50.5107,[-10.8821,53.1405,26.6543],[-1.03491,48.0464,28.3031],[75.1867,-34.5649,0.737437],false,[6.3793,68.4049,81.3352],[12.2978,90.7818,28.1701],[1.26758,67.0163,4.42538],[-1.77161,51.6451,16.1316],[-0.791417,46.7943,32.6427],[[[0.939043,-0.341555,-0.0392225],[0.328299,0.85698,0.397246],[-0.102068,-0.385908,0.916873]],[[0.94456,-0.295601,-0.142919],[0.102446,0.678882,-0.727065],[0.311946,0.672116,0.671528]],[[0.94456,-0.295601,-0.142919],[-0.289241,-0.543123,-0.788262],[0.155388,0.785899,-0.598513]],[[0.94456,-0.295601,-0.142919],[-0.323376,-0.91292,-0.24901],[-0.0568665,0.281421,-0.957898]]],4]],[[0,200,0],[235.247,235.247,147.751]]],[770807,204888320029,[[586,"right",[-0.161932,0.470405,-0.867466],[0.0206634,-0.877259,-0.479572],[-22.3472,82.0934,42.1905],[96.3621,-21.6266,-13.5451],[-27.8223,84.4841,46.8098],0.851321,0,0.616896,[[0.641141,0.339627,-0.68818],[-0.0318317,0.907739,0.418326],[0.766763,-0.2463,0.592799]],63.72,[200.854,-5.29104,250.152],[-6.17165,61.21,90.0967]]],[[5860,[0.281748,-0.0199997,-0.95928],586,52.1164,[-35.7018,59.387,5.13776],[-30.4541,50.5383,2.7543],[111.199,-33.3321,-3.85144],false,[-33.52,47.401,91.6584],[-33.52,47.401,91.6584],[-53.8734,53.7234,46.5194],[-44.2671,53.0415,13.8121],[-25.9264,49.6808,-0.331934],[[[0.346919,0.914898,0.20642],[-0.740043,0.131816,0.659516],[0.57618,-0.381558,0.722793]],[[0.211045,0.97659,0.0416248],[-0.888374,0.173869,0.424925],[0.40774,-0.126656,0.904271]],[[0.211045,0.97659,0.0416248],[-0.935991,0.214179,-0.279373],[-0.281748,0.0199997,0.95928]],[[0.211045,0.97659,0.0416248],[-0.584229,0.160166,-0.795628],[-0.783669,0.143594,0.604354]]],0],[5861,[-0.0564146,0.426435,-0.902757],586,58.8075,[-61.9166,140.141,-37.9105],[-55.9922,131.075,-45.4003],[119.97,-39.4503,-33.2685],false,[-27.6996,70.3588,90.686],[-51.1403,93.3561,24.8518],[-53.9196,116.824,-11.0272],[-55.2832,127.131,-32.8472],[-56.1109,132.547,-49.0305],[[[0.945391,0.173208,-0.276107],[-0.0686874,0.933962,0.350709],[0.318619,-0.312592,0.894857]],[[0.996348,0.0820941,-0.0234845],[-0.0557305,0.833594,0.54956],[0.0646921,-0.546244,0.835124]],[[0.996348,0.0820941,-0.0234845],[-0.0640964,0.900785,0.429508],[0.0564146,-0.426435,0.902757]],[[0.996348,0.0820941,-0.0234845],[-0.0703145,0.94487,0.319808],[0.0484442,-0.316989,0.947191]]],1],[5862,[-0.374596,0.550339,-0.746194],586,67.0064,[-66.4182,159.26,-32.4884],[-62.4981,149.947,-43.5591],[122.157,-37.4437,-38.9062],false,[-16.4886,74.2426,87.3927],[-29.4744,97.4082,22.8768],[-46.6177,127.398,-10.7382],[-57.2699,143.048,-31.9573],[-64.5785,152.123,-46.7009],[[[0.977511,-0.0323896,-0.208384],[0.0991429,0.94271,0.318542],[0.186129,-0.332038,0.92472]],[[0.906133,0.0467578,-0.420401],[0.228964,0.781462,0.580424],[0.355667,-0.622198,0.697402]],[[0.906133,0.0467578,-0.420401],[0.196473,0.833631,0.516195],[0.374596,-0.550339,0.746194]],[[0.906133,0.0467578,-0.420401],[0.166328,0.874426,0.455758],[0.38892,-0.482901,0.784568]]],2],[5863,[-0.0338602,-0.803876,0.593832],586,64.4285,[-25.9199,45.3145,23.9943],[-15.0266,38.8438,25.1165],[96.1051,-30.7546,8.65241],false,[-4.60218,74.9678,84.3734],[-6.86819,96.4627,25.5805],[-15.3672,64.5631,-4.52677],[-16.3052,42.2941,11.9236],[-14.5645,37.6051,29.9256],[[[0.983973,-0.151871,-0.0934492],[0.174611,0.926921,0.332156],[0.0361751,-0.34315,0.938584]],[[0.981741,-0.138037,-0.130883],[-0.000429819,0.686441,-0.727185],[0.190222,0.713964,0.673848]],[[0.981741,-0.138037,-0.130883],[-0.187184,-0.578558,-0.793872],[0.0338602,0.803876,-0.593832]],[[0.981741,-0.138037,-0.130883],[-0.165846,-0.958103,-0.233524],[-0.0931645,0.250966,-0.963502]]],3],[5864,[-0.155811,-0.784289,0.600511],586,50.5107,[-10.6026,53.0068,26.7084],[0.269928,47.938,28.2794],[95.1776,-28.7487,-0.364685],false,[7.6553,68.4464,81.2458],[13.6039,90.6839,28.0255],[2.58835,66.8453,4.3474],[-0.459132,51.5055,16.0927],[0.50768,46.6936,32.6159],[[[0.939079,-0.341619,-0.0377789],[0.328035,0.858034,0.395186],[-0.102587,-0.383503,0.917824]],[[0.944655,-0.295993,-0.141473],[0.102831,0.676657,-0.729082],[0.311532,0.674183,0.669645]],[[0.944655,-0.295993,-0.141473],[-0.288702,-0.545233,-0.787002],[0.155811,0.784289,-0.600511]],[[0.944655,-0.295993,-0.141473],[-0.323234,-0.913485,-0.247113],[-0.05609,0.279165,-0.958603]]],4]],[[0,200,0],[235.247,235.247,147.751]]],[770808,204888328778,[[586,"right",[-0.160906,0.465368,-0.870369],[0.0198783,-0.880153,-0.474274],[-20.7973,82.1476,41.8573],[118.018,-14.1691,-20.1229],[-27.5522,84.3943,46.6195],0.846561,0,0.635065,[[0.644502,0.336902,-0.686378],[-0.0301601,0.908195,0.417459],[0.764008,-0.248352,0.595494]],63.72,[201.61,-5.52131,250.681],[-4.67241,61.5336,89.8971]]],[[5860,[0.282011,-0.026069,-0.959057],586,52.1164,[-35.3083,58.8816,5.00785],[-28.9129,50.3617,2.62417],[128.44,-29.77,-6.64507],false,[-32.038,47.7668,91.527],[-32.038,47.7668,91.527],[-52.3652,53.8413,46.3421],[-42.7499,52.9525,13.6425],[-24.3853,49.4797,-0.443434],[[[0.347896,0.915711,0.2011],[-0.74024,0.13666,0.658307],[0.575337,-0.377885,0.72539]],[[0.212166,0.976576,0.0358423],[-0.888348,0.177455,0.423495],[0.407215,-0.121692,0.905189]],[[0.212166,0.976576,0.0358423],[-0.935658,0.213587,-0.280936],[-0.282011,0.026069,0.959057]],[[0.212166,0.976576,0.0358423],[-0.582453,0.155821,-0.79779],[-0.784687,0.148387,0.601869]]],0],[5861,[-0.0555735,0.421153,-0.905285],586,58.8075,[-60.0849,137.92,-39.8375],[-54.343,130.652,-46.0389],[138.159,-41.8449,-43.9279],false,[-26.1898,70.7114,90.4196],[-49.5677,93.3398,24.4354],[-52.3064,116.603,-11.5799],[-53.6497,126.782,-33.461],[-54.4647,132.102,-49.677],[[[0.945745,0.170422,-0.276628],[-0.0677654,0.936136,0.345045],[0.317765,-0.307579,0.896895]],[[0.99645,0.0808195,-0.0235714],[-0.0549876,0.836825,0.544702],[0.0637477,-0.541472,0.838298]],[[0.99645,0.0808195,-0.0235714],[-0.0632375,0.903381,0.42415],[0.0555735,-0.421153,0.905285]],[[0.99645,0.0808195,-0.0235714],[-0.0693676,0.946859,0.31408],[0.0477026,-0.31133,0.949104]]],1],[5862,[-0.373554,0.546276,-0.749693],586,67.0064,[-65.2899,157.167,-35.0037],[-60.8242,149.531,-44.3194],[140.746,-40.0869,-51.8289],false,[-14.9724,74.562,87.1091],[-27.8959,97.3544,22.4479],[-44.9861,127.162,-11.356],[-55.6086,142.696,-32.6746],[-62.8988,151.69,-47.4765],[[[0.977583,-0.0348023,-0.207653],[0.100092,0.944491,0.312918],[0.185236,-0.326688,0.926802]],[[0.906408,0.0431573,-0.420194],[0.229586,0.784668,0.575836],[0.354564,-0.618412,0.701321]],[[0.906408,0.0431573,-0.420194],[0.197187,0.836493,0.51127],[0.373554,-0.546276,0.749693]],[[0.906408,0.0431573,-0.420194],[0.167119,0.876961,0.450566],[0.387939,-0.478619,0.787672]]],2],[5863,[-0.0345895,-0.797973,0.6017],586,64.4285,[-25.5443,45.112,24.0533],[-13.5016,38.7471,25.2482],[117.136,-25.6461,11.6074],false,[-3.0835,75.255,84.092],[-5.2923,96.3983,25.1696],[-13.8095,64.1893,-4.60125],[-14.7677,42.0838,12.0671],[-13.0404,37.535,30.1063],[[[0.983842,-0.153598,-0.0919971],[0.175534,0.928696,0.326668],[0.0352619,-0.337538,0.940651]],[[0.981662,-0.14006,-0.129314],[0.000102867,0.67875,-0.734369],[0.190628,0.720889,0.666318]],[[0.981662,-0.14006,-0.129314],[-0.187463,-0.586194,-0.788184],[0.0345894,0.797973,-0.6017]],[[0.981662,-0.14006,-0.129314],[-0.16671,-0.959744,-0.226051],[-0.0924482,0.243464,-0.965494]]],3],[5864,[-0.157127,-0.780255,0.605404],586,50.5107,[-10.1841,52.8286,26.7766],[1.78352,47.8671,28.195],[115.944,-23.2457,-2.94056],false,[9.1679,68.7002,81.0103],[15.1715,90.61,27.6605],[4.13923,66.6212,4.14249],[1.06602,51.3603,15.9835],[2.0138,46.6436,32.5352],[[[0.938692,-0.342954,-0.0352105],[0.328842,0.860007,0.390194],[-0.103537,-0.377851,0.920059]],[[0.944379,-0.298034,-0.139008],[0.103921,0.671495,-0.733686],[0.312007,0.678432,0.665118]],[[0.944379,-0.298034,-0.139008],[-0.288893,-0.549889,-0.783686],[0.157127,0.780255,-0.605404]],[[0.944379,-0.298034,-0.139008],[-0.324229,-0.914491,-0.242037],[-0.0549859,0.273645,-0.960258]]],4]],[[0,200,0],[235.247,235.247,147.751]]],[770809,204888337344,[[586,"right",[-0.158215,0.465858,-0.8706],[0.0220224,-0.879821,-0.474795],[-19.5598,82.192,41.5796],[124.983,-9.07551,-23.3605],[-27.1758,84.2906,46.3821],0.842808,0,0.642437,[[0.646813,0.338218,-0.683551],[-0.0319864,0.907527,0.418773],[0.761977,-0.249004,0.597819]],63.72,[202.147,-5.67571,251.071],[-3.58642,61.5552,89.6602]]],[[5860,[0.284962,-0.0251786,-0.958208],586,52.1164,[-34.7746,58.3175,4.84086],[-27.5251,50.4278,2.30746],[136.919,-19.8248,-14.5752],false,[-30.9492,47.7709,91.1875],[-30.9492,47.7709,91.1875],[-51.1352,53.8657,45.9421],[-41.4192,53.0072,13.2714],[-22.9957,49.5524,-0.741624],[[[0.34666,0.915783,0.202901],[-0.742563,0.135774,0.655871],[0.573086,-0.378031,0.727093]],[[0.211457,0.976678,0.0372215],[-0.889807,0.176613,0.420773],[0.404386,-0.122096,0.906402]],[[0.211457,0.976678,0.0372215],[-0.934924,0.213227,-0.28364],[-0.284962,0.0251786,0.958208]],[[0.211457,0.976678,0.0372215],[-0.579297,0.155913,-0.800066],[-0.78721,0.147617,0.598756]]],0],[5861,[-0.0527675,0.421697,-0.9052],586,58.8075,[-58.0314,135.966,-41.6539],[-52.8355,130.736,-46.3973],[148.059,-28.2994,-43.3909],false,[-25.111,70.7198,90.1155],[-48.2772,93.3788,24.0672],[-50.9084,116.665,-11.9411],[-52.1838,126.858,-33.8202],[-52.9472,132.186,-50.0357],[[[0.94658,0.171172,-0.273287],[-0.0695021,0.935863,0.345441],[0.314889,-0.307994,0.897766]],[[0.996475,0.0814405,-0.0201482],[-0.0573376,0.836415,0.545089],[0.0612446,-0.542012,0.838136]],[[0.996475,0.0814405,-0.0201482],[-0.0652234,0.903072,0.424508],[0.0527675,-0.421697,0.9052]],[[0.996475,0.0814405,-0.0201482],[-0.0710097,0.94663,0.314403],[0.0446781,-0.311864,0.949076]]],1],[5862,[-0.371336,0.546552,-0.750593],586,67.0064,[-63.8677,155.256,-37.4191],[-59.3356,149.61,-44.6863],[149.462,-27.1417,-49.535],false,[-13.8846,74.5793,86.8459],[-26.6013,97.4076,22.1564],[-43.5944,127.228,-11.6853],[-54.1539,142.77,-33.0295],[-61.3992,151.77,-47.8501],[[[0.978306,-0.0340792,-0.204341],[0.0984593,0.94434,0.313892],[0.18227,-0.327202,0.927209]],[[0.907803,0.0439859,-0.417083],[0.227156,0.784416,0.577141],[0.352553,-0.618674,0.702103]],[[0.907803,0.0439859,-0.417083],[0.194942,0.836269,0.512496],[0.371336,-0.546552,0.750593]],[[0.907803,0.0439859,-0.417083],[0.165053,0.876764,0.451711],[0.385552,-0.478906,0.788669]]],2],[5863,[-0.0357577,-0.796574,0.603482],586,64.4285,[-25.0245,44.8609,24.123],[-12.1676,38.7849,25.1232],[127.289,-17.7157,5.3821],false,[-1.98593,75.2814,83.8698],[-4.00645,96.4632,24.9544],[-12.3997,64.1716,-4.76218],[-13.3903,42.1049,11.9555],[-11.7197,37.5785,30.0057],[[[0.984241,-0.152949,-0.0887445],[0.173863,0.92858,0.327888],[0.0322561,-0.338151,0.940539]],[[0.982195,-0.139454,-0.125877],[0.00177571,0.676909,-0.736065],[0.187855,0.722736,0.665104]],[[0.982195,-0.139454,-0.125877],[-0.184428,-0.588236,-0.787378],[0.0357577,0.796574,-0.603482]],[[0.982195,-0.139454,-0.125877],[-0.165219,-0.960136,-0.225481],[-0.0894149,0.242263,-0.966082]]],3],[5864,[-0.158422,-0.779923,0.605493],586,50.5107,[-9.61991,52.6135,26.8534],[3.08794,47.9096,28.0433],[125.426,-16.0433,-6.5808],false,[10.2798,68.7361,80.8255],[16.4522,90.6854,27.5112],[5.5079,66.6537,3.99586],[2.40936,51.3993,15.8386],[3.30305,46.6777,32.392],[[[0.939012,-0.34237,-0.0322394],[0.326995,0.859939,0.391892],[-0.106448,-0.378533,0.919446]],[[0.945026,-0.297435,-0.135861],[0.105469,0.670534,-0.734343],[0.309519,0.679644,0.665043]],[[0.945026,-0.297435,-0.135861],[-0.286056,-0.550684,-0.784168],[0.158422,0.779923,-0.605494]],[[0.945026,-0.297435,-0.135861],[-0.322858,-0.914601,-0.24345],[-0.0518483,0.27393,-0.960351]]],4]],[[0,200,0],[235.247,235.247,147.751]]],[770810,204888363831,[[586,"right",[-0.144714,0.459577,-0.876269],[0.0228948,-0.883798,-0.467307],[-16.0095,81.7641,40.3742],[130.518,-13.4026,-36.8985],[-24.7948,83.7519,45.101],0.843089,0,0.6598,[[0.653518,0.332932,-0.679758],[-0.0313308,0.909197,0.415186],[0.756262,-0.250034,0.604607]],63.72,[203.438,-6.07585,252.061],[-0.753343,61.4334,88.8168]]],[[5860,[0.297947,-0.0350716,-0.953938],586,52.1164,[-31.4384,55.7985,3.88726],[-23.5425,49.6831,1.33752],[146.062,-25.2765,-27.4983],false,[-28.2113,47.8159,90.1146],[-28.2113,47.8159,90.1146],[-47.7451,53.6288,44.5469],[-37.5864,52.433,12.0219],[-18.9161,48.7351,-1.59705],[[[0.349339,0.915457,0.199752],[-0.749871,0.14532,0.645426],[0.561832,-0.375261,0.737241]],[[0.216397,0.97579,0.0317132],[-0.89445,0.18513,0.407046],[0.391321,-0.11645,0.912857]],[[0.216397,0.97579,0.0317132],[-0.929731,0.215878,-0.298324],[-0.297947,0.0350716,0.953938]],[[0.216397,0.97579,0.0317132],[-0.562816,0.151224,-0.812631],[-0.797753,0.158002,0.581915]]],0],[5861,[-0.0393963,0.414878,-0.909024],586,58.8075,[-49.4966,130.968,-47.2382],[-47.923,129.79,-48.3939],[170.671,-32.8003,-62.9368],false,[-22.2292,70.722,88.9288],[-44.4426,92.9678,22.4143],[-46.5047,115.978,-13.808],[-47.4569,126.006,-35.7794],[-47.9935,131.214,-52.0431],[[[0.950868,0.163607,-0.262837],[-0.0684416,0.939042,0.33692],[0.301938,-0.302377,0.904103]],[[0.997088,0.0757692,-0.00863189],[-0.0592592,0.841076,0.537661],[0.0479982,-0.535584,0.843117]],[[0.997088,0.0757692,-0.00863189],[-0.0652948,0.906717,0.416655],[0.0393963,-0.414878,0.909024]],[[0.997088,0.0757692,-0.00863189],[-0.0694929,0.949391,0.306314],[0.0314042,-0.304822,0.951891]]],1],[5862,[-0.358867,0.54244,-0.759588],586,67.0064,[-56.4706,150.022,-44.918],[-54.328,148.695,-46.925],[173.662,-31.6044,-71.0871],false,[-10.9412,74.4915,85.7682],[-22.7219,96.859,20.7414],[-39.1232,126.496,-13.5508],[-49.3281,141.921,-35.1507],[-56.3374,150.838,-50.1334],[[[0.980561,-0.0412466,-0.191833],[0.0999448,0.946317,0.307401],[0.168855,-0.320598,0.932043]],[[0.913146,0.0354711,-0.406085],[0.22445,0.787838,0.573527],[0.340273,-0.61486,0.71145]],[[0.913146,0.0354711,-0.406085],[0.193333,0.839346,0.508056],[0.358867,-0.54244,0.759588]],[[0.913146,0.0354711,-0.406085],[0.164429,0.879511,0.446568],[0.372997,-0.474554,0.79729]]],2],[5863,[-0.047602,-0.789792,0.611525],586,64.4285,[-21.7556,43.4894,24.3528],[-8.65332,38.1387,24.5351],[130.309,-21.8663,-11.2163],false,[0.997433,75.1023,82.9352],[-0.169364,95.8108,23.8288],[-8.37402,63.2156,-5.60767],[-9.69269,41.3368,11.3328],[-8.27562,36.9649,29.4427],[[[0.984378,-0.159195,-0.0752076],[0.175078,0.930249,0.322465],[0.018627,-0.330595,0.943589]],[[0.982889,-0.146099,-0.112179],[0.014417,0.668161,-0.743877],[0.183633,0.729531,0.658835]],[[0.982889,-0.146099,-0.112179],[-0.177941,-0.595721,-0.783233],[0.047602,0.789792,-0.611525]],[[0.982889,-0.146099,-0.112179],[-0.167859,-0.961199,-0.218906],[-0.0758443,0.233991,-0.969276]]],3],[5864,[-0.170414,-0.773775,0.610107],586,50.5107,[-6.22629,51.454,27.0895],[6.60338,47.2197,27.447],[129.633,-22.2154,-16.4608],false,[13.2625,68.4635,80.0976],[20.2226,89.9394,26.6877],[9.43047,65.7461,3.26789],[6.09738,50.612,15.2009],[6.7527,46.0136,31.8],[[[0.937368,-0.347889,-0.0177318],[0.327007,0.861278,0.388931],[-0.120033,-0.37037,0.921096]],[[0.944925,-0.303902,-0.121493],[0.118159,0.662941,-0.739288],[0.305214,0.684216,0.662339]],[[0.944925,-0.303902,-0.121493],[-0.279421,-0.555802,-0.782949],[0.170414,0.773775,-0.610107]],[[0.944925,-0.303902,-0.121493],[-0.325072,-0.91459,-0.240529],[-0.0380186,0.266775,-0.963009]]],4]],[[0,200,0],[235.247,235.247,147.751]]],[770811,204888372034,[[586,"right",[-0.140399,0.455959,-0.878857],[0.0217051,-0.886018,-0.463142],[-15.0287,81.6895,39.8832],[127.741,-12.3112,-42.723],[-24.0354,83.5915,44.6953],0.843631,0,0.660731,[[0.655741,0.329496,-0.67929],[-0.0295658,0.910256,0.412988],[0.754406,-0.25073,0.606635]],63.72,[203.694,-6.16062,252.261],[0.00453622,61.5364,88.4694]]],[[5860,[0.302298,-0.0408008,-0.95234],586,52.1164,[-30.4101,55.0862,3.59283],[-22.4435,49.4244,1.00168],[144.072,-27.2639,-30.6819],false,[-27.4995,48.0095,89.7391],[-27.4995,48.0095,89.7391],[-46.8163,53.6532,44.0578],[-36.5092,52.2621,11.5872],[-17.7654,48.4334,-1.89386],[[[0.351506,0.915293,0.196679],[-0.751545,0.150612,0.642258],[0.558232,-0.373571,0.740825]],[[0.219205,0.975283,0.0277978],[-0.895657,0.189845,0.402191],[0.386973,-0.11306,0.915134]],[[0.219205,0.975283,0.0277978],[-0.927666,0.217161,-0.30377],[-0.302298,0.0408008,0.95234]],[[0.219205,0.975283,0.0277978],[-0.55724,0.148531,-0.816959],[-0.800895,0.163592,0.576025]]],0],[5861,[-0.0353688,0.411555,-0.910698],586,58.8075,[-48.0614,130.356,-48.1189],[-46.5108,129.436,-49.1947],[170.784,-34.9935,-71.5647],false,[-21.4427,70.8914,88.4674],[-43.3675,92.8973,21.7776],[-45.2484,115.759,-14.5481],[-46.1033,125.707,-36.56],[-46.5749,130.861,-52.8427],[[[0.952232,0.159463,-0.260435],[-0.0666501,0.940798,0.33235],[0.298015,-0.299116,0.906486]],[[0.997335,0.072728,-0.00586686],[-0.058371,0.843525,0.533909],[0.043779,-0.532144,0.845521]],[[0.997335,0.072728,-0.00586686],[-0.0638187,0.908478,0.41303],[0.0353688,-0.411555,0.910698]],[[0.997335,0.072728,-0.00586686],[-0.0675406,0.950632,0.302881],[0.0276052,-0.301678,0.95301]]],1],[5862,[-0.355534,0.535691,-0.765918],586,67.0064,[-55.0951,149.172,-46.1952],[-52.9201,148.115,-47.9737],[172.993,-45.5693,-88.7362],false,[-10.1328,74.6115,85.3268],[-21.6295,96.7139,20.1587],[-37.8619,126.091,-14.4354],[-47.9721,141.324,-36.2154],[-54.9205,150.093,-51.3139],[[[0.981056,-0.0451505,-0.188388],[0.101855,0.947418,0.303357],[0.164785,-0.316798,0.934069]],[[0.914649,0.0307318,-0.40308],[0.223614,0.792202,0.567814],[0.33677,-0.609485,0.717714]],[[0.914649,0.0307318,-0.40308],[0.192388,0.843855,0.500895],[0.355534,-0.535691,0.765918]],[[0.914649,0.0307318,-0.40308],[0.163396,0.883921,0.438162],[0.369756,-0.466625,0.803456]]],2],[5863,[-0.0518978,-0.786078,0.615944],586,64.4285,[-20.7078,43.0633,24.4085],[-7.75117,37.9463,24.3466],[125.056,-22.388,-13.8521],false,[1.81697,75.1725,82.5307],[0.909359,95.6106,23.3257],[-7.29933,62.8516,-5.92718],[-8.737,41.0756,11.1357],[-7.39348,36.7881,29.2714],[[[0.984124,-0.162569,-0.071207],[0.176887,0.931189,0.318744],[0.0144894,-0.326279,0.945162]],[[0.982801,-0.149659,-0.108189],[0.0186614,0.663341,-0.748084],[0.183723,0.733199,0.654725]],[[0.982801,-0.149659,-0.108189],[-0.177226,-0.599736,-0.780325],[0.0518978,0.786078,-0.615944]],[[0.982801,-0.149659,-0.108189],[-0.170094,-0.961739,-0.214768],[-0.0719074,0.229477,-0.970654]]],3],[5864,[-0.174834,-0.770487,0.613012],586,50.5107,[-5.15539,51.0961,27.1393],[7.51839,47.0092,27.197],[124.947,-23.0849,-20.1385],false,[14.0707,68.4829,79.7644],[21.2735,89.6898,26.2792],[10.4831,65.4177,2.94035],[7.06351,50.3479,14.9301],[7.64834,45.8193,31.5511],[[[0.936341,-0.350849,-0.0130164],[0.328382,0.862059,0.38603],[-0.124218,-0.365731,0.922394]],[[0.944377,-0.307358,-0.116973],[0.122577,0.659033,-0.742058],[0.305167,0.686444,0.660051]],[[0.944377,-0.307358,-0.116973],[-0.278541,-0.558463,-0.781367],[0.174834,0.770487,-0.613012]],[[0.944377,-0.307358,-0.116973],[-0.32711,-0.914606,-0.237687],[-0.0339294,0.262729,-0.964273]]],4]],[[0,200,0],[235.247,235.247,147.751]]],[770812,204888381239,[[586,"right",[-0.133449,0.451285,-0.882345],[0.0185391,-0.889016,-0.4575],[-13.5867,81.5603,39.3474],[135.832,-12.7931,-47.0575],[-23.0382,83.3976,44.1849],0.847533,0,0.6644,[[0.658631,0.32302,-0.679606],[-0.0257989,0.912334,0.408634],[0.752024,-0.251606,0.609225]],63.72,[204.139,-6.31196,252.62],[1.09275,61.6215,88.1298]]],[[5860,[0.313249,-0.0505186,-0.948326],586,52.1164,[-28.9628,54.2071,3.22488],[-20.6065,48.9798,0.744458],[164.402,-34.8975,-29.3854],false,[-26.4985,48.2691,89.3518],[-26.4985,48.2691,89.3518],[-45.3295,53.6609,43.4379],[-34.6491,51.9384,11.1042],[-15.7303,47.8781,-2.06099],[[[0.356106,0.91437,0.192653],[-0.753666,0.15916,0.637695],[0.552427,-0.372283,0.745808]],[[0.224592,0.974198,0.0222902],[-0.898469,0.19817,0.391768],[0.377242,-0.108015,0.919794]],[[0.224592,0.974198,0.0222902],[-0.922731,0.219969,-0.316513],[-0.313249,0.0505186,0.948326]],[[0.224592,0.974198,0.0222902],[-0.544146,0.144358,-0.826478],[-0.808371,0.173492,0.562527]]],0],[5861,[-0.0291585,0.408949,-0.912091],586,58.8075,[-45.944,129.789,-49.1896],[-44.3806,129.069,-50.1133],[187.168,-34.7007,-78.7491],false,[-20.2972,71.1056,87.9666],[-41.7706,92.8252,21.0365],[-43.3619,115.531,-15.4009],[-44.0667,125.415,-37.4465],[-44.4417,130.543,-53.7404],[[[0.954409,0.152084,-0.256854],[-0.0625284,0.943246,0.326156],[0.29188,-0.295225,0.909752]],[[0.997764,0.0668135,-0.00194059],[-0.0556404,0.846298,0.529796],[0.0370398,-0.528503,0.848123]],[[0.997764,0.0668135,-0.00194059],[-0.0601464,0.910108,0.409983],[0.0291585,-0.408949,0.912091]],[[0.997764,0.0668135,-0.00194059],[-0.063135,0.95157,0.300878],[0.0219493,-0.300083,0.953661]]],1],[5862,[-0.350358,0.521365,-0.778092],586,67.0064,[-53.0545,147.867,-47.9725],[-50.8088,147.021,-49.4772],[188.994,-75.201,-116.902],false,[-8.95006,74.7377,84.8572],[-20.0024,96.5005,19.4982],[-35.9617,125.355,-15.6582],[-45.9246,140.181,-37.7844],[-52.7805,148.624,-53.1091],[[[0.98165,-0.0522444,-0.183395],[0.106149,0.948667,0.29793],[0.158415,-0.311931,0.936805]],[[0.917124,0.0223647,-0.397975],[0.221933,0.800703,0.556436],[0.331104,-0.598644,0.72938]],[[0.917124,0.0223647,-0.397975],[0.190088,0.853041,0.485992],[0.350358,-0.521365,0.778092]],[[0.917124,0.0223647,-0.397975],[0.160571,0.893102,0.420221],[0.36483,-0.449298,0.815494]]],2],[5863,[-0.0591383,-0.779989,0.622993],586,64.4285,[-19.3643,42.5274,24.4778],[-6.4936,37.5832,24.3521],[128.078,-28.1991,-8.6561],false,[3.01602,75.2091,82.1149],[2.51402,95.2811,22.78],[-5.75877,62.2113,-6.10275],[-7.39702,40.604,11.1554],[-6.16967,36.4131,29.3219],[[[0.983449,-0.168943,-0.0654712],[0.181008,0.932083,0.313778],[0.00801408,-0.320435,0.947237]],[[0.982385,-0.156295,-0.102428],[0.0252233,0.654021,-0.756056],[0.185158,0.740155,0.646442]],[[0.982385,-0.156295,-0.102428],[-0.177264,-0.605962,-0.775492],[0.0591383,0.779989,-0.622993]],[[0.982385,-0.156295,-0.102428],[-0.174942,-0.961903,-0.21009],[-0.0656899,0.224308,-0.972302]]],3],[5864,[-0.182464,-0.765833,0.616609],586,50.5107,[-3.7958,50.6478,27.1762],[8.80575,46.6475,26.9979],[128.943,-27.7098,-20.9109],false,[15.242,68.4285,79.4493],[22.8276,89.2563,25.8681],[11.9989,64.8962,2.63874],[8.43015,49.9175,14.6989],[8.90449,45.4744,31.3464],[[[0.934249,-0.356564,-0.00633801],[0.331759,0.862464,0.38222],[-0.130819,-0.359191,0.92405]],[[0.943045,-0.313739,-0.110604],[0.129913,0.653409,-0.745775],[0.306249,0.68893,0.656953]],[[0.943045,-0.313739,-0.110604],[-0.278159,-0.561309,-0.779462],[0.182464,0.765833,-0.616609]],[[0.943045,-0.313739,-0.110604],[-0.331524,-0.913851,-0.234453],[-0.0275189,0.257768,-0.965815]]],4]],[[0,200,0],[235.247,235.247,147.751]]],[770813,204888389439,[[586,"right",[-0.12867,0.447905,-0.884774],[0.0134784,-0.891318,-0.453178],[-12.0986,81.5527,39.0359],[147.406,-9.78389,-44.7563],[-22.004,83.2232,43.6981],0.848733,0,0.606318,[[0.661604,0.314974,-0.680494],[-0.0205955,0.914793,0.403398],[0.749571,-0.252875,0.611718]],63.72,[204.734,-6.52441,253.107],[2.35003,61.7517,87.9432]]],[[5860,[0.32084,-0.0590004,-0.945294],586,52.1164,[-27.4112,53.3837,2.89521],[-18.8515,48.7113,0.695674],[181.083,-35.9338,-22.8673],false,[-25.3326,48.5905,89.1739],[-25.3326,48.5905,89.1739],[-43.8065,53.8042,43.0947],[-32.8673,51.7925,10.8643],[-13.8113,47.5066,-2.02855],[[[0.361852,0.912883,0.188966],[-0.753843,0.167283,0.635403],[0.548437,-0.372373,0.748702]],[[0.230706,0.972865,0.017582],[-0.899894,0.206459,0.384143],[0.370089,-0.104446,0.923106]],[[0.230706,0.972865,0.017582],[-0.918606,0.223726,-0.325746],[-0.32084,0.0590004,0.945294]],[[0.230706,0.972865,0.017582],[-0.532724,0.14141,-0.834391],[-0.814236,0.183132,0.550893]]],0],[5861,[-0.025002,0.40642,-0.913344],586,58.8075,[-43.8473,129.46,-49.9928],[-42.4127,128.914,-50.6782],[200.227,-29.9413,-75.9466],false,[-18.9754,71.378,87.6913],[-40.17,92.9177,20.6144],[-41.5507,115.486,-15.9172],[-42.155,125.309,-37.9931],[-42.4711,130.405,-54.298],[[[0.955915,0.144442,-0.255661],[-0.0568426,0.945207,0.321485],[0.288089,-0.29278,0.911748]],[[0.998186,0.0602096,-0.000532378],[-0.0509175,0.848789,0.526275],[0.0321387,-0.525293,0.850314]],[[0.998186,0.0602096,-0.000532378],[-0.0547758,0.9117,0.407188],[0.025002,-0.40642,0.913344]],[[0.998186,0.0602096,-0.000532378],[-0.0572998,0.952587,0.298822],[0.0184991,-0.298249,0.954309]]],1],[5862,[-0.345965,0.513564,-0.785213],586,67.0064,[-50.9605,146.852,-49.3956],[-48.7855,146.448,-50.4069],[204.415,-77.9571,-119.358],false,[-7.59801,74.9189,84.5873],[-18.3746,96.4395,19.1022],[-34.0961,125.007,-16.3945],[-43.9341,139.611,-38.7231],[-50.7148,147.878,-54.1768],[[[0.981639,-0.0597065,-0.181165],[0.111923,0.949362,0.293574],[0.154463,-0.30846,0.938613]],[[0.918374,0.0140207,-0.395465],[0.224059,0.805315,0.548876],[0.32617,-0.592681,0.736439]],[[0.918374,0.0140207,-0.395465],[0.192088,0.857937,0.476495],[0.345965,-0.513564,0.785213]],[[0.918374,0.0140207,-0.395465],[0.162446,0.897924,0.409077],[0.360833,-0.439928,0.822352]]],2],[5863,[-0.0648105,-0.77348,0.630499],586,64.4285,[-18.0338,42.0187,24.5683],[-5.25812,37.3581,24.584],[133.728,-28.9981,2.69866],false,[4.37637,75.2968,81.8669],[4.12661,95.0852,22.4352],[-4.31939,61.7021,-6.03411],[-6.11477,40.2751,11.432],[-4.95143,36.1775,29.6239],[[[0.982421,-0.175844,-0.0626774],[0.186638,0.932353,0.309651],[0.00398715,-0.315906,0.948782]],[[0.98152,-0.16341,-0.0995739],[0.0297243,0.644235,-0.764249],[0.189035,0.747167,0.637187]],[[0.98152,-0.16341,-0.0995739],[-0.180048,-0.612394,-0.769777],[0.0648105,0.77348,-0.630499]],[[0.98152,-0.16341,-0.0995739],[-0.180944,-0.961872,-0.205087],[-0.0622642,0.219314,-0.973665]]],3],[5864,[-0.188778,-0.761671,0.619855],586,50.5107,[-2.45507,50.2227,27.2015],[10.0793,46.41,26.9239],[135.498,-28.1852,-18.0785],false,[16.5619,68.4217,79.2585],[24.3932,88.9393,25.5931],[13.4426,64.5225,2.48084],[9.75033,49.6251,14.6045],[10.1586,45.2467,31.2709],[[[0.931846,-0.362843,-0.00274101],[0.336782,0.862056,0.378731],[-0.135057,-0.353842,0.925503]],[[0.941138,-0.320552,-0.107266],[0.135455,0.648386,-0.749165],[0.309696,0.690538,0.653641]],[[0.941138,-0.320552,-0.107266],[-0.280397,-0.56312,-0.77735],[0.188778,0.761671,-0.619855]],[[0.941138,-0.320552,-0.107266],[-0.337192,-0.912536,-0.231473],[-0.0236847,0.254017,-0.96691]]],4]],[[0,200,0],[235.247,235.247,147.751]]],[770814,204888399495,[[586,"right",[-0.125777,0.443893,-0.887209],[0.0136064,-0.893455,-0.448947],[-10.1053,81.7678,38.4813],[162.72,-0.386638,-47.8891],[-20.4387,83.0317,43.0118],0.849191,0,0.607529,[[0.666126,0.313219,-0.676882],[-0.0199296,0.914696,0.403652],[0.745573,-0.255393,0.615545]],63.72,[205.494,-6.77629,253.717],[4.18937,62.1798,87.5194]]],[[5860,[0.328339,-0.0654316,-0.942291],586,52.1164,[-24.979,52.3471,2.4339],[-16.4075,48.6301,0.4036],[202.657,-28.6874,-24.1185],false,[-23.5123,49.0576,88.7383],[-23.5123,49.0576,88.7383],[-41.6508,53.9944,42.4955],[-30.4558,51.7635,10.3676],[-11.2318,47.3599,-2.23303],[[[0.362451,0.913328,0.185637],[-0.755326,0.17117,0.6326],[0.545996,-0.369503,0.751901]],[[0.231405,0.972769,0.0130846],[-0.90245,0.209615,0.376359],[0.363368,-0.0988996,0.926381]],[[0.231405,0.972769,0.0130846],[-0.915776,0.222347,-0.334539],[-0.328339,0.0654316,0.942291]],[[0.231405,0.972769,0.0130846],[-0.52128,0.135337,-0.842586],[-0.821412,0.188158,0.538403]]],0],[5861,[-0.022434,0.403995,-0.914486],586,58.8075,[-41.0866,129.25,-51.0049],[-40.139,128.831,-51.4944],[207.709,-22.5785,-77.2053],false,[-17.1237,71.8303,87.1655],[-38.1139,93.0797,19.9319],[-39.3825,115.511,-16.6879],[-39.9247,125.275,-38.7914],[-40.1982,130.343,-55.106],[[[0.956765,0.142096,-0.253791],[-0.0565554,0.946775,0.316888],[0.285312,-0.288834,0.913878]],[[0.998251,0.0590897,0.00161526],[-0.0512094,0.850829,0.522942],[0.0295261,-0.52211,0.852367]],[[0.998251,0.0590897,0.00161526],[-0.0546892,0.912851,0.404614],[0.022434,-0.403995,0.914486]],[[0.998251,0.0590897,0.00161526],[-0.0569023,0.953179,0.297005],[0.0160103,-0.296578,0.954875]]],1],[5862,[-0.345359,0.486663,-0.802426],586,67.0064,[-48.4701,144.968,-51.5466],[-46.6635,144.825,-52.216],[206.698,-117.481,-148.528],false,[-5.73382,75.343,84.0752],[-16.3103,96.5683,18.4612],[-31.9936,124.131,-17.8378],[-41.8144,137.97,-40.6558],[-48.5795,145.638,-56.4222],[[[0.982044,-0.0617306,-0.178268],[0.112289,0.950597,0.289406],[0.151596,-0.304227,0.94046]],[[0.920687,0.0100313,-0.390174],[0.21556,0.820308,0.529745],[0.325376,-0.571835,0.753084]],[[0.920687,0.0100313,-0.390174],[0.181834,0.873532,0.451528],[0.345359,-0.486663,0.802426]],[[0.920687,0.0100313,-0.390174],[0.150786,0.912914,0.379278],[0.36,-0.408029,0.838995]]],2],[5863,[-0.0664762,-0.767025,0.638164],586,64.4285,[-16.0687,41.3741,24.6918],[-3.26282,37.4133,24.5898],[153.225,-19.0421,3.67407],false,[6.24819,75.6938,81.3849],[6.18025,95.2027,21.8604],[-2.24058,61.4761,-6.20859],[-4.0821,40.2279,11.4698],[-2.96734,36.2443,29.6901],[[[0.982371,-0.17731,-0.0592342],[0.18694,0.933575,0.305763],[0.00108468,-0.311445,0.950263]],[[0.981585,-0.165064,-0.0961452],[0.0311224,0.634781,-0.772065],[0.188471,0.754856,0.628229]],[[0.981585,-0.165064,-0.0961452],[-0.179084,-0.620021,-0.763874],[0.0664762,0.767025,-0.638164]],[[0.981585,-0.165064,-0.0961452],[-0.181467,-0.962961,-0.199438],[-0.0596639,0.213213,-0.975182]]],3],[5864,[-0.19131,-0.758492,0.622969],586,50.5107,[-0.49822,49.6974,27.1946],[12.0533,46.5026,26.6404],[153.634,-17.2984,-21.2328],false,[18.4323,68.7919,78.8413],[26.4309,89.0476,25.1011],[15.5037,64.4964,2.12049],[11.7619,49.6612,14.305],[12.1131,45.3395,30.9876],[[[0.931411,-0.363965,0.00144543],[0.336815,0.863424,0.375572],[-0.137943,-0.349325,0.926792]],[[0.941033,-0.322169,-0.10327],[0.13768,0.643509,-0.752955],[0.309034,0.694337,0.649919]],[[0.941033,-0.322169,-0.10327],[-0.279031,-0.566478,-0.7754],[0.19131,0.758492,-0.622969]],[[0.941033,-0.322169,-0.10327],[-0.337702,-0.912877,-0.229375],[-0.0203753,0.250724,-0.967844]]],4]],[[0,200,0],[235.247,235.247,147.751]]],[770815,204888407199,[[586,"right",[-0.12498,0.440672,-0.888925],[0.00813136,-0.895465,-0.445057],[-8.55958,82.0433,38.1518],[171.831,8.29808,-46.6584],[-19.0824,82.9189,42.4569],0.845521,0,0.611956,[[0.669927,0.305432,-0.67669],[-0.0144555,0.91665,0.39943],[0.742287,-0.257807,0.618503]],63.72,[206.134,-7.01326,254.247],[5.71697,62.5946,87.2506]]],[[5860,[0.330857,-0.0728381,-0.940866],586,52.1164,[-22.9527,51.6147,2.09252],[-14.7691,48.6554,0.311811],[207.407,-22.2848,-21.1605],false,[-22.0511,49.6238,88.5742],[-22.0511,49.6238,88.5742],[-40.0549,54.3666,42.2586],[-28.7741,51.8832,10.1792],[-9.50877,47.3038,-2.29491],[[[0.367568,0.912209,0.18102],[-0.753318,0.177903,0.633137],[0.545349,-0.369087,0.752575]],[[0.236008,0.97172,0.00776594],[-0.90234,0.216177,0.372893],[0.360669,-0.0950135,0.927842]],[[0.236008,0.97172,0.00776594],[-0.913692,0.224621,-0.338691],[-0.330857,0.0728381,0.940866]],[[0.236008,0.97172,0.00776594],[-0.516408,0.132185,-0.846079],[-0.823178,0.195671,0.533001]]],0],[5861,[-0.0219073,0.401536,-0.915581],586,58.8075,[-39.3628,129.287,-51.5329],[-38.5009,128.941,-51.9464],[208.951,-13.1262,-72.5327],false,[-15.5456,72.3555,86.8909],[-36.5405,93.4214,19.601],[-37.7532,115.725,-17.0985],[-38.2827,125.43,-39.2285],[-38.5588,130.464,-55.5533],[[[0.957057,0.135949,-0.256047],[-0.0510284,0.948434,0.31284],[0.285374,-0.28634,0.914643]],[[0.998551,0.0538202,-0.000289211],[-0.0458245,0.852996,0.519902],[0.0282279,-0.519135,0.854226]],[[0.998551,0.0538202,-0.000289211],[-0.0491606,0.91426,0.402133],[0.0219073,-0.401536,0.915581]],[[0.998551,0.0538202,-0.000289211],[-0.0513382,0.954088,0.295094],[0.016158,-0.294652,0.955468]]],1],[5862,[-0.345242,0.472497,-0.810897],586,67.0064,[-46.8842,143.91,-52.785],[-45.0582,144.037,-53.2539],[207.709,-119.013,-148.675],false,[-4.14286,75.7946,83.7658],[-14.7214,96.7887,18.0778],[-30.3688,123.822,-18.6321],[-40.1863,137.259,-41.6911],[-46.9556,144.611,-57.6052],[[[0.981395,-0.0676767,-0.179676],[0.117786,0.951247,0.285053],[0.151625,-0.300913,0.941521]],[[0.920695,0.00294709,-0.390272],[0.216644,0.827905,0.517338],[0.324633,-0.560861,0.761609]],[[0.920695,0.00294709,-0.390272],[0.182013,0.881327,0.436043],[0.345242,-0.472497,0.810897]],[[0.920695,0.00294709,-0.390272],[0.150196,0.920282,0.361278],[0.360225,-0.391244,0.846856]]],2],[5863,[-0.0678659,-0.758684,0.647914],586,64.4285,[-14.4416,40.9074,24.8245],[-1.94162,37.5533,24.8495],[157.935,-9.88164,13.6595],false,[7.83616,76.0706,81.0536],[7.76755,95.3196,21.4445],[-0.891997,61.2679,-6.15545],[-2.77202,40.2508,11.7931],[-1.62947,36.4284,30.0462],[[[0.981321,-0.182736,-0.0601388],[0.192374,0.933904,0.301356],[0.00109531,-0.307296,0.951613]],[[0.980536,-0.170644,-0.0971113],[0.0314003,0.624528,-0.780371],[0.193814,0.762132,0.61773]],[[0.980536,-0.170644,-0.0971113],[-0.184239,-0.628712,-0.755498],[0.0678659,0.758684,-0.647914]],[[0.980536,-0.170644,-0.0971113],[-0.186576,-0.96386,-0.190166],[-0.0611511,0.204583,-0.976937]]],3],[5864,[-0.194205,-0.754752,0.626605],586,50.5107,[1.11405,49.3138,27.1685],[13.3851,46.5786,26.4638],[158.137,-11.0692,-21.7387],false,[19.9794,69.0936,78.5194],[27.9912,89.0722,24.6774],[16.8885,64.4485,1.85898],[13.0901,49.6865,14.1146],[13.4411,45.4183,30.8109],[[[0.929487,-0.368853,0.00144377],[0.342,0.86327,0.371214],[-0.13817,-0.344545,0.928546]],[[0.939146,-0.327562,-0.10348],[0.139325,0.638554,-0.75686],[0.313996,0.696385,0.645333]],[[0.939146,-0.327562,-0.10348],[-0.283353,-0.568378,-0.772436],[0.194205,0.754752,-0.626605]],[[0.939146,-0.327562,-0.10348],[-0.342914,-0.911804,-0.225884],[-0.020362,0.247623,-0.968643]]],4]],[[0,200,0],[235.247,235.247,147.751]]],[770816,204888415810,[[586,"right",[-0.123703,0.440559,-0.88916],[0.00318706,-0.895861,-0.444323],[-6.78278,82.2319,37.8237],[180.957,11.8944,-44.3959],[-17.3195,82.8204,41.7929],0.846023,0,0.613849,[[0.673922,0.297914,-0.676075],[-0.0099677,0.918678,0.394881],[0.738736,-0.25938,0.622087]],63.72,[206.906,-7.28023,254.887],[7.44757,62.7524,86.9238]]],[[5860,[0.336067,-0.0775776,-0.938638],586,52.1164,[-20.3602,50.8489,1.69624],[-12.6887,48.6646,0.122521],[219.901,-17.9968,-21.5367],false,[-20.3837,49.9218,88.287],[-20.3837,49.9218,88.287],[-38.102,54.5783,41.8527],[-26.6436,51.9333,9.84929],[-7.29735,47.2209,-2.4489],[[[0.372316,0.910507,0.179882],[-0.751757,0.182192,0.633773],[0.544282,-0.371191,0.752313]],[[0.240094,0.970733,0.00573231],[-0.903529,0.221305,0.36696],[0.354952,-0.0932842,0.930219]],[[0.240094,0.970733,0.00573231],[-0.910722,0.227288,-0.344857],[-0.336067,0.0775776,0.938638]],[[0.240094,0.970733,0.00573231],[-0.508949,0.130904,-0.850785],[-0.826635,0.201351,0.525483]]],0],[5861,[-0.0205952,0.401396,-0.915673],586,58.8075,[-37.3581,129.511,-51.9534],[-36.5701,129.234,-52.2698],[213.296,-0.624605,-63.2851],false,[-13.7663,72.6192,86.5781],[-34.7258,93.7345,19.2926],[-35.8537,116.021,-17.4201],[-36.3515,125.723,-39.5523],[-36.6152,130.759,-55.8766],[[[0.957457,0.130948,-0.257155],[-0.0459567,0.948935,0.312106],[0.284893,-0.28701,0.914582]],[[0.998811,0.0487345,-0.0011018],[-0.0410736,0.853544,0.519398],[0.0262531,-0.518736,0.854531]],[[0.998811,0.0487345,-0.0011018],[-0.0441826,0.914607,0.401923],[0.0205952,-0.401396,0.915673]],[[0.998811,0.0487345,-0.0011018],[-0.0462384,0.954327,0.295165],[0.0154362,-0.294763,0.955446]]],1],[5862,[-0.341798,0.460647,-0.819133],586,67.0064,[-44.9035,142.964,-53.9893],[-42.9964,143.42,-54.1885],[219.337,-110.695,-141.943],false,[-2.34974,75.9987,83.4383],[-12.8917,96.9914,17.7439],[-28.3451,123.618,-19.3439],[-38.0645,136.717,-42.6371],[-44.7748,143.793,-58.7006],[[[0.980856,-0.0727338,-0.180641],[0.12284,0.95088,0.284142],[0.151101,-0.300892,0.941612]],[[0.922163,-0.00355133,-0.386786],[0.216397,0.833564,0.508275],[0.320605,-0.552411,0.76945]],[[0.922163,-0.00355133,-0.386786],[0.18108,0.887577,0.423577],[0.341797,-0.460647,0.819133]],[[0.922163,-0.00355133,-0.386786],[0.148686,0.926382,0.345988],[0.357083,-0.376567,0.854804]]],2],[5863,[-0.0693719,-0.752528,0.654896],586,64.4285,[-12.4247,40.4179,24.9925],[-0.362772,37.6935,24.9459],[165.011,-2.09336,14.7805],false,[9.62767,76.2125,80.7133],[9.59309,95.4126,21.0884],[0.722823,61.1745,-6.21246],[-1.19892,40.3279,11.9295],[-0.0339163,36.6242,30.2056],[[[0.980331,-0.187693,-0.0610082],[0.197358,0.933178,0.300381],[0.000552008,-0.306514,0.951866]],[[0.979566,-0.175614,-0.0980309],[0.0321852,0.618013,-0.785509],[0.198531,0.766302,0.611037]],[[0.979566,-0.175614,-0.0980309],[-0.18878,-0.634713,-0.749334],[0.0693719,0.752528,-0.654896]],[[0.979566,-0.175614,-0.0980309],[-0.191213,-0