{"metadata":{"formatVersion":2,"generatedBy":"LeapJS Playback 0.2.1","frames":24,"protocolVersion":6,"serviceVersion":"2.2.4+26750","frameRate":"81","modified":"Tue Apr 14 2015 22:38:24 GMT-0300 (E. South America Standard Time)"},"frames":[["id","timestamp",{"hands":[["id","type","direction","palmNormal","palmPosition","palmVelocity","stabilizedPalmPosition","pinchStrength","grabStrength","confidence","armBasis","armWidth","elbow","wrist"]]},{"pointables":[["id","direction","handId","length","stabilizedTipPosition","tipPosition","tipVelocity","tool","carpPosition","mcpPosition","pipPosition","dipPosition","btipPosition","bases","type"]]},{"interactionBox":["center","size"]}],[777869,204976215478,[[612,"right",[-0.291878,0.149161,-0.944753],[-0.663099,-0.743401,0.0874912],[29.2545,140.127,66.6932],[-24.3154,-105.263,-41.549],[29.2662,140.555,66.8967],0.847129,0,0.551022,[[0.537421,-0.630734,-0.55978],[0.581351,0.757946,-0.295887],[0.610909,-0.166413,0.774013]],63.72,[218.08,85.3825,323.908],[53.1347,130.314,114.924]],[614,"left",[0.904549,-0.0999991,-0.414477],[0.413716,-0.0292177,0.909937],[-81.6325,106.858,-6.68397],[3.77697,-5.16956,8.12283],[-86.8878,109.306,-5.59214],0.729526,0,0.362584,[[-0.333674,-0.940097,0.0698466],[-0.229584,0.00917816,-0.973246],[-0.914305,0.340782,0.218894]],62.8985,[-376.068,195.654,69.9809],[-132.388,104.829,11.6414]]],[[6120,[-0.491458,-0.41164,-0.767477],612,52.1164,[-26.4311,119.023,64.8032],[-26.7805,119.323,64.9035],[-19.7981,-118.416,-24.8432],false,[27.322,140.362,128.107],[27.322,140.362,128.107],[-13.6718,147.438,100.517],[-30.4284,133.403,74.3497],[-25.2405,114.316,61.8394],[[[0.813503,0.43166,-0.38972],[-0.144271,0.798974,0.583804],[0.563381,-0.418701,0.712244]],[[0.526536,0.561504,-0.638336],[-0.219865,0.815243,0.53576],[0.82123,-0.141749,0.55271]],[[0.526536,0.561504,-0.638336],[-0.693706,0.71782,0.0592123],[0.491458,0.41164,0.767477]],[[0.526536,0.561504,-0.638336],[-0.820745,0.139958,-0.553886],[-0.221669,0.815552,0.534544]]],0],[6121,[-0.447627,-0.146634,-0.882116],612,58.8075,[-26.0891,154.955,-21.6166],[-25.2299,155.855,-22.0148],[-32.0405,-158.121,-46.972],false,[42.7239,151.236,113.739],[6.13281,161.786,50.7928],[-8.38292,161.946,10.3572],[-19.2022,158.402,-10.9639],[-28.146,153.901,-24.8085],[[[0.630488,-0.617701,-0.470033],[0.595913,0.773228,-0.216811],[0.497367,-0.143402,0.855606]],[[0.726953,-0.634128,-0.263479],[0.597815,0.773219,-0.21154],[0.337871,-0.003732,0.941185]],[[0.726953,-0.634128,-0.263479],[0.52074,0.759197,-0.390449],[0.447627,0.146634,0.882116]],[[0.726953,-0.634128,-0.263479],[0.444436,0.726978,-0.52343],[0.523465,0.26341,0.810308]]],1],[6122,[-0.266499,-0.520373,0.811289],612,67.0064,[-20.9093,99.0428,86.3327],[-21.3985,98.4948,85.6167],[-16.7269,-86.4612,-3.16171],false,[51.1252,145.112,107.141],[22.7133,149.048,43.5418],[-13.8507,118.238,49.6328],[-21.429,103.441,72.703],[-20.7436,97.1492,90.3972],[[[0.580999,-0.754101,-0.306222],[0.7047,0.65433,-0.274317],[0.407233,-0.0564165,0.91158]],[[0.587614,-0.754927,-0.291197],[-0.281534,0.146641,-0.94828],[0.758584,0.639204,-0.126369]],[[0.587614,-0.754927,-0.291197],[-0.763995,-0.399121,-0.506966],[0.266499,0.520373,-0.811289]],[[0.587614,-0.754927,-0.291197],[-0.808319,-0.563907,-0.169202],[-0.0364731,0.334806,-0.941581]]],2],[6123,[-0.398903,-0.439476,0.804821],612,64.4285,[-8.62711,91.8254,82.29],[-9.00188,91.4194,81.4151],[-23.1324,-91.9211,-1.96211],false,[58.5281,136.529,102.403],[39.6603,133.837,42.7325],[3.84809,107.34,46.1485],[-7.20233,95.1654,68.4436],[-9.09441,90.4167,86.4148],[[[0.579806,-0.80135,-0.147181],[0.757031,0.596649,-0.266295],[0.301211,0.0429789,0.952588]],[[0.578634,-0.801511,-0.150873],[-0.150754,0.0766894,-0.985592],[0.801533,0.593042,-0.0764563]],[[0.578634,-0.801511,-0.150873],[-0.711378,-0.405513,-0.574021],[0.398903,0.439476,-0.804821]],[[0.578634,-0.801511,-0.150873],[-0.809276,-0.541278,-0.228233],[0.101267,0.254161,-0.961846]]],3],[6124,[-0.550826,-0.293141,0.781447],612,50.5107,[7.2899,92.7411,73.6438],[7.13971,92.2803,72.9774],[-29.3062,-99.3767,-13.2956],false,[62.446,122.875,101.513],[52.4937,116.811,44.7109],[21.4247,99.9536,45.6104],[10.6512,94.2201,60.8945],[6.2321,91.9449,77.3992],[[[0.477664,-0.878485,0.0100963],[0.861614,0.466184,-0.200733],[0.171634,0.104582,0.979594]],[[0.477045,-0.878854,0.00657796],[-0.0192209,-0.0179153,-0.999655],[0.878669,0.476753,-0.0254388]],[[0.477045,-0.878854,0.00657796],[-0.68485,-0.376408,-0.623937],[0.550826,0.293141,-0.781447]],[[0.477045,-0.878854,0.00657796],[-0.840654,-0.458467,-0.288284],[0.256376,0.131995,-0.957522]]],4],[6140,[0.824856,-0.518264,0.225867],614,51.4445,[-48.1249,107.492,40.0559],[-43.9636,105.975,39.2608],[3.32539,-42.8027,11.6364],false,[-128.132,132.843,22.3216],[-128.132,132.843,22.3216],[-79.4117,138.356,27.2083],[-51.6503,120.913,34.8101],[-41.8074,100.874,40.7477],[[[-0.23502,-0.393588,-0.888737],[-0.455056,0.852507,-0.257206],[-0.858888,-0.343977,0.379461]],[[0.122516,-0.226157,-0.966355],[-0.0856865,0.967644,-0.237323],[-0.988761,-0.111879,-0.0991735]],[[0.122516,-0.226157,-0.966355],[0.551908,0.824776,-0.123052],[-0.824856,0.518264,-0.225867]],[[0.122516,-0.226157,-0.966355],[0.896357,0.443222,0.00991377],[-0.426068,0.867414,-0.25702]]],0],[6141,[0.971345,-0.00484896,0.237623],614,58.0494,[16.6927,128.767,-3.45461],[20.0749,128.867,-5.19919],[4.29991,-29.8809,30.689],false,[-127.384,124.432,0.499727],[-57.6433,129.031,-19.2222],[-15.5485,129.038,-14.0736],[7.62665,128.922,-8.40416],[23.6226,128.782,-3.06095],[[[0.0502362,-0.997229,-0.0548613],[-0.274295,0.0390423,-0.960853],[-0.960333,-0.0633178,0.271573]],[[0.00531486,-0.999099,-0.0421136],[0.12129,0.0424473,-0.991709],[-0.992603,-0.000162824,-0.121407]],[[0.00531486,-0.999099,-0.0421136],[0.237613,0.0421697,-0.970444],[-0.971345,0.00484896,-0.237623]],[[0.00531486,-0.999099,-0.0421136],[0.31688,0.0416265,-0.947552],[-0.948451,0.00830885,-0.316816]]],1],[6142,[-0.846408,0.091764,0.52457],614,66.1426,[-82.1237,118.158,35.3063],[-76.2256,115.676,34.1934],[4.35448,4.45285,6.92592],false,[-126.682,112.544,-1.93239],[-60.6678,107.46,-20.8829],[-38.5442,113.054,20.8665],[-62.3027,115.63,35.5911],[-80.7568,115.712,33.7113],[[[-0.0339505,-0.988562,0.146945],[-0.28287,-0.131513,-0.950099],[-0.958557,0.0738227,0.27517]],[[-0.0189049,-0.989599,0.142609],[0.885116,-0.0828997,-0.457927],[-0.464986,-0.117568,-0.877477]],[[-0.0189049,-0.989599,0.142609],[0.5322,0.110788,0.839339],[0.846408,-0.091764,-0.52457]],[[-0.0189049,-0.989599,0.142609],[-0.0996556,0.143789,0.984578],[0.994842,-0.00440153,0.101337]]],2],[6143,[-0.811555,0.289792,0.507345],614,63.5979,[-87.7967,104.971,32.265],[-82.5131,103.002,31.9632],[0.775904,5.02576,10.0425],false,[-126.567,100.439,-1.22641],[-68.6519,86.6414,-17.9213],[-46.5333,93.0076,19.7001],[-68.7252,100.932,33.5734],[-86.8436,103.688,31.5055],[[[-0.153219,-0.954178,0.257038],[-0.314985,-0.199385,-0.927917],[-0.936647,0.223138,0.270003]],[[-0.174366,-0.948886,0.26308],[0.847397,-0.280676,-0.45071],[-0.501513,-0.144345,-0.853024]],[[-0.174366,-0.948886,0.26308],[0.557651,0.12504,0.820603],[0.811555,-0.289792,-0.507345]],[[-0.174366,-0.948886,0.26308],[-0.0670735,0.277998,0.958237],[0.982394,-0.149438,0.112119]]],3],[6144,[-0.697859,0.541012,0.469359],614,49.8596,[-85.4451,91.6386,24.7093],[-81.2175,90.3688,24.5757],[-6.55715,3.50553,11.7171],false,[-126.813,88.7874,6.61943],[-76.1351,68.3532,-10.4198],[-55.5712,75.9274,16.7463],[-69.0445,86.3726,25.8081],[-85.1229,91.6892,24.1605],[[[-0.206431,-0.875791,0.436322],[-0.416487,-0.324865,-0.849118],[-0.885395,0.357007,0.297693]],[[-0.32005,-0.821799,0.471395],[0.741923,-0.526834,-0.414725],[-0.589168,-0.217006,-0.778325]],[[-0.32005,-0.821799,0.471395],[0.64075,0.178749,0.746651],[0.697859,-0.541012,-0.469359]],[[-0.32005,-0.821799,0.471395],[0.0677239,0.476449,0.87659],[0.944977,-0.312477,0.096832]]],4]],[[0,200,0],[235.247,235.247,147.751]]],[777870,204976223728,[[612,"right",[-0.291041,0.141698,-0.946159],[-0.666234,-0.739776,0.0941456],[29.2562,139.543,66.371],[-18.0662,-96.4704,-40.9144],[29.2609,140.023,66.6202],0.855374,0,0.553603,[[0.533965,-0.63762,-0.555267],[0.584981,0.752772,-0.30188],[0.610474,-0.163627,0.77495]],63.72,[217.912,85.8942,323.932],[53.0843,130.074,114.696]],[614,"left",[0.904321,-0.0997873,-0.415026],[0.414268,-0.0291785,0.909687],[-81.6245,106.83,-6.61259],[3.06163,-4.71959,8.25758],[-86.8794,109.302,-5.59377],0.725494,0.00168138,0.371579,[[-0.333803,-0.940053,0.0698253],[-0.229156,0.00907231,-0.973347],[-0.914365,0.340907,0.218447]],62.8985,[-376.065,195.648,69.9635],[-132.369,104.789,11.7432]]],[[6120,[-0.486116,-0.425087,-0.763539],612,52.1164,[-26.2787,118.256,64.6521],[-26.6061,118.542,64.7312],[-6.96015,-117.258,-23.4843],false,[27.3111,140.351,127.78],[27.3111,140.351,127.78],[-13.6323,147.074,100.027],[-30.2067,132.581,73.9941],[-24.9793,113.341,61.7366],[[[0.815394,0.424644,-0.393459],[-0.141044,0.804903,0.576401],[0.561461,-0.414499,0.716206]],[[0.52759,0.553768,-0.644197],[-0.221103,0.821704,0.525277],[0.820221,-0.134697,0.555963]],[[0.52759,0.553768,-0.644197],[-0.696663,0.71599,0.0449241],[0.486116,0.425087,0.763539]],[[0.52759,0.553768,-0.644197],[-0.819608,0.132433,-0.557408],[-0.223362,0.822072,0.523743]]],0],[6121,[-0.447712,-0.152317,-0.881109],612,58.8075,[-26.004,153.919,-22.0547],[-25.1519,154.68,-22.4924],[-20.9358,-153.072,-49.9173],false,[42.7617,151.027,113.317],[6.2291,161.152,50.2662],[-8.2812,160.998,9.82869],[-19.1026,157.317,-11.4681],[-28.0523,152.743,-25.2849],[[[0.627992,-0.624634,-0.464174],[0.599202,0.768696,-0.223751],[0.496572,-0.13762,0.857017]],[[0.72433,-0.639567,-0.257487],[0.601062,0.768727,-0.218596],[0.337744,0.00357023,0.941231]],[[0.72433,-0.639567,-0.257487],[0.524309,0.753494,-0.396669],[0.447712,0.152317,0.881109]],[[0.72433,-0.639567,-0.257487],[0.448288,0.720631,-0.528894],[0.523816,0.267665,0.808685]]],1],[6122,[-0.267081,-0.510777,0.817175],612,67.0064,[-20.9434,98.7418,86.4129],[-21.4876,98.3275,85.7726],[-14.8199,-69.2308,2.76216],false,[51.1386,144.808,106.777],[22.7576,148.279,43.1369],[-13.9126,117.668,49.5814],[-21.5074,103.143,72.8189],[-20.8192,97.036,90.5776],[[[0.577895,-0.759315,-0.29913],[0.707501,0.648819,-0.280134],[0.406791,-0.0497466,0.912166]],[[0.58454,-0.760033,-0.284012],[-0.28199,0.137918,-0.949453],[0.760786,0.635081,-0.133703]],[[0.58454,-0.760033,-0.284012],[-0.766147,-0.401817,-0.50156],[0.267081,0.510777,-0.817175]],[[0.58454,-0.760033,-0.284012],[-0.810538,-0.5628,-0.162123],[-0.0366228,0.32497,-0.945015]]],2],[6123,[-0.400207,-0.429926,0.809319],612,64.4285,[-8.74203,91.4954,82.3852],[-9.1742,91.1474,81.5954],[-22.4733,-76.5979,3.96435],false,[58.5066,136.15,102.119],[39.6407,132.989,42.4717],[3.72364,106.672,46.164],[-7.3629,94.7622,68.5838],[-9.26659,90.1963,86.601],[[[0.576469,-0.805095,-0.139662],[0.759588,0.590995,-0.271569],[0.301179,0.0504654,0.952231]],[[0.575318,-0.805281,-0.143287],[-0.150947,0.0676419,-0.986225],[0.803881,0.589022,-0.0826394]],[[0.575318,-0.805281,-0.143287],[-0.713333,-0.408271,-0.569624],[0.400207,0.429926,-0.809319]],[[0.575318,-0.805281,-0.143287],[-0.811559,-0.540187,-0.222643],[0.101889,0.244377,-0.964313]]],3],[6124,[-0.55263,-0.283522,0.783719],612,50.5107,[7.13496,92.3163,73.6739],[6.93359,91.8541,73.0879],[-28.4034,-87.1265,-7.12373],false,[62.3672,122.473,101.356],[52.4021,115.929,44.6098],[21.2635,99.208,45.6425],[10.4547,93.6627,60.9711],[6.01474,91.5616,77.4932],[[[0.473969,-0.880351,0.0182906],[0.863608,0.4607,-0.204785],[0.171856,0.112857,0.978636]],[[0.473429,-0.8807,0.0152262],[-0.0185224,-0.0272363,-0.999457],[0.880637,0.47289,-0.0292071]],[[0.473429,-0.8807,0.0152262],[-0.685905,-0.37945,-0.620929],[0.55263,0.283522,-0.783719]],[[0.473429,-0.8807,0.0152262],[-0.842327,-0.457721,-0.284565],[0.257586,0.121896,-0.958536]]],4],[6140,[0.82419,-0.519499,0.22546],614,51.4445,[-48.0876,107.471,40.0507],[-43.8942,105.773,39.3463],[5.74785,-39.8492,11.7694],false,[-128.112,132.803,22.4223],[-128.112,132.803,22.4223],[-79.3694,138.098,27.3268],[-51.6304,120.614,34.9149],[-41.6759,100.629,40.8467],[[[-0.235471,-0.39359,-0.888617],[-0.45539,0.852425,-0.256888],[-0.858588,-0.344177,0.379959]],[[0.121813,-0.226172,-0.966441],[-0.0813417,0.968142,-0.236823],[-0.989214,-0.10746,-0.0995355]],[[0.121813,-0.226172,-0.966441],[0.553057,0.823995,-0.123127],[-0.82419,0.519499,-0.22546]],[[0.121813,-0.226172,-0.966441],[0.894141,0.447715,0.00792372],[-0.430898,0.8651,-0.256767]]],0],[6141,[0.971138,-0.00476282,0.23847],614,58.0494,[16.7262,128.767,-3.46194],[20.059,128.853,-5.07572],[2.67191,-22.74,26.8196],false,[-127.375,124.394,0.599491],[-57.6475,129.008,-19.1641],[-15.5576,129.019,-13.9753],[7.6126,128.905,-8.28568],[23.6044,128.767,-2.93017],[[[0.0504128,-0.997216,-0.0549438],[-0.27488,0.039035,-0.960686],[-0.960156,-0.0635338,0.272147]],[[0.00545166,-0.999096,-0.0421555],[0.122232,0.0425058,-0.991591],[-0.992487,-0.000253077,-0.122353]],[[0.00545166,-0.999096,-0.0421555],[0.238455,0.0422389,-0.970234],[-0.971138,0.00476282,-0.23847]],[[0.00545166,-0.999096,-0.0421555],[0.317606,0.0417033,-0.947305],[-0.948207,0.00822444,-0.317546]]],1],[6142,[-0.846251,0.0916234,0.524847],614,66.1426,[-82.116,118.155,35.3048],[-76.2115,115.65,34.2614],[3.58895,2.52594,7.29957],false,[-126.673,112.507,-1.83367],[-60.6684,107.437,-20.8241],[-38.5367,113.034,20.9206],[-62.2908,115.606,35.653],[-80.7458,115.685,33.7828],[[[-0.0336546,-0.988577,0.146913],[-0.283413,-0.131523,-0.949936],[-0.958407,0.0736069,0.275749]],[[-0.018706,-0.989604,0.142596],[0.88503,-0.0827416,-0.458121],[-0.465157,-0.117632,-0.877378]],[[-0.018706,-0.989604,0.142596],[0.532456,0.110854,0.839167],[0.846251,-0.0916234,-0.524847]],[[-0.018706,-0.989604,0.142596],[-0.0991652,0.143754,0.984632],[0.994895,-0.00427796,0.100823]]],2],[6143,[-0.811436,0.289485,0.50771],614,63.5979,[-87.7946,104.97,32.265],[-82.4977,102.974,32.0401],[0.872215,2.91348,9.95612],false,[-126.554,100.401,-1.1284],[-68.6463,86.6167,-17.8588],[-46.5253,92.9925,19.7595],[-68.7139,100.908,33.6427],[-86.8346,103.66,31.5888],[[[-0.152864,-0.954223,0.25708],[-0.315501,-0.199402,-0.927738],[-0.936532,0.222927,0.270577]],[[-0.173921,-0.94896,0.26311],[0.847455,-0.280315,-0.450826],[-0.50157,-0.144565,-0.852953]],[[-0.173921,-0.94896,0.26311],[0.557963,0.125195,0.820368],[0.811436,-0.289485,-0.50771]],[[-0.173921,-0.94896,0.26311],[-0.0664281,0.277879,0.958317],[0.982516,-0.149194,0.111367]]],3],[6144,[-0.697962,0.540659,0.469613],614,49.8596,[-85.439,91.6368,24.7091],[-81.201,90.3427,24.6462],[-4.48371,1.79733,10.9531],false,[-126.793,88.7491,6.71698],[-76.1212,68.3264,-10.3538],[-55.5538,75.9127,16.8064],[-69.0292,86.3511,25.873],[-85.1106,91.6614,24.2345],[[[-0.205985,-0.875857,0.4364],[-0.416928,-0.324908,-0.848885],[-0.885291,0.356805,0.298243]],[[-0.319466,-0.821962,0.471508],[0.742096,-0.526438,-0.414918],[-0.589267,-0.217352,-0.778153]],[[-0.319466,-0.821962,0.471508],[0.64093,0.179069,0.74642],[0.697962,-0.540659,-0.469613]],[[-0.319466,-0.821962,0.471508],[0.0680056,0.476413,0.876588],[0.945154,-0.312105,0.0962995]]],4]],[[0,200,0],[235.247,235.247,147.751]]],[777871,204976241101,[[612,"right",[-0.288538,0.127709,-0.948913],[-0.669424,-0.735484,0.104569],[29.9573,137.676,65.419],[8.91684,-101.562,-47.326],[29.7593,138.343,65.7605],0.871151,0,0.581883,[[0.532304,-0.648,-0.544746],[0.589519,0.745558,-0.31082],[0.607552,-0.155687,0.778873]],63.72,[217.687,86.8492,324.235],[53.6484,128.885,113.939]],[614,"left",[0.904446,-0.103427,-0.413859],[0.413002,-0.0305854,0.910216],[-81.6571,107,-6.58006],[0.781306,1.98815,5.3087],[-86.8691,109.297,-5.59571],0.715731,0.00651702,0.407131,[[-0.332739,-0.940511,0.0687343],[-0.22893,0.00985478,-0.973393],[-0.914809,0.339621,0.218591]],62.8985,[-376.246,195.678,69.9706],[-132.432,105.163,11.7121]]],[[6120,[-0.47087,-0.452189,-0.7575],612,52.1164,[-24.9238,115.533,63.9673],[-25.287,116.003,63.9757],[36.7163,-136.596,-31.8352],false,[27.8906,139.474,126.803],[27.8906,139.474,126.803],[-12.893,145.441,98.6452],[-28.9476,130.024,72.8177],[-23.3788,110.515,61.1502],[[[0.817911,0.415003,-0.398489],[-0.138945,0.814586,0.563155],[0.558315,-0.405243,0.723922]],[[0.529845,0.54158,-0.652652],[-0.227473,0.832105,0.505823],[0.817019,-0.119547,0.564082]],[[0.529845,0.54158,-0.652652],[-0.70537,0.708672,0.0154234],[0.47087,0.452189,0.7575]],[[0.529845,0.54158,-0.652652],[-0.814031,0.108851,-0.570531],[-0.237946,0.833572,0.498537]]],0],[6121,[-0.444774,-0.161926,-0.880884],612,58.8075,[-24.9957,150.929,-23.4389],[-24.2151,151.631,-23.8082],[15.8449,-160.262,-63.0574],false,[43.4138,149.855,112.203],[7.05098,159.116,48.9224],[-7.37501,158.385,8.46099],[-18.1254,154.471,-12.8303],[-27.0198,149.788,-26.6462],[[[0.626392,-0.634509,-0.452804],[0.602773,0.762595,-0.234761],[0.494264,-0.125886,0.860149]],[[0.722209,-0.646523,-0.245811],[0.604703,0.762705,-0.229381],[0.335782,0.0170184,0.941786]],[[0.722209,-0.646523,-0.245811],[0.529708,0.745512,-0.404501],[0.444774,0.161926,0.880884]],[[0.722209,-0.646523,-0.245811],[0.455424,0.711962,-0.534508],[0.52058,0.274078,0.808627]]],1],[6122,[-0.267845,-0.494638,0.826796],612,67.0064,[-20.4707,97.5658,86.3599],[-20.8336,97.0313,85.5958],[9.80822,-71.2329,-2.54016],false,[51.7787,143.498,105.781],[23.5415,146.064,42.0345],[-13.2098,115.682,49.073],[-20.8263,101.616,72.5841],[-20.1539,95.8322,90.4511],[[[0.575412,-0.766327,-0.285732],[0.7107,0.641397,-0.288992],[0.40473,-0.0367804,0.913696]],[[0.582208,-0.766842,-0.270161],[-0.282268,0.120973,-0.951678],[0.762468,0.630333,-0.146024]],[[0.582208,-0.766842,-0.270161],[-0.767654,-0.409007,-0.493377],[0.267845,0.494638,-0.826796]],[[0.582208,-0.766842,-0.270161],[-0.812252,-0.563218,-0.151765],[-0.0357794,0.307798,-0.950779]]],2],[6123,[-0.402343,-0.414488,0.816284],612,64.4285,[-8.38204,90.1575,82.3192],[-8.64022,89.7111,81.4528],[2.14578,-78.9541,-1.96259],false,[59.1208,134.738,101.279],[40.3637,130.698,41.6495],[4.34435,104.584,45.7608],[-6.80137,93.1016,68.3735],[-8.73872,88.849,86.4637],[[[0.573476,-0.809543,-0.125556],[0.762534,0.583508,-0.279393],[0.299444,0.0644848,0.951932]],[[0.572368,-0.809776,-0.129065],[-0.149951,0.0513798,-0.987357],[0.806169,0.584486,-0.0920188]],[[0.572368,-0.809776,-0.129065],[-0.714503,-0.415286,-0.563048],[0.402343,0.414488,-0.816284]],[[0.572368,-0.809776,-0.129065],[-0.813414,-0.540793,-0.214242],[0.10369,0.227609,-0.968216]]],3],[6124,[-0.556144,-0.268503,0.786517],612,50.5107,[7.44186,90.7225,73.4599],[7.41646,90.1996,72.8491],[-2.81219,-90.7676,-11.2067],false,[62.9274,121.034,100.742],[53.0513,113.623,44.087],[21.8451,97.0405,45.2959],[10.9676,91.7889,60.6792],[6.47083,89.9776,77.2202],[[[0.470351,-0.881849,0.0333651],[0.865887,0.45388,-0.210315],[0.170322,0.127812,0.977064]],[[0.469966,-0.882134,0.0311671],[-0.0155431,-0.0435744,-0.998929],[0.882547,0.468979,-0.0341896]],[[0.469966,-0.882134,0.0311671],[-0.685445,-0.38697,-0.616781],[0.556144,0.268503,-0.786517]],[[0.469966,-0.882134,0.0311671],[-0.843251,-0.459127,-0.279518],[0.260882,0.105082,-0.959634]]],4],[6140,[0.820111,-0.525255,0.226993],614,51.4445,[-48.0026,107.419,40.0433],[-43.8782,105.484,39.5112],[5.82798,-31.4977,11.6681],false,[-128.079,133.163,22.39],[-128.079,133.163,22.39],[-79.2893,137.829,27.4608],[-51.6876,120.151,35.1005],[-41.5252,100.276,41.0518],[[[-0.235889,-0.392876,-0.888822],[-0.451722,0.854141,-0.257661],[-0.860409,-0.340721,0.378953]],[[0.122121,-0.22689,-0.966234],[-0.0681523,0.969305,-0.236225],[-0.990173,-0.0946991,-0.10291]],[[0.122121,-0.22689,-0.966234],[0.559021,0.820139,-0.12193],[-0.820111,0.525255,-0.226993]],[[0.122121,-0.22689,-0.966234],[0.889707,0.456502,0.00525385],[-0.439895,0.860306,-0.257614]]],0],[6141,[0.97011,-0.0084798,0.242515],614,58.0494,[16.7745,128.765,-3.46676],[20.0704,128.622,-4.70653],[1.59052,-18.2018,24.53],false,[-127.348,124.746,0.570136],[-57.5775,129.082,-19.1064],[-15.5099,128.93,-13.7422],[7.63575,128.728,-7.95603],[23.605,128.528,-2.53537],[[[0.0465754,-0.997419,-0.0546487],[-0.273511,0.0398837,-0.961042],[-0.96074,-0.0597079,0.270948]],[[0.00175711,-0.999118,-0.041964],[0.126528,0.0418489,-0.99108],[-0.991962,0.00356817,-0.12649]],[[0.00175711,-0.999118,-0.041964],[0.242657,0.0411358,-0.96924],[-0.97011,0.0084798,-0.242515]],[[0.00175711,-0.999118,-0.041964],[0.321622,0.040299,-0.94601],[-0.946867,0.0118343,-0.321409]]],1],[6142,[-0.847017,0.0951763,0.522975],614,66.1426,[-82.0996,118.148,35.3016],[-76.3116,115.814,34.2959],[-1.05091,5.83021,4.8926],false,[-126.689,112.854,-1.85938],[-60.6809,107.522,-20.7652],[-38.63,113.045,21.0322],[-62.4056,115.717,35.712],[-80.8572,115.871,33.8123],[[[-0.0377124,-0.988402,0.1471],[-0.282726,-0.130637,-0.950263],[-0.958459,0.0774257,0.274521]],[[-0.0229757,-0.989476,0.142863],[0.885822,-0.0863946,-0.455912],[-0.463457,-0.116076,-0.878484]],[[-0.0229757,-0.989476,0.142863],[0.531068,0.108992,0.84029],[0.847017,-0.0951763,-0.522975]],[[-0.0229757,-0.989476,0.142863],[-0.100148,0.14446,0.98443],[0.994707,-0.00831052,0.102413]]],2],[6143,[-0.811474,0.29224,0.506069],614,63.5979,[-87.7884,104.968,32.2648],[-82.6446,103.16,32.0823],[-3.94285,6.49538,6.60814],false,[-126.619,100.748,-1.15115],[-68.744,86.7337,-17.8052],[-46.6995,93.0541,19.8673],[-68.8892,101.045,33.7057],[-86.9978,103.86,31.6311],[[[-0.156925,-0.953556,0.257108],[-0.315108,-0.198385,-0.92809],[-0.935992,0.226658,0.269341]],[[-0.177519,-0.948329,0.262983],[0.847734,-0.283082,-0.448567],[-0.499835,-0.14331,-0.854182]],[[-0.177519,-0.948329,0.262983],[0.556774,0.123567,0.821422],[0.811474,-0.29224,-0.506069]],[[-0.177519,-0.948329,0.262983],[-0.0665453,0.278183,0.95822],[0.981865,-0.152602,0.11249]]],3],[6144,[-0.698789,0.542244,0.466546],614,49.8596,[-85.4228,91.6325,24.7088],[-81.4294,90.5332,24.6686],[-9.43645,6.0796,6.3679],false,[-126.913,89.0997,6.69663],[-76.3,68.4746,-10.3053],[-55.8145,76.0484,16.9201],[-69.3058,86.5173,25.9276],[-85.371,91.8615,24.2414],[[[-0.209965,-0.87494,0.436343],[-0.417126,-0.323473,-0.849336],[-0.884263,0.360341,0.297042]],[[-0.32255,-0.820996,0.471091],[0.742621,-0.52809,-0.411868],[-0.58692,-0.216994,-0.780025]],[[-0.32255,-0.820996,0.471091],[0.638478,0.178709,0.748604],[0.698789,-0.542244,-0.466546]],[[-0.32255,-0.820996,0.471091],[0.0666047,0.476772,0.8765],[0.944206,-0.314092,0.0991007]]],4]],[[0,200,0],[235.247,235.247,147.751]]],[777872,204976249730,[[612,"right",[-0.284954,0.126951,-0.950097],[-0.669164,-0.736033,0.102349],[30.4352,136.861,65.2685],[21.2276,-99.6758,-39.4077],[30.0567,137.691,65.544],0.87144,0,0.595296,[[0.536332,-0.650367,-0.537931],[0.586298,0.745564,-0.316843],[0.607127,-0.145455,0.781179]],63.72,[217.869,88.8438,324.804],[53.9451,128.117,113.885]],[614,"left",[0.904308,-0.106009,-0.413507],[0.412674,-0.0307154,0.910361],[-81.652,107.04,-6.52771],[0.730581,2.68913,5.5094],[-86.865,109.296,-5.59645],0.711608,0.00894911,0.416795,[[-0.332051,-0.940743,0.0688818],[-0.228855,0.00950429,-0.973414],[-0.915078,0.338987,0.21845]],62.8985,[-376.322,195.69,69.973],[-132.437,105.343,11.7519]]],[[6120,[-0.465935,-0.454592,-0.759112],612,52.1164,[-24.4285,114.71,63.7156],[-24.6932,115.065,63.6447],[45.2917,-127.99,-32.7185],false,[28.1278,138.689,126.643],[28.1278,138.689,126.643],[-12.5588,144.632,98.3399],[-28.4451,129.132,72.4576],[-22.7547,109.615,60.8636],[[[0.819083,0.415532,-0.395519],[-0.141871,0.814756,0.562179],[0.555855,-0.404359,0.726305]],[[0.531888,0.541718,-0.650874],[-0.229666,0.832088,0.504859],[0.815076,-0.119045,0.566992]],[[0.531888,0.541718,-0.650874],[-0.707106,0.707028,0.010613],[0.465935,0.454592,0.759112]],[[0.531888,0.541718,-0.650874],[-0.811157,0.105238,-0.575281],[-0.243143,0.833947,0.495393]]],0],[6121,[-0.440034,-0.161087,-0.883414],612,58.8075,[-24.2539,150.193,-23.8137],[-23.3966,150.745,-24.1925],[38.3802,-143.029,-59.2837],false,[43.6984,149.076,112.098],[7.57405,158.272,48.6715],[-6.68562,157.52,8.1516],[-17.3214,153.626,-13.2009],[-26.1291,148.974,-27.0825],[[[0.628722,-0.63418,-0.450026],[0.602996,0.763016,-0.232814],[0.491023,-0.124989,0.862133]],[[0.723727,-0.646,-0.242698],[0.605024,0.763136,-0.227088],[0.33191,0.0175115,0.943148]],[[0.723727,-0.646,-0.242698],[0.531591,0.746147,-0.400845],[0.440034,0.161087,0.883414]],[[0.723727,-0.646,-0.242698],[0.458777,0.713123,-0.530075],[0.515502,0.272285,0.812477]]],1],[6122,[-0.269824,-0.49392,0.826582],612,67.0064,[-20.1625,96.9727,86.2328],[-20.3473,96.1952,85.3453],[21.9916,-78.0057,-9.45278],false,[52.094,142.724,105.712],[24.103,145.231,41.8549],[-12.6299,114.811,48.8256],[-20.3027,100.766,72.3306],[-19.685,95.0014,90.2059],[[[0.577211,-0.765958,-0.283084],[0.711242,0.641886,-0.28656],[0.401201,-0.035936,0.915285]],[[0.584002,-0.766461,-0.267356],[-0.279578,0.119291,-0.952683],[0.762088,0.631116,-0.14462]],[[0.584002,-0.766461,-0.267356],[-0.765596,-0.410586,-0.49526],[0.269824,0.49392,-0.826582]],[[0.584002,-0.766461,-0.267356],[-0.811086,-0.564302,-0.153953],[-0.0328709,0.306758,-0.95122]]],2],[6123,[-0.404609,-0.414071,0.815376],612,64.4285,[-8.07639,89.5383,82.1886],[-8.15482,88.8814,81.2296],[16.393,-83.4363,-8.44137],false,[59.4615,133.968,101.243],[40.9404,129.88,41.5434],[4.93384,103.733,45.5602],[-6.27462,92.2629,68.1477],[-8.26934,88.0251,86.2351],[[[0.57469,-0.809091,-0.122894],[0.763091,0.584049,-0.276729],[0.295676,0.0652542,0.953057]],[[0.573611,-0.809323,-0.126358],[-0.146705,0.0502619,-0.987903],[0.805883,0.585209,-0.0899007]],[[0.573611,-0.809323,-0.126358],[-0.712224,-0.416583,-0.564975],[0.404609,0.414071,-0.815376]],[[0.573611,-0.809323,-0.126358],[-0.812141,-0.541805,-0.216505],[0.106761,0.22681,-0.96807]]],3],[6124,[-0.559097,-0.268516,0.784416],612,50.5107,[7.75063,90.0714,73.3116],[7.90693,89.3715,72.638],[12.8406,-92.1757,-14.9741],false,[63.2825,120.268,100.729],[53.6338,112.818,44.0393],[22.4386,96.2063,45.1307],[11.5034,90.9545,60.473],[6.94142,89.1501,76.9969],[[[0.471011,-0.881406,0.0356623],[0.866291,0.454551,-0.20718],[0.1664,0.128478,0.977653]],[[0.47067,-0.881667,0.0336672],[-0.0113971,-0.0442303,-0.998956],[0.882236,0.469795,-0.0308664]],[[0.47067,-0.881667,0.0336672],[-0.682554,-0.388025,-0.61932],[0.559097,0.268516,-0.784416]],[[0.47067,-0.881667,0.0336672],[-0.841678,-0.460115,-0.282616],[0.264664,0.104682,-0.958642]]],4],[6140,[0.81813,-0.527968,0.227843],614,51.4445,[-47.9598,107.391,40.0408],[-43.8321,105.356,39.6084],[6.84175,-27.7373,11.8853],false,[-128.019,133.342,22.4044],[-128.019,133.342,22.4044],[-79.2079,137.73,27.5226],[-51.6729,119.961,35.1909],[-41.4214,100.139,41.1648],[[[-0.236592,-0.393152,-0.888513],[-0.449583,0.854985,-0.258602],[-0.861336,-0.338277,0.379037]],[[0.1218,-0.228128,-0.965983],[-0.0623256,0.96955,-0.236829],[-0.990596,-0.0890511,-0.103873]],[[0.1218,-0.228128,-0.965983],[0.561986,0.818051,-0.122332],[-0.81813,0.527968,-0.227843]],[[0.1218,-0.228128,-0.965983],[0.887833,0.460154,0.00327515],[-0.443754,0.85803,-0.258586]]],0],[6141,[0.969593,-0.0106578,0.244491],614,58.0494,[16.7953,128.762,-3.46761],[20.104,128.413,-4.52901],[2.09414,-19.7578,23.7236],false,[-127.301,124.903,0.592769],[-57.5156,129.051,-19.0684],[-15.4579,128.801,-13.6309],[7.67544,128.547,-7.79762],[23.6322,128.313,-2.3419],[[[0.0441776,-0.99758,-0.0536843],[-0.273147,0.0396278,-0.961156],[-0.960957,-0.0571252,0.270736]],[[-0.000641114,-0.999158,-0.0410125],[0.128351,0.040591,-0.990898],[-0.991729,0.00589927,-0.128217]],[[-0.000641114,-0.999158,-0.0410125],[0.244722,0.0396087,-0.968784],[-0.969593,0.0106578,-0.244491]],[[-0.000641114,-0.999158,-0.0410125],[0.323785,0.0385958,-0.945343],[-0.946131,0.0138853,-0.323487]]],1],[6142,[-0.847112,0.0977887,0.52234],614,66.1426,[-82.0911,118.144,35.3001],[-76.3179,115.883,34.3406],[-1.09175,6.46052,5.0041],false,[-126.67,113.008,-1.82522],[-60.6706,107.498,-20.7075],[-38.6387,113.008,21.1015],[-62.417,115.753,35.7635],[-80.8673,115.952,33.8564],[[[-0.0401441,-0.988167,0.148032],[-0.282778,-0.130859,-0.950217],[-0.958345,0.0800058,0.274178]],[[-0.025512,-0.989273,0.14383],[0.88596,-0.08902,-0.455138],[-0.46306,-0.115816,-0.878728]],[[-0.025512,-0.989273,0.14383],[0.530802,0.108514,0.84052],[0.847112,-0.0977887,-0.52234]],[[-0.025512,-0.989273,0.14383],[-0.100166,0.145683,0.984248],[0.994644,-0.0107032,0.102808]]],2],[6143,[-0.811074,0.29451,0.505394],614,63.5979,[-87.7848,104.967,32.2647],[-82.6793,103.242,32.1435],[-4.16026,7.29324,6.82222],false,[-126.63,100.902,-1.10542],[-68.7849,86.7318,-17.7299],[-46.7568,93.0434,19.9537],[-68.9355,101.097,33.7736],[-87.0374,103.951,31.6939],[[[-0.159303,-0.952928,0.257974],[-0.315329,-0.198508,-0.927988],[-0.935516,0.229178,0.268863]],[[-0.179739,-0.947684,0.263796],[0.847485,-0.285331,-0.44761],[-0.499462,-0.14311,-0.854434]],[[-0.179739,-0.947684,0.263796],[0.556644,0.123119,0.821577],[0.811074,-0.29451,-0.505394]],[[-0.179739,-0.947684,0.263796],[-0.066041,0.279183,0.957964],[0.981495,-0.154762,0.112766]]],3],[6144,[-0.700045,0.543236,0.463499],614,49.8596,[-85.4137,91.6301,24.7087],[-81.5594,90.6122,24.7127],[-12.0619,6.94507,5.71979],false,[-126.955,89.2618,6.75338],[-76.3871,68.4982,-10.2148],[-55.9626,76.1047,17.0475],[-69.4781,86.5927,25.9961],[-85.5364,91.9437,24.2649],[[[-0.212202,-0.874012,0.437118],[-0.417671,-0.323274,-0.849143],[-0.883471,0.362762,0.296451]],[[-0.324113,-0.820072,0.471629],[0.743321,-0.52914,-0.409248],[-0.585171,-0.217929,-0.781078]],[[-0.324113,-0.820072,0.471629],[0.636309,0.179935,0.750156],[0.700045,-0.543237,-0.463499]],[[-0.324113,-0.820072,0.471629],[0.0648826,0.478097,0.875907],[0.943791,-0.314493,0.101749]]],4]],[[0,200,0],[235.247,235.247,147.751]]],[777873,204976258444,[[612,"right",[-0.280893,0.125015,-0.951562],[-0.67065,-0.734807,0.101432],[31.0686,136.042,65.0028],[34.9742,-98.1606,-37.0261],[30.485,136.993,65.3149],0.87395,0,0.574738,[[0.538819,-0.654662,-0.53018],[0.585378,0.74355,-0.323212],[0.60581,-0.136203,0.783864]],63.72,[217.936,90.6088,325.38],[54.3673,127.384,113.737]],[614,"left",[0.904194,-0.107761,-0.413305],[0.412455,-0.03111,0.910447],[-81.6578,107.073,-6.49532],[0.357549,2.98121,5.03059],[-86.8614,109.294,-5.59707],0.705097,0.00995179,0.416671,[[-0.33163,-0.940906,0.0686764],[-0.228698,0.00955464,-0.973451],[-0.91527,0.338532,0.218352]],62.8985,[-376.386,195.698,69.9707],[-132.449,105.473,11.7758]]],[[6120,[-0.460731,-0.459288,-0.759461],612,52.1164,[-23.7743,113.85,63.4341],[-23.9139,114.137,63.2744],[57.7219,-122.185,-33.6642],false,[28.5137,138.025,126.362],[28.5137,138.025,126.362],[-12.0689,143.908,97.8982],[-27.7778,128.248,72.0039],[-21.9149,108.676,60.5888],[[[0.821295,0.413365,-0.393197],[-0.142972,0.816348,0.559585],[0.552298,-0.403369,0.729562]],[[0.534496,0.539541,-0.650545],[-0.230997,0.833671,0.50163],[0.812991,-0.117845,0.570226]],[[0.534496,0.539541,-0.650545],[-0.708549,0.705655,0.00309593],[0.460731,0.459288,0.759461]],[[0.534496,0.539541,-0.650545],[-0.807191,0.0977308,-0.582143],[-0.250512,0.836268,0.48775]]],0],[6121,[-0.434839,-0.160035,-0.886174],612,58.8075,[-23.2305,149.408,-24.3601],[-22.3608,149.827,-24.7398],[62.241,-129.956,-61.7927],false,[44.1586,148.354,111.856],[8.30657,157.445,48.2599],[-5.77064,156.638,7.67731],[-16.2809,152.77,-13.7419],[-24.9948,148.165,-27.6981],[[[0.629625,-0.636202,-0.445892],[0.605054,0.761563,-0.232232],[0.487321,-0.12357,0.864435]],[[0.723755,-0.647648,-0.238181],[0.607301,0.761708,-0.2258],[0.327664,0.018776,0.944608]],[[0.723755,-0.647648,-0.238181],[0.535811,0.744943,-0.397449],[0.434839,0.160035,0.886174]],[[0.723755,-0.647648,-0.238181],[0.464827,0.712671,-0.525392],[0.510014,0.269542,0.816843]]],1],[6122,[-0.272197,-0.490475,0.827854],612,67.0064,[-19.7291,96.3588,86.0706],[-19.7571,95.5253,85.1208],[34.2701,-77.6597,-13.3362],false,[52.5709,141.974,105.52],[24.8442,144.363,41.5429],[-11.9244,113.998,48.5639],[-19.6648,100.051,72.1051],[-19.1066,94.3469,90.0018],[[[0.577241,-0.767491,-0.278837],[0.713341,0.640144,-0.285237],[0.397413,-0.0342558,0.917]],[[0.584013,-0.767968,-0.262972],[-0.277531,0.115534,-0.953745],[0.762828,0.629982,-0.145661]],[[0.584013,-0.767968,-0.262972],[-0.764747,-0.411897,-0.495482],[0.272197,0.490475,-0.827854]],[[0.584013,-0.767968,-0.262972],[-0.811201,-0.564002,-0.154451],[-0.0297033,0.303524,-0.952361]]],2],[6123,[-0.407846,-0.411015,0.815309],612,64.4285,[-7.66377,88.8935,82.0029],[-7.62175,88.1732,80.9935],[28.2541,-82.7531,-13.6831],false,[59.9437,133.196,101.102],[41.6602,128.987,41.3381],[5.60567,102.9,45.3132],[-5.69247,91.5143,67.8988],[-7.75525,87.3334,85.9918],[[[0.574004,-0.810225,-0.118553],[0.765065,0.582256,-0.275052],[0.291883,0.0671804,0.954092]],[[0.572958,-0.81046,-0.121957],[-0.143313,0.0474388,-0.98854],[0.806957,0.58387,-0.0889691]],[[0.572958,-0.81046,-0.121957],[-0.710901,-0.417398,-0.566037],[0.407846,0.411015,-0.815309]],[[0.572958,-0.81046,-0.121957],[-0.812115,-0.54137,-0.217688],[0.110403,0.223769,-0.968369]]],3],[6124,[-0.562864,-0.265663,0.782693],612,50.5107,[8.1673,89.3811,73.1135],[8.43915,88.6077,72.4003],[25.5642,-90.9822,-18.6202],false,[63.7468,119.489,100.638],[54.3184,111.913,43.9278],[23.0956,95.3473,44.9265],[12.0867,90.1513,60.2351],[7.45151,88.3975,76.744],[[[0.469574,-0.881998,0.0397568],[0.867791,0.45278,-0.204764],[0.1626,0.130652,0.978004]],[[0.469287,-0.882226,0.0380352],[-0.0071,-0.0468411,-0.998877],[0.883017,0.46849,-0.0282457]],[[0.469287,-0.882226,0.0380352],[-0.680407,-0.388716,-0.621245],[0.562864,0.265663,-0.782693]],[[0.469287,-0.882226,0.0380352],[-0.841105,-0.4597,-0.28499],[0.26891,0.10175,-0.957776]]],4],[6140,[0.81613,-0.530787,0.228468],614,51.4445,[-47.9158,107.36,40.0395],[-43.7896,105.121,39.7109],[7.35985,-28.9965,12.4966],false,[-127.983,133.468,22.4187],[-127.983,133.468,22.4187],[-79.1498,137.496,27.6178],[-51.6822,119.631,35.3071],[-41.3192,99.8701,41.2905],[[[-0.237127,-0.39306,-0.888411],[-0.448024,0.855684,-0.258998],[-0.862001,-0.336614,0.379006]],[[0.121689,-0.228636,-0.965876],[-0.054824,0.970074,-0.236537],[-0.991053,-0.0817373,-0.105513]],[[0.121689,-0.228636,-0.965876],[0.564911,0.816082,-0.122006],[-0.81613,0.530787,-0.228468]],[[0.121689,-0.228636,-0.965876],[0.885422,0.464785,0.00153203],[-0.448574,0.855395,-0.258999]]],0],[6141,[0.969368,-0.0121883,0.245312],614,58.0494,[16.8143,128.759,-3.46783],[20.1244,128.27,-4.42431],[2.18657,-18.7088,20.2109],false,[-127.277,125.019,0.610317],[-57.4803,129.037,-19.0397],[-15.4273,128.719,-13.569],[7.70065,128.428,-7.71616],[23.6523,128.169,-2.24656],[[[0.0424225,-0.997677,-0.0533091],[-0.272903,0.0397569,-0.96122],[-0.961106,-0.0553256,0.270583]],[[-0.00226762,-0.99917,-0.0406827],[0.129198,0.0400491,-0.99081],[-0.991616,0.00750292,-0.129]],[[-0.00226762,-0.99917,-0.0406827],[0.245604,0.0388802,-0.96859],[-0.969367,0.0121883,-0.245312]],[[-0.00226762,-0.99917,-0.0406827],[0.324665,0.0377434,-0.945076],[-0.945826,0.0153513,-0.32431]]],1],[6142,[-0.847674,0.0995533,0.521094],614,66.1426,[-82.0821,118.14,35.2984],[-76.3756,115.928,34.3642],[-3.10623,6.17672,4.38007],false,[-126.666,113.122,-1.80318],[-60.6731,107.489,-20.6715],[-38.6996,112.98,21.1708],[-62.4936,115.774,35.7978],[-80.9421,116.007,33.8764],[[[-0.0419187,-0.98804,0.148389],[-0.282837,-0.130709,-0.95022],[-0.958251,0.0818018,0.273975]],[[-0.027495,-0.989159,0.144249],[0.886541,-0.0907986,-0.453652],[-0.461832,-0.11541,-0.879427]],[[-0.027495,-0.989159,0.144249],[0.529805,0.107949,0.841221],[0.847674,-0.0995533,-0.521094]],[[-0.027495,-0.989159,0.144249],[-0.100651,0.14631,0.984105],[0.994542,-0.0125391,0.103583]]],2],[6143,[-0.811225,0.295695,0.50446],614,63.5979,[-87.7805,104.965,32.2647],[-82.7484,103.295,32.1821],[-5.74296,6.97412,6.24316],false,[-126.648,101.017,-1.07892],[-68.8246,86.7379,-17.6877],[-46.8441,93.0452,20.0244],[-69.0269,101.131,33.8188],[-87.1242,104.01,31.7331],[[[-0.161035,-0.95255,0.258296],[-0.315512,-0.198292,-0.927972],[-0.935158,0.230931,0.268609]],[[-0.181135,-0.947356,0.26402],[0.847823,-0.286468,-0.446242],[-0.498384,-0.143012,-0.85508]],[[-0.181135,-0.947356,0.26402],[0.555972,0.122804,0.822079],[0.811225,-0.295695,-0.504459]],[[-0.181135,-0.947356,0.26402],[-0.065922,0.279553,0.957865],[0.981246,-0.156098,0.113088]]],3],[6144,[-0.700677,0.543588,0.46213],614,49.8596,[-85.4033,91.6275,24.7087],[-81.6621,90.6625,24.7458],[-12.5623,6.57807,5.22466],false,[-126.994,89.3799,6.78411],[-76.4604,68.5206,-10.1672],[-56.0748,76.1415,17.12],[-69.6025,86.6364,26.0422],[-85.6569,91.9937,24.2949],[[[-0.213827,-0.873475,0.437402],[-0.418089,-0.322847,-0.8491],[-0.882881,0.364433,0.296157]],[[-0.324884,-0.81975,0.471658],[0.74386,-0.529467,-0.407844],[-0.584057,-0.218345,-0.781794]],[[-0.324884,-0.81975,0.471658],[0.635218,0.180341,0.750983],[0.700677,-0.543588,-0.46213]],[[-0.324884,-0.81975,0.471658],[0.0643237,0.478404,0.875781],[0.943564,-0.314866,0.102696]]],4]],[[0,200,0],[235.247,235.247,147.751]]],[777874,204976267112,[[612,"right",[-0.276349,0.127692,-0.952537],[-0.669873,-0.73629,0.0956394],[32.0504,135.035,64.7954],[55.7972,-102.932,-33.5435],[31.1273,136.19,65.1018],0.87276,0,0.597574,[[0.545283,-0.654901,-0.523232],[0.58152,0.745104,-0.326578],[0.603739,-0.126193,0.787131]],63.72,[218.13,92.1834,326.141],[55.1202,126.255,113.616]],[614,"left",[0.904162,-0.108592,-0.413158],[0.412307,-0.0312303,0.910509],[-81.6523,107.077,-6.49076],[0.431767,2.3129,3.83268],[-86.8583,109.293,-5.5976],0.699587,0.0109882,0.424081,[[-0.331444,-0.940973,0.0686565],[-0.228689,0.00952615,-0.973453],[-0.915339,0.338346,0.218348]],62.8985,[-376.402,195.698,69.9677],[-132.447,105.522,11.7739]]],[[6120,[-0.455085,-0.459393,-0.762795],612,52.1164,[-22.8888,112.849,63.0821],[-22.7919,112.94,62.7971],[76.5707,-125.454,-37.7954],false,[29.1854,136.81,126.148],[29.1854,136.81,126.148],[-11.3019,142.717,97.5531],[-26.8183,127.054,71.5451],[-20.7538,107.519,60.172],[[[0.822532,0.416078,-0.38771],[-0.147183,0.814238,0.561564],[0.549343,-0.40484,0.730976]],[[0.53589,0.542843,-0.64664],[-0.234447,0.831457,0.503701],[0.811084,-0.118326,0.572837]],[[0.53589,0.542843,-0.64664],[-0.71114,0.70305,0.0008556],[0.455085,0.459393,0.762795]],[[0.53589,0.542843,-0.64664],[-0.803539,0.0928581,-0.587964],[-0.259127,0.834685,0.485958]]],0],[6121,[-0.428422,-0.155458,-0.890105],612,58.8075,[-21.8565,148.733,-24.8598],[-20.9335,149.072,-25.1957],[91.6964,-115.98,-60.8393],false,[44.8847,147.214,111.754],[9.33533,156.455,48.0098],[-4.51719,155.785,7.34743],[-14.8723,152.027,-14.1668],[-23.468,147.515,-28.2265],[[[0.632948,-0.633635,-0.44484],[0.604886,0.763368,-0.226677],[0.483207,-0.125603,0.866449]],[[0.726057,-0.64561,-0.236707],[0.607354,0.763508,-0.219492],[0.322434,0.0155986,0.946464]],[[0.726057,-0.64561,-0.236707],[0.537862,0.747677,-0.389465],[0.428422,0.155458,0.890105]],[[0.726057,-0.64561,-0.236707],[0.468762,0.716556,-0.516536],[0.503095,0.264076,0.822897]]],1],[6122,[-0.272325,-0.49182,0.827014],612,67.0064,[-18.992,95.5404,85.8409],[-18.6429,94.4134,84.7593],[59.9087,-90.9515,-19.6642],false,[53.3396,140.869,105.439],[25.9289,143.424,41.3323],[-10.7625,112.947,48.2705],[-18.5064,98.9611,71.7878],[-17.9815,93.2355,89.6786],[[[0.579958,-0.765568,-0.278486],[0.713647,0.642312,-0.279541],[0.392883,-0.0366185,0.918859]],[[0.586735,-0.766091,-0.262386],[-0.276183,0.115278,-0.954167],[0.761226,0.632309,-0.143944]],[[0.586735,-0.766091,-0.262386],[-0.762615,-0.413784,-0.497194],[0.272325,0.49182,-0.827014]],[[0.586735,-0.766091,-0.262386],[-0.809297,-0.565927,-0.157368],[-0.0279324,0.304681,-0.952045]]],2],[6123,[-0.410593,-0.414019,0.812405],612,64.4285,[-6.97153,88.0441,81.6667],[-6.60518,87.0615,80.4966],[51.7731,-94.8805,-25.5295],false,[60.7497,132.119,101.029],[42.7724,128.078,41.1607],[6.74919,101.914,44.9053],[-4.62506,90.4444,67.4105],[-6.76048,86.2081,85.4822],[[[0.575993,-0.80884,-0.118362],[0.76542,0.584479,-0.26929],[0.286992,0.0645125,0.955758]],[[0.574982,-0.809062,-0.121716],[-0.139084,0.0499449,-0.98902],[0.806257,0.585598,-0.0838103]],[[0.574982,-0.809062,-0.121716],[-0.707678,-0.417143,-0.570249],[0.410593,0.414019,-0.812405]],[[0.574982,-0.809062,-0.121716],[-0.810144,-0.542228,-0.