{"metadata":{"formatVersion":2,"generatedBy":"LeapJS Playback 0.2.1","frames":1,"protocolVersion":6,"serviceVersion":"2.2.3+25971","frameRate":"75","modified":"Tue Mar 03 2015 19:52:42 GMT-0300 (E. South America Standard Time)"},"frames":[["id","timestamp",{"hands":[["id","type","direction","palmNormal","palmPosition","palmVelocity","stabilizedPalmPosition","pinchStrength","grabStrength","confidence","armBasis","armWidth","elbow","wrist"]]},{"pointables":[["id","direction","handId","length","stabilizedTipPosition","tipPosition","tipVelocity","tool","carpPosition","mcpPosition","pipPosition","dipPosition","btipPosition","bases","type"]]},{"interactionBox":["center","size"]}],[640340,601925181842,[[427,"right",[-0.859553,0.0180076,-0.510729],[-0.505477,-0.177089,0.844472],[64.1061,151.365,-29.6143],[-12.5723,-51.2446,-17.9276],[64.6763,153.773,-28.7657],0.76188,0,0.387765,[[0.0622716,-0.983924,-0.167382],[0.418004,0.178001,-0.890836],[0.906308,-0.0144926,0.422369]],63.72,[357.982,139.744,107.127],[113.279,143.657,-6.91276]]],[[4270,[-0.886313,-0.462977,0.0100791],427,52.1164,[20.5661,147.9,7.32789],[21.2144,147.696,7.60685],[5.31476,-15.8488,-4.9495],false,[108.617,169.735,8.55413],[108.617,169.735,8.55413],[59.6307,179.139,6.62433],[29.4113,163.354,6.96798],[19.5597,142.161,8.2204],[[[0.314661,-0.234064,-0.919893],[0.500959,0.86411,-0.0485112],[0.806243,-0.445564,0.389159]],[[0.0256789,-0.0708674,-0.997155],[0.190587,0.979535,-0.0647072],[0.981334,-0.188383,0.0386598]],[[0.0256789,-0.0708674,-0.997155],[-0.462374,0.883533,-0.0746995],[0.886313,0.462977,-0.0100791]],[[0.0256789,-0.0708674,-0.997155],[-0.906723,0.418373,-0.0530837],[0.420945,0.905506,-0.0535138]]],0],[4271,[-0.995016,-0.0749233,-0.0657974],427,58.8075,[-37.5102,171.696,-49.0832],[-37.2424,172.466,-50.3715],[-17.2964,-53.1199,19.5907],false,[109.91,165.454,-14.7242],[41.8244,176.834,-40.1685],[-0.432184,174.515,-47.5691],[-24.4821,172.704,-49.1594],[-41.4967,171.167,-48.9183],[[[-0.0701515,-0.967037,-0.244782],[0.372315,0.202272,-0.905797],[0.925452,-0.154679,0.345852]],[[0.0858655,-0.979283,-0.183388],[0.15879,0.195166,-0.967831],[0.983571,0.0539831,0.172258]],[[0.0858655,-0.979283,-0.183388],[0.0506942,0.188124,-0.980836],[0.995016,0.0749233,0.0657973]],[[0.0858655,-0.979283,-0.183388],[-0.0303166,0.181414,-0.982939],[0.995845,0.0899603,-0.0141113]]],1],[4272,[-0.998584,-0.0448657,0.0285831],427,67.0064,[-39.3893,149.043,-67.4238],[-45.9063,150.361,-48.7729],[-21.044,-14.9026,27.1892],false,[109.144,154.11,-19.4515],[44.4779,155.546,-45.6021],[-3.46745,153.492,-50.1083],[-31.8636,152.216,-49.2955],[-50.5061,151.35,-47.0938],[[[-0.00691044,-0.999262,-0.0377784],[0.375322,0.0324255,-0.926327],[0.926869,-0.0205804,0.374821]],[[0.0443926,-0.99887,-0.0169781],[0.0926593,0.0210385,-0.995476],[0.994708,0.0426186,0.0934885]],[[0.0443926,-0.99887,-0.0169781],[-0.0293125,0.0156852,-0.999447],[0.998584,0.0448657,-0.0285831]],[[0.0443926,-0.99887,-0.0169781],[-0.117809,0.011642,-0.992968],[0.992044,0.0460806,-0.117159]]],2],[4273,[0.669187,0.142504,0.729302],427,64.4285,[54.4914,139.383,9.27766],[56.1635,139.494,8.70563],[-13.55,-17.227,-6.83437],false,[108.637,141.941,-21.0549],[51.667,133.924,-45.8331],[21.7237,133.652,-12.673],[40.2615,137.599,7.5301],[58.6717,139.866,9.77027],[[[0.101288,-0.990981,0.0877301],[0.403225,-0.0397228,-0.914238],[0.909478,0.127976,0.395565]],[[0.110678,-0.989607,0.0918118],[-0.733901,-0.143672,-0.663888],[0.670179,0.0060967,-0.742175]],[[0.110678,-0.989607,0.0918118],[-0.734805,-0.0192781,0.678004],[-0.669187,-0.142504,-0.729302]],[[0.110678,-0.989607,0.0918118],[-0.129791,0.0771963,0.988532],[-0.985345,-0.121325,-0.119898]]],3],[4274,[0.598033,0.256133,0.759442],427,50.5107,[57.2888,125.906,-0.921587],[57.5016,124.767,-0.584695],[-15.9466,-25.6872,5.3753],false,[107.764,128.881,-15.4653],[57.9462,113.999,-41.1372],[31.9449,117.94,-17.5009],[43.6417,122.95,-2.6471],[60.3547,125.377,0.800985],[[[0.137843,-0.949232,0.282767],[0.492826,-0.18191,-0.850901],[0.85914,0.256646,0.442731]],[[0.086983,-0.962705,0.25619],[-0.672084,-0.246534,-0.698229],[0.735348,-0.111448,-0.668463]],[[0.086983,-0.962705,0.25619],[-0.796737,0.0871519,0.598009],[-0.598033,-0.256133,-0.759442]],[[0.086983,-0.962705,0.25619],[-0.228664,0.231005,0.945701],[-0.969612,-0.140841,-0.200042]]],4]],[[0,200,0],[235.247,235.247,147.751]]]]}