{"metadata":{"formatVersion":2,"generatedBy":"LeapJS Playback 0.2.1","frames":133,"protocolVersion":6,"serviceVersion":"2.2.3+25971","frameRate":"1.1e+2","modified":"Tue Mar 03 2015 19:51:27 GMT-0300 (E. South America Standard Time)"},"frames":[["id","timestamp",{"hands":[["id","type","direction","palmNormal","palmPosition","palmVelocity","stabilizedPalmPosition","pinchStrength","grabStrength","confidence","armBasis","armWidth","elbow","wrist"]]},{"pointables":[["id","direction","handId","length","stabilizedTipPosition","tipPosition","tipVelocity","tool","carpPosition","mcpPosition","pipPosition","dipPosition","btipPosition","bases","type"]]},{"interactionBox":["center","size"]}],[636276,601843872297,[[425,"right",[-0.191217,0.759337,-0.621968],[-0.299647,-0.64857,-0.699691],[39.8787,101.411,11.146],[43.8943,30.1781,-11.4951],[39.7326,101.336,11.1681],0,0,0.793442,[[0.861567,0.0437067,-0.505759],[0.215151,0.870943,0.441779],[0.459796,-0.489437,0.740972]],58.2952,[170.604,-54.8036,225.217],[57.0279,66.0939,42.1866]]],[[4250,[-0.587122,0.615541,-0.525734],425,47.6795,[-31.9673,116.146,9.52349],[-31.9412,115.104,8.39153],[58.5457,102.59,-6.50062],false,[30.2882,58.6797,46.3892],[30.2882,58.6797,46.3892],[-3.44596,86.8643,34.0119],[-21.76,106.065,17.6128],[-34.907,119.326,7.13708],[[[0.606817,0.707113,0.362994],[-0.543603,0.0360222,0.838569],[0.579887,-0.706183,0.406247]],[[0.537783,0.782016,0.315025],[-0.40637,-0.0869493,0.909562],[0.738683,-0.617163,0.271028]],[[0.537783,0.782016,0.315025],[-0.605043,0.0977728,0.790166],[0.587122,-0.615541,0.525734]],[[0.537783,0.782016,0.315025],[-0.577723,0.0696848,0.813253],[0.614025,-0.61935,0.489264]]],0],[4251,[-0.410358,0.693412,-0.592272],425,53.801,[-12.4744,176.575,-29.9648],[-12.6841,175.581,-30.4577],[113.944,73.7223,-39.4417],false,[40.6733,77.3274,50.2231],[14.6887,121.265,6.35454],[2.62739,155.833,-7.94353],[-6.44672,171.166,-21.0402],[-13.7834,178.484,-32.7428],[[[0.889317,0.0756622,-0.450989],[0.245089,0.753746,0.609753],[0.386066,-0.652796,0.651774]],[[0.870851,0.105253,-0.480146],[0.383995,0.464133,0.798203],[0.306865,-0.87949,0.363774]],[[0.870851,0.105253,-0.480146],[0.2706,0.712812,0.64705],[0.410358,-0.693412,0.592272]],[[0.870851,0.105253,-0.480146],[0.145984,0.877353,0.4571],[0.469368,-0.46816,0.748678]]],1],[4252,[-0.127809,0.772936,-0.621478],425,61.3019,[27.2467,189.547,-44.1866],[26.8022,188.519,-44.9094],[122.754,55.7882,-8.38817],false,[50.7574,79.6962,45.7957],[34.0944,121.564,0.590703],[33.8235,161.627,-17.8322],[30.4985,181.735,-34.0003],[26.5179,191.997,-47.2075],[[[0.8784,-0.14284,-0.456082],[0.400327,0.741171,0.538891],[0.261059,-0.655944,0.708227]],[[0.892867,-0.183143,-0.411397],[0.450279,0.375551,0.810068],[0.00614244,-0.908526,0.417783]],[[0.892867,-0.183143,-0.411397],[0.431803,0.607477,0.666721],[0.127809,-0.772936,0.621478]],[[0.892867,-0.183143,-0.411397],[0.386239,0.781164,0.490512],[0.231535,-0.59686,0.768212]]],2],[4253,[-0.016665,0.774647,-0.632174],425,58.9434,[55.8959,180.215,-46.6913],[55.8569,179.233,-47.4821],[110.764,36.476,4.39912],false,[60.7152,79.2015,40.6072],[53.9113,116.031,-2.76766],[58.4833,152.613,-20.4234],[58.0609,172.245,-36.445],[55.7608,182.746,-49.7353],[[[0.874548,-0.293274,-0.386207],[0.47018,0.707784,0.527231],[0.118728,-0.642676,0.756883]],[[0.874836,-0.294844,-0.384355],[0.471329,0.334884,0.815905],[-0.11185,-0.894941,0.431937]],[[0.874836,-0.294844,-0.384355],[0.484132,0.559454,0.672776],[0.016665,-0.774647,0.632174]],[[0.874836,-0.294844,-0.384355],[0.465355,0.731916,0.497739],[0.13456,-0.614301,0.777514]]],3],[4254,[0.116173,0.76307,-0.635789],425,46.2105,[80.5575,155.696,-42.1493],[80.4124,154.8,-42.7704],[119.488,34.0889,32.5195],false,[69.2374,72.5698,33.3319],[70.6757,106.874,-7.10716],[79.5682,134.659,-21.0848],[81.647,148.313,-32.4614],[81.0459,158.142,-44.7779],[[[0.792622,-0.478574,-0.377779],[0.60911,0.593975,0.525527],[-0.0271122,-0.646654,0.762302]],[[0.793086,-0.456625,-0.403124],[0.543551,0.231868,0.806715],[-0.274894,-0.858913,0.432091]],[[0.793086,-0.456625,-0.403124],[0.597929,0.457403,0.658228],[-0.116173,-0.76307,0.635789]],[[0.793086,-0.456625,-0.403124],[0.607916,0.634795,0.476941],[0.038118,-0.623321,0.781037]]],4]],[[0,200,0],[235.247,235.247,147.751]]],[636277,601843882695,[[425,"right",[-0.188582,0.759331,-0.622778],[-0.297761,-0.648515,-0.700547],[40.1631,101.499,11.2128],[38.7685,23.4747,-5.94309],[40.0736,101.465,11.2035],0,0,0.614717,[[0.860964,0.0454393,-0.506632],[0.214272,0.870924,0.442243],[0.461333,-0.489313,0.740098]],58.2952,[171.138,-54.6893,225.133],[57.1826,66.1775,42.3188]]],[[4250,[-0.582976,0.619254,-0.525988],425,47.6795,[-31.5479,116.67,9.68466],[-31.5723,115.57,8.55451],[51.8732,84.3892,0.199269],false,[30.4236,58.7835,46.4333],[30.4236,58.7835,46.4333],[-3.17619,87.1334,34.0682],[-21.3609,106.45,17.6612],[-34.5264,119.803,7.32682],[[[0.606102,0.70676,0.36487],[-0.54639,0.0366036,0.836731],[0.578013,-0.706505,0.408352]],[[0.54005,0.779008,0.318577],[-0.408692,-0.0881668,0.908404],[0.735742,-0.620784,0.27076]],[[0.54005,0.779008,0.318577],[-0.607029,0.0983368,0.788572],[0.582976,-0.619254,0.525988]],[[0.54005,0.779008,0.318577],[-0.574681,0.0647727,0.81581],[0.614888,-0.623659,0.482662]]],0],[4251,[-0.40347,0.700099,-0.589129],425,53.801,[-11.6269,177.105,-29.9807],[-11.9836,176.041,-30.4143],[100.238,64.6931,-25.2605],false,[40.8092,77.4246,50.2977],[15.0035,121.37,6.33227],[3.11502,155.985,-7.99833],[-5.80678,171.466,-21.0255],[-13.0332,178.996,-32.6618],[[[0.89088,0.0749216,-0.448017],[0.243581,0.753709,0.610402],[0.383407,-0.652924,0.653215]],[[0.873504,0.10303,-0.47579],[0.381449,0.462393,0.800431],[0.30247,-0.880669,0.364602]],[[0.873504,0.10303,-0.47579],[0.272403,0.706573,0.653109],[0.40347,-0.700099,0.589129]],[[0.873504,0.10303,-0.47579],[0.152513,0.870231,0.468441],[0.462311,-0.481749,0.744437]]],1],[4252,[-0.124161,0.775078,-0.619547],425,61.3019,[27.9212,189.82,-44.0356],[27.4142,188.77,-44.7566],[102.071,45.1218,-1.15907],false,[50.9098,79.7852,45.9037],[34.4287,121.655,0.633563],[34.2487,161.734,-17.755],[31.0186,181.898,-33.8728],[27.1189,192.237,-47.0438],[[[0.879824,-0.143574,-0.453097],[0.399047,0.741007,0.540065],[0.258209,-0.655969,0.709248]],[[0.894,-0.183523,-0.408758],[0.448048,0.374471,0.811803],[0.00408307,-0.908895,0.417004]],[[0.894,-0.183523,-0.408758],[0.430521,0.604627,0.670133],[0.124161,-0.775078,0.619547]],[[0.894,-0.183523,-0.408758],[0.386408,0.777615,0.495987],[0.226831,-0.60136,0.766103]]],2],[4253,[-0.0108264,0.780865,-0.624606],425,58.9434,[56.7082,180.649,-46.272],[56.535,179.666,-47.0001],[96.5981,38.7646,19.1206],false,[60.8846,79.2821,40.7488],[54.2528,116.107,-2.65698],[58.889,152.737,-20.1949],[58.6146,172.527,-36.0247],[56.4738,183.254,-49.1599],[[[0.87563,-0.293989,-0.383201],[0.468914,0.707567,0.528647],[0.115724,-0.642588,0.757423]],[[0.875666,-0.294189,-0.382965],[0.46941,0.332272,0.818077],[-0.113421,-0.89613,0.429054]],[[0.875666,-0.294189,-0.382965],[0.482797,0.551092,0.680592],[0.0108264,-0.780865,0.624606]],[[0.875666,-0.294189,-0.382965],[0.466395,0.720861,0.512675],[0.125241,-0.627545,0.768442]]],3],[4254,[0.121736,0.765657,-0.631625],425,46.2105,[81.419,155.955,-41.7608],[81.0559,155.023,-42.4046],[101.087,29.2146,33.1762],false,[69.4264,72.6427,33.5037],[71.0251,106.936,-6.93809],[79.9911,134.728,-20.8552],[82.1694,148.429,-32.1573],[81.7015,158.356,-44.4009],[[[0.793543,-0.479228,-0.375007],[0.607768,0.593658,0.527436],[-0.030136,-0.64646,0.762352]],[[0.794109,-0.456895,-0.400796],[0.540898,0.230554,0.808872],[-0.277165,-0.859123,0.430219]],[[0.794109,-0.456895,-0.400796],[0.595459,0.452788,0.663635],[-0.121736,-0.765657,0.631625]],[[0.794109,-0.456895,-0.400796],[0.607051,0.628455,0.486347],[0.029673,-0.629516,0.776421]]],4]],[[0,200,0],[235.247,235.247,147.751]]],[636278,601843893230,[[425,"right",[-0.188114,0.759246,-0.623024],[-0.298219,-0.648555,-0.700316],[40.1608,101.501,11.2087],[26.5559,16.1726,-4.20383],[40.1451,101.495,11.2077],0,0,0.553358,[[0.860641,0.0450198,-0.507219],[0.214819,0.871008,0.441811],[0.461682,-0.489201,0.739954]],58.2952,[171.2,-54.6608,225.104],[57.1587,66.1785,42.3257]]],[[4250,[-0.580268,0.623418,-0.52406],425,47.6795,[-31.4013,117.103,10.0458],[-31.4834,115.98,8.92735],[38.9526,70.2973,11.4058],false,[30.395,58.8034,46.4439],[30.395,58.8034,46.4439],[-3.0981,87.3391,34.2175],[-21.1983,106.785,17.8705],[-34.4296,120.242,7.75651],[[[0.606582,0.706485,0.364604],[-0.546326,0.0372417,0.836745],[0.577569,-0.706747,0.408561]],[[0.543791,0.775598,0.32053],[-0.407931,-0.0894922,0.908616],[0.733406,-0.624851,0.267726]],[[0.543791,0.775598,0.32053],[-0.606284,0.0989852,0.789064],[0.580268,-0.623418,0.52406]],[[0.543791,0.775598,0.32053],[-0.567818,0.0587963,0.821051],[0.61796,-0.628483,0.472372]]],0],[4251,[-0.398915,0.706301,-0.584813],425,53.801,[-11.1948,177.514,-29.8443],[-11.721,176.394,-30.2632],[77.2994,54.9073,-12.1351],false,[40.793,77.439,50.3016],[15.014,121.387,6.32269],[3.24803,156.053,-7.9835],[-5.57304,171.672,-20.9153],[-12.7335,179.393,-32.4671],[[[0.890908,0.0741879,-0.448085],[0.244104,0.753754,0.610138],[0.38301,-0.652956,0.653415]],[[0.874423,0.100947,-0.474547],[0.381803,0.46033,0.801451],[0.299352,-0.88199,0.363981]],[[0.874423,0.100947,-0.474547],[0.276138,0.700677,0.657875],[0.398915,-0.706301,0.584813]],[[0.874423,0.100947,-0.474547],[0.159798,0.863613,0.478161],[0.458094,-0.493946,0.739031]]],1],[4252,[-0.121938,0.778502,-0.615683],425,61.3019,[28.1327,190.046,-43.8268],[27.5744,188.992,-44.5685],[74.3001,37.326,5.49803],false,[50.8949,79.7915,45.9063],[34.4391,121.656,0.62297],[34.2895,161.763,-17.7065],[31.1172,182.016,-33.7238],[27.2729,192.478,-46.8134],[[[0.879708,-0.144302,-0.45309],[0.399558,0.740926,0.539798],[0.257813,-0.6559,0.709456]],[[0.893699,-0.183734,-0.409322],[0.448655,0.372866,0.812206],[0.00339303,-0.909512,0.415663]],[[0.893699,-0.183734,-0.409322],[0.43178,0.600147,0.673342],[0.121938,-0.778502,0.615683]],[[0.893699,-0.183734,-0.409322],[0.388976,0.771965,0.50276],[0.223609,-0.608533,0.761372]]],2],[4253,[-0.0109982,0.782216,-0.622911],425,58.9434,[56.8867,180.812,-46.1134],[56.5607,179.77,-46.9119],[65.4355,28.7104,15.182],false,[60.8692,79.2802,40.7511],[54.2594,116.095,-2.66665],[58.855,152.731,-20.2018],[58.5762,172.555,-35.9886],[56.4458,183.337,-49.0811],[[[0.875419,-0.294691,-0.383144],[0.469403,0.707437,0.528388],[0.115339,-0.64241,0.757632]],[[0.875243,-0.293719,-0.384289],[0.470435,0.332263,0.817491],[-0.112428,-0.896287,0.428987]],[[0.875243,-0.293719,-0.384289],[0.483558,0.549425,0.681399],[0.0109982,-0.782216,0.622911]],[[0.875243,-0.293719,-0.384289],[0.467348,0.71828,0.515421],[0.124638,-0.630716,0.765939]]],3],[4254,[0.124178,0.767276,-0.62918],425,46.2105,[81.7764,156.076,-41.5726],[81.1858,155.105,-42.3042],[72.854,21.6807,25.4703],false,[69.4063,72.6327,33.5078],[71.0255,106.912,-6.94549],[80.0135,134.704,-20.8471],[82.2355,148.434,-32.1054],[81.8316,158.425,-44.2991],[[[0.793211,-0.479873,-0.374884],[0.608182,0.593436,0.527208],[-0.0305231,-0.646185,0.76257]],[[0.793792,-0.457283,-0.400983],[0.541014,0.229712,0.809034],[-0.277847,-0.859142,0.42974]],[[0.793792,-0.457283,-0.400983],[0.595378,0.449645,0.665842],[-0.124178,-0.767276,0.62918]],[[0.793792,-0.457283,-0.400983],[0.60765,0.624073,0.491218],[0.0256171,-0.633582,0.773252]]],4]],[[0,200,0],[235.247,235.247,147.751]]],[636279,601843904768,[[425,"right",[-0.183606,0.758738,-0.624985],[-0.297567,-0.648863,-0.700308],[40.0449,101.569,11.4559],[14.2084,12.6941,4.44495],[40.059,101.558,11.4209],0,0,0.566838,[[0.85857,0.0459299,-0.510635],[0.215773,0.871108,0.44115],[0.46508,-0.48894,0.737997]],58.2952,[171.706,-54.5255,224.99],[56.8252,66.2492,42.6943]]],[[4250,[-0.574218,0.627315,-0.526071],425,47.6795,[-31.3912,117.674,10.3564],[-31.4927,116.563,9.23003],[25.6929,63.3232,16.2849],false,[30.0251,58.9597,46.7271],[30.0251,58.9597,46.7271],[-3.2564,87.7089,34.4234],[-21.1679,107.277,18.0138],[-34.4439,120.839,8.10134],[[[0.607322,0.70532,0.365628],[-0.549264,0.0402623,0.834679],[0.573994,-0.707745,0.411859]],[[0.547446,0.771989,0.323011],[-0.411331,-0.08791,0.907237],[0.728772,-0.629528,0.269417]],[[0.547446,0.771989,0.323011],[-0.60875,0.102517,0.786711],[0.574218,-0.627315,0.526071]],[[0.547446,0.771989,0.323011],[-0.561995,0.0531603,0.82543],[0.620052,-0.633409,0.462956]]],0],[4251,[-0.391749,0.710972,-0.583997],425,53.801,[-10.7361,177.936,-29.7389],[-11.2981,176.804,-30.1881],[63.7344,47.7947,-5.43655],false,[40.4637,77.5711,50.5914],[14.9747,121.52,6.44464],[3.433,156.232,-7.93363],[-5.22961,171.953,-20.8473],[-12.2803,179.815,-32.3717],[[[0.892751,0.0708144,-0.44495],[0.244091,0.754067,0.609756],[0.378702,-0.652969,0.655909]],[[0.877021,0.0966679,-0.470626],[0.38027,0.459025,0.802927],[0.293646,-0.883149,0.365815]],[[0.877021,0.0966679,-0.470626],[0.278148,0.696545,0.661407],[0.391749,-0.710972,0.583997]],[[0.877021,0.0966679,-0.470626],[0.165433,0.85889,0.484706],[0.451071,-0.502954,0.737273]]],1],[4252,[-0.115217,0.784,-0.609975],425,61.3019,[28.5605,190.439,-43.3233],[28.0527,189.375,-44.115],[62.1875,36.5406,19.0289],false,[50.5884,79.8865,46.2291],[34.4212,121.723,0.815495],[34.4459,161.873,-17.4185],[31.4484,182.269,-33.2873],[27.7493,192.927,-46.2604],[[[0.880927,-0.14765,-0.449629],[0.399762,0.740665,0.540006],[0.253293,-0.655451,0.711496]],[[0.894186,-0.185578,-0.407423],[0.447696,0.369517,0.814264],[-0.000559703,-0.910505,0.413499]],[[0.894186,-0.185578,-0.407423],[0.432617,0.592373,0.67966],[0.115217,-0.784,0.609975]],[[0.894186,-0.185578,-0.407423],[0.392603,0.762409,0.514389],[0.215163,-0.619915,0.754593]]],2],[4253,[-0.00397566,0.787334,-0.616513],425,58.9434,[57.2764,181.095,-45.5534],[57.0054,180.059,-46.321],[56.2662,28.125,29.3964],false,[60.5799,79.3372,41.1112],[54.2369,116.098,-2.39231],[58.9962,152.774,-19.7989],[58.8954,172.728,-35.4236],[56.9237,183.689,-48.391],[[[0.875941,-0.297907,-0.379446],[0.469549,0.706951,0.528908],[0.110684,-0.64146,0.759129]],[[0.875467,-0.295202,-0.382641],[0.469043,0.328259,0.819905],[-0.116432,-0.897275,0.425842]],[[0.875467,-0.295202,-0.382641],[0.483262,0.541258,0.688111],[0.00397566,-0.787334,0.616513]],[[0.875467,-0.295202,-0.382641],[0.46931,0.708289,0.527328],[0.115352,-0.641235,0.758625]]],3],[4254,[0.130939,0.768435,-0.626388],425,46.2105,[82.1188,156.105,-41.1811],[81.5305,155.115,-41.8398],[57.8109,14.0639,30.4461],false,[69.1238,72.6525,33.9104],[70.9914,106.858,-6.59438],[80.1081,134.619,-20.4742],[82.451,148.37,-31.6826],[82.1907,158.43,-43.8228],[[[0.793159,-0.482833,-0.371175],[0.607996,0.592542,0.528427],[-0.0352053,-0.644799,0.763541]],[[0.793909,-0.459694,-0.397983],[0.538781,0.228478,0.810872],[-0.281823,-0.858183,0.429065]],[[0.793909,-0.459694,-0.397983],[0.593771,0.445184,0.670259],[-0.130939,-0.768435,0.626388]],[[0.793909,-0.459694,-0.397983],[0.607813,0.61777,0.498923],[0.0165097,-0.637998,0.769861]]],4]],[[0,200,0],[235.247,235.247,147.751]]],[636280,601843916364,[[425,"right",[-0.183873,0.758502,-0.625193],[-0.297163,-0.64917,-0.700194],[40.0579,101.543,11.5593],[9.77532,7.63873,5.95947],[40.0581,101.546,11.5327],0,0,0.600706,[[0.857703,0.0471982,-0.511975],[0.215333,0.87126,0.441064],[0.466881,-0.488547,0.737119]],58.2952,[172.176,-54.439,224.887],[56.8503,66.2387,42.8086]]],[[4250,[-0.572967,0.629739,-0.524535],425,47.6795,[-31.3596,117.896,10.7682],[-31.4525,116.782,9.65713],[17.9979,47.7731,23.4625],false,[30.053,58.9376,46.8393],[30.053,58.9376,46.8393],[-3.17552,87.7864,34.6261],[-21.048,107.43,18.2644],[-34.4349,121.055,8.59084],[[[0.606939,0.705692,0.365545],[-0.549401,0.0402049,0.834591],[0.574267,-0.707377,0.41211]],[[0.549289,0.770055,0.324495],[-0.410926,-0.0892076,0.907294],[0.727613,-0.63171,0.267435]],[[0.549289,0.770055,0.324495],[-0.608268,0.102197,0.787125],[0.572967,-0.629739,0.524535]],[[0.549289,0.770055,0.324495],[-0.554409,0.0452851,0.831012],[0.62523,-0.636368,0.4518]]],0],[4251,[-0.389831,0.714038,-0.581534],425,53.801,[-10.5729,178.107,-29.5441],[-11.1863,176.949,-29.9936],[45.2957,35.2196,2.34615],false,[40.4824,77.5549,50.7006],[14.9791,121.481,6.53968],[3.47454,156.212,-7.82208],[-5.14565,172.002,-20.6813],[-12.1653,179.961,-32.1571],[[[0.892781,0.0711262,-0.44484],[0.24365,0.754328,0.60961],[0.378915,-0.652634,0.65612]],[[0.877444,0.096337,-0.469906],[0.380025,0.458155,0.803539],[0.2927,-0.883637,0.365394]],[[0.877444,0.096337,-0.469906],[0.279508,0.693447,0.664084],[0.389831,-0.714038,0.581534]],[[0.877444,0.096337,-0.469906],[0.168564,0.85522,0.490087],[0.449086,-0.509233,0.734168]]],1],[4252,[-0.110579,0.792155,-0.600219],425,61.3019,[28.8127,190.89,-42.6951],[28.2843,189.807,-43.5271],[48.3747,38.1169,32.164],false,[50.6066,79.874,46.3392],[34.4262,121.692,0.913252],[34.4726,161.914,-17.1625],[31.5958,182.522,-32.7775],[28.0277,193.472,-45.5421],[[[0.881061,-0.147345,-0.449468],[0.399338,0.740981,0.539885],[0.253499,-0.655161,0.71169]],[[0.89408,-0.184458,-0.408161],[0.447905,0.366063,0.815707],[-0.00105147,-0.912125,0.40991]],[[0.89408,-0.184458,-0.408161],[0.434042,0.581778,0.687853],[0.110579,-0.792155,0.600219]],[[0.89408,-0.184458,-0.408161],[0.39692,0.748538,0.531173],[0.207544,-0.636919,0.742469]]],2],[4253,[-0.000718589,0.794063,-0.607836],425,58.9434,[57.471,181.442,-44.9865],[57.1557,180.439,-45.7594],[42.0293,30.3337,37.8381],false,[60.5991,79.3281,41.2229],[54.2451,116.075,-2.29038],[58.9982,152.834,-19.5245],[58.98,172.958,-34.9293],[57.1128,184.142,-47.7207],[[[0.876134,-0.297587,-0.37925],[0.469143,0.707298,0.528805],[0.110877,-0.641226,0.759299]],[[0.875383,-0.293346,-0.384256],[0.469237,0.324399,0.82133],[-0.116282,-0.899285,0.421622]],[[0.875383,-0.293346,-0.384256],[0.483429,0.532365,0.694898],[0.000718589,-0.794063,0.607836]],[[0.875383,-0.293346,-0.384256],[0.470927,0.697048,0.540696],[0.109234,-0.654272,0.748329]]],3],[4254,[0.135416,0.772346,-0.6206],425,46.2105,[82.3575,156.239,-40.8241],[81.7339,155.312,-41.488],[44.6017,14.6862,31.0294],false,[69.1472,72.6456,34.0249],[71.0045,106.843,-6.48785],[80.1532,134.633,-20.2876],[82.5763,148.453,-31.3924],[82.4367,158.645,-43.425],[[[0.793438,-0.48255,-0.370946],[0.607643,0.592954,0.528371],[-0.0350118,-0.644633,0.76369]],[[0.794184,-0.459123,-0.398094],[0.537856,0.226205,0.812122],[-0.282813,-0.859091,0.42659]],[[0.794184,-0.459123,-0.398094],[0.592398,0.438962,0.675557],[-0.135416,-0.772346,0.6206]],[[0.794184,-0.459123,-0.398094],[0.607613,0.609516,0.509211],[0.00885411,-0.646294,0.763037]]],4]],[[0,200,0],[235.247,235.247,147.751]]],[636281,601843928600,[[425,"right",[-0.185702,0.758679,-0.624436],[-0.294882,-0.649227,-0.701105],[39.9434,101.46,11.79],[3.00964,2.52941,10.5177],[39.9933,101.497,11.6782],0,0,0.630741,[[0.856559,0.0515306,-0.51347],[0.212466,0.871542,0.441897],[0.470282,-0.487605,0.735578]],58.2952,[172.986,-54.2767,224.707],[56.8197,66.1685,43.0088]]],[[4250,[-0.572964,0.631761,-0.522102],425,47.6795,[-31.4665,117.911,11.2813],[-31.5798,116.791,10.2444],[7.59339,30.691,32.6752],false,[30.0413,58.7854,47.0156],[30.0413,58.7854,47.0156],[-3.19559,87.6799,34.9338],[-21.068,107.386,18.6479],[-34.6104,121.06,9.26307],[[[0.604687,0.707025,0.3667],[-0.549997,0.0376672,0.834317],[0.57607,-0.706185,0.411638]],[[0.549328,0.768789,0.327418],[-0.410551,-0.0929638,0.907087],[0.727796,-0.632709,0.264559]],[[0.549328,0.768789,0.327418],[-0.608236,0.0992066,0.787532],[0.572964,-0.631761,0.522102]],[[0.549328,0.768789,0.327418],[-0.546066,0.0336886,0.837064],[0.632496,-0.638615,0.438316]]],0],[4251,[-0.389,0.717907,-0.577311],425,53.801,[-10.6952,178.175,-29.1092],[-11.3441,177.013,-29.5469],[24.5827,24.3368,15.1712],false,[40.4146,77.4283,50.9042],[14.81,121.331,6.77843],[3.27699,156.088,-7.49816],[-5.32485,171.963,-20.264],[-12.3227,180.044,-31.6682],[[[0.892829,0.0742111,-0.444241],[0.241118,0.754333,0.610609],[0.380419,-0.652284,0.655597]],[[0.877835,0.0987757,-0.468667],[0.378559,0.456373,0.805244],[0.293425,-0.884289,0.363228]],[[0.877835,0.0987757,-0.468667],[0.279435,0.689096,0.668628],[0.389,-0.717907,0.577311]],[[0.877835,0.0987757,-0.468667],[0.17023,0.850274,0.498051],[0.447691,-0.516988,0.729586]]],1],[4252,[-0.107913,0.796897,-0.594399],425,61.3019,[28.8083,191.109,-42.1434],[28.2023,190.048,-42.9125],[30.0752,30.8397,38.4539],false,[50.5346,79.7816,46.5513],[34.2597,121.604,1.16354],[34.298,161.879,-16.7944],[31.4906,182.611,-32.258],[28.0056,193.724,-44.9036],[[[0.881742,-0.144287,-0.449124],[0.396884,0.741516,0.540959],[0.254979,-0.655237,0.711091]],[[0.895116,-0.18227,-0.406872],[0.445832,0.364173,0.817687],[-0.000867479,-0.913321,0.407239]],[[0.895116,-0.18227,-0.406872],[0.432576,0.575963,0.693646],[0.107913,-0.796897,0.594399]],[[0.895116,-0.18227,-0.406872],[0.397086,0.740872,0.541692],[0.202707,-0.646441,0.735543]]],2],[4253,[0.00238303,0.803341,-0.595514],425,58.9434,[57.4904,181.876,-44.2156],[57.0822,180.975,-44.8173],[26.0085,36.1262,54.35],false,[60.5316,79.2705,41.4401],[54.0966,116.048,-2.03497],[58.7857,152.945,-18.991],[58.8461,173.304,-34.0835],[57.1008,184.781,-46.6301],[[[0.877209,-0.294623,-0.379079],[0.466792,0.708047,0.529882],[0.112291,-0.641768,0.758633]],[[0.876145,-0.288741,-0.386002],[0.468198,0.319161,0.82397],[-0.114718,-0.902643,0.414819]],[[0.876145,-0.288741,-0.386002],[0.482041,0.520837,0.704532],[-0.00238303,-0.803341,0.595514]],[[0.876145,-0.288741,-0.386002],[0.471109,0.682506,0.558785],[0.102105,-0.671426,0.734004]]],3],[4254,[0.140856,0.783447,-0.605286],425,46.2105,[82.4693,156.637,-40.1248],[81.8092,155.874,-40.5729],[31.1673,27.4703,49.969],false,[69.1031,72.6209,34.2395],[70.885,106.869,-6.23322],[79.9957,134.82,-19.7321],[82.5161,148.838,-30.5629],[82.5597,159.338,-42.3287],[[[0.795043,-0.479834,-0.371034],[0.605622,0.594104,0.529398],[-0.0335903,-0.645601,0.762936]],[[0.795751,-0.453331,-0.401586],[0.536154,0.218959,0.815228],[-0.281637,-0.86403,0.417292]],[[0.795751,-0.453331,-0.401586],[0.589016,0.425091,0.687283],[-0.140856,-0.783447,0.605286]],[[0.795751,-0.453331,-0.401586],[0.605618,0.592609,0.531076],[-0.00276925,-0.665812,0.746114]]],4]],[[0,200,0],[235.247,235.247,147.751]]],[636282,601843941406,[[425,"right",[-0.187354,0.761385,-0.620638],[-0.288436,-0.646615,-0.706182],[39.5277,101.496,12.1289],[-9.99643,2.63168,16.3652],[39.7988,101.496,11.8664],0,0,0.641512,[[0.855312,0.061662,-0.514431],[0.204915,0.871678,0.445182],[0.475869,-0.486184,0.732921]],58.2952,[174.018,-53.9833,224.246],[56.4718,66.1109,43.2047]]],[[4250,[-0.574811,0.637471,-0.513052],425,47.6795,[-31.8465,117.989,12.0007],[-32.1083,116.917,11.1613],[-12.373,23.0092,50.7907],false,[29.7186,58.5566,47.0575],[29.7186,58.5566,47.0575],[-3.55231,87.5485,35.3074],[-21.4823,107.433,19.3038],[-35.266,121.208,10.4323],[[[0.599273,0.708126,0.373402],[-0.553584,0.0296243,0.832267],[0.578288,-0.705464,0.40976]],[[0.547964,0.765514,0.337231],[-0.411052,-0.104698,0.90558],[0.728541,-0.634844,0.257296]],[[0.547964,0.765514,0.337231],[-0.607723,0.0872901,0.789337],[0.574811,-0.637471,0.513052]],[[0.547964,0.765514,0.337231],[-0.53414,0.00994829,0.845337],[0.643763,-0.643343,0.414343]]],0],[4251,[-0.389323,0.721819,-0.572193],425,53.801,[-11.1364,178.28,-28.5688],[-11.9249,177.176,-28.8603],[-1.81862,19.3673,29.7062],false,[39.9728,77.2326,51.1001],[14.3054,121.258,7.13346],[2.65965,156.051,-6.96195],[-5.94932,172.013,-19.6147],[-12.9248,180.208,-30.9506],[[[0.894203,0.081793,-0.440126],[0.23446,0.751966,0.616098],[0.381352,-0.654108,0.653233]],[[0.879298,0.106226,-0.464275],[0.372888,0.452894,0.809841],[0.296293,-0.885214,0.358618]],[[0.879298,0.106226,-0.464275],[0.27434,0.683881,0.67605],[0.389323,-0.721819,0.572193]],[[0.879298,0.106226,-0.464275],[0.166389,0.844873,0.508433],[0.446262,-0.524314,0.72522]]],1],[4252,[-0.108135,0.801698,-0.587867],425,61.3019,[28.4425,191.4,-41.4596],[27.6289,190.493,-41.9507],[2.29035,31.1756,51.4893],false,[50.0972,79.6677,46.8029],[33.776,121.672,1.60006],[33.6919,162.062,-16.0968],[30.8787,182.919,-31.3904],[27.4283,194.16,-43.9319],[[[0.884345,-0.13673,-0.446363],[0.390576,0.740425,0.547012],[0.255705,-0.658085,0.708194]],[[0.897836,-0.175143,-0.404],[0.440327,0.361087,0.822027],[0.00190746,-0.915937,0.401317]],[[0.897836,-0.175143,-0.404],[0.426847,0.571494,0.700854],[0.108135,-0.801698,0.587867]],[[0.897836,-0.175143,-0.404],[0.391935,0.736043,0.551931],[0.200695,-0.653885,0.72949]]],2],[4253,[0.00917727,0.818191,-0.574873],425,58.9434,[57.4384,182.591,-43.0499],[56.8731,182.089,-43.085],[13.1452,56.3538,87.8703],false,[60.1176,79.2423,41.7298],[53.6561,116.245,-1.55034],[58.3254,153.395,-17.9495],[58.5579,174.13,-32.5189],[57.036,186.053,-44.6732],[[[0.880358,-0.287507,-0.377239],[0.460712,0.707408,0.53602],[0.112752,-0.645688,0.755231]],[[0.879101,-0.280579,-0.385301],[0.462745,0.308678,0.831015],[-0.114231,-0.908842,0.401195]],[[0.879101,-0.280579,-0.385301],[0.476547,0.501836,0.721848],[-0.00917727,-0.818191,0.574873]],[[0.879101,-0.280579,-0.385301],[0.468246,0.659393,0.588172],[0.0890364,-0.697478,0.711053]]],3],[4254,[0.145385,0.793661,-0.590733],425,46.2105,[82.4029,157.181,-39.294],[81.5821,156.766,-39.3339],[13.3694,42.5095,68.1432],false,[68.7549,72.6834,34.5247],[70.5119,107.184,-5.73463],[79.564,135.308,-18.907],[82.1655,149.51,-29.4774],[82.3756,160.276,-40.9975],[[[0.799186,-0.473212,-0.370639],[0.600171,0.594236,0.535423],[-0.0331214,-0.650349,0.758913]],[[0.799872,-0.445696,-0.401946],[0.530945,0.21323,0.82014],[-0.279826,-0.869418,0.407197]],[[0.799872,-0.445696,-0.401946],[0.582296,0.414073,0.699624],[-0.145385,-0.793661,0.590733]],[[0.799872,-0.445696,-0.401946],[0.600023,0.578983,0.552042],[-0.0133232,-0.68274,0.73054]]],4]],[[0,200,0],[235.247,235.247,147.751]]],[636283,601843954959,[[425,"right",[-0.18483,0.765661,-0.616118],[-0.271093,-0.642317,-0.716894],[37.8596,101.517,13.3982],[-53.3445,2.24022,45.9926],[39.0743,101.504,12.4387],0,0,0.583728,[[0.851225,0.0855604,-0.517779],[0.188647,0.870787,0.454028],[0.489722,-0.484158,0.725096]],58.2952,[175.618,-53.6042,223.502],[54.6498,65.9895,44.394]]],[[4250,[-0.573026,0.643565,-0.507411],425,47.6795,[-32.993,117.954,12.9492],[-33.9442,116.805,12.3516],[-61.8126,10.8842,68.6284],false,[27.9127,58.1464,47.7494],[27.9127,58.1464,47.7494],[-5.3422,87.1824,36.0629],[-23.2165,107.257,20.2352],[-37.236,121.109,11.8671],[[[0.586528,0.71002,0.389689],[-0.566872,0.0162258,0.823646],[0.578482,-0.703995,0.412007]],[[0.540151,0.762216,0.356742],[-0.421872,-0.12155,0.898471],[0.72819,-0.635809,0.255903]],[[0.540151,0.762216,0.356742],[-0.616343,0.0696566,0.784391],[0.573026,-0.643565,0.507411]],[[0.540151,0.762216,0.356742],[-0.528685,-0.0224776,0.84852],[0.654774,-0.646933,0.390831]]],0],[4251,[-0.386766,0.725497,-0.569268],425,53.801,[-12.3292,178.323,-27.622],[-13.6253,177.229,-27.577],[-50.5961,12.6915,55.3472],false,[37.923,76.8773,52.1346],[12.5313,121.09,8.19589],[0.770922,155.914,-5.72648],[-7.7815,171.957,-18.3145],[-14.6494,180.259,-29.6387],[[[0.900197,0.0945242,-0.4251],[0.217538,0.748037,0.626992],[0.377256,-0.656891,0.652818]],[[0.885298,0.11928,-0.449466],[0.355978,0.448071,0.820068],[0.29921,-0.886005,0.354215]],[[0.885298,0.11928,-0.449466],[0.258184,0.67781,0.688415],[0.386766,-0.725497,0.569268]],[[0.885298,0.11928,-0.449466],[0.152308,0.838855,0.522613],[0.439374,-0.531125,0.72447]]],1],[4252,[-0.105803,0.80571,-0.582783],425,61.3019,[27.5057,191.672,-40.3398],[26.0154,190.947,-40.0341],[-45.4496,29.6976,83.5708],false,[48.0901,79.4496,48.022],[32.0817,121.742,2.97571],[31.8857,162.253,-14.4405],[29.1332,183.214,-29.6019],[25.7979,194.553,-42.0867],[[[0.892527,-0.12401,-0.43361],[0.374825,0.738645,0.560277],[0.250804,-0.66259,0.705742]],[[0.905956,-0.163506,-0.390524],[0.423348,0.359546,0.831567],[0.00444541,-0.918691,0.394953]],[[0.905956,-0.163506,-0.390524],[0.409938,0.569295,0.712639],[0.105803,-0.80571,0.582783]],[[0.905956,-0.163506,-0.390524],[0.376307,0.733664,0.5658],[0.194002,-0.659547,0.726196]]],2],[4253,[0.0215666,0.836189,-0.548017],425,58.9434,[57.0672,183.426,-41.2817],[55.8451,183.526,-39.7392],[-18.0889,76.6198,152.893],false,[58.1927,79.1684,43.1043],[52.0599,116.533,0.0879831],[56.7998,154.01,-15.5265],[57.3463,175.202,-29.4152],[56.1951,187.655,-41.0679],[[[0.888894,-0.27549,-0.366022],[0.445438,0.706399,0.550078],[0.107017,-0.652001,0.750628]],[[0.88765,-0.268228,-0.374342],[0.445681,0.295672,0.844954],[-0.115958,-0.91686,0.381997]],[[0.88765,-0.268228,-0.374342],[0.460014,0.478374,0.748028],[-0.0215666,-0.836189,0.548017]],[[0.88765,-0.268228,-0.374342],[0.455567,0.630332,0.628601],[0.0673512,-0.728516,0.68171]]],3],[4254,[0.151117,0.804485,-0.574427],425,46.2105,[81.9342,157.798,-37.9582],[80.3758,157.903,-36.5691],[-26.6766,57.5253,120.895],false,[67.0046,72.7622,35.9736],[69.0653,107.672,-3.91655],[78.0799,136.037,-16.5906],[80.7839,150.432,-26.8692],[81.1847,161.438,-38.1549],[[[0.809406,-0.462006,-0.362509],[0.585964,0.594554,0.550592],[-0.0388458,-0.65807,0.751954]],[[0.810325,-0.433632,-0.394127],[0.515479,0.207648,0.831363],[-0.278666,-0.876838,0.391791]],[[0.810325,-0.433632,-0.394127],[0.56616,0.405914,0.717424],[-0.151117,-0.804486,0.574427]],[[0.810325,-0.433632,-0.394127],[0.585429,0.569914,0.576603],[-0.0254153,-0.697969,0.715677]]],4]],[[0,200,0],[235.247,235.247,147.751]]],[636284,601843968585,[[425,"right",[-0.200054,0.764965,-0.612215],[-0.272012,-0.643646,-0.715353],[36.2265,100.477,13.9467],[-78.9451,-28.0011,43.7837],[38.0114,101.121,13.0015],0,0,0.621994,[[0.845992,0.0937719,-0.524884],[0.18327,0.873296,0.451406],[0.500708,-0.478081,0.721616]],58.2952,[177.431,-53.0261,222.919],[53.7489,65.0665,44.6699]]],[[4250,[-0.584873,0.641296,-0.496652],425,47.6795,[-34.3239,117.189,14.205],[-35.7488,115.263,14.1809],[-88.8174,-38.1542,93.4878],false,[27.1383,56.923,48.3037],[27.1383,56.923,48.3037],[-6.5148,85.7307,37.207],[-24.7587,105.735,21.715],[-39.1107,119.502,13.7824],[[[0.583022,0.715539,0.384823],[-0.557806,0.00815744,0.829931],[0.590709,-0.698525,0.403888]],[[0.538038,0.764935,0.354103],[-0.409241,-0.130206,0.903088],[0.73691,-0.630809,0.242987]],[[0.538038,0.764935,0.354103],[-0.606991,0.0601123,0.792432],[0.584873,-0.641296,0.496652]],[[0.538038,0.764935,0.354103],[-0.511083,-0.038019,0.85869],[0.670305,-0.642984,0.37049]]],0],[4251,[-0.400413,0.725062,-0.560317],425,53.801,[-14.5244,177.509,-26.3993],[-16.4911,175.866,-26.1497],[-113.111,-31.1259,74.7587],false,[36.9912,75.7527,52.6217],[10.629,119.783,9.07246],[-1.6702,154.519,-4.60195],[-10.5244,170.552,-16.9921],[-17.5994,178.889,-28.1619],[[[0.894317,0.105351,-0.434854],[0.216304,0.748972,0.626301],[0.391675,-0.654172,0.647031]],[[0.878674,0.130307,-0.459296],[0.360575,0.449419,0.817318],[0.312919,-0.883766,0.347907]],[[0.878674,0.130307,-0.459296],[0.260004,0.676244,0.689269],[0.400413,-0.725062,0.560317]],[[0.878674,0.130307,-0.459296],[0.151858,0.835785,0.527639],[0.452628,-0.53337,0.714594]]],1],[4252,[-0.114375,0.816079,-0.56651],425,61.3019,[25.7894,191.609,-39.0674],[23.1407,190.43,-38.5053],[-107.719,6.64942,98.4635],false,[47.0831,78.4457,48.4025],[30.1118,120.66,3.63688],[29.3496,161.294,-13.4758],[26.3741,182.525,-28.2138],[22.955,194.225,-40.3378],[[[0.888946,-0.113234,-0.443795],[0.372932,0.741457,0.557821],[0.26589,-0.661377,0.701343]],[[0.903118,-0.152161,-0.401528],[0.429044,0.357412,0.829565],[0.0172833,-0.921468,0.38807]],[[0.903118,-0.152161,-0.401528],[0.413879,0.55755,0.719612],[0.114375,-0.816079,0.56651]],[[0.903118,-0.152161,-0.401528],[0.38056,0.716739,0.584345],[0.198876,-0.680538,0.705207]]],2],[4253,[0.0107407,0.841498,-0.540153],425,58.9434,[55.9585,183.71,-40.0524],[52.9827,183.109,-38.7726],[-91.2692,33.487,120.165],false,[57.1327,78.2864,43.3721],[50.1124,115.678,0.515002],[54.3604,153.282,-14.9337],[54.6326,174.609,-28.6231],[53.3212,187.205,-40.1035],[[[0.887725,-0.264897,-0.376529],[0.443776,0.710011,0.546761],[0.122504,-0.652468,0.747849]],[[0.88639,-0.258032,-0.38436],[0.451123,0.295058,0.842276],[-0.103926,-0.919978,0.377941]],[[0.88639,-0.258032,-0.38436],[0.462815,0.474658,0.748667],[-0.0107407,-0.841498,0.540153]],[[0.88639,-0.258032,-0.38436],[0.456538,0.624814,0.633388],[0.0767189,-0.736903,0.671631]]],3],[4254,[0.138683,0.809921,-0.569907],425,46.2105,[80.7239,158.066,-36.9961],[77.6997,157.597,-36.1512],[-92.2549,26.097,85.7821],false,[65.9343,71.9933,36.1288],[67.1682,107.013,-3.69921],[75.7477,135.522,-16.3506],[78.2292,150.015,-26.5483],[78.4609,161.136,-37.7256],[[[0.810328,-0.452281,-0.372573],[0.585515,0.599714,0.545449],[-0.0232593,-0.66014,0.750783]],[[0.810578,-0.423452,-0.404539],[0.522132,0.209719,0.826678],[-0.265219,-0.881309,0.391092]],[[0.810578,-0.423452,-0.404539],[0.568973,0.405852,0.71523],[-0.138683,-0.809921,0.569907]],[[0.810578,-0.423452,-0.404539],[0.585446,0.568597,0.577884],[-0.0146872,-0.705256,0.7088]]],4]],[[0,200,0],[235.247,235.247,147.751]]],[636285,601843982708,[[425,"right",[-0.210359,0.76466,-0.609134],[-0.276185,-0.644177,-0.713273],[33.2591,99.0803,14.9681],[-130.851,-56.0677,55.0773],[36.0752,100.29,13.8028],0,0,0.635693,[[0.837014,0.0998153,-0.538],[0.181593,0.876826,0.445197],[0.51617,-0.470333,0.71579]],58.2952,[178.784,-52.4557,222.272],[51.283,63.723,45.4622]]],[[4250,[-0.592189,0.640777,-0.488586],425,47.6795,[-36.3939,116.049,15.7804],[-38.752,113.686,16.2122],[-136.922,-67.9274,112.257],false,[24.7539,55.4388,49.3639],[24.7539,55.4388,49.3639],[-9.10739,84.1688,38.7076],[-27.5795,104.156,23.4671],[-42.1267,117.893,15.8437],[[[0.583348,0.71806,0.379599],[-0.549127,0.00430433,0.835728],[0.598469,-0.695968,0.396817]],[[0.539364,0.765682,0.350453],[-0.39914,-0.133992,0.907046],[0.741467,-0.629108,0.233344]],[[0.539364,0.765682,0.350453],[-0.598664,0.055991,0.799041],[0.592189,-0.640777,0.488586]],[[0.539364,0.765682,0.350453],[-0.497462,-0.0460654,0.866262],[0.679425,-0.641567,0.356051]]],0],[4251,[-0.409864,0.724933,-0.55361],425,53.801,[-17.8147,176.191,-24.8052],[-20.2453,174.332,-24.4159],[-174.375,-62.4753,93.5984],false,[34.5549,74.3136,53.6021],[7.5136,118.26,10.3859],[-5.12493,152.942,-3.11565],[-14.1881,168.972,-15.3574],[-21.4192,177.337,-26.4058],[[[0.889168,0.110456,-0.444049],[0.21901,0.749323,0.62494],[0.401765,-0.652928,0.642083]],[[0.872928,0.13568,-0.468602],[0.366881,0.450538,0.813888],[0.321552,-0.882387,0.343509]],[[0.872928,0.13568,-0.468602],[0.264591,0.675324,0.688425],[0.409864,-0.724933,0.55361]],[[0.872928,0.13568,-0.468602],[0.154874,0.833785,0.529921],[0.462613,-0.535157,0.706821]]],1],[4252,[-0.118937,0.824874,-0.552664],425,61.3019,[23.1136,191.174,-37.4256],[19.4688,189.542,-36.6128],[-167.423,-19.831,114.964],false,[44.5882,77.0634,49.2809],[26.9337,119.244,4.748],[25.8474,159.983,-12.0941],[22.7532,181.443,-26.4719],[19.2936,193.443,-38.2874],[[[0.884822,-0.108143,-0.453206],[0.374949,0.742692,0.554816],[0.276593,-0.660843,0.697698]],[[0.899385,-0.14632,-0.411943],[0.436463,0.353654,0.827302],[0.0246343,-0.923861,0.381935]],[[0.899385,-0.14632,-0.411943],[0.420667,0.546053,0.724476],[0.118937,-0.824874,0.552664]],[[0.899385,-0.14632,-0.411943],[0.38809,0.701003,0.598315],[0.201228,-0.697986,0.687257]]],2],[4253,[0.00312411,0.844422,-0.535669],425,58.9434,[53.7392,183.522,-38.7179],[49.1657,182.033,-37.6144],[-162.06,-11.0678,103.697],false,[54.5853,76.9617,44.1456],[46.9257,114.367,1.41095],[50.8226,152.01,-14.0374],[50.9018,173.411,-27.6132],[49.4805,186.112,-38.9644],[[[0.885081,-0.25989,-0.386121],[0.445834,0.711624,0.542977],[0.133658,-0.652724,0.745712]],[[0.883646,-0.253104,-0.393837],[0.458345,0.296414,0.837889],[-0.0953344,-0.920911,0.377934]],[[0.883646,-0.253104,-0.393837],[0.468144,0.472111,0.746962],[-0.00312411,-0.844422,0.535669]],[[0.883646,-0.253104,-0.393837],[0.460712,0.619551,0.635532],[0.0831463,-0.743031,0.664072]]],3],[4254,[0.130722,0.813231,-0.567069],425,46.2105,[78.3302,157.862,-35.9398],[74.0231,156.599,-35.326],[-158.947,-12.9135,74.4288],false,[63.3427,70.7225,36.8028],[63.9806,105.795,-2.99218],[72.2954,134.378,-15.6551],[74.6345,148.93,-25.802],[74.7514,160.131,-36.9014],[[[0.808689,-0.447673,-0.38159],[0.588114,0.602057,0.540046],[-0.0120255,-0.661147,0.75016]],[[0.808447,-0.418518,-0.41383],[0.529478,0.210097,0.821896],[-0.257034,-0.883574,0.391448]],[[0.808447,-0.418518,-0.41383],[0.573868,0.404349,0.712164],[-0.130722,-0.813231,0.567069]],[[0.808447,-0.418518,-0.41383],[0.588522,0.565962,0.577347],[-0.00741782,-0.710303,0.703857]]],4]],[[0,200,0],[235.247,235.247,147.751]]],[636286,601843996448,[[425,"right",[-0.216754,0.76592,-0.605297],[-0.269606,-0.642888,-0.716943],[30.4062,97.4171,16.8113],[-160.599,-81.2409,85.7096],[33.7414,99.107,15.0413],0,0,0.64505,[[0.829214,0.115522,-0.546862],[0.171626,0.878515,0.445821],[0.531929,-0.463536,0.70865]],58.2952,[180.117,-52.4348,222.183],[48.7232,62.0651,47.1362]]],[[4250,[-0.595326,0.63974,-0.486127],425,47.6795,[-38.7916,114.479,17.5272],[-41.7021,111.533,18.3019],[-166.852,-102.919,127.025],false,[22.2671,53.5184,50.9674],[22.2671,53.5184,50.9674],[-11.7842,82.0793,40.4636],[-30.3542,102.035,25.2999],[-45.1197,115.703,17.9796],[[[0.5764,0.721338,0.383973],[-0.549942,-0.00513257,0.835187],[0.604422,-0.692565,0.393736]],[[0.5336,0.767127,0.356072],[-0.399132,-0.142768,0.90571],[0.74563,-0.625407,0.230004]],[[0.5336,0.767127,0.356072],[-0.600715,0.0474184,0.798056],[0.595326,-0.63974,0.486127]],[[0.5336,0.767127,0.356072],[-0.489586,-0.0631199,0.869667],[0.689621,-0.638382,0.341894]]],0],[4251,[-0.415679,0.72965,-0.542975],425,53.801,[-21.187,174.696,-22.6493],[-23.7186,172.667,-21.932],[-206.847,-84.9614,129.756],false,[31.8912,72.4593,55.3152],[4.49092,116.385,12.3046],[-8.4957,151.045,-0.919767],[-17.6875,167.179,-12.9264],[-24.9812,175.722,-23.7963],[[[0.888546,0.120919,-0.442566],[0.211557,0.747974,0.629109],[0.407099,-0.652621,0.639028]],[[0.871064,0.147638,-0.468455],[0.363425,0.447856,0.816913],[0.330408,-0.881832,0.336456]],[[0.871064,0.147638,-0.468455],[0.261644,0.667693,0.696942],[0.415679,-0.72965,0.542975]],[[0.871064,0.147638,-0.468455],[0.153347,0.824335,0.544937],[0.466617,-0.546511,0.695409]]],1],[4252,[-0.123159,0.831304,-0.542001],425,61.3019,[20.1325,190.385,-35.3523],[15.9995,188.325,-33.9498],[-201.209,-46.9582,146.014],false,[41.9031,75.3233,51.0186],[23.9066,117.576,6.69147],[22.4714,158.425,-9.85608],[19.2673,180.052,-23.9565],[15.7912,192.255,-35.5572],[[[0.886206,-0.0976591,-0.452882],[0.367617,0.743139,0.559108],[0.281952,-0.661972,0.694475]],[[0.900894,-0.135398,-0.41238],[0.432817,0.351487,0.830137],[0.0325471,-0.92635,0.375255]],[[0.900894,-0.135398,-0.41238],[0.416199,0.539074,0.732242],[0.123159,-0.831304,0.542001]],[[0.900894,-0.135398,-0.41238],[0.384067,0.691273,0.612074],[0.202193,-0.709795,0.674766]]],2],[4253,[-0.00355928,0.847136,-0.531364],425,58.9434,[50.8999,182.919,-36.9604],[45.6396,180.815,-35.3025],[-199.276,-42.2413,127.386],false,[51.9057,75.3401,45.8929],[43.9455,112.9,3.34879],[47.5132,150.641,-11.9384],[47.423,172.111,-25.4051],[45.9137,184.867,-36.6825],[[[0.887787,-0.249751,-0.386599],[0.438794,0.712782,0.547177],[0.138903,-0.655414,0.742387]],[[0.886384,-0.243319,-0.393852],[0.454649,0.297124,0.83965],[-0.0872795,-0.923316,0.373991]],[[0.886384,-0.243319,-0.393852],[0.462937,0.472395,0.750022],[0.00355928,-0.847136,0.531364]],[[0.886384,-0.243319,-0.393852],[0.454453,0.61957,0.640004],[0.0882943,-0.746276,0.659754]]],3],[4254,[0.144551,0.829728,-0.539126],425,46.2105,[76.234,157.607,-34.1686],[71.516,156.114,-32.1447],[-161.514,-19.3765,140.831],false,[60.7267,69.22,38.526],[61.0822,104.507,-1.08243],[69.4791,133.316,-13.1651],[72.0657,148.163,-22.8121],[72.5642,159.832,-33.4079],[[[0.81311,-0.438245,-0.383137],[0.582072,0.604536,0.54381],[-0.00670187,-0.66519,0.746644]],[[0.812692,-0.410373,-0.413674],[0.521684,0.196171,0.830279],[-0.259573,-0.890568,0.373512]],[[0.812692,-0.410373,-0.413674],[0.56448,0.378347,0.733633],[-0.144551,-0.829728,0.539126]],[[0.812692,-0.410373,-0.413674],[0.581836,0.532991,0.614319],[-0.0316154,-0.739942,0.671927]]],4]],[[0,200,0],[235.247,235.247,147.751]]],[636287,6