{"metadata":{"formatVersion":2,"generatedBy":"LeapJS Playback 0.2.1","frames":1,"protocolVersion":6,"serviceVersion":"2.2.5+26752","frameRate":"89","modified":"Thu Jun 04 2015 12:02:16 GMT-0300 (E. South America Standard Time)"},"frames":[["id","timestamp",{"hands":[["id","type","direction","palmNormal","palmPosition","palmVelocity","stabilizedPalmPosition","pinchStrength","grabStrength","confidence","armBasis","armWidth","elbow","wrist"]]},{"pointables":[["id","direction","handId","length","stabilizedTipPosition","tipPosition","tipVelocity","tool","carpPosition","mcpPosition","pipPosition","dipPosition","btipPosition","bases","type"]]},{"interactionBox":["center","size"]}],[2050663,1440228594806,[[1120,"right",[-0.757399,0.642607,-0.115767],[-0.652179,-0.75314,0.086269],[29.4206,197.805,49.1168],[-4.40504,8.79273,8.17197],[29.6996,196.953,48.4635],1,1,0.196001,[[0.385305,-0.189782,-0.903063],[0.167882,0.976708,-0.13363],[0.90739,-0.10012,0.408191]],63.72,[318.375,138.252,157.664],[73.3796,165.284,47.4526]]],[[11200,[-0.940289,-0.0297214,-0.339077],1120,52.1164,[-29.341,159.447,51.5547],[-28.9331,159.186,51.6265],[7.768,-7.97586,2.5924],false,[68.0227,158.966,76.9899],[68.0227,158.966,76.9899],[18.3652,161.474,72.5615],[-13.6945,160.46,61.0005],[-33.5197,158.292,48.7535],[[[0.44831,0.742348,-0.497933],[0.561696,0.199376,0.802961],[0.695352,-0.639663,-0.327592]],[[0.0739524,0.954545,-0.288746],[-0.070176,0.293802,0.953287],[0.99479,-0.0502348,0.0887136]],[[0.0739524,0.954545,-0.288746],[-0.332246,0.29658,0.895351],[0.940289,0.0297214,0.339077]],[[0.0739524,0.954545,-0.288746],[-0.526268,0.283295,0.801739],[0.847097,0.0926674,0.523297]]],0],[11201,[-0.322927,-0.940905,0.102059],1120,58.8075,[-35.2565,177.93,73.2237],[-35.5445,176.745,73.5762],[3.89419,-10.637,12.6906],false,[72.9265,179.433,66.0834],[11.0984,219.024,70.8096],[-31.156,211.384,69.4056],[-38.9613,188.642,71.8724],[-33.5839,172.597,74.226],[[[-0.095868,-0.0309465,-0.994913],[0.533415,0.842287,-0.077598],[0.840403,-0.538141,-0.064241]],[[0.0557922,-0.126575,-0.990387],[-0.17197,0.975889,-0.13441],[0.983521,0.177816,0.03268]],[[0.0557922,-0.126575,-0.990387],[-0.944778,0.314128,-0.0933697],[0.322927,0.940905,-0.102059]],[[0.0557922,-0.126575,-0.990387],[-0.947539,-0.319393,-0.0125589],[-0.314733,0.939131,-0.137754]]],1],[11202,[-0.227022,-0.934987,0.272507],1120,67.0064,[-35.7575,171.254,63.4729],[-35.1928,169.963,63.6976],[6.08428,-9.07399,11.0257],false,[72.1718,180.807,53.8703],[13.1224,217.62,48.8173],[-34.0793,208.654,52.6768],[-40.5349,182.066,60.4259],[-32.2332,165.793,64.8297],[[[-0.0709652,-0.2465,-0.966541],[0.52785,0.81291,-0.246074],[0.846368,-0.527651,0.0724264]],[[-0.0266125,-0.273753,-0.961432],[-0.200763,0.94364,-0.26313],[0.979278,0.186018,-0.0800721]],[[-0.0266125,-0.273753,-0.961432],[-0.973526,0.225518,-0.0372654],[0.227022,0.934987,-0.272507]],[[-0.0266125,-0.273753,-0.961432],[-0.896734,-0.418495,0.143982],[-0.44177,0.86598,-0.234346]]],2],[11203,[-0.31668,-0.879852,0.354364],1120,64.4285,[-30.2078,166.538,45.911],[-29.4349,167.041,45.3322],[3.73632,1.68871,8.25021],false,[71.0851,178.958,41.7736],[18.7021,210.396,27.9382],[-25.5399,204.585,30.2058],[-34.3125,180.211,40.0224],[-27.7791,163.982,46.5804],[[[0.01477,-0.382036,-0.92403],[0.548142,0.775987,-0.312066],[0.836255,-0.50189,0.220871]],[[0.00160607,-0.374089,-0.927391],[-0.139612,0.918226,-0.370634],[0.990205,0.13007,-0.0507525]],[[0.00160607,-0.374089,-0.927391],[-0.948531,0.293117,-0.119879],[0.31668,0.879852,-0.354364]],[[0.00160607,-0.374089,-0.927391],[-0.936867,-0.324855,0.129417],[-0.349681,0.868635,-0.350993]]],3],[11204,[-0.432999,-0.770875,0.467188],1120,50.5107,[-18.4407,170.449,30.2838],[-18.2299,172.278,29.5977],[6.07926,6.48344,8.11856],false,[68.3598,170.152,30.9301],[22.6744,199.182,10.1358],[-12.4248,199.647,14.3905],[-20.8938,184.57,23.5282],[-17.3316,169.507,31.1141],[[[0.0206848,-0.560485,-0.827906],[0.61548,0.65971,-0.43124],[0.787881,-0.500639,0.358613]],[[-0.112458,-0.468046,-0.876519],[-0.0447786,0.883606,-0.466085],[0.992647,-0.0131659,-0.120327]],[[-0.112458,-0.468046,-0.876519],[-0.894352,0.432071,-0.115972],[0.432999,0.770875,-0.467188]],[[-0.112458,-0.468046,-0.876519],[-0.971928,-0.131649,0.194998],[-0.206661,0.873843,-0.440102]]],4]],[[0,200,0],[235.247,235.247,147.751]]]]}