{"metadata":{"formatVersion":2,"generatedBy":"LeapJS Playback 0.2.1","frames":1,"protocolVersion":6,"serviceVersion":"2.2.5+26752","frameRate":"89","modified":"Thu Jun 04 2015 12:02:36 GMT-0300 (E. South America Standard Time)"},"frames":[["id","timestamp",{"hands":[["id","type","direction","palmNormal","palmPosition","palmVelocity","stabilizedPalmPosition","pinchStrength","grabStrength","confidence","armBasis","armWidth","elbow","wrist"]]},{"pointables":[["id","direction","handId","length","stabilizedTipPosition","tipPosition","tipVelocity","tool","carpPosition","mcpPosition","pipPosition","dipPosition","btipPosition","bases","type"]]},{"interactionBox":["center","size"]}],[2050732,1440229354376,[[1120,"right",[-0.837768,0.508592,-0.198692],[-0.546022,-0.778887,0.308537],[28.7015,198.994,47.7497],[13.3233,7.24727,-8.18865],[29.5542,197.173,48.5876],1,1,0.154187,[[0.331484,-0.433365,-0.838041],[0.275523,0.894008,-0.353324],[0.902333,-0.113779,0.415751]],63.72,[319.913,141.377,162.308],[76.2834,172.097,50.0553]]],[[11200,[-0.812852,-0.335905,-0.475856],1120,52.1164,[-20.6962,152.523,50.4295],[-15.9934,149.837,52.2591],[39.7103,-8.69779,27.6334],false,[73.3147,172.406,80.5865],[73.3147,172.406,80.5865],[23.5754,168.359,79.4096],[-4.13928,156.906,63.185],[-18.4057,146.766,47.6486],[[[0.324032,0.648231,-0.689057],[0.572879,0.445181,0.688203],[0.75287,-0.617746,-0.227105]],[[-0.0579271,0.859532,-0.507789],[-0.0614371,0.50461,0.861159],[0.996429,0.0810815,0.0235765]],[[-0.0579271,0.859532,-0.507789],[-0.579582,0.385193,0.71813],[0.812852,0.335905,0.475856]],[[-0.0579271,0.859532,-0.507789],[-0.790604,0.271084,0.549053],[0.609582,0.433265,0.663846]]],0],[11201,[-0.11239,-0.951188,0.287419],1120,58.8075,[-34.4334,177.636,74.2079],[-27.6242,179.663,83.2843],[40.7591,31.3449,25.7805],false,[75.0094,190.119,64.9248],[8.98976,222.579,65.4047],[-31.9791,213.668,74.7815],[-34.6956,190.678,81.7285],[-24.8278,176.91,83.9638],[[[-0.142793,-0.27637,-0.950384],[0.417524,0.853783,-0.31101],[0.897376,-0.441219,-0.00652336]],[[-0.159103,-0.268293,-0.950108],[-0.255611,0.940746,-0.222846],[0.953598,0.207403,-0.218254]],[[-0.159103,-0.268293,-0.950108],[-0.980844,0.152512,0.121183],[0.11239,0.951188,-0.287419]],[[-0.159103,-0.268293,-0.950108],[-0.8007,-0.527922,0.283159],[-0.577552,0.805802,-0.130828]]],1],[11202,[-0.0297437,-0.869556,0.492938],1120,67.0064,[-34.7197,170.456,64.3662],[-27.6808,169.123,73.0197],[27.921,18.1724,33.194],false,[73.4521,188.466,52.8228],[10.0286,216.236,44.229],[-35.5231,203.813,53.9236],[-36.3689,179.086,67.941],[-24.222,166.307,74.4452],[[[-0.089313,-0.474912,-0.87549],[0.406973,0.784874,-0.467275],[0.909063,-0.398034,0.123177]],[[-0.0511055,-0.491189,-0.869553],[-0.322909,0.832049,-0.451026],[0.945049,0.257736,-0.201131]],[[-0.0511055,-0.491189,-0.869553],[-0.99825,0.0510555,0.0298293],[0.0297437,0.869556,-0.492938]],[[-0.0511055,-0.491189,-0.869553],[-0.761293,-0.544382,0.352251],[-0.646391,0.679986,-0.346118]]],2],[11203,[-0.0735452,-0.801272,0.593762],1120,64.4285,[-28.764,165.494,46.9328],[-21.056,161.014,55.9185],[24.1833,15.88,30.2649],false,[71.9809,183.693,41.5983],[15.3856,204.935,25.1807],[-26.9984,192.542,31.9839],[-29.0358,170.345,48.4323],[-17.951,158.605,57.8338],[[[0.0150131,-0.586116,-0.810088],[0.428323,0.73585,-0.524465],[0.903501,-0.339106,0.262095]],[[0.0461921,-0.597473,-0.800558],[-0.313019,0.752394,-0.579588],[0.948623,0.277363,-0.152266]],[[0.0461921,-0.597473,-0.800558],[-0.996222,0.0314501,-0.0809537],[0.0735452,0.801272,-0.593762]],[[0.0461921,-0.597473,-0.800558],[-0.803671,-0.498197,0.325443],[-0.593278,0.628352,-0.503184]]],3],[11204,[-0.207445,-0.71131,0.671569],1120,50.5107,[-17.7436,169.947,30.9833],[-12.8868,164.276,38.5102],[19.0267,4.7171,21.9016],false,[69.8341,172.321,33.3148],[19.8166,190.332,10.1604],[-14.5819,187.564,17.8646],[-18.6392,173.652,30.9997],[-10.5352,161.753,40.4792],[[[0.0485034,-0.734898,-0.676441],[0.503573,0.60286,-0.618849],[0.86259,-0.310621,0.399315]],[[-0.111943,-0.664732,-0.738648],[-0.202659,0.742969,-0.637908],[0.97283,0.0782845,-0.217884]],[[-0.111943,-0.664732,-0.738648],[-0.971821,0.228406,-0.0582689],[0.207445,0.71131,-0.671569]],[[-0.111943,-0.664732,-0.738648],[-0.875456,-0.285715,0.3898],[-0.470156,0.690289,-0.549959]]],4]],[[0,200,0],[235.247,235.247,147.751]]]]}