{"metadata":{"formatVersion":2,"generatedBy":"LeapJS Playback 0.2.1","frames":2,"frameRate":"1.1e+2","modified":"Tue Jun 02 2015 21:01:43 GMT-0300 (E. South America Standard Time)","title":"0"},"frames":[["id","timestamp",{"hands":[["id","type","direction","palmNormal","palmPosition","palmVelocity","stabilizedPalmPosition","pinchStrength","grabStrength","confidence","armBasis","armWidth","elbow","wrist"]]},{"pointables":[["id","direction","handId","length","stabilizedTipPosition","tipPosition","tipVelocity","tool","carpPosition","mcpPosition","pipPosition","dipPosition","btipPosition","bases","type"]]},{"interactionBox":["center","size"]}],[425230,1296841352846,[[203,"right",[-0.757984,0.452482,-0.469808],[-0.572005,-0.807265,0.145373],[40.1032,101.355,-24.6424],[2.80332,1.99618,-5.31895],[26.9599,100.354,-23.5432],1,1,0.300893,[[0.373545,-0.369587,-0.850805],[-0.00913864,0.915689,-0.401784],[0.927567,0.15786,0.338673]],61.6255,[326.601,119.525,81.3028],[84.3898,78.3038,-7.13315]]],[[2030,[-0.985579,0.00594511,-0.169109],203,50.4033,[-20.9443,75.8072,6.09495],[-16.6549,76.8898,0.754383],[-0.121367,17.0872,2.47504],false,[72.2807,78.8218,19.9466],[72.2807,78.8218,19.9466],[24.2655,83.7381,18.9395],[-8.23379,83.9342,13.3632],[-18.9443,74.0827,-3.9731],[[[0.489853,0.657856,-0.572074],[0.299335,0.489387,0.819084],[0.818806,-0.572473,0.0428083]],[[0.0970926,0.838366,-0.536391],[0.0371359,0.53551,0.843712],[0.994582,-0.101838,0.0208606]],[[0.0970926,0.838366,-0.536391],[-0.138586,0.545075,0.826854],[0.985579,-0.00594511,0.169109]],[[0.0970926,0.838366,-0.536391],[-0.87559,0.328184,0.354453],[0.473197,0.435244,0.765929]]],0],[2031,[-0.415165,-0.887165,0.201436],203,56.8744,[-26.4461,77.6368,-12.3332],[-31.0503,85.2306,-12.555],[-4.32746,11.2437,2.70267],false,[77.6988,95.8146,5.5438],[15.3802,123.157,-15.2233],[-25.2866,117.48,-21.5793],[-34.9914,96.7415,-16.8705],[-30.9373,81.7452,-11.2386],[[[0.181764,-0.297571,-0.937237],[0.447025,0.87394,-0.19078],[0.87586,-0.384291,0.291872]],[[0.188083,-0.300338,-0.935105],[-0.0818355,0.943994,-0.319653],[0.978738,0.136646,0.152971]],[[0.188083,-0.300338,-0.935105],[-0.890092,0.350336,-0.29155],[0.415165,0.887165,-0.201436]],[[0.188083,-0.300338,-0.935105],[-0.951015,-0.293532,-0.0970059],[-0.245349,0.907544,-0.340834]]],1],[2032,[-0.458548,-0.813844,0.356921],203,64.8039,[-22.9857,67.8845,-26.6583],[-30.8659,76.8109,-26.4034],[-4.11991,3.39518,6.37995],false,[80.077,93.9668,-5.97764],[23.1709,116.821,-34.1236],[-21.9001,110.386,-44.1356],[-34.5109,88.0036,-34.3197],[-30.792,73.3733,-24.199],[[[0.219537,-0.49135,-0.842839],[0.49044,0.802402,-0.34003],[0.84337,-0.338713,0.417134]],[[0.255265,-0.505334,-0.824304],[-0.00526678,0.851809,-0.523826],[0.966857,0.138056,0.214775]],[[0.255265,-0.505334,-0.824304],[-0.851219,0.286874,-0.439465],[0.458548,0.813844,-0.356921]],[[0.255265,-0.505334,-0.824304],[-0.94497,-0.310821,-0.102085],[-0.204624,0.805002,-0.556867]]],2],[2033,[-0.441386,-0.783312,0.437723],203,62.3106,[-6.93898,66.4746,-41.6079],[-15.5849,68.0518,-37.9575],[7.56337,-10.3013,16.8097],false,[82.4304,89.125,-16.5695],[34.5256,105.989,-49.5964],[-7.22666,99.1117,-58.3503],[-19.052,78.1257,-46.6231],[-15.0585,64.664,-35.2496],[[[0.303652,-0.59492,-0.744221],[0.531506,0.75404,-0.385908],[0.790757,-0.278376,0.54517]],[[0.257556,-0.577881,-0.774415],[-0.00618951,0.80045,-0.599367],[0.966244,0.159164,0.202584]],[[0.257556,-0.577881,-0.774415],[-0.85956,0.229078,-0.456815],[0.441386,0.783312,-0.437723]],[[0.257556,-0.577881,-0.774415],[-0.940651,-0.333257,-0.064161],[-0.221002,0.744979,-0.629416]]],3],[2034,[-0.473627,-0.689051,0.54853],203,48.8504,[6.63058,74.4082,-50.1853],[5.37005,68.982,-48.6829],[-1.96322,-9.34217,10.9884],false,[83.6135,77.9109,-24.4628],[43.9714,91.9674,-61.5545],[10.4416,90.4935,-68.1125],[1.48252,77.4595,-57.7366],[5.57407,66.2958,-46.0522],[[[0.301111,-0.739497,-0.60206],[0.640024,0.624753,-0.447273],[0.706896,-0.250654,0.661416]],[[0.169093,-0.682373,-0.711178],[0.100209,0.729733,-0.676349],[0.980493,0.0430993,0.191773]],[[0.169093,-0.682373,-0.711178],[-0.864341,0.24408,-0.439704],[0.473627,0.689051,-0.54853]],[[0.169093,-0.682373,-0.711178],[-0.95455,-0.293072,0.0542433],[-0.245441,0.669683,-0.700916]]],4]],[[0,200,0],[235.247,235.247,147.751]]],[425231,1296841361847,[[203,"right",[-0.75773,0.451845,-0.470831],[-0.572316,-0.806786,0.146801],[40.1044,101.359,-24.6665],[2.07053,1.56335,-4.5921],[26.9812,100.355,-23.545],1,1,0.298194,[[0.373409,-0.371394,-0.850078],[-0.00847765,0.914957,-0.403463],[0.927628,0.157863,0.338505]],61.6255,[326.606,119.548,81.2881],[84.3793,78.3258,-7.10389]]],[[2030,[-0.985526,0.00589553,-0.169423],203,50.4033,[-20.8721,75.817,5.99644],[-16.6631,76.9509,0.750017],[-0.382927,14.3839,1.92627],false,[72.2649,78.8998,19.9723],[72.2649,78.8998,19.9723],[24.2515,83.8286,18.9423],[-8.2461,84.023,13.3556],[-18.9531,74.1409,-3.96527],[[[0.4902,0.656588,-0.573233],[0.299337,0.490852,0.818207],[0.818597,-0.572674,0.0440748]],[[0.0974932,0.837303,-0.537976],[0.0370609,0.537122,0.84269],[0.994546,-0.102094,0.0213345]],[[0.0974932,0.837303,-0.537976],[-0.138687,0.546707,0.825759],[0.985526,-0.00589553,0.169423]],[[0.0974932,0.837303,-0.537976],[-0.875627,0.329094,0.353517],[0.473045,0.436601,0.76525]]],0],[2031,[-0.41603,-0.886438,0.202848],203,56.8744,[-26.483,77.688,-12.3344],[-31.1009,85.2743,-12.5482],[-4.32792,9.38514,2.41352],false,[77.6918,95.8631,5.53809],[15.387,123.188,-15.2943],[-25.2848,117.503,-21.6112],[-35.0099,96.7821,-16.8695],[-30.9823,81.7854,-11.2196],[[[0.181854,-0.29943,-0.936628],[0.447369,0.873418,-0.192362],[0.875666,-0.384036,0.292789]],[[0.187371,-0.301845,-0.934763],[-0.0819942,0.94349,-0.321098],[0.978861,0.136809,0.152033]],[[0.187371,-0.301845,-0.934763],[-0.889838,0.350882,-0.291669],[0.41603,0.886438,-0.202848]],[[0.187371,-0.301845,-0.934763],[-0.951569,-0.291904,-0.0964803],[-0.243739,0.907569,-0.341921]]],1],[2032,[-0.458971,-0.812984,0.358332],203,64.8039,[-22.998,67.897,-26.6581],[-30.9124,76.8098,-26.3773],[-3.83064,2.04824,5.98022],false,[80.0718,93.9924,-5.97929],[23.1794,116.813,-34.1808],[-21.8968,110.342,-44.1466],[-34.5192,87.9835,-34.2919],[-30.8254,73.3617,-24.1498],[[[0.219539,-0.493041,-0.841851],[0.490789,0.801578,-0.341466],[0.843166,-0.338206,0.417957]],[[0.254827,-0.506837,-0.823517],[-0.00595978,0.850792,-0.525468],[0.966968,0.138812,0.213784]],[[0.254827,-0.506837,-0.823517],[-0.851122,0.286658,-0.439794],[0.458971,0.812984,-0.358332]],[[0.254827,-0.506837,-0.823517],[-0.945386,-0.30958,-0.102006],[-0.203244,0.804535,-0.558046]]],2],[2033,[-0.439156,-0.782961,0.440583],203,62.3106,[-6.94376,66.4752,-41.6058],[-15.5511,67.9567,-37.858],[8.44258,-11.2019,16.2233],false,[82.4257,89.1296,-16.5614],[34.5336,105.947,-49.6305],[-7.21155,98.9496,-58.323],[-18.9772,77.9729,-46.5192],[-14.9551,64.5509,-35.1091],[[[0.303599,-0.596451,-0.743017],[0.531848,0.753114,-0.387242],[0.790547,-0.277606,0.545866]],[[0.258107,-0.579682,-0.772884],[-0.00854926,0.798589,-0.601817],[0.966079,0.161941,0.201165]],[[0.258107,-0.579682,-0.772884],[-0.860536,0.225699,-0.456659],[0.439156,0.782961,-0.440583]],[[0.258107,-0.579682,-0.772884],[-0.940126,-0.335013,-0.0626897],[-0.222586,0.742789,-0.631443]]],3],[2034,[-0.47324,-0.688058,0.550109],203,48.8504,[6.62907,74.404,-50.1842],[5.33355,68.9102,-48.6179],[-1.6352,-9.50646,10.7216],false,[83.6065,77.9,-24.433],[43.977,91.8991,-61.5597],[10.44,90.3725,-68.0689],[1.48825,77.3572,-57.6631],[5.56337,66.2101,-45.9571],[[[0.300977,-0.740755,-0.600579],[0.640334,0.623672,-0.448337],[0.706672,-0.249632,0.662042]],[[0.16891,-0.683747,-0.709901],[0.0984552,0.728352,-0.678092],[0.980702,0.0446431,0.190344]],[[0.16891,-0.683747,-0.709901],[-0.864589,0.243035,-0.439796],[0.47324,0.688058,-0.550109]],[[0.16891,-0.683747,-0.709901],[-0.954836,-0.29215,0.0541982],[-0.244455,0.668684,-0.702213]]],4]],[[0,200,0],[235.247,235.247,147.751]]]]}