{"metadata":{"formatVersion":2,"generatedBy":"LeapJS Playback 0.2.1","frames":2,"frameRate":"1.1e+2","modified":"Tue Jun 02 2015 20:58:47 GMT-0300 (E. South America Standard Time)","title":"1"},"frames":[["id","timestamp",{"hands":[["id","type","direction","palmNormal","palmPosition","palmVelocity","stabilizedPalmPosition","pinchStrength","grabStrength","confidence","armBasis","armWidth","elbow","wrist"]]},{"pointables":[["id","direction","handId","length","stabilizedTipPosition","tipPosition","tipVelocity","tool","carpPosition","mcpPosition","pipPosition","dipPosition","btipPosition","bases","type"]]},{"interactionBox":["center","size"]}],[399273,1296566061425,[[184,"right",[-0.966437,-0.083244,0.243043],[0.234148,0.103852,0.966638],[13.8954,73.8438,-30.9928],[-0.972312,-1.44643,-0.0792067],[14.1045,70.7452,-30.3155],0.589371,0,0.318361,[[0.351338,-0.934224,0.0615351],[-0.0580752,-0.0873449,-0.994484],[0.934446,0.345826,-0.0849428]],51.1099,[257.961,145.924,-62.7707],[55.5901,71.0297,-44.3749]]],[[1840,[-0.695705,-0.112098,0.709527],184,41.8026,[7.08451,85.8142,17.4773],[3.73631,85.15,17.3578],[-2.03497,1.00511,-4.28931],false,[57.854,94.8208,-38.5176],[57.854,94.8208,-38.5176],[27.9576,97.5031,-12.0198],[8.93138,94.4375,7.38446],[2.02784,82.5455,20.1639],[[[-0.355475,-0.507949,-0.784618],[0.187379,0.783677,-0.592233],[0.915711,-0.357545,-0.183399]],[[-0.636165,-0.362572,-0.681055],[-0.194323,0.929545,-0.313345],[0.746681,-0.066994,-0.6618]],[[-0.636165,-0.362572,-0.681055],[-0.333599,0.92519,-0.18093],[0.695705,0.112098,-0.709527]],[[-0.636165,-0.362572,-0.681055],[-0.67827,0.683542,0.269668],[0.367756,0.633492,-0.680767]]],0],[1841,[-0.978574,0.0369068,0.20256],184,47.1696,[-68.8399,96.3471,-19.8524],[-71.3322,94.1086,-20.7651],[-1.2959,-3.86233,-2.42218],false,[46.5707,86.0658,-51.0689],[-8.01354,91.8971,-29.4178],[-42.4336,92.6088,-27.9136],[-61.4053,93.3243,-23.9865],[-74.2768,94.0173,-19.3331],[[[-0.05806,-0.99101,0.120534],[-0.375517,-0.090191,-0.922417],[0.924995,-0.0988182,-0.366905]],[[-0.0160283,-0.994473,0.103762],[-0.0455521,-0.102941,-0.993644],[0.998833,-0.0206529,-0.0436504]],[[-0.0160283,-0.994473,0.103762],[-0.20527,-0.0982917,-0.973757],[0.978574,-0.0369068,-0.20256]],[[-0.0160283,-0.994473,0.103762],[-0.342929,-0.0920129,-0.934844],[0.939225,-0.0505668,-0.339559]]],1],[1842,[0.987254,0.149879,0.0535427],184,53.746,[33.8019,89.0881,9.5631],[32.7923,87.2453,2.95858],[1.43467,-0.37554,-2.31746],false,[45.0537,76.3069,-50.9774],[-6.63788,74.2015,-29.6422],[0.0982896,83.7131,7.22076],[22.6164,87.1316,8.44201],[35.7807,87.2568,1.10139],[[[0.132317,-0.965256,0.225328],[-0.359527,-0.258582,-0.896591],[0.923706,0.0376227,-0.381251]],[[0.134351,-0.965171,0.224487],[-0.975496,-0.0889876,0.201219],[-0.174234,-0.24602,-0.953476]],[[0.134351,-0.965171,0.224487],[-0.0853237,0.214432,0.973005],[-0.987254,-0.149879,-0.0535427]],[[0.134351,-0.965171,0.224487],[0.468176,0.261488,0.844059],[-0.873362,-0.00830095,0.487001]]],2],[1843,[0.963221,0.267211,-0.0283415],184,51.6782,[40.2442,77.3835,3.03451],[38.9084,75.3181,-2.82913],[1.24161,-1.05951,-3.21548],false,[45.4836,66.6306,-49.1645],[0.215686,57.2584,-29.482],[7.79057,68.1858,3.79781],[29.1932,74.1232,3.16807],[41.7895,75.6125,-4.81364],[[[0.293529,-0.926941,0.233711],[-0.319526,-0.325554,-0.889898],[0.900968,0.186534,-0.391742]],[[0.265834,-0.932213,0.245583],[-0.940562,-0.194953,0.278096],[-0.211367,-0.304914,-0.928629]],[[0.265834,-0.932213,0.245583],[-0.0392022,0.244085,0.968961],[-0.963221,-0.267211,0.0283415]],[[0.265834,-0.932213,0.245583],[0.472085,0.347999,0.809958],[-0.840516,-0.0993785,0.532594]]],3],[1844,[0.901909,0.417599,0.110326],184,40.5148,[37.1372,65.2946,1.77831],[34.0878,63.1397,-2.82457],[0.642308,-0.753315,-1.43326],false,[49.7085,57.9623,-43.0546],[8.98644,42.8028,-26.4688],[10.3061,54.3138,-0.581765],[24.4554,60.8652,1.14905],[36.9055,63.7497,-4.12563],[[[0.444567,-0.832504,0.330603],[-0.18912,-0.447996,-0.873804],[0.875554,0.325941,-0.356607]],[[0.354078,-0.86111,0.364854],[-0.934058,-0.306207,0.183774],[-0.046529,-0.405865,-0.912748]],[[0.354078,-0.86111,0.364854],[-0.247366,0.290001,0.924505],[-0.901909,-0.417599,-0.110326]],[[0.354078,-0.86111,0.364854],[0.252406,0.463641,0.849311],[-0.900511,-0.208631,0.381514]]],4]],[[0,200,0],[235.247,235.247,147.751]]],[399274,1296566070048,[[184,"right",[-0.966297,-0.0829195,0.243708],[0.23475,0.104699,0.966401],[13.8806,73.8233,-30.9998],[-1.16961,-1.69359,-0.272066],[14.104,70.7527,-30.3172],0.589033,0,0.321825,[[0.351432,-0.934131,0.0624026],[-0.0576902,-0.088135,-0.994437],[0.934434,0.345877,-0.0848637]],51.1099,[257.935,145.898,-62.7835],[55.5668,70.9926,-44.4048]]],[[1840,[-0.695404,-0.111597,0.709901],184,41.8026,[7.08379,85.8141,17.4773],[3.7429,85.1691,17.3367],[-1.35596,1.0842,-3.85964],false,[57.8368,94.7887,-38.5703],[57.8368,94.7887,-38.5703],[27.95,97.4913,-12.0638],[8.93202,94.4394,7.35065],[2.03358,82.5596,20.1441],[[[-0.35601,-0.508618,-0.783942],[0.187102,0.783122,-0.593054],[0.91556,-0.35781,-0.183635]],[[-0.63637,-0.363286,-0.680483],[-0.194569,0.929229,-0.314128],[0.746443,-0.0675008,-0.662017]],[[-0.63637,-0.363286,-0.680483],[-0.333837,0.92497,-0.181614],[0.695404,0.111597,-0.709901]],[[-0.63637,-0.363286,-0.680483],[-0.678225,0.683762,0.269221],[0.367484,0.632845,-0.681515]]],0],[1841,[-0.979229,0.0355773,0.199609],184,47.1696,[-68.8411,96.3458,-19.8527],[-71.3593,94.0286,-20.8295],[-2.30699,-5.90712,-6.54674],false,[46.545,86.0236,-51.1069],[-8.02543,91.8804,-29.4276],[-42.4482,92.5489,-27.967],[-61.4326,93.2386,-24.0971],[-74.3259,93.9132,-19.5016],[[[-0.0580936,-0.990894,0.121464],[-0.37609,-0.0909828,-0.922105],[0.92476,-0.0992499,-0.36738]],[[-0.0148909,-0.994446,0.104194],[-0.0441731,-0.103449,-0.993653],[0.998913,-0.0193989,-0.0423873]],[[-0.0148909,-0.994446,0.104194],[-0.202208,-0.0990574,-0.97432],[0.979229,-0.0355773,-0.199609]],[[-0.0148909,-0.994446,0.104194],[-0.338597,-0.0930337,-0.936321],[0.940814,-0.0492224,-0.335331]]],1],[1842,[0.987327,0.149739,0.0525756],184,53.746,[33.8018,89.0879,9.56239],[32.8004,87.2515,2.92045],[1.34292,-0.111135,-2.90743],false,[45.0269,76.265,-51.0056],[-6.65182,74.1845,-29.6369],[0.110948,83.7291,7.21259],[22.6308,87.1444,8.41179],[35.7886,87.2599,1.05951],[[[0.13235,-0.965067,0.226118],[-0.360103,-0.259352,-0.896137],[0.923477,0.0371781,-0.381849]],[[0.134354,-0.964984,0.225289],[-0.975372,-0.0886489,0.201966],[-0.174922,-0.246875,-0.953129]],[[0.134354,-0.964984,0.225289],[-0.0844692,0.21537,0.972872],[-0.987327,-0.149739,-0.0525756]],[[0.134354,-0.964984,0.225289],[0.468969,0.262197,0.843398],[-0.872936,-0.0076606,0.487775]]],2],[1843,[0.963254,0.266955,-0.0296131],184,51.6782,[40.2441,77.3834,3.03418],[38.9128,75.3171,-2.86548],[1.10311,-0.829848,-3.59081],false,[45.4569,66.5902,-49.1843],[0.200007,57.2408,-29.4657],[7.80244,68.1987,3.79785],[29.2058,74.1303,3.13985],[41.7938,75.6082,-4.8571],[[[0.293572,-0.926762,0.234368],[-0.320105,-0.326322,-0.889408],[0.900749,0.186083,-0.39246]],[[0.26587,-0.932022,0.246268],[-0.940378,-0.194532,0.279009],[-0.212136,-0.305765,-0.928173]],[[0.26587,-0.932022,0.246268],[-0.0381425,0.245092,0.968749],[-0.963254,-0.266955,0.0296131]],[[0.26587,-0.932022,0.246268],[0.473052,0.348727,0.809081],[-0.839961,-0.098613,0.533611]]],3],[1844,[0.902076,0.417526,0.109227],184,40.5148,[37.1367,65.2942,1.77751],[34.0889,63.1404,-2.83828],[0.527414,-0.548605,-1.50521],false,[49.6846,57.927,-43.0691],[8.97104,42.7869,-26.4448],[10.3081,54.3214,-0.569044],[24.46,60.8716,1.14452],[36.9065,63.748,-4.14337],[[[0.444679,-0.832253,0.331083],[-0.189702,-0.448764,-0.873283],[0.875371,0.325523,-0.357436]],[[0.354186,-0.860824,0.365422],[-0.933986,-0.305914,0.184627],[-0.047144,-0.406692,-0.912348]],[[0.354186,-0.860824,0.365422],[-0.246598,0.290952,0.924411],[-0.902076,-0.417526,-0.109227]],[[0.354186,-0.860824,0.365422],[0.253214,0.464434,0.848636],[-0.900241,-0.208045,0.382469]]],4]],[[0,200,0],[235.247,235.247,147.751]]]]}