{"metadata":{"formatVersion":2,"generatedBy":"LeapJS Playback 0.2.1","frames":1,"frameRate":"1.1e+2","modified":"Tue Jun 02 2015 20:59:15 GMT-0300 (E. South America Standard Time)","title":"2-4"},"frames":[["id","timestamp",{"hands":[["id","type","direction","palmNormal","palmPosition","palmVelocity","stabilizedPalmPosition","pinchStrength","grabStrength","confidence","armBasis","armWidth","elbow","wrist"]]},{"pointables":[["id","direction","handId","length","stabilizedTipPosition","tipPosition","tipVelocity","tool","carpPosition","mcpPosition","pipPosition","dipPosition","btipPosition","bases","type"]]},{"interactionBox":["center","size"]}],[400863,1296590902469,[[185,"right",[-0.911816,0.0115541,-0.410436],[-0.410522,-0.00642888,0.911828],[12.5563,95.6569,-28.507],[41.9255,45.3157,7.89204],[10.5818,92.5313,-28.9397],1,0.13942,0.343563,[[-0.0415391,-0.999118,-0.00616907],[-0.130452,0.011545,-0.991387],[0.990584,-0.0403766,-0.130816]],58.3407,[304.085,78.1511,-44.2338],[59.2063,88.1325,-11.8951]]],[[1850,[-0.860096,-0.441838,0.254979],185,47.7167,[-13.5555,80.4214,17.2072],[-14.5829,88.2034,18.4459],[-36.038,251.414,50.0215],false,[58.2099,114.132,-1.316],[58.2099,114.132,-1.316],[13.7361,119.601,7.68292],[-13.1137,105.808,15.6426],[-16.7751,85.0538,19.5179],[[[0.18608,-0.394357,-0.89992],[0.545796,0.80309,-0.239069],[0.816995,-0.446687,0.364677]],[[-0.213136,-0.142868,-0.96652],[0.0875241,0.982482,-0.164528],[0.973094,-0.119661,-0.196898]],[[-0.213136,-0.142868,-0.96652],[-0.463474,0.885645,-0.0287086],[0.860096,0.441838,-0.254979]],[[-0.213136,-0.142868,-0.96652],[-0.961964,0.203697,0.182022],[0.170872,0.968554,-0.180849]]],0],[1851,[-0.962461,-0.029893,0.269769],185,53.8429,[-81.3385,108.723,-22.2522],[-78.0741,117.257,-19.9646],[72.8676,165.434,47.4949],false,[56.5678,106.976,-21.7395],[-7.32285,118.854,-39.4623],[-45.5444,117.708,-30.2384],[-66.8436,117.047,-24.2684],[-81.7921,116.572,-19.6832],[[[-0.16088,-0.983778,-0.0793675],[0.272838,0.0329518,-0.961496],[0.948513,-0.17634,0.263111]],[[0.0232914,-0.999347,-0.0276398],[-0.235146,0.0213953,-0.971724],[0.971681,0.0291323,-0.234494]],[[0.0232914,-0.999347,-0.0276398],[-0.270419,0.0203189,-0.962528],[0.962461,0.029893,-0.269769]],[[0.0232914,-0.999347,-0.0276398],[-0.293759,0.0195855,-0.955679],[0.955596,0.0303786,-0.293111]]],1],[1852,[-0.969297,0.0341485,0.24351],185,61.3497,[-86.9473,97.5329,-16.7807],[-87.1826,102.129,-20.4231],[21.8348,150.608,-46.1528],false,[54.6873,96.1512,-24.2651],[-6.76287,98.7054,-41.5212],[-49.8489,100.026,-32.0651],[-75.0853,100.915,-25.7251],[-91.6725,101.551,-21.1983],[[[-0.0753928,-0.989664,0.121992],[0.26247,-0.137721,-0.955062],[0.96199,-0.0399857,0.27014]],[[0.00105946,-0.989721,0.14301],[-0.216347,-0.13985,-0.966248],[0.976316,-0.0299161,-0.214271]],[[0.00105946,-0.989721,0.14301],[-0.24589,-0.138878,-0.959297],[0.969297,-0.0341485,-0.24351]],[[0.00105946,-0.989721,0.14301],[-0.265686,-0.138149,-0.95411],[0.964059,-0.036985,-0.263101]]],2],[1853,[0.261786,0.251833,0.931691],185,58.9894,[-21.5182,88.4445,21.2502],[-14.883,92.6597,21.5134],[67.5049,120.373,24.7665],false,[53.3372,84.9906,-23.8899],[-1.53549,78.6291,-39.3092],[-31.0217,83.2425,-11.3321],[-24.3819,89.6298,12.2987],[-11.7891,93.3449,23.2649],[[[0.0474236,-0.971544,0.232062],[0.286945,-0.209281,-0.934807],[0.956773,0.110921,0.268855]],[[0.0764075,-0.967735,0.240106],[-0.688921,-0.225324,-0.688924],[0.720798,-0.112775,-0.683909]],[[0.0764075,-0.967735,0.240106],[-0.962097,-0.00833159,0.272582],[-0.261786,-0.251833,-0.931691]],[[0.0764075,-0.967735,0.240106],[-0.672509,0.12777,0.728977],[-0.736135,-0.217173,-0.641047]]],3],[1854,[0.182458,0.407555,0.894767],185,46.2466,[-15.0184,76.4492,10.5191],[-10.248,79.1561,11.1129],[56.3782,106.284,35.7853],false,[52.3951,74.0424,-16.8863],[3.50875,60.8286,-32.826],[-21.4604,67.3851,-13.2904],[-18.193,74.6834,2.73278],[-7.56572,80.0832,13.0751],[[[0.109773,-0.904153,0.412866],[0.374221,-0.347216,-0.859883],[0.920819,0.248895,0.300238]],[[0.0738562,-0.913153,0.400869],[-0.632211,-0.353745,-0.689328],[0.771268,-0.202523,-0.603432]],[[0.0738562,-0.913153,0.400869],[-0.980436,0.00705775,0.196713],[-0.182458,-0.407555,-0.894767]],[[0.0738562,-0.913153,0.400869],[-0.735585,0.221542,0.640182],[-0.673394,-0.342155,-0.65534]]],4]],[[0,200,0],[235.247,235.247,147.751]]]]}