{"metadata":{"formatVersion":2,"generatedBy":"LeapJS Playback 0.2.1","frames":1,"frameRate":"1.1e+2","modified":"Tue Jun 02 2015 20:59:38 GMT-0300 (E. South America Standard Time)","title":"2-4"},"frames":[["id","timestamp",{"hands":[["id","type","direction","palmNormal","palmPosition","palmVelocity","stabilizedPalmPosition","pinchStrength","grabStrength","confidence","armBasis","armWidth","elbow","wrist"]]},{"pointables":[["id","direction","handId","length","stabilizedTipPosition","tipPosition","tipVelocity","tool","carpPosition","mcpPosition","pipPosition","dipPosition","btipPosition","bases","type"]]},{"interactionBox":["center","size"]}],[401631,1296597692702,[[185,"right",[-0.786386,-0.211946,-0.580237],[-0.554786,-0.170784,0.814276],[-3.11956,103.663,-31.8624],[-7.65172,4.9679,4.86594],[-5.51309,103.806,-31.7723],0.431672,0.60332,0.178203,[[-0.339208,-0.924842,0.172061],[-0.298352,-0.0676954,-0.952052],[0.892146,-0.374278,-0.252966]],58.3407,[260.395,15.5774,-69.0468],[39.8508,108.101,-6.51208]]],[[1850,[-0.507719,-0.860656,0.0386459],185,47.7167,[-20.4585,74.8442,0.439433],[-20.3894,74.6667,0.179749],[1.61677,-1.79735,-0.454229],false,[29.7376,132.193,3.79397],[29.7376,132.193,3.79397],[-11.1102,114.889,-7.20013],[-26.9597,88.0221,-5.99371],[-17.5306,70.6778,2.33819],[[[0.452089,-0.275808,-0.848261],[0.336363,0.933499,-0.124255],[0.826121,-0.229149,0.514796]],[[0.347624,-0.245702,-0.904869],[-0.283476,0.892354,-0.351206],[0.893756,0.378597,0.240553]],[[0.347624,-0.245702,-0.904869],[-0.788276,0.445985,-0.423931],[0.507719,0.860656,-0.0386459]],[[0.347624,-0.245702,-0.904869],[-0.827964,-0.533345,-0.173258],[-0.440038,0.809428,-0.388835]]],0],[1851,[-0.93661,-0.07122,0.343058],185,53.8429,[-94.8013,116.213,-21.815],[-95.3775,116.187,-22.0513],[-9.09803,-4.03914,0.27139],false,[33.9716,126.068,-16.5918],[-26.2507,121.206,-46.3715],[-63.5757,118.637,-34.2253],[-84.3028,117.06,-26.6335],[-98.8292,115.892,-20.9479],[[[0.135785,-0.984169,-0.113903],[0.426885,0.161867,-0.889701],[0.894054,0.0721844,0.442106]],[[0.0112325,-0.984723,-0.173765],[-0.315417,0.161415,-0.935124],[0.948887,0.0653123,-0.308785]],[[0.0112325,-0.984723,-0.173765],[-0.350192,0.158897,-0.923102],[0.93661,0.07122,-0.343058]],[[0.0112325,-0.984723,-0.173765],[-0.370886,0.157278,-0.915263],[0.92861,0.0747278,-0.363454]]],1],[1852,[-0.903937,-0.0333792,0.426362],185,61.3497,[-95.5856,97.6628,-15.2338],[-95.8362,98.6669,-14.5479],[-4.47997,4.77895,5.64561],false,[35.6691,115.305,-19.4872],[-19.7552,102.119,-48.3779],[-60.4194,100.546,-31.3041],[-83.9541,99.6773,-20.2034],[-99.3215,99.1256,-12.4853],[[[0.18055,-0.978446,0.100227],[0.46322,-0.00530336,-0.886227],[0.867657,0.206435,0.452279]],[[0.0526524,-0.998051,0.0334933],[-0.384941,-0.0512326,-0.921518],[0.921438,0.0356272,-0.386889]],[[0.0526524,-0.998051,0.0334933],[-0.424413,-0.0527248,-0.903932],[0.903937,0.0333792,-0.426362]],[[0.0526524,-0.998051,0.0334933],[-0.446635,-0.053534,-0.893113],[0.893166,0.0320653,-0.448583]]],2],[1853,[-0.887621,-0.0543789,0.457354],185,58.9894,[-80.4169,79.6711,-10.2608],[-80.904,79.3659,-10.5987],[-8.32187,-5.82767,-9.28241],false,[37.4201,104.194,-19.4357],[-9.67443,84.1161,-45.2855],[-46.963,81.4014,-28.6832],[-69.476,80.0221,-17.0832],[-84.4099,79.2076,-8.77934],[[[0.270828,-0.9342,0.232211],[0.502359,-0.0686119,-0.861933],[0.82115,0.350089,0.450722]],[[0.142755,-0.976585,0.16094],[-0.385663,-0.204638,-0.89966],[0.911529,0.0663622,-0.405846]],[[0.142755,-0.976585,0.16094],[-0.437893,-0.208144,-0.8746],[0.887621,0.0543789,-0.457354]],[[0.142755,-0.976585,0.16094],[-0.466387,-0.209794,-0.859342],[0.872986,0.0476149,-0.485416]]],3],[1854,[-0.912094,-0.0672427,0.40443],185,46.2466,[-57.3153,62.6494,-12.8528],[-58.4653,62.754,-13.9228],[-6.59898,-2.28879,-10.5756],false,[38.2639,93.0101,-12.8025],[-1.1915,68.0006,-38.0284],[-31.3221,64.9079,-26.5975],[-47.6556,63.7037,-19.3551],[-61.8653,62.8896,-12.5375],[[[0.277295,-0.863138,0.422019],[0.608927,-0.181878,-0.772093],[0.743179,0.471077,0.475154]],[[0.242264,-0.884208,0.399355],[-0.274052,-0.45722,-0.846076],[0.930701,0.0955299,-0.353087]],[[0.242264,-0.884208,0.399355],[-0.330746,-0.462228,-0.822771],[0.912094,0.0672427,-0.40443]],[[0.242264,-0.884208,0.399355],[-0.361376,-0.464236,-0.808636],[0.900398,0.0515863,-0.431999]]],4]],[[0,200,0],[235.247,235.247,147.751]]]]}