{"metadata":{"formatVersion":2,"generatedBy":"LeapJS Playback 0.2.1","frames":1,"frameRate":"1.1e+2","modified":"Tue Jun 02 2015 21:00:19 GMT-0300 (E. South America Standard Time)","title":"5"},"frames":[["id","timestamp",{"hands":[["id","type","direction","palmNormal","palmPosition","palmVelocity","stabilizedPalmPosition","pinchStrength","grabStrength","confidence","armBasis","armWidth","elbow","wrist"]]},{"pointables":[["id","direction","handId","length","stabilizedTipPosition","tipPosition","tipVelocity","tool","carpPosition","mcpPosition","pipPosition","dipPosition","btipPosition","bases","type"]]},{"interactionBox":["center","size"]}],[411932,1296701819816,[[196,"right",[0.0407068,0.634008,-0.772255],[-0.557635,-0.626914,-0.544079],[10.2156,114.564,13.6361],[-0.5074,-5.15633,37.9926],[5.61027,112.55,5.10202],0.986406,0.929935,0.427342,[[0.664275,0.350385,-0.66028],[0.521668,0.415333,0.745225],[0.535352,-0.839481,0.0931101]],56.4223,[143.989,-117.111,72.6895],[15.9984,83.5906,50.429]]],[[1960,[-0.0809977,0.330831,-0.940208],196,46.1476,[-15.443,103.284,-36.4651],[-11.6414,108.661,-29.7911],[-12.1632,22.8753,37.8404],false,[-10.3864,87.104,55.8462],[-10.3864,87.104,55.8462],[-12.9209,100.43,13.7787],[-15.3663,110.419,-14.6069],[-10.4732,108.505,-34.6531],[[[0.84033,0.502245,0.203951],[-0.433749,0.397331,0.808696],[0.325128,-0.768035,0.551738]],[[0.796771,0.588232,0.138341],[-0.601554,0.750387,0.273956],[0.0573407,-0.301499,0.951741]],[[0.796771,0.588232,0.138341],[-0.598828,0.737925,0.311242],[0.0809977,-0.330831,0.940208]],[[0.796771,0.588232,0.138341],[-0.556242,0.803404,-0.212454],[-0.236116,0.0923265,0.967329]]],0],[1961,[-0.603961,0.215269,-0.767392],196,52.0724,[-33.1813,167.61,-41.4854],[-30.9086,171.888,-32.9117],[-5.01752,18.816,70.6993],false,[5.57523,100.732,55.6067],[-6.19628,139.836,4.85236],[-10.9887,174.453,-10.1792],[-23.9148,179.06,-26.6031],[-32.9179,169.996,-34.7076],[[[0.824152,-0.339905,-0.453032],[0.536768,0.723969,0.4333],[0.1807,-0.600278,0.779111]],[[0.749646,-0.173553,-0.638679],[0.649739,0.376668,0.660273],[0.125978,-0.909945,0.395131]],[[0.749646,-0.173553,-0.638679],[0.270671,0.961009,0.0565563],[0.603961,-0.215269,0.767392]],[[0.749646,-0.173553,-0.638679],[-0.289649,0.781653,-0.552378],[0.595092,0.599081,0.535694]]],1],[1962,[-0.394282,0.125772,-0.910342],196,59.3324,[0.811525,155.591,-62.7992],[2.17437,160.38,-55.9118],[-10.1438,26.2758,59.2669],false,[15.1792,98.4702,50.9671],[11.0428,132.268,-0.579923],[20.8514,164.492,-26.7903],[10.9235,167.659,-49.7124],[-0.276512,158.312,-57.7178],[[[0.737326,-0.536285,-0.41079],[0.672211,0.642727,0.367471],[0.0669567,-0.547084,0.834396]],[[0.738437,-0.546301,-0.395304],[0.633951,0.362635,0.683082],[-0.229818,-0.755017,0.614112]],[[0.738437,-0.546301,-0.395304],[0.547039,0.828092,-0.122522],[0.394282,-0.125772,0.910342]],[[0.738437,-0.546301,-0.395304],[0.0407853,0.621335,-0.782483],[0.673088,0.561692,0.481098]]],2],[1963,[-0.718616,-0.514614,-0.467721],196,57.0497,[-3.3265,110.909,-46.4756],[4.14824,117.798,-40.8337],[-4.41278,29.3636,35.1001],false,[23.6478,93.5749,46.2072],[26.8546,119.884,-2.5167],[26.9465,140.517,-36.2728],[9.31929,127.894,-47.7457],[3.03439,115.47,-38.8094],[[[0.686357,-0.657863,-0.31005],[0.724963,0.585002,0.363595],[-0.0578158,-0.47433,0.878446]],[[0.688771,-0.619411,-0.376729],[0.724976,0.586808,0.360648],[-0.00232173,-0.521523,0.853234]],[[0.688771,-0.619411,-0.376729],[0.0958417,0.592876,-0.79957],[0.718616,0.514614,0.467721]],[[0.688771,-0.619411,-0.376729],[-0.61748,-0.228927,-0.752536],[0.379886,0.750948,-0.540152]]],3],[1964,[-0.806199,-0.37523,-0.457434],196,44.7259,[13.4002,103.801,-38.3797],[21.2764,108.435,-31.3507],[-8.25251,18.0177,32.3594],false,[28.5971,83.348,40.7545],[38.6122,105.162,-4.6339],[40.5054,124.02,-29.5549],[26.543,117.522,-37.4771],[20.037,106.34,-29.3784],[[[0.545769,-0.795895,-0.262081],[0.814916,0.431339,0.387115],[-0.195057,-0.424849,0.884]],[[0.576497,-0.672044,-0.464767],[0.814859,0.430762,0.387878],[-0.0604668,-0.60233,0.795954]],[[0.576497,-0.672044,-0.464767],[0.133021,0.638404,-0.75812],[0.806199,0.37523,0.457434]],[[0.576497,-0.672044,-0.464767],[-0.6971,-0.107787,-0.708826],[0.426266,0.732625,-0.53062]]],4]],[[0,200,0],[235.247,235.247,147.751]]]]}