{"metadata":{"formatVersion":2,"generatedBy":"LeapJS Playback 0.2.1","frames":229,"frameRate":"1.1e+2","modified":"Tue Jun 02 2015 21:00:41 GMT-0300 (E. South America Standard Time)","title":"8"},"frames":[["id","timestamp",{"hands":[["id","type","direction","palmNormal","palmPosition","palmVelocity","stabilizedPalmPosition","pinchStrength","grabStrength","confidence","armBasis","armWidth","elbow","wrist"]]},{"pointables":[["id","direction","handId","length","stabilizedTipPosition","tipPosition","tipVelocity","tool","carpPosition","mcpPosition","pipPosition","dipPosition","btipPosition","bases","type"]]},{"interactionBox":["center","size"]}],[413832,1296728119984,[[197,"right",[-0.341022,0.472802,-0.812504],[-0.769819,-0.636508,-0.047282],[16.9417,121.167,-8.48103],[-21.2244,67.7154,25.9971],[20.7802,111.909,-22.2684],0.824227,1,0.468819,[[-0.0770516,-0.661558,-0.745925],[0.115628,0.737172,-0.665738],[0.9903,-0.137546,0.0196942]],57.9934,[283.823,62.4056,32.4455],[40.4716,96.2054,27.6059]]],[[1970,[-0.470147,-0.0726892,-0.879589],197,47.4326,[-24.1654,96.522,-31.9723],[-22.7336,98.3722,-32.9478],[23.9082,49.185,-30.5925],false,[19.9684,104.287,44.7472],[19.9684,104.287,44.7472],[-5.88093,109.435,7.74285],[-20.4703,107.179,-19.552],[-24.017,97.1255,-37.9923],[[[0.839104,0.416365,-0.350063],[0.0431602,0.590544,0.80585],[0.542256,-0.691301,0.477558]],[[0.725102,0.536369,-0.431898],[-0.387936,0.836342,0.387348],[0.568976,-0.113318,0.81451]],[[0.725102,0.536369,-0.431898],[-0.503179,0.840848,0.199465],[0.470147,0.0726892,0.879589]],[[0.725102,0.536369,-0.431898],[-0.668208,0.699657,-0.25294],[0.166511,0.472005,0.865728]]],0],[1971,[0.0963078,-0.825327,0.556381],197,53.5224,[-23.3875,115.89,-12.1815],[-26.5511,106.36,-2.38055],[4.73649,-23.5802,-3.2321],false,[34.3074,115.746,33.4107],[-1.59811,147.061,-13.6368],[-35.746,129.745,-21.5733],[-33.6274,111.59,-9.33395],[-23.4315,104.874,0.296559],[[[0.474603,-0.521322,-0.709208],[0.697996,0.713783,-0.0575856],[0.536241,-0.467694,0.702644]],[[0.419915,-0.473111,-0.774492],[-0.246955,0.761609,-0.599136],[0.873318,0.442851,0.202974]],[[0.419915,-0.473111,-0.774492],[-0.902439,-0.308222,-0.301003],[-0.0963078,0.825327,-0.556381]],[[0.419915,-0.473111,-0.774492],[-0.627498,-0.767882,0.128855],[-0.655681,0.431884,-0.619322]]],1],[1972,[-0.147221,-0.664751,0.732415],197,60.9845,[-24.8584,107.503,-11.9423],[-26.6444,97.9732,-5.75743],[17.6404,-22.4224,-21.8048],false,[40.3628,111.323,25.0824],[10.6953,136.146,-25.2725],[-28.7682,119.916,-35.4548],[-32.5784,102.712,-16.4994],[-24.6871,96.6462,-2.59076],[[[0.416696,-0.693709,-0.58748],[0.779788,0.60493,-0.161216],[0.467221,-0.390931,0.793018]],[[0.434807,-0.708594,-0.555731],[-0.0411284,0.60085,-0.798303],[0.899584,0.369964,0.23211]],[[0.434807,-0.708594,-0.555731],[-0.888408,-0.236643,-0.393358],[0.147221,0.664751,-0.732415]],[[0.434807,-0.708594,-0.555731],[-0.773341,-0.610006,0.172732],[-0.461396,0.354665,-0.81322]]],2],[1973,[0.155638,-0.454608,0.876989],197,58.6382,[-7.55631,89.781,-5.76279],[-0.396029,88.137,1.56158],[36.0884,14.9862,-22.8213],false,[45.2892,104.392,17.8218],[23.4289,121.25,-32.0594],[-11.9646,101.339,-29.9524],[-8.04058,89.8772,-7.8414],[2.96155,87.8331,4.96248],[[[0.420932,-0.787292,-0.450541],[0.822063,0.541051,-0.177415],[0.383444,-0.295694,0.874949]],[[0.409467,-0.77825,-0.476092],[-0.27344,0.393165,-0.877868],[0.870384,0.48964,-0.0518162]],[[0.409467,-0.77825,-0.476092],[-0.898951,-0.433196,-0.0650218],[-0.155638,0.454608,-0.876989]],[[0.409467,-0.77825,-0.476092],[-0.643217,-0.616341,0.454307],[-0.647,0.120206,-0.752955]]],3],[1974,[0.0315839,-0.333295,0.942293],197,45.9713,[-0.764978,82.5413,-13.2601],[8.92443,85.892,-8.45311],[47.3377,46.4166,-23.612],false,[46.6138,92.465,12.9459],[32.4205,104.523,-36.4328],[2.34171,93.2108,-34.7152],[2.90394,87.2778,-17.9414],[11.7835,85.7371,-5.10071],[[[0.320829,-0.894726,-0.310699],[0.908151,0.383749,-0.16733],[0.268944,-0.228477,0.935664]],[[0.316454,-0.890929,-0.325734],[-0.162047,0.287562,-0.943954],[0.934665,0.351502,-0.0533724]],[[0.316454,-0.890929,-0.325734],[-0.948082,-0.30848,-0.0773335],[-0.0315839,0.333295,-0.942293]],[[0.316454,-0.890929,-0.325734],[-0.761234,-0.443396,0.473205],[-0.566022,0.0982122,-0.818519]]],4]],[[0,200,0],[235.247,235.247,147.751]]],[413833,1296728128728,[[197,"right",[-0.343286,0.473745,-0.810999],[-0.767351,-0.639376,-0.0486817],[17.0038,121.21,-8.53114],[-13.6338,50.8963,17.4965],[20.6457,112.24,-21.7793],0.819052,1,0.280533,[[-0.076675,-0.656369,-0.750534],[0.118086,0.741474,-0.660509],[0.990039,-0.139272,0.0206553]],57.9934,[283.937,62.0155,32.5493],[40.6497,96.2395,27.4736]]],[[1970,[-0.470173,-0.0666611,-0.880053],197,47.4326,[-24.042,96.8981,-32.2046],[-22.6414,98.7173,-33.2262],[21.1854,47.9582,-30.4669],false,[20.124,104.193,44.6479],[20.124,104.193,44.6479],[-5.62322,109.42,7.58355],[-20.2133,107.352,-19.7257],[-23.9376,97.5805,-38.2825],[[[0.83729,0.420623,-0.349315],[0.0412688,0.588443,0.807485],[0.545199,-0.690515,0.475339]],[[0.726258,0.53736,-0.428711],[-0.389062,0.835466,0.388108],[0.566727,-0.115071,0.81583]],[[0.726258,0.53736,-0.428711],[-0.501484,0.840714,0.204239],[0.470173,0.0666611,0.880053]],[[0.726258,0.53736,-0.428711],[-0.664814,0.707674,-0.239208],[0.174846,0.45874,0.871198]]],0],[1971,[0.101889,-0.825468,0.555176],197,53.5224,[-23.4599,115.574,-11.8437],[-26.3469,106.249,-2.41565],[9.57592,-20.1594,-3.77557],false,[34.4122,115.739,33.3364],[-1.63965,147.046,-13.6047],[-35.7171,129.607,-21.5745],[-33.4758,111.448,-9.36162],[-23.2179,104.793,0.245088],[[[0.47627,-0.517469,-0.71091],[0.695172,0.716664,-0.055932],[0.538427,-0.467566,0.701056]],[[0.421722,-0.46961,-0.77564],[-0.250215,0.761941,-0.59736],[0.871518,0.445997,0.203824]],[[0.421722,-0.46961,-0.77564],[-0.900982,-0.313159,-0.30027],[-0.101889,0.825468,-0.555176]],[[0.421722,-0.46961,-0.77564],[-0.622086,-0.772199,0.129293],[-0.659666,0.427989,-0.617791]]],1],[1972,[-0.141317,-0.666913,0.731612],197,60.9845,[-24.8893,107.287,-11.8048],[-26.4069,97.8767,-5.84441],[21.3824,-18.8588,-18.3487],false,[40.4806,111.363,24.9927],[10.6903,136.212,-25.2773],[-28.7194,119.865,-35.4811],[-32.3768,102.605,-16.5464],[-24.3884,96.5746,-2.67784],[[[0.419099,-0.690423,-0.589637],[0.777335,0.608423,-0.159909],[0.469154,-0.391328,0.79168]],[[0.437052,-0.705138,-0.55836],[-0.0440458,0.603265,-0.796324],[0.898357,0.372628,0.232599]],[[0.437052,-0.705138,-0.55836],[-0.888265,-0.240846,-0.391124],[0.141317,0.666913,-0.731612]],[[0.437052,-0.705138,-0.55836],[-0.768654,-0.61519,0.17525],[-0.467073,0.352593,-0.810877]]],2],[1973,[0.157871,-0.456422,0.875646],197,58.6382,[-7.40951,89.7536,-5.62562],[-0.194819,88.0861,1.43045],[32.4399,9.4538,-20.7859],false,[45.4302,104.472,17.7101],[23.4785,121.385,-32.1125],[-11.8356,101.329,-30.043],[-7.85524,89.8218,-7.96588],[3.16137,87.7853,4.82678],[[[0.423772,-0.784372,-0.452965],[0.819851,0.544756,-0.176309],[0.385048,-0.296649,0.873921]],[[0.412272,-0.775315,-0.478455],[-0.275428,0.394523,-0.876636],[0.86843,0.493192,-0.0508925]],[[0.412272,-0.775315,-0.478455],[-0.897278,-0.436538,-0.0657701],[-0.157871,0.456422,-0.875646]],[[0.412272,-0.775315,-0.478455],[-0.640563,-0.620118,0.452917],[-0.647851,0.119755,-0.752295]]],3],[1974,[0.0316347,-0.335975,0.941339],197,45.9713,[-0.351228,82.6798,-13.0646],[9.12061,85.9131,-8.60162],[39.1838,34.515,-22.5511],false,[46.7989,92.5643,12.8001],[32.5332,104.705,-36.5374],[2.49392,93.2806,-34.8731],[3.05705,87.2999,-18.1163],[11.9297,85.7531,-5.27162],[[[0.324161,-0.89259,-0.313374],[0.906558,0.387763,-0.166709],[0.270318,-0.230051,0.934882]],[[0.319882,-0.888872,-0.327999],[-0.162407,0.289623,-0.943262],[0.933434,0.355001,-0.0517138]],[[0.319882,-0.888872,-0.327999],[-0.946929,-0.311493,-0.0793531],[-0.0316347,0.335975,-0.941339]],[[0.319882,-0.888872,-0.327999],[-0.760126,-0.447422,0.471192],[-0.565583,0.0985945,-0.818776]]],4]],[[0,200,0],[235.247,235.247,147.751]]],[413834,1296728137384,[[197,"right",[-0.352068,0.479288,-0.803947],[-0.757492,-0.650434,-0.0560445],[16.9656,121.505,-8.49308],[-11.1839,46.4149,14.0166],[20.504,112.597,-21.2675],0.814588,1,0.304072,[[-0.0743473,-0.634381,-0.769437],[0.1265,0.75934,-0.63828],[0.989177,-0.144788,0.0237942]],57.9934,[284.136,60.8391,32.9784],[41.0611,96.4186,27.1313]]],[[1970,[-0.471171,-0.056221,-0.880248],197,47.4326,[-23.9142,97.2768,-32.4405],[-22.4503,99.156,-33.5865],[21.4688,50.1651,-32.1586],false,[20.4474,103.821,44.4457],[20.4474,103.821,44.4457],[-5.32871,109.245,7.42967],[-19.9498,107.5,-19.8857],[-23.7662,98.1686,-38.6488],[[[0.83005,0.438177,-0.344989],[0.0337041,0.578061,0.815297],[0.556669,-0.688365,0.465051]],[[0.720299,0.551467,-0.420777],[-0.399083,0.82561,0.398874],[0.567364,-0.119384,0.814768]],[[0.720299,0.551467,-0.420777],[-0.509084,0.8323,0.219339],[0.471171,0.056221,0.880248]],[[0.720299,0.551467,-0.420777],[-0.670124,0.709893,-0.216759],[0.179171,0.438104,0.880887]]],0],[1971,[0.118164,-0.830087,0.54497],197,53.5224,[-23.5215,115.247,-11.511],[-26.0462,105.832,-2.47128],[16.2056,-26.9523,-4.80877],false,[34.5347,115.739,33.2676],[-2.08341,147.116,-13.1858],[-35.8964,129.248,-21.3311],[-33.297,110.988,-9.34272],[-22.8831,104.417,0.153272],[[[0.482858,-0.500414,-0.718633],[0.683934,0.728003,-0.0473944],[0.546884,-0.468613,0.693772]],[[0.427707,-0.45275,-0.782358],[-0.263191,0.765642,-0.58696],[0.864752,0.456957,0.208311]],[[0.427707,-0.45275,-0.782358],[-0.89616,-0.325534,-0.301536],[-0.118164,0.830087,-0.54497]],[[0.427707,-0.45275,-0.782358],[-0.607098,-0.785134,0.122462],[-0.6697,0.42259,-0.610671]]],1],[1972,[-0.126427,-0.678166,0.723952],197,60.9845,[-24.9089,107.07,-11.6752],[-25.9807,97.5171,-6.04253],[30.0002,-24.2049,-19.2461],false,[40.6542,111.57,24.8554],[10.3902,136.632,-25.0243],[-28.7856,119.826,-35.3819],[-32.0576,102.275,-16.6454],[-23.8786,96.235,-2.8925],[[[0.428589,-0.67585,-0.599616],[0.767562,0.622456,-0.152962],[0.476614,-0.394684,0.785534]],[[0.446643,-0.690562,-0.568888],[-0.0548905,0.613487,-0.787795],[0.893027,0.38309,0.236104]],[[0.446643,-0.690562,-0.568888],[-0.885735,-0.251426,-0.390204],[0.126427,0.678166,-0.723952]],[[0.446643,-0.690562,-0.568888],[-0.756186,-0.631206,0.172515],[-0.478218,0.353132,-0.804117]]],2],[1973,[0.166518,-0.465679,0.869146],197,58.6382,[-7.25999,89.7257,-5.50063],[0.302027,87.989,1.05059],[38.8917,4.15116,-26.9576],false,[45.6958,104.855,17.4721],[23.3926,122.097,-32.0807],[-11.604,101.473,-30.2241],[-7.4057,89.732,-8.31082],[3.66482,87.694,4.43495],[[[0.434965,-0.771552,-0.464234],[0.811023,0.55968,-0.170292],[0.391212,-0.302433,0.869188]],[[0.423293,-0.76234,-0.489551],[-0.2831,0.401994,-0.870778],[0.860626,0.507186,-0.045657]],[[0.423293,-0.76234,-0.489551],[-0.890559,-0.449423,-0.0701746],[-0.166518,0.465679,-0.869146]],[[0.423293,-0.76234,-0.489551],[-0.630075,-0.635982,0.44557],[-0.651022,0.119847,-0.749538]]],3],[1974,[0.0379748,-0.348037,0.936711],197,45.9713,[0.0512417,82.8158,-12.8995],[9.63361,86.1026,-9.02682],[43.7224,31.3114,-29.9611],false,[47.2388,93.0371,12.3992],[32.6951,105.621,-36.7457],[2.83634,93.7163,-35.2022],[3.51233,87.5209,-18.5277],[12.4263,85.9396,-5.71585],[[[0.337297,-0.883168,-0.325953],[0.900158,0.40393,-0.16296],[0.275583,-0.238443,0.931235]],[[0.333017,-0.879395,-0.340241],[-0.168041,0.299712,-0.939114],[0.927826,0.369915,-0.0479652]],[[0.333017,-0.879395,-0.340241],[-0.942156,-0.324861,-0.0825073],[-0.0379748,0.348037,-0.936711]],[[0.333017,-0.879395,-0.340241],[-0.752484,-0.4653,0.466117],[-0.568215,0.100801,-0.816683]]],4]],[[0,200,0],[235.247,235.247,147.751]]],[413835,1296728145968,[[197,"right",[-0.363226,0.486179,-0.794794],[-0.744885,-0.663948,-0.0657231],[17.0356,121.877,-8.65251],[-6.08391,45.6193,5.42178],[20.3577,112.989,-20.7353],0.811128,1,0.325924,[[-0.0700594,-0.603517,-0.794266],[0.140088,0.78238,-0.606842],[0.987657,-0.153782,0.0297322]],57.9934,[284.4,58.8624,33.7882],[41.6985,96.6519,26.482]]],[[1970,[-0.472073,-0.0468345,-0.880315],197,47.4326,[-23.7656,97.6314,-32.6938],[-22.0559,99.4961,-34.1626],[27.9329,47.7165,-39.9108],false,[20.9871,103.353,43.9648],[20.9871,103.353,43.9648],[-4.90159,108.983,7.05821],[-19.5507,107.529,-20.2592],[-23.3729,98.6158,-39.2234],[[[0.820572,0.460098,-0.339076],[0.0244697,0.564438,0.825113],[0.57102,-0.685361,0.451904]],[[0.710661,0.57067,-0.411456],[-0.412603,0.811776,0.413252],[0.569841,-0.123914,0.812358]],[[0.710661,0.57067,-0.411456],[-0.521639,0.819843,0.236114],[0.472073,0.0468345,0.880315]],[[0.710661,0.57067,-0.411456],[-0.680265,0.706555,-0.194986],[0.179444,0.418468,0.890328]]],0],[1971,[0.140173,-0.834914,0.532232],197,53.5224,[-23.5627,114.909,-11.1937],[-25.4989,105.323,-2.74831],[29.198,-34.7477,-12.1199],false,[34.8139,115.733,32.9655],[-2.51721,147.191,-12.8615],[-35.979,128.77,-21.2199],[-32.8955,110.403,-9.5118],[-22.2732,103.961,-0.158868],[[[0.490724,-0.478461,-0.728193],[0.669588,0.74185,-0.0362039],[0.557532,-0.469823,0.684415]],[[0.434798,-0.431032,-0.790672],[-0.280366,0.76958,-0.573709],[0.855772,0.471125,0.213765]],[[0.434798,-0.431032,-0.790672],[-0.889552,-0.342244,-0.3026],[-0.140173,0.834914,-0.532232]],[[0.434798,-0.431032,-0.790672],[-0.586789,-0.801629,0.114324],[-0.683103,0.41425,-0.601471]]],1],[1972,[-0.108574,-0.69219,0.713502],197,60.9845,[-24.913,106.846,-11.5583],[-25.3445,97.0625,-6.51341],[42.6297,-31.234,-28.2135],false,[40.9926,111.83,24.4696],[10.1285,137.157,-24.9056],[-28.7412,119.774,-35.4609],[-31.5512,101.859,-16.9949],[-23.1616,95.7921,-3.38171],[[[0.44015,-0.656947,-0.612118],[0.754989,0.639785,-0.143757],[0.486065,-0.398868,0.777589]],[[0.458431,-0.671732,-0.581908],[-0.0689598,0.625904,-0.776846],[0.88605,0.396258,0.240611]],[[0.458431,-0.671732,-0.581908],[-0.882073,-0.263911,-0.390254],[0.108574,0.69219,-0.713502]],[[0.458431,-0.671732,-0.581908],[-0.741093,-0.650332,0.16688],[-0.490532,0.354745,-0.795949]]],2],[1973,[0.177594,-0.477276,0.86062],197,58.6382,[-7.10659,89.6978,-5.39469],[1.05096,87.886,0.346272],[51.45,0.123347,-41.5113],false,[46.1455,105.343,16.9607],[23.393,123.002,-32.2396],[-11.1931,101.673,-30.668],[-6.71549,89.6397,-8.96967],[4.42305,87.5976,3.71605],[[[0.448706,-0.754831,-0.478427],[0.799617,0.578173,-0.162262],[0.399094,-0.30975,0.863006]],[[0.43681,-0.745423,-0.503529],[-0.292915,0.411383,-0.863113],[0.850528,0.524507,-0.0386496]],[[0.43681,-0.745423,-0.503529],[-0.881849,-0.465351,-0.076096],[-0.177594,0.477276,-0.860621]],[[0.43681,-0.745423,-0.503529],[-0.616558,-0.655685,0.435813],[-0.655021,0.120088,-0.746007]]],3],[1974,[0.0471013,-0.363038,0.930583],197,45.9713,[0.443641,82.9487,-12.7759],[10.4028,86.3614,-9.7744],[55.4529,31.2418,-45.0483],false,[47.9048,93.646,11.6808],[33.0015,106.792,-37.2086],[3.38416,94.2826,-35.8044],[4.22261,87.8201,-19.2391],[13.1974,86.1963,-6.47509],[[[0.353552,-0.870694,-0.341897],[0.891769,0.424079,-0.157813],[0.282398,-0.249098,0.926392]],[[0.349248,-0.866833,-0.355845],[-0.176143,0.312255,-0.933526],[0.920326,0.388712,-0.0436328]],[[0.349248,-0.866833,-0.355845],[-0.935846,-0.341765,-0.0859612],[-0.0471013,0.363038,-0.930583]],[[0.349248,-0.866833,-0.355845],[-0.742117,-0.487735,0.459758],[-0.572091,0.103509,-0.813632]]],4]],[[0,200,0],[235.247,235.247,147.751]]],[413836,1296728154651,[[197,"right",[-0.365116,0.489495,-0.791887],[-0.739427,-0.669291,-0.0727853],[17.0144,121.952,-8.68182],[-5.11283,35.7721,3.07853],[20.2034,113.402,-20.1793],0.809137,1,0.330401,[[-0.0676701,-0.59089,-0.803909],[0.145405,0.791312,-0.593871],[0.987055,-0.157079,0.0323701]],57.9934,[284.344,58.0489,34.2712],[41.7902,96.6488,26.3168]]],[[1970,[-0.469297,-0.0416474,-0.882058],197,47.4326,[-23.6221,97.9435,-32.9387],[-21.8715,99.6724,-34.5443],[26.6828,40.2661,-39.9255],false,[20.9833,103.049,43.799],[20.9833,103.049,43.799],[-4.81088,108.823,6.84876],[-19.3738,107.531,-20.5227],[-23.1636,98.8378,-39.5954],[[[0.817726,0.469221,-0.333401],[0.0179574,0.558138,0.829554],[0.575328,-0.684335,0.447977]],[[0.708672,0.578176,-0.404347],[-0.418844,0.80595,0.418347],[0.567761,-0.127113,0.81332]],[[0.708672,0.578176,-0.404347],[-0.526824,0.814849,0.241822],[0.469297,0.0416474,0.882058]],[[0.708672,0.578176,-0.404347],[-0.682735,0.706501,-0.186359],[0.177923,0.408129,0.895418]]],0],[1971,[0.147148,-0.837208,0.526716],197,53.5224,[-23.5973,114.576,-10.8983],[-25.3334,105.077,-3.00396],[25.9074,-32.1433,-17.4545],false,[34.7384,115.623,32.9317],[-2.72828,147.143,-12.7423],[-36.034,128.556,-21.3555],[-32.797,110.139,-9.76869],[-22.1126,103.759,-0.444677],[[[0.496297,-0.468845,-0.730666],[0.663765,0.747389,-0.0287201],[0.559557,-0.470737,0.682131]],[[0.44022,-0.421432,-0.792844],[-0.284039,0.772299,-0.568222],[0.851779,0.475341,0.220278]],[[0.44022,-0.421432,-0.792844],[-0.88575,-0.348537,-0.306543],[-0.147148,0.837208,-0.526716]],[[0.44022,-0.421432,-0.792844],[-0.578025,-0.808716,0.108925],[-0.68709,0.410333,-0.599611]]],1],[1972,[-0.103071,-0.698178,0.708466],197,60.9845,[-24.9116,106.624,-11.4521],[-25.1163,96.8178,-6.83908],[38.7821,-30.0657,-30.5253],false,[40.9688,111.836,24.4212],[10.0263,137.304,-24.8325],[-28.6803,119.702,-35.6225],[-31.3479,101.633,-17.2869],[-22.9045,95.5571,-3.71055],[[[0.446856,-0.648629,-0.616117],[0.750238,0.646849,-0.136851],[0.4873,-0.401081,0.775675]],[[0.465088,-0.663431,-0.586133],[-0.0720014,0.631558,-0.771978],[0.882332,0.40124,0.245962]],[[0.465088,-0.663431,-0.586133],[-0.879244,-0.269086,-0.393095],[0.103071,0.698178,-0.708466]],[[0.465088,-0.663431,-0.586133],[-0.734833,-0.658541,0.162308],[-0.493673,0.355223,-0.793791]]],2],[1973,[0.170047,-0.486749,0.856831],197,58.6382,[-6.98549,89.6739,-5.31838],[1.10462,87.7977,-0.156473],[32.2633,-3.11355,-50.539],false,[46.1915,105.449,16.8749],[23.4207,123.312,-32.2433],[-11.1139,101.864,-31.2769],[-6.82663,89.5919,-9.67418],[4.22406,87.4762,3.07615],[[[0.45586,-0.747486,-0.483173],[0.795399,0.585739,-0.155724],[0.399415,-0.313327,0.861565]],[[0.44428,-0.738244,-0.507555],[-0.285245,0.42049,-0.861292],[0.849265,0.527432,-0.0237652]],[[0.44428,-0.738244,-0.507555],[-0.879602,-0.466981,-0.0907168],[-0.170047,0.486749,-0.856831]],[[0.44428,-0.738244,-0.507555],[-0.616687,-0.662961,0.424476],[-0.649855,0.124416,-0.749806]]],3],[1974,[0.0476836,-0.369803,0.927886],197,45.9713,[0.806171,83.0699,-12.6751],[10.6732,86.3992,-10.0946],[48.698,24.16,-42.8713],false,[48.0566,93.808,11.5082],[33.1699,107.218,-37.3145],[3.64933,94.4637,-36.084],[4.49815,87.8808,-19.5667],[13.4544,86.2306,-6.79306],[[[0.361293,-0.865164,-0.347792],[0.888761,0.432349,-0.152246],[0.282085,-0.254099,0.925128]],[[0.35703,-0.861264,-0.361599],[-0.176239,0.31805,-0.931549],[0.917316,0.39632,-0.0382351]],[[0.35703,-0.861264,-0.361599],[-0.932875,-0.348526,-0.0909629],[-0.0476836,0.369803,-0.927886]],[[0.35703,-0.861264,-0.361599],[-0.739317,-0.497151,0.454148],[-0.570911,0.105192,-0.814245]]],4]],[[0,200,0],[235.247,235.247,147.751]]],[413837,1296728163889,[[197,"right",[-0.369875,0.49728,-0.784796],[-0.729912,-0.678148,-0.0856946],[17.0026,122.206,-8.92424],[-4.03732,33.4363,-5.15188],[20.0373,113.859,-19.5949],0.8082,1,0.349243,[[-0.061115,-0.565555,-0.822443],[0.155159,0.808584,-0.567554],[0.985997,-0.162295,0.0383342]],57.9934,[284.332,56.7967,35.1447],[42.0386,96.6783,25.7247]]],[[1970,[-0.466024,-0.032636,-0.88417],197,47.4326,[-23.4695,98.2276,-33.2078],[-21.518,99.9543,-35.3088],[30.3954,37.1233,-50.7776],false,[21.1016,102.504,43.2522],[21.1016,102.504,43.2522],[-4.64317,108.573,6.31453],[-19.1046,107.56,-21.1225],[-22.7652,99.178,-40.359],[[[0.811986,0.485837,-0.323483],[0.00816302,0.544709,0.838585],[0.58362,-0.68356,0.43833]],[[0.702778,0.593452,-0.392323],[-0.430097,0.793708,0.430168],[0.566674,-0.133576,0.813043]],[[0.702778,0.593452,-0.392323],[-0.537516,0.804207,0.253627],[0.466024,0.032636,0.88417]],[[0.702778,0.593452,-0.392323],[-0.690338,0.702113,-0.17456],[0.171861,0.393512,0.903112]]],0],[1971,[0.15896,-0.842788,0.514238],197,53.5224,[-23.6209,114.256,-10.6444],[-25.0574,104.709,-3.62049],[26.5077,-33.5539,-31.72],false,[34.7085,115.443,32.6287],[-3.07653,147.185,-12.6274],[-36.1057,128.303,-21.6523],[-32.6089,109.763,-10.3401],[-21.8323,103.425,-1.09311],[[[0.504559,-0.44996,-0.736856],[0.653431,0.756842,-0.0147301],[0.564312,-0.474053,0.675889]],[[0.448198,-0.402494,-0.798196],[-0.292552,0.777691,-0.556426],[0.844708,0.482903,0.230809]],[[0.448198,-0.402494,-0.798196],[-0.879688,-0.357361,-0.313756],[-0.15896,0.842788,-0.514238]],[[0.448198,-0.402494,-0.798196],[-0.564658,-0.819691,0.0962693],[-0.693022,0.40756,-0.594655]]],1],[1972,[-0.0932426,-0.710558,0.697433],197,60.9845,[-24.9011,106.406,-11.3681],[-24.7178,96.5096,-7.60899],[40.5192,-30.4169,-45.2974],false,[41.012,111.882,24.0746],[9.84309,137.721,-24.8416],[-28.5934,119.783,-36.036],[-31.0066,101.393,-17.9859],[-22.4669,95.2528,-4.49932],[[[0.457324,-0.632255,-0.625386],[0.741557,0.659284,-0.12425],[0.490865,-0.406937,0.77036]],[[0.475566,-0.647197,-0.595797],[-0.0784727,0.643376,-0.761518],[0.876173,0.408906,0.25518]],[[0.475566,-0.647197,-0.595797],[-0.874725,-0.276122,-0.398263],[0.0932426,0.710558,-0.697433]],[[0.475566,-0.647197,-0.595797],[-0.724249,-0.672485,0.152405],[-0.499301,0.359026,-0.788542]]],2],[1973,[0.174327,-0.498087,0.849423],197,58.6382,[-6.87937,89.6529,-5.26439],[1.55298,87.7081,-0.989558],[36.1921,-4.92071,-61.6994],false,[46.3414,105.691,16.4394],[23.4483,124.038,-32.4429],[-10.7881,102.102,-31.923],[-6.3929,89.5443,-10.507],[4.64949,87.3758,2.2416],[[[0.467363,-0.733137,-0.494047],[0.787605,0.599119,-0.143993],[0.40156,-0.321818,0.857428]],[[0.455878,-0.723791,-0.517979],[-0.288671,0.430272,-0.855298],[0.841929,0.539437,-0.0127856]],[[0.455878,-0.723791,-0.517979],[-0.872803,-0.477531,-0.100891],[-0.174327,0.498087,-0.849423]],[[0.455878,-0.723791,-0.517979],[-0.608685,-0.678133,0.411872],[-0.649367,0.127522,-0.749707]]],3],[1974,[0.0499548,-0.384114,0.921933],197,45.9713,[1.14496,83.1849,-12.6109],[11.1643,86.6072,-10.9351],[49.1691,23.7891,-56.6464],false,[48.3807,94.1665,10.8889],[33.4318,108.165,-37.7491],[4.0844,94.9924,-36.8262],[4.97364,88.1548,-20.4148],[13.9168,86.4228,-7.6428],[[[0.374095,-0.854303,-0.36086],[0.883071,0.446995,-0.142761],[0.283264,-0.265259,0.921629]],[[0.369905,-0.850325,-0.374322],[-0.177609,0.330749,-0.926855],[0.911935,0.409331,-0.0286794]],[[0.369905,-0.850325,-0.374322],[-0.927726,-0.359727,-0.0996079],[-0.0499548,0.384114,-0.921933]],[[0.369905,-0.850325,-0.374322],[-0.733612,-0.514547,0.443909],[-0.570073,0.110403,-0.814142]]],4]],[[0,200,0],[235.247,235.247,147.751]]],[413838,1296728172021,[[197,"right",[-0.370808,0.502762,-0.780854],[-0.724944,-0.682225,-0.0950008],[17.0525,122.289,-9.12263],[-1.47646,27.6025,-9.9972],[19.9002,114.246,-19.114],0.806317,1,0.266278,[[-0.0568125,-0.550694,-0.832772],[0.161029,0.818143,-0.552006],[0.985313,-0.165461,0.042197]],57.9934,[284.28,55.9202,35.7131],[42.1541,96.5798,25.3438]]],[[1970,[-0.462261,-0.0251413,-0.886387],197,47.4326,[-23.3379,98.4432,-33.4389],[-21.2087,100.194,-35.9323],[33.5858,34.8156,-56.6474],false,[21.122,102.081,42.8622],[21.122,102.081,42.8622],[-4.47863,108.399,5.86607],[-18.8232,107.619,-21.6398],[-22.3945,99.4557,-40.987],[[[0.809637,0.494694,-0.315858],[0.00175084,0.536114,0.844144],[0.586929,-0.684003,0.433191]],[[0.701718,0.600755,-0.382994],[-0.435957,0.787247,0.4361],[0.5635,-0.139051,0.814329]],[[0.701718,0.600755,-0.382994],[-0.542131,0.799037,0.260064],[0.462261,0.0251413,0.886387]],[[0.701718,0.600755,-0.382994],[-0.692446,0.701591,-0.168195],[0.167661,0.383228,0.90831]]],0],[1971,[0.16476,-0.846052,0.507001],197,53.5224,[-23.6333,114.009,-10.4662],[-24.8391,104.488,-4.10964],[26.3123,-31.5882,-39.0306],false,[34.6729,115.222,32.4159],[-3.18658,147.166,-12.6347],[-36.0531,128.149,-21.9643],[-32.4286,109.537,-10.8112],[-21.6144,103.221,-1.59404],[[[0.509981,-0.438897,-0.73979],[0.648241,0.76142,-0.00485946],[0.565424,-0.477084,0.672821]],[[0.45373,-0.391396,-0.800587],[-0.29599,0.781191,-0.549664],[0.840547,0.486364,0.2386]],[[0.45373,-0.391396,-0.800587],[-0.875776,-0.361946,-0.319393],[-0.16476,0.846052,-0.507001]],[[0.45373,-0.391396,-0.800587],[-0.557214,-0.825706,0.0878768],[-0.695444,0.406226,-0.592738]]],1],[1972,[-0.0888036,-0.717851,0.69051],197,60.9845,[-24.888,106.238,-11.314],[-24.4354,96.3376,-8.2086],[39.5347,-27.5809,-52.4168],false,[41.0278,111.792,23.8463],[9.83661,137.918,-24.9033],[-28.443,119.849,-36.4196],[-30.7413,101.27,-18.5487],[-22.1596,95.0874,-5.10822],[[[0.463651,-0.622648,-0.630347],[0.737383,0.665598,-0.115087],[0.491217,-0.411447,0.767735]],[[0.481822,-0.637701,-0.600986],[-0.0801342,0.650907,-0.754917],[0.872597,0.411895,0.262519]],[[0.481822,-0.637701,-0.600986],[-0.871758,-0.279333,-0.402507],[0.0888036,0.717851,-0.69051]],[[0.481822,-0.637701,-0.600986],[-0.718388,-0.680192,0.145801],[-0.501764,0.361491,-0.785848]]],2],[1973,[0.174941,-0.505493,0.84491],197,58.6382,[-6.80209,89.6372,-5.23114],[1.8191,87.6099,-1.5875],[35.0233,-6.72234,-64.6397],false,[46.4239,105.717,16.1654],[23.5598,124.407,-32.6003],[-10.5257,102.232,-32.4172],[-6.11502,89.4877,-11.115],[4.89969,87.2652,1.64826],[[[0.473969,-0.724801,-0.500017],[0.783908,0.605957,-0.135296],[0.401051,-0.327841,0.855382]],[[0.462563,-0.715345,-0.523752],[-0.288831,0.436937,-0.851859],[0.838219,0.545314,-0.00450311]],[[0.462563,-0.715345,-0.523752],[-0.869155,-0.48245,-0.108679],[-0.174941,0.505493,-0.84491]],[[0.462563,-0.715345,-0.523752],[-0.605367,-0.68644,0.402903],[-0.647739,0.130694,-0.750568]]],3],[1974,[0.0464759,-0.393915,0.917971],197,45.9713,[1.39354,83.2697,-12.5801],[11.4439,86.6979,-11.5615],[43.1367,20.5127,-63.3443],false,[48.5603,94.264,10.5037],[33.6693,108.659,-38.0365],[4.39113,95.3134,-37.4522],[5.21845,88.3013,-21.1114],[14.1099,86.4928,-8.31393],[[[0.381118,-0.847965,-0.368381],[0.880416,0.454487,-0.135314],[0.282166,-0.272758,0.919775]],[[0.37711,-0.844044,-0.381284],[-0.173437,0.34004,-0.92428],[0.909784,0.414684,-0.0181557]],[[0.37711,-0.844044,-0.381284],[-0.925002,-0.363897,-0.109322],[-0.0464759,0.393915,-0.917971]],[[0.37711,-0.844044,-0.381284],[-0.732496,-0.523737,0.434913],[-0.566778,0.115279,-0.815765]]],4]],[[0,200,0],[235.247,235.247,147.751]]],[413839,1296728180691,[[197,"right",[-0.348903,0.532137,-0.771425],[-0.735749,-0.665388,-0.126224],[18.2857,121.104,-8.9043],[36.7496,-16.1164,-0.639676],[19.8172,114.599,-18.5895],0.804977,1,0.187878,[[-0.0503377,-0.542294,-0.838679],[0.160465,0.824443,-0.54272],[0.985757,-0.161898,0.0455186]],57.9934,[284.588,54.151,36.3638],[42.353,93.9349,25.1783]]],[[1970,[-0.44758,0.0106852,-0.89418],197,47.4326,[-23.1164,98.6852,-33.7337],[-19.9338,100.686,-37.0084],[65.7309,40.9722,-73.2927],false,[21.147,99.3209,42.522],[21.147,99.3209,42.522],[-3.67834,107.245,5.30737],[-17.5674,107.576,-22.4403],[-21.0307,100.121,-42.0903],[[[0.823569,0.488308,-0.288598],[-0.0019529,0.511235,0.859439],[0.567212,-0.707244,0.421991]],[[0.720303,0.596877,-0.353414],[-0.427285,0.783146,0.451785],[0.546434,-0.174414,0.819139]],[[0.720303,0.596877,-0.353414],[-0.529939,0.802262,0.274846],[0.44758,-0.0106852,0.89418]],[[0.720303,0.596877,-0.353414],[-0.674333,0.721962,-0.155067],[0.162595,0.350014,0.922525]]],0],[1971,[0.141927,-0.862988,0.484879],197,53.5224,[-23.6235,113.765,-10.3221],[-23.9587,103.988,-5.0539],[45.8273,-38.971,-57.5387],false,[35.1034,112.502,32.6775],[-1.43338,146.449,-11.9985],[-34.494,128.347,-22.4013],[-31.3718,109.363,-11.7349],[-20.8078,102.604,-2.54106],[[[0.513643,-0.426757,-0.744345],[0.66213,0.748882,0.0275517],[0.545669,-0.507005,0.667227]],[[0.459308,-0.376501,-0.804539],[-0.272301,0.802444,-0.530976],[0.845511,0.462958,0.266047]],[[0.459308,-0.376501,-0.804539],[-0.876866,-0.336895,-0.342941],[-0.141927,0.862988,-0.484879]],[[0.459308,-0.376501,-0.804539],[-0.572284,-0.818131,0.0561472],[-0.679358,0.434636,-0.591239]]],1],[1972,[-0.112388,-0.735705,0.667912],197,60.9845,[-24.8631,106.075,-11.2832],[-23.6505,95.9567,-9.4102],[53.2346,-31.7874,-75.3311],false,[41.531,109.203,24.1105],[11.613,137.317,-24.3296],[-26.8061,120.342,-36.9892],[-29.7148,101.301,-19.7031],[-21.4411,94.5894,-6.32358],[[[0.462189,-0.612703,-0.641074],[0.751255,0.65464,-0.0840432],[0.471166,-0.442766,0.762863]],[[0.479533,-0.628875,-0.612016],[-0.0553435,0.674373,-0.736313],[0.875777,0.386957,0.28858]],[[0.479533,-0.628875,-0.612016],[-0.870297,-0.251503,-0.423473],[0.112388,0.735705,-0.667912]],[[0.479533,-0.628875,-0.612016],[-0.73214,-0.671198,0.116034],[-0.483755,0.392439,-0.782286]]],2],[1973,[0.151886,-0.53295,0.832403],197,58.6382,[-6.72593,89.6137,-5.20808],[2.30105,86.5165,-2.6228],[40.1972,-39.0858,-78.8809],false,[46.9372,103.253,16.3394],[25.2072,123.78,-32.2059],[-9.27864,102.255,-33.204],[-5.44924,88.8181,-12.2172],[5.31419,86.0196,0.646802],[[[0.468531,-0.718776,-0.513654],[0.796993,0.594744,-0.105269],[0.381157,-0.360057,0.851515]],[[0.45775,-0.708485,-0.537135],[-0.266928,0.466761,-0.843139],[0.848065,0.529323,0.0245456]],[[0.45775,-0.708485,-0.537135],[-0.876011,-0.462615,-0.136349],[-0.151886,0.53295,-0.832403]],[[0.45775,-0.708485,-0.537135],[-0.624358,-0.686269,0.373111],[-0.632963,0.164573,-0.756488]]],3],[1974,[0.0167814,-0.423658,0.905667],197,45.9713,[1.60612,83.3209,-12.5768],[11.9796,85.7523,-12.6105],[43.8576,-14.7703,-81.7815],false,[48.9532,91.9308,10.3779],[35.1114,108.008,-37.9443],[5.54571,95.3096,-38.4673],[5.84443,87.7681,-22.3455],[14.4391,85.3895,-9.43901],[[[0.371327,-0.84394,-0.387146],[0.890687,0.441546,-0.108234],[0.262285,-0.304636,0.915644]],[[0.36771,-0.839701,-0.399614],[-0.144033,0.373109,-0.916539],[0.918719,0.394578,0.0162514]],[[0.36771,-0.839701,-0.399614],[-0.929789,-0.339729,-0.141692],[-0.0167814,0.423658,-0.905667]],[[0.36771,-0.839701,-0.399614],[-0.751423,-0.521454,0.404289],[-0.547863,0.151618,-0.822714]]],4]],[[0,200,0],[235.247,235.247,147.751]]],[413840,1296728189408,[[197,"right",[-0.35614,0.538521,-0.763649],[-0.726086,-0.673897,-0.136607],[18.0656,121.233,-9.25225],[20.1828,-7.83812,-11.1352],[19.7313,114.924,-18.1316],0.803812,1,0.212333,[[-0.0422937,-0.517765,-0.854477],[0.16733,0.839492,-0.516967],[0.984993,-0.164844,0.0511323]],57.9934,[284.551,53.3992,37.0031],[42.5042,93.907,24.4381]]],[[1970,[-0.446656,0.0189013,-0.894506],197,47.4326,[-22.9257,98.8942,-34.0221],[-19.8336,100.836,-37.7382],[51.753,34.2384,-75.1271],false,[21.2153,98.73,41.846],[21.2153,98.73,41.846],[-3.65346,106.901,4.71377],[-17.5138,107.487,-23.044],[-20.8947,100.326,-42.8175],[[[0.816621,0.504293,-0.280746],[-0.00966455,0.498294,0.866954],[0.577093,-0.70526,0.411791]],[[0.713294,0.611052,-0.343259],[-0.437692,0.770889,0.462769],[0.547391,-0.179849,0.817324]],[[0.713294,0.611052,-0.343259],[-0.540102,0.791365,0.286412],[0.446656,-0.0189013,0.894506]],[[0.713294,0.611052,-0.343259],[-0.682654,0.716649,-0.142819],[0.158726,0.336199,0.928319]]],0],[1971,[0.156006,-0.86716,0.472965],197,53.5224,[-23.6129,113.543,-10.2107],[-23.8603,103.498,-5.6572],[36.3949,-43.1406,-60.8359],false,[34.986,112.254,32.208],[-2.01306,146.337,-11.9819],[-34.8042,127.917,-22.675],[-31.3724,108.841,-12.2707],[-20.6884,102.142,-3.17209],[[[0.52004,-0.408224,-0.750274],[0.651323,0.75779,0.0391404],[0.552572,-0.509026,0.659967]],[[0.4651,-0.357935,-0.80967],[-0.283544,0.806198,-0.519277],[0.838621,0.471092,0.273472]],[[0.4651,-0.357935,-0.80967],[-0.871404,-0.346289,-0.347476],[-0.156006,0.86716,-0.472965]],[[0.4651,-0.357935,-0.80967],[-0.558225,-0.828437,0.0455694],[-0.687071,0.430784,-0.585114]]],1],[1972,[-0.100525,-0.746734,0.657482],197,60.9845,[-24.8389,105.93,-11.2675],[-23.4489,95.5452,-10.1659],[45.5338,-35.3246,-78.3754],false,[41.464,109.176,23.5972],[11.1683,137.578,-24.4389],[-27.0017,120.268,-37.3952],[-29.6034,100.942,-20.3791],[-21.198,94.1871,-7.10345],[[[0.471208,-0.596405,-0.649818],[0.741839,0.666506,-0.073786],[0.477114,-0.447292,0.7565]],[[0.488684,-0.612682,-0.621135],[-0.064139,0.68478,-0.725922],[0.8701,0.394586,0.295344]],[[0.488684,-0.612682,-0.621135],[-0.86665,-0.258861,-0.426507],[0.100525,0.746734,-0.657482]],[[0.488684,-0.612682,-0.621135],[-0.720874,-0.684582,0.108111],[-0.491455,0.394928,-0.776211]]],2],[1973,[0.157218,-0.543,0.824884],197,58.6382,[-6.66146,89.5932,-5.19499],[2.55086,86.3585,-3.51077],[35.4014,-33.1936,-85.8372],false,[46.9584,103.42,15.7419],[24.9587,124.355,-32.5068],[-9.23115,102.385,-33.9133],[-5.26732,88.6951,-13.116],[5.51174,85.8635,-0.272397],[[[0.479011,-0.704263,-0.523987],[0.78844,0.607594,-0.0958708],[0.38589,-0.367209,0.846314]],[[0.468577,-0.694247,-0.546313],[-0.27114,0.475539,-0.836867],[0.840785,0.540263,0.0345885]],[[0.468577,-0.694247,-0.546313],[-0.869321,-0.472411,-0.145289],[-0.157218,0.543,-0.824884]],[[0.468577,-0.694247,-0.546313],[-0.615329,-0.70021,0.362044],[-0.633881,0.166517,-0.755292]]],3],[1974,[0.0226356,-0.436892,0.899229],197,45.9713,[1.77233,83.3614,-12.5873],[12.2758,85.8541,-13.4855],[41.0709,-7.67293,-86.6848],false,[49.1391,92.2184,9.61384],[35.0903,108.814,-38.4728],[5.71017,95.7016,-39.2003],[6.11311,87.9245,-23.1931],[14.7373,85.4762,-10.3194],[[[0.383552,-0.832677,-0.399422],[0.88432,0.455814,-0.101054],[0.266207,-0.314457,0.911181]],[[0.379838,-0.828254,-0.41197],[-0.149128,0.384696,-0.910917],[0.912953,0.407437,0.0226062]],[[0.379838,-0.828254,-0.41197],[-0.924776,-0.350887,-0.1472],[-0.0226356,0.436892,-0.899229]],[[0.379838,-0.828254,-0.41197],[-0.743979,-0.538183,0.396049],[-0.549744,0.156062,-0.820625]]],4]],[[0,200,0],[235.247,235.247,147.751]]],[413841,1296728198002,[[197,"right",[-0.354088,0.545853,-0.759385],[-0.718847,-0.678267,-0.152358],[18.0363,121.236,-9.87688],[13.9536,-5.70056,-27.3838],[19.6691,115.156,-17.8287],0.802237,1,0.220799,[[-0.0344856,-0.498163,-0.866397],[0.174942,0.850519,-0.495997],[0.983975,-0.168674,0.0578191]],57.9934,[284.212,52.2134,37.8633],[42.4153,93.6625,23.6552]]],[[1970,[-0.438189,0.0281445,-0.898442],197,47.4326,[-22.7544,99.0653,-34.3123],[-19.4139,101.016,-39.0244],[51.706,30.3079,-94.0151],false,[20.9305,98.0592,40.9348],[20.9305,98.0592,40.9348],[-3.63926,106.565,3.67904],[-17.2369,107.438,-24.2009],[-20.4018,100.557,-44.1089],[[[0.814589,0.515221,-0.266445],[-0.0217859,0.486209,0.873571],[0.57963,-0.705796,0.407285]],[[0.71204,0.62091,-0.327826],[-0.447798,0.761196,0.469103],[0.540811,-0.18722,0.820044]],[[0.71204,0.62091,-0.327826],[-0.548625,0.783377,0.292116],[0.438189,-0.0281445,0.898442]],[[0.71204,0.62091,-0.327826],[-0.686237,0.71421,-0.137781],[0.148587,0.323072,0.934637]]],0],[1971,[0.159909,-0.871947,0.462749],197,53.5224,[-23.6027,113.36,-10.1446],[-23.7345,103.108,-6.89296],[30.1041,-43.5389,-82.7774],false,[34.6661,111.835,31.6075],[-2.23881,146.199,-12.4435],[-34.7715,127.651,-23.691],[-31.2538,108.469,-13.5114],[-20.5835,101.755,-4.40809],[[[0.530286,-0.3933,-0.751074],[0.644214,0.762838,0.0553787],[0.551167,-0.513219,0.657892]],[[0.475523,-0.342762,-0.810181],[-0.28572,0.810863,-0.510749],[0.832011,0.474357,0.28765]],[[0.475523,-0.342762,-0.810181],[-0.865048,-0.349603,-0.35982],[-0.159909,0.871947,-0.462749]],[[0.475523,-0.342762,-0.810181],[-0.550476,-0.834316,0.0298798],[-0.686188,0.431776,-0.585418]]],1],[1972,[-0.0972007,-0.755913,0.647416],197,60.9845,[-24.816,105.812,-11.2698],[-23.158,95.2463,-11.5],[43.1479,-34.7828,-98.1723],false,[41.2475,108.931,23.014],[11.1299,137.727,-24.9],[-26.7707,120.265,-38.4314],[-29.2863,100.702,-21.6758],[-20.8853,93.8875,-8.42781],[[[0.482231,-0.583266,-0.653647],[0.736535,0.673911,-0.057966],[0.474309,-0.453481,0.754576]],[[0.499498,-0.599691,-0.625197],[-0.063874,0.694216,-0.716927],[0.863957,0.398037,0.308455]],[[0.499498,-0.599691,-0.625197],[-0.860845,-0.262614,-0.435868],[0.0972007,0.755913,-0.647416]],[[0.499498,-0.599691,-0.625197],[-0.713603,-0.694002,0.0955597],[-0.491195,0.398411,-0.774594]]],2],[1973,[0.151369,-0.553303,0.819111],197,58.6382,[-6.61198,89.5768,-5.1917],[2.72465,86.1849,-4.78872],[28.8234,-29.5777,-103.636],false,[46.8623,103.333,15.1306],[25.108,124.737,-33.0234],[-8.9003,102.545,-35.1475],[-5.08392,88.5944,-14.4958],[5.57398,85.6759,-1.57078],[[[0.489869,-0.692774,-0.529238],[0.783851,0.615717,-0.0804342],[0.381584,-0.375442,0.844652]],[[0.480168,-0.683164,-0.550205],[-0.264588,0.48523,-0.833394],[0.83632,0.545747,0.052235]],[[0.480168,-0.683164,-0.550205],[-0.864017,-0.476595,-0.162268],[-0.151369,0.553303,-0.819111]],[[0.480168,-0.683164,-0.550205],[-0.61369,-0.70981,0.345766],[-0.626756,0.17163,-0.760079]]],3],[1974,[0.0189907,-0.449105,0.893277],197,45.9713,[1.89902,83.3915,-12.608],[12.6145,85.8705,-14.642],[40.4512,-5.23071,-99.2153],false,[49.1965,92.236,8.86962],[35.4295,109.368,-39.1101],[6.17447,96.0106,-40.2765],[6.51253,88.0161,-24.3752],[15.0502,85.4665,-11.4635],[[[0.394446,-0.823718,-0.407308],[0.881113,0.464866,-0.0868298],[0.260867,-0.324635,0.909154]],[[0.390726,-0.819056,-0.420096],[-0.144685,0.396057,-0.906755],[0.909065,0.415075,0.0362443]],[[0.390726,-0.819056,-0.420096],[-0.920311,-0.357005,-0.159923],[-0.0189907,0.449105,-0.893277]],[[0.390726,-0.819056,-0.420096],[-0.742394,-0.550213,0.382252],[-0.544228,0.162521,-0.823045]]],4]],[[0,200,0],[235.247,235.247,147.751]]],[413842,1296728206778,[[197,"right",[-0.348843,0.552122,-0.757278],[-0.714321,-0.679718,-0.16652],[18.019,121.16,-10.2918],[9.67423,-6.46799,-32.7312],[19.6247,115.317,-17.6257],0.800879,1,0.205734,[[-0.0294601,-0.486267,-0.873314],[0.179077,0.85699,-0.483219],[0.983394,-0.170626,0.0618324]],57.9934,[283.835,51.4191,38.394],[42.181,93.348,23.1996]]],[[1970,[-0.428561,0.0361098,-0.902791],197,47.4326,[-22.5998,99.2072,-34.5878],[-19.0262,101.176,-40.0612],[50.6635,26.4255,-99.915],false,[20.5053,97.4753,40.3064],[20.5053,97.4753,40.3064],[-3.68829,106.294,2.87758],[-16.9871,107.415,-25.1373],[-19.9313,100.745,-45.1509],[[[0.814962,0.521397,-0.252947],[-0.0326525,0.477101,0.878242],[0.578594,-0.707474,0.405844]],[[0.713644,0.626333,-0.313719],[-0.45511,0.755002,0.472067],[0.53253,-0.194111,0.823853]],[[0.713644,0.626333,-0.313719],[-0.554119,0.778719,0.294191],[0.428561,-0.0361098,0.902791]],[[0.713644,0.626333,-0.313719],[-0.686737,0.7139,-0.136895],[0.138222,0.313137,0.939596]]],0],[1971,[0.159789,-0.875579,0.455882],197,53.5224,[-23.5939,113.214,-10.1071],[-23.6657,102.847,-7.89804],[23.6879,-39.7091,-91.276],false,[34.2734,111.404,31.2592],[-2.33802,146.062,-12.8065],[-34.6747,127.494,-24.5747],[-31.1596,108.233,-14.5462],[-20.5407,101.492,-5.40285],[[[0.53949,-0.383293,-0.749691],[0.640295,0.764963,0.0696659],[0.546783,-0.517608,0.658111]],[[0.485234,-0.332505,-0.808695],[-0.283945,0.814829,-0.5054],[0.826996,0.474863,0.300969]],[[0.485234,-0.332505,-0.808695],[-0.85966,-0.350431,-0.37173],[-0.159789,0.875579,-0.455882]],[[0.485234,-0.332505,-0.808695],[-0.546093,-0.837558,0.0167053],[-0.682884,0.433517,-0.58799]]],1],[1972,[-0.0986067,-0.762516,0.63941],197,60.9845,[-24.7961,105.716,-11.2814],[-22.9833,95.0488,-12.5842],[37.2783,-31.2656,-104.642],false,[40.9531,108.618,22.7032],[11.1916,137.776,-25.2139],[-26.4973,120.297,-39.3023],[-29.0493,100.562,-22.7539],[-20.7132,93.6819,-9.49905],[[[0.491291,-0.574454,-0.654703],[0.734134,0.677601,-0.0436494],[0.468702,-0.459195,0.754625]],[[0.50825,-0.591006,-0.626413],[-0.059786,0.701397,-0.710259],[0.859132,0.39844,0.321151]],[[0.50825,-0.591006,-0.626413],[-0.855546,-0.263212,-0.445826],[0.0986067,0.762516,-0.63941]],[[0.50825,-0.591006,-0.626413],[-0.710015,-0.699206,0.0836026],[-0.487402,0.402272,-0.774995]]],2],[1973,[0.142655,-0.561407,0.815151],197,58.6382,[-6.57477,89.5638,-5.19303],[2.75937,86.0257,-5.74963],[19.9693,-26.403,-106.265],false,[46.6709,103.124,14.8196],[25.3068,124.93,-33.329],[-8.60506,102.664,-36.118],[-5.00839,88.5092,-15.5661],[5.50446,85.4989,-2.54373],[[[0.49816,-0.685202,-0.531352],[0.781925,0.619843,-0.0662354],[0.37474,-0.382482,0.844558]],[[0.489166,-0.675973,-0.551159],[-0.255431,0.493189,-0.831577],[0.833949,0.547562,0.068587]],[[0.489166,-0.675973,-0.551159],[-0.860445,-0.47737,-0.178191],[-0.142655,0.561407,-0.815151]],[[0.489166,-0.675973,-0.551159],[-0.615233,-0.715347,0.33131],[-0.618227,0.177026,