{"metadata":{"formatVersion":2,"generatedBy":"LeapJS Playback 0.2.1","frames":1,"frameRate":"1.1e+2","modified":"Tue Jun 02 2015 21:01:21 GMT-0300 (E. South America Standard Time)","title":"9"},"frames":[["id","timestamp",{"hands":[["id","type","direction","palmNormal","palmPosition","palmVelocity","stabilizedPalmPosition","pinchStrength","grabStrength","confidence","armBasis","armWidth","elbow","wrist"]]},{"pointables":[["id","direction","handId","length","stabilizedTipPosition","tipPosition","tipVelocity","tool","carpPosition","mcpPosition","pipPosition","dipPosition","btipPosition","bases","type"]]},{"interactionBox":["center","size"]}],[421424,1296803594642,[[202,"right",[-0.954208,0.0655955,-0.291865],[-0.163557,-0.931318,0.325415],[5.81118,89.1839,-24.951],[2.60913,-0.974239,-2.75264],[10.2225,92.1897,-18.8571],1,1,0.179387,[[0.439775,-0.382084,-0.812779],[0.251786,0.92115,-0.296794],[0.862091,-0.0741237,0.501303]],60.9614,[280.298,67.8846,111.715],[57.6103,87.0316,-17.7766]]],[[2020,[-0.63427,-0.663035,-0.397601],202,49.8602,[-22.8413,33.211,-12.163],[-18.965,28.3393,-13.4513],[5.38092,-1.1489,6.45362],false,[52.2129,86.9649,11.0713],[52.2129,86.9649,11.0713],[12.0316,61.494,6.90103],[-8.65798,39.8662,-6.06853],[-22.9351,25.0438,-14.8884],[[[0.060883,0.701637,-0.709928],[0.243959,0.679216,0.692206],[0.967873,-0.215337,-0.129818]],[[-0.398174,0.720988,-0.567128],[-0.365437,0.442397,0.818988],[0.841376,0.533349,0.0873245]],[[-0.398174,0.720988,-0.567128],[-0.662691,0.201398,0.721304],[0.63427,0.663035,0.397601]],[[-0.398174,0.720988,-0.567128],[-0.659445,0.204779,0.723324],[0.637644,0.661998,0.393915]]],0],[2021,[0.940986,-0.244405,0.234118],202,56.2616,[-5.94615,61.7403,4.46137],[2.67539,61.3732,7.4863],[8.82676,-0.769564,-3.46031],false,[47.4368,102.294,-4.94396],[-22.6738,101.258,-11.0622],[-30.5493,63.0079,1.75577],[-8.78989,57.3563,7.16953],[6.56721,62.9468,7.47744],[[[0.0867044,-0.342151,-0.935636],[0.0159711,0.93953,-0.342094],[0.996106,0.014718,0.0869259]],[[0.142688,-0.340778,-0.929253],[-0.971044,0.133552,-0.198082],[0.191606,0.93061,-0.311854]],[[0.142688,-0.340778,-0.929253],[-0.306896,-0.90782,0.285794],[-0.940986,0.244405,-0.234118]],[[0.142688,-0.340778,-0.929253],[0.3114,-0.875726,0.368964],[-0.939505,-0.342016,-0.0188372]]],1],[2022,[0.9179,-0.219035,0.330881],202,64.1056,[0.0837652,54.7071,-5.51021],[9.87644,54.4627,-0.625313],[7.01314,-1.39786,-6.33279],false,[47.9118,99.8287,-16.4535],[-17.1595,95.6413,-30.7164],[-28.1955,55.9169,-10.0608],[-3.22372,49.958,-1.05908],[13.7537,55.8642,-0.730037],[[[0.216483,-0.492137,-0.843171],[0.052265,0.868254,-0.493358],[0.974886,0.0627355,0.213684]],[[0.188222,-0.493744,-0.848993],[-0.952522,0.118872,-0.280306],[0.239321,0.861444,-0.447928]],[[0.188222,-0.493744,-0.848993],[-0.34933,-0.84157,0.411981],[-0.9179,0.219035,-0.330881]],[[0.188222,-0.493744,-0.848993],[0.269873,-0.805166,0.528087],[-0.94432,-0.328518,-0.0183018]]],2],[2023,[0.541403,-0.54142,0.643231],202,61.6392,[0.073675,40.8002,-11.8711],[-1.20297,39.2912,-10.9356],[0.162378,-10.474,-1.18142],false,[49.7235,94.7716,-26.9076],[-6.03354,87.7459,-47.7204],[-28.5391,53.938,-34.3906],[-14.1904,39.5888,-17.3432],[1.64378,38.6169,-9.10592],[[[0.353026,-0.541584,-0.762928],[0.0986488,0.832432,-0.545275],[0.930398,0.117234,0.347297]],[[0.361961,-0.540431,-0.759552],[-0.769271,0.287032,-0.57082],[0.526504,0.790916,-0.311843]],[[0.361961,-0.540431,-0.759552],[-0.758859,-0.644049,0.0966177],[-0.541403,0.54142,-0.643231]],[[0.361961,-0.540431,-0.759552],[-0.290343,-0.83963,0.459045],[-0.885824,0.0543742,-0.460824]]],3],[2024,[0.464885,-0.494257,0.734569],202,48.324,[6.25811,44.9401,-26.244],[4.65377,43.4889,-27.7846],[-0.102504,-5.66978,-2.72551],false,[53.5374,83.8922,-34.1528],[5.36469,76.7628,-60.724],[-15.5717,53.365,-48.1314],[-6.87278,44.1165,-34.3861],[7.2814,43.0356,-25.9938],[[[0.437152,-0.654422,-0.616952],[0.234165,0.745128,-0.624461],[0.868369,0.128516,0.478977]],[[0.343012,-0.664334,-0.66408],[-0.706615,0.283314,-0.648404],[0.6189,0.69166,-0.372249]],[[0.343012,-0.664334,-0.66408],[-0.816226,-0.560687,0.139302],[-0.464885,0.494257,-0.734569]],[[0.343012,-0.664334,-0.66408],[-0.381616,-0.744556,0.547728],[-0.858319,0.0655465,-0.508912]]],4]],[[0,200,0],[235.247,235.247,147.751]]]]}