{"metadata":{"formatVersion":2,"generatedBy":"LeapJS Playback 0.2.1","frames":1,"frameRate":"1.1e+2","modified":"Tue Jun 02 2015 21:01:01 GMT-0300 (E. South America Standard Time)","title":"9"},"frames":[["id","timestamp",{"hands":[["id","type","direction","palmNormal","palmPosition","palmVelocity","stabilizedPalmPosition","pinchStrength","grabStrength","confidence","armBasis","armWidth","elbow","wrist"]]},{"pointables":[["id","direction","handId","length","stabilizedTipPosition","tipPosition","tipVelocity","tool","carpPosition","mcpPosition","pipPosition","dipPosition","btipPosition","bases","type"]]},{"interactionBox":["center","size"]}],[421340,1296802848756,[[202,"right",[-0.965761,0.063933,-0.251434],[-0.144849,-0.936915,0.318135],[4.47993,94.6461,-26.7475],[-2.76532,-12.9533,8.8536],[15.6808,95.8468,-11.8288],0.926809,1,0.226238,[[0.373488,-0.379154,-0.846611],[0.317935,0.909697,-0.267148],[0.871449,-0.169391,0.460307]],60.9614,[281.647,48.9536,97.1635],[56.5416,92.7092,-21.739]]],[[2020,[-0.696555,-0.643795,-0.316763],202,49.8602,[-22.8393,34.6545,-11.1701],[-22.5522,34.6197,-11.0152],[2.34341,-9.78994,6.56338],false,[52.3364,92.1923,7.30222],[52.3364,92.1923,7.30222],[12.1219,66.5778,4.58631],[-10.5995,45.5775,-5.74636],[-25.228,30.8135,-14.0748],[[[0.0277148,0.712188,-0.701441],[0.268463,0.670628,0.69151],[0.962891,-0.207476,-0.17261]],[[-0.426307,0.726451,-0.53901],[-0.330414,0.429642,0.840378],[0.842074,0.536355,0.0568698]],[[-0.426307,0.726451,-0.53901],[-0.577125,0.240412,0.780468],[0.696555,0.643795,0.316763]],[[-0.426307,0.726451,-0.53901],[-0.625629,0.193585,0.75572],[0.653338,0.659389,0.371962]]],0],[2021,[0.845685,-0.452811,0.282452],202,56.2616,[-19.9881,61.5276,-6.72579],[-9.2123,61.9464,6.02248],[59.1501,-2.82872,29.3391],false,[46.8202,107.722,-8.27639],[-23.4759,106.343,-11.5246],[-39.3945,69.8783,-1.21165],[-19.8388,59.4075,5.31977],[-3.8602,62.619,6.56842],[[[0.0500241,-0.328049,-0.943335],[-0.00334171,0.944458,-0.328617],[0.998742,0.0195911,0.0461494]],[[0.13843,-0.325018,-0.935522],[-0.911507,0.327584,-0.248685],[0.387289,0.88716,-0.250908]],[[0.13843,-0.325018,-0.935522],[-0.515416,-0.830256,0.21218],[-0.845685,0.452811,-0.282452]],[[0.13843,-0.325018,-0.935522],[0.158972,-0.925075,0.344911],[-0.97753,-0.196468,-0.0763891]]],1],[2022,[0.848941,-0.370312,0.377052],202,64.1056,[-13.2417,55.0116,-20.4314],[-0.457548,54.9158,-2.09753],[64.0646,5.86921,31.2901],false,[46.8348,105.426,-19.8307],[-18.7441,101.045,-31.4691],[-35.2098,62.0915,-13.084],[-12.1141,52.017,-2.82618],[5.40248,55.813,-1.41676],[[[0.18433,-0.478554,-0.858492],[0.0270916,0.875601,-0.482275],[0.982491,0.0656397,0.174364]],[[0.173093,-0.479273,-0.860428],[-0.917901,0.23822,-0.317347],[0.357067,0.844718,-0.398691]],[[0.173093,-0.479273,-0.860428],[-0.499338,-0.795717,0.342776],[-0.848941,0.370312,-0.377052]],[[0.173093,-0.479273,-0.860428],[0.144095,-0.851891,0.503506],[-0.974308,-0.211137,-0.0783951]]],2],[2023,[0.606622,-0.528661,0.59374],202,61.6392,[9.11778,41.7409,-21.7177],[2.62433,43.4772,-11.193],[-22.9949,-13.9188,24.3653],false,[48.2429,100.532,-30.4236],[-8.28366,93.4645,-49.0299],[-26.4429,58.4134,-32.6341],[-10.3658,44.4024,-16.8984],[5.8175,42.8269,-9.47274],[[[0.324332,-0.528315,-0.784661],[0.0714977,0.840819,-0.536574],[0.943237,0.117927,0.310478]],[[0.310491,-0.529984,-0.789121],[-0.850364,0.216142,-0.479753],[0.424824,0.82,-0.383569]],[[0.310491,-0.529984,-0.789121],[-0.73185,-0.66305,0.157356],[-0.606622,0.528661,-0.59374]],[[0.310491,-0.529984,-0.789121],[-0.289718,-0.843415,0.452455],[-0.90535,0.0881392,-0.415419]]],3],[2024,[0.508914,-0.500897,0.700078],202,48.324,[13.0898,48.0108,-27.5421],[5.44811,47.5441,-28.1848],[-12.5136,-13.7345,23.6153],false,[51.8157,89.7818,-37.9784],[2.63059,82.7409,-62.6506],[-15.2409,58.3104,-47.5469],[-5.71804,48.9375,-34.447],[8.45439,46.9541,-26.2526],[[[0.41502,-0.642732,-0.643937],[0.204123,0.755504,-0.622533],[0.886618,0.126921,0.444746]],[[0.308437,-0.653167,-0.691548],[-0.791056,0.227631,-0.567816],[0.528297,0.722189,-0.446482]],[[0.308437,-0.653167,-0.691548],[-0.803663,-0.567868,0.17791],[-0.508914,0.500897,-0.700078]],[[0.308437,-0.653167,-0.691548],[-0.407743,-0.7476,0.524251],[-0.859425,0.120275,-0.496912]]],4]],[[0,200,0],[235.247,235.247,147.751]]]]}