{"metadata":{"formatVersion":2,"generatedBy":"LeapJS Playback 0.2.1","frames":1,"frameRate":"1.0e+2","modified":"Tue Jun 02 2015 20:45:54 GMT-0300 (E. South America Standard Time)","title":"a"},"frames":[["id","timestamp",{"hands":[["id","type","direction","palmNormal","palmPosition","palmVelocity","stabilizedPalmPosition","pinchStrength","grabStrength","confidence","armBasis","armWidth","elbow","wrist"]]},{"pointables":[["id","direction","handId","length","stabilizedTipPosition","tipPosition","tipVelocity","tool","carpPosition","mcpPosition","pipPosition","dipPosition","btipPosition","bases","type"]]},{"interactionBox":["center","size"]}],[342337,1295936175141,[[157,"right",[-0.0858075,0.995975,0.0258932],[-0.227432,0.00572178,-0.973777],[9.33564,112.361,11.8186],[0.951042,5.53473,-4.0428],[10.4184,110.038,9.80107],1,1,0.236918,[[0.983166,0.0664926,-0.170189],[0.00313642,0.925155,0.379576],[0.18269,-0.37372,0.909372]],59.5262,[67.5694,-31.531,242.203],[21.4896,62.7323,12.8327]]],[[1570,[0.245614,0.791119,-0.560182],157,48.6863,[-2.78031,117.086,-26.9311],[-2.20103,118.763,-26.1478],[-13.145,9.38694,-0.544013],false,[-6.36371,57.224,8.94479],[-6.36371,57.224,8.94479],[-25.8464,98.126,-2.10143],[-18.0232,123.324,-19.9441],[1.56105,117.524,-27.7423],[[[0.577006,0.225222,0.785073],[-0.645456,-0.463239,0.607286],[0.50045,-0.857138,-0.12192]],[[0.440619,0.423623,0.791454],[-0.794546,-0.226291,0.563462],[0.417794,-0.877118,0.236879]],[[0.440619,0.423623,0.791454],[-0.86344,0.441219,0.244535],[-0.245614,-0.791119,0.560182]],[[0.440619,0.423623,0.791454],[0.0588858,0.866113,-0.496367],[-0.895761,0.265314,0.35668]]],0],[1571,[0.295585,-0.941247,-0.163352],157,54.9371,[-13.7845,101.66,-15.3703],[-12.9016,102.59,-17.4774],[-1.19569,8.7713,-3.69929],false,[4.24145,67.7494,25.2881],[-14.8961,133.52,19.6746],[-24.4887,133.751,-19.2963],[-17.8145,112.498,-22.9847],[-11.51,99.663,-15.8941],[[[0.941828,0.255403,-0.21847],[0.188209,0.13776,0.97242],[0.278455,-0.95697,0.081677]],[[0.918024,0.327173,-0.22403],[-0.316395,0.944947,0.0834833],[0.23901,-0.00575773,0.971]],[[0.918024,0.327173,-0.22403],[-0.264312,0.0837412,-0.960795],[-0.295585,0.941247,0.163352]],[[0.918024,0.327173,-0.22403],[-0.034804,-0.49632,-0.867442],[-0.394994,0.80413,-0.444246]]],1],[1572,[0.101556,-0.990832,-0.0890965],157,62.5964,[-3.18398,93.2861,-19.7054],[-4.30911,96.2007,-20.5589],[-1.90352,7.69082,-3.97149],false,[15.1047,71.4014,24.3035],[5.51122,135.452,16.9918],[-11.1299,133.73,-24.8128],[-8.43213,107.408,-27.1797],[-3.07065,92.8909,-18.8921],[[[0.924812,0.0965125,-0.367978],[0.350794,0.157912,0.923042],[0.147193,-0.982725,0.112183]],[[0.919675,0.127655,-0.371353],[-0.132719,0.991081,0.0120052],[0.369573,0.0382447,0.928414]],[[0.919675,0.127655,-0.371353],[-0.379322,0.0442267,-0.924207],[-0.101556,0.990832,0.0890965]],[[0.919675,0.127655,-0.371353],[-0.24683,-0.547578,-0.79952],[-0.305408,0.82696,-0.472085]]],2],[1573,[-0.0569779,-0.994289,-0.0902342],157,60.1881,[11.2726,91.3198,-20.6191],[9.59732,94.4328,-21.4158],[-4.03924,7.72166,-8.12039],false,[25.8485,73.3896,20.7915],[25.8324,131.276,12.2212],[8.20281,131.887,-25.607],[6.72829,106.156,-27.9421],[10.2731,91.0992,-19.8559],[[[0.9073,-0.0613361,-0.415987],[0.420485,0.132996,0.897499],[0.000275541,-0.989217,0.146458]],[[0.906232,-0.0135832,-0.422563],[0.0184948,0.999801,0.00752576],[0.422377,-0.0146353,0.906302]],[[0.906232,-0.0135832,-0.422563],[-0.418924,0.10585,-0.90183],[0.0569779,0.994289,0.0902342]],[[0.906232,-0.0135832,-0.422563],[-0.370807,-0.50566,-0.77898],[-0.203092,0.862626,-0.463282]]],3],[1574,[-0.176581,-0.977635,-0.114234],157,47.1863,[24.6512,97.147,-20.3244],[24.1632,100.202,-20.497],[-1.21567,4.4165,-4.5218],false,[35.2165,72.2458,11.4265],[43.0766,125.326,4.01434],[25.2357,129.293,-23.5008],[22.0093,111.43,-25.5881],[24.8694,97.0027,-19.033],[[[0.819202,-0.196541,-0.538777],[0.554845,0.033916,0.831262],[-0.145104,-0.979909,0.136834]],[[0.830296,-0.0856196,-0.550707],[0.137444,0.989066,0.0534507],[0.54011,-0.120071,0.832985]],[[0.830296,-0.0856196,-0.550707],[-0.52861,0.192093,-0.826845],[0.176581,0.977635,0.114234]],[[0.830296,-0.0856196,-0.550707],[-0.528262,-0.43582,-0.728697],[-0.177619,0.895952,-0.407089]]],4]],[[0,200,0],[235.247,235.247,147.751]]]]}