{"metadata":{"formatVersion":2,"generatedBy":"LeapJS Playback 0.2.1","frames":1,"frameRate":"1.0e+2","modified":"Tue Jun 02 2015 20:45:19 GMT-0300 (E. South America Standard Time)","title":"a"},"frames":[["id","timestamp",{"hands":[["id","type","direction","palmNormal","palmPosition","palmVelocity","stabilizedPalmPosition","pinchStrength","grabStrength","confidence","armBasis","armWidth","elbow","wrist"]]},{"pointables":[["id","direction","handId","length","stabilizedTipPosition","tipPosition","tipVelocity","tool","carpPosition","mcpPosition","pipPosition","dipPosition","btipPosition","bases","type"]]},{"interactionBox":["center","size"]}],[342147,1295934492726,[[157,"right",[-0.128078,0.991726,0.00872519],[-0.243349,-0.0228964,-0.969669],[8.59698,112.479,14.9281],[-1.13008,0.168169,0.110943],[11.596,108.536,7.4523],1,1,0.368036,[[0.982626,0.0917221,-0.161347],[-0.0219492,0.920676,0.389709],[0.184294,-0.379397,0.906694]],59.5262,[69.3709,-32.2527,245.357],[22.8866,63.4425,16.6618]]],[[1570,[0.222582,0.782752,-0.581168],157,48.6863,[-4.08885,116.012,-28.5664],[-3.48173,118.191,-23.4922],[10.4436,-2.22272,0.679763],false,[-4.76421,56.6772,13.356],[-4.76421,56.6772,13.356],[-24.6957,97.0441,1.19813],[-17.6061,121.976,-17.313],[2.02333,116.941,-25.5189],[[[0.579549,0.264826,0.770708],[-0.614952,-0.478454,0.626829],[0.534749,-0.837227,-0.114432]],[[0.440245,0.451181,0.776286],[-0.789618,-0.21702,0.573938],[0.427419,-0.865643,0.260719]],[[0.440245,0.451181,0.776286],[-0.869851,0.428644,0.244178],[-0.222582,-0.782752,0.581168]],[[0.440245,0.451181,0.776286],[0.00943361,0.862207,-0.506468],[-0.897828,0.230293,0.375326]]],0],[1571,[0.352089,-0.919021,-0.177295],157,54.9371,[-13.1776,102.025,-15.5157],[-13.3982,102.177,-14.0766],[-0.965805,-0.722497,-0.223486],false,[5.64464,67.9607,29.3152],[-16.3897,132.734,22.8015],[-27.1039,132.532,-15.8762],[-19.1539,111.781,-19.8795],[-11.8146,99.4326,-12.9225],[[[0.926292,0.291036,-0.239335],[0.197981,0.164522,0.9663],[0.320604,-0.94246,0.0947757]],[[0.887719,0.387927,-0.247928],[-0.375086,0.921677,0.0991094],[0.266957,0.00501321,0.963695]],[[0.887719,0.387927,-0.247928],[-0.296629,0.0700953,-0.952417],[-0.352089,0.919021,0.177295]],[[0.887719,0.387927,-0.247928],[-0.0227293,-0.500937,-0.865185],[-0.459825,0.773676,-0.435874]]],1],[1572,[0.141924,-0.987727,-0.0652186],157,62.5964,[-1.51098,91.445,-20.5271],[-4.86816,95.0659,-16.4163],[-0.483875,-0.391921,-0.702158],false,[16.3235,72.0527,28.0763],[3.86925,135.482,19.7334],[-13.3309,132.155,-21.747],[-9.56071,105.916,-23.4795],[-3.46634,91.8691,-14.8937],[[[0.913677,0.12869,-0.38553],[0.358722,0.190625,0.913773],[0.191085,-0.973191,0.128005]],[[0.907912,0.15614,-0.388994],[-0.172574,0.984969,-0.00742554],[0.381987,0.0738718,0.92121]],[[0.907912,0.15614,-0.388994],[-0.394403,0.00400528,-0.918929],[-0.141924,0.987727,0.0652186]],[[0.907912,0.15614,-0.388994],[-0.234903,-0.579074,-0.780701],[-0.347155,0.800183,-0.489071]]],2],[1573,[-0.0121362,-0.997923,-0.0632618],157,60.1881,[12.8836,89.4543,-21.9759],[9.10166,93.5354,-17.8643],[0.602833,-1.17348,2.96668],false,[26.9131,74.4285,24.3439],[24.2704,132.084,14.6937],[6.02873,130.711,-22.823],[5.71466,104.886,-24.4601],[10.0466,90.1734,-16.1286],[[[0.902179,-0.0306642,-0.430271],[0.428992,0.168212,0.887508],[0.0451618,-0.985274,0.164912]],[[0.898958,0.0168155,-0.437713],[-0.02951,0.999318,-0.0222159],[0.437041,0.032888,0.89884]],[[0.898958,0.0168155,-0.437713],[-0.437868,0.0621818,-0.896886],[0.0121362,0.997923,0.0632618]],[[0.898958,0.0168155,-0.437713],[-0.360941,-0.537737,-0.761945],[-0.248187,0.842945,-0.477333]]],3],[1574,[-0.162884,-0.982956,-0.0852384],157,47.1863,[25.5184,95.5086,-21.0933],[22.4908,100.068,-17.1187],[1.74454,-0.99795,1.47991],false,[36.1674,73.5035,14.8426],[41.6179,126.717,6.30499],[23.2495,129.022,-21.0519],[20.2733,111.062,-22.6094],[23.3444,96.771,-15.8548],[[[0.817976,-0.171862,-0.54898],[0.566384,0.0736824,0.820841],[-0.100621,-0.982362,0.15761]],[[0.823564,-0.0878778,-0.560375],[0.111885,0.993684,0.00860388],[0.55608,-0.0697832,0.828194]],[[0.823564,-0.0878778,-0.560375],[-0.543334,0.161476,-0.823841],[0.162884,0.982956,0.0852384]],[[0.823564,-0.0878778,-0.560375],[-0.534198,-0.452341,-0.714157],[-0.190722,0.887505,-0.419476]]],4]],[[0,200,0],[235.247,235.247,147.751]]]]}