{"metadata":{"formatVersion":2,"generatedBy":"LeapJS Playback 0.2.1","frames":2,"frameRate":"1.1e+2","modified":"Tue Jun 02 2015 20:47:25 GMT-0300 (E. South America Standard Time)","title":"b"},"frames":[["id","timestamp",{"hands":[["id","type","direction","palmNormal","palmPosition","palmVelocity","stabilizedPalmPosition","pinchStrength","grabStrength","confidence","armBasis","armWidth","elbow","wrist"]]},{"pointables":[["id","direction","handId","length","stabilizedTipPosition","tipPosition","tipVelocity","tool","carpPosition","mcpPosition","pipPosition","dipPosition","btipPosition","bases","type"]]},{"interactionBox":["center","size"]}],[349175,1296020310981,[[159,"right",[-0.0521064,0.962562,-0.266008],[-0.289506,-0.269491,-0.918456],[-4.74296,108.027,23.46],[1.79819,0.312369,2.18718],[-6.22985,102.807,28.0386],0,0,0.491396,[[0.924031,0.060272,-0.377537],[0.22555,0.711401,0.66561],[0.308698,-0.700197,0.643762]],57.9778,[81.4215,-110.427,196.262],[5.58415,61.59,38.11]]],[[1590,[0.508796,0.381536,-0.771724],159,47.4199,[-1.88234,112.096,-26.3819],[-2.89917,114.254,-26.4987],[2.07841,1.14057,2.13042],false,[-21.8899,56.701,37.5054],[-21.8899,56.701,37.5054],[-23.2941,92.5361,9.63469],[-7.50969,104.373,-14.3065],[-1.74027,117.399,-30.1331],[[[0.633369,0.417135,0.651799],[-0.619381,-0.231671,0.750131],[0.463909,-0.878821,0.111632]],[[0.57543,0.51603,0.634502],[-0.817266,0.333487,0.46996],[0.030915,-0.788986,0.613632]],[[0.57543,0.51603,0.634502],[-0.640318,0.766905,-0.0430063],[-0.508796,-0.381536,0.771724]],[[0.57543,0.51603,0.634502],[-0.77167,0.599581,0.212199],[-0.270934,-0.611732,0.743222]]],0],[1591,[-0.0370238,0.917119,-0.39689],159,53.508,[-31.6624,194.179,15.6385],[-29.5318,198.744,-1.43411],[1.68425,0.377226,2.54476],false,[-10.2327,70.6533,49.108],[-27.1311,131.118,25.8817],[-27.9483,167.862,12.5663],[-28.7625,188.031,3.83777],[-29.5422,201.955,-3.03223],[[[0.93344,0.132876,-0.333218],[0.254879,0.407995,0.876685],[0.252442,-0.903263,0.346971]],[[0.96609,-0.0687105,-0.248895],[0.257358,0.334281,0.906655],[0.0209041,-0.939966,0.340628]],[[0.96609,-0.0687105,-0.248895],[0.255537,0.392647,0.883476],[0.0370238,-0.917119,0.39689]],[[0.96609,-0.0687105,-0.248895],[0.253288,0.439413,0.861836],[0.0501506,-0.895653,0.441916]]],1],[1592,[-0.150945,0.938358,-0.310965],159,60.9681,[-18.1366,204.768,2.95588],[-18.8749,209.478,-2.53372],[1.61415,0.452513,2.8353],false,[0.37221,73.242,46.5868],[-7.4148,131.16,21.7943],[-12.9286,173.133,10.3351],[-16.8341,197.412,2.28926],[-19.7672,213.148,-3.72082],[[[0.901745,-0.0618927,-0.427816],[0.414499,0.404656,0.815134],[0.122667,-0.912372,0.390551]],[[0.892533,-0.00586603,-0.450945],[0.433104,0.2899,0.853451],[0.125723,-0.957039,0.261286]],[[0.892533,-0.00586603,-0.450945],[0.424972,0.345614,0.83663],[0.150945,-0.938358,0.310965]],[[0.892533,-0.00586603,-0.450945],[0.417084,0.391078,0.820426],[0.171542,-0.920339,0.351496]]],2],[1593,[-0.0986072,0.936254,-0.337202],159,58.6225,[5.69814,194.321,-5.21375],[5.40586,199.55,-7.07434],[-0.865554,-2.76425,-6.267],false,[10.6504,73.5662,42.2043],[11.8966,124.931,17.535],[9.17942,163.814,5.98679],[6.69397,187.413,-2.5126],[4.57696,202.995,-8.97281],[[[0.876138,-0.225809,-0.425903],[0.481565,0.369909,0.79452],[-0.0218643,-0.901209,0.432833]],[[0.869023,-0.0840794,-0.487576],[0.490237,0.279448,0.825577],[0.066838,-0.956473,0.284065]],[[0.869023,-0.0840794,-0.487576],[0.484847,0.341115,0.805335],[0.0986072,-0.936254,0.337202]],[[0.869023,-0.0840794,-0.487576],[0.478845,0.390951,0.786044],[0.124528,-0.916563,0.380006]]],3],[1594,[0.0177345,0.968423,-0.24868],159,45.9589,[25.4539,173.982,-1.03662],[29.7069,176.465,-3.63795],[1.7385,-1.79498,-7.34983],false,[19.1268,69.3692,33.3595],[27.9478,116.217,10.7525],[29.5511,147.648,4.07375],[29.8667,164.882,-0.351815],[29.726,179.927,-4.77911],[[[0.776026,-0.386591,-0.498328],[0.608138,0.249202,0.753702],[-0.16719,-0.887945,0.428488]],[[0.793536,-0.164944,-0.585742],[0.606479,0.13554,0.783462],[-0.0498354,-0.976945,0.207591]],[[0.793536,-0.164944,-0.585742],[0.608264,0.186949,0.771404],[-0.0177345,-0.968423,0.24868]],[[0.793536,-0.164944,-0.585742],[0.608457,0.229263,0.759749],[0.00897343,-0.959287,0.28229]]],4]],[[0,200,0],[235.247,235.247,147.751]]],[349176,1296020319471,[[159,"right",[-0.0523469,0.96253,-0.266076],[-0.289193,-0.269636,-0.918512],[-4.73595,108.029,23.4666],[1.544,0.285731,1.81858],[-6.22895,102.81,28.0358],0,0,0.474523,[[0.923995,0.0608469,-0.377532],[0.225222,0.711272,0.665858],[0.309043,-0.700278,0.643508]],57.9778,[81.5247,-110.441,196.212],[5.6023,61.5959,38.1218]]],[[1590,[0.508833,0.381695,-0.77162],159,47.4199,[-1.88366,112.098,-26.3821],[-2.88202,114.255,-26.4922],[2.09556,0.843618,1.76831],false,[-21.8701,56.6981,37.5107],[-21.8701,56.6981,37.5107],[-23.2778,92.5312,9.63745],[-7.49225,104.372,-14.3006],[-1.72183,117.399,-30.1267],[[[0.633074,0.417374,0.651932],[-0.619493,-0.231825,0.749991],[0.464161,-0.878667,0.111798]],[[0.575115,0.51624,0.634617],[-0.817485,0.333272,0.469732],[0.0309944,-0.78894,0.613688]],[[0.575115,0.51624,0.634617],[-0.640571,0.766685,-0.0431617],[-0.508833,-0.381695,0.77162]],[[0.575115,0.51624,0.634617],[-0.771889,0.599395,0.211928],[-0.270981,-0.611737,0.743201]]],0],[1591,[-0.037216,0.917084,-0.396952],159,53.508,[-31.662,194.18,15.6357],[-29.5472,198.736,-1.43892],[0.764137,0.0480905,1.73371],false,[-10.2202,70.6548,49.1153],[-27.1321,131.112,25.8815],[-27.9576,167.855,12.5637],[-28.776,188.024,3.83378],[-29.5584,201.947,-3.03721],[[[0.93348,0.133154,-0.332994],[0.254532,0.408126,0.876725],[0.252643,-0.903163,0.347086]],[[0.966174,-0.0684185,-0.248651],[0.257026,0.334415,0.9067],[0.0211176,-0.939939,0.340688]],[[0.966174,-0.0684185,-0.248651],[0.255193,0.392779,0.883516],[0.037216,-0.917084,0.396952]],[[0.966174,-0.0684185,-0.248651],[0.252935,0.439543,0.861874],[0.0503247,-0.895612,0.44198]]],1],[1592,[-0.151167,0.938293,-0.311055],159,60.9681,[-18.1368,204.769,2.95477],[-18.8941,209.474,-2.5361],[0.608681,0.203653,2.01155],false,[0.384557,73.2468,46.5966],[-7.41475,131.161,21.7989],[-12.9391,173.131,10.336],[-16.8504,197.409,2.2878],[-19.787,213.144,-3.72388],[[[0.90187,-0.0616302,-0.427588],[0.414168,0.404834,0.815214],[0.122861,-0.912311,0.390633]],[[0.892646,-0.00560667,-0.450723],[0.4328,0.290087,0.853542],[0.125963,-0.956984,0.261371]],[[0.892646,-0.00560667,-0.450723],[0.424654,0.345796,0.836716],[0.151167,-0.938293,0.311055]],[[0.892646,-0.00560667,-0.450723],[0.416756,0.391256,0.820508],[0.171748,-0.920265,0.35159]]],2],[1593,[-0.098563,0.935959,-0.338032],159,58.6225,[5.69798,194.322,-5.21434],[5.39169,199.537,-7.12149],[-0.431137,-2.4913,-6.29982],false,[10.6638,73.5739,42.2167],[11.8997,124.937,17.5447],[9.18446,163.812,5.9646],[6.70012,187.403,-2.5557],[4.58391,202.979,-9.03042],[[[0.876315,-0.225554,-0.425673],[0.48125,0.370108,0.794619],[-0.0216846,-0.901191,0.432879]],[[0.86924,-0.0843968,-0.487134],[0.489859,0.280139,0.825567],[0.0667901,-0.956242,0.284851]],[[0.86924,-0.0843968,-0.487134],[0.484466,0.341844,0.805255],[0.098563,-0.935959,0.338032]],[[0.86924,-0.0843968,-0.487134],[0.478463,0.391697,0.785905],[0.124481,-0.916215,0.380859]]],3],[1594,[0.0174162,0.967934,-0.2506],159,45.9589,[25.4561,173.983,-1.03807],[29.703,176.459,-3.6988],[1.11992,-1.80739,-8.37287],false,[19.1437,69.3792,33.3742],[27.9553,116.229,10.7668],[29.5582,147.649,4.03917],[29.8681,164.875,-0.420567],[29.7186,179.909,-4.88278],[[[0.776272,-0.386372,-0.498114],[0.607871,0.249439,0.753839],[-0.167014,-0.887973,0.428497]],[[0.793758,-0.165792,-0.585202],[0.60619,0.136826,0.783462],[-0.0498211,-0.976623,0.209108]],[[0.793758,-0.165792,-0.585202],[0.607984,0.188724,0.771193],[-0.0174163,-0.967934,0.2506]],[[0.793758,-0.165792,-0.585202],[0.608159,0.231417,0.759335],[0.00953374,-0.958624,0.284517]]],4]],[[0,200,0],[235.247,235.247,147.751]]]]}