{"metadata":{"formatVersion":2,"generatedBy":"LeapJS Playback 0.2.1","frames":2,"frameRate":"1.1e+2","modified":"Tue Jun 02 2015 20:47:03 GMT-0300 (E. South America Standard Time)","title":"b"},"frames":[["id","timestamp",{"hands":[["id","type","direction","palmNormal","palmPosition","palmVelocity","stabilizedPalmPosition","pinchStrength","grabStrength","confidence","armBasis","armWidth","elbow","wrist"]]},{"pointables":[["id","direction","handId","length","stabilizedTipPosition","tipPosition","tipVelocity","tool","carpPosition","mcpPosition","pipPosition","dipPosition","btipPosition","bases","type"]]},{"interactionBox":["center","size"]}],[348984,1296018637091,[[159,"right",[-0.0814987,0.982154,-0.169506],[-0.306474,-0.186527,-0.933425],[-3.98564,102.35,23.3212],[13.9743,0.328591,15.0387],[-6.8191,101.873,29.0634],0,0,0.529676,[[0.951395,0.0155808,-0.307579],[0.199319,0.730197,0.653517],[0.234776,-0.683059,0.6916]],57.9778,[65.4783,-112.813,203.03],[7.80117,54.9935,33.1255]]],[[1590,[0.506029,0.43848,-0.742745],159,47.4199,[-1.78576,111.403,-26.6702],[-2.08941,112.606,-25.8813],[11.2173,11.0638,16.4547],false,[-19.5569,49.4768,32.6828],[-19.5569,49.4768,32.6828],[-21.9619,87.823,8.46102],[-6.26333,101.426,-14.5812],[-0.614437,115.717,-29.3225],[[[0.639843,0.368192,0.674563],[-0.594388,-0.319297,0.738073],[0.487139,-0.873203,0.0145494]],[[0.584174,0.459318,0.669154],[-0.809899,0.276104,0.517523],[0.052951,-0.844271,0.533294]],[[0.584174,0.459318,0.669154],[-0.634567,0.772504,0.0237211],[-0.506029,-0.43848,0.742745]],[[0.584174,0.459318,0.669154],[-0.767053,0.581908,0.27021],[-0.265274,-0.671126,0.692257]]],0],[1591,[-0.069213,0.95002,-0.304421],159,53.508,[-32.1987,193.137,19.6603],[-31.6229,194.375,7.9972],[27.8898,7.69697,33.4444],false,[-7.93806,62.5348,45.3188],[-26.8411,124.509,28.5028],[-28.8794,162.34,18.8712],[-30.4016,183.233,12.1763],[-31.6923,197.732,6.71701],[[[0.921236,0.188687,-0.340178],[0.267544,0.327487,0.906185],[0.282389,-0.925824,0.251211]],[[0.960723,-0.018729,-0.276877],[0.272567,0.25115,0.928779],[0.0521426,-0.967767,0.24639]],[[0.960723,-0.018729,-0.276877],[0.268741,0.311628,0.911409],[0.069213,-0.95002,0.304421]],[[0.960723,-0.018729,-0.276877],[0.264799,0.360365,0.894438],[0.083025,-0.932623,0.35117]]],1],[1592,[-0.180617,0.95981,-0.214809],159,60.9681,[-17.5514,203.634,2.92428],[-21.0411,205.429,7.5677],[29.5197,6.22582,35.7384],false,[2.53518,65.6296,42.8175],[-7.24218,125.459,23.9836],[-14.0192,168.187,16.7897],[-18.6925,193.021,11.2317],[-22.1439,209.183,6.84594],[[[0.89172,0.00325796,-0.452575],[0.425573,0.334267,0.840924],[0.154021,-0.942473,0.296686]],[[0.880698,0.0605897,-0.469787],[0.447763,0.217058,0.867406],[0.154527,-0.974276,0.164033]],[[0.880698,0.0605897,-0.469787],[0.437891,0.274033,0.856246],[0.180617,-0.95981,0.214809]],[[0.880698,0.0605897,-0.469787],[0.428516,0.320729,0.844694],[0.201854,-0.945231,0.256502]]],2],[1593,[-0.0812668,0.941832,-0.326111],159,58.6225,[5.42863,193.387,-5.24734],[6.15767,195.074,-5.22781],[29.9232,4.73506,33.4187],false,[12.6876,66.6432,38.2509],[12.0951,120.173,18.6907],[10.0822,159.226,7.57485],[8.03383,182.965,-0.644984],[6.218,198.668,-6.89956],[[[0.870031,-0.160678,-0.466079],[0.492888,0.303431,0.81547],[0.0103947,-0.939208,0.343191]],[[0.867165,-0.094485,-0.488977],[0.495554,0.261321,0.828334],[0.0495145,-0.960617,0.27343]],[[0.867165,-0.094485,-0.488977],[0.491346,0.32253,0.809045],[0.0812668,-0.941832,0.326111]],[[0.867165,-0.094485,-0.488977],[0.486433,0.371267,0.790913],[0.106811,-0.923706,0.36791]]],3],[1594,[-0.0740842,0.978764,-0.191136],159,45.9589,[23.5626,172.3,-0.669189],[24.3474,173.464,-0.142484],[28.8028,0.0858803,23.808],false,[21.0314,63.5448,28.8447],[28.1681,112.577,10.7203],[26.9889,144.387,6.04958],[25.6704,161.806,2.64808],[24.0332,176.988,-0.929028],[[[0.771907,-0.316213,-0.551515],[0.621179,0.190569,0.760145],[-0.135266,-0.929351,0.343526]],[[0.780436,-0.0624154,-0.622112],[0.62416,0.136103,0.76935],[0.0366523,-0.988727,0.145177]],[[0.780436,-0.0624154,-0.622112],[0.620831,0.195258,0.759239],[0.0740842,-0.978764,0.191136]],[[0.780436,-0.0624154,-0.622112],[0.616459,0.242947,0.748969],[0.104393,-0.968029,0.228081]]],4]],[[0,200,0],[235.247,235.247,147.751]]],[348985,1296018645961,[[159,"right",[-0.0805178,0.982519,-0.167848],[-0.306099,-0.184632,-0.933924],[-3.86618,102.342,23.4438],[13.8369,-0.00022999,14.7103],[-6.81737,101.873,29.0601],0,0,0.533025,[[0.951468,0.0156423,-0.307348],[0.199013,0.730502,0.653269],[0.234737,-0.682731,0.691937]],57.9778,[65.5401,-112.767,203.16],[7.87238,54.9582,33.1728]]],[[1590,[0.506411,0.43976,-0.741727],159,47.4199,[-1.78578,111.405,-26.6691],[-1.95197,112.682,-25.7461],[11.7968,10.5941,16.0441],false,[-19.4904,49.4669,32.7047],[-19.4904,49.4669,32.7047],[-21.8701,87.8527,8.54333],[-6.15966,101.495,-14.4673],[-0.49157,115.804,-29.1844],[[[0.639781,0.366446,0.675572],[-0.595103,-0.320042,0.737174],[0.486346,-0.873665,0.013316]],[[0.583904,0.458072,0.670243],[-0.81013,0.275499,0.517484],[0.0523942,-0.845145,0.531963]],[[0.583904,0.458072,0.670243],[-0.634511,0.772516,0.0248052],[-0.506411,-0.43976,0.741727]],[[0.583904,0.458072,0.670243],[-0.766946,0.58195,0.270421],[-0.266175,-0.67194,0.69112]]],0],[1591,[-0.0681801,0.950608,-0.302813],159,53.508,[-32.1968,193.14,19.6383],[-31.4114,194.419,8.26351],[26.7851,6.93227,32.5223],false,[-7.86715,62.4925,45.3701],[-26.7048,124.513,28.6506],[-28.7034,162.362,19.0835],[-30.2028,183.268,12.424],[-31.4773,197.777,6.98912],[[[0.921603,0.188448,-0.339316],[0.267312,0.325674,0.906907],[0.281411,-0.926512,0.249768]],[[0.960866,-0.0191151,-0.276352],[0.272254,0.249293,0.929371],[0.0511278,-0.968239,0.244742]],[[0.960866,-0.0191151,-0.276352],[0.268491,0.309804,0.912104],[0.0681801,-0.950608,0.302813]],[[0.960866,-0.0191151,-0.276352],[0.264604,0.358573,0.895215],[0.0819804,-0.933306,0.349599]]],1],[1592,[-0.179631,0.960343,-0.213245],159,60.9681,[-17.5583,203.638,2.93437],[-20.8204,205.464,7.85995],[28.2701,5.59024,34.9672],false,[2.61032,65.5821,42.8802],[-7.10234,125.452,24.1445],[-13.8369,168.2,17.0209],[-18.4846,193.047,11.5034],[-21.919,209.22,7.14372],[[[0.891985,0.00324113,-0.452053],[0.425385,0.332424,0.841749],[0.153002,-0.943124,0.295139]],[[0.881024,0.0606147,-0.469171],[0.447455,0.215149,0.868041],[0.153558,-0.974698,0.162429]],[[0.881024,0.0606147,-0.469171],[0.43764,0.272152,0.856974],[0.179631,-0.960343,0.213245]],[[0.881024,0.0606147,-0.469171],[0.428314,0.318875,0.845498],[0.200857,-0.945857,0.254975]]],2],[1593,[-0.0801079,0.942476,-0.324534],159,58.6225,[5.43271,193.392,-5.24712],[6.38762,195.106,-4.94137],[28.8098,4.45097,33.1789],false,[12.7663,66.5945,38.3212],[12.2333,120.159,18.8536],[10.2667,159.232,7.80357],[8.24751,182.988,-0.37652],[6.45159,198.704,-6.60497],[[[0.870156,-0.160652,-0.465853],[0.492687,0.301572,0.81628],[0.00935167,-0.939811,0.341566]],[[0.867371,-0.0945225,-0.488603],[0.495305,0.259397,0.829087],[0.048375,-0.961134,0.271811]],[[0.867371,-0.0945225,-0.488603],[0.491172,0.320633,0.809904],[0.0801079,-0.942476,0.324534]],[[0.867371,-0.0945225,-0.488603],[0.48632,0.369398,0.791857],[0.105641,-0.924452,0.366373]]],3],[1594,[-0.072648,0.97909,-0.190015],159,45.9589,[23.5682,172.306,-0.665007],[24.5631,173.469,0.101243],[27.882,0.156192,24.3952],false,[21.1128,63.505,28.9145],[28.304,112.562,10.8794],[27.1715,144.38,6.24729],[25.8786,161.804,2.86574],[24.2637,176.992,-0.694843],[[[0.771943,-0.31595,-0.551616],[0.620908,0.188691,0.760834],[-0.136301,-0.929823,0.341835]],[[0.780789,-0.0627093,-0.62164],[0.623803,0.134296,0.769957],[0.0352004,-0.988955,0.143975]],[[0.780789,-0.0627093,-0.62164],[0.620557,0.193522,0.759906],[0.072648,-0.97909,0.190015]],[[0.780789,-0.0627093,-0.62164],[0.616251,0.241272,0.749681],[0.102973,-0.968429,0.227027]]],4]],[[0,200,0],[235.247,235.247,147.751]]]]}