{"metadata":{"formatVersion":2,"generatedBy":"LeapJS Playback 0.2.1","frames":1,"frameRate":"1.1e+2","modified":"Tue Jun 02 2015 20:48:15 GMT-0300 (E. South America Standard Time)","title":"c"},"frames":[["id","timestamp",{"hands":[["id","type","direction","palmNormal","palmPosition","palmVelocity","stabilizedPalmPosition","pinchStrength","grabStrength","confidence","armBasis","armWidth","elbow","wrist"]]},{"pointables":[["id","direction","handId","length","stabilizedTipPosition","tipPosition","tipVelocity","tool","carpPosition","mcpPosition","pipPosition","dipPosition","btipPosition","bases","type"]]},{"interactionBox":["center","size"]}],[352066,1296053036160,[[161,"right",[-0.498134,0.757727,-0.42156],[-0.647428,-0.648426,-0.400475],[26.7432,80.0635,12.6446],[-10.1855,-7.17903,2.25243],[32.111,83.6104,11.6251],0,0.34066,0.57314,[[0.714402,-0.063612,-0.696838],[0.00320955,0.996147,-0.0876445],[0.699728,0.0603769,0.711854]],57.1212,[226.667,60.0065,201.339],[57.3055,45.3929,29.0428]]],[[1610,[-0.91067,0.273976,-0.309222],161,46.7192,[-39.8464,67.4719,14.9395],[-44.8664,63.4673,17.2561],[-10.209,-9.82127,4.78646],false,[37.8248,38.6676,47.2504],[37.8248,38.6676,47.2504],[-2.89984,50.9138,33.3245],[-30.7342,59.2877,23.8732],[-49.1918,64.7151,15.5056],[[[0.713978,0.698275,-0.0514456],[0.0197367,0.0533753,0.998379],[0.69989,-0.713837,0.0243271]],[[0.305283,0.950563,-0.056854],[-0.280262,0.146748,0.94864],[0.910086,-0.273669,0.311206]],[[0.305283,0.950563,-0.056854],[-0.278358,0.146175,0.949289],[0.91067,-0.273976,0.309222]],[[0.305283,0.950563,-0.056854],[-0.364412,0.171777,0.915258],[0.879776,-0.258694,0.398837]]],0],[1611,[-0.760539,-0.0437845,-0.647815],161,52.7174,[-33.5119,124.576,-19.5595],[-39.2901,118.081,-17.7903],[-9.36094,-9.41632,4.85161],false,[48.5653,56.7708,44.3441],[3.88735,99.9496,22.2311],[-15.1654,126.288,1.57861],[-31.6443,125.34,-12.4578],[-41.3126,115.564,-19.2067],[[[0.484975,0.0548266,-0.872808],[0.553055,0.753887,0.354661],[0.677444,-0.654712,0.335295]],[[0.647687,-0.121282,-0.752192],[0.579454,0.719433,0.382948],[0.494707,-0.68389,0.536245]],[[0.647687,-0.121282,-0.752192],[0.0456341,0.991652,-0.120599],[0.760539,0.0437845,0.647815]],[[0.647687,-0.121282,-0.752192],[-0.426648,0.760213,-0.489948],[0.631248,0.638253,0.440635]]],1],[1612,[-0.941525,0.0326181,-0.335362],161,60.0673,[-39.7055,131.652,-16.7223],[-45.3617,125.025,-15.6481],[-8.73613,-8.50762,4.39976],false,[54.3471,58.8657,35.1777],[16.4793,99.8306,6.9021],[-11.0552,131.402,-3.68451],[-35.0561,132.234,-12.2334],[-48.1158,122.542,-16.627],[[[0.470606,-0.16346,-0.867071],[0.641822,0.737746,0.209272],[0.60547,-0.65499,0.452099]],[[0.334707,-0.023971,-0.942017],[0.694186,0.682299,0.229288],[0.637241,-0.73068,0.24501]],[[0.334707,-0.023971,-0.942017],[0.0387657,0.99918,-0.0116518],[0.941525,-0.0326181,0.335362]],[[0.334707,-0.023971,-0.942017],[-0.535692,0.81759,-0.211141],[0.775245,0.575301,0.260812]]],2],[1613,[-0.899187,0.110488,-0.423386],161,57.7563,[-32.1697,111.653,-41.4422],[-38.7574,104.794,-39.8279],[-11.6475,-10.255,2.86602],false,[59.5771,58.1515,25.5121],[30.6603,94.0101,-6.59935],[-4.89679,100.619,-23.8107],[-27.2265,103.362,-34.3248],[-42.3853,104.621,-41.3359],[[[0.504845,-0.313211,-0.804382],[0.692779,0.702927,0.161094],[0.514965,-0.638586,0.571855]],[[0.399397,-0.187992,-0.897297],[0.228835,0.968212,-0.100992],[0.887759,-0.164997,0.42972]],[[0.399397,-0.187992,-0.897297],[0.178734,0.975936,-0.124911],[0.899187,-0.110488,0.423386]],[[0.399397,-0.187992,-0.897297],[0.146145,0.97929,-0.140119],[0.905055,-0.0751724,0.418599]]],3],[1614,[-0.888359,0.175291,-0.424372],161,45.2799,[-5.05058,103.738,-46.8685],[-11.7201,97.5327,-45.5743],[-12.9127,-12.8303,3.64153],false,[62.4286,51.4355,15.0459],[41.7849,84.688,-19.1602],[14.3966,92.3514,-33.1558],[-1.17928,95.4249,-40.5965],[-15.1071,97.4719,-46.9668],[[[0.4396,-0.496825,-0.748276],[0.805623,0.586456,0.0839072],[0.397144,-0.639714,0.65806]],[[0.346264,-0.351204,-0.869918],[0.365389,0.904546,-0.219743],[0.864056,-0.24177,0.441537]],[[0.346264,-0.351204,-0.869918],[0.301529,0.919744,-0.251298],[0.888359,-0.175291,0.424372]],[[0.346264,-0.351204,-0.869918],[0.260039,0.926879,-0.270693],[0.901377,-0.132482,0.412271]]],4]],[[0,200,0],[235.247,235.247,147.751]]]]}