{"metadata":{"formatVersion":2,"generatedBy":"LeapJS Playback 0.2.1","frames":1,"frameRate":"1.1e+2","modified":"Tue Jun 02 2015 20:48:00 GMT-0300 (E. South America Standard Time)","title":"c"},"frames":[["id","timestamp",{"hands":[["id","type","direction","palmNormal","palmPosition","palmVelocity","stabilizedPalmPosition","pinchStrength","grabStrength","confidence","armBasis","armWidth","elbow","wrist"]]},{"pointables":[["id","direction","handId","length","stabilizedTipPosition","tipPosition","tipVelocity","tool","carpPosition","mcpPosition","pipPosition","dipPosition","btipPosition","bases","type"]]},{"interactionBox":["center","size"]}],[351940,1296051926144,[[161,"right",[-0.465975,0.781268,-0.415317],[-0.6649,-0.618882,-0.418202],[33.805,82.5656,11.8209],[4.10592,-0.454365,1.08002],[32.9625,84.4399,11.4432],0,0.220972,0.485137,[[0.725588,-0.0721873,-0.684332],[0.0143964,0.995857,-0.0897844],[0.687978,0.0552946,0.723622]],57.1212,[229.443,59.9709,203.169],[62.9258,46.5875,28.0247]]],[[1610,[-0.890647,0.309276,-0.333311],161,46.7192,[-38.3906,68.54,14.3197],[-38.2519,68.3693,15.1229],[4.6488,0.745036,1.50533],false,[42.9995,40.2761,45.8951],[42.9995,40.2761,45.8951],[3.05844,54.158,31.2525],[-24.1639,63.6109,21.065],[-42.1914,69.7883,12.2897],[[[0.738681,0.673292,-0.0320671],[0.00939953,0.0372797,0.999261],[0.673989,-0.738436,0.0212092]],[[0.340538,0.939452,-0.0382517],[-0.295543,0.145574,0.944173],[0.892574,-0.310222,0.327222]],[[0.340538,0.939452,-0.0382517],[-0.301299,0.147574,0.942041],[0.890647,-0.309276,0.333311]],[[0.340538,0.939452,-0.0382517],[-0.381681,0.175305,0.907517],[0.859275,-0.294444,0.418269]]],0],[1611,[-0.74775,0.0751754,-0.659711],161,52.7174,[-32.5552,127.004,-20.1011],[-31.9008,125.472,-19.8971],[7.18623,0.0418483,2.23139],false,[54.405,58.0307,43.4008],[11.5476,103.098,21.4531],[-6.93175,129.91,0.888862],[-23.1335,131.539,-13.4053],[-33.9491,124.363,-21.5367],[[[0.497235,0.0510572,-0.866113],[0.574863,0.728308,0.372962],[0.649839,-0.683345,0.332789]],[[0.648865,-0.128062,-0.75005],[0.590549,0.706351,0.390281],[0.479818,-0.696181,0.533953]],[[0.648865,-0.128062,-0.75005],[0.140869,0.988913,-0.0469794],[0.74775,-0.0751754,0.659711]],[[0.648865,-0.128062,-0.75005],[-0.283407,0.874135,-0.394422],[0.706155,0.468496,0.530902]]],1],[1612,[-0.928925,0.153142,-0.337113],161,60.0673,[-38.6511,134.701,-16.7369],[-37.9613,133.239,-16.7776],[7.26575,-1.89897,0.835216],false,[60.3686,60.0605,34.3368],[24.3139,102.769,6.27212],[-2.61658,134.98,-3.93655],[-26.2963,138.884,-12.5301],[-40.8803,132.208,-17.6803],[[[0.475124,-0.166647,-0.863994],[0.664778,0.711275,0.228382],[0.576479,-0.682874,0.448727]],[[0.33895,-0.0147489,-0.940689],[0.704737,0.66638,0.243484],[0.623265,-0.745467,0.236264]],[[0.33895,-0.0147489,-0.940689],[0.149031,0.988094,0.038207],[0.928925,-0.153142,0.337113]],[[0.33895,-0.0147489,-0.940689],[-0.36827,0.91801,-0.147089],[0.865731,0.396284,0.305728]]],2],[1613,[-0.867821,0.2189,-0.44606],161,57.7563,[-29.3843,115.629,-41.9212],[-28.7601,114.459,-41.843],[3.83304,-0.473436,1.0083],false,[65.6879,59.3105,24.7228],[38.4453,96.6592,-7.1532],[4.34088,107.462,-25.1643],[-17.2099,112.898,-36.2414],[-31.9036,115.994,-43.6604],[[[0.503305,-0.318462,-0.803285],[0.715062,0.67542,0.180258],[0.48515,-0.665123,0.567663]],[[0.408992,-0.195086,-0.891441],[0.32816,0.942973,-0.0558048],[0.851491,-0.269711,0.449687]],[[0.408992,-0.195086,-0.891441],[0.282157,0.956046,-0.079772],[0.867821,-0.2189,0.44606]],[[0.408992,-0.195086,-0.891441],[0.251191,0.96321,-0.0955469],[0.877285,-0.184844,0.442949]]],3],[1614,[-0.851191,0.281888,-0.442734],161,45.2799,[-2.66358,106.413,-47.2206],[-2.17941,105.003,-46.999],[3.55347,-2.36453,0.641647],false,[68.429,52.6596,14.1858],[49.3877,87.1438,-19.7292],[23.3722,98.0699,-34.1701],[8.44806,103.012,-41.9326],[-4.97679,106.72,-48.6248],[[[0.430959,-0.500495,-0.750853],[0.824674,0.556232,0.102562],[0.366317,-0.663408,0.652458]],[[0.340989,-0.344256,-0.874765],[0.458372,0.873309,-0.165007],[0.820745,-0.344702,0.455586]],[[0.340989,-0.344256,-0.874765],[0.399,0.895559,-0.196907],[0.851191,-0.281888,0.442734]],[[0.340989,-0.344256,-0.874765],[0.35899,0.907698,-0.217281],[0.868823,-0.239941,0.433099]]],4]],[[0,200,0],[235.247,235.247,147.751]]]]}