{"metadata":{"formatVersion":2,"generatedBy":"LeapJS Playback 0.2.1","frames":2,"frameRate":"1.1e+2","modified":"Tue Jun 02 2015 20:49:27 GMT-0300 (E. South America Standard Time)","title":"e"},"frames":[["id","timestamp",{"hands":[["id","type","direction","palmNormal","palmPosition","palmVelocity","stabilizedPalmPosition","pinchStrength","grabStrength","confidence","armBasis","armWidth","elbow","wrist"]]},{"pointables":[["id","direction","handId","length","stabilizedTipPosition","tipPosition","tipVelocity","tool","carpPosition","mcpPosition","pipPosition","dipPosition","btipPosition","bases","type"]]},{"interactionBox":["center","size"]}],[356746,1296100659804,[[164,"right",[-0.0752225,0.643575,-0.761678],[-0.10959,-0.764551,-0.635179],[16.2423,84.5027,7.40714],[1.53168,-0.154033,1.04802],[8.85019,96.1961,19.9691],0.267479,1,0.615557,[[0.726608,0.492062,-0.479496],[0.124172,0.592359,0.796048],[0.675739,-0.637954,0.369312]],60.1145,[199.775,-107.926,141.951],[27.6488,54.5754,47.8783]]],[[1640,[-0.0581761,0.305269,-0.950488],164,49.1675,[-20.3119,76.414,-22.874],[-16.8019,72.5348,-19.9045],[2.20615,-0.724939,0.438213],false,[0.118666,45.6678,47.3092],[0.118666,45.6678,47.3092],[-29.6787,67.5277,18.1199],[-31.5501,77.3471,-12.4538],[-12.5182,71.7052,-22.121],[[[0.482169,0.795054,0.36797],[-0.719285,0.119479,0.684363],[0.500142,-0.594654,0.62948]],[[0.393198,0.882147,0.259253],[-0.667115,0.0796738,0.740681],[0.632734,-0.464186,0.619822]],[[0.393198,0.882147,0.259253],[-0.917612,0.358647,0.171351],[0.0581761,-0.305269,0.950488]],[[0.393198,0.882147,0.259253],[-0.31999,0.395627,-0.860864],[-0.861976,0.255531,0.437838]]],0],[1641,[-0.282272,-0.321877,-0.903724],164,55.48,[-24.9363,121.98,-39.9353],[-24.2587,118.347,-41.0657],[7.25257,-0.988648,-2.22766],false,[8.92237,65.9967,50.3629],[-8.71818,102.084,-6.2397],[-19.1394,138.069,-21.7063],[-25.576,130.73,-42.3137],[-23.0112,114.86,-41.1293],[[[0.964426,0.0728712,-0.25411],[0.0726922,0.851094,0.519957],[0.254162,-0.519932,0.81552]],[[0.933322,0.125741,-0.336302],[0.250603,0.442619,0.86098],[0.257114,-0.88785,0.381595]],[[0.933322,0.125741,-0.336302],[-0.221883,0.938395,-0.264921],[0.282272,0.321877,0.903724]],[[0.933322,0.125741,-0.336302],[-0.321857,-0.122093,-0.938883],[-0.159116,0.984521,-0.0734815]]],1],[1642,[-0.335215,-0.311312,-0.889222],164,63.215,[3.44716,124.91,-49.8922],[-0.441884,121.696,-49.8459],[-4.95191,0.0408396,0.0944655],false,[19.9807,68.4899,47.8246],[12.0906,102.967,-7.6855],[8.61574,143.698,-27.6028],[-0.37719,135.347,-51.4583],[-1.13431,117.759,-49.357],[[[0.96328,-0.144209,-0.226486],[0.240256,0.839539,0.487289],[0.119873,-0.523811,0.843358]],[[0.941631,-0.0796161,-0.327098],[0.32786,0.437431,0.837354],[0.0764162,-0.89572,0.438002]],[[0.941631,-0.0796161,-0.327098],[-0.031033,0.946967,-0.319829],[0.335215,0.311312,0.889222]],[[0.941631,-0.0796161,-0.327098],[-0.333928,-0.0976361,-0.937528],[0.0427057,0.992032,-0.118523]]],2],[1643,[-0.259856,-0.315054,-0.912807],164,60.7829,[29.8749,118.099,-46.203],[28.9965,113.782,-46.7982],[1.15628,-0.105538,0.379002],false,[31.2015,67.9453,44.9737],[32.9836,98.3147,-5.69006],[39.0054,135.048,-25.467],[32.2142,126.815,-49.3228],[28.2843,109.909,-46.2444],[[[0.94955,-0.282595,-0.135996],[0.312163,0.809965,0.496499],[-0.0301564,-0.513903,0.857318]],[[0.949778,-0.254058,-0.182694],[0.278412,0.419524,0.863994],[-0.14286,-0.871467,0.469187]],[[0.949778,-0.254058,-0.182694],[0.174347,0.914437,-0.36525],[0.259856,0.315054,0.912807]],[[0.949778,-0.254058,-0.182694],[-0.219583,-0.125139,-0.967535],[0.222948,0.959059,-0.174641]]],3],[1644,[-0.4201,-0.258638,-0.869841],164,47.6527,[43.7889,106.431,-30.8146],[45.9507,102.96,-31.1402],[1.37263,0.295748,1.14476],false,[41.7065,60.7336,40.7404],[51.1822,89.597,-4.7531],[56.65,119.739,-17.9582],[48.8982,114.966,-34.0086],[45.0196,99.6426,-30.1903],[[[0.874959,-0.470094,-0.116011],[0.452153,0.707545,0.543081],[-0.173216,-0.527628,0.831628]],[[0.889118,-0.309145,-0.337489],[0.42732,0.296644,0.854049],[-0.16391,-0.903566,0.395856]],[[0.889118,-0.309145,-0.337489],[0.181619,0.91517,-0.359831],[0.4201,0.258638,0.869841]],[[0.889118,-0.309145,-0.337489],[-0.390614,-0.128276,-0.911573],[0.238516,0.942324,-0.234808]]],4]],[[0,200,0],[235.247,235.247,147.751]]],[356747,1296100668128,[[164,"right",[-0.0753831,0.643485,-0.761738],[-0.109272,-0.764642,-0.635124],[16.2605,84.5007,7.41862],[1.69914,-0.178362,1.13306],[8.85041,96.1957,19.9687],0.267353,1,0.620712,[[0.726539,0.492334,-0.479321],[0.123912,0.592261,0.796161],[0.67586,-0.637835,0.369295]],60.1145,[199.831,-107.89,141.961],[27.674,54.5807,47.8933]]],[[1640,[-0.0582123,0.305182,-0.950513],164,49.1675,[-20.3014,76.4035,-22.8649],[-16.7773,72.5236,-19.8966],[2.4335,-0.992718,0.528116],false,[0.147038,45.6634,47.3226],[0.147038,45.6634,47.3226],[-29.6535,67.5108,18.127],[-31.526,77.3274,-12.4476],[-12.492,71.692,-22.1144],[[[0.481862,0.795253,0.367943],[-0.719384,0.119286,0.684294],[0.500296,-0.594428,0.629571]],[[0.392875,0.882301,0.25922],[-0.667243,0.0795306,0.740582],[0.6328,-0.463919,0.619954]],[[0.392875,0.882301,0.25922],[-0.917747,0.358343,0.171259],[0.0582123,-0.305182,0.950513]],[[0.392875,0.882301,0.25922],[-0.320128,0.395475,-0.860882],[-0.862071,0.255236,0.437822]]],0],[1641,[-0.281123,-0.321996,-0.90404],164,55.48,[-24.9259,121.954,-39.9463],[-24.1881,118.335,-41.0893],[7.52665,-1.24938,-2.35431],false,[8.94342,65.9957,50.3753],[-8.70498,102.072,-6.23176],[-19.089,138.056,-21.7261],[-25.4994,130.714,-42.3407],[-22.9441,114.843,-41.1506],[[[0.964422,0.0731855,-0.254037],[0.0723531,0.851162,0.519892],[0.254275,-0.519776,0.815584]],[[0.933858,0.125237,-0.335001],[0.249545,0.442822,0.861183],[0.256197,-0.88782,0.38228]],[[0.933858,0.125237,-0.335001],[-0.221088,0.938421,-0.265492],[0.281123,0.321996,0.90404]],[[0.933858,0.125237,-0.335001],[-0.320592,-0.122058,-0.93932],[-0.158527,0.98459,-0.0738346]]],1],[1642,[-0.335732,-0.310613,-0.889271],164,63.215,[3.42317,124.893,-49.8919],[-0.489424,121.701,-49.849],[-5.25641,0.314531,-0.259306],false,[20.0011,68.4925,47.8377],[12.1036,102.963,-7.6759],[8.57339,143.692,-27.5865],[-0.433413,135.359,-51.4433],[-1.18386,117.768,-49.3754],[[[0.963349,-0.143893,-0.226394],[0.239923,0.839663,0.487239],[0.119985,-0.523699,0.843412]],[[0.941418,-0.0787094,-0.327927],[0.328183,0.437663,0.837106],[0.0776334,-0.895687,0.437855]],[[0.941418,-0.0787094,-0.327927],[-0.0318644,0.947272,-0.318842],[0.335732,0.310613,0.889271]],[[0.941418,-0.0787094,-0.327927],[-0.334574,-0.0959315,-0.937474],[0.0423295,0.992271,-0.116646]]],2],[1643,[-0.259671,-0.315093,-0.912846],164,60.7829,[29.8734,118.09,-46.2046],[29.0103,113.782,-46.7904],[1.21596,-0.0114785,0.552118],false,[31.2224,67.9515,44.9878],[32.9981,98.3174,-5.67835],[39.008,135.053,-25.4556],[32.2216,126.818,-49.3124],[28.2971,109.911,-46.2361],[[[0.949659,-0.282276,-0.135894],[0.31184,0.810115,0.496457],[-0.0300488,-0.513842,0.857358]],[[0.94988,-0.253722,-0.182628],[0.278206,0.419639,0.864005],[-0.142579,-0.871509,0.469194]],[[0.94988,-0.253722,-0.182628],[0.174064,0.914517,-0.365185],[0.259671,0.315093,0.912846]],[[0.94988,-0.253722,-0.182628],[-0.219447,-0.125112,-0.967569],[0.222644,0.959152,-0.17452]]],3],[1644,[-0.419938,-0.25885,-0.869855],164,47.6527,[43.7899,106.429,-30.8148],[45.9655,102.965,-31.1276],[1.47749,0.381046,1.23477],false,[41.7302,60.7431,40.756],[51.1996,89.6061,-4.73915],[56.6579,119.749,-17.9462],[48.9092,114.972,-33.9968],[45.0356,99.6476,-30.1776],[[[0.875132,-0.469799,-0.115899],[0.451862,0.707748,0.543059],[-0.173102,-0.527619,0.831657]],[[0.889253,-0.308861,-0.337393],[0.427147,0.296859,0.854061],[-0.163628,-0.903593,0.395912]],[[0.889253,-0.308861,-0.337393],[0.18133,0.915206,-0.359886],[0.419938,0.25885,0.869855]],[[0.889253,-0.308861,-0.337393],[-0.390495,-0.128481,-0.911596],[0.238208,0.942389,-0.23486]]],4]],[[0,200,0],[235.247,235.247,147.751]]]]}