{"metadata":{"formatVersion":2,"generatedBy":"LeapJS Playback 0.2.1","frames":2,"frameRate":"1.1e+2","modified":"Tue Jun 02 2015 20:49:06 GMT-0300 (E. South America Standard Time)","title":"e"},"frames":[["id","timestamp",{"hands":[["id","type","direction","palmNormal","palmPosition","palmVelocity","stabilizedPalmPosition","pinchStrength","grabStrength","confidence","armBasis","armWidth","elbow","wrist"]]},{"pointables":[["id","direction","handId","length","stabilizedTipPosition","tipPosition","tipVelocity","tool","carpPosition","mcpPosition","pipPosition","dipPosition","btipPosition","bases","type"]]},{"interactionBox":["center","size"]}],[356501,1296098500140,[[164,"right",[-0.09557,0.680892,-0.726122],[0.00563218,-0.729079,-0.684406],[13.595,80.8855,3.08164],[0.524024,9.30344,-15.6668],[8.78576,96.2994,20.0936],0.497072,1,0.467103,[[0.722267,0.580137,-0.376527],[0.0193819,0.527225,0.849505],[0.691343,-0.620867,0.369553]],60.1145,[201.7,-108.48,136.523],[25.5992,49.669,42.3894]]],[[1640,[-0.251387,0.50176,-0.827673],164,49.1675,[-24.0468,76.9962,-22.6479],[-21.8017,77.5547,-26.5392],[2.58139,12.2269,-8.1451],false,[-0.806288,38.1732,39.531],[-0.806288,38.1732,39.531],[-28.4287,63.3101,10.8448],[-36.5148,79.4499,-15.7784],[-18.4793,78.1668,-28.45],[[[0.376863,0.812938,0.443967],[-0.766319,0.00439447,0.642446],[0.520318,-0.582334,0.624626]],[[0.346229,0.845168,0.407206],[-0.732179,-0.0279442,0.680538],[0.586548,-0.533771,0.609139]],[[0.346229,0.845168,0.407206],[-0.903842,0.184198,0.386188],[0.251387,-0.50176,0.827673]],[[0.346229,0.845168,0.407206],[-0.461388,0.531333,-0.710498],[-0.816852,0.0581151,0.573913]]],0],[1641,[-0.0504531,-0.324148,-0.94466],164,55.48,[-24.0356,130.589,-22.7749],[-16.9096,113.244,-47.6913],[-5.80713,14.2613,-18.3824],false,[5.69907,59.0249,44.3251],[-12.1813,96.7897,-11.0953],[-18.1449,133.277,-27.7064],[-19.2953,125.885,-49.2472],[-17.1934,110.037,-47.1895],[[[0.965229,0.182835,-0.186826],[-0.0443377,0.818852,0.57229],[0.257617,-0.544108,0.798486]],[[0.988479,0.118944,-0.0936075],[0.03552,0.418882,0.907345],[0.147134,-0.900217,0.409831]],[[0.988479,0.118944,-0.0936075],[-0.142704,0.938499,-0.314412],[0.0504531,0.324148,0.94466]],[[0.988479,0.118944,-0.0936075],[-0.0768513,-0.138396,-0.987391],[-0.130399,0.983208,-0.12766]]],1],[1642,[-0.146517,-0.329946,-0.93256],164,63.215,[-6.61823,129.818,-35.6157],[4.08583,118.271,-52.9182],[3.24907,21.0288,-11.8721],false,[16.5767,62.7434,42.6535],[8.4795,99.7907,-11.1447],[8.41061,141.01,-30.3472],[4.47995,132.159,-55.3653],[3.79243,114.674,-52.5141],[[[0.984481,-0.0346483,-0.172035],[0.125151,0.825829,0.549858],[0.12302,-0.562855,0.817349]],[[0.98913,-0.060733,-0.133917],[0.147037,0.417894,0.896518],[0.00151495,-0.906463,0.422282]],[[0.98913,-0.060733,-0.133917],[0.0124517,0.942044,-0.335258],[0.146517,0.329946,0.93256]],[[0.98913,-0.060733,-0.133917],[-0.141839,-0.153885,-0.977855],[0.0387802,0.98622,-0.160827]]],2],[1643,[-0.189297,-0.307399,-0.932562],164,60.7829,[17.0847,119.293,-38.6111],[25.24,113.922,-47.0052],[18.3434,28.146,-10.0911],false,[27.9419,63.4809,40.5038],[29.5846,97.0799,-8.08326],[32.1727,135.512,-25.2006],[27.2255,127.478,-49.5727],[25.29,110.185,-46.7612],[[[0.9796,-0.179255,-0.0908384],[0.199026,0.80288,0.561937],[-0.0277974,-0.568552,0.822177]],[[0.978807,-0.134639,-0.154303],[0.195364,0.388011,0.900711],[-0.0613998,-0.911767,0.406092]],[[0.978807,-0.134639,-0.154303],[0.0781269,0.942007,-0.326371],[0.189297,0.307399,0.932562]],[[0.978807,-0.134639,-0.154303],[-0.172857,-0.139178,-0.975064],[0.109806,0.981072,-0.159502]]],3],[1644,[-0.338025,-0.253056,-0.906478],164,47.6527,[36.6941,106.336,-29.6009],[43.6548,104.073,-32.5448],[2.81026,32.932,1.38216],false,[39.3523,57.6163,36.5423],[48.4873,90.1372,-6.48671],[51.7341,121.338,-17.8328],[45.4968,116.669,-34.5592],[42.9479,100.863,-31.7084],[[[0.923358,-0.374032,-0.086661],[0.345723,0.71182,0.611382],[-0.16699,-0.594485,0.786576]],[[0.934627,-0.203352,-0.291753],[0.34205,0.289495,0.893976],[-0.0973306,-0.935329,0.340127]],[[0.934627,-0.203352,-0.291753],[0.110504,0.945839,-0.305251],[0.338025,0.253056,0.906478]],[[0.934627,-0.203352,-0.291753],[-0.31922,-0.118118,-0.940291],[0.156748,0.971955,-0.17531]]],4]],[[0,200,0],[235.247,235.247,147.751]]],[356502,1296098508797,[[164,"right",[-0.0954207,0.67975,-0.72721],[0.0156546,-0.729429,-0.683878],[13.5728,80.9357,2.7106],[-0.29645,8.37248,-22.8909],[8.78605,96.2985,20.0926],0.496412,1,0.419748,[[0.722837,0.58593,-0.366324],[0.0104677,0.520776,0.853629],[0.69094,-0.620869,0.370303]],60.1145,[201.526,-108.319,136.446],[25.5279,49.8302,42.1211]]],[[1640,[-0.247875,0.503442,-0.82771],164,49.1675,[-24.0239,77.0207,-22.6967],[-21.7869,77.6254,-26.7605],[2.61736,11.2968,-11.8236],false,[-0.773476,38.1424,39.0866],[-0.773476,38.1424,39.0866],[-28.5908,63.2457,10.5597],[-36.564,79.4396,-16.0647],[-18.4341,78.2679,-28.6118],[[[0.36789,0.815902,0.446051],[-0.770784,-0.000751426,0.637096],[0.520143,-0.57819,0.628608]],[[0.339963,0.845243,0.412298],[-0.731788,-0.0376049,0.680494],[0.590687,-0.533057,0.605755]],[[0.339963,0.845243,0.412298],[-0.907184,0.179192,0.380666],[0.247875,-0.503442,0.82771]],[[0.339963,0.845243,0.412298],[-0.45845,0.53174,-0.712093],[-0.821127,0.0530671,0.568274]]],0],[1641,[-0.0425716,-0.323381,-0.945311],164,55.48,[-24.0234,130.556,-22.8237],[-16.8774,113.092,-48.2857],[-3.08261,5.71851,-31.8278],false,[5.5478,59.0434,43.9123],[-12.2182,96.645,-11.6556],[-18.3718,133.094,-28.2819],[-19.3425,125.72,-49.8375],[-17.1293,109.885,-47.7888],[[[0.965163,0.189684,-0.180224],[-0.0542252,0.818853,0.571437],[0.255969,-0.541757,0.800612]],[[0.988039,0.126736,-0.0878508],[0.0270137,0.418637,0.907752],[0.151822,-0.899267,0.410206]],[[0.988039,0.126736,-0.0878508],[-0.148214,0.937743,-0.314118],[0.0425716,0.323381,0.945311]],[[0.988039,0.126736,-0.0878508],[-0.0701913,-0.137643,-0.987992],[-0.137306,0.98234,-0.1271]]],1],[1642,[-0.137701,-0.330772,-0.93361],164,63.215,[-6.44934,129.642,-35.9012],[4.17821,118.245,-53.3871],[5.22711,14.5956,-23.0226],false,[16.4097,62.8393,42.314],[8.42025,99.795,-11.5633],[8.18572,141.009,-30.7756],[4.49158,132.136,-55.8219],[3.9092,114.645,-52.983],[[[0.985879,-0.0276459,-0.165159],[0.115361,0.827039,0.55018],[0.121383,-0.561464,0.81855]],[[0.990441,-0.0536077,-0.12709],[0.137837,0.419117,0.897408],[0.00515759,-0.906348,0.4225]],[[0.990441,-0.0536077,-0.12709],[0.00801087,0.942187,-0.334992],[0.137701,0.330772,0.93361]],[[0.990441,-0.0536077,-0.12709],[-0.133965,-0.154425,-0.97888],[0.0328496,0.986549,-0.160131]]],2],[1643,[-0.178426,-0.308417,-0.934368],164,60.7829,[17.5864,119.01,-39.1272],[25.4511,114.048,-47.362],[20.7647,24.4081,-18.0406],false,[27.784,63.6575,40.243],[29.5225,97.2384,-8.35329],[32.0822,135.669,-25.479],[27.4191,127.609,-49.8982],[25.5409,110.305,-47.1139],[[[0.981476,-0.172235,-0.0839047],[0.189313,0.804631,0.562787],[-0.0294194,-0.568246,0.822332]],[[0.980963,-0.129731,-0.144502],[0.184454,0.38978,0.902246],[-0.0607251,-0.911725,0.406289]],[[0.980963,-0.129731,-0.144502],[0.0766493,0.942363,-0.325693],[0.178426,0.308417,0.934368]],[[0.980963,-0.129731,-0.144502],[-0.162347,-0.139557,-0.976815],[0.106557,0.981679,-0.157962]]],3],[1644,[-0.329934,-0.255735,-0.908704],164,47.6527,[36.9684,106.273,-29.7179],[43.7082,104.328,-32.7166],[3.58025,31.9244,-4.33306],false,[39.2636,57.873,36.3647],[48.4632,90.4332,-6.62076],[51.561,121.653,-17.9563],[45.4731,116.934,-34.7238],[43.0191,101.112,-31.8856],[[[0.926612,-0.367411,-0.0799924],[0.336316,0.714661,0.613311],[-0.16817,-0.595204,0.78578]],[[0.938062,-0.196649,-0.285251],[0.333789,0.292274,0.896192],[-0.0928642,-0.935898,0.339811]],[[0.938062,-0.196649,-0.285251],[0.105747,0.946535,-0.304777],[0.329934,0.255735,0.908704]],[[0.938062,-0.196649,-0.285251],[-0.311877,-0.120682,-0.942427],[0.150903,0.973018,-0.174537]]],4]],[[0,200,0],[235.247,235.247,147.751]]]]}