{"metadata":{"formatVersion":2,"generatedBy":"LeapJS Playback 0.2.1","frames":2,"frameRate":"1.1e+2","modified":"Tue Jun 02 2015 20:50:21 GMT-0300 (E. South America Standard Time)","title":"i"},"frames":[["id","timestamp",{"hands":[["id","type","direction","palmNormal","palmPosition","palmVelocity","stabilizedPalmPosition","pinchStrength","grabStrength","confidence","armBasis","armWidth","elbow","wrist"]]},{"pointables":[["id","direction","handId","length","stabilizedTipPosition","tipPosition","tipVelocity","tool","carpPosition","mcpPosition","pipPosition","dipPosition","btipPosition","bases","type"]]},{"interactionBox":["center","size"]}],[361025,1296148577402,[[165,"right",[-0.111492,0.993503,-0.0228484],[-0.372313,-0.0630764,-0.925961],[1.4768,101.859,27.1585],[3.43434,-3.57889,-4.47448],[-3.50962,98.5829,11.0947],0.836067,0,0.405516,[[0.860474,0.18622,-0.474243],[0.172573,0.769264,0.615184],[0.479378,-0.611191,0.629795]],60.1145,[137.409,-103.501,189.809],[15.3002,52.1834,29.3857]]],[[1650,[0.0948455,0.766097,-0.635688],165,49.1675,[-21.7621,106.372,-12.6172],[-18.5201,108.224,-11.3881],[-5.58124,-0.831631,-10.2447],false,[-12.914,45.7855,30.1623],[-12.914,45.7855,30.1623],[-35.8542,85.2709,18.6552],[-32.8034,109.913,-1.79257],[-14.632,107.864,-14.1658],[[[0.682014,0.288401,0.672072],[-0.531511,-0.435759,0.726368],[0.502347,-0.852607,-0.143905]],[[0.52412,0.504468,0.686157],[-0.698576,-0.206176,0.685188],[0.487124,-0.838453,0.244348]],[[0.52412,0.504468,0.686157],[-0.846347,0.398256,0.35368],[-0.0948455,-0.766097,0.635688]],[[0.52412,0.504468,0.686157],[-0.219008,0.858426,-0.463832],[-0.823003,0.0928299,0.5604]]],0],[1651,[0.170206,-0.985364,-0.00939751],165,55.48,[-30.3549,76.8988,1.94247],[-28.2745,87.3766,6.0031],[5.72414,-2.63443,-6.70729],false,[-0.160701,57.6993,44.1448],[-22.1566,123.183,37.4092],[-36.4052,119.209,-0.326582],[-32.524,96.7403,-0.540871],[-26.8584,84.5227,8.31628],[[[0.889586,0.260197,-0.375411],[0.328941,0.205304,0.921764],[0.316913,-0.943477,0.0970459]],[[0.917427,0.161938,-0.363461],[-0.186402,0.981919,-0.0330172],[0.351543,0.0980407,0.931024]],[[0.917427,0.161938,-0.363461],[-0.359663,-0.0532419,-0.931562],[-0.170206,0.985364,0.00939751]],[[0.917427,0.161938,-0.363461],[-0.186509,-0.631869,-0.7523],[-0.351486,0.757969,-0.549491]]],1],[1652,[0.145514,-0.988271,0.0463275],165,63.215,[-19.9597,75.8141,2.94791],[-15.5588,82.7466,1.09499],[5.66869,-2.96567,-6.58329],false,[10.4142,61.5434,41.2571],[-2.26529,125.384,31.462],[-24.8913,119.107,-7.47978],[-20.9875,92.5942,-6.23694],[-13.6025,79.7669,3.52154],[[[0.855026,0.0915,-0.51045],[0.481478,0.225574,0.846933],[0.192638,-0.96992,0.148816]],[[0.852974,0.101593,-0.511971],[-0.157672,0.985203,-0.067191],[0.497569,0.138036,0.856371]],[[0.852974,0.101593,-0.511971],[-0.50126,-0.114015,-0.857752],[-0.145514,0.988271,-0.0463275]],[[0.852974,0.101593,-0.511971],[-0.314508,-0.682772,-0.659475],[-0.416558,0.723534,-0.550434]]],2],[1653,[-0.0508028,-0.993202,0.104733],165,60.7829,[-6.70089,74.1876,0.681828],[-3.11608,80.7135,-0.74502],[5.9846,-3.64672,-4.62414],false,[20.5352,63.541,35.9743],[17.4106,121.291,23.8295],[-5.65368,117.022,-11.1929],[-6.98139,91.0655,-8.45573],[-1.96477,77.6467,1.81425],[[[0.83531,-0.0694958,-0.54537],[0.547231,0.200501,0.812612],[0.0528738,-0.977226,0.20551]],[[0.836543,-0.0996031,-0.538772],[0.0281993,0.989861,-0.139212],[0.547175,0.101264,0.83087]],[[0.836543,-0.0996031,-0.538772],[-0.545541,-0.0602428,-0.835916],[0.0508028,0.993202,-0.104733]],[[0.836543,-0.0996031,-0.538772],[-0.468185,-0.640734,-0.608492],[-0.284602,0.761274,-0.582635]]],3],[1654,[-0.083829,0.984387,-0.154773],165,47.6527,[30.482,170.053,-11.7896],[33.8657,177.102,9.82662],[7.23237,-5.03819,-2.93176],false,[28.4858,61.9655,25.2697],[33.5461,115.117,13.3608],[38.7769,147.859,17.0209],[37.2301,166.023,14.165],[32.5665,180.384,8.12792],[[[0.733837,-0.214299,-0.644639],[0.672998,0.100122,0.732837],[-0.0925035,-0.971623,0.217696]],[[0.73877,-0.0428376,-0.672594],[0.655462,-0.186526,0.731832],[-0.156806,-0.981516,-0.109721]],[[0.73877,-0.0428376,-0.672594],[0.668723,0.170724,0.723645],[0.083829,-0.984387,0.154773]],[[0.73877,-0.0428376,-0.672594],[0.609893,0.467164,0.640147],[0.286789,-0.883132,0.371253]]],4]],[[0,200,0],[235.247,235.247,147.751]]],[361026,1296148585855,[[165,"right",[-0.111379,0.993507,-0.023224],[-0.371951,-0.0633465,-0.926088],[1.49492,101.849,27.1183],[3.09839,-2.93276,-4.54634],[-3.50326,98.5871,11.1151],0.835636,0,0.406432,[[0.860689,0.186007,-0.473937],[0.172514,0.76926,0.615206],[0.479013,-0.611261,0.630005]],60.1145,[137.328,-103.529,189.844],[15.3122,52.1734,29.3676]]],[[1650,[0.094256,0.765892,-0.636023],165,49.1675,[-21.7607,106.373,-12.6166],[-18.5435,108.207,-11.4493],[-5.35055,-1.26987,-9.80123],false,[-12.9029,45.7788,30.1351],[-12.9029,45.7788,30.1351],[-35.8784,85.2333,18.5925],[-32.8465,109.869,-1.866],[-14.6707,107.849,-14.2377],[[[0.681777,0.288554,0.672247],[-0.531845,-0.435461,0.726302],[0.502315,-0.852707,-0.143421]],[[0.523208,0.505416,0.686154],[-0.698737,-0.206516,0.684921],[0.487872,-0.837798,0.245102]],[[0.523208,0.505416,0.686154],[-0.846976,0.397447,0.353083],[-0.094256,-0.765892,0.636023]],[[0.523208,0.505416,0.686154],[-0.22043,0.858013,-0.463923],[-0.823203,0.0914798,0.560328]]],0],[1651,[0.170283,-0.985357,-0.00867575],165,55.48,[-30.3527,76.9091,1.94673],[-28.2441,87.3632,5.96745],[5.18527,-2.32905,-6.05258],false,[-0.15392,57.6959,44.1187],[-22.1404,123.18,37.3525],[-36.3739,119.191,-0.387376],[-32.4909,96.7225,-0.585207],[-26.8282,84.512,8.28351],[[[0.889763,0.259979,-0.375145],[0.328596,0.205577,0.921826],[0.316776,-0.943477,0.0974864]],[[0.917577,0.161767,-0.363157],[-0.18636,0.981911,-0.0334815],[0.351172,0.0984,0.931126]],[[0.917577,0.161767,-0.363157],[-0.359243,-0.0538789,-0.931687],[-0.170283,0.985357,0.00867575]],[[0.917577,0.161767,-0.363157],[-0.186097,-0.63244,-0.751923],[-0.351312,0.75753,-0.550208]]],1],[1652,[0.145441,-0.988264,0.046709],165,63.215,[-19.9535,75.8233,2.94564],[-15.5297,82.7309,1.05558],[5.05698,-2.65524,-6.11568],false,[10.4225,61.5379,41.234],[-2.24643,125.376,31.4125],[-24.8579,119.089,-7.53611],[-20.9561,92.5769,-6.28303],[-13.5755,79.7526,3.48276],[[[0.855238,0.091241,-0.51014],[0.481165,0.225806,0.847049],[0.192478,-0.96989,0.149216]],[[0.853179,0.101377,-0.511673],[-0.157574,0.985194,-0.0675481],[0.497249,0.138257,0.856521]],[[0.853179,0.101377,-0.511673],[-0.500932,-0.114269,-0.85791],[-0.145441,0.988264,-0.046709]],[[0.853179,0.101377,-0.511673],[-0.314282,-0.682984,-0.659363],[-0.416309,0.723364,-0.550847]]],2],[1653,[-0.0509323,-0.993161,0.105053],165,60.7829,[-6.69217,74.2034,0.678773],[-3.08872,80.6956,-0.778948],[5.27466,-3.24509,-4.48437],false,[20.5458,63.5327,35.9545],[17.432,121.279,23.7892],[-5.61877,117.001,-11.2409],[-6.94987,91.0453,-8.49539],[-1.93843,77.6296,1.78124],[[[0.835519,-0.0697644,-0.545015],[0.546929,0.200715,0.812762],[0.0526906,-0.977163,0.205857]],[[0.836746,-0.0998618,-0.538408],[0.0283514,0.989813,-0.139525],[0.546856,0.101483,0.831053]],[[0.836746,-0.0998618,-0.538408],[-0.545217,-0.0604805,-0.836111],[0.0509323,0.993161,-0.105053]],[[0.836746,-0.0998618,-0.538408],[-0.468,-0.640907,-0.608452],[-0.284308,0.761095,-0.583012]]],3],[1654,[-0.0837709,0.984313,-0.155273],165,47.6527,[30.4882,170.067,-11.7478],[33.8916,177.083,9.76479],[6.1737,-4.3195,-4.03851],false,[28.5005,61.9528,25.2535],[33.5711,115.1,13.329],[38.8009,147.844,16.9762],[37.2552,166.006,14.1111],[32.5937,180.364,8.06518],[[[0.734071,-0.21459,-0.644275],[0.672717,0.100296,0.733071],[-0.092691,-0.971541,0.217983]],[[0.739034,-0.0431549,-0.672285],[0.655172,-0.1862,0.732174],[-0.156776,-0.981564,-0.109334]],[[0.739034,-0.0431549,-0.672285],[0.66844,0.17107,0.723826],[0.0837709,-0.984313,0.155273]],[[0.739034,-0.0431549,-0.672285],[0.609638,0.467479,0.640159],[0.286653,-0.88295,0.371792]]],4]],[[0,200,0],[235.247,235.247,147.751]]]]}