{"metadata":{"formatVersion":2,"generatedBy":"LeapJS Playback 0.2.1","frames":2,"frameRate":"1.1e+2","modified":"Tue Jun 02 2015 20:50:01 GMT-0300 (E. South America Standard Time)","title":"i"},"frames":[["id","timestamp",{"hands":[["id","type","direction","palmNormal","palmPosition","palmVelocity","stabilizedPalmPosition","pinchStrength","grabStrength","confidence","armBasis","armWidth","elbow","wrist"]]},{"pointables":[["id","direction","handId","length","stabilizedTipPosition","tipPosition","tipVelocity","tool","carpPosition","mcpPosition","pipPosition","dipPosition","btipPosition","bases","type"]]},{"interactionBox":["center","size"]}],[360805,1296146635144,[[165,"right",[-0.0867301,0.993882,-0.0683899],[-0.428394,-0.0991846,-0.898132],[3.03677,103.206,27.4924],[-1.84939,-0.859562,1.05029],[-5.4693,96.9306,4.00025],0.830249,0,0.431265,[[0.774325,0.195362,-0.601876],[0.219511,0.809158,0.545049],[0.593495,-0.554164,0.583666]],60.1145,[166.846,-87.8306,180.186],[15.6693,53.3274,31.5131]]],[[1650,[0.018148,0.73281,-0.680192],165,49.1675,[-22.4858,105.246,-13.7351],[-22.8534,109.236,-11.9511],[-0.413864,-2.20927,3.3409],false,[-12.6055,47.8012,34.2654],[-12.6055,47.8012,34.2654],[-36.6574,85.8869,20.5269],[-36.0737,109.459,-1.35236],[-19.0834,108.79,-15.4371],[[[0.728167,0.302207,0.615177],[-0.498417,-0.382631,0.77793],[0.470482,-0.873078,-0.127994]],[[0.539376,0.565646,0.623794],[-0.669498,-0.161239,0.725104],[0.510731,-0.808732,0.29173]],[[0.539376,0.565646,0.623794],[-0.841869,0.3782,0.384995],[-0.018148,-0.73281,0.680192]],[[0.539376,0.565646,0.623794],[-0.341946,0.824092,-0.451602],[-0.76951,0.0302794,0.637916]]],0],[1651,[0.138393,-0.990368,-0.00435254],165,55.48,[-30.7048,72.2226,-0.277889],[-28.0997,88.8342,7.76158],[-1.22379,-1.2356,4.2382],false,[1.26518,60.0339,46.8377],[-19.3795,125.703,37.9691],[-36.1014,120.842,1.36927],[-32.9456,98.2588,1.27002],[-27.095,85.9694,9.90464],[[[0.87209,0.214782,-0.439691],[0.38857,0.242217,0.889013],[0.297445,-0.94615,0.127777]],[[0.895708,0.127038,-0.426108],[-0.16582,0.98462,-0.0550163],[0.412565,0.119936,0.902998]],[[0.895708,0.127038,-0.426108],[-0.422557,-0.0550716,-0.904662],[-0.138393,0.990368,0.00435254]],[[0.895708,0.127038,-0.426108],[-0.256824,-0.634482,-0.729022],[-0.362971,0.762426,-0.535685]]],1],[1652,[0.111453,-0.992999,0.0391192],165,63.215,[-21.0128,72.9442,3.33002],[-16.5116,83.6324,1.73058],[1.63837,-1.22626,2.98671],false,[11.7456,63.4169,43.1416],[0.1723,127.019,30.7668],[-25.102,120.404,-6.45214],[-22.112,93.7642,-5.40268],[-14.5799,80.6463,3.84367],[[[0.825152,0.0405189,-0.563455],[0.536849,0.25421,0.804469],[0.175832,-0.9663,0.188009]],[[0.81949,0.0695688,-0.568856],[-0.139696,0.986913,-0.08055],[0.555807,0.145477,0.818483]],[[0.81949,0.0695688,-0.568856],[-0.562152,-0.0954587,-0.821506],[-0.111453,0.992999,-0.0391192]],[[0.81949,0.0695688,-0.568856],[-0.384628,-0.669082,-0.635918],[-0.424851,0.739926,-0.521547]]],2],[1653,[-0.0506979,-0.989597,0.134637],165,60.7829,[-8.19399,69.9317,1.23621],[-3.30858,80.6847,-0.0510866],[-0.367996,-1.10322,4.08737],false,[21.5821,64.848,37.1811],[19.2445,121.972,22.227],[-6.07639,116.644,-11.0477],[-7.40135,90.7811,-7.52899],[-1.84988,77.5616,2.7243],[[[0.7992,-0.121401,-0.588677],[0.599762,0.225522,0.767741],[0.039555,-0.966644,0.253049]],[[0.799186,-0.121047,-0.58877],[0.0211237,0.984564,-0.173746],[0.600713,0.126418,0.789406]],[[0.799186,-0.121047,-0.58877],[-0.598942,-0.0777509,-0.797009],[0.0506979,0.989597,-0.134637]],[[0.799186,-0.121047,-0.58877],[-0.511969,-0.650307,-0.561239],[-0.314945,0.749966,-0.581688]]],3],[1654,[-0.0556616,0.980624,-0.187825],165,47.6527,[29.0457,166.025,-22.731],[36.9824,176.594,5.22127],[-3.0808,-0.248051,1.27863],false,[28.8363,62.4998,26.1291],[34.5606,114.808,11.1748],[41.1655,147.444,13.1958],[40.1385,165.538,9.73007],[35.6867,179.853,3.42885],[[[0.688249,-0.268047,-0.674139],[0.717888,0.117602,0.686154],[-0.104641,-0.956201,0.273367]],[[0.695944,-0.0967839,-0.711544],[0.69026,-0.183047,0.700025],[-0.197997,-0.978328,-0.0605848]],[[0.695944,-0.0967839,-0.711544],[0.715935,0.170322,0.677073],[0.0556616,-0.980624,0.187825]],[[0.695944,-0.0967839,-0.711544],[0.663866,0.464465,0.586135],[0.273759,-0.880287,0.387493]]],4]],[[0,200,0],[235.247,235.247,147.751]]],[360806,1296146643266,[[165,"right",[-0.0869161,0.993889,-0.0680432],[-0.428436,-0.0989548,-0.898137],[3.0312,103.179,27.501],[-1.55665,-1.50802,1.05393],[-5.44373,96.9494,4.07094],0.83102,0,0.427652,[[0.774449,0.195591,-0.601642],[0.219501,0.808855,0.545502],[0.593336,-0.554525,0.583485]],60.1145,[166.809,-87.9495,180.13],[15.6731,53.3004,31.5038]]],[[1650,[0.0179801,0.733277,-0.679692],165,49.1675,[-22.486,105.247,-13.7344],[-22.8477,109.193,-11.923],[0.422723,-2.96747,4.05377],false,[-12.6005,47.7681,34.2561],[-12.6005,47.7681,34.2561],[-36.643,85.8683,20.5414],[-36.0647,109.455,-1.3218],[-19.0554,108.736,-15.3811],[[[0.728154,0.302129,0.615232],[-0.498294,-0.382989,0.777832],[0.470632,-0.872948,-0.128325]],[[0.539661,0.565158,0.623989],[-0.66942,-0.161403,0.725138],[0.510531,-0.80904,0.291225]],[[0.539661,0.565158,0.623989],[-0.84169,0.378023,0.385559],[-0.0179801,-0.733277,0.679692]],[[0.539661,0.565158,0.623989],[-0.33955,0.82434,-0.452956],[-0.770371,0.0325671,0.636764]]],0],[1651,[0.138512,-0.990351,-0.00435337],165,55.48,[-30.7043,72.2266,-0.275871],[-28.1101,88.8089,7.77731],[-1.0869,-1.65365,3.73304],false,[1.2688,59.999,46.8316],[-19.3885,125.667,37.987],[-36.1111,120.816,1.38614],[-32.9526,98.2337,1.28687],[-27.1,85.9463,9.92313],[[[0.872021,0.215092,-0.439677],[0.388586,0.241983,0.88907],[0.297626,-0.946139,0.127432]],[[0.895701,0.127148,-0.42609],[-0.165814,0.984636,-0.0547442],[0.412583,0.119686,0.903023]],[[0.895701,0.127148,-0.42609],[-0.422533,-0.0551195,-0.90467],[-0.138512,0.990351,0.00435337]],[[0.895701,0.127148,-0.42609],[-0.256685,-0.634612,-0.728958],[-0.363087,0.7623,-0.535786]]],1],[1652,[0.112007,-0.992939,0.0390697],165,63.215,[-21.0109,72.9484,3.32938],[-16.5028,83.6105,1.74124],[1.55672,-1.61438,2.72729],false,[11.7484,63.3852,43.136],[0.162609,126.989,30.7838],[-25.1126,120.376,-6.43478],[-22.1078,93.738,-5.38665],[-14.5673,80.6249,3.85951],[[[0.825107,0.0408627,-0.563497],[0.536857,0.254032,0.80452],[0.176021,-0.966332,0.187666]],[[0.819411,0.0700468,-0.568911],[-0.140072,0.986885,-0.0802385],[0.555829,0.145437,0.818475]],[[0.819411,0.0700468,-0.568911],[-0.562157,-0.0957359,-0.821471],[-0.112007,0.992939,-0.0390697]],[[0.819411,0.0700468,-0.568911],[-0.384268,-0.669326,-0.635877],[-0.425328,0.739659,-0.521536]]],2],[1653,[-0.0503065,-0.989568,0.134999],165,60.7829,[-8.19299,69.9338,1.23604],[-3.30235,80.6628,-0.0235361],[-0.104671,-1.46093,3.93901],false,[21.5842,64.8201,37.1753],[19.2352,121.949,22.241],[-6.08633,116.617,-11.0327],[-7.40107,90.7553,-7.50455],[-1.8428,77.5426,2.75389],[[[0.799183,-0.121054,-0.588773],[0.599773,0.225368,0.767777],[0.0397485,-0.966724,0.252715]],[[0.799178,-0.120953,-0.588799],[0.0209959,0.984565,-0.173755],[0.600727,0.126499,0.789383]],[[0.799178,-0.120953,-0.588799],[-0.598985,-0.0782681,-0.796926],[0.0503065,0.989568,-0.134999]],[[0.799178,-0.120953,-0.588799],[-0.511743,-0.650772,-0.560906],[-0.315331,0.749577,-0.58198]]],3],[1654,[-0.0558681,0.980674,-0.187503],165,47.6527,[29.0621,166.048,-22.6717],[36.9601,176.579,5.25049],[-2.96557,-0.624216,1.90227],false,[28.8381,62.4771,26.1221],[34.5519,114.791,11.1853],[41.1506,147.428,13.2166],[40.1197,165.523,9.75679],[35.6647,179.839,3.46051],[[[0.688252,-0.26769,-0.674278],[0.717913,0.117497,0.686145],[-0.104448,-0.956314,0.273046]],[[0.695914,-0.0964154,-0.711624],[0.690343,-0.183144,0.699917],[-0.197813,-0.978347,-0.060893]],[[0.695914,-0.0964154,-0.711624],[0.715949,0.170243,0.677078],[0.0558681,-0.980674,0.187503]],[[0.695914,-0.0964154,-0.711624],[0.663814,0.464409,0.586239],[0.273962,-0.880357,0.38719]]],4]],[[0,200,0],[235.247,235.247,147.751]]]]}