{"metadata":{"formatVersion":2,"generatedBy":"LeapJS Playback 0.2.1","frames":179,"frameRate":"1.1e+2","modified":"Tue Jun 02 2015 20:51:31 GMT-0300 (E. South America Standard Time)","title":"j-2"},"frames":[["id","timestamp",{"hands":[["id","type","direction","palmNormal","palmPosition","palmVelocity","stabilizedPalmPosition","pinchStrength","grabStrength","confidence","armBasis","armWidth","elbow","wrist"]]},{"pointables":[["id","direction","handId","length","stabilizedTipPosition","tipPosition","tipVelocity","tool","carpPosition","mcpPosition","pipPosition","dipPosition","btipPosition","bases","type"]]},{"interactionBox":["center","size"]}],[367827,1296222233358,[[168,"right",[-0.724013,0.044043,-0.688378],[-0.341274,0.844388,0.412966],[7.07227,83.8023,-6.22792],[-28.2879,5.90119,24.7481],[10.1736,82.6531,0.856234],1,0,0.615105,[[-0.641905,-0.51815,0.565225],[0.131066,-0.800431,-0.58492],[0.7555,-0.301382,0.581712]],60.0998,[233.424,-2.47002,179.576],[41.0285,74.2799,31.4373]]],[[1680,[-0.82037,0.48583,-0.301602],168,49.1554,[-21.4221,143.849,-7.71442],[-23.4879,143.516,-6.05107],[-47.9738,-4.0793,34.7281],false,[56.0071,97.0953,21.8317],[56.0071,97.0953,21.8317],[17.206,119.824,7.88323],[-9.17583,135.448,-1.81583],[-27.8245,145.703,-7.67265],[[[-0.0772491,-0.961497,-0.263736],[0.917611,0.034884,-0.395947],[0.389902,-0.272594,0.879585]],[[-0.230933,-0.763981,-0.602498],[0.517195,0.428116,-0.741098],[0.824124,-0.482752,0.296261]],[[-0.230933,-0.763981,-0.602498],[0.523129,0.424621,-0.738941],[0.82037,-0.48583,0.301602]],[[-0.230933,-0.763981,-0.602498],[0.482635,0.447734,-0.752727],[0.844828,-0.464616,0.265327]]],0],[1681,[0.231113,0.563888,0.792854],168,55.4664,[-7.89365,139.501,-8.27041],[-8.53889,139.753,-9.16532],[-48.0028,0.418277,21.8521],false,[50.4338,77.9056,11.8043],[4.84965,95.7283,-37.3829],[-21.4945,126.481,-35.8904],[-16.2258,139.336,-17.8155],[-5.48102,139.836,-5.81591],[[[-0.7125,-0.518944,0.472272],[0.246553,-0.815307,-0.523914],[0.656929,-0.256848,0.708854]],[[-0.61041,-0.550537,0.56948],[-0.452475,-0.347752,-0.821179],[0.650128,-0.758932,-0.0368332]],[[-0.61041,-0.550537,0.56948],[-0.757619,0.61558,-0.216966],[-0.231113,-0.563888,-0.792854]],[[-0.61041,-0.550537,0.56948],[-0.427586,0.834236,0.348169],[-0.666761,-0.030976,-0.744628]]],1],[1682,[0.44691,0.514121,0.732087],168,63.1996,[-10.2418,137.579,2.19941],[-7.72154,136.179,5.98776],[27.7395,-15.8769,70.1505],false,[42.2789,70.7772,15.9951],[-6.98296,82.9217,-25.9092],[-28.5532,122.719,-21.7064],[-16.5667,136.508,-2.07124],[-3.379,135.681,9.742],[[[-0.648718,-0.40223,0.646047],[0.13691,-0.896745,-0.420838],[0.748613,-0.184555,0.636803]],[[-0.623177,-0.408208,0.667096],[-0.621716,-0.258905,-0.739214],[0.474468,-0.875405,-0.0924461]],[[-0.623177,-0.408208,0.667096],[-0.641812,0.754351,-0.137956],[-0.44691,-0.514121,-0.732087]],[[-0.623177,-0.408208,0.667096],[-0.240934,0.911695,0.332811],[-0.744044,0.0466742,-0.666498]]],2],[1683,[0.514192,0.598301,0.614526],168,60.7681,[-14.9569,124.915,12.8037],[-12.6758,124.421,16.3926],[34.093,-6.09206,64.0729],false,[34.336,65.5207,22.5941],[-14.9343,71.648,-9.4289],[-35.8873,108.088,-6.42687],[-22.4524,123.72,9.62955],[-7.90086,124.436,19.5437],[[[-0.539945,-0.356252,0.76259],[0.114007,-0.928617,-0.353091],[0.833944,-0.10371,0.542017]],[[-0.513294,-0.359354,0.779355],[-0.699508,-0.350937,-0.62252],[0.49721,-0.864701,-0.0712374]],[[-0.513294,-0.359354,0.779355],[-0.687121,0.716171,-0.122327],[-0.514192,-0.598301,-0.614526]],[[-0.513294,-0.359354,0.779355],[-0.233845,0.932316,0.27587],[-0.82574,-0.0406457,-0.562585]]],3],[1684,[-0.838491,0.302993,-0.452911],168,47.641,[-71.3043,84.0673,-25.5617],[-75.104,82.9435,-21.8452],[-67.077,-72.9896,112.993],false,[26.8089,65.3917,33.7081],[-21.6805,65.0198,8.41535],[-50.0776,71.1905,-7.94846],[-65.5457,76.78,-16.3036],[-78.8778,83.1044,-23.1273],[[[-0.451161,-0.207496,0.867985],[0.101864,-0.978212,-0.1809],[0.88661,0.0068011,0.462468]],[[-0.521872,-0.207361,0.827437],[-0.0513552,-0.960607,-0.273124],[0.851477,-0.185029,0.490664]],[[-0.521872,-0.207361,0.827437],[-0.156792,-0.930159,-0.331994],[0.838491,-0.302993,0.452911]],[[-0.521872,-0.207361,0.827437],[-0.234848,-0.897592,-0.373063],[0.820059,-0.389012,0.419729]]],4]],[[0,200,0],[235.247,235.247,147.751]]],[367828,1296222241529,[[168,"right",[-0.728317,0.0418948,-0.683958],[-0.34169,0.842982,0.415487],[6.89442,83.9522,-5.99479],[-26.639,9.04609,25.7047],[10.0996,82.6823,0.701786],1,0,0.615802,[[-0.643686,-0.517941,0.563387],[0.13136,-0.800026,-0.585408],[0.753931,-0.302813,0.583003]],60.0998,[233.107,-2.58664,179.927],[41.1109,74.5277,31.4589]]],[[1680,[-0.823865,0.48313,-0.296364],168,49.1554,[-21.626,143.812,-7.56425],[-23.8711,143.558,-5.60169],[-47.7334,-1.72809,39.8881],false,[55.9519,97.3999,21.7753],[55.9519,97.3999,21.7753],[16.9885,120.001,8.07414],[-9.50574,135.538,-1.45647],[-28.225,145.732,-7.19488],[[[-0.0755136,-0.96162,-0.26379],[0.915069,0.0382742,-0.401476],[0.396164,-0.271703,0.877059]],[[-0.231925,-0.764468,-0.601498],[0.511211,0.43029,-0.743985],[0.827571,-0.480041,0.291009]],[[-0.231925,-0.764468,-0.601498],[0.517162,0.426819,-0.741868],[0.823865,-0.48313,0.296364]],[[-0.231925,-0.764468,-0.601498],[0.476516,0.449792,-0.755394],[0.848023,-0.461818,0.259963]]],0],[1681,[0.234035,0.56421,0.791767],168,55.4664,[-7.90791,139.512,-8.26869],[-8.91949,139.849,-8.79874],[-47.6677,3.34812,27.4186],false,[50.3846,78.1964,11.7714],[4.44187,95.8868,-37.1292],[-21.9974,126.549,-35.4567],[-16.662,139.411,-17.4067],[-5.84604,139.941,-5.4725],[[[-0.707825,-0.52166,0.476293],[0.246199,-0.814171,-0.525843],[0.662095,-0.254942,0.704723]],[[-0.605031,-0.552953,0.572871],[-0.456306,-0.348811,-0.818606],[0.652474,-0.756686,-0.0412742]],[[-0.605031,-0.552953,0.572871],[-0.761029,0.613115,-0.211954],[-0.234035,-0.56421,-0.791767]],[[-0.605031,-0.552953,0.572871],[-0.428317,0.832565,0.351256],[-0.67118,-0.0328495,-0.740566]]],1],[1682,[0.458654,0.504778,0.731324],168,63.1996,[-10.2173,137.568,2.23207],[-7.3881,136.059,6.77507],[32.873,-16.3345,77.4265],false,[42.2799,71.0376,16.0076],[-7.2766,83.0332,-25.5911],[-28.5658,122.912,-20.7693],[-16.2643,136.45,-1.15461],[-2.95947,135.511,10.518],[[[-0.643396,-0.404817,0.649742],[0.137465,-0.896043,-0.422151],[0.75309,-0.182293,0.632158]],[[-0.617507,-0.410762,0.670791],[-0.631976,-0.248629,-0.734023],[0.468287,-0.877188,-0.106062]],[[-0.617507,-0.410762,0.670791],[-0.639001,0.759259,-0.123306],[-0.458654,-0.504778,-0.731324]],[[-0.617507,-0.410762,0.670791],[-0.234954,0.9102,0.341075],[-0.750655,0.0530109,-0.658565]]],2],[1683,[0.518185,0.597277,0.612164],168,60.7681,[-14.9312,124.911,12.8377],[-12.6506,124.454,16.8849],[25.4816,-3.47252,62.1885],false,[34.3954,65.75,22.6516],[-15.0889,71.7233,-9.06913],[-36.042,108.142,-5.82723],[-22.5028,123.748,10.1675],[-7.8855,124.473,19.9838],[[[-0.53408,-0.358523,0.76565],[0.115082,-0.92803,-0.354284],[0.837565,-0.101103,0.536901]],[[-0.507367,-0.361537,0.782221],[-0.703818,-0.349898,-0.618233],[0.497211,-0.864212,-0.0769295]],[[-0.507367,-0.361537,0.782221],[-0.688522,0.715927,-0.115695],[-0.518185,-0.597276,-0.612164]],[[-0.507367,-0.361537,0.782221],[-0.233583,0.931449,0.279001],[-0.829468,-0.0411574,-0.557036]]],3],[1684,[-0.84488,0.295538,-0.445908],168,47.641,[-71.7262,83.8183,-25.1464],[-75.5334,82.4657,-21.0119],[-63.0439,-69.6776,110.532],false,[26.9362,65.5891,33.8109],[-21.7039,65.0623,8.812],[-50.2983,70.9083,-7.32594],[-65.8843,76.3603,-15.5519],[-79.3192,82.5943,-22.2562],[[[-0.445175,-0.209517,0.870587],[0.104154,-0.977758,-0.182049],[0.889366,0.00963171,0.457095]],[[-0.512735,-0.209633,0.83256],[-0.0445005,-0.961939,-0.269616],[0.857393,-0.175291,0.483891]],[[-0.512735,-0.209633,0.83256],[-0.152576,-0.932047,-0.328648],[0.84488,-0.295538,0.445908]],[[-0.512735,-0.209633,0.83256],[-0.232797,-0.899455,-0.369846],[0.826383,-0.38345,0.412381]]],4]],[[0,200,0],[235.247,235.247,147.751]]],[367829,1296222250592,[[168,"right",[-0.733237,0.0365173,-0.678992],[-0.343846,0.841566,0.416577],[6.60906,84.15,-5.6805],[-27.9777,12.5751,28.1833],[10.0192,82.7162,0.554715],1,0,0.615884,[[-0.645631,-0.51726,0.561785],[0.130804,-0.799693,-0.585987],[0.752363,-0.304848,0.583967]],60.0998,[232.735,-2.64626,180.264],[41.1377,74.9864,31.5508]]],[[1680,[-0.828754,0.477755,-0.291405],168,49.1554,[-21.8744,143.777,-7.38402],[-24.5082,143.571,-5.16579],[-53.9877,-0.865336,42.2057],false,[55.7752,97.9317,21.7314],[55.7752,97.9317,21.7314],[16.5845,120.279,8.26475],[-10.067,135.643,-1.10639],[-28.8857,145.717,-6.7312],[[[-0.0715913,-0.962453,-0.261837],[0.912044,0.0431063,-0.407819],[0.403794,-0.268003,0.874714]],[[-0.231488,-0.766759,-0.598743],[0.503511,0.432182,-0.748128],[0.8324,-0.474656,0.286027]],[[-0.231488,-0.766759,-0.598743],[0.509489,0.428755,-0.74605],[0.828754,-0.477755,0.291405]],[[-0.231488,-0.766759,-0.598743],[0.468627,0.451458,-0.759325],[0.852527,-0.456361,0.254817]]],0],[1681,[0.23619,0.566738,0.789318],168,55.4664,[-7.94418,139.526,-8.25523],[-9.5474,139.947,-8.44966],[-53.6608,5.53691,30.2127],false,[50.2538,78.6801,11.7945],[3.87152,96.0223,-36.815],[-22.736,126.53,-35.0022],[-17.3515,139.45,-17.008],[-6.45653,140.062,-5.1498],[[[-0.701413,-0.525136,0.481925],[0.247428,-0.813493,-0.526316],[0.66843,-0.249923,0.700528]],[[-0.597764,-0.555671,0.577848],[-0.459914,-0.352688,-0.814918],[0.656626,-0.752889,-0.0447364]],[[-0.597764,-0.555671,0.577848],[-0.766089,0.608308,-0.207532],[-0.23619,-0.566738,-0.789318]],[[-0.597764,-0.555671,0.577848],[-0.430804,0.830537,0.35301],[-0.676081,-0.0379226,-0.735851]]],1],[1682,[0.469322,0.498573,0.728808],168,63.1996,[-10.1961,137.558,2.26315],[-7.27644,135.981,7.53758],[28.2923,-14.601,79.2761],false,[42.2213,71.4797,16.097],[-7.69056,83.1168,-25.1774],[-28.801,123.023,-19.825],[-16.2134,136.395,-0.277801],[-2.78296,135.409,11.2463],[[[-0.636491,-0.407647,0.654754],[0.139899,-0.895852,-0.421756],[0.75849,-0.176845,0.627231]],[[-0.610218,-0.413448,0.675792],[-0.64188,-0.241964,-0.727629],[0.464354,-0.877789,-0.117734]],[[-0.610218,-0.413448,0.675792],[-0.638256,0.761896,-0.110198],[-0.469322,-0.498573,-0.728808]],[[-0.610218,-0.413448,0.675792],[-0.231226,0.908827,0.347229],[-0.757739,0.0556247,-0.650182]]],2],[1683,[0.520824,0.59918,0.608051],168,60.7681,[-14.9128,124.908,12.8662],[-12.8362,124.539,17.3759],[11.9808,0.312072,59.0255],false,[34.4143,66.1555,22.803],[-15.3216,71.7858,-8.58535],[-36.3768,108.13,-5.17494],[-22.7686,123.786,10.7123],[-8.08148,124.582,20.4183],[[[-0.526659,-0.360527,0.769838],[0.118175,-0.927868,-0.35369],[0.841823,-0.0952983,0.531275]],[[-0.499859,-0.363352,0.786204],[-0.707465,-0.352361,-0.612645],[0.499634,-0.862448,-0.0809281]],[[-0.499859,-0.363352,0.786204],[-0.692014,0.713413,-0.110263],[-0.520824,-0.59918,-0.608051]],[[-0.499859,-0.363352,0.786204],[-0.235658,0.930555,0.280237],[-0.833431,-0.0451961,-0.550773]]],3],[1684,[-0.852442,0.284489,-0.438644],168,47.641,[-72.1695,83.5213,-24.6672],[-76.0818,81.7621,-20.0144],[-61.8021,-72.1978,110.781],false,[27.033,65.9672,34.0136],[-21.7738,65.1129,9.35074],[-50.5924,70.5109,-6.54237],[-66.3179,75.759,-14.6343],[-79.8788,81.8464,-21.2187],[[[-0.437925,-0.210834,0.87394],[0.108727,-0.977397,-0.18131],[0.892413,0.0156206,0.45095]],[[-0.50207,-0.211412,0.838588],[-0.0349838,-0.963902,-0.263949],[0.864119,-0.161858,0.47655]],[[-0.50207,-0.211412,0.838588],[-0.145835,-0.935078,-0.32305],[0.852442,-0.284489,0.438644]],[[-0.50207,-0.211412,0.838588],[-0.228372,-0.902832,-0.364336],[0.834129,-0.374432,0.405005]]],4]],[[0,200,0],[235.247,235.247,147.751]]],[367830,1296222258960,[[168,"right",[-0.737454,0.0298296,-0.674738],[-0.347536,0.839855,0.416969],[6.42789,84.3311,-5.48224],[-26.345,14.9148,27.0246],[9.94741,82.7484,0.434049],1,0,0.617157,[[-0.647509,-0.517061,0.559803],[0.130745,-0.799079,-0.586838],[0.750758,-0.306791,0.585014]],60.0998,[232.429,-2.63453,180.543],[41.2403,75.493,31.563]]],[[1680,[-0.833924,0.47111,-0.287447],168,49.1554,[-22.1293,143.744,-7.21274],[-25.1195,143.523,-4.90056],[-58.915,-2.12938,39.5425],false,[55.652,98.5251,21.6135],[55.652,98.5251,21.6135],[16.2206,120.559,8.33413],[-10.5971,135.709,-0.909741],[-29.5215,145.634,-6.44343],[[[-0.0660916,-0.963464,-0.259556],[0.909298,0.0489553,-0.413257],[0.410865,-0.263327,0.87284]],[[-0.229382,-0.769614,-0.595884],[0.495943,0.434362,-0.751911],[0.837511,-0.468,0.28205]],[[-0.229382,-0.769614,-0.595884],[0.501951,0.430987,-0.749864],[0.833924,-0.47111,0.287447]],[[-0.229382,-0.769614,-0.595884],[0.460856,0.453359,-0.76294],[0.857319,-0.449622,0.250689]]],0],[1681,[0.236745,0.569946,0.786838],168,55.4664,[-7.99508,139.54,-8.23746],[-10.1435,140.003,-8.25605],[-58.224,5.99314,28.1474],false,[50.2132,79.2142,11.7464],[3.42111,96.1217,-36.6229],[-23.3958,126.44,-34.7091],[-17.9987,139.433,-16.7714],[-7.03856,140.146,-4.97912],[[[-0.694719,-0.529289,0.487052],[0.250274,-0.812701,-0.526193],[0.674336,-0.24366,0.697066]],[[-0.590281,-0.558879,0.582428],[-0.462167,-0.357568,-0.811509],[0.661793,-0.748197,-0.04723]],[[-0.590281,-0.558879,0.582428],[-0.7717,0.602342,-0.204116],[-0.236745,-0.569946,-0.786838]],[[-0.590281,-0.558879,0.582428],[-0.434744,0.828067,0.35398],[-0.680122,-0.0442598,-0.731762]]],1],[1682,[0.478517,0.493067,0.726572],168,63.1996,[-10.1802,137.551,2.28752],[-7.1361,135.87,8.14056],[26.6874,-14.6694,77.697],false,[42.2589,71.9638,16.1099],[-7.97791,83.1552,-24.8927],[-28.9472,123.067,-19.0518],[-16.113,136.292,0.435427],[-2.57308,135.278,11.8282],[[[-0.629644,-0.410989,0.659269],[0.143965,-0.895636,-0.420844],[0.763428,-0.170071,0.6231]],[[-0.60337,-0.416524,0.680039],[-0.650534,-0.236147,-0.721831],[0.46125,-0.877919,-0.128479]],[[-0.60337,-0.416524,0.680039],[-0.63794,0.763801,-0.0981877],[-0.478517,-0.493067,-0.726572]],[[-0.60337,-0.416524,0.680039],[-0.228858,0.907325,0.352682],[-0.763917,0.0571648,-0.642778]]],2],[1683,[0.525756,0.598033,0.604928],168,60.7681,[-14.9004,124.906,12.8864],[-12.7823,124.528,17.8169],[11.178,-0.48986,57.1397],false,[34.5304,66.5961,22.8719],[-15.4285,71.8016,-8.23427],[-36.4877,108.119,-4.57325],[-22.7506,123.745,11.2324],[-7.99046,124.564,20.825],[[[-0.519486,-0.362842,0.773615],[0.122875,-0.927676,-0.35259],[0.845598,-0.0881078,0.526499]],[[-0.4929,-0.36541,0.789636],[-0.712265,-0.351783,-0.607394],[0.499729,-0.861814,-0.086875]],[[-0.4929,-0.36541,0.789636],[-0.693275,0.713324,-0.102654],[-0.525756,-0.598033,-0.604928]],[[-0.4929,-0.36541,0.789636],[-0.235615,0.929685,0.283145],[-0.837577,-0.0464878,-0.544338]]],3],[1684,[-0.859853,0.271496,-0.43237],168,47.641,[-72.562,83.2106,-24.2125],[-76.4943,80.9102,-19.2111],[-58.0884,-80.4824,107.299],false,[27.2166,66.376,34.126],[-21.7264,65.1171,9.75227],[-50.7532,70.019,-5.92127],[-66.6154,75.0274,-13.8974],[-80.3051,80.9314,-20.3814],[[[-0.431239,-0.212301,0.876904],[0.1148,-0.976933,-0.180063],[0.894904,0.0230189,0.445664]],[[-0.49184,-0.213382,0.844133],[-0.0237908,-0.965849,-0.258012],[0.87036,-0.146983,0.469967]],[[-0.49184,-0.213382,0.844133],[-0.136919,-0.938487,-0.31701],[0.859853,-0.271496,0.43237]],[[-0.49184,-0.213382,0.844133],[-0.221443,-0.906968,-0.358291],[0.842055,-0.36315,0.398831]]],4]],[[0,200,0],[235.247,235.247,147.751]]],[367831,1296222267557,[[168,"right",[-0.742641,0.0226631,-0.669306],[-0.350169,0.838775,0.416939],[6.2984,84.6941,-5.43021],[-23.3656,22.1264,21.486],[9.87193,82.7887,0.312742],1,0,0.620848,[[-0.650806,-0.515053,0.557828],[0.129806,-0.799378,-0.586639],[0.748065,-0.309379,0.587097]],60.0998,[231.948,-2.57565,180.892],[41.4452,76.2109,31.3815]]],[[1680,[-0.839254,0.464484,-0.282679],168,49.1554,[-22.4195,143.724,-7.03834],[-25.6489,143.67,-4.79859],[-59.6414,2.91176,32.2909],false,[55.6243,99.3093,21.2532],[55.6243,99.3093,21.2532],[15.9452,121.031,8.19971],[-11.044,135.969,-0.890826],[-30.0766,145.746,-6.31418],[[[-0.0614194,-0.964707,-0.256061],[0.905841,0.0538565,-0.420181],[0.419142,-0.257758,0.870563]],[[-0.228528,-0.773048,-0.591753],[0.487347,0.435354,-0.756941],[0.842774,-0.461371,0.277253]],[[-0.228528,-0.773048,-0.591753],[0.493385,0.432031,-0.754931],[0.839254,-0.464484,0.282679]],[[-0.228528,-0.773048,-0.591753],[0.452053,0.454074,-0.767766],[0.86222,-0.442959,0.24569]]],0],[1681,[0.238761,0.573977,0.78329],168,55.4664,[-8.06426,139.563,-8.21929],[-10.6656,140.242,-8.24531],[-58.8947,11.9322,20.7747],false,[50.2447,79.9307,11.487],[2.97929,96.3655,-36.5841],[-24.0279,126.507,-34.5609],[-18.5848,139.592,-16.7041],[-7.5419,140.417,-4.99666],[[[-0.687433,-0.532478,0.493865],[0.251913,-0.812632,-0.525518],[0.681157,-0.236848,0.692768]],[[-0.58208,-0.561055,0.588557],[-0.465805,-0.363205,-0.806912],[0.66649,-0.74384,-0.0499278]],[[-0.58208,-0.561055,0.588557],[-0.777287,0.596462,-0.200142],[-0.238761,-0.573977,-0.78329]],[[-0.58208,-0.561055,0.588557],[-0.437721,0.826195,0.354685],[-0.685261,-0.0511688,-0.726498]]],1],[1682,[0.484298,0.494223,0.721941],168,63.1996,[-10.1685,137.546,2.30633],[-7.1829,136.083,8.36146],[17.3703,-3.73602,62.7053],false,[42.3729,72.64,15.9323],[-8.24304,83.3586,-24.7289],[-29.2584,123.211,-18.6538],[-16.2692,136.467,0.709306],[-2.62238,135.525,11.9801],[[[-0.621891,-0.413194,0.665223],[0.146961,-0.895957,-0.419122],[0.76919,-0.162886,0.617912]],[[-0.595349,-0.418499,0.68587],[-0.65717,-0.237495,-0.715349],[0.462263,-0.876616,-0.133632]],[[-0.595349,-0.418499,0.68587],[-0.641104,0.761973,-0.0915573],[-0.484298,-0.494223,-0.721941]],[[-0.595349,-0.418499,0.68587],[-0.229661,0.906661,0.353868],[-0.769945,0.0531572,-0.635893]]],2],[1683,[0.531693,0.597294,0.600451],168,60.7681,[-14.8904,124.905,12.9025],[-12.5981,124.741,18.1089],[14.181,6.01725,50.6265],false,[34.732,67.241,22.7684],[-15.4915,72.007,-7.98013],[-36.5117,108.322,-4.07749],[-22.6196,123.928,11.6112],[-7.77785,124.779,21.0744],[[[-0.511218,-0.363935,0.778593],[0.1266,-0.927924,-0.350612],[0.850076,-0.0806696,0.520445]],[[-0.485266,-0.366209,0.793982],[-0.718131,-0.351101,-0.600846],[0.498804,-0.861753,-0.0926086]],[[-0.485266,-0.366209,0.793982],[-0.694132,0.713534,-0.0951354],[-0.531693,-0.597294,-0.600451]],[[-0.485266,-0.366209,0.793982],[-0.234973,0.92928,0.285002],[-0.842202,-0.0482623,-0.536997]]],3],[1684,[-0.867508,0.258442,-0.425016],168,47.641,[-72.9214,82.8976,-23.7665],[-76.8588,80.2598,-18.4152],[-53.3288,-79.623,103.74],false,[27.5038,67.0065,34.0774],[-21.6095,65.3365,10.0736],[-50.8552,69.7366,-5.33976],[-66.8586,74.5043,-13.1803],[-80.6798,80.2254,-19.5482],[[[-0.423238,-0.21247,0.880753],[0.120147,-0.97669,-0.177878],[0.898017,0.0305353,0.4389]],[[-0.480444,-0.214,0.850516],[-0.0133106,-0.967883,-0.25105],[0.876924,-0.131936,0.462165]],[[-0.480444,-0.214,0.850516],[-0.128856,-0.942025,-0.309814],[0.867508,-0.258442,0.425016]],[[-0.480444,-0.214,0.850516],[-0.215481,-0.911244,-0.351002],[0.850142,-0.351907,0.391689]]],4]],[[0,200,0],[235.247,235.247,147.751]]],[367832,1296222276353,[[168,"right",[-0.7466,0.0194698,-0.664988],[-0.353551,0.835123,0.421392],[6.11118,84.8531,-5.24165],[-22.8053,21.0369,21.4728],[9.79265,82.8322,0.195654],1,0,0.500856,[[-0.652101,-0.517933,0.553634],[0.132921,-0.797056,-0.589096],[0.746389,-0.310561,0.588605]],60.0998,[231.601,-2.58106,181.238],[41.5259,76.5064,31.3439]]],[[1680,[-0.844047,0.459479,-0.276521],168,49.1554,[-22.7395,143.7,-6.83034],[-26.2382,143.603,-4.25603],[-61.6282,0.12039,40.229],false,[55.4872,99.7315,21.2027],[55.4872,99.7315,21.2027],[15.5851,121.216,8.43933],[-11.5582,135.992,-0.453156],[-30.6885,145.654,-5.7393],[[[-0.0562324,-0.964363,-0.258539],[0.903027,0.0613326,-0.425183],[0.425887,-0.257377,0.867397]],[[-0.226573,-0.772899,-0.592699],[0.479992,0.440896,-0.758431],[0.84751,-0.45633,0.27109]],[[-0.226573,-0.772899,-0.592699],[0.486055,0.437613,-0.756469],[0.844047,-0.459479,0.276521]],[[-0.226573,-0.772899,-0.592699],[0.444511,0.459402,-0.769],[0.866646,-0.437695,0.239474]]],0],[1681,[0.239356,0.573289,0.783612],168,55.4664,[-8.15217,139.587,-8.18615],[-11.2429,140.29,-7.78907],[-60.7457,10.2629,28.9118],false,[50.1854,80.3445,11.4105],[2.53335,96.5915,-36.3416],[-24.6672,126.541,-34.0726],[-19.2106,139.61,-16.2084],[-8.10628,140.477,-4.56222],[[[-0.680907,-0.538645,0.496213],[0.254496,-0.809345,-0.529332],[0.686729,-0.234141,0.688172]],[[-0.574811,-0.566769,0.590225],[-0.467973,-0.364008,-0.805295],[0.671263,-0.739101,-0.055997]],[[-0.574811,-0.566769,0.590225],[-0.782497,0.591703,-0.193873],[-0.239356,-0.573289,-0.783612]],[[-0.574811,-0.566769,0.590225],[-0.44133,0.822121,0.359646],[-0.689072,-0.0537555,-0.722696]]],1],[1682,[0.487416,0.492603,0.720949],168,63.1996,[-10.1608,137.543,2.3205],[-7.42759,136.037,8.92051],[4.33204,-3.93906,61.6971],false,[42.3897,72.9868,15.8791],[-8.53097,83.4731,-24.4609],[-29.6776,123.201,-18.0335],[-16.6047,136.413,1.30294],[-2.87682,135.489,12.4763],[[[-0.615209,-0.419407,0.667544],[0.150732,-0.893702,-0.422583],[0.77382,-0.159357,0.613032]],[[-0.588541,-0.424583,0.688003],[-0.661252,-0.236817,-0.711803],[0.465151,-0.873869,-0.14138]],[[-0.588541,-0.424583,0.688003],[-0.645015,0.759652,-0.0829684],[-0.487416,-0.492603,-0.720949]],[[-0.588541,-0.424583,0.688003],[-0.231806,0.903888,0.359517],[-0.774523,0.052107,-0.630396]]],2],[1683,[0.535127,0.594592,0.600083],168,60.7681,[-14.8833,124.904,12.9151],[-12.5987,124.63,18.6949],[10.0174,0.876293,54.2965],false,[34.8254,67.5153,22.7429],[-15.605,72.0232,-7.70445],[-36.659,108.277,-3.42953],[-22.6771,123.813,12.2495],[-7.7753,124.664,21.6178],[[[-0.50423,-0.369714,0.780425],[0.130984,-0.926007,-0.354053],[0.853578,-0.0763008,0.515347]],[[-0.478749,-0.37181,0.795334],[-0.721938,-0.348787,-0.597622],[0.499605,-0.860293,-0.101443]],[[-0.478749,-0.37181,0.795334],[-0.696017,0.712894,-0.0856943],[-0.535127,-0.594592,-0.600083]],[[-0.478749,-0.37181,0.795334],[-0.236096,0.92705,0.291269],[-0.845611,-0.0483306,-0.531607]]],3],[1684,[-0.874413,0.247674,-0.417204],168,47.641,[-73.2597,82.5702,-23.3247],[-77.2496,79.468,-17.6361],[-50.4273,-82.8931,99.9058],false,[27.6639,67.1981,34.0922],[-21.5734,65.2583,10.3642],[-51.0089,69.2434,-4.7987],[-67.1397,73.8124,-12.4951],[-81.082,79.3838,-18.7304],[[[-0.416713,-0.217941,0.882526],[0.125857,-0.975317,-0.181428],[0.900283,0.0354685,0.433857]],[[-0.47009,-0.219679,0.854843],[-0.00226788,-0.968227,-0.250064],[0.882615,-0.119491,0.454656]],[[-0.47009,-0.219679,0.854843],[-0.120072,-0.943609,-0.30852],[0.874413,-0.247674,0.417204]],[[-0.47009,-0.219679,0.854843],[-0.208698,-0.9134,-0.349493],[0.85759,-0.342697,0.383534]]],4]],[[0,200,0],[235.247,235.247,147.751]]],[367833,1296222284913,[[168,"right",[-0.74978,0.0178126,-0.661447],[-0.356402,0.831368,0.426386],[5.9115,84.938,-5.02875],[-22.9424,18.1124,22.3671],[9.71531,82.8742,0.0915399],1,0,0.495647,[[-0.652743,-0.521532,0.549483],[0.136635,-0.794465,-0.591741],[0.745156,-0.311176,0.58984]],60.0998,[231.305,-2.59418,181.568],[41.5433,76.6499,31.3588]]],[[1680,[-0.847964,0.45568,-0.270762],168,49.1554,[-23.0572,143.67,-6.60425],[-26.7717,143.494,-3.65815],[-61.8161,-3.22066,48.037],false,[55.3231,99.9959,21.247],[55.3231,99.9959,21.247],[15.2388,121.3,8.75454],[-12.0305,135.954,0.0472373],[-31.2405,145.526,-5.11164],[[[-0.051868,-0.963628,-0.262164],[0.900674,0.0682612,-0.4291],[0.431389,-0.258381,0.864374]],[[-0.224855,-0.771824,-0.59475],[0.473913,0.446695,-0.758861],[0.851379,-0.452493,0.265335]],[[-0.224855,-0.771824,-0.59475],[0.479996,0.443444,-0.756942],[0.847964,-0.45568,0.270762]],[[-0.224855,-0.771824,-0.59475],[0.438279,0.465036,-0.76919],[0.870259,-0.433623,0.233709]]],0],[1681,[0.239753,0.571472,0.784817],168,55.4664,[-8.24892,139.609,-8.13949],[-11.7658,140.283,-7.26508],[-60.888,7.38226,37.2],false,[50.0879,80.6179,11.4012],[2.12162,96.7801,-36.0643],[-25.2389,126.564,-33.5456],[-19.7732,139.592,-15.654],[-8.61956,140.475,-4.05623],[[[-0.675476,-0.544561,0.497178],[0.2567,-0.805731,-0.533762],[0.691257,-0.232918,0.684041]],[[-0.568777,-0.572448,0.590589],[-0.469667,-0.363417,-0.804575],[0.675208,-0.735004,-0.0621568]],[[-0.568777,-0.572448,0.590589],[-0.786773,0.587981,-0.187794],[-0.239753,-0.571472,-0.784817]],[[-0.568777,-0.572448,0.590589],[-0.444354,0.818107,0.365035],[-0.692129,-0.0548073,-0.71969]]],1],[1682,[0.489572,0.490315,0.721048],168,63.1996,[-10.1559,137.54,2.33087],[-7.69379,135.929,9.50923],[-5.86036,-6.11876,62.467],false,[42.3555,73.1973,15.8761],[-8.81155,83.5503,-24.1856],[-30.0779,123.159,-17.4237],[-16.9471,136.309,1.91537],[-3.15703,135.384,13.0118],[[[-0.609672,-0.425632,0.668683],[0.153922,-0.891114,-0.426877],[0.777565,-0.15733,0.608802]],[[-0.583141,-0.430689,0.688806],[-0.664174,-0.235478,-0.709524],[0.467783,-0.871239,-0.148736]],[[-0.583141,-0.430689,0.688806],[-0.64828,0.757692,-0.0750694],[-0.489572,-0.490315,-0.721048]],[[-0.583141,-0.430689,0.688806],[-0.233696,0.900991,0.365516],[-0.778032,0.0521757,-0.626055]]],2],[1683,[0.536722,0.592718,0.600513],168,60.7681,[-14.8787,124.904,12.9244],[-12.7152,124.469,19.2597],[2.99806,-4.30172,56.5856],false,[34.8549,67.6547,22.7526],[-15.7415,71.9926,-7.4429],[-36.8775,108.159,-2.84611],[-22.854,123.646,12.8442],[-7.90767,124.505,22.1405],[[[-0.498459,-0.37575,0.781249],[0.134679,-0.923808,-0.358387],[0.856388,-0.0734234,0.511086]],[[-0.473269,-0.377732,0.795824],[-0.724197,-0.347523,-0.595622],[0.501553,-0.858223,-0.109081]],[[-0.473269,-0.377732,0.795824],[-0.698532,0.71134,-0.0777777],[-0.536722,-0.592718,-0.600513]],[[-0.473269,-0.377732,0.795824],[-0.238068,0.92463,0.297293],[-0.84814,-0.0487608,-0.527524]]],3],[1684,[-0.880947,0.237544,-0.409274],168,47.641,[-73.5733,82.2392,-22.9],[-77.6559,78.6646,-16.8928],[-49.4614,-86.4447,97.0712],false,[27.7481,67.2506,34.1336],[-21.5868,65.1209,10.6257],[-51.2003,68.7122,-4.28683],[-67.4517,73.0943,-11.837],[-81.5086,78.5267,-17.9361],[[[-0.411346,-0.223883,0.883556],[0.130638,-0.973838,-0.18594],[0.902069,0.0389399,0.429832]],[[-0.459855,-0.225672,0.85884],[0.00842589,-0.968234,-0.249905],[0.887954,-0.107683,0.447149]],[[-0.459855,-0.225672,0.85884],[-0.111651,-0.944799,-0.308041],[0.880947,-0.237544,0.409274]],[[-0.459855,-0.225672,0.85884],[-0.202312,-0.915107,-0.348782],[0.864641,-0.334142,0.375161]]],4]],[[0,200,0],[235.247,235.247,147.751]]],[367834,1296222293610,[[168,"right",[-0.75283,0.0236964,-0.657788],[-0.358816,0.82303,0.440309],[5.51405,84.8654,-4.4965],[-29.0117,11.0552,32.7236],[9.63787,82.9109,0.00697394],1,0,0.43263,[[-0.651194,-0.532545,0.540687],[0.147057,-0.787493,-0.598522],[0.744527,-0.310242,0.591125]],60.0998,[230.953,-2.78155,182.142],[41.3519,76.2249,31.6055]]],[[1680,[-0.851547,0.455161,-0.260186],168,49.1554,[-23.3707,143.627,-6.30727],[-27.4683,143.22,-2.10974],[-66.6964,-10.6458,82.6682],false,[54.964,99.7914,21.7823],[54.964,99.7914,21.7823],[14.7132,121.067,9.78591],[-12.6712,135.704,1.41872],[-31.954,145.25,-3.51209],[[[-0.0480151,-0.959878,-0.276276],[0.898366,0.0794045,-0.43201],[0.436615,-0.26894,0.85851]],[[-0.223491,-0.764068,-0.605188],[0.468156,0.460439,-0.754205],[0.854916,-0.45188,0.254799]],[[-0.223491,-0.764068,-0.605188],[0.474258,0.457196,-0.752364],[0.851547,-0.455161,0.260186]],[[-0.223491,-0.764068,-0.605188],[0.432384,0.478741,-0.764101],[0.873553,-0.432443,0.223377]]],0],[1681,[0.240365,0.560934,0.792198],168,55.4664,[-8.35268,139.624,-8.05788],[-12.4539,140.143,-5.8218],[-65.8061,0.965166,71.3267],false,[49.7858,80.5348,11.6718],[1.52287,97.1481,-35.3349],[-25.9795,126.747,-32.2483],[-20.4998,139.535,-14.1884],[-9.2985,140.303,-2.62856],[[[-0.670381,-0.555468,0.49198],[0.2585,-0.796325,-0.54685],[0.695533,-0.239421,0.67743]],[[-0.563111,-0.58418,0.584499],[-0.471443,-0.353811,-0.807811],[0.67871,-0.730446,-0.0761729]],[[-0.563111,-0.58418,0.584499],[-0.790652,0.586589,-0.175451],[-0.240365,-0.560934,-0.792198]],[[-0.563111,-0.58418,0.584499],[-0.446936,0.810221,0.379197],[-0.695093,-0.0477037,-0.717336]]],1],[1682,[0.49018,0.482129,0.726137],168,63.1996,[-10.1527,137.538,2.34032],[-8.2839,135.559,10.8662],[-22.5768,-15.9604,86.8363],false,[42.1125,73.0076,16.0697],[-9.28755,83.6853,-23.6066],[-30.7316,123.075,-16.1643],[-17.5846,136.006,3.31126],[-3.74076,134.989,14.3324],[[[-0.604429,-0.43876,0.664948],[0.15665,-0.883832,-0.440796],[0.781106,-0.162266,0.602945]],[[-0.577828,-0.443967,0.684842],[-0.666049,-0.228442,-0.710065],[0.471693,-0.866434,-0.163704]],[[-0.577828,-0.443967,0.684842],[-0.652564,0.755278,-0.060964],[-0.49018,-0.482129,-0.726137]],[[-0.577828,-0.443967,0.684842],[-0.236761,0.894203,0.379927],[-0.781063,0.0573884,-0.62181]]],2],[1683,[0.538074,0.584553,0.607268],168,60.7681,[-14.8755,124.902,12.9327],[-13.0466,123.897,20.5448],[-8.75134,-20.8737,80.1056],false,[34.6719,67.3235,22.8958],[-16.0817,71.8431,-7.00776],[-37.3023,107.865,-1.71745],[-23.2434,123.138,14.1493],[-8.25508,123.906,23.3858],[[[-0.492972,-0.389973,0.777753],[0.137886,-0.917643,-0.372717],[0.859049,-0.0764976,0.506144]],[[-0.467996,-0.392017,0.792024],[-0.726229,-0.34008,-0.597443],[0.503559,-0.854792,-0.125538]],[[-0.467996,-0.392017,0.792024],[-0.701039,0.710367,-0.0626344],[-0.538074,-0.584553,-0.607268]],[[-0.467996,-0.392017,0.792024],[-0.23998,0.918926,0.313026],[-0.850523,-0.0435748,-0.52413]]],3],[1684,[-0.886922,0.23432,-0.398075],168,47.641,[-73.8858,81.9039,-22.4626],[-78.2419,77.9523,-15.8915],[-54.031,-84.961,102.615],false,[27.6186,66.7125,34.3008],[-21.8097,64.6723,10.982],[-51.5926,68.0873,-3.63171],[-67.9542,72.4099,-10.9752],[-82.1106,77.8176,-16.8624],[[[-0.406194,-0.239188,0.881927],[0.134882,-0.970256,-0.20102],[0.903777,0.0373033,0.426375]],[[-0.449657,-0.240719,0.860153],[0.0174031,-0.965178,-0.261013],[0.893032,-0.102397,0.438188]],[[-0.449657,-0.240719,0.860153],[-0.105726,-0.941886,-0.318862],[0.886922,-0.23432,0.398075]],[[-0.449657,-0.240719,0.860153],[-0.19894,-0.91182,-0.359177],[0.870765,-0.332625,0.362117]]],4]],[[0,200,0],[235.247,235.247,147.751]]],[367835,1296222302224,[[168,"right",[-0.758825,0.0244537,-0.650835],[-0.36272,0.814112,0.453493],[4.84792,84.6785,-3.93537],[-41.7935,2.39127,41.2989],[9.55282,82.9423,-0.0630258],1,0,0.439603,[[-0.649791,-0.542731,0.532179],[0.157254,-0.78097,-0.604448],[0.743669,-0.309077,0.592813]],60.0998,[230.468,-2.76526,182.709],[41.0852,75.9445,31.743]]],[[1680,[-0.858122,0.450062,-0.247123],168,49.1554,[-23.7233,143.554,-5.9451],[-28.6667,142.678,-0.54607],[-85.8738,-24.3703,108.8],false,[54.3846,99.7589,22.0908],[54.3846,99.7589,22.0908],[13.8281,120.79,10.7086],[-13.7678,135.263,2.76144],[-33.1836,144.682,-1.88322],[[[-0.0413184,-0.95686,-0.287596],[0.893703,0.09331,-0.438848],[0.446752,-0.275158,0.851294]],[[-0.221556,-0.758765,-0.612526],[0.457043,0.474073,-0.752573],[0.861408,-0.446688,0.241755]],[[-0.221556,-0.758765,-0.612526],[0.463183,0.47087,-0.750828],[0.858122,-0.450062,0.247123]],[[-0.221556,-0.758765,-0.612526],[0.421015,0.492147,-0.761931],[0.879579,-0.426693,0.210413]]],0],[1681,[0.242096,0.553488,0.796895],168,55.4664,[-8.47666,139.628,-7.94841],[-13.649,139.792,-4.41855],[-85.0814,-10.0936,95.2673],false,[49.3005,80.5779,11.7906],[0.466625,97.2969,-34.5847],[-27.2864,126.591,-30.8918],[-21.7673,139.209,-12.7248],[-10.4712,139.944,-1.25533],[[[-0.660671,-0.56785,0.490978],[0.261214,-0.787078,-0.558816],[0.703762,-0.240943,0.66833]],[[-0.552309,-0.596655,0.582201],[-0.475261,-0.348412,-0.807921],[0.684896,-0.722919,-0.0911352]],[[-0.552309,-0.596655,0.582201],[-0.797712,0.581081,-0.161248],[-0.242096,-0.553488,-0.796895]],[[-0.552309,-0.596655,0.582201],[-0.451218,0.8012,0.39304],[-0.700969,-0.0456202,-0.711732]]],1],[1682,[0.491886,0.477975,0.727728],168,63.1996,[-10.1507,137.536,2.35033],[-9.28416,135.043,12.1766],[-47.4823,-27.4195,103.297],false,[41.7386,72.9241,16.1628],[-10.1106,83.5887,-22.9283],[-31.8637,122.677,-14.8204],[-18.6709,135.496,4.6979],[-4.72211,134.478,15.5858],[[[-0.594302,-0.452628,0.66478],[0.161146,-0.876848,-0.452956],[0.787932,-0.162066,0.594052]],[[-0.567563,-0.457805,0.684315],[-0.670015,-0.226215,-0.70704],[0.478489,-0.859791,-0.178345]],[[-0.567563,-0.457805,0.684315],[-0.660243,0.749636,-0.0460927],[-0.491886,-0.477975,-0.727728]],[[-0.567563,-0.457805,0.684315],[-0.241922,0.887195,0.392885],[-0.786986,0.0574361,-0.614292]]],2],[1683,[0.539284,0.580669,0.609916],168,60.7681,[-14.8734,124.901,12.9411],[-13.7238,123.195,21.8128],[-27.8758,-36.8613,96.9288],false,[34.4133,67.086,22.9836],[-16.6443,71.4804,-6.41708],[-38.0918,107.261,-0.450538],[-24.0013,122.433,15.4854],[-8.93539,123.207,24.5943],[[[-0.482319,-0.404147,0.777196],[0.14331,-0.911665,-0.385136],[0.864194,-0.0743783,0.497632]],[[-0.457435,-0.406107,0.791094],[-0.729198,-0.337857,-0.595083],[0.508944,-0.849076,-0.141585]],[[-0.457435,-0.406107,0.791094],[-0.707055,0.705621,-0.0466115],[-0.539284,-0.580669,-0.609916]],[[-0.457435,-0.406107,0.791094],[-0.244658,0.912769,0.3271],[-0.854924,-0.0439205,-0.51689]]],3],[1684,[-0.895646,0.225192,-0.383545],168,47.641,[-74.2123,81.5338,-21.9919],[-79.1087,76.6873,-14.4777],[-65.9744,-101.546,119.748],false,[27.4676,66.2681,34.4415],[-22.1439,64.0361,11.5328],[-52.1707,67.0741,-2.65898],[-68.6932,71.2284,-9.73446],[-82.9994,76.5187,-15.3604],[[[-0.396061,-0.253813,0.882448],[0.14233,-0.966392,-0.214077],[0.907126,0.0408112,0.418875]],[[-0.434146,-0.255315,0.863905],[0.0299495,-0.962557,-0.269419],[0.900344,-0.0910938,0.425537]],[[-0.434146,-0.255315,0.863905],[-0.0966197,-0.940267,-0.326438],[0.895646,-0.225192,0.383545]],[[-0.434146,-0.255315,0.863905],[-0.192765,-0.910454,-0.365944],[0.879976,-0.325404,0.346054]]],4]],[[0,200,0],[235.247,235.247,147.751]]],[367836,1296222311458,[[168,"right",[-0.764566,0.0253928,-0.644045],[-0.370415,0.800424,0.471289],[3.56219,84.3544,-2.9676],[-69.1378,-8.12804,59.1196],[9.41859,82.9739,-0.128107],1,0,0.444951,[[-0.645066,-0.559653,0.520268],[0.172825,-0.770078,-0.614094],[0.744327,-0.306215,0.593473]],60.0998,[229.77,-2.48698,183.381],[40.22,75.4939,32.2469]]],[[1680,[-0.866496,0.442099,-0.231803],168,49.1554,[-24.2744,143.404,-5.36606],[-30.7441,141.794,1.7567],[-124.904,-44.2586,148.202],false,[53.0975,99.6687,22.9242],[53.0975,99.6687,22.9242],[12.1514,120.318,12.2613],[-15.7139,134.535,4.80686],[-35.3001,143.757,0.494451],[[[-0.030138,-0.95196,-0.304735],[0.888548,0.114117,-0.444365],[0.457793,-0.284164,0.842423]],[[-0.215907,-0.750601,-0.624486],[0.443884,0.494208,-0.74748],[0.869685,-0.438585,0.226477]],[[-0.215907,-0.750601,-0.624486],[0.450076,0.491067,-0.745845],[0.866496,-0.442099,0.231803]],[[-0.215907,-0.750601,-0.624486],[0.407527,0.511928,-0.756209],[0.887302,-0.417766,0.195362]]],0],[1681,[0.240995,0.542264,0.804904],168,55.4664,[-8.67439,139.614,-7.76474],[-15.712,139.195,-2.28246],[-123.89,-25.4186,133.171],false,[48.1999,80.6074,12.3162],[-1.25678,97.4645,-33.3437],[-29.3897,126.285,-28.8845],[-23.8957,138.648,-10.5349],[-12.5143,139.335,0.852853],[[[-0.648361,-0.58613,0.485881],[0.267648,-0.772939,-0.575265],[0.712736,-0.242934,0.65802]],[[-0.538826,-0.615032,0.575676],[-0.477131,-0.34038,-0.810239],[0.694271,-0.711251,-0.110045]],[[-0.538826,-0.615032,0.575676],[-0.80721,0.572438,-0.143966],[-0.240995,-0.542264,-0.804904]],[[-0.538826,-0.615032,0.575676],[-0.459192,0.787346,0.411374],[-0.706264,-0.0426865,-0.70666]]],1],[1682,[0.490268,0.472377,0.73246],168,63.1996,[-10.1503,137.531,2.36683],[-11.1335,134.207,14.1948],[-92.2643,-44.4466,133.761],false,[40.7847,72.7674,16.6092],[-11.5393,83.3958,-21.8542],[-33.8077,122.004,-12.8944],[-20.6583,134.674,6.75074],[-6.61171,133.667,17.5133],[[[-0.58217,-0.47315,0.661216],[0.169765,-0.86605,-0.470253],[0.795146,-0.161516,0.584513]],[[-0.55548,-0.478246,0.680237],[-0.671947,-0.223721,-0.706],[0.489825,-0.849252,-0.197083]],[[-0.55548,-0.478246,0.680237],[-0.671624,0.740365,-0.0279277],[-0.490268,-0.472377,-0.73246]],[[-0.55548,-0.478246,0.680237],[-0.251762,0.876387,0.410562],[-0.792501,0.0568008,-0.60722]]],2],[1683,[0.538084,0.575065,0.616251],168,60.7681,[-14.8722,124.897,12.9539],[-15.1659,122.09,23.715],[-64.384,-59.9889,126.666],false,[33.601,66.7014,23.3816],[-17.7604,70.8962,-5.51475],[-39.5735,106.293,1.34937],[-25.5144,121.319,17.4509],[-10.3779,122.11,26.4405],[[[-0.469943,-0.425119,0.773581],[0.152999,-0.902348,-0.402938],[0.869336,-0.0710007,0.489095]],[[-0.445154,-0.426958,0.787112],[-0.730689,-0.334917,-0.594915],[0.517621,-0.839963,-0.162884]],[[-0.445154,-0.426958,0.787112],[-0.715754,0.697859,-0.0262531],[-0.538084,-0.575065,-0.616251]],[[-0.445154,-0.426958,0.787112],[-0.253136,0.903156,0.346743],[-0.85893,-0.0448926,-0.510122]]],3],[1684,[-0.904721,0.214631,-0.367985],168,47.641,[-74.6284,81.0533,-21.4075],[-80.5171,74.9695,-12.759],[-89.5627,-125.167,139.026],false,[26.7646,65.5753,34.879],[-23.0019,63.0481,12.3401],[-53.264,65.6627,-1.42978],[-69.9539,69.6221,-8.21822],[-84.4221,74.7712,-13.5535],[[[-0.384945,-0.275502,0.880861],[0.154242,-0.960189,-0.232908],[0.90996,0.0462086,0.412114]],[[-0.417681,-0.276996,0.865341],[0.0465282,-0.957667,-0.284092],[0.907402,-0.0783969,0.412887]],[[-0.417681,-0.276996,0.865341],[-0.0837986,-0.936593,-0.340252],[0.904721,-0.214631,0.367985]],[[-0.417681,-0.276996,0.865341],[-0.18317,-0.907172,-0.378798],[0.889939,-0.316721,0.328171]]],4]],[[0,200,0],[235.247,235.247,147.751]]],[367837,1296222337051,[[168,"right",[-0.788636,-0.0469868,-0.613063],[-0.396702,0.800671,0.448947],[2.51335,85.3622,-2.51388],[-52.283,20.3088,34.3422],[8.84032,83.1739,-0.3279],1,0,0.481081,[[-0.664343,-0.534988,0.521954],[0.150559,-0.779806,-0.607647],[0.732107,-0.325102,0.598606]],60.0998,[227.358,-2.59161,183.996],[40.9191,80.1988,31.5553]]],[[1680,[-0.898144,0.38274,-0.216441],168,49.1554,[-28.72,142.322,-2.80277],[-34.7645,141.009,0.971728],[-144.194,-36.4626,41.3856],false,[52.0548,104.566,20.6275],[52.0548,104.566,20.6275],[9.638,122.425,10.7006],[-19.245,134.733,3.74014],[-39.468,142.66,-0.191919],[[[0.0118994,-0.965646,-0.259589],[0.863253,0.140936,-0.484697],[0.504631,-0.218323,0.835274]],[[-0.196868,-0.790186,-0.580388],[0.386761,0.481375,-0.786571],[0.900921,-0.379322,0.210846]],[[-0.196868,-0.790186,-0.580388],[0.393166,0.478662,-0.78505],[0.898144,-0.38274,0.216441]],[[-0.196868,-0.790186,-0.580388],[0.349166,0.496652,-0.794619],[0.916147,-0.359087,0.178131]]],0],[1681,[0.240554,0.592303,0.768968],168,55.4664,[-10.3523,139.529,-7.0112],[-19.7621,139.044,-3.53885],[-144.155,-12.4325,23.3911],false,[47.838,84.7818,11.1057],[-4.18237,96.7263,-33.2356],[-33.6996,124.156,-28.9549],[-28.2156,137.659,-11.4246],[-16.467,139.507,-0.550525],[[[-0.595512,-0.596669,0.537915],[0.288687,-0.783808,-0.549822],[0.749684,-0.172136,0.639018]],[[-0.481192,-0.615254,0.624433],[-0.48769,-0.404024,-0.773901],[0.728432,-0.676925,-0.10564]],[[-0.481192,-0.615254,0.624433],[-0.842964,0.520231,-0.13701],[-0.240554,-0.592303,-0.768968]],[[-0.481192,-0.615254,0.624433],[-0.486759,0.779947,0.393382],[-0.729054,-0.114656,-0.674784]]],1],[1682,[0.491117,0.531675,0.690019],168,63.1996,[-10.2119,137.471,2.62319],[-14.1973,135.081,13.0035],[-108.477,5.24543,24.3867],false,[41.0433,76.764,16.0479],[-13.215,82.6836,-20.7106],[-37.2181,120.429,-12.5907],[-24.0459,134.689,5.91614],[-9.56664,134.945,16.1356],[[[-0.529182,-0.472018,0.7051],[0.200242,-0.876987,-0.436802],[0.824542,-0.0899573,0.558604]],[[-0.50191,-0.47471,0.723006],[-0.685071,-0.292089,-0.667354],[0.527981,-0.830262,-0.178608]],[[-0.50191,-0.47471,0.723006],[-0.711963,0.701408,-0.0337148],[-0.491117,-0.531675,-0.690019]],[[-0.50191,-0.47471,0.723006],[-0.284141,0.880024,0.380554],[-0.816915,-0.0144323,-0.576577]]],2],[1683,[0.526641,0.633021,0.567392],168,60.7681,[-14.8874,124.875,13.0964],[-17.2693,123.257,23.1713],[-76.4341,5.79028,36.1892],false,[34.4737,70.6464,23.3747],[-18.1001,70.6581,-3.58036],[-41.6321,105.084,2.50199],[-27.872,121.623,17.3269],[-12.4828,123.677,25.664],[[[-0.415655,-0.412648,0.810526],[0.188105,-0.91089,-0.36728],[0.889858,-0.000197765,0.456238]],[[-0.390755,-0.412494,0.822897],[-0.731772,-0.403114,-0.549553],[0.558409,-0.816913,-0.144333]],[[-0.390755,-0.412494,0.822897],[-0.754957,0.655083,-0.0301196],[-0.526641,-0.633021,-0.567392]],[[-0.390755,-0.412494,0.822897],[-0.291046,0.903475,0.314682],[-0.8