{"metadata":{"formatVersion":2,"generatedBy":"LeapJS Playback 0.2.1","frames":127,"frameRate":"1.1e+2","modified":"Tue Jun 02 2015 20:50:56 GMT-0300 (E. South America Standard Time)","title":"j"},"frames":[["id","timestamp",{"hands":[["id","type","direction","palmNormal","palmPosition","palmVelocity","stabilizedPalmPosition","pinchStrength","grabStrength","confidence","armBasis","armWidth","elbow","wrist"]]},{"pointables":[["id","direction","handId","length","stabilizedTipPosition","tipPosition","tipVelocity","tool","carpPosition","mcpPosition","pipPosition","dipPosition","btipPosition","bases","type"]]},{"interactionBox":["center","size"]}],[362709,1296169882101,[[166,"right",[-0.635636,0.105758,-0.76471],[-0.455475,0.748413,0.4821],[18.1559,97.6807,18.0827],[-40.7732,-58.5983,-11.5762],[21.55,99.8809,17.8048],0.802176,0,0.510708,[[-0.625483,-0.653798,0.425816],[0.247724,-0.683922,-0.68621],[0.739867,-0.323728,0.589743]],60.1145,[236.373,2.07342,208.371],[47.9119,84.5341,58.1504]]],[[1660,[-0.728867,0.420781,-0.540089],166,49.1675,[6.95496,157.571,0.560064],[-0.4739,152.99,-2.75237],[-165.881,-105.974,-53.7618],false,[62.0869,109.428,54.0323],[62.0869,109.428,54.0323],[29.6565,130.313,27.0169],[6.21153,143.848,9.64423],[-2.09431,156.072,-6.75992],[[[0.0325395,-0.912232,-0.408379],[0.953393,0.150962,-0.261251],[0.299971,-0.380845,0.874628]],[[-0.0325809,-0.809272,-0.586531],[0.724367,0.385221,-0.57175],[0.688644,-0.443491,0.573659]],[[-0.0325809,-0.809272,-0.586531],[0.68388,0.409906,-0.603561],[0.728867,-0.420781,0.540089]],[[-0.0325809,-0.809272,-0.586531],[0.925973,0.196436,-0.322471],[0.376182,-0.553618,0.742963]]],0],[1661,[0.0315294,0.39184,0.919493],166,55.48,[1.32794,151.597,31.7092],[0.0391157,153.647,27.4875],[-101.052,-65.1081,-58.411],false,[59.3296,91.7073,40.6725],[18.8135,114.115,-11.035],[-6.10078,145.536,-5.14001],[-5.38182,154.471,15.827],[1.34277,153.538,30.4463],[[[-0.721181,-0.627695,0.293082],[0.373008,-0.70836,-0.599242],[0.583749,-0.32284,0.744991]],[[-0.721983,-0.62725,0.292058],[-0.317644,-0.0745185,-0.945277],[0.614689,-0.775245,-0.145441]],[[-0.721983,-0.62725,0.292058],[-0.691192,0.673067,-0.263125],[-0.0315294,-0.39184,-0.919493]],[[-0.721983,-0.62725,0.292058],[-0.551992,0.776663,0.30348],[-0.417188,0.0578935,-0.906974]]],1],[1662,[0.180937,0.531135,0.827743],166,63.215,[-6.26328,146.888,35.8038],[-6.37998,150.96,35.1815],[-71.7615,-70.0287,-23.9129],false,[51.3167,83.5359,42.6641],[6.7242,98.9965,-3.21396],[-19.1399,136.115,1.37299],[-14.2859,150.364,23.5791],[-4.5083,151.489,38.325],[[[-0.688635,-0.535524,0.488872],[0.25844,-0.811197,-0.524565],[0.677488,-0.23489,0.69702]],[[-0.683459,-0.537296,0.494162],[-0.457574,-0.212128,-0.863498],[0.568779,-0.816281,-0.100872]],[[-0.683459,-0.537296,0.494162],[-0.70721,0.65514,-0.265792],[-0.180937,-0.531135,-0.827743]],[[-0.683459,-0.537296,0.494162],[-0.478245,0.841005,0.252968],[-0.551512,-0.0634371,-0.831751]]],2],[1663,[0.218143,0.64981,0.728121],166,60.7829,[-12.7688,133.514,38.9705],[-13.2488,137.364,41.9011],[-49.2888,-69.1922,2.57324],false,[43.0698,76.8525,47.3172],[-2.25888,84.8531,10.2552],[-28.1603,118.05,12.2176],[-22.4592,135.032,31.2467],[-11.3965,138.479,44.5299],[[[-0.598941,-0.501567,0.624259],[0.230044,-0.854459,-0.46581],[0.767039,-0.135385,0.627154]],[[-0.596014,-0.50208,0.626644],[-0.516892,-0.357314,-0.777913],[0.614483,-0.787555,-0.046557]],[[-0.596014,-0.50208,0.626644],[-0.772775,0.570668,-0.277771],[-0.218143,-0.64981,-0.728121]],[[-0.596014,-0.50208,0.626644],[-0.500877,0.84243,0.198577],[-0.627606,-0.195517,-0.753581]]],3],[1664,[-0.883561,0.297504,-0.361678],166,47.6527,[-60.8177,102.99,-7.81785],[-67.1268,93.1141,1.64285],[-92.875,-224.549,181.446],false,[34.273,74.5558,57.1978],[-10.587,75.1549,25.8964],[-40.2817,81.9422,12.2972],[-56.5853,87.4318,5.62346],[-70.7725,93.3646,0.335736],[[[-0.535861,-0.365743,0.760976],[0.200943,-0.930651,-0.305794],[0.820046,-0.0109503,0.572193]],[[-0.45533,-0.365124,0.812009],[-0.0163678,-0.908452,-0.417668],[0.890172,-0.203468,0.407669]],[[-0.45533,-0.365124,0.812009],[-0.109519,-0.882143,-0.458072],[0.883561,-0.297504,0.361678]],[[-0.45533,-0.365124,0.812009],[-0.177523,-0.856492,-0.484671],[0.872445,-0.364836,0.325169]]],4]],[[0,200,0],[235.247,235.247,147.751]]],[362710,1296169890747,[[166,"right",[-0.655231,0.0924065,-0.749756],[-0.455937,0.742965,0.490025],[17.8678,97.1015,18.1791],[-38.796,-60.8255,-5.54766],[21.1039,99.5442,17.8501],0.803343,0,0.52285,[[-0.627213,-0.652586,0.425131],[0.251296,-0.686216,-0.682611],[0.737194,-0.321309,0.594396]],60.1145,[236.555,2.75399,208.982],[48.7748,84.5985,57.5758]]],[[1660,[-0.748152,0.40692,-0.524104],166,49.1675,[3.9253,155.762,-0.541907],[-2.13949,152.029,-2.4118],[-173.459,-107.231,-29.093],false,[62.4441,109.699,53.0293],[62.4441,109.699,53.0293],[29.052,129.957,26.7167],[4.9867,143.046,9.85814],[-3.91173,155.068,-6.38365],[[[0.0375719,-0.913254,-0.405654],[0.944361,0.165187,-0.284421],[0.326757,-0.372398,0.868648]],[[-0.0334575,-0.812006,-0.582689],[0.704348,0.394471,-0.590158],[0.709065,-0.430162,0.558737]],[[-0.0334575,-0.812006,-0.582689],[0.662683,0.418405,-0.621118],[0.748152,-0.40692,0.524104]],[[-0.0334575,-0.812006,-0.582689],[0.914579,0.210224,-0.345472],[0.403021,-0.544474,0.73561]]],0],[1661,[0.0465519,0.396541,0.916836],166,55.48,[1.29601,151.613,31.6544],[-0.94622,152.817,27.7685],[-104.885,-73.4522,-34.1889],false,[59.6571,91.8827,39.8046],[17.5686,113.425,-11.0067],[-7.71726,144.462,-4.67223],[-6.65575,153.504,16.2341],[0.426439,152.743,30.6938],[[[-0.703788,-0.637994,0.312484],[0.370077,-0.704721,-0.605319],[0.606404,-0.310373,0.732081]],[[-0.704569,-0.637594,0.31154],[-0.33821,-0.0842421,-0.937293],[0.623857,-0.765753,-0.156286]],[[-0.704569,-0.637594,0.31154],[-0.708107,0.660477,-0.249709],[-0.0465519,-0.396541,-0.916836]],[[-0.704569,-0.637594,0.31154],[-0.557256,0.768925,0.3134],[-0.439373,0.0472044,-0.897064]]],1],[1662,[0.194052,0.536014,0.821604],166,63.215,[-6.28599,146.957,35.7983],[-7.05967,150.046,35.7161],[-71.805,-80.543,0.896273],false,[51.8268,83.5918,42.0166],[5.91413,98.1464,-2.84431],[-20.3833,134.881,2.3359],[-15.1774,149.26,24.3774],[-5.04962,150.587,38.8678],[[[-0.668098,-0.544513,0.507101],[0.258989,-0.809079,-0.527556],[0.697546,-0.221125,0.681567]],[[-0.662178,-0.546362,0.512844],[-0.476529,-0.221148,-0.85089],[0.578309,-0.807825,-0.113918]],[[-0.662178,-0.546362,0.512844],[-0.723785,0.643566,-0.248914],[-0.194052,-0.536014,-0.821604]],[[-0.662178,-0.546362,0.512844],[-0.484948,0.834198,0.262561],[-0.571267,-0.0748404,-0.817345]]],2],[1663,[0.2268,0.655052,0.720742],166,60.7829,[-12.8063,133.598,39.058],[-13.5639,136.387,42.6302],[-43.7849,-81.7612,26.6304],false,[43.8017,76.7958,46.8894],[-2.5171,83.9158,10.8871],[-28.8416,116.737,13.4394],[-22.9143,133.857,32.2757],[-11.5811,137.521,45.2694],[[[-0.575776,-0.508567,0.640189],[0.232699,-0.852552,-0.467982],[0.783794,-0.120482,0.609222]],[[-0.572401,-0.50908,0.642802],[-0.531348,-0.366784,-0.763635],[0.624521,-0.778657,-0.0605513]],[[-0.572401,-0.50908,0.642802],[-0.787984,0.558341,-0.259494],[-0.2268,-0.655052,-0.720742]],[[-0.572401,-0.50908,0.642802],[-0.508893,0.835241,0.208327],[-0.64295,-0.207871,-0.73716]]],3],[1664,[-0.897397,0.279781,-0.341177],166,47.6527,[-61.9531,100.939,-6.01941],[-67.7465,90.9286,3.79934],[-86.6451,-232.017,200.214],false,[35.2801,74.3986,56.985],[-10.3139,74.149,26.7579],[-40.4518,80.2891,13.843],[-57.0106,85.4516,7.5476],[-71.4247,91.1187,2.5925],[[[-0.511671,-0.371189,0.774862],[0.208638,-0.928546,-0.307038],[0.833464,0.0045631,0.552555]],[[-0.428588,-0.369004,0.824711],[-0.00893684,-0.91102,-0.412266],[0.903456,-0.184062,0.387154]],[[-0.428588,-0.369004,0.824711],[-0.104843,-0.886317,-0.451054],[0.897397,-0.279781,0.341177]],[[-0.428588,-0.369004,0.824711],[-0.174971,-0.861617,-0.476446],[0.886396,-0.348499,0.304714]]],4]],[[0,200,0],[235.247,235.247,147.751]]],[362711,1296169899870,[[166,"right",[-0.665774,0.0834442,-0.741473],[-0.457663,0.739178,0.494126],[17.8707,97.0478,18.1723],[-27.9316,-45.5651,-4.2116],[20.668,99.2076,17.8936],0.804429,0,0.533617,[[-0.629484,-0.65205,0.422588],[0.253678,-0.686523,-0.681421],[0.734436,-0.321742,0.597566]],60.1145,[236.493,3.02302,209.41],[49.4154,84.978,57.1969]]],[[1660,[-0.759178,0.397595,-0.515332],166,49.1675,[1.06822,154.143,-1.39162],[-2.9933,151.714,-2.28701],[-151.62,-86.9597,-17.1534],false,[62.7512,110.215,52.4166],[62.7512,110.215,52.4166],[28.8088,130.05,26.4894],[4.38881,142.839,9.91308],[-4.85673,154.724,-6.23546],[[[0.0422945,-0.913789,-0.403982],[0.938776,0.174725,-0.296935],[0.341921,-0.36669,0.865233]],[[-0.0321461,-0.81368,-0.580423],[0.692447,0.400643,-0.600002],[0.720752,-0.4212,0.550551]],[[-0.0321461,-0.81368,-0.580423],[0.650089,0.424078,-0.630509],[0.759178,-0.397595,0.515332]],[[-0.0321461,-0.81368,-0.580423],[0.907536,0.219536,-0.358025],[0.418742,-0.538264,0.731387]]],0],[1661,[0.0535781,0.399727,0.915067],166,55.48,[1.24,151.633,31.5759],[-1.4467,152.587,27.8397],[-91.2234,-60.1255,-22.4736],false,[59.9887,92.3361,39.2703],[17.019,113.295,-11.045],[-8.53305,144.067,-4.48999],[-7.31132,153.182,16.3761],[-0.0376894,152.538,30.746],[[[-0.692731,-0.644823,0.322998],[0.369918,-0.702152,-0.608394],[0.6191,-0.30197,0.724934]],[[-0.693479,-0.644457,0.32212],[-0.348785,-0.0909182,-0.932782],[0.630425,-0.759216,-0.161727]],[[-0.693479,-0.644457,0.32212],[-0.718482,0.651839,-0.242673],[-0.0535782,-0.399727,-0.915067]],[[-0.693479,-0.644457,0.32212],[-0.561658,0.763595,0.318533],[-0.45125,0.0399745,-0.891502]]],1],[1662,[0.200786,0.538812,0.818148],166,63.215,[-6.32127,147.037,35.7993],[-7.34904,149.757,35.9618],[-58.9062,-67.8325,9.82078],false,[52.2781,83.9662,41.6021],[5.63732,97.9111,-2.69781],[-20.9428,134.388,2.84409],[-15.5562,148.843,24.7929],[-5.23701,150.3,39.135],[[[-0.655564,-0.550481,0.516921],[0.260981,-0.807518,-0.528965],[0.708608,-0.211864,0.673044]],[[-0.649029,-0.552403,0.52308],[-0.486922,-0.226654,-0.843525],[0.584524,-0.802171,-0.121872]],[[-0.649029,-0.552403,0.52308],[-0.733789,0.636029,-0.23879],[-0.200786,-0.538812,-0.818148]],[[-0.649029,-0.552403,0.52308],[-0.489861,0.829518,0.268208],[-0.582063,-0.0821622,-0.808982]]],2],[1663,[0.2336,0.656353,0.717379],166,60.7829,[-12.842,133.678,39.1692],[-13.5414,136.059,43.0459],[-26.3889,-70.1236,35.5919],false,[44.3907,77.0955,46.5936],[-2.46148,83.6237,11.174],[-28.9728,116.254,14.2002],[-22.8678,133.408,32.9486],[-11.3717,137.183,45.7662],[[[-0.561937,-0.513207,0.648726],[0.235933,-0.851126,-0.468957],[0.79282,-0.110468,0.599361]],[[-0.557939,-0.513757,0.651734],[-0.541406,-0.369854,-0.755042],[0.628954,-0.77412,-0.0717945]],[[-0.557939,-0.513757,0.651734],[-0.796326,0.552499,-0.246191],[-0.2336,-0.656353,-0.717379]],[[-0.557939,-0.513757,0.651734],[-0.513175,0.830771,0.215569],[-0.652192,-0.21418,-0.727167]]],3],[1664,[-0.905201,0.267911,-0.329902],166,47.6527,[-62.9613,98.9687,-4.27153],[-67.8839,89.7799,4.9141],[-66.2035,-202.226,178.945],false,[36.0261,74.6309,56.8035],[-9.94698,73.8121,27.1665],[-40.3274,79.5025,14.6191],[-57.0303,84.446,8.53175],[-71.5735,89.9409,3.76346],[[[-0.497606,-0.374811,0.782243],[0.21477,-0.926981,-0.307541],[0.840394,0.014968,0.541769]],[[-0.413005,-0.371549,0.831492],[-0.00208579,-0.912608,-0.408831],[0.910726,-0.170584,0.376137]],[[-0.413005,-0.371549,0.831492],[-0.100191,-0.888918,-0.446975],[0.905201,-0.267911,0.329902]],[[-0.413005,-0.371549,0.831492],[-0.172022,-0.864736,-0.471848],[0.894335,-0.33791,0.293226]]],4]],[[0,200,0],[235.247,235.247,147.751]]],[362712,1296169908121,[[166,"right",[-0.679986,0.0714331,-0.729737],[-0.459245,0.734352,0.499821],[17.8081,96.8481,18.2487],[-22.7447,-40.1202,-0.777512],[20.3043,98.9076,17.9387],0.805345,0,0.510975,[[-0.631972,-0.651396,0.419874],[0.256706,-0.687143,-0.679659],[0.731241,-0.321741,0.601473]],60.1145,[236.474,3.4072,209.952],[50.2108,85.3618,56.7429]]],[[1660,[-0.773776,0.385117,-0.502947],166,49.1675,[-1.19597,152.916,-1.77819],[-4.18877,151.152,-2.01203],[-150.297,-82.1013,-4.28727],false,[63.0997,110.768,51.6436],[63.0997,110.768,51.6436],[28.4256,130.036,26.2628],[3.53606,142.424,10.0848],[-6.17109,154.12,-5.92978],[[[0.0480685,-0.914504,-0.401712],[0.930766,0.186945,-0.314208],[0.362443,-0.358796,0.860175]],[[-0.0309578,-0.81601,-0.577208],[0.675961,0.408306,-0.613485],[0.736287,-0.409162,0.538951]],[[-0.0309578,-0.81601,-0.577208],[0.632702,0.431059,-0.643332],[0.773776,-0.385117,0.502947]],[[-0.0309578,-0.81601,-0.577208],[0.897636,0.231314,-0.375157],[0.439648,-0.529737,0.72532]]],0],[1661,[0.0638115,0.404004,0.912529],166,55.48,[1.1595,151.647,31.4896],[-2.14103,152.149,28.0509],[-89.7081,-58.4854,-10.1018],false,[60.3577,92.8061,38.6067],[16.2057,112.979,-11.0012],[-9.67158,143.406,-4.11758],[-8.2165,152.618,16.6906],[-0.68113,152.13,30.9313],[[[-0.677644,-0.653423,0.337397],[0.368963,-0.69897,-0.612624],[0.636133,-0.290654,0.714742]],[[-0.678371,-0.65309,0.33658],[-0.363585,-0.0996787,-0.926213],[0.638451,-0.750691,-0.169834]],[[-0.678371,-0.65309,0.33658],[-0.731943,0.640511,-0.23239],[-0.0638115,-0.404004,-0.912529]],[[-0.678371,-0.65309,0.33658],[-0.566805,0.756675,0.325846],[-0.467488,0.0302697,-0.883481]]],1],[1662,[0.209556,0.543247,0.813],166,63.215,[-6.36791,147.104,35.8129],[-7.78193,149.25,36.3662],[-55.7085,-66.9718,21.2668],false,[52.8095,84.3362,41.1029],[5.1941,97.4655,-2.40242],[-21.7545,133.599,3.59094],[-16.1327,148.173,25.4016],[-5.56162,149.809,39.5395],[[[-0.638374,-0.557888,0.53032],[0.262964,-0.805588,-0.530922],[0.723415,-0.199472,0.660971]],[[-0.631246,-0.559818,0.536779],[-0.500319,-0.234912,-0.833365],[0.592629,-0.794619,-0.1318]],[[-0.631246,-0.559818,0.536779],[-0.746736,0.625689,-0.225609],[-0.209556,-0.543247,-0.813]],[[-0.631246,-0.559818,0.536779],[-0.495973,0.82346,0.275545],[-0.59627,-0.0922911,-0.797461]]],2],[1663,[0.238507,0.661256,0.711235],166,60.7829,[-12.876,133.734,39.2839],[-13.6739,135.51,43.5862],[-22.1345,-69.8217,44.6775],false,[45.1105,77.3721,46.2565],[-2.45275,83.1135,11.6579],[-29.3222,115.405,15.1235],[-23.0889,132.687,33.7113],[-11.4096,136.659,46.3017],[[[-0.542954,-0.518835,0.660311],[0.23961,-0.849336,-0.470336],[0.804853,-0.0971537,0.585469]],[[-0.538591,-0.519353,0.66347],[-0.550979,-0.378648,-0.743672],[0.63745,-0.766093,-0.0822167]],[[-0.538591,-0.519353,0.66347],[-0.808106,0.541306,-0.232277],[-0.238507,-0.661256,-0.711235]],[[-0.538591,-0.519353,0.66347],[-0.520477,0.824311,0.222745],[-0.662589,-0.225353,-0.714278]]],3],[1664,[-0.914965,0.253221,-0.314193],166,47.6527,[-63.7324,97.2925,-2.7434],[-68.0806,88.2297,6.55303],[-54.7508,-198.237,184.442],false,[36.9649,74.8251,56.6221],[-9.51228,73.2528,27.8131],[-40.1982,78.4026,15.7864],[-57.0812,83.0751,9.98887],[-71.7863,88.3511,5.47675],[[[-0.478229,-0.379078,0.79221],[0.222403,-0.924918,-0.308323],[0.849608,0.0287411,0.526631]],[[-0.392157,-0.374399,0.840261],[0.00526496,-0.914327,-0.404943],[0.919883,-0.154377,0.360531]],[[-0.392157,-0.374399,0.840261],[-0.0951382,-0.892023,-0.441864],[0.914965,-0.253221,0.314193]],[[-0.392157,-0.374399,0.840261],[-0.168738,-0.868652,-0.465801],[0.90429,-0.324451,0.277473]]],4]],[[0,200,0],[235.247,235.247,147.751]]],[362713,1296169916776,[[166,"right",[-0.691483,0.0628509,-0.719654],[-0.461297,0.72823,0.506839],[17.8244,96.8147,18.1865],[-16.2032,-30.4891,-2.48118],[19.97,98.6254,17.9721],0.806248,0,0.51944,[[-0.633331,-0.653044,0.415242],[0.26083,-0.685304,-0.679946],[0.728601,-0.322323,0.604357]],60.1145,[236.525,3.63401,210.139],[50.9337,85.7371,56.196]]],[[1660,[-0.785949,0.375337,-0.491331],166,49.1675,[-3.10607,151.999,-1.86983],[-5.16365,150.845,-1.72483],[-140.653,-69.6234,5.73048],false,[63.4177,111.308,50.92],[63.4177,111.308,50.92],[28.1323,130.141,26.0596],[2.85117,142.214,10.2552],[-7.24776,153.788,-5.60492],[[[0.0539613,-0.913698,-0.402794],[0.923568,0.199024,-0.327738],[0.379619,-0.354323,0.854602]],[[-0.0289401,-0.816121,-0.577156],[0.661633,0.417167,-0.623067],[0.749269,-0.399897,0.5279]],[[-0.0289401,-0.816121,-0.577156],[0.617614,0.439396,-0.652292],[0.785949,-0.375337,0.491331]],[[-0.0289401,-0.816121,-0.577156],[0.888794,0.243198,-0.388459],[0.457393,-0.524215,0.718325]]],0],[1661,[0.0716095,0.404902,0.911552],166,55.48,[1.03901,151.655,31.385],[-2.71093,151.857,28.2774],[-83.5992,-51.9962,-0.349106],false,[60.7166,93.3165,37.9164],[15.5852,112.932,-11.0294],[-10.5903,143.016,-3.77912],[-8.95741,152.249,17.0068],[-1.20963,151.858,31.136],[[[-0.664138,-0.662203,0.346997],[0.368921,-0.693985,-0.61829],[0.650245,-0.282615,0.705203]],[[-0.664839,-0.661898,0.346237],[-0.375395,-0.104676,-0.920935],[0.645808,-0.742249,-0.17888]],[[-0.664839,-0.661898,0.346237],[-0.743547,0.630829,-0.221796],[-0.0716095,-0.404902,-0.911552]],[[-0.664839,-0.661898,0.346237],[-0.571795,0.749201,0.334289],[-0.480666,0.0242714,-0.876568]]],1],[1662,[0.216324,0.544581,0.810331],166,63.215,[-6.42928,147.166,35.8419],[-8.11482,148.871,36.7508],[-49.6436,-61.5059,28.681],false,[53.3157,84.7493,40.5191],[4.90192,97.2749,-2.27718],[-22.3782,133.071,4.2188],[-16.5748,147.681,25.9578],[-5.79908,149.435,39.9262],[[[-0.623277,-0.566222,0.539368],[0.265516,-0.801984,-0.535092],[0.735545,-0.1903,0.650199]],[[-0.615517,-0.56819,0.546168],[-0.511114,-0.239727,-0.825405],[0.599918,-0.787204,-0.142854]],[[-0.615517,-0.56819,0.546168],[-0.757854,0.616921,-0.212285],[-0.216324,-0.544581,-0.810331]],[[-0.615517,-0.56819,0.546168],[-0.5017,0.81693,0.284467],[-0.607812,-0.0989184,-0.787895]]],2],[1663,[0.242155,0.663076,0.708301],166,60.7829,[-12.9097,133.777,39.4115],[-13.733,135.07,44.0408],[-16.284,-65.3456,48.1905],false,[45.7836,77.6851,45.7819],[-2.35212,82.8216,11.8872],[-29.5304,114.798,15.8394],[-23.2018,132.127,34.3505],[-11.3771,136.231,46.7616],[[[-0.526473,-0.525976,0.667964],[0.243619,-0.846046,-0.474189],[0.81454,-0.0869192,0.573558]],[[-0.521793,-0.526466,0.671242],[-0.558566,-0.383877,-0.735284],[0.644777,-0.758599,-0.0937619]],[[-0.521793,-0.526466,0.671242],[-0.817981,0.532131,-0.218502],[-0.242155,-0.663076,-0.708301]],[[-0.521793,-0.526466,0.671242],[-0.526986,0.817688,0.231672],[-0.670834,-0.23285,-0.704104]]],3],[1664,[-0.922688,0.241599,-0.300462],166,47.6527,[-64.3901,95.7065,-1.27512],[-68.1128,87.0747,7.75049],[-40.6678,-180.761,172.41],false,[37.8245,75.0303,56.2646],[-9.04614,72.8663,28.1397],[-39.9702,77.6103,16.5645],[-56.9957,82.0683,11.0203],[-71.8312,87.1632,6.73261],[[[-0.461628,-0.385431,0.798964],[0.229767,-0.921888,-0.311976],[0.8568,0.0395585,0.514128]],[[-0.37483,-0.379647,0.845796],[0.0114524,-0.914136,-0.405247],[0.927023,-0.142212,0.346994]],[[-0.37483,-0.379647,0.845796],[-0.0902742,-0.893028,-0.440854],[0.922688,-0.241599,0.300462]],[[-0.37483,-0.379647,0.845796],[-0.164895,-0.870462,-0.463795],[0.912311,-0.313312,0.263674]]],4]],[[0,200,0],[235.247,235.247,147.751]]],[362714,1296169925480,[[166,"right",[-0.705509,0.0520671,-0.706786],[-0.463133,0.721012,0.515412],[17.8218,96.6994,18.2191],[-11.9587,-25.8858,-0.819697],[19.6778,98.3634,18.0057],0.807063,0,0.47456,[[-0.63484,-0.654908,0.409968],[0.265425,-0.683167,-0.680318],[0.725622,-0.323077,0.607531]],60.1145,[236.626,3.84428,210.362],[51.7933,86.1393,55.6101]]],[[1660,[-0.800572,0.363156,-0.476658],166,49.1675,[-4.78364,151.257,-1.65676],[-6.36291,150.374,-1.25365],[-140.283,-65.384,18.6811],false,[63.7796,111.901,50.1109],[63.7796,111.901,50.1109],[27.757,130.187,25.9089],[2.00552,141.869,10.5765],[-8.56942,153.284,-5.08759],[[[0.0607106,-0.912775,-0.403927],[0.914176,0.213317,-0.344642],[0.400745,-0.348337,0.847387]],[[-0.0269368,-0.816447,-0.576792],[0.643557,0.427359,-0.634979],[0.764924,-0.388303,0.513919]],[[-0.0269368,-0.816447,-0.576792],[0.598631,0.448924,-0.663406],[0.800572,-0.363156,0.476658]],[[-0.0269368,-0.816447,-0.576792],[0.877428,0.257146,-0.404965],[0.478952,-0.517002,0.709446]]],0],[1661,[0.0817541,0.406333,0.91006],166,55.48,[0.872749,151.65,31.276],[-3.39543,151.423,28.6735],[-82.5413,-51.5709,12.0577],false,[61.1192,93.8686,37.1552],[14.7952,112.778,-10.947],[-11.7171,142.449,-3.23236],[-9.85288,151.715,17.5195],[-1.84234,151.448,31.5044],[[[-0.647278,-0.672412,0.359016],[0.368201,-0.688211,-0.625135],[0.667428,-0.272446,0.693047]],[[-0.647958,-0.672134,0.35831],[-0.390234,-0.111046,-0.913995],[0.654116,-0.732055,-0.190337]],[[-0.647958,-0.672134,0.35831],[-0.757276,0.618974,-0.208337],[-0.0817541,-0.406333,-0.91006]],[[-0.647958,-0.672134,0.35831],[-0.577212,0.740244,0.344768],[-0.496967,0.0165746,-0.867611]]],1],[1662,[0.225252,0.546398,0.806666],166,63.215,[-6.50205,147.21,35.8925],[-8.49317,148.335,37.3374],[-46.111,-62.2776,40.5107],false,[53.9013,85.1877,39.8917],[4.51912,96.9578,-2.00309],[-23.1293,132.35,5.1205],[-17.0864,147.009,26.7612],[-6.05781,148.908,40.5115],[[[-0.604377,-0.575797,0.550624],[0.268034,-0.797797,-0.540072],[0.750258,-0.178821,0.636503]],[[-0.595894,-0.577774,0.557753],[-0.524618,-0.245774,-0.815089],[0.608018,-0.778314,-0.156655]],[[-0.595894,-0.577774,0.557753],[-0.770826,0.606322,-0.19545],[-0.225252,-0.546398,-0.806666]],[[-0.595894,-0.577774,0.557753],[-0.507869,0.809136,0.295581],[-0.622077,-0.107131,-0.775592]]],2],[1663,[0.24791,0.665063,0.704437],166,60.7829,[-12.9388,133.8,39.5483],[-13.7504,134.47,44.7304],[-9.76019,-66.9583,58.4606],false,[46.578,78.0077,45.2907],[-2.24767,82.3945,12.2891],[-29.7528,114.004,16.8742],[-23.2738,131.386,35.2844],[-11.2634,135.646,47.4624],[[[-0.505857,-0.534046,0.677424],[0.247949,-0.842191,-0.478786],[0.826214,-0.074231,0.558444]],[[-0.500762,-0.534492,0.680849],[-0.568718,-0.389804,-0.724301],[0.652531,-0.749914,-0.108776]],[[-0.500762,-0.534492,0.680849],[-0.829324,0.521544,-0.200532],[-0.24791,-0.665063,-0.704437]],[[-0.500762,-0.534492,0.680849],[-0.533822,0.80988,0.243163],[-0.681375,-0.241686,-0.690881]]],3],[1664,[-0.93164,0.227917,-0.283021],166,47.6527,[-64.9214,94.2356,0.126679],[-68.1346,85.6146,9.37142],[-29.7504,-176.468,176.415],false,[38.8553,75.2304,55.9176],[-8.48597,72.3374,28.6599],[-39.6877,76.59,17.6529],[-56.8784,80.7956,12.4306],[-71.8636,85.6819,8.42991],[[[-0.4408,-0.392503,0.80724],[0.238265,-0.918229,-0.316363],[0.865405,0.052884,0.498275]],[[-0.353248,-0.385368,0.852471],[0.018481,-0.913914,-0.405486],[0.935347,-0.127483,0.32996]],[[-0.353248,-0.385368,0.852471],[-0.0852254,-0.894173,-0.439536],[0.93164,-0.227917,0.283021]],[[-0.353248,-0.385368,0.852471],[-0.161345,-0.872468,-0.461267],[0.921512,-0.300483,0.24602]]],4]],[[0,200,0],[235.247,235.247,147.751]]],[362715,1296169934112,[[166,"right",[-0.733447,0.0334438,-0.678924],[-0.474103,0.690578,0.546195],[18.483,95.0123,19.2074],[11.5106,-70.8197,29.7374],[19.512,97.8985,18.1724],0.807809,0,0.329094,[[-0.62893,-0.675568,0.384778],[0.293272,-0.664504,-0.687332],[0.720027,-0.31944,0.616052]],60.1145,[237.684,3.92985,212.019],[54.2773,85.2983,55.0972]]],[[1660,[-0.833104,0.335977,-0.439382],166,49.1675,[-6.84385,149.582,0.0599054],[-8.73148,147.914,1.69438],[-176.598,-123.194,104.312],false,[64.9155,111.658,49.6582],[64.9155,111.658,49.6582],[27.2413,128.769,27.1725],[0.443333,139.577,13.0392],[-11.2117,150.79,-1.99128],[[[0.0849169,-0.901871,-0.423577],[0.890292,0.259563,-0.374175],[0.447403,-0.345333,0.82497]],[[-0.0133843,-0.806389,-0.591234],[0.599858,0.466593,-0.64997],[0.799995,-0.363356,0.477474]],[[-0.0133843,-0.806389,-0.591234],[0.552954,0.486679,-0.676303],[0.833104,-0.335977,0.439382]],[[-0.0133843,-0.806389,-0.591234],[0.849221,0.302983,-0.432465],[0.527869,-0.507876,0.680747]]],0],[1661,[0.0982199,0.393558,0.914038],166,55.48,[0.630031,151.526,31.2691],[-4.69792,148.556,31.4827],[-101.198,-126.103,95.5156],false,[62.5506,93.759,36.4621],[13.6549,111.458,-9.50785],[-13.8196,139.785,-0.258251],[-11.5799,148.759,20.5843],[-3.04103,148.6,34.2547],[[[-0.603348,-0.706613,0.369688],[0.373735,-0.660052,-0.651654],[0.704481,-0.255009,0.662327]],[[-0.604029,-0.706366,0.369048],[-0.419118,-0.112317,-0.900958],[0.677856,-0.698879,-0.228208]],[[-0.604029,-0.706366,0.369048],[-0.790887,0.588353,-0.168341],[-0.0982199,-0.393558,-0.914038]],[[-0.604029,-0.706366,0.369048],[-0.595415,0.707778,0.380173],[-0.529745,0.00989902,-0.848099]]],1],[1662,[0.231744,0.541457,0.808158],166,63.215,[-6.61317,147.134,36.0608],[-9.30855,145.09,40.2889],[-59.1133,-145.576,120.53],false,[55.8259,84.7206,39.2958],[4.42306,95.043,-0.49745],[-24.4499,129.045,8.33375],[-18.2328,143.571,30.0145],[-6.78235,145.713,43.379],[[[-0.557436,-0.611623,0.56141],[0.281727,-0.775449,-0.565073],[0.780957,-0.156828,0.604575]],[[-0.54853,-0.613365,0.568241],[-0.544022,-0.254274,-0.799616],[0.634945,-0.747748,-0.194207]],[[-0.54853,-0.613365,0.568241],[-0.803374,0.574985,-0.154861],[-0.231744,-0.541456,-0.808158]],[[-0.54853,-0.613365,0.568241],[-0.531005,0.78051,0.329905],[-0.64587,-0.120776,-0.753833]]],2],[1663,[0.247127,0.661867,0.707715],166,60.7829,[-12.967,133.715,39.7985],[-13.6187,130.884,47.6418],[-1.77268,-159.944,133.666],false,[49.0318,77.1294,44.8227],[-1.1568,79.9432,13.7506],[-29.7658,110.254,20.0387],[-23.3072,127.551,38.5345],[-11.0249,132.107,50.3284],[[[-0.456077,-0.567827,0.685249],[0.265933,-0.82177,-0.503959],[0.849278,-0.0476142,0.525794]],[[-0.450553,-0.568124,0.688648],[-0.57995,-0.400186,-0.709584],[0.678719,-0.719087,-0.149179]],[[-0.450553,-0.568124,0.688648],[-0.857863,0.489047,-0.157807],[-0.247127,-0.661867,-0.707715]],[[-0.450553,-0.568124,0.688648],[-0.558096,0.781311,0.279431],[-0.6968,-0.258434,-0.66909]]],3],[1664,[-0.950591,0.193535,-0.242735],166,47.6527,[-65.2656,92.1728,1.95539],[-67.1873,80.3063,13.3705],[9.0026,-290.709,252.617],false,[41.8464,73.8251,55.6733],[-6.32586,69.3308,30.1432],[-38.0782,72.3969,20.3874],[-55.6186,75.968,15.9084],[-70.934,80.3128,12.5924],[[[-0.392346,-0.425883,0.815284],[0.265739,-0.90104,-0.342797],[0.880595,0.0821576,0.466693]],[[-0.303559,-0.415701,0.857347],[0.0427722,-0.904845,-0.423587],[0.951852,-0.0919131,0.292455]],[[-0.303559,-0.415701,0.857347],[-0.0650218,-0.888671,-0.453911],[0.950591,-0.193535,0.242735]],[[-0.303559,-0.415701,0.857347],[-0.144299,-0.869371,-0.472622],[0.941823,-0.267183,0.203921]]],4]],[[0,200,0],[235.247,235.247,147.751]]],[362716,1296169942785,[[166,"right",[-0.751193,0.0163805,-0.65988],[-0.481254,0.670625,0.564497],[18.6935,95.0476,19.1925],[14.9032,-50.8919,21.369],[19.3993,97.506,18.3129],0.808505,0,0.353281,[[-0.625238,-0.687571,0.369221],[0.305005,-0.650747,-0.695342],[0.718366,-0.32214,0.616584]],60.1145,[238.659,4.09048,211.133],[55.675,86.1467,54.0752]]],[[1660,[-0.854048,0.313637,-0.41501],166,49.1675,[-8.78992,148.464,1.47383],[-10.5875,147.231,2.8735],[-187.122,-111.167,112.82],false,[65.3473,112.872,48.6203],[65.3473,112.872,48.6203],[26.601,128.997,27.2547],[-0.870654,139.085,13.9053],[-13.2538,150.058,-0.714858],[[[0.10207,-0.895053,-0.434122],[0.871976,0.290542,-0.394008],[0.478789,-0.338327,0.810121]],[[-0.00343891,-0.801186,-0.598406],[0.568379,0.490784,-0.660361],[0.82276,-0.342392,0.45369]],[[-0.00343891,-0.801186,-0.598406],[0.520182,0.50964,-0.68533],[0.854048,-0.313637,0.41501]],[[-0.00343891,-0.801186,-0.598406],[0.827911,0.333338,-0.451053],[0.560848,-0.496978,0.662165]]],0],[1661,[0.108899,0.388717,0.914899],166,55.48,[0.31026,151.351,31.3117],[-5.83776,147.735,32.5347],[-109.584,-117.935,102.668],false,[63.2041,95.0239,35.3188],[12.6267,111.584,-9.23457],[-15.48,138.952,0.953721],[-12.9968,147.816,21.8159],[-4.1127,147.807,35.2655],[[[-0.571492,-0.728337,0.378051],[0.377332,-0.642339,-0.667099],[0.72871,-0.238591,0.641916]],[[-0.57216,-0.728118,0.377462],[-0.437899,-0.11793,-0.891256],[0.693453,-0.675231,-0.251368]],[[-0.57216,-0.728118,0.377462],[-0.81288,0.564574,-0.143117],[-0.108899,-0.388717,-0.914899]],[[-0.57216,-0.728118,0.377462],[-0.607333,0.685452,0.401625],[-0.551162,0.000548358,-0.834398]]],1],[1662,[0.2353,0.541496,0.807103],166,63.215,[-6.76395,147.01,36.2872],[-10.0976,144.048,41.4404],[-67.7103,-138.927,123.865],false,[56.8377,85.7552,38.2351],[4.14179,94.8098,-0.150616],[-25.5424,127.811,9.72706],[-19.23,142.338,31.3795],[-7.51426,144.723,44.47],[[[-0.523682,-0.633629,0.569448],[0.291189,-0.761308,-0.579326],[0.800603,-0.137566,0.58319]],[[-0.514435,-0.63517,0.576121],[-0.55608,-0.264338,-0.787972],[0.652787,-0.72573,-0.21722]],[[-0.514435,-0.63517,0.576121],[-0.824615,0.550764,-0.129109],[-0.2353,-0.541496,-0.807103]],[[-0.514435,-0.63517,0.576121],[-0.546494,0.760569,0.350542],[-0.660833,-0.134515,-0.73838]]],2],[1663,[0.244431,0.663114,0.707484],166,60.7829,[-13.0033,133.579,40.1116],[-13.7732,129.654,48.7692],[-6.0658,-155.366,132.996],false,[50.4258,77.9073,43.8591],[-0.601476,79.4193,14.0895],[-29.9648,108.766,21.3906],[-23.5767,126.096,39.8804],[-11.1461,130.934,51.4036],[[[-0.42061,-0.587761,0.691103],[0.278404,-0.80863,-0.518275],[0.863469,-0.0255864,0.503753]],[[-0.414925,-0.587917,0.6944],[-0.58529,-0.41186,-0.698432],[0.696615,-0.696222,-0.173211]],[[-0.414925,-0.587917,0.6944],[-0.876408,0.463286,-0.131437],[-0.244431,-0.663114,-0.707484]],[[-0.414925,-0.587917,0.6944],[-0.574902,0.760949,0.300739],[-0.705212,-0.274428,-0.653731]]],3],[1664,[-0.961684,0.170177,-0.214951],166,47.6527,[-65.4845,89.9583,3.91378],[-66.597,77.7799,15.4284],[26.1993,-286.656,249.383],false,[43.6253,74.2856,54.8555],[-5.01901,68.5082,30.5058],[-37.0887,70.7055,21.59],[-54.8338,73.8456,17.6237],[-70.339,77.8439,14.7885],[[[-0.358026,-0.44503,0.820833],[0.284779,-0.889267,-0.357919],[0.889224,0.105611,0.445115]],[[-0.268892,-0.432494,0.860608],[0.0589063,-0.899227,-0.433498],[0.961367,-0.065869,0.267272]],[[-0.268892,-0.432494,0.860608],[-0.0534909,-0.885431,-0.461682],[0.961684,-0.170177,0.214951]],[[-0.268892,-0.432494,0.860608],[-0.136195,-0.867465,-0.478494],[0.953492,-0.245874,0.174351]]],4]],[[0,200,0],[235.247,235.247,147.751]]],[362717,1296169951462,[[166,"right",[-0.758542,0.00773277,-0.651579],[-0.485079,0.660969,0.572554],[18.7352,95.0701,19.2855],[12.2181,-36.6561,18.5333],[19.3124,97.1873,18.4401],0.809151,0,0.370559,[[-0.62321,-0.693367,0.361734],[0.310221,-0.643773,-0.699513],[0.717894,-0.323726,0.616303]],60.1145,[239.09,4.12585,210.711],[56.2267,86.5861,53.725]]],[[1660,[-0.863156,0.302481,-0.40431],166,49.1675,[-10.1608,147.775,2.45136],[-11.5041,146.88,3.50848],[-165.749,-92.2764,102.398],false,[65.4352,113.477,48.2787],[65.4352,113.477,48.2787],[26.2205,129.107,27.4055],[-1.54409,138.836,14.4003],[-14.2565,149.68,-0.0326205],[[[0.110769,-0.891628,-0.43901],[0.863133,0.305284,-0.402249],[0.492679,-0.334368,0.803409]],[[0.00201542,-0.798644,-0.6018],[0.553713,0.502016,-0.664366],[0.832705,-0.331886,0.443231]],[[0.00201542,-0.798644,-0.6018],[0.504933,0.520263,-0.688745],[0.863156,-0.302481,0.40431]],[[0.00201542,-0.798644,-0.6018],[0.817617,0.347809,-0.458836],[0.575759,-0.491118,0.653686]]],0],[1661,[0.11277,0.386796,0.915244],166,55.48,[-0.0476791,151.151,31.3839],[-6.45624,147.33,33.0989],[-99.5202,-99.0794,92.7956],false,[63.4152,95.6526,34.9255],[12.109,111.629,-9.00322],[-16.3026,138.524,1.58958],[-13.7311,147.344,22.4597],[-4.70215,147.417,35.8122],[[[-0.556285,-0.738423,0.381156],[0.379625,-0.633836,-0.673897],[0.739211,-0.230182,0.632917]],[[-0.556928,-0.738222,0.380604],[-0.445491,-0.121243,-0.887039],[0.700977,-0.663573,-0.261348]],[[-0.556928,-0.738222,0.380604],[-0.822869,0.552646,-0.132168],[-0.11277,-0.386796,-0.915244]],[[-0.556928,-0.738222,0.380604],[-0.613238,0.674543,0.411011],[-0.560151,-0.00449722,-0.828378]]],1],[1662,[0.235925,0.54179,0.806724],166,63.215,[-6.93206,146.866,36.5367],[-10.5481,143.541,42.0524],[-63.5711,-117.567,109.68],false,[57.2215,86.2769,37.8716],[3.97766,94.6917,0.101255],[-26.0935,127.197,10.4416],[-19.7642,141.732,32.0839],[-7.94245,144.242,45.0549],[[[-0.507811,-0.643787,0.572422],[0.29625,-0.75445,-0.585697],[0.808927,-0.127844,0.57384]],[[-0.498344,-0.645234,0.579074],[-0.560661,-0.269619,-0.782921],[0.661296,-0.714828,-0.227395]],[[-0.498344,-0.645234,0.579074],[-0.834262,0.538644,-0.117771],[-0.235925,-0.54179,-0.806724]],[[-0.498344,-0.645234,0.579074],[-0.554084,0.750746,0.359681],[-0.666816,-0.141611,-0.731644]]],2],[1663,[0.24091,0.664525,0.707368],166,60.7829,[-13.0469,133.423,40.4445],[-13.9654,129.087,49.3578],[-10.8169,-131.284,115.727],false,[50.9904,78.3102,43.5317],[-0.377006,79.1733,14.3267],[-30.1046,108.037,22.0665],[-23.8085,125.404,40.5532],[-11.3464,130.409,51.9702],[[[-0.404114,-0.596865,0.69314],[0.284848,-0.802209,-0.524712],[0.869226,-0.0146041,0.4942]],[[-0.398279,-0.59695,0.696437],[-0.586505,-0.418035,-0.693728],[0.705256,-0.684761,-0.183619]],[[-0.398279,-0.59695,0.696437],[-0.885063,0.449508,-0.120855],[-0.24091,-0.664525,-0.707368]],[[-0.398279,-0.59695,0.696437],[-0.584401,0.750349,0.308953],[-0.707001,-0.283949,-0.647706]]],3],[1664,[-0.965911,0.162114,-0.201827],166,47.6527,[-65.6252,87.9194,5.73869],[-66.3098,76.6333,16.4261],[29.0681,-240.561,214.313],false,[44.3662,74.5413,54.586],[-4.44958,68.1296,30.7435],[-36.6395,69.9386,22.1808],[-54.4626,72.9299,18.4567],[-70.0332,76.8386,15.8652],[[[-0.342268,-0.453736,0.822786],[0.294193,-0.883395,-0.364779],[0.892358,0.117206,0.435844]],[[-0.253843,-0.440184,0.861279],[0.0662846,-0.896269,-0.43853],[0.964972,-0.0542282,0.256689]],[[-0.253843,-0.440184,0.861279],[-0.0507844,-0.883152,-0.46633],[0.965911,-0.162114,0.201827]],[[-0.253843,-0.440184,0.861279],[-0.136871,-0.865138,-0.482496],[0.957512,-0.240363,0.159361]]],4]],[[0,200,0],[235.247,235.247,147.751]]],[362718,1296169960102,[[166,"right",[-0.775629,0.0312117,-0.630417],[-0.484762,0.610193,0.626634],[17.9165,93.7762,20.0935],[-16.1546,-66.6526,38.42],[19.1321,96.7467,18.6537],0.809751,0,0.370856,[[-0.592749,-0.738318,0.321768],[0.352483,-0.597042,-0.720622],[0.724157,-0.313731,0.614141]],60.1145,[240.958,4.09194,209.386],[56.4991,84.0062,52.9506]]],[[1660,[-0.880374,0.306683,-0.361783],166,49.1675,[-11.8694,146.964,5.22865],[-13.9201,145.744,8.50998],[-196.443,-102.188,229.406],false,[64.9358,111.414,49.0485],[64.9358,111.414,49.0485],[24.8296,127.393,30.2362],[-3.48879,137.258,18.599],[-16.8341,148.696,5.23585],[[[0.119571,-0.858236,-0.499133],[0.844818,0.352037,-0.402929],[0.521522,-0.373498,0.767147]],[[0.00434738,-0.757555,-0.652757],[0.524115,0.557648,-0.643686],[0.851636,-0.339322,0.39947]],[[0.00434738,-0.757555,-0.652757],[0.47426,0.576243,-0.665598],[0.880374,-0.306683,0.361783]],[[0.00434738,-0.757555,-0.652757],[0.796651,0.397173,-0.455632],[0.604424,-0.518039,0.605233]]],0],[1661,[0.127914,0.329453,0.935467],166,55.48,[-0.499532,150.792,31.7166],[-8.11425,144.393,37.9123],[-124.327,-162.488,216.39],false,[62.9724,94.4491,34.6111],[10.1575,111.967,-6.87408],[-18.5838,137.404,6.15233],[-15.667,144.916,27.4836],[-6.29017,144.348,40.582],[[[-0.528725,-0.775159,0.345801],[0.376043,-0.579161,-0.723301],[0.760947,-0.252391,0.59771]],[[-0.529356,-0.774949,0.345305],[-0.465771,-0.0747299,-0.881744],[0.709111,-0.62759,-0.32139]],[[-0.529356,-0.774949,0.345305],[-0.838701,0.539365,-0.0752709],[-0.127914,-0.329453,-0.935467]],[[-0.529356,-0.774949,0.345305],[-0.617553,0.631038,0.469489],[-0.581731,0.0352825,-0.812616]]],1],[1662,[0.236128,0.500161,0.833116],166,63.215,[-7.20468,146.539,37.0338],[-12.1794,140.07,46.6167],[-101.569,-190.918,219.484],false,[57.0775,84.7514,37.0911],[2.66507,94.2782,1.30235],[-28.0198,125.207,14.3281],[-21.6851,138.625,36.6784],[-9.68966,140.748,49.5589],[[[-0.477365,-0.691964,0.541579],[0.297857,-0.707274,-0.641128],[0.826682,-0.144739,0.543734]],[[-0.466392,-0.693818,0.548721],[-0.571956,-0.236674,-0.785399],[0.674792,-0.680149,-0.28645]],[[-0.466392,-0.693818,0.548721],[-0.85248,0.518127,-0.0694418],[-0.236128,-0.500161,-0.833116]],[[-0.466392,-0.693818,0.548721],[-0.569803,0.710121,0.413585],[-0.676612,-0.11977,-0.726534]]],2],[1663,[0.244144,0.623071,0.743086],166,60.7829,[-13.1354,133.048,41.0197],[-14.7526,124.957,53.146],[-32.1504,-223.384,201.933],false,[51.1852,76.2822,42.3718],[-0.9492,77.7661,14.5852],[-31.1141,105.323,24.9498],[-24.7335,121.607,44.37],[-12.0941,126.173,55.776],[[[-0.371595,-0.650423,0.662471],[0.289192,-0.759157,-0.583136],[0.882205,-0.0251097,0.470196]],[[-0.365627,-0.650577,0.665632],[-0.595138,-0.386442,-0.704608],[0.71563,-0.653767,-0.24589]],[[-0.365627,-0.650577,0.665632],[-0.89817,0.434203,-0.068977],[-0.244144,-0.623071,-0.743086]],[[-0.365627,-0.650577,0.665632],[-0.593419,0.713887,0.371779],[-0.717057,-0.259066,-0.647081]]],3],[1664,[-0.9736,0.163332,-0.159452],166,47.6527,[-65.7997,85.7819,7.61785],[-66.701,73.7865,18.3952],[10.3509,-254.841,220.267],false,[44.947,71.6408,53.3182],[-4.32639,65.5827,30.3403],[-36.7773,67.3363,22.8135],[-54.7422,70.3501,19.8713],[-70.4154,74.3057,18.0994],[[[-0.309633,-0.514522,0.799622],[0.304672,-0.850296,-0.429152],[0.900724,0.110742,0.42004]],[[-0.221112,-0.501407,0.836481],[0.0691615,-0.863613,-0.499388],[0.972793,-0.0525684,0.225633]],[[-0.221112,-0.501407,0.836481],[-0.0566742,-0.849655,-0.524284],[0.9736,-0.163332,0.159452]],[[-0.221112,-0.501407,0.836481],[-0.14884,-0.830313,-0.537053],[0.963824,-0.243251,0.108963]]],4]],[[0,200,0],[235.247,235.247,147.751]]],[362719,1296169968832,[[166,"right",[-0.782558,0.0192549,-0.62228],[-0.488937,0.599756,0.633429],[18.0979,93.692,20.0648],[-6.27207,-51.3982,27.2617],[19.0019,96.362,18.8314],0.810316,0,0.376572,[[-0.589653,-0.744451,0.313213],[0.359617,-0.589243,-0.723512],[0.723177,-0.313984,0.615166]],60.1145,[241.395,4.53518,209.189],[57.1859,84.514,52.4925]]],[[1660,[-0.889349,0.292147,-0.351722],166,49.1675,[-13.0628,146.309,6.76246],[-14.7696,145.128,8.96667],[-170.241,-93.6659,182.141],false,[65.0962,112.077,48.5856],[65.0962,112.077,48.5856],[24.5225,127.402,30.2368],[-4.0846,136.8,18.9232],[-17.773,148.036,5.73715],[[[0.129527,-0.854579,-0.502909],[0.834242,0.368062,-0.410573],[0.535969,-0.366367,0.7606]],[[0.0109068,-0.755473,-0.655089],[0.507532,0.568651,-0.647339],[0.861564,-0.325418,0.389629]],[[0.0109068,-0.755473,-0.655089],[0.457098,0.586439,-0.668693],[0.889349,-0.292147,0.351722]],[[0.0109068,-0.755473,-0.655089],[0.784554,0.412646,-0.462816],[0.619965,-0.508905,0.59721]]],0],[1661,[0.131516,0.329217,0.93505],166,55.48,[-0.968684,150.41,32.061],[-8.65305,143.794,38.2866],[-107.693,-137.536,170.118],false,[63.2831,95.1212,34.1184],[9.73944,111.818,-6.76662],[-19.3187,136.704,6.61696],[-16.3197,144.211,27.9387],[-6.79994,143.773,40.9386],[[[-0.511334,-0.785362,0.348918],[0.37869,-0.570381,-0.728875],[0.771447,-0.240567,0.589064]],[[-0.511943,-0.785172,0.348453],[-0.473212,-0.0807707,-0.877238],[0.716927,-0.613988,-0.330202]],[[-0.511943,-0.785172,0.348453],[-0.848892,0.52452,-0.0652778],[-0.131516,-0.329218,-0.93505]],[[-0.511943,-0.785172,0.348453],[-0.623783,0.618682,0.477626],[-0.5906,0.027158,-0.806507]]],1],[1662,[0.234056,0.503349,0.831779],166,63.215,[-7.50347,146.176,37.557],[-12.608,139.415,47.0268],[-88.2317,-159.71,173.334],false,[57.5865,85.3138,36.6301],[2.64586,93.9769,1.43373],[-28.4679,124.303,14.8528],[-22.1888,137.806,37.1673],[-10.1256,140.15,49.9458],[[[-0.459423,-0.701823,0.544404],[0.303636,-0.700087,-0.646284],[0.834707,-0.131617,0.534735]],[[-0.44779,-0.703582,0.551776],[-0.575605,-0.245396,-0.780038],[0.684225,-0.666898,-0.2951]],[[-0.44779,-0.703582,0.551776],[-0.862961,0.501609,-0.0607168],[-0.234056,-0.503349,-0.831779]],[[-0.44779,-0.703582,0.551776],[-0.580081,0.698207,0.419539],[-0.680434,-0.13221,-0.720785]]],2],[1663,[0.240495,0.625366,0.742348],166,60.7829,[-13.2307,132.611,41.6525],[-14.7799,124.214,53.5585],[-24.3146,-186.371,160.875],false,[51.8998,76.7269,41.946],[-0.538168,77.3661,14.7037],[-31.063,104.364,25.4783],[-24.7777,120.708,44.8792],[-12.1133,125.478,56.1736],[[[-0.353155,-0.658756,0.664321],[0.296491,-0.752279,-0.588362],[0.887341,-0.0108176,0.460986]],[[-0.347104,-0.658814,0.667445],[-0.595901,-0.394618,-0.699413],[0.724169,-0.6405,-0.255615]],[[-0.347104,-0.658814,0.667445],[-0.906466,0.418189,-0.0586256],[-0.240495,-0.625366,-0.742348]],[[-0.347104,-0.658814,0.667445],[-0.602754,0.70195,0.379412],[-0.718475,-0.27061,-0.640752]]],3],[1664,[-0.977134,0.157715,-0.142604],166,47.6527,[-65.8624