{"metadata":{"formatVersion":2,"generatedBy":"LeapJS Playback 0.2.1","frames":2,"frameRate":"1.1e+2","modified":"Tue Jun 02 2015 20:52:33 GMT-0300 (E. South America Standard Time)","title":"o"},"frames":[["id","timestamp",{"hands":[["id","type","direction","palmNormal","palmPosition","palmVelocity","stabilizedPalmPosition","pinchStrength","grabStrength","confidence","armBasis","armWidth","elbow","wrist"]]},{"pointables":[["id","direction","handId","length","stabilizedTipPosition","tipPosition","tipVelocity","tool","carpPosition","mcpPosition","pipPosition","dipPosition","btipPosition","bases","type"]]},{"interactionBox":["center","size"]}],[372036,1296274028638,[[169,"right",[-0.534351,0.726999,-0.431209],[-0.736956,-0.650541,-0.183553],[22.3006,113.426,-7.53805],[5.84468,-25.0218,20.0049],[24.2574,120.026,-7.16131],1,1,0.489466,[[0.190533,-0.259642,-0.946722],[-0.0913184,0.95552,-0.280434],[0.977424,0.139885,0.158348]],63.1048,[318.512,113.076,51.9802],[57.155,75.6713,9.63891]]],[[1690,[-0.857779,0.192269,-0.476705],169,51.6132,[-41.2223,91.9267,-23.4244],[-40.4654,87.8339,-22.129],[27.8029,-96.6139,43.3004],false,[39.3962,72.4523,34.0775],[39.3962,72.4523,34.0775],[-2.67107,81.6348,9.78939],[-31.6352,88.127,-6.30722],[-43.8318,87.3558,-26.0012],[[[0.721462,0.635316,-0.27544],[0.204962,0.184023,0.961315],[0.661426,-0.750006,0.00254997]],[[0.340278,0.907503,-0.246272],[-0.400118,0.376746,0.835445],[0.85095,-0.185745,0.491306]],[[0.340278,0.907503,-0.246272],[-0.38526,0.373459,0.843862],[0.857779,-0.192269,0.476705]],[[0.340278,0.907503,-0.246272],[-0.779295,0.418726,0.466227],[0.526223,0.0332718,0.849696]]],0],[1691,[-0.208773,-0.976219,0.0584021],169,58.2398,[-35.9732,105.832,-7.81133],[-37.9293,97.9476,-5.02862],[21.4888,-92.8138,37.5666],false,[51.311,90.999,26.0063],[0.382792,138.265,4.0806],[-39.187,132.427,-10.4263],[-44.1844,109.059,-9.02832],[-36.5464,94.8105,-4.03354],[[[0.318366,-0.094517,-0.943244],[0.640352,0.755128,0.140466],[0.698994,-0.648728,0.300932]],[[0.358303,-0.131919,-0.924238],[-0.0818384,0.981718,-0.17185],[0.930012,0.137212,0.340956]],[[0.358303,-0.131919,-0.924238],[-0.909963,0.172031,-0.377323],[0.208773,0.976219,-0.0584021]],[[0.358303,-0.131919,-0.924238],[-0.817225,-0.522969,-0.242172],[-0.451401,0.842081,-0.295189]]],1],[1692,[-0.199066,-0.944347,0.261881],169,66.3595,[-30.4677,91.9981,-14.0797],[-33.5204,80.4564,-10.7416],[33.5888,-92.4178,31.0362],false,[55.8233,91.5104,14.6889],[10.9296,134.944,-14.8419],[-33.0128,118.608,-23.8324],[-38.6189,92.0136,-16.4574],[-32.4252,76.1817,-8.88495],[[[0.296016,-0.30863,-0.903948],[0.700148,0.713852,-0.0144496],[0.649744,-0.62862,0.427398]],[[0.300742,-0.313203,-0.90081],[-0.249293,0.88588,-0.39124],[0.920547,0.342228,0.188342]],[[0.300742,-0.313203,-0.90081],[-0.932699,0.100562,-0.346353],[0.199066,0.944347,-0.261881]],[[0.300742,-0.313203,-0.90081],[-0.893753,-0.422163,-0.151604],[-0.332806,0.850695,-0.406888]]],2],[1693,[-0.307047,-0.877669,0.367994],169,63.8065,[-20.4681,85.2134,-25.0626],[-22.8208,76.6538,-23.0697],[29.981,-76.2064,24.4032],false,[59.5035,88.9211,3.38492],[23.303,125.545,-31.2069],[-17.6077,111.63,-40.726],[-26.0314,87.5519,-30.6303],[-22.1996,72.563,-20.4797],[[[0.334776,-0.450702,-0.827522],[0.739863,0.669574,-0.0653638],[0.583547,-0.590371,0.557616]],[[0.347293,-0.463339,-0.815294],[-0.156703,0.82851,-0.537601],[0.924571,0.314464,0.215129]],[[0.347293,-0.463339,-0.815294],[-0.886064,0.122532,-0.447075],[0.307047,0.877669,-0.367994]],[[0.347293,-0.463339,-0.815294],[-0.914606,-0.359349,-0.185376],[-0.207084,0.810052,-0.548572]]],3],[1694,[-0.343956,-0.81423,0.467679],169,50.0231,[-3.76994,87.8743,-34.9004],[-4.94917,81.1654,-33.8376],[20.1764,-65.5951,29.5237],false,[60.1584,79.8357,-7.37113],[32.3865,112.687,-45.4134],[-1.70773,106.405,-50.3509],[-8.37015,90.6338,-41.2919],[-4.54834,77.4385,-31.1591],[[[0.273186,-0.620398,-0.73517],[0.831555,0.536517,-0.143755],[0.483617,-0.572063,0.662464]],[[0.218388,-0.553778,-0.803515],[-0.066047,0.813114,-0.578345],[0.973624,0.179373,0.140999]],[[0.218388,-0.553778,-0.803515],[-0.913237,0.174238,-0.368293],[0.343956,0.81423,-0.467679]],[[0.218388,-0.553778,-0.803515],[-0.949833,-0.309529,-0.04483],[-0.223885,0.772995,-0.593594]]],4]],[[0,200,0],[235.247,235.247,147.751]]],[372037,1296274037147,[[169,"right",[-0.540531,0.726604,-0.424115],[-0.731667,-0.654831,-0.189368],[22.278,112.721,-6.95958],[3.62007,-40.1625,32.5639],[24.2403,119.963,-7.15957],1,1,0.533244,[[0.186787,-0.25017,-0.950014],[-0.100206,0.957137,-0.271748],[0.977277,0.145956,0.153712]],63.1048,[318.768,114.122,50.9478],[57.4505,75.0944,9.84627]]],[[1690,[-0.862372,0.191606,-0.468616],169,51.6132,[-41.146,90.848,-22.9559],[-40.2958,86.7108,-21.6764],[26.5335,-106.135,45.7169],false,[39.7309,71.4992,34.2608],[39.7309,71.4992,34.2608],[-2.39623,80.5055,10.0106],[-31.5155,86.9754,-5.81292],[-43.6139,86.2302,-25.5683],[[[0.716071,0.643803,-0.269741],[0.203915,0.17664,0.962921],[0.667578,-0.744524,-0.00479423]],[[0.332014,0.912818,-0.237759],[-0.404459,0.365476,0.838356],[0.852162,-0.182182,0.490541]],[[0.332014,0.912818,-0.237759],[-0.382205,0.360624,0.850805],[0.862372,-0.191606,0.468616]],[[0.332014,0.912818,-0.237759],[-0.785681,0.407099,0.465808],[0.521989,0.032148,0.852346]]],0],[1691,[-0.200709,-0.97841,0.0492873],169,58.2398,[-36.0716,105.435,-7.67475],[-37.8221,96.7244,-4.57144],[19.1457,-106.206,41.8526],false,[51.4886,90.2187,26.3598],[0.162235,137.268,4.90178],[-39.3653,131.241,-9.64317],[-44.1696,107.821,-8.46338],[-36.4123,93.5893,-3.60621],[[[0.318667,-0.0830019,-0.944226],[0.634184,0.75902,0.147309],[0.704459,-0.645755,0.294513]],[[0.358924,-0.120255,-0.925588],[-0.0899969,0.982586,-0.162559],[0.929018,0.141647,0.341851]],[[0.358924,-0.120255,-0.925588],[-0.911531,0.168083,-0.375311],[0.200709,0.97841,-0.0492873]],[[0.358924,-0.120255,-0.925588],[-0.813014,-0.527371,-0.246753],[-0.458455,0.841082,-0.287055]]],1],[1692,[-0.191675,-0.948277,0.253043],169,66.3595,[-30.6113,91.3898,-13.909],[-33.2938,79.2893,-10.4446],[31.9364,-104.06,31.8374],false,[55.991,90.8737,15.0459],[10.7266,134.213,-14.0556],[-33.0753,117.575,-23.1773],[-38.4732,90.8696,-16.0512],[-32.1673,75.0107,-8.62949],[[[0.298099,-0.297653,-0.90694],[0.694241,0.719698,-0.00801362],[0.655108,-0.627246,0.421184]],[[0.303068,-0.302411,-0.903713],[-0.2572,0.887165,-0.383127],[0.917604,0.348549,0.191092]],[[0.303068,-0.302411,-0.903713],[-0.933494,0.0965297,-0.345357],[0.191675,0.948277,-0.253043]],[[0.303068,-0.302411,-0.903713],[-0.890696,-0.427071,-0.155792],[-0.338837,0.852149,-0.398788]]],2],[1693,[-0.301587,-0.883292,0.358944],169,63.8065,[-20.5697,84.7893,-24.9598],[-22.6183,75.6903,-22.8281],[27.7635,-85.2756,24.5339],false,[59.6867,88.4214,3.71644],[23.1689,125.07,-30.5136],[-17.6289,110.906,-40.1483],[-25.9029,86.6735,-30.3008],[-22.0003,71.6005,-20.3029],[[[0.338066,-0.440114,-0.831872],[0.734294,0.676231,-0.0593594],[0.588663,-0.590771,0.551784]],[[0.350793,-0.452863,-0.81967],[-0.16377,0.832136,-0.529839],[0.922022,0.320101,0.217742]],[[0.350793,-0.452863,-0.81967],[-0.886561,0.121287,-0.44643],[0.301587,0.883292,-0.358944]],[[0.350793,-0.452863,-0.81967],[-0.912393,-0.362418,-0.190241],[-0.21091,0.814597,-0.540323]]],3],[1694,[-0.350458,-0.819525,0.453386],169,50.0231,[-3.84238,87.5751,-34.8436],[-5.12099,80.4043,-33.6174],[5.36893,-70.6998,25.8795],false,[60.4111,79.4435,-7.12502],[32.3509,112.422,-44.8444],[-1.70264,105.94,-49.8039],[-8.491,90.066,-41.0218],[-4.91438,76.6677,-31.0673],[[[0.27792,-0.611174,-0.741098],[0.827039,0.544678,-0.13904],[0.488637,-0.574276,0.656842]],[[0.221306,-0.54284,-0.810153],[-0.0730682,0.819187,-0.568853],[0.972463,0.185087,0.141627]],[[0.221306,-0.54284,-0.810153],[-0.910056,0.183587,-0.371609],[0.350458,0.819525,-0.453386]],[[0.221306,-0.54284,-0.810153],[-0.952431,-0.298798,-0.0599634],[-0.209522,0.784885,-0.583143]]],4]],[[0,200,0],[235.247,235.247,147.751]]]]}