{"metadata":{"formatVersion":2,"generatedBy":"LeapJS Playback 0.2.1","frames":1,"frameRate":"1.1e+2","modified":"Tue Jun 02 2015 20:53:11 GMT-0300 (E. South America Standard Time)","title":"q"},"frames":[["id","timestamp",{"hands":[["id","type","direction","palmNormal","palmPosition","palmVelocity","stabilizedPalmPosition","pinchStrength","grabStrength","confidence","armBasis","armWidth","elbow","wrist"]]},{"pointables":[["id","direction","handId","length","stabilizedTipPosition","tipPosition","tipVelocity","tool","carpPosition","mcpPosition","pipPosition","dipPosition","btipPosition","bases","type"]]},{"interactionBox":["center","size"]}],[374377,1296304593228,[[170,"right",[-0.0279466,-0.998792,0.0404155],[0.416055,0.0251404,0.908992],[-1.46778,134.591,-54.8408],[-4.34513,-6.16308,3.80023],[0.347017,138.77,-47.1706],0.999421,0,0.474345,[[0.624058,-0.201909,-0.754841],[-0.113272,0.932457,-0.343066],[0.773124,0.299595,0.559036]],56.9225,[190.939,254.65,71.7146],[4.46402,182.388,-63.1234]]],[[1700,[0.199622,-0.85035,0.486883],170,46.5567,[-0.225316,123.185,-2.14842],[-7.15873,119.945,-5.12704],[-4.1548,4.66565,12.2695],false,[-14.5836,186.759,-43.9121],[-14.5836,186.759,-43.9121],[-27.7448,151.588,-19.8655],[-21.6647,125.687,-5.03578],[-2.30891,117.887,-3.76759],[[[-0.0118415,-0.234371,-0.972075],[-0.906644,0.412527,-0.0884176],[0.42173,0.880279,-0.217377]],[[-0.153575,-0.517895,-0.841546],[-0.943029,0.331193,-0.0317242],[0.295144,0.788731,-0.539253]],[[-0.153575,-0.517895,-0.841546],[-0.967763,-0.0932178,0.233976],[-0.199622,0.85035,-0.486883]],[[-0.153575,-0.517895,-0.841546],[-0.345397,-0.769792,0.536769],[-0.925805,0.373102,-0.0606583]]],0],[1701,[0.101936,-0.98723,0.122417],170,52.5341,[-20.1963,52.1977,-28.0904],[-16.9736,42.4235,-39.7172],[-4.60448,-8.36966,7.04284],false,[-15.5695,176.468,-62.3925],[-23.2226,113.18,-46.414],[-21.4432,74.8443,-45.9815],[-19.2422,53.5281,-43.3383],[-16.9939,38.7896,-40.07],[[[0.891314,-0.209318,-0.402175],[-0.438177,-0.169869,-0.882692],[0.116447,0.96298,-0.243125]],[[0.892315,0.0363419,-0.449948],[-0.449026,-0.0309163,-0.892984],[-0.0463634,0.998861,-0.0112686]],[[0.892315,0.0363419,-0.449948],[-0.439753,-0.1551,-0.884625],[-0.101936,0.98723,-0.122417]],[[0.892315,0.0363419,-0.449948],[-0.426703,-0.257352,-0.867003],[-0.147303,0.965634,-0.214132]]],1],[1702,[0.237734,0.621099,0.746805],170,59.8584,[17.7236,120.525,6.79996],[11.959,123.931,4.98812],[-7.1723,18.2962,8.25905],false,[-6.59838,173.426,-67.9831],[-6.14583,112.202,-56.3259],[4.3634,95.962,-17.8569],[10.4025,111.74,1.11407],[12.4349,127.615,6.17921],[[[0.960403,-0.0452455,-0.274915],[-0.278518,-0.181628,-0.943101],[-0.00726101,0.982326,-0.187037]],[[0.960268,-0.034577,-0.276929],[-0.135336,-0.925505,-0.35373],[-0.244069,0.377154,-0.893412]],[[0.960268,-0.034577,-0.276929],[0.146178,-0.782969,0.604642],[-0.237734,-0.621099,-0.746805]],[[0.960268,-0.034577,-0.276929],[0.251453,-0.323263,0.91229],[-0.121065,-0.945677,-0.301724]]],2],[1703,[0.104052,0.61877,0.77865],170,57.5554,[28.8375,125.684,-3.69725],[24.2065,129.517,-5.39632],[-7.31089,15.7778,7.78929],false,[3.6712,172.065,-71.6068],[11.7602,117.133,-64.6581],[22.1425,102.211,-29.1248],[24.7174,117.524,-9.85571],[24.044,133.172,-4.08739],[[[0.967112,0.113626,-0.22756],[-0.20928,-0.152989,-0.965814],[-0.144556,0.981674,-0.124178]],[[0.965212,0.125995,-0.229108],[0.0265147,-0.918887,-0.393628],[-0.260119,0.37386,-0.890262]],[[0.965212,0.125995,-0.229108],[0.239871,-0.775402,0.584134],[-0.104052,-0.61877,-0.77865]],[[0.965212,0.125995,-0.229108],[0.258336,-0.324332,0.909985],[0.040347,-0.937515,-0.345598]]],3],[1704,[-0.0684876,0.541141,0.838138],170,45.1224,[34.0975,126.358,-17.6084],[31.503,130.017,-20.9988],[-6.23068,11.8019,8.17306],false,[16.1565,173.872,-70.0261],[29.2575,123.777,-68.605],[34.9451,109.978,-40.7667],[33.7485,119.433,-26.1225],[30.8605,133.056,-19.5529],[[[0.965077,0.250187,-0.0776733],[-0.0682544,-0.0461199,-0.996601],[-0.252919,0.967099,-0.0274329]],[[0.967092,0.242352,-0.0774488],[0.179754,-0.86626,-0.466136],[-0.18006,0.436874,-0.881317]],[[0.967092,0.242352,-0.0774488],[0.245035,-0.805253,0.539931],[0.0684876,-0.541141,-0.838138]],[[0.967092,0.242352,-0.0774488],[0.171923,-0.398085,0.901094],[0.187551,-0.884756,-0.426651]]],4]],[[0,200,0],[235.247,235.247,147.751]]]]}