{"metadata":{"formatVersion":2,"generatedBy":"LeapJS Playback 0.2.1","frames":1,"frameRate":"1.1e+2","modified":"Tue Jun 02 2015 20:53:31 GMT-0300 (E. South America Standard Time)","title":"q"},"frames":[["id","timestamp",{"hands":[["id","type","direction","palmNormal","palmPosition","palmVelocity","stabilizedPalmPosition","pinchStrength","grabStrength","confidence","armBasis","armWidth","elbow","wrist"]]},{"pointables":[["id","direction","handId","length","stabilizedTipPosition","tipPosition","tipVelocity","tool","carpPosition","mcpPosition","pipPosition","dipPosition","btipPosition","bases","type"]]},{"interactionBox":["center","size"]}],[374624,1296306769939,[[170,"right",[0.0668408,-0.988681,-0.134324],[0.308697,-0.107528,0.945063],[-12.9996,122.985,-60.1116],[6.75334,-10.7481,0.458007],[-12.7077,126.697,-56.4183],0.951974,0.16564,0.269971,[[0.586568,-0.196853,-0.785612],[-0.220808,0.894395,-0.388975],[0.779218,0.40163,0.481157]],56.9225,[176.991,268.677,56.7452],[-10.9543,171.805,-59.3085]]],[[1700,[0.393581,-0.813644,0.427876],170,46.5567,[5.9123,105.887,-4.96024],[4.62637,98.8056,-4.3188],[-0.185513,-7.50493,6.95968],false,[-32.3436,171.126,-42.1904],[-32.3436,171.126,-42.1904],[-18.8586,133.642,-22.1505],[-6.87074,108.859,-9.11812],[7.47916,95.184,-2.47239],[[[0.118734,-0.0546433,-0.991421],[-0.927735,0.349726,-0.130382],[0.35385,0.935257,-0.00917019]],[[-0.0614548,-0.487688,-0.870852],[-0.951196,-0.235733,0.199138],[-0.302406,0.840589,-0.4494]],[[-0.0614548,-0.487688,-0.870852],[-0.917234,-0.316456,0.241947],[-0.393581,0.813644,-0.427876]],[[-0.0614548,-0.487688,-0.870852],[-0.724652,-0.578192,0.374932],[-0.686369,0.654106,-0.317872]]],0],[1701,[0.185874,-0.785517,0.590266],170,52.5341,[-17.6954,44.8118,-14.7471],[-20.5038,40.4241,-19.1102],[3.97024,-12.9347,3.99009],false,[-30.2607,164.307,-62.1295],[-33.3226,98.7705,-58.2701],[-27.5061,65.8609,-39.3995],[-23.4927,48.9001,-26.6545],[-20.329,37.7578,-16.7147],[[[0.946562,-0.0628527,-0.316338],[-0.319139,-0.0408471,-0.946827],[0.0465892,0.997187,-0.0587231]],[[0.947707,-0.015288,-0.318776],[-0.280861,-0.514288,-0.810324],[-0.151554,0.857481,-0.491688]],[[0.947707,-0.015288,-0.318776],[-0.259428,-0.618651,-0.741598],[-0.185874,0.785517,-0.590266]],[[0.947707,-0.015288,-0.318776],[-0.242669,-0.683254,-0.688677],[-0.207276,0.730021,-0.651234]]],1],[1702,[0.036393,0.723101,0.689782],170,59.8584,[-5.929,122.522,-3.89517],[-7.37285,117.971,-5.60205],[4.29822,-3.20976,0.609868],false,[-20.4706,163.036,-66.9806],[-15.2443,100.939,-65.9703],[-7.51701,87.1463,-25.9191],[-6.59252,105.515,-8.39664],[-7.66569,121.872,-4.77511],[[[0.984597,0.0803392,-0.155286],[-0.153417,-0.0289821,-0.987736],[-0.0838545,0.996346,-0.0162103]],[[0.98286,0.0989277,-0.155562],[0.0421896,-0.942132,-0.332578],[-0.179461,0.320314,-0.930157]],[[0.98286,0.0989277,-0.155562],[0.180726,-0.683621,0.707107],[-0.036393,-0.723102,-0.689782]],[[0.98286,0.0989277,-0.155562],[0.172915,-0.202088,0.963982],[0.0639273,-0.974358,-0.21573]]],2],[1703,[-0.114895,0.636501,0.76267],170,57.5554,[5.51773,125.768,-10.82],[4.25842,121.624,-11.4929],[1.69323,4.87606,0.57573],false,[-9.78006,163.16,-69.459],[2.89447,108.679,-71.0145],[9.97641,94.2459,-34.4822],[7.13313,109.997,-15.6085],[3.28795,125.321,-10.2237],[[[0.970271,0.228039,-0.0810748],[-0.0852746,0.00860794,-0.99632],[-0.226502,0.973614,0.027798]],[[0.95985,0.268916,-0.0798297],[0.21727,-0.892707,-0.394802],[-0.177433,0.361606,-0.915292]],[[0.95985,0.268916,-0.0798297],[0.255906,-0.722876,0.641843],[0.114895,-0.636501,-0.76267]],[[0.95985,0.268916,-0.0798297],[0.160048,-0.291279,0.943155],[0.230377,-0.918063,-0.322624]]],3],[1704,[-0.278578,0.518758,0.80826],170,45.1224,[15.4329,126.497,-24.6205],[13.7346,121.699,-24.9585],[3.3183,2.32029,1.94315],false,[2.21385,165.619,-66.0319],[19.9756,117.272,-71.5327],[22.8605,102.673,-43.6705],[17.9931,111.737,-29.5483],[12.3989,124.75,-23.5086],[[[0.938197,0.334613,0.0884303],[0.0470024,0.129954,-0.990405],[-0.342895,0.933352,0.106195]],[[0.929519,0.357369,0.0910043],[0.357286,-0.811592,-0.462238],[-0.0913315,0.462174,-0.882074]],[[0.929519,0.357369,0.0910043],[0.241638,-0.776644,0.581751],[0.278578,-0.518758,-0.80826]],[[0.929519,0.357369,0.0910043],[0.0632682,-0.397655,0.915351],[0.363307,-0.845078,-0.392238]]],4]],[[0,200,0],[235.247,235.247,147.751]]]]}