{"metadata":{"formatVersion":2,"generatedBy":"LeapJS Playback 0.2.1","frames":1,"frameRate":"1.1e+2","modified":"Tue Jun 02 2015 20:52:57 GMT-0300 (E. South America Standard Time)","title":"q"},"frames":[["id","timestamp",{"hands":[["id","type","direction","palmNormal","palmPosition","palmVelocity","stabilizedPalmPosition","pinchStrength","grabStrength","confidence","armBasis","armWidth","elbow","wrist"]]},{"pointables":[["id","direction","handId","length","stabilizedTipPosition","tipPosition","tipVelocity","tool","carpPosition","mcpPosition","pipPosition","dipPosition","btipPosition","bases","type"]]},{"interactionBox":["center","size"]}],[374224,1296303240431,[[170,"right",[-0.159827,-0.985685,-0.0536607],[0.564268,-0.135828,0.814342],[1.97339,139.441,-48.0019],[-47.3311,22.4933,11.9662],[4.64681,138.409,-48.5544],1,0,0.223385,[[0.576626,-0.196727,-0.79297],[-0.105413,0.944551,-0.310986],[0.81018,0.262912,0.523914]],56.9225,[208.434,250.248,73.8753],[13.0213,186.834,-52.4913]]],[[1700,[0.238519,-0.895256,0.376332],170,46.5567,[4.07065,120.665,3.25239],[7.25832,126.47,2.26705],[-23.5333,29.037,-27.9413],false,[-1.67361,191.081,-29.7533],[-1.67361,191.081,-29.7533],[-15.9421,157.405,-4.24179],[-8.67724,130.137,7.22066],[10.5429,126.082,0.0621822],[[[-0.209953,-0.111041,-0.971386],[-0.841835,0.525801,0.121847],[0.497225,0.843329,-0.203871]],[[-0.393492,-0.443374,-0.805347],[-0.861847,0.482809,0.155293],[0.319976,0.755192,-0.572102]],[[-0.393492,-0.443374,-0.805347],[-0.887847,-0.044007,0.458029],[-0.238519,0.895256,-0.376332]],[[-0.393492,-0.443374,-0.805347],[-0.00439328,-0.8751,0.483922],[-0.919318,0.193958,0.342397]]],0],[1701,[0.231879,-0.867339,0.440404],170,52.5341,[-24.0299,52.7293,-39.1901],[-8.7049,54.9795,-12.0413],[11.4678,24.8791,29.6937],false,[-7.22189,183.311,-48.6544],[-20.8001,119.923,-37.847],[-16.9241,83.2794,-27.1131],[-11.9174,64.5518,-17.6039],[-7.03259,52.7099,-9.30542],[[[0.77164,-0.263956,-0.578705],[-0.601571,-0.00732873,-0.798786],[0.206603,0.964507,-0.164443]],[[0.795884,-0.0911463,-0.598549],[-0.596967,-0.283041,-0.750679],[-0.100992,0.954767,-0.279679]],[[0.795884,-0.0911463,-0.598549],[-0.559286,-0.489301,-0.669166],[-0.231879,0.867339,-0.440404]],[[0.795884,-0.0911463,-0.598549],[-0.513948,-0.624285,-0.588325],[-0.320042,0.775861,-0.543703]]],1],[1702,[0.441876,0.515164,0.734406],170,59.8584,[20.8454,119.792,7.63036],[23.8277,121.74,6.6199],[21.7495,37.8818,-14.5719],false,[0.151115,179.92,-56.0797],[-5.96896,118.122,-50.7935],[8.83104,96.8406,-16.4119],[20.056,109.927,2.24414],[24.9541,124.905,8.03213],[[[0.883629,-0.126078,-0.450892],[-0.457774,-0.0306707,-0.88854],[0.0981957,0.991546,-0.0848165]],[[0.884696,-0.114714,-0.451834],[-0.314914,-0.861721,-0.397827],[-0.343718,0.494244,-0.798486]],[[0.884696,-0.114714,-0.451834],[0.148522,-0.84938,0.506453],[-0.441876,-0.515164,-0.734406]],[[0.884696,-0.114714,-0.451834],[0.363567,-0.436862,0.822782],[-0.291774,-0.892184,-0.344783]]],2],[1703,[0.315794,0.511613,0.799078],170,57.5554,[29.7039,124.555,-0.834525],[34.7612,126.55,-4.68558],[6.84993,26.7291,-25.7593],false,[9.3608,177.792,-61.6563],[10.7655,121.852,-61.7668],[25.063,102.126,-30.1518],[32.8779,114.786,-10.3772],[35.2967,129.609,-3.09643],[[[0.920426,0.0238841,-0.390186],[-0.390109,-0.00797604,-0.920734],[-0.025103,0.999683,0.00197603]],[[0.919841,0.0415009,-0.39009],[-0.159925,-0.868335,-0.469488],[-0.358213,0.49424,-0.792093]],[[0.919841,0.0415009,-0.39009],[0.232738,-0.858213,0.457497],[-0.315794,-0.511613,-0.799078]],[[0.919841,0.0415009,-0.39009],[0.364541,-0.457778,0.810894],[-0.144922,-0.888098,-0.436211]]],3],[1704,[0.154237,0.429459,0.889818],170,45.1224,[33.6346,125.65,-13.5583],[39.2725,127.215,-21.1666],[-12.3535,25.7737,-32.0504],false,[22.061,177.885,-62.2418],[28.0878,126.785,-68.208],[36.4451,109.073,-43.4245],[39.1399,116.577,-27.8773],[39.4146,129.42,-19.387],[[[0.963055,0.140413,-0.229803],[-0.242875,0.0841871,-0.966398],[-0.116349,0.986507,0.11518]],[[0.964017,0.13195,-0.230782],[-0.0258711,-0.817436,-0.575438],[-0.264579,0.560703,-0.784608]],[[0.964017,0.13195,-0.230782],[0.216523,-0.893395,0.393654],[-0.154237,-0.429459,-0.889818]],[[0.964017,0.13195,-0.230782],[0.265241,-0.535662,0.801694],[-0.0178375,-0.83406,-0.551385]]],4]],[[0,200,0],[235.247,235.247,147.751]]]]}