{"metadata":{"formatVersion":2,"generatedBy":"LeapJS Playback 0.2.1","frames":3,"frameRate":"1.1e+2","modified":"Tue Jun 02 2015 20:54:24 GMT-0300 (E. South America Standard Time)","title":"s"},"frames":[["id","timestamp",{"hands":[["id","type","direction","palmNormal","palmPosition","palmVelocity","stabilizedPalmPosition","pinchStrength","grabStrength","confidence","armBasis","armWidth","elbow","wrist"]]},{"pointables":[["id","direction","handId","length","stabilizedTipPosition","tipPosition","tipVelocity","tool","carpPosition","mcpPosition","pipPosition","dipPosition","btipPosition","bases","type"]]},{"interactionBox":["center","size"]}],[379154,1296356371830,[[173,"right",[-0.101253,0.978414,-0.180151],[-0.374575,-0.205249,-0.904194],[7.12021,98.772,12.8633],[6.55189,6.21929,-5.80101],[9.11726,99.9379,4.59996],0.975923,1,0.245668,[[0.769084,0.347287,-0.536565],[0.319935,0.517573,0.793574],[0.553309,-0.781991,0.286948]],56.9945,[153.368,-136.381,91.7164],[19.7422,52.4714,22.418]]],[[1730,[-0.201351,0.788166,-0.581594],173,46.6156,[-19.2852,110.529,-32.4257],[-19.785,114.339,-29.1673],[35.0043,20.5654,-18.7146],false,[-7.06765,46.8801,24.1099],[-7.06765,46.8801,24.1099],[-20.558,82.8975,1.43196],[-26.6986,106.934,-16.3049],[-18.5291,116.515,-33.0281],[[[0.686142,0.384187,0.617745],[-0.534709,-0.309423,0.786348],[0.49325,-0.86986,-0.00688002]],[[0.54649,0.583147,0.601073],[-0.781062,0.0959617,0.617036],[0.302142,-0.806679,0.507916]],[[0.54649,0.583147,0.601073],[-0.8129,0.196809,0.548142],[0.201351,-0.788166,0.581594]],[[0.54649,0.583147,0.601073],[-0.740977,0.671152,0.0225532],[-0.390259,-0.457706,0.798876]]],0],[1731,[0.171672,-0.941605,-0.289671],173,52.6005,[-24.1509,91.3318,-15.6608],[-24.6575,96.6551,-15.1695],[17.3292,25.6508,-18.6509],false,[5.16324,60.008,35.4058],[-15.0592,120.509,19.2538],[-33.9232,126.211,-13.7362],[-30.2118,105.854,-19.9986],[-22.8994,94.0878,-13.5463],[[[0.891567,0.188008,-0.412021],[0.332669,0.345457,0.877491],[0.307311,-0.919409,0.245453]],[[0.851599,0.289665,-0.43689],[-0.183853,0.945558,0.268548],[0.490894,-0.148372,0.858492]],[[0.851599,0.289665,-0.43689],[-0.495285,0.171682,-0.851597],[-0.171672,0.941605,0.289671]],[[0.851599,0.289665,-0.43689],[-0.214073,-0.568602,-0.79427],[-0.478489,0.769926,-0.422212]]],1],[1732,[-0.144759,-0.973412,-0.177523],173,59.9341,[-19.0347,87.5289,-19.6892],[-17.9716,93.8973,-21.7766],[16.4924,28.7425,-21.9385],false,[15.2216,63.0668,32.1235],[3.81034,121.477,13.3539],[-17.445,129.26,-23.3389],[-21.1269,104.501,-27.8542],[-16.8683,90.4781,-19.6239],[[[0.855026,0.000399242,-0.518585],[0.485276,0.351999,0.800378],[0.182861,-0.936,0.300775]],[[0.861445,-0.0357198,-0.506592],[0.121855,0.982921,0.137905],[0.493014,-0.180528,0.851085]],[[0.861445,-0.0357198,-0.506592],[-0.486782,0.22626,-0.843712],[0.144759,0.973412,0.177523]],[[0.861445,-0.0357198,-0.506592],[-0.440139,-0.550157,-0.709651],[-0.253357,0.834297,-0.489652]]],2],[1733,[-0.288223,-0.949786,-0.121796],173,57.6282,[-5.30704,74.5137,-8.72046],[-2.41431,90.0222,-23.7774],[17.6174,26.2176,-14.991],false,[24.8275,64.0415,26.8769],[22.4111,116.302,6.82293],[3.02917,124.228,-27.2156],[-4.11247,100.694,-30.2335],[-1.7935,86.666,-21.4518],[[[0.833585,-0.163882,-0.527522],[0.550705,0.321111,0.770462],[0.0431285,-0.932754,0.357924]],[[0.834392,-0.186705,-0.518586],[0.261873,0.962189,0.0749335],[0.484988,-0.198328,0.851735]],[[0.834392,-0.186705,-0.518586],[-0.469806,0.251095,-0.846306],[0.288223,0.949786,0.121796]],[[0.834392,-0.186705,-0.518586],[-0.533419,-0.510411,-0.674496],[-0.138761,0.839417,-0.525475]]],3],[1734,[-0.367541,-0.919292,-0.140771],173,45.1795,[10.6783,73.1364,-6.6765],[14.3932,91.6432,-23.3224],[18.206,25.456,-7.05881],false,[32.3318,60.8778,17.0926],[37.6304,108.789,-2.04981],[19.1736,118.171,-25.958],[12.7436,102.088,-28.4207],[15.0864,88.4547,-21.6138],[[[0.730446,-0.321525,-0.602553],[0.675286,0.208036,0.707608],[-0.102161,-0.923765,0.369081]],[[0.737544,-0.195916,-0.646256],[0.339807,0.934677,0.104455],[0.583576,-0.296642,0.755938]],[[0.737544,-0.195916,-0.646256],[-0.566518,0.34135,-0.750025],[0.367541,0.919292,0.140771]],[[0.737544,-0.195916,-0.646256],[-0.657981,-0.423828,-0.62244],[-0.151955,0.8843,-0.4415]]],4]],[[0,200,0],[235.247,235.247,147.751]]],[379155,1296356380517,[[173,"right",[-0.100802,0.978926,-0.177605],[-0.372536,-0.202665,-0.905618],[7.08118,98.8087,12.8471],[3.60895,5.6876,-4.75112],[9.11384,99.936,4.61378],0.980256,1,0.253908,[[0.769903,0.348597,-0.534536],[0.317715,0.51705,0.794806],[0.553449,-0.781754,0.287324]],56.9945,[153.339,-136.315,91.6883],[19.6794,52.4805,22.299]]],[[1730,[-0.197846,0.789486,-0.581006],173,46.6156,[-19.3053,110.62,-32.3519],[-19.6401,114.445,-29.2502],[33.9132,17.527,-17.2602],false,[-7.13442,46.8859,23.9144],[-7.13442,46.8859,23.9144],[-20.5005,82.9675,1.26504],[-26.5342,107.044,-16.4538],[-18.2295,116.586,-33.1331],[[[0.684759,0.382399,0.620383],[-0.536501,-0.311625,0.784255],[0.493225,-0.869863,-0.00823035]],[[0.54536,0.581172,0.604004],[-0.782922,0.0958333,0.614695],[0.29936,-0.808118,0.507276]],[[0.54536,0.581172,0.604004],[-0.814518,0.197357,0.545537],[0.197846,-0.789486,0.581006]],[[0.54536,0.581172,0.604004],[-0.738373,0.674152,0.0180137],[-0.396722,-0.455805,0.796777]]],0],[1731,[0.172466,-0.940815,-0.291758],173,52.6005,[-24.1548,91.3864,-15.6555],[-24.629,96.7723,-15.2583],[13.6064,22.2921,-16.3776],false,[5.07147,59.981,35.2751],[-15.1117,120.529,19.2491],[-33.9009,126.319,-13.7681],[-30.1723,105.98,-20.0757],[-22.8733,94.1974,-13.6374],[[[0.892505,0.189131,-0.409468],[0.330697,0.34295,0.879218],[0.306714,-0.920117,0.24354]],[[0.852569,0.290925,-0.434153],[-0.184541,0.944805,0.270719],[0.488948,-0.150687,0.859199]],[[0.852569,0.290925,-0.434153],[-0.493337,0.173867,-0.852285],[-0.172466,0.940815,0.291758]],[[0.852569,0.290925,-0.434153],[-0.212157,-0.566535,-0.796259],[-0.477614,0.770974,-0.421288]]],1],[1732,[-0.145781,-0.972124,-0.183636],173,59.9341,[-19.0225,87.5947,-19.7101],[-17.9587,94.0586,-21.9127],[11.6725,26.9045,-21.8808],false,[15.1374,63.0486,32.0243],[3.77121,121.512,13.3946],[-17.4001,129.463,-23.3109],[-21.1081,104.737,-27.9817],[-16.892,90.6543,-19.8309],[[[0.856198,0.00182623,-0.516645],[0.483478,0.349703,0.802469],[0.182138,-0.936859,0.298532]],[[0.862533,-0.0339778,-0.504859],[0.122027,0.982263,0.142371],[0.491067,-0.184407,0.85138]],[[0.862533,-0.0339778,-0.504859],[-0.484547,0.231991,-0.843442],[0.145781,0.972124,0.183636]],[[0.862533,-0.0339778,-0.504859],[-0.439456,-0.544892,-0.714122],[-0.25083,0.837818,-0.484919]]],2],[1733,[-0.288625,-0.949166,-0.125616],173,57.6282,[-5.27523,74.6778,-8.87702],[-2.37431,90.177,-23.8415],[13.9339,24.3879,-13.4068],false,[24.7552,64.0377,26.8022],[22.3865,116.355,6.89112],[3.09584,124.403,-27.1708],[-4.05575,100.884,-30.2833],[-1.76766,86.8276,-21.539],[[[0.834769,-0.162428,-0.526096],[0.548974,0.318897,0.772614],[0.0422768,-0.933768,0.355374]],[[0.835564,-0.185649,-0.517076],[0.262357,0.961761,0.0786454],[0.482703,-0.201372,0.852319]],[[0.835564,-0.185649,-0.517076],[-0.46747,0.254201,-0.846672],[0.288625,0.949166,0.125616]],[[0.835564,-0.185649,-0.517076],[-0.53206,-0.507992,-0.677389],[-0.136914,0.841118,-0.523236]]],3],[1734,[-0.370372,-0.91733,-0.146049],173,45.1795,[10.7057,73.2686,-6.7937],[14.4207,91.842,-23.3645],[13.4512,25.9794,-7.23587],false,[32.2814,60.9014,17.026],[37.6255,108.866,-1.96841],[19.275,118.4,-25.8984],[12.7956,102.352,-28.4534],[15.075,88.6853,-21.6912],[[[0.731794,-0.319853,-0.601808],[0.673692,0.205994,0.709722],[-0.103038,-0.924803,0.366227]],[[0.738987,-0.195729,-0.644662],[0.342423,0.933179,0.109198],[0.580212,-0.301443,0.756629]],[[0.738987,-0.195729,-0.644662],[-0.562782,0.346693,-0.750387],[0.370372,0.91733,0.146049]],[[0.738987,-0.195729,-0.644662],[-0.657298,-0.419435,-0.626126],[-0.147843,0.886434,-0.438609]]],4]],[[0,200,0],[235.247,235.247,147.751]]],[379156,1296356389272,[[173,"right",[-0.103777,0.980008,-0.169747],[-0.358413,-0.19605,-0.912746],[6.89911,98.8118,12.9895],[-2.93669,4.25764,0.885164],[9.10917,99.9336,4.63144],0.983362,1,0.260605,[[0.775771,0.357704,-0.519834],[0.303523,0.510716,0.80439],[0.553222,-0.781803,0.287627]],56.9945,[153.226,-136.342,91.6442],[19.6223,52.4655,22.1816]]],[[1730,[-0.193767,0.793745,-0.576561],173,46.6156,[-19.3177,110.727,-32.2725],[-19.3011,114.675,-29.3479],[36.2682,19.3969,-16.0004],false,[-7.17991,46.7081,23.3593],[-7.17991,46.7081,23.3593],[-20.4262,82.9258,0.85725],[-26.3355,107.133,-16.7261],[-17.8034,116.838,-33.1946],[[[0.673659,0.380218,0.633733],[-0.545882,-0.322054,0.773495],[0.498193,-0.867015,-0.00940043]],[[0.533265,0.578512,0.617214],[-0.792219,0.08564,0.604197],[0.296677,-0.811166,0.503977]],[[0.533265,0.578512,0.617214],[-0.823458,0.187864,0.535373],[0.193767,-0.793745,0.576561]],[[0.533265,0.578512,0.617214],[-0.741286,0.671091,0.0114507],[-0.407583,-0.463638,0.786712]]],0],[1731,[0.182093,-0.937046,-0.29797],173,52.6005,[-24.1562,91.4362,-15.6536],[-24.3905,96.8689,-15.5807],[17.2076,19.1419,-21.7823],false,[4.78836,59.7611,35.0174],[-15.5052,120.347,19.2781],[-33.8534,126.344,-13.9495],[-29.9166,106.086,-20.3914],[-22.6423,94.2856,-13.9584],[[[0.897182,0.197947,-0.394819],[0.316164,0.336348,0.88708],[0.308391,-0.920699,0.239182]],[[0.857,0.299814,-0.419122],[-0.193835,0.941147,0.276895],[0.477472,-0.156059,0.864677]],[[0.857,0.299814,-0.419122],[-0.482072,0.179041,-0.857643],[-0.182093,0.937046,0.29797]],[[0.857,0.299814,-0.419122],[-0.197425,-0.560249,-0.804453],[-0.475999,0.772161,-0.420943]]],1],[1732,[-0.138792,-0.970431,-0.197483],173,59.9341,[-19.0085,87.6576,-19.7326],[-17.637,94.2785,-22.2127],[17.6911,27.1381,-26.5257],false,[14.8822,62.915,31.9405],[3.45361,121.491,13.7046],[-17.2358,129.727,-23.212],[-20.766,105.044,-28.235],[-16.6063,90.8782,-20.2009],[[[0.863466,0.0114778,-0.504276],[0.469985,0.344676,0.812596],[0.183139,-0.938652,0.292222]],[[0.869787,-0.024105,-0.492839],[0.114795,0.981285,0.154601],[0.479889,-0.191045,0.856276]],[[0.869787,-0.024105,-0.492839],[-0.473506,0.24017,-0.847414],[0.138792,0.970431,0.197483]],[[0.869787,-0.024105,-0.492839],[-0.426881,-0.537701,-0.727083],[-0.247474,0.842791,-0.477975]]],2],[1733,[-0.284373,-0.948064,-0.142498],173,57.6282,[-5.23883,74.8516,-9.04012],[-2.00903,90.5706,-23.9661],[20.4568,31.7964,-15.5748],false,[24.5679,64.0069,26.8664],[22.1887,116.498,7.4201],[3.39789,124.908,-26.8331],[-3.64834,101.417,-30.364],[-1.4544,87.2597,-21.7592],[[[0.843102,-0.152794,-0.515589],[0.536074,0.314518,0.783392],[0.0424645,-0.936874,0.347079]],[[0.84392,-0.177017,-0.506423],[0.258294,0.961447,0.0943617],[0.470195,-0.21044,0.857106]],[[0.84392,-0.177017,-0.506423],[-0.454897,0.26427,-0.850429],[0.284373,0.948064,0.142498]],[[0.84392,-0.177017,-0.506423],[-0.520159,-0.501004,-0.691686],[-0.131279,0.847148,-0.514884]]],3],[1734,[-0.366157,-0.916443,-0.161432],173,45.1795,[10.7401,73.4251,-6.92753],[14.7857,92.3012,-23.1914],[20.4011,34.3775,-0.498547],false,[32.2506,61.0056,17.1698],[37.5947,109.179,-1.29061],[19.5938,118.931,-25.3973],[13.1881,102.898,-28.2215],[15.4053,89.1735,-21.5571],[[[0.742109,-0.310053,-0.594258],[0.662312,0.202909,0.721228],[-0.103038,-0.928814,0.355932]],[[0.749201,-0.187434,-0.635268],[0.338753,0.932623,0.124339],[0.56916,-0.308354,0.762217]],[[0.749201,-0.187434,-0.635268],[-0.551929,0.353553,-0.755231],[0.366157,0.916443,0.161432]],[[0.749201,-0.187434,-0.635268],[-0.646541,-0.415208,-0.63999],[-0.143813,0.890208,-0.432259]]],4]],[[0,200,0],[235.247,235.247,147.751]]]]}