{"metadata":{"formatVersion":2,"generatedBy":"LeapJS Playback 0.2.1","frames":2,"frameRate":"1.1e+2","modified":"Tue Jun 02 2015 20:55:28 GMT-0300 (E. South America Standard Time)","title":"u"},"frames":[["id","timestamp",{"hands":[["id","type","direction","palmNormal","palmPosition","palmVelocity","stabilizedPalmPosition","pinchStrength","grabStrength","confidence","armBasis","armWidth","elbow","wrist"]]},{"pointables":[["id","direction","handId","length","stabilizedTipPosition","tipPosition","tipVelocity","tool","carpPosition","mcpPosition","pipPosition","dipPosition","btipPosition","bases","type"]]},{"interactionBox":["center","size"]}],[383225,1296401695038,[[174,"right",[-0.197937,0.712819,-0.672837],[-0.19692,-0.701341,-0.685086],[-11.4011,77.0128,-0.0281766],[-22.0922,-1.56547,-0.0901246],[-5.95123,76.9226,1.31719],1,0,0.781782,[[0.862939,0.0294121,-0.504452],[0.0271274,0.994168,0.104371],[0.50458,-0.10375,0.857108]],56.983,[127.296,20.2703,240.159],[5.46381,45.321,33.2071]]],[[1740,[0.344801,0.124716,-0.930354],174,46.6062,[-3.21914,52.1423,-34.2655],[-8.89665,52.3111,-35.1857],[-23.7963,2.91354,-4.93973],false,[-20.3124,36.2868,35.767],[-20.3124,36.2868,35.767],[-33.5612,53.7953,-3.09991],[-23.048,57.598,-31.4671],[-3.92425,50.4867,-36.13],[[[0.523901,0.767644,0.369122],[-0.607475,0.0329598,0.793654],[0.597078,-0.640029,0.483592]],[[0.392004,0.881438,0.26344],[-0.870774,0.263122,0.415354],[0.296792,-0.392217,0.870678]],[[0.392004,0.881438,0.26344],[-0.852904,0.455537,-0.255031],[-0.344801,-0.124716,0.930354]],[[0.392004,0.881438,0.26344],[-0.10687,0.328052,-0.938595],[-0.913735,0.339779,0.222796]]],0],[1741,[-0.216088,0.916587,-0.336414],174,52.5899,[-40.6395,158.786,-33.2179],[-51.9367,160.352,-30.9609],[-27.7415,1.96395,16.6457],false,[-11.8374,55.3939,39.2943],[-36.9446,94.2351,-7.4974],[-44.7628,130.057,-18.975],[-49.4335,149.869,-26.2465],[-52.9121,163.621,-31.9239],[[[0.913365,0.122748,-0.388196],[0.14188,0.797743,0.586068],[0.38162,-0.590372,0.711216]],[[0.932285,0.0913264,-0.350006],[0.299058,0.349734,0.887835],[0.203492,-0.932387,0.298739]],[[0.932285,0.0913264,-0.350006],[0.290087,0.389266,0.874255],[0.216088,-0.916587,0.336414]],[[0.932285,0.0913264,-0.350006],[0.28109,0.426101,0.859899],[0.227669,-0.900054,0.371576]]],1],[1742,[-0.283806,0.91208,-0.295911],174,59.9219,[-28.4906,168.765,-36.6369],[-40.0311,170.584,-34.646],[-28.4318,2.72139,16.3433],false,[-1.87319,58.2564,35.5832],[-17.6718,95.7218,-11.7396],[-28.902,135.793,-22.9711],[-36.1192,158.987,-30.4961],[-41.2483,174.007,-36.0197],[[[0.918867,-0.0959481,-0.382724],[0.302596,0.793855,0.527474],[0.253217,-0.600489,0.758481]],[[0.817252,0.0686651,-0.572175],[0.514024,0.362022,0.777637],[0.260537,-0.929637,0.260568]],[[0.817252,0.0686651,-0.572175],[0.501551,0.404221,0.764887],[0.283806,-0.91208,0.295911]],[[0.817252,0.0686651,-0.572175],[0.488821,0.44325,0.751388],[0.305211,-0.893764,0.328682]]],2],[1743,[-0.0694361,-0.849229,0.523439],174,57.6165,[-6.80959,47.0846,-12.8418],[-12.5558,44.0995,-18.6226],[-23.1652,-0.451451,-1.53195],false,[8.22999,58.2872,31.2674],[2.23694,91.6705,-13.3146],[-13.1394,69.6092,-42.8667],[-14.8596,48.5711,-29.8995],[-11.7249,42.5301,-14.6398],[[[0.920672,-0.242839,-0.305603],[0.37539,0.765425,0.522692],[0.106986,-0.595948,0.795864]],[[0.922565,-0.254294,-0.290187],[0.027856,0.794021,-0.607251],[0.384835,0.552145,0.73962]],[[0.922565,-0.254294,-0.290187],[-0.379543,-0.462757,-0.801126],[0.0694361,0.849229,-0.523439]],[[0.922565,-0.254294,-0.290187],[-0.33716,-0.897002,-0.285849],[-0.187608,0.361554,-0.913281]]],3],[1744,[-0.2787,-0.790484,0.5454],174,45.1703,[7.43394,53.0432,-13.9776],[0.293315,50.8738,-19.2129],[-24.2205,-0.00891946,-2.51743],false,[17.5324,52.1412,25.129],[19.5111,83.8167,-15.8788],[4.44433,68.8484,-39.3055],[-0.430377,55.0221,-29.766],[0.614209,49.4004,-15.4514],[[[0.8521,-0.433291,-0.293571],[0.521985,0.662659,0.537042],[-0.0381582,-0.610854,0.790823]],[[0.848324,-0.468844,-0.246031],[0.230887,0.745726,-0.624967],[0.476484,0.473369,0.740867]],[[0.848324,-0.468844,-0.246031],[-0.450191,-0.394107,-0.801254],[0.2787,0.790484,-0.5454]],[[0.848324,-0.468844,-0.246031],[-0.525123,-0.804472,-0.277616],[-0.067767,0.364705,-0.928654]]],4]],[[0,200,0],[235.247,235.247,147.751]]],[383226,1296401703634,[[174,"right",[-0.197286,0.713977,-0.671799],[-0.197634,-0.700164,-0.686084],[-11.4848,77.0095,-0.0153565],[-18.8276,-1.25556,0.327482],[-6.18848,76.9263,1.26006],1,0,0.783029,[[0.862829,0.0287975,-0.504674],[0.02749,0.994225,0.103731],[0.504747,-0.103376,0.857055]],56.983,[127.224,20.2932,240.112],[5.35146,45.2536,33.1733]]],[[1740,[0.344615,0.125702,-0.93029],174,46.6062,[-3.45556,52.1433,-34.3014],[-9.01775,52.349,-35.1938],[-22.3964,3.44586,-3.82683],false,[-20.4333,36.2405,35.7217],[-20.4333,36.2405,35.7217],[-33.7114,53.8143,-3.10575],[-23.2039,57.6471,-31.471],[-4.08415,50.5271,-36.1369],[[[0.524662,0.766606,0.370197],[-0.607399,0.0324032,0.793736],[0.596487,-0.6413,0.482636]],[[0.39257,0.880883,0.264449],[-0.870295,0.262794,0.416565],[0.297449,-0.393679,0.869793]],[[0.39257,0.880883,0.264449],[-0.852719,0.456337,-0.254219],[-0.344615,-0.125702,0.93029]],[[0.39257,0.880883,0.264449],[-0.106421,0.329106,-0.938277],[-0.913545,0.340196,0.222942]]],0],[1741,[-0.215225,0.91728,-0.335075],174,52.5899,[-40.7331,158.8,-33.1957],[-51.9423,160.432,-30.8246],[-20.5708,3.89959,16.4177],false,[-11.9397,55.3344,39.276],[-37.012,94.2671,-7.45832],[-44.7964,130.113,-18.8838],[-49.4485,149.94,-26.1264],[-52.9141,163.704,-31.7836],[[[0.913462,0.122426,-0.388072],[0.142682,0.796762,0.587208],[0.38109,-0.591763,0.710343]],[[0.932351,0.0909339,-0.349931],[0.299448,0.348165,0.88832],[0.202612,-0.933012,0.297383]],[[0.932351,0.0909339,-0.349931],[0.290515,0.387722,0.874799],[0.215225,-0.91728,0.335075]],[[0.932351,0.0909339,-0.349931],[0.281553,0.424582,0.860498],[0.226823,-0.900811,0.370257]]],1],[1742,[-0.282943,0.912777,-0.294588],174,59.9219,[-28.5923,168.781,-36.619],[-40.0265,170.657,-34.4975],[-20.78,4.27498,16.5929],false,[-1.97293,58.1926,35.5685],[-17.738,95.7413,-11.6995],[-28.9302,135.84,-22.873],[-36.1254,159.051,-30.3643],[-41.2403,174.084,-35.866],[[[0.918753,-0.0962833,-0.382914],[0.303392,0.792803,0.528599],[0.25268,-0.601824,0.757601]],[[0.817288,0.0686977,-0.57212],[0.514413,0.360411,0.778128],[0.259654,-0.93026,0.259221]],[[0.817288,0.0686977,-0.57212],[0.50198,0.402641,0.765439],[0.282943,-0.912777,0.294588]],[[0.817288,0.0686977,-0.57212],[0.489287,0.4417,0.751997],[0.304366,-0.894529,0.327383]]],2],[1743,[-0.0701973,-0.849894,0.522257],174,57.6165,[-6.91,47.0297,-12.935],[-12.6709,44.1213,-18.6513],[-20.6095,0.334371,-2.10445],false,[8.13004,58.2199,31.2521],[2.1667,91.6731,-13.2815],[-13.2328,69.6666,-42.8623],[-14.9718,48.612,-29.9244],[-11.8419,42.546,-14.6737],[[[0.92042,-0.243286,-0.306005],[0.376157,0.764309,0.523772],[0.106456,-0.597196,0.794999]],[[0.922302,-0.254759,-0.290614],[0.0285462,0.794825,-0.606167],[0.385414,0.550773,0.740341]],[[0.922302,-0.254759,-0.290614],[-0.380041,-0.461279,-0.801742],[0.0701973,0.849894,-0.522257]],[[0.922302,-0.254759,-0.290614],[-0.338038,-0.896266,-0.287118],[-0.187322,0.363048,-0.912747]]],3],[1744,[-0.27954,-0.790893,0.544377],174,45.1703,[7.31686,53.005,-14.0557],[0.181769,50.882,-19.2285],[-21.3424,0.246237,-2.458],false,[17.4262,52.0737,25.1043],[19.4331,83.8063,-15.8579],[4.35032,68.8802,-39.3013],[-0.539079,55.0468,-29.7797],[0.497972,49.4037,-15.4729],[[[0.851666,-0.43369,-0.294243],[0.522654,0.661381,0.537966],[-0.0387032,-0.611954,0.789946]],[[0.847842,-0.469412,-0.24661],[0.23161,0.746215,-0.624116],[0.476992,0.472034,0.741393]],[[0.847842,-0.469412,-0.24661],[-0.450579,-0.392608,-0.801771],[0.27954,0.790893,-0.544377]],[[0.847842,-0.469412,-0.24661],[-0.525964,-0.80351,-0.278808],[-0.0672782,0.366093,-0.928143]]],4]],[[0,200,0],[235.247,235.247,147.751]]]]}