{"metadata":{"formatVersion":2,"generatedBy":"LeapJS Playback 0.2.1","frames":2,"frameRate":"1.1e+2","modified":"Tue Jun 02 2015 20:55:00 GMT-0300 (E. South America Standard Time)","title":"u"},"frames":[["id","timestamp",{"hands":[["id","type","direction","palmNormal","palmPosition","palmVelocity","stabilizedPalmPosition","pinchStrength","grabStrength","confidence","armBasis","armWidth","elbow","wrist"]]},{"pointables":[["id","direction","handId","length","stabilizedTipPosition","tipPosition","tipVelocity","tool","carpPosition","mcpPosition","pipPosition","dipPosition","btipPosition","bases","type"]]},{"interactionBox":["center","size"]}],[383094,1296400541533,[[174,"right",[-0.063667,0.632479,-0.771957],[-0.254434,-0.758251,-0.600265],[-6.87347,103.532,22.9378],[7.53551,-98.5584,-36.475],[-7.3379,107.135,24.254],1,0,0.654927,[[0.797117,-0.0771969,-0.59887],[0.186335,0.974837,0.122358],[0.574355,-0.209124,0.791444]],56.983,[142.442,24.3469,252.206],[3.76216,74.8406,61.109]]],[[1740,[0.307166,-0.002154,-0.951653],174,46.6062,[-11.6017,78.0888,-9.64893],[-9.01111,75.0496,-14.4004],[12.7606,-32.166,-90.3152],false,[-23.1018,69.6148,63.0072],[-23.1018,69.6148,63.0072],[-32.5884,82.0478,21.1964],[-23.2227,81.9822,-7.82017],[-6.20334,74.3542,-17.3168],[[[0.60346,0.73796,0.302078],[-0.637986,0.219581,0.738077],[0.478341,-0.638121,0.603317]],[[0.473148,0.867989,0.150754],[-0.854967,0.411125,0.31624],[0.212514,-0.278518,0.936625]],[[0.473148,0.867989,0.150754],[-0.8257,0.496579,-0.267636],[-0.307166,0.002154,0.951653]],[[0.473148,0.867989,0.150754],[-0.338904,0.337282,-0.878285],[-0.813188,0.364468,0.453749]]],0],[1741,[-0.0705454,0.880224,-0.469285],174,52.5899,[-27.967,190.748,-22.7216],[-33.8274,186.109,-21.6623],[-152.04,-130.684,-12.0126],false,[-12.3019,87.7849,64.6077],[-29.4105,122.68,11.5217],[-31.6187,157.262,-5.0704],[-33.1436,176.288,-15.2139],[-34.4088,189.425,-22.9134],[[[0.940603,-0.049755,-0.335843],[0.218274,0.846293,0.485948],[0.260043,-0.53039,0.806886]],[[0.953451,-0.0787725,-0.291079],[0.296021,0.428488,0.85368],[0.0574773,-0.900107,0.43186]],[[0.953451,-0.0787725,-0.291079],[0.293182,0.467974,0.833693],[0.0705454,-0.880224,0.469285]],[[0.953451,-0.0787725,-0.291079],[0.289957,0.504565,0.813228],[0.0828083,-0.859773,0.503919]]],1],[1742,[-0.141447,0.892587,-0.428113],174,59.9219,[-14.5271,197.461,-26.4818],[-20.6211,194.408,-25.2367],[-165.938,-105.012,-13.1925],false,[-1.86066,88.8106,61.264],[-9.91945,121.092,8.48431],[-14.9958,160.388,-8.48568],[-18.5927,183.087,-19.3725],[-21.3408,197.755,-27.0991],[[[0.916003,-0.264494,-0.301631],[0.379808,0.813847,0.439771],[0.129165,-0.517393,0.845944]],[[0.84697,-0.114762,-0.519106],[0.518433,0.394583,0.758638],[0.117768,-0.911665,0.393696]],[[0.84697,-0.114762,-0.519106],[0.512479,0.436025,0.739762],[0.141447,-0.892587,0.428113]],[[0.84697,-0.114762,-0.519106],[0.505867,0.474299,0.720513],[0.163524,-0.872852,0.459772]]],2],[1743,[-0.261341,-0.825404,0.500409],174,57.6165,[-19.0524,67.2832,21.5682],[-12.8341,67.0282,5.02094],[67.136,-101.822,-76.2681],false,[8.36439,86.954,57.7],[9.30777,114.351,8.84891],[-6.97371,92.6548,-20.4877],[-13.4479,72.207,-8.09103],[-13.0333,65.5919,7.24669],[[[0.893772,-0.398343,-0.206143],[0.448206,0.775963,0.443839],[-0.0168409,-0.489086,0.872073]],[[0.893574,-0.402925,-0.197933],[0.188359,0.736743,-0.649408],[0.407488,0.543011,0.734229]],[[0.893574,-0.402925,-0.197933],[-0.365002,-0.395424,-0.84286],[0.261341,0.825404,-0.500409]],[[0.893574,-0.402925,-0.197933],[-0.44823,-0.825172,-0.343774],[-0.0248142,0.395907,-0.917955]]],3],[1744,[-0.46888,-0.727996,0.500174],174,45.1703,[-5.0591,74.7392,13.5172],[0.865009,72.4132,5.7521],[66.0572,-78.3146,-81.0967],false,[17.0521,78.8814,53.0796],[25.4629,104.076,8.54458],[10.4619,89.4508,-15.1395],[2.26073,76.7175,-6.39101],[0.355746,71.0972,7.83523],[[[0.79939,-0.574971,-0.174307],[0.578503,0.658281,0.481664],[-0.1622,-0.485875,0.858846]],[[0.790186,-0.59876,-0.13074],[0.388004,0.653876,-0.649537],[0.474405,0.462528,0.749005]],[[0.790186,-0.59876,-0.13074],[-0.394662,-0.333929,-0.855998],[0.46888,0.727996,-0.500174]],[[0.790186,-0.59876,-0.13074],[-0.600278,-0.713121,-0.362112],[0.123585,0.364616,-0.92292]]],4]],[[0,200,0],[235.247,235.247,147.751]]],[383095,1296400550182,[[174,"right",[-0.076344,0.629243,-0.77345],[-0.243512,-0.763991,-0.597511],[-6.78581,102.204,22.3938],[8.22557,-113.159,-43.4891],[-7.23184,106.188,23.8966],0.997468,0,0.666622,[[0.798973,-0.0587506,-0.59849],[0.173784,0.975312,0.136258],[0.575709,-0.212874,0.789458]],56.983,[143.439,22.3972,251.228],[4.43273,73.7963,60.6104]]],[[1740,[0.293522,0.00983369,-0.955902],174,46.6062,[-11.5784,78.0464,-9.74237],[-8.94085,74.1263,-15.2136],[12.3142,-51.4039,-92.8445],false,[-22.3353,68.1307,62.5998],[-22.3353,68.1307,62.5998],[-32.006,80.4863,20.8083],[-23.0563,80.7861,-8.33786],[-6.12859,73.536,-18.2836],[[[0.59198,0.748687,0.298376],[-0.63945,0.210963,0.739323],[0.490575,-0.628461,0.603633]],[[0.462882,0.873443,0.151119],[-0.859539,0.400609,0.31734],[0.216638,-0.276784,0.936194]],[[0.462882,0.873443,0.151119],[-0.836412,0.486827,-0.251823],[-0.293522,-0.00983369,0.955902]],[[0.462882,0.873443,0.151119],[-0.36272,0.342194,-0.866797],[-0.80881,0.346411,0.475211]]],0],[1741,[-0.0864971,0.877684,-0.47137],174,52.5899,[-29.612,189.388,-22.5266],[-35.2365,184.204,-22.342],[-154.978,-154.611,-29.7838],false,[-11.834,86.4817,64.1208],[-29.6698,120.944,10.9917],[-32.5,155.44,-5.6851],[-34.3696,174.411,-15.8737],[-35.8747,187.505,-23.6033],[[[0.940344,-0.0350504,-0.338415],[0.205571,0.85111,0.483065],[0.271097,-0.523816,0.807542]],[[0.953789,-0.0637079,-0.293645],[0.291307,0.435637,0.851681],[0.0736639,-0.897865,0.434065]],[[0.953789,-0.0637079,-0.293645],[0.287757,0.474987,0.831615],[0.0864971,-0.877684,0.47137]],[[0.953789,-0.0637079,-0.293645],[0.28387,0.511437,0.81108],[0.0985087,-0.856956,0.505888]]],1],[1742,[-0.15745,0.888916,-0.430159],174,59.9219,[-16.3542,196.331,-26.3855],[-22.1773,192.706,-25.9877],[-169.606,-129.443,-32.7793],false,[-1.42076,87.6715,60.7444],[-10.1638,119.671,7.90246],[-15.9396,158.831,-9.16101],[-19.9435,181.436,-20.0999],[-22.9564,196.035,-27.8588],[[[0.91941,-0.250074,-0.30356],[0.36749,0.821225,0.43651],[0.140132,-0.512887,0.846942]],[[0.847308,-0.102132,-0.52119],[0.513921,0.405257,0.756077],[0.133997,-0.90848,0.395865]],[[0.847308,-0.102132,-0.52119],[0.507227,0.446539,0.737105],[0.15745,-0.888916,0.430159]],[[0.847308,-0.102132,-0.52119],[0.499927,0.484641,0.717771],[0.179283,-0.86873,0.461698]]],2],[1743,[-0.249151,-0.83093,0.497472],174,57.6165,[-18.9536,67.2594,21.2858],[-12.2475,65.6173,4.26353],[67.2734,-117.825,-79.6129],false,[8.82357,85.9751,57.1559],[9.17363,113.252,8.22967],[-6.77462,91.4017,-21.1758],[-12.9468,70.8169,-8.85187],[-12.4231,64.1862,6.47573],[[[0.899673,-0.384015,-0.207654],[0.436519,0.784491,0.440482],[-0.0062492,-0.486935,0.873416]],[[0.899567,-0.388842,-0.198952],[0.17737,0.741449,-0.647142],[0.399148,0.546859,0.735952]],[[0.899567,-0.388842,-0.198952],[-0.358753,-0.397941,-0.844358],[0.249151,0.83093,-0.497472]],[[0.899567,-0.388842,-0.198952],[-0.435657,-0.831454,-0.344801],[-0.0313462,0.396846,-0.91735]]],3],[1744,[-0.457843,-0.737054,0.497124],174,45.1703,[-4.89162,74.6469,13.2634],[1.42179,71.2122,4.99824],[65.7252,-93.8658,-82.9895],false,[17.6309,78.0353,52.5321],[25.4961,103.246,7.90619],[10.755,88.4634,-15.8437],[2.74697,75.5717,-7.14859],[0.938443,69.9017,7.07052],[[[0.808328,-0.562098,-0.175077],[0.568858,0.669091,0.478244],[-0.151678,-0.486172,0.860599]],[[0.799735,-0.585699,-0.131836],[0.37828,0.66213,-0.646906],[0.466185,0.467482,0.751087]],[[0.799735,-0.585699,-0.131836],[-0.388335,-0.337207,-0.857606],[0.457843,0.737054,-0.497124]],[[0.799735,-0.585699,-0.131836],[-0.588777,-0.722253,-0.362893],[0.117327,0.36784,-0.922457]]],4]],[[0,200,0],[235.247,235.247,147.751]]]]}