{"metadata":{"formatVersion":2,"generatedBy":"LeapJS Playback 0.2.1","frames":1,"frameRate":"1.1e+2","modified":"Tue Jun 02 2015 20:56:20 GMT-0300 (E. South America Standard Time)","title":"v"},"frames":[["id","timestamp",{"hands":[["id","type","direction","palmNormal","palmPosition","palmVelocity","stabilizedPalmPosition","pinchStrength","grabStrength","confidence","armBasis","armWidth","elbow","wrist"]]},{"pointables":[["id","direction","handId","length","stabilizedTipPosition","tipPosition","tipVelocity","tool","carpPosition","mcpPosition","pipPosition","dipPosition","btipPosition","bases","type"]]},{"interactionBox":["center","size"]}],[388159,1296450330018,[[177,"right",[0.0357779,0.650322,-0.758815],[-0.376356,-0.694632,-0.613061],[19.426,85.9973,3.96901],[9.66561,0.859926,10.8299],[19.1543,82.2375,2.5186],1,0,0.707549,[[0.659965,-0.24864,-0.70896],[0.303967,0.951334,-0.0506833],[0.687059,-0.182051,0.703426]],52.1496,[176.772,17.5658,193.738],[24.951,57.7941,38.3002]]],[[1770,[0.260342,-0.0903914,-0.961276],177,42.653,[1.05424,61.2039,-37.6976],[-2.28756,60.5817,-41.0886],[-1.53313,-3.04626,8.67927],false,[-0.0756661,57.0079,40.1371],[-0.0756661,57.0079,40.1371],[-13.4099,67.6152,3.00642],[-6.14515,65.0928,-23.8174],[1.24712,61.8391,-41.1852],[[[0.716137,0.624452,0.311781],[-0.590717,0.30434,0.747282],[0.371754,-0.719331,0.586823]],[[0.51533,0.854946,0.0591738],[-0.792404,0.449057,0.412848],[0.326391,-0.259643,0.908876]],[[0.51533,0.854946,0.0591738],[-0.816491,0.51078,-0.26916],[-0.260342,0.0903914,0.961276]],[[0.51533,0.854946,0.0591738],[-0.76517,0.490113,-0.417498],[-0.38594,0.169871,0.906749]]],0],[1771,[-0.226581,0.879232,-0.419061],177,48.1291,[-11.6655,161.109,-36.1325],[-14.9695,173.028,-35.3233],[22.9852,14.4158,22.2631],false,[12.3713,71.7892,41.851],[1.85433,106.833,-5.96803],[-4.66017,139.028,-18.5106],[-9.14229,156.421,-26.8002],[-12.8281,168.165,-33.4343],[[[0.918649,-0.193963,-0.344185],[0.354366,0.789705,0.50079],[0.17467,-0.582017,0.794195]],[[0.843186,-0.0382991,-0.536256],[0.504688,0.400132,0.764973],[0.185276,-0.915657,0.356715]],[[0.843186,-0.0382991,-0.536256],[0.487543,0.474852,0.732678],[0.226581,-0.879232,0.419061]],[[0.843186,-0.0382991,-0.536256],[0.468571,0.541389,0.698096],[0.263587,-0.839899,0.474438]]],1],[1772,[0.0335574,0.790272,-0.611837],177,54.8392,[22.8589,159.49,-54.729],[23.7272,170.176,-57.5514],[20.9981,8.32106,17.2524],false,[21.9388,71.2364,38.7346],[19.2099,102.577,-8.91684],[22.8006,135.759,-29.9447],[23.5815,154.151,-44.1839],[23.2852,165.462,-54.6008],[[[0.85984,-0.402577,-0.314018],[0.508322,0.732575,0.452706],[0.0477924,-0.548877,0.834536]],[[0.85041,-0.344185,-0.397919],[0.518187,0.417094,0.746669],[-0.091022,-0.841171,0.533053]],[[0.85041,-0.344185,-0.397919],[0.525049,0.506959,0.683605],[-0.0335574,-0.790272,0.611837]],[[0.85041,-0.344185,-0.397919],[0.525768,0.583659,0.618798],[0.0192684,-0.735445,0.67731]]],2],[1773,[-0.578845,-0.75249,-0.314161],177,52.7294,[10.4175,58.55,-37.0259],[7.59437,65.8363,-51.5192],[-0.518059,14.1158,-6.62828],false,[30.884,68.117,35.3661],[35.58,93.6432,-8.84394],[26.9559,94.3584,-44.3718],[13.8324,77.2981,-51.4944],[7.09664,64.8722,-45.6591],[[[0.816719,-0.533032,-0.221014],[0.569719,0.68407,0.455487],[-0.0916002,-0.497921,0.862371]],[[0.815341,-0.540025,-0.208788],[0.528769,0.841422,-0.111414],[0.235845,-0.0195599,0.971594]],[[0.815341,-0.540025,-0.208788],[0.0125439,0.377004,-0.926127],[0.578845,0.75249,0.314161]],[[0.815341,-0.540025,-0.208788],[-0.375739,-0.219167,-0.900437],[0.440499,0.812613,-0.381604]]],3],[1774,[-0.745367,-0.617027,-0.2524],177,41.3389,[26.3462,56.7564,-28.6271],[25.8007,61.706,-40.6895],[1.71454,6.30656,-5.77035],false,[37.5173,59.6319,30.9302],[48.65,81.9844,-9.4246],[44.4349,80.2012,-37.999],[32.5037,70.3243,-42.0392],[23.1389,61.968,-35.5989],[[[0.695192,-0.69273,-0.191919],[0.679467,0.546141,0.489953],[-0.234591,-0.471015,0.85036]],[[0.646508,-0.761405,-0.0478533],[0.748874,0.645341,-0.15074],[0.145656,0.0616185,0.987415]],[[0.646508,-0.761405,-0.0478533],[0.162652,0.198847,-0.966439],[0.745367,0.617027,0.2524]],[[0.646508,-0.761405,-0.0478533],[-0.375958,-0.26339,-0.888415],[0.66384,0.592358,-0.45654]]],4]],[[0,200,0],[235.247,235.247,147.751]]]]}