{"metadata":{"formatVersion":2,"generatedBy":"LeapJS Playback 0.2.1","frames":1,"frameRate":"1.1e+2","modified":"Tue Jun 02 2015 20:56:04 GMT-0300 (E. South America Standard Time)","title":"v"},"frames":[["id","timestamp",{"hands":[["id","type","direction","palmNormal","palmPosition","palmVelocity","stabilizedPalmPosition","pinchStrength","grabStrength","confidence","armBasis","armWidth","elbow","wrist"]]},{"pointables":[["id","direction","handId","length","stabilizedTipPosition","tipPosition","tipVelocity","tool","carpPosition","mcpPosition","pipPosition","dipPosition","btipPosition","bases","type"]]},{"interactionBox":["center","size"]}],[388108,1296449870337,[[177,"right",[0.0607384,0.610381,-0.789775],[-0.380822,-0.717215,-0.58359],[19.9056,81.454,1.0553],[0.442691,1.23562,-0.0689057],[19.3774,81.0061,2.5546],1,0,0.788729,[[0.633184,-0.298834,-0.713987],[0.320415,0.940909,-0.109657],[0.704566,-0.159338,0.691519]],51.4121,[177.749,20.5806,186.984],[24.2613,55.2921,36.3379]]],[[1770,[0.278871,-0.126102,-0.952013],177,42.0498,[5.71826,55.6722,-38.8573],[3.21132,53.4693,-43.6243],[-12.7845,17.0079,-1.18232],false,[-0.447257,55.0904,37.7777],[-0.447257,55.0904,37.7777],[-9.54767,63.6234,-0.517192],[-1.87598,60.1544,-26.7069],[6.5204,55.5689,-42.987],[[[0.723742,0.625311,0.291861],[-0.595939,0.353118,0.721224],[0.347928,-0.695912,0.628214]],[[0.555623,0.829753,0.0528499],[-0.800143,0.516356,0.305202],[0.225953,-0.211865,0.95082]],[[0.555623,0.829753,0.0528499],[-0.783271,0.543699,-0.301459],[-0.278871,0.126102,0.952013]],[[0.555623,0.829753,0.0528499],[-0.702544,0.502534,-0.503876],[-0.444652,0.242836,0.862157]]],0],[1771,[-0.202159,0.861214,-0.466306],177,47.4485,[-7.42267,158.438,-38.4664],[-12.1026,167.045,-43.1142],[-14.4744,-1.63445,-3.06821],false,[12.0893,69.4875,38.937],[3.15702,101.808,-10.0436],[-2.42717,133.003,-24.0891],[-6.36963,149.798,-33.1829],[-9.66561,161.1,-40.3547],[[[0.919751,-0.228953,-0.318808],[0.362511,0.806912,0.466345],[0.150479,-0.544493,0.825157]],[[0.850453,-0.081739,-0.519662],[0.500778,0.428311,0.752177],[0.161095,-0.899927,0.405191]],[[0.850453,-0.081739,-0.519662],[0.485656,0.501626,0.715898],[0.202159,-0.861214,0.466306]],[[0.850453,-0.081739,-0.519662],[0.468578,0.566691,0.677714],[0.239092,-0.819866,0.520245]]],1],[1772,[0.0590792,0.757586,-0.650056],177,54.0637,[27.5937,154.174,-57.1692],[26.8684,162.322,-64.5293],[-13.6773,2.5565,-5.80968],false,[21.555,68.6044,36.052],[20.2215,97.1383,-12.4537],[24.7458,128.689,-34.7372],[26.1013,146.07,-49.6519],[26.1949,156.693,-60.4711],[[[0.856259,-0.434593,-0.279193],[0.516003,0.744438,0.423737],[0.0236891,-0.506893,0.861684]],[[0.849319,-0.380337,-0.366062],[0.514901,0.444061,0.733271],[-0.116336,-0.811267,0.572986]],[[0.849319,-0.380337,-0.366062],[0.524563,0.530479,0.665902],[-0.0590792,-0.757586,0.650056]],[[0.849319,-0.380337,-0.366062],[0.527844,0.603781,0.597352],[-0.00617354,-0.700565,0.713561]]],2],[1773,[-0.580068,-0.809307,-0.092428],177,51.9837,[10.752,57.3373,-35.6025],[9.40764,57.8105,-45.2213],[0.682938,4.87297,-24.5557],false,[30.3599,65.1941,33.0357],[36.1749,88.0329,-11.6738],[27.1918,86.2962,-46.5428],[14.2266,68.2072,-48.6087],[9.31555,57.9182,-38.7459],[[[0.809061,-0.559324,-0.180489],[0.576352,0.694948,0.429959],[-0.115056,-0.451889,0.884623]],[[0.809073,-0.559277,-0.18058],[0.532265,0.827579,-0.178343],[0.249187,0.0481758,0.967256]],[[0.809073,-0.559277,-0.18058],[-0.0944519,0.17953,-0.979208],[0.580068,0.809307,0.092428]],[[0.809073,-0.559277,-0.18058],[-0.489155,-0.470505,-0.734406],[0.325773,0.68252,-0.654246]]],3],[1774,[-0.786256,-0.613262,-0.0755692],177,40.7543,[26.5266,55.6108,-27.3358],[27.8807,55.5916,-36.8363],[3.08798,-2.05566,-16.8203],false,[36.7953,56.4931,29.196],[48.8315,76.2757,-11.4563],[45.8833,72.3169,-39.5554],[33.4754,62.6391,-40.7479],[25.2155,56.8138,-31.1952],[[[0.683881,-0.714951,-0.145435],[0.68273,0.556821,0.473106],[-0.257267,-0.422841,0.868918]],[[0.611518,-0.789826,0.0471146],[0.784453,0.597427,-0.166476],[0.10334,0.138762,0.984919]],[[0.611518,-0.789826,0.0471146],[0.0885801,0.00916777,-0.996027],[0.786256,0.613262,0.0755692]],[[0.611518,-0.789826,0.0471146],[-0.522785,-0.448025,-0.725238],[0.593921,0.418866,-0.686884]]],4]],[[0,200,0],[235.247,235.247,147.751]]]]}