{"metadata":{"formatVersion":2,"generatedBy":"LeapJS Playback 0.2.1","frames":1,"frameRate":"1.1e+2","modified":"Tue Jun 02 2015 20:57:09 GMT-0300 (E. South America Standard Time)","title":"w"},"frames":[["id","timestamp",{"hands":[["id","type","direction","palmNormal","palmPosition","palmVelocity","stabilizedPalmPosition","pinchStrength","grabStrength","confidence","armBasis","armWidth","elbow","wrist"]]},{"pointables":[["id","direction","handId","length","stabilizedTipPosition","tipPosition","tipVelocity","tool","carpPosition","mcpPosition","pipPosition","dipPosition","btipPosition","bases","type"]]},{"interactionBox":["center","size"]}],[390672,1296474011624,[[178,"right",[-0.16436,0.818596,-0.550351],[-0.29774,-0.573086,-0.763494],[-9.46235,81.1062,2.28059],[0.44527,2.30522,0.307674],[-8.34795,81.8496,4.13234],1,0,0.826931,[[0.713559,0.0836598,-0.695582],[0.127843,0.960626,0.246685],[0.688832,-0.26495,0.674768]],52.4472,[157.884,-12.3616,177.293],[4.80183,46.5192,27.3365]]],[[1780,[0.256011,0.214867,-0.942492],178,42.8964,[-16.6013,63.7515,-36.4729],[-16.0045,62.0691,-36.463],[1.15382,3.462,-0.595822],false,[-19.4479,40.0196,30.0289],[-19.4479,40.0196,30.0289],[-35.372,59.0882,-2.6961],[-28.1874,65.1181,-29.1459],[-12.0068,60.9524,-38.7327],[[[0.612646,0.656877,0.439519],[-0.559524,-0.0322941,0.828185],[0.55821,-0.753306,0.347753]],[[0.403392,0.86229,0.306157],[-0.828892,0.202638,0.521417],[0.387573,-0.464106,0.796488]],[[0.403392,0.86229,0.306157],[-0.878484,0.458573,-0.13408],[-0.256011,-0.214867,0.942492]],[[0.403392,0.86229,0.306157],[-0.36293,0.457921,-0.811536],[-0.839974,0.216253,0.497672]]],0],[1781,[-0.270438,0.92021,-0.282979],178,48.4038,[-47.8572,163.011,-13.581],[-49.3729,160.751,-18.7573],[0.978097,3.05447,2.17306],false,[-9.86087,56.1979,35.2262],[-31.6936,99.7611,-0.723847],[-40.6677,132.845,-9.40619],[-46.0479,151.152,-15.0359],[-50.0583,163.874,-19.4889],[[[0.899445,0.099615,-0.425529],[0.246989,0.687409,0.682983],[0.360548,-0.719407,0.593682]],[[0.886832,0.123715,-0.445224],[0.386167,0.330731,0.861099],[0.25378,-0.935581,0.245528]],[[0.886832,0.123715,-0.445224],[0.374691,0.37136,0.849528],[0.270438,-0.92021,0.282979]],[[0.886832,0.123715,-0.445224],[0.363603,0.407776,0.837563],[0.285171,-0.904662,0.316646]]],1],[1782,[0.0218142,0.920771,-0.389493],178,55.1522,[-11.0445,171.993,-29.5362],[-12.0983,169.485,-33.8794],[0.578808,2.54098,0.88077],false,[-0.671867,58.5086,31.629],[-14.1322,100.159,-5.54245],[-12.4584,137.294,-19.4035],[-11.9478,158.846,-28.5198],[-11.9004,172.843,-35.102],[[[0.884514,-0.117151,-0.451564],[0.403351,0.678392,0.614078],[0.234397,-0.7253,0.647301]],[[0.902782,-0.185526,-0.388027],[0.428024,0.299043,0.852859],[-0.0421909,-0.936031,0.34938]],[[0.902782,-0.185526,-0.388027],[0.429545,0.343162,0.835303],[-0.0218142,-0.920771,0.389493]],[[0.902782,-0.185526,-0.388027],[0.430088,0.382991,0.817522],[-0.00306089,-0.90493,0.42555]]],2],[1783,[0.172392,0.875523,-0.451376],178,53.0303,[17.7297,160.535,-35.8157],[16.6544,158.083,-39.6419],[0.10936,2.07672,-0.321053],false,[8.36883,58.3223,27.1033],[3.65668,95.1225,-8.699],[10.9042,127.98,-23.5404],[14.8349,147.943,-33.8323],[17.1313,161.117,-41.4269],[[[0.876427,-0.273413,-0.396385],[0.472781,0.644822,0.600568],[0.0913947,-0.713758,0.694404]],[[0.881164,-0.341881,-0.3266],[0.429781,0.291246,0.854672],[-0.197075,-0.893472,0.403569]],[[0.881164,-0.341881,-0.3266],[0.440263,0.341433,0.830417],[-0.172392,-0.875523,0.451376]],[[0.881164,-0.341881,-0.3266],[0.448613,0.386391,0.805884],[-0.149321,-0.856633,0.493846]]],3],[1784,[-0.61411,-0.69185,-0.379755],178,41.5748,[-6.72558,71.0784,-42.6202],[-7.10934,69.2212,-44.2547],[-2.40963,-0.0749406,2.04424],false,[16.0519,52.8451,20.1607],[18.6565,86.9802,-13.094],[7.77486,89.6007,-39.9594],[-2.11146,78.4629,-46.073],[-8.75262,66.1609,-43.6567],[[[0.790869,-0.456944,-0.407097],[0.609547,0.528838,0.590579],[-0.0545735,-0.715215,0.69677]],[[0.786514,-0.496681,-0.36702],[0.491529,0.86325,-0.114884],[0.373891,-0.0900431,0.923092]],[[0.786514,-0.496681,-0.36702],[-0.0653057,0.524073,-0.849166],[0.614109,0.69185,0.379755]],[[0.786514,-0.496681,-0.36702],[-0.402834,0.0378534,-0.91449],[0.468102,0.867108,-0.170308]]],4]],[[0,200,0],[235.247,235.247,147.751]]]]}