{"metadata":{"formatVersion":2,"generatedBy":"LeapJS Playback 0.2.1","frames":1,"frameRate":"1.1e+2","modified":"Tue Jun 02 2015 20:56:54 GMT-0300 (E. South America Standard Time)","title":"w"},"frames":[["id","timestamp",{"hands":[["id","type","direction","palmNormal","palmPosition","palmVelocity","stabilizedPalmPosition","pinchStrength","grabStrength","confidence","armBasis","armWidth","elbow","wrist"]]},{"pointables":[["id","direction","handId","length","stabilizedTipPosition","tipPosition","tipVelocity","tool","carpPosition","mcpPosition","pipPosition","dipPosition","btipPosition","bases","type"]]},{"interactionBox":["center","size"]}],[390456,1296472104137,[[178,"right",[-0.173072,0.831252,-0.528268],[-0.337174,-0.553958,-0.761212],[-8.08582,81.4906,4.50241],[1.04935,-10.6884,-14.9864],[-8.29593,82.6056,5.69513],1,0,0.803231,[[0.718418,0.0732035,-0.69175],[0.153618,0.953199,0.260411],[0.678438,-0.293349,0.673549]],52.4472,[157.384,-18.9692,178.014],[6.61168,46.2229,28.3288]]],[[1780,[0.211811,0.242536,-0.946738],178,42.8964,[-18.0072,67.3918,-34.8773],[-17.3595,65.6789,-36.8661],[2.58951,-15.8234,-8.65368],false,[-17.6122,40.0454,31.8763],[-17.6122,40.0454,31.8763],[-34.1771,60.6151,0.402483],[-28.2329,67.4216,-26.1665],[-14.5073,65.1418,-39.4888],[[[0.640183,0.639019,0.426404],[-0.526421,-0.0393488,0.849313],[0.559505,-0.768184,0.311203]],[[0.444428,0.838857,0.31433],[-0.799962,0.21372,0.560701],[0.403169,-0.500643,0.766036]],[[0.444428,0.838857,0.31433],[-0.870414,0.487335,-0.0698896],[-0.211811,-0.242536,0.946738]],[[0.444428,0.838857,0.31433],[-0.542946,0.531331,-0.650305],[-0.712526,0.118349,0.691593]]],0],[1781,[-0.269015,0.928104,-0.257399],178,48.4038,[-47.4103,164.399,-11.8796],[-47.9536,161.809,-13.9388],[-3.14525,-13.1549,-16.6927],false,[-7.56679,55.9742,36.9776],[-30.1172,100.537,2.73614],[-38.9757,133.874,-5.0481],[-44.3275,152.338,-10.1689],[-48.3413,165.181,-14.2598],[[[0.883201,0.0938532,-0.459508],[0.285086,0.670542,0.684908],[0.372401,-0.735911,0.565467]],[[0.869762,0.119306,-0.478833],[0.42516,0.311413,0.84986],[0.250507,-0.942756,0.220131]],[[0.869762,0.119306,-0.478833],[0.413698,0.352689,0.839324],[0.269015,-0.928104,0.257399]],[[0.869762,0.119306,-0.478833],[0.40256,0.389676,0.82831],[0.285412,-0.913192,0.290898]]],1],[1782,[0.0189306,0.927154,-0.374203],178,55.1522,[-10.6102,173.231,-27.9618],[-11.0999,170.369,-30.35],[-4.06443,-12.1625,-18.4009],false,[1.50698,58.2115,33.0561],[-12.7583,100.757,-2.77751],[-11.1509,138.091,-16.1028],[-10.7078,159.791,-24.8613],[-10.7219,173.908,-31.1824],[[[0.863766,-0.122129,-0.488869],[0.438404,0.660436,0.609611],[0.248416,-0.740883,0.624004]],[[0.883219,-0.190913,-0.428341],[0.467206,0.279297,0.838875],[-0.0405184,-0.941034,0.335876]],[[0.883219,-0.190913,-0.428341],[0.468578,0.322394,0.822494],[-0.0189306,-0.927154,0.374203]],[[0.883219,-0.190913,-0.428341],[0.468959,0.361336,0.805924],[0.000913221,-0.912682,0.40867]]],2],[1783,[0.179102,0.885824,-0.428063],178,53.0303,[18.2538,161.73,-34.0473],[17.9937,158.648,-37.0784],[-4.01494,-10.851,-18.5622],false,[10.3554,57.9724,28.1675],[4.80705,95.5091,-6.73901],[12.2306,128.588,-20.9914],[16.3143,148.785,-30.7518],[18.7419,162.187,-37.8927],[[[0.855385,-0.279262,-0.436268],[0.506692,0.626069,0.592707],[0.107613,-0.728046,0.677029]],[[0.861871,-0.351094,-0.365939],[0.46522,0.260153,0.846103],[-0.201862,-0.899474,0.387554]],[[0.861871,-0.351094,-0.365939],[0.474448,0.303395,0.826348],[-0.179102,-0.885824,0.428063]],[[0.861871,-0.351094,-0.365939],[0.481934,0.342437,0.806521],[-0.157854,-0.871476,0.464341]]],3],[1784,[-0.639493,-0.636024,-0.431882],178,41.5748,[-6.49075,72.0963,-27.3707],[-8.33355,71.8005,-44.0543],[2.81446,-15.1757,-8.91577],false,[17.666,52.5102,20.8225],[19.4866,87.2227,-11.8821],[7.58706,91.8726,-38.0318],[-2.7079,81.6335,-44.9845],[-9.67138,69.3314,-43.7798],[[[0.766533,-0.461229,-0.446872],[0.641071,0.508215,0.575106],[-0.0381482,-0.727314,0.685244]],[[0.765611,-0.475767,-0.432997],[0.496656,0.864939,-0.072204],[0.408868,-0.15977,0.898499]],[[0.765611,-0.475767,-0.432997],[-0.0699208,0.607552,-0.791196],[0.639493,0.636024,0.431882]],[[0.765611,-0.475767,-0.432997],[-0.415855,0.147515,-0.897387],[0.490821,0.867113,-0.0849105]]],4]],[[0,200,0],[235.247,235.247,147.751]]]]}