{"metadata":{"formatVersion":2,"generatedBy":"LeapJS Playback 0.2.1","frames":186,"frameRate":"1.1e+2","modified":"Tue Jun 02 2015 20:57:38 GMT-0300 (E. South America Standard Time)","title":"z"},"frames":[["id","timestamp",{"hands":[["id","type","direction","palmNormal","palmPosition","palmVelocity","stabilizedPalmPosition","pinchStrength","grabStrength","confidence","armBasis","armWidth","elbow","wrist"]]},{"pointables":[["id","direction","handId","length","stabilizedTipPosition","tipPosition","tipVelocity","tool","carpPosition","mcpPosition","pipPosition","dipPosition","btipPosition","bases","type"]]},{"interactionBox":["center","size"]}],[392357,1296494165809,[[179,"right",[-0.0746137,0.315229,-0.946078],[-0.225374,-0.929506,-0.291933],[5.28086,144.845,6.31391],[161.071,10.9487,-5.95131],[-4.39666,144.145,7.83811],1,0,0.723747,[[0.709652,0.377868,-0.594651],[0.233859,0.669829,0.704726],[0.664608,-0.639175,0.386977]],55.3284,[171.867,-17.5658,141.564],[16.0544,132.284,50.8399]]],[[1790,[-0.179305,-0.14837,-0.972541],179,45.2529,[-25.3857,113.506,-28.333],[-22.6283,113.702,-28.3897],[181.692,-7.6697,-2.58507],false,[-9.88338,127.369,54.3887],[-9.88338,127.369,54.3887],[-23.2077,123.757,13.3023],[-28.5161,119.364,-15.4901],[-20.0942,111.496,-32.2271],[[[0.577914,0.815852,0.0200063],[-0.651876,0.446734,0.612769],[0.490991,-0.367169,0.790009]],[[0.40986,0.88742,-0.210949],[-0.858786,0.453362,0.23864],[0.307411,0.0833507,0.94792]],[[0.40986,0.88742,-0.210949],[-0.894351,0.43643,0.0983082],[0.179305,0.14837,0.972541]],[[0.40986,0.88742,-0.210949],[-0.812564,0.25014,-0.526469],[-0.414432,0.387188,0.823609]]],0],[1791,[-0.444927,0.424468,-0.788585],179,51.0629,[-48.6829,190.753,-63.679],[-46.7065,190.206,-64.1416],[162.279,-27.1252,-32.4219],false,[0.0527876,144.739,49.5717],[-17.0334,157.593,-10.6247],[-32.0358,177.832,-38.1375],[-41.3736,186.74,-54.6878],[-48.437,191.381,-66.8803],[[[0.945093,-0.135794,-0.297253],[0.187774,0.970088,0.153851],[0.26747,-0.20122,0.942322]],[[0.848665,-0.0813848,-0.522632],[0.343562,0.83609,0.427689],[0.40216,-0.542521,0.737522]],[[0.848665,-0.0813848,-0.522632],[0.286019,0.901778,0.324021],[0.444927,-0.424468,0.788585]],[[0.848665,-0.0813848,-0.522632],[0.230397,0.946306,0.226765],[0.476114,-0.31286,0.821848]]],1],[1792,[-0.293472,-0.934768,0.200207],179,58.182,[-31.8652,97.2223,-28.9381],[-21.6217,97.3314,-28.6849],[179.972,-3.30061,6.39496],false,[10.1895,144.84,46.1731],[1.95883,155.706,-12.8532],[-12.6187,129.858,-42.3664],[-19.865,106.777,-37.423],[-21.9181,95.1129,-26.1989],[[[0.926589,-0.325104,-0.189053],[0.350677,0.928512,0.122033],[0.135864,-0.17937,0.974355]],[[0.928909,-0.328317,-0.171277],[0.125739,0.714695,-0.688041],[0.348306,0.617591,0.705169]],[[0.928909,-0.328317,-0.171277],[-0.225836,-0.135709,-0.964666],[0.293472,0.934768,-0.200207]],[[0.928909,-0.328317,-0.171277],[-0.348276,-0.61742,-0.705334],[0.125823,0.714843,-0.687872]]],2],[1793,[-0.385919,-0.903658,0.185655],179,55.9436,[-15.677,96.3933,-24.9556],[-5.05809,96.6032,-24.9156],[178.684,2.68943,3.0197],false,[20.2024,142.242,43.5677],[20.8109,150.307,-10.2183],[7.24706,127.41,-38.4467],[-2.03577,105.674,-33.9809],[-5.79869,94.4859,-22.8513],[[[0.907393,-0.41702,-0.0522655],[0.420134,0.89672,0.139212],[-0.0111867,-0.148278,0.988882]],[[0.906725,-0.408641,-0.104222],[0.235824,0.69619,-0.678017],[0.349624,0.590197,0.72762]],[[0.906725,-0.408641,-0.104222],[-0.170047,-0.128117,-0.977072],[0.385919,0.903658,-0.185655]],[[0.906725,-0.408641,-0.104222],[-0.35221,-0.597858,-0.720079],[0.231944,0.689621,-0.686021]]],3],[1794,[-0.554755,-0.815554,0.164675],179,43.8587,[0.089573,103.361,-19.3962],[10.5495,103.29,-19.0685],[176.932,5.71861,5.41207],false,[28.915,133.594,42.1462],[36.7911,141.377,-6.97],[24.9853,124.674,-29.8675],[15.5639,110.824,-27.0709],[9.34708,101.485,-17.1643],[[[0.818025,-0.573772,0.0402596],[0.553502,0.804296,0.216203],[-0.156432,-0.154576,0.975518]],[[0.825448,-0.564305,-0.0139649],[0.413253,0.620977,-0.66604],[0.384522,0.544011,0.745785]],[[0.825448,-0.564305,-0.0139649],[-0.104316,-0.128183,-0.986249],[0.554755,0.815554,-0.164675]],[[0.825448,-0.564305,-0.0139649],[-0.382229,-0.540566,-0.749459],[0.415374,0.623977,-0.661904]]],4]],[[0,200,0],[235.247,235.247,147.751]]],[392358,1296494174542,[[179,"right",[-0.071839,0.312469,-0.947208],[-0.222502,-0.930751,-0.290165],[7.32369,144.935,6.43337],[180.568,10.7719,-0.697371],[-2.93329,144.244,7.66272],1,0,0.748031,[[0.724961,0.371493,-0.580021],[0.229503,0.663687,0.711933],[0.649431,-0.64924,0.395889]],55.3284,[170.216,-19.6914,143.845],[17.9621,132.518,51.0322]]],[[1790,[-0.173648,-0.15156,-0.973076],179,45.2529,[-22.0855,113.356,-28.3231],[-20.2988,113.623,-28.3117],[204.825,-7.38593,-0.00357056],false,[-7.97854,127.562,54.5017],[-7.97854,127.562,54.5017],[-21.0725,123.806,13.3542],[-26.2134,119.319,-15.4541],[-17.7411,111.434,-32.1578],[[[0.576237,0.817042,0.019818],[-0.654944,0.447138,0.609193],[0.488875,-0.364019,0.792775]],[[0.409402,0.887549,-0.211298],[-0.860888,0.45249,0.232648],[0.302096,0.0866572,0.94933]],[[0.409402,0.887549,-0.211298],[-0.895676,0.435071,0.0920716],[0.173648,0.15156,0.973076]],[[0.409402,0.887549,-0.211298],[-0.811523,0.248423,-0.528881],[-0.416917,0.387998,0.821972]]],0],[1791,[-0.442944,0.421375,-0.791356],179,51.0629,[-46.2591,190.367,-64.0296],[-44.5007,189.998,-64.3329],[186.447,-26.2724,-29.6448],false,[1.94075,144.938,49.6723],[-14.9547,157.592,-10.6202],[-29.8981,177.725,-38.2424],[-39.1943,186.568,-54.8509],[-46.2233,191.161,-67.0816],[[[0.946417,-0.13475,-0.293491],[0.185319,0.970877,0.151837],[0.264484,-0.198091,0.943826]],[[0.85069,-0.081153,-0.519366],[0.340386,0.837945,0.426598],[0.40058,-0.539688,0.740454]],[[0.85069,-0.081153,-0.519366],[0.283069,0.903248,0.322513],[0.442944,-0.421375,0.791356]],[[0.85069,-0.081153,-0.519366],[0.22769,0.947404,0.224906],[0.473798,-0.30958,0.824425]]],1],[1792,[-0.29255,-0.934679,0.201962],179,58.182,[-30.0881,97.2992,-28.8965],[-19.3441,97.3079,-28.5419],[201.623,-3.13928,8.95535],false,[12.0893,145.049,46.3098],[4.04911,155.736,-12.7755],[-10.3475,129.8,-42.3004],[-17.571,106.722,-37.3136],[-19.6446,95.0989,-26.0505],[[[0.927896,-0.323798,-0.184834],[0.348416,0.929534,0.120718],[0.132721,-0.176413,0.975327]],[[0.930251,-0.327091,-0.166269],[0.127711,0.713438,-0.688982],[0.343982,0.619692,0.705449]],[[0.930251,-0.327091,-0.166269],[-0.221468,-0.139234,-0.965177],[0.29255,0.934679,-0.201962]],[[0.930251,-0.327091,-0.166269],[-0.344214,-0.620987,-0.704196],[0.127086,0.712311,-0.690262]]],2],[1793,[-0.384831,-0.904149,0.185525],179,55.9436,[-14.084,96.4827,-24.9976],[-2.78919,96.6629,-24.7886],[200.46,3.94921,5.66181],false,[22.1167,142.464,43.7474],[22.9022,150.382,-10.0581],[9.49779,127.467,-38.3483],[0.241129,105.719,-33.8857],[-3.52945,94.5562,-22.7336],[[[0.908391,-0.415374,-0.0478625],[0.417873,0.897928,0.138234],[-0.0144416,-0.145571,0.989242]],[[0.907871,-0.407032,-0.100474],[0.237468,0.696745,-0.676872],[0.345513,0.590653,0.729212]],[[0.907871,-0.407032,-0.100474],[-0.166358,-0.129767,-0.977489],[0.384831,0.904149,-0.185525]],[[0.907871,-0.407032,-0.100474],[-0.348932,-0.600727,-0.719287],[0.232416,0.688078,-0.687409]]],3],[1794,[-0.55377,-0.816299,0.164301],179,43.8587,[1.79297,103.407,-19.3755],[12.7931,103.363,-18.8598],[198.439,6.53677,10.2055],false,[30.8512,133.83,42.381],[38.8881,141.492,-6.728],[27.2241,124.747,-29.6673],[17.8195,110.884,-26.877],[11.5914,101.566,-16.9577],[[[0.818999,-0.572046,0.0447754],[0.551145,0.805979,0.215957],[-0.159625,-0.152191,0.975376]],[[0.826612,-0.562691,-0.00956677],[0.415195,0.621235,-0.66459],[0.379902,0.545386,0.747147]],[[0.826612,-0.562691,-0.00956677],[-0.10026,-0.130515,-0.986364],[0.55377,0.816299,-0.164301]],[[0.826612,-0.562691,-0.00956677],[-0.378883,-0.543861,-0.748775],[0.416126,0.622571,-0.662756]]],4]],[[0,200,0],[235.247,235.247,147.751]]],[392359,1296494183134,[[179,"right",[-0.0678166,0.308942,-0.94866],[-0.226105,-0.930869,-0.286984],[9.2923,144.948,6.36057],[193.384,8.32865,-2.75],[-1.12707,144.348,7.47034],1,0,0.769839,[[0.734612,0.361772,-0.573992],[0.230509,0.662592,0.712627],[0.638131,-0.655815,0.403356]],55.3284,[169.357,-21.0879,145.602],[19.7521,132.663,51.0381]]],[[1790,[-0.166009,-0.156255,-0.973666],179,45.2529,[-18.8342,113.236,-28.3886],[-18.1265,113.558,-28.382],[219.439,-7.38099,-3.08902],false,[-6.22091,127.843,54.4574],[-6.22091,127.843,54.4574],[-19.0558,123.954,13.2408],[-23.9706,119.328,-15.585],[-15.5077,111.35,-32.2491],[[[0.580027,0.814397,0.0180606],[-0.654466,0.452691,0.605595],[0.485019,-0.363081,0.795568]],[[0.41503,0.88459,-0.212722],[-0.860269,0.457654,0.224699],[0.29612,0.0897415,0.950926]],[[0.41503,0.88459,-0.212722],[-0.894534,0.439414,0.0819996],[0.166009,0.156255,0.973666]],[[0.41503,0.88459,-0.212722],[-0.808899,0.251747,-0.531324],[-0.416452,0.392586,0.820027]]],0],[1791,[-0.438837,0.420189,-0.794269],179,51.0629,[-43.5161,190.166,-64.4627],[-42.1296,189.965,-64.7281],[210.097,-20.3626,-34.0014],false,[3.79313,145.152,49.5844],[-12.8802,157.64,-10.8046],[-27.6544,177.73,-38.5487],[-36.8643,186.549,-55.2183],[-43.839,191.124,-67.4868],[[[0.946558,-0.140394,-0.290376],[0.189484,0.970605,0.148394],[0.261007,-0.195485,0.945336]],[[0.85169,-0.0872672,-0.516728],[0.343182,0.838068,0.424109],[0.396042,-0.538542,0.743723]],[[0.85169,-0.0872672,-0.516728],[0.286437,0.903231,0.319574],[0.438837,-0.420189,0.794269]],[[0.85169,-0.0872672,-0.516728],[0.231513,0.947254,0.221611],[0.470134,-0.308373,0.826971]]],1],[1792,[-0.297579,-0.932264,0.205744],179,58.182,[-27.9662,97.3827,-28.8441],[-17.4868,97.3398,-28.4882],[205.638,-1.39215,8.44427],false,[13.9511,145.202,46.2489],[6.12037,155.686,-12.9008],[-8.29474,129.711,-42.3822],[-15.6424,106.692,-37.3021],[-17.8012,95.1466,-25.9756],[[[0.926854,-0.328908,-0.181002],[0.352467,0.928369,0.117885],[0.129264,-0.17306,0.976392]],[[0.929235,-0.332276,-0.1616],[0.133765,0.710221,-0.691154],[0.344425,0.620628,0.704409]],[[0.929235,-0.332276,-0.1616],[-0.219017,-0.143096,-0.965171],[0.297579,0.932264,-0.205744]],[[0.929235,-0.332276,-0.1616],[-0.344991,-0.623641,-0.701465],[0.1323,0.707577,-0.694141]]],2],[1793,[-0.389684,-0.901864,0.186514],179,55.9436,[-12.1451,96.5807,-25.0468],[-0.940012,96.6867,-24.8028],[204.526,3.81922,3.06653],false,[23.973,142.56,43.7243],[24.9406,150.255,-10.1107],[11.5255,127.392,-38.4382],[2.1521,105.699,-33.9519],[-1.69155,94.6008,-22.7604],[[[0.906548,-0.419833,-0.0437135],[0.421727,0.896508,0.135717],[-0.0177891,-0.14147,0.989783]],[[0.906191,-0.411604,-0.0969558],[0.243408,0.695206,-0.676344],[0.34579,0.589297,0.730177]],[[0.906191,-0.411604,-0.0969558],[-0.164211,-0.131235,-0.977656],[0.389684,0.901864,-0.186514]],[[0.906191,-0.411604,-0.0969558],[-0.350267,-0.602153,-0.717443],[0.23692,0.6841,-0.689837]]],3],[1794,[-0.558165,-0.813194,0.164826],179,43.8587,[3.84381,103.444,-19.3492],[14.6678,103.299,-18.8139],[203.824,2.87984,8.49501],false,[32.6704,133.879,42.4167],[40.8755,141.303,-6.70114],[29.2315,124.576,-29.6634],[19.7521,110.765,-26.8641],[13.456,101.52,-16.9199],[[[0.81617,-0.575704,0.0493174],[0.554355,0.804251,0.214174],[-0.162965,-0.147463,0.97555]],[[0.823978,-0.566598,-0.00508535],[0.420985,0.618177,-0.663799],[0.379251,0.544816,0.747893]],[[0.823978,-0.566598,-0.00508535],[-0.0975257,-0.132975,-0.98631],[0.558165,0.813194,-0.164826]],[[0.823978,-0.566598,-0.00508535],[-0.379599,-0.545326,-0.747345],[0.420671,0.617726,-0.664417]]],4]],[[0,200,0],[235.247,235.247,147.751]]],[392360,1296494191803,[[179,"right",[-0.0830861,0.310821,-0.94683],[-0.203613,-0.935367,-0.289191],[11.0483,144.638,6.48394],[195.825,-3.38698,1.76666],[0.988345,144.398,7.29896],1,0,0.665641,[[0.748176,0.362696,-0.555594],[0.217954,0.656553,0.722104],[0.626681,-0.661355,0.412166]],55.3284,[169.085,-22.5937,147.66],[22.1647,132.456,51.0308]]],[[1790,[-0.165773,-0.155244,-0.973868],179,45.2529,[-15.5289,112.596,-28.3464],[-15.6504,112.756,-28.257],[237.381,-26.8066,0.100984],false,[-3.64557,126.938,54.6226],[-3.64557,126.938,54.6226],[-16.5778,122.966,13.4442],[-21.4856,118.37,-15.3875],[-13.0199,110.73,-32.2079],[[[0.55845,0.82936,0.0171637],[-0.661608,0.432822,0.612323],[0.500407,-0.353307,0.790422]],[[0.392076,0.895753,-0.209531],[-0.870204,0.435006,0.231334],[0.298366,0.0916343,0.950043]],[[0.392076,0.895753,-0.209531],[-0.904873,0.416565,0.087624],[0.165773,0.155244,0.973868]],[[0.392076,0.895753,-0.209531],[-0.820201,0.237238,-0.520565],[-0.416589,0.375959,0.827713]]],0],[1791,[-0.455741,0.411604,-0.789229],179,51.0629,[-42.5293,189.055,-64.096],[-42.0775,188.564,-64.0322],[155.751,-58.0265,-3.5706],false,[5.87119,144.525,49.7478],[-11.58,156.809,-10.4629],[-27.0875,176.612,-38.0123],[-36.6523,185.25,-54.576],[-43.8375,189.688,-66.7733],[[[0.947721,-0.114175,-0.297976],[0.164913,0.974674,0.151044],[0.273184,-0.192288,0.942548]],[[0.849783,-0.0626719,-0.523393],[0.324131,0.84514,0.425062],[0.415701,-0.530859,0.7385]],[[0.849783,-0.0626719,-0.523393],[0.264893,0.909205,0.321212],[0.455741,-0.411604,0.789229]],[[0.849783,-0.0626719,-0.523393],[0.208082,0.952156,0.223831],[0.484324,-0.299116,0.822168]]],1],[1792,[-0.271136,-0.940074,0.206753],179,58.182,[-25.1842,97.316,-28.7521],[-14.6801,96.5769,-28.3338],[237.082,-23.7954,11.7851],false,[15.999,144.857,46.3374],[7.44916,155.366,-12.7083],[-6.45295,129.186,-42.2546],[-13.1477,105.974,-37.1495],[-14.9001,94.3971,-25.7847],[[[0.933823,-0.303578,-0.189249],[0.32872,0.936881,0.11915],[0.141132,-0.173475,0.974673]],[[0.936611,-0.307196,-0.168498],[0.111468,0.71718,-0.687916],[0.332168,0.625527,0.705961]],[[0.936611,-0.307196,-0.168498],[-0.221914,-0.147961,-0.963775],[0.271136,0.940074,-0.206753]],[[0.936611,-0.307196,-0.168498],[-0.333506,-0.634249,-0.697497],[0.107399,0.709478,-0.696495]]],2],[1793,[-0.364509,-0.912719,0.184602],179,55.9436,[-9.55794,96.6267,-25.1196],[1.88826,96.3473,-24.9032],[236.571,-7.03896,-1.14393],false,[26.0678,142.49,43.7274],[26.4267,150.422,-10.0806],[13.4394,127.431,-38.5026],[4.67163,105.476,-34.0622],[1.21496,94.2507,-22.8711],[[[0.916958,-0.395554,-0.0521949],[0.398929,0.90679,0.136334],[-0.0065978,-0.145835,0.989287]],[[0.915983,-0.387128,-0.105389],[0.221157,0.706339,-0.67244],[0.33476,0.592636,0.73261]],[[0.915983,-0.387128,-0.105389],[-0.167655,-0.130677,-0.977146],[0.364509,0.912719,-0.184602]],[[0.915983,-0.387128,-0.105389],[-0.339967,-0.609401,-0.716277],[0.213067,0.691927,-0.689812]]],3],[1794,[-0.53547,-0.828302,0.164886],179,43.8587,[6.50383,103.484,-19.349],[17.3604,103.29,-18.9507],[231.918,2.18723,1.90636],false,[34.9811,134.047,42.319],[42.6174,141.881,-6.82688],[31.2817,124.984,-29.8184],[22.1878,110.916,-27.0181],[16.2125,101.478,-17.0572],[[[0.831428,-0.554129,0.040851],[0.534532,0.817758,0.213418],[-0.151668,-0.155606,0.976106]],[[0.838533,-0.544693,-0.013102],[0.40068,0.632769,-0.662615],[0.369212,0.550375,0.748845]],[[0.838533,-0.544693,-0.013102],[-0.100665,-0.131247,-0.986226],[0.53547,0.828302,-0.164886]],[[0.838533,-0.544693,-0.013102],[-0.370773,-0.55284,-0.746255],[0.399236,0.630617,-0.665532]]],4]],[[0,200,0],[235.247,235.247,147.751]]],[392361,1296494200468,[[179,"right",[-0.089449,0.314468,-0.945044],[-0.186949,-0.937284,-0.294191],[13.1941,144.381,6.65597],[209.6,-10.3683,6.57519],[3.45297,144.395,7.16912],1,0,0.66994,[[0.765656,0.353068,-0.537694],[0.206672,0.656557,0.72541],[0.609146,-0.66654,0.429728]],55.3284,[167.374,-24.1083,151.874],[24.5647,132.157,51.1272]]],[[1790,[-0.159889,-0.151324,-0.975467],179,45.2529,[-12.1467,112.153,-28.4234],[-12.8022,112.316,-28.3073],[261.912,-30.0882,-2.53372],false,[-1.13898,126.155,54.7069],[-1.13898,126.155,54.7069],[-13.946,122.29,13.4792],[-18.6796,117.81,-15.3998],[-10.1484,110.457,-32.3146],[[[0.543419,0.839191,0.02133],[-0.668806,0.41745,0.61517],[0.507341,-0.348561,0.788106]],[[0.378013,0.903468,-0.202116],[-0.877382,0.419279,0.233249],[0.295476,0.0891613,0.95118]],[[0.378013,0.903468,-0.202116],[-0.911889,0.401056,0.0872521],[0.159889,0.151324,0.975467]],[[0.378013,0.903468,-0.202116],[-0.825146,0.229792,-0.516072],[-0.41981,0.361857,0.832358]]],0],[1791,[-0.463703,0.407665,-0.786632],179,51.0629,[-41.2385,188.1,-63.6399],[-40.7717,187.733,-63.5774],[154.433,-68.1667,11.3484],false,[8.05514,143.937,49.9223],[-9.66382,156.234,-10.2074],[-25.5455,175.912,-37.6339],[-35.2773,184.467,-54.1432],[-42.5513,188.84,-66.3113],[[[0.949382,-0.095426,-0.299279],[0.147435,0.976645,0.15629],[0.277375,-0.192503,0.941279]],[[0.850363,-0.044466,-0.524315],[0.309252,0.848409,0.429611],[0.42573,-0.527471,0.735206]],[[0.850363,-0.044466,-0.524315],[0.248723,0.912048,0.326044],[0.463703,-0.407665,0.786632]],[[0.850363,-0.044466,-0.524315],[0.191001,0.954546,0.228823],[0.490308,-0.294727,0.820204]]],1],[1792,[-0.254258,-0.94573,0.202354],179,58.182,[-21.6706,97.1399,-28.687],[-11.6628,96.1326,-28.4278],[266.481,-30.6768,5.58659],false,[18.1725,144.47,46.5064],[9.38647,155.147,-12.4743],[-4.02395,128.94,-42.2234],[-10.302,105.589,-37.2269],[-11.8379,93.953,-25.8913],[[[0.93899,-0.285643,-0.191586],[0.31187,0.941989,0.124071],[0.145032,-0.176252,0.973602]],[[0.942022,-0.289546,-0.16958],[0.0996249,0.723931,-0.682641],[0.32042,0.626169,0.710805]],[[0.942022,-0.289546,-0.16958],[-0.218968,-0.147505,-0.964518],[0.254258,0.94573,-0.202354]],[[0.942022,-0.289546,-0.16958],[-0.322078,-0.638464,-0.69902],[0.0941277,0.713111,-0.694704]]],2],[1793,[-0.347963,-0.920185,0.179393],179,55.9436,[-6.22735,96.6477,-25.2329],[4.91289,96.2119,-25.0743],[266.436,-8.66244,-6.08733],false,[28.2802,142.3,43.8762],[28.4521,150.533,-9.88747],[15.8926,127.571,-38.5248],[7.52281,105.437,-34.2097],[4.28961,94.1146,-23.0492],[[[0.923899,-0.37866,-0.0550286],[0.382624,0.913075,0.141039],[-0.00316061,-0.151361,0.988473]],[[0.922736,-0.369987,-0.108023],[0.209174,0.716098,-0.66592],[0.323736,0.591872,0.738161]],[[0.922736,-0.369987,-0.108023],[-0.165774,-0.127945,-0.977829],[0.347963,0.920185,-0.179393]],[[0.922736,-0.369987,-0.108023],[-0.329911,-0.613249,-0.717693],[0.199292,0.697879,-0.68793]]],3],[1794,[-0.520623,-0.83871,0.159742],179,43.8587,[9.83948,103.54,-19.3788],[20.2641,103.348,-19.0693],[259.256,3.74341,-2.45084],false,[37.3432,134.027,42.415],[44.7969,142.268,-6.69243],[33.7939,125.345,-29.827],[24.9521,111.101,-27.1141],[19.1537,101.513,-17.1915],[[[0.841317,-0.53926,0.037204],[0.519874,0.826081,0.217535],[-0.148041,-0.163675,0.975343]],[[0.848139,-0.529531,-0.0160412],[0.390164,0.644827,-0.657245],[0.358375,0.551176,0.753507]],[[0.848139,-0.529531,-0.0160412],[-0.0980421,-0.127132,-0.987029],[0.520623,0.83871,-0.159742]],[[0.848139,-0.529531,-0.0160412],[-0.361342,-0.556081,-0.748469],[0.387418,0.640602,-0.662976]]],4]],[[0,200,0],[235.247,235.247,147.751]]],[392362,1296494209603,[[179,"right",[-0.0906627,0.316727,-0.944174],[-0.17167,-0.938857,-0.298458],[15.6496,144.084,6.86901],[226.061,-16.5331,11.2317],[6.4731,144.318,7.09481],1,0,0.677005,[[0.777035,0.351561,-0.522131],[0.194008,0.655351,0.729984],[0.598813,-0.668521,0.441025]],55.3284,[167.425,-24.8685,154.731],[27.0375,131.861,51.3362]]],[[1790,[-0.149616,-0.148531,-0.977524],179,45.2529,[-8.91915,111.815,-28.5166],[-9.58658,111.882,-28.3758],[286.956,-31.9379,-4.66175],false,[1.41426,125.458,54.7957],[1.41426,125.458,54.7957],[-11.1271,121.692,13.4773],[-15.5565,117.294,-15.4626],[-6.90555,110.175,-32.4167],[[[0.530596,0.847208,0.0265792],[-0.677326,0.404932,0.614215],[0.509605,-0.343903,0.788691]],[[0.367422,0.909504,-0.194432],[-0.8839,0.406511,0.231234],[0.289347,0.0868982,0.953272]],[[0.367422,0.909504,-0.194432],[-0.917941,0.388254,0.0815025],[0.149616,0.148531,0.977524]],[[0.367422,0.909504,-0.194432],[-0.826907,0.223766,-0.515901],[-0.425707,0.35033,0.834291]]],0],[1791,[-0.466799,0.403695,-0.786847],179,51.0629,[-39.2414,187.196,-63.3893],[-38.6993,186.895,-63.3994],[174.676,-74.6813,13.6226],false,[10.3565,143.396,50.1135],[-7.32174,155.656,-10.0357],[-23.3895,175.21,-37.4415],[-33.1864,183.683,-53.9553],[-40.48,187.987,-66.1358],[[[0.951825,-0.0799316,-0.29604],[0.13208,0.978149,0.16056],[0.276738,-0.191926,0.941584]],[[0.852924,-0.0296185,-0.521195],[0.29496,0.851091,0.43433],[0.43072,-0.524182,0.734652]],[[0.852924,-0.0296185,-0.521195],[0.233709,0.914414,0.330495],[0.466799,-0.403695,0.786847]],[[0.852924,-0.0296185,-0.521195],[0.175549,0.956519,0.232925],[0.491634,-0.290162,0.821037]]],1],[1792,[-0.241207,-0.950087,0.197873],179,58.182,[-17.1439,96.8312,-28.6681],[-8.31163,95.7019,-28.5387],[294.256,-34.6957,0.0189996],false,[20.4773,144.094,46.7381],[11.7511,154.865,-12.2345],[-1.09728,128.66,-42.2322],[-7.05305,105.201,-37.3464],[-8.46185,93.5335,-26.0269],[[[0.943906,-0.270698,-0.189112],[0.29714,0.946103,0.128833],[0.144044,-0.177798,0.973467]],[[0.947116,-0.274921,-0.1655],[0.0934256,0.729649,-0.67741],[0.306991,0.626124,0.716746]],[[0.947116,-0.274921,-0.1655],[-0.211639,-0.147489,-0.966155],[0.241207,0.950087,-0.197873]],[[0.947116,-0.274921,-0.1655],[-0.309059,-0.642744,-0.700973],[0.0863385,0.715051,-0.69372]]],2],[1793,[-0.33469,-0.925953,0.174912],179,55.9436,[-1.84804,96.617,-25.3613],[8.24763,96.0193,-25.1325],[293.948,-11.5351,-5.75449],false,[30.6264,142.087,44.138],[30.8745,150.529,-9.59299],[18.7999,127.58,-38.4485],[10.7493,105.307,-34.2412],[7.66054,93.928,-23.0978],[[[0.929712,-0.364458,-0.052967],[0.368259,0.918195,0.145958],[-0.00456168,-0.155205,0.987872]],[[0.928625,-0.355632,-0.105748],[0.201959,0.723609,-0.660001],[0.311238,0.591537,0.743785]],[[0.928625,-0.355632,-0.105748],[-0.160122,-0.127035,-0.978889],[0.33469,0.925953,-0.174912]],[[0.928625,-0.355632,-0.105748],[-0.318445,-0.617715,-0.719042],[0.190392,0.701395,-0.686874]]],3],[1794,[-0.508844,-0.846975,0.153986],179,43.8587,[14.1208,103.59,-19.3987],[23.4712,103.32,-19.0376],[284.817,2.22991,-0.847014],false,[39.8188,133.957,42.6796],[47.3303,142.499,-6.3675],[36.72,125.552,-29.6668],[28.0783,111.168,-27.0517],[22.3862,101.473,-17.1708],[[[0.849223,-0.526641,0.0383408],[0.50652,0.832987,0.222642],[-0.14919,-0.169653,0.974146]],[[0.855997,-0.516794,-0.0139119],[0.384501,0.6544,-0.651092],[0.345584,0.551983,0.758872]],[[0.855997,-0.516794,-0.0139119],[-0.0913622,-0.124733,-0.987975],[0.508844,0.846975,-0.153986]],[[0.855997,-0.516794,-0.0139119],[-0.35019,-0.559825,-0.750975],[0.380311,0.647704,-0.660184]]],4]],[[0,200,0],[235.247,235.247,147.751]]],[392363,1296494217780,[[179,"right",[-0.0888611,0.321408,-0.942762],[-0.162624,-0.938488,-0.304622],[18.0908,143.797,7.13908],[244.4,-21.2167,16.7455],[9.48825,144.183,7.1063],1,0,0.682096,[[0.786167,0.347365,-0.511154],[0.18529,0.656562,0.73116],[0.589583,-0.669526,0.451804]],55.3284,[167.595,-25.5533,157.511],[29.3716,131.412,51.5885]]],[[1790,[-0.140416,-0.141986,-0.979859],179,45.2529,[-5.96456,111.785,-28.6174],[-6.60457,111.75,-28.4608],[306.073,-24.7306,-6.61593],false,[3.78569,124.781,54.8913],[3.78569,124.781,54.8913],[-8.50918,121.311,13.473],[-12.6662,117.107,-15.5361],[-3.91907,110.195,-32.5263],[[[0.523543,0.851324,0.0339079],[-0.683447,0.395873,0.613339],[0.508727,-0.344284,0.789091]],[[0.363451,0.91318,-0.184407],[-0.887378,0.399614,0.229931],[0.28366,0.0800705,0.955576]],[[0.363451,0.91318,-0.184407],[-0.920971,0.382024,0.0766198],[0.140416,0.141986,0.979859]],[[0.363451,0.91318,-0.184407],[-0.826211,0.224495,-0.516698],[-0.43044,0.340154,0.836072]]],0],[1791,[-0.46634,0.404364,-0.786776],179,51.0629,[-36.9421,186.779,-63.1344],[-36.2747,186.574,-63.1359],[205.618,-65.7343,18.3093],false,[12.603,142.817,50.3537],[-4.89538,155.279,-9.80664],[-20.9876,174.871,-37.1712],[-30.7749,183.358,-53.6835],[-38.0465,187.667,-65.8756],[[[0.953808,-0.0704896,-0.292029],[0.123355,0.97825,0.166766],[0.273922,-0.195086,0.941758]],[[0.855599,-0.0197091,-0.517263],[0.286119,0.850756,0.440851],[0.431376,-0.525191,0.733546]],[[0.855599,-0.0197091,-0.517263],[0.224669,0.914386,0.336782],[0.46634,-0.404364,0.786776]],[[0.855599,-0.0197091,-0.517263],[0.166441,0.956684,0.238857],[0.49015,-0.290459,0.821819]]],1],[1792,[-0.235024,-0.953009,0.19115],179,58.182,[-12.7287,96.5496,-28.7267],[-5.27678,95.5306,-28.7125],[313.673,-30.6759,-6.0939],false,[22.7334,143.617,47.0298],[14.1933,154.656,-11.9205],[1.75998,128.612,-42.2317],[-4.04311,105.081,-37.5119],[-5.421,93.3697,-26.2339],[[[0.946949,-0.261926,-0.186232],[0.288816,0.947729,0.13563],[0.140972,-0.182221,0.973099]],[[0.950309,-0.266599,-0.160739],[0.0930558,0.735999,-0.670556],[0.297073,0.622278,0.724236]],[[0.950309,-0.266599,-0.160739],[-0.204146,-0.143874,-0.96831],[0.235024,0.953009,-0.19115]],[[0.950309,-0.266599,-0.160739],[-0.299635,-0.643258,-0.704583],[0.0844441,0.717735,-0.691177]]],2],[1793,[-0.32814,-0.929774,0.166865],179,55.9436,[2.52325,96.5858,-25.5123],[11.2605,95.9761,-25.2781],[312.913,-9.31915,-9.17925],false,[32.9104,141.708,44.4658],[33.339,150.46,-9.2143],[21.6209,127.703,-38.3674],[13.7279,105.339,-34.3536],[10.6886,93.8891,-23.2691],[[[0.932888,-0.35658,-0.050693],[0.36008,0.920302,0.152929],[-0.00787866,-0.160919,0.986936]],[[0.931976,-0.347469,-0.103374],[0.20047,0.731561,-0.651636],[0.302048,0.586586,0.751455]],[[0.931976,-0.347469,-0.103374],[-0.154095,-0.121593,-0.980546],[0.32814,0.929774,-0.166865]],[[0.931976,-0.347469,-0.103374],[-0.310362,-0.617402,-0.722835],[0.18734,0.705748,-0.683245]]],3],[1794,[-0.502783,-0.851794,0.14716],179,43.8587,[18.3337,103.626,-19.3929],[26.3971,103.301,-18.988],[303.409,1.45461,1.28567],false,[42.1754,133.661,43.0041],[49.8445,142.546,-5.95769],[39.5162,125.687,-29.447],[30.9774,111.221,-26.9478],[25.3253,101.449,-17.1213],[[[0.853301,-0.519935,0.039308],[0.498674,0.835781,0.229772],[-0.152319,-0.176462,0.97245]],[[0.860175,-0.509852,-0.0122854],[0.383321,0.662217,-0.643843],[0.3364,0.549108,0.765059]],[[0.860175,-0.509852,-0.0122854],[-0.0854944,-0.120406,-0.989036],[0.502783,0.851794,-0.14716]],[[0.860175,-0.509852,-0.0122854],[-0.342764,-0.560107,-0.754184],[0.377641,0.652941,-0.656548]]],4]],[[0,200,0],[235.247,235.247,147.751]]],[392364,1296494226511,[[179,"right",[-0.0832253,0.315853,-0.945151],[-0.148918,-0.941733,-0.301598],[20.8692,143.344,7.62605],[264.154,-29.4471,27.1893],[13.1246,143.915,7.27236],1,0,0.686574,[[0.79221,0.355919,-0.495707],[0.170551,0.650804,0.739843],[0.585932,-0.670653,0.454871]],55.3284,[169.219,-25.9288,158.885],[31.852,131.301,52.244]]],[[1790,[-0.125845,-0.143268,-0.98165],179,45.2529,[-2.60338,111.453,-28.4033],[-3.12224,111.222,-28.1896],[326.923,-28.3556,1.79873],false,[6.31194,124.394,55.3284],[6.31194,124.394,55.3284],[-5.57502,120.907,13.7927],[-9.30071,116.665,-15.2695],[-0.570294,109.892,-32.3244],[[[0.513455,0.857408,0.0348624],[-0.693918,0.390964,0.604669],[0.504818,-0.334662,0.795714]],[[0.35934,0.915739,-0.179715],[-0.891999,0.393638,0.222232],[0.274249,0.0804487,0.958288]],[[0.35934,0.915739,-0.179715],[-0.924682,0.375363,0.0637592],[0.125845,0.143268,0.98165]],[[0.35934,0.915739,-0.179715],[-0.828435,0.22437,-0.513179],[-0.429615,0.333288,0.839255]]],0],[1791,[-0.463103,0.395134,-0.793351],179,51.0629,[-33.9487,185.503,-63.2939],[-33.2828,185.161,-63.3863],[242.339,-91.5153,5.6616],false,[14.9676,142.508,50.7891],[-2.07821,154.481,-9.60004],[-18.1175,173.764,-37.2139],[-27.8368,182.057,-53.8642],[-35.0366,186.218,-66.1499],[[[0.957379,-0.0609753,-0.282325],[0.110559,0.980384,0.163171],[0.266837,-0.18743,0.94534]],[[0.860859,-0.0124147,-0.508693],[0.272139,0.855948,0.439651],[0.429956,-0.516913,0.740229]],[[0.860859,-0.0124147,-0.508693],[0.210851,0.91854,0.334405],[0.463103,-0.395134,0.793351]],[[0.860859,-0.0124147,-0.508693],[0.152961,0.959778,0.235433],[0.485309,-0.280485,0.828132]]],1],[1792,[-0.227297,-0.954751,0.191799],179,58.182,[-7.41624,96.0059,-28.6416],[-1.54325,94.8209,-28.3576],[344.023,-43.1726,4.21022],false,[25.1204,143.408,47.5607],[17.0362,154.066,-11.5238],[5.29925,127.921,-42.0252],[-0.31304,104.347,-37.2894],[-1.69237,92.7116,-25.9328],[[[0.951659,-0.251969,-0.175662],[0.276655,0.951608,0.133807],[0.133446,-0.175936,0.975315]],[[0.955132,-0.256972,-0.147268],[0.0952796,0.737381,-0.668724],[0.280436,0.624688,0.72878]],[[0.955132,-0.256972,-0.147268],[-0.189891,-0.14972,-0.970322],[0.227297,0.954751,-0.191799]],[[0.955132,-0.256972,-0.147268],[-0.28386,-0.652312,-0.702789],[0.0845325,0.71306,-0.695988]]],2],[1793,[-0.31952,-0.932976,0.165719],179,55.9436,[7.85409,96.3542,-25.4563],[14.9477,95.4676,-24.7999],[342.385,-21.6034,6.70755],false,[35.3433,141.602,45.1059],[36.2009,150.102,-8.60965],[25.0838,127.269,-37.938],[17.3981,104.827,-33.9519],[14.3892,93.4156,-22.82],[[[0.937342,-0.346128,-0.039806],[0.348052,0.925081,0.151938],[-0.0157661,-0.156272,0.987588]],[[0.936845,-0.337281,-0.0925304],[0.200517,0.734745,-0.64803],[0.286555,0.58855,0.755973]],[[0.936845,-0.337281,-0.0925304],[-0.142223,-0.125688,-0.981822],[0.31952,0.932976,-0.165719]],[[0.936845,-0.337281,-0.0925304],[-0.296516,-0.625667,-0.72154],[0.185469,0.703408,-0.686162]]],3],[1794,[-0.494918,-0.856593,0.145961],179,43.8587,[23.395,103.488,-19.0847],[29.9393,102.894,-18.2751],[331.003,-10.9871,22.6899],false,[44.7133,133.656,43.7744],[52.7626,142.393,-5.1528],[42.9219,125.367,-28.731],[34.5167,110.82,-26.2522],[28.8778,101.058,-16.4075],[[[0.858738,-0.509949,0.0502105],[0.486837,0.842519,0.230547],[-0.15987,-0.173535,0.971765]],[[0.865857,-0.500291,-0.000115939],[0.384137,0.664977,-0.640503],[0.320515,0.55454,0.767956]],[[0.865857,-0.500291,-0.000115939],[-0.0731225,-0.126324,-0.98929],[0.494918,0.856593,-0.145961]],[[0.865857,-0.500291,-0.000115939],[-0.329149,-0.569486,-0.753224],[0.376765,0.652222,-0.657764]]],4]],[[0,200,0],[235.247,235.247,147.751]]],[392365,1296494235205,[[179,"right",[-0.0772811,0.322545,-0.943394],[-0.138588,-0.940513,-0.310207],[23.7756,143.286,8.27494],[282.856,-23.3716,39.8397],[17.0427,143.683,7.64118],1,0,0.689309,[[0.796548,0.361932,-0.48427],[0.15864,0.647813,0.745098],[0.583391,-0.670331,0.458597]],55.3284,[171.226,-26.1707,160.41],[34.4541,130.983,52.8959]]],[[1790,[-0.112991,-0.133414,-0.984598],179,45.2529,[0.801094,111.874,-28.3054],[0.36747,111.53,-28.0806],[344.109,-7.72339,4.2931],false,[8.944,123.848,55.6957],[8.944,123.848,55.6957],[-2.61069,120.829,14.0298],[-5.95583,116.879,-15.1196],[2.84961,110.382,-32.2432],[[[0.506176,0.861195,0.0461351],[-0.702459,0.380661,0.601373],[0.500337,-0.336808,0.797636]],[[0.356575,0.919489,-0.165512],[-0.895426,0.386895,0.220282],[0.266583,0.0696562,0.961292]],[[0.356575,0.919489,-0.165512],[-0.927409,0.369784,0.0563217],[0.112991,0.133414,0.984598]],[[0.356575,0.919489,-0.165512],[-0.827707,0.228744,-0.512423],[-0.433307,0.319712,0.842632]]],0],[1791,[-0.459121,0.397486,-0.794489],179,51.0629,[-30.7189,185.345,-62.9043],[-30.0716,185.22,-62.8989],[276.223,-65.3682,19.0657],false,[17.4934,142.065,51.3751],[0.894604,154.373,-9.07138],[-15.0486,173.746,-36.6778],[-24.6843,182.088,-53.3519],[-31.807,186.282,-65.6714],[[[0.960338,-0.0510984,-0.274116],[0.101162,0.979934,0.171741],[0.25984,-0.19266,0.946237]],[[0.865488,-0.00155594,-0.500928],[0.261298,0.854573,0.448808],[0.427381,-0.519329,0.740029]],[[0.865488,-0.00155594,-0.500928],[0.200348,0.917607,0.343304],[0.459121,-0.397486,0.794489]],[[0.865488,-0.00155594,-0.500928],[0.14291,0.959204,0.243937],[0.480112,-0.282712,0.830401]]],1],[1792,[-0.222876,-0.958305,0.178825],179,58.182,[-2.0344,95.8239,-28.7154],[2.12997,95.0761,-28.4951],[364.711,-22.7687,-3.96505],false,[27.6672,143.072,48.2457],[20.0283,154.126,-10.8253],[8.88693,128.36,-41.8677],[3.38379,104.698,-37.4522],[1.9638,92.9833,-26.1828],[[[0.955203,-0.242959,-0.16899],[0.267743,0.95272,0.143659],[0.126097,-0.18247,0.975092]],[[0.95875,-0.248674,-0.137696],[0.0996727,0.747765,-0.656439],[0.266204,0.615636,0.741706]],[[0.95875,-0.248674,-0.137696],[-0.176424,-0.140759,-0.974198],[0.222876,0.958305,-0.178825]],[[0.95875,-0.248674,-0.137696],[-0.270603,-0.650172,-0.709965],[0.0870242,0.71794,-0.690644]]],2],[1793,[-0.313529,-0.936785,0.155352],179,55.9436,[13.3628,96.3708,-25.3522],[18.58,95.7813,-24.6766],[362.849,-5.21047,8.88961],false,[37.926,141.368,45.8696],[39.1974,150.293,-7.76866],[28.5758,127.758,-37.5085],[21.0343,105.225,-33.7717],[18.0355,93.747,-22.7056],[[[0.940429,-0.338287,-0.0340009],[0.339187,0.926625,0.162229],[-0.0233739,-0.164098,0.986167]],[[0.940338,-0.329063,-0.0864988],[0.202009,0.744526,-0.636297],[0.273782,0.58086,0.76658]],[[0.940338,-0.329063,-0.0864988],[-0.132151,-0.118963,-0.984065],[0.313529,0.936785,-0.155352]],[[0.940338,-0.329063,-0.0864988],[-0.285654,-0.625422,-0.726119],[0.18484,0.707506,-0.682107]]],3],[1794,[-0.490238,-0.861481,0.132353],179,43.8587,[28.622,103.581,-18.7414],[33.4823,103.235,-17.9797],[351.841,3.28471,24.7954],false,[47.3715,133.507,44.5615],[55.7891,142.69,-4.22186],[46.4208,125.89,-28.1516],[38.0951,111.259,-25.9039],[32.4287,101.407,-16.1662],[[[0.862345,-0.50343,0.0540313],[0.477922,0.844566,0.24145],[-0.167186,-0.18239,0.968908]],[[0.869526,-0.493848,0.00630103],[0.388356,0.675791,-0.626488],[0.305131,0.547194,0.779406]],[[0.869526,-0.493848,0.00630103],[-0.0599337,-0.118173,-0.991183],[0.490238,0.861481,-0.132353]],[[0.869526,-0.493848,0.00630103],[-0.317159,-0.568116,-0.759378],[0.378597,0.6583,-0.650619]]],4]],[[0,200,0],[235.247,235.247,147.751]]],[392366,1296494243833,[[179,"right",[-0.071569,0.326095,-0.942624],[-0.132436,-0.939787,-0.315058],[26.5853,143.169,8.82588],[294.19,-20.7518,46.2011],[21.0152,143.469,8.13435],1,0,0.716306,[[0.801477,0.364333,-0.474232],[0.150438,0.644664,0.749518],[0.578794,-0.672064,0.461874]],55.3284,[172.675,-26.8328,161.758],[36.9813,130.727,53.4749]]],[[1790,[-0.102324,-0.127224,-0.986582],179,45.2529,[3.94594,112.15,-28.1225],[3.57708,111.716,-27.8924],[349.422,2.77421,8.78679],false,[11.4804,123.478,56.0551],[11.4804,123.478,56.0551],[0.174003,120.793,14.2982],[-2.85533,117.027,-14.9099],[6.00408,110.696,-32.0676],[[[0.502301,0.863041,0.0534166],[-0.708465,0.375344,0.597658],[0.495754,-0.338048,0.79997]],[[0.356623,0.92117,-0.155776],[-0.897093,0.384202,0.218205],[0.260854,0.0619284,0.96339]],[[0.356623,0.92117,-0.155776],[-0.928628,0.367778,0.0488866],[0.102324,0.127224,0.986582]],[[0.356623,0.92117,-0.155776],[-0.82629,0.23319,-0.512705],[-0.435963,0.311559,0.844315]]],0],[1791,[-0.454834,0.398609,-0.79639],179,51.0629,[-27.4975,185.276,-62.5703],[-26.9013,185.174,-62.5772],[300.416,-49.6449,23.8228],false,[19.9873,141.747,51.8726],[3.78903,154.235,-8.64545],[-12.0243,173.662,-36.2887],[-21.57,182.028,-53.0028],[-28.6188,186.233,-65.3608],[[[0.962553,-0.0460852,-0.267147],[0.0958824,0.979623,0.176479],[0.25357,-0.195485,0.947358]],[[0.869212,0.00399479,-0.494424],[0.254522,0.853687,0.454354],[0.423899,-0.520771,0.741018]],[[0.869212,0.00399479,-0.494424],[0.1939,0.917112,0.348292],[0.454834,-0.398609,0.79639]],[[0.869212,0.00399479,-0.494424],[0.136832,0.95897,0.248302],[0.47513,-0.28348,0.833001]]],1],[1792,[-0.222084,-0.96038,0.168372],179,58.182,[2.83845,95.868,-28.87],[5.4633,95.2588,-28.5695],[370.222,-10.1224,-8.54394],false,[30.18,142.808,48.8234],[22.9361,154.073,-10.2575],[12.2516,128.661,-41.7494],[6.76799,104.948,-37.5921],[5.27271,93.1885,-26.3792],[[[0.957418,-0.238394,-0.162844],[0.262777,0.953199,0.14953],[0.119576,-0.185955,0.975255]],[[0.961023,-0.244769,-0.128544],[0.106128,0.755935,-0.645987],[0.255289,0.607166,0.752448]],[[0.961023,-0.244769,-0.128544],[-0.164664,-0.133262,-0.977306],[0.222084,0.96038,-0.168372]],[[0.961023,-0.244769,-0.128544],[-0.26084,-0.648618,-0.715022],[0.0916387,0.720682,-0.687183]]],2],[1793,[-0.31092,-0.938399,0.150783],179,55.9436,[18.4336,96.4344,-25.0871],[21.8618,95.8666,-24.3671],[367.801,-0.997449,17.3127],false,[40.4631,141.155,46.517],[42.0974,150.305,-7.07352],[31.8263,127.898,-37.0325],[24.3475,105.326,-33.4057],[21.3211,93.8367,-22.3591],[[[0.942028,-0.334334,-0.0283581],[0.334187,0.927318,0.168526],[-0.0300472,-0.168233,0.985289]],[[0.942308,-0.32506,-0.0799435],[0.204849,0.748843,-0.630295],[0.264749,0.577556,0.772229]],[[0.942308,-0.32506,-0.0799435],[-0.124032,-0.117228,-0.985329],[0.31092,0.938399,-0.150783]],[[0.942308,-0.32506,-0.0799435],[-0.277952,-0.626709,-0.727996],[0.186541,0.708218,-0.680904]]],3],[1794,[-0.48875,-0.863671,0.123273],179,43.8587,[33.4963,103.745,-18.3569],[36.7355,103.397,-17.6333],[359.038,8.26188,28.2204],false,[49.95,133.338,45.2475],[58.6931,142.755,-3.43397],[49.7048,126.133,-27.6329],[41.4044,111.466,-25.5394],[35.6871,101.592,-15.8524],[[[0.863965,-0.500151,0.058416],[0.472662,0.845497,0.248446],[-0.173651,-0.187037,0.966883]],[[0.871064,-0.490979,0.013695],[0.39439,0.68254,-0.615301],[0.292752,0.541368,0.788173]],[[0.871064,-0.490979,0.013695],[-0.0486965,-0.114072,-0.992278],[0.48875,0.863671,-0.123273]],[[0.871064,-0.490979,0.013695],[-0.308743,-0.569013,-0.76217],[0.382002,0.65967,-0.647233]]],4]],[[0,200,0],[235.247,235.247,147.751]]],[392367,1296494252589,[[179,"right",[-0.0609214,0.327279,-0.942962],[-0.127707,-0.939508,-0.317829],[29.4518,143.14,9.16439],[303.093,-16.0999,44.1784],[25.0158,143.313,8.62279],1,0,0.741307,[[0.805185,0.367829,-0.465166],[0.140953,0.643211,0.752603],[0.576029,-0.671551,0.466057]],55.3284,[174.385,-26.7908,163.179],[39.3397,130.649,53.9152]]],[[1790,[-0.0883766,-0.12415,-0.98832],179,45.2529,[7.24038,112.395,-28.1183],[6.91417,111.903,-27.8973],[356.542,9.51416,6.52253],false,[13.8184,123.368,56.1879],[13.8184,123.368,56.1879],[2.92867,120.893,14.3075],[0.312242,117.217,-14.9521],[9.33318,110.956,-32.0511],[[[0.500686,0.863518,0.0604223],[-0.715809,0.373769,0.589843],[0.486756,-0.338577,0.805255]],[[0.359286,0.921437,-0.147876],[-0.898772,0.384309,0.210987],[0.251242,0.0571023,0.966239]],[[0.359286,0.921437,-0.147876],[-0.929033,0.368159,0.0368279],[0.0883766,0.12415,0.98832]],[[0.359286,0.921437,-0.147876],[-0.820887,0.236669,-0.519742],[-0.443912,0.308126,0.841428]]],0],[1791,[-0.446071,0.39802,-0.801623],179,51.0629,[-23.8271,185.231,-62.7406],[-23.2467,185.154,-62.8115],[331.857,-37.5636,9.93515],false,[22.3533,141.652,52.1292],[6.84883,154.203,-8.55722],[-8.65679,173.655,-36.3572],[-18.0186,182.008,-53.1811],[-24.9306,186.187,-65.6254],[[[0.965657,-0.0446751,-0.255951],[0.0927295,0.97949,0.178886],[0.24271,-0.196476,0.949994]],[[0.874983,0.00558025,-0.484122],[0.248274,0.85328,0.458556],[0.41565,-0.521423,0.74522]],[[0.874983,0.00558025,-0.484122],[0.188217,0.91736,0.35075],[0.446071,-0.39802,0.801623]],[[0.874983,0.00558025,-0.484122],[0.131671,0.959501,0.249037],[0.465905,-0.281648,0.838812]]],1],[1792,[-0.224066,-0.961045,0.161825],179,58.182,[7.33607,96.0529,-29.0913],[8.87102,95.4624,-28.7294],[375.437,-0.383133,-12.8824],false,[32.5797,142.728,49.2006],[26.0135,154.064,-9.94582],[15.8188,128.9,-41.7965],[10.2863,105.17,-37.8008],[8.65284,93.4198,-26.5979],[[[0.959518,-0.237129,-0.151971],[0.259956,0.953285,0.153852],[0.108388,-0.18713,0.976337]],[[0.962891,-0.24394,-0.115472],[0.116214,0.760907,-0.638369],[0.243587,0.60126,0.76102]],[[0.962891,-0.24394,-0.115472],[-0.150449,-0.129946,-0.98004],[0.224066,0.961045,-0.161825]],[[0.962891,-0.24394,-0.115472],[-0.250638,-0.649535,-0.717834],[0.100105,0.720137,-0.686572]]],2],[1793,[-0.312381,-0.93933,0.141698],179,55.9436,[23.1243,96.6269,-25.011],[25.2276,96.0795,-24.3773],[372.622,6.64746,10.3891],false,[42.8909,141.09,47.0122],[45.1405,150.313,-6.54334],[35.3366,128.17,-36.8525],[27.8227,105.576,-33.4441],[24.6699,94.075,-22.4442],[[[0.942665,-0.333266,-0.0178009],[0.331168,0.927456,0.173647],[-0.0413609,-0.169586,0.984647]],[[0.943545,-0.324103,-0.0684169],[0.214156,0.754437,-0.620453],[0.252707,0.570773,0.781253]],[[0.943545,-0.324103,-0.0684169],[-0.110191,-0.112326,-0.987543],[0.312381,0.93933,-0.141698]],[[0.943545,-0.324103,-0.0684169],[-0.26825,-0.626451,-0.731848],[0.194334,0.708884,-0.678025]]],3],[1794,[-0.490343,-0.863827,0.115616],179,43.8587,[38.0304,103.918,-17.9549],[40.0272,103.52,-17.3042],[364.076,10.3692,30.688],false,[52.4006,133.285,45.8432],[61.701,142.776,-2.72029],[53.1364,126.255,-27.1403],[44.8089,111.585,-25.1768],[38.9665,101.74,-15.5352],[[[0.863779,-0.499284,0.0678358],[0.468791