{"metadata":{"formatVersion":2,"generatedBy":"LeapJS Playback 0.2.1","frames":215,"frameRate":"1.1e+2","modified":"Tue Jun 02 2015 20:58:08 GMT-0300 (E. South America Standard Time)","title":"รง"},"frames":[["id","timestamp",{"hands":[["id","type","direction","palmNormal","palmPosition","palmVelocity","stabilizedPalmPosition","pinchStrength","grabStrength","confidence","armBasis","armWidth","elbow","wrist"]]},{"pointables":[["id","direction","handId","length","stabilizedTipPosition","tipPosition","tipVelocity","tool","carpPosition","mcpPosition","pipPosition","dipPosition","btipPosition","bases","type"]]},{"interactionBox":["center","size"]}],[396339,1296530476035,[[182,"right",[-0.656448,0.62056,-0.42893],[-0.635108,-0.761462,-0.129668],[6.71326,95.9406,-23.3701],[15.1371,26.735,4.86973],[9.99522,90.3114,-22.5696],0,1,0.260154,[[0.62156,-0.273955,-0.733902],[0.385808,0.922412,-0.0175729],[0.681774,-0.272222,0.679028]],54.9912,[201.214,5.19604,149.444],[42.3513,68.6276,-8.7784]]],[[1820,[-0.942805,0.0730954,-0.325232],182,44.9771,[-51.2386,72.2204,-13.3711],[-52.5368,72.3135,-9.09143],[13.8923,14.8173,-5.73896],false,[28.355,64.3057,13.2743],[28.355,64.3057,13.2743],[-14.0776,71.5726,11.688],[-41.8195,73.7234,2.11803],[-56.1947,72.0555,-11.9716],[[[0.603772,0.726796,-0.327456],[0.212601,0.249089,0.944857],[0.768284,-0.640095,-0.0041246]],[[0.172109,0.9423,-0.287141],[0.0137388,0.289166,0.95718],[0.984982,-0.168684,0.036822]],[[0.172109,0.9423,-0.287141],[-0.285478,0.326693,0.900985],[0.942805,-0.0730954,0.325232]],[[0.172109,0.9423,-0.287141],[-0.68105,0.324426,0.656444],[0.711723,0.082577,0.697589]]],0],[1821,[-0.812941,-0.468304,-0.346149],182,50.7517,[-44.7524,113.105,-44.4144],[-47.5809,122.784,-33.5031],[7.83904,17.8425,-0.695556],false,[35.8438,81.5822,5.27879],[-15.0621,114.796,-13.0676],[-31.3674,143.796,-29.4349],[-48.3248,134.027,-36.6553],[-47.0041,119.956,-32.4519],[[[0.291083,-0.0804446,-0.95331],[0.521947,0.84845,0.0877749],[0.801774,-0.523127,0.288957]],[[0.482494,-0.208817,-0.850644],[0.7575,0.587076,0.285546],[0.439765,-0.782136,0.44144]],[[0.482494,-0.208817,-0.850644],[-0.326078,0.858537,-0.39571],[0.812941,0.468304,0.346149]],[[0.482494,-0.208817,-0.850644],[-0.871308,-0.213734,-0.441747],[-0.0895667,0.954313,-0.285069]]],1],[1822,[-0.849619,-0.479231,-0.220195],182,57.8275,[-37.3405,116.482,-60.6731],[-44.9508,119.014,-52.5799],[4.73047,16.4009,-1.16689],false,[39.2629,82.249,-4.76057],[-6.20373,112.715,-29.8588],[-24.6157,142.205,-52.6998],[-45.4662,130.444,-58.1036],[-44.7921,115.818,-51.129],[[[0.303457,-0.293835,-0.906408],[0.58112,0.810944,-0.0683344],[0.755125,-0.505995,0.41684]],[[0.424525,-0.373707,-0.824695],[0.789851,0.598131,0.135549],[0.44262,-0.70893,0.549095]],[[0.424525,-0.373707,-0.824695],[-0.312931,0.794155,-0.520954],[0.849619,0.479231,0.220195]],[[0.424525,-0.373707,-0.824695],[-0.904462,-0.216848,-0.367323],[-0.041562,0.901843,-0.430061]]],2],[1823,[-0.894813,-0.433673,-0.10601],182,55.6026,[-32.8069,112.067,-61.7346],[-34.6962,112.198,-59.9143],[-4.28926,17.5369,2.50185],false,[42.3813,80.1373,-14.6715],[5.12875,105.728,-44.3323],[-13.966,134.096,-62.1493],[-35.3584,123.728,-64.6837],[-34.8754,108.889,-58.3944],[[[0.366596,-0.425384,-0.827439],[0.625091,0.771335,-0.119596],[0.689107,-0.473382,0.548672]],[[0.282644,-0.366499,-0.886449],[0.821513,0.569577,0.0264496],[0.495207,-0.735704,0.462071]],[[0.282644,-0.366499,-0.886449],[-0.345576,0.823169,-0.450523],[0.894813,0.433673,0.10601]],[[0.282644,-0.366499,-0.886449],[-0.958757,-0.1368,-0.24914],[-0.0299571,0.920307,-0.390049]]],3],[1824,[-0.962429,-0.268881,-0.0378568],182,43.5914,[-18.1667,102.869,-66.7341],[-17.3608,104.19,-66.9309],[29.8864,35.882,2.58349],false,[43.7849,72.0518,-23.8104],[14.1686,95.3988,-56.7041],[1.53338,119.169,-71.0743],[-14.712,114.631,-71.7133],[-16.8965,101.357,-65.364],[[[0.335532,-0.598874,-0.727164],[0.732909,0.65091,-0.19789],[0.59183,-0.466547,0.657322]],[[0.159561,-0.447223,-0.880075],[0.896156,0.439543,-0.0608834],[0.414059,-0.77897,0.470916]],[[0.159561,-0.447223,-0.880075],[-0.219705,0.85305,-0.473324],[0.962429,0.268881,0.0378568]],[[0.159561,-0.447223,-0.880075],[-0.976204,0.0611394,-0.208059],[0.146856,0.89233,-0.426825]]],4]],[[0,200,0],[235.247,235.247,147.751]]],[396340,1296530484441,[[182,"right",[-0.656589,0.620679,-0.428542],[-0.634796,-0.761589,-0.130448],[6.71709,95.9954,-23.3654],[11.334,21.4985,3.75249],[9.9452,90.3981,-22.5817],0,1,0.271354,[[0.622161,-0.273648,-0.733507],[0.386598,0.922108,-0.016097],[0.680777,-0.273557,0.679492]],54.9912,[200.993,4.94076,149.541],[42.3623,68.6833,-8.78941]]],[[1820,[-0.94262,0.0728205,-0.325828],182,44.9771,[-51.256,72.223,-13.322],[-52.5363,72.339,-9.09933],[10.4732,11.7225,-4.47496],false,[28.363,64.3375,13.2566],[28.363,64.3375,13.2566],[-14.0719,71.5962,11.6939],[-41.8084,73.739,2.10644],[-56.1904,72.0822,-11.9775],[[[0.603569,0.727299,-0.326712],[0.212309,0.248366,0.945113],[0.768524,-0.639805,-0.00450625]],[[0.171783,0.942615,-0.286299],[0.0140466,0.288246,0.957453],[0.985035,-0.168495,0.0362751]],[[0.171783,0.942615,-0.286299],[-0.286282,0.325843,0.901038],[0.94262,-0.0728205,0.325828]],[[0.171783,0.942615,-0.286299],[-0.680778,0.323648,0.65711],[0.712062,0.0820258,0.697309]]],0],[1821,[-0.812539,-0.468533,-0.346782],182,50.7517,[-44.7619,113.141,-44.3747],[-47.6057,122.816,-33.5041],[4.10174,13.2022,-1.02685],false,[35.847,81.6236,5.2774],[-15.0675,114.834,-13.0515],[-31.4178,143.805,-29.4236],[-48.3669,134.032,-36.6573],[-47.0635,119.953,-32.4729],[[[0.291314,-0.0795266,-0.953316],[0.521611,0.84857,0.088605],[0.801909,-0.523072,0.288682]],[[0.482987,-0.208078,-0.850545],[0.756478,0.588348,0.285636],[0.440982,-0.781377,0.441571]],[[0.482987,-0.208078,-0.850545],[-0.326351,0.858592,-0.395366],[0.812539,0.468533,0.346782]],[[0.482987,-0.208078,-0.850545],[-0.871154,-0.212248,-0.442765],[-0.0883973,0.954806,-0.283781]]],1],[1822,[-0.849243,-0.479735,-0.220545],182,57.8275,[-37.3638,116.491,-60.6488],[-44.9783,119.053,-52.5755],[2.08662,12.6628,-0.618515],false,[39.2679,82.3001,-4.76066],[-6.20479,112.771,-29.8426],[-24.6654,142.24,-52.6704],[-45.5066,130.467,-58.0828],[-44.8398,115.833,-51.1248],[[[0.303757,-0.292952,-0.906593],[0.580831,0.811219,-0.0675236],[0.755226,-0.506067,0.416569]],[[0.424852,-0.372857,-0.824911],[0.78902,0.599236,0.135514],[0.443789,-0.708445,0.548778]],[[0.424852,-0.372857,-0.824911],[-0.313507,0.79425,-0.520462],[0.849243,0.479735,0.220545]],[[0.424852,-0.372857,-0.824911],[-0.904329,-0.216195,-0.368035],[-0.0411177,0.902351,-0.429036]]],2],[1823,[-0.8945,-0.434246,-0.106305],182,55.6026,[-32.8529,112.073,-61.6953],[-34.7414,112.245,-59.8984],[-4.96393,13.8132,2.30562],false,[42.3892,80.1981,-14.6728],[5.13334,105.8,-44.3196],[-14.0208,134.143,-62.1131],[-35.4057,123.761,-64.6545],[-34.9365,108.913,-58.384],[[[0.366928,-0.424545,-0.827723],[0.624828,0.77167,-0.118809],[0.689169,-0.47359,0.548415]],[[0.282851,-0.365558,-0.886771],[0.820511,0.571025,0.0263201],[0.496747,-0.73505,0.46146]],[[0.282851,-0.365558,-0.886771],[-0.346216,0.823285,-0.449819],[0.8945,0.434246,0.106305]],[[0.282851,-0.365558,-0.886771],[-0.958722,-0.135801,-0.24982],[-0.0291009,0.920829,-0.38888]]],3],[1824,[-0.962322,-0.269205,-0.0382697],182,43.5914,[-18.1032,102.926,-66.737],[-17.2991,104.287,-66.92],[23.6467,29.5274,2.19239],false,[43.7978,72.1209,-23.8182],[14.1796,95.4847,-56.6983],[1.56445,119.276,-71.0518],[-14.6791,114.732,-71.6978],[-16.843,101.451,-65.3569],[[[0.335909,-0.598131,-0.727602],[0.732708,0.651351,-0.197183],[0.591866,-0.466884,0.65705]],[[0.15989,-0.446395,-0.880436],[0.8964,0.439182,-0.0598827],[0.413403,-0.779648,0.470369]],[[0.15989,-0.446395,-0.880436],[-0.219935,0.853382,-0.472619],[0.962322,0.269205,0.0382697]],[[0.15989,-0.446395,-0.880436],[-0.976357,0.0599229,-0.207692],[0.145471,0.892828,-0.42626]]],4]],[[0,200,0],[235.247,235.247,147.751]]],[396341,1296530493864,[[182,"right",[-0.657092,0.620176,-0.4285],[-0.632382,-0.762904,-0.134427],[6.74719,96.2075,-23.2238],[9.01059,21.7873,6.97111],[9.89179,90.4952,-22.5925],0,1,0.287007,[[0.62396,-0.270791,-0.733039],[0.387901,0.921644,-0.0102838],[0.678386,-0.27793,0.680109]],54.9912,[200.499,4.18694,149.843],[42.4261,68.9484,-8.63116]]],[[1820,[-0.941784,0.0710097,-0.328635],182,44.9771,[-51.276,72.2262,-13.2646],[-52.498,72.3585,-9.15143],[8.79002,8.88658,-4.63114],false,[28.3786,64.4998,13.3637],[28.3786,64.4998,13.3637],[-14.0714,71.6578,11.7486],[-41.7834,73.7472,2.0785],[-56.1419,72.1016,-12.0307],[[[0.602492,0.729883,-0.322916],[0.209065,0.24614,0.946418],[0.770256,-0.63772,-0.00429518]],[[0.169936,0.943935,-0.283033],[0.0116393,0.285268,0.958377],[0.985386,-0.166157,0.0374906]],[[0.169936,0.943935,-0.283033],[-0.290112,0.322403,0.90105],[0.941784,-0.0710097,0.328635]],[[0.169936,0.943935,-0.283033],[-0.682451,0.319919,0.657201],[0.710903,0.0814741,0.698555]]],0],[1821,[-0.810326,-0.469469,-0.350671],182,50.7517,[-44.7736,113.186,-44.3262],[-47.6407,122.909,-33.4525],[0.968609,11.4775,0.358205],false,[35.8376,81.8294,5.45592],[-15.1161,114.957,-12.9138],[-31.527,143.904,-29.269],[-48.4299,134.111,-36.5838],[-47.1288,120.018,-32.448],[[[0.294121,-0.0759233,-0.952748],[0.519078,0.849704,0.0925319],[0.802528,-0.521766,0.289326]],[[0.48613,-0.204449,-0.849634],[0.753505,0.590499,0.289035],[0.442615,-0.780712,0.441113]],[[0.48613,-0.204449,-0.849634],[-0.327183,0.858952,-0.393894],[0.810326,0.469469,0.350671]],[[0.48613,-0.204449,-0.849634],[-0.86942,-0.211327,-0.446599],[-0.0882438,0.955794,-0.280484]]],1],[1822,[-0.847056,-0.482176,-0.223612],182,57.8275,[-37.3928,116.501,-60.6187],[-44.9986,119.162,-52.5153],[-0.360284,11.0418,1.61068],false,[39.2841,82.5449,-4.57072],[-6.20221,112.967,-29.6867],[-24.7789,142.386,-52.4864],[-45.5665,130.552,-57.974],[-44.9013,115.893,-51.0693],[[[0.307013,-0.289452,-0.90662],[0.578823,0.812974,-0.0635439],[0.755452,-0.505264,0.417135]],[[0.427924,-0.369157,-0.824988],[0.785778,0.602969,0.137775],[0.446581,-0.707214,0.5481]],[[0.427924,-0.369157,-0.824988],[-0.315241,0.7945,-0.519031],[0.847056,0.482176,0.223612]],[[0.427924,-0.369157,-0.824988],[-0.902884,-0.216028,-0.371663],[-0.0410185,0.903911,-0.425749]]],2],[1823,[-0.893002,-0.436446,-0.109827],182,55.6026,[-32.9048,112.081,-61.6513],[-34.7846,112.4,-59.8206],[-6.27926,13.3432,3.75162],false,[42.438,80.4805,-14.4804],[5.19406,106.07,-44.1532],[-14.1125,134.332,-61.9107],[-35.4617,123.897,-64.5364],[-35.0369,109.021,-58.3291],[[[0.370324,-0.421107,-0.827967],[0.623066,0.773695,-0.114826],[0.688948,-0.473355,0.548895]],[[0.286051,-0.36203,-0.887192],[0.81699,0.575952,0.0283914],[0.500702,-0.732948,0.460526]],[[0.286051,-0.36203,-0.887192],[-0.347451,0.82368,-0.448139],[0.893002,0.436446,0.109827]],[[0.286051,-0.36203,-0.887192],[-0.957852,-0.13349,-0.254361],[-0.0263453,0.922559,-0.384956]]],3],[1824,[-0.961486,-0.271676,-0.0416735],182,43.5914,[-18.0295,102.998,-66.7359],[-17.1206,104.577,-66.8146],[21.8648,29.9079,4.78413],false,[43.8932,72.4342,-23.6457],[14.3018,95.8154,-56.5375],[1.68714,119.628,-70.8559],[-14.5423,115.042,-71.5593],[-16.6709,101.736,-65.2603],[[[0.3395,-0.595072,-0.728443],[0.731482,0.653899,-0.193259],[0.591332,-0.467232,0.657283]],[[0.163467,-0.443336,-0.881324],[0.895763,0.441028,-0.0557071],[0.413386,-0.78035,0.469218]],[[0.163467,-0.443336,-0.881324],[-0.220959,0.854193,-0.470672],[0.961486,0.271676,0.0416735]],[[0.163467,-0.443336,-0.881324],[-0.976116,0.0568943,-0.209669],[0.143096,0.894548,-0.423447]]],4]],[[0,200,0],[235.247,235.247,147.751]]],[396342,1296530501811,[[182,"right",[-0.657778,0.619661,-0.428192],[-0.630234,-0.764108,-0.137636],[6.8158,96.3949,-23.1222],[8.91732,22.2292,8.40528],[9.84954,90.5762,-22.5997],0,1,0.302415,[[0.625524,-0.268465,-0.732561],[0.389274,0.921108,-0.00516736],[0.676155,-0.281934,0.680682]],54.9912,[200.086,3.4915,150.078],[42.5331,69.1861,-8.52974]]],[[1820,[-0.941246,0.0694142,-0.33051],182,44.9771,[-51.2928,72.2294,-13.2141],[-52.4252,72.3813,-9.16914],[8.95367,7.45596,-3.6399],false,[28.4536,64.6461,13.4259],[28.4536,64.6461,13.4259],[-14.0106,71.7169,11.7987],[-41.7067,73.7594,2.07351],[-56.0672,72.1299,-12.0355],[[[0.601322,0.732194,-0.319848],[0.206602,0.24421,0.947458],[0.771834,-0.635809,-0.00442386]],[[0.168107,0.945091,-0.280256],[0.0103032,0.282602,0.959182],[0.985715,-0.164133,0.03777]],[[0.168107,0.945091,-0.280256],[-0.292908,0.319351,0.901232],[0.941246,-0.0694142,0.33051]],[[0.168107,0.945091,-0.280256],[-0.682803,0.316693,0.658396],[0.711,0.0806787,0.698549]]],0],[1821,[-0.808462,-0.470402,-0.353712],182,50.7517,[-44.7841,113.226,-44.2831],[-47.6313,122.986,-33.4054],[0.388662,10.4966,1.37111],false,[35.8853,82.0144,5.5775],[-15.1139,115.064,-12.807],[-31.5815,143.992,-29.1388],[-48.4455,134.179,-36.517],[-47.1384,120.075,-32.4219],[[[0.296175,-0.0727392,-0.95236],[0.516798,0.850737,0.0957417],[0.803244,-0.520534,0.289558]],[[0.48854,-0.201225,-0.849021],[0.751042,0.592282,0.291785],[0.444146,-0.780199,0.440482]],[[0.48854,-0.201225,-0.849021],[-0.328205,0.859204,-0.392493],[0.808462,0.470402,0.353712]],[[0.48854,-0.201225,-0.849021],[-0.868027,-0.210945,-0.44948],[-0.0886497,0.956562,-0.277724]]],1],[1822,[-0.845145,-0.484484,-0.225844],182,57.8275,[-37.4183,116.51,-60.5922],[-45.0014,119.242,-52.4639],[-1.59733,9.5598,3.0136],false,[39.3496,82.7642,-4.44047],[-6.1622,113.139,-29.5674],[-24.868,142.5,-52.3356],[-45.6087,130.61,-57.8781],[-44.9441,115.928,-51.0227],[[[0.309503,-0.286354,-0.906758],[0.57694,0.814557,-0.0603105],[0.755876,-0.504478,0.417316]],[[0.43025,-0.365842,-0.825254],[0.782731,0.6066,0.139169],[0.449685,-0.70583,0.547346]],[[0.43025,-0.365842,-0.825254],[-0.317199,0.794628,-0.517639],[0.845145,0.484484,0.225844]],[[0.43025,-0.365842,-0.825254],[-0.901779,-0.215688,-0.37453],[-0.0409787,0.905339,-0.422709]]],2],[1823,[-0.892684,-0.436212,-0.113289],182,55.6026,[-32.956,112.088,-61.6139],[-35.0307,112.483,-59.7794],[-16.8309,10.669,3.34728],false,[42.5281,80.7333,-14.3492],[5.27937,106.307,-44.0292],[-14.3499,134.385,-61.7249],[-35.6915,123.956,-64.4333],[-35.4743,109.03,-58.3381],[[[0.372984,-0.418055,-0.828319],[0.62138,0.77552,-0.111606],[0.689036,-0.473073,0.549027]],[[0.287859,-0.358447,-0.888061],[0.811163,0.584191,0.0271365],[0.50907,-0.728174,0.458923]],[[0.287859,-0.358447,-0.888061],[-0.346775,0.825369,-0.445547],[0.892684,0.436212,0.113289]],[[0.287859,-0.358447,-0.888061],[-0.957578,-0.120773,-0.261645],[-0.0134683,0.925705,-0.378007]]],3],[1824,[-0.960731,-0.273931,-0.04425],182,43.5914,[-17.9654,103.063,-66.7325],[-16.9454,104.83,-66.7344],[21.5315,30.3805,6.10696],false,[44.0211,72.7142,-23.5324],[14.4366,96.1074,-56.4219],[1.81148,119.936,-70.7042],[-14.4052,115.312,-71.4511],[-16.5001,101.983,-65.188],[[[0.342394,-0.592352,-0.729305],[0.730245,0.656194,-0.190135],[0.591193,-0.46747,0.657239]],[[0.166269,-0.440639,-0.882152],[0.895088,0.442792,-0.0524693],[0.41373,-0.780879,0.468034]],[[0.166269,-0.440639,-0.882152],[-0.22215,0.854868,-0.468882],[0.960731,0.273931,0.04425]],[[0.166269,-0.440639,-0.882152],[-0.975972,0.0542296,-0.211041],[0.140832,0.896045,-0.421035]]],4]],[[0,200,0],[235.247,235.247,147.751]]],[396343,1296530510597,[[182,"right",[-0.655409,0.623069,-0.426877],[-0.633608,-0.761204,-0.138237],[6.77523,96.2378,-23.0806],[5.27636,11.4379,7.41823],[9.80728,90.654,-22.6063],0,1,0.280729,[[0.625559,-0.270066,-0.731943],[0.39106,0.92035,-0.00536076],[0.675091,-0.28288,0.681345]],54.9912,[199.691,2.94076,150.212],[42.3856,68.8557,-8.55066]]],[[1820,[-0.940883,0.0735672,-0.330645],182,44.9771,[-51.314,72.2339,-13.155],[-52.5606,72.4567,-9.12202],[2.71241,7.60258,-1.65969],false,[28.302,64.3462,13.4087],[28.302,64.3462,13.4087],[-14.1326,71.6024,11.8284],[-41.8181,73.7671,2.09921],[-56.1965,72.2189,-12.0007],[[[0.604239,0.730043,-0.31927],[0.208313,0.242019,0.947646],[0.769091,-0.639112,-0.0058403]],[[0.171942,0.94475,-0.279076],[0.0123519,0.281205,0.959568],[0.98503,-0.168437,0.0366816]],[[0.171942,0.94475,-0.279076],[-0.291846,0.31943,0.901549],[0.940883,-0.0735672,0.330645]],[[0.171942,0.94475,-0.279076],[-0.680921,0.318703,0.659374],[0.711886,0.0766543,0.698099]]],0],[1821,[-0.810917,-0.465775,-0.354214],182,50.7517,[-44.7957,113.271,-44.2346],[-47.5784,123.087,-33.3061],[1.36938,10.368,3.66],false,[35.8028,81.6932,5.57884],[-15.0668,114.987,-12.7243],[-31.429,143.996,-29.017],[-48.3442,134.28,-36.4057],[-47.1226,120.159,-32.3425],[[[0.295192,-0.0727035,-0.952668],[0.520516,0.848376,0.0965417],[0.801202,-0.524377,0.288277]],[[0.487259,-0.202284,-0.849506],[0.753546,0.589004,0.291965],[0.441302,-0.782404,0.439428]],[[0.487259,-0.202284,-0.849506],[-0.324027,0.861472,-0.390989],[0.810917,0.465775,0.354214]],[[0.487259,-0.202284,-0.849506],[-0.869319,-0.204651,-0.449892],[-0.0828465,0.957705,-0.275568]]],1],[1822,[-0.847442,-0.4804,-0.225959],182,57.8275,[-37.447,116.521,-60.5626],[-45.0838,119.287,-52.3908],[-5.56517,7.08145,4.20807],false,[39.2633,82.4418,-4.44055],[-6.1352,113.047,-29.4937],[-24.8544,142.425,-52.2276],[-45.6514,130.636,-57.7728],[-45.1179,115.924,-50.9691],[[[0.307634,-0.286435,-0.907368],[0.580392,0.812153,-0.0596024],[0.753994,-0.508293,0.41609]],[[0.428042,-0.366519,-0.826102],[0.783757,0.605684,0.137375],[0.450006,-0.706265,0.54652]],[[0.428042,-0.366519,-0.826102],[-0.314041,0.796793,-0.516235],[0.847442,0.4804,0.225959]],[[0.428042,-0.366519,-0.826102],[-0.90316,-0.206752,-0.376239],[-0.0328995,0.907148,-0.419524]]],2],[1823,[-0.895443,-0.430355,-0.113918],182,55.6026,[-33.0204,112.097,-61.5706],[-35.2658,112.506,-59.7061],[-21.6077,7.71069,4.15544],false,[42.426,80.4108,-14.3543],[5.26677,106.185,-43.9729],[-14.4211,134.265,-61.5999],[-35.8286,123.977,-64.3234],[-35.828,109.02,-58.2985],[[[0.370603,-0.418516,-0.829155],[0.624628,0.772996,-0.110983],[0.687381,-0.476783,0.547892]],[[0.285217,-0.358118,-0.889046],[0.811141,0.584322,0.0248527],[0.510589,-0.72823,0.457143]],[[0.285217,-0.358118,-0.889046],[-0.341809,0.828581,-0.443419],[0.895443,0.430355,0.113918]],[[0.285217,-0.358118,-0.889046],[-0.958463,-0.106605,-0.264546],[-0.000038031,0.92757,-0.373648]]],3],[1824,[-0.961931,-0.269738,-0.0439316],182,43.5914,[-17.8999,103.131,-66.7266],[-16.9356,104.846,-66.6604],[15.6797,22.5338,6.65321],false,[43.8781,72.3981,-23.5495],[14.3714,95.9633,-56.386],[1.85987,119.876,-70.6272],[-14.3771,115.323,-71.3688],[-16.511,101.994,-65.1197],[[[0.339334,-0.592815,-0.730358],[0.732925,0.653311,-0.189752],[0.589639,-0.470908,0.65618]],[[0.163737,-0.440121,-0.882884],[0.897265,0.438403,-0.0521409],[0.410007,-0.783643,0.466688]],[[0.163737,-0.440121,-0.882884],[-0.218812,0.856467,-0.467532],[0.961931,0.269738,0.0439316]],[[0.163737,-0.440121,-0.882884],[-0.976018,0.057871,-0.209859],[0.143456,0.896072,-0.42009]]],4]],[[0,200,0],[235.247,235.247,147.751]]],[396344,1296530519087,[[182,"right",[-0.640552,0.642285,-0.420908],[-0.654088,-0.74351,-0.139146],[6.19697,95.1501,-23.0808],[-13.8974,-25.0222,5.47297],[9.75846,90.7148,-22.6128],0,1,0.281857,[[0.624612,-0.27918,-0.729327],[0.394654,0.918728,-0.0136908],[0.673875,-0.27928,0.684028]],54.9912,[198.156,1.68894,150.545],[41.1337,66.7651,-8.84337]]],[[1820,[-0.937705,0.0971348,-0.333579],182,44.9771,[-51.3514,72.243,-13.0927],[-53.6044,72.7898,-9.14798],[-27.4749,14.0756,-6.67109],false,[27.0307,62.5189,13.1559],[27.0307,62.5189,13.1559],[-15.2063,70.8867,11.7888],[-42.7982,73.7449,1.97328],[-57.1478,72.5825,-12.1929],[[[0.621934,0.715427,-0.318373],[0.218717,0.231684,0.947885],[0.751905,-0.659156,-0.0123836]],[[0.195399,0.94133,-0.275169],[0.023576,0.275988,0.960872],[0.98044,-0.194241,0.0317348]],[[0.195399,0.94133,-0.275169],[-0.287279,0.323208,0.901669],[0.937705,-0.0971348,0.333579]],[[0.195399,0.94133,-0.275169],[-0.676065,0.332545,0.657533],[0.710462,0.0575508,0.701379]]],0],[1821,[-0.824725,-0.44146,-0.353471],182,50.7517,[-44.8061,113.314,-44.1878],[-47.4896,123.489,-32.9554],[3.34942,19.6204,13.0538],false,[34.9534,79.7009,5.37789],[-15.0972,114.417,-12.536],[-30.763,143.919,-28.6272],[-47.9663,134.71,-36.0004],[-47.1368,120.535,-32.0267],[[[0.289059,-0.0756969,-0.954314],[0.54316,0.833845,0.0983807],[0.788303,-0.546783,0.282146]],[[0.4783,-0.210982,-0.852476],[0.769874,0.567767,0.291436],[0.42252,-0.795693,0.433993]],[[0.4783,-0.210982,-0.852476],[-0.301758,0.872123,-0.385153],[0.824725,0.44146,0.353471]],[[0.4783,-0.210982,-0.852476],[-0.876393,-0.176853,-0.447949],[-0.0562536,0.961358,-0.269492]]],1],[1822,[-0.860709,-0.457089,-0.224164],182,57.8275,[-37.4749,116.531,-60.5337],[-45.2824,119.638,-52.0715],[-11.9559,14.8825,12.9486],false,[38.3892,80.4081,-4.65298],[-6.29239,112.326,-29.3541],[-24.4627,142.21,-51.874],[-45.5854,130.992,-57.3752],[-45.4687,116.225,-50.6726],[[[0.296045,-0.289907,-0.910116],[0.601385,0.796837,-0.0582031],[0.742087,-0.530099,0.410245]],[[0.414455,-0.373416,-0.829932],[0.798387,0.5869,0.134635],[0.436812,-0.718407,0.541374]],[[0.414455,-0.373416,-0.829932],[-0.295646,0.807236,-0.510846],[0.860709,0.457089,0.224164]],[[0.414455,-0.373416,-0.829932],[-0.910041,-0.177262,-0.374704],[-0.00719496,0.91057,-0.413291]]],2],[1823,[-0.907149,-0.405565,-0.112243],182,55.6026,[-33.092,112.11,-61.5221],[-35.618,112.697,-59.4454],[-26.8583,11.8963,10.9986],false,[41.4544,78.344,-14.5905],[4.86182,105.239,-43.9173],[-14.1852,133.895,-61.3184],[-35.8726,124.199,-64.0019],[-36.2747,109.215,-58.0599],[[[0.35584,-0.423994,-0.832831],[0.644349,0.756783,-0.109971],[0.676899,-0.497501,0.542494]],[[0.271789,-0.361039,-0.892066],[0.825909,0.563307,0.0236498],[0.493969,-0.743193,0.451286]],[[0.271789,-0.361039,-0.892066],[-0.321267,0.839743,-0.437744],[0.907149,0.405565,0.112243]],[[0.271789,-0.361039,-0.892066],[-0.962034,-0.0779071,-0.261575],[0.0249405,0.929291,-0.368506]]],3],[1824,[-0.968903,-0.244026,-0.0409668],182,43.5914,[-17.863,103.175,-66.7181],[-17.4266,104.609,-66.5089],[-3.70553,8.54241,9.42725],false,[42.6547,70.3419,-23.8311],[13.6396,94.842,-56.4206],[1.72142,119.157,-70.4894],[-14.6332,115.038,-71.1809],[-17.0798,101.737,-64.9854],[[[0.320403,-0.5979,-0.73475],[0.749105,0.634678,-0.189805],[0.579814,-0.489591,0.651242]],[[0.14823,-0.439845,-0.885756],[0.908564,0.414283,-0.0536766],[0.390563,-0.79681,0.461037]],[[0.14823,-0.439845,-0.885756],[-0.198128,0.864284,-0.462339],[0.968903,0.244026,0.0409668]],[[0.14823,-0.439845,-0.885756],[-0.975181,0.0839439,-0.204879],[0.164469,0.894142,-0.416486]]],4]],[[0,200,0],[235.247,235.247,147.751]]],[396345,1296530527812,[[182,"right",[-0.629971,0.654378,-0.418241],[-0.667694,-0.731409,-0.138652],[5.73267,94.3738,-23.1349],[-24.412,-42.1248,2.35157],[9.69674,90.7709,-22.6208],0,1,0.283881,[[0.623425,-0.286661,-0.727439],[0.39823,0.917065,-0.0200979],[0.67287,-0.277158,0.685878]],54.9912,[196.977,0.760668,150.787],[40.1896,65.3424,-9.03227]]],[[1820,[-0.933956,0.110981,-0.33972],182,44.9771,[-51.4078,72.2558,-13.0227],[-54.3143,72.9573,-9.28957],[-39.1442,13.3632,-13.9284],false,[26.0684,61.3143,12.9963],[26.0684,61.3143,12.9963],[-16.018,70.4287,11.7672],[-43.4996,73.6943,1.77093],[-57.7441,72.7269,-12.5156],[[[0.633882,0.704659,-0.318827],[0.225247,0.226164,0.947689],[0.739904,-0.672537,-0.0153606]],[[0.211192,0.938225,-0.274102],[0.0312231,0.273808,0.961277],[0.976946,-0.211572,0.0285318]],[[0.211192,0.938225,-0.274102],[-0.288314,0.327745,0.899699],[0.933956,-0.110981,0.33972]],[[0.211192,0.938225,-0.274102],[-0.676768,0.342695,0.651572],[0.705254,0.0478969,0.707335]]],0],[1821,[-0.833419,-0.425663,-0.352453],182,50.7517,[-44.8169,113.358,-44.1406],[-47.5016,123.678,-32.8605],[1.08966,19.1915,11.8073],false,[34.2788,78.3638,5.22536],[-15.185,114.003,-12.5049],[-30.4041,143.766,-28.5434],[-47.7887,134.887,-35.8953],[-47.2477,120.686,-31.963],[[[0.285233,-0.0793147,-0.955171],[0.558305,0.82379,0.0983155],[0.779062,-0.561319,0.279254]],[[0.472612,-0.218408,-0.853777],[0.779841,0.554889,0.289736],[0.410471,-0.802743,0.43257]],[[0.472612,-0.218408,-0.853777],[-0.286443,0.878128,-0.383199],[0.833419,0.425663,0.352453]],[[0.472612,-0.218408,-0.853777],[-0.880506,-0.157367,-0.447151],[-0.0366951,0.963085,-0.266683]]],1],[1822,[-0.86941,-0.441112,-0.222589],182,57.8275,[-37.5045,116.543,-60.5034],[-45.4505,119.797,-51.9714],[-14.8566,15.3134,12.6058],false,[37.7014,79.0256,-4.81314],[-6.46187,111.781,-29.3488],[-24.2263,141.976,-51.7778],[-45.5625,131.151,-57.2404],[-45.7339,116.365,-50.5806],[[[0.28848,-0.293688,-0.911332],[0.615458,0.785998,-0.0584758],[0.733479,-0.544018,0.407497]],[[0.405395,-0.379314,-0.831731],[0.808258,0.573778,0.13228],[0.427054,-0.725878,0.53919]],[[0.405395,-0.379314,-0.831731],[-0.282455,0.813352,-0.508604],[0.86941,0.441112,0.222589]],[[0.405395,-0.379314,-0.831731],[-0.914081,-0.157681,-0.373622],[0.0105718,0.911733,-0.410646]]],2],[1823,[-0.914794,-0.388286,-0.111289],182,55.6026,[-33.1735,112.124,-61.4699],[-35.877,112.736,-59.3885],[-27.2679,10.4132,9.3661],false,[40.7038,76.9231,-14.7618],[4.52622,104.519,-43.9518],[-14.0333,133.537,-61.2806],[-35.9035,124.254,-63.9412],[-36.5872,109.271,-58.0226],[[[0.346051,-0.428954,-0.834414],[0.657564,0.745264,-0.110417],[0.669223,-0.510471,0.539964]],[[0.263474,-0.36478,-0.893038],[0.836005,0.548251,0.0227027],[0.481328,-0.752566,0.449408]],[[0.263474,-0.36478,-0.893038],[-0.306158,0.846268,-0.436002],[0.914794,0.388286,0.111289]],[[0.263474,-0.36478,-0.893038],[-0.963734,-0.058846,-0.260295],[0.0423986,0.929232,-0.367056]]],3],[1824,[-0.973233,-0.22651,-0.0388594],182,43.5914,[-17.8386,103.208,-66.7099],[-17.7892,104.335,-66.4839],[-14.0782,-2.68502,7.55218],false,[41.7367,68.9158,-24.0182],[13.0841,93.9867,-56.4941],[1.58674,118.543,-70.494],[-14.841,114.719,-71.1499],[-17.4992,101.453,-64.9672],[[[0.307743,-0.602356,-0.73652],[0.759906,0.621427,-0.190714],[0.572571,-0.500995,0.648973]],[[0.138041,-0.440971,-0.886842],[0.915963,0.397467,-0.0550613],[0.376771,-0.804714,0.45878]],[[0.138041,-0.440971,-0.886842],[-0.183743,0.868469,-0.460435],[0.973233,0.22651,0.0388594]],[[0.138041,-0.440971,-0.886842],[-0.974172,0.101102,-0.201907],[0.178697,0.891809,-0.415626]]],4]],[[0,200,0],[235.247,235.247,147.751]]],[396346,1296530536429,[[182,"right",[-0.629856,0.655344,-0.4169],[-0.669316,-0.730283,-0.136758],[5.78763,94.3802,-23.1985],[-16.2649,-30.783,-0.224884],[9.63525,90.8277,-22.6299],0,1,0.295262,[[0.623486,-0.289382,-0.726308],[0.400846,0.915909,-0.0208258],[0.671258,-0.278153,0.687054]],54.9912,[196.641,0.479543,150.921],[40.2284,65.293,-9.17148]]],[[1820,[-0.933426,0.110887,-0.341202],182,44.9771,[-51.4631,72.2697,-12.9518],[-54.2236,73.0268,-9.26676],[-24.9155,11.141,-11.0265],false,[26.1547,61.2969,12.8933],[26.1547,61.2969,12.8933],[-15.92,70.4819,11.7972],[-43.3861,73.7448,1.75738],[-57.6143,72.7674,-12.5446],[[[0.634325,0.703441,-0.320627],[0.227985,0.22608,0.947054],[0.738684,-0.673838,-0.016966]],[[0.211894,0.937836,-0.274889],[0.0347485,0.273869,0.961139],[0.976675,-0.213211,0.0254426]],[[0.211894,0.937836,-0.274889],[-0.28951,0.328888,0.898898],[0.933427,-0.110887,0.341202]],[[0.211894,0.937836,-0.274889],[-0.677388,0.343688,0.650403],[0.704448,0.0483907,0.708104]]],0],[1821,[-0.835064,-0.423883,-0.350702],182,50.7517,[-44.8273,113.402,-44.0947],[-47.4714,123.76,-32.8425],[0.415805,15.67,8.4926],false,[34.3757,78.3295,5.09639],[-15.0693,114.049,-12.5234],[-30.3304,143.785,-28.5727],[-47.7493,134.943,-35.8881],[-47.2757,120.735,-31.9732],[[[0.28273,-0.0801284,-0.955847],[0.559989,0.822842,0.0966608],[0.778766,-0.562593,0.277513]],[[0.470475,-0.219793,-0.854602],[0.780534,0.55541,0.286856],[0.411605,-0.802005,0.432862]],[[0.470475,-0.219793,-0.854602],[-0.285169,0.878644,-0.382967],[0.835064,0.423883,0.350702]],[[0.470475,-0.219793,-0.854602],[-0.881828,-0.152363,-0.446278],[-0.0321211,0.963575,-0.265502]]],1],[1822,[-0.870443,-0.440543,-0.21966],182,57.8275,[-37.5337,116.554,-60.4737],[-45.511,119.819,-51.9278],[-13.7827,10.9174,10.787],false,[37.7746,78.982,-4.95077],[-6.39172,111.807,-29.3881],[-24.2665,141.953,-51.795],[-45.6281,131.142,-57.1857],[-45.8351,116.353,-50.5329],[[[0.28571,-0.294493,-0.911945],[0.616688,0.784898,-0.0602587],[0.73353,-0.545169,0.405863]],[[0.402567,-0.380222,-0.832689],[0.808264,0.57466,0.128358],[0.429708,-0.724705,0.538659]],[[0.402567,-0.380222,-0.832689],[-0.283316,0.813236,-0.508309],[0.870443,0.440543,0.21966]],[[0.402567,-0.380222,-0.832689],[-0.915301,-0.154509,-0.371955],[0.0127674,0.911898,-0.410218]]],2],[1823,[-0.915883,-0.386168,-0.109688],182,55.6026,[-33.2537,112.141,-61.4193],[-35.9117,112.802,-59.3864],[-20.8302,9.69786,6.41165],false,[40.7487,76.8709,-14.9061],[4.54749,104.52,-44.0158],[-13.9998,133.549,-61.3407],[-35.896,124.317,-63.963],[-36.6223,109.338,-58.0362],[[[0.343234,-0.429834,-0.835124],[0.658594,0.744073,-0.11229],[0.66966,-0.511466,0.538478]],[[0.261318,-0.366083,-0.893138],[0.836865,0.547021,0.0206375],[0.48101,-0.752829,0.449308]],[[0.261318,-0.366083,-0.893138],[-0.304747,0.846674,-0.436202],[0.915883,0.386168,0.109688]],[[0.261318,-0.366083,-0.893138],[-0.964202,-0.0558249,-0.259228],[0.0450396,0.928906,-0.367566]]],3],[1824,[-0.973723,-0.224815,-0.036367],182,43.5914,[-17.8172,103.239,-66.7029],[-17.7889,104.376,-66.4898],[-10.6691,-0.803504,5.254],false,[41.7447,68.8588,-24.1624],[13.0558,93.9692,-56.5757],[1.58296,118.548,-70.5557],[-14.853,114.753,-71.1696],[-17.5089,101.493,-64.9741],[[[0.304865,-0.603136,-0.737078],[0.76052,0.620031,-0.192798],[0.573295,-0.501785,0.647723]],[[0.135061,-0.44149,-0.887043],[0.916736,0.395377,-0.0572002],[0.375969,-0.805459,0.45813]],[[0.135061,-0.44149,-0.887043],[-0.183365,0.868646,-0.460253],[0.973723,0.224815,0.036367]],[[0.135061,-0.44149,-0.887043],[-0.974618,0.102124,-0.199224],[0.178544,0.891436,-0.416491]]],4]],[[0,200,0],[235.247,235.247,147.751]]],[396347,1296530545284,[[182,"right",[-0.629736,0.655596,-0.416686],[-0.669638,-0.730024,-0.136567],[5.78805,94.3783,-23.1949],[-11.8472,-22.5044,-0.0534714],[9.57245,90.8857,-22.6391],0,1,0.290239,[[0.623501,-0.289766,-0.726142],[0.401235,0.915736,-0.0209033],[0.671012,-0.278321,0.687227]],54.9912,[196.577,0.425041,150.954],[40.2221,65.2776,-9.17943]]],[[1820,[-0.932049,0.109234,-0.345475],182,44.9771,[-51.5115,72.2807,-12.8904],[-54.1673,72.9747,-9.36505],[-15.1044,5.34002,-13.3182],false,[26.1537,61.2863,12.8897],[26.1537,61.2863,12.8897],[-15.9214,70.4712,11.8085],[-43.3469,73.6854,1.64293],[-57.4959,72.6669,-12.7346],[[[0.634494,0.703207,-0.320808],[0.228369,0.225968,0.946988],[0.738421,-0.67412,-0.0172152]],[[0.211798,0.937865,-0.274867],[0.0350668,0.273773,0.961155],[0.976684,-0.213209,0.0250967]],[[0.211798,0.937865,-0.274867],[-0.293984,0.32936,0.897271],[0.932049,-0.109234,0.345475]],[[0.211798,0.937865,-0.274867],[-0.681471,0.343318,0.64632],[0.700528,0.0504245,0.711841]]],0],[1821,[-0.835505,-0.42268,-0.351103],182,50.7517,[-44.8384,113.446,-44.0477],[-47.5136,123.774,-32.8641],[-2.16336,11.1431,4.82428],false,[34.3789,78.3159,5.09061],[-15.058,114.055,-12.5127],[-30.3544,143.758,-28.5907],[-47.7825,134.941,-35.9144],[-47.3706,120.724,-32.0235],[[[0.2824,-0.0802113,-0.955937],[0.560334,0.822625,0.0965069],[0.778637,-0.562898,0.277255]],[[0.470492,-0.220233,-0.854479],[0.780023,0.556542,0.286052],[0.412556,-0.801098,0.433635]],[[0.470492,-0.220233,-0.854479],[-0.283847,0.879112,-0.382873],[0.835505,0.42268,0.351103]],[[0.470492,-0.220233,-0.854479],[-0.881962,-0.148027,-0.447472],[-0.0279375,0.96415,-0.263883]]],1],[1822,[-0.87032,-0.441257,-0.218714],182,57.8275,[-37.5643,116.566,-60.443],[-45.6199,119.756,-51.9236],[-14.5586,4.78929,8.08247],false,[37.7749,78.9674,-4.95759],[-6.38657,111.81,-29.3802],[-24.3874,141.872,-51.7995],[-45.7459,131.043,-57.167],[-45.9914,116.248,-50.5292],[[[0.285312,-0.294578,-0.912042],[0.616969,0.784664,-0.0604314],[0.733448,-0.54546,0.405619]],[[0.402128,-0.38033,-0.832852],[0.806865,0.577136,0.126026],[0.432738,-0.722678,0.538958]],[[0.402128,-0.38033,-0.832852],[-0.284318,0.812799,-0.50845],[0.87032,0.441257,0.218714]],[[0.402128,-0.38033,-0.832852],[-0.915458,-0.151982,-0.372609],[0.0151356,0.912278,-0.409292]]],2],[1823,[-0.91625,-0.38459,-0.112144],182,55.6026,[-33.3354,112.157,-61.3722],[-35.9543,112.807,-59.4866],[-15.6989,7.21401,-0.369009],false,[40.7451,76.8554,-14.9139],[4.54526,104.519,-44.0115],[-13.9484,133.506,-61.4628],[-35.8534,124.312,-64.1438],[-36.6567,109.346,-58.1964],[[[0.342808,-0.429944,-0.835243],[0.658843,0.743824,-0.112477],[0.669633,-0.511736,0.538254]],[[0.263753,-0.368421,-0.89146],[0.836899,0.546933,0.0215745],[0.47962,-0.751752,0.452586]],[[0.263753,-0.368421,-0.89146],[-0.30153,0.846378,-0.439002],[0.91625,0.38459,0.112144]],[[0.263753,-0.368421,-0.89146],[-0.963303,-0.052876,-0.263156],[0.0498154,0.928154,-0.368847]]],3],[1824,[-0.973821,-0.22444,-0.0360574],182,43.5914,[-17.7975,103.266,-66.6962],[-17.7648,104.392,-66.4758],[-7.37232,-0.160945,4.20159],false,[41.735,68.8432,-24.1707],[13.0456,93.9654,-56.5744],[1.5929,118.556,-70.5506],[-14.8447,114.767,-71.1592],[-17.4941,101.507,-64.9614],[[[0.304403,-0.603233,-0.73719],[0.760697,0.619745,-0.19302],[0.573306,-0.502022,0.64753]],[[0.134602,-0.441505,-0.887105],[0.917074,0.394587,-0.0572338],[0.375309,-0.805837,0.458005]],[[0.134602,-0.441505,-0.887105],[-0.183182,0.868735,-0.460157],[0.973821,0.22444,0.0360574]],[[0.134602,-0.441505,-0.887105],[-0.974762,0.101916,-0.198625],[0.178105,0.891452,-0.416644]]],4]],[[0,200,0],[235.247,235.247,147.751]]],[396348,1296530553845,[[182,"right",[-0.629414,0.656311,-0.416046],[-0.670838,-0.729147,-0.135352],[5.74044,94.3573,-23.191],[-10.193,-17.2278,0.0815174],[9.51216,90.9403,-22.6478],0,1,0.292854,[[0.623321,-0.291592,-0.725565],[0.402918,0.914982,-0.0215753],[0.67017,-0.278895,0.687815]],54.9912,[196.313,0.227869,151.057],[40.1539,65.2142,-9.213]]],[[1820,[-0.930409,0.10777,-0.350321],182,44.9771,[-51.5455,72.2876,-12.8482],[-54.13,72.939,-9.45332],[-8.24057,1.33076,-15.6352],false,[26.1111,61.2506,12.8773],[26.1111,61.2506,12.8773],[-15.9572,70.4716,11.8384],[-43.3344,73.6428,1.53018],[-57.3775,72.5696,-12.9469],[[[0.635014,0.702209,-0.321963],[0.230013,0.226006,0.946581],[0.737463,-0.675148,-0.0180003]],[[0.212313,0.937578,-0.275446],[0.0363462,0.274101,0.961014],[0.976526,-0.214047,0.0241177]],[[0.212313,0.937578,-0.275446],[-0.298768,0.330655,0.895212],[0.930409,-0.10777,0.350321]],[[0.212313,0.937578,-0.275446],[-0.686663,0.343692,0.640601],[0.695283,0.0531311,0.71677]]],0],[1821,[-0.836385,-0.421833,-0.350024],182,50.7517,[-44.8497,113.49,-44.002],[-47.5948,123.79,-32.8409],[-5.36963,7.52647,3.57175],false,[34.3488,78.2659,5.06035],[-15.0633,114.067,-12.4869],[-30.4121,143.721,-28.6035],[-47.8586,134.922,-35.9048],[-47.5074,120.701,-32.0256],[[[0.280944,-0.0809589,-0.956303],[0.561606,0.821885,0.0954102],[0.778247,-0.563871,0.276371]],[[0.469436,-0.221551,-0.854719],[0.77991,0.557881,0.283741],[0.413968,-0.799803,0.434679]],[[0.469436,-0.221551,-0.854719],[-0.283,0.879188,-0.383326],[0.836385,0.421833,0.350024]],[[0.469436,-0.221551,-0.854719],[-0.882645,-0.143858,-0.447485],[-0.0238171,0.964479,-0.263083]]],1],[1822,[-0.871193,-0.440265,-0.21723],182,57.8275,[-37.5941,116.576,-60.4132],[-45.7182,119.77,-51.8674],[-14.0307,3.68969,7.744],false,[37.7315,78.909,-4.99286],[-6.41875,111.803,-29.3657],[-24.451,141.853,-51.7765],[-45.8309,131.048,-57.1075],[-46.1056,116.253,-50.4714],[[[0.283621,-0.295313,-0.912332],[0.617968,0.783787,-0.0615933],[0.733263,-0.546323,0.404792]],[[0.400413,-0.381185,-0.833287],[0.807312,0.576947,0.124009],[0.433493,-0.722378,0.538752]],[[0.400413,-0.381185,-0.833287],[-0.284062,0.812936,-0.508373],[0.871193,0.440265,0.21723]],[[0.400413,-0.381185,-0.833287],[-0.916178,-0.149735,-0.371748],[0.0169325,0.912293,-0.409189]]],2],[1823,[-0.917274,-0.381668,-0.113743],182,55.6026,[-33.4105,112.174,-61.3322],[-36.0212,112.852,-59.5544],[-12.02,7.26347,-4.24594],false,[40.6848,76.7892,-14.9526],[4.48241,104.492,-44.0096],[-13.887,133.487,-61.5792],[-35.8164,124.362,-64.2985],[-36.6868,109.413,-58.3181],[[[0.341038,-0.430729,-0.835563],[0.659712,0.74287,-0.113683],[0.669681,-0.512461,0.537504]],[[0.264888,-0.371416,-0.889879],[0.83838,0.544632,0.0222412],[0.476396,-0.751948,0.455654]],[[0.264888,-0.371416,-0.889879],[-0.297393,0.846392,-0.441789],[0.917274,0.381668,0.113743]],[[0.264888,-0.371416,-0.889879],[-0.962767,-0.0502097,-0.265628],[0.0539778,0.927108,-0.370887]]],3],[1824,[-0.97418,-0.223105,-0.0345947],182,43.5914,[-17.7817,103.291,-66.6897],[-17.8288,104.394,-66.4401],[-7.70322,-0.130977,4.11077],false,[41.6507,68.7721,-24.2077],[12.9505,93.9219,-56.5805],[1.52578,118.529,-70.5502],[-14.9179,114.763,-71.1342],[-17.5682,101.507,-64.926],[[[0.302531,-0.603929,-0.73739],[0.761281,0.61862,-0.194322],[0.573521,-0.502572,0.646911]],[[0.132732,-0.442011,-0.887135],[0.917722,0.392899,-0.0584517],[0.374391,-0.806385,0.457793]],[[0.132732,-0.442011,-0.887135],[-0.182633,0.868821,-0.460211],[0.97418,0.223105,0.0345947]],[[0.132732,-0.442011,-0.887135],[-0.975007,0.102662,-0.19703],[0.178165,0.891116,-0.417337]]],4]],[[0,200,0],[235.247,235.247,147.751]]],[396349,1296530562520,[[182,"right",[-0.629136,0.656686,-0.415874],[-0.671733,-0.728537,-0.134196],[5.68699,94.3454,-23.1869],[-9.12028,-13.009,0.184746],[9.45192,90.9939,-22.6563],0,1,0.302708,[[0.623097,-0.293406,-0.725027],[0.404705,0.914179,-0.0221452],[0.669302,-0.279623,0.688365]],54.9912,[196.04,0.019818,151.175],[40.0837,65.1758,-9.2229]]],[[1820,[-0.928798,0.106118,-0.355068],182,44.9771,[-51.5691,72.2919,-12.8196],[-54.1151,72.9119,-9.53068],[-4.33275,-0.931365,-16.0421],false,[26.0584,61.2419,12.8839],[26.0584,61.2419,12.8839],[-16.0045,70.4912,11.8805],[-43.3343,73.6137,1.43264],[-57.3049,72.4976,-13.1111],[[[0.635431,0.701325,-0.323065],[0.23118,0.226408,0.9462],[0.736738,-0.675931,-0.018265]],[[0.212686,0.937262,-0.276234],[0.0374773,0.274669,0.960808],[0.976402,-0.214703,0.0232921]],[[0.212686,0.937262,-0.276234],[-0.303479,0.332083,0.893096],[0.928798,-0.106118,0.355068]],[[0.212686,0.937262,-0.276234],[-0.690161,0.344219,0.636546],[0.691695,0.0552617,0.720072]]],0],[1821,[-0.836592,-0.422292,-0.348973],182,50.7517,[-44.8623,113.535,-43.9539],[-47.695,123.767,-32.8583],[-8.32393,3.22767,1.30957],false,[34.3063,78.2433,5.04725],[-15.0856,114.084,-12.4758],[-30.5114,143.657,-28.6686],[-47.9622,134.848,-35.9479],[-47.662,120.626,-32.0683],[[[0.279919,-0.0819033,-0.956524],[0.562559,0.821362,0.0942985],[0.777928,-0.564497,0.27599]],[[0.469095,-0.223187,-0.854481],[0.779009,0.560373,0.281295],[0.416046,-0.797603,0.436733]],[[0.469095,-0.223187,-0.854481],[-0.282954,0.878554,-0.384812],[0.836592,0.422292,0.348973]],[[0.469095,-0.223187,-0.854481],[-0.882913,-0.140827,-0.44792],[-0.0203642,0.964549,-0.263116]]],1],[1822,[-0.871864,-0.439518,-0.216048],182,57.8275,[-37.6243,116.587,-60.3833],[-45.7808,119.789,-51.8315],[-12.168,3.30126,6.84848],false,[37.6798,78.8759,-5.00971],[-6.46001,111.8,-29.3616],[-24.4875,141.85,-51.7748],[-45.8839,131.064,-57.0768],[-46.1689,116.273,-50.4313],[[[0.282415,-0.29623,-0.912409],[0.618727,0.783097,-0.0627344],[0.733089,-0.546815,0.404444]],[[0.399175,-0.382156,-0.833436],[0.807986,0.576274,0.122747],[0.433379,-0.722402,0.538811]],[[0.399175,-0.382156,-0.833436],[-0.283746,0.812884,-0.508633],[0.871864,0.439518,0.216048]],[[0.399175,-0.382156,-0.833436],[-0.916706,-0.148924,-0.370771],[0.0175739,0.912019,-0.409772]]],2],[1823,[-0.917406,-0.381444,-0.113431],182,55.6026,[-33.4804,112.188,-61.296],[-36.0741,112.842,-59.5735],[-9.06761,4.74457,-4.37705],false,[40.621,76.7463,-14.9709],[4.41908,104.468,-44.0112],[-13.895,133.451,-61.6567],[-35.8276,124.332,-64.3685],[-36.6939,109.397,-58.3505],[[[0.339765,-0.431654,-0.835604],[0.660377,0.742102,-0.114837],[0.669673,-0.512796,0.537195]],[[0.265228,-0.373569,-0.888876],[0.839086,0.543556,0.0219306],[0.474961,-0.75166,0.457623]],[[0.265228,-0.373569,-0.888876],[-0.296682,0.845545,-0.443884],[0.917406,0.381444,0.113431]],[[0.265228,-0.373569,-0.888876],[-0.962688,-0.0512324,-0.265721],[0.053726,0.926186,-0.373219]]],3],[1824,[-0.974447,-0.222108,-0.0334767],182,43