{"metadata":{"formatVersion":2,"generatedBy":"LeapJS Playback 0.2.1","frames":1,"protocolVersion":6,"serviceVersion":"2.2.2+24469","frameRate":"71","modified":"Fri Feb 20 2015 19:39:49 GMT-0200 (E. South America Daylight Time)"},"frames":[["id","timestamp",{"hands":[["id","type","direction","palmNormal","palmPosition","palmVelocity","stabilizedPalmPosition","pinchStrength","grabStrength","confidence","armBasis","armWidth","elbow","wrist"]]},{"pointables":[["id","direction","handId","length","stabilizedTipPosition","tipPosition","tipVelocity","tool","carpPosition","mcpPosition","pipPosition","dipPosition","btipPosition","bases","type"]]},{"interactionBox":["center","size"]}],[117547,85912489234,[[75,"left",[0.0643145,-0.0902278,-0.993842],[0.192984,-0.97598,0.101095],[-101.403,136.308,17.934],[4.73371,-14.1826,7.54376],[-102.216,143.319,14.2389],0,0,0.776821,[[-0.969924,-0.225286,0.0921562],[-0.203389,0.958118,0.201599],[0.133714,-0.176793,0.975123]],62.889,[-77.3876,96.6745,329.979],[-113.02,143.786,70.1293]],[76,"right",[-0.195316,0.883758,-0.425234],[-0.178971,-0.458422,-0.870528],[80.0326,172.6,1.52373],[2.79033,-23.9207,-15.6409],[86.1203,173.286,6.43028],0,0,0.822517,[[0.766834,0.201169,-0.609505],[-0.0178225,0.955921,0.293082],[0.641598,-0.213883,0.736618]],62.1004,[267.057,72.4371,219.559],[98.2286,128.718,25.7276]]],[[750,[0.60556,-0.336983,-0.72093],75,51.4367,[-20.9941,122.608,11.196],[-16.385,119.314,16.4435],[36.3289,14.0703,15.8346],false,[-83.6317,139.267,75.8396],[-83.6317,139.267,75.8396],[-38.9887,142.073,55.1919],[-18.611,130.733,30.9319],[-14.0379,117.309,12.6995],[[[-0.554044,0.775542,-0.302604],[0.676562,0.631273,0.379154],[-0.485076,-0.00533728,0.874456]],[[-0.328294,0.719455,-0.612051],[0.266671,0.6922,0.670631],[-0.906151,-0.0569483,0.419103]],[[-0.328294,0.719455,-0.612051],[0.724927,0.607311,0.325044],[-0.60556,0.336983,0.72093]],[[-0.328294,0.719455,-0.612051],[0.923594,0.380312,-0.0483506],[-0.197984,0.58116,0.789339]]],0],[751,[0.417794,-0.773563,-0.476496],75,58.0406,[-43.4484,90.5957,-51.1],[-43.1235,87.4208,-49.6799],[8.82632,-18.1061,6.09786],false,[-94.4705,155.57,63.0317],[-76.0348,141.062,-5.68406],[-56.8516,116.935,-34.8019],[-46.885,98.4818,-46.1688],[-40.5969,83.7213,-51.3593],[[[-0.954394,-0.210632,-0.211581],[-0.157058,0.956927,-0.244181],[-0.2539,0.199814,0.946366]],[[-0.890352,-0.244181,-0.38425],[0.050955,0.785252,-0.617076],[-0.452412,0.568995,0.686708]],[[-0.890352,-0.244181,-0.38425],[0.180891,0.584786,-0.790761],[-0.417794,0.773563,0.476496]],[[-0.890352,-0.244181,-0.38425],[0.261186,0.417341,-0.870407],[-0.372901,0.87533,0.307804]]],1],[752,[0.311127,-0.724461,-0.615107],75,66.1326,[-72.191,80.9171,-68.8001],[-72.8137,80.7233,-68.1766],[13.5616,-20.0112,10.2026],false,[-106.06,154.53,59.5277],[-97.7214,138.822,-6.99435],[-85.3229,112.324,-44.507],[-76.5909,91.9917,-61.7703],[-70.3709,76.8582,-70.504],[[[-0.93907,-0.341726,-0.0370307],[-0.321685,0.911695,-0.255599],[-0.121106,0.228113,0.966073]],[[-0.935404,-0.347841,-0.0634565],[-0.238943,0.75415,-0.61169],[-0.260626,0.557014,0.788549]],[[-0.935404,-0.347841,-0.0634565],[-0.167987,0.595116,-0.785886],[-0.311127,0.724461,0.615107]],[[-0.935404,-0.347841,-0.0634565],[-0.11202,0.461761,-0.879903],[-0.335368,0.815956,0.470898]]],2],[753,[0.135293,-0.740672,-0.658104],75,63.5882,[-111.528,78.4303,-63.3629],[-112.09,78.7688,-62.7873],[11.3823,-17.5152,6.29303],false,[-117.578,151.032,58.0715],[-119.25,135.119,-1.64523],[-117.867,110.16,-37.972],[-114.168,89.9091,-55.9651],[-110.397,74.5095,-65.3821],[[[-0.919716,-0.372181,0.124913],[-0.391652,0.891758,-0.226665],[0.0270314,0.25739,0.965929]],[[-0.914235,-0.349357,0.20524],[-0.403968,0.746706,-0.528431],[-0.0313568,0.566021,0.823794]],[[-0.914235,-0.349357,0.20524],[-0.381929,0.573895,-0.724414],[-0.135293,0.740672,0.658104]],[[-0.914235,-0.349357,0.20524],[-0.349804,0.424909,-0.834919],[-0.204476,0.835106,0.510673]]],3],[754,[0.0386666,-0.683585,-0.728846],75,49.852,[-139.512,87.9642,-46.2173],[-139.533,88.3271,-45.3372],[4.36264,-17.9335,6.55301],false,[-127.787,141.715,60.58],[-137.615,127.903,5.91943],[-142.272,110.869,-24.1812],[-141.525,97.6735,-38.2506],[-138.711,84.2035,-48.2532],[[[-0.832967,-0.482083,0.271592],[-0.525996,0.842227,-0.118243],[0.171739,0.241349,0.955121]],[[-0.807546,-0.450971,0.380124],[-0.574513,0.747252,-0.33399],[0.133429,0.488099,0.862529]],[[-0.807546,-0.450971,0.380124],[-0.588535,0.573879,-0.569464],[-0.0386666,0.683585,0.728846]],[[-0.807546,-0.450971,0.380124],[-0.566136,0.411942,-0.713998],[-0.165403,0.791789,0.587973]]],4],[760,[-0.523384,0.732628,-0.435115],76,50.7917,[8.39205,182.218,9.4541],[5.10169,186.458,-1.93742],[7.16658,-17.3662,-22.322],false,[70.2054,118.336,24.8651],[70.2054,118.336,24.8651],[36.7986,151.616,12.9009],[19.4071,175.96,-1.55749],[1.30748,189.756,-3.07465],[[[0.509985,0.620269,0.595971],[-0.619777,-0.215476,0.754617],[0.596483,-0.754212,0.27454]],[[0.465229,0.673506,0.574414],[-0.558582,-0.280033,0.780748],[0.686693,-0.684084,0.245929]],[[0.465229,0.673506,0.574414],[-0.713884,-0.0982114,0.693342],[0.523384,-0.732628,0.435115]],[[0.465229,0.673506,0.574414],[-0.392247,-0.424875,0.815858],[0.793539,-0.604872,0.0665166]]],0],[761,[-0.192476,0.82774,-0.527067],76,57.3127,[34.7835,256.31,-42.9357],[36.9392,257.806,-41.4575],[12.7188,-18.9314,-16.8729],false,[79.1586,137.026,35.0726],[52.1226,192.807,-0.961061],[44.4395,228.91,-20.7255],[39.9055,248.408,-33.1411],[36.5874,261.672,-42.646],[[[0.917789,0.240975,-0.315585],[0.124412,0.580247,0.804882],[0.377074,-0.777975,0.502564]],[[0.972564,0.0893933,-0.214775],[0.142997,0.498498,0.855016],[0.183498,-0.862269,0.472038]],[[0.972564,0.0893933,-0.214775],[0.130662,0.553945,0.822236],[0.192476,-0.82774,0.527067]],[[0.972564,0.0893933,-0.214775],[0.120047,0.597956,0.792488],[0.199269,-0.796528,0.570819]]],1],[762,[-0.0205391,0.870337,-0.492028],76,65.3033,[69.2895,269.342,-54.3488],[71.6828,272.923,-48.3247],[12.8789,-18.1459,-8.45565],false,[90.0438,141.296,32.373],[73.1755,195.883,-4.49126],[72.7534,237.619,-26.0463],[72.1842,261.739,-39.6821],[71.6289,277.378,-49.1977],[[[0.925548,0.0311797,-0.377343],[0.286033,0.595412,0.75078],[0.248084,-0.802815,0.542164]],[[0.956208,-0.126616,-0.263883],[0.29255,0.441135,0.848419],[0.00898521,-0.888464,0.458859]],[[0.956208,-0.126616,-0.263883],[0.291966,0.475901,0.829623],[0.0205391,-0.870337,0.492028]],[[0.956208,-0.126616,-0.263883],[0.291113,0.504818,0.812657],[0.030318,-0.853889,0.519571]]],2],[763,[0.0908204,0.875419,-0.474756],76,62.7908,[99.4166,262.669,-54.7103],[102.745,265.913,-47.6478],[23.6668,-7.06323,21.0255],false,[101.124,142.832,28.1026],[94.9417,192.328,-7.09381],[99.5184,231.166,-26.2442],[101.97,254.8,-39.0616],[103.398,270.461,-48.2418],[[[0.927754,-0.132275,-0.348963],[0.359191,0.570223,0.738802],[0.101261,-0.810771,0.576538]],[[0.932896,-0.24162,-0.267068],[0.344468,0.382212,0.85747],[-0.105105,-0.891927,0.439794]],[[0.932896,-0.24162,-0.267068],[0.348507,0.418643,0.838618],[-0.0908204,-0.875419,0.474756]],[[0.932896,-0.24162,-0.267068],[0.351504,0.449377,0.821283],[-0.0784236,-0.860047,0.504152]]],3],[764,[0.249258,0.872712,-0.419814],76,49.2269,[128.826,239.122,-48.6197],[130.74,242.493,-40.6977],[8.82102,-19.3855,4.62955],false,[111.433,138.565,19.8622],[113.898,185.143,-12.0438],[122.942,215.477,-25.6669],[127.694,232.112,-33.6692],[131.686,246.653,-41.0735],[[[0.861052,-0.317611,-0.397132],[0.506643,0.468822,0.723546],[-0.0436216,-0.824214,0.564596]],[[0.85143,-0.404038,-0.334394],[0.454076,0.248828,0.855512],[-0.262453,-0.880249,0.395323]],[[0.85143,-0.404038,-0.334394],[0.46145,0.274092,0.843764],[-0.249258,-0.872712,0.419814]],[[0.85143,-0.404038,-0.334394],[0.467534,0.295811,0.833011],[-0.237651,-0.865592,0.440764]]],4]],[[0,200,0],[235.247,235.247,147.751]]]]}