{"metadata":{"formatVersion":2,"generatedBy":"LeapJS Playback 0.2.1","frames":1,"protocolVersion":6,"serviceVersion":"2.2.2+24469","frameRate":"67","modified":"Fri Feb 20 2015 19:41:01 GMT-0200 (E. South America Daylight Time)"},"frames":[["id","timestamp",{"hands":[["id","type","direction","palmNormal","palmPosition","palmVelocity","stabilizedPalmPosition","pinchStrength","grabStrength","confidence","armBasis","armWidth","elbow","wrist"]]},{"pointables":[["id","direction","handId","length","stabilizedTipPosition","tipPosition","tipVelocity","tool","carpPosition","mcpPosition","pipPosition","dipPosition","btipPosition","bases","type"]]},{"interactionBox":["center","size"]}],[120008,85984979035,[[77,"right",[-0.230136,0.196786,-0.953054],[-0.110373,-0.9783,-0.175347],[109.704,137.695,0.981775],[5.86659,-2.3782,2.12451],[101.857,139.088,0.965288],0,0,0.989259,[[0.707487,-0.0300739,-0.706087],[0.075244,0.996621,0.0329447],[0.70271,-0.0764367,0.707359]],62.042,[314.179,110.887,235.954],[129.444,130.982,49.9967]],[78,"left",[0.132395,0.0952595,-0.986609],[-0.0274958,-0.994635,-0.0997241],[-125.002,147.655,9.1364],[-1.70811,-1.69173,0.564144],[-118.809,147.722,6.46576],0,0,0.946748,[[-0.650512,0.266555,-0.711184],[-0.00860562,0.933742,0.357842],[-0.759447,-0.238901,0.605117]],61.6044,[-337.344,84.7719,218.067],[-139.101,147.134,60.1097]]],[[770,[-0.719602,0.169852,-0.673293],77,50.7439,[18.6365,144.96,1.10393],[27.1292,142.929,-0.396334],[6.07705,-13.9267,0.592357],false,[102.212,121.839,58.1805],[102.212,121.839,58.1805],[66.8768,130.345,25.9114],[42.9876,135.984,3.55968],[22.4432,143.544,-2.76794],[[[0.442883,0.887327,-0.128474],[-0.638964,0.412892,0.649034],[0.628951,-0.205356,0.749833]],[[0.389925,0.901157,-0.189409],[-0.565154,0.396587,0.723408],[0.727021,-0.175029,0.663931]],[[0.389925,0.901157,-0.189409],[-0.574571,0.398832,0.714704],[0.719602,-0.169852,0.673293]],[[0.389925,0.901157,-0.189409],[-0.1874,0.279042,0.941816],[0.901576,-0.331742,0.277682]]],0],[771,[-0.261832,-0.288478,-0.920991],77,57.2588,[52.6538,128.361,-89.2638],[60.1559,126.47,-88.2874],[-0.390345,-1.18917,4.16876],false,[109.509,142.005,49.6507],[80.7644,146.123,-15.8319],[69.6921,138.997,-55.5365],[63.5302,132.208,-77.211],[59.2514,125.994,-92.0374],[[[0.914513,-0.0308769,-0.403378],[0.0514166,0.997868,0.0401857],[0.401277,-0.0574906,0.914151]],[[0.964305,-0.0391406,-0.261886],[-0.00746398,0.984604,-0.174639],[0.26469,0.17036,0.949166]],[[0.964305,-0.0391406,-0.261886],[-0.0395002,0.956686,-0.288429],[0.261832,0.288478,0.920991]],[[0.964305,-0.0391406,-0.261886],[-0.0629392,0.926791,-0.370267],[0.257206,0.373533,0.891245]]],1],[772,[-0.157629,-0.273122,-0.948977],77,65.2419,[87.2996,126.847,-106.195],[88.2283,125.55,-105.566],[1.71521,-0.392911,1.43213],false,[120.21,143.326,44.4089],[101.705,146.811,-20.8598],[95.3074,139.154,-66.7177],[90.943,131.591,-92.9926],[87.7902,125.12,-109.814],[[[0.938064,-0.208017,-0.277065],[0.214083,0.976778,-0.00852837],[0.272405,-0.0513147,0.960813]],[[0.971748,-0.213853,-0.0998628],[0.192667,0.963141,-0.187717],[0.136326,0.163174,0.977133]],[[0.971748,-0.213853,-0.0998628],[0.175666,0.937908,-0.299115],[0.157629,0.273122,0.948977]],[[0.971748,-0.213853,-0.0998628],[0.161289,0.910594,-0.380532],[0.172312,0.353674,0.91936]]],2],[773,[-0.0827505,-0.375007,-0.923321],77,62.7318,[112.741,122.654,-99.9579],[118.379,117.964,-99.4009],[-1.01222,-8.77602,2.77104],false,[131.346,141.747,40.3361],[123.725,144.196,-20.1268],[122.625,135.878,-62.8131],[120.393,125.764,-87.7174],[118.14,116.606,-103.274],[[[0.949101,-0.286339,-0.131217],[0.289131,0.957287,0.0023314],[0.124944,-0.0401515,0.991351]],[[0.956788,-0.289058,0.0316507],[0.289682,0.938026,-0.190239],[0.0253009,0.191187,0.981227]],[[0.956788,-0.289058,0.0316507],[0.278762,0.880804,-0.382722],[0.0827505,0.375007,0.923321]],[[0.956788,-0.289058,0.0316507],[0.263116,0.814263,-0.517441],[0.123798,0.503409,0.855133]]],3],[774,[0.00768378,-0.314436,-0.949247],77,49.1806,[140.516,124.802,-81.2669],[145.972,120.232,-81.2207],[0.978509,-5.88352,0.338393],false,[142.254,133.429,38.3746],[143.278,137.299,-17.9415],[146.973,132.773,-51.8702],[147.119,126.785,-69.9474],[145.962,119.312,-84.9303],[[[0.896276,-0.443271,-0.0141659],[0.443126,0.893764,0.0694684],[-0.0181323,-0.0685401,0.997484]],[[0.880136,-0.44847,0.155679],[0.462429,0.884078,-0.0675635],[-0.107332,0.131456,0.985494]],[[0.880136,-0.44847,0.155679],[0.47466,0.836663,-0.273301],[-0.00768378,0.314436,0.949247]],[[0.880136,-0.44847,0.155679],[0.469687,0.775009,-0.422795],[0.0689581,0.445237,0.892753]]],4],[780,[0.834036,0.255775,-0.488839],78,50.386,[-28.1442,157.477,15.6379],[-37.5409,158.037,16.6858],[-5.20467,-8.6488,-0.81259],false,[-112.518,135.321,65.8897],[-112.518,135.321,65.8897],[-78.5559,143.792,32.6649],[-51.0631,152.224,16.551],[-30.0153,160.522,16.8458],[[[-0.348274,0.924446,-0.155259],[0.75803,0.37518,0.533507],[-0.551449,-0.0681159,0.831423]],[[-0.361812,0.922477,-0.13464],[0.611448,0.343839,0.712676],[-0.703722,-0.175529,0.688451]],[[-0.361812,0.922477,-0.13464],[0.416506,0.289162,0.861921],[-0.834036,-0.255775,0.488839]],[[-0.361812,0.922477,-0.13464],[-0.0613979,0.120532,0.990809],[-0.930227,-0.366753,-0.0130284]]],0],[781,[0.307709,-0.334484,-0.89075],78,56.855,[-68.3348,130.394,-82.0809],[-74.8381,130.604,-78.571],[-2.84001,-4.62055,2.95877],false,[-118.354,155.424,56.5619],[-97.7621,151.059,-11.3789],[-84.1081,143.279,-49.8274],[-76.9176,135.463,-70.6423],[-72.1826,128.154,-84.6786],[[[-0.95452,0.0557523,-0.292886],[0.0712302,0.996557,-0.0424409],[-0.289512,0.0613731,0.955205]],[[-0.937659,0.0523879,-0.343586],[0.112846,0.980906,-0.158397],[-0.328727,0.187295,0.925667]],[[-0.937659,0.0523879,-0.343586],[0.161588,0.940944,-0.297511],[-0.307709,0.334484,0.89075]],[[-0.937659,0.0523879,-0.343586],[0.196539,0.895257,-0.399858],[-0.28665,0.442459,0.849742]]],1],[782,[0.142455,-0.35825,-0.922693],78,64.7817,[-101.066,129.336,-98.3432],[-107.242,129.222,-93.5306],[-2.45117,-10.3572,5.03784],false,[-129.313,157.686,52.4989],[-118.788,154.005,-14.0247],[-112.664,144.511,-59.2345],[-108.748,134.662,-84.6014],[-106.052,126.123,-100.41],[[[-0.982922,-0.10718,-0.149587],[-0.0975417,0.992741,-0.0703642],[-0.156042,0.0545716,0.986242]],[[-0.988167,-0.105016,-0.11179],[-0.0791075,0.973377,-0.215124],[-0.131405,0.203735,0.970167]],[[-0.988167,-0.105016,-0.11179],[-0.0568488,0.927701,-0.368971],[-0.142455,0.35825,0.922693]],[[-0.988167,-0.105016,-0.11179],[-0.0388404,0.876418,-0.479982],[-0.14838,0.469961,0.870127]]],2],[783,[0.0228071,-0.420638,-0.906942],78,62.2893,[-136.359,129.16,-89.691],[-139.897,129.028,-85.4258],[7.52601,-30.2085,8.30196],false,[-140.891,157.24,49.8874],[-140.548,154.263,-10.5986],[-141.664,147.181,-53.1957],[-141.053,135.915,-77.4856],[-139.979,125.102,-91.9151],[[[-0.985003,-0.172511,0.00291024],[-0.172442,0.98378,-0.0493966],[-0.00565841,0.0491577,0.998775]],[[-0.984003,-0.16977,0.0539943],[-0.176268,0.971751,-0.15694],[0.0258252,0.163947,0.986131]],[[-0.984003,-0.16977,0.0539943],[-0.176684,0.891202,-0.417781],[-0.0228071,0.420638,0.906942]],[[-0.984003,-0.16977,0.0539943],[-0.167938,0.782829,-0.599146],[-0.0594489,0.598629,0.798817]]],3],[784,[-0.131131,-0.444804,-0.885976],78,48.8337,[-165.814,128.046,-66.8408],[-170.127,128.988,-62.4556],[-1.10597,-12.1091,1.08206],false,[-152.773,150.301,49.9155],[-160.215,150.111,-5.64788],[-168.788,144.296,-38.2257],[-171.268,135.885,-54.979],[-171.765,125.4,-67.9221],[[[-0.936915,-0.325824,0.126609],[-0.323365,0.945425,0.0400922],[0.132763,0.00337813,0.991142]],[[-0.900436,-0.320452,0.294153],[-0.355423,0.931865,-0.0728126],[0.250778,0.170112,0.952981]],[[-0.900436,-0.320452,0.294153],[-0.414753,0.836337,-0.358497],[0.131131,0.444804,0.885976]],[[-0.900436,-0.320452,0.294153],[-0.433966,0.708122,-0.556988],[0.0298089,0.629185,0.776684]]],4]],[[0,200,0],[235.247,235.247,147.751]]]]}