{"metadata":{"formatVersion":2,"generatedBy":"LeapJS Playback 0.2.1","frames":1,"protocolVersion":6,"serviceVersion":"2.2.2+24469","frameRate":"67","modified":"Fri Feb 20 2015 19:41:28 GMT-0200 (E. South America Daylight Time)"},"frames":[["id","timestamp",{"hands":[["id","type","direction","palmNormal","palmPosition","palmVelocity","stabilizedPalmPosition","pinchStrength","grabStrength","confidence","armBasis","armWidth","elbow","wrist"]]},{"pointables":[["id","direction","handId","length","stabilizedTipPosition","tipPosition","tipVelocity","tool","carpPosition","mcpPosition","pipPosition","dipPosition","btipPosition","bases","type"]]},{"interactionBox":["center","size"]}],[120039,85985636343,[[77,"right",[-0.282376,0.162109,-0.945508],[-0.140191,-0.98201,-0.126499],[119.016,138.362,-5.85897],[123.47,48.4599,-64.568],[104.409,138.608,0.692794],0,0,0.967331,[[0.745,-0.0848716,-0.661643],[0.0950116,0.995261,-0.0206845],[0.660263,-0.0474538,0.749534]],62.042,[315.072,120.775,239.204],[141.496,133.25,42.1592]],[78,"left",[0.200277,0.135739,-0.970291],[0.0385804,-0.990681,-0.130628],[-121.406,150.002,8.02495],[36.6112,89.7984,4.63466],[-120.828,147.515,7.2884],0,0,0.87473,[[-0.617654,0.1373,-0.774372],[-0.0565362,0.974343,0.21785],[-0.784415,-0.178336,0.594045]],61.1619,[-342.399,100.774,211.322],[-139.11,146.991,57.3688]]],[[770,[-0.679794,0.0579923,-0.731106],77,50.7439,[24.6927,142.043,-1.01533],[37.1585,140.44,-5.40585],[141.561,55.6694,-56.9366],false,[114.62,125.072,52.3071],[114.62,125.072,52.3071],[75.5674,132.774,24.4184],[52.9998,134.7,0.147303],[32.6606,140.606,-8.26076],[[[0.452167,0.871005,-0.192083],[-0.590857,0.453833,0.667026],[0.668157,-0.188114,0.719847]],[[0.371144,0.887001,-0.274738],[-0.465426,0.433719,0.771535],[0.803511,-0.15848,0.573806]],[[0.371144,0.887001,-0.274738],[-0.63256,0.458111,0.624502],[0.679794,-0.0579923,0.731106]],[[0.371144,0.887001,-0.274738],[-0.256078,0.382167,0.887903],[0.892567,-0.259186,0.368981]]],0],[771,[-0.318715,-0.277912,-0.906193],77,57.2588,[53.7566,128.182,-89.3383],[64.321,127.86,-92.6126],[70.8126,71.7647,-35.0648],false,[121.8,144.696,42.5084],[89.3033,146.734,-21.2958],[75.9581,139.889,-60.3456],[68.4575,133.348,-81.6718],[63.2078,127.333,-96.2665],[[[0.888121,-0.0682382,-0.454515],[0.0737102,0.997263,-0.00569374],[0.45366,-0.0284457,0.890721]],[[0.947609,-0.0718171,-0.311256],[0.0161092,0.983903,-0.177975],[0.319027,0.163637,0.933512]],[[0.947609,-0.0718171,-0.311256],[-0.0214217,0.957918,-0.286241],[0.318715,0.277912,0.906193]],[[0.947609,-0.0718171,-0.311256],[-0.0495346,0.929575,-0.36529],[0.31557,0.36157,0.877316]]],1],[772,[-0.207523,-0.268862,-0.940557],77,65.2419,[87.8312,126.626,-106.37],[92.039,125.705,-111.572],[58.3645,48.9336,-48.9445],false,[132.195,145.556,36.5975],[109.918,146.74,-27.5656],[101.172,138.875,-72.9986],[95.4258,131.431,-99.0403],[91.3622,125.133,-115.732],[[[0.915581,-0.240457,-0.322322],[0.232739,0.970503,-0.062896],[0.327939,-0.0174304,0.944538]],[[0.960234,-0.239568,-0.143383],[0.20789,0.956304,-0.205581],[0.186368,0.167597,0.96808]],[[0.960234,-0.239568,-0.143383],[0.186777,0.93291,-0.307886],[0.207523,0.268862,0.940557]],[[0.960234,-0.239568,-0.143383],[0.169201,0.907829,-0.383688],[0.222087,0.34417,0.912263]]],2],[773,[-0.139928,-0.388096,-0.910935],77,62.7318,[113.879,121.764,-100.04],[121.882,116.379,-106.533],[49.3162,20.9091,-58.2344],false,[143.035,143.559,31.9513],[131.886,143.661,-28.0112],[128.241,134.418,-70.3643],[124.466,123.95,-94.9345],[121.211,114.648,-110.225],[[[0.933693,-0.312873,-0.174148],[0.307893,0.949794,-0.0556219],[0.182807,-0.00168515,0.983147]],[[0.950921,-0.309101,-0.0143804],[0.297875,0.92699,-0.227946],[0.0837888,0.212475,0.973568]],[[0.950921,-0.309101,-0.0143804],[0.27599,0.868239,-0.4123],[0.139928,0.388096,0.910935]],[[0.950921,-0.309101,-0.0143804],[0.252455,0.801852,-0.541571],[0.178931,0.511361,0.840532]]],3],[774,[-0.075643,-0.364503,-0.928125],77,49.1806,[141.681,123.886,-81.3961],[149.33,117.081,-89.2713],[33.3728,-29.1452,-61.3246],false,[153.639,134.923,29.7131],[151.391,136.422,-26.6804],[152.366,130.239,-60.5346],[150.925,123.297,-78.2096],[148.366,115.011,-92.5779],[[[0.884782,-0.463569,-0.0475885],[0.464301,0.885663,0.00504764],[0.0398074,-0.0265615,0.998854]],[[0.88007,-0.461995,0.109713],[0.473999,0.868506,-0.144987],[-0.0283028,0.179603,0.983332]],[[0.88007,-0.461995,0.109713],[0.46878,0.808516,-0.355735],[0.075643,0.364503,0.928125]],[[0.88007,-0.461995,0.109713],[0.449698,0.736724,-0.504985],[0.152472,0.49376,0.856127]]],4],[780,[0.846399,0.287096,-0.448537],78,50.0241,[-31.2356,157.724,16.4061],[-36.2622,163.135,20.0017],[11.2484,173.684,69.4035],false,[-112.579,136.584,64.7742],[-112.579,136.584,64.7742],[-77.6106,146.281,33.4868],[-49.9107,155.676,18.8076],[-29.358,164.679,19.887],[[[-0.389366,0.908042,-0.154445],[0.692462,0.399144,0.600983],[-0.607364,-0.127054,0.784198]],[[-0.389642,0.907984,-0.154088],[0.561727,0.366892,0.741521],[-0.729823,-0.202373,0.652996]],[[-0.389642,0.907984,-0.154088],[0.363026,0.305189,0.880382],[-0.846399,-0.287096,0.448537]],[[-0.389642,0.907984,-0.154088],[-0.105382,0.122256,0.986888],[-0.914917,-0.400772,-0.0480491]]],0],[781,[0.378136,-0.32712,-0.866029],78,56.4466,[-68.2895,130.635,-80.6195],[-64.6395,136.14,-75.6378],[126.062,165.821,56.2003],false,[-118.825,156.485,55.6835],[-93.1541,155.584,-10.0951],[-76.8292,148.474,-47.2904],[-68.0564,140.885,-67.3823],[-62.1821,133.683,-80.8944],[[[-0.931455,0.0116783,-0.36367],[0.015517,0.99985,-0.00763533],[-0.363527,0.012755,0.931497]],[[-0.914846,0.0111153,-0.403649],[0.0796172,0.984963,-0.153324],[-0.395876,0.172406,0.901975]],[[-0.914846,0.0111153,-0.403649],[0.141668,0.944917,-0.295062],[-0.378136,0.32712,0.866029]],[[-0.914846,0.0111153,-0.403649],[0.186415,0.898352,-0.397761],[-0.358198,0.439137,0.823926]]],1],[782,[0.239625,-0.385173,-0.891191],78,64.3164,[-100.209,127.844,-96.3149],[-94.3801,131.074,-91.7524],[168.079,126.576,35.4197],false,[-129.484,158.248,50.8924],[-113.908,157.414,-14.2326],[-103.545,147.432,-58.2037],[-97.0049,136.919,-82.5285],[-92.563,127.827,-97.4607],[[[-0.960911,-0.157328,-0.227812],[-0.150165,0.987468,-0.0485555],[-0.232596,0.0124481,0.972494]],[[-0.968654,-0.156779,-0.192693],[-0.107429,0.963778,-0.244113],[-0.223985,0.21576,0.95041]],[[-0.968654,-0.156779,-0.192693],[-0.0654998,0.90943,-0.410667],[-0.239625,0.385173,0.891191]],[[-0.968654,-0.156779,-0.192693],[-0.0326653,0.84934,-0.526834],[-0.246258,0.504025,0.827838]]],2],[783,[0.127805,-0.427975,-0.894709],78,61.8419,[-134.892,127.844,-89.4259],[-126.84,129.195,-87.1076],[183.302,41.8783,21.1866],false,[-140.706,157.245,47.4115],[-135.685,156.337,-12.4968],[-132.103,146.573,-54.1025],[-128.705,135.193,-77.8927],[-125.89,125.07,-92.4263],[[[-0.970593,-0.22777,-0.0779057],[-0.225772,0.973598,-0.0336818],[-0.0835206,0.0151024,0.996392]],[[-0.973462,-0.226798,-0.0305681],[-0.213069,0.946957,-0.240569],[-0.0835073,0.227672,0.970151]],[[-0.973462,-0.226798,-0.0305681],[-0.189836,0.874872,-0.445603],[-0.127805,0.427975,0.894709]],[[-0.973462,-0.226798,-0.0305681],[-0.166542,0.793689,-0.585082],[-0.156957,0.564464,0.810398]]],3],[784,[-0.0577094,-0.439934,-0.896174],78,48.4829,[-166.798,126.751,-66.638],[-160.195,127.51,-67.0922],[144.688,46.5851,-39.9097],false,[-152.046,149.704,46.3303],[-155.248,150.958,-9.22069],[-160.192,141.838,-41.5362],[-161.275,133.579,-58.3606],[-161.126,124.388,-72.1167],[[[-0.923001,-0.382206,0.0445827],[-0.380472,0.923803,0.0427731],[0.0575337,-0.0225172,0.99809]],[[-0.892788,-0.378975,0.243531],[-0.426277,0.885537,-0.184694],[0.145662,0.268704,0.952145]],[[-0.892788,-0.378975,0.243531],[-0.446765,0.814148,-0.370898],[0.0577094,0.439934,0.896174]],[[-0.892788,-0.378975,0.243531],[-0.450386,0.74011,-0.499389],[-0.00901594,0.555532,0.831446]]],4]],[[0,200,0],[235.247,235.247,147.751]]]]}