{"metadata":{"formatVersion":2,"generatedBy":"LeapJS Playback 0.2.1","frames":1,"protocolVersion":6,"serviceVersion":"2.2.2+24469","frameRate":"83","modified":"Fri Feb 20 2015 19:39:08 GMT-0200 (E. South America Daylight Time)"},"frames":[["id","timestamp",{"hands":[["id","type","direction","palmNormal","palmPosition","palmVelocity","stabilizedPalmPosition","pinchStrength","grabStrength","confidence","armBasis","armWidth","elbow","wrist"]]},{"pointables":[["id","direction","handId","length","stabilizedTipPosition","tipPosition","tipVelocity","tool","carpPosition","mcpPosition","pipPosition","dipPosition","btipPosition","bases","type"]]},{"interactionBox":["center","size"]}],[115767,85871374513,[[68,"right",[-0.0613238,0.096096,-0.993481],[-0.874359,-0.485229,0.00703625],[79.8051,111.181,21.5447],[-3.6714,-0.416092,4.2799],[72.6527,113.189,22.143],0,0,0.452432,[[0.432811,-0.792903,-0.428929],[0.87369,0.486181,-0.017141],[0.222128,-0.367332,0.903176]],62.7482,[149.459,3.94411,313.629],[90.3993,101.611,73.4905]],[69,"left",[0.0167097,0.159263,-0.987095],[0.98027,-0.197079,-0.0152035],[-94.1443,101.868,18.0825],[28.729,-20.9771,-13.9671],[-97.9117,113.112,16.4398],0,0,0.393395,[[-0.0803241,-0.897414,-0.433815],[-0.913938,0.240012,-0.32728],[-0.397826,-0.370192,0.83946]],58.2716,[-198.444,-3.36708,273.051],[-100.215,88.0384,65.7767]]],[[680,[-0.242152,0.282168,-0.928301],68,51.3216,[39.1058,175.613,7.91059],[44.1068,175.364,2.78852],[-2.87532,0.4938,-8.02113],false,[67.7927,120.525,80.1073],[67.7927,120.525,80.1073],[56.7723,154.701,46.5384],[48.6419,164.175,15.3701],[43.405,179.637,-0.898706],[[[0.963794,0.103034,-0.245938],[0.0275384,0.878937,0.476142],[0.265223,-0.465675,0.844277]],[[0.97,0.0915978,-0.225187],[0.0940106,0.7129,0.694936],[0.22419,-0.695258,0.682902]],[[0.97,0.0915978,-0.225187],[-0.0214898,0.954982,0.295884],[0.242152,-0.282168,0.928301]],[[0.97,0.0915978,-0.225187],[0.0864115,0.735897,0.671557],[0.227228,-0.670869,0.705906]]],0],[681,[0.0227139,0.0513852,-0.998421],68,57.9107,[73.896,144.047,-75.1898],[76.0806,144.069,-77.0206],[-0.77072,-22.8652,-2.97275],false,[87.8057,123.978,68.5996],[68.287,136.005,-0.124651],[78.1761,143.508,-40.5699],[78.7168,144.731,-64.3341],[75.8201,143.604,-80.8696],[[[0.464259,-0.840618,-0.278971],[0.843728,0.515559,-0.149406],[0.269419,-0.166012,0.948606]],[[0.516974,-0.855393,-0.032263],[0.823469,0.486681,0.291618],[-0.233746,-0.177327,0.955991]],[[0.516974,-0.855393,-0.032263],[0.8557,0.515425,0.0459942],[-0.0227139,-0.0513852,0.998421]],[[0.516974,-0.855393,-0.032263],[0.838509,0.513631,-0.181898],[0.172165,0.0669836,0.982788]]],1],[682,[-0.0220247,-0.169441,-0.985294],68,65.9846,[89.0463,108.683,-89.1409],[87.6683,108.026,-89.5622],[-41.6997,-48.8042,2.63953],false,[94.6327,114.855,64.4526],[80.5805,118.199,-2.71582],[92.3407,115.754,-48.6361],[91.724,111.009,-76.227],[86.8387,106.137,-93.3981],[[[0.345708,-0.930809,-0.118661],[0.91578,0.362251,-0.173556],[0.204532,-0.0486677,0.977649]],[[0.387886,-0.909783,0.147784],[0.887782,0.411876,0.20543],[-0.247765,0.0515168,0.967449]],[[0.387886,-0.909783,0.147784],[0.921444,0.378927,-0.0857613],[0.0220247,0.169441,0.985294]],[[0.387886,-0.909783,0.147784],[0.883092,0.320904,-0.3423],[0.263994,0.26328,0.927896]]],2],[683,[-0.867296,-0.317582,-0.383326],68,63.4459,[36.6004,76.4593,-50.1458],[36.3382,76.5018,-47.8694],[-43.1468,-29.0117,51.4787],false,[99.4411,104.011,62.0804],[91.3303,98.8845,1.1465],[72.4405,89.1681,-37.3841],[48.7811,80.5046,-47.8411],[31.3069,74.9705,-46.2439],[[[0.302013,-0.952468,0.039925],[0.944192,0.293087,-0.150336],[0.131489,0.0831002,0.987828]],[[0.308044,-0.947306,0.0878677],[0.848991,0.23204,-0.474734],[0.429329,0.220838,0.875732]],[[0.308044,-0.947306,0.0878677],[0.391032,0.0418739,-0.919424],[0.867296,0.317582,0.383326]],[[0.308044,-0.947306,0.0878677],[-0.0558069,-0.110192,-0.992342],[0.949734,0.300781,-0.0868103]]],3],[684,[-0.847576,-0.219109,-0.483327],68,49.7404,[61.9801,67.3474,-41.654],[57.1557,66.785,-35.684],[-47.8646,-50.1047,64.9854],false,[98.7803,90.0473,63.0895],[97.2624,79.5126,6.98935],[85.453,72.0697,-24.91],[69.1283,67.8495,-34.2192],[52.3816,65.113,-34.6387],[[[0.155014,-0.971694,0.178274],[0.987555,0.147558,-0.0544292],[0.0265827,0.184493,0.982474]],[[0.154778,-0.973251,0.169785],[0.92791,0.0842127,-0.363168],[0.339155,0.213756,0.916124]],[[0.154778,-0.973251,0.169785],[0.5076,-0.0690971,-0.858818],[0.847576,0.219109,0.483327]],[[0.154778,-0.973251,0.169785],[0.0514297,-0.163686,-0.985171],[0.98661,0.161215,0.024719]]],4],[690,[0.141771,0.686102,-0.713558],69,47.6602,[-75.9754,190.5,17.0261],[-75.1108,182.174,15.0601],[-3.15987,-8.27672,1.61405],false,[-85.451,110.813,72.8716],[-85.451,110.813,72.8716],[-80.9323,146.232,44.4298],[-76.5119,167.625,22.1808],[-75.9315,186.67,12.4321],[[[-0.952774,-0.181915,-0.243163],[-0.286402,0.804512,0.520322],[-0.100973,-0.565392,0.818619]],[[-0.940333,-0.131898,-0.31365],[-0.325539,0.61692,0.716543],[-0.0989862,-0.775895,0.623048]],[[-0.940333,-0.131898,-0.31365],[-0.309313,0.715449,0.626465],[-0.141771,-0.686102,0.713558]],[[-0.940333,-0.131898,-0.31365],[-0.339173,0.436822,0.833156],[-0.0271174,-0.889826,0.455494]]],0],[691,[-0.106386,0.140784,-0.984308],69,53.7792,[-102.185,140.129,-71.9446],[-104.05,139.992,-71.0651],[29.2345,-21.5521,-12.7771],false,[-104.269,108.761,62.3084],[-91.1892,128.047,-0.806194],[-103.49,135.257,-37.4166],[-105.842,138.368,-59.1735],[-104.443,139.857,-74.6641],[[[-0.191355,-0.926892,-0.322885],[-0.962075,0.242282,-0.125342],[-0.194407,-0.286655,0.938102]],[[-0.228689,-0.966852,-0.11357],[-0.921779,0.177541,0.344678],[0.31309,-0.18351,0.931826]],[[-0.228689,-0.966852,-0.11357],[-0.967669,0.213018,0.135056],[0.106386,-0.140784,0.984308]],[[-0.228689,-0.966852,-0.11357],[-0.969376,0.236892,-0.0647523],[-0.0895097,-0.0952835,0.991418]]],1],[692,[-0.0616676,0.0515322,-0.996766],69,61.2771,[-110.752,113.193,-84.2017],[-109.269,112.781,-85.0058],[41.0721,-15.1508,-15.4351],false,[-107.793,98.9673,58.0112],[-97.0908,108.969,-4.08705],[-110.359,111.877,-46.021],[-111.963,113.217,-71.9419],[-109.17,113.826,-88.8876],[[[-0.0490283,-0.984729,-0.167046],[-0.98461,0.0757398,-0.157499],[-0.167745,-0.156753,0.973288]],[[-0.0690966,-0.996491,-0.0472432],[-0.951115,0.0515135,0.304512],[0.301009,-0.0659744,0.951336]],[[-0.0690966,-0.996491,-0.0472432],[-0.995702,0.0659598,0.0650119],[0.0616676,-0.0515322,0.996766]],[[-0.0690966,-0.996491,-0.0472432],[-0.984282,0.075812,-0.159502],[-0.162524,-0.0354796,0.986067]]],2],[693,[0.847877,-0.101102,-0.520465],69,58.9195,[-53.6537,79.3242,-58.5717],[-47.6582,79.2972,-53.452],[63.1268,-2.05086,10.7397],false,[-109.026,88.1385,55.2838],[-101.126,88.6952,-1.45001],[-80.7231,82.7251,-36.3437],[-59.2435,80.1639,-49.5289],[-42.5587,79.2305,-53.0914],[[[0.00118554,-0.999953,-0.00964604],[-0.990443,0.000156224,-0.137924],[-0.137919,-0.00971737,0.990396]],[[-0.0218999,-0.987491,0.156147],[-0.86613,-0.0592676,-0.496293],[-0.499339,0.146112,0.853997]],[[-0.0218999,-0.987491,0.156147],[-0.529741,-0.120995,-0.839485],[-0.847877,0.101102,0.520465]],[[-0.0218999,-0.987491,0.156147],[-0.214421,-0.14791,-0.965477],[-0.976496,0.0546251,0.2085]]],3],[694,[0.812205,-0.142358,-0.565737],69,46.1918,[-67.2256,56.4506,-41.7861],[-61.8156,56.971,-38.8876],[88.8552,-16.2005,31.6882],false,[-104.502,75.9379,55.5593],[-100.858,69.6361,3.03417],[-86.5546,59.4504,-24.1187],[-72.0272,56.9042,-34.2377],[-56.9116,56.9609,-38.7084],[[[0.148848,-0.980545,0.127969],[-0.986469,-0.156234,-0.0497007],[-0.0687269,0.118839,0.990532]],[[0.123113,-0.906101,0.404753],[-0.888361,-0.282415,-0.362017],[-0.442332,0.314998,0.839714]],[[0.123113,-0.906101,0.404753],[-0.570234,-0.398392,-0.718413],[-0.812205,0.142358,0.565737]],[[0.123113,-0.906101,0.404753],[-0.255531,-0.423047,-0.86933],[-0.95893,-0.00359889,0.28362]]],4]],[[0,200,0],[235.247,235.247,147.751]]]]}