{"metadata":{"formatVersion":2,"generatedBy":"LeapJS Playback 0.2.1","frames":1,"protocolVersion":6,"serviceVersion":"2.2.3+25971","frameRate":"1.1e+2","modified":"Sat Feb 21 2015 10:55:47 GMT-0200 (E. South America Daylight Time)"},"frames":[["id","timestamp",{"hands":[["id","type","direction","palmNormal","palmPosition","palmVelocity","stabilizedPalmPosition","pinchStrength","grabStrength","confidence","armBasis","armWidth","elbow","wrist"]]},{"pointables":[["id","direction","handId","length","stabilizedTipPosition","tipPosition","tipVelocity","tool","carpPosition","mcpPosition","pipPosition","dipPosition","btipPosition","bases","type"]]},{"interactionBox":["center","size"]}],[104681,8024098577,[[14,"left",[0.0284408,0.145131,-0.989004],[-0.178696,-0.972728,-0.147881],[-34.4352,126.823,65.1505],[1.76785,5.56623,-6.19107],[-30.3013,125.944,82.5298],0,0,1,[[-0.848638,0.227521,-0.477543],[0.178751,0.973013,0.145925],[-0.497857,-0.0384763,0.866405]],61.8453,[-172.92,114.551,344.64],[-42.453,124.634,117.593]]],[[140,[0.761524,0.080683,-0.643095],14,50.5831,[61.0843,114.803,84.1398],[55.7628,116.558,57.8408],[-1.60529,2.91995,-8.26962],false,[-17.2079,108.949,119.375],[-17.2079,108.949,119.375],[13.3356,110.773,81.811],[38.5364,113.443,60.5294],[60.5276,117.526,56.5689],[[[-0.230375,0.971162,-0.0614145],[0.860325,0.232762,0.453501],[-0.454717,-0.0516389,0.889137]],[[-0.20159,0.972492,-0.116705],[0.749615,0.229874,0.620673],[-0.630427,-0.037638,0.775335]],[[-0.20159,0.972492,-0.116705],[0.615989,0.218515,0.756841],[-0.761524,-0.080683,0.643095]],[[-0.20159,0.972492,-0.116705],[0.148579,0.148134,0.977743],[-0.968135,-0.179763,0.174354]]],0],[141,[0.238381,-0.206349,-0.948997],14,57.0774,[15.2881,114.044,-23.454],[9.84338,116.171,-32.767],[2.81691,7.10487,-5.63824],false,[-21.2201,130.333,111.897],[-9.47235,127.988,41.5036],[1.56109,123.962,1.49343],[7.15333,119.121,-20.7694],[10.7266,114.291,-36.2255],[[[-0.964756,0.202735,-0.167762],[0.205373,0.978682,0.00166147],[-0.164523,0.0328509,0.985826]],[[-0.939717,0.19767,-0.279031],[0.216606,0.975503,-0.0384213],[-0.264601,0.096545,0.959513]],[[-0.939717,0.19767,-0.279031],[0.245166,0.958304,-0.146789],[-0.238381,0.206349,0.948997]],[[-0.939717,0.19767,-0.279031],[0.265518,0.935989,-0.231137],[-0.215481,0.291292,0.93205]]],1],[142,[0.03422,-0.122656,-0.991859],14,65.0351,[-21.804,124.658,-38.8551],[-26.9845,128.025,-46.1716],[2.83082,5.74444,-4.92215],false,[-32.1925,134.328,109.352],[-30.1178,133.91,41.6701],[-28.3069,133.713,-5.07673],[-27.3624,130.328,-32.4518],[-26.8103,126.38,-50.25],[[[-0.998895,0.0354779,-0.0308397],[0.035651,0.999351,-0.00508141],[-0.0306394,0.00617526,0.999511]],[[-0.998617,0.0354274,-0.0388342],[0.0355642,0.999363,-0.00283698],[-0.038709,0.00421417,0.999242]],[[-0.998617,0.0354274,-0.0388342],[0.0399022,0.991817,-0.121274],[-0.03422,0.122656,0.991859]],[[-0.998617,0.0354274,-0.0388342],[0.0429767,0.97565,-0.215084],[-0.0302687,0.216455,0.975823]]],2],[143,[-0.137702,-0.121883,-0.982946],14,62.533,[-59.3497,127.405,-26.9264],[-63.3087,131.909,-34.8126],[5.64307,13.0757,-5.98261],false,[-43.989,135.618,108.186],[-51.1576,136.84,47.8256],[-57.435,138.186,4.93834],[-61.1374,134.909,-21.4901],[-63.4889,130.504,-38.9233],[[[-0.992342,-0.039437,0.117054],[-0.0368015,0.99902,0.0245931],[0.117909,-0.020097,0.992821]],[[-0.988846,-0.0399588,0.143483],[-0.0350631,0.998719,0.0364893],[0.144757,-0.0310513,0.98898]],[[-0.988846,-0.0399588,0.143483],[-0.0567655,0.99174,-0.115021],[0.137702,0.121883,0.982946]],[[-0.988846,-0.0399588,0.143483],[-0.0732707,0.96922,-0.235042],[0.129675,0.242933,0.961337]]],3],[144,[-0.425836,-0.132041,-0.895114],14,49.0247,[-93.8973,125.6,7.61483],[-99.4207,130.247,-3.87903],[3.58732,12.0312,-6.60619],false,[-56.6935,130.319,109.339],[-70.5754,135.005,55.0006],[-86.303,135.312,24.4992],[-94.3868,132.806,7.5069],[-100.972,128.753,-7.32843],[[[-0.952213,-0.206019,0.225492],[-0.180136,0.974998,0.130116],[0.246661,-0.0832788,0.965517]],[[-0.867964,-0.219793,0.445342],[-0.191361,0.975505,0.10849],[0.458279,-0.00894388,0.888763]],[[-0.867964,-0.219793,0.445342],[-0.255543,0.966569,-0.0210106],[0.425836,0.132041,0.895114]],[[-0.867964,-0.219793,0.445342],[-0.302794,0.944987,-0.123754],[0.393642,0.242261,0.886767]]],4]],[[0,200,0],[235.247,235.247,147.751]]]]}