{"metadata":{"formatVersion":2,"generatedBy":"LeapJS Playback 0.2.1","frames":1,"protocolVersion":6,"serviceVersion":"2.2.5+26752","frameRate":"1.1e+2","modified":"Thu Apr 16 2015 19:55:18 GMT-0300 (E. South America Standard Time)"},"frames":[["id","timestamp",{"hands":[["id","type","direction","palmNormal","palmPosition","palmVelocity","stabilizedPalmPosition","pinchStrength","grabStrength","confidence","armBasis","armWidth","elbow","wrist"]]},{"pointables":[["id","direction","handId","length","stabilizedTipPosition","tipPosition","tipVelocity","tool","carpPosition","mcpPosition","pipPosition","dipPosition","btipPosition","bases","type"]]},{"interactionBox":["center","size"]}],[153755,5115954728,[[105,"right",[-0.096186,0.891442,-0.442808],[-0.191973,-0.453133,-0.870527],[11.1121,97.4106,34.6175],[-1.65116,-2.32296,1.0523],[7.67338,98.8827,36.5214],0,0,0.668821,[[0.984595,-0.11538,0.131379],[0.0695908,0.947886,0.310918],[-0.160406,-0.296985,0.941313]],63.4698,[-18.612,-28.4692,313.707],[24.5275,51.4019,60.5509]]],[[1050,[-0.153309,0.881508,-0.446587],105,51.9117,[-34.8347,119.799,35.0871],[-31.4907,118.587,34.1494],[2.74767,-2.22828,-0.649767],false,[-4.94362,43.5249,58.7926],[-4.94362,43.5249,58.7926],[-35.8663,82.2914,62.4244],[-41.073,112.229,47.2575],[-28.4546,120.546,29.508],[[[0.545948,0.578731,0.605815],[-0.662632,-0.144225,0.734928],[0.512699,-0.802664,0.304746]],[[0.62377,0.436841,0.648136],[-0.473425,-0.448648,0.758013],[0.621917,-0.77967,-0.0730417]],[[0.62377,0.436841,0.648136],[-0.766425,0.179202,0.61683],[0.153309,-0.881508,0.446587]],[[0.62377,0.436841,0.648136],[-0.563841,0.825766,-0.0139189],[-0.541289,-0.356764,0.761397]]],0],[1051,[0.0513803,0.974501,-0.218422],105,58.5766,[-13.3105,199.791,16.7398],[-10.8816,198.855,15.2043],[-1.78318,-2.85617,1.43483],false,[5.61645,61.8416,69.3029],[-15.2261,120.617,30.8177],[-12.7333,162.705,23.4907],[-11.4963,186.167,18.2321],[-10.7312,202.576,13.7844],[[[0.94666,0.148418,-0.286018],[0.151457,0.578511,0.80149],[0.28442,-0.802058,0.525174]],[[0.988419,-0.080892,-0.128394],[0.140127,0.161755,0.976832],[-0.0582496,-0.98351,0.171216]],[[0.988419,-0.080892,-0.128394],[0.142788,0.209296,0.967371],[-0.0513803,-0.974501,0.218422]],[[0.988419,-0.080892,-0.128394],[0.144938,0.252545,0.956668],[-0.0449617,-0.964198,0.261344]]],1],[1052,[0.055413,0.954743,-0.292226],105,66.7433,[7.07811,209.732,4.0243],[11.4937,208.71,3.11535],[8.18902,-3.89128,-1.89479],false,[17.1922,65.0939,66.8835],[6.60208,121.662,27.9313],[9.99445,168.054,16.0392],[11.564,195.096,7.762],[12.3408,212.736,1.54864],[[[0.9366,-0.0621184,-0.344851],[0.315529,0.577525,0.752932],[0.152389,-0.814006,0.56051]],[[0.947122,-0.142905,-0.287294],[0.312997,0.214298,0.925262],[-0.070658,-0.966258,0.247695]],[[0.947122,-0.142905,-0.287294],[0.316052,0.260853,0.912177],[-0.055413,-0.954743,0.292226]],[[0.947122,-0.142905,-0.287294],[0.318178,0.302467,0.898486],[-0.0415013,-0.942386,0.331942]]],2],[1053,[-0.0146835,0.941746,-0.336004],105,64.1755,[27.1201,199.917,4.11178],[28.0195,197.902,-0.934507],[-5.27587,-3.76198,-4.5625],false,[28.7554,65.5206,62.9015],[28.4814,115.907,26.1024],[28.8335,158.532,13.3108],[28.4283,184.517,4.0394],[27.7845,201.735,-2.99575],[[[0.922348,-0.224587,-0.31438],[0.386335,0.545368,0.743854],[0.00439241,-0.807548,0.589785]],[[0.914733,-0.123054,-0.384866],[0.403982,0.259871,0.877078],[-0.00791204,-0.957771,0.287424]],[[0.914733,-0.123054,-0.384866],[0.403792,0.313005,0.859639],[0.0146835,-0.941746,0.336004]],[[0.914733,-0.123054,-0.384866],[0.402576,0.359099,0.84201],[0.0345925,-0.925152,0.378018]]],3],[1054,[0.107561,0.953388,-0.281924],105,50.3124,[54.6972,172.84,5.49417],[55.225,171.588,3.77],[-7.14689,1.99158,11.3919],false,[39.1112,60.0546,54.9108],[47.2333,106.692,21.8208],[52.1069,140.612,13.6889],[54.2024,159.186,8.19646],[55.5757,175.358,2.59589],[[[0.84006,-0.403546,-0.362561],[0.523951,0.430295,0.735065],[-0.140624,-0.807463,0.572912]],[[0.851243,-0.234814,-0.469305],[0.506199,0.1316,0.852317],[-0.138375,-0.963091,0.230887]],[[0.851243,-0.234814,-0.469305],[0.51363,0.189507,0.836822],[-0.107561,-0.953388,0.281924]],[[0.851243,-0.234814,-0.469305],[0.51864,0.240139,0.820576],[-0.0799845,-0.941911,0.326201]]],4]],[[0,200,0],[235.247,235.247,147.751]]]]}