{"metadata":{"formatVersion":2,"generatedBy":"LeapJS Playback 0.2.1","frames":1,"protocolVersion":6,"serviceVersion":"2.2.5+26752","frameRate":"1.1e+2","modified":"Thu Apr 16 2015 19:55:33 GMT-0300 (E. South America Standard Time)"},"frames":[["id","timestamp",{"hands":[["id","type","direction","palmNormal","palmPosition","palmVelocity","stabilizedPalmPosition","pinchStrength","grabStrength","confidence","armBasis","armWidth","elbow","wrist"]]},{"pointables":[["id","direction","handId","length","stabilizedTipPosition","tipPosition","tipVelocity","tool","carpPosition","mcpPosition","pipPosition","dipPosition","btipPosition","bases","type"]]},{"interactionBox":["center","size"]}],[153843,5116735220,[[105,"right",[-0.0928055,0.885854,-0.454587],[-0.197778,-0.46386,-0.863549],[11.1621,96.9766,35.2281],[-1.24532,-0.374547,-1.19966],[7.79505,98.8181,36.4533],0,0,0.629845,[[0.983332,-0.126354,0.130738],[0.0797634,0.945962,0.314314],[-0.163388,-0.298647,0.940274]],63.4698,[-19.5272,-29.0678,314.615],[24.4144,51.2501,61.7381]]],[[1050,[-0.154979,0.874471,-0.459654],105,51.9117,[-34.2118,119.65,34.7725],[-32.1601,119.393,33.8507],[-0.334945,-0.770058,-0.412686],false,[-5.10711,43.518,60.1953],[-5.10711,43.518,60.1953],[-35.889,82.4533,63.1536],[-41.1524,112.152,47.543],[-29.6836,121.685,29.6258],[[[0.551465,0.583819,0.595854],[-0.660686,-0.130414,0.739247],[0.509294,-0.801341,0.313802]],[[0.62647,0.446754,0.638707],[-0.47357,-0.432687,0.767146],[0.619086,-0.783066,-0.0594961]],[[0.62647,0.446754,0.638707],[-0.763883,0.188973,0.617067],[0.154979,-0.874471,0.459654]],[[0.62647,0.446754,0.638707],[-0.604562,0.795726,0.036396],[-0.491976,-0.408939,0.768589]]],0],[1051,[0.0583822,0.972863,-0.223897],105,58.5766,[-13.1279,199.688,16.5732],[-10.2007,198.267,14.4161],[-0.849778,0.306463,0.767995],false,[5.59537,61.9157,70.4158],[-15.0586,120.279,31.208],[-12.2912,162.267,23.4231],[-10.8856,185.689,18.0327],[-9.99208,202.088,13.5716],[[[0.946408,0.13911,-0.291479],[0.157713,0.588514,0.792955],[0.281848,-0.796429,0.535035]],[[0.987468,-0.0892194,-0.130184],[0.143965,0.171219,0.974658],[-0.0646685,-0.981185,0.181917]],[[0.987468,-0.0892194,-0.130184],[0.146627,0.21349,0.965879],[-0.0583822,-0.972863,0.223897]],[[0.987468,-0.0892194,-0.130184],[0.148833,0.25201,0.956211],[-0.052505,-0.963603,0.26213]]],1],[1052,[0.0439818,0.959052,-0.279796],105,66.7433,[7.46763,209.503,3.80561],[10.857,208.403,3.78649],[0.396373,-0.575244,-1.77675],false,[17.1802,65.0688,67.9099],[6.76415,121.16,28.2278],[9.49091,167.641,16.5148],[10.7367,194.806,8.58965],[11.341,212.579,2.74999],[[[0.93494,-0.0721484,-0.347394],[0.321594,0.585932,0.743815],[0.149884,-0.807142,0.571013]],[[0.943495,-0.131953,-0.303983],[0.326483,0.212915,0.92091],[-0.0567943,-0.96812,0.243965]],[[0.943495,-0.131953,-0.303983],[0.328455,0.250616,0.910664],[-0.0439818,-0.959052,0.279796]],[[0.943495,-0.131953,-0.303983],[0.32981,0.284536,0.900147],[-0.0322831,-0.949541,0.311977]]],2],[1053,[-0.031011,0.949292,-0.312862],105,64.1755,[24.4264,197.911,1.25414],[25.8337,197.618,0.854652],[2.11358,-0.670895,-2.00729],false,[28.7307,65.3753,63.8802],[28.6036,115.256,26.3976],[28.3863,158.244,14.8837],[27.5306,184.438,6.25082],[26.5221,201.771,-0.450525],[[[0.919885,-0.234103,-0.314655],[0.392183,0.553251,0.734919],[0.00203655,-0.799443,0.600739]],[[0.907887,-0.10417,-0.406066],[0.419187,0.236868,0.876456],[0.00488334,-0.965941,0.258716]],[[0.907887,-0.10417,-0.406066],[0.418067,0.296636,0.85862],[0.031011,-0.949292,0.312862]],[[0.907887,-0.10417,-0.406066],[0.415698,0.348918,0.839912],[0.0541899,-0.931346,0.360082]]],3],[1054,[0.0968046,0.941074,-0.324049],105,50.3124,[54.5224,172.598,5.11564],[54.0287,170.063,1.27023],[12.4179,-3.08502,-4.09553],false,[39.0255,59.742,55.927],[47.2871,105.877,22.1737],[51.7314,139.427,12.4217],[53.6174,157.761,6.10855],[54.8338,173.703,-0.148664],[[[0.836408,-0.41323,-0.360087],[0.529114,0.437288,0.727199],[-0.143039,-0.798762,0.584397]],[[0.848212,-0.248343,-0.467827],[0.514406,0.175826,0.839328],[-0.126185,-0.952581,0.276887]],[[0.848212,-0.248343,-0.467827],[0.520735,0.229575,0.822271],[-0.0968046,-0.941074,0.324049]],[[0.848212,-0.248343,-0.467827],[0.524897,0.275982,0.805182],[-0.07085,-0.928526,0.364446]]],4]],[[0,200,0],[235.247,235.247,147.751]]]]}