{"metadata":{"formatVersion":2,"generatedBy":"LeapJS Playback 0.2.1","frames":1,"protocolVersion":6,"serviceVersion":"2.2.5+26752","frameRate":"1.1e+2","modified":"Thu Apr 16 2015 19:55:56 GMT-0300 (E. South America Standard Time)"},"frames":[["id","timestamp",{"hands":[["id","type","direction","palmNormal","palmPosition","palmVelocity","stabilizedPalmPosition","pinchStrength","grabStrength","confidence","armBasis","armWidth","elbow","wrist"]]},{"pointables":[["id","direction","handId","length","stabilizedTipPosition","tipPosition","tipVelocity","tool","carpPosition","mcpPosition","pipPosition","dipPosition","btipPosition","bases","type"]]},{"interactionBox":["center","size"]}],[153922,5117437595,[[105,"right",[-0.0987624,0.874544,-0.474783],[-0.186366,-0.484929,-0.854466],[11.588,97.5923,34.1553],[-1.6207,15.3134,-5.89578],[8.03815,98.6975,36.33],0,0,0.666452,[[0.983701,-0.12061,0.133362],[0.0726868,0.945104,0.318584],[-0.164465,-0.303697,0.938466]],63.4698,[-19.1071,-29.0684,314.16],[25.1242,52.6079,61.7685]]],[[1050,[-0.167131,0.869896,-0.464056],105,51.9117,[-34.0125,119.619,34.6308],[-32.4846,120.105,33.0326],[-6.06505,11.0066,0.777245],false,[-4.30137,44.5266,60.183],[-4.30137,44.5266,60.183],[-35.534,83.121,62.8731],[-41.21,112.664,47.1129],[-30.1076,122.531,29.1456],[[[0.540764,0.602738,0.586755],[-0.6648,-0.121142,0.737133],[0.515379,-0.78869,0.335191]],[[0.621204,0.45841,0.635583],[-0.468544,-0.43285,0.770134],[0.62815,-0.776209,-0.0541032]],[[0.621204,0.45841,0.635583],[-0.765619,0.182048,0.616997],[0.167131,-0.869896,0.464056]],[[0.621204,0.45841,0.635583],[-0.62232,0.781491,0.0445958],[-0.47626,-0.423239,0.770743]]],0],[1051,[0.0579941,0.977945,-0.200648],105,58.5766,[-12.9028,199.586,16.4359],[-10.081,198.868,14.4767],[-12.0234,16.1773,10.9725],false,[6.1287,63.2598,70.0705],[-14.847,120.517,29.4289],[-12.0759,162.731,22.9819],[-10.6796,186.276,18.1512],[-9.80247,202.744,13.9499],[[[0.947045,0.142802,-0.287601],[0.145515,0.607554,0.780835],[0.286238,-0.781336,0.554601]],[[0.989326,-0.0832124,-0.119623],[0.13054,0.141299,0.981322],[-0.0647556,-0.986463,0.150654]],[[0.989326,-0.0832124,-0.119623],[0.133681,0.191569,0.972333],[-0.0579941,-0.977945,0.200648]],[[0.989326,-0.0832124,-0.119623],[0.136299,0.238062,0.961639],[-0.0515427,-0.967679,0.246862]]],1],[1052,[0.0250322,0.97414,-0.224554],105,66.7433,[7.70702,209.453,3.84233],[10.1997,209.883,6.59425],[-46.9903,42.0857,101.719],false,[17.698,66.481,67.5796],[6.98696,121.567,26.5887],[8.98704,168.769,18.0424],[9.69607,196.361,11.682],[9.87407,214.397,6.67776],[[[0.938233,-0.0697521,-0.338899],[0.309778,0.605648,0.732958],[0.154128,-0.792669,0.589847]],[[0.943065,-0.0975341,-0.317985],[0.329988,0.154625,0.931235],[-0.0416587,-0.983147,0.178007]],[[0.943065,-0.0975341,-0.317985],[0.331664,0.203809,0.921119],[-0.0250322,-0.97414,0.224554]],[[0.943065,-0.0975341,-0.317985],[0.332471,0.249099,0.909622],[-0.00950935,-0.963554,0.267344]]],2],[1053,[-0.0341957,0.942304,-0.333006],105,64.1755,[24.7658,197.88,1.16417],[26.2367,197.733,-2.1222],[-11.0942,23.9716,13.7894],false,[29.2745,66.8226,63.6282],[28.9008,115.858,25.0488],[28.5255,158.602,12.6605],[27.5819,184.603,3.47177],[26.5201,201.78,-3.6117],[[[0.924648,-0.231096,-0.302687],[0.380775,0.57354,0.725302],[0.00598882,-0.785905,0.618318]],[[0.912537,-0.106441,-0.394901],[0.408908,0.257347,0.875538],[0.00843367,-0.960439,0.278363]],[[0.912537,-0.106441,-0.394901],[0.407563,0.317384,0.856248],[0.0341957,-0.942304,0.333006]],[[0.912537,-0.106441,-0.394901],[0.404996,0.369855,0.836173],[0.0570533,-0.922972,0.380614]]],3],[1054,[0.0701683,0.938707,-0.337499],105,50.3124,[54.5379,172.413,4.80444],[53.5619,170.574,-0.605571],[-15.5391,28.6279,13.5491],false,[39.6879,61.1259,55.877],[47.7138,106.589,21.1699],[51.2737,140.132,11.0349],[52.6407,158.42,4.45972],[53.3779,174.284,-2.06431],[[[0.843416,-0.41207,-0.344742],[0.518979,0.458913,0.721152],[-0.138959,-0.787145,0.60091]],[[0.853484,-0.231633,-0.46681],[0.511223,0.198416,0.836231],[-0.101076,-0.952354,0.287761]],[[0.853484,-0.231633,-0.46681],[0.516374,0.255295,0.817424],[-0.0701683,-0.938707,0.337499]],[[0.853484,-0.231633,-0.46681],[0.519347,0.304268,0.798561],[-0.0429375,-0.923995,0.379986]]],4]],[[0,200,0],[235.247,235.247,147.751]]]]}