{"metadata":{"formatVersion":2,"generatedBy":"LeapJS Playback 0.2.1","frames":1,"protocolVersion":6,"serviceVersion":"2.2.5+26752","frameRate":"1.1e+2","modified":"Thu Apr 16 2015 19:34:17 GMT-0300 (E. South America Standard Time)"},"frames":[["id","timestamp",{"hands":[["id","type","direction","palmNormal","palmPosition","palmVelocity","stabilizedPalmPosition","pinchStrength","grabStrength","confidence","armBasis","armWidth","elbow","wrist"]]},{"pointables":[["id","direction","handId","length","stabilizedTipPosition","tipPosition","tipVelocity","tool","carpPosition","mcpPosition","pipPosition","dipPosition","btipPosition","bases","type"]]},{"interactionBox":["center","size"]}],[64471,3853956313,[[32,"right",[0.0706303,0.879606,-0.47043],[-0.246374,-0.441613,-0.862715],[47.9496,133.658,52.8438],[-36.3184,1.99974,-5.10556],[49.3827,130.885,53.2014],0.625961,1,0.423279,[[0.861529,-0.0742103,-0.502255],[0.218311,0.947283,0.234509],[0.458375,-0.311685,0.832313]],63.7198,[176.329,2.56471,305.284],[52.568,86.7194,80.5597]]],[[320,[-0.1038,0.642395,-0.759312],32,52.1162,[3.90435,135.532,24.182],[2.31206,139.592,24.3919],[-29.2915,-1.97551,-4.16057],false,[22.1098,83.9812,78.141],[22.1098,83.9812,78.141],[-7.92751,119.822,60.6773],[-11.4666,141.724,34.7882],[6.78476,138.405,20.5197],[[[0.623102,0.495472,0.605187],[-0.695295,-0.00346771,0.718716],[0.358203,-0.868617,0.342339]],[[0.521927,0.685056,0.508224],[-0.604569,-0.123221,0.786965],[0.601739,-0.717994,0.349851]],[[0.521927,0.685056,0.508224],[-0.846651,0.343551,0.406392],[0.1038,-0.642395,0.759312]],[[0.521927,0.685056,0.508224],[-0.345568,0.714546,-0.608281],[-0.779856,0.141852,0.609674]]],0],[321,[-0.289737,-0.411082,-0.864329],32,58.8074,[8.68081,171.578,11.2245],[8.61905,176.321,11.9306],[-36.6049,38.7209,33.5726],false,[35.4789,100.602,88.4798],[26.0482,161.031,47.5906],[12.7501,198.744,31.8856],[5.74707,188.808,10.9945],[9.16672,172.102,12.065],[[[0.964735,-0.0266373,-0.261873],[0.229902,0.56976,0.788998],[0.128188,-0.821379,0.555792]],[[0.909908,0.161783,-0.381961],[0.276152,0.450846,0.848809],[0.309529,-0.877818,0.365552]],[[0.909908,0.161783,-0.381961],[-0.296851,0.897128,-0.327172],[0.289737,0.411082,0.864329]],[[0.909908,0.161783,-0.381961],[-0.36333,-0.13346,-0.922052],[-0.200149,0.97776,-0.0626557]]],1],[322,[-0.393795,-0.39638,-0.829342],32,67.0063,[38.1318,172.214,1.36361],[35.6244,175.798,1.88186],[-48.6605,15.4068,8.40542],false,[47.546,101.731,86.3057],[47.8764,158.187,45.3159],[48.3967,200.751,22.7023],[37.1986,189.479,-0.881134],[34.6421,171.19,2.59829],[[[0.919761,-0.234101,-0.315018],[0.39245,0.538883,0.745378],[-0.00473583,-0.809198,0.587517]],[[0.918871,-0.193823,-0.343669],[0.39441,0.427388,0.813499],[-0.0107948,-0.883047,0.46916]],[[0.918871,-0.193823,-0.343669],[0.0245218,0.897394,-0.440549],[0.393795,0.39638,0.829342]],[[0.918871,-0.193823,-0.343669],[-0.370362,-0.12338,-0.920657],[0.136042,0.973247,-0.185155]]],2],[323,[-0.390659,-0.903926,0.174077],32,64.4283,[42.6734,100.18,21.6427],[39.1822,103.131,19.7968],[-87.9888,1.83303,-9.3006],false,[59.147,100.019,82.6438],[68.5455,148.649,44.2961],[51.6364,137.819,4.38298],[40.8144,112.778,9.20525],[38.3387,99.8187,22.4343],[[[0.87682,-0.390582,-0.280414],[0.456809,0.49471,0.739315],[-0.15004,-0.776342,0.612194]],[[0.869345,-0.42446,-0.253126],[0.317825,0.8724,-0.371357],[0.378453,0.242388,0.89332]],[[0.869345,-0.42446,-0.253126],[-0.302696,-0.0524472,-0.951643],[0.390659,0.903926,-0.174077]],[[0.869345,-0.42446,-0.253126],[-0.476111,-0.581995,-0.659242],[0.132504,0.693625,-0.708045]]],3],[324,[-0.515904,-0.835033,0.191215],32,50.5106,[60.7885,103.244,25.3372],[56.5569,105.925,23.4186],[-80.8908,-2.27686,-16.9759],false,[68.627,92.5587,75.0916],[85.5813,136.151,40.8207],[68.8407,131.201,10.0716],[58.7503,114.868,13.8115],[55.4906,103.053,25.9312],[[[0.76595,-0.554146,-0.32595],[0.572563,0.357394,0.737862],[-0.292391,-0.751793,0.591029]],[[0.767657,-0.549712,-0.329423],[0.431918,0.823536,-0.367743],[0.473444,0.140017,0.869624]],[[0.767657,-0.549712,-0.329423],[-0.380192,0.023163,-0.924617],[0.515904,0.835033,-0.191215]],[[0.767657,-0.549712,-0.329423],[-0.612323,-0.477465,-0.630149],[0.189112,0.685451,-0.703131]]],4]],[[0,200,0],[235.247,235.247,147.751]]]]}