{"metadata":{"formatVersion":2,"generatedBy":"LeapJS Playback 0.2.1","frames":1,"protocolVersion":6,"serviceVersion":"2.2.5+26752","frameRate":"1.1e+2","modified":"Thu Apr 16 2015 19:34:56 GMT-0300 (E. South America Standard Time)"},"frames":[["id","timestamp",{"hands":[["id","type","direction","palmNormal","palmPosition","palmVelocity","stabilizedPalmPosition","pinchStrength","grabStrength","confidence","armBasis","armWidth","elbow","wrist"]]},{"pointables":[["id","direction","handId","length","stabilizedTipPosition","tipPosition","tipVelocity","tool","carpPosition","mcpPosition","pipPosition","dipPosition","btipPosition","bases","type"]]},{"interactionBox":["center","size"]}],[64873,3857503108,[[32,"right",[0.055881,0.872574,-0.485275],[0.105661,-0.488473,-0.866158],[81.344,128.462,51.7389],[-200.419,-22.2324,-12.5585],[84.2714,128.659,51.8619],0.616727,1,0.298557,[[0.917794,0.148681,-0.368168],[-0.0378616,0.95579,0.291603],[0.395247,-0.253692,0.882848]],63.7198,[192.155,14.9782,320.965],[85.4381,83.4748,82.5963]]],[[320,[0.044216,0.760758,-0.647528],32,52.1162,[46.4996,141.85,23.3268],[43.8171,141.663,24.1767],[-111.866,-107.262,6.77622],false,[58.0844,75.1315,71.4959],[58.0844,75.1315,71.4959],[28.3385,111.423,54.4711],[29.8461,137.362,32.3933],[49.7472,141.087,20.6547],[[[0.315911,0.608327,0.728106],[-0.868086,-0.124395,0.480576],[0.38292,-0.783878,0.488782]],[[0.318166,0.603689,0.730979],[-0.737341,-0.327077,0.591057],[0.595901,-0.727035,0.34106]],[[0.318166,0.603689,0.730979],[-0.947003,0.238342,0.215354],[-0.044216,-0.760758,0.647528]],[[0.318166,0.603689,0.730979],[-0.41914,0.78117,-0.462705],[-0.850348,-0.159166,0.501572]]],0],[321,[0.0811655,-0.303078,-0.949503],32,58.8074,[57.6418,170.163,0.148906],[55.7756,169.913,0.292466],[-239.405,30.5816,44.9689],false,[64.6238,94.0428,84.2033],[57.6566,151.26,38.4858],[52.3182,190.812,22.5835],[54.28,183.487,-0.366326],[56.7678,166.623,0.782648],[[[0.988119,0.149339,0.0363183],[-0.121048,0.610598,0.782635],[0.0947019,-0.777733,0.62142]],[[0.988242,0.148316,0.037135],[-0.0890861,0.361179,0.928231],[0.12426,-0.920626,0.370145]],[[0.988242,0.148316,0.037135],[-0.129572,0.941353,-0.311553],[-0.0811655,0.303078,0.949503]],[[0.988242,0.148316,0.037135],[0.0466283,-0.0610504,-0.997045],[-0.145611,0.987054,-0.0672483]]],1],[322,[-0.0176548,-0.377388,-0.925887],32,67.0063,[84.394,170.854,-2.12345],[82.4894,170.566,-2.29143],[-235.695,-34.5268,-20.6929],false,[76.398,97.3595,85.6119],[79.3006,152.475,42.9345],[85.1501,195.699,22.4216],[84.6481,184.967,-3.90726],[82.3416,166.443,-1.74477],[[[0.99789,-0.0634036,-0.0140154],[0.0498564,0.609832,0.790961],[-0.0416028,-0.789991,0.611706]],[[0.992314,-0.12005,0.0300105],[0.0241788,0.425948,0.904424],[-0.121359,-0.896747,0.425577]],[[0.992314,-0.12005,0.0300105],[0.122478,0.918241,-0.376606],[0.0176548,0.377388,0.925887]],[[0.992314,-0.12005,0.0300105],[0.0157679,-0.117874,-0.992903],[0.122736,0.985745,-0.115075]]],2],[323,[-0.227878,-0.950797,0.209897],32,64.4283,[93.2924,100.749,23.6763],[90.2169,100.687,23.2739],[-313.214,-45.1819,-64.1303],false,[88.676,97.7815,85.6508],[100.638,146.909,48.6764],[98.6942,134.944,5.67294],[92.3815,108.605,11.4875],[89.5763,97.9784,26.5972],[[[0.974274,-0.224756,0.016569],[0.119672,0.578249,0.807035],[-0.190967,-0.784291,0.59027]],[[0.973248,-0.228911,0.019698],[0.225599,0.935882,-0.270609],[0.0435102,0.267813,0.962488]],[[0.973248,-0.228911,0.019698],[-0.029319,-0.208771,-0.977525],[0.227878,0.950797,-0.209897]],[[0.973248,-0.228911,0.019698],[-0.173917,-0.790022,-0.587893],[0.150137,0.56874,-0.808699]]],3],[324,[-0.515443,-0.840208,0.168432],32,50.5106,[105.751,108.509,31.1069],[102.666,107.926,30.3394],[-285.641,-62.9306,-70.0575],false,[101.133,92.1234,81.7323],[119.822,137.739,51.2005],[116.993,131.097,16.5863],[106.912,114.664,19.8806],[101.095,105.852,33.5047],[[[0.912368,-0.406452,-0.0487999],[0.252406,0.464675,0.848745],[-0.322298,-0.786685,0.526545]],[[0.854648,-0.518362,0.029634],[0.513009,0.834274,-0.202009],[0.079991,0.187849,0.978935]],[[0.854648,-0.518362,0.029634],[-0.0624099,-0.159225,-0.985268],[0.515443,0.840208,-0.168432]],[[0.854648,-0.518362,0.029634],[-0.394568,-0.685522,-0.611863],[0.337481,0.511235,-0.790409]]],4]],[[0,200,0],[235.247,235.247,147.751]]]]}