{"metadata":{"formatVersion":2,"generatedBy":"LeapJS Playback 0.2.1","frames":1,"protocolVersion":6,"serviceVersion":"2.2.5+26752","frameRate":"1.1e+2","modified":"Thu Apr 16 2015 19:34:35 GMT-0300 (E. South America Standard Time)"},"frames":[["id","timestamp",{"hands":[["id","type","direction","palmNormal","palmPosition","palmVelocity","stabilizedPalmPosition","pinchStrength","grabStrength","confidence","armBasis","armWidth","elbow","wrist"]]},{"pointables":[["id","direction","handId","length","stabilizedTipPosition","tipPosition","tipVelocity","tool","carpPosition","mcpPosition","pipPosition","dipPosition","btipPosition","bases","type"]]},{"interactionBox":["center","size"]}],[64713,3856089640,[[32,"right",[-0.0194364,0.822209,-0.568854],[-0.236499,-0.556596,-0.79641],[43.6672,134.41,47.5132],[10.288,10.6589,-10.7594],[42.5319,132.008,52.6607],0.453181,1,0.749185,[[0.855131,-0.0103112,-0.518309],[0.172351,0.948585,0.265482],[0.488923,-0.316353,0.812942]],63.7198,[185.152,6.09244,299.601],[53.1435,91.5076,80.1071]]],[[320,[-0.247789,0.528385,-0.81204],32,52.1162,[-7.74032,131.278,25.1912],[-7.01332,130.319,20.8624],[13.3344,12.9118,-6.46406],false,[22.9621,86.0769,79.3043],[22.9621,86.0769,79.3043],[-12.7029,115.376,60.2959],[-21.1514,133.392,32.609],[-3.14006,130.149,18.0212],[[[0.598642,0.610367,0.518729],[-0.668456,0.0238527,0.743369],[0.441355,-0.791759,0.422283]],[[0.455418,0.803326,0.383747],[-0.531145,-0.100758,0.841269],[0.714479,-0.586954,0.380795]],[[0.455418,0.803326,0.383747],[-0.855099,0.27473,0.439692],[0.247789,-0.528385,0.81204]],[[0.455418,0.803326,0.383747],[-0.447564,0.579201,-0.681331],[-0.769598,0.138539,0.623318]]],0],[321,[-0.317833,-0.425222,-0.847448],32,58.8074,[-0.0844875,171.967,11.2822],[0.6062,173.137,5.55766],[10.2218,8.23729,-12.3273],false,[35.2134,104.798,87.1342],[19.3715,159.149,40.1505],[5.15859,196.656,24.7556],[-2.52354,186.378,4.27252],[1.49988,169.896,6.29611],[[[0.954383,0.0206865,-0.297867],[0.206845,0.673639,0.709525],[0.215332,-0.738771,0.638631]],[[0.892836,0.166583,-0.418442],[0.305613,0.458364,0.834568],[0.330823,-0.873013,0.358334]],[[0.892836,0.166583,-0.418442],[-0.319101,0.889627,-0.326709],[0.317833,0.425222,0.847448]],[[0.892836,0.166583,-0.418442],[-0.383913,-0.204283,-0.900488],[-0.235486,0.964634,-0.118438]]],1],[322,[-0.392937,-0.459387,-0.796595],32,67.0063,[23.4779,169.832,-1.52168],[25.6151,170.999,-7.49713],[12.6831,13.6805,-9.34063],false,[47.0638,106.632,84.3375],[41.275,157.82,37.2868],[37.6495,198.678,11.9733],[26.4758,185.615,-10.6789],[25.2956,167.366,-6.35191],[[[0.925362,-0.194459,-0.32541],[0.369894,0.651055,0.662801],[0.0829727,-0.733698,0.67439]],[[0.918076,-0.146693,-0.368264],[0.389203,0.509849,0.767187],[0.0752179,-0.847665,0.525173]],[[0.918076,-0.146693,-0.368264],[-0.0523208,0.876039,-0.479393],[0.392937,0.459387,0.796595]],[[0.918076,-0.146693,-0.368264],[-0.391398,-0.188268,-0.900757],[0.0628022,0.971101,-0.23026]]],2],[323,[-0.314763,-0.907159,0.279261],32,64.4283,[31.0342,98.9322,18.6935],[36.8446,102.393,16.0614],[27.7746,15.3203,-1.41006],false,[58.6411,105.443,80.4029],[62.6309,149.915,36.4702],[46.3032,136.171,-2.78252],[37.5837,111.041,4.95354],[36.9529,100.162,20.1303],[[[0.896951,-0.348831,-0.271654],[0.437518,0.611778,0.659019],[-0.0636943,-0.709961,0.701354]],[[0.892808,-0.382843,-0.23733],[0.26334,0.871097,-0.414537],[0.36544,0.307604,0.87854]],[[0.892808,-0.382843,-0.23733],[-0.322209,-0.174623,-0.930424],[0.314763,0.907159,-0.279261]],[[0.892808,-0.382843,-0.23733],[-0.449171,-0.717207,-0.532785],[0.0337587,0.582276,-0.81229]]],3],[324,[-0.445645,-0.846677,0.290755],32,50.5106,[48.6039,103.081,22.0511],[53.942,106.128,19.2338],[28.3099,15.8398,-0.967763],false,[68.4631,97.9443,73.3419],[80.5373,138.505,33.7023],[64.1828,130.684,3.34408],[55.4665,114.124,9.03088],[53.9154,103.925,22.8398],[[[0.798847,-0.524913,-0.293784],[0.564343,0.484931,0.668101],[-0.20823,-0.699506,0.683617]],[[0.799552,-0.522528,-0.296111],[0.383127,0.82343,-0.418542],[0.462526,0.221198,0.858569]],[[0.799552,-0.522528,-0.296111],[-0.402638,-0.100514,-0.909824],[0.445645,0.846677,-0.290755]],[[0.799552,-0.522528,-0.296111],[-0.593817,-0.6139,-0.520104],[0.0899863,0.591686,-0.801131]]],4]],[[0,200,0],[235.247,235.247,147.751]]]]}