{"metadata":{"formatVersion":2,"generatedBy":"LeapJS Playback 0.2.1","frames":1,"protocolVersion":6,"serviceVersion":"2.2.5+26752","frameRate":"1.1e+2","modified":"Thu Apr 16 2015 19:33:00 GMT-0300 (E. South America Standard Time)"},"frames":[["id","timestamp",{"hands":[["id","type","direction","palmNormal","palmPosition","palmVelocity","stabilizedPalmPosition","pinchStrength","grabStrength","confidence","armBasis","armWidth","elbow","wrist"]]},{"pointables":[["id","direction","handId","length","stabilizedTipPosition","tipPosition","tipVelocity","tool","carpPosition","mcpPosition","pipPosition","dipPosition","btipPosition","bases","type"]]},{"interactionBox":["center","size"]}],[59278,3779321690,[[31,"right",[-0.179086,0.774252,-0.607011],[-0.274872,-0.631792,-0.724765],[18.8192,118.817,22.7231],[10.6291,-7.89445,16.7558],[23.841,116.115,24.7163],0.506856,1,0.507038,[[0.848824,0.0354935,-0.527483],[0.133531,0.951,0.278869],[0.511535,-0.307146,0.802492]],63.72,[174.993,-3.47485,272.821],[36.8781,79.4545,56.1479]]],[[310,[-0.377496,0.562826,-0.735339],31,52.1164,[-30.3261,119.155,3.28432],[-31.5413,121.311,2.44471],[-7.38909,-10.0083,3.9259],false,[7.59205,71.038,59.6903],[7.59205,71.038,59.6903],[-28.2948,101.471,43.0253],[-41.1657,120.661,17.9535],[-29.0932,121.533,-2.07706],[[[0.591034,0.701263,0.398634],[-0.567435,0.0102048,0.823355],[0.57332,-0.71283,0.403953]],[[0.510355,0.789057,0.341945],[-0.4719,-0.0754493,0.878418],[0.718922,-0.609669,0.33385]],[[0.510355,0.789057,0.341945],[-0.77268,0.246202,0.585107],[0.377496,-0.562826,0.735339]],[[0.510355,0.789057,0.341945],[-0.688075,0.613189,-0.388011],[-0.515839,-0.0372599,0.855875]]],0],[311,[-0.313974,-0.337688,-0.887349],31,58.8075,[-18.616,157.408,-11.3943],[-20.8204,159.252,-17.1786],[3.56659,-13.7628,13.3258],false,[18.6694,91.3777,64.7375],[-8.71468,140.467,17.2733],[-14.3607,180.256,2.08366],[-21.9496,172.094,-19.3639],[-20.872,155.265,-16.6195],[[[0.901176,0.0934695,-0.423256],[0.222114,0.738947,0.636099],[0.37222,-0.667248,0.645161]],[[0.942038,0.00561079,-0.33546],[0.308697,0.37715,0.873192],[0.131418,-0.926135,0.353557]],[[0.942038,0.00561079,-0.33546],[-0.118259,0.941241,-0.316353],[0.313974,0.337688,0.887349]],[[0.942038,0.00561079,-0.33546],[-0.329526,-0.172475,-0.928259],[-0.0630667,0.984998,-0.160629]]],1],[312,[-0.387042,-0.322867,-0.863687],31,67.0064,[3.93474,160.563,-24.7412],[3.50285,162.296,-28.7669],[-9.79496,-27.0058,3.98078],false,[29.8053,94.1672,60.2847],[12.6642,141.101,11.5924],[16.153,184.95,-8.11445],[5.14696,175.769,-32.6746],[2.49728,157.767,-27.982],[[[0.892021,-0.124889,-0.434397],[0.379389,0.729283,0.569395],[0.245687,-0.672718,0.697917]],[[0.918176,-0.220868,-0.328894],[0.389505,0.351593,0.851274],[-0.0723823,-0.909725,0.408853]],[[0.918176,-0.220868,-0.328894],[0.0845717,0.920312,-0.381933],[0.387042,0.322867,0.863687]],[[0.918176,-0.220868,-0.328894],[-0.370233,-0.182904,-0.910754],[0.141,0.958,-0.249711]]],2],[313,[-0.433128,-0.261749,-0.862489],31,64.4285,[26.8185,153.484,-26.2189],[26.1929,155.438,-28.4319],[5.73565,-1.15146,18.2125],false,[40.8501,93.8489,54.9144],[34.4647,135.297,8.38423],[40.8942,176.276,-8.21811],[28.8957,169.025,-32.1108],[25.1188,151.338,-27.4201],[[[0.887299,-0.277142,-0.368637],[0.449789,0.69668,0.558862],[0.101938,-0.661687,0.742819]],[[0.888464,-0.285105,-0.359648],[0.435803,0.278387,0.855907],[-0.143902,-0.917178,0.371586]],[[0.888464,-0.285105,-0.359648],[0.151763,0.922064,-0.356042],[0.433128,0.261749,0.862489]],[[0.888464,-0.285105,-0.359648],[-0.41203,-0.150349,-0.89868],[0.202146,0.946631,-0.251052]]],3],[314,[-0.583267,-0.0777235,-0.808553],31,50.5107,[45.6643,143.52,-18.4354],[44.1245,145.032,-19.1386],[7.52527,-3.07582,20.1351],false,[50.4405,86.8751,47.0438],[52.9897,125.538,3.90496],[58.796,159.275,-4.9491],[47.388,157.755,-20.7634],[43.008,141.218,-18.6545],[[[0.806536,-0.463139,-0.367426],[0.589548,0.583879,0.558138],[-0.0439635,-0.666774,0.743962]],[[0.791333,-0.278971,-0.544029],[0.588921,0.108818,0.800831],[-0.164208,-0.954114,0.250403]],[[0.791333,-0.278971,-0.544029],[0.183279,0.957149,-0.22422],[0.583267,0.0777235,0.808553]],[[0.791333,-0.278971,-0.544029],[-0.556076,0.0414232,-0.830098],[0.254109,0.959406,-0.122349]]],4]],[[0,200,0],[235.247,235.247,147.751]]]]}