{"metadata":{"formatVersion":2,"generatedBy":"LeapJS Playback 0.2.1","frames":1,"protocolVersion":6,"serviceVersion":"2.2.5+26752","frameRate":"1.1e+2","modified":"Thu Apr 16 2015 19:33:13 GMT-0300 (E. South America Standard Time)"},"frames":[["id","timestamp",{"hands":[["id","type","direction","palmNormal","palmPosition","palmVelocity","stabilizedPalmPosition","pinchStrength","grabStrength","confidence","armBasis","armWidth","elbow","wrist"]]},{"pointables":[["id","direction","handId","length","stabilizedTipPosition","tipPosition","tipVelocity","tool","carpPosition","mcpPosition","pipPosition","dipPosition","btipPosition","bases","type"]]},{"interactionBox":["center","size"]}],[59369,3780110758,[[31,"right",[-0.0601474,0.834232,-0.548123],[-0.247534,-0.54443,-0.80145],[40.3151,124.021,23.0828],[78.5968,-1.20077,10.3274],[29.9774,121.187,23.1783],0.593788,1,0.560166,[[0.825016,-0.0334993,-0.564116],[0.117145,0.986696,0.112729],[0.552835,-0.159087,0.817964]],63.72,[201.269,37.7047,275.17],[52.0036,80.6581,54.3199]]],[[310,[-0.259707,0.646887,-0.717],31,52.1164,[-15.3211,128.342,-1.0739],[-5.8252,129.808,-2.00957],[85.4757,-1.89885,0.359167],false,[21.9685,74.4172,54.3604],[21.9685,74.4172,54.3604],[-9.05679,108.939,35.9914],[-17.9116,130.995,11.5448],[-1.95555,130.109,-5.55333],[[[0.598786,0.61454,0.51361],[-0.64407,-0.0116962,0.764877],[0.476055,-0.788799,0.388803]],[[0.527919,0.716814,0.4555],[-0.578793,-0.0888393,0.810621],[0.62153,-0.691582,0.367987]],[[0.527919,0.716814,0.4555],[-0.808612,0.260222,0.527665],[0.259707,-0.646887,0.717]],[[0.527919,0.716814,0.4555],[-0.506437,0.696236,-0.508702],[-0.68178,0.0378719,0.730577]]],0],[311,[-0.253473,-0.389364,-0.885521],31,58.8075,[-5.78499,163.258,-17.7044],[5.35138,165.211,-19.4061],[92.9848,-10.2106,-4.27153],false,[33.9643,93.2838,62.2366],[15.1361,148.244,17.0998],[10.9594,187.236,-0.448393],[4.83282,177.825,-21.8518],[5.35186,161.006,-18.8915],[[[0.943184,0.0538374,-0.327881],[0.211914,0.662579,0.718388],[0.255923,-0.747054,0.613525]],[[0.963248,-0.017453,-0.268047],[0.250405,0.419503,0.872533],[0.0972184,-0.907586,0.408456]],[[0.963248,-0.017453,-0.268047],[-0.0889132,0.920918,-0.379478],[0.253473,0.389364,0.885521]],[[0.963248,-0.017453,-0.268047],[-0.266892,-0.17504,-0.947697],[-0.0303789,0.984407,-0.173265]]],1],[312,[-0.352232,-0.360648,-0.863635],31,67.0064,[19.7658,165.989,-29.3256],[30.0407,166.794,-28.956],[89.6006,-7.57489,4.3296],false,[45.663,95.5076,59.1043],[36.9614,147.586,13.501],[42.5542,190.31,-8.10253],[32.5379,180.054,-32.6612],[28.8779,162.182,-28.1524],[[[0.91905,-0.161335,-0.359608],[0.373887,0.64558,0.665909],[0.124722,-0.746456,0.653642]],[[0.92747,-0.25817,-0.270457],[0.355437,0.384313,0.852037],[-0.116031,-0.88637,0.448202]],[[0.92747,-0.25817,-0.270457],[0.125425,0.896259,-0.425426],[0.352232,0.360648,0.863635]],[[0.92747,-0.25817,-0.270457],[-0.319161,-0.169851,-0.932355],[0.194769,0.951051,-0.23993]]],2],[313,[-0.402956,-0.29595,-0.866048],31,64.4285,[41.2796,158.059,-27.8815],[51.7553,158.907,-26.8647],[91.7569,0.938087,13.6721],false,[57.1325,94.729,54.7714],[58.4833,140.293,11.8081],[66.3872,180.309,-6.42788],[55.2245,172.11,-30.4192],[50.4859,154.557,-26.1143],[[[0.896569,-0.317628,-0.308669],[0.442379,0.608279,0.659012],[-0.0215639,-0.727398,0.685877]],[[0.896566,-0.31772,-0.308583],[0.406048,0.311345,0.85918],[-0.176902,-0.895611,0.408151]],[[0.896566,-0.31772,-0.308583],[0.183835,0.900815,-0.393366],[0.402956,0.29595,0.866048]],[[0.896566,-0.31772,-0.308583],[-0.363106,-0.128309,-0.922871],[0.25362,0.939463,-0.230404]]],3],[314,[-0.529706,-0.0650559,-0.845683],31,50.5107,[58.8552,148.41,-17.7637],[69.4049,149.225,-15.8184],[86.0977,-3.86621,13.3889],false,[66.9147,87.6686,47.2204],[76.5885,129.448,8.19292],[83.8013,163.012,-0.278365],[73.4409,161.739,-16.8189],[68.1534,145.375,-15.6488],[[[0.802546,-0.495792,-0.331828],[0.572788,0.484802,0.660969],[-0.166832,-0.720526,0.67306]],[[0.818754,-0.299575,-0.489793],[0.536686,0.0962443,0.838275],[-0.203986,-0.949206,0.239578]],[[0.818754,-0.299575,-0.489793],[0.221481,0.951852,-0.211951],[0.529706,0.0650559,0.845683]],[[0.818754,-0.299575,-0.489793],[-0.485328,0.0946674,-0.869192],[0.306755,0.949365,-0.0678826]]],4]],[[0,200,0],[235.247,235.247,147.751]]]]}