{"metadata":{"formatVersion":2,"generatedBy":"LeapJS Playback 0.2.1","frames":1,"protocolVersion":6,"serviceVersion":"2.2.5+26752","frameRate":"1.1e+2","modified":"Thu Apr 16 2015 19:33:30 GMT-0300 (E. South America Standard Time)"},"frames":[["id","timestamp",{"hands":[["id","type","direction","palmNormal","palmPosition","palmVelocity","stabilizedPalmPosition","pinchStrength","grabStrength","confidence","armBasis","armWidth","elbow","wrist"]]},{"pointables":[["id","direction","handId","length","stabilizedTipPosition","tipPosition","tipVelocity","tool","carpPosition","mcpPosition","pipPosition","dipPosition","btipPosition","bases","type"]]},{"interactionBox":["center","size"]}],[59445,3780787218,[[31,"right",[-0.0583723,0.804152,-0.591551],[-0.0975968,-0.594319,-0.798285],[82.5677,127.668,24.6323],[30.6631,-5.88135,-7.99806],[77.6914,127.462,25.2493],0.48039,1,0.6609,[[0.90137,0.030612,-0.431967],[0.0250943,0.99213,0.122672],[0.432322,-0.121413,0.893508]],63.72,[210.442,53.9449,300.409],[93.7147,86.7265,59.1619]]],[[310,[-0.206754,0.635143,-0.744208],31,52.1164,[34.0588,131.146,0.981553],[38.9085,130.732,-0.195996],[39.0663,-9.94714,-10.0321],false,[64.5373,77.8735,55.7911],[64.5373,77.8735,55.7911],[31.8098,110.313,36.5987],[24.7604,131.969,11.2245],[43.3348,130.884,-2.97212],[[[0.47569,0.684011,0.553036],[-0.733146,-0.0390821,0.678948],[0.486021,-0.728424,0.482888]],[[0.434472,0.741134,0.511816],[-0.617563,-0.168515,0.768257],[0.655629,-0.649864,0.384482]],[[0.434472,0.741134,0.511816],[-0.876634,0.217517,0.429184],[0.206754,-0.635143,0.744208]],[[0.434472,0.741134,0.511816],[-0.425846,0.669756,-0.608344],[-0.793656,0.0463533,0.606599]]],0],[311,[-0.105469,-0.318726,-0.941961],31,58.8075,[46.1681,167.372,-20.4641],[51.137,167.826,-21.449],[55.7794,20.8344,-1.88209],false,[73.834,98.0094,64.1576],[56.4457,149.335,14.4005],[53.281,189.615,-0.204962],[50.7318,181.911,-22.9725],[51.6256,165.052,-20.3499],[[[0.969608,0.124041,-0.21089],[0.063236,0.705616,0.705767],[0.236352,-0.697653,0.676327]],[[0.991912,0.0335457,-0.122413],[0.103364,0.346226,0.932439],[0.0736619,-0.937551,0.339959]],[[0.991912,0.0335457,-0.122413],[-0.0706149,0.947253,-0.31261],[0.105469,0.318726,0.941961]],[[0.991912,0.0335457,-0.122413],[-0.115643,-0.158663,-0.980537],[-0.0523152,0.986763,-0.153501]]],1],[312,[-0.183072,-0.315019,-0.931261],31,67.0064,[73.2369,171.274,-27.5167],[77.3659,170.917,-28.4393],[47.4219,-1.05731,-7.29617],false,[85.6131,101.132,62.3918],[78.5311,150.463,13.5666],[85.5334,194.699,-4.25061],[80.3275,185.741,-30.7323],[76.9866,167.598,-27.1505],[[[0.967543,-0.0934749,-0.234783],[0.231423,0.70094,0.67463],[0.101508,-0.707068,0.699822]],[[0.971502,-0.203044,-0.122298],[0.187294,0.341347,0.921088],[-0.145275,-0.917745,0.369648]],[[0.971502,-0.203044,-0.122298],[0.150561,0.927112,-0.343213],[0.183072,0.315019,0.931261]],[[0.971502,-0.203044,-0.122298],[-0.156772,-0.16343,-0.974019],[0.177781,0.965434,-0.190605]]],2],[313,[-0.228694,-0.31924,-0.919666],31,64.4285,[95.958,162.774,-24.187],[99.9812,162.071,-25.0344],[45.0461,-11.7008,-12.0985],false,[97.5662,101.201,59.5549],[100.621,145.032,14.9092],[110.555,185.006,-2.40228],[104.22,176.162,-27.8789],[99.3444,158.581,-23.85],[[[0.951718,-0.249079,-0.179423],[0.303076,0.669574,0.678097],[-0.0487629,-0.699736,0.712735]],[[0.946678,-0.293153,-0.13365],[0.233157,0.33708,0.912148],[-0.222349,-0.894672,0.387457]],[[0.946678,-0.293153,-0.13365],[0.226937,0.901192,-0.36926],[0.228694,0.31924,0.919665]],[[0.946678,-0.293153,-0.13365],[-0.188972,-0.169256,-0.967286],[0.260942,0.940964,-0.215629]]],3],[314,[-0.355516,-0.126266,-0.926102],31,50.5107,[113.012,153.795,-11.483],[117.324,153.326,-12.0008],[44.6764,-11.712,-8.96853],false,[108.78,94.7452,53.6273],[119.871,135.692,14.0976],[129.113,168.596,5.03198],[122.159,166.127,-13.0815],[116.644,149.877,-11.4605],[[[0.87643,-0.435578,-0.205284],[0.441907,0.558214,0.702222],[-0.19128,-0.706165,0.68172]],[[0.894499,-0.333324,-0.297938],[0.362711,0.151467,0.91951],[-0.261367,-0.930566,0.256387]],[[0.894499,-0.333324,-0.297938],[0.271073,0.934319,-0.231447],[0.355516,0.126266,0.926102]],[[0.894499,-0.333324,-0.297938],[-0.312225,0.0112172,-0.949942],[0.319981,0.942745,-0.0940385]]],4]],[[0,200,0],[235.247,235.247,147.751]]]]}