{"metadata":{"formatVersion":2,"generatedBy":"LeapJS Playback 0.2.1","frames":1,"protocolVersion":6,"serviceVersion":"2.2.5+26752","frameRate":"1.1e+2","modified":"Thu Apr 16 2015 19:33:45 GMT-0300 (E. South America Standard Time)"},"frames":[["id","timestamp",{"hands":[["id","type","direction","palmNormal","palmPosition","palmVelocity","stabilizedPalmPosition","pinchStrength","grabStrength","confidence","armBasis","armWidth","elbow","wrist"]]},{"pointables":[["id","direction","handId","length","stabilizedTipPosition","tipPosition","tipVelocity","tool","carpPosition","mcpPosition","pipPosition","dipPosition","btipPosition","bases","type"]]},{"interactionBox":["center","size"]}],[59602,3782174909,[[31,"right",[-0.326874,0.773632,-0.542814],[-0.360482,-0.633004,-0.685098],[-27.1149,123.307,6.40625],[52.4182,1.8637,-25.6321],[-29.2787,122.253,10.3473],0.538219,1,0.553974,[[0.676082,0.053918,-0.734851],[0.0172213,0.99589,0.0889152],[0.736625,-0.0727691,0.672375]],63.72,[197.642,64.8333,216.516],[-1.24708,84.4809,34.9747]]],[[310,[-0.546631,0.595939,-0.588261],31,52.1164,[-85.16,127.229,-1.24664],[-80.4753,126.478,-3.74809],[90.7411,-14.6752,-3.35399],false,[-28.9269,74.1914,43.2822],[-28.9269,74.1914,43.2822],[-67.3596,104.548,33.6314],[-85.9974,124.867,13.5743],[-77.7882,127.071,-8.23125],[[[0.610182,0.728511,0.311367],[-0.414302,-0.0415812,0.909189],[0.675301,-0.683771,0.276451]],[[0.548706,0.785586,0.285964],[-0.325788,-0.114087,0.938534],[0.769924,-0.608143,0.193334]],[[0.548706,0.785586,0.285964],[-0.632547,0.166466,0.756422],[0.546631,-0.595939,0.588261]],[[0.548706,0.785586,0.285964],[-0.758871,0.611546,-0.22389],[-0.350765,-0.0941603,0.931718]]],0],[311,[-0.423091,-0.331095,-0.843428],31,58.8075,[-78.1755,161.625,-21.8369],[-74.7307,161.122,-27.2192],[68.2578,3.63106,-28.0216],false,[-18.3299,95.0749,46.9517],[-56.3802,143.309,6.47723],[-65.243,182.873,-7.73074],[-75.4693,174.87,-28.1167],[-73.8275,157.973,-26.1968],[[[0.806332,0.157759,-0.570036],[0.286935,0.738428,0.610239],[0.517201,-0.655619,0.550152]],[[0.887887,0.0341378,-0.458794],[0.411219,0.388276,0.824707],[0.206292,-0.920911,0.330707]],[[0.887887,0.0341378,-0.458794],[-0.180697,0.94298,-0.279531],[0.423091,0.331095,0.843428]],[[0.887887,0.0341378,-0.458794],[-0.449916,-0.143856,-0.881409],[-0.0960897,0.98901,-0.112369]]],1],[312,[-0.507355,-0.288099,-0.812152],31,67.0064,[-57.8465,165.73,-36.5011],[-53.3817,167.026,-40.3889],[82.634,15.4435,-30.8454],false,[-8.32434,98.6398,40.7229],[-36.3974,145.384,-2.80226],[-37.3254,190.37,-20.0839],[-51.7528,182.178,-43.1786],[-52.9491,163.899,-38.9853],[[[0.807985,-0.0604791,-0.58609],[0.430409,0.739895,0.517013],[0.402377,-0.669998,0.623855]],[[0.861732,-0.166354,-0.479316],[0.506998,0.318192,0.801066],[0.0192538,-0.933317,0.358538]],[[0.861732,-0.166354,-0.479316],[-0.00298536,0.94304,-0.332665],[0.507355,0.288099,0.812152]],[[0.861732,-0.166354,-0.479316],[-0.503354,-0.161773,-0.848802],[0.0636615,0.972705,-0.22314]]],2],[313,[-0.531289,-0.273738,-0.801748],31,64.4285,[-34.3573,158.589,-42.1706],[-29.5228,159.786,-45.9149],[90.4786,19.8583,-26.4021],false,[1.61053,99.1162,33.5117],[-15.196,141.011,-9.9176],[-11.8297,182.013,-27.3476],[-26.5475,174.43,-49.5576],[-29.3568,156.678,-44.4507],[[[0.823631,-0.214019,-0.525193],[0.499644,0.711949,0.493442],[0.268304,-0.668824,0.693316]],[[0.842732,-0.26773,-0.467037],[0.533035,0.29357,0.79353],[-0.0753442,-0.91768,0.39011]],[[0.842732,-0.26773,-0.467037],[0.0868067,0.92379,-0.37293],[0.531289,0.273738,0.801748]],[[0.842732,-0.26773,-0.467037],[-0.516908,-0.160117,-0.840933],[0.150363,0.950096,-0.273328]]],3],[314,[-0.70232,-0.183436,-0.687821],31,50.5107,[-15.8946,148.467,-37.0843],[-12.76,148.881,-41.0341],[62.4158,11.8772,-15.1435],false,[10.0626,92.911,23.8881],[2.79173,132.514,-17.8371],[3.33232,165.805,-29.7421],[-10.4042,162.217,-43.195],[-13.3886,145.517,-40.1458],[[[0.755196,-0.404662,-0.515682],[0.643394,0.608089,0.46505],[0.125393,-0.68299,0.719584]],[[0.710162,-0.247264,-0.659189],[0.703872,0.229024,0.672393],[-0.0152886,-0.941493,0.336687]],[[0.710162,-0.247264,-0.659189],[0.0491549,0.951426,-0.303928],[0.70232,0.183436,0.687821]],[[0.710162,-0.247264,-0.659189],[-0.682416,-0.0114962,-0.730873],[0.173141,0.96888,-0.176901]]],4]],[[0,200,0],[235.247,235.247,147.751]]]]}