{"metadata":{"formatVersion":2,"generatedBy":"LeapJS Playback 0.2.1","frames":69,"protocolVersion":6,"serviceVersion":"2.2.5+26752","frameRate":"87","modified":"Thu Apr 16 2015 19:53:13 GMT-0300 (E. South America Standard Time)"},"frames":[["id","timestamp",{"hands":[["id","type","direction","palmNormal","palmPosition","palmVelocity","stabilizedPalmPosition","pinchStrength","grabStrength","confidence","armBasis","armWidth","elbow","wrist"]]},{"pointables":[["id","direction","handId","length","stabilizedTipPosition","tipPosition","tipVelocity","tool","carpPosition","mcpPosition","pipPosition","dipPosition","btipPosition","bases","type"]]},{"interactionBox":["center","size"]}],[143803,4989591200,[[92,"left",[-0.289857,0.192498,-0.937511],[0.863837,0.474334,-0.169685],[-149.575,142.056,24.1347],[69.6105,-101.838,51.2893],[-151.098,143.883,23.7366],0,0,0.230396,[[0.557074,-0.684872,-0.469702],[-0.702752,-0.0873937,-0.706047],[-0.442502,-0.723404,0.52998]],62.8943,[-252.636,-69.4776,213.782],[-134.709,123.31,72.5422]],[93,"right",[0.540174,0.345032,-0.767571],[-0.840469,0.174884,-0.512863],[113.577,147.685,18.5998],[-70.9269,-213.001,19.7472],[115.124,153.856,18.0909],0,0,0.499,[[0.0308251,-0.88119,-0.471757],[0.991798,0.0855397,-0.0949734],[0.124044,-0.46496,0.876599]],62.5016,[121.698,-1.36522,290.711],[88.8466,121.774,58.5547]]],[[920,[-0.355306,0.878622,-0.319032],92,51.441,[-174.46,242.744,59.0764],[-175.283,239.762,54.1697],[10.2287,-42.291,-77.9104],false,[-136.115,151.889,82.4478],[-136.115,151.889,82.4478],[-156.382,195.471,71.6101],[-168.34,225.04,60.8735],[-176.163,245.25,52.8756],[[[-0.6634,-0.732371,-0.153407],[-0.604798,0.404097,0.68624],[0.440591,-0.548032,0.711014]],[[-0.781595,-0.466454,-0.414162],[-0.468946,0.00156009,0.883225],[0.411338,-0.884544,0.219961]],[[-0.781595,-0.466454,-0.414162],[-0.512705,0.1022,0.85246],[0.355306,-0.878622,0.319032]],[[-0.781595,-0.466454,-0.414162],[-0.523844,0.130345,0.841782],[0.338669,-0.874889,0.346226]]],0],[921,[-0.054026,0.590994,-0.804865],92,58.0454,[-179.161,213.061,-54.9717],[-178.834,210.31,-55.9199],[120.148,-168.079,-40.3429],false,[-152.569,137.929,73.4026],[-168.751,167.024,8.86798],[-177.761,189.643,-25.8515],[-179.05,203.742,-45.0533],[-177.846,214.271,-58.1712],[[[0.357513,-0.814525,-0.456873],[-0.906929,-0.419541,0.0382769],[0.222854,-0.400667,0.888708]],[[0.323712,-0.752145,-0.574011],[-0.921991,-0.386998,-0.0128595],[0.212469,-0.533396,0.818746]],[[0.323712,-0.752145,-0.574011],[-0.944612,-0.291556,-0.150676],[0.054026,-0.590994,0.804865]],[[0.323712,-0.752145,-0.574011],[-0.943456,-0.210805,-0.255835],[-0.0714207,-0.624371,0.777856]]],1],[922,[0.163452,0.299159,-0.9401],92,66.1381,[-152.894,170.794,-83.1096],[-154.106,170.453,-83.2394],[171.566,-246.821,4.90219],false,[-149.924,127.664,67.4572],[-161.668,147.359,2.52342],[-161.279,156.937,-44.0766],[-156.691,165.334,-70.4632],[-151.498,172.156,-86.9111],[[[0.53367,-0.777632,-0.332391],[-0.828318,-0.559901,-0.0200119],[0.170544,-0.286006,0.942929]],[[0.555223,-0.815573,-0.162998],[-0.831661,-0.542504,-0.118447],[-0.00817562,-0.201324,0.979491]],[[0.555223,-0.815573,-0.162998],[-0.815482,-0.495323,-0.299407],[-0.163452,-0.299159,0.9401]],[[0.555223,-0.815573,-0.162998],[-0.783165,-0.446713,-0.43255],[-0.279963,-0.367816,0.886754]]],2],[923,[0.042459,0.393074,-0.918526],92,63.5936,[-153.023,158.434,-77.5277],[-153.213,157.084,-77.6169],[198.278,-225.368,26.1715],false,[-144.358,118.014,62.6651],[-150.934,127.603,1.93981],[-155.558,140.296,-40.0407],[-154.397,151.043,-65.156],[-151.515,159.635,-81.2174],[[[0.613864,-0.766809,-0.187548],[-0.782214,-0.62286,-0.0136399],[0.106357,-0.155076,0.982161]],[[0.598974,-0.745833,-0.291484],[-0.793874,-0.600742,-0.0941953],[0.104853,-0.287822,0.951927]],[[0.598974,-0.745833,-0.291484],[-0.799642,-0.537797,-0.267108],[-0.042459,-0.393074,0.918526]],[[0.598974,-0.745833,-0.291484],[-0.785366,-0.476099,-0.395639],[-0.156306,-0.465899,0.870923]]],3],[924,[0.0165612,0.241596,-0.970235],92,49.8562,[-140.516,127.172,-63.1031],[-137.891,124.802,-62.4811],[133.576,-220.937,78.4224],false,[-132.483,110.993,60.015],[-137.06,111.693,2.96876],[-140.393,115.939,-31.5122],[-140.073,120.603,-50.243],[-138.303,126.234,-66.1997],[[[0.742797,-0.666078,-0.0677641],[-0.664724,-0.745782,0.0441811],[0.0799653,-0.0122268,0.996723]],[[0.733278,-0.662612,-0.152479],[-0.673189,-0.739016,-0.0259313],[0.0955021,-0.121662,0.987966]],[[0.733278,-0.662612,-0.152479],[-0.679728,-0.708927,-0.188131],[-0.0165612,-0.241596,0.970235]],[[0.733278,-0.662612,-0.152479],[-0.671922,-0.671871,-0.311625],[-0.10404,-0.330962,0.937891]]],4],[930,[0.399351,0.782886,-0.477083],93,51.1198,[116.224,239.444,40.2888],[117.558,234.181,39.3175],[50.8913,-212.488,-88.5229],false,[76.9354,148.254,66.4486],[76.9354,148.254,66.4486],[97.0474,192.325,59.3295],[110.403,218.507,43.3741],[119.862,238.285,36.5666],[[[0.874333,-0.460166,0.154236],[0.130679,0.52928,0.838323],[-0.467402,-0.712818,0.522901]],[[0.910845,-0.398014,0.109304],[-0.0405114,0.177333,0.983317],[-0.410757,-0.900077,0.145398]],[[0.910845,-0.398014,0.109304],[0.104313,0.478199,0.872035],[-0.399351,-0.782886,0.477083]],[[0.910845,-0.398014,0.109304],[0.0238568,0.315143,0.948744],[-0.412059,-0.861551,0.296542]]],0],[931,[0.205568,0.472751,-0.856883],93,57.683,[150.007,222.15,-54.2971],[151.028,214.348,-54.7762],[-32.0768,-295.725,-39.3303],false,[99.0627,141.226,65.1873],[127.556,178.421,10.3042],[143.867,197.964,-23.2795],[148.741,209.172,-43.5947],[149.67,217.008,-58.3799],[[[0.132808,-0.851132,-0.507875],[0.909098,-0.0995257,0.404519],[-0.394845,-0.515431,0.760544]],[[0.108296,-0.881194,-0.460184],[0.91567,-0.0918167,0.391303],[-0.387067,-0.463753,0.79694]],[[0.108296,-0.881194,-0.460184],[0.972632,-0.0018026,0.232343],[-0.205568,-0.472751,0.856883]],[[0.108296,-0.881194,-0.460184],[0.992571,0.0700262,0.0994918],[-0.0554466,-0.46754,0.882231]]],1],[932,[0.119622,0.374947,-0.919296],93,65.7252,[149.429,194.626,-77.2551],[149.949,189.823,-77.168],[-99.6566,-317.537,-29.4091],false,[102.396,131.189,59.3552],[130.318,158.167,3.00194],[145.236,174.092,-38.9399],[148.573,184.551,-64.5815],[147.904,191.814,-81.5098],[[[-0.0786963,-0.883422,-0.461923],[0.909574,-0.253279,0.329432],[-0.408023,-0.394228,0.82347]],[[-0.114192,-0.914604,-0.387892],[0.94202,-0.223693,0.25012],[-0.315529,-0.336841,0.887119]],[[-0.114192,-0.914604,-0.387892],[0.986231,-0.151377,0.0665914],[-0.119623,-0.374947,0.919296]],[[-0.114192,-0.914604,-0.387892],[0.992797,-0.0908059,-0.07816],[0.0362625,-0.394023,0.918385]]],2],[933,[0.028146,0.331884,-0.9429],93,63.1965,[139.131,165.063,-79.5665],[139.553,162.302,-79.2339],[-149.092,-322.55,-8.81533],false,[102.584,120.689,53.4446],[127.816,136.216,-0.382854],[139.137,148.099,-41.0188],[139.902,157.117,-66.6396],[137.185,163.815,-83.4805],[[[-0.206225,-0.910183,-0.359218],[0.888156,-0.328186,0.32167],[-0.41067,-0.252706,0.876065]],[[-0.21984,-0.918124,-0.329726],[0.940711,-0.289019,0.177568],[-0.258326,-0.27114,0.927227]],[[-0.21984,-0.918124,-0.329726],[0.97513,-0.216568,-0.04712],[-0.028146,-0.331884,0.9429]],[[-0.21984,-0.918124,-0.329726],[0.964207,-0.153139,-0.216456],[0.14824,-0.36551,0.918927]]],3],[934,[0.0978272,0.41352,-0.905224],93,49.5449,[135.143,144.707,-63.456],[134.378,141.194,-63.1108],[-169.528,-282.551,11.2229],false,[95.6802,110.43,46.9646],[120.744,116.72,-3.70283],[132.415,127.51,-34.5294],[134.292,135.443,-51.8959],[132.82,143.431,-66.7244],[[[-0.396264,-0.866493,-0.303587],[0.805475,-0.486786,0.338009],[-0.440664,-0.110591,0.890834]],[[-0.332992,-0.843559,-0.421337],[0.880837,-0.437751,0.180277],[-0.336515,-0.311098,0.888806]],[[-0.332992,-0.843559,-0.421337],[0.937841,-0.342651,-0.0551759],[-0.0978272,-0.41352,0.905224]],[[-0.332992,-0.843559,-0.421337],[0.938901,-0.255366,-0.230766],[0.0870695,-0.472437,0.877053]]],4]],[[0,200,0],[235.247,235.247,147.751]]],[143804,4989599036,[[92,"left",[-0.287476,0.18214,-0.94031],[0.861779,0.47761,-0.170954],[-148.951,141.326,24.1997],[72.0617,-99.7231,40.8047],[-150.362,143.006,23.8954],0,0,0.242041,[[0.565298,-0.684185,-0.460792],[-0.694683,-0.0936413,-0.713195],[-0.444808,-0.723272,0.528227]],62.8943,[-252.7,-69.6378,213.606],[-134.158,123.115,72.8333]],[93,"right",[0.54387,0.331882,-0.770753],[-0.838681,0.183619,-0.512737],[112.479,145.66,18.8342],[-87.8228,-224.08,22.226],[114.425,151.692,18.2871],0,0,0.523835,[[0.0159003,-0.886326,-0.46279],[0.990515,0.0771398,-0.113705],[0.136479,-0.456592,0.879146]],62.5016,[123.584,-0.538094,291.834],[87.4392,120.385,59.0038]]],[[920,[-0.35718,0.874754,-0.327457],92,51.441,[-174.454,242.587,58.7719],[-175.205,239.319,53.481],[7.97925,-45.733,-78.4881],false,[-135.761,151.776,82.4672],[-135.761,151.776,82.4672],[-156.131,195.194,71.1731],[-168.151,224.633,60.153],[-176.209,244.798,52.2738],[[[-0.658707,-0.7375,-0.148991],[-0.609583,0.407032,0.680246],[0.441037,-0.538905,0.717682]],[[-0.777831,-0.472661,-0.41421],[-0.473354,0.0070561,0.880844],[0.413418,-0.881216,0.229224]],[[-0.777831,-0.472661,-0.41421],[-0.517108,0.106758,0.849236],[0.35718,-0.874754,0.327457]],[[-0.777831,-0.472661,-0.41421],[-0.522791,0.120826,0.843855],[0.34881,-0.872922,0.341085]]],0],[921,[-0.0500514,0.591147,-0.80501],92,58.0454,[-178.161,211.847,-55.2214],[-178.033,209.258,-56.2241],[115.428,-158.479,-39.0373],false,[-152.103,137.64,73.4926],[-168.211,166.042,8.63157],[-177.135,188.622,-26.1352],[-178.329,202.725,-45.3405],[-177.036,213.265,-58.4415],[[[0.363762,-0.816702,-0.447968],[-0.904694,-0.424284,0.0388857],[0.221824,-0.391129,0.893203]],[[0.327894,-0.751618,-0.572326],[-0.920978,-0.389269,-0.0164277],[0.210441,-0.532486,0.819862]],[[0.327894,-0.751618,-0.572326],[-0.943388,-0.292604,-0.156214],[0.0500514,-0.591147,0.80501]],[[0.327894,-0.751618,-0.572326],[-0.941598,-0.210843,-0.262562],[-0.0766755,-0.624993,0.776856]]],1],[922,[0.171494,0.292282,-0.94083],92,66.1381,[-151.465,169.118,-83.2354],[-152.755,168.763,-83.3776],[173.301,-238.633,-0.10149],false,[-149.378,127.335,67.6527],[-160.994,146.36,2.49615],[-160.211,155.541,-44.1786],[-155.397,163.745,-70.5857],[-150.067,170.461,-87.0335],[[[0.53925,-0.777659,-0.323196],[-0.825082,-0.564733,-0.0178078],[0.168671,-0.276266,0.946165]],[[0.560579,-0.814258,-0.150779],[-0.827937,-0.547482,-0.121586],[-0.016454,-0.192994,0.981062]],[[0.560579,-0.814258,-0.150779],[-0.810149,-0.501552,-0.303488],[-0.171494,-0.292282,0.94083]],[[0.560579,-0.814258,-0.150779],[-0.77663,-0.453757,-0.436979],[-0.287397,-0.36206,0.886744]]],2],[923,[0.0477059,0.388197,-0.920341],92,63.5936,[-151.523,156.902,-77.5086],[-151.969,155.643,-77.6175],[189.269,-213.313,20.4897],false,[-143.741,117.673,62.9709],[-150.147,126.659,2.13551],[-154.497,139.113,-39.9459],[-153.192,149.728,-65.1108],[-150.233,158.238,-81.2017],[[[0.618847,-0.765038,-0.178169],[-0.778649,-0.627369,-0.0106824],[0.103605,-0.145342,0.983942]],[[0.604123,-0.74498,-0.282916],[-0.790764,-0.604366,-0.0971238],[0.0986295,-0.282394,0.954215]],[[0.604123,-0.74498,-0.282916],[-0.795462,-0.542502,-0.270059],[-0.0477059,-0.388197,0.920341]],[[0.604123,-0.74498,-0.282916],[-0.780569,-0.481712,-0.398329],[-0.160463,-0.461475,0.872521]]],3],[924,[0.0218125,0.234981,-0.971755],92,49.8562,[-139.15,125.559,-62.7102],[-136.789,123.426,-62.1918],[139.002,-208.744,68.5368],false,[-131.817,110.695,60.4294],[-136.188,110.839,3.36294],[-139.341,114.798,-31.1691],[-138.92,119.334,-49.9292],[-137.062,124.873,-65.908],[[[0.746771,-0.662472,-0.0588605],[-0.660684,-0.749082,0.048707],[0.0763584,-0.00251518,0.997077]],[[0.737632,-0.659884,-0.14301],[-0.66913,-0.742756,-0.024054],[0.0903484,-0.113435,0.989429]],[[0.737632,-0.659884,-0.14301],[-0.67485,-0.713679,-0.187723],[-0.0218125,-0.234981,0.971755]],[[0.737632,-0.659884,-0.14301],[-0.666316,-0.67716,-0.312213],[-0.109184,-0.325588,0.939187]]],4],[930,[0.405964,0.772322,-0.488582],93,51.1198,[116.544,237.566,39.5681],[117.543,232.16,38.5512],[33.743,-222.466,-91.7071],false,[75.9282,147.089,66.735],[75.9282,147.089,66.735],[96.5233,190.867,59.2037],[110.1,216.696,42.8637],[119.755,236.247,35.6853],[[[0.867791,-0.471802,0.156017],[0.139765,0.533018,0.83448],[-0.476869,-0.702349,0.52849]],[[0.906582,-0.407807,0.108643],[-0.0344104,0.185146,0.982108],[-0.420626,-0.8941,0.153817]],[[0.906582,-0.407807,0.108643],[0.11534,0.487045,0.865728],[-0.405964,-0.772322,0.488582]],[[0.906582,-0.407807,0.108643],[0.034994,0.329182,0.943618],[-0.420577,-0.851665,0.312701]]],0],[931,[0.201756,0.466585,-0.861158],93,57.683,[149.511,218.856,-54.6527],[150.14,211.523,-55.1315],[-52.9,-311.372,-41.3176],false,[97.9486,139.731,65.4873],[126.89,176.132,10.3069],[143.093,195.354,-23.5133],[147.876,206.416,-43.9299],[148.733,214.169,-58.763],[[[0.119553,-0.856418,-0.50225],[0.908221,-0.11001,0.403773],[-0.401051,-0.504426,0.764665]],[[0.0959188,-0.884425,-0.456719],[0.918124,-0.0986332,0.383823],[-0.38451,-0.45614,0.802551]],[[0.0959188,-0.884425,-0.456719],[0.974728,-0.00954471,0.223193],[-0.201756,-0.466585,0.861158]],[[0.0959188,-0.884425,-0.456719],[0.994077,0.0615612,0.0895615],[-0.0510943,-0.462604,0.885091]]],1],[932,[0.104967,0.371522,-0.922471],93,65.7252,[147.768,191.193,-77.536],[147.966,186.945,-77.4123],[-141.779,-326.037,-29.4428],false,[101.125,129.606,59.7188],[129.344,155.79,3.13898],[143.742,171.458,-39.0808],[146.67,181.821,-64.8109],[145.7,189.043,-81.742],[[[-0.0923222,-0.885308,-0.455749],[0.906332,-0.264261,0.329739],[-0.412357,-0.382617,0.82678]],[[-0.127431,-0.914924,-0.382982],[0.943939,-0.230426,0.236394],[-0.304532,-0.331388,0.892996]],[[-0.127431,-0.914924,-0.382982],[0.986277,-0.157752,0.0486938],[-0.104967,-0.371522,0.922471]],[[-0.127431,-0.914924,-0.382982],[0.990451,-0.0968974,-0.0980735],[0.0526198,-0.391823,0.918535]]],2],[933,[0.0214675,0.325122,-0.945428],93,63.1965,[137.252,161.614,-79.5836],[137.757,159.241,-79.2304],[-170.306,-338.278,-6.29859],false,[101.15,119.065,53.8798],[126.517,133.855,-0.0917476],[137.554,145.312,-40.9278],[138.138,154.146,-66.6172],[135.31,160.764,-83.4719],[[[-0.220056,-0.909507,-0.352665],[0.883813,-0.3389,0.322523],[-0.412855,-0.240717,0.878411]],[[-0.23475,-0.917569,-0.320872],[0.938865,-0.299548,0.169718],[-0.251845,-0.261414,0.931792]],[[-0.23475,-0.917569,-0.320872],[0.971819,-0.228828,-0.0566245],[-0.0214675,-0.325122,0.945428]],[[-0.23475,-0.917569,-0.320872],[0.959729,-0.166379,-0.226359],[0.154314,-0.361088,0.919675]]],3],[934,[0.0816177,0.411067,-0.907944],93,49.5449,[132.727,141.729,-63.2973],[132.001,138.601,-62.9274],[-208.73,-292.227,13.4138],false,[94.0877,108.864,47.4809],[119.156,114.443,-3.26734],[130.349,125.043,-34.3359],[131.915,132.929,-51.7547],[130.168,140.903,-66.561],[[[-0.409347,-0.862672,-0.297038],[0.798857,-0.496162,0.340075],[-0.440752,-0.0980826,0.892254]],[[-0.347427,-0.842108,-0.412491],[0.88042,-0.444344,0.165589],[-0.322732,-0.305635,0.895785]],[[-0.347427,-0.842108,-0.412491],[0.934148,-0.349111,-0.0740847],[-0.0816177,-0.411067,0.907944]],[[-0.347427,-0.842108,-0.412491],[0.931996,-0.261632,-0.250861],[0.103331,-0.471596,0.87574]]],4]],[[0,200,0],[235.247,235.247,147.751]]],[143805,4989616363,[[92,"left",[-0.274882,0.176342,-0.945168],[0.864308,0.475967,-0.162564],[-147.336,139.551,24.8047],[81.8045,-100.986,38.0893],[-148.484,140.862,24.4596],0,0,0.291775,[[0.57178,-0.68582,-0.450243],[-0.685589,-0.0980117,-0.721361],[-0.450594,-0.721142,0.526232]],62.8943,[-253.285,-70.5452,213.986],[-133.201,121.64,73.7444]],[93,"right",[0.539352,0.29837,-0.787448],[-0.842053,0.198666,-0.501477],[110.256,143.069,18.8078],[-106.48,-189.71,11.2769],[112.093,146.869,18.5783],0,0,0.548912,[[-0.0224806,-0.891711,-0.452047],[0.988426,0.0480314,-0.143902],[0.150032,-0.450049,0.88031]],62.5016,[124.939,0.253421,293.101],[85.2047,119.443,59.9622]]],[[920,[-0.353441,0.872712,-0.336829],92,51.441,[-174.245,241.917,57.9426],[-173.93,237.798,53.2303],[34.6789,-66.1969,-49.0931],false,[-134.911,150.362,83.1741],[-134.911,150.362,83.1741],[-155.02,193.702,71.138],[-166.915,223.072,59.8024],[-175.095,243.236,52.0473],[[[-0.657208,-0.738014,-0.15301],[-0.618235,0.411733,0.669523],[0.431118,-0.534613,0.726861]],[[-0.772519,-0.475356,-0.421012],[-0.486458,0.0168851,0.873541],[0.408134,-0.879631,0.244285]],[[-0.772519,-0.475356,-0.421012],[-0.527536,0.111404,0.842196],[0.353441,-0.872712,0.336829]],[[-0.772519,-0.475356,-0.421012],[-0.527069,0.11025,0.842641],[0.354138,-0.872858,0.335716]]],0],[921,[-0.0328471,0.593157,-0.804416],92,58.0454,[-174.817,209.528,-55.2671],[-174.945,207.586,-56.0658],[144.701,-131.137,-16.9659],false,[-151.142,136.18,74.074],[-166.37,164.179,8.82651],[-174.691,186.834,-26.041],[-175.475,200.986,-45.2321],[-173.862,211.554,-58.2749],[[[0.369069,-0.819763,-0.437923],[-0.905434,-0.423454,0.0296036],[0.209708,-0.385585,0.898525]],[[0.333251,-0.752293,-0.56833],[-0.922194,-0.38553,-0.0304237],[0.196221,-0.534249,0.822238]],[[0.333251,-0.752293,-0.56833],[-0.942266,-0.286741,-0.17296],[0.0328471,-0.593157,0.804416]],[[0.333251,-0.752293,-0.56833],[-0.937972,-0.203365,-0.280805],[-0.0956693,-0.626657,0.773401]]],1],[922,[0.186609,0.284928,-0.940209],92,66.1381,[-148.027,166.359,-82.8426],[-149.42,166.249,-82.971],[180.719,-197.005,10.8482],false,[-148.348,125.836,68.3361],[-159.087,144.454,2.91215],[-157.557,153.279,-43.8129],[-152.319,161.276,-70.2026],[-146.724,167.861,-86.6157],[[[0.542919,-0.78004,-0.31109],[-0.825179,-0.564311,-0.025139],[0.155942,-0.270354,0.950048]],[[0.562082,-0.815875,-0.13569],[-0.826456,-0.547667,-0.130506],[-0.0321642,-0.185497,0.982118]],[[0.562082,-0.815875,-0.13569],[-0.805755,-0.503154,-0.312403],[-0.186609,-0.284928,0.940209]],[[0.562082,-0.815875,-0.13569],[-0.770117,-0.456446,-0.44562],[-0.301635,-0.354972,0.884879]]],2],[923,[0.0706125,0.389872,-0.918158],92,63.5936,[-147.234,154.671,-76.7877],[-148.191,153.797,-76.9282],[205.624,-160.763,30.9749],false,[-142.657,116.141,63.7907],[-148.251,124.745,2.8201],[-151.523,137.344,-39.3158],[-149.592,148.004,-64.421],[-146.251,156.518,-80.4349],[[[0.6206,-0.766548,-0.165106],[-0.77889,-0.62693,-0.0170025],[0.0904768,-0.139151,0.986129]],[[0.607218,-0.747063,-0.270522],[-0.791064,-0.600237,-0.118043],[0.0741917,-0.285678,0.955449]],[[0.607218,-0.747063,-0.270522],[-0.791391,-0.53842,-0.28949],[-0.0706125,-0.389872,0.918158]],[[0.607218,-0.747063,-0.270522],[-0.773606,-0.478267,-0.415685],[-0.181161,-0.461689,0.868345]]],3],[924,[0.0352812,0.229165,-0.972748],92,49.8562,[-135.749,122.275,-61.6643],[-134.056,121.111,-61.3012],[148.533,-174.097,60.4639],false,[-130.705,109.139,61.4516],[-134.32,108.923,4.33252],[-137.009,112.667,-30.2628],[-136.327,117.091,-49.0421],[-134.243,122.537,-65.0247],[[[0.747008,-0.663306,-0.0447685],[-0.661808,-0.748339,0.044714],[0.0631611,0.00377349,0.997996]],[[0.738994,-0.661251,-0.128978],[-0.669294,-0.742458,-0.0283236],[0.0770314,-0.107255,0.991243]],[[0.738994,-0.661251,-0.128978],[-0.672787,-0.714305,-0.192681],[-0.0352812,-0.229165,0.972748]],[[0.738994,-0.661251,-0.128978],[-0.66248,-0.678422,-0.317589],[-0.122505,-0.320142,0.939416]]],4],[930,[0.415032,0.748739,-0.516854],93,51.1198,[117.106,233.98,37.5545],[118.025,229.755,36.1562],[25.8463,-182.165,-111.872],false,[74.6646,146.651,67.3146],[74.6646,146.651,67.3146],[96.2432,189.693,58.4204],[110.123,214.734,41.135],[120.122,233.795,33.1537],[[[0.855658,-0.495126,0.150661],[0.171571,0.546023,0.820014],[-0.488275,-0.675803,0.552158]],[[0.89761,-0.429688,0.0983106],[-0.00836952,0.206378,0.978437],[-0.440712,-0.879077,0.18165]],[[0.89761,-0.429688,0.0983106],[0.148477,0.504735,0.85041],[-0.415032,-0.748739,0.516854]],[[0.89761,-0.429688,0.0983106],[0.0677633,0.354895,0.932447],[-0.435552,-0.830312,0.347675]]],0],[931,[0.184468,0.446549,-0.875537],93,57.683,[146.893,210.82,-56.7269],[147.464,206.587,-57.3629],[-101.208,-298.521,-81.8443],false,[96.4218,138.587,65.8324],[125.434,172.89,9.3606],[141.002,191.138,-25.288],[145.375,201.724,-46.0455],[145.931,209.19,-61.0391],[[[0.0838419,-0.870196,-0.48552],[0.911778,-0.129584,0.389703],[-0.402034,-0.47536,0.782561]],[[0.0622475,-0.894345,-0.443026],[0.927171,-0.112487,0.357352],[-0.369431,-0.433005,0.822209]],[[0.0622475,-0.894345,-0.443026],[0.980865,-0.0272241,0.192775],[-0.184468,-0.446549,0.875537]],[[0.0622475,-0.894345,-0.443026],[0.997509,0.0409884,0.0574112],[-0.0331864,-0.445496,0.894668]]],1],[932,[0.0704397,0.351508,-0.933531],93,65.7252,[141.631,182.96,-79.3815],[143.071,181.494,-79.1954],[-210.742,-320.375,-62.7237],false,[99.1782,128.248,60.23],[127.129,152.335,2.59505],[140.184,166.809,-40.4786],[142.149,176.613,-66.5173],[140.494,183.538,-83.5194],[[[-0.127918,-0.891492,-0.434603],[0.903778,-0.28524,0.319096],[-0.408438,-0.351967,0.842198]],[[-0.163536,-0.919124,-0.358423],[0.947105,-0.247962,0.203732],[-0.27613,-0.306146,0.911058]],[[-0.163536,-0.919124,-0.358423],[0.984019,-0.177913,0.00725879],[-0.0704397,-0.351508,0.933531]],[[-0.163536,-0.919124,-0.358423],[0.982442,-0.11866,-0.143968],[0.0897946,-0.375674,0.922392]]],2],[933,[-0.00474451,0.304437,-0.952521],93,63.1965,[131.076,154.114,-80.388],[132.758,153.796,-80.0951],[-227.813,-326.123,-25.273],false,[98.7712,117.59,54.6227],[123.57,130.434,-0.105273],[133.51,140.683,-41.54],[133.381,148.955,-67.4221],[130.091,155.295,-84.2994],[[[-0.254393,-0.909513,-0.328739],[0.878849,-0.359279,0.313915],[-0.403619,-0.209054,0.890723]],[[-0.270771,-0.917339,-0.291843],[0.935546,-0.32219,0.144732],[-0.226798,-0.233844,0.945452]],[[-0.270771,-0.917339,-0.291843],[0.962632,-0.25653,-0.0867849],[0.00474451,-0.304437,0.952521]],[[-0.270771,-0.917339,-0.291843],[0.945756,-0.196963,-0.258364],[0.179525,-0.34597,0.92091]]],3],[934,[0.0539669,0.391397,-0.918638],93,49.5449,[125.672,134.827,-63.4819],[126.748,133.885,-63.2499],[-256.329,-283.609,-1.80685],false,[91.2808,107.48,48.5757],[115.559,111.197,-2.72409],[125.807,120.865,-34.4169],[126.842,128.374,-52.0408],[124.663,136.108,-66.9166],[[[-0.441089,-0.855647,-0.270757],[0.789448,-0.513417,0.336415],[-0.426863,-0.0653601,0.901951]],[[-0.384562,-0.84087,-0.380854],[0.874539,-0.463932,0.141241],[-0.295456,-0.278756,0.913784]],[[-0.384562,-0.84087,-0.380854],[0.92152,-0.373827,-0.105137],[-0.0539669,-0.391397,0.918638]],[[-0.384562,-0.84087,-0.380854],[0.91406,-0.289277,-0.284276],[0.128867,-0.457446,0.879851]]],4]],[[0,200,0],[235.247,235.247,147.751]]],[143806,4989625013,[[92,"left",[-0.276636,0.166245,-0.946486],[0.852273,0.497471,-0.161721],[-144.516,137.003,25.0083],[146.639,-152.365,34.2274],[-146.864,139.287,24.6836],0,0,0.171782,[[0.581038,-0.69244,-0.427694],[-0.669761,-0.108245,-0.734645],[-0.462402,-0.713309,0.526664]],62.8943,[-253.295,-70.4823,214.401],[-130.065,119.615,74.0443]],[93,"right",[0.53846,0.280053,-0.794753],[-0.842149,0.211422,-0.496071],[108.859,141.637,18.838],[-121.061,-183.288,9.21136],[110.932,144.99,18.6716],0,0,0.549021,[[-0.0463307,-0.893284,-0.447098],[0.986451,0.0296025,-0.161366],[0.157381,-0.448516,0.879809]],62.5016,[125.37,0.122493,293.428],[83.6896,118.906,60.4215]]],[[920,[-0.372977,0.864967,-0.335739],92,51.441,[-174.087,241.204,57.5079],[-173.543,234.851,53.4381],[36.1211,-136.828,-25.7661],false,[-132.538,148.314,83.3765],[-132.538,148.314,83.3765],[-153.47,191.195,71.1013],[-166.023,220.304,59.8025],[-174.911,240.33,52.4829],[[[-0.637626,-0.755114,-0.152433],[-0.630486,0.397847,0.666487],[0.442628,-0.521077,0.729767]],[[-0.759692,-0.492433,-0.424708],[-0.492309,0.00882882,0.870376],[0.424852,-0.870305,0.249137]],[[-0.759692,-0.492433,-0.424708],[-0.532687,0.0966516,0.840775],[0.372977,-0.864967,0.335739]],[[-0.759692,-0.492433,-0.424708],[-0.524217,0.0772934,0.848069],[0.38479,-0.866911,0.316861]]],0],[921,[-0.0456322,0.594193,-0.803027],92,58.0454,[-173.648,207.248,-55.1648],[-173.593,204.402,-55.9221],[144.412,-193.232,-7.31128],false,[-148.374,133.691,74.2776],[-164.13,161.085,8.89838],[-172.977,183.597,-25.9323],[-174.066,197.772,-45.0903],[-172.669,208.413,-58.0993],[[[0.391214,-0.811402,-0.434256],[-0.894355,-0.446451,0.0284799],[0.216983,-0.377238,0.900339]],[[0.352543,-0.742562,-0.569486],[-0.912243,-0.40838,-0.0322357],[0.208629,-0.530874,0.821369]],[[0.352543,-0.742562,-0.569486],[-0.934682,-0.309089,-0.175594],[0.0456322,-0.594193,0.803027]],[[0.352543,-0.742562,-0.569486],[-0.932122,-0.224776,-0.283946],[-0.0828404,-0.630933,0.771402]]],1],[922,[0.185429,0.29057,-0.938715],92,66.1381,[-145.497,163.905,-82.6108],[-146.72,163.5,-82.7624],[215.085,-224.667,15.4988],false,[-145.299,123.405,68.5809],[-156.327,141.534,3.06782],[-154.811,150.384,-43.6531],[-149.607,158.539,-70.0008],[-144.05,165.294,-86.3573],[[[0.563627,-0.766831,-0.307075],[-0.810359,-0.585375,-0.0255865],[0.160133,-0.263262,0.951341]],[[0.583127,-0.801438,-0.13289],[-0.811757,-0.568416,-0.133996],[-0.0318527,-0.186011,0.982031]],[[0.583127,-0.801438,-0.13289],[-0.790936,-0.522748,-0.318049],[-0.185429,-0.29057,0.938715]],[[0.583127,-0.801438,-0.13289],[-0.755127,-0.474405,-0.452464],[-0.299578,-0.364192,0.881826]]],2],[923,[0.0627318,0.38877,-0.919197],92,63.5936,[-144.841,152.252,-76.6265],[-145.425,150.941,-76.7642],[234.01,-205.2,27.6805],false,[-139.348,113.845,64.0825],[-144.988,122.109,3.06924],[-148.456,134.513,-39.1087],[-146.741,145.143,-64.2423],[-143.591,153.686,-80.2797],[[[0.640523,-0.750889,-0.160921],[-0.762502,-0.646759,-0.0171205],[0.0912219,-0.133669,0.986819]],[[0.626881,-0.732004,-0.266815],[-0.775136,-0.620535,-0.11875],[0.078643,-0.28126,0.956404]],[[0.626881,-0.732004,-0.266815],[-0.776585,-0.559489,-0.289633],[-0.0627318,-0.38877,0.919197]],[[0.626881,-0.732004,-0.266815],[-0.760163,-0.499574,-0.415425],[-0.170799,-0.463245,0.869616]]],3],[924,[0.0328202,0.227365,-0.973256],92,49.8562,[-133.177,120.337,-61.3171],[-130.517,118.654,-60.9977],[218.525,-203.677,53.7558],false,[-127.214,107.144,61.7989],[-130.661,106.655,4.67107],[-133.334,110.222,-29.9441],[-132.701,114.611,-48.7332],[-130.696,120.071,-64.7216],[[[0.763899,-0.644059,-0.0405707],[-0.64252,-0.764928,0.0453096],[0.0602158,0.00854452,0.998149]],[[0.756101,-0.642486,-0.124595],[-0.649956,-0.759454,-0.0280463],[0.076605,-0.102187,0.991811]],[[0.756101,-0.642486,-0.124595],[-0.653632,-0.731791,-0.192997],[-0.0328202,-0.227365,0.973256]],[[0.756101,-0.642486,-0.124595],[-0.643762,-0.695871,-0.31833],[-0.11782,-0.320899,0.939756]]],4],[930,[0.422227,0.736849,-0.527995],93,51.1198,[117.322,232.548,36.7065],[118.323,228.354,35.1719],[24.3176,-174.563,-110.676],false,[73.7747,146.391,67.6123],[73.7747,146.391,67.6123],[95.9977,188.982,58.1498],[110.119,213.625,40.4917],[120.349,232.401,32.1397],[[[0.846601,-0.511264,0.147904],[0.1899,0.549775,0.81344],[-0.497197,-0.660572,0.562529]],[[0.891049,-0.444415,0.0923461],[0.00555838,0.214115,0.976793],[-0.453874,-0.869857,0.193257]],[[0.891049,-0.444415,0.0923461],[0.166603,0.50946,0.844212],[-0.422227,-0.736849,0.527995]],[[0.891049,-0.444415,0.0923461],[0.086156,0.365341,0.926878],[-0.445656,-0.817937,0.363826]]],0],[931,[0.172003,0.437942,-0.882395],93,57.683,[145.461,207.833,-57.6672],[145.825,203.973,-58.3379],[-128.241,-298.73,-90.9622],false,[95.348,137.867,66.0186],[124.563,171.053,8.98646],[139.718,188.84,-26.0823],[143.796,199.223,-47.0023],[144.122,206.575,-62.0586],[[[0.0617197,-0.876099,-0.478164],[0.912298,-0.144806,0.383072],[-0.40485,-0.459871,0.790326]],[[0.041239,-0.898161,-0.437728],[0.932188,-0.123096,0.340401],[-0.359617,-0.422083,0.832179]],[[0.041239,-0.898161,-0.437728],[0.984233,-0.0389014,0.172547],[-0.172003,-0.437942,0.882395]],[[0.041239,-0.898161,-0.437728],[0.998959,0.0285167,0.0356008],[-0.0194927,-0.438741,0.898402]]],1],[932,[0.0603058,0.342844,-0.937455],93,65.7252,[139.412,180.079,-80.0354],[140.843,178.628,-79.8747],[-222.694,-322.514,-65.9468],false,[97.8427,127.424,60.4885],[125.777,150.406,2.39674],[138.399,164.29,-40.9991],[140.081,173.853,-67.1472],[138.238,180.673,-84.1723],[[[-0.149979,-0.892566,-0.425243],[0.900488,-0.300898,0.313976],[-0.408199,-0.335837,0.848874]],[[-0.185713,-0.918913,-0.348009],[0.945642,-0.263368,0.190785],[-0.266969,-0.293661,0.917873]],[[-0.185713,-0.918913,-0.348009],[0.980752,-0.195084,-0.00825461],[-0.0603058,-0.342844,0.937455]],[[-0.185713,-0.918913,-0.348009],[0.977503,-0.136733,-0.160596],[0.0999895,-0.370005,0.923633]]],2],[933,[-0.0130248,0.296334,-0.954996],93,63.1965,[128.587,151.425,-80.6499],[130.213,151.037,-80.3876],[-245.341,-322.874,-26.5986],false,[97.168,116.725,54.9836],[121.746,128.56,-0.0707333],[131.294,138.25,-41.7313],[130.94,146.302,-67.6807],[127.519,152.562,-84.5622],[[[-0.275868,-0.907019,-0.31814],[0.874001,-0.374451,0.309693],[-0.400025,-0.192621,0.896034]],[[-0.292632,-0.914391,-0.279743],[0.931077,-0.339122,0.134506],[-0.217858,-0.221101,0.950606]],[[-0.292632,-0.914391,-0.279743],[0.956137,-0.275818,-0.0986264],[0.0130248,-0.296334,0.954996]],[[-0.292632,-0.914391,-0.279743],[0.937827,-0.217334,-0.270641],[0.186674,-0.341549,0.921139]]],3],[934,[0.0445768,0.382993,-0.922675],93,49.5449,[122.857,132.418,-63.5482],[123.901,131.47,-63.3198],[-276.931,-282.219,-3.37292],false,[89.4191,106.717,49.0944],[113.319,109.469,-2.44322],[123.196,118.68,-34.389],[124.051,126.028,-52.0904],[121.745,133.682,-66.9884],[[[-0.460905,-0.848795,-0.259064],[0.781655,-0.526504,0.334378],[-0.420216,-0.0483822,0.906133]],[[-0.406597,-0.83668,-0.366941],[0.868097,-0.478996,0.13027],[-0.284758,-0.265573,0.921078]],[[-0.406597,-0.83668,-0.366941],[0.91252,-0.391514,-0.118427],[-0.0445768,-0.382993,0.922675]],[[-0.406597,-0.83668,-0.366941],[0.903374,-0.308241,-0.298166],[0.136363,-0.452718,0.881165]]],4]],[[0,200,0],[235.247,235.247,147.751]]],[143807,4989642327,[[92,"left",[-0.308274,0.214093,-0.926893],[0.828298,0.5396,-0.150846],[-135.314,125.73,23.6987],[323.938,-382.142,-16.3908],[-136.677,127.331,23.815],0,0,0.173938,[[0.531206,-0.741062,-0.410667],[-0.678217,-0.0814355,-0.730335],[-0.507781,-0.66648,0.54586]],62.8943,[-254.219,-71.7256,216.632],[-118.895,105.892,71.1597]],[93,"right",[0.559525,0.328482,-0.760941],[-0.827813,0.176387,-0.532554],[98.6228,130.864,18.2204],[-337.688,-385.53,-11.4685],[99.4845,131.853,18.252],0,0,0.204167,[[0.0312043,-0.912018,-0.408962],[0.974076,0.119468,-0.1921],[0.224057,-0.392366,0.892103]],62.5016,[132.137,1.86651,294.273],[72.7984,105.78,58.0111]]],[[920,[-0.41355,0.870813,-0.265822],92,51.441,[-171.027,233.213,58.6343],[-167.093,220.608,59.4436],[188.436,-454.032,149.175],false,[-122.189,133.833,82.353],[-122.189,133.833,82.353],[-144.8,176.642,73.2028],[-158.717,205.948,64.2569],[-168.848,226.061,59.1108],[[[-0.612742,-0.768506,-0.184241],[-0.626646,0.330431,0.705784],[0.48152,-0.547918,0.68405]],[[-0.752699,-0.491254,-0.438308],[-0.472057,-0.0613615,0.87943],[0.458919,-0.868852,0.185713]],[[-0.752699,-0.491254,-0.438308],[-0.51227,0.0188216,0.858618],[0.41355,-0.870813,0.265822]],[[-0.752699,-0.491254,-0.438308],[-0.49106,-0.0245289,0.870781],[0.438526,-0.870671,0.222772]]],0],[921,[-0.0895795,0.647127,-0.757101],92,58.0454,[-168.948,199.494,-51.0739],[-169.039,197.371,-51.6606],[195.516,-293.046,112.16],false,[-137.706,119.198,72.7387],[-156.249,149.984,9.63984],[-166.947,174.514,-23.2554],[-169.084,189.953,-41.3177],[-168.416,201.532,-53.5599],[[[0.409455,-0.76674,-0.494426],[-0.875867,-0.482042,0.0221929],[0.25535,-0.423964,0.868936]],[[0.362118,-0.686973,-0.630031],[-0.897345,-0.439846,-0.036161],[0.252275,-0.57845,0.775728]],[[0.362118,-0.686973,-0.630031],[-0.927818,-0.330598,-0.172798],[0.0895795,-0.647127,0.757101]],[[0.362118,-0.686973,-0.630031],[-0.931291,-0.237927,-0.27584],[-0.0395933,-0.686629,0.725929]]],1],[922,[0.159552,0.366579,-0.916604],92,66.1381,[-139.216,160.027,-81.5165],[-140.607,159.463,-81.7612],[279.148,-220.309,37.1569],false,[-134.403,109.416,66.3263],[-147.878,131.157,2.38888],[-147.581,143.43,-43.5757],[-143.103,153.719,-69.3028],[-138.03,161.895,-85.1603],[[[0.583463,-0.723484,-0.368974],[-0.788216,-0.61392,-0.0426433],[0.195669,-0.315712,0.928461]],[[0.608682,-0.76753,-0.201007],[-0.793389,-0.586815,-0.161808],[-0.00623889,-0.257967,0.966134]],[[0.608682,-0.76753,-0.201007],[-0.777206,-0.52585,-0.345591],[-0.159552,-0.366579,0.916604]],[[0.608682,-0.76753,-0.201007],[-0.744781,-0.465399,-0.478231],[-0.273508,-0.440797,0.854922]]],2],[923,[0.0229474,0.448771,-0.893352],92,63.5936,[-138.458,146.901,-76.6884],[-139.449,146.07,-76.8897],[282.842,-239.557,12.3303],false,[-128.222,100.396,61.0844],[-135.823,112.229,0.876915],[-140.891,127.168,-40.3059],[-140.263,139.438,-64.7329],[-137.881,149.1,-80.2599],[[[0.663646,-0.713705,-0.22405],[-0.737877,-0.673792,-0.0392768],[0.122931,-0.191387,0.973786]],[[0.64621,-0.688479,-0.329255],[-0.754458,-0.641293,-0.139775],[0.114916,-0.338733,0.933839]],[[0.64621,-0.688479,-0.329255],[-0.762814,-0.569738,-0.305799],[-0.0229474,-0.448771,0.893352]],[[0.64621,-0.688479,-0.329255],[-0.75215,-0.501548,-0.427457],[-0.129158,-0.523876,0.841945]]],3],[924,[0.00154888,0.295243,-0.955421],92,49.8562,[-124.091,114.334,-63.3816],[-122.911,113.616,-63.551],[323.987,-241.047,-37.3253],false,[-115.912,94.3317,58.0807],[-120.887,97.2783,1.13977],[-124.55,103.071,-33.0817],[-124.52,108.771,-51.5264],[-123.079,115.412,-67.1237],[[[0.786148,-0.609853,-0.100249],[-0.611894,-0.79084,0.0125404],[0.0869289,-0.0514832,0.994883]],[[0.775806,-0.603197,-0.185142],[-0.622181,-0.780133,-0.0654499],[0.104956,-0.165968,0.98053]],[[0.775806,-0.603197,-0.185142],[-0.630969,-0.740935,-0.229986],[-0.00154888,-0.295243,0.955421]],[[0.775806,-0.603197,-0.185142],[-0.625258,-0.695545,-0.353933],[-0.084717,-0.390345,0.916763]]],4],[930,[0.399726,0.773524,-0.491812],93,51.1198,[104.353,220.086,35.761],[102.022,217.624,36.6091],[-422.67,-376.828,-19.7407],false,[61.0124,132.492,65.2871],[61.0124,132.492,65.2871],[80.993,176.572,57.8595],[94.3613,202.441,41.4115],[103.788,221.945,33.8144],[[[0.865983,-0.46705,0.178712],[0.11908,0.539686,0.833402],[-0.485689,-0.700431,0.522975]],[[0.91147,-0.392296,0.123804],[-0.0519451,0.188789,0.980643],[-0.408075,-0.900257,0.151697]],[[0.91147,-0.392296,0.123804],[0.0971705,0.497759,0.861855],[-0.399726,-0.773524,0.491812]],[[0.91147,-0.392296,0.123804],[0.0246405,0.352481,0.935495],[-0.410629,-0.849624,0.330942]]],0],[931,[0.171768,0.470843,-0.865334],93,57.683,[133.221,198.549,-56.2943],[134.475,197.327,-55.8795],[-373.576,-342.07,14.0186],false,[83.0842,125.216,64.5824],[113.098,161.332,9.78918],[128.289,180.958,-24.2683],[132.361,192.121,-44.7839],[132.681,199.864,-59.6431],[[[0.134081,-0.859568,-0.493117],[0.899462,-0.103289,0.424616],[-0.415921,-0.500473,0.7593]],[[0.114535,-0.881977,-0.457163],[0.92571,-0.0722305,0.371272],[-0.360475,-0.465724,0.808182]],[[0.114535,-0.881977,-0.457163],[0.978457,0.0205853,0.205424],[-0.171768,-0.470843,0.865334]],[[0.114535,-0.881977,-0.457163],[0.993236,0.0928342,0.0697407],[-0.0190693,-0.462059,0.886644]]],1],[932,[0.0903765,0.365323,-0.926483],93,65.7252,[131.435,172.174,-78.5343],[133.185,171.809,-78.0517],[-315.663,-361.58,10.881],false,[86.4284,115.063,58.961],[115.793,140.949,2.82836],[129.787,156.419,-39.5993],[132.308,166.609,-65.4414],[131.016,173.678,-82.4152],[[[-0.0786578,-0.888994,-0.451112],[0.899831,-0.258085,0.351703],[-0.429088,-0.378261,0.820245]],[[-0.117581,-0.91987,-0.374185],[0.947921,-0.216278,0.233816],[-0.296008,-0.327206,0.897394]],[[-0.117581,-0.91987,-0.374185],[0.988942,-0.142754,0.0401797],[-0.0903765,-0.365323,0.926483]],[[-0.117581,-0.91987,-0.374185],[0.990584,-0.0820312,-0.109613],[0.0701348,-0.38355,0.920853]]],2],[933,[0.00804754,0.316757,-0.948473],93,63.1965,[121.574,143.735,-80.1101],[123.425,143.76,-79.7298],[-311.957,-371.227,0.845924],false,[86.6252,104.479,53.2022],[113.125,118.979,-0.301663],[123.703,130.154,-41.3369],[123.922,138.761,-67.109],[120.848,145.194,-83.9916],[[[-0.208552,-0.912967,-0.35071],[0.877775,-0.332867,0.344543],[-0.431296,-0.235989,0.8708]],[[-0.228235,-0.922885,-0.310148],[0.943211,-0.288566,0.164567],[-0.241375,-0.254975,0.936336]],[[-0.228235,-0.922885,-0.310148],[0.973573,-0.21897,-0.0648679],[-0.00804754,-0.316757,0.948473]],[[-0.228235,-0.922885,-0.310148],[0.959046,-0.158223,-0.23494],[0.16775,-0.351068,0.921201]]],3],[934,[0.0465046,0.411951,-0.910019],93,49.5449,[115.215,124.254,-63.6701],[116.966,123.829,-63.3736],[-337.353,-356.371,-4.70051],false,[79.7468,94.203,46.7241],[105.913,99.5138,-3.49579],[116.129,110.242,-34.8559],[117.021,118.145,-52.3145],[114.669,126.072,-67.0621],[[[-0.399216,-0.866511,-0.299643],[0.793077,-0.490347,0.361371],[-0.460061,-0.0933743,0.882964]],[[-0.341996,-0.849383,-0.401979],[0.892346,-0.427631,0.144396],[-0.294546,-0.309322,0.904192]],[[-0.341996,-0.849383,-0.401979],[0.93855,-0.329917,-0.101385],[-0.0465046,-0.411951,0.910019]],[[-0.341996,-0.849383,-0.401979],[0.929347,-0.242392,-0.278496],[0.139114,-0.468823,0.872269]]],4]],[[0,200,0],[235.247,235.247,147.751]]],[143808,4989651005,[[92,"left",[-0.248443,0.190535,-0.949722],[0.835872,0.537626,-0.110801],[-128.845,118.344,24.4588],[436.154,-507.005,11.2892],[-131.277,121.134,24.2589],0,0,0.178565,[[0.555662,-0.749679,-0.359474],[-0.642075,-0.11226,-0.758378],[-0.528185,-0.652211,0.543729]],62.8943,[-256.246,-74.0991,218.253],[-115.484,99.7158,73.3484]],[93,"right",[0.531824,0.311734,-0.787391],[-0.846814,0.186617,-0.498077],[94.9912,126.223,17.1819],[-359.197,-425.253,-40.2711],[95.2591,126.559,17.2457],0,0,0.157656,[[0.00333213,-0.924686,-0.380715],[0.966549,0.100618,-0.235922],[0.256461,-0.367194,0.89409]],62.5016,[138.393,4.70811,295.071],[70.4723,101.955,58.2827]]],[[920,[-0.405694,0.873359,-0.269549],92,51.441,[-168.784,228.432,59.0866],[-163.071,214.633,58.4957],[251.586,-508.172,109.273],false,[-119.508,127.916,83.615],[-119.508,127.916,83.615],[-141.136,170.862,72.8709],[-154.789,200.254,63.7996],[-165.224,220.352,59.2393],[[[-0.599139,-0.774206,-0.204053],[-0.670789,0.346244,0.655864],[0.437122,-0.52983,0.726777]],[[-0.726035,-0.487076,-0.485419],[-0.529323,-0.0547619,0.846651],[0.438965,-0.871641,0.218061]],[[-0.726035,-0.487076,-0.485419],[-0.555236,-0.00122937,0.831692],[0.405694,-0.873359,0.269549]],[[-0.726035,-0.487076,-0.485419],[-0.518495,-0.075937,0.851702],[0.451705,-0.870052,0.197413]]],0],[921,[-0.0414597,0.630429,-0.775139],92,58.0454,[-159.922,191.9,-53.0367],[-157.718,188.236,-54.5013],[487.8,-495.328,-5.21158],false,[-134.368,113.013,73.3915],[-148.854,142.197,8.49475],[-157.471,165.979,-25.5401],[-158.46,181.019,-44.0327],[-157.011,192.334,-56.454],[[[0.440821,-0.777722,-0.448135],[-0.875146,-0.483357,-0.0220138],[0.199489,-0.401888,0.893695]],[[0.401437,-0.699922,-0.590726],[-0.893056,-0.442242,-0.082901],[0.203219,-0.560831,0.802602]],[[0.401437,-0.699922,-0.590726],[-0.914948,-0.335661,-0.224059],[0.0414597,-0.630429,0.775139]],[[0.401437,-0.699922,-0.590726],[-0.911848,-0.244924,-0.329463],[-0.0859151,-0.670911,0.736544]]],1],[922,[0.221358,0.348251,-0.910891],92,66.1381,[-126.384,150.841,-81.4355],[-127.08,149.726,-81.7817],[618.541,-457.867,29.7755],false,[-130.654,103.084,67.4469],[-140.022,123.216,2.26121],[-136.657,134.525,-43.8281],[-130.443,144.3,-69.3948],[-124.296,152.168,-85.0266],[[[0.606409,-0.730996,-0.312911],[-0.783429,-0.616588,-0.0778333],[0.136041,-0.292342,0.946588]],[[0.62082,-0.770658,-0.14377],[-0.780755,-0.591251,-0.202099],[-0.0707448,-0.237716,0.968755]],[[0.62082,-0.770658,-0.14377],[-0.752053,-0.533674,-0.386792],[-0.221358,-0.348251,0.910891]],[[0.62082,-0.770658,-0.14377],[-0.710458,-0.475549,-0.518751],[-0.33141,-0.424193,0.84275]]],2],[923,[0.0775518,0.427247,-0.900803],92,63.5936,[-126.498,137.627,-76.4185],[-126.619,136.258,-76.637],[596.693,-477.485,17.8581],false,[-124.143,93.9524,62.8356],[-127.881,104.284,1.99143],[-130.429,118.202,-39.7779],[-128.308,129.884,-64.4086],[-124.977,139.18,-79.9838],[[[0.67714,-0.717474,-0.163438],[-0.733366,-0.676244,-0.0697756],[0.0604619,-0.167108,0.984083]],[[0.666197,-0.694405,-0.271999],[-0.743536,-0.64669,-0.170135],[0.0577562,-0.315585,0.947138]],[[0.666197,-0.694405,-0.271999],[-0.741733,-0.579018,-0.338483],[-0.0775518,-0.427247,0.900803]],[[0.666197,-0.69