{"metadata":{"formatVersion":2,"generatedBy":"LeapJS Playback 0.2.1","frames":84,"protocolVersion":6,"serviceVersion":"2.2.5+26752","frameRate":"87","modified":"Thu Apr 16 2015 19:53:27 GMT-0300 (E. South America Standard Time)"},"frames":[["id","timestamp",{"hands":[["id","type","direction","palmNormal","palmPosition","palmVelocity","stabilizedPalmPosition","pinchStrength","grabStrength","confidence","armBasis","armWidth","elbow","wrist"]]},{"pointables":[["id","direction","handId","length","stabilizedTipPosition","tipPosition","tipVelocity","tool","carpPosition","mcpPosition","pipPosition","dipPosition","btipPosition","bases","type"]]},{"interactionBox":["center","size"]}],[143872,4990405588,[[92,"left",[-0.415819,0.302598,-0.85763],[0.77865,0.605697,-0.163817],[-148.907,141.093,22.3968],[652.447,-610.508,-127.47],[-156.035,147.535,23.8293],0,0,0.0882106,[[0.427207,-0.793134,-0.434089],[-0.754396,-0.0480407,-0.654659],[-0.498378,-0.60715,0.61886]],62.8943,[-259.347,-44.9615,230.066],[-126.529,116.845,65.1394]],[93,"right",[0.590516,0.248469,-0.767824],[-0.803812,0.265904,-0.532147],[97.6859,143.895,42.7761],[-274.432,-379.016,-135.037],[98.8364,145.564,43.3641],0,0,0.366517,[[-0.0944079,-0.911192,-0.40102],[0.904185,0.0900774,-0.417535],[0.416577,-0.402015,0.815382]],62.5016,[179.601,16.1746,298.977],[69.2758,122.643,83.0334]]],[[920,[-0.483017,0.870994,-0.0897936],92,51.441,[-180.879,238.617,67.275],[-178.866,229.9,71.0573],[308.58,-887.167,307.997],false,[-130.046,142.987,80.0068],[-130.046,142.987,80.0068],[-154.696,185.574,77.4968],[-170.952,214.886,74.475],[-180.877,235.238,69.9006],[[[-0.588501,-0.778834,-0.216989],[-0.564111,0.203288,0.800283],[0.579176,-0.593373,0.558984]],[[-0.772511,-0.472175,-0.424592],[-0.391049,-0.173074,0.903951],[0.500308,-0.864347,0.050942]],[[-0.772511,-0.472175,-0.424592],[-0.412216,-0.135719,0.900921],[0.483017,-0.870994,0.0897936]],[[-0.772511,-0.472175,-0.424592],[-0.467572,-0.0294539,0.883464],[0.429655,-0.881013,0.198022]]],0],[921,[-0.263916,0.727682,-0.63311],92,58.0454,[-196.588,224.895,-40.4269],[-197.09,220.465,-36.8511],[44.9321,-517.647,320.607],false,[-145.725,128.634,70.2296],[-172.44,165.454,13.6283],[-189.744,193.167,-13.4057],[-196.04,210.527,-28.5099],[-198.483,223.561,-38.9292],[[[0.393405,-0.674658,-0.624555],[-0.842546,-0.536416,0.0487312],[0.367898,-0.507045,0.779459]],[[0.310346,-0.557414,-0.770049],[-0.858592,-0.512067,0.0246387],[0.408051,-0.653511,0.637509]],[[0.310346,-0.557414,-0.770049],[-0.913255,-0.399711,-0.0787225],[0.263916,-0.727682,0.63311]],[[0.310346,-0.557414,-0.770049],[-0.939518,-0.303309,-0.15909],[0.144884,-0.772848,0.617831]]],1],[922,[-0.111872,0.636377,-0.763223],92,66.1381,[-178.986,203.792,-67.8521],[-180.35,201.773,-65.9075],[201.921,-387.867,126.187],false,[-142.624,119.917,62.3493],[-163.931,148.198,3.28654],[-176.3,173.793,-34.863],[-179.44,191.654,-56.2851],[-179.354,204.597,-69.5713],[[[0.577324,-0.635561,-0.5126],[-0.755624,-0.653754,-0.0404578],[0.309401,-0.410691,0.857674]],[[0.550155,-0.599935,-0.580868],[-0.793559,-0.592171,-0.139991],[0.259988,-0.53797,0.801869]],[[0.550155,-0.599935,-0.580868],[-0.827535,-0.484874,-0.28299],[0.111872,-0.636377,0.763223]],[[0.550155,-0.599935,-0.580868],[-0.83505,-0.391384,-0.386666],[-0.00463228,-0.69778,0.716297]]],2],[923,[-0.129409,0.645716,-0.752532],92,63.5936,[-166.711,182.505,-67.7693],[-166.166,181.98,-67.5125],[228.725,-300.61,41.5832],false,[-136.58,111.999,55.4336],[-151.147,130.397,-1.76844],[-162.842,154.384,-36.8785],[-166.38,172.04,-57.455],[-166.816,185.13,-70.4378],[[[0.67187,-0.637967,-0.376281],[-0.702198,-0.710251,-0.049616],[0.235601,-0.29756,0.925176]],[[0.600235,-0.553068,-0.577784],[-0.754583,-0.631089,-0.179811],[0.265185,-0.543915,0.796137]],[[0.600235,-0.553068,-0.577784],[-0.789285,-0.526466,-0.31601],[0.129409,-0.645716,0.752532]],[[0.600235,-0.553068,-0.577784],[-0.799475,-0.436199,-0.413001],[0.0236115,-0.709821,0.703986]]],3],[924,[-0.117945,0.435125,-0.892611],92,49.8562,[-148.357,143.937,-63.8833],[-145.913,143.807,-64.8413],[436.61,-261.149,-175.655],false,[-124.364,107.137,50.4875],[-135.519,116.509,-4.86081],[-142.931,127.552,-37.1283],[-145.208,135.952,-54.3605],[-145.943,144.792,-68.879],[[[0.801349,-0.541936,-0.253268],[-0.565558,-0.824311,-0.0256041],[0.194896,-0.163756,0.967057]],[[0.775543,-0.521026,-0.356463],[-0.594498,-0.792729,-0.134732],[0.21238,-0.316407,0.924544]],[[0.775543,-0.521026,-0.356463],[-0.620179,-0.734302,-0.276005],[0.117945,-0.435125,0.892611]],[[0.775543,-0.521026,-0.356463],[-0.629816,-0.67721,-0.380419],[0.0431921,-0.519537,0.853355]]],4],[930,[0.320582,0.631516,-0.705985],93,51.1198,[101.817,240.172,61.7237],[97.7336,230.31,53.1624],[-184.415,-384.256,-305.124],false,[60.7904,150.672,89.9489],[60.7904,150.672,89.9489],[80.7111,195.129,85.0391],[91.4325,216.249,61.4284],[99.9768,234.027,49.6852],[[[0.80523,-0.564151,0.182587],[0.18692,0.533724,0.824743],[-0.562731,-0.629978,0.535221]],[[0.913454,-0.403343,0.053994],[-0.00857981,0.113564,0.993494],[-0.406851,-0.907974,0.100275]],[[0.913454,-0.403343,0.053994],[0.250656,0.662195,0.706166],[-0.320582,-0.631516,0.705985]],[[0.913454,-0.403343,0.053994],[0.164515,0.487375,0.857555],[-0.372204,-0.774454,0.511551]]],0],[931,[0.238676,0.409609,-0.880485],93,57.683,[142.728,209.003,-31.4745],[139.224,204.235,-33.5738],[-326.946,-507.244,-283.041],false,[81.8359,140.811,89.274],[115.637,172.298,33.8346],[131.656,188.703,-1.52237],[137.315,198.414,-22.3971],[139.412,205.439,-37.4677],[[[0.0282249,-0.876487,-0.480597],[0.883065,-0.203428,0.422863],[-0.468401,-0.436334,0.768253]],[[-0.0060926,-0.90604,-0.423149],[0.924913,-0.165964,0.342042],[-0.380131,-0.389292,0.839019]],[[-0.0060926,-0.90604,-0.423149],[0.97108,-0.10636,0.213754],[-0.238676,-0.409609,0.880485]],[[-0.0060926,-0.90604,-0.423149],[0.992123,-0.0584236,0.110811],[-0.125121,-0.419141,0.899259]]],1],[932,[0.163731,0.314709,-0.93496],93,65.7252,[137.99,181.443,-53.9996],[135.535,178.194,-55.165],[-351.074,-553.855,-247.735],false,[83.9182,130.251,83.794],[115.85,151.64,27.1719],[130.326,164.381,-15.9952],[134.893,173.159,-42.0738],[135.863,179.507,-59.3518],[[[-0.186275,-0.879771,-0.437384],[0.864626,-0.358211,0.352289],[-0.466609,-0.312551,0.827398]],[[-0.234904,-0.908052,-0.346789],[0.922537,-0.320654,0.214722],[-0.306178,-0.269487,0.913035]],[[-0.234904,-0.908052,-0.346789],[0.95813,-0.276406,0.0747501],[-0.163731,-0.314709,0.93496]],[[-0.234904,-0.908052,-0.346789],[0.970594,-0.238435,-0.0331166],[-0.0526151,-0.34437,0.937358]]],2],[933,[0.131564,0.264972,-0.955239],93,63.1965,[128.221,152.989,-55.2822],[126.727,151.514,-55.6935],[-382.498,-566.933,-203.456],false,[82.8237,119.637,78.1946],[110.571,130.101,24.3828],[122.672,139.08,-16.7707],[126.247,146.28,-42.7267],[126.619,151.888,-60.1705],[[[-0.317555,-0.886653,-0.336162],[0.833793,-0.429932,0.346335],[-0.451606,-0.170309,0.875812]],[[-0.338483,-0.893693,-0.294519],[0.899552,-0.399166,0.177404],[-0.276106,-0.204887,0.939035]],[[-0.338483,-0.893693,-0.294519],[0.93173,-0.36208,0.0278892],[-0.131564,-0.264972,0.955238]],[[-0.338483,-0.893693,-0.294519],[0.940753,-0.328167,-0.0853876],[-0.0203411,-0.305972,0.951823]]],3],[934,[0.0937556,0.256936,-0.96187],93,49.5449,[112.591,127.242,-41.8066],[112.069,126.476,-41.9089],[-387.526,-524.915,-143.977],false,[74.737,110.159,71.8969],[101.079,111.588,21.5083],[110.279,116.687,-11.5412],[112.077,121.616,-29.9945],[111.473,127.221,-45.9344],[[[-0.501062,-0.817098,-0.28511],[0.731055,-0.575951,0.36584],[-0.463136,-0.0251226,0.885931]],[[-0.50986,-0.81743,-0.26805],[0.818339,-0.55695,0.141874],[-0.265263,-0.14702,0.952901]],[[-0.50986,-0.81743,-0.26805],[0.855133,-0.515551,-0.0543627],[-0.0937556,-0.256936,0.96187]],[[-0.50986,-0.81743,-0.26805],[0.859513,-0.471102,-0.198243],[0.0357706,-0.331469,0.942788]]],4]],[[0,200,0],[235.247,235.247,147.751]]],[143873,4990423543,[[93,"right",[0.566669,0.220012,-0.794028],[-0.804314,0.356819,-0.475141],[88.5058,126.463,37.1961],[-386.444,-658.93,-218.151],[89.1181,127.595,37.5617],0,0,0.293771,[[-0.144092,-0.938235,-0.314568],[0.884703,0.0202719,-0.465714],[0.443326,-0.345405,0.827138]],62.5016,[177.971,15.0326,297.489],[60.5621,106.509,78.4321]]],[[930,[0.339006,0.625936,-0.702338],93,51.1198,[99.2674,223.52,54.541],[97.2683,212.117,50.1635],[-111.367,-680.098,-237.146],false,[55.139,134.938,86.6662],[55.139,134.938,86.6662],[78.8256,177.533,81.979],[90.1632,198.467,58.4903],[99.6575,215.792,46.7996],[[[0.758032,-0.641552,0.117467],[0.282436,0.485232,0.827514],[-0.587892,-0.594105,0.549019]],[[0.873309,-0.487007,-0.0124986],[0.057494,0.0775549,0.995329],[-0.483763,-0.869948,0.0957293]],[[0.873309,-0.487007,-0.0124986],[0.349867,0.609121,0.711734],[-0.339006,-0.625936,0.702338]],[[0.873309,-0.487007,-0.0124986],[0.257447,0.439573,0.860521],[-0.413586,-0.754718,0.509262]]],0],[931,[0.226009,0.416354,-0.880664],93,57.683,[133.525,190.563,-38.1109],[131.1,185.365,-39.6938],[-387.751,-763.095,-310.135],false,[75.0986,123.221,84.4456],[108.497,153.397,28.0416],[123.924,169.494,-7.71812],[129.282,179.365,-28.5971],[131.189,186.685,-43.5517],[[[-0.0811044,-0.858067,-0.507093],[0.882735,-0.298085,0.363214],[-0.462819,-0.418171,0.781621]],[[-0.11477,-0.886379,-0.44851],[0.923481,-0.261579,0.280641],[-0.366075,-0.381981,0.848575]],[[-0.11477,-0.886379,-0.44851],[0.967341,-0.202441,0.152545],[-0.226009,-0.416354,0.880664]],[[-0.11477,-0.886379,-0.44851],[0.986852,-0.153453,0.0507381],[-0.113798,-0.43679,0.892337]]],1],[932,[0.14744,0.324821,-0.934213],93,65.7252,[126.171,162.923,-60.9883],[124.072,160.257,-61.8615],[-483.771,-767.615,-307.531],false,[75.8709,112.713,78.5418],[106.4,133.052,20.771],[119.531,145.777,-22.8289],[123.644,154.837,-48.8865],[124.493,161.525,-66.0418],[[[-0.292176,-0.843201,-0.451271],[0.84594,-0.447969,0.289327],[-0.446116,-0.297213,0.844183]],[[-0.339206,-0.870645,-0.356253],[0.898779,-0.411755,0.150512],[-0.277732,-0.269138,0.922188]],[[-0.339206,-0.870645,-0.356253],[0.929086,-0.369417,0.0181863],[-0.14744,-0.324821,0.934213]],[[-0.339206,-0.870645,-0.356253],[0.939582,-0.332123,-0.0829493],[-0.0461004,-0.362866,0.9307]]],2],[933,[0.109443,0.278889,-0.954067],93,63.1965,[114.019,135.097,-62.457],[112.808,134.398,-62.664],[-564.866,-749.441,-290.119],false,[73.4735,102.445,72.7068],[98.9822,112.197,17.6672],[109.685,121.271,-23.8512],[112.659,128.849,-49.7754],[112.767,134.876,-67.0823],[[[-0.417574,-0.841563,-0.342641],[0.808251,-0.516313,0.28311],[-0.415165,-0.158721,0.895793]],[[-0.437487,-0.848351,-0.298172],[0.865425,-0.487278,0.116613],[-0.244221,-0.207029,0.947362]],[[-0.437487,-0.848351,-0.298172],[0.89254,-0.450024,-0.0291643],[-0.109443,-0.278889,0.954067]],[[-0.437487,-0.848351,-0.298172],[0.899205,-0.4149,-0.138879],[-0.00589307,-0.328876,0.944355]]],3],[934,[0.0618031,0.278026,-0.958583],93,49.5449,[96.3763,110.819,-48.8087],[96.2563,110.654,-48.7408],[-622.815,-692.211,-255.615],false,[64.1925,93.9736,66.6258],[87.6531,94.7432,14.8191],[95.2717,100.107,-18.589],[96.4574,105.441,-36.9793],[95.5006,111.563,-52.7098],[[[-0.590587,-0.757321,-0.278697],[0.693588,-0.652902,0.304391],[-0.412484,-0.0135311,0.910864]],[[-0.599625,-0.757435,-0.258345],[0.769544,-0.634332,0.0736532],[-0.219664,-0.154644,0.963241]],[[-0.599625,-0.757435,-0.258345],[0.797891,-0.590757,-0.1199],[-0.0618031,-0.278026,0.958583]],[[-0.599625,-0.757435,-0.258345],[0.798278,-0.543273,-0.260013],[0.0565908,-0.362142,0.930404]]],4]],[[0,200,0],[235.247,235.247,147.751]]],[143874,4990431657,[[93,"right",[0.559661,0.225735,-0.797385],[-0.804958,0.376841,-0.458294],[86.0019,121.526,34.9033],[-366.88,-646.236,-234.337],[86.8644,123.205,35.6391],0,0,0.298462,[[-0.141126,-0.946256,-0.291003],[0.879075,0.0154114,-0.476435],[0.455314,-0.323051,0.829655]],62.5016,[178.88,15.6995,295.869],[58.2958,101.255,76.1452]]],[[930,[0.339824,0.634142,-0.694538],93,51.1198,[98.2361,217.38,52.4104],[96.2185,206.81,49.2758],[-116.192,-672.539,-203.619],false,[53.3996,129.61,84.9453],[53.3996,129.61,84.9453],[77.6561,171.934,80.7327],[89.0211,193.142,57.5048],[98.6228,210.533,46.0009],[[[0.749898,-0.654503,0.0963298],[0.300145,0.466363,0.832117],[-0.589548,-0.59509,0.54617]],[[0.86576,-0.499411,-0.0323837],[0.0709598,0.0584442,0.995766],[-0.495403,-0.864392,0.0860367]],[[0.86576,-0.499411,-0.0323837],[0.367396,0.590299,0.718727],[-0.339824,-0.634142,0.694538]],[[0.86576,-0.499411,-0.0323837],[0.2748,0.420308,0.864769],[-0.418264,-0.757582,0.501124]]],0],[931,[0.221039,0.428438,-0.876118],93,57.683,[130.817,185.673,-40.0173],[128.473,181.148,-41.4992],[-371.904,-701.504,-288.127],false,[73.1536,117.645,82.2599],[106.271,148.324,25.9612],[121.464,164.826,-9.71383],[126.705,174.983,-30.485],[128.537,182.536,-45.3329],[[[-0.100269,-0.847696,-0.520919],[0.882801,-0.317287,0.346397],[-0.458921,-0.425135,0.780162]],[[-0.133619,-0.876563,-0.462367],[0.923124,-0.279819,0.263711],[-0.360539,-0.391585,0.846566]],[[-0.133619,-0.876563,-0.462367],[0.966068,-0.219267,0.136507],[-0.221039,-0.428438,0.876118]],[[-0.133619,-0.876563,-0.462367],[0.984979,-0.168954,0.0356566],[-0.109374,-0.450657,0.885972]]],1],[932,[0.142972,0.337053,-0.930567],93,65.7252,[123.154,158.838,-62.97],[120.895,156.44,-64.0377],[-459.517,-694.019,-297.943],false,[73.6948,107.233,76.1636],[103.781,128.143,18.3639],[116.538,141.398,-25.1887],[120.526,150.8,-51.1446],[121.344,157.728,-68.206],[[[-0.310367,-0.830747,-0.462096],[0.842851,-0.465289,0.270387],[-0.439631,-0.305559,0.844605]],[[-0.356965,-0.859381,-0.366114],[0.894296,-0.427622,0.131811],[-0.269834,-0.280362,0.921188]],[[-0.356965,-0.859381,-0.366114],[0.923111,-0.384524,0.00255125],[-0.142972,-0.337053,0.930567]],[[-0.356965,-0.859381,-0.366114],[0.933062,-0.346659,-0.0960322],[-0.0443883,-0.375887,0.925602]]],2],[933,[0.105302,0.291991,-0.950607],93,63.1965,[110.837,131.512,-64.5722],[109.31,130.712,-65.144],[-528.446,-674.786,-293.698],false,[71.0714,97.1062,70.1817],[96.0155,107.457,14.993],[106.42,117.046,-26.4854],[109.281,124.98,-52.3155],[109.351,131.265,-69.5308],[[[-0.434328,-0.829202,-0.351828],[0.804078,-0.532957,0.263468],[-0.405977,-0.168466,0.898222]],[[-0.453778,-0.836487,-0.307204],[0.858907,-0.502411,0.0993067],[-0.237411,-0.218796,0.946448]],[[-0.453778,-0.836487,-0.307204],[0.884871,-0.463713,-0.0444156],[-0.105302,-0.291991,0.950607]],[[-0.453778,-0.836487,-0.307204],[0.891107,-0.427423,-0.152441],[-0.00379078,-0.342926,0.939355]]],3],[934,[0.0543918,0.291565,-0.955003],93,49.5449,[92.9243,107.522,-51.0946],[92.3954,107.029,-51.4335],[-585.495,-630.928,-274.987],false,[61.589,88.8794,64.0752],[84.3939,90.2228,11.9882],[91.6214,96.0275,-21.4332],[92.6649,101.621,-39.7547],[91.6354,107.98,-55.3867],[[[-0.605243,-0.743593,-0.284168],[0.687689,-0.668216,0.283852],[-0.400956,-0.0236194,0.915793]],[[-0.614678,-0.743945,-0.262137],[0.760753,-0.646943,0.0521543],[-0.208388,-0.167364,0.96362]],[[-0.614678,-0.743945,-0.262137],[0.7869,-0.601278,-0.138754],[-0.0543918,-0.291565,0.955003]],[[-0.614678,-0.743945,-0.262137],[0.786424,-0.552355,-0.276481],[0.0608936,-0.376098,0.924577]]],4]],[[0,200,0],[235.247,235.247,147.751]]],[143875,4990440318,[[93,"right",[0.547184,0.219829,-0.807629],[-0.81176,0.374598,-0.448021],[83.7164,118.151,34.2952],[-339.507,-578.04,-190.721],[84.4968,119.404,34.6283],0,0,0.313337,[[-0.126459,-0.95977,-0.250699],[0.866323,0.0162538,-0.499219],[0.48321,-0.280317,0.829415]],62.5016,[184.62,23.9468,295.765],[56.6475,98.1852,76.1048]]],[[930,[0.331136,0.633337,-0.699452],93,51.1198,[96.6771,211.601,50.4593],[94.2877,203.619,48.1321],[-144.795,-588.67,-178.421],false,[51.9173,126.603,84.7912],[51.9173,126.603,84.7912],[76.1302,168.902,80.1037],[87.2046,190.083,56.7115],[96.6478,207.432,45.0141],[[[0.750725,-0.654614,0.0888394],[0.3137,0.471602,0.824126],[-0.581382,-0.590823,0.559396]],[[0.864988,-0.499931,-0.0431707],[0.0851553,0.0614612,0.99447],[-0.494514,-0.863881,0.0957351]],[[0.864988,-0.499931,-0.0431707],[0.37702,0.590723,0.713374],[-0.331136,-0.633337,0.699452]],[[0.864988,-0.499931,-0.0431707],[0.287368,0.423,0.859355],[-0.411357,-0.755738,0.509555]]],0],[931,[0.207825,0.42222,-0.882349],93,57.683,[127.484,180.901,-41.9492],[125.025,177.212,-43.1752],[-378.972,-635.836,-262.667],false,[71.6153,114.6,81.8739],[103.866,144.868,24.8545],[118.49,161.118,-11.1721],[123.418,171.128,-32.091],[125.037,178.576,-47.0165],[[[-0.109278,-0.851054,-0.513582],[0.887878,-0.315872,0.334511],[-0.446913,-0.419443,0.79015]],[[-0.141757,-0.879521,-0.454255],[0.927075,-0.278834,0.250567],[-0.347041,-0.385609,0.854908]],[[-0.141757,-0.879521,-0.454255],[0.96784,-0.219484,0.122934],[-0.207825,-0.42222,0.882349]],[[-0.141757,-0.879521,-0.454255],[0.985174,-0.170141,0.0219862],[-0.0966247,-0.444404,0.8906]]],1],[932,[0.131663,0.328295,-0.935354],93,65.7252,[119.548,154.417,-64.7122],[117.193,152.24,-65.459],[-449.795,-639.609,-262.437],false,[72.0505,104.147,75.8397],[101.237,124.64,17.4328],[113.314,137.538,-26.42],[116.987,146.695,-52.5095],[117.644,153.451,-69.6468],[[[-0.318402,-0.833496,-0.451558],[0.846594,-0.464337,0.260134],[-0.426496,-0.299459,0.853478]],[[-0.363936,-0.861669,-0.353662],[0.895712,-0.427904,0.120821],[-0.255441,-0.272808,0.927537]],[[-0.363936,-0.861669,-0.353662],[0.922071,-0.386973,-0.00602791],[-0.131663,-0.328295,0.935354]],[[-0.363936,-0.861669,-0.353662],[0.930741,-0.350971,-0.102665],[-0.0356618,-0.366531,0.929722]]],2],[933,[0.100932,0.280803,-0.954444],93,63.1965,[107.574,127.171,-66.0004],[105.959,126.292,-66.2088],[-482.956,-631.17,-246.723],false,[69.3234,93.9831,69.968],[93.4008,103.94,14.3236],[103.473,113.091,-27.3351],[106.216,120.721,-53.2695],[106.248,126.793,-70.5612],[[[-0.440602,-0.831088,-0.339357],[0.807655,-0.53201,0.254282],[-0.391872,-0.162046,0.905636]],[[-0.459071,-0.837963,-0.29508],[0.858155,-0.504196,0.0967304],[-0.229834,-0.208818,0.950564]],[[-0.459071,-0.837963,-0.29508],[0.882648,-0.46794,-0.0443314],[-0.100932,-0.280803,0.954444]],[[-0.459071,-0.837963,-0.29508],[0.888398,-0.433658,-0.150632],[-0.0017397,-0.331299,0.943524]]],3],[934,[0.0414823,0.278868,-0.959433],93,49.5449,[89.2091,103.328,-52.2005],[88.6979,102.807,-52.1308],[-541.783,-595.189,-223.442],false,[59.738,85.7255,64.0674],[81.7173,86.6975,11.6184],[88.3427,92.1534,-21.986],[89.1386,97.5034,-40.3925],[87.9531,103.626,-56.1077],[[[-0.610346,-0.744853,-0.269577],[0.691478,-0.66701,0.27741],[-0.38644,-0.0170905,0.922156]],[[-0.621026,-0.745038,-0.243403],[0.760155,-0.648207,0.0446312],[-0.191028,-0.157307,0.968898]],[[-0.621026,-0.745038,-0.243403],[0.782692,-0.60593,-0.142278],[-0.0414823,-0.278868,0.959433]],[[-0.621026,-0.745038,-0.243403],[0.780648,-0.560173,-0.277119],[0.0701165,-0.36211,0.929494]]],4]],[[0,200,0],[235.247,235.247,147.751]]],[143876,4990448855,[[93,"right",[0.533231,0.22057,-0.816709],[-0.823462,0.356544,-0.441347],[82.3147,116.938,34.2339],[-293.486,-463.617,-142.541],[82.8487,117.541,34.3304],0,0,0.322996,[[-0.112052,-0.965065,-0.236839],[0.859588,0.0254423,-0.510354],[0.498551,-0.260771,0.826708]],62.5016,[188.146,27.894,295.526],[56.1108,96.9558,76.5835]]],[[930,[0.315554,0.64222,-0.698555],93,51.1198,[94.5745,207.828,49.2308],[91.7341,203.041,47.7133],[-184.907,-444.888,-132.07],false,[51.0181,125.379,85.0446],[51.0181,125.379,85.0446],[74.4142,168.102,80.0697],[84.9675,189.58,56.7075],[94.0165,207.128,44.9948],[[[0.762574,-0.641186,0.0857942],[0.316168,0.485115,0.815292],[-0.564374,-0.594596,0.572658]],[[0.873477,-0.484228,-0.0506069],[0.0933575,0.0645684,0.993537],[-0.477831,-0.872556,0.101605]],[[0.873477,-0.484228,-0.0506069],[0.37076,0.594202,0.713765],[-0.315554,-0.64222,0.698555]],[[0.873477,-0.484228,-0.0506069],[0.285748,0.42572,0.858551],[-0.39419,-0.764386,0.510224]]],0],[931,[0.189868,0.416463,-0.889106],93,57.683,[124.056,177.931,-43.4995],[121.635,175.872,-44.3597],[-383.682,-510.129,-229.782],false,[70.8749,113.674,81.9964],[101.896,143.886,24.2698],[115.752,160.016,-12.1129],[120.253,169.889,-33.1921],[121.581,177.206,-48.2109],[[[-0.101563,-0.857946,-0.503601],[0.897156,-0.297733,0.326292],[-0.429879,-0.41867,0.79995]],[[-0.132834,-0.886356,-0.443541],[0.935011,-0.26052,0.240589],[-0.328799,-0.382758,0.863359]],[[-0.132834,-0.886356,-0.443541],[0.972782,-0.202318,0.11297],[-0.189868,-0.416463,0.889106]],[[-0.132834,-0.886356,-0.443541],[0.987966,-0.154189,0.012243],[-0.0792407,-0.436577,0.89617]]],1],[932,[0.116864,0.319001,-0.940522],93,65.7252,[116.232,151.631,-65.8976],[114.061,150.451,-66.3107],[-427.047,-527.412,-219.688],false,[71.4078,103.168,76.062],[99.5113,123.542,17.0851],[110.817,136.147,-27.0575],[114.077,145.045,-53.2912],[114.487,151.591,-70.5174],[[[-0.310152,-0.843211,-0.439092],[0.857414,-0.447612,0.253938],[-0.410666,-0.297724,0.861809]],[[-0.354302,-0.871308,-0.339549],[0.904039,-0.411997,0.113897],[-0.239132,-0.266612,0.933667]],[[-0.354302,-0.871308,-0.339549],[0.9278,-0.372909,-0.0111978],[-0.116864,-0.319001,0.940522]],[[-0.354302,-0.871308,-0.339549],[0.934866,-0.338667,-0.106439],[-0.0222529,-0.355145,0.934546]]],2],[933,[0.0959762,0.26443,-0.959617],93,63.1965,[105.238,124.109,-66.7519],[103.763,123.847,-66.705],[-415.802,-542.824,-196.386],false,[68.7765,92.901,70.3276],[91.9819,102.685,14.2835],[101.71,111.284,-27.5743],[104.318,118.469,-53.6493],[104.297,124.199,-71.0572],[[[-0.430952,-0.841674,-0.325369],[0.819536,-0.515974,0.249261],[-0.377679,-0.159232,0.912143]],[[-0.449505,-0.848652,-0.27881],[0.86526,-0.491213,0.100175],[-0.221969,-0.196214,0.955107]],[[-0.449505,-0.848652,-0.27881],[0.888107,-0.458112,-0.0374126],[-0.0959762,-0.26443,0.959617]],[[-0.449505,-0.848652,-0.27881],[0.893277,-0.426648,-0.141519],[0.00114607,-0.312668,0.949862]]],3],[934,[0.028805,0.262892,-0.964395],93,49.5449,[86.7872,100.549,-52.4754],[86.5168,100.496,-52.1862],[-463.294,-512.625,-166.454],false,[59.2562,84.4264,64.6328],[80.5537,85.2252,11.9004],[86.6494,90.3139,-21.8615],[87.2021,95.3575,-40.3632],[85.8398,101.155,-56.1868],[[[-0.601215,-0.757545,-0.254294],[0.705922,-0.652631,0.27522],[-0.374452,-0.0140452,0.92714]],[[-0.612764,-0.757611,-0.224825],[0.770474,-0.636003,0.0432488],[-0.175755,-0.146721,0.973439]],[[-0.612764,-0.757611,-0.224825],[0.789741,-0.597423,-0.139268],[-0.028805,-0.262892,0.964395]],[[-0.612764,-0.757611,-0.224825],[0.786148,-0.555377,-0.271161],[0.0805721,-0.342904,0.935909]]],4]],[[0,200,0],[235.247,235.247,147.751]]],[143877,4990457492,[[93,"right",[0.516623,0.215988,-0.828523],[-0.828485,0.370366,-0.420049],[80.7527,113.585,32.7418],[-263.623,-443.621,-150.553],[81.2497,114.523,33.1185],0,0,0.333764,[[-0.116258,-0.971409,-0.207],[0.854591,0.00836776,-0.519234],[0.506121,-0.237265,0.829184]],62.5016,[189.323,30.9836,295.237],[55.2831,93.8203,75.6378]]],[[930,[0.311165,0.647923,-0.695249],93,51.1198,[93.3725,204.039,48.1777],[91.8598,199.75,46.8096],[-131.74,-423.874,-117.067],false,[50.8162,122.281,84.3232],[50.8162,122.281,84.3232],[74.6871,164.731,79.2668],[85.0936,186.4,56.0151],[94.1542,203.976,44.3549],[[[0.754859,-0.652655,0.065031],[0.342832,0.477147,0.809196],[-0.559155,-0.588534,0.583929]],[[0.865403,-0.495512,-0.0744632],[0.11573,0.0530673,0.991862],[-0.487528,-0.866978,0.10327]],[[0.865403,-0.495512,-0.0744632],[0.392751,0.578501,0.714901],[-0.311165,-0.647923,0.695249]],[[0.865403,-0.495512,-0.0744632],[0.308701,0.410178,0.858171],[-0.394691,-0.765651,0.507934]]],0],[931,[0.174775,0.417097,-0.891899],93,57.683,[120.986,174.517,-45.4634],[119.017,172.245,-46.5759],[-362.748,-485.717,-236.545],false,[70.4186,110.298,80.7541],[100.485,140.282,22.4067],[113.658,156.363,-14.2506],[117.801,166.251,-35.3959],[118.896,173.603,-50.4162],[[[-0.126321,-0.854336,-0.504136],[0.900251,-0.312182,0.303466],[-0.416644,-0.415515,0.808552]],[[-0.156574,-0.882541,-0.443402],[0.936894,-0.274804,0.216129],[-0.312592,-0.381581,0.869875]],[[-0.156574,-0.882541,-0.443402],[0.972079,-0.217144,0.0889395],[-0.174775,-0.417097,0.891899]],[[-0.156574,-0.882541,-0.443402],[0.985504,-0.16929,-0.0110493],[-0.065312,-0.438705,0.896255]]],1],[932,[0.10089,0.319477,-0.942208],93,65.7252,[112.798,148.309,-67.732],[110.645,146.943,-68.4481],[-418.387,-495.929,-227.264],false,[70.6533,99.809,74.7702],[97.6273,120.005,15.2074],[108.051,132.585,-29.1589],[110.865,141.496,-55.4396],[111.023,148.067,-72.6604],[[[-0.333057,-0.836798,-0.43456],[0.856568,-0.46117,0.231544],[-0.394162,-0.295113,0.87037]],[[-0.375463,-0.864785,-0.333429],[0.900234,-0.425844,0.0907528],[-0.22047,-0.266089,0.938397]],[[-0.375463,-0.864785,-0.333429],[0.92133,-0.387403,-0.0327038],[-0.10089,-0.319477,0.942208]],[[-0.375463,-0.864785,-0.333429],[0.926798,-0.353631,-0.126453],[-0.0085558,-0.356499,0.934256]]],2],[933,[0.0875178,0.259279,-0.961829],93,63.1965,[102.298,120.435,-68.4366],[100.466,120.04,-68.7415],[-401.689,-517.297,-206.628],false,[67.7332,89.6051,69.0635],[89.7253,99.2714,12.5121],[98.8786,107.631,-29.5235],[101.257,114.676,-55.6586],[101.144,120.323,-73.0931],[[[-0.451049,-0.833944,-0.317952],[0.817583,-0.52895,0.227533],[-0.35793,-0.157323,0.9204]],[[-0.469143,-0.841027,-0.269403],[0.858069,-0.506253,0.0861747],[-0.208861,-0.190738,0.959164]],[[-0.469143,-0.841027,-0.269403],[0.878775,-0.474813,-0.0480342],[-0.0875178,-0.259279,0.961829]],[[-0.469143,-0.841027,-0.269403],[0.883101,-0.444646,-0.149742],[0.00614838,-0.30816,0.951315]]],3],[934,[0.0168433,0.256626,-0.966364],93,49.5449,[83.4379,97.0908,-53.9403],[82.8094,96.994,-53.936],[-449.624,-487.193,-176.372],false,[57.9545,81.294,63.5691],[77.9863,81.9914,10.3415],[83.4027,86.9256,-23.5588],[83.7259,91.8489,-42.0983],[82.2598,97.5289,-57.9552],[[[-0.61829,-0.747609,-0.242483],[0.702619,-0.664026,0.255725],[-0.352198,-0.0122611,0.935845]],[[-0.630262,-0.747579,-0.209511],[0.760513,-0.648758,0.0270848],[-0.15617,-0.142266,0.977431]],[[-0.630262,-0.747579,-0.209511],[0.776199,-0.612592,-0.14915],[-0.0168433,-0.256626,0.966364]],[[-0.630262,-0.747579,-0.209511],[0.771524,-0.572943,-0.276563],[0.0867143,-0.33595,0.93788]]],4]],[[0,200,0],[235.247,235.247,147.751]]],[143878,4990466209,[[93,"right",[0.510865,0.199533,-0.836184],[-0.827555,0.377491,-0.415515],[80.3526,112.692,33.0222],[-205.441,-352.45,-101.724],[80.5551,113.105,33.044],0,0,0.348861,[[-0.129206,-0.973489,-0.188745],[0.850926,-0.0111165,-0.525167],[0.509147,-0.228462,0.829804]],62.5016,[189.901,33.257,296.16],[55.0599,93.7624,76.3969]]],[[930,[0.313747,0.6432,-0.698467],93,51.1198,[93.1535,201.686,47.4816],[92.7872,199.137,46.431],[-69.7078,-325.435,-92.4169],false,[51.0867,122.377,84.8118],[51.0867,122.377,84.8118],[75.393,164.517,79.2607],[85.8858,186.028,55.9014],[95.0541,203.459,44.1079],[[[0.746219,-0.662575,0.0644339],[0.358032,0.481053,0.800251],[-0.561222,-0.574093,0.596194]],[[0.858843,-0.505935,-0.0801152],[0.126311,0.0575994,0.990317],[-0.496421,-0.860647,0.113374]],[[0.858843,-0.505935,-0.0801152],[0.404909,0.574738,0.711144],[-0.313747,-0.6432,0.698467]],[[0.858843,-0.505935,-0.0801152],[0.320752,0.409226,0.854197],[-0.399382,-0.759318,0.513741]]],0],[931,[0.17973,0.402914,-0.897417],93,57.683,[119.627,171.612,-46.753],[118.839,169.844,-47.3421],[-265.741,-429.356,-195.462],false,[70.4794,110.078,81.1727],[100.35,138.991,22.1874],[113.396,154.477,-14.7699],[117.658,164.029,-36.046],[118.942,171.156,-51.1594],[[[-0.143664,-0.857921,-0.493287],[0.898902,-0.321614,0.297554],[-0.413926,-0.400669,0.817392]],[[-0.173597,-0.884965,-0.43209],[0.934885,-0.286019,0.210196],[-0.309602,-0.367465,0.876993]],[[-0.173597,-0.884965,-0.43209],[0.968277,-0.233449,0.0891099],[-0.17973,-0.402914,0.897417]],[[-0.173597,-0.884965,-0.43209],[0.98183,-0.189667,-0.00600429],[-0.0766396,-0.425281,0.901811]]],1],[932,[0.0938099,0.307323,-0.94697],93,65.7252,[110.804,145.494,-68.6606],[109.561,144.476,-68.8708],[-342.517,-438.822,-179.471],false,[70.503,99.522,75.3035],[97.1306,118.679,15.2435],[107.161,130.619,-29.3893],[109.778,139.192,-55.8028],[109.825,145.561,-73.1],[[[-0.349388,-0.836683,-0.421769],[0.852368,-0.470744,0.227748],[-0.389098,-0.27993,0.877634]],[[-0.391492,-0.863154,-0.318905],[0.89539,-0.43724,0.0842488],[-0.212158,-0.252561,0.944035]],[[-0.391492,-0.863154,-0.318905],[0.915387,-0.400647,-0.0393423],[-0.0938099,-0.307323,0.94697]],[[-0.391492,-0.863154,-0.318905],[0.920178,-0.368197,-0.133055],[-0.00257296,-0.345539,0.938401]]],2],[933,[0.0830621,0.245307,-0.965881],93,63.1965,[100.553,117.574,-68.9139],[99.2413,117.554,-68.7667],[-332.451,-454.994,-151.472],false,[67.3794,89.2988,69.7409],[88.9088,98.0316,12.8606],[97.8046,105.71,-29.3597],[100.062,112.376,-55.6049],[99.8868,117.794,-73.1117],[[[-0.466093,-0.830875,-0.303981],[0.812389,-0.538002,0.224894],[-0.350401,-0.14213,0.925753]],[[-0.484085,-0.837262,-0.254271],[0.851152,-0.51797,0.0851327],[-0.202983,-0.175212,0.963379]],[[-0.484085,-0.837262,-0.254271],[0.87107,-0.488688,-0.0492044],[-0.0830621,-0.245307,0.965881]],[[-0.484085,-0.837262,-0.254271],[0.874969,-0.460002,-0.151087],[0.00953477,-0.295618,0.955259]]],3],[934,[0.0288765,0.223051,-0.974379],93,49.5449,[82.3077,93.779,-54.0693],[81.8948,94.0505,-53.6833],[-346.43,-455.613,-122.845],false,[57.4271,81.0681,64.4409],[76.905,80.8976,11.0039],[82.3673,84.8081,-23.0224],[82.9212,89.0873,-41.7157],[81.7818,94.1763,-57.7985],[[[-0.631296,-0.741349,-0.227744],[0.695835,-0.671113,0.255774],[-0.34246,0.00299675,0.939527]],[[-0.644935,-0.740589,-0.188645],[0.747834,-0.662432,0.0439191],[-0.157491,-0.112751,0.981063]],[[-0.644935,-0.740589,-0.188645],[0.763692,-0.633859,-0.122468],[-0.0288765,-0.223051,0.974379]],[[-0.644935,-0.740589,-0.188645],[0.76126,-0.600776,-0.244032],[0.0673937,-0.300993,0.951242]]],4]],[[0,200,0],[235.247,235.247,147.751]]],[143879,4990474994,[[93,"right",[0.495678,0.175209,-0.85065],[-0.839454,0.347859,-0.417506],[80.5746,113.962,34.3344],[-143.381,-218.762,-34.1802],[80.5706,113.786,34.0702],0,0,0.387703,[[-0.142098,-0.972074,-0.18676],[0.850374,-0.0233146,-0.525662],[0.506629,-0.233512,0.82994]],62.5016,[190.386,34.4782,298.57],[56.2114,96.3207,78.7714]],[94,"left",[-0.192366,0.260483,-0.946121],[0.946366,0.304284,-0.108641],[-141.039,140.084,45.7343],[1.19209e-7,1.19209e-7,1.19209e-7],[-141.039,140.084,45.7343],0,0,0,[[0.252248,-0.90384,-0.345608],[-0.951522,-0.296641,0.0812956],[0.176,-0.308347,0.934851]],62.5016,[-86.3075,36.485,341.611],[-132.919,118.147,94.0274]]],[[930,[0.293285,0.623456,-0.724766],93,51.1198,[92.5226,201.622,46.1433],[91.7478,201.187,44.3696],[-83.6486,-173.355,-130.177],false,[51.8838,125.172,86.1381],[51.8838,125.172,86.1381],[75.3549,167.482,78.63],[85.1635,188.333,54.3912],[93.8833,205.508,41.903],[[[0.757917,-0.647566,0.0788706],[0.361242,0.517294,0.775829],[-0.5432,-0.559523,0.625994]],[[0.866408,-0.493798,-0.0741715],[0.139812,0.0973009,0.985386],[-0.479364,-0.864116,0.153341]],[[0.866408,-0.493798,-0.0741715],[0.404131,0.606189,0.684991],[-0.293285,-0.623456,0.724766]],[[0.866408,-0.493798,-0.0741715],[0.324121,0.443154,0.835799],[-0.379846,-0.748183,0.544003]]],0],[931,[0.189349,0.360474,-0.913348],93,57.683,[119.026,169.201,-48.0439],[118.17,167.993,-48.677],[-195.545,-375.352,-181.657],false,[71.4244,113.053,82.6897],[99.979,140.139,22.2045],[112.868,154.055,-15.4265],[117.357,162.601,-37.0803],[118.977,168.975,-52.495],[[[-0.136368,-0.878537,-0.457796],[0.9082,-0.295449,0.29645],[-0.395697,-0.375344,0.838177]],[[-0.166533,-0.90491,-0.391668],[0.937401,-0.268503,0.221778],[-0.305853,-0.330217,0.892978]],[[-0.166533,-0.90491,-0.391668],[0.967685,-0.226264,0.111313],[-0.189349,-0.360474,0.913348]],[[-0.166533,-0.90491,-0.391668],[0.981287,-0.191035,0.0241347],[-0.0966619,-0.38032,0.91979]]],1],[932,[0.0738248,0.271585,-0.959579],93,65.7252,[108.826,142.988,-69.1617],[107.735,142.209,-69.1541],[-308.465,-389.934,-139.466],false,[71.5401,102.28,77.2307],[96.9994,119.524,16.0942],[106.106,129.884,-29.1278],[108.165,137.459,-55.893],[107.843,143.145,-73.4239],[[[-0.341389,-0.857844,-0.384131],[0.863163,-0.447892,0.233116],[-0.372027,-0.251984,0.893365]],[[-0.381934,-0.881144,-0.278769],[0.903896,-0.419013,0.0860279],[-0.192611,-0.219121,0.956497]],[[-0.381934,-0.881144,-0.278769],[0.921236,-0.387076,-0.0386772],[-0.0738248,-0.271585,0.959579]],[[-0.381934,-0.881144,-0.278769],[0.924025,-0.358385,-0.133185],[0.0174488,-0.308458,0.951078]]],2],[933,[0.0641766,0.208152,-0.975989],93,63.1965,[99.0349,114.936,-68.3326],[97.9235,115.083,-67.8621],[-285.178,-407.724,-82.0052],false,[68.5082,91.8009,72.1115],[89.0878,98.6717,14.6274],[97.2198,104.804,-27.9978],[98.9637,110.46,-54.5177],[98.4268,115.179,-72.2183],[[[-0.456506,-0.849355,-0.264951],[0.824267,-0.515841,0.233436],[-0.334942,-0.111826,0.935579]],[[-0.474151,-0.854201,-0.213356],[0.860668,-0.500757,0.0921511],[-0.185555,-0.139936,0.972619]],[[-0.474151,-0.854201,-0.213356],[0.878102,-0.476458,-0.0438759],[-0.0641766,-0.208152,0.975989]],[[-0.474151,-0.854201,-0.213356],[0.879956,-0.451702,-0.147115],[0.0292922,-0.257499,0.965835]]],3],[934,[0.0354063,0.194391,-0.980285],93,49.5449,[82.8502,91.9346,-52.159],[82.3217,92.2454,-51.4878],[-225.198,-377.262,-18.5687],false,[58.6199,83.2132,67.2784],[77.3443,81.2889,13.607],[83.0983,84.3029,-20.4624],[83.7776,88.0323,-39.269],[82.7154,92.6164,-55.5082],[[[-0.622079,-0.759603,-0.189791],[0.710378,-0.649506,0.271118],[-0.329212,0.0338331,0.94365]],[[-0.627774,-0.758891,-0.173163],[0.760511,-0.645394,0.0713462],[-0.165902,-0.0869029,0.982306]],[[-0.627774,-0.758891,-0.173163],[0.77759,-0.621528,-0.0951642],[-0.0354063,-0.194391,0.980285]],[[-0.627774,-0.758891,-0.173163],[0.775857,-0.592091,-0.217886],[0.0628236,-0.271133,0.96049]]],4],[940,[-0.304728,0.860126,-0.409053],94,51.1198,[-157.263,230.709,59.1063],[-157.263,230.709,59.1063],[1.19209e-7,1.19209e-7,1.19209e-7],false,[-129.507,146.118,104.582],[-129.507,146.118,104.582],[-141.926,186.859,80.4308],[-152.117,215.625,66.7506],[-158.8,235.215,56.8229],[[[-0.779534,-0.590038,-0.210197],[-0.557071,0.499675,0.663322],[0.286355,-0.634176,0.718207]],[[-0.820378,-0.45522,-0.346056],[-0.512487,0.316881,0.798087],[0.253647,-0.832082,0.493257]],[[-0.820378,-0.45522,-0.346056],[-0.483861,0.230125,0.844347],[0.304728,-0.860126,0.409053]],[[-0.820378,-0.45522,-0.346056],[-0.492179,0.254046,0.832599],[0.291102,-0.853367,0.432463]]],0],[941,[-0.113495,0.354168,-0.928269],94,57.683,[-163.922,195.988,-42.8148],[-163.922,195.988,-42.8148],[1.19209e-7,1.19209e-7,1.19209e-7],false,[-147.623,135.767,94.3223],[-154.136,168.329,30.2536],[-160.052,182.946,-8.82569],[-162.743,191.343,-30.8333],[-164.274,197.375,-46.3937],[[[0.223607,-0.859532,-0.459571],[-0.970492,-0.240005,-0.0233188],[0.0902558,-0.451224,0.887835]],[[0.231301,-0.899216,-0.371363],[-0.962701,-0.266628,0.0460002],[0.14038,-0.346871,0.927348]],[[0.231301,-0.899216,-0.371363],[-0.966239,-0.256857,0.0201369],[0.113495,-0.354168,0.928269]],[[0.231301,-0.899216,-0.371363],[-0.968582,-0.248691,-0.00109644],[0.0913687,-0.359949,0.928487]]],1],[942,[-0.0324496,0.274073,-0.961161],94,65.7252,[-153.998,172.175,-62.1434],[-153.998,172.175,-62.1434],[1.19209e-7,1.19209e-7,1.19209e-7],false,[-146.624,125.357,88.2794],[-150.554,147.918,23.7909],[-152.806,160.567,-21.7086],[-153.712,168.212,-48.518],[-154.084,173.359,-66.2133],[[[0.395892,-0.858998,-0.324642],[-0.9165,-0.391712,-0.0811811],[0.0574315,-0.329673,0.942347]],[[0.398748,-0.87827,-0.263899],[-0.915823,-0.396314,-0.0648427],[0.0476373,-0.26754,0.962368]],[[0.398748,-0.87827,-0.263899],[-0.916486,-0.391824,-0.0807865],[0.0324496,-0.274073,0.961161]],[[0.398748,-0.87827,-0.263899],[-0.916838,-0.388133,-0.0936039],[0.0202182,-0.279277,0.959998]]],2],[943,[0.0585671,0.257141,-0.964597],94,63.1965,[-140.751,147.508,-59.1186],[-140.751,147.508,-59.1186],[1.19209e-7,1.19209e-7,1.19209e-7],false,[-142.732,114.976,83.5566],[-143.772,126.628,23.2382],[-143.84,136.563,-19.446],[-142.248,143.55,-45.6564],[-140.304,148.69,-63.1398],[[[0.467984,-0.86616,-0.175379],[-0.883575,-0.462392,-0.0740865],[0.0169232,-0.189632,0.981709]],[[0.467377,-0.860878,-0.201114],[-0.884057,-0.455519,-0.104627],[0.00154029,-0.226697,0.973964]],[[0.467377,-0.860878,-0.201114],[-0.882116,-0.439052,-0.170601],[-0.0585671,-0.257141,0.964597]],[[0.467377,-0.860878,-0.201114],[-0.877669,-0.424535,-0.22241],[-0.106088,-0.280461,0.953985]]],3],[944,[0.165662,-0.0187081,-0.986005],94,49.5449,[-124.439,105.525,-41.4364],[-124.439,105.525,-41.4364],[1.19209e-7,1.19209e-7,1.19209e-7],false,[-132.327,105.929,81.3755],[-133.304,108.468,24.5642],[-130.71,105.386,-9.88418],[-127.532,105.027,-28.8005],[-123.515,105.674,-45.2108],[[[0.606313,-0.7939,-0.0459102],[-0.795041,-0.606407,-0.0134377],[0.0171721,-0.0446479,0.998855]],[[0.601128,-0.790689,0.116],[-0.795647,-0.605733,-0.00569739],[-0.0747697,0.08887,0.993233]],[[0.601128,-0.790689,0.116],[-0.781794,-0.611932,-0.119741],[-0.165662,0.0187081,0.986005]],[[0.601128,-0.790689,0.116],[-0.763013,-0.611022,-0.210862],[-0.237605,-0.0382456,0.970609]]],4]],[[0,200,0],[235.247,235.247,147.751]]],[143880,4990483535,[[93,"right",[0.483635,0.148084,-0.862652],[-0.846632,0.329198,-0.418142],[80.6078,114.572,34.8055],[-104.708,-142.549,-10.7223],[80.6006,114.419,34.6627],0,0,0.417996,[[-0.159676,-0.97035,-0.18145],[0.848224,-0.0408353,-0.528061],[0.504994,-0.238229,0.829595]],62.5016,[190.659,35.2686,299.85],[56.9181,98.3605,80.1419]],[94,"left",[-0.189273,0.255767,-0.948029],[0.946908,0.303076,-0.107283],[-140.739,139.88,45.5794],[35.1506,-23.9547,-18.1318],[-141.038,140.084,45.734],0,0,0.034537,[[0.251631,-0.90404,-0.345533],[-0.951782,-0.295884,0.0810145],[0.175478,-0.308487,0.934903]],62.5016,[-86.3094,36.4855,341.606],[-132.783,118.184,94.009]]],[[930,[0.280749,0.59941,-0.749592],93,51.1198,[92.1547,201.986,44.5054],[91.4672,202.152,41.6805],[-70.0526,-97.9475,-179.464],false,[52.5355,127.428,86.5657],[52.5355,127.428,86.5657],[75.6873,169.558,77.2666],[85.0766,189.604,52.1975],[93.5556,206.391,39.0325],[[[0.762265,-0.640814,0.0911507],[0.368595,0.545519,0.752693],[-0.532061,-0.540154,0.652031]],[[0.867885,-0.492034,-0.0684005],[0.152302,0.132486,0.979414],[-0.472843,-0.860436,0.189921]],[[0.867885,-0.492034,-0.0684005],[0.409825,0.631356,0.658357],[-0.280749,-0.59941,0.749592]],[[0.867885,-0.492034,-0.0684005],[0.33219,0.472455,0.816355],[-0.369359,-0.731224,0.573485]]],0],[931,[0.19411,0.320326,-0.927207],93,57.683,[118.679,166.631,-49.5987],[117.689,165.326,-50.5251],[-149.841,-362.465,-189.433],false,[72.0928,115.291,83.2798],[99.7151,140.407,21.5249],[112.417,152.755,-16.7118],[117.019,160.35,-38.6942],[118.839,166.028,-54.3563],[[[-0.137708,-0.894474,-0.425385],[0.91352,-0.280674,0.294455],[-0.382777,-0.348049,0.855771]],[[-0.168855,-0.920167,-0.353244],[0.938421,-0.259686,0.22788],[-0.30142,-0.293013,0.907353]],[[-0.168855,-0.920167,-0.353244],[0.966338,-0.225132,0.124525],[-0.19411,-0.320326,0.927207]],[[-0.168855,-0.920167,-0.353244],[0.979638,-0.196171,0.0427277],[-0.108613,-0.338836,0.934555]]],1],[932,[0.0586287,0.238306,-0.969419],93,65.7252,[107.103,140.213,-69.8721],[106.2,139.324,-69.9696],[-276.448,-376.1,-127.491],false,[72.194,104.336,78.1945],[96.7643,119.58,16.1691],[105.148,128.409,-29.5151],[106.783,135.056,-56.5548],[106.187,140.122,-74.2674],[[[-0.341858,-0.872232,-0.349779],[0.868462,-0.435428,0.237016],[-0.359036,-0.222744,0.906354]],[[-0.381169,-0.89217,-0.242369],[0.907341,-0.41129,0.087021],[-0.177322,-0.186742,0.966274]],[[-0.381169,-0.89217,-0.242369],[0.922645,-0.383722,-0.0385279],[-0.0586287,-0.238306,0.969419]],[[-0.381169,-0.89217,-0.242369],[0.92394,-0.358439,-0.13363],[0.0323462,-0.27487,0.960937]]],2],[933,[0.0460445,0.174213,-0.983631],93,63.1965,[97.4076,112.056,-67.9853],[96.4623,112.129,-67.6277],[-260.431,-389.864,-52.2888],false,[69.1507,93.6722,73.4803],[88.9437,98.6511,15.5269],[96.3506,103.3,-27.4171],[97.6017,108.033,-54.1446],[96.7156,112.136,-71.9842],[[[-0.455456,-0.86018,-0.229454],[0.829931,-0.503511,0.240192],[-0.322141,-0.0810343,0.943217]],[[-0.473155,-0.863409,-0.175069],[0.864616,-0.493228,0.0957361],[-0.169008,-0.106069,0.979891]],[[-0.473155,-0.863409,-0.