{"metadata":{"formatVersion":2,"generatedBy":"LeapJS Playback 0.2.1","frames":1,"protocolVersion":6,"serviceVersion":"2.2.5+26752","frameRate":"1.1e+2","modified":"Thu Apr 16 2015 19:18:19 GMT-0300 (E. South America Standard Time)"},"frames":[["id","timestamp",{"hands":[["id","type","direction","palmNormal","palmPosition","palmVelocity","stabilizedPalmPosition","pinchStrength","grabStrength","confidence","armBasis","armWidth","elbow","wrist"]]},{"pointables":[["id","direction","handId","length","stabilizedTipPosition","tipPosition","tipVelocity","tool","carpPosition","mcpPosition","pipPosition","dipPosition","btipPosition","bases","type"]]},{"interactionBox":["center","size"]}],[17338,2895213430,[[9,"right",[-0.25689,0.91585,-0.308587],[-0.206321,-0.363913,-0.908294],[32.2029,112.405,33.4485],[-15.8727,-0.595535,9.86561],[36.427,115.214,31.5614],0.625734,0,0.580721,[[0.908296,0.219312,-0.356233],[0.0156969,0.833093,0.55291],[0.418034,-0.507797,0.753252]],62.2739,[163.973,-67.1219,250.227],[53.665,66.8718,51.4646]]],[[90,[-0.451579,0.741039,-0.496928],9,50.9336,[-8.91892,122.487,8.85729],[-11.7632,119.927,7.91106],[-11.0309,-7.09798,-1.06877],false,[26.0411,55.2408,50.7789],[26.0411,55.2408,50.7789],[-6.56838,88.7143,36.7754],[-21.6158,113.407,20.2169],[-8.69791,121.038,2.95277],[[[0.514339,0.572478,0.638533],[-0.56733,-0.331221,0.753942],[0.643111,-0.750041,0.154424]],[[0.423119,0.668202,0.611944],[-0.611689,-0.287591,0.736972],[0.668436,-0.686147,0.287046]],[[0.423119,0.668202,0.611944],[-0.785523,-0.0660814,0.615294],[0.451579,-0.741039,0.496928]],[[0.423119,0.668202,0.611944],[-0.708516,0.664983,-0.236225],[-0.564779,-0.333621,0.754799]]],0],[91,[0.337371,-0.922928,0.185431],9,57.4729,[14.258,86.0749,8.10739],[8.20753,86.6628,9.92062],[-20.7677,6.16852,7.39744],false,[34.7395,73.11,62.6827],[3.2603,131.4,34.7366],[-5.00954,116.089,-3.47496],[2.9598,94.2874,0.905267],[9.79729,84.5259,12.6006],[[[0.887625,0.321028,-0.330247],[0.142956,0.48959,0.860154],[0.43782,-0.810705,0.388679]],[[0.912247,0.27191,-0.306382],[-0.359182,0.890556,-0.279102],[0.19696,0.364657,0.910073]],[[0.912247,0.27191,-0.306382],[-0.232348,-0.272523,-0.933673],[-0.337371,0.922928,-0.185431]],[[0.912247,0.27191,-0.306382],[0.0113384,-0.764404,-0.644638],[-0.409483,0.584595,-0.700408]]],1],[92,[0.22209,-0.94107,0.255075],9,65.4858,[25.7312,81.7543,6.92599],[19.8283,82.0984,7.72521],[-21.4145,4.95716,5.99732],false,[45.2919,78.2129,59.9585],[23.9902,135.919,30.5412],[8.2759,116.43,-9.36179],[14.448,90.2763,-2.273],[21.5873,79.6759,10.9162],[[[0.901152,0.120349,-0.416463],[0.300539,0.518898,0.800263],[0.312413,-0.846322,0.431436]],[[0.907168,0.103548,-0.407829],[-0.256445,0.904491,-0.340781],[0.33359,0.413731,0.84708]],[[0.907168,0.103548,-0.407829],[-0.357383,-0.32197,-0.876706],[-0.22209,0.94107,-0.255075]],[[0.907168,0.103548,-0.407829],[-0.16103,-0.81002,-0.563858],[-0.388736,0.577187,-0.71815]]],2],[93,[0.0808934,-0.94883,0.305251],9,62.9663,[40.7421,82.3609,8.59571],[35.0671,82.2759,8.73089],[-21.2299,3.18315,5.41795],false,[56.0723,80.7859,55.3411],[45.7759,133.769,26.4539],[28.781,116.214,-9.73537],[30.971,90.5256,-1.47121],[36.3993,79.7105,12.2034],[[[0.912067,-0.0449672,-0.407569],[0.37396,0.498927,0.781809],[0.168191,-0.865477,0.47187]],[[0.913405,-0.0520076,-0.403716],[-0.119208,0.914143,-0.387469],[0.389206,0.402042,0.828783]],[[0.913405,-0.0520076,-0.403716],[-0.398933,-0.311476,-0.862459],[-0.0808934,0.94883,-0.305251]],[[0.913405,-0.0520076,-0.403716],[-0.278062,-0.80405,-0.525533],[-0.297276,0.592283,-0.748884]]],3],[94,[-0.122451,0.695352,-0.70816],9,49.3644,[61.9841,178.525,-22.6053],[60.1031,178.273,-22.0641],[-23.0692,-12.5328,-3.75494],false,[66.118,78.0041,46.1316],[64.7806,128.138,19.745],[65.2308,157.175,1.01627],[62.8901,170.467,-12.5202],[59.1239,179.702,-26.0961],[[[0.850992,-0.226649,-0.473753],[0.524648,0.407423,0.747497],[0.0235984,-0.884667,0.465625]],[[0.850261,-0.294541,-0.436236],[0.5262,0.455135,0.718308],[-0.0130253,-0.840296,0.541971]],[[0.850261,-0.294541,-0.436236],[0.51192,0.655539,0.555164],[0.122451,-0.695352,0.70816]],[[0.850261,-0.294541,-0.436236],[0.476521,0.782759,0.40027],[0.223572,-0.548209,0.805905]]],4]],[[0,200,0],[235.247,235.247,147.751]]]]}