{"metadata":{"formatVersion":2,"generatedBy":"LeapJS Playback 0.2.1","frames":1,"protocolVersion":6,"serviceVersion":"2.2.5+26752","frameRate":"1.1e+2","modified":"Thu Apr 16 2015 19:18:46 GMT-0300 (E. South America Standard Time)"},"frames":[["id","timestamp",{"hands":[["id","type","direction","palmNormal","palmPosition","palmVelocity","stabilizedPalmPosition","pinchStrength","grabStrength","confidence","armBasis","armWidth","elbow","wrist"]]},{"pointables":[["id","direction","handId","length","stabilizedTipPosition","tipPosition","tipVelocity","tool","carpPosition","mcpPosition","pipPosition","dipPosition","btipPosition","bases","type"]]},{"interactionBox":["center","size"]}],[17379,2895569031,[[9,"right",[-0.26738,0.909616,-0.317971],[-0.167961,-0.36893,-0.914155],[29.8623,110.158,33.8058],[1.42276,-2.65471,-4.31419],[35.3165,114.468,32.077],0.60537,0,0.554062,[[0.90342,0.254089,-0.345356],[-0.0171412,0.826244,0.563052],[0.428414,-0.502753,0.7508]],62.2739,[164.798,-67.5282,250.689],[51.7509,65.1344,52.573]]],[[90,[-0.435443,0.751568,-0.495514],9,50.9336,[-10.7714,120.594,8.34842],[-13.0863,117.041,8.24567],[5.3746,-5.0397,-5.56176],false,[24.4366,52.8763,50.9926],[24.4366,52.8763,50.9926],[-8.86762,86.1397,38.1734],[-23.3774,111.183,21.662],[-10.0633,119.09,4.82858],[[[0.479865,0.584343,0.654426],[-0.584157,-0.343733,0.735261],[0.654592,-0.735113,0.176403]],[[0.411178,0.655716,0.633222],[-0.604058,-0.32424,0.727999],[0.682676,-0.68184,0.26277]],[[0.411178,0.655716,0.633222],[-0.800826,-0.0719877,0.594555],[0.435443,-0.751568,0.495514]],[[0.411178,0.655716,0.633222],[-0.701492,0.671212,-0.239547],[-0.582101,-0.345704,0.735967]]],0],[91,[0.358186,-0.912408,0.198027],9,57.4729,[11.7972,86.0025,8.83698],[7.37019,83.9815,9.54545],[6.98765,-6.61119,-4.64585],false,[32.3291,70.9445,63.1547],[0.467846,128.489,34.118],[-6.22735,112.972,-4.31816],[2.23368,91.4191,0.359601],[8.99091,81.8959,12.2956],[[[0.890476,0.341035,-0.301243],[0.10337,0.493108,0.863805],[0.443133,-0.800337,0.403848]],[[0.912887,0.297772,-0.279228],[-0.375779,0.880202,-0.289886],[0.159457,0.369562,0.915422]],[[0.912887,0.297772,-0.279228],[-0.195803,-0.280792,-0.939583],[-0.358186,0.912408,-0.198027]],[[0.912887,0.297772,-0.279228],[0.0536034,-0.765548,-0.641142],[-0.404677,0.570323,-0.714821]]],1],[92,[0.235348,-0.935368,0.264005],9,65.4858,[23.0335,81.522,7.44243],[19.0647,79.5673,7.77054],[7.28762,-5.93962,-2.83128],false,[42.8465,76.2855,60.7731],[21.2163,133.478,30.6016],[7.27711,113.598,-9.76569],[13.8177,87.6032,-2.42872],[20.7628,77.1859,11.0077],[[[0.911401,0.140678,-0.386727],[0.262131,0.525974,0.809097],[0.31723,-0.838786,0.442497]],[[0.91746,0.124165,-0.377955],[-0.265905,0.898045,-0.350442],[0.295908,0.422016,0.856937]],[[0.91746,0.124165,-0.377955],[-0.320747,-0.331165,-0.887385],[-0.235348,0.935368,-0.264005]],[[0.91746,0.124165,-0.377955],[-0.123543,-0.814152,-0.567357],[-0.378159,0.567221,-0.731612]]],2],[93,[0.0903933,-0.946265,0.310504],9,62.9663,[38.0781,81.9363,8.98612],[34.2003,80.0686,9.36686],[6.78389,-4.51996,-1.25366],false,[53.7117,79.1015,56.5099],[43.1681,131.823,27.2361],[27.7922,113.847,-9.4669],[30.2395,88.228,-1.06054],[35.4236,77.5576,12.8209],[[[0.925779,-0.0243428,-0.37728],[0.336556,0.507674,0.793094],[0.172229,-0.861205,0.478187]],[[0.927561,-0.0335142,-0.372165],[-0.125046,0.910708,-0.393667],[0.352127,0.411688,0.840547]],[[0.927561,-0.0335142,-0.372165],[-0.362573,-0.321652,-0.874689],[-0.0903933,0.946265,-0.310504]],[[0.927561,-0.0335142,-0.372165],[-0.242956,-0.810803,-0.532514],[-0.283906,0.584359,-0.760212]]],3],[94,[-0.122538,0.65818,-0.742821],9,49.3644,[58.3131,175.442,-23.1831],[57.564,174.108,-23.6078],[2.93505,-3.54114,-4.71658],false,[64.1159,76.5454,47.6394],[62.5068,126.623,21.163],[62.6949,154.816,1.18012],[60.3526,167.397,-13.0189],[56.7071,175.894,-27.1004],[[[0.871071,-0.2074,-0.44522],[0.490336,0.419614,0.763868],[0.0283946,-0.883691,0.467209]],[[0.869913,-0.289055,-0.399622],[0.493174,0.500863,0.711277],[-0.00544272,-0.815833,0.578262]],[[0.869913,-0.289055,-0.399622],[0.47774,0.695159,0.53714],[0.122538,-0.65818,0.742821]],[[0.869913,-0.289055,-0.399622],[0.443193,0.813654,0.376228],[0.216403,-0.504395,0.835916]]],4]],[[0,200,0],[235.247,235.247,147.751]]]]}