{"metadata":{"formatVersion":2,"generatedBy":"LeapJS Playback 0.2.1","frames":1,"protocolVersion":6,"serviceVersion":"2.2.5+26752","frameRate":"1.1e+2","modified":"Thu Apr 16 2015 19:19:02 GMT-0300 (E. South America Standard Time)"},"frames":[["id","timestamp",{"hands":[["id","type","direction","palmNormal","palmPosition","palmVelocity","stabilizedPalmPosition","pinchStrength","grabStrength","confidence","armBasis","armWidth","elbow","wrist"]]},{"pointables":[["id","direction","handId","length","stabilizedTipPosition","tipPosition","tipVelocity","tool","carpPosition","mcpPosition","pipPosition","dipPosition","btipPosition","bases","type"]]},{"interactionBox":["center","size"]}],[17401,2895760150,[[9,"right",[-0.260327,0.910151,-0.322265],[-0.163326,-0.370474,-0.91437],[30.8058,110.406,33.521],[5.52056,2.63833,-1.30669],[35.1497,114.324,32.1288],0.567441,0,0.600046,[[0.904524,0.251853,-0.344103],[-0.01617,0.826628,0.562516],[0.426116,-0.503245,0.751778]],62.2739,[164.764,-67.4741,250.936],[52.3232,65.3184,52.5628]]],[[90,[-0.436645,0.755433,-0.48853],9,50.9336,[-10.9187,120.415,8.3594],[-12.8786,118.32,8.4196],[-0.962139,9.47393,1.84752],false,[24.9572,53.1988,50.8182],[24.9572,53.1988,50.8182],[-8.19788,86.6747,38.1669],[-22.7477,111.847,21.8882],[-10.4156,120.708,4.78378],[[[0.478209,0.583567,0.656327],[-0.591208,-0.338728,0.73194],[0.649453,-0.738046,0.183027]],[[0.4145,0.650893,0.636025],[-0.605233,-0.324763,0.726788],[0.679619,-0.686197,0.259328]],[[0.4145,0.650893,0.636025],[-0.798455,-0.0752218,0.597337],[0.436645,-0.755433,0.48853]],[[0.4145,0.650893,0.636025],[-0.733135,0.652895,-0.190371],[-0.539169,-0.387383,0.747818]]],0],[91,[0.353702,-0.912889,0.203787],9,57.4729,[11.472,85.8323,8.8702],[8.39665,84.3139,9.19009],[2.75063,3.55147,1.45175],false,[32.8567,71.2578,62.9894],[1.50623,128.89,33.5739],[-4.99718,113.289,-4.86098],[3.35793,91.7245,-0.047146],[10.0014,82.2256,11.9717],[[[0.894387,0.335585,-0.295726],[0.0997492,0.494853,0.863232],[0.436029,-0.801563,0.409116]],[[0.915769,0.293621,-0.27414],[-0.370642,0.880749,-0.294799],[0.15489,0.371575,0.915391]],[[0.915769,0.293621,-0.27414],[-0.190423,-0.283586,-0.93985],[-0.353702,0.912889,-0.203787]],[[0.915769,0.293621,-0.27414],[0.0553929,-0.768226,-0.637777],[-0.397867,0.568871,-0.719783]]],1],[92,[0.23161,-0.932534,0.277015],9,65.4858,[22.6817,81.3116,7.47865],[20.1385,79.9805,7.77288],[3.153,5.05101,4.84266],false,[43.4188,76.5375,60.6695],[22.3052,133.761,30.1937],[8.55274,113.847,-10.2206],[14.9894,87.9311,-2.52206],[21.8135,77.7265,11.1378],[[[0.914876,0.134896,-0.380532],[0.259069,0.526746,0.809582],[0.309653,-0.839251,0.44696]],[[0.920811,0.118302,-0.371635],[-0.258604,0.898491,-0.354735],[0.291944,0.42275,0.857934]],[[0.920811,0.118302,-0.371635],[-0.31379,-0.341152,-0.886087],[-0.23161,0.932534,-0.277015]],[[0.920811,0.118302,-0.371635],[-0.118505,-0.822964,-0.555596],[-0.37157,0.555639,-0.743775]]],2],[93,[0.0825227,-0.945477,0.31506],9,62.9663,[37.6855,81.7022,9.04883],[35.1497,80.297,9.27075],[2.14394,3.15393,1.12294],false,[54.3288,79.2855,56.4772],[44.2716,131.983,26.9904],[29.061,114.068,-9.81114],[31.2951,88.4707,-1.2814],[36.3192,77.859,12.7035],[[[0.928322,-0.0301721,-0.37055],[0.333509,0.508016,0.794161],[0.164284,-0.860819,0.481665]],[[0.930205,-0.0403766,-0.364813],[-0.11565,0.911061,-0.395719],[0.348345,0.41029,0.842804]],[[0.930205,-0.0403766,-0.364813],[-0.357643,-0.323176,-0.876155],[-0.0825227,0.945477,-0.31506]],[[0.930205,-0.0403766,-0.364813],[-0.242933,-0.812796,-0.529476],[-0.27514,0.581147,-0.765876]]],3],[94,[-0.105848,0.682843,-0.722857],9,49.3644,[58.3461,175.296,-23.2101],[59.5294,175.031,-22.9134],[13.6259,10.1078,6.34366],false,[64.7829,76.6516,47.6883],[63.6259,126.667,21.0701],[64.258,155.364,1.82754],[62.2347,168.416,-11.9898],[58.8901,177.446,-25.8118],[[[0.873145,-0.213121,-0.438403],[0.487033,0.419078,0.766272],[0.020416,-0.882583,0.469713]],[[0.87181,-0.285912,-0.397745],[0.489502,0.478183,0.729198],[-0.0182919,-0.830419,0.556839]],[[0.87181,-0.285912,-0.397745],[0.478271,0.672295,0.565046],[0.105848,-0.682843,0.722857]],[[0.87181,-0.285912,-0.397745],[0.447802,0.7943,0.410561],[0.198544,-0.536042,0.820511]]],4]],[[0,200,0],[235.247,235.247,147.751]]]]}