{"metadata":{"formatVersion":2,"generatedBy":"LeapJS Playback 0.2.1","frames":136,"protocolVersion":6,"serviceVersion":"2.2.5+26752","frameRate":"1.1e+2","modified":"Thu Apr 16 2015 19:31:46 GMT-0300 (E. South America Standard Time)"},"frames":[["id","timestamp",{"hands":[["id","type","direction","palmNormal","palmPosition","palmVelocity","stabilizedPalmPosition","pinchStrength","grabStrength","confidence","armBasis","armWidth","elbow","wrist"]]},{"pointables":[["id","direction","handId","length","stabilizedTipPosition","tipPosition","tipVelocity","tool","carpPosition","mcpPosition","pipPosition","dipPosition","btipPosition","bases","type"]]},{"interactionBox":["center","size"]}],[54035,3706746684,[[26,"right",[-0.213646,0.966232,-0.144051],[-0.620198,-0.24808,-0.744184],[-30.6425,125.548,64.9057],[-63.4618,282.989,-32.0436],[-28.9637,120.291,65.4942],1,0.228572,0.417134,[[0.728555,0.0912911,-0.678877],[0.283941,0.861673,0.420592],[0.623366,-0.499185,0.601854]],61.3368,[150.594,-52.8739,227.125],[-11.4196,76.8654,70.7021]]],[[260,[-0.629539,0.635393,-0.447164],26,50.1672,[-98.161,124.233,40.8329],[-99.7403,129.589,41.1313],[-88.9235,333.599,16.3526],false,[-37.8764,69.1922,81.3392],[-37.8764,69.1922,81.3392],[-73.6571,98.6402,68.634],[-94.3188,119.494,53.9579],[-101.498,132.817,37.2702],[[[0.816759,0.438461,0.375043],[-0.246712,-0.322197,0.91396],[0.521573,-0.839012,-0.154983]],[[0.491223,0.771394,0.404538],[-0.451889,-0.171352,0.875463],[0.744645,-0.612854,0.264413]],[[0.491223,0.771394,0.404538],[-0.60198,-0.0350151,0.797743],[0.629539,-0.635393,0.447164]],[[0.491223,0.771394,0.404538],[-0.810645,0.234953,0.536331],[0.318675,-0.591395,0.740742]]],0],[261,[-0.232737,-0.798477,-0.555219],26,56.6081,[-83.8719,112.476,33.4768],[-85.986,118.673,32.9868],[-77.8778,326.431,-18.2264],false,[-22.5436,84.3548,88.7985],[-52.6847,147.639,78.7053],[-81.7405,148.767,49.2983],[-87.1555,130.189,36.3803],[-85.0229,114.395,32.3191],[[[0.708204,0.230895,-0.667183],[0.563295,0.384898,0.731131],[0.425612,-0.893611,0.142524]],[[0.690772,0.266145,-0.67231],[-0.170903,0.963547,0.205839],[0.702585,-0.0272879,0.711076]],[[0.690772,0.266145,-0.67231],[-0.684592,0.540001,-0.489624],[0.232737,0.798477,0.555219]],[[0.690772,0.266145,-0.67231],[-0.711351,0.0834,-0.697871],[-0.129664,0.960318,0.246933]]],1],[262,[-0.468052,-0.776129,-0.422553],26,64.5004,[-83.2517,112.707,22.5633],[-85.1529,118.604,21.9561],[-82.2747,335.593,-18.9138],false,[-13.5581,88.1995,82.0929],[-35.4162,149.734,66.4092],[-70.0599,152.79,35.6973],[-82.8718,131.546,24.1308],[-85.3499,113.784,21.7663],[[[0.652721,0.0390211,-0.756593],[0.684123,0.39868,0.610762],[0.325471,-0.91626,0.233531]],[[0.663698,0.00697232,-0.747968],[0.0446525,0.997804,0.0489229],[0.746667,-0.0658686,0.661929]],[[0.663698,0.00697232,-0.747968],[-0.583466,0.630535,-0.511852],[0.468052,0.776129,0.422553]],[[0.663698,0.00697232,-0.747968],[-0.735349,0.189219,-0.650736],[0.136993,0.98191,0.130712]]],2],[263,[-0.438331,-0.875821,-0.202001],26,62.0188,[-62.0886,103.877,22.8214],[-63.1477,108.013,22.3444],[-98.6695,336.809,-49.7274],false,[-5.54124,89.7278,73.5345],[-18.2107,145.2,53.5819],[-50.8168,144.975,25.5368],[-62.5053,121.62,20.1503],[-63.6053,103.86,22.7639],[[[0.64006,-0.126405,-0.757855],[0.739035,0.371037,0.562279],[0.210117,-0.919975,0.330904]],[[0.645289,-0.150197,-0.749028],[0.0940202,0.988642,-0.117247],[0.758131,0.00523434,0.652082]],[[0.645289,-0.150197,-0.749028],[-0.625674,0.458671,-0.630994],[0.438331,0.875821,0.202001]],[[0.645289,-0.150197,-0.749028],[-0.761486,-0.0479644,-0.646404],[0.0611615,0.987492,-0.145324]]],3],[264,[-0.571394,0.588596,-0.571894],26,48.6216,[-40.5319,175.62,2.28759],[-40.3251,178.494,2.236],[-69.3592,348.093,20.9449],false,[-0.88807,86.5638,61.0435],[-5.07451,137.879,39.4868],[-22.3382,160.351,20.6323],[-33.0961,171.432,9.86504],[-43.2318,180.36,0.22889],[[[0.52911,-0.29159,-0.79688],[0.845232,0.264115,0.464571],[0.0750035,-0.919358,0.386207]],[[0.527276,-0.270699,-0.80542],[0.681703,0.700598,0.210815],[0.507209,-0.660215,0.553945]],[[0.527276,-0.270699,-0.80542],[0.628879,0.761759,0.155677],[0.571394,-0.588596,0.571894]],[[0.527276,-0.270699,-0.80542],[0.590602,0.798236,0.118359],[0.610875,-0.538091,0.580766]]],4]],[[0,200,0],[235.247,235.247,147.751]]],[54036,3706755273,[[26,"right",[-0.224599,0.963723,-0.144195],[-0.617219,-0.255202,-0.744253],[-30.5812,127.114,65.1515],[-44.8322,256.44,-16.0377],[-29.675,123.291,65.3435],1,0.226871,0.419793,[[0.731812,0.0966635,-0.674617],[0.28152,0.858608,0.428414],[0.620643,-0.503437,0.601127]],61.3368,[150.5,-52.1899,227.19],[-10.8068,78.6542,70.9565]]],[[260,[-0.63899,0.628462,-0.443539],26,50.1672,[-99.074,127.354,41.2073],[-99.8496,130.424,41.5285],[-70.9,271.679,27.0429],false,[-37.1762,70.6818,81.5902],[-37.1762,70.6818,81.5902],[-73.2846,99.7409,68.9165],[-94.2565,120.367,54.3594],[-101.747,133.66,37.7846],[[[0.811659,0.447764,0.375121],[-0.243176,-0.324879,0.913958],[0.531107,-0.833043,-0.154806]],[[0.482975,0.776578,0.40455],[-0.449483,-0.176617,0.875655],[0.751465,-0.604758,0.263757]],[[0.482975,0.776578,0.40455],[-0.598687,-0.044285,0.799758],[0.63899,-0.628462,0.443539]],[[0.482975,0.776578,0.40455],[-0.810059,0.220838,0.543172],[0.332476,-0.590048,0.735733]]],0],[261,[-0.223493,-0.801183,-0.555118],26,56.6081,[-84.5889,115.612,33.4845],[-85.8318,119.599,33.2281],[-52.4721,269.063,-6.05455],false,[-22.0181,86.0187,89.0503],[-52.8754,148.954,78.9451],[-81.9371,149.747,49.533],[-87.137,131.107,36.6174],[-84.8232,115.338,32.5595],[[[0.705638,0.238861,-0.667099],[0.558765,0.391362,0.731176],[0.435726,-0.888697,0.142693]],[[0.687809,0.273904,-0.672231],[-0.18191,0.961566,0.20567],[0.702729,-0.0191762,0.7112]],[[0.687809,0.273904,-0.672231],[-0.69063,0.532054,-0.489846],[0.223493,0.801183,0.555118]],[[0.687809,0.273904,-0.672231],[-0.712127,0.0751262,-0.698019],[-0.140688,0.958818,0.246727]]],1],[262,[-0.459097,-0.781482,-0.422512],26,64.5004,[-83.9516,115.831,22.5562],[-84.9987,119.539,22.1975],[-55.6409,276.051,-6.5696],false,[-13.0758,89.9646,82.3456],[-35.6299,151.245,66.6515],[-70.3013,153.902,35.9337],[-82.8681,132.511,24.3683],[-85.1428,114.722,22.0062],[[[0.652354,0.0463575,-0.756495],[0.679448,0.406504,0.610824],[0.335834,-0.912472,0.233687]],[[0.663693,0.0144379,-0.747865],[0.0332753,0.998254,0.0488019],[0.747264,-0.0572749,0.662054]],[[0.663693,0.0144379,-0.747865],[-0.590543,0.623761,-0.512036],[0.459097,0.781481,0.422512]],[[0.663693,0.0144379,-0.747865],[-0.737359,0.180712,-0.65088],[0.125751,0.98343,0.130583]]],2],[263,[-0.430534,-0.879151,-0.204289],26,62.0188,[-62.7142,106.859,22.5252],[-62.9632,109.226,22.5075],[-67.9284,285.573,-32.5248],false,[-5.07549,91.583,73.7883],[-18.3719,146.905,53.8274],[-50.9704,146.301,25.779],[-62.451,122.858,20.3314],[-63.4227,105.081,22.8823],[[[0.641576,-0.119202,-0.75774],[0.734679,0.379482,0.562353],[0.220515,-0.917488,0.331042]],[[0.647053,-0.142839,-0.748945],[0.0826411,0.989646,-0.117348],[0.757953,0.0140367,0.652158]],[[0.647053,-0.142839,-0.748945],[-0.629255,0.454633,-0.630355],[0.430534,0.879151,0.204289]],[[0.647053,-0.142839,-0.748945],[-0.760528,-0.0513127,-0.647274],[0.0540257,0.988415,-0.141835]]],3],[264,[-0.577753,0.582723,-0.57152],26,48.6216,[-41.1121,178.379,2.57417],[-40.8651,179.963,2.50579],[-66.7157,302.02,23.9042],false,[-0.384661,88.4707,61.2984],[-5.15108,139.733,39.7351],[-22.6527,162.034,20.8976],[-33.5302,173.005,10.1374],[-43.764,181.826,0.506261],[[[0.532518,-0.285642,-0.796764],[0.8421,0.273763,0.464673],[0.0853944,-0.918402,0.386323]],[[0.530386,-0.26419,-0.805539],[0.674011,0.707747,0.211667],[0.514198,-0.655208,0.553447]],[[0.530386,-0.26419,-0.805539],[0.620396,0.76853,0.156431],[0.577753,-0.582723,0.57152]],[[0.530386,-0.26419,-0.805539],[0.581608,0.804714,0.119025],[0.616784,-0.531637,0.580465]]],4]],[[0,200,0],[235.247,235.247,147.751]]],[54037,3706763943,[[26,"right",[-0.224384,0.965324,-0.133419],[-0.621342,-0.247191,-0.743526],[-30.1993,129.656,65.1129],[-21.1912,266.221,-12.9546],[-29.9266,126.346,65.2328],1,0.223596,0.374909,[[0.735859,0.096431,-0.670233],[0.282666,0.855695,0.433458],[0.615314,-0.508416,0.602413]],61.3368,[149.478,-51.0161,226.9],[-10.4434,81.1223,70.3319]]],[[260,[-0.643142,0.633694,-0.429884],26,50.1672,[-99.5643,130.658,41.7636],[-99.7452,133.326,42.0799],[-50.955,288.784,39.7341],false,[-36.765,73.0693,81.0232],[-36.765,73.0693,81.0232],[-72.9128,102.305,68.8789],[-94.021,123.103,54.77],[-101.771,136.626,38.5037],[[[0.81405,0.443236,0.37532],[-0.238736,-0.333736,0.911935],[0.52946,-0.831963,-0.165861]],[[0.486449,0.771667,0.409751],[-0.444337,-0.185305,0.876485],[0.752284,-0.608434,0.252739]],[[0.486449,0.771667,0.409751],[-0.591384,-0.0544116,0.804552],[0.643142,-0.633694,0.429884]],[[0.486449,0.771667,0.409751],[-0.803132,0.210275,0.557462],[0.344015,-0.600262,0.722039]]],0],[261,[-0.227123,-0.79545,-0.561849],26,56.6081,[-84.8832,118.936,33.5791],[-85.617,122.504,33.4084],[-32.0037,286.68,0.761901],false,[-21.5529,88.3167,88.5564],[-52.3995,151.379,79.2394],[-81.6129,152.491,49.9883],[-86.8972,133.984,36.9161],[-84.6192,118.253,32.6907],[[[0.702392,0.244825,-0.668361],[0.562957,0.383529,0.73211],[0.435575,-0.890486,0.131562]],[[0.684574,0.279931,-0.673051],[-0.1799,0.959644,0.216148],[0.706395,-0.0268873,0.707307]],[[0.684574,0.279931,-0.673051],[-0.692657,0.537492,-0.480966],[0.227123,0.79545,0.561849]],[[0.684574,0.279931,-0.673051],[-0.715662,0.0826532,-0.693539],[-0.138513,0.956456,0.256918]]],1],[262,[-0.462043,-0.77683,-0.427846],26,64.5004,[-84.2407,119.204,22.645],[-84.8437,122.554,22.3734],[-36.1218,295.157,0.22883],false,[-12.6417,92.3207,81.8447],[-35.2161,153.776,66.8794],[-70.0443,156.771,36.3709],[-82.6917,135.507,24.6596],[-84.9957,117.744,22.133],[[[0.648451,0.0532723,-0.75939],[0.683026,0.399755,0.611287],[0.336135,-0.915073,0.222835]],[[0.659802,0.0212589,-0.751138],[0.0345095,0.997688,0.05855],[0.750646,-0.0645528,0.657543]],[[0.659802,0.0212589,-0.751138],[-0.592602,0.629352,-0.502732],[0.462043,0.77683,0.427846]],[[0.659802,0.0212589,-0.751138],[-0.740566,0.187828,-0.6452],[0.127368,0.981972,0.139673]]],2],[263,[-0.436971,-0.873319,-0.215337],26,62.0188,[-63.0522,110.251,22.226],[-62.9695,112.346,22.3108],[-51.8047,307.558,-31.7225],false,[-4.6845,94.0167,73.2624],[-18.0294,149.547,53.9229],[-50.7664,149.362,26.0303],[-62.4186,126.074,20.2882],[-63.5147,108.267,22.563],[[[0.637501,-0.112257,-0.762227],[0.737977,0.373165,0.562261],[0.221319,-0.920949,0.320736]],[[0.642973,-0.135864,-0.753742],[0.084856,0.990718,-0.106193],[0.761173,0.00432002,0.648534]],[[0.642973,-0.135864,-0.753742],[-0.629001,0.467819,-0.620889],[0.436971,0.873319,0.215337]],[[0.642973,-0.135864,-0.753742],[-0.76346,-0.0353916,-0.644884],[0.0609402,0.990095,-0.126482]]],3],[264,[-0.57946,0.590367,-0.561865],26,48.6216,[-41.2101,181.728,3.11106],[-40.7519,183.188,3.09885],[-44.0292,321.952,36.0811],false,[-0.0619081,91.0245,60.7177],[-4.88933,142.503,39.6911],[-22.434,165.061,21.202],[-33.3436,176.176,10.6236],[-43.6106,185.123,1.14564],[[[0.528075,-0.278196,-0.802336],[0.844782,0.268323,0.462975],[0.0864873,-0.922285,0.37671]],[[0.525838,-0.255894,-0.81118],[0.676605,0.703771,0.21659],[0.515461,-0.66274,0.543209]],[[0.525838,-0.255894,-0.81118],[0.622672,0.765497,0.162157],[0.57946,-0.590367,0.561865]],[[0.525838,-0.255894,-0.81118],[0.583608,0.802323,0.125217],[0.618786,-0.539255,0.571234]]],4]],[[0,200,0],[235.247,235.247,147.751]]],[54038,3706772650,[[26,"right",[-0.226729,0.966566,-0.119765],[-0.62334,-0.238491,-0.744694],[-30.0054,132.39,65.0847],[-9.58798,278.97,-10.3607],[-29.9677,129.503,65.1555],1,0.220364,0.377582,[[0.741434,0.100068,-0.663523],[0.280206,0.85231,0.441647],[0.609722,-0.513375,0.603892]],61.3368,[148.331,-49.5966,226.542],[-10.1366,83.8306,69.5892]]],[[260,[-0.647568,0.638087,-0.416534],26,50.1672,[-99.835,134.035,42.3],[-99.7465,136.26,42.4624],[-38.5747,301.565,42.5642],false,[-36.4064,75.5826,80.2594],[-36.4064,75.5826,80.2594],[-72.6545,104.912,68.6523],[-93.9079,125.854,54.9815],[-101.857,139.611,39.0097],[[[0.814428,0.439823,0.378502],[-0.235025,-0.346363,0.908183],[0.530538,-0.828606,-0.178719]],[[0.48657,0.766931,0.41841],[-0.440651,-0.198101,0.875547],[0.754372,-0.610387,0.241558]],[[0.48657,0.766931,0.41841],[-0.586435,-0.0682759,0.807114],[0.647568,-0.638087,0.416534]],[[0.48657,0.766931,0.41841],[-0.799225,0.197335,0.567713],[0.35283,-0.610636,0.708968]]],0],[261,[-0.227379,-0.788379,-0.571626],26,56.6081,[-84.9723,122.417,33.6596],[-85.5089,125.543,33.4748],[-20.1817,303.39,2.23642],false,[-21.1992,90.7586,87.945],[-52.2009,153.878,79.5738],[-81.5138,155.32,50.437],[-86.8041,136.977,37.1373],[-84.5081,121.309,32.6957],[[[0.699667,0.255141,-0.66736],[0.564649,0.374852,0.735294],[0.437764,-0.891285,0.118207]],[[0.681767,0.290266,-0.671521],[-0.181089,0.956311,0.229515],[0.708803,-0.0348709,0.704545]],[[0.681767,0.290266,-0.671521],[-0.695337,0.542405,-0.471491],[0.227379,0.788379,0.571626]],[[0.681767,0.290266,-0.671521],[-0.718126,0.0903723,-0.69002],[-0.139602,0.952669,0.27006]]],1],[262,[-0.461914,-0.772007,-0.436625],26,64.5004,[-84.3371,122.795,22.7202],[-84.7749,125.743,22.439],[-24.3589,314.151,1.78],false,[-12.3184,94.8699,81.2579],[-35.0636,156.474,67.1899],[-69.9997,159.805,36.84],[-82.6436,138.673,24.8883],[-84.9203,120.94,22.133],[[[0.645799,0.0647124,-0.76076],[0.684281,0.392931,0.6143],[0.338679,-0.917288,0.209473]],[[0.65724,0.0326158,-0.752975],[0.0327247,0.996886,0.071745],[0.75297,-0.0717946,0.654126]],[[0.65724,0.0326158,-0.752975],[-0.595542,0.634777,-0.492328],[0.461914,0.772007,0.436625]],[[0.65724,0.0326158,-0.752975],[-0.743098,0.194879,-0.640178],[0.125859,0.980285,0.152319]]],2],[263,[-0.447138,-0.862576,-0.236707],26,62.0188,[-63.4628,114.329,21.6516],[-63.2294,116.013,21.797],[-49.9668,343.87,-43.3428],false,[-4.39334,96.6963,72.6725],[-17.9122,152.453,54.121],[-50.7119,152.967,26.3064],[-62.6352,129.965,19.9943],[-63.9579,112.12,21.7998],[[[0.635166,-0.100786,-0.765772],[0.739119,0.367109,0.564742],[0.224204,-0.924702,0.307667]],[[0.640635,-0.12415,-0.757742],[0.0893392,0.992192,-0.0870303],[0.762631,-0.0119415,0.646724]],[[0.640635,-0.12415,-0.757742],[-0.624223,0.490458,-0.608109],[0.447138,0.862576,0.236707]],[[0.640635,-0.12415,-0.757742],[-0.764315,-0.00858379,-0.644786],[0.0735457,0.992226,-0.100389]]],3],[264,[-0.581863,0.597958,-0.551255],26,48.6216,[-41.2926,185.568,3.88288],[-40.8642,186.773,3.87273],[-34.3452,347.053,50.4338],false,[0.193107,93.8812,60.0738],[-4.80599,145.626,39.7529],[-22.4234,168.445,21.6576],[-33.3783,179.703,11.279],[-43.6879,188.773,1.96583],[[[0.525932,-0.266395,-0.807731],[0.845798,0.263817,0.46371],[0.0895629,-0.927057,0.364066]],[[0.523546,-0.243294,-0.816522],[0.676749,0.700969,0.225062],[0.517601,-0.67041,0.531639]],[[0.523546,-0.243294,-0.816522],[0.622363,0.763711,0.171495],[0.581863,-0.597958,0.551255]],[[0.523546,-0.243294,-0.816522],[0.582939,0.801215,0.135042],[0.621355,-0.546683,0.561299]]],4]],[[0,200,0],[235.247,235.247,147.751]]],[54039,3706781272,[[26,"right",[-0.237923,0.96425,-0.116683],[-0.619576,-0.243187,-0.746315],[-29.4092,134.642,65.3254],[11.2546,274.265,-0.226296],[-29.6576,132.357,65.2499],1,0.216955,0.389196,[[0.749379,0.104106,-0.653906],[0.272948,0.851184,0.448313],[0.603266,-0.514439,0.609444]],61.3368,[147.813,-47.3998,228.082],[-8.97682,86.3038,69.6859]]],[[260,[-0.655833,0.63178,-0.413203],26,50.1672,[-99.6757,136.422,42.7155],[-99.2587,137.792,42.7285],[-14.3603,268.482,40.559],false,[-35.161,77.7106,80.2938],[-35.161,77.7106,80.2938],[-71.7424,106.653,68.7606],[-93.2671,127.388,55.1991],[-101.456,141.13,39.3364],[[[0.808736,0.448031,0.38107],[-0.232058,-0.352277,0.90667],[0.540458,-0.821687,-0.18093]],[[0.477098,0.771067,0.421702],[-0.439075,-0.206532,0.87439],[0.761308,-0.602329,0.240021]],[[0.477098,0.771067,0.421702],[-0.58503,-0.079428,0.807113],[0.655833,-0.63178,0.413203]],[[0.477098,0.771067,0.421702],[-0.800162,0.182655,0.571295],[0.363481,-0.609994,0.704123]]],0],[261,[-0.216514,-0.789589,-0.57417],26,56.6081,[-84.5441,124.954,33.7877],[-84.7478,127.19,33.6349],[8.60824,273.765,6.30118],false,[-20.1427,93.0372,88.0517],[-51.8735,155.817,79.8611],[-81.1573,156.966,50.6819],[-86.1948,138.595,37.323],[-83.6984,122.97,32.8372],[[[0.697443,0.265676,-0.665574],[0.559298,0.378882,0.737316],[0.448061,-0.88649,0.115656]],[[0.679058,0.300748,-0.66965],[-0.193595,0.953299,0.231823],[0.708097,-0.0277807,0.705569]],[[0.679058,0.300748,-0.66965],[-0.701428,0.534883,-0.471061],[0.216514,0.789589,0.57417]],[[0.679058,0.300748,-0.66965],[-0.71822,0.0835678,-0.690779],[-0.151789,0.950035,0.27275]]],1],[262,[-0.452243,-0.775875,-0.43988],26,64.5004,[-83.8946,125.386,22.8461],[-84.0406,127.495,22.59],[4.81355,285.023,5.82391],false,[-11.3026,97.2758,81.3902],[-34.7527,158.657,67.5082],[-69.6881,161.683,37.1255],[-82.0673,140.445,25.0847],[-84.1313,122.697,22.2653],[[[0.645932,0.0749565,-0.759706],[0.678858,0.398788,0.616538],[0.349175,-0.913975,0.206705]],[[0.65774,0.0429706,-0.752019],[0.0209036,0.996946,0.0752487],[0.752955,-0.0652139,0.654832]],[[0.65774,0.0429706,-0.752019],[-0.602374,0.629422,-0.490891],[0.452243,0.775875,0.43988]],[[0.65774,0.0429706,-0.752019],[-0.744553,0.188323,-0.640449],[0.114102,0.981167,0.155861]]],2],[263,[-0.441257,-0.863279,-0.245034],26,62.0188,[-63.1371,117.343,21.404],[-62.557,118.206,21.7603],[-17.1268,321.896,-34.1233],false,[-3.38893,99.2253,72.8214],[-17.5391,154.884,54.4472],[-50.301,155.253,26.5857],[-62.0675,132.232,20.0517],[-63.298,114.364,21.6873],[[[0.63725,-0.0906364,-0.765309],[0.734058,0.373786,0.56696],[0.234674,-0.923076,0.304727]],[[0.6429,-0.113609,-0.757478],[0.0800828,0.993489,-0.081037],[0.761753,-0.00856233,0.647812]],[[0.6429,-0.113609,-0.757478],[-0.626077,0.491775,-0.605132],[0.441257,0.863279,0.245034]],[[0.6429,-0.113609,-0.757478],[-0.762889,-0.00664658,-0.646495],[0.0684128,0.993503,-0.0909439]]],3],[264,[-0.587532,0.59434,-0.54915],26,48.6216,[-41.2422,188.454,4.45086],[-40.8213,189.16,4.33708],[-22.6128,329.533,51.5715],false,[1.24582,96.5084,60.2188],[-4.33589,148.262,40.072],[-22.1628,170.99,22.0676],[-33.2244,182.179,11.7286],[-43.6222,191.179,2.44437],[[[0.530022,-0.257369,-0.807984],[0.842067,0.272108,0.465704],[0.100001,-0.92721,0.360945]],[[0.527292,-0.233579,-0.816948],[0.669063,0.706801,0.229754],[0.523754,-0.667737,0.52897]],[[0.527292,-0.233579,-0.816948],[0.613815,0.769545,0.176155],[0.587532,-0.59434,0.54915]],[[0.527292,-0.233579,-0.816948],[0.573799,0.807008,0.139616],[0.626672,-0.542383,0.559556]]],4]],[[0,200,0],[235.247,235.247,147.751]]],[54040,3706790162,[[26,"right",[-0.241412,0.964195,-0.109762],[-0.619627,-0.240204,-0.747238],[-28.7406,136.462,65.506],[28.634,255.35,5.35467],[-29.1126,134.796,65.4021],1,0.205385,0.3926,[[0.754583,0.105785,-0.647621],[0.268811,0.850482,0.452129],[0.598619,-0.515257,0.613324]],61.3368,[147.447,-45.7504,228.913],[-8.13512,88.1658,69.5095]]],[[260,[-0.65951,0.632233,-0.406605],26,50.1672,[-99.266,138.513,43.1289],[-98.6996,139.54,43.0873],[6.09306,248.788,41.1903],false,[-34.2765,79.4087,80.0889],[-34.2765,79.4087,80.0889],[-70.9708,108.305,68.8022],[-92.6162,129.055,55.4572],[-100.947,142.895,39.7544],[[[0.807634,0.448212,0.383189],[-0.229739,-0.359312,0.904497],[0.543091,-0.818536,-0.18722]],[[0.475008,0.769753,0.426435],[-0.437256,-0.214076,0.873486],[0.763659,-0.601374,0.234892]],[[0.475008,0.769753,0.426435],[-0.582592,-0.0880978,0.807976],[0.65951,-0.632233,0.406605]],[[0.475008,0.769753,0.426435],[-0.798514,0.173401,0.576462],[0.369789,-0.614338,0.697026]]],0],[261,[-0.21362,-0.786941,-0.57887],26,56.6081,[-83.9186,127.15,33.9676],[-84.0501,128.973,33.8434],[27.5065,253.876,10.6034],false,[-19.3022,94.7338,87.9343],[-51.2608,157.457,80.2136],[-80.5755,158.657,51.0676],[-85.5457,140.347,37.5993],[-82.9899,124.762,33.0102],[[[0.695713,0.272675,-0.664554],[0.558867,0.375746,0.739245],[0.451277,-0.885699,0.109022]],[[0.677126,0.307847,-0.668379],[-0.197579,0.950994,0.237852],[0.708847,-0.0289985,0.704766]],[[0.677126,0.307847,-0.668379],[-0.704179,0.534747,-0.467096],[0.21362,0.786941,0.57887]],[[0.677126,0.307847,-0.668379],[-0.719272,0.0850752,-0.6895],[-0.155398,0.947624,0.279033]]],1],[262,[-0.450046,-0.77443,-0.444653],26,64.5004,[-83.2855,127.668,23.0253],[-83.3947,129.412,22.7899],[23.2666,266.277,10.1295],false,[-10.4849,99.0489,81.2918],[-34.1649,160.442,67.8603],[-69.1472,163.554,37.5404],[-81.4663,142.356,25.369],[-83.4712,124.62,22.4305],[[[0.644751,0.0824296,-0.759935],[0.678212,0.396899,0.618466],[0.352598,-0.914153,0.199996]],[[0.656679,0.050434,-0.752482],[0.0175142,0.996473,0.0820714],[0.753967,-0.0670737,0.653479]],[[0.656679,0.050434,-0.752482],[-0.605171,0.630646,-0.485854],[0.450046,0.77443,0.444653]],[[0.656679,0.050434,-0.752482],[-0.745981,0.190076,-0.638266],[0.110839,0.980473,0.162442]]],2],[263,[-0.44005,-0.861887,-0.252005],26,62.0188,[-62.5779,119.818,21.362],[-61.9531,120.265,21.799],[5.88455,297.64,-23.6733],false,[-2.58838,101.085,72.7273],[-16.954,156.819,54.7533],[-49.7498,157.295,26.9334],[-61.4841,134.312,20.2134],[-62.6922,116.428,21.6891],[[[0.636638,-0.0831501,-0.766667],[0.733438,0.372431,0.568651],[0.238247,-0.924328,0.298089]],[[0.642344,-0.106023,-0.759047],[0.0769835,0.994302,-0.0737359],[0.76254,-0.0110702,0.646846]],[[0.642344,-0.106023,-0.759047],[-0.627495,0.495893,-0.600284],[0.44005,0.861887,0.252005]],[[0.642344,-0.106023,-0.759047],[-0.763467,-0.00171423,-0.645845],[0.0671733,0.994362,-0.0820462]]],3],[264,[-0.586783,0.601377,-0.542246],26,48.6216,[-40.6778,191.19,5.17968],[-40.2983,191.569,5.03189],[3.30786,317.54,59.6072],false,[2.04057,98.4708,60.1007],[-3.74519,150.342,40.3173],[-21.5356,173.306,22.5792],[-32.5831,184.629,12.3702],[-42.9735,193.742,3.18959],[[[0.529938,-0.249958,-0.810362],[0.841677,0.271829,0.466571],[0.103657,-0.929317,0.354436]],[[0.526956,-0.224853,-0.819609],[0.670165,0.703017,0.238006],[0.522683,-0.674692,0.521147]],[[0.526956,-0.224853,-0.819609],[0.61482,0.766672,0.18496],[0.586783,-0.601378,0.542246]],[[0.526956,-0.224853,-0.819609],[0.574597,0.804828,0.148631],[0.626224,-0.549267,0.553308]]],4]],[[0,200,0],[235.247,235.247,147.751]]],[54041,3706798619,[[26,"right",[-0.233563,0.966129,-0.109746],[-0.622214,-0.235238,-0.746668],[-28.8008,139.302,65.3616],[19.3244,276.315,-0.486051],[-28.9225,137.543,65.3774],1,0.192658,0.380553,[[0.754421,0.0998838,-0.648747],[0.274733,0.849566,0.450287],[0.59613,-0.517939,0.613489]],61.3368,[146.345,-43.7742,228.804],[-8.59003,90.8391,69.3571]]],[[260,[-0.654722,0.637547,-0.406046],26,50.1672,[-99.1506,141.525,43.2296],[-98.7613,142.957,43.0075],[2.71112,289.246,27.9131],false,[-34.7936,82.2993,79.9603],[-34.7936,82.2993,79.9603],[-71.2544,111.496,68.6907],[-92.7427,132.421,55.3641],[-100.985,146.329,39.6746],[[[0.811618,0.441624,0.38242],[-0.231923,-0.357239,0.90476],[0.536179,-0.823012,-0.187519]],[[0.481684,0.7659,0.425885],[-0.438412,-0.210189,0.873851],[0.758799,-0.607633,0.234535]],[[0.481684,0.7659,0.425885],[-0.582512,-0.0832502,0.808548],[0.654722,-0.637547,0.406046]],[[0.481684,0.7659,0.425885],[-0.796321,0.179648,0.577581],[0.36586,-0.617352,0.696436]]],0],[261,[-0.219866,-0.785754,-0.578143],26,56.6081,[-83.773,130.094,33.9721],[-84.1617,132.208,33.7584],[16.593,287.321,5.03172],false,[-19.6871,97.5021,87.7901],[-51.135,160.485,80.0841],[-80.4571,161.879,50.9541],[-85.5726,143.597,37.5028],[-83.1401,127.99,32.9205],[[[0.697371,0.266817,-0.665194],[0.562565,0.371274,0.7387],[0.444066,-0.889362,0.108814]],[[0.679008,0.302257,-0.669021],[-0.190354,0.95263,0.237193],[0.709023,-0.0337055,0.704379]],[[0.679008,0.302257,-0.669021],[-0.700434,0.539659,-0.467077],[0.219866,0.785754,0.578143]],[[0.679008,0.302257,-0.669021],[-0.719078,0.0902329,-0.689046],[-0.147901,0.948946,0.278615]]],1],[262,[-0.456752,-0.770812,-0.444101],26,64.5004,[-83.2014,130.722,23.0147],[-83.5438,132.689,22.6957],[12.3794,297.853,4.53215],false,[-10.8402,101.743,81.1393],[-34.0256,163.327,67.7158],[-69.0068,166.72,37.4248],[-81.5094,145.621,25.2685],[-83.662,127.901,22.3357],[[[0.644764,0.0769788,-0.760495],[0.681977,0.391421,0.617816],[0.345233,-0.916986,0.199877]],[[0.656434,0.0448887,-0.753046],[0.0257667,0.996311,0.0818506],[0.753943,-0.0731331,0.652857]],[[0.656434,0.0448887,-0.753046],[-0.600392,0.635479,-0.485485],[0.456752,0.770812,0.444101]],[[0.656434,0.0448887,-0.753046],[-0.744938,0.196038,-0.637681],[0.119001,0.979568,0.162125]]],2],[263,[-0.447532,-0.858117,-0.251697],26,62.0188,[-62.6379,122.881,21.2534],[-62.1981,123.377,21.6706],[-2.99685,315.945,-21.3153],false,[-2.93446,103.713,72.5677],[-16.8562,159.56,54.595],[-49.6712,160.298,26.8036],[-61.6051,137.416,20.0918],[-62.9661,119.543,21.5648],[[[0.635283,-0.0885298,-0.767188],[0.736958,0.36649,0.56796],[0.230885,-0.926201,0.298068]],[[0.640797,-0.111397,-0.759586],[0.0850216,0.993628,-0.0739951],[0.762988,-0.0171654,0.646184]],[[0.640797,-0.111397,-0.759586],[-0.623775,0.501225,-0.599732],[0.447532,0.858116,0.251697]],[[0.640797,-0.111397,-0.759586],[-0.763972,0.00499819,-0.64523],[0.0756732,0.993763,-0.0819014]]],3],[264,[-0.579057,0.611432,-0.539299],26,48.6216,[-40.0799,194.505,5.32425],[-39.8306,194.725,5.0392],[20.3058,335.885,45.365],false,[1.66216,101.058,59.9378],[-3.71333,152.972,40.1491],[-21.1843,176.272,22.5328],[-32.0863,187.784,12.3792],[-42.3686,197.061,3.24083],[[[0.527178,-0.254462,-0.81076],[0.84428,0.264982,0.465807],[0.0963063,-0.930072,0.35453]],[[0.524171,-0.227444,-0.820679],[0.679538,0.692546,0.24209],[0.513296,-0.684579,0.517569]],[[0.524171,-0.227444,-0.820679],[0.62445,0.757905,0.188792],[0.579057,-0.611432,0.539299]],[[0.524171,-0.227444,-0.820679],[0.584128,0.797278,0.152126],[0.619709,-0.559121,0.550766]]],4]],[[0,200,0],[235.247,235.247,147.751]]],[54042,3706807408,[[26,"right",[-0.228041,0.968663,-0.0984363],[-0.628367,-0.223645,-0.745076],[-28.6387,142.826,64.9456],[19.0861,309.86,-13.0919],[-28.7316,141.097,65.0869],1,0.186039,0.385932,[[0.756233,0.0972248,-0.647039],[0.27771,0.847711,0.451955],[0.592443,-0.521473,0.614066]],61.3368,[145.262,-41.3342,227.917],[-8.7147,94.1975,68.3203]]],[[260,[-0.653807,0.645644,-0.394564],26,50.1672,[-99.1073,145.738,43.3514],[-98.7576,147.158,43.1112],[1.92509,339.791,23.8934],false,[-34.9058,85.7165,79.0014],[-34.9058,85.7165,79.0014],[-71.2499,115.255,68.2569],[-92.7081,136.445,55.3071],[-100.998,150.572,39.8398],[[[0.81681,0.432532,0.381756],[-0.228548,-0.364979,0.902528],[0.529705,-0.824443,-0.199264]],[[0.489159,0.75849,0.430601],[-0.434311,-0.216315,0.874404],[0.756372,-0.614737,0.223608]],[[0.489159,0.75849,0.430601],[-0.577287,-0.0885256,0.811728],[0.653807,-0.645644,0.394564]],[[0.489159,0.75849,0.430601],[-0.790778,0.1774,0.585832],[0.367959,-0.627075,0.686574]]],0],[261,[-0.227856,-0.778857,-0.584349],26,56.6081,[-83.7588,134.253,33.8695],[-84.2076,136.355,33.6322],[10.4691,336.911,-0.645176],false,[-19.6533,100.742,86.8898],[-50.7441,163.999,80.0236],[-80.2325,165.839,51.0869],[-85.5339,147.717,37.4912],[-83.222,132.143,32.7406],[[[0.694895,0.26916,-0.666838],[0.569543,0.360131,0.738868],[0.439023,-0.893229,0.0969548]],[[0.676679,0.304862,-0.670198],[-0.183502,0.951357,0.24748],[0.713045,-0.0444817,0.699706]],[[0.676679,0.304862,-0.670198],[-0.700134,0.548125,-0.457571],[0.227856,0.778857,0.584349]],[[0.676679,0.304862,-0.670198],[-0.722736,0.101249,-0.683668],[-0.140568,0.946999,0.288848]]],1],[262,[-0.464429,-0.763349,-0.449003],26,64.5004,[-83.2894,135.092,22.8987],[-83.6854,136.99,22.5642],[4.56782,349.374,-1.06587],false,[-10.8211,104.995,80.2267],[-33.6944,166.858,67.577],[-68.8419,170.782,37.5436],[-81.5547,149.887,25.2531],[-83.8385,132.212,22.1546],[[[0.640477,0.0806435,-0.763732],[0.688324,0.380753,0.617444],[0.340586,-0.921153,0.188355]],[[0.651987,0.0484066,-0.756684],[0.0326533,0.995242,0.091803],[0.757527,-0.0845626,0.647304]],[[0.651987,0.0484066,-0.756684],[-0.599349,0.64417,-0.475212],[0.464429,0.763349,0.449003]],[[0.651987,0.0484066,-0.756684],[-0.747645,0.207214,-0.630943],[0.126254,0.977097,0.171292]]],2],[263,[-0.455074,-0.852231,-0.258089],26,62.0188,[-62.8567,127.236,20.8967],[-62.4367,127.583,21.2803],[-9.39576,359.955,-27.2464],false,[-2.95669,107.001,71.6258],[-16.632,163.117,54.3104],[-49.6143,164.359,26.7358],[-61.7493,141.634,19.8536],[-63.2286,123.756,21.1411],[[[0.629893,-0.0847246,-0.772047],[0.742831,0.355983,0.56699],[0.226798,-0.930644,0.287167]],[[0.635292,-0.107642,-0.764733],[0.0911085,0.99377,-0.0641933],[0.766879,-0.0288922,0.641142]],[[0.635292,-0.107642,-0.764733],[-0.623948,0.511972,-0.590401],[0.455074,0.852231,0.258089]],[[0.635292,-0.107642,-0.764733],[-0.767879,0.0174236,-0.640358],[0.0822538,0.994037,-0.0715869]]],3],[264,[-0.577621,0.622698,-0.527827],26,48.6216,[-39.7891,199.049,5.66693],[-39.6479,199.046,5.35987],[21.8867,379.114,43.6446],false,[1.54373,104.447,58.9407],[-3.62223,156.593,39.7155],[-20.985,180.286,22.5203],[-31.86,192.01,12.5828],[-42.1374,201.466,3.62487],[[[0.520455,-0.249513,-0.816621],[0.848859,0.254844,0.463135],[0.0925526,-0.934236,0.344436]],[[0.517385,-0.220866,-0.826759],[0.687089,0.683125,0.247485],[0.510118,-0.696102,0.505194]],[[0.517385,-0.220866,-0.826759],[0.6314,0.750643,0.194598],[0.577621,-0.622698,0.527827]],[[0.517385,-0.220866,-0.826759],[0.590459,0.791435,0.158079],[0.619412,-0.569955,0.539889]]],4]],[[0,200,0],[235.247,235.247,147.751]]],[54043,3706815960,[[26,"right",[-0.218393,0.972376,-0.0823923],[-0.63081,-0.205087,-0.748343],[-28.4477,145.256,64.8516],[19.9418,303.098,-12.5412],[-28.5316,144.027,64.9211],1,0.180455,0.386743,[[0.757477,0.100291,-0.645113],[0.274275,0.847816,0.453852],[0.592454,-0.520721,0.614693]],61.3368,[144.971,-38.9541,227.177],[-9.00894,96.3822,67.4168]]],[[260,[-0.648378,0.658278,-0.382461],26,50.1672,[-98.9686,149.702,43.4459],[-98.5851,150.648,43.1742],[6.36844,357.429,19.9152],false,[-35.2799,87.9885,77.9699],[-35.2799,87.9885,77.9699],[-71.3332,118.056,67.7235],[-92.6133,139.661,55.171],[-100.817,154.131,39.9777],[[[0.821211,0.418029,0.388414],[-0.231887,-0.377468,0.896519],[0.521384,-0.826299,-0.213045]],[[0.496704,0.746485,0.442771],[-0.43624,-0.226302,0.870909],[0.75032,-0.625738,0.213242]],[[0.496704,0.746485,0.442771],[-0.576968,-0.0971132,0.810973],[0.648378,-0.658278,0.382461]],[[0.496704,0.746485,0.442771],[-0.787835,0.173748,0.590871],[0.364145,-0.642318,0.674408]]],0],[261,[-0.235245,-0.767241,-0.596658],26,56.6081,[-83.6467,138.16,33.7005],[-84.0599,139.809,33.4712],[11.9003,354.391,-5.90512],false,[-19.8756,102.73,86.0968],[-50.3357,166.398,80.2863],[-79.809,168.974,51.3904],[-85.2823,151.123,37.5084],[-83.1204,135.606,32.5061],[[[0.69733,0.273141,-0.662665],[0.57335,0.342237,0.744408],[0.430117,-0.899037,0.0820475]],[[0.679422,0.309167,-0.665434],[-0.174565,0.948965,0.262663],[0.71268,-0.0622972,0.698717]],[[0.679422,0.309167,-0.665434],[-0.695015,0.561922,-0.448551],[0.235245,0.767241,0.596658]],[[0.679422,0.309167,-0.665434],[-0.721878,0.119178,-0.681681],[-0.131448,0.943511,0.304152]]],1],[262,[-0.472146,-0.751222,-0.461241],26,64.5004,[-83.2113,139.21,22.7291],[-83.5604,140.661,22.4094],[6.93004,370.235,-5.96164],false,[-11.0036,107.003,79.5001],[-33.2624,169.291,67.88],[-68.3788,174.057,37.9323],[-81.3028,153.494,25.3068],[-83.7632,135.896,21.9199],[[[0.641002,0.0867941,-0.762616],[0.692291,0.363667,0.623281],[0.331435,-0.927477,0.173024]],[[0.652191,0.0543336,-0.756105],[0.042601,0.993225,0.108119],[0.756857,-0.102725,0.645458]],[[0.652191,0.0543336,-0.756105],[-0.593064,0.657809,-0.464287],[0.472146,0.751222,0.461241]],[[0.652191,0.0543336,-0.756105],[-0.745752,0.224957,-0.627096],[0.136019,0.972853,0.187234]]],2],[263,[-0.463953,-0.843015,-0.272165],26,62.0188,[-62.8743,131.093,20.5386],[-62.4304,131.083,20.9391],[-6.53307,373.181,-30.3078],false,[-3.12234,109.072,70.9295],[-16.2424,165.598,54.5454],[-49.22,167.624,27.0115],[-61.5917,145.144,19.754],[-63.2591,127.264,20.7389],[[[0.628765,-0.0783011,-0.773643],[0.746532,0.339187,0.572401],[0.21759,-0.937454,0.271723]],[[0.633929,-0.101349,-0.766721],[0.101005,0.993735,-0.0478459],[0.766767,-0.0471117,0.640194]],[[0.633929,-0.101349,-0.766721],[-0.618774,0.528256,-0.581433],[0.463953,0.843015,0.272165]],[[0.633929,-0.101349,-0.766721],[-0.767814,0.0363644,-0.63964],[0.0927085,0.994186,-0.0547651]]],3],[264,[-0.570812,0.638841,-0.515806],26,48.6216,[-39.0114,202.714,6.58552],[-38.8769,202.654,6.2934],[40.9803,391.332,61.5194],false,[1.34824,106.682,58.202],[-3.30321,159.185,39.8389],[-20.3774,183.416,23.1096],[-31.1242,195.443,13.3984],[-41.3075,205.168,4.62114],[[[0.517673,-0.241235,-0.820866],[0.851511,0.238716,0.466845],[0.0833345,-0.940649,0.328991]],[[0.514741,-0.211009,-0.830974],[0.69527,0.669847,0.260586],[0.501639,-0.711885,0.491506]],[[0.514741,-0.211009,-0.830974],[0.6397,0.739836,0.208391],[0.570812,-0.638841,0.515806]],[[0.514741,-0.211009,-0.830974],[0.598635,0.7823,0.172171],[0.613741,-0.586074,0.528999]]],4]],[[0,200,0],[235.247,235.247,147.751]]],[54044,3706825109,[[26,"right",[-0.203704,0.97652,-0.0700956],[-0.632659,-0.185938,-0.751778],[-28.0315,147.367,64.4878],[27.0551,282.939,-20.1212],[-28.1517,146.564,64.5919],1,0.178939,0.356098,[[0.756782,0.100467,-0.6459],[0.273904,0.848446,0.452897],[0.593513,-0.519659,0.61457]],61.3368,[144.926,-36.8822,226.174],[-9.32958,98.1783,66.4464]]],[[260,[-0.638214,0.672695,-0.374385],26,50.1672,[-98.488,153.665,43.1429],[-98.0725,154.093,42.8028],[20.195,362.727,2.99561],false,[-35.7392,90.0431,76.8549],[-35.7392,90.0431,76.8549],[-71.3161,120.779,66.9311],[-92.2626,142.857,54.6436],[-100.256,157.649,39.6499],[[[0.826773,0.400637,0.394888],[-0.238877,-0.385504,0.891249],[0.509298,-0.83119,-0.223021]],[[0.507069,0.733225,0.453059],[-0.441228,-0.230723,0.867228],[0.740404,-0.639647,0.206527]],[[0.507069,0.733225,0.453059],[-0.579279,-0.0993094,0.809057],[0.638214,-0.672695,0.374385]],[[0.507069,0.733225,0.453059],[-0.785486,0.17673,0.593109],[0.354813,-0.656618,0.665552]]],0],[261,[-0.245251,-0.756257,-0.60657],26,56.6081,[-83.2695,141.948,33.213],[-83.6441,143.114,32.9723],[20.7774,356.154,-19.8226],false,[-20.1287,104.446,85.1924],[-49.6246,168.633,80.1655],[-79.0078,171.992,51.2584],[-84.714,154.397,37.1456],[-82.77,138.914,31.9503],[[[0.70235,0.271209,-0.658141],[0.577262,0.323972,0.749541],[0.416501,-0.90636,0.070983]],[[0.684942,0.307621,-0.660473],[-0.161369,0.948035,0.274208],[0.710503,-0.0812364,0.698989]],[[0.684942,0.307621,-0.660473],[-0.68608,0.577447,-0.442547],[0.245251,0.756257,0.60657]],[[0.684942,0.307621,-0.660473],[-0.718946,0.138297,-0.681169],[-0.1182,0.941405,0.315888]]],1],[262,[-0.482592,-0.738079,-0.471534],26,64.5004,[-82.8165,143.141,22.2325],[-83.1385,144.14,21.9185],[17.4371,372.871,-19.5594],false,[-11.1838,108.671,78.6634],[-32.491,171.43,67.8205],[-67.4863,177.107,37.8899],[-80.6963,156.904,24.9827],[-83.4137,139.389,21.3656],[[[0.643395,0.0870333,-0.760571],[0.696696,0.345181,0.62886],[0.317267,-0.934492,0.161452]],[[0.654087,0.0543286,-0.754466],[0.0572647,0.990999,0.121007],[0.754248,-0.122353,0.645088]],[[0.654087,0.0543286,-0.754466],[-0.582473,0.672524,-0.456549],[0.482592,0.738079,0.471534]],[[0.654087,0.0543286,-0.754466],[-0.741352,0.244128,-0.625139],[0.150223,0.96822,0.199957]]],2],[263,[-0.47696,-0.831606,-0.284501],26,62.0188,[-62.6399,134.523,19.908],[-62.1951,134.315,20.3106],[2.67494,368.203,-40.8425],false,[-3.25929,110.732,70.1309],[-15.5077,167.655,54.4619],[-48.406,170.557,26.9117],[-61.1246,148.382,19.3252],[-63.0833,130.518,20.0573],[[[0.628708,-0.0777041,-0.77375],[0.750642,0.320552,0.57774],[0.203134,-0.944038,0.259861]],[[0.633515,-0.100905,-0.767123],[0.116402,0.992605,-0.0344362],[0.764925,-0.0674787,0.640575]],[[0.633515,-0.100905,-0.767123],[-0.609236,0.546122,-0.574962],[0.47696,0.831606,0.284501]],[[0.633515,-0.100905,-0.767123],[-0.766028,0.0577569,-0.640208],[0.108907,0.993218,-0.0407064]]],3],[264,[-0.560799,0.653936,-0.507811],26,48.6216,[-37.6682,205.808,7.02983],[-37.5187,205.685,6.69822],[71.018,374.474,56.9101],false,[1.19453,108.44,57.3795],[-2.6433,161.24,39.691],[-19.3166,185.962,23.2797],[-29.8749,198.274,13.719],[-39.9119,208.252,5.05962],[[[0.515265,-0.238333,-0.823225],[0.854269,0.219892,0.471034],[0.068758,-0.945962,0.316903]],[[0.51274,-0.207266,-0.83315],[0.705077,0.655353,0.270886],[0.489861,-0.726329,0.482164]],[[0.51274,-0.207266,-0.83315],[0.650078,0.727605,0.219064],[0.560799,-0.653936,0.507811]],[[0.51274,-0.207266,-0.83315],[0.609235,0.771588,0.182986],[0.604922,-0.601409,0.521898]]],4]],[[0,200,0],[235.247,235.247,147.751]]],[54045,3706833380,[[26,"right",[-0.194334,0.979074,-0.060405],[-0.634183,-0.172379,-0.753722],[-27.7387,148.538,64.4017],[29.1855,246.822,-17.6405],[-27.8475,148.018,64.4518],1,0.177286,0.359609,[[0.756437,0.101189,-0.646192],[0.272977,0.848962,0.452489],[0.59438,-0.518675,0.614564]],61.3368,[144.972,-35.6492,225.6],[-9.50876,99.1554,65.874]]],[[260,[-0.632091,0.682407,-0.367127],26,50.1672,[-98.1271,156.036,43.0874],[-97.7354,156.165,42.7877],[25.3555,334.212,1.68124],false,[-35.9981,91.1701,76.1955],[-35.9981,91.1701,76.1955],[-71.2543,122.354,66.5305],[-91.9998,144.751,54.4812],[-99.9005,159.781,39.6753],[[[0.830449,0.388755,0.399029],[-0.24282,-0.392059,0.887315],[0.501391,-0.833762,-0.231187]],[[0.513953,0.72377,0.460444],[-0.444402,-0.234464,0.8646],[0.733729,-0.648986,0.201142]],[[0.513953,0.72377,0.460444],[-0.579925,-0.102356,0.808214],[0.632091,-0.682407,0.367127]],[[0.513953,0.72377,0.460444],[-0.782854,0.1763,0.596707],[0.350702,-0.667139,0.657216]]],0],[261,[-0.25186,-0.74813,-0.613896],26,56.6081,[-82.9769,144.185,33.0249],[-83.3577,145.093,32.8397],[23.9714,326.256,-19.1735],false,[-20.2531,105.339,84.6792],[-49.1321,169.852,80.286],[-78.4702,173.755,51.4013],[-84.3301,156.348,37.1181],[-82.5272,140.899,31.7729],[[[0.705109,0.271018,-0.655263],[0.58011,0.310952,0.752849],[0.407792,-0.910965,0.0620349]],[[0.688015,0.307691,-0.657238],[-0.152881,0.946795,0.283209],[0.70941,-0.0943725,0.698449]],[[0.688015,0.307691,-0.657238],[-0.68059,0.587901,-0.437229],[0.25186,0.74813,0.613896]],[[0.688015,0.307691,-0.657238],[-0.717369,0.151558,-0.680008],[-0.109622,0.939338,0.325003]]],1],[262,[-0.489466,-0.728721,-0.478945],26,64.5004,[-82.5286,145.444,22.07],[-82.8586,146.257,21.7933],[21.3584,342.931,-18.6941],false,[-11.2662,109.543,78.1945],[-31.9688,172.608,67.9731],[-66.8994,178.917,38.0933],[-80.2975,158.969,24.9832],[-83.1806,141.519,21.1917],[[[0.644426,0.0884447,-0.759535],[0.699777,0.332219,0.63241],[0.308265,-0.939046,0.152199]],[[0.654803,0.055581,-0.753753],[0.066691,0.989153,0.130875],[0.752852,-0.135966,0.643993]],[[0.654803,0.055581,-0.753753],[-0.575896,0.682552,-0.449963],[0.489466,0.728721,0.478945]],[[0.654803,0.055581,-0.753753],[-0.738804,0.257379,-0.622836],[0.159383,0.964711,0.209596]]],2],[263,[-0.486332,-0.822717,-0.294309],26,62.0188,[-62.5159,136.58,19.6189],[-62.0734,136.33,20.0287],[5.76723,337.193,-39.1325],false,[-3.31978,111.613,69.6846],[-15.0185,168.804,54.581],[-47.8725,172.349,27.0531],[-60.841,150.41,19.205],[-63.0093,132.564,19.7264],[[[0.628167,-0.0760052,-0.774357],[0.753501,0.307585,0.581058],[0.194017,-0.94848,0.250485]],[[0.63275,-0.0993158,-0.767961],[0.126861,0.991637,-0.0237174],[0.763894,-0.0824169,0.640058]],[[0.63275,-0.0993158,-0.767961],[-0.602585,0.559708,-0.568875],[0.486332,0.822717,0.294309]],[[0.63275,-0.0993158,-0.767961],[-0.764913,0.0742437,-0.639841],[0.120563,0.992282,-0.0289903]]],3],[264,[-0.554699,0.664423,-0.50085],26,48.6216,[-36.796,207.682,7.55742],[-36.6552,207.539,7.23254],[79.6584,336.031,59.1218],false,[1.11573,109.405,56.9119],[-2.2116,162.414,39.7496],[-18.6307,187.483,23.6109],[-29.0742,199.992,14.1812],[-39.0249,210.145,5.62585],[[[0.513208,-0.235041,-0.825454],[0.856192,0.207007,0.473375],[0.0596118,-0.949686,0.307477]],[[0.510923,-0.203102,-0.835289],[0.711516,0.645194,0.278335],[0.482393,-0.736529,0.474155]],[[0.510923,-0.203102,-0.835289],[0.656709,0.71923,0.226809],[0.554699,-0.664423,0.50085]],[[0.51