{"metadata":{"formatVersion":2,"generatedBy":"LeapJS Playback 0.2.1","frames":125,"protocolVersion":6,"serviceVersion":"2.2.5+26752","frameRate":"1.1e+2","modified":"Thu Apr 16 2015 19:32:12 GMT-0300 (E. South America Standard Time)"},"frames":[["id","timestamp",{"hands":[["id","type","direction","palmNormal","palmPosition","palmVelocity","stabilizedPalmPosition","pinchStrength","grabStrength","confidence","armBasis","armWidth","elbow","wrist"]]},{"pointables":[["id","direction","handId","length","stabilizedTipPosition","tipPosition","tipVelocity","tool","carpPosition","mcpPosition","pipPosition","dipPosition","btipPosition","bases","type"]]},{"interactionBox":["center","size"]}],[56018,3731658971,[[29,"right",[-0.364746,0.930686,-0.0279873],[-0.551242,-0.240067,-0.799062],[-49.5666,132.341,75.0803],[-79.647,356.953,-57.6861],[-49.3969,130.92,75.342],0.741475,0.168618,0.435251,[[0.79078,0.251929,-0.557852],[0.0421116,0.886822,0.460188],[0.61065,-0.3874,0.690672]],63.72,[143.107,-19.3731,261.947],[-21.7689,85.2248,75.4654]]],[[290,[-0.677098,0.642223,-0.359286],29,52.1164,[-113.062,133.559,48.7711],[-113.134,133.154,48.2168],[-71.6089,344.377,-38.4132],false,[-47.8665,71.5783,84.0532],[-47.8665,71.5783,84.0532],[-87.2708,100.77,74.7318],[-110.357,122.667,62.4817],[-113.874,137.327,44.5801],[[[0.723829,0.507402,0.467563],[-0.215043,-0.477998,0.851631],[0.655613,-0.716981,-0.236875]],[[0.4244,0.739648,0.522308],[-0.443567,-0.333053,0.83206],[0.789388,-0.584805,0.186736]],[[0.4244,0.739648,0.522308],[-0.601184,-0.201173,0.773374],[0.677098,-0.642223,0.359286]],[[0.4244,0.739648,0.522308],[-0.892919,0.246142,0.376974],[0.150266,-0.626367,0.764908]]],0],[291,[0.288796,-0.918426,-0.270351],29,58.8075,[-86.8154,110.511,54.4829],[-86.5832,111.863,54.3468],[-61.9993,338.442,-76.6217],false,[-34.9386,88.4574,94.534],[-76.2818,149.217,91.143],[-102.191,144.146,57.2496],[-95.2109,121.948,50.7151],[-84.4662,109.379,55.0176],[[[0.678501,0.428373,-0.59677],[0.473115,0.366635,0.801088],[0.56196,-0.825879,0.0460923]],[[0.700307,0.395198,-0.594465],[-0.381938,0.910982,0.155677],[0.60307,0.118027,0.788908]],[[0.700307,0.395198,-0.594465],[-0.652815,0.0176498,-0.757312],[-0.288796,0.918426,0.270351]],[[0.700307,0.395198,-0.594465],[-0.337768,-0.550196,-0.763674],[-0.628875,0.735597,-0.251821]]],1],[292,[0.194615,-0.970823,-0.140096],29,67.0064,[-77.5422,107.204,46.7106],[-77.378,108.328,46.4866],[-63.1572,344.337,-82.7448],false,[-26.1996,94.786,88.6014],[-58.605,155.918,79.6384],[-91.7879,147.04,45.8248],[-86.2537,119.433,41.841],[-75.0932,105.455,47.6011],[[[0.657523,0.244034,-0.712819],[0.593235,0.415557,0.689482],[0.464474,-0.876219,0.128468]],[[0.662063,0.235397,-0.71152],[-0.296188,0.954287,0.0401126],[0.688437,0.184187,0.70152]],[[0.662063,0.235397,-0.71152],[-0.723738,-0.0457199,-0.688558],[-0.194615,0.970823,0.140096]],[[0.662063,0.235397,-0.71152],[-0.457119,-0.625505,-0.632286],[-0.593898,0.743862,-0.306519]]],2],[293,[0.0521281,-0.998569,-0.0119257],29,64.4285,[-63.267,109.757,42.0374],[-62.984,110.168,41.8756],[-54.888,360.856,-67.9224],false,[-18.0084,98.8622,80.4027],[-39.8523,155.947,66.693],[-71.8051,149.364,36.1651],[-70.3611,121.701,35.8348],[-61.1689,107.423,43.628],[[[0.672103,0.080406,-0.736079],[0.6532,0.403786,0.640536],[0.348721,-0.911313,0.218865]],[[0.685315,0.0444564,-0.726889],[-0.137475,0.988086,-0.0691809],[0.715154,0.14734,0.683262]],[[0.685315,0.0444564,-0.726889],[-0.726379,-0.0297185,-0.686651],[-0.0521281,0.998569,0.0119257]],[[0.685315,0.0444564,-0.726889],[-0.536934,-0.643464,-0.545578],[-0.491982,0.764184,-0.417105]]],3],[294,[-0.590208,0.591677,-0.549157],29,50.5107,[-63.5943,194.643,15.205],[-64.021,194.397,15.2361],[-100.013,383.084,-32.3644],false,[-12.3578,98.1708,67.3585],[-24.7606,152.654,51.8648],[-43.8056,176.044,33.4129],[-55.3493,187.616,22.672],[-66.0723,196.96,12.9343],[[[0.590718,-0.0934389,-0.801449],[0.77801,0.329267,0.535054],[0.213896,-0.939602,0.267201]],[[0.599486,-0.134332,-0.789032],[0.592041,0.737821,0.324203],[0.538613,-0.661495,0.521843]],[[0.599486,-0.134332,-0.789032],[0.540622,0.794905,0.275418],[0.590208,-0.591677,0.549157]],[[0.599486,-0.134332,-0.789032],[0.503602,0.829526,0.241397],[0.622095,-0.542072,0.564939]]],4]],[[0,200,0],[235.247,235.247,147.751]]],[56019,3731667573,[[29,"right",[-0.365001,0.930643,-0.0260392],[-0.543454,-0.235687,-0.805673],[-49.9062,135.914,74.2197],[-69.0338,372.407,-68.8799],[-49.8033,134.905,74.4464],0.747361,0.16619,0.392099,[[0.773019,0.269738,-0.574181],[0.0413002,0.881782,0.469845],[0.633037,-0.386913,0.670494]],63.72,[148.834,-15.655,255.629],[-22.0862,88.8115,74.5953]]],[[290,[-0.675747,0.644949,-0.356939],29,52.1164,[-112.953,137.229,47.6345],[-113.071,136.947,46.9626],[-48.8348,368.461,-65.4053],false,[-48.2566,75.1015,82.8538],[-48.2566,75.1015,82.8538],[-87.5733,104.398,73.4912],[-110.613,126.388,61.3212],[-113.634,141.081,43.3563],[[[0.719042,0.505042,0.477401],[-0.222882,-0.483073,0.846738],[0.658258,-0.715243,-0.234785]],[[0.42163,0.735374,0.530522],[-0.449292,-0.338775,0.826661],[0.787632,-0.586904,0.187561]],[[0.42163,0.735374,0.530522],[-0.604644,-0.208002,0.768857],[0.675747,-0.644949,0.356939]],[[0.42163,0.735374,0.530522],[-0.897535,0.255174,0.359607],[0.129071,-0.627783,0.767613]]],0],[291,[0.288647,-0.916845,-0.275822],29,58.8075,[-87.0718,114.394,53.1026],[-86.8014,115.54,52.9144],[-52.8152,360.725,-101.326],false,[-35.4391,91.9259,93.5558],[-76.7832,152.683,90.1248],[-102.362,147.807,55.9529],[-95.3853,125.647,49.2861],[-84.7183,112.997,53.5439],[[[0.683915,0.432203,-0.587759],[0.465238,0.362199,0.807691],[0.561972,-0.82584,0.0466364]],[[0.70611,0.398409,-0.585388],[-0.383321,0.910161,0.157075],[0.595378,0.113479,0.795392]],[[0.70611,0.398409,-0.585388],[-0.6466,0.0257898,-0.762393],[-0.288647,0.916845,0.275822]],[[0.70611,0.398409,-0.585388],[-0.334106,-0.541438,-0.771504],[-0.624326,0.740348,-0.249204]]],1],[292,[0.18843,-0.970243,-0.15206],29,67.0064,[-77.9549,111.187,45.1629],[-77.705,112.145,44.9782],[-59.6018,370.017,-110.373],false,[-26.6475,98.2935,87.7439],[-59.0013,159.46,78.8287],[-91.9188,150.96,44.6605],[-86.5605,123.37,40.3365],[-75.5568,109.212,45.958],[[[0.664152,0.248534,-0.705076],[0.58639,0.411835,0.697523],[0.463733,-0.876711,0.127783]],[[0.668554,0.240145,-0.703823],[-0.29435,0.954585,0.0461053],[0.682931,0.176346,0.708878]],[[0.668554,0.240145,-0.703823],[-0.719396,-0.0309612,-0.69391],[-0.18843,0.970243,0.15206]],[[0.668554,0.240145,-0.703823],[-0.458436,-0.61212,-0.644318],[-0.585554,0.753419,-0.299144]]],2],[293,[0.0520572,-0.998493,-0.0173817],29,64.4285,[-63.3135,113.694,40.9005],[-63.0246,113.896,40.7482],[-41.567,378.194,-84.7451],false,[-18.3809,102.422,79.6477],[-40.126,159.574,66.0632],[-71.7686,153.083,35.1946],[-70.3265,125.422,34.7131],[-61.2291,111.076,42.4929],[[[0.679049,0.0850521,-0.729149],[0.646826,0.400382,0.649084],[0.347144,-0.912393,0.216865]],[[0.692342,0.0486283,-0.719929],[-0.138198,0.988193,-0.0661535],[0.708212,0.145293,0.690888]],[[0.692342,0.0486283,-0.719929],[-0.719689,-0.0254434,-0.69383],[-0.0520572,0.998493,0.0173817]],[[0.692342,0.0486283,-0.719929],[-0.532525,-0.638821,-0.555269],[-0.486908,0.767817,-0.416387]]],3],[294,[-0.585145,0.594928,-0.551058],29,50.5107,[-63.3934,198.568,14.6053],[-63.7939,198.352,14.6182],[-66.7442,403.432,-42.2227],false,[-12.6057,101.81,66.6542],[-24.8916,156.376,51.3608],[-43.7464,179.901,32.8865],[-55.1911,191.538,22.1085],[-65.8301,200.928,12.3242],[[[0.598392,-0.0884508,-0.796306],[0.77268,0.326545,0.544366],[0.21188,-0.941034,0.263746]],[[0.607029,-0.129235,-0.784101],[0.589217,0.735268,0.334969],[0.533235,-0.665341,0.522476]],[[0.607029,-0.129235,-0.784101],[0.5377,0.793321,0.285517],[0.585145,-0.594928,0.551058]],[[0.607029,-0.129235,-0.784101],[0.500547,0.828539,0.25095],[0.617227,-0.544813,0.567635]]],4]],[[0,200,0],[235.247,235.247,147.751]]],[56020,3731676344,[[29,"right",[-0.352094,0.935949,-0.00541805],[-0.547888,-0.210796,-0.809558],[-50.8071,140.71,73.0547],[-78.081,419.261,-86.0553],[-50.703,140.108,73.1991],0.751165,0.165604,0.381098,[[0.761754,0.280323,-0.58408],[0.0443204,0.876884,0.478654],[0.646349,-0.390503,0.655546]],63.72,[150.871,-12.2058,249.367],[-23.6427,93.2301,72.3699]]],[[290,[-0.668449,0.662067,-0.338886],29,52.1164,[-113.66,143.253,46.717],[-113.915,143.254,46.0579],[-60.3265,461.054,-74.7367],false,[-49.9883,79.7093,80.3799],[-49.9883,79.7093,80.3799],[-88.8993,109.776,71.796],[-111.69,132.35,60.2415],[-114.356,147.423,42.5381],[[[0.726699,0.484681,0.48682],[-0.228282,-0.498007,0.836586],[0.647917,-0.719079,-0.251257]],[[0.433879,0.717193,0.545328],[-0.451796,-0.350476,0.820394],[0.779506,-0.602329,0.171961]],[[0.433879,0.717193,0.545328],[-0.60409,-0.217488,0.766664],[0.668449,-0.662067,0.338886]],[[0.433879,0.717193,0.545328],[-0.893744,0.266097,0.361129],[0.11389,-0.64407,0.756441]]],0],[291,[0.272538,-0.914655,-0.298545],29,58.8075,[-88.2334,120.391,51.3044],[-88.0982,121.314,51.2901],[-78.659,439.962,-124.338],false,[-36.9224,96.1212,91.417],[-77.4248,157.504,89.3643],[-103.118,153.728,55.1387],[-96.5302,131.62,47.9228],[-86.0738,118.682,51.8212],[[[0.688957,0.435215,-0.579592],[0.471438,0.338307,0.814429],[0.550532,-0.834348,0.0279016]],[[0.71103,0.400509,-0.577952],[-0.369863,0.912067,0.177017],[0.598028,0.0878986,0.79664]],[[0.71103,0.400509,-0.577952],[-0.648197,0.0547605,-0.759501],[-0.272538,0.914655,0.298545]],[[0.71103,0.400509,-0.577952],[-0.346259,-0.51594,-0.783524],[-0.611998,0.75723,-0.228169]]],1],[292,[0.173732,-0.969196,-0.174572],29,67.0064,[-79.2113,117.364,43.2963],[-79.0286,118.002,43.3136],[-84.0442,450.277,-131.619],false,[-28.0521,102.49,85.7271],[-59.5677,164.275,78.184],[-92.6689,157.015,43.9076],[-87.7286,129.455,38.9434],[-76.9233,115.012,44.2159],[[[0.66647,0.254398,-0.700784],[0.593099,0.388614,0.705133],[0.451719,-0.885585,0.108117]],[[0.670594,0.246248,-0.699761],[-0.280517,0.95743,0.0680979],[0.686742,0.150629,0.711124]],[[0.670594,0.246248,-0.699761],[-0.721194,-0.0045043,-0.692719],[-0.173732,0.969196,0.174572]],[[0.670594,0.246248,-0.699761],[-0.468705,-0.590512,-0.656971],[-0.574995,0.768543,-0.280576]]],2],[293,[0.0345293,-0.998533,-0.0417177],29,64.4285,[-64.5995,119.528,39.1509],[-64.3948,119.636,39.0606],[-73.3409,451.611,-114.701],false,[-19.7413,106.676,77.7063],[-40.7119,164.402,65.3898],[-72.491,159.07,34.4394],[-71.5345,131.409,33.2838],[-62.6891,116.709,40.6843],[[[0.679061,0.09128,-0.728385],[0.653298,0.377368,0.65635],[0.334781,-0.921554,0.196623]],[[0.692022,0.0540049,-0.719854],[-0.123318,0.991384,-0.044174],[0.711266,0.11934,0.692719]],[[0.692022,0.0540049,-0.719854],[-0.72105,0.00401352,-0.692871],[-0.0345293,0.998533,0.0417177]],[[0.692022,0.0540049,-0.719854],[-0.54496,-0.614895,-0.57002],[-0.473418,0.786758,-0.39609]]],3],[294,[-0.57772,0.614583,-0.537147],29,50.5107,[-63.4929,204.746,14.7898],[-63.9104,204.606,14.8321],[-52.3076,486.34,-24.0432],false,[-13.9947,106.263,64.6923],[-25.5456,161.31,50.5947],[-44.0926,185.494,32.6675],[-55.3921,197.515,22.1616],[-65.9182,207.254,12.5983],[[[0.595903,-0.0796087,-0.7991],[0.777957,0.304062,0.549845],[0.199204,-0.94932,0.243124]],[[0.603993,-0.120763,-0.787788],[0.60005,0.719445,0.349769],[0.524531,-0.68397,0.507003]],[[0.603993,-0.120763,-0.787788],[0.549028,0.779554,0.301437],[0.57772,-0.614583,0.537147]],[[0.603993,-0.120763,-0.787788],[0.512122,0.816187,0.267525],[0.610675,-0.565027,0.554816]]],4]],[[0,200,0],[235.247,235.247,147.751]]],[56021,3731685046,[[29,"right",[-0.342093,0.939603,0.010928],[-0.555837,-0.192966,-0.808585],[-50.7526,144.113,72.1276],[-55.5752,411.723,-91.5229],[-50.7487,143.797,72.212],0.759937,0.165351,0.387423,[[0.751857,0.286112,-0.594013],[0.0447094,0.876741,0.478881],[0.657809,-0.386608,0.646392]],63.72,[153.505,-8.02108,245.072],[-24.1031,96.363,70.5463]]],[[290,[-0.664241,0.674364,-0.322517],29,52.1164,[-113.718,147.919,46.2812],[-113.94,147.772,45.6858],[-43.6653,475.511,-66.3646],false,[-50.5343,83.0048,78.5468],[-50.5343,83.0048,78.5468],[-89.1553,113.644,70.7106],[-111.803,136.637,59.7141],[-114.298,151.965,42.2056],[[[0.735275,0.469693,0.488631],[-0.227659,-0.5079,0.830788],[0.638391,-0.722099,-0.266516]],[[0.446291,0.703879,0.55261],[-0.449692,-0.35749,0.818522],[0.773693,-0.613803,0.156984]],[[0.446291,0.703879,0.55261],[-0.599674,-0.22313,0.768508],[0.664241,-0.674364,0.322517]],[[0.446291,0.703879,0.55261],[-0.888513,0.274954,0.36735],[0.106627,-0.654946,0.748115]]],0],[291,[0.252553,-0.912446,-0.321961],29,58.8075,[-88.9732,125.08,49.9035],[-88.6401,125.507,50.1168],[-76.4639,450.551,-129.355],false,[-37.2158,99.1121,89.7296],[-77.0729,160.944,88.8754],[-103.085,158.073,54.8036],[-96.9809,136.019,47.0217],[-86.7352,122.789,50.4727],[[[0.689446,0.436433,-0.578092],[0.480792,0.321193,0.815889],[0.54176,-0.840453,0.0116118]],[[0.711674,0.400611,-0.577089],[-0.35627,0.913808,0.195001],[0.605468,0.0668225,0.793059]],[[0.711674,0.400611,-0.577089],[-0.655543,0.0833859,-0.75054],[-0.252553,0.912446,0.321961]],[[0.711674,0.400611,-0.577089],[-0.365945,-0.489809,-0.79131],[-0.59967,0.774337,-0.201983]]],1],[292,[0.162173,-0.968254,-0.190221],29,67.0064,[-79.7197,121.768,42.1475],[-79.4323,122.162,42.2542],[-73.7589,457.927,-128.611],false,[-28.3185,105.47,84.07],[-59.224,167.691,77.6669],[-92.6476,161.301,43.5303],[-88.036,133.767,38.1211],[-77.3456,119.137,43.1015],[[[0.664168,0.257679,-0.701771],[0.602206,0.371823,0.706466],[0.442976,-0.891823,0.0917771]],[[0.668145,0.249607,-0.700912],[-0.2697,0.959229,0.0845069],[0.693429,0.132573,0.708223]],[[0.668145,0.249607,-0.700912],[-0.726142,0.0134265,-0.687414],[-0.162173,0.968254,0.190221]],[[0.668145,0.249607,-0.700912],[-0.479541,-0.575812,-0.662179],[-0.568878,0.778548,-0.265029]]],2],[293,[0.0209825,-0.998065,-0.0585334],29,64.4285,[-65.1745,123.708,37.9084],[-64.8902,123.725,37.8701],[-69.513,455.951,-121.16],false,[-20.0204,109.687,76.0518],[-40.4592,167.808,64.7397],[-72.5134,163.316,33.94],[-71.9322,135.668,32.3185],[-63.237,120.725,39.4028],[[[0.674817,0.0948638,-0.731862],[0.661934,0.360664,0.657088],[0.32629,-0.927859,0.180589]],[[0.687574,0.0569083,-0.72388],[-0.111997,0.993306,-0.0282906],[0.717425,0.100524,0.689345]],[[0.687574,0.0569083,-0.72388],[-0.725811,0.0250573,-0.687438],[-0.0209825,0.998065,0.0585334]],[[0.687574,0.0569083,-0.72388],[-0.557372,-0.597581,-0.576397],[-0.465379,0.799787,-0.379162]]],3],[294,[-0.574947,0.628493,-0.523863],29,50.5107,[-63.1783,209.225,14.9132],[-63.5813,209.001,14.9492],[-28.1871,491.157,-13.9389],false,[-14.371,109.405,62.9918],[-25.4321,164.774,49.7911],[-43.8425,189.42,32.3587],[-55.0877,201.713,22.1126],[-65.5787,211.7,12.7692],[[[0.589337,-0.0740683,-0.804484],[0.785043,0.287628,0.548614],[0.190757,-0.954874,0.227657]],[[0.597068,-0.11548,-0.793835],[0.610258,0.707683,0.356047],[0.520667,-0.697029,0.493008]],[[0.597068,-0.11548,-0.793835],[0.559416,0.769195,0.308858],[0.574947,-0.628493,0.523863]],[[0.597068,-0.11548,-0.793835],[0.522564,0.806804,0.275669],[0.608635,-0.579423,0.542063]]],4]],[[0,200,0],[235.247,235.247,147.751]]],[56022,3731694080,[[29,"right",[-0.329802,0.9437,0.0257252],[-0.559421,-0.17341,-0.810541],[-50.1876,146.57,71.8135],[-23.0382,373.22,-75.8903],[-50.2292,146.364,71.843],0.766118,0.164752,0.391811,[[0.742871,0.291936,-0.602424],[0.0415155,0.878078,0.476713],[0.668146,-0.379147,0.640179]],63.72,[156.234,-3.86301,242.314],[-24.1649,98.5066,69.4656]]],[[290,[-0.656481,0.68798,-0.309381],29,52.1164,[-113.083,151.781,46.1217],[-113.278,151.502,45.5718],[-10.261,457.351,-51.916],false,[-50.7569,85.3735,77.3043],[-50.7569,85.3735,77.3043],[-88.945,116.677,69.9866],[-111.328,140.134,59.438],[-113.53,155.726,42.1248],[[[0.742008,0.452608,0.49454],[-0.233112,-0.517459,0.823344],[0.628556,-0.726211,-0.278451]],[[0.457033,0.689038,0.562448],[-0.45372,-0.363286,0.813733],[0.765023,-0.627096,0.146596]],[[0.457033,0.689038,0.562448],[-0.600129,-0.227839,0.766769],[0.656481,-0.68798,0.309381]],[[0.457033,0.689038,0.562448],[-0.884461,0.285187,0.369319],[0.094072,-0.666255,0.739767]]],0],[291,[0.235281,-0.910084,-0.341159],29,58.8075,[-88.9855,128.645,49.0873],[-88.5057,128.86,49.4298],[-52.2203,428.712,-115.543],false,[-37.2141,101.134,88.7092],[-76.2631,163.485,88.8562],[-102.388,161.565,54.8037],[-96.701,139.568,46.5577],[-86.6833,126.085,49.6819],[[[0.694276,0.436159,-0.572491],[0.486064,0.302476,0.819909],[0.530775,-0.84751,-0.00199868]],[[0.716279,0.399621,-0.572055],[-0.342312,0.91559,0.21099],[0.608084,0.0446936,0.792613]],[[0.716279,0.399621,-0.572055],[-0.656953,0.109771,-0.745898],[-0.235281,0.910084,0.341159]],[[0.716279,0.399621,-0.572055],[-0.378376,-0.466385,-0.799573],[-0.586324,0.789169,-0.182855]]],1],[292,[0.142036,-0.966658,-0.21307],29,67.0064,[-79.8782,125.344,41.1902],[-79.4506,125.565,41.4209],[-56.4589,435.771,-121.164],false,[-28.2425,107.461,83.1327],[-58.3433,170.169,77.7233],[-91.9533,164.924,43.5746],[-87.9144,137.435,37.5157],[-77.5105,122.47,42.0906],[[[0.6665,0.259649,-0.698828],[0.607977,0.353179,0.711076],[0.431441,-0.898803,0.0775337]],[[0.669985,0.252335,-0.698174],[-0.254749,0.961501,0.103044],[0.697297,0.108821,0.708473]],[[0.669985,0.252335,-0.698174],[-0.728661,0.0435878,-0.683487],[-0.142036,0.966658,0.21307]],[[0.669985,0.252335,-0.698174],[-0.494582,-0.54964,-0.673264],[-0.553633,0.796381,-0.24345]]],2],[293,[0.00873282,-0.997324,-0.0725863],29,64.4285,[-64.9633,126.955,37.2899],[-64.6261,126.883,37.2956],[-41.3479,425.9,-104.502],false,[-19.9013,111.691,75.1663],[-39.5964,170.238,64.7697],[-71.7424,166.587,33.9545],[-71.5005,138.96,31.9438],[-62.9819,123.811,38.8027],[[[0.674985,0.0971846,-0.731403],[0.667485,0.341996,0.66144],[0.314419,-0.934663,0.165973]],[[0.687331,0.0587096,-0.723968],[-0.0996444,0.994926,-0.013919],[0.719477,0.0817063,0.689693]],[[0.687331,0.0587096,-0.723968],[-0.726292,0.0435685,-0.686004],[-0.00873282,0.997324,0.0725863]],[[0.687331,0.0587096,-0.723968],[-0.565426,-0.5824,-0.584041],[-0.455928,0.81078,-0.367105]]],3],[294,[-0.567687,0.643422,-0.513556],29,50.5107,[-61.8717,212.758,15.5946],[-62.2437,212.48,15.6432],[20.2705,461.482,11.17],false,[-14.2741,111.535,62.0946],[-24.6308,167.237,49.7531],[-42.7335,192.391,32.729],[-53.8368,204.976,22.6845],[-64.2191,215.224,13.5042],[[[0.58721,-0.069498,-0.806445],[0.789483,0.26902,0.551675],[0.17861,-0.960624,0.212839]],[[0.594424,-0.11122,-0.796423],[0.620122,0.693933,0.365931],[0.511966,-0.711398,0.481461]],[[0.594424,-0.11122,-0.796423],[0.569554,0.757389,0.319327],[0.567687,-0.643422,0.513556]],[[0.594424,-0.11122,-0.796423],[0.532778,0.796302,0.286445],[0.602335,-0.594586,0.532597]]],4]],[[0,200,0],[235.247,235.247,147.751]]],[56023,3731702255,[[29,"right",[-0.315952,0.947782,0.0433997],[-0.564742,-0.151111,-0.811315],[-49.7695,149.285,71.1147],[-4.27508,362.828,-78.3152],[-49.8148,148.997,71.1865],0.771943,0.164158,0.393413,[[0.731358,0.298091,-0.613399],[0.0324309,0.883201,0.467873],[0.681223,-0.362075,0.636268]],63.72,[159.473,3.138,239.624],[-24.4569,100.898,67.8319]]],[[290,[-0.647976,0.702963,-0.293205],29,52.1164,[-112.456,155.822,45.6872],[-112.713,155.669,45.1743],[12.0691,469.671,-53.2835],false,[-51.2092,88.0167,75.5413],[-51.2092,88.0167,75.5413],[-88.8618,120.089,68.8022],[-110.955,144.057,58.8052],[-112.813,159.927,41.7052],[[[0.750253,0.433113,0.499534],[-0.237703,-0.52833,0.815086],[0.616943,-0.730261,-0.293429]],[[0.469845,0.671898,0.572537],[-0.458567,-0.368431,0.808687],[0.754295,-0.642505,0.135005]],[[0.469845,0.671898,0.572537],[-0.599477,-0.23323,0.765658],[0.647976,-0.702963,0.293205]],[[0.469845,0.671898,0.572537],[-0.879172,0.297845,0.371947],[0.0793829,-0.678116,0.730655]]],0],[291,[0.217399,-0.906765,-0.361269],29,58.8075,[-89.0257,132.213,48.1639],[-88.536,132.577,48.4619],[-40.4417,435.464,-116.62],false,[-37.3985,103.378,87.1676],[-75.5359,166.276,88.5479],[-101.826,165.394,54.5797],[-96.571,143.478,45.8477],[-86.7821,129.752,48.6221],[[[0.698519,0.435993,-0.567433],[0.493303,0.281043,0.823206],[0.518385,-0.854941,-0.0187628]],[[0.720154,0.398846,-0.567715],[-0.326995,0.916788,0.229288],[0.611925,0.0205177,0.790649]],[[0.720154,0.398846,-0.567715],[-0.658875,0.136748,-0.739719],[-0.217399,0.906765,0.361269]],[[0.720154,0.398846,-0.567715],[-0.391313,-0.442202,-0.807051],[-0.572934,0.803355,-0.16238]]],1],[292,[0.126621,-0.964392,-0.232198],29,67.0064,[-79.9231,128.935,40.2348],[-79.49,129.299,40.4189],[-43.0707,441.684,-121.39],false,[-28.3556,109.671,81.6681],[-57.5603,172.893,77.4653],[-91.3882,168.793,43.3751],[-87.7875,141.37,36.7722],[-77.5858,126.169,41.0168],[[[0.667734,0.262137,-0.696718],[0.615555,0.331868,0.714811],[0.418597,-0.906172,0.0602398]],[[0.670687,0.255702,-0.696273],[-0.240065,0.963007,0.122415],[0.701818,0.0850491,0.707261]],[[0.670687,0.255702,-0.696273],[-0.730853,0.0675691,-0.679182],[-0.126621,0.964392,0.232198]],[[0.670687,0.255702,-0.696273],[-0.505437,-0.52948,-0.681311],[-0.542875,0.808868,-0.225874]]],2],[293,[-0.0066945,-0.99588,-0.0904311],29,64.4285,[-64.9531,130.352,36.3627],[-64.6392,130.426,36.2997],[-31.2128,427.685,-108.829],false,[-19.9819,113.918,73.7451],[-38.8602,172.917,64.4441],[-71.1641,170.279,33.6908],[-71.3496,142.691,31.1856],[-63.0406,127.293,37.7381],[[[0.67374,0.100161,-0.732149],[0.674719,0.320693,0.664763],[0.301378,-0.941873,0.148483]],[[0.685587,0.0612622,-0.725408],[-0.0849878,0.996375,0.00382343],[0.723013,0.0590296,0.688308]],[[0.685587,0.0612622,-0.725408],[-0.72796,0.0668546,-0.682352],[0.0066945,0.99588,0.0904311]],[[0.685587,0.0612622,-0.725408],[-0.576369,-0.563033,-0.592278],[-0.444713,0.824161,-0.350698]]],3],[294,[-0.560985,0.659203,-0.500746],29,50.5107,[-60.7211,216.516,16.0814],[-61.0672,216.317,16.132],[50.9199,462.345,23.3592],false,[-14.4038,113.909,60.6515],[-23.9929,169.962,49.3209],[-41.7779,195.677,32.8079],[-52.75,208.57,23.0139],[-63.0419,219.086,14.0361],[[[0.583286,-0.0638977,-0.809749],[0.795254,0.247887,0.553284],[0.165373,-0.966679,0.195404]],[[0.589944,-0.106,-0.800456],[0.631647,0.678121,0.375731],[0.502979,-0.727266,0.467008]],[[0.589944,-0.106,-0.800456],[0.580742,0.744456,0.329429],[0.560985,-0.659203,0.500746]],[[0.589944,-0.106,-0.800456],[0.543554,0.785216,0.296623],[0.597089,-0.610081,0.520851]]],4]],[[0,200,0],[235.247,235.247,147.751]]],[56024,3731711098,[[29,"right",[-0.293241,0.953912,0.0637371],[-0.567603,-0.120064,-0.814501],[-49.1519,153.052,70.1898],[15.7732,379.915,-85.422],[-49.2088,152.704,70.2754],0.775059,0.165492,0.39372,[[0.722937,0.299905,-0.62243],[0.0252153,0.888827,0.457549],[0.690454,-0.346474,0.635004]],63.72,[161.422,10.608,237.322],[-25.0006,104.156,65.871]]],[[290,[-0.63186,0.724066,-0.276554],29,52.1164,[-111.607,161.605,44.9128],[-111.875,161.522,44.3895],[34.8546,520.716,-63.0842],false,[-52.0587,91.7546,73.2955],[-52.0587,91.7546,73.2955],[-88.8903,124.889,67.1882],[-110.434,149.577,57.759],[-111.862,165.84,40.9897],[[[0.760026,0.404196,0.508906],[-0.250854,-0.53992,0.803467],[0.599527,-0.738317,-0.308959]],[[0.485524,0.64788,0.586956],[-0.468879,-0.373682,0.800321],[0.737847,-0.663787,0.122346]],[[0.485524,0.64788,0.586956],[-0.604168,-0.2366,0.760921],[0.63186,-0.724066,0.276554]],[[0.485524,0.64788,0.586956],[-0.87209,0.312062,0.376932],[0.0610402,-0.694887,0.716523]]],0],[291,[0.19298,-0.903101,-0.383623],29,58.8075,[-88.9143,137.31,46.8186],[-88.3935,137.817,47.0768],[-25.2824,478.419,-127.616],false,[-37.8933,106.528,85.2528],[-74.5175,170.275,87.9795],[-100.812,170.81,54.0076],[-96.1475,148.982,44.7353],[-86.7295,134.932,47.1482],[[[0.709152,0.431282,-0.557763],[0.49928,0.251381,0.829173],[0.497818,-0.866489,-0.0370631]],[[0.730029,0.393385,-0.558844],[-0.304098,0.91929,0.249863],[0.612031,-0.0124638,0.790735]],[[0.730029,0.393385,-0.558844],[-0.655604,0.17221,-0.735205],[-0.19298,0.903101,0.383623]],[[0.730029,0.393385,-0.558844],[-0.403995,-0.411143,-0.81716],[-0.551223,0.82232,-0.141221]]],1],[292,[0.104753,-0.961903,-0.252526],29,67.0064,[-79.7411,133.948,38.9388],[-79.306,134.454,39.0645],[-24.6009,479.993,-129.179],false,[-28.6985,112.719,79.8921],[-56.3809,176.697,77.0458],[-90.2724,174.123,42.8697],[-87.2937,146.77,35.6887],[-77.4438,131.255,39.6157],[[[0.674314,0.261035,-0.690768],[0.622791,0.30159,0.721924],[0.396777,-0.917008,0.0407965]],[[0.676914,0.254988,-0.690485],[-0.217677,0.965468,0.143137],[0.703139,0.0534112,0.709043]],[[0.676914,0.254988,-0.690485],[-0.72857,0.0986081,-0.677836],[-0.104753,0.961903,0.252526]],[[0.676914,0.254988,-0.690485],[-0.516773,-0.503371,-0.692505],[-0.52415,0.82559,-0.208968]]],2],[293,[-0.0330273,-0.99291,-0.114186],29,64.4285,[-64.8599,135.232,34.9996],[-64.5247,135.408,34.9178],[-19.6056,465.187,-122.274],false,[-20.22,116.934,72.0641],[-37.6761,176.554,64.0321],[-70.0185,175.481,33.2248],[-70.9334,147.976,30.0616],[-63.0305,132.218,36.2532],[[[0.676473,0.0997616,-0.729679],[0.681707,0.290084,0.67166],[0.278674,-0.951787,0.128226]],[[0.687405,0.0603684,-0.723761],[-0.0590048,0.997887,0.0271923],[0.723873,0.0240132,0.689515]],[[0.687405,0.0603684,-0.723761],[-0.725523,0.102396,-0.680538],[0.0330273,0.99291,0.114186]],[[0.687405,0.0603684,-0.723761],[-0.590396,-0.533925,-0.605274],[-0.422974,0.843374,-0.331382]]],3],[294,[-0.547371,0.679763,-0.488167],29,50.5107,[-58.5844,221.548,16.5503],[-58.8519,221.427,16.6145],[102.934,490.92,31.1898],false,[-14.6342,117.074,58.9746],[-22.8727,173.571,48.852],[-40.0427,200.035,32.8798],[-50.7487,213.33,23.3318],[-60.8467,224.187,14.5419],[[[0.582181,-0.0603787,-0.810814],[0.800549,0.216833,0.558664],[0.14208,-0.97434,0.174572]],[[0.587834,-0.102899,-0.802411],[0.647035,0.655174,0.38999],[0.485589,-0.748438,0.451713]],[[0.587834,-0.102899,-0.802411],[0.595681,0.726178,0.343263],[0.547371,-0.679763,0.488167]],[[0.587834,-0.102899,-0.802411],[0.55789,0.769852,0.309978],[0.585841,-0.629872,0.509952]]],4]],[[0,200,0],[235.247,235.247,147.751]]],[56025,3731719570,[[29,"right",[-0.284025,0.956293,0.069521],[-0.571677,-0.110689,-0.812978],[-49.017,157.978,69.5009],[15.8121,432.46,-84.3519],[-49.0354,157.472,69.5751],0.775951,0.166415,0.364615,[[0.716093,0.299163,-0.630644],[0.0283073,0.890305,0.454484],[0.69743,-0.343305,0.629073]],63.72,[162.964,16.1869,234.702],[-25.3424,108.879,64.8519]]],[[290,[-0.626528,0.731153,-0.269959],29,52.1164,[-111.415,167.235,44.473],[-111.744,167.172,43.9807],[29.9438,558.49,-59.3417],false,[-52.4887,96.6956,72.3151],[-52.4887,96.6956,72.3151],[-89.0157,130.216,66.4881],[-110.378,155.145,57.2837],[-111.703,171.499,40.5955],[[[0.765646,0.394516,0.508078],[-0.252984,-0.541523,0.801718],[0.591426,-0.742368,-0.314809]],[[0.493776,0.640348,0.588337],[-0.469822,-0.372873,0.800146],[0.731746,-0.671506,0.116733]],[[0.493776,0.640348,0.588337],[-0.603032,-0.23531,0.762222],[0.626528,-0.731153,0.269959]],[[0.493776,0.640348,0.588337],[-0.867743,0.318772,0.381322],[0.0566338,-0.698813,0.713059]]],0],[291,[0.182058,-0.902533,-0.390243],29,58.8075,[-89.0086,142.626,46.0563],[-88.5298,143.245,46.4024],[-22.6908,520.57,-115.102],false,[-38.1414,111.276,84.2927],[-74.1545,175.349,87.4689],[-100.572,176.308,53.6018],[-96.1712,154.493,44.1695],[-86.8912,140.328,46.4411],[[[0.711135,0.427371,-0.558249],[0.504646,0.242566,0.828549],[0.48951,-0.870928,-0.0431733]],[[0.731528,0.389522,-0.559589],[-0.294577,0.920747,0.25583],[0.614891,-0.0223048,0.788296]],[[0.731528,0.389522,-0.559589],[-0.657055,0.183596,-0.731143],[-0.182058,0.902533,0.390243]],[[0.731528,0.389522,-0.559589],[-0.412137,-0.401197,-0.818037],[-0.543149,0.829044,-0.132951]]],1],[292,[0.0948536,-0.961479,-0.257993],29,67.0064,[-79.8395,139.197,38.1745],[-79.4651,139.819,38.3793],[-22.7625,519.779,-116.469],false,[-28.9085,117.407,78.9286],[-55.9982,181.655,76.5],[-90.0378,179.557,42.4385],[-87.3405,152.216,35.1021],[-77.623,136.588,38.9058],[[[0.674212,0.25812,-0.691962],[0.628231,0.292147,0.721094],[0.388283,-0.920882,0.0348095]],[[0.676624,0.252363,-0.691732],[-0.208445,0.966653,0.148769],[0.706208,0.0435273,0.706665]],[[0.676624,0.252363,-0.691732],[-0.730193,0.108951,-0.674498],[-0.0948536,0.961479,0.257993]],[[0.676624,0.252363,-0.691732],[-0.524193,-0.494655,-0.693209],[-0.517109,0.831642,-0.202409]]],2],[293,[-0.0455883,-0.991533,-0.121594],29,64.4285,[-65.0821,140.493,34.1413],[-64.7725,140.771,34.1363],[-22.6533,509.754,-115.268],false,[-20.4193,121.581,71.0902],[-37.3433,181.402,63.4167],[-69.8139,180.934,32.7294],[-71.0768,153.467,29.361],[-63.332,137.577,35.4127],[[[0.674713,0.0970289,-0.731675],[0.686852,0.280337,0.670556],[0.270179,-0.954985,0.122502]],[[0.685291,0.0575221,-0.725994],[-0.0471047,0.998289,0.0346329],[0.726744,0.0104641,0.686828]],[[0.685291,0.0575221,-0.725994],[-0.726841,0.116424,-0.676866],[0.0455883,0.991532,0.121594]],[[0.685291,0.0575221,-0.725994],[-0.598792,-0.522898,-0.606651],[-0.414517,0.850452,-0.323894]]],3],[294,[-0.545224,0.684283,-0.484238],29,50.5107,[-58.0643,226.676,16.1948],[-58.3158,226.634,16.2572],[90.7188,521.047,11.3798],false,[-14.8803,121.733,57.9809],[-22.6241,178.355,48.1674],[-39.6149,205.045,32.3808],[-50.2789,218.429,22.9097],[-60.3699,229.337,14.1753],[[[0.578623,-0.0618149,-0.813249],[0.804587,0.206536,0.556761],[0.133549,-0.976484,0.169242]],[[0.583911,-0.104464,-0.805069],[0.654331,0.647546,0.390558],[0.48052,-0.754832,0.446463]],[[0.583911,-0.104464,-0.805069],[0.60148,0.721695,0.342604],[0.545224,-0.684283,0.484238]],[[0.583911,-0.104464,-0.805069],[0.562421,0.767196,0.308371],[0.585432,-0.632849,0.506727]]],4]],[[0,200,0],[235.247,235.247,147.751]]],[56026,3731728275,[[29,"right",[-0.280815,0.957063,0.0719285],[-0.570775,-0.106282,-0.814199],[-48.7082,162.67,68.8887],[21.0584,460.919,-80.6074],[-48.7372,162.21,68.9495],0.775555,0.166037,0.368739,[[0.709783,0.30326,-0.6358],[0.0351622,0.886208,0.461952],[0.703542,-0.350241,0.618352]],63.72,[164.76,18.9388,231.085],[-25.1968,113.504,64.1303]]],[[290,[-0.624273,0.733878,-0.26778],29,52.1164,[-111.043,172.329,43.8126],[-111.357,172.167,43.3095],[33.725,562.289,-64.118],false,[-52.3969,101.393,71.5147],[-52.3969,101.393,71.5147],[-88.7825,135.07,65.7094],[-110.067,160.092,56.5793],[-111.297,176.496,39.9328],[[[0.766208,0.39034,0.510451],[-0.256124,-0.543026,0.799702],[0.589343,-0.743477,-0.316095]],[[0.495131,0.636832,0.591008],[-0.472789,-0.373211,0.798238],[0.728914,-0.674655,0.116299]],[[0.495131,0.636832,0.591008],[-0.604259,-0.236365,0.760923],[0.624273,-0.733878,0.26778]],[[0.495131,0.636832,0.591008],[-0.867229,0.321129,0.380513],[0.0525327,-0.700943,0.71128]]],0],[291,[0.179698,-0.901946,-0.392687],29,58.8075,[-88.7621,147.65,45.3145],[-88.2406,148.141,45.6702],[-7.31725,531.446,-106.626],false,[-38.018,115.887,83.5582],[-73.8136,180.076,86.8691],[-100.17,181.21,52.9605],[-95.8271,159.41,43.4691],[-86.5994,145.206,45.708],[[[0.713491,0.426559,-0.555858],[0.504178,0.238344,0.830058],[0.486554,-0.87249,-0.0450046]],[[0.733676,0.388798,-0.557275],[-0.292151,0.920945,0.257892],[0.613487,-0.0264007,0.789263]],[[0.733676,0.388798,-0.557275],[-0.655308,0.187964,-0.731602],[-0.179698,0.901946,0.392687]],[[0.733676,0.388798,-0.557275],[-0.412339,-0.39712,-0.819922],[-0.540089,0.831344,-0.131041]]],1],[292,[0.0911373,-0.960457,-0.263091],29,67.0064,[-79.6409,144.213,37.3556],[-79.2176,144.725,37.5859],[-8.99095,530.925,-110.382],false,[-28.7554,122.003,78.2269],[-55.6184,186.351,75.9475],[-89.623,184.469,41.8386],[-87.0314,157.157,34.3572],[-77.3893,141.461,38.0694],[[[0.676193,0.257836,-0.690133],[0.628103,0.287815,0.722945],[0.385032,-0.922325,0.0326703]],[[0.678061,0.253338,-0.689966],[-0.206215,0.966589,0.152251],[0.705484,0.0390459,0.707649]],[[0.678061,0.253338,-0.689966],[-0.729333,0.11551,-0.674337],[-0.0911373,0.960457,0.263091]],[[0.678061,0.253338,-0.689966],[-0.526277,-0.487963,-0.696365],[-0.513094,0.835291,-0.197543]]],2],[293,[-0.050942,-0.990651,-0.126552],29,64.4285,[-64.9117,145.523,33.3646],[-64.538,145.709,33.3986],[-9.74537,525.366,-107.72],false,[-20.2395,126.17,70.4142],[-36.9438,186.072,62.8927],[-69.3715,185.908,32.157],[-70.7827,158.465,28.6512],[-63.1292,142.508,34.6413],[[[0.676197,0.0968633,-0.730325],[0.686763,0.275952,0.672463],[0.266672,-0.956278,0.120076]],[[0.686637,0.0572741,-0.724741],[-0.0420518,0.998352,0.0390558],[0.725783,0.00365948,0.687914]],[[0.686637,0.0572741,-0.724741],[-0.725214,0.123815,-0.6773],[0.050942,0.990651,0.126552]],[[0.686637,0.0572741,-0.724741],[-0.600612,-0.517008,-0.609892],[-0.409628,0.854062,-0.320598]]],3],[294,[-0.54354,0.685663,-0.484181],29,50.5107,[-57.4812,231.513,15.7261],[-57.702,231.475,15.8027],[84.3395,529.178,-6.04683],false,[-14.6793,126.342,57.3141],[-22.2113,183.019,47.6574],[-39.0735,209.819,31.9191],[-49.7044,223.23,22.4491],[-59.786,234.138,13.7034],[[[0.579686,-0.0614023,-0.812523],[0.80442,0.202082,0.558634],[0.129895,-0.977442,0.166538]],[[0.584846,-0.104405,-0.804397],[0.656154,0.643916,0.393489],[0.476882,-0.757939,0.445098]],[[0.584846,-0.104405,-0.804397],[0.602096,0.720393,0.344259],[0.54354,-0.685663,0.484181]],[[0.584846,-0.104405,-0.804397],[0.562015,0.767224,0.309039],[0.584888,-0.632824,0.507385]]],4]],[[0,200,0],[235.247,235.247,147.751]]],[56027,3731737005,[[29,"right",[-0.282172,0.956434,0.0749202],[-0.565654,-0.102789,-0.818211],[-48.3354,167.862,68.2939],[26.8513,496.72,-77.2696],[-48.3696,167.381,68.3497],0.774016,0.165733,0.369044,[[0.710478,0.310409,-0.63156],[0.0452383,0.875457,0.481175],[0.702264,-0.370435,0.60795]],63.72,[164.863,18.7246,227.584],[-24.7479,118.742,63.4378]]],[[290,[-0.625564,0.733759,-0.265082],29,52.1164,[-110.567,177.592,42.9456],[-110.843,177.442,42.4235],[39.488,572.898,-73.9158],false,[-51.9813,106.569,70.5948],[-51.9813,106.569,70.5948],[-88.3292,140.268,64.6833],[-109.658,165.286,55.6452],[-110.793,181.769,39.0697],[[[0.762679,0.388526,0.517077],[-0.260516,-0.547208,0.795421],[0.591991,-0.741358,-0.316126]],[[0.490964,0.634306,0.597169],[-0.478266,-0.376692,0.793325],[0.728159,-0.675099,0.118425]],[[0.490964,0.634306,0.597169],[-0.606321,-0.243422,0.757047],[0.625563,-0.733759,0.265082]],[[0.490964,0.634306,0.597169],[-0.869831,0.318776,0.376533],[0.048474,-0.7043,0.708246]]],0],[291,[0.18304,-0.899747,-0.396171],29,58.8075,[-88.2571,152.877,44.3974],[-87.7198,153.392,44.7272],[11.3041,549.295,-106.879],false,[-37.6906,121.017,82.7979],[-73.5676,185.155,86.2051],[-99.7032,186.385,52.129],[-95.2791,164.638,42.5534],[-86.057,150.426,44.7619],[[[0.716487,0.429963,-0.549343],[0.498833,0.23471,0.834312],[0.48766,-0.871804,-0.0463133]],[[0.736634,0.39239,-0.550819],[-0.295459,0.919353,0.259794],[0.608338,-0.0286287,0.793162]],[[0.736634,0.39239,-0.550819],[-0.651051,0.191011,-0.734607],[-0.18304,0.899747,0.396171]],[[0.736634,0.39239,-0.550819],[-0.40747,-0.392528,-0.824554],[-0.539758,0.831837,-0.129262]]],1],[292,[0.0939333,-0.95864,-0.268673],29,67.0064,[-79.1048,149.472,36.4238],[-78.6483,150.023,36.6537],[11.4897,550.087,-109.781],false,[-28.4014,127.167,77.5539],[-55.3115,191.502,75.4268],[-89.1032,189.695,41.1028],[-86.4321,162.435,33.4627],[-76.8024,146.715,37.1106],[[[0.680177,0.261872,-0.684677],[0.623368,0.284824,0.728209],[0.38571,-0.922116,0.0304883]],[[0.681524,0.258639,-0.684566],[-0.209835,0.965247,0.155782],[0.701066,0.0374763,0.712111]],[[0.681524,0.258639,-0.684566],[-0.725742,0.118804,-0.677632],[-0.0939333,0.95864,0.268673]],[[0.681524,0.258639,-0.684566],[-0.522431,-0.483092,-0.702629],[-0.512436,0.836498,-0.194117]]],2],[293,[-0.0497705,-0.989937,-0.132469],29,64.4285,[-64.3722,150.886,32.5644],[-63.9557,151.095,32.6041],[10.7963,549.784,-103.413],false,[-19.8415,131.382,69.8145],[-36.5568,191.304,62.486],[-68.7973,191.294,31.5535],[-70.176,163.871,27.8839],[-62.5505,147.884,33.8317],[[[0.680583,0.101099,-0.725662],[0.682348,0.273265,0.678032],[0.266847,-0.956611,0.116995]],[[0.69099,0.0616375,-0.720231],[-0.0428324,0.998099,0.044324],[0.721594,0.000221803,0.692317]],[[0.69099,0.0616375,-0.720231],[-0.721148,0.127381,-0.680969],[0.0497705,0.989937,0.132469]],[[0.69099,0.0616375,-0.720231],[-0.596623,-0.51392,-0.616382],[-0.408133,0.855621,-0.318339]]],3],[294,[-0.542786,0.685264,-0.485589],29,50.5107,[-56.8978,236.864,15.3492],[-57.0877,236.866,15.4488],[79.6067,551.524,-15.8853],false,[-14.201,131.623,56.7499],[-21.7279,188.34,47.3268],[-38.5041,215.204,31.6059],[-49.1203,228.607,22.1083],[-59.2049,239.478,13.3198],[[[0.584732,-0.0568481,-0.809232],[0.800774,0.200068,0.564565],[0.129807,-0.978131,0.162509]],[[0.589942,-0.100441,-0.801174],[0.65335,0.642409,0.400555],[0.474449,-0.759752,0.444607]],[[0.589942,-0.100441,-0.801174],[0.597789,0.721335,0.349748],[0.542786,-0.685264,0.485589]],[[0.589942,-0.100441,-0.801174],[0.556483,0.769529,0.313291],[0.58506,-0.630664,0.509871]]],4]],[[0,200,0],[235.247,235.247,147.751]]],[56028,3731745618,[[29,"right",[-0.277348,0.956815,0.0870817],[-0.566012,-0.0894804,-0.819527],[-47.3363,171.082,67.9795],[50.4314,464.205,-66.4866],[-47.4235,170.769,68.0108],0.773621,0.164829,0.351709,[[0.713862,0.313737,-0.626075],[0.0482637,0.869859,0.490933],[0.698621,-0.380675,0.605818]],63.72,[164.631,19.1263,226.071],[-23.9965,121.909,62.5]]],[[290,[-0.623642,0.739446,-0.253556],29,52.1164,[-109.501,181.563,42.6483],[-109.741,181.334,42.2076],[63.0421,540.196,-62.1967],false,[-51.2924,109.783,69.4977],[-51.2924,109.783,69.4977],[-87.3977,143.794,63.8918],[-108.661,169.006,55.2466],[-109.653,185.684,38.8575],[[[0.764535,0.378036,0.522087],[-0.263429,-0.555986,0.788343],[0.588295,-0.740249,-0.325486]],[[0.493995,0.624182,0.605282],[-0.482502,-0.382322,0.788049],[0.723299,-0.681342,0.112304]],[[0.493995,0.624182,0.605282],[-0.605838,-0.252224,0.754548],[0.623642,-0.739446,0.253556]],[[0.493995,0.624182,0.605282],[-0.868432,0.320293,0.378467],[0.0423649,-0.712607,0.700283]]],0],[291,[0.178623,-0.895459,-0.407734],29,58.8075,[-87.3723,156.776,43.8182],[-86.7981,157.095,44.1931],[37.248,517.115,-94.7358],false,[-36.9312,124.002,81.8859],[-72.4841,188.272,86.1068],[-98.5947,190.026,52.0344],[-94.2774,168.382,42.1793],[-85.1326,154.091,44.1917],[[[0.718755,0.433308,-0.543724],[0.499856,0.221521,0.837301],[0.483255,-0.873598,-0.0573719]],[[0.738636,0.395803,-0.545671],[-0.291632,0.917428,0.270695],[0.607756,-0.0408102,0.793075]],[[0.738636,0.395803,-0.545671],[-0.650008,0.203698,-0.732118],[-0.178623,0.895459,0.407734]],[[0.738636,0.395803,-0.545671],[-0.409809,-0.37906,-0.829681],[-0.535232,0.836453,-0.117784]]],1],[292,[0.0892063,-0.95522,-0.28213],29,67.0064,[-78.2431,153.442,35.7759],[-77.7493,153.793,36.0583],[36.4969,519.819,-99.1791],false,[-27.61,130.172,76.7221],[-54.1942,194.663,75.4126],[-87.9907,193.431,41.0679],[-85.454,166.268,33.0452],[-75.9085,150.444,36.4557],[[[0.681621,0.267142,-0.681196],[0.624662,0.272354,0.731861],[0.381038,-0.924369,0.0187689]],[[0.682534,0.264922,-0.681149],[-0.206185,0.963931,0.168301],[0.701167,0.0255718,0.712539]],[[0.682534,0.264922,-0.681149],[-0.725389,0.1318,-0.675603],[-0.0892063,0.95522,0.28213]],[[0.682534,0.264922,-0.681149],[-0.525479,-0.469864,-0.709295],[-0.507955,0.842048,-0.181487]]],2],[293,[-0.0558532,-0.987645,-0.146418],29,64.4285,[-63.5369,154.824,31.9609],[-63.0796,154.87,32.036],[34.741,519.801,-93.8369],false,[-19.0275,134.441,69.0381],[-35.4382,194.536,62.4726],[-67.6748,195.093,31.5411],[-69.2221,167.733,27.485],[-61.7021,151.612,33.1991],[[[0.681223,0.106906,-0.724228],[0.683593,0.261139,0.681548],[0.261985,-0.959363,0.104814]],[[0.691377,0.0675416,-0.71933],[-0.0377831,0.997638,0.0573585],[0.721506,-0.0124778,0.692296]],[[0.691377,0.0675416,-0.71933],[-0.720332,0.141407,-0.679062],[0.0558532,0.987645,0.146418]],[[0.691377,0.0675416,-0.71933],[-0.600005,-0.50096,-0.623726],[-0.402483,0.862831,-0.305827]]],3],[294,[-0.540022,0.69292,-0.477743],29,50.5107,[-55.5697,240.786,15.865],[-55.7319,240.773,15.9922],[99.7699,524.994,4.72071],false,[-13.3833,134.821,55.9783],[-20.6217,191.691,47.2787],[-37.2386,218.849,31.8972],[-47.8008,232.401,22.5531],[-57.8558,243.392,13.8807],[[[0.58459,-0.0494759,-0.809819],[0.801668,0.188797,0.567171],[0.12483,-0.980769,0.150032]],[[0.589619,-0.0936001,-0.80224],[0.65