{"metadata":{"formatVersion":2,"generatedBy":"LeapJS Playback 0.2.1","frames":105,"protocolVersion":6,"serviceVersion":"2.2.5+26752","frameRate":"1.1e+2","modified":"Thu Apr 16 2015 19:39:30 GMT-0300 (E. South America Standard Time)"},"frames":[["id","timestamp",{"hands":[["id","type","direction","palmNormal","palmPosition","palmVelocity","stabilizedPalmPosition","pinchStrength","grabStrength","confidence","armBasis","armWidth","elbow","wrist"]]},{"pointables":[["id","direction","handId","length","stabilizedTipPosition","tipPosition","tipVelocity","tool","carpPosition","mcpPosition","pipPosition","dipPosition","btipPosition","bases","type"]]},{"interactionBox":["center","size"]}],[88001,4168627047,[[48,"right",[-0.159234,0.70202,-0.694128],[-0.586417,-0.632878,-0.505549],[-1.01729,154.458,10.4685],[-30.293,40.0356,-46.2483],[6.71541,151.453,20.0306],0.680078,1,0.537618,[[0.60588,-0.264796,-0.750195],[0.35737,0.933075,-0.040724],[0.710772,-0.243423,0.659961]],63.72,[208.077,51.0697,224.419],[16.1687,116.794,46.2291]]],[[480,[-0.555785,0.49518,-0.667757],48,52.1164,[-58.9795,159.862,-8.41597],[-59.2164,159.661,-8.69853],[3.13474,-204.772,-144.605],false,[-12.2609,116.866,57.7534],[-12.2609,116.866,57.7534],[-43.4252,144.565,30.3072],[-62.375,161.449,7.53965],[-57.417,157.221,-14.9386],[[[0.813021,0.571648,0.11052],[-0.314773,0.271862,0.9094],[0.489811,-0.77415,0.400969]],[[0.661863,0.749608,0.00499903],[-0.414931,0.360791,0.835261],[0.624315,-0.554903,0.54983]],[[0.661863,0.749608,0.00499903],[-0.503032,0.439185,0.744362],[0.555785,-0.49518,0.667757]],[[0.661863,0.749608,0.00499903],[-0.719067,0.636753,-0.278366],[-0.211849,0.180646,0.960462]]],0],[481,[0.203451,-0.864965,0.458742],48,58.8075,[-35.7502,135.001,13.6892],[-37.4335,130.411,4.84604],[11.2566,-47.9985,-107.354],false,[3.90715,134.119,56.078],[-23.6152,181.552,7.03605],[-50.1035,157.185,-16.4245],[-45.186,136.279,-5.33654],[-35.7068,129.506,7.16095],[[[0.756193,-0.204042,-0.621723],[0.536863,0.736669,0.411214],[0.374099,-0.644737,0.666606]],[[0.737376,-0.172877,-0.652986],[-0.275947,0.805257,-0.5248],[0.616547,0.567164,0.546072]],[[0.737376,-0.172877,-0.652986],[-0.644116,-0.471115,-0.602632],[-0.203451,0.864965,-0.458742]],[[0.737376,-0.172877,-0.652986],[-0.385307,-0.901647,-0.196394],[-0.554811,0.396416,-0.731463]]],1],[482,[0.0289514,-0.818758,0.573409],48,67.0064,[-32.1583,125.263,11.8565],[-31.3143,121.741,2.12338],[35.4414,-27.1989,-123.829],false,[13.8117,133.267,48.8122],[-4.87474,175.805,-3.2352],[-39.2856,151.368,-26.5156],[-38.4623,128.085,-10.2099],[-29.6932,120.722,4.69058],[[[0.697107,-0.411846,-0.586877],[0.66506,0.677234,0.314719],[0.267837,-0.609702,0.746007]],[[0.690956,-0.398138,-0.603379],[-0.113615,0.764486,-0.634549],[0.713913,0.506999,0.482992]],[[0.690956,-0.398138,-0.603379],[-0.722317,-0.413669,-0.554199],[-0.0289514,0.818758,-0.573409]],[[0.690956,-0.398138,-0.603379],[-0.552108,-0.829434,-0.0849436],[-0.466644,0.391823,-0.792918]]],2],[483,[-0.112743,-0.735911,0.667625],48,64.4285,[-21.806,117.222,9.54784],[-17.5649,116.337,0.612875],[73.3704,2.92577,-98.6289],false,[22.7128,129.343,41.3091],[13.5096,164.14,-9.95708],[-19.3521,142.415,-31.0385],[-22.4753,122.029,-12.544],[-15.9196,115.584,3.72165],[[[0.676791,-0.546953,-0.492743],[0.721365,0.626298,0.295606],[0.146921,-0.555511,0.818426]],[[0.677221,-0.548585,-0.490333],[0.0204294,0.680175,-0.732765],[0.735496,0.486226,0.471836]],[[0.677221,-0.548585,-0.490333],[-0.727091,-0.396848,-0.560223],[0.112743,0.735911,-0.667625]],[[0.677221,-0.548585,-0.490333],[-0.646731,-0.761608,-0.0411401],[-0.350873,0.344974,-0.870564]]],3],[484,[-0.249251,-0.628577,0.736726],48,50.5107,[-7.67772,117.254,3.15668],[-3.2661,118.262,-4.7225],[86.297,42.9042,-76.1979],false,[28.1403,119.089,33.0647],[27.62,149.372,-16.3822],[-1.24029,135.529,-31.4066],[-6.11534,123.235,-16.9971],[-1.65362,117.547,-1.34945],[[[0.560691,-0.703485,-0.436731],[0.827977,0.482047,0.286505],[0.00897328,-0.522244,0.852749]],[[0.560758,-0.713906,-0.41939],[0.139157,0.580578,-0.802224],[0.816202,0.391492,0.424909]],[[0.560758,-0.713906,-0.41939],[-0.789573,-0.308591,-0.530421],[0.249251,0.628577,-0.736726]],[[0.560758,-0.713906,-0.41939],[-0.786478,-0.617618,-0.000244259],[-0.258849,0.329978,-0.907806]]],4]],[[0,200,0],[235.247,235.247,147.751]]],[88002,4168635915,[[48,"right",[-0.161911,0.698958,-0.696594],[-0.57407,-0.640881,-0.509623],[-1.01144,154.536,10.3937],[-21.9001,31.5574,-35.996],[6.63455,151.485,19.9297],0.688801,1,0.544597,[[0.612565,-0.254003,-0.748496],[0.350964,0.935896,-0.030371],[0.708229,-0.244091,0.662444]],63.72,[207.552,51.2371,225.221],[16.33,117.142,46.3617]]],[[480,[-0.553408,0.487053,-0.675662],48,52.1164,[-58.6015,158.788,-9.34346],[-58.8659,158.821,-9.46143],[15.1165,-171.331,-127.186],false,[-12.1976,116.876,57.6385],[-12.1976,116.876,57.6385],[-43.3652,144.168,29.7911],[-62.234,160.775,6.75398],[-56.9141,156.484,-15.6295],[[[0.804849,0.581898,0.116676],[-0.326039,0.269258,0.9062],[0.4959,-0.767395,0.406433]],[[0.653544,0.756819,0.0102638],[-0.427817,0.358183,0.829866],[0.624382,-0.546745,0.557868]],[[0.653544,0.756819,0.0102638],[-0.516353,0.435894,0.73714],[0.553408,-0.487053,0.675662]],[[0.653544,0.756819,0.0102638],[-0.721949,0.62739,-0.29184],[-0.22731,0.18332,0.956412]]],0],[481,[0.20673,-0.863522,0.459991],48,58.8075,[-35.7565,134.987,13.657],[-37.2043,130.137,4.35308],[14.3656,-44.0417,-93.9622],false,[3.76846,134.327,56.0764],[-23.9141,181.341,6.72216],[-49.9401,156.773,-17.0436],[-44.9433,135.901,-5.92538],[-35.5176,129.234,6.66924],[[[0.764059,-0.195518,-0.614806],[0.52405,0.743907,0.414697],[0.376277,-0.639042,0.67085]],[[0.7456,-0.165378,-0.645546],[-0.277679,0.803509,-0.526562],[0.605784,0.571859,0.553175]],[[0.7456,-0.165378,-0.645546],[-0.633516,-0.476423,-0.609654],[-0.20673,0.863522,-0.459991]],[[0.7456,-0.165378,-0.645546],[-0.373807,-0.905751,-0.199706],[-0.551677,0.390211,-0.737148]]],1],[482,[0.0277041,-0.821195,0.569975],48,67.0064,[-32.156,125.253,11.817],[-31.0413,121.667,1.43688],[32.3828,-22.2417,-113.544],false,[13.7458,133.588,48.8983],[-5.01486,175.813,-3.37678],[-38.9722,151.306,-27.2425],[-38.1844,127.954,-11.0345],[-29.4979,120.658,3.94759],[[[0.707263,-0.403992,-0.580146],[0.653813,0.685932,0.319415],[0.2689,-0.605217,0.749269]],[[0.70112,-0.390458,-0.596634],[-0.110026,0.76748,-0.631561],[0.704503,0.508445,0.495135]],[[0.70112,-0.390458,-0.596634],[-0.712505,-0.41615,-0.564939],[-0.0277041,0.821195,-0.569975]],[[0.70112,-0.390458,-0.596634],[-0.542921,-0.834762,-0.0917027],[-0.462241,0.38822,-0.797257]]],2],[483,[-0.110669,-0.736955,0.666821],48,64.4285,[-21.7864,117.222,9.50859],[-17.0085,116.288,0.338194],[69.7289,0.185906,-80.6255],false,[22.76,129.763,41.479],[13.5711,164.368,-9.92022],[-18.8297,142.298,-31.3537],[-21.8954,121.883,-12.8814],[-15.4024,115.545,3.45121],[[[0.687812,-0.539202,-0.485979],[0.710912,0.635673,0.300872],[0.146693,-0.552431,0.820549]],[[0.688249,-0.540857,-0.483516],[0.020625,0.6808,-0.732179],[0.725181,0.493949,0.479715]],[[0.688249,-0.540857,-0.483516],[-0.716984,-0.405429,-0.567064],[0.110669,0.736954,-0.666821]],[[0.688249,-0.540857,-0.483516],[-0.636823,-0.769664,-0.0455314],[-0.347519,0.339251,-0.874151]]],3],[484,[-0.249199,-0.63086,0.73479],48,50.5107,[-7.58973,117.281,3.02649],[-2.64687,118.372,-4.84175],[80.5984,34.637,-60.0085],false,[28.3863,119.567,33.2982],[27.9196,149.767,-16.1991],[-0.61563,135.615,-31.5528],[-5.48966,123.277,-17.1812],[-1.08867,117.677,-1.48441],[[[0.573186,-0.697086,-0.43073],[0.819386,0.492749,0.292925],[0.0080479,-0.520835,0.853619]],[[0.573231,-0.707624,-0.413129],[0.141918,0.582308,-0.800485],[0.807011,0.400232,0.434221]],[[0.573231,-0.707624,-0.413129],[-0.780581,-0.318253,-0.537967],[0.249199,0.63086,-0.73479]],[[0.573231,-0.707624,-0.413129],[-0.778599,-0.627498,-0.00552913],[-0.255325,0.324831,-0.910656]]],4]],[[0,200,0],[235.247,235.247,147.751]]],[88003,4168644395,[[48,"right",[-0.170713,0.694491,-0.698956],[-0.544828,-0.657592,-0.520322],[-0.944592,155.008,10.298],[-14.1266,37.846,-29.546],[6.55637,151.522,19.8304],0.695086,1,0.554064,[[0.628592,-0.224226,-0.744711],[0.334186,0.942506,-0.00170201],[0.702276,-0.247802,0.667385]],63.72,[206.5,51.2139,226.743],[16.8858,118.12,46.5494]]],[[480,[-0.55336,0.470313,-0.687458],48,52.1164,[-58.1604,157.716,-10.325],[-58.3395,157.419,-10.7488],[29.8951,-166.309,-132.403],false,[-11.819,116.966,57.3088],[-11.819,116.966,57.3088],[-43.2218,143.341,28.849],[-62.0889,159.377,5.40971],[-56.1674,155.227,-16.8488],[[[0.78436,0.606192,0.13157],[-0.350447,0.258037,0.900335],[0.511826,-0.752295,0.414832]],[[0.630606,0.775758,0.0231249],[-0.454507,0.344984,0.821224],[0.629094,-0.52838,0.570136]],[[0.630606,0.775758,0.0231249],[-0.544177,0.420719,0.725856],[0.55336,-0.470313,0.687458]],[[0.630606,0.775758,0.0231249],[-0.733701,0.605603,-0.308103],[-0.253018,0.177325,0.951072]]],0],[481,[0.222851,-0.858475,0.461907],48,58.8075,[-35.7596,134.973,13.6255],[-36.3451,129.608,3.48455],[36.567,-49.4611,-96.6119],false,[3.62909,134.9,56.0466],[-24.5899,181.102,6.23057],[-49.4556,155.895,-18.1021],[-44.0692,135.145,-6.93757],[-34.6837,128.746,5.82497],[[[0.780669,-0.171233,-0.601029],[0.493388,0.759148,0.424574],[0.383568,-0.627992,0.677127]],[[0.762114,-0.142037,-0.63167],[-0.290168,0.797236,-0.529355],[0.578779,0.58672,0.56637]],[[0.762114,-0.142037,-0.63167],[-0.607881,-0.492795,-0.622603],[-0.222851,0.858475,-0.461907]],[[0.762114,-0.142037,-0.63167],[-0.342676,-0.916272,-0.207409],[-0.549322,0.374528,-0.746977]]],1],[482,[0.0376371,-0.823558,0.565982],48,67.0064,[-32.151,125.243,11.781],[-29.9646,121.432,0.449472],[55.9313,-24.3168,-115.621],false,[13.7522,134.477,49.0494],[-5.35065,176.168,-3.52886],[-38.1478,150.961,-28.2721],[-37.0776,127.542,-12.1776],[-28.4783,120.449,2.95097],[[[0.729687,-0.381394,-0.567535],[0.626568,0.705298,0.331614],[0.273806,-0.597573,0.753616]],[[0.723516,-0.368215,-0.583902],[-0.11634,0.768717,-0.628919],[0.680433,0.522964,0.513341]],[[0.723516,-0.368215,-0.583902],[-0.689281,-0.431473,-0.581999],[-0.0376371,0.823558,-0.565982]],[[0.723516,-0.368215,-0.583902],[-0.516841,-0.849666,-0.104611],[-0.457603,0.377472,-0.805056]]],2],[483,[-0.108145,-0.745547,0.65762],48,64.4285,[-21.7605,117.222,9.46211],[-15.7294,116.522,-0.540287],[87.0491,6.78059,-90.9003],false,[23.012,130.94,41.7917],[13.6931,165.307,-9.74284],[-17.6106,142.677,-32.198],[-20.6064,122.024,-13.9806],[-14.2887,115.783,2.45805],[[[0.712703,-0.51725,-0.473821],[0.685508,0.656838,0.314073],[0.148769,-0.548649,0.82271]],[[0.713183,-0.519031,-0.471145],[0.0222228,0.688528,-0.724869],[0.700626,0.506494,0.502581]],[[0.713183,-0.519031,-0.471145],[-0.692585,-0.418051,-0.587842],[0.108145,0.745547,-0.65762]],[[0.713183,-0.519031,-0.471145],[-0.614032,-0.786785,-0.0627229],[-0.338135,0.334031,-0.879823]]],3],[484,[-0.244128,-0.639395,0.729093],48,50.5107,[-7.46071,117.323,2.87072],[-1.16569,118.904,-5.06572],[103.824,42.3455,-51.7844],false,[29.0955,120.93,33.7074],[28.5942,151.161,-15.7709],[0.806099,136.227,-31.741],[-3.96874,123.721,-17.4809],[0.324663,118.251,-1.70876],[[[0.602003,-0.678645,-0.420754],[0.798447,0.517321,0.307996],[0.00864493,-0.521364,0.853291]],[[0.602053,-0.68933,-0.402934],[0.141151,0.588579,-0.796022],[0.785881,0.422373,0.451655]],[[0.602053,-0.68933,-0.402934],[-0.76022,-0.340585,-0.553234],[0.244128,0.639395,-0.729093]],[[0.602053,-0.68933,-0.402934],[-0.75861,-0.651257,-0.0193379],[-0.249084,0.317313,-0.915025]]],4]],[[0,200,0],[235.247,235.247,147.751]]],[88004,4168653016,[[48,"right",[-0.178177,0.690006,-0.70153],[-0.510497,-0.674308,-0.533574],[-0.854743,155.684,10.1134],[-7.6283,48.597,-27.3915],[6.4708,151.57,19.7182],0.702088,1,0.558721,[[0.646712,-0.189952,-0.738703],[0.314149,0.948866,0.0310338],[0.695036,-0.252133,0.673316]],63.72,[205.044,51.2558,228.495],[17.3845,119.332,46.7002]]],[[480,[-0.552648,0.454004,-0.6989],48,52.1164,[-57.6707,156.704,-11.4309],[-57.7422,156.214,-12.2665],[41.5014,-155.573,-142.076],false,[-11.5006,117.187,56.8052],[-11.5006,117.187,56.8052],[-43.0888,142.604,27.6861],[-61.9316,158.084,3.85667],[-55.3888,154.205,-18.2764],[[[0.760338,0.631908,0.150262],[-0.379169,0.243983,0.892582],[0.527369,-0.735639,0.425109]],[[0.60426,0.795825,0.0391546],[-0.484176,0.327714,0.811281],[0.632806,-0.509183,0.583343]],[[0.60426,0.795825,0.0391546],[-0.573978,0.400678,0.714147],[0.552648,-0.454004,0.698899]],[[0.60426,0.795825,0.0391546],[-0.746133,0.582403,-0.322634],[-0.279564,0.16574,0.945714]]],0],[481,[0.237193,-0.854446,0.462236],48,58.8075,[-35.7601,134.958,13.5907],[-35.3859,129.276,2.2501],[55.1362,-47.0803,-110.506],false,[3.35947,135.634,55.9216],[-25.2672,180.978,5.5535],[-48.8028,155.253,-19.5482],[-43.0697,134.601,-8.37578],[-33.7874,128.455,4.58525],[[[0.799358,-0.143471,-0.583474],[0.457842,0.774303,0.436848],[0.389111,-0.616337,0.684632]],[[0.780879,-0.115356,-0.613939],[-0.300208,0.792572,-0.530759],[0.547817,0.598768,0.584272]],[[0.780879,-0.115356,-0.613939],[-0.577899,-0.506573,-0.639857],[-0.237193,0.854446,-0.462236]],[[0.780879,-0.115356,-0.613939],[-0.308338,-0.925912,-0.218206],[-0.543282,0.359694,-0.758594]]],1],[482,[0.0512465,-0.824032,0.564221],48,67.0064,[-32.1413,125.233,11.7392],[-28.5654,121.271,-0.586403],[84.3902,-23.5345,-116.644],false,[13.6465,135.568,49.1548],[-5.65746,176.717,-3.77576],[-37.0393,150.595,-29.3901],[-35.582,127.163,-13.3457],[-27.0951,120.323,1.96211],[[[0.754738,-0.355305,-0.551479],[0.594823,0.72518,0.346841],[0.276688,-0.589807,0.758665]],[[0.748507,-0.342322,-0.567938],[-0.125878,0.767535,-0.628526],[0.65107,0.541947,0.531414]],[[0.748507,-0.342322,-0.567938],[-0.661144,-0.451428,-0.599251],[-0.0512465,0.824032,-0.564221]],[[0.748507,-0.342322,-0.567938],[-0.485563,-0.866224,-0.11783],[-0.451626,0.363966,-0.814593]]],2],[483,[-0.103719,-0.753614,0.649082],48,64.4285,[-21.7201,117.224,9.39822],[-14.206,116.942,-1.49628],[108.451,17.2227,-98.4368],false,[23.1816,132.361,42.1029],[13.8766,166.517,-9.57438],[-16.1191,143.202,-33.0894],[-18.9923,122.326,-15.1085],[-12.891,116.21,1.45848],[[[0.740226,-0.491876,-0.458391],[0.655743,0.678771,0.330562],[0.148547,-0.545277,0.824989]],[[0.740799,-0.493995,-0.455177],[0.0224723,0.695468,-0.718205],[0.671351,0.521817,0.526303]],[[0.740799,-0.493995,-0.455177],[-0.663671,-0.433629,-0.609513],[0.103719,0.753614,-0.649082]],[[0.740799,-0.493995,-0.455177],[-0.587008,-0.805503,-0.0811561],[-0.326556,0.327313,-0.886695]]],3],[484,[-0.243303,-0.650346,0.719621],48,50.5107,[-7.25486,117.398,2.65652],[0.491288,119.768,-5.50368],[124.744,58.1116,-53.6488],false,[29.7795,122.581,34.1424],[29.3777,152.895,-15.2861],[2.51958,137.238,-32.1316],[-2.23914,124.518,-18.0567],[1.85526,119.154,-2.19541],[[[0.633853,-0.657026,-0.408102],[0.773423,0.543145,0.32682],[0.00692941,-0.522791,0.852433]],[[0.633854,-0.668187,-0.389557],[0.145834,0.597874,-0.788213],[0.75958,0.442801,0.476409]],[[0.633854,-0.668187,-0.389557],[-0.734188,-0.361354,-0.574796],[0.243303,0.650346,-0.719621]],[[0.633854,-0.668187,-0.389557],[-0.736074,-0.675805,-0.0385027],[-0.237538,0.311148,-0.920197]]],4]],[[0,200,0],[235.247,235.247,147.751]]],[88005,4168661781,[[48,"right",[-0.179006,0.689591,-0.701727],[-0.481271,-0.683461,-0.548872],[-0.750899,156.277,10.1804],[-2.39949,53.7094,-17.9864],[6.37124,151.635,19.5867],0.698175,1,0.562994,[[0.659504,-0.160755,-0.734311],[0.296543,0.953278,0.0576426],[0.690736,-0.25577,0.676362]],63.72,[204.034,51.1083,229.6],[17.5356,120.166,46.9824]]],[[480,[-0.549335,0.450116,-0.704008],48,52.1164,[-57.2587,156.13,-12.3951],[-57.173,155.813,-13.4642],[42.839,-115.128,-135.083],false,[-11.5124,117.252,56.4049],[-11.5124,117.252,56.4049],[-43.0118,142.269,26.8466],[-61.7417,157.616,2.84308],[-54.9164,154.289,-19.2945],[[[0.740829,0.649505,0.171218],[-0.405503,0.229254,0.884878],[0.535481,-0.724973,0.433214]],[[0.586145,0.808036,0.0592602],[-0.50817,0.309685,0.803653],[0.631029,-0.501171,0.59214]],[[0.586145,0.808036,0.0592602],[-0.595537,0.380097,0.707716],[0.549335,-0.450116,0.704008]],[[0.586145,0.808036,0.0592602],[-0.755898,0.571719,-0.318991],[-0.291636,0.14218,0.945903]]],0],[481,[0.243481,-0.854241,0.459336],48,58.8075,[-35.7585,134.944,13.5536],[-34.6082,129.225,1.14948],[63.261,-36.3998,-116.034],false,[2.90351,136.064,55.9649],[-25.6699,180.989,5.1937],[-48.071,155.1,-20.7619],[-42.1859,134.453,-9.6596],[-33.0793,128.417,3.47641],[[[0.815863,-0.120287,-0.565596],[0.428397,0.782706,0.451495],[0.388387,-0.610658,0.690111]],[[0.797756,-0.0929713,-0.595769],[-0.302847,0.792603,-0.529211],[0.52141,0.602609,0.604148]],[[0.797756,-0.0929713,-0.595769],[-0.551636,-0.511497,-0.658839],[-0.243481,0.854241,-0.459336]],[[0.797756,-0.0929713,-0.595769],[-0.281951,-0.930888,-0.232275],[-0.532999,0.353277,-0.768835]]],1],[482,[0.058024,-0.826357,0.560149],48,67.0064,[-32.1254,125.221,11.6869],[-27.3872,121.316,-1.43031],[98.361,-16.3204,-110.884],false,[13.3419,136.29,49.4375],[-5.75154,177.268,-3.70239],[-35.8922,150.599,-30.2276],[-34.2422,127.101,-14.299],[-25.9423,120.38,1.16326],[[[0.775769,-0.333341,-0.535786],[0.568584,0.737505,0.364416],[0.27367,-0.587342,0.761665]],[[0.769581,-0.320381,-0.552359],[-0.129308,0.768909,-0.626145],[0.625319,0.553294,0.55031]],[[0.769581,-0.320381,-0.552359],[-0.635907,-0.46313,-0.617359],[-0.058024,0.826357,-0.560149]],[[0.769581,-0.320381,-0.552359],[-0.461165,-0.877178,-0.13374],[-0.44167,0.357652,-0.822808]]],2],[483,[-0.105034,-0.762806,0.63804],48,64.4285,[-21.66,117.23,9.31026],[-12.9791,117.447,-2.28108],[115.353,27.417,-97.6654],false,[23.1129,133.361,42.5908],[14.1568,167.586,-9.10265],[-14.6908,143.941,-33.6987],[-17.6005,122.809,-16.0237],[-11.7796,116.694,0.644048],[[[0.762502,-0.470781,-0.443797],[0.63099,0.692705,0.3493],[0.142977,-0.546374,0.825247]],[[0.763131,-0.47321,-0.440118],[0.0275796,0.704267,-0.709399],[0.645655,0.529226,0.550499]],[[0.763131,-0.47321,-0.440118],[-0.637651,-0.440681,-0.631824],[0.105034,0.762806,-0.63804]],[[0.763131,-0.47321,-0.440118],[-0.566192,-0.817895,-0.102342],[-0.311541,0.327291,-0.892089]]],3],[484,[-0.248534,-0.662055,0.707046],48,50.5107,[-6.94864,117.524,2.36849],[1.83946,120.65,-5.81576],[130.317,69.7607,-50.9642],false,[30.1319,123.794,34.7323],[30.1172,154.383,-14.5278],[4.10037,138.356,-32.3189],[-0.760657,125.407,-18.4899],[3.06993,120.044,-2.56286],[[[0.659115,-0.638794,-0.396874],[0.752042,0.560039,0.347548],[0.000253075,-0.527541,0.84953]],[[0.658952,-0.650571,-0.377544],[0.156206,0.609346,-0.777366],[0.735786,0.453272,0.503153]],[[0.658952,-0.650571,-0.377544],[-0.709939,-0.372077,-0.597951],[0.248534,0.662055,-0.707046]],[[0.658952,-0.650571,-0.377544],[-0.718606,-0.692786,-0.0604456],[-0.222233,0.311136,-0.924017]]],4]],[[0,200,0],[235.247,235.247,147.751]]],[88006,4168670380,[[48,"right",[-0.180446,0.689806,-0.701147],[-0.46046,-0.689153,-0.559503],[-0.623918,156.751,10.2193],[2.13473,54.0868,-12.0403],[6.26022,151.716,19.438],0.682031,1,0.566602,[[0.668507,-0.139256,-0.730552],[0.283156,0.955987,0.0768807],[0.687692,-0.258256,0.678515]],63.72,[203.412,51.0584,230.328],[17.7346,120.787,47.1292]]],[[480,[-0.55008,0.452008,-0.702211],48,52.1164,[-57.043,155.974,-13.0533],[-56.9082,155.917,-14.1615],[30.9407,-68.4348,-114.49],false,[-11.3986,117.31,56.0859],[-11.3986,117.31,56.0859],[-42.874,142.211,26.4046],[-61.6293,157.623,2.46227],[-54.9746,154.975,-19.8186],[[[0.72638,0.661713,0.185766],[-0.423138,0.217568,0.879556],[0.541597,-0.717496,0.438033]],[[0.57443,0.815137,0.0747144],[-0.521957,0.294449,0.800538],[0.630548,-0.498851,0.594607]],[[0.57443,0.815137,0.0747144],[-0.60617,0.362272,0.708037],[0.55008,-0.452008,0.702211]],[[0.57443,0.815137,0.0747144],[-0.767579,0.568117,-0.296759],[-0.284345,0.113118,0.952025]]],0],[481,[0.249854,-0.853698,0.456917],48,58.8075,[-35.7551,134.93,13.5158],[-33.9499,129.242,0.396695],[66.7967,-26.7463,-108.947],false,[2.68409,136.377,55.9587],[-25.9005,181.041,4.96364],[-47.4863,155.028,-21.5527],[-41.4472,134.393,-10.5088],[-32.444,128.436,2.7339],[[[0.826511,-0.102921,-0.553432],[0.407331,0.787929,0.46179],[0.388538,-0.607104,0.693154]],[[0.808412,-0.0758165,-0.583714],[-0.306643,0.792229,-0.527583],[0.502435,0.605496,0.617199]],[[0.808412,-0.0758165,-0.583714],[-0.532957,-0.515221,-0.671196],[-0.249854,0.853698,-0.456917]],[[0.808412,-0.0758165,-0.583714],[-0.262293,-0.93417,-0.241925],[-0.526947,0.348679,-0.775081]]],1],[482,[0.0634369,-0.828663,0.556141],48,67.0064,[-32.103,125.207,11.6231],[-26.4901,121.431,-2.05985],[100.287,-8.96994,-100.683],false,[13.2162,136.822,49.5952],[-5.7839,177.719,-3.63984],[-35.0433,150.716,-30.8057],[-33.2393,127.152,-14.991],[-25.062,120.493,0.562998],[[[0.789774,-0.316801,-0.525257],[0.54963,0.745666,0.376683],[0.272333,-0.586191,0.76303]],[[0.783561,-0.303766,-0.541995],[-0.13244,0.770627,-0.623372],[0.607036,0.560232,0.563603]],[[0.783561,-0.303766,-0.541995],[-0.618068,-0.470153,-0.630038],[-0.0634369,0.828663,-0.556141]],[[0.783561,-0.303766,-0.541995],[-0.443482,-0.884399,-0.145472],[-0.435151,0.354351,-0.827695]]],2],[483,[-0.103974,-0.769347,0.630313],48,64.4285,[-21.5781,117.241,9.19752],[-12.0257,117.877,-2.82028],[113.536,32.7886,-88.7472],false,[23.1425,134.101,42.8873],[14.3752,168.42,-8.77634],[-13.6531,144.536,-34.079],[-16.5334,123.223,-16.6181],[-10.887,117.104,0.107949],[[[0.777546,-0.454915,-0.434137],[0.613052,0.70206,0.362325],[0.139963,-0.547873,0.82477]],[[0.778216,-0.457569,-0.430129],[0.0291945,0.710541,-0.70305],[0.627318,0.534567,0.566313]],[[0.778216,-0.457569,-0.430129],[-0.61933,-0.445797,-0.646294],[0.103974,0.769348,-0.630313]],[[0.778216,-0.457569,-0.430129],[-0.5505,-0.826651,-0.116612],[-0.302208,0.327535,-0.895204]]],3],[484,[-0.252852,-0.671749,0.696289],48,50.5107,[-6.55204,117.702,2.01419],[2.83561,121.409,-6.14038],[124.404,74.7085,-49.7209],false,[30.4516,124.7,35.0934],[30.6506,155.531,-14.0157],[5.2586,139.326,-32.5339],[0.31313,126.187,-18.9153],[3.95448,120.799,-2.95237],[[[0.676465,-0.624973,-0.38962],[0.736467,0.571577,0.361824],[-0.00343201,-0.531703,0.846924]],[[0.676193,-0.637421,-0.369402],[0.164536,0.619408,-0.767634],[0.718116,0.458289,0.523718]],[[0.676193,-0.637421,-0.369402],[-0.691975,-0.377422,-0.615405],[0.252852,0.671749,-0.696289]],[[0.676193,-0.637421,-0.369402],[-0.705787,-0.704258,-0.0767157],[-0.211254,0.312594,-0.926098]]],4]],[[0,200,0],[235.247,235.247,147.751]]],[88007,4168679149,[[48,"right",[-0.179639,0.689532,-0.701624],[-0.444117,-0.693251,-0.567595],[-0.450211,157.125,10.4811],[6.88174,51.0168,-0.78769],[6.13335,151.818,19.2687],0.65781,1,0.572674,[[0.673836,-0.122955,-0.728579],[0.273535,0.95751,0.0913935],[0.686385,-0.260876,0.678837]],63.72,[203.184,50.8508,230.823],[17.8599,121.287,47.5372]]],[[480,[-0.551621,0.456125,-0.69833],48,52.1164,[-56.9905,156.073,-13.4304],[-56.863,156.352,-14.4311],[13.4661,-24.3067,-85.9907],false,[-11.3455,117.417,56.0884],[-11.3455,117.417,56.0884],[-42.7679,142.328,26.3591],[-61.5758,157.88,2.54914],[-55.3792,155.99,-19.9399],[[[0.715391,0.670253,0.197423],[-0.437707,0.209649,0.874334],[0.544636,-0.711904,0.443356]],[[0.566821,0.819199,0.0873317],[-0.531471,0.282606,0.798544],[0.629486,-0.499046,0.595567]],[[0.566821,0.819199,0.0873317],[-0.611905,0.347654,0.710428],[0.551621,-0.456125,0.69833]],[[0.566821,0.819199,0.0873317],[-0.780135,0.567795,-0.262675],[-0.26477,0.0807595,0.960924]]],0],[481,[0.253319,-0.852796,0.456694],48,58.8075,[-35.7497,134.915,13.4747],[-33.3587,129.293,0.038474],[67.21,-18.4036,-90.7442],false,[2.49581,136.66,56.2048],[-25.9579,181.11,4.95022],[-46.8862,154.993,-21.9878],[-40.7634,134.381,-10.9493],[-31.87,128.489,2.39659],[[[0.835153,-0.0908912,-0.542456],[0.391072,0.791636,0.469442],[0.386759,-0.604195,0.696682]],[[0.817184,-0.0640143,-0.572811],[-0.308081,0.791419,-0.52796],[0.48713,0.607913,0.627013]],[[0.817184,-0.0640143,-0.572811],[-0.517725,-0.518307,-0.680675],[-0.253319,0.852796,-0.456694]],[[0.817184,-0.0640143,-0.572811],[-0.24753,-0.936476,-0.248477],[-0.520517,0.344839,-0.781119]]],1],[482,[0.0660341,-0.82979,0.554155],48,67.0064,[-32.0702,125.19,11.5411],[-25.7266,121.56,-2.30949],[97.1956,-3.02396,-80.9409],false,[13.1065,137.256,49.986],[-5.68651,178.067,-3.38882],[-34.2412,150.82,-31.0566],[-32.3635,127.224,-15.2984],[-24.3126,120.621,0.345293],[[[0.80074,-0.305298,-0.515372],[0.53503,0.751415,0.386157],[0.269365,-0.584951,0.765033]],[[0.794555,-0.29222,-0.53225],[-0.133135,0.7714,-0.622267],[0.592417,0.565287,0.574015]],[[0.794555,-0.29222,-0.53225],[-0.603591,-0.475453,-0.640017],[-0.0660341,0.82979,-0.554155]],[[0.794555,-0.29222,-0.53225],[-0.430278,-0.889466,-0.153987],[-0.42842,0.351367,-0.832465]]],2],[483,[-0.105298,-0.773948,0.624434],48,64.4285,[-21.4643,117.259,9.05044],[-11.243,118.237,-3.00592],[106.527,34.3532,-70.8634],false,[23.1562,134.681,43.4057],[14.6559,169.038,-8.27713],[-12.7146,145.006,-34.1538],[-15.6316,123.566,-16.8557],[-10.1606,117.441,-0.0734317],[[[0.789025,-0.443822,-0.424807],[0.599187,0.708653,0.37254],[0.1357,-0.548482,0.825077]],[[0.789726,-0.446691,-0.420476],[0.0325465,0.71496,-0.698408],[0.612596,0.537866,0.579161]],[[0.789726,-0.446691,-0.420476],[-0.604355,-0.448856,-0.658242],[0.105298,0.773948,-0.624434]],[[0.789726,-0.446691,-0.420476],[-0.539064,-0.832468,-0.128085],[-0.292818,0.327816,-0.898217]]],3],[484,[-0.258343,-0.678675,0.687503],48,50.5107,[-6.04517,117.943,1.59085],[3.67775,122.045,-6.1719],[115.321,74.2841,-39.4556],false,[30.6881,125.395,35.6857],[31.1621,156.369,-13.3308],[6.29032,140.105,-32.4912],[1.23744,126.83,-19.0445],[4.71002,121.44,-3.04476],[[[0.689506,-0.615268,-0.382134],[0.724234,0.579736,0.373352],[-0.00817452,-0.534183,0.845329]],[[0.689096,-0.628226,-0.361217],[0.174266,0.627488,-0.758874],[0.703404,0.45999,0.541878]],[[0.689096,-0.628226,-0.361217],[-0.677056,-0.380437,-0.62997],[0.258343,0.678674,-0.687503]],[[0.689096,-0.628226,-0.361217],[-0.696103,-0.712412,-0.0889366],[-0.201463,0.31273,-0.928231]]],4]],[[0,200,0],[235.247,235.247,147.751]]],[88008,4168687729,[[48,"right",[-0.181579,0.692719,-0.697976],[-0.420376,-0.696332,-0.581726],[-0.155285,157.96,11.0008],[14.1295,63.2001,15.3887],[6.00103,151.947,19.0947],0.639598,1,0.577131,[[0.682837,-0.0949441,-0.724375],[0.257627,0.959117,0.117142],[0.683639,-0.266607,0.679381]],63.72,[202.825,50.1456,231.454],[18.2426,122.129,48.021]]],[[480,[-0.55267,0.458746,-0.695779],48,52.1164,[-56.9384,156.257,-13.6615],[-56.5067,156.889,-14.6772],[14.1644,6.52378,-66.4119],false,[-11.0196,117.592,56.0329],[-11.0196,117.592,56.0329],[-42.457,142.419,26.2493],[-61.3006,158.06,2.52629],[-55.2818,156.969,-20.0638],[[[0.698293,0.682427,0.216056],[-0.456596,0.192192,0.868667],[0.551277,-0.705234,0.4458]],[[0.551779,0.827093,0.107037],[-0.546727,0.261813,0.795326],[0.629785,-0.497365,0.596657]],[[0.551779,0.827093,0.107037],[-0.624576,0.32476,0.710236],[0.55267,-0.458746,0.695779]],[[0.551779,0.827093,0.107037],[-0.793348,0.560126,-0.238448],[-0.257173,0.0466531,0.965239]]],0],[481,[0.261837,-0.852828,0.451804],48,58.8075,[-35.7401,134.899,13.4253],[-32.3706,129.634,-0.347125],[80.0796,-3.46615,-78.6445],false,[2.4272,137.105,56.5706],[-26.0437,181.484,5.26305],[-46.0089,155.292,-22.3256],[-39.6802,134.678,-11.4053],[-30.9007,128.826,2.03306],[[[0.845887,-0.0688081,-0.528904],[0.36703,0.794605,0.483624],[0.386993,-0.603215,0.697401]],[[0.827946,-0.0420654,-0.559227],[-0.313921,0.791552,-0.524307],[0.464713,0.609652,0.642158]],[[0.827946,-0.0420654,-0.559227],[-0.49593,-0.520496,-0.695081],[-0.261837,0.852828,-0.451804]],[[0.827946,-0.0420654,-0.559227],[-0.224637,-0.938565,-0.26198],[-0.513851,0.342529,-0.786531]]],1],[482,[0.0731207,-0.834123,0.546711],48,67.0064,[-32.018,125.171,11.4307],[-24.5128,122.063,-2.62254],[109.301,12.9717,-68.8453],false,[13.1276,137.975,50.5405],[-5.57668,178.929,-2.75599],[-33.1132,151.434,-31.1993],[-31.0339,127.714,-15.6528],[-23.1151,121.117,0.0604942],[[[0.815348,-0.284118,-0.504465],[0.513161,0.758096,0.402438],[0.268093,-0.586999,0.76391]],[[0.809124,-0.270869,-0.521486],[-0.137634,0.77539,-0.616301],[0.571292,0.570439,0.590106]],[[0.809124,-0.270869,-0.521486],[-0.583071,-0.480488,-0.655103],[-0.0731207,0.834123,-0.546711]],[[0.809124,-0.270869,-0.521486],[-0.409566,-0.896318,-0.169909],[-0.421394,0.35106,-0.836172]]],2],[483,[-0.104472,-0.785136,0.610448],48,64.4285,[-21.3022,117.294,8.85734],[-10.0362,119.102,-3.34006],[114.423,51.0456,-63.6611],false,[23.3372,135.666,44.1092],[15.0235,170.356,-7.38098],[-11.4037,146.253,-34.1556],[-14.2977,124.503,-17.245],[-9.03823,118.25,-0.442372],[[[0.804893,-0.423738,-0.415443],[0.578387,0.716761,0.389515],[0.132722,-0.553805,0.822001]],[[0.805601,-0.426735,-0.41098],[0.0340087,0.72585,-0.687012],[0.591481,0.539481,0.599258]],[[0.805601,-0.426735,-0.41098],[-0.583174,-0.448842,-0.677088],[0.104472,0.785136,-0.610448]],[[0.805601,-0.426735,-0.41098],[-0.521311,-0.84017,-0.149496],[-0.281498,0.334682,-0.899304]]],3],[484,[-0.258343,-0.691522,0.674579],48,50.5107,[-5.38998,118.289,1.11129],[4.96798,123.234,-6.05278],[123.767,91.1938,-25.9053],false,[31.1845,126.609,36.431],[31.8649,158.071,-12.2719],[7.68557,141.613,-32.1402],[2.63269,128.087,-18.9462],[5.93524,122.607,-2.94104],[[[0.70814,-0.597552,-0.376123],[0.705975,0.590367,0.391238],[-0.011734,-0.542585,0.839919]],[[0.707631,-0.610829,-0.35517],[0.177904,0.640489,-0.747077],[0.683819,0.465469,0.561899]],[[0.707631,-0.610829,-0.35517],[-0.65766,-0.385597,-0.647146],[0.258343,0.691522,-0.674579]],[[0.707631,-0.610829,-0.35517],[-0.680109,-0.725119,-0.107955],[-0.191599,0.317947,-0.928547]]],4]],[[0,200,0],[235.247,235.247,147.751]]],[88009,4168696373,[[48,"right",[-0.184102,0.697855,-0.692174],[-0.399818,-0.696487,-0.595862],[0.072303,158.964,11.4796],[17.3662,77.2623,26.002],[5.85875,152.116,18.912],0.629137,1,0.584551,[[0.692577,-0.0698718,-0.717952],[0.242186,0.960048,0.140194],[0.679473,-0.270973,0.681829]],63.72,[202.043,49.8526,232.421],[18.5856,123.015,48.3268]]],[[480,[-0.553002,0.46141,-0.69375],48,52.1164,[-56.8636,156.511,-13.8506],[-56.141,157.594,-14.8875],[18.2682,30.3172,-52.7622],false,[-10.7003,117.867,55.8698],[-10.7003,117.867,55.8698],[-42.16,142.654,26.0757],[-61.0149,158.386,2.42187],[-55.0345,157.951,-20.2006],[[[0.683002,0.691913,0.234017],[-0.471984,0.173567,0.864353],[0.557439,-0.700807,0.445118]],[[0.53751,0.833779,0.126083],[-0.560259,0.241359,0.792374],[0.630233,-0.496547,0.596865]],[[0.53751,0.833779,0.126083],[-0.63661,0.303173,0.709094],[0.553002,-0.46141,0.69375]],[[0.53751,0.833779,0.126083],[-0.803608,0.551787,-0.223036],[-0.255533,0.0185627,0.966622]]],0],[481,[0.269739,-0.854305,0.444301],48,58.8075,[-35.7241,134.881,13.3602],[-31.5278,130.263,-0.731056],[84.8783,16.3915,-69.4353],false,[2.38954,137.606,56.8297],[-26.1469,182.098,5.65702],[-45.2817,155.959,-22.563],[-38.762,135.31,-11.8241],[-30.073,129.439,1.66495],[[[0.854257,-0.0475015,-0.517676],[0.346108,0.794993,0.498193],[0.387884,-0.604757,0.695569]],[[0.836349,-0.0208268,-0.547801],[-0.319613,0.793341,-0.518128],[0.445384,0.608421,0.656854]],[[0.836349,-0.0208268,-0.547801],[-0.477242,-0.519355,-0.70888],[-0.269739,0.854305,-0.444301]],[[0.836349,-0.0208268,-0.547801],[-0.204671,-0.938882,-0.276784],[-0.508556,0.343607,-0.789496]]],1],[482,[0.080417,-0.839306,0.537679],48,67.0064,[-31.9348,125.153,11.2746],[-23.458,122.831,-2.93449],[113.046,33.0481,-59.7033],false,[13.1558,138.737,50.9623],[-5.52812,180.001,-2.10175],[-32.1771,152.383,-31.2631],[-29.8903,128.516,-15.9734],[-22.0712,121.873,-0.229783],[[[0.827204,-0.263596,-0.496236],[0.49398,0.762047,0.418651],[0.2678,-0.591441,0.760579]],[[0.820944,-0.250168,-0.513291],[-0.14275,0.78046,-0.608692],[0.552878,0.572974,0.605002]],[[0.820944,-0.250168,-0.513291],[-0.565318,-0.482681,-0.668905],[-0.080417,0.839306,-0.537679]],[[0.820944,-0.250168,-0.513291],[-0.391055,-0.901347,-0.186143],[-0.416086,0.353538,-0.837785]]],2],[483,[-0.10321,-0.797243,0.59477],48,64.4285,[-21.0713,117.361,8.59598],[-9.02468,120.218,-3.76404],[114.131,70.9633,-60.7154],false,[23.4932,136.686,44.6489],[15.2833,171.848,-6.53683],[-10.3244,147.821,-34.1631],[-13.1835,125.736,-17.6868],[-8.0989,119.297,-0.90042],[[[0.817989,-0.404449,-0.40904],[0.560103,0.722024,0.40616],[0.131066,-0.561339,0.817141]],[[0.818726,-0.407655,-0.404357],[0.0346116,0.737988,-0.673926],[0.57314,0.537765,0.618319]],[[0.818726,-0.407655,-0.404357],[-0.564832,-0.44522,-0.694798],[0.10321,0.797243,-0.59477]],[[0.818726,-0.407655,-0.404357],[-0.505597,-0.845613,-0.171204],[-0.272138,0.344611,-0.898434]]],3],[484,[-0.2581,-0.705383,0.660166],48,50.5107,[-4.55156,118.793,0.55056],[6.04177,124.638,-6.06167],[122.925,109.983,-19.9464],false,[31.6061,127.863,36.9751],[32.4064,159.921,-11.3351],[8.8359,143.399,-31.871],[3.78777,129.603,-18.9589],[6.94401,123.973,-2.97592],[[[0.723796,-0.580402,-0.373165],[0.689876,0.597879,0.408181],[-0.0138016,-0.552877,0.833148]],[[0.72322,-0.594134,-0.352076],[0.180546,0.654724,-0.733988],[0.666601,0.467269,0.580778]],[[0.72322,-0.594134,-0.352076],[-0.640576,-0.386574,-0.663493],[0.2581,0.705383,-0.660166]],[[0.72322,-0.594134,-0.352076],[-0.665901,-0.735082,-0.127402],[-0.183111,0.326588,-0.92726]]],4]],[[0,200,0],[235.247,235.247,147.751]]],[88010,4168705364,[[48,"right",[-0.183755,0.705223,-0.684759],[-0.390581,-0.691651,-0.607508],[0.292399,159.742,12.0116],[19.3178,79.7946,35.0997],[5.70586,152.325,18.7224],0.615886,1,0.587831,[[0.69701,-0.0563167,-0.714847],[0.233884,0.960246,0.152398],[0.677846,-0.273414,0.682473]],63.72,[201.797,49.6379,232.812],[18.7785,123.46,48.5445]]],[[480,[-0.553704,0.47014,-0.687299],48,52.1164,[-56.7884,157.001,-13.9986],[-56.0411,158.721,-14.6538],[12.4441,59.9406,-28.9417],false,[-10.5264,118.019,55.8023],[-10.5264,118.019,55.8023],[-41.9512,143.1,26.219],[-60.83,159.13,2.7851],[-55.1243,159.344,-19.9113],[[[0.676469,0.693541,0.247771],[-0.479572,0.159496,0.862886],[0.558928,-0.70254,0.440497]],[[0.53256,0.834439,0.141747],[-0.565746,0.226384,0.792895],[0.629533,-0.502457,0.592643]],[[0.53256,0.834439,0.141747],[-0.64015,0.287543,0.71241],[0.553704,-0.47014,0.687299]],[[0.53256,0.834439,0.141747],[-0.81052,0.551025,-0.198566],[-0.243797,-0.00914008,0.969783]]],0],[481,[0.272035,-0.858146,0.43541],48,58.8075,[-35.6985,134.86,13.2686],[-31.0429,131.01,-0.825559],[76.6984,34.6603,-52.8393],false,[2.41976,137.832,57.1073],[-26.0414,182.768,6.28185],[-44.7946,156.881,-22.4224],[-38.2194,136.139,-11.8983],[-29.5921,130.16,1.58271],[[[0.858384,-0.0352007,-0.511799],[0.336921,0.791007,0.510677],[0.38686,-0.610793,0.690848]],[[0.840573,-0.0083524,-0.541634],[-0.320785,0.798032,-0.510139],[0.436502,0.602557,0.668125]],[[0.840573,-0.0083524,-0.541634],[-0.468438,-0.513338,-0.719062],[-0.272035,0.858146,-0.43541]],[[0.840573,-0.0083524,-0.541634],[-0.196134,-0.936732,-0.289938],[-0.504945,0.349947,-0.78903]]],1],[482,[0.0823467,-0.845429,0.527702],48,67.0064,[-31.8097,125.14,11.0543],[-22.886,123.652,-3.05098],[99.856,49.1574,-46.3301],false,[13.2212,139.11,51.3355],[-5.35165,180.909,-1.34745],[-31.5961,153.49,-31.0577],[-29.2545,129.449,-16.0517],[-21.5025,122.666,-0.334342],[[[0.83266,-0.251726,-0.493266],[0.485603,0.760067,0.431843],[0.266209,-0.59911,0.755116]],[[0.82639,-0.238035,-0.510312],[-0.143571,0.787237,-0.599704],[0.544487,0.568856,0.61639]],[[0.82639,-0.238035,-0.510312],[-0.557044,-0.478111,-0.679053],[-0.0823467,0.845429,-0.527702]],[[0.82639,-0.238035,-0.510312],[-0.383287,-0.901695,-0.200093],[-0.412516,0.360951,-0.836388]]],2],[483,[-0.104302,-0.806863,0.581458],48,64.4285,[-20.7542,117.473,8.24779],[-8.48587,121.193,-3.96049],[99.0088,80.7666,-49.811],false,[23.6192,137.209,45.0747],[15.5477,172.954,-5.72767],[-9.68108,149.212,-33.943],[-12.5704,126.861,-17.8355],[-7.59297,120.207,-1.10084],[[[0.823767,-0.393722,-0.407909],[0.55209,0.720654,0.419349],[0.128855,-0.570649,0.811022]],[[0.824514,-0.397084,-0.403115],[0.0365543,0.748307,-0.662345],[0.56466,0.531377,0.631504]],[[0.824514,-0.397084,-0.403115],[-0.556146,-0.437374,-0.706686],[0.104302,0.806863,-0.581458]],[[0.824514,-0.397084,-0.403115],[-0.499206,-0.845881,-0.187828],[-0.266403,0.356104,-0.895667]]],3],[484,[-0.260331,-0.716603,0.647076],48,50.5107,[-3.54254,119.468,-0.0904242],[6.62042,125.753,-6.04063],[106.138,113.537,-14.215],false,[31.8493,128.537,37.3524],[32.7876,161.205,-10.546],[9.511,144.876,-31.5665],[4.41923,130.861,-18.9105],[7.47625,125.033,-2.97937],[[[0.730523,-0.570747,-0.374945],[0.682696,0.597377,0.420793],[-0.0161826,-0.563372,0.826045]],[[0.729882,-0.584786,-0.353974],[0.184189,0.666922,-0.722003],[0.65829,0.461779,0.594486]],[[0.729882,-0.584786,-0.353974],[-0.63206,-0.380139,-0.675274],[0.260331,0.716603,-0.647076]],[[0.729882,-0.584786,-0.353974],[-0.660165,-0.737372,-0.143054],[-0.177354,0.338094,-0.92425]]],4]],[[0,200,0],[235.247,235.247,147.751]]],[88011,4168713827,[[48,"right",[-0.185485,0.714767,-0.674317],[-0.387111,-0.683883,-0.618424],[0.438722,160.413,12.4894],[18.7893,79.6731,40.6642],[5.56071,152.548,18.5507],0.593321,1,0.588705,[[0.700218,-0.0472012,-0.712367],[0.226845,0.960812,0.159313],[0.676931,-0.273151,0.683485]],63.72,[201.783,49.9037,233.039],[19.012,123.655,48.4979]]],[[480,[-0.560004,0.484153,-0.672303],48,52.1164,[-56.8492,157.84,-13.9747],[-56.4623,160.216,-13.9615],[-10.4626,95.6067,3.39298],false,[-10.2821,117.994,55.6307],[-10.2821,117.994,55.6307],[-41.8232,143.596,26.6224],[-60.9169,160.103,3.69986],[-55.9279,161.216,-19.1387],[[[0.673487,0.692276,0.259169],[-0.481366,0.144657,0.8645],[0.560983,-0.706985,0.430663]],[[0.531551,0.832408,0.156689],[-0.564093,0.20989,0.798589],[0.631864,-0.512878,0.581123]],[[0.531551,0.832408,0.156689],[-0.635492,0.269617,0.723503],[0.560004,-0.484153,0.672303]],[[0.531551,0.832408,0.156689],[-0.819763,0.552119,-0.152165],[-0.213174,-0.0475641,0.975856]]],0],[481,[0.274513,-0.863938,0.422201],48,58.8075,[-35.6646,134.841,13.1537],[-30.796,131.788,-0.866506],[64.563,49.5823,-39.915],false,[2.58693,137.835,57.2527],[-25.9744,183.424,7.06943],[-44.604,157.933,-22.067],[-37.9689,137.051,-11.8623],[-29.3358,130.898,1.53637],[[[0.859218,-0.0242388,-0.511035],[0.333209,0.784485,0.523025],[0.388222,-0.619674,0.68212]],[[0.841262,0.00311122,-0.540618],[-0.322871,0.804958,-0.497792],[0.433626,0.593323,0.678186]],[[0.841262,0.00311122,-0.540618],[-0.465747,-0.503589,-0.727652],[-0.274513,0.863938,-0.422201]],[[0.841262,0.00311122,-0.540618],[-0.192263,-0.93289,-0.304552],[-0.505285,0.360149,-0.784207]]],1],[482,[0.084997,-0.852995,0.514952],48,67.0064,[-31.6549,125.138,10.7897],[-22.5867,124.489,-3.17201],[83.3188,62.2958,-37.3232],false,[13.3914,139.24,51.5164],[-5.2672,181.758,-0.557246],[-31.3706,154.703,-30.7227],[-28.9536,130.447,-16.0794],[-21.1925,123.462,-0.455362],[[[0.834291,-0.241114,-0.495805],[0.482115,0.755298,0.443948],[0.267438,-0.609417,0.746383]],[[0.827937,-0.227073,-0.512794],[-0.145715,0.795861,-0.587684],[0.54156,0.561287,0.625835]],[[0.827937,-0.227073,-0.512794],[-0.554342,-0.469934,-0.686926],[-0.084997,0.852995,-0.514952]],[[0.827937,-0.227073,-0.512794],[-0.379406,-0.900147,-0.213976],[-0.413002,0.371716,-0.831418]]],2],[483,[-0.103453,-0.817017,0.567257],48,64.4285,[-20.3911,117.627,7.85082],[-8.21405,122.125,-4.20441],[81.4052,88.2168,-43.9114],false,[23.8052,137.472,45.2427],[15.6682,173.949,-5.02677],[-9.42746,150.62,-33.7013],[-12.2933,127.987,-17.9871],[-7.33012,121.073,-1.35416],[[[0.82582,-0.384414,-0.412611],[0.548769,0.71633,0.430957],[0.1299,-0.582321,0.802514]],[[0.826572,-0.387845,-0.407866],[0.0359477,0.759569,-0.649433],[0.561681,0.522142,0.641781]],[[0.826572,-0.387845,-0.407866],[-0.553241,-0.426684,-0.715447],[0.103453,0.817017,-0.567257]],[[0.826572,-0.387845,-0.407866],[-0.4962,-0.844179,-0.202848],[-0.265638,0.370051,-0.890224]]],3],[484,[-0.260103,-0.727979,0.634344],48,50.5107,[-2.53077,120.226,-0.727278],[6.9141,126.782,-6.15414],[86.9515,115.443,-13.996],false,[32.0788,128.95,37.4024],[32.9593,162.339,-9.99676],[9.79302,146.306,-31.3639],[4.70571,132.068,-18.95