{"metadata":{"formatVersion":2,"generatedBy":"LeapJS Playback 0.2.1","frames":99,"protocolVersion":6,"serviceVersion":"2.2.5+26752","frameRate":"1.1e+2","modified":"Thu Apr 16 2015 19:39:42 GMT-0300 (E. South America Standard Time)"},"frames":[["id","timestamp",{"hands":[["id","type","direction","palmNormal","palmPosition","palmVelocity","stabilizedPalmPosition","pinchStrength","grabStrength","confidence","armBasis","armWidth","elbow","wrist"]]},{"pointables":[["id","direction","handId","length","stabilizedTipPosition","tipPosition","tipVelocity","tool","carpPosition","mcpPosition","pipPosition","dipPosition","btipPosition","bases","type"]]},{"interactionBox":["center","size"]}],[88106,4169555306,[[48,"right",[-0.193916,0.72916,-0.656294],[-0.435935,-0.663361,-0.608205],[16.4877,168.003,15.0607],[64.5765,62.1776,3.41767],[9.37601,161.702,17.0012],0.612631,1,0.614889,[[0.70856,-0.0895992,-0.699939],[0.249561,0.959621,0.129794],[0.660046,-0.266645,0.70231]],63.72,[213.754,58.2182,239.348],[35.5415,130.212,49.7245]]],[[480,[-0.596487,0.535709,-0.597678],48,52.1164,[-50.3758,172.999,0.183924],[-43.98,173.033,-8.53096],[31.2434,146.295,31.6598],false,[6.44303,125.347,58.1306],[6.44303,125.347,58.1306],[-24.6902,152.688,30.2924],[-45.0277,170.953,9.91422],[-45.0211,175.199,-13.101],[[[0.705715,0.667943,0.23626],[-0.43665,0.147434,0.887469],[0.557946,-0.729463,0.395703]],[[0.574111,0.805159,0.148712],[-0.530476,0.227421,0.816624],[0.623692,-0.547721,0.557683]],[[0.574111,0.805159,0.148712],[-0.560893,0.254428,0.787823],[0.596487,-0.535709,0.597678]],[[0.574111,0.805159,0.148712],[-0.818778,0.564625,0.103931],[-0.000285403,-0.181431,0.983404]]],0],[481,[0.222576,-0.917498,0.329631],48,58.8075,[-30.8002,146.108,6.18046],[-19.5546,144.726,-2.06242],[67.3226,67.8732,-21.3965],false,[19.9802,144.764,59.3992],[-9.42125,191.876,11.1448],[-31.7852,172.024,-19.7018],[-26.4055,149.848,-11.7345],[-17.3984,142.862,0.993077],[[[0.833804,-0.0433462,-0.550357],[0.380866,0.766838,0.516624],[0.399641,-0.640375,0.655902]],[[0.813148,-0.0118118,-0.581937],[-0.260421,0.886759,-0.381889],[0.520548,0.462081,0.717991]],[[0.813148,-0.0118118,-0.581937],[-0.537819,-0.397564,-0.743433],[-0.222576,0.917498,-0.329631]],[[0.813148,-0.0118118,-0.581937],[-0.246729,-0.912521,-0.326236],[-0.527176,0.408859,-0.74493]]],1],[482,[0.0547258,-0.892349,0.448016],48,67.0064,[-18.6079,136.568,-0.349452],[-10.2091,136.958,-5.0461],[63.6479,69.117,-25.3597],false,[30.5495,145.918,53.1885],[10.8543,189.686,2.55195],[-18.2191,167.939,-29.1512],[-16.6629,142.564,-16.4113],[-8.25581,134.917,-1.44516],[[[0.802904,-0.259553,-0.536636],[0.525029,0.734225,0.430417],[0.282296,-0.627333,0.725784]],[[0.791288,-0.234899,-0.564523],[-0.100197,0.860967,-0.498695],[0.603178,0.451174,0.657737]],[[0.791288,-0.234899,-0.564523],[-0.60899,-0.385404,-0.69325],[-0.0547258,0.892349,-0.448016]],[[0.791288,-0.234899,-0.564523],[-0.416794,-0.882742,-0.216907],[-0.447377,0.406926,-0.796408]]],2],[483,[-0.132151,-0.853053,0.504814],48,64.4285,[0.430062,131.115,-3.75937],[5.14954,132.974,-6.21589],[52.3522,70.6209,-43.3237],false,[40.606,143.921,46.4203],[31.3121,181.307,-2.97266],[4.23962,162.531,-33.1522],[0.578776,138.9,-19.1678],[6.09027,131.13,-3.09484],[[[0.793816,-0.403646,-0.454891],[0.589782,0.693432,0.413894],[0.14837,-0.596843,0.788521]],[[0.792131,-0.397037,-0.463563],[0.0733778,0.815941,-0.573459],[0.605925,0.42024,0.675466]],[[0.792131,-0.397037,-0.463563],[-0.595874,-0.338619,-0.728198],[0.132151,0.853053,-0.504814]],[[0.792131,-0.397037,-0.463563],[-0.534334,-0.818178,-0.212302],[-0.294985,0.415869,-0.860254]]],3],[484,[-0.317029,-0.741298,0.591583],48,50.5107,[20.3185,136.618,-8.12646],[20.7747,137.045,-7.97873],[59.2606,75.2713,-24.5714],false,[48.2451,135.259,38.1038],[47.9906,169.247,-8.87547],[24.3069,156.637,-31.9051],[18.1062,142.139,-20.3345],[21.1364,135.651,-4.65531],[[[0.697218,-0.579001,-0.422664],[0.716845,0.566737,0.40613],[0.00438933,-0.586146,0.810193]],[[0.696687,-0.60526,-0.385082],[0.256889,0.711685,-0.653844],[0.669803,0.356601,0.651306]],[[0.696687,-0.60526,-0.385082],[-0.643522,-0.290066,-0.708337],[0.317029,0.741298,-0.591583]],[[0.696687,-0.60526,-0.385082],[-0.695502,-0.701426,-0.155817],[-0.175796,0.376381,-0.909633]]],4]],[[0,200,0],[235.247,235.247,147.751]]],[88107,4169563611,[[48,"right",[-0.187435,0.723486,-0.664406],[-0.450428,-0.664394,-0.596402],[16.8307,168.086,15.2277],[58.6092,48.8039,7.69582],[10.1291,162.347,16.822],0.607837,1,0.647155,[[0.699575,-0.108668,-0.706248],[0.265094,0.957305,0.115293],[0.663566,-0.267878,0.698514]],63.72,[214.715,58.1319,238.847],[35.5521,130.459,50.2487]]],[[480,[-0.588962,0.538259,-0.602827],48,52.1164,[-49.4817,173.354,-0.973806],[-43.7937,174.041,-7.83593],[32.5225,140.18,44.239],false,[6.4437,126.153,58.9215],[6.4437,126.153,58.9215],[-24.5134,153.777,31.1665],[-44.5945,172.129,10.6128],[-44.7597,176.169,-12.4389],[[[0.71756,0.659986,0.222547],[-0.42793,0.165658,0.8885],[0.549531,-0.732787,0.401298]],[[0.589351,0.796458,0.135353],[-0.517746,0.243747,0.820077],[0.620165,-0.553392,0.556015]],[[0.589351,0.796458,0.135353],[-0.552981,0.275559,0.786307],[0.588962,-0.538259,0.602827]],[[0.589351,0.796458,0.135353],[-0.807846,0.579534,0.107353],[0.00706025,-0.172613,0.984964]]],0],[481,[0.211371,-0.916594,0.339378],48,58.8075,[-29.5033,145.965,5.32403],[-19.6791,145.132,-1.34184],[46.1919,63.0091,6.17586],false,[20.2858,145.373,59.841],[-8.73664,192.303,11.1813],[-31.6345,172.394,-19.2336],[-26.5256,150.239,-11.0307],[-17.5254,143.272,1.71205],[[[0.829053,-0.0633445,-0.555571],[0.396294,0.767511,0.503863],[0.39449,-0.637898,0.661411]],[[0.808258,-0.0313217,-0.587994],[-0.250313,0.885586,-0.391255],[0.532974,0.463418,0.707942]],[[0.808258,-0.0313217,-0.587994],[-0.549582,-0.39859,-0.734225],[-0.211371,0.916594,-0.339378]],[[0.808258,-0.0313217,-0.587994],[-0.263119,-0.912553,-0.313073],[-0.52677,0.407757,-0.74582]]],1],[482,[0.0428222,-0.888165,0.457525],48,67.0064,[-17.2005,136.627,-1.02141],[-10.5217,137.178,-4.32932],[36.8264,58.4531,2.15993],false,[30.8266,146.284,53.5418],[11.4405,189.689,2.47598],[-18.1973,168.032,-28.7625],[-16.9796,142.776,-15.7521],[-8.6031,135.151,-0.75782],[[[0.794941,-0.278852,-0.538805],[0.539315,0.731561,0.417082],[0.277865,-0.622141,0.731937]],[[0.783468,-0.254314,-0.567011],[-0.089948,0.856411,-0.508399],[0.614888,0.449316,0.648096]],[[0.783468,-0.254314,-0.567011],[-0.619955,-0.382737,-0.684959],[-0.0428222,0.888165,-0.457525]],[[0.783468,-0.254314,-0.567011],[-0.432996,-0.877881,-0.204549],[-0.445749,0.405771,-0.797908]]],2],[483,[-0.143636,-0.845472,0.51434],48,64.4285,[1.26916,131.496,-4.27965],[4.73909,132.97,-5.62861],[25.8314,52.5276,-14.5662],false,[40.8022,144.044,46.73],[31.727,180.925,-3.08169],[4.16085,162.262,-32.8822],[0.181855,138.841,-18.634],[5.65776,131.148,-2.51175],[[[0.784233,-0.421715,-0.45512],[0.603315,0.689564,0.400641],[0.144878,-0.588776,0.795206]],[[0.78258,-0.415165,-0.463904],[0.0831332,0.808184,-0.583033],[0.616975,0.417704,0.666982]],[[0.78258,-0.415165,-0.463904],[-0.605754,-0.335879,-0.721282],[0.143636,0.845472,-0.51434]],[[0.78258,-0.415165,-0.463904],[-0.549248,-0.81124,-0.200541],[-0.29308,0.411738,-0.862888]]],3],[484,[-0.328691,-0.7282,0.601404],48,50.5107,[20.1908,136.754,-7.99117],[20.3957,136.805,-7.52342],[31.7113,48.952,-4.96594],false,[48.2475,135.158,38.4743],[48.1757,168.533,-8.94285],[24.1859,156.045,-31.7204],[17.7571,141.802,-19.9577],[20.7208,135.456,-4.20808],[[[0.685193,-0.595126,-0.419924],[0.728361,0.560833,0.393646],[0.00123858,-0.575579,0.817745]],[[0.68444,-0.622447,-0.379606],[0.266899,0.698448,-0.66403],[0.678459,0.353172,0.644176]],[[0.68444,-0.622447,-0.379606],[-0.650771,-0.286852,-0.703003],[0.328691,0.7282,-0.601404]],[[0.68444,-0.622447,-0.379606],[-0.708504,-0.690657,-0.144969],[-0.171942,0.368175,-0.913719]]],4]],[[0,200,0],[235.247,235.247,147.751]]],[88108,4169572581,[[48,"right",[-0.179287,0.710874,-0.680084],[-0.468265,-0.669618,-0.576489],[17.2755,168.258,15.2064],[56.1398,40.6811,4.93741],[10.915,162.997,16.6443],0.605922,1,0.652959,[[0.68592,-0.13462,-0.715116],[0.287251,0.95302,0.096118],[0.66858,-0.271347,0.692366]],63.72,[216.092,57.8601,237.908],[35.5752,131.124,50.9688]]],[[480,[-0.580896,0.535444,-0.613074],48,52.1164,[-48.4164,173.933,-2.14976],[-43.4208,175.008,-7.41653],[38.5375,131.424,43.4042],false,[6.46602,127.591,59.9821],[6.46602,127.591,59.9821],[-24.2109,155.249,31.9509],[-44.0169,173.505,11.0478],[-44.2974,177.018,-12.089],[[[0.732001,0.651083,0.200662],[-0.41693,0.195147,0.887743],[0.538835,-0.733491,0.414304]],[[0.606939,0.786804,0.112092],[-0.503936,0.27194,0.819816],[0.614552,-0.554065,0.561549]],[[0.606939,0.786804,0.112092],[-0.542388,0.306985,0.782033],[0.580896,-0.535444,0.613074]],[[0.606939,0.786804,0.112092],[-0.794658,0.598677,0.100522],[0.0119844,-0.150086,0.9886]]],0],[481,[0.197211,-0.912195,0.359177],48,58.8075,[-28.2538,145.886,4.59609],[-19.8002,145.603,-0.501952],[29.8254,60.0432,30.1725],false,[20.6819,146.557,60.3241],[-7.85658,192.862,10.7881],[-31.4007,172.659,-18.9319],[-26.6341,150.611,-10.2504],[-17.6512,143.769,2.57189],[[[0.822822,-0.0926918,-0.560688],[0.415317,0.771522,0.48194],[0.387912,-0.629414,0.673322]],[[0.802035,-0.0605699,-0.594198],[-0.237521,0.880452,-0.41035],[0.548018,0.47025,0.691767]],[[0.802035,-0.0605699,-0.594198],[-0.56378,-0.405255,-0.719667],[-0.197211,0.912195,-0.359177]],[[0.802035,-0.0605699,-0.594198],[-0.283408,-0.914311,-0.289336],[-0.525756,0.400458,-0.750476]]],1],[482,[0.0283537,-0.878544,0.476819],48,67.0064,[-16.0577,136.721,-1.43964],[-10.8721,137.406,-3.418],[15.238,49.7272,28.4865],false,[31.1831,147.112,53.9182],[12.1902,189.65,1.98252],[-18.1338,167.875,-28.5065],[-17.3275,142.893,-14.9475],[-8.98867,135.426,0.147099],[[[0.784727,-0.307034,-0.538454],[0.556861,0.730738,0.394876],[0.272228,-0.609715,0.744406]],[[0.773451,-0.282893,-0.567226],[-0.0773061,0.8461,-0.527388],[0.629124,0.451759,0.632547]],[[0.773451,-0.282893,-0.567226],[-0.633222,-0.384879,-0.67149],[-0.0283537,0.878544,-0.476819]],[[0.773451,-0.282893,-0.567226],[-0.452618,-0.872976,-0.181796],[-0.443746,0.397347,-0.803246]]],2],[483,[-0.152921,-0.828607,0.538541],48,64.4285,[1.83395,131.74,-4.43777],[4.34247,132.801,-4.59378],[7.77778,31.1988,24.9806],false,[41.0542,144.516,47.0806],[32.2557,180.363,-3.52912],[4.05608,161.336,-32.4947],[-0.180134,138.382,-17.5761],[5.29869,130.99,-1.31488],[[[0.772009,-0.447619,-0.451265],[0.619898,0.687126,0.378926],[0.140461,-0.572272,0.807945]],[[0.770408,-0.441263,-0.460173],[0.0900983,0.789891,-0.606592],[0.631153,0.425863,0.648296]],[[0.770408,-0.441263,-0.460173],[-0.61894,-0.344526,-0.705843],[0.152921,0.828607,-0.538541]],[[0.770408,-0.441263,-0.460173],[-0.566113,-0.805446,-0.175423],[-0.293236,0.395657,-0.870326]]],3],[484,[-0.34085,-0.706691,0.620008],48,50.5107,[19.9376,136.653,-7.64918],[19.9758,136.405,-6.88118],[9.82979,23.5015,15.5716],false,[48.2555,135.292,38.9803],[48.4119,167.518,-9.22514],[24.0275,154.989,-31.5568],[17.3609,141.167,-19.4302],[20.2776,135.133,-3.54969],[[[0.669968,-0.618184,-0.411086],[0.742385,0.555863,0.374006],[-0.00269698,-0.555756,0.831341]],[[0.668961,-0.645691,-0.368203],[0.277334,0.676414,-0.682312],[0.689621,0.354325,0.631567]],[[0.668961,-0.645691,-0.368203],[-0.66054,-0.289259,-0.692832],[0.34085,0.706691,-0.620008]],[[0.668961,-0.645691,-0.368203],[-0.723779,-0.678631,-0.124915],[-0.169217,0.350061,-0.921316]]],4]],[[0,200,0],[235.247,235.247,147.751]]],[88109,4169581010,[[48,"right",[-0.172001,0.701025,-0.692083],[-0.490428,-0.670237,-0.557012],[17.6099,168.346,15.1639],[51.8644,32.844,2.34862],[11.6116,163.554,16.4903],0.601376,1,0.649543,[[0.672512,-0.16314,-0.721882],[0.310616,0.947553,0.0752332],[0.671748,-0.274823,0.687915]],63.72,[216.901,57.3272,237.18],[35.5291,131.529,51.4432]]],[[480,[-0.573734,0.537555,-0.617951],48,52.1164,[-47.4204,174.726,-3.01389],[-43.2156,176.29,-6.69085],[38.3179,137.494,54.0822],false,[6.46545,128.837,60.8834],[6.46545,128.837,60.8834],[-23.9595,156.79,32.8707],[-43.5213,175.118,11.8013],[-44.0329,178.231,-11.3888],[[[0.748873,0.638243,0.178425],[-0.401115,0.22221,0.888667],[0.527538,-0.737068,0.422416]],[[0.627648,0.773284,0.0899415],[-0.484316,0.297403,0.822793],[0.609504,-0.559985,0.561179]],[[0.627648,0.773284,0.0899415],[-0.5262,0.336254,0.781055],[0.573734,-0.537555,0.617951]],[[0.627648,0.773284,0.0899415],[-0.77819,0.619956,0.100373],[0.021857,-0.13299,0.990876]]],0],[481,[0.181984,-0.909002,0.374963],48,58.8075,[-27.3386,145.891,4.14027],[-20.1451,146.199,0.385445],[11.4949,62.6519,49.8355],false,[21.105,147.479,60.6666],[-7.02005,193.42,10.5576],[-31.3877,173.134,-18.4334],[-26.9891,151.163,-9.37043],[-17.9914,144.371,3.46829],[[[0.813332,-0.122448,-0.568769],[0.438571,0.771403,0.461078],[0.382292,-0.624454,0.681109]],[[0.792554,-0.0901109,-0.603107],[-0.223961,0.87689,-0.425329],[0.567185,0.472169,0.674802]],[[0.792554,-0.0901109,-0.603107],[-0.582014,-0.406934,-0.704034],[-0.181984,0.909002,-0.374963]],[[0.792554,-0.0901109,-0.603107],[-0.307455,-0.913162,-0.267595],[-0.526621,0.397512,-0.751435]]],1],[482,[0.0136252,-0.870004,0.492857],48,67.0064,[-15.3846,136.837,-1.59015],[-11.4878,137.756,-2.51996],[-8.36475,47.8735,48.0668],false,[31.5334,147.668,54.1222],[12.8361,189.58,1.57317],[-18.3572,167.928,-28.1157],[-17.9698,143.188,-14.1007],[-9.62509,135.804,1.03146],[[[0.770741,-0.335388,-0.541732],[0.578047,0.7257,0.373124],[0.267993,-0.600729,0.753196]],[[0.759615,-0.311524,-0.57091],[-0.0645793,0.837352,-0.542836],[0.647159,0.449215,0.615947]],[[0.759615,-0.311524,-0.57091],[-0.65023,-0.38216,-0.656623],[-0.0136252,0.870004,-0.492857]],[[0.759615,-0.311524,-0.57091],[-0.475183,-0.86519,-0.160146],[-0.444056,0.392936,-0.805242]]],2],[483,[-0.164553,-0.814063,0.556977],48,64.4285,[2.05905,131.882,-4.40262],[3.62774,132.793,-3.76057],[-16.3778,22.7303,44.6537],false,[41.2562,144.714,47.2176],[32.6171,179.734,-3.99554],[3.63077,160.768,-32.2152],[-0.927667,138.216,-16.7858],[4.58876,131.024,-0.448066],[[[0.755994,-0.47388,-0.451565],[0.639884,0.680363,0.357287],[0.137917,-0.559056,0.817579]],[[0.754416,-0.467644,-0.460613],[0.0998389,0.775317,-0.623631],[0.648759,0.42449,0.631601]],[[0.754416,-0.467644,-0.460613],[-0.635436,-0.344397,-0.691095],[0.164553,0.814063,-0.556977]],[[0.754416,-0.467644,-0.460613],[-0.586246,-0.795677,-0.152361],[-0.295248,0.384976,-0.874426]]],3],[484,[-0.348605,-0.685505,0.639185],48,50.5107,[19.6272,136.482,-7.31649],[19.288,135.991,-6.27789],[-13.8147,4.18772,31.2843],false,[48.1456,135.17,39.2179],[48.4081,166.415,-9.62846],[23.4547,153.946,-31.3572],[16.6364,140.539,-18.8555],[19.6048,134.764,-2.88848],[[[0.650686,-0.641258,-0.406689],[0.759333,0.546293,0.353521],[-0.00452647,-0.538843,0.842394]],[[0.649577,-0.668323,-0.362482],[0.282876,0.654983,-0.700699],[0.705713,0.352621,0.614514]],[[0.649577,-0.668323,-0.362482],[-0.675665,-0.288837,-0.67827],[0.348605,0.685505,-0.639185]],[[0.649577,-0.668323,-0.362482],[-0.740534,-0.664151,-0.102533],[-0.172217,0.335034,-0.926333]]],4]],[[0,200,0],[235.247,235.247,147.751]]],[88110,4169590011,[[48,"right",[-0.167006,0.692956,-0.701371],[-0.508729,-0.669918,-0.540745],[17.8304,168.342,15.1852],[44.3467,23.6884,2.35089],[12.2945,164.079,16.347],0.600124,1,0.604988,[[0.66106,-0.186327,-0.72683],[0.329163,0.942505,0.0577605],[0.674279,-0.277429,0.684384]],63.72,[217.54,56.8792,236.639],[35.4843,131.785,51.8552]]],[[480,[-0.567614,0.539047,-0.622288],48,52.1164,[-46.4216,175.699,-3.63442],[-43.0174,177.26,-6.00947],[38.0595,128.798,59.2002],false,[6.4844,129.776,61.6545],[6.4844,129.776,61.6545],[-23.7524,158,33.7099],[-43.1055,176.379,12.4926],[-43.7201,179.091,-10.7452],[[[0.762287,0.627172,0.159921],[-0.387021,0.243638,0.889301],[0.518781,-0.739794,0.428451]],[[0.644322,0.761375,0.0718159],[-0.466835,0.3172,0.825499],[0.605734,-0.565414,0.559816]],[[0.644322,0.761375,0.0718159],[-0.512507,0.36019,0.779487],[0.567614,-0.539047,0.622288]],[[0.644322,0.761375,0.0718159],[-0.764303,0.637872,0.0946575],[0.0262604,-0.115879,0.992916]]],0],[481,[0.170122,-0.906099,0.387355],48,58.8075,[-26.6236,145.94,3.85016],[-20.4726,146.632,1.18762],[-1.65986,58.5231,60.7117],false,[21.4565,148.141,60.9773],[-6.3907,193.786,10.4448],[-31.4469,173.466,-17.929],[-27.3349,151.565,-8.56652],[-18.3137,144.808,4.27369],[[[0.804543,-0.146368,-0.575575],[0.457643,0.770478,0.443764],[0.378515,-0.620435,0.686867]],[[0.783742,-0.113863,-0.61056],[-0.213572,0.873695,-0.437086],[0.583211,0.472961,0.660433]],[[0.783742,-0.113863,-0.61056],[-0.597333,-0.407456,-0.690777],[-0.170122,0.906099,-0.387355]],[[0.783742,-0.113863,-0.61056],[-0.327055,-0.911375,-0.24986],[-0.528,0.395513,-0.751523]]],1],[482,[0.00227398,-0.862831,0.505488],48,67.0064,[-14.9568,136.957,-1.60017],[-12.0456,137.997,-1.71735],[-23.6703,42.3094,58.7345],false,[31.8126,148.035,54.3171],[13.2904,189.44,1.30689],[-18.625,167.926,-27.7073],[-18.5604,143.39,-13.3331],[-10.198,136.066,1.81817],[[[0.758401,-0.358034,-0.544646],[0.595271,0.720832,0.35504],[0.265482,-0.593475,0.759807]],[[0.74736,-0.334389,-0.574141],[-0.05498,0.830035,-0.554994],[0.662141,0.446347,0.60195]],[[0.74736,-0.334389,-0.574141],[-0.664416,-0.379087,-0.644085],[-0.00227398,0.862831,-0.505488]],[[0.74736,-0.334389,-0.574141],[-0.493387,-0.858058,-0.142495],[-0.444997,0.389769,-0.806262]]],2],[483,[-0.173179,-0.802057,0.571589],48,64.4285,[2.13622,131.976,-4.28341],[2.98432,132.748,-3.02085],[-31.6591,15.0282,55.2612],false,[41.402,144.794,47.3552],[32.8257,179.146,-4.31823],[3.18465,160.268,-31.9098],[-1.61275,138.049,-16.0756],[3.95144,131.011,0.313315],[[[0.742156,-0.494781,-0.452102],[0.656094,0.674124,0.339261],[0.136914,-0.548406,0.824928]],[[0.740583,-0.488634,-0.461274],[0.106855,0.763357,-0.637077],[0.663414,0.422519,0.617543]],[[0.740583,-0.488634,-0.461274],[-0.649266,-0.343426,-0.678611],[0.173179,0.802057,-0.571589]],[[0.740583,-0.488634,-0.461274],[-0.60237,-0.786982,-0.133452],[-0.297805,0.37669,-0.877164]]],3],[484,[-0.354155,-0.668457,0.654018],48,50.5107,[19.2851,136.286,-6.98276],[18.6622,135.622,-5.74853],[-29.1007,-8.31292,39.2456],false,[48.0269,134.999,39.4356],[48.3083,165.452,-9.90796],[22.8901,153.086,-31.1509],[15.9632,140.012,-18.3591],[18.9937,134.438,-2.33216],[[[0.634338,-0.659465,-0.403387],[0.77304,0.537844,0.336351],[-0.00485226,-0.525194,0.850968]],[[0.633215,-0.686046,-0.358302],[0.286849,0.637988,-0.714625],[0.718858,0.349733,0.600775]],[[0.633215,-0.686046,-0.358302],[-0.688196,-0.28724,-0.666243],[0.354155,0.668457,-0.654018]],[[0.633215,-0.686046,-0.358302],[-0.753743,-0.651763,-0.084125],[-0.175814,0.323336,-0.929808]]],4]],[[0,200,0],[235.247,235.247,147.751]]],[88111,4169598292,[[48,"right",[-0.162263,0.683568,-0.711622],[-0.53014,-0.668646,-0.521405],[17.9354,168.21,15.2716],[36.2491,13.5543,4.41926],[12.8558,164.491,16.24],0.601815,1,0.6085,[[0.647421,-0.213088,-0.731737],[0.350236,0.935917,0.0373326],[0.67689,-0.28045,0.680564]],63.72,[218.092,56.2334,236.114],[35.3317,131.955,52.3622]]],[[480,[-0.5609,0.539531,-0.627931],48,52.1164,[-45.609,176.626,-3.90211],[-42.8628,178.16,-5.21507],[38.3785,122.046,66.3691],false,[6.43594,130.737,62.5902],[6.43594,130.737,62.5902],[-23.5724,159.222,34.6635],[-42.6966,177.618,13.2538],[-43.4196,179.822,-10.0345],[[[0.7774,0.613678,0.138016],[-0.36937,0.267782,0.889865],[0.509132,-0.74276,0.434848]],[[0.662627,0.747267,0.0501755],[-0.446694,0.340546,0.827341],[0.601157,-0.570631,0.559455]],[[0.662627,0.747267,0.0501755],[-0.496304,0.387941,0.77665],[0.5609,-0.539531,0.627931]],[[0.662627,0.747267,0.0501755],[-0.748312,0.657812,0.0855069],[0.0308905,-0.0942061,0.995073]]],0],[481,[0.156938,-0.902325,0.401472],48,58.8075,[-26.1695,146.005,3.73063],[-20.9944,147.038,2.20855],[-17.3748,55.9533,76.874],false,[21.778,148.766,61.3729],[-5.81206,194.071,10.3953],[-31.68,173.749,-17.2382],[-27.8868,151.939,-7.53443],[-18.8276,145.218,5.29801],[[[0.79318,-0.173728,-0.583681],[0.479818,0.768499,0.423301],[0.375019,-0.615815,0.692916]],[[0.77241,-0.141175,-0.619236],[-0.202114,0.869662,-0.450376],[0.602108,0.473031,0.643202]],[[0.77241,-0.141175,-0.619236],[-0.61543,-0.407282,-0.674809],[-0.156938,0.902325,-0.401472]],[[0.77241,-0.141175,-0.619236],[-0.349637,-0.908465,-0.229009],[-0.530224,0.393396,-0.751067]]],1],[482,[-0.00962112,-0.853973,0.520228],48,67.0064,[-14.7514,137.057,-1.50473],[-12.8289,138.191,-0.690872],[-42.318,37.7187,74.9764],false,[32.0354,148.321,54.5755],[13.6442,189.146,1.07188],[-19.1191,167.819,-27.1238],[-19.3927,143.535,-12.3304],[-10.9881,136.285,2.83335],[[[0.743057,-0.383777,-0.548253],[0.615124,0.714358,0.333639],[0.263606,-0.585156,0.76688]],[[0.732083,-0.3604,-0.578071],[-0.0449555,0.821178,-0.568899],[0.679731,0.442469,0.584968]],[[0.732083,-0.3604,-0.578071],[-0.681148,-0.375288,-0.628647],[0.00962112,0.853973,-0.520228]],[[0.732083,-0.3604,-0.578071],[-0.513839,-0.849274,-0.121255],[-0.447241,0.385804,-0.806927]]],2],[483,[-0.181942,-0.787824,0.588413],48,64.4285,[2.10082,132.026,-4.11105],[2.08972,132.611,-2.08071],[-51.3779,6.89665,70.4952],false,[41.4567,144.752,47.5445],[32.8794,178.34,-4.62866],[2.46618,159.598,-31.4621],[-2.57398,137.774,-15.1619],[3.06885,130.913,1.27533],[[[0.725251,-0.518457,-0.453005],[0.67473,0.666096,0.317893],[0.136931,-0.536208,0.832905]],[[0.723672,-0.512417,-0.462308],[0.113815,0.74931,-0.652366],[0.680695,0.419481,0.600575]],[[0.723672,-0.512417,-0.462308],[-0.66573,-0.341704,-0.663356],[0.181942,0.787824,-0.588413]],[[0.723672,-0.512417,-0.462308],[-0.620554,-0.776272,-0.11097],[-0.302014,0.367193,-0.879748]]],3],[484,[-0.359221,-0.648776,0.670857],48,50.5107,[18.8932,136.06,-6.63806],[17.7773,135.108,-5.07218],[-49.0041,-22.0511,50.3231],false,[47.764,134.678,39.7164],[47.9924,164.223,-10.1764],[22.0282,152.013,-30.8413],[15.0022,139.324,-17.7201],[18.1308,133.977,-1.6351],[[[0.614704,-0.679916,-0.399817],[0.788748,0.527341,0.315892],[-0.00394014,-0.509535,0.860441]],[[0.613644,-0.705792,-0.353975],[0.290249,0.618555,-0.730168],[0.7343,0.345323,0.584428]],[[0.613644,-0.705792,-0.353975],[-0.703136,-0.284513,-0.651653],[0.359221,0.648776,-0.670857]],[[0.613644,-0.705792,-0.353975],[-0.768438,-0.636889,-0.0622538],[-0.181505,0.310209,-0.933181]]],4]],[[0,200,0],[235.247,235.247,147.751]]],[88112,4169607569,[[48,"right",[-0.157734,0.671603,-0.723926],[-0.559194,-0.664981,-0.495077],[17.964,168.045,15.4451],[26.9054,4.73889,8.44403],[13.391,164.863,16.1567],0.609123,1,0.613211,[[0.628091,-0.248433,-0.737417],[0.377274,0.926055,0.00935681],[0.680563,-0.284085,0.675373]],63.72,[218.854,55.4581,235.364],[35.1015,132.161,53.0135]]],[[480,[-0.55226,0.539333,-0.635712],48,52.1164,[-44.7935,177.704,-3.82999],[-42.6538,179.322,-4.06037],[41.5529,119.07,78.8017],false,[6.3994,131.995,63.8406],[6.3994,131.995,63.8406],[-23.3334,160.848,35.9973],[-42.1631,179.237,14.3223],[-42.9808,180.682,-9.02231],[[[0.796888,0.594356,0.108219],[-0.343378,0.298232,0.890589],[0.497052,-0.74686,0.441746]],[[0.68606,0.727242,0.0209876],[-0.417776,0.370173,0.82972],[0.595638,-0.578006,0.557785]],[[0.68606,0.727242,0.0209876],[-0.473636,0.424546,0.771641],[0.55226,-0.539333,0.635712]],[[0.68606,0.727242,0.0209876],[-0.726706,0.683598,0.0677716],[0.0349393,-0.0617472,0.99748]]],0],[481,[0.139825,-0.897177,0.418955],48,58.8075,[-25.8479,146.107,3.73532],[-21.8027,147.685,3.65594],[-37.2568,59.8597,99.2123],false,[22.21,149.549,61.8997],[-5.14817,194.453,10.4438],[-32.1353,174.247,-16.1872],[-28.7557,152.562,-6.06091],[-19.6277,145.873,6.73939],[[[0.775855,-0.209323,-0.595175],[0.50967,0.763973,0.395703],[0.371868,-0.610351,0.699418]],[[0.755259,-0.176988,-0.631077],[-0.187087,0.864577,-0.466374],[0.628157,0.4703,0.619868]],[[0.755259,-0.176988,-0.631077],[-0.640338,-0.40466,-0.652854],[-0.139825,0.897177,-0.418955]],[[0.755259,-0.176988,-0.631077],[-0.379681,-0.902985,-0.201149],[-0.534252,0.391528,-0.749186]]],1],[482,[-0.0236563,-0.841884,0.539141],48,67.0064,[-14.6889,137.175,-1.2891],[-13.975,138.544,0.773953],[-65.7222,38.0828,97.998],false,[32.3091,148.66,54.9115],[13.9673,188.768,0.851499],[-19.9529,167.771,-26.2007],[-20.6256,143.83,-10.8695],[-12.1306,136.667,4.28485],[[[0.720632,-0.41701,-0.553888],[0.641541,0.704001,0.304645],[0.262898,-0.574879,0.774854]],[[0.709684,-0.393976,-0.584065],[-0.0333148,0.809331,-0.586407],[0.703732,0.435622,0.561244]],[[0.709684,-0.393976,-0.584065],[-0.704123,-0.368803,-0.606791],[0.0236563,0.841884,-0.539141]],[[0.709684,-0.393976,-0.584065],[-0.540369,-0.836334,-0.0924489],[-0.452051,0.38122,-0.806425]]],2],[483,[-0.191669,-0.76886,0.610015],48,64.4285,[1.94724,132.061,-3.83798],[0.773699,132.521,-0.760407],[-77.1203,2.18277,91.1896],false,[41.4806,144.667,47.779],[32.7723,177.295,-4.97869],[1.30131,158.816,-30.7546],[-4.0083,137.518,-13.856],[1.77735,130.871,2.61962],[[[0.701039,-0.548939,-0.455204],[0.699441,0.653724,0.288839],[0.139022,-0.520875,0.842236]],[[0.699426,-0.543031,-0.464672],[0.121102,0.730804,-0.671759],[0.70437,0.413573,0.576906]],[[0.699426,-0.543031,-0.464672],[-0.688524,-0.337597,-0.641843],[0.191669,0.76886,-0.610015]],[[0.699426,-0.543031,-0.464672],[-0.644139,-0.760646,-0.0806451],[-0.309658,0.355718,-0.881803]]],3],[484,[-0.364179,-0.622896,0.692368],48,50.5107,[18.2991,135.756,-6.16521],[16.4413,134.513,-4.13565],[-75.8333,-33.8002,64.7197],false,[47.3421,134.243,40.0628],[47.3684,162.633,-10.4972],[20.6617,150.703,-30.3646],[13.5388,138.52,-16.8227],[16.8301,133.448,-0.681165],[[[0.587148,-0.705953,-0.39609],[0.809479,0.511782,0.287789],[-0.000454136,-0.489602,0.871946]],[[0.586296,-0.730957,-0.349227],[0.292887,0.593195,-0.749891],[0.755298,0.337374,0.561875]],[[0.586296,-0.730957,-0.349227],[-0.723623,-0.278751,-0.631401],[0.364179,0.622896,-0.692368]],[[0.586296,-0.730957,-0.349227],[-0.787271,-0.615726,-0.032942],[-0.190949,0.29425,-0.936459]]],4]],[[0,200,0],[235.247,235.247,147.751]]],[88113,4169615710,[[48,"right",[-0.151194,0.655067,-0.740289],[-0.598862,-0.656521,-0.458633],[18.0007,167.655,15.6738],[21.2632,-8.55585,13.3946],[13.7757,165.096,16.1164],0.617012,1,0.616396,[[0.599543,-0.297471,-0.743007],[0.413616,0.909939,-0.0305512],[0.685179,-0.289003,0.668586]],63.72,[219.745,54.2354,234.402],[34.7472,132.266,53.8837]]],[[480,[-0.542246,0.539404,-0.644215],48,52.1164,[-44.1298,178.75,-3.42574],[-42.3417,180.806,-2.56821],[47.6832,130.859,101.302],false,[6.37669,133.596,65.477],[6.37669,133.596,65.477],[-22.9205,162.932,37.6771],[-41.4087,181.323,15.7122],[-42.5096,181.812,-7.66038],[[[0.822601,0.564543,0.0679586],[-0.306106,0.338939,0.889618],[0.479193,-0.752603,0.451622]],[[0.716468,0.697357,-0.0191621],[-0.377108,0.410259,0.830347],[0.58691,-0.587691,0.556916]],[[0.716468,0.697357,-0.0191621],[-0.438912,0.47195,0.764605],[0.542246,-0.539404,0.644215]],[[0.716468,0.697357,-0.0191621],[-0.696032,0.716419,0.0477717],[0.047042,-0.0208895,0.998674]]],0],[481,[0.11531,-0.889192,0.442765],48,58.8075,[-25.6826,146.226,3.84403],[-22.8681,148.564,5.59848],[-61.3231,72.1011,134.25],false,[22.8116,150.426,62.5588],[-4.17516,194.813,10.4628],[-32.6827,174.925,-14.787],[-29.8956,153.433,-4.08523],[-20.6908,146.759,8.66813],[[[0.7499,-0.258692,-0.608875],[0.550539,0.754365,0.357546],[0.366819,-0.603333,0.708119]],[[0.729608,-0.226661,-0.645211],[-0.165467,0.856931,-0.488149],[0.663545,0.462919,0.587719]],[[0.729608,-0.226661,-0.645211],[-0.674074,-0.397444,-0.622626],[-0.11531,0.889192,-0.442765]],[[0.729608,-0.226661,-0.645211],[-0.421219,-0.892212,-0.162886],[-0.538745,0.390618,-0.746439]]],1],[482,[-0.0427012,-0.823805,0.565263],48,67.0064,[-14.7571,137.293,-0.994053],[-15.508,139.03,2.78458],[-97.1424,43.8348,135.42],false,[32.6671,148.915,55.3337],[14.4223,188.067,0.545283],[-21.0529,167.669,-24.9242],[-22.2672,144.243,-8.85019],[-13.6533,137.187,6.28778],[[[0.68765,-0.462611,-0.559579],[0.677313,0.686341,0.264921],[0.261506,-0.561183,0.785295]],[[0.676768,-0.440053,-0.590202],[-0.0172446,0.791995,-0.610284],[0.735994,0.423198,0.528409]],[[0.676768,-0.440053,-0.590202],[-0.734957,-0.357349,-0.576316],[0.0427012,0.823805,-0.565263]],[[0.676768,-0.440053,-0.590202],[-0.576086,-0.815708,-0.0523918],[-0.458377,0.375464,-0.805554]]],2],[483,[-0.204794,-0.741512,0.638921],48,64.4285,[1.69883,132.075,-3.50106],[-1.0382,132.377,1.06386],[-114.162,-2.80797,125.215],false,[41.4688,144.338,48.0873],[32.5854,175.668,-5.42215],[-0.307749,157.704,-29.7446],[-5.98095,137.162,-12.0452],[-0.00279504,130.791,4.47035],[[[0.665609,-0.590566,-0.456285],[0.732702,0.633297,0.249164],[0.141816,-0.500167,0.854237]],[[0.663958,-0.584855,-0.465946],[0.131034,0.704471,-0.697532],[0.7362,0.402077,0.544375]],[[0.663958,-0.584855,-0.465946],[-0.71918,-0.328793,-0.612107],[0.204794,0.741512,-0.638921]],[[0.663958,-0.584855,-0.465946],[-0.675859,-0.735984,-0.0392706],[-0.319961,0.340988,-0.883941]]],3],[484,[-0.369723,-0.586109,0.720958],48,50.5107,[17.5678,135.395,-5.60903],[14.5788,133.634,-2.803],[-114.445,-52.327,89.8871],false,[46.6923,133.454,40.5498],[46.4266,160.264,-10.8644],[18.7248,148.831,-29.6303],[11.4934,137.367,-15.5292],[15.0194,132.658,0.672584],[[[0.547274,-0.740952,-0.389205],[0.836941,0.487039,0.249646],[0.00458249,-0.462366,0.886677]],[[0.546736,-0.76462,-0.341226],[0.295465,0.557496,-0.775821],[0.783441,0.323349,0.530722]],[[0.546736,-0.76462,-0.341226],[-0.751255,-0.268015,-0.603145],[0.369723,0.586109,-0.720958]],[[0.546736,-0.76462,-0.341226],[-0.811932,-0.583709,0.00704321],[-0.204562,0.273202,-0.939955]]],4]],[[0,200,0],[235.247,235.247,147.751]]],[88114,4169624329,[[48,"right",[-0.142804,0.625239,-0.767257],[-0.670341,-0.631433,-0.38979],[18.0207,166.598,16.0444],[16.2473,-38.7379,21.2283],[14.1222,165.219,16.1105],0.628056,1,0.618954,[[0.542971,-0.386101,-0.745726],[0.476286,0.872975,-0.105196],[0.691617,-0.298061,0.657895]],63.72,[220.915,51.59,232.91],[34.1787,132.066,55.2779]]],[[480,[-0.529874,0.540334,-0.653661],48,52.1164,[-43.3706,180.217,-2.40903],[-41.7511,183.278,0.0813239],[60.2236,165.495,150.189],false,[6.66862,136.183,68.2127],[6.66862,136.183,68.2127],[-21.8106,166.306,40.404],[-39.877,184.729,18.117],[-41.903,183.725,-5.17712],[[[0.864724,0.502211,-0.00601706],[-0.23052,0.407504,0.88363],[0.446221,-0.762709,0.468148]],[[0.765305,0.636767,-0.0940063],[-0.29801,0.479979,0.825112],[0.570525,-0.603447,0.557093]],[[0.765305,0.636767,-0.0940063],[-0.365435,0.550061,0.750926],[0.529874,-0.540334,0.653661]],[[0.765305,0.636767,-0.0940063],[-0.63782,0.769862,0.0222946],[0.0865684,0.042897,0.995322]]],0],[481,[0.0727417,-0.871377,0.485191],48,58.8075,[-25.6289,146.413,4.11911],[-24.6571,150.204,9.15392],[-100.686,103.577,207.96],false,[24.121,151.521,63.5168],[-2.33232,195.076,10.4545],[-33.5888,176.163,-12.1523],[-31.8307,155.101,-0.425025],[-22.464,148.399,12.1951],[[[0.693868,-0.34717,-0.630888],[0.623905,0.727302,0.285962],[0.359569,-0.592035,0.721253]],[[0.674036,-0.315613,-0.66788],[-0.127952,0.840581,-0.526357],[0.727532,0.44024,0.526199]],[[0.674036,-0.315613,-0.66788],[-0.735108,-0.375619,-0.564382],[-0.0727417,0.871377,-0.485191]],[[0.674036,-0.315613,-0.66788],[-0.495107,-0.864014,-0.0913728],[-0.548219,0.392261,-0.738639]]],1],[482,[-0.0756164,-0.788892,0.609862],48,67.0064,[-15.0141,137.469,-0.478847],[-18.2657,140.014,6.41812],[-157.707,63.4919,209.878],false,[33.4231,148.879,55.8939],[15.1372,186.408,-0.00536817],[-23.1071,167.615,-22.5326],[-25.2573,145.182,-5.19036],[-16.4091,138.229,9.85956],[[[0.619473,-0.542831,-0.567088],[0.739972,0.644964,0.190952],[0.262097,-0.537919,0.801217]],[[0.60856,-0.52101,-0.598502],[0.0101514,0.759298,-0.650664],[0.793443,0.389892,0.467367]],[[0.60856,-0.52101,-0.598502],[-0.789897,-0.325881,-0.519485],[0.0756164,0.788892,-0.609862]],[[0.60856,-0.52101,-0.598502],[-0.638712,-0.769182,0.0201454],[-0.470853,0.37001,-0.800868]]],2],[483,[-0.223628,-0.68917,0.689228],48,64.4285,[1.20832,132.074,-2.92353],[-4.3629,132.178,4.43146],[-186.853,-7.98372,196.332],false,[41.4473,143.265,48.476],[31.9727,172.351,-6.18649],[-3.45614,155.731,-27.7465],[-9.65109,136.64,-8.65351],[-3.25882,130.697,7.86668],[[[0.593734,-0.663138,-0.455772],[0.790318,0.587056,0.175392],[0.151255,-0.464341,0.872645]],[[0.591973,-0.657808,-0.465679],[0.144198,0.654917,-0.741816],[0.792954,0.371985,0.482547]],[[0.591973,-0.657808,-0.465679],[-0.774312,-0.303865,-0.555074],[0.223628,0.68917,-0.689228]],[[0.591973,-0.657808,-0.465679],[-0.729739,-0.682736,0.0367718],[-0.342125,0.318056,-0.884189]]],3],[484,[-0.372633,-0.517185,0.770496],48,50.5107,[16.2569,134.779,-4.64565],[11.0469,132.031,-0.305016],[-192.726,-87.2537,143.234],false,[45.4245,131.632,41.3054],[44.3109,155.663,-11.4541],[14.8497,145.436,-28.1193],[7.56143,135.321,-13.0493],[11.602,131.207,3.19428],[[[0.468449,-0.800246,-0.374382],[0.883282,0.433422,0.17877],[0.0192054,-0.414429,0.909879]],[[0.468803,-0.821469,-0.324674],[0.293265,0.49147,-0.820032],[0.833198,0.289218,0.471311]],[[0.468803,-0.821469,-0.324674],[-0.800855,-0.240227,-0.548564],[0.372633,0.517185,-0.770496]],[[0.468803,-0.821469,-0.324674],[-0.851629,-0.517899,0.0806704],[-0.234417,0.238683,-0.942379]]],4]],[[0,200,0],[235.247,235.247,147.751]]],[88115,4169633055,[[48,"right",[-0.139758,0.600711,-0.787155],[-0.719918,-0.607446,-0.335747],[18.1219,165.788,16.1608],[15.0042,-53.1928,19.1191],[14.4429,165.264,16.1146],0.635436,1,0.605846,[[0.496074,-0.450016,-0.74256],[0.518124,0.839681,-0.162737],[0.696748,-0.304009,0.649708]],63.72,[222.083,49.9296,231.595],[33.9611,132.012,56.1739]]],[[480,[-0.522725,0.540216,-0.659489],48,52.1164,[-42.633,181.675,-1.28151],[-41.0201,185.156,1.81966],[69.9799,174.845,160.784],false,[7.28329,138.213,69.9904],[7.28329,138.213,69.9904],[-20.5741,168.873,42.1383],[-38.3967,187.292,19.6526],[-41.2493,185.231,-3.48487],[[[0.89021,0.451383,-0.0614819],[-0.170632,0.455525,0.873717],[0.422388,-0.767301,0.482534]],[[0.795854,0.586521,-0.150366],[-0.234902,0.527969,0.816131],[0.558067,-0.614199,0.557961]],[[0.795854,0.586521,-0.150366],[-0.305574,0.603456,0.736522],[0.522725,-0.540216,0.659489]],[[0.795854,0.586521,-0.150366],[-0.593094,0.805132,0.001404],[0.121888,0.0880635,0.988629]]],0],[481,[0.0394627,-0.852682,0.520938],48,58.8075,[-25.6345,146.641,4.47302],[-25.7287,151.596,11.6689],[-108.478,119.397,229.647],false,[25.3478,152.327,63.9597],[-0.837613,195.132,10.1586],[-33.9551,177.138,-10.4622],[-33.0013,156.528,2.1291],[-23.5855,149.817,14.7078],[[[0.646725,-0.411525,-0.642179],[0.674583,0.701516,0.229809],[0.355927,-0.581827,0.731296]],[[0.6293,-0.383753,-0.675807],[-0.0988568,0.822992,-0.559385],[0.770849,0.418829,0.479972]],[[0.6293,-0.383753,-0.675807],[-0.77616,-0.354495,-0.521449],[-0.0394627,0.852682,-0.520938]],[[0.6293,-0.383753,-0.675807],[-0.547972,-0.835735,-0.0356951],[-0.551097,0.392786,-0.736214]]],1],[482,[-0.096631,-0.759058,0.643812],48,67.0064,[-15.358,137.688,0.142461],[-20.0299,140.956,9.03146],[-170.845,76.2561,232.821],false,[34.1641,148.851,56.0979],[15.6747,185.063,-0.597814],[-24.4544,167.677,-20.8625],[-27.2023,146.092,-2.55481],[-18.172,139.217,12.4228],[[[0.564327,-0.59987,-0.567179],[0.781859,0.6089,0.133932],[0.265013,-0.519035,0.812632]],[[0.553288,-0.578654,-0.599192],[0.0271501,0.731473,-0.68133],[0.832547,0.360704,0.420426]],[[0.553288,-0.578654,-0.599192],[-0.827366,-0.298313,-0.475894],[0.096631,0.759058,-0.643812]],[[0.553288,-0.578654,-0.599192],[-0.680409,-0.728918,0.07565],[-0.480537,0.36584,-0.797023]]],2],[483,[-0.232422,-0.646787,0.726393],48,64.4285,[0.589675,132.08,-2.20535],[-6.59993,132.255,6.92056],[-205.879,-3.31345,220.924],false,[41.5494,142.492,48.6181],[31.4341,169.829,-6.82682],[-5.72932,154.394,-26.241],[-12.1679,136.476,-6.1185],[-5.43072,130.853,10.3764],[[[0.536618,-0.713895,-0.449883],[0.828229,0.54763,0.118904],[0.161484,-0.436413,0.885137]],[[0.534723,-0.708821,-0.460047],[0.14907,0.615004,-0.774305],[0.831775,0.345459,0.434521]],[[0.534723,-0.708821,-0.460047],[-0.812435,-0.281494,-0.510598],[0.232422,0.646787,-0.726393]],[[0.534723,-0.708821,-0.460047],[-0.764232,-0.637958,0.0946549],[-0.360584,0.300969,-0.882835]]],3],[484,[-0.369533,-0.463103,0.805594],48,50.5107,[14.6613,134.07,-3.46564],[8.54245,131.052,1.56926],[-218.005,-93.5433,162.532],false,[44.5745,130.37,41.8021],[42.5992,152.263,-11.8546],[11.9603,143.073,-26.9232],[4.73269,134.015,-11.1668],[9.19181,130.341,5.07284],[[[0.407428,-0.840212,-0.357835],[0.912602,0.389204,0.125213],[0.0340655,-0.377576,0.925352]],[[0.408682,-0.859606,-0.306687],[0.286617,0.439909,-0.851076],[0.866505,0.259918,0.42616]],[[0.408682,-0.859606,-0.306687],[-0.834521,-0.2159,-0.506914],[0.369533,0.463103,-0.805594]],[[0.408682,-0.859606,-0.306687],[-0.875246,-0.464378,0.13527],[-0.258697,0.213144,-0.942149]]],4]],[[0,200,0],[235.247,235.247,147.751]]],[88116,4169641632,[[48,"right",[-0.140145,0.582057,-0.80098],[-0.778921,-0.564229,-0.273729],[18.076,164.389,16.9109],[9.63943,-82.1691,37.1282],[14.7241,165.196,16.1762],0.647676,1,0.610159,[[0.440276,-0.522425,-0.730226],[0.560619,0.795226,-0.230913],[0.701329,-0.307713,0.643]],63.72,[223.027,47.8494,230.898],[33.6682,130.932,57.2876]]],[[480,[-0.517049,0.551163,-0.654889],48,52.1164,[-41.9053,183.146,0.183822],[-40.083,187.434,4.92048],[82.3737,193.972,210.891],false,[8.30956,139.539,72.2513],[8.30956,139.539,72.2513],[-18.7724,171.217,44.777],[-36.4015,190.009,22.4482],[-40.5419,187.175,-0.411204],[[[0.915311,0.382621,-0.125723],[-0.0889026,0.496413,0.863522],[0.392812,-0.779215,0.488388]],[[0.82642,0.520698,-0.214251],[-0.150624,0.571095,0.806947],[0.542533,-0.634606,0.550394]],[[0.82642,0.520698,-0.214251],[-0.222912,0.651991,0.724719],[0.517049,-0.551163,0.654889]],[[0.82642,0.520698,-0.214251],[-0.534537,0.845107,-0.00796774],[0.176916,0.12111,0.976746]]],0],[481,[-0.00305487,-0.833996,0.551762],48,58.8075,[-25.6999,146.918,4.9285],[-27.047,153.379,15.2125],[-124.156,145.156,276.663],false,[26.9705,152.077,64.7384],[0.951207,194.819,10.8069],[-34.3986,178.748,-7.57486],[-34.4724,158.59,5.76144],[-25.017,151.62,18.1679],[[[0.579054,-0.479497,-0.659377],[0.734584,0.657688,0.166831],[0.353669,-0.580973,0.733068]],[[0.564966,-0.456707,-0.687191],[-0.0616511,0.807151,-0.587118],[0.822807,0.374068,0.427856]],[[0.564966,-0.456707,-0.687191],[-0.825108,-0.309628,-0.472575],[0.00305487,0.833996,-0.551762]],[[0.564966,-0.456707,-0.687191],[-0.612003,-0.790543,0.0222433],[-0.553413,0.407996,-0.726136]]],1],[482,[-0.116991,-0.728294,0.675204],48,67.0064,[-15.7881,137.955,0.903803],[-22.1553,142.195,12.6985],[-192.23,95.1692,283.575],false,[35.066,147.699,56.5588],[16.0805,183.207,-0.417388],[-26.2469,168.195,-17.9192],[-29.5737,147.485,1.28115],[-20.2705,140.45,16.0155],[[[0.487743,-0.658628,-0.57299],[0.829492,0.55424,0.0690079],[0.272123,-0.508948,0.816652]],[[0.476438,-0.637688,-0.605277],[0.0430359,0.704524,-0.708374],[0.878154,0.311447,0.363105]],[[0.476438,-0.637688,-0.605277],[-0.87139,-0.25088,-0.421591],[0.116991,0.728294,-0.675204]],[[0.476438,-0.637688,-0.605277],[-0.726583,-0.673213,0.137339],[-0.49506,0.374351,-0.784077]]],2],[483,[-0.237086,-0.602865,0.761803],48,64.4285,[-0.185246,132.101,-1.30188],[-9.44957,132.457,10.2767],[-239.815,4.29534,266.687],false,[41.5521,140.563,48.9463],[30.3436,166.655,-6.88702],[-8.84785,153.328,-23.7003],[-15.4156,136.628,-2.5968],[-8.18816,131.093,13.7195],[[[0.458544,-0.766239,-0.450128],[0.870471,0.489261,0.053892],[0.178936,-0.416535,0.891336]],[[0.456434,-0.761348,-0.460454],[0.149155,0.575654,-0.803975],[0.877166,0.298282,0.376307]],[[0.456434,-0.761348,-0.460454],[-0.857589,-0.238546,-0.455673],[0.237086,0.602865,-0.761803]],[[0.456434,-0.761348,-0.460454],[-0.80127,-0.576707,0.159294],[-0.386825,0.296241,-0.873274]]],3],[484,[-0.358051,-0.40657,0.840536],48,50.5107,[12.6531,133.268,-1.95782],[5.21221,129.988,4.14157],[-262.971,-100.919,198.847],false,[43.3222,128.026,42.4468],[39.932,148.158,-11.8257],[7.94311,140.736,-24.9371],[0.940063,132.784,-8.4972],[5.99588,129.355,7.62067],[[[0.325999,-0.879535,-0.346616],[0.943