{"metadata":{"formatVersion":2,"generatedBy":"LeapJS Playback 0.2.1","frames":100,"protocolVersion":6,"serviceVersion":"2.2.5+26752","frameRate":"88","modified":"Thu Apr 16 2015 19:54:14 GMT-0300 (E. South America Standard Time)"},"frames":[["id","timestamp",{"hands":[["id","type","direction","palmNormal","palmPosition","palmVelocity","stabilizedPalmPosition","pinchStrength","grabStrength","confidence","armBasis","armWidth","elbow","wrist"]]},{"pointables":[["id","direction","handId","length","stabilizedTipPosition","tipPosition","tipVelocity","tool","carpPosition","mcpPosition","pipPosition","dipPosition","btipPosition","bases","type"]]},{"interactionBox":["center","size"]}],[147442,5041648056,[[98,"right",[-0.10966,0.126588,-0.985875],[-0.97024,-0.229064,0.0785082],[81.611,102.982,30.6698],[4.45436,-154.515,79.9656],[81.5681,103.387,30.3975],0,0.784142,0.965524,[[0.122243,-0.936278,-0.329304],[0.874495,0.25852,-0.410397],[0.469377,-0.237806,0.850372]],63.72,[220.102,25.5711,312.041],[93.3697,89.7788,82.4402]],[102,"left",[0.417041,0.210101,-0.88427],[0.908625,-0.119746,0.400076],[-136.248,119.555,12.7701],[-32.1056,-148.91,-24.6904],[-136.036,120.122,12.9353],0,0.723683,0.517329,[[-0.0231854,-0.970609,-0.239542],[-0.701048,0.186607,-0.688265],[-0.712737,-0.151973,0.68477]],61.5991,[-348.008,62.2699,234.22],[-161.975,101.937,55.4858]]],[[980,[-0.682334,0.0598337,-0.728587],98,52.1164,[8.59094,139.473,20.8245],[8.62523,139.277,20.9351],[5.37429,-164.037,60.2454],false,[77.1118,114.386,90.8792],[77.1118,114.386,90.8792],[44.0857,132.685,58.2263],[20.8211,134.725,33.3846],[4.96183,140.615,17.2134],[[[0.933285,-0.15879,-0.322127],[0.302954,0.829781,0.468703],[0.192869,-0.535023,0.822527]],[[0.729778,0.114303,-0.674062],[0.172324,0.923341,0.343141],[0.661611,-0.366573,0.654137]],[[0.729778,0.114303,-0.674062],[-0.0429478,0.991643,0.121658],[0.682334,-0.0598337,0.728587]],[[0.729778,0.114303,-0.674062],[0.0906832,0.961031,0.261143],[0.677644,-0.251703,0.690974]]],0],[981,[-0.77716,-0.149502,-0.611287],98,58.8075,[49.4445,129.002,-44.0763],[49.6118,128.841,-44.2558],[5.34764,-193.313,65.6856],false,[96.651,112.435,77.6016],[75.5601,130.805,9.55584],[80.3895,136.014,-32.8153],[61.6052,132.4,-47.5904],[45.8322,127.783,-42.92],[[[0.194413,-0.930189,-0.31137],[0.938093,0.26908,-0.218124],[0.28668,-0.249688,0.924917]],[[0.255391,-0.962711,-0.0892413],[0.960281,0.241844,0.139181],[-0.112409,-0.121242,0.986238]],[[0.255391,-0.962711,-0.0892413],[0.575151,0.225472,-0.786361],[0.77716,0.149502,0.611287]],[[0.255391,-0.962711,-0.0892413],[-0.287275,0.0125737,-0.957766],[0.923173,0.270241,-0.273352]]],1],[982,[-0.767272,-0.120021,-0.629991],98,67.0064,[52.6809,103.875,-56.5476],[52.5241,104.131,-56.4977],[13.0944,-210.385,75.8429],false,[100.447,101.71,72.8927],[82.3984,110.057,6.01863],[88.5755,108.564,-41.761],[66.7571,105.151,-59.6757],[48.5467,103.194,-55.4694],[[[0.0685676,-0.987522,-0.14177],[0.963522,0.102399,-0.247265],[0.258697,-0.119644,0.95852]],[[0.117275,-0.992026,0.0461628],[0.984796,0.122167,0.1235],[-0.128155,0.0309775,0.99127]],[[0.117275,-0.992026,0.0461628],[0.630508,0.0384628,-0.775229],[0.767272,0.120021,0.629991]],[[0.117275,-0.992026,0.0461628],[-0.217241,-0.070984,-0.973533],[0.969047,0.104143,-0.223834]]],2],[983,[-0.817149,-0.162783,-0.552964],98,64.4285,[47.8219,75.0141,-48.1372],[48.378,75.2727,-48.3533],[-21.4973,-215.139,106.782],false,[101.941,89.8282,70.1506],[87.824,88.1478,9.14512],[84.6531,79.6987,-34.6136],[62.0164,75.1893,-49.9318],[43.5473,74.3657,-47.229],[[[0.0330589,-0.999256,0.0198751],[0.973714,0.0277172,-0.226081],[0.225362,0.0268267,0.973906]],[[0.070667,-0.980351,0.184168],[0.994972,0.05614,-0.0829394],[0.0709705,0.189103,0.979389]],[[0.070667,-0.980351,0.184168],[0.572078,-0.111417,-0.812596],[0.817149,0.162782,0.552964]],[[0.070667,-0.980351,0.184168],[-0.133702,-0.192273,-0.972191],[0.988499,0.0440782,-0.144662]]],3],[984,[-0.763717,0.0502962,-0.643589],98,50.5107,[60.3282,68.3493,-33.2059],[60.4542,67.4478,-32.7594],[-3.54334,-181.344,98.9885],false,[97.511,76.3505,71.2857],[88.6981,67.4779,14.6651],[88.4535,65.2674,-20.6241],[73.5161,66.2511,-33.2119],[56.4099,68.321,-32.7638],[[[-0.102423,-0.980186,0.169541],[0.983062,-0.125781,-0.133301],[0.151985,0.153016,0.976467]],[[-0.118266,-0.990988,0.0628956],[0.992958,-0.118467,0.000536039],[0.00691987,0.0625161,0.99802]],[[-0.118266,-0.990988,0.0628956],[0.634626,-0.124149,-0.762782],[0.763717,-0.0502962,0.643589]],[[-0.118266,-0.990988,0.0628956],[-0.033313,-0.0593448,-0.997682],[0.992423,-0.120087,-0.0259943]]],4],[1020,[0.882028,0.0899343,-0.462534],102,50.3817,[-67.4008,141.128,24.6295],[-67.5261,141.167,24.7458],[-16.1239,-220.393,30.6176],false,[-153.266,126.733,69.2254],[-153.266,126.733,69.2254],[-111.753,139.516,48.2044],[-82.6804,142.481,32.9589],[-62.9029,140.197,22.2113],[[[-0.740106,-0.242352,-0.627303],[-0.551536,0.752464,0.360008],[-0.384774,-0.612425,0.690569]],[[-0.469184,0.0770014,-0.879737],[-0.199507,0.961194,0.190533],[-0.860269,-0.264909,0.435614]],[[-0.469184,0.0770014,-0.879737],[-0.0435028,0.992967,0.110113],[-0.882028,-0.0899343,0.462534]],[[-0.469184,0.0770014,-0.879737],[0.125363,0.99191,0.0199609],[-0.874157,0.100921,0.475041]]],0],[1021,[0.911658,0.000790242,-0.410948],102,56.8501,[-86.7738,153.514,-48.1287],[-86.3267,153.613,-48.1918],[58.5549,-210.503,14.0387],false,[-166.298,123.604,50.638],[-127.538,148.367,-3.60839],[-119.495,155.461,-43.7322],[-98.1928,155.48,-53.3344],[-83.3508,152.88,-46.5695],[[[0.0485004,-0.921267,-0.385894],[-0.837043,0.173313,-0.518962],[-0.544983,-0.34818,0.762735]],[[-0.0847681,-0.978131,-0.189933],[-0.977399,0.118676,-0.174949],[-0.193664,-0.17081,0.966084]],[[-0.0847681,-0.978131,-0.189933],[-0.402111,0.207989,-0.891654],[-0.911658,-0.000790242,0.410948]],[[-0.0847681,-0.978131,-0.189933],[0.430511,0.135954,-0.892287],[-0.898596,0.157406,-0.409572]]],1],[1022,[0.944582,0.0729147,-0.320076],102,64.7762,[-79.3616,134.433,-56.1128],[-79.1103,134.854,-56.0881],[36.8769,-223.556,15.7806],false,[-166.794,113.239,44.8056],[-129.855,127.981,-9.6664],[-117.416,132.376,-54.3559],[-91.4497,134.38,-63.1547],[-75.7523,134.364,-54.0106],[[[0.116405,-0.975794,-0.185135],[-0.828555,0.00738011,-0.559859],[-0.547674,-0.218565,0.80764]],[[0.0482063,-0.99526,-0.0844619],[-0.962503,-0.0236864,-0.270236],[-0.266955,-0.0943219,0.959082]],[[0.0482063,-0.99526,-0.0844619],[-0.324718,0.0643514,-0.943619],[-0.944582,-0.0729147,0.320076]],[[0.0482063,-0.99526,-0.0844619],[0.501038,0.0972466,-0.859944],[-0.864082,0.000863796,-0.503351]]],2],[1023,[0.968355,-0.0261824,-0.2482],102,62.284,[-74.3136,101.874,-48.0375],[-74.7982,101.865,-48.0377],[6.25183,-222.81,29.3562],false,[-165.705,101.887,41.4898],[-132.917,106.17,-9.24038],[-112.861,101.654,-47.2267],[-86.9289,100.953,-53.8735],[-70.5728,101.937,-46.2742],[[[0.0966684,-0.995084,-0.0215317],[-0.835157,-0.069326,-0.545624],[-0.541449,-0.070727,0.837753]],[[0.0039418,-0.992754,0.120104],[-0.885651,-0.0592351,-0.460557],[-0.464334,0.104555,0.879467]],[[0.0039418,-0.992754,0.120104],[-0.249546,-0.117282,-0.961235],[-0.968355,0.0261824,0.2482]],[[0.0039418,-0.992754,0.120104],[0.42423,-0.107101,-0.899199],[-0.905546,-0.0544961,-0.420734]]],3],[1024,[0.921157,0.163414,-0.353222],102,48.8295,[-90.7295,91.7579,-39.3352],[-91.2296,92.1059,-39.2628],[-7.84616,-197.899,22.6636],false,[-160.333,89.3998,43.6136],[-132.818,85.8898,-5.09738],[-119.977,85.5512,-36.7741],[-102.56,88.6411,-43.4528],[-87.2516,92.4555,-38.0885],[[[0.170006,-0.971357,0.166025],[-0.854488,-0.229228,-0.46616],[-0.490865,0.0626161,0.868983]],[[0.209154,-0.973239,0.0951902],[-0.902843,-0.229584,-0.363545],[-0.37567,0.00990481,0.926701]],[[0.209154,-0.973239,0.0951902],[-0.328214,-0.161563,-0.930684],[-0.921157,-0.163414,0.353222]],[[0.209154,-0.973239,0.0951902],[0.3351,-0.0201168,-0.941968],[-0.918674,-0.228915,-0.321925]]],4]],[[0,200,0],[235.247,235.247,147.751]]],[147443,5041657043,[[98,"right",[-0.109214,0.122929,-0.986388],[-0.970248,-0.228898,0.0789008],[81.6944,102.199,31.2736],[5.77889,-136.021,76.4607],[81.6459,102.656,30.9368],0,0.781945,0.956207,[[0.12134,-0.936976,-0.327648],[0.874371,0.257138,-0.411527],[0.469842,-0.236551,0.850466]],63.72,[220.288,25.3204,312.724],[93.4306,89.1892,83.0979]],[102,"left",[0.426409,0.20527,-0.880931],[0.903986,-0.130493,0.407162],[-136.479,118.357,12.451],[-30.348,-144.638,-27.6573],[-136.314,119.017,12.6322],0,0.723838,0.527449,[[-0.0308675,-0.969861,-0.241697],[-0.702818,0.192998,-0.684689],[-0.7107,-0.148734,0.687593]],61.5991,[-348.248,62.2165,234.431],[-162.746,101.038,54.9601]]],[[980,[-0.681851,0.0548075,-0.729435],98,52.1164,[8.67087,138.536,21.2236],[8.70816,138.354,21.3485],[6.43533,-148.913,55.9013],false,[77.1656,113.826,91.4383],[77.1656,113.826,91.4383],[44.1507,131.974,58.6907],[20.9026,133.843,33.8202],[5.04539,139.608,17.6015],[[[0.933456,-0.159858,-0.321101],[0.302629,0.831547,0.465774],[0.192553,-0.531954,0.82459]],[[0.730127,0.111861,-0.674093],[0.171699,0.924825,0.339439],[0.661388,-0.363575,0.656033]],[[0.730127,0.111861,-0.674093],[-0.0446501,0.992211,0.116289],[0.681851,-0.0548075,0.729435]],[[0.730127,0.111861,-0.674093],[0.0885274,0.96271,0.255641],[0.677552,-0.246326,0.692998]]],0],[981,[-0.776688,-0.151366,-0.611428],98,58.8075,[49.5921,127.991,-43.5792],[49.747,127.803,-43.7504],[8.65477,-171.44,62.8394],false,[96.7113,111.828,78.1771],[75.6499,129.943,10.0541],[80.5345,135.027,-32.3259],[61.7617,131.368,-47.1044],[45.9887,126.766,-42.4196],[[[0.194678,-0.931309,-0.307838],[0.93816,0.268393,-0.218679],[0.286279,-0.24623,0.925967]],[[0.255432,-0.962988,-0.0860736],[0.960118,0.242184,0.139713],[-0.113696,-0.118328,0.986444]],[[0.255432,-0.962988,-0.0860736],[0.575769,0.223031,-0.786605],[0.776688,0.151366,0.611428]],[[0.255432,-0.962988,-0.0860736],[-0.287231,0.0094234,-0.957815],[0.923175,0.26938,-0.274193]]],1],[982,[-0.763058,-0.123392,-0.634442],98,67.0064,[53.1564,102.723,-56.0919],[52.9253,102.937,-55.9939],[25.4653,-188.325,68.5433],false,[100.511,101.086,73.5097],[82.4925,109.184,6.59681],[88.9928,107.487,-41.1331],[67.2942,103.978,-59.1744],[49.0656,102.028,-55.0446],[[[0.0687603,-0.98803,-0.138086],[0.963624,0.101609,-0.247192],[0.258264,-0.116066,0.959077]],[[0.117727,-0.991721,0.0512847],[0.983846,0.123495,0.1296],[-0.13486,0.0351988,0.990239]],[[0.117727,-0.991721,0.0512847],[0.635518,0.035558,-0.771267],[0.763058,0.123392,0.634442]],[[0.117727,-0.991721,0.0512847],[-0.21262,-0.0756191,-0.974204],[0.970017,0.103786,-0.219762]]],2],[983,[-0.817805,-0.165399,-0.551216],98,64.4285,[47.7566,73.9144,-47.4283],[48.342,74.1047,-47.5932],[-17.6894,-191.011,100.261],false,[102.007,89.1943,70.8122],[87.9194,87.2865,9.8068],[84.6053,78.6261,-33.8999],[61.9505,74.0442,-49.1697],[43.4782,73.2236,-46.4878],[[[0.0331774,-0.999171,0.0235846],[0.973816,0.0270074,-0.225726],[0.224902,0.0304561,0.973905]],[[0.0709052,-0.979471,0.188705],[0.994721,0.055364,-0.0863965],[0.0741754,0.193835,0.978226]],[[0.0709052,-0.979471,0.188705],[0.571111,-0.11524,-0.812743],[0.817805,0.165399,0.551216]],[[0.0709052,-0.979471,0.188705],[-0.132305,-0.196744,-0.971487],[0.98867,0.0439169,-0.143539]]],3],[984,[-0.764157,0.0490829,-0.64316],98,50.5107,[60.3481,67.4423,-32.5269],[60.5024,66.5054,-32.0315],[-2.10314,-160.004,94.2739],false,[97.5788,75.7204,71.9951],[88.7936,66.6373,15.4036],[88.4777,64.3593,-19.8807],[73.5317,65.3193,-32.4601],[56.4252,67.391,-32.0337],[[[-0.102377,-0.979566,0.173115],[0.98314,-0.126145,-0.132375],[0.151508,0.156644,0.975965]],[[-0.118377,-0.990837,0.0650308],[0.992929,-0.118707,-0.00122614],[0.00893452,0.0644258,0.997883]],[[-0.118377,-0.990837,0.0650308],[0.634074,-0.125829,-0.762966],[0.764157,-0.0490829,0.64316]],[[-0.118377,-0.990837,0.0650308],[-0.0323311,-0.0616105,-0.997576],[0.992442,-0.120192,-0.0247416]]],4],[1020,[0.886495,0.0817201,-0.455465],102,50.3817,[-67.4897,139.338,24.8514],[-67.5885,139.268,24.9638],[-13.4716,-214.456,28.8718],false,[-153.853,125.728,68.7726],[-153.853,125.728,68.7726],[-112.025,137.989,48.0672],[-82.8055,140.683,33.0547],[-62.9409,138.415,22.4657],[[[-0.737969,-0.233541,-0.633135],[-0.545436,0.758872,0.355828],[-0.397368,-0.607924,0.687406]],[[-0.461443,0.0825215,-0.883324],[-0.189027,0.963656,0.188773],[-0.866798,-0.25408,0.429074]],[[-0.461443,0.0825215,-0.883324],[-0.0345996,0.993233,0.110864],[-0.886495,-0.0817201,0.455465]],[[-0.461443,0.0825215,-0.883324],[0.127176,0.991534,0.0261947],[-0.878007,0.10025,0.468031]]],0],[1021,[0.914984,-0.0108873,-0.403342],102,56.8501,[-86.1645,151.666,-48.0293],[-85.7206,151.787,-48.0956],[61.0936,-208.93,13.1705],false,[-166.775,122.756,50.083],[-127.302,147.066,-3.85282],[-118.886,154.034,-43.9225],[-97.507,153.779,-53.3469],[-82.7642,150.998,-46.4389],[[[0.0406638,-0.921732,-0.38569],[-0.830847,0.183225,-0.525473],[-0.555013,-0.341818,0.758368]],[[-0.0953582,-0.977153,-0.189945],[-0.974604,0.130486,-0.181992],[-0.202619,-0.167766,0.96478]],[[-0.0953582,-0.977153,-0.189945],[-0.392059,0.212259,-0.895118],[-0.914984,0.0108873,0.403342]],[[-0.0953582,-0.977153,-0.189945],[0.440673,0.12966,-0.888254],[-0.892588,0.168406,-0.418241]]],1],[1022,[0.947658,0.0620337,-0.313203],102,64.7762,[-79.0013,132.571,-56.0112],[-78.707,132.971,-55.9715],[38.0939,-218.654,14.6684],false,[-167.347,112.398,44.2447],[-129.812,126.709,-9.93298],[-117.064,130.971,-54.5484],[-91.0133,132.676,-63.1584],[-75.4005,132.473,-53.8727],[[[0.106345,-0.977078,-0.184417],[-0.823995,0.0172085,-0.566336],[-0.556528,-0.212186,0.803277]],[[0.0372625,-0.995729,-0.0844714],[-0.96113,-0.0125698,-0.275809],[-0.273569,-0.0914653,0.957494]],[[0.0372625,-0.995729,-0.0844714],[-0.317105,0.0683792,-0.945922],[-0.947658,-0.0620337,0.313203]],[[0.0372625,-0.995729,-0.0844714],[0.509904,0.0916431,-0.855336],[-0.859424,0.0112004,-0.511141]]],2],[1023,[0.970042,-0.0371153,-0.240084],102,62.284,[-74.301,99.9731,-47.8463],[-74.7495,99.9686,-47.8603],[5.5973,-219.16,27.1125],false,[-166.366,101.034,40.9353],[-133.134,104.936,-9.53545],[-112.828,100.211,-47.3635],[-86.8506,99.2169,-53.7929],[-70.5511,100.011,-46.0511],[[[0.0851,-0.996152,-0.020977],[-0.831612,-0.059416,-0.552169],[-0.548798,-0.0644343,0.833468]],[[-0.00841073,-0.992799,0.119497],[-0.882567,-0.0488108,-0.467646],[-0.470111,0.109397,0.875801]],[[-0.00841073,-0.992799,0.119497],[-0.24279,-0.113898,-0.963369],[-0.970042,0.0371153,0.240084]],[[-0.00841073,-0.992799,0.119497],[0.430785,-0.111441,-0.895547],[-0.902415,-0.0439454,-0.428621]]],3],[1024,[0.92655,0.157974,-0.341394],102,48.8295,[-90.8074,90.3599,-39.1271],[-91.2686,90.5628,-39.1156],[-7.00965,-185.29,23.0715],false,[-161.159,88.484,43.0986],[-133.306,84.6555,-5.39595],[-120.101,84.4152,-36.924],[-102.582,87.4021,-43.379],[-87.3008,91.0524,-37.8287],[[[0.157239,-0.973312,0.167153],[-0.853448,-0.219088,-0.472891],[-0.496892,0.0682998,0.865121]],[[0.199921,-0.975562,0.0911661],[-0.900449,-0.219614,-0.375448],[-0.386294,0.00703043,0.922349]],[[0.199921,-0.975562,0.0911661],[-0.318649,-0.152722,-0.935489],[-0.92655,-0.157974,0.341394]],[[0.199921,-0.975562,0.0911661],[0.34492,-0.0170164,-0.938478],[-0.917094,-0.219067,-0.333088]]],4]],[[0,200,0],[235.247,235.247,147.751]]],[147444,5041665406,[[98,"right",[-0.109642,0.11979,-0.986726],[-0.97011,-0.229106,0.0799817],[81.6797,101.666,31.7484],[3.83451,-117.401,71.3847],[81.6642,102.121,31.3754],0,0.779633,0.957395,[[0.120618,-0.93737,-0.326786],[0.874245,0.256249,-0.41235],[0.470263,-0.235954,0.850399]],63.72,[220.413,25.1157,313.217],[93.4415,88.8232,83.6088]],[102,"left",[0.442644,0.199158,-0.874301],[0.896053,-0.135211,0.422857],[-136.857,117.16,11.9292],[-34.165,-144.232,-36.6155],[-136.63,117.937,12.2233],0,0.724588,0.530521,[[-0.0336227,-0.970517,-0.238676],[-0.706406,0.192014,-0.681265],[-0.707008,-0.145696,0.692035]],61.5991,[-348.495,62.1474,234.678],[-163.957,100.176,54.048]]],[[980,[-0.682082,0.0490351,-0.72963],98,52.1164,[8.65044,137.782,21.562],[8.66366,137.63,21.7193],[3.23481,-134.882,52.5958],false,[77.1679,113.478,91.8782],[77.1679,113.478,91.8782],[44.1211,131.472,59.0776],[20.8651,133.144,34.2004],[4.99169,138.79,17.9559],[[[0.933411,-0.160423,-0.32095],[0.302411,0.833143,0.463056],[0.193113,-0.52928,0.826178]],[[0.729745,0.110163,-0.674787],[0.170862,0.926238,0.335991],[0.662026,-0.360483,0.657095]],[[0.729745,0.110163,-0.674787],[-0.0472898,0.992703,0.110923],[0.682082,-0.0490351,0.72963]],[[0.729745,0.110163,-0.674787],[0.0863244,0.964191,0.250765],[0.678248,-0.241245,0.694104]]],0],[981,[-0.776412,-0.152939,-0.611387],98,58.8075,[49.6186,127.261,-43.1865],[49.7257,127.055,-43.3378],[6.67236,-149.61,58.9149],false,[96.7096,111.448,78.616],[75.6141,129.34,10.4445],[80.5334,134.334,-31.9422],[61.7672,130.637,-46.7197],[45.9975,126.041,-42.0173],[[[0.195002,-0.932176,-0.304996],[0.937952,0.268149,-0.21987],[0.286742,-0.243196,0.926625]],[[0.255701,-0.963118,-0.0837942],[0.959951,0.24268,0.140001],[-0.114502,-0.116237,0.986599]],[[0.255701,-0.963118,-0.0837942],[0.576023,0.221391,-0.786882],[0.776412,0.152939,0.611387]],[[0.255701,-0.963118,-0.0837942],[-0.287612,0.00696578,-0.957722],[0.922982,0.268991,-0.275223]]],1],[982,[-0.761473,-0.126077,-0.635818],98,67.0064,[53.3814,101.875,-55.6672],[53.0485,102.076,-55.5348],[24.5829,-165.409,64.5184],false,[100.513,100.693,73.9807],[82.4652,108.573,7.04962],[89.1322,106.729,-40.6518],[67.4786,103.144,-58.7322],[49.2499,101.197,-54.6017],[[[0.0691749,-0.988425,-0.13502],[0.963484,0.101289,-0.247871],[0.258678,-0.112943,0.959338]],[[0.118344,-0.991456,0.0548641],[0.983292,0.124708,0.132609],[-0.138318,0.038254,0.989649]],[[0.118344,-0.991456,0.0548641],[0.637302,0.0334677,-0.769887],[0.761473,0.126077,0.635818]],[[0.118344,-0.991456,0.0548641],[-0.212238,-0.0792317,-0.974001],[0.970026,0.103623,-0.219801]]],2],[983,[-0.820089,-0.16815,-0.546973],98,64.4285,[47.5472,73.0327,-46.7577],[48.0911,73.1964,-46.8765],[-22.3848,-169.118,97.0143],false,[102.014,88.7939,71.3199],[87.9037,86.6886,10.3261],[84.3634,77.8111,-33.3193],[61.6453,73.153,-48.4716],[43.1795,72.3372,-45.7441],[[[0.0336579,-0.999077,0.0266988],[0.973719,0.0267594,-0.226176],[0.225253,0.0336097,0.97372]],[[0.0717706,-0.978529,0.19321],[0.994269,0.0548,-0.091796],[0.0792371,0.198691,0.976854]],[[0.0717706,-0.978529,0.19321],[0.567717,-0.119193,-0.814549],[0.820089,0.16815,0.546973]],[[0.0717706,-0.978529,0.19321],[-0.134407,-0.201431,-0.970237],[0.988324,0.0436658,-0.145977]]],3],[984,[-0.764314,0.0469639,-0.643132],98,50.5107,[60.3181,66.7194,-31.9677],[60.4508,65.7911,-31.4542],[-3.51354,-140.938,87.5388],false,[97.5919,75.3217,72.5467],[88.7897,66.0574,15.9872],[88.4186,63.6868,-19.2905],[73.4696,64.6054,-31.8694],[56.3615,66.6693,-31.4698],[[[-0.10185,-0.979068,0.176218],[0.98315,-0.126096,-0.13235],[0.1518,0.159769,0.975413]],[[-0.117936,-0.990703,0.0678129],[0.992966,-0.118376,-0.0024902],[0.0104944,0.0670422,0.997695]],[[-0.117936,-0.990703,0.0678129],[0.633968,-0.127679,-0.762747],[0.764314,-0.0469639,0.643132]],[[-0.117936,-0.990703,0.0678129],[-0.0310867,-0.0645726,-0.997429],[0.992535,-0.119741,-0.0231823]]],4],[1020,[0.894451,0.0763499,-0.440599],102,50.3817,[-67.8449,137.942,25.3283],[-68.0306,137.772,25.5244],[-23.4001,-201.867,38.7157],false,[-155.129,124.854,67.9226],[-155.129,124.854,67.9226],[-112.87,136.714,47.8686],[-83.3879,139.231,33.3462],[-63.3313,137.049,23.1067],[[[-0.728761,-0.230766,-0.644713],[-0.546113,0.763872,0.343889],[-0.41312,-0.602699,0.682705]],[[-0.446035,0.0823374,-0.89122],[-0.18482,0.965824,0.181728],[-0.875725,-0.245773,0.415574]],[[-0.446035,0.0823374,-0.89122],[-0.0317668,0.993676,0.107702],[-0.894452,-0.0763499,0.440599]],[[-0.446035,0.0823374,-0.89122],[0.1232,0.991929,0.029983],[-0.886496,0.0964246,0.452579]]],0],[1021,[0.921691,-0.0196463,-0.387428],102,56.8501,[-85.3673,149.849,-47.7935],[-84.9099,149.977,-47.8529],[70.1341,-211.361,17.1473],false,[-167.753,121.903,49.0275],[-127.207,145.747,-4.31727],[-118.118,152.476,-44.2805],[-96.5822,152.017,-53.3331],[-81.9961,149.153,-46.1325],[[[0.0408039,-0.923377,-0.38172],[-0.820562,0.187013,-0.540096],[-0.570099,-0.335263,0.750057]],[[-0.0995168,-0.977269,-0.187193],[-0.970675,0.13672,-0.197729],[-0.218828,-0.162027,0.962217]],[[-0.0995168,-0.977269,-0.187193],[-0.374944,0.21109,-0.902695],[-0.921691,0.0196463,0.387428]],[[-0.0995168,-0.977269,-0.187193],[0.458509,0.121926,-0.880286],[-0.8831,0.173433,-0.435953]]],1],[1022,[0.953422,0.0547987,-0.29662],102,64.7762,[-78.2607,130.776,-55.5747],[-77.9206,131.128,-55.5348],[51.619,-218.005,24.7412],false,[-168.298,111.528,43.2166],[-129.754,125.386,-10.3678],[-116.315,129.423,-54.8007],[-90.1056,130.929,-62.9548],[-74.6883,130.647,-53.35],[[[0.10269,-0.978444,-0.179172],[-0.814168,0.0208068,-0.580256],[-0.571476,-0.205463,0.794481]],[[0.0321223,-0.996213,-0.0807936],[-0.956965,-0.00732873,-0.290109],[-0.288419,-0.0866357,0.953577]],[[0.0321223,-0.996213,-0.0807936],[-0.299924,0.0675023,-0.951572],[-0.953422,-0.0547987,0.29662]],[[0.0321223,-0.996213,-0.0807936],[0.52796,0.0855498,-0.844949],[-0.848661,0.0155141,-0.528709]]],2],[1023,[0.973972,-0.0440031,-0.222356],102,62.284,[-73.8014,98.2053,-47.2224],[-74.2001,98.1562,-47.2226],[20.987,-217.835,40.7282],false,[-167.34,100.146,39.9641],[-133.233,103.638,-9.95037],[-112.282,98.6668,-47.393],[-86.1993,97.4884,-53.3477],[-70.0368,98.2025,-45.3162],[[[0.078555,-0.996781,-0.016049],[-0.822553,-0.055712,-0.565953],[-0.563236,-0.0576596,0.824282]],[[-0.0169183,-0.992352,0.122275],[-0.87432,-0.0446442,-0.483292],[-0.485054,0.115084,0.866878]],[[-0.0169183,-0.992352,0.122275],[-0.226035,-0.115331,-0.967268],[-0.973972,0.0440031,0.222356]],[[-0.0169183,-0.992352,0.122275],[0.446088,-0.116938,-0.887317],[-0.894829,-0.0395337,-0.444655]]],3],[1024,[0.933091,0.157555,-0.323293],102,48.8295,[-90.5375,89.1463,-38.6917],[-90.9201,89.1407,-38.6874],[4.40131,-175.014,31.5323],false,[-162.257,87.5684,42.259],[-133.615,83.3738,-5.74346],[-119.84,83.254,-37.0268],[-102.197,86.233,-43.1396],[-87.0115,89.8219,-37.2933],[[[0.147661,-0.973756,0.173194],[-0.846829,-0.214943,-0.486497],[-0.510957,0.0748293,0.856343]],[[0.196087,-0.97644,0.0900864],[-0.893945,-0.215763,-0.392821],[-0.403003,0.00350518,0.915192]],[[0.196087,-0.97644,0.0900864],[-0.301482,-0.147452,-0.942001],[-0.933091,-0.157555,0.323293]],[[0.196087,-0.97644,0.0900864],[0.361988,-0.0133007,-0.932088],[-0.911326,-0.215381,-0.350851]]],4]],[[0,200,0],[235.247,235.247,147.751]]],[147445,5041682799,[[98,"right",[-0.1078,0.117972,-0.987148],[-0.970539,-0.227705,0.0787736],[81.5555,100.708,32.5118],[-1.2405,-88.5732,58.6764],[81.5878,101.129,32.1735],0,0.777167,0.95986,[[0.11925,-0.938371,-0.324405],[0.873587,0.254437,-0.414857],[0.471831,-0.233924,0.850091]],63.72,[220.606,24.7943,313.942],[93.212,87.9538,84.4177]],[102,"left",[0.460668,0.17277,-0.870595],[0.886389,-0.140187,0.441205],[-136.877,115.98,11.5114],[-18.9136,-108.928,-30.7937],[-136.826,116.387,11.6595],0,0.725123,0.535044,[[-0.029171,-0.971744,-0.23423],[-0.709628,0.185164,-0.679811],[-0.703973,-0.146385,0.694978]],61.5991,[-348.711,62.1535,234.91],[-164.965,100.362,53.5118]]],[[980,[-0.68067,0.0450318,-0.731205],98,52.1164,[8.58413,136.613,22.1542],[8.59777,136.635,22.273],[-0.068358,-100.367,42.836],false,[76.956,112.646,92.6102],[76.956,112.646,92.6102],[43.9818,130.6,59.7148],[20.774,132.135,34.7839],[4.93057,137.731,18.4928],[[[0.933752,-0.162254,-0.319032],[0.302687,0.833672,0.461921],[0.19102,-0.527886,0.827555]],[[0.730978,0.107943,-0.67381],[0.171222,0.926811,0.334222],[0.660572,-0.35968,0.658996]],[[0.730978,0.107943,-0.67381],[-0.0485859,0.993137,0.106391],[0.68067,-0.0450318,0.731205]],[[0.730978,0.107943,-0.67381],[0.085973,0.964975,0.247855],[0.676964,-0.239106,0.696095]]],0],[981,[-0.77488,-0.152055,-0.613547],98,58.8075,[49.7379,126.176,-42.497],[49.8081,126.046,-42.6771],[6.76515,-106.472,48.6351],false,[96.5177,110.565,79.3856],[75.5618,128.348,11.1428],[80.6289,133.311,-31.2301],[61.8997,129.636,-46.0598],[46.1132,125.069,-41.3859],[[[0.194327,-0.933028,-0.302813],[0.93867,0.266511,-0.218794],[0.284844,-0.241724,0.927596]],[[0.254368,-0.963587,-0.0824492],[0.959889,0.241153,0.143032],[-0.117941,-0.115525,0.986278]],[[0.254368,-0.963587,-0.0824492],[0.578669,0.219955,-0.785342],[0.77488,0.152055,0.613547]],[[0.254368,-0.963587,-0.0824492],[-0.285633,0.00659667,-0.958316],[0.923965,0.267315,-0.273555]]],1],[982,[-0.758169,-0.126815,-0.639607],98,67.0064,[53.7544,100.613,-54.9365],[53.3074,100.932,-54.8548],[22.1155,-118.429,52.2334],false,[100.315,99.7958,74.7782],[82.3921,107.566,7.80079],[89.3831,105.618,-39.8501],[67.8235,102.012,-58.0383],[49.5816,100.094,-53.952],[[[0.068137,-0.988779,-0.132941],[0.964035,0.0995631,-0.24642],[0.256891,-0.11137,0.960002]],[[0.117145,-0.991437,0.0577119],[0.982466,0.12418,0.139065],[-0.145041,0.0404093,0.9886]],[[0.117145,-0.991437,0.0577119],[0.641449,0.0311714,-0.766533],[0.758169,0.126815,0.639607]],[[0.117145,-0.991437,0.0577119],[-0.209698,-0.0814954,-0.974364],[0.970723,0.10204,-0.217449]]],2],[983,[-0.821374,-0.169071,-0.544756],98,64.4285,[47.1603,71.6167,-45.6833],[47.7963,71.9816,-45.9704],[-21.1562,-122.544,76.1231],false,[101.805,87.8892,72.1436],[87.7969,85.6809,11.1299],[84.0593,76.6262,-32.4626],[61.3056,71.9426,-47.5535],[42.8354,71.1546,-44.8479],[[[0.0323297,-0.999064,0.0287367],[0.974138,0.025064,-0.22456],[0.22363,0.0352535,0.974036]],[[0.0705856,-0.977848,0.197058],[0.993992,0.052384,-0.0961035],[0.0836519,0.202658,0.97567]],[[0.0705856,-0.977848,0.197058],[0.566005,-0.123407,-0.815113],[0.821374,0.169071,0.544756]],[[0.0705856,-0.977848,0.197058],[-0.133288,-0.205025,-0.969639],[0.98856,0.042177,-0.144808]]],3],[984,[-0.76335,0.0468319,-0.644285],98,50.5107,[60.1994,65.486,-31.0291],[60.3406,64.7633,-30.668],[-5.31218,-103.419,67.9255],false,[97.3639,74.425,73.3894],[88.6467,65.0599,16.8334],[88.2699,62.6333,-18.4404],[73.3397,63.5492,-31.0419],[56.233,65.6347,-30.6981],[[[-0.103408,-0.978585,0.177984],[0.983212,-0.127617,-0.130415],[0.150336,0.16151,0.975353]],[[-0.119346,-0.990424,0.0694093],[0.992796,-0.119798,-0.00236311],[0.0106555,0.0686272,0.997585]],[[-0.119346,-0.990424,0.0694093],[0.634865,-0.129877,-0.761629],[0.76335,-0.0468319,0.644285]],[[-0.119346,-0.990424,0.0694093],[-0.0281516,-0.0665051,-0.997389],[0.992454,-0.120988,-0.0199448]]],4],[1020,[0.902831,0.0546898,-0.426504],102,50.3817,[-67.8483,135.941,25.7475],[-67.943,135.917,25.8368],[-10.0383,-155.011,29.1778],false,[-155.972,125.195,66.9984],[-155.972,125.195,66.9984],[-113.182,135.872,47.4101],[-83.424,137.675,33.3522],[-63.1962,135.244,23.5134],[[[-0.721357,-0.233211,-0.652117],[-0.539313,0.779889,0.31767],[-0.434495,-0.580848,0.688353]],[[-0.429553,0.0696894,-0.900349],[-0.170917,0.972723,0.156835],[-0.88672,-0.221254,0.405925]],[[-0.429553,0.0696894,-0.900349],[-0.019517,0.996068,0.0864099],[-0.902831,-0.0546898,0.426504]],[[-0.429553,0.0696894,-0.900349],[0.127044,0.991766,0.0161532],[-0.89406,0.107445,0.434869]]],0],[1021,[0.927889,-0.0435724,-0.370302],102,56.8501,[-83.9081,146.446,-47.9696],[-83.4576,146.608,-48.0372],[76.0679,-203.119,4.40978],false,[-168.319,122.031,47.9553],[-126.485,144.044,-5.18205],[-116.669,149.73,-45.135],[-94.9876,148.712,-53.7875],[-80.5983,145.768,-46.2319],[[[0.0321783,-0.932086,-0.360804],[-0.808076,0.188183,-0.558212],[-0.588199,-0.30952,0.747141]],[[-0.112677,-0.979482,-0.167088],[-0.96511,0.147885,-0.216087],[-0.236363,-0.136911,0.961971]],[[-0.112677,-0.979482,-0.167088],[-0.355424,0.196764,-0.91376],[-0.927889,0.0435724,0.370302]],[[-0.112677,-0.979482,-0.167088],[0.477845,0.0940217,-0.873398],[-0.871188,0.178254,-0.457446]]],1],[1022,[0.958918,0.0333638,-0.281714],102,64.7762,[-77.2097,127.131,-55.2601],[-76.8059,127.492,-55.2262],[55.0113,-212.472,21.2576],false,[-168.934,111.541,42.3626],[-129.262,123.598,-10.8322],[-115.266,126.459,-55.1842],[-88.905,127.377,-62.9285],[-73.7152,127.054,-52.9692],[[[0.0896972,-0.983666,-0.156062],[-0.80372,0.0210525,-0.594635],[-0.588208,-0.178767,0.788704]],[[0.0174263,-0.998112,-0.058891],[-0.953659,0.00110281,-0.300886],[-0.300383,-0.0614052,0.95184]],[[0.0174263,-0.998112,-0.058891],[-0.283147,0.0515624,-0.957689],[-0.958918,-0.0333638,0.281714]],[[0.0174263,-0.998112,-0.058891],[0.548232,0.0587948,-0.834257],[-0.836145,0.0177479,-0.548222]]],2],[1023,[0.978425,-0.0621404,-0.197036],102,62.284,[-72.7739,94.7614,-45.6288],[-73.2763,94.7696,-45.8239],[37.6498,-205.277,63.1743],false,[-168.107,100.076,39.3752],[-133.103,101.923,-10.003],[-111.277,95.8858,-46.7826],[-85.0744,94.2216,-52.0592],[-69.0845,94.8714,-43.6843],[[[0.0624908,-0.998021,0.0069762],[-0.813599,-0.0549892,-0.57882],[-0.578059,-0.0304951,0.815425]],[[-0.0342169,-0.989264,0.142078],[-0.862247,-0.0426598,-0.504689],[-0.505331,0.139775,0.85153]],[[-0.0342169,-0.989264,0.142078],[-0.20375,-0.132271,-0.970047],[-0.978425,0.0621404,0.197036]],[[-0.0342169,-0.989264,0.142078],[0.463809,-0.141644,-0.874539],[-0.885274,-0.0359731,-0.463677]]],3],[1024,[0.939976,0.146502,-0.308192],102,48.8295,[-90.177,86.78,-37.5844],[-90.5136,86.5766,-37.6163],[11.3387,-154.837,45.8087],false,[-163.271,87.4726,42.0309],[-133.889,81.7654,-5.36411],[-119.578,81.239,-36.4019],[-101.805,84.0091,-42.2292],[-86.6902,87.5189,-36.1554],[[[0.128732,-0.971946,0.196847],[-0.841827,-0.212025,-0.496359],[-0.524171,0.101814,0.845505]],[[0.185838,-0.977245,0.102259],[-0.888922,-0.211555,-0.406279],[-0.418668,0.0153979,0.908009]],[[0.185838,-0.977245,0.102259],[-0.286198,-0.153395,-0.945812],[-0.939976,-0.146502,0.308192]],[[0.185838,-0.977245,0.102259],[0.377753,-0.0250159,-0.925569],[-0.907065,-0.210634,-0.364508]]],4]],[[0,200,0],[235.247,235.247,147.751]]],[147446,5041691891,[[98,"right",[-0.109266,0.115834,-0.98724],[-0.970358,-0.22781,0.0806679],[81.605,100.476,32.7921],[0.612154,-71.1112,50.9633],[81.595,100.855,32.4331],0,0.775639,0.961261,[[0.118631,-0.938533,-0.324164],[0.873791,0.253737,-0.414857],[0.47161,-0.234036,0.850183]],63.72,[220.675,24.6461,314.258],[93.3404,87.8359,84.7081]],[102,"left",[0.465389,0.164364,-0.869711],[0.883714,-0.141377,0.446164],[-136.824,115.539,11.4563],[-12.0498,-92.1806,-23.9424],[-136.825,115.934,11.5509],0,0.723856,0.535844,[[-0.0277952,-0.972138,-0.232755],[-0.710215,0.18306,-0.679768],[-0.703436,-0.146412,0.695515]],61.5991,[-348.781,62.1404,234.978],[-165.175,100.356,53.4391]]],[[980,[-0.681656,0.0417718,-0.730479],98,52.1164,[8.59259,136.29,22.3857],[8.62109,136.301,22.5712],[0.663684,-83.5179,39.8925],false,[77.0893,112.54,92.8715],[77.0893,112.54,92.8715],[44.0592,130.395,59.9778],[20.8177,131.819,35.0717],[4.9479,137.359,18.7871],[[[0.933334,-0.162671,-0.32004],[0.303119,0.834742,0.459701],[0.192371,-0.526065,0.828401]],[[0.729979,0.106702,-0.675089],[0.171154,0.927728,0.331703],[0.661692,-0.357681,0.65896]],[[0.729979,0.106702,-0.675089],[-0.0497436,0.993413,0.103226],[0.681656,-0.0417718,0.730479]],[[0.729979,0.106702,-0.675089],[0.0855499,0.965705,0.245141],[0.678094,-0.236702,0.695817]]],0],[981,[-0.775506,-0.15307,-0.612503],98,58.8075,[49.7155,125.857,-42.2656],[49.7586,125.671,-42.4017],[3.81163,-87.9785,43.2951],false,[96.6324,110.437,79.623],[75.5725,128.069,11.3728],[80.6028,132.971,-31.0115],[61.8585,129.271,-45.8159],[46.0795,124.709,-41.1122],[[[0.194153,-0.933617,-0.301103],[0.938275,0.266308,-0.220725],[0.286259,-0.239663,0.927695]],[[0.2544,-0.963678,-0.0812701],[0.959985,0.241461,0.141863],[-0.117087,-0.114108,0.986544]],[[0.2544,-0.963678,-0.0812701],[0.577816,0.218846,-0.786279],[0.775506,0.15307,0.612503]],[[0.2544,-0.963678,-0.0812701],[-0.287006,0.00501779,-0.957916],[0.92353,0.267019,-0.275305]]],1],[982,[-0.758032,-0.128454,-0.639443],98,67.0064,[53.8089,100.236,-54.6823],[53.3299,100.49,-54.552],[17.497,-98.495,46.6868],false,[100.426,99.6592,75.0331],[82.4038,107.281,8.0653],[89.4254,105.24,-39.5772],[67.8697,101.588,-57.7607],[49.6321,99.6726,-53.6546],[[[0.068226,-0.989041,-0.13093],[0.963648,0.0993089,-0.248031],[0.258315,-0.109249,0.959863]],[[0.117544,-0.991266,0.059787],[0.982325,0.124893,0.139426],[-0.145675,0.0423417,0.988426]],[[0.117544,-0.991266,0.059787],[0.641538,0.0298419,-0.76651],[0.758032,0.128454,0.639443]],[[0.117544,-0.991266,0.059787],[-0.210502,-0.083707,-0.974003],[0.970501,0.101902,-0.218503]]],2],[983,[-0.822271,-0.170803,-0.54286],98,64.4285,[47.0343,71.1925,-45.3287],[47.6598,71.5218,-45.5566],[-19.5643,-102.287,67.1365],false,[101.916,87.7474,72.4217],[87.8197,85.405,11.4333],[83.9433,76.2291,-32.1218],[61.1648,71.4975,-47.1601],[42.6955,70.7041,-44.4496],[[[0.0326563,-0.998991,0.0308213],[0.973804,0.0248594,-0.226027],[0.225033,0.0373951,0.973633]],[[0.0712648,-0.977293,0.199547],[0.993677,0.0521588,-0.0994238],[0.0867581,0.205371,0.974831]],[[0.0712648,-0.977293,0.199547],[0.564617,-0.125395,-0.815772],[0.822271,0.170803,0.54286]],[[0.0712648,-0.977293,0.199547],[-0.133301,-0.207592,-0.96909],[0.98851,0.0424623,-0.145068]]],3],[984,[-0.764393,0.045311,-0.643157],98,50.5107,[60.1448,65.1192,-30.6971],[60.2803,64.4047,-30.2878],[-6.02942,-85.911,60.644],false,[97.4803,74.2847,73.7027],[88.6836,64.7964,17.1795],[88.2189,62.3013,-18.0885],[73.2682,63.1875,-30.6679],[56.161,65.268,-30.3182],[[[-0.102871,-0.978232,0.180221],[0.983058,-0.127617,-0.131569],[0.151705,0.163633,0.974787]],[[-0.118972,-0.99031,0.0716302],[0.992811,-0.119607,-0.00462225],[0.0131449,0.0705653,0.997421]],[[-0.118972,-0.99031,0.0716302],[0.633679,-0.131271,-0.762377],[0.764393,-0.045311,0.643157]],[[-0.118972,-0.99031,0.0716302],[-0.0287354,-0.0686782,-0.997225],[0.992482,-0.1207,-0.0202862]]],4],[1020,[0.904943,0.0481784,-0.422796],102,50.3817,[-67.7719,135.41,25.8464],[-67.8452,135.293,25.9443],[-4.07527,-129.915,24.3275],false,[-156.12,125.24,66.7906],[-156.12,125.24,66.7906],[-113.185,135.522,47.31],[-83.3575,137.11,33.3743],[-63.0803,134.652,23.6445],[[[-0.719574,-0.234302,-0.653694],[-0.536897,0.784733,0.309735],[-0.440404,-0.573844,0.690469]],[[-0.425237,0.0653669,-0.902719],[-0.165965,0.974845,0.14877],[-0.889735,-0.213082,0.403691]],[[-0.425237,0.0653669,-0.902719],[-0.0158547,0.996698,0.0796406],[-0.904943,-0.0481784,0.422796]],[[-0.425237,0.0653669,-0.902719],[0.12619,0.991929,0.0123833],[-0.896242,0.108648,0.430053]]],0],[1021,[0.929482,-0.0508375,-0.365349],102,56.8501,[-83.484,145.335,-47.9751],[-83.0253,145.48,-48.0494],[68.0443,-181.042,3.01951],false,[-168.397,122.001,47.7149],[-126.22,143.434,-5.38763],[-116.229,148.793,-45.3426],[-94.5106,147.605,-53.8793],[-80.1846,144.642,-46.2117],[[[0.0292202,-0.93476,-0.354076],[-0.804645,0.188163,-0.563153],[-0.593037,-0.301361,0.746652]],[[-0.116752,-0.980082,-0.160652],[-0.963585,0.150965,-0.220711],[-0.240567,-0.129033,0.962018]],[[-0.116752,-0.980082,-0.160652],[-0.349904,0.191978,-0.916903],[-0.929481,0.0508375,0.365349]],[[-0.116752,-0.980082,-0.160652],[0.483804,0.0851423,-0.871025],[-0.867354,0.179418,-0.464227]]],1],[1022,[0.96009,0.0266733,-0.278415],102,64.7762,[-77.0036,125.948,-55.1679],[-76.544,126.263,-55.1166],[46.1811,-190.47,18.2389],false,[-169.04,111.475,42.1936],[-129.072,122.962,-10.9059],[-115.03,125.439,-55.2669],[-88.6377,126.172,-62.9205],[-73.522,125.843,-52.8493],[[[0.0855714,-0.98517,-0.148719],[-0.800945,0.02076,-0.598377],[-0.592591,-0.17032,0.787291]],[[0.0127479,-0.998581,-0.0517081],[-0.953429,0.0034456,-0.301597],[-0.301347,-0.0531447,0.952032]],[[0.0127479,-0.998581,-0.0517081],[-0.2794,0.0460952,-0.959068],[-0.96009,-0.0266733,0.278415]],[[0.0127479,-0.998581,-0.0517081],[0.554533,0.0500917,-0.830653],[-0.832064,0.0180847,-0.554384]]],2],[1023,[0.979956,-0.0669816,-0.187614],102,62.284,[-72.382,93.7847,-45.0254],[-72.8921,93.6685,-45.2454],[40.3598,-180.854,65.9001],false,[-168.256,99.9854,39.2908],[-133.023,101.312,-9.9412],[-110.842,94.9579,-46.4548],[-84.5992,93.1642,-51.4791],[-68.6663,93.8046,-42.9954],[[[0.0575677,-0.998239,0.0142924],[-0.811267,-0.055119,-0.582071],[-0.581834,-0.0219135,0.813012]],[[-0.0391754,-0.988185,0.148177],[-0.857182,-0.0429744,-0.513218],[-0.513522,0.14712,0.84537]],[[-0.0391754,-0.988185,0.148177],[-0.195322,-0.137857,-0.971002],[-0.979956,0.0669816,0.187614]],[[-0.0391754,-0.988185,0.148177],[0.469401,-0.14911,-0.870304],[-0.882116,-0.0354598,-0.469696]]],3],[1024,[0.941896,0.145795,-0.302615],102,48.8295,[-90.036,86.2419,-37.1975],[-90.3369,85.8323,-37.1856],[13.2566,-130.389,46.8964],false,[-163.493,87.3773,42.057],[-133.928,81.1922,-5.16395],[-119.426,80.656,-36.1132],[-101.617,83.4127,-41.835],[-86.5306,86.9111,-35.6858],[[[0.123088,-0.971145,0.204271],[-0.840633,-0.211429,-0.498633],[-0.527433,0.110341,0.842401]],[[0.184502,-0.97738,0.103379],[-0.886558,-0.210908,-0.411743],[-0.424233,0.0156839,0.905417]],[[0.184502,-0.97738,0.103379],[-0.280698,-0.153205,-0.94749],[-0.941896,-0.145795,0.302615]],[[0.184502,-0.97738,0.103379],[0.382385,-0.0255122,-0.923651],[-0.905395,-0.209946,-0.369028]]],4]],[[0,200,0],[235.247,235.247,147.751]]],[147447,5041708748,[[98,"right",[-0.110508,0.112644,-0.987471],[-0.97007,-0.228376,0.0825091],[81.5701,100.37,33.1449],[-0.599515,-41.821,37.391],[81.5824,100.609,32.7948],0,0.771967,0.960452,[[0.117667,-0.938502,-0.324605],[0.873871,0.253124,-0.415064],[0.471703,-0.234824,0.849914]],63.72,[220.736,24.5002,314.563],[93.3765,87.9027,85.0866]],[102,"left",[0.468246,0.15997,-0.868997],[0.882088,-0.142098,0.449142],[-136.711,115.148,11.4153],[-3.58807,-61.0249,-14.2232],[-136.744,115.375,11.4545],0,0.715534,0.543147,[[-0.0275247,-0.97241,-0.231648],[-0.710366,0.182068,-0.679876],[-0.703294,-0.145842,0.695778]],61.5991,[-348.788,62.1253,234.981],[-165.219,100.192,53.3734]]],[[980,[-0.682321,0.0341941,-0.730252],98,52.1164,[8.52911,135.785,22.7025],[8.53513,135.913,22.8635],[-2.05378,-58.3732,29.2767],false,[77.1138,112.619,93.1914],[77.1138,112.619,93.1914],[44.0119,130.25,60.2492],[20.7477,131.416,35.3508],[4.85169,136.869,19.0627],[[[0.9331,-0.162885,-0.320613],[0.302943,0.836436,0.456729],[0.193777,-0.523301,0.829823]],[[0.729076,0.105226,-0.676295],[0.169423,0.929613,0.327286],[0.663132,-0.353196,0.659931]],[[0.729076,0.105226,-0.676295],[-0.0537163,0.99386,0.0967281],[0.682321,-0.0341941,0.730252]],[[0.729076,0.105226,-0.676295],[0.0843636,0.96676,0.241368],[0.679213,-0.23303,0.695964]]],0],[981,[-0.775184,-0.154225,-0.612621],98,58.8075,[49.683,125.54,-41.9474],[49.6828,125.377,-42.0918],[1.29639,-55.1061,31.3766],false,[96.6433,110.49,79.9268],[75.4894,127.89,11.6462],[80.5609,132.742,-30.739],[61.8243,129.014,-45.5463],[46.0513,124.453,-40.8223],[[[0.194597,-0.934393,-0.298399],[0.937792,0.266408,-0.222648],[0.287537,-0.23651,0.928109]],[[0.254813,-0.96369,-0.0798241],[0.959758,0.241967,0.142535],[-0.118045,-0.112932,0.986566]],[[0.254813,-0.96369,-0.0798241],[0.578066,0.217982,-0.786336],[0.775184,0.154225,0.612621]],[[0.254813,-0.96369,-0.0798241],[-0.287764,0.00323862,-0.957696],[0.92318,0.267004,-0.27649]]],1],[982,[-0.758132,-0.130956,-0.638817],98,67.0064,[53.7987,99.7886,-54.2626],[53.2872,100.079,-54.1665],[8.80598,-64.1883,36.0135],false,[100.441,99.7016,75.3663],[82.3345,107.098,8.39595],[89.3922,104.932,-39.2357],[67.8336,101.208,-57.4014],[49.6048,99.2918,-53.2569],[[[0.068914,-0.989389,-0.127907],[0.963276,0.0993451,-0.24946],[0.25952,-0.106018,0.959901]],[[0.118418,-0.990988,0.062614],[0.982108,0.126189,0.139783],[-0.146424,0.0449409,0.988201]],[[0.118418,-0.990988,0.062614],[0.641259,0.028178,-0.766807],[0.758132,0.130956,0.638817]],[[0.118418,-0.990988,0.062614],[-0.212169,-0.0868538,-0.973366],[0.970032,0.10198,-0.220542]]],2],[983,[-0.823756,-0.173853,-0.53963],98,64.4285,[46.7555,70.6225,-44.7258],[47.3892,71.0422,-44.9903],[-18.3659,-68.4754,51.7424],false,[101.938,87.7829,72.7906],[87.7728,85.2372,11.8262],[83.6971,75.8587,-31.6674],[60.8774,71.0427,-46.6163],[42.4111,70.2388,-43.8881],[[[0.0335403,-0.998862,0.0339162],[0.97352,0.0249736,-0.227235],[0.226129,0.0406396,0.973249]],[[0.0725979,-0.976333,0.203723],[0.993181,0.0520869,-0.104302],[0.091222,0.209906,0.973457]],[[0.0725979,-0.976333,0.203723],[0.562277,-0.128