{"metadata":{"formatVersion":2,"generatedBy":"LeapJS Playback 0.2.1","frames":81,"protocolVersion":6,"serviceVersion":"2.2.5+26752","frameRate":"88","modified":"Thu Apr 16 2015 19:54:02 GMT-0300 (E. South America Standard Time)"},"frames":[["id","timestamp",{"hands":[["id","type","direction","palmNormal","palmPosition","palmVelocity","stabilizedPalmPosition","pinchStrength","grabStrength","confidence","armBasis","armWidth","elbow","wrist"]]},{"pointables":[["id","direction","handId","length","stabilizedTipPosition","tipPosition","tipVelocity","tool","carpPosition","mcpPosition","pipPosition","dipPosition","btipPosition","bases","type"]]},{"interactionBox":["center","size"]}],[147361,5040685425,[[98,"right",[-0.0828495,0.265022,-0.960677],[-0.953914,-0.30008,-0.000516892],[88.5462,140.295,27.542],[-36.5936,-224.896,14.9627],[88.6888,150.271,27.3819],0,0.556679,0.951574,[[0.185609,-0.865648,-0.464976],[0.850862,0.378282,-0.364604],[0.491511,-0.327957,0.80676]],63.72,[232.047,31.7466,295.129],[99.3395,120.295,77.3042]],[102,"left",[0.324231,0.313817,-0.892408],[0.945975,-0.105079,0.306742],[-139.92,146.317,14.6068],[33.0696,-160.08,-4.32173],[-139.852,157.606,14.8695],0,0.560762,0.789121,[[0.0267292,-0.933066,-0.35871],[-0.774826,0.207388,-0.597189],[-0.631609,-0.2939,0.717421]],61.5991,[-325.637,46.7085,244.73],[-160.778,123.42,57.4733]]],[[980,[-0.66166,0.156475,-0.733295],98,52.1164,[14.1545,186.642,23.295],[13.7501,177.436,21.9434],[-31.5403,-225.166,-23.8321],false,[81.0985,142.271,88.5018],[81.0985,142.271,88.5018],[48.1599,163.848,57.822],[25.6002,169.183,32.8199],[10.0848,178.641,18.0704],[[[0.953098,-0.0486264,-0.29873],[0.22682,0.768252,0.598616],[0.200392,-0.638298,0.743249]],[[0.743837,0.260112,-0.615669],[0.106257,0.863424,0.493162],[0.65986,-0.432251,0.614608]],[[0.743837,0.260112,-0.615669],[-0.0944018,0.952815,0.288498],[0.66166,-0.156475,0.733295]],[[0.743837,0.260112,-0.615669],[0.0848789,0.87694,0.473044],[0.662949,-0.404125,0.630223]]],0],[981,[-0.748499,-0.0935094,-0.65651],98,58.8075,[54.986,175.986,-44.6482],[55.5449,176.302,-45.1163],[-12.5956,-255.998,8.87141],false,[101.19,143.583,75.9927],[81.3146,170.511,10.4766],[85.1908,182.448,-30.6118],[67.0993,180.187,-46.4799],[51.3437,174.038,-44.0578],[[[0.270412,-0.858853,-0.435027],[0.924061,0.358339,-0.133057],[0.270164,-0.366011,0.890532]],[[0.321603,-0.916978,-0.236056],[0.942566,0.286276,0.172089],[-0.0902246,-0.277843,0.95638]],[[0.321603,-0.916978,-0.236056],[0.579932,0.387823,-0.71643],[0.748499,0.0935094,0.65651]],[[0.321603,-0.916978,-0.236056],[-0.21495,0.17209,-0.961344],[0.922154,0.359911,-0.14176]]],1],[982,[-0.757588,-0.0641549,-0.649573],98,67.0064,[58.009,166.065,-59.4291],[59.9685,153.451,-60.3402],[-27.9214,-258.521,30.3723],false,[105.898,133.947,69.9426],[89.7179,151.007,4.25575],[94.6411,157.486,-43.2528],[73.098,155.661,-61.7243],[54.8984,151.956,-58.8635],[[[0.142908,-0.948826,-0.281613],[0.962181,0.199858,-0.185104],[0.231915,-0.24451,0.941504]],[[0.180876,-0.976821,-0.114478],[0.978188,0.166587,0.124087],[-0.102141,-0.134425,0.985646]],[[0.180876,-0.976821,-0.114478],[0.627172,0.204219,-0.751631],[0.757588,0.0641549,0.649573]],[[0.180876,-0.976821,-0.114478],[-0.171275,0.0833339,-0.981693],[0.968478,0.197172,-0.152232]]],2],[983,[-0.741749,-0.103382,-0.662662],98,64.4285,[56.8747,133.507,-60.4633],[57.9686,123.436,-60.1979],[-7.92689,-216.947,29.4845],false,[108.321,122.729,65.5609],[96.5556,129.27,4.38447],[92.6596,128.238,-40.113],[72.1117,125.374,-58.47],[53.6794,122.979,-60.3684],[[[0.102535,-0.986815,-0.125233],[0.976835,0.123662,-0.174644],[0.187828,-0.104425,0.976635]],[[0.127664,-0.991747,0.0118232],[0.987977,0.126112,-0.0894284],[0.0871993,0.0230978,0.995923]],[[0.127664,-0.991747,0.0118232],[0.658415,0.0758279,-0.748825],[0.741749,0.103382,0.662662]],[[0.127664,-0.991747,0.0118232],[0.102281,0.00130708,-0.994755],[0.98653,0.128203,0.101603]]],3],[984,[-0.722181,0.0606161,-0.689043],98,50.5107,[68.7363,123.62,-45.6626],[69.4749,111.116,-44.6592],[-22.6264,-216.977,41.7996],false,[104.813,108.976,64.5048],[98.683,108.107,6.85105],[96.0706,109.643,-28.378],[81.9456,110.829,-41.8549],[64.9745,111.718,-44.7355],[[[-0.0392351,-0.999045,0.0192326],[0.993623,-0.0410439,-0.105022],[0.105711,0.0149894,0.994284]],[[-0.0454747,-0.998158,-0.0401477],[0.99623,-0.0423413,-0.0757201],[0.0738807,-0.0434397,0.996321]],[[-0.0454747,-0.998158,-0.0401477],[0.690207,-0.00234012,-0.723608],[0.722181,-0.0606161,0.689043]],[[-0.0454747,-0.998158,-0.0401477],[0.168885,0.0319291,-0.985119],[0.984586,-0.0515783,0.167122]]],4],[1020,[0.821371,0.257927,-0.508746],102,50.3817,[-72.7049,189.019,26.1935],[-72.6503,176.787,24.2752],[32.342,-171.832,-31.7079],false,[-152.043,147.291,72.7482],[-152.043,147.291,72.7482],[-113.888,166.442,50.2513],[-86.8153,174.944,33.4826],[-67.984,175.37,20.9496],[[[-0.781836,-0.224501,-0.581663],[-0.551591,0.683966,0.477429],[-0.290654,-0.694111,0.658582]],[[-0.551359,0.130525,-0.823994],[-0.266158,0.908552,0.322013],[-0.790673,-0.396858,0.466198]],[[-0.551359,0.130525,-0.823994],[-0.146127,0.957307,0.24942],[-0.821371,-0.257927,0.508746]],[[-0.551359,0.130525,-0.823994],[0.0567725,0.991266,0.119033],[-0.832334,-0.0188496,0.553953]]],0],[1021,[0.805742,0.136187,-0.576397],102,56.8501,[-95.6791,198.473,-51.5464],[-95.68,191.778,-53.3795],[50.216,-222.402,6.87698],false,[-166.551,145.166,55.1384],[-134.12,176.96,0.406989],[-126.023,188.475,-38.6674],[-107.196,191.657,-52.1355],[-90.6995,190.844,-52.1254],[[[0.0568913,-0.877564,-0.476072],[-0.888157,0.17331,-0.425607],[-0.456005,-0.44704,0.769555]],[[-0.0468695,-0.95549,-0.291276],[-0.979695,0.100876,-0.173267],[-0.194937,-0.277241,0.940817]],[[-0.0468695,-0.95549,-0.291276],[-0.59041,0.261709,-0.763495],[-0.805742,-0.136187,0.576397]],[[-0.0468695,-0.95549,-0.291276],[0.0149085,0.290895,-0.956639],[-0.99879,0.0491797,-0.000610807]]],1],[1022,[0.879913,0.128484,-0.457433],102,64.7762,[-85.2694,184.398,-59.8122],[-84.8018,168.927,-62.9159],[41.4593,-209.183,26.0359],false,[-167.083,135.372,48.3938],[-136.007,157.122,-7.37511],[-121.822,164.638,-51.1184],[-97.6328,168.17,-63.6932],[-79.7477,168.926,-60.5992],[[[0.14533,-0.946494,-0.288148],[-0.875548,0.012596,-0.482966],[-0.460754,-0.322477,0.82687]],[[0.0672888,-0.986738,-0.147719],[-0.950153,-0.0181978,-0.311254],[-0.304437,-0.1613,0.938776]],[[0.0672888,-0.986738,-0.147719],[-0.470346,0.0992002,-0.876889],[-0.879913,-0.128484,0.457433]],[[0.0672888,-0.986738,-0.147719],[0.161904,0.156891,-0.974255],[-0.98451,-0.04164,-0.170314]]],2],[1023,[0.874327,0.0565225,-0.482035],102,62.284,[-88.0188,153.005,-61.6035],[-88.4223,138.091,-62.5115],[58.5315,-204.345,66.765],false,[-165.762,124.454,43.9124],[-137.976,135.228,-8.80173],[-124.783,135.776,-49.9262],[-101.369,137.29,-62.8351],[-83.5262,138.555,-60.3271],[[[0.141529,-0.981871,-0.126093],[-0.877169,-0.0653451,-0.475714],[-0.45885,-0.177932,0.870515]],[[0.0694408,-0.997546,0.00898309],[-0.94967,-0.06886,-0.305589],[-0.305458,-0.0126894,0.952121]],[[0.0694408,-0.997546,0.00898309],[-0.480344,-0.041327,-0.876106],[-0.874327,-0.0565225,0.482035]],[[0.0694408,-0.997546,0.00898309],[0.139138,0.000768049,-0.990273],[-0.987835,-0.0700152,-0.13885]]],3],[1024,[0.829597,0.137704,-0.541116],102,48.8295,[-100.09,127.852,-52.9456],[-99.3765,117.725,-49.983],[39.6752,-152.489,48.551],false,[-159.632,112.144,44.3452],[-136.535,114.69,-6.6671],[-127.338,113.857,-39.5784],[-111.652,116.461,-49.8097],[-95.4215,120.151,-49.0362],[[[0.230446,-0.971481,0.055854],[-0.881547,-0.232728,-0.410746],[-0.41203,-0.0454166,0.910038]],[[0.21701,-0.972441,0.0852341],[-0.938357,-0.231874,-0.25636],[-0.269059,0.0243474,0.962816]],[[0.21701,-0.972441,0.0852341],[-0.514466,-0.188138,-0.836617],[-0.829597,-0.137704,0.541116]],[[0.21701,-0.972441,0.0852341],[0.0640135,-0.0729506,-0.995279],[-0.974068,-0.221442,-0.0464183]]],4]],[[0,200,0],[235.247,235.247,147.751]]],[147362,5040702815,[[98,"right",[-0.0826165,0.249486,-0.964848],[-0.954321,-0.298749,0.00446611],[87.8658,135.629,28.0135],[-37.7628,-244.956,20.5791],[88.2902,143.18,27.6878],0,0.581781,0.956731,[[0.185557,-0.875124,-0.446907],[0.849025,0.371753,-0.375442],[0.494697,-0.309769,0.811984]],63.72,[232.207,32.7882,297.329],[98.6385,116.426,78.093]],[102,"left",[0.325911,0.298163,-0.897152],[0.945383,-0.0969562,0.311209],[-139.37,142.774,14.6169],[32.4234,-180.264,-2.05621],[-139.711,153.251,14.7953],0,0.592298,0.814075,[[0.031329,-0.93908,-0.342268],[-0.768186,0.196459,-0.609339],[-0.63946,-0.282016,0.715233]],61.5991,[-327.196,47.0068,244.526],[-160.288,120.617,57.8409]]],[[980,[-0.661449,0.144955,-0.735849],98,52.1164,[13.5954,179.276,22.3151],[13.1148,172.668,21.7669],[-33.765,-247.484,-16.9164],false,[80.429,138.606,88.934],[80.429,138.606,88.934],[47.5175,159.721,57.9056],[24.965,164.663,32.8164],[9.45348,173.815,17.8712],[[[0.952991,-0.054774,-0.298006],[0.227945,0.77757,0.586025],[0.199622,-0.626406,0.753503]],[[0.744154,0.249016,-0.61986],[0.107412,0.871244,0.478954],[0.659316,-0.422996,0.621592]],[[0.744154,0.249016,-0.61986],[-0.0933861,0.95759,0.27258],[0.661449,-0.144955,0.735849]],[[0.744154,0.249016,-0.61986],[0.0833818,0.88604,0.45605],[0.662784,-0.391056,0.638586]]],0],[981,[-0.750505,-0.106642,-0.652204],98,58.8075,[54.2964,169.541,-44.5889],[54.8314,170.292,-45.1003],[-24.8951,-297.451,5.48514],false,[100.521,139.688,76.403],[80.6731,165.574,10.4601],[84.545,176.719,-30.8504],[66.405,174.141,-46.6144],[50.6657,168.037,-43.9827],[[[0.269185,-0.866178,-0.421041],[0.92453,0.35487,-0.138966],[0.269784,-0.351857,0.896333]],[[0.320878,-0.921559,-0.218557],[0.942823,0.288842,0.166298],[-0.0901251,-0.259422,0.96155]],[[0.320878,-0.921559,-0.218557],[0.577736,0.373306,-0.725853],[0.750505,0.106642,0.652203]],[[0.320878,-0.921559,-0.218557],[-0.220033,0.151913,-0.963591],[0.921207,0.357285,-0.154028]]],1],[982,[-0.763614,-0.0774136,-0.641015],98,67.0064,[58.0352,155.619,-59.1392],[58.9596,147.145,-59.7303],[-42.2935,-306.79,33.2276],false,[105.215,129.948,70.5098],[89.049,145.959,4.55612],[93.7564,151.509,-43.0918],[72.042,149.308,-61.3199],[53.881,145.657,-58.1589],[[[0.141579,-0.953472,-0.266171],[0.962428,0.195512,-0.188435],[0.231707,-0.229492,0.945328]],[[0.180026,-0.978943,-0.0962325],[0.978802,0.168564,0.116334],[-0.097663,-0.115136,0.988537]],[[0.180026,-0.978943,-0.0962325],[0.620068,0.188884,-0.761471],[0.763614,0.0774136,0.641015]],[[0.180026,-0.978943,-0.0962325],[-0.183365,0.0627183,-0.981042],[0.96642,0.194258,-0.168213]]],2],[983,[-0.746307,-0.110863,-0.656304],98,64.4285,[57.0009,125.707,-59.6774],[57.2069,117.547,-59.2154],[-25.2276,-270.918,43.9859],false,[107.622,118.656,66.3107],[95.8572,124.218,5.03734],[92.0194,122.63,-39.4488],[71.3452,119.559,-57.6297],[52.8839,117.179,-59.2449],[[[0.101176,-0.988858,-0.10919],[0.976979,0.119476,-0.176739],[0.187815,-0.0887943,0.978182]],[[0.125726,-0.991761,0.02456],[0.988339,0.123072,-0.0896581],[0.0858967,0.0355461,0.99567]],[[0.125726,-0.991761,0.02456],[0.653619,0.0641854,-0.754097],[0.746307,0.110863,0.656304]],[[0.125726,-0.991761,0.02456],[0.0888652,-0.0133983,-0.995954],[0.988077,0.1274,0.0864485]]],3],[984,[-0.726466,0.0599998,-0.684578],98,50.5107,[68.5753,116.733,-44.501],[68.7827,105.782,-43.3631],[-26.6501,-253.399,57.5583],false,[104.095,104.893,65.4787],[97.9561,103.096,7.84732],[95.6505,104.493,-27.409],[81.4417,105.666,-40.7985],[64.4174,106.58,-43.337],[[[-0.0405921,-0.998546,0.0354717],[0.993552,-0.0440995,-0.104451],[0.105864,0.0310031,0.993897]],[[-0.0481323,-0.998177,-0.0364077],[0.996711,-0.0456184,-0.0669855],[0.0652025,-0.0395121,0.997089]],[[-0.0481323,-0.998177,-0.0364077],[0.685515,-0.00650139,-0.72803],[0.726466,-0.0599998,0.684578]],[[-0.0481323,-0.998177,-0.0364077],[0.148937,0.0288702,-0.988425],[0.987675,-0.0529976,0.147275]]],4],[1020,[0.823655,0.241509,-0.513094],102,50.3817,[-72.4263,183.936,25.3735],[-72.0809,172.939,23.7592],[32.7094,-195.487,-29.8601],false,[-151.656,144.788,72.6971],[-151.656,144.788,72.6971],[-113.408,163.373,49.8867],[-86.2599,171.334,32.9748],[-67.4016,171.412,20.4755],[[[-0.779644,-0.237206,-0.57956],[-0.554653,0.691212,0.463234],[-0.290717,-0.682612,0.670466]],[[-0.549185,0.114134,-0.82787],[-0.264899,0.915772,0.301978],[-0.792606,-0.385144,0.472694]],[[-0.549185,0.114134,-0.82787],[-0.141377,0.963663,0.22664],[-0.823655,-0.241509,0.513094]],[[-0.549185,0.114134,-0.82787],[0.0601886,0.993459,0.0970354],[-0.83353,-0.0034621,0.552463]]],0],[1021,[0.814885,0.122843,-0.566455],102,56.8501,[-94.5483,191.429,-51.9626],[-94.7939,186.817,-53.559],[48.3118,-250.793,-0.289418],false,[-166.11,142.301,55.0899],[-133.607,173.165,-0.129355],[-125.427,183.914,-39.4038],[-106.386,186.784,-52.6396],[-89.9004,185.89,-52.1697],[[[0.0604453,-0.886035,-0.459661],[-0.887409,0.163136,-0.431153],[-0.457004,-0.433968,0.776414]],[[-0.0443949,-0.961185,-0.272311],[-0.979405,0.0956165,-0.177828],[-0.196963,-0.258808,0.945634]],[[-0.0443949,-0.961185,-0.272311],[-0.57792,0.24705,-0.777802],[-0.814885,-0.122843,0.566455]],[[-0.0443949,-0.961185,-0.272311],[0.0420952,0.270538,-0.961789],[-0.998127,0.0541615,-0.0284508]]],1],[1022,[0.891539,0.120365,-0.436657],102,64.7762,[-84.3143,176.178,-60.0439],[-83.7742,163.983,-62.1072],[48.4189,-243.595,38.4204],false,[-166.598,132.383,48.5256],[-135.423,153.182,-7.54965],[-121.044,159.93,-51.3552],[-96.536,163.239,-63.3589],[-78.7989,163.994,-59.5059],[[[0.148537,-0.951261,-0.270257],[-0.874232,0.00142544,-0.485506],[-0.462228,-0.308383,0.831411]],[[0.0702025,-0.989115,-0.129315],[-0.948606,-0.0260948,-0.315383],[-0.308575,-0.14481,0.940112]],[[0.0702025,-0.989115,-0.129315],[-0.44747,0.084635,-0.890285],[-0.891539,-0.120365,0.436657]],[[0.0702025,-0.989115,-0.129315],[0.20441,0.141148,-0.968656],[-0.976365,-0.0415688,-0.212094]]],2],[1023,[0.886925,0.0491529,-0.459291],102,62.284,[-87.4531,146.041,-60.8262],[-87.2275,133.233,-61.0943],[63.5712,-240.501,75.6146],false,[-165.237,121.387,44.2497],[-137.333,131.261,-8.5779],[-123.818,130.991,-49.6006],[-100.066,132.308,-61.9004],[-82.3472,133.661,-58.666],[[[0.144375,-0.983657,-0.107589],[-0.875675,-0.0763728,-0.476823],[-0.460813,-0.163054,0.87239]],[[0.0707093,-0.99705,0.0298415],[-0.94715,-0.0764947,-0.311537],[-0.312901,0.00623586,0.949765]],[[0.0707093,-0.99705,0.0298415],[-0.456469,-0.0589434,-0.887785],[-0.886925,-0.0491529,0.459291]],[[0.0707093,-0.99705,0.0298415],[0.180777,-0.0166121,-0.983384],[-0.980979,-0.0749291,-0.179069]]],3],[1024,[0.83884,0.148998,-0.52359],102,48.8295,[-99.7674,125.708,-52.0303],[-98.4992,114.123,-48.6397],[44.6726,-175.226,63.7436],false,[-159.077,109.103,44.9261],[-135.845,110.769,-6.06119],[-126.567,109.976,-38.9508],[-110.707,112.794,-48.8507],[-94.5638,116.692,-47.4838],[[[0.232759,-0.969686,0.0743778],[-0.879808,-0.242541,-0.408793],[-0.41444,-0.0297122,0.909591]],[[0.226821,-0.970011,0.0873516],[-0.935352,-0.241952,-0.258021],[-0.271419,0.0231799,0.962182]],[[0.226821,-0.970011,0.0873516],[-0.494873,-0.192035,-0.847481],[-0.83884,-0.148998,0.52359]],[[0.226821,-0.970011,0.0873516],[0.100007,-0.0660182,-0.992794],[-0.968788,-0.233922,-0.0820338]]],4]],[[0,200,0],[235.247,235.247,147.751]]],[147363,5040711487,[[98,"right",[-0.0799611,0.244101,-0.966447],[-0.954189,-0.299185,0.00338002],[87.4334,133.537,28.3757],[-40.983,-243.978,26.2145],[88.0193,140.13,27.9053],0,0.593158,0.958978,[[0.186753,-0.878469,-0.439791],[0.846929,0.370818,-0.381057],[0.497829,-0.301308,0.813252]],63.72,[232.485,33.263,298.169],[98.0712,114.616,78.5914]],[102,"left",[0.324393,0.295277,-0.898655],[0.945866,-0.0908901,0.311571],[-139.168,141.013,14.7383],[29.9869,-186.348,2.2143],[-139.612,151.031,14.785],0,0.605319,0.807873,[[0.0327032,-0.942065,-0.333832],[-0.765187,0.191277,-0.614738],[-0.642977,-0.275548,0.7146]],61.5991,[-327.802,47.0477,244.594],[-159.976,118.969,58.0739]]],[[980,[-0.659376,0.140168,-0.738631],98,52.1164,[13.2678,176.098,21.9622],[12.6771,170.434,21.6777],[-38.142,-250.099,-14.9118],false,[79.8201,136.847,89.2571],[79.8201,136.847,89.2571],[46.9847,157.753,58.0076],[24.5028,162.532,32.8235],[9.02596,171.554,17.7634],[[[0.953869,-0.0559581,-0.294961],[0.225894,0.780913,0.582363],[0.197751,-0.622128,0.757529]],[[0.7458,0.245957,-0.619102],[0.105315,0.874127,0.474141],[0.657792,-0.418815,0.626022]],[[0.7458,0.245957,-0.619102],[-0.0948928,0.959092,0.266716],[0.659376,-0.140168,0.738631]],[[0.7458,0.245957,-0.619102],[0.0803723,0.889336,0.450136],[0.661303,-0.38547,0.643499]]],0],[981,[-0.749141,-0.111886,-0.652893],98,58.8075,[54.0787,167.153,-44.4775],[54.5766,167.701,-44.9767],[-25.4608,-297.683,7.84465],false,[99.9475,137.869,76.7781],[80.277,163.38,10.6362],[84.2739,174.258,-30.7337],[66.1668,171.554,-46.5143],[50.4325,165.45,-43.851],[[[0.270802,-0.868364,-0.415464],[0.924758,0.354546,-0.138274],[0.267373,-0.346759,0.899038]],[[0.322153,-0.922757,-0.211511],[0.942105,0.290533,0.167415],[-0.0930324,-0.253198,0.962931]],[[0.322153,-0.922757,-0.211511],[0.578797,0.368782,-0.72732],[0.749141,0.111886,0.652893]],[[0.322153,-0.922757,-0.211511],[-0.219403,0.144564,-0.964864],[0.920913,0.35724,-0.155884]]],1],[982,[-0.764489,-0.0826358,-0.639318],98,67.0064,[57.9007,151.23,-58.9065],[58.594,144.455,-59.3595],[-42.8333,-307.406,35.8161],false,[104.663,128.1,70.9524],[88.6791,143.738,4.86494],[93.3885,148.975,-42.8181],[71.6491,146.625,-60.998],[53.4992,142.977,-57.7712],[[[0.142793,-0.954861,-0.260481],[0.962873,0.194935,-0.18675],[0.229097,-0.224143,0.947246]],[[0.180884,-0.979405,-0.0897045],[0.978639,0.170178,0.115345],[-0.097704,-0.108652,0.989267]],[[0.180884,-0.979405,-0.0897045],[0.618739,0.18422,-0.763692],[0.764489,0.0826358,0.639318]],[[0.180884,-0.979405,-0.0897045],[-0.185587,0.0555801,-0.981055],[0.965836,0.194105,-0.171711]]],2],[983,[-0.746833,-0.113761,-0.655209],98,64.4285,[56.9671,122.237,-59.2298],[56.9976,115.039,-58.7129],[-25.5969,-274.64,48.9704],false,[107.087,116.786,66.8228],[95.4961,122.003,5.48606],[91.8084,120.246,-39.0064],[71.1197,117.094,-57.157],[52.6515,114.706,-58.6797],[[[0.101955,-0.989398,-0.103422],[0.977427,0.118972,-0.174592],[0.185045,-0.0832872,0.979194]],[[0.125835,-0.991635,0.0287413],[0.988612,0.122936,-0.0867956],[0.0825362,0.0393359,0.995811]],[[0.125835,-0.991635,0.0287413],[0.652997,0.0609834,-0.754901],[0.746833,0.113761,0.655209]],[[0.125835,-0.991635,0.0287413],[0.0844908,-0.0181537,-0.996259],[0.988447,0.127793,0.0814997]]],3],[984,[-0.726873,0.0609104,-0.684066],98,50.5107,[68.4718,113.519,-43.8828],[68.5718,103.547,-42.7145],[-24.4861,-251.83,62.4551],false,[103.569,103.017,66.0568],[97.5969,100.897,8.41895],[95.5109,102.328,-26.8497],[81.2941,103.519,-40.2292],[64.2529,104.434,-42.6516],[[[-0.040223,-0.998354,0.0408827],[0.993869,-0.0441927,-0.101352],[0.102992,0.0365553,0.99401]],[[-0.0482202,-0.998127,-0.0376372],[0.997093,-0.0458764,-0.0608338],[0.0589932,-0.0404612,0.997438]],[[-0.0482202,-0.998127,-0.0376372],[0.685077,-0.00562832,-0.728449],[0.726873,-0.0609104,0.684066]],[[-0.0482202,-0.998127,-0.0376372],[0.142271,0.0304334,-0.98936],[0.988653,-0.0530618,0.140537]]],4],[1020,[0.823033,0.239074,-0.515228],102,50.3817,[-72.2844,181.418,24.9987],[-71.97,171.258,23.6554],[27.5157,-194.975,-24.7897],false,[-151.458,143.255,72.8093],[-151.458,143.255,72.8093],[-113.269,161.802,49.8694],[-86.1416,169.682,32.8871],[-67.2884,169.725,20.38],[[[-0.778556,-0.243799,-0.578285],[-0.55791,0.690833,0.459876],[-0.287381,-0.68067,0.67387]],[[-0.549779,0.107438,-0.828372],[-0.267319,0.916911,0.296337],[-0.791381,-0.384359,0.475378]],[[-0.549779,0.107438,-0.828372],[-0.142688,0.965039,0.219863],[-0.823033,-0.239074,0.515228]],[[-0.549779,0.107438,-0.828372],[0.0578285,0.99421,0.0905668],[-0.833306,-0.00188816,0.552808]]],0],[1021,[0.818919,0.121311,-0.560942],102,56.8501,[-94.1854,188.651,-51.9973],[-94.6616,184.785,-53.358],[38.6781,-246.089,6.64262],false,[-165.902,140.612,55.2164],[-133.553,171.357,-0.158847],[-125.41,181.92,-39.4918],[-106.275,184.754,-52.5988],[-89.7973,183.871,-51.8917],[[[0.0646405,-0.887999,-0.455279],[-0.888221,0.156752,-0.431847],[-0.454846,-0.432303,0.778607]],[[-0.0401722,-0.962891,-0.266885],[-0.979771,0.0903668,-0.178555],[-0.196047,-0.254314,0.947043]],[[-0.0401722,-0.962891,-0.266885],[-0.572502,0.241092,-0.783656],[-0.818919,-0.121311,0.560942]],[[-0.0401722,-0.962891,-0.266885],[0.0554967,0.264538,-0.962777],[-0.99765,0.0534881,-0.0428102]]],1],[1022,[0.892043,0.122447,-0.435048],102,64.7762,[-83.9402,172.539,-60.0971],[-83.6763,162.096,-61.9207],[36.3498,-236.093,32.496],false,[-166.343,130.659,48.7012],[-135.273,151.33,-7.47998],[-121.01,157.936,-51.3446],[-96.4877,161.303,-63.3041],[-78.7789,162.146,-59.3404],[[[0.153061,-0.951865,-0.265566],[-0.874276,-0.00516024,-0.485402],[-0.460666,-0.306474,0.832983]],[[0.0750291,-0.989364,-0.12462],[-0.949037,-0.0324844,-0.313485],[-0.306103,-0.14179,0.94138]],[[0.0750291,-0.989364,-0.12462],[-0.44568,0.0785251,-0.891742],[-0.892043,-0.122447,0.435048]],[[0.0750291,-0.989364,-0.12462],[0.210079,0.13785,-0.967917],[-0.974801,-0.0464419,-0.218187]]],2],[1023,[0.889816,0.0508388,-0.453478],102,62.284,[-87.1498,142.772,-60.397],[-86.8753,131.331,-60.5787],[56.6267,-235.348,70.9072],false,[-164.93,119.649,44.4797],[-137.078,129.394,-8.39953],[-123.534,128.951,-49.4113],[-99.705,130.313,-61.5554],[-82.0329,131.766,-58.1168],[[[0.14907,-0.983475,-0.102739],[-0.875346,-0.0829206,-0.476334],[-0.459943,-0.160939,0.873242]],[[0.0750553,-0.996545,0.0355524],[-0.946596,-0.0824138,-0.311712],[-0.313565,0.0102581,0.949511]],[[0.0750553,-0.996545,0.0355524],[-0.450104,-0.065671,-0.890558],[-0.889816,-0.0508388,0.453478]],[[0.0750553,-0.996545,0.0355524],[0.192582,-0.0204958,-0.981067],[-0.978406,-0.080481,-0.190378]]],3],[1024,[0.840781,0.158636,-0.517611],102,48.8295,[-99.5798,124.509,-51.5227],[-98.1831,112.699,-48.0952],[41.357,-171.74,63.8725],false,[-158.711,107.398,45.2161],[-135.492,108.923,-5.78166],[-126.28,108.277,-38.6929],[-110.383,111.277,-48.4798],[-94.2977,115.319,-46.8712],[[[0.237405,-0.968181,0.0791459],[-0.878677,-0.248768,-0.407482],[-0.414205,-0.0271945,0.909777]],[[0.23486,-0.96833,0.0847236],[-0.933923,-0.24896,-0.256527],[-0.269496,0.0188773,0.962817]],[[0.23486,-0.96833,0.0847236],[-0.487778,-0.1928,-0.851411],[-0.840781,-0.158636,0.517611]],[[0.23486,-0.96833,0.0847236],[0.114032,-0.0591123,-0.991717],[-0.965317,-0.242576,-0.0965378]]],4]],[[0,200,0],[235.247,235.247,147.751]]],[147364,5040720581,[[98,"right",[-0.0803732,0.241125,-0.96716],[-0.953793,-0.300433,0.00436081],[87.2243,131.165,28.687],[-36.0007,-248.631,28.4351],[87.7281,136.847,28.1916],0,0.60696,0.960226,[[0.190719,-0.881831,-0.431278],[0.84486,0.37116,-0.385295],[0.499838,-0.290886,0.815811]],63.72,[232.848,33.8688,299.226],[97.8917,112.408,78.9576]],[102,"left",[0.32557,0.28518,-0.901486],[0.945412,-0.0838743,0.3149],[-138.612,138.924,14.7037],[38.622,-198.353,0.548506],[-139.395,148.402,14.7673],0,0.62757,0.768891,[[0.0372356,-0.94589,-0.322345],[-0.759497,0.182848,-0.624284],[-0.649444,-0.268066,0.711592]],61.5991,[-328.964,47.3823,243.996],[-159.451,117.351,58.2606]]],[[980,[-0.65962,0.136303,-0.739136],98,52.1164,[12.9072,172.604,21.7509],[12.4086,167.841,21.846],[-35.7359,-259.563,-5.34649],false,[79.6123,134.646,89.559],[79.6123,134.646,89.559],[46.7418,155.409,58.2508],[24.2517,160.056,33.0495],[8.75309,168.936,17.9276],[[[0.953915,-0.0555745,-0.294886],[0.224917,0.782936,0.580021],[0.198643,-0.619615,0.759354]],[[0.745352,0.245162,-0.619957],[0.104102,0.875721,0.471461],[0.658494,-0.415943,0.627199]],[[0.745352,0.245162,-0.619957],[-0.096706,0.959853,0.263307],[0.65962,-0.136303,0.739136]],[[0.745352,0.245162,-0.619957],[0.076814,0.892154,0.445153],[0.662231,-0.379417,0.646137]]],0],[981,[-0.749602,-0.116672,-0.651525],98,58.8075,[53.8355,164.378,-44.2229],[54.3013,164.953,-44.7047],[-25.7105,-298.929,13.7639],false,[99.7371,135.658,77.0751],[80.0268,160.946,10.8596],[84.0296,171.641,-30.5573],[65.9114,168.821,-46.305],[50.1974,162.697,-43.5685],[[[0.27191,-0.869235,-0.412911],[0.924276,0.355354,-0.139415],[0.267914,-0.343735,0.900038]],[[0.323705,-0.923212,-0.20711],[0.94156,0.292764,0.166597],[-0.0931704,-0.248934,0.964028]],[[0.323705,-0.923212,-0.20711],[0.577332,0.366151,-0.729809],[0.749602,0.116672,0.651525]],[[0.323705,-0.923212,-0.20711],[-0.222094,0.138638,-0.965118],[0.919722,0.358411,-0.160162]]],1],[982,[-0.767521,-0.0870593,-0.635085],98,67.0064,[57.6037,146.713,-58.5272],[58.1555,141.667,-58.8937],[-44.4645,-306.835,39.9837],false,[104.465,125.877,71.2779],[88.4543,141.298,5.14593],[93.0108,146.339,-42.573],[71.1853,143.864,-60.6326],[53.0623,140.196,-57.2797],[[[0.144029,-0.955441,-0.257658],[0.962598,0.195651,-0.187422],[0.229481,-0.221027,0.947885]],[[0.18232,-0.979465,-0.0860721],[0.978684,0.172363,0.111661],[-0.0945325,-0.104595,0.990012]],[[0.18232,-0.979465,-0.0860721],[0.61455,0.181851,-0.767632],[0.767521,0.0870593,0.635085]],[[0.18232,-0.979465,-0.0860721],[-0.191556,0.0504784,-0.980183],[0.964399,0.195195,-0.178419]]],2],[983,[-0.750396,-0.114858,-0.650933],98,64.4285,[56.856,118.567,-58.634],[56.7867,112.51,-58.1398],[-25.1565,-273.753,54.7157],false,[106.904,114.555,67.1817],[95.3001,119.574,5.83092],[91.7012,117.816,-38.6688],[70.9137,114.634,-56.7009],[52.4295,112.235,-57.9926],[[[0.103252,-0.989566,-0.100494],[0.977253,0.119743,-0.175039],[0.185246,-0.0801353,0.979419]],[[0.126673,-0.991523,0.0289266],[0.988669,0.123833,-0.0848497],[0.0805483,0.0393469,0.995974]],[[0.126673,-0.991523,0.0289266],[0.648738,0.0607491,-0.758584],[0.750396,0.114858,0.650933]],[[0.126673,-0.991523,0.0289266],[0.0722617,-0.01986,-0.997188],[0.989309,0.128407,0.0691334]]],3],[984,[-0.731281,0.0635675,-0.679107],98,50.5107,[68.3181,110.068,-43.1407],[68.3364,101.252,-42.058],[-24.2037,-249.602,66.0739],false,[103.404,100.779,66.457],[97.4289,98.4799,8.82625],[95.4083,100.064,-26.4396],[81.1053,101.308,-39.7221],[64.0322,102.215,-41.9111],[[[-0.0389011,-0.99828,0.0438504],[0.993917,-0.0431815,-0.101317],[0.103037,0.0396422,0.993887]],[[-0.0476499,-0.997976,-0.0421043],[0.997228,-0.045118,-0.0591654],[0.057146,-0.0448068,0.99736]],[[-0.0476499,-0.997976,-0.0421043],[0.68041,-0.00156936,-0.73283],[0.731281,-0.0635675,0.679107]],[[-0.0476499,-0.997976,-0.0421043],[0.128955,0.0356532,-0.991009],[0.990505,-0.0526511,0.126995]]],4],[1020,[0.824538,0.228643,-0.517552],102,50.3817,[-72.0309,178.46,24.5578],[-71.4395,169.003,23.2946],[36.269,-210.29,-28.3196],false,[-151.049,141.845,72.7134],[-151.049,141.845,72.7134],[-112.801,160.021,49.5749],[-85.6233,167.558,32.516],[-66.745,167.404,20.0476],[[[-0.776362,-0.253541,-0.577044],[-0.561281,0.694629,0.449949],[-0.286751,-0.673207,0.681591]],[[-0.548057,0.0954247,-0.83098],[-0.26724,0.921424,0.282064],[-0.792601,-0.376658,0.479492]],[[-0.548057,0.0954247,-0.83098],[-0.14061,0.968822,0.20399],[-0.824538,-0.228643,0.517552]],[[-0.548057,0.0954247,-0.83098],[0.0582305,0.995413,0.0759024],[-0.834412,0.00678957,0.5511]]],0],[1021,[0.828188,0.112788,-0.548984],102,56.8501,[-93.5707,185.325,-51.9642],[-93.8287,181.763,-53.2827],[52.4107,-269.385,8.8313],false,[-165.441,138.936,55.1207],[-133.061,169.1,-0.555761],[-124.802,179.156,-39.997],[-105.45,181.791,-52.8245],[-89.0015,180.856,-51.6525],[[[0.0686538,-0.89336,-0.444065],[-0.887696,0.14843,-0.435849],[-0.455283,-0.424117,0.782842]],[[-0.0368309,-0.966471,-0.254122],[-0.979336,0.0855103,-0.183272],[-0.198857,-0.242121,0.949649]],[[-0.0368309,-0.966471,-0.254122],[-0.559239,0.23068,-0.796266],[-0.828188,-0.112788,0.548984]],[[-0.0368309,-0.966471,-0.254122],[0.0829657,0.250459,-0.964566],[-0.995872,0.0566092,-0.0709593]]],1],[1022,[0.897814,0.119429,-0.423872],102,64.7762,[-83.3482,168.394,-60.0122],[-82.8216,159.202,-61.5161],[51.6651,-258.058,36.6093],false,[-165.834,128.902,48.7286],[-134.698,148.977,-7.63168],[-120.265,155.102,-51.5107],[-95.5838,158.385,-63.1629],[-77.9666,159.293,-58.8233],[[[0.15683,-0.954573,-0.253366],[-0.87309,-0.0140872,-0.487356],[-0.461648,-0.297643,0.835637]],[[0.07871,-0.990544,-0.112375],[-0.947556,-0.0393125,-0.317164],[-0.309747,-0.131446,0.941689]],[[0.07871,-0.990544,-0.112375],[-0.433284,0.0675293,-0.898724],[-0.897814,-0.119429,0.423872]],[[0.07871,-0.990544,-0.112375],[0.231005,0.12778,-0.964525],[-0.969764,-0.0499585,-0.238878]]],2],[1023,[0.895837,0.048199,-0.44176],102,62.284,[-86.6118,138.927,-59.7835],[-85.9232,128.479,-59.8135],[69.3928,-257.179,74.8988],false,[-164.374,117.845,44.6474],[-136.428,127.026,-8.28306],[-122.698,126.083,-49.2243],[-98.7075,127.374,-61.0546],[-81.1178,128.934,-57.2587],[[[0.152553,-0.984173,-0.0901686],[-0.873925,-0.0917322,-0.477326],[-0.4615,-0.151618,0.874088]],[[0.077748,-0.995767,0.0490188],[-0.944937,-0.0892779,-0.314838],[-0.317882,0.0218417,0.947879]],[[0.077748,-0.995767,0.0490188],[-0.437528,-0.0782589,-0.895793],[-0.895837,-0.048199,0.44176]],[[0.077748,-0.995767,0.0490188],[0.213502,-0.0313974,-0.976438],[-0.973844,-0.0863817,-0.210157]]],3],[1024,[0.843933,0.1704,-0.508666],102,48.8295,[-99.3043,123.003,-50.8827],[-97.4963,110.789,-47.2764],[48.2432,-179.705,70.3855],false,[-158.117,105.625,45.5505],[-134.781,106.594,-5.40749],[-125.671,106.094,-38.3495],[-109.714,109.316,-47.9673],[-93.7155,113.536,-45.9923],[[[0.240401,-0.966331,0.0917194],[-0.876875,-0.256723,-0.406428],[-0.416291,-0.0172793,0.909067]],[[0.244688,-0.966101,0.0823254],[-0.932251,-0.257752,-0.253914],[-0.266526,0.0146182,0.963717]],[[0.244688,-0.966101,0.0823254],[-0.477395,-0.193942,-0.857019],[-0.843933,-0.1704,0.508666]],[[0.244688,-0.966101,0.0823254],[0.13536,-0.050039,-0.989532],[-0.960107,-0.25327,-0.118528]]],4]],[[0,200,0],[235.247,235.247,147.751]]],[147365,5040737503,[[98,"right",[-0.0815412,0.226799,-0.970522],[-0.953186,-0.302238,0.00945557],[86.6629,126.518,29.5882],[-34.7192,-260.418,39.6825],[87.0282,130.06,29.1092],0,0.626706,0.963898,[[0.193368,-0.888651,-0.415823],[0.842944,0.367348,-0.393066],[0.50205,-0.274509,0.820116]],63.72,[232.957,34.4014,301.551],[97.4035,108.519,80.1198]],[102,"left",[0.313549,0.278028,-0.907958],[0.949442,-0.0759429,0.30462],[-137.902,135.115,15.0635],[40.1294,-210.459,9.93252],[-138.727,142.459,14.8998],0,0.65552,0.779209,[[0.0351666,-0.950499,-0.30873],[-0.75074,0.178784,-0.635945],[-0.659661,-0.25414,0.707291]],61.5991,[-330.299,47.5283,243.681],[-158.119,113.862,59.0684]]],[[980,[-0.660246,0.121811,-0.741106],98,52.1164,[12.0476,165.079,21.7514],[11.7561,162.712,22.1783],[-36.9625,-279.718,6.343],false,[79.0871,130.873,90.4084],[79.0871,130.873,90.4084],[46.1474,151.095,58.8204],[23.6359,155.248,33.5519],[8.09219,163.69,18.2269],[[[0.953815,-0.0579778,-0.294745],[0.223758,0.791779,0.568347],[0.200422,-0.60805,0.768184]],[[0.744352,0.237618,-0.624082],[0.102457,0.882849,0.458345],[0.659881,-0.405111,0.632805]],[[0.744352,0.237618,-0.624082],[-0.10008,0.963691,0.247556],[0.660246,-0.121811,0.741106]],[[0.744352,0.237618,-0.624082],[0.0695177,0.901901,0.426312],[0.664159,-0.360711,0.654813]]],0],[981,[-0.750559,-0.130135,-0.647863],98,58.8075,[53.1513,158.214,-43.6875],[53.5958,159.009,-44.19],[-31.887,-322.534,21.3064],false,[99.201,131.742,77.8962],[79.3931,156.021,11.3327],[83.3646,166.025,-30.2594],[65.2233,162.88,-45.9186],[49.5384,156.758,-43.0156],[[[0.273359,-0.874635,-0.40036],[0.923463,0.35512,-0.145277],[0.26924,-0.330005,0.904769]],[[0.32588,-0.925798,-0.191573],[0.940881,0.297777,0.161467],[-0.0924396,-0.232867,0.968105]],[[0.32588,-0.925798,-0.191573],[0.57486,0.354912,-0.737274],[0.750559,0.130135,0.647863]],[[0.32588,-0.925798,-0.191573],[-0.225938,0.120499,-0.96666],[0.918017,0.358299,-0.169905]]],1],[982,[-0.770299,-0.0990426,-0.629944],98,67.0064,[56.688,137.495,-57.4095],[57.3423,135.579,-57.9445],[-45.5319,-330.012,47.2041],false,[103.944,121.887,72.2392],[87.856,136.307,5.90062],[92.2743,140.615,-41.9032],[70.3698,137.799,-59.8165],[52.2769,134.14,-56.2946],[[[0.145761,-0.958817,-0.24377],[0.96207,0.194808,-0.190972],[0.230595,-0.206687,0.950845]],[[0.184343,-0.980273,-0.0712923],[0.978578,0.176291,0.106332],[-0.0916659,-0.0893666,0.991772]],[[0.184343,-0.980273,-0.0712923],[0.610456,0.171042,-0.773361],[0.770299,0.0990426,0.629944]],[[0.184343,-0.980273,-0.0712923],[-0.197599,0.0340909,-0.97969],[0.962794,0.194686,-0.187417]]],2],[983,[-0.754113,-0.124206,-0.644893],98,64.4285,[56.3516,110.371,-56.9225],[56.2279,106.681,-56.7147],[-28.1127,-304.398,69.4165],false,[106.403,110.511,68.3071],[94.7458,114.61,6.89805],[91.2785,112.326,-37.5882],[70.3881,108.885,-55.453],[51.8903,106.45,-56.45],[[[0.105164,-0.990721,-0.0860936],[0.976887,0.119119,-0.177492],[0.1861,-0.065438,0.980349]],[[0.128254,-0.990899,0.0408719],[0.988701,0.124527,-0.083452],[0.0776028,0.0511131,0.995673]],[[0.128254,-0.990899,0.0408719],[0.6441,0.0518881,-0.763179],[0.754113,0.124206,0.644893]],[[0.128254,-0.990899,0.0408719],[0.058198,-0.0336213,-0.997739],[0.990032,0.130343,0.0533563]]],3],[984,[-0.738639,0.0588125,-0.671531],98,50.5107,[67.7346,102.378,-41.1122],[67.6791,95.9231,-40.3283],[-30.6688,-277.125,83.7686],false,[102.93,96.7188,67.7864],[96.919,93.5659,10.1999],[94.9345,94.9383,-25.0769],[80.4876,96.0886,-38.2112],[63.3712,96.9537,-40.0522],[[[-0.0368691,-0.997608,0.0584679],[0.993929,-0.0426764,-0.101408],[0.103661,0.0543742,0.993125]],[[-0.0465575,-0.998259,-0.0362171],[0.997338,-0.0444163,-0.0578342],[0.0561249,-0.0388133,0.997669]],[[-0.0465575,-0.998259,-0.0362171],[0.672492,-0.00451344,-0.740091],[0.738639,-0.0588125,0.671531]],[[-0.0465575,-0.998259,-0.0362171],[0.108433,0.0309916,-0.993621],[0.993013,-0.0501876,0.106802]]],4],[1020,[0.81857,0.219337,-0.530882],102,50.3817,[-71.283,171.862,23.4756],[-70.674,164.97,22.4483],[40.2993,-223.385,-37.6877],false,[-149.677,138.539,73.1835],[-149.677,138.539,73.1835],[-111.721,156.438,49.3595],[-84.7403,163.668,31.8612],[-66.0163,163.309,19.1665],[[[-0.781689,-0.263144,-0.565436],[-0.559638,0.696102,0.44972],[-0.27526,-0.66798,0.6914]],[[-0.558047,0.0846572,-0.82548],[-0.26439,0.924799,0.273578],[-0.786563,-0.370918,0.493699]],[[-0.558047,0.0846572,-0.82548],[-0.136115,0.971969,0.191698],[-0.81857,-0.219337,0.530882]],[[-0.558047,0.0846572,-0.82548],[0.0605825,0.996284,0.0612186],[-0.827595,0.0158467,0.561102]]],0],[1021,[0.831748,0.106178,-0.544905],102,56.8501,[-92.9858,178.822,-51.8033],[-93.7992,177.215,-53.1452],[28.7687,-268.621,9.52156],false,[-164.258,135.385,55.7894],[-132.687,165.169,-0.552097],[-124.857,174.815,-40.1828],[-105.422,177.296,-52.915],[-89.0046,176.316,-51.3979],[[[0.0681622,-0.897291,-0.436146],[-0.893478,0.13961,-0.426857],[-0.443905,-0.418782,0.792193]],[[-0.0354082,-0.969395,-0.24294],[-0.981429,0.0795886,-0.174538],[-0.188531,-0.232248,0.95421]],[[-0.0354082,-0.969395,-0.24294],[-0.554023,0.221359,-0.802533],[-0.831748,-0.106178,0.544905]],[[-0.0354082,-0.969395,-0.24294],[0.103451,0.238231,-0.965683],[-0.994004,0.0593255,-0.0918496]]],1],[1022,[0.895179,0.118747,-0.429597],102,64.7762,[-82.7218,160.302,-59.9972],[-83.0326,154.861,-61.6153],[20.9653,-257.607,15.5901],false,[-164.673,125.287,49.5],[-134.301,144.97,-7.41275],[-120.456,150.695,-51.5347],[-95.8479,153.959,-63.3443],[-78.2412,154.966,-58.984],[[[0.158873,-0.956185,-0.245906],[-0.87862,-0.0233259,-0.476951],[-0.450318,-0.291833,0.843829]],[[0.0821438,-0.9913,-0.102841],[-0.9513,-0.0472261,-0.304627],[-0.29712,-0.122856,0.946904]],[[0.0821438,-0.9913,-0.102841],[-0.438071,0.0567725,-0.897146],[-0.895179,-0.118747,0.429597]],[[0.0821438,-0.9913,-0.102841],[0.232233,0.119388,-0.965305],[-0.969185,-0.0554108,-0.240019]]],2],[1023,[0.895311,0.0488107,-0.442759],102,62.284,[-85.8391,131.088,-58.6895],[-85.8898,124.22,-59.3955],[37.7385,-254.762,51.3414],false,[-163.203,114.198,45.5096],[-135.924,123.005,-7.83076],[-122.659,121.699,-48.9151],[-98.6824,123.006,-60.7722],[-81.1355,124.704,-56.8396],[[[0.156652,-0.984211,-0.0823902],[-0.878931,-0.100872,-0.466159],[-0.450488,-0.14544,0.880856]],[[0.0831561,-0.994819,0.0584808],[-0.948033,-0.0970577,-0.303007],[-0.307113,0.0302448,0.951192]],[[0.0831561,-0.994819,0.0584808],[-0.43761,-0.0891766,-0.894732],[-0.895311,-0.0488107,0.442759]],[[0.0831561,-0.994819,0.0584808],[0.222095,-0.0387072,-0.974256],[-0.971472,-0.0940037,-0.217726]]],3],[1024,[0.842653,0.188222,-0.504488],102,48.8295,[-98.7562,119.36,-49.4696],[-97.3623,107.625,-46.4922],[29.8715,-181.758,60.4828],false,[-156.871,102.02,46.458],[-134.136,102.611,-4.77646],[-125.442,102.478,-37.8343],[-109.51,106.037,-47.3731],[-93.6073,110.467,-45.1032],[[[0.246518,-0.964143,0.0982762],[-0.88019,-0.265176,-0.393634],[-0.405579,-0.0105359,0.913999]],[[0.258162,-0.963433,0.0717599],[-0.932019,-0.267922,-0.244044],[-0.254346,0.00387859,0.967105]],[[0.258162,-0.963433,0.0717599],[-0.472534,-0.190709,-0.860431],[-0.842653,-0.188222,0.504488]],[[0.258162,-0.963433,0.0717599],[0.150322,-0.033315,-0.988076],[-0.954335,-0.265871,-0.136224]]],4]],[[0,200,0],[235.247,235.247,147.751]]],[147366,5040746161,[[98,"right",[-0.0864736,0.218025,-0.972105],[-0.953501,-0.30089,0.0173347],[86.2346,124.372,29.9459],[-38.6367,-257.07,40.116],[86.6685,127.482,29.4885],0,0.63667,0.965402,[[0.191938,-0.892995,-0.407087],[0.843219,0.362287,-0.397151],[0.502136,-0.267036,0.822527]],63.72,[232.801,34.7221,302.664],[97.2242,106.822,80.5816]],[102,"left",[0.313582,0.271505,-0.909918],[0.949407,-0.0723601,0.305599],[-137.518,133.314,15.3842],[41.2387,-209.83,17.136],[-138.381,139.837,15.0387],0,0.665611,0.794572,[[0.0365311,-0.952856,-0.301217],[-0.747449,0.174016,-0.641123],[-0.663314,-0.248565,0.705854]],61.5991,[-330.861,47.4914,243.779],[-157.727,112.37,59.5414]]],[[980,[-0.663981,0.114932,-0.738863],98,52.1164,[11.6481,162.336,21.9473],[11.329,160.488,22.5648],[-40.3112,-273.759,16.828],false,[78.9915,129.293,90.7635],[78.9915,129.293,90.7635],[45.9057,149.255,59.1626],[23.2668,153.174,33.9706],[7.64509,161.417,18.6169],[[[0.952143,-0.0619184,-0.299317],[0.227809,0.796647,0.559872],[0.203784,-0.601265,0.772627]],[[0.741273,0.230938,-0.630224],[0.105827,0.886989,0.449501],[0.662808,-0.399897,0.633062]],[[0.741273,0.230938,-0.630224],[-0.0981986,0.966156,0.238535],[0.663981,-0.114932,0.738863]],[[0.741273,0.230938,-0.630224],[0.0704771,0.906975,0.415246],[0.667493,-0.352227,0.65604]]],0],[981,[-0.75429,-0.136253,-0.642247],98,58.8075,[52.457,155.537,-43.4278],[52.8184,156.155,-43.9136],[-46.3075,-324.253,24.14],false,[99.0389,130.021,78.1361],[78.904,153.716,11.4606],[82.6971,163.29,-30.2494],[64.4656,159.997,-45.7728],[48.7959,153.92,-42.6997],[[[0.2701,-0.878615,-0.393804],[0.923116,0.352567,-0.153472],[0.273686,-0.322074,0.906292]],[[0.32395,-0.928094,-0.183569],[0.941946,0.298299,0.15413],[-0.0882884,-0.222842,0.970848]],[[0.32395,-0.928094,-0.183569],[0.571054,0.34652,-0.744191],[0.75429,0.136253,0.642247]],[[0.32395,-0.928094,-0.183569],[-0.232228,0.110089,-0.966411],[0.91713,0.355698,-0.179866]]],1],[982,[-0.773987,-0.103854,-0.624627],98,67.0064,[56.0063,134.225,-56.9441],[56.4419,132.66,-57.4811],[-60.4091,-331.34,48.9547],false,[103.739,120.109,72.5441],[87.3126,133.943,6.1637],[91.4866,137.808,-41.6998],[69.4772,134.855,-59.462],[51.4019,131.252,-55.7956],[[[0.143239,-0.961195,-0.235768],[0.961274,0.191795,-0.197905],[0.235445,-0.19829,0.951445]],[[0.182725,-0.981125,-0.0632913],[0.979343,0.175967,0.0996142],[-0.0865968,-0.0801859,0.993011]],[[0.182725,-0.981125,-0.0632913],[0.606264,0.163122,-0.778354],[0.773987,0.103854,0.624627]],[[0.182725,-0.981125,-0.0632913],[-0.203554,0.0252274,-0.978739],[0.961861,0.191723,-0.195102]]],2],[983,[-0.759299,-0.128558,-0.637916],98,64.4285,[55.7723,107.184,-56.1359],[55.3075,103.843,-55.9095],[-48.7868,-310.18,76.2734],false,[106.163,108.694,68.7031],[94.1803,112.247,7.32258],[90.5156,109.605,-37.128],[69.4814,106.044,-54.7996],[50.97,103.632,-55.5744],[[[0.103451,-0.991604,-0.0775909],[0.976067,0.116213,-0.183813],[0.191287,-0.0567184,0.979894]],[[0.127072,-0.990712,0.0484046],[0.988496,0.12245,-0.0887752],[0.0820235,0.0591286,0.994875]],[[0.127072,-0.990712,0.0484046],[0.638214,0.0443077,-0.7685