{"metadata":{"formatVersion":2,"generatedBy":"LeapJS Playback 0.2.1","frames":108,"protocolVersion":6,"serviceVersion":"2.2.5+26752","frameRate":"91","modified":"Thu Apr 16 2015 19:52:32 GMT-0300 (E. South America Standard Time)"},"frames":[["id","timestamp",{"hands":[["id","type","direction","palmNormal","palmPosition","palmVelocity","stabilizedPalmPosition","pinchStrength","grabStrength","confidence","armBasis","armWidth","elbow","wrist"]]},{"pointables":[["id","direction","handId","length","stabilizedTipPosition","tipPosition","tipVelocity","tool","carpPosition","mcpPosition","pipPosition","dipPosition","btipPosition","bases","type"]]},{"interactionBox":["center","size"]}],[139044,4919032144,[[90,"left",[0.0293955,-0.17486,-0.984154],[0.45656,0.878223,-0.142402],[-140.665,157.406,1.54974],[-69.0413,81.6698,-42.4036],[-140.516,157.314,1.63511],0.327047,0.568518,0.559472,[[0.952597,-0.274503,-0.131179],[-0.295898,-0.735688,-0.609268],[-0.0707385,-0.619202,0.782039]],62.1904,[-156.165,-3.56371,260.887],[-137.524,159.608,54.8047]],[91,"right",[0.212529,-0.229977,-0.949706],[-0.241117,0.929514,-0.279045],[82.6228,146.389,26.7291],[-15.9085,135.794,14.9407],[82.6709,146.111,26.6988],0.301226,0.0940334,0.801584,[[-0.883274,-0.466802,0.0438507],[0.300097,-0.63473,-0.712081],[0.360235,-0.615803,0.700727]],63.72,[162.233,-13.6723,267.332],[64.9696,152.595,78.1356]]],[[900,[-0.0672738,0.23682,-0.969222],90,50.8653,[-180.481,206.551,-38.7705],[-181.877,205.913,-38.5473],[-86.2994,81.6578,-24.943],false,[-157.551,181.834,53.651],[-157.551,181.834,53.651],[-176.036,194.392,10.3596],[-178.275,202.273,-21.8933],[-181.271,207.826,-43.8465],[[[-0.044809,-0.99875,-0.0221593],[-0.93128,0.0337339,0.362738],[0.361537,-0.0368905,0.931628]],[[-0.123576,-0.96592,-0.227436],[-0.916932,0.0235129,0.398351],[0.379427,-0.25777,0.888589]],[[-0.123576,-0.96592,-0.227436],[-0.990052,0.104472,0.0942464],[0.0672738,-0.23682,0.969222]],[[-0.123576,-0.96592,-0.227436],[-0.983631,0.0889419,0.156714],[0.131145,-0.243079,0.9611]]],0],[901,[0.462465,0.875119,-0.142456],90,57.3958,[-134.817,215.531,-57.3244],[-134.748,216.054,-56.4294],[-93.9778,100.201,-28.6009],false,[-158.957,159.744,46.9222],[-162.638,162.165,-24.7461],[-151.476,184.331,-58.5437],[-140.567,204.976,-61.9043],[-133.167,218.696,-55.9819],[[[0.881519,-0.468179,-0.0610914],[-0.469357,-0.88299,-0.00572259],[0.0512639,-0.0337182,0.998116]],[[0.882933,-0.469222,-0.016146],[-0.386742,-0.70737,-0.591657],[-0.266197,-0.528638,0.806028]],[[0.882933,-0.469222,-0.016146],[-0.0809732,-0.118312,-0.989669],[-0.462465,-0.875119,0.142456]],[[0.882933,-0.469222,-0.016146],[0.153361,0.320741,-0.934669],[-0.443746,-0.822773,-0.355153]]],1],[902,[0.31777,0.946814,-0.050647],90,65.3979,[-118.22,217.155,-52.8917],[-118.151,217.09,-53.32],[-96.4003,113.698,-13.1316],false,[-149.287,152.73,45.6125],[-144.484,150.726,-22.2815],[-130.279,178.506,-57.489],[-121.46,204.784,-58.8946],[-117.311,220.869,-51.119],[[[0.947352,-0.310997,0.0761961],[-0.312329,-0.949955,0.00594639],[-0.0705335,0.0294316,0.997075]],[[0.941363,-0.308652,0.136268],[-0.150527,-0.745668,-0.649093],[-0.301954,-0.59052,0.748405]],[[0.941363,-0.308652,0.136268],[0.113388,-0.0909791,-0.989377],[-0.31777,-0.946814,0.050647]],[[0.941363,-0.308652,0.136268],[0.250359,0.368271,-0.895375],[-0.226176,-0.87699,-0.42395]]],2],[903,[0.258121,0.951578,-0.166953],90,62.8819,[-105.54,204.779,-49.0862],[-105.509,205.05,-48.957],[-88.2035,116.375,-17.013],false,[-138.202,148.161,45.7285],[-125.702,142.332,-13.8318],[-115.202,165.979,-48.9341],[-108.223,191.707,-53.448],[-104.756,208.692,-47.7901],[[[0.947478,-0.230773,0.221427],[-0.245937,-0.968325,0.0431566],[-0.204454,0.0953469,0.974222]],[[0.962708,-0.238847,0.127063],[-0.123362,-0.805543,-0.579553],[-0.240779,-0.542266,0.804968]],[[0.962708,-0.238847,0.127063],[0.0810338,-0.193525,-0.977743],[-0.258121,-0.951578,0.166953]],[[0.962708,-0.238847,0.127063],[0.192458,0.274539,-0.942119],[-0.190139,-0.93144,-0.310269]]],3],[904,[0.174046,0.945255,-0.276044],90,49.2982,[-89.4628,186.341,-34.6494],[-89.72,186.882,-34.1891],[-90.8466,106.51,-47.9402],false,[-124.625,149.804,48.1622],[-107.243,139.033,-4.60728],[-92.3315,155.51,-31.0104],[-89.0091,173.554,-36.2799],[-89.7357,190.238,-34.2468],[[[0.944971,-0.054998,0.322499],[-0.112666,-0.980177,0.162971],[-0.307143,0.190337,0.932435]],[[0.875997,-0.0205707,0.481877],[0.21434,-0.878411,-0.427144],[-0.432073,-0.477462,0.765077]],[[0.875997,-0.0205707,0.481877],[0.449819,-0.325683,-0.831621],[-0.174046,-0.945255,0.276044]],[[0.875997,-0.0205707,0.481877],[0.480379,0.126674,-0.867865],[0.0431888,-0.991731,-0.120848]]],4],[910,[0.381806,0.289314,-0.877794],91,52.1164,[138.753,199.998,-0.0488],[138.761,199.817,0.0627653],[-8.79891,150.942,57.9536],false,[88.6337,171.639,82.4227],[88.6337,171.639,82.4227],[111.837,185.933,40.6011],[124.855,195.797,10.6722],[142.863,201.565,-3.11833],[[[-0.123913,-0.992268,0.00708767],[0.786979,-0.0939216,0.609789],[-0.604408,0.0811388,0.792532]],[[0.0973774,-0.95705,-0.273081],[0.880025,-0.0453542,0.472756],[-0.464837,-0.286354,0.837812]],[[0.0973774,-0.95705,-0.273081],[0.919098,-0.0187866,0.39358],[-0.381806,-0.289314,0.877794]],[[0.0973774,-0.95705,-0.273081],[0.631234,-0.152744,0.760403],[-0.769455,-0.246424,0.589249]]],0],[911,[0.0289376,0.780144,-0.624931],91,58.8075,[124.651,191.319,-49.769],[124.554,190.824,-50.2811],[-0.032566,197.314,62.0487],false,[87.9851,148.678,76.5706],[112.165,145.849,7.14548],[126.584,160.415,-30.6125],[127.284,179.272,-45.7173],[123.843,195.188,-50.8893],[[[-0.897812,-0.322816,-0.299537],[0.293113,-0.94568,0.140617],[-0.32866,0.0384497,0.943665]],[[-0.834967,-0.324846,-0.444191],[0.436096,-0.882906,-0.174062],[-0.335636,-0.339045,0.878861]],[[-0.834967,-0.324846,-0.444191],[0.549539,-0.53465,-0.641994],[-0.0289376,-0.780144,0.624931]],[[-0.834967,-0.324846,-0.444191],[0.512126,-0.163296,-0.843245],[0.20139,-0.931563,0.302708]]],1],[912,[0.00418524,0.755075,-0.655625],91,67.0064,[97.2608,184.182,-64.43],[98.4477,184.599,-63.9592],[-55.3028,173.15,20.8461],false,[77.7416,143.113,72.6054],[91.8536,137.466,4.51329],[98.5133,148.893,-41.8372],[98.6323,170.364,-60.4808],[96.8314,188.354,-65.605],[[[-0.970687,-0.148676,-0.188844],[0.129821,-0.985568,0.108636],[-0.202271,0.0809361,0.975979]],[[-0.973218,-0.147619,-0.176223],[0.183728,-0.960215,-0.210312],[-0.138166,-0.237057,0.961621]],[[-0.973218,-0.147619,-0.176223],[0.229844,-0.638804,-0.734235],[-0.00418524,-0.755075,0.655625]],[[-0.973218,-0.147619,-0.176223],[0.208954,-0.24849,-0.945828],[0.0958321,-0.95732,0.27268]]],2],[913,[-0.117897,0.676574,-0.726876],91,64.4285,[59.3064,176.555,-61.9793],[59.4055,176.706,-61.5523],[-10.1813,183.914,17.1559],false,[66.158,140.342,69.594],[69.7874,132.649,7.53415],[63.9235,145.302,-34.9133],[60.6575,164.045,-55.0492],[58.8978,180.325,-64.0455],[[[-0.996879,-0.0604232,-0.0508112],[0.0536236,-0.99059,0.125923],[-0.0579417,0.122806,0.990738]],[[-0.99135,-0.0376835,0.125718],[0.000198119,-0.958322,-0.28569],[0.131244,-0.283194,0.95004]],[[-0.99135,-0.0376835,0.125718],[-0.0576665,-0.73541,-0.675164],[0.117897,-0.676574,0.726876]],[[-0.99135,-0.0376835,0.125718],[-0.0914029,-0.489174,-0.867384],[0.0941842,-0.871372,0.481498]]],3],[914,[-0.143857,0.678319,-0.720547],91,50.5107,[35.4072,168.354,-41.6563],[35.4335,167.92,-41.6432],[-9.47487,181.244,16.3861],false,[52.6055,144.401,68.0415],[48.7165,132.97,11.3275],[38.603,143.704,-20.8093],[35.7893,156.971,-34.9024],[35.2855,171.803,-43.6687],[[[-0.99195,0.118707,0.0440944],[-0.107411,-0.973161,0.203519],[0.06707,0.197144,0.978078]],[[-0.921067,0.174467,0.348133],[-0.264249,-0.936701,-0.229704],[0.286021,-0.303567,0.908867]],[[-0.921067,0.174467,0.348133],[-0.361857,-0.713754,-0.599679],[0.143857,-0.678319,0.720547]],[[-0.921067,0.174467,0.348133],[-0.388306,-0.478614,-0.787495],[0.0292294,-0.860517,0.508582]]],4]],[[0,200,0],[235.247,235.247,147.751]]],[139045,4919040832,[[90,"left",[0.0254749,-0.177785,-0.983739],[0.463316,0.874089,-0.145971],[-141.473,158.095,1.278],[-75.4134,81.0311,-39.4388],[-141.185,157.86,1.38551],0.327672,0.569972,0.562682,[[0.951654,-0.277358,-0.132012],[-0.297667,-0.726613,-0.619215],[-0.0758224,-0.628574,0.774045]],62.1904,[-158.159,-5.22466,258.494],[-138.179,160.416,54.5187]],[91,"right",[0.210603,-0.226385,-0.950998],[-0.240441,0.930936,-0.274856],[82.5189,147.072,26.7767],[-14.8582,120.555,12.4195],[82.5595,146.815,26.7559],0.303394,0.0847215,0.80626,[[-0.882959,-0.467303,0.0448477],[0.298005,-0.631751,-0.7156],[0.362735,-0.618481,0.697069]],63.72,[162.9,-13.8991,266.447],[64.9622,153.091,78.2384]]],[[900,[-0.0674828,0.234812,-0.969695],90,50.8653,[-180.996,207.361,-39.0704],[-182.338,206.849,-38.8577],[-77.9835,87.9047,-27.8114],false,[-158.027,182.802,53.3541],[-158.027,182.802,53.3541],[-176.508,195.398,10.0716],[-178.753,203.212,-22.197],[-181.749,208.731,-44.1587],[[[-0.0529768,-0.998409,-0.0192931],[-0.930051,0.0422967,0.364987],[0.36359,-0.0372794,0.930813]],[[-0.132048,-0.965463,-0.224598],[-0.915793,0.0321164,0.400365],[0.379324,-0.258553,0.888405]],[[-0.132048,-0.965463,-0.224598],[-0.988944,0.11289,0.0961586],[0.0674828,-0.234812,0.969695]],[[-0.132048,-0.965463,-0.224598],[-0.982526,0.097499,0.158544],[0.131171,-0.241609,0.961467]]],0],[901,[0.469212,0.87087,-0.146375],90,57.3958,[-135.317,215.967,-57.7803],[-135.228,216.509,-56.9133],[-83.7573,87.5498,-35.3428],false,[-159.63,160.705,46.6897],[-163.473,162.96,-24.9754],[-152.215,184.922,-58.8742],[-141.146,205.466,-62.3272],[-133.622,219.144,-56.4638],[[[0.877529,-0.475496,-0.0620191],[-0.476528,-0.879157,-0.00210697],[0.0535227,-0.0314027,0.998073]],[[0.879053,-0.476431,-0.0167206],[-0.393924,-0.706172,-0.588341],[-0.268496,-0.52377,0.80844]],[[0.879053,-0.476431,-0.0167206],[-0.0842989,-0.120826,-0.989088],[-0.469212,-0.87087,0.146375]],[[0.879053,-0.476431,-0.0167206],[0.153808,0.316637,-0.935994],[-0.451231,-0.820216,-0.351619]]],1],[902,[0.325198,0.94416,-0.052992],90,65.3979,[-118.709,217.524,-53.3164],[-118.623,217.457,-53.7586],[-85.0664,94.8377,-22.8173],false,[-150.02,153.61,45.3751],[-145.406,151.381,-22.525],[-131.065,178.97,-57.8277],[-122.039,205.174,-59.2984],[-117.746,221.237,-51.5566],[[[0.944985,-0.318479,0.0746683],[-0.32002,-0.947365,0.00935129],[-0.0677599,0.0327322,0.997165]],[[0.939182,-0.315927,0.134636],[-0.158123,-0.745833,-0.647094],[-0.30485,-0.58645,0.750429]],[[0.939182,-0.315927,0.134636],[0.110377,-0.0935526,-0.989477],[-0.325198,-0.94416,0.052992]],[[0.939182,-0.315927,0.134636],[0.251269,0.364916,-0.896493],[-0.234095,-0.875801,-0.422105]]],2],[903,[0.265283,0.949056,-0.170053],90,62.8819,[-106.118,205.076,-49.5545],[-106.077,205.326,-49.4427],[-82.4709,94.518,-27.048],false,[-138.972,148.951,45.4758],[-126.672,142.858,-14.0995],[-116.098,166.356,-49.2793],[-108.926,192.016,-53.877],[-105.299,208.987,-48.2788],[[[0.946131,-0.237862,0.219677],[-0.253684,-0.966171,0.0464448],[-0.201198,0.0996713,0.974467]],[[0.961165,-0.246394,0.124308],[-0.131792,-0.805556,-0.577677],[-0.242473,-0.53886,0.806745]],[[0.961165,-0.246394,0.124308],[0.0760753,-0.196426,-0.977563],[-0.265283,-0.949056,0.170053]],[[0.961165,-0.246394,0.124308],[0.191335,0.27035,-0.943558],[-0.19888,-0.930699,-0.306994]]],3],[904,[0.180093,0.943354,-0.278657],90,49.2982,[-90.2261,186.546,-35.1393],[-90.4462,187.038,-34.7101],[-90.6613,83.6265,-50.6714],false,[-125.376,150.49,47.8708],[-108.216,139.433,-4.91245],[-93.3468,155.72,-31.4571],[-89.9089,173.728,-36.7764],[-90.4841,190.419,-34.7551],[[[0.945309,-0.0617964,0.32027],[-0.12021,-0.978779,0.165955],[-0.303218,0.195379,0.932677]],[[0.87917,-0.0273158,0.475724],[0.203498,-0.881213,-0.426676],[-0.430869,-0.47193,0.769177]],[[0.87917,-0.0273158,0.475724],[0.441165,-0.330661,-0.834288],[-0.180093,-0.943354,0.278657]],[[0.87917,-0.0273158,0.475724],[0.47528,0.121899,-0.871349],[0.0341886,-0.992167,-0.120152]]],4],[910,[0.380651,0.292403,-0.877272],91,52.1164,[138.664,200.74,0.160651],[138.677,200.54,0.230074],[-9.01202,132.852,47.6972],false,[88.6573,172.088,82.5617],[88.6573,172.088,82.5617],[111.806,186.523,40.7583],[124.785,196.493,10.8472],[142.776,202.294,-2.95099],[[[-0.125135,-0.992134,0.00327824],[0.787913,-0.0973685,0.608039],[-0.602937,0.0786703,0.7939]],[[0.095717,-0.956053,-0.27713],[0.880786,-0.0483583,0.471039],[-0.46374,-0.289179,0.837449]],[[0.095717,-0.956053,-0.27713],[0.919752,-0.02152,0.39191],[-0.380651,-0.292403,0.877272]],[[0.095717,-0.956053,-0.27713],[0.632354,-0.15661,0.758684],[-0.768743,-0.247863,0.589574]]],0],[911,[0.0292154,0.78336,-0.620881],91,58.8075,[124.534,192.351,-49.5112],[124.414,191.824,-50.0547],[-3.65368,174.837,52.5052],false,[87.97,149.152,76.6177],[112.026,146.575,7.13995],[126.457,161.295,-30.554],[127.163,180.23,-45.5609],[123.725,196.176,-50.64],[[[-0.898729,-0.320487,-0.299289],[0.292179,-0.946605,0.136274],[-0.326983,0.0350271,0.944381]],[[-0.835354,-0.321981,-0.445547],[0.435157,-0.882569,-0.178073],[-0.33589,-0.342637,0.87737]],[[-0.835354,-0.321981,-0.445547],[0.548936,-0.531672,-0.644976],[-0.0292154,-0.78336,0.620881]],[[-0.835354,-0.321981,-0.445547],[0.511569,-0.158684,-0.844462],[0.201199,-0.933353,0.297273]]],1],[912,[0.000101199,0.756424,-0.654082],91,67.0064,[96.6083,185.079,-64.3779],[97.8219,185.495,-63.9079],[-60.6517,154.202,16.8251],false,[77.7127,143.616,72.6478],[91.7002,138.228,4.50895],[97.9794,149.729,-41.8763],[97.9822,171.239,-60.476],[96.1751,189.244,-65.5415],[[[-0.971196,-0.146708,-0.187765],[0.128782,-0.986161,0.104414],[-0.200485,0.0772257,0.976648]],[[-0.975052,-0.145116,-0.167972],[0.179728,-0.960215,-0.213738],[-0.130273,-0.238596,0.962341]],[[-0.975052,-0.145116,-0.167972],[0.221976,-0.637781,-0.737538],[-0.000101199,-0.756424,0.654082]],[[-0.975052,-0.145116,-0.167972],[0.200063,-0.246678,-0.948222],[0.096167,-0.958171,0.269556]]],2],[913,[-0.119324,0.674958,-0.728144],91,64.4285,[59.0011,177.4,-62.0123],[59.1215,177.61,-61.5316],[-16.8783,160.496,11.4628],false,[66.1205,140.871,69.6451],[69.6333,133.426,7.54844],[63.6715,146.223,-34.842],[60.366,164.921,-55.0131],[58.5864,181.147,-64.1038],[[[-0.997039,-0.0589832,-0.04933],[0.0526084,-0.991158,0.121812],[-0.0560787,0.118857,0.991327]],[[-0.991056,-0.0368401,0.128259],[-0.00178403,-0.957394,-0.288779],[0.133433,-0.286426,0.948766]],[[-0.991056,-0.0368401,0.128259],[-0.0597446,-0.736935,-0.673318],[0.119324,-0.674958,0.728144]],[[-0.991056,-0.0368401,0.128259],[-0.0934613,-0.494415,-0.864187],[0.09525,-0.868445,0.48655]]],3],[914,[-0.14512,0.678867,-0.719778],91,50.5107,[35.1885,169.289,-41.5499],[35.222,168.904,-41.4962],[-13.6659,161.254,15.2565],false,[52.5705,144.954,68.1326],[48.5693,133.757,11.3795],[38.4327,144.625,-20.705],[35.5943,157.903,-34.783],[35.0594,172.724,-43.5673],[[[-0.991724,0.119754,0.0462925],[-0.108271,-0.973845,0.199757],[0.0690034,0.193091,0.978751]],[[-0.920512,0.17409,0.349787],[-0.265473,-0.935537,-0.23301],[0.286674,-0.307347,0.907389]],[[-0.920512,0.17409,0.349787],[-0.362765,-0.713325,-0.599641],[0.14512,-0.678867,0.719778]],[[-0.920512,0.17409,0.349787],[-0.38948,-0.47997,-0.786088],[0.0310373,-0.859838,0.509622]]],4]],[[0,200,0],[235.247,235.247,147.751]]],[139046,4919049525,[[90,"left",[0.0235642,-0.180091,-0.983368],[0.461654,0.874443,-0.14908],[-141.905,158.072,0.874623],[-68.543,58.7241,-41.2953],[-141.651,157.997,1.05481],0.328171,0.569464,0.600957,[[0.952733,-0.275622,-0.127797],[-0.292832,-0.721067,-0.627942],[-0.0809242,-0.635684,0.767696]],62.1904,[-159.821,-6.98928,256.404],[-138.496,160.525,54.1022]],[91,"right",[0.211754,-0.22287,-0.951572],[-0.239816,0.932035,-0.271661],[82.4437,147.555,26.8407],[-13.2013,103.249,11.0718],[82.4779,147.337,26.8157],0.304804,0.0750215,0.810202,[[-0.881558,-0.46996,0.0446442],[0.298615,-0.628383,-0.718306],[0.365629,-0.619897,0.694293]],63.72,[163.543,-13.9862,265.761],[64.8229,153.386,78.3022]]],[[900,[-0.0696945,0.232494,-0.970097],90,50.8653,[-181.547,207.302,-39.4827],[-182.883,206.69,-39.2946],[-74.6227,59.2971,-33.7754],false,[-158.381,182.878,52.9284],[-158.381,182.878,52.9284],[-176.965,195.349,9.65423],[-179.285,203.086,-22.6278],[-182.329,208.55,-44.5965],[[[-0.0514932,-0.998532,-0.0167988],[-0.929303,0.0417497,0.366951],[0.365711,-0.0345066,0.930089]],[[-0.131118,-0.96616,-0.222131],[-0.915039,0.0317295,0.402115],[0.381459,-0.255983,0.888235]],[[-0.131118,-0.96616,-0.222131],[-0.988914,0.111716,0.0978202],[0.0696945,-0.232494,0.970097]],[[-0.131118,-0.96616,-0.222131],[-0.982368,0.0965018,0.160129],[0.133274,-0.23921,0.961778]]],0],[901,[0.467601,0.871169,-0.14971],90,57.3958,[-135.927,215.837,-58.3213],[-135.877,216.331,-57.5005],[-81.1799,58.805,-43.4193],false,[-159.965,160.763,46.3202],[-163.97,162.841,-25.3414],[-152.813,184.719,-59.3282],[-141.782,205.27,-62.8599],[-134.268,218.974,-57.0457],[[[0.878115,-0.474306,-0.0628369],[-0.475187,-0.879884,0.00104452],[0.0557846,-0.028942,0.998023]],[[0.879749,-0.475134,-0.0170323],[-0.394001,-0.708539,-0.585436],[-0.266092,-0.521747,0.81054]],[[0.879749,-0.475134,-0.0170323],[-0.0859704,-0.123743,-0.988583],[-0.467601,-0.871169,0.14971]],[[0.879749,-0.475134,-0.0170323],[0.151666,0.314414,-0.937092],[-0.450599,-0.821822,-0.348667]]],1],[902,[0.323611,0.944548,-0.0557183],90,65.3979,[-119.329,217.441,-53.8729],[-119.268,217.346,-54.3332],[-82.0464,66.2611,-34.4138],false,[-150.347,153.679,45.0011],[-145.88,151.295,-22.9036],[-131.655,178.833,-58.2932],[-122.674,205.048,-59.8396],[-118.389,221.135,-52.1437],[[[0.945634,-0.31686,0.0733262],[-0.31855,-0.947826,0.0123173],[-0.0655976,0.0350057,0.997232]],[[0.939955,-0.314171,0.133347],[-0.158288,-0.747427,-0.645211],[-0.302374,-0.585362,0.752277]],[[0.939955,-0.314171,0.133347],[0.108447,-0.0955251,-0.989502],[-0.323611,-0.944548,0.0557183]],[[0.939955,-0.314171,0.133347],[0.248789,0.363253,-0.897859],[-0.233643,-0.877122,-0.419604]]],2],[903,[0.263377,0.948996,-0.173318],90,62.8819,[-106.737,205.014,-50.1452],[-106.71,205.24,-50.0522],[-80.1046,67.0647,-38.648],false,[-139.292,149.038,45.0884],[-127.114,142.821,-14.4994],[-116.682,166.267,-49.7559],[-109.562,191.925,-54.4419],[-105.94,208.919,-48.9067],[[[0.946978,-0.235896,0.218139],[-0.252103,-0.966443,0.049308],[-0.199188,0.101687,0.974671]],[[0.961908,-0.244702,0.121873],[-0.132315,-0.806861,-0.575733],[-0.239218,-0.537677,0.808504]],[[0.961908,-0.244702,0.121873],[0.0732455,-0.198814,-0.977296],[-0.263377,-0.948996,0.173318]],[[0.961908,-0.244702,0.121873],[0.18785,0.267776,-0.944991],[-0.198607,-0.931889,-0.303544]]],3],[904,[0.177915,0.942757,-0.282057],90,49.2982,[-90.8308,186.538,-35.7319],[-91.038,186.98,-35.3573],[-85.4703,60.0004,-57.0679],false,[-125.693,150.603,47.4495],[-108.633,139.446,-5.34527],[-93.9252,155.684,-32.0095],[-90.5289,173.681,-37.3938],[-91.1026,190.377,-35.4136],[[[0.94611,-0.0595927,0.318315],[-0.118345,-0.978563,0.168551],[-0.301447,0.197139,0.932881]],[[0.881837,-0.0255442,0.470863],[0.201811,-0.882022,-0.425804],[-0.426188,-0.470514,0.772645]],[[0.881837,-0.0255442,0.470863],[0.436704,-0.332502,-0.835902],[-0.177915,-0.942757,0.282057]],[[0.881837,-0.0255442,0.470863],[0.470321,0.119857,-0.874319],[0.0341023,-0.992463,-0.117708]]],4],[910,[0.381861,0.295589,-0.875677],91,52.1164,[138.627,201.312,0.451822],[138.651,201.108,0.567191],[-7.39473,114.814,45.3671],false,[88.518,172.36,82.7272],[88.518,172.36,82.7272],[111.724,186.946,41.0079],[124.744,197.024,11.1512],[142.755,202.871,-2.60199],[[[-0.125431,-0.992102,-0.000612677],[0.787105,-0.0998889,0.608677],[-0.603931,0.0758645,0.793418]],[[0.0957932,-0.955032,-0.280603],[0.88017,-0.0503894,0.471976],[-0.464891,-0.29219,0.835764]],[[0.0957932,-0.955032,-0.280603],[0.919242,-0.0232673,0.393004],[-0.381861,-0.295589,0.875677]],[[0.0957932,-0.955032,-0.280603],[0.631335,-0.159651,0.758899],[-0.769571,-0.249852,0.587652]]],0],[911,[0.0306017,0.786098,-0.617344],91,58.8075,[124.591,193.153,-49.1927],[124.484,192.624,-49.7185],[-0.0862724,152.123,48.7106],false,[87.8316,149.446,76.6961],[111.976,147.124,7.24001],[126.502,161.991,-30.3596],[127.242,180.991,-45.2811],[123.811,196.961,-50.2915],[[[-0.898439,-0.319091,-0.301642],[0.291726,-0.947198,0.133087],[-0.328182,0.0315735,0.944087]],[[-0.834323,-0.320031,-0.448871],[0.435412,-0.881949,-0.180506],[-0.338114,-0.346044,0.875176]],[[-0.834323,-0.320031,-0.448871],[0.550426,-0.5288,-0.646066],[-0.0306017,-0.786098,0.617344]],[[-0.834323,-0.320031,-0.448871],[0.513417,-0.154551,-0.844107],[0.200767,-0.934716,0.293255]]],1],[912,[-0.00147089,0.756924,-0.653502],91,67.0064,[96.34,185.705,-64.3132],[97.5522,186.146,-63.8238],[-52.391,132.058,14.3327],false,[77.5778,143.929,72.6923],[91.6509,138.793,4.55163],[97.7645,150.327,-41.8473],[97.7227,171.851,-60.4306],[95.9177,189.865,-65.4707],[[[-0.970997,-0.145711,-0.189558],[0.128359,-0.986585,0.10087],[-0.201713,0.0736128,0.976674]],[[-0.975874,-0.143765,-0.164321],[0.177714,-0.960244,-0.215289],[-0.126837,-0.239298,0.962626]],[[-0.975874,-0.143765,-0.164321],[0.218329,-0.637494,-0.738874],[0.00147089,-0.756924,0.653502]],[[-0.975874,-0.143765,-0.164321],[0.19607,-0.245952,-0.949244],[0.0960534,-0.958561,0.268206]]],2],[913,[-0.119264,0.672233,-0.73067],91,64.4285,[58.9539,177.928,-62.1532],[59.098,178.215,-61.611],[-13.6832,133.701,4.0341],false,[65.9886,141.199,69.6645],[69.5788,133.986,7.54481],[63.6351,146.874,-34.8206],[60.3312,165.497,-55.0616],[58.5415,181.653,-64.2744],[[[-0.996993,-0.0585,-0.0508273],[0.0521616,-0.991625,0.118152],[-0.0573135,0.115145,0.991694]],[[-0.99111,-0.0369047,0.127821],[-0.00187848,-0.95678,-0.290808],[0.133029,-0.288463,0.948205]],[[-0.99111,-0.0369047,0.127821],[-0.0589604,-0.739419,-0.670658],[0.119264,-0.672233,0.73067]],[[-0.99111,-0.0369047,0.127821],[-0.0923288,-0.500945,-0.86054],[0.0957893,-0.864692,0.493084]]],3],[914,[-0.144979,0.679057,-0.719627],91,50.5107,[35.1691,169.934,-41.5697],[35.2182,169.62,-41.4815],[-10.4675,138.463,10.4515],false,[52.4418,145.291,68.15],[48.51,134.309,11.3502],[38.4309,145.291,-20.7134],[35.5953,158.573,-34.7885],[35.0402,173.379,-43.5969],[[[-0.991747,0.119875,0.0454734],[-0.108812,-0.974557,0.195954],[0.0678064,0.189389,0.979558]],[[-0.921099,0.172975,0.348791],[-0.265185,-0.934672,-0.23678],[0.285049,-0.310592,0.906797]],[[-0.921099,0.172975,0.348791],[-0.361326,-0.713416,-0.600401],[0.144979,-0.679056,0.719627]],[[-0.921099,0.172975,0.348791],[-0.387993,-0.481934,-0.785621],[0.0322016,-0.858964,0.511022]]],4]],[[0,200,0],[235.247,235.247,147.751]]],[139047,4919058170,[[90,"left",[0.0248986,-0.177866,-0.98374],[0.459593,0.875923,-0.14674],[-142.106,157.932,0.676546],[-56.5507,38.8362,-36.4176],[-141.919,157.959,0.832395],0.328607,0.568654,0.566733,[[0.953582,-0.274212,-0.124457],[-0.289172,-0.718506,-0.632557],[-0.0840312,-0.639184,0.764449]],62.1904,[-160.895,-8.16058,255.359],[-138.752,160.276,53.9124]],[91,"right",[0.212077,-0.219592,-0.952262],[-0.241043,0.932567,-0.268733],[82.381,147.898,26.8984],[-11.6239,86.3574,9.90502],[82.4127,147.714,26.8714],0.306155,0.0650753,0.818856,[[-0.880322,-0.472291,0.0444347],[0.299516,-0.626019,-0.719994],[0.367863,-0.620517,0.692557]],63.72,[164.074,-13.9968,265.368],[64.7509,153.543,78.3774]]],[[900,[-0.0691337,0.234544,-0.969644],90,50.8653,[-181.839,207.175,-39.6436],[-183.125,206.556,-39.4305],[-62.8982,39.2375,-28.7658],false,[-158.692,182.581,52.7699],[-158.692,182.581,52.7699],[-177.258,195.107,9.50369],[-179.559,202.912,-22.7633],[-182.589,208.419,-44.7233],[[[-0.0489732,-0.998619,-0.0190414],[-0.929734,0.0386124,0.366202],[0.364961,-0.0356375,0.93034]],[[-0.128538,-0.965962,-0.224489],[-0.915558,0.0286003,0.401167],[0.381092,-0.257098,0.888071]],[[-0.128538,-0.965962,-0.224489],[-0.989292,0.109117,0.0969284],[0.0691337,-0.234544,0.969644]],[[-0.128538,-0.965962,-0.224489],[-0.982794,0.0937991,0.159118],[0.132645,-0.241079,0.961398]]],0],[901,[0.466202,0.873163,-0.142273],90,57.3958,[-136.152,215.889,-58.1939],[-136.117,216.338,-57.4589],[-65.346,45.4606,-25.5713],false,[-160.214,160.477,46.1116],[-164.16,162.703,-25.5488],[-152.917,184.759,-59.3917],[-141.92,205.357,-62.748],[-134.468,219.043,-56.8114],[[[0.879358,-0.471964,-0.0630868],[-0.472979,-0.881073,-0.0013198],[0.0549612,-0.0309993,0.998007]],[[0.880977,-0.472904,-0.0155252],[-0.389851,-0.706881,-0.590199],[-0.268133,-0.526004,0.807109]],[[0.880977,-0.472904,-0.0155252],[-0.0808374,-0.118101,-0.989706],[-0.466202,-0.873163,0.142273]],[[0.880977,-0.472904,-0.0155252],[0.155616,0.320572,-0.934354],[-0.446837,-0.820729,-0.356008]]],1],[902,[0.321269,0.945496,-0.0531354],90,65.3979,[-119.644,217.478,-53.9383],[-119.57,217.391,-54.362],[-69.4644,50.1032,-26.2239],false,[-150.577,153.42,44.7856],[-146.044,151.198,-23.1201],[-131.853,178.858,-58.4271],[-122.936,205.099,-59.9018],[-118.699,221.18,-52.1649],[[[0.946359,-0.31465,0.0734832],[-0.316182,-0.948646,0.00994499],[-0.0665803,0.0326456,0.997247]],[[0.940615,-0.312105,0.133544],[-0.15572,-0.746235,-0.647213],[-0.301654,-0.587983,0.750521]],[[0.940615,-0.312105,0.133544],[0.109682,-0.0928835,-0.989617],[-0.321269,-0.945496,0.0531354]],[[0.940615,-0.312105,0.133544],[0.248741,0.365933,-0.896783],[-0.231023,-0.876746,-0.421836]]],2],[903,[0.261098,0.949791,-0.172413],90,62.8819,[-107.049,205.08,-50.3005],[-107.008,205.3,-50.1643],[-68.2153,51.6085,-32.5432],false,[-139.51,148.807,44.8726],[-127.264,142.752,-14.7177],[-116.902,166.317,-49.9154],[-109.843,191.996,-54.5769],[-106.252,208.996,-49.0419],[[[0.947371,-0.234002,0.218475],[-0.249722,-0.967178,0.0469546],[-0.200317,0.0990416,0.974712]],[[0.962548,-0.242657,0.120904],[-0.130526,-0.805657,-0.577823],[-0.23762,-0.540402,0.807157]],[[0.962548,-0.242657,0.120904],[0.0729964,-0.197523,-0.977577],[-0.261098,-0.949791,0.172413]],[[0.962548,-0.242657,0.120904],[0.186367,0.268356,-0.94512],[-0.196895,-0.932257,-0.303529]]],3],[904,[0.176664,0.942762,-0.282824],90,49.2982,[-91.1486,186.515,-36.0417],[-91.3047,186.956,-35.5931],[-71.3262,43.2085,-50.2189],false,[-125.918,150.401,47.2495],[-108.783,139.403,-5.55425],[-94.181,155.656,-32.2678],[-90.8086,173.652,-37.6667],[-91.3802,190.348,-35.683],[[[0.94597,-0.0579219,0.319038],[-0.116041,-0.979225,0.166292],[-0.302778,0.194329,0.933039]],[[0.883589,-0.025304,0.46758],[0.200617,-0.881799,-0.426828],[-0.423112,-0.470945,0.774072]],[[0.883589,-0.025304,0.46758],[0.43366,-0.332505,-0.837484],[-0.176664,-0.942762,0.282824]],[[0.883589,-0.025304,0.46758],[0.46703,0.120073,-0.876051],[0.0339761,-0.992443,-0.117913]]],4],[910,[0.381495,0.298853,-0.874728],91,52.1164,[138.526,201.798,0.682659],[138.518,201.608,0.795475],[-9.53791,99.6759,40.3767],false,[88.4208,172.534,82.8629],[88.4208,172.534,82.8629],[111.609,187.282,41.1904],[124.616,197.472,11.3661],[142.619,203.386,-2.36799],[[[-0.124116,-0.992261,-0.00374053],[0.787219,-0.100762,0.608385],[-0.604054,0.0725659,0.793633]],[[0.0970682,-0.954015,-0.283607],[0.880225,-0.050707,0.471839],[-0.464522,-0.295439,0.834826]],[[0.0970682,-0.954015,-0.283607],[0.91926,-0.0232866,0.392961],[-0.381495,-0.298853,0.874728]],[[0.0970682,-0.954015,-0.283607],[0.631523,-0.161204,0.758414],[-0.769257,-0.252722,0.586835]]],0],[911,[0.0299892,0.788449,-0.614369],91,58.8075,[124.54,193.82,-48.9416],[124.4,193.299,-49.4698],[-2.19695,131.885,43.2801],false,[87.765,149.639,76.7597],[111.914,147.567,7.29743],[126.466,162.579,-30.2348],[127.19,181.636,-45.0843],[123.736,197.62,-50.0332],[[[-0.898007,-0.31933,-0.302675],[0.292977,-0.947225,0.130114],[-0.328251,0.0281661,0.944171]],[[-0.833329,-0.319693,-0.450954],[0.436858,-0.88074,-0.1829],[-0.338701,-0.349419,0.873606]],[[-0.833329,-0.319693,-0.450954],[0.551964,-0.525495,-0.647449],[-0.0299892,-0.788449,0.614369]],[[-0.833329,-0.319693,-0.450954],[0.514484,-0.150208,-0.844241],[0.202161,-0.935539,0.28965]]],1],[912,[-0.0047778,0.757167,-0.653204],91,67.0064,[95.9586,186.165,-64.2797],[97.1517,186.632,-63.7781],[-50.2911,111.011,11.5314],false,[77.5186,144.12,72.7382],[91.6005,139.218,4.58216],[97.4991,150.774,-41.8391],[97.3632,172.305,-60.4138],[95.5257,190.321,-65.4333],[[[-0.970798,-0.1464,-0.190048],[0.129662,-0.986727,0.0977671],[-0.201839,0.07027,0.976895]],[[-0.976535,-0.144174,-0.159978],[0.177209,-0.960067,-0.216493],[-0.122377,-0.239762,0.963088]],[[-0.976535,-0.144174,-0.159978],[0.215305,-0.637112,-0.740089],[0.0047778,-0.757167,0.653204]],[[-0.976535,-0.144174,-0.159978],[0.19188,-0.245198,-0.950295],[0.0977816,-0.958693,0.267109]]],2],[913,[-0.121276,0.668828,-0.733458],91,64.4285,[58.7643,178.213,-62.2862],[58.9198,178.579,-61.692],[-16.1235,107.107,-1.24123],false,[65.9331,141.384,69.7014],[69.5346,134.372,7.55945],[63.5305,147.321,-34.7791],[60.171,165.849,-55.0973],[58.3325,181.923,-64.4417],[[[-0.996913,-0.0596602,-0.0510444],[0.0534717,-0.991922,0.115031],[-0.0574948,0.111946,0.99205]],[[-0.99093,-0.0384871,0.128753],[-0.000843516,-0.95631,-0.292354],[0.13438,-0.289811,0.947603]],[[-0.99093,-0.0384871,0.128753],[-0.057885,-0.74242,-0.667429],[0.121276,-0.668828,0.733458]],[[-0.99093,-0.0384871,0.128753],[-0.0915235,-0.508258,-0.856328],[0.0983973,-0.860344,0.500125]]],3],[914,[-0.146768,0.678419,-0.719866],91,50.5107,[35.0618,170.323,-41.5649],[35.1094,170.068,-41.4348],[-11.2828,113.679,7.88037],false,[52.3809,145.463,68.1994],[48.4653,134.655,11.3651],[38.3912,145.712,-20.6746],[35.5206,158.981,-34.7544],[34.9105,173.763,-43.5985],[[[-0.991906,0.118417,0.0458176],[-0.107527,-0.975313,0.192881],[0.0675269,0.186394,0.980152]],[[-0.921611,0.170553,0.348633],[-0.263553,-0.93442,-0.23958],[0.284908,-0.312683,0.906122]],[[-0.921611,0.170553,0.348633],[-0.359294,-0.714604,-0.600207],[0.146768,-0.678419,0.719866]],[[-0.921611,0.170553,0.348633],[-0.386498,-0.485216,-0.784337],[0.035391,-0.8576,0.513098]]],4]],[[0,200,0],[235.247,235.247,147.751]]],[139048,4919066819,[[90,"left",[0.028396,-0.181028,-0.983068],[0.458011,0.87651,-0.148176],[-142.373,157.629,0.355103],[-49.7117,19.2359,-36.6161],[-142.154,157.788,0.584842],0.32975,0.563024,0.571343,[[0.955406,-0.269948,-0.1197],[-0.282379,-0.71661,-0.637755],[-0.0863824,-0.643116,0.760881]],62.1904,[-161.954,-9.31715,254.1],[-139.19,160.156,53.5932]],[91,"right",[0.212278,-0.216691,-0.952881],[-0.241852,0.933119,-0.266076],[82.3368,148.153,26.9086],[-9.8961,71.2831,7.58683],[82.3638,147.997,26.8953],0.307235,0.0556697,0.833105,[[-0.879373,-0.474048,0.0445288],[0.300217,-0.624628,-0.720909],[0.369559,-0.620579,0.691598]],63.72,[164.482,-13.92,265.135],[64.7012,153.636,78.4032]]],[[900,[-0.0663868,0.231288,-0.970618],90,50.8653,[-182.058,206.756,-40.1371],[-183.336,206.045,-40.0467],[-53.2664,12.8999,-39.849],false,[-159.178,182.41,52.3151],[-159.178,182.41,52.3151],[-177.629,194.756,8.94766],[-179.838,202.452,-23.3517],[-182.804,207.882,-45.3397],[[[-0.0465898,-0.998787,-0.015916],[-0.930965,0.0376389,0.363164],[0.362125,-0.031737,0.931589]],[[-0.125627,-0.96696,-0.221824],[-0.91695,0.0278198,0.398031],[0.378709,-0.253405,0.890149]],[[-0.125627,-0.96696,-0.221824],[-0.989854,0.107209,0.0932493],[0.0663868,-0.231288,0.970618]],[[-0.125627,-0.96696,-0.221824],[-0.983543,0.0921259,0.155425],[0.129854,-0.237699,0.96262]]],0],[901,[0.465643,0.87496,-0.132744],90,57.3958,[-136.217,215.641,-58.0942],[-136.239,215.925,-57.6494],[-49.3536,24.4614,-15.8051],false,[-160.629,160.281,45.7247],[-164.355,162.263,-25.9546],[-152.879,184.441,-59.6392],[-141.894,205.081,-62.7706],[-134.533,218.748,-56.6786],[[[0.880647,-0.470111,-0.0587869],[-0.470921,-0.882175,0.0000935641],[0.0519044,-0.0276016,0.998271]],[[0.882135,-0.470901,-0.00948566],[-0.383306,-0.706051,-0.595457],[-0.273703,-0.528909,0.803332]],[[0.882135,-0.470901,-0.00948566],[-0.0708087,-0.112681,-0.991105],[-0.465643,-0.87496,0.132744]],[[0.882135,-0.470901,-0.00948566],[0.16426,0.326457,-0.93083],[-0.441425,-0.81956,-0.365329]]],1],[902,[0.319409,0.945931,-0.0565051],90,65.3979,[-119.845,217.102,-54.3817],[-119.788,216.956,-54.8319],[-57.3251,23.246,-34.9565],false,[-150.971,153.242,44.4521],[-146.22,150.808,-23.4315],[-131.961,178.367,-58.7907],[-123.096,204.62,-60.359],[-118.918,220.749,-52.6925],[[[0.946854,-0.312195,0.0774747],[-0.314004,-0.949345,0.0120704],[-0.0697819,0.0357563,0.996921]],[[0.940825,-0.309428,0.138211],[-0.151609,-0.749044,-0.64494],[-0.303089,-0.585821,0.751632]],[[0.940825,-0.309428,0.138211],[0.113254,-0.0973071,-0.98879],[-0.319409,-0.945931,0.0565051]],[[0.940825,-0.309428,0.138211],[0.250886,0.361778,-0.897871],[-0.227825,-0.879415,-0.418002]]],2],[903,[0.259381,0.949483,-0.176643],90,62.8819,[-107.282,204.802,-50.6971],[-107.248,204.937,-50.5901],[-57.6181,27.7098,-37.7277],false,[-139.894,148.655,44.5888],[-127.447,142.433,-14.9427],[-117.075,165.959,-50.1637],[-110.062,191.63,-54.9396],[-106.505,208.674,-49.5185],[[[0.947223,-0.23107,0.222204],[-0.247617,-0.9676,0.0493483],[-0.203601,0.101765,0.973751]],[[0.962895,-0.240132,0.123163],[-0.127506,-0.807016,-0.576599],[-0.237855,-0.539501,0.807691]],[[0.962895,-0.240132,0.123163],[0.0745238,-0.202035,-0.976539],[-0.259381,-0.949483,0.176643]],[[0.962895,-0.240132,0.123163],[0.186502,0.262227,-0.946813],[-0.195063,-0.934652,-0.297282]]],3],[904,[0.178813,0.938916,-0.294045],90,49.2982,[-91.3302,186.147,-36.5765],[-91.5043,186.445,-36.1991],[-57.713,14.9406,-58.6174],false,[-126.313,150.289,47.0029],[-108.987,139.158,-5.71059],[-94.4493,155.163,-32.6082],[-91.0359,173.086,-38.2213],[-91.5374,189.807,-36.4368],[[[0.945098,-0.0546657,0.322183],[-0.114284,-0.978943,0.169142],[-0.306152,0.196676,0.931445]],[[0.885171,-0.0230467,0.464694],[0.197546,-0.885659,-0.420219],[-0.421245,-0.463764,0.779407]],[[0.885171,-0.0230467,0.464694],[0.429532,-0.343374,-0.835223],[-0.178813,-0.938916,0.294045]],[[0.885171,-0.0230467,0.464694],[0.464309,0.10775,-0.879094],[0.0298104,-0.993911,-0.106078]]],4],[910,[0.381245,0.301681,-0.873866],91,52.1164,[138.437,202.186,0.857402],[138.427,201.988,0.959568],[-9.81123,84.853,34.7316],false,[88.3545,172.636,82.9432],[88.3545,172.636,82.9432],[111.53,187.522,41.3131],[124.528,197.808,11.5181],[142.527,203.778,-2.19875],[[[-0.123251,-0.992354,-0.0065713],[0.7873,-0.10181,0.608106],[-0.604125,0.0697763,0.793829]],[[0.0979045,-0.953117,-0.286327],[0.880267,-0.0512826,0.471699],[-0.464268,-0.298226,0.833976]],[[0.0979045,-0.953117,-0.286327],[0.919275,-0.0236054,0.392907],[-0.381245,-0.301681,0.873866]],[[0.0979045,-0.953117,-0.286327],[0.631654,-0.162816,0.75796],[-0.769043,-0.255068,0.5861]]],0],[911,[0.0300522,0.79034,-0.611931],91,58.8075,[124.525,194.344,-48.7624],[124.368,193.833,-49.2893],[-1.8941,112.397,36.9605],false,[87.7187,149.757,76.7747],[111.87,147.904,7.30709],[126.464,163.029,-30.1634],[127.19,182.132,-44.954],[123.725,198.129,-49.8534],[[[-0.897725,-0.319248,-0.303596],[0.293801,-0.947336,0.127416],[-0.328285,0.0251878,0.944243]],[[-0.83244,-0.319098,-0.453012],[0.437788,-0.879909,-0.184665],[-0.339683,-0.352046,0.872169]],[[-0.83244,-0.319098,-0.453012],[0.553299,-0.52301,-0.648321],[-0.0300522,-0.79034,0.611931]],[[-0.83244,-0.319098,-0.453012],[0.51565,-0.146812,-0.844128],[0.202851,-0.936281,0.286755]]],1],[912,[-0.00665794,0.755962,-0.654581],91,67.0064,[95.7093,186.396,-64.3816],[96.8471,186.92,-63.8458],[-44.4687,88.4244,5.23888],false,[77.4771,144.241,72.7373],[91.564,139.545,4.56776],[97.3175,151.039,-41.8873],[97.1281,172.536,-60.5012],[95.2774,190.543,-65.544],[[[-0.970668,-0.146703,-0.190478],[0.130521,-0.986888,0.094955],[-0.20191,0.0673084,0.977088]],[[-0.977047,-0.144298,-0.156709],[0.176441,-0.960373,-0.215759],[-0.119365,-0.238456,0.96379]],[[-0.977047,-0.144298,-0.156709],[0.21292,-0.638513,-0.739571],[0.00665794,-0.755962,0.654581]],[[-0.977047,-0.144298,-0.156709],[0.188892,-0.246752,-0.950491],[0.0984856,-0.958275,0.268345]]],2],[913,[-0.122928,0.666002,-0.735751],91,64.4285,[58.6067,178.449,-62.429],[58.7744,178.875,-61.8021],[-16.8509,86.1953,-5.50582],false,[65.8941,141.504,69.6926],[69.5023,134.672,7.53093],[63.4435,147.7,-34.7753],[60.0382,166.15,-55.1571],[58.1603,182.151,-64.6182],[[[-0.99686,-0.0603833,-0.0512274],[0.054335,-0.992199,0.112203],[-0.0576029,0.109067,0.992364]],[[-0.990763,-0.0395895,0.129698],[-0.000333031,-0.955722,-0.294272],[0.135605,-0.291597,0.94688]],[[-0.990763,-0.0395895,0.129698],[-0.0572511,-0.744899,-0.664717],[0.122928,-0.666002,0.735751]],[[-0.990763,-0.0395895,0.129698],[-0.0910307,-0.514735,-0.852503],[0.10051,-0.856435,0.506377]]],3],[914,[-0.148217,0.677619,-0.720322],91,50.5107,[34.9777,170.627,-41.606],[35.03,170.429,-41.444],[-10.9111,92.98,4.32549],false,[52.3383,145.575,68.202],[48.4328,134.926,11.3371],[38.3717,146.057,-20.6807],[35.4727,159.311,-34.7694],[34.8138,174.065,-43.656],[[[-0.99201,0.117421,0.0461421],[-0.106679,-0.975952,0.190098],[0.067354,0.183657,0.98068]],[[-0.92206,0.168645,0.348374],[-0.262379,-0.934053,-0.242286],[0.28454,-0.314808,0.905501]],[[-0.92206,0.168645,0.348374],[-0.357544,-0.715815,-0.599809],[0.148217,-0.677619,0.720322]],[[-0.92206,0.168645,0.348374],[-0.385155,-0.488694,-0.782837],[0.0382271,-0.856,0.51556]]],4]],[[0,200,0],[235.247,235.247,147.751]]],[139049,4919084215,[[90,"left",[0.0352351,-0.191378,-0.980884],[0.437505,0.885398,-0.157032],[-142.557,155.621,-0.142812],[-31.6318,-43.0125,-32.9205],[-142.424,156.338,0.0978355],0.330833,0.554683,0.577577,[[0.962137,-0.253666,-0.0997299],[-0.256566,-0.719344,-0.645537],[-0.0920105,-0.646683,0.757189]],62.1904,[-163.82,-11.5898,252.604],[-139.574,158.823,53.0705]],[91,"right",[0.212069,-0.214017,-0.953532],[-0.241894,0.933867,-0.263401],[82.272,148.253,26.861],[-7.04272,40.964,2.81554],[82.2876,148.209,26.8669],0.308313,0.0467068,0.847434,[[-0.878731,-0.475133,0.0455979],[0.300385,-0.624715,-0.720763],[0.370944,-0.61966,0.69168]],63.72,[164.803,-13.717,265.128],[64.6477,153.591,78.3746]]],[[900,[-0.0690097,0.2188,-0.973326],90,50.8653,[-183.197,203.568,-41.3024],[-184.497,202.619,-41.1956],[-60.5032,-83.7685,-51.9116],false,[-160.08,180.581,51.4936],[-160.08,180.581,51.4936],[-178.693,192.003,7.94283],[-180.99,199.284,-24.4467],[-184.017,204.396,-46.5024],[[[-0.022877,-0.999727,-0.00470277],[-0.932537,0.0196434,0.360539],[0.360349,-0.0126336,0.932732]],[[-0.10216,-0.972073,-0.211275],[-0.918478,0.0106046,0.395329],[0.382048,-0.234438,0.893912]],[[-0.10216,-0.972073,-0.211275],[-0.992371,0.0848547,0.089435],[0.0690097,-0.2188,0.973326]],[[-0.10216,-0.972073,-0.211275],[-0.985901,0.0706444,0.151688],[0.132526,-0.223792,0.965585]]],0],[901,[0.446119,0.885583,-0.129305],90,57.3958,[-137.421,213.343,-58.5405],[-137.536,213.487,-58.4179],[-58.9117,-48.1223,-20.9702],false,[-160.989,158.351,45.1511],[-164.575,159.436,-26.5546],[-153.339,181.748,-60.2314],[-142.815,202.639,-63.2818],[-135.84,216.483,-57.1354],[[[0.891686,-0.449728,-0.0513979],[-0.449892,-0.893038,0.00899304],[0.0499447,-0.0151045,0.998638]],[[0.893073,-0.449911,-0.000125362],[-0.361411,-0.717236,-0.595781],[-0.267958,-0.532122,0.803147]],[[0.893073,-0.449911,-0.000125362],[-0.0582867,-0.115423,-0.991605],[-0.446119,-0.885583,0.129305]],[[0.893073,-0.449911,-0.000125362],[0.165728,0.329229,-0.929593],[-0.418275,-0.830174,-0.368588]]],1],[902,[0.297292,0.952356,-0.0680897],90,65.3979,[-121.205,215.05,-55.5726],[-121.222,214.835,-55.9775],[-68.5192,-44.0629,-50.6226],false,[-151.164,151.53,43.9808],[-146.179,148.443,-23.8595],[-132.458,175.908,-59.503],[-124.207,202.34,-61.3927],[-120.428,218.666,-53.939],[[[0.953778,-0.288759,0.0832193],[-0.291459,-0.956328,0.0220969],[-0.0732043,0.0453305,0.996286]],[[0.947408,-0.285395,0.1448],[-0.131698,-0.76006,-0.636368],[-0.291673,-0.583831,0.757673]],[[0.947408,-0.285395,0.1448],[0.118468,-0.107556,-0.987115],[-0.297292,-0.952356,0.0680897]],[[0.947408,-0.285395,0.1448],[0.244879,0.35519,-0.90215],[-0.206037,-0.890163,-0.406398]]],2],[903,[0.237389,0.951955,-0.193462],90,62.8819,[-108.442,203.217,-51.9148],[-108.478,203.198,-51.758],[-63.7282,-30.0401,-53.9721],false,[-139.982,147.208,44.1955],[-127.236,140.612,-15.2325],[-117.436,164.054,-50.6727],[-111.018,189.792,-55.9033],[-107.819,207.027,-50.8768],[[[0.951849,-0.206022,0.22702],[-0.224756,-0.972582,0.05973