{"metadata":{"formatVersion":2,"generatedBy":"LeapJS Playback 0.2.1","frames":60,"protocolVersion":6,"serviceVersion":"2.2.5+26752","frameRate":"91","modified":"Thu Apr 16 2015 19:52:00 GMT-0300 (E. South America Standard Time)"},"frames":[["id","timestamp",{"hands":[["id","type","direction","palmNormal","palmPosition","palmVelocity","stabilizedPalmPosition","pinchStrength","grabStrength","confidence","armBasis","armWidth","elbow","wrist"]]},{"pointables":[["id","direction","handId","length","stabilizedTipPosition","tipPosition","tipVelocity","tool","carpPosition","mcpPosition","pipPosition","dipPosition","btipPosition","bases","type"]]},{"interactionBox":["center","size"]}],[138905,4917436813,[[90,"left",[0.0691952,-0.210891,-0.975057],[0.42157,0.892023,-0.163015],[-124.67,122.616,0.250201],[-98.9696,320.942,-21.2406],[-124.077,120.791,0.387598],0,0.400122,0.382143,[[0.817707,-0.492532,0.297939],[-0.232209,-0.755841,-0.612196],[-0.52672,-0.431413,0.732427]],62.1904,[-262.168,13.3103,246.455],[-123.368,126.996,53.4473]],[91,"right",[0.161781,-0.248613,-0.954997],[-0.291686,0.912457,-0.286952],[70.8535,113.761,24.4577],[34.4723,304.514,54.2515],[70.3945,109.676,23.9216],0.128357,0.292575,0.730601,[[-0.944122,-0.317525,-0.0883887],[0.318841,-0.811907,-0.489028],[0.083515,-0.489883,0.867778]],63.72,[78.7402,-11.5015,310.995],[56.1912,120.767,76.6947]]],[[900,[-0.270881,0.210414,-0.939334],90,50.8653,[-181.331,168.323,-38.8296],[-180.261,170.368,-38.7246],[-74.4344,372.901,6.08708],false,[-144.312,148.226,50.7945],[-144.312,148.226,50.7945],[-166.718,158.43,8.75403],[-175.733,165.432,-22.5043],[-183.13,170.252,-43.5708],[[[0.000266698,-0.99987,0.0161522],[-0.943192,0.00511499,0.332208],[0.332247,0.0153232,0.943068]],[[-0.0748212,-0.977468,-0.19738],[-0.884809,-0.0262123,0.465216],[0.459907,-0.209451,0.862911]],[[-0.0748212,-0.977468,-0.19738],[-0.9597,0.0168156,0.280521],[0.270881,-0.210414,0.939334]],[[-0.0748212,-0.977468,-0.19738],[-0.943149,0.00508692,0.33233],[0.323838,-0.211024,0.922279]]],0],[901,[0.421104,0.878202,-0.226787],90,57.3958,[-116.96,168.575,-58.5432],[-119.624,179.659,-61.821],[-50.6039,338.841,-26.2773],false,[-144.517,125.853,44.908],[-145.963,125.358,-26.8792],[-134.946,147.334,-60.8481],[-125.012,168.051,-66.198],[-118.085,182.762,-62.4996],[[[0.902934,-0.429509,-0.0152234],[-0.429307,-0.903036,0.0148725],[0.0201352,0.00689335,0.999774]],[[0.903128,-0.429098,0.0153247],[-0.339586,-0.735662,-0.586075],[-0.262757,-0.524096,0.810112]],[[0.903128,-0.429098,0.0153247],[-0.0838555,-0.211271,-0.973824],[-0.421104,-0.878202,0.226787]],[[0.903128,-0.429098,0.0153247],[0.10869,0.193941,-0.974974],[-0.415387,-0.882192,-0.221792]]],1],[902,[0.310723,0.917119,-0.249686],90,65.3979,[-99.9851,176.895,-65.4615],[-99.9611,176.366,-66.9073],[-50.5582,342.017,15.8816],false,[-134.508,119.242,44.177],[-127.41,114.861,-23.4034],[-111.735,138.614,-60.8629],[-103.112,164.067,-67.7926],[-99.119,181.676,-64.5678],[[[0.957221,-0.264348,0.117679],[-0.269928,-0.962279,0.0340309],[-0.104244,0.0643399,0.992468]],[[0.93888,-0.255194,0.231044],[-0.0865493,-0.824589,-0.559073],[-0.333188,-0.504905,0.796277]],[[0.93888,-0.255194,0.231044],[0.148177,-0.306216,-0.940359],[-0.310723,-0.917119,0.249686]],[[0.93888,-0.255194,0.231044],[0.266684,0.114786,-0.956924],[-0.21768,-0.960052,-0.175826]]],2],[903,[0.261932,0.913788,-0.310456],90,62.8819,[-84.9623,166.334,-56.7357],[-84.9891,165.484,-58.2397],[-65.0311,348.757,45.3502],false,[-123.241,115.191,44.8163],[-108.559,107.662,-14.0515],[-94.2261,128.22,-49.7373],[-87.1442,152.927,-58.1311],[-84.3655,170.846,-56.2017],[[[0.949054,-0.178701,0.259544],[-0.204035,-0.976165,0.0739719],[-0.240138,0.123159,0.962894]],[[0.944342,-0.176339,0.277712],[-0.0133788,-0.864082,-0.503173],[-0.328695,-0.471452,0.818348]],[[0.944342,-0.176339,0.277712],[0.199024,-0.365918,-0.909117],[-0.261932,-0.913788,0.310456]],[[0.944342,-0.176339,0.277712],[0.291548,0.0575961,-0.954821],[-0.152377,-0.982643,-0.105802]]],3],[904,[0.191845,0.860818,-0.471368],90,49.2982,[-73.3813,146.851,-44.1908],[-72.8674,147.055,-44.6929],[-93.6297,324.522,11.0021],false,[-109.837,117.543,47.6005],[-90.2825,105.562,-4.13813],[-77.9303,118.902,-33.4717],[-74.2681,135.334,-42.4698],[-73.6028,152.028,-44.4355],[[[0.935461,0.000518515,0.35343],[-0.0743473,-0.977334,0.198217],[-0.345522,0.211701,0.91422]],[[0.920035,0.00945835,0.391723],[0.15945,-0.922231,-0.35223],[-0.357927,-0.386523,0.849993]],[[0.920035,0.00945835,0.391723],[0.34166,-0.508825,-0.790168],[-0.191845,-0.860818,0.471368]],[[0.920035,0.00945835,0.391723],[0.389836,-0.122995,-0.912634],[-0.0395481,-0.992362,0.116847]]],4],[910,[0.315722,0.27691,-0.907547],91,52.1164,[123.07,167.363,-7.56179],[123.347,167.932,-7.00537],[43.5484,358.573,149.566],false,[79.3629,140.737,79.0046],[79.3629,140.737,79.0046],[99.5241,154.611,35.4983],[110.289,164.052,4.55491],[127.183,170.035,-10.4956],[[[-0.0868926,-0.995411,0.0400858],[0.826015,-0.0494947,0.561471],[-0.556911,0.0818992,0.826525]],[[0.114575,-0.960595,-0.253237],[0.907604,-0.00242033,0.41982],[-0.40389,-0.27794,0.871563]],[[0.114575,-0.960595,-0.253237],[0.941909,0.0240301,0.335008],[-0.315722,-0.27691,0.907547]],[[0.114575,-0.960595,-0.253237],[0.682479,-0.109122,0.722714],[-0.721869,-0.255634,0.643083]]],0],[911,[-0.119953,0.71963,-0.683918],91,58.8075,[98.3217,151.407,-58.975],[97.2732,151.773,-58.8686],[234.092,412.433,108.458],false,[79.194,117.614,73.7908],[99.1304,113.711,3.08163],[105.615,122.862,-38.3908],[102.716,140.256,-54.9214],[97.7362,155.811,-59.9386],[[[-0.902187,-0.362112,-0.234381],[0.335597,-0.930624,0.145994],[-0.270987,0.053056,0.96112]],[[-0.905767,-0.361361,-0.221367],[0.395984,-0.907768,-0.138399],[-0.150938,-0.213015,0.96532]],[[-0.905767,-0.361361,-0.221367],[0.406444,-0.592917,-0.695163],[0.119953,-0.71963,0.683918]],[[-0.905767,-0.361361,-0.221367],[0.307646,-0.201462,-0.929928],[0.291443,-0.910402,0.29365]]],1],[912,[-0.121236,0.723108,-0.680012],91,67.0064,[72.2249,145.968,-68.8206],[71.9001,146.418,-68.7596],[132.078,362.8,65.2224],false,[68.9355,111.588,70.6182],[79.0157,104.555,1.94143],[78.197,112.001,-45.6733],[74.7495,132.564,-65.0104],[71.6261,150.44,-69.8911],[[[-0.974407,-0.187625,-0.123807],[0.17221,-0.977054,0.125333],[-0.144482,0.100805,0.984359]],[[-0.984537,-0.174865,-0.0104187],[0.17435,-0.972397,-0.155066],[0.0169845,-0.154485,0.987849]],[[-0.984537,-0.174865,-0.0104187],[0.126444,-0.668234,-0.733127],[0.121236,-0.723108,0.680012]],[[-0.984537,-0.174865,-0.0104187],[0.0553271,-0.253973,-0.965628],[0.166208,-0.951273,0.259721]]],2],[913,[-0.144859,0.659995,-0.737172],91,64.4285,[45.7999,133.513,-63.4922],[46.8457,137.268,-62.5453],[-2.71401,293.67,0.0419681],false,[57.2972,108.332,68.41],[57.3688,99.0561,6.46058],[51.438,104.793,-37.4504],[47.4251,123.076,-57.8716],[45.1434,140.111,-65.2002],[[[-0.995239,-0.0965533,0.0133057],[0.0974591,-0.984251,0.147483],[-0.00114374,0.148077,0.988975]],[[-0.989191,-0.0794847,0.12322],[0.0622951,-0.988531,-0.13757],[0.132741,-0.128407,0.982798]],[[-0.989191,-0.0794847,0.12322],[-0.0227306,-0.747054,-0.664375],[0.144859,-0.659995,0.737172]],[[-0.989191,-0.0794847,0.12322],[-0.0811646,-0.403051,-0.911571],[0.12212,-0.911719,0.392243]]],3],[914,[-0.141677,0.643725,-0.752028],91,50.5107,[24.276,125.041,-42.9143],[25.3596,128.295,-42.3843],[-20.2626,301.296,6.01351],false,[43.5355,111.871,67.607],[36.5745,98.746,11.5574],[26.9643,103.318,-22.1623],[24.1933,115.908,-36.8711],[23.8813,131.265,-44.6927],[[[-0.991013,0.0851969,0.103127],[-0.0590098,-0.970312,0.234547],[0.120048,0.226354,0.966619]],[[-0.949199,0.127289,0.287781],[-0.158596,-0.983402,-0.0881335],[0.271786,-0.129297,0.953632]],[[-0.949199,0.127289,0.287781],[-0.280977,-0.754596,-0.59299],[0.141677,-0.643725,0.752028]],[[-0.949199,0.127289,0.287781],[-0.314154,-0.435929,-0.84337],[0.0181003,-0.890934,0.453772]]],4]],[[0,200,0],[235.247,235.247,147.751]]],[138906,4917445196,[[90,"left",[0.0552397,-0.227871,-0.972123],[0.436377,0.881213,-0.181765],[-126.014,125.483,0.433301],[-114.83,326.384,-10.1063],[-125.396,123.986,0.418716],0,0.404377,0.38938,[[0.81937,-0.499859,0.280667],[-0.240252,-0.743946,-0.623557],[-0.520491,-0.443493,0.729659]],62.1904,[-261.243,13.8273,245.815],[-124.084,130.696,53.5361]],[91,"right",[0.167288,-0.243302,-0.955415],[-0.281842,0.916829,-0.282825],[70.7374,116.433,25.0688],[21.9835,308.183,59.0707],[70.5669,113.073,24.4985],0.141704,0.277819,0.751171,[[-0.943481,-0.323162,-0.0735481],[0.314635,-0.803611,-0.505187],[0.104153,-0.499775,0.85987]],63.72,[83.841,-11.7422,309.402],[55.7197,123.197,77.2367]]],[[900,[-0.277438,0.199528,-0.939796],90,50.8653,[-182.157,171.567,-38.742],[-181.197,173.532,-38.7531],[-83.8451,375.578,4.6618],false,[-144.656,152.269,50.7458],[-144.656,152.269,50.7458],[-167.328,162.175,8.77633],[-176.561,168.815,-22.4974],[-184.089,173.414,-43.5666],[[[-0.0181489,-0.999307,0.0324839],[-0.939471,0.0281622,0.34147],[0.342149,0.0243204,0.939331]],[[-0.094741,-0.979111,-0.179906],[-0.880036,-0.00210604,0.474901],[0.46536,-0.203316,0.861454]],[[-0.094741,-0.979111,-0.179906],[-0.956061,0.0391246,0.290546],[0.277438,-0.199528,0.939796]],[[-0.094741,-0.979111,-0.179906],[-0.939361,0.028095,0.341778],[0.329584,-0.201377,0.9224]]],0],[901,[0.435026,0.866293,-0.245539],90,57.3958,[-118.281,173.108,-60.5693],[-120.543,181.404,-62.6418],[-66.3572,304.426,-43.9332],false,[-145.338,129.812,45.228],[-147.53,128.185,-26.5236],[-136.448,149.395,-60.9549],[-126.185,169.831,-66.7472],[-118.949,184.469,-63.3654],[[[0.894592,-0.446552,-0.0172083],[-0.445839,-0.894471,0.0339067],[0.0305334,0.0226605,0.999277]],[[0.895108,-0.445641,0.0136012],[-0.359055,-0.738605,-0.570563],[-0.264312,-0.505832,0.821141]],[[0.895108,-0.445641,0.0136012],[-0.0976396,-0.225701,-0.969291],[-0.435026,-0.866293,0.245539]],[[0.895108,-0.445641,0.0136012],[0.102318,0.17563,-0.979125],[-0.43395,-0.877814,-0.202805]]],1],[902,[0.325128,0.906977,-0.26774],90,65.3979,[-100.83,178.541,-66.1022],[-101.004,177.68,-67.821],[-68.4127,294.455,-17.5743],false,[-135.461,123.004,44.5053],[-129.14,117.4,-23.0619],[-113.415,140.242,-61.0625],[-104.391,165.414,-68.4933],[-100.039,182.993,-65.595],[[[0.953302,-0.280313,0.112429],[-0.287401,-0.956374,0.05244],[-0.092825,0.0823034,0.992275]],[[0.936304,-0.268989,0.225785],[-0.107656,-0.831803,-0.544532],[-0.334282,-0.48554,0.807779]],[[0.936304,-0.268989,0.225785],[0.132763,-0.324095,-0.936662],[-0.325128,-0.906977,0.26774]],[[0.936304,-0.268989,0.225785],[0.258924,0.0943899,-0.961275],[-0.237261,-0.958507,-0.158025]]],2],[903,[0.277414,0.899544,-0.337436],90,62.8819,[-85.9273,167.322,-57.9705],[-86.1149,166.497,-59.3346],[-81.0728,281.565,-12.8542],false,[-124.265,118.754,45.0983],[-110.332,110,-13.7822],[-96.0212,129.366,-50.138],[-88.5208,153.687,-59.2612],[-85.3381,171.585,-57.8223],[[[0.948186,-0.192247,0.25295],[-0.22137,-0.970846,0.0919434],[-0.2279,0.143175,0.963101]],[[0.943855,-0.189594,0.270542],[-0.0379209,-0.875691,-0.481381],[-0.328178,-0.444095,0.833714]],[[0.943855,-0.189594,0.270542],[0.179388,-0.393543,-0.901634],[-0.277414,-0.899544,0.337436]],[[0.943855,-0.189594,0.270542],[0.280493,0.0272581,-0.959469],[-0.174535,-0.981484,-0.0789073]]],3],[904,[0.197939,0.856318,-0.477012],90,49.2982,[-74.7438,148.935,-44.2402],[-74.5119,148.679,-45.025],[-118.975,292.849,-0.450742],false,[-110.792,120.898,47.7099],[-91.9964,107.719,-4.01856],[-79.8153,120.695,-33.5857],[-76.0368,137.041,-42.6915],[-75.1615,153.717,-44.732],[[[0.938892,-0.0113121,0.344026],[-0.0904562,-0.97244,0.214891],[-0.332114,0.232879,0.914039]],[[0.924918,-0.00202733,0.38016],[0.141203,-0.926618,-0.348483],[-0.35297,-0.375998,0.85676]],[[0.924918,-0.00202733,0.38016],[0.324571,-0.516445,-0.792425],[-0.197939,-0.856318,0.477012]],[[0.924918,-0.00202733,0.38016],[0.376589,-0.131963,-0.916933],[-0.052026,-0.991253,0.121291]]],4],[910,[0.325197,0.2806,-0.903056],91,52.1164,[123.584,169.741,-6.33227],[123.923,170.39,-5.59912],[50.2476,341.531,154.415],false,[79.0367,142.957,79.8691],[79.0367,142.957,79.8691],[99.6541,156.966,36.6206],[110.742,166.533,5.83033],[127.804,172.48,-9.04395],[[[-0.0954403,-0.994907,0.0324098],[0.821098,-0.0602771,0.567596],[-0.562752,0.0807832,0.822669]],[[0.108643,-0.959725,-0.259085],[0.904215,-0.0128817,0.426884],[-0.413028,-0.280646,0.866398]],[[0.108643,-0.959725,-0.259085],[0.939385,0.0138567,0.342585],[-0.325197,-0.2806,0.903056]],[[0.108643,-0.959725,-0.259085],[0.675792,-0.119835,0.727286],[-0.729042,-0.254102,0.635555]]],0],[911,[-0.0956989,0.725757,-0.681263],91,58.8075,[100.365,154.396,-57.9103],[99.2268,154.888,-57.6826],[237.431,399.014,116.823],false,[78.7179,119.873,74.4919],[99.1815,116.296,3.91621],[106.917,125.674,-37.2903],[104.604,143.216,-53.7567],[99.8616,158.851,-58.7533],[[[-0.903264,-0.352946,-0.244014],[0.326718,-0.934379,0.142093],[-0.278153,0.0486241,0.959305]],[[-0.901616,-0.353225,-0.249642],[0.393286,-0.909713,-0.133226],[-0.180044,-0.2183,0.95913]],[[-0.901616,-0.353225,-0.249642],[0.421819,-0.590347,-0.688157],[0.0956989,-0.725757,0.681263]],[[-0.901616,-0.353225,-0.249642],[0.331752,-0.194389,-0.923122],[0.277542,-0.91512,0.292447]]],1],[912,[-0.106079,0.725634,-0.679855],91,67.0064,[73.4851,148.886,-68.2036],[73.1213,149.483,-68.0355],[138.267,359.825,68.3068],false,[68.4354,113.954,71.1964],[79.0015,107.316,2.55341],[78.9162,114.841,-45.0559],[75.8996,135.475,-64.3885],[72.9812,153.395,-69.2368],[[[-0.974913,-0.178637,-0.132789],[0.163121,-0.979303,0.119821],[-0.151445,0.0951546,0.983875]],[[-0.985616,-0.167189,-0.0246592],[0.168989,-0.973486,-0.154168],[0.00176979,-0.156117,0.987737]],[[-0.985616,-0.167189,-0.0246592],[0.131558,-0.66746,-0.732932],[0.106079,-0.725634,0.679855]],[[-0.985616,-0.167189,-0.0246592],[0.0666489,-0.250456,-0.965831],[0.155301,-0.953583,0.257996]]],2],[913,[-0.140857,0.657134,-0.740496],91,64.4285,[45.7525,136.714,-63.384],[46.9334,140.175,-62.3302],[-0.494583,307.005,6.5315],false,[56.7884,110.811,68.8738],[57.2747,101.966,6.86327],[51.2826,107.808,-37.0257],[47.3806,126.012,-57.5389],[45.2206,142.993,-65.0258],[[[-0.996078,-0.0883512,0.00479117],[0.0881399,-0.986031,0.141331],[-0.00776248,0.141198,0.989951]],[[-0.989561,-0.0704344,0.125728],[0.05275,-0.988911,-0.138823],[0.134112,-0.130742,0.982304]],[[-0.989561,-0.0704344,0.125728],[-0.0304639,-0.750476,-0.660196],[0.140857,-0.657134,0.740496]],[[-0.989561,-0.0704344,0.125728],[-0.0860483,-0.411063,-0.907537],[0.115604,-0.908882,0.400711]]],3],[914,[-0.143558,0.638792,-0.755868],91,50.5107,[23.8756,128.365,-42.8524],[25.0589,131.356,-42.2525],[-26.1497,315.452,7.08265],false,[43.0633,114.47,67.9873],[36.4387,101.794,11.7939],[26.6326,106.476,-21.8542],[23.8247,118.97,-36.6381],[23.5228,134.227,-44.6517],[[[-0.991061,0.0927283,0.0959168],[-0.068894,-0.971395,0.227256],[0.114246,0.218617,0.9691]],[[-0.945897,0.136004,0.294588],[-0.168427,-0.981821,-0.0875237],[0.277329,-0.132405,0.951608]],[[-0.945897,0.136004,0.294588],[-0.290981,-0.757264,-0.584707],[0.143558,-0.638792,0.755868]],[[-0.945897,0.136004,0.294588],[-0.323994,-0.444922,-0.834909],[0.0175178,-0.885182,0.464915]]],4]],[[0,200,0],[235.247,235.247,147.751]]],[138907,4917462523,[[90,"left",[0.0455776,-0.210395,-0.976553],[0.432078,0.885549,-0.170622],[-127.426,130.321,1.76832],[-99.4505,304.646,30.0706],[-127.32,129.99,1.69771],0,0.404466,0.399582,[[0.821607,-0.504466,0.265475],[-0.243876,-0.731982,-0.636181],[-0.515254,-0.457948,0.724429]],62.1904,[-260.728,13.917,245.833],[-124.949,134.595,54.9323]],[91,"right",[0.166988,-0.227408,-0.959375],[-0.267242,0.926174,-0.266054],[70.5678,121.387,25.1305],[7.33795,297.932,33.4797],[70.5677,120.067,25.0301],0.155422,0.258362,0.791031,[[-0.942459,-0.331295,-0.0448922],[0.30317,-0.790299,-0.532461],[0.140923,-0.515433,0.845263]],63.72,[93.5198,-11.7935,305.591],[55.4706,127.373,77.3704]]],[[900,[-0.288921,0.214529,-0.933007],90,50.8653,[-184.313,177.453,-36.0235],[-183.26,178.777,-35.9664],[-98.9556,342.807,76.4752],false,[-145.607,156.156,52.743],[-145.607,156.156,52.743],[-168.781,166.696,11.2047],[-178.396,173.835,-19.8431],[-186.165,178.766,-40.7491],[[[-0.0151356,-0.999775,0.0148739],[-0.935883,0.0194018,0.351775],[0.351984,0.00859586,0.935966]],[[-0.0937029,-0.976227,-0.19545],[-0.874622,-0.0130771,0.484629],[0.475664,-0.216356,0.852604]],[[-0.0937029,-0.976227,-0.19545],[-0.952756,0.0309558,0.302155],[0.288921,-0.214529,0.933007]],[[-0.0937029,-0.976227,-0.19545],[-0.935689,0.019278,0.3523],[0.340157,-0.215892,0.915251]]],0],[901,[0.430133,0.871535,-0.235401],90,57.3958,[-121.656,183.448,-61.5531],[-122.764,187.348,-60.4309],[-95.0075,322.996,36.0445],false,[-146.287,133.798,46.8337],[-149.233,133.441,-24.9085],[-138.555,155.273,-59.0779],[-128.408,175.833,-64.631],[-121.177,190.433,-61.082],[[[0.89555,-0.443617,-0.0345606],[-0.443065,-0.896203,0.0226593],[0.0410253,0.00497989,0.999146]],[[0.896398,-0.44324,-0.00309784],[-0.362807,-0.72968,-0.579601],[-0.254642,-0.520677,0.814894]],[[0.896398,-0.44324,-0.00309784],[-0.107039,-0.20968,-0.971893],[-0.430133,-0.871535,0.235401]],[[0.896398,-0.44324,-0.00309784],[0.0916217,0.192122,-0.977085],[-0.433678,-0.875573,-0.212828]]],1],[902,[0.319854,0.912515,-0.25497],90,65.3979,[-103.239,184.861,-64.2754],[-103.279,183.809,-65.7835],[-97.0761,320.468,44.6709],false,[-136.4,127.032,45.886],[-130.778,122.648,-21.8329],[-115.518,146.2,-59.5888],[-106.641,171.526,-66.6652],[-102.306,189.063,-63.498],[[[0.955181,-0.279541,0.0973923],[-0.284275,-0.957973,0.0384207],[-0.082559,0.064385,0.994504]],[[0.939358,-0.270286,0.211074],[-0.111253,-0.822378,-0.557958],[-0.324391,-0.50064,0.802577]],[[0.939358,-0.270286,0.211074],[0.123693,-0.307021,-0.94363],[-0.319854,-0.912515,0.25497]],[[0.939358,-0.270286,0.211074],[0.248504,0.11233,-0.962095],[-0.236331,-0.956205,-0.172685]]],2],[903,[0.271338,0.906299,-0.324035],90,62.8819,[-88.2006,173.392,-56.484],[-88.2746,172.53,-57.6411],[-101.039,311.125,37.9112],false,[-125.187,122.804,46.2855],[-111.853,115.139,-12.8846],[-97.9856,135.188,-49.0407],[-90.6495,159.692,-57.8017],[-87.5012,177.57,-56.0695],[[[0.951315,-0.194003,0.239505],[-0.217792,-0.972956,0.0769638],[-0.218097,0.125379,0.96784]],[[0.947208,-0.191699,0.257],[-0.0407795,-0.867093,-0.496475],[-0.318017,-0.459785,0.829134]],[[0.947208,-0.191699,0.257],[0.170802,-0.376662,-0.910468],[-0.271338,-0.906299,0.324035]],[[0.947208,-0.191699,0.257],[0.270171,0.0456058,-0.961732],[-0.172642,-0.980394,-0.0949897]]],3],[904,[0.189767,0.866091,-0.462467],90,49.2982,[-77.2066,155.302,-43.0429],[-76.5629,154.596,-43.7192],[-117.561,313.371,34.3381],false,[-111.693,124.94,48.7931],[-93.4096,112.737,-3.35652],[-81.6109,126.324,-32.8037],[-77.9884,142.857,-41.6319],[-77.1868,159.572,-43.3604],[[[0.9425,-0.0147422,0.333881],[-0.0855838,-0.976361,0.198481],[-0.323063,0.215643,0.921482]],[[0.929253,-0.0063625,0.36939],[0.140007,-0.919208,-0.368041],[-0.341888,-0.39372,0.853286]],[[0.929253,-0.0063625,0.36939],[0.316983,-0.499846,-0.806024],[-0.189767,-0.866091,0.462467]],[[0.929253,-0.0063625,0.36939],[0.36636,-0.113079,-0.923577],[-0.0476465,-0.993566,0.102748]]],4],[910,[0.332469,0.293017,-0.89644],91,52.1164,[124.495,175.122,-4.57358],[124.652,175.134,-4.32513],[46.7308,310.178,117.494],false,[79.0685,146.73,80.4565],[79.0685,146.73,80.4565],[100.038,161.259,37.5503],[111.374,171.249,6.98562],[128.574,177.226,-7.71659],[[[-0.110282,-0.993816,0.0129803],[0.818135,-0.0833561,0.568953],[-0.564352,0.0733651,0.822268]],[[0.0953311,-0.956084,-0.277157],[0.902462,-0.0344895,0.429387],[-0.420089,-0.291057,0.859541]],[[0.0953311,-0.956084,-0.277157],[0.938284,-0.00668736,0.345802],[-0.332469,-0.293017,0.89644]],[[0.0953311,-0.956084,-0.277157],[0.671397,-0.143806,0.727011],[-0.73494,-0.255389,0.628203]]],0],[911,[-0.0710833,0.741171,-0.667543],91,58.8075,[102.651,161.101,-56.5856],[100.978,161.084,-56.6383],[175.592,377.638,91.4593],false,[78.4264,123.76,74.6358],[99.0802,121.232,4.07008],[107.878,131.278,-36.7643],[106.16,149.192,-52.8991],[101.721,165.002,-57.6188],[[[-0.90754,-0.334725,-0.253635],[0.312342,-0.941689,0.125155],[-0.280738,0.0343619,0.959169]],[[-0.900549,-0.335452,-0.276557],[0.383502,-0.912578,-0.141874],[-0.204787,-0.233824,0.950467]],[[-0.900549,-0.335452,-0.276557],[0.428904,-0.581496,-0.691305],[0.0710833,-0.741171,0.667543]],[[-0.900549,-0.335452,-0.276557],[0.348563,-0.176908,-0.920439],[0.259838,-0.925297,0.276241]]],1],[912,[-0.0876507,0.734982,-0.672397],91,67.0064,[74.8605,155.3,-67.7342],[74.2416,155.747,-67.5316],[107.009,355.871,47.2445],false,[68.0689,118.06,71.1943],[78.7742,112.582,2.47051],[79.375,120.576,-45.0584],[76.8825,141.477,-64.179],[74.2732,159.506,-68.7904],[[[-0.976985,-0.161532,-0.139311],[0.148176,-0.983739,0.101501],[-0.153441,0.0785223,0.985033]],[[-0.987537,-0.152686,-0.0381666],[0.15689,-0.974257,-0.161894],[-0.0124652,-0.165864,0.98607]],[[-0.987537,-0.152686,-0.0381666],[0.130717,-0.660672,-0.739206],[0.0876507,-0.734982,0.672398]],[[-0.987537,-0.152686,-0.0381666],[0.0740863,-0.237036,-0.968672],[0.138856,-0.959427,0.245393]]],2],[913,[-0.136972,0.662644,-0.736303],91,64.4285,[45.3986,144.814,-63.3264],[46.6246,146.588,-62.34],[-9.61547,337.66,3.05957],false,[56.3847,115.135,68.7745],[56.9556,107.474,6.60736],[50.6876,114.124,-37.1277],[46.8932,132.481,-57.5248],[44.9098,149.466,-65.0525],[[[-0.997288,-0.0735956,-0.0000893523],[0.0730291,-0.989761,0.122637],[-0.009114,0.122298,0.992452]],[[-0.989475,-0.0565013,0.133219],[0.0354797,-0.987247,-0.155192],[0.140289,-0.148832,0.978861]],[[-0.989475,-0.0565013,0.133219],[-0.0466747,-0.746801,-0.663408],[0.136972,-0.662644,0.736303]],[[-0.989475,-0.0565013,0.133219],[-0.0983414,-0.412795,-0.9055],[0.106154,-0.90907,0.402893]]],3],[914,[-0.147652,0.64027,-0.753826],91,50.5107,[22.8873,136.273,-42.9712],[24.3122,137.658,-42.3743],[-35.0771,335.632,-0.775971],false,[42.7185,119.015,67.9147],[36.1024,107.518,11.4672],[25.9122,112.711,-21.9912],[23.0243,125.234,-36.7352],[22.7376,140.44,-44.847],[[[-0.989906,0.105609,0.0945147],[-0.0840687,-0.97444,0.208326],[0.1141,0.198278,0.973482]],[[-0.939611,0.147127,0.309006],[-0.184602,-0.978153,-0.0956016],[0.288189,-0.146871,0.946243]],[[-0.939611,0.147127,0.309006],[-0.308755,-0.753928,-0.579881],[0.147652,-0.64027,0.753826]],[[-0.939611,0.147127,0.309006],[-0.341839,-0.44733,-0.826463],[0.0166329,-0.882185,0.47061]]],4]],[[0,200,0],[235.247,235.247,147.751]]],[138908,4917471514,[[90,"left",[0.0421774,-0.205362,-0.977777],[0.431386,0.886467,-0.167576],[-127.59,131.789,2.28444],[-77.1712,265.866,37.5695],[-127.536,131.433,2.16821],0,0.404488,0.382833,[[0.82157,-0.506804,0.261098],[-0.245377,-0.727734,-0.640463],[-0.5146,-0.462118,0.722243]],62.1904,[-260.534,14.0131,245.785],[-124.927,135.79,55.4607]],[91,"right",[0.170188,-0.22031,-0.960468],[-0.261981,0.929494,-0.259627],[70.4753,123.46,25.3968],[2.50148,279.432,32.4213],[70.5076,122.274,25.2686],0.160008,0.251714,0.806016,[[-0.939807,-0.34027,-0.0312842],[0.301153,-0.781535,-0.546361],[0.161461,-0.522895,0.836965]],63.72,[98.77,-12.0955,303.598],[55.1757,129.086,77.6178]]],[[900,[-0.292667,0.218905,-0.930821],90,50.8653,[-184.647,178.957,-35.1464],[-183.612,180.375,-35.0013],[-81.9675,298.047,84.9097],false,[-145.595,157.359,53.4547],[-145.595,157.359,53.4547],[-168.93,168.091,12.0559],[-178.669,175.375,-18.9191],[-186.516,180.404,-39.7731],[[[-0.0149807,-0.99984,0.00978184],[-0.934647,0.0174785,0.355147],[0.355261,0.00382222,0.934759]],[[-0.094146,-0.97531,-0.199766],[-0.872766,-0.015683,0.487886],[0.478973,-0.220282,0.849741]],[[-0.094146,-0.97531,-0.199766],[-0.951569,0.029168,0.30605],[0.292667,-0.218905,0.930821]],[[-0.094146,-0.97531,-0.199766],[-0.934414,0.0173291,0.355766],[0.343521,-0.220158,0.912975]]],0],[901,[0.429214,0.87256,-0.23327],90,57.3958,[-122.508,186.379,-61.3339],[-123.149,189.114,-59.7029],[-80.7066,288.442,49.0066],false,[-146.293,135.032,47.4329],[-149.49,135.043,-24.2994],[-138.927,157.031,-58.4049],[-128.802,177.615,-63.9078],[-121.56,192.202,-60.3255],[[[0.895469,-0.443325,-0.03998],[-0.442891,-0.896361,0.0195992],[0.0445253,-0.000156343,0.999008]],[[0.896435,-0.443103,-0.00802494],[-0.364615,-0.727112,-0.581691],[-0.251914,-0.524374,0.81337]],[[0.896435,-0.443103,-0.00802494],[-0.110365,-0.205667,-0.972379],[-0.429214,-0.87256,0.23327]],[[0.896435,-0.443103,-0.00802494],[0.0881691,0.196061,-0.97662],[-0.434317,-0.874768,-0.214824]]],1],[902,[0.318863,0.913851,-0.2514],90,65.3979,[-103.639,186.554,-63.6226],[-103.686,185.634,-65.0649],[-82.7167,287.675,54.1598],false,[-136.409,128.273,46.4158],[-131.024,124.238,-21.3441],[-115.899,147.982,-59.0339],[-107.05,173.345,-66.0112],[-102.706,190.866,-62.7679],[[[0.955546,-0.279923,0.0926058],[-0.284041,-0.958192,0.0344862],[-0.0790806,0.0592569,0.995105]],[[0.940122,-0.271257,0.206374],[-0.113159,-0.81955,-0.561723],[-0.321504,-0.504735,0.801172]],[[0.940122,-0.271257,0.206374],[0.120401,-0.302151,-0.945626],[-0.318863,-0.913851,0.2514]],[[0.940122,-0.271257,0.206374],[0.245121,0.11737,-0.962362],[-0.236825,-0.955324,-0.176833]]],2],[903,[0.269922,0.908182,-0.319918],90,62.8819,[-88.5793,175.087,-55.9015],[-88.6616,174.346,-57.002],[-85.2811,280.656,46.5749],false,[-125.194,124.043,46.7542],[-112.067,116.684,-12.5009],[-98.3423,136.944,-48.5947],[-91.0444,161.498,-57.2443],[-87.8924,179.367,-55.4245],[[[0.952168,-0.195118,0.235169],[-0.217421,-0.973365,0.0727185],[-0.214717,0.120371,0.96923]],[[0.948224,-0.192959,0.252264],[-0.0425146,-0.864248,-0.501266],[-0.314743,-0.464587,0.827705]],[[0.948224,-0.192959,0.252264],[0.167371,-0.371446,-0.913244],[-0.269922,-0.908182,0.319918]],[[0.948224,-0.192959,0.252264],[0.266445,0.0510217,-0.962499],[-0.172852,-0.979879,-0.099793]]],3],[904,[0.187812,0.868664,-0.45842],90,49.2982,[-77.6039,156.981,-42.6038],[-76.9168,156.336,-43.2349],[-95.7729,279.858,39.5915],false,[-111.692,126.169,49.2255],[-93.59,114.235,-3.04995],[-81.9096,127.987,-32.4682],[-78.3244,144.569,-41.2191],[-77.5318,161.293,-42.8592],[[[0.943665,-0.0163462,0.330497],[-0.0847876,-0.97738,0.193752],[-0.319854,0.210859,0.923705]],[[0.930706,-0.00824836,0.365675],[0.13868,-0.917143,-0.373653],[-0.338459,-0.398473,0.852447]],[[0.930706,-0.00824836,0.365675],[0.313868,-0.495333,-0.81002],[-0.187812,-0.868664,0.45842]],[[0.930706,-0.00824836,0.365675],[0.362721,-0.107961,-0.925623],[-0.0471136,-0.994121,0.0974882]]],4],[910,[0.337692,0.298857,-0.892552],91,52.1164,[124.761,176.997,-3.77942],[124.924,177.209,-3.38267],[42.2938,288.294,114.191],false,[78.8451,148.312,80.9648],[78.8451,148.312,80.9648],[100.065,163.098,38.27],[111.579,173.287,7.83788],[128.87,179.308,-6.73977],[[[-0.114725,-0.993388,0.00436923],[0.815256,-0.0916375,0.571804],[-0.567623,0.0691621,0.820378]],[[0.092333,-0.9542,-0.284565],[0.900423,-0.0419966,0.432983],[-0.425103,-0.296208,0.855306]],[[0.092333,-0.9542,-0.284565],[0.936717,-0.0136834,0.34982],[-0.337692,-0.298857,0.892552]],[[0.092333,-0.9542,-0.284565],[0.667557,-0.152728,0.728727],[-0.738812,-0.257249,0.622881]]],0],[911,[-0.0612623,0.747376,-0.661571],91,58.8075,[103.374,163.471,-55.8864],[101.782,163.724,-55.8584],[151.461,353.876,90.7097],false,[78.1271,125.394,74.9536],[99.0788,123.35,4.46003],[108.346,133.697,-36.1948],[106.866,151.761,-52.1852],[102.533,167.633,-56.796],[[[-0.907888,-0.328601,-0.26031],[0.30763,-0.94406,0.118803],[-0.284787,0.0277809,0.958188]],[[-0.899,-0.329283,-0.288742],[0.381138,-0.912999,-0.145489],[-0.215714,-0.240845,0.946288]],[[-0.899,-0.329283,-0.288742],[0.433643,-0.577063,-0.692064],[0.0612623,-0.747376,0.661571]],[[-0.899,-0.329283,-0.288742],[0.357077,-0.169393,-0.918587],[0.253564,-0.928913,0.269864]]],1],[912,[-0.0793689,0.741743,-0.665972],91,67.0064,[75.5232,157.932,-67.1581],[74.8999,158.535,-66.9382],[99.3314,344.097,53.3359],false,[67.7597,119.768,71.4206],[78.742,114.803,2.70146],[79.7684,123.151,-44.7595],[77.5114,144.243,-63.6973],[75.008,162.334,-68.1234],[[[-0.977068,-0.15604,-0.144875],[0.143385,-0.985184,0.0940924],[-0.157411,0.0711618,0.984966]],[[-0.987804,-0.148298,-0.047446],[0.15424,-0.97366,-0.167919],[-0.0212944,-0.173189,0.984658]],[[-0.987804,-0.148298,-0.047446],[0.133955,-0.654084,-0.744466],[0.0793689,-0.741743,0.665972]],[[-0.987804,-0.148298,-0.047446],[0.0806047,-0.226338,-0.970708],[0.133215,-0.962694,0.235531]]],2],[913,[-0.134927,0.664617,-0.7349],91,64.4285,[45.3755,147.449,-63.19],[46.6436,149.22,-62.1736],[-6.8913,325.976,7.42712],false,[56.0735,116.915,68.9261],[56.8832,109.759,6.70145],[50.5882,116.724,-36.9807],[46.8505,135.135,-57.3389],[44.9263,152.118,-64.8864],[[[-0.997593,-0.0691532,-0.00502841],[0.0681203,-0.991044,0.114852],[-0.0129257,0.114233,0.99337]],[[-0.989559,-0.0524613,0.134239],[0.0303646,-0.986381,-0.161647],[0.140891,-0.155883,0.977676]],[[-0.989559,-0.0524613,0.134239],[-0.0506635,-0.74534,-0.664757],[0.134927,-0.664617,0.7349]],[[-0.989559,-0.0524613,0.134239],[-0.100826,-0.413561,-0.904877],[0.102987,-0.908964,0.403954]]],3],[914,[-0.14707,0.642486,-0.752052],91,50.5107,[22.7476,138.864,-42.911],[24.2097,140.287,-42.2869],[-28.3289,323.823,2.0827],false,[42.4284,120.862,68.0387],[36.0092,109.856,11.4707],[25.7907,115.298,-21.9394],[22.9142,127.864,-36.6487],[22.6482,143.071,-44.7602],[[[-0.989835,0.109239,0.0910699],[-0.0892825,-0.975724,0.199979],[0.110705,0.189816,0.975559]],[[-0.938415,0.149691,0.311398],[-0.189368,-0.97668,-0.101175],[0.288991,-0.153913,0.944878]],[[-0.938415,0.149691,0.311398],[-0.312645,-0.751535,-0.580904],[0.14707,-0.642486,0.752052]],[[-0.938415,0.149691,0.311398],[-0.345164,-0.446419,-0.825574],[0.015433,-0.882215,0.470595]]],4]],[[0,200,0],[235.247,235.247,147.751]]],[138909,4917479861,[[90,"left",[0.0450088,-0.184325,-0.981834],[0.429028,0.891145,-0.147632],[-128.405,134.219,2.31156],[-82.4467,272.342,28.7323],[-128.228,133.649,2.28225],0,0.404583,0.384725,[[0.823289,-0.507535,0.254173],[-0.247803,-0.72423,-0.643493],[-0.510676,-0.466796,0.722019]],62.1904,[-260.447,14.082,245.833],[-125.874,137.091,55.5671]],[91,"right",[0.169476,-0.22013,-0.960636],[-0.253074,0.93233,-0.258291],[70.1984,125.753,25.3811],[-6.68501,278.235,23.5883],[70.3051,124.553,25.3423],0.164031,0.244119,0.819482,[[-0.93734,-0.348253,-0.0106004],[0.293029,-0.771511,-0.564717],[0.188486,-0.532438,0.825216]],63.72,[105.771,-12.3325,300.4],[54.8794,131.426,77.5914]]],[[900,[-0.291793,0.237357,-0.926563],90,50.8653,[-185.444,181.628,-34.2601],[-184.555,183.35,-34.0565],[-89.116,313.605,91.4162],false,[-146.604,158.636,53.9738],[-146.604,158.636,53.9738],[-169.897,170.154,12.7627],[-179.607,178.053,-18.0706],[-187.426,183.49,-38.8322],[[[-0.0119209,-0.999862,-0.01158],[-0.935493,0.007062,0.353275],[0.353144,-0.0150444,0.935448]],[[-0.0905213,-0.971225,-0.220291],[-0.873628,-0.0287502,0.485744],[0.4781,-0.236422,0.845887]],[[-0.0905213,-0.971225,-0.220291],[-0.952188,0.0195943,0.304882],[0.291793,-0.237357,0.926563]],[[-0.0905213,-0.971225,-0.220291],[-0.935218,0.00687039,0.354007],[0.342307,-0.238065,0.908929]]],0],[901,[0.427059,0.878554,-0.213924],90,57.3958,[-123.36,189.793,-60.5472],[-123.998,192.858,-58.4637],[-85.8651,330.725,75.1008],false,[-147.22,136.441,47.4755],[-150.256,137.973,-24.2475],[-139.676,160.711,-57.8521],[-129.602,181.436,-62.8986],[-122.413,195.967,-58.9972],[[[0.896919,-0.439652,-0.047354],[-0.440169,-0.897915,-0.000548125],[0.0422789,-0.0213354,0.998878]],[[0.897815,-0.440111,-0.0151527],[-0.360933,-0.715708,-0.597904],[-0.252299,-0.542276,0.801425]],[[0.897815,-0.440111,-0.0151527],[-0.107463,-0.185593,-0.976733],[-0.427059,-0.878554,0.213924]],[[0.897815,-0.440111,-0.0151527],[0.0897643,0.216586,-0.972128],[-0.431127,-0.871431,-0.233961]]],1],[902,[0.316607,0.919968,-0.231126],90,65.3979,[-104.397,190.049,-62.468],[-104.517,189.569,-63.804],[-87.2887,333.545,79.362],false,[-137.312,129.734,46.3373],[-131.763,127.162,-21.4806],[-116.628,151.747,-58.6236],[-107.841,177.28,-65.0382],[-103.559,194.741,-61.4105],[[[0.956193,-0.278935,0.0888253],[-0.281163,-0.959567,0.0133843],[-0.0815005,0.0377724,0.995957]],[[0.940491,-0.272746,0.202696],[-0.109418,-0.807775,-0.579247],[-0.32172,-0.522598,0.789549]],[[0.940491,-0.272746,0.202696],[0.123435,-0.281547,-0.951575],[-0.316607,-0.919968,0.231126]],[[0.940491,-0.272746,0.202696],[0.246922,0.138702,-0.959058],[-0.233465,-0.952035,-0.197795]]],2],[903,[0.267682,0.915396,-0.300661],90,62.8819,[-89.373,178.637,-54.9416],[-89.4948,178.198,-55.9474],[-89.5984,325.935,65.9762],false,[-126.086,125.533,46.6115],[-112.803,119.479,-12.7566],[-99.0981,140.583,-48.371],[-91.8607,165.333,-56.5],[-88.7548,183.17,-54.3252],[[[0.952234,-0.197201,0.233157],[-0.214583,-0.97535,0.0514384],[-0.217266,0.099013,0.971078]],[[0.948524,-0.195543,0.249129],[-0.0391344,-0.852965,-0.520499],[-0.314278,-0.483956,0.81671]],[[0.948524,-0.195543,0.249129],[0.169259,-0.351872,-0.920618],[-0.267682,-0.915396,0.300661]],[[0.948524,-0.195543,0.249129],[0.267004,0.070688,-0.961099],[-0.170326,-0.978144,-0.11926]]],3],[904,[0.18565,0.87923,-0.438734],90,49.2982,[-78.3338,160.1,-41.9492],[-77.7557,159.942,-42.5157],[-96.7983,317.746,51.7247],false,[-112.595,127.646,49.1588],[-94.3393,116.886,-3.31733],[-82.6616,131.323,-32.4063],[-79.1177,148.107,-40.7814],[-78.3763,164.865,-42.0499],[[[0.942966,-0.0205311,0.332256],[-0.0822102,-0.981544,0.172666],[-0.322579,0.190133,0.92725]],[[0.930209,-0.0133885,0.366786],[0.142157,-0.908191,-0.393676],[-0.338382,-0.418342,0.842904]],[[0.930209,-0.0133885,0.366786],[0.316615,-0.476208,-0.820354],[-0.18565,-0.879231,0.438734]],[[0.930209,-0.0133885,0.366786],[0.364375,-0.0863068,-0.927244],[-0.0440705,-0.996179,0.075405]]],4],[910,[0.341656,0.297373,-0.891538],91,52.1164,[125.016,178.801,-3.42152],[125.176,179.059,-3.22675],[39.3865,270.988,89.6364],false,[78.7198,150.427,81.0055],[78.7198,150.427,81.0055],[100.131,165.095,38.3658],[111.78,175.235,7.96826],[129.146,181.123,-6.57462],[[[-0.123851,-0.992298,0.00240686],[0.813593,-0.100157,0.572743],[-0.56809,0.0728931,0.819732]],[[0.0839673,-0.954486,-0.286192],[0.899423,-0.0510335,0.43409],[-0.428938,-0.293857,0.854202]],[[0.0839673,-0.954486,-0.286192],[0.936066,-0.0229191,0.351076],[-0.341656,-0.297373,0.891538]],[[0.0839673,-0.954486,-0.286192],[0.665117,-0.160178,0.729358],[-0.742004,-0.251593,0.621395]]],0],[911,[-0.0502595,0.749463,-0.660136],91,58.8075,[103.916,165.612,-55.6365],[102.327,165.899,-55.7084],[128.371,328.779,72.2468],false,[77.7996,127.527,74.9516],[98.8284,125.418,4.48299],[108.468,135.747,-36.0898],[107.254,153.862,-52.0456],[103.087,169.785,-56.6317],[[[-0.91051,-0.319774,-0.262139],[0.298781,-0.94706,0.117503],[-0.285836,0.0286659,0.95785]],[[-0.899968,-0.32058,-0.295441],[0.373778,-0.916203,-0.144434],[-0.224381,-0.240415,0.94438]],[[-0.899968,-0.32058,-0.295441],[0.433048,-0.579253,-0.690605],[0.0502596,-0.749463,0.660136]],[[-0.899968,-0.32058,-0.295441],[0.361379,-0.169524,-0.916879],[0.243849,-0.931928,0.268417]]],1],[912,[-0.0689405,0.742231,-0.666588],91,67.0064,[75.9978,160.175,-67.1443],[75.3207,160.81,-66.9528],[88.0463,324.443,38.4471],false,[67.3858,122.003,71.3943],[78.4164,117.062,2.68127],[79.7923,125.352,-44.7808],[77.8319,146.459,-63.7362],[75.514,164.575,-68.1604],[[[-0.978261,-0.146794,-0.146485],[0.134199,-0.986628,0.092495],[-0.158104,0.0708261,0.984879]],[[-0.988806,-0.139467,-0.0530281],[0.146451,-0.975174,-0.166095],[-0.0285469,-0.172001,0.984683]],[[-0.988806,-0.139467,-0.0530281],[0.132326,-0.65547,-0.743538],[0.0689405,-0.742231,0.666588]],[[-0.988806,-0.139467,-0.0530281],[0.0839557,-0.226256,-0.970443],[0.123347,-0.964032,0.235432]]],2],[913,[-0.13271,0.661578,-0.73804],91,64.4285,[45.0533,149.954,-63.3435],[46.2621,151.587,-62.424],[-17.4446,315.958,-1.67523],false,[55.6773,119.262,68.8789],[56.5067,112.212,6.64242],[50.0462,119.251,-37.0037],[46.3698,137.578,-57.4489],[44.5508,154.501,-65.1562],[[[-0.998179,-0.0599745,-0.00650796],[0.0588556,-0.991834,0.113142],[-0.0132404,0.112553,0.993558]],[[-0.989292,-0.0427877,0.139534],[0.0198159,-0.986585,-0.162039],[0.144596,-0.157539,0.976869]],[[-0.989292,-0.0427877,0.139534],[-0.0607339,-0.748655,-0.660172],[0.13271,-0.661578,0.73804]],[[-0.989292,-0.0427877,0.139534],[-0.108731,-0.421679,-0.900202],[0.0973563,-0.905735,0.412511]]],3],[914,[-0.145463,0.640567,-0.753999],91,50.5107,[22.4091,141.58,-43.0285],[23.8126,142.934,-42.4566],[-32.805,322.476,-3.45799],false,[42.0703,123.336,67.9801],[35.6279,112.492,11.3835],[25.3267,118.036,-21.9843],[22.4816,130.565,-36.7316],[22.2818,145.717,-44.9461],[[[-0.988914,0.118165,0.0899251],[-0.0985166,-0.975222,0.198083],[0.111103,0.187028,0.976052]],[[-0.935685,0.158547,0.315209],[-0.199047,-0.974819,-0.10054],[0.291331,-0.156815,0.943682]],[[-0.935685,0.158547,0.315209],[-0.321456,-0.751357,-0.576306],[0.145463,-0.640567,0.753999]],[[-0.935685,0.158547,0.315209],[-0.352646,-0.449569,-0.820688],[0.0115906,-0.879063,0.476565]]],4]],[[0,200,0],[235.247,235.247,147.751]]],[138910,4917488966,[[90,"left",[0.049123,-0.203973,-0.977743],[0.43664,0.884811,-0.162649],[-128.423,137.348,1.81743],[-60.1422,292.124,5.71631],[-128.393,136.765,1.89066],0,0.404848,0.394704,[[0.829373,-0.500383,0.248511],[-0.240566,-0.721302,-0.649501],[-0.50425,-0.478895,0.718603]],62.1904,[-259.05,15.0527,244.385],[-126.17,141.25,55.0199]],[91,"right",[0.167202,-0.217357,-0.961665],[-0.250428,0.934043,-0.254655],[69.9994,128.037,25.4416],[-10.8921,270.631,18.8913],[70.0858,127.052,25.4135],0.168809,0.236655,0.834548,[[-0.933413,-0.358749,0.00623697],[0.287926,-0.759287,-0.583594],[0.2141,-0.542939,0.812021]],63.72,[112.59,-13.0146,296.942],[54.7833,133.579,77.6961]]],[[900,[-0.285294,0.220783,-0.932664],90,50.8653,[-185.158,184.54,-35.592],[-184.054,186.105,-35.8299],[-48.6545,311.486,12.5666],false,[-146.726,162.915,52.8835],[-146.726,162.915,52.8835],[-169.715,173.77,11.3238],[-179.209,181.117,-19.7126],[-186.873,186.193,-40.6231],[[[-0.0194856,-0.999778,0.00801663],[-0.937384,0.0210573,0.34766],[0.347752,0.000740283,0.937586]],[[-0.0965282,-0.974777,-0.201225],[-0.876366,-0.0126097,0.48148],[0.471873,-0.222823,0.853045]],[[-0.0965282,-0.974777,-0.201225],[-0.953567,0.0326201,0.29941],[0.285294,-0.220783,0.932664]],[[-0.0965282,-0.974777,-0.201225],[-0.937073,0.020851,0.34851],[0.335524,-0.222204,0.91545]]],0],[901,[0.434988,0.870913,-0.228682],90,57.3958,[-123.31,192.699,-61.1341],[-123.222,194.742,-60.0928],[-38.0702,295.728,5.52965],false,[-147.474,140.601,46.8196],[-150.095,140.742,-24.936],[-139.144,162.737,-58.9137],[-128.882,183.282,-64.3084],[-121.605,197.834,-60.6547],[[[0.89379,-0.447232,-0.033519],[-0.446999,-0.894416,0.0145685],[0.0364954,-0.00196173,0.999332]],[[0.894503,-0.44706,-0.00110588],[-0.362843,-0.724547,-0.585983],[-0.261168,-0.524565,0.810323]],[[0.894503,-0.44706,-0.00110588],[-0.103198,-0.204076,-0.9735],[-0.434988,-0.870913,0.228682]],[[0.894503,-0.44706,-0.00110588],[0.0969868,0.19647,-0.975701],[-0.436415,-0.872661,-0.219102]]],1],[902,[0.324911,0.912825,-0.247355],90,65.3979,[-103.847,192.099,-63.5504],[-103.743,191.213,-65.2196],[-39.5343,291.617,12.9939],false,[-137.612,133.799,45.8707],[-131.701,129.849,-21.8503],[-116.172,153.578,-59.385],[-107.154,178.913,-66.25],[-102.76,196.409,-62.9402],[[[0.953522,-0.284312,0.0998134],[-0.288548,-0.956975,0.0306286],[-0.0868109,0.058006,0.994535]],[[0.937232,-0.275764,0.213427],[-0.112371,-0.818247,-0.563778],[-0.330106,-0.504407,0.797875]],[[0.937232,-0.275764,0.213427],[0.12661,-0.301173,-0.945127],[-0.324911,-0.912825,0.247355]],[[0.937232,-0.275764,0.213427],[0.253365,0.118,-0.960147],[-0.23959,-0.953955,-0.180462]]],2],[903,[0.276295,0.906499,-0.319251],90,62.8819,[-88.9108,180.574,-56.0055],[-88.8812,179.908,-57.0907],[-46.5517,286.464,8.9855],false,[-126.42,129.52,46.2922],[-112.85,122.198,-12.8677],[-98.8451,142.482,-48.8397],[-91.3749,166.991,-57.4713],[-88.1237,184.845,-55.6852],[[[0.949375,-0.199722,0.242485],[-0.222306,-0.972506,0.0693696],[-0.221963,0.119764,0.967672]],[[0.946011,-0.197941,0.256678],[-0.0438861,-0.862809,-0.503621],[-0.321151,-0.465166,0.