{"metadata":{"formatVersion":2,"generatedBy":"LeapJS Playback 0.2.1","frames":96,"protocolVersion":6,"serviceVersion":"2.2.5+26752","frameRate":"91","modified":"Thu Apr 16 2015 19:52:46 GMT-0300 (E. South America Standard Time)"},"frames":[["id","timestamp",{"hands":[["id","type","direction","palmNormal","palmPosition","palmVelocity","stabilizedPalmPosition","pinchStrength","grabStrength","confidence","armBasis","armWidth","elbow","wrist"]]},{"pointables":[["id","direction","handId","length","stabilizedTipPosition","tipPosition","tipVelocity","tool","carpPosition","mcpPosition","pipPosition","dipPosition","btipPosition","bases","type"]]},{"interactionBox":["center","size"]}],[139152,4920246761,[[90,"left",[0.0269309,-0.0356499,-0.999001],[0.635573,0.771971,-0.0104145],[-141.517,139.831,-1.44343],[-82.6621,511.321,26.3451],[-141.504,139.527,-1.45386],0.11414,0.659798,0.451188,[[0.812462,-0.575086,-0.09582],[-0.548543,-0.698355,-0.459783],[-0.197498,-0.426118,0.882846]],62.1904,[-191.921,21.4429,284.221],[-139.876,133.733,51.5748]],[91,"right",[0.194058,-0.212878,-0.957614],[-0.246075,0.934397,-0.257584],[92.9496,125.459,27.3684],[26.651,347.032,9.97162],[92.8971,124.917,27.3452],0.264045,0.412099,0.81981,[[-0.906162,-0.415597,0.0784144],[0.308105,-0.775707,-0.550772],[0.289726,-0.474929,0.830964]],63.72,[154.521,2.50968,303.57],[76.2947,130.74,79.2094]]],[[900,[0.0277978,0.122905,-0.992029],90,50.8653,[-170.865,175.434,-38.1745],[-171.019,176.775,-38.0707],[-27.1144,660.452,109.921],false,[-154.735,159.648,53.5926],[-154.735,159.648,53.5926],[-176.95,170.63,11.6471],[-176.025,174.72,-21.3648],[-169.289,175.905,-43.1586],[[[-0.25274,-0.952812,-0.168139],[-0.915703,0.179446,0.359566],[0.312427,-0.244842,0.917846]],[[-0.238187,-0.963013,-0.125985],[-0.857518,0.147622,0.492819],[0.455994,-0.225417,0.860963]],[[-0.238187,-0.963013,-0.125985],[-0.970821,0.23979,0.00250473],[-0.0277978,-0.122905,0.992029]],[[-0.238187,-0.963013,-0.125985],[-0.925368,0.264411,-0.271628],[-0.294893,-0.051884,0.954121]]],0],[901,[0.644008,0.753468,0.132439],90,57.3958,[-119.655,203.004,-43.4707],[-119.661,203.685,-43.5506],[-16.8861,704.32,298.197],false,[-160.509,139.547,43.7002],[-161.053,152.841,-26.8599],[-141.704,178.349,-53.9371],[-126.512,196.123,-50.8129],[-117.471,205.95,-40.8244],[[[0.765139,-0.631634,-0.124903],[-0.64382,-0.752836,-0.136871],[0.00757899,-0.185141,0.982683]],[[0.763954,-0.642533,-0.0593799],[-0.451042,-0.465927,-0.761231],[-0.461449,-0.608329,0.645756]],[[0.763954,-0.642533,-0.0593799],[0.0403553,0.139418,-0.989411],[-0.644007,-0.753468,-0.132439]],[[0.763954,-0.642533,-0.0593799],[0.349882,0.489799,-0.798548],[-0.542178,-0.589278,-0.598995]]],1],[902,[0.497828,0.849583,0.174285],90,65.3979,[-105.287,199.89,-41.855],[-105.243,200.727,-41.8932],[-20.2716,699.333,314.38],false,[-152.487,130.894,41.4229],[-145.805,137.568,-26.0122],[-123.856,167.245,-55.1768],[-110.039,190.824,-50.3397],[-103.726,203.575,-38.767],[[[0.857598,-0.513183,0.0341848],[-0.504873,-0.852665,-0.134409],[-0.0981248,-0.0980103,0.990336]],[[0.847615,-0.519164,0.109628],[-0.252697,-0.576629,-0.776945],[-0.466576,-0.630847,0.619951]],[[0.847615,-0.519164,0.109628],[0.183621,0.0931506,-0.978574],[-0.497828,-0.849583,-0.174285]],[[0.847615,-0.519164,0.109628],[0.4038,0.497089,-0.768016],[-0.344231,-0.695249,-0.630978]]],2],[903,[0.44223,0.889028,0.11858],90,62.8819,[-95.1549,186.086,-36.102],[-95.1325,186.576,-36.697],[-26.8258,677.784,284.992],false,[-142.62,124.1,40.9197],[-129.517,124.255,-18.7958],[-111.392,151.891,-47.2442],[-99.4357,175.927,-44.0382],[-93.801,189.656,-33.4404],[[[0.869414,-0.456265,0.189583],[-0.445182,-0.88984,-0.0999854],[-0.214318,-0.00252984,0.976761]],[[0.882368,-0.45495,0.120202],[-0.220622,-0.6256,-0.748298],[-0.415636,-0.633755,0.652381]],[[0.882368,-0.45495,0.120202],[0.160811,0.0514747,-0.985642],[-0.44223,-0.889028,-0.11858]],[[0.882368,-0.45495,0.120202],[0.354892,0.475655,-0.804863],[-0.308998,-0.752844,-0.58116]]],3],[904,[0.320285,0.947221,-0.0137719],90,49.2982,[-88.1807,164.921,-28.17],[-87.4579,164.917,-28.0147],[-85.455,647.781,173.549],false,[-129.096,122.452,43.6287],[-112.502,115.825,-10.0696],[-95.8378,135.346,-33.1396],[-89.7238,153.428,-33.4025],[-87.7231,168.641,-26.5059],[[[0.900291,-0.30015,0.315255],[-0.321711,-0.946678,0.0174088],[-0.29322,0.117094,0.948847]],[[0.875353,-0.290363,0.386583],[0.0245656,-0.771833,-0.63535],[-0.48286,-0.565652,0.668494]],[[0.875353,-0.290363,0.386583],[0.362181,-0.135872,-0.922152],[-0.320285,-0.947221,0.0137719]],[[0.875353,-0.290363,0.386583],[0.46863,0.312878,-0.826131],[-0.118925,-0.904321,-0.409952]]],4],[910,[0.364975,0.305224,-0.879563],91,52.1164,[148.526,179.573,0.572831],[148.564,179.46,0.586642],[-9.58774,383.978,6.82741],false,[100.045,149.703,83.3804],[100.045,149.703,83.3804],[122.422,164.757,41.3752],[134.866,175.164,11.386],[152.608,181.181,-2.64068],[[[-0.124164,-0.992227,-0.00835837],[0.798567,-0.104922,0.592691],[-0.588961,0.0669159,0.805387]],[[0.091822,-0.951928,-0.292234],[0.889168,-0.0537333,0.454414],[-0.448273,-0.301571,0.841491]],[[0.091822,-0.951928,-0.292234],[0.926478,-0.0258951,0.375457],[-0.364975,-0.305224,0.879563]],[[0.091822,-0.951928,-0.292234],[0.645664,-0.166505,0.745248],[-0.758081,-0.257115,0.599337]]],0],[911,[0.134858,0.727367,-0.672867],91,58.8075,[143.398,161.975,-50.1129],[143.072,162.295,-50.3386],[-35.4882,411.697,13.3256],false,[99.2741,126.851,77.1301],[122.107,125.269,7.21144],[142.524,132.106,-29.9662],[145.784,149.687,-46.2297],[142.681,165.714,-51.2685],[[[-0.903561,-0.317319,-0.287898],[0.295383,-0.948075,0.117909],[-0.310364,0.021498,0.950375]],[[-0.806781,-0.313636,-0.500737],[0.351085,-0.936115,0.0206706],[-0.47523,-0.159125,0.865353]],[[-0.806781,-0.313636,-0.500737],[0.575255,-0.610384,-0.54453],[-0.134858,-0.727367,0.672867]],[[-0.806781,-0.313636,-0.500737],[0.562238,-0.146981,-0.813809],[0.181641,-0.938099,0.29492]]],1],[912,[0.0397871,0.733633,-0.67838],91,67.0064,[111.193,156.568,-64.3462],[111.992,155.859,-64.8038],[-99.9966,435.029,40.1612],false,[88.9536,121.359,73.2642],[101.746,116.937,4.8217],[111.566,121.615,-42.1354],[112.697,142.476,-61.4261],[110.743,160.778,-65.2182],[[[-0.974213,-0.145193,-0.172706],[0.131487,-0.987371,0.0883757],[-0.183357,0.0633882,0.981001]],[[-0.965009,-0.14789,-0.216533],[0.16509,-0.984231,-0.0635254],[-0.203724,-0.09705,0.974206]],[[-0.965009,-0.14789,-0.216533],[0.259181,-0.663258,-0.702078],[-0.0397871,-0.733633,0.67838]],[[-0.965009,-0.14789,-0.216533],[0.240723,-0.172219,-0.955193],[0.103972,-0.973894,0.201793]]],2],[913,[-0.145782,0.62327,-0.768298],91,64.4285,[67.3693,142.848,-62.4655],[67.2595,143.108,-62.5896],[-11.8294,389.723,42.1891],false,[77.3129,118.643,70.4276],[79.7403,112.068,8.18104],[72.7546,112.28,-35.9486],[68.7161,129.546,-57.232],[66.967,146.864,-64.0233],[[[-0.997699,-0.059434,-0.0326291],[0.0556354,-0.992697,0.107038],[-0.0387525,0.104976,0.993719]],[[-0.986998,-0.0384892,0.156056],[0.0372723,-0.999248,-0.0107176],[0.156351,-0.00476163,0.98769]],[[-0.986998,-0.0384892,0.156056],[-0.067694,-0.781059,-0.620777],[0.145782,-0.62327,0.768298]],[[-0.986998,-0.0384892,0.156056],[-0.130656,-0.373367,-0.918437],[0.0936161,-0.926885,0.363483]]],3],[914,[-0.164466,0.637029,-0.75309],91,50.5107,[43.7856,138.499,-40.9868],[43.5416,139.163,-40.9251],[8.55232,360.065,41.3067],false,[63.7347,122.731,69.2104],[58.7467,112.321,12.3857],[46.8419,114.231,-20.8544],[43.6252,126.691,-35.5839],[43.855,142.457,-42.5473],[[[-0.990864,0.11796,0.0653682],[-0.103864,-0.976656,0.188029],[0.0860222,0.179522,0.979986]],[[-0.925653,0.16408,0.340945],[-0.172663,-0.984967,0.00524177],[0.33668,-0.0540167,0.940069]],[[-0.925653,0.16408,0.340945],[-0.340759,-0.753175,-0.562682],[0.164466,-0.637029,0.75309]],[[-0.925653,0.16408,0.340945],[-0.378138,-0.369404,-0.848854],[-0.0133335,-0.914668,0.403985]]],4]],[[0,200,0],[235.247,235.247,147.751]]],[139153,4920254936,[[90,"left",[0.0366197,-0.0264222,-0.99898],[0.598364,0.801224,0.000742546],[-141.858,141.181,-0.57615],[-72.3024,423.786,46.5139],[-141.797,140.893,-0.728999],0.117423,0.662839,0.452653,[[0.83607,-0.542787,-0.0798032],[-0.513034,-0.721983,-0.464259],[-0.194377,-0.429095,0.882097]],62.1904,[-191.579,21.6736,284.855],[-140.356,134.748,52.4066]],[91,"right",[0.193513,-0.205214,-0.959396],[-0.247344,0.936088,-0.250119],[93.0077,128.034,27.2783],[21.708,338.943,4.66035],[92.9836,127.356,27.2928],0.266327,0.4152,0.83414,[[-0.906463,-0.415852,0.0734361],[0.308515,-0.7709,-0.557253],[0.288347,-0.482473,0.827089]],63.72,[154.243,2.62656,302.486],[76.3894,132.894,79.1722]]],[[900,[0.0320866,0.131357,-0.990816],90,50.8653,[-172.151,175.741,-37.3619],[-172.651,176.887,-37.1592],[-67.1732,498.287,110.37],false,[-156.441,159.914,54.4946],[-156.441,159.914,54.4946],[-178.799,170.156,12.4373],[-177.731,174.527,-20.5342],[-170.749,176.167,-42.2208],[[[-0.205973,-0.962338,-0.177429],[-0.926035,0.133083,0.353197],[0.316282,-0.237055,0.91857]],[[-0.19124,-0.972204,-0.135082],[-0.867657,0.103098,0.486355],[0.45891,-0.210216,0.863256]],[[-0.19124,-0.972204,-0.135082],[-0.981019,0.193818,-0.00607405],[-0.0320866,-0.131357,0.990816]],[[-0.19124,-0.972204,-0.135082],[-0.932735,0.222859,-0.283442],[-0.305668,-0.0717906,0.949428]]],0],[901,[0.60651,0.781989,0.143663],90,57.3958,[-121.854,205.488,-42.0599],[-122.711,206.33,-42.007],[-107.1,608.038,270.524],false,[-161.178,139.642,44.4029],[-161.783,153.454,-26.0572],[-143.445,180.063,-52.7753],[-129.137,198.51,-49.3863],[-120.653,208.673,-39.2462],[[[0.795173,-0.593731,-0.123221],[-0.606324,-0.781335,-0.147944],[0.00843782,-0.192353,0.981289]],[[0.793977,-0.605198,-0.0577532],[-0.422277,-0.480656,-0.768539],[-0.437359,-0.63459,0.637191]],[[0.793977,-0.605198,-0.0577532],[0.0417823,0.149093,-0.98794],[-0.60651,-0.781989,-0.143663]],[[0.793977,-0.605198,-0.0577532],[0.332816,0.512188,-0.791769],[-0.508758,-0.609425,-0.608085]]],1],[902,[0.455382,0.870632,0.186083],90,65.3979,[-107.371,202.875,-40.2915],[-108.188,204.041,-40.1999],[-106.414,625.081,287.628],false,[-152.736,131.396,42.128],[-145.836,138.913,-25.1964],[-125.077,169.841,-53.9295],[-112.439,194.004,-48.765],[-106.84,206.933,-37.0226],[[[0.880637,-0.472303,0.0375261],[-0.462829,-0.874497,-0.145066],[-0.101332,-0.110383,0.98871]],[[0.870341,-0.479348,0.11284],[-0.218589,-0.581379,-0.78372],[-0.441277,-0.657438,0.610778]],[[0.870341,-0.479348,0.11284],[0.187441,0.11057,-0.976033],[-0.455382,-0.870632,-0.186083]],[[0.870341,-0.479348,0.11284],[0.386437,0.522774,-0.759851],[-0.305243,-0.704935,-0.640229]]],2],[903,[0.396002,0.906816,0.144457],90,62.8819,[-96.9874,189.426,-33.9492],[-97.5131,190.387,-34.3986],[-94.5535,626.156,291.41],false,[-142.555,125.081,41.6566],[-128.995,126.328,-17.9439],[-111.897,155.277,-45.7152],[-101.191,179.794,-41.8095],[-96.4047,193.53,-30.811],[[[0.888494,-0.416123,0.193442],[-0.401723,-0.90908,-0.110423],[-0.221804,-0.0203999,0.974878]],[[0.901942,-0.413643,0.124101],[-0.181046,-0.623062,-0.760931],[-0.392076,-0.663848,0.636854]],[[0.901942,-0.413643,0.124101],[0.17229,0.0811475,-0.981698],[-0.396002,-0.906816,-0.144457]],[[0.901942,-0.413643,0.124101],[0.342958,0.511423,-0.787925],[-0.262452,-0.753224,-0.603136]]],3],[904,[0.274862,0.96148,-0.00267926],90,49.2982,[-89.919,168.68,-27.0209],[-89.3555,169.133,-26.6182],[-127.212,614.33,169.188],false,[-128.99,124.053,44.4667],[-111.67,118.644,-9.13869],[-96.6125,139.341,-32.2878],[-91.3655,157.695,-32.339],[-89.8929,172.84,-25.164],[[[0.910932,-0.259722,0.320542],[-0.276646,-0.960942,0.00757364],[-0.306055,0.0955757,0.947204]],[[0.89883,-0.255961,0.355793],[0.0416852,-0.75816,-0.650735],[-0.43631,-0.599731,0.670787]],[[0.89883,-0.255961,0.355793],[0.341402,-0.100202,-0.934561],[-0.274862,-0.96148,0.00267926]],[[0.89883,-0.255961,0.355793],[0.429466,0.3522,-0.831573],[-0.0875395,-0.900244,-0.426495]]],4],[910,[0.363908,0.312461,-0.877462],91,52.1164,[148.504,182.306,0.840147],[148.539,182.306,0.871554],[-7.9531,374.889,13.9971],false,[100.122,151.851,83.4711],[100.122,151.851,83.4711],[122.447,167.256,41.5659],[134.854,177.91,11.6483],[152.578,184.056,-2.34559],[[[-0.123047,-0.992273,-0.0159636],[0.799171,-0.108612,0.591209],[-0.588375,0.0599886,0.80636]],[[0.0926607,-0.949525,-0.299694],[0.889602,-0.0562472,0.45326],[-0.447238,-0.308608,0.839487]],[[0.0926607,-0.949525,-0.299694],[0.926815,-0.0277547,0.374492],[-0.363908,-0.312461,0.877462]],[[0.0926607,-0.949525,-0.299694],[0.646463,-0.171552,0.743408],[-0.757297,-0.262626,0.597937]]],0],[911,[0.130791,0.73485,-0.6655],91,58.8075,[143.212,165.05,-49.8856],[142.948,165.56,-50.1112],[-32.6745,409.898,17.5396],false,[99.3715,129.047,77.0441],[122.149,128.035,7.09675],[142.489,135.195,-30.0625],[145.65,152.956,-46.1479],[142.462,169.033,-50.9746],[[[-0.903437,-0.316102,-0.28962],[0.296553,-0.948625,0.110302],[-0.309608,0.0137635,0.950765]],[[-0.807287,-0.310709,-0.501744],[0.352362,-0.935779,0.0125517],[-0.473421,-0.166663,0.864925]],[[-0.807287,-0.310709,-0.501744],[0.575483,-0.602873,-0.552597],[-0.130791,-0.73485,0.6655]],[[-0.807287,-0.310709,-0.501744],[0.55989,-0.134446,-0.817586],[0.186574,-0.940948,0.2825]]],1],[912,[0.0330448,0.741752,-0.669859],91,67.0064,[110.641,159.956,-64.0899],[111.544,159.328,-64.5385],[-92.0575,431.561,38.0601],false,[89.054,123.574,73.144],[101.795,119.698,4.6589],[111.251,124.792,-42.3296],[112.191,145.884,-61.378],[110.166,164.233,-64.8944],[[[-0.97419,-0.144957,-0.173038],[0.132677,-0.987877,0.0805977],[-0.182623,0.0555593,0.981612]],[[-0.966499,-0.146974,-0.210426],[0.165517,-0.983479,-0.0733085],[-0.196175,-0.105682,0.974857]],[[-0.966499,-0.146974,-0.210426],[0.254536,-0.654372,-0.712046],[-0.0330448,-0.741752,0.669859]],[[-0.966499,-0.146974,-0.210426],[0.232965,-0.158182,-0.959534],[0.107741,-0.97641,0.187122]]],2],[913,[-0.146253,0.633116,-0.760115],91,64.4285,[67.4021,146.29,-62.2185],[67.2742,146.491,-62.3943],[-7.79891,399.208,39.2126],false,[77.414,120.867,70.2959],[79.7979,114.777,7.99818],[72.8044,115.424,-36.126],[68.7529,132.963,-57.1827],[66.9996,150.379,-63.715],[[[-0.997657,-0.0603151,-0.0322796],[0.0568475,-0.993434,0.0992795],[-0.0380558,0.0972119,0.994536]],[[-0.986937,-0.0409031,0.155826],[0.0381399,-0.999058,-0.0206828],[0.156526,-0.0144694,0.987568]],[[-0.986937,-0.0409031,0.155826],[-0.0675651,-0.772975,-0.630828],[0.146253,-0.633116,0.760115]],[[-0.986937,-0.0409031,0.155826],[-0.130957,-0.35968,-0.92384],[0.0938355,-0.932179,0.349625]]],3],[914,[-0.163297,0.644717,-0.746776],91,50.5107,[43.9252,141.441,-40.8699],[43.6404,142.249,-40.8396],[10.9728,366.08,33.855],false,[63.8302,124.948,69.1215],[58.8074,114.975,12.2218],[46.9571,117.158,-21.0209],[43.7632,129.768,-35.627],[44.0062,145.613,-42.4087],[[[-0.990943,0.11632,0.0670869],[-0.102604,-0.978205,0.180523],[0.0866231,0.172004,0.98128]],[[-0.926424,0.160059,0.340764],[-0.171521,-0.985174,-0.00356741],[0.335141,-0.0617531,0.940142]],[[-0.926424,0.160059,0.340764],[-0.339224,-0.747477,-0.571144],[0.163297,-0.644717,0.746776]],[[-0.926424,0.160059,0.340764],[-0.376218,-0.359693,-0.853862],[-0.0140975,-0.91924,0.393445]]],4]],[[0,200,0],[235.247,235.247,147.751]]],[139154,4920263754,[[90,"left",[0.0348846,-0.0206112,-0.999179],[0.589354,0.807866,0.00391148],[-143.61,145.185,0.872423],[-106.389,431.964,78.2925],[-143.349,144.568,0.642026],0.118622,0.67213,0.457489,[[0.843103,-0.530563,-0.0876383],[-0.504166,-0.723185,-0.472037],[-0.187067,-0.44216,0.877212]],62.1904,[-191.224,21.966,284.978],[-141.928,138.483,53.8164]],[91,"right",[0.192621,-0.192422,-0.962222],[-0.256561,0.9366,-0.238657],[93.1473,130.974,27.3575],[20.1209,337.447,5.8282],[93.1243,130.467,27.3485],0.27024,0.420269,0.843104,[[-0.905041,-0.42043,0.0643304],[0.314017,-0.76252,-0.565646],[0.286868,-0.491732,0.822135]],63.72,[154.089,2.319,301.326],[76.6343,135.087,79.3496]]],[[900,[0.0305302,0.135995,-0.990239],90,50.8653,[-174.167,179.085,-35.7626],[-174.784,180.62,-35.4607],[-113.161,479.024,132.446],false,[-158.29,163.456,56.0726],[-158.29,163.456,56.0726],[-180.84,173.637,14.1033],[-179.824,178.162,-18.849],[-172.845,179.97,-40.5234],[[[-0.195543,-0.963613,-0.182242],[-0.926748,0.120784,0.355738],[0.320782,-0.238455,0.916645]],[[-0.180366,-0.973688,-0.139283],[-0.86789,0.0909087,0.488367],[0.462855,-0.208967,0.861451]],[[-0.180366,-0.973688,-0.139283],[-0.983126,0.182858,-0.00519802],[-0.0305302,-0.135995,0.990239]],[[-0.180366,-0.973688,-0.139283],[-0.934947,0.213701,-0.283205],[-0.305518,-0.0791415,0.948891]]],0],[901,[0.597997,0.787915,0.146933],90,57.3958,[-124.361,209.485,-40.3514],[-125.274,210.767,-40.2277],[-156.641,579.699,251.9],false,[-162.819,143.187,45.8804],[-163.723,157.372,-24.5024],[-145.733,184.33,-51.1077],[-131.626,202.917,-47.6415],[-123.238,213.117,-37.4597],[[[0.801521,-0.584105,-0.128007],[-0.597835,-0.787272,-0.150987],[0.0125841,-0.197546,0.980213]],[[0.800583,-0.595949,-0.0625374],[-0.418337,-0.481141,-0.770388],[-0.429023,-0.642921,0.634501]],[[0.800583,-0.595949,-0.0625374],[0.0382906,0.155029,-0.987168],[-0.597997,-0.787915,-0.146933]],[[0.800583,-0.595949,-0.0625374],[0.325625,0.520282,-0.789478],[-0.503026,-0.611679,-0.610585]]],1],[902,[0.445978,0.874663,0.189919],90,65.3979,[-109.825,207.1,-38.5852],[-110.726,208.63,-38.4729],[-155.335,596.743,262.704],false,[-154.291,135.049,43.5442],[-147.612,143.005,-23.7519],[-127.259,174.317,-52.3603],[-114.882,198.592,-47.0893],[-109.405,211.519,-35.2869],[[[0.885945,-0.462598,0.0332278],[-0.4533,-0.878834,-0.148898],[-0.0980814,-0.116853,0.988294]],[[0.875878,-0.470166,0.108543],[-0.213677,-0.579606,-0.786383],[-0.432643,-0.665583,0.608128]],[[0.875878,-0.470166,0.108543],[0.184232,0.117938,-0.975781],[-0.445978,-0.874663,-0.189919]],[[0.875878,-0.470166,0.108543],[0.379055,0.531222,-0.757708],[-0.298588,-0.704803,-0.643504]]],2],[903,[0.385783,0.910211,0.15062],90,62.8819,[-99.2789,193.819,-32.1203],[-99.9074,195.055,-32.6435],[-142.656,599.792,265.559],false,[-144.04,128.85,43.0185],[-130.616,130.572,-16.6009],[-113.914,159.874,-44.2413],[-103.484,184.484,-40.169],[-98.8438,198.181,-29.0608],[[[0.893489,-0.407176,0.189431],[-0.39174,-0.912916,-0.114563],[-0.219581,-0.0281528,0.975188]],[[0.906857,-0.404138,0.119513],[-0.175854,-0.620585,-0.764166],[-0.382997,-0.671972,0.633851]],[[0.906857,-0.404138,0.119513],[0.169654,0.0904841,-0.981341],[-0.385783,-0.910211,-0.15062]],[[0.906857,-0.404138,0.119513],[0.335951,0.522001,-0.783997],[-0.254457,-0.751124,-0.609151]]],3],[904,[0.261716,0.965094,0.00988533],90,49.2982,[-92.6624,173.516,-25.4637],[-92.0517,174.014,-25.0413],[-180.549,599.251,172.398],false,[-130.459,127.959,45.7962],[-113.188,123.035,-7.87174],[-99.2567,144.324,-31.1875],[-94.2607,162.747,-30.9988],[-92.7484,177.726,-23.4906],[[[0.914433,-0.251223,0.317332],[-0.265852,-0.96401,0.0029041],[-0.305182,0.0870189,0.94831]],[[0.914533,-0.251252,0.317019],[0.0258234,-0.745849,-0.665614],[-0.403685,-0.616913,0.675616]],[[0.914533,-0.251252,0.317019],[0.308437,-0.0739286,-0.948368],[-0.261716,-0.965094,-0.00988533]],[[0.914533,-0.251252,0.317019],[0.394394,0.37966,-0.836846],[-0.0898997,-0.890354,-0.446304]]],4],[910,[0.358536,0.325814,-0.874813],91,52.1164,[148.101,186.058,1.38137],[148.107,186.05,1.42322],[-19.1267,388.282,27.2238],false,[100.205,154.209,83.8005],[100.205,154.209,83.8005],[122.269,170.297,42.0137],[134.494,181.405,12.1864],[152.12,187.873,-1.78474],[[[-0.114065,-0.993106,-0.0270299],[0.801817,-0.10809,0.587713],[-0.586582,0.0453644,0.808618]],[[0.100431,-0.945139,-0.310846],[0.891373,-0.0533222,0.450123],[-0.442004,-0.322286,0.837117]],[[0.100431,-0.945139,-0.310846],[0.928098,-0.0235907,0.371588],[-0.358536,-0.325814,0.874813]],[[0.100431,-0.945139,-0.310846],[0.650124,-0.174163,0.739599],[-0.753162,-0.276367,0.596966]]],0],[911,[0.117688,0.747104,-0.654206],91,58.8075,[142.568,169.419,-49.3621],[142.387,169.88,-49.6063],[-44.3935,433.325,29.2687],false,[99.6441,131.474,77.114],[122.23,131.472,7.09695],[142.34,139.244,-30.0636],[145.185,157.302,-45.876],[141.729,173.423,-50.3572],[[[-0.901353,-0.320989,-0.290739],[0.30548,-0.947083,0.0985702],[-0.306994,0.0000314312,0.951711]],[[-0.806574,-0.31239,-0.501848],[0.360994,-0.932568,0.000312665],[-0.468105,-0.180912,0.864956]],[[-0.806574,-0.31239,-0.501848],[0.5793,-0.586727,-0.56583],[-0.117688,-0.747104,0.654206]],[[-0.806574,-0.31239,-0.501848],[0.555455,-0.110041,-0.824233],[0.202258,-0.943559,0.262275]]],1],[912,[0.0181152,0.753046,-0.657718],91,67.0064,[109.634,164.299,-63.5321],[110.646,163.696,-63.9771],[-98.1589,448.025,44.9552],false,[89.3658,125.952,73.1797],[101.945,122.978,4.61963],[110.84,128.783,-42.396],[111.355,150.197,-61.0992],[109.103,168.586,-64.2492],[[[-0.973323,-0.151845,-0.172002],[0.141884,-0.987485,0.068869],[-0.180307,0.0426275,0.982686]],[[-0.967369,-0.153075,-0.201905],[0.173629,-0.980848,-0.0882588],[-0.184528,-0.120435,0.97542]],[[-0.967369,-0.153075,-0.201905],[0.252724,-0.639914,-0.7257],[-0.0181152,-0.753046,0.657719]],[[-0.967369,-0.153075,-0.201905],[0.223231,-0.137958,-0.964954],[0.119856,-0.978538,0.167627]]],2],[913,[-0.153012,0.64648,-0.747429],91,64.4285,[67.2182,150.373,-61.573],[67.0634,150.43,-61.8201],[-11.4556,416.323,48.5891],false,[77.7428,123.172,70.3328],[80.0033,117.819,7.96286],[72.9149,119.033,-36.1342],[68.6761,136.942,-56.8395],[66.7781,154.489,-62.9706],[[[-0.997156,-0.0690411,-0.0302157],[0.0661617,-0.993948,0.087695],[-0.0360874,0.0854465,0.995689]],[[-0.986223,-0.0517862,0.157106],[0.0468438,-0.998289,-0.0350027],[0.15865,-0.027161,0.986961]],[[-0.986223,-0.0517862,0.157106],[-0.0628593,-0.761171,-0.645498],[0.153012,-0.64648,0.747429]],[[-0.986223,-0.0517862,0.157106],[-0.130552,-0.339587,-0.93147],[0.101588,-0.939148,0.328148]]],3],[914,[-0.166803,0.655505,-0.736539],91,50.5107,[44.0499,145.15,-40.4243],[43.6652,145.605,-40.4028],[11.3333,372.82,38.6943],false,[64.1191,127.142,69.2429],[59.0241,117.777,12.2464],[47.2109,120.302,-20.9853],[43.9484,133.123,-35.3911],[44.0918,149.089,-41.8861],[[[-0.991764,0.106497,0.0711559],[-0.0931879,-0.981106,0.169548],[0.0878678,0.16152,0.98295]],[[-0.928398,0.147147,0.341211],[-0.162667,-0.986532,-0.0171579],[0.334091,-0.0714332,0.93983]],[[-0.928398,0.147147,0.341211],[-0.332045,-0.740717,-0.584025],[0.166803,-0.655505,0.736539]],[[-0.928398,0.147147,0.341211],[-0.371495,-0.346991,-0.861156],[-0.00831947,-0.926253,0.37681]]],4]],[[0,200,0],[235.247,235.247,147.751]]],[139155,4920272273,[[90,"left",[0.0450953,0.00100124,-0.998982],[0.580879,0.813541,0.0270369],[-145.027,149.509,1.30721],[-122.115,451.779,71.1509],[-144.785,148.795,1.21106],0.126459,0.67943,0.46022,[[0.849,-0.519489,-0.0965905],[-0.497953,-0.725462,-0.475129],[-0.176751,-0.451482,0.874599]],62.1904,[-190.384,22.7264,284.585],[-143.807,141.7,54.1119]],[91,"right",[0.187531,-0.187898,-0.96412],[-0.26273,0.936176,-0.233556],[93.3544,134.073,27.3358],[21.2194,344.346,3.63126],[93.3321,133.724,27.337],0.274858,0.427812,0.854058,[[-0.905914,-0.419671,0.0565369],[0.313751,-0.754864,-0.575969],[0.284395,-0.50404,0.815514]],63.72,[153.935,1.8201,299.634],[77.148,137.911,79.4452]]],[[900,[0.0557504,0.149475,-0.987193],90,50.8653,[-174.92,183.049,-34.7595],[-175.616,184.807,-34.5194],[-101.61,480.163,126.547],false,[-160.448,166.452,56.7287],[-160.448,166.452,56.7287],[-182.774,177.05,14.7432],[-180.919,182.025,-18.1077],[-173.282,184.164,-39.5285],[[[-0.18371,-0.961454,-0.204588],[-0.931464,0.103775,0.348719],[0.314046,-0.254629,0.914625]],[[-0.167156,-0.973378,-0.156823],[-0.872956,0.0721858,0.482427],[0.458264,-0.217541,0.861783]],[[-0.167156,-0.973378,-0.156823],[-0.984353,0.173758,-0.0292806],[-0.0557504,-0.149475,0.987193]],[[-0.167156,-0.973378,-0.156823],[-0.927518,0.209187,-0.309761],[-0.33432,-0.093678,0.937792]]],0],[901,[0.588287,0.790605,0.169888],90,57.3958,[-126.193,214.36,-38.4553],[-126.96,216.132,-38.193],[-167.588,592.581,248.449],false,[-164.665,146.359,46.064],[-165.011,162.028,-24.0083],[-147.033,189.729,-49.8479],[-133.155,208.379,-45.8402],[-124.977,218.443,-35.3565],[[[0.808774,-0.573083,-0.132138],[-0.5881,-0.789911,-0.173723],[0.00481983,-0.218213,0.975889]],[[0.807301,-0.586337,-0.0668898],[-0.405513,-0.468812,-0.784713],[-0.428747,-0.660624,0.61624]],[[0.807301,-0.586337,-0.0668898],[0.046728,0.176501,-0.983191],[-0.588287,-0.790605,-0.169888]],[[0.807301,-0.586337,-0.0668898],[0.328255,0.540346,-0.774774],[-0.490422,-0.603519,-0.62869]]],1],[902,[0.435589,0.875371,0.209735],90,65.3979,[-111.656,212.054,-36.8067],[-112.408,214.053,-36.4726],[-166.581,606.36,251.459],false,[-156.029,138.359,43.6434],[-148.76,147.813,-23.3974],[-128.476,179.828,-51.2656],[-116.386,204.123,-45.4447],[-111.149,216.875,-33.3465],[[[0.890316,-0.454182,0.0324873],[-0.442652,-0.880024,-0.172094],[-0.106752,-0.138837,0.984545]],[[0.879534,-0.463476,0.107747],[-0.201234,-0.56749,-0.798411],[-0.43119,-0.680547,0.592394]],[[0.879534,-0.463476,0.107747],[0.191526,0.137536,-0.971803],[-0.435589,-0.875371,-0.209735]],[[0.879534,-0.463476,0.107747],[0.380632,0.549399,-0.743828],[-0.28555,-0.695234,-0.659629]]],2],[903,[0.374876,0.910703,0.173458],90,62.8819,[-100.99,198.863,-30.2828],[-101.518,200.518,-30.6899],[-155.227,609.96,254.99],false,[-145.71,132.278,43.0914],[-131.708,135.403,-16.3378],[-115.052,165.45,-43.1959],[-104.917,190.072,-38.5061],[-100.525,203.577,-27.0657],[[[0.895722,-0.402022,0.189897],[-0.381089,-0.914202,-0.13786],[-0.229027,-0.0511165,0.972077]],[[0.909832,-0.397325,0.119746],[-0.162209,-0.606116,-0.77866],[-0.381961,-0.689026,0.615913]],[[0.909832,-0.397325,0.119746],[0.177973,0.112928,-0.977534],[-0.374876,-0.910703,-0.173458]],[[0.909832,-0.397325,0.119746],[0.337947,0.541961,-0.769461],[-0.240828,-0.740547,-0.627369]]],3],[904,[0.250884,0.967334,0.0363587],90,49.2982,[-94.6727,178.791,-23.9459],[-93.9239,179.469,-23.4831],[-192.668,609.66,174.594],false,[-132.149,131.466,45.9884],[-114.292,127.86,-7.59228],[-100.916,149.911,-30.5222],[-96.1266,168.377,-29.8281],[-94.7003,183.114,-21.8402],[[[0.913766,-0.24862,0.321279],[-0.25586,-0.966502,-0.0202199],[-0.315544,0.063726,0.946769]],[[0.921532,-0.250168,0.296978],[0.0235437,-0.727404,-0.685806],[-0.387589,-0.638984,0.664436]],[[0.921532,-0.250168,0.296978],[0.296372,-0.0410013,-0.954192],[-0.250884,-0.967334,-0.0363587]],[[0.921532,-0.250168,0.296978],[0.378934,0.412383,-0.828462],[-0.0847856,-0.875989,-0.474821]]],4],[910,[0.351402,0.330839,-0.875821],91,52.1164,[147.853,189.555,1.27871],[147.874,189.52,1.263],[-21.3247,393.252,15.208],false,[100.651,157.134,83.8196],[100.651,157.134,83.8196],[122.371,173.487,41.9555],[134.352,184.767,12.0939],[151.858,191.375,-1.96324],[[[-0.109271,-0.993559,-0.0300131],[0.806023,-0.106235,0.582272],[-0.58171,0.0394343,0.81244]],[[0.103197,-0.943469,-0.314987],[0.89444,-0.0505094,0.444327],[-0.435118,-0.32759,0.838664]],[[0.103197,-0.943469,-0.314987],[0.93052,-0.0203053,0.365678],[-0.351401,-0.330839,0.875821]],[[0.103197,-0.943469,-0.314987],[0.655619,-0.173629,0.734859],[-0.748007,-0.282346,0.600638]]],0],[911,[0.104911,0.754012,-0.648429],91,58.8075,[141.834,173.218,-49.3242],[141.757,173.574,-49.641],[-55.5051,435.423,21.7486],false,[100.161,134.422,77.052],[122.306,134.792,6.8954],[142.082,142.824,-30.3895],[144.618,161.048,-46.0623],[140.938,177.187,-50.2952],[[[-0.901547,-0.324432,-0.286281],[0.31082,-0.945896,0.0931272],[-0.301006,-0.00502334,0.953609]],[[-0.808813,-0.314685,-0.496785],[0.365974,-0.930603,-0.00635539],[-0.460309,-0.18695,0.867851]],[[-0.808813,-0.314685,-0.496785],[0.578632,-0.576576,-0.57684],[-0.104911,-0.754012,0.648429]],[[-0.808813,-0.314685,-0.496785],[0.54722,-0.0934022,-0.831761],[0.215342,-0.944589,0.247747]]],1],[912,[0.00473933,0.75732,-0.653026],91,67.0064,[108.565,167.87,-63.451],[109.659,167.326,-63.8782],[-105.427,440.432,35.4812],false,[89.886,128.863,73.1617],[102.049,126.205,4.51357],[110.262,132.222,-42.5994],[110.397,153.757,-61.1691],[107.996,172.158,-64.131],[[[-0.973614,-0.156091,-0.166466],[0.147244,-0.987008,0.064301],[-0.17434,0.0380932,0.983948]],[[-0.969353,-0.156924,-0.189022],[0.176978,-0.979691,-0.0942588],[-0.170391,-0.124823,0.977439]],[[-0.969353,-0.156924,-0.189022],[0.245626,-0.633909,-0.733367],[-0.00473933,-0.75732,0.653026]],[[-0.969353,-0.156924,-0.189022],[0.209824,-0.128632,-0.969241],[0.127783,-0.979198,0.157616]]],2],[913,[-0.159745,0.65594,-0.737716],91,64.4285,[66.8699,154.055,-60.985],[66.6922,153.978,-61.3282],[-19.3218,420.833,54.0039],false,[78.2593,126.035,70.3773],[80.1547,120.924,7.97494],[72.8133,122.383,-36.0732],[68.3881,140.554,-56.5094],[66.4052,158.206,-62.303],[[[-0.996969,-0.0739317,-0.0242262],[0.0716748,-0.99392,0.0835767],[-0.0302578,0.081587,0.996207]],[[-0.985075,-0.0573912,0.162278],[0.0512811,-0.997818,-0.0415965],[0.164312,-0.0326538,0.985868]],[[-0.985075,-0.0573912,0.162278],[-0.0641066,-0.752628,-0.655318],[0.159745,-0.65594,0.737716]],[[-0.985075,-0.0573912,0.162278],[-0.13552,-0.322673,-0.936758],[0.106125,-0.944769,0.310079]]],3],[914,[-0.169096,0.663094,-0.729187],91,50.5107,[44.1161,148.662,-39.925],[43.6335,148.858,-39.9577],[10.1988,378.868,43.4809],false,[64.6094,129.941,69.3876],[59.2033,120.76,12.3896],[47.3406,123.46,-20.8108],[44.0333,136.429,-35.0728],[44.1439,152.482,-41.351],[[[-0.991817,0.101255,0.0777627],[-0.0872195,-0.982181,0.166473],[0.0932334,0.158329,0.982975]],[[-0.928655,0.140645,0.343248],[-0.158262,-0.987112,-0.0237119],[0.33549,-0.0763435,0.938945]],[[-0.928655,0.140645,0.343248],[-0.330162,-0.735204,-0.592003],[0.169096,-0.663094,0.729187]],[[-0.928655,0.140645,0.343248],[-0.37089,-0.336042,-0.865746],[-0.00641667,-0.931287,0.364231]]],4]],[[0,200,0],[235.247,235.247,147.751]]],[139156,4920289596,[[90,"left",[0.0200633,0.00933356,-0.999755],[0.58914,0.807799,0.0193645],[-148.604,158.68,3.79385],[-160.986,487.55,104.518],[-148.536,158.505,3.74804],0.139408,0.68439,0.452237,[[0.845148,-0.518691,-0.129171],[-0.508636,-0.706064,-0.49271],[-0.164361,-0.482114,0.860553]],62.1904,[-189.447,23.3515,283.254],[-146.135,150.397,56.4827]],[91,"right",[0.198297,-0.161992,-0.966663],[-0.264429,0.940836,-0.211908],[93.7479,140.434,27.6166],[21.9104,354.861,9.43076],[93.7479,140.433,27.6166],0.282573,0.438682,0.862169,[[-0.90197,-0.429876,0.0407042],[0.322394,-0.733149,-0.598794],[0.287249,-0.526972,0.799868]],63.72,[154.545,0.565699,295.601],[76.9879,142.848,79.6363]]],[[900,[0.04794,0.144478,-0.988346],90,50.8653,[-177.429,191.749,-30.6011],[-178.484,193.295,-30.4869],[-120.225,480.152,177.73],false,[-162.468,175.28,59.7278],[-162.468,175.28,59.7278],[-186.105,185.961,18.4875],[-184.51,190.769,-14.4018],[-175.404,192.354,-35.2902],[[[-0.197979,-0.957863,-0.208096],[-0.9214,0.109431,0.372891],[0.334406,-0.265564,0.904239]],[[-0.176531,-0.972682,-0.150751],[-0.856415,0.0762916,0.51062],[0.48517,-0.219246,0.846488]],[[-0.176531,-0.972682,-0.150751],[-0.983127,0.181701,-0.0211255],[-0.0479401,-0.144478,0.988346]],[[-0.176531,-0.972682,-0.150751],[-0.899963,0.221529,-0.375488],[-0.398626,-0.0693851,0.914485]]],0],[901,[0.599802,0.782784,0.165791],90,57.3958,[-130.435,224.679,-35.1864],[-130.868,225.463,-35.4133],[-193.955,567.489,209.117],false,[-167.143,155.322,49.0015],[-169.094,171.606,-20.9038],[-151.451,199.397,-46.8778],[-137.302,217.863,-42.9667],[-128.796,227.717,-32.5452],[[[0.799683,-0.57945,-0.157304],[-0.599807,-0.782817,-0.165616],[0.0271746,-0.226792,0.973564]],[[0.799705,-0.593358,-0.0916458],[-0.428291,-0.456812,-0.779673],[-0.42076,-0.662759,0.619445]],[[0.799705,-0.593358,-0.0916458],[0.0266348,0.187553,-0.981893],[-0.599802,-0.782784,-0.165791]],[[0.799705,-0.593358,-0.0916458],[0.316667,0.546533,-0.775257],[-0.510092,-0.590956,-0.624962]]],1],[902,[0.449,0.869319,0.2066],90,65.3979,[-115.946,222.341,-34.0905],[-116.328,223.235,-34.2253],[-194.017,571.063,195.264],false,[-158.648,147.263,46.2966],[-152.97,157.235,-20.8227],[-133.087,189.3,-48.922],[-120.625,213.427,-43.1881],[-114.97,226.014,-31.1063],[[[0.886459,-0.462765,0.00622752],[-0.455234,-0.8743,-0.168411],[-0.0833794,-0.146455,0.985697]],[[0.877483,-0.472612,0.0816115],[-0.226668,-0.558621,-0.79785],[-0.422663,-0.681601,0.597307]],[[0.877483,-0.472612,0.0816115],[0.168588,0.144645,-0.975016],[-0.449,-0.869319,-0.2066]],[[0.877483,-0.472612,0.0816115],[0.367335,0.552864,-0.747935],[-0.308363,-0.686279,-0.658736]]],2],[903,[0.387907,0.905647,0.171264],90,62.8819,[-105.188,208.912,-28.0274],[-105.433,209.552,-28.8402],[-187.351,568.941,185.371],false,[-148.405,141.091,45.4336],[-135.867,144.605,-14.2999],[-119.625,174.721,-41.3341],[-109.138,199.207,-36.7036],[-104.324,212.569,-25.2657],[[[0.896306,-0.412039,0.163891],[-0.393163,-0.909351,-0.136028],[-0.205083,-0.0574869,0.977055]],[[0.908791,-0.406802,0.0927965],[-0.18811,-0.597966,-0.779135],[-0.372443,-0.690615,0.61995]],[[0.908791,-0.406802,0.0927965],[0.153711,0.119647,-0.980845],[-0.387907,-0.905647,-0.171264]],[[0.908791,-0.406802,0.0927965],[0.323156,0.545531,-0.773283],[-0.26395,-0.73274,-0.627234]]],3],[904,[0.260844,0.964543,0.0402111],90,49.2982,[-99.2637,188.504,-22.2678],[-98.2298,188.441,-22.0556],[-219.017,567.486,132.529],false,[-134.784,140.126,47.9818],[-118.309,136.822,-6.05956],[-105.806,159.063,-29.2973],[-100.827,177.475,-28.5297],[-98.9169,192.053,-20.3534],[[[0.919104,-0.25997,0.296081],[-0.265532,-0.96385,-0.0220226],[-0.291103,0.058378,0.954909]],[[0.931934,-0.262457,0.250231],[-0.0154623,-0.718181,-0.695684],[-0.362299,-0.644463,0.673356]],[[0.931934,-0.262457,0.250231],[0.251912,-0.0277972,-0.967351],[-0.260844,-0.964543,-0.0402111]],[[0.931934,-0.262457,0.250231],[0.344395,0.424529,-0.837357],[-0.11354,-0.86654,-0.486022]]],4],[910,[0.358961,0.354949,-0.863226],91,52.1164,[148.243,197.056,3.56379],[148.289,196.766,3.56188],[-0.50401,404.745,69.5825],false,[100.359,162.048,84.753],[100.359,162.048,84.753],[122.438,179.574,43.5562],[134.677,191.676,14.124],[152.298,198.719,0.426571],[[[-0.104575,-0.992886,-0.0569276],[0.800431,-0.118001,0.587695],[-0.590232,0.0158918,0.807077]],[[0.1106,-0.934525,-0.338275],[0.890022,-0.0583407,0.452169],[-0.442299,-0.351082,0.825296]],[[0.1106,-0.934525,-0.338275],[0.926777,-0.0259544,0.374715],[-0.358961,-0.354949,0.863226]],[[0.1106,-0.934525,-0.338275],[0.648758,-0.189961,0.736904],[-0.752915,-0.300961,0.585271]]],0],[911,[0.0991974,0.777587,-0.620902],91,58.8075,[142.274,182.247,-47.1781],[142.442,182.269,-47.5481],[-16.8519,468.965,68.9611],false,[100.04,139.518,77.3935],[122.906,141.803,7.50493],[142.88,150.975,-29.4092],[145.278,169.769,-44.4167],[141.379,186.015,-47.993],[[[-0.897106,-0.320608,-0.303994],[0.314008,-0.946703,0.0717838],[-0.310806,-0.031059,0.949966]],[[-0.803696,-0.305302,-0.510747],[0.371359,-0.928016,-0.0296315],[-0.464935,-0.213485,0.85922]],[[-0.803696,-0.305302,-0.510747],[0.586713,-0.549681,-0.594658],[-0.0991974,-0.777587,0.620902]],[[-0.803696,-0.305302,-0.510747],[0.54955,-0.0516864,-0.83386],[0.228181,-0.950852,0.209319]]],1],[912,[0.00211497,0.774397,-0.632696],91,67.0064,[109.111,176.602,-62.1204],[110.298,176.134,-62.477],[-41.8625,468.354,54.5085],false,[89.8298,134.019,73.2532],[102.713,133.198,4.68988],[110.964,140.364,-42.2551],[111.024,162.385,-60.2467],[108.539,180.853,-62.6795],[[[-0.971147,-0.155738,-0.180608],[0.150921,-0.987728,0.0401954],[-0.184652,0.011778,0.982733]],[[-0.96853,-0.155884,-0.194034],[0.180673,-0.976521,-0.117316],[-0.171191,-0.148681,0.973955]],[[-0.96853,-0.155884,-0.194034],[0.248887,-0.613196,-0.749697],[-0.00211497,-0.774397,0.632696]],[[-0.96853,-0.155884,-0.194034],[0.210863,-0.0997268,-0.972415],[0.132234,-0.982728,0.129459]]],2],[913,[-0.154458,0.679012,-0.717695],91,64.4285,[68.1231,162.914,-60.148],[67.9613,162.688,-60.5661],[23.1772,460.297,51.0095],false,[78.2451,131.217,70.2753],[80.8068,127.738,7.78444],[73.9238,130.369,-36.2833],[69.645,149.179,-56.1649],[67.6695,167.024,-61.3371],[[[-0.99633,-0.0774018,-0.0365354],[0.0751885,-0.995452,0.058496],[-0.0408969,0.0555343,0.997619]],[[-0.986478,-0.0656869,0.150158],[0.0559448,-0.996101,-0.0682116],[0.154053,-0.0588887,0.986306]],[[-0.986478,-0.0656869,0.150158],[-0.0548156,-0.731183,-0.679976],[0.154458,-0.679012,0.717695]],[[-0.986478,-0.0656869,0.150158],[-0.12523,-0.288957,-0.949116],[0.105734,-0.955086,0.276824]]],3],[914,[-0.1586,0.687536,-0.708618],91,50.5107,[45.5043,156.945,-39.529],[44.9456,156.913,-39.643],[42.4027,421.419,33.5055],false,[64.589,135.091,69.2449],[59.8119,127.373,11.9745],[48.4489,130.967,-21.3156],[45.3469,144.415,-35.1753],[45.5529,160.697,-40.829],[[[-0.993003,0.0950946,0.0700141],[-0.0846031,-0.986529,0.140007],[0.0823849,0.133104,0.987672]],[[-0.934397,0.127348,0.332692],[-0.15372,-0.986634,-0.0540736],[0.321359,-0.101668,0.941484]],[[-0.934397,0.127348,0.332692],[-0.318979,-0.714896,-0.622235],[0.1586,-0.687536,0.708618]],[[-0.934397,0.127348,0.332692],[-0.356032,-0.302509,-0.884155],[-0.0119526,-0.944601,0.328004]]],4]],[[0,200,0],[235.247,235.247,147.751]]],[139157,4920298256,[[90,"left",[0.0297902,0.0395035,-0.998775],[0.599638,0.798741,0.049477],[-150.417,163.96,3.47895],[-173.852,519.994,67.0818],[-150.185,163.286,3.5122],0.128291,0.686502,0.456569,[[0.838933,-0.522954,-0.150703],[-0.522295,-0.695797,-0.493025],[-0.15297,-0.492326,0.856863]],62.1904,[-188.876,24.3061,281.71],[-148.566,154.043,55.9103]],[91,"right",[0.201129,-0.153868,-0.967405],[-0.267223,0.94151,-0.205307],[93.9336,142.898,27.8887],[21.7845,336.175,15.2724],[93.9326,142.885,27.8872],0.285627,0.443139,0.870594,[[-0.900028,-0.434525,0.0337114],[0.325713,-0.722004,-0.610427],[0.289586,-0.538421,0.791355]],63.72,[155.231,-0.519754,293.551],[77.0433,144.854,79.8854]]],[[900,[0.0425424,0.175996,-0.983471],90,50.8653,[-178.821,197.551,-30.1545],[-179.784,199.902,-30.0033],[-137.188,557.947,143.345],false,[-164.596,179.035,59.7646],[-164.596,179.035,59.7646],[-187.689,191.228,18.6356],[-186.273,197.085,-14.0915],[-176.948,199.16,-34.8393],[[[-0.208715,-0.948297,-0.239104],[-0.9234,0.110555,0.367574],[0.322135,-0.297507,0.898732]],[[-0.187594,-0.965448,-0.180885],[-0.860305,0.0726261,0.50458],[0.474009,-0.250272,0.844203]],[[-0.187594,-0.965448,-0.180885],[-0.981325,0.192188,-0.00805682],[-0.0425424,-0.175996,0.983471]],[[-0.187594,-0.965448,-0.180885],[-0.893376,0.244247,-0.377125],[-0.408275,-0.090852,0.908327]]],0],[901,[0.608515,0.768894,0.196244],90,57.3958,[-131.076,229.78,-33.5665],[-131.415,231.646,-33.4615],[-159.418,605.713,213.602],false,[-169.433,159.479,48.3904],[-170.495,177.91,-20.9992],[-152.225,206.233,-45.9435],[-137.871,224.372,-41.314],[-129.345,233.773,-30.4972],[[[0.793366,-0.585221,-0.167591],[-0.608565,-0.769174,-0.194988],[0.0147955,-0.256687,0.966381]],[[0.792561,-0.601179,-0.102131],[-0.426621,-0.426985,-0.797294],[-0.435708,-0.675476,0.594887]],[[0.792561,-0.601179,-0.102131],[0.0394495,0.217684,-0.975222],[-0.608515,-0.768894,-0.196244]],[[0.792561,-0.601179,-0.102131],[0.332387,0.566325,-0.754185],[-0.511239,-0.56379,-0.648672]]],1],[902,[0.457936,0.855836,0.240499],90,65.3979,[-116.649,227.278,-32.3525],[-116.939,229.18,-32.1178],[-161.822,601.492,209.615],false,[-161.021,151.391,45.5184],[-154.566,163.325,-21.2094],[-133.984,195.996,-48.0806],[-121.274,219.749,-41.4058],[-115.595,231.836,-28.8352],[[[0.880114,-0.474763,0.000224213],[-0.465204,-0.862488,-0.19925],[-0.0947898,-0.175258,0.979949]],[[0.870338,-0.486732,0.0748582],[-0.226034,-0.52989,-0.81739],[-0.437516,-0.694485,0.571201]],[[0.870338,-0.486732,0.0748582],[0.181125,0.175035,-0.967759],[-0.457936,-0.855836,-0.240499]],[[0.870338,-0.486732,0.0748582],[0.382937,0.573342,-0.724319],[-0.30963,-0.659068,-0.685389]]],2],[903,[0.398323,0.894676,0.202223],90,62.8819,[-106.023,213.676,-26.6729],[-106.265,215.207,-27.1809],[-163.492,590.405,186.27],false,[-150.853,145.109,44.5614],[-137.695,150.27,-14.9189],[-120.807,180.968,-40.8797],[-110.037,205.158,-35.4122],[-105.153,218.098,-23.5286],[[[0.88912,-0.429001,0.159449],[-0.403919,-0.899351,-0.167385],[-0.215209,-0.0844204,0.972912]],[[0.902402,-0.421737,0.0883671],[-0.188867,-0.571456,-0.798604],[-0.3