{"metadata":{"formatVersion":2,"generatedBy":"LeapJS Playback 0.2.1","frames":79,"protocolVersion":6,"serviceVersion":"2.2.5+26752","frameRate":"91","modified":"Thu Apr 16 2015 19:52:19 GMT-0300 (E. South America Standard Time)"},"frames":[["id","timestamp",{"hands":[["id","type","direction","palmNormal","palmPosition","palmVelocity","stabilizedPalmPosition","pinchStrength","grabStrength","confidence","armBasis","armWidth","elbow","wrist"]]},{"pointables":[["id","direction","handId","length","stabilizedTipPosition","tipPosition","tipVelocity","tool","carpPosition","mcpPosition","pipPosition","dipPosition","btipPosition","bases","type"]]},{"interactionBox":["center","size"]}],[138965,4918104415,[[90,"left",[0.0497178,-0.360888,-0.931283],[0.523545,0.803479,-0.283412],[-118.823,116.037,-1.28245],[-87.5841,303.089,0.261464],[-118.135,112.713,-1.43671],0,0.508257,0.282975,[[0.893849,-0.427981,0.133668],[-0.304439,-0.798183,-0.519828],[-0.329168,-0.423953,0.843749]],62.1904,[-204.064,16.4275,273.041],[-117.323,128.147,50.6974]],[91,"right",[0.204225,-0.278581,-0.938448],[-0.247376,0.912852,-0.324817],[74.7303,109.303,21.0179],[40.706,209.108,23.1835],[73.8727,105.015,20.5808],0.115875,0.238223,0.699383,[[-0.894723,-0.430011,0.12067],[0.315395,-0.799636,-0.510988],[0.316222,-0.419134,0.851076]],63.72,[142.931,4.96111,301.992],[57.551,118.127,72.2016]]],[[900,[-0.366096,-0.0314642,-0.930045],90,50.8653,[-183.372,148.776,-42.0397],[-182.917,151.224,-42.2996],[-78.9231,284.643,-22.8394],false,[-135.636,150.996,44.4519],[-135.636,150.996,44.4519],[-163.625,151.414,4.57702],[-175.807,150.367,-26.3722],[-185.918,149.969,-46.8505],[[[-0.116314,-0.9796,0.163872],[-0.938054,0.162567,0.305984],[0.326383,0.11813,0.937827]],[[-0.141772,-0.985876,0.0891591],[-0.806134,0.167257,0.567603],[0.574499,-0.00859605,0.81846]],[[-0.141772,-0.985876,0.0891591],[-0.919714,0.164495,0.356464],[0.366096,0.0314642,0.930045]],[[-0.141772,-0.985876,0.0891591],[-0.885421,0.166568,0.433918],[0.442641,0.0174259,0.89653]]],0],[901,[0.532422,0.7996,-0.27779],90,57.3958,[-104.549,162.108,-67.9132],[-105.21,162.634,-69.4129],[-81.0352,200.379,-64.8039],false,[-138.412,128.166,41.9363],[-139.496,117.107,-29.0022],[-123.905,133.237,-64.4271],[-111.345,152.1,-70.9802],[-103.136,166.332,-68.1304],[[[0.846819,-0.52735,0.069275],[-0.531667,-0.835571,0.13839],[0.0150957,0.154022,0.987952]],[[0.845829,-0.515408,0.137577],[-0.38251,-0.765743,-0.517033],[-0.371831,-0.384697,0.844837]],[[0.845829,-0.515408,0.137577],[-0.0331685,-0.308212,-0.950739],[-0.532422,-0.7996,0.27779]],[[0.845829,-0.515408,0.137577],[0.205502,0.0768215,-0.975637],[-0.492282,-0.853495,-0.170895]]],1],[902,[0.400868,0.872318,-0.279938],90,65.3979,[-87.9138,160.813,-67.0534],[-88.286,160.877,-68.8389],[-83.6093,184.388,-77.7212],false,[-129.237,120.42,42.4218],[-122.312,105.196,-23.5856],[-103.63,123.893,-62.5018],[-92.5047,148.104,-70.2712],[-87.1178,165.408,-67.4554],[[[0.919219,-0.35147,0.1775],[-0.380387,-0.909112,0.169766],[-0.1017,0.223571,0.969367]],[[0.903728,-0.326406,0.27701],[-0.159919,-0.857608,-0.488808],[-0.397116,-0.397451,0.827243]],[[0.903728,-0.326406,0.27701],[0.150267,-0.364033,-0.919184],[-0.400868,-0.872318,0.279938]],[[0.903728,-0.326406,0.27701],[0.311467,0.0573849,-0.948523],[-0.293707,-0.943486,-0.153525]]],2],[903,[0.34334,0.88004,-0.328096],90,62.8819,[-74.7997,150.517,-56.0749],[-75.6426,151.179,-57.6786],[-85.3346,187.769,-67.0243],false,[-118.522,115.248,43.9126],[-104.483,97.3689,-12.84],[-87.8338,114.115,-49.5002],[-78.5509,137.908,-58.371],[-74.4047,155.586,-56.6903],[[[0.920276,-0.245199,0.30491],[-0.316789,-0.92431,0.212828],[-0.229646,0.292453,0.928296]],[[0.920015,-0.244867,0.305963],[-0.0883642,-0.890265,-0.446788],[-0.381792,-0.384015,0.840695]],[[0.920015,-0.244867,0.305963],[0.188919,-0.406903,-0.893722],[-0.34334,-0.88004,0.328096]],[[0.920015,-0.244867,0.305963],[0.319179,0.0152241,-0.947572],[-0.227371,-0.969437,-0.092163]]],3],[904,[0.2478,0.832246,-0.495945],90,49.2982,[-67.4987,133.698,-43.6281],[-67.2008,133.378,-43.947],[-98.6766,199.278,-57.1928],false,[-104.952,116.442,46.6263],[-86.6316,94.7001,-2.30685],[-73.7472,105.205,-32.5492],[-69.0169,121.092,-42.0165],[-67.1638,137.653,-44.3194],[[[0.927119,-0.0535871,0.370916],[-0.188832,-0.921702,0.338833],[-0.323717,0.38418,0.864646]],[[0.925068,-0.0511735,0.376338],[0.0697142,-0.951167,-0.3007],[-0.373348,-0.304404,0.876327]],[[0.925068,-0.0511735,0.376338],[0.287827,-0.55204,-0.782565],[-0.2478,-0.832246,0.495945]],[[0.925068,-0.0511735,0.376338],[0.363478,-0.168089,-0.916313],[-0.110149,-0.984443,0.136893]]],4],[910,[0.372074,0.243961,-0.895569],91,52.1164,[129.797,158.903,-9.8297],[130.432,161.297,-8.94119],[43.2417,223.804,52.0356],false,[81.1819,137.449,75.255],[81.1819,137.449,75.255],[103.962,149.596,32.5316],[116.648,157.914,1.99658],[134.498,163.005,-12.2581],[[[-0.120021,-0.99095,0.0601164],[0.793191,-0.0593009,0.606079],[-0.597029,0.120426,0.793129]],[[0.0981845,-0.969773,-0.223382],[0.884368,-0.0179059,0.466446],[-0.456347,-0.24335,0.855879]],[[0.0981845,-0.969773,-0.223382],[0.922996,0.00481626,0.38478],[-0.372074,-0.243961,0.895569]],[[0.0981845,-0.969773,-0.223382],[0.639258,-0.110571,0.761001],[-0.762698,-0.217518,0.609079]]],0],[911,[0.0439196,0.643119,-0.764505],91,58.8075,[115.041,140.938,-64.3695],[115.186,143.199,-63.3087],[79.4583,214.667,29.9301],false,[80.5651,114.211,70.6166],[104.083,107.839,1.19915],[116.711,115.731,-39.0998],[117.773,131.276,-57.5782],[115.173,145.995,-65.8559],[[[-0.899416,-0.341022,-0.273412],[0.298094,-0.936057,0.186916],[-0.319671,0.0866132,0.943561]],[[-0.873656,-0.346439,-0.341622],[0.38772,-0.919908,-0.0586668],[-0.293937,-0.183708,0.938004]],[[-0.873656,-0.346439,-0.341622],[0.484558,-0.682918,-0.546649],[-0.0439196,-0.643119,0.764505]],[[-0.873656,-0.346439,-0.341622],[0.462141,-0.371296,-0.805336],[0.152157,-0.861464,0.484488]]],1],[912,[0.0583632,0.646314,-0.760836],91,67.0064,[93.9977,136.43,-75.6507],[92.9153,136.506,-75.6248],[93.0876,240.85,44.4021],false,[70.3053,108.413,67.0486],[83.7803,99.2624,-0.791482],[93.2701,105.232,-47.6698],[94.9298,123.611,-69.3053],[93.8212,140.504,-77.4637],[[[-0.971887,-0.16158,-0.171251],[0.134655,-0.978106,0.158672],[-0.19314,0.131152,0.972366]],[[-0.961911,-0.167474,-0.216053],[0.189641,-0.978065,-0.0861664],[-0.196884,-0.123857,0.972572]],[[-0.961911,-0.167474,-0.216053],[0.267059,-0.744467,-0.611922],[-0.0583632,-0.646314,0.760836]],[[-0.961911,-0.167474,-0.216053],[0.26692,-0.404859,-0.874553],[0.058994,-0.898911,0.434141]]],2],[913,[-0.137317,0.596022,-0.791139],91,64.4285,[49.2908,125.286,-70.5726],[49.977,126.888,-70.4848],[66.2044,229.529,20.9208],false,[58.7038,105.449,64.3002],[61.763,94.5362,2.69404],[55.0952,98.0436,-41.3458],[51.2912,114.555,-63.2619],[49.3996,130.743,-72.3965],[[[-0.997083,-0.0663221,-0.0377638],[0.0586484,-0.982471,0.176948],[-0.0488374,0.174217,0.983495]],[[-0.988589,-0.0325226,0.147086],[0.0205105,-0.996383,-0.0824589],[0.149236,-0.0785012,0.985681]],[[-0.988589,-0.0325226,0.147086],[-0.0619367,-0.802309,-0.593687],[0.137317,-0.596022,0.791139]],[[-0.988589,-0.0325226,0.147086],[-0.111542,-0.498211,-0.859851],[0.101245,-0.866446,0.488898]]],3],[914,[-0.137386,0.578996,-0.803672],91,50.5107,[27.5052,118.18,-50.3359],[27.9069,120.157,-50.254],[60.743,219.778,11.9231],false,[45.1215,109.377,62.6714],[40.7286,94.9842,6.67285],[30.9444,97.9689,-27.1744],[28.2573,109.293,-42.8932],[28.0949,123.757,-52.2684],[[[-0.991927,0.117538,0.0476046],[-0.101695,-0.961549,0.25511],[0.0757592,0.248209,0.96574]],[[-0.941446,0.175886,0.287653],[-0.192647,-0.980785,-0.0308],[0.276708,-0.0844119,0.957239]],[[-0.941446,0.175886,0.287653],[-0.307905,-0.796133,-0.520928],[0.137386,-0.578996,0.803672]],[[-0.941446,0.175886,0.287653],[-0.337033,-0.514766,-0.788305],[0.00942195,-0.839095,0.543904]]],4]],[[0,200,0],[235.247,235.247,147.751]]],[138966,4918112926,[[90,"left",[0.0317029,-0.388139,-0.921056],[0.513268,0.797054,-0.318217],[-119.412,119.092,-0.864245],[-82.7886,317.7,13.0579],[-118.842,116.246,-1.11968],0,0.518341,0.231011,[[0.898175,-0.418208,0.135588],[-0.290631,-0.796218,-0.530633],[-0.329872,-0.437195,0.836687]],62.1904,[-203.794,17.5363,271.173],[-116.867,132.745,50.6906]],[91,"right",[0.209731,-0.272162,-0.939117],[-0.24549,0.915055,-0.320013],[74.8631,111.162,21.3275],[34.1312,211.543,26.636],[74.1991,107.041,20.827],0.11469,0.234706,0.718677,[[-0.89296,-0.434548,0.117433],[0.318173,-0.793862,-0.518216],[0.318416,-0.425382,0.847149]],63.72,[143.356,4.78308,301.199],[57.3836,119.636,72.4686]]],[[900,[-0.385161,-0.0611934,-0.920818],90,50.8653,[-184.637,150.705,-41.5419],[-184.554,152.696,-41.5196],[-107.493,256.027,8.29132],false,[-135.425,155.316,44.1665],[-135.425,155.316,44.1665],[-164.234,154.401,4.88836],[-177.051,152.365,-25.7538],[-187.625,151.311,-45.9734],[[[-0.107781,-0.974818,0.195227],[-0.932139,0.167369,0.3211],[0.345689,0.14737,0.926705]],[[-0.134657,-0.983393,0.121676],[-0.795109,0.180513,0.578979],[0.591328,0.0187822,0.806212]],[[-0.134657,-0.983393,0.121676],[-0.912972,0.17086,0.370525],[0.385161,0.0611934,0.920818]],[[-0.134657,-0.983393,0.121676],[-0.876117,0.175524,0.44901],[0.462911,0.0461403,0.885203]]],0],[901,[0.522727,0.798536,-0.298492],90,57.3958,[-105.999,163.531,-68.6491],[-107.394,164.112,-70.0258],[-126.27,198.246,-62.1386],false,[-138.138,132.41,42.3873],[-140.677,119.245,-28.1535],[-125.799,134.826,-64.1274],[-113.468,153.663,-71.1689],[-105.307,167.99,-68.6779],[[[0.85079,-0.521261,0.0666541],[-0.524314,-0.833471,0.174415],[0.0353613,0.183338,0.982414]],[[0.851253,-0.507856,0.132101],[-0.38662,-0.777187,-0.496493],[-0.354815,-0.371568,0.85793]],[[0.851253,-0.507856,0.132101],[-0.0461033,-0.323145,-0.945226],[-0.522727,-0.798536,0.298492]],[[0.851253,-0.507856,0.132101],[0.189363,0.0625128,-0.979915],[-0.489398,-0.859171,-0.149383]]],1],[902,[0.390047,0.866222,-0.312287],90,65.3979,[-89.3754,161.834,-68.3878],[-90.5621,162.129,-70.2479],[-131.363,175.343,-101.11],false,[-128.915,124.723,42.9046],[-123.321,107.578,-22.757],[-105.563,125.262,-62.5694],[-94.7381,149.303,-71.2365],[-89.3909,166.706,-69.0135],[[[0.924579,-0.341924,0.168052],[-0.372026,-0.90537,0.204699],[-0.0821583,0.25178,0.964291]],[[0.911124,-0.31405,0.266882],[-0.165453,-0.871815,-0.461046],[-0.377464,-0.375914,0.846292]],[[0.911124,-0.31405,0.266882],[0.133106,-0.388628,-0.91173],[-0.390047,-0.866222,0.312287]],[[0.911124,-0.31405,0.266882],[0.291294,0.0326229,-0.956077],[-0.291549,-0.948846,-0.121204]]],2],[903,[0.32772,0.881218,-0.340667],90,62.8819,[-76.2312,152.29,-56.804],[-77.6999,153.275,-58.3134],[-128.743,210.454,-60.8919],false,[-118.145,119.646,44.3175],[-105.226,100.153,-12.1697],[-89.3899,116.372,-49.4219],[-80.5293,140.198,-58.6325],[-76.5895,157.936,-57.0942],[[[0.927808,-0.231915,0.292212],[-0.307448,-0.918998,0.246817],[-0.211301,0.318839,0.923955]],[[0.927507,-0.231462,0.293525],[-0.0885589,-0.898939,-0.42903],[-0.363165,-0.371934,0.854269]],[[0.927507,-0.231462,0.293525],[0.179808,-0.412165,-0.893191],[-0.32772,-0.881218,0.340667]],[[0.927507,-0.231462,0.293525],[0.305047,0.0148283,-0.952222],[-0.216051,-0.972731,-0.08436]]],3],[904,[0.229132,0.823891,-0.518365],90,49.2982,[-69.1942,135.855,-44.5494],[-69.0075,135.65,-44.9203],[-130.496,219.54,-70.1008],false,[-104.526,120.98,46.7029],[-87.1415,97.8781,-1.94768],[-75.1308,107.745,-32.7592],[-70.7568,123.473,-42.6544],[-69.0781,140,-45.306],[[[0.935076,-0.0384001,0.35236],[-0.176849,-0.912078,0.369915],[-0.307175,0.408214,0.859654]],[[0.935131,-0.0384733,0.352206],[0.0663521,-0.957482,-0.28076],[-0.348033,-0.285917,0.892818]],[[0.935131,-0.0384733,0.352206],[0.270236,-0.565441,-0.779262],[-0.229132,-0.823891,0.518365]],[[0.935131,-0.0384733,0.352206],[0.339959,-0.182537,-0.922555],[-0.0997842,-0.982446,0.157616]]],4],[910,[0.377315,0.250079,-0.89168],91,52.1164,[130.17,160.972,-9.06461],[130.738,163.362,-7.94855],[41.3248,228.659,69.0568],false,[80.9958,138.936,75.7926],[80.9958,138.936,75.7926],[104.025,151.375,33.2872],[116.889,159.902,2.88485],[134.822,165.09,-11.2296],[[[-0.120346,-0.991336,0.0526353],[0.789625,-0.0634549,0.6103],[-0.601672,0.11501,0.79042]],[[0.0995217,-0.968223,-0.229433],[0.881625,-0.0211025,0.471478],[-0.461337,-0.249197,0.85151]],[[0.0995217,-0.968223,-0.229433],[0.920722,0.00217297,0.390213],[-0.377315,-0.250079,0.89168]],[[0.0995217,-0.968223,-0.229433],[0.634785,-0.115783,0.763964],[-0.766252,-0.221672,0.603091]]],0],[911,[0.0505906,0.646612,-0.761139],91,58.8075,[115.847,143.04,-63.7618],[115.957,145.508,-62.6011],[83.0502,229.378,44.6103],false,[80.4068,115.731,70.9919],[104.332,109.833,1.67161],[117.283,117.921,-38.4857],[118.506,133.55,-56.8827],[115.984,148.309,-65.1131],[[[-0.897789,-0.339131,-0.281006],[0.297017,-0.937317,0.182257],[-0.325201,0.080165,0.942241]],[[-0.871132,-0.344152,-0.35027],[0.387627,-0.919845,-0.06026],[-0.301455,-0.188268,0.934708]],[[-0.871132,-0.344152,-0.35027],[0.488437,-0.680773,-0.545874],[-0.0505906,-0.646612,0.761139]],[[-0.871132,-0.344152,-0.35027],[0.468351,-0.367945,-0.803283],[0.147572,-0.863815,0.481712]]],1],[912,[0.0641096,0.652676,-0.75492],91,67.0064,[94.836,138.976,-74.963],[93.7803,139.096,-74.9634],[94.7587,258.435,54.1694],false,[70.1682,109.957,67.3242],[84.041,101.271,-0.496627],[93.9117,107.621,-47.2462],[95.7348,126.181,-68.7134],[94.6802,143.141,-76.7373],[[[-0.970862,-0.160391,-0.178048],[0.133747,-0.97917,0.152768],[-0.198842,0.124504,0.972091]],[[-0.96,-0.166277,-0.225282],[0.190952,-0.977238,-0.0924277],[-0.204786,-0.131749,0.969899]],[[-0.96,-0.166277,-0.225282],[0.272562,-0.739166,-0.615909],[-0.0641096,-0.652676,0.75492]],[[-0.96,-0.166277,-0.225282],[0.274319,-0.397266,-0.875745],[0.0561189,-0.902514,0.426988]]],2],[913,[-0.132765,0.601038,-0.788116],91,64.4285,[49.9515,127.585,-70.2718],[50.639,129.362,-70.202],[69.232,245.138,23.8087],false,[58.5831,107.012,64.4877],[62.0038,96.5208,2.82734],[55.5914,100.323,-41.226],[51.9136,116.973,-63.0584],[50.0733,133.217,-72.1041],[[[-0.996843,-0.0660476,-0.0440623],[0.0576347,-0.983659,0.170568],[-0.0546078,0.16749,0.98436]],[[-0.989424,-0.0335007,0.141128],[0.0210224,-0.99581,-0.0889991],[0.143518,-0.085091,0.985983]],[[-0.989424,-0.0335007,0.141128],[-0.058421,-0.798518,-0.599129],[0.132765,-0.601038,0.788116]],[[-0.989424,-0.0335007,0.141128],[-0.106481,-0.492925,-0.863532],[0.0984945,-0.869427,0.484145]]],3],[914,[-0.134525,0.582234,-0.801814],91,50.5107,[28.0153,120.339,-50.2011],[28.3984,122.458,-50.1683],[58.2567,231.421,10.5605],false,[45.0105,110.951,62.8062],[40.9464,96.942,6.68571],[31.3082,100.134,-27.1844],[28.677,111.522,-42.8669],[28.536,126.012,-52.202],[[[-0.992192,0.117224,0.0425899],[-0.103165,-0.963269,0.247929],[0.0700889,0.2416,0.967842]],[[-0.94266,0.174227,0.284669],[-0.192592,-0.980558,-0.0376194],[0.27258,-0.0902872,0.957887]],[[-0.94266,0.174227,0.284669],[-0.305442,-0.794134,-0.525411],[0.134525,-0.582234,0.801814]],[[-0.94266,0.174227,0.284669],[-0.333653,-0.512851,-0.790986],[0.00818218,-0.840612,0.541576]]],4]],[[0,200,0],[235.247,235.247,147.751]]],[138967,4918121739,[[90,"left",[0.0352964,-0.360135,-0.932232],[0.485462,0.821541,-0.298993],[-119.344,120.715,-1.35517],[-58.3655,281.682,-5.48919],[-119.147,118.963,-1.26289],0,0.528252,0.240232,[[0.901331,-0.409796,0.140249],[-0.281735,-0.800635,-0.52878],[-0.32898,-0.437093,0.837091]],62.1904,[-203.444,17.7607,271.143],[-116.752,132.943,50.554]],[91,"right",[0.211125,-0.268463,-0.939869],[-0.245527,0.916149,-0.316841],[75.2029,113.201,21.5913],[35.3273,216.905,27.5248],[74.5626,109.272,21.1037],0.114537,0.231157,0.733515,[[-0.892069,-0.437265,0.114067],[0.318883,-0.787959,-0.52672],[0.320197,-0.433497,0.842351]],63.72,[144.104,4.42731,300.176],[57.6508,121.471,72.741]]],[[900,[-0.375654,-0.0480851,-0.925512],90,50.8653,[-185.024,151.727,-41.1959],[-185.081,153.196,-40.9358],[-77.9668,204.532,14.0911],false,[-136.058,155.104,44.8446],[-136.058,155.104,44.8446],[-164.511,154.343,5.3046],[-177.012,152.743,-25.4938],[-187.614,151.943,-45.7101],[[[-0.075811,-0.982946,0.167539],[-0.933904,0.128871,0.33349],[0.349394,0.131183,0.927747]],[[-0.103302,-0.990257,0.0933781],[-0.805138,0.138374,0.57672],[0.584022,0.0156058,0.811588]],[[-0.103302,-0.990257,0.0933781],[-0.920985,0.130685,0.367027],[0.375654,0.0480851,0.925512]],[[-0.103302,-0.990257,0.0933781],[-0.879709,0.134771,0.456013],[0.464155,0.0350384,0.885061]]],0],[901,[0.495295,0.825813,-0.26966],90,57.3958,[-107.905,166.881,-68.2247],[-109.291,168.353,-68.8281],[-150.702,275.714,-5.86411],false,[-138.078,132.185,42.4192],[-140.851,120.996,-28.4529],[-126.72,138.347,-63.9135],[-115.036,157.828,-70.2748],[-107.321,172.303,-67.2682],[[[0.86707,-0.496203,0.0444123],[-0.496687,-0.854107,0.154284],[0.0386231,0.155834,0.987028]],[[0.867747,-0.485024,0.108475],[-0.365292,-0.770401,-0.522537],[-0.337012,-0.413805,0.845688]],[[0.867747,-0.485024,0.108475],[-0.0412118,-0.287723,-0.956826],[-0.495295,-0.825813,0.26966]],[[0.867747,-0.485024,0.108475],[0.181609,0.106272,-0.977612],[-0.462637,-0.868019,-0.180302]]],1],[902,[0.359952,0.887289,-0.288364],90,65.3979,[-91.274,165.069,-68.6612],[-92.4817,166.695,-69.5843],[-155.034,267.077,-53.0377],false,[-128.617,124.777,42.636],[-123.094,109.723,-23.5422],[-106.252,129.156,-62.9355],[-96.262,153.781,-70.9387],[-91.4436,171.268,-68.2199],[[[0.9362,-0.317663,0.150398],[-0.341979,-0.922071,0.181204],[-0.0811163,0.221076,0.971877]],[[0.922824,-0.293144,0.249925],[-0.142238,-0.86223,-0.486135],[-0.358,-0.413068,0.837383]],[[0.922824,-0.293144,0.249925],[0.137223,-0.35607,-0.924329],[-0.359952,-0.887289,0.288364]],[[0.922824,-0.293144,0.249925],[0.281737,0.071136,-0.956851],[-0.262716,-0.953418,-0.148236]]],2],[903,[0.295646,0.903495,-0.310306],90,62.8819,[-77.9861,156.134,-56.8282],[-79.271,158.058,-57.7562],[-144.142,300.333,-25.9829],false,[-117.683,120,43.8115],[-104.683,102.563,-13.3252],[-89.7144,120.522,-50.1355],[-81.721,144.949,-58.5253],[-78.3605,162.739,-56.3418],[[[0.937157,-0.211248,0.277688],[-0.27663,-0.934893,0.222375],[-0.212633,0.285217,0.934579]],[[0.937076,-0.21114,0.278043],[-0.0637238,-0.886462,-0.458394],[-0.34326,-0.411832,0.844137]],[[0.937076,-0.21114,0.278043],[0.185693,-0.372983,-0.909067],[-0.295646,-0.903495,0.310306]],[[0.937076,-0.21114,0.278043],[0.296527,0.0609625,-0.953077],[-0.184282,-0.975553,-0.119735]]],3],[904,[0.193918,0.852178,-0.485993],90,49.2982,[-70.5219,140.371,-44.6724],[-70.1521,140.39,-45.0286],[-133.242,306.961,-50.9832],false,[-104.09,121.689,46.1231],[-86.444,100.558,-3.32271],[-75.2391,111.88,-33.9366],[-71.5374,128.148,-43.2139],[-70.4551,144.826,-45.13],[[[0.938987,-0.019423,0.343404],[-0.145191,-0.927473,0.344547],[-0.311806,0.373384,0.873706]],[[0.941492,-0.0224596,0.336285],[0.0904113,-0.944376,-0.316196],[-0.324681,-0.3281,0.887092]],[[0.941492,-0.0224596,0.336285],[0.275659,-0.52277,-0.806674],[-0.193918,-0.852178,0.485993]],[[0.941492,-0.0224596,0.336285],[0.330838,-0.128868,-0.934847],[-0.0643328,-0.991407,0.113898]]],4],[910,[0.378382,0.253684,-0.890209],91,52.1164,[130.559,163.232,-8.34674],[131.09,165.544,-7.41032],[40.9397,233.705,66.9674],false,[81.2487,140.77,76.1703],[81.2487,140.77,76.1703],[104.327,153.384,33.7434],[117.229,162.033,3.39124],[135.178,167.284,-10.6792],[[[-0.119913,-0.99159,0.0486837],[0.78884,-0.0653909,0.61111],[-0.602787,0.111684,0.790047]],[[0.100325,-0.967287,-0.233006],[0.881012,-0.0224565,0.472561],[-0.462335,-0.25269,0.849938]],[[0.100325,-0.967287,-0.233006],[0.920197,0.00114503,0.391455],[-0.378382,-0.253684,0.890209]],[[0.100325,-0.967287,-0.233006],[0.633819,-0.118387,0.764368],[-0.766947,-0.224369,0.601208]]],0],[911,[0.0529704,0.648661,-0.759232],91,58.8075,[116.576,145.392,-63.209],[116.516,147.796,-62.1937],[78.2453,237.693,45.9858],false,[80.6779,117.583,71.2802],[104.699,111.962,1.96995],[117.785,120.145,-38.1243],[119.065,135.824,-56.4752],[116.564,150.608,-64.6659],[[[-0.89724,-0.338506,-0.283503],[0.297249,-0.937858,0.17907],[-0.326502,0.076398,0.942104]],[[-0.869946,-0.343318,-0.354014],[0.387828,-0.919703,-0.0611223],[-0.304603,-0.19047,0.933241]],[[-0.869946,-0.343318,-0.354014],[0.490293,-0.679243,-0.546115],[-0.0529704,-0.648661,0.759232]],[[-0.869946,-0.343318,-0.354014],[0.470913,-0.365211,-0.803033],[0.146406,-0.865305,0.479387]]],1],[912,[0.0670431,0.655739,-0.752005],91,67.0064,[95.5443,141.437,-74.4927],[94.4641,141.532,-74.5311],[90.2783,263.103,53.1378],false,[70.4471,111.818,67.5767],[84.415,103.398,-0.258184],[94.501,109.939,-46.9354],[96.4074,128.586,-68.3198],[95.3737,145.578,-76.2787],[[[-0.970542,-0.160197,-0.17996],[0.13404,-0.979679,0.149203],[-0.200205,0.120686,0.972293]],[[-0.958768,-0.166279,-0.23047],[0.192301,-0.976696,-0.0953174],[-0.209249,-0.135707,0.9684]],[[-0.958768,-0.166279,-0.23047],[0.27617,-0.736449,-0.617554],[-0.0670431,-0.655739,0.752005]],[[-0.958768,-0.166279,-0.23047],[0.278817,-0.393387,-0.876075],[0.055009,-0.904211,0.423528]]],2],[913,[-0.132231,0.602821,-0.786843],91,64.4285,[50.5269,130.055,-69.9785],[51.0749,131.702,-69.9238],[63.8623,249.728,25.0743],false,[58.8674,108.879,64.7134],[62.3758,98.6247,3.01807],[56.0125,102.573,-41.0295],[52.3495,119.272,-62.8266],[50.5076,135.531,-71.8472],[[[-0.99675,-0.06638,-0.0456497],[0.0579062,-0.984275,0.166883],[-0.0560096,0.163697,0.984919]],[[-0.989569,-0.0345037,0.139865],[0.0216559,-0.99549,-0.0923609],[0.142421,-0.0883686,0.985854]],[[-0.989569,-0.0345037,0.139865],[-0.0571645,-0.79713,-0.601095],[0.132231,-0.602821,0.786843]],[[-0.989569,-0.0345037,0.139865],[-0.105048,-0.491547,-0.864492],[0.0985785,-0.870167,0.482796]]],3],[914,[-0.135256,0.583428,-0.800823],91,50.5107,[28.4755,122.699,-50.0237],[28.7789,124.718,-49.9466],[52.8515,237.072,13.7407],false,[45.295,112.817,63.0288],[41.3131,99.0205,6.84982],[31.6778,102.334,-27.0095],[29.0323,113.745,-42.6727],[28.8673,128.236,-52.0042],[[[-0.992307,0.116562,0.0417086],[-0.103007,-0.964262,0.244106],[0.0686715,0.237932,0.968851]],[[-0.942745,0.172906,0.285195],[-0.192295,-0.980471,-0.0412192],[0.272498,-0.0937008,0.957583]],[[-0.942745,0.172906,0.285195],[-0.304858,-0.793546,-0.526637],[0.135256,-0.583428,0.800823]],[[-0.942745,0.172906,0.285195],[-0.333378,-0.513106,-0.790937],[0.00957708,-0.840729,0.541371]]],4]],[[0,200,0],[235.247,235.247,147.751]]],[138968,4918130284,[[90,"left",[0.0607119,-0.323804,-0.944174],[0.491147,0.833175,-0.254156],[-121.785,123.673,-2.95853],[-118.082,298.636,-53.342],[-120.846,121.996,-2.35468],0,0.529717,0.267529,[[0.905263,-0.405949,0.125315],[-0.286418,-0.800995,-0.525711],[-0.313789,-0.440015,0.841382]],62.1904,[-203.28,17.9387,271.154],[-120.591,133.891,49.4341]],[91,"right",[0.215946,-0.262076,-0.940576],[-0.24034,0.919399,-0.311355],[75.242,115.048,21.8461],[27.2462,216.699,28.1282],[74.8166,111.431,21.3813],0.11644,0.226905,0.747912,[[-0.889737,-0.441873,0.114529],[0.318985,-0.781334,-0.536438],[0.326522,-0.440755,0.836133]],63.72,[145.566,3.98858,298.705],[57.4053,122.993,72.949]]],[[900,[-0.339334,-0.0134641,-0.94057],90,50.8653,[-185.493,155.185,-42.9994],[-185.899,157.387,-43.3394],[-72.5384,283.832,-69.5639],false,[-139.794,156.228,44.0761],[-139.794,156.228,44.0761],[-166.691,156.923,3.4604],[-177.983,156.475,-27.8391],[-187.96,156.448,-48.3869],[[[-0.0777814,-0.988792,0.127435],[-0.942674,0.114549,0.313439],[0.324524,0.0957496,0.941019]],[[-0.10355,-0.993286,0.051577],[-0.827334,0.114801,0.549854],[0.552084,-0.0142662,0.833667]],[[-0.10355,-0.993286,0.051577],[-0.934949,0.114898,0.335661],[0.339334,0.0134641,0.94057]],[[-0.10355,-0.993286,0.051577],[-0.893595,0.115678,0.433713],[0.436768,0.0011778,0.899574]]],0],[901,[0.500149,0.837463,-0.220242],90,57.3958,[-109.291,172.252,-67.4674],[-110.06,174.021,-68.0406],[-135.847,376.562,21.0334],false,[-141.693,133.417,40.7158],[-142.572,124.97,-30.5836],[-127.54,143.808,-64.8964],[-115.742,163.564,-70.092],[-108.155,177.909,-66.2517],[[[0.866816,-0.496301,0.0481146],[-0.498477,-0.860142,0.108052],[0.0122408,0.117645,0.99298]],[[0.865825,-0.487764,0.111504],[-0.349048,-0.74849,-0.563852],[-0.358486,-0.449277,0.818314]],[[0.865825,-0.487764,0.111504],[-0.0140457,-0.246459,-0.969051],[-0.500149,-0.837463,0.220242]],[[0.865825,-0.487764,0.111504],[0.208247,0.148666,-0.966712],[-0.45495,-0.860224,-0.230294]]],1],[902,[0.364982,0.89876,-0.242937],90,65.3979,[-92.6766,170.339,-68.0714],[-93.2601,172.352,-68.5421],[-138.874,369.89,-6.59621],false,[-132.223,126.02,40.8965],[-124.922,113.542,-25.6443],[-107.096,134.552,-63.774],[-96.966,159.496,-70.5164],[-92.2712,176.868,-66.9728],[[[0.932693,-0.32189,0.162698],[-0.344366,-0.928873,0.136405],[-0.107218,0.183252,0.977202]],[[0.916673,-0.301286,0.262558],[-0.12694,-0.842479,-0.523561],[-0.378941,-0.446605,0.810523]],[[0.916673,-0.301286,0.262558],[0.162783,-0.318523,-0.933833],[-0.364982,-0.89876,0.242937]],[[0.916673,-0.301286,0.262558],[0.3069,0.109901,-0.945375],[-0.255973,-0.947179,-0.193208]]],2],[903,[0.301463,0.915186,-0.267497],90,62.8819,[-79.5367,161.406,-56.1714],[-80.3411,163.248,-56.7827],[-140.255,379.636,10.6657],false,[-121.312,121.216,42.1751],[-106.769,106.018,-15.2286],[-90.904,125.423,-50.9123],[-82.7533,150.167,-58.1446],[-79.4876,167.863,-55.1958],[[[0.930037,-0.22047,0.293979],[-0.280092,-0.943182,0.178762],[-0.237864,0.248596,0.938947]],[[0.930132,-0.220569,0.293605],[-0.0498409,-0.867949,-0.494147],[-0.363827,-0.444988,0.8183]],[[0.930132,-0.220569,0.293605],[0.209701,-0.337319,-0.917737],[-0.301463,-0.915186,0.267497]],[[0.930132,-0.220569,0.293605],[0.320598,0.0978303,-0.94215],[-0.179086,-0.970453,-0.161709]]],3],[904,[0.202913,0.872268,-0.444943],90,49.2982,[-72.0179,145.121,-44.1634],[-71.6354,145.174,-44.4482],[-144.689,372.545,-19.3602],false,[-107.789,122.834,44.9082],[-88.7952,103.654,-4.83288],[-76.9196,116.199,-34.7086],[-73.0461,132.85,-43.2022],[-71.9666,149.598,-44.3634],[[[0.929665,-0.0313239,0.367071],[-0.151934,-0.940298,0.304557],[-0.335616,0.338907,0.878922]],[[0.933714,-0.035481,0.356256],[0.0987887,-0.930912,-0.351629],[-0.344119,-0.363516,0.865701]],[[0.933714,-0.035481,0.356256],[0.294964,-0.487739,-0.821649],[-0.202913,-0.872268,0.444943]],[[0.933714,-0.035481,0.356256],[0.352221,-0.0873115,-0.931835],[-0.0641677,-0.995549,0.0690268]]],4],[910,[0.384739,0.259084,-0.885918],91,52.1164,[130.954,165.317,-7.50405],[131.49,167.412,-6.41411],[42.5458,229.683,80.1219],false,[81.0497,142.18,76.6693],[81.0497,142.18,76.6693],[104.432,155.033,34.4814],[117.55,163.867,4.27545],[135.604,169.16,-9.64447],[[[-0.12371,-0.991496,0.040401],[0.784835,-0.0728483,0.615408],[-0.607231,0.10784,0.787173]],[[0.0983432,-0.965841,-0.239749],[0.878014,-0.0291886,0.477744],[-0.468422,-0.257486,0.845152]],[[0.0983432,-0.965841,-0.239749],[0.917771,-0.00511657,0.397076],[-0.384739,-0.259084,0.885918]],[[0.0983432,-0.965841,-0.239749],[0.628688,-0.126453,0.767308],[-0.771415,-0.226186,0.594777]]],0],[911,[0.0613206,0.654573,-0.753508],91,58.8075,[117.364,147.785,-62.4912],[117.307,150.107,-61.4198],[82.5288,247.467,59.1805],false,[80.4271,119.033,71.5995],[104.853,113.853,2.39668],[118.306,122.292,-37.5227],[119.788,138.114,-55.7353],[117.397,152.975,-63.8192],[[[-0.896671,-0.333133,-0.291553],[0.29283,-0.940247,0.173741],[-0.332011,0.0704134,0.940644]],[[-0.868092,-0.337605,-0.363923],[0.385183,-0.920561,-0.0648171],[-0.313131,-0.196444,0.929171]],[[-0.868092,-0.337605,-0.363923],[0.492602,-0.67643,-0.547527],[-0.0613206,-0.654573,0.753508]],[[-0.868092,-0.337605,-0.363923],[0.476276,-0.359807,-0.802309],[0.139922,-0.869806,0.473138]]],1],[912,[0.0738426,0.661132,-0.746627],91,67.0064,[96.252,143.909,-73.913],[95.2008,144.038,-73.94],[88.5285,270.769,57.4932],false,[70.1989,113.333,67.7897],[84.5534,105.378,-0.0205879],[94.9389,112.235,-46.5867],[97.0387,131.035,-67.8181],[96.113,148.09,-75.6549],[[[-0.969977,-0.155354,-0.187106],[0.129661,-0.981257,0.142559],[-0.205747,0.114019,0.97194]],[[-0.957972,-0.16107,-0.237371],[0.189377,-0.976636,-0.101575],[-0.215465,-0.142259,0.966094]],[[-0.957972,-0.16107,-0.237371],[0.277193,-0.732776,-0.621452],[-0.0738426,-0.661132,0.746627]],[[-0.957972,-0.16107,-0.237371],[0.282599,-0.387808,-0.87735],[0.0492605,-0.907558,0.417028]]],2],[913,[-0.125947,0.606076,-0.785372],91,64.4285,[51.1393,132.585,-69.7853],[51.6947,134.22,-69.7467],[65.7725,259.301,21.9677],false,[58.6267,110.457,64.8334],[62.4778,100.659,3.0844],[56.3712,104.912,-40.9711],[52.8822,121.702,-62.7275],[51.1379,137.981,-71.7297],[[[-0.996679,-0.0624656,-0.0522487],[0.0534045,-0.985714,0.159738],[-0.0614804,0.156417,0.985776]],[[-0.990439,-0.0319121,0.134206],[0.0186909,-0.994947,-0.0986442],[0.136676,-0.0951927,0.986031]],[[-0.990439,-0.0319121,0.134206],[-0.0562761,-0.794766,-0.604301],[0.125947,-0.606076,0.785372]],[[-0.990439,-0.0319121,0.134206],[-0.101556,-0.489739,-0.865934],[0.0933597,-0.871285,0.481816]]],3],[914,[-0.130052,0.58771,-0.798551],91,50.5107,[28.9259,125.198,-49.9352],[29.2381,127.229,-49.9181],[51.6505,250.694,10.1234],false,[45.0789,114.456,63.0959],[41.3935,101.101,6.79015],[31.9319,104.696,-27.0895],[29.3882,116.191,-42.7082],[29.2967,130.712,-51.9939],[[[-0.992127,0.119791,0.036525],[-0.107908,-0.965712,0.236126],[0.0635583,0.230325,0.971036]],[[-0.943443,0.174366,0.281977],[-0.195737,-0.979419,-0.0492573],[0.267585,-0.101665,0.958156]],[[-0.943443,0.174366,0.281977],[-0.304961,-0.790059,-0.531795],[0.130052,-0.58771,0.798551]],[[-0.943443,0.174366,0.281977],[-0.331491,-0.509745,-0.793897],[0.00530773,-0.84247,0.538717]]],4]],[[0,200,0],[235.247,235.247,147.751]]],[138969,4918147615,[[90,"left",[0.0583253,-0.291998,-0.954639],[0.499315,0.836592,-0.225384],[-126.453,131.017,-3.50139],[-187.827,356.321,-43.1899],[-126.281,130.74,-3.46612],0,0.532328,0.318036,[[0.90863,-0.408149,0.0883506],[-0.301899,-0.788185,-0.536303],[-0.288528,-0.460628,0.839389]],62.1904,[-201.234,18.0467,270.404],[-125.201,139.431,49.2096]],[91,"right",[0.21906,-0.249987,-0.943143],[-0.231644,0.92566,-0.299156],[75.4529,118.94,22.0727],[20.2964,220.332,21.1877],[75.2395,116.421,21.8408],0.119573,0.217654,0.777555,[[-0.887385,-0.446456,0.114998],[0.315486,-0.769938,-0.554675],[0.336179,-0.45593,0.824082]],63.72,[148.168,3.17446,295.693],[57.3994,126.276,73.1905]]],[[900,[-0.329014,0.0215818,-0.944078],90,50.8653,[-189.124,165.588,-43.4984],[-189.641,166.549,-43.0651],[-132.759,400.721,-33.395],false,[-144.185,162.121,44.6079],[-144.185,162.121,44.6079],[-170.624,164.448,3.75282],[-181.573,165.166,-27.6634],[-191.46,165.946,-48.2394],[[[-0.0873653,-0.991768,0.0936129],[-0.941771,0.112859,0.316749],[0.324707,0.0604891,0.943879]],[[-0.113394,-0.993408,0.0168085],[-0.832251,0.104211,0.544517],[0.542679,-0.0477559,0.838581]],[[-0.113394,-0.993408,0.0168085],[-0.937492,0.112583,0.329292],[0.329014,-0.0215818,0.944078]],[[-0.113394,-0.993408,0.0168085],[-0.894295,0.109422,0.433893],[0.432872,-0.034169,0.900807]]],0],[901,[0.508302,0.840026,-0.189698],90,57.3958,[-113.958,183.829,-65.8448],[-114.192,183.491,-66.7229],[-183.338,453.561,46.4086],false,[-146.3,139.457,40.4711],[-147.205,133.454,-31.0754],[-131.972,153.338,-64.7024],[-119.981,173.155,-69.1775],[-112.265,187.279,-64.8127],[[[0.861976,-0.505967,0.0315454],[-0.506792,-0.858492,0.078443],[0.0126081,0.083603,0.996419]],[[0.861043,-0.499653,0.094615],[-0.355835,-0.724897,-0.589836],[-0.363299,-0.474207,0.801961]],[[0.861043,-0.499653,0.094615],[-0.0153038,-0.211431,-0.977273],[-0.508302,-0.840026,0.189698]],[[0.861043,-0.499653,0.094615],[0.210919,0.181593,-0.960488],[-0.462729,-0.846977,-0.261746]]],1],[902,[0.373482,0.903468,-0.210374],90,65.3979,[-97.4285,181.982,-66.5295],[-97.425,181.694,-67.2674],[-185.518,447.09,30.6337],false,[-136.902,131.968,40.4035],[-129.67,121.696,-26.5208],[-111.611,143.873,-63.8718],[-101.245,168.948,-69.7105],[-96.3957,186.138,-65.5446],[[[0.929436,-0.336205,0.152037],[-0.353369,-0.929628,0.104504],[-0.106203,0.150855,0.982834]],[[0.913575,-0.318898,0.25236],[-0.134226,-0.822228,-0.553105],[-0.383881,-0.471429,0.793971]],[[0.913575,-0.318898,0.25236],[0.160911,-0.286444,-0.944488],[-0.373482,-0.903468,0.210374]],[[0.913575,-0.318898,0.25236],[0.308965,0.140778,-0.940597],[-0.264428,-0.937276,-0.227139]]],2],[903,[0.310586,0.920447,-0.237306],90,62.8819,[-84.4484,172.353,-55.0975],[-84.6033,172.014,-55.9324],[-189.25,436.041,26.7709],false,[-126.038,127.019,41.5224],[-111.598,113.647,-16.3597],[-95.566,134.089,-51.3834],[-87.1687,158.975,-57.7995],[-83.7174,176.531,-54.2726],[[[0.927653,-0.239298,0.286699],[-0.289268,-0.945991,0.146377],[-0.236187,0.21872,0.946772]],[[0.928092,-0.239706,0.28493],[-0.058954,-0.850168,-0.523201],[-0.367653,-0.468781,0.803166]],[[0.928092,-0.239706,0.28493],[0.205379,-0.308737,-0.928709],[-0.310586,-0.920447,0.237306]],[[0.928092,-0.239706,0.28493],[0.320661,0.125572,-0.938834],[-0.189265,-0.96269,-0.193407]]],3],[904,[0.210487,0.886083,-0.41298],90,49.2982,[-76.701,154.006,-43.7776],[-76.1639,153.52,-44.1451],[-198.356,422.462,-1.86799],false,[-112.502,128.412,44.315],[-93.6556,110.757,-6.04273],[-81.71,124.253,-35.4731],[-77.6919,141.167,-43.3566],[-76.4554,157.936,-43.8992],[[[0.92904,-0.0527591,0.366197],[-0.161185,-0.948629,0.272253],[-0.333022,0.31196,0.889819]],[[0.933955,-0.0574559,0.352742],[0.0889412,-0.918575,-0.385111],[-0.346146,-0.391049,0.852797]],[[0.933955,-0.0574559,0.352742],[0.28883,-0.459952,-0.839655],[-0.210487,-0.886083,0.41298]],[[0.933955,-0.0574559,0.352742],[0.34975,-0.0560499,-0.935165],[-0.0735019,-0.996773,0.0322529]]],4],[910,[0.391515,0.269018,-0.879969],91,52.1164,[131.855,169.953,-5.81611],[132.249,171.28,-5.11897],[43.25,226.649,77.8391],false,[81.1684,145.225,77.3169],[81.1684,145.225,77.3169],[104.876,158.512,35.4462],[118.225,167.684,5.44316],[136.394,173.042,-8.30133],[[[-0.131464,-0.991,0.0252409],[0.780899,-0.0878401,0.618451],[-0.610667,0.101014,0.785418]],[[0.0923052,-0.962968,-0.253324],[0.875164,-0.0428881,0.481921],[-0.474939,-0.266184,0.838796]],[[0.0923052,-0.962968,-0.253324],[0.91553,-0.0179543,0.401848],[-0.391515,-0.269018,0.879969]],[[0.0923052,-0.962968,-0.253324],[0.623521,-0.142456,0.768718],[-0.776339,-0.228909,0.587281]]],0],[911,[0.0727794,0.665526,-0.742818],91,58.8075,[118.859,153.446,-61.1283],[118.428,154.849,-60.4384],[75.0907,260.944,59.8176],false,[80.3974,122.159,71.9059],[105.159,117.801,2.76595],[119.048,126.712,-36.9011],[120.807,142.798,-54.8553],[118.587,157.803,-62.7189],[[[-0.897579,-0.321948,-0.301167],[0.284723,-0.944902,0.161534],[-0.336579,0.0592407,0.93979]],[[-0.867153,-0.325706,-0.376777],[0.378873,-0.922439,-0.0745714],[-0.323266,-0.207415,0.923297]],[[-0.867153,-0.325706,-0.376777],[0.492695,-0.671558,-0.553408],[-0.0727794,-0.665526,0.742818]],[[-0.867153,-0.325706,-0.376777],[0.480805,-0.350163,-0.803873],[0.129893,-0.878237,0.460246]]],1],[912,[0.0816704,0.671415,-0.736568],91,67.0064,[97.1474,149.205,-73.0963],[96.1425,149.15,-73.1736],[69.7558,281.077,51.2761],false,[70.1471,116.594,67.9588],[84.8094,109.519,0.116905],[95.4248,116.926,-46.313],[97.7472,136.018,-67.2583],[96.9776,153.199,-74.8315],[[[-0.970098,-0.145153,-0.194524],[0.121419,-0.984198,0.128887],[-0.210158,0.101414,0.972393]],[[-0.958339,-0.150056,-0.243044],[0.181891,-0.976663,-0.114214],[-0.220233,-0.153663,0.963268]],[[-0.958339,-0.150056,-0.243044],[0.27371,-0.725731,-0.631188],[-0.0816704,-0.671415,0.736568]],[[-0.958339,-0.150056,-0.243044],[0.282683,-0.376258,-0.882338],[0.0409532,-0.914283,0.403001]]],2],[913,[-0.117513,0.616591,-0.778464],91,64.4285,[52.2313,138.86,-69.3967],[52.5157,139.578,-69.4012],[57.1321,281.524,19.9869],false,[58.5696,113.851,64.8991],[62.682,104.925,3.03488],[56.8277,109.868,-40.9828],[53.5724,126.949,-62.5478],[51.9903,143.334,-71.3857],[[[-0.996826,-0.0540384,-0.0584669],[0.0450379,-0.988319,0.145591],[-0.0656514,0.142496,0.987616]],[[-0.991311,-0.0261853,0.128903],[0.0115349,-0.993515,-0.113115],[0.131029,-0.110646,0.985185]],[[-0.991311,-0.0261853,0.128903],[-0.0590958,-0.786848,-0.614311],[0.117513,-0.616591,0.778464]],[[-0.991311,-0.0261853,0.128903],[-0.100658,-0.479822,-0.871573],[0.0846727,-0.876975,0.473017]]],3],[914,[-0.124773,0.595232,-0.793808],91,50.5107,[29.672,131.35,-49.8565],[29.8094,132.406,-49.8377],[40.8545,270.576,5.87986],false,[45.0623,117.979,63.1481],[41.5818,105.475,6.63429],[32.2508,109.606,-27.2203],[29.8103,121.248,-42.7463],[29.8062,135.815,-51.9618],[[[-0.991372,0.126864,0.032985],[-0.116531,-0.968195,0.221403],[0.060024,0.215649,0.974624]],[[-0.942902,0.177881,0.281591],[-0.203214,-0.97709,-0.0632333],[0.263892,-0.116846,0.957449]],[[-0.942902,0.177881,0.281591],[-0.308815,-0.783618,-0.539051],[0.124773,-0.595232,0.793808]],[[-0.942902,0.177881,0.281591],[-0.333069,-0.504187,-0.796781],[0.000242806,-0.845076,0.534646]]],4]],[[0,200,0],[235.247,235.247,147.751]]],[138970,4918156471,[[90,"left",[0.0683048,-0.286558,-0.955625],[0.503672,0.836737,-0.214907],[-127.675,134.045,-3.71956],[-174.314,352.408,-38.1646],[-127.503,133.637,-3.68832],0,0.532203,0.331951,[[0.913868,-0.399192,0.0741052],[-0.29966,-0.78631,-0.540297],[-0.273952,-0.471553,0.838205]],62.1904,[-199.183,17.8847,269.933],[-126.991,142.148,49.0505]],[91,"right",[0.218521,-0.247857,-0.94383],[-0.229803,0.926933,-0.296625],[75.6524,120.641,22.2283],[20.8993,212.678,20.207],[75.4236,118.303,22.0135],0.121059,0.213719,0.789894,[[-0.886273,-0.448656,0.115014],[0.313508,-0.763901,-0.564064],[0.34093,-0.463857,0.817682]],63.72,[149.667,2.63214,294.141],[57.6157,127.874,73.3667]]],[[900,[-0.315341,0.0277928,-0.948571],90,50.8653,[-189.568,168.759,-44.2462],[-190.144,169.901,-43.8847],[-110.242,396.324,-49.9321],false,[-145.872,164.908,44.3708],[-145.872,164.908,44.3708],[-171.715,167.533,3.15403],[-182.208,168.458,-28.4117],[-191.841,169.385,-49.1022],[[[-0.0906291,-0.992093,0.0868216],[-0.944987,0.113184,0.306902],[0.314303,0.054231,0.947773]],[[-0.115899,-0.993216,0.00942821],[-0.839758,0.103052,0.533091],[0.530446,-0.0538671,0.846005]],[[-0.115899,-0.993216,0.00942821],[-0.941874,0.112911,0.316423],[0.315341,-0.0277928,0.948571]],[[-0.115899,-0.993216,0.00942821],[-0.899293,0.108959,0.423557],[0.421711,-0.0406109,0.90582]]],0],[901,[0.512265,0.839951,-0.17907],90,57.3958,[-114.395,186.985,-65.611],[-114.592,186.86,-66.4859],[-146.267,433.455,41.0442],false,[-147.991,142.274,40.078],[-148.113,136.691,-31.5081],[-132.463,156.733,-64.8487],[-120.379,176.548,-69.073],[-112.68,190.628,-64.538],[[[0.860433,-0.508132,0.0381727],[-0.509561,-0.857762,0.0677653],[0.00169062,0.0777588,0.996971]],[[0.858813,-0.502188,0.101226],[-0.35092,-0.720647,-0.597932],[-0.373222,-0.47799,0.795129]],[[0.858813,-0.502188,0.101226],[-0.00490231,-0.205642,-0.978615],[-0.512265,-0.839951,0.17907]],[[0.858813,-0.502188,0.101226],[0.222043,0.186829,-0.95697],[-0.461667,-0.844335,-0.271959]]],1],[902,[0.376201,0.90626,-0.192787],90,65.3979,[-97.9342,185.404,-65.6943],[-97.8851,185.275,-66.4619],[-150.215,438.014,50.3742],false,[-138.61,134.763,40.0712],[-130.656,124.865,-26.8276],[-112.138,147.506,-63.6729],[-101.697,172.658,-69.0234],[-96.8953,189.787,-64.5592],[[[0.926927,-0.339232,0.160401],[-0.356598,-0.929404,0.0951151],[-0.116811,0.145363,0.982459]],[[0.910308,-0.322747,0.259178],[-0.128047,-0.814992,-0.565148],[-0.393628,-0.481272,0.783221]],[[0.910308,-0.322747,0.259178],[0.172661,-0.272998,-0.946393],[-0.376201,-0.90626,0.192787]],[[0.910308,-0.322747,0.259178],[0.320609,0.153715,-0.934656],[-0.261818,-0.93392,-0.243404]]],2],[903,[0.315263,0.921052,-0.228633],90,62.8819,[-85.0205,175.401,-54.65],[-85.1588,175.262,-55.4338],[-155.451,416.901,34.2579],false,[-127.77,129.783,41.2819],[-112.717,116.716,-16.5133],[-96.2676,137.331,-51.2411],[-87.7439,162.234,-57.4226],[-84.287,179.76,-53.7593],[[[0.923861,-0.243109,0.2956],[-0.293004,-0.946158,0.137602],[-0.246232,0.213737,0.94535]],[[0.92447,-0.24364,0.293247],[-0.0553973,-0.846845,-0.528947],[-0.377207,-0.47275,0.79638]],[[0.92447,-0.24364,0.293247],[0.214392,-0.303814,-0.928296],[-0.315263,-0.921052,0.228633]],[[0.92447,-0.24364,0.29324