{"metadata":{"formatVersion":2,"generatedBy":"LeapJS Playback 0.2.1","frames":36,"protocolVersion":6,"serviceVersion":"2.2.5+26752","frameRate":"1.1e+2","modified":"Thu Apr 16 2015 19:36:24 GMT-0300 (E. South America Standard Time)"},"frames":[["id","timestamp",{"hands":[["id","type","direction","palmNormal","palmPosition","palmVelocity","stabilizedPalmPosition","pinchStrength","grabStrength","confidence","armBasis","armWidth","elbow","wrist"]]},{"pointables":[["id","direction","handId","length","stabilizedTipPosition","tipPosition","tipVelocity","tool","carpPosition","mcpPosition","pipPosition","dipPosition","btipPosition","bases","type"]]},{"interactionBox":["center","size"]}],[74025,3980400411,[[40,"right",[-0.175546,0.46552,-0.867453],[-0.392252,-0.841247,-0.372077],[-17.1735,113.803,41.892],[99.4311,5.3045,-26.028],[-27.3877,115.935,40.9891],1,0,0.604372,[[0.603208,-0.269953,-0.750511],[0.234981,0.959365,-0.156215],[0.762184,-0.0821252,0.64213]],63.72,[206.673,68.0291,261.199],[0.883499,90.2029,87.8242]]],[[400,[-0.0494041,-0.185736,-0.981357],40,52.1164,[-38.7594,70.5786,6.51413],[-32.2905,70.1427,7.09137],[163.435,-15.4802,-24.5611],false,[-28.4935,87.3625,96.1898],[-28.4935,87.3625,96.1898],[-43.2561,84.751,48.5766],[-44.9405,78.4182,15.1167],[-27.214,67.046,4.91025],[[[0.679931,0.732636,0.0306242],[-0.48276,0.415814,0.770741],[0.551939,-0.538835,0.636413]],[[0.451466,0.872296,-0.187823],[-0.841853,0.486171,0.234352],[0.295739,0.0523174,0.953835]],[[0.451466,0.872296,-0.187823],[-0.890919,0.452329,-0.0407588],[0.0494041,0.185736,0.981357]],[[0.451466,0.872296,-0.187823],[-0.471679,0.054624,-0.880077],[-0.757428,0.485917,0.436104]]],0],[401,[-0.102928,0.374761,-0.92139],40,58.8075,[-60.4888,163.798,-44.0709],[-51.0521,165.41,-44.195],[169.298,33.8776,-41.5479],false,[-15.4195,106.576,91.5192],[-43.3212,134.142,29.277],[-46.9842,152.127,-9.56711],[-49.472,161.185,-31.8375],[-51.4791,166.951,-47.7954],[[[0.860659,-0.192878,-0.471237],[0.339751,0.906863,0.249335],[0.379256,-0.374696,0.84603]],[[0.931651,-0.288195,-0.221293],[0.353211,0.861213,0.365451],[0.0852595,-0.418636,0.904143]],[[0.931651,-0.288195,-0.221293],[0.348472,0.881191,0.319483],[0.102928,-0.374761,0.92139]],[[0.931651,-0.288195,-0.221293],[0.343842,0.896153,0.280503],[0.117473,-0.337421,0.933995]]],1],[402,[-0.360862,0.509448,-0.78118],40,67.0064,[-63.7594,175.049,-48.745],[-54.1397,177.276,-48.3586],[159.844,49.0035,-21.7506],false,[-4.58101,105.991,85.7052],[-22.6069,129.955,22.7104],[-38.781,156.285,-14.2815],[-49.0426,170.772,-36.4955],[-56.2135,179.746,-51.3679],[[[0.833371,-0.393481,-0.388158],[0.488609,0.852753,0.184591],[0.258369,-0.34349,0.902917]],[[0.765173,-0.317144,-0.560294],[0.549463,0.775253,0.311565],[0.335559,-0.546263,0.767462]],[[0.765173,-0.317144,-0.560294],[0.533187,0.799927,0.275371],[0.360862,-0.509448,0.78118]],[[0.765173,-0.317144,-0.560294],[0.518554,0.819379,0.244376],[0.381591,-0.477533,0.791423]]],2],[403,[-0.376442,-0.836591,0.398004],40,64.4285,[-41.8438,81.2601,5.75938],[-30.996,80.2431,7.53856],[108.461,16.146,-39.6431],false,[5.83473,102.23,80.3855],[-1.74066,120.943,21.088],[-21.9858,108.319,-16.6879],[-32.414,85.1433,-5.66234],[-30.205,79.1686,11.9023],[[[0.823088,-0.502896,-0.263859],[0.554888,0.811077,0.185076],[0.120935,-0.298746,0.946639]],[[0.821828,-0.499861,-0.273384],[0.345375,0.818717,-0.458715],[0.453117,0.282564,0.845483]],[[0.821828,-0.499861,-0.273384],[-0.427657,-0.224178,-0.875702],[0.376442,0.836591,-0.398004]],[[0.821828,-0.499861,-0.273384],[-0.557335,-0.804912,-0.203703],[-0.118227,0.319775,-0.940088]]],3],[404,[-0.468455,-0.780566,0.413844],40,50.5107,[-21.9268,83.4145,9.97263],[-11.6377,80.7415,11.3356],[105.073,6.29028,-28.0472],false,[14.044,91.5859,75.709],[15.4427,108.201,20.1728],[-3.6118,101.137,-8.76352],[-12.7742,85.8705,-0.669235],[-10.9072,79.51,15.2419],[[[0.728479,-0.661147,-0.179451],[0.684643,0.693383,0.224685],[-0.0241218,-0.286538,0.957765]],[[0.723207,-0.607853,-0.327852],[0.431946,0.768512,-0.47203],[0.538883,0.199761,0.818352]],[[0.723207,-0.607853,-0.327852],[-0.507466,-0.145711,-0.849262],[0.468455,0.780566,-0.413844]],[[0.723207,-0.607853,-0.327852],[-0.682085,-0.703099,-0.201029],[-0.108316,0.369008,-0.923093]]],4]],[[0,200,0],[235.247,235.247,147.751]]],[74026,3980409114,[[40,"right",[-0.171544,0.463978,-0.869078],[-0.395478,-0.840388,-0.3706],[-15.9584,113.8,41.4316],[110.155,3.80542,-33.1991],[-26.5592,115.78,41.0211],1,0,0.60539,[[0.60492,-0.276,-0.746924],[0.239142,0.957678,-0.1602],[0.759528,-0.0817125,0.645322]],63.72,[206.964,68.1778,261.702],[1.89149,90.2402,87.4652]]],[[400,[-0.0305232,-0.197077,-0.979913],40,52.1164,[-36.0681,70.1972,6.70401],[-30.4643,69.7878,6.95714],[180.394,-24.2695,-20.3768],false,[-27.5159,87.5622,95.7775],[-27.5159,87.5622,95.7775],[-42.0522,84.821,48.1021],[-43.0929,78.1015,14.6914],[-25.2004,66.5933,4.93691],[[[0.683341,0.729481,0.0300412],[-0.482366,0.420204,0.768604],[0.548058,-0.53971,0.639019]],[[0.456197,0.869557,-0.189093],[-0.840883,0.490771,0.228168],[0.291206,0.0549152,0.955083]],[[0.456197,0.869557,-0.189093],[-0.889355,0.452805,-0.0633643],[0.0305232,0.197077,0.979913]],[[0.456197,0.869557,-0.189093],[-0.455406,0.0455744,-0.889117],[-0.764519,0.491726,0.416792]]],0],[401,[-0.098234,0.373247,-0.922516],40,58.8075,[-58.5877,164.119,-44.1834],[-49.3314,165.439,-44.8202],[178.283,27.0365,-49.1866],false,[-14.3411,106.7,91.0818],[-41.9831,134.228,28.7072],[-45.375,152.296,-10.1235],[-47.7494,161.318,-32.4211],[-49.6996,167.004,-48.4141],[[[0.860702,-0.198248,-0.468925],[0.343544,0.905917,0.247571],[0.375727,-0.374181,0.847831]],[[0.930821,-0.293453,-0.217849],[0.356847,0.858503,0.368283],[0.0789498,-0.420544,0.90383]],[[0.930821,-0.293453,-0.217849],[0.352027,0.880097,0.318599],[0.098234,-0.373247,0.922516]],[[0.930821,-0.293453,-0.217849],[0.347195,0.896163,0.276312],[0.114143,-0.332833,0.936052]]],1],[402,[-0.36445,0.515787,-0.775332],40,67.0064,[-62.1489,175.543,-48.6194],[-52.9818,177.632,-48.5199],[147.082,50.8961,-16.0951],false,[-3.49353,106.048,85.2919],[-21.2755,129.926,22.1949],[-37.6611,156.48,-14.5424],[-48.0247,171.148,-36.5901],[-55.2514,180.268,-51.3459],[[[0.832289,-0.398491,-0.385357],[0.492275,0.850924,0.183284],[0.254872,-0.342247,0.904382]],[[0.759535,-0.317071,-0.567955],[0.554566,0.771976,0.31066],[0.339947,-0.550925,0.762179]],[[0.759535,-0.317071,-0.567955],[0.538779,0.795883,0.276202],[0.36445,-0.515787,0.775332]],[[0.759535,-0.317071,-0.567955],[0.524612,0.814818,0.246686],[0.384563,-0.485323,0.785222]]],2],[403,[-0.381821,-0.833883,0.398562],40,64.4285,[-41.3328,81.231,5.82786],[-29.8501,80.2562,7.11675],[114.452,12.4376,-43.1364],false,[6.91516,102.223,80.0041],[-0.448979,120.81,20.6403],[-20.6437,108.234,-17.1787],[-31.2209,85.1339,-6.13773],[-29.0817,79.1968,11.4482],[[[0.82123,-0.507517,-0.260782],[0.558354,0.808936,0.18402],[0.117563,-0.296731,0.947697]],[[0.820034,-0.504573,-0.270094],[0.35107,0.816197,-0.458883],[0.451989,0.281477,0.846449]],[[0.820034,-0.504573,-0.270094],[-0.42633,-0.223707,-0.876469],[0.381821,0.833883,-0.398562]],[[0.820034,-0.504573,-0.270094],[-0.560746,-0.802765,-0.202809],[-0.11449,0.317765,-0.941232]]],3],[404,[-0.474032,-0.776838,0.414507],40,50.5107,[-21.3272,83.2846,10.0351],[-10.5076,80.6465,10.9645],[111.44,1.69767,-32.5171],false,[15.0833,91.5276,75.3736],[16.6754,107.984,19.7954],[-2.31557,100.937,-9.18665],[-11.5871,85.7432,-1.07939],[-9.80453,79.4246,14.8581],[[[0.725697,-0.665086,-0.17614],[0.687467,0.690736,0.224217],[-0.0274574,-0.283805,0.958489]],[[0.721092,-0.612653,-0.323547],[0.437679,0.764813,-0.472756],[0.537088,0.199291,0.819646]],[[0.721092,-0.612653,-0.323547],[-0.505293,-0.145526,-0.850589],[0.474032,0.776838,-0.414507]],[[0.721092,-0.612653,-0.323547],[-0.685078,-0.700196,-0.200982],[-0.103414,0.366581,-0.924621]]],4]],[[0,200,0],[235.247,235.247,147.751]]],[74027,3980417758,[[40,"right",[-0.168542,0.459713,-0.871928],[-0.403354,-0.839295,-0.36454],[-14.2131,113.925,40.9551],[134.5,6.63904,-39.0154],[-25.5635,115.63,41.0158],1,0,0.611328,[[0.606096,-0.286689,-0.741928],[0.247454,0.954458,-0.166662],[0.75592,-0.0825799,0.649435]],63.72,[207.585,68.2173,262.47],[3.48649,90.5139,87.1223]]],[[400,[-0.0203443,-0.208743,-0.977759],40,52.1164,[-32.859,69.7856,6.90942],[-28.554,69.6227,6.99546],[193.711,-22.8817,-12.4117],false,[-25.9328,88.151,95.4878],[-25.9328,88.151,95.4878],[-40.4375,85.2521,47.812],[-41.1311,78.1349,14.4747],[-23.1978,66.3696,5.10989],[[[0.689794,0.723595,0.0243762],[-0.477661,0.429531,0.766383],[0.544081,-0.54029,0.641921]],[[0.465258,0.863641,-0.19406],[-0.836124,0.500752,0.223931],[0.290572,0.0580725,0.955089]],[[0.465258,0.863641,-0.19406],[-0.884941,0.458858,-0.079549],[0.0203443,0.208743,0.977759]],[[0.465258,0.863641,-0.19406],[-0.443139,0.0374697,-0.895669],[-0.766265,0.502713,0.400146]]],0],[401,[-0.094217,0.370629,-0.92399],40,58.8075,[-56.4085,164.443,-44.4103],[-47.1071,165.501,-45.5088],[201.247,24.5009,-56.3489],false,[-12.5955,107.14,90.6493],[-40.0725,134.498,28.127],[-43.2159,152.58,-10.7178],[-45.4932,161.539,-33.051],[-47.4005,167.134,-49.0812],[[[0.858322,-0.208948,-0.468641],[0.351844,0.904465,0.241142],[0.373483,-0.371866,0.849839]],[[0.92801,-0.303335,-0.2163],[0.3653,0.854894,0.368392],[0.0731673,-0.420886,0.904158]],[[0.92801,-0.303335,-0.2163],[0.360445,0.877851,0.315368],[0.094217,-0.370629,0.92399]],[[0.92801,-0.303335,-0.2163],[0.355438,0.894833,0.270069],[0.111631,-0.327508,0.938231]]],1],[402,[-0.366383,0.524685,-0.76842],40,67.0064,[-60.3572,176.154,-48.4908],[-51.1925,178.263,-48.6298],[161.488,64.5847,-9.61535],false,[-1.76148,106.354,84.8507],[-19.4119,129.97,21.6184],[-35.8188,156.999,-14.7616],[-46.2374,171.919,-36.6127],[-53.5246,181.188,-51.2457],[[[0.828248,-0.408375,-0.383712],[0.500003,0.847735,0.177041],[0.252987,-0.338491,0.906323]],[[0.750244,-0.321894,-0.57751],[0.566806,0.762837,0.311145],[0.34039,-0.560771,0.754765]],[[0.750244,-0.321894,-0.57751],[0.550361,0.788092,0.275705],[0.366383,-0.524685,0.76842]],[[0.750244,-0.321894,-0.57751],[0.535501,0.808149,0.245222],[0.387779,-0.493234,0.778684]]],2],[403,[-0.38911,-0.827897,0.403955],40,64.4285,[-40.6911,81.2018,5.8907],[-28.4231,80.3197,6.86313],[127.833,11.2658,-40.4248],false,[8.60631,102.402,79.5758],[1.33132,120.661,20.0991],[-18.9916,108.058,-17.6423],[-29.7707,85.1233,-6.45198],[-27.6639,79.29,11.1726],[[[0.816385,-0.516471,-0.258404],[0.565709,0.805169,0.177976],[0.11614,-0.291478,0.949501]],[[0.815238,-0.513663,-0.267464],[0.358454,0.8103,-0.463599],[0.45486,0.28207,0.844712]],[[0.815238,-0.513663,-0.267464],[-0.428929,-0.225247,-0.874805],[0.38911,0.827897,-0.403955]],[[0.815238,-0.513663,-0.267464],[-0.568042,-0.799172,-0.196602],[-0.112762,0.312208,-0.943298]]],3],[404,[-0.480897,-0.769554,0.420149],40,50.5107,[-20.5912,83.1366,10.0868],[-9.08613,80.5343,10.6987],[125.437,-2.23437,-32.3823],false,[16.6738,91.6045,75.0065],[18.3407,107.678,19.3185],[-0.725796,100.605,-9.60759],[-10.1316,85.5536,-1.38998],[-8.39603,79.3339,14.5916],[[[0.719571,-0.672626,-0.172604],[0.693824,0.686102,0.2188],[-0.0287468,-0.277199,0.960382]],[[0.715315,-0.621463,-0.319544],[0.444479,0.757479,-0.478188],[0.539224,0.200024,0.818064]],[[0.715315,-0.621463,-0.319544],[-0.507013,-0.146871,-0.849333],[0.480897,0.769554,-0.420149]],[[0.715315,-0.621463,-0.319544],[-0.69151,-0.695397,-0.195543],[-0.100687,0.360843,-0.927176]]],4]],[[0,200,0],[235.247,235.247,147.751]]],[74028,3980426396,[[40,"right",[-0.167583,0.456249,-0.87393],[-0.415209,-0.836674,-0.357179],[-12.1722,114.211,40.5797],[161.484,13.6464,-40.1965],[-24.2935,115.496,40.9745],1,0,0.562246,[[0.607213,-0.299553,-0.735907],[0.257882,0.950367,-0.174066],[0.751524,-0.0840818,0.654325]],63.72,[208.398,68.1759,263.47],[5.48692,90.878,86.802]]],[[400,[-0.0180773,-0.218437,-0.975684],40,52.1164,[-29.4977,69.5188,7.13488],[-26.7532,69.7368,7.11823],[198.768,-12.9874,-4.81476],false,[-23.9146,88.9188,95.3328],[-23.9146,88.9188,95.3328],[-38.6063,85.9391,47.7193],[-39.2227,78.4914,14.4528],[-21.3808,66.4251,5.29862],[[[0.69848,0.715444,0.0162882],[-0.468523,0.439973,0.7661],[0.540936,-0.542737,0.642515]],[[0.476162,0.856193,-0.200507],[-0.828641,0.513196,0.223572],[0.29432,0.0596921,0.953841]],[[0.476162,0.856193,-0.200507],[-0.879172,0.468208,-0.0885335],[0.0180773,0.218437,0.975684]],[[0.476162,0.856193,-0.200507],[-0.438271,0.0333895,-0.898223],[-0.762357,0.515576,0.391143]]],0],[401,[-0.0937443,0.367342,-0.92535],40,58.8075,[-53.9287,164.796,-44.7197],[-44.8391,165.741,-45.9975],[218.271,26.2203,-56.1552],false,[-10.3774,107.717,90.3066],[-37.851,135.011,27.7549],[-40.9289,152.978,-11.1484],[-43.1948,161.857,-33.5145],[-45.1091,167.387,-49.5667],[[[0.853326,-0.2221,-0.471705],[0.363839,0.901684,0.233639],[0.373438,-0.370995,0.850239]],[[0.923226,-0.315811,-0.218899],[0.37752,0.851681,0.36348],[0.0716409,-0.418213,0.905519]],[[0.923226,-0.315811,-0.218899],[0.372647,0.874828,0.309534],[0.0937443,-0.367342,0.92535]],[[0.923226,-0.315811,-0.218899],[0.367558,0.891913,0.263424],[0.112047,-0.323658,0.939517]]],1],[402,[-0.367483,0.531251,-0.763367],40,67.0064,[-58.2837,176.887,-48.368],[-49.1278,178.985,-48.692],[182.435,73.1932,-6.5644],false,[0.41623,106.765,84.4577],[-17.28,130.195,21.1692],[-33.6785,157.563,-14.9609],[-44.1284,172.67,-36.6683],[-51.4567,182.052,-51.2079],[[[0.821321,-0.42062,-0.38537],[0.510976,0.84279,0.169139],[0.253643,-0.335832,0.907128]],[[0.739571,-0.33075,-0.586207],[0.580765,0.753805,0.307392],[0.340216,-0.567787,0.749581]],[[0.739571,-0.33075,-0.586207],[0.563907,0.779985,0.271353],[0.367483,-0.531251,0.763367]],[[0.739571,-0.33075,-0.586207],[0.548595,0.800817,0.240282],[0.389971,-0.499296,0.773709]]],2],[403,[-0.397679,-0.820924,0.409799],40,64.4285,[-39.876,81.1858,5.95197],[-26.9407,80.611,6.73449],[139.288,17.3294,-35.0606],false,[10.7087,102.657,79.1547],[3.34274,120.63,19.6023],[-17.2847,108.099,-17.9976],[-28.3012,85.3577,-6.64535],[-26.1842,79.603,11.0038],[[[0.808823,-0.527784,-0.259325],[0.576175,0.79945,0.170004],[0.117592,-0.28692,0.95071]],[[0.807701,-0.525109,-0.268105],[0.366709,0.803493,-0.46896],[0.461675,0.280463,0.841544]],[[0.807701,-0.525109,-0.268105],[-0.435283,-0.224375,-0.871886],[0.397679,0.820924,-0.409799]],[[0.807701,-0.525109,-0.268105],[-0.578602,-0.793344,-0.189276],[-0.113309,0.308004,-0.944613]]],3],[404,[-0.488264,-0.760853,0.427435],40,50.5107,[-19.6769,82.9767,10.1298],[-7.59162,80.5841,10.5061],[138.07,-0.165121,-30.0356],false,[18.6232,91.7355,74.6122],[20.192,107.44,18.8163],[0.912413,100.415,-9.97966],[-8.63744,85.5334,-1.61953],[-6.90069,79.4024,14.3961],[[[0.710603,-0.682234,-0.172049],[0.703073,0.679118,0.210921],[-0.027056,-0.270844,0.962243]],[[0.706255,-0.632214,-0.318606],[0.45156,0.748883,-0.485045],[0.54525,0.198695,0.814384]],[[0.706255,-0.632214,-0.318606],[-0.512643,-0.146315,-0.846043],[0.488264,0.760853,-0.427435]],[[0.706255,-0.632214,-0.318606],[-0.700751,-0.688323,-0.187508],[-0.100758,0.355692,-0.929156]]],4]],[[0,200,0],[235.247,235.247,147.751]]],[74029,3980435097,[[40,"right",[-0.166574,0.449775,-0.877471],[-0.410232,-0.840841,-0.353123],[-9.96534,114.202,40.4653],[186.07,9.72502,-32.9775],[-22.6283,115.345,40.9153],1,0,0.50924,[[0.612719,-0.296968,-0.732384],[0.257956,0.95111,-0.169849],[0.747017,-0.084853,0.659368]],63.72,[209.331,68.3403,264.929],[7.63674,91.2506,86.9001]]],[[400,[-0.0113026,-0.225551,-0.974166],40,52.1164,[-25.6759,69.1809,7.39383],[-24.1056,69.4263,7.29051],[225.949,-17.73,1.98802],false,[-21.7852,89.2155,95.342],[-21.7852,89.2155,95.342],[-36.3027,85.9066,47.6969],[-36.688,78.2162,14.4821],[-18.7406,66.1596,5.52357],[[[0.695224,0.718656,0.0140119],[-0.47314,0.442865,0.761583],[0.541111,-0.536101,0.647916]],[[0.473771,0.856728,-0.203857],[-0.83124,0.511491,0.217755],[0.290828,0.0662882,0.954476]],[[0.473771,0.856728,-0.203857],[-0.880576,0.463836,-0.0971764],[0.0113026,0.225551,0.974166]],[[0.473771,0.856728,-0.203857],[-0.432962,0.0250209,-0.901065],[-0.766867,0.515161,0.382785]]],0],[401,[-0.09225,0.360785,-0.928076],40,58.8075,[-51.1756,164.938,-45.1301],[-42.562,165.02,-46.5585],[229.683,-2.96469,-58.4692],false,[-8.31452,108.041,90.2396],[-35.6919,134.802,27.4162],[-38.716,152.503,-11.6134],[-40.9457,161.223,-34.0453],[-42.8311,166.636,-50.1407],[[[0.855942,-0.221352,-0.467296],[0.359003,0.904811,0.228984],[0.372129,-0.363758,0.853932]],[[0.925374,-0.313082,-0.21369],[0.372463,0.855704,0.359223],[0.0703894,-0.412008,0.908458]],[[0.925374,-0.313082,-0.21369],[0.36766,0.87853,0.304979],[0.09225,-0.360784,0.928076]],[[0.925374,-0.313082,-0.21369],[0.362638,0.895324,0.258627],[0.110351,-0.316819,0.942045]]],1],[402,[-0.369257,0.528867,-0.764165],40,67.0064,[-55.9603,177.47,-48.3237],[-47.0846,178.593,-49.0143],[196.649,42.7796,-14.0989],false,[2.50348,107.099,84.4343],[-15.0768,130.036,20.9331],[-31.5482,157.319,-15.228],[-42.0485,172.358,-36.9581],[-49.4145,181.685,-51.5146],[[[0.824522,-0.419446,-0.379774],[0.506624,0.846157,0.165378],[0.251982,-0.32876,0.910177]],[[0.740753,-0.329048,-0.585673],[0.578366,0.755872,0.306841],[0.341728,-0.566026,0.750224]],[[0.740753,-0.329048,-0.585673],[0.56119,0.782321,0.270257],[0.369257,-0.528867,0.764165]],[[0.740753,-0.329048,-0.585673],[0.545566,0.803363,0.238674],[0.391972,-0.496322,0.774611]]],2],[403,[-0.396724,-0.82047,0.41163],40,64.4285,[-38.6924,81.1491,6.02169],[-24.4481,80.3741,6.7251],[178.07,5.72779,-27.8153],false,[12.8325,103.003,79.1939],[5.59367,120.553,19.5],[-14.791,107.775,-18.1492],[-25.781,85.0466,-6.74623],[-23.7204,79.4004,10.9446],[[[0.812063,-0.525839,-0.253074],[0.572012,0.803116,0.166752],[0.115563,-0.280175,0.952968]],[[0.811009,-0.52334,-0.261493],[0.366208,0.802699,-0.470708],[0.456241,0.285988,0.842648]],[[0.811009,-0.52334,-0.261493],[-0.42997,-0.230095,-0.873031],[0.396724,0.82047,-0.41163]],[[0.811009,-0.52334,-0.261493],[-0.574544,-0.796739,-0.187366],[-0.110286,0.302195,-0.946845]]],3],[404,[-0.486988,-0.759856,0.430652],40,50.5107,[-18.3696,82.7717,10.1905],[-5.11856,80.4158,10.6232],[176.899,-5.14562,-18.7821],false,[20.8114,92.0873,74.7503],[22.5042,107.434,18.8585],[3.38558,100.135,-9.97669],[-6.13932,85.273,-1.55366],[-4.44216,79.2674,14.5137],[[[0.71423,-0.680153,-0.165127],[0.699302,0.683623,0.208893],[-0.0291945,-0.264671,0.963897]],[[0.710253,-0.631492,-0.31106],[0.450763,0.747396,-0.488069],[0.540697,0.206438,0.815494]],[[0.710253,-0.631492,-0.31106],[-0.508314,-0.154389,-0.847219],[0.486988,0.759856,-0.430652]],[[0.710253,-0.631492,-0.31106],[-0.697027,-0.692692,-0.185287],[-0.0984615,0.348418,-0.932153]]],4]],[[0,200,0],[235.247,235.247,147.751]]],[74030,3980443742,[[40,"right",[-0.15489,0.457905,-0.875404],[-0.402645,-0.838423,-0.367319],[-7.95717,114.41,40.8815],[198.334,13.5344,-11.4528],[-20.5753,115.214,40.9106],1,0,0.510559,[[0.618448,-0.291636,-0.729705],[0.25475,0.952842,-0.164907],[0.743387,-0.0839063,0.663578]],63.72,[209.738,68.3971,266.511],[9.02326,91.0518,87.3448]]],[[400,[0.00476561,-0.216306,-0.976314],40,52.1164,[-21.7779,69.3733,7.39803],[-21.4285,69.9206,7.0926],[247.247,2.85623,-4.19699],false,[-20.514,88.8564,95.3317],[-20.514,88.8564,95.3317],[-34.3365,86.0086,47.4506],[-34.174,78.6335,14.1626],[-16.0536,66.707,5.37963],[[[0.692938,0.720319,0.031272],[-0.485533,0.434134,0.758805],[0.533005,-0.540989,0.650566]],[[0.474696,0.859799,-0.188174],[-0.835456,0.507436,0.211001],[0.276905,0.0570499,0.959202]],[[0.474696,0.859799,-0.188174],[-0.880137,0.462555,-0.106777],[-0.00476561,0.216306,0.976314]],[[0.474696,0.859799,-0.188174],[-0.418561,0.0324497,-0.907609],[-0.774255,0.5096,0.375282]]],0],[401,[-0.0798732,0.369472,-0.925803],40,58.8075,[-47.8572,165.332,-45.37],[-39.421,165.994,-46.1125],[264.671,27.3062,-29.1991],false,[-7.02214,107.766,90.6123],[-33.5461,135.069,27.6559],[-36.0567,153.138,-11.241],[-37.9873,162.069,-33.618],[-39.6557,167.631,-49.6863],[[[0.863342,-0.214504,-0.456758],[0.353071,0.903471,0.243067],[0.360529,-0.371118,0.85574]],[[0.929264,-0.308462,-0.203274],[0.364766,0.853206,0.372806],[0.0584376,-0.420583,0.90537]],[[0.929264,-0.308462,-0.203274],[0.360679,0.876551,0.318699],[0.0798732,-0.369472,0.925803]],[[0.929264,-0.308462,-0.203274],[0.356278,0.893783,0.272431],[0.0976477,-0.325582,0.940458]]],1],[402,[-0.360825,0.538098,-0.761745],40,67.0064,[-53.0829,178.314,-48.0909],[-44.0675,179.828,-48.2666],[237.159,69.255,12.7794],false,[3.88273,106.91,84.9583],[-12.8246,130.421,21.4314],[-28.8898,158.158,-14.5662],[-39.1504,173.46,-36.2275],[-46.3582,182.956,-50.7538],[[[0.831189,-0.413527,-0.371645],[0.501776,0.845832,0.181076],[0.23947,-0.336991,0.910545]],[[0.748718,-0.319867,-0.580609],[0.573003,0.752685,0.324243],[0.333301,-0.575457,0.746833]],[[0.748718,-0.319867,-0.580609],[0.556082,0.77983,0.287467],[0.360825,-0.538098,0.761745]],[[0.748718,-0.319867,-0.580609],[0.540653,0.801458,0.255656],[0.383558,-0.505322,0.773003]]],2],[403,[-0.400981,-0.825663,0.396856],40,64.4285,[-36.9913,81.1562,6.09057],[-21.8386,80.9001,6.57984],[210.544,20.2295,-25.3997],false,[14.2992,102.893,79.831],[7.89105,121.007,20.2109],[-11.8789,108.576,-17.8795],[-22.9869,85.7034,-6.88577],[-21.1817,79.8821,10.7762],[[[0.817163,-0.521189,-0.246186],[0.567256,0.802953,0.182995],[0.102301,-0.289187,0.951791]],[[0.816251,-0.518677,-0.254379],[0.371407,0.80843,-0.456616],[0.442484,0.278235,0.852522]],[[0.816251,-0.518677,-0.254379],[-0.415871,-0.221933,-0.881928],[0.400981,0.825663,-0.396856]],[[0.816251,-0.518677,-0.254379],[-0.569561,-0.796179,-0.204203],[-0.0966159,0.311565,-0.9453]]],3],[404,[-0.493464,-0.76491,0.414012],40,50.5107,[-16.5327,82.5947,10.27],[-2.55642,80.9782,10.7333],[208.106,13.8066,-11.6974],false,[22.3729,92.0422,75.3993],[24.8457,107.94,19.691],[6.26049,100.92,-9.55944],[-3.39107,85.9597,-1.46185],[-1.95651,79.8064,14.5752],[[[0.718475,-0.676615,-0.161201],[0.694244,0.683389,0.225841],[-0.0426443,-0.274174,0.960734]],[[0.716649,-0.627304,-0.3048],[0.458417,0.753045,-0.471993],[0.525611,0.198528,0.827236]],[[0.716649,-0.627304,-0.3048],[-0.492856,-0.146294,-0.857724],[0.493464,0.76491,-0.414012]],[[0.716649,-0.627304,-0.3048],[-0.69245,-0.692134,-0.203627],[-0.0832266,0.356988,-0.930394]]],4]],[[0,200,0],[235.247,235.247,147.751]]],[74031,3980452449,[[40,"right",[-0.151187,0.460003,-0.874951],[-0.394442,-0.83968,-0.373301],[-5.43596,114.479,40.8644],[222.688,12.0305,-8.91942],[-17.9629,115.087,40.9026],1,0,0.513276,[[0.628571,-0.284049,-0.724027],[0.250807,0.955219,-0.157009],[0.736202,-0.0828993,0.671665]],63.72,[210.116,68.6825,268.723],[11.3414,91.0653,87.3737]]],[[400,[0.0141223,-0.212856,-0.976982],40,52.1164,[-18.2144,69.5493,7.20259],[-18.3423,70.0336,6.83695],[274.402,6.69704,-10.8552],false,[-18.2409,88.6523,95.1278],[-18.2409,88.6523,95.1278],[-31.7258,85.9304,47.1432],[-31.2443,78.673,13.8325],[-12.9827,66.8902,5.14875],[[[0.68803,0.72463,0.0390628],[-0.494061,0.42832,0.756601],[0.531524,-0.539864,0.652709]],[[0.470857,0.86338,-0.181299],[-0.839831,0.5016,0.207562],[0.270144,0.0545288,0.961275]],[[0.470857,0.86338,-0.181299],[-0.882097,0.457458,-0.112418],[-0.0141223,0.212856,0.976982]],[[0.470857,0.86338,-0.181299],[-0.411627,0.0332411,-0.910746],[-0.780293,0.503459,0.371042]]],0],[401,[-0.076079,0.371626,-0.92526],40,58.8075,[-44.1392,165.707,-45.6013],[-36.6065,166.153,-46.1897],[279.215,23.8991,-24.0508],false,[-4.83559,107.665,90.5774],[-31.0562,135.02,27.5167],[-33.4248,153.185,-11.3444],[-35.2637,162.168,-33.7083],[-36.8603,167.766,-49.7714],[[[0.868146,-0.207345,-0.450921],[0.345393,0.904848,0.248904],[0.356406,-0.37183,0.857156]],[[0.932685,-0.301601,-0.197826],[0.356454,0.854556,0.377723],[0.0551318,-0.422812,0.904539]],[[0.932685,-0.301601,-0.197826],[0.352577,0.878027,0.323664],[0.076079,-0.371626,0.92526]],[[0.932685,-0.301601,-0.197826],[0.348377,0.895354,0.277445],[0.0934467,-0.327686,0.940154]]],1],[402,[-0.359301,0.539558,-0.761433],40,67.0064,[-49.7669,179.123,-47.8747],[-41.3746,180.099,-48.2069],[256.412,58.2057,10.7134],false,[6.11716,106.899,85.0035],[-10.2586,130.527,21.4339],[-26.2663,158.34,-14.5313],[-36.4836,173.683,-36.1837],[-43.6575,183.204,-50.7099],[[[0.83663,-0.406871,-0.366751],[0.494932,0.848384,0.187846],[0.234717,-0.338674,0.911157]],[[0.754443,-0.312305,-0.577305],[0.566144,0.754664,0.331608],[0.332108,-0.577017,0.746161]],[[0.754443,-0.312305,-0.577305],[0.549288,0.781884,0.294855],[0.359301,-0.539558,0.761433]],[[0.754443,-0.312305,-0.577305],[0.533926,0.803574,0.263045],[0.381757,-0.506691,0.772998]]],2],[403,[-0.399195,-0.829798,0.389973],40,64.4285,[-34.5068,81.1841,6.13545],[-18.8267,81.0379,6.31243],[246.401,19.1602,-27.543],false,[16.5978,102.966,79.9417],[10.5259,121.251,20.3382],[-8.84583,108.874,-17.9739],[-19.9043,85.8867,-7.17083],[-18.2029,80.0108,10.4834],[[[0.822345,-0.515064,-0.24178],[0.560671,0.805919,0.190113],[0.0969346,-0.291897,0.951525]],[[0.8215,-0.51259,-0.249778],[0.370345,0.81272,-0.449813],[0.433569,0.277018,0.857484]],[[0.8215,-0.51259,-0.249778],[-0.407161,-0.220653,-0.886302],[0.399195,0.829798,-0.389973]],[[0.8215,-0.51259,-0.249778],[-0.56289,-0.798967,-0.211675],[-0.0910623,0.314488,-0.944883]]],3],[404,[-0.493836,-0.76925,0.405438],40,50.5107,[-13.9036,82.4252,10.3354],[0.425133,81.2331,10.5874],[243.458,18.2072,-14.3553],false,[24.7747,92.1837,75.5337],[27.5677,108.295,19.9017],[9.32874,101.308,-9.57366],[-0.3301,86.262,-1.64377],[0.979813,80.0587,14.3847],[[[0.724018,-0.67142,-0.158092],[0.688097,0.687021,0.233506],[-0.0481678,-0.277845,0.959417]],[[0.723071,-0.622266,-0.299921],[0.459455,0.757455,-0.463857],[0.515819,0.197601,0.833597]],[[0.723071,-0.622266,-0.299921],[-0.483005,-0.145049,-0.86352],[0.493836,0.76925,-0.405438]],[[0.723071,-0.622266,-0.299921],[-0.68658,-0.695173,-0.212935],[-0.0759952,0.359887,-0.929896]]],4]],[[0,200,0],[235.247,235.247,147.751]]],[74032,3980461096,[[40,"right",[-0.144979,0.452238,-0.880035],[-0.38484,-0.845171,-0.370923],[-2.91971,114.867,41.3681],[240.817,20.7617,8.90569],[-14.8285,115.041,40.9996],1,0,0.51948,[[0.635621,-0.279288,-0.719711],[0.250032,0.956492,-0.150354],[0.73039,-0.0843826,0.677798]],63.72,[210.725,69.1424,271.237],[13.52,91.9257,88.2317]]],[[400,[0.0241352,-0.218882,-0.975453],40,52.1164,[-15.0817,69.7708,7.69013],[-15.2441,70.1535,7.54202],[290.849,11.908,12.5829],false,[-16.126,89.3721,95.6918],[-16.126,89.3721,95.6918],[-29.248,86.3225,47.6265],[-28.4251,78.8596,14.3678],[-10.0473,67.1301,5.85871],[[[0.682716,0.729549,0.0407008],[-0.504905,0.430763,0.748007],[0.528175,-0.531227,0.662441]],[[0.46753,0.864931,-0.182514],[-0.843987,0.49816,0.198805],[0.262873,0.0610924,0.962894]],[[0.46753,0.864931,-0.182514],[-0.883648,0.451648,-0.123209],[-0.0241352,0.218882,0.975453]],[[0.46753,0.864931,-0.182514],[-0.405945,0.0266649,-0.913508],[-0.785255,0.501183,0.363581]]],0],[401,[-0.0695,0.363866,-0.928855],40,58.8075,[-40.107,165.808,-45.8644],[-33.5446,165.663,-46.4045],[298.14,2.05678,-24.4542],false,[-2.80067,108.439,91.1359],[-28.5339,135.132,27.5922],[-30.646,152.972,-11.4341],[-32.3258,161.766,-33.8849],[-33.8015,167.23,-50.0058],[[[0.874243,-0.20492,-0.440121],[0.336678,0.909049,0.245514],[0.349781,-0.362818,0.863722]],[[0.936661,-0.296596,-0.186271],[0.34677,0.860004,0.374358],[0.0491611,-0.41524,0.908383]],[[0.936661,-0.296596,-0.186271],[0.343273,0.882968,0.320205],[0.0695,-0.363866,0.928855]],[[0.936661,-0.296596,-0.186271],[0.339421,0.899863,0.273933],[0.0863713,-0.319807,0.943538]]],1],[402,[-0.355645,0.53206,-0.768394],40,67.0064,[-46.0819,179.609,-47.8075],[-38.4385,179.642,-48.4895],[278.056,27.9668,-1.67009],false,[8.21542,107.705,85.684],[-7.64336,130.733,21.764],[-23.5093,158.177,-14.5454],[-33.6226,173.307,-36.3958],[-40.7168,182.691,-51.0502],[[[0.843172,-0.404002,-0.354744],[0.48723,0.853132,0.186475],[0.227307,-0.330073,0.916179]],[[0.761979,-0.311013,-0.568031],[0.557708,0.760977,0.331475],[0.329166,-0.569373,0.753303]],[[0.761979,-0.311013,-0.568031],[0.541207,0.787517,0.294808],[0.355645,-0.53206,0.768394]],[[0.761979,-0.311013,-0.568031],[0.526185,0.808649,0.263087],[0.377515,-0.499357,0.779824]]],2],[403,[-0.398902,-0.829964,0.389918],40,64.4285,[-31.0989,81.2353,6.27648],[-15.7003,81.1348,6.86593],[276.56,17.3801,-4.8908],false,[18.7752,103.805,80.7636],[13.2131,121.589,20.9595],[-5.61294,108.885,-17.5172],[-16.6633,85.8937,-6.71571],[-15.1278,80.1485,10.9966],[[[0.828287,-0.511327,-0.229096],[0.553223,0.811131,0.189765],[0.0887948,-0.283921,0.954727]],[[0.827539,-0.509005,-0.236841],[0.370996,0.812445,-0.449772],[0.421357,0.284336,0.861169]],[[0.827539,-0.509005,-0.236841],[-0.39504,-0.228195,-0.889871],[0.398902,0.829964,-0.389918]],[[0.827539,-0.509005,-0.236841],[-0.555361,-0.803968,-0.212628],[-0.0821842,0.30749,-0.947996]]],3],[404,[-0.494093,-0.769151,0.405314],40,50.5107,[-10.3871,82.2846,10.5628],[3.50032,81.4605,11.3878],[272.963,20.5612,13.3551],false,[27.0702,93.044,76.5257],[30.3449,108.746,20.8031],[12.5147,101.432,-8.84254],[2.85088,86.3881,-0.915093],[4.01214,80.3251,15.1783],[[[0.730126,-0.667698,-0.145241],[0.680974,0.693435,0.235419],[-0.0564738,-0.270791,0.96098]],[[0.730419,-0.62009,-0.286317],[0.460666,0.75677,-0.463773],[0.504257,0.206852,0.838413]],[[0.730419,-0.62009,-0.286317],[-0.471552,-0.154581,-0.868184],[0.494093,0.769151,-0.405314]],[[0.730419,-0.62009,-0.286317],[-0.679669,-0.701257,-0.215148],[-0.0673709,0.351749,-0.933667]]],4]],[[0,200,0],[235.247,235.247,147.751]]],[74033,3980469783,[[40,"right",[-0.13941,0.453651,-0.880207],[-0.382846,-0.844459,-0.374591],[-0.378921,115.177,41.8599],[254.582,24.7232,21.6173],[-11.2145,115.075,41.2148],1,0,0.516589,[[0.641278,-0.279207,-0.714707],[0.250851,0.956551,-0.148608],[0.725146,-0.0839856,0.683455]],63.72,[211.554,69.4807,273.321],[15.7645,92.1568,88.788]]],[[400,[0.029288,-0.216858,-0.975764],40,52.1164,[-12.3204,70.191,8.06571],[-12.5451,70.5567,7.89728],[292.4,22.7788,19.4958],false,[-13.9277,89.6023,96.0619],[-13.9277,89.6023,96.0619],[-26.8655,86.7066,47.9371],[-25.8669,79.3127,14.6679],[-7.46445,67.5894,6.20376],[[[0.682707,0.729241,0.0460263],[-0.509343,0.429785,0.745557],[0.523909,-0.53244,0.664851]],[[0.469098,0.864989,-0.178159],[-0.844257,0.498426,0.196979],[0.259183,0.0580092,0.964084]],[[0.469098,0.864989,-0.178159],[-0.88266,0.452511,-0.127061],[-0.029288,0.216858,0.975764]],[[0.469098,0.864989,-0.178159],[-0.402073,0.0295652,-0.91513],[-0.78631,0.500919,0.361658]]],0],[401,[-0.0639912,0.365924,-0.928442],40,58.8075,[-35.8548,166.099,-45.8771],[-30.4604,166.156,-46.0046],[312.868,16.8298,-5.52834],false,[-0.568013,108.672,91.6175],[-25.9009,135.472,27.9582],[-27.7829,153.392,-11.0428],[-29.3296,162.237,-33.4836],[-30.7093,167.739,-49.6002],[[[0.876861,-0.204551,-0.435056],[0.335479,0.908548,0.248987],[0.344339,-0.364279,0.865293]],[[0.937636,-0.296485,-0.181478],[0.344846,0.859132,0.378119],[0.0438067,-0.41712,0.907795]],[[0.937636,-0.296485,-0.181478],[0.341677,0.882154,0.324131],[0.0639912,-0.365924,0.928442]],[[0.937636,-0.296485,-0.181478],[0.338109,0.899112,0.277992],[0.0807485,-0.322014,0.943285]]],1],[402,[-0.351437,0.534054,-0.768947],40,67.0064,[-42.0602,180.183,-47.5801],[-35.3994,180.176,-48.0328],[297.154,36.1205,12.2549],false,[10.4811,107.941,86.2323],[-4.97647,131.075,22.2518],[-20.6555,158.595,-14.081],[-30.6491,173.782,-35.9471],[-37.6593,183.21,-50.6135],[[[0.845196,-0.403754,-0.350181],[0.486371,0.852668,0.190788],[0.221557,-0.331572,0.917046]],[[0.764837,-0.309897,-0.56479],[0.556068,0.760243,0.335884],[0.325289,-0.570959,0.753786]],[[0.764837,-0.309897,-0.56479],[0.539923,0.786607,0.299555],[0.351437,-0.534054,0.768947]],[[0.764837,-0.309897,-0.56479],[0.525227,0.807617,0.268126],[0.373043,-0.501715,0.780462]]],2],[403,[-0.402855,-0.830984,0.383632],40,64.4285,[-26.8869,81.3855,6.47829],[-12.9475,81.5543,7.14989],[286.872,25.6324,3.56465],false,[21.0696,104.045,81.3708],[15.8814,121.925,21.5612],[-2.65926,109.376,-17.1047],[-13.8191,86.3565,-6.47729],[-12.4206,80.5558,11.2283],[[[0.829502,-0.511268,-0.224793],[0.552329,0.810639,0.194418],[0.0828263,-0.28543,0.954814]],[[0.82883,-0.509025,-0.232237],[0.375289,0.813644,-0.444006],[0.414969,0.28085,0.865404]],[[0.82883,-0.509025,-0.232237],[-0.388263,-0.224408,-0.893808],[0.402855,0.830984,-0.383632]],[[0.82883,-0.509025,-0.232237],[-0.554471,-0.80281,-0.219222],[-0.0748525,0.310466,-0.947633]]],3],[404,[-0.49869,-0.769373,0.399216],40,50.5107,[-6.14862,82.2462,10.8908],[6.23616,81.8626,11.816],[283.901,27.7243,21.782],false,[29.3868,93.2884,77.1673],[33.0093,109.075,21.4903],[15.435,101.865,-8.33308],[5.68124,86.8172,-0.52489],[6.70939,80.7321,15.5693],[[[0.730773,-0.667733,-0.141786],[0.679756,0.692826,0.240674],[-0.0624734,-0.272258,0.960194]],[[0.73202,-0.620471,-0.281359],[0.465958,0.757256,-0.457654],[0.497022,0.20391,0.843439]],[[0.73202,-0.620471,-0.281359],[-0.464172,-0.151923,-0.872619],[0.49869,0.769373,-0.399216]],[[0.73202,-0.620471,-0.281359],[-0.678667,-0.700277,-0.221413],[-0.0596487,0.353028,-0.93371]]],4]],[[0,200,0],[235.247,235.247,147.751]]],[74034,3980478458,[[40,"right",[-0.1343,0.452369,-0.881661],[-0.38408,-0.843935,-0.374507],[2.52435,115.389,42.0818],[275.896,24.6625,22.6726],[-7.12389,115.169,41.4729],1,0,0.463977,[[0.64643,-0.28302,-0.70854],[0.25465,0.955437,-0.149313],[0.719223,-0.083909,0.689694]],63.72,[212.589,69.7537,275.338],[18.399,92.4091,89.121]]],[[400,[0.0317071,-0.218856,-0.975242],40,52.1164,[-9.56112,70.476,8.32943],[-9.71997,70.765,8.15595],[297.121,24.3103,21.4223],false,[-11.3311,89.9664,96.2776],[-11.3311,89.9664,96.2776],[-24.2286,87.0744,48.1418],[-23.1475,79.6123,14.8904],[-4.78266,67.8214,6.4385],[[[0.684907,0.727086,0.0474056],[-0.510985,0.432924,0.742611],[0.519419,-0.532843,0.668043]],[[0.472162,0.863276,-0.178378],[-0.842796,0.501397,0.195695],[0.258377,0.0579367,0.964305]],[[0.472162,0.863276,-0.178378],[-0.880942,0.454816,-0.130707],[-0.0317071,0.218856,0.975242]],[[0.472162,0.863276,-0.178378],[-0.401628,0.0305403,-0.915294],[-0.784703,0.503808,0.361135]]],0],[401,[-0.0601517,0.364107,-0.929412],40,58.8075,[-31.427,166.351,-45.8854],[-27.0825,166.3,-45.9997],[332.07,16.2267,-4.06568],false,[2.10947,108.983,91.8509],[-22.8734,135.74,28.0355],[-24.5846,153.587,-11.0071],[-26.0385,162.388,-33.4713],[-27.3546,167.857,-49.6042],[[[0.877963,-0.208285,-0.431043],[0.33744,0.907932,0.248584],[0.339581,-0.363699,0.867414]],[[0.937303,-0.29961,-0.178038],[0.346233,0.858877,0.37743],[0.0398308,-0.415408,0.908763]],[[0.937303,-0.29961,-0.178038],[0.343287,0.88185,0.323257],[0.0601517,-0.364107,0.929413]],[[0.937303,-0.29961,-0.178038],[0.339898,0.898752,0.276973],[0.077028,-0.320122,0.94424]]],1],[402,[-0.346949,0.533703,-0.771225],40,67.0064,[-37.6569,180.657,-47.4368],[-31.9539,180.356,-48.0444],[323.944,31.4232,8.01523],false,[13.1782,108.206,86.5126],[-1.9403,131.263,22.4239],[-17.3949,158.772,-14.0142],[-27.2608,173.948,-35.9451],[-34.1895,183.368,-50.6555],[[[0.845294,-0.407216,-0.345909],[0.488386,0.851442,0.191116],[0.216696,-0.330487,0.918597]],[[0.765936,-0.313327,-0.561398],[0.557259,0.759027,0.336661],[0.320631,-0.570705,0.75597]],[[0.765936,-0.313327,-0.561398],[0.541265,0.785486,0.300074],[0.346949,-0.533703,0.771225]],[[0.765936,-0.313327,-0.561398],[0.526689,0.806566,0.268421],[0.368701,-0.501276,0.782804]]],2],[403,[-0.408279,-0.829397,0.381325],40,64.4285,[-22.0406,81.5934,6.70511],[-10.0027,81.7848,7.31534],[300.514,25.8148,6.34614],false,[23.7737,104.266,81.7024],[18.89,122.044,21.8371],[0.513461,109.557,-16.9271],[-10.7967,86.5813,-6.3636],[-9.51392,80.7851,11.3522],[[[0.828732,-0.51443,-0.220376],[0.554189,0.809204,0.1951],[0.0779641,-0.283815,0.955704]],[[0.828121,-0.512278,-0.227567],[0.380856,0.812077,-0.44213],[0.411296,0.279467,0.867602]],[[0.828121,-0.512278,-0.227567],[-0.384088,-0.222872,-0.895994],[0.408279,0.829397,-0.381325]],[[0.828121,-0.512278,-0.227567],[-0.556329,-0.800833,-0.22173],[-0.068656,0.310221,-0.948182]]],3],[404,[-0.504246,-0.766747,0.397283],40,50.5107,[-1.37258,82.2668,11.2658],[9.1751,82.0372,12.0897],[298.375,25.9199,23.4911],false,[32.0726,93.473,77.5542],[35.9757,109.138,21.8617],[18.5618,101.969,-8.06552],[8.69939,86.9727,-0.295131],[9.61909,80.9217,15.8184],[[[0.729149,-0.670406,-0.137469],[0.681037,0.691065,0.242111],[-0.0673124,-0.270156,0.960461]],[[0.731172,-0.623863,-0.276011],[0.472065,0.754779,-0.455481],[0.492485,0.20274,0.846378]],[[0.731172,-0.623863,-0.276011],[-0.459481,-0.151305,-0.875205],[0.504246,0.766747,-0.397283]],[[0.731172,-0.623863,-0.276011],[-0.680103,-0.698251,-0.223395],[-0.0533569,0.351056,-0.934833]]],4]],[[0,200,0],[235.247,235.247,147.751]]],[74035,3980487184,[[40,"right",[-0.131198,0.46037,-0.877979],[-0.376988,-0.842268,-0.385311],[5.5999,115.87,42.3283],[296.373,32.8145,24.1626],[-2.60514,115.418,41.7767],1,0,0.465888,[[0.657527,-0.274217,-0.701757],[0.249477,0.958114,-0.140637],[0.710928,-0.0826001,0.698397]],63.72,[213.253,70.2092,277.806],[21.3023,92.5112,89.2384]]],[[400,[0.0337087,-0.206829,-0.977796],40,52.1164,[-6.56654,71.3551,8.00385],[-6.4757,71.6382,7.80939],[308.461,47.6991,2.34754],false,[-8.45866,89.834,96.1794],[-8.45866,89.834,96.1794],[-21.3353,87.4796,48.0087],[-20.186,80.4276,14.6701],[-1.81966,68.8444,5.93883],[[[0.680537,0.730334,0.0590062],[-0.518102,0.422701,0.743568],[0.518111,-0.536597,0.666051]],[[0.467736,0.867861,-0.16745],[-0.845388,0.494562,0.20181],[0.257958,0.0471667,0.965004]],[[0.467736,0.867861,-0.16745],[-0.883225,0.451706,-0.125996],[-0.0337087,0.206829,0.977796]],[[0.467736,0.867861,-0.16745],[-0.406655,0.0430919,-0.912565],[-0.784764,0.494934,0.373075]]],0],[401,[-0.0570207,0.373582,-0.925843],40,58.8075,[-27.0103,167.205,-45.5492],[-23.7656,167.53,-45.4146],[344.079,49.6906,15.1566],false,[4.90379,108.968,92.0277],[-19.8207,136.22,28.3216],[-21.417,154.465,-10.5417],[-22.7952,163.495,-32.9197],[-24.0514,169.129,-49.0006],[[[0.881834,-0.199158,-0.427439],[0.330795,0.907256,0.259732],[0.336069,-0.370435,0.86593]],[[0.939991,-0.292382,-0.17587],[0.339171,0.856839,0.388317],[0.0371551,-0.424664,0.904588]],[[0.939991,-0.292382,-0.17587],[0.336402,0.880312,0.334492],[0.0570207,-0.373582,0.925843]],[[0.939991,-0.292382,-0.17587],[0.333184,0.897647,0.288476],[0.0735234,-0.329762,0.941197]]],1],[402,[-0.345365,0.539442,-0.767936],40,67.0064,[-33.1896,181.583,-46.9735],[-28.7008,181.566,-47.337],[336.899,59.128,27.2417],false,[16.0104,108.304,86.7532],[1.17229,131.914,22.8003],[-14.2161,159.705,-13.4509],[-24.037,175.045,-35.2883],[-30.9324,184.571,-49.9462],[[[0.849731,-0.399101,-0.344492],[0.482416,0.852172,0.202677],[0.212678,-0.33841,0.91665]],[[0.771064,-0.303346,-0.559859],[0.55094,0.758652,0.347724],[0.319258,-0.576566,0.752095]],[[0.771064,-0.303346,-0.559859],[0.534961,0.785483,0.311179],[0.345365,-0.539442,0.767936]],[[0.771064,-0.303346,-0.559859],[0.520403,0.806869,0.27954],[0.366935,-0.506895,0.78001]]],2],[403,[-0.407162,-0.835848,0.368209],40,64.4285,[-16.5149,82.0607,6.81081],[-6.51018,82.5886,7.07971],[326.778,43.5421,-3.68703],false,[26.6581,104.47,81.9723],[22.0568,122.816,22.256],[4.04211,110.69,-16.7913],[-7.23709,87.5349,-6.59119],[-6.05877,81.544,11.067],[[[0.832966,-0.507648,-0.220137],[0.548426,0.810258,0.206664],[0.0734549,-0.292873,0.953326]],[[0.832411,-0.505509,-0.227052],[0.380161,0.819024,-0.429741],[0.403198,0.271405,0.87394]],[[0.832411,-0.505509,-0.227052],[-0.375913,-0.214054,-0.901593],[0.407162,0.835848,-0.368209]],[[0.832411,-0.505509,-0.227052],[-0.550558,-0.801029,-0.235028],[-0.063066,0.320645,-0.945098]]],3],[404,[-0.504085,-0.773186,0.384815],40,50.5107,[3.99612,82.6118,11.5427],[12.6465,82.8979,12.0042],[324.722,45.6093,13.7746],false,[35.0431,93.7653,77.7708],[39.2136,110.005,22.2625],[22.0973,103.081,-7.89324],[12.238,87.9582,-0.366729],[13.0598,81.7553,15.6943],[[[0.733727,-0.664986,-0.139421],[0.675627,0.692357,0.253316],[-0.0719226,-0.280061,0.957284]],[[0.736423,-0.617577,-0.27619],[0.47261,0.761744,-0.443154],[0.484067,0.195818,0.852839]],[[0.736423,-0.617577,-0.27619],[-0.451198,-0.144163,-0.880703],[0.504085,0.773186,-0.384814]],[