{"metadata":{"formatVersion":2,"generatedBy":"LeapJS Playback 0.2.1","frames":20,"protocolVersion":6,"serviceVersion":"2.2.5+26752","frameRate":"1.1e+2","modified":"Thu Apr 16 2015 19:37:22 GMT-0300 (E. South America Standard Time)"},"frames":[["id","timestamp",{"hands":[["id","type","direction","palmNormal","palmPosition","palmVelocity","stabilizedPalmPosition","pinchStrength","grabStrength","confidence","armBasis","armWidth","elbow","wrist"]]},{"pointables":[["id","direction","handId","length","stabilizedTipPosition","tipPosition","tipVelocity","tool","carpPosition","mcpPosition","pipPosition","dipPosition","btipPosition","bases","type"]]},{"interactionBox":["center","size"]}],[79322,4039936643,[[43,"right",[-0.134041,0.382818,-0.914048],[-0.0553811,-0.923824,-0.378791],[-13.0999,102.102,39.7677],[123.684,-8.50662,-21.4861],[-21.3939,108.762,44.3993],0.609914,0,0.573818,[[0.787936,0.105106,-0.60672],[0.0304707,0.977461,0.208904],[0.615002,-0.183091,0.766975]],63.72,[167.97,35.9879,296.74],[1.91967,85.4224,89.6571]]],[[430,[0.442014,-0.202306,-0.873897],43,52.1164,[-15.1263,64.6834,2.36365],[-10.7125,61.7862,1.34853],[82.4491,-13.1744,-31.7935],false,[-26.4264,74.1307,92.8286],[-26.4264,74.1307,92.8286],[-37.4615,73.2503,44.154],[-22.3908,66.3525,14.3579],[-7.87344,60.6548,-3.0923],[[[0.421521,0.901054,0.102081],[-0.719207,0.263624,0.642841],[0.552324,-0.344389,0.759167]],[[0.278805,0.956966,-0.0805182],[-0.934557,0.289663,0.206636],[0.221067,0.0176377,0.975099]],[[0.278805,0.956966,-0.0805182],[-0.852579,0.208057,-0.479397],[-0.442014,0.202306,0.873897]],[[0.278805,0.956966,-0.0805182],[-0.733137,0.157937,-0.661487],[-0.620304,0.243457,0.745622]]],0],[431,[-0.0292238,0.40823,-0.912411],43,58.8075,[-53.4978,155.076,-46.9791],[-43.4798,149.233,-50.3339],[127.847,-11.3807,-23.626],false,[-18.7978,96.2921,89.2848],[-41.1026,113.665,21.3645],[-42.2834,135.061,-15.8724],[-42.9898,144.928,-37.9258],[-43.5109,150.507,-54.0663],[[[0.952875,0.0644263,-0.296442],[0.0105237,0.96958,0.244547],[0.30318,-0.236143,0.923211]],[[0.999448,-0.00249262,-0.0331268],[0.018658,0.867165,0.497671],[0.0274859,-0.498015,0.866733]],[[0.999448,-0.00249262,-0.0331268],[0.0157976,0.912876,0.407932],[0.0292238,-0.40823,0.912411]],[[0.999448,-0.00249262,-0.0331268],[0.0131723,0.945176,0.326294],[0.0304973,-0.326551,0.944688]]],1],[432,[-0.361388,0.508762,-0.781384],43,67.0064,[-62.23,169.604,-47.8361],[-51.3172,164.369,-50.91],[135.78,-9.14106,-27.1305],false,[-7.35163,98.8665,85.5463],[-19.2068,115.706,18.8871],[-35.5033,143.41,-17.0326],[-45.7799,157.877,-39.2523],[-52.925,166.285,-54.4642],[[[0.969226,-0.13431,-0.206304],[0.178121,0.961094,0.211119],[0.169922,-0.241369,0.955441]],[[0.888874,-0.0651178,-0.4535],[0.309178,0.815731,0.488868],[0.3381,-0.574755,0.745215]],[[0.888874,-0.0651178,-0.4535],[0.281606,0.858441,0.428693],[0.361388,-0.508762,0.781384]],[[0.888874,-0.0651178,-0.4535],[0.255604,0.891965,0.372915],[0.380223,-0.447391,0.809489]]],2],[433,[-0.0731608,-0.590625,0.803623],43,64.4285,[-18.0174,63.8759,41.0454],[-8.96699,56.8466,40.3398],[100.637,-15.0587,-14.1358],false,[4.51793,98.2879,82.4305],[3.28164,113.24,21.6138],[-8.02636,73.9042,3.69519],[-10.0531,57.5428,25.9572],[-8.64013,56.4772,44.5572],[[[0.967464,-0.240432,-0.0787789],[0.252238,0.940858,0.22619],[0.0197364,-0.238702,0.970892]],[[0.967258,-0.238369,-0.0871319],[0.0188861,0.409968,-0.911904],[0.253091,0.880401,0.401047]],[[0.967258,-0.238369,-0.0871319],[-0.243021,-0.770936,-0.588726],[0.0731608,0.590625,-0.803623]],[[0.967258,-0.238369,-0.0871319],[-0.242266,-0.969499,-0.0371348],[-0.0756225,0.057028,-0.995504]]],3],[434,[-0.232919,-0.541729,0.807638],43,50.5107,[-3.62116,72.5935,41.1862],[4.97114,65.4226,39.3687],[104.598,-20.2481,-23.2721],false,[16.1756,90.4893,80.0142],[23.2526,106.131,24.6288],[9.63057,76.7863,10.3591],[5.07494,66.1907,26.1555],[4.89959,65.1519,43.3601],[[[0.908181,-0.418573,-0.00216212],[0.40039,0.867199,0.296065],[-0.12205,-0.269746,0.955165]],[[0.909827,-0.414689,-0.0157653],[0.15427,0.373247,-0.914815],[0.385248,0.829891,0.403565]],[[0.909827,-0.414689,-0.0157653],[-0.343459,-0.731138,-0.589468],[0.232919,0.541729,-0.807638]],[[0.909827,-0.414689,-0.0157653],[-0.414864,-0.907965,-0.0590508],[0.0101733,0.0602664,-0.99813]]],4]],[[0,200,0],[235.247,235.247,147.751]]],[79323,4039945080,[[43,"right",[-0.135068,0.388736,-0.911395],[-0.0533587,-0.921343,-0.385071],[-11.6084,102.294,38.9176],[137.484,-0.389597,-42.0883],[-20.937,108.46,44.1433],0.605409,0,0.58568,[[0.792943,0.106629,-0.599893],[0.0274833,0.977306,0.210041],[0.608676,-0.183038,0.772017]],63.72,[167.8,35.8883,297.134],[3.45773,85.3085,88.6897]]],[[430,[0.442054,-0.195468,-0.875432],43,52.1164,[-14.6826,64.4957,2.1355],[-9.27458,62.2603,0.0881895],[104.814,4.45275,-63.6127],false,[-24.8622,73.9314,91.7887],[-24.8622,73.9314,91.7887],[-35.8617,73.3216,43.1019],[-20.7896,66.657,13.2535],[-6.5053,61.1627,-4.4524],[[[0.419501,0.901289,0.108153],[-0.719687,0.257608,0.644739],[0.553236,-0.348305,0.756713]],[[0.276303,0.958185,-0.0744245],[-0.935468,0.28589,0.207765],[0.220354,0.0122158,0.975343]],[[0.276303,0.958185,-0.0744245],[-0.853373,0.208984,-0.477578],[-0.442054,0.195468,0.875432]],[[0.276303,0.958185,-0.0744245],[-0.742383,0.163611,-0.649692],[-0.610348,0.234763,0.756546]]],0],[431,[-0.0299257,0.411425,-0.910952],43,58.8075,[-52.8659,154.784,-47.1983],[-42.0853,149.842,-50.9153],[137.742,8.14323,-36.4946],false,[-17.2843,96.1336,88.3948],[-39.6404,113.919,20.5981],[-40.8597,135.491,-16.5358],[-41.583,145.435,-38.5538],[-42.113,151.054,-54.6802],[[[0.952675,0.0686013,-0.29615],[0.0083742,0.967912,0.251149],[0.303877,-0.241744,0.921531]],[[0.999459,-0.000114314,-0.0328849],[0.0166109,0.8648,0.501842],[0.0283815,-0.502117,0.864334]],[[0.999459,-0.000114314,-0.0328849],[0.0136338,0.911444,0.411199],[0.0299257,-0.411425,0.910952]],[[0.999459,-0.000114314,-0.0328849],[0.0109237,0.944366,0.328716],[0.0310178,-0.328897,0.943856]]],1],[432,[-0.36258,0.510408,-0.779756],43,67.0064,[-61.5519,169.34,-48.0416],[-49.9744,164.93,-51.4432],[141.803,7.7789,-38.4293],false,[-5.84468,98.7593,84.6721],[-17.7497,116.026,18.1311],[-34.1143,143.811,-17.6944],[-44.4247,158.326,-39.8678],[-51.5881,166.764,-55.054],[[[0.969491,-0.130707,-0.207372],[0.175984,0.960033,0.217637],[0.170637,-0.247491,0.953746]],[[0.889431,-0.0603321,-0.45307],[0.306015,0.814902,0.492229],[0.339511,-0.57645,0.743262]],[[0.889431,-0.0603321,-0.45307],[0.278295,0.857813,0.432098],[0.36258,-0.510408,0.779756]],[[0.889431,-0.0603321,-0.45307],[0.2522,0.891475,0.376387],[0.381193,-0.449034,0.808121]]],2],[433,[-0.0717162,-0.596726,0.799234],43,64.4285,[-17.7136,63.6765,40.9903],[-7.37521,57.0238,39.1762],[123.475,-5.93765,-46.3235],false,[6.02561,98.2289,81.5505],[4.74474,113.592,20.8374],[-6.47853,74.3514,2.65937],[-8.46521,57.8209,24.7997],[-7.04878,56.6138,43.3908],[[[0.967991,-0.2377,-0.0805724],[0.25015,0.939863,0.232558],[0.0204481,-0.245269,0.969239]],[[0.967776,-0.23555,-0.0890277],[0.017643,0.416105,-0.909146],[0.251194,0.878278,0.406852]],[[0.967776,-0.23555,-0.0890277],[-0.241385,-0.767094,-0.59439],[0.0717162,0.596726,-0.799234]],[[0.967776,-0.23555,-0.0890277],[-0.240131,-0.969712,-0.044667],[-0.07581,0.064606,-0.995027]]],3],[434,[-0.23183,-0.548484,0.80338],43,50.5107,[-3.31519,72.382,41.0985],[6.53723,65.6394,38.2578],[125.534,-8.65916,-51.6333],false,[17.7004,90.4732,79.0793],[24.7323,106.508,23.8006],[11.1741,77.2312,9.33216],[6.63974,66.5035,25.0453],[6.46106,65.3253,42.2409],[[[0.909124,-0.416493,-0.00516219],[0.39848,0.866064,0.301905],[-0.12127,-0.276526,0.953324]],[[0.910766,-0.412494,-0.0187997],[0.15322,0.379879,-0.912258],[0.383443,0.827974,0.409184]],[[0.910766,-0.412494,-0.0187997],[-0.341701,-0.727333,-0.59517],[0.23183,0.548484,-0.80338]],[[0.910766,-0.412494,-0.0187997],[-0.412792,-0.908392,-0.066532],[0.0103665,0.0683555,-0.997607]]],4]],[[0,200,0],[235.247,235.247,147.751]]],[79324,4039954226,[[43,"right",[-0.131959,0.394588,-0.909333],[-0.056265,-0.918858,-0.390556],[-10.1326,102.7,38.2665],[144.129,12.0693,-50.1862],[-20.2643,108.101,43.7774],0.604498,0,0.585715,[[0.7971,0.10247,-0.595089],[0.029822,0.977614,0.208284],[0.60311,-0.18377,0.7762]],63.72,[167.62,35.7468,297.538],[4.78018,85.3646,87.9642]]],[[430,[0.443258,-0.192287,-0.875527],43,52.1164,[-13.9791,64.3318,1.74853],[-7.90778,62.878,-0.844697],[117.899,21.6675,-74.4909],false,[-23.5891,74.08,90.9475],[-23.5891,74.08,90.9475],[-34.4562,73.7684,42.2282],[-19.3431,67.2122,12.3765],[-5.13402,61.7843,-5.41023],[[[0.422811,0.898999,0.114158],[-0.719808,0.256632,0.644993],[0.550552,-0.354882,0.755614]],[[0.279954,0.957561,-0.0685704],[-0.935004,0.288162,0.206714],[0.217701,0.00624317,0.975996]],[[0.279954,0.957561,-0.0685704],[-0.851557,0.214713,-0.478278],[-0.443258,0.192287,0.875527]],[[0.279954,0.957561,-0.0685704],[-0.743651,0.171134,-0.646295],[-0.607132,0.231925,0.760001]]],0],[431,[-0.0266202,0.411014,-0.911241],43,58.8075,[-51.9148,154.456,-47.5273],[-40.2516,150.621,-51.4659],[155.02,25.4353,-45.2145],false,[-15.9191,96.2721,87.6969],[-38.0871,114.541,19.9671],[-39.1521,136.168,-17.1392],[-39.7955,146.103,-39.1642],[-40.2736,151.69,-55.3035],[[[0.953451,0.0666206,-0.294096],[0.0116965,0.966385,0.256832],[0.30132,-0.248317,0.920622]],[[0.999514,-0.00387309,-0.0309458],[0.0189236,0.864038,0.50307],[0.02479,-0.503411,0.863691]],[[0.999514,-0.00387309,-0.0309458],[0.0162485,0.911621,0.41071],[0.0266202,-0.411014,0.911241]],[[0.999514,-0.00387309,-0.0309458],[0.0137777,0.945018,0.326727],[0.027979,-0.326994,0.944612]]],1],[432,[-0.358911,0.514838,-0.778541],43,67.0064,[-60.5206,169.068,-48.345],[-48.0763,165.922,-51.8656],[160.331,34.5296,-41.6057],false,[-4.46282,98.8749,84.0095],[-16.1841,116.577,17.5504],[-32.3638,144.57,-18.1975],[-42.5699,159.21,-40.3364],[-49.6672,167.734,-55.5061],[[[0.969337,-0.133268,-0.206458],[0.179333,0.95805,0.223564],[0.168003,-0.253734,0.952572]],[[0.890372,-0.0614056,-0.451072],[0.307503,0.811761,0.496474],[0.335677,-0.580753,0.741652]],[[0.890372,-0.0614056,-0.451072],[0.280036,0.855086,0.436358],[0.358911,-0.514838,0.778541]],[[0.890372,-0.0614056,-0.451072],[0.254163,0.889102,0.380657],[0.377675,-0.453572,0.807239]]],2],[433,[-0.0756042,-0.60188,0.795],43,64.4285,[-17.2651,63.4284,40.882],[-6.08128,57.3856,38.2514],[128.369,6.41158,-61.7946],false,[7.41076,98.3165,80.9053],[6.29596,114.04,20.2812],[-5.04842,74.9525,1.84955],[-7.14281,58.2792,23.8726],[-5.7683,56.9333,42.4573],[[[0.9672,-0.240995,-0.0802907],[0.253394,0.937503,0.238494],[0.017797,-0.251017,0.967819]],[[0.967005,-0.238775,-0.0888104],[0.0208062,0.421467,-0.906605],[0.253905,0.874844,0.412528]],[[0.967005,-0.238775,-0.0888104],[-0.243279,-0.762054,-0.600074],[0.0756042,0.60188,-0.795]],[[0.967005,-0.238775,-0.0888104],[-0.243903,-0.9684,-0.0520903],[-0.0735661,0.0720327,-0.994686]]],3],[434,[-0.235619,-0.553089,0.79911],43,50.5107,[-2.86489,72.1201,40.9504],[7.86371,65.9585,37.4132],[130.854,3.11471,-63.1968],false,[19.0596,90.53,78.4089],[26.2506,106.86,23.2373],[12.6042,77.7237,8.57071],[7.99572,66.906,24.2003],[7.7741,65.6046,41.3865],[[[0.907506,-0.419995,-0.00603158],[0.401314,0.862722,0.307664],[-0.124014,-0.281628,0.951476]],[[0.909202,-0.415886,-0.0197669],[0.156217,0.384756,-0.909703],[0.385938,0.824016,0.41479]],[[0.909202,-0.415886,-0.0197669],[-0.343271,-0.721895,-0.60086],[0.235619,0.553089,-0.79911]],[[0.909202,-0.415886,-0.0197669],[-0.416157,-0.906278,-0.073991],[0.0128575,0.0754989,-0.997063]]],4]],[[0,200,0],[235.247,235.247,147.751]]],[79325,4039962408,[[43,"right",[-0.128774,0.393751,-0.910152],[-0.0625905,-0.919191,-0.388806],[-8.68402,103.054,37.661],[152.46,19.9786,-56.2165],[-19.4987,107.768,43.373],0.604619,0,0.59291,[[0.800818,0.094108,-0.591468],[0.0364342,0.978093,0.204954],[0.597799,-0.18568,0.779846]],63.72,[167.49,35.5766,297.957],[6.08436,85.7102,87.3987]]],[[430,[0.443185,-0.197641,-0.874371],43,52.1164,[-13.1605,64.2002,1.30809],[-6.73417,63.1129,-1.41935],[125.212,22.6423,-73.5471],false,[-22.3653,74.6322,90.3911],[-22.3653,74.6322,90.3911],[-33.1595,74.2495,41.6561],[-18.0489,67.5108,11.8439],[-3.96081,61.9663,-6.00305],[[[0.429106,0.896207,0.11261],[-0.718255,0.26296,0.644175],[0.547703,-0.357302,0.756543]],[[0.28624,0.955531,-0.0709026],[-0.933438,0.294791,0.204431],[0.216241,0.00766699,0.97631]],[[0.28624,0.955531,-0.0709026],[-0.849502,0.218857,-0.48005],[-0.443185,0.197641,0.874371]],[[0.28624,0.955531,-0.0709026],[-0.745459,0.175598,-0.643006],[-0.601962,0.236909,0.762572]]],0],[431,[-0.0232523,0.404627,-0.914186],43,58.8075,[-50.8065,154.13,-47.9299],[-38.4129,150.778,-52.2872],[172.443,20.7262,-60.7033],false,[-14.5371,96.7632,87.1011],[-36.5462,115.057,19.3262],[-37.4384,136.481,-17.9027],[-38.0005,146.261,-39.999],[-38.431,151.715,-56.1848],[[[0.954025,0.0593105,-0.293799],[0.0184168,0.966774,0.25497],[0.299159,-0.248659,0.921234]],[[0.999479,-0.0110459,-0.0303107],[0.0246866,0.866726,0.498173],[0.0207683,-0.498662,0.866548]],[[0.999479,-0.0110459,-0.0303107],[0.0223626,0.914415,0.40416],[0.0232523,-0.404627,0.914186]],[[0.999479,-0.0110459,-0.0303107],[0.0201406,0.94761,0.318794],[0.0252014,-0.319239,0.947339]]],1],[432,[-0.355085,0.510888,-0.782885],43,67.0064,[-59.316,168.794,-48.7384],[-46.1431,166.077,-52.8077],[179.169,26.4411,-63.0593],false,[-3.06119,99.2778,83.4137],[-14.6283,116.934,16.9154],[-30.6019,144.768,-19.0488],[-40.6992,159.295,-41.3112],[-47.7314,167.735,-56.5577],[[[0.96846,-0.140516,-0.205768],[0.186005,0.957189,0.221793],[0.165794,-0.253071,0.953136]],[[0.890813,-0.0690453,-0.449094],[0.310848,0.813498,0.491522],[0.3314,-0.577454,0.746137]],[[0.890813,-0.0690453,-0.449094],[0.283491,0.85687,0.430588],[0.355085,-0.510888,0.782885]],[[0.890813,-0.0690453,-0.449094],[0.257716,0.890799,0.374246],[0.374212,-0.449122,0.811329]]],2],[433,[-0.0806099,-0.601031,0.79515],43,64.4285,[-16.7675,63.1892,40.7497],[-4.96405,57.6771,37.6996],[130.205,13.3782,-63.7469],false,[8.80949,98.6295,80.316],[7.83206,114.243,19.661],[-3.77971,75.2125,1.2756],[-6.01276,58.5627,23.3028],[-4.66472,57.2092,41.8889],[[[0.965506,-0.24798,-0.079394],[0.259912,0.936148,0.236796],[0.0156039,-0.249263,0.96831]],[[0.965332,-0.245777,-0.0879132],[0.0243373,0.420077,-0.907162],[0.25989,0.873573,0.411495]],[[0.965332,-0.245777,-0.0879132],[-0.248268,-0.760497,-0.600007],[0.0806099,0.601031,-0.79515]],[[0.965332,-0.245777,-0.0879132],[-0.250857,-0.966616,-0.0521969],[-0.0721496,0.0724409,-0.99476]]],3],[434,[-0.240307,-0.551057,0.799117],43,50.5107,[-2.36181,71.8646,40.7773],[9.04252,66.1605,36.8625],[134.055,8.18947,-64.7135],false,[20.4041,90.7561,77.8397],[27.7342,106.928,22.64],[13.8913,77.8689,8.00441],[9.19118,67.0909,23.6342],[8.94187,65.7955,40.8204],[[[0.904517,-0.42641,-0.00481588],[0.40727,0.860458,0.306176],[-0.126413,-0.278903,0.951963]],[[0.906263,-0.422302,-0.0186845],[0.15944,0.382428,-0.910125],[0.391493,0.821834,0.413912]],[[0.906263,-0.422302,-0.0186845],[-0.347765,-0.71972,-0.600885],[0.240307,0.551057,-0.799117]],[[0.906263,-0.422302,-0.0186845],[-0.422467,-0.903335,-0.0742173],[0.0144638,0.0751539,-0.997067]]],4]],[[0,200,0],[235.247,235.247,147.751]]],[79326,4039971085,[[43,"right",[-0.121756,0.396537,-0.909909],[-0.0689744,-0.917893,-0.390787],[-7.26962,103.435,37.1943],[155.267,26.3256,-55.5696],[-18.4999,107.414,42.8684],0.607683,0,0.595327,[[0.803571,0.0854041,-0.58905],[0.0432223,0.978667,0.200856],[0.593638,-0.186862,0.782737]],63.72,[167.433,35.4185,298.296],[7.15091,85.8713,86.9572]]],[[430,[0.449525,-0.201836,-0.870167],43,52.1164,[-11.9765,64.0827,0.718612],[-5.34596,63.4201,-1.98804],[139.36,23.1789,-70.2669],false,[-21.4049,75.0339,89.8161],[-21.4049,75.0339,89.8161],[-31.7903,74.6676,40.9921],[-16.4635,67.7858,11.3233],[-2.42441,62.162,-6.53747],[[[0.436372,0.892258,0.116],[-0.718512,0.267957,0.641825],[0.54159,-0.363422,0.758027]],[[0.293428,0.953446,-0.0695689],[-0.933068,0.301473,0.196211],[0.20805,0.00733881,0.978091]],[[0.293428,0.953446,-0.0695689],[-0.843699,0.224058,-0.487822],[-0.449525,0.201836,0.870167]],[[0.293428,0.953446,-0.0695689],[-0.744352,0.182201,-0.642451],[-0.599867,0.240297,0.763163]]],0],[431,[-0.0163214,0.400695,-0.916066],43,58.8075,[-49.2436,153.78,-48.487],[-36.2292,151.283,-52.9185],[193.07,27.2051,-65.6389],false,[-13.3731,97.1025,86.5989],[-34.9541,115.711,18.7722],[-35.5202,137.037,-18.5197],[-35.9147,146.722,-40.6613],[-36.2376,152.085,-56.88],[[[0.955661,0.051615,-0.28991],[0.0257448,0.966104,0.256868],[0.293342,-0.252942,0.921939]],[[0.999459,-0.0196175,-0.0263881],[0.0301265,0.86789,0.495842],[0.0131748,-0.496369,0.868012]],[[0.999459,-0.0196175,-0.0263881],[0.0285445,0.916002,0.400158],[0.0163214,-0.400695,0.916066]],[[0.999459,-0.0196175,-0.0263881],[0.0269062,0.949243,0.313391],[0.0189007,-0.313932,0.949257]]],1],[432,[-0.347433,0.511897,-0.785654],43,67.0064,[-57.5966,168.523,-49.2956],[-43.8168,166.717,-53.4666],[202.721,36.4343,-68.3063],false,[-1.86134,99.5248,82.9617],[-13.0115,117.404,16.4516],[-28.6042,145.276,-19.6496],[-38.484,159.832,-41.9907],[-45.377,168.296,-57.2874],[[[0.968021,-0.148491,-0.202201],[0.193374,0.955133,0.224336],[0.159817,-0.256262,0.953304]],[[0.892555,-0.0763188,-0.444433],[0.314157,0.812279,0.491434],[0.323498,-0.578254,0.74898]],[[0.892555,-0.0763188,-0.444433],[0.287464,0.85565,0.43038],[0.347433,-0.511897,0.785654]],[[0.892555,-0.0763188,-0.444433],[0.262294,0.889562,0.374007],[0.366807,-0.450394,0.814001]]],2],[433,[-0.0895122,-0.60346,0.792353],43,64.4285,[-16.1502,62.9297,40.5684],[-3.95612,57.9837,37.1063],[126.184,18.7545,-65.803],false,[10.0155,98.7797,79.9097],[9.41374,114.514,19.281],[-2.45969,75.6391,0.73281],[-4.93936,58.9221,22.6826],[-3.68831,57.4802,41.2688],[[[0.963638,-0.256161,-0.076043],[0.267037,0.933428,0.239591],[0.00960687,-0.251185,0.967891]],[[0.963517,-0.253941,-0.0845543],[0.0318516,0.422462,-0.905821],[0.265746,0.87008,0.415138]],[[0.963517,-0.253941,-0.0845543],[-0.252236,-0.755877,-0.604175],[0.0895122,0.60346,-0.792353]],[[0.963517,-0.253941,-0.0845543],[-0.259137,-0.964136,-0.05735],[-0.0669583,0.0771689,-0.994767]]],3],[434,[-0.248837,-0.552144,0.79575],43,50.5107,[-1.72676,71.5793,40.5506],[10.1284,66.3586,36.3565],[131.51,11.6055,-63.7548],false,[21.5515,90.8111,77.4645],[29.24,107.022,22.3248],[15.2107,78.1251,7.54532],[10.3437,67.3259,23.1092],[10.0005,65.9622,40.2886],[[[0.900816,-0.434196,-0.0020441],[0.413459,0.856339,0.30941],[-0.132594,-0.279567,0.950926]],[[0.902678,-0.430016,-0.0160988],[0.166582,0.38369,-0.908313],[0.396766,0.817232,0.417981]],[[0.902678,-0.430016,-0.0160988],[-0.351074,-0.714299,-0.605412],[0.248837,0.552144,-0.79575]],[[0.902678,-0.430016,-0.0160988],[-0.429856,-0.899348,-0.079975],[0.0199121,0.0791118,-0.996667]]],4]],[[0,200,0],[235.247,235.247,147.751]]],[79327,4039979813,[[43,"right",[-0.11323,0.393219,-0.912446],[-0.0778271,-0.919041,-0.386403],[-5.71567,103.666,36.8887],[161.36,26.37,-50.0706],[-17.281,107.056,42.2983],0.608163,0,0.602119,[[0.806011,0.0731369,-0.587365],[0.0535124,0.979269,0.195368],[0.589477,-0.1889,0.785388]],63.72,[167.444,35.1916,298.858],[8.28541,86.1946,86.8035]]],[[430,[0.45368,-0.212866,-0.865369],43,52.1164,[-10.4536,63.9272,0.072637],[-3.98258,63.3223,-2.14792],[146.871,11.8434,-56.187],false,[-20.4053,75.7005,89.5918],[-20.4053,75.7005,89.5918],[-30.3838,75.0522,40.686],[-14.9153,67.7945,11.1807],[-0.988939,61.9419,-6.69476],[[[0.446097,0.887775,0.113372],[-0.718166,0.279488,0.637278],[0.534074,-0.365708,0.762249]],[[0.303541,0.9499,-0.0745239],[-0.931614,0.312285,0.185941],[0.199898,0.0129869,0.979731]],[[0.303541,0.9499,-0.0745239],[-0.837877,0.228865,-0.495564],[-0.45368,0.212866,0.865369]],[[0.303541,0.9499,-0.0745239],[-0.744162,0.187496,-0.641146],[-0.595051,0.250072,0.763792]]],0],[431,[-0.00805156,0.391614,-0.920094],43,58.8075,[-47.1782,153.359,-49.2166],[-33.7413,151.123,-53.7121],[217.105,12.5393,-73.5186],false,[-12.1063,97.6586,86.2975],[-33.1768,116.165,18.2824],[-33.3481,137.144,-19.2087],[-33.5427,146.61,-41.4477],[-33.7392,151.806,-57.723],[[[0.957443,0.0391486,-0.285956],[0.0357374,0.967054,0.252051],[0.286402,-0.251543,0.9245]],[[0.999271,-0.031189,-0.0220192],[0.0379697,0.872101,0.487851],[0.00398738,-0.488331,0.872649]],[[0.999271,-0.031189,-0.0220192],[0.0373198,0.919601,0.391077],[0.00805156,-0.391614,0.920094]],[[0.999271,-0.031189,-0.0220192],[0.0364057,0.952132,0.303513],[0.0114989,-0.304093,0.952573]]],1],[432,[-0.339778,0.503389,-0.794449],43,67.0064,[-55.3589,168.153,-50.0727],[-41.2243,166.381,-54.5573],[226.144,10.57,-86.8136],false,[-0.551752,99.9298,82.6988],[-11.2062,117.593,16.0499],[-26.3895,145.135,-20.4768],[-36.0516,159.449,-43.068],[-42.8132,167.728,-58.5241],[[[0.967119,-0.160632,-0.197174],[0.203369,0.953993,0.220314],[0.152713,-0.253169,0.955293]],[[0.89408,-0.0892314,-0.438929],[0.318425,0.815806,0.482769],[0.315003,-0.5714,0.757809]],[[0.89408,-0.0892314,-0.438929],[0.291842,0.85944,0.419751],[0.339778,-0.503389,0.794449]],[[0.89408,-0.0892314,-0.438929],[0.266749,0.893297,0.361754],[0.359814,-0.440521,0.822481]]],2],[433,[-0.100347,-0.599481,0.794074],43,64.4285,[-15.4322,62.6592,40.3677],[-2.93699,58.1462,37.0086],[123.426,18.3883,-51.6589],false,[11.3289,99.0328,79.703],[11.1717,114.461,18.9928],[-1.06561,75.6419,0.564022],[-3.84542,59.035,22.5615],[-2.70166,57.6436,41.1584],[[[0.96095,-0.267593,-0.070489],[0.27671,0.931522,0.236004],[0.002509,-0.246293,0.969192]],[[0.960891,-0.26543,-0.0789574],[0.040881,0.417961,-0.907545],[0.273891,0.868824,0.412466]],[[0.960891,-0.26543,-0.0789574],[-0.258105,-0.755096,-0.602671],[0.100347,0.599481,-0.794074]],[[0.960891,-0.26543,-0.0789574],[-0.270074,-0.961249,-0.055313],[-0.061216,0.0744741,-0.995342]]],3],[434,[-0.259682,-0.547795,0.79529],43,50.5107,[-0.976966,71.2694,40.2969],[11.2407,66.3459,36.2421],[130.178,7.49369,-51.4901],false,[22.783,90.9198,77.3493],[30.8971,106.757,22.1621],[16.6134,77.9776,7.39771],[11.5344,67.2634,22.9526],[11.0791,65.9382,40.1324],[[[0.895763,-0.444512,0.00413893],[0.421932,0.853118,0.30686],[-0.139934,-0.273127,0.951746]],[[0.897766,-0.440355,-0.0101734],[0.175592,0.378977,-0.908594],[0.403959,0.813919,0.417556]],[[0.897766,-0.440355,-0.0101734],[-0.355782,-0.711342,-0.606144],[0.259682,0.547795,-0.79529]],[[0.897766,-0.440355,-0.0101734],[-0.439679,-0.894526,-0.0806507],[0.0264145,0.0768785,-0.996691]]],4]],[[0,200,0],[235.247,235.247,147.751]]],[79328,4039988452,[[43,"right",[-0.101149,0.387553,-0.916281],[-0.0865347,-0.920942,-0.379971],[-3.81495,103.754,36.785],[176.914,22.0711,-39.976],[-15.781,106.689,41.6841],0.607248,0,0.608567,[[0.808324,0.0600134,-0.585671],[0.0646215,0.979736,0.189582],[0.58518,-0.19109,0.788066]],63.72,[167.574,34.8985,299.718],[9.57584,86.4929,86.9399]]],[[430,[0.457372,-0.22563,-0.860176],43,52.1164,[-8.50983,63.6931,-0.552912],[-2.29326,63.0344,-2.02818],[160.549,-1.17101,-38.5492],false,[-19.267,76.3853,89.5834],[-19.267,76.3853,89.5834],[-28.7253,75.3809,40.5803],[-13.1309,67.6879,11.2521],[0.704573,61.556,-6.60025],[[[0.456478,0.882899,0.110081],[-0.719457,0.293491,0.629479],[0.523459,-0.366542,0.76918]],[[0.31548,0.945531,-0.0802726],[-0.929823,0.32491,0.17281],[0.189479,0.0201212,0.981679]],[[0.31548,0.945531,-0.0802726],[-0.831434,0.234654,-0.503641],[-0.457372,0.22563,0.860176]],[[0.31548,0.945531,-0.0802726],[-0.742288,0.193195,-0.641627],[-0.591169,0.262006,0.762805]]],0],[431,[0.00381784,0.380703,-0.924689],43,58.8075,[-44.3729,152.802,-50.1552],[-30.5403,150.625,-54.5003],[257.332,-8.09135,-79.0183],false,[-10.6637,98.2102,86.1867],[-30.9699,116.455,17.8693],[-30.5937,136.992,-19.8647],[-30.5014,146.194,-42.2149],[-30.5099,151.198,-58.5514],[[[0.960048,0.0247945,-0.278736],[0.0461008,0.968444,0.244931],[0.276013,-0.247995,0.928609]],[[0.998933,-0.0440124,-0.0139959],[0.0453466,0.877243,0.477899],[-0.00875567,-0.478024,0.878303]],[[0.998933,-0.0440124,-0.0139959],[0.0460261,0.923649,0.380465],[-0.00381784,-0.380703,0.924689]],[[0.998933,-0.0440124,-0.0139959],[0.0461816,0.955143,0.292522],[0.000493497,-0.292857,0.956156]]],1],[432,[-0.331339,0.490449,-0.806024],43,67.0064,[-52.4633,167.575,-51.1196],[-38.0549,165.501,-55.764],[259.667,-25.9219,-103.796],false,[0.946364,100.307,82.6614],[-8.96628,117.588,15.7981],[-23.6949,144.621,-21.2902],[-33.117,158.568,-44.2106],[-39.7342,166.566,-59.8753],[[[0.966491,-0.1744,-0.188358],[0.213793,0.953014,0.214609],[0.14208,-0.247688,0.958365]],[[0.896092,-0.103843,-0.431551],[0.32194,0.821376,0.470846],[0.305572,-0.560854,0.76946]],[[0.896092,-0.103843,-0.431551],[0.295353,0.865261,0.40508],[0.331339,-0.490449,0.806024]],[[0.896092,-0.103843,-0.431551],[0.270232,0.898931,0.344815],[0.352128,-0.425605,0.833587]]],2],[433,[-0.114731,-0.59364,0.79651],43,64.4285,[-14.5751,62.3671,40.1618],[-1.63303,58.1633,37.2143],[130.445,13.6359,-32.4212],false,[12.8375,99.2361,79.7657],[13.3465,114.195,18.9401],[0.761935,75.4146,0.664319],[-2.41635,58.9696,22.7292],[-1.44678,57.6684,41.3426],[[[0.95798,-0.280291,-0.0609124],[0.286719,0.929737,0.231045],[-0.00812731,-0.238801,0.971035]],[[0.958015,-0.278205,-0.0693517],[0.0536028,0.411401,-0.909877],[0.281663,0.867958,0.409041]],[[0.958015,-0.278205,-0.0693517],[-0.262763,-0.755112,-0.600634],[0.114731,0.59364,-0.79651]],[[0.958015,-0.278205,-0.0693517],[-0.281984,-0.957994,-0.0522843],[-0.0518927,0.0696452,-0.996221]]],3],[434,[-0.27336,-0.539944,0.796074],43,50.5107,[-0.0645633,70.92,40.0369],[12.6579,66.1869,36.5125],[139.031,0.241595,-30.2059],false,[24.2052,90.9606,77.5638],[32.9471,106.266,22.3226],[18.4196,77.5729,7.62895],[13.073,67.0122,23.1992],[12.4546,65.7905,40.3815],[[[0.88997,-0.455787,0.0145513],[0.430377,0.850049,0.303633],[-0.150761,-0.263961,0.952678]],[[0.89217,-0.451699,-0.0000105136],[0.187697,0.370749,-0.909569],[0.410856,0.811488,0.415553]],[[0.89217,-0.451699,-0.0000105136],[-0.359592,-0.710231,-0.605199],[0.27336,0.539944,-0.796074]],[[0.89217,-0.451699,-0.0000105136],[-0.450273,-0.88935,-0.079442],[0.0358745,0.0708805,-0.996839]]],4]],[[0,200,0],[235.247,235.247,147.751]]],[79329,4039997149,[[43,"right",[-0.0912979,0.382253,-0.919537],[-0.0988063,-0.922314,-0.373597],[-1.70216,103.902,36.7899],[194.521,20.7437,-29.1635],[-13.8915,106.315,41.0273],0.604089,0,0.61754,[[0.810378,0.0436155,-0.584282],[0.0785465,0.980137,0.182107],[0.580619,-0.193468,0.790855]],63.72,[167.975,34.5761,300.66],[11.2082,86.8126,87.129]]],[[430,[0.45465,-0.238508,-0.858142],43,52.1164,[-6.20082,63.3994,-1.1271],[-0.699039,62.8223,-1.90721],[166.286,-8.2778,-26.8117],false,[-17.7954,77.1613,89.7181],[-17.7954,77.1613,89.7181],[-26.8378,75.7912,40.6454],[-11.3363,67.6591,11.3866],[2.22486,61.2504,-6.57872],[[[0.469299,0.876697,0.105642],[-0.71766,0.308962,0.624104],[0.514511,-0.368706,0.774166]],[[0.329207,0.940249,-0.0869129],[-0.926719,0.339378,0.161288],[0.181148,0.0274467,0.983073]],[[0.329207,0.940249,-0.0869129],[-0.827597,0.242991,-0.506003],[-0.45465,0.238508,0.858142]],[[0.329207,0.940249,-0.0869129],[-0.745563,0.202347,-0.634974],[-0.579447,0.273837,0.767629]]],0],[431,[0.0130603,0.368325,-0.929605],43,58.8075,[-40.6866,152.087,-51.2968],[-27.3433,150.168,-55.0994],[285.986,-22.8027,-77.4951],false,[-8.84829,98.8282,86.1999],[-28.5795,116.872,17.661],[-27.7505,136.909,-20.3336],[-27.4348,145.812,-42.8026],[-27.3059,150.597,-59.2038],[[[0.961513,0.00823913,-0.274635],[0.059682,0.969422,0.238033],[0.268198,-0.245263,0.93162]],[[0.998205,-0.0591436,-0.00940962],[0.0566933,0.8826,0.466694],[-0.019297,-0.46639,0.884369]],[[0.998205,-0.0591436,-0.00940962],[0.058446,0.927814,0.368436],[-0.0130603,-0.368325,0.929605]],[[0.998205,-0.0591436,-0.00940962],[0.0594101,0.958152,0.280028],[-0.007546,-0.280084,0.959946]]],1],[432,[-0.323911,0.481913,-0.814151],43,67.0064,[-48.7778,166.825,-52.4006],[-34.8354,164.93,-56.6162],[286.11,-39.9851,-103.251],false,[2.80735,100.723,82.711],[-6.55252,117.657,15.6796],[-20.8827,144.308,-21.8388],[-30.0936,158.012,-44.9903],[-36.5846,165.843,-60.7917],[[[0.964551,-0.190357,-0.182772],[0.227252,0.951238,0.208572],[0.134157,-0.242714,0.960777]],[[0.895916,-0.120271,-0.427632],[0.330067,0.824503,0.45962],[0.297305,-0.552929,0.778383]],[[0.895916,-0.120271,-0.427632],[0.304,0.867925,0.392797],[0.323911,-0.481913,0.814151]],[[0.895916,-0.120271,-0.427632],[0.279331,0.901046,0.331798],[0.345411,-0.416714,0.840857]]],2],[433,[-0.128003,-0.588286,0.798458],43,64.4285,[-13.5271,62.0484,39.9504],[-0.233169,58.2342,37.471],[138.218,11.6464,-17.0956],false,[14.6933,99.4518,79.8762],[15.6926,113.951,18.9456],[2.60775,75.266,0.820077],[-0.938188,58.9693,22.939],[-0.0857483,57.7382,41.5629],[[[0.953886,-0.295163,-0.0545936],[0.299745,0.926985,0.225502],[-0.0159522,-0.231467,0.972712]],[[0.953989,-0.29314,-0.0630428],[0.0643361,0.405474,-0.91184],[0.292859,0.865829,0.405677]],[[0.953989,-0.29314,-0.0630428],[-0.271147,-0.75365,-0.598741],[0.128003,0.588286,-0.798458]],[[0.953989,-0.29314,-0.0630428],[-0.296351,-0.953796,-0.0494844],[-0.0456241,0.0658904,-0.996783]]],3],[434,[-0.286425,-0.533195,0.79603],43,50.5107,[1.06819,70.5191,39.764],[14.1802,66.0398,36.7585],[148.352,-4.98472,-16.2552],false,[25.944,90.9895,77.7856],[35.1561,105.753,22.4732],[20.2817,77.2159,7.82184],[14.6796,66.7873,23.3912],[13.9398,65.6391,40.5738],[[[0.882902,-0.469049,0.0218502],[0.441865,0.845676,0.299311],[-0.158869,-0.254607,0.953906]],[[0.885262,-0.46504,0.00703994],[0.198375,0.363855,-0.910086],[0.420665,0.807061,0.414359]],[[0.885262,-0.46504,0.00703994],[-0.366432,-0.706711,-0.605216],[0.286425,0.533195,-0.79603]],[[0.885262,-0.46504,0.00703994],[-0.463109,-0.88278,-0.0789298],[0.0429202,0.0666133,-0.996855]]],4]],[[0,200,0],[235.247,235.247,147.751]]],[79330,4040005753,[[43,"right",[-0.0843196,0.386968,-0.91823],[-0.104665,-0.919853,-0.378041],[0.663659,103.755,37.022],[215.78,10.7433,-14.3265],[-11.554,105.904,40.3841],0.598377,0,0.586519,[[0.813023,0.0347077,-0.581196],[0.084643,0.980571,0.176963],[0.576046,-0.193069,0.794289]],63.72,[168.755,34.2145,301.798],[13.2227,86.3431,87.3396]]],[[430,[0.452017,-0.237462,-0.859821],43,52.1164,[-3.43956,63.1394,-1.70753],[1.40232,62.8086,-2.06579],[186.194,-6.711,-26.8785],false,[-15.8686,76.9156,89.7647],[-15.8686,76.9156,89.7647],[-24.4913,75.707,40.6123],[-9.07945,67.6106,11.2962],[4.25061,61.2386,-6.85415],[[[0.475908,0.872406,0.111445],[-0.717777,0.312043,0.622435],[0.50824,-0.376214,0.774697]],[[0.336601,0.93806,-0.0821148],[-0.925668,0.345625,0.153889],[0.172738,0.024212,0.98467]],[[0.336601,0.93806,-0.0821148],[-0.826063,0.252299,-0.503949],[-0.452017,0.237462,0.859821]],[[0.336601,0.93806,-0.0821148],[-0.749858,0.214276,-0.625939],[-0.569573,0.272266,0.775537]]],0],[431,[0.0189334,0.366092,-0.930386],43,58.8075,[-36.2836,151.387,-52.3772],[-24.2666,150.244,-54.9397],[303.896,-17.2962,-53.588],false,[-6.73214,98.5245,86.379],[-26.027,117.025,17.8375],[-24.9181,136.976,-20.1953],[-24.4604,145.825,-42.6831],[-24.2414,150.572,-59.0945],[[[0.962702,0.00165439,-0.27056],[0.0664957,0.967864,0.242522],[0.262267,-0.251467,0.931655]],[[0.997733,-0.0670268,-0.00607],[0.0621548,0.883093,0.465062],[-0.0258112,-0.464385,0.885257]],[[0.997733,-0.0670268,-0.00607],[0.064583,0.928162,0.366531],[-0.0189334,-0.366092,0.930386]],[[0.997733,-0.0670268,-0.00607],[0.0660686,0.958288,0.278064],[-0.0128209,-0.277835,0.960543]]],1],[432,[-0.318014,0.481907,-0.816475],43,67.0064,[-44.3925,166.093,-53.6271],[-31.7007,164.986,-56.5098],[306.049,-30.0248,-74.157],false,[4.95307,100.34,82.9473],[-3.9862,117.64,15.9519],[-18.0223,144.285,-21.6818],[-27.0655,157.989,-44.8995],[-33.449,165.824,-60.7424],[[[0.963748,-0.197357,-0.179556],[0.234036,0.948454,0.213685],[0.128128,-0.247961,0.96026]],[[0.897018,-0.125888,-0.423688],[0.332505,0.823751,0.459212],[0.291204,-0.552799,0.780777]],[[0.897018,-0.125888,-0.423688],[0.306963,0.867132,0.392245],[0.318014,-0.481907,0.816475]],[[0.897018,-0.125888,-0.423688],[0.28279,0.900168,0.331251],[0.33969,-0.416953,0.843067]]],2],[433,[-0.136481,-0.591817,0.794434],43,64.4285,[-12.1971,61.6792,39.7156],[1.75039,58.0411,37.4681],[162.477,2.44937,-13.0944],false,[16.8403,98.9851,80.1569],[18.2143,113.74,19.295],[4.89621,75.2541,0.917703],[1.11541,58.8596,22.9251],[1.87103,57.5122,41.5451],[[[0.951695,-0.302628,-0.0518828],[0.306259,0.923543,0.230812],[-0.0219343,-0.235552,0.971614]],[[0.951851,-0.300557,-0.0603764],[0.0716162,0.409505,-0.909492],[0.298079,0.861377,0.411313]],[[0.951851,-0.300557,-0.0603764],[-0.274505,-0.747943,-0.604342],[0.136481,0.591817,-0.794434]],[[0.951851,-0.300557,-0.0603764],[-0.303882,-0.951033,-0.0564886],[-0.0404419,0.072116,-0.996576]]],3],[434,[-0.296084,-0.538382,0.788973],43,50.5107,[2.50885,70.0441,39.4556],[16.2137,65.7095,36.7451],[171.297,-14.4504,-14.5095],false,[28.0311,90.4413,78.0765],[37.5959,105.37,22.8684],[22.5853,77.0755,7.88883],[16.7943,66.5454,23.3202],[15.936,65.2554,40.4872],[[[0.878988,-0.476265,0.0235008],[0.447405,0.840767,0.30486],[-0.164953,-0.257454,0.952107]],[[0.881463,-0.472175,0.00858907],[0.206905,0.369776,-0.90579],[0.424516,0.800198,0.423639]],[[0.881463,-0.472175,0.00858907],[-0.367909,-0.697993,-0.614368],[0.296084,0.538382,-0.788973]],[[0.881463,-0.472175,0.00858907],[-0.469621,-0.878322,-0.0894778],[0.0497932,0.0748378,-0.995952]]],4]],[[0,200,0],[235.247,235.247,147.751]]],[79331,4040014486,[[43,"right",[-0.0791352,0.388295,-0.918131],[-0.110417,-0.918766,-0.379047],[3.15399,103.758,36.9289],[234.35,7.96167,-13.3479],[-8.66111,105.482,39.7045],0.596965,0,0.588904,[[0.816304,0.0262191,-0.577026],[0.0908519,0.980707,0.173088],[0.570432,-0.193716,0.798174]],63.72,[169.473,33.912,302.771],[15.4564,86.2153,87.2644]]],[[430,[0.447434,-0.2387,-0.861873],43,52.1164,[-0.277141,62.9501,-2.3398],[3.57911,62.8318,-2.3935],[202.07,-3.99388,-31.3665],false,[-13.7091,76.9989,89.6075],[-13.7091,76.9989,89.6075],[-22.0386,75.8005,40.4043],[-6.78305,67.6619,11.0182],[6.34916,61.2623,-7.26615],[[[0.481985,0.868815,0.113363],[-0.71707,0.316795,0.620848],[0.503489,-0.380529,0.775691]],[[0.343338,0.93572,-0.0809121],[-0.92427,0.351925,0.147896],[0.166864,0.0240065,0.985688]],[[0.343338,0.93572,-0.0809121],[-0.825786,0.25971,-0.500628],[-0.447434,0.2387,0.861873]],[[0.343338,0.93572,-0.0809121],[-0.75317,0.222836,-0.618934],[-0.561119,0.273444,0.781264]]],0],[431,[0.0228044,0.361755,-0.931994],43,58.8075,[-31.3343,150.713,-53.4477],[-21.2638,150.175,-55.2043],[313.515,-16.6045,-48.2247],false,[-4.4063,98.543,86.2625],[-23.3897,117.238,17.6868],[-22.0873,137.009,-20.4339],[-21.5361,145.752,-42.9606],[-21.2607,150.426,-59.3922],[[[0.963378,-0.00517238,-0.268096],[0.0729472,0.967162,0.243469],[0.258033,-0.25411,0.93212]],[[0.99724,-0.0741164,-0.00436751],[0.0677736,0.884723,0.461164],[-0.0303157,-0.460187,0.887304]],[[0.99724,-0.0741164,-0.00436751],[0.070656,0.929323,0.362446],[-0.0228044,-0.361755,0.931994]],[[0.99724,-0.0741164,-0.00436751],[0.0724739,0.958995,0.274002],[-0.0161196,-0.273562,0.961719]]],1],[432,[-0.313744,0.478841,-0.819925],43,67.0064,[-39.4281,165.361,-54.8735],[-28.6337,164.843,-56.8843],[317.599,-28.3728,-66.8853],false,[7.30062,100.276,82.8622],[-1.34023,117.693,15.8581],[-15.1515,144.213,-21.9473],[-24.0732,157.829,-45.263],[-30.3823,165.602,-61.1667],[[[0.962736,-0.204257,-0.17725],[0.240415,0.94655,0.215045],[0.123851,-0.249645,0.960384]],[[0.89748,-0.132368,-0.420724],[0.3353,0.824481,0.455856],[0.286538,-0.55019,0.784338]],[[0.89748,-0.132368,-0.420724],[0.309992,0.867865,0.388221],[0.313744,-0.478841,0.819925]],[[0.89748,-0.132368,-0.420724],[0.286033,0.900787,0.326754],[0.335731,-0.413596,0.8463]]],2],[433,[-0.144003,-0.594758,0.790902],43,64.4285,[-10.464,61.2521,39.4136],[3.87837,57.9704,37.1939],[183.843,-0.933701,-19.9235],false,[19.1847,98.8362,80.1011],[20.8225,113.629,19.2548],[7.28112,75.3151,0.681166],[3.29196,58.8391,22.5907],[3.96907,57.4028,41.2071],[[[0.949588,-0.309538,-0.0496925],[0.312409,0.921097,0.232337],[-0.0261454,-0.236149,0.971365]],[[0.949782,-0.307441,-0.0582653],[0.0778421,0.41249,-0.90763],[0.303077,0.857515,0.415707]],[[0.949782,-0.307441,-0.0582653],[-0.27781,-0.742794,-0.609163],[0.144003,0.594758,-0.790902]],[[0.949782,-0.307441,-0.0582653],[-0.310808,-0.948457,-0.0618717],[-0.0362402,0.0768739,-0.996382]]],3],[434,[-0.302866,-0.53826,0.786479],43,50.5107,[4.38931,69.4931,39.0905],[18.4108,65.5727,36.6085],[192.641,-14.9501,-15.3508],false,[30.318,90.2124,78.0424],[40.1332,105.114,22.871],[24.9647,76.9588,7.78844],[19.041,66.4311,23.171],[18.1121,65.1045,40.3316],[[[0.87542,-0.482698,0.0253653],[0.452756,0.837234,0.306679],[-0.16927,-0.256988,0.951475]],[[0.877953,-0.47863,0.0105208],[0.212538,0.369979,-0.904402],[0.428982,0.796259,0.426552]],[[0.877953,-0.47863,0.0105208],[-0.37077,-0.693678,-0.617528],[0.302866,0.53826,-0.786479]],[[0.877953,-0.47863,0.0105208],[-0.475703,-0.874637,-0.0933666],[0.05389,0.0769668,-0.995576]]],4]],[[0,200,0],[235.247,235.247,147.751]]],[79332,4040023135,[[43,"right",[-0.0734841,0.392171,-0.916953],[-0.0951502,-0.918001,-0.384994],[6.31409,103.736,36.5393],[269.129,5.16667,-21.7601],[-5.07311,105.063,38.9461],0.584354,0,0.593078,[[0.823808,0.0402482,-0.565438],[0.0774847,0.980119,0.182656],[0.561548,-0.194286,0.804311]],63.72,[169.879,33.618,304.083],[18.2607,86.0752,86.9193]]],[[430,[0.440252,-0.22327,-0.869672],43,52.1164,[3.63037,63.0695,-3.52684],[6.9279,63.1659,-3.53443],[242.663,9.95173,-63.1592],false,[-10.8167,76.4996,88.886],[-10.8167,76.4996,88.886],[-18.554,75.3929,39.5841],[-3.54337,67.7804,9.93216],[9.36894,61.7722,-8.63939],[[[0.470244,0.873886,0.123261],[-0.727726,0.304941,0.61435],[0.499284,-0.378595,0.779347]],[[0.332208,0.940358,-0.0732446],[-0.930383,0.339463,0.138392],[0.155002,0.0221707,0.987665]],[[0.332208,0.940358,-0.0732446],[-0.834156,0.256665,-0.488166],[-0.440252,0.22327,0.869672]],[[0.332208,0.940358,-0.0732446],[-0.765009,0.223207,-0.604102],[-0.551724,0.25672,0.793534]]],0],[431,[0.0280291,0.360881,-0.93219],43,58.8075,[-25.9455,150.054,-54.5573],[-17.6739,149.951,-55.7974],[340.314,-21.4136,-54.8809],false,[-1.73568,98.1705,85.7571],[-20.1718,117,17.069],[-18.7156,136.74,-21.0618],[-18.0381,145.463,-43.5932],[-17.6499,150.123,-60.0265],[[[0.966316,0.00772585,-0.257244],[0.0586256,0.966662,0.249254],[0.250594,-0.255939,0.933648]],[[0.998054,-0.0620712,0.00597964],[0.052343,0.886013,0.460696],[-0.033894,-0.459487,0.887538]],[[0.998054,-0.0620712,0.00597964],[0.0557043,0.930544,0.361919],[-0.0280291,-0.360881,0.93219]],[[0.998054,-0.0620712,0.00597964],[0.058071,0.96009,0.273597],[-0.0227235,-0.272717,0.961826]]],1],[432,[-0.310639,0.474444,-0.823654],43,67.0064,[-34.0907,164.636,-56.1466],[-25.2039,164.535,-57.5429],[339.568,-31.6028,-70.4433],false,[9.98702,100.061,82.4979],[1.88975,117.728,15.4913],[-11.8401,144.054,-22.4786],[-20.6735,157.545,-45.9003],[-26.9007,165.231,-61.8782],[[[0.96704,-0.19183,-0.167437],[0.226636,0.948198,0.222613],[0.11606,-0.253223,0.960421]],[[0.904161,-0.119845,-0.410036],[0.31836,0.829051,0.459696],[0.284848,-0.546179,0.78775]],[[0.904161,-0.119845,-0.410036],[0.29325,0.87209,0.391745],[0.310639,-0.474444,0.823654]],[[0.904161,-0.119845,-0.410036],[0.269599,0.904634,0.330081],[0.331374,-0.408992,0.850245]]],2],[433,[-0.146881,-0.604354,0.783059],43,64.4285,[-7.89637,60.7346,38.934],[7.55794,57.8878,36.3999],[247.881,-3.73343,-41.1794],false,[21.9177,98.7773,79.8636],[24.0601,113.909,19.1166],[11.2005,75.6088,0.038884],[7.13161,58.867,21.7312],[7.59699,57.2655,40.3406],[[[0.953724,-0.297932,-0.0405803],[0.298732,0.923514,0.240584],[-0.0342012,-0.241573,0.96978]],[[0.953993,-0.295746,-0.0493082],[0.0840116,0.421536,-0.902912],[0.287818,0.857229,0.426989]],[[0.953993,-0.295746,-0.0493082],[-0.261386,-0.739791,-0.619989],[0.146881,0.604354,-0.783059]],[[0.953993,-0.295746,-0.0493082],[-0.298792,-0.951413,-0.0744035],[-0.024908,0.0857133,-0.996008]]],3],[434,[-0.306327,-0.548262,0.778185],43,50.5107,[7.11586,68.877,38.5863],[22.0135,65.702,36.1066],[252.089,-7.29883,-27.7619],false,[33.1759,90.2978,77.8861],[43.4296,105.607,22.9063],[28.7881