{"metadata":{"formatVersion":2,"generatedBy":"LeapJS Playback 0.2.1","frames":32,"protocolVersion":6,"serviceVersion":"2.2.5+26752","frameRate":"1.1e+2","modified":"Thu Apr 16 2015 19:37:51 GMT-0300 (E. South America Standard Time)"},"frames":[["id","timestamp",{"hands":[["id","type","direction","palmNormal","palmPosition","palmVelocity","stabilizedPalmPosition","pinchStrength","grabStrength","confidence","armBasis","armWidth","elbow","wrist"]]},{"pointables":[["id","direction","handId","length","stabilizedTipPosition","tipPosition","tipVelocity","tool","carpPosition","mcpPosition","pipPosition","dipPosition","btipPosition","bases","type"]]},{"interactionBox":["center","size"]}],[81303,4068023160,[[44,"right",[-0.191817,0.348034,-0.917648],[-0.314081,-0.907607,-0.278573],[-30.7392,109.634,47.8672],[62.6083,-91.4369,37.2714],[-33.1283,114.541,46.4649],1,0,0.418324,[[0.608604,-0.0343139,-0.792732],[0.293086,0.938134,0.184403],[0.737362,-0.344567,0.581009]],63.72,[187.151,-0.0616287,253.336],[-11.9364,92.9715,96.4633]]],[[440,[0.0218626,-0.323277,-0.946052],44,52.1164,[-41.9667,59.1772,14.6482],[-42.6241,59.6529,14.1725],[70.6477,-71.5574,16.2518],false,[-41.1794,88.6715,104.674],[-41.1794,88.6715,104.674],[-54.2379,78.4985,57.5812],[-53.4925,67.4761,25.325],[-38.1892,56.4679,11.4557],[[[0.617648,0.785226,-0.0439413],[-0.53299,0.459019,0.71079],[0.578301,-0.415598,0.70203]],[[0.369057,0.882054,-0.292879],[-0.891831,0.424791,0.155534],[0.261602,0.203798,0.943415]],[[0.369057,0.882054,-0.292879],[-0.92915,0.342744,-0.138592],[-0.0218626,0.323277,0.946052]],[[0.369057,0.882054,-0.292879],[-0.660476,0.027198,-0.750354],[-0.653887,0.470363,0.592613]]],0],[441,[-0.131245,0.2603,-0.956566],44,58.8075,[-69.7173,150.02,-44.0316],[-67.4251,150.042,-43.278],[96.8441,-99.0738,16.0192],false,[-29.5913,108.249,98.0162],[-58.1351,126.174,32.6218],[-63.1255,139.565,-7.8941],[-66.2977,145.857,-31.0147],[-68.75,149.561,-47.5127],[[[0.88441,-0.173012,-0.433457],[0.259397,0.954308,0.148358],[0.387984,-0.243647,0.888878]],[[0.953983,-0.229261,-0.193277],[0.27645,0.922108,0.270725],[0.116156,-0.311699,0.943054]],[[0.953983,-0.229261,-0.193277],[0.269614,0.937914,0.218233],[0.131245,-0.2603,0.956566]],[[0.953983,-0.229261,-0.193277],[0.263279,0.948914,0.173916],[0.143531,-0.216799,0.965607]]],1],[442,[-0.434244,0.373812,-0.819571],44,67.0064,[-77.0567,160.627,-47.4291],[-74.8529,160.319,-46.8241],[105.424,-123.852,4.01682],false,[-18.6054,107.909,92.4653],[-36.9998,123.002,26.88],[-56.7522,143.229,-12.1582],[-69.1005,153.859,-35.4638],[-77.6277,160.148,-50.984],[[[0.871431,-0.364473,-0.328279],[0.413638,0.905739,0.0924201],[0.26365,-0.216326,0.940049]],[[0.779569,-0.299913,-0.549841],[0.473644,0.856707,0.204242],[0.409798,-0.41965,0.809913]],[[0.779569,-0.299913,-0.549841],[0.451337,0.877677,0.161177],[0.434244,-0.373812,0.819571]],[[0.779569,-0.299913,-0.549841],[0.431705,0.89334,0.124799],[0.453766,-0.334659,0.825893]]],2],[443,[-0.301872,-0.814595,0.495286],44,64.4285,[-44.4182,68.4324,21.1632],[-42.8782,65.7998,21.7939],[47.1458,-72.0289,4.16308],false,[-7.79625,104.447,87.7641],[-15.4414,115.626,26.6057],[-35.7723,92.8549,-6.01951],[-44.1347,70.289,7.70089],[-42.5733,64.6296,25.4386],[[[0.867053,-0.459569,-0.192392],[0.483034,0.870026,0.0986495],[0.12205,-0.178466,0.976347]],[[0.86311,-0.45415,-0.220881],[0.21905,0.730756,-0.646539],[0.455036,0.50965,0.730205]],[[0.86311,-0.45415,-0.220881],[-0.404863,-0.360808,-0.840181],[0.301872,0.814595,-0.495286]],[[0.86311,-0.45415,-0.220881],[-0.498052,-0.837854,-0.223483],[-0.0835713,0.302901,-0.949351]]],3],[444,[-0.409605,-0.767308,0.493419],44,50.5107,[-25.6588,73.1975,23.2132],[-23.973,69.8411,24.1222],[49.1377,-84.1621,17.4473],false,[1.35457,94.0589,84.461],[2.73134,104.331,27.4094],[-16.6237,89.4701,1.82001],[-24.6351,74.4625,11.4707],[-23.7853,68.5348,27.6339],[[[0.783542,-0.61453,-0.0917345],[0.620885,0.768747,0.153392],[-0.0237435,-0.177146,0.983898]],[[0.776762,-0.576986,-0.252444],[0.311468,0.700325,-0.642286],[0.547384,0.420275,0.723699]],[[0.776762,-0.576986,-0.252444],[-0.478398,-0.279866,-0.832352],[0.409605,0.767308,-0.493419]],[[0.776762,-0.576986,-0.252444],[-0.627862,-0.740825,-0.238678],[-0.0493032,0.343896,-0.937713]]],4]],[[0,200,0],[235.247,235.247,147.751]]],[81304,4068031819,[[44,"right",[-0.187587,0.351522,-0.917193],[-0.314712,-0.906053,-0.282887],[-29.5812,108.89,47.9632],[81.5066,-89.9859,30.3133],[-32.689,113.841,46.6504],1,0,0.443293,[[0.607057,-0.0362354,-0.793831],[0.292248,0.939131,0.180619],[0.738967,-0.341642,0.580696]],63.72,[188.522,-0.217399,253.363],[-10.9992,92.0258,96.5748]]],[[440,[0.0243369,-0.319542,-0.947259],44,52.1164,[-40.8609,58.6061,14.5595],[-41.3954,59.0475,14.0682],[88.8746,-70.2921,8.40705],false,[-40.2819,87.7537,104.657],[-40.2819,87.7537,104.657],[-53.1576,77.7811,57.4712],[-52.3279,66.8861,25.1738],[-36.9712,55.893,11.3516],[[[0.6193,0.784192,-0.0388624],[-0.534881,0.457611,0.710278],[0.574778,-0.419088,0.702848]],[[0.372306,0.882277,-0.288056],[-0.891547,0.426234,0.153194],[0.257939,0.199781,0.94528]],[[0.372306,0.882277,-0.288056],[-0.927791,0.34566,-0.140439],[-0.0243369,0.319542,0.947259]],[[0.372306,0.882277,-0.288056],[-0.656379,0.0308714,-0.753799],[-0.656167,0.469718,0.590601]]],0],[441,[-0.132085,0.259946,-0.956547],44,58.8075,[-68.6873,149.29,-43.8899],[-66.1675,149.369,-43.2424],[107.831,-91.8641,13.6609],false,[-28.631,107.331,98.1113],[-56.8863,125.533,32.668],[-61.8929,138.971,-7.83055],[-65.0854,145.254,-30.9507],[-67.5581,148.932,-47.4514],[[[0.885761,-0.17322,-0.430608],[0.260624,0.953301,0.15262],[0.384062,-0.247411,0.889542]],[[0.953718,-0.229662,-0.194106],[0.277203,0.921644,0.271534],[0.116535,-0.312774,0.942652]],[[0.953718,-0.229662,-0.194106],[0.27014,0.937914,0.21758],[0.132085,-0.259946,0.956547]],[[0.953718,-0.229662,-0.194106],[0.263587,0.949164,0.172073],[0.144719,-0.215273,0.965771]]],1],[442,[-0.432284,0.370136,-0.822271],44,67.0064,[-75.8845,159.447,-47.4719],[-73.4548,159.328,-46.9498],[122.348,-120.038,-0.700501],false,[-17.6243,106.99,92.6019],[-35.7348,122.341,26.9975],[-55.3667,142.454,-12.1603],[-67.6593,152.979,-35.5428],[-76.1564,159.18,-51.1149],[[[0.87201,-0.365013,-0.326135],[0.414989,0.904628,0.0971163],[0.259582,-0.220029,0.940322]],[[0.782033,-0.30011,-0.546221],[0.471734,0.857796,0.20409],[0.407297,-0.417276,0.812397]],[[0.782033,-0.30011,-0.546221],[0.448948,0.879166,0.159725],[0.432284,-0.370136,0.822271]],[[0.782033,-0.30011,-0.546221],[0.428918,0.895021,0.122337],[0.452165,-0.329956,0.828659]]],2],[443,[-0.306714,-0.816402,0.4893],44,64.4285,[-43.9405,67.8613,21.1613],[-41.7246,65.1665,21.6056],[69.7327,-72.6454,-3.28104],false,[-6.80347,103.523,87.931],[-14.1895,114.925,26.7819],[-34.4041,92.338,-6.04313],[-42.9007,69.722,7.51145],[-41.4558,63.9629,25.2269],[[[0.866924,-0.460563,-0.190591],[0.484293,0.868763,0.103493],[0.117913,-0.182022,0.976199]],[[0.863205,-0.45518,-0.218379],[0.224013,0.732977,-0.642311],[0.452433,0.505526,0.734675]],[[0.863205,-0.45518,-0.218379],[-0.401004,-0.355386,-0.844332],[0.306714,0.816402,-0.4893]],[[0.863205,-0.45518,-0.218379],[-0.498896,-0.835345,-0.23087],[-0.0773342,0.308236,-0.948161]]],3],[444,[-0.414289,-0.768823,0.487109],44,50.5107,[-25.1915,72.5432,23.3121],[-22.8118,69.1744,24.0434],[71.4693,-82.215,9.63237],false,[2.34045,93.1287,84.6279],[3.95856,103.592,27.6175],[-15.3005,88.8988,1.85972],[-23.4035,73.8615,11.387],[-22.6554,67.8503,27.5243],[[[0.782728,-0.615706,-0.090788],[0.621738,0.767036,0.158425],[-0.0279056,-0.18045,0.983188]],[[0.776666,-0.577663,-0.251188],[0.316425,0.702586,-0.637376],[0.54467,0.415546,0.728462]],[[0.776666,-0.577663,-0.251188],[-0.474504,-0.274257,-0.836438],[0.414289,0.768823,-0.487109]],[[0.776666,-0.577663,-0.251188],[-0.628416,-0.738026,-0.245786],[-0.0434018,0.348744,-0.936212]]],4]],[[0,200,0],[235.247,235.247,147.751]]],[81305,4068040500,[[44,"right",[-0.18422,0.354222,-0.916837],[-0.314832,-0.90492,-0.286358],[-28.4923,108.304,47.9681],[93.2016,-83.9759,22.3923],[-32.1418,113.119,46.8222],1,0,0.464683,[[0.606134,-0.037396,-0.794483],[0.291325,0.939914,0.178019],[0.740088,-0.339356,0.580609]],63.72,[189.737,-0.338517,253.358],[-10.0869,91.2876,96.5935]]],[[440,[0.026225,-0.316361,-0.948276],44,52.1164,[-39.7024,58.1192,14.4096],[-40.2249,58.572,13.9137],[100.399,-65.3131,1.07948],false,[-39.4005,87.0273,104.57],[-39.4005,87.0273,104.57],[-52.1138,77.2119,57.3068],[-51.2196,66.4254,24.9747],[-35.8123,55.449,11.1956],[[[0.620318,0.783581,-0.0347348],[-0.53665,0.456301,0.709786],[0.572024,-0.421653,0.70356]],[[0.374694,0.882557,-0.284074],[-0.891482,0.427118,0.151098],[0.254686,0.196631,0.946822]],[[0.374694,0.882557,-0.284074],[-0.926778,0.347864,-0.141684],[-0.026225,0.316361,0.948276]],[[0.374694,0.882557,-0.284074],[-0.652846,0.0335908,-0.756746],[-0.658329,0.469004,0.58876]]],0],[441,[-0.133229,0.260702,-0.956182],44,58.8075,[-67.6392,148.675,-43.8008],[-65.0398,148.872,-43.2735],[112.102,-80.3449,10.089],false,[-27.706,106.609,98.1146],[-55.7288,125.021,32.6301],[-60.7719,138.531,-7.83989],[-63.9921,144.832,-30.9512],[-66.4881,148.51,-47.4485],[[[0.886949,-0.173073,-0.428214],[0.261219,0.952583,0.156047],[0.380902,-0.250263,0.890102]],[[0.953499,-0.229458,-0.195417],[0.277597,0.921121,0.272901],[0.117383,-0.314458,0.941986]],[[0.953499,-0.229458,-0.195417],[0.27035,0.937754,0.218009],[0.133229,-0.260702,0.956182]],[[0.953499,-0.229458,-0.195417],[0.263623,0.949217,0.171727],[0.146089,-0.215258,0.965568]]],1],[442,[-0.429325,0.372313,-0.822838],44,67.0064,[-74.5783,158.612,-47.5055],[-72.0327,158.967,-46.9803],[134.264,-97.5668,-1.09892],false,[-16.682,106.27,92.6399],[-34.5628,121.82,27.0193],[-54.0404,142.056,-12.1521],[-66.2488,152.643,-35.5507],[-74.6938,158.878,-51.1373],[[[0.872642,-0.365133,-0.324307],[0.415707,0.903883,0.10091],[0.25629,-0.222875,0.940554]],[[0.783528,-0.299581,-0.544367],[0.472007,0.856732,0.207893],[0.404095,-0.419835,0.812678]],[[0.783528,-0.299581,-0.544367],[0.449182,0.878427,0.1631],[0.429325,-0.372313,0.822838]],[[0.783528,-0.299581,-0.544367],[0.429102,0.894517,0.125344],[0.449395,-0.331799,0.82943]]],2],[443,[-0.310995,-0.818239,0.483494],44,64.4285,[-43.3476,67.298,21.1056],[-40.6269,64.671,21.3382],[84.5027,-68.7562,-11.455],false,[-5.85009,102.803,87.9945],[-13.0255,114.379,26.853],[-33.1143,91.9558,-6.16066],[-41.7295,69.289,7.23309],[-40.3941,63.4379,24.927],[[[0.867008,-0.461044,-0.18904],[0.484949,0.867921,0.107413],[0.114549,-0.184802,0.976077]],[[0.863519,-0.455771,-0.215887],[0.228422,0.73512,-0.638296],[0.44962,0.501867,0.738899]],[[0.863519,-0.455771,-0.215887],[-0.39701,-0.350367,-0.848308],[0.310995,0.818239,-0.483494]],[[0.863519,-0.455771,-0.215887],[-0.499226,-0.833189,-0.237843],[-0.0714725,0.313158,-0.947008]]],3],[444,[-0.417926,-0.770245,0.481726],44,50.5107,[-24.6053,71.8948,23.3693],[-21.705,68.6535,23.9018],[86.1578,-76.2994,2.0724],false,[3.29257,92.4074,84.6928],[5.10689,103.023,27.7166],[-14.0647,88.4604,1.81981],[-22.2389,73.3954,11.2418],[-21.5757,67.3131,27.3562],[[[0.782313,-0.616359,-0.0899305],[0.622099,0.765887,0.162512],[-0.0312893,-0.183081,0.9826]],[[0.776827,-0.577917,-0.250102],[0.320254,0.704546,-0.633287],[0.542196,0.411858,0.732391]],[[0.776827,-0.577917,-0.250102],[-0.471038,-0.269694,-0.839874],[0.417926,0.770245,-0.481726]],[[0.776827,-0.577917,-0.250102],[-0.628537,-0.735866,-0.251879],[-0.0384762,0.352865,-0.934883]]],4]],[[0,200,0],[235.247,235.247,147.751]]],[81306,4068049140,[[44,"right",[-0.179007,0.358027,-0.916391],[-0.312741,-0.903832,-0.29203],[-27.2903,107.489,48.0115],[105.381,-86.7344,17.7864],[-31.4701,112.34,46.9869],1,0,0.484699,[[0.605349,-0.0362124,-0.795136],[0.288229,0.941141,0.176571],[0.741942,-0.336068,0.580156]],63.72,[191.162,-0.464386,253.313],[-9.16221,90.274,96.6714]]],[[440,[0.0305789,-0.311074,-0.949894],44,52.1164,[-38.3116,57.5276,14.1637],[-38.7705,57.919,13.6769],[117.119,-66.4808,-7.37661],false,[-38.5201,85.9674,104.458],[-38.5201,85.9674,104.458],[-50.9128,76.3827,57.0624],[-49.8702,65.7764,24.6752],[-34.3814,54.8606,10.9395],[[[0.620158,0.783985,-0.0277798],[-0.541004,0.453058,0.708557],[0.568084,-0.424388,0.705106]],[[0.376938,0.88376,-0.277282],[-0.892347,0.426731,0.147029],[0.248264,0.192011,0.949472]],[[0.376938,0.88376,-0.277282],[-0.925734,0.349572,-0.14428],[-0.0305789,0.311074,0.949894]],[[0.376938,0.88376,-0.277282],[-0.648014,0.0377185,-0.760694],[-0.661812,0.466417,0.586907]]],0],[441,[-0.131771,0.26273,-0.955829],44,58.8075,[-66.455,148.077,-43.7462],[-63.597,148.24,-43.2981],[125.551,-76.605,7.34304],false,[-26.7969,105.582,98.1541],[-54.444,124.259,32.5852],[-59.4182,137.892,-7.85193],[-62.6032,144.242,-30.9547],[-65.0761,147.943,-47.4504],[[[0.88952,-0.170878,-0.42374],[0.259871,0.952024,0.161609],[0.375795,-0.253872,0.89125]],[[0.954233,-0.227526,-0.194091],[0.275743,0.920616,0.276463],[0.115781,-0.31733,0.941221]],[[0.954233,-0.227526,-0.194091],[0.26847,0.937659,0.220725],[0.131771,-0.26273,0.955829]],[[0.954233,-0.227526,-0.194091],[0.261708,0.949381,0.173739],[0.144736,-0.216583,0.965476]]],1],[442,[-0.427465,0.369203,-0.825204],44,67.0064,[-73.1748,157.701,-47.5858],[-70.5329,158.006,-47.1221],[144.431,-101.982,-5.19493],false,[-15.7408,105.27,92.7427],[-33.2441,121.09,27.0849],[-52.629,141.21,-12.1924],[-64.7846,151.708,-35.6583],[-73.1945,157.876,-51.2908],[[[0.87469,-0.363383,-0.320733],[0.414701,0.903624,0.107172],[0.250878,-0.226751,0.941087]],[[0.78706,-0.297087,-0.540625],[0.467752,0.858783,0.209047],[0.402175,-0.417411,0.814877]],[[0.78706,-0.297087,-0.540625],[0.444758,0.880584,0.163591],[0.427465,-0.369203,0.825205]],[[0.78706,-0.297087,-0.540625],[0.424567,0.896677,0.125353],[0.447525,-0.328192,0.831872]]],2],[443,[-0.31565,-0.821531,0.474819],44,64.4285,[-42.61,66.6992,20.9866],[-39.2828,63.9663,20.981],[102.953,-72.4518,-20.4997],false,[-4.88035,101.828,88.1462],[-11.7028,113.66,27.0134],[-31.5318,91.433,-6.28904],[-40.276,68.675,6.86439],[-39.0995,62.6935,24.5259],[[[0.868308,-0.459868,-0.185909],[0.48392,0.867664,0.113929],[0.108915,-0.18889,0.97594]],[[0.865127,-0.454717,-0.211631],[0.233648,0.738754,-0.632179],[0.443806,0.497468,0.74536]],[[0.865127,-0.454717,-0.211631],[-0.389769,-0.343977,-0.85426],[0.31565,0.821531,-0.474819]],[[0.865127,-0.454717,-0.211631],[-0.497584,-0.831109,-0.24833],[-0.0629687,0.320141,-0.945275]]],3],[444,[-0.421885,-0.773421,0.47311],44,50.5107,[-23.8689,71.2174,23.3822],[-20.3612,67.9576,23.7285],[104.312,-77.3342,-4.81691],false,[4.28618,91.45,84.8541],[6.42934,102.308,27.935],[-12.5578,87.9124,1.80986],[-20.8094,72.7852,11.0633],[-20.2678,66.5954,27.1413],[[[0.783104,-0.615639,-0.0879569],[0.620791,0.765456,0.169398],[-0.0369606,-0.187259,0.981615]],[[0.778523,-0.576471,-0.248159],[0.324891,0.708468,-0.626514],[0.536979,0.407131,0.738849]],[[0.778523,-0.576471,-0.248159],[-0.464666,-0.263633,-0.84533],[0.421885,0.773421,-0.47311]],[[0.778523,-0.576471,-0.248159],[-0.626829,-0.733979,-0.261458],[-0.031421,0.359104,-0.932768]]],4]],[[0,200,0],[235.247,235.247,147.751]]],[81307,4068058082,[[44,"right",[-0.172006,0.359816,-0.917031],[-0.313709,-0.902448,-0.295253],[-26.1253,106.961,48.0394],[112.182,-79.1901,13.7802],[-30.6565,111.521,47.1471],1,0,0.501824,[[0.603528,-0.0388097,-0.796396],[0.288511,0.941764,0.172747],[0.743313,-0.334027,0.579578]],63.72,[192.331,-0.564025,253.277],[-8.36356,89.6232,96.7908]]],[[440,[0.0343711,-0.308555,-0.950585],44,52.1164,[-36.9992,57.0946,13.9923],[-37.505,57.4996,13.5619],[122.525,-59.5924,-9.7262],false,[-37.7841,85.3989,104.383],[-37.7841,85.3989,104.383],[-49.8567,75.9553,56.8771],[-48.6848,65.4349,24.4663],[-33.1455,54.4835,10.8163],[[[0.622789,0.782059,-0.0227451],[-0.544101,0.453816,0.705694],[0.562217,-0.427123,0.708151]],[[0.382582,0.882759,-0.272705],[-0.891706,0.430054,0.141117],[0.24185,0.189184,0.951692]],[[0.382582,0.882759,-0.272705],[-0.923282,0.354304,-0.148389],[-0.0343711,0.308555,0.950585]],[[0.382582,0.882759,-0.272705],[-0.642475,0.0420714,-0.76515],[-0.66397,0.467939,0.583246]]],0],[441,[-0.126223,0.263077,-0.956482],44,58.8075,[-64.9947,147.536,-43.7781],[-61.8424,147.815,-43.4767],[145.211,-67.6103,0.119863],false,[-25.9591,104.984,98.1814],[-53.1267,123.837,32.4623],[-57.8575,137.49,-7.99727],[-60.9083,143.848,-31.1158],[-63.2883,147.553,-47.6242],[[[0.891673,-0.173119,-0.418269],[0.261827,0.950982,0.164562],[0.369278,-0.25625,0.893292]],[[0.954594,-0.230072,-0.189255],[0.276813,0.919823,0.278029],[0.110114,-0.317793,0.941744]],[[0.954594,-0.230072,-0.189255],[0.269849,0.93694,0.222092],[0.126223,-0.263077,0.956482]],[[0.954594,-0.230072,-0.189255],[0.263339,0.948706,0.174955],[0.139295,-0.216849,0.966216]]],1],[442,[-0.42397,0.366723,-0.828108],44,67.0064,[-71.5895,156.845,-47.7461],[-68.8474,157.294,-47.4036],[155.925,-95.2134,-11.4946],false,[-14.8696,104.645,92.8405],[-31.9021,120.608,27.0936],[-51.1095,140.63,-12.3205],[-63.1657,151.059,-35.869],[-71.512,157.173,-51.5561],[[[0.875578,-0.365713,-0.315621],[0.41685,0.902166,0.111051],[0.24413,-0.228801,0.942365]],[[0.789342,-0.298692,-0.536397],[0.467058,0.859206,0.208858],[0.398492,-0.415389,0.817714]],[[0.789342,-0.298692,-0.536397],[0.444058,0.881077,0.162834],[0.42397,-0.366723,0.828108]],[[0.789342,-0.298692,-0.536397],[0.423882,0.897164,0.124185],[0.444143,-0.325394,0.834779]]],2],[443,[-0.322759,-0.821906,0.469358],44,64.4285,[-41.7497,66.0949,20.8401],[-38.1072,63.5098,20.7707],[110.548,-66.9239,-21.8606],false,[-3.99082,101.175,88.309],[-10.3842,113.11,27.1498],[-30.0321,91.0287,-6.3561],[-38.9732,68.2603,6.64605],[-37.97,62.211,24.2952],[[[0.868029,-0.462359,-0.180972],[0.48591,0.865979,0.118202],[0.102066,-0.190539,0.976359]],[[0.865129,-0.457326,-0.205922],[0.241187,0.739328,-0.628668],[0.43975,0.494213,0.749915]],[[0.865129,-0.457326,-0.205922],[-0.383898,-0.339592,-0.858661],[0.322759,0.821906,-0.469358]],[[0.865129,-0.457326,-0.205922],[-0.498667,-0.828268,-0.255547],[-0.0536902,0.323768,-0.944612]]],3],[444,[-0.429041,-0.774005,0.46566],44,50.5107,[-23.0009,70.5249,23.3691],[-19.188,67.4541,23.6369],[111.349,-71.5779,-7.51743],false,[5.16388,90.7726,85.0615],[7.70576,101.7,28.1721],[-11.133,87.4806,1.84374],[-19.5245,72.342,10.9515],[-19.141,66.0746,27.0039],[[[0.781709,-0.617991,-0.0837784],[0.622101,0.763265,0.174407],[-0.0438367,-0.188454,0.981103]],[[0.778234,-0.578447,-0.244441],[0.332408,0.709704,-0.621148],[0.532782,0.402144,0.744596]],[[0.778234,-0.578447,-0.244441],[-0.458558,-0.257517,-0.850534],[0.429041,0.774005,-0.46566]],[[0.778234,-0.578447,-0.244441],[-0.62758,-0.730198,-0.2701],[-0.0222518,0.363608,-0.931286]]],4]],[[0,200,0],[235.247,235.247,147.751]]],[81308,4068066488,[[44,"right",[-0.164767,0.360883,-0.917941],[-0.312668,-0.901773,-0.298404],[-25.1179,106.688,48.0142],[114.165,-67.0728,9.434],[-29.8199,110.791,47.2781],1,0,0.510917,[[0.602299,-0.0383723,-0.797347],[0.287594,0.9422,0.171899],[0.744664,-0.332847,0.578522]],63.72,[193.32,-0.585691,253.08],[-7.739,89.283,96.8793]]],[[440,[0.0400217,-0.306647,-0.950981],44,52.1164,[-35.783,56.8831,13.8058],[-36.275,57.294,13.3987],[127.592,-49.2104,-13.0476],false,[-37.2202,85.0894,104.25],[-37.2202,85.0894,104.25],[-48.9104,75.7344,56.6311],[-47.5458,65.2791,24.2068],[-31.9346,54.317,10.6476],[[[0.623935,0.781282,-0.0174141],[-0.548723,0.453861,0.702078],[0.556425,-0.428495,0.711887]],[[0.386604,0.882371,-0.268253],[-0.892016,0.431625,0.134189],[0.234189,0.187409,0.953957]],[[0.386604,0.882371,-0.268253],[-0.921377,0.356917,-0.153865],[-0.0400217,0.306647,0.950981]],[[0.386604,0.882371,-0.268253],[-0.63686,0.0450464,-0.769663],[-0.667044,0.468394,0.579361]]],0],[441,[-0.119795,0.26293,-0.957349],44,58.8075,[-63.5072,147.124,-43.9032],[-60.2053,147.546,-43.7582],[158.6,-57.7567,-8.53097],false,[-25.3248,104.665,98.1543],[-51.982,123.613,32.2538],[-56.4439,137.242,-8.24459],[-59.3395,143.597,-31.3841],[-61.6074,147.306,-47.9073],[[[0.894518,-0.173874,-0.411832],[0.261814,0.950493,0.167378],[0.36234,-0.257546,0.895756]],[[0.955588,-0.23099,-0.183015],[0.275798,0.919791,0.279142],[0.103856,-0.31722,0.942648]],[[0.955588,-0.23099,-0.183015],[0.269258,0.936756,0.223581],[0.119795,-0.26293,0.957349]],[[0.955588,-0.23099,-0.183015],[0.263117,0.948429,0.176785],[0.132741,-0.217088,0.967085]]],1],[442,[-0.417577,0.368087,-0.830748],44,67.0064,[-69.9732,156.328,-47.9562],[-67.0996,157.129,-47.7016],[169.813,-74.3425,-17.3483],false,[-14.1966,104.317,92.8951],[-30.7224,120.363,27.039],[-49.6224,140.448,-12.4912],[-61.4968,150.915,-36.1146],[-69.723,157.056,-51.8549],[[[0.87742,-0.366542,-0.309485],[0.417166,0.901529,0.114969],[0.236868,-0.229983,0.943929]],[[0.792794,-0.299129,-0.531037],[0.46661,0.858414,0.213073],[0.392113,-0.41671,0.820122]],[[0.792794,-0.299129,-0.531037],[0.443968,0.88036,0.166908],[0.417577,-0.368087,0.830748]],[[0.792794,-0.299129,-0.531037],[0.424089,0.89651,0.128133],[0.437752,-0.32679,0.837605]]],2],[443,[-0.328288,-0.822404,0.464627],44,64.4285,[-40.8701,65.5823,20.6822],[-36.9704,63.278,20.543],[116.903,-56.9214,-23.4929],false,[-3.28901,100.837,88.4408],[-9.21514,112.837,27.2472],[-28.6151,90.8381,-6.45693],[-37.7094,68.0558,6.41417],[-36.8729,61.963,24.057],[[[0.868753,-0.463302,-0.174985],[0.486126,0.865247,0.122596],[0.0946061,-0.19157,0.976909]],[[0.866116,-0.458367,-0.199358],[0.247614,0.739918,-0.625467],[0.434202,0.492363,0.754352]],[[0.866116,-0.458367,-0.199358],[-0.376922,-0.336974,-0.862774],[0.328288,0.822404,-0.464627]],[[0.866116,-0.458367,-0.199358],[-0.497835,-0.826777,-0.261916],[-0.044771,0.326097,-0.944276]]],3],[444,[-0.43513,-0.774798,0.458639],44,50.5107,[-22.1115,69.9303,23.3339],[-18.0732,67.2037,23.5313],[116.579,-60.802,-9.75582],false,[5.87618,90.4259,85.2514],[8.85226,101.403,28.3924],[-9.7805,87.29,1.86086],[-18.2911,72.1359,10.8313],[-18.0734,65.8088,26.8634],[[[0.781519,-0.618913,-0.0785772],[0.621766,0.762307,0.17971],[-0.0513248,-0.189303,0.980576]],[[0.779286,-0.579231,-0.239177],[0.339161,0.710769,-0.616261],[0.526956,0.399124,0.750345]],[[0.779286,-0.579231,-0.239177],[-0.450971,-0.253338,-0.85583],[0.43513,0.774798,-0.458639]],[[0.779286,-0.579231,-0.239177],[-0.626541,-0.727843,-0.278731],[-0.0126333,0.367065,-0.930109]]],4]],[[0,200,0],[235.247,235.247,147.751]]],[81309,4068075151,[[44,"right",[-0.156976,0.360293,-0.919537],[-0.310467,-0.901879,-0.300373],[-23.8479,106.323,47.8492],[122.787,-60.4516,1.86581],[-28.8419,110.059,47.3716],1,0,0.524604,[[0.601324,-0.0370096,-0.798148],[0.286089,0.942671,0.171828],[0.746031,-0.331665,0.577439]],63.72,[194.545,-0.603323,252.778],[-6.88343,88.9463,96.87]]],[[440,[0.0469094,-0.306365,-0.950758],44,52.1164,[-34.2236,56.5573,13.5679],[-34.6983,56.9252,13.1773],[141.257,-46.3466,-16.8314],false,[-36.4266,84.7676,103.997],[-36.4266,84.7676,103.997],[-47.6813,75.4062,56.2747],[-46.0819,64.9605,23.858],[-30.358,53.9797,10.4449],[[[0.62432,0.781065,-0.0127498],[-0.554414,0.454534,0.697155],[0.550318,-0.428179,0.716807]],[[0.38988,0.881927,-0.264949],[-0.892837,0.432474,0.125727],[0.225465,0.187538,0.956031]],[[0.38988,0.881927,-0.264949],[-0.91967,0.358253,-0.160816],[-0.0469094,0.306365,0.950758]],[[0.38988,0.881927,-0.264949],[-0.629764,0.0454421,-0.775456],[-0.671856,0.46919,0.573123]]],0],[441,[-0.112624,0.258997,-0.959289],44,58.8075,[-61.7511,146.586,-44.2073],[-58.2668,146.88,-44.3098],[177.216,-63.2037,-23.4],false,[-24.4741,104.335,97.9872],[-50.5738,123.246,31.8533],[-54.732,136.711,-8.73178],[-57.4542,142.971,-31.9182],[-59.5982,146.612,-48.4731],[[[0.897867,-0.174457,-0.404226],[0.260726,0.950524,0.168894],[0.354762,-0.257037,0.89893]],[[0.957009,-0.231438,-0.174842],[0.273432,0.920976,0.277557],[0.0967878,-0.313432,0.944665]],[[0.957009,-0.231438,-0.174842],[0.2673,0.93774,0.221798],[0.112624,-0.258997,0.959289]],[[0.957009,-0.231438,-0.174842],[0.261507,0.949225,0.174887],[0.125488,-0.213091,0.96894]]],1],[442,[-0.411196,0.368048,-0.833941],44,67.0064,[-68.0981,155.852,-48.3073],[-65.0796,156.673,-48.241],[187.019,-66.1245,-28.1756],false,[-13.3025,103.98,92.8214],[-29.2725,119.985,26.8185],[-47.8639,140.076,-12.8549],[-59.5569,150.542,-36.5692],[-67.6637,156.679,-52.3726],[[[0.879851,-0.367048,-0.301891],[0.416493,0.901472,0.117818],[0.228902,-0.229398,0.946034]],[[0.796684,-0.299466,-0.52499],[0.465318,0.85824,0.216572],[0.385712,-0.416827,0.823093]],[[0.796684,-0.299466,-0.52499],[0.442958,0.880262,0.170079],[0.411196,-0.368048,0.833941]],[[0.796684,-0.299466,-0.52499],[0.423308,0.896463,0.131017],[0.431399,-0.326612,0.840964]]],2],[443,[-0.333898,-0.822794,0.459915],44,64.4285,[-39.8286,65.0647,20.4751],[-35.5114,62.8939,20.2001],[130.443,-53.9175,-28.3798],false,[-2.35927,100.493,88.4608],[-7.77023,112.452,27.2115],[-26.8586,90.4786,-6.68671],[-36.1083,67.6856,6.05384],[-35.4628,61.5604,23.6935],[[[0.870028,-0.463711,-0.167401],[0.485375,0.865173,0.126046],[0.0863819,-0.190916,0.977798]],[[0.867673,-0.458935,-0.191111],[0.254206,0.739948,-0.622782],[0.427228,0.491789,0.758696]],[[0.867673,-0.458935,-0.191111],[-0.368316,-0.335244,-0.867154],[0.333898,0.822794,-0.459914]],[[0.867673,-0.458935,-0.191111],[-0.495934,-0.825775,-0.268597],[-0.0345463,0.327832,-0.944104]]],3],[444,[-0.440822,-0.774847,0.453087],44,50.5107,[-21.0548,69.3372,23.2681],[-16.6306,66.8265,23.3732],[129.671,-56.2467,-12.6718],false,[6.82875,90.0766,85.3553],[10.2832,101.012,28.5155],[-8.09755,86.9269,1.79442],[-16.7195,71.7718,10.6563],[-16.6771,65.4263,26.6825],[[[0.781941,-0.619225,-0.0716163],[0.620499,0.762228,0.184362],[-0.0595738,-0.188598,0.980246]],[[0.781106,-0.579838,-0.231649],[0.345907,0.710703,-0.612576],[0.519828,0.398358,0.755705]],[[0.781106,-0.579838,-0.231649],[-0.442209,-0.251793,-0.860843],[0.440822,0.774847,-0.453087]],[[0.781106,-0.579838,-0.231649],[-0.624393,-0.726818,-0.286126],[-0.00246002,0.368135,-0.929769]]],4]],[[0,200,0],[235.247,235.247,147.751]]],[81310,4068083839,[[44,"right",[-0.151136,0.359681,-0.920754],[-0.312798,-0.900992,-0.300617],[-21.7521,105.957,47.5716],[154.349,-55.557,-7.14662],[-27.576,109.327,47.4073],1,0,0.531445,[[0.600196,-0.0414506,-0.798778],[0.288355,0.942715,0.167748],[0.746067,-0.331014,0.577767]],63.72,[196.347,-0.796111,252.692],[-5.09145,88.5776,96.6953]]],[[440,[0.0484392,-0.30666,-0.950586],44,52.1164,[-32.1573,56.2279,13.2667],[-32.6333,56.5789,12.9085],[165.62,-43.5054,-21.3339],false,[-34.685,84.5314,103.689],[-34.685,84.5314,103.689],[-45.718,75.1726,55.9138],[-44.0664,64.7169,23.503],[-28.3346,53.6498,10.1703],[[[0.627619,0.778445,-0.0108568],[-0.555799,0.457789,0.693914],[0.545144,-0.429479,0.719976]],[[0.395469,0.879817,-0.263678],[-0.891489,0.436773,0.120315],[0.221023,0.187485,0.957078]],[[0.395469,0.879817,-0.263678],[-0.917201,0.363155,-0.163892],[-0.0484392,0.30666,0.950586]],[[0.395469,0.879817,-0.263678],[-0.625906,0.0480494,-0.778417],[-0.672195,0.472877,0.569685]]],0],[441,[-0.107571,0.253079,-0.961447],44,58.8075,[-59.5311,145.943,-44.6503],[-55.6673,146.187,-44.8993],[211.558,-68.6066,-35.5834],false,[-22.623,104.041,97.7087],[-48.3315,122.969,31.4268],[-52.2576,136.215,-9.25365],[-54.8577,142.332,-32.4922],[-56.9201,145.861,-49.0816],[[[0.89903,-0.178741,-0.399746],[0.263881,0.949663,0.168839],[0.349445,-0.257277,0.900942]],[[0.956959,-0.235836,-0.169147],[0.27546,0.921587,0.273493],[0.0913843,-0.308315,0.946885]],[[0.956959,-0.235836,-0.169147],[0.269551,0.93826,0.216817],[0.107571,-0.253079,0.961447]],[[0.956959,-0.235836,-0.169147],[0.263927,0.949584,0.169213],[0.120713,-0.206572,0.970956]]],1],[442,[-0.407178,0.368618,-0.83566],44,67.0064,[-65.7963,155.43,-48.7309],[-62.4406,156.273,-48.7664],[217.711,-58.2895,-35.2611],false,[-11.4287,103.632,92.5962],[-27.0205,119.612,26.497],[-45.4083,139.733,-13.2566],[-56.987,150.215,-37.0197],[-65.0216,156.363,-52.856],[[[0.879729,-0.371115,-0.297237],[0.419682,0.899894,0.118566],[0.22348,-0.229051,0.947414]],[[0.797232,-0.303012,-0.522116],[0.467855,0.856703,0.21719],[0.381487,-0.417425,0.824757]],[[0.797232,-0.303012,-0.522116],[0.445676,0.878809,0.170494],[0.407178,-0.368618,0.835659]],[[0.797232,-0.303012,-0.522116],[0.426168,0.89507,0.131269],[0.427554,-0.327161,0.842712]]],2],[443,[-0.340487,-0.821265,0.457814],44,64.4285,[-38.5197,64.5485,20.2244],[-33.4839,62.5357,19.8503],[157.794,-50.7917,-31.7634],false,[-0.479656,100.093,88.292],[-5.55184,111.991,27.0018],[-24.5447,90.075,-6.98703],[-33.9768,67.3243,5.69532],[-33.4695,61.1923,23.3371],[[[0.86887,-0.467552,-0.162664],[0.488372,0.86332,0.127168],[0.0809736,-0.189933,0.978452]],[[0.866705,-0.462915,-0.185827],[0.261,0.738316,-0.621907],[0.425089,0.49051,0.760723]],[[0.866705,-0.462915,-0.185827],[-0.364542,-0.333518,-0.869411],[0.340487,0.821265,-0.457814]],[[0.866705,-0.462915,-0.185827],[-0.498081,-0.823404,-0.271884],[-0.0271515,0.3282,-0.944218]]],3],[444,[-0.448266,-0.773026,0.448875],44,50.5107,[-19.7269,68.7389,23.145],[-14.6081,66.4053,23.0817],[156.84,-54.2426,-19.1127],false,[8.67947,89.635,85.244],[12.4474,100.479,28.4065],[-5.82057,86.4809,1.56212],[-14.5881,71.3615,10.3416],[-14.7002,64.9991,26.3608],[[[0.779686,-0.622567,-0.0670863],[0.62279,0.759894,0.18626],[-0.0649811,-0.187005,0.980207]],[[0.779825,-0.583644,-0.226349],[0.353492,0.708976,-0.610243],[0.51664,0.39587,0.75919]],[[0.779825,-0.583644,-0.226349],[-0.436956,-0.248579,-0.864452],[0.448266,0.773026,-0.448875]],[[0.779825,-0.583644,-0.226349],[-0.625964,-0.723267,-0.291641],[0.0065035,0.369115,-0.929361]]],4]],[[0,200,0],[235.247,235.247,147.751]]],[81311,4068092489,[[44,"right",[-0.142506,0.358649,-0.922531],[-0.319817,-0.898733,-0.299994],[-19.4811,105.735,47.4629],[183.071,-47.6172,-8.58564],[-25.97,108.614,47.4183],1,0,0.532726,[[0.597196,-0.0518496,-0.800418],[0.294988,0.942169,0.15906],[0.745881,-0.331104,0.577955]],63.72,[198.124,-1.07034,252.773],[-3.26393,88.3277,96.7249]]],[[440,[0.0500358,-0.309159,-0.949693],44,52.1164,[-30.1019,56.0162,13.2052],[-30.6294,56.3758,12.876],[182.575,-37.8766,-16.7641],false,[-32.9338,84.5864,103.563],[-32.9338,84.5864,103.563],[-43.7696,75.2107,55.7461],[-42.0636,64.6698,23.3657],[-26.3548,53.4134,10.1651],[[[0.635171,0.772314,-0.00938564],[-0.55521,0.464999,0.689578],[0.536935,-0.432789,0.724151]],[[0.405683,0.875198,-0.263534],[-0.887863,0.445816,0.113785],[0.217072,0.187822,0.957916]],[[0.405683,0.875198,-0.263534],[-0.912643,0.372088,-0.169212],[-0.0500358,0.309159,0.949693]],[[0.405683,0.875198,-0.263534],[-0.620401,0.0519353,-0.782563],[-0.671211,0.480969,0.564043]]],0],[441,[-0.099815,0.247322,-0.963778],44,58.8075,[-56.7229,145.337,-45.1482],[-52.5565,145.742,-45.3878],[252.645,-64.3843,-41.2724],false,[-20.6504,103.963,97.5992],[-45.8042,122.96,31.1245],[-49.372,135.978,-9.66217],[-51.7846,141.956,-32.9571],[-53.7228,145.382,-49.5832],[[[0.899477,-0.18849,-0.394225],[0.272109,0.94752,0.167816],[0.341904,-0.258218,0.903562]],[[0.955691,-0.245756,-0.162043],[0.282413,0.92075,0.269188],[0.0830461,-0.303024,0.949358]],[[0.955691,-0.245756,-0.162043],[0.276931,0.937249,0.211833],[0.099815,-0.247322,0.963778]],[[0.955691,-0.245756,-0.162043],[0.271634,0.948371,0.163726],[0.11344,-0.200488,0.973106]]],1],[442,[-0.400203,0.370911,-0.838011],44,67.0064,[-62.92,155.181,-49.1615],[-59.2545,156.147,-49.2069],[257.375,-43.4465,-37.7248],false,[-9.43225,103.432,92.5506],[-24.4994,119.384,26.3232],[-42.5254,139.614,-13.5405],[-53.9058,150.161,-37.3705],[-61.8178,156.352,-53.2516],[[[0.877744,-0.380393,-0.291319],[0.427699,0.896114,0.118548],[0.21596,-0.228652,0.949252]],[[0.79645,-0.31157,-0.518259],[0.47519,0.852515,0.217743],[0.373981,-0.419693,0.827041]],[[0.79645,-0.31157,-0.518259],[0.453327,0.874843,0.17072],[0.400203,-0.370911,0.838011]],[[0.79645,-0.31157,-0.518259],[0.434051,0.891281,0.131216],[0.421031,-0.329457,0.845098]]],2],[443,[-0.352279,-0.817487,0.455649],44,64.4285,[-36.9686,64.0685,19.9712],[-31.5014,62.3517,19.6841],[176.629,-43.2348,-28.9629],false,[1.5059,99.7758,88.3173],[-3.10864,111.557,26.9684],[-22.0886,89.7764,-7.11436],[-31.8474,67.1304,5.50802],[-31.5359,60.9994,23.1547],[[[0.865201,-0.476358,-0.156556],[0.495983,0.858901,0.127632],[0.0736677,-0.188076,0.979388]],[[0.863265,-0.471877,-0.179181],[0.272613,0.734638,-0.62128],[0.424801,0.487482,0.762827]],[[0.863265,-0.471877,-0.179181],[-0.361488,-0.330224,-0.871939],[0.352278,0.817487,-0.455649]],[[0.863265,-0.471877,-0.179181],[-0.504476,-0.818325,-0.275404],[-0.0166715,0.328139,-0.944482]]],3],[444,[-0.459911,-0.767797,0.44606],44,50.5107,[-18.1417,68.1485,23.0259],[-12.602,66.0565,23.0384],[176.601,-50.6004,-15.9119],false,[10.5803,89.2213,85.3483],[14.7703,99.8751,28.5044],[-3.44254,86.0134,1.55226],[-12.4379,70.9962,10.2767],[-12.7444,64.653,26.3009],[[[0.773989,-0.630247,-0.0610721],[0.629063,0.754341,0.187749],[-0.0722594,-0.183734,0.980316]],[[0.775446,-0.592026,-0.219521],[0.365207,0.704146,-0.608936],[0.51508,0.392026,0.762239]],[[0.775446,-0.592026,-0.219521],[-0.432626,-0.244935,-0.867664],[0.459911,0.767797,-0.44606]],[[0.775446,-0.592026,-0.219521],[-0.631164,-0.716993,-0.295896],[0.0177831,0.368004,-0.929654]]],4]],[[0,200,0],[235.247,235.247,147.751]]],[81312,4068101134,[[44,"right",[-0.137874,0.361153,-0.922258],[-0.328451,-0.895132,-0.301429],[-16.7959,105.263,47.4016],[216.912,-49.4904,-8.18837],[-23.8714,107.847,47.4145],1,0,0.540758,[[0.595341,-0.0643584,-0.800892],[0.301919,0.941656,0.148761],[0.74459,-0.330368,0.580037]],63.72,[200.23,-1.56425,253.271],[-0.809051,87.635,96.6607]]],[[440,[0.047141,-0.307955,-0.950232],44,52.1164,[-27.8728,55.7159,13.0771],[-28.3835,56.063,12.7507],[202.542,-37.1706,-16.3606],false,[-30.5226,84.1826,103.461],[-30.5226,84.1826,103.461],[-41.3764,74.9756,55.6157],[-39.7691,64.4757,23.217],[-24.1455,53.076,10.0384],[[[0.642874,0.765933,-0.00775123],[-0.551307,0.469709,0.689517],[0.531765,-0.438999,0.724228]],[[0.41495,0.871363,-0.261809],[-0.883481,0.454652,0.112931],[0.217436,0.184443,0.95849]],[[0.41495,0.871363,-0.261809],[-0.908622,0.381957,-0.168863],[-0.047141,0.307955,0.950232]],[[0.41495,0.871363,-0.261809],[-0.618191,0.0588812,-0.78382],[-0.667575,0.487094,0.563101]]],0],[441,[-0.0963091,0.244364,-0.964889],44,58.8075,[-53.4545,144.774,-45.5258],[-49.4285,145.364,-45.5341],[283.368,-59.565,-35.0796],false,[-18.0393,103.442,97.5344],[-42.927,122.769,31.0546],[-46.3091,135.698,-9.77629],[-48.6369,141.604,-33.098],[-50.5265,144.968,-49.7424],[[[0.897989,-0.197009,-0.393449],[0.281383,0.944551,0.169256],[0.338288,-0.2627,0.903632]],[[0.953525,-0.255411,-0.159859],[0.290847,0.918803,0.266849],[0.078723,-0.300942,0.950388]],[[0.953525,-0.255411,-0.159859],[0.285507,0.935442,0.208409],[0.0963091,-0.244364,0.964889]],[[0.953525,-0.255411,-0.159859],[0.280283,0.946581,0.159456],[0.110593,-0.196852,0.974176]]],1],[442,[-0.396372,0.377438,-0.836917],44,67.0064,[-59.6137,155.15,-49.3661],[-56.0453,156.202,-49.2105],[287.893,-25.9086,-25.9557],false,[-6.8213,102.805,92.4977],[-21.6536,118.986,26.2728],[-39.4622,139.53,-13.5278],[-50.7336,150.263,-37.3267],[-58.5844,156.576,-53.1902],[[[0.874223,-0.388806,-0.290799],[0.436506,0.891649,0.1201],[0.212595,-0.23193,0.949217]],[[0.793143,-0.318348,-0.51921],[0.484165,0.846755,0.22043],[0.369471,-0.426216,0.825731]],[[0.793143,-0.318348,-0.51921],[0.4624,0.869595,0.173178],[0.396372,-0.377438,0.836917]],[[0.793143,-0.318348,-0.51921],[0.443161,0.886453,0.133452],[0.417771,-0.33594,0.844163]]],2],[443,[-0.36153,-0.814719,0.453354],44,64.4285,[-35.0889,63.5801,19.7132],[-29.23,62.0315,19.5098],[199.451,-41.7013,-26.5673],false,[4.0845,99.0449,88.2722],[-0.342978,110.945,26.9324],[-19.4854,89.4065,-7.21357],[-29.5005,66.8372,5.34523],[-29.2882,60.6664,22.9795],[[[0.86057,-0.484802,-0.156165],[0.504405,0.853744,0.129215],[0.0706813,-0.189969,0.979243]],[[0.858737,-0.480349,-0.178427],[0.281091,0.732727,-0.619757],[0.428438,0.482054,0.764241]],[[0.858737,-0.480349,-0.178427],[-0.363136,-0.324805,-0.873289],[0.36153,0.814719,-0.453354]],[[0.858737,-0.480349,-0.178427],[-0.512291,-0.812519,-0.278155],[-0.0113641,0.330269,-0.943819]]],3],[444,[-0.470564,-0.764428,0.440703],44,50.5107,[-16.2182,67.5213,22.8578],[-10.3109,65.5623,22.8081],[199.756,-52.2236,-19.8736],false,[13.0562,88.4037,85.3006],[17.4165,99.0827,28.4742],[-0.84336,85.5023,1.41093],[-10.047,70.551,10.0306],[-10.496,64.1492,26.0281],[[[0.767715,-0.637884,-0.0609675],[0.636364,0.747787,0.189355],[-0.0751961,-0.184168,0.980014]],[[0.769783,-0.599776,-0.218409],[0.375174,0.701967,-0.605382],[0.51641,0.384071,0.765383]],[[0.769783,-0.599776,-0.218409],[-0.431282,-0.23647,-0.870677],[0.470564,0.764428,-0.440703]],[[0.769783,-0.599776,-0.218409],[-0.637774,-0.708752,-0.301521],[0.0260475,0.371402,-0.928107]]],4]],[[0,200,0],[235.247,235.247,147.751]]],[81313,4068109814,[[44,"right",[-0.130108,0.361355,-0.923306],[-0.338032,-0.891598,-0.301311],[-14.2331,105.199,47.2955],[237.771,-38.2648,-9.26242],[-21.3102,107.144,47.3829],1,0,0.53428,[[0.592674,-0.0777486,-0.801681],[0.310712,0.940358,0.138508],[0.743099,-0.331182,0.581483]],63.72,[201.995,-1.96186,253.641],[1.35823,87.4573,96.6403]]],[[440,[0.0463245,-0.309571,-0.949747],44,52.1164,[-25.7436,55.7245,13.0126],[-26.26,56.0865,12.6896],[213.343,-26.4423,-13.8563],false,[-28.4196,84.3715,103.335],[-28.4196,84.3715,103.335],[-39.1863,75.2192,55.4593],[-37.6068,64.6642,23.0771],[-22.0509,53.0549,10.0017],[[[0.65203,0.758165,-0.00649893],[-0.548197,0.477343,0.686749],[0.523771,-0.444218,0.726866]],[[0.426465,0.865897,-0.261438],[-0.878411,0.46541,0.108573],[0.215689,0.183348,0.959094]],[[0.426465,0.865897,-0.261438],[-0.903317,0.392923,-0.172133],[-0.0463245,0.309571,0.949747]],[[0.426465,0.865897,-0.261438],[-0.613455,0.064489,-0.787092],[-0.664681,0.496048,0.558691]]],0],[441,[-0.0899301,0.237753,-0.967154],44,58.8075,[-49.756,144.304,-45.9655],[-46.1064,145.126,-45.9357],[311.52,-52.193,-38.4022],false,[-15.6845,103.471,97.426],[-40.0916,122.992,30.8249],[-43.16,135.677,-10.1071],[-45.3336,141.424,-33.4836],[-47.127,144.662,-50.1634],[[[0.89702,-0.208358,-0.389798],[0.29205,0.941373,0.168889],[0.331755,-0.265338,0.905281]],[[0.951163,-0.267426,-0.154184],[0.300314,0.917222,0.261755],[0.0714207,-0.295275,0.952739]],[[0.951163,-0.267426,-0.154184],[0.2953,0.933786,0.202092],[0.0899301,-0.237753,0.967154]],[[0.951163,-0.267426,-0.154184],[0.290297,0.944754,0.152208],[0.104962,-0.189533,0.976248]]],1],[442,[-0.38908,0.382622,-0.837984],44,67.0064,[-55.8475,155.392,-49.6101],[-52.5737,156.492,-49.5],[318.548,-5.75585,-26.2475],false,[-4.45629,102.692,92.4322],[-18.8474,118.947,26.1281],[-36.2672,139.74,-13.715],[-47.3312,150.621,-37.5442],[-55.0574,157.03,-53.4302],[[[0.870576,-0.399698,-0.286949],[0.446711,0.886541,0.120392],[0.206271,-0.232994,0.95035]],[[0.790619,-0.328178,-0.516934],[0.494276,0.840359,0.22246],[0.361403,-0.431389,0.826614]],[[0.790619,-0.328178,-0.516934],[0.472798,0.863655,0.174821],[0.38908,-0.382622,0.837984]],[[0.790619,-0.328178,-0.516934],[0.453743,0.880888,0.134737],[0.411143,-0.341081,0.845355]]],2],[443,[-0.373867,-0.810109,0.451604],44,64.4285,[-32.946,63.1838,19.4523],[-27.0978,62.0739,19.3467],[211.702,-29.4726,-24.7052],false,[6.41929,98.7947,88.253],[2.3627,110.652,26.8794],[-16.8844,89.3172,-7.33537],[-27.2412,66.8755,5.17497],[-27.196,60.7026,22.8097],[[[0.855273,-0.495315,-0.152223],[0.514116,0.84784,0.129817],[0.0647604,-0.189289,0.979783]],[[0.853615,-0.490968,-0.174046],[0.292867,0.728657,-0.619102],[0.430779,0.477503,0.765781]],[[0.853615,-0.490968,-0.174046],[-0.36272,-0.320426,-0.875078],[0.373867,0.810109,-0.451604]],[[0.853615,-0.490968,-0.174046],[-0.520899,-0.8061,-0.280833],[-0.00241856,0.330383,-0.943844]]],3],[444,[-0.484024,-0.758273,0.43674],44,50.5107,[-14.0226,66.9553,22.671],[-8.15436,65.4022,22.6671],[212.507,-43.1043,-19.7853],false,[15.2738,88.0422,85.3309],[19.9729,98.5805,28.5053],[1.7267,85.2219,1.32265],[-7.74023,70.391,9.86477],[-8.39341,63.9944,25.8574],[[[0.760237,-0.647127,-0.0571438],[0.644571,0.740403,0.190609],[-0.0810388,-0.181741,0.980001]],[[0.763429,-0.609849,-0.212744],[0.388452,0.696674,-0.603117],[0.516024,0.377797,0.768758