{"metadata":{"formatVersion":2,"generatedBy":"LeapJS Playback 0.2.1","frames":67,"protocolVersion":6,"serviceVersion":"2.2.5+26752","frameRate":"58","modified":"Thu Apr 16 2015 19:50:58 GMT-0300 (E. South America Standard Time)"},"frames":[["id","timestamp",{"hands":[["id","type","direction","palmNormal","palmPosition","palmVelocity","stabilizedPalmPosition","pinchStrength","grabStrength","confidence","armBasis","armWidth","elbow","wrist"]]},{"pointables":[["id","direction","handId","length","stabilizedTipPosition","tipPosition","tipVelocity","tool","carpPosition","mcpPosition","pipPosition","dipPosition","btipPosition","bases","type"]]},{"interactionBox":["center","size"]}],[132886,4823981594,[[87,"right",[0.300285,0.507171,-0.807841],[-0.92355,-0.0571754,-0.379191],[33.0027,185.667,90.2737],[102.527,131.708,-136.69],[32.3419,185.327,91.1732],0,0.682208,0.543682,[[-0.0327193,-0.697584,-0.715755],[0.745632,0.459848,-0.482259],[0.665554,-0.549469,0.505095]],63.72,[202.295,3.6149,268.471],[22.5951,151.972,132.096]],[88,"left",[-0.231072,0.17502,-0.957065],[0.971014,-0.0203206,-0.238156],[-93.8126,134.263,56.3024],[62.8604,-194.988,200.952],[-94.5013,136.45,53.7742],0,0.724575,0.447871,[[0.329418,-0.852237,-0.406417],[-0.558889,0.17093,-0.811435],[-0.761004,-0.494444,0.419999]],59.3093,[-277.785,-5.6956,209.742],[-86.5365,118.563,104.192]]],[[870,[-0.113725,0.993512,-0.0000969842],87,52.1164,[-9.9194,271.326,133.642],[-8.92635,273.369,131.608],[51.276,100.295,-119.418],false,[4.79392,174.134,143.628],[4.79392,174.134,143.628],[-2.98223,221.974,131.685],[-6.85976,255.848,131.682],[-9.27217,279.092,132.968],[[[0.980617,-0.195936,-0.0000506879],[0.103888,0.519719,0.847997],[-0.166127,-0.831566,0.53]],[[0.975801,0.111679,-0.187991],[0.153446,0.262757,0.952582],[0.15578,-0.958377,0.239262]],[[0.975801,0.111679,-0.187991],[0.186761,0.021474,0.982171],[0.113725,-0.993512,0.0000969842]],[[0.975801,0.111679,-0.187991],[0.192841,-0.0342438,0.980632],[0.103079,-0.993154,-0.0549515]]],0],[871,[-0.310957,-0.603978,0.733837],87,58.8075,[-7.70968,195.803,96.503],[-6.46036,196.477,94.8349],[87.7278,119.783,-165.467],false,[27.9892,173.743,138.759],[36.534,220,82.1926],[-3.11345,217.115,65.8975],[-10.6294,202.517,83.6346],[-5.42722,194.705,97.9116],[[[0.285536,-0.762584,-0.580461],[0.951304,0.152127,0.2681],[-0.116145,-0.628747,0.768887]],[[0.278691,-0.796119,-0.537146],[0.265891,0.601403,-0.753403],[0.92284,0.0671442,0.379287]],[[0.278691,-0.796119,-0.537146],[-0.908646,-0.0374844,-0.415882],[0.310957,0.603978,-0.733837]],[[0.278691,-0.796119,-0.537146],[-0.910837,-0.396428,0.114981],[-0.304478,0.457208,-0.835616]]],1],[872,[-0.276463,-0.513691,0.812213],87,67.0064,[-6.43647,181.789,96.7757],[-5.66458,182.42,95.0701],[100.309,117.475,-159.821],false,[33.1551,165.084,131.692],[43.8149,201.24,72.9841],[-2.62163,203.336,60.2352],[-10.4832,188.728,83.3316],[-3.87223,180.343,98.7955],[[[0.100833,-0.855205,-0.508388],[0.983101,0.00717218,0.182922],[-0.15279,-0.518241,0.841476]],[[0.100604,-0.855979,-0.507128],[0.248451,0.515179,-0.820282],[0.963406,-0.0434726,0.264498]],[[0.100604,-0.855979,-0.507128],[-0.955744,0.0584901,-0.288326],[0.276463,0.513691,-0.812213]],[[0.100604,-0.855979,-0.507128],[-0.930653,-0.261194,0.256245],[-0.3518,0.446181,-0.822897]]],2],[873,[-0.329924,-0.365914,0.870205],87,64.4285,[-1.72189,168.075,94.994],[-1.08931,168.571,93.3545],[105.405,119.382,-162.86],false,[35.3982,155.06,124.952],[47.0903,179.175,68.3338],[4.19622,183.936,56.7714],[-4.94334,173.8,80.8778],[0.508927,166.894,97.3603],[[[0.00285053,-0.920238,-0.39135],[0.982421,-0.0704707,0.172864],[-0.186655,-0.384963,0.90386]],[[0.00195088,-0.922082,-0.386989],[0.279867,0.372028,-0.885025],[0.960037,-0.106579,0.258786]],[[0.00195088,-0.922082,-0.386989],[-0.944005,0.125979,-0.304931],[0.329924,0.365914,-0.870205]],[[0.00195088,-0.922082,-0.386989],[-0.956473,-0.11465,0.268356],[-0.291815,0.369621,-0.88217]]],3],[874,[-0.620739,0.201772,-0.757609],87,50.5107,[4.40595,171.192,12.0538],[4.24588,171.565,11.9777],[152.122,156.982,-162.064],false,[30.6272,143.227,118.645],[45.2601,158.176,64.5648],[25.7774,164.829,35.817],[13.6365,168.776,20.9991],[2.26658,172.379,8.55531],[[[-0.181136,-0.93423,-0.307254],[0.950529,-0.246475,0.189061],[-0.252357,-0.257808,0.932658]],[[-0.238872,-0.969046,-0.0623663],[0.79959,-0.159845,-0.578883],[0.550995,-0.188146,0.813022]],[[-0.238872,-0.969046,-0.0623663],[0.746742,-0.142258,-0.649723],[0.620739,-0.201772,0.757609]],[[-0.238872,-0.969046,-0.0623663],[0.712623,-0.131311,-0.689149],[0.659628,-0.209062,0.721931]]],4],[880,[-0.138327,0.974877,-0.174584],88,48.5089,[-89.4648,239.353,77.1624],[-86.6945,233.611,83.0504],[149.94,-163.617,256.515],false,[-74.4174,143.921,109.231],[-74.4174,143.921,109.231],[-78.5608,187.447,93.5107],[-82.9507,218.385,87.9702],[-85.6797,239.459,83.1777],[[[-0.93819,-0.343775,-0.0402376],[-0.294874,0.732987,0.613009],[0.181243,-0.586983,0.789051]],[[-0.953011,-0.178992,-0.2444],[-0.289512,0.30065,0.908731],[0.0891771,-0.936788,0.338343]],[[-0.953011,-0.178992,-0.2444],[-0.26951,0.132573,0.953828],[0.138327,-0.974877,0.174584]],[[-0.953011,-0.178992,-0.2444],[-0.275817,0.17905,0.944387],[0.125278,-0.967421,0.220006]]],0],[881,[0.227314,-0.286482,0.930729],88,54.7369,[-61.5186,154.008,58.1404],[-60.2537,150.635,61.3074],[64.1777,-202.365,209.919],false,[-94.8501,138.645,102.793],[-99.7175,161.315,38.3605],[-60.6717,159.853,29.8531],[-55.5578,153.408,50.792],[-61.9954,150.036,64.9372],[[[-0.0990599,-0.940995,-0.323598],[-0.992539,0.0702067,0.0996813],[0.0710808,-0.331058,0.940929]],[[-0.0950184,-0.957713,-0.271581],[-0.193824,0.285393,-0.938607],[-0.976424,0.0365458,0.212746]],[[-0.0950184,-0.957713,-0.271581],[0.969175,-0.0267021,-0.244923],[-0.227314,0.286482,-0.930729]],[[-0.0950184,-0.957713,-0.271581],[0.909452,-0.194454,0.367539],[0.404807,0.212067,-0.889471]]],1],[882,[0.231132,-0.168373,0.958242],88,62.3683,[-59.0686,142.343,61.9686],[-57.8528,139.147,65.1324],[62.1743,-204.421,208.16],false,[-97.5848,128.269,98.7658],[-102.947,141.195,35.3529],[-58.9883,146.375,28.0319],[-52.8707,141.919,53.3947],[-59.68,138.259,69.085],[[[0.0821191,-0.975159,-0.20572],[-0.993196,-0.0971757,0.0641718],[0.0825688,-0.199051,0.976505]],[[0.083277,-0.977873,-0.191909],[-0.181731,0.174446,-0.967751],[-0.979816,-0.115467,0.163182]],[[0.083277,-0.977873,-0.191909],[0.969352,0.124156,-0.211996],[-0.231132,0.168373,-0.958242]],[[0.083277,-0.977873,-0.191909],[0.91734,-0.00000697577,0.398106],[0.389298,0.209199,-0.897041]]],2],[883,[0.254227,0.0146597,0.967034],88,59.9688,[-61.9199,129.851,63.2738],[-60.6171,126.6,66.4682],[59.7993,-203.711,207.856],false,[-97.5458,117.243,95.7331],[-102.803,120.12,37.7378],[-62.6733,127.337,29.5524],[-56.1181,127.715,54.4868],[-62.4398,126.126,70.6097],[[[0.168011,-0.983704,-0.0640256],[-0.981653,-0.172894,0.0804062],[0.0901655,-0.0493418,0.994704]],[[0.170992,-0.984815,-0.0300233],[-0.199049,-0.00468463,-0.979978],[-0.964957,-0.173544,0.196827]],[[0.170992,-0.984815,-0.0300233],[0.951909,0.172987,-0.252873],[-0.254227,-0.0146597,-0.967034]],[[0.170992,-0.984815,-0.0300233],[0.915764,0.147612,0.373613],[0.363507,0.0913789,-0.927099]]],3],[884,[0.819025,0.139728,-0.556483],88,47.0144,[-51.067,108.454,-1.06522],[-50.4784,106.667,1.38447],[65.0858,-207.647,208.631],false,[-90.9636,105.833,94.3325],[-98.2439,101.007,41.0724],[-76.316,101.335,16.5319],[-61.4057,103.879,6.40116],[-47.2877,107.266,-0.425655],[[[0.33719,-0.940623,0.0391315],[-0.931723,-0.327466,0.157031],[0.134893,0.0894089,0.986818]],[[0.361369,-0.878974,0.311156],[-0.652307,-0.476766,-0.589228],[-0.666265,-0.00995976,0.745649]],[[0.361369,-0.878974,0.311156],[-0.445657,-0.45594,-0.770395],[-0.819025,-0.139728,0.556483]],[[0.361369,-0.878974,0.311156],[-0.308316,-0.427577,-0.849776],[-0.879974,-0.211148,0.425515]]],4]],[[0,200,0],[235.247,235.247,147.751]]],[132887,4823999388,[[87,"right",[0.306064,0.512426,-0.802337],[-0.919455,-0.0594058,-0.388681],[34.8443,186.353,86.8897],[102.982,87.9444,-161.824],[33.8769,185.957,88.5457],0,0.680106,0.546906,[[-0.0235588,-0.694139,-0.719456],[0.747184,0.465902,-0.473975],[0.6642,-0.548732,0.507673]],63.72,[203.504,4.25118,265.514],[24.1704,152.409,128.442]],[88,"left",[-0.221278,0.166292,-0.960928],[0.973314,-0.0237709,-0.228244],[-92.9182,132.222,59.0255],[56.942,-157.261,178.436],[-93.7198,134.363,56.3663],0,0.725577,0.457351,[[0.334872,-0.856149,-0.393536],[-0.545832,0.164184,-0.821652],[-0.768068,-0.489952,0.412332]],59.3093,[-279.165,-6.16547,210.754],[-86.1413,116.965,107.131]]],[[870,[-0.11815,0.99299,0.0033593],87,52.1164,[-9.18573,272.217,132.209],[-7.88189,273.671,128.235],[54.3919,60.8725,-152.785],false,[6.15618,174.436,139.903],[6.15618,174.436,139.903],[-1.71275,222.297,128.107],[-5.74115,256.154,128.221],[-8.26812,279.379,129.601],[[[0.981434,-0.191598,0.00881121],[0.0930967,0.516032,0.851495],[-0.167692,-0.834866,0.524288]],[[0.977129,0.116864,-0.177656],[0.14272,0.25892,0.955297],[0.157638,-0.958803,0.236319]],[[0.977129,0.116864,-0.177656],[0.176803,0.0177076,0.984087],[0.11815,-0.99299,-0.0033593]],[[0.977129,0.116864,-0.177656],[0.183195,-0.0384158,0.982326],[0.107974,-0.992405,-0.0589461]]],0],[871,[-0.319278,-0.609802,0.725398],87,58.8075,[-6.53651,196.329,94.04],[-4.77692,196.995,90.9933],[90.3375,77.5404,-190.43],false,[29.4004,174.171,135.264],[38.3026,220.74,79.0102],[-1.12988,217.851,62.2026],[-8.84697,203.112,79.7357],[-3.80398,195.218,94.0248],[[[0.294718,-0.758476,-0.581254],[0.947892,0.15502,0.278334],[-0.121004,-0.632996,0.76464]],[[0.287718,-0.791706,-0.538907],[0.273483,0.607189,-0.746009],[0.917837,0.0672589,0.391217]],[[0.287718,-0.791706,-0.538907],[-0.902928,-0.036649,-0.428226],[0.319278,0.609802,-0.725398]],[[0.287718,-0.791706,-0.538907],[-0.911097,-0.399688,0.100752],[-0.29516,0.462008,-0.836319]]],1],[872,[-0.282282,-0.51889,0.806889],87,67.0064,[-5.06736,182.257,94.2207],[-3.85204,182.912,91.2829],[100.957,75.287,-184.743],false,[34.6752,165.569,128.208],[45.7589,202.058,69.7846],[-0.556456,204.012,56.5802],[-8.58355,189.257,79.5253],[-2.08977,180.826,95.0135],[[[0.109721,-0.852262,-0.51148],[0.981185,0.0106238,0.192779],[-0.158864,-0.523008,0.837392]],[[0.109489,-0.853025,-0.510255],[0.254365,0.520293,-0.815226],[0.960891,-0.0405329,0.273946]],[[0.109489,-0.853025,-0.510255],[-0.953063,0.0556906,-0.297607],[0.282282,0.51889,-0.806889]],[[0.109489,-0.853025,-0.510255],[-0.931987,-0.266564,0.24565],[-0.345561,0.448655,-0.824194]]],2],[873,[-0.336961,-0.37157,0.865097],87,64.4285,[-0.265646,168.548,92.3352],[0.802131,169.093,89.5478],[105.725,77.1038,-186.818],false,[37.0303,155.589,121.442],[49.179,180.03,65.0607],[6.38191,184.659,53.092],[-2.9526,174.366,77.0569],[2.36584,167.404,93.5598],[[[0.0108669,-0.918297,-0.395743],[0.980952,-0.0669713,0.182339],[-0.193945,-0.390186,0.900078]],[[0.00992427,-0.920182,-0.391364],[0.287042,0.377533,-0.880384],[0.957867,-0.103601,0.267878]],[[0.00992427,-0.920182,-0.391364],[-0.941466,0.123289,-0.313754],[0.336961,0.37157,-0.865097]],[[0.00992427,-0.920182,-0.391364],[-0.95858,-0.120168,0.258234],[-0.284652,0.372591,-0.883261]]],3],[874,[-0.613348,0.20228,-0.763471],87,50.5107,[6.72223,172.107,8.88257],[6.99281,172.486,8.19149],[153.188,107.368,-185.627],false,[32.3753,143.766,115.031],[47.4804,159.043,61.1721],[28.2891,165.731,32.2371],[16.2927,169.687,17.3045],[5.04095,173.294,4.7549],[[[-0.173885,-0.933512,-0.31356],[0.949686,-0.243192,0.197366],[-0.260499,-0.263465,0.928831]],[[-0.234011,-0.969786,-0.0689458],[0.806635,-0.154075,-0.570615],[0.542752,-0.189144,0.818318]],[[-0.234011,-0.969786,-0.0689458],[0.75435,-0.136373,-0.642152],[0.613348,-0.20228,0.763471]],[[-0.234011,-0.969786,-0.0689458],[0.7205,-0.12537,-0.682027],[0.652777,-0.209277,0.728069]]],4],[880,[-0.132772,0.973135,-0.188096],88,48.5089,[-87.8791,237.425,79.7495],[-85.6679,231.872,84.883],[105.191,-134.514,180.087],false,[-74.0391,142.354,112.052],[-74.0391,142.354,112.052],[-77.8813,185.742,95.8836],[-82.0949,216.625,89.9143],[-84.6711,237.635,84.7661],[[[-0.938201,-0.342969,-0.0463738],[-0.299993,0.739091,0.603116],[0.172576,-0.579756,0.796304]],[[-0.950601,-0.178751,-0.253783],[-0.299197,0.309812,0.902495],[0.0826967,-0.933844,0.347989]],[[-0.950601,-0.178751,-0.253783],[-0.280587,0.145109,0.948796],[0.132772,-0.973135,0.188096]],[[-0.950601,-0.178751,-0.253783],[-0.287005,0.194646,0.937945],[0.118261,-0.964449,0.236333]]],0],[881,[0.214283,-0.276725,0.936753],88,54.7369,[-60.8338,152.004,60.6639],[-59.4553,148.615,64.311],[54.6102,-160.723,191.261],false,[-94.4135,137.042,105.46],[-98.6075,159.111,40.772],[-59.4594,157.482,32.7811],[-54.6386,151.257,53.8555],[-61.2574,148.05,67.9556],[[[-0.0970873,-0.943875,-0.315713],[-0.99339,0.0723783,0.0890982],[0.0612468,-0.322276,0.944662]],[[-0.0935062,-0.960437,-0.262332],[-0.18124,0.275504,-0.94406],[-0.978983,0.0407304,0.199831]],[[-0.0935062,-0.960437,-0.262332],[0.972286,-0.0313791,-0.231681],[-0.214283,0.276725,-0.936753]],[[-0.0935062,-0.960437,-0.262332],[0.904454,-0.192087,0.380875],[0.416197,0.201653,-0.886632]]],1],[882,[0.220944,-0.159724,0.962119],88,62.3683,[-58.3956,140.329,64.4874],[-57.0532,137.139,68.1896],[54.0576,-161.33,191.05],false,[-97.1218,126.632,101.504],[-101.834,138.968,37.9215],[-57.7935,144.021,31.0134],[-51.9456,139.793,56.4788],[-58.9187,136.29,72.1327],[[[0.0828608,-0.977154,-0.195715],[-0.993916,-0.09533,0.0551587],[0.0725561,-0.189954,0.979108]],[[0.0838742,-0.979732,-0.181909],[-0.171347,0.165653,-0.971185],[-0.981634,-0.112627,0.15398]],[[0.0838742,-0.979732,-0.181909],[0.971673,0.120889,-0.203069],[-0.220944,0.159724,-0.962119]],[[0.0838742,-0.979732,-0.181909],[0.913255,0.00254385,0.407381],[0.398661,0.200298,-0.894958]]],2],[883,[0.244333,0.0232202,0.969413],88,59.9688,[-61.2887,127.875,65.7765],[-59.8458,124.607,69.6181],[52.1574,-160.498,193.282],false,[-97.0674,115.579,98.5751],[-101.742,117.916,40.5058],[-61.5188,125.007,32.676],[-55.2188,125.606,57.6718],[-61.7024,124.174,73.745],[[[0.167323,-0.984471,-0.0530957],[-0.982637,-0.170906,0.0722185],[0.0801715,-0.04009,0.995975]],[[0.16995,-0.985265,-0.0192347],[-0.188781,-0.0133937,-0.981928],[-0.967201,-0.17051,0.188276]],[[0.16995,-0.985265,-0.0192347],[0.954682,0.169451,-0.244679],[-0.244333,-0.0232202,-0.969413]],[[0.16995,-0.985265,-0.0192347],[0.912207,0.149904,0.381323],[0.372821,0.0823517,-0.924242]]],3],[884,[0.824884,0.133759,-0.54925],88,47.0144,[-50.0397,106.056,1.90806],[-49.0677,104.065,4.81035],[72.0042,-178.497,201.452],false,[-90.4868,104.148,97.3476],[-97.2419,98.83,44.0653],[-75.0588,98.9134,19.7531],[-60.0419,101.349,9.75401],[-45.8508,104.657,3.04102],[[[0.335522,-0.940632,0.0513365],[-0.933681,-0.324813,0.150787],[0.125161,0.0985245,0.987232]],[[0.357063,-0.876536,0.322786],[-0.646688,-0.48133,-0.591706],[-0.674018,-0.00253392,0.738711]],[[0.357063,-0.876536,0.322786],[-0.438262,-0.462378,-0.770801],[-0.824884,-0.133759,0.54925]],[[0.357063,-0.876536,0.322786],[-0.300191,-0.434916,-0.84896],[-0.884529,-0.206235,0.41842]]],4]],[[0,200,0],[235.247,235.247,147.751]]],[132888,4824009086,[[87,"right",[0.310634,0.507479,-0.803724],[-0.916721,-0.0635606,-0.394439],[35.6095,187.146,84.6516],[95.9427,86.1182,-181.988],[34.4603,186.357,87.2344],0,0.678516,0.555615,[[-0.0260364,-0.693495,-0.71999],[0.747631,0.464604,-0.474543],[0.663603,-0.550643,0.506382]],63.72,[203.884,4.79239,263.084],[24.7108,153.466,126.361]],[88,"left",[-0.215158,0.160134,-0.963361],[0.974244,-0.0329872,-0.223071],[-92.6777,131.498,60.7545],[47.5414,-133.094,178.391],[-93.4391,133.591,57.5482],0,0.726148,0.420171,[[0.335566,-0.857784,-0.38936],[-0.543135,0.161533,-0.823961],[-0.769675,-0.487968,0.411688]],59.3093,[-279.687,-6.04928,212.477],[-86.2597,116.582,109.015]]],[[870,[-0.119763,0.992793,-0.00431399],87,52.1164,[-8.90698,272.645,131.293],[-7.53129,274.674,125.122],[48.7952,73.4116,-202.423],false,[6.58447,175.54,137.551],[6.58447,175.54,137.551],[-1.28099,223.306,125.372],[-5.36437,257.156,125.225],[-7.93667,280.387,126.433],[[[0.981659,-0.189911,0.0167073],[0.086533,0.521947,0.848577],[-0.169874,-0.831568,0.528808]],[[0.97812,0.117246,-0.171859],[0.135846,0.265715,0.954432],[0.157569,-0.956895,0.243974]],[[0.97812,0.117246,-0.171859],[0.170115,0.0248019,0.985112],[0.119763,-0.992793,0.00431399]],[[0.97812,0.117246,-0.171859],[0.176641,-0.0316107,0.983768],[0.10991,-0.9926,-0.0516295]]],0],[871,[-0.324518,-0.60589,0.72635],87,58.8075,[-6.06304,196.636,92.7957],[-4.08269,197.756,88.3698],[84.6776,77.8037,-214.348],false,[29.8598,175.283,133.07],[39.0655,221.484,76.5622],[-0.235304,218.448,59.4743],[-8.07904,203.804,77.0305],[-3.13936,195.999,91.4042],[[[0.299844,-0.761911,-0.574095],[0.945746,0.158471,0.283638],[-0.125129,-0.627996,0.768091]],[[0.292689,-0.794545,-0.532007],[0.27843,0.60308,-0.74751],[0.914773,0.0706613,0.39774]],[[0.292689,-0.794545,-0.532007],[-0.899456,-0.0399489,-0.435182],[0.324518,0.60589,-0.72635]],[[0.292689,-0.794545,-0.532007],[-0.911453,-0.400044,0.0960142],[-0.289114,0.456797,-0.841278]]],1],[872,[-0.286836,-0.513896,0.808478],87,67.0064,[-4.52611,182.565,92.9467],[-3.10701,183.669,88.8083],[93.8508,76.1779,-205.297],false,[35.1958,166.642,126.108],[46.6137,202.752,67.5139],[0.385504,204.54,53.985],[-7.77109,189.927,76.9752],[-1.36698,181.612,92.5631],[[[0.114532,-0.855528,-0.504931],[0.979847,0.0135536,0.199292],[-0.163656,-0.51758,0.839838]],[[0.114297,-0.85627,-0.503724],[0.259025,0.515194,-0.816995],[0.959084,-0.0370969,0.28068]],[[0.114297,-0.85627,-0.503724],[-0.951137,0.0520798,-0.304346],[0.286836,0.513896,-0.808478]],[[0.114297,-0.85627,-0.503724],[-0.933166,-0.266473,0.241233],[-0.34079,0.442485,-0.829499]]],2],[873,[-0.34216,-0.366197,0.865347],87,64.4285,[0.306933,168.867,91.0462],[1.58251,169.848,87.1986],[98.2469,77.4697,-203.018],false,[37.6124,156.62,119.425],[50.101,180.698,62.9628],[7.37904,185.176,50.6727],[-2.09949,175.032,74.6446],[3.12051,168.192,91.2297],[[[0.0150074,-0.92094,-0.389415],[0.979809,-0.0641109,0.189378],[-0.199371,-0.384395,0.901383]],[[0.0140256,-0.922821,-0.384973],[0.292425,0.371963,-0.880983],[0.956186,-0.100219,0.275073]],[[0.0140256,-0.922821,-0.384973],[-0.939537,0.119585,-0.320889],[0.34216,0.366197,-0.865347]],[[0.0140256,-0.922821,-0.384973],[-0.960077,-0.120005,0.252687],[-0.279383,0.366059,-0.887663]]],3],[874,[-0.60793,0.195677,-0.769501],87,50.5107,[7.69243,172.337,7.34373],[8.35699,172.68,5.82399],[149.541,81.4291,-202.544],false,[33.0197,144.746,113.064],[48.4624,159.682,59.2056],[29.4802,166.126,30.0777],[17.5898,169.953,15.0272],[6.42579,173.45,2.36856],[[[-0.170269,-0.935903,-0.308374],[0.948726,-0.240277,0.20539],[-0.266321,-0.257591,0.928827]],[[-0.232082,-0.970623,-0.0634685],[0.811137,-0.157111,-0.563358],[0.536837,-0.182227,0.823771]],[[-0.232082,-0.970623,-0.0634685],[0.759315,-0.140003,-0.635484],[0.60793,-0.195677,0.769501]],[[-0.232082,-0.970623,-0.0634685],[0.725699,-0.129333,-0.675747],[0.647687,-0.202888,0.734396]]],4],[880,[-0.120673,0.970726,-0.207676],88,48.5089,[-86.9913,236.461,80.901],[-84.4499,231.276,85.4795],[108.953,-117.694,133.855],false,[-73.9898,141.918,113.793],[-73.9898,141.918,113.793],[-77.3358,185.137,97.0676],[-81.1655,215.943,90.4769],[-83.4618,236.869,84.8749],[[[-0.940536,-0.336231,-0.0483836],[-0.297404,0.746222,0.59557],[0.164144,-0.574544,0.801845]],[[-0.950593,-0.173277,-0.25758],[-0.30197,0.323638,0.896701],[0.0720149,-0.930179,0.359973]],[[-0.950593,-0.173277,-0.25758],[-0.286025,0.166333,0.943675],[0.120673,-0.970726,0.207676]],[[-0.950593,-0.173277,-0.25758],[-0.291992,0.217309,0.931406],[0.105417,-0.9606,0.257168]]],0],[881,[0.20697,-0.270253,0.94028],88,54.7369,[-60.5545,151.191,61.809],[-59.1318,147.69,66.0964],[48.392,-141.444,189.05],false,[-94.3706,136.708,107.14],[-98.0703,158.28,42.255],[-58.8936,156.284,34.4907],[-54.2373,150.204,55.6445],[-60.9573,147.17,69.7349],[[[-0.102667,-0.945652,-0.308548],[-0.993247,0.0806108,0.0834357],[0.0540288,-0.315031,0.947542]],[[-0.0994543,-0.961923,-0.254582],[-0.174064,0.268724,-0.947359],[-0.979699,0.0499053,0.194162]],[[-0.0994543,-0.961923,-0.254582],[0.973279,-0.040824,-0.225967],[-0.20697,0.270253,-0.94028]],[[-0.0994543,-0.961923,-0.254582],[0.900862,-0.195695,0.387494],[0.42256,0.190805,-0.886023]]],1],[882,[0.214954,-0.153568,0.964475],88,62.3683,[-58.1392,139.519,65.6427],[-56.8225,136.218,70.0658],[45.267,-141.793,191.663],false,[-97.138,126.287,103.254],[-101.435,138.139,39.5513],[-57.3232,142.802,32.8294],[-51.6338,138.738,58.3572],[-58.7096,135.414,74.0042],[[[0.0764153,-0.979313,-0.187367],[-0.994878,-0.0873594,0.0508536],[0.0661699,-0.182522,0.980973]],[[0.0773378,-0.981782,-0.17356],[-0.165138,0.159063,-0.973359],[-0.983234,-0.103939,0.149828]],[[0.0773378,-0.981782,-0.17356],[0.973557,0.111898,-0.199161],[-0.214954,0.153568,-0.964475]],[[0.0773378,-0.981782,-0.17356],[0.911247,-0.00102711,0.411858],[0.404533,0.190009,-0.894567]]],2],[883,[0.239447,0.0291203,0.970473],88,59.9688,[-61.0664,127.088,66.932],[-59.7245,123.716,71.5929],[40.6283,-140.247,196.258],false,[-97.1528,115.21,100.416],[-101.516,117.11,42.3064],[-61.199,123.833,34.6389],[-55.025,124.584,59.662],[-61.5999,123.33,75.713],[[[0.160099,-0.986108,-0.0442639],[-0.98426,-0.162878,0.0685825],[0.0748393,-0.0325872,0.996663]],[[0.162541,-0.986646,-0.0104985],[-0.183609,-0.0197904,-0.9828],[-0.969468,-0.161673,0.184374]],[[0.162541,-0.986646,-0.0104985],[0.957207,0.160255,-0.240983],[-0.239447,-0.0291203,-0.970473]],[[0.162541,-0.986646,-0.0104985],[0.911397,0.14605,0.38474],[0.378069,0.0721042,-0.922965]]],3],[884,[0.828686,0.123164,-0.545995],88,47.0144,[-49.6754,104.976,3.35023],[-48.7661,102.574,6.99523],[60.1471,-171.096,208.648],false,[-90.6532,103.719,99.3147],[-97.1797,98.0194,46.0434],[-74.8679,97.745,21.8506],[-59.7818,99.9872,11.9108],[-45.5323,103.135,5.24398],[[[0.328098,-0.942694,0.0606673],[-0.936872,-0.316505,0.148645],[0.120925,0.105607,0.987028]],[[0.348752,-0.8766,0.331579],[-0.647137,-0.481147,-0.591364],[-0.677928,0.00833723,0.735081]],[[0.348752,-0.8766,0.331579],[-0.437781,-0.465191,-0.76938],[-0.828686,-0.123164,0.545995]],[[0.348752,-0.8766,0.331579],[-0.299218,-0.439418,-0.846983],[-0.888167,-0.196173,0.415543]]],4]],[[0,200,0],[235.247,235.247,147.751]]],[132889,4824026658,[[87,"right",[0.326294,0.493081,-0.806475],[-0.910143,-0.0665355,-0.408917],[37.1711,187.86,79.6203],[92.6472,64.9466,-230.573],[35.4248,186.892,84.5254],0,0.67676,0.564429,[[-0.0338642,-0.698862,-0.714455],[0.746667,0.457491,-0.482898],[0.664336,-0.549813,0.506324]],63.72,[204.8,6.45938,258.389],[25.429,154.909,121.681]],[88,"left",[-0.196468,0.162864,-0.96689],[0.977556,-0.0439566,-0.20604],[-92.4828,130.092,63.9746],[30.5672,-108.383,180.655],[-93.1331,132.471,59.6047],0,0.726687,0.419239,[[0.332365,-0.857359,-0.393027],[-0.541652,0.167629,-0.82372],[-0.772106,-0.486659,0.408676]],59.3093,[-281.117,-7.21334,215.037],[-87.0783,115.089,112.333]]],[[870,[-0.115626,0.993032,-0.0227666],87,52.1164,[-8.46926,273.264,129.351],[-6.28953,276.207,117.929],[58.5129,80.0772,-299.458],false,[7.20511,177.232,132.199],[7.20511,177.232,132.199],[-0.256689,224.819,119.104],[-4.19904,258.677,118.327],[-6.69499,281.934,119.119],[[[0.980454,-0.193326,0.0365278],[0.0742323,0.53543,0.841311],[-0.182206,-0.822156,0.539316]],[[0.981375,0.110669,-0.157023],[0.12066,0.280933,0.952112],[0.149482,-0.953325,0.262347]],[[0.981375,0.110669,-0.157023],[0.153409,0.0404986,0.987332],[0.115626,-0.993032,0.0227666]],[[0.981375,0.110669,-0.157023],[0.159781,-0.0164567,0.987015],[0.106648,-0.993721,-0.033833]]],0],[871,[-0.340046,-0.5933,0.729633],87,58.8075,[-5.32811,197.095,90.4436],[-2.55322,198.681,82.448],[85.9024,65.9179,-271.785],false,[30.5519,176.813,128.121],[40.9034,222.048,71.0325],[1.89547,218.907,53.3047],[-6.32359,204.566,70.9402],[-1.67128,196.964,85.517],[[[0.30645,-0.772331,-0.55641],[0.94143,0.15951,0.297096],[-0.140703,-0.614866,0.775978]],[[0.298561,-0.803838,-0.514495],[0.294071,0.590336,-0.751682],[0.907956,0.073125,0.412637]],[[0.298561,-0.803838,-0.514495],[-0.891757,-0.0428877,-0.450478],[0.340046,0.5933,-0.729633]],[[0.298561,-0.803838,-0.514495],[-0.914722,-0.394816,0.0860414],[-0.272294,0.444932,-0.853166]]],1],[872,[-0.305585,-0.499961,0.810344],87,67.0064,[-3.73156,183.064,90.4448],[-1.64377,184.625,83.0785],[87.6754,66.9123,-263.394],false,[35.9702,168.039,121.392],[48.528,203.142,62.4207],[2.58876,204.969,47.9456],[-6.10098,190.752,70.9889],[-0.0267259,182.65,86.8191],[[[0.119612,-0.864102,-0.488898],[0.976368,0.0131037,0.215715],[-0.179993,-0.503146,0.845249]],[[0.119483,-0.864462,-0.488293],[0.278112,0.501268,-0.81938],[0.953089,-0.0378977,0.30031]],[[0.119483,-0.864462,-0.488293],[-0.944638,0.0523924,-0.323903],[0.305585,0.499961,-0.810344]],[[0.119483,-0.864462,-0.488293],[-0.938745,-0.258486,0.22791],[-0.323236,0.431151,-0.842394]]],2],[873,[-0.358256,-0.350592,0.865296],87,64.4285,[1.16271,169.368,88.5467],[3.04368,170.738,81.8696],[91.0289,65.1264,-249.643],false,[38.4592,157.9,114.916],[52.0024,181.004,58.2897],[9.51563,185.443,45.1966],[-0.408793,175.731,69.167],[4.50385,169.146,85.9479],[[[0.0178754,-0.927238,-0.374045],[0.976184,-0.0647119,0.207069],[-0.216207,-0.368838,0.903998]],[[0.0167862,-0.929084,-0.369487],[0.308975,0.356272,-0.881819],[0.950922,-0.0993598,0.293044]],[[0.0167862,-0.929084,-0.369487],[-0.933472,0.117846,-0.338736],[0.358256,0.350592,-0.865296]],[[0.0167862,-0.929084,-0.369487],[-0.964668,-0.112227,0.238371],[-0.262933,0.352431,-0.898142]]],3],[874,[-0.593353,0.184714,-0.783462],87,50.5107,[9.66948,172.234,3.89296],[11.2596,172.179,0.536235],[156.746,29.5221,-247.839],false,[33.927,145.941,108.671],[50.3424,159.936,54.848],[31.9098,165.948,25.2783],[20.3045,169.56,9.95474],[9.38064,172.882,-2.9582],[[[-0.16881,-0.940172,-0.29594],[0.944118,-0.240474,0.225418],[-0.283097,-0.24135,0.928227]],[[-0.235103,-0.970643,-0.0507907],[0.820351,-0.170131,-0.545967],[0.521298,-0.170024,0.836266]],[[-0.235103,-0.970643,-0.0507907],[0.769844,-0.154057,-0.61936],[0.593353,-0.184714,0.783462]],[[-0.235103,-0.970643,-0.0507907],[0.736943,-0.143938,-0.660451],[0.633752,-0.192704,0.749149]]],4],[880,[-0.102606,0.968493,-0.22692],88,48.5089,[-85.4425,234.566,83.1612],[-83.1539,229.672,88.22],[86.4571,-112.224,130.204],false,[-74.6075,140.283,117.337],[-74.6075,140.283,117.337],[-77.1721,183.412,100.246],[-80.4283,214.147,93.0446],[-82.298,234.987,86.9837],[[[-0.943295,-0.325535,-0.0649739],[-0.299291,0.749358,0.590667],[0.143594,-0.576619,0.804296]],[[-0.948153,-0.164207,-0.272107],[-0.312984,0.333745,0.889188],[0.0551962,-0.928251,0.367835]],[[-0.948153,-0.164207,-0.272107],[-0.300795,0.187235,0.935128],[0.102606,-0.968493,0.22692]],[[-0.948153,-0.164207,-0.272107],[-0.306004,0.240454,0.921164],[0.085832,-0.95667,0.278235]]],0],[881,[0.186818,-0.272202,0.943931],88,54.7369,[-60.2392,150.043,63.7294],[-58.8732,145.915,69.935],[32.6227,-122.495,202.546],false,[-94.9266,135.306,110.326],[-97.2478,156.939,45.3974],[-57.964,154.494,38.3343],[-53.7611,148.37,59.5702],[-60.768,145.419,73.5379],[[[-0.107965,-0.944331,-0.310778],[-0.993577,0.0918363,0.0661179],[0.0338965,-0.31592,0.94818]],[[-0.105854,-0.96083,-0.256125],[-0.15405,0.270308,-0.950369],[-0.982377,0.0611439,0.176629]],[[-0.105854,-0.96083,-0.256125],[0.976675,-0.0520695,-0.208314],[-0.186818,0.272202,-0.943931]],[[-0.105854,-0.96083,-0.256125],[0.891438,-0.205822,0.403702],[0.440605,0.185587,-0.878308]]],1],[882,[0.196475,-0.156324,0.967967],88,62.3683,[-57.8855,138.368,67.5646],[-56.7438,134.4,73.9208],[26.2999,-123.855,204.355],false,[-97.7436,124.918,106.387],[-100.793,136.839,42.6251],[-56.5196,141.003,36.6806],[-51.3193,136.866,62.3008],[-58.7,133.617,77.8222],[[[0.06858,-0.980057,-0.186505],[-0.99654,-0.0760944,0.0334264],[0.0469518,-0.183568,0.981885]],[[0.0692311,-0.982533,-0.172729],[-0.146221,0.16128,-0.976016],[-0.986826,-0.0928273,0.132502]],[[0.0692311,-0.982533,-0.172729],[0.978062,0.10095,-0.18222],[-0.196475,0.156324,-0.967967]],[[0.0692311,-0.982533,-0.172729],[0.903965,-0.0114509,0.427452],[0.421964,0.185734,-0.887383]]],2],[883,[0.222491,0.0258635,0.974592],88,59.9688,[-60.8822,125.985,68.7995],[-59.8259,121.927,75.4097],[19.0303,-122.26,205.813],false,[-97.8342,113.843,103.544],[-101.16,115.81,45.3676],[-60.6377,122.08,38.4326],[-54.9009,122.747,63.562],[-61.7682,121.56,79.4951],[[[0.149669,-0.987845,-0.0419655],[-0.987089,-0.151734,0.0512994],[0.0570434,-0.0337458,0.997801]],[[0.151504,-0.988421,-0.00835666],[-0.166089,-0.017122,-0.985962],[-0.974403,-0.150765,0.16676]],[[0.151504,-0.988421,-0.00835666],[0.963091,0.149514,-0.223834],[-0.222491,-0.0258635,-0.974592]],[[0.151504,-0.988421,-0.00835666],[0.906152,0.135506,0.400658],[0.394887,0.0682737,-0.91619]]],3],[884,[0.83944,0.113986,-0.531364],88,47.0144,[-49.0721,103.371,6.02724],[-47.9665,100.69,10.9747],[53.4548,-141.177,217.061],false,[-91.447,102.28,102.55],[-97.106,96.6709,49.17],[-74.3734,96.158,25.3762],[-59.0915,98.2331,15.7027],[-44.6938,101.22,9.28511],[[[0.31629,-0.946371,0.0659058],[-0.94285,-0.305914,0.132098],[0.104852,0.103921,0.989043]],[[0.332954,-0.880633,0.337087],[-0.641914,-0.473543,-0.603078],[-0.690715,0.0155836,0.722959]],[[0.332954,-0.880633,0.337087],[-0.429513,-0.459884,-0.777191],[-0.83944,-0.113986,0.531364]],[[0.332954,-0.880633,0.337087],[-0.289503,-0.435687,-0.85227],[-0.897401,-0.186179,0.40001]]],4]],[[0,200,0],[235.247,235.247,147.751]]],[132890,4824042280,[[87,"right",[0.340185,0.4807,-0.808209],[-0.901214,-0.0787371,-0.426163],[38.4431,187.88,75.5407],[87.8539,37.7384,-243.633],[36.0719,187.104,82.5991],0,0.676158,0.581686,[[-0.0345032,-0.701568,-0.711766],[0.746741,0.455235,-0.484911],[0.664219,-0.548236,0.508183]],63.72,[205.352,7.58079,255.136],[26.013,155.605,117.927]],[88,"left",[-0.183308,0.161914,-0.96963],[0.979054,-0.0588373,-0.194915],[-92.3368,128.981,67.6653],[21.5031,-92.4596,204.405],[-92.9724,131.767,61.2318],0,0.726852,0.410916,[[0.33419,-0.85588,-0.394698],[-0.535529,0.172173,-0.82678],[-0.775581,-0.487674,0.40081]],59.3093,[-282.6,-8.46735,216.864],[-87.6888,114.09,116.137]]],[[870,[-0.120285,0.991818,-0.0427664],87,52.1164,[-8.27171,273.579,127.935],[-6.24857,276.644,111.402],[33.9961,58.1859,-350.565],false,[7.46164,178.007,127.676],[7.46164,178.007,127.676],[0.0237536,225.314,113.59],[-4.07742,259.131,112.132],[-6.70855,282.384,112.467],[[[0.980492,-0.187206,0.0599178],[0.054192,0.550473,0.833092],[-0.188943,-0.813593,0.549879]],[[0.983804,0.113325,-0.138876],[0.0996344,0.298323,0.949251],[0.149003,-0.947714,0.2822]],[[0.983804,0.113325,-0.138876],[0.132893,0.0587784,0.989386],[0.120285,-0.991818,0.0427664]],[[0.983804,0.113325,-0.138876],[0.139606,0.00150952,0.990206],[0.112424,-0.993557,-0.0143357]]],0],[871,[-0.352063,-0.582835,0.732363],87,58.8075,[-4.8837,197.267,88.8594],[-1.3921,198.525,77.3424],[81.2076,33.2426,-295.524],false,[30.889,177.646,124.083],[42.1729,221.933,66.4302],[3.55789,218.279,47.956],[-4.9516,204.191,65.6575],[-0.561251,196.862,80.4535],[[[0.321799,-0.780234,-0.536358],[0.934302,0.169913,0.313382],[-0.153377,-0.601967,0.783652]],[[0.31332,-0.810704,-0.494561],[0.306548,0.579246,-0.755316],[0.89881,0.0850487,0.430009]],[[0.31332,-0.810704,-0.494561],[-0.881976,-0.0553477,-0.468032],[0.352063,0.582835,-0.732363]],[[0.31332,-0.810704,-0.494561],[-0.914222,-0.398417,0.073912],[-0.256962,0.42898,-0.865995]]],1],[872,[-0.323018,-0.487853,0.810962],87,67.0064,[-3.25606,183.254,88.7585],[-0.444609,184.527,78.1445],[81.7782,36.5908,-287.899],false,[36.4896,168.786,117.622],[50.0705,202.922,58.3099],[4.48497,204.337,42.714],[-4.70048,190.464,65.7748],[1.05366,182.653,81.8689],[[[0.134096,-0.871846,-0.471066],[0.971662,0.0223017,0.235322],[-0.194659,-0.489272,0.85013]],[[0.134096,-0.871846,-0.471066],[0.295929,0.4889,-0.820611],[0.945751,-0.0293615,0.323564]],[[0.134096,-0.871846,-0.471066],[-0.936845,0.043416,-0.347041],[0.323018,0.487853,-0.810962]],[[0.134096,-0.871846,-0.471066],[-0.942475,-0.259086,0.211225],[-0.306202,0.415644,-0.856435]]],2],[873,[-0.374064,-0.337312,0.863885],87,64.4285,[1.70767,169.549,86.8611],[4.3719,170.612,77.3953],[88.2903,34.0804,-265.225],false,[39.1634,158.549,111.378],[53.7439,180.734,54.6411],[11.5132,184.708,40.6042],[1.15086,175.364,64.5355],[5.75474,169.103,81.5264],[[[0.0303564,-0.933528,-0.357218],[0.972059,-0.055653,0.228045],[-0.232767,-0.354159,0.905754]],[[0.029165,-0.935328,-0.352579],[0.325214,0.342417,-0.881469],[0.945191,-0.0889554,0.314168]],[[0.029165,-0.935328,-0.352579],[-0.926944,0.106692,-0.35971],[0.374064,0.337312,-0.863885]],[[0.029165,-0.935328,-0.352579],[-0.968727,-0.1134,0.220698],[-0.246407,0.335116,-0.909385]]],3],[874,[-0.577922,0.167347,-0.79875],87,50.5107,[9.66948,172.234,3.89296],[14.2647,170.657,-3.78858],[171.968,-25.0567,-259.642],false,[34.8223,146.458,105.253],[52.2643,159.6,51.5377],[34.4186,164.978,21.4898],[23.1151,168.251,5.86722],[12.4442,171.28,-7.32606],[[[-0.15782,-0.946129,-0.282722],[0.940538,-0.231242,0.248828],[-0.300801,-0.226641,0.926365]],[[-0.229078,-0.972665,-0.0380384],[0.832347,-0.17547,-0.525745],[0.504699,-0.152098,0.849791]],[[-0.229078,-0.972665,-0.0380384],[0.783281,-0.160992,-0.60046],[0.577922,-0.167347,0.79875]],[[-0.229078,-0.972665,-0.0380384],[0.751176,-0.15179,-0.642413],[0.619079,-0.175736,0.765414]]],4],[880,[-0.0855793,0.9677,-0.237133],88,48.5089,[-84.2618,233.199,85.1607],[-81.7106,228.49,91.4225],[85.4133,-99.5261,158.24],false,[-74.9118,139.121,121.186],[-74.9118,139.121,121.186],[-76.7047,182.184,103.834],[-79.4206,212.895,96.3081],[-80.8945,233.687,89.982],[[[-0.947118,-0.312161,-0.0743183],[-0.294995,0.755885,0.584479],[0.126275,-0.575494,0.807998]],[[-0.947537,-0.15262,-0.280858],[-0.317309,0.343033,0.884106],[0.0385883,-0.926842,0.373465]],[[-0.947537,-0.15262,-0.280858],[-0.307978,0.200657,0.929993],[0.0855793,-0.9677,0.237133]],[[-0.947537,-0.15262,-0.280858],[-0.312403,0.256168,0.914758],[0.0676634,-0.954508,0.290407]]],0],[881,[0.171748,-0.270742,0.947207],88,54.7369,[-60.0524,149.291,65.18],[-58.5872,144.352,73.9638],[26.469,-112.793,226.059],false,[-95.2214,134.41,113.967],[-96.506,155.821,48.9359],[-57.1831,152.777,42.339],[-53.3192,146.686,63.6486],[-60.5304,143.897,77.5457],[[[-0.11813,-0.94388,-0.308443],[-0.992821,0.106398,0.0546444],[0.0187601,-0.312683,0.949672]],[[-0.116855,-0.960305,-0.253297],[-0.139135,0.268359,-0.953218],[-0.983355,0.0761457,0.164971]],[[-0.116855,-0.960305,-0.253297],[0.978186,-0.0671823,-0.196568],[-0.171748,0.270742,-0.947207]],[[-0.116855,-0.960305,-0.253297],[0.883589,-0.216973,0.414962],[0.453449,0.17532,-0.873869]]],1],[882,[0.183506,-0.155392,0.970659],88,62.3683,[-57.7541,137.616,69.013],[-56.6518,132.812,78.0004],[17.6088,-114.254,228.472],false,[-98.144,124.048,110.036],[-100.31,135.764,46.1991],[-55.9174,139.266,40.7377],[-51.0604,135.154,66.4292],[-58.6565,132.071,81.8804],[[[0.0564852,-0.981662,-0.182069],[-0.997846,-0.0615985,0.0225485],[0.0333501,-0.180403,0.983027]],[[0.0569459,-0.984088,-0.168308],[-0.132936,0.159606,-0.978189],[-0.989487,-0.078078,0.121732]],[[0.0569459,-0.984088,-0.168308],[0.981368,0.0861605,-0.171737],[-0.183506,0.155392,-0.970659]],[[0.0569459,-0.984088,-0.168308],[0.898974,-0.0227887,0.437408],[0.434284,0.176213,-0.883372]]],2],[883,[0.211772,0.0262877,0.976965],88,59.9688,[-60.8097,125.275,70.1896],[-59.9391,120.386,79.5143],[7.81088,-111.975,230.007],false,[-98.363,112.965,107.232],[-101.012,114.753,49.0157],[-60.3256,120.413,42.528],[-54.8652,121.091,67.7185],[-61.9257,120.062,83.5782],[[[0.135837,-0.990055,-0.0366018],[-0.989689,-0.137296,0.0408082],[0.0454276,-0.0306811,0.998496]],[[0.137284,-0.990527,-0.00310577],[-0.15495,-0.0183785,-0.987751],[-0.978337,-0.136084,0.156005]],[[0.137284,-0.990527,-0.00310577],[0.967629,0.134779,-0.213375],[-0.211772,-0.0262877,-0.976965]],[[0.137284,-0.990527,-0.00310577],[0.903507,0.123937,0.410262],[0.405991,0.0591286,-0.911962]]],3],[884,[0.846842,0.0998101,-0.522395],88,47.0144,[-48.7366,102.199,8.237],[-47.662,98.7353,15.2755],[38.966,-134.288,241.976],false,[-92.1328,101.307,106.353],[-97.2771,95.5728,52.9346],[-74.2889,94.6423,29.4006],[-58.8722,96.4594,19.8904],[-44.363,99.2129,13.6213],[[[0.301828,-0.950566,0.0729732],[-0.948586,-0.291782,0.122672],[0.0953155,0.106247,0.989761]],[[0.316417,-0.884038,0.34403],[-0.641872,-0.466559,-0.608541],[-0.698484,0.0282704,0.715067]],[[0.316417,-0.884038,0.34403],[-0.427479,-0.456634,-0.780222],[-0.846842,-0.0998101,0.522395]],[[0.316417,-0.884038,0.34403],[-0.286392,-0.434766,-0.853791],[-0.904356,-0.171626,0.390749]]],4]],[[0,200,0],[235.247,235.247,147.751]]],[132891,4824059228,[[87,"right",[0.351916,0.468923,-0.810103],[-0.899039,-0.0715711,-0.43198],[40.8858,186.2,70.764],[113.383,-24.3432,-260.968],[36.8222,186.963,80.7545],0,0.6757,0.598151,[[-0.0488729,-0.708566,-0.70395],[0.743399,0.444896,-0.499425],[0.667061,-0.547724,0.505004]],63.72,[207.859,6.59121,249.705],[27.7523,154.477,113.354]],[88,"left",[-0.168199,0.180699,-0.96905],[0.980976,-0.065977,-0.182571],[-91.9582,127.772,70.9195],[21.8819,-82.8788,198.781],[-92.8246,131.185,62.6436],0,0.727288,0.413175,[[0.324239,-0.851968,-0.411119],[-0.536822,0.192129,-0.821528],[-0.778904,-0.487069,0.395059]],59.3093,[-283.883,-10.4135,218.464],[-88.1363,111.992,119.181]]],[[870,[-0.107645,0.992778,-0.0529547],87,52.1164,[-7.96263,273.729,126.719],[-2.95356,275.844,105.487],[106.69,10.3903,-350.37],false,[9.41076,177.196,122.761],[9.41076,177.196,122.761],[2.66313,224.457,108.179],[-1.00709,258.306,106.374],[-3.35041,281.592,106.48],[[[0.977638,-0.198727,0.0687894],[0.0550373,0.557492,0.828356],[-0.202966,-0.806046,0.555962]],[[0.986113,0.0998432,-0.132714],[0.096485,0.306004,0.947129],[0.135175,-0.94678,0.292121]],[[0.986113,0.0998432,-0.132714],[0.126469,0.0665054,0.989739],[0.107645,-0.992778,0.0529547]],[[0.986113,0.0998432,-0.132714],[0.132501,0.008797,0.991144],[0.100126,-0.994964,-0.00455446]]],0],[871,[-0.364793,-0.572097,0.734596],87,58.8075,[-4.42749,197.275,87.5394],[1.16702,197.349,72.1524],[113.007,-13.3852,-300.521],false,[32.857,176.513,119.342],[45.1032,220.118,61.3675],[6.58435,216.783,42.6339],[-2.23284,202.955,60.3894],[1.95691,195.701,75.28],[[[0.315934,-0.789104,-0.526783],[0.934065,0.161278,0.318608],[-0.166456,-0.592709,0.788028]],[[0.306884,-0.818756,-0.485244],[0.319349,0.568871,-0.757893],[0.89657,0.0776235,0.436046]],[[0.306884,-0.818756,-0.485244],[-0.879061,-0.0484227,-0.474243],[0.364793,0.572097,-0.734596]],[[0.306884,-0.818756,-0.485244],[-0.919613,-0.386452,0.0704698],[-0.245221,0.42461,-0.871535]]],1],[872,[-0.334955,-0.476618,0.812798],87,67.0064,[-2.77772,183.257,87.3677],[1.95614,183.352,73.0919],[108.901,-11.367,-292.917],false,[38.3935,167.524,113.004],[52.8224,200.936,53.4805],[7.38177,202.788,37.5117],[-2.14314,189.234,60.6248],[3.40573,181.499,76.827],[[[0.126645,-0.877781,-0.462019],[0.970149,0.012497,0.242186],[-0.206812,-0.478899,0.853161]],[[0.126732,-0.877579,-0.462379],[0.308504,0.477891,-0.822463],[0.942743,-0.0384133,0.3313]],[[0.126732,-0.877579,-0.462379],[-0.933673,0.0518686,-0.354352],[0.334955,0.476618,-0.812798]],[[0.126732,-0.877579,-0.462379],[-0.946969,-0.245797,0.206963],[-0.295278,0.411629,-0.86219]]],2],[873,[-0.384389,-0.32454,0.864245],87,64.4285,[2.23318,169.524,85.4375],[6.59652,169.374,72.53],[107.657,-14.5034,-275.157],false,[40.9848,157.198,106.874],[56.2464,178.672,50.0432],[14.1715,183.037,35.6587],[3.52319,174.047,59.6],[7.92906,167.889,76.6811],[[[0.0213334,-0.937115,-0.348368],[0.969631,-0.0655211,0.235631],[-0.243639,-0.342815,0.907258]],[[0.0200659,-0.938886,-0.343644],[0.33585,0.33007,-0.88219],[0.941702,-0.0977108,0.321948]],[[0.0200659,-0.938886,-0.343644],[-0.922953,0.114751,-0.367409],[0.384389,0.32454,-0.864245]],[[0.0200659,-0.938886,-0.343644],[-0.971592,-0.099379,0.214785],[-0.23581,0.329572,-0.914208]]],3],[874,[-0.569901,0.166718,-0.804623],87,50.5107,[11.9032,171.178,0.288368],[17.0872,168.524,-8.59601],[169.276,-71.2898,-270.192],false,[36.5381,145.104,100.83]