{"metadata":{"formatVersion":2,"generatedBy":"LeapJS Playback 0.2.1","frames":44,"protocolVersion":6,"serviceVersion":"2.2.5+26752","frameRate":"58","modified":"Thu Apr 16 2015 19:50:27 GMT-0300 (E. South America Standard Time)"},"frames":[["id","timestamp",{"hands":[["id","type","direction","palmNormal","palmPosition","palmVelocity","stabilizedPalmPosition","pinchStrength","grabStrength","confidence","armBasis","armWidth","elbow","wrist"]]},{"pointables":[["id","direction","handId","length","stabilizedTipPosition","tipPosition","tipVelocity","tool","carpPosition","mcpPosition","pipPosition","dipPosition","btipPosition","bases","type"]]},{"interactionBox":["center","size"]}],[132777,4822103211,[[87,"right",[0.44535,0.321106,-0.835795],[-0.894656,0.12267,-0.429585],[66.3427,147.936,61.9134],[3.68666,-202.31,-76.0593],[64.6763,155.605,65.5795],0,0.744764,0.481577,[[-0.0945673,-0.88004,-0.465389],[0.724484,0.259785,-0.638463],[0.682774,-0.397545,0.613007]],63.72,[230.778,15.5708,271.808],[46.4286,122.908,106.296]],[88,"left",[-0.0983354,0.570011,-0.815731],[0.969233,-0.131008,-0.208385],[-109.223,165.452,65.6588],[-53.6652,172.048,41.4121],[-113.514,151.41,49.3284],0,0.639539,0.563869,[[-0.294149,-0.84156,-0.453049],[-0.757802,0.494215,-0.426014],[-0.58242,-0.21801,0.783108]],59.3093,[-256.147,76.7854,300.472],[-109.779,131.574,103.669]]],[[870,[0.0165212,0.95516,-0.29563],87,52.1164,[30.4285,252.003,99.0353],[36.7811,244.192,79.834],[10.0654,-116.339,-63.4457],false,[34.2328,149.905,114.264],[34.2328,149.905,114.264],[33.4072,194.646,92.1429],[33.9705,227.213,82.0632],[35.6898,250.549,81.6453],[[[0.901357,-0.424939,0.0835574],[0.197796,0.575577,0.793465],[-0.385268,-0.698669,0.602852]],[[0.979017,-0.0755152,-0.189272],[0.203108,0.436976,0.876241],[0.0165379,-0.896298,0.443145]],[[0.979017,-0.0755152,-0.189272],[0.20311,0.2863,0.936365],[-0.0165212,-0.95516,0.29563]],[[0.979017,-0.0755152,-0.189272],[0.190079,0.00357718,0.981762],[-0.073461,-0.997138,0.017856]]],0],[871,[-0.654164,-0.381515,0.653082],87,58.8075,[20.949,173.37,61.3447],[21.2482,169.887,57.6926],[59.5238,-181.506,-98.4291],false,[56.7774,143.368,110.962],[78.5228,179.209,50.5053],[40.3044,184.341,31.5637],[24.493,175.12,47.349],[22.0211,167.593,62.4869],[[[0.109687,-0.871819,-0.477389],[0.949001,-0.0509674,0.311126],[-0.295577,-0.487169,0.821767]],[[0.0931123,-0.897516,-0.43104],[0.447192,0.424496,-0.787288],[0.889578,-0.119452,0.440888]],[[0.0931123,-0.897516,-0.43104],[-0.7506,0.221161,-0.622646],[0.654164,0.381515,-0.653082]],[[0.0931123,-0.897516,-0.43104],[-0.985088,-0.020135,-0.170871],[0.14468,0.440523,-0.886006]]],1],[872,[-0.774464,-0.182339,0.60577],87,67.0064,[9.59923,169.802,61.9503],[11.2062,161.673,53.2419],[19.4398,-169.316,-120.736],false,[59.9031,132.949,105.193],[81.2847,158.298,43.8102],[39.3548,171.461,24.0139],[17.3318,166.276,41.2398],[10.6242,159.841,57.5721],[[[-0.094654,-0.908074,-0.407974],[0.947163,-0.208308,0.243905],[-0.306468,-0.363331,0.879811]],[[-0.0976732,-0.911614,-0.399273],[0.483446,0.307216,-0.819694],[0.869908,-0.273089,0.410709]],[[-0.0976732,-0.911614,-0.399273],[-0.625032,0.36839,-0.688203],[0.774465,0.182339,-0.60577]],[[-0.0976732,-0.911614,-0.399273],[-0.929008,0.227404,-0.291945],[0.356938,0.342413,-0.869108]]],2],[873,[-0.744787,-0.0348383,0.666392],87,64.4285,[13.0555,152.161,60.9215],[13.5291,146.374,55.5332],[16.5591,-173.112,-96.7776],false,[59.8501,121.959,99.7033],[79.1858,135.703,41.7294],[40.1933,149.659,24.9637],[19.5612,148.694,43.4241],[13.0779,144.935,60.5391],[[[-0.209852,-0.933339,-0.291273],[0.927728,-0.28413,0.242056],[-0.308679,-0.219427,0.92551]],[[-0.21176,-0.93468,-0.285535],[0.439919,0.169729,-0.881852],[0.872714,-0.312353,0.375242]],[[-0.21176,-0.93468,-0.285535],[-0.632811,0.353778,-0.688761],[0.744787,0.0348383,-0.666392]],[[-0.21176,-0.93468,-0.285535],[-0.913646,0.293058,-0.281724],[0.347,0.20122,-0.916025]]],3],[874,[-0.515388,0.353041,-0.780856],87,50.5107,[39.1941,140.825,-14.1139],[40.8589,138.885,-15.2894],[16.3322,-274.285,-69.3775],false,[52.5422,110.965,94.3847],[72.3736,115.471,40.0828],[56.8253,126.955,10.4746],[46.7449,133.86,-4.79801],[37.1408,140.202,-17.6295],[[[-0.394551,-0.8926,-0.218162],[0.852854,-0.444101,0.274615],[-0.342007,-0.0777109,0.936479]],[[-0.426794,-0.895896,-0.123356],[0.790247,-0.303136,-0.532559],[0.439724,-0.324775,0.837356]],[[-0.426794,-0.895896,-0.123356],[0.743116,-0.269689,-0.61241],[0.515388,-0.353041,0.780856]],[[-0.426794,-0.895896,-0.123356],[0.712313,-0.248983,-0.656215],[0.557187,-0.367937,0.744423]]],4],[880,[-0.103295,0.971855,-0.211724],88,48.5089,[-109.214,230.365,79.5891],[-105.651,242.74,106.215],[-27.9198,146.293,50.171],false,[-93.735,149.964,118.49],[-93.735,149.964,118.49],[-98.9326,195.473,110.702],[-102.211,226.316,103.983],[-105.426,247.847,104.758],[[[-0.976897,-0.0979901,-0.189921],[-0.213477,0.488923,0.845803],[-0.00997623,-0.866806,0.498546]],[[-0.976235,-0.13983,-0.165567],[-0.185609,0.145112,0.97185],[0.111868,-0.979484,0.167617]],[[-0.976235,-0.13983,-0.165567],[-0.190513,0.18959,0.963203],[0.103295,-0.971855,0.211724]],[[-0.976235,-0.13983,-0.165567],[-0.158671,-0.0591857,0.985556],[0.14761,-0.988405,-0.0355922]]],0],[881,[0.44361,-0.666116,0.599583],88,54.7369,[-61.9277,158.708,50.686],[-60.5354,173.787,69.3222],[-66.9267,194.813,17.6458],false,[-114.048,151.936,110.107],[-108.202,197.881,59.6691],[-70.2198,196.034,47.2984],[-60.2398,181.048,60.7874],[-62.2364,171.101,73.0333],[[[-0.238956,-0.703905,-0.668893],[-0.96727,0.233116,0.10023],[-0.0853773,-0.670951,0.73657]],[[-0.242544,-0.733279,-0.635197],[-0.197505,0.678358,-0.707688],[-0.949823,0.0461909,0.309357]],[[-0.242544,-0.733279,-0.635197],[0.862776,0.136355,-0.486852],[-0.44361,0.666116,-0.599583]],[[-0.242544,-0.733279,-0.635197],[0.961982,-0.266517,-0.0596532],[0.125548,0.625517,-0.770043]]],1],[882,[0.478504,-0.524228,0.704428],88,62.3683,[-59.6015,149.043,48.9913],[-58.7346,163.74,67.1799],[-67.3117,195.262,9.45195],false,[-118.243,144.693,102.279],[-114.786,181.576,48.9425],[-71.2976,184.527,38.3218],[-58.6326,170.652,56.9666],[-60.5074,161.02,71.4462],[[[-0.0798734,-0.817439,-0.570451],[-0.995383,0.0959696,0.00184997],[-0.0532337,-0.567964,0.82133]],[[-0.0805879,-0.825065,-0.559262],[-0.232111,0.561196,-0.794471],[-0.969345,-0.065786,0.236732]],[[-0.0805879,-0.825065,-0.559262],[0.874379,0.210841,-0.437043],[-0.478504,0.524228,-0.704428]],[[-0.0805879,-0.825065,-0.559262],[0.990967,-0.126659,0.0440609],[0.107188,0.55066,-0.827819]]],2],[883,[0.529172,-0.343777,0.775754],88,59.9688,[-58.3624,138.818,47.6458],[-64.0079,152.474,62.3007],[-163.475,156.729,109.755],false,[-119.946,135.906,95.162],[-118.786,161.653,42.864],[-78.756,165.676,32.3339],[-65.1115,156.811,52.3363],[-65.8715,149.905,68.2788],[[[-0.0115717,-0.897003,-0.441873],[-0.999735,0.0191677,-0.0127296],[-0.0198882,-0.441609,0.896987]],[[-0.0125201,-0.917313,-0.397969],[-0.270761,0.386241,-0.881763],[-0.962565,-0.0967148,0.253209]],[[-0.0125201,-0.917313,-0.397969],[0.848422,0.200881,-0.48972],[-0.529172,0.343777,-0.775754]],[[-0.0125201,-0.917313,-0.397969],[0.998966,-0.0288674,0.0351116],[0.0436967,0.397118,-0.916727]]],3],[884,[0.894443,0.225209,-0.386333],88,47.0144,[-68.0072,149.253,1.6561],[-69.1877,157.34,4.91322],[-64.8639,227.066,39.1009],false,[-115.485,124.781,89.5202],[-118.201,142.213,38.5135],[-95.9672,150.547,15.7232],[-79.6839,154.647,8.68998],[-64.1918,157.74,5.89245],[[[0.15155,-0.93284,-0.326869],[-0.987168,-0.159673,-0.00200498],[0.0503219,-0.322978,0.945068]],[[0.156824,-0.967031,-0.200641],[-0.720448,0.0269462,-0.692985],[-0.675545,-0.253228,0.69247]],[[0.156824,-0.967031,-0.200641],[-0.418782,0.118876,-0.900272],[-0.894443,-0.225209,0.386333]],[[0.156824,-0.967031,-0.200641],[-0.2073,0.166399,-0.964022],[-0.965626,-0.192774,0.17437]]],4]],[[0,200,0],[235.247,235.247,147.751]]],[132778,4822112065,[[87,"right",[0.449514,0.314483,-0.836085],[-0.892641,0.122921,-0.433685],[66.1497,146.717,61.5277],[-3.21503,-184.788,-67.257],[64.9545,153.928,64.8146],0,0.749575,0.492719,[[-0.0985885,-0.882171,-0.460494],[0.720952,0.255652,-0.644104],[0.685936,-0.395495,0.610799]],63.72,[231.191,15.2455,270.904],[45.9884,122.029,105.989]],[88,"left",[-0.103685,0.573208,-0.812824],[0.968642,-0.127328,-0.213354],[-109.478,166.237,65.8185],[-46.914,149.461,35.0815],[-113.107,152.903,50.9894],0,0.643371,0.567662,[[-0.292639,-0.839311,-0.458169],[-0.756314,0.496347,-0.426179],[-0.585108,-0.221804,0.780033]],59.3093,[-256.807,76.4531,299.716],[-109.763,132.195,103.685]]],[[870,[0.0153531,0.954092,-0.299119],87,52.1164,[30.5802,251.734,98.4064],[36.3351,243.309,79.1148],[-7.74478,-113.711,-71.7752],false,[33.8514,149.114,113.744],[33.8514,149.114,113.744],[32.9572,193.737,91.3882],[33.4807,226.268,81.1896],[35.1956,249.605,80.823],[[[0.899643,-0.427343,0.0895568],[0.19672,0.579825,0.790635],[-0.3898,-0.693672,0.605703]],[[0.979175,-0.0749137,-0.188691],[0.202227,0.441908,0.873969],[0.0179119,-0.893927,0.447855]],[[0.979175,-0.0749137,-0.188691],[0.202437,0.289993,0.935373],[-0.0153531,-0.954092,0.299119]],[[0.979175,-0.0749137,-0.188691],[0.189334,0.0015107,0.981912],[-0.0732736,-0.997189,0.015663]]],0],[871,[-0.652444,-0.37698,0.657422],87,58.8075,[21.3887,172.095,60.6353],[21.3875,168.732,57.1614],[47.8864,-167.089,-88.424],false,[56.3866,142.484,110.568],[78.4746,177.88,49.9727],[40.3401,183.016,30.8639],[24.5702,173.904,46.7541],[22.1883,166.481,61.9577],[[[0.108611,-0.875106,-0.471586],[0.947662,-0.0521289,0.31499],[-0.300233,-0.481116,0.823643]],[[0.0918049,-0.900425,-0.425214],[0.451321,0.418264,-0.788267],[0.887627,-0.119541,0.44478]],[[0.0918049,-0.900425,-0.425214],[-0.752256,0.217073,-0.622085],[0.652444,0.37698,-0.657422]],[[0.0918049,-0.900425,-0.425214],[-0.98597,-0.0224123,-0.165414],[0.139413,0.434433,-0.889849]]],1],[872,[-0.777093,-0.176196,0.604219],87,67.0064,[9.84412,168.852,61.0769],[11.1161,160.573,52.5747],[11.1355,-156.974,-108.487],false,[59.4996,132.02,104.874],[81.1929,156.919,43.4172],[39.3847,170.098,23.3759],[17.2869,165.088,40.5577],[10.5085,158.773,56.9077],[[[-0.0961052,-0.910266,-0.402715],[0.94556,-0.209876,0.248735],[-0.310935,-0.356887,0.880881]],[[-0.09917,-0.913745,-0.394],[0.487657,0.300516,-0.819684],[0.867385,-0.273425,0.415792]],[[-0.09917,-0.913745,-0.394],[-0.621523,0.366095,-0.692591],[0.777093,0.176196,-0.604219]],[[-0.09917,-0.913745,-0.394],[-0.927392,0.228401,-0.296271],[0.360706,0.336011,-0.87005]]],2],[873,[-0.746602,-0.0287706,0.664648],87,64.4285,[13.2761,150.972,60.1471],[13.4136,145.262,54.9996],[8.16485,-159.962,-87.2187],false,[59.4312,120.996,99.4527],[79.0279,134.319,41.4679],[40.1489,148.299,24.4611],[19.4665,147.503,42.8732],[12.9401,143.858,59.9968],[[[-0.211819,-0.934435,-0.286294],[0.925883,-0.285643,0.247281],[-0.312846,-0.212696,0.925682]],[[-0.213739,-0.935725,-0.280598],[0.443976,0.162811,-0.881123],[0.870173,-0.312909,0.38064]],[[-0.213739,-0.935725,-0.280598],[-0.630001,0.351556,-0.692465],[0.746602,0.0287706,-0.664648]],[[-0.213739,-0.935725,-0.280598],[-0.912307,0.293902,-0.285162],[0.349302,0.195041,-0.916486]]],3],[874,[-0.51405,0.349522,-0.783318],87,50.5107,[39.2071,139.1,-14.5274],[40.7319,137.252,-15.6156],[8.00415,-249.879,-60.5454],false,[52.1072,109.993,94.1746],[72.1556,114.099,39.9207],[56.6524,125.435,10.2319],[46.5982,132.271,-5.08886],[37.0188,138.559,-17.9653],[[[-0.396656,-0.892644,-0.214128],[0.850365,-0.445166,0.280545],[-0.34575,-0.0708075,0.935651]],[[-0.429942,-0.895205,-0.117299],[0.789249,-0.309564,-0.530335],[0.438447,-0.320591,0.839634]],[[-0.429942,-0.895205,-0.117299],[0.742228,-0.276484,-0.610454],[0.51405,-0.349522,0.783318]],[[-0.429942,-0.895205,-0.117299],[0.711537,-0.255991,-0.654357],[0.555756,-0.364798,0.747033]]],4],[880,[-0.103981,0.97167,-0.212238],88,48.5089,[-108.995,231.005,80.8089],[-105.696,243.355,106.294],[-21.3686,125.369,38.1197],false,[-93.7043,150.568,118.512],[-93.7043,150.568,118.512],[-98.9505,196.088,110.819],[-102.25,226.924,104.083],[-105.457,248.459,104.793],[[[-0.97747,-0.0999867,-0.185891],[-0.211011,0.484686,0.848854],[-0.00522468,-0.868954,0.494864]],[[-0.976665,-0.140075,-0.162801],[-0.18269,0.143325,0.972668],[0.112913,-0.979713,0.165571]],[[-0.976665,-0.140075,-0.162801],[-0.187918,0.190358,0.963562],[0.103981,-0.97167,0.212238]],[[-0.976665,-0.140075,-0.162801],[-0.156374,-0.0557985,0.986121],[0.147215,-0.988567,-0.0325923]]],0],[881,[0.446268,-0.667858,0.595659],88,54.7369,[-61.9596,161.038,53.5932],[-60.9082,174.708,69.3184],[-59.9517,170.89,11.7664],false,[-114.061,152.518,110.23],[-108.576,198.694,59.9633],[-70.6564,197.049,47.3751],[-60.6166,182.023,60.7759],[-62.5972,172.034,72.99],[[[-0.239994,-0.701723,-0.670811],[-0.967464,0.229903,0.10563],[-0.0800979,-0.674336,0.734067]],[[-0.243327,-0.731095,-0.63741],[-0.203914,0.681033,-0.703287],[-0.948267,0.0411523,0.314795]],[[-0.243327,-0.731095,-0.63741],[0.861183,0.139516,-0.488773],[-0.446268,0.667858,-0.595659]],[[-0.243327,-0.731095,-0.63741],[0.961915,-0.26627,-0.0617989],[0.124543,0.628172,-0.768043]]],1],[882,[0.481849,-0.526236,0.700641],88,62.3683,[-59.725,151.336,51.8679],[-59.0912,164.67,67.1077],[-59.5268,171.605,3.23841],false,[-118.271,145.296,102.39],[-115.163,182.416,49.197],[-71.7502,185.582,38.3305],[-58.9966,171.654,56.8751],[-60.8421,161.962,71.3183],[[[-0.0801403,-0.815219,-0.573581],[-0.995634,0.0930975,0.00679175],[-0.0478622,-0.571621,0.819121]],[[-0.0807788,-0.822857,-0.562477],[-0.238998,0.563849,-0.790541],[-0.967654,-0.0705722,0.242209]],[[-0.0807788,-0.822857,-0.562477],[0.872523,0.214432,-0.439001],[-0.481849,0.526236,-0.700641]],[[-0.0807788,-0.822857,-0.562477],[0.991132,-0.12605,0.0420616],[0.105511,0.554091,-0.825742]]],2],[883,[0.526313,-0.347348,0.776108],88,59.9688,[-59.3654,140.542,49.8255],[-64.5743,153.269,62.5149],[-135.158,139.628,83.2804],false,[-119.981,136.534,95.2432],[-119.133,162.508,43.0514],[-79.1324,166.646,32.4563],[-65.5617,157.69,52.4679],[-66.4144,150.719,68.3773],[[[-0.0110255,-0.895135,-0.445658],[-0.999834,0.0163464,-0.00809708],[-0.0145329,-0.445495,0.895167]],[[-0.0117154,-0.915632,-0.401847],[-0.273259,0.389509,-0.879552],[-0.961869,-0.0995043,0.254768]],[[-0.0117154,-0.915632,-0.401847],[0.85021,0.202405,-0.485978],[-0.526313,0.347348,-0.776108]],[[-0.0117154,-0.915632,-0.401847],[0.998728,-0.0304209,0.040199],[0.0490321,0.400865,-0.914824]]],3],[884,[0.893173,0.228712,-0.387211],88,47.0144,[-68.0532,151.774,3.05534],[-69.5824,158.458,5.0003],[-59.9701,199.535,30.1291],false,[-115.514,125.447,89.5335],[-118.512,143.088,38.6149],[-96.3485,151.558,15.8067],[-80.0883,155.721,8.75757],[-64.609,158.861,5.9409],[[[0.152721,-0.930994,-0.331552],[-0.986707,-0.162502,0.0018033],[0.0555567,-0.326869,0.943435]],[[0.158706,-0.965925,-0.204455],[-0.722011,0.0277016,-0.691326],[-0.673433,-0.257336,0.693012]],[[0.158706,-0.965925,-0.204455],[-0.420778,0.121161,-0.899036],[-0.893173,-0.228712,0.387211]],[[0.158706,-0.965925,-0.204455],[-0.209589,0.1694,-0.963004],[-0.964824,-0.195686,0.175562]]],4]],[[0,200,0],[235.247,235.247,147.751]]],[132779,4822142752,[[87,"right",[0.443194,0.310728,-0.840849],[-0.894661,0.0944892,-0.436639],[64.0967,139.889,63.5714],[-45.5842,-209.889,21.7956],[64.3687,144.34,63.9656],0,0.763702,0.555209,[[-0.0939806,-0.885495,-0.455045],[0.701624,0.265364,-0.661291],[0.706322,-0.381419,0.596346]],63.72,[235.165,12.5089,269.439],[44.4578,115.492,108.425]],[88,"left",[-0.116948,0.590026,-0.798869],[0.966963,-0.115809,-0.22709],[-111.382,170.435,64.903],[-56.9946,141.051,-8.10657],[-112.347,160.63,57.1211],0,0.653568,0.576873,[[-0.279694,-0.823631,-0.493359],[-0.746831,0.509568,-0.427299],[-0.603336,-0.248943,0.757636]],59.3093,[-262.624,73.0135,292.419],[-110.999,135.576,102.017]]],[[870,[-0.00899046,0.962109,-0.272518],87,52.1164,[30.4481,248.033,94.8389],[31.1902,236.98,82.8124],[-104.764,-174.281,67.3637],false,[31.676,142.412,115.706],[31.676,142.412,115.706],[29.421,187.17,93.7191],[29.1144,219.973,84.4275],[30.3794,243.325,85.3301],[[[0.909315,-0.404464,0.0977485],[0.181893,0.597643,0.780857],[-0.374247,-0.692265,0.617015]],[[0.980063,-0.0456171,-0.193382],[0.193485,0.440414,0.876698],[0.0451755,-0.896635,0.44046]],[[0.980063,-0.0456171,-0.193382],[0.198486,0.268823,0.942517],[0.00899046,-0.962109,0.272518]],[[0.980063,-0.0456171,-0.193382],[0.191195,-0.048252,0.980365],[-0.0540525,-0.997793,-0.0385682]]],0],[871,[-0.637268,-0.382791,0.66885],87,58.8075,[20.7279,162.772,60.333],[19.2185,160.695,59.0297],[-31.3872,-228.054,9.22115],false,[54.3655,136.261,112.666],[75.702,171.132,51.5005],[37.4911,175.05,32.256],[22.0881,165.798,48.4224],[20.0895,158.592,63.7845],[[[0.12984,-0.880192,-0.456513],[0.948173,-0.0244481,0.316814],[-0.290018,-0.473988,0.831399]],[[0.113581,-0.905088,-0.409775],[0.44279,0.415332,-0.794629],[0.889402,-0.0911893,0.447938]],[[0.113581,-0.905088,-0.409775],[-0.762226,0.185168,-0.620262],[0.637268,0.382791,-0.66885]],[[0.113581,-0.905088,-0.409775],[-0.986618,-0.0541897,-0.15378],[0.116978,0.421758,-0.899131]]],1],[872,[-0.746682,-0.198027,0.63502],87,67.0064,[10.2939,159.018,58.6382],[9.66342,151.681,55.6419],[-26.9431,-248.849,40.5441],false,[57.7319,125.777,107.155],[78.9219,150.133,45.3054],[36.3949,161.695,25.7852],[15.162,156.064,43.8429],[9.30604,149.709,60.5301],[[[-0.0740919,-0.918986,-0.387266],[0.949876,-0.183303,0.25325],[-0.303721,-0.349091,0.886504]],[[-0.0771345,-0.922441,-0.378355],[0.464333,0.302583,-0.832369],[0.882295,-0.239887,0.40498]],[[-0.0771345,-0.922441,-0.378355],[-0.660693,0.331493,-0.673496],[0.746682,0.198027,-0.63502]],[[-0.0771345,-0.922441,-0.378355],[-0.947071,0.186397,-0.261366],[0.311619,0.338169,-0.887995]]],2],[873,[-0.737848,-0.0398511,0.673789],87,64.4285,[13.0025,141.233,59.084],[11.832,136.864,57.4545],[-31.4445,-234.864,24.81],false,[57.9306,114.664,101.922],[77.2918,127.458,43.7388],[38.0538,140.207,26.5893],[17.6139,139.103,45.2546],[11.4462,135.505,62.5203],[[[-0.189373,-0.943891,-0.27057],[0.931989,-0.259527,0.253066],[-0.309087,-0.204245,0.928843]],[[-0.191149,-0.945051,-0.265217],[0.438422,0.159546,-0.884495],[0.878207,-0.285348,0.383834]],[[-0.191149,-0.945051,-0.265217],[-0.647334,0.324485,-0.689687],[0.737848,0.0398511,-0.673789]],[[-0.191149,-0.945051,-0.265217],[-0.924387,0.26419,-0.275159],[0.330107,0.192567,-0.924093]]],3],[874,[-0.528411,0.323148,-0.785084],87,50.5107,[37.0764,128.738,-12.5983],[38.4784,128.465,-13.1441],[-45.8054,-274.767,33.667],false,[50.875,103.404,96.8239],[70.8992,107.058,42.5288],[54.8839,117.49,12.7803],[44.5488,123.81,-2.57501],[34.7266,129.637,-15.4856],[[[-0.375244,-0.905243,-0.199318],[0.860196,-0.420195,0.288962],[-0.345333,-0.0630212,0.936362]],[[-0.410339,-0.906755,-0.0970439],[0.791502,-0.301273,-0.531751],[0.452931,-0.295009,0.841322]],[[-0.410339,-0.906755,-0.0970439],[0.743238,-0.270872,-0.61174],[0.528411,-0.323148,0.785084]],[[-0.410339,-0.906755,-0.0970439],[0.711974,-0.25205,-0.655411],[0.569837,-0.338034,0.749012]]],4],[880,[-0.0988426,0.973412,-0.20664],88,48.5089,[-108.025,235.333,87.1263],[-106.582,246.695,105.68],[-22.8584,114.692,-1.94855],false,[-94.8962,153.734,117.058],[-94.8962,153.734,117.058],[-99.9531,199.371,109.951],[-103.09,230.262,103.394],[-106.147,251.818,104.118],[[[-0.978844,-0.102813,-0.176901],[-0.204508,0.464584,0.86159],[0.00639766,-0.87954,0.475781]],[[-0.97803,-0.133331,-0.160252],[-0.177797,0.132158,0.975152],[0.108839,-0.982221,0.15296]],[[-0.97803,-0.133331,-0.160252],[-0.183543,0.18626,0.965204],[0.0988426,-0.973412,0.20664]],[[-0.97803,-0.133331,-0.160252],[-0.15414,-0.0550348,0.986515],[0.140352,-0.989542,-0.0332741]]],0],[881,[0.450871,-0.67918,0.579163],88,54.7369,[-63.3398,171.077,62.1944],[-63.1955,179.204,68.1144],[-69.3117,155.9,-24.1856],false,[-115.36,155.72,109.053],[-110.77,203.018,59.7487],[-73.0188,202.03,46.596],[-62.8754,186.75,59.6256],[-64.8724,176.534,71.6489],[[[-0.242926,-0.688625,-0.683215],[-0.967726,0.220712,0.121628],[-0.0670371,-0.690711,0.720017]],[[-0.245629,-0.718215,-0.651025],[-0.220138,0.695382,-0.684093],[-0.944037,0.0247174,0.328913]],[[-0.245629,-0.718215,-0.651025],[0.858127,0.151269,-0.490649],[-0.450871,0.67918,-0.579163]],[[-0.245629,-0.718215,-0.651025],[0.961196,-0.267457,-0.0675953],[0.125573,0.642366,-0.756041]]],1],[882,[0.487454,-0.539651,0.686415],88,62.3683,[-61.373,161.084,59.9977],[-61.3679,169.194,65.6389],[-68.8137,156.739,-33.3148],false,[-119.611,148.641,101.105],[-117.369,186.932,48.7048],[-74.1525,190.747,37.2781],[-61.2506,176.464,55.4462],[-63.0975,166.474,69.6846],[[[-0.0811927,-0.80308,-0.590313],[-0.9961,0.0858959,0.02015],[-0.0345234,-0.589647,0.806923]],[[-0.0816454,-0.810864,-0.579512],[-0.255803,0.579024,-0.774142],[-0.963275,-0.0850354,0.254696]],[[-0.0816454,-0.810864,-0.579512],[0.869323,0.226442,-0.439319],[-0.487454,0.539651,-0.686415]],[[-0.0816454,-0.810864,-0.579512],[0.991052,-0.127653,0.0389884],[0.105591,0.571143,-0.814031]]],2],[883,[0.527281,-0.36309,0.768206],88,59.9688,[-64.38,149.461,57.2459],[-66.9189,157.647,61.2748],[-93.9385,142.217,-3.08645],false,[-121.343,140.026,93.7891],[-121.274,167.135,42.1711],[-81.3819,171.721,31.3527],[-67.7862,162.359,51.1605],[-68.6672,155.044,66.9133],[[[-0.0100653,-0.885273,-0.464962],[-0.999949,0.00945947,0.003636],[-0.00117944,-0.464975,0.885323]],[[-0.0101106,-0.906717,-0.421618],[-0.282364,0.407069,-0.868657],[-0.959254,-0.110267,0.26014]],[[-0.0101106,-0.906717,-0.421618],[0.849631,0.214544,-0.481766],[-0.527281,0.36309,-0.768206]],[[-0.0101106,-0.906717,-0.421618],[0.998665,-0.0305162,0.0416786],[0.0506569,0.420633,-0.905815]]],3],[884,[0.889853,0.241511,-0.387084],88,47.0144,[-69.9973,161.4,4.87225],[-71.8426,164.153,3.83222],[-70.2057,189.493,-17.3151],false,[-116.867,129.097,87.7879],[-120.572,147.822,37.3045],[-98.5737,156.872,14.5595],[-82.374,161.269,7.51264],[-66.9294,164.554,4.67148],[[[0.155226,-0.922451,-0.353537],[-0.985491,-0.169465,0.00947505],[0.0686523,-0.346936,0.935373]],[[0.163045,-0.960715,-0.224595],[-0.725707,0.0374414,-0.686984],[-0.668405,-0.275,0.691093]],[[0.163045,-0.960715,-0.224595],[-0.42612,0.136745,-0.894272],[-0.889853,-0.241511,0.387084]],[[0.163045,-0.960715,-0.224595],[-0.216124,0.187334,-0.958226],[-0.962656,-0.204774,0.177089]]],4]],[[0,200,0],[235.247,235.247,147.751]]],[132780,4822160088,[[87,"right",[0.440677,0.310539,-0.84224],[-0.895346,0.0846422,-0.437255],[62.904,137.348,64.7224],[-56.2915,-180.688,42.3637],[63.6069,140.704,64.3592],0,0.771209,0.570406,[[-0.091944,-0.886684,-0.453142],[0.692767,0.269925,-0.66874],[0.715276,-0.375409,0.589448]],63.72,[236.591,11.636,268.84],[43.4669,112.996,109.689]],[88,"left",[-0.128397,0.588906,-0.797937],[0.966982,-0.104256,-0.232543],[-111.907,171.859,63.8133],[-44.6675,113.877,-33.3545],[-112.215,163.997,59.128],0,0.657288,0.583392,[[-0.264915,-0.822384,-0.503493],[-0.745726,0.505755,-0.433711],[-0.611321,-0.260571,0.747254]],59.3093,[-264.535,71.5078,288.702],[-110.903,136.992,100.909]]],[[870,[-0.0151545,0.965656,-0.25938],87,52.1164,[29.9757,245.471,93.2459],[29.0173,234.625,84.7621],[-108.071,-157.671,88.4246],false,[30.4506,139.839,116.838],[30.4506,139.839,116.838],[27.811,184.655,95.0145],[27.2943,217.58,86.1707],[28.403,240.927,87.3543],[[[0.912765,-0.396094,0.0998522],[0.176525,0.602921,0.778027],[-0.368374,-0.692529,0.620245]],[[0.98032,-0.0367166,-0.193969],[0.1902,0.438846,0.878202],[0.0528781,-0.897812,0.437193]],[[0.98032,-0.0367166,-0.193969],[0.196831,0.257215,0.946096],[0.0151545,-0.965656,0.259381]],[[0.98032,-0.0367166,-0.193969],[0.191646,-0.0587644,0.979703],[-0.0473699,-0.997596,-0.0505713]]],0],[871,[-0.630908,-0.385855,0.673106],87,58.8075,[19.8433,159.3,60.993],[18.0142,157.711,60.1838],[-49.2514,-201.369,34.8197],false,[53.1932,133.871,113.832],[74.2407,168.633,52.5046],[36,172.126,33.2377],[20.7507,162.799,49.5069],[18.9101,155.656,64.9179],[[[0.137571,-0.881204,-0.452277],[0.948276,-0.0147129,0.317107],[-0.28609,-0.472508,0.8336]],[[0.121528,-0.906002,-0.405452],[0.439268,0.415393,-0.796551],[0.890098,-0.0812993,0.448459]],[[0.121528,-0.906002,-0.405452],[-0.766281,0.174002,-0.618496],[0.630908,0.385855,-0.673106]],[[0.121528,-0.906002,-0.405452],[-0.986725,-0.0659395,-0.14841],[0.107724,0.418106,-0.901988]]],1],[872,[-0.735819,-0.205864,0.645128],87,67.0064,[10.0274,154.097,58.5165],[8.71378,148.404,57.2249],[-40.1194,-221.769,66.285],false,[56.6517,123.39,108.372],[77.644,147.632,46.4106],[34.8782,158.637,27.0903],[13.9541,152.783,45.4354],[8.41693,146.409,62.224],[[[-0.0660331,-0.921433,-0.382884],[0.951371,-0.173849,0.254303],[-0.300888,-0.347472,0.888105]],[[-0.0690634,-0.92489,-0.37391],[0.456088,0.304069,-0.836376],[0.887251,-0.228299,0.400831]],[[-0.0690634,-0.92489,-0.37391],[-0.673647,0.319685,-0.666334],[0.735819,0.205864,-0.645128]],[[-0.0690634,-0.92489,-0.37391],[-0.953104,0.171876,-0.249101],[0.294658,0.339172,-0.893387]]],2],[873,[-0.734202,-0.0448206,0.67745],87,64.4285,[12.4066,137.05,59.5028],[10.8391,133.754,58.7913],[-43.5705,-208.831,48.8828],false,[56.9479,112.254,103.192],[76.2108,124.937,44.952],[36.8429,137.256,27.7853],[16.5041,136.014,46.552],[10.4778,132.411,63.8666],[[[-0.181121,-0.946779,-0.266093],[0.934145,-0.250225,0.254479],[-0.307519,-0.202478,0.92975]],[[-0.182843,-0.9479,-0.260873],[0.436123,0.159608,-0.885619],[0.881116,-0.275702,0.384218]],[[-0.182843,-0.9479,-0.260873],[-0.653848,0.315401,-0.687754],[0.734202,0.0448206,-0.67745]],[[-0.182843,-0.9479,-0.260873],[-0.928728,0.253584,-0.270479],[0.32254,0.192826,-0.926707]]],3],[874,[-0.53481,0.314591,-0.784226],87,50.5107,[35.8432,125.648,-11.3554],[37.1278,125.317,-11.7919],[-60.435,-231.936,54.4209],false,[49.9913,100.909,98.1464],[69.9956,104.478,43.8382],[53.747,114.62,14.1165],[43.2868,120.773,-1.22205],[33.3581,126.449,-14.1185],[[[-0.367337,-0.909404,-0.195061],[0.86374,-0.411337,0.291129],[-0.344989,-0.0615395,0.936587]],[[-0.403227,-0.910632,-0.0903142],[0.791353,-0.297437,-0.534127],[0.459531,-0.286845,0.840566]],[[-0.403227,-0.910632,-0.0903142],[0.742554,-0.267921,-0.613867],[0.53481,-0.314591,0.784226]],[[-0.403227,-0.910632,-0.0903142],[0.711066,-0.24967,-0.657306],[0.576015,-0.329263,0.748193]]],4],[880,[-0.1037,0.97155,-0.212926],88,48.5089,[-107.661,237.612,89.7723],[-107.175,248.169,103.952],[-25.7377,101.033,-47.0136],false,[-94.9327,155.335,115.868],[-94.9327,155.335,115.868],[-100.23,200.911,108.556],[-103.521,231.744,101.799],[-106.674,253.291,102.351],[[[-0.978531,-0.114337,-0.171474],[-0.205175,0.461797,0.862929],[0.0194787,-0.879586,0.475342]],[[-0.977599,-0.138987,-0.158061],[-0.17692,0.135824,0.974808],[0.114017,-0.980936,0.15737]],[[-0.977599,-0.138987,-0.158061],[-0.183158,0.191765,0.964199],[0.1037,-0.97155,0.212926]],[[-0.977599,-0.138987,-0.158061],[-0.152826,-0.047631,0.987105],[0.144723,-0.989148,-0.0253232]]],0],[881,[0.459228,-0.674753,0.577769],88,54.7369,[-64.0681,174.953,64.2781],[-63.9885,181.23,66.78],[-58.1189,138.792,-49.866],false,[-115.463,157.081,107.979],[-111.709,204.449,58.6704],[-74.0481,203.991,45.2344],[-63.7167,188.811,58.2327],[-65.6352,178.593,70.2667],[[[-0.238568,-0.691193,-0.682156],[-0.969577,0.209182,0.127134],[-0.0548208,-0.691733,0.720069]],[[-0.240725,-0.720599,-0.650222],[-0.234683,0.693258,-0.681408],[-0.941794,0.0114363,0.335997]],[[-0.240725,-0.720599,-0.650222],[0.855079,0.159517,-0.493349],[-0.459228,0.674753,-0.577769]],[[-0.240725,-0.720599,-0.650222],[0.963067,-0.260603,-0.0677369],[0.120639,0.642513,-0.756718]]],1],[882,[0.489877,-0.536304,0.687312],88,62.3683,[-62.2059,164.817,62.0202],[-62.194,171.129,64.4192],[-59.515,135.468,-50.0856],false,[-119.674,149.955,100.051],[-118.179,188.29,47.6563],[-75.0554,192.579,36.0493],[-62.0893,178.384,54.2411],[-63.9423,168.39,68.4757],[[[-0.0749733,-0.803759,-0.590212],[-0.99692,0.0740785,0.0257552],[-0.0230211,-0.590325,0.806837]],[[-0.07527,-0.811466,-0.579532],[-0.265348,0.576526,-0.772793],[-0.96121,-0.0956093,0.258716]],[[-0.07527,-0.811466,-0.579532],[0.868536,0.232165,-0.437886],[-0.489877,0.536304,-0.687312]],[[-0.07527,-0.811466,-0.579532],[0.99152,-0.122651,0.0429584],[0.10594,0.571384,-0.813816]]],2],[883,[0.532449,-0.358163,0.766953],88,59.9688,[-66.2352,153.129,59.1298],[-67.5205,159.541,60.0511],[-65.6001,127.811,-36.8989],false,[-121.345,141.322,92.7409],[-121.886,168.451,41.1356],[-82.1233,173.531,30.064],[-68.3944,164.296,49.8395],[-69.217,156.964,65.5876],[[[-0.00217703,-0.885152,-0.465297],[-0.999955,-0.00239174,0.00922846],[0.00928145,-0.465296,0.885106]],[[-0.00172764,-0.906527,-0.422144],[-0.29291,0.404088,-0.866554],[-0.956138,-0.122153,0.266229]],[[-0.00172764,-0.906527,-0.422144],[0.84646,0.223445,-0.483298],[-0.532449,0.358163,-0.766953]],[[-0.00172764,-0.906527,-0.422144],[0.998879,-0.0215316,0.0421498],[0.0472994,0.421598,-0.905548]]],3],[884,[0.885611,0.251524,-0.390422],88,47.0144,[-70.7255,164.024,4.3945],[-72.5264,166.026,2.644],[-56.5791,152.298,-42.125],false,[-116.773,130.45,86.7099],[-120.982,149.149,36.2564],[-99.1622,158.441,13.4372],[-83.0397,163.02,6.32959],[-67.6459,166.482,3.42377],[[[0.164163,-0.920411,-0.354814],[-0.983345,-0.181134,0.014906],[0.0779888,-0.346458,0.934818]],[[0.17322,-0.958879,-0.224822],[-0.728312,0.0289536,-0.684634],[-0.662991,-0.282333,0.693348]],[[0.17322,-0.958879,-0.224822],[-0.430916,0.131476,-0.892763],[-0.885611,-0.251524,0.390422]],[[0.17322,-0.958879,-0.224822],[-0.222187,0.184342,-0.957419],[-0.959493,-0.215797,0.181119]]],4]],[[0,200,0],[235.247,235.247,147.751]]],[132781,4822186736,[[87,"right",[0.436631,0.299451,-0.848341],[-0.896766,0.0695522,-0.437004],[60.1967,134.753,67.2926],[-84.0808,-129.591,75.5423],[61.4232,136.893,66.2376],0,0.783769,0.592009,[[-0.105234,-0.887467,-0.448696],[0.676866,0.266635,-0.686119],[0.728545,-0.375911,0.572637]],63.72,[237.748,9.53262,267.324],[41.0405,111.028,112.712]],[88,"left",[-0.146148,0.584854,-0.797863],[0.965353,-0.0919328,-0.244217],[-112.859,172.707,62.1128],[-39.1741,63.5425,-52.0408],[-112.43,166.914,60.1275],0,0.661536,0.587168,[[-0.253104,-0.82322,-0.508181],[-0.745956,0.500546,-0.439321],[-0.616025,-0.267887,0.740776]],59.3093,[-265.742,70.6398,285.452],[-110.928,137.963,99.2866]]],[[870,[-0.0207151,0.966603,-0.255441],87,52.1164,[28.1755,241.292,91.8635],[25.4386,232.501,86.9848],[-119.236,-110.212,84.2856],false,[27.8127,137.882,119.417],[27.8127,137.882,119.417],[24.7673,182.471,97.1837],[24.061,215.428,88.4743],[24.9988,238.791,89.4929],[[[0.916208,-0.386687,0.10505],[0.172815,0.617851,0.767069],[-0.361522,-0.684641,0.632905]],[[0.980118,-0.030794,-0.196009],[0.188801,0.448503,0.873613],[0.0610087,-0.893251,0.4454]],[[0.980118,-0.030794,-0.196009],[0.197329,0.254423,0.946747],[0.0207151,-0.966603,0.255441]],[[0.980118,-0.030794,-0.196009],[0.194326,-0.0505104,0.979636],[-0.0400674,-0.998249,-0.0435221]]],0],[871,[-0.620091,-0.380956,0.685827],87,58.8075,[17.4418,155.405,63.2066],[15.4108,154.584,62.7185],[-79.5408,-148.932,71.2911],false,[50.5992,132.052,116.473],[71.2511,165.913,54.5103],[32.9107,168.717,35.3291],[17.9229,159.51,51.9058],[16.3415,152.628,67.464],[[[0.144148,-0.887786,-0.437101],[0.948906,-0.00129218,0.315557],[-0.280712,-0.460254,0.842239]],[[0.128525,-0.911707,-0.390219],[0.432519,0.40562,-0.805233],[0.892417,-0.0652846,0.446464]],[[0.128525,-0.911707,-0.390219],[-0.77393,0.153825,-0.614304],[0.620091,0.380956,-0.685827]],[[0.128525,-0.911707,-0.390219],[-0.987378,-0.0809185,-0.136152],[0.0925545,0.402793,-0.9106]]],1],[872,[-0.724894,-0.20422,0.657893],87,67.0064,[8.32465,148.383,60.2042],[6.22225,145.027,60.1687],[-73.4833,-163.056,94.3147],false,[54.1357,121.507,111.19],[74.8191,144.838,48.777],[31.8088,155.068,29.5744],[11.1954,149.261,48.2825],[5.97026,143.098,65.2489],[[[-0.0589939,-0.928491,-0.36664],[0.953222,-0.161469,0.255532],[-0.29646,-0.334414,0.894583]],[[-0.0619933,-0.93183,-0.357561],[0.44712,0.294362,-0.844651],[0.892323,-0.212235,0.398391]],[[-0.0619933,-0.93183,-0.357561],[-0.686066,0.299979,-0.662817],[0.724894,0.20422,-0.657893]],[[-0.0619933,-0.93183,-0.357561],[-0.958563,0.155392,-0.238768],[0.278053,0.327943,-0.902851]]],2],[873,[-0.729978,-0.0404477,0.682273],87,64.4285,[10.3731,132.443,61.6351],[8.31871,130.551,61.6665],[-75.1948,-153.542,84.4046],false,[54.516,110.285,106.204],[73.573,122.11,47.7169],[34.0698,133.799,30.4211],[13.8479,132.678,49.3214],[7.97917,129.3,66.7351],[[[-0.173666,-0.952751,-0.249211],[0.936635,-0.237971,0.257071],[-0.30423,-0.188775,0.933707]],[[-0.175321,-0.953765,-0.244122],[0.433073,0.147971,-0.88913],[0.884144,-0.261606,0.387108]],[[-0.175321,-0.953765,-0.244122],[-0.660602,0.29782,-0.689135],[0.729978,0.0404477,-0.682273]],[[-0.175321,-0.953765,-0.244122],[-0.933059,0.240081,-0.267883],[0.314106,0.180815,-0.93201]]],3],[874,[-0.545608,0.296095,-0.783989],87,50.5107,[32.6839,121.315,-8.26125],[33.9189,121.142,-8.68502],[-97.1926,-185.671,93.2142],false,[47.6458,98.7964,101.371],[67.5268,101.583,46.9715],[50.8902,111.052,17.2422],[40.2188,116.843,1.90828],[30.1093,122.206,-10.9816],[[[-0.360066,-0.915692,-0.178497],[0.867639,-0.398998,0.296654],[-0.342864,-0.0480555,0.938155]],[[-0.397172,-0.91513,-0.0692173],[0.78796,-0.301368,-0.536932],[0.470503,-0.267795,0.840781]],[[-0.397172,-0.91513,-0.0692173],[0.737947,-0.273613,-0.616904],[0.545608,-0.296095,0.783989]],[[-0.397172,-0.91513,-0.0692173],[0.705879,-0.256413,-0.660294],[0.586506,-0.311109,0.747811]]],4],[880,[-0.100945,0.968598,-0.227216],88,48.5089,[-107.394,239.254,91.0466],[-107.237,249.214,100.688],[-5.28668,63.2917,-94.4745],false,[-95.0223,156.56,113.998],[-95.0223,156.56,113.998],[-100.186,202.042,106.031],[-103.39,232.781,98.8197],[-106.45,254.348,98.9361],[[[-0.978947,-0.127945,-0.159038],[-0.200702,0.461459,0.864161],[0.0371758,-0.877887,0.477422]],[[-0.978457,-0.137994,-0.153559],[-0.173981,0.150714,0.973147],[0.111145,-0.978899,0.171475]],[[-0.978457,-0.137994,-0.153559],[-0.180091,0.20682,0.961661],[0.100945,-0.968599,0.227216]],[[-0.978457,-0.137994,-0.153559],[-0.151296,-0.0267996,0.988125],[0.140471,-0.99007,-0.00534419]]],0],[881,[0.473864,-0.667314,0.574582],88,54.7369,[-65.1121,178.32,64.5874],[-65.3106,182.859,64.4055],[-51.7242,93.7002,-77.0715],false,[-115.67,158.008,106.358],[-113.163,205.282,56.8804],[-75.7548,205.529,42.7498],[-65.0941,190.516,55.6763],[-66.8744,180.344,67.7697],[[[-0.237651,-0.696273,-0.677294],[-0.97066,0.196514,0.138567],[-0.0366175,-0.690353,0.722546]],[[-0.239011,-0.725462,-0.645429],[-0.260346,0.688234,-0.677166],[-0.935464,-0.00618448,0.353367]],[[-0.239011,-0.725462,-0.645429],[0.847541,0.168514,-0.503266],[-0.473864,0.667314,-0.574582]],[[-0.239011,-0.725462,-0.645429],[0.964542,-0.254008,-0.0716785],[0.111944,0.639675,-0.76045]]],1],[882,[0.491349,-0.531816,0.689745],88,62.3683,[-63.4695,168.034,62.5734],[-63.6874,172.462,62.4244],[-57.6737,82.2417,-64.2209],false,[-119.882,150.804,98.5027],[-119.55,189.006,45.9906],[-76.5725,193.718,34.0114],[-63.5675,179.642,52.2676],[-65.4566,169.7,66.5344],[[[-0.0714335,-0.806371,-0.58708],[-0.997432,0.0607677,0.0378972],[-0.00511631,-0.58828,0.808641]],[[-0.0714935,-0.813889,-0.576606],[-0.277871,0.571451,-0.77216],[-0.957954,-0.105017,0.267011]],[[-0.0714935,-0.813889,-0.576606],[0.868023,0.234002,-0.437925],[-0.491349,0.531816,-0.689745]],[[-0.0714935,-0.813889,-0.576606],[0.991577,-0.120588,0.047266],[0.108001,0.568369,-0.815654]]],2],[883,[0.542518,-0.350134,0.763597],88,59.9688,[-67.9773,156.281,59.428],[-68.6199,160.897,57.9923],[-49.1926,81.7411,-64.4598],false,[-121.527,142.129,91.2368],[-123.07,169.101,39.5696],[-83.5338,174.704,27.953],[-69.5452,165.676,47.642],[-70.2179,158.376,63.4121],[[[0.00398752,-0.886423,-0.462858],[-0.999642,-0.0157832,0.0216146],[0.026465,-0.462606,0.886169]],[[0.00525063,-0.907565,-0.419879],[-0.310082,0.39771,-0.863525],[-0.950695,-0.134731,0.279331]],[[0.00525063,-0.907565,-0.419879],[0.840028,0.231801,-0.490532],[-0.542518,0.350134,-0.763597]],[[0.00525063,-0.907565,-0.419879],[0.999238,-0.0114784,0.037306],[0.0386772,0.419755,-0.906813]]],3],[884,[0.878157,0.261438,-0.400613],88,47.0144,[-72.0192,165.867,2.83006],[-74.0262,167.175,0.615561],[-56.9478,85.7084,-64.5735],false,[-116.884,131.302,85.1789],[-121.967,149.799,34.7314],[-100.489,159.279,11.667],[-84.5017,164.039,4.37391],[-69.1881,167.691,1.28363],[[[0.172138,-0.919133,-0.354349],[-0.980561,-0.19427,0.0275655],[0.0941758,-0.342716,0.934707]],[[0.183432,-0.957463,-0.222748],[-0.735151,0.0168203,-0.677694],[-0.652614,-0.288064,0.700795]],[[0.183432,-0.957463,-0.222748],[-0.441807,0.122123,-0.888759],[-0.878157,-0.261438,0.400613]],[[0.183432,-0.957463,-0.222748],[-0.235138,0.17728,-0.955658],[-0.954496,-0.227675,0.192617]]],4]],[[0,200,0],[235.247,235.247,147.751]]],[132782,4822203653,[[87,"right",[0.435377,0.294091,-0.850857],[-0.897114,0.0629331,-0.437294],[58.3365,133.569,69.2181],[-95.8065,-102.59,92.8836],[60.1088,135.478,67.5068],0,0.793131,0.596721,[[-0.113452,-0.887636,-0.446352],[0.666374,0.26524,-0.696845],[0.736935,-0.376496,0.561406]],63.72,[238.246,8.49226,266.413],[39.2738,110.146,114.833]],[88,"left",[-0.152495,0.583349,-0.797778],[0.964264,-0.0891383,-0.249498],[-113.466,172.684,60.7581],[-37.6897,34.1491,-64.7413],[-112.593,167.817,60.2263],0,0.664193,0.612092,[[-0.248623,-0.822158,-0.512097],[-0.743256,0.500953,-0.443416],[-0.621094,-0.270376,0.735622]],59.3093,[-267.303,70.0461,282.834],[-111.216,137.994,97.9648]]],[[870,[-0.0244379,0.96811,-0.249331],87,52.1164,[26.967,239.437,91.9013],[23.1255,231.782,89.6102],[-123.629,-78.5484,120.524],false,[25.9554,137.008,121.325],[25.9554,137.008,121.325],[22.7296,181.754,99.4357],[21.8963,214.762,90.9346],[22.8127,238.104,92.3671],[[[0.917562,-0.38267,0.107907],[0.170884,0.624617,0.762006],[-0.358997,-0.680748,0.638517]],[[0.979815,-0.0263036,-0.198168],[0.189172,0.44246,0.876609],[0.0646233,-0.896402,0.438505]],[[0.979815,-0.0263036,-0.198168],[0.198406,0.249141,0.947926],[0.0244379,-0.96811,0.249331]],[[0.979815,-0.0263036,-0.198168],[0.196034,-0.067733,0.978255],[-0.0391541,-0.997357,-0.0612095]]],0],[871,[-0.614284,-0.378611,0.692321],87,58.8075,[16.0791,153.986,64.6244],[13.6667,153.16,64.6527],[-90.6735,-119.122,90.4041],false,[48.7611,131.232,118.422],[69.2801,164.662,56.1814],[30.8991,167.158,37.039],[16.0516,158.007,53.7726],[14.6131,151.25,69.3995],[[[0.147092,-0.890786,-0.429959],[0.948986,0.00452305,0.315285],[-0.278907,-0.454401,0.846009]],[[0.131657,-0.91425,-0.383162],[0.429612,0.400964,-0.809111],[0.893364,-0.0580859,0.445563]],[[0.131657,-0.91425,-0.383162],[-0.778024,0.144222,-0.611456],[0.614284,0.378611,-0.692321]],[[0.131657,-0.91425,-0.383162],[-0.987714,-0.0881569,-0.129036],[0.0841927,0.395442,-0.914624]]],1],[872,[-0.720474,-0.202878,0.663142],87,67.0064,[7.14663,146.218,61.5022],[4.47334,143.51,62.2431],[-87.5761,-129.432,107.217],false,[52.3325,120.657,113.223],[72.9193,143.555,50.6174],[29.817,153.447,31.4442],[9.32929,147.678,50.3016],[4.22982,141.619,67.3435],[[[-0.0558899,-0.931619,-0.359114],[0.953838,-0.156117,0.256554],[-0.295074,-0.328197,0.897339]],[[-0.0588812,-0.934901,-0.34999],[0.443716,0.28955,-0.848102],[0.894231,-0.205233,0.397781]],[[-0.0588812,-0.934901,-0.34999],[-0.690978,0.291205,-0.661626],[0.720474,0.202878,-0.663142]],[[-0.0588812,-0.934901,-0.34999],[-0.960674,0.148372,-0.234715],[0.271364,0.322406,-0.906872]]],2],[873,[-0.728298,-0.0381177,0.684199],87,64.4285,[9.11148,130.744,63.0366],[6.55883,129.106,63.7175],[-88.5686,-122.155,100.609],false,[52.7502,109.397,108.328],[71.7511,120.815,49.7413],[32.2011,132.227,32.3681],[12.0258,131.171,51.3218],[6.22285,127.899,68.7778],[[[-0.170448,-0.955324,-0.24146],[0.937515,-0.232661,0.258716],[-0.303336,-0.182275,0.935288]],[[-0.172072,-0.956288,-0.236439],[0.432234,0.142385,-0.890449],[0.885192,-0.255419,0.38884]],[[-0.172072,-0.956288,-0.236439],[-0.663304,0.28993,-0.689904],[0.728298,0.0381177,-0.684199]],[[-0.172072,-0.956288,-0.236439],[-0.934842,0.234197,-0.266875],[0.310583,0.175112,-0.934277]]],3],[874,[-0.551728,0.28779,-0.782798],87,50.5107,[30.8708,119.64,-6.38472],[31