{"metadata":{"formatVersion":2,"generatedBy":"LeapJS Playback 0.2.1","frames":65,"protocolVersion":6,"serviceVersion":"2.2.5+26752","frameRate":"58","modified":"Thu Apr 16 2015 19:50:42 GMT-0300 (E. South America Standard Time)"},"frames":[["id","timestamp",{"hands":[["id","type","direction","palmNormal","palmPosition","palmVelocity","stabilizedPalmPosition","pinchStrength","grabStrength","confidence","armBasis","armWidth","elbow","wrist"]]},{"pointables":[["id","direction","handId","length","stabilizedTipPosition","tipPosition","tipVelocity","tool","carpPosition","mcpPosition","pipPosition","dipPosition","btipPosition","bases","type"]]},{"interactionBox":["center","size"]}],[132821,4822854301,[[87,"right",[0.457453,0.32012,-0.829615],[-0.863457,-0.0630978,-0.500461],[57.2566,135.766,57.3267],[-83.4911,-201.977,49.9324],[57.4781,136.299,57.2311],0,0.904299,0.701605,[[-0.0816364,-0.842829,-0.531955],[0.713515,0.32323,-0.621626],[0.695868,-0.430305,0.574984]],63.72,[225.789,-4.63552,257.646],[37.9046,111.547,102.401]],[88,"left",[-0.151326,0.573254,-0.805283],[0.958679,-0.113429,-0.260898],[-108.15,170.74,76.5298],[-48.3442,118.436,-46.7661],[-106.873,167.46,76.3013],0,0.748448,0.550839,[[-0.124782,-0.766479,-0.630031],[-0.65413,0.541001,-0.528613],[-0.746018,-0.346161,0.568884]],59.3093,[-293.59,49.6315,257.243],[-106.108,136.625,114.277]]],[[870,[0.00697543,0.971652,-0.236311],87,52.1164,[22.6159,240.729,79.7823],[20.8253,230.987,70.0493],[-106.658,-195.727,6.73444],false,[20.9543,136.718,106.892],[20.9543,136.718,106.892],[20.8881,181.533,84.9073],[21.1259,214.663,76.8502],[21.2571,237.188,70.5007],[[[0.947094,-0.261473,0.186129],[0.03656,0.664037,0.746805],[-0.318867,-0.70049,0.638465]],[[0.999265,-0.0156802,-0.0349769],[0.0383078,0.440139,0.897112],[0.00132776,-0.897793,0.440416]],[[0.999265,-0.0156802,-0.0349769],[0.0376908,0.235894,0.971048],[-0.00697543,-0.971652,0.236311]],[[0.999265,-0.0156802,-0.0349769],[0.0379186,0.270906,0.961859],[-0.00560671,-0.962478,0.271302]]],0],[871,[-0.462808,-0.439218,0.769998],87,58.8075,[19.7441,154.909,55.3654],[17.9785,149.786,52.6568],[-84.9387,-222.796,37.1691],false,[44.4471,133.753,105.804],[65.2371,167.572,43.8637],[28.1888,164.589,22.3162],[17.0026,153.973,40.9273],[19.5317,148.555,56.9324],[[[0.286344,-0.878105,-0.383325],[0.915505,0.132756,0.379771],[-0.28259,-0.459681,0.841924]],[[0.273993,-0.896966,-0.346958],[0.425785,0.436617,-0.792511],[0.862343,0.069413,0.501544]],[[0.273993,-0.896966,-0.346958],[-0.843052,-0.0503988,-0.535466],[0.462808,0.439218,-0.769998]],[[0.273993,-0.896966,-0.346958],[-0.950272,-0.308023,0.0458805],[-0.148025,0.317134,-0.936758]]],1],[872,[-0.477556,-0.314003,0.820575],87,67.0064,[18.2058,142.376,56.7468],[16.3919,137.149,54.4903],[-78.6757,-228.9,58.3274],false,[49.6599,123.554,101.285],[71.8343,146.925,39.4007],[28.7562,150.317,18.0455],[15.1762,141.388,41.3796],[18.0167,135.747,59.0784],[[[0.0852373,-0.941816,-0.325141],[0.944309,-0.027734,0.32789],[-0.31783,-0.334982,0.887001]],[[0.0814314,-0.945754,-0.314513],[0.441156,0.317168,-0.839515],[0.893729,-0.0703865,0.443052]],[[0.0814314,-0.945754,-0.314513],[-0.87482,0.0833772,-0.47722],[0.477556,0.314003,-0.820575]],[[0.0814314,-0.945754,-0.314513],[-0.98515,-0.124234,0.11851],[-0.151154,0.300193,-0.941826]]],2],[873,[-0.532552,-0.156505,0.831802],87,64.4285,[20.389,126.472,56.7378],[18.5731,122.759,55.8581],[-43.9328,-229.243,76.4575],false,[51.8129,112.29,96.8778],[73.5286,124.201,39.3424],[33.8266,129.87,19.6478],[19.0738,125.535,42.6904],[20.3008,121.621,60.9186],[[[-0.0338932,-0.976058,-0.214854],[0.937372,-0.105616,0.331931],[-0.346676,-0.190148,0.918509]],[[-0.0366941,-0.977563,-0.207423],[0.457224,0.168141,-0.873313],[0.888594,-0.126884,0.440795]],[[-0.0366941,-0.977563,-0.207423],[-0.845601,0.140986,-0.514861],[0.532552,0.156505,-0.831802]],[[-0.0366941,-0.977563,-0.207423],[-0.997167,0.0221777,0.0718825],[-0.0656695,0.209473,-0.975607]]],3],[874,[-0.594291,0.154041,-0.78936],87,50.5107,[31.9162,112.966,-16.2951],[32.0656,113.334,-16.1875],[-60.6172,-268.751,60.2716],false,[46.8149,99.8363,92.1364],[70.1751,103.054,39.1625],[51.9091,107.485,9.21276],[40.2854,110.498,-6.22618],[29.3408,113.417,-19.2185],[[[-0.228201,-0.960547,-0.158974],[0.886354,-0.272524,0.374308],[-0.402865,-0.0554898,0.913576]],[[-0.312948,-0.948425,0.0505289],[0.796997,-0.291173,-0.529164],[0.516585,-0.125329,0.847014]],[[-0.312948,-0.948425,0.0505289],[0.740866,-0.277057,-0.611847],[0.594291,-0.154041,0.78936]],[[-0.312948,-0.948425,0.0505289],[0.706323,-0.26797,-0.65521],[0.634958,-0.169356,0.753755]]],4],[880,[-0.146799,0.967741,-0.204763],88,48.5089,[-98.8243,238.905,106.831],[-103.749,247.835,115.927],[-92.8543,120.571,-40.7957],false,[-89.5965,155.192,128.346],[-89.5965,155.192,128.346],[-96.8701,200.671,122.221],[-101.529,231.383,115.723],[-105.327,252.825,116.277],[[[-0.983936,-0.113226,-0.13802],[-0.1758,0.480088,0.859424],[0.0310477,-0.869883,0.492281]],[[-0.979693,-0.170824,-0.104977],[-0.125274,0.112716,0.985698],[0.156548,-0.978833,0.131827]],[[-0.979693,-0.170824,-0.104977],[-0.136569,0.185195,0.973166],[0.146799,-0.967741,0.204763]],[[-0.979693,-0.170824,-0.104977],[-0.0989908,-0.043217,0.994149],[0.174361,-0.984353,-0.0254294]]],0],[881,[0.211987,-0.693366,0.688699],88,54.7369,[-68.5657,173.684,83.4344],[-69.2999,177.673,83.5198],[-50.6492,145.623,-54.9071],false,[-110.36,156.874,121.077],[-107.985,203.218,70.7213],[-69.8392,199.406,59.3431],[-65.0701,183.808,74.837],[-71.5311,175.511,86.7671],[[[-0.262891,-0.703718,-0.660052],[-0.964202,0.216215,0.153511],[-0.0346847,-0.67678,0.735367]],[[-0.263622,-0.719162,-0.642891],[-0.143352,0.688274,-0.711147],[-0.953915,0.0953145,0.284537]],[[-0.263622,-0.719162,-0.642891],[0.941045,-0.0452716,-0.33524],[-0.211987,0.693366,-0.688699]],[[-0.263622,-0.719162,-0.642891],[0.874895,-0.458958,0.154651],[0.406278,0.521693,-0.750183]]],1],[882,[0.230725,-0.573519,0.786029],88,62.3683,[-69.0537,162.385,82.4979],[-69.5061,166.259,82.2391],[-39.2087,147.931,-60.3742],false,[-114.849,149.609,113.434],[-114.866,186.87,60.2487],[-70.8648,187.708,51.5343],[-64.758,172.528,72.339],[-71.9075,164,85.8331],[[[-0.0969096,-0.815163,-0.571067],[-0.995293,0.0792196,0.0558192],[0.000262043,-0.573788,0.819003]],[[-0.0969078,-0.817353,-0.567929],[-0.169374,0.575834,-0.79983],[-0.980776,-0.0186824,0.194241]],[[-0.0969078,-0.817353,-0.567929],[0.968181,0.0548629,-0.244162],[-0.230725,0.573519,-0.786029]],[[-0.0969078,-0.817353,-0.567929],[0.907488,-0.306902,0.286839],[0.408747,0.487592,-0.771479]]],2],[883,[0.310485,-0.394869,0.864684],88,59.9688,[-73.8083,151.78,79.3211],[-73.7132,155.094,78.5252],[-37.5061,141.222,-53.0277],false,[-116.786,140.838,106.357],[-118.858,166.921,54.2537],[-78.3367,170.037,45.4349],[-70.3311,159.855,67.7303],[-76.0823,153.231,82.746],[[[-0.0205077,-0.894353,-0.446892],[-0.999158,0.00244596,0.040956],[0.035536,-0.447355,0.89365]],[[-0.019025,-0.912039,-0.409663],[-0.2241,0.403202,-0.887247],[-0.974381,-0.0749254,0.212058]],[[-0.019025,-0.912039,-0.409663],[0.950388,0.110743,-0.290686],[-0.310485,0.394869,-0.864684]],[[-0.019025,-0.912039,-0.409663],[0.943541,-0.151906,0.294373],[0.33071,0.380933,-0.863435]]],3],[884,[0.889183,0.204136,-0.409489],88,47.0144,[-67.0773,159.37,17.2144],[-67.9726,160.857,16.3048],[-51.4163,147.651,-56.7406],false,[-112.452,129.825,100.407],[-118.187,147.52,49.742],[-95.4175,154.258,26.9535],[-79.2299,157.974,19.4988],[-63.8896,161.063,15.959],[[[0.149117,-0.928146,-0.341041],[-0.983093,-0.176221,0.0497394],[0.106264,-0.327858,0.938732]],[[0.169272,-0.978225,-0.120094],[-0.701924,-0.0341201,-0.711435],[-0.691846,-0.204723,0.692415]],[[0.169272,-0.978225,-0.120094],[-0.425088,0.0374703,-0.904376],[-0.889183,-0.204136,0.409489]],[[0.169272,-0.978225,-0.120094],[-0.238953,0.077482,-0.967935],[-0.956163,-0.192541,0.220635]]],4]],[[0,200,0],[235.247,235.247,147.751]]],[132822,4822871180,[[87,"right",[0.459781,0.301057,-0.835444],[-0.861311,-0.0778663,-0.502077],[55.8073,134.367,58.3906],[-84.5656,-148.123,55.858],[56.0726,134.674,58.2065],0,0.90477,0.718592,[[-0.0895706,-0.848825,-0.521031],[0.713922,0.31005,-0.627841],[0.694473,-0.428211,0.578224]],63.72,[223.856,-4.41575,260.09],[36.348,111.201,103.97]],[88,"left",[-0.158431,0.565915,-0.809098],[0.959827,-0.103927,-0.260637],[-108.764,173.108,74.8698],[-42.9446,128.322,-70.0966],[-107.665,169.825,75.7019],0,0.746781,0.534685,[[-0.113383,-0.770723,-0.627002],[-0.661713,0.529322,-0.530993],[-0.741134,-0.35469,0.570014]],59.3093,[-292.559,50.1414,256.098],[-106.304,139.279,112.848]]],[[870,[0.0127313,0.971252,-0.237714],87,52.1164,[21.5985,236.691,76.2479],[19.6378,230.114,69.547],[-85.4599,-128.555,-9.97013],false,[19.3089,136.425,107.778],[19.3089,136.425,107.778],[19.6035,181.058,85.4271],[20.0376,214.173,77.3221],[20.2715,236.299,69.6978],[[[0.947099,-0.254056,0.196112],[0.0317522,0.682225,0.730453],[-0.319368,-0.685584,0.654201]],[[0.999491,-0.019319,-0.0254036],[0.0313645,0.447376,0.893796],[-0.00590225,-0.894137,0.447754]],[[0.999491,-0.019319,-0.0254036],[0.0292657,0.23727,0.971003],[-0.0127313,-0.971252,0.237714]],[[0.999491,-0.019319,-0.0254036],[0.0303101,0.325352,0.945107],[-0.00999339,-0.945396,0.325772]]],0],[871,[-0.462396,-0.420974,0.780366],87,58.8075,[18.4357,150.915,54.4962],[16.5898,148.16,53.2999],[-84.1922,-165.102,37.8486],false,[42.8141,133.503,106.853],[63.7499,165.856,44.1835],[26.7742,162.215,22.6126],[15.5979,152.04,41.4743],[18.1255,147.045,57.6167],[[[0.290335,-0.886381,-0.360602],[0.913632,0.144702,0.379918],[-0.284572,-0.439761,0.851839]],[[0.27775,-0.90458,-0.323405],[0.426768,0.417794,-0.80207],[0.860653,0.0847559,0.502088]],[[0.27775,-0.90458,-0.323405],[-0.842048,-0.0672052,-0.5352],[0.462396,0.420974,-0.780366]],[[0.27775,-0.90458,-0.323405],[-0.949195,-0.31026,0.052616],[-0.147935,0.29236,-0.944797]]],1],[872,[-0.476549,-0.295508,0.827996],87,67.0064,[16.9316,138.399,56.3638],[15.0479,135.521,55.5137],[-80.2546,-168.975,60.5917],false,[48.0735,123.212,102.605],[70.4231,145.126,40.2529],[27.3454,147.819,18.7973],[13.7941,139.415,42.3425],[16.6284,134.223,60.1791],[[[0.0891845,-0.949239,-0.301647],[0.943094,-0.016925,0.332094],[-0.320342,-0.3141,0.893713]],[[0.0853569,-0.952918,-0.290965],[0.440429,0.298037,-0.846875],[0.893721,-0.0558629,0.445132]],[[0.0853569,-0.952918,-0.290965],[-0.874995,0.0679839,-0.479336],[0.476549,0.295508,-0.827996]],[[0.0853569,-0.952918,-0.290965],[-0.984868,-0.124902,0.120139],[-0.150825,0.276308,-0.949161]]],2],[873,[-0.527759,-0.138987,0.837946],87,64.4285,[19.5643,123.375,57.5532],[17.4936,121.159,57.3061],[-53.5972,-167.864,81.2032],false,[50.2757,111.85,98.4836],[72.1823,122.413,40.7575],[32.4863,127.464,20.8837],[17.8663,123.614,44.0964],[19.2301,120.144,62.4046],[[[-0.0302784,-0.98112,-0.191013],[0.936364,-0.0947048,0.338014],[-0.349723,-0.168623,0.921553]],[[-0.0330301,-0.982417,-0.183754],[0.457765,0.148566,-0.876573],[0.88846,-0.113069,0.444809]],[[-0.0330301,-0.982417,-0.183754],[-0.848752,0.124655,-0.513889],[0.527759,0.138987,-0.837946]],[[-0.0330301,-0.982417,-0.183754],[-0.996785,0.0189531,0.0778439],[-0.0729925,0.185734,-0.979885]]],3],[874,[-0.591731,0.132825,-0.795118],87,50.5107,[30.8565,109.79,-14.8187],[30.9577,110.055,-14.6448],[-62.8784,-234.909,74.7914],false,[45.3317,99.2693,94.0295],[68.8896,101.258,41.0828],[50.7186,104.899,10.9692],[39.1451,107.497,-4.58238],[28.2431,110.063,-17.6846],[[[-0.224847,-0.964817,-0.136276],[0.885655,-0.260675,0.38427],[-0.406274,-0.0342915,0.913107]],[[-0.310534,-0.947772,0.0727751],[0.799675,-0.301864,-0.519036],[0.513896,-0.102982,0.851649]],[[-0.310534,-0.947772,0.0727751],[0.743924,-0.289974,-0.602073],[0.591731,-0.132825,0.795118]],[[-0.310534,-0.947772,0.0727751],[0.709598,-0.282076,-0.645681],[0.632487,-0.148865,0.760132]]],4],[880,[-0.155934,0.964984,-0.210926],88,48.5089,[-101.121,242.787,109.24],[-105.168,250.55,113.841],[-85.7582,139.052,-77.2238],false,[-90.0055,158.134,126.781],[-90.0055,158.134,126.781],[-97.721,203.511,120.444],[-102.67,234.135,113.75],[-106.678,255.542,114.206],[[[-0.9826,-0.125732,-0.136709],[-0.181039,0.483852,0.85622],[0.041507,-0.866071,0.498195]],[[-0.977931,-0.180881,-0.104557],[-0.126785,0.116014,0.985123],[0.16606,-0.976639,0.136387]],[[-0.977931,-0.180881,-0.104557],[-0.139049,0.189967,0.971894],[0.155934,-0.964984,0.210926]],[[-0.977931,-0.180881,-0.104557],[-0.0989633,-0.0397055,0.994299],[0.184001,-0.982703,-0.0209287]]],0],[881,[0.22099,-0.686327,0.692906],88,54.7369,[-69.5177,176.598,82.9195],[-70.0068,180.547,81.7841],[-46.0144,156.94,-77.1752],false,[-110.791,159.522,119.512],[-108.984,205.545,68.8395],[-70.8058,202.128,57.446],[-65.8341,186.687,73.0346],[-72.1886,178.392,85.0226],[[[-0.254899,-0.711258,-0.655087],[-0.966608,0.205905,0.152554],[-0.0263802,-0.672098,0.739992]],[[-0.255434,-0.726402,-0.638038],[-0.152434,0.681935,-0.715352],[-0.954734,0.0854668,0.284918]],[[-0.255434,-0.726402,-0.638038],[0.941232,-0.0359922,-0.335839],[-0.22099,0.686327,-0.692906]],[[-0.255434,-0.726402,-0.638038],[0.880392,-0.447499,0.157015],[0.399578,0.521617,-0.753826]]],1],[882,[0.239667,-0.565428,0.789209],88,62.3683,[-69.8007,165.2,81.8484],[-70.0704,169.132,80.5625],[-35.0939,158.615,-79.2905],false,[-115.198,152.153,111.921],[-115.678,189.046,58.4826],[-71.7074,190.39,49.6742],[-65.3639,175.424,70.563],[-72.3866,166.895,84.1233],[[[-0.0875767,-0.820132,-0.565432],[-0.99613,0.067888,0.0558169],[0.0073911,-0.568133,0.822904]],[[-0.0875495,-0.822176,-0.56246],[-0.178268,0.568445,-0.803176],[-0.980079,-0.029951,0.196335]],[[-0.0875495,-0.822176,-0.56246],[0.9669,0.0657082,-0.246551],[-0.239667,0.565428,-0.789209]],[[-0.0875495,-0.822176,-0.56246],[0.911666,-0.2937,0.28741],[0.401496,0.487614,-0.775264]]],2],[883,[0.315117,-0.385328,0.867308],88,59.9688,[-74.4394,154.386,78.6005],[-74.171,157.875,76.9702],[-32.3838,151.781,-70.8962],false,[-117.035,143.311,104.905],[-119.437,169.011,52.6261],[-78.9579,172.54,43.7703],[-70.8328,162.605,66.1333],[-76.5064,156.017,81.1947],[[[-0.0101911,-0.897567,-0.440761],[-0.999099,-0.00902562,0.0414806],[0.0412097,-0.440786,0.896666]],[[-0.00848363,-0.914974,-0.403423],[-0.22908,0.394486,-0.889889],[-0.973371,-0.0848666,0.212949]],[[-0.00848363,-0.914974,-0.403423],[0.949015,0.119767,-0.291593],[-0.315117,0.385328,-0.867308]],[[-0.00848363,-0.914974,-0.403423],[0.945247,-0.138962,0.295293],[0.326246,0.378829,-0.866056]]],3],[884,[0.885555,0.211104,-0.413795],88,47.0144,[-67.6228,161.396,15.91],[-68.5016,163.225,14.6444],[-43.3016,144.66,-77.2818],false,[-112.574,132.309,99.028],[-118.54,149.589,48.2467],[-95.8769,156.393,25.3719],[-79.7554,160.236,17.8388],[-64.4664,163.479,14.2155],[[[0.159868,-0.928638,-0.334773],[-0.980929,-0.187427,0.0514755],[0.110548,-0.320159,0.940892]],[[0.18086,-0.977172,-0.111465],[-0.702213,-0.0489478,-0.710282],[-0.688612,-0.206734,0.695036]],[[0.18086,-0.977172,-0.111465],[-0.42788,0.0238696,-0.90352],[-0.885555,-0.211104,0.413795]],[[0.18086,-0.977172,-0.111465],[-0.243217,0.0653764,-0.967766],[-0.952961,-0.20214,0.225841]]],4]],[[0,200,0],[235.247,235.247,147.751]]],[132823,4822879898,[[87,"right",[0.459671,0.292952,-0.83838],[-0.861247,-0.0832923,-0.501314],[55.2334,133.585,58.8192],[-79.5589,-132.518,54.068],[55.5485,133.994,58.5891],0,0.905788,0.719866,[[-0.0935575,-0.851178,-0.516472],[0.714054,0.304133,-0.630579],[0.693811,-0.427785,0.579333]],63.72,[223.112,-4.6375,261.046],[35.7835,110.864,104.626]],[88,"left",[-0.153914,0.572229,-0.805521],[0.958971,-0.109927,-0.261324],[-108.614,173.873,73.6808],[-26.8709,117.493,-87.8131],[-107.877,170.729,75.2505],0,0.745171,0.50977,[[-0.121252,-0.765628,-0.631753],[-0.66291,0.536173,-0.52256],[-0.738815,-0.355434,0.572555]],59.3093,[-292.096,50.4634,255.334],[-106.424,139.788,111.445]]],[[870,[0.0162854,0.972875,-0.230757],87,52.1164,[21.185,235.161,75.0452],[19.353,229.675,69.7004],[-69.2855,-107.393,-2.77662],false,[18.7316,136.116,108.182],[18.7316,136.116,108.182],[19.2166,180.762,85.8596],[19.7719,213.933,77.9918],[20.0685,235.812,69.6897],[[[0.947216,-0.251617,0.198673],[0.0313764,0.689481,0.723624],[-0.319058,-0.679195,0.660982]],[[0.999507,-0.0220316,-0.0223467],[0.0298388,0.446747,0.894163],[-0.00971653,-0.894389,0.447184]],[[0.999507,-0.0220316,-0.0223467],[0.0268245,0.23028,0.972755],[-0.0162854,-0.972875,0.230757]],[[0.999507,-0.0220316,-0.0223467],[0.0287069,0.354278,0.934699],[-0.012676,-0.93488,0.354736]]],0],[871,[-0.460706,-0.412893,0.785665],87,58.8075,[17.8905,149.553,54.4013],[16.07,147.314,53.6423],[-78.023,-146.65,38.2889],false,[42.2382,133.197,107.287],[63.161,164.935,44.2995],[26.1743,161.044,22.7911],[15.0389,151.064,41.7809],[17.6006,146.249,57.9723],[[[0.290795,-0.889783,-0.351745],[0.913542,0.148934,0.378498],[-0.284394,-0.431398,0.856163]],[[0.278091,-0.907783,-0.314],[0.426031,0.409548,-0.806702],[0.860908,0.0905629,0.500635]],[[0.278091,-0.907783,-0.314],[-0.842861,-0.0738246,-0.533043],[0.460706,0.412893,-0.785665]],[[0.278091,-0.907783,-0.314],[-0.948781,-0.310617,0.0577246],[-0.149935,0.281865,-0.947666]]],1],[872,[-0.47435,-0.287651,0.832015],87,67.0064,[16.3967,137.024,56.4528],[14.5376,134.666,56.0273],[-75.31,-150.11,60.8165],false,[47.503,122.867,103.143],[69.8447,144.17,40.5758],[26.7204,146.597,19.1822],[13.2316,138.417,42.8418],[16.0972,133.407,60.7256],[[[0.0896729,-0.952151,-0.292176],[0.943087,-0.0131461,0.332287],[-0.320228,-0.305345,0.896782]],[[0.085852,-0.955721,-0.281473],[0.438366,0.289936,-0.850748],[0.894687,-0.0503498,0.443847]],[[0.085852,-0.955721,-0.281473],[-0.87614,0.0620866,-0.478041],[0.47435,0.287651,-0.832015]],[[0.085852,-0.955721,-0.281473],[-0.984569,-0.124625,0.122852],[-0.152491,0.266583,-0.951672]]],2],[873,[-0.523666,-0.131577,0.841702],87,64.4285,[19.2108,122.277,57.9966],[17.1098,120.317,57.9848],[-51.6335,-148.513,80.2843],false,[49.7111,111.465,99.1342],[71.6152,121.464,41.3068],[31.8883,126.289,21.4384],[17.3817,122.644,44.7552],[18.8512,119.353,63.0883],[[[-0.0297795,-0.982989,-0.181235],[0.936395,-0.0908664,0.338981],[-0.349683,-0.159613,0.923171]],[[-0.0324915,-0.984198,-0.174067],[0.456457,0.140324,-0.87861],[0.889152,-0.108002,0.444685]],[[-0.0324915,-0.984198,-0.174067],[-0.851304,0.118501,-0.511116],[0.523666,0.131577,-0.841701]],[[-0.0324915,-0.984198,-0.174067],[-0.996372,0.0181905,0.0831325],[-0.0786524,0.176137,-0.981218]]],3],[874,[-0.592075,0.124549,-0.7962],87,50.5107,[30.3626,108.476,-14.2159],[30.378,108.521,-13.9609],[-64.0416,-218.829,76.1712],false,[44.7736,98.8384,94.8054],[68.333,100.311,41.8425],[50.1423,103.643,11.705],[38.562,106.079,-3.86767],[27.656,108.508,-16.9929],[[[-0.224359,-0.966239,-0.126671],[0.885767,-0.256393,0.386885],[-0.406301,-0.0254001,0.913386]],[[-0.310181,-0.947091,0.0825064],[0.799451,-0.30682,-0.516468],[0.514456,-0.0942386,0.852322]],[[-0.310181,-0.947091,0.0825064],[0.743797,-0.295816,-0.599382],[0.592075,-0.124549,0.7962]],[[-0.310181,-0.947091,0.0825064],[0.709551,-0.288394,-0.642936],[0.632713,-0.140884,0.761463]]],4],[880,[-0.0874982,0.96691,-0.239644],88,48.5089,[-100.839,244.287,109.47],[-100.597,251.025,111.157],[128.946,126.237,-165.117],false,[-89.9758,158.425,125.496],[-89.9758,158.425,125.496],[-94.6659,204.081,118.265],[-97.4427,234.766,110.66],[-100.114,256.385,110.531],[[[-0.983568,-0.117044,-0.137456],[-0.177189,0.47989,0.859249],[0.0346058,-0.869486,0.492744]],[[-0.98334,-0.122312,-0.134467],[-0.151168,0.139463,0.978621],[0.100944,-0.982644,0.155629]],[[-0.98334,-0.122312,-0.134467],[-0.159329,0.223886,0.961504],[0.0874982,-0.96691,0.239644]],[[-0.98334,-0.122312,-0.134467],[-0.134172,-0.0106826,0.990901],[0.122635,-0.992434,0.00590615]]],0],[881,[0.216915,-0.692771,0.687762],88,54.7369,[-69.7493,177.586,82.4752],[-69.8049,180.973,80.615],[-26.4734,128.755,-93.7121],false,[-110.749,160.024,118.237],[-108.576,206.349,67.8543],[-70.4352,202.748,56.3911],[-65.5552,187.163,71.8639],[-71.965,178.832,83.7979],[[[-0.260548,-0.705077,-0.659531],[-0.964939,0.212632,0.153884],[-0.0317371,-0.676501,0.735757]],[[-0.261193,-0.720038,-0.642903],[-0.148526,0.68807,-0.710282],[-0.953792,0.0900326,0.286663]],[[-0.261193,-0.720038,-0.642903],[0.940599,-0.0401829,-0.337134],[-0.216915,0.692771,-0.687762]],[[-0.261193,-0.720038,-0.642903],[0.87711,-0.455134,0.153397],[0.403058,0.523831,-0.75043]]],1],[882,[0.235768,-0.572339,0.785393],88,62.3683,[-69.9972,166.157,81.3596],[-69.9612,169.556,79.3381],[-21.7423,129.695,-96.379],false,[-115.215,152.738,110.6],[-115.4,189.969,57.3942],[-71.4263,191.037,48.5675],[-65.186,175.889,69.3553],[-72.2714,167.327,82.8624],[[[-0.0940984,-0.815841,-0.570569],[-0.995559,0.0754647,0.056283],[0.00286012,-0.573331,0.819319]],[[-0.0940879,-0.817822,-0.567727],[-0.174423,0.574978,-0.799361],[-0.980165,-0.0238143,0.196745]],[[-0.0940879,-0.817822,-0.567727],[0.967244,0.0599559,-0.246666],[-0.235768,0.572339,-0.785393]],[[-0.0940879,-0.817822,-0.567727],[0.909426,-0.302633,0.285232],[0.405081,0.489469,-0.772223]]],2],[883,[0.311754,-0.393317,0.864934],88,59.9688,[-74.6224,155.272,78.0735],[-74.1636,158.347,75.6951],[-23.3179,125.918,-91.3705],false,[-117.122,143.956,103.529],[-119.319,170.001,51.4123],[-78.8126,173.263,42.579],[-70.7742,163.122,64.8809],[-76.5065,156.485,79.8987],[[[-0.0173329,-0.894671,-0.446389],[-0.999139,-0.00133129,0.041464],[0.0376909,-0.446723,0.893878]],[[-0.0157653,-0.912317,-0.409181],[-0.225873,0.401903,-0.887387],[-0.974029,-0.0784332,0.212404]],[[-0.0157653,-0.912317,-0.409181],[0.950032,0.113928,-0.29062],[-0.311754,0.393317,-0.864934]],[[-0.0157653,-0.912317,-0.409181],[0.943983,-0.148487,0.294699],[0.329617,0.381614,-0.863553]]],3],[884,[0.886294,0.206073,-0.414748],88,47.0144,[-67.7368,162.113,15.1528],[-68.4353,163.994,13.3448],[-30.9496,129.494,-98.351],false,[-112.749,132.956,97.5824],[-118.577,150.601,46.9109],[-95.8756,157.328,24.0513],[-79.7406,161.08,16.5008],[-64.4378,164.222,12.8476],[[[0.152472,-0.927761,-0.340606],[-0.98239,-0.179931,0.0503375],[0.107987,-0.326933,0.938858]],[[0.173201,-0.978051,-0.115837],[-0.703009,-0.0403999,-0.710033],[-0.689768,-0.204413,0.694575]],[[0.173201,-0.978051,-0.115837],[-0.429516,0.0308314,-0.902533],[-0.886294,-0.206073,0.414748]],[[0.173201,-0.978051,-0.115837],[-0.245397,0.07105,-0.966816],[-0.953825,-0.195879,0.227704]]],4]],[[0,200,0],[235.247,235.247,147.751]]],[132824,4822897176,[[87,"right",[0.472845,0.270517,-0.838593],[-0.853357,-0.096537,-0.512311],[53.0173,131.405,62.0464],[-101.964,-129.591,115.121],[53.5302,131.929,61.3458],0,0.908883,0.687443,[[-0.0928747,-0.860371,-0.501134],[0.723929,0.287203,-0.627249],[0.683595,-0.421041,0.596174]],63.72,[217.414,-3.76865,269.099],[32.8437,109.912,108.132]],[88,"left",[-0.151883,0.578645,-0.801313],[0.958862,-0.110449,-0.261503],[-108.992,174.649,72.156],[-24.5674,84.085,-88.0146],[-108.211,171.902,74.3248],0,0.738014,0.513618,[[-0.128146,-0.762302,-0.634408],[-0.665574,0.540338,-0.514826],[-0.735248,-0.356273,0.576611]],59.3093,[-291.691,50.7405,254.574],[-106.915,140.276,109.666]]],[[870,[0.0386227,0.968794,-0.244839],87,52.1164,[20.4527,232.242,73.59],[18.5286,227.996,70.4361],[-47.5664,-107.574,7.3949],false,[15.7506,135.251,110.748],[15.7506,135.251,110.748],[17.6176,179.406,87.5407],[18.9345,212.438,79.1927],[19.8233,233.84,69.7647],[[[0.943877,-0.246309,0.220064],[0.0204106,0.708482,0.705434],[-0.329666,-0.661351,0.673747]],[[0.999254,-0.0376002,0.00885081],[0.00965187,0.464902,0.88531],[-0.0374026,-0.884564,0.464918]],[[0.999254,-0.0376002,0.00885081],[0.000631356,0.244998,0.969523],[-0.0386227,-0.968794,0.244839]],[[0.999254,-0.0376002,0.00885081],[0.0070531,0.402879,0.915226],[-0.0379785,-0.91448,0.402844]]],0],[871,[-0.46915,-0.390509,0.792086],87,58.8075,[16.1778,146.911,55.745],[14.0785,145.005,56.0459],[-96.2516,-140.298,85.5719],false,[39.2669,132.308,110.299],[61.1858,162.357,46.8237],[24.485,157.845,24.95],[13.1455,148.406,44.095],[15.5263,144.062,60.4465],[[[0.295819,-0.898844,-0.323373],[0.907594,0.158885,0.388625],[-0.297934,-0.408454,0.862787]],[[0.282223,-0.916183,-0.284531],[0.436579,0.386752,-0.812294],[0.854254,0.105028,0.509137]],[[0.282223,-0.916183,-0.284531],[-0.836808,-0.0900569,-0.540038],[0.46915,0.390509,-0.792086]],[[0.282223,-0.916183,-0.284531],[-0.949175,-0.309746,0.0558989],[-0.139346,0.254294,-0.957036]]],1],[872,[-0.48411,-0.265597,0.833724],87,67.0064,[14.7303,134.456,58.0391],[12.4739,132.379,58.7563],[-97.1488,-141.828,106.66],false,[44.5907,121.87,106.513],[67.9168,141.5,43.7584],[25.0573,143.315,21.7799],[11.291,135.763,45.488],[13.9218,131.236,63.5359],[[[0.0937613,-0.959592,-0.265315],[0.937778,-0.0043687,0.347208],[-0.334337,-0.281361,0.899475]],[[0.0897811,-0.962868,-0.254606],[0.448638,0.267332,-0.852794],[0.889192,-0.0376613,0.455981]],[[0.0897811,-0.962868,-0.254606],[-0.870389,0.0484049,-0.48998],[0.48411,0.265597,-0.833724]],[[0.0897811,-0.962868,-0.254606],[-0.986073,-0.12187,0.113172],[-0.139999,0.2409,-0.9604]]],2],[873,[-0.530814,-0.110011,0.840318],87,64.4285,[17.9285,120.179,59.9446],[15.1866,118.081,61.1619],[-80.5419,-139.057,128.261],false,[46.8556,110.366,102.844],[69.6646,118.821,45.1205],[30.2103,123.109,24.5963],[15.5057,120.061,47.8748],[16.8429,117.253,66.2981],[[[-0.0274233,-0.98746,-0.155472],[0.930945,-0.081883,0.355861],[-0.364129,-0.134977,0.921516]],[[-0.0301867,-0.988456,-0.148473],[0.468308,0.117242,-0.875752],[0.88305,-0.0959669,0.459362]],[[-0.0301867,-0.988456,-0.148473],[-0.84695,0.104178,-0.521366],[0.530814,0.110011,-0.840318]],[[-0.0301867,-0.988456,-0.148473],[-0.996979,0.0191392,0.0752814],[-0.0715707,0.150296,-0.986047]]],3],[874,[-0.580717,0.103481,-0.807502],87,50.5107,[29.1523,104.426,-10.8372],[29.2198,104.391,-10.3824],[-66.0759,-227.195,137.344],false,[41.9801,97.6289,98.7761],[66.3642,97.6908,46.1672],[48.5902,100.229,15.7055],[37.232,102.253,-0.088276],[26.517,104.333,-13.4288],[[[-0.222823,-0.969251,-0.104419],[0.879495,-0.246073,0.407354],[-0.420523,-0.00106837,0.907281]],[[-0.312148,-0.944383,0.10346],[0.806154,-0.32092,-0.497117],[0.502672,-0.0717693,0.861493]],[[-0.312148,-0.944383,0.10346],[0.751885,-0.312141,-0.580721],[0.580717,-0.103481,0.807502]],[[-0.312148,-0.944383,0.10346],[0.718425,-0.305903,-0.624731],[0.621635,-0.12068,0.773955]]],4],[880,[-0.0434049,0.969593,-0.240842],88,48.5089,[-99.355,246.546,109.029],[-97.4641,251.695,108.76],[169.36,84.4834,-158.414],false,[-90.429,158.764,123.866],[-90.429,158.764,123.866],[-93.1038,204.551,116.439],[-94.4812,235.321,108.796],[-96.1341,257.015,107.71],[[[-0.983773,-0.113463,-0.138983],[-0.176535,0.473897,0.862703],[0.0320213,-0.87324,0.486237]],[[-0.984291,-0.0827962,-0.155934],[-0.166903,0.148373,0.974746],[0.0575687,-0.985459,0.159861]],[[-0.984291,-0.0827962,-0.155934],[-0.171134,0.23029,0.957956],[0.0434049,-0.969593,0.240842]],[[-0.984291,-0.0827962,-0.155934],[-0.159417,0.0372224,0.986509],[0.0758749,-0.995871,0.0498368]]],0],[881,[0.219277,-0.699327,0.680337],88,54.7369,[-70.0627,178.803,81.5155],[-70.1619,181.645,79.0807],[-21.2254,88.8946,-94.4271],false,[-111.193,160.471,116.606],[-108.866,207.166,66.573],[-70.756,203.704,54.9651],[-65.8229,187.971,70.2709],[-72.2231,179.536,82.1361],[[[-0.261918,-0.699439,-0.664969],[-0.964491,0.213971,0.154832],[-0.0339888,-0.68191,0.730646]],[[-0.262586,-0.713879,-0.649172],[-0.151022,0.694896,-0.703073],[-0.953017,0.0865781,0.290281]],[[-0.262586,-0.713879,-0.649172],[0.939663,-0.0362987,-0.340171],[-0.219277,0.699327,-0.680337]],[[-0.262586,-0.713879,-0.649172],[0.876971,-0.457178,0.148019],[0.402455,0.530438,-0.7461]]],1],[882,[0.2359,-0.578933,0.780505],88,62.3683,[-70.2981,167.325,80.3703],[-70.3614,170.207,77.7683],[-20.8037,88.25,-95.5606],false,[-115.672,153.254,108.911],[-115.725,190.883,55.986],[-71.761,191.968,47.1132],[-65.5172,176.645,67.7716],[-72.6146,167.99,81.2127],[[[-0.0958167,-0.811297,-0.576729],[-0.995399,0.077619,0.0561853],[0.000817877,-0.579458,0.815001]],[[-0.0958136,-0.813115,-0.574163],[-0.174694,0.581601,-0.794495],[-0.97995,-0.0241797,0.197772]],[[-0.0958136,-0.813115,-0.574163],[0.967042,0.060662,-0.247283],[-0.2359,0.578933,-0.780505]],[[-0.0958136,-0.813115,-0.574163],[0.908941,-0.306604,0.282525],[0.405767,0.494811,-0.76845]]],2],[883,[0.307876,-0.401017,0.862785],88,59.9688,[-74.9662,156.354,77.0445],[-74.6917,158.994,74.1263],[-26.2603,85.4318,-91.9557],false,[-117.597,144.53,101.773],[-119.692,170.971,49.852],[-79.1664,174.188,41.0883],[-71.2279,163.848,63.3348],[-77.0377,157.119,78.2817],[[[-0.0193401,-0.891254,-0.453092],[-0.999167,0.00094574,0.0407889],[0.0359248,-0.453503,0.89053]],[[-0.0178501,-0.909108,-0.416178],[-0.223763,0.409319,-0.884527],[-0.97448,-0.0773363,0.210731]],[[-0.0178501,-0.909108,-0.416178],[0.951259,0.11273,-0.287051],[-0.307876,0.401017,-0.862785]],[[-0.0178501,-0.909108,-0.416178],[0.942379,-0.154375,0.296801],[0.334072,0.386899,-0.85948]]],3],[884,[0.883285,0.205574,-0.421364],88,47.0144,[-68.0643,163.123,13.6874],[-68.8674,164.975,11.5494],[-31.4045,96.4593,-106.134],false,[-113.249,133.564,95.7476],[-118.997,151.603,45.2058],[-96.345,158.342,22.3003],[-80.2648,162.085,14.6294],[-64.9979,165.217,10.8201],[[[0.150307,-0.925575,-0.347447],[-0.982886,-0.177758,0.048335],[0.106499,-0.334236,0.936453]],[[0.171059,-0.978096,-0.118608],[-0.705014,-0.0374193,-0.708206],[-0.688255,-0.204765,0.695972]],[[0.171059,-0.978096,-0.118608],[-0.436517,0.0326869,-0.899102],[-0.883285,-0.205574,0.421364]],[[0.171059,-0.978096,-0.118608],[-0.255386,0.0722512,-0.964136],[-0.951587,-0.195215,0.237432]]],4]],[[0,200,0],[235.247,235.247,147.751]]],[132825,4822915377,[[87,"right",[0.493113,0.263037,-0.829248],[-0.84108,-0.0994412,-0.531691],[50.2211,129.017,65.8797],[-126.636,-130.35,160.719],[51.1507,129.835,64.6059],0,0.913122,0.673531,[[-0.0815445,-0.867659,-0.490428],[0.733375,0.280977,-0.619042],[0.674916,-0.410147,0.613407]],63.72,[211.148,-2.81199,277.263],[28.9211,107.928,111.643]],[88,"left",[-0.157582,0.579158,-0.79984],[0.958463,-0.10529,-0.265072],[-109.625,175.179,70.2984],[-29.4337,57.8502,-94.7206],[-108.498,172.568,73.5067],0,0.73279,0.527783,[[-0.129968,-0.763669,-0.63239],[-0.669453,0.538062,-0.512174],[-0.731397,-0.356789,0.581171]],59.3093,[-291.053,51.0923,253.8],[-107.245,140.757,107.745]]],[[870,[0.0539793,0.965614,-0.254315],87,52.1164,[19.0917,229.442,73.6679],[16.4492,225.715,72.6492],[-77.1446,-121.577,51.5787],false,[11.8122,133.311,113.648],[11.8122,133.311,113.648],[14.7403,177.266,90.17],[16.5808,210.189,81.499],[17.9379,231.276,71.4378],[[[0.937966,-0.24589,0.244454],[0.00478009,0.714136,0.699991],[-0.346694,-0.655399,0.671011]],[[0.998188,-0.0453975,0.0394984],[-0.0134281,0.471795,0.881606],[-0.0586578,-0.880539,0.470331]],[[0.998188,-0.0453975,0.0394984],[-0.026595,0.255986,0.966315],[-0.0539793,-0.965614,0.254315]],[[0.998188,-0.0453975,0.0394984],[-0.0160722,0.431411,0.902012],[-0.0579891,-0.901013,0.4299]]],0],[871,[-0.485277,-0.382443,0.786285],87,58.8075,[14.1127,144.591,57.8912],[11.5583,142.628,58.977],[-117.547,-135.684,122.623],false,[35.3278,130.33,113.782],[58.8004,159.834,50.607],[22.5726,155.151,27.9931],[10.8432,145.908,46.9979],[12.8847,141.72,63.4362],[[[0.301954,-0.90186,-0.308987],[0.898348,0.160708,0.408833],[-0.319054,-0.401026,0.85871]],[[0.287198,-0.919093,-0.269788],[0.454374,0.378668,-0.806322],[0.843245,0.108989,0.526364]],[[0.287198,-0.919093,-0.269788],[-0.825847,-0.0948975,-0.555851],[0.485277,0.382443,-0.786285]],[[0.287198,-0.919093,-0.269788],[-0.95039,-0.308551,0.0394283],[-0.119482,0.24508,-0.962112]]],1],[872,[-0.502129,-0.258269,0.825327],87,67.0064,[12.6689,132.164,60.2273],[9.8362,130,61.7305],[-121.259,-136.565,134.625],false,[40.723,119.855,110.208],[65.5681,138.943,47.8709],[23.1959,140.614,24.9562],[8.9172,133.27,48.4255],[11.1411,128.889,66.5639],[[[0.0984724,-0.961842,-0.25527],[0.929241,-0.00291948,0.369463],[-0.35611,-0.273589,0.893496]],[[0.0942394,-0.965021,-0.244648],[0.467259,0.259868,-0.845067],[0.879084,-0.0346754,0.475404]],[[0.0942394,-0.965021,-0.244648],[-0.859643,0.0450666,-0.508904],[0.502129,0.258269,-0.825327]],[[0.0942394,-0.965021,-0.244648],[-0.988491,-0.119913,0.0922306],[-0.118341,0.233141,-0.965215]]],2],[873,[-0.547769,-0.102822,0.830287],87,64.4285,[16.1846,118.194,62.2045],[12.5646,115.721,64.309],[-112.274,-134.316,149.829],false,[43.0556,108.318,106.687],[67.2458,116.273,49.4568],[28.2804,120.448,27.9968],[13.1061,117.599,50.9975],[14.0851,114.936,69.4648],[[[-0.0253377,-0.988644,-0.148123],[0.922076,-0.0803512,0.378575],[-0.386178,-0.126988,0.913641]],[[-0.0282632,-0.989578,-0.141195],[0.488496,0.109563,-0.86566],[0.872108,-0.0934396,0.480308]],[[-0.0282632,-0.989578,-0.141195],[-0.836152,0.100809,-0.539154],[0.547769,0.102822,-0.830287]],[[-0.0282632,-0.989578,-0.141195],[-0.998226,0.0205366,0.0558835],[-0.0524014,0.142524,-0.988403]]],3],[874,[-0.563302,0.0982528,-0.820389],87,50.5107,[28.0019,101.626,-7.55531],[28.0046,101.439,-6.81363],[-67.5483,-195.001,166.25],false,[38.2575,95.5556,102.607],[63.8868,95.1565,50.5949],[46.7683,97.4875,19.7436],[35.7508,99.4092,3.69781],[25.3247,101.405,-9.88234],[[[-0.221866,-0.96974,-0.101885],[0.869145,-0.244045,0.430149],[-0.441997,0.00688291,0.89699]],[[-0.316372,-0.942883,0.104307],[0.815798,-0.326535,-0.477334],[0.48413,-0.0659219,0.872509]],[[-0.316372,-0.942883,0.104307],[0.763282,-0.318304,-0.562212],[0.563302,-0.0982528,0.820389]],[[-0.316372,-0.942883,0.104307],[0.73078,-0.312348,-0.606959],[0.604872,-0.1158,0.787858]]],4],[880,[-0.0356809,0.968057,-0.248179],88,48.5089,[-98.5117,247.811,108.221],[-97.1006,252.237,106.154],[97.9436,56.2974,-154.327],false,[-90.8,159.305,121.917],[-90.8,159.305,121.917],[-93.1411,205.07,114.252],[-94.2734,235.792,106.376],[-95.728,257.476,104.891],[[[-0.983688,-0.118106,-0.135682],[-0.175813,0.471647,0.864083],[0.0380596,-0.873842,0.484718]],[[-0.984389,-0.0768738,-0.15833],[-0.16864,0.154432,0.973505],[0.0503857,-0.985008,0.164985]],[[-0.984389,-0.0768738,-0.15833],[-0.172351,0.238655,0.955688],[0.0356809,-0.968057,0.248179]],[[-0.984389,-0.0768738,-0.15833],[-0.162848,0.05653,0.98503],[0.0667725,-0.995437,0.0681663]]],0],[881,[0.228284,-0.699859,0.676819],88,54.7369,[-70.3298,179.536,80.6182],[-70.7962,182.387,77.0388],[-25.9609,66.7094,-104.636],false,[-111.598,160.92,114.733],[-109.679,207.706,64.7673],[-71.6134,204.546,52.9301],[-66.4776,188.801,68.1567],[-72.7636,180.291,80.0302],[[[-0.260817,-0.699669,-0.66516],[-0.964981,0.208952,0.158588],[-0.0280274,-0.683229,0.729666]],[[-0.261343,-0.713711,-0.649858],[-0.159909,0.695967,-0.700042],[-0.951908,0.0790334,0.296015]],[[-0.261343,-0.713711,-0.649858],[0.937862,-0.0285295,-0.345832],[-0.228284,0.699859,-0.676819]],[[-0.261343,-0.713711,-0.649858],[0.880602,-0.451996,0.14227],[0.395273,0.535085,-0.746621]]],1],[882,[0.251523,-0.578483,0.775947],88,62.3683,[-70.5043,168.063,79.4188],[-70.8574,171.053,75.5486],[-19.3569,71.0846,-112.876],false,[-116.069,153.694,107.043],[-116.496,191.406,54.1785],[-72.6505,192.982,44.8026],[-65.9932,177.67,65.3404],[-72.8925,168.92,78.823],[[[-0.093853,-0.810844,-0.577688],[-0.995564,0.0726057,0.059833],[0.00657177,-0.580741,0.814062]],[[-0.0938336,-0.81252,-0.575332],[-0.190008,0.581875,-0.790771],[-0.977288,-0.0351166,0.208984]],[[-0.0938336,-0.81252,-0.575332],[0.963292,0.0718992,-0.258648],[-0.251523,0.578483,-0.775947]],[[-0.0938336,-0.81252,-0.575332],[0.914116,-0.299266,0.273555],[0.394447,0.500251,-0.770818]]],2],[883,[0.311296,-0.40117,0.861486],88,59.9688,[-75.2577,157.002,76.1378],[-75.3201,159.672,72.1588],[-29.744,62.5075,-100.153],false,[-117.976,144.972,99.8978],[-120.385,171.484,48.0265],[-79.9043,174.91,39.1375],[-71.8777,164.566,61.3504],[-77.6368,157.789,76.295],[[[-0.0165443,-0.890618,-0.454451],[-0.999009,-0.00406073,0.0443269],[0.0413237,-0.454734,0.889668]],[[-0.0148404,-0.90847,-0.417687],[-0.228589,0.409752,-0.883091],[-0.97341,-0.082373,0.213747]],[[-0.0148404,-0.90847,-0.417687],[0.950197,0.117239,-0.288756],[-0.311296,0.40117,-0.861486]],[[-0.0148404,-0.90847,-0.417687],[0.943458,-0.151074,0.295066],[0.33116,0.389691,-0.859345]]],3],[884,[0.877813,0.209613,-0.430705],88,47.0144,[-68.4689,163.739,12.4262],[-69.7275,165.694,9.35445],[-41.0841,69.6983,-116.515],false,[-113.595,134.036,93.8389],[-119.611,152.127,43.3469],[-97.1348,158.941,20.291],[-81.1542,162.757,12.45],[-65.9537,165.971,8.4484],[[[0.153644,-0.924267,-0.349463],[-0.981819,-0.182694,0.0515283],[0.111471,-0.335192,0.935532]],[[0.1757,-0.977396,-0.117584],[-0.709049,-0.042784,-0.70386],[-0.682919,-0.207041,0.700539]],[[0.1757,-0.977396,-0.117584],[-0.445617,0.0275422,-0.8948],[-0.877813,-0.209613,0.430705]],[[0.1757,-0.977396,-0.117584],[-0.267337,0.067582,-0.96123],[-0.947449,-0.200322,0.249421]]],4]],[[0,200,0],[235.247,235.247,147.751]]],[132826,4822923548,[[87,"right",[0.496489,0.263525,-0.827075],[-0.838257,-0.101899,-0.535669],[49.2043,128.308,67.545],[-126.078,-119.342,171.614],[50.3864,129.235,65.7601],0,0.915275,0.653935,[[-0.0776009,-0.86817,-0.490162],[0.735256,0.282207,-0.616246],[0.673333,-0.408215,0.616427]],63.72,[209.534,-3.01259,279.658],[27.7337,107.206,113.223]],[88,"left",[-0.162623,0.57629,-0.800902],[0.959001,-0.0986243,-0.26569],[-110.1,175.345,69.4294],[-36.698,48.3396,-97.6626],[-108.623,172.784,73.1885],0,0.728232,0.496832,[[-0.126738,-0.767248,-0.628703],[-0.672097,0.53257,-0.514445],[-0.729536,-0.35735,0.583163]],59.3093,[-290.769,51.2137,253.5],[-107.429,141.019,106.945]]],[[870,[0.0553502,0.964452,-0.258397],87,52.1164,[18.4702,228.445,73.9417],[15.4392,224.86,73.9076],[-89.2561,-121.019,69.8507],false,[10.5547,132.55,115.123],[10.5547,132.55,115.123],[13.6214,176.453,91.5683],[15.5086,209.337,82.7581],[16.9312,230.264,72.376],[[[0.937358,-0.243439,0.249195],[-0.000314338,0.714729,0.699401],[-0.348369,-0.655667,0.669881]],[[0.99792,-0.0448666,0.0462984],[-0.0195491,0.473738,0.880449],[-0.0614361,-0.879522,0.471875]],[[0.99792,-0.0448666,0.0462984],[-0.0330592,0.260422,0.964929],[-0.0553502,-0.964452,0.258397]],[[0.99792,-0.0448666,0.0462984],[-0.0214947,0.445502,0.895023],[-0.0607827,-0.894156,0.443611]]],0],[871,[-0.486349,-0.382374,0.785656],87,58.8075,[13.3716,143.84,58.8105],[10.5963,141.821,60.5241],[-118.264,-126.387,139.95],false,[34.0763,129.625,115.374],[57.7838,159.132,52.288],[21.6452,154.315,29.5598],[9.88998,145.073,48.5494],[11.8919,140.92,65.0013],[[[0.305601,-0.901392,-0.30676],[0.895972,0.1632,0.413037],[-0.322245,-0.401073,0.857496]],[[0.290568,-0.918765,-0.267285],[0.456079,0.378549,-0.805414],[0.841167,0.112124,0.529024]],[[0.290568,-0.918765,-0.267285],[-0.824036,-0.0982925,-0.557946],[0.486349,0.382374,-0.785656]],[[0.290568,-0.918765,-0.267285],[-0.949653,-0.311108,0.0370243],[-0.117171,0.24307,-0.962906]]],1],[872,[-0.504456,-0.258841,0.823726],87,67.0064,[11.9178,131.397,61.146],[8.87152,129.179,63.2572],[-121.089,-127.451,148.08],false,[39.5138,119.16,111.835],[64.6146,138.255,49.6023],[22.3247,139.792,26.5267],[7.9798,132.431,49.9505],[10.1414,128.072,68.1017],[[[0.102006,-0.961816,-0.253976],[0.927447,-0.000385864,0.373956],[-0.359775,-0.273695,0.891994]],[[0.097732,-0.964994,-0.243381],[0.469745,0.260325,-0.843547],[0.877376,-0.0318852,0.478743]],[[0.097732,-0.964994,-0.243381],[-0.857888,0.0422704,-0.512095],[0.504456,0.258841,-0.823726]],[[0.097732,-0.964994,-0.243381],[-0.988543,-0.122395,0.0883332],[-0.11503,0.231959,-0.9659]]],2],[873,[-0.549987,-0.103695,0.828711],87,64.4285,[15.529,117.496,63.1265],[11.6674,114.908,65.8627],[-112.366,-125.36,159.909],false,[41.891,107.626,108.335],[66.3388,115.591,51.2155],[27.4545,119.652,29.5871],[12.2188,116.779,52.544],[13.1549,114.132,71.0159],[[[-0.022257,-0.988825,-0.147407],[0.920423,-0.0778269,0.383099],[-0.39029,-0.12715,0.91187]],[[-0.0251849,-0.989752,-0.140561],[0.491893,0.110137,-0.863661],[0.870291,-0.090892,0.484079]],[[-0.0251849,-0.989752,-0.140561],[-0.834793,0.0981775,-0.541739],[0.549987,0.103695,-0.828711]],[[-0.0251849,-0.989752,-0.140561],[-0.998426,0.0178564,0.0531575],[-0.0501028,0.141678,-0.988644]]],3],[874,[-0.560665,0.096