{"metadata":{"formatVersion":2,"generatedBy":"LeapJS Playback 0.2.1","frames":56,"protocolVersion":6,"serviceVersion":"2.2.5+26752","frameRate":"58","modified":"Thu Apr 16 2015 19:51:16 GMT-0300 (E. South America Standard Time)"},"frames":[["id","timestamp",{"hands":[["id","type","direction","palmNormal","palmPosition","palmVelocity","stabilizedPalmPosition","pinchStrength","grabStrength","confidence","armBasis","armWidth","elbow","wrist"]]},{"pointables":[["id","direction","handId","length","stabilizedTipPosition","tipPosition","tipVelocity","tool","carpPosition","mcpPosition","pipPosition","dipPosition","btipPosition","bases","type"]]},{"interactionBox":["center","size"]}],[133023,4826418398,[[87,"right",[0.389752,0.482807,-0.784213],[-0.878315,-0.0611342,-0.474158],[52.1774,183.13,68.0701],[84.8007,-170.293,-268.532],[46.1819,191.623,86.0274],0,0.640327,0.517441,[[-0.0157035,-0.726335,-0.687161],[0.728464,0.462445,-0.505456],[0.684904,-0.508509,0.521847]],63.72,[221.96,13.3657,250.314],[37.0356,150.663,109.415]],[88,"left",[-0.135225,0.213801,-0.967473],[0.987503,-0.0506891,-0.149227],[-89.5724,132.938,92.1595],[-45.9043,117.762,143.305],[-88.6867,129.61,73.3651],0,0.67446,0.253597,[[0.382028,-0.795945,-0.469603],[-0.547022,0.214805,-0.809089],[-0.744863,-0.565978,0.353338]],59.3093,[-274.513,-26.7621,228.735],[-87.3208,115.474,139.937]]],[[870,[-0.0997979,0.981687,-0.162271],87,52.1164,[-1.47681,273.05,123.597],[7.70036,264.796,80.7202],[62.2091,-122.154,-302.625],false,[18.3231,173.255,118.388],[18.3231,173.255,118.388],[12.803,219.42,100.218],[9.40034,252.891,94.685],[6.65481,269.171,78.0975],[[[0.973053,-0.202639,0.110022],[0.017866,0.541977,0.840203],[-0.229887,-0.815597,0.530993]],[[0.993061,0.0880729,-0.0779282],[0.0400108,0.370088,0.928135],[0.110584,-0.924813,0.363996]],[[0.993061,0.0880729,-0.0779282],[0.0622094,0.168922,0.983664],[0.0997979,-0.981687,0.162271]],[[0.993061,0.0880729,-0.0779282],[-0.00821323,0.712982,0.701134],[0.117312,-0.695629,0.708758]]],0],[871,[-0.390265,-0.590282,0.706584],87,58.8075,[4.384,201.1,92.2957],[12.4547,193.858,67.9827],[86.5097,-160.562,-309.745],false,[41.9007,172.571,116.039],[56.8872,217.204,59.508],[19.1006,214.107,39.3003],[9.66773,199.84,56.3787],[13.2367,192.225,71.2512],[[[0.338379,-0.780124,-0.526219],[0.918697,0.152819,0.364201],[-0.203706,-0.606674,0.768408]],[[0.329044,-0.806176,-0.491742],[0.343746,0.587269,-0.732771],[0.879527,0.0720796,0.470358]],[[0.329044,-0.806176,-0.491742],[-0.859897,-0.0405879,-0.508851],[0.390265,0.590282,-0.706584]],[[0.329044,-0.806176,-0.491742],[-0.920921,-0.389143,0.0217472],[-0.20889,0.4457,-0.870469]]],1],[872,[-0.367479,-0.485842,0.793043],87,67.0064,[5.58524,187.547,92.5522],[13.2412,180.305,68.8461],[85.1433,-162.235,-292.287],false,[47.7063,163.686,109.797],[64.9253,198.15,51.6305],[20.1412,200.201,33.9259],[9.69145,186.385,56.4772],[14.5141,178.437,72.8083],[[[0.14614,-0.86946,-0.471892],[0.957983,0.00537336,0.286776],[-0.246805,-0.493973,0.833713]],[[0.144765,-0.872193,-0.46725],[0.340254,0.487307,-0.804213],[0.929123,-0.0425614,0.367312]],[[0.144765,-0.872193,-0.46725],[-0.918696,0.0568993,-0.390845],[0.367479,0.485842,-0.793043]],[[0.144765,-0.872193,-0.46725],[-0.955606,-0.24572,0.162603],[-0.256634,0.422967,-0.869044]]],2],[873,[-0.432371,-0.325099,0.841051],87,64.4285,[10.6508,174.281,91.2558],[17.8916,166.862,68.1139],[76.9239,-162.259,-281.852],false,[50.5578,153.467,103.602],[68.4621,175.943,47.9424],[27.186,180.702,31.5135],[15.2085,171.696,54.8122],[18.6586,165.42,72.0691],[[[0.0355919,-0.930591,-0.364327],[0.95762,-0.0725089,0.278759],[-0.285828,-0.358809,0.888571]],[[0.0300083,-0.937414,-0.346921],[0.381641,0.331528,-0.862809],[0.923823,-0.106508,0.367704]],[[0.0300083,-0.937414,-0.346921],[-0.901196,0.12476,-0.415066],[0.432371,0.325099,-0.841051]],[[0.0300083,-0.937414,-0.346921],[-0.982345,-0.0917773,0.163019],[-0.184656,0.335904,-0.923618]]],3],[874,[-0.516979,0.184103,-0.835966],87,50.5107,[27.6227,176.579,-1.22194],[33.4849,167.086,-13.4358],[140.77,-248.956,-267.827],false,[46.3714,141.499,97.137],[66.839,154.863,44.5558],[51.3891,160.788,13.3073],[41.2777,164.388,-3.0432],[31.5798,167.719,-16.8985],[[[-0.156448,-0.941006,-0.300054],[0.922458,-0.24778,0.2961],[-0.35298,-0.230463,0.906803]],[[-0.239222,-0.968759,-0.0654078],[0.867096,-0.182832,-0.463376],[0.436941,-0.167564,0.883745]],[[-0.239222,-0.968759,-0.0654078],[0.821892,-0.166167,-0.54487],[0.516979,-0.184103,0.835966]],[[-0.239222,-0.968759,-0.0654078],[0.791343,-0.155491,-0.591268],[0.562627,-0.193204,0.803818]]],4],[880,[-0.0504557,0.989305,-0.13686],88,48.5089,[-71.253,224.519,106.754],[-75.9114,231.731,124.716],[-84.647,163.245,159.863],false,[-74.8154,140.17,146.939],[-74.8154,140.17,146.939],[-73.6955,184.317,132.497],[-75.2968,215.713,128.154],[-76.8913,237.365,126.371],[[[-0.942208,-0.305506,-0.137513],[-0.323707,0.724356,0.608705],[0.0863552,-0.618041,0.781389]],[[-0.922503,-0.0986722,-0.373165],[-0.385236,0.295732,0.874148],[-0.0241027,-0.950161,0.310826]],[[-0.922503,-0.0986722,-0.373165],[-0.382678,0.107426,0.917615],[0.0504557,-0.989305,0.13686]],[[-0.922503,-0.0986722,-0.373165],[-0.378986,0.0482081,0.924146],[0.073198,-0.993952,0.0818675]]],0],[881,[0.132367,-0.296656,0.945767],88,54.7369,[-56.0834,146.506,79.1985],[-56.2151,148.834,101.256],[-52.1356,132.917,137.272],false,[-94.7423,135.898,138.486],[-92.8183,160.749,74.7059],[-53.251,157.916,69.6576],[-50.2731,151.242,90.9348],[-58.0904,148.077,104.417],[[[-0.1025,-0.925814,-0.363815],[-0.994336,0.105691,0.0111854],[-0.0280965,-0.362901,0.931404]],[[-0.104498,-0.953022,-0.284306],[-0.100174,0.294504,-0.950386],[-0.989467,0.0708334,0.126243]],[[-0.104498,-0.953022,-0.284306],[0.985677,-0.0611979,-0.157149],[-0.132367,0.296656,-0.945767]],[[-0.104498,-0.953022,-0.284306],[0.864548,-0.228348,0.447676],[0.491565,0.199015,-0.847795]]],1],[882,[0.107634,-0.214502,0.970775],88,62.3683,[-55.7699,134.608,78.8186],[-55.6302,135.951,104.389],[-51.4855,135.122,147.3],false,[-97.4645,125.768,133.868],[-96.477,140.874,70.7185],[-51.8718,144.58,67.6487],[-49.023,138.903,93.3432],[-57.977,134.986,107.849],[[[0.065668,-0.970694,-0.231174],[-0.997726,-0.0603433,-0.0300369],[-0.0152068,-0.232621,0.972449]],[[0.0655252,-0.972794,-0.222213],[-0.0849174,0.216447,-0.972594],[-0.994231,-0.0825991,0.0684243]],[[0.0655252,-0.972794,-0.222213],[0.992029,0.0875278,-0.09065],[-0.107634,0.214502,-0.970775]],[[0.0655252,-0.972794,-0.222213],[0.856532,-0.0594121,0.512662],[0.511917,0.223925,-0.829336]]],2],[883,[0.181305,-0.0637959,0.981355],88,59.9688,[-58.8179,121.515,76.7686],[-58.0625,122.478,104.645],[-43.5072,134.996,153.73],false,[-97.5418,114.85,130.47],[-97.3117,119.746,72.3721],[-56.5057,125.911,67.2406],[-51.8308,124.266,92.5443],[-59.5978,121.786,107.905],[[[0.137739,-0.987016,-0.0826245],[-0.990461,-0.136925,-0.0154616],[-0.00394748,-0.083966,0.996461]],[[0.137763,-0.986406,-0.0895759],[-0.134994,0.0708951,-0.988307],[-0.981223,-0.148245,0.123392]],[[0.137763,-0.986406,-0.0895759],[0.97373,0.151435,-0.170051],[-0.181305,0.0637959,-0.981356]],[[0.137763,-0.986406,-0.0895759],[0.884055,0.0816788,0.46019],[0.446618,0.142587,-0.88329]]],3],[884,[0.851456,0.103043,-0.514202],88,47.0144,[-43.0082,101.554,22.9303],[-43.6174,104.158,38.2291],[-20.5353,103.785,185.171],false,[-91.2728,103.241,129.279],[-93.7703,100.375,75.4415],[-70.2677,100.128,52.4037],[-54.7669,102.004,43.0426],[-40.2181,104.662,36.8245],[[[0.298103,-0.953818,0.0369584],[-0.953411,-0.295652,0.0599716],[0.0462752,0.0531143,0.997516]],[[0.299135,-0.900782,0.314819],[-0.632899,-0.434207,-0.641017],[-0.714113,0.00749805,0.69999]],[[0.299135,-0.900782,0.314819],[-0.430744,-0.42187,-0.7978],[-0.851456,-0.103043,0.514202]],[[0.299135,-0.900782,0.314819],[-0.296958,-0.401423,-0.866416],[-0.906827,-0.165687,0.387574]]],4]],[[0,200,0],[235.247,235.247,147.751]]],[133024,4826426800,[[87,"right",[0.386029,0.48019,-0.787655],[-0.876602,-0.0749863,-0.475337],[52.7894,180.971,66.3112],[81.706,-192.737,-253.205],[46.4889,191.129,85.1114],0,0.6413,0.528429,[[-0.00966831,-0.725926,-0.687705],[0.730263,0.464688,-0.50078],[0.683098,-0.507047,0.525624]],63.72,[222.357,11.7998,249.828],[37.9209,148.703,107.91]],[88,"left",[-0.13995,0.191446,-0.971474],[0.987914,-0.0390328,-0.15001],[-90.323,134.543,94.7208],[-57.1494,136.718,185.134],[-88.7126,129.688,73.704],0,0.678013,0.254106,[[0.396185,-0.79992,-0.450739],[-0.545319,0.189952,-0.816422],[-0.738691,-0.569251,0.360955]],59.3093,[-273.375,-24.94,233.561],[-87.734,118.119,142.849]]],[[870,[-0.109575,0.980166,-0.165131],87,52.1164,[-1.41676,272.98,123.288],[7.369,262.561,78.7241],[37.7307,-157.394,-284.06],false,[18.9418,171.164,116.646],[18.9418,171.164,116.646],[12.9757,217.176,98.231],[9.23965,250.595,92.6008],[6.35011,267.039,76.2003],[[[0.974998,-0.190906,0.113722],[0.0101458,0.549487,0.835441],[-0.22198,-0.8134,0.537685]],[[0.992237,0.0980316,-0.0765273],[0.0343731,0.3752,0.926306],[0.11952,-0.921745,0.368918]],[[0.992237,0.0980316,-0.0765273],[0.0588214,0.172235,0.983298],[0.109575,-0.980166,0.165131]],[[0.992237,0.0980316,-0.0765273],[-0.0149274,0.704776,0.709273],[0.123466,-0.702624,0.700768]]],0],[871,[-0.384915,-0.588084,0.711335],87,58.8075,[4.58227,200.875,91.6834],[12.9629,191.273,66.0477],[80.0138,-198.572,-289.089],false,[42.5303,170.72,114.351],[57.141,215.018,57.4593],[19.4374,211.333,37.1953],[10.1339,197.119,54.3885],[13.7677,189.684,69.3362],[[[0.348051,-0.780922,-0.518672],[0.916199,0.166144,0.364659],[-0.198596,-0.602127,0.773306]],[[0.338871,-0.806938,-0.483753],[0.339111,0.584374,-0.737232],[0.877594,0.0857807,0.471669]],[[0.338871,-0.806938,-0.483753],[-0.858491,-0.0548471,-0.509887],[0.384915,0.588084,-0.711335]],[[0.338871,-0.806938,-0.483753],[-0.916478,-0.399355,0.024159],[-0.212684,0.435163,-0.874871]]],1],[872,[-0.363008,-0.482976,0.796843],87,67.0064,[5.79305,187.306,91.9332],[13.906,177.718,67.0522],[83.7738,-199.921,-271.793],false,[48.4465,161.845,108.198],[65.4051,195.986,49.7655],[20.6322,197.379,31.9687],[10.3096,183.645,54.628],[15.2008,175.897,71.0349],[[[0.156697,-0.871897,-0.463942],[0.957268,0.0184683,0.288611],[-0.243071,-0.489342,0.837533]],[[0.155355,-0.87458,-0.45932],[0.336196,0.484019,-0.807897],[0.92889,-0.0289107,0.369226]],[[0.155355,-0.87458,-0.45932],[-0.918744,0.0429432,-0.392513],[0.363008,0.482976,-0.796843]],[[0.155355,-0.87458,-0.45932],[-0.952952,-0.255191,0.163587],[-0.260285,0.412296,-0.873077]]],2],[873,[-0.435345,-0.322176,0.840641],87,64.4285,[10.8348,174.049,90.6698],[18.5854,164.353,66.3206],[76.5906,-197.133,-265.965],false,[51.4234,151.605,102.1],[69.1941,173.788,46.2796],[27.9525,177.991,29.6144],[15.8926,169.066,52.9018],[19.2796,162.965,70.2338],[[[0.0466075,-0.933299,-0.356063],[0.957781,-0.0594806,0.281278],[-0.283696,-0.35414,0.891124]],[[0.0411585,-0.939918,-0.338909],[0.382467,0.328183,-0.863722],[0.923052,-0.0940718,0.372995]],[[0.0411585,-0.939918,-0.338909],[-0.899322,0.112943,-0.42245],[0.435345,0.322176,-0.840641]],[[0.0411585,-0.939918,-0.338909],[-0.98257,-0.0996168,0.156946],[-0.181278,0.326542,-0.927636]]],3],[874,[-0.517389,0.171024,-0.838486],87,50.5107,[28.4702,175.069,-2.90166],[34.4387,164.005,-15.0867],[133.316,-279.311,-249.001],false,[47.3827,139.535,95.7313],[67.8107,152.662,43.0753],[52.3428,158.144,11.7548],[42.2233,161.489,-4.64496],[32.5192,164.589,-18.5491],[[[-0.145439,-0.945271,-0.29208],[0.924519,-0.234971,0.30009],[-0.352296,-0.226389,0.908094]],[[-0.228411,-0.971878,-0.0572904],[0.869751,-0.17726,-0.460556],[0.437449,-0.155025,0.88578]],[[-0.228411,-0.971878,-0.0572904],[0.824704,-0.161878,-0.541902],[0.517389,-0.171024,0.838486]],[[-0.228411,-0.971878,-0.0572904],[0.794276,-0.151996,-0.588237],[0.562986,-0.179864,0.806657]]],4],[880,[-0.0652234,0.986358,-0.151139],88,48.5089,[-71.4327,224.773,107.264],[-78.1603,234.368,125.848],[-129.626,202.575,152.102],false,[-75.5891,143.14,149.309],[-75.5891,143.14,149.309],[-75.1435,187.099,134.271],[-77.2134,218.402,129.474],[-79.1378,240,127.394],[[[-0.93774,-0.322372,-0.129301],[-0.333561,0.732024,0.594035],[0.0968488,-0.600181,0.79398]],[[-0.920798,-0.11786,-0.371807],[-0.389922,0.301597,0.870057],[-0.00959097,-0.946123,0.323666]],[[-0.920798,-0.11786,-0.371807],[-0.384548,0.114918,0.915924],[0.0652234,-0.986358,0.151139]],[[-0.920798,-0.11786,-0.371807],[-0.379903,0.0550973,0.923384],[0.0883444,-0.991501,0.0955088]]],0],[881,[0.138119,-0.275222,0.951407],88,54.7369,[-56.0992,146.567,79.5244],[-57.1939,151.109,103.436],[-68.6905,168.376,169.195],false,[-95.4631,138.395,140.985],[-94.0131,161.93,76.6955],[-54.4127,159.579,71.6591],[-51.3053,153.387,93.0633],[-59.0486,150.381,106.625],[[[-0.08919,-0.93466,-0.344175],[-0.995789,0.0910236,0.0108619],[-0.0211759,-0.343695,0.938843]],[[-0.0906468,-0.960095,-0.264576],[-0.105364,0.273424,-0.956105],[-0.990294,0.0587912,0.125944]],[[-0.0906468,-0.960095,-0.264576],[0.986259,-0.0496991,-0.157556],[-0.138119,0.275222,-0.951407]],[[-0.0906468,-0.960095,-0.264576],[0.868739,-0.206123,0.450341],[0.486905,0.189025,-0.852756]]],1],[882,[0.11116,-0.192647,0.974952],88,62.3683,[-55.7804,134.647,79.1223],[-56.4457,138.31,106.84],[-63.4721,172.72,184.966],false,[-98.0405,128.131,136.585],[-97.3798,141.924,73.1316],[-52.8372,146.225,69.9322],[-49.895,141.126,95.7373],[-58.7835,137.38,110.329],[[[0.0798425,-0.974232,-0.210945],[-0.996756,-0.07587,-0.0268719],[-0.0101751,-0.212406,0.977129]],[[0.0797458,-0.976139,-0.201974],[-0.0889741,0.19484,-0.976791],[-0.992836,-0.0958654,0.0713134]],[[0.0797458,-0.976139,-0.201974],[0.990598,0.1002,-0.0931447],[-0.11116,0.192647,-0.974952]],[[0.0797458,-0.976139,-0.201974],[0.857557,-0.0361118,0.513119],[0.508169,0.214123,-0.834215]]],2],[883,[0.183778,-0.040558,0.982131],88,59.9688,[-58.814,121.544,77.0485],[-58.639,124.817,107.361],[-50.021,172.068,197.751],false,[-97.9596,117.144,133.416],[-97.895,120.824,75.2284],[-57.1941,127.49,69.8921],[-52.4555,126.444,95.2159],[-60.1604,124.17,110.64],[[[0.152386,-0.98636,-0.0622229],[-0.98832,-0.152013,-0.0107118],[-0.00110704,-0.0631285,0.998005]],[[0.15239,-0.985893,-0.0692287],[-0.137602,0.0481998,-0.989314],[-0.978695,-0.160287,0.128315]],[[0.15239,-0.985893,-0.0692287],[0.971083,0.162389,-0.175005],[-0.183778,0.040558,-0.982131]],[[0.15239,-0.985893,-0.0692287],[0.883452,0.104485,0.456723],[0.443046,0.13076,-0.886911]]],3],[884,[0.851195,0.106969,-0.513833],88,47.0144,[-43.0361,101.676,23.5372],[-43.9557,105.379,41.441],[-24.359,115.84,238.364],false,[-91.5191,105.607,132.456],[-94.0588,101.577,78.6956],[-70.5441,101.221,55.6716],[-55.0481,103.168,46.3173],[-40.5193,105.955,40.1084],[[[0.312424,-0.948271,0.0563345],[-0.948777,-0.308553,0.0679544],[0.047057,0.0746794,0.996097]],[[0.313079,-0.889241,0.333514],[-0.625697,-0.45731,-0.631958],[-0.714482,0.0108257,0.69957]],[[0.313079,-0.889241,0.333514],[-0.421246,-0.444756,-0.790407],[-0.851195,-0.106969,0.513833]],[[0.313079,-0.889241,0.333514],[-0.286207,-0.423182,-0.859653],[-0.905576,-0.173686,0.386996]]],4]],[[0,200,0],[235.247,235.247,147.751]]],[133025,4826444082,[[87,"right",[0.393783,0.463721,-0.793661],[-0.867423,-0.0982359,-0.487778],[53.4903,176.091,62.0765],[62.7716,-233.98,-249.447],[47.2645,189.463,82.5597],0,0.642799,0.557832,[[-0.00572814,-0.733819,-0.679321],[0.731057,0.460438,-0.50354],[0.682293,-0.499507,0.533826]],63.72,[222.511,9.89554,248.403],[38.2918,144.762,104.27]],[88,"left",[-0.13054,0.189146,-0.973233],[0.988929,-0.0450196,-0.141395],[-91.9998,138.101,97.6116],[-75.4975,168.554,176.916],[-88.8803,130.117,74.9237],0,0.684147,0.264924,[[0.399243,-0.792792,-0.460527],[-0.556769,0.18943,-0.80878],[-0.728432,-0.579307,0.365773]],59.3093,[-272.978,-23.7704,237.734],[-89.9157,121.816,145.811]]],[[870,[-0.109242,0.977677,-0.179484],87,52.1164,[-1.26061,272.733,122.42],[7.45727,258.123,72.7168],[31.5171,-198.973,-310.191],false,[18.9052,167.216,112.082],[18.9052,167.216,112.082],[13.1724,212.892,92.7774],[9.44771,246.226,86.6578],[6.8317,262.783,70.3253],[[[0.975079,-0.175966,0.135118],[-0.0105413,0.571594,0.820469],[-0.221607,-0.801446,0.555495]],[[0.993291,0.100478,-0.0572382],[0.0135152,0.390714,0.920413],[0.114845,-0.915012,0.386735]],[[0.993291,0.100478,-0.0572382],[0.0379262,0.184533,0.982094],[0.109242,-0.977677,0.179484]],[[0.993291,0.100478,-0.0572382],[-0.0296265,0.699579,0.713941],[0.111778,-0.707456,0.697862]]],0],[871,[-0.388934,-0.573048,0.72135],87,58.8075,[5.12725,199.976,89.8092],[13.5865,185.918,60.8818],[60.3878,-249.791,-293.209],false,[42.533,166.998,110.195],[57.5942,209.941,52.3895],[20.2868,205.255,31.6057],[10.8861,191.404,49.041],[14.3816,184.435,64.2442],[[[0.365958,-0.790158,-0.491655],[0.907835,0.186892,0.375376],[-0.20472,-0.583713,0.785728]],[[0.356374,-0.815628,-0.455795],[0.344857,0.568202,-0.747141],[0.868373,0.109078,0.483767]],[[0.356374,-0.815628,-0.455795],[-0.849546,-0.079796,-0.521445],[0.388934,0.573048,-0.72135]],[[0.356374,-0.815628,-0.455795],[-0.91167,-0.41036,0.0215123],[-0.204586,0.407868,-0.889825]]],1],[872,[-0.369943,-0.466061,0.803697],87,67.0064,[6.39885,186.304,89.9621],[14.6676,172.381,62.276],[65.6208,-249.889,-273.719],false,[48.6567,158.035,104.383],[66.2103,190.812,45.348],[21.727,191.179,26.7904],[11.2072,177.926,49.6447],[15.9275,170.681,66.3293],[[[0.174773,-0.881961,-0.43772],[0.95192,0.037755,0.304011],[-0.2516,-0.469808,0.846155]],[[0.1734,-0.884507,-0.433105],[0.343835,0.466465,-0.814977],[0.922881,-0.00759952,0.38501]],[[0.1734,-0.884507,-0.433105],[-0.912729,0.0208629,-0.408032],[0.369943,0.466061,-0.803697]],[[0.1734,-0.884507,-0.433105],[-0.952281,-0.262745,0.155329],[-0.251185,0.385504,-0.887859]]],2],[873,[-0.452031,-0.304555,0.838399],87,64.4285,[11.3782,173.079,88.7846],[19.3493,159.097,61.8168],[59.8106,-246.043,-265.339],false,[51.8567,147.672,98.6111],[70.3174,168.577,42.5223],[29.3814,171.884,24.9274],[16.8592,163.447,48.1528],[19.8913,157.833,65.7135],[[[0.063583,-0.941804,-0.330095],[0.953469,-0.0403493,0.29878],[-0.294711,-0.333732,0.895415]],[[0.0579924,-0.947953,-0.313084],[0.396475,0.309689,-0.864234],[0.916212,-0.0740112,0.3938]],[[0.0579924,-0.947953,-0.313084],[-0.890115,0.0929031,-0.446167],[0.452031,0.304555,-0.838399]],[[0.0579924,-0.947953,-0.313084],[-0.985039,-0.105313,0.136409],[-0.162281,0.30049,-0.939878]]],3],[874,[-0.505141,0.14237,-0.851213],87,50.5107,[30.9188,169.785,-7.61929],[36.7232,156.743,-19.1324],[132.392,-344.09,-241.56],false,[48.0666,135.39,92.5017],[69.2359,147.359,39.8624],[54.2137,151.821,8.16555],[44.3338,154.606,-8.48315],[34.8359,157.216,-22.6283],[[[-0.129374,-0.9544,-0.26904],[0.921943,-0.215668,0.321727],[-0.36508,-0.206417,0.907805]],[[-0.216046,-0.975756,-0.0349908],[0.879109,-0.178803,-0.441811],[0.424844,-0.126212,0.896425]],[[-0.216046,-0.975756,-0.0349908],[0.835558,-0.166226,-0.523653],[0.505141,-0.14237,0.851213]],[[-0.216046,-0.975756,-0.0349908],[0.80604,-0.158014,-0.570378],[0.55102,-0.151432,0.820637]]],4],[880,[-0.0582038,0.987158,-0.148764],88,48.5089,[-72.1265,225.896,109.181],[-79.6188,238.14,129.212],[-106.956,209.023,169.706],false,[-77.6865,146.789,152.297],[-77.6865,146.789,152.297],[-76.8586,190.803,137.438],[-78.7058,222.131,132.717],[-80.4956,243.747,130.698],[[[-0.93839,-0.317543,-0.136346],[-0.334532,0.735752,0.588861],[0.0866715,-0.598193,0.796651]],[[-0.917497,-0.111627,-0.381758],[-0.397344,0.300234,0.867166],[-0.0178177,-0.947311,0.319819]],[[-0.917497,-0.111627,-0.381758],[-0.393462,0.114271,0.912212],[0.0582038,-0.987158,0.148764]],[[-0.917497,-0.111627,-0.381758],[-0.389165,0.0536712,0.919603],[0.0821633,-0.9923,0.0926845]]],0],[881,[0.128172,-0.273609,0.953263],88,54.7369,[-56.2197,146.903,80.6802],[-58.8561,154.492,106.578],[-81.2805,180.732,175.217],false,[-97.5147,142.128,143.817],[-95.3816,165.451,79.4699],[-55.75,162.858,74.8118],[-52.8665,156.703,96.2577],[-60.7381,153.773,109.762],[[[-0.0914751,-0.935233,-0.342011],[-0.99532,0.0966125,0.00202261],[-0.0311509,-0.340595,0.939694]],[[-0.0937409,-0.96023,-0.263005],[-0.094798,0.271576,-0.957737],[-0.991073,0.0648468,0.116486]],[[-0.0937409,-0.96023,-0.263005],[0.987312,-0.0556497,-0.148723],[-0.128172,0.273609,-0.953263]],[[-0.0937409,-0.96023,-0.263005],[0.863834,-0.209781,0.458021],[0.494978,0.184257,-0.849144]]],1],[882,[0.10016,-0.190365,0.976591],88,62.3683,[-55.8792,134.896,80.228],[-58.2533,141.708,110.036],[-82.6571,183.698,185.085],false,[-100.112,131.865,139.428],[-98.8297,145.453,75.9397],[-54.2346,149.488,73.1505],[-51.5836,144.449,98.9989],[-60.6395,140.8,113.512],[[[0.0761844,-0.975326,-0.20721],[-0.996898,-0.0703918,-0.0351972],[-0.0197428,-0.209249,0.977663]],[[0.0760011,-0.977195,-0.198277],[-0.0785814,0.192364,-0.978172],[-0.994006,-0.089923,0.0621695]],[[0.0760011,-0.977195,-0.198277],[0.992064,0.0940815,-0.0834084],[-0.10016,0.190365,-0.976591]],[[0.0760011,-0.977195,-0.198277],[0.852155,-0.0395973,0.521789],[0.517741,0.20862,-0.829712]]],2],[883,[0.174606,-0.0387886,0.983874],88,59.9688,[-58.8573,121.744,78.059],[-60.4809,128.228,110.563],[-76.3296,183.645,192.552],false,[-100.065,120.868,136.294],[-99.4812,124.364,78.0978],[-58.6961,130.786,73.1173],[-54.194,129.785,98.486],[-62.0471,127.599,113.848],[[[0.147381,-0.987388,-0.0578336],[-0.989029,-0.146529,-0.0187277],[-0.0100172,-0.0599592,0.998151]],[[0.14745,-0.986926,-0.0650766],[-0.128244,0.0461633,-0.990668],[-0.98072,-0.154419,0.11976]],[[0.14745,-0.986926,-0.0650766],[0.973535,0.156435,-0.166604],[-0.174606,0.0387886,-0.983874]],[[0.14745,-0.986926,-0.0650766],[0.879967,0.100861,0.464204],[0.451571,0.125712,-0.883335]]],3],[884,[0.859623,0.104035,-0.500226],88,47.0144,[-43.1712,102.137,24.9793],[-45.2228,108.607,45.0355],[-45.3266,150.222,227.158],false,[-93.6816,109.293,135.426],[-95.7829,105.106,81.6578],[-71.9953,104.591,58.9188],[-56.3459,106.485,49.8123],[-41.7012,109.241,43.8677],[[[0.306608,-0.949816,0.0619748],[-0.951039,-0.303038,0.0607634],[0.0389333,0.077571,0.996226]],[[0.305194,-0.889748,0.33942],[-0.620047,-0.456185,-0.638308],[-0.722771,0.0156486,0.69091]],[[0.305194,-0.889748,0.33942],[-0.409763,-0.444439,-0.796598],[-0.859623,-0.104035,0.500226]],[[0.305194,-0.889748,0.33942],[-0.271372,-0.422905,-0.864586],[-0.912806,-0.171757,0.370521]]],4]],[[0,200,0],[235.247,235.247,147.751]]],[133026,4826452724,[[87,"right",[0.395691,0.454656,-0.797945],[-0.863818,-0.110777,-0.491475],[53.6141,174.181,60.3282],[49.9211,-230.542,-236.939],[47.6564,188.519,81.1875],0,0.643799,0.570452,[[-0.00732614,-0.736211,-0.676713],[0.73115,0.457719,-0.505878],[0.682178,-0.498485,0.534927]],63.72,[222.544,8.78051,247.311],[38.3556,143.371,102.881]],[88,"left",[-0.124791,0.190896,-0.973646],[0.989149,-0.052747,-0.13712],[-92.6758,139.524,98.6838],[-76.2191,167.519,162.897],[-89.0009,130.416,75.6787],0,0.687829,0.267502,[[0.39873,-0.788127,-0.468903],[-0.56213,0.193946,-0.803987],[-0.724586,-0.584158,0.365698]],59.3093,[-273.027,-23.6183,238.783],[-90.931,123.187,146.88]]],[[870,[-0.110134,0.976051,-0.187604],87,52.1164,[-1.17784,272.586,121.933],[7.28586,256.39,70.0746],[21.7923,-198.058,-307.944],false,[18.7823,165.813,110.25],[18.7823,165.813,110.25],[13.0927,211.306,90.5058],[9.33759,244.585,84.1093],[6.80686,261.079,67.7002],[[[0.97532,-0.167819,0.143484],[-0.0190842,0.583343,0.812002],[-0.21997,-0.7947,0.565743]],[[0.993469,0.102442,-0.0502455],[0.00527133,0.398682,0.917074],[0.113979,-0.91135,0.395538]],[[0.993469,0.102442,-0.0502455],[0.0298235,0.191913,0.980959],[0.110134,-0.976051,0.187604]],[[0.993469,0.102442,-0.0502455],[-0.036414,0.70199,0.711255],[0.108134,-0.70478,0.701136]]],0],[871,[-0.388277,-0.564399,0.728488],87,58.8075,[5.42492,199.417,88.7279],[13.6899,183.75,58.7773],[48.1744,-250.061,-279.354],false,[42.422,165.717,108.508],[57.5654,207.913,50.1753],[20.4075,202.674,29.2561],[11.0227,189.032,46.864],[14.5017,182.329,62.1899],[[[0.373856,-0.794868,-0.47793],[0.904357,0.198049,0.37804],[-0.205838,-0.573552,0.792886]],[[0.364101,-0.820147,-0.44135],[0.345527,0.559008,-0.753738],[0.864894,0.121938,0.486918]],[[0.364101,-0.820147,-0.44135],[-0.846565,-0.0938766,-0.523942],[0.388277,0.564399,-0.728488]],[[0.364101,-0.820147,-0.44135],[-0.908828,-0.416471,0.0241595],[-0.203624,0.392315,-0.89701]]],1],[872,[-0.371468,-0.456728,0.808338],87,67.0064,[6.73542,185.674,88.8128],[14.8272,170.226,60.3606],[53.1796,-249.647,-259.825],false,[48.6366,156.709,102.863],[66.3433,188.739,43.4641],[21.9686,188.55,24.6457],[11.4054,175.563,47.6319],[16.0783,168.593,64.4463],[[[0.182924,-0.887087,-0.423811],[0.949804,0.0481755,0.309114],[-0.253793,-0.459082,0.851371]],[[0.181546,-0.889561,-0.419192],[0.345663,0.4568,-0.819665],[0.920629,0.00390749,0.390419]],[[0.181546,-0.889561,-0.419192],[-0.910523,0.00896599,-0.413361],[0.371468,0.456728,-0.808338]],[[0.181546,-0.889561,-0.419192],[-0.951423,-0.266681,0.153871],[-0.248669,0.370894,-0.894763]]],2],[873,[-0.457029,-0.295137,0.839058],87,64.4285,[11.6847,172.462,87.6767],[19.5394,156.979,60.0655],[49.2549,-245.771,-249.33],false,[51.9362,146.285,97.2614],[70.6061,166.491,40.9861],[29.7771,169.299,23.0591],[17.1165,161.123,46.3027],[20.0391,155.777,63.9655],[[[0.0714579,-0.946066,-0.315994],[0.951872,-0.029985,0.305027],[-0.298051,-0.322582,0.898391]],[[0.0658266,-0.951979,-0.299002],[0.400756,0.299645,-0.865799],[0.913817,-0.0628343,0.401236]],[[0.0658266,-0.951979,-0.299002],[-0.887012,0.0814203,-0.45451],[0.457029,0.295137,-0.839058]],[[0.0658266,-0.951979,-0.299002],[-0.985494,-0.109,0.130081],[-0.156425,0.286102,-0.945345]]],3],[874,[-0.500954,0.126878,-0.856123],87,50.5107,[32.1057,166.939,-9.93298],[37.4549,153.554,-20.6881],[119.409,-350.6,-224.881],false,[48.2599,133.891,91.3085],[69.6731,145.23,38.6284],[54.7975,149.143,6.79007],[44.9994,151.625,-9.95467],[35.5737,153.97,-24.1942],[[[-0.121784,-0.958997,-0.255917],[0.921302,-0.205149,0.330329],[-0.369286,-0.195548,0.908509]],[[-0.209723,-0.97751,-0.0221499],[0.882626,-0.179521,-0.434446],[0.420699,-0.110663,0.900426]],[[-0.209723,-0.97751,-0.0221499],[0.839679,-0.168453,-0.516297],[0.500954,-0.126878,0.856123]],[[-0.209723,-0.97751,-0.0221499],[0.810546,-0.161142,-0.56307],[0.546837,-0.136042,0.826112]]],4],[880,[-0.0496825,0.988008,-0.146191],88,48.5089,[-72.5055,226.572,110.292],[-79.6685,239.505,130.664],[-79.3047,194.998,168.045],false,[-78.5328,148.058,153.438],[-78.5328,148.058,153.438],[-77.2898,192.111,138.723],[-78.8665,223.466,134.084],[-80.478,245.101,132.124],[[[-0.940271,-0.309998,-0.14068],[-0.331262,0.737942,0.587969],[0.0784556,-0.599452,0.796556]],[[-0.916416,-0.103296,-0.386666],[-0.399331,0.300576,0.866135],[-0.0267546,-0.948148,0.316702]],[[-0.916416,-0.103296,-0.386666],[-0.39713,0.114761,0.910559],[0.0496825,-0.988008,0.146191]],[[-0.916416,-0.103296,-0.386666],[-0.393329,0.0538576,0.917819],[0.0739818,-0.993192,0.0899852]]],0],[881,[0.121597,-0.27565,0.953536],88,54.7369,[-56.303,147.122,81.3672],[-59.4462,155.635,107.818],[-77.8546,167.759,166.931],false,[-98.3602,143.561,144.868],[-95.7617,166.914,80.5488],[-56.1302,164.007,76.0789],[-53.3946,157.806,97.5309],[-61.3476,154.923,110.997],[[[-0.0973845,-0.934225,-0.343132],[-0.994523,0.104492,-0.00223894],[-0.0379464,-0.341035,0.939284]],[[-0.100182,-0.959167,-0.264503],[-0.087988,0.273339,-0.957885],[-0.991071,0.0726899,0.111779]],[[-0.100182,-0.959167,-0.264503],[0.987511,-0.0633644,-0.144247],[-0.121597,0.27565,-0.953536]],[[-0.100182,-0.959167,-0.264503],[0.860154,-0.21711,0.461517],[0.500098,0.181277,-0.846782]]],1],[882,[0.0936941,-0.191956,0.976921],88,62.3683,[-55.9526,135.066,80.8992],[-58.9775,142.849,111.269],[-83.0955,170.058,173.909],false,[-101.019,133.321,140.459],[-99.3526,146.946,76.988],[-54.7139,150.626,74.4145],[-52.234,145.545,100.272],[-61.3914,141.957,114.736],[[[0.0693626,-0.975744,-0.207634],[-0.997261,-0.0624666,-0.039595],[-0.0256644,-0.209812,0.977405]],[[0.069126,-0.977615,-0.198722],[-0.072376,0.193759,-0.978376],[-0.994979,-0.0820139,0.0573621]],[[0.069126,-0.977615,-0.198722],[0.993198,0.0861497,-0.0783275],[-0.0936941,0.191956,-0.976921]],[[0.069126,-0.977615,-0.198722],[0.849189,-0.0468771,0.526004],[0.523545,0.205113,-0.82694]]],2],[883,[0.169753,-0.0410505,0.984631],88,59.9688,[-58.8981,121.883,78.6786],[-61.2932,129.387,111.768],[-81.1928,170.441,178.781],false,[-101.046,122.326,137.317],[-100.181,125.861,79.1269],[-59.323,131.963,74.3419],[-54.946,130.905,99.7301],[-62.8849,128.767,115.055],[[[0.139809,-0.988481,-0.057958],[-0.990067,-0.138676,-0.0231506],[-0.0148465,-0.060619,0.998051]],[[0.139915,-0.988007,-0.0653128],[-0.123264,0.0480687,-0.991209],[-0.982461,-0.146735,0.11506]],[[0.139915,-0.988007,-0.0653128],[0.975504,0.148851,-0.161973],[-0.169753,0.0410505,-0.984631]],[[0.139915,-0.988007,-0.0653128],[0.878652,0.0934763,0.468224],[0.456503,0.122899,-0.881193]]],3],[884,[0.864655,0.099732,-0.492367],88,47.0144,[-43.2575,102.404,25.736],[-45.8328,109.763,46.422],[-51.0319,146.98,211.26],false,[-94.7506,110.702,136.468],[-96.6504,106.572,82.688],[-72.7225,105.915,60.1004],[-56.9815,107.731,51.1369],[-42.2614,110.418,45.3489],[[[0.298804,-0.952261,0.0625722],[-0.953665,-0.29554,0.0563837],[0.0351994,0.0765206,0.996446]],[[0.296648,-0.892336,0.3402],[-0.619211,-0.45093,-0.642837],[-0.727033,0.0199596,0.686312]],[[0.296648,-0.892336,0.3402],[-0.405428,-0.440215,-0.801148],[-0.864655,-0.099732,0.492367]],[[0.296648,-0.892336,0.3402],[-0.264946,-0.419152,-0.868398],[-0.917499,-0.167473,0.360762]]],4]],[[0,200,0],[235.247,235.247,147.751]]],[133027,4826463724,[[87,"right",[0.403919,0.439939,-0.802062],[-0.857318,-0.123835,-0.499671],[53.5662,171.42,58.6244],[32.3067,-237.174,-210.314],[48.1904,186.974,79.1486],0,0.646817,0.578981,[[-0.0148455,-0.742448,-0.669739],[0.728037,0.451098,-0.516209],[0.685377,-0.495258,0.533833]],63.72,[222.943,7.69855,245.735],[37.891,141.418,101.6]],[88,"left",[-0.120422,0.195103,-0.973362],[0.989619,-0.0538811,-0.133233],[-93.351,140.689,99.5446],[-71.4046,147.517,135.428],[-89.2228,130.94,76.8959],0,0.694838,0.27724,[[0.398179,-0.784161,-0.475968],[-0.566629,0.19779,-0.799882],[-0.721378,-0.588193,0.365572]],59.3093,[-273.124,-23.6683,239.552],[-91.8341,124.151,147.68]]],[[870,[-0.10316,0.976731,-0.188028],87,52.1164,[-1.17784,272.586,121.933],[7.43102,254.28,67.4086],[25.0704,-193.478,-282.224],false,[18.1515,163.932,108.275],[18.1515,163.932,108.275],[12.9577,209.275,88.0564],[9.44038,242.577,81.6455],[7.23177,259.051,65.1691],[[[0.97405,-0.161304,0.158767],[-0.0310791,0.599511,0.799763],[-0.224188,-0.783944,0.57894]],[[0.99454,0.0982961,-0.0350356],[-0.00798895,0.406474,0.913627],[0.104047,-0.908359,0.40504]],[[0.99454,0.0982961,-0.0350356],[0.0157379,0.190616,0.981539],[0.10316,-0.976731,0.188028]],[[0.99454,0.0982961,-0.0350356],[-0.0445401,0.703472,0.709326],[0.0943706,-0.703893,0.704009]]],0],[871,[-0.391824,-0.549372,0.738014],87,58.8075,[5.86642,198.439,87.0159],[13.7041,180.838,56.4688],[34.2015,-254.804,-255.071],false,[41.8111,163.887,106.824],[57.5264,204.955,47.8415],[20.6217,199.108,26.637],[11.1512,185.83,44.4751],[14.5365,179.505,59.9816],[[[0.382436,-0.802955,-0.457172],[0.898951,0.208952,0.385002],[-0.213612,-0.558214,0.801728]],[[0.371993,-0.82826,-0.419054],[0.351768,0.543567,-0.762098],[0.859,0.136085,0.493558]],[[0.371993,-0.82826,-0.419054],[-0.841484,-0.110341,-0.528895],[0.391824,0.549372,-0.738014]],[[0.371993,-0.82826,-0.419054],[-0.906842,-0.420644,0.026402],[-0.19814,0.370194,-0.907577]]],1],[872,[-0.379168,-0.44175,0.813074],87,67.0064,[7.23514,184.562,86.9785],[14.8147,167.32,58.279],[35.6103,-254.247,-236.788],false,[48.1255,154.791,101.439],[66.4519,185.682,41.6267],[22.3078,184.945,22.2869],[11.5256,172.383,45.4077],[16.0287,165.774,62.413],[[[0.19117,-0.894767,-0.403543],[0.945757,0.0578888,0.319677],[-0.262676,-0.442766,0.857298]],[[0.189756,-0.897133,-0.39893],[0.353862,0.441495,-0.824538],[0.915846,0.0152945,0.401238]],[[0.189756,-0.897133,-0.39893],[-0.905662,-0.00302386,-0.423989],[0.379168,0.44175,-0.813074]],[[0.189756,-0.897133,-0.39893],[-0.952139,-0.26731,0.148243],[-0.239631,0.351707,-0.904919]]],2],[873,[-0.469963,-0.279666,0.837211],87,64.4285,[12.1422,171.357,85.8859],[19.4728,154.11,58.1957],[30.3456,-250.552,-224.791],false,[51.5296,144.268,96.0899],[70.8212,163.405,39.6508],[30.2477,165.729,21.0859],[17.2288,157.982,44.2783],[19.8768,152.994,62.0885],[[[0.0785886,-0.951972,-0.295928],[0.948143,-0.0203301,0.317195],[-0.307977,-0.30551,0.901007]],[[0.0728031,-0.95753,-0.278991],[0.412379,0.283602,-0.865745],[0.908099,-0.0520209,0.415512]],[[0.0728031,-0.95753,-0.278991],[-0.879679,0.0701638,-0.470364],[0.469963,0.279666,-0.837211]],[[0.0728031,-0.95753,-0.278991],[-0.987225,-0.108938,0.116271],[-0.141726,0.266962,-0.953229]]],3],[874,[-0.491374,0.10821,-0.8642],87,50.5107,[33.78,162.39,-13.0826],[38.4487,149.123,-22.1383],[108.964,-367.059,-193.84],false,[47.9694,131.743,90.344],[69.9903,142.097,37.7117],[55.4402,145.338,5.64816],[45.8295,147.454,-11.2546],[36.5718,149.482,-25.6521],[[[-0.115333,-0.9644,-0.237972],[0.917865,-0.19506,0.345653],[-0.379767,-0.178561,0.907686]],[[-0.205904,-0.978557,-0.00545473],[0.887849,-0.184467,-0.42154],[0.411495,-0.0916396,0.906793]],[[-0.205904,-0.978557,-0.00545473],[0.84626,-0.175262,-0.503118],[0.491374,-0.10821,0.8642]],[[-0.205904,-0.978557,-0.00545473],[0.81801,-0.169057,-0.5498],[0.537088,-0.117668,0.835279]]],4],[880,[-0.0473469,0.989029,-0.13993],88,48.5089,[-73.0466,227.53,111.857],[-80.3415,240.597,132.293],[-72.5637,162.949,159.88],false,[-79.4211,148.973,154.392],[-79.4211,148.973,154.392],[-78.0404,193.125,139.988],[-79.543,224.513,135.548],[-81.1121,246.163,133.728],[[[-0.940204,-0.307805,-0.14585],[-0.332447,0.73609,0.589619],[0.0741283,-0.602849,0.794404]],[[-0.914665,-0.099226,-0.391844],[-0.403118,0.29519,0.866232],[-0.0297154,-0.950272,0.31]],[[-0.914665,-0.099226,-0.391844],[-0.401429,0.109437,0.909328],[0.0473469,-0.989029,0.13993]],[[-0.914665,-0.099226,-0.391844],[-0.397742,0.0481878,0.916231],[0.0720319,-0.993897,0.0835421]]],0],[881,[0.116361,-0.280355,0.952818],88,54.7369,[-56.4491,147.477,82.3976],[-60.1456,156.687,108.907],[-73.354,144.052,145.211],false,[-99.2203,144.546,145.721],[-96.315,168.158,81.5097],[-56.6665,165.193,77.2329],[-54.0487,158.886,98.6688],[-62.0663,155.953,112.086],[[[-0.0975456,-0.932641,-0.34737],[-0.994326,0.106207,-0.00593271],[-0.0424262,-0.34482,0.937709]],[[-0.100689,-0.957722,-0.269501],[-0.0824454,0.277978,-0.957043],[-0.991496,0.0741447,0.106949]],[[-0.100689,-0.957722,-0.269501],[0.98809,-0.0645789,-0.13967],[-0.116361,0.280355,-0.952818]],[[-0.100689,-0.957722,-0.269501],[0.857721,-0.220822,0.464275],[0.504158,0.184409,-0.843693]]],1],[882,[0.0882753,-0.19624,0.976574],88,62.3683,[-56.0871,135.354,81.9364],[-59.7318,143.897,112.301],[-78.5344,145.761,147.988],false,[-101.878,134.329,141.259],[-99.9251,148.211,77.852],[-55.268,151.819,75.5059],[-52.9315,146.625,101.354],[-62.1694,142.994,115.756],[[[0.0685665,-0.975002,-0.211353],[-0.997193,-0.0605923,-0.0439857],[-0.0300797,-0.213776,0.97642]],[[0.0682906,-0.976903,-0.202479],[-0.0673701,0.197974,-0.977889],[-0.995388,-0.0804217,0.0522942]],[[0.0682906,-0.976903,-0.202479],[0.993752,0.0845647,-0.072835],[-0.0882753,0.19624,-0.976574]],[[0.0682906,-0.976903,-0.202479],[0.846404,-0.050708,0.530121],[0.528144,0.207581,-0.823392]]],2],[883,[0.165211,-0.0456118,0.985203],88,59.9688,[-58.9822,122.126,79.6541],[-62.0408,130.436,112.724],[-77.1487,146.094,149.353],false,[-101.911,123.347,138.072],[-100.798,127.119,79.9007],[-59.9081,133.17,75.33],[-55.6482,131.994,100.733],[-63.6571,129.805,116.014],[[[0.138369,-0.988473,-0.0614401],[-0.990197,-0.136881,-0.027825],[-0.0190943,-0.0646879,0.997723]],[[0.138509,-0.987957,-0.0689661],[-0.118621,0.0525863,-0.991546],[-0.983232,-0.145519,0.109909]],[[0.138509,-0.987957,-0.0689661],[0.976484,0.147854,-0.156903],[-0.165211,0.0456118,-0.985203]],[[0.138509,-0.987957,-0.0689661],[0.876775,0.0899438,0.472415],[0.460523,0.125902,-0.878674]]],3],[884,[0.870443,0.104134,-0.481129],88,47.0144,[-43.39,102.838,26.8212],[-46.2092,111.185,47.6051],[-43.9955,143.138,180.467],false,[-95.6317,111.715,137.201],[-97.3151,107.809,83.3972],[-73.209,107.264,60.9968],[-57.3626,109.16,52.2379],[-42.5669,111.921,46.6825],[[[0.296923,-0.953021,0.0598961],[-0.954392,-0.294132,0.0512141],[0.0311908,0.072371,0.99689]],[[0.293711,-0.894204,0.337835],[-0.614209,-0.447353,-0.650095],[-0.732449,0.0165611,0.680621]],[[0.293711,-0.894204,0.337835],[-0.395048,-0.435379,-0.808939],[-0.870443,-0.104134,0.481129]],[[0.293711,-0.894204,0.337835],[-0.251496,-0.41326,-0.875195],[-0.922216,-0.17209,0.346268]]],4]],[[0,200,0],[235.247,235.247,147.751]]],[133028,4826479124,[[87,"right",[0.395048,0.421826,-0.816088],[-0.853924,-0.158956,-0.495526],[54.233,165.873,56.4106],[36.9528,-289.179,-182.183],[49.2826,183.16,75.0387],0,0.65054,0.590368,[[-0.0165729,-0.746772,-0.664874],[0.724745,0.449131,-0.522519],[0.688818,-0.490523,0.533776]],63.72,[225.152,4.53508,244.472],[39.1716,136.976,100.353]],[88,"left",[-0.118138,0.197296,-0.9732],[0.989857,-0.0544872,-0.131206],[-93.7035,141.297,99.994],[-50.9013,101.86,90.5254],[-89.625,131.87,78.9691],0,0.707679,0.187819,[[0.39784,-0.782088,-0.479648],[-0.568995,0.199783,-0.797704],[-0.7197,-0.590276,0.365522]],59.3093,[-273.174,-23.6879,239.956],[-92.3057,124.655,148.097]]],[[870,[-0.121854,0.97009,-0.209944],87,52.1164,[-0.916598,271.821,120.054],[6.49508,248.209,62.9316],[-10.6569,-279.014,-288.529],false,[18.9403,159.263,106.272],[18.9403,159.263,106.272],[12.9014,203.825,84.6036],[8.74667,236.901,77.4455],[6.2497,252.829,60.4809],[[[0.977171,-0.134707,0.164289],[-0.0449086,0.62485,0.779452],[-0.207654,-0.769036,0.604536]],[[0.992489,0.116783,-0.0364362],[-0.0181676,0.43524,0.900131],[0.120978,-0.892708,0.434093]],[[0.992489,0.116783,-0.0364362],[0.0108285,0.212807,0.977034],[0.121854,-0.97009,0.209944]],[[0.992489,0.116783,-0.0364362],[-0.0598547,0.723313,0.687921],[0.106692,-0.680573,0.72487]]],0],[871,[-0.377523,-0.5315,0.758277],87,58.8075,[6.91373,195.474,82.9273],[14.2407,174.37,54.0036],[35.2929,-324.586,-213.637],false,[42.5967,159.686,104.83],[57.4734,199.11,44.5236],[20.7027,191.717,23.5707],[11.5778,178.87,41.8985],[15.1447,173.185,57.6106],[[[0.400268,-0.809137,-0.430213],[0.893809,0.241115,0.378111],[-0.202212,-0.535874,0.819725]],[[0.39009,-0.833951,-0.390328],[0.339553,0.524323,-0.78089],[0.855882,0.17208,0.487704]],[[0.39009,-0.833951,-0.390328],[-0.839825,-0.148438,-0.522168],[0.377523,0.5315,-0.758277]],[[0.39009,-0.833951,-0.390328],[-0.896797,-0.440219,0.0442952],[-0.20877,0.332766,-0.91961]]],1],[872,[-0.36964,-0.422744,0.827438],87,67.0064,[8.44472,181.214,82.6555],[15.5992,160.918,56.2078],[42.2125,-322.217,-193.498],false,[49.1129,150.556,99.7508],[66.8223,179.841,38.9532],[22.7187,177.496,19.6488],[12.2075,165.475,43.1781],[16.8497,159.536,60.3918],[[[0.210992,-0.903265,-0.373623],[0.943955,0.0890265,0.31784],[-0.253832,-0.419745,0.871426]],[[0.209636,-0.90549,-0.368972],[0.344705,0.42157,-0.838723],[0.915003,0.0486398,0.400503]],[[0.209636,-0.90549,-0.368972],[-0.905218,-0.0370739,-0.423327],[0.36964,0.422744,-0.827438]],[[0.209636,-0.90549,-0.368972],[-0.94606,-0.283175,0.157423],[-0.247029,0.316068,-0.916012]]],2],[873,[-0.467423,-0.261974,0.844326],87,64.4285,[13.3094,167.961,81.6038],[20.4531,147.827,56.4718],[43.7265,-317.308,-177.796],false,[52.7504,139.938,94.7546],[71.6772,157.611,37.7177],[31.1096,158.455,19.014],[18.161,151.197,42.4035],[20.8385,146.851,60.3766],[[[0.099575,-0.959313,-0.264203],[0.948045,0.0108389,0.317951],[-0.302151,-0.282136,0.910551]],[[0.0939385,-0.964394,-0.247223],[0.408378,0.263795,-0.873865],[0.907967,-0.0188709,0.418618]],[[0.0939385,-0.964394,-0.247223],[-0.879029,0.0362431,-0.475389],[0.467423,0.261974,-0.844326]],[[0.0939385,-0.964394,-0.247223],[-0.985211,-0.125791,0.116346],[-0.143302,0.232638,-0.961948]]],3],[874,[-0.493612,0.0695481,-0.866897],87,50.5107,[36.3907,152.995,-17.6584],[39.6444,140.618,-23.5544],[94.5142,-444.57,-149.93],false,[49.4693,127.156,89.4259],[7