{"metadata":{"formatVersion":2,"generatedBy":"LeapJS Playback 0.2.1","frames":13,"protocolVersion":6,"serviceVersion":"2.2.5+26752","frameRate":"54","modified":"Thu Apr 16 2015 19:49:03 GMT-0300 (E. South America Standard Time)"},"frames":[["id","timestamp",{"hands":[["id","type","direction","palmNormal","palmPosition","palmVelocity","stabilizedPalmPosition","pinchStrength","grabStrength","confidence","armBasis","armWidth","elbow","wrist"]]},{"pointables":[["id","direction","handId","length","stabilizedTipPosition","tipPosition","tipVelocity","tool","carpPosition","mcpPosition","pipPosition","dipPosition","btipPosition","bases","type"]]},{"interactionBox":["center","size"]}],[124143,4691537847,[[79,"left",[0.85547,-0.244519,-0.456487],[0.452149,-0.0770435,0.888609],[-97.8887,98.4173,-7.40968],[-7.34858,32.8848,-1.77657],[-98.7394,99.3641,-10.6541],1,0.0339318,0.222936,[[-0.548304,-0.836012,-0.0211366],[0.177456,-0.091612,-0.979855],[-0.817235,0.541009,-0.198586]],61.7413,[-360.208,245.931,-38.8679],[-146.407,104.395,13.0854]],[80,"right",[-0.187961,0.121096,-0.974683],[-0.496957,-0.867692,-0.0119684],[20.684,129.657,65.2287],[167.789,-80.1056,-13.5789],[18.9131,130.545,65.3388],1,0,0.447909,[[0.74606,-0.447275,-0.493295],[0.480127,0.874644,-0.0669041],[0.461382,-0.18693,0.867285]],63.72,[164.012,72.7199,350.378],[39.4385,123.191,116.211]]],[[790,[0.814662,-0.537791,0.21704],79,50.498,[-58.9554,90.5144,39.2114],[-56.7459,87.6141,41.81],[-10.7448,-2.96943,-11.8518],false,[-137.538,131.099,22.6645],[-137.538,131.099,22.6645],[-91.1097,119.913,30.324],[-64.1958,102.146,37.4944],[-54.7739,82.3498,43.2898],[[[-0.33907,-0.367753,-0.865904],[-0.332896,0.907779,-0.255182],[-0.879893,-0.201731,0.430224]],[[0.103126,-0.233946,-0.966765],[0.260633,0.944343,-0.200717],[-0.959914,0.231272,-0.158361]],[[0.103126,-0.233946,-0.966765],[0.570693,0.809969,-0.135126],[-0.814662,0.537791,-0.21704]],[[0.103126,-0.233946,-0.966765],[0.903736,0.428031,-0.00717531],[-0.415484,0.87296,-0.255566]]],0],[791,[0.971793,-0.0150274,0.235358],79,56.9814,[4.4703,116.257,-10.1282],[4.27709,115.334,-7.99875],[0.597379,-1.3157,-33.7697],false,[-139.208,122.47,1.44479],[-71.9872,116.103,-21.411],[-30.5632,115.868,-17.2987],[-7.80397,115.516,-11.7867],[7.83534,115.162,-6.36854],[[[-0.105232,-0.993912,-0.0326282],[-0.315759,0.0645082,-0.946644],[-0.942986,0.089315,0.320625]],[[0.00112896,-0.99766,-0.0683612],[0.09894,0.0681372,-0.992758],[-0.995093,0.00564287,-0.0987854]],[[0.00112896,-0.99766,-0.0683612],[0.235835,0.0666986,-0.969502],[-0.971793,0.0150274,-0.235358]],[[0.00112896,-0.99766,-0.0683612],[0.327975,0.0649493,-0.942451],[-0.944686,0.0213568,-0.327281]]],1],[792,[-0.193449,0.219702,0.956195],79,64.9257,[-52.8381,99.5615,21.0288],[-51.6391,98.4794,22.1262],[-16.4038,20.8195,-7.39746],false,[-140.433,110.794,-0.684731],[-78.2289,95.6109,-22.367],[-33.9661,88.9443,-9.0407],[-39.2962,94.9978,17.3057],[-55.6839,99.6067,23.7671],[[[-0.176284,-0.969044,0.17285],[-0.349631,-0.102508,-0.931263],[-0.920153,0.224601,0.320737]],[[-0.199517,-0.963049,0.180913],[0.248971,-0.228388,-0.941197],[-0.947738,0.142743,-0.285338]],[[-0.199517,-0.963049,0.180913],[0.960609,-0.155779,0.230135],[0.193449,-0.219702,-0.956195]],[[-0.199517,-0.963049,0.180913],[0.387541,0.0920214,0.917248],[0.900003,-0.253118,-0.354861]]],2],[793,[-0.0838722,0.332448,0.939385],79,62.4278,[-62.9247,82.3996,21.482],[-61.7419,81.1398,22.9681],[-39.2469,35.2844,2.59815],false,[-142.094,99.0477,0.295323],[-88.9219,76.6708,-18.5682],[-48.2477,66.7586,-7.5422],[-50.499,75.6821,17.6726],[-65.4519,82.9607,24.8268],[[[-0.28291,-0.914927,0.287873],[-0.390486,-0.164268,-0.905835],[-0.876061,0.36868,0.310793]],[[-0.300824,-0.90717,0.294189],[0.163689,-0.353015,-0.921188],[-0.939527,0.22896,-0.254689]],[[-0.300824,-0.90717,0.294189],[0.949984,-0.257915,0.176095],[0.0838722,-0.332448,-0.939385]],[[-0.300824,-0.90717,0.294189],[0.476771,0.124107,0.870223],[0.825951,-0.402044,-0.395178]]],3],[794,[0.113266,0.521766,0.845536],79,48.9422,[-76.3502,68.8989,16.7433],[-74.2203,66.165,18.7681],[-12.5304,24.2437,-8.62176],false,[-143.666,87.9143,8.27967],[-98.5148,60.1845,-10.4059],[-67.6916,47.7048,-2.15867],[-65.5451,57.593,13.8655],[-76.491,68.4894,20.2213],[[[-0.313968,-0.826304,0.467596],[-0.505589,-0.271351,-0.818992],[-0.803619,0.493549,0.332575]],[[-0.436501,-0.738355,0.514099],[-0.00952723,-0.567584,-0.82326],[-0.899653,0.364252,-0.240717]],[[-0.436501,-0.738355,0.514099],[0.892546,-0.427307,0.144121],[-0.113266,-0.521766,-0.845536]],[[-0.436501,-0.738355,0.514099],[0.616392,0.170821,0.768688],[0.655384,-0.65242,-0.380553]]],4],[800,[-0.212152,-0.529843,-0.821132],80,52.1164,[-15.9039,83.4527,50.992],[-16.3206,84.6748,50.8322],[188.577,-85.3789,-59.6277],false,[10.5633,127.15,125.782],[10.5633,127.15,125.782],[-17.7066,114.345,86.685],[-24.94,96.2795,58.688],[-12.5199,79.3247,48.3921],[[[0.748716,0.605711,-0.269331],[-0.3862,0.728797,0.565424],[0.538771,-0.319326,0.779587]],[[0.46707,0.683097,-0.561449],[-0.679055,0.683793,0.267043],[0.566331,0.256527,0.783239]],[[0.46707,0.683097,-0.561449],[-0.858392,0.502638,-0.102553],[0.212152,0.529843,0.821132]],[[0.46707,0.683097,-0.561449],[-0.707255,-0.09248,-0.700883],[-0.530694,0.724449,0.439929]]],0],[801,[-0.273872,-0.177172,-0.945307],80,58.8075,[-24.3564,137.771,-30.0911],[-23.2606,138.778,-30.2423],[267.937,-76.1753,-63.0171],false,[25.102,141.524,113.786],[-4.15149,146.629,46.476],[-12.5941,145.886,4.35784],[-19.2137,141.604,-18.4906],[-24.8497,136.44,-33.7711],[[[0.803589,-0.45495,-0.383753],[0.442873,0.887809,-0.125135],[0.39763,-0.0693963,0.914918]],[[0.872707,-0.458855,-0.166839],[0.446952,0.888343,-0.105265],[0.196511,0.0172965,0.980349]],[[0.872707,-0.458855,-0.166839],[0.404199,0.870668,-0.280286],[0.273872,0.177172,0.945307]],[[0.872707,-0.458855,-0.166839],[0.359957,0.835539,-0.415096],[0.329869,0.302203,0.894349]]],1],[802,[-0.470833,-0.74599,0.470973],80,67.0064,[-35.1135,70.9769,61.9224],[-33.0295,69.8967,60.1598],[172.986,-82.5369,-71.4721],false,[35.41,137.534,108.36],[15.5592,137.898,41.4764],[-14.5223,100.433,37.6378],[-27.9111,79.2198,51.0305],[-34.3776,67.0725,63.8277],[[[0.76257,-0.604782,-0.229623],[0.580975,0.796374,-0.168095],[0.284526,-0.00522149,0.958654]],[[0.775794,-0.604291,-0.181593],[-0.0930246,0.175114,-0.980144],[0.624092,0.777282,0.0796382]],[[0.775794,-0.604291,-0.181593],[-0.420071,-0.279877,-0.863255],[0.470833,0.74599,-0.470973]],[[0.775794,-0.604291,-0.181593],[-0.528899,-0.465819,-0.709421],[0.344107,0.646409,-0.680989]]],2],[803,[-0.595183,-0.722489,0.351806],80,64.4285,[-22.2033,67.1885,54.6739],[-17.4863,65.2076,53.8993],[174.034,-83.0996,-91.5132],false,[45.0219,130.862,104.615],[35.2865,126.58,42.8843],[5.78349,94.2062,34.0667],[-10.7043,74.1918,43.8125],[-19.9499,62.2444,54.8065],[[[0.750148,-0.65726,-0.072717],[0.642747,0.750558,-0.153425],[0.155419,0.0683529,0.985481]],[[0.747949,-0.658135,-0.0862079],[0.0674184,0.204533,-0.976535],[0.660324,0.724586,0.197351]],[[0.747949,-0.658135,-0.0862079],[-0.29382,-0.211823,-0.932095],[0.595183,0.722489,-0.351806]],[[0.747949,-0.658135,-0.0862079],[-0.442387,-0.39745,-0.803945],[0.494841,0.639447,-0.588422]]],3],[804,[-0.754871,-0.583246,0.299988],80,50.5107,[-0.0770489,72.2549,51.3397],[2.22063,71.556,51.9227],[184.08,-81.8504,-48.4618],false,[51.8148,118.364,104.152],[51.041,112.529,46.4667],[26.1797,88.9814,37.6523],[11.4153,77.5738,43.5197],[-0.559844,69.3752,52.8194],[[[0.646513,-0.75985,0.068187],[0.762787,0.642263,-0.0751958],[0.0133435,0.100627,0.994835]],[[0.644305,-0.744968,0.172897],[0.300849,0.0390474,-0.952872],[0.703108,0.665956,0.249281]],[[0.644305,-0.744968,0.172897],[-0.12264,-0.323799,-0.938144],[0.754871,0.583246,-0.299988]],[[0.644305,-0.744968,0.172897],[-0.319694,-0.46774,-0.824024],[0.694743,0.475648,-0.539529]]],4]],[[0,200,0],[235.247,235.247,147.751]]],[124144,4691554814,[[79,"left",[0.85388,-0.245034,-0.459182],[0.454457,-0.0790131,0.887257],[-98.3757,99.0333,-7.45277],[-17.0456,34.4385,-2.12285],[-98.7272,99.3529,-10.5461],1,0.0314458,0.22797,[[-0.54718,-0.836734,-0.0217042],[0.17861,-0.0913899,-0.979666],[-0.817736,0.53993,-0.199456]],61.7413,[-360.762,246.302,-38.9975],[-146.829,105.048,13.1833]],[80,"right",[-0.172381,0.115537,-0.978231],[-0.499036,-0.866462,-0.0143971],[24.879,127.872,64.6959],[203.864,-91.5068,-21.6712],[23.2395,128.606,64.8726],1,0,0.515701,[[0.7499,-0.456082,-0.479207],[0.48004,0.873572,-0.0802118],[0.455205,-0.169888,0.874029]],63.72,[165.723,75.8037,351.992],[42.8172,121.673,116.004]]],[[790,[0.814409,-0.539598,0.213479],79,50.498,[-58.9329,90.4714,39.2455],[-57.109,88.0341,41.6143],[-15.0998,9.93521,-12.3697],false,[-137.897,131.725,22.7783],[-137.897,131.725,22.7783],[-91.4733,120.404,30.2658],[-64.5678,102.578,37.3185],[-55.111,82.7817,43.056],[[[-0.341943,-0.365975,-0.865527],[-0.33231,0.908628,-0.252914],[-0.879002,-0.201141,0.432316]],[[0.099213,-0.232989,-0.967405],[0.262497,0.943892,-0.200406],[-0.959819,0.234058,-0.154805]],[[0.099213,-0.232989,-0.967405],[0.571748,0.809043,-0.136213],[-0.814409,0.539598,-0.213479]],[[0.099213,-0.232989,-0.967405],[0.903464,0.428535,-0.0105527],[-0.417025,0.872969,-0.253014]]],0],[791,[0.972948,-0.016784,0.230413],79,56.9814,[4.46869,116.255,-10.1232],[3.82732,115.798,-8.3631],[-11.2877,11.7928,-30.3754],false,[-139.637,123.13,1.55027],[-72.4876,116.703,-21.4981],[-31.047,116.4,-17.5613],[-8.26071,116.007,-12.1651],[7.4081,115.623,-6.83489],[[[-0.106721,-0.993713,-0.0338307],[-0.318244,0.0663735,-0.945683],[-0.941983,0.0901574,0.323327]],[[-0.000682126,-0.997562,-0.0697851],[0.0948482,0.069406,-0.993069],[-0.995492,0.00729639,-0.0945696]],[[-0.000682126,-0.997562,-0.0697851],[0.231023,0.0677401,-0.970587],[-0.972948,0.016784,-0.230413]],[[-0.000682126,-0.997562,-0.0697851],[0.322798,0.0658297,-0.944176],[-0.946467,0.0231706,-0.321966]]],1],[792,[-0.192723,0.219157,0.956466],79,64.9257,[-52.8341,99.5569,21.0394],[-52.1186,99.0034,21.9877],[-22.3396,25.5159,-7.53811],false,[-140.884,111.46,-0.593402],[-78.7607,96.2217,-22.4678],[-34.4952,89.4737,-9.1915],[-39.8054,95.5123,17.1624],[-56.1814,100.14,23.6401],[[[-0.177178,-0.969054,0.171878],[-0.352308,-0.100618,-0.930459],[-0.91896,0.225411,0.323579]],[[-0.200828,-0.962916,0.180169],[0.247694,-0.227852,-0.941664],[-0.947795,0.144486,-0.284267]],[[-0.200828,-0.962916,0.180169],[0.960482,-0.157362,0.229589],[0.192723,-0.219157,-0.956466]],[[-0.200828,-0.962916,0.180169],[0.38835,0.0905916,0.917048],[0.899362,-0.254137,-0.355755]]],2],[793,[-0.118819,0.341098,0.932488],79,62.4278,[-62.9514,82.4009,21.5363],[-63.2252,82.1122,23.1225],[-72.094,50.2902,9.38074],false,[-142.559,99.7143,0.373574],[-89.47,77.291,-18.6683],[-48.9879,67.7485,-6.6538],[-52.1772,76.9042,18.3758],[-67.4096,84.1014,25.0031],[[[-0.283413,-0.91496,0.287271],[-0.393182,-0.162358,-0.905013],[-0.874692,0.369442,0.313731]],[[-0.300994,-0.907324,0.29354],[0.187099,-0.358019,-0.914777],[-0.935092,0.220422,-0.277521]],[[-0.300994,-0.907324,0.29354],[0.946195,-0.245796,0.210476],[0.118819,-0.341098,-0.932488]],[[-0.300994,-0.907324,0.29354],[0.448844,0.136797,0.883078],[0.841393,-0.397555,-0.366072]]],3],[794,[0.0963655,0.53072,0.842051],79,48.9422,[-76.3268,68.8663,16.7789],[-75.0057,66.9785,18.7402],[-33.8,40.1409,-2.81203],false,[-144.125,88.5711,8.34548],[-99.0639,60.806,-10.5046],[-68.2593,48.5609,-1.84628],[-66.4331,58.6188,14.1118],[-77.5342,69.4888,20.2397],[[[-0.313857,-0.826564,0.46721],[-0.508198,-0.26941,-0.818018],[-0.802015,0.494176,0.335502]],[[-0.437717,-0.737198,0.514727],[0.00233521,-0.573413,-0.819263],[-0.89911,0.357403,-0.252714]],[[-0.437717,-0.737198,0.514727],[0.893934,-0.418182,0.161264],[-0.0963655,-0.53072,-0.842051]],[[-0.437717,-0.737198,0.514727],[0.605484,0.181526,0.774879],[0.664676,-0.650836,-0.366904]]],4],[800,[-0.200719,-0.532296,-0.822419],80,52.1164,[-11.503,81.8079,49.8923],[-11.9611,82.9125,49.8988],[216.918,-88.3709,-58.3531],false,[13.8066,125.766,125.098],[13.8066,125.766,125.098],[-13.8688,112.956,85.5794],[-20.7125,94.8071,57.5386],[-8.25187,77.738,47.4834],[[[0.754455,0.602091,-0.261311],[-0.393032,0.733285,0.554815],[0.525665,-0.315879,0.789871]],[[0.480262,0.678235,-0.556188],[-0.679679,0.688577,0.25278],[0.554423,0.256629,0.79168]],[[0.480262,0.678235,-0.556188],[-0.85385,0.506614,-0.119507],[0.200719,0.532296,0.822419]],[[0.480262,0.678235,-0.556188],[-0.697048,-0.0897862,-0.711381],[-0.532422,0.729339,0.429642]]],0],[801,[-0.25654,-0.180789,-0.949475],80,58.8075,[-18.1197,135.485,-31.4911],[-17.4669,136.413,-31.5468],[303.407,-103.233,-70.0721],false,[28.5695,140.028,113.242],[0.385212,144.791,45.4528],[-7.37498,143.661,3.21221],[-13.5756,139.291,-19.737],[-18.9083,134.139,-35.1298],[[[0.808264,-0.459397,-0.368327],[0.447154,0.885868,-0.123657],[0.383097,-0.0647513,0.921436]],[[0.874373,-0.462049,-0.148269],[0.450385,0.886464,-0.106466],[0.180628,0.0263125,0.9832]],[[0.874373,-0.462049,-0.148269],[0.411898,0.868232,-0.276611],[0.25654,0.180789,0.949475]],[[0.874373,-0.462049,-0.148269],[0.371561,0.834019,-0.407866],[0.312113,0.301536,0.900923]]],1],[802,[-0.487701,-0.746209,0.453123],80,67.0064,[-31.3422,69.142,59.8017],[-29.1209,68.152,58.42],[194.251,-92.8505,-100.821],false,[38.9503,135.978,108.003],[20.1481,135.979,40.816],[-9.99875,98.6764,36.0233],[-23.8672,77.4569,48.9085],[-30.7417,65.2798,61.4623],[[[0.764439,-0.608164,-0.213938],[0.585666,0.793812,-0.163887],[0.269496,-0.0000142892,0.963001]],[[0.777466,-0.607335,-0.163374],[-0.0660471,0.179487,-0.981541],[0.625448,0.773904,0.0994325]],[[0.777466,-0.607335,-0.163374],[-0.397109,-0.27261,-0.876349],[0.487701,0.746209,-0.453123]],[[0.777466,-0.607335,-0.163374],[-0.511589,-0.459611,-0.725971],[0.365819,0.647998,-0.668038]]],2],[803,[-0.60281,-0.719038,0.345839],80,64.4285,[-17.9716,65.2366,53.0924],[-13.305,63.4394,53.0409],[207.832,-92.7006,-71.8137],false,[48.6016,129.258,104.45],[39.8206,124.619,42.602],[10.3719,92.2784,33.4842],[-6.32711,72.3596,43.0647],[-15.7822,60.4946,53.9695],[[[0.749426,-0.659636,-0.056925],[0.647077,0.747927,-0.147971],[0.140183,0.0740586,0.987352]],[[0.747388,-0.660609,-0.0707552],[0.0835954,0.199154,-0.976396],[0.659107,0.723832,0.20407]],[[0.747388,-0.660609,-0.0707552],[-0.27934,-0.215824,-0.935622],[0.60281,0.719038,-0.345839]],[[0.747388,-0.660609,-0.0707552],[-0.430492,-0.400403,-0.808922],[0.50605,0.635038,-0.583643]]],3],[804,[-0.761387,-0.581626,0.286357],80,50.5107,[4.57659,70.2056,50.3152],[6.47981,69.6713,51.141],[215.117,-95.3267,-47.4343],false,[55.3673,116.74,104.171],[55.4795,110.549,46.5168],[30.7338,87.0332,37.302],[15.842,75.6573,42.9028],[3.68041,67.49,51.9857],[[[0.643327,-0.761082,0.0829697],[0.765589,0.63981,-0.0672083],[-0.00193377,0.106758,0.994283]],[[0.639649,-0.745882,0.185767],[0.317929,0.03669,-0.947404],[0.699836,0.665067,0.260606]],[[0.639649,-0.745882,0.185767],[-0.105542,-0.324609,-0.939942],[0.761387,0.581626,-0.286357]],[[0.639649,-0.745882,0.185767],[-0.305019,-0.46813,-0.829348],[0.705559,0.473829,-0.526947]]],4]],[[0,200,0],[235.247,235.247,147.751]]],[124145,4691572170,[[79,"left",[0.851636,-0.248516,-0.461472],[0.456427,-0.0811904,0.886049],[-98.6208,99.3018,-7.26447],[-15.6946,25.6844,3.86441],[-98.7234,99.3511,-10.4288],1,0.0312604,0.23528,[[-0.546354,-0.837298,-0.0207195],[0.179397,-0.0928249,-0.979388],[-0.818116,0.538809,-0.200924]],61.7413,[-361.027,246.477,-39.0655],[-146.995,105.516,13.4994]],[80,"right",[-0.144821,0.122953,-0.981789],[-0.483745,-0.874377,-0.0381453],[28.6612,126.237,64.6899],[210.349,-92.7391,-11.8274],[27.4696,126.758,64.7301],1,0,0.543438,[[0.763036,-0.443718,-0.469989],[0.46222,0.882864,-0.0830925],[0.451806,-0.153836,0.878752]],63.72,[167.139,78.261,353.716],[45.1508,119.797,116.453]]],[[790,[0.812443,-0.543536,0.210963],79,50.498,[-58.9122,90.4267,39.2821],[-57.3051,88.0544,41.6811],[-13.64,6.06507,-5.25919],false,[-137.925,132.152,23.0784],[-137.925,132.152,23.0784],[-91.5334,120.607,30.4253],[-64.6928,102.651,37.3948],[-55.3427,82.7949,43.1017],[[[-0.345743,-0.364276,-0.864734],[-0.329117,0.910099,-0.251797],[-0.878717,-0.197542,0.43455]],[[0.0951923,-0.233318,-0.96773],[0.266429,0.94265,-0.201063],[-0.959142,0.238692,-0.151896]],[[0.0951923,-0.233318,-0.96773],[0.575217,0.806308,-0.137817],[-0.812443,0.543536,-0.210963]],[[0.0951923,-0.233318,-0.96773],[0.906052,0.422972,-0.0128525],[-0.412321,0.87559,-0.251662]]],0],[791,[0.973525,-0.021019,0.227613],79,56.9814,[4.46711,116.254,-10.1195],[3.65113,115.629,-8.43951],[-10.7042,1.87062,-18.7143],false,[-139.756,123.571,1.85268],[-72.6947,116.866,-21.3723],[-31.2452,116.383,-17.5484],[-8.44545,115.891,-12.2178],[7.23735,115.439,-6.93433],[[[-0.111015,-0.993243,-0.0338259],[-0.320422,0.0679909,-0.944832],[-0.940747,0.0940522,0.325804]],[[-0.00516362,-0.997531,-0.0700321],[0.0924438,0.0692569,-0.993306],[-0.995705,0.0116031,-0.091858]],[[-0.00516362,-0.997531,-0.0700321],[0.228523,0.0670027,-0.97123],[-0.973525,0.021019,-0.227613]],[[-0.00516362,-0.997531,-0.0700321],[0.320269,0.0646943,-0.945115],[-0.947313,0.0273093,-0.319144]]],1],[792,[-0.194803,0.220957,0.955631],79,64.9257,[-52.8339,99.5525,21.0545],[-52.4503,99.1059,22.0975],[-22.5721,16.8852,-0.798524],false,[-141.058,111.906,-0.290951],[-79.057,96.4115,-22.3313],[-34.8334,89.4892,-9.00507],[-40.2009,95.5773,17.3258],[-56.5781,100.274,23.7505],[[[-0.180831,-0.968345,0.172072],[-0.355153,-0.098859,-0.929566],[-0.917151,0.229207,0.326034]],[[-0.205005,-0.961949,0.180628],[0.247707,-0.229531,-0.941253],[-0.946897,0.148219,-0.285337]],[[-0.205005,-0.961949,0.180628],[0.959179,-0.160722,0.232688],[0.194803,-0.220957,-0.955631]],[[-0.205005,-0.961949,0.180628],[0.38601,0.0901265,0.918081],[0.899427,-0.257935,-0.352846]]],2],[793,[-0.132611,0.345857,0.928869],79,62.4278,[-63.0251,82.4188,21.6241],[-64.0113,82.4618,23.3839],[-63.3325,37.9875,12.8505],false,[-142.781,100.168,0.677155],[-89.8364,77.5252,-18.5091],[-49.4698,68.0177,-6.08527],[-53.0293,77.3012,18.8472],[-68.3522,84.5156,25.2432],[[[-0.286536,-0.913834,0.287757],[-0.396221,-0.160433,-0.90403],[-0.872299,0.373052,0.316111]],[[-0.303926,-0.90619,0.294022],[0.195485,-0.361373,-0.911699],[-0.932424,0.219612,-0.286977]],[[-0.303926,-0.90619,0.294022],[0.943421,-0.243317,0.225286],[0.132611,-0.345857,-0.928869]],[[-0.303926,-0.90619,0.294022],[0.437322,0.141482,0.888106],[0.846391,-0.398501,-0.353297]]],3],[794,[0.0774739,0.543851,0.835598],79,48.9422,[-76.3184,68.835,16.8372],[-75.7642,67.4438,18.9386],[-45.0802,38.4784,5.55943],false,[-144.372,89.0289,8.65005],[-99.4788,61.0786,-10.325],[-68.7854,48.9179,-1.16736],[-67.3171,59.2246,14.6684],[-78.5828,70.1314,20.4189],[[[-0.316137,-0.825361,0.467799],[-0.511463,-0.267022,-0.816765],[-0.799039,0.497471,0.337726]],[[-0.444168,-0.73152,0.517294],[0.0119168,-0.582146,-0.812997],[-0.895864,0.354943,-0.267288]],[[-0.444168,-0.73152,0.517294],[0.892587,-0.411223,0.184888],[-0.0774739,-0.543852,-0.835598]],[[-0.444168,-0.73152,0.517294],[0.589681,0.196001,0.783492],[0.67453,-0.653041,-0.344306]]],4],[800,[-0.167729,-0.523394,-0.83542],80,52.1164,[-6.5464,80.0936,48.1842],[-6.92879,80.9505,48.2111],[248.035,-92.686,-77.6161],false,[15.8154,123.315,124.706],[15.8154,123.315,124.706],[-10.4516,110.732,84.166],[-16.1704,92.8864,55.6818],[-3.19956,76.1091,45.782],[[[0.751742,0.617169,-0.232349],[-0.421797,0.720829,0.549994],[0.506923,-0.315449,0.802197]],[[0.488978,0.691667,-0.531505],[-0.695706,0.676798,0.240701],[0.526207,0.252074,0.812136]],[[0.488978,0.691667,-0.531505],[-0.856019,0.49765,-0.139915],[0.167729,0.523394,0.83542]],[[0.488978,0.691667,-0.531505],[-0.673599,-0.0877326,-0.733872],[-0.554225,0.716868,0.423007]]],0],[801,[-0.222729,-0.173928,-0.95924],80,58.8075,[-11.3398,134.044,-32.7408],[-10.8536,135.018,-32.7272],[341.2,-91.5847,-70.0406],false,[30.6861,137.941,113.445],[4.47585,142.952,44.8856],[-1.97212,142.034,2.41978],[-7.35558,137.83,-20.7654],[-12.0816,132.818,-36.4005],[[[0.826575,-0.442103,-0.348308],[0.435717,0.894375,-0.101213],[0.356265,-0.068104,0.9319]],[[0.886307,-0.445926,-0.12494],[0.438104,0.894815,-0.0858562],[0.150084,0.0213581,0.988443]],[[0.886307,-0.445926,-0.12494],[0.406019,0.878009,-0.253474],[0.222729,0.173928,0.95924]],[[0.886307,-0.445926,-0.12494],[0.371412,0.845621,-0.383378],[0.27661,0.293386,0.915102]]],1],[802,[-0.492562,-0.761354,0.421572],80,67.0064,[-26.744,66.7957,57.0101],[-24.2383,65.662,55.7001],[232.533,-116.653,-134.557],false,[41.2863,134.119,108.481],[24.5145,134.516,40.7603],[-4.84419,96.8444,34.263],[-18.8509,75.1943,46.251],[-25.992,62.7003,58.3359],[[[0.780637,-0.593188,-0.196811],[0.576903,0.805044,-0.138157],[0.240395,-0.00569024,0.970659]],[[0.792409,-0.592639,-0.144452],[-0.033012,0.1948,-0.980287],[0.609096,0.781558,0.134797]],[[0.792409,-0.592639,-0.144452],[-0.35982,-0.262906,-0.895215],[0.492562,0.761354,-0.421572]],[[0.792409,-0.592639,-0.144452],[-0.477158,-0.454695,-0.752045],[0.380009,0.664854,-0.643087]]],2],[803,[-0.600757,-0.73248,0.320257],80,64.4285,[-12.2839,62.8027,51.0656],[-8.06765,61.3093,51.2382],[252.564,-106.235,-86.7713],false,[51.1516,127.597,105.155],[44.3125,123.464,43.0263],[15.6987,90.7396,32.6997],[-0.943506,70.4484,41.5714],[-10.5211,58.315,52.0663],[[[0.761779,-0.646548,-0.0408469],[0.638571,0.760014,-0.120853],[0.109181,0.0659793,0.99183]],[[0.760172,-0.64741,-0.0547592],[0.109527,0.210764,-0.971382],[0.640424,0.732419,0.231126]],[[0.760172,-0.64741,-0.0547592],[-0.247448,-0.210553,-0.945747],[0.600757,0.73248,-0.320257]],[[0.760172,-0.64741,-0.0547592],[-0.399214,-0.398922,-0.825523],[0.512608,0.6494,-0.561705]]],3],[804,[-0.759649,-0.597849,0.25595],80,50.5107,[10.1653,68.1463,49.0275],[11.662,67.8638,49.8935],[254.763,-98.8878,-58.0695],false,[58.1321,115.195,104.955],[60.0809,109.614,47.2716],[36.0228,85.8067,37.04],[21.165,74.1135,42.0461],[8.87542,65.6285,50.653],[[[0.653243,-0.751196,0.0947548],[0.756402,0.653024,-0.0376307],[-0.0336091,0.0962547,0.994789]],[[0.646383,-0.737416,0.195978],[0.345333,0.0536971,-0.936943],[0.680393,0.673301,0.289363]],[[0.646383,-0.737416,0.195978],[-0.0715766,-0.314316,-0.946616],[0.759649,0.597849,-0.25595]],[[0.646383,-0.737416,0.195978],[-0.271747,-0.462491,-0.843952],[0.712982,0.49226,-0.499337]]],4]],[[0,200,0],[235.247,235.247,147.751]]],[124146,4691589543,[[79,"left",[0.843658,-0.253087,-0.473485],[0.467336,-0.0879207,0.879697],[-98.8966,100.178,-6.7509],[-15.7786,37.1241,15.7328],[-98.7296,99.3807,-10.297],1,0.031187,0.238916,[[-0.543109,-0.839418,-0.020253],[0.183503,-0.0951213,-0.978406],[-0.819365,0.535097,-0.205697]],61.7413,[-361.306,246.663,-39.1468],[-146.948,106.673,14.6668]],[80,"right",[-0.120846,0.121812,-0.985169],[-0.480965,-0.875356,-0.049236],[32.8703,125.24,65.0998],[225.098,-76.4132,4.532],[31.9155,125.508,65.0344],1,0,0.582224,[[0.768337,-0.444486,-0.460532],[0.459995,0.88379,-0.0855567],[0.445042,-0.146106,0.88351]],63.72,[168.255,79.4286,355.806],[48.0932,118.877,117.259]]],[[790,[0.809606,-0.552513,0.19816],79,50.498,[-58.892,90.3893,39.3136],[-57.1401,88.2773,41.5995],[-4.18627,8.59159,-5.45761],false,[-137.555,133.205,24.2242],[-137.555,133.205,24.2242],[-91.1747,121.214,30.8993],[-64.4278,102.961,37.4459],[-55.2677,82.9624,42.9581],[[[-0.359714,-0.358433,-0.861471],[-0.325567,0.913461,-0.244121],[-0.874421,-0.192652,0.445278]],[[0.0799334,-0.230673,-0.969742],[0.272235,0.940922,-0.201378],[-0.958905,0.247901,-0.138008]],[[0.0799334,-0.230673,-0.969742],[0.581506,0.800949,-0.14259],[-0.809606,0.552513,-0.198161]],[[0.0799334,-0.230673,-0.969742],[0.911286,0.411148,-0.022685],[-0.40394,0.8819,-0.243074]]],0],[791,[0.976258,-0.0291342,0.214641],79,56.9814,[4.46594,116.253,-10.1181],[3.47112,115.748,-9.20454],[-10.4392,4.13331,-30.5923],false,[-139.727,124.717,2.99278],[-73.0264,117.603,-21.132],[-31.5352,116.796,-17.8544],[-8.67137,116.114,-12.8276],[7.07627,115.525,-7.75466],[[[-0.118866,-0.992257,-0.0360234],[-0.332211,0.073934,-0.940303],[-0.935685,0.0998025,0.338427]],[[-0.0135748,-0.997195,-0.0736112],[0.0799399,0.0723001,-0.994174],[-0.996707,0.0193802,-0.0787342]],[[-0.0135748,-0.997195,-0.0736112],[0.216184,0.0689499,-0.973915],[-0.976258,0.0291342,-0.214641]],[[-0.0135748,-0.997195,-0.0736112],[0.308186,0.0658615,-0.949043],[-0.951229,0.035569,-0.306428]]],1],[792,[-0.191343,0.221115,0.956293],79,64.9257,[-52.8386,99.5551,21.0734],[-52.6623,99.6069,22.0853],[-21.0657,23.3034,0.237126],false,[-141.144,113.071,0.823482],[-79.5533,97.1998,-22.0829],[-35.2999,89.9464,-9.03476],[-40.572,96.0389,17.3143],[-56.9029,100.831,23.7865],[[[-0.1858,-0.967618,0.170861],[-0.367987,-0.09271,-0.925198],[-0.911079,0.234776,0.338845]],[[-0.210574,-0.960857,0.180037],[0.240486,-0.229422,-0.94315],[-0.947536,0.155307,-0.279383]],[[-0.210574,-0.960857,0.180037],[0.958669,-0.166922,0.230414],[0.191343,-0.221115,-0.956293]],[[-0.210574,-0.960857,0.180037],[0.388915,0.0866235,0.917192],[0.896886,-0.263156,-0.355451]]],2],[793,[-0.127482,0.345811,0.929604],79,62.4278,[-63.126,82.4703,21.7293],[-64.3362,83.1081,23.484],[-43.8923,38.2832,10.0236],false,[-142.941,101.342,1.77086],[-90.4228,78.3798,-18.1895],[-50.0255,68.6401,-6.04824],[-53.4473,77.9223,18.904],[-68.7066,85.2016,25.3781],[[[-0.289575,-0.912762,0.288118],[-0.409176,-0.154074,-0.899353],[-0.865287,0.378322,0.328865]],[[-0.306748,-0.905047,0.29461],[0.187541,-0.360937,-0.913539],[-0.933131,0.224975,-0.28045]],[[-0.306748,-0.905047,0.29461],[0.943215,-0.247597,0.221454],[0.127482,-0.345811,-0.929604]],[[-0.306748,-0.905047,0.29461],[0.442115,0.138622,0.886182],[0.842876,-0.402086,-0.357612]]],3],[794,[0.0781372,0.548762,0.832319],79,48.9422,[-76.3274,68.825,16.919],[-76.2356,68.2632,19.1013],[-40.1482,44.8801,8.22805],false,[-144.512,90.1853,9.72288],[-100.08,61.9744,-9.94048],[-69.4142,49.6886,-0.857815],[-67.9334,60.0884,14.9158],[-79.1749,71.0543,20.6008],[[[-0.316161,-0.824752,0.468856],[-0.524063,-0.260133,-0.810981],[-0.790823,0.502111,0.349978]],[[-0.445907,-0.727469,0.521494],[0.00584855,-0.584979,-0.811028],[-0.89506,0.358593,-0.265101]],[[-0.445907,-0.727469,0.521494],[0.891662,-0.411885,0.187854],[-0.0781372,-0.548762,-0.832319]],[[-0.445907,-0.727469,0.521494],[0.59002,0.19923,0.782421],[0.673085,-0.656579,-0.340383]]],4],[800,[-0.146771,-0.520614,-0.841082],80,52.1164,[-1.79954,79.3463,47.5131],[-2.17778,80.0357,47.6642],[257.125,-67.5234,-57.2844],false,[18.5567,122.345,124.784],[18.5567,122.345,124.784],[-6.68979,109.976,83.536],[-11.694,92.2254,54.8588],[1.50365,75.4445,45.2698],[[[0.756037,0.618437,-0.214343],[-0.436604,0.720481,0.53878],[0.487631,-0.313755,0.814723]],[[0.50462,0.691918,-0.516342],[-0.699688,0.678125,0.224909],[0.505763,0.247784,0.826321]],[[0.50462,0.691918,-0.516342],[-0.850774,0.500211,-0.161159],[0.146771,0.520614,0.841082]],[[0.50462,0.691918,-0.516342],[-0.653725,-0.0844182,-0.752008],[-0.563916,0.717024,0.409725]]],0],[801,[-0.197184,-0.174454,-0.96472],80,58.8075,[-4.55914,132.823,-33.3565],[-4.212,133.795,-33.2886],[361.3,-80.9686,-52.9683],false,[33.6717,136.991,113.879],[9.14753,141.89,44.6908],[3.75708,140.834,2.08098],[-1.00895,136.618,-21.2367],[-5.29721,131.632,-37.006],[[[0.835753,-0.440787,-0.327449],[0.436344,0.895138,-0.0912806],[0.333347,-0.0665922,0.940449]],[[0.890119,-0.444258,-0.1016],[0.438115,0.895562,-0.0776133],[0.125469,0.0245728,0.991793]],[[0.890119,-0.444258,-0.1016],[0.41086,0.87875,-0.242886],[0.197184,0.174454,0.96472]],[[0.890119,-0.444258,-0.1016],[0.380385,0.847045,-0.371243],[0.250987,0.291804,0.922961]]],1],[802,[-0.503526,-0.763375,0.404624],80,67.0064,[-21.9634,65.1508,55.094],[-19.745,64.5266,54.5567],[243.964,-93.0835,-106.903],false,[44.3983,133.185,109.181],[29.2979,133.49,41.0677],[0.188356,95.7974,33.638],[-14.1301,74.0898,45.1441],[-21.5972,61.5496,56.9816],[[[0.786393,-0.591829,-0.176989],[0.578569,0.806052,-0.124656],[0.216437,-0.00437173,0.976287]],[[0.79702,-0.591188,-0.123516],[-0.00546168,0.197449,-0.980298],[0.603928,0.781992,0.154142]],[[0.79702,-0.591188,-0.123516],[-0.333498,-0.2603,-0.906103],[0.503526,0.763375,-0.404624]],[[0.79702,-0.591188,-0.123516],[-0.454827,-0.452982,-0.766773],[0.397356,0.667312,-0.629923]]],2],[803,[-0.607035,-0.733377,0.30605],80,64.4285,[-6.34471,60.9014,49.8011],[-3.39092,60.2283,50.8041],[261.31,-85.9456,-58.2735],false,[54.3552,126.679,106.104],[49.0556,122.478,43.8306],[20.7678,89.6894,32.833],[3.95173,69.3734,41.3112],[-5.85763,57.2303,51.5784],[[[0.763804,-0.64509,-0.0214873],[0.639879,0.761158,-0.105797],[0.0846039,0.0670591,0.994156]],[[0.76254,-0.645968,-0.0354507],[0.132984,0.210138,-0.968585],[0.633125,0.733871,0.246142]],[[0.76254,-0.645968,-0.0354507],[-0.223697,-0.211855,-0.951355],[0.607035,0.733377,-0.30605]],[[0.76254,-0.645968,-0.0354507],[-0.378011,-0.400417,-0.83473],[0.525014,0.649916,-0.549518]]],3],[804,[-0.76445,-0.599656,0.236705],80,50.5107,[15.4749,66.7708,48.7205],[16.3584,66.8037,49.8628],[262.741,-81.2943,-31.4624],false,[61.3624,114.291,106.088],[64.7415,108.663,48.4755],[40.9897,84.8113,37.6494],[26.038,73.0828,42.2791],[13.5576,64.5647,50.573],[[[0.652166,-0.749831,0.111498],[0.755833,0.654471,-0.0196015],[-0.0582744,0.0970572,0.993571]],[[0.642931,-0.736174,0.211393],[0.367996,0.0548513,-0.928208],[0.671728,0.674566,0.306175]],[[0.642931,-0.736174,0.211393],[-0.0474932,-0.313784,-0.948306],[0.76445,0.599656,-0.236705]],[[0.642931,-0.736174,0.211393],[-0.249764,-0.462423,-0.850754],[0.724056,0.494178,-0.481176]]],4]],[[0,200,0],[235.247,235.247,147.751]]],[124147,4691615956,[[79,"left",[0.83966,-0.257072,-0.478419],[0.471834,-0.0909664,0.876982],[-99.1295,100.735,-6.65974],[-11.5323,27.3308,8.23886],[-98.7509,99.4528,-10.1034],1,0.0356936,0.255596,[[-0.541425,-0.840546,-0.0184655],[0.18418,-0.0971498,-0.97808],[-0.820327,0.532958,-0.207411]],61.7413,[-361.635,246.891,-39.2285],[-147.025,107.46,15.0335]],[80,"right",[-0.0711817,0.111619,-0.991198],[-0.496646,-0.865749,-0.0618262],[38.1822,123.184,64.5319],[210.46,-77.2879,-11.352],[37.8723,123.299,64.5568],1,0,0.613354,[[0.761173,-0.468978,-0.447968],[0.478435,0.872371,-0.100345],[0.437854,-0.137944,0.888401]],63.72,[168.986,79.9327,357.3],[50.7654,117.177,117.431]]],[[790,[0.803522,-0.562965,0.193447],79,50.498,[-58.8725,90.3293,39.3573],[-57.518,88.1646,41.4526],[-13.7351,-1.57928,-5.80108],false,[-137.442,133.937,24.5564],[-137.442,133.937,24.5564],[-91.1331,121.52,30.9399],[-64.5872,102.921,37.3308],[-55.9005,82.6972,42.7859],[[[-0.366407,-0.355947,-0.859678],[-0.322237,0.915301,-0.241635],[-0.872874,-0.188483,0.450072]],[[0.0718554,-0.230866,-0.970329],[0.27957,0.938508,-0.202592],[-0.957433,0.256717,-0.13198]],[[0.0718554,-0.230866,-0.970329],[0.590922,0.793581,-0.145054],[-0.803522,0.562965,-0.193447]],[[0.0718554,-0.230866,-0.970329],[0.920923,0.388984,-0.0243523],[-0.383064,0.891848,-0.24056]]],0],[791,[0.976443,-0.0350523,0.212911],79,56.9814,[4.46443,116.253,-10.1169],[3.26879,115.738,-9.49907],[-9.0539,1.04917,-17.0065],false,[-139.777,125.476,3.3316],[-73.2516,118.037,-21.1744],[-31.7563,116.985,-18.0214],[-8.88813,116.164,-13.035],[6.8608,115.478,-7.97834],[[[-0.124168,-0.991606,-0.0360509],[-0.337127,0.0763299,-0.93836],[-0.933235,0.104361,0.343775]],[[-0.0196468,-0.997061,-0.0740464],[0.077391,0.0723218,-0.994374],[-0.996807,0.0252668,-0.0757427]],[[-0.0196468,-0.997061,-0.0740464],[0.214881,0.068119,-0.974262],[-0.976443,0.0350523,-0.212911]],[[-0.0196468,-0.997061,-0.0740464],[0.307617,0.0644398,-0.949326],[-0.951308,0.0414291,-0.305447]]],1],[792,[-0.197163,0.224025,0.954432],79,64.9257,[-52.8641,99.5726,21.108],[-53.1194,100.006,22.0302],[-21.6517,19.1724,-0.225418],false,[-141.266,113.839,1.16214],[-79.8886,97.6683,-22.1028],[-35.7051,90.2462,-8.9134],[-41.1377,96.4188,17.3844],[-57.4895,101.284,23.7477],[[[-0.189807,-0.966776,0.171225],[-0.373673,-0.0901391,-0.92317],[-0.907933,0.239206,0.344149]],[[-0.215187,-0.959689,0.180806],[0.242289,-0.23182,-0.942102],[-0.946039,0.15892,-0.282407]],[[-0.215187,-0.959689,0.180806],[0.956463,-0.169733,0.237423],[0.197163,-0.224025,-0.954432]],[[-0.215187,-0.959689,0.180806],[0.383696,0.0871692,0.919336],[0.898038,-0.267204,-0.349472]]],2],[793,[-0.128085,0.347774,0.928788],79,62.4278,[-63.3168,82.5878,21.8913],[-64.7561,83.5864,23.4571],[-27.3192,26.2648,3.31716],false,[-143.119,102.119,2.11139],[-90.8326,78.9015,-18.1614],[-50.4624,69.0367,-6.03116],[-53.9004,78.3716,18.8992],[-69.1452,85.7049,25.3464],[[[-0.292635,-0.911473,0.289105],[-0.415031,-0.151309,-0.897137],[-0.86146,0.382521,0.334011]],[[-0.309671,-0.903703,0.295676],[0.185838,-0.362488,-0.913273],[-0.932506,0.227866,-0.280195]],[[-0.309671,-0.903703,0.295676],[0.942177,-0.249747,0.223446],[0.128085,-0.347774,-0.928788]],[[-0.309671,-0.903703,0.295676],[0.441601,0.1387,0.886426],[0.842077,-0.405071,-0.356125]]],3],[794,[0.0721031,0.556158,0.827943],79,48.9422,[-76.384,68.8499,17.0655],[-76.7878,68.8901,19.0968],[-30.8984,33.6306,3.49044],false,[-144.702,90.9644,10.0643],[-100.527,62.54,-9.8695],[-69.9293,50.2073,-0.623358],[-68.5629,60.7473,15.0674],[-79.8441,71.7646,20.5714],[[[-0.317748,-0.82346,0.470053],[-0.529961,-0.256841,-0.808192],[-0.786243,0.505911,0.354791]],[[-0.449848,-0.722744,0.524668],[0.00618913,-0.589974,-0.807398],[-0.893083,0.35996,-0.269872]],[[-0.449848,-0.722744,0.524668],[0.89019,-0.410279,0.198075],[-0.0721031,-0.556158,-0.827943]],[[-0.449848,-0.722744,0.524668],[0.584283,0.206145,0.784932],[0.675462,-0.659655,-0.329554]]],4],[800,[-0.113975,-0.526784,-0.842323],80,52.1164,[3.88043,78.0303,45.7645],[3.28105,78.5855,45.9115],[226.967,-56.1425,-62.3775],false,[20.9849,121.354,123.493],[20.9849,121.354,123.493],[-2.43011,109.203,81.1152],[-6.31615,91.2418,52.3956],[7.02193,74.0619,43.7542],[[[0.778409,0.59981,-0.185221],[-0.446284,0.736251,0.508689],[0.441486,-0.313307,0.840791]],[[0.547323,0.674289,-0.495754],[-0.693114,0.697195,0.183061],[0.469073,0.243421,0.84895]],[[0.547323,0.674289,-0.495754],[-0.829124,0.517527,-0.211469],[0.113975,0.526784,0.842323]],[[0.547323,0.674289,-0.495754],[-0.612889,-0.0804483,-0.786063],[-0.569916,0.734073,0.369233]]],0],[801,[-0.15253,-0.181101,-0.971564],80,58.8075,[5.97571,130.252,-35.7291],[6.08202,131.196,-35.6414],[379.439,-90.1636,-75.153],false,[36.9111,135.542,113.151],[15.8186,140.059,42.8149],[12.4602,138.489,0.0127828],[8.77352,134.112,-23.4703],[5.194,129.086,-39.4029],[[[0.840798,-0.462206,-0.281823],[0.459197,0.884644,-0.0808897],[0.286701,-0.0614003,0.956051]],[[0.884368,-0.463843,-0.0523795],[0.460199,0.885164,-0.0685708],[0.0781705,0.0365368,0.99627]],[[0.884368,-0.463843,-0.0523795],[0.441167,0.867209,-0.23091],[0.15253,0.181101,0.971564]],[[0.884368,-0.463843,-0.0523795],[0.417135,0.835662,-0.357306],[0.209505,0.294141,0.932517]]],1],[802,[-0.539944,-0.748631,0.384723],80,67.0064,[-16.5089,63.6474,52.1614],[-15.2027,63.4198,51.9389],[200.056,-61.9194,-104.689],false,[47.7655,131.454,109.017],[35.9348,131.196,40.2604],[6.4308,94.055,31.6979],[-8.92328,72.7666,42.6381],[-17.2523,60.5038,54.1875],[[[0.781118,-0.610245,-0.132119],[0.600916,0.792204,-0.106361],[0.169572,0.00368808,0.985511]],[[0.789285,-0.609112,-0.077535],[0.0484589,0.187671,-0.981036],[0.612111,0.77056,0.177643]],[[0.789285,-0.609112,-0.077535],[-0.292385,-0.261792,-0.91977],[0.539944,0.748631,-0.384723]],[[0.789285,-0.609112,-0.077535],[-0.424953,-0.450726,-0.785023],[0.44322,0.652556,-0.614595]]],2],[803,[-0.636771,-0.716989,0.283634],80,64.4285,[0.189359,58.8318,47.8342],[1.25576,58.7456,49.1077],[211.028,-67.8664,-61.1586],false,[57.7164,124.704,106.498],[55.2991,119.814,44.096],[26.8906,87.4944,32.0679],[9.25073,67.6324,39.9251],[-1.30354,55.8186,49.8313],[[[0.750021,-0.661023,0.0227432],[0.660287,0.746294,-0.0840586],[0.0385914,0.0780628,0.996201]],[[0.749413,-0.662043,0.00890947],[0.184673,0.196084,-0.96304],[0.635827,0.72336,0.26921]],[[0.749413,-0.662043,0.00890947],[-0.18139,-0.218233,-0.958891],[0.636771,0.716989,-0.283634]],[[0.749413,-0.662043,0.00890947],[-0.345381,-0.402371,-0.847827],[0.564882,0.632295,-0.530199]]],3],[804,[-0.787447,-0.580605,0.206942],80,50.5107,[21.081,64.6928,48.0523],[21.1712,64.9101,49.2103],[214.759,-75.7868,-27.0053],false,[64.4506,112.174,106.964],[70.4477,105.737,49.6499],[46.7326,82.2476,37.9835],[31.331,70.8916,42.031],[18.2919,62.7402,49.8184],[[[0.629969,-0.761707,0.151464],[0.769703,0.638341,0.00884667],[-0.103424,0.111009,0.988423]],[[0.616315,-0.746615,0.250443],[0.412709,0.0353761,-0.910175],[0.670691,0.664315,0.329938]],[[0.616315,-0.746615,0.250443],[-0.00909732,-0.324752,-0.945756],[0.787447,0.580605,-0.206942]],[[0.616315,-0.746615,0.250443],[-0.218876,-0.467896,-0.856251],[0.756471,0.472905,-0.451788]]],4]],[[0,200,0],[235.247,235.247,147.751]]],[124148,4691650210,[[79,"left",[0.838136,-0.260362,-0.479312],[0.472684,-0.09184,0.876433],[-99.2402,101.034,-6.76624],[-5.67657,14.203,0.235341],[-98.7833,99.5575,-9.88248],1,0.0435639,0.261668,[[-0.540657,-0.841085,-0.0162975],[0.183155,-0.0987809,-0.978109],[-0.821063,0.531806,-0.207455]],61.7413,[-361.886,247.071,-39.2889],[-147.083,107.942,14.9847]],[80,"right",[-0.0196567,0.109736,-0.993766],[-0.535736,-0.840375,-0.0822013],[45.7304,121.067,62.9967],[217.443,-66.3579,-34.9561],[45.6256,121.097,63.0175],1,0,0.666847,[[0.733373,-0.520685,-0.437095],[0.518721,0.844172,-0.135284],[0.439424,-0.127517,0.889183]],63.72,[174.186,80.2963,356.52],[55.5411,114.726,116.441]]],[[790,[0.797822,-0.570764,0.19419],79,50.498,[-58.8646,90.2299,39.4226],[-58.0693,87.972,41.3731],[-18.8518,-5.69432,-2.69958],false,[-137.397,134.393,24.4722],[-137.397,134.393,24.4722],[-91.1546,121.728,30.8513],[-64.7971,102.872,37.2667],[-56.7716,82.3821,42.7426],[[[-0.36877,-0.355418,-0.858887],[-0.319413,0.916196,-0.241991],[-0.872917,-0.185101,0.451391]],[[0.0703753,-0.231728,-0.970232],[0.284616,0.936876,-0.203117],[-0.956055,0.261849,-0.131887]],[[0.0703753,-0.231728,-0.970232],[0.598772,0.787738,-0.14471],[-0.797822,0.570764,-0.19419]],[[0.0703753,-0.231728,-0.970232],[0.932629,0.360365,-0.0184212],[-0.353907,0.90357,-0.241478]]],0],[791,[0.974842,-0.0398083,0.219315],79,56.9814,[4.45138,116.245,-10.1055],[3.13507,115.598,-9.40627],[-5.98384,-3.2782,-0.150788],false,[-139.789,125.923,3.25783],[-73.3223,118.234,-21.33],[-31.8432,116.981,-18.0391],[-9.01261,116.049,-12.9028],[6.68886,115.286,-7.71122],[[[-0.127621,-0.991204,-0.0350376],[-0.33811,0.0766887,-0.937977],[-0.932413,0.107859,0.344923]],[[-0.0243504,-0.997054,-0.0727413],[0.0810112,0.0705556,-0.994213],[-0.996416,0.0301023,-0.0790545]],[[-0.0243504,-0.997054,-0.0727413],[0.221564,0.0655708,-0.972939],[-0.974842,0.0398083,-0.219315]],[[-0.0243504,-0.997054,-0.0727413],[0.31602,0.0613546,-0.946767],[-0.94844,0.0460418,-0.313595]]],1],[792,[-0.205329,0.227644,0.95185],79,64.9257,[-52.9195,99.6086,21.1564],[-53.5344,100.27,22.0006],[-16.7089,11.727,0.268835],false,[-141.321,114.289,1.10029],[-80.0304,97.8877,-22.2322],[-35.9551,90.3982,-8.72296],[-41.6126,96.6705,17.5037],[-57.9991,101.592,23.7332],[[[-0.192898,-0.965972,0.172304],[-0.375207,-0.0896408,-0.922597],[-0.906648,0.242616,0.345148]],[[-0.218711,-0.958649,0.18209],[0.248093,-0.235106,-0.939774],[-0.943724,0.160363,-0.289255]],[[-0.218711,-0.958649,0.18209],[0.953942,-0.170792,0.246627],[0.205329,-0.227644,-0.95185]],[[-0.218711,-0.958649,0.18209],[0.377195,0.089044,0.921843],[0.899939,-0.270301,-0.342123]]],2],[793,[-0.147062,0.353753,0.923705],79,62.4278,[-63.6471,82.7874,22.0898],[-65.5329,84.058,23.4402],[-27.4303,18.8818,0.738215],false,[-143.213,102.576,2.06203],[-91.0336,79.162,-18.2602],[-50.7777,69.4378,-5.64595],[-54.7251,78.9331,19.1479],[-70.1212,86.2399,25.257],[[[-0.295379,-0.910216,0.290273],[-0.41674,-0.150646,-0.896456],[-0.859697,0.385762,0.334826]],[[-0.310991,-0.903037,0.296325],[0.196562,-0.366157,-0.909556],[-0.929864,0.224618,-0.291375]],[[-0.310991,-0.903037,0.296325],[0.938966,-0.243686,0.242817],[0.147062,-0.353753,-0.923705]],[[-0.310991,-0.903037,0.296325],[0.424323,0.147062,0.893489],[0.850432,-0.403605,-0.337444]]],3],[794,[0.063509,0.563853,0.82343],79,48.9422,[-76.5006,68.9201,17.2443],[-77.