{"metadata":{"formatVersion":2,"generatedBy":"LeapJS Playback 0.2.1","frames":15,"protocolVersion":6,"serviceVersion":"2.2.5+26752","frameRate":"54","modified":"Thu Apr 16 2015 19:48:21 GMT-0300 (E. South America Standard Time)"},"frames":[["id","timestamp",{"hands":[["id","type","direction","palmNormal","palmPosition","palmVelocity","stabilizedPalmPosition","pinchStrength","grabStrength","confidence","armBasis","armWidth","elbow","wrist"]]},{"pointables":[["id","direction","handId","length","stabilizedTipPosition","tipPosition","tipVelocity","tool","carpPosition","mcpPosition","pipPosition","dipPosition","btipPosition","bases","type"]]},{"interactionBox":["center","size"]}],[124004,4689326585,[[79,"left",[0.913828,-0.342887,-0.217595],[0.26327,0.0922346,0.960303],[-93.7756,98.8669,-15.3752],[4.38971,-5.81121,1.67557],[-97.1148,100.961,-16.1096],1,0,0.22468,[[-0.471948,-0.861649,0.18662],[-0.135018,-0.13854,-0.98111],[-0.871226,0.48823,0.0509543]],61.7413,[-372.902,237.245,6.61008],[-144.976,109.517,-6.72036]],[80,"right",[-0.06062,0.0863772,-0.994417],[-0.409226,-0.910824,-0.0541695],[20.2732,127.328,71.3206],[97.8834,-38.7912,-14.5814],[13.8966,132.595,74.4198],0.88271,0,0.545406,[[0.725544,-0.254188,-0.639511],[0.411898,0.904848,0.107658],[0.551295,-0.341524,0.761207]],63.72,[181.104,31.3101,330.089],[32.2545,123.521,124.563]]],[[790,[0.759388,-0.492307,0.425399],79,50.498,[-65.0909,100.164,28.4094],[-65.7589,105.543,31.6948],[-6.08259,-2.34465,2.90092],false,[-136.71,137.442,-0.771452],[-136.71,137.442,-0.771452],[-89.5465,137.437,9.95503],[-64.4587,121.173,24.0089],[-66.3702,100.897,33.9829],[[[-0.181582,-0.525582,-0.831139],[-0.225526,0.84492,-0.485025],[-0.957166,-0.0993716,0.271954]],[[0.198269,-0.447627,-0.871963],[0.099356,0.89422,-0.436461],[-0.975099,0.000098107,-0.22177]],[[0.198269,-0.447627,-0.871963],[0.619693,0.746501,-0.242313],[-0.759388,0.492307,-0.425399]],[[0.198269,-0.447627,-0.871963],[0.976516,0.0137055,0.215007],[0.0842921,0.894115,-0.439833]]],0],[791,[0.927215,0.0263071,0.373604],79,56.9814,[3.1087,116.887,-14.2554],[8.89277,114.409,-3.56863],[-3.75474,6.69393,25.2481],false,[-134.639,124.834,-19.8574],[-64.6884,113.045,-26.8908],[-23.9517,113.241,-18.3236],[-2.23645,113.857,-9.57381],[12.2089,114.541,-1.51566],[[[-0.151383,-0.979138,0.135546],[-0.119022,-0.118072,-0.985846],[-0.981283,0.165373,0.0986652]],[[-0.0207437,-0.992392,0.121361],[0.204809,-0.123031,-0.971039],[-0.978582,-0.00471279,-0.205803]],[[-0.0207437,-0.992392,0.121361],[0.373954,-0.120277,-0.919615],[-0.927215,-0.0263071,-0.373604]],[[-0.0207437,-0.992392,0.121361],[0.488056,-0.115992,-0.865071],[-0.872566,-0.041286,-0.486749]]],1],[792,[-0.026083,0.333195,0.942497],79,64.9257,[-47.1105,97.4082,30.516],[-41.6019,102.711,29.0402],[25.15,-11.2901,-17.8201],false,[-136.062,112.988,-19.94],[-71.7396,92.8657,-25.1989],[-29.6199,87.1024,-5.86119],[-30.3386,96.283,20.1078],[-43.4897,103.686,30.2956],[[[-0.260042,-0.913222,0.313693],[-0.164417,-0.278248,-0.946332],[-0.951496,0.297663,0.0777929]],[[-0.26892,-0.910401,0.314406],[0.338156,-0.394894,-0.85423],[-0.90185,0.123402,-0.414052]],[[-0.26892,-0.910401,0.314406],[0.962809,-0.245256,0.113349],[0.026083,-0.333195,-0.942497]],[[-0.26892,-0.910401,0.314406],[0.637205,0.0766179,0.766876],[0.722255,-0.40657,-0.559508]]],2],[793,[-0.0108539,0.43332,0.901175],79,62.4278,[-59.2028,80.8317,28.9773],[-56.9211,86.7903,31.8799],[4.39928,-5.06759,-9.4314],false,[-138.529,101.692,-17.1117],[-83.9992,75.2126,-20.1424],[-46.5816,66.5695,-0.156662],[-46.8729,78.2006,24.0325],[-59.0318,88.2914,32.869],[[[-0.384089,-0.835874,0.392162],[-0.212823,-0.333152,-0.91854],[-0.898433,0.436263,0.0499334]],[[-0.401065,-0.827447,0.393038],[0.30352,-0.524855,-0.795237],[-0.864305,0.199647,-0.461648]],[[-0.401065,-0.827447,0.393038],[0.915985,-0.357163,0.18277],[0.0108539,-0.43332,-0.901175]],[[-0.401065,-0.827447,0.393038],[0.622956,0.0682099,0.779277],[0.671619,-0.557386,-0.488106]]],3],[794,[0.0559597,0.586384,0.808098],79,48.9422,[-74.1609,68.8859,18.4445],[-73.3317,74.0245,25.0788],[4.3162,-9.55365,-6.01111],false,[-142.255,92.3725,-7.65383],[-95.9064,60.8064,-11.1354],[-66.1565,53.1225,4.02141],[-65.096,64.2353,19.336],[-75.3666,75.7908,25.6548],[[[-0.445012,-0.71315,0.541648],[-0.348505,-0.419245,-0.838318],[-0.824929,0.561829,0.0619675]],[[-0.458259,-0.703995,0.542577],[0.189756,-0.673864,-0.714073],[-0.868327,0.224273,-0.442391]],[[-0.458259,-0.703995,0.542577],[0.887055,-0.400681,0.22932],[-0.0559597,-0.586384,-0.808098]],[[-0.458259,-0.703995,0.542577],[0.641745,0.160282,0.749982],[0.614949,-0.691882,-0.378334]]],4],[800,[-0.276981,-0.35828,-0.891581],80,52.1164,[-26.2353,92.4941,48.7318],[-21.5182,90.6734,46.0756],[124.046,-47.0079,-38.594],false,[2.08802,124.896,129.962],[2.08802,124.896,129.962],[-20.9205,114.724,86.8475],[-30.3643,102.508,56.4485],[-18.655,86.1909,44.4332],[[[0.720543,0.66909,-0.182034],[-0.526029,0.698484,0.485195],[0.451787,-0.253849,0.855248]],[[0.532217,0.715345,-0.452799],[-0.710133,0.668396,0.221265],[0.46093,0.203787,0.863721]],[[0.532217,0.715345,-0.452799],[-0.800017,0.599931,0.00745453],[0.276981,0.35828,0.891581]],[[0.532217,0.715345,-0.452799],[-0.682951,0.0466913,-0.72897],[-0.500323,0.69721,0.513395]]],0],[801,[-0.181863,-0.103778,-0.977832],80,58.8075,[-19.4479,139.539,-28.6496],[-15.5846,138.756,-29.6297],[188.685,-36.7443,-49.4674],false,[16.7839,140.375,119.65],[-3.15142,141.561,48.8432],[-8.04657,144.285,6.24761],[-12.4423,141.776,-17.387],[-16.435,137.678,-33.486],[[[0.887314,-0.383424,-0.256241],[0.373158,0.923432,-0.0895923],[0.270973,-0.0161219,0.962452]],[[0.914911,-0.382288,-0.129588],[0.38724,0.921866,0.014446],[0.11394,-0.0633985,0.991463]],[[0.914911,-0.382288,-0.129588],[0.360365,0.918197,-0.164472],[0.181863,0.103778,0.977832]],[[0.914911,-0.382288,-0.129588],[0.32913,0.892366,-0.308798],[0.23369,0.239871,0.942258]]],1],[802,[-0.508005,-0.82738,0.239527],80,67.0064,[-31.4795,63.78,46.577],[-27.4175,62.346,43.3502],[127.919,-45.1833,-51.0702],false,[28.0678,137.286,115.81],[17.7767,134.648,46.8553],[-6.75159,96.3384,30.9168],[-21.1974,72.8107,37.728],[-29.4997,58.9501,47.3247],[[[0.839063,-0.533844,-0.104801],[0.523656,0.844737,-0.110471],[0.147504,0.0378122,0.988338]],[[0.847661,-0.529597,-0.0315708],[0.150032,0.296365,-0.943217],[0.508882,0.794792,0.330673]],[[0.847661,-0.529597,-0.0315708],[-0.152974,-0.187,-0.970376],[0.508005,0.82738,-0.239527]],[[0.847661,-0.529597,-0.0315708],[-0.29374,-0.418934,-0.859192],[0.4418,0.737578,-0.510678]]],2],[803,[-0.588211,-0.796296,0.14114],80,64.4285,[-10.7959,59.7567,42.983],[-7.6543,58.9405,40.9215],[126.474,-42.8879,-12.3283],false,[38.6756,131.489,113.618],[38.0648,125.269,51.2909],[16.2816,90.9956,32.6598],[-0.0130164,68.9366,36.5697],[-10.5611,55.7544,44.5735],[[[0.809745,-0.584612,0.0504112],[0.5867,0.805213,-0.0861137],[0.00975139,0.0993064,0.995009]],[[0.808637,-0.576826,0.115662],[0.329255,0.280806,-0.90152],[0.487542,0.767085,0.416993]],[[0.808637,-0.576826,0.115662],[0.0106878,-0.182165,-0.98321],[0.588211,0.796296,-0.14114]],[[0.808637,-0.576826,0.115662],[-0.165496,-0.411698,-0.896167],[0.56455,0.705533,-0.428377]]],3],[804,[-0.71317,-0.700579,0.0240431],80,50.5107,[10.744,66.4564,44.7927],[14.6636,65.3079,43.2071],[122.461,-37.6635,-7.41591],false,[46.5778,119.682,114.464],[54.3819,112.83,57.416],[37.6525,86.9167,40.1275],[23.7037,73.2143,40.5978],[10.7861,63.0808,45.8471],[[[0.697286,-0.694143,0.178765],[0.704044,0.710071,0.0110227],[-0.134587,0.118172,0.98383]],[[0.662075,-0.661912,0.351468],[0.581213,0.157426,-0.798379],[0.473126,0.732864,0.48894]],[[0.662075,-0.661912,0.351468],[0.230317,-0.266575,-0.935891],[0.71317,0.700579,-0.0240431]],[[0.662075,-0.661912,0.351468],[0.00504926,-0.465025,-0.885283],[0.749421,0.587898,-0.304539]]],4]],[[0,200,0],[235.247,235.247,147.751]]],[124005,4689352147,[[79,"left",[0.912814,-0.31741,-0.256946],[0.303253,0.105448,0.947058],[-94.9325,96.8401,-14.0456],[-25.3085,-49.7635,31.7869],[-97.0151,100.773,-16.0152],1,0,0.205644,[[-0.482235,-0.851299,0.206734],[-0.136502,-0.160086,-0.977619],[-0.865342,0.499662,0.0390048]],61.7413,[-372.37,236.765,7.06052],[-145.983,106.046,-3.14374]],[80,"right",[-0.0321651,0.0955545,-0.994904],[-0.397974,-0.91433,-0.0749494],[22.9487,126.548,70.5019],[101.941,-33.845,-25.0174],[16.473,130.874,73.3047],0.884632,0,0.55867,[[0.735339,-0.242034,-0.633005],[0.398957,0.909648,0.115644],[0.547822,-0.337579,0.765461]],63.72,[181.306,31.1916,330.711],[33.3937,122.338,124.036]]],[[790,[0.791327,-0.46828,0.393084],79,50.498,[-65.098,100.346,28.5463],[-65.078,104.557,31.6896],[13.2236,-24.8414,1.2896],false,[-138.281,134.234,2.30117],[-138.281,134.234,2.30117],[-90.7049,135.614,10.903],[-64.562,120.143,23.8893],[-65.4698,99.8784,34.0255],[[[-0.203178,-0.535475,-0.819747],[-0.271737,0.83516,-0.478191],[-0.940679,-0.125598,0.315195]],[[0.171702,-0.446842,-0.877981],[0.0544159,0.894158,-0.444433],[-0.983645,-0.028534,-0.177844]],[[0.171702,-0.446842,-0.877981],[0.586787,0.762264,-0.273194],[-0.791327,0.46828,-0.393084]],[[0.171702,-0.446842,-0.877981],[0.984335,0.0415992,0.17133],[0.0400341,0.893645,-0.446985]]],0],[791,[0.939624,0.0564979,0.337513],79,56.9814,[3.11496,116.885,-14.2441],[7.57551,115.477,-6.65162],[-33.1532,28.4385,-58.7134],false,[-136.7,121.58,-16.8016],[-66.8194,111.791,-26.9222],[-25.7977,113.261,-19.996],[-3.79184,114.584,-12.0915],[10.9173,115.753,-4.58514],[[[-0.116365,-0.982322,0.146635],[-0.1596,-0.127225,-0.978949],[-0.980299,0.137319,0.141974]],[[0.0141662,-0.991854,0.126593],[0.169496,-0.122391,-0.977902],[-0.985429,-0.0353101,-0.166382]],[[0.0141662,-0.991854,0.126593],[0.341916,-0.114168,-0.93277],[-0.939624,-0.0564979,-0.337513]],[[0.0141662,-0.991854,0.126593],[0.45866,-0.106054,-0.882261],[-0.888499,-0.0705613,-0.453421]]],1],[792,[0.006722,0.337723,0.941222],79,64.9257,[-46.9644,97.4947,30.4401],[-40.8726,102.392,27.8317],[25.0969,-10.7175,-35.7148],false,[-137.777,109.698,-16.7666],[-73.1927,91.4256,-24.8238],[-30.0693,86.9666,-7.45361],[-29.8841,96.272,18.4802],[-42.7935,103.346,29.197],[[[-0.218813,-0.91856,0.329192],[-0.198459,-0.288421,-0.936711],[-0.955372,0.270296,0.119186]],[[-0.227757,-0.915987,0.330295],[0.309143,-0.389683,-0.867512],[-0.92334,0.0954739,-0.371924]],[[-0.227757,-0.915987,0.330295],[0.973695,-0.21659,0.0707615],[-0.006722,-0.337723,-0.941222]],[[-0.227757,-0.915987,0.330295],[0.667439,0.100123,0.737903],[0.708979,-0.388514,-0.588562]]],2],[793,[0.0224159,0.436057,0.89964],79,62.4278,[-59.0929,80.9333,29.0037],[-55.4142,85.8175,31.1568],[37.3006,-25.188,-22.0635],false,[-139.783,98.351,-13.7792],[-84.6901,73.453,-19.1412],[-46.0264,65.7474,-1.25389],[-45.4247,77.4519,22.894],[-57.4924,87.2301,32.1949],[[[-0.341431,-0.844399,0.412814],[-0.243939,-0.344548,-0.906521],[-0.907699,0.410216,0.0883425]],[[-0.358438,-0.836537,0.414402],[0.271877,-0.518195,-0.810899],[-0.893087,0.177991,-0.413176]],[[-0.358438,-0.836537,0.414402],[0.933284,-0.331754,0.137548],[-0.0224159,-0.436057,-0.89964]],[[-0.358438,-0.836537,0.414402],[0.6536,0.0920832,0.751218],[0.66658,-0.540118,-0.513754]]],3],[794,[0.0725012,0.593258,0.801741],79,48.9422,[-74.0675,69.0001,18.677],[-72.0066,72.6963,25.3487],[31.0645,-34.197,3.35058],false,[-142.805,88.9828,-4.12137],[-95.7537,58.759,-9.54264],[-65.1032,51.9282,4.15834],[-63.7292,63.1713,19.3525],[-74.1471,74.4238,25.9699],[[[-0.399162,-0.722631,0.564335],[-0.373303,-0.434084,-0.819888],[-0.837445,0.537936,0.0964904]],[[-0.412071,-0.714222,0.56576],[0.172818,-0.670922,-0.721108],[-0.894612,0.199374,-0.399898]],[[-0.412071,-0.714222,0.56576],[0.908263,-0.371393,0.192682],[-0.0725013,-0.593258,-0.801741]],[[-0.412071,-0.714222,0.56576],[0.664161,0.189635,0.723138],[0.623769,-0.67374,-0.396215]]],4],[800,[-0.242833,-0.358207,-0.90151],80,52.1164,[-22.5822,90.9721,47.2582],[-17.6558,89.5874,44.0568],[139.616,-44.2597,-61.9277],false,[3.06849,123.355,128.554],[3.06849,123.355,128.554],[-18.855,113.468,84.812],[-27.1345,101.254,54.0745],[-14.6376,85.1574,42.5661],[[[0.718613,0.67809,-0.154238],[-0.547329,0.688324,0.476068],[0.428983,-0.257689,0.865777]],[[0.535816,0.72517,-0.432468],[-0.721118,0.659465,0.212357],[0.439193,0.198076,0.876285]],[[0.535816,0.72517,-0.432468],[-0.808661,0.588061,-0.0158381],[0.242833,0.358207,0.90151]],[[0.535816,0.72517,-0.432468],[-0.654045,0.0325547,-0.755755],[-0.533972,0.6878,0.491737]]],0],[801,[-0.149909,-0.0951547,-0.98411],80,58.8075,[-12.9663,138.826,-30.5935],[-9.94777,138.604,-31.3775],[208.954,-18.0495,-60.8692],false,[17.9006,139.082,118.83],[0.0505497,140.764,47.4783],[-3.56131,143.814,4.77678],[-7.18466,141.515,-19.0096],[-10.6167,137.574,-35.2763],[[[0.898417,-0.371904,-0.233527],[0.366032,0.927989,-0.0696895],[0.242628,-0.0228679,0.96985]],[[0.922445,-0.371698,-0.104575],[0.376866,0.925635,0.0342438],[0.0840703,-0.0709989,0.993927]],[[0.922445,-0.371698,-0.104575],[0.355841,0.923464,-0.143496],[0.149909,0.0951547,0.98411]],[[0.922445,-0.371698,-0.104575],[0.329764,0.899244,-0.287429],[0.200876,0.230652,0.952076]]],1],[802,[-0.50611,-0.83466,0.217246],80,67.0064,[-27.9172,62.6088,44.6966],[-23.2288,61.3576,40.6164],[148.414,-41.5499,-85.6153],false,[29.3242,136.145,115.295],[21.0988,134.083,46.0445],[-2.5597,95.6784,29.0543],[-16.9516,71.9437,35.232],[-25.384,57.9108,44.4577],[[[0.847285,-0.524289,-0.0850244],[0.517888,0.851027,-0.0868569],[0.117896,0.0295595,0.992586]],[[0.853664,-0.520692,-0.0117524],[0.174175,0.306677,-0.935741],[0.490837,0.796761,0.352491]],[[0.853664,-0.520692,-0.0117524],[-0.122927,-0.179507,-0.976046],[0.50611,0.83466,-0.217246]],[[0.853664,-0.520692,-0.0117524],[-0.264404,-0.413822,-0.871115],[0.448719,0.746747,-0.490938]]],2],[803,[-0.584273,-0.800991,0.130532],80,64.4285,[-6.89326,58.7217,42.1524],[-3.58134,58.1537,39.659],[144.734,-35.9452,-32.3346],false,[40.0517,130.478,113.363],[41.3436,124.866,50.9886],[20.2257,90.3971,31.9563],[4.04018,68.2081,35.5723],[-6.55978,54.9336,43.3518],[[[0.813932,-0.576876,0.0687607],[0.580594,0.811903,-0.0610239],[-0.0206238,0.0895913,0.995765]],[[0.810939,-0.569952,0.132412],[0.344934,0.282854,-0.894994],[0.47265,0.771459,0.425973]],[[0.810939,-0.569952,0.132412],[0.0316636,-0.183218,-0.982562],[0.584273,0.800991,-0.130532]],[[0.810939,-0.569952,0.132412],[-0.143237,-0.412773,-0.899501],[0.567328,0.710474,-0.416372]]],3],[804,[-0.709976,-0.704152,0.0102046],80,50.5107,[14.3961,65.6245,44.2872],[18.4376,64.8321,42.3617],[135.789,-26.4651,-21.144],false,[48.0477,118.743,114.329],[57.6012,112.533,57.4747],[41.3202,86.5707,39.8346],[27.4339,72.7983,40.0342],[14.477,62.5762,45.0073],[[[0.69888,-0.688797,0.192679],[0.696004,0.716998,0.0386287],[-0.164758,0.107108,0.980501]],[[0.659048,-0.659253,0.361995],[0.594681,0.16211,-0.787448],[0.460445,0.734238,0.498884]],[[0.659048,-0.659253,0.361995],[0.248172,-0.263733,-0.932124],[0.709976,0.704152,-0.0102046]],[[0.659048,-0.659253,0.361995],[0.0244719,-0.46226,-0.886407],[0.751702,0.593043,-0.288519]]],4]],[[0,200,0],[235.247,235.247,147.751]]],[124006,4689360805,[[79,"left",[0.913501,-0.29687,-0.27818],[0.315144,0.083919,0.945326],[-94.4882,95.8452,-13.6651],[-4.95028,-67.0714,35.0176],[-96.9722,100.689,-15.9753],1,0,0.207749,[[-0.490694,-0.8515,0.184842],[-0.122482,-0.142625,-0.982169],[-0.86268,0.504585,0.0343083]],61.7413,[-371.196,236.009,7.16598],[-145.505,104.001,-1.80962]],[80,"right",[-0.0217026,0.0987845,-0.994872],[-0.394174,-0.915345,-0.0822892],[24.0728,126.582,70.1893],[109.349,-23.8192,-27.9633],[17.3182,130.397,72.9582],0.886691,0,0.446012,[[0.738704,-0.237542,-0.630786],[0.394707,0.911048,0.119152],[0.546373,-0.336994,0.766754]],63.72,[181.472,31.2373,330.843],[33.9511,122.226,123.82]]],[[790,[0.803102,-0.467722,0.369138],79,50.498,[-65.0837,100.389,28.6069],[-64.1262,102.716,31.852],[38.6502,-75.3448,6.05928],false,[-138.129,132.139,4.30336],[-138.129,132.139,4.30336],[-90.4594,133.952,12.2882],[-63.9274,118.5,24.4834],[-64.4346,97.9526,34.0644],[[[-0.207154,-0.515758,-0.831313],[-0.290375,0.843867,-0.451189],[-0.934221,-0.147927,0.324574]],[[0.165432,-0.420135,-0.892255],[0.0359228,0.906688,-0.42027],[-0.985567,-0.0374739,-0.165088]],[[0.165432,-0.420135,-0.892255],[0.572415,0.777639,-0.260035],[-0.803102,0.467722,-0.369138]],[[0.165432,-0.420135,-0.892255],[0.985968,0.0499418,0.159291],[0.022363,0.906086,-0.422501]]],0],[791,[0.942969,0.0613002,0.327187],79,56.9814,[3.11719,116.885,-14.2406],[7.82005,115.786,-7.10683],[-16.9552,30.3595,-56.3235],false,[-136.639,120.038,-15.1609],[-66.7767,111.553,-26.5117],[-25.6941,113.447,-20.066],[-3.60993,114.882,-12.4033],[11.1757,116.065,-5.05104],[[[-0.100263,-0.987565,0.121093],[-0.171664,-0.102711,-0.979787],[-0.98004,0.119024,0.159231]],[[0.0303237,-0.99463,0.0989546],[0.15851,-0.0929621,-0.982971],[-0.986892,-0.0454926,-0.15484]],[[0.0303237,-0.99463,0.0989546],[0.331496,-0.0833896,-0.939764],[-0.942969,-0.0613002,-0.327187]],[[0.0303237,-0.99463,0.0989546],[0.448793,-0.0749113,-0.89049],[-0.893121,-0.0714131,-0.444111]]],1],[792,[0.0164355,0.311662,0.950051],79,64.9257,[-46.8978,97.5182,30.4069],[-39.8532,100.995,27.5139],[49.193,-49.1622,-36.7167],false,[-137.546,108.144,-15.4387],[-72.8287,91.0464,-24.8877],[-29.3769,86.7128,-8.32312],[-28.924,95.3001,17.854],[-41.7783,101.889,28.9401],[[[-0.201005,-0.930328,0.306736],[-0.207618,-0.265554,-0.941475],[-0.957336,0.252925,0.139775]],[[-0.209971,-0.927916,0.308033],[0.300526,-0.361057,-0.882792],[-0.930374,0.0927886,-0.354674]],[[-0.209971,-0.927916,0.308033],[0.97757,-0.204546,0.0501891],[-0.0164355,-0.311662,-0.950051]],[[-0.209971,-0.927916,0.308033],[0.67642,0.0896172,0.731043],[0.705952,-0.361858,-0.608844]]],2],[793,[0.032062,0.410508,0.911293],79,62.4278,[-59.0249,80.9603,29.0075],[-54.0496,84.0242,30.4649],[69.699,-72.6426,-38.6879],false,[-139.347,96.6919,-12.7378],[-83.9871,72.7587,-19.5444],[-44.8989,65.0044,-2.62706],[-44.0383,76.0231,21.8337],[-56.1159,85.3653,31.56],[[[-0.323467,-0.860284,0.394056],[-0.25186,-0.323145,-0.912219],[-0.912105,0.39432,0.112144]],[[-0.34059,-0.852704,0.396098],[0.262265,-0.490727,-0.830906],[-0.902893,0.179116,-0.390771]],[[-0.34059,-0.852704,0.396098],[0.939665,-0.323077,0.112475],[-0.032062,-0.410508,-0.911293]],[[-0.34059,-0.852704,0.396098],[0.662519,0.0812671,0.744624],[0.667133,-0.516034,-0.537254]]],3],[794,[0.075723,0.571879,0.816836],79,48.9422,[-73.9997,69.02,18.7701],[-70.6515,70.9007,24.6397],[64.1973,-79.2065,-20.1431],false,[-142.098,87.0196,-3.30105],[-94.7027,57.6473,-10.2027],[-63.7468,50.8391,2.80543],[-62.3117,61.6771,18.2857],[-72.8189,72.5807,25.3319],[[[-0.380768,-0.743566,0.549659],[-0.378691,-0.416902,-0.826309],[-0.843569,0.522783,0.122839]],[[-0.393502,-0.735562,0.551456],[0.169694,-0.647659,-0.742794],[-0.903526,0.198712,-0.379676]],[[-0.393502,-0.735562,0.551456],[0.9162,-0.363185,0.169337],[-0.075723,-0.571879,-0.816836]],[[-0.393502,-0.735562,0.551456],[0.67035,0.180914,0.719654],[0.629116,-0.652854,-0.421894]]],4],[800,[-0.229064,-0.360869,-0.904048],80,52.1164,[-21.445,90.5847,46.8171],[-16.1007,89.4651,43.4884],[149.869,-36.8132,-61.4399],false,[3.5757,123.131,128.012],[3.5757,123.131,128.012],[-18.0861,113.365,84.1123],[-25.8962,101.061,53.2882],[-13.0037,85.0327,42.1253],[[[0.718039,0.680903,-0.144193],[-0.554679,0.684967,0.472389],[0.420418,-0.259213,0.869515]],[[0.536163,0.728383,-0.4266],[-0.724027,0.656646,0.21119],[0.433952,0.195638,0.879438]],[[0.536163,0.728383,-0.4266],[-0.812441,0.582435,-0.0266385],[0.229064,0.360869,0.904048]],[[0.536163,0.728383,-0.4266],[-0.639581,0.0207324,-0.768444],[-0.550878,0.684856,0.476976]]],0],[801,[-0.138156,-0.092794,-0.986054],80,58.8075,[-11.1726,138.782,-31.1174],[-7.72125,138.835,-32.0099],[222.354,-6.71068,-64.0683],false,[18.4612,138.937,118.501],[1.3792,140.802,46.9662],[-1.75791,143.936,4.23325],[-5.09718,141.693,-19.6001],[-8.32363,137.797,-35.9198],[[[0.902093,-0.368239,-0.22501],[0.363755,0.929386,-0.0626413],[0.232188,-0.0253402,0.972341]],[[0.924823,-0.368366,-0.0949109],[0.373323,0.926814,0.0405709],[0.0730198,-0.0729533,0.994659]],[[0.924823,-0.368366,-0.0949109],[0.354422,0.925038,-0.13671],[0.138156,0.092794,0.986054]],[[0.924823,-0.368366,-0.0949109],[0.330214,0.901289,-0.280421],[0.18884,0.227999,0.955173]]],1],[802,[-0.505674,-0.836946,0.209323],80,67.0064,[-26.8292,62.3436,44.0983],[-21.5719,61.34,39.6361],[159.382,-31.138,-93.6235],false,[29.9318,136.049,115.081],[22.4633,134.192,45.7384],[-0.88989,95.7658,28.3799],[-15.2694,71.9661,34.3323],[-23.7534,57.8775,43.4248],[[[0.849851,-0.521283,-0.0775764],[0.516037,0.852969,-0.0784173],[0.107048,0.0266107,0.993898]],[[0.85542,-0.517918,-0.00432563],[0.18307,0.310159,-0.932892],[0.484503,0.797222,0.360131]],[[0.85542,-0.517918,-0.00432563],[-0.112032,-0.176872,-0.977837],[0.505674,0.836946,-0.209323]],[[0.85542,-0.517918,-0.00432563],[-0.253836,-0.41194,-0.875141],[0.451469,0.749711,-0.483848]]],2],[803,[-0.583212,-0.802509,0.125872],80,64.4285,[-5.75368,58.5399,41.8695],[-1.97905,58.1936,39.1765],[155.132,-25.205,-38.8775],false,[40.6979,130.422,113.246],[42.6831,125.024,50.871],[21.8104,90.5024,31.6646],[5.65422,68.2713,35.1515],[-4.9744,54.965,42.837],[[[0.815005,-0.574492,0.075663],[0.578586,0.81396,-0.0520362],[-0.0316922,0.0861873,0.995775]],[[0.811335,-0.56784,0.138899],[0.351416,0.283879,-0.892143],[0.467165,0.772638,0.429869]],[[0.811335,-0.56784,0.138899],[0.0399927,-0.183132,-0.982275],[0.583212,0.802509,-0.125872]],[[0.811335,-0.56784,0.138899],[-0.134654,-0.412748,-0.900837],[0.568862,0.712177,-0.411338]]],3],[804,[-0.710401,-0.703724,0.0101553],80,50.5107,[15.4394,65.4999,44.1879],[19.8057,65.0036,42.3028],[140.231,-14.0998,-15.3176],false,[48.7209,118.711,114.26],[58.9094,112.721,57.492],[42.6618,86.7302,39.8639],[28.7673,72.9662,40.0625],[15.7935,62.7518,45.0077],[[[0.698982,-0.687195,0.197955],[0.693217,0.719092,0.0485458],[-0.175709,0.103293,0.979008]],[[0.657826,-0.658799,0.365033],[0.596762,0.160222,-0.78626],[0.459501,0.735059,0.498544]],[[0.657826,-0.658799,0.365033],[0.250192,-0.266,-0.930939],[0.710401,0.703724,-0.0101553]],[[0.657826,-0.658799,0.365033],[0.0273072,-0.463481,-0.885686],[0.752675,0.592595,-0.2869]]],4]],[[0,200,0],[235.247,235.247,147.751]]],[124007,4689369466,[[79,"left",[0.914218,-0.284975,-0.288087],[0.318709,0.0666043,0.945509],[-94.4341,95.6498,-13.47],[-1.97462,-55.2435,31.699],[-96.9285,100.602,-15.9322],1,0,0.215287,[[-0.49493,-0.852906,0.166119],[-0.111704,-0.127138,-0.985575],[-0.861723,0.506347,0.032349]],61.7413,[-370.892,235.687,7.22947],[-145.451,103.219,-1.23354]],[80,"right",[-0.00843441,0.102944,-0.994651],[-0.392254,-0.915304,-0.0914054],[26.2369,126.539,69.8264],[146.693,-18.7934,-31.667],[18.4035,129.927,72.5771],0.889958,0,0.391013,[[0.743694,-0.236036,-0.625465],[0.392326,0.911639,0.122454],[0.541294,-0.336455,0.770583]],63.72,[181.548,31.1232,331.623],[35.3984,121.966,123.566]]],[[790,[0.807657,-0.470035,0.356031],79,50.498,[-65.0617,100.42,28.6861],[-63.9325,101.771,32.0504],[34.325,-84.6576,10.54],false,[-138.235,131.274,5.42528],[-138.235,131.274,5.42528],[-90.5433,133.223,13.2458],[-63.8609,117.694,25.0079],[-64.2028,96.9515,34.1655],[[[-0.207372,-0.49996,-0.840855],[-0.297912,0.850988,-0.432514],[-0.931797,-0.160809,0.325415]],[[0.164181,-0.400659,-0.901397],[0.0284721,0.915342,-0.401671],[-0.986019,-0.040282,-0.161689]],[[0.164181,-0.400659,-0.901397],[0.566335,0.786473,-0.246424],[-0.807657,0.470035,-0.356031]],[[0.164181,-0.400659,-0.901397],[0.986315,0.0527122,0.156218],[0.0150755,0.91471,-0.40383]]],0],[791,[0.943853,0.0610198,0.32468],79,56.9814,[3.11997,116.884,-14.2359],[7.7621,116.143,-6.90676],[-14.2258,33.1574,-35.1427],false,[-136.75,119.585,-14.2898],[-66.8834,111.803,-26.1081],[-25.7904,113.846,-19.7753],[-3.68548,115.275,-12.1714],[11.1231,116.407,-4.85739],[[[-0.0932067,-0.990491,0.101191],[-0.17526,-0.0837244,-0.980956],[-0.9801,0.109166,0.16579]],[[0.0374587,-0.996223,0.078335],[0.155397,-0.0716292,-0.985252],[-0.987142,-0.0490793,-0.152127]],[[0.0374587,-0.996223,0.078335],[0.328234,-0.0617746,-0.942574],[-0.943853,-0.0610198,-0.32468]],[[0.0374587,-0.996223,0.078335],[0.445485,-0.0535219,-0.893688],[-0.894506,-0.0683735,-0.441797]]],1],[792,[0.0213771,0.291612,0.956298],79,64.9257,[-46.813,97.5395,30.3649],[-39.488,100.215,27.3581],[46.7056,-58.8449,-31.9571],false,[-137.58,107.694,-14.8081],[-72.7926,91.2274,-24.8804],[-29.1714,86.7669,-8.80182],[-28.5824,94.8018,17.5474],[-41.4323,101.075,28.8201],[[[-0.193513,-0.937753,0.288396],[-0.20997,-0.247556,-0.945848],[-0.958366,0.243588,0.148995]],[[-0.202462,-0.935435,0.289776],[0.294365,-0.340352,-0.893034],[-0.934001,0.0955058,-0.344268]],[[-0.202462,-0.935435,0.289776],[0.979057,-0.199809,0.0390436],[-0.0213771,-0.291612,-0.956298]],[[-0.202462,-0.935435,0.289776],[0.678955,0.0791554,0.729901],[0.705712,-0.344522,-0.619092]]],2],[793,[0.0376708,0.390457,0.91985],79,62.4278,[-58.9265,80.98,29.0038],[-53.533,82.9872,29.9301],[67.3899,-84.397,-45.2795],false,[-139.293,96.1769,-12.3356],[-83.8065,72.7596,-19.867],[-44.5008,64.7482,-3.58536],[-43.4896,75.2287,21.105],[-55.5936,84.288,31.0635],[[[-0.316052,-0.870338,0.377654],[-0.253703,-0.306031,-0.917595],[-0.914191,0.38582,0.124085]],[[-0.333258,-0.862898,0.37993],[0.254216,-0.470278,-0.845111],[-0.907917,0.185055,-0.376086]],[[-0.333258,-0.862898,0.37993],[0.942083,-0.320859,0.0976167],[-0.0376708,-0.390457,-0.91985]],[[-0.333258,-0.862898,0.37993],[0.664779,0.0706992,0.743687],[0.668587,-0.500409,-0.550075]]],3],[794,[0.075764,0.555218,0.828247],79,48.9422,[-73.9056,69.024,18.8732],[-70.2507,69.9833,24.0759],[59.1063,-85.2671,-32.4478],false,[-141.939,86.2948,-3.08813],[-94.3811,57.3882,-10.7926],[-63.2961,50.4508,1.83383],[-61.8603,60.9729,17.5303],[-72.4471,71.6436,24.8102],[[[-0.373443,-0.757225,0.535865],[-0.379535,-0.402378,-0.833094],[-0.846459,0.514492,0.137128]],[[-0.385755,-0.749637,0.537808],[0.167368,-0.630114,-0.758251],[-0.907293,0.202487,-0.368535]],[[-0.385755,-0.749637,0.537808],[0.919485,-0.360247,0.157383],[-0.075764,-0.555218,-0.828247]],[[-0.385755,-0.749637,0.537808],[0.670361,0.172765,0.721643],[0.633885,-0.638903,-0.435882]]],4],[800,[-0.209922,-0.367132,-0.906171],80,52.1164,[-19.8958,90.1861,46.3553],[-13.4208,89.2565,43.0908],[193.252,-34.4367,-54.8159],false,[4.96868,122.829,127.354],[4.96868,122.829,127.354],[-16.5231,113.298,83.3191],[-23.6806,100.781,52.4227],[-10.1436,84.8029,41.9731],[[[0.719329,0.682073,-0.131689],[-0.561551,0.682536,0.467766],[0.408933,-0.262528,0.873987]],[[0.537752,0.73069,-0.420611],[-0.724881,0.655467,0.211922],[0.430546,0.190932,0.882142]],[[0.537752,0.73069,-0.420611],[-0.816551,0.575591,-0.0440384],[0.209922,0.367132,0.906171]],[[0.537752,0.73069,-0.420611],[-0.613401,-0.00318407,-0.789765],[-0.578413,0.682701,0.446494]]],0],[801,[-0.12338,-0.0915867,-0.988124],80,58.8075,[-8.51824,138.785,-31.775],[-4.11958,139.019,-32.7555],[274.63,-1.90839,-69.7463],false,[19.967,138.687,118.11],[3.84489,140.838,46.3605],[1.31857,143.976,3.58738],[-1.66357,141.762,-20.296],[-4.63565,137.904,-36.6729],[[[0.905344,-0.366573,-0.214421],[0.363772,0.92993,-0.0538603],[0.21914,-0.0292383,0.975255]],[[0.926558,-0.367182,-0.0816593],[0.371528,0.927278,0.0460741],[0.0588033,-0.073029,0.995595]],[[0.926558,-0.367182,-0.0816593],[0.355343,0.925629,-0.130163],[0.12338,0.0915867,0.988124]],[[0.926558,-0.367182,-0.0816593],[0.333514,0.902329,-0.273076],[0.173952,0.225786,0.95852]]],1],[802,[-0.507644,-0.838124,0.199616],80,67.0064,[-25.4188,62.1249,43.3658],[-18.948,61.3822,38.4745],[197.051,-21.5854,-105.577],false,[31.485,135.822,114.832],[24.9492,134.251,45.3882],[1.85542,95.8727,27.5822],[-12.5801,72.0394,33.2586],[-21.1697,57.9097,42.1866],[[[0.851259,-0.520276,-0.0683447],[0.516317,0.853701,-0.0679107],[0.0936783,0.0225221,0.995348]],[[0.855836,-0.517225,0.00481618],[0.194906,0.313852,-0.929252],[0.47912,0.796226,0.369416]],[[0.855836,-0.517225,0.00481618],[-0.0992096,-0.173283,-0.979862],[0.507644,0.838124,-0.199616]],[[0.855836,-0.517225,0.00481618],[-0.24211,-0.408806,-0.879921],[0.457086,0.751902,-0.475096]]],2],[803,[-0.584593,-0.801686,0.124705],80,64.4285,[-4.19104,58.4114,41.5876],[0.484816,58.2387,38.9347],[188.934,-17.0201,-35.3794],false,[42.2794,130.212,113.118],[45.1061,125.077,50.7533],[24.3423,90.5103,31.5108],[8.14787,68.302,34.9654],[-2.54369,55.0188,42.6033],[[[0.814406,-0.574157,0.084189],[0.578539,0.814631,-0.040856],[-0.0451252,0.08198,0.995612]],[[0.810002,-0.567921,0.146158],[0.357666,0.280925,-0.890593],[0.464727,0.773658,0.430676]],[[0.810002,-0.567921,0.146158],[0.0463499,-0.186454,-0.98137],[0.584593,0.801686,-0.124705]],[[0.810002,-0.567921,0.146158],[-0.128254,-0.414761,-0.900847],[0.57223,0.710942,-0.408795]]],3],[804,[-0.713346,-0.70073,0.0107076],80,50.5107,[16.8234,65.438,44.1271],[22.012,65.1525,42.3478],[169.972,-5.69119,-8.95271],false,[50.2981,118.503,114.191],[61.2526,112.76,57.5399],[44.9442,86.7816,39.9491],[30.992,73.0762,40.1585],[17.9651,62.9162,45.0761],[[[0.696848,-0.687465,0.20444],[0.691891,0.719432,0.0608574],[-0.188918,0.0990418,0.976986]],[[0.654209,-0.660354,0.368704],[0.599404,0.155408,-0.785215],[0.46122,0.734698,0.497488]],[[0.654209,-0.660354,0.368704],[0.251291,-0.270019,-0.929485],[0.713346,0.70073,-0.0107076]],[[0.654209,-0.660354,0.368704],[0.028931,-0.465295,-0.884683],[0.75576,0.589435,-0.285296]]],4]],[[0,200,0],[235.247,235.247,147.751]]],[124008,4689378180,[[79,"left",[0.912956,-0.274267,-0.30214],[0.327169,0.0494772,0.94367],[-94.7119,95.5543,-13.2471],[-9.96287,-43.4107,30.0637],[-96.8917,100.518,-15.8876],0.999417,0,0.220756,[[-0.499201,-0.853636,0.148673],[-0.100669,-0.113282,-0.98845],[-0.860619,0.508402,0.0293837]],61.7413,[-370.803,235.61,7.29538],[-145.651,102.604,-0.391856]],[80,"right",[0.00262475,0.109069,-0.994031],[-0.379001,-0.919766,-0.101922],[28.9852,127.042,70.5764],[191.759,1.65857,-0.21434],[19.9339,129.51,72.2878],0.889787,0,0.403359,[[0.75603,-0.21888,-0.616855],[0.378632,0.914991,0.139391],[0.533907,-0.338944,0.774635]],63.72,[181.69,30.7372,333.549],[37.5347,122.252,124.398]]],[[790,[0.813366,-0.472721,0.339074],79,50.498,[-65.0323,100.432,28.7823],[-63.8242,100.923,32.1031],[28.5471,-88.2195,9.35824],false,[-138.518,130.56,6.75873],[-138.518,130.56,6.75873],[-90.7666,132.596,14.1775],[-63.8955,116.979,25.3794],[-64.0487,96.0563,34.1238],[[[-0.212613,-0.484226,-0.848717],[-0.306345,0.857818,-0.412676],[-0.927873,-0.172259,0.330724]],[[0.157764,-0.381772,-0.910692],[0.0202201,0.923297,-0.383553],[-0.98727,-0.0420967,-0.153383]],[[0.157764,-0.381772,-0.910692],[0.559952,0.79422,-0.235942],[-0.813366,0.472721,-0.339074]],[[0.157764,-0.381772,-0.910692],[0.987454,0.0546835,0.148138],[0.00675513,0.922637,-0.385609]]],0],[791,[0.946577,0.0596864,0.316905],79,56.9814,[3.12333,116.884,-14.2301],[7.43477,116.465,-7.21849],[-20.2983,34.029,-35.5397],false,[-137.157,119.274,-13.1986],[-67.3645,112.104,-25.814],[-26.2259,114.245,-19.8184],[-4.05718,115.643,-12.3966],[10.8159,116.71,-5.20465],[[[-0.0871196,-0.992796,0.0822571],[-0.183969,-0.0651173,-0.980773],[-0.979064,0.100577,0.176971]],[[0.0434479,-0.997367,0.0580693],[0.146633,-0.0511286,-0.987869],[-0.988236,-0.0514357,-0.144026]],[[0.0434479,-0.997367,0.0580693],[0.319536,-0.0411982,-0.946678],[-0.946577,-0.0596864,-0.316905]],[[0.0434479,-0.997367,0.0580693],[0.437022,-0.0332947,-0.898834],[-0.898401,-0.06443,-0.434425]]],1],[792,[0.0267752,0.273017,0.961637],79,64.9257,[-46.7153,97.5572,30.3128],[-39.417,99.5741,27.0593],[33.7216,-61.1046,-32.3002],false,[-137.93,107.391,-13.9465],[-73.1552,91.4764,-24.9427],[-29.3552,86.9241,-9.38412],[-28.6175,94.4466,17.1122],[-41.4433,100.419,28.5739],[[[-0.185946,-0.944335,0.271395],[-0.2175,-0.2298,-0.948623],[-0.958185,0.235421,0.162662]],[[-0.194853,-0.942104,0.272896],[0.287247,-0.320842,-0.902524],[-0.937828,0.0974709,-0.333134]],[[-0.194853,-0.942104,0.272896],[0.980467,-0.194685,0.0279731],[-0.0267752,-0.273017,-0.961637]],[[-0.194853,-0.942104,0.272896],[0.682545,0.0695707,0.727525],[0.704389,-0.328025,-0.629472]]],2],[793,[0.0476438,0.371118,0.927363],79,62.4278,[-58.7999,80.9869,28.9859],[-53.1839,82.0824,29.2536],[59.8388,-88.561,-54.1112],false,[-139.561,95.8178,-11.6886],[-84.0258,72.8535,-20.1974],[-44.4589,64.6002,-4.68768],[-43.18,74.5617,20.2044],[-55.2433,83.3557,30.446],[[[-0.307996,-0.87937,0.363108],[-0.260663,-0.289059,-0.92114],[-0.914983,0.378356,0.14019]],[[-0.32525,-0.872055,0.365695],[0.242704,-0.450751,-0.859022],[-0.913951,0.190641,-0.358258]],[[-0.32525,-0.872055,0.365695],[0.944427,-0.319048,0.0791582],[-0.0476438,-0.371118,-0.927363]],[[-0.32525,-0.872055,0.365695],[0.670973,0.0596775,0.739076],[0.666339,-0.485756,-0.565716]]],3],[794,[0.0804218,0.538841,0.83856],79,48.9422,[-73.7929,69.0084,18.9735],[-70.0398,69.2137,23.459],[49.2525,-84.8954,-42.85],false,[-142.069,85.7394,-2.61619],[-94.4354,57.2479,-11.3345],[-63.1777,50.1995,0.794185],[-61.6536,60.4113,16.6861],[-72.2574,70.8622,24.2545],[[[-0.364494,-0.769739,0.524067],[-0.3852,-0.387744,-0.837422],[-0.8478,0.507106,0.155173]],[[-0.37614,-0.762679,0.526155],[0.16175,-0.613186,-0.773201],[-0.912335,0.205726,-0.354007]],[[-0.37614,-0.762679,0.526155],[0.923066,-0.35773,0.141344],[-0.0804218,-0.538841,-0.83856]],[[-0.37614,-0.762679,0.526155],[0.67485,0.163606,0.719591],[0.634899,-0.625743,-0.453155]]],4],[800,[-0.192343,-0.369643,-0.909048],80,52.1164,[-17.6186,89.819,46.0453],[-9.92654,89.2956,43.6627],[246.259,-22.5318,-21.4518],false,[7.05139,122.693,127.808],[7.05139,122.693,127.808],[-14.2187,113.275,83.642],[-20.7767,100.672,52.6475],[-6.57845,84.9501,42.699],[[[0.711877,0.69224,-0.118469],[-0.57628,0.672179,0.464841],[0.401414,-0.262638,0.877433]],[[0.530221,0.740342,-0.41323],[-0.733008,0.645208,0.215421],[0.426104,0.18868,0.88478]],[[0.530221,0.740342,-0.41323],[-0.825754,0.561479,-0.0535931],[0.192343,0.369643,0.909048]],[[0.530221,0.740342,-0.41323],[-0.592297,-0.0253059,-0.805322],[-0.606671,0.671754,0.425084]]],0],[801,[-0.108654,-0.0932819,-0.989693],80,58.8075,[-4.87445,138.884,-32.0643],[-0.179243,139.404,-32.311],[322.531,5.50375,-37.1758],false,[21.9538,138.804,118.851],[6.70149,141.195,46.919],[4.70117,144.261,4.11291],[2.07496,142.007,-19.8084],[-0.615213,138.124,-36.2281],[[[0.912696,-0.353341,-0.20527],[0.352143,0.93493,-0.0435982],[0.207319,-0.0324927,0.977734]],[[0.932526,-0.354454,-0.0689694],[0.358088,0.932345,0.0500585],[0.0465598,-0.0713779,0.996362]],[[0.932526,-0.354454,-0.0689694],[0.344367,0.930409,-0.125501],[0.108654,0.0932819,0.989693]],[[0.932526,-0.354454,-0.0689694],[0.324967,0.907041,-0.26772],[0.157453,0.227243,0.961025]]],1],[802,[-0.499005,-0.845922,0.188174],80,67.0064,[-23.1877,61.9363,42.6132],[-14.9469,61.4954,38.285],[266.614,-12.6757,-83.857],false,[33.5486,136.111,115.7],[27.9012,134.89,46.1716],[5.53687,96.3252,27.8453],[-8.65305,72.2702,33.1963],[-17.1659,57.9739,41.9305],[[[0.85882,-0.508654,-0.0608276],[0.505842,0.860794,-0.0561974],[0.080945,0.0174943,0.996565]],[[0.862442,-0.506005,0.0123416],[0.202264,0.322184,-0.924817],[0.463986,0.800098,0.380212]],[[0.862442,-0.506005,0.0123416],[-0.0847771,-0.168448,-0.982058],[0.499005,0.845922,-0.188174]],[[0.862442,-0.506005,0.0123416],[-0.225794,-0.40644,-0.885338],[0.453002,0.760766,-0.464784]]],2],[803,[-0.575954,-0.808405,0.121483],80,64.4285,[-1.65998,58.4113,41.5763],[4.35021,58.5812,39.6523],[256.785,-2.14101,-4.30432],false,[44.4365,130.653,114.088],[48.1085,125.947,51.7332],[27.8819,91.1324,32.3663],[11.9268,68.738,35.7316],[1.34,55.3263,43.2905],[[[0.820778,-0.563968,0.0908988],[0.568231,0.822372,-0.0286027],[-0.0586216,0.075128,0.995449]],[[0.815638,-0.558299,0.151779],[0.360269,0.284837,-0.888298],[0.452704,0.779211,0.433462]],[[0.815638,-0.558299,0.151779],[0.0548752,-0.186504,-0.980921],[0.575954,0.808405,-0.121483]],[[0.815638,-0.558299,0.151779],[-0.116918,-0.41598,-0.901827],[0.566626,0.717818,-0.404564]]],3],[804,[-0.708318,-0.705778,0.0127706],80,50.5107,[18.9647,65.5824,44.4186],[25.4708,65.8635,43.5131],[229.873,17.1528,30.6291],false,[52.5946,119.043,115.189],[64.3298,113.8,58.6467],[48.2256,87.6481,41.1254],[34.3717,73.8439,41.3752],[21.4167,63.5902,46.2882],[[[0.703231,-0.679558,0.208968],[0.681548,0.728028,0.0739424],[-0.202383,0.0904235,0.975123]],[[0.658736,-0.654388,0.371272],[0.598861,0.157324,-0.785248],[0.455447,0.739612,0.495522]],[[0.658736,-0.654388,0.371272],[0.253679,-0.271391,-0.928436],[0.708318,0.705778,-0.0127706]],[[0.658736,-0.654388,0.371272],[0.0343376,-0.466804,-0.883694],[0.75159,0.594869,-0.285031]]],4]],[[0,200,0],[235.247,235.247,147.751]]],[124009,4689395961,[[79,"left",[0.910998,-0.279965,-0.302823],[0.325865,0.0386015,0.944628],[-94.7339,95.4706,-13.0524],[-5.86473,-25.2352,21.0862],[-96.8332,100.381,-15.8107],0.993354,0,0.200963,[[-0.499041,-0.855361,0.138981],[-0.095038,-0.105391,-0.989879],[-0.861351,0.507199,0.0286976]],61.7413,[-370.974,235.564,7.27947],[-145.631,102.873,-0.228283]],[80,"right",[0.0196534,0.114147,-0.993269],[-0.363777,-0.924552,-0.113448],[33.0726,127.206,71.1998],[209.661,5.20521,16.3507],[24.7023,128.674,71.8929],0.888365,0,0.424164,[[0.770807,-0.200002,-0.60486],[0.362515,0.918438,0.158284],[0.52387,-0.341278,0.780442]],63.72,[182.127,30.12,335.868],[40.6817,122.265,125.148]]],[[790,[0.808449,-0.482923,0.336446],79,50.498,[-64.9689,100.411,29.0209],[-63.8856,100.165,32.3955],[13.6547,-66.9352,12.6555],false,[-138.259,130.702,7.16954],[-138.259,130.702,7.16954],[-90.5044,132.224,14.6903],[-63.7959,116.27,25.8054],[-64.1515,95.2774,34.3748],[[[-0.215412,-0.47515,-0.85313],[-0.297831,0.863983,-0.405993],[-0.929997,-0.166633,0.327627]],[[0.155852,-0.375579,-0.913592],[0.0296442,0.926256,-0.375728],[-0.987336,-0.0314752,-0.155492]],[[0.155852,-0.375579,-0.913592],[0.567557,0.791028,-0.228372],[-0.808449,0.482923,-0.336446]],[[0.155852,-0.375579,-0.913592],[0.987656,0.0445649,0.150166],[0.0156851,0.925718,-0.377889]]],0],[791,[0.946262,0.048485,0.319747],79,56.9814,[3.13976,116.879,-14.2004],[7.57558,115.407,-6.61685],[-7.1592,-9.95153,-2.72774],false,[-136.963,119.571,-12.8795],[-67.2151,111.877,-25.4315],[-26.0757,113.597,-19.3077],[-3.9144,114.733,-11.8192],[10.9506,115.605,-4.58443],[[[-0.0962262,-0.992623,0.0737575],[-0.182744,-0.0552236,-0.981608],[-0.97844,0.107935,0.176082]],[[0.0343291,-0.998171,0.0497644],[0.148896,-0.0441299,-0.987868],[-0.988257,-0.0413223,-0.147108]],[[0.0343291,-0.998171,0.0497644],[0.321575,-0.0361135,-0.946195],[-0.946262,-0.048485,-0.319747]],[[0.0343291,-0.998171,0.0497644],[0.438836,-0.0296817,-0.898077],[-0.897911,-0.0526686,-0.437014]]],1],[792,[0.0152517,0.267144,0.963536],79,64.9257,[-46.4791,97.5774,30.1828],[-39.7053,98.6371,27.1459],[1.9815,-54.5079,-12.3921],false,[-137.842,107.703,-13.7285],[-73.1934,91.2962,-24.7438],[-29.4839,86.2542,-9.08209],[-29.0637,93.6149,17.4666],[-42.092,99.5812,28.7011],[[[-0.194959,-0.944859,0.263121],[-0.217819,-0.21986,-0.950903],[-0.956319,0.2427,0.162944]],[[-0.203536,-0.942642,0.264573],[0.287546,-0.315866,-0.904183],[-0.93589,0.107957,-0.335343]],[[-0.203536,-0.942642,0.264573],[0.978949,-0.200149,0.0399965],[-0.0152517,-0.267144,-0.963536]],[[-0.203536,-0.942642,0.264573],[0.668296,0.0637241,0.741161],[0.715509,-0.327666,-0.616994]]],2],[793,[0.052718,0.36169,0.930807],79,62.4278,[-58.4929,80.9562,28.9371],[-53.2408,81.0913,29.1319],[29.821,-72.6661,-31.3104],false,[-139.581,96.1263,-11.5709],[-84.2403,72.7332,-20.1744],[-44.71,63.8631,-4.91387],[-43.2949,73.5714,20.0706],[-55.3031,82.388,30.3575],[[[-0.316586,-0.879564,0.355161],[-0.261566,-0.278955,-0.923995],[-0.911788,0.385422,0.14175]],[[-0.33381,-0.872102,0.357784],[0.234111,-0.444363,-0.864716],[-0.913106,0.20489,-0.352502]],[[-0.33381,-0.872102,0.357784],[0.941165,-0.329575,0.0747602],[-0.052718,-0.36169,-0.930807]],[[-0.33381,-0.872102,0.357784],[0.669782,0.0476411,0.741028],[0.663297,-0.487,-0.568215]]],3],[794,[0.0828731,0.530924,0.843357],79,48.9422,[-73.5766,68.9369,19.1796],[-70.371,68.534,23.3548],[16.6677,-62.0851,-25.237],false,[-142.197,85.9953,-2.5