{"metadata":{"formatVersion":2,"generatedBy":"LeapJS Playback 0.2.1","frames":17,"protocolVersion":6,"serviceVersion":"2.2.5+26752","frameRate":"54","modified":"Thu Apr 16 2015 19:48:43 GMT-0300 (E. South America Standard Time)"},"frames":[["id","timestamp",{"hands":[["id","type","direction","palmNormal","palmPosition","palmVelocity","stabilizedPalmPosition","pinchStrength","grabStrength","confidence","armBasis","armWidth","elbow","wrist"]]},{"pointables":[["id","direction","handId","length","stabilizedTipPosition","tipPosition","tipVelocity","tool","carpPosition","mcpPosition","pipPosition","dipPosition","btipPosition","bases","type"]]},{"interactionBox":["center","size"]}],[124073,4690462410,[[79,"left",[0.871307,-0.225961,-0.43562],[0.41464,-0.135815,0.899793],[-97.5582,100.091,-9.49979],[-6.17341,3.73432,-0.637335],[-96.5251,98.9387,-12.6022],1,0,0.231266,[[-0.525032,-0.850635,-0.0275951],[0.0199626,0.0201061,-0.999599],[-0.850849,0.525372,-0.00642456]],61.7413,[-369.417,242.803,7.66405],[-146.822,105.357,9.34481]],[80,"right",[-0.185673,0.0996724,-0.977543],[-0.440763,-0.897589,-0.00780221],[17.9438,127.53,64.1874],[112.72,-61.6735,-42.2829],[15.1171,129.15,65.2591],1,0,0.517503,[[0.794494,-0.372256,-0.479796],[0.448379,0.892441,0.0500587],[0.409555,-0.254902,0.875951]],63.72,[147.148,53.9284,351.91],[36.5686,122.752,115.403]]],[[790,[0.796353,-0.565192,0.215359],79,50.498,[-59.9622,93.6671,37.0929],[-58.455,89.1932,39.3718],[0.241609,1.02845,0.885341],false,[-138.122,131.331,20.886],[-138.122,131.331,20.886],[-91.1395,123.201,29.0104],[-64.8305,104.529,36.1252],[-56.4564,84.0343,41.0335],[[[-0.306467,-0.310777,-0.89972],[-0.31423,0.925245,-0.212559],[-0.89852,-0.217576,0.381213]],[[0.13788,-0.177047,-0.974497],[0.19354,0.969743,-0.1488],[-0.971355,0.168087,-0.167974]],[[0.13788,-0.177047,-0.974497],[0.588906,0.805737,-0.0630635],[-0.796353,0.565192,-0.215359]],[[0.13788,-0.177047,-0.974497],[0.919034,0.389702,0.0592313],[-0.369277,0.903762,-0.216445]]],0],[791,[0.978165,-0.041769,0.203588],79,56.9814,[4.97416,118.739,-11.8179],[5.67457,115.919,-10.188],[-5.00959,2.84307,-12.9571],false,[-138.995,124.023,-0.870857],[-70.9513,118.301,-21.338],[-29.4515,117.232,-18.2495],[-6.54299,116.254,-13.4815],[9.26048,115.381,-8.62788],[[[-0.112461,-0.988867,-0.0974362],[-0.2761,0.125295,-0.952927],[-0.954527,0.0802653,0.287117]],[[-0.0161876,-0.991932,-0.125733],[0.0768232,0.124144,-0.989286],[-0.996913,0.0256734,-0.0741938]],[[-0.0161876,-0.991932,-0.125733],[0.207197,0.119692,-0.97095],[-0.978165,0.041769,-0.203588]],[[-0.0161876,-0.991932,-0.125733],[0.297445,0.115279,-0.947754],[-0.954602,0.0527407,-0.293179]]],1],[792,[-0.220194,0.151971,0.963545],79,64.9257,[-50.9995,100.379,23.0945],[-51.8387,97.8081,21.3645],[-17.1662,5.49555,5.20503],false,[-140.233,112.513,-3.75652],[-77.3267,97.9761,-23.794],[-33.3169,90.5398,-10.044],[-39.384,94.7272,16.5049],[-56.0413,98.8009,22.6275],[[[-0.19166,-0.975705,0.106138],[-0.312028,-0.0419567,-0.949146],[-0.93054,0.215032,0.296406]],[[-0.198428,-0.974115,0.108293],[0.269546,-0.160466,-0.949524],[-0.942322,0.159222,-0.29441]],[[-0.198428,-0.974115,0.108293],[0.955061,-0.167349,0.24465],[0.220194,-0.151971,-0.963545]],[[-0.198428,-0.974115,0.108293],[0.351772,0.0323467,0.935527],[0.914813,-0.223729,-0.336248]]],2],[793,[-0.121599,0.268549,0.95556],79,62.4278,[-61.8951,83.6079,24.0619],[-62.8282,80.6257,20.8033],[-2.9126,2.38147,-1.17529],false,[-142.035,100.748,-3.56294],[-88.3312,78.9614,-21.593],[-47.8941,68.2373,-10.4554],[-51.158,75.4457,15.1935],[-66.5706,82.1537,21.9167],[[[-0.302437,-0.927469,0.219847],[-0.354428,-0.104683,-0.929205],[-0.884823,0.358946,0.297061]],[[-0.306457,-0.925828,0.221195],[0.18339,-0.285449,-0.940684],[-0.934051,0.247715,-0.257266]],[[-0.306457,-0.925828,0.221195],[0.944086,-0.265941,0.194878],[0.121599,-0.268549,-0.95556]],[[-0.306457,-0.925828,0.221195],[0.425784,0.0745046,0.901752],[0.851347,-0.37053,-0.37137]]],3],[794,[0.0233566,0.464694,0.885163],79,48.9422,[-74.6047,69.1636,18.2898],[-76.2871,67.1739,15.5078],[-4.89754,1.80651,-2.52298],false,[-144.03,89.169,3.65719],[-98.394,62.1191,-14.8461],[-67.2519,50.6532,-6.32965],[-66.8093,59.4598,10.4455],[-78.9801,69.0718,16.644],[[[-0.340066,-0.84956,0.40324],[-0.473924,-0.215538,-0.85378],[-0.812251,0.481446,0.32933]],[[-0.413264,-0.801727,0.431796],[0.0547817,-0.495212,-0.867043],[-0.908962,0.334663,-0.248573]],[[-0.413264,-0.801727,0.431796],[0.910312,-0.375891,0.173315],[-0.0233566,-0.464694,-0.885163]],[[-0.413264,-0.801727,0.431796],[0.546056,0.161282,0.822077],[0.728722,-0.575519,-0.371136]]],4],[800,[-0.177293,-0.497775,-0.848992],80,52.1164,[-15.2934,83.7358,47.2244],[-16.1904,85.1082,46.5626],[157.977,-87.1468,-58.8166],false,[7.40767,124.959,124.668],[7.40767,124.959,124.668],[-18.6539,113.118,83.7731],[-24.6988,96.1457,54.8262],[-11.6139,79.6335,44.635],[[[0.711389,0.649481,-0.268513],[-0.437201,0.708108,0.554471],[0.550255,-0.277051,0.787694]],[[0.488051,0.704642,-0.515059],[-0.699447,0.668738,0.252116],[0.522091,0.237212,0.819238]],[[0.488051,0.704642,-0.515059],[-0.854619,0.505668,-0.118012],[0.177293,0.497775,0.848992]],[[0.488051,0.704642,-0.515059],[-0.670235,-0.0754451,-0.738305],[-0.559099,0.705541,0.435454]]],0],[801,[-0.271567,-0.122652,-0.954572],80,58.8075,[-27.1832,139.647,-31.6819],[-26.0372,140.118,-31.9814],[200.418,-86.6274,-90.2035],false,[21.1224,140.113,112.661],[-7.73289,142.711,45.0367],[-15.6377,146.225,2.95419],[-22.2016,143.261,-20.1182],[-27.9157,138.321,-35.4436],[[[0.834568,-0.406585,-0.371732],[0.386862,0.91293,-0.12999],[0.392217,-0.0353237,0.919194]],[[0.891259,-0.406348,-0.201344],[0.414492,0.910051,-0.00187258],[0.183994,-0.0817865,0.979519]],[[0.891259,-0.406348,-0.201344],[0.363193,0.905449,-0.219665],[0.271567,0.122652,0.954572]],[[0.891259,-0.406348,-0.201344],[0.306278,0.866779,-0.393558],[0.334442,0.289095,0.89698]]],1],[802,[-0.454936,-0.790546,0.409963],80,67.0064,[-36.1777,66.001,55.1361],[-33.295,64.3238,52.3917],[137.555,-75.6,-82.4092],false,[31.7156,136.735,107.371],[12.5402,135.204,40.307],[-15.3447,96.7167,32.2792],[-28.2815,74.2364,43.9371],[-34.5599,61.3682,56.108],[[[0.801624,-0.557255,-0.216485],[0.530903,0.830052,-0.170752],[0.274846,0.0219463,0.961238]],[[0.814645,-0.5554,-0.166985],[-0.0408328,0.232283,-0.971791],[0.57852,0.798483,0.16655]],[[0.814645,-0.5554,-0.166985],[-0.359703,-0.258007,-0.896686],[0.454936,0.790546,-0.409963]],[[0.814645,-0.5554,-0.166985],[-0.474059,-0.471827,-0.743403],[0.334098,0.68477,-0.647664]]],2],[803,[-0.565157,-0.754958,0.33262],80,64.4285,[-17.9388,61.2995,49.828],[-15.9456,60.5766,49.9322],[143,-71.3011,-62.6542],false,[41.7678,130.652,103.782],[32.931,125.176,42.0105],[6.48712,90.7694,31.3724],[-9.16885,69.8556,40.5867],[-18.1495,57.6607,51.5285],[[[0.791015,-0.608928,-0.0591788],[0.59531,0.788394,-0.155053],[0.141072,0.0874195,0.986132]],[[0.795856,-0.605115,-0.0212045],[0.127747,0.202041,-0.97101],[0.591857,0.770075,0.238097]],[[0.795856,-0.605115,-0.0212045],[-0.217282,-0.252734,-0.942822],[0.565157,0.754958,-0.33262]],[[0.795856,-0.605115,-0.0212045],[-0.368211,-0.455881,-0.810304],[0.48066,0.652693,-0.585626]]],3],[804,[-0.735433,-0.633658,0.240032],80,50.5107,[2.4333,67.882,47.0595],[4.0485,67.4882,47.5961],[144.423,-68.1398,-52.8027],false,[49.3441,118.607,103.508],[49.5093,112.189,45.8793],[27.9955,86.2407,35.1961],[13.6113,73.8472,39.8908],[1.36004,65.157,48.3462],[[[0.692717,-0.716556,0.0817912],[0.721204,0.688691,-0.0746342],[-0.00284921,0.110688,0.993851]],[[0.677381,-0.678576,0.284059],[0.413474,0.0318269,-0.90996],[0.608436,0.73384,0.302132]],[[0.677381,-0.678576,0.284059],[0.0171167,-0.3715,-0.928275],[0.735433,0.633658,-0.240032]],[[0.677381,-0.678576,0.284059],[-0.189657,-0.534183,-0.82382],[0.710764,0.504166,-0.490542]]],4]],[[0,200,0],[235.247,235.247,147.751]]],[124074,4690471501,[[79,"left",[0.871252,-0.226235,-0.435589],[0.414879,-0.134791,0.899837],[-97.5988,100.1,-9.5163],[-5.70179,2.99916,-0.963655],[-96.5363,98.9508,-12.5699],1,0,0.237999,[[-0.52505,-0.85066,-0.0264728],[0.0193398,0.0191717,-0.999629],[-0.850852,0.525367,-0.00638551]],61.7413,[-369.456,242.821,7.6638],[-146.859,105.377,9.33435]],[80,"right",[-0.179916,0.101742,-0.978406],[-0.445909,-0.89501,-0.0110731],[19.1439,127.049,63.9507],[118.061,-59.2492,-37.7836],[16.0747,128.65,64.948],1,0,0.518593,[[0.793303,-0.378237,-0.477082],[0.451893,0.890933,0.045074],[0.407999,-0.251347,0.877702]],63.72,[147.629,54.247,352.239],[37.4694,122.111,115.259]]],[[790,[0.795969,-0.56545,0.216099],79,50.498,[-59.9461,93.6161,37.1225],[-58.4899,89.2255,39.3954],[-1.12002,1.66378,1.34273],false,[-138.161,131.364,20.8463],[-138.161,131.364,20.8463],[-91.184,123.23,28.9929],[-64.8877,104.549,36.1321],[-56.4945,84.0675,41.0614],[[[-0.306614,-0.311779,-0.899323],[-0.314471,0.924958,-0.213451],[-0.898385,-0.217364,0.38165]],[[0.138161,-0.177867,-0.974307],[0.193813,0.969577,-0.149519],[-0.971261,0.168176,-0.168431]],[[0.138161,-0.177867,-0.974307],[0.589359,0.805375,-0.0634532],[-0.795969,0.56545,-0.216099]],[[0.138161,-0.177867,-0.974307],[0.918653,0.390643,0.0589543],[-0.37012,0.903195,-0.217369]]],0],[791,[0.978124,-0.0414497,0.203851],79,56.9814,[4.97437,118.738,-11.8172],[5.62616,115.939,-10.2208],[-5.12417,2.80018,-10.3038],false,[-139.038,124.033,-0.902627],[-70.9984,118.304,-21.3798],[-29.4984,117.244,-18.2919],[-6.59086,116.274,-13.5178],[9.21074,115.407,-8.6569],[[[-0.11228,-0.988992,-0.0963778],[-0.276349,0.124243,-0.952992],[-0.954476,0.0803678,0.287257]],[[-0.0160556,-0.992067,-0.124682],[0.0767625,0.123107,-0.98942],[-0.99692,0.0254566,-0.074177]],[[-0.0160556,-0.992067,-0.124682],[0.207402,0.118681,-0.97103],[-0.978124,0.0414497,-0.203851]],[[-0.0160556,-0.992067,-0.124682],[0.297815,0.114293,-0.947757],[-0.954489,0.052349,-0.293617]]],1],[792,[-0.223493,0.153586,0.962529],79,64.9257,[-51.0119,100.358,23.0786],[-51.9887,97.889,21.3951],[-18.092,6.81695,6.19257],false,[-140.275,112.52,-3.77599],[-77.3703,97.9752,-23.813],[-33.4019,90.5863,-9.9058],[-39.5598,94.8181,16.6151],[-56.2309,98.895,22.6981],[[[-0.191434,-0.975634,0.107201],[-0.312241,-0.0430117,-0.949029],[-0.930515,0.215149,0.296399]],[[-0.19828,-0.974023,0.109381],[0.272736,-0.162018,-0.948349],[-0.941435,0.158207,-0.297776]],[[-0.19828,-0.974023,0.109381],[0.954325,-0.166405,0.24814],[0.223493,-0.153586,-0.962529]],[[-0.19828,-0.974023,0.109381],[0.349888,0.0339049,0.936178],[0.915567,-0.223897,-0.334076]]],2],[793,[-0.11927,0.268887,0.955759],79,62.4278,[-61.8979,83.6003,24.0524],[-62.8136,80.6605,20.7973],[-0.50585,2.54935,-0.258989],false,[-142.075,100.754,-3.56971],[-88.3703,78.9605,-21.5896],[-47.9225,68.2499,-10.4779],[-51.1239,75.4673,15.1763],[-66.5126,82.1825,21.947],[[[-0.302194,-0.927302,0.220885],[-0.354624,-0.105726,-0.929012],[-0.884828,0.359073,0.296894]],[[-0.306169,-0.925678,0.222218],[0.182614,-0.286201,-0.940607],[-0.934298,0.247404,-0.256668]],[[-0.306169,-0.925678,0.222218],[0.944476,-0.26612,0.19273],[0.11927,-0.268887,-0.955758]],[[-0.306169,-0.925678,0.222218],[0.428625,0.0743853,0.900415],[0.850024,-0.370927,-0.373994]]],3],[794,[0.0234191,0.467115,0.883887],79,48.9422,[-74.6079,69.1591,18.2838],[-76.3284,67.2089,15.5237],[-5.17625,2.51192,-0.943692],false,[-144.065,89.183,3.66297],[-98.4281,62.1232,-14.8227],[-67.3181,50.614,-6.24754],[-66.8742,59.4665,10.5034],[-79.0304,69.1212,16.6643],[[[-0.339796,-0.849209,0.404206],[-0.474079,-0.216527,-0.853443],[-0.812273,0.481622,0.329018]],[[-0.415358,-0.799663,0.433609],[0.0544865,-0.497688,-0.865643],[-0.908025,0.335926,-0.250289]],[[-0.415358,-0.799663,0.433609],[0.909357,-0.377284,0.175292],[-0.0234191,-0.467115,-0.883887]],[[-0.415358,-0.799663,0.433609],[0.545639,0.162383,0.822138],[0.727844,-0.578075,-0.36888]]],4],[800,[-0.166117,-0.502171,-0.848663],80,52.1164,[-14.1478,83.33,46.9816],[-14.7722,84.6097,46.3111],[157.167,-76.1795,-48.4812],false,[8.27304,124.477,124.372],[8.27304,124.477,124.372],[-17.7313,112.868,83.3744],[-23.3952,95.7462,54.4387],[-10.1727,79.1915,44.497],[[[0.716551,0.645618,-0.264067],[-0.43602,0.710067,0.552894],[0.544463,-0.281038,0.790302]],[[0.494159,0.702369,-0.512333],[-0.696005,0.672748,0.250971],[0.520945,0.232567,0.821297]],[[0.494159,0.702369,-0.512333],[-0.853354,0.504482,-0.131477],[0.166117,0.502171,0.848663]],[[0.494159,0.702369,-0.512333],[-0.660763,-0.0795407,-0.746368],[-0.564977,0.707355,0.424794]]],0],[801,[-0.265438,-0.119833,-0.956652],80,58.8075,[-25.6456,139.408,-32.1468],[-24.2162,139.919,-32.4614],[202.144,-68.4886,-80.6675],false,[22.1386,139.564,112.454],[-6.3427,142.398,44.6804],[-13.9807,145.894,2.54716],[-20.3964,142.998,-20.5755],[-26.0151,138.15,-35.9655],[[[0.834154,-0.41104,-0.36774],[0.392827,0.910803,-0.126986],[0.387135,-0.0385325,0.921218]],[[0.890309,-0.411247,-0.195516],[0.419218,0.907885,-0.000673354],[0.177783,-0.0813643,0.9807]],[[0.890309,-0.411247,-0.195516],[0.369991,0.903613,-0.215849],[0.265438,0.119833,0.956652]],[[0.890309,-0.411247,-0.195516],[0.314965,0.866249,-0.387826],[0.328858,0.283705,0.900758]]],1],[802,[-0.461674,-0.788312,0.40672],80,67.0064,[-35.211,65.5498,54.5493],[-32.3966,64.153,51.8204],[126.666,-59.9255,-77.0534],false,[32.74,136.13,107.216],[13.9113,134.778,40.0501],[-14.1532,96.4617,31.8341],[-27.2816,74.045,43.3998],[-33.6987,61.2011,55.5239],[[[0.799517,-0.561673,-0.212827],[0.536599,0.827132,-0.167072],[0.269876,0.0193744,0.9627]],[[0.812287,-0.559944,-0.163254],[-0.0343325,0.233512,-0.971748],[0.582246,0.794943,0.170455]],[[0.812287,-0.559944,-0.163254],[-0.356436,-0.255003,-0.898847],[0.461674,0.788312,-0.40672]],[[0.812287,-0.559944,-0.163254],[-0.472841,-0.468317,-0.746392],[0.341483,0.683478,-0.645173]]],2],[803,[-0.569986,-0.751257,0.332759],80,64.4285,[-16.9707,60.9258,49.477],[-15.0508,60.3218,49.5738],[131.067,-58.6411,-50.9608],false,[42.7757,129.992,103.674],[34.2344,124.631,41.8509],[7.59261,90.3866,31.1821],[-8.19715,69.5753,40.4002],[-17.2602,57.4423,51.343],[[[0.787776,-0.613444,-0.0556337],[0.60068,0.785086,-0.151077],[0.136355,0.0855968,0.986955]],[[0.792154,-0.609985,-0.0202495],[0.130135,0.201229,-0.970861],[0.596285,0.766437,0.238785]],[[0.792154,-0.609985,-0.0202495],[-0.21819,-0.252054,-0.942795],[0.569986,0.751257,-0.332759]],[[0.792154,-0.609985,-0.0202495],[-0.370404,-0.454125,-0.810291],[0.485069,0.649376,-0.585678]]],3],[804,[-0.74023,-0.628382,0.239155],80,50.5107,[3.40607,67.494,46.7603],[4.97022,67.1212,47.2928],[131.758,-59.2473,-42.8867],false,[50.2834,117.904,103.427],[50.7165,111.544,45.7936],[29.044,85.743,35.0738],[14.566,73.4527,39.7514],[2.24004,64.8494,48.1872],[[[0.688112,-0.720644,0.0847017],[0.725566,0.684573,-0.0700982],[-0.00746859,0.109692,0.993938]],[[0.672164,-0.683193,0.285382],[0.415356,0.0288623,-0.909201],[0.612923,0.729668,0.303169]],[[0.672164,-0.683193,0.285382],[0.0159399,-0.372,-0.928096],[0.74023,0.628382,-0.239155]],[[0.672164,-0.683193,0.285382],[-0.191917,-0.533035,-0.82404],[0.715096,0.499121,-0.489403]]],4]],[[0,200,0],[235.247,235.247,147.751]]],[124075,4690479506,[[79,"left",[0.870258,-0.229622,-0.435804],[0.415321,-0.133691,0.899797],[-97.7391,100.074,-9.53215],[-8.63661,1.42364,-1.21607],[-96.5473,98.9611,-12.5421],1,0,0.240196,[[-0.524845,-0.850867,-0.0237428],[0.0179533,0.0168215,-0.999697],[-0.851008,0.525113,-0.0064472]],61.7413,[-369.606,242.905,7.66242],[-146.969,105.527,9.34911]],[80,"right",[-0.170977,0.109301,-0.979194],[-0.42557,-0.904533,-0.0266581],[22.1803,126.595,64.143],[182.949,-58.6225,-22.4312],[17.4726,128.18,64.7637],1,0,0.433419,[[0.808774,-0.356968,-0.467395],[0.430747,0.900639,0.0575043],[0.400427,-0.247837,0.882176]],63.72,[148.141,54.5423,353.789],[40.0252,121.458,115.601]]],[[790,[0.794423,-0.567261,0.217042],79,50.498,[-59.9331,93.5709,37.1487],[-58.6156,89.2044,39.4002],[-4.83291,0.952071,1.13623],false,[-138.191,131.52,20.7896],[-138.191,131.52,20.7896],[-91.2306,123.284,28.932],[-64.9854,104.544,36.1024],[-56.6324,84.0565,41.0756],[[[-0.308245,-0.313163,-0.898284],[-0.312197,0.925267,-0.21544],[-0.89862,-0.214034,0.382977]],[[0.137223,-0.180476,-0.97396],[0.196209,0.968731,-0.151863],[-0.970913,0.170261,-0.168343]],[[0.137223,-0.180476,-0.97396],[0.59166,0.80352,-0.0655336],[-0.794423,0.567261,-0.217042]],[[0.137223,-0.180476,-0.97396],[0.919505,0.38885,0.0574961],[-0.368348,0.903451,-0.219308]]],0],[791,[0.977924,-0.0437315,0.204335],79,56.9814,[4.97454,118.737,-11.8165],[5.51546,115.616,-10.3013],[-7.40517,-7.63351,-9.82661],false,[-139.107,124.138,-0.940502],[-71.1009,118.177,-21.4638],[-29.6033,117.01,-18.3816],[-6.70046,115.986,-13.5961],[9.09474,115.085,-8.72064],[[[-0.114998,-0.988922,-0.0938531],[-0.276867,0.122645,-0.953049],[-0.954002,0.0836142,0.287904]],[[-0.0188365,-0.992323,-0.122226],[0.0768984,0.120448,-0.989737],[-0.996861,0.0280422,-0.0740393]],[[-0.0188365,-0.992323,-0.122226],[0.208112,0.115679,-0.97124],[-0.977924,0.0437315,-0.204335]],[[-0.0188365,-0.992323,-0.122226],[0.298889,0.111069,-0.947802],[-0.954102,0.0543854,-0.294502]]],1],[792,[-0.22389,0.156917,0.961899],79,64.9257,[-51.0244,100.339,23.0647],[-52.1766,97.8348,21.3892],[-19.704,3.63814,5.5907],false,[-140.376,112.62,-3.78453],[-77.529,97.8595,-23.8415],[-33.598,90.3991,-9.85441],[-39.7669,94.7227,16.6492],[-56.4246,98.8613,22.7272],[[[-0.193935,-0.974855,0.109763],[-0.313201,-0.0445042,-0.948644],[-0.929674,0.218353,0.296695]],[[-0.200923,-0.973184,0.111991],[0.273566,-0.165517,-0.947505],[-0.940634,0.159738,-0.299487]],[[-0.200923,-0.973184,0.111991],[0.953679,-0.168194,0.249414],[0.22389,-0.156917,-0.961899]],[[-0.200923,-0.973184,0.111991],[0.350304,0.0353853,0.935968],[0.914832,-0.227288,-0.3338]]],2],[793,[-0.115865,0.271009,0.955578],79,62.4278,[-61.901,83.5921,24.0426],[-62.9414,80.6025,20.7917],[-3.34843,-0.0950471,0.329882],false,[-142.208,100.861,-3.54781],[-88.5776,78.8798,-21.5618],[-48.1432,68.0815,-10.4861],[-51.2533,75.3559,15.1633],[-66.5982,82.1316,21.9729],[[[-0.304464,-0.925949,0.223426],[-0.355733,-0.107056,-0.928436],[-0.883604,0.362155,0.296796]],[[-0.308409,-0.924322,0.224749],[0.180416,-0.288815,-0.940232],[-0.933988,0.249427,-0.255836]],[[-0.308409,-0.924322,0.224749],[0.944171,-0.268668,0.190678],[0.115865,-0.271009,-0.955578]],[[-0.308409,-0.924322,0.224749],[0.431792,0.0744947,0.898892],[0.847608,-0.374271,-0.37614]]],3],[794,[0.0258716,0.470306,0.882124],79,48.9422,[-74.6119,69.1541,18.2773],[-76.5385,67.1758,15.569],[-10.6096,0.863698,0.95068],false,[-144.223,89.3123,3.71498],[-98.6741,62.0859,-14.7447],[-67.6181,50.4577,-6.13453],[-67.1278,59.3706,10.583],[-79.2358,69.107,16.71],[[[-0.341695,-0.847308,0.406588],[-0.475415,-0.217353,-0.852489],[-0.810694,0.484589,0.328555]],[[-0.419121,-0.796015,0.436689],[0.0518347,-0.501166,-0.863797],[-0.90645,0.3394,-0.25131]],[[-0.419121,-0.796015,0.436689],[0.907562,-0.381015,0.176521],[-0.0258716,-0.470306,-0.882124]],[[-0.419121,-0.796015,0.436689],[0.546592,0.16283,0.821416],[0.724965,-0.582963,-0.36685]]],4],[800,[-0.145978,-0.496301,-0.855789],80,52.1164,[-11.7591,82.8504,46.618],[-10.7569,83.712,45.7946],[231.318,-75.5327,-51.9354],false,[10.6811,123.065,124.399],[10.6811,123.065,124.399],[-15.1117,111.757,83.1846],[-20.0889,94.8354,54.006],[-6.42264,78.6987,43.9776],[[[0.704859,0.664516,-0.248179],[-0.458114,0.693565,0.555966],[0.541576,-0.278184,0.79329]],[[0.4828,0.719305,-0.499504],[-0.707048,0.656721,0.2623],[0.516708,0.226534,0.825648]],[[0.4828,0.719305,-0.499504],[-0.863478,0.486092,-0.134612],[0.145978,0.496301,0.855789]],[[0.4828,0.719305,-0.499504],[-0.652625,-0.084802,-0.75292],[-0.583938,0.689499,0.428494]]],0],[801,[-0.249783,-0.115724,-0.961362],80,58.8075,[-22.661,139.017,-32.4459],[-20.3181,139.462,-32.6386],[275.596,-67.0215,-67.239],false,[24.34,138.597,112.82],[-3.42262,141.6,44.7559],[-10.6312,145.231,2.5585],[-16.6685,142.434,-20.678],[-21.9527,137.668,-36.2114],[[[0.847304,-0.387955,-0.362722],[0.373726,0.920774,-0.111818],[0.377365,-0.0408145,0.925165]],[[0.901997,-0.38888,-0.187547],[0.397805,0.917404,0.0109782],[0.167787,-0.0845096,0.982194]],[[0.901997,-0.38888,-0.187547],[0.352151,0.913991,-0.201518],[0.249783,0.115724,0.961362]],[[0.901997,-0.38888,-0.187547],[0.301244,0.878058,-0.371842],[0.309279,0.278903,0.909153]]],1],[802,[-0.448493,-0.803175,0.392128],80,67.0064,[-33.3927,64.8684,53.8416],[-27.7944,62.714,50.6864],[237.652,-89.9031,-93.1647],false,[35.0748,135.463,107.666],[17.0487,134.488,40.2743],[-10.0539,95.6562,31.2866],[-22.8074,72.8168,42.4374],[-29.0729,59.6902,54.336],[[[0.814288,-0.541149,-0.209981],[0.519787,0.840811,-0.151192],[0.258372,0.0139684,0.965945]],[[0.826451,-0.539724,-0.160242],[-0.0284588,0.244206,-0.969306],[0.562289,0.805644,0.186464]],[[0.826451,-0.539724,-0.160242],[-0.340343,-0.252207,-0.905847],[0.448493,0.803175,-0.392128]],[[0.826451,-0.539724,-0.160242],[-0.453671,-0.469861,-0.757241],[0.333409,0.698519,-0.633174]]],2],[803,[-0.555274,-0.766715,0.322209],80,64.4285,[-14.7318,60.3512,49.0467],[-10.3366,59.3128,48.77],[245.431,-74.5805,-57.0517],false,[45.2853,129.593,104.171],[37.5724,124.776,42.1944],[11.7644,90.063,31.0033],[-3.61775,68.8235,39.9292],[-12.4786,56.3901,50.699],[[[0.801918,-0.595029,-0.053547],[0.584607,0.800016,-0.134939],[0.123131,0.0769058,0.989406]],[[0.805544,-0.592168,-0.020876],[0.132103,0.213825,-0.967899],[0.577622,0.776927,0.250473]],[[0.805544,-0.592168,-0.020876],[-0.206808,-0.247961,-0.946438],[0.555274,0.766715,-0.322209]],[[0.805544,-0.592168,-0.020876],[-0.355229,-0.454431,-0.816887],[0.474248,0.665455,-0.576419]]],3],[804,[-0.728548,-0.646104,0.227524],80,50.5107,[5.62526,67.0845,46.4292],[9.52048,66.5856,46.7127],[239.725,-59.3868,-45.0224],false,[53.0646,117.679,103.872],[54.2977,112.013,46.1771],[33.2552,85.8755,35.0282],[19.0057,73.2385,39.4783],[6.80278,64.2916,47.7335],[[[0.703088,-0.70608,0.0843627],[0.710784,0.701359,-0.0536791],[-0.0212667,0.0977048,0.994988]],[[0.684325,-0.671827,0.283458],[0.421364,0.0470824,-0.905668],[0.595106,0.73921,0.315303]],[[0.684325,-0.671827,0.283458],[0.0302865,-0.362213,-0.931603],[0.728548,0.646104,-0.227524]],[[0.684325,-0.671827,0.283458],[-0.174625,-0.528418,-0.830831],[0.707959,0.51906,-0.478927]]],4]],[[0,200,0],[235.247,235.247,147.751]]],[124076,4690489400,[[79,"left",[0.871272,-0.229649,-0.433759],[0.419416,-0.110622,0.901029],[-97.5391,99.265,-9.45275],[-0.0588083,-23.3032,1.53159],[-96.5589,98.9647,-12.5061],1,0,0.196726,[[-0.527014,-0.849854,-0.00201573],[0.00647038,-0.00164063,-0.999978],[-0.849832,0.527016,-0.00636352]],61.7413,[-369.094,242.478,7.80604],[-146.765,104.602,9.47084]],[80,"right",[-0.169641,0.107519,-0.979623],[-0.389226,-0.920528,-0.033631],[25.5347,125.786,64.7373],[229.363,-65.5089,2.09938],[20.0127,127.425,64.7554],0.978079,0,0.463633,[[0.831372,-0.321197,-0.45349],[0.396784,0.914442,0.0797339],[0.38908,-0.246226,0.887688]],63.72,[148.33,54.6122,355.949],[43.2783,121.093,116.273]]],[[790,[0.796567,-0.560053,0.227641],79,50.498,[-59.9169,93.5266,37.1792],[-58.2842,89.5932,39.6972],[4.42303,10.5149,9.96153],false,[-138.224,130.916,20.3397],[-138.224,130.916,20.3397],[-91.1863,123.236,28.5804],[-64.8702,104.734,36.1009],[-56.3289,84.4253,41.472],[[[-0.307696,-0.334974,-0.89057],[-0.32245,0.917304,-0.233621],[-0.895181,-0.21528,0.390263]],[[0.137543,-0.198781,-0.970344],[0.187941,0.967096,-0.171475],[-0.972502,0.158782,-0.170376]],[[0.137543,-0.198781,-0.970344],[0.588695,0.804255,-0.0813108],[-0.796567,0.560053,-0.227641]],[[0.137543,-0.198781,-0.970344],[0.916086,0.39806,0.0483072],[-0.376653,0.895564,-0.236851]]],0],[791,[0.978766,-0.0293989,0.202861],79,56.9814,[4.97471,118.736,-11.816],[5.53763,115.841,-10.8329],[-4.44837,2.01107,-22.5764],false,[-139.129,123.074,-1.2291],[-71.1269,117.39,-21.8448],[-29.6114,116.716,-18.8567],[-6.68887,116.028,-14.1058],[9.12389,115.391,-9.24564],[[[-0.104997,-0.991798,-0.0728909],[-0.281017,0.0998989,-0.954489],[-0.953942,0.0797349,0.289201]],[[-0.00884019,-0.994795,-0.101515],[0.073049,0.100605,-0.992241],[-0.997289,0.0161871,-0.0717794]],[[-0.00884019,-0.994795,-0.101515],[0.20479,0.0975658,-0.973931],[-0.978766,0.0293989,-0.202861]],[[-0.00884019,-0.994795,-0.101515],[0.295948,0.0943678,-0.950531],[-0.955163,0.038446,-0.293574]]],1],[792,[-0.225093,0.175208,0.958455],79,64.9257,[-51.0376,100.318,23.0484],[-51.9555,98.1627,21.399],[-7.77573,12.4278,5.13285],false,[-140.287,111.488,-3.82883],[-77.3506,96.9621,-23.7786],[-33.337,90.2556,-9.66982],[-39.5391,95.0831,16.7388],[-56.2304,99.1802,22.7524],[[[-0.183457,-0.974308,0.130644],[-0.315597,-0.0674881,-0.94649],[-0.93099,0.214871,0.295108]],[[-0.190821,-0.972576,0.132975],[0.274712,-0.182962,-0.943959],[-0.942402,0.143597,-0.302091]],[[-0.190821,-0.972576,0.132975],[0.955469,-0.152962,0.252353],[0.225093,-0.175208,-0.958455]],[[-0.190821,-0.972576,0.132975],[0.351127,0.0588745,0.934475],[0.916677,-0.225009,-0.330263]]],2],[793,[-0.113165,0.288938,0.950636],79,62.4278,[-61.9029,83.5827,24.0319],[-62.3934,80.7724,21.1527],[15.3943,4.54412,12.0176],false,[-141.995,99.7172,-3.34164],[-88.1944,77.9208,-21.0687],[-47.61,67.763,-9.9361],[-50.6475,75.5186,15.5807],[-66.0122,82.2822,22.3575],[[[-0.294144,-0.92419,0.243623],[-0.357415,-0.130042,-0.924848],[-0.886416,0.359113,0.292069]],[[-0.298096,-0.922578,0.244924],[0.179774,-0.306261,-0.934819],[-0.937454,0.234635,-0.25715]],[[-0.298096,-0.922578,0.244924],[0.947804,-0.255664,0.190535],[0.113165,-0.288938,-0.950636]],[[-0.298096,-0.922578,0.244924],[0.436856,0.0962805,0.894364],[0.848702,-0.373603,-0.374333]]],3],[794,[0.0241064,0.490197,0.871278],79,48.9422,[-74.6144,69.1493,18.2727],[-75.9292,67.1024,16.254],[10.7048,-1.72102,21.6421],false,[-143.868,88.3024,4.16628],[-98.0951,61.1693,-13.8711],[-66.9315,49.9713,-5.08094],[-66.4746,59.2612,11.431],[-78.6462,69.0391,17.363],[[[-0.331634,-0.842139,0.42523],[-0.475714,-0.239963,-0.846235],[-0.814687,0.482928,0.321037]],[[-0.412035,-0.789193,0.455414],[0.0536292,-0.519952,-0.85251],[-0.909588,0.326841,-0.256562]],[[-0.412035,-0.789193,0.455414],[0.910849,-0.369976,0.182954],[-0.0241064,-0.490197,-0.871278]],[[-0.412035,-0.789193,0.455414],[0.546921,0.185547,0.816364],[0.728769,-0.585446,-0.355174]]],4],[800,[-0.134451,-0.490719,-0.860882],80,52.1164,[-8.34936,82.1878,46.6274],[-6.64205,82.4459,46.2082],[258.243,-71.2485,-26.0138],false,[13.8444,121.491,124.907],[13.8444,121.491,124.907],[-12.5903,110.534,84.0054],[-17.1744,93.8025,54.6531],[-3.15739,78.2218,44.2372],[[[0.679357,0.69319,-0.240754],[-0.488378,0.671984,0.556708],[0.547687,-0.260625,0.795056]],[[0.456438,0.740448,-0.493356],[-0.715,0.635259,0.291926],[0.529565,0.219503,0.819377]],[[0.456438,0.740448,-0.493356],[-0.879538,0.459272,-0.124429],[0.134451,0.490719,0.860882]],[[0.456438,0.740448,-0.493356],[-0.657989,-0.0923428,-0.747344],[-0.598928,0.665739,0.445058]]],0],[801,[-0.237656,-0.120291,-0.963872],80,58.8075,[-18.6757,137.307,-32.3279],[-16.8471,137.365,-32.2564],[300.732,-110.258,-36.5653],false,[26.9421,137.612,113.485],[-0.532847,139.865,45.2754],[-7.61209,143.296,3.03942],[-13.3563,140.389,-20.2578],[-18.3147,135.549,-35.8754],[[[0.864051,-0.352205,-0.359678],[0.337562,0.935421,-0.105064],[0.373455,-0.0306329,0.927143]],[[0.918115,-0.351811,-0.182468],[0.360436,0.932658,0.0153554],[0.164778,-0.0798658,0.983092]],[[0.918115,-0.351811,-0.182468],[0.317152,0.92831,-0.194051],[0.237656,0.120291,0.963872]],[[0.918115,-0.351811,-0.182468],[0.2699,0.892186,-0.362157],[0.290206,0.283254,0.914083]]],1],[802,[-0.418471,-0.822287,0.38565],80,67.0064,[-28.9733,63.0548,52.9997],[-21.7875,60.0457,50.6983],[347.3,-143.324,-65.4042],false,[37.8215,134.932,108.379],[20.2292,133.594,40.8784],[-5.26094,93.7624,31.5504],[-17.1607,70.3795,42.5169],[-22.9676,56.9545,54.3147],[[[0.836271,-0.507377,-0.207895],[0.486898,0.861511,-0.143979],[0.252155,0.0191818,0.967497]],[[0.848092,-0.505728,-0.158049],[-0.0327355,0.247709,-0.968281],[0.528837,0.826365,0.193525]],[[0.848092,-0.505728,-0.158049],[-0.324996,-0.260928,-0.909007],[0.418471,0.822287,-0.38565]],[[0.848092,-0.505728,-0.158049],[-0.43041,-0.4836,-0.762153],[0.309009,0.714402,-0.627808]]],2],[803,[-0.525664,-0.789417,0.317014],80,64.4285,[-9.44043,58.8043,48.7355],[-4.20364,57.3546,48.8948],[357.146,-110.996,-33.7457],false,[48.2763,129.489,104.914],[41.1106,124.692,42.8703],[16.7348,89.0398,31.423],[2.17285,67.1714,40.2049],[-6.22709,54.3516,50.8907],[[[0.825163,-0.562515,-0.0518043],[0.553191,0.823232,-0.127549],[0.114395,0.0765908,0.990478]],[[0.828369,-0.55981,-0.0204382],[0.12712,0.223387,-0.966405],[0.545569,0.797942,0.25621]],[[0.828369,-0.55981,-0.0204382],[-0.193602,-0.251861,-0.9482],[0.525664,0.789417,-0.317014]],[[0.828369,-0.55981,-0.0204382],[-0.334191,-0.464574,-0.820053],[0.449579,0.686137,-0.571922]]],3],[804,[-0.703612,-0.674291,0.224192],80,50.5107,[10.638,66.1388,46.364],[15.3364,65.4296,47.0215],[342.677,-75.0975,-17.5983],false,[56.5233,117.894,104.601],[58.3059,112.581,46.8875],[38.3047,85.6949,35.6025],[24.5429,72.5065,39.9874],[12.678,63.0682,48.188],[[[0.730034,-0.678107,0.0849727],[0.682719,0.729229,-0.0460426],[-0.0307427,0.0916251,0.995319]],[[0.709121,-0.646062,0.282404],[0.420927,0.0665758,-0.904648],[0.565657,0.760376,0.319155]],[[0.709121,-0.646062,0.282404],[0.0455805,-0.357682,-0.93273],[0.703612,0.674291,-0.224192]],[[0.709121,-0.646062,0.282404],[-0.152738,-0.531765,-0.833005],[0.688345,0.547567,-0.475764]]],4]],[[0,200,0],[235.247,235.247,147.751]]],[124077,4690506440,[[79,"left",[0.870354,-0.233474,-0.43356],[0.419938,-0.107903,0.901115],[-97.6156,99.3089,-9.44284],[-2.07692,-11.5181,1.09905],[-96.5798,98.9715,-12.4455],1,0,0.208182,[[-0.526471,-0.85019,0.00234537],[0.00429413,-0.00541767,-0.999976],[-0.850182,0.526448,-0.00650307]],61.7413,[-369.234,242.566,7.79964],[-146.813,104.839,9.50095]],[80,"right",[-0.148365,0.112597,-0.982502],[-0.385982,-0.921293,-0.0472964],[29.0476,123.831,65.1957],[218.792,-87.9224,13.3954],[25.0695,125.413,65.0018],0.948528,0,0.508053,[[0.837474,-0.318378,-0.444155],[0.390571,0.917178,0.0789891],[0.38222,-0.239625,0.892461]],63.72,[148.867,54.1945,358.047],[45.6672,118.893,117.082]]],[[790,[0.790003,-0.567822,0.231245],79,50.498,[-59.9041,93.4839,37.2095],[-58.4657,89.4851,39.8897],[-4.15611,1.06221,10.909],false,[-138.2,131.178,20.2542],[-138.2,131.178,20.2542],[-91.2142,123.302,28.604],[-65.115,104.543,36.2436],[-56.5748,84.2557,41.6959],[[[-0.309254,-0.337907,-0.888921],[-0.320502,0.917091,-0.237113],[-0.895344,-0.211573,0.391914]],[[0.138378,-0.202303,-0.969497],[0.192783,0.965692,-0.173992],[-0.971435,0.162826,-0.172632]],[[0.138378,-0.202303,-0.969497],[0.597283,0.797905,-0.0812452],[-0.790002,0.567822,-0.231245]],[[0.138378,-0.202303,-0.969497],[0.91598,0.39839,0.0476087],[-0.376607,0.894628,-0.240434]]],0],[791,[0.978665,-0.0308402,0.203135],79,56.9814,[4.97487,118.734,-11.8155],[5.4891,115.627,-10.921],[-3.7821,-4.21521,-14.4714],false,[-139.142,123.249,-1.28139],[-71.1717,117.321,-21.932],[-29.6572,116.565,-18.9518],[-6.73697,115.843,-14.1945],[9.0722,115.189,-9.32493],[[[-0.107384,-0.99184,-0.068723],[-0.281611,0.0966355,-0.95465],[-0.953501,0.083161,0.28969]],[[-0.0111328,-0.995178,-0.0974539],[0.0730144,0.0963908,-0.992662],[-0.997269,0.0181666,-0.0715892]],[[-0.0111328,-0.995178,-0.0974539],[0.205161,0.0931133,-0.974289],[-0.978665,0.0308402,-0.203135]],[[-0.0111328,-0.995178,-0.0974539],[0.296571,0.0897886,-0.95078],[-0.954946,0.0394869,-0.294142]]],1],[792,[-0.225605,0.180163,0.957415],79,64.9257,[-51.062,100.285,23.021],[-52.0774,98.2406,21.3948],[-7.7018,8.94155,3.11922],false,[-140.33,111.655,-3.83248],[-77.445,96.8997,-23.7764],[-33.4579,90.1472,-9.60714],[-39.6741,95.1113,16.7729],[-56.3585,99.2774,22.758],[[[-0.185626,-0.97333,0.134805],[-0.316577,-0.0706356,-0.945933],[-0.930227,0.218266,0.295022]],[[-0.193345,-0.971483,0.137251],[0.274891,-0.187926,-0.942931],[-0.941835,0.144582,-0.303387]],[[-0.193345,-0.971483,0.137251],[0.95484,-0.154147,0.254005],[0.225605,-0.180163,-0.957415]],[[-0.193345,-0.971483,0.137251],[0.35073,0.0622101,0.934408],[0.9163,-0.228802,-0.328701]]],2],[793,[-0.108646,0.29233,0.950126],79,62.4278,[-61.9058,83.568,24.0154],[-62.4206,80.833,21.1873],[8.93536,3.75728,8.04951],false,[-142.065,99.8905,-3.29543],[-88.331,77.8953,-20.979],[-47.7502,67.6646,-9.9001],[-50.6664,75.5113,15.603],[-65.9798,82.3467,22.424],[[[-0.296097,-0.922488,0.247673],[-0.358523,-0.133001,-0.923998],[-0.885318,0.36239,0.291351]],[[-0.300124,-0.920829,0.248997],[0.176806,-0.310207,-0.934083],[-0.937371,0.236317,-0.255909]],[[-0.300124,-0.920829,0.248997],[0.947693,-0.258103,0.18778],[0.108646,-0.29233,-0.950126]],[[-0.300124,-0.920829,0.248997],[0.440957,0.0975385,0.892212],[0.845862,-0.377571,-0.376772]]],3],[794,[0.0269889,0.495007,0.86847],79,48.9422,[-74.6168,69.1453,18.2689],[-76.0588,67.1803,16.3747],[2.27823,1.08678,15.2555],false,[-143.958,88.511,4.26095],[-98.2647,61.1967,-13.704],[-67.1608,49.8791,-4.856],[-66.6493,59.2602,11.6028],[-78.7666,69.1378,17.4803],[[[-0.333237,-0.839604,0.428973],[-0.47701,-0.24232,-0.844833],[-0.813274,0.486154,0.319749]],[[-0.416237,-0.784324,0.459981],[0.0506065,-0.525086,-0.849543],[-0.907847,0.330333,-0.258252]],[[-0.416237,-0.784324,0.459981],[0.908856,-0.373904,0.184872],[-0.0269889,-0.495007,-0.86847]],[[-0.416237,-0.784324,0.459981],[0.548058,0.187244,0.815213],[0.72552,-0.591418,-0.351918]]],4],[800,[-0.111873,-0.482692,-0.868616],80,52.1164,[-3.9792,81.1812,46.1511],[-3.08008,81.1765,45.7588],[225.75,-60.2984,-29.3216],false,[16.0498,119.169,125.069],[16.0498,119.169,125.069],[-10.1878,109.421,83.7368],[-14.0021,92.9636,54.1208],[0.0310891,77.4277,43.6597],[[[0.682664,0.696224,-0.221906],[-0.502245,0.667626,0.549569],[0.530773,-0.26372,0.805439]],[[0.470445,0.744218,-0.474154],[-0.708808,0.638754,0.299307],[0.525617,0.195277,0.828006]],[[0.470445,0.744218,-0.474154],[-0.875309,0.461681,-0.143822],[0.111873,0.482692,0.868616]],[[0.470445,0.744218,-0.474154],[-0.64741,-0.0740289,-0.758538],[-0.599619,0.663822,0.446987]]],0],[801,[-0.214323,-0.114505,-0.970028],80,58.8075,[-11.9908,135.279,-32.6972],[-11.1796,135.79,-32.6706],[316.811,-101.421,-31.7731],false,[29.3529,135.386,114.027],[3.37697,137.954,45.2442],[-2.75822,141.502,2.87034],[-7.9385,138.734,-20.5756],[-12.4965,134.033,-36.3568],[[[0.872661,-0.348022,-0.342555],[0.337338,0.936836,-0.0924157],[0.35308,-0.0349092,0.934942]],[[0.923079,-0.348446,-0.162818],[0.357116,0.933685,0.0264529],[0.142804,-0.0825632,0.986301]],[[0.923079,-0.348446,-0.162818],[0.319359,0.930308,-0.180377],[0.214323,0.114505,0.970028]],[[0.923079,-0.348446,-0.162818],[0.277049,0.896042,-0.346918],[0.266775,0.275125,0.923655]]],1],[802,[-0.423514,-0.824551,0.375168],80,67.0064,[-21.1639,59.6061,51.6326],[-17.7371,58.0457,50.0582],[296.962,-131.801,-51.4658],false,[40.3489,132.762,109.147],[24.2469,131.759,41.2698],[-0.927378,91.8614,31.3864],[-12.9706,68.4141,42.0548],[-18.9795,54.9297,53.6826],[[[0.84196,-0.504113,-0.192284],[0.487686,0.863518,-0.128449],[0.230793,0.0143752,0.972897]],[[0.852644,-0.502722,-0.142372],[-0.0147668,0.249191,-0.968342],[0.522284,0.827753,0.205047]],[[0.852644,-0.502722,-0.142372],[-0.305998,-0.259588,-0.915958],[0.423514,0.824551,-0.375168]],[[0.852644,-0.502722,-0.142372],[-0.413225,-0.482059,-0.77257],[0.319756,0.717558,-0.618762]]],2],[803,[-0.529391,-0.791607,0.30513],80,64.4285,[-1.9483,56.0244,48.2874],[-0.155763,55.4263,48.485],[303.148,-111.586,-25.0148],false,[50.8915,127.365,105.882],[45.1028,122.898,43.6706],[21.0286,87.2288,31.6547],[6.36341,65.2998,40.1074],[-2.19897,52.4257,50.5972],[[[0.827571,-0.560155,-0.0367843],[0.553702,0.825313,-0.11078],[0.0924123,0.0713104,0.993164]],[[0.829963,-0.557773,-0.00708651],[0.144347,0.227024,-0.963132],[0.538818,0.798341,0.268935]],[[0.829963,-0.557773,-0.00708651],[-0.175803,-0.249495,-0.952284],[0.529391,0.791607,-0.30513]],[[0.829963,-0.557773,-0.00708651],[-0.318036,-0.462722,-0.827491],[0.458273,0.689041,-0.561434]]],3],[804,[-0.706639,-0.676101,0.208683],80,50.5107,[17.7464,63.9332,46.4148],[19.3727,63.5648,47.0053],[294.106,-89.7514,-6.24295],false,[59.1736,115.793,105.687],[62.2373,110.809,47.9973],[42.4899,83.9414,36.2303],[28.6689,70.7176,40.3119],[16.6689,61.2287,48.2534],[[[0.729765,-0.67675,0.0972239],[0.681654,0.731178,-0.0269704],[-0.0528357,0.0859551,0.994897]],[[0.704756,-0.646222,0.292773],[0.437513,0.071024,-0.896403],[0.558482,0.759837,0.332785]],[[0.704756,-0.646222,0.292773],[0.0630882,-0.353956,-0.933132],[0.706639,0.676101,-0.208683]],[[0.704756,-0.646222,0.292773],[-0.13656,-0.528526,-0.837862],[0.696183,0.550507,-0.46073]]],4]],[[0,200,0],[235.247,235.247,147.751]]],[124078,4690523001,[[79,"left",[0.87099,-0.233941,-0.432027],[0.419228,-0.104613,0.901834],[-97.6247,99.1841,-9.61191],[-1.39454,-9.74138,-3.94491],[-96.5979,98.9752,-12.3963],1,0,0.225482,[[-0.526846,-0.849943,0.0055435],[0.00190575,-0.0077033,-0.999969],[-0.849959,0.526819,-0.00567823]],61.7413,[-369.207,242.547,7.78407],[-146.845,104.723,9.26958]],[80,"right",[-0.115038,0.117479,-0.98639],[-0.39339,-0.917186,-0.0633576],[31.3255,122.226,65.5391],[182.552,-91.9212,16.6698],[28.7853,123.52,65.321],0.942204,0,0.540881,[[0.835611,-0.32547,-0.442519],[0.394205,0.91632,0.0704316],[0.382565,-0.233297,0.893989]],63.72,[149.483,53.9522,359.298],[46.1901,116.942,117.921]]],[[790,[0.788563,-0.568436,0.234625],79,50.498,[-59.896,93.4552,37.2297],[-58.5299,89.4739,39.8722],[-4.12943,0.270355,5.69681],false,[-138.269,131.104,19.9472],[-138.269,131.104,19.9472],[-91.299,123.267,28.4201],[-65.2474,104.488,36.1714],[-56.6234,84.2568,41.7007],[[[-0.308093,-0.341041,-0.888127],[-0.321236,0.916002,-0.240307],[-0.895481,-0.211262,0.391769]],[[0.140558,-0.204827,-0.968653],[0.192839,0.965293,-0.176135],[-0.971111,0.162037,-0.175178]],[[0.140558,-0.204827,-0.968653],[0.598675,0.796823,-0.0816214],[-0.788563,0.568436,-0.234625]],[[0.140558,-0.204827,-0.968653],[0.91412,0.402651,0.0475016],[-0.3803,0.892142,-0.243833]]],0],[791,[0.978384,-0.0291317,0.204733],79,56.9814,[4.97498,118.733,-11.8152],[5.45827,115.598,-11.0058],[-2.95471,-2.78762,-10.1993],false,[-139.183,123.107,-1.56404],[-71.1881,117.184,-22.134],[-29.6771,116.483,-19.091],[-6.76351,115.801,-14.2962],[9.03867,115.18,-9.3998],[[[-0.106294,-0.992163,-0.0656789],[-0.280841,0.0933199,-0.955207],[-0.95385,0.083087,0.288559]],[[-0.00989879,-0.99549,-0.0943451],[0.0743588,0.0933557,-0.992852],[-0.997182,0.0168434,-0.0730994]],[[-0.00989879,-0.99549,-0.0943451],[0.206558,0.0902791,-0.97426],[-0.978384,0.0291317,-0.204733]],[[-0.00989879,-0.99549,-0.0943451],[0.297971,0.0871269,-0.95059],[-0.954524,0.0375218,-0.295765]]],1],[792,[-0.227512,0.183227,0.956382],79,64.9257,[-51.0868,100.254,22.993],[-52.1533,98.2701,21.291],[-6.32228,5.76781,-0.700772],false,[-140.357,111.503,-4.07947],[-77.4386,96.7505,-23.9194],[-33.4729,90.0888,-9.64115],[-39.7416,95.1373,16.7104],[-56.4375,99.3089,22.6596],[[[-0.184741,-0.97309,0.137719],[-0.315641,-0.0739591,-0.945992],[-0.930721,0.218233,0.293484]],[[-0.192694,-0.971188,0.140224],[0.276912,-0.190914,-0.941739],[-0.941376,0.142638,-0.305721]],[[-0.192694,-0.971188,0.140224],[0.954519,-0.152387,0.256264],[0.227512,-0.183227,-0.956382]],[[-0.192694,-0.971188,0.140224],[0.349437,0.0656174,0.934659],[0.916931,-0.229103,-0.326725]]],2],[793,[-0.109874,0.295267,0.949076],79,62.4278,[-61.909,83.5526,23.9974],[-62.4408,80.8429,21.1096],[4.39853,2.36862,2.59091],false,[-142.08,99.7389,-3.50674],[-88.3074,77.7437,-21.0717],[-47.7283,67.5912,-9.91488],[-50.6775,75.5167,15.56],[-66.003,82.359,22.3467],[[[-0.295367,-0.922007,0.250325],[-0.357542,-0.136299,-0.923897],[-0.885958,0.36239,0.289398]],[[-0.299447,-0.920326,0.251656],[0.178162,-0.313055,-0.932874],[-0.937331,0.234511,-0.257711]],[[-0.299447,-0.920326,0.251656],[0.947765,-0.256548,0.189537],[0.109874,-0.295267,-0.949076]],[[-0.299447,-0.920326,0.251656],[0.440123,0.100779,0.892264],[0.846536,-0.377945,-0.374879]]],3],[794,[0.0268681,0.49876,0.866324],79,48.9422,[-74.6181,69.1431,18.2669],[-76.0527,67.1367,16.3234],[1.48988,-0.64539,7.27187],false,[-143.9