{"metadata":{"formatVersion":2,"generatedBy":"LeapJS Playback 0.2.1","frames":20,"protocolVersion":6,"serviceVersion":"2.2.5+26752","frameRate":"54","modified":"Thu Apr 16 2015 19:49:31 GMT-0300 (E. South America Standard Time)"},"frames":[["id","timestamp",{"hands":[["id","type","direction","palmNormal","palmPosition","palmVelocity","stabilizedPalmPosition","pinchStrength","grabStrength","confidence","armBasis","armWidth","elbow","wrist"]]},{"pointables":[["id","direction","handId","length","stabilizedTipPosition","tipPosition","tipVelocity","tool","carpPosition","mcpPosition","pipPosition","dipPosition","btipPosition","bases","type"]]},{"interactionBox":["center","size"]}],[124208,4692622068,[[79,"left",[0.921392,-0.16236,-0.353095],[0.3615,0.0245173,0.93205],[-92.2015,90.3591,-9.42847],[-17.0722,27.7215,2.56452],[-91.507,91.6043,-8.90848],1,0,0.149176,[[-0.579624,-0.814457,0.0263596],[0.0875093,-0.0943731,-0.991683],[-0.810171,0.572497,-0.125974]],61.7413,[-354.932,241.24,-27.2111],[-142.979,91.4659,5.74553]],[80,"right",[-0.248809,0.0912644,-0.964243],[-0.4943,-0.868106,0.0453817],[17.9089,126.973,62.1336],[157.862,-74.1763,-9.35728],[17.6228,127.086,62.1328],1,0,0.504621,[[0.786367,-0.466782,-0.40465],[0.497291,0.866931,-0.0336472],[0.36651,-0.17477,0.913852]],63.72,[138.787,74.888,358.757],[39.8291,122.076,112.016]]],[[790,[0.813444,-0.478594,0.33054],79,50.498,[-56.7389,87.5641,42.4608],[-58.0926,88.3453,42.6943],[-6.31979,-0.938101,-10.6263],false,[-138.31,119.509,14.4246],[-138.31,119.509,14.4246],[-91.2111,119.341,25.4295],[-64.3375,103.53,36.3495],[-55.9622,83.9278,44.0861],[[[-0.200952,-0.450546,-0.869843],[-0.406434,0.846269,-0.344441],[-0.891308,-0.284317,0.353177]],[[0.217731,-0.276414,-0.936049],[0.0661346,0.961032,-0.268408],[-0.973766,0.00346454,-0.227527]],[[0.217731,-0.276414,-0.936049],[0.539354,0.833392,-0.120643],[-0.813444,0.478594,-0.33054]],[[0.217731,-0.276414,-0.936049],[0.903431,0.419995,0.0861198],[-0.369331,0.864407,-0.341167]]],0],[791,[0.982737,0.121921,0.139155],79,56.9814,[9.77884,117.927,-13.2843],[9.29779,119.979,-13.5641],[-14.1852,17.9158,2.19718],false,[-136.721,109.652,-6.25993],[-67.1765,110.304,-21.9047],[-25.8861,115.445,-20.6425],[-2.87059,118.3,-17.3835],[13.163,120.284,-13.7701],[[[0.0140582,-0.999684,0.0208439],[-0.219208,-0.0234201,-0.975397],[-0.975577,-0.0091432,0.219468]],[[0.123671,-0.992315,-0.00396708],[0.0295986,0.00768476,-0.999532],[-0.991882,-0.123496,-0.0303215]],[[0.123671,-0.992315,-0.00396708],[0.137602,0.021108,-0.990263],[-0.982737,-0.121921,-0.139155]],[[0.123671,-0.992315,-0.00396708],[0.216111,0.030835,-0.975882],[-0.968505,-0.119831,-0.218263]]],1],[792,[-0.339722,0.245614,0.907889],79,64.9257,[-50.7784,97.691,23.9115],[-51.3312,97.7555,24.6895],[-11.6765,8.09389,0.579122],false,[-136.359,97.8197,-7.74803],[-70.8786,89.1846,-22.1588],[-28.0014,88.6796,-3.65147],[-37.3619,95.447,21.3639],[-54.8909,98.3065,25.3767],[[[-0.0807128,-0.97299,0.216277],[-0.235041,-0.192286,-0.952776],[-0.968629,0.127735,0.213172]],[[-0.107257,-0.969119,0.222044],[0.381633,-0.246355,-0.890879],[-0.91807,0.0108137,-0.396271]],[[-0.107257,-0.969119,0.222044],[0.93439,-0.0219444,0.355575],[0.339722,-0.245614,-0.907889]],[[-0.107257,-0.969119,0.222044],[0.248446,0.190122,0.949804],[0.962689,-0.157039,-0.220382]]],2],[793,[-0.276924,0.369115,0.887168],79,62.4278,[-60.2615,80.126,25.2345],[-60.5869,80.0479,25.6969],[-12.4527,7.21866,-8.36657],false,[-136.75,86.0251,-6.18684],[-79.6589,69.3107,-18.2305],[-39.8618,65.9159,-1.53088],[-47.295,75.8236,22.2823],[-64.0858,81.1293,26.4853],[[[-0.204425,-0.926305,0.316495],[-0.270964,-0.257141,-0.927608],[-0.940632,0.275385,0.19843]],[[-0.212317,-0.92396,0.31815],[0.331463,-0.374364,-0.866016],[-0.919268,0.0784146,-0.385742]],[[-0.212317,-0.92396,0.31815],[0.937142,-0.100257,0.334236],[0.276924,-0.369115,-0.887168]],[[-0.212317,-0.92396,0.31815],[0.307749,0.245784,0.919174],[0.927476,-0.293066,-0.232164]]],3],[794,[-0.13942,0.645619,0.750825],79,48.9422,[-71.3447,64.7247,20.4889],[-71.4943,64.0853,20.8135],[-10.8623,5.40851,-14.7832],false,[-137.864,75.2124,2.29954],[-88.0969,52.2288,-10.0174],[-58.4934,43.8593,5.06281],[-61.1356,56.0947,19.292],[-74.3786,66.117,21.0576],[[[-0.264319,-0.832901,0.486221],[-0.381492,-0.372738,-0.84589],[-0.885776,0.409075,0.219224]],[[-0.468229,-0.711092,0.524509],[0.184862,-0.659297,-0.728803],[-0.864053,0.244285,-0.440156]],[[-0.468229,-0.711092,0.524509],[0.872539,-0.278431,0.401438],[0.13942,-0.645619,-0.750825]],[[-0.468229,-0.711092,0.524509],[0.389922,0.366396,0.844816],[0.79292,-0.600085,-0.105714]]],4],[800,[-0.250102,-0.473715,-0.844419],80,52.1164,[-13.627,84.4876,45.8654],[-13.336,83.8755,45.8407],[170.037,-76.6028,-28.1947],false,[11.597,126.298,123.25],[11.597,126.298,123.25],[-13.762,114.006,82.0476],[-22.2894,97.8548,53.2566],[-10.3495,80.2212,43.5496],[[[0.728731,0.59793,-0.333813],[-0.352173,0.745284,0.56615],[0.587304,-0.295011,0.753686]],[[0.539621,0.655927,-0.527797],[-0.671362,0.713535,0.200352],[0.508018,0.246229,0.825402]],[[0.539621,0.655927,-0.527797],[-0.803902,0.587669,-0.0915779],[0.250102,0.473715,0.844419]],[[0.539621,0.655927,-0.527797],[-0.669727,-0.0454521,-0.741216],[-0.510172,0.753455,0.414765]]],0],[801,[-0.33231,-0.182321,-0.92538],80,58.8075,[-32.0913,134.479,-30.8331],[-31.0504,135.706,-31.1499],[252.428,-97.6223,-67.122],false,[25.3177,140.313,109.939],[-8.09686,143.345,44.4652],[-18.7715,143.058,2.85104],[-26.8035,138.651,-19.5158],[-33.4854,133.174,-34.2558],[[[0.779324,-0.465667,-0.419296],[0.431702,0.884,-0.179382],[0.45419,-0.041214,0.889951]],[[0.859036,-0.463575,-0.217151],[0.447574,0.886032,-0.120932],[0.248464,0.00669374,0.968618]],[[0.859036,-0.463575,-0.217151],[0.389392,0.867097,-0.310672],[0.33231,0.182321,0.92538]],[[0.859036,-0.463575,-0.217151],[0.330317,0.826027,-0.456694],[0.391085,0.320588,0.862714]]],1],[802,[-0.502781,-0.767164,0.398335],80,67.0064,[-40.9735,66.9768,52.9769],[-38.8188,66.2791,53.5036],[159.329,-72.6483,-58.5112],false,[35.2778,136.17,104.002],[11.2874,134.485,38.5096],[-19.4304,97.9124,32.0171],[-33.7277,76.097,43.3443],[-40.8169,63.2386,55.0722],[[[0.748431,-0.610786,-0.25844],[0.567107,0.791428,-0.228104],[0.34386,0.0241571,0.93871]],[[0.767226,-0.608334,-0.203208],[-0.0722432,0.232848,-0.969826],[0.637295,0.758757,0.134699]],[[0.767226,-0.608334,-0.203208],[-0.398214,-0.203444,-0.894447],[0.502781,0.767164,-0.398335]],[[0.767226,-0.608334,-0.203208],[-0.5187,-0.402159,-0.754466],[0.377246,0.68425,-0.624089]]],2],[803,[-0.581101,-0.724824,0.37007],80,64.4285,[-23.3235,62.4721,50.6491],[-21.6773,61.9437,51.3232],[161.214,-74.9584,-41.6088],false,[44.6558,129.396,99.8667],[31.0959,123.233,39.0234],[0.855126,91.2438,31.3763],[-15.2425,71.1647,41.628],[-23.9298,59.0973,52.9418],[[[0.745981,-0.658485,-0.0995487],[0.629803,0.746134,-0.215946],[0.216474,0.0983953,0.971317]],[[0.736031,-0.662093,-0.141035],[0.0123436,0.221431,-0.975098],[0.676835,0.715961,0.171153]],[[0.736031,-0.662093,-0.141035],[-0.347246,-0.190428,-0.918236],[0.581101,0.724824,-0.37007]],[[0.736031,-0.662093,-0.141035],[-0.492009,-0.380115,-0.783224],[0.464958,0.645868,-0.605532]]],3],[804,[-0.719348,-0.59419,0.359829],80,50.5107,[-1.80906,68.3072,50.1393],[-1.31454,68.2083,50.6008],[165.599,-76.6017,-14.7866],false,[51.4415,116.896,99.3589],[47.0827,109.311,42.0374],[21.0587,86.3857,35.1485],[6.98917,74.764,42.1863],[-3.84986,66.1593,52.4616],[[[0.651637,-0.756842,0.0505979],[0.754797,0.640374,-0.142133],[0.0751702,0.13081,0.988554]],[[0.651914,-0.756346,0.0543018],[0.182563,0.0870449,-0.979333],[0.735988,0.648355,0.194827]],[[0.651914,-0.756346,0.0543018],[-0.23989,-0.27364,-0.931437],[0.719348,0.59419,-0.359829]],[[0.651914,-0.756346,0.0543018],[-0.423769,-0.422769,-0.801054],[0.628831,0.499207,-0.596124]]],4]],[[0,200,0],[235.247,235.247,147.751]]],[124209,4692639809,[[79,"left",[0.918922,-0.163551,-0.358934],[0.365344,0.00990584,0.93082],[-92.1176,90.7971,-9.41633],[-6.85066,26.3003,1.68294],[-91.5442,91.5552,-8.93937],1,0,0.157009,[[-0.576616,-0.816911,0.0130454],[0.0961753,-0.0837241,-0.991837],[-0.811335,0.570654,-0.126843]],61.7413,[-355.084,241.319,-27.2077],[-142.826,92.027,5.97649]],[80,"right",[-0.232173,0.0837881,-0.969059],[-0.489672,-0.870894,0.042018],[21.0113,126.188,62.1378],[165.839,-60.1482,-4.85908],[20.6572,126.282,62.1373],1,0,0.512376,[[0.794753,-0.463998,-0.391246],[0.491906,0.870038,-0.0325946],[0.355523,-0.166552,0.919709]],63.72,[138.062,76.7652,360.753],[42.0704,121.734,112.431]]],[[790,[0.811386,-0.489029,0.320163],79,50.498,[-56.7468,87.5674,42.4571],[-57.7915,87.8501,42.4652],[4.59286,-14.1332,-12.0711],false,[-137.943,119.922,15.0053],[-137.943,119.922,15.0053],[-90.7884,119.279,25.7517],[-63.9828,103.123,36.3288],[-55.6775,83.3794,43.7764],[[[-0.207291,-0.437733,-0.874883],[-0.402352,0.853315,-0.331611],[-0.891708,-0.283271,0.353007]],[[0.210729,-0.266172,-0.940609],[0.0716583,0.963834,-0.25669],[-0.974915,0.0133103,-0.222181]],[[0.210729,-0.266172,-0.940609],[0.545203,0.830664,-0.112916],[-0.811386,0.489029,-0.320163]],[[0.210729,-0.266172,-0.940609],[0.906343,0.413703,0.0859828],[-0.366247,0.870633,-0.328423]]],0],[791,[0.984104,0.113374,0.136692],79,56.9814,[9.77761,117.969,-13.3179],[9.56017,119.796,-13.6351],[-0.845834,4.79948,-0.284845],false,[-136.499,110.33,-5.81354],[-67.0147,110.745,-21.7299],[-25.6839,115.588,-20.62],[-2.63637,118.243,-17.4187],[13.4217,120.069,-13.8309],[[[0.00771828,-0.999941,0.00761203],[-0.223221,-0.00914306,-0.974725],[-0.974737,-0.00582403,0.223278]],[[0.116821,-0.993,-0.0174387],[0.0244467,0.0204287,-0.999492],[-0.992852,-0.116336,-0.0266621]],[[0.116821,-0.993,-0.0174387],[0.133759,0.0331301,-0.99046],[-0.984104,-0.113374,-0.136692]],[[0.116821,-0.993,-0.0174387],[0.213277,0.0422325,-0.976079],[-0.969982,-0.110308,-0.216718]]],1],[792,[-0.334659,0.235741,0.912376],79,64.9257,[-50.776,97.6867,23.9178],[-51.0614,97.4799,24.6223],[0.689201,-2.95241,-1.55218],false,[-136.22,98.5161,-7.45887],[-70.8533,89.655,-22.2473],[-27.9058,88.6337,-3.92523],[-37.1268,95.1291,21.2138],[-54.6225,98.0451,25.3302],[[[-0.0861034,-0.975227,0.203762],[-0.240048,-0.178189,-0.954267],[-0.966935,0.131078,0.218759]],[[-0.112547,-0.971272,0.209676],[0.37645,-0.236966,-0.895619],[-0.919575,0.0218671,-0.392305]],[[-0.112547,-0.971272,0.209676],[0.935594,-0.0325154,0.351577],[0.334659,-0.235741,-0.912376]],[[-0.112547,-0.971272,0.209676],[0.253155,0.176025,0.951277],[0.960857,-0.160144,-0.226072]]],2],[793,[-0.271115,0.359147,0.893034],79,62.4278,[-60.259,80.12,25.2347],[-60.4262,79.8178,25.4328],[-2.57943,-2.22022,-11.5423],false,[-136.68,86.7047,-6.05167],[-79.7456,69.7873,-18.5457],[-39.9033,65.916,-2.05879],[-47.1805,75.5561,21.9118],[-63.9218,80.9117,26.2472],[[[-0.209115,-0.929082,0.305087],[-0.276288,-0.24314,-0.929811],[-0.938049,0.278729,0.20585]],[[-0.217002,-0.926703,0.306808],[0.32548,-0.365,-0.87226],[-0.920311,0.0894227,-0.380829]],[[-0.217002,-0.926703,0.306808],[0.937767,-0.11061,0.329179],[0.271115,-0.359147,-0.893034]],[[-0.217002,-0.926703,0.306808],[0.31268,0.231752,0.921153],[0.924738,-0.295825,-0.239471]]],3],[794,[-0.13127,0.636263,0.760222],79,48.9422,[-71.3438,64.7117,20.4853],[-71.437,63.9623,20.3714],[-4.15994,-0.48635,-19.7479],false,[-137.829,75.7882,2.29594],[-88.2604,52.6525,-10.5243],[-58.6448,43.8604,4.28927],[-61.1326,55.9185,18.6966],[-74.3004,66.0046,20.6509],[[[-0.267734,-0.837547,0.476271],[-0.387231,-0.3591,-0.849176],[-0.882253,0.41178,0.228181]],[[-0.470826,-0.714864,0.517003],[0.176415,-0.650473,-0.738757],[-0.864408,0.256619,-0.432372]],[[-0.470826,-0.714864,0.517003],[0.872405,-0.290066,0.393409],[0.13127,-0.636263,-0.760222]],[[-0.470826,-0.714864,0.517003],[0.395867,0.352524,0.847948],[0.788424,-0.603901,-0.117014]]],4],[800,[-0.23315,-0.479694,-0.845893],80,52.1164,[-10.0355,83.4084,45.5374],[-9.71,82.8462,45.5502],[185.028,-67.7977,-22.7091],false,[13.6175,125.848,123.135],[13.6175,125.848,123.135],[-10.9552,113.173,81.5742],[-18.9045,96.8179,52.733],[-6.70623,79.1986,43.3259],[[[0.730857,0.600429,-0.324551],[-0.366774,0.746519,0.555146],[0.575609,-0.286695,0.76582]],[[0.544875,0.656049,-0.522218],[-0.678813,0.710728,0.184605],[0.492264,0.253902,0.832592]],[[0.544875,0.656049,-0.522218],[-0.805452,0.582661,-0.108416],[0.23315,0.479694,0.845893]],[[0.544875,0.656049,-0.522218],[-0.656846,-0.0531759,-0.752147],[-0.521215,0.752843,0.401949]]],0],[801,[-0.313632,-0.186692,-0.931011],80,58.8075,[-27.337,132.953,-31.8092],[-26.3702,134.06,-32.0708],[259.391,-92.0833,-61.2954],false,[27.4862,139.867,109.983],[-4.77633,142.288,43.9087],[-14.7367,141.662,2.12151],[-22.3173,137.149,-20.3814],[-28.6674,131.645,-35.2574],[[[0.789514,-0.463333,-0.402481],[0.42937,0.885573,-0.177205],[0.438531,-0.0329073,0.898113]],[[0.865486,-0.459533,-0.19941],[0.444056,0.888041,-0.119154],[0.231839,0.014577,0.972645]],[[0.865486,-0.459533,-0.19941],[0.390602,0.868318,-0.305704],[0.313632,0.186692,0.931011]],[[0.865486,-0.459533,-0.19941],[0.335861,0.82767,-0.449623],[0.371662,0.322168,0.870675]]],1],[802,[-0.505432,-0.768049,0.393241],80,67.0064,[-37.2718,65.6241,52.0862],[-35.2048,65.0828,52.7882],[180.853,-70.3737,-49.6839],false,[37.5757,135.75,104.249],[14.7651,133.513,38.3536],[-15.6085,96.7186,31.5047],[-29.9811,74.878,42.6871],[-37.2074,62.0406,54.3542],[[[0.756659,-0.607653,-0.241296],[0.566189,0.793555,-0.222937],[0.32695,0.0320684,0.944497]],[[0.774461,-0.604744,-0.185727],[-0.0558478,0.22708,-0.972273],[0.630151,0.763361,0.142091]],[[0.774461,-0.604744,-0.185727],[-0.380458,-0.210678,-0.900481],[0.505432,0.768049,-0.393241]],[[0.774461,-0.604744,-0.185727],[-0.502334,-0.409408,-0.761607],[0.384539,0.683132,-0.620854]]],2],[803,[-0.583504,-0.726437,0.363059],80,64.4285,[-19.5328,61.2004,50.1352],[-17.9972,60.8409,50.9364],[183.428,-69.124,-32.1666],false,[47.0673,129.01,100.324],[34.6302,122.389,39.2891],[4.72671,90.1754,31.2666],[-11.4375,70.0517,41.324],[-20.2604,57.9894,52.5379],[[[0.751677,-0.654392,-0.0821782],[0.628936,0.748731,-0.209385],[0.198549,0.105705,0.974374]],[[0.742446,-0.658332,-0.123992],[0.0288124,0.216298,-0.975902],[0.669286,0.720982,0.179557]],[[0.742446,-0.658332,-0.123992],[-0.329085,-0.197202,-0.923479],[0.583504,0.726437,-0.363059]],[[0.742446,-0.658332,-0.123992],[-0.47517,-0.387055,-0.790191],[0.472216,0.645591,-0.600186]]],3],[804,[-0.722047,-0.596618,0.350277],80,50.5107,[1.87001,67.2848,50.1029],[2.35784,67.2307,50.6006],[185.282,-66.5903,-7.84885],false,[53.9378,116.55,100.015],[50.6463,108.586,42.6733],[24.8939,85.4589,35.4471],[10.7716,73.7898,42.2981],[-0.19706,65.1773,52.4284],[[[0.655284,-0.752416,0.0668809],[0.753247,0.644211,-0.132706],[0.0567645,0.137338,0.988896]],[[0.655486,-0.751911,0.0704824],[0.199764,0.0826252,-0.976354],[0.728308,0.654067,0.204364]],[[0.655486,-0.751911,0.0704824],[-0.221326,-0.280493,-0.93399],[0.722047,0.596618,-0.350277]],[[0.655486,-0.751911,0.0704824],[-0.406691,-0.430089,-0.805994],[0.636349,0.499654,-0.587712]]],4]],[[0,200,0],[235.247,235.247,147.751]]],[124210,4692656221,[[79,"left",[0.914006,-0.166726,-0.369859],[0.374574,-0.00339723,0.927191],[-92.0437,91.5225,-9.15575],[-1.8189,34.2301,7.97254],[-91.5716,91.5534,-8.95126],1,0,0.17607,[[-0.572665,-0.819786,0.0023004],[0.105265,-0.0763158,-0.991512],[-0.813003,0.567562,-0.129998]],61.7413,[-355.281,241.461,-27.256],[-142.586,92.9777,6.75366]],[80,"right",[-0.209505,0.0852445,-0.974085],[-0.498793,-0.866149,0.0314809],[23.7743,125.235,62.3935],[166.953,-59.2334,4.1976],[23.3603,125.374,62.3595],1,0,0.529293,[[0.79466,-0.473118,-0.380362],[0.496924,0.866868,-0.0400801],[0.348686,-0.157161,0.923969]],63.72,[137.798,78.1859,362.622],[43.6533,120.619,113.151]]],[[790,[0.807062,-0.505173,0.305698],79,50.498,[-56.7514,87.565,42.4503],[-57.3095,87.4463,42.2312],[13.6404,-23.4346,-13.1658],false,[-137.392,120.731,16.0434],[-137.392,120.731,16.0434],[-90.1284,119.366,26.2257],[-63.4656,102.677,36.325],[-55.2989,82.7639,43.4676],[[[-0.219388,-0.426258,-0.877595],[-0.398797,0.860111,-0.318071],[-0.89041,-0.280202,0.358688]],[[0.196286,-0.258747,-0.945792],[0.0811585,0.965533,-0.247304],[-0.977182,0.0282167,-0.21052]],[[0.196286,-0.258747,-0.945792],[0.556886,0.823317,-0.109667],[-0.807062,0.505173,-0.305698]],[[0.196286,-0.258747,-0.945792],[0.912017,0.402438,0.0791783],[-0.360135,0.878119,-0.314974]]],0],[791,[0.986259,0.103736,0.128576],79,56.9814,[9.78022,117.991,-13.3417],[9.81797,119.748,-14.0865],[6.0821,1.4218,-11.7541],false,[-136.23,111.361,-4.89428],[-66.9054,111.409,-21.4957],[-25.5265,115.9,-20.7664],[-2.42848,118.33,-17.7551],[13.6749,119.983,-14.2882],[[[-0.00016738,-0.999994,-0.00359636],[-0.232889,0.00353646,-0.972497],[-0.972503,-0.000674778,0.232888]],[[0.10837,-0.993671,-0.0295653],[0.0142199,0.0312869,-0.999409],[-0.994009,-0.107885,-0.0175205]],[[0.10837,-0.993671,-0.0295653],[0.124695,0.0430928,-0.991259],[-0.986259,-0.103736,-0.128576]],[[0.10837,-0.993671,-0.0295653],[0.205141,0.0514532,-0.977379],[-0.972714,-0.0998531,-0.209419]]],1],[792,[-0.325352,0.228066,0.917677],79,64.9257,[-50.768,97.6828,23.9231],[-50.6252,97.5023,24.5333],[10.9474,-0.862458,-3.22293],false,[-136.061,99.565,-6.67372],[-70.9168,90.3573,-22.2096],[-27.814,88.8115,-4.29333],[-36.7786,95.0955,20.9918],[-54.2184,98.0928,25.2831],[[[-0.0918502,-0.976744,0.193741],[-0.250859,-0.165591,-0.953755],[-0.963656,0.136204,0.229816]],[[-0.117979,-0.972686,0.199909],[0.366521,-0.229754,-0.901596],[-0.922899,0.0330984,-0.383616]],[[-0.117979,-0.972686,0.199909],[0.938204,-0.0432257,0.343373],[0.325352,-0.228066,-0.917677]],[[-0.117979,-0.972686,0.199909],[0.262146,0.163666,0.951048],[0.957789,-0.164609,-0.235677]]],2],[793,[-0.259322,0.351126,0.899701],79,62.4278,[-60.2547,80.117,25.233],[-60.0813,79.8923,25.2229],[7.65406,0.714318,-12.4899],false,[-136.602,87.7425,-5.39356],[-79.9299,70.5198,-18.6411],[-39.9465,66.1444,-2.62871],[-46.9072,75.5692,21.5209],[-63.5661,81.0016,26.0723],[[[-0.213485,-0.930773,0.296792],[-0.287372,-0.230525,-0.929664],[-0.933725,0.283759,0.218264]],[[-0.221171,-0.928404,0.29858],[0.31321,-0.357564,-0.8798],[-0.923571,0.101068,-0.369868]],[[-0.221171,-0.928404,0.29858],[0.940125,-0.121559,0.318414],[0.259322,-0.351126,-0.899701]],[[-0.221171,-0.928404,0.29858],[0.323005,0.219146,0.920675],[0.920191,-0.300069,-0.25141]]],3],[794,[-0.116135,0.627911,0.769571],79,48.9422,[-71.342,64.7063,20.4817],[-71.2333,64.1347,20.0925],[3.65302,3.97886,-18.7901],false,[-137.756,76.7425,2.84304],[-88.5014,53.3636,-10.7266],[-58.7977,44.1053,3.61931],[-60.9986,56.0051,18.2038],[-74.0533,66.1832,20.4232],[[[-0.269682,-0.840706,0.469559],[-0.398434,-0.346507,-0.849225],[-0.876654,0.416109,0.241519]],[[-0.471513,-0.716794,0.513694],[0.161324,-0.642794,-0.74886],[-0.866977,0.270226,-0.418722]],[[-0.471513,-0.716794,0.513694],[0.874178,-0.303205,0.379314],[0.116135,-0.627911,-0.769571]],[[-0.471513,-0.716794,0.513694],[0.408302,0.338866,0.84762],[0.781642,-0.609406,-0.132889]]],4],[800,[-0.218128,-0.478221,-0.85072],80,52.1164,[-7.24431,82.7022,45.1283],[-6.96668,82.1867,45.1244],[177.241,-55.8604,-24.3011],false,[15.0074,125.012,123.209],[15.0074,125.012,123.209],[-8.73309,112.549,81.1043],[-16.1703,96.244,52.0985],[-3.95379,78.4992,42.9549],[[[0.743677,0.593176,-0.308363],[-0.372017,0.750417,0.546331],[0.555471,-0.291578,0.778739]],[[0.563,0.65037,-0.509951],[-0.675901,0.717414,0.168745],[0.475593,0.249673,0.843489]],[[0.563,0.65037,-0.509951],[-0.797152,0.59019,-0.127374],[0.218128,0.478221,0.85072]],[[0.563,0.65037,-0.509951],[-0.640745,-0.0462307,-0.76636],[-0.521993,0.75821,0.390693]]],0],[801,[-0.293198,-0.180644,-0.938831],80,58.8075,[-22.3756,132.532,-32.6818],[-21.4315,133.523,-32.8849],[279.081,-61.8603,-57.7088],false,[29.3018,138.889,110.364],[-1.44173,141.566,43.5797],[-10.4928,140.999,1.58532],[-17.5795,136.633,-21.1066],[-23.6067,131.29,-36.1747],[[[0.793903,-0.471159,-0.384353],[0.441691,0.881298,-0.167999],[0.417883,-0.0363903,0.907772]],[[0.865191,-0.467962,-0.180157],[0.45504,0.88365,-0.110003],[0.210673,0.0131947,0.977467]],[[0.865191,-0.467962,-0.180157],[0.406792,0.865089,-0.293497],[0.293198,0.180644,0.938831]],[[0.865191,-0.467962,-0.180157],[0.356372,0.826583,-0.435614],[0.352766,0.312686,0.881921]]],1],[802,[-0.521768,-0.763054,0.381454],80,67.0064,[-34.518,64.9251,51.1163],[-32.8192,64.6575,51.7358],[165.935,-50.5458,-55.8387],false,[39.4779,134.671,104.862],[18.1349,132.6,38.4706],[-12.4279,96.0998,30.927],[-27.2651,74.4013,41.7742],[-34.8815,61.6368,53.2718],[[[0.756054,-0.615033,-0.223867],[0.578618,0.787942,-0.210589],[0.305913,0.0296832,0.951597]],[[0.772635,-0.612249,-0.16789],[-0.0313168,0.227377,-0.973303],[0.634078,0.757266,0.156505]],[[0.772635,-0.612249,-0.16789],[-0.361654,-0.207125,-0.909014],[0.521768,0.763054,-0.381454]],[[0.772635,-0.612249,-0.16789],[-0.488636,-0.40468,-0.772961],[0.405303,0.679254,-0.611837]]],2],[803,[-0.598426,-0.720551,0.350275],80,64.4285,[-16.7939,60.4487,49.5764],[-15.5967,60.2533,50.3492],[167.578,-54.3077,-33.6671],false,[48.9905,127.838,101.155],[37.8667,121.288,39.8592],[7.84425,89.3549,31.187],[-8.73334,69.3941,40.8903],[-17.9209,57.4252,51.9096],[[[0.747047,-0.661598,-0.0648751],[0.640613,0.742532,-0.195603],[0.177582,0.104565,0.978535]],[[0.738715,-0.665485,-0.106916],[0.0527543,0.215224,-0.975139],[0.671951,0.714709,0.194096]],[[0.738715,-0.665485,-0.106916],[-0.310141,-0.194772,-0.930525],[0.598426,0.720551,-0.350275]],[[0.738715,-0.665485,-0.106916],[-0.460974,-0.383099,-0.800461],[0.491735,0.640598,-0.589772]]],3],[804,[-0.737367,-0.592944,0.323584],80,50.5107,[4.38902,66.4254,49.3987],[4.81454,66.3969,49.98],[169.561,-60.5074,-26.2461],false,[55.7469,115.312,101.007],[53.6701,107.336,43.6106],[27.9328,84.5015,35.4584],[13.5107,72.9042,41.7873],[2.17767,64.3151,51.5287],[[[0.646393,-0.758582,0.0820328],[0.762163,0.636891,-0.116087],[0.0358157,0.13756,0.989846]],[[0.646441,-0.758394,0.0833761],[0.228695,0.0883527,-0.969481],[0.727882,0.64578,0.230556]],[[0.646441,-0.758394,0.0833761],[-0.195967,-0.270657,-0.942519],[0.737367,0.592944,-0.323584]],[[0.646441,-0.758394,0.0833761],[-0.387063,-0.420158,-0.820762],[0.657492,0.498302,-0.565154]]],4]],[[0,200,0],[235.247,235.247,147.751]]],[124211,4692676542,[[79,"left",[0.913715,-0.180286,-0.364174],[0.371152,0.00538538,0.928557],[-92.5141,92.1916,-9.41925],[-12.8156,33.5593,-2.82325],[-91.6357,91.5968,-8.98308],1,0,0.20227,[[-0.571786,-0.820202,0.0181819],[0.0953482,-0.0884492,-0.991507],[-0.814843,0.565196,-0.128779]],61.7413,[-356.274,242.201,-27.4113],[-143.098,94.3373,6.27922]],[80,"right",[-0.190438,0.0799395,-0.978439],[-0.513213,-0.857743,0.0298105],[26.8673,124.247,61.2116],[159.349,-53.7548,-27.9531],[26.5141,124.36,61.3272],1,0,0.540142,[[0.790444,-0.489298,-0.368492],[0.509744,0.85903,-0.0472123],[0.339646,-0.150518,0.928431]],63.72,[137.452,79.1247,363.037],[45.7473,119.765,112.361]]],[[790,[0.800397,-0.510337,0.314515],79,50.498,[-56.7648,87.5724,42.4406],[-57.9576,88.3276,42.0735],[-9.4028,9.00375,-10.0314],false,[-137.674,122.161,15.2195],[-137.674,122.161,15.2195],[-90.4607,120.285,25.5552],[-64.0181,103.425,35.9458],[-55.9534,83.5824,43.3939],[[[-0.220247,-0.435794,-0.872682],[-0.389426,0.859546,-0.330951],[-0.894337,-0.266955,0.359022]],[[0.195254,-0.274109,-0.941669],[0.0951043,0.960916,-0.259992],[-0.976131,0.0387923,-0.213691]],[[0.195254,-0.274109,-0.941669],[0.56678,0.81512,-0.119751],[-0.800397,0.510337,-0.314515]],[[0.195254,-0.274109,-0.941669],[0.914003,0.399019,0.0733673],[-0.355633,0.875013,-0.328446]]],0],[791,[0.986685,0.0955589,0.131608],79,56.9814,[9.78024,118.005,-13.3648],[9.63216,119.352,-14.3629],[-1.84657,-9.99304,-11.6972],false,[-136.525,112.503,-5.58757],[-67.1428,111.673,-21.9273],[-25.7233,115.76,-21.1241],[-2.61534,117.998,-18.0418],[13.4853,119.535,-14.5099],[[[-0.00968097,-0.999906,0.00966875],[-0.229308,-0.00719161,-0.973327],[-0.973306,0.0116399,0.229217]],[[0.0984794,-0.995013,-0.0158491],[0.0176435,0.0176698,-0.999688],[-0.994983,-0.0981691,-0.0192956]],[[0.0984794,-0.995013,-0.0158491],[0.129437,0.0285988,-0.991175],[-0.986685,-0.0955589,-0.131608]],[[0.0984794,-0.995013,-0.0158491],[0.21081,0.0364242,-0.976848],[-0.972554,-0.0928583,-0.213345]]],1],[792,[-0.327815,0.243264,0.912886],79,64.9257,[-50.7686,97.6915,23.9266],[-51.1807,98.227,24.331],[-9.69657,17.9657,-6.45493],false,[-136.462,100.683,-7.20972],[-71.3519,90.6528,-22.3769],[-28.342,88.9534,-4.2527],[-37.3744,95.6561,20.9004],[-54.8083,98.8663,25.0599],[[[-0.101855,-0.973166,0.206334],[-0.248956,-0.175877,-0.952412],[-0.963144,0.148376,0.224362]],[[-0.127742,-0.96882,0.212298],[0.368244,-0.24508,-0.896846],[-0.920912,0.0363871,-0.388069]],[[-0.127742,-0.96882,0.212298],[0.936066,-0.0470191,0.348668],[0.327815,-0.243264,-0.912886]],[[-0.127742,-0.96882,0.212298],[0.258745,0.174086,0.950129],[0.957462,-0.176302,-0.228439]]],2],[793,[-0.259306,0.365408,0.894001],79,62.4278,[-60.2575,80.1239,25.2296],[-60.7798,80.7101,25.2128],[-14.2118,20.966,-6.33011],false,[-137.12,88.8845,-5.77488],[-80.5665,70.9508,-18.5795],[-40.6781,66.4103,-2.37728],[-47.6384,76.2185,21.6193],[-64.265,81.8631,26.0286],[[[-0.22342,-0.924678,0.308307],[-0.286173,-0.240136,-0.927599],[-0.931766,0.295474,0.210967]],[[-0.230898,-0.922275,0.309992],[0.312652,-0.372034,-0.873979],[-0.921377,0.10488,-0.374253]],[[-0.230898,-0.922275,0.309992],[0.937788,-0.12604,0.323524],[0.259306,-0.365408,-0.894001]],[[-0.230898,-0.922275,0.309992],[0.321282,0.228461,0.919012],[0.918403,-0.311793,-0.243559]]],3],[794,[-0.111409,0.638685,0.76136],79,48.9422,[-71.349,64.7057,20.4761],[-72.0389,64.961,20.2495],[-18.4728,22.6604,-4.99713],false,[-138.408,78.0065,2.60251],[-89.3298,53.9833,-10.4704],[-59.7606,44.5953,4.06773],[-61.872,56.6994,18.4966],[-74.8286,67.037,20.5459],[[[-0.279384,-0.831792,0.479652],[-0.398627,-0.35398,-0.846046],[-0.873522,0.427575,0.232678]],[[-0.480285,-0.705319,0.521394],[0.156422,-0.653791,-0.740331],[-0.863052,0.274013,-0.424333]],[[-0.480285,-0.705319,0.521394],[0.870008,-0.307582,0.38533],[0.111409,-0.638685,-0.76136]],[[-0.480285,-0.705319,0.521394],[0.409269,0.345552,0.844448],[0.775774,-0.618966,-0.122702]]],4],[800,[-0.205846,-0.484948,-0.849972],80,52.1164,[-4.22361,81.9042,43.8107],[-4.09873,81.4911,43.7196],[160.427,-46.8935,-47.831],false,[16.9988,124.705,121.857],[16.9988,124.705,121.857],[-6.08757,112.212,79.3986],[-13.106,95.6773,50.4183],[-1.05219,77.6533,41.611],[[[0.758624,0.57844,-0.299828],[-0.369668,0.761092,0.532997],[0.536503,-0.293507,0.791213]],[[0.583305,0.636601,-0.504475],[-0.667727,0.729456,0.14844],[0.462489,0.250266,0.850571]],[[0.583305,0.636601,-0.504475],[-0.785737,0.599637,-0.15183],[0.205846,0.484948,0.849972]],[[0.583305,0.636601,-0.504475],[-0.628083,-0.0403145,-0.777101],[-0.515041,0.770139,0.376323]]],0],[801,[-0.276826,-0.17886,-0.944127],80,58.8075,[-17.2703,131.701,-34.8361],[-16.4765,132.497,-34.9863],[262.957,-51.0701,-82.8393],false,[31.7457,138.236,109.156],[2.26303,140.812,41.8016],[-6.04705,140.033,-0.34223],[-12.738,135.71,-23.1622],[-18.513,130.486,-38.3701],[[[0.793011,-0.487194,-0.365753],[0.458843,0.872592,-0.167472],[0.400745,-0.0350163,0.91552]],[[0.860539,-0.483357,-0.160747],[0.471232,0.875236,-0.109102],[0.193427,0.0181375,0.980947]],[[0.860539,-0.483357,-0.160747],[0.427599,0.856957,-0.287722],[0.276826,0.17886,0.944127]],[[0.860539,-0.483357,-0.160747],[0.381089,0.820298,-0.426476],[0.338001,0.30574,0.8901]]],1],[802,[-0.541827,-0.751765,0.375863],80,67.0064,[-31.9841,64.5618,49.4609],[-30.5441,64.4828,49.8267],[138.644,-28.9467,-75.7158],false,[41.9502,133.807,103.876],[21.7815,131.489,37.1275],[-9.22587,95.4435,29.2208],[-24.6335,74.066,39.909],[-32.6854,61.5086,51.3379],[[[0.749944,-0.629015,-0.204756],[0.594992,0.776683,-0.206755],[0.289082,0.0332267,0.956727]],[[0.765568,-0.625995,-0.148447],[-0.008326,0.221079,-0.97522],[0.643301,0.747833,0.164039]],[[0.765568,-0.625995,-0.148447],[-0.346885,-0.207316,-0.914708],[0.541827,0.751765,-0.375863]],[[0.765568,-0.625995,-0.148447],[-0.479913,-0.401996,-0.779797],[0.428474,0.668229,-0.608178]]],2],[803,[-0.616313,-0.707803,0.345213],80,64.4285,[-14.2378,59.8781,48.3541],[-13.3305,59.7974,48.9762],[139.167,-37.9727,-50.8981],false,[51.4167,126.79,100.402],[41.2995,119.875,38.9727],[10.9274,88.3534,30.0187],[-6.14573,68.7459,39.5818],[-15.7256,57.0218,50.53],[[[0.737309,-0.674017,-0.0455611],[0.655964,0.730421,-0.190252],[0.161512,0.110388,0.980677]],[[0.729675,-0.678144,-0.0877253],[0.0740127,0.205864,-0.975778],[0.679777,0.705508,0.200405]],[[0.729675,-0.678144,-0.0877253],[-0.296196,-0.197827,-0.934415],[0.616313,0.707803,-0.345213]],[[0.729675,-0.678144,-0.0877253],[-0.452417,-0.382586,-0.805572],[0.512731,0.627494,-0.585967]]],3],[804,[-0.75402,-0.581896,0.304714],80,50.5107,[6.80522,65.5485,47.8374],[7.18069,65.5575,48.4456],[142.389,-51.398,-55.3242],false,[57.9713,114.157,100.486],[56.8049,105.706,43.1314],[30.9074,83.2853,34.3619],[16.1596,71.9041,40.3218],[4.47047,63.4833,49.7854],[[[0.63246,-0.76807,0.100314],[0.774332,0.623559,-0.107629],[0.0201156,0.145747,0.989117]],[[0.632395,-0.768513,0.0972848],[0.252286,0.0855877,-0.96386],[0.732413,0.634084,0.24801]],[[0.632395,-0.768513,0.0972848],[-0.177567,-0.266054,-0.947463],[0.75402,0.581896,-0.304714]],[[0.632395,-0.768513,0.0972848],[-0.374416,-0.413183,-0.830116],[0.678151,0.488536,-0.549038]]],4]],[[0,200,0],[235.247,235.247,147.751]]],[124212,4692691979,[[79,"left",[0.912362,-0.190559,-0.362331],[0.370659,0.00875439,0.928728],[-92.7174,92.8147,-9.37973],[-12.9665,36.439,-0.543986],[-91.6928,91.6611,-9.00401],1,0,0.218158,[[-0.569951,-0.821242,0.0267826],[0.0910386,-0.095509,-0.991257],[-0.81662,0.56253,-0.1292]],61.7413,[-356.931,242.665,-27.5291],[-143.29,95.4983,6.27172]],[80,"right",[-0.175924,0.0774778,-0.98135],[-0.5286,-0.848417,0.027778],[29.329,123.433,60.5374],[159.399,-53.306,-34.6083],[28.7775,123.615,60.6922],1,0,0.560582,[[0.784214,-0.506221,-0.358815],[0.523375,0.850279,-0.0557141],[0.333297,-0.144103,0.931744]],63.72,[137.433,80.0154,363.531],[47.4427,118.923,111.96]]],[[790,[0.794026,-0.517909,0.318265],79,50.498,[-56.7811,87.5846,42.4321],[-58.2157,88.8297,42.1223],[-12.7347,16.2767,-3.66739],false,[-137.636,123.337,15.0202],[-137.636,123.337,15.0202],[-90.455,120.92,25.3914],[-64.2229,103.81,35.9059],[-56.2385,83.9924,43.506],[[[-0.223435,-0.440022,-0.869746],[-0.381949,0.860469,-0.337208],[-0.896768,-0.256854,0.360324]],[[0.192062,-0.283002,-0.939693],[0.10765,0.957816,-0.266457],[-0.975461,0.0499814,-0.214425]],[[0.192062,-0.283002,-0.939693],[0.576745,0.807267,-0.12524],[-0.794026,0.517909,-0.318265]],[[0.192062,-0.283002,-0.939693],[0.916047,0.395229,0.0682002],[-0.352093,0.873902,-0.335151]]],0],[791,[0.987164,0.0873212,0.133723],79,56.9814,[9.7804,118.013,-13.3842],[9.65694,119.028,-14.4256],[-0.688055,-15.3073,-5.98264],false,[-136.557,113.524,-5.71794],[-67.175,111.993,-22.0081],[-25.7204,115.701,-21.1879],[-2.60114,117.746,-18.0561],[13.4989,119.158,-14.4695],[[[-0.0181508,-0.999696,0.0166674],[-0.22881,-0.0120746,-0.973396],[-0.973302,0.0214816,0.228521]],[[0.0892691,-0.99597,-0.00862932],[0.0188552,0.0103522,-0.999769],[-0.995829,-0.0890857,-0.0197033]],[[0.0892691,-0.99597,-0.00862932],[0.132431,0.0204559,-0.990981],[-0.987164,-0.0873212,-0.133723]],[[0.0892691,-0.99597,-0.00862932],[0.215037,0.0277319,-0.976212],[-0.972518,-0.0852899,-0.216646]]],1],[792,[-0.326464,0.252395,0.910888],79,64.9257,[-50.7721,97.7074,23.9297],[-51.3492,98.7331,24.3389],[-10.4662,24.1298,-3.55515],false,[-136.593,101.693,-7.2572],[-71.5617,91.006,-22.3131],[-28.5744,89.0703,-4.15885],[-37.5696,96.0247,20.9392],[-54.9808,99.4083,25.0562],[[[-0.110206,-0.970799,0.213083],[-0.249898,-0.180437,-0.951312],[-0.96198,0.158089,0.222715]],[[-0.135988,-0.966206,0.218984],[0.366499,-0.254419,-0.894958],[-0.920427,0.0414465,-0.388711]],[[-0.135988,-0.966206,0.218984],[0.935376,-0.0523798,0.349754],[0.326464,-0.252395,-0.910888]],[[-0.135988,-0.966206,0.218984],[0.259155,0.178648,0.94917],[0.956214,-0.185827,-0.226103]]],2],[793,[-0.255783,0.373562,0.891643],79,62.4278,[-60.2646,80.1396,25.228],[-61.0629,81.2904,25.3241],[-15.8024,27.791,-0.744677],false,[-137.352,89.9107,-5.74016],[-80.9449,71.4098,-18.3835],[-41.0862,66.6347,-2.1758],[-47.9518,76.6617,21.7575],[-64.5316,82.4742,26.1249],[[[-0.231414,-0.920571,0.314638],[-0.287671,-0.244203,-0.926072],[-0.929351,0.304819,0.20831]],[[-0.238592,-0.918187,0.316239],[0.308869,-0.380483,-0.871684],[-0.920692,0.1103,-0.374379]],[[-0.238592,-0.918187,0.316239],[0.936829,-0.13185,0.323985],[0.255783,-0.373562,-0.891643]],[[-0.238592,-0.918187,0.316239],[0.323041,0.232058,0.917493],[0.915816,-0.321065,-0.241245]]],3],[794,[-0.104303,0.644238,0.757679],79,48.9422,[-71.362,64.7135,20.4732],[-72.4469,65.5609,20.4565],[-21.4799,29.0088,2.61528],false,[-138.737,79.103,2.71243],[-89.8561,54.5744,-10.1612],[-60.363,44.9707,4.3906],[-62.3397,57.1799,18.7497],[-75.2016,67.6484,20.7306],[[[-0.286687,-0.826015,0.485293],[-0.401131,-0.356517,-0.843795],[-0.870002,0.436571,0.229131]],[[-0.486657,-0.697458,0.526039],[0.148779,-0.659529,-0.736808],[-0.860831,0.280309,-0.424732]],[[-0.486657,-0.697458,0.526039],[0.867344,-0.313863,0.38627],[0.104303,-0.644238,-0.757679]],[[-0.486657,-0.697458,0.526039],[0.412442,0.347384,0.84215],[0.770102,-0.626799,-0.118604]]],4],[800,[-0.192074,-0.493379,-0.848342],80,52.1164,[-1.89705,81.2268,43.0145],[-1.71818,80.9174,42.8728],[163.127,-47.8963,-50.7212],false,[18.6615,124.423,121.041],[18.6615,124.423,121.041],[-3.84041,111.943,78.2662],[-10.3893,95.1213,49.3415],[1.48042,76.8317,40.8368],[[[0.772633,0.563259,-0.292879],[-0.36328,0.7706,0.523645],[0.52064,-0.298188,0.800011]],[[0.602593,0.622996,-0.498756],[-0.658542,0.741198,0.130185],[0.450782,0.250003,0.85691]],[[0.602593,0.622996,-0.498756],[-0.77459,0.607003,-0.177645],[0.192074,0.493379,0.848342]],[[0.602593,0.622996,-0.498756],[-0.616162,-0.0339798,-0.786886],[-0.507175,0.781486,0.363391]]],0],[801,[-0.264322,-0.17377,-0.94865],80,58.8075,[-13.3578,131.392,-36.2115],[-12.5383,131.997,-36.3369],[262.296,-38.0095,-86.5073],false,[33.8128,137.618,108.463],[5.28167,140.313,40.7045],[-2.46118,139.464,-1.54588],[-8.84996,135.264,-24.4751],[-14.4338,130.214,-39.8123],[[[0.789114,-0.503186,-0.352282],[0.476342,0.863402,-0.16624],[0.387811,-0.0366239,0.921011]],[[0.853944,-0.499325,-0.14647],[0.488158,0.866189,-0.106851],[0.180224,0.0197443,0.983427]],[[0.853944,-0.499325,-0.14647],[0.448233,0.84881,-0.280373],[0.264322,0.17377,0.94865]],[[0.853944,-0.499325,-0.14647],[0.404931,0.814427,-0.41562],[0.326819,0.295606,0.897667]]],1],[802,[-0.560673,-0.740322,0.370903],80,67.0064,[-30.5573,64.5416,48.3995],[-29.0045,64.6101,48.5656],[122.589,-13.2147,-78.2438],false,[44.0072,132.98,103.346],[24.6935,130.621,36.3464],[-6.83375,95.094,28.154],[-22.7773,74.0419,38.7011],[-31.2205,61.6804,50.061],[[[0.74141,-0.643275,-0.191075],[0.611292,0.764889,-0.203144],[0.276828,0.0338101,0.960324]],[[0.756358,-0.640188,-0.134472],[0.0096937,0.216511,-0.976232],[0.654087,0.737077,0.169966]],[[0.756358,-0.640188,-0.134472],[-0.337001,-0.205141,-0.918884],[0.560673,0.740322,-0.370903]],[[0.756358,-0.640188,-0.134472],[-0.475452,-0.396803,-0.78517],[0.449298,0.657805,-0.604504]]],2],[803,[-0.633626,-0.69508,0.339679],80,64.4285,[-12.8179,59.6641,47.523],[-11.8459,59.6235,48.0235],[121.349,-26.6637,-55.5075],false,[53.3941,125.777,100.04],[43.9775,118.678,38.5199],[13.1829,87.6522,29.2801],[-4.36975,68.397,38.6899],[-14.3097,56.9002,49.5578],[[[0.725861,-0.687106,-0.0318115],[0.671213,0.717663,-0.185559],[0.150329,0.113338,0.982118]],[[0.71873,-0.691342,-0.0739892],[0.0915916,0.199629,-0.975581],[0.689231,0.694402,0.206801]],[[0.71873,-0.691342,-0.0739892],[-0.286262,-0.197256,-0.937627],[0.633626,0.69508,-0.339679]],[[0.71873,-0.691342,-0.0739892],[-0.447659,-0.3787,-0.810054],[0.532005,0.615332,-0.581668]]],3],[804,[-0.769206,-0.569599,0.289619],80,50.5107,[8.23589,65.0182,46.8574],[8.78253,64.9797,47.4299],[126.248,-46.0733,-62.5136],false,[59.7234,113.032,100.283],[59.1739,104.264,42.9671],[33.0507,82.3036,33.7144],[18.0059,71.1629,39.379],[6.00931,62.9264,48.6174],[[[0.617432,-0.77844,0.113172],[0.786567,0.609231,-0.100747],[0.00947745,0.151221,0.988454]],[[0.617359,-0.779399,0.106798],[0.270277,0.0826456,-0.959229],[0.738796,0.621053,0.261675]],[[0.617359,-0.779399,0.106798],[-0.164897,-0.260949,-0.951165],[0.769206,0.569599,-0.289619]],[[0.617359,-0.779399,0.106798],[-0.366701,-0.405215,-0.837455],[0.695988,0.477847,-0.535969]]],4]],[[0,200,0],[235.247,235.247,147.751]]],[124213,4692699538,[[79,"left",[0.912361,-0.199136,-0.35769],[0.367596,0.0139167,0.929881],[-92.9174,93.1459,-9.39901],[-16.1551,38.1828,-1.01834],[-91.7251,91.7003,-9.01445],1,0,0.22553,[[-0.569268,-0.821367,0.0359182],[0.0855098,-0.102603,-0.99104],[-0.817693,0.561097,-0.128643]],61.7413,[-357.446,243.061,-27.5966],[-143.525,96.2697,6.05855]],[80,"right",[-0.168573,0.0738646,-0.982918],[-0.544969,-0.837901,0.0304968],[31.4001,122.295,60.1969],[186.48,-76.2994,-37.0772],[30.217,122.891,60.4203],1,0,0.56211,[[0.776263,-0.524853,-0.349206],[0.538728,0.839975,-0.0649165],[0.327396,-0.137735,0.934794]],63.72,[137.515,80.6152,364.154],[49.1181,117.804,111.759]]],[[790,[0.789457,-0.520874,0.324729],79,50.498,[-56.7927,87.5945,42.428],[-58.5926,89.3049,42.2179],[-21.3399,26.5983,0.353301],false,[-137.725,124.142,14.6026],[-137.725,124.142,14.6026],[-90.5952,121.446,25.1327],[-64.514,104.238,35.8607],[-56.634,84.4529,43.6505],[[[-0.223267,-0.445604,-0.866943],[-0.375436,0.860088,-0.345393],[-0.899555,-0.248367,0.359325]],[[0.192589,-0.292127,-0.936788],[0.115817,0.954754,-0.273919],[-0.974421,0.055742,-0.217708]],[[0.192589,-0.292127,-0.936788],[0.58281,0.802093,-0.130307],[-0.789457,0.520874,-0.324729]],[[0.192589,-0.292127,-0.936788],[0.917692,0.391684,0.0665209],[-0.347492,0.872494,-0.343517]]],0],[791,[0.986894,0.0813632,0.139354],79,56.9814,[9.78028,118.016,-13.3931],[9.62954,118.628,-14.2392],[-1.69207,-24.9625,4.84672],false,[-136.639,114.157,-6.05235],[-67.2136,112.063,-22.094],[-25.7379,115.483,-21.103],[-2.625,117.388,-17.8394],[13.4576,118.714,-14.1431],[[[-0.0244499,-0.999398,0.0246225],[-0.225622,-0.0184779,-0.97404],[-0.973908,0.0293706,0.225035]],[[0.0821832,-0.996617,-0.00013032],[0.0237132,0.00208617,-0.999717],[-0.996335,-0.0821568,-0.0238044]],[[0.0821832,-0.996617,-0.00013032],[0.138872,0.0115812,-0.990243],[-0.986894,-0.0813632,-0.139354]],[[0.0821832,-0.996617,-0.00013032],[0.222503,0.0184755,-0.974757],[-0.971462,-0.0800797,-0.223268]]],1],[792,[-0.3277,0.261686,0.907818],79,64.9257,[-50.7763,97.7188,23.9318],[-51.6091,99.0711,24.3916],[-16.1512,28.8398,-1.1571],false,[-136.744,102.314,-7.49679],[-71.7302,91.1018,-22.2455],[-28.8065,89.0401,-3.95542],[-37.8357,96.2504,21.058],[-55.2402,99.7734,25.0854],[[[-0.11698,-0.96835,0.220486],[-0.247835,-0.186523,-0.950677],[-0.961714,0.165854,0.218172]],[[-0.142688,-0.963562,0.226248],[0.367363,-0.263817,-0.891877],[-0.919067,0.0441445,-0.39162]],[[-0.142688,-0.963562,0.226248],[0.933945,-0.0553926,0.353099],[0.3277,-0.261686,-0.907818]],[[-0.142688,-0.963562,0.226248],[0.256898,0.184699,0.948625],[0.955847,-0.19348,-0.221183]]],2],[793,[-0.256001,0.382136,0.887939],79,62.4278,[-60.2717,80.1516,25.2284],[-61.4319,81.6952,25.489],[-23.5672,33.7325,4.58829],false,[-137.581,90.5489,-5.88789],[-81.2488,71.5965,-18.1908],[-41.4652,66.7005,-1.83514],[-48.3367,76.9577,21.9987],[-64.8943,82.9054,26.2671],[[[-0.238211,-0.916554,0.321223],[-0.28609,-0.249848,-0.925056],[-0.928121,0.312257,0.202701]],[[-0.245187,-0.914179,0.322739],[0.308875,-0.389214,-0.867819],[-0.918956,0.113092,-0.377797]],[[-0.245187,-0.914179,0.322739],[0.935065,-0.13509,0.327725],[0.256001,-0.382136,-0.887939]],[[-0.245187,-0.914179,0.322739],[0.321568,0.237366,0.916652],[0.914592,-0.328533,-0.235771]]],3],[794,[-0.102404,0.650825,0.75229],79,48.9422,[-71.3731,64.7214,20.4737],[-72.9076,65.995,20.7177],[-30.813,35.6553,10.2975],false,[-139.062,79.818