{"metadata":{"formatVersion":2,"generatedBy":"LeapJS Playback 0.2.1","frames":115,"protocolVersion":6,"serviceVersion":"2.2.5+26752","frameRate":"1.1e+2","modified":"Thu Apr 16 2015 19:38:37 GMT-0300 (E. South America Standard Time)"},"frames":[["id","timestamp",{"hands":[["id","type","direction","palmNormal","palmPosition","palmVelocity","stabilizedPalmPosition","pinchStrength","grabStrength","confidence","armBasis","armWidth","elbow","wrist"]]},{"pointables":[["id","direction","handId","length","stabilizedTipPosition","tipPosition","tipVelocity","tool","carpPosition","mcpPosition","pipPosition","dipPosition","btipPosition","bases","type"]]},{"interactionBox":["center","size"]}],[83507,4114290292,[[46,"right",[0.0508693,0.200945,-0.978281],[-0.210691,-0.955344,-0.207189],[7.59835,157.118,20.5863],[261.675,-27.8328,-15.8268],[7.47862,157.134,20.5896],0.955243,0,0.740733,[[0.77812,0.0769616,-0.623383],[0.199771,0.910608,0.361781],[0.5955,-0.406043,0.693187]],62.538,[170.902,41.3006,257.048],[13.0992,148.898,73.3588]]],[[460,[0.155993,-0.432614,-0.887981],46,51.1496,[-19.8348,111.605,-9.49687],[-21.8384,110.717,-10.8529],[322.028,1.64115,-5.0492],false,[-16.6191,144.159,74.2731],[-16.6191,144.159,74.2731],[-36.0374,135.39,30.1573],[-30.8174,120.913,0.442649],[-16.1494,108.823,-12.4517],[[[0.591206,0.806515,-0.00305944],[-0.711291,0.523183,0.469408],[0.380185,-0.27534,0.882976]],[[0.398187,0.850246,-0.34428],[-0.827251,0.495017,0.265731],[0.396361,0.178995,0.900477]],[[0.398187,0.850246,-0.34428],[-0.903943,0.299878,-0.304894],[-0.155993,0.432614,0.887981]],[[0.398187,0.850246,-0.34428],[-0.658522,0.00367723,-0.752552],[-0.638589,0.526373,0.56137]]],0],[461,[-0.185305,0.0788774,-0.97951],46,57.7166,[-28.9938,179.324,-79.7211],[-28.9258,178.529,-81.7692],[361.508,41.4124,-47.6709],false,[-4.31397,162.888,68.0248],[-14.6941,169.398,-3.13283],[-21.4753,177.776,-43.8974],[-25.8711,179.647,-67.1333],[-29.2831,179.289,-83.5473],[[[0.970911,-0.17984,-0.158084],[0.191484,0.979556,0.0616827],[0.143759,-0.0901589,0.985497]],[[0.964518,-0.176161,-0.196655],[0.209382,0.9641,0.163311],[0.160826,-0.198692,0.966776]],[[0.964518,-0.176161,-0.196655],[0.188063,0.981196,0.0434351],[0.185305,-0.0788774,0.97951]],[[0.964518,-0.176161,-0.196655],[0.16824,0.98413,-0.0564197],[0.203473,0.0213327,0.978848]]],1],[462,[-0.180036,-0.583348,0.792017],46,65.7634,[-17.9164,110.132,15.0959],[-14.151,109.052,13.9099],[243.222,-24.4029,-11.8334],false,[7.52994,162.427,65.6683],[6.85965,166.762,-2.66483],[-9.36136,126.456,-21.3781],[-14.386,110.175,0.726266],[-13.662,109.582,19.1459],[[[0.934442,-0.354705,-0.0316696],[0.355981,0.932832,0.0556901],[0.0097889,-0.063313,0.997946]],[[0.934154,-0.353614,-0.0481029],[0.0988963,0.386023,-0.917173],[0.342894,0.852023,0.395576]],[[0.934154,-0.353614,-0.0481029],[-0.308129,-0.731206,-0.6086],[0.180036,0.583348,-0.792017]],[[0.934154,-0.353614,-0.0481029],[-0.354705,-0.934838,-0.0161647],[-0.0392524,0.0321627,-0.998712]]],2],[463,[-0.323876,-0.478135,0.816389],46,63.2333,[-7.42216,111.468,23.6424],[1.06491,109.651,23.6351],[230.637,-23.4568,4.73909],false,[19.0481,159.046,64.534],[27.4771,160.843,3.66307],[11.1525,123.048,-11.4357],[2.34686,110.049,10.7604],[0.614302,110.868,28.9974],[[[0.896185,-0.42946,0.111424],[0.421964,0.902613,0.0850691],[-0.137107,-0.0292208,0.990125]],[[0.897121,-0.429246,0.104508],[0.237873,0.269992,-0.933017],[0.372277,0.861889,0.344322]],[[0.897121,-0.429246,0.104508],[-0.300463,-0.766247,-0.567967],[0.323876,0.478135,-0.816389]],[[0.897121,-0.429246,0.104508],[-0.431563,-0.902082,-0.000484291],[0.0944824,-0.0446672,-0.994524]]],3],[464,[-0.513504,-0.437926,0.737926],46,49.5737,[10.0467,116.799,22.2362],[16.4662,115.048,21.89],[235.146,-32.1065,10.8722],false,[28.7716,149.05,65.3334],[44.689,151.076,10.7327],[28.9989,123.93,-4.14112],[19.1417,115.523,10.0241],[15.1424,116.042,26.4534],[[[0.792171,-0.573151,0.209674],[0.542435,0.818677,0.188503],[-0.279695,-0.0355923,0.959429]],[[0.791828,-0.573194,0.210848],[0.410603,0.244049,-0.878547],[0.452121,0.782233,0.4286]],[[0.791828,-0.573194,0.210848],[-0.330639,-0.692582,-0.6411],[0.513504,0.437926,-0.737926]],[[0.791828,-0.573194,0.210848],[-0.563134,-0.818846,-0.111228],[0.236407,-0.0306626,-0.97117]]],4]],[[0,200,0],[235.247,235.247,147.751]]],[83508,4114298937,[[46,"right",[0.0589858,0.212716,-0.975332],[-0.204887,-0.953653,-0.220379],[10.4372,157.711,20.5821],[279.374,-2.25846,-11.7571],[10.3173,157.688,20.5824],0.962536,0,0.584165,[[0.787353,0.0777078,-0.611585],[0.193642,0.910646,0.365001],[0.585301,-0.405814,0.701953]],62.5675,[170.664,41.2967,259.426],[15.4914,148.885,73.3271]]],[[460,[0.169572,-0.422211,-0.890496],46,51.1737,[-16.2547,112.463,-9.76844],[-18.1524,111.66,-11.2436],[346.652,29.9206,-13.1182],false,[-14.2283,144.014,73.9126],[-14.2283,144.014,73.9126],[-33.3872,135.825,29.5468],[-27.7101,121.69,-0.26601],[-12.4201,109.806,-12.6381],[[[0.587911,0.808838,0.0118918],[-0.717681,0.514757,0.468998],[0.373222,-0.284263,0.883119]],[[0.398252,0.855875,-0.329959],[-0.829824,0.489453,0.268007],[0.39088,0.167073,0.905152]],[[0.398252,0.855875,-0.329959],[-0.901466,0.29869,-0.313279],[-0.169572,0.422211,0.890496]],[[0.398252,0.855875,-0.329959],[-0.631427,-0.00512809,-0.775418],[-0.665353,0.517157,0.538381]]],0],[461,[-0.176867,0.0919029,-0.979935],46,57.7438,[-25.3083,181.004,-79.8348],[-25.2653,180.418,-81.813],[377.335,86.8285,-37.3727],false,[-1.93743,162.874,67.9964],[-11.6979,170.188,-3.20543],[-18.1436,179.145,-43.9217],[-22.3412,181.327,-67.1787],[-25.609,181.174,-83.6332],[[[0.973041,-0.174095,-0.151271],[0.186912,0.97951,0.0749976],[0.135114,-0.10125,0.985643]],[[0.96688,-0.16992,-0.190446],[0.204442,0.962309,0.179346],[0.152794,-0.212341,0.965176]],[[0.96688,-0.16992,-0.190446],[0.184013,0.981163,0.0588059],[0.176867,-0.0919029,0.979935]],[[0.96688,-0.16992,-0.190446],[0.164928,0.985416,-0.0418799],[0.194785,0.00908284,0.980804]]],1],[462,[-0.184457,-0.591676,0.78479],46,65.7945,[-14.8087,110.172,14.7904],[-11.0697,109.592,13.3687],[272.626,-2.41982,-24.5402],false,[9.9349,162.487,65.7423],[9.87134,167.631,-2.57033],[-6.03989,127.374,-21.7077],[-11.1903,110.854,0.205219],[-10.6417,110.036,18.631],[[[0.936133,-0.350588,-0.0272698],[0.351646,0.933515,0.0699652],[0.00092778,-0.0750861,0.997177]],[[0.935996,-0.349329,-0.043374],[0.104359,0.393053,-0.913574],[0.336187,0.850575,0.404352]],[[0.935996,-0.349329,-0.043374],[-0.299813,-0.726559,-0.618243],[0.184457,0.591676,-0.78479]],[[0.935996,-0.349329,-0.043374],[-0.350754,-0.935951,-0.0310983],[-0.0297323,0.0443215,-0.998575]]],2],[463,[-0.329778,-0.487832,0.808249],46,63.2631,[-4.25144,111.384,23.8325],[4.02714,110.189,23.1727],[259.639,-2.24258,-11.2121],false,[21.4821,159.165,64.6736],[30.4638,161.716,3.87942],[14.4035,123.981,-11.7021],[5.4332,110.711,10.283],[3.509,111.304,28.5182],[[[0.896876,-0.427184,0.114574],[0.41748,0.903212,0.0995903],[-0.146028,-0.0414878,0.98841]],[[0.89774,-0.426927,0.108613],[0.245052,0.279084,-0.928473],[0.366077,0.860143,0.355164]],[[0.89774,-0.426927,0.108613],[-0.292078,-0.761416,-0.578737],[0.329778,0.487832,-0.808249]],[[0.89774,-0.426927,0.108613],[-0.427858,-0.903708,-0.0157602],[0.104883,-0.0323225,-0.993959]]],3],[464,[-0.517175,-0.445342,0.73089],46,49.5971,[13.1863,116.707,22.3329],[19.4119,115.691,21.6928],[262.872,-4.77613,2.99147],false,[31.2433,149.194,65.4445],[47.6582,151.93,10.9944],[32.1198,124.83,-4.15829],[22.1875,116.277,9.87848],[18.0458,116.613,26.2855],[[[0.792556,-0.57244,0.210161],[0.537342,0.818537,0.203128],[-0.288303,-0.048062,0.956332]],[[0.792106,-0.572515,0.21165],[0.415063,0.250978,-0.87449],[0.447539,0.780536,0.436431]],[[0.792106,-0.572515,0.21165],[-0.324189,-0.688402,-0.648848],[0.517175,0.445342,-0.73089]],[[0.792106,-0.572515,0.21165],[-0.559185,-0.819655,-0.124409],[0.244706,-0.0198062,-0.969395]]],4]],[[0,200,0],[235.247,235.247,147.751]]],[83509,4114307605,[[46,"right",[0.0687746,0.211569,-0.97494],[-0.210543,-0.952165,-0.221479],[13.2626,157.175,20.5662],[291.762,-18.0929,-9.11808],[13.156,157.194,20.5668],0.974427,0,0.596889,[[0.792332,0.0650842,-0.606609],[0.198671,0.912572,0.35741],[0.576836,-0.403703,0.71013]],62.5675,[170.737,41.3177,261.624],[17.808,148.346,73.357]]],[[460,[0.180456,-0.426022,-0.886533],46,51.1737,[-12.9997,112.289,-9.37361],[-14.9274,111.41,-10.9001],[352.389,13.8707,4.1718],false,[-11.953,143.71,73.6979],[-11.953,143.71,73.6979],[-30.9786,135.78,29.2279],[-24.9371,121.518,-0.452287],[-9.10321,109.515,-11.9983],[[[0.594138,0.804198,0.0162809],[-0.717487,0.52071,0.462681],[0.363609,-0.286578,0.886376]],[[0.40809,0.852519,-0.326609],[-0.826313,0.497029,0.264894],[0.388161,0.161781,0.90728]],[[0.40809,0.852519,-0.326609],[-0.894929,0.302846,-0.327698],[-0.180456,0.426022,0.886533]],[[0.40809,0.852519,-0.326609],[-0.598925,-0.0200038,-0.800556],[-0.689022,0.522313,0.502431]]],0],[461,[-0.168166,0.0945022,-0.981218],46,57.7438,[-21.4444,181.043,-80.1101],[-21.4312,180.298,-82.1081],[394.782,58.7831,-36.3875],false,[0.534709,162.468,67.8725],[-8.57491,169.809,-3.4127],[-14.6111,178.895,-44.1633],[-18.6022,181.138,-67.4508],[-21.7397,181.021,-83.9309],[[[0.972866,-0.181846,-0.143051],[0.193983,0.978061,0.0759374],[0.126104,-0.101626,0.986798]],[[0.966973,-0.177589,-0.182828],[0.210926,0.960247,0.182855],[0.143087,-0.215379,0.965991]],[[0.966973,-0.177589,-0.182828],[0.191531,0.979557,0.0615168],[0.168166,-0.0945022,0.981218]],[[0.966973,-0.177589,-0.182828],[0.173175,0.98408,-0.0399598],[0.187014,0.00697872,0.982332]]],1],[462,[-0.195213,-0.58812,0.784861],46,65.7945,[-11.7035,109.991,14.6411],[-8.58128,109.166,13.4364],[276.37,-15.0406,-15.4478],false,[12.422,161.987,65.7177],[12.9676,167.083,-2.59635],[-3.1229,126.849,-21.6291],[-8.57366,110.427,0.28581],[-8.19582,109.602,18.7156],[[[0.933539,-0.357957,-0.0192516],[0.358386,0.930769,0.0723062],[-0.00796376,-0.0744001,0.997197]],[[0.933548,-0.356728,-0.0351121],[0.113606,0.387355,-0.914904],[0.339973,0.850118,0.402141]],[[0.933548,-0.356728,-0.0351121],[-0.300632,-0.725851,-0.618677],[0.195213,0.58812,-0.784861]],[[0.933548,-0.356728,-0.0351121],[-0.357867,-0.933137,-0.034445],[-0.0204769,0.0447216,-0.99879]]],2],[463,[-0.340591,-0.483111,0.806599],46,63.2631,[-0.880004,111.161,24.0283],[6.41082,109.714,23.3184],[263.514,-16.5471,-4.45733],false,[23.9511,158.573,64.7472],[33.4584,161.011,4.02841],[17.2025,123.346,-11.5195],[7.93812,110.205,10.4208],[5.84762,110.825,28.6368],[[[0.892502,-0.434144,0.122308],[0.423731,0.89997,0.102498],[-0.154573,-0.0396534,0.987185]],[[0.893276,-0.433937,0.117285],[0.254481,0.273116,-0.927711],[0.370536,0.858549,0.354397]],[[0.893276,-0.433937,0.117285],[-0.293352,-0.760462,-0.579346],[0.340591,0.483111,-0.806599]],[[0.893276,-0.433937,0.117285],[-0.434825,-0.900309,-0.0192558],[0.113948,-0.0337977,-0.992912]]],3],[464,[-0.526955,-0.44086,0.726609],46,49.5971,[16.4215,116.393,22.4482],[21.8621,115.073,21.8385],[268.085,-22.8269,5.73863],false,[33.6268,148.526,65.6057],[50.5155,151.095,11.2925],[34.8721,124.095,-3.93034],[24.752,115.628,10.0242],[20.4596,115.988,26.3919],[[[0.78625,-0.578509,0.217114],[0.542057,0.814426,0.207083],[-0.296623,-0.0451309,0.953928]],[[0.78573,-0.578587,0.218781],[0.423819,0.24593,-0.87172],[0.450561,0.77766,0.438451]],[[0.78573,-0.578587,0.218781],[-0.323955,-0.686206,-0.651287],[0.526955,0.44086,-0.726609]],[[0.78573,-0.578587,0.218781],[-0.564191,-0.815343,-0.130017],[0.253608,-0.0212759,-0.967073]]],4]],[[0,200,0],[235.247,235.247,147.751]]],[83510,4114316235,[[46,"right",[0.0828111,0.219073,-0.972188],[-0.194918,-0.953136,-0.231383],[16.1521,157.054,20.6557],[303.17,-17.0137,-3.95566],[16.0535,157.059,20.6528],0.974379,0,0.608225,[[0.798092,0.0752824,-0.597814],[0.182185,0.915572,0.358518],[0.574332,-0.395044,0.716996]],62.597,[172.241,43.1336,263.659],[19.9048,147.915,73.4818]]],[[460,[0.202006,-0.417591,-0.885896],46,51.1978,[-9.05952,112.177,-9.73417],[-10.7982,111.267,-11.3524],[380.711,6.93699,-9.73251],false,[-9.81196,142.91,73.2805],[-9.81196,142.91,73.2805],[-28.1497,135.185,28.4614],[-21.3836,121.198,-1.21143],[-5.01709,109.472,-12.313],[[[0.583769,0.811296,0.031828],[-0.731687,0.508686,0.453731],[0.35192,-0.288162,0.89057]],[[0.403439,0.859714,-0.313255],[-0.835103,0.485873,0.257933],[0.373951,0.15754,0.91397]],[[0.403439,0.859714,-0.313255],[-0.89243,0.294126,-0.34214],[-0.202006,0.417591,0.885896]],[[0.403439,0.859714,-0.313255],[-0.574883,-0.0281887,-0.81775],[-0.711861,0.509997,0.482862]]],0],[461,[-0.152891,0.100089,-0.983161],46,57.771,[-17.1677,181.277,-80.4552],[-17.0966,180.6,-82.421],[421.722,50.986,-37.4839],false,[2.54615,161.868,67.7926],[-5.43712,169.589,-3.62194],[-10.8987,178.954,-44.4111],[-14.529,181.331,-67.7557],[-17.3921,181.292,-84.2941],[[[0.977347,-0.168913,-0.127518],[0.18053,0.979824,0.0857529],[0.11046,-0.106831,0.988122]],[[0.972001,-0.164395,-0.167891],[0.196132,0.961115,0.194399],[0.129405,-0.221885,0.966448]],[[0.972001,-0.164395,-0.167891],[0.178431,0.981303,0.0721526],[0.152891,-0.100089,0.983161]],[[0.972001,-0.164395,-0.167891],[0.161602,0.986392,-0.0302628],[0.170582,0.00228395,0.985341]]],1],[462,[-0.200916,-0.59418,0.778834],46,65.8255,[-8.02376,109.671,14.3626],[-4.99,108.784,13.0552],[312.365,-23.5404,-22.525],false,[14.4792,161.548,65.8383],[16.1305,167.121,-2.45312],[0.837628,126.718,-21.8397],[-4.775,110.12,-0.0828273],[-4.71029,109.165,18.3532],[[[0.938093,-0.346338,-0.00558411],[0.345544,0.934578,0.0846333],[-0.024093,-0.0813234,0.996397]],[[0.938355,-0.345025,-0.0211554],[0.123211,0.391018,-0.912099],[0.322969,0.853266,0.409425]],[[0.938355,-0.345025,-0.0211554],[-0.281288,-0.726573,-0.626873],[0.200916,0.59418,-0.778834]],[[0.938355,-0.345025,-0.0211554],[-0.345655,-0.937169,-0.0473035],[-0.00350532,0.0517,-0.998657]]],2],[463,[-0.348772,-0.491111,0.798228],46,63.2929,[2.98057,110.894,24.1162],[9.79075,109.503,23.1542],[296.257,-19.8272,-8.75729],false,[26.0701,158.28,65.043],[36.5884,161.253,4.48557],[21.0329,123.433,-11.458],[11.5415,110.068,10.2648],[9.10976,110.541,28.4515],[[[0.895587,-0.423991,0.134741],[0.41074,0.904377,0.115738],[-0.170928,-0.04831,0.984098]],[[0.896254,-0.423798,0.130861],[0.2667,0.279182,-0.922458],[0.354401,0.861657,0.363245]],[[0.896254,-0.423798,0.130861],[-0.27402,-0.761056,-0.587969],[0.348772,0.491111,-0.798228]],[[0.896254,-0.423798,0.130861],[-0.423292,-0.90539,-0.033052],[0.132488,-0.0257695,-0.99085]]],3],[464,[-0.533469,-0.451665,0.715129],46,49.6205,[20.1018,116.152,22.5408],[25.2193,115.049,21.8811],[299.596,-18.6559,5.17781],false,[35.858,148.343,66.0014],[53.6482,151.493,11.9792],[38.5635,124.377,-3.63351],[28.3134,115.698,10.107],[23.7335,115.888,26.4078],[[[0.789525,-0.570295,0.226746],[0.528311,0.819576,0.221771],[-0.312311,-0.0553016,0.948369]],[[0.789003,-0.570386,0.22833],[0.434613,0.255476,-0.863623],[0.434266,0.780635,0.449468]],[[0.789003,-0.570386,0.22833],[-0.304771,-0.686045,-0.660648],[0.533469,0.451665,-0.715129]],[[0.789003,-0.570386,0.22833],[-0.551651,-0.8213,-0.145422],[0.270474,-0.0112197,-0.962662]]],4]],[[0,200,0],[235.247,235.247,147.751]]],[83511,4114324912,[[46,"right",[0.0913745,0.221699,-0.970824],[-0.189266,-0.953266,-0.235503],[19.562,156.885,20.8611],[327.077,-17.6821,3.39916],[19.4607,156.89,20.8551],0.969327,0,0.62035,[[0.804783,0.0712116,-0.589282],[0.176683,0.919036,0.352357],[0.566664,-0.387687,0.727042]],62.597,[173.142,44.802,266.541],[22.8391,147.633,73.6992]]],[[460,[0.212759,-0.414525,-0.884818],46,51.1978,[-5.18746,112.119,-9.73605],[-6.84417,111.173,-11.344],[396.96,3.43926,-6.42267],false,[-6.85622,142.522,73.1999],[-6.85622,142.522,73.1999],[-24.8755,134.958,28.2244],[-17.7493,121.074,-1.41232],[-1.12458,109.439,-12.2225],[[[0.580525,0.813291,0.0393671],[-0.737837,0.504987,0.447867],[0.344366,-0.289044,0.893233]],[[0.403737,0.861927,-0.30672],[-0.837837,0.482998,0.254444],[0.367458,0.154253,0.917159]],[[0.403737,0.861927,-0.30672],[-0.889792,0.291977,-0.350742],[-0.212759,0.414525,0.884818]],[[0.403737,0.861927,-0.30672],[-0.560477,-0.0319535,-0.827553],[-0.723091,0.506024,0.47019]]],0],[461,[-0.144264,0.102739,-0.984191],46,57.771,[-12.8579,181.332,-80.5141],[-12.8159,180.691,-82.4538],[440.262,38.5233,-28.4012],false,[5.48609,161.537,67.8761],[-1.83739,169.401,-3.59354],[-6.9553,178.9,-44.3963],[-10.3808,181.339,-67.7653],[-13.094,181.337,-84.3291],[[[0.979128,-0.165125,-0.1185],[0.176184,0.980252,0.0898054],[0.101331,-0.108809,0.988885]],[[0.974066,-0.160456,-0.15953],[0.191028,0.961043,0.199761],[0.121262,-0.225055,0.966771]],[[0.974066,-0.160456,-0.15953],[0.17431,0.981681,0.0769266],[0.144264,-0.102739,0.984191]],[[0.974066,-0.160456,-0.15953],[0.158322,0.987043,-0.0260834],[0.161648,0.000149764,0.986848]]],1],[462,[-0.205463,-0.593757,0.77797],46,65.8255,[-3.90352,109.35,14.3571],[-1.35111,108.522,13.2534],[340.613,-25.0918,-9.15311],false,[17.4385,161.264,66.036],[19.7267,167.007,-2.22294],[4.73168,126.476,-21.5737],[-1.00798,109.889,0.159058],[-1.1196,108.903,18.5932],[[[0.939339,-0.342981,0.00262965],[0.341362,0.935597,0.0901676],[-0.0333861,-0.0838003,0.995923]],[[0.939739,-0.341662,-0.0125742],[0.128863,0.388023,-0.912597],[0.316679,0.855982,0.408667]],[[0.939739,-0.341662,-0.0125742],[-0.273269,-0.728505,-0.628176],[0.205463,0.593757,-0.77797]],[[0.939739,-0.341662,-0.0125742],[-0.34184,-0.938306,-0.0522299],[0.00604649,0.0533809,-0.998556]]],2],[463,[-0.355416,-0.493815,0.793616],46,63.2929,[7.3202,110.602,24.2234],[13.3017,109.296,23.2909],[324.522,-21.4178,-3.38363],false,[29.0481,158.04,65.3447],[40.1378,161.195,4.89851],[24.8614,123.333,-11.2129],[15.1892,109.894,10.3844],[12.5553,110.302,28.5446],[[[0.895763,-0.421122,0.142355],[0.406363,0.905553,0.121827],[-0.180214,-0.0512805,0.98229]],[[0.896291,-0.420968,0.139457],[0.274823,0.280462,-0.919681],[0.348044,0.862628,0.367067]],[[0.896291,-0.420968,0.139457],[-0.265221,-0.760876,-0.59222],[0.355416,0.493815,-0.793616]],[[0.896291,-0.420968,0.139457],[-0.419608,-0.906803,-0.0404713],[0.143497,-0.0222434,-0.989401]]],3],[464,[-0.538962,-0.455694,0.708422],46,49.6205,[24.2091,115.908,22.7043],[28.7342,114.889,22.1207],[327.357,-19.1802,10.1891],false,[38.8619,148.135,66.3737],[57.1596,151.478,12.533],[42.3083,124.336,-3.2583],[31.9527,115.58,10.3534],[27.1978,115.691,26.6047],[[[0.789346,-0.568022,0.232988],[0.523212,0.820918,0.228786],[-0.32122,-0.0586897,0.945184]],[[0.78878,-0.568125,0.23465],[0.441622,0.258262,-0.859227],[0.427547,0.781367,0.454608]],[[0.78878,-0.568125,0.23465],[-0.295543,-0.685257,-0.66564],[0.538962,0.455694,-0.708422]],[[0.78878,-0.568125,0.23465],[-0.546787,-0.822917,-0.154378],[0.280803,-0.00653354,-0.959743]]],4]],[[0,200,0],[235.247,235.247,147.751]]],[83512,4114333586,[[46,"right",[0.103248,0.209761,-0.972286],[-0.190285,-0.95529,-0.226301],[23.0775,156.793,20.9148],[347.89,-15.8003,4.14196],[22.984,156.796,20.9133],0.963694,0,0.566229,[[0.812344,0.0643904,-0.579613],[0.175576,0.920769,0.348364],[0.556121,-0.384757,0.736675]],62.6265,[173.296,46.0536,269.407],[25.72,148.155,73.918]]],[[460,[0.221061,-0.425156,-0.87771],46,51.222,[-1.59062,111.936,-9.32015],[-3.11698,110.939,-10.8753],[400.413,-3.27287,8.75195],false,[-4.00141,143.148,73.1407],[-4.00141,143.148,73.1407],[-21.738,135.277,28.0804],[-14.3301,121.03,-1.33209],[2.47203,109.207,-11.6764],[[[0.583197,0.811518,0.0363127],[-0.740904,0.513057,0.433398],[0.33308,-0.279661,0.900471]],[[0.411078,0.856741,-0.311464],[-0.83685,0.490158,0.243778],[0.361521,0.160437,0.918457]],[[0.411078,0.856741,-0.311464],[-0.884391,0.291954,-0.364164],[-0.221061,0.425156,0.87771]],[[0.411078,0.856741,-0.311464],[-0.545377,-0.0426457,-0.837105],[-0.730465,0.513981,0.449716]]],0],[461,[-0.133105,0.0930301,-0.986726],46,57.7983,[-8.1349,180.39,-81.0793],[-8.06652,179.663,-83.0104],[468.005,-3.16318,-39.4454],false,[8.48023,162.061,67.7298],[1.99593,169.103,-3.9408],[-2.63191,178.242,-44.9044],[-5.79389,180.452,-68.3447],[-8.33004,180.271,-84.9435],[[[0.97976,-0.170199,-0.105365],[0.178962,0.980586,0.0801527],[0.0896773,-0.0973868,0.991198]],[[0.975093,-0.165929,-0.14718],[0.192827,0.962093,0.19286],[0.109599,-0.216436,0.970125]],[[0.975093,-0.165929,-0.14718],[0.177419,0.98174,0.0686269],[0.133105,-0.0930301,0.986726]],[[0.975093,-0.165929,-0.14718],[0.162433,0.986079,-0.0355521],[0.15103,0.0107598,0.988471]]],1],[462,[-0.215693,-0.58073,0.785003],46,65.8565,[0.207032,109.12,14.8302],[2.04693,108.394,13.9476],[353.792,-22.2982,15.2681],false,[20.4572,161.72,66.0286],[23.5438,166.643,-2.29544],[8.56737,125.812,-21.0771],[2.53911,109.582,0.862428],[2.21577,108.831,19.3138],[[[0.937908,-0.346447,0.0174084],[0.343951,0.935318,0.0829278],[-0.0450125,-0.071791,0.996404]],[[0.93848,-0.345326,0.00239685],[0.138975,0.371314,-0.918048],[0.316136,0.861902,0.396462]],[[0.93848,-0.345326,0.00239685],[-0.26969,-0.737226,-0.619488],[0.215693,0.58073,-0.785003]],[[0.93848,-0.345326,0.00239685],[-0.344891,-0.937602,-0.0441875],[0.0175064,0.0406424,-0.99902]]],2],[463,[-0.366902,-0.482179,0.795541],46,63.3228,[11.7625,110.38,24.6042],[16.5562,109.256,23.9636],[337.522,-17.5808,16.9609],false,[32.0668,158.443,65.5077],[43.8595,160.837,5.13017],[28.5934,122.794,-10.6169],[18.6039,109.666,11.043],[15.7414,110.292,29.171],[[[0.892446,-0.422752,0.157546],[0.408472,0.905411,0.11568],[-0.191548,-0.0388854,0.980713]],[[0.892827,-0.422673,0.155587],[0.286362,0.266077,-0.920435],[0.347645,0.866343,0.358598]],[[0.892827,-0.422673,0.155587],[-0.261233,-0.767366,-0.585583],[0.366902,0.482179,-0.795541]],[[0.892827,-0.422673,0.155587],[-0.422563,-0.90564,-0.0354383],[0.155885,-0.0341052,-0.987186]]],3],[464,[-0.548274,-0.442732,0.709496],46,49.6439,[28.3556,115.712,23.2642],[32.0101,114.794,22.9473],[340.499,-17.2945,32.9341],false,[41.8343,148.51,66.7668],[60.7636,151.143,13.0768],[45.906,123.813,-2.41596],[35.3665,115.302,11.2228],[30.4221,115.638,27.4227],[[[0.784437,-0.568161,0.2487],[0.523769,0.821619,0.224963],[-0.332152,-0.0462076,0.942093]],[[0.783637,-0.56827,0.250962],[0.450702,0.242055,-0.859231],[0.427529,0.786434,0.445804]],[[0.783637,-0.56827,0.250962],[-0.292076,-0.693583,-0.658509],[0.548274,0.442732,-0.709496]],[[0.783637,-0.56827,0.250962],[-0.54839,-0.822603,-0.15031],[0.291859,-0.0198363,-0.956256]]],4]],[[0,200,0],[235.247,235.247,147.751]]],[83513,4114342734,[[46,"right",[0.116031,0.199222,-0.973061],[-0.19156,-0.956797,-0.218734],[26.4486,156.552,21.387],[353.629,-18.7497,17.3584],[26.3818,156.556,21.3779],0.961687,0,0.569281,[[0.817946,0.062939,-0.571841],[0.173856,0.920479,0.34999],[0.548396,-0.385691,0.74196]],62.6265,[173.931,46.1045,271.396],[28.4054,148.454,74.5051]]],[[460,[0.229513,-0.43408,-0.871148],46,51.222,[1.83378,111.743,-8.54589],[0.441919,110.671,-10.0631],[391.551,-8.17957,30.1825],false,[-1.32528,143.562,73.4146],[-1.32528,143.562,73.4146],[-18.7799,135.513,28.2755],[-11.0888,120.967,-0.917026],[5.88278,108.978,-10.7819],[[[0.586153,0.80944,0.0350831],[-0.743966,0.520582,0.418939],[0.320842,-0.271663,0.907337]],[[0.419246,0.851841,-0.314005],[-0.835259,0.497446,0.234284],[0.355773,0.164053,0.920061]],[[0.419246,0.851841,-0.314005],[-0.878383,0.293157,-0.377495],[-0.229513,0.43408,0.871148]],[[0.419246,0.851841,-0.314005],[-0.528998,-0.0518804,-0.847036],[-0.737831,0.521224,0.428871]]],0],[461,[-0.121115,0.0859585,-0.98891],46,57.7983,[-3.35233,179.455,-81.2063],[-3.35966,178.732,-83.1027],[480.64,-30.175,-31.1578],false,[11.3019,162.366,67.9622],[5.72531,168.689,-3.85162],[1.6341,177.605,-44.9214],[-1.24305,179.647,-68.4135],[-3.59007,179.321,-85.0379],[[[0.980244,-0.175323,-0.0915576],[0.182134,0.980619,0.0722047],[0.077124,-0.087454,0.993179]],[[0.975991,-0.171376,-0.134429],[0.195072,0.962312,0.189478],[0.0968906,-0.211152,0.972639]],[[0.975991,-0.171376,-0.134429],[0.181031,0.981449,0.0631386],[0.121115,-0.0859585,0.98891]],[[0.975991,-0.171376,-0.134429],[0.167051,0.985014,-0.0429023],[0.139767,0.0194157,0.989994]]],1],[462,[-0.227362,-0.570458,0.78923],46,65.8565,[4.1896,108.852,15.6717],[5.28131,108.139,14.8429],[353.498,-23.42,37.8628],false,[23.2973,161.958,66.4118],[27.2407,166.158,-1.91637],[12.299,125.14,-20.3141],[5.94455,109.196,1.74366],[5.38926,108.633,20.1962],[[[0.936144,-0.350112,0.0325075],[0.346883,0.934703,0.0774738],[-0.0575094,-0.0612503,0.996464]],[[0.936902,-0.349152,0.0175353],[0.150779,0.358321,-0.921342],[0.315406,0.865851,0.388356]],[[0.936902,-0.349152,0.0175353],[-0.265558,-0.743418,-0.613847],[0.227362,0.570458,-0.78923]],[[0.936902,-0.349152,0.0175353],[-0.348297,-0.936569,-0.0390729],[0.0300655,0.0305,-0.999082]]],2],[463,[-0.379522,-0.472352,0.795516],46,63.3228,[16.1689,110.129,25.357],[19.6369,109.057,24.9366],[336.892,-18.9653,40.2038],false,[34.8984,158.628,66.0675],[47.4392,160.346,5.81784],[32.1957,122.183,-9.66029],[21.8626,109.323,11.9989],[18.7511,110.126,30.0789],[[[0.888646,-0.424768,0.172858],[0.41087,0.904872,0.111324],[-0.203701,-0.0279056,0.978635]],[[0.888854,-0.42474,0.171855],[0.299062,0.253642,-0.919906],[0.347131,0.869058,0.352474]],[[0.888854,-0.42474,0.171855],[-0.256711,-0.772321,-0.58105],[0.379522,0.472352,-0.795516]],[[0.888854,-0.42474,0.171855],[-0.425707,-0.904257,-0.0330617],[0.169444,-0.043773,-0.984567]]],3],[464,[-0.558304,-0.429961,0.709528],46,49.6439,[32.3852,115.467,24.3383],[35.0939,114.557,24.1764],[339.025,-19.4644,61.4649],false,[44.6074,148.668,67.549],[64.2035,150.665,14.0713],[49.3225,123.181,-1.12449],[38.5902,114.916,12.5149],[33.4416,115.455,28.6455],[[[0.778912,-0.568776,0.264176],[0.524463,0.821745,0.222874],[-0.343851,-0.0350488,0.93837]],[[0.777774,-0.568889,0.267269],[0.460122,0.225644,-0.858704],[0.4282,0.790854,0.437258]],[[0.777774,-0.568889,0.267269],[-0.288728,-0.70107,-0.652025],[0.558304,0.429961,-0.709528]],[[0.777774,-0.568889,0.267269],[-0.550186,-0.821798,-0.148132],[0.303911,-0.0318345,-0.952168]]],4]],[[0,200,0],[235.247,235.247,147.751]]],[83514,4114350948,[[46,"right",[0.122465,0.195702,-0.972987],[-0.186476,-0.958369,-0.216233],[29.6268,156.386,21.7806],[362.085,-19.0931,25.1184],[29.5376,156.391,21.7695],0.963471,0,0.560665,[[0.822419,0.067658,-0.564845],[0.167005,0.92044,0.353412],[0.543817,-0.384984,0.745688]],62.656,[175.601,46.2976,272.943],[31.2228,148.508,74.9692]]],[[460,[0.23726,-0.435756,-0.868231],46,51.2461,[5.16493,111.629,-7.94815],[4.00049,110.502,-9.44047],[396.511,-9.57819,41.0403],false,[1.50484,143.5,73.6797],[1.50484,143.5,73.6797],[-15.8675,135.439,28.4862],[-7.91305,120.829,-0.622368],[9.31939,108.873,-10.0919],[[[0.582941,0.811712,0.0360864],[-0.74891,0.519552,0.411338],[0.315139,-0.266811,0.910768]],[[0.4192,0.85218,-0.313146],[-0.836065,0.496806,0.232765],[0.35393,0.164235,0.920739]],[[0.4192,0.85218,-0.313146],[-0.876344,0.289666,-0.384857],[-0.23726,0.435756,0.868231]],[[0.4192,0.85218,-0.313146],[-0.513361,-0.0619938,-0.855931],[-0.74882,0.519563,0.411488]]],0],[461,[-0.114698,0.0842235,-0.989824],46,57.8255,[0.462173,179.03,-81.1287],[0.471468,178.309,-82.97],[476.359,-34.8674,-20.411],false,[14.1095,162.337,68.241],[9.03623,168.352,-3.67081],[5.20999,177.295,-44.7805],[2.48399,179.297,-68.3054],[0.244089,178.907,-84.9511],[[[0.981521,-0.172109,-0.0836411],[0.178042,0.981562,0.0695419],[0.0701302,-0.0831485,0.994066]],[[0.977452,-0.168258,-0.127581],[0.190747,0.962739,0.1917],[0.0905726,-0.211713,0.973126]],[[0.977452,-0.168258,-0.127581],[0.177291,0.982138,0.0630256],[0.114698,-0.0842235,0.989824]],[[0.977452,-0.168258,-0.127581],[0.163744,0.985469,-0.0451528],[0.133325,0.023244,0.9908]]],1],[462,[-0.231102,-0.567765,0.790085],46,65.8875,[7.8397,108.536,16.2893],[8.66603,107.84,15.3827],[367.77,-27.275,44.1273],false,[26.123,161.966,66.7798],[30.556,165.906,-1.56632],[15.881,124.71,-19.839],[9.419,108.834,2.25298],[8.72188,108.329,20.7111],[[[0.937142,-0.346554,0.0408084],[0.342913,0.936271,0.0762079],[-0.0646179,-0.0574239,0.996257]],[[0.938,-0.345661,0.0259715],[0.155839,0.353592,-0.922327],[0.309629,0.86919,0.385537]],[[0.938,-0.345661,0.0259715],[-0.258356,-0.747102,-0.612447],[0.231102,0.567765,-0.790085]],[[0.938,-0.345661,0.0259715],[-0.344576,-0.937962,-0.0386701],[0.037727,0.0273234,-0.998914]]],2],[463,[-0.38431,-0.468212,0.795666],46,63.3526,[20.0454,109.92,26.1126],[22.8969,108.908,25.6535],[351.531,-19.2629,51.9742],false,[37.7438,158.676,66.5342],[50.7274,160.196,6.34337],[35.6954,121.85,-8.9457],[25.227,109.096,12.7278],[21.9548,109.979,30.7844],[[[0.888884,-0.420814,0.181109],[0.406757,0.906811,0.110648],[-0.210794,-0.0246861,0.977219]],[[0.888769,-0.420828,0.181641],[0.304991,0.247146,-0.919728],[0.342155,0.872825,0.348005]],[[0.888769,-0.420828,0.181641],[-0.249792,-0.776969,-0.57786],[0.38431,0.468212,-0.795666]],[[0.888769,-0.420828,0.181641],[-0.422336,-0.905866,-0.0322308],[0.178106,-0.048068,-0.982836]]],3],[464,[-0.561252,-0.426502,0.70929],46,49.6673,[35.9935,115.299,25.2719],[38.3402,114.455,24.9865],[353.076,-18.1935,71.2261],false,[47.4822,148.752,68.1283],[67.4734,150.606,14.763],[52.7159,122.951,-0.280609],[41.9218,114.749,13.3606],[36.6532,115.351,29.4586],[[[0.779004,-0.564851,0.272206],[0.519827,0.824552,0.223368],[-0.350618,-0.0325044,0.935954]],[[0.777702,-0.564968,0.275665],[0.463708,0.219489,-0.85837],[0.424446,0.795384,0.432677]],[[0.777702,-0.564968,0.275665],[-0.283154,-0.706334,-0.648781],[0.561252,0.426502,-0.70929]],[[0.777702,-0.564968,0.275665],[-0.546398,-0.824348,-0.147988],[0.310852,-0.0355325,-0.949794]]],4]],[[0,200,0],[235.247,235.247,147.751]]],[83515,4114359594,[[46,"right",[0.131695,0.199846,-0.970937],[-0.183691,-0.957584,-0.222013],[33.013,156.217,22.2253],[369.929,-19.2165,32.1035],[32.9351,156.221,22.2151],0.968639,0,0.565323,[[0.82895,0.0662195,-0.555388],[0.163716,0.920751,0.354138],[0.534825,-0.384489,0.752416]],62.656,[176.093,46.039,275.154],[34.102,148.118,75.3935]]],[[460,[0.246273,-0.431131,-0.86803],46,51.2461,[8.75128,111.851,-7.59854],[7.71368,110.686,-9.13009],[400.616,0.29945,40.3268],false,[4.40148,143.095,73.7968],[4.40148,143.095,73.7968],[-12.8267,135.465,28.4733],[-4.57009,121.011,-0.628457],[12.9468,109.129,-9.65941],[[[0.58198,0.811952,0.0450876],[-0.753214,0.51732,0.406262],[0.30654,-0.270397,0.912644]],[[0.422325,0.853851,-0.304269],[-0.83573,0.496765,0.234049],[0.350994,0.155442,0.923386]],[[0.422325,0.853851,-0.304269],[-0.872348,0.291657,-0.392358],[-0.246273,0.431131,0.86803]],[[0.422325,0.853851,-0.304269],[-0.492183,-0.0658706,-0.867996],[-0.761182,0.516332,0.392432]]],0],[461,[-0.105692,0.0918097,-0.990152],46,57.8255,[4.84126,179.561,-80.8076],[4.81987,178.897,-82.6511],[483.262,-7.31016,-4.73696],false,[17.0444,161.963,68.5584],[12.66,168.275,-3.37326],[9.2276,177.645,-44.4226],[6.71565,179.827,-67.9553],[4.62102,179.523,-84.6217],[[[0.982405,-0.171089,-0.074892],[0.176655,0.981385,0.075346],[0.060607,-0.0872504,0.994341]],[[0.978642,-0.166953,-0.119943],[0.188833,0.960688,0.203519],[0.0812501,-0.221822,0.971696]],[[0.978642,-0.166953,-0.119943],[0.17632,0.981681,0.0722034],[0.105692,-0.0918097,0.990152]],[[0.978642,-0.166953,-0.119943],[0.163447,0.985798,-0.0385659],[0.124679,0.0181379,0.992031]]],1],[462,[-0.238575,-0.571655,0.785043],46,65.8875,[11.7262,108.276,16.5041],[12.1277,107.641,15.4923],[376.066,-26.5017,34.6216],false,[29.0717,161.607,67.2116],[34.1602,165.835,-1.07163],[19.6869,124.69,-19.6175],[13.0159,108.705,2.33357],[12.128,108.095,20.7803],[[[0.936955,-0.346082,0.0483957],[0.341487,0.936178,0.0834122],[-0.0741745,-0.061627,0.995339]],[[0.937947,-0.345136,0.0337197],[0.164324,0.35672,-0.919646],[0.305375,0.868119,0.391299]],[[0.937947,-0.345136,0.0337197],[-0.251671,-0.744373,-0.618523],[0.238575,0.571655,-0.785043]],[[0.937947,-0.345136,0.0337197],[-0.343434,-0.93797,-0.0475875],[0.0480523,0.033054,-0.998298]]],2],[463,[-0.392089,-0.467507,0.792277],46,63.3526,[24.0489,109.728,26.8254],[26.1776,108.765,26.1606],[358.329,-18.4635,54.6265],false,[40.6966,158.325,67.0643],[54.2587,160.106,7.00827],[39.3225,121.726,-8.29045],[28.6422,108.991,13.2907],[25.1695,109.828,31.3121],[[[0.887401,-0.420961,0.187914],[0.405017,0.906618,0.118343],[-0.220184,-0.0289097,0.97503]],[[0.886828,-0.421034,0.190437],[0.312978,0.244072,-0.917864],[0.339972,0.87359,0.348224]],[[0.886828,-0.421034,0.190437],[-0.244545,-0.777282,-0.579682],[0.392089,0.467507,-0.792277]],[[0.886828,-0.421034,0.190437],[-0.421672,-0.905901,-0.0391994],[0.189021,-0.0455388,-0.980916]]],3],[464,[-0.566982,-0.428277,0.703641],46,49.6673,[39.8177,115.094,26.0166],[41.6612,114.277,25.5079],[361.014,-19.2334,68.4403],false,[50.4264,148.402,68.7108],[70.9296,150.492,15.5489],[56.2579,122.854,0.391066],[45.3536,114.617,13.9236],[39.9286,115.142,29.9723],[[[0.776752,-0.565452,0.277346],[0.517055,0.823967,0.231804],[-0.359598,-0.036651,0.932387]],[[0.775481,-0.565577,0.280627],[0.469641,0.219662,-0.855094],[0.421979,0.794903,0.435962]],[[0.775481,-0.565577,0.280627],[-0.277778,-0.704771,-0.652793],[0.566982,0.428277,-0.703641]],[[0.775481,-0.565577,0.280627],[-0.544221,-0.824114,-0.157032],[0.320082,-0.0309473,-0.946884]]],4]],[[0,200,0],[235.247,235.247,147.751]]],[83516,4114368278,[[46,"right",[0.139927,0.20295,-0.96914],[-0.177387,-0.957796,-0.226186],[36.353,156.162,22.5214],[373.842,-15.8017,32.6331],[36.2787,156.163,22.5147],0.971757,0,0.568864,[[0.837774,0.0739802,-0.540982],[0.155004,0.917794,0.365552],[0.523554,-0.390104,0.757437]],62.6855,[176.043,44.3064,276.889],[36.9786,147.924,75.7016]]],[[460,[0.25691,-0.427551,-0.866717],46,51.2702,[12.5067,111.924,-7.39782],[11.5703,110.749,-8.94228],[408.936,2.22405,35.5083],false,[7.30279,142.774,73.8119],[7.30279,142.774,73.8119],[-9.65924,135.329,28.3326],[-1.04197,120.988,-0.738881],[16.7633,109.221,-9.37565],[[[0.577956,0.814368,0.0526397],[-0.759263,0.512961,0.400488],[0.299142,-0.271432,0.914789]],[[0.42174,0.856518,-0.297509],[-0.838348,0.493346,0.231908],[0.345409,0.151611,0.926125]],[[0.42174,0.856518,-0.297509],[-0.869559,0.289097,-0.400363],[-0.25691,0.427551,0.866717]],[[0.42174,0.856518,-0.297509],[-0.473356,-0.0718725,-0.877934],[-0.773349,0.511088,0.375126]]],0],[461,[-0.0972775,0.096327,-0.990585],46,57.8527,[9.0545,179.942,-80.6878],[9.01529,179.263,-82.5072],[482.515,5.95636,-0.195896],false,[19.9172,161.719,68.7387],[16.179,168.202,-3.24855],[13.0918,177.88,-44.2744],[10.7787,180.171,-67.8285],[8.82592,179.899,-84.5207],[[[0.983808,-0.166596,-0.0660909],[0.171624,0.981948,0.0795205],[0.05165,-0.0895756,0.99464]],[[0.980363,-0.162272,-0.112053],[0.183174,0.959809,0.212637],[0.0730448,-0.228987,0.970685]],[[0.980363,-0.162272,-0.112053],[0.171538,0.982033,0.07865],[0.0972775,-0.096327,0.990585]],[[0.980363,-0.162272,-0.112053],[0.159343,0.986614,-0.0346833],[0.116182,0.0161473,0.993097]]],1],[462,[-0.243404,-0.574333,0.781598],46,65.9185,[15.4881,108.075,16.5895],[15.7266,107.483,15.5713],[385.656,-25.0271,27.2877],false,[31.9637,161.419,67.5034],[37.6773,165.849,-0.749972],[23.5404,124.639,-19.4676],[16.7313,108.573,2.39738],[15.6655,107.898,20.8412],[[[0.937972,-0.342108,0.0563148],[0.33657,0.937441,0.08902],[-0.0832463,-0.0645444,0.994437]],[[0.939088,-0.341128,0.0417814],[0.170968,0.358238,-0.917843],[0.298134,0.869078,0.394738]],[[0.939088,-0.341128,0.0417814],[-0.242629,-0.744159,-0.622381],[0.243404,0.574333,-0.781598]],[[0.939088,-0.341128,0.0417814],[-0.338808,-0.939308,-0.0539503],[0.0576495,0.0365082,-0.997669]]],2],[463,[-0.397878,-0.466942,0.78972],46,63.3824,[27.9964,109.616,27.4203],[29.5869,108.722,26.5946],[366.747,-15.3459,54.1161],false,[43.6093,158.187,67.457],[57.7334,160.185,7.5077],[43.0232,121.678,-7.75083],[32.1801,108.953,13.7708],[28.5104,109.763,31.7632],[[[0.887439,-0.417565,0.195169],[0.399898,0.908069,0.124471],[-0.229201,-0.032413,0.972839]],[[0.886386,-0.417709,0.1996],[0.319868,0.240905,-0.916324],[0.334672,0.876062,0.347146]],[[0.886386,-0.417709,0.1996],[-0.236672,-0.779413,-0.580088],[0.397878,0.466942,-0.78972]],[[0.886386,-0.417709,0.1996],[-0.417685,-0.907511,-0.0443158],[0.19965,-0.0440888,-0.978875]]],3],[464,[-0.570284,-0.428563,0.700792],46,49.6907,[43.6316,115.028,26.6874],[45.0708,114.285,26.0435],[369.096,-14.3983,67.762],false,[53.3714,148.298,69.1703],[74.3733,150.617,16.1841],[59.8323,122.881,1.04112],[48.8594,114.635,14.5252],[43.295,115.124,30.5358],[[[0.776592,-0.562771,0.283185],[0.511228,0.825612,0.238767],[-0.368173,-0.0406526,0.928868]],[[0.775228,-0.562917,0.286611],[0.47358,0.21767,-0.85343],[0.418024,0.797336,0.43533]],[[0.775228,-0.562917,0.286611],[-0.271657,-0.706723,-0.653257],[0.570284,0.428563,-0.700792]],[[0.775228,-0.562917,0.286611],[-0.539763,-0.82601,-0.162368],[0.328143,-0.0288299,-0.944188]]],4]],[[0,200,0],[235.247,235.247,147.751]]],[83517,4114376925,[[46,"right",[0.152087,0.202408,-0.96742],[-0.180251,-0.956711,-0.228504],[39.7316,155.888,23.084],[378.324,-20.0116,41.2393],[39.6524,155.894,23.0709],0.973932,0,0.571854,[[0.845315,0.0665109,-0.530112],[0.156585,0.917808,0.364843],[0.510807,-0.391414,0.765422]],62.6855,[175.385,43.667,279.574],[39.7058,147.633,76.2651]]],[[460,[0.265042,-0.428839,-0.863626],46,51.2702,[15.9313,111.934,-6.88834],[15.0573,110.751,-8.43897],[404.977,1.84596,42.1138],false,[10.0246,142.652,74.0366],[10.0246,142.652,74.0366],[-6.64437,135.44,28.4115],[2.24568,121.056,-0.556228],[20.2061,109.209,-8.75194],[[[0.581945,0.81105,0.0594743],[-0.760835,0.517169,0.392002],[0.287175,-0.273374,0.91804]],[[0.430102,0.854198,-0.292161],[-0.836536,0.498776,0.226783],[0.33944,0.146864,0.929092]],[[0.430102,0.854198,-0.292161],[-0.862998,0.294012,-0.410843],[-0.265042,0.428839,0.863626]],[[0.430102,0.854198,-0.292161],[-0.454397,-0.0748079,-0.887653],[-0.780087,0.514539,0.35597]]],0],[461,[-0.0860584,0.098901,-0.991369],46,57.8527,[13.7128,180.073,-80.378],[13.6864,179.399,-82.1976],[497.425,7.98975,9.61936],false,[22.8034,161.527,69.1133],[19.9207,168.05,-2.9096],[17.3508,177.931,-43.9228],[15.3045,180.283,-67.4955],[13.5235,180.019,-84.207],[[[0.983531,-0.172178,-0.0549604],[0.176294,0.980934,0.0817906],[0.03983,-0.0901328,0.995133]],[[0.980557,-0.167733,-0.101853],[0.186578,0.957711,0.219042],[0.0608053,-0.233786,0.970385]],[[0.980557,-0.167733,-0.101853],[0.176359,0.980859,0.0825432],[0.0860584,-0.098901,0.991369]],[[0.980557,-0.167733,-0.101853],[0.165171,0.985708,-0.0331531],[0.105958,0.0156853,0.994247]]],1],[462,[-0.255402,-0.572407,0.779179],46,65.9185,[18.7305,107.89,16.9917],[18.8873,107.301,16.0128],[380.119,-23.967,33.3694],false,[34.8613,161.158,68.015],[41.3755,165.574,-0.167627],[27.199,124.409,-18.9549],[20.0542,108.396,2.84245],[18.7695,107.714,21.272],[[[0.935309,-0.347458,0.0668583],[0.340865,0.935486,0.0931495],[-0.0949106,-0.0643339,0.993405]],[[0.936586,-0.346489,0.0524569],[0.18282,0.355398,-0.916662],[0.29897,0.868123,0.396206]],[[0.936586,-0.346489,0.0524569],[-0.23995,-0.743166,-0.624603],[0.255402,0.572407,-0.779179]],[[0.936586,-0.346489,0.0524569],[-0.343478,-0.937328,-0.0586483],[0.0694903,0.0369114,-0.9969]]],2],[463,[-0.410076,-0.46192,0.786427],46,63.3824,[31.4071,109.417,28.1633],[32.5507,108.512,27.3293],[359.957,-17.7841,62.2757],false,[46.4882,157.86,68.0998],[61.3039,159.793,8.31559],[46.4811,121.308,-6.88937],[35.3056,108.72,14.5425],[31.408,109.557,32.4856],[[[0.882773,-0.422664,0.205104],[0.403618,0.905744,0.129308],[-0.240425,-0.0313662,0.970161]],[[0.881255,-0.422851,0.211155],[0.331155,0.233642,-0.914192],[0.337232,0.875562,0.345927]],[[0.881255,-0.422851,0.211155],[-0.235004,-0.779632,-0.580471],[0.410076,0.46192,-0.786427]],[[0.881255,-0.422851,0.211155],[-0.422404,-0.905054,-0.0495262],[0.212049,-0.0455476,-0.976197]]],3],[464,[-0.579357,-0.420432,0.698271],46,49.6907,[46.8407,114.805,27.6289],[48.0707,114.012,26.9942],[362.825,-18.4646,80.0781],false,[56.1737,147.915,69.9206],[77.7894,150.128,17.1774],[63.1201,122.412,2.12316],[51.9725,114.323,15.5588],[46.2447,114.884,31.5092],[[[0.770108,-0.567259,0.291807],[0.513171,0.822625,0.244835],[-0.378933,-0.0388027,0.92461]],[[0.768418,-0.567426,0.295908],[0.481344,0.207766,-0.851552],[0.421713,0.796782,0.432778]],[[0.768418,-0.567426,0.295908],[-0.271808,-0.708001,-0.