{"metadata":{"formatVersion":2,"generatedBy":"LeapJS Playback 0.2.1","frames":120,"protocolVersion":6,"serviceVersion":"2.2.5+26752","frameRate":"1.1e+2","modified":"Thu Apr 16 2015 19:39:03 GMT-0300 (E. South America Standard Time)"},"frames":[["id","timestamp",{"hands":[["id","type","direction","palmNormal","palmPosition","palmVelocity","stabilizedPalmPosition","pinchStrength","grabStrength","confidence","armBasis","armWidth","elbow","wrist"]]},{"pointables":[["id","direction","handId","length","stabilizedTipPosition","tipPosition","tipVelocity","tool","carpPosition","mcpPosition","pipPosition","dipPosition","btipPosition","bases","type"]]},{"interactionBox":["center","size"]}],[85193,4140459367,[[47,"right",[-0.0980143,0.244677,-0.964638],[-0.567272,-0.81015,-0.147853],[-13.3611,152.153,10.0201],[176.464,-67.5288,-27.373],[-16.164,153.153,10.3864],1,0,0.557728,[[0.488033,-0.39698,-0.777323],[0.523458,0.845768,-0.103289],[0.698438,-0.356487,0.620565]],63.0114,[186.941,43.3515,226.207],[0.459833,138.533,60.5181]]],[[470,[-0.257725,-0.272487,-0.927],47,51.5368,[-56.0306,117.865,-22.8616],[-53.3087,117.532,-24.0287],[253.24,-126.173,-27.3221],false,[-28.3181,144.07,68.3547],[-28.3181,144.07,68.3547],[-45.558,135.144,22.9701],[-54.2476,125.957,-8.28507],[-52.4272,113.392,-27.6352],[[[0.817288,0.557999,-0.143794],[-0.366118,0.695551,0.618195],[0.444968,-0.452598,0.77276]],[[0.640268,0.670364,-0.375058],[-0.684164,0.719662,0.118349],[0.349252,0.180826,0.919416]],[[0.640268,0.670364,-0.375058],[-0.723626,0.69019,-0.00169513],[0.257725,0.272487,0.927]],[[0.640268,0.670364,-0.375058],[-0.764114,0.505828,-0.400335],[-0.0786557,0.542908,0.8361]]],0],[471,[-0.299461,0.0121918,-0.954031],47,58.1535,[-61.1767,178.822,-82.6477],[-57.6895,177.013,-84.6006],[318.108,-52.9515,-96.4965],false,[-11.865,158.076,59.266],[-34.8162,173.122,-8.11089],[-44.6056,178.639,-49.0825],[-51.7632,178.93,-71.8853],[-57.6067,177.697,-87.6902],[[[0.789613,-0.484076,-0.377071],[0.526297,0.850235,0.0105881],[0.315474,-0.206812,0.926124]],[[0.821512,-0.505226,-0.264321],[0.521559,0.85316,-0.0097284],[0.230423,-0.129867,0.964386]],[[0.821512,-0.505226,-0.264321],[0.485223,0.862901,-0.141279],[0.299461,-0.0121918,0.954031]],[[0.821512,-0.505226,-0.264321],[0.453321,0.859896,-0.234688],[0.345859,0.0729769,0.935444]]],1],[472,[-0.540375,-0.763562,0.353508],47,66.2613,[-69.5136,112.606,-18.1509],[-65.5446,111.286,-20.4414],[134.174,-30.0204,-99.4742],false,[-1.65164,153.796,54.2023],[-15.8071,163.277,-12.6532],[-46.9298,141.494,-41.4419],[-62.1252,120.023,-31.5011],[-66.1,109.05,-17.0398],[[[0.723607,-0.64537,-0.244725],[0.659012,0.751409,-0.0329824],[0.205175,-0.13741,0.969031]],[[0.71358,-0.638491,-0.288328],[0.253874,0.619258,-0.743013],[0.652956,0.457,0.603986]],[[0.71358,-0.638491,-0.288328],[-0.445867,-0.0964513,-0.889887],[0.540375,0.763562,-0.353508]],[[0.71358,-0.638491,-0.288328],[-0.667122,-0.493638,-0.557915],[0.213894,0.590467,-0.778202]]],2],[473,[-0.621935,-0.681549,0.3856],47,63.712,[-49.7695,106.004,-14.9593],[-45.9387,104.409,-18.3305],[132.52,-54.8007,-75.2247],false,[7.51623,146.775,50.4284],[2.48964,150.203,-11.2155],[-24.6214,129.513,-39.3052],[-41.6586,110.842,-28.742],[-46.8375,102.652,-13.0109],[[[0.694161,-0.713353,-0.0962694],[0.715231,0.698617,-0.0194752],[0.0811481,-0.0553359,0.995165]],[[0.689615,-0.709991,-0.142629],[0.384593,0.525949,-0.758595],[0.613611,0.468284,0.63576]],[[0.689615,-0.709991,-0.142629],[-0.370981,-0.17721,-0.911575],[0.621935,0.681549,-0.3856]],[[0.689615,-0.709991,-0.142629],[-0.66773,-0.547176,-0.504713],[0.280299,0.443295,-0.851423]]],3],[474,[-0.764993,-0.542493,0.347111],47,49.949,[-28.1993,106.523,-13.8206],[-25.1479,105.268,-14.8385],[140.201,-78.1687,-50.7678],false,[13.1591,133.961,49.003],[16.4797,134.59,-8.23766],[-4.77045,120.241,-32.0104],[-19.5664,109.748,-25.2968],[-27.1231,104.157,-11.0782],[[[0.571105,-0.820523,0.0241072],[0.818832,0.571508,0.053786],[-0.0579101,-0.0109777,0.998261]],[[0.573027,-0.819346,-0.0176557],[0.549814,0.400321,-0.733108],[0.607738,0.410383,0.679883]],[[0.573027,-0.819346,-0.0176557],[-0.293983,-0.185398,-0.937658],[0.764993,0.542493,-0.347111]],[[0.573027,-0.819346,-0.0176557],[-0.689273,-0.470179,-0.551212],[0.443332,0.328029,-0.834178]]],4]],[[0,200,0],[235.247,235.247,147.751]]],[85194,4140468193,[[47,"right",[-0.090405,0.241297,-0.966231],[-0.572925,-0.806185,-0.147723],[-11.3827,151.711,9.63099],[189.344,-62.8133,-31.8879],[-14.0763,152.523,10.0566],1,0,0.575956,[[0.482926,-0.410208,-0.773635],[0.527721,0.841363,-0.1167],[0.698779,-0.351907,0.622792]],63.0409,[188.699,44.1893,226.652],[2.03917,138.191,60.2905]]],[[470,[-0.247173,-0.290342,-0.92445],47,51.5609,[-52.9558,116.17,-22.9329],[-50.938,116.126,-23.915],[262.349,-140.079,-14.1152],false,[-26.7518,143.997,67.938],[-26.7518,143.997,67.938],[-44.0679,134.771,22.6173],[-52.4056,124.977,-8.5664],[-49.6881,111.649,-27.3038],[[[0.822594,0.550774,-0.141373],[-0.364088,0.701136,0.613065],[0.436782,-0.452831,0.777281]],[[0.641505,0.665993,-0.380689],[-0.682297,0.722184,0.11367],[0.350631,0.186823,0.91769]],[[0.641505,0.665993,-0.380689],[-0.726207,0.687135,-0.0216404],[0.247173,0.290342,0.92445]],[[0.641505,0.665993,-0.380689],[-0.758087,0.474455,-0.447433],[-0.117367,0.575626,0.809246]]],0],[471,[-0.290058,0.0120629,-0.956933],47,58.1808,[-57.5405,178.243,-83.6936],[-54.7034,176.668,-85.4399],[323.624,-51.4123,-96.9167],false,[-10.1256,157.837,58.8821],[-32.5715,172.783,-8.72347],[-41.9447,178.225,-49.8229],[-48.8809,178.514,-72.7058],[-54.5873,177.28,-88.5691],[[[0.787863,-0.49204,-0.370363],[0.533077,0.846007,0.0100512],[0.308384,-0.205351,0.928833]],[[0.819473,-0.51333,-0.254864],[0.528992,0.848586,-0.00827938],[0.220524,-0.128036,0.966942]],[[0.819473,-0.51333,-0.254864],[0.494297,0.858106,-0.139011],[0.290058,-0.0120629,0.956933]],[[0.819473,-0.51333,-0.254864],[0.463138,0.855082,-0.233105],[0.337589,0.0729864,0.93846]]],1],[472,[-0.549337,-0.757854,0.351974],47,66.2923,[-68.0336,112.317,-18.8403],[-63.7452,111.135,-21.0375],[152.389,-26.7484,-91.8777],false,[0.0870368,153.451,53.8945],[-13.6075,162.761,-13.1142],[-44.7409,141.13,-42.0416],[-60.1955,119.809,-32.1394],[-64.3654,108.909,-17.6669],[[[0.719785,-0.652226,-0.23772],[0.665241,0.745929,-0.0323179],[0.198401,-0.134879,0.970796]],[[0.710039,-0.645432,-0.281534],[0.263818,0.614527,-0.743477],[0.652874,0.453624,0.606614]],[[0.710039,-0.645432,-0.281534],[-0.440538,-0.0952584,-0.892666],[0.549337,0.757854,-0.351974]],[[0.710039,-0.645432,-0.281534],[-0.667488,-0.489576,-0.561049],[0.224286,0.586287,-0.778436]]],2],[473,[-0.629928,-0.675084,0.383994],47,63.7418,[-48.2118,105.528,-15.5198],[-44.1905,104.092,-18.6779],[149.438,-49.7392,-68.1725],false,[9.22403,146.337,50.2026],[4.58285,149.541,-11.5127],[-22.5401,128.955,-39.6999],[-39.8044,110.453,-29.1759],[-45.1543,102.355,-13.4443],[[[0.688926,-0.719328,-0.0891513],[0.720952,0.692744,-0.018256],[0.0748911,-0.0516968,0.995851]],[[0.684649,-0.716107,-0.135816],[0.393392,0.519918,-0.75824],[0.613595,0.4657,0.637672]],[[0.684649,-0.716107,-0.135816],[-0.366669,-0.177347,-0.913292],[0.629928,0.675084,-0.383994]],[[0.684649,-0.716107,-0.135816],[-0.668948,-0.543365,-0.507211],[0.28942,0.438116,-0.851053]]],3],[474,[-0.771496,-0.53469,0.344819],47,49.9724,[-26.168,105.826,-14.1774],[-23.419,104.801,-15.0895],[155.227,-71.6996,-45.3187],false,[14.774,133.466,48.8644],[18.4352,133.822,-8.38474],[-2.80072,119.523,-32.2247],[-17.7294,109.177,-25.5523],[-25.427,103.707,-11.3525],[[[0.564308,-0.824984,0.030957],[0.823094,0.565122,0.0561533],[-0.06382,-0.00620723,0.997942]],[[0.566465,-0.824021,-0.0103536],[0.557326,0.392322,-0.731759],[0.607047,0.408745,0.681485]],[[0.566465,-0.824021,-0.0103536],[-0.289674,-0.18734,-0.938612],[0.771496,0.53469,-0.344819]],[[0.566465,-0.824021,-0.0103536],[-0.689469,-0.467012,-0.553654],[0.451387,0.320764,-0.832683]]],4]],[[0,200,0],[235.247,235.247,147.751]]],[85195,4140476705,[[47,"right",[-0.0839992,0.236719,-0.96794],[-0.579606,-0.801752,-0.145777],[-9.03087,150.972,9.3262],[212.112,-69.1001,-32.9142],[-11.8073,151.826,9.72812],1,0,0.588134,[[0.480059,-0.422899,-0.76857],[0.534072,0.83594,-0.12638],[0.695925,-0.349801,0.627159]],63.0409,[189.944,44.1738,227.647],[4.04677,137.614,60.1183]]],[[470,[-0.241084,-0.307426,-0.920526],47,51.5609,[-49.9627,114.379,-22.6741],[-48.3715,114.491,-23.5092],[275.346,-156.141,5.56118],false,[-24.723,143.723,67.6069],[-24.723,143.723,67.6069],[-42.3003,134.228,22.4426],[-50.4326,123.858,-8.60878],[-46.8285,109.756,-26.6165],[[[0.82819,0.542473,-0.1408],[-0.360341,0.707826,0.607567],[0.429251,-0.452444,0.781689]],[[0.642154,0.660651,-0.388816],[-0.67894,0.725652,0.11167],[0.35592,0.192273,0.914523]],[[0.642154,0.660651,-0.388816],[-0.727679,0.684857,-0.0381424],[0.241084,0.307426,0.920526]],[[0.642154,0.660651,-0.388816],[-0.750606,0.438902,-0.493919],[-0.155656,0.609019,0.777732]]],0],[471,[-0.281372,0.0108836,-0.959537],47,58.1808,[-53.9023,177.524,-84.6247],[-51.4135,175.935,-86.1669],[341.081,-63.1606,-93.5332],false,[-7.93206,157.36,58.5477],[-29.9466,172.133,-9.23764],[-38.9288,177.444,-50.4414],[-45.6572,177.705,-73.3866],[-51.2357,176.457,-89.2942],[[[0.784946,-0.501243,-0.364165],[0.540721,0.841166,0.00771227],[0.302458,-0.202966,0.931302]],[[0.8165,-0.522616,-0.245356],[0.53728,0.843362,-0.00841622],[0.211322,-0.124953,0.969397]],[[0.8165,-0.522616,-0.245356],[0.50414,0.852499,-0.138163],[0.281372,-0.0108836,0.959537]],[[0.8165,-0.522616,-0.245356],[0.473722,0.849369,-0.232723],[0.330022,0.0737878,0.941085]]],1],[472,[-0.558379,-0.75102,0.352396],47,66.2923,[-66.2729,111.971,-19.5067],[-61.6525,110.703,-21.4129],[177.037,-32.7314,-79.825],false,[2.26172,152.855,53.6294],[-11.0559,161.915,-13.4894],[-42.2501,140.434,-42.4637],[-57.9592,119.306,-32.5496],[-62.3082,108.511,-18.0512],[[[0.714834,-0.66006,-0.230938],[0.67215,0.739655,-0.0335205],[0.19294,-0.131263,0.972391]],[[0.705317,-0.653405,-0.274936],[0.27316,0.608398,-0.745141],[0.65415,0.450459,0.607598]],[[0.705317,-0.653405,-0.274936],[-0.43674,-0.0950318,-0.894554],[0.558379,0.75102,-0.352396]],[[0.705317,-0.653405,-0.274936],[-0.669185,-0.485714,-0.562382],[0.233923,0.580641,-0.779831]]],2],[473,[-0.638131,-0.667508,0.383696],47,63.7418,[-46.357,104.971,-16.0493],[-42.1599,103.482,-18.8472],[172.588,-54.6707,-58.3028],false,[11.3494,145.637,50.0172],[7.00599,148.539,-11.7347],[-20.1709,128.072,-39.9567],[-37.66,109.778,-29.4408],[-43.1656,101.799,-13.7021],[[[0.682718,-0.72605,-0.0821371],[0.727313,0.686046,-0.0189196],[0.0700863,-0.0468226,0.996441]],[[0.67864,-0.723023,-0.129173],[0.401811,0.5127,-0.75874],[0.614814,0.463008,0.638457]],[[0.67864,-0.723023,-0.129173],[-0.363645,-0.177962,-0.914381],[0.638131,0.667508,-0.383696]],[[0.67864,-0.723023,-0.129173],[-0.671371,-0.539347,-0.508298],[0.297842,0.431674,-0.851439]]],3],[474,[-0.778093,-0.525462,0.344183],47,49.9724,[-24.0208,105.054,-14.4348],[-21.4024,104.022,-15.183],[176.821,-76.5875,-36.6046],false,[16.7876,132.709,48.7747],[20.7007,132.712,-8.45891],[-0.553316,118.455,-32.3077],[-15.6097,108.287,-25.6477],[-23.4326,102.973,-11.4571],[[[0.556621,-0.829897,0.0380049],[0.827962,0.557917,0.0566436],[-0.0682119,-0.000062358,0.997671]],[[0.558925,-0.829215,-0.00239743],[0.564331,0.382498,-0.731592],[0.607564,0.407552,0.681739]],[[0.558925,-0.829215,-0.00239743],[-0.286661,-0.190507,-0.9389],[0.778093,0.525462,-0.344183]],[[0.558925,-0.829215,-0.00239743],[-0.690771,-0.464005,-0.554559],[0.458736,0.311613,-0.832141]]],4]],[[0,200,0],[235.247,235.247,147.751]]],[85196,4140485604,[[47,"right",[-0.0760747,0.233215,-0.969445],[-0.581806,-0.799972,-0.14679],[-6.37956,150.241,9.01351],[235.452,-72.6393,-33.5187],[-9.11578,151.04,9.37376],1,0,0.599013,[[0.482,-0.429175,-0.763862],[0.537619,0.833272,-0.128933],[0.69184,-0.348521,0.632369]],63.0704,[191.176,43.884,228.974],[6.28406,137.025,59.9746]]],[[470,[-0.230167,-0.324398,-0.917491],47,51.5851,[-46.5237,112.412,-22.3017],[-45.2004,112.756,-23.2055],[299.522,-168.491,16.3105],false,[-22.5271,143.284,67.235],[-22.5271,143.284,67.235],[-40.22,133.546,22.1423],[-47.9876,122.598,-8.82122],[-43.3493,107.803,-26.032],[[[0.831384,0.538554,-0.136966],[-0.36181,0.711683,0.602163],[0.421774,-0.451074,0.786536]],[[0.640861,0.658974,-0.393764],[-0.67902,0.725883,0.109663],[0.358092,0.197095,0.912647]],[[0.640861,0.658974,-0.393764],[-0.732339,0.678615,-0.0562203],[0.230167,0.324398,0.917491]],[[0.640861,0.658974,-0.393764],[-0.741083,0.397293,-0.541252],[-0.200232,0.638679,0.742964]]],0],[471,[-0.269646,0.00988347,-0.962909],47,58.208,[-49.8341,176.66,-85.6002],[-47.6534,175.141,-86.9796],[363.428,-72.2676,-93.753],false,[-5.60815,156.823,58.2391],[-27.0846,171.423,-9.79249],[-35.5833,176.615,-51.1342],[-42.0343,176.852,-74.1709],[-47.4263,175.595,-90.1503],[[[0.785493,-0.505856,-0.356525],[0.544076,0.838995,0.00829463],[0.294927,-0.200492,0.934249]],[[0.816758,-0.527341,-0.234132],[0.541262,0.840835,-0.0056653],[0.199854,-0.122099,0.972188]],[[0.816758,-0.527341,-0.234132],[0.510095,0.849596,-0.134123],[0.269646,-0.00988347,0.962909]],[[0.816758,-0.527341,-0.234132],[0.480881,0.846398,-0.228831],[0.31884,0.0743096,0.944891]]],1],[472,[-0.564505,-0.747499,0.350113],47,66.3233,[-63.9287,111.471,-20.2734],[-58.9652,110.064,-22.0056],[210.417,-43.6421,-76.9777],false,[4.60703,152.255,53.4099],[-8.19675,161.107,-13.8697],[-39.2754,139.652,-43.0239],[-55.1642,118.613,-33.1695],[-59.6786,107.875,-18.6677],[[[0.713779,-0.663859,-0.223182],[0.675383,0.73679,-0.0315903],[0.18541,-0.128185,0.974265]],[[0.704584,-0.657325,-0.267367],[0.281447,0.604729,-0.745044],[0.651421,0.449697,0.611085]],[[0.704584,-0.657325,-0.267367],[-0.429995,-0.0957542,-0.897739],[0.564505,0.747499,-0.350113]],[[0.704584,-0.657325,-0.267367],[-0.666826,-0.484438,-0.56627],[0.242701,0.577273,-0.779649]]],2],[473,[-0.643521,-0.66338,0.381848],47,63.7717,[-43.8904,104.256,-16.6204],[-39.4971,102.772,-19.1918],[206.338,-61.8278,-53.7739],false,[13.6952,144.983,49.8901],[9.80577,147.658,-11.9314],[-17.2636,127.183,-40.2823],[-34.9087,108.993,-29.8122],[-40.5586,101.097,-14.0725],[[[0.680326,-0.729128,-0.0743575],[0.73022,0.683016,-0.0163814],[0.0627314,-0.0431526,0.997097]],[[0.676593,-0.726267,-0.121486],[0.409344,0.508107,-0.757803],[0.612095,0.462994,0.641074]],[[0.676593,-0.726267,-0.121486],[-0.357914,-0.180177,-0.916206],[0.643521,0.66338,-0.381848]],[[0.676593,-0.726267,-0.121486],[-0.669991,-0.538727,-0.510769],[0.305507,0.426977,-0.851091]]],3],[474,[-0.783051,-0.520696,0.340158],47,49.9958,[-21.3701,104.173,-14.7165],[-18.782,103.228,-15.403],[208.819,-80.3771,-34.1732],false,[19.0919,132.022,48.7372],[23.4183,131.782,-8.49312],[2.28222,117.491,-32.4504],[-12.8772,107.411,-25.8651],[-20.8454,102.189,-11.7119],[[[0.552946,-0.831986,0.0452811],[0.8298,0.554781,0.0604087],[-0.0753803,0.00417151,0.997146]],[[0.555488,-0.831503,0.0059253],[0.571598,0.376663,-0.728972],[0.603911,0.408322,0.684518]],[[0.555488,-0.831503,0.0059253],[-0.279757,-0.193594,-0.94035],[0.783051,0.520696,-0.340158]],[[0.555488,-0.831503,0.0059253],[-0.68797,-0.46358,-0.558382],[0.467043,0.306098,-0.829563]]],4]],[[0,200,0],[235.247,235.247,147.751]]],[85197,4140494025,[[47,"right",[-0.0699389,0.228309,-0.971073],[-0.581885,-0.800025,-0.146185],[-4.00287,149.673,8.71954],[247.589,-71.3074,-33.8795],[-6.51782,150.345,9.04134],1,0,0.611633,[[0.487938,-0.432254,-0.758336],[0.540181,0.831964,-0.126652],[0.685653,-0.34784,0.639442]],63.0704,[191.576,43.7452,230.713],[8.33688,136.705,59.8235]]],[[470,[-0.219824,-0.34119,-0.91393],47,51.5851,[-43.3262,110.666,-21.9015],[-42.3127,111.195,-22.8849],[312.415,-172.535,24.5177],false,[-20.5099,143.035,66.8774],[-20.5099,143.035,66.8774],[-38.2628,132.958,21.8828],[-45.6814,121.443,-8.96046],[-40.219,106.135,-25.4661],[[[0.832852,0.536852,-0.13471],[-0.364569,0.715204,0.596299],[0.416469,-0.447518,0.791379]],[[0.638254,0.658209,-0.39924],[-0.680831,0.724682,0.106324],[0.359306,0.203953,0.91066]],[[0.638254,0.658209,-0.39924],[-0.737773,0.671082,-0.0730758],[0.219824,0.34119,0.91393]],[[0.638254,0.658209,-0.39924],[-0.732823,0.360629,-0.57699],[-0.235803,0.660839,0.712523]]],0],[471,[-0.25989,0.00618137,-0.965618],47,58.208,[-46.1201,175.713,-86.4649],[-44.3955,174.224,-87.7313],[369.859,-83.9628,-92.0922],false,[-3.52048,156.508,57.9144],[-24.5682,170.782,-10.3199],[-32.6715,175.759,-51.7673],[-38.8891,175.907,-74.8688],[-44.1201,174.594,-90.8971],[[[0.787012,-0.508619,-0.349167],[0.545039,0.838379,0.00726576],[0.289039,-0.196028,0.937032]],[[0.818064,-0.529895,-0.223569],[0.542641,0.839948,-0.00522882],[0.190557,-0.11704,0.974674]],[[0.818064,-0.529895,-0.223569],[0.513058,0.848041,-0.132658],[0.25989,-0.00618137,0.965618]],[[0.818064,-0.529895,-0.223569],[0.484866,0.844501,-0.227424],[0.309315,0.0776467,0.947784]]],1],[472,[-0.567973,-0.745143,0.349525],47,66.3233,[-61.3668,110.885,-20.9948],[-56.4685,109.399,-22.462],[232.875,-52.5545,-71.2957],false,[6.71808,151.902,53.1705],[-5.66869,160.423,-14.2298],[-36.5898,138.876,-43.4832],[-52.5763,117.903,-33.6453],[-57.2037,107.235,-19.1278],[[[0.714302,-0.665848,-0.215449],[0.67646,0.735814,-0.0312992],[0.179371,-0.123386,0.976013]],[[0.705365,-0.659518,-0.2598],[0.287059,0.600886,-0.746012],[0.648119,0.451632,0.613164]],[[0.705365,-0.659518,-0.2598],[-0.424107,-0.0989833,-0.900187],[0.567974,0.745143,-0.349525]],[[0.705365,-0.659518,-0.2598],[-0.663752,-0.485898,-0.568626],[0.248783,0.573532,-0.780492]]],2],[473,[-0.646352,-0.660515,0.382034],47,63.7717,[-41.2286,103.508,-17.1015],[-37.0026,102.095,-19.3931],[229.592,-66.1274,-46.4546],false,[15.8185,144.601,49.7431],[12.3054,146.963,-12.1136],[-14.6224,126.37,-40.514],[-32.3451,108.259,-30.0388],[-38.0875,100.459,-14.2844],[[[0.679872,-0.730309,-0.0664957],[0.731138,0.682054,-0.0154829],[0.056661,-0.0380912,0.997667]],[[0.676423,-0.727684,-0.113703],[0.414367,0.503627,-0.758063],[0.608894,0.465657,0.642193]],[[0.676423,-0.727684,-0.113703],[-0.353102,-0.184924,-0.917127],[0.646352,0.660515,-0.382034]],[[0.676423,-0.727684,-0.113703],[-0.66786,-0.540932,-0.511229],[0.310508,0.421745,-0.85189]]],3],[474,[-0.786014,-0.517744,0.33782],47,49.9958,[-18.7338,103.371,-14.9293],[-16.3267,102.537,-15.5303],[230.473,-80.5509,-29.5705],false,[21.2062,131.628,48.6895],[25.8776,131.088,-8.51161],[4.88183,116.682,-32.5231],[-10.3349,106.659,-25.9831],[-18.4083,101.527,-11.8564],[[[0.551647,-0.832398,0.0528987],[0.830097,0.554098,0.0625658],[-0.0813907,0.00939675,0.996638]],[[0.55437,-0.832144,0.0145198],[0.576883,0.371624,-0.727394],[0.5999,0.411621,0.686067]],[[0.55437,-0.832144,0.0145198],[-0.273598,-0.19869,-0.941099],[0.786014,0.517744,-0.33782]],[[0.55437,-0.832144,0.0145198],[-0.684655,-0.465894,-0.560527],[0.473204,0.300798,-0.828009]]],4]],[[0,200,0],[235.247,235.247,147.751]]],[85198,4140503036,[[47,"right",[-0.0651516,0.221353,-0.973015],[-0.588495,-0.795991,-0.141677],[-1.21633,148.792,8.28275],[264.534,-78.5642,-37.8907],[-3.49547,149.46,8.60887],1,0,0.61902,[[0.492057,-0.445152,-0.748144],[0.547925,0.826174,-0.131209],[0.676505,-0.345364,0.650434]],63.0999,[191.747,43.7673,233.454],[10.8684,136.108,59.5455]]],[[470,[-0.214316,-0.357711,-0.908907],47,51.6092,[-40.0042,108.89,-21.4656],[-39.3924,109.613,-22.5282],[316.75,-172.717,29.9564],false,[-17.955,142.75,66.4691],[-17.955,142.75,66.4691],[-35.9176,132.357,21.6043],[-43.1537,120.279,-9.08382],[-37.1334,104.456,-24.9107],[[[0.837933,0.528444,-0.136434],[-0.359951,0.723,0.589666],[0.410248,-0.444992,0.79604]],[[0.640529,0.651047,-0.407261],[-0.676519,0.72934,0.101911],[0.36338,0.210243,0.907608]],[[0.640529,0.651047,-0.407261],[-0.737422,0.669463,-0.0895944],[0.214316,0.357711,0.908907]],[[0.640529,0.651047,-0.407261],[-0.722665,0.331628,-0.606447],[-0.259766,0.68276,0.682906]]],0],[471,[-0.252776,0.00252127,-0.967521],47,58.2352,[-42.115,174.518,-87.4155],[-40.821,173.071,-88.5601],[377.257,-97.6639,-93.1053],false,[-0.813947,156.008,57.4473],[-21.5499,169.943,-10.9888],[-29.3453,174.676,-52.5442],[-35.3955,174.737,-75.702],[-40.5203,173.378,-91.7691],[[[0.783492,-0.518221,-0.342911],[0.552385,0.833585,0.00235685],[0.284624,-0.191266,0.939365]],[[0.814518,-0.539144,-0.214207],[0.550443,0.834833,-0.00816753],[0.183231,-0.111256,0.976754]],[[0.814518,-0.539144,-0.214207],[0.522174,0.84221,-0.134229],[0.252776,-0.00252127,0.967522]],[[0.814518,-0.539144,-0.214207],[0.494787,0.838376,-0.228717],[0.302898,0.0803075,0.949633]]],1],[472,[-0.575933,-0.7375,0.352697],47,66.3544,[-58.3612,110.157,-21.7041],[-53.9638,108.739,-22.7887],[244.725,-58.6294,-62.327],false,[9.4019,151.274,52.7671],[-2.72252,159.383,-14.7648],[-33.7563,137.89,-43.9753],[-49.9744,117.122,-34.0435],[-54.7511,106.594,-19.4614],[[[0.709017,-0.673759,-0.20819],[0.683007,0.729572,-0.0350272],[0.17549,-0.11736,0.977461]],[[0.700247,-0.667685,-0.252688],[0.294829,0.592828,-0.749421],[0.650177,0.45028,0.611978]],[[0.700247,-0.667685,-0.252688],[-0.421847,-0.101444,-0.900974],[0.575933,0.7375,-0.352697]],[[0.700247,-0.667685,-0.252688],[-0.666158,-0.483852,-0.567556],[0.256685,0.565759,-0.7836]]],2],[473,[-0.652236,-0.651268,0.387862],47,63.8015,[-38.1734,102.597,-17.4724],[-34.538,101.28,-19.4066],[241.615,-72.6394,-34.7348],false,[18.4515,143.864,49.4214],[15.1345,145.776,-12.4907],[-11.9309,125.159,-40.7755],[-29.8233,107.293,-30.1355],[-35.642,99.6963,-14.3002],[[[0.673595,-0.736754,-0.0588428],[0.737163,0.675458,-0.0186348],[0.0534751,-0.0308244,0.998093]],[[0.670306,-0.734467,-0.106062],[0.420108,0.493392,-0.761626],[0.611719,0.465964,0.639279]],[[0.670306,-0.734467,-0.106062],[-0.353946,-0.190809,-0.915595],[0.652236,0.651268,-0.387862]],[[0.670306,-0.734467,-0.106062],[-0.672152,-0.540334,-0.506212],[0.314487,0.410606,-0.855862]]],3],[474,[-0.792333,-0.507973,0.337892],47,50.0192,[-15.9343,102.355,-15.1425],[-13.9196,101.548,-15.6624],[240.526,-88.9515,-26.725],false,[23.7302,130.829,48.4838],[28.5621,129.804,-8.7243],[7.52114,115.36,-32.6973],[-7.82515,105.521,-26.1529],[-16.0328,100.567,-12.0305],[[[0.544135,-0.83678,0.0609644],[0.834767,0.547248,0.0606928],[-0.0841492,0.0178661,0.996293]],[[0.546864,-0.83687,0.0242422],[0.582962,0.359843,-0.72847],[0.600911,0.412506,0.684649]],[[0.546864,-0.83687,0.0242422],[-0.270457,-0.203989,-0.940873],[0.792333,0.507973,-0.337892]],[[0.546864,-0.83687,0.0242422],[-0.685362,-0.464114,-0.561139],[0.480852,0.290252,-0.827366]]],4]],[[0,200,0],[235.247,235.247,147.751]]],[85199,4140511382,[[47,"right",[-0.0575472,0.21791,-0.974271],[-0.587362,-0.796509,-0.143457],[1.34436,148.477,8.02512],[275.42,-68.0833,-36.083],[-0.693771,148.891,8.27095],1,0,0.624994,[[0.500195,-0.445336,-0.742618],[0.550058,0.825763,-0.124702],[0.668761,-0.346108,0.658003]],63.0999,[191.836,43.4343,235.357],[13.0281,135.974,59.4253]]],[[470,[-0.203124,-0.369559,-0.906734],47,51.6092,[-36.839,107.656,-21.2532],[-36.3175,108.568,-22.4543],[330.558,-158.786,25.7033],false,[-15.8485,142.639,66.0998],[-15.8485,142.639,66.0998],[-33.6606,131.983,21.2369],[-40.5188,119.505,-9.37789],[-33.9059,103.402,-24.6773],[[[0.838969,0.52799,-0.131748],[-0.364556,0.725066,0.584276],[0.404018,-0.44216,0.80079]],[[0.639762,0.650946,-0.408624],[-0.678868,0.727872,0.0966434],[0.360336,0.215573,0.907572]],[[0.639762,0.650946,-0.408624],[-0.741245,0.663096,-0.104207],[0.203124,0.369559,0.906734]],[[0.639762,0.650946,-0.408624],[-0.713643,0.305738,-0.630268],[-0.285338,0.694834,0.660143]]],0],[471,[-0.240961,0.00108214,-0.970534],47,58.2352,[-38.3503,173.701,-88.2215],[-37.2144,172.549,-89.2898],[391.713,-89.7709,-91.0352],false,[1.3624,155.866,57.1655],[-18.8381,169.558,-11.4794],[-26.1661,174.161,-53.1343],[-31.9336,174.187,-76.3643],[-36.8568,172.816,-92.4933],[[[0.786153,-0.5194,-0.334943],[0.552342,0.833609,0.00372777],[0.277276,-0.187934,0.942231]],[[0.816616,-0.540173,-0.203349],[0.550881,0.834571,-0.00469157],[0.172243,-0.10819,0.979095]],[[0.816616,-0.540173,-0.203349],[0.524476,0.841553,-0.129277],[0.240961,-0.00108214,0.970534]],[[0.816616,-0.540173,-0.203349],[0.498465,0.837644,-0.223349],[0.290981,0.0810282,0.953291]]],1],[472,[-0.579006,-0.736374,0.350008],47,66.3544,[-55.3301,109.526,-22.3842],[-51.1734,108.311,-23.3586],[267.927,-56.5287,-63.9356],false,[11.6146,151.116,52.582],[0.0182361,158.985,-15.0708],[-30.7802,137.404,-44.4644],[-47.0849,116.668,-34.6083],[-51.9849,106.183,-20.036],[[[0.71063,-0.674464,-0.20026],[0.683252,0.729469,-0.0322664],[0.167846,-0.113899,0.979211]],[[0.702195,-0.668538,-0.244906],[0.300964,0.590447,-0.748861],[0.645246,0.452139,0.615815]],[[0.702195,-0.668538,-0.244906],[-0.414336,-0.103972,-0.904165],[0.579006,0.736374,-0.350008]],[[0.702195,-0.668538,-0.244906],[-0.661504,-0.485383,-0.571678],[0.263315,0.563436,-0.783074]]],2],[473,[-0.654792,-0.649677,0.386222],47,63.8015,[-35.1252,101.888,-17.8215],[-31.7484,100.864,-19.6845],[265.461,-66.1624,-34.8243],false,[20.6901,143.694,49.3334],[17.857,145.387,-12.6091],[-8.99267,124.663,-41.0209],[-26.9552,106.841,-30.4259],[-32.876,99.3167,-14.5937],[[[0.674042,-0.736932,-0.0509722],[0.73728,0.675415,-0.0152601],[0.0456731,-0.0272948,0.998583]],[[0.67112,-0.73481,-0.098248],[0.425839,0.490579,-0.760259],[0.606844,0.468387,0.642148]],[[0.67112,-0.73481,-0.098248],[-0.347629,-0.194869,-0.917159],[0.654792,0.649677,-0.386222]],[[0.67112,-0.73481,-0.098248],[-0.668726,-0.542831,-0.508074],[0.320006,0.40668,-0.855691]]],3],[474,[-0.795335,-0.506527,0.332974],47,50.0192,[-13.153,101.701,-15.3511],[-11.1918,101.128,-15.8537],[262.829,-78.8421,-26.1021],false,[25.9761,130.657,48.4831],[31.255,129.429,-8.68146],[10.4115,114.874,-32.76],[-4.99287,105.064,-26.3108],[-13.3329,100.165,-12.2468],[[[0.54365,-0.836539,0.0681724],[0.834262,0.547491,0.0652805],[-0.0919334,0.0213838,0.995536]],[[0.546582,-0.836769,0.0326439],[0.588984,0.356432,-0.725296],[0.59527,0.415661,0.687662]],[[0.546582,-0.836769,0.0326439],[-0.262088,-0.207961,-0.942371],[0.795335,0.506527,-0.332974]],[[0.546582,-0.836769,0.0326439],[-0.680085,-0.466305,-0.565724],[0.488603,0.287014,-0.823948]]],4]],[[0,200,0],[235.247,235.247,147.751]]],[85200,4140520404,[[47,"right",[-0.0444338,0.215847,-0.975416],[-0.579442,-0.800934,-0.150841],[3.95082,148.089,7.80413],[279.13,-61.1592,-32.8944],[2.3103,148.372,7.96901],1,0,0.636024,[[0.513293,-0.439333,-0.737236],[0.546842,0.829496,-0.113579],[0.661433,-0.344853,0.66602]],63.1294,[191.886,43.5046,237.579],[14.9539,135.752,59.4207]]],[[470,[-0.182445,-0.379549,-0.907004],47,51.6333,[-32.9981,106.351,-21.3594],[-32.633,107.315,-22.703],[353.058,-151.483,11.411],false,[-14.0803,142.224,65.6512],[-14.0803,142.224,65.6512],[-31.2641,131.276,20.5886],[-37.427,118.455,-10.0497],[-29.9982,102.166,-24.7841],[[[0.837069,0.533759,-0.120068],[-0.378467,0.723424,0.577426],[0.395066,-0.437903,0.807566]],[[0.638641,0.655643,-0.402827],[-0.68659,0.721889,0.0864306],[0.347464,0.221379,0.911186]],[[0.638641,0.655643,-0.402827],[-0.747563,0.652744,-0.122777],[0.182445,0.379549,0.907004]],[[0.638641,0.655643,-0.402827],[-0.699633,0.276773,-0.658719],[-0.320393,0.702516,0.635468]]],0],[471,[-0.221848,0.0000250661,-0.975081],47,58.2624,[-33.9594,172.889,-89.1792],[-33.006,171.871,-90.2016],[411.764,-86.1355,-94.1911],false,[3.17641,155.565,56.9489],[-16.0951,169.002,-12.0488],[-22.6864,173.502,-53.8581],[-27.9989,173.502,-77.2077],[-32.5886,172.123,-93.4424],[[[0.794788,-0.514324,-0.322153],[0.546264,0.837547,0.0105337],[0.2644,-0.184352,0.946629]],[[0.823824,-0.534956,-0.187448],[0.545284,0.838241,0.00424379],[0.154856,-0.105708,0.982265]],[[0.823824,-0.534956,-0.187448],[0.52163,0.84488,-0.118658],[0.221848,-0.0000250661,0.975081]],[[0.823824,-0.534956,-0.187448],[0.497792,0.840941,-0.212182],[0.271141,0.0814907,0.959084]]],1],[472,[-0.579252,-0.740008,0.34184],47,66.3854,[-51.6889,108.706,-23.3137],[-47.8151,107.495,-24.3353],[295.97,-66.1589,-76.5376],false,[13.5348,150.879,52.5265],[2.89696,158.554,-15.3388],[-27.3094,136.708,-45.1839],[-43.6286,115.86,-35.5533],[-48.6838,105.352,-21.0395],[[[0.718354,-0.669697,-0.188342],[0.67844,0.734286,-0.0233012],[0.153901,-0.11104,0.981827]],[[0.710539,-0.663899,-0.233178],[0.308252,0.591569,-0.745001],[0.632546,0.457475,0.624981]],[[0.710539,-0.663899,-0.233178],[-0.399501,-0.107822,-0.91037],[0.579252,0.740008,-0.34184]],[[0.710539,-0.663899,-0.233178],[-0.649159,-0.490598,-0.581297],[0.271526,0.564404,-0.779565]]],2],[473,[-0.655732,-0.653642,0.377846],47,63.8313,[-31.4729,101.082,-18.3636],[-28.3837,100.186,-20.2716],[293.936,-69.0127,-44.0401],false,[22.7153,143.513,49.4266],[20.8016,145.082,-12.5835],[-5.48951,124.103,-41.3604],[-23.4862,106.164,-30.9904],[-29.5892,98.6224,-15.2256],[[[0.679971,-0.732174,-0.0395088],[0.73259,0.680649,-0.0053874],[0.0308361,-0.0252805,0.999205]],[[0.67774,-0.730147,-0.0869132],[0.433478,0.492219,-0.754863],[0.593941,0.473925,0.650099]],[[0.67774,-0.730147,-0.0869132],[-0.332694,-0.19909,-0.92178],[0.655732,0.653642,-0.377846]],[[0.67774,-0.730147,-0.0869132],[-0.657241,-0.548544,-0.51685],[0.329701,0.407412,-0.851653]]],3],[474,[-0.796862,-0.511318,0.321814],47,50.0426,[-9.75246,101.051,-15.6639],[-7.90286,100.597,-16.1684],[290.609,-73.9275,-29.024],false,[28.1088,130.506,48.6789],[34.2587,129.219,-8.42422],[13.8794,114.444,-32.7879],[-1.56183,104.536,-26.552],[-10.0952,99.6078,-12.605],[[[0.548515,-0.832509,0.0778407],[0.829259,0.553558,0.0768318],[-0.107053,0.0224067,0.994001]],[[0.551892,-0.832786,0.0433896],[0.597487,0.358589,-0.717233],[0.581743,0.42176,0.695481]],[[0.551892,-0.832786,0.0433896],[-0.245817,-0.212182,-0.945808],[0.796862,0.511318,-0.321814]],[[0.551892,-0.832786,0.0433896],[-0.66762,-0.472416,-0.575419],[0.499699,0.288601,-0.816707]]],4]],[[0,200,0],[235.247,235.247,147.751]]],[85201,4140528841,[[47,"right",[-0.0288832,0.22261,-0.97448],[-0.575576,-0.80075,-0.165864],[6.70141,147.606,7.96825],[291.314,-60.1641,-19.2912],[5.22399,147.864,7.9685],1,0,0.571536,[[0.518171,-0.439791,-0.733541],[0.544462,0.831051,-0.113647],[0.659591,-0.340497,0.670076]],63.1294,[193.321,43.8416,238.914],[16.8819,134.924,59.67]]],[[470,[-0.164309,-0.377695,-0.911235],47,51.6333,[-29.3739,105.575,-21.6701],[-29.0982,106.642,-23.0859],[370.321,-130.472,-3.20949],false,[-12.2607,141.307,65.4711],[-12.2607,141.307,65.4711],[-28.7898,130.63,20.0997],[-34.3401,117.871,-10.6814],[-26.3239,101.566,-25.0868],[[[0.838029,0.535879,-0.102665],[-0.38903,0.718773,0.576213],[0.382573,-0.442943,0.810826]],[[0.642543,0.659933,-0.389393],[-0.689515,0.719633,0.0818368],[0.334227,0.215908,0.917429]],[[0.642543,0.659933,-0.389393],[-0.748425,0.649489,-0.134252],[0.164309,0.377695,0.911235]],[[0.642543,0.659933,-0.389393],[-0.683821,0.264573,-0.679993],[-0.345726,0.7032,0.621276]]],0],[471,[-0.202906,0.00766807,-0.979168],47,58.2624,[-29.4691,172.727,-89.696],[-28.4706,172.11,-90.512],[444.061,-57.6385,-78.0462],false,[5.11347,154.736,57.1448],[-13.0528,168.626,-12.0625],[-18.8646,173.415,-53.9553],[-23.7235,173.599,-77.4028],[-27.9921,172.352,-93.7355],[[[0.800786,-0.510826,-0.312727],[0.54463,0.838295,0.0252935],[0.249237,-0.190575,0.949506]],[[0.827927,-0.532592,-0.175736],[0.543961,0.838862,0.0204225],[0.136541,-0.112502,0.984225]],[[0.827927,-0.532592,-0.175736],[0.522844,0.846338,-0.101717],[0.202906,-0.00766807,0.979168]],[[0.827927,-0.532592,-0.175736],[0.500943,0.843163,-0.195277],[0.252177,0.0736412,0.964875]]],1],[472,[-0.583773,-0.743361,0.326534],47,66.3854,[-48.1192,108.103,-24.29],[-44.4779,107.157,-25.3307],[321.971,-59.1699,-87.1324],false,[15.5504,150.096,52.8594],[6.00765,158.231,-15.1151],[-23.6668,136.56,-45.6148],[-40.1134,115.618,-36.4154],[-45.3946,104.994,-22.0673],[[[0.722439,-0.667251,-0.181269],[0.677512,0.735478,-0.0071008],[0.138058,-0.117682,0.983408]],[[0.715338,-0.661143,-0.226234],[0.3196,0.597461,-0.735456],[0.621408,0.453795,0.638688]],[[0.715338,-0.661143,-0.226234],[-0.384059,-0.101513,-0.917711],[0.583773,0.743361,-0.326534]],[[0.715338,-0.661143,-0.226234],[-0.638613,-0.48711,-0.595732],[0.283664,0.570626,-0.770663]]],2],[473,[-0.66059,-0.657262,0.362805],47,63.8313,[-27.9523,100.497,-18.98],[-25.105,99.8308,-20.9069],[317.754,-62.2295,-52.8393],false,[24.7923,142.767,49.8583],[23.8873,144.767,-12.1623],[-1.91429,123.936,-41.4839],[-20.0443,105.897,-31.5267],[-26.3924,98.232,-15.9189],[[[0.681738,-0.730828,-0.0335226],[0.731451,0.6818,0.011319],[0.0145835,-0.0322367,0.999374]],[[0.680271,-0.728464,-0.0810681],[0.444387,0.497868,-0.744747],[0.582882,0.470604,0.662405]],[[0.680271,-0.728464,-0.0810681],[-0.317574,-0.193253,-0.928332],[0.66059,0.657262,-0.362805]],[[0.680271,-0.728464,-0.0810681],[-0.647786,-0.54578,-0.531505],[0.342937,0.414082,-0.843167]]],3],[474,[-0.801342,-0.514508,0.305177],47,50.0426,[-6.46519,100.604,-16.0053],[-4.69742,100.249,-16.5173],[313.773,-65.39,-32.3239],false,[30.2189,129.774,49.1079],[37.3011,128.897,-7.89487],[17.3472,114.24,-32.6783],[1.81919,104.27,-26.7647],[-6.94417,99.2374,-12.9986],[[[0.548553,-0.832187,0.0809631],[0.826977,0.554285,0.0942148],[-0.123281,0.0152728,0.992254]],[[0.552401,-0.832228,0.0474282],[0.608613,0.363788,-0.705158],[0.569599,0.418396,0.707462]],[[0.552401,-0.832228,0.0474282],[-0.229575,-0.206586,-0.951114],[0.801342,0.514508,-0.305177]],[[0.552401,-0.832228,0.0474282],[-0.656897,-0.469638,-0.589853],[0.513166,0.29468,-0.806117]]],4]],[[0,200,0],[235.247,235.247,147.751]]],[85202,4140537432,[[47,"right",[-0.0182711,0.221477,-0.974994],[-0.568285,-0.804627,-0.172127],[9.6846,147.129,7.94595],[306.075,-58.917,-14.8846],[8.42076,147.337,7.95234],1,0,0.585756,[[0.528257,-0.435684,-0.728783],[0.540567,0.834464,-0.107033],[0.654776,-0.337415,0.676328]],63.1589,[194.544,44.2578,240.808],[19.3114,134.558,59.807]]],[[470,[-0.148873,-0.382134,-0.912036],47,51.6575,[-25.4888,104.681,-21.8836],[-25.3083,105.679,-23.2501],[388.543,-123.283,-7.59475],false,[-9.95511,140.761,65.2434],[-9.95511,140.761,65.2434],[-25.9475,129.948,19.6867],[-30.9787,117.034,-11.1359],[-22.4259,100.665,-25.1722],[[[0.835748,0.541205,-0.0928603],[-0.400771,0.716791,0.570608],[0.375377,-0.439669,0.815956]],[[0.6422,0.663979,-0.383028],[-0.695059,0.715106,0.0742736],[0.323222,0.218529,0.920746]],[[0.6422,0.663979,-0.383028],[-0.751941,0.642732,-0.146558],[0.148873,0.382135,0.912036]],[[0.6422,0.663979,-0.383028],[-0.672043,0.247359,-0.697977],[-0.368697,0.705652,0.605076]]],0],[471,[-0.188309,0.00621467,-0.98209],47,58.2897,[-24.947,172.161,-90.252],[-24.2342,171.382,-91.0309],[455.947,-65.3531,-73.9154],false,[7.44149,154.3,57.1146],[-9.9653,168.012,-12.3589],[-15.2055,172.722,-54.356],[-19.717,172.871,-77.8845],[-23.7319,171.6,-94.2877],[[[0.807883,-0.505922,-0.302271],[0.538837,0.841834,0.0311457],[0.238705,-0.188037,0.952713]],[[0.833682,-0.527582,-0.163192],[0.538359,0.842273,0.027286],[0.123056,-0.110604,0.986217]],[[0.833682,-0.527582,-0.163192],[0.519147,0.849482,-0.0941675],[0.188309,-0.00621467,0.98209]],[[0.833682,-0.527582,-0.163192],[0.498766,0.846185,-0.187625],[0.237078,0.0750255,0.968589]]],1],[472,[-0.583167,-0.746892,0.319482],47,66.4164,[-44.228,107.323,-25.1817],[-40.8267,106.317,-25.9753],[348.517,-69.7216,-84.3293],false,[17.9653,149.722,52.9614],[9.20735,157.732,-15.1661],[-19.9557,135.842,-46.0347],[-36.3928,114.79,-37.0298],[-41.7914,104.135,-22.7374],[[[0.72893,-0.662725,-0.171628],[0.672772,0.73985,0.000503825],[0.126645,-0.115834,0.985162]],[[0.722339,-0.656701,-0.216729],[0.325,0.599005,-0.731825],[0.610412,0.458189,0.646112]],[[0.722339,-0.656701,-0.216729],[-0.371677,-0.104385,-0.922475],[0.583167,0.746892,-0.319482]],[[0.722339,-0.656701,-0.216729],[-0.627871,-0.491444,-0.60354],[0.289835,0.572038,-0.767312]]],2],[473,[-0.66071,-0.661221,0.355317],47,63.8611,[-24.1113,99.7728,-19.494],[-21.4677,99.1016,-21.2221],[344.552,-68.7341,-49.8749],false,[27.2953,142.446,50.0811],[27.1443,144.382,-11.9769],[1.81535,123.335,-41.5866],[-16.3265,105.179,-31.8303],[-22.8248,97.4772,-16.2924],[[[0.686818,-0.726422,-0.0243293],[0.726826,0.686541,0.019645],[0.00243246,-0.0311757,0.999511]],[[0.685917,-0.724104,-0.072049],[0.449894,0.499812,-0.740124],[0.571937,0.475249,0.6686]],[[0.685917,-0.724104,-0.072049],[-0.304927,-0.196115,-0.931965],[0.66071,0.661221,-0.355317]],[[0.685917,-0.724104,-0.072049],[-0.637488,-0.550205,-0.539336],[0.350894,0.41587,-0.839003]]],3],[474,[-0.801922,-0.519061,0.295798],47,50.066,[-2.81507,100.015,-16.1991],[-1.12711,99.6569,-16.616],[340.406,-66.9721,-27.211],false,[32.8173,129.482,49.4111],[40.613,128.595,-7.5254],[21.049,113.749,-32.5293],[5.50245,103.686,-26.7948],[-3.41768,98.6151,-13.1342],[[[0.552886,-0.828532,0.0886075],[0.822143,0.559729,0.103849],[-0.135638,0.0154316,0.990638]],[[0.55703,-0.828593,0.0561327],[0.614914,0.366063,-0.698483],[0.55821,0.423592,0.713422]],[[0.55703,-0.828593,0.0561327],[-0.21596,-0.209783,-0.9536],[0.801922,0.519061,-0.295798]],[[0.55703,-0.828593,0.0561327],[-0.645854,-0.474689,-0.597949],[0.522102,0.296822,-0.799566]]],4]],[[0,200,0],[235.247,235.247,147.751]]],[85203,4140546143,[[47,"right",[-0.00190727,0.217704,-0.976013],[-0.557798,-0.8103,-0.179651],[12.5632,147.151,7.99008],[312.588,-42.5192,-9.55669],[11.6043,147.194,7.98134],1,0,0.603948,[[0.539288,-0.425843,-0.726516],[0.536056,0.838951,-0.0938348],[0.649471,-0.33885,0.680712]],63.1589,[195.138,44.1735,242.245],[21.3248,134.857,60.0707]]],[[470,[-0.127227,-0.388351,-0.912686],47,51.6575,[-21.4683,104.122,-22.1489],[-21.3896,105.148,-23.5301],[404.125,-103.91,-13.8126],false,[-8.09255,140.819,64.9331],[-8.09255,140.819,64.9331],[-23.2117,129.737,19.1435],[-27.5114,116.613,-11.7011],[-18.4059,100.216,-25.3527],[[[0.832517,0.548301,-0.0792539],[-0.417759,0.715284,0.56022],[0.363858,-0.433284,0.824544]],[[0.642888,0.668425,-0.374035],[-0.702367,0.709259,0.0602688],[0.305573,0.223964,0.925454]],[[0.642888,0.668425,-0.374035],[-0.75532,0.634343,-0.164625],[0.127227,0.388351,0.912686]],[[0.642888,0.668425,-0.374035],[-0.657742,0.231521,-0.71678],[-0.392517,0.706828,0.588494]]],0],[471,[-0.167919,0.00095977,-0.9858],47,58.2897,[-20.1312,171.508,-90.911],[-19.5473,170.765,-91.7328],[476.977,-67.9087,-74.6258],false,[9.33309,154.483,57.08],[-6.88588,167.782,-12.7602],[-11.3099,172.265,-54.8759],[-15.3328,172.288,-78.4933],[-18.9925,170.927,-94.9722],[[[0.817872,-0.499799,-0.285109],[0.530676,0.846722,0.0379999],[0.222416,-0.18238,0.957741]],[[0.841416,-0.520895,-0.143832],[0.530308,0.847104,0.0344635],[0.103889,-0.105273,0.989002]],[[0.841416,-0.520895,-0.143832],[0.513637,0.85362,-0.0866606],[0.167919,-0.00095977,0.9858]],[[0.841416,-0.520895,-0.143832],[0.495297,0.849827,-0.180209],[0.216102,0.0803914,0.973056]]],1],[472,[-0.582622,-0.75096,0.310823],47,66.4164,[-40.0631,106.616,-26.069],[-36.9474,105.764,-26.7476],[374.44,-67.85,-85.3395],false,[19.9733,149.984,53.1426],[12.4265,157.664,-15.1676],[-15.9517,135.411,-46.5048],[-32.3735,114.244,-37.7439],[-37.9511,103.588,-23.521],[[[0.73787,-0.656817,-0.155366],[0.666062,0.745826,0.0102696],[0.109131,-0.111061,0.987804]],[[0.732068,-0.651012,-0.200646],[0.333555,0.599359,-0.727675],[0.593984,0.465781,0.65592]],[[0.732068,-0.651012,-0.200646],[-0.353027,-0.110643,-0.929048],[0.582622,0.75096,-0.310823]],[[0.732068,-0.651012,-0.200646],[-0.611889,-0.498915,-0.613739],[0.299446,0.572072,-0.763587]]],2],[473,[-0.661451,-0.665945,0.344963],47,63.8611,[-20.0286,99.2172,-19.9458],[-17.6272,98.7193,-21.5384],[369.379,-61.8112,-47.5104],false,[29.4198,142.781,50.4659],[30.4179,144.486,-11.591],[5.8253,123.102,-41.578],[-12.3369,104.817,-32.106],[-19.0669,97.101,-16.6742],[[[0.693563,-0.720344,-0.00863842],[0.720216,0.693073,0.0306269],[-0.0160749,-0.0274632,0.999494]],[[0.693535,-0.718193,-0.0566377],[0.458955,0.501057,-0.733691],[0.555311,0.482846,0.677119]],[[0.693535,-0.718193,-0.0566377],[-0.285468,-0.201781,-0.936906],[0.661451,0.665945,-0.344963]],[[0.693535,-0.718193,-0.0566377],[-0.622051,-0.557324,-0.549947],[0.363403,0.416639,-0.833277]]],3],[474,[-0.802874,-0.524654,0.283076],47,50.066,[1.05897,99.7053,-16.2156],[2.61162,99.474,-16.5638],[363.979,-54.63