{"metadata":{"formatVersion":2,"generatedBy":"LeapJS Playback 0.2.1","frames":293,"frameRate":"1.1e+2","modified":"Sun Apr 12 2015 21:16:28 GMT-0300 (E. South America Standard Time)","title":"1"},"frames":[["id","timestamp",{"hands":[["id","type","direction","palmNormal","palmPosition","palmVelocity","stabilizedPalmPosition","pinchStrength","grabStrength","confidence","armBasis","armWidth","elbow","wrist"]]},{"pointables":[["id","direction","handId","length","stabilizedTipPosition","tipPosition","tipVelocity","tool","carpPosition","mcpPosition","pipPosition","dipPosition","btipPosition","bases","type"]]},{"interactionBox":["center","size"]}],[88324,6313240631,[[82,"right",[-0.979472,-0.0770241,0.186283],[0.164907,0.225296,0.960233],[17.0732,134.051,1.46224],[-32.5067,32.121,3.19909],[17.7522,133.282,1.42328],1,0,0.333639,[[-0.267067,-0.962651,0.0444758],[0.385393,-0.148992,-0.910645],[0.883259,-0.226063,0.41079]],57.0269,[277.993,75.6506,89.4289],[64.5623,130.276,-9.83411]]],[[820,[-0.308222,-0.639637,0.704176],82,46.6421,[18.1599,127.308,54.1],[16.1032,128.997,58.8627],[-12.1852,28.0865,21.7451],false,[66.1981,157.47,-6.42944],[66.1981,157.47,-6.42944],[33.3768,155.835,23.8341],[23.9716,136.317,45.3214],[13.4238,127.1,60.894],[[[-0.291974,-0.607365,-0.738823],[0.215205,0.710953,-0.669501],[0.9319,-0.354475,-0.0768717]],[[-0.593417,-0.449274,-0.667839],[-0.328785,0.892645,-0.30836],[0.734681,0.0365892,-0.677425]],[[-0.593417,-0.449274,-0.667839],[-0.743542,0.623713,0.241096],[0.308222,0.639637,-0.704176]],[[-0.593417,-0.449274,-0.667839],[-0.627896,0.777516,0.0348692],[0.50359,0.440026,-0.743488]]],0],[821,[-0.980357,0.111963,0.16237],82,52.6304,[-74.7514,160.777,5.67592],[-81.0702,161.775,7.79908],[-32.2737,44.9915,-10.261],false,[54.7692,145.779,-19.9479],[-7.759,153.653,-0.885662],[-46.1039,156.484,-0.716388],[-67.3106,158.906,2.79592],[-81.7442,161.095,7.34482],[[[-0.0501713,-0.970386,0.236294],[-0.309202,-0.209876,-0.927548],[0.949672,-0.119599,-0.289516]],[[-0.0703621,-0.967622,0.242399],[-0.0221057,-0.241429,-0.970167],[0.997277,-0.0736213,-0.00440248]],[[-0.0703621,-0.967622,0.242399],[-0.184252,-0.226213,-0.956493],[0.980357,-0.111963,-0.16237]],[[-0.0703621,-0.967622,0.242399],[-0.32256,-0.207876,-0.923441],[0.94393,-0.143164,-0.29749]]],1],[822,[0.719298,0.343029,0.604104],82,59.9681,[22.8002,160.688,60.505],[22.0585,161.594,63.0475],[13.7645,5.95713,8.82882],false,[53.2505,134.944,-18.6325],[-5.89003,134.067,1.37578],[-7.11861,148.803,41.8997],[11.1871,157.532,57.2738],[26.783,161.835,61.8682],[[[0.132046,-0.92753,0.349646],[-0.292308,-0.373485,-0.880378],[0.947164,0.0140457,-0.320442]],[[0.155013,-0.926915,0.341759],[-0.987502,-0.155355,0.0265539],[0.0284808,-0.341604,-0.939412]],[[0.155013,-0.926915,0.341759],[-0.677186,0.152182,0.719902],[-0.719298,-0.343029,-0.604104]],[[0.155013,-0.926915,0.341759],[-0.340644,0.274575,0.899206],[-0.927326,-0.255807,-0.273185]]],2],[823,[0.676882,0.458495,0.575858],82,57.661,[25.2021,145.736,59.3845],[26.0769,146.038,60.4217],[241.485,53.2588,-76.1702],false,[53.7643,124.485,-15.2812],[2.03217,115.515,4.36804],[-1.69022,129.653,41.5859],[15.0912,141.02,55.8627],[29.9768,147.518,59.8371],[[[0.291647,-0.884542,0.364044],[-0.251785,-0.43816,-0.862914],[0.922793,0.160005,-0.350502]],[[0.288873,-0.885018,0.365095],[-0.952831,-0.302859,0.0197525],[0.0930912,-0.35358,-0.930761]],[[0.288873,-0.885018,0.365095],[-0.67704,0.0807764,0.7315],[-0.676882,-0.458495,-0.575858]],[[0.288873,-0.885018,0.365095],[-0.35224,0.256352,0.900117],[-0.890213,-0.388621,-0.237686]]],3],[824,[0.359763,0.650222,0.669166],82,45.2051,[13.8685,126.681,54.8962],[14.0507,126.354,56.0737],[-7.11126,18.3918,-2.97235],false,[58.1511,115.823,-7.03627],[11.8225,100.153,10.3172],[0.0657681,107.201,38.8394],[6.36318,118.583,50.5527],[16.0822,129.158,56.1813],[[[0.434056,-0.77544,0.458571],[-0.120835,-0.554536,-0.82334],[0.892745,0.301964,-0.3344]],[[0.553822,-0.725995,0.407692],[-0.745154,-0.650632,-0.146367],[0.371519,-0.222732,-0.901313]],[[0.553822,-0.725995,0.407692],[-0.750901,-0.223926,0.621293],[-0.359763,-0.650222,-0.669166]],[[0.553822,-0.725995,0.407692],[-0.544374,0.0547832,0.837052],[-0.63003,-0.685515,-0.364873]]],4]],[[0,200,0],[235.247,235.247,147.751]]],[88325,6313249306,[[82,"right",[-0.979532,-0.0738362,0.187258],[0.166876,0.222334,0.960583],[16.9772,134.237,1.49855],[-26.8003,29.2899,3.46181],[17.5467,133.535,1.44324],1,0,0.343065,[[-0.257729,-0.965034,0.047799],[0.385026,-0.147949,-0.91097],[0.886189,-0.216379,0.409694]],57.0564,[278.712,77.9988,89.18],[64.4632,130.312,-9.86927]]],[[820,[-0.309128,-0.640533,0.702963],82,46.6662,[17.9649,127.479,54.3746],[16.0373,129.122,58.9315],[-10.3371,25.456,19.1626],false,[66.2051,157.504,-6.39845],[66.2051,157.504,-6.39845],[33.4309,155.955,23.9547],[23.9932,136.4,45.4162],[13.3583,127.281,61.0014],[[[-0.295103,-0.604469,-0.739954],[0.21706,0.711782,-0.668021],[0.930483,-0.357749,-0.0788434]],[[-0.5973,-0.444427,-0.667621],[-0.324938,0.895145,-0.305175],[0.733245,0.0346544,-0.679081]],[[-0.5973,-0.444427,-0.667621],[-0.740049,0.62626,0.245206],[0.309128,0.640533,-0.702963]],[[-0.5973,-0.444427,-0.667621],[-0.62104,0.783025,0.0343756],[0.507486,0.435152,-0.743707]]],0],[821,[-0.980556,0.113789,0.159883],82,52.6576,[-75.0801,160.799,5.72381],[-81.108,162.2,7.67683],[-26.0555,46.4331,-9.86878],false,[54.7109,145.883,-19.9388],[-7.79741,153.948,-0.773197],[-46.1564,156.862,-0.721548],[-67.3784,159.324,2.73876],[-81.8243,161.538,7.2629],[[[-0.0535035,-0.970767,0.233986],[-0.311075,-0.206458,-0.927689],[0.948878,-0.122422,-0.290935]],[[-0.0732041,-0.968014,0.23998],[-0.0194754,-0.239192,-0.970777],[0.997127,-0.0757386,-0.00134259]],[[-0.0732041,-0.968014,0.23998],[-0.182076,-0.223609,-0.957521],[0.980556,-0.113789,-0.159883]],[[-0.0732041,-0.968014,0.23998],[-0.320988,-0.204953,-0.924641],[0.94425,-0.144718,-0.295718]]],1],[822,[0.72226,0.338619,0.603057],82,59.9992,[22.8767,160.714,60.5617],[22.2266,161.606,63.0934],[13.7574,4.99172,8.79427],false,[53.1526,135.045,-18.6473],[-5.99775,134.339,1.4394],[-7.11569,148.99,42.0209],[11.275,157.612,57.3763],[26.9115,161.837,61.9356],[[[0.129005,-0.928866,0.347226],[-0.294734,-0.370243,-0.880938],[0.946831,0.0113064,-0.321532]],[[0.151892,-0.92832,0.339339],[-0.988058,-0.151608,0.0275167],[0.0259023,-0.339466,-0.940262]],[[0.151892,-0.92832,0.339339],[-0.674736,0.153491,0.721922],[-0.72226,-0.338619,-0.603057]],[[0.151892,-0.92832,0.339339],[-0.336738,0.27418,0.900795],[-0.929266,-0.251092,-0.270955]]],2],[823,[0.68868,0.453133,0.566031],82,57.6908,[26.8508,146.054,58.8436],[26.9603,146.214,60.2176],[209.938,44.5423,-66.0707],false,[53.6316,124.57,-15.3205],[1.86294,115.74,4.37851],[-1.00822,130.051,41.6283],[16.0745,141.291,55.6687],[31.0682,147.669,59.4645],[[[0.288782,-0.886507,0.361539],[-0.254431,-0.435111,-0.86368],[0.922968,0.157428,-0.351207]],[[0.285483,-0.887063,0.362791],[-0.955693,-0.291843,0.0384552],[0.0717659,-0.357696,-0.931077]],[[0.285483,-0.887063,0.362791],[-0.666498,0.0882547,0.740265],[-0.68868,-0.453133,-0.566031]],[[0.285483,-0.887063,0.362791],[-0.339566,0.260365,0.903828],[-0.896211,-0.38122,-0.226887]]],3],[824,[0.364259,0.647577,0.669298],82,45.2285,[13.8459,126.775,54.8999],[14.0112,126.438,56.0907],[-5.51032,16.1162,-1.73415],false,[57.9981,115.868,-7.09764],[11.6081,100.32,10.2816],[-0.0786758,107.364,38.8518],[6.30074,118.705,50.5735],[16.0885,129.232,56.194],[[[0.431708,-0.778167,0.456163],[-0.123869,-0.55207,-0.824546],[0.893468,0.299458,-0.334723]],[[0.551451,-0.729115,0.405332],[-0.748101,-0.647223,-0.146446],[0.369116,-0.222471,-0.902363]],[[0.551451,-0.729115,0.405332],[-0.750478,-0.221439,0.622693],[-0.364259,-0.647577,-0.669298]],[[0.551451,-0.729115,0.405332],[-0.541983,0.0562278,0.838507],[-0.634159,-0.682078,-0.364161]]],4]],[[0,200,0],[235.247,235.247,147.751]]],[88326,6313257997,[[82,"right",[-0.979608,-0.0725545,0.187362],[0.167357,0.221343,0.960728],[16.8388,134.221,1.48891],[-23.9006,20.9883,2.24327],[17.3645,133.712,1.455],1,0,0.348608,[[-0.24952,-0.967003,0.0514356],[0.384845,-0.147764,-0.911076],[0.888614,-0.207537,0.409016]],57.0564,[279.152,80.06,88.9957],[64.3172,130.235,-9.8898]]],[[820,[-0.30931,-0.641075,0.702389],82,46.6662,[17.7758,127.637,54.6206],[15.8517,129.146,58.9432],[-13.3056,20.3947,14.3907],false,[66.0992,157.423,-6.3981],[66.0992,157.423,-6.3981],[33.3457,155.908,23.979],[23.9025,136.335,45.423],[13.143,127.373,61.0136],[[[-0.296105,-0.603462,-0.740375],[0.217987,0.711984,-0.667503],[0.929948,-0.359043,-0.0792752]],[[-0.598688,-0.44259,-0.667598],[-0.323421,0.896083,-0.304029],[0.732783,0.033897,-0.679617]],[[-0.598688,-0.44259,-0.667598],[-0.73885,0.627007,0.246907],[0.30931,0.641075,-0.702389]],[[-0.598688,-0.44259,-0.667598],[-0.614786,0.788167,0.0288056],[0.51343,0.427676,-0.743964]]],0],[821,[-0.980941,0.113998,0.157351],82,52.6576,[-75.385,160.822,5.75068],[-81.248,162.229,7.42852],[-22.9187,35.1818,-12.9457],false,[54.5859,145.829,-19.9456],[-7.90741,153.97,-0.763416],[-46.2658,156.891,-0.83086],[-67.4961,159.358,2.57464],[-81.9504,161.576,7.07023],[[[-0.0548798,-0.970869,0.233239],[-0.311527,-0.205283,-0.927798],[0.948651,-0.123578,-0.291187]],[[-0.0741568,-0.968156,0.239112],[-0.0164612,-0.238551,-0.97099],[0.997111,-0.0759416,0.00175319]],[[-0.0741568,-0.968156,0.239112],[-0.179598,-0.222886,-0.958158],[0.980941,-0.113998,-0.157351]],[[-0.0741568,-0.968156,0.239112],[-0.319151,-0.204121,-0.92546],[0.944798,-0.144942,-0.293851]]],1],[822,[0.723767,0.336809,0.602263],82,59.9992,[22.9328,160.724,60.6015],[22.2539,161.534,63.0542],[9.41017,1.29362,5.51022],false,[53.0121,134.992,-18.6623],[-6.13596,134.356,1.43362],[-7.18758,148.985,42.0248],[11.2414,157.561,57.36],[26.8927,161.752,61.9007],[[[0.127708,-0.929323,0.346481],[-0.295418,-0.369128,-0.881177],[0.946794,0.0101769,-0.321679]],[[0.150429,-0.92881,0.338649],[-0.988321,-0.149727,0.0283582],[0.0243657,-0.33896,-0.940485]],[[0.150429,-0.92881,0.338649],[-0.673448,0.154506,0.722908],[-0.723767,-0.336809,-0.602263]],[[0.150429,-0.92881,0.338649],[-0.334974,0.274399,0.901386],[-0.930142,-0.249033,-0.26985]]],2],[823,[0.696335,0.450604,0.558636],82,57.6908,[27.7893,146.166,58.447],[27.4609,146.242,60.0004],[172.181,33.1275,-58.3838],false,[53.4764,124.514,-15.3437],[1.6981,115.744,4.35696],[-0.653498,130.182,41.5939],[16.6191,141.359,55.4509],[31.6762,147.668,59.1093],[[[0.287549,-0.887208,0.360802],[-0.255206,-0.434068,-0.863976],[0.923139,0.156357,-0.351237]],[[0.283961,-0.887808,0.362163],[-0.957032,-0.285587,0.050292],[0.0587793,-0.360883,-0.930757]],[[0.283961,-0.887808,0.362163],[-0.659154,0.0935556,0.746166],[-0.696335,-0.450604,-0.558636]],[[0.283961,-0.887808,0.362163],[-0.330698,0.263853,0.906102],[-0.900003,-0.377064,-0.218672]]],3],[824,[0.366512,0.646833,0.668787],82,45.2285,[13.7716,126.777,54.8656],[13.8902,126.402,56.0718],[-6.85416,10.7961,-2.73439],false,[57.8315,115.799,-7.12834],[11.4217,100.305,10.2465],[-0.235082,107.36,38.8261],[6.1838,118.688,50.5388],[16.0043,129.194,56.1425],[[[0.430648,-0.77915,0.455486],[-0.124809,-0.551246,-0.824955],[0.893849,0.298416,-0.334638]],[[0.550318,-0.7303,0.404738],[-0.7494,-0.645763,-0.146249],[0.36817,-0.222828,-0.902662]],[[0.550318,-0.7303,0.404738],[-0.750213,-0.219704,0.623627],[-0.366512,-0.646833,-0.668787]],[[0.550318,-0.7303,0.404738],[-0.540644,0.0577266,0.839268],[-0.636281,-0.680684,-0.363064]]],4]],[[0,200,0],[235.247,235.247,147.751]]],[88327,6313266690,[[82,"right",[-0.979891,-0.07062,0.186617],[0.166983,0.22173,0.960704],[16.6657,134.077,1.58421],[-22.8387,10.9788,4.56799],[17.1921,133.802,1.48687],1,0,0.355914,[[-0.238781,-0.969277,0.0590347],[0.3823,-0.149715,-0.911829],[0.892653,-0.195159,0.406304]],57.0859,[280.094,82.7868,88.5218],[64.1704,129.994,-9.75884]]],[[820,[-0.310628,-0.640377,0.702444],82,46.6904,[17.5784,127.782,54.8521],[15.5332,129.154,59.0464],[-20.2113,16.27,14.3301],false,[66.0005,157.194,-6.28352],[66.0005,157.194,-6.28352],[33.2,155.76,24.0808],[23.7116,136.199,45.5375],[12.7573,127.469,61.1393],[[[-0.296612,-0.603452,-0.740181],[0.219837,0.7111,-0.667838],[0.929351,-0.360808,-0.0782595]],[[-0.598869,-0.442035,-0.667803],[-0.321558,0.896424,-0.305],[0.733456,0.0320823,-0.67898]],[[-0.598869,-0.442035,-0.667803],[-0.738151,0.62811,0.246193],[0.310628,0.640377,-0.702444]],[[-0.598869,-0.442035,-0.667803],[-0.606958,0.794521,0.0183908],[0.522455,0.416342,-0.74411]]],0],[821,[-0.981257,0.1153,0.154404],82,52.6849,[-75.6662,160.842,5.76086],[-81.4091,162.203,7.19496],[-22.7417,25.8179,-14.4384],false,[54.471,145.606,-19.839],[-8.05517,153.88,-0.703675],[-46.4298,156.844,-0.904011],[-67.6779,159.34,2.43944],[-82.1473,161.582,6.90126],[[[-0.0568526,-0.970598,0.233895],[-0.31115,-0.205381,-0.927903],[0.948659,-0.12553,-0.290325]],[[-0.0760071,-0.967864,0.239713],[-0.013422,-0.239393,-0.97083],[0.997017,-0.0770074,0.00520495]],[[-0.0760071,-0.967864,0.239713],[-0.177081,-0.223484,-0.958487],[0.981257,-0.1153,-0.154404]],[[-0.0760071,-0.967864,0.239713],[-0.317227,-0.204445,-0.92605],[0.945299,-0.14643,-0.291493]]],1],[822,[0.725076,0.335576,0.601376],82,60.0302,[22.9648,160.72,60.6361],[22.2202,161.425,63.0761],[4.80151,-2.21309,5.91429],false,[52.8754,134.767,-18.5485],[-6.32064,134.254,1.51009],[-7.31497,148.934,42.1083],[11.1569,157.483,57.4288],[26.8291,161.641,61.9594],[[[0.125719,-0.929305,0.347256],[-0.295379,-0.369221,-0.881151],[0.947072,0.0082057,-0.320916]],[[0.148311,-0.928844,0.339489],[-0.988673,-0.147254,0.0290304],[0.0230264,-0.339949,-0.940162]],[[0.148311,-0.928844,0.339489],[-0.672509,0.156965,0.723253],[-0.725076,-0.335576,-0.601376]],[[0.148311,-0.928844,0.339489],[-0.333818,0.276117,0.901291],[-0.930897,-0.246999,-0.269113]]],2],[823,[0.701018,0.448873,0.554154],82,57.7206,[28.2785,146.163,58.2713],[27.7004,146.197,59.9549],[134.866,22.6011,-45.0798],false,[53.3179,124.286,-15.2202],[1.48087,115.62,4.45476],[-0.535227,130.204,41.6771],[16.8625,141.344,55.43],[31.9672,147.6,59.0198],[[[0.285625,-0.887473,0.361675],[-0.255301,-0.434223,-0.86387],[0.92371,0.154407,-0.350598]],[[0.281576,-0.888141,0.363208],[-0.958216,-0.280134,0.0578507],[0.0503673,-0.364321,-0.92991]],[[0.281576,-0.888141,0.363208],[-0.655201,0.0985793,0.748995],[-0.701018,-0.448873,-0.554154]],[[0.281576,-0.888141,0.363208],[-0.326239,0.267363,0.906689],[-0.902377,-0.373794,-0.214463]]],3],[824,[0.36826,0.646921,0.667741],82,45.2519,[13.6127,126.714,54.928],[13.677,126.32,56.1668],[-10.7612,5.2944,0.926627],false,[57.6527,115.564,-6.99082],[11.1763,100.16,10.3664],[-0.482919,107.276,38.948],[5.9699,118.611,50.6485],[15.8254,129.106,56.2339],[[[0.428846,-0.77961,0.456398],[-0.125151,-0.551612,-0.824658],[0.894667,0.296532,-0.334125]],[[0.548521,-0.731077,0.405772],[-0.750772,-0.644256,-0.145862],[0.368058,-0.224634,-0.90226]],[[0.548521,-0.731077,0.405772],[-0.750673,-0.216841,0.624076],[-0.36826,-0.646921,-0.667741]],[[0.548521,-0.731077,0.405772],[-0.540189,0.0605744,0.839361],[-0.638217,-0.679601,-0.361693]]],4]],[[0,200,0],[235.247,235.247,147.751]]],[88328,6313275354,[[82,"right",[-0.980353,-0.0671326,0.185475],[0.166782,0.219933,0.961152],[16.5808,134.063,1.58457],[-19.3719,7.62237,3.3647],[17.0479,133.863,1.50992],1,0,0.367556,[[-0.231574,-0.970732,0.0636651],[0.380168,-0.150543,-0.912584],[0.895458,-0.187127,0.403903]],57.0859,[280.684,84.5492,87.9877],[64.082,129.813,-9.71221]]],[[820,[-0.313282,-0.640572,0.701086],82,46.6904,[17.3771,127.914,55.066],[15.3215,129.105,59.033],[-21.3459,10.5703,9.68249],false,[66.0113,157.003,-6.2019],[66.0113,157.003,-6.2019],[33.1629,155.635,24.1138],[23.5935,136.069,45.529],[12.5172,127.45,61.1063],[[[-0.298093,-0.601428,-0.741232],[0.223252,0.711069,-0.666738],[0.928062,-0.364231,-0.0776953]],[[-0.599315,-0.439312,-0.669198],[-0.318266,0.897814,-0.304363],[0.734526,0.0305738,-0.677891]],[[-0.599315,-0.439312,-0.669198],[-0.736665,0.629819,0.246275],[0.313282,0.640572,-0.701086]],[[-0.599315,-0.439312,-0.669198],[-0.601455,0.798779,0.0142668],[0.528274,0.411043,-0.742947]]],0],[821,[-0.981158,0.118343,0.152724],82,52.6849,[-75.9082,160.883,5.75801],[-81.4175,162.496,6.96158],[-16.4586,28.168,-15.2425],false,[54.4526,145.474,-19.7839],[-8.06238,153.962,-0.705932],[-46.4271,157.043,-1.01056],[-67.673,159.606,2.29652],[-82.1387,161.892,6.74745],[[[-0.0607815,-0.970658,0.232656],[-0.310921,-0.203078,-0.928487],[0.94849,-0.128772,-0.289455]],[[-0.0796406,-0.967904,0.238369],[-0.0114246,-0.238226,-0.971143],[0.996758,-0.0800656,0.00791455]],[[-0.0796406,-0.967904,0.238369],[-0.176031,-0.221714,-0.959091],[0.981158,-0.118343,-0.152724]],[[-0.0796406,-0.967904,0.238369],[-0.317055,-0.202114,-0.926621],[0.945057,-0.149372,-0.290782]]],1],[822,[0.725891,0.33201,0.602372],82,60.0302,[22.9865,160.706,60.6653],[22.2581,161.318,63.087],[2.72098,-5.035,5.3409],false,[52.8146,134.64,-18.5082],[-6.4046,134.327,1.48589],[-7.37092,148.965,42.0998],[11.1217,157.423,57.4457],[26.8055,161.515,61.9967],[[[0.121823,-0.930194,0.346263],[-0.295821,-0.367034,-0.881916],[0.947443,0.00500556,-0.319884]],[[0.144337,-0.929812,0.338552],[-0.989276,-0.143329,0.0281201],[0.0223778,-0.33898,-0.940527]],[[0.144337,-0.929812,0.338552],[-0.672495,0.158807,0.722863],[-0.725891,-0.33201,-0.602372]],[[0.144337,-0.929812,0.338552],[-0.333625,0.276375,0.901283],[-0.931591,-0.243037,-0.270317]]],2],[823,[0.70607,0.444645,0.55114],82,57.7206,[28.6653,146.112,58.1115],[28.0126,146.138,59.8483],[109.441,14.4026,-37.7573],false,[53.2139,124.153,-15.1922],[1.32309,115.66,4.41634],[-0.356301,130.306,41.6309],[17.1669,141.341,55.309],[32.3176,147.508,58.8587],[[[0.28187,-0.888986,0.360906],[-0.256008,-0.432207,-0.864671],[0.924667,0.15133,-0.349414]],[[0.277228,-0.889734,0.362654],[-0.959888,-0.272959,0.0641027],[0.0419555,-0.365878,-0.929717]],[[0.277228,-0.889734,0.362654],[-0.65162,0.103268,0.751483],[-0.70607,-0.444645,-0.55114]],[[0.277228,-0.889734,0.362654],[-0.322303,0.269461,0.907476],[-0.905133,-0.368462,-0.212062]]],3],[824,[0.371016,0.644969,0.668103],82,45.2519,[13.4795,126.661,54.9142],[13.5217,126.268,56.1511],[-11.8479,2.34065,-0.551431],false,[57.5066,115.405,-6.96873],[10.9535,100.156,10.3197],[-0.696667,107.296,38.8991],[5.80446,118.597,50.6059],[15.7077,129.045,56.1944],[[[0.425395,-0.781781,0.455914],[-0.126346,-0.550137,-0.825461],[0.896145,0.293545,-0.332801]],[[0.545191,-0.733697,0.405531],[-0.753333,-0.641009,-0.146957],[0.367771,-0.22538,-0.902191]],[[0.545191,-0.733697,0.405531],[-0.75174,-0.213785,0.623845],[-0.371016,-0.644969,-0.668103]],[[0.545191,-0.733697,0.405531],[-0.539895,0.0627676,0.839389],[-0.641311,-0.676572,-0.361899]]],4]],[[0,200,0],[235.247,235.247,147.751]]],[88329,6313283971,[[82,"right",[-0.982145,-0.0529153,0.180532],[0.166269,0.204801,0.964578],[16.3073,134.347,1.32645],[-22.6432,14.3422,-5.45198],[16.882,133.972,1.4688],1,0,0.371869,[[-0.213192,-0.974631,0.0681479],[0.375965,-0.14622,-0.915024],[0.901775,-0.169455,0.3976]],57.1154,[282.046,88.4269,86.3924],[63.8035,129.437,-9.83265]]],[[820,[-0.326531,-0.644518,0.691357],82,46.7145,[17.1258,128.016,55.2512],[14.6744,128.741,58.716],[-35.1108,-2.30887,-1.70866],false,[66.1766,156.557,-5.96376],[66.1766,156.557,-5.96376],[33.1726,155.355,24.2238],[23.1933,135.658,45.3527],[11.8157,127.146,60.7856],[[[-0.304947,-0.586797,-0.750118],[0.238106,0.715645,-0.656627],[0.922124,-0.378843,-0.078514]],[[-0.604029,-0.420308,-0.677119],[-0.301763,0.906984,-0.293803],[0.737623,0.0268638,-0.674678]],[[-0.604029,-0.420308,-0.677119],[-0.726998,0.6387,0.252064],[0.326531,0.644518,-0.691357]],[[-0.604029,-0.420308,-0.677119],[-0.583941,0.811616,0.0171141],[0.542367,0.405734,-0.735675]]],0],[821,[-0.979537,0.133138,0.150933],82,52.7121,[-76.124,161.066,5.7335],[-81.2325,164.339,6.57923],[-7.68227,77.7865,-19.775],false,[54.4786,145.395,-19.7475],[-7.99944,154.698,-0.811788],[-46.3249,158.431,-1.25095],[-67.5467,161.315,2.01904],[-81.9895,163.796,6.46807],[[[-0.0781395,-0.972382,0.219927],[-0.310245,-0.18593,-0.932297],[0.94744,-0.14108,-0.287148]],[[-0.0969954,-0.969379,0.225603],[-0.0108123,-0.225632,-0.974153],[0.995226,-0.0969276,0.011404]],[[-0.0969954,-0.969379,0.225603],[-0.176348,-0.206346,-0.962457],[0.979537,-0.133138,-0.150933]],[[-0.0969954,-0.969379,0.225603],[-0.318153,-0.18458,-0.929897],[0.943064,-0.161972,-0.290508]]],1],[822,[0.728885,0.311954,0.609436],82,60.0612,[22.9997,160.642,60.703],[22.2528,160.717,63.1709],[-0.0541154,-21.4201,7.9143],false,[52.6518,134.569,-18.6172],[-6.68157,135.002,1.13576],[-7.56628,149.143,41.9507],[11.0122,157.095,57.4846],[26.7513,160.864,62.1537],[[[0.104623,-0.936463,0.3348],[-0.298113,-0.350698,-0.887772],[0.94878,-0.00692649,-0.315863]],[[0.127188,-0.936362,0.327183],[-0.991667,-0.126853,0.0224559],[0.0204774,-0.327313,-0.944694]],[[0.127188,-0.936362,0.327183],[-0.672719,0.160966,0.722177],[-0.728885,-0.311954,-0.609436]],[[0.127188,-0.936362,0.327183],[-0.332767,0.270462,0.903391],[-0.934392,-0.223776,-0.277191]]],2],[823,[0.713986,0.424888,0.556501],82,57.7505,[28.7925,145.68,57.9512],[28.016,145.533,59.6837],[80.9886,-7.92955,-32.7656],false,[52.86,124.029,-15.4327],[0.721518,116.161,3.85986],[-0.632725,130.434,41.2543],[17.096,140.984,55.0726],[32.3602,146.832,58.7178],[[[0.265277,-0.898156,0.350634],[-0.259479,-0.41675,-0.8712],[0.9286,0.140127,-0.343607]],[[0.260175,-0.898911,0.352515],[-0.964969,-0.254854,0.062325],[0.033815,-0.356382,-0.933728]],[[0.260175,-0.898911,0.352515],[-0.650025,0.106903,0.752356],[-0.713986,-0.424888,-0.556501]],[[0.260175,-0.898911,0.352515],[-0.318739,0.264665,0.910142],[-0.911435,-0.349157,-0.217658]]],3],[824,[0.379868,0.630257,0.677109],82,45.2753,[13.0448,126.425,54.661],[12.8967,125.925,55.7725],[-26.9356,-8.42006,-11.7472],false,[56.971,115.101,-7.30026],[10.0684,100.414,9.60658],[-1.5783,107.401,38.2434],[5.08137,118.45,50.1141],[15.153,128.66,55.8617],[[[0.410172,-0.794613,0.447604],[-0.131994,-0.537345,-0.83297],[0.902406,0.28258,-0.325288]],[[0.530871,-0.747972,0.39839],[-0.763637,-0.626056,-0.157835],[0.367471,-0.220436,-0.903534]],[[0.530871,-0.747972,0.39839],[-0.757546,-0.208121,0.618716],[-0.379868,-0.630257,-0.677109]],[[0.530871,-0.747972,0.39839],[-0.541508,0.0622155,0.83839],[-0.651878,-0.660808,-0.372005]]],4]],[[0,200,0],[235.247,235.247,147.751]]],[88330,6313292898,[[82,"right",[-0.984092,-0.0374675,0.173663],[0.164132,0.18238,0.969432],[16.0397,134.8,0.813861],[-24.6444,24.2631,-19.6231],[16.7084,134.142,1.33387],1,0,0.377602,[[-0.191436,-0.979177,0.0675694],[0.372479,-0.13617,-0.917996],[0.908081,-0.150569,0.390791]],57.1154,[283.27,92.7544,84.4155],[63.5016,129.194,-10.1615]]],[[820,[-0.343275,-0.651567,0.676479],82,46.7145,[16.8166,128.067,55.3714],[13.8816,128.169,58.0818],[-49.3905,-17.4774,-20.6026],false,[66.3715,156.181,-5.73861],[66.3715,156.181,-5.73861],[33.1632,155.027,24.2259],[22.6722,135.114,44.9001],[10.9572,126.637,60.0977],[[[-0.311471,-0.565798,-0.763452],[0.255932,0.723781,-0.640812],[0.915142,-0.394987,-0.0806311]],[[-0.607848,-0.394957,-0.688861],[-0.282266,0.918337,-0.277457],[0.742191,0.0257902,-0.669692]],[[-0.607848,-0.394957,-0.688861],[-0.716019,0.647665,0.260475],[0.343275,0.651567,-0.676479]],[[-0.607848,-0.394957,-0.688861],[-0.564497,0.825054,0.0250661],[0.558448,0.404096,-0.72446]]],0],[821,[-0.977307,0.148919,0.150649],82,52.7121,[-76.3231,161.451,5.67852],[-80.9398,166.53,6.10389],[3.6341,123.235,-24.4747],false,[54.5476,145.522,-19.8108],[-7.85735,155.656,-1.06095],[-46.1028,160.125,-1.59232],[-67.2763,163.351,1.6715],[-81.6782,166.021,6.1428],[[[-0.0982015,-0.974857,0.200027],[-0.307918,-0.16137,-0.937628],[0.946331,-0.153668,-0.284329]],[[-0.116397,-0.971719,0.205462],[-0.0104347,-0.20566,-0.978568],[0.993148,-0.116046,0.0137985]],[[-0.116397,-0.971719,0.205462],[-0.176985,-0.183264,-0.967001],[0.977307,-0.148919,-0.150649]],[[-0.116397,-0.971719,0.205462],[-0.319533,-0.159233,-0.9341],[0.940399,-0.174378,-0.291962]]],1],[822,[0.73069,0.285696,0.620057],82,60.0612,[22.9967,160.495,60.7431],[22.1646,159.821,63.1907],[-5.02373,-42.206,6.90242],false,[52.5059,134.713,-18.9074],[-6.93073,135.903,0.501104],[-7.80445,149.246,41.5841],[10.8201,156.528,57.3887],[26.5968,159.901,62.231],[[[0.0844952,-0.944766,0.316666],[-0.299236,-0.327193,-0.896327],[0.950431,-0.0190225,-0.310354]],[[0.107096,-0.944951,0.309188],[-0.994043,-0.10809,0.0139662],[0.0202229,-0.308842,-0.950898]],[[0.107096,-0.944951,0.309188],[-0.674257,0.159515,0.721063],[-0.73069,-0.285696,-0.620057]],[[0.107096,-0.944951,0.309188],[-0.333556,0.258806,0.90651],[-0.936627,-0.200216,-0.287477]]],2],[823,[0.71935,0.399593,0.568208],82,57.7505,[28.6382,144.937,57.723],[27.763,144.626,59.4165],[50.2323,-33.2318,-31.888],false,[52.4914,124.111,-15.9326],[0.0914465,116.873,2.89239],[-1.12006,130.453,40.5486],[16.7419,140.375,54.6576],[32.0973,145.846,58.4993],[[[0.245754,-0.909897,0.334205],[-0.261984,-0.394295,-0.880849],[0.933257,0.128915,-0.335278]],[[0.240327,-0.91063,0.336148],[-0.97022,-0.236139,0.0539482],[0.0302508,-0.339103,-0.940263]],[[0.240327,-0.91063,0.336148],[-0.65175,0.105252,0.751095],[-0.71935,-0.399593,-0.568208]],[[0.240327,-0.91063,0.336148],[-0.318695,0.253079,0.913446],[-0.916884,-0.326654,-0.229392]]],3],[824,[0.388597,0.609453,0.691057],82,45.2753,[12.4811,126.04,54.1431],[12.1441,125.383,55.0577],[-41.4913,-21.9465,-30.8067],false,[56.3789,114.946,-7.95574],[9.09757,100.837,8.37876],[-2.57985,107.49,37.0823],[4.23285,118.175,49.1976],[14.4754,128.069,55.1889],[[[0.392003,-0.81112,0.434071],[-0.137084,-0.518069,-0.844282],[0.909693,0.271457,-0.314276]],[[0.513776,-0.765905,0.386554],[-0.774781,-0.607718,-0.174335],[0.36844,-0.209925,-0.90564]],[[0.513776,-0.765905,0.386554],[-0.76487,-0.204835,0.61075],[-0.388597,-0.609453,-0.691057]],[[0.513776,-0.765905,0.386554],[-0.544563,0.0570264,0.836779],[-0.662937,-0.64042,-0.387784]]],4]],[[0,200,0],[235.247,235.247,147.751]]],[88331,6313301345,[[82,"right",[-0.98648,-0.0461671,0.157246],[0.148789,0.149913,0.977439],[16.3463,136.184,0.120938],[-8.79265,60.5681,-35.8576],[16.6441,134.505,1.11846],1,0,0.383768,[[-0.173066,-0.984002,0.0422759],[0.374638,-0.105467,-0.921153],[0.910876,-0.143582,0.386897]],57.1449,[284.572,96.3204,83.3661],[64.0126,131.087,-10.317]]],[[820,[-0.350751,-0.675456,0.648639],82,46.7386,[16.5341,128.066,55.3953],[13.3563,127.617,57.1169],[-51.0322,-29.1143,-43.6937],false,[66.7247,157.931,-4.93778],[66.7247,157.931,-4.93778],[33.0731,155.674,24.4992],[22.348,135.021,44.3329],[10.4429,125.983,59.0673],[[[-0.297931,-0.540511,-0.786819],[0.263159,0.745805,-0.611982],[0.917597,-0.389387,-0.0799582]],[[-0.596704,-0.372627,-0.710699],[-0.280848,0.926611,-0.250031],[0.75171,0.0504043,-0.657565]],[[-0.596704,-0.372627,-0.710699],[-0.721747,0.636324,0.272349],[0.350751,0.675456,-0.648639]],[[-0.596704,-0.372627,-0.710699],[-0.567636,0.822016,0.0455965],[0.567216,0.430626,-0.702017]]],0],[821,[-0.979576,0.140277,0.144058],82,52.7393,[-76.4925,161.88,5.55117],[-80.8119,167.385,5.05998],[6.26875,119.388,-45.3408],false,[55.1459,147.715,-19.5489],[-7.60275,157.033,-1.41296],[-45.8758,161.383,-2.28215],[-67.1094,164.423,0.840497],[-81.5771,166.891,5.24258],[[[-0.0979083,-0.981352,0.165417],[-0.293112,-0.130408,-0.947143],[0.951052,-0.141219,-0.274878]],[[-0.115089,-0.978638,0.17036],[0.00284506,-0.171824,-0.985124],[0.993351,-0.112892,0.0225594]],[[-0.115089,-0.978638,0.17036],[-0.164878,-0.150302,-0.974795],[0.979576,-0.140277,-0.144058]],[[-0.115089,-0.978638,0.17036],[-0.308594,-0.127791,-0.942571],[0.944206,-0.161052,-0.287294]]],1],[822,[0.719993,0.266683,0.640695],82,60.0922,[22.9284,160.308,60.8],[21.4913,159.097,63.3829],[-25.378,-50.9254,12.3928],false,[53.1264,136.871,-19.0426],[-6.63226,137.231,-0.505446],[-8.18224,149.178,41.0086],[10.1791,155.979,57.3477],[25.8748,159.234,62.5505],[[[0.082895,-0.954702,0.285784],[-0.284493,-0.297508,-0.911347],[0.955087,-0.00575756,-0.296268]],[[0.105608,-0.954568,0.27865],[-0.993761,-0.111415,-0.00504001],[0.035857,-0.27638,-0.960379]],[[0.105608,-0.954568,0.27865],[-0.685899,0.132964,0.715447],[-0.719993,-0.266683,-0.640695]],[[0.105608,-0.954568,0.27865],[-0.348518,0.226913,0.90942],[-0.931333,-0.193157,-0.308721]]],2],[823,[0.709005,0.382067,0.592737],82,57.7803,[28.2377,144.407,57.5539],[27.2235,144.071,59.1977],[19.624,-40.0045,-28.6378],false,[53.1028,126.168,-16.4273],[0.421158,118.141,1.34875],[-1.38568,130.451,39.4375],[16.2285,139.943,54.1631],[31.5109,145.325,58.4342],[[[0.243749,-0.919981,0.306954],[-0.247253,-0.364989,-0.89758],[0.937791,0.142889,-0.316434]],[[0.237984,-0.920842,0.308892],[-0.970222,-0.24015,0.0315877],[0.045093,-0.307211,-0.950573]],[[0.237984,-0.920842,0.308892],[-0.663834,0.0779441,0.743807],[-0.709005,-0.382067,-0.592737]],[[0.237984,-0.920842,0.308892],[-0.333942,0.221065,0.916304],[-0.912056,-0.321217,-0.254898]]],3],[824,[0.376822,0.587027,0.716522],82,45.2987,[12.0952,125.722,53.4555],[11.6762,124.937,53.9479],[-44.0911,-28.855,-56.2699],false,[56.902,116.744,-8.70261],[9.40215,101.946,6.42914],[-2.72764,107.603,35.1768],[3.88204,117.9,47.745],[14.0153,127.619,54.211],[[[0.38813,-0.824222,0.412325],[-0.122501,-0.489569,-0.863317],[0.913427,0.284569,-0.290985]],[[0.510362,-0.777116,0.368268],[-0.770203,-0.603544,-0.206211],[0.382515,-0.178399,-0.906563]],[[0.510362,-0.777116,0.368268],[-0.773004,-0.226915,0.592431],[-0.376822,-0.587027,-0.716522]],[[0.510362,-0.777116,0.368268],[-0.556606,0.0279293,0.830307],[-0.65553,-0.628738,-0.418294]]],4]],[[0,200,0],[235.247,235.247,147.751]]],[88332,6313310305,[[82,"right",[-0.988271,-0.057461,0.141486],[0.133375,0.126439,0.982967],[16.8506,136.983,-0.439478],[9.00952,68.3849,-43.1582],[16.679,134.923,0.855439],1,0,0.394722,[[-0.160876,-0.986755,0.0208026],[0.37719,-0.0809453,-0.922592],[0.912056,-0.140577,0.385217]],57.1449,[285.547,98.4664,82.9783],[64.7022,132.506,-10.2978]]],[[820,[-0.354432,-0.69437,0.626282],82,46.7386,[16.2793,128.022,55.3582],[13.1092,126.979,56.3051],[-43.0933,-39.9534,-56.1709],false,[67.1254,159.225,-4.21011],[67.1254,159.225,-4.21011],[33.0916,155.987,24.691],[22.254,134.755,43.8411],[10.2149,125.262,58.175],[[[-0.282211,-0.522801,-0.804385],[0.266186,0.762874,-0.58921],[0.921684,-0.380398,-0.0761294]],[[-0.584205,-0.358526,-0.728123],[-0.284127,0.930713,-0.230314],[0.760248,0.0723295,-0.645594]],[[-0.584205,-0.358526,-0.728123],[-0.730125,0.623947,0.278581],[0.354432,0.69437,-0.626282]],[[-0.584205,-0.358526,-0.728123],[-0.574183,0.816628,0.058586],[0.573601,0.452302,-0.682938]]],0],[821,[-0.98217,0.128304,0.137404],82,52.7393,[-76.6221,162.251,5.3593],[-80.6094,167.256,3.95391],[11.8533,83.8605,-61.2284],false,[55.8408,149.294,-19.241],[-7.2361,157.684,-1.80477],[-45.5336,161.729,-3.00617],[-66.8234,164.51,-0.0277664],[-81.352,166.743,4.29849],[[[-0.0926167,-0.985898,0.139383],[-0.278271,-0.108778,-0.954323],[0.956027,-0.127173,-0.264273]],[[-0.108392,-0.983663,0.143728],[0.0155847,-0.146244,-0.989126],[0.993986,-0.104973,0.0311817]],[[-0.108392,-0.983663,0.143728],[-0.1536,-0.126272,-0.980032],[0.98217,-0.128304,-0.137404]],[[-0.108392,-0.983663,0.143728],[-0.298679,-0.105676,-0.948485],[0.948178,-0.145737,-0.282345]]],1],[822,[0.705806,0.256293,0.660419],82,60.0922,[22.7837,160.053,60.873],[20.8457,158.346,63.4907],[-41.9085,-58.2409,14.1525],false,[53.8992,138.425,-19.0357],[-6.12388,137.874,-1.37812],[-8.49206,148.749,40.3912],[9.50748,155.285,57.2332],[25.0769,158.538,62.8038],[[[0.0862021,-0.960929,0.26303],[-0.268866,-0.276655,-0.92259],[0.959312,0.00880917,-0.28221]],[[0.108991,-0.960448,0.256245],[-0.992532,-0.119355,-0.0251976],[0.054785,-0.251585,-0.966283]],[[0.108991,-0.960448,0.256245],[-0.699971,0.108879,0.705823],[-0.705806,-0.256293,-0.660418]],[[0.108991,-0.960448,0.256245],[-0.366929,0.200703,0.90834],[-0.923842,-0.193025,-0.330541]]],2],[823,[0.697019,0.37222,0.612876],82,57.7803,[27.8518,143.866,57.3667],[26.8819,143.484,58.9745],[2.65359,-45.9041,-26.8957],false,[53.9213,127.66,-16.6893],[1.05108,118.796,0.102252],[-1.38438,130.142,38.4545],[15.932,139.389,53.6805],[31.1059,144.774,58.3192],[[[0.246455,-0.925551,0.287429],[-0.231303,-0.344181,-0.909966],[0.941148,0.157782,-0.298907]],[[0.240369,-0.926551,0.289354],[-0.968777,-0.247657,0.0117416],[0.0607814,-0.283142,-0.95715]],[[0.240369,-0.926551,0.289354],[-0.675564,0.0543692,0.735294],[-0.697019,-0.37222,-0.612876]],[[0.240369,-0.926551,0.289354],[-0.3495,0.195489,0.916315],[-0.905579,-0.321383,-0.27684]]],3],[824,[0.362579,0.571885,0.735855],82,45.2987,[11.8751,125.373,52.7894],[11.5021,124.368,53.014],[-36.3659,-37.4122,-69.593],false,[57.6814,118.074,-9.14728],[10.0838,102.547,4.90822],[-2.4966,107.4,33.6091],[3.86326,117.431,46.5164],[13.8365,127.06,53.3565],[[[0.388533,-0.831392,0.397278],[-0.106091,-0.468647,-0.876992],[0.915307,0.298593,-0.270288]],[[0.510927,-0.782328,0.356253],[-0.762603,-0.603768,-0.232166],[0.396724,-0.153059,-0.905087]],[[0.510927,-0.782328,0.356253],[-0.779416,-0.246799,0.575848],[-0.36258,-0.571885,-0.735855]],[[0.510927,-0.782328,0.356253],[-0.568068,0.0037645,0.822973],[-0.645176,-0.622855,-0.442492]]],4]],[[0,200,0],[235.247,235.247,147.751]]],[88333,6313318793,[[82,"right",[-0.987998,-0.0624335,0.141285],[0.132184,0.131497,0.982464],[16.8885,137.031,-0.461377],[7.82243,52.0094,-32.5587],[16.7095,135.23,0.663735],1,0,0.405571,[[-0.160535,-0.986758,0.0231912],[0.376916,-0.0830018,-0.922521],[0.912229,-0.139356,0.38525]],57.1744,[285.795,99.0186,83.0492],[64.7941,132.78,-10.2832]]],[[820,[-0.350681,-0.693681,0.629149],82,46.7628,[16.0923,128.004,55.3335],[13.1698,127.27,56.3387],[-29.6063,-21.1744,-39.791],false,[67.0644,159.553,-4.3085],[67.0644,159.553,-4.3085],[33.024,156.253,24.6137],[22.2955,135.031,43.8613],[10.2966,125.532,58.241],[[[-0.278861,-0.527909,-0.802215],[0.262149,0.76178,-0.592427],[0.923858,-0.375505,-0.0740402]],[[-0.582065,-0.364841,-0.726699],[-0.28913,0.92815,-0.234394],[0.760003,0.073678,-0.64573]],[[-0.582065,-0.364841,-0.726699],[-0.733637,0.621045,0.275825],[0.350681,0.693681,-0.629149]],[[-0.582065,-0.364841,-0.726699],[-0.578544,0.813806,0.0548241],[0.57139,0.452339,-0.684765]]],0],[821,[-0.98255,0.122597,0.139878],82,52.7665,[-76.7296,162.491,5.2194],[-80.7421,166.717,3.85436],[3.76249,46.197,-44.0645],false,[55.8375,149.486,-19.3086],[-7.32678,157.6,-1.92916],[-45.672,161.396,-3.05781],[-66.981,164.055,-0.0242066],[-81.5157,166.214,4.34681],[[[-0.087104,-0.985786,0.143661],[-0.277192,-0.114531,-0.953964],[0.956858,-0.122916,-0.263276]],[[-0.101729,-0.983791,0.147672],[0.0142634,-0.149869,-0.988603],[0.99471,-0.0984638,0.0292782]],[[-0.101729,-0.983791,0.147672],[-0.155715,-0.130865,-0.979095],[0.98255,-0.122597,-0.139878]],[[-0.101729,-0.983791,0.147672],[-0.301295,-0.111001,-0.947048],[0.948089,-0.140835,-0.285119]]],1],[822,[0.702316,0.26337,0.661353],82,60.1232,[22.6377,159.87,60.9349],[20.716,158.702,63.4072],[-37.9926,-31.933,10.2504],false,[53.9564,138.602,-19.0564],[-6.10206,137.788,-1.4149],[-8.61834,148.832,40.3245],[9.30146,155.552,57.1991],[24.8417,158.926,62.8053],[[[0.0915112,-0.959264,0.26728],[-0.266853,-0.282212,-0.921491],[0.959383,0.0130025,-0.281808]],[[0.114162,-0.958689,0.260544],[-0.991757,-0.125336,-0.0266255],[0.058181,-0.255357,-0.965095]],[[0.114162,-0.958689,0.260544],[-0.702651,0.107483,0.703369],[-0.702316,-0.26337,-0.661353]],[[0.114162,-0.958689,0.260544],[-0.370883,0.20217,0.906407],[-0.921636,-0.200108,-0.332481]]],2],[823,[0.69381,0.37872,0.612535],82,57.8101,[27.6933,143.884,57.3163],[26.8982,143.864,58.9481],[0.300238,-22.7041,-19.1851],false,[54.0384,127.842,-16.6616],[1.18377,118.749,0.153172],[-1.34356,130.256,38.4727],[15.902,139.67,53.6981],[31.0448,145.163,58.3429],[[[0.251549,-0.922873,0.291596],[-0.228914,-0.349468,-0.908554],[0.940384,0.161796,-0.299166]],[[0.245109,-0.923958,0.293637],[-0.967444,-0.252796,0.0121093],[0.0630417,-0.287045,-0.95584]],[[0.245109,-0.923958,0.293637],[-0.677163,0.0535907,0.733879],[-0.69381,-0.37872,-0.612534]],[[0.245109,-0.923958,0.293637],[-0.352206,0.19732,0.914886],[-0.903257,-0.327667,-0.277059]]],3],[824,[0.359707,0.57735,0.732993],82,45.3221,[11.8089,125.292,52.5035],[11.6,124.633,53.0435],[-23.5377,-19.8423,-50.2353],false,[57.851,118.306,-9.072],[10.3106,102.563,5.03697],[-2.30836,107.483,33.7277],[4.00436,117.615,46.5914],[13.9348,127.334,53.3839],[[[0.39304,-0.827431,0.401096],[-0.103016,-0.473077,-0.874977],[0.913733,0.302582,-0.271177]],[[0.515092,-0.777895,0.359943],[-0.759266,-0.608961,-0.229525],[0.397738,-0.155066,-0.9043]],[[0.515092,-0.777895,0.359943],[-0.778004,-0.248085,0.577203],[-0.359707,-0.57735,-0.732993]],[[0.515092,-0.777895,0.359943],[-0.567816,0.00489287,0.823141],[-0.642079,-0.628375,-0.439181]]],4]],[[0,200,0],[235.247,235.247,147.751]]],[88334,6313327831,[[82,"right",[-0.98786,-0.0644868,0.14133],[0.131929,0.132094,0.982418],[16.905,137.049,-0.470146],[6.17062,38.2387,-23.854],[16.7367,135.483,0.505999],1,0,0.412571,[[-0.159965,-0.986857,0.0228846],[0.377016,-0.0825051,-0.922525],[0.912289,-0.138943,0.385259]],57.1744,[285.834,99.2355,83.0427],[64.8193,132.897,-10.2918]]],[[820,[-0.348989,-0.694501,0.629186],82,46.7628,[15.9381,127.988,55.3106],[13.2006,127.271,56.3142],[-20.1997,-16.2346,-30.2352],false,[67.0328,159.676,-4.32579],[67.0328,159.676,-4.32579],[32.9788,156.299,24.5714],[22.3021,135.052,43.8202],[10.3478,125.487,58.1933],[[[-0.277759,-0.528758,-0.802038],[0.260515,0.762144,-0.592679],[0.924652,-0.373565,-0.0739426]],[[-0.580475,-0.366886,-0.726941],[-0.291517,0.927205,-0.235177],[0.760307,0.0754014,-0.645173]],[[-0.580475,-0.366886,-0.726941],[-0.735701,0.618921,0.275101],[0.348989,0.694501,-0.629186]],[[-0.580475,-0.366886,-0.726941],[-0.582223,0.81113,0.0555393],[0.569267,0.455481,-0.68445]]],0],[821,[-0.982282,0.119791,0.144128],82,52.7665,[-76.8221,162.68,5.11809],[-80.7826,166.472,3.98534],[1.98081,26.2398,-23.6815],false,[55.8271,149.581,-19.3223],[-7.35394,157.567,-1.94394],[-45.7137,161.252,-2.93334],[-67.017,163.85,0.192445],[-81.5367,165.967,4.6331],[[[-0.085006,-0.985923,0.143981],[-0.276971,-0.115427,-0.95392],[0.957111,-0.120968,-0.26326]],[[-0.0983548,-0.984138,0.147641],[0.0111446,-0.14944,-0.988708],[0.995089,-0.0955988,0.025666]],[[-0.0983548,-0.984138,0.147641],[-0.159528,-0.130849,-0.978483],[0.982282,-0.119791,-0.144128]],[[-0.0983548,-0.984138,0.147641],[-0.305458,-0.111343,-0.945674],[0.947112,-0.13811,-0.289661]]],1],[822,[0.699083,0.265406,0.663959],82,60.1232,[22.4766,159.702,61.0031],[20.6189,158.756,63.4483],[-34.4477,-21.5434,10.33],false,[53.969,138.693,-19.0666],[-6.08712,137.757,-1.42334],[-8.7391,148.797,40.3088],[9.09821,155.569,57.25],[24.6075,158.989,62.9138],[[[0.0935554,-0.958981,0.267586],[-0.266275,-0.283075,-0.921394],[0.959346,0.0149499,-0.281836]],[[0.116057,-0.958366,0.260894],[-0.991348,-0.127984,-0.0291418],[0.0613188,-0.255255,-0.964927]],[[0.116057,-0.958366,0.260894],[-0.705559,0.10533,0.70078],[-0.699083,-0.265406,-0.663959]],[[0.116057,-0.958366,0.260894],[-0.374836,0.200986,0.905043],[-0.919798,-0.202829,-0.335904]]],2],[823,[0.69187,0.380171,0.613829],82,57.8101,[27.5963,143.921,57.3184],[26.9316,143.935,58.9694],[-1.45579,-14.7995,-12.5058],false,[54.0739,127.935,-16.6683],[1.23919,118.734,0.150685],[-1.33473,130.25,38.4646],[15.8626,139.7,53.7221],[30.9853,145.224,58.395],[[[0.253516,-0.922243,0.291887],[-0.228193,-0.350246,-0.908436],[0.940031,0.163697,-0.299242]],[[0.246473,-0.923442,0.294119],[-0.967021,-0.254438,0.0115126],[0.0642037,-0.287257,-0.955699]],[[0.246473,-0.923442,0.294119],[-0.678651,0.0521996,0.732603],[-0.69187,-0.380171,-0.613829]],[[0.246473,-0.923442,0.294119],[-0.354319,0.196612,0.914222],[-0.902058,-0.329543,-0.278733]]],3],[824,[0.35922,0.578553,0.732283],82,45.3221,[11.7889,125.255,52.339],[11.6588,124.671,53.038],[-14.8412,-13.2671,-37.0588],false,[57.907,118.409,-9.07577],[10.4005,102.569,5.03946],[-2.21926,107.481,33.7312],[4.08491,117.634,46.5825],[14.0049,127.375,53.3581],[[[0.394807,-0.826465,0.401352],[-0.102032,-0.473577,-0.874822],[0.913081,0.304435,-0.271297]],[[0.516671,-0.