{"metadata":{"formatVersion":2,"generatedBy":"LeapJS Playback 0.2.1","frames":151,"frameRate":"1.1e+2","modified":"Sun Apr 12 2015 21:22:58 GMT-0300 (E. South America Standard Time)","title":"2"},"frames":[["id","timestamp",{"hands":[["id","type","direction","palmNormal","palmPosition","palmVelocity","stabilizedPalmPosition","pinchStrength","grabStrength","confidence","armBasis","armWidth","elbow","wrist"]]},{"pointables":[["id","direction","handId","length","stabilizedTipPosition","tipPosition","tipVelocity","tool","carpPosition","mcpPosition","pipPosition","dipPosition","btipPosition","bases","type"]]},{"interactionBox":["center","size"]}],[92351,6362897281,[[87,"right",[-0.968705,-0.0629462,0.240099],[0.246488,-0.357816,0.900673],[2.76214,190.138,-6.03553],[-9.4056,8.96123,3.98437],[6.73585,190.549,-7.25132],1,0,0.474623,[[-0.11822,-0.900113,-0.419311],[0.586962,0.277257,-0.760661],[0.800937,-0.336045,0.495554]],57.3278,[243.225,106.568,96.6929],[48.6663,188.198,-23.6844]]],[[870,[-0.571393,-0.663702,0.482711],87,46.8882,[-0.731816,176.046,44.2313],[-2.27642,173.456,43.8781],[0.135468,-29.1046,-10.689],false,[54.793,208.811,-6.38401],[54.793,208.811,-6.38401],[21.7916,207.56,24.0505],[4.26403,187.201,38.8577],[-3.85929,168.806,45.103],[[[-0.421248,-0.0671434,-0.904457],[0.291333,0.934387,-0.205053],[0.85888,-0.349876,-0.374048]],[[-0.678108,0.05052,-0.733224],[0.013818,0.998335,0.0560071],[0.734833,0.0278471,-0.677676]],[[-0.678108,0.05052,-0.733224],[-0.462256,0.746289,0.478928],[0.571393,0.663702,-0.482711]],[[-0.678108,0.05052,-0.733224],[-0.625563,0.484008,0.611888],[0.385799,0.873604,-0.296606]]],0],[871,[-0.97536,-0.0918558,0.200588],87,52.9081,[-85.3992,217.602,13.4219],[-89.4511,205.392,19.453],[-8.24303,7.33202,-5.11855],false,[40.9191,207.739,-22.5448],[-18.8481,210.403,5.7716],[-56.9216,207.596,11.8173],[-78.1315,205.599,16.1792],[-92.9679,203.936,19.84],[[[-0.19145,-0.929011,-0.31668],[-0.384691,0.367857,-0.846578],[0.902973,-0.0402535,-0.427809]],[[0.00403519,-0.916478,-0.400064],[-0.172397,0.39344,-0.903042],[0.985019,0.0726139,-0.156411]],[[0.00403519,-0.916478,-0.400064],[-0.220583,0.389397,-0.894267],[0.97536,0.0918558,-0.200588]],[[0.00403519,-0.916478,-0.400064],[-0.261551,0.385173,-0.885004],[0.965181,0.108208,-0.238152]]],1],[872,[-0.906387,0.0442466,0.420125],87,60.2846,[-89.6712,200.777,2.10066],[-95.1936,196.221,28.7051],[-7.8635,20.9859,7.21066],false,[37.7533,198.143,-27.0851],[-20.0028,192.632,-3.13024],[-60.7656,195.37,11.41],[-83.9544,196.502,22.1584],[-98.7118,196.982,30.3943],[[[0.000709345,-0.974915,-0.222575],[-0.391602,0.204528,-0.897115],[0.920134,0.0877971,-0.381634]],[[-0.125632,-0.977737,-0.168068],[-0.317221,0.200107,-0.926999],[0.939993,-0.063146,-0.335299]],[[-0.125632,-0.977737,-0.168068],[-0.403335,0.205116,-0.891767],[0.906387,-0.0442466,-0.420125]],[[-0.125632,-0.977737,-0.168068],[-0.471513,0.207901,-0.857002],[0.872864,-0.0284206,-0.487135]]],2],[873,[0.706162,-0.0374315,0.70706],87,57.9652,[12.8442,168.274,51.2278],[11.9611,165.891,50.3081],[2.59949,-1.61155,-6.56884],false,[36.7647,187.521,-29.978],[-14.9552,174.678,-11.6441],[-16.7128,166.153,27.5995],[0.886897,165.22,45.2216],[16.4672,166.369,51.4264],[[[0.165626,-0.963995,-0.208043],[-0.361019,0.137046,-0.922433],[0.917733,0.227886,-0.325322]],[[0.152291,-0.9672,-0.203301],[-0.987368,-0.139788,-0.0745902],[0.0437248,0.212092,-0.976271]],[[0.152291,-0.9672,-0.203301],[-0.691478,-0.251242,0.6773],[-0.706162,0.0374315,-0.70706]],[[0.152291,-0.9672,-0.203301],[-0.343118,-0.244646,0.906873],[-0.926864,-0.0683522,-0.369121]]],3],[874,[0.625149,0.0869892,0.775643],87,45.4437,[7.91485,159.335,36.4081],[8.43402,157.868,34.4873],[25.2843,8.12368,-14.0706],false,[40.1488,175.286,-28.2986],[-7.39822,157.554,-16.2001],[-11.9088,154.711,15.162],[-0.908213,156.242,28.8108],[12.6747,158.719,35.8716],[[[0.328089,-0.940444,-0.0890059],[-0.248356,0.00503287,-0.968656],[0.911415,0.33991,-0.231914]],[[0.208455,-0.97628,-0.0585189],[-0.9677,-0.197209,-0.157053],[0.141788,0.0893674,-0.985855]],[[0.208455,-0.97628,-0.0585189],[-0.752154,-0.19827,0.628453],[-0.625149,-0.0869892,-0.775643]],[[0.208455,-0.97628,-0.0585189],[-0.435165,-0.146168,0.888407],[-0.875887,-0.159728,-0.455312]]],4]],[[0,200,0],[235.247,235.247,147.751]]],[92352,6362905931,[[87,"right",[-0.96857,-0.0618426,0.240932],[0.246815,-0.3593,0.899992],[2.717,190.155,-6.02455],[-8.2941,7.0792,3.26375],[6.71013,190.546,-7.24346],1,0,0.482807,[[-0.118473,-0.900015,-0.419448],[0.58676,0.277325,-0.760791],[0.801047,-0.336249,0.495238]],57.3278,[243.188,106.49,96.5815],[48.6017,188.17,-23.719]]],[[870,[-0.570072,-0.666608,0.480262],87,46.8882,[-0.746854,176.003,44.2224],[-2.2168,173.12,43.7575],[2.00928,-34.9158,-12.2654],false,[54.7745,208.752,-6.39866],[54.7745,208.752,-6.39866],[21.7858,207.239,24.0376],[4.29868,186.791,38.7697],[-3.78883,168.356,44.9425],[[[-0.422195,-0.0654005,-0.904143],[0.292495,0.93422,-0.204158],[0.85802,-0.350652,-0.375293]],[[-0.678467,0.0522871,-0.732768],[0.0107524,0.998064,0.0612619],[0.734552,0.0336852,-0.677716]],[[-0.678467,0.0522871,-0.732768],[-0.463357,0.743573,0.482079],[0.570072,0.666608,-0.480262]],[[-0.678467,0.0522871,-0.732768],[-0.626219,0.480356,0.614091],[0.384098,0.875514,-0.293163]]],0],[871,[-0.975487,-0.0912552,0.200242],87,52.9081,[-85.4702,217.377,13.5174],[-89.462,205.438,19.4967],[-6.46492,7.82026,-2.82825],false,[40.8839,207.72,-22.5477],[-18.8527,210.436,5.82824],[-56.9307,207.657,11.8586],[-78.1433,205.672,16.213],[-92.9817,204.017,19.8693],[[[-0.193095,-0.928335,-0.317661],[-0.384952,0.369474,-0.845755],[0.902511,-0.0410267,-0.428708]],[[0.0032439,-0.915826,-0.401561],[-0.171754,0.395086,-0.902445],[0.985135,0.0718971,-0.156015]],[[0.0032439,-0.915826,-0.401561],[-0.220032,0.391069,-0.893673],[0.975487,0.0912552,-0.200242]],[[0.0032439,-0.915826,-0.401561],[-0.261091,0.386859,-0.884405],[0.965309,0.107713,-0.237859]]],1],[872,[-0.906177,0.0448794,0.42051],87,60.2846,[-89.73,200.738,2.37494],[-95.2135,196.351,28.7797],[-6.47593,18.5803,7.27421],false,[37.6999,198.134,-27.097],[-20.0415,192.677,-3.09471],[-60.7974,195.451,11.4587],[-83.9808,196.599,22.2169],[-98.7336,197.087,30.4605],[[[-0.00091393,-0.974636,-0.223794],[-0.392148,0.206218,-0.89649],[0.919902,0.086941,-0.38239]],[[-0.12696,-0.977356,-0.169284],[-0.317175,0.201706,-0.926669],[0.93983,-0.0639577,-0.335601]],[[-0.12696,-0.977356,-0.169284],[-0.403391,0.206789,-0.891355],[0.906177,-0.0448794,-0.42051]],[[-0.12696,-0.977356,-0.169284],[-0.471659,0.209621,-0.856503],[0.872593,-0.0288977,-0.487592]]],2],[873,[0.709125,-0.0384799,0.704032],87,57.9652,[12.8454,168.262,51.2202],[12.1239,165.869,50.2064],[7.26794,-1.79994,-8.1697],false,[36.6932,187.518,-30.0023],[-15.028,174.727,-11.6358],[-16.6299,166.173,27.6084],[1.04364,165.214,45.155],[16.6471,166.344,51.3048],[[[0.164032,-0.963973,-0.209404],[-0.361687,0.138724,-0.921921],[0.917756,0.226963,-0.325901]],[[0.150704,-0.967163,-0.204656],[-0.987775,-0.138974,-0.0706112],[0.0398507,0.212795,-0.976284]],[[0.150704,-0.967163,-0.204656],[-0.688789,-0.251227,0.68004],[-0.709125,0.0384799,-0.704032]],[[0.150704,-0.967163,-0.204656],[-0.340075,-0.245105,0.907894],[-0.928244,-0.067225,-0.365847]]],3],[874,[0.631073,0.086652,0.770868],87,45.4437,[7.92838,159.327,36.3918],[8.68416,157.9,34.3633],[26.8975,6.98137,-14.4953],false,[40.0611,175.276,-28.3414],[-7.50017,157.597,-16.2202],[-11.7766,154.758,15.175],[-0.671745,156.283,28.7397],[12.9564,158.749,35.7168],[[[0.326641,-0.940807,-0.0904905],[-0.249259,0.00660536,-0.968414],[0.911689,0.338879,-0.232347]],[[0.207418,-0.976408,-0.0600468],[-0.968972,-0.196628,-0.149767],[0.134427,0.0892481,-0.986896]],[[0.207418,-0.976408,-0.0600468],[-0.747479,-0.197786,0.634158],[-0.631073,-0.086652,-0.770868]],[[0.207418,-0.976408,-0.0600468],[-0.42975,-0.146089,0.891051],[-0.878802,-0.159015,-0.449913]]],4]],[[0,200,0],[235.247,235.247,147.751]]],[92353,6362914602,[[87,"right",[-0.968573,-0.0605265,0.241254],[0.246609,-0.360079,0.899737],[2.66825,190.167,-6.00977],[-7.5833,5.58105,2.84892],[6.68452,190.544,-7.23565],1,0,0.492213,[[-0.118954,-0.900087,-0.419158],[0.586584,0.276903,-0.761081],[0.801105,-0.336405,0.495038]],57.3278,[243.144,106.405,96.5302],[48.5436,188.123,-23.7217]]],[[870,[-0.568812,-0.669547,0.477661],87,46.8882,[-0.761988,175.952,44.2114],[-2.19251,172.773,43.6391],[2.18058,-39.5881,-13.2728],false,[54.753,208.688,-6.39411],[54.753,208.688,-6.39411],[21.7555,206.893,24.0173],[4.30705,186.355,38.6697],[-3.76145,167.895,44.7916],[[[-0.422617,-0.0643607,-0.90402],[0.293798,0.933882,-0.203833],[0.857367,-0.351742,-0.375765]],[[-0.678306,0.0534427,-0.732834],[0.00691162,0.997771,0.0663662],[0.734747,0.0399515,-0.677164]],[[-0.678306,0.0534427,-0.732834],[-0.465139,0.740844,0.484557],[0.568812,0.669547,-0.477661]],[[-0.678306,0.0534427,-0.732834],[-0.626947,0.478035,0.615159],[0.383196,0.876713,-0.290748]]],0],[871,[-0.976419,-0.0899992,0.196229],87,52.9081,[-85.5326,217.185,13.596],[-89.5201,205.488,19.3213],[-7.0361,9.66311,-9.7513],false,[40.855,207.684,-22.5386],[-18.8673,210.475,5.86017],[-56.9714,207.742,11.7451],[-78.2043,205.785,16.0122],[-93.0605,204.149,19.6044],[[[-0.194577,-0.927903,-0.318019],[-0.384713,0.370431,-0.845445],[0.902295,-0.0421586,-0.429053]],[[0.00345421,-0.915355,-0.402634],[-0.167827,0.396395,-0.90261],[0.98581,0.0706906,-0.152252]],[[0.00345421,-0.915355,-0.402634],[-0.215856,0.392462,-0.894081],[0.976419,0.0899992,-0.196229]],[[0.00345421,-0.915355,-0.402634],[-0.256761,0.388326,-0.885029],[0.966469,0.106438,-0.233686]]],1],[872,[-0.906038,0.045656,0.420726],87,60.2846,[-89.7878,200.7,2.6435],[-95.2482,196.49,28.8179],[-5.78226,17.0768,6.51792],false,[37.6553,198.105,-27.0912],[-20.0855,192.722,-3.07055],[-60.8369,195.534,11.4877],[-84.0168,196.702,22.2514],[-98.7664,197.202,30.5001],[[[-0.00243103,-0.97453,-0.224243],[-0.392167,0.20721,-0.896253],[0.919891,0.0857619,-0.382682]],[[-0.128108,-0.977108,-0.169848],[-0.317013,0.202619,-0.926525],[0.939729,-0.0648508,-0.335713]],[[-0.128108,-0.977108,-0.169848],[-0.40334,0.207787,-0.891146],[0.906038,-0.045656,-0.420726]],[[-0.128108,-0.977108,-0.169848],[-0.471698,0.210678,-0.856221],[0.872404,-0.0295715,-0.48789]]],2],[873,[0.712363,-0.0387898,0.700738],87,57.9652,[12.8476,168.25,51.2127],[12.2977,165.898,50.1127],[11.4037,-0.287825,-9.21734],false,[36.6319,187.491,-30.001],[-15.1015,174.768,-11.6217],[-16.5314,166.224,27.6312],[1.22284,165.258,45.0958],[16.8505,166.375,51.1861],[[[0.162535,-0.964117,-0.209908],[-0.361814,0.139683,-0.921726],[0.917972,0.225761,-0.326128]],[[0.149099,-0.967314,-0.205118],[-0.988182,-0.138299,-0.0661008],[0.0355726,0.21255,-0.976502]],[[0.149099,-0.967314,-0.205118],[-0.68579,-0.250598,0.683295],[-0.712363,0.0387898,-0.700738]],[[0.149099,-0.967314,-0.205118],[-0.336835,-0.244716,0.909206],[-0.929684,-0.0664702,-0.362312]]],3],[874,[0.63632,0.0868333,0.766523],87,45.4437,[7.94358,159.319,36.3747],[8.89493,157.956,34.2721],[26.7155,6.86879,-13.768],false,[39.9823,175.244,-28.347],[-7.60056,157.63,-16.2168],[-11.6723,154.817,15.208],[-0.475131,156.345,28.6963],[13.1929,158.804,35.5974],[[[0.325221,-0.941245,-0.0910426],[-0.249598,0.00741997,-0.968321],[0.912103,0.337642,-0.23252]],[[0.206358,-0.976594,-0.0606748],[-0.970069,-0.19608,-0.143243],[0.127993,0.088418,-0.987826]],[[0.206358,-0.976594,-0.0606748],[-0.743313,-0.196786,0.639344],[-0.63632,-0.0868333,-0.766523]],[[0.206358,-0.976594,-0.0606748],[-0.424972,-0.145308,0.893468],[-0.881371,-0.158589,-0.44501]]],4]],[[0,200,0],[235.247,235.247,147.751]]],[92354,6362923288,[[87,"right",[-0.968546,-0.0590962,0.241717],[0.246496,-0.360768,0.899492],[2.61664,190.182,-5.98753],[-7.14594,4.55826,2.7719],[6.65919,190.542,-7.22788],1,0,0.500054,[[-0.119369,-0.900271,-0.418645],[0.58652,0.276278,-0.761357],[0.80109,-0.336426,0.495048]],57.3278,[243.076,106.349,96.5312],[48.4799,188.072,-23.7231]]],[[870,[-0.568052,-0.671505,0.475813],87,46.8882,[-0.777846,175.895,44.1991],[-2.1968,172.48,43.5658],[1.05129,-40.4102,-12.0812],false,[54.7301,208.622,-6.39164],[54.7301,208.622,-6.39164],[21.7316,206.577,24.003],[4.3065,185.979,38.5987],[-3.78451,167.526,44.7136],[[[-0.423168,-0.063395,-0.903831],[0.295154,0.933491,-0.203664],[0.856629,-0.352953,-0.376312]],[[-0.67831,0.0546034,-0.732744],[0.00359658,0.99747,0.0710011],[0.734767,0.0455254,-0.67679]],[[-0.67831,0.0546034,-0.732744],[-0.46606,0.738986,0.486506],[0.568052,0.671505,-0.475813]],[[-0.67831,0.0546034,-0.732744],[-0.626288,0.478558,0.615424],[0.384264,0.876357,-0.290413]]],0],[871,[-0.977595,-0.0883858,0.19104],87,52.9081,[-85.584,217.032,13.6555],[-89.5892,205.554,19.0889],[-7.91237,11.9509,-17.1212],false,[40.8225,207.645,-22.5295],[-18.8812,210.519,5.90002],[-57.0181,207.846,11.5968],[-78.2766,205.924,15.7511],[-93.1554,204.313,19.2603],[[[-0.196185,-0.92749,-0.318235],[-0.384556,0.371317,-0.845127],[0.902014,-0.0434218,-0.429518]],[[0.00382459,-0.914881,-0.403705],[-0.162761,0.397755,-0.90294],[0.986658,0.0691607,-0.147386]],[[0.00382459,-0.914881,-0.403705],[-0.21046,0.393929,-0.894721],[0.977595,0.0883858,-0.19104]],[[0.00382459,-0.914881,-0.403705],[-0.251157,0.389888,-0.88595],[0.967939,0.104782,-0.228288]]],1],[872,[-0.905828,0.0464847,0.421087],87,60.2846,[-89.8442,200.665,2.90478],[-95.2807,196.642,28.8752],[-5.20177,16.2615,6.54161],false,[37.6055,198.073,-27.0837],[-20.1316,192.772,-3.03608],[-60.8776,195.625,11.5292],[-84.0521,196.815,22.3021],[-98.7965,197.327,30.5595],[[[-0.00406437,-0.974449,-0.224571],[-0.39229,0.208125,-0.895987],[0.919833,0.0844554,-0.383113]],[[-0.129298,-0.976872,-0.170303],[-0.316899,0.203445,-0.926383],[0.939605,-0.0658107,-0.335875]],[[-0.129298,-0.976872,-0.170303],[-0.403431,0.208711,-0.890889],[0.905828,-0.0464847,-0.421087]],[[-0.129298,-0.976872,-0.170303],[-0.471951,0.211669,-0.855838],[0.872092,-0.0302836,-0.488404]]],2],[873,[0.715849,-0.0390245,0.697164],87,57.9652,[12.8507,168.24,51.2048],[12.4881,165.938,50.0213],[14.9446,1.17116,-9.93159],false,[36.5641,187.462,-29.9967],[-15.1799,174.813,-11.5958],[-16.4238,166.285,27.6669],[1.41729,165.312,45.0424],[17.071,166.417,51.0678],[[[0.160925,-0.964298,-0.210315],[-0.362056,0.140559,-0.921498],[0.918161,0.224438,-0.32651]],[[0.147372,-0.967502,-0.205479],[-0.988597,-0.137587,-0.0612053],[0.0309451,0.212156,-0.976746]],[[0.147372,-0.967502,-0.205479],[-0.682526,-0.249834,0.686834],[-0.715849,0.0390245,-0.697164]],[[0.147372,-0.967502,-0.205479],[-0.333299,-0.244174,0.910654],[-0.931232,-0.0657194,-0.358451]]],3],[874,[0.641674,0.0870069,0.762026],87,45.4437,[7.96052,159.311,36.3569],[9.10567,158.018,34.1886],[26.5233,6.96008,-13.0126],false,[39.8962,175.209,-28.3484],[-7.70805,157.664,-16.2004],[-11.5725,154.883,15.2533],[-0.281092,156.414,28.6625],[13.4281,158.865,35.4841],[[[0.323706,-0.941721,-0.0915229],[-0.250069,0.0081373,-0.968194],[0.912513,0.336297,-0.232861]],[[0.205115,-0.976823,-0.0611878],[-0.97117,-0.195372,-0.136597],[0.121476,0.0874418,-0.988735]],[[0.205115,-0.976823,-0.0611878],[-0.739041,-0.195566,0.644649],[-0.641674,-0.0870069,-0.762026]],[[0.205115,-0.976823,-0.0611878],[-0.420023,-0.14432,0.895965],[-0.88403,-0.158076,-0.43989]]],4]],[[0,200,0],[235.247,235.247,147.751]]],[92355,6362931922,[[87,"right",[-0.968496,-0.0577925,0.242231],[0.246475,-0.361416,0.899238],[2.56979,190.198,-5.9624],[-6.69022,3.81694,2.80878],[6.63456,190.54,-7.22025],1,0,0.509051,[[-0.119728,-0.90045,-0.418157],[0.586476,0.275697,-0.761602],[0.801069,-0.336424,0.495084]],57.3278,[243.011,106.306,96.5391],[48.4202,188.028,-23.7239]]],[[870,[-0.567591,-0.672893,0.4744],87,46.8882,[-0.794665,175.832,44.1859],[-2.21773,172.222,43.5191],[-0.55223,-39.3884,-10.1237],false,[54.7093,208.563,-6.38915],[54.7093,208.563,-6.38915],[21.7114,206.282,23.9894],[4.30041,185.641,38.5417],[-3.83874,167.217,44.678],[[[-0.423755,-0.0624925,-0.903618],[0.296375,0.933135,-0.20352],[0.855917,-0.354052,-0.3769]],[[-0.678333,0.0556545,-0.732644],[0.000447008,0.997158,0.0753342],[0.734754,0.0507742,-0.67643]],[[-0.678333,0.0556545,-0.732644],[-0.466588,0.737644,0.488034],[0.567591,0.672893,-0.4744]],[[-0.678333,0.0556545,-0.732644],[-0.624854,0.480888,0.615064],[0.386551,0.875014,-0.291427]]],0],[871,[-0.978378,-0.0872964,0.187501],87,52.9081,[-85.6259,216.91,13.7011],[-89.6412,205.611,18.9324],[-7.72981,12.5166,-19.049],false,[40.7914,207.611,-22.5197],[-18.8925,210.561,5.94368],[-57.0524,207.932,11.5047],[-78.3279,206.034,15.5821],[-93.221,204.439,19.0373],[[[-0.197684,-0.927104,-0.318432],[-0.38449,0.372145,-0.844793],[0.901714,-0.0445684,-0.430029]],[[0.00403987,-0.914454,-0.40467],[-0.159094,0.398931,-0.903074],[0.987255,0.068029,-0.143873]],[[0.00403987,-0.914454,-0.40467],[-0.206787,0.395163,-0.895034],[0.978378,0.0872964,-0.187501]],[[0.00403987,-0.914454,-0.40467],[-0.247532,0.391165,-0.886407],[0.968871,0.10375,-0.224776]]],1],[872,[-0.905673,0.0472375,0.421337],87,60.2846,[-89.8986,200.633,3.15597],[-95.3107,196.784,28.9318],[-4.77116,15.4032,6.40724],false,[37.5583,198.045,-27.0753],[-20.1731,192.818,-2.99757],[-60.9158,195.71,11.5695],[-84.0863,196.919,22.3488],[-98.8264,197.442,30.6132],[[[-0.0055798,-0.974368,-0.224889],[-0.392485,0.20898,-0.895702],[0.919741,0.0832679,-0.383591]],[[-0.130371,-0.976653,-0.17074],[-0.316687,0.204209,-0.926287],[0.939528,-0.0666901,-0.335916]],[[-0.130371,-0.976653,-0.17074],[-0.403434,0.209565,-0.890687],[0.905673,-0.0472375,-0.421337]],[[-0.130371,-0.976653,-0.17074],[-0.472126,0.212586,-0.855514],[0.871837,-0.0309234,-0.488819]]],2],[873,[0.719082,-0.0393112,0.693813],87,57.9652,[12.8549,168.229,51.1967],[12.6714,165.976,49.9385],[17.1115,2.09099,-10.1377],false,[36.5001,187.436,-29.9911],[-15.2518,174.856,-11.5659],[-16.3235,166.342,27.7051],[1.59817,165.363,44.997],[17.2762,166.454,50.9613],[[[0.159432,-0.964458,-0.210721],[-0.362362,0.14138,-0.921252],[0.9183,0.223234,-0.326942]],[[0.145669,-0.967691,-0.205804],[-0.988974,-0.136825,-0.0566513],[0.0266618,0.211787,-0.976952]],[[0.145669,-0.967691,-0.205804],[-0.679487,-0.249057,0.690122],[-0.719082,0.0393112,-0.693813]],[[0.145669,-0.967691,-0.205804],[-0.329983,-0.243634,0.912005],[-0.93268,-0.0649395,-0.354812]]],3],[874,[0.646266,0.0870595,0.75813],87,45.4437,[7.97884,159.304,36.3384],[9.29167,158.073,34.1196],[25.3439,6.7374,-11.9152],false,[39.8156,175.178,-28.3487],[-7.80696,157.698,-16.1803],[-11.4896,154.941,15.2974],[-0.117429,156.473,28.638],[13.6268,158.916,35.392],[[[0.32231,-0.942152,-0.0920109],[-0.25059,0.00881364,-0.968053],[0.912864,0.33507,-0.233253]],[[0.204,-0.977025,-0.0617026],[-0.972103,-0.194713,-0.130781],[0.115762,0.0866606,-0.989489]],[[0.204,-0.977025,-0.0617026],[-0.73534,-0.194535,0.649177],[-0.646266,-0.0870595,-0.75813]],[[0.204,-0.977025,-0.0617026],[-0.415794,-0.143532,0.898061],[-0.886284,-0.157549,-0.435521]]],4]],[[0,200,0],[235.247,235.247,147.751]]],[92356,6362940857,[[87,"right",[-0.968195,-0.0557591,0.243905],[0.247241,-0.362643,0.898533],[2.47076,190.238,-5.90805],[-7.88886,4.01153,3.70218],[6.60954,190.538,-7.21237],1,0,0.517186,[[-0.120004,-0.90093,-0.417042],[0.585695,0.274938,-0.762477],[0.801599,-0.33576,0.494676]],57.3278,[243.005,106.416,96.4116],[48.2845,187.977,-23.7524]]],[[870,[-0.567598,-0.673248,0.473888],87,46.8882,[-0.81357,175.762,44.172],[-2.26275,172.008,43.5168],[-2.59866,-36.3762,-7.12391],false,[54.6512,208.484,-6.41374],[54.6512,208.484,-6.41374],[21.6892,206.01,23.9884],[4.27798,185.358,38.525],[-3.92546,166.973,44.693],[[[-0.425497,-0.0608564,-0.902911],[0.298146,0.932606,-0.203359],[0.854436,-0.355728,-0.378677]],[[-0.679194,0.0575825,-0.731696],[-0.00133404,0.996819,0.0796853],[0.733957,0.0550979,-0.676957]],[[-0.679194,0.0575825,-0.731696],[-0.465326,0.737171,0.48995],[0.567598,0.673248,-0.473888]],[[-0.679194,0.0575825,-0.731696],[-0.622016,0.484031,0.615476],[0.389604,0.873154,-0.292934]]],0],[871,[-0.978296,-0.0856982,0.188663],87,52.9081,[-85.6686,216.789,13.7492],[-89.6693,205.794,19.1069],[-6.45256,15.2664,-8.26671],false,[40.7027,207.577,-22.5203],[-18.9238,210.642,6.05103],[-57.0835,208.082,11.6455],[-78.3573,206.219,15.7481],[-93.2477,204.646,19.2251],[[[-0.200366,-0.926414,-0.318763],[-0.385134,0.373646,-0.843837],[0.900847,-0.0463102,-0.43166]],[[0.00185434,-0.914055,-0.405585],[-0.159159,0.400146,-0.902525],[0.987251,0.0662261,-0.144738]],[[0.00185434,-0.914055,-0.405585],[-0.207206,0.396432,-0.894375],[0.978296,0.0856982,-0.188663]],[[0.00185434,-0.914055,-0.405585],[-0.248257,0.392468,-0.885628],[0.968692,0.102332,-0.226193]]],1],[872,[-0.905573,0.0483459,0.421426],87,60.2846,[-89.9536,200.602,3.40705],[-95.3759,197.019,29.067],[-5.92078,16.9046,7.6521],false,[37.4396,198.021,-27.0771],[-20.2608,192.908,-2.90098],[-61.0011,195.856,11.6617],[-84.169,197.093,22.4433],[-98.9059,197.632,30.7123],[[[-0.00820518,-0.974187,-0.225595],[-0.393592,0.210539,-0.894851],[0.919248,0.0814502,-0.38516]],[[-0.131996,-0.976277,-0.171639],[-0.31618,0.205576,-0.926158],[0.939472,-0.0679804,-0.335815]],[[-0.131996,-0.976277,-0.171639],[-0.403131,0.211058,-0.890472],[0.905573,-0.0483459,-0.421426]],[[-0.131996,-0.976277,-0.171639],[-0.472017,0.214167,-0.85518],[0.871652,-0.0318639,-0.489089]]],2],[873,[0.722923,-0.0405722,0.689737],87,57.9652,[12.8601,168.219,51.1878],[12.8373,166.003,49.8659],[17.8303,2.38823,-9.87314],false,[36.3521,187.417,-29.9989],[-15.3957,174.941,-11.4912],[-16.2668,166.425,27.7842],[1.7506,165.414,44.9745],[17.4598,166.476,50.8616],[[[0.156853,-0.964663,-0.211712],[-0.363669,0.142888,-0.920504],[0.918228,0.221377,-0.328405]],[[0.14289,-0.967914,-0.2067],[-0.989501,-0.135133,-0.0512468],[0.0216705,0.211853,-0.977061]],[[0.14289,-0.967914,-0.2067],[-0.675992,-0.247984,0.69393],[-0.722923,0.0405722,-0.689737]],[[0.14289,-0.967914,-0.2067],[-0.325928,-0.243211,0.913575],[-0.934534,-0.0631711,-0.350223]]],3],[874,[0.651706,0.0861931,0.753559],87,45.4437,[7.99887,159.298,36.3189],[9.43852,158.128,34.0583],[22.9727,6.48858,-10.8076],false,[39.6425,175.15,-28.3714],[-7.99832,157.77,-16.1314],[-11.4707,155.026,15.3714],[-0.00282388,156.543,28.6315],[13.7858,158.963,35.3027],[[[0.319992,-0.942818,-0.0932748],[-0.252284,0.0101017,-0.967601],[0.913213,0.333156,-0.234625]],[[0.201947,-0.977377,-0.0628576],[-0.973295,-0.193122,-0.1241],[0.109153,0.0862406,-0.990277]],[[0.201947,-0.977377,-0.0628576],[-0.731093,-0.193144,0.654369],[-0.651706,-0.0861931,-0.753559]],[[0.201947,-0.977377,-0.0628576],[-0.410648,-0.142765,0.900548],[-0.889149,-0.156051,-0.430189]]],4]],[[0,200,0],[235.247,235.247,147.751]]],[92357,6362949266,[[87,"right",[-0.968026,-0.0542481,0.244912],[0.2476,-0.36326,0.898185],[2.3921,190.27,-5.86042],[-8.26858,3.96099,4.21055],[6.58662,190.536,-7.20502],1,0,0.520449,[[-0.120377,-0.901269,-0.416202],[0.585422,0.274146,-0.762971],[0.801742,-0.335498,0.494622]],57.3278,[242.938,106.441,96.3973],[48.1833,187.939,-23.7536]]],[[870,[-0.567699,-0.673421,0.473522],87,46.8882,[-0.832696,175.691,44.1589],[-2.31245,171.815,43.5148],[-4.13519,-33.9586,-5.08443],false,[54.6015,208.432,-6.41675],[54.6015,208.432,-6.41675],[21.6558,205.765,23.9869],[4.24152,185.108,38.5123],[-4.0077,166.752,44.705],[[[-0.426546,-0.0599485,-0.902477],[0.299443,0.932171,-0.20345],[0.853459,-0.357021,-0.379663]],[[-0.679578,0.0587043,-0.73125],[-0.00367323,0.996508,0.0834127],[0.733594,0.0593715,-0.67699]],[[-0.679578,0.0587043,-0.73125],[-0.464641,0.736925,0.490968],[0.567699,0.673421,-0.473522]],[[-0.679578,0.0587043,-0.73125],[-0.620228,0.486358,0.615446],[0.391779,0.871786,-0.294108]]],0],[871,[-0.97843,-0.0844638,0.188522],87,52.9081,[-85.7107,216.672,13.7967],[-89.7109,205.924,19.1702],[-6.09648,16.1518,-4.33019],false,[40.6346,207.551,-22.5088],[-18.9567,210.706,6.1261],[-57.1222,208.199,11.7059],[-78.3988,206.363,15.8055],[-93.2907,204.807,19.2836],[[[-0.202204,-0.926011,-0.318773],[-0.385417,0.374474,-0.84334],[0.900315,-0.0476665,-0.432621]],[[0.000646469,-0.91384,-0.406074],[-0.158252,0.400863,-0.902366],[0.987399,0.0648455,-0.144358]],[[0.000646469,-0.91384,-0.406074],[-0.206577,0.397193,-0.894183],[0.97843,0.0844638,-0.188522]],[[0.000646469,-0.91384,-0.406074],[-0.247882,0.393254,-0.885385],[0.96879,0.101231,-0.22627]]],1],[872,[-0.905975,0.048677,0.420524],87,60.2846,[-90.0056,200.575,3.64026],[-95.4601,197.177,29.1],[-7.5515,15.5832,5.3568],false,[37.3512,198.002,-27.0645],[-20.3319,192.977,-2.82875],[-61.0889,195.945,11.683],[-84.2671,197.19,22.4416],[-99.01,197.732,30.6996],[[[-0.0100226,-0.974117,-0.22582],[-0.394193,0.211392,-0.894385],[0.918973,0.0800527,-0.386109]],[[-0.132437,-0.976095,-0.172334],[-0.314847,0.206288,-0.926454],[0.939858,-0.0684375,-0.33464]],[[-0.132437,-0.976095,-0.172334],[-0.402083,0.211823,-0.890764],[0.905975,-0.048677,-0.420524]],[[-0.132437,-0.976095,-0.172334],[-0.471243,0.214965,-0.855407],[0.872004,-0.0320758,-0.488447]]],2],[873,[0.726001,-0.0410979,0.686464],87,57.9652,[12.8658,168.209,51.179],[12.9804,166.052,49.8133],[17.8463,3.2823,-9.14903],false,[36.2434,187.4,-29.9877],[-15.505,175.003,-11.4284],[-16.2115,166.5,27.8531],[1.8827,165.476,44.9619],[17.6158,166.521,50.7881],[[[0.155066,-0.964865,-0.212109],[-0.364406,0.1437,-0.920086],[0.918239,0.219968,-0.32932]],[[0.140948,-0.968129,-0.207027],[-0.989861,-0.134098,-0.0468281],[0.0175737,0.211528,-0.977214]],[[0.140948,-0.968129,-0.207027],[-0.673094,-0.247058,0.69707],[-0.726001,0.0410979,-0.686464]],[[0.140948,-0.968129,-0.207027],[-0.322687,-0.24262,0.914882],[-0.935952,-0.062146,-0.3466]]],3],[874,[0.655903,0.0859957,0.749931],87,45.4437,[8.01854,159.292,36.3003],[9.56451,158.19,34.0213],[20.8077,6.64919,-9.33138],false,[39.5156,175.127,-28.3666],[-8.14038,157.821,-16.0805],[-11.4471,155.098,15.4418],[0.0946927,156.611,28.6382],[13.9163,159.02,35.2449],[[[0.318364,-0.943313,-0.0938381],[-0.253286,0.0107442,-0.967332],[0.913504,0.331732,-0.235508]],[[0.200663,-0.977607,-0.0634001],[-0.97413,-0.192246,-0.118792],[0.103944,0.0855973,-0.990893]],[[0.200663,-0.977607,-0.0634001],[-0.727685,-0.192068,0.658471],[-0.655903,-0.0859957,-0.749931]],[[0.200663,-0.977607,-0.0634001],[-0.406646,-0.141996,0.902483],[-0.891276,-0.155314,-0.426033]]],4]],[[0,200,0],[235.247,235.247,147.751]]],[92358,6362958269,[[87,"right",[-0.967863,-0.051876,0.24607],[0.247781,-0.363893,0.897879],[2.30737,190.319,-5.79891],[-8.58264,4.37011,4.93081],[6.56299,190.535,-7.19726],1,0,0.521693,[[-0.120856,-0.901941,-0.414604],[0.584434,0.272955,-0.764155],[0.802391,-0.334661,0.494137]],57.3278,[242.984,106.582,96.286],[48.0713,187.876,-23.747]]],[[870,[-0.568397,-0.672882,0.47345],87,46.8882,[-0.854797,175.611,44.1449],[-2.37625,171.624,43.523],[-5.60224,-31.6568,-3.22489],false,[54.5606,208.352,-6.41726],[54.5606,208.352,-6.41726],[21.632,205.495,23.9876],[4.19629,184.854,38.5108],[-4.105,166.529,44.7251],[[[-0.427772,-0.0588744,-0.901967],[0.301489,0.931438,-0.203784],[0.852124,-0.359107,-0.380693]],[[-0.679976,0.0602175,-0.730757],[-0.00573014,0.996155,0.0874194],[0.733212,0.0636304,-0.677017]],[[-0.679976,0.0602175,-0.730757],[-0.463203,0.737295,0.491771],[0.568397,0.672882,-0.47345]],[[-0.679976,0.0602175,-0.730757],[-0.618222,0.488787,0.615539],[0.394251,0.870322,-0.295136]]],0],[871,[-0.97878,-0.0818263,0.187867],87,52.9081,[-85.7589,216.544,13.8508],[-89.7507,206.17,19.2153],[-5.7749,20.7778,-2.21962],false,[40.5722,207.506,-22.4926],[-18.9768,210.807,6.21368],[-57.155,208.41,11.7541],[-78.4393,206.631,15.8394],[-93.3362,205.112,19.3127],[[[-0.204861,-0.925503,-0.318555],[-0.385504,0.375444,-0.842869],[0.899677,-0.0498666,-0.433699]],[[-0.00159318,-0.913745,-0.406286],[-0.15617,0.401529,-0.902433],[0.987729,0.0620119,-0.143339]],[[-0.00159318,-0.913745,-0.406286],[-0.204907,0.397964,-0.894225],[0.97878,0.0818263,-0.187867]],[[-0.00159318,-0.913745,-0.406286],[-0.246595,0.394099,-0.885368],[0.969117,0.0987774,-0.225952]]],1],[872,[-0.906497,0.0494864,0.419302],87,60.2846,[-90.063,200.547,3.89214],[-95.5517,197.422,29.1335],[-8.92222,16.6142,3.44754],false,[37.26,197.965,-27.0446],[-20.4063,193.082,-2.73996],[-61.1809,196.089,11.7139],[-84.3725,197.355,22.4413],[-99.1251,197.909,30.6811],[[[-0.0126868,-0.974083,-0.225833],[-0.394743,0.212386,-0.893907],[0.918704,0.0778051,-0.387207]],[[-0.133293,-0.975861,-0.172996],[-0.313265,0.20709,-0.926811],[0.940265,-0.0693436,-0.333307]],[[-0.133293,-0.975861,-0.172996],[-0.40062,0.212711,-0.891212],[0.906497,-0.0494864,-0.419302]],[[-0.133293,-0.975861,-0.172996],[-0.46993,0.215916,-0.855889],[0.872582,-0.0327877,-0.487367]]],2],[873,[0.729319,-0.0420075,0.682883],87,57.9652,[12.873,168.199,51.1691],[13.1203,166.123,49.7704],[17.4596,4.56162,-8.18724],false,[36.1226,187.367,-29.9667],[-15.6339,175.097,-11.3459],[-16.1666,166.616,27.9432],[2.01027,165.569,44.9627],[17.7699,166.586,50.7218],[[[0.15244,-0.965237,-0.212319],[-0.365153,0.144621,-0.919646],[0.918382,0.21772,-0.330413]],[[0.138203,-0.968492,-0.207178],[-0.990315,-0.132335,-0.0419912],[0.0132514,0.210974,-0.977402]],[[0.138203,-0.968492,-0.207178],[-0.67007,-0.245475,0.700534],[-0.729319,0.0420075,-0.682883]],[[0.138203,-0.968492,-0.207178],[-0.319277,-0.241584,0.916351],[-0.93753,-0.0604955,-0.342605]]],3],[874,[0.660393,0.0853909,0.746049],87,45.4437,[8.04031,159.286,36.2802],[9.66877,158.273,33.9991],[18.1483,7.21159,-7.66159],false,[39.3666,175.086,-28.3499],[-8.31705,157.897,-16.0072],[-11.4546,155.204,15.5351],[0.166158,156.707,28.6631],[14.025,159.093,35.1995],[[[0.315933,-0.944089,-0.0942431],[-0.254417,0.0113942,-0.967028],[0.914034,0.329493,-0.236592]],[[0.19847,-0.978032,-0.0637395],[-0.975132,-0.1905,-0.113258],[0.0986274,0.0846326,-0.991519]],[[0.19847,-0.978032,-0.0637395],[-0.724217,-0.190161,0.662833],[-0.660393,-0.0853909,-0.746049]],[[0.19847,-0.978032,-0.0637395],[-0.402427,-0.140616,0.904588],[-0.893679,-0.153883,-0.421494]]],4]],[[0,200,0],[235.247,235.247,147.751]]],[92359,6362966595,[[87,"right",[-0.967623,-0.0511513,0.247164],[0.248589,-0.362696,0.89814],[2.24911,190.313,-5.71544],[-8.1754,3.06032,6.23953],[6.54289,190.534,-7.19036],1,0,0.529534,[[-0.120987,-0.90281,-0.412669],[0.582914,0.271879,-0.765698],[0.803476,-0.33319,0.493367]],57.3278,[243.169,106.89,96.1377],[47.9931,187.826,-23.7082]]],[[870,[-0.568079,-0.672283,0.474681],87,46.8882,[-0.875922,175.535,44.1334],[-2.39849,171.505,43.6066],[-5.56549,-27.7456,0.640612],false,[54.5085,208.326,-6.41484],[54.5085,208.326,-6.41484],[21.6015,205.311,23.9982],[4.17554,184.689,38.5592],[-4.15783,166.4,44.8385],[[[-0.428746,-0.0600084,-0.90143],[0.301629,0.931028,-0.205442],[0.851585,-0.35998,-0.381074]],[[-0.68046,0.0592839,-0.730383],[-0.00887274,0.995982,0.0891083],[0.732732,0.0671151,-0.6772]],[[-0.68046,0.0592839,-0.730383],[-0.462884,0.737916,0.49114],[0.568079,0.672283,-0.474681]],[[-0.68046,0.0592839,-0.730383],[-0.616714,0.491995,0.614495],[0.395775,0.868577,-0.298222]]],0],[871,[-0.979041,-0.0812874,0.186738],87,52.9081,[-85.8055,216.421,13.9024],[-89.8025,206.191,19.2263],[-5.99636,17.2477,-1.9429],false,[40.5029,207.462,-22.4742],[-19.0145,210.826,6.29008],[-57.2014,208.451,11.7805],[-78.4913,206.683,15.8412],[-93.3924,205.173,19.2998],[[[-0.20555,-0.925882,-0.317006],[-0.38625,0.374378,-0.843002],[0.8992,-0.0508351,-0.434575]],[[-0.00141124,-0.914167,-0.405336],[-0.154764,0.400653,-0.903065],[0.987951,0.0614568,-0.142045]],[[-0.00141124,-0.914167,-0.405336],[-0.203659,0.397104,-0.894892],[0.979041,0.0812874,-0.186738]],[[-0.00141124,-0.914167,-0.405336],[-0.245512,0.393248,-0.886048],[0.969393,0.0982644,-0.224994]]],1],[872,[-0.90714,0.0492655,0.417936],87,60.2846,[-90.1172,200.521,4.12555],[-95.6358,197.464,29.1629],[-9.85023,11.9229,2.05852],false,[37.1822,197.915,-27.009],[-20.4602,193.089,-2.63653],[-61.2607,196.083,11.747],[-84.4688,197.343,22.4394],[-99.2319,197.895,30.6605],[[[-0.0132965,-0.974402,-0.224417],[-0.395605,0.211251,-0.893795],[0.918325,0.076896,-0.388287]],[[-0.132324,-0.976144,-0.172146],[-0.311886,0.205855,-0.927551],[0.94086,-0.0690472,-0.331685]],[[-0.132324,-0.976144,-0.172146],[-0.399484,0.211463,-0.892018],[0.90714,-0.0492655,-0.417936]],[[-0.132324,-0.976144,-0.172146],[-0.469043,0.214662,-0.856691],[0.873206,-0.0326167,-0.486258]]],2],[873,[0.731701,-0.0407141,0.680409],87,57.9652,[12.8807,168.189,51.1595],[13.2617,166.228,49.8136],[17.1443,6.56165,-4.82462],false,[36.0377,187.313,-29.9146],[-15.7038,175.089,-11.2216],[-16.1043,166.679,28.0841],[2.13193,165.664,45.042],[17.909,166.691,50.7511],[[[0.151848,-0.9656,-0.21109],[-0.366068,0.143438,-0.919467],[0.918116,0.216892,-0.331694]],[[0.137568,-0.968853,-0.205912],[-0.990442,-0.132464,-0.0384356],[0.00996254,0.209231,-0.977815]],[[0.137568,-0.968853,-0.205912],[-0.6676,-0.244268,0.703309],[-0.731701,0.0407141,-0.680409]],[[0.137568,-0.968853,-0.205912],[-0.316477,-0.239985,0.917742],[-0.938572,-0.0610852,-0.339634]]],3],[874,[0.663487,0.0869244,0.743121],87,45.4437,[8.06193,159.281,36.2615],[9.80133,158.359,34.0679],[17.1844,7.90843,-3.6426],false,[39.2787,175.033,-28.2835],[-8.39844,157.88,-15.8659],[-11.4069,155.25,15.6943],[0.268335,156.78,28.7708],[14.1502,159.179,35.2536],[[[0.315473,-0.944345,-0.0932172],[-0.255432,0.0101001,-0.966774],[0.91391,0.328802,-0.23803]],[[0.198265,-0.978147,-0.0626027],[-0.975576,-0.190774,-0.108891],[0.0945687,0.0826629,-0.99208]],[[0.198265,-0.978147,-0.0626027],[-0.72144,-0.188871,0.666222],[-0.663487,-0.0869244,-0.743121]],[[0.198265,-0.978147,-0.0626027],[-0.399222,-0.138922,0.906268],[-0.895161,-0.154689,-0.418041]]],4]],[[0,200,0],[235.247,235.247,147.751]]],[92360,6362975658,[[87,"right",[-0.967105,-0.0512219,0.249168],[0.25061,-0.359842,0.898726],[2.10325,190.409,-5.56302],[-10.3625,5.1453,9.1615],[6.52262,190.533,-7.18292],1,0,0.543096,[[-0.122674,-0.903545,-0.410558],[0.579536,0.270606,-0.768707],[0.805661,-0.332234,0.49044]],57.3278,[243.521,107.203,95.499],[47.8148,187.907,-23.636]]],[[870,[-0.56708,-0.670599,0.478243],87,46.8882,[-0.897546,175.464,44.126],[-2.44898,171.706,43.8332],[-6.09394,-13.2796,8.0136],false,[54.3462,208.463,-6.41565],[54.3462,208.463,-6.41565],[21.5005,205.459,24.0646],[4.10515,184.888,38.7349],[-4.22483,166.631,45.1077],[[[-0.430421,-0.0630184,-0.900426],[0.300461,0.930667,-0.208761],[0.851153,-0.360398,-0.381644]],[[-0.681904,0.0565685,-0.729251],[-0.0103783,0.996156,0.0869771],[0.731368,0.0668785,-0.678696]],[[-0.681904,0.0565685,-0.729251],[-0.461982,0.73966,0.489364],[0.56708,0.670599,-0.478244]],[[-0.681904,0.0565685,-0.729251],[-0.615221,0.494891,0.613667],[0.395614,0.867112,-0.302666]]],0],[871,[-0.979066,-0.0820128,0.18629],87,52.9081,[-85.8594,216.286,13.9613],[-89.9412,206.22,19.3472],[-8.63997,14.217,1.69508],false,[40.3106,207.54,-22.4455],[-19.1544,210.94,6.42278],[-57.3414,208.531,11.8974],[-78.6319,206.747,15.9484],[-93.5337,205.227,19.3999],[[[-0.205386,-0.926981,-0.313883],[-0.388175,0.371574,-0.843358],[0.898408,-0.0513727,-0.436147]],[[-0.0000553352,-0.915126,-0.403168],[-0.154749,0.398319,-0.904099],[0.987954,0.0623399,-0.141637]],[[-0.0000553352,-0.915126,-0.403168],[-0.203544,0.394738,-0.895964],[0.979066,0.0820128,-0.18629]],[[-0.0000553352,-0.915126,-0.403168],[-0.245336,0.390859,-0.887152],[0.969438,0.0988627,-0.224535]]],1],[872,[-0.907604,0.048684,0.416996],87,60.2846,[-90.1766,200.493,4.37488],[-95.7937,197.545,29.3169],[-12.5871,9.53402,4.74145],false,[36.9892,197.977,-26.9458],[-20.6025,193.175,-2.44876],[-61.4222,196.132,11.8877],[-84.6421,197.378,22.556],[-99.4127,197.923,30.7642],[[[-0.0129159,-0.97507,-0.22152],[-0.397491,0.208289,-0.893654],[0.917515,0.07651,-0.390272]],[[-0.130363,-0.976837,-0.169693],[-0.31137,0.20283,-0.92839],[0.941305,-0.0681902,-0.330599]],[[-0.130363,-0.976837,-0.169693],[-0.399076,0.208374,-0.892927],[0.907604,-0.048684,-0.416996]],[[-0.130363,-0.976837,-0.169693],[-0.468776,0.211542,-0.857612],[0.873644,-0.0322527,-0.485495]]],2],[873,[0.734609,-0.0375483,0.677451],87,57.9652,[12.8907,168.18,51.1491],[13.3849,166.53,49.9539],[15.8837,13.9105,0.695354],false,[35.8479,187.365,-29.818],[-15.8475,175.155,-10.9899],[-16.0785,166.872,28.3444],[2.23019,165.936,45.2285],[18.0278,167,50.8739],[[[0.152246,-0.966092,-0.208536],[-0.367947,0.140425,-0.919182],[0.917298,0.216672,-0.334091]],[[0.137942,-0.969349,-0.203307],[-0.990424,-0.133811,-0.0339932],[0.00574655,0.206049,-0.978525]],[[0.137942,-0.969349,-0.203307],[-0.66432,-0.2428,0.706913],[-0.734609,0.0375483,-0.677451]],[[0.137942,-0.969349,-0.203307],[-0.312678,-0.237393,0.919716],[-0.93979,-0.0632975,-0.335841]]],3],[874,[0.666542,0.0902139,0.739989],87,45.4437,[8.08679,159.277,36.2421],[9.88636,158.61,34.2566],[14.437,13.2253,3.05562],false,[39.1023,175.093,-28.1569],[-8.53674,157.938,-15.5975],[-11.412,155.41,15.9834],[0.316992,156.997,29.0048],[14.2208,159.433,35.4263],[[[0.316079,-0.944355,-0.0910403],[-0.257291,0.00704038,-0.966308],[0.913179,0.328854,-0.240749]],[[0.199171,-0.978116,-0.0601583],[-0.975788,-0.192287,-0.10423],[0.0903814,0.0794613,-0.992732]],[[0.199171,-0.978116,-0.0601583],[-0.718368,-0.187483,0.669924],[-0.666542,-0.0902139,-0.739989]],[[0.199171,-0.978116,-0.0601583],[-0.395571,-0.13641,0.908249],[-0.896579,-0.1571,-0.414083]]],4]],[[0,200,0],[235.247,235.247,147.751]]],[92361,6362983987,[[87,"right",[-0.966996,-0.049523,0.249933],[0.25056,-0.362874,0.89752],[1.93132,190.413,-5.35254],[-13.0046,3.93787,13.3018],[6.50557,190.533,-7.17613],1,0,0.549467,[[-0.121407,-0.903785,-0.410405],[0.578551,0.271537,-0.769121],[0.80656,-0.330817,0.489919]],57.3278,[243.545,107.488,95.5335],[47.6198,187.848,-23.4749]]],[[870,[-0.5695,-0.668475,0.478341],87,46.8882,[-0.917605,175.407,44.1229],[-2.65057,171.586,44.0304],[-11.7285,-11.6415,13.0504],false,[54.2176,208.341,-6.20541],[54.2176,208.341,-6.20541],[21.3959,205.314,24.2984],[3.92629,184.808,38.9717],[-4.47446,166.58,45.3357],[[[-0.43141,-0.0595382,-0.900189],[0.302549,0.930487,-0.206537],[0.849912,-0.361453,-0.383408]],[[-0.682507,0.0602397,-0.728392],[-0.00817364,0.995906,0.0900225],[0.730833,0.0673947,-0.679221]],[[-0.682507,0.0602397,-0.728392],[-0.458097,0.741291,0.490546],[0.5695,0.668475,-0.478341]],[[-0.682507,0.0602397,-0.728392],[-0.612374,0.496895,0.614893],[0.398975,0.865717,-0.302245]]],0],[871,[-0.979322,-0.0810144,0.185376],87,52.9081,[-85.9081,216.167,14.0155],[-90.0686,206.308,19.5729],[-10.3504,13.6775,8.02407],false,[40.1649,207.495,-22.2245],[-19.2648,210.964,6.70833],[-57.4598,208.6,12.147],[-78.7558,206.838,16.1782],[-93.6621,205.331,19.616],[[[-0.20795,-0.925626,-0.316184],[-0.388045,0.374794,-0.841992],[0.897874,-0.052399,-0.437123]],[[-0.00128848,-0.9138,-0.406163],[-0.153415,0.401536,-0.902902],[0.988161,0.0611481,-0.140708]],[[-0.00128848,-0.9138,-0.406163],[-0.202301,0.398004,-0.8948],[0.979323,0.0810144,-0.185376]],[[-0.00128848,-0.9138,-0.406163],[-0.244188,0.394156,-0.88601],[0.969727,0.0980384,-0.223646]]],1],[872,[-0.908635,0.0490728,0.414697],87,60.2846,[-90.2328,200.469,4.6023],[-96.0035,197.672,29.4336],[-16.6346,9.89908,5.25944],false,[36.8158,197.953,-26.7474],[-20.7646,193.226,-2.20963],[-61.6152,196.211,12.033],[-84.8615,197.467,22.6425],[-99.6537,198.015,30.8115],[[[-0.0155131,-0.974435,-0.224131],[-0.397808,0.211669,-0.892718],[0.917338,0.0753125,-0.390922]],[[-0.131587,-0.976126,-0.172808],[-0.308697,0.206005,-0.928584],[0.942014,-0.068844,-0.328434]],[[-0.131587,-0.976126,-0.172808],[-0.396317,0.211588,-0.8934],[0.908635,-0.0490728,-0.414697]],[[-0.131587,-0.976126,-0.172808],[-0.46604,0.214773,-0.8583],[0.874924,-0.0324053,-0.483176]]],2],[873,[0.73768,-0.0402889,0.673947],87,57.9652,[12.9006,168.17,51.1392],[13.414,166.405,49.9977],[13.0574,6.52707,1.59494],false,[35.6459,187.352,-29.6471],[-16.0618,175.217,-10.8036],[-16.1331,166.85,28.5133],[2.25216,165.846,45.3101],[18.0741,166.867,50.8949],[[[0.149683,-0.965897,-0.211277],[-0.368454,0.143802,-0.918457],[0.917517,0.215323,-0.334364]],[[0.135279,-0.969154,-0.206009],[-0.990806,-0.131951,-0.0298771],[0.00177259,0.208156,-0.978094]],[[0.135279,-0.969154,-0.206009],[-0.661458,-0.24314,0.709476],[-0.73768,0.0402889,-0.673947]],[[0.135279,-0.969154,-0.206009],[-0.309472,-0.238848,0.92