{"metadata":{"formatVersion":2,"generatedBy":"LeapJS Playback 0.2.1","frames":377,"frameRate":"1.1e+2","modified":"Sun Apr 12 2015 21:23:54 GMT-0300 (E. South America Standard Time)","title":"5"},"frames":[["id","timestamp",{"hands":[["id","type","direction","palmNormal","palmPosition","palmVelocity","stabilizedPalmPosition","pinchStrength","grabStrength","confidence","armBasis","armWidth","elbow","wrist"]]},{"pointables":[["id","direction","handId","length","stabilizedTipPosition","tipPosition","tipVelocity","tool","carpPosition","mcpPosition","pipPosition","dipPosition","btipPosition","bases","type"]]},{"interactionBox":["center","size"]}],[96586,6413279946,[[88,"right",[0.0554777,0.853278,-0.518496],[-0.136136,-0.507982,-0.850542],[-28.0242,116.297,47.6789],[-8.52304,-6.06709,5.23436],[-21.7201,116.077,35.9279],1,1,0.619251,[[0.902737,-0.00458023,-0.430169],[0.137992,0.950187,0.279468],[0.407462,-0.311646,0.858401]],57.8956,[76.5975,-0.843118,286.431],[-23.3611,75.6099,75.8476]]],[[880,[0.222622,0.503769,-0.834659],88,47.3526,[-25.364,113.653,-7.70011],[-28.2836,114.52,-2.27788],[-11.847,-7.33188,6.91787],false,[-50.4903,71.0228,71.3923],[-50.4903,71.0228,71.3923],[-47.009,97.3675,34.6378],[-40.1124,112.974,8.78082],[-24.3257,113.669,-5.44834],[[[0.530614,0.573464,0.624169],[-0.75682,-0.0110454,0.653531],[0.381671,-0.819156,0.428148]],[[0.460798,0.7001,0.545459],[-0.884179,0.415288,0.213921],[-0.0767565,-0.580858,0.810378]],[[0.460798,0.7001,0.545459],[-0.85913,0.506041,0.0762785],[-0.222622,-0.503769,0.834659]],[[0.460798,0.7001,0.545459],[-0.486315,0.713296,-0.504685],[-0.742403,-0.0327073,0.669155]]],0],[881,[-0.164882,-0.0821231,-0.982888],88,53.4322,[-36.6806,158.177,-8.0753],[-53.812,164.083,12.7032],[-15.9654,4.69691,24.8834],false,[-40.2838,87.4805,80.8173],[-48.997,139.356,39.5713],[-50.4913,178.1,35.0496],[-54.1123,176.296,13.4643],[-53.9309,160.787,12.8128],[[[0.984408,0.0271671,-0.173787],[0.118106,0.630074,0.767501],[0.13035,-0.77606,0.617042]],[[0.985796,0.0185408,-0.166919],[0.163525,0.12058,0.979142],[0.0382813,-0.99253,0.115836]],[[0.985796,0.0185408,-0.166919],[-0.0319315,0.99645,-0.0778996],[0.164882,0.0821231,0.982888]],[[0.985796,0.0185408,-0.166919],[-0.167539,0.0394176,-0.985077],[-0.0116846,0.999051,0.041964]]],1],[882,[-0.227469,-0.131332,-0.964888],88,60.8817,[-19.1872,157.905,-3.50765],[-29.8042,164.339,7.06434],[-15.2064,12.2012,26.7663],false,[-29.276,89.171,79.7508],[-28.9309,138.082,39.4277],[-21.328,180.444,31.3224],[-27.2052,177.05,6.3924],[-30.6285,160.36,7.50881],[[[0.958314,-0.185744,-0.217102],[0.285665,0.608405,0.740431],[-0.00544495,-0.771584,0.636104]],[[0.957683,-0.209621,-0.197239],[0.229579,0.143003,0.962727],[-0.173602,-0.967269,0.185076]],[[0.957683,-0.209621,-0.197239],[0.176357,0.968922,-0.173457],[0.227469,0.131332,0.964888]],[[0.957683,-0.209621,-0.197239],[-0.206509,-0.0230734,-0.978173],[0.200495,0.97751,-0.0653857]]],2],[883,[-0.364949,-0.88406,-0.291975],88,58.5393,[-15.0527,104.038,-4.47612],[-24.5818,110.826,2.61712],[0.1938,31.0371,-11.1496],false,[-18.3939,88.1807,77.4709],[-9.6146,130.743,40.7196],[-13.7281,142.737,2.15513],[-22.9138,120.485,-5.19385],[-25.2492,107.227,5.14769],[[[0.922788,-0.342597,-0.176323],[0.353083,0.568673,0.742929],[-0.154255,-0.747822,0.64573]],[[0.927405,-0.317553,-0.197687],[0.360073,0.901035,0.241833],[0.101328,-0.295458,0.949967]],[[0.927405,-0.317553,-0.197687],[-0.0820491,0.342925,-0.935773],[0.364949,0.88406,0.291975]],[[0.927405,-0.317553,-0.197687],[-0.347842,-0.53776,-0.767998],[0.137572,0.781008,-0.60918]]],3],[884,[-0.614886,-0.7342,-0.287864],88,45.8938,[-0.757958,96.6512,15.5751],[-7.69781,109.191,11.0553],[-4.04525,9.81505,3.65226],false,[-8.75628,81.6456,71.847],[6.80468,120.359,39.6782],[8.0478,129.424,8.88142],[-2.87934,116.376,3.7658],[-9.16639,105.814,13.4706],[[[0.827623,-0.516067,-0.220715],[0.477288,0.440147,0.76057],[-0.295358,-0.73481,0.610588]],[[0.785813,-0.601171,-0.145227],[0.617252,0.747653,0.244977],[-0.0386939,-0.282148,0.95859]],[[0.785813,-0.601171,-0.145227],[0.0664298,0.315505,-0.946596],[0.614886,0.7342,0.287864]],[[0.785813,-0.601171,-0.145227],[-0.470472,-0.428643,-0.771312],[0.40144,0.674432,-0.619667]]],4]],[[0,200,0],[235.247,235.247,147.751]]],[96587,6413289027,[[88,"right",[0.0555931,0.854765,-0.516029],[-0.134396,-0.505719,-0.852166],[-28.0492,116.269,47.6688],[-6.92596,-5.22855,3.47865],[-21.7389,116.078,35.9627],1,1,0.623651,[[0.902896,-0.00336323,-0.429846],[0.136642,0.950349,0.279581],[0.407563,-0.311168,0.858526]],57.8956,[76.5866,-0.828008,286.345],[-23.3969,75.5078,75.7312]]],[[880,[0.220709,0.506022,-0.833804],88,47.3526,[-25.3885,113.652,-7.65077],[-28.3227,114.495,-2.28924],[-12.5794,-5.06107,4.11019],false,[-50.5154,70.9111,71.2209],[-50.5154,70.9111,71.2209],[-47.1443,97.3353,34.5131],[-40.307,113.011,8.68261],[-24.4385,113.668,-5.4571],[[[0.529174,0.57215,0.626593],[-0.757829,-0.0134788,0.652314],[0.381668,-0.820038,0.426459]],[[0.458073,0.700957,0.546652],[-0.885802,0.411371,0.214778],[-0.0743269,-0.582609,0.809347]],[[0.458073,0.700957,0.546652],[-0.861079,0.502594,0.0770878],[-0.220709,-0.506022,0.833804]],[[0.458073,0.700957,0.546652],[-0.482991,0.712534,-0.508935],[-0.74625,-0.0308985,0.664948]]],0],[881,[-0.163311,-0.0794836,-0.983368],88,53.4322,[-36.7876,158.215,-7.9447],[-53.8233,164.134,12.7884],[-11.8999,4.88579,20.5657],false,[-40.337,87.3507,80.7076],[-49.028,139.334,39.5927],[-50.5482,178.089,35.1778],[-54.1347,176.344,13.582],[-53.9392,160.837,12.8871],[[[0.984656,0.0284468,-0.172173],[0.116397,0.628027,0.769437],[0.130018,-0.777671,0.61508]],[[0.986034,0.0198409,-0.165358],[0.161926,0.117959,0.979727],[0.0389442,-0.99282,0.113099]],[[0.986034,0.0198409,-0.165358],[-0.0326542,0.996639,-0.0751333],[0.163311,0.0794836,0.983368]],[[0.986034,0.0198409,-0.165358],[-0.166067,0.0420596,-0.985217],[-0.0125928,0.998918,0.0447671]]],1],[882,[-0.225873,-0.128901,-0.965591],88,60.8817,[-19.2973,157.971,-3.39522],[-29.8054,164.42,7.18687],[-11.0425,11.3033,23.0419],false,[-29.329,89.0531,79.663],[-28.9607,138.077,39.4769],[-21.3801,180.466,31.5],[-27.216,177.136,6.55187],[-30.6271,160.44,7.61809],[[[0.958802,-0.184364,-0.216122],[0.284016,0.606569,0.742569],[-0.00581021,-0.773359,0.633942]],[[0.958159,-0.208294,-0.196328],[0.227969,0.14054,0.963472],[-0.173094,-0.967916,0.182144]],[[0.958159,-0.208294,-0.196328],[0.17582,0.969535,-0.170556],[0.225873,0.128901,0.965591]],[[0.958159,-0.208294,-0.196328],[-0.204986,-0.020611,-0.978548],[0.199779,0.977849,-0.0624461]]],2],[883,[-0.363956,-0.883276,-0.295566],88,58.5393,[-15.1546,104.105,-4.39971],[-24.5362,110.914,2.58899],[1.65416,25.7108,-9.36636],false,[-18.4425,88.078,77.3974],[-9.64049,130.749,40.7786],[-13.6923,142.852,2.24158],[-22.8531,120.62,-5.19777],[-25.2028,107.325,5.09338],[[[0.92334,-0.341358,-0.175835],[0.351462,0.566885,0.745061],[-0.154654,-0.749744,0.643402]],[[0.927937,-0.316454,-0.196952],[0.359126,0.900539,0.24507],[0.0998101,-0.29814,0.94929]],[[0.927937,-0.316454,-0.196952],[-0.0804305,0.345948,-0.9348],[0.363956,0.883276,0.295566]],[[0.927937,-0.316454,-0.196952],[-0.346084,-0.535265,-0.77053],[0.138415,0.783166,-0.606212]]],3],[884,[-0.61588,-0.731786,-0.291857],88,45.8938,[-0.825657,96.7659,15.5321],[-7.64191,109.256,11.0423],[-0.914227,10.1428,1.58072],false,[-8.79083,81.5664,71.7704],[6.78882,120.382,39.7339],[8.19193,129.477,8.95291],[-2.75288,116.472,3.76632],[-9.11841,105.915,13.4252],[[[0.828385,-0.514781,-0.220859],[0.475743,0.43841,0.762539],[-0.295713,-0.736748,0.608076]],[[0.78456,-0.603447,-0.142539],[0.618513,0.74546,0.248458],[-0.0436737,-0.283092,0.958098]],[[0.78456,-0.603447,-0.142539],[0.0718118,0.316766,-0.945781],[0.61588,0.731786,0.291857]],[[0.78456,-0.603447,-0.142539],[-0.468255,-0.425931,-0.774157],[0.406451,0.674118,-0.616736]]],4]],[[0,200,0],[235.247,235.247,147.751]]],[96588,6413297232,[[88,"right",[0.0550619,0.856286,-0.51356],[-0.130897,-0.503711,-0.853898],[-28.1167,116.179,47.5912],[-7.25637,-6.68726,0.196835],[-21.7581,116.078,35.9978],1,1,0.625995,[[0.903317,-0.0004826,-0.428972],[0.133588,0.950591,0.280235],[0.407642,-0.310447,0.85875]],57.8956,[76.5542,-0.806464,286.225],[-23.4487,75.3524,75.556]]],[[880,[0.220981,0.508552,-0.832191],88,47.3526,[-25.4156,113.65,-7.59579],[-28.2579,114.435,-2.34586],[-7.98172,-5.34136,1.41502],false,[-50.5441,70.7064,70.9584],[-50.5441,70.7064,70.9584],[-47.1884,97.2271,34.3189],[-40.3426,112.982,8.53844],[-24.3688,113.612,-5.48343],[[[0.526141,0.571651,0.629595],[-0.759588,-0.0169715,0.650183],[0.382363,-0.820321,0.42529]],[[0.45446,0.701289,0.549236],[-0.887689,0.407768,0.213854],[-0.0739874,-0.584739,0.807841]],[[0.45446,0.701289,0.549236],[-0.862922,0.499568,0.0761445],[-0.220981,-0.508552,0.832191]],[[0.45446,0.701289,0.549236],[-0.478709,0.712261,-0.513344],[-0.751202,-0.0296296,0.659407]]],0],[881,[-0.160448,-0.0771594,-0.984024],88,53.4322,[-36.8755,158.246,-7.83802],[-53.9058,164.082,12.7714],[-11.4614,1.95263,14.7932],false,[-40.4294,87.1433,80.5177],[-49.1258,139.218,39.5197],[-50.7236,177.981,35.2066],[-54.2472,176.287,13.5964],[-54.014,160.782,12.8595],[[[0.985058,0.0311533,-0.16938],[0.112846,0.626202,0.771451],[0.130099,-0.779039,0.613329]],[[0.986432,0.0225663,-0.162611],[0.158984,0.11565,0.980484],[0.0409317,-0.993034,0.110493]],[[0.986432,0.0225663,-0.162611],[-0.0347527,0.996763,-0.0724918],[0.160448,0.0771594,0.984024]],[[0.986432,0.0225663,-0.162611],[-0.16348,0.0443809,-0.985548],[-0.0150233,0.99876,0.0474679]]],1],[882,[-0.222934,-0.126862,-0.966544],88,60.8817,[-19.3829,158.022,-3.30799],[-29.872,164.434,7.23618],[-10.3036,8.83498,18.671],false,[-29.4224,88.8736,79.508],[-29.0554,138.007,39.4559],[-21.5501,180.435,31.6132],[-27.3101,177.157,6.64046],[-30.6856,160.45,7.65359],[[[0.959811,-0.181596,-0.213975],[0.280586,0.605198,0.744988],[-0.00578956,-0.775086,0.631829]],[[0.959169,-0.205579,-0.19425],[0.225003,0.138477,0.964468],[-0.171375,-0.968794,0.179079]],[[0.959169,-0.205579,-0.19425],[0.174058,0.970383,-0.167513],[0.222934,0.126862,0.966544]],[[0.959169,-0.205579,-0.19425],[-0.202265,-0.0185106,-0.979156],[0.197698,0.978465,-0.0593362]]],2],[883,[-0.361182,-0.883247,-0.299036],88,58.5393,[-15.244,104.165,-4.33307],[-24.4698,110.946,2.50526],[3.33886,20.3062,-9.74651],false,[-18.5276,87.9294,77.2698],[-9.7222,130.72,40.791],[-13.6935,142.914,2.27452],[-22.7844,120.683,-5.25217],[-25.135,107.353,4.99385],[[[0.924597,-0.338779,-0.174211],[0.348116,0.56566,0.747558],[-0.154713,-0.751836,0.640942]],[[0.929182,-0.313884,-0.195184],[0.356441,0.900687,0.248421],[0.0978246,-0.3004,0.948784]],[[0.929182,-0.313884,-0.195184],[-0.0785334,0.348356,-0.934067],[0.361182,0.883247,0.299036]],[[0.929182,-0.313884,-0.195184],[-0.342706,-0.533785,-0.773063],[0.138466,0.785207,-0.603553]]],3],[884,[-0.614971,-0.731481,-0.294528],88,45.8938,[-0.886077,96.8693,15.4933],[-7.59698,109.271,11.0113],[0.75332,8.28774,0.0985257],false,[-8.84558,81.455,71.6518],[6.73354,120.393,39.7635],[8.25511,129.499,8.99146],[-2.67354,116.499,3.7574],[-9.08182,105.937,13.3824],[[[0.830162,-0.512294,-0.219966],[0.472641,0.437422,0.765031],[-0.295703,-0.739065,0.605263]],[[0.784926,-0.60361,-0.139806],[0.617777,0.745197,0.251063],[-0.047361,-0.283435,0.957821]],[[0.784926,-0.60361,-0.139806],[0.0755147,0.31716,-0.945361],[0.614971,0.731481,0.294528]],[[0.784926,-0.60361,-0.139806],[-0.465255,-0.425191,-0.77637],[0.409181,0.674439,-0.614576]]],4]],[[0,200,0],[235.247,235.247,147.751]]],[96589,6413306555,[[88,"right",[0.0537359,0.858554,-0.509899],[-0.129437,-0.50034,-0.856099],[-28.2108,116.108,47.5785],[-8.05998,-6.96842,-0.242763],[-21.7829,116.078,36.0422],1,1,0.629086,[[0.903617,0.00138556,-0.428339],[0.131411,0.950876,0.280298],[0.407685,-0.30957,0.859045]],57.8956,[76.5319,-0.772128,286.114],[-23.4816,75.1718,75.3731]]],[[880,[0.219842,0.512491,-0.830073],88,47.3526,[-25.454,113.649,-7.5199],[-28.322,114.503,-2.34585],[-8.03264,-1.28925,1.04287],false,[-50.5655,70.4938,70.7398],[-50.5655,70.4938,70.7398],[-47.2685,97.1706,34.2085],[-40.458,113.047,8.49356],[-24.4331,113.701,-5.46882],[[[0.524683,0.56998,0.632322],[-0.759936,-0.0211649,0.649653],[0.383672,-0.821386,0.422043]],[[0.45254,0.700222,0.552174],[-0.888776,0.40464,0.215274],[-0.0726918,-0.58818,0.805457]],[[0.45254,0.700222,0.552174],[-0.86422,0.497033,0.0779841],[-0.219842,-0.512491,0.830073]],[[0.45254,0.700222,0.552174],[-0.476747,0.713263,-0.513778],[-0.753604,-0.0307425,0.656609]]],0],[881,[-0.159751,-0.0732677,-0.984435],88,53.4322,[-36.9685,158.279,-7.72528],[-54.0726,164.11,12.9485],[-13.2866,2.17827,15.9714],false,[-40.4876,86.9093,80.3745],[-49.259,139.14,39.5921],[-50.9294,177.919,35.4432],[-54.4376,176.31,13.824],[-54.174,160.809,13.021],[[[0.985097,0.0337399,-0.168659],[0.111202,0.623144,0.774161],[0.131219,-0.781379,0.610106]],[[0.986477,0.0251646,-0.161955],[0.158214,0.111778,0.981058],[0.042791,-0.993414,0.106286]],[[0.986477,0.0251646,-0.161955],[-0.036639,0.996995,-0.0682568],[0.159751,0.0732677,0.984435]],[[0.986477,0.0251646,-0.161955],[-0.163017,0.0482711,-0.985442],[-0.0169805,0.998517,0.0517206]]],1],[882,[-0.222138,-0.123268,-0.967192],88,60.8817,[-19.4691,158.073,-3.21992],[-30.0347,164.527,7.42829],[-12.3207,9.13884,19.1619],false,[-29.4834,88.6647,79.3788],[-29.1862,137.968,39.5351],[-21.7575,180.442,31.8749],[-27.4969,177.258,6.88544],[-30.8409,160.54,7.82749],[[[0.96028,-0.178866,-0.214169],[0.278997,0.602571,0.747709],[-0.00468758,-0.777763,0.62854]],[[0.959672,-0.202931,-0.194548],[0.22418,0.134857,0.965172],[-0.169628,-0.969862,0.174911]],[[0.959672,-0.202931,-0.194548],[0.172292,0.971403,-0.163375],[0.222138,0.123268,0.967192]],[[0.959672,-0.202931,-0.194548],[-0.201674,-0.0148463,-0.97934],[0.195851,0.97908,-0.0551736]]],2],[883,[-0.359347,-0.882644,-0.303],88,58.5393,[-15.3442,104.233,-4.25921],[-24.528,111.07,2.4731],[0.67375,18.3619,-8.06269],false,[-18.5855,87.7507,77.143],[-9.84002,130.712,40.8509],[-13.8106,143.061,2.38373],[-22.8553,120.845,-5.24273],[-25.1874,107.468,4.9451],[[[0.925341,-0.336283,-0.175092],[0.3466,0.563152,0.750152],[-0.15366,-0.754834,0.637663]],[[0.929887,-0.31132,-0.195932],[0.354603,0.900296,0.252437],[0.0978085,-0.304216,0.947569]],[[0.929887,-0.31132,-0.195932],[-0.0786087,0.352163,-0.932632],[0.359347,0.882644,0.303]],[[0.929887,-0.31132,-0.195932],[-0.34123,-0.531133,-0.775539],[0.137374,0.788022,-0.600125]]],3],[884,[-0.615173,-0.730216,-0.297233],88,45.8938,[-0.95447,96.9861,15.4493],[-7.65988,109.35,10.9858],[-1.31436,8.66413,-0.974635],false,[-8.88789,81.3185,71.5035],[6.63592,120.42,39.7896],[8.22472,129.577,9.03609],[-2.70752,116.601,3.75395],[-9.15104,106.023,13.3387],[[[0.831264,-0.509782,-0.221636],[0.471359,0.435077,0.767156],[-0.294653,-0.74218,0.601954]],[[0.784543,-0.604207,-0.139378],[0.6181,0.744105,0.253498],[-0.0494534,-0.28503,0.957242]],[[0.784543,-0.604207,-0.139378],[0.0778144,0.318934,-0.944577],[0.615173,0.730216,0.297233]],[[0.784543,-0.604207,-0.139378],[-0.463915,-0.4228,-0.778475],[0.411431,0.675406,-0.612006]]],4]],[[0,200,0],[235.247,235.247,147.751]]],[96590,6413314681,[[88,"right",[0.0517807,0.860847,-0.506223],[-0.127912,-0.497011,-0.858265],[-28.3333,116.011,47.5663],[-9.82428,-8.22284,-0.559611],[-21.8068,116.078,36.0843],1,1,0.630085,[[0.903982,0.00370611,-0.427555],[0.128762,0.951182,0.280486],[0.407722,-0.308607,0.859374]],57.8956,[76.5105,-0.739109,286.01],[-23.5121,74.9686,75.1881]]],[[880,[0.218257,0.516755,-0.827845],88,47.3526,[-25.4941,113.649,-7.4442],[-28.4304,114.583,-2.35236],[-9.66826,2.03006,0.560822],false,[-50.5827,70.2433,70.5256],[-50.5827,70.2433,70.5256],[-47.3565,97.0838,34.1081],[-40.595,113.092,8.46219],[-24.5456,113.813,-5.46866],[[[0.52306,0.56858,0.634921],[-0.760098,-0.0258092,0.649295],[0.385563,-0.822223,0.418677]],[[0.450519,0.699139,0.555191],[-0.889928,0.401236,0.21688],[-0.0711334,-0.591789,0.802948]],[[0.450519,0.699139,0.555191],[-0.865677,0.494135,0.0802159],[-0.218257,-0.516755,0.827845]],[[0.450519,0.699139,0.555191],[-0.476834,0.714183,-0.512418],[-0.754759,-0.0338801,0.655126]]],0],[881,[-0.159265,-0.0694461,-0.98479],88,53.4322,[-37.0489,158.307,-7.62823],[-54.304,164.098,13.1338],[-17.1222,1.16038,17.6859],false,[-40.5488,86.6425,80.2336],[-49.4357,139.025,39.6707],[-51.2019,177.816,35.6872],[-54.6996,176.291,14.0602],[-54.3969,160.795,13.1909],[[[0.985066,0.0368942,-0.168175],[0.109401,0.620118,0.776843],[0.132949,-0.783641,0.606821]],[[0.986461,0.0283262,-0.161532],[0.157632,0.107975,0.981577],[0.0452458,-0.99375,0.102048]],[[0.986461,0.0283262,-0.161532],[-0.0391132,0.997183,-0.0639945],[0.159265,0.0694461,0.98479]],[[0.986461,0.0283262,-0.161532],[-0.162834,0.0520866,-0.985278],[-0.0194956,0.998241,0.0559939]]],1],[882,[-0.221522,-0.119763,-0.967773],88,60.8817,[-19.5406,158.115,-3.14719],[-30.2641,164.594,7.62292],[-16.3149,8.88186,20.315],false,[-29.5485,88.4294,79.2491],[-29.3601,137.902,39.6156],[-22.0344,180.427,32.1375],[-27.7579,177.333,7.13297],[-31.0605,160.604,8.00413],[[[0.960792,-0.175577,-0.214598],[0.277255,0.600072,0.750362],[-0.00297205,-0.78044,0.625224]],[[0.960236,-0.199725,-0.195081],[0.22353,0.131333,0.965809],[-0.167275,-0.971011,0.170755]],[[0.960236,-0.199725,-0.195081],[0.169925,0.972505,-0.159244],[0.221522,0.119763,0.967773]],[[0.960236,-0.199725,-0.195081],[-0.201328,-0.0112595,-0.979459],[0.193426,0.979787,-0.0510221]]],2],[883,[-0.357088,-0.882323,-0.306585],88,58.5393,[-15.431,104.292,-4.19608],[-24.6254,111.16,2.4473],[-2.42843,16.6299,-6.87816],false,[-18.6476,87.5519,77.0132],[-9.99645,130.688,40.9072],[-13.9849,143.182,2.48841],[-22.9727,120.974,-5.22829],[-25.2754,107.55,4.90538],[[[0.926229,-0.333244,-0.176203],[0.344955,0.56081,0.752661],[-0.152004,-0.757918,0.634393]],[[0.930708,-0.308264,-0.196868],[0.352322,0.900142,0.25615],[0.0982475,-0.307762,0.946377]],[[0.930708,-0.308264,-0.196868],[-0.0791924,0.35564,-0.931262],[0.357088,0.882323,0.306585]],[[0.930708,-0.308264,-0.196868],[-0.339685,-0.528869,-0.777761],[0.135638,0.790741,-0.596935]]],3],[884,[-0.614576,-0.729513,-0.300179],88,45.8938,[-1.0136,97.0866,15.4115],[-7.75298,109.433,10.9532],[-3.75298,9.31196,-1.99277],false,[-8.93229,81.1678,71.3497],[6.50527,120.442,39.8078],[8.13622,129.679,9.08013],[-2.78542,116.714,3.74565],[-9.24393,106.108,13.2882],[[[0.832597,-0.506776,-0.223517],[0.470025,0.432973,0.769163],[-0.293016,-0.745461,0.598689]],[[0.784869,-0.603687,-0.139798],[0.617579,0.743581,0.256287],[-0.0507655,-0.287488,0.956438]],[[0.784869,-0.603687,-0.139798],[0.0792292,0.321518,-0.943583],[0.614576,0.729513,0.300179]],[[0.784869,-0.603687,-0.139798],[-0.462512,-0.420578,-0.780511],[0.412388,0.677257,-0.609311]]],4]],[[0,200,0],[235.247,235.247,147.751]]],[96591,6413323722,[[88,"right",[0.0500372,0.862531,-0.503523],[-0.126013,-0.494674,-0.859895],[-28.4613,115.891,47.4816],[-11.0183,-9.60238,-2.98921],[-21.8359,116.077,36.1341],1,1,0.63141,[[0.904333,0.00612574,-0.426783],[0.126038,0.951477,0.280725],[0.407794,-0.30766,0.85968]],57.8956,[76.4804,-0.699242,285.877],[-23.5597,74.7759,74.9803]]],[[880,[0.217139,0.520103,-0.826041],88,47.3526,[-25.5452,113.649,-7.35237],[-28.5212,114.597,-2.43241],[-9.99401,2.46705,-2.03937],false,[-50.6149,69.998,70.2821],[-50.6149,69.998,70.2821],[-47.4352,96.9617,33.9515],[-40.7085,113.074,8.3615],[-24.6391,113.861,-5.54276],[[[0.521155,0.567911,0.637083],[-0.760536,-0.0296983,0.648617],[0.387277,-0.822554,0.416439]],[[0.448341,0.698553,0.557686],[-0.891109,0.398231,0.217568],[-0.0701052,-0.594504,0.801031]],[[0.448341,0.698553,0.557686],[-0.867088,0.491443,0.0814998],[-0.217139,-0.520103,0.826041]],[[0.448341,0.698553,0.557686],[-0.477403,0.714601,-0.511304],[-0.755696,-0.0370029,0.653876]]],0],[881,[-0.158354,-0.0667697,-0.985122],88,53.4322,[-37.1481,158.341,-7.50975],[-54.5265,164.022,13.1794],[-19.1998,-1.5525,14.1793],false,[-40.6292,86.392,80.0485],[-49.6146,138.877,39.6405],[-51.4753,177.676,35.7765],[-54.953,176.21,14.1421],[-54.6107,160.717,13.2248],[[[0.985102,0.0398552,-0.167289],[0.107259,0.617985,0.778839],[0.134423,-0.785179,0.604503]],[[0.986507,0.0313062,-0.160699],[0.156627,0.105312,0.982027],[0.047667,-0.993946,0.0989878]],[[0.986507,0.0313062,-0.160699],[-0.0415702,0.997277,-0.0609113],[0.158354,0.0667697,0.985122]],[[0.986507,0.0313062,-0.160699],[-0.162229,0.0547538,-0.985233],[-0.022045,0.998009,0.0590937]]],1],[882,[-0.220487,-0.117393,-0.9683],88,60.8817,[-19.6222,158.162,-3.06531],[-30.4822,164.59,7.688],[-18.4595,6.31058,16.6493],false,[-29.6327,88.2092,79.0781],[-29.5363,137.804,39.5977],[-22.3107,180.37,32.2551],[-28.0075,177.337,7.23696],[-31.2689,160.597,8.05545],[[[0.961391,-0.172531,-0.214386],[0.275183,0.598438,0.752427],[-0.00152062,-0.782372,0.62281]],[[0.96088,-0.196738,-0.194946],[0.222461,0.128937,0.966378],[-0.164988,-0.971941,0.16766]],[[0.96088,-0.196738,-0.194946],[0.167617,0.973403,-0.156179],[0.220487,0.117393,0.9683]],[[0.96088,-0.196738,-0.194946],[-0.200559,-0.00882459,-0.979642],[0.191013,0.980416,-0.047937]]],2],[883,[-0.354685,-0.882309,-0.309401],88,58.5393,[-15.5222,104.354,-4.13126],[-24.7073,111.181,2.35577],[-4.16602,12.812,-7.80085],false,[-18.7279,87.3656,76.8481],[-10.1558,130.635,40.8821],[-14.1439,143.233,2.49762],[-23.0713,121.026,-5.28998],[-25.3484,107.568,4.80374],[[[0.92719,-0.330402,-0.176504],[0.342978,0.559337,0.754658],[-0.150615,-0.760248,0.631932]],[[0.931612,-0.305409,-0.197038],[0.349925,0.900227,0.25912],[0.0982412,-0.310348,0.945533]],[[0.931612,-0.305409,-0.197038],[-0.0793541,0.358129,-0.930294],[0.354685,0.882309,0.309401]],[[0.931612,-0.305409,-0.197038],[-0.337796,-0.527489,-0.779519],[0.134137,0.792768,-0.594581]]],3],[884,[-0.614356,-0.728934,-0.302029],88,45.8938,[-1.07539,97.1905,15.3716],[-7.83798,109.437,10.8708],[-5.21088,7.17431,-4.11787],false,[-8.99234,81.0231,71.1725],[6.37218,120.433,39.764],[8.07369,129.686,9.04533],[-2.84404,116.732,3.67796],[-9.33259,106.121,13.1945],[[[0.834025,-0.504018,-0.224428],[0.468352,0.43176,0.770863],[-0.29163,-0.748031,0.596156]],[[0.784809,-0.604066,-0.138488],[0.617471,0.743068,0.25803],[-0.0529615,-0.288017,0.95616]],[[0.784809,-0.604066,-0.138488],[0.0814972,0.322116,-0.943186],[0.614356,0.728934,0.302029]],[[0.784809,-0.604066,-0.138488],[-0.460897,-0.419512,-0.782038],[0.414306,0.677579,-0.607649]]],4]],[[0,200,0],[235.247,235.247,147.751]]],[96592,6413331953,[[88,"right",[0.0486029,0.863898,-0.501316],[-0.123952,-0.492812,-0.861262],[-28.5893,115.778,47.3902],[-12.172,-10.6605,-5.05482],[-21.8639,116.076,36.1809],1,1,0.633427,[[0.904637,0.00848114,-0.426099],[0.123438,0.951733,0.281012],[0.407915,-0.30681,0.859926]],57.8956,[76.4468,-0.661398,285.749],[-23.6231,74.6055,74.7916]]],[[880,[0.215786,0.523281,-0.824387],88,47.3526,[-25.5953,113.65,-7.26744],[-28.6122,114.594,-2.51812],[-10.8677,2.88091,-4.2052],false,[-50.6622,69.7774,70.0521],[-50.6622,69.7774,70.0521],[-47.5162,96.8452,33.7961],[-40.8313,113.056,8.25733],[-24.7459,113.91,-5.62445],[[[0.519165,0.56751,0.639062],[-0.761164,-0.0330588,0.647716],[0.388712,-0.822702,0.414806]],[[0.446158,0.698151,0.559936],[-0.892262,0.395492,0.21784],[-0.0693646,-0.5968,0.799386]],[[0.446158,0.698151,0.559936],[-0.86855,0.488633,0.0828144],[-0.215786,-0.523281,0.824387]],[[0.446158,0.698151,0.559936],[-0.478256,0.714823,-0.510196],[-0.756449,-0.0401644,0.652818]]],0],[881,[-0.157163,-0.0646458,-0.985455],88,53.4322,[-37.2546,158.376,-7.38402],[-54.7296,163.936,13.1817],[-20.6069,-3.87561,10.6222],false,[-40.7246,86.1697,79.8701],[-49.7868,138.735,39.5835],[-51.7335,177.539,35.8152],[-55.1849,176.12,14.1736],[-54.8058,160.63,13.2175],[[[0.985188,0.0425278,-0.166121],[0.105003,0.616282,0.780494],[0.13557,-0.786376,0.602688]],[[0.9866,0.0339975,-0.159576],[0.155349,0.103199,0.982454],[0.0498691,-0.99408,0.0965349]],[[0.9866,0.0339975,-0.159576],[-0.0438189,0.997329,-0.0584364],[0.157163,0.0646458,0.985455]],[[0.9866,0.0339975,-0.159576],[-0.161319,0.0568676,-0.985263],[-0.0244218,0.997803,0.06159]]],1],[882,[-0.219185,-0.115541,-0.968818],88,60.8817,[-19.7032,158.208,-2.98521],[-30.6794,164.569,7.71708],[-19.854,4.05304,13.2676],false,[-29.7313,88.0145,78.9162],[-29.706,137.708,39.5598],[-22.5705,180.308,32.3299],[-28.2336,177.323,7.29842],[-31.4572,160.574,8.07298],[[[0.962014,-0.169794,-0.213773],[0.273,0.597185,0.754215],[-0.000398782,-0.783926,0.620854]],[[0.961538,-0.194049,-0.194396],[0.221129,0.127063,0.966932],[-0.162931,-0.972728,0.165086]],[[0.961538,-0.194049,-0.194396],[0.165537,0.974164,-0.15363],[0.219185,0.115541,0.968818]],[[0.961538,-0.194049,-0.194396],[-0.199499,-0.00691797,-0.979874],[0.188798,0.980967,-0.0453645]]],2],[883,[-0.352348,-0.882326,-0.312014],88,58.5393,[-15.5967,104.404,-4.07949],[-24.7763,111.187,2.25678],[-5.18709,9.80124,-8.95066],false,[-18.8222,87.2014,76.6959],[-10.3105,130.58,40.8473],[-14.2849,143.265,2.49004],[-23.1534,121.057,-5.36331],[-25.4113,107.569,4.69394],[[[0.928134,-0.327836,-0.176323],[0.340882,0.558234,0.756422],[-0.149553,-0.762167,0.62987]],[[0.932518,-0.302809,-0.196769],[0.347601,0.900365,0.261756],[0.097902,-0.312489,0.944863]],[[0.932518,-0.302809,-0.196769],[-0.0791338,0.360289,-0.929478],[0.352348,0.882326,0.312014]],[[0.932518,-0.302809,-0.196769],[-0.335739,-0.526283,-0.78122],[0.133004,0.794565,-0.592433]]],3],[884,[-0.613928,-0.728578,-0.303753],88,45.8938,[-1.12608,97.2748,15.3386],[-7.91238,109.429,10.7918],[-6.08514,5.37311,-5.63306],false,[-9.06604,80.8954,71.0151],[6.24196,120.419,39.7217],[8.01611,129.683,9.01055],[-2.89402,116.736,3.61255],[-9.4101,106.121,13.1064],[[[0.83542,-0.501545,-0.22478],[0.46653,0.430904,0.772445],[-0.290557,-0.750183,0.593972]],[[0.784904,-0.604293,-0.136953],[0.617152,0.742746,0.259715],[-0.0552225,-0.288372,0.955925]],[[0.784904,-0.604293,-0.136953],[0.0837749,0.322497,-0.942856],[0.613928,0.728578,0.303753]],[[0.784904,-0.604293,-0.136953],[-0.459148,-0.418826,-0.783433],[0.416064,0.677802,-0.606198]]],4]],[[0,200,0],[235.247,235.247,147.751]]],[96593,6413341121,[[88,"right",[0.0468706,0.865085,-0.499431],[-0.121167,-0.491365,-0.862484],[-28.7535,115.66,47.2684],[-13.773,-11.2808,-7.34941],[-21.8966,116.074,36.2335],1,1,0.637617,[[0.905003,0.0115939,-0.425247],[0.120145,0.951967,0.281645],[0.408086,-0.305981,0.86014]],57.8956,[76.4015,-0.618851,285.601],[-23.7103,74.4446,74.5914]]],[[880,[0.214076,0.526645,-0.822688],88,47.3526,[-25.6531,113.652,-7.17599],[-28.7247,114.574,-2.62823],[-12.0891,3.15404,-6.35929],false,[-50.7278,69.5478,69.7993],[-50.7278,69.5478,69.7993],[-47.616,96.7153,33.615],[-40.9842,113.03,8.12888],[-24.8818,113.964,-5.72811],[[[0.516508,0.567678,0.641062],[-0.762078,-0.0366311,0.646449],[0.390458,-0.822435,0.413694]],[[0.44338,0.698067,0.562243],[-0.893704,0.392306,0.217691],[-0.0686083,-0.598998,0.797806]],[[0.44338,0.698067,0.562243],[-0.870394,0.485126,0.0840649],[-0.214076,-0.526645,0.822688]],[[0.44338,0.698067,0.562243],[-0.479575,0.714686,-0.509148],[-0.757246,-0.0438914,0.651653]]],0],[881,[-0.155457,-0.063009,-0.985831],88,53.4322,[-37.4055,158.424,-7.2089],[-54.9824,163.815,13.1218],[-22.5719,-6.54071,5.80255],false,[-40.8534,85.9484,79.6673],[-50.0056,138.571,39.4765],[-52.0607,177.378,35.7873],[-55.4747,175.994,14.1374],[-55.0485,160.507,13.149],[[[0.985319,0.0457426,-0.164484],[0.101985,0.614948,0.781945],[0.136917,-0.78724,0.601254]],[[0.98674,0.0372374,-0.15798],[0.153534,0.101571,0.982909],[0.0526472,-0.994131,0.0945072]],[[0.98674,0.0372374,-0.15798],[-0.046664,0.997318,-0.0563847],[0.155457,0.063009,0.985831]],[[0.98674,0.0372374,-0.15798],[-0.159971,0.0584901,-0.985387],[-0.027453,0.997593,0.0636714]]],1],[882,[-0.217344,-0.114215,-0.96939],88,60.8817,[-19.8112,158.267,-2.88112],[-30.9242,164.526,7.69536],[-21.7578,1.59155,8.86082],false,[-29.864,87.8272,78.7345],[-29.9219,137.603,39.4821],[-22.8996,180.239,32.3512],[-28.5151,177.288,7.30493],[-31.6908,160.528,8.04089],[[[0.962838,-0.166545,-0.212616],[0.270078,0.596395,0.755891],[0.000913151,-0.785223,0.619212]],[[0.962402,-0.19084,-0.193292],[0.219251,0.125711,0.967536],[-0.160345,-0.973538,0.162827]],[[0.962402,-0.19084,-0.193292],[0.162921,0.974954,-0.151398],[0.217344,0.114215,0.96939]],[[0.962402,-0.19084,-0.193292],[-0.197962,-0.00553198,-0.980194],[0.185991,0.981606,-0.0431031]]],2],[883,[-0.349315,-0.88272,-0.314301],88,58.5393,[-15.6654,104.45,-4.03305],[-24.8582,111.165,2.13396],[-6.16408,6.51205,-10.2486],false,[-18.9491,87.0505,76.5297],[-10.5077,130.528,40.7853],[-14.4584,143.277,2.44658],[-23.2506,121.06,-5.46432],[-25.4858,107.544,4.56214],[[[0.92936,-0.324764,-0.17555],[0.33807,0.557637,0.758123],[-0.148318,-0.763917,0.628039]],[[0.933694,-0.299739,-0.195889],[0.344595,0.900848,0.26406],[0.0973171,-0.314053,0.944405]],[[0.933694,-0.299739,-0.195889],[-0.0787069,0.361888,-0.928893],[0.349315,0.88272,0.314301]],[[0.933694,-0.299739,-0.195889],[-0.332986,-0.525666,-0.782813],[0.131668,0.796136,-0.59062]]],3],[884,[-0.612812,-0.728744,-0.305603],88,45.8938,[-1.17448,97.3543,15.3068],[-8.00039,109.417,10.6942],[-6.94591,3.80384,-7.14463],false,[-9.16573,80.7848,70.851],[6.07604,120.418,39.6644],[7.93051,129.689,8.95978],[-2.95978,116.738,3.5289],[-9.49965,106.117,12.9998],[[[0.837228,-0.49864,-0.224516],[0.464063,0.43064,0.774077],[-0.2893,-0.752268,0.591944]],[[0.785506,-0.603969,-0.13491],[0.616156,0.742938,0.261525],[-0.057723,-0.288555,0.955722]],[[0.785506,-0.603969,-0.13491],[0.0862596,0.322728,-0.942553],[0.612812,0.728744,0.305603]],[[0.785506,-0.603969,-0.13491],[-0.456732,-0.418684,-0.78492],[0.417583,0.678177,-0.604732]]],4]],[[0,200,0],[235.247,235.247,147.751]]],[96594,6413349329,[[88,"right",[0.0455064,0.865821,-0.49828],[-0.118694,-0.490577,-0.863276],[-28.8974,115.55,47.1375],[-14.7251,-11.811,-9.53273],[-21.9265,116.072,36.28],1,1,0.637846,[[0.905288,0.014228,-0.42456],[0.11737,0.952156,0.282175],[0.408263,-0.30528,0.860305]],57.8956,[76.3607,-0.578428,285.467],[-23.7944,74.3131,74.4164]]],[[880,[0.212703,0.529159,-0.821431],88,47.3526,[-25.7042,113.654,-7.10033],[-28.8175,114.525,-2.74566],[-12.5889,2.3693,-8.30102],false,[-50.7927,69.3566,69.5781],[-50.7927,69.3566,69.5781],[-47.7014,96.5922,33.4433],[-41.1121,112.985,7.99611],[-24.9934,113.978,-5.83779],[[[0.514176,0.568128,0.642537],[-0.762943,-0.0392928,0.64527],[0.391843,-0.822002,0.413246]],[[0.441019,0.698178,0.563959],[-0.894906,0.389805,0.217245],[-0.0681584,-0.600499,0.796715]],[[0.441019,0.698178,0.563959],[-0.871929,0.482222,0.0848651],[-0.212703,-0.529159,0.821431]],[[0.441019,0.698178,0.563959],[-0.48054,0.7144,-0.508638],[-0.758012,-0.0466858,0.650567]]],0],[881,[-0.153865,-0.0621268,-0.986137],88,53.4322,[-37.5706,158.475,-7.0207],[-55.1944,163.686,13.0139],[-23.4174,-8.93134,0.9605],false,[-40.9729,85.7688,79.4812],[-50.1935,138.42,39.3426],[-52.3387,177.225,35.6998],[-55.7177,175.861,14.0432],[-55.252,160.377,13.0356],[[[0.985447,0.0483429,-0.162963],[0.0993308,0.614214,0.782863],[0.13794,-0.787658,0.600473]],[[0.986874,0.0398636,-0.156492],[0.151851,0.100695,0.983261],[0.0549542,-0.994118,0.0933199]],[[0.986874,0.0398636,-0.156492],[-0.0490333,0.997272,-0.0551777],[0.153865,0.0621268,0.986137]],[[0.986874,0.0398636,-0.156492],[-0.158679,0.0593596,-0.985544],[-0.029998,0.99744,0.0649059]]],1],[882,[-0.21564,-0.113587,-0.969844],88,60.8817,[-19.9269,158.329,-2.77225],[-31.1287,164.459,7.62334],[-22.5556,-0.902688,4.34666],false,[-29.9867,87.6754,78.5671],[-30.1075,137.5,39.3769],[-23.1788,180.162,32.3084],[-28.7503,177.227,7.25042],[-31.886,160.458,7.96203],[[[0.963554,-0.163938,-0.211394],[0.267507,0.596102,0.757035],[0.0019055,-0.785994,0.618231]],[[0.963149,-0.188256,-0.192103],[0.217517,0.12506,0.968012],[-0.15821,-0.974125,0.161401]],[[0.963149,-0.188256,-0.192103],[0.160759,0.975529,-0.149997],[0.21564,0.113587,0.969844]],[[0.963149,-0.188256,-0.192103],[-0.196512,-0.00486181,-0.980489],[0.183649,0.982108,-0.0416773]]],2],[883,[-0.346751,-0.883418,-0.315177],88,58.5393,[-15.7147,104.482,-4.00061],[-24.932,111.085,2.01433],[-6.84342,2.35153,-11.3346],false,[-19.0668,86.928,76.3775],[-10.6782,130.471,40.7],[-14.6082,143.224,2.36059],[-23.3359,120.989,-5.57238],[-25.5545,107.46,4.43955],[[[0.930406,-0.322284,-0.174576],[0.335589,0.557507,0.75932],[-0.14739,-0.765062,0.626863]],[[0.934683,-0.297397,-0.194738],[0.342047,0.901588,0.264846],[0.0968094,-0.314157,0.944422]],[[0.934683,-0.297397,-0.194738],[-0.0783026,0.362117,-0.928838],[0.346751,0.883418,0.315177]],[[0.934683,-0.297397,-0.194738],[-0.330587,-0.525792,-0.783745],[0.130691,0.796931,-0.589764]]],3],[884,[-0.611961,-0.728969,-0.306768],88,45.8938,[-1.21104,97.4135,15.2824],[-8.07524,109.374,10.5917],[-7.40765,1.7686,-8.57999],false,[-9.25977,80.6933,70.7055],[5.93175,120.403,39.5911],[7.86234,129.656,8.88599],[-3.01283,116.701,3.43441],[-9.57724,106.083,12.8915],[[[0.83877,-0.496322,-0.223895],[0.461867,0.430797,0.775302],[-0.288346,-0.75371,0.590574]],[[0.785907,-0.603961,-0.132594],[0.615418,0.743153,0.262649],[-0.0600924,-0.288019,0.955738]],[[0.785907,-0.603961,-0.132594],[0.0886192,0.322234,-0.942503],[0.611961,0.728969,0.306768]],[[0.785907,-0.603961,-0.132594],[-0.454602,-0.418997,-0.785989],[0.41915,0.677991,-0.603855]]],4]],[[0,200,0],[235.247,235.247,147.751]]],[96595,6413358002,[[88,"right",[0.0419765,0.865974,-0.498323],[-0.115199,-0.491242,-0.863372],[-29.1351,115.354,46.9698],[-18.101,-14.6925,-12.1408],[-21.9595,116.068,36.329],1,1,0.639751,[[0.905804,0.0190616,-0.423269],[0.112475,0.952328,0.283586],[0.408496,-0.30448,0.860478]],57.8956,[76.3437,-0.550216,285.353],[-23.8687,74.1449,74.2603]]],[[880,[0.210909,0.530412,-0.821085],88,47.3526,[-25.7575,113.652,-7.02804],[-28.9869,114.312,-2.9],[-14.4849,-4.13138,-10.6663],false,[-50.8365,69.0577,69.3874],[-50.8365,69.0577,69.3874],[-47.8337,96.3133,33.2602],[-41.2999,112.745,7.82376],[-25.1594,113.801,-5.97994],[[[0.51059,0.570676,0.643139],[-0.763585,-0.0429019,0.64428],[0.395267,-0.820054,0.413854]],[[0.437023,0.700192,0.564573],[-0.897011,0.385488,0.216267],[-0.0662078,-0.600941,0.796546]],[[0.437023,0.700192,0.564573],[-0.874373,0.477906,0.0841256],[-0.210909,-0.530412,0.821085]],[[0.437023,0.700192,0.564573],[-0.482565,0.712225,-0.50977],[-0.75904,-0.0496624,0.649147]]],0],[881,[-0.152303,-0.0629539,-0.986327],88,53.4322,[-37.7795,158.533,-6.7904],[-55.6215,163.361,12.8081],[-30.3251,-16.6127,-5.65362],false,[-41.1089,85.5182,79.3013],[-50.5312,138.119,39.1445],[-52.8601,176.914,35.4952],[-56.2049,175.531,13.8344],[-55.6627,160.05,12.8288],[[[0.985414,0.0530804,-0.161685],[0.0953445,0.614774,0.782919],[0.140957,-0.786915,0.600746]],[[0.986868,0.0446412,-0.155235],[0.150105,0.101519,0.983444],[0.0596615,-0.993831,0.0934851]],[[0.986868,0.0446412,-0.155235],[-0.0538035,0.997018,-0.0553282],[0.152303,0.0629539,0.986327]],[[0.986868,0.0446412,-0.155235],[-0.157706,0.058507,-0.985751],[-0.0349228,0.997288,0.0647789]]],1],[882,[-0.213836,-0.114799,-0.970101],88,60.8817,[-20.0756,158.402,-2.63973],[-31.5515,164.244,7.44803],[-29.5081,-7.23091,-2.222],false,[-30.1309,87.4777,78.4013],[-30.4411,137.297,39.205],[-23.7095,179.99,32.1392],[-29.2344,177.024,7.07453],[-32.2898,160.24,7.78545],[[[0.964609,-0.15931,-0.210119],[0.263639,0.597472,0.757312],[0.0048932,-0.785906,0.618327]],[[0.964296,-0.183625,-0.190827],[0.215655,0.126248,0.968274],[-0.153708,-0.974855,0.161341]],[[0.964296,-0.183625,-0.190827],[0.156228,0.97627,-0.149966],[0.213836,0.114799,0.970101]],[[0.964296,-0.183625,-0.190827],[-0.195224,-0.00600288,-0.98074],[0.178943,0.982978,-0.0416366]]],2],[883,[-0.342088,-0.885987,-0.313054],88,58.5393,[-15.7623,104.511,-3.97048],[-25.1069,110.813,1.89098],[-10.3706,-7.10811,-11.7348],false,[-19.2046,86.7827,76.226],[-10.9798,130.362,40.5543],[-14.9419,142.995,2.17845],[-23.5522,120.695,-5.70108],[-25.7163,107.174,4.33339],[[[0.932178,-0.317809,-0.173325],[0.331904,0.559206,0.75969],[-0.144512,-0.765693,0.626762]],[[0.936309,-0.29325,-0.193207],[0.337341,0.903968,0.262758],[0.0975994,-0.3112,0.945319]],[[0.936309,-0.29325,-0.193207],[-0.0793759,0.35921,-0.929875],[0.342088,0.885987,0.313054]],[[0.936309,-0.29325,-0.193207],[-0.327221,-0.528814,-0.783123],[0.12748,0.796467,-0.591091]]],3],[884,[-0.609697,-0.730941,-0.306585],88,45.8938,[-1.24515,97.4669,15.2596],[-8.23746,109.237,10.4594],[-10.2803,-2.6303,-10.3816],false,[-9.36025,80.5948,70.5676],[5.67998,120.373,39.4682],[7.6673,129.558,8.74605],[-3.16763,116.568,3.29773],[-9.73604,105.956,12.7595],[[[0.841447,-0.492293,-0.222743],[0.458771,0.433108,0.775852],[-0.285475,-0.755026,0.590288]],[[0.787473,-0.602651,-0.129222],[0.613237,0.745042,0.262397],[-0.061858,-0.285874,0.956269]],[[0.787473,-0.602651,-0.129222],[0.0903102,0.320213,-0.943031],[0.609697,0.730941,0.306585]],[[0.787473,-0.602651,-0.129222],[-0.451648,-0.421555,-0.786324],[0.419405,0.677572,-0.604149]]],4]],[[0,200,0],[235.247,235.247,147.751]]],[96596,6413367176,[[88,"right",[0.038969,0.865554,-0.499298],[-0.112342,-0.492714,-0.862909],[-29.3207,115.166,46.7865],[-18.6956,-16.3022,-14.3288],[-21.9956,116.064,36.3802],1,1,0.640013,[[0.906212,0.0230439,-0.422196],[0.108443,0.952448,0.284751],[0.408681,-0.303829,0.860621]],57.8956,[76.3429,-0.524547,285.258],[-23.9149,74.0108,74.1306]]],[[880,[0.20892,0.530837,-0.821318],88,47.3526,[-25.8135,113.647,-6.9581],[-29.1275,114.053,-3.06142],[-14.9566,-10.0668,-12.321],false,[-50.8569,68.8087,69.2368],[-50.8569,68.8087,69.2368],[-47.9406,96.0479,33.0901],[-41.4684,112.493,7.64647],[-25.3018,113.574,-6.12471],[[[0.507628,0.573492,0.642978],[-0.764051,-0.045241,0.643567],[0.39817,-0.817961,0.415212]],[[0.433745,0.702425,0.564326],[-0.898738,0.38197,0.215332],[-0.064301,-0.600581,0.796974]],[[0.433745,0.702425,0.564326],[-0.87648,0.474142,0.0834973],[-0.20892,-0.530837,0.821318]],[[0.433745,0.702425,0.564326],[-0.483588,0.70994,-0.511984],[-0.760268,-0.050831,0.647617]]],0],[881,[-0.15108,-0.064699,-0.986402],88,53.4322,[-38.0309,158.598,-6.52219],[-55.9688,163.027,12.5439],[-32.4547,-22.1728,-12.1655],false,[-41.2061,85.32,79.141],[-50.801,137.836,38.9131],[-53.2845,176.616,35.2169],[-56.6024,175.195,13.5544],[-55.9962,159.715,12.5671],[[[0.985353,0.056883,-0.160763],[0.0920678,0.616072,0.782291],[0.14354,-0.785634,0.601811]],[[0.986829,0.0484891,-0.154326],[0.148727,0.103259,0.983472],[0.0636233,-0.993472,0.0946874]],[[0.986829,0.0484891,-0.154326],[-0.0578145,0.996726,-0.0565211],[0.15108,0.064699,0.986402]],[[0.986829,0.0484891,-0.154326],[-0.15698,0.0567387,-0.985971],[-0.0390526,0.997211,0.0636032]]],1],[882,[-0.212407,-0.116862,-0.970168],88,60.8817,[-20.2558,158.485,-2.48741],[-31.8959,163.998,7.20602],[-31.7361,-12.6925,-8.99228],false,[-30.2352,87.323,78.2496],[-30.7078,137.095,38.9946],[-24.1425,179.806,31.8841],[-29.6304,176.787,6.81771],[-32.6182,159.992,7.54665],[[[0.965457,-0.155646,-0.208968],[0.260457,0.599421,0.756873],[0.00745552,-0.785155,0.619254]],[[0.965223,-0.179938,-0.189649],[0.214176,0.128284,0.968335],[-0.149911,-0.975277,0.162361]],[[0.965223,-0.179938,-0.189649],[0.152407,0.976712,-0.151018],[0.212407,0.116862,0.970168]],[[0.965223,-0.179938,-0.189649],[-0.19423,-0.00802191,-0.980923],[0.174984,0.983645,-0.0426922]]],2],[883,[-0.3382,-0.888739,-0.309458],88,58.5393,[-15.8133,104.54,-3.9392],[-25.2499,110.48,1.76186],[-11.8558,-15.8362,-11.9811],false,[-19.304,86.6698,76.0861],[-11.2199,130.24,40.3715],[-15.2196,142.695,1.9413],[-23.732,120.325,-5.84771],[-25.8496,106.827,4.22686],[[[0.933631,-0.314233,-0.17202],[0.328874,0.561435,0.759364],[-0.142039,-0.765538,0.627516]],[[0.937624,-0.290088,-0.191601],[0.333398,0.906487,0.259088],[0.0985253,-0.306806,0.946659]],[[0.937624,-0.290088,-0.191601],[-0.080513,0.354954,-0.93141],[0.3382,0.888739,0.309458]],[[0.937624,-0.290088,-0.191601],[-0.324504,-0.532537,-0.78173],[0.124736,0.795144,-0.593454]]],3],[884,[-0.60825,-0.73273,-0.305186],88,45.8938,[-1.27788,97.5164,15.2374],[-8.3665,109.046,10.3141],[-11.275,-7.44369,-11.8917],false,[-9.42894,80.5151,70.4448],[5.48127,120.318,39.3138],[7.5243,129.388,8.56127],[-3.28492,116.366,3.1378],[-9.86596,105.78,12.6191],[[[0.843657,-0.48914,-0.221324],[0.4562