{"metadata":{"formatVersion":2,"generatedBy":"LeapJS Playback 0.2.1","frames":209,"frameRate":"1.1e+2","modified":"Sun Apr 12 2015 21:25:15 GMT-0300 (E. South America Standard Time)","title":"8"},"frames":[["id","timestamp",{"hands":[["id","type","direction","palmNormal","palmPosition","palmVelocity","stabilizedPalmPosition","pinchStrength","grabStrength","confidence","armBasis","armWidth","elbow","wrist"]]},{"pointables":[["id","direction","handId","length","stabilizedTipPosition","tipPosition","tipVelocity","tool","carpPosition","mcpPosition","pipPosition","dipPosition","btipPosition","bases","type"]]},{"interactionBox":["center","size"]}],[118593,6663346291,[[103,"right",[0.0872355,0.779856,-0.61985],[-0.548142,-0.481983,-0.683544],[-10.9764,170.853,5.46135],[1.4351,-75.8335,-5.25748],[-7.17604,179.338,-0.613829],1,1,0.388418,[[0.801199,-0.323362,-0.503504],[0.533346,0.767415,0.355833],[0.271334,-0.553635,0.787316]],51.0123,[50.8741,16.6985,202.451],[-7.7757,136.369,32.2699]]],[[1030,[-0.159964,0.368003,-0.915961],103,41.7228,[-48.3191,171.689,-33.5165],[-47.5777,170.667,-34.0166],[-1.97441,-65.5951,1.89136],false,[-31.7384,139.18,36.8544],[-31.7384,139.18,36.8544],[-45.8858,159.943,5.77767],[-50.2522,169.988,-19.2243],[-47.8363,172.052,-37.689],[[[0.842019,0.422558,0.335333],[-0.458354,0.23263,0.857785],[0.284455,-0.875973,0.38956]],[[0.678573,0.714894,0.168715],[-0.643592,0.467963,0.60564],[0.354017,-0.519555,0.777647]],[[0.678573,0.714894,0.168715],[-0.716903,0.594558,0.364075],[0.159964,-0.368003,0.915961]],[[0.678573,0.714894,0.168715],[-0.723127,0.690496,-0.0174104],[-0.128944,-0.110188,0.985511]]],0],[1031,[-0.326946,-0.943284,0.0576419],103,47.0795,[-48.3626,167.042,-19.037],[-47.8794,163.56,-19.2587],[11.46,-85.4447,-21.4321],false,[-17.0396,150.827,39.7559],[-24.9546,195.3,1.96195],[-41.947,190.68,-27.5827],[-48.2734,172.427,-26.4673],[-47.8533,161.801,-17.8657],[[[0.834661,-0.262786,-0.484029],[0.534117,0.60064,0.594938],[0.134386,-0.7551,0.641689]],[[0.842375,-0.318532,-0.434673],[0.215227,0.938345,-0.270528],[0.494046,0.134333,0.858996]],[[0.842375,-0.318532,-0.434673],[-0.428381,0.0935584,-0.898742],[0.326946,0.943284,-0.0576419]],[[0.842375,-0.318532,-0.434673],[-0.538015,-0.543083,-0.644671],[-0.0307148,0.776916,-0.628855]]],1],[1032,[-0.477883,-0.868742,0.130061],103,53.6433,[-43.7112,160.176,-23.9439],[-43.0961,156.536,-23.8228],[18.0137,-88.2037,-12.3653],false,[-8.23585,149.439,35.544],[-9.33259,189.161,-3.70682],[-31.4627,185.67,-35.1247],[-42.3419,165.893,-32.1638],[-43.2321,154.694,-22.1579],[[[0.741778,-0.460905,-0.487167],[0.670358,0.530842,0.518486],[0.0196358,-0.711178,0.702738]],[[0.742037,-0.478476,-0.469512],[0.347097,0.873428,-0.341536],[0.573502,0.0904666,0.814194]],[[0.742037,-0.478476,-0.469512],[-0.470116,0.127862,-0.873294],[0.477883,0.868742,-0.130061]],[[0.742037,-0.478476,-0.469512],[-0.667742,-0.465748,-0.580689],[0.0591714,0.744406,-0.665101]]],2],[1033,[-0.477236,-0.805699,0.35085],103,51.5794,[-32.9919,140.709,-13.0101],[-32.4242,139.121,-12.9119],[11.7283,-86.7017,-4.02635],false,[-0.505925,145.778,30.6884],[4.77072,178.146,-7.24926],[-20.3038,164.676,-28.9116],[-30.8876,146.807,-21.1307],[-33.3672,136.405,-10.6722],[[[0.683924,-0.599234,-0.416133],[0.721926,0.473614,0.504493],[-0.105222,-0.645452,0.756519]],[[0.685181,-0.591149,-0.425523],[0.197767,0.713254,-0.672427],[0.70101,0.37658,0.605617]],[[0.685181,-0.591149,-0.425523],[-0.550248,-0.0373212,-0.834167],[0.477236,0.805699,-0.35085]],[[0.685181,-0.591149,-0.425523],[-0.709257,-0.408535,-0.574503],[0.165775,0.695444,-0.699197]]],3],[1034,[-0.605198,-0.703818,0.371989],103,40.4373,[-19.5843,143.536,-14.9122],[-18.5285,141.026,-14.9097],[11.6787,-84.8602,0.847594],false,[3.96448,137.633,24.0924],[15.1723,165.21,-11.5286],[-6.69817,158.689,-28.2761],[-16.1745,147.669,-22.4514],[-19.8166,138.684,-12.6318],[[[0.538401,-0.739873,-0.403376],[0.807361,0.315749,0.498468],[-0.241438,-0.594046,0.767344]],[[0.550378,-0.707534,-0.443259],[0.316492,0.668082,-0.673423],[0.772604,0.23035,0.591627]],[[0.550378,-0.707534,-0.443259],[-0.575169,0.0635246,-0.815564],[0.605198,0.703818,-0.371989]],[[0.550378,-0.707534,-0.443259],[-0.792098,-0.274656,-0.545109],[0.26394,0.651121,-0.711602]]],4]],[[0,200,0],[235.247,235.247,147.751]]],[118594,6663354986,[[103,"right",[0.0932407,0.773908,-0.626396],[-0.560851,-0.478998,-0.675283],[-10.797,169.535,5.12664],[6.55353,-96.0144,-14.1201],[-7.3273,178.929,-0.374026],1,1,0.389362,[[0.791772,-0.339242,-0.507949],[0.546664,0.764548,0.341504],[0.272499,-0.548071,0.790799]],51.0123,[51.0337,16.7397,203.099],[-7.86796,135.207,32.1654]]],[[1030,[-0.165574,0.369893,-0.914202],103,41.7228,[-48.6785,171.144,-33.2019],[-47.9768,170.029,-33.7367],[-13.0074,-65.597,11.1829],false,[-31.7477,138.4,36.9297],[-31.7477,138.4,36.9297],[-46.0057,159.413,6.07229],[-50.5252,169.51,-18.8816],[-48.2443,171.454,-37.3765],[[[0.850867,0.412738,0.325073],[-0.447631,0.245595,0.859831],[0.275049,-0.877115,0.393723]],[[0.692288,0.7038,0.15938],[-0.627249,0.477692,0.615117],[0.356785,-0.525809,0.772159]],[[0.692288,0.7038,0.15938],[-0.702369,0.606502,0.372604],[0.165574,-0.369893,0.914202]],[[0.692288,0.7038,0.15938],[-0.711278,0.702775,-0.0138255],[-0.121739,-0.103792,0.98712]]],0],[1031,[-0.340343,-0.937888,0.0673236],103,47.0795,[-48.3076,166.328,-19.1875],[-48.0108,162.625,-19.2453],[4.58305,-91.656,-15.1535],false,[-16.8577,149.853,39.6202],[-24.4492,194.157,1.56128],[-41.7484,189.583,-27.812],[-48.334,171.435,-26.5093],[-47.997,160.869,-17.8293],[[[0.826626,-0.278457,-0.489031],[0.547792,0.597189,0.585909],[0.128893,-0.752215,0.646188]],[[0.833971,-0.334155,-0.439128],[0.226977,0.93309,-0.278971],[0.502965,0.132982,0.854015]],[[0.833971,-0.334155,-0.439128],[-0.434349,0.0933082,-0.895899],[0.340343,0.937888,-0.0673236]],[[0.833971,-0.334155,-0.439128],[-0.551258,-0.540049,-0.635973],[-0.0246372,0.772456,-0.634591]]],1],[1032,[-0.490703,-0.860261,0.138426],103,53.6433,[-43.6262,159.413,-24.0591],[-43.3549,155.591,-23.8799],[5.40566,-93.7146,-11.1069],false,[-8.11104,148.307,35.3451],[-8.9664,187.75,-4.19217],[-31.3564,184.465,-35.4478],[-42.5274,164.881,-32.2965],[-43.5072,153.767,-22.2046],[[[0.730862,-0.475223,-0.489902],[0.682354,0.524855,0.508842],[0.0153142,-0.70618,0.707867]],[[0.731016,-0.492908,-0.471866],[0.359085,0.865908,-0.348226],[0.580236,0.085118,0.809988]],[[0.731016,-0.492908,-0.471866],[-0.474159,0.130355,-0.870736],[0.490703,0.860261,-0.138426]],[[0.731016,-0.492908,-0.471866],[-0.679246,-0.459643,-0.572148],[0.0651265,0.738763,-0.670812]]],2],[1033,[-0.486016,-0.796077,0.360624],103,51.5794,[-33.0577,139.908,-13.007],[-32.8669,137.979,-12.8364],[-5.0463,-98.3009,-0.516437],false,[-0.476472,144.498,30.4524],[4.94538,176.505,-7.77006],[-20.5039,163.244,-29.1222],[-31.2824,145.589,-21.1245],[-33.8273,135.299,-10.5709],[[[0.671617,-0.612168,-0.417349],[0.732967,0.466783,0.494847],[-0.108118,-0.638251,0.762198]],[[0.672912,-0.604169,-0.426813],[0.20242,0.705363,-0.67933],[0.711488,0.370733,0.596943]],[[0.672912,-0.604169,-0.426813],[-0.557654,-0.0352303,-0.829326],[0.486016,0.796077,-0.360624]],[[0.672912,-0.604169,-0.426813],[-0.719892,-0.402163,-0.565704],[0.170132,0.687928,-0.705556]]],3],[1034,[-0.612512,-0.691914,0.382209],103,40.4373,[-19.554,142.778,-14.9161],[-18.9677,139.67,-14.9572],[-4.93705,-103.433,-0.697288],false,[3.81936,136.241,23.8804],[15.1219,163.388,-12.0393],[-6.98183,157.06,-28.553],[-16.5727,146.226,-22.5683],[-20.2695,137.37,-12.6527],[[[0.524188,-0.750579,-0.402316],[0.816054,0.307652,0.489291],[-0.243478,-0.584792,0.773781]],[[0.536206,-0.718963,-0.442239],[0.32057,0.658126,-0.681253],[0.780844,0.223524,0.583369]],[[0.536206,-0.718963,-0.442239],[-0.580785,0.0659338,-0.811382],[0.612512,0.691914,-0.382209]],[[0.536206,-0.718963,-0.442239],[-0.800445,-0.266822,-0.536743],[0.2679,0.641793,-0.718562]]],4]],[[0,200,0],[235.247,235.247,147.751]]],[118595,6663363720,[[103,"right",[0.0977612,0.77008,-0.630412],[-0.570373,-0.475737,-0.669588],[-10.772,168.611,4.94906],[5.56723,-98.6374,-15.7829],[-7.49014,178.441,-0.122387],1,1,0.395866,[[0.784488,-0.351013,-0.511243],[0.556412,0.762422,0.33033],[0.273833,-0.543601,0.793419]],51.0123,[51.1412,16.8702,203.622],[-8.04874,134.372,32.1213]]],[[1030,[-0.171515,0.374881,-0.911069],103,41.7228,[-49.141,170.948,-32.8072],[-48.4861,169.838,-33.3403],[-25.4106,-51.76,21.6798],false,[-31.8611,137.849,37.022],[-31.8611,137.849,37.022],[-46.2546,159.172,6.44146],[-50.9362,169.404,-18.427],[-48.7946,171.328,-36.9407],[[[0.857408,0.404749,0.317853],[-0.439421,0.254283,0.861539],[0.267883,-0.878361,0.395879]],[[0.702856,0.694576,0.153483],[-0.613405,0.482567,0.62519],[0.360176,-0.533566,0.765232]],[[0.702856,0.694576,0.153483],[-0.690345,0.614026,0.382618],[0.171515,-0.374881,0.911069]],[[0.702856,0.694576,0.153483],[-0.702088,0.712054,-0.00722219],[-0.114304,-0.102682,0.988125]]],0],[1031,[-0.350461,-0.933687,0.0735215],103,47.0795,[-48.3008,165.621,-19.2965],[-48.214,162.03,-19.1729],[-2.70385,-85.6144,-8.68855],false,[-16.8292,149.149,39.5675],[-24.1749,193.366,1.3604],[-41.7017,188.87,-27.8897],[-48.4831,170.803,-26.467],[-48.2093,160.274,-17.7398],[[[0.820384,-0.289698,-0.492997],[0.558046,0.593672,0.579774],[0.124719,-0.750752,0.648704]],[[0.827449,-0.345445,-0.442714],[0.235905,0.92929,-0.284199],[0.509585,0.130722,0.850432]],[[0.827449,-0.345445,-0.442714],[-0.438754,0.0943185,-0.893644],[0.350461,0.933687,-0.0735215]],[[0.827449,-0.345445,-0.442714],[-0.561184,-0.536808,-0.630008],[-0.0200191,0.769744,-0.638039]]],1],[1032,[-0.500461,-0.853776,0.143542],103,53.6433,[-43.6151,158.683,-24.1527],[-43.6488,155.013,-23.8812],[-4.89517,-86.3974,-8.23832],false,[-8.12746,147.487,35.2442],[-8.80041,186.763,-4.46212],[-31.372,183.695,-35.6089],[-42.7652,164.259,-32.3412],[-43.8114,153.2,-22.1957],[[[0.722457,-0.485397,-0.492387],[0.691311,0.519522,0.502181],[0.0120485,-0.703197,0.710893]],[[0.722529,-0.503226,-0.474041],[0.368502,0.86049,-0.3518],[0.584943,0.0795,0.807169]],[[0.722529,-0.503226,-0.474041],[-0.47696,0.133526,-0.868723],[0.500461,0.853776,-0.143543]],[[0.722529,-0.503226,-0.474041],[-0.687834,-0.45429,-0.566131],[0.0695397,0.735108,-0.674374]]],2],[1033,[-0.492597,-0.789092,0.36699],103,51.5794,[-33.2212,139.129,-12.9796],[-33.3107,137.218,-12.742],[-17.3223,-95.0677,2.58444],false,[-0.56654,143.572,30.3203],[4.96377,175.35,-8.0777],[-20.7645,162.28,-29.2119],[-31.689,144.78,-21.0731],[-34.2833,134.563,-10.4607],[[[0.662172,-0.621361,-0.418853],[0.741192,0.460834,0.488125],[-0.110281,-0.633674,0.7657]],[[0.663495,-0.613415,-0.428364],[0.205912,0.700144,-0.683666],[0.719287,0.365404,0.590851]],[[0.663495,-0.613415,-0.428364],[-0.563136,-0.0324854,-0.825726],[0.492597,0.789092,-0.36699]],[[0.663495,-0.613415,-0.428364],[-0.7278,-0.396443,-0.559589],[0.173439,0.683048,-0.709482]]],3],[1034,[-0.617912,-0.683193,0.389143],103,40.4373,[-19.611,141.986,-14.9168],[-19.4108,138.748,-14.9482],[-17.1971,-103.717,-0.103115],false,[3.59628,135.24,23.7582],[14.968,162.103,-12.3527],[-7.30916,155.944,-28.6962],[-16.9845,145.246,-22.6029],[-20.722,136.477,-12.6251],[[[0.513328,-0.758071,-0.402273],[0.822487,0.300773,0.482753],[-0.244968,-0.578675,0.777899]],[[0.525358,-0.726993,-0.442131],[0.323537,0.651262,-0.686427],[0.786971,0.217574,0.577355]],[[0.525358,-0.726993,-0.442131],[-0.584965,0.0687582,-0.808139],[0.617912,0.683193,-0.389143]],[[0.525358,-0.726993,-0.442131],[-0.806624,-0.26012,-0.53075],[0.270845,0.635467,-0.723066]]],4]],[[0,200,0],[235.247,235.247,147.751]]],[118596,6663372290,[[103,"right",[0.101267,0.765779,-0.635081],[-0.580486,-0.472947,-0.66284],[-10.7765,167.923,4.72196],[3.9621,-93.7981,-18.6055],[-7.65694,177.907,0.123492],1,1,0.400508,[[0.777054,-0.363156,-0.514106],[0.566681,0.759142,0.320274],[0.27397,-0.540204,0.795688]],51.0123,[51.0034,17.0273,204.04],[-8.21623,133.794,32.0489]]],[[1030,[-0.179555,0.380746,-0.907079],103,41.7228,[-49.6831,171.04,-32.3624],[-49.117,169.957,-32.8623],[-38.9727,-32.0125,32.4424],false,[-31.9522,137.553,37.1099],[-31.9522,137.553,37.1099],[-46.5678,159.228,6.88443],[-51.4689,169.621,-17.8751],[-49.4914,171.522,-36.4094],[[[0.86408,0.397088,0.309334],[-0.430151,0.263365,0.863486],[0.261412,-0.879181,0.398377]],[[0.713445,0.685245,0.146406],[-0.597691,0.486066,0.637578],[0.365734,-0.542383,0.756346]],[[0.713445,0.685245,0.146406],[-0.677315,0.620864,0.39468],[0.179555,-0.380746,0.907079]],[[0.713445,0.685245,0.146406],[-0.692717,0.72121,0.0000676623],[-0.105543,-0.101466,0.989225]]],0],[1031,[-0.36014,-0.929389,0.0808351],103,47.0795,[-48.3434,164.98,-19.3684],[-48.468,161.647,-19.1003],[-9.6615,-75.0899,-4.00208],false,[-16.781,148.703,39.4845],[-23.9394,192.803,1.10645],[-41.7261,188.362,-27.9948],[-48.6948,170.378,-26.4307],[-48.4702,159.893,-17.6493],[[[0.813481,-0.301018,-0.497631],[0.56875,0.590552,0.572514],[0.12154,-0.748757,0.651607]],[[0.820341,-0.356758,-0.446949],[0.244145,0.925231,-0.290416],[0.51714,0.12912,0.846106]],[[0.820341,-0.356758,-0.446949],[-0.444229,0.0946521,-0.890899],[0.36014,0.929389,-0.0808351]],[[0.820341,-0.356758,-0.446949],[-0.571638,-0.533994,-0.62296],[-0.0164225,0.766534,-0.641994]]],1],[1032,[-0.508499,-0.847552,0.151939],103,53.6433,[-43.6735,158.02,-24.2091],[-44.0001,154.571,-23.8078],[-14.1575,-77.627,-3.37447],false,[-8.13051,146.925,35.1047],[-8.68114,186.005,-4.79702],[-31.5059,183.044,-35.7692],[-43.082,163.749,-32.3102],[-44.1626,152.761,-22.0911],[[[0.713466,-0.495645,-0.495281],[0.700621,0.514577,0.494309],[0.00985847,-0.699676,0.714392]],[[0.713483,-0.513519,-0.476698],[0.375588,0.85464,-0.358504],[0.591503,0.0767442,0.802642]],[[0.713483,-0.513519,-0.476698],[-0.482049,0.133995,-0.865837],[0.508499,0.847552,-0.151939]],[[0.713483,-0.513519,-0.476698],[-0.696982,-0.45041,-0.557985],[0.0718264,0.730362,-0.679273]]],2],[1033,[-0.498411,-0.781877,0.374505],103,51.5794,[-33.4592,138.44,-12.9351],[-33.7928,136.682,-12.6459],[-27.6032,-86.2656,4.95075],false,[-0.649438,142.905,30.1446],[4.93198,174.426,-8.45682],[-21.0932,161.529,-29.3325],[-32.1467,144.189,-21.027],[-34.7738,134.053,-10.3457],[[[0.652281,-0.630577,-0.420598],[0.749761,0.455284,0.480181],[-0.1113,-0.628561,0.769755]],[[0.653618,-0.622691,-0.430162],[0.208322,0.694448,-0.688726],[0.727589,0.360551,0.583624]],[[0.653618,-0.622691,-0.430162],[-0.569535,-0.0303853,-0.821405],[0.498411,0.781877,-0.374505]],[[0.653618,-0.622691,-0.430162],[-0.736163,-0.39119,-0.552299],[0.175637,0.677662,-0.714091]]],3],[1034,[-0.623166,-0.673988,0.396742],103,40.4373,[-19.7479,141.23,-14.9213],[-19.9124,138.056,-14.9664],[-28.1075,-97.1531,-0.725117],false,[3.37401,134.495,23.5945],[14.7608,161.05,-12.7384],[-7.70023,155.052,-28.8887],[-17.4579,144.498,-22.6765],[-21.2331,135.824,-12.6306],[[[0.502106,-0.765588,-0.4022],[0.829289,0.294331,0.475024],[-0.245293,-0.572053,0.782679]],[[0.514009,-0.735288,-0.441753],[0.325894,0.643775,-0.692349],[0.793466,0.211909,0.570532]],[[0.514009,-0.735288,-0.441753],[-0.589456,0.0713568,-0.804643],[0.623166,0.673988,-0.396742]],[[0.514009,-0.735288,-0.441753],[-0.812988,-0.253345,-0.524277],[0.273579,0.628623,-0.728002]]],4]],[[0,200,0],[235.247,235.247,147.751]]],[118597,6663381051,[[103,"right",[0.103388,0.763035,-0.638035],[-0.586809,-0.471148,-0.65854],[-10.7793,167.491,4.57931],[2.81182,-81.8602,-17.982],[-7.82846,177.335,0.368249],1,1,0.402671,[[0.772297,-0.370737,-0.51586],[0.573065,0.757014,0.31389],[0.274143,-0.538037,0.797096]],51.0123,[50.9385,17.1351,204.299],[-8.31849,133.434,32.0044]]],[[1030,[-0.189746,0.391929,-0.900216],103,41.7228,[-50.3053,171.479,-31.8091],[-49.8288,170.542,-32.2093],[-53.1256,-1.73931,46.1816],false,[-32.0042,137.369,37.1657],[-32.0042,137.369,37.1657],[-46.9205,159.518,7.43522],[-52.0998,170.216,-17.137],[-50.3465,172.263,-35.6783],[[[0.868197,0.392244,0.30394],[-0.424248,0.269031,0.864659],[0.257387,-0.87964,0.399981]],[[0.721277,0.677719,0.14303],[-0.583471,0.483214,0.652737],[0.373258,-0.554258,0.74396]],[[0.721277,0.677719,0.14303],[-0.666151,0.622165,0.411284],[0.189746,-0.391929,0.900216]],[[0.721277,0.677719,0.14303],[-0.686296,0.727159,0.0153824],[-0.0935809,-0.109256,0.989599]]],0],[1031,[-0.366221,-0.926596,0.0854491],103,47.0795,[-48.4089,164.407,-19.4181],[-48.6253,161.415,-19.0585],[-11.7869,-62.2721,-1.45315],false,[-16.7472,148.423,39.4321],[-23.7916,192.447,0.945641],[-41.739,188.046,-28.0629],[-48.8254,170.116,-26.4095],[-48.6312,159.66,-17.5931],[[[0.809056,-0.308093,-0.500507],[0.575433,0.588538,0.56789],[0.119604,-0.747463,0.653447]],[[0.815796,-0.363882,-0.449518],[0.249382,0.922614,-0.294266],[0.52181,0.127959,0.84341]],[[0.815796,-0.363882,-0.449518],[-0.447616,0.0949138,-0.889175],[0.366221,0.926596,-0.0854491]],[[0.815796,-0.363882,-0.449518],[-0.578166,-0.532204,-0.618452],[-0.0141919,0.764427,-0.644554]]],1],[1032,[-0.513394,-0.843589,0.157427],103,53.6433,[-43.7624,157.425,-24.2426],[-44.2163,154.299,-23.7594],[-16.8031,-65.508,-0.554606],false,[-8.12986,146.574,35.0171],[-8.60778,185.528,-5.0081],[-31.5909,182.632,-35.8692],[-43.2784,163.428,-32.2853],[-44.3772,152.488,-22.0173],[[[0.707746,-0.502033,-0.497051],[0.706416,0.511425,0.489307],[0.00855664,-0.697429,0.716603]],[[0.707729,-0.519967,-0.478282],[0.379965,0.850884,-0.362798],[0.595605,0.0750321,0.799765]],[[0.707729,-0.519967,-0.478282],[-0.485331,0.134131,-0.863981],[0.513394,0.843589,-0.157427]],[[0.707729,-0.519967,-0.478282],[-0.702699,-0.448106,-0.552644],[0.0730357,0.72721,-0.682518]]],2],[1033,[-0.502016,-0.777302,0.379186],103,51.5794,[-33.7114,137.847,-12.8867],[-34.0965,136.346,-12.5854],[-29.4753,-73.1926,5.52038],false,[-0.69974,142.487,30.0346],[4.90952,173.845,-8.69489],[-21.3004,161.06,-29.4072],[-32.4338,143.821,-20.9978],[-35.0815,133.735,-10.274],[[[0.646011,-0.636308,-0.421642],[0.755088,0.451757,0.475139],[-0.111855,-0.625321,0.772309]],[[0.647355,-0.62846,-0.431241],[0.209769,0.690848,-0.6919],[0.732754,0.357444,0.579056]],[[0.647355,-0.62846,-0.431241],[-0.573507,-0.0289786,-0.818688],[0.502016,0.777302,-0.379186]],[[0.647355,-0.62846,-0.431241],[-0.741349,-0.387782,-0.547747],[0.17701,0.674287,-0.716941]]],3],[1034,[-0.626833,-0.667895,0.401244],103,40.4373,[-19.9209,140.529,-14.9287],[-20.2404,137.626,-14.9811],[-30.6113,-83.7847,-1.16016],false,[3.23576,134.029,23.4928],[14.6276,160.39,-12.9797],[-7.94576,154.494,-29.0108],[-17.7608,144.036,-22.7281],[-21.5685,135.423,-12.6419],[[[0.495021,-0.770244,-0.402093],[0.833506,0.290256,0.470126],[-0.245402,-0.567869,0.785686]],[[0.506759,-0.740646,-0.441179],[0.327557,0.6388,-0.696162],[0.797434,0.208275,0.566321]],[[0.506759,-0.740646,-0.441179],[-0.591841,0.0732115,-0.802723],[0.626833,0.667895,-0.401244]],[[0.506759,-0.740646,-0.441179],[-0.816734,-0.248665,-0.520684],[0.275937,0.624187,-0.730923]]],4]],[[0,200,0],[235.247,235.247,147.751]]],[118598,6663389625,[[103,"right",[0.107822,0.751372,-0.65101],[-0.6001,-0.472888,-0.64518],[-10.759,166.866,4.24124],[2.69639,-79.5166,-23.6327],[-7.99164,176.752,0.583915],1,1,0.403252,[[0.761748,-0.388092,-0.518772],[0.588136,0.750071,0.302473],[0.271729,-0.535517,0.799616]],51.0123,[50.2274,17.4563,205.016],[-8.50776,133.21,32.1758]]],[[1030,[-0.200572,0.394039,-0.896941],103,41.7228,[-51.0099,171.912,-31.1946],[-50.7126,170.952,-31.4613],[-68.4589,15.5184,59.35],false,[-32.0815,137.567,37.5079],[-32.0815,137.567,37.5079],[-47.3276,160.048,8.19631],[-52.8024,170.803,-16.2865],[-51.3762,172.798,-34.8615],[[[0.876735,0.384383,0.289111],[-0.411606,0.288643,0.864445],[0.248828,-0.876889,0.411278]],[[0.735354,0.6655,0.127925],[-0.560093,0.490561,0.667567],[0.381511,-0.562548,0.733478]],[[0.735354,0.6655,0.127925],[-0.647322,0.633911,0.423239],[0.200572,-0.394039,0.896942]],[[0.735354,0.6655,0.127925],[-0.673395,0.738767,0.0276219],[-0.0761244,-0.106456,0.991399]]],0],[1031,[-0.378739,-0.919686,0.103605],103,47.0795,[-48.5166,163.872,-19.4341],[-48.9245,160.988,-18.937],[-17.721,-59.437,2.60441],false,[-16.6461,148.434,39.4484],[-23.4497,191.947,0.342116],[-41.7432,187.363,-28.4209],[-49.0719,169.567,-26.4161],[-48.9396,159.251,-17.4358],[[[0.799477,-0.327545,-0.503539],[0.589486,0.588996,0.552802],[0.115514,-0.738782,0.663972]],[[0.805945,-0.382772,-0.451594],[0.25992,0.914181,-0.31099],[0.531877,0.133263,0.83627]],[[0.805945,-0.382772,-0.451594],[-0.454982,0.0875367,-0.886188],[0.378739,0.919686,-0.103605]],[[0.805945,-0.382772,-0.451594],[-0.591911,-0.533499,-0.604169],[-0.00966647,0.754231,-0.656538]]],1],[1032,[-0.524315,-0.833297,0.175241],103,53.6433,[-43.9142,156.859,-24.2384],[-44.6542,153.771,-23.5975],[-25.6893,-64.9615,4.46289],false,[-8.1011,146.391,34.9783],[-8.42707,184.717,-5.65114],[-31.7332,181.714,-36.2587],[-43.6694,162.744,-32.2693],[-44.8231,151.986,-21.8163],[[[0.695447,-0.519924,-0.496016],[0.718553,0.508778,0.474158],[0.00583614,-0.686166,0.727422]],[[0.69536,-0.537779,-0.476726],[0.389467,0.839487,-0.378915],[0.603978,0.0778133,0.793193]],[[0.69536,-0.537779,-0.476726],[-0.491496,0.128099,-0.861407],[0.524315,0.833297,-0.175241]],[[0.69536,-0.537779,-0.476726],[-0.714558,-0.44659,-0.538483],[0.0766836,0.715089,-0.694815]]],2],[1033,[-0.509347,-0.763946,0.396172],103,51.5794,[-34.0336,137.295,-12.7607],[-34.699,135.791,-12.2049],[-40.2932,-70.724,15.9796],false,[-0.780808,142.12,29.9879],[4.8841,172.784,-9.28606],[-21.713,160.057,-29.5359],[-33.0089,143.115,-20.7499],[-35.6951,133.236,-9.84453],[[[0.632566,-0.652097,-0.417887],[0.766224,0.448199,0.460455],[-0.112965,-0.611463,0.783168]],[[0.633926,-0.644418,-0.427625],[0.212674,0.676855,-0.704725],[0.743577,0.355799,0.566127]],[[0.633926,-0.644418,-0.427625],[-0.581982,-0.0333345,-0.812518],[0.509347,0.763946,-0.396172]],[[0.633926,-0.644418,-0.427625],[-0.752255,-0.385385,-0.534407],[0.179581,0.660457,-0.729073]]],3],[1034,[-0.632346,-0.651848,0.418608],103,40.4373,[-20.1687,139.833,-14.8864],[-20.8627,136.83,-14.7302],[-41.5659,-85.8075,7.44957],false,[2.96723,133.505,23.5421],[14.3653,159.124,-13.4533],[-8.45746,153.286,-29.149],[-18.3588,143.079,-22.5943],[-22.1937,134.69,-12.3309],[[[0.479884,-0.783516,-0.394733],[0.842273,0.285524,0.457223],[-0.245536,-0.551887,0.796952]],[[0.491446,-0.755248,-0.433683],[0.32932,0.622146,-0.710269],[0.806244,0.206238,0.55447]],[[0.491446,-0.755248,-0.433683],[-0.598849,0.0685144,-0.797926],[0.632346,0.651848,-0.418608]],[[0.491446,-0.755248,-0.433683],[-0.825378,-0.245,-0.508651],[0.277905,0.607927,-0.74377]]],4]],[[0,200,0],[235.247,235.247,147.751]]],[118599,6663398274,[[103,"right",[0.110346,0.73511,-0.668908],[-0.619845,-0.475199,-0.624482],[-10.7948,166.18,3.51491],[0.881605,-79.4427,-39.6512],[-8.14738,176.165,0.746753],1,1,0.378449,[[0.746384,-0.411987,-0.522664],[0.609103,0.739316,0.287062],[0.268148,-0.532614,0.802757]],51.0123,[49.281,17.9672,205.65],[-8.68018,133.094,32.1314]]],[[1030,[-0.209819,0.38849,-0.897247],103,41.7228,[-51.6978,172.27,-30.6753],[-51.5941,171.208,-30.9626],[-75.1578,22.2941,59.8782],false,[-32.0733,138.007,37.767],[-32.0733,138.007,37.767],[-47.5906,160.709,8.77057],[-53.3178,171.314,-15.7206],[-52.2746,173.107,-34.3416],[[[0.888572,0.373904,0.265774],[-0.391127,0.314769,0.864835],[0.239708,-0.87242,0.425939]],[[0.753676,0.648853,0.104695],[-0.53028,0.506208,0.680115],[0.388297,-0.568104,0.725592]],[[0.753676,0.648853,0.104695],[-0.622855,0.654267,0.428937],[0.209819,-0.38849,0.897247]],[[0.753676,0.648853,0.104695],[-0.654883,0.754873,0.0359935],[-0.0556769,-0.0956905,0.993853]]],0],[1031,[-0.393991,-0.909893,0.129871],103,47.0795,[-48.7057,163.353,-19.4396],[-49.4589,160.547,-18.8935],[-29.3165,-57.7065,3.09108],false,[-16.4086,148.62,39.2088],[-23.0862,191.407,-0.711929],[-41.9515,186.565,-29.0603],[-49.5753,168.959,-26.5473],[-49.479,158.838,-17.3468],[[[0.784425,-0.353238,-0.509805],[0.609773,0.589483,0.529798],[0.113377,-0.726452,0.6778]],[[0.790786,-0.407594,-0.456645],[0.27167,0.902249,-0.334875],[0.548501,0.140758,0.824217]],[[0.790786,-0.407594,-0.456645],[-0.468433,0.0772141,-0.880119],[0.393991,0.909893,-0.129871]],[[0.790786,-0.407594,-0.456645],[-0.612053,-0.535131,-0.58226],[-0.00703902,0.739934,-0.672643]]],1],[1032,[-0.53758,-0.81896,0.20078],103,53.6433,[-44.1768,156.294,-24.2251],[-45.3912,153.219,-23.5311],[-41.4662,-65.1629,4.86562],false,[-7.98165,146.322,34.6398],[-8.30601,183.768,-6.80089],[-32.1471,180.627,-36.9795],[-44.3852,161.983,-32.4087],[-45.5654,151.475,-21.7075],[[[0.677009,-0.543419,-0.496342],[0.735952,0.505185,0.450735],[0.00580727,-0.670436,0.741945]],[[0.676922,-0.561129,-0.476352],[0.400063,0.823715,-0.401801],[0.61784,0.0814174,0.782077]],[[0.676922,-0.561129,-0.476352],[-0.502776,0.120165,-0.856024],[0.53758,0.81896,-0.20078]],[[0.676922,-0.561129,-0.476352],[-0.731862,-0.444136,-0.516838],[0.0784476,0.698483,-0.711314]]],2],[1033,[-0.516539,-0.745582,0.421065],103,51.5794,[-34.4789,136.755,-12.5835],[-35.5947,135.214,-11.8506],[-57.2188,-69.4204,22.9581],false,[-0.82925,141.808,29.6198],[4.71747,171.512,-10.4013],[-22.4572,158.86,-29.9178],[-33.9127,142.325,-20.5797],[-36.594,132.732,-9.42057],[[[0.613066,-0.672682,-0.414306],[0.782251,0.44344,0.437543],[-0.110608,-0.592334,0.798064]],[[0.614398,-0.665238,-0.424232],[0.212917,0.657531,-0.722717],[0.759725,0.35371,0.545626]],[[0.614398,-0.665238,-0.424232],[-0.596408,-0.039569,-0.801705],[0.516539,0.745582,-0.421065]],[[0.614398,-0.665238,-0.424232],[-0.768363,-0.382319,-0.513274],[0.179258,0.641319,-0.746041]]],3],[1034,[-0.636943,-0.630068,0.444204],103,40.4373,[-20.5427,139.095,-14.8231],[-21.801,135.934,-14.5996],[-59.1794,-90.1054,10.2823],false,[2.64656,132.988,23.2998],[13.8711,157.59,-14.4313],[-9.33332,151.827,-29.5855],[-19.3067,141.961,-22.6301],[-23.1228,133.879,-12.1167],[[[0.458409,-0.800678,-0.385715],[0.855216,0.27933,0.436554],[-0.241797,-0.529991,0.8128]],[[0.469581,-0.774071,-0.424626],[0.327937,0.599465,-0.730136],[0.819726,0.203608,0.535344]],[[0.469581,-0.774071,-0.424626],[-0.611389,0.0618732,-0.788908],[0.636943,0.630068,-0.444204]],[[0.469581,-0.774071,-0.424626],[-0.83846,-0.240339,-0.489103],[0.276546,0.585706,-0.761886]]],4]],[[0,200,0],[235.247,235.247,147.751]]],[118600,6663407019,[[103,"right",[0.12202,0.713038,-0.690426],[-0.669933,-0.454091,-0.58736],[-11.0484,164.704,2.5264],[-7.12587,-103.384,-59.3154],[-8.31291,175.511,0.848299],1,1,0.3865,[[0.704666,-0.473179,-0.528723],[0.658295,0.714035,0.238332],[0.264753,-0.516,0.814647]],51.0123,[47.6899,20.6543,207.917],[-9.53742,132.19,31.8284]]],[[1030,[-0.22616,0.389067,-0.893017],103,41.7228,[-52.6139,172.849,-29.9465],[-53.0826,172.032,-29.9],[-95.2567,44.6168,76.8675],false,[-32.3777,138.502,38.279],[-32.3777,138.502,38.279],[-47.8824,161.825,9.77238],[-54.0556,172.445,-14.6033],[-53.7597,173.968,-33.2752],[[[0.917702,0.330324,0.220702],[-0.337388,0.35473,0.871972],[0.209743,-0.874673,0.436984]],[[0.794691,0.603857,0.0618288],[-0.466837,0.542892,0.698091],[0.387981,-0.583631,0.713334]],[[0.794691,0.603857,0.0618288],[-0.56331,0.695689,0.445756],[0.22616,-0.389067,0.893016]],[[0.794691,0.603857,0.0618288],[-0.606809,0.79294,0.05504],[-0.0157902,-0.0812581,0.996568]]],0],[1031,[-0.436968,-0.883736,0.167541],103,47.0795,[-49.1131,162.975,-19.3118],[-50.855,160.729,-18.1808],[-63.8955,-37.2044,23.9396],false,[-16.1169,148.269,38.8323],[-22.1256,190.468,-1.81329],[-42.3769,186.057,-29.2614],[-50.8323,168.957,-26.0194],[-50.9021,159.052,-16.5857],[[[0.742417,-0.406904,-0.532208],[0.662125,0.566643,0.490415],[0.10202,-0.716481,0.690107]],[[0.748043,-0.460476,-0.477905],[0.306184,0.878358,-0.367068],[0.588798,0.128256,0.79804]],[[0.748043,-0.460476,-0.477905],[-0.499491,0.0835018,-0.862286],[0.436968,0.883736,-0.167541]],[[0.748043,-0.460476,-0.477905],[-0.663631,-0.513479,-0.543997],[0.00510328,0.724086,-0.689691]]],1],[1032,[-0.572183,-0.78349,0.242384],103,53.6433,[-44.7541,155.821,-24.0799],[-47.3402,153.152,-22.8274],[-89.2196,-50.3561,25.2576],false,[-8.02289,145.411,33.9853],[-8.04417,181.898,-8.30444],[-33.2078,179.473,-37.4579],[-46.2337,161.636,-31.94],[-47.5082,151.466,-20.9279],[[[0.625548,-0.590559,-0.509833],[0.780186,0.473826,0.408411],[0.000381065,-0.653245,0.757147]],[[0.625329,-0.60801,-0.48917],[0.428615,0.791438,-0.435792],[0.652114,0.0628476,0.755512]],[[0.625329,-0.60801,-0.48917],[-0.530632,0.128325,-0.837832],[0.572183,0.78349,-0.242384]],[[0.625329,-0.60801,-0.48917],[-0.775749,-0.416285,-0.474258],[0.0847198,0.676041,-0.731978]]],2],[1033,[-0.53825,-0.706658,0.459262],103,51.5794,[-35.4036,136.251,-12.265],[-38.1068,134.812,-11.0808],[-119.355,-62.4557,41.0322],false,[-1.33868,140.402,28.7928],[4.13867,168.869,-12.1272],[-24.464,157.303,-30.2254],[-36.401,141.631,-20.0402],[-39.1342,132.447,-8.55492],[[[0.55818,-0.71428,-0.422183],[0.822499,0.409356,0.39487],[-0.109224,-0.567654,0.81599]],[[0.5595,-0.707139,-0.432335],[0.217999,0.628808,-0.746376],[0.799648,0.323349,0.505974]],[[0.5595,-0.707139,-0.432335],[-0.630275,-0.0242524,-0.775993],[0.53825,0.706658,-0.459262]],[[0.5595,-0.707139,-0.432335],[-0.808437,-0.350609,-0.47276],[0.182727,0.614025,-0.767844]]],3],[1034,[-0.650961,-0.58351,0.485558],103,40.4373,[-21.3849,138.21,-14.714],[-24.4309,134.712,-14.3637],[-123.813,-102.444,15.8698],false,[1.39124,131.267,22.5539],[12.3529,154.38,-16.1832],[-11.7451,149.546,-30.2272],[-21.938,140.41,-22.6242],[-25.7484,132.796,-11.7648],[[[0.398162,-0.832933,-0.384305],[0.886401,0.241507,0.394927],[-0.236135,-0.497894,0.834471]],[[0.408888,-0.808443,-0.423356],[0.328795,0.56326,-0.758045],[0.851296,0.170758,0.496123]],[[0.408888,-0.808443,-0.423356],[-0.639578,0.0770496,-0.764855],[0.650961,0.58351,-0.485558]],[[0.408888,-0.808443,-0.423356],[-0.869804,-0.204874,-0.448851],[0.276136,0.551767,-0.786958]]],4]],[[0,200,0],[235.247,235.247,147.751]]],[118601,6663415657,[[103,"right",[0.128658,0.694404,-0.70799],[-0.709649,-0.434218,-0.554845],[-11.4367,163.745,1.76996],[-17.155,-105.422,-66.8076],[-8.49028,174.843,0.900632],1,1,0.392748,[[0.66701,-0.520756,-0.532832],[0.695857,0.690985,0.195762],[0.266235,-0.50135,0.823266]],51.0123,[47.2306,23.3566,209.581],[-10.3171,131.725,31.6295]]],[[1030,[-0.239968,0.390385,-0.888828],103,41.7228,[-53.5103,173.56,-29.1654],[-54.261,172.981,-28.9372],[-100.576,62.9795,85.9511],false,[-32.6147,139.164,38.7434],[-32.6147,139.164,38.7434],[-48.0675,163,10.635],[-54.6177,173.656,-13.6264],[-54.8855,174.884,-32.3204],[[[0.938579,0.292978,0.182302],[-0.290333,0.384986,0.876067],[0.186485,-0.875186,0.446401]],[[0.824957,0.564631,0.0252693],[-0.412217,0.570479,0.710374],[0.386683,-0.596444,0.703371]],[[0.824957,0.564631,0.0252693],[-0.511724,0.727181,0.457544],[0.239968,-0.390385,0.888828]],[[0.824957,0.564631,0.0252693],[-0.565015,0.822738,0.0621363],[0.0142941,-0.0655373,0.997748]]],0],[1031,[-0.473318,-0.858782,0.196121],103,47.0795,[-49.6502,162.789,-19.1185],[-52.1059,161.317,-17.612],[-85.6051,-9.01777,33.9977],false,[-15.9311,148.205,38.5427],[-21.5183,189.895,-2.68411],[-42.809,186.034,-29.4193],[-51.9677,169.416,-25.6243],[-52.1982,159.69,-16.0096],[[[0.704477,-0.449072,-0.549588],[0.703359,0.545252,0.456056],[0.0948622,-0.707838,0.699976]],[[0.709773,-0.503663,-0.492489],[0.336214,0.856575,-0.391459],[0.619017,0.112266,0.777312]],[[0.709773,-0.503663,-0.492489],[-0.52172,0.0939024,-0.847933],[0.473318,0.858782,-0.196121]],[[0.709773,-0.503663,-0.492489],[-0.704229,-0.490615,-0.513186],[0.0168502,0.71107,-0.702919]]],1],[1032,[-0.596098,-0.752852,0.279072],103,53.6433,[-45.5232,155.485,-23.8187],[-49.0429,153.396,-22.0709],[-117.248,-30.826,42.7515],false,[-8.14757,144.903,33.4748],[-8.06612,180.59,-9.49115],[-34.3304,178.756,-37.7017],[-47.9008,161.617,-31.3485],[-49.197,151.733,-20.0811],[[[0.580519,-0.626903,-0.519606],[0.814245,0.445808,0.371833],[-0.00145842,-0.638943,0.769253]],[[0.580261,-0.644171,-0.498338],[0.447244,0.763402,-0.466036],[0.680639,0.0475443,0.731074]],[[0.580261,-0.644171,-0.498338],[-0.554945,0.135123,-0.82084],[0.596098,0.752852,-0.279072]],[[0.580261,-0.644171,-0.498338],[-0.80986,-0.391651,-0.436733],[0.0861559,0.657003,-0.748949]]],2],[1033,[-0.552282,-0.673619,0.491144],103,51.5794,[-36.6148,135.874,-11.8382],[-40.2562,134.847,-10.3125],[-154.026,-44.2258,54.2698],false,[-1.87829,139.509,28.1523],[3.38929,166.965,-13.4793],[-26.3173,156.365,-30.3491],[-38.5655,141.426,-19.4569],[-41.2935,132.578,-7.7088],[[[0.510933,-0.745907,-0.427282],[0.853179,0.379285,0.358092],[-0.105041,-0.547509,0.830181]],[[0.512205,-0.739013,-0.437614],[0.21886,0.605015,-0.765544],[0.83051,0.296339,0.471632]],[[0.512205,-0.739013,-0.437614],[-0.657747,-0.00988037,-0.753174],[0.552282,0.673619,-0.491144]],[[0.512205,-0.739013,-0.437614],[-0.839276,-0.32248,-0.437748],[0.18238,0.591495,-0.785412]]],3],[1034,[-0.658355,-0.544649,0.519544],103,40.4373,[-22.6055,137.309,-14.5464],[-26.7269,134.082,-14.0452],[-161.333,-93.8223,22.1555],false,[0.224646,130.151,22.0016],[10.81,152.054,-17.5346],[-13.9631,148.04,-30.6301],[-24.2718,139.512,-22.495],[-28.0277,132.279,-11.3594],[[[0.347301,-0.856609,-0.38158],[0.909607,0.20878,0.359203],[-0.22803,-0.47184,0.851686]],[[0.357556,-0.833677,-0.420875],[0.325996,0.533739,-0.780288],[0.875146,0.141793,0.462617]],[[0.357556,-0.833677,-0.420875],[-0.662361,0.0913194,-0.743598],[0.658355,0.544649,-0.519544]],[[0.357556,-0.833677,-0.420875],[-0.893348,-0.173982,-0.414319],[0.272184,0.52413,-0.806972]]],4]],[[0,200,0],[235.247,235.247,147.751]]],[118602,6663424433,[[103,"right",[0.130119,0.672282,-0.72877],[-0.745876,-0.417899,-0.518681],[-11.8351,162.756,1.0251],[-24.7452,-107.371,-71.6631],[-8.68431,174.141,0.907853],1,1,0.44638,[[0.629447,-0.564602,-0.533874],[0.729649,0.665741,0.156209],[0.267226,-0.487866,0.83101]],51.0123,[46.8676,25.9551,211.222],[-10.8942,131.409,31.596]]],[[1030,[-0.254343,0.385023,-0.887168],103,41.7228,[-54.3585,174.208,-28.4012],[-55.2996,173.567,-28.0835],[-99.7173,64.8791,87.6215],false,[-32.6085,139.9,39.311],[-32.6085,139.9,39.311],[-48.0334,163.979,11.3955],[-54.9759,174.489,-12.8205],[-55.8884,175.433,-31.5106],[[[0.955389,0.259075,0.141819],[-0.242948,0.416302,0.876167],[0.167953,-0.871535,0.460672]],[[0.849677,0.527095,-0.0148406],[-0.359256,0.599264,0.715414],[0.385984,-0.602539,0.698543]],[[0.849677,0.527095,-0.0148406],[-0.461908,0.757581,0.461208],[0.254343,-0.385023,0.887168]],[[0.849677,0.527095,-0.0148406],[-0.52505,0.84831,0.068506],[0.0486986,-0.0504159,0.99754]]],0],[1031,[-0.502988,-0.832839,0.231045],103,47.0795,[-50.2742,162.705,-18.8598],[-53.2396,161.678,-16.981],[-97.2404,4.79931,43.4221],false,[-15.6001,148.255,38.3008],[-21.034,189.182,-3.7041],[-43.31,185.71,-29.679],[-53.0428,169.594,-25.2082],[-53.3462,160.12,-15.3468],[[[0.665826,-0.48951,-0.563077],[0.740381,0.526806,0.417505],[0.0922593,-0.694878,0.713185]],[[0.671147,-0.544805,-0.502742],[0.360684,0.832463,-0.420609],[0.647664,0.100959,0.755207]],[[0.671147,-0.544805,-0.502742],[-0.544578,0.0978079,-0.832987],[0.502988,0.832839,-0.231045]],[[0.671147,-0.544805,-0.502742],[-0.740993,-0.47272,-0.476933],[0.0221788,0.69262,-0.720961]]],1],[1032,[-0.614777,-0.721625,0.318286],103,53.6433,[-46.4537,155.204,-23.4484],[-50.6538,153.4,-21.223],[-134.992,-23.2242,56.9092],false,[-8.14177,144.528,33.0425],[-8.2147,179.19,-10.7544],[-35.5323,177.774,-37.9712],[-49.5278,161.346,-30.7254],[-50.7997,151.785,-19.1796],[[[0.536131,-0.661477,-0.524415],[0.844134,0.421081,0.331857],[0.00130561,-0.620595,0.78413]],[[0.535964,-0.678304,-0.50264],[0.459971,0.733864,-0.499871],[0.707934,0.036713,0.705324]],[[0.535964,-0.678304,-0.50264],[-0.578612,0.138422,-0.803771],[0.614777,0.721625,-0.318286]],[[0.535964,-0.678304,-0.50264],[-0.839997,-0.368833,-0.397954],[0.0845437,0.635505,-0.767454]]],2],[1033,[-0.560329,-0.63944,0.526449],103,51.5794,[-38.0403,135.56,-11.2613],[-42.1985,134.77,-9.32951],[-172.377,-34.1696,70.3624],false,[-2.28718,138.765,27.6344],[2.54282,165.027,-14.8127],[-28.1505,155.249,-30.3608],[-40.5771,141.068,-18.6856],[-43.2263,132.608,-6.63822],[[[0.465309,-0.775442,-0.426823],[0.879892,0.352747,0.318369],[-0.0963156,-0.523698,0.846442]],[[0.466476,-0.768841,-0.43736],[0.214644,0.578064,-0.787255],[0.858096,0.273359,0.43468]],[[0.466476,-0.768841,-0.43736],[-0.684421,-0.000510436,-0.729087],[0.560329,0.63944,-0.526449]],[[0.466476,-0.768841,-0.43736],[-0.866621,-0.298248,-0.400019],[0.177109,0.565625,-0.80542]]],3],[1034,[-0.659194,-0.505223,0.556968],103,40.4373,[-24.1866,136.347,-14.2523],[-28.8581,133.368,-13.4682],[-182.714,-89.8183,35.0507],false,[-0.779126,129.192,21.6425],[9.21842,149.741,-18.7642],[-16.1665,146.403,-30.8379],[-26.4883,138.492,-22.1168],[-30.1111,131.685,-10.6731],[[[0.299212,-0.878395,-0.372685],[0.929564,0.180181,0.321628],[-0.215366,-0.44267,0.870437]],[[0.308757,-0.857209,-0.412143],[0.317011,0.501284,-0.805121],[0.896757,0.117933,0.426519]],[[0.308757,-0.857209,-0.412143],[-0.685662,0.0997143,-0.721058],[0.659194,0.505223,-0.556968]],[[0.308757,-0.857209,-0.412143],[-0.91419,-0.147851,-0.377354],[0.262535,0.493288,-0.829302]]],4]],[[0,200,0],[235.247,235.247,147.751]]],[118603,6663432976,[[103,"right",[0.129215,0.654591,-0.744859],[-0.771372,-0.405671,-0.490322],[-12.2271,162.141,0.55441],[-30.2981,-98.0735,-67.3118],[-8.88267,173.47,0.888063],1,1,0.412493,[[0.600075,-0.594765,-0.534944],[0.753157,0.645413,0.127269],[0.269565,-0.479267,0.835247]],51.0123,[46.9247,27.7574,212.231],[-11.3427,131.353,31.6895]]],[[1030,[-0.265113,0.383077,-0.884855],103,41.7228,[-55.034,174.819,-27.7003],[-56.0133,174.234,-27.2996],[-90.308,68.74,87.5625],false,[-32.5875,140.611,39.8182],[-32.5875,140.611,39.8182],[-47.9505,164.919,12.0677],[-55.1869,175.376,-12.0852],[-56.5342,176.051,-30.7606],[[[0.965895,0.233877,0.111121],[-0.206949,0.439353,0.874152],[0.155623,-0.867335,0.472769]],[[0.866676,0.496879,-0.0445541],[-0.317938,0.618959,0.718196],[0.384433,-0.608277,0.694413]],[[0.866676,0.496879,-0.0445541],[-0.422598,0.778694,0.463732],[0.265113,-0.383077,0.884855]],[[0.866676,0.496879,-0.0445541],[-0.493662,0.867071,0.066974],[0.0719095,-0.03605,0.996759]]],0],[1031,[-0.522871,-0.81225,0.258565],103,47.0795,[-50.8961,162.701,-18.5741],[-54.1175,162.054,-16.4285],[-98.6241,15.1824,48.5203],false,[-15.3823,148.45,38.191],[-20.7962,188.73,-4.43657],[-43.7777,185.529,-29.8251],[-53.8953,169.812,-24.8218],[-54.2289,160.547,-14.7651],[[[0.635977,-0.518957,-0.571154],[0.766214,0.512795,0.387244],[0.0919213,-0.683904,0.723758]],[[0.641459,-0.574698,-0.508186],[0.376924,0.813056,-0.443698],[0.668176,0.0930663,0.73816]],[[0.641459,-0.574698,-0.508186],[-0.561371,0.0998568,-0.821518],[0.522871,0.81225,-0.258565]],[[0.641459,-0.574698,-0.508186],[-0.76677,-0.459232,-0.448519],[0.0243881,0.677368,-0.73524]]],1],[1032,[-0.625189,-0.69761,0.349971],103,53.6433,[-47.394,154.998,-23.0165],[-51.8702,153.509,-20.447],[-136.828,-15.1503,66.7375],false,[-8.17963,144.411,32.8078],[-8.46407,178.242,-11.6334],[-36.5593,177.084,-38.0594],[-50.7919,161.203,-30.0922],[-51.9975,151.911,-18.3221],[[[0.502547,-0.686348,-0.525711],[0.864535,0.402537,0.300905],[0.00509259,-0.605714,0.795666]],[[0.502495,-0.702888,-0.503435],[0.46625,0.710667,-0.526843],[0.728086,0.0300095,0.684828]],[[0.502495,-0.702888,-0.503435],[-0.597191,0.138883,-0.789983],[0.625189,0.69761,-0.349971]],[[0.502495,-0.702888,-0.503435],[-0.860858,-0.352791,-0.366691],[0.0801353,0.617646,-0.782363]]],2],[1033,[-0.563823,-0.613061,0.553408],103,51.5794,[-39.4428,135.35,-10.6221],[-43.6546,134.857,-8.44394],[-172.01,-22.105,79.5353],false,[-2.64149,138.381,27.357],[1.77105,163.7,-15.7041],[-29.6013,154.53,-30.2338],[-42.1054,140.934,-17.9607],[-44.6668,132.778,-5.68662],[[[0.431208,-0.796382,-0.42407],[0.897952,0.332958,0.287787],[-0.0879911,-0.50489,0.858687]],[[0.432273,-0.790014,-0.434763],[0.209452,0.556915,-0.803726],[0.87708,0.256367,0.406209]],[[0.432273,-0.790014,-0.434763],[-0.703736,0.00590574,-0.710437],[0.563823,0.613061,-0.553408]],[[0.432273,-0.790014,-0.434763],[-0.885335,-0.280266,-0.370989],[0.171237,0.545279,-0.820578]]],3],[1034,[-0.657604,-0.475235,0.584559],103,40.4373,[-25.856