{"metadata":{"formatVersion":2,"generatedBy":"LeapJS Playback 0.2.1","frames":141,"frameRate":"1.1e+2","modified":"Sun Apr 12 2015 21:25:56 GMT-0300 (E. South America Standard Time)","title":"9"},"frames":[["id","timestamp",{"hands":[["id","type","direction","palmNormal","palmPosition","palmVelocity","stabilizedPalmPosition","pinchStrength","grabStrength","confidence","armBasis","armWidth","elbow","wrist"]]},{"pointables":[["id","direction","handId","length","stabilizedTipPosition","tipPosition","tipVelocity","tool","carpPosition","mcpPosition","pipPosition","dipPosition","btipPosition","bases","type"]]},{"interactionBox":["center","size"]}],[120869,6692837162,[[104,"right",[-0.906642,-0.104111,-0.408854],[0.0475733,-0.988122,0.146121],[-3.94265,130.352,-11.1973],[-57.1496,-7.49012,20.717],[3.9254,125.851,-11.7648],1,1,0.337933,[[0.638022,-0.0887142,-0.764891],[-0.0254862,0.990364,-0.136124],[0.769596,0.106344,0.629613]],55.0038,[220.268,162.931,148.131],[40.9001,138.146,1.38839]]],[[1040,[-0.638662,-0.697516,-0.324934],104,44.9875,[-22.9289,70.6602,-1.75936],[-25.184,71.5554,1.44761],[-20.949,-18.3351,28.2952],false,[33.7056,132.023,26.1263],[33.7056,132.023,26.1263],[5.02712,102.311,13.82],[-13.7698,81.7818,4.25661],[-28.0698,68.2014,-0.126597],[[[-0.0507771,0.818005,-0.572965],[-0.00482294,0.573498,0.819193],[0.998698,0.0443596,-0.0251754]],[[-0.514425,0.701069,-0.493831],[-0.540742,0.181752,0.821318],[0.665556,0.689542,0.2856]],[[-0.514425,0.701069,-0.493831],[-0.572256,0.148237,0.806566],[0.638662,0.697516,0.324934]],[[-0.514425,0.701069,-0.493831],[-0.484074,0.237941,0.842055],[0.707841,0.672225,0.216966]]],0],[1041,[0.780803,-0.566348,0.263811],104,50.7633,[-15.795,87.0016,5.29006],[-18.6729,87.4236,8.81989],[-48.2858,-26.1074,30.5268],false,[27.4467,146.953,13.6118],[-32.6576,132.39,-0.825477],[-45.5021,97.6532,1.1018],[-29.2113,85.8368,6.606],[-14.8667,87.0991,9.79289],[[[0.261032,-0.128905,-0.956685],[-0.190071,0.96478,-0.181857],[0.946433,0.229308,0.227337]],[[0.226317,-0.137188,-0.964344],[-0.910398,0.322237,-0.259498],[0.346347,0.936666,-0.0519682]],[[0.226317,-0.137188,-0.964344],[-0.582346,-0.812668,-0.021057],[-0.780803,0.566348,-0.263811]],[[0.226317,-0.137188,-0.964344],[0.0528913,-0.986841,0.152801],[-0.972617,-0.0855869,-0.216082]]],1],[1042,[0.645833,-0.570119,0.507803],104,57.8407,[-12.1199,80.0991,-2.86056],[-13.8964,80.8021,2.43446],[-23.592,-7.5408,34.5726],false,[29.4308,146.898,3.16982],[-24.8634,132.074,-18.263],[-40.8781,93.7623,-15.631],[-25.025,79.7678,-3.16615],[-10.6114,80.6162,4.22739],[[[0.415051,-0.25931,-0.872062],[-0.122379,0.933898,-0.335942],[0.90153,0.246155,0.355881]],[[0.45364,-0.248425,-0.85586],[-0.803779,0.300725,-0.513325],[0.384901,0.920787,-0.0632576]],[[0.45364,-0.248425,-0.85586],[-0.614093,-0.783102,-0.098188],[-0.645833,0.570119,-0.507803]],[[0.45364,-0.248425,-0.85586],[-0.068466,-0.967238,0.244464],[-0.888551,-0.0523015,-0.455787]]],2],[1043,[0.600152,-0.539375,0.590671],104,55.6154,[-1.65502,82.8492,-13.7584],[-2.17858,83.256,-8.95063],[-17.4754,-4.49565,39.2366],false,[33.0771,144.713,-6.5458],[-11.9063,130.521,-32.9807],[-26.7409,95.1083,-29.3257],[-12.3896,82.2104,-15.2012],[1.28397,83.1585,-6.70089],[[[0.551231,-0.289918,-0.782363],[-0.0636113,0.920356,-0.385873],[0.831924,0.262472,0.488887]],[[0.51857,-0.299874,-0.800725],[-0.763638,0.258842,-0.591488],[0.384634,0.918192,-0.0947674]],[[0.51857,-0.299874,-0.800725],[-0.609018,-0.786861,-0.0997333],[-0.600152,0.539375,-0.590671]],[[0.51857,-0.299874,-0.800725],[-0.110974,-0.952166,0.28472],[-0.847803,-0.0587875,-0.527043]]],3],[1044,[0.479216,-0.546919,0.686463],104,43.6015,[7.16122,90.221,-23.3628],[3.3018,90.6685,-22.3397],[-17.528,-3.2628,42.2012],false,[39.5153,137.389,-14.0181],[1.64477,125.684,-44.5823],[-13.6425,99.6061,-40.3553],[-5.55173,90.3723,-28.7655],[6.37889,90.4166,-19.8749],[[[0.646695,-0.405649,-0.645937],[0.0966497,0.883608,-0.458143],[0.756601,0.233849,0.610631]],[[0.539556,-0.43331,-0.721888],[-0.676776,0.286838,-0.678011],[0.500853,0.854381,-0.138488]],[[0.539556,-0.43331,-0.721888],[-0.692265,-0.716326,-0.0874445],[-0.479216,0.546919,-0.686463]],[[0.539556,-0.43331,-0.721888],[-0.256764,-0.90124,0.349053],[-0.801842,-0.00297882,-0.597528]]],4]],[[0,200,0],[235.247,235.247,147.751]]],[120870,6692846557,[[104,"right",[-0.90462,-0.117176,-0.409797],[0.0581337,-0.986403,0.153719],[-5.36698,130.1,-11.4989],[-84.0441,-12.9829,5.67933],[3.70868,125.95,-11.7586],1,1,0.329662,[[0.634275,-0.0923185,-0.767576],[-0.0219004,0.990301,-0.137203],[0.772797,0.103835,0.626101]],55.0038,[219.476,162.683,147.037],[39.362,138.482,1.11361]]],[[1040,[-0.628166,-0.707548,-0.323702],104,44.9875,[-22.9613,70.6636,-1.72568],[-25.9482,71.1604,1.51483],[-38.061,-25.0203,22.5264],false,[32.1855,132.468,25.8834],[32.1855,132.468,25.8834],[3.85832,102.348,13.7569],[-14.6297,81.5238,4.22984],[-28.8019,67.7682,-0.0205681],[[[-0.0586101,0.813031,-0.579263],[-0.0127707,0.579603,0.814799],[0.998199,0.0551531,-0.0235876]],[[-0.521228,0.691541,-0.500093],[-0.54419,0.182076,0.818967],[0.657404,0.699013,0.281426]],[[-0.521228,0.691541,-0.500093],[-0.577693,0.145419,0.803196],[0.628166,0.707548,0.323702]],[[-0.521228,0.691541,-0.500093],[-0.486004,0.24116,0.840025],[0.701514,0.680891,0.210393]]],0],[1041,[0.786088,-0.556003,0.270049],104,50.7633,[-15.8522,86.9934,5.35509],[-19.6328,87.1254,8.83284],[-63.6233,-27.3088,22.3381],false,[25.7882,147.233,13.2438],[-34.1234,131.901,-1.19816],[-46.5551,97.028,0.96427],[-30.154,85.4275,6.59862],[-15.8315,86.8514,9.81666],[[[0.264355,-0.133272,-0.955173],[-0.200294,0.961225,-0.189551],[0.943397,0.241424,0.227411]],[[0.230404,-0.141832,-0.962703],[-0.913534,0.309278,-0.264202],[0.335216,0.940335,-0.0583091]],[[0.230404,-0.141832,-0.962703],[-0.573567,-0.81899,-0.0166132],[-0.786088,0.556003,-0.270049]],[[0.230404,-0.141832,-0.962703],[0.061998,-0.985171,0.15998],[-0.971118,-0.0965458,-0.218195]]],1],[1042,[0.654366,-0.554966,0.513632],104,57.8407,[-12.1275,80.0996,-2.84336],[-14.6543,80.5837,2.55734],[-36.9693,-10.1136,29.4609],false,[27.7937,147.121,2.80637],[-26.2912,131.538,-18.6177],[-41.7365,93.0207,-15.6168],[-25.674,79.3982,-3.00885],[-11.2787,80.5244,4.38318],[[[0.419627,-0.26133,-0.869264],[-0.131957,0.929922,-0.343266],[0.898054,0.258749,0.355736]],[[0.457696,-0.25001,-0.853235],[-0.807905,0.283725,-0.516516],[0.371219,0.92574,-0.0721249]],[[0.457696,-0.25001,-0.853235],[-0.601929,-0.793415,-0.0904072],[-0.654366,0.554966,-0.513632]],[[0.457696,-0.25001,-0.853235],[-0.0546935,-0.965751,0.253641],[-0.887425,-0.0694239,-0.455694]]],2],[1043,[0.611755,-0.518648,0.597293],104,55.6154,[-1.65618,82.8493,-13.7465],[-2.67626,83.1369,-8.65215],[-22.5553,-3.93881,39.5554],false,[31.4833,144.903,-6.88532],[-13.2882,130.017,-33.2982],[-27.3328,94.3429,-29.1008],[-12.7041,81.9406,-14.8179],[0.946988,83.2081,-6.32298],[[[0.555955,-0.289757,-0.779073],[-0.0729442,0.91665,-0.392979],[0.828006,0.275307,0.48848]],[[0.523924,-0.300061,-0.797162],[-0.769999,0.233267,-0.593876],[0.36415,0.92496,-0.108832]],[[0.523924,-0.300061,-0.797162],[-0.592671,-0.800604,-0.0881688],[-0.611755,0.518648,-0.597293]],[[0.523924,-0.300061,-0.797162],[-0.0953982,-0.950678,0.295147],[-0.846406,-0.0785867,-0.526708]]],3],[1044,[0.490556,-0.527995,0.693236],104,43.6015,[7.15117,90.2211,-23.3586],[2.60867,90.4728,-22.1349],[-30.4067,-6.29784,37.8048],false,[38.0166,137.593,-14.2893],[0.338484,125.241,-44.8366],[-14.4171,98.9239,-40.2219],[-6.13481,90.0096,-28.5178],[5.78732,90.3551,-19.6223],[[[0.65241,-0.403393,-0.641588],[0.0878559,0.88112,-0.464659],[0.752757,0.246781,0.610292]],[[0.547215,-0.432467,-0.716609],[-0.683264,0.263699,-0.680891],[0.483432,0.862227,-0.151189]],[[0.547215,-0.432467,-0.716609],[-0.678167,-0.730886,-0.076777],[-0.490556,0.527994,-0.693236]],[[0.547215,-0.432467,-0.716609],[-0.241909,-0.901351,0.35923],[-0.801272,-0.0232216,-0.59785]]],4]],[[0,200,0],[235.247,235.247,147.751]]],[120871,6692854562,[[104,"right",[-0.904087,-0.11928,-0.410365],[0.0594502,-0.986025,0.15563],[-5.66685,130.042,-11.3969],[-72.474,-11.556,7.43271],[3.49743,126.042,-11.7504],1,1,0.334528,[[0.633023,-0.0936661,-0.768446],[-0.0211877,0.990185,-0.138148],[0.773843,0.103732,0.624825]],55.0038,[219.396,162.691,146.865],[39.0387,138.514,1.23883]]],[[1040,[-0.623451,-0.709978,-0.327475],104,44.9875,[-22.9949,70.666,-1.69124],[-26.1052,71.0811,1.63747],[-33.2596,-21.2466,20.5678],false,[31.8493,132.536,26.0137],[31.8493,132.536,26.0137],[3.58747,102.346,13.9095],[-14.7618,81.4498,4.27132],[-28.9571,67.6882,0.119249],[[[-0.0592985,0.81185,-0.580847],[-0.0143376,0.581118,0.813693],[0.998137,0.0565788,-0.0228194]],[[-0.521919,0.689771,-0.501813],[-0.545355,0.182521,0.818092],[0.655888,0.700644,0.280909]],[[-0.521919,0.689771,-0.501813],[-0.582159,0.14194,0.80059],[0.623451,0.709978,0.327475]],[[-0.521919,0.689771,-0.501813],[-0.483597,0.245337,0.840204],[0.702662,0.681194,0.205525]]],0],[1041,[0.786113,-0.554971,0.272092],104,50.7633,[-15.9103,86.9845,5.41922],[-19.8775,87.0507,9.01329],[-55.8317,-22.7258,22.3317],false,[25.4413,147.267,13.3407],[-34.4349,131.82,-1.12473],[-46.8097,96.9298,1.08467],[-30.4081,85.3508,6.76165],[-16.0909,86.7822,9.99993],[[[0.265388,-0.134683,-0.954688],[-0.201542,0.96057,-0.191538],[0.942842,0.243241,0.227779]],[[0.231932,-0.143188,-0.962136],[-0.913709,0.307229,-0.265981],[0.333681,0.940802,-0.0595756]],[[0.231932,-0.143188,-0.962136],[-0.572918,-0.819454,-0.0161539],[-0.786113,0.554971,-0.272092]],[[0.231932,-0.143188,-0.962136],[0.0619376,-0.984926,0.16151],[-0.970758,-0.0970516,-0.219567]]],1],[1042,[0.657519,-0.549514,0.515464],104,57.8407,[-12.134,80.1002,-2.8284],[-14.7596,80.5699,2.80561],[-28.8148,-6.4816,30.6113],false,[27.4562,147.139,2.90518],[-26.5869,131.436,-18.5367],[-41.8448,92.8562,-15.3825],[-25.7049,79.3675,-2.72963],[-11.3125,80.5804,4.65421],[[[0.420773,-0.262349,-0.868403],[-0.133024,0.929078,-0.345135],[0.89736,0.260742,0.356032]],[[0.458515,-0.251035,-0.852493],[-0.809496,0.277863,-0.517212],[0.366714,0.92724,-0.0758078]],[[0.458515,-0.251035,-0.852493],[-0.597856,-0.796879,-0.0869],[-0.657519,0.549514,-0.515464]],[[0.458515,-0.251035,-0.852493],[-0.050523,-0.965085,0.257016],[-0.887249,-0.0747755,-0.45519]]],2],[1043,[0.61685,-0.509699,0.599752],104,55.6154,[-1.65669,82.8495,-13.7384],[-2.6021,83.1651,-8.28402],[-11.7283,-0.00675464,42.4438],false,[31.1576,144.908,-6.77908],[-13.5689,129.906,-33.2029],[-27.282,94.1353,-28.7427],[-12.5315,81.947,-14.401],[1.11413,83.3298,-5.91538],[[[0.557063,-0.290406,-0.778039],[-0.0739483,0.915799,-0.394771],[0.827171,0.277447,0.488683]],[[0.525429,-0.300676,-0.795939],[-0.772983,0.222238,-0.594229],[0.355558,0.927472,-0.115647]],[[0.525429,-0.300676,-0.795939],[-0.58602,-0.806102,-0.0823388],[-0.61685,0.509699,-0.599752]],[[0.525429,-0.300676,-0.795939],[-0.0899547,-0.949865,0.299441],[-0.846069,-0.0857366,-0.526134]]],3],[1044,[0.499224,-0.515176,0.696684],104,43.6015,[7.14496,90.2214,-23.3552],[2.72845,90.5012,-21.7158],[-15.3757,-1.83881,43.1993],false,[37.7081,137.594,-14.1636],[0.0749672,125.129,-44.7204],[-14.3266,98.6728,-39.7917],[-5.89805,89.9748,-28.0294],[6.02963,90.4866,-19.1494],[[[0.653565,-0.40364,-0.640256],[0.0869667,0.880372,-0.466243],[0.751858,0.249039,0.610483]],[[0.550264,-0.432593,-0.714194],[-0.688897,0.248128,-0.681068],[0.471836,0.866773,-0.161476]],[[0.550264,-0.432593,-0.714194],[-0.669316,-0.739903,-0.0675224],[-0.499224,0.515176,-0.696684]],[[0.550264,-0.432593,-0.714194],[-0.233611,-0.900933,0.365712],[-0.801645,-0.0343946,-0.59681]]],4]],[[0,200,0],[235.247,235.247,147.751]]],[120872,6692863715,[[104,"right",[-0.904074,-0.121177,-0.409837],[0.0611882,-0.985782,0.156491],[-5.87336,129.911,-11.2422],[-58.572,-12.3371,10.0707],[3.23616,126.15,-11.7362],1,1,0.338732,[[0.632077,-0.0937692,-0.769211],[-0.0215193,0.990145,-0.138385],[0.774607,0.104023,0.62383]],55.0038,[219.359,162.714,146.759],[38.8236,138.469,1.36515]]],[[1040,[-0.619111,-0.712131,-0.331015],104,44.9875,[-23.0372,70.6663,-1.64616],[-26.1434,70.9146,1.78466],[-25.0912,-20.2539,19.2487],false,[31.6558,132.502,26.1487],[31.6558,132.502,26.1487],[3.44104,102.252,14.0843],[-14.7805,81.2923,4.34199],[-28.9983,67.525,0.286336],[[[-0.0609391,0.811225,-0.58155],[-0.0149429,0.581827,0.813176],[0.99803,0.0582442,-0.0233339]],[[-0.523353,0.688417,-0.502179],[-0.545292,0.182294,0.818184],[0.654796,0.702033,0.279984]],[[-0.523353,0.688417,-0.502179],[-0.585494,0.137667,0.798902],[0.619111,0.712131,0.331015]],[[-0.523353,0.688417,-0.502179],[-0.480421,0.248356,0.841139],[0.703773,0.68147,0.200752]]],0],[1041,[0.786554,-0.554091,0.272608],104,50.7633,[-15.9829,86.9703,5.50077],[-19.9905,86.8752,9.22486],[-44.1479,-21.6084,22.4489],false,[25.2171,147.211,13.4654],[-34.6396,131.649,-0.958259],[-46.9448,96.7362,1.27867],[-30.534,85.1755,6.96642],[-16.2183,86.6121,10.2092],[[[0.265173,-0.135096,-0.95469],[-0.203253,0.960055,-0.19231],[0.942535,0.245039,0.227122]],[[0.232313,-0.143516,-0.961995],[-0.914296,0.305182,-0.266323],[0.331805,0.941418,-0.0603181]],[[0.232313,-0.143516,-0.961995],[-0.572156,-0.819992,-0.0158397],[-0.786554,0.554091,-0.272608]],[[0.232313,-0.143516,-0.961995],[0.062145,-0.984843,0.161932],[-0.970654,-0.0974021,-0.219873]]],1],[1042,[0.660936,-0.54513,0.515749],104,57.8407,[-12.1401,80.1005,-2.81316],[-14.7631,80.4603,3.0605],[-19.284,-6.75908,30.3328],false,[27.2274,147.076,3.0291],[-26.799,131.263,-18.3735],[-41.884,92.6249,-15.0998],[-25.6603,79.2438,-2.43985],[-11.2616,80.5285,4.91964],[[[0.420813,-0.262421,-0.868361],[-0.134754,0.928541,-0.34591],[0.897083,0.262578,0.35538]],[[0.458203,-0.251135,-0.852632],[-0.811543,0.273076,-0.516554],[0.362559,0.928634,-0.0786825]],[[0.458203,-0.251135,-0.852632],[-0.594318,-0.799853,-0.083796],[-0.660936,0.54513,-0.515749]],[[0.458203,-0.251135,-0.852632],[-0.0464153,-0.964707,0.259203],[-0.887635,-0.0791922,-0.453688]]],2],[1043,[0.622684,-0.50134,0.600769],104,55.6154,[-1.65681,82.8497,-13.7317],[-2.4255,83.1292,-7.92069],[-0.772861,0.885638,42.5563],false,[30.928,144.843,-6.65486],[-13.7852,129.742,-33.0444],[-27.1734,93.8775,-28.3527],[-12.2833,81.8891,-13.9867],[1.36815,83.3851,-5.52981],[[[0.557193,-0.290166,-0.778036],[-0.0756784,0.915316,-0.395562],[0.826927,0.279285,0.488048]],[[0.525873,-0.300409,-0.795746],[-0.776503,0.212257,-0.593287],[0.347132,0.929893,-0.121649]],[[0.525873,-0.300409,-0.795746],[-0.579416,-0.811426,-0.0765813],[-0.622684,0.50134,-0.600769]],[[0.525873,-0.300409,-0.795746],[-0.0837067,-0.949289,0.303057],[-0.846434,-0.0927599,-0.524351]]],3],[1044,[0.507026,-0.504715,0.698704],104,43.6015,[7.14043,90.2216,-23.3519],[2.88748,90.4582,-21.3227],[-3.91703,-0.942008,44.0321],false,[37.4875,137.533,-14.0358],[-0.138672,124.977,-44.5639],[-14.2301,98.4019,-39.3859],[-5.66982,89.8806,-27.5894],[6.26772,90.5312,-18.7318],[[[0.653949,-0.403113,-0.640195],[0.0852632,0.880096,-0.467077],[0.751718,0.250859,0.609909]],[[0.552506,-0.43187,-0.7129],[-0.69397,0.235397,-0.680437],[0.461675,0.870676,-0.169646]],[[0.552506,-0.43187,-0.7129],[-0.66156,-0.747497,-0.0598884],[-0.507026,0.504715,-0.698704]],[[0.552506,-0.43187,-0.7129],[-0.225923,-0.900875,0.370652],[-0.802307,-0.0437269,-0.595308]]],4]],[[0,200,0],[235.247,235.247,147.751]]],[120873,6692872748,[[104,"right",[-0.903984,-0.122842,-0.409539],[0.0623826,-0.985483,0.157899],[-6.03714,129.816,-11.1621],[-47.4329,-11.8438,9.73889],[2.96994,126.255,-11.7198],1,1,0.346108,[[0.631395,-0.0946234,-0.769667],[-0.0211976,0.99005,-0.139107],[0.775172,0.104146,0.623107]],55.0038,[219.318,162.719,146.653],[38.6513,138.445,1.42682]]],[[1040,[-0.613793,-0.714434,-0.335918],104,44.9875,[-23.0807,70.6648,-1.59885],[-26.1378,70.7944,1.84477],[-17.625,-18.3185,15.3267],false,[31.494,132.505,26.2199],[31.494,132.505,26.2199],[3.33612,102.194,14.1746],[-14.7289,81.167,4.28795],[-28.9901,67.4073,0.361244],[[[-0.0619829,0.810315,-0.582708],[-0.0155259,0.582977,0.81234],[0.997956,0.0593983,-0.0235537]],[[-0.524348,0.687016,-0.503059],[-0.545922,0.182159,0.817794],[0.653475,0.703439,0.279542]],[[-0.524348,0.687016,-0.503059],[-0.590184,0.132637,0.796298],[0.613793,0.714434,0.335918]],[[-0.524348,0.687016,-0.503059],[-0.476169,0.253202,0.842112],[0.70592,0.6811,0.194369]]],0],[1041,[0.786689,-0.553288,0.273849],104,50.7633,[-16.0573,86.9539,5.58504],[-20.0884,86.759,9.38049],[-35.3224,-19.0712,20.9661],false,[25.0361,147.188,13.5164],[-34.804,131.535,-0.876757],[-47.0546,96.6047,1.39799],[-30.641,85.0608,7.11164],[-16.3283,86.5009,10.366],[[[0.265205,-0.136152,-0.954531],[-0.204421,0.959535,-0.193662],[0.942273,0.246487,0.226641]],[[0.233189,-0.14441,-0.961649],[-0.914606,0.303361,-0.267337],[0.330333,0.941869,-0.0613378]],[[0.233189,-0.14441,-0.961649],[-0.571615,-0.820377,-0.0154148],[-0.786689,0.553288,-0.273849]],[[0.233189,-0.14441,-0.961649],[0.0620322,-0.984689,0.162912],[-0.970451,-0.0976424,-0.22066]]],1],[1042,[0.663395,-0.541437,0.516482],104,57.8407,[-12.1449,80.1007,-2.80082],[-14.7749,80.3943,3.25441],[-13.1652,-5.96569,28.2371],false,[27.0451,147.041,3.07999],[-26.9653,131.132,-18.2925],[-41.9206,92.4544,-14.8993],[-25.6365,79.164,-2.22139],[-11.2343,80.5068,5.12097],[[[0.421009,-0.263168,-0.86804],[-0.135905,0.927881,-0.347226],[0.896817,0.264156,0.35488]],[[0.458084,-0.25191,-0.852467],[-0.812996,0.269052,-0.51638],[0.359439,0.929598,-0.081554]],[[0.458084,-0.25191,-0.852467],[-0.591664,-0.802114,-0.0809072],[-0.663395,0.541437,-0.516482]],[[0.458084,-0.25191,-0.852467],[-0.0434528,-0.964203,0.261579],[-0.887846,-0.082783,-0.452632]]],2],[1043,[0.627201,-0.494127,0.602045],104,55.6154,[-1.65675,82.8499,-13.7269],[-2.28178,83.1243,-7.63763],[5.38699,2.11285,39.9778],false,[30.7471,144.798,-6.60126],[-13.9517,129.606,-32.963],[-27.0888,93.6762,-28.0653],[-12.0907,81.8603,-13.6688],[1.56391,83.4564,-5.23534],[[[0.557433,-0.290621,-0.777694],[-0.076821,0.914656,-0.396867],[0.82666,0.28097,0.487534]],[[0.526345,-0.300856,-0.795265],[-0.779062,0.204045,-0.592813],[0.340621,0.931585,-0.126988]],[[0.526345,-0.300856,-0.795265],[-0.574091,-0.815674,-0.0713843],[-0.627201,0.494127,-0.602045]],[[0.526345,-0.300856,-0.795265],[-0.078615,-0.948521,0.306803],[-0.846629,-0.0989643,-0.522901]]],3],[1044,[0.514524,-0.493937,0.700922],104,43.6015,[7.13757,90.2218,-23.3494],[3.07716,90.4582,-20.9875],[5.17885,0.989356,42.9724],false,[37.3142,137.486,-13.9726],[-0.301064,124.841,-44.4775],[-14.1019,98.1649,-39.0404],[-5.41501,89.8256,-27.2065],[6.53306,90.6188,-18.3747],[[[0.654343,-0.403254,-0.639704],[0.0841527,0.879525,-0.468353],[0.751501,0.25263,0.609445]],[[0.554491,-0.431859,-0.711363],[-0.698639,0.222872,-0.679876],[0.452154,0.873971,-0.178133]],[[0.554491,-0.431859,-0.711363],[-0.654068,-0.754668,-0.0516814],[-0.514524,0.493937,-0.700922]],[[0.554491,-0.431859,-0.711363],[-0.218417,-0.900364,0.376349],[-0.803016,-0.0533083,-0.593569]]],4]],[[0,200,0],[235.247,235.247,147.751]]],[120874,6692881292,[[104,"right",[-0.904371,-0.125207,-0.407966],[0.0649717,-0.985243,0.158348],[-6.22706,129.695,-10.9119],[-40.8121,-12.4397,14.8716],[2.72021,126.349,-11.6978],1,1,0.355847,[[0.630168,-0.0941391,-0.770731],[-0.0217151,0.990098,-0.138688],[0.776155,0.104133,0.621884]],55.0038,[219.358,162.708,146.539],[38.4618,138.437,1.59774]]],[[1040,[-0.609233,-0.716871,-0.339015],104,44.9875,[-23.119,70.661,-1.5528],[-26.0995,70.6229,2.09352],[-11.7286,-18.6535,18.9081],false,[31.3597,132.494,26.4061],[31.3597,132.494,26.4061],[3.264,102.105,14.4139],[-14.6668,81.0058,4.43605],[-28.9551,67.238,0.63835],[[[-0.0648648,0.809837,-0.583058],[-0.0155515,0.583397,0.812038],[0.997773,0.0617401,-0.0252478]],[[-0.526902,0.685442,-0.502537],[-0.545186,0.181029,0.818535],[0.652033,0.705264,0.278309]],[[-0.526902,0.685442,-0.502537],[-0.59263,0.127534,0.795314],[0.609233,0.716871,0.339015]],[[-0.526902,0.685442,-0.502537],[-0.47133,0.256377,0.843871],[0.707264,0.681498,0.187984]]],0],[1041,[0.787527,-0.552207,0.273622],104,50.7633,[-16.1248,86.936,5.66554],[-20.1406,86.5745,9.68992],[-28.253,-19.635,24.8542],false,[24.846,147.155,13.705],[-34.9808,131.352,-0.579714],[-47.1436,96.3924,1.71051],[-30.7125,84.8711,7.41941],[-16.4003,86.3222,10.671],[[[0.263938,-0.136065,-0.954894],[-0.207008,0.95894,-0.19386],[0.942064,0.248838,0.224935]],[[0.233101,-0.144101,-0.961717],[-0.915479,0.301015,-0.266997],[0.327966,0.942669,-0.061755]],[[0.233101,-0.144101,-0.961717],[-0.570496,-0.821159,-0.0152362],[-0.787527,0.552207,-0.273622]],[[0.233101,-0.144101,-0.961717],[0.0628524,-0.98466,0.162773],[-0.970419,-0.0983889,-0.220468]]],1],[1042,[0.669035,-0.535021,0.515892],104,57.8407,[-12.1478,80.1008,-2.792],[-14.642,80.3186,3.62485],[-3.1876,-5.10275,33.0147],false,[26.838,147.007,3.2654],[-27.1701,130.958,-18.0083],[-41.8585,92.193,-14.4501],[-25.4359,79.0601,-1.7867],[-11.0188,80.5081,5.50626],[[[0.420185,-0.262664,-0.868592],[-0.138673,0.927362,-0.34752],[0.89678,0.266473,0.353239]],[[0.456878,-0.25143,-0.853256],[-0.816478,0.262149,-0.514433],[0.353024,0.931698,-0.0855175]],[[0.456878,-0.25143,-0.853256],[-0.58622,-0.806558,-0.0762231],[-0.669036,0.535021,-0.515892]],[[0.456878,-0.25143,-0.853256],[-0.0368733,-0.96375,0.264246],[-0.888765,-0.0892657,-0.449587]]],2],[1043,[0.632033,-0.488319,0.60173],104,55.6154,[-1.65664,82.85,-13.7235],[-2.17187,83.0772,-7.26887],[8.13181,1.28385,40.9181],false,[30.5292,144.767,-6.42074],[-14.1774,129.454,-32.6995],[-27.0785,93.4593,-27.6567],[-11.9649,81.7822,-13.2677],[1.70205,83.4681,-4.87182],[[[0.556824,-0.289744,-0.778457],[-0.0796402,0.914248,-0.397251],[0.826804,0.283195,0.486]],[[0.525924,-0.3,-0.795867],[-0.781991,0.197457,-0.591186],[0.334505,0.93328,-0.13075]],[[0.525924,-0.3,-0.795867],[-0.569156,-0.819478,-0.0672088],[-0.632033,0.488319,-0.60173]],[[0.525924,-0.3,-0.795867],[-0.0729803,-0.948195,0.309193],[-0.847395,-0.104529,-0.520573]]],3],[1044,[0.521886,-0.485558,0.701333],104,43.6015,[7.13571,90.2219,-23.3474],[3.203,90.4325,-20.5782],[8.95374,1.19544,44.5356],false,[37.1013,137.466,-13.7989],[-0.534658,124.715,-44.234],[-14.0757,97.9474,-38.598],[-5.26454,89.7495,-26.7572],[6.70503,90.6612,-17.9661],[[[0.654228,-0.40207,-0.640566],[0.0812969,0.879456,-0.468986],[0.751915,0.254748,0.608052]],[[0.555309,-0.430711,-0.711421],[-0.703429,0.213079,-0.678074],[0.443643,0.876975,-0.18465]],[[0.555309,-0.430711,-0.711421],[-0.647508,-0.760737,-0.0448533],[-0.521886,0.485558,-0.701333]],[[0.555309,-0.430711,-0.711421],[-0.21089,-0.900408,0.380515],[-0.804461,-0.0612723,-0.590837]]],4]],[[0,200,0],[235.247,235.247,147.751]]],[120875,6692889903,[[104,"right",[-0.90512,-0.129467,-0.404964],[0.0677014,-0.984243,0.163346],[-6.62325,129.61,-10.7378],[-42.1867,-11.7748,16.2863],[2.46557,126.438,-11.6717],1,1,0.357799,[[0.628675,-0.0982067,-0.771442],[-0.0186543,0.989804,-0.141207],[0.777444,0.103164,0.620434]],55.0038,[219.274,162.566,146.213],[38.0769,138.522,1.61028]]],[[1040,[-0.604395,-0.721014,-0.338888],104,44.9875,[-23.1532,70.6567,-1.50802],[-26.2384,70.544,2.54329],[-12.6588,-16.155,27.5533],false,[31.0527,132.693,26.4677],[31.0527,132.693,26.4677],[3.01429,102.166,14.6917],[-14.7741,80.9453,4.71761],[-29.0935,67.1532,1.1313],[[[-0.0682736,0.806609,-0.587129],[-0.0148377,0.587616,0.809004],[0.997556,0.0639453,-0.0281504]],[[-0.529973,0.681471,-0.504703],[-0.543797,0.183574,0.818893],[0.650703,0.708447,0.273293]],[[-0.529973,0.681471,-0.504703],[-0.594841,0.125439,0.793996],[0.604395,0.721014,0.338888]],[[-0.529973,0.681471,-0.504703],[-0.465537,0.263655,0.844844],[0.708804,0.682703,0.177521]]],0],[1041,[0.789033,-0.549303,0.275126],104,50.7633,[-16.1881,86.9197,5.74386],[-20.3716,86.5368,10.1371],[-28.1307,-15.4018,32.023],false,[24.4718,147.271,13.7068],[-35.3541,131.253,-0.340127],[-47.4163,96.2724,2.14785],[-30.9537,84.8117,7.88812],[-16.639,86.2993,11.1121],[[[0.261801,-0.140459,-0.954846],[-0.209766,0.957421,-0.198352],[0.94205,0.252223,0.22119]],[[0.231934,-0.148351,-0.961353],[-0.916744,0.297121,-0.267022],[0.32525,0.943245,-0.0670873]],[[0.231934,-0.148351,-0.961353],[-0.568888,-0.82235,-0.0103482],[-0.789033,0.549302,-0.275126]],[[0.231934,-0.148351,-0.961353],[0.0645421,-0.983777,0.167383],[-0.970588,-0.100869,-0.218596]]],1],[1042,[0.674098,-0.527533,0.517012],104,57.8407,[-12.1499,80.1009,-2.7853],[-14.7439,80.3295,4.14025],[-3.95418,-2.26531,40.5695],false,[26.4373,147.073,3.263],[-27.5874,130.786,-17.7865],[-42.0504,91.9682,-13.8984],[-25.5036,79.019,-1.2075],[-11.0667,80.5833,6.02194],[[[0.418567,-0.266237,-0.868286],[-0.141752,0.925196,-0.35202],[0.897055,0.270426,0.349517]],[[0.454906,-0.254954,-0.853264],[-0.819896,0.254091,-0.513038],[0.347608,0.932972,-0.0934478]],[[0.454906,-0.254954,-0.853264],[-0.581939,-0.810375,-0.0681145],[-0.674098,0.527533,-0.517012]],[[0.454906,-0.254954,-0.853264],[-0.0313426,-0.962133,0.270773],[-0.889988,-0.0964329,-0.445671]]],2],[1043,[0.639241,-0.476899,0.603273],104,55.6154,[-1.65654,82.8502,-13.7207],[-2.15672,83.1379,-6.71135],[8.27248,4.65229,47.7544],false,[30.1088,144.791,-6.42076],[-14.629,129.235,-32.5032],[-27.193,93.1792,-27.0644],[-11.907,81.7752,-12.6385],[1.78163,83.627,-4.31309],[[[0.555501,-0.292522,-0.778364],[-0.0828171,0.91196,-0.401834],[0.827382,0.287681,0.482368]],[[0.524806,-0.302868,-0.795519],[-0.786421,0.185142,-0.589291],[0.325762,0.934876,-0.141019]],[[0.524806,-0.302868,-0.795519],[-0.562095,-0.825129,-0.0566736],[-0.639241,0.476899,-0.603273]],[[0.524806,-0.302868,-0.795519],[-0.0650026,-0.946091,0.317312],[-0.848737,-0.114816,-0.516201]]],3],[1044,[0.527376,-0.477482,0.70277],104,43.6015,[7.13434,90.222,-23.3459],[3.00289,90.3598,-20.144],[0.582591,-0.605833,45.7309],false,[36.6791,137.467,-13.7775],[-1.00487,124.468,-44.0479],[-14.3855,97.6738,-38.1606],[-5.48159,89.6123,-26.2954],[6.51599,90.6394,-17.5554],[[[0.653524,-0.403894,-0.640137],[0.0780165,0.877169,-0.473801],[0.752874,0.259699,0.604762]],[[0.554652,-0.433098,-0.710484],[-0.707233,0.204482,-0.676763],[0.438386,0.877846,-0.192885]],[[0.554652,-0.433098,-0.710484],[-0.643611,-0.764485,-0.0364306],[-0.527376,0.477482,-0.70277]],[[0.554652,-0.433098,-0.710484],[-0.205359,-0.8987,0.387514],[-0.806343,-0.069031,-0.587406]]],4]],[[0,200,0],[235.247,235.247,147.751]]],[120876,6692897913,[[104,"right",[-0.906263,-0.130033,-0.402218],[0.0679672,-0.983955,0.164962],[-6.86467,129.509,-10.5948],[-39.1929,-11.9578,16.6748],[2.2324,126.514,-11.6447],1,1,0.361554,[[0.628191,-0.0998045,-0.771631],[-0.0177942,0.989637,-0.142488],[0.777855,0.10324,0.619905]],55.0038,[219.164,162.498,146.093],[37.8712,138.436,1.61307]]],[[1040,[-0.599771,-0.722661,-0.343563],104,44.9875,[-23.1815,70.6523,-1.47066],[-26.3276,70.4539,2.69502],[-11.7553,-14.8532,24.4366],false,[30.9148,132.653,26.5005],[30.9148,132.653,26.5005],[2.85625,102.106,14.8266],[-14.796,80.8367,4.71492],[-29.1809,67.072,1.28826],[[[-0.0697466,0.805545,-0.588415],[-0.012486,0.5891,0.807963],[0.997487,0.0636997,-0.0310297]],[[-0.531162,0.680688,-0.50451],[-0.542076,0.184618,0.819799],[0.651169,0.708929,0.270923]],[[-0.531162,0.680688,-0.50451],[-0.598449,0.120103,0.792107],[0.599771,0.722661,0.343563]],[[-0.531162,0.680688,-0.50451],[-0.459201,0.269137,0.846581],[0.71204,0.681343,0.169618]]],0],[1041,[0.78936,-0.549032,0.274727],104,50.7633,[-16.2419,86.9054,5.81109],[-20.545,86.4533,10.4104],[-26.6439,-13.9681,32.5298],false,[24.3013,147.21,13.7312],[-35.5663,131.178,-0.120669],[-47.605,96.1945,2.44685],[-31.1357,84.7394,8.1788],[-16.8151,86.2207,11.3796],[[[0.259129,-0.14226,-0.955308],[-0.210134,0.957096,-0.199525],[0.942707,0.252445,0.218118]],[[0.230404,-0.149855,-0.961487],[-0.917353,0.296165,-0.265987],[0.324618,0.943308,-0.0692322]],[[0.230404,-0.149855,-0.961487],[-0.569056,-0.822258,-0.00820979],[-0.78936,0.549032,-0.274727]],[[0.230404,-0.149855,-0.961487],[0.0640481,-0.983593,0.168648],[-0.970985,-0.100439,-0.217026]]],1],[1042,[0.677344,-0.524226,0.516132],104,57.8407,[-12.1513,80.101,-2.78061],[-14.8372,80.2883,4.44647],[-4.76463,-2.16698,40.2874],false,[26.2378,146.992,3.28234],[-27.8481,130.677,-17.5876],[-42.2061,91.8389,-13.5171],[-25.5796,78.9709,-0.8478],[-11.119,80.5782,6.32472],[[[0.41611,-0.267909,-0.868952],[-0.142552,0.924577,-0.353322],[0.898071,0.270891,0.346535]],[[0.452208,-0.256696,-0.854175],[-0.82245,0.250523,-0.5107],[0.345085,0.933459,-0.0978312]],[[0.452208,-0.256696,-0.854175],[-0.58027,-0.81197,-0.0631874],[-0.677344,0.524226,-0.516132]],[[0.452208,-0.256696,-0.854175],[-0.028864,-0.961399,0.273638],[-0.891445,-0.0990867,-0.442162]]],2],[1043,[0.645107,-0.469239,0.603035],104,55.6154,[-1.65644,82.8503,-13.7187],[-2.10382,83.1658,-6.34681],[9.43451,5.93731,47.6208],false,[29.8821,144.691,-6.40736],[-14.9307,129.097,-32.3372],[-27.2489,92.9972,-26.6308],[-11.8226,81.7764,-12.2106],[1.89113,83.7288,-3.94973],[[[0.553288,-0.294056,-0.779361],[-0.0837569,0.911238,-0.403275],[0.828769,0.288404,0.479547]],[[0.522936,-0.304299,-0.796203],[-0.790272,0.176925,-0.586659],[0.319388,0.936002,-0.147959]],[[0.522936,-0.304299,-0.796203],[-0.557113,-0.828986,-0.0490761],[-0.645107,0.469239,-0.603035]],[[0.522936,-0.304299,-0.796203],[-0.0594773,-0.944853,0.322048],[-0.850294,-0.121054,-0.512197]]],3],[1044,[0.532794,-0.471656,0.702617],104,43.6015,[7.1334,90.222,-23.3448],[2.90475,90.2988,-19.8475],[-1.91398,-1.57558,43.5613],false,[36.4306,137.352,-13.7688],[-1.33953,124.305,-43.9109],[-14.5775,97.4859,-37.821],[-5.58212,89.5227,-25.9585],[6.44758,90.6193,-17.2712],[[[0.651672,-0.405194,-0.641203],[0.0768702,0.876284,-0.475623],[0.754595,0.260661,0.602198]],[[0.553019,-0.434402,-0.710961],[-0.711382,0.198013,-0.674334],[0.433712,0.878684,-0.199521]],[[0.553019,-0.434402,-0.710961],[-0.640547,-0.767356,-0.0293879],[-0.532794,0.471656,-0.702617]],[[0.553019,-0.434402,-0.710961],[-0.201235,-0.897699,0.391971],[-0.808502,-0.0736974,-0.583861]]],4]],[[0,200,0],[235.247,235.247,147.751]]],[120877,6692907040,[[104,"right",[-0.906582,-0.132114,-0.400818],[0.0686439,-0.983252,0.16883],[-7.16693,129.397,-10.5719],[-37.5048,-12.0416,12.739],[1.96563,126.596,-11.6143],1,1,0.361973,[[0.627777,-0.103331,-0.771504],[-0.0154508,0.9893,-0.145074],[0.77824,0.102995,0.619464]],55.0038,[218.958,162.401,145.933],[37.576,138.396,1.55688]]],[[1040,[-0.591665,-0.725912,-0.350691],104,44.9875,[-23.2114,70.6466,-1.43186],[-26.3926,70.3525,2.737],[-9.42519,-13.8883,17.358],false,[30.6466,132.709,26.4739],[30.6466,132.709,26.4739],[2.62027,102.092,14.9069],[-14.7934,80.7271,4.58545],[-29.2216,66.9699,1.31462],[[[-0.0707385,0.803149,-0.591564],[-0.0120155,0.592321,0.805613],[0.997423,0.0640958,-0.0322496]],[[-0.531983,0.6784,-0.506723],[-0.542166,0.186777,0.81925],[0.650423,0.710555,0.268443]],[[-0.531983,0.6784,-0.506723],[-0.605745,0.113248,0.787558],[0.591665,0.725912,0.350691]],[[-0.531983,0.6784,-0.506723],[-0.454902,0.275763,0.84677],[0.714184,0.680976,0.161904]]],0],[1041,[0.789729,-0.547201,0.277307],104,50.7633,[-16.2979,86.8907,5.88048],[-20.7644,86.3888,10.6413],[-25.8462,-11.6631,30.5927],false,[24.0132,147.211,13.6529],[-35.8593,131.093,-0.0767414],[-47.8274,96.095,2.62053],[-31.3504,84.6781,8.40631],[-17.0327,86.1718,11.6146],[[[0.258281,-0.145944,-0.954982],[-0.210829,0.956181,-0.203147],[0.942784,0.253808,0.216194]],[[0.231262,-0.15313,-0.960765],[-0.917809,0.293232,-0.267659],[0.322714,0.943698,-0.0727308]],[[0.231262,-0.15313,-0.960765],[-0.568196,-0.822874,-0.00561552],[-0.789729,0.547201,-0.277307]],[[0.231262,-0.15313,-0.960765],[0.0639899,-0.983003,0.172077],[-0.970785,-0.101274,-0.217532]]],1],[1042,[0.680604,-0.518512,0.517614],104,57.8407,[-12.1525,80.101,-2.77676],[-14.9465,80.2763,4.73897],[-5.37244,-0.942067,38.43],false,[25.9398,146.952,3.20318],[-28.1577,130.527,-17.549],[-42.3571,91.658,-13.2174],[-25.6506,78.9303,-0.511709],[-11.1802,80.6169,6.62263],[[[0.415412,-0.271165,-0.868276],[-0.143379,0.923082,-0.356878],[0.898263,0.272744,0.34458]],[[0.451208,-0.259974,-0.853712],[-0.824587,0.244376,-0.510232],[0.341274,0.934181,-0.104107]],[[0.451208,-0.259974,-0.853712],[-0.577226,-0.814591,-0.0570173],[-0.680604,0.518512,-0.517614]],[[0.451208,-0.259974,-0.853712],[-0.0255729,-0.960001,0.278826],[-0.892052,-0.103976,-0.439808]]],2],[1043,[0.649208,-0.461315,0.604746],104,55.6154,[-1.65636,82.8504,-13.717],[-2.13779,83.1735,-6.02151],[6.46269,5.67563,44.3461],false,[29.5759,144.615,-6.48076],[-15.2538,128.894,-32.3047],[-27.3646,92.77,-26.3141],[-11.8403,81.7387,-11.853],[1.88145,83.7993,-3.63177],[[[0.552689,-0.296882,-0.778714],[-0.0846256,0.909574,-0.406834],[0.82908,0.290752,0.477588]],[[0.522631,-0.307108,-0.795325],[-0.792625,0.168564,-0.585946],[0.314012,0.936627,-0.155325]],[[0.522631,-0.307108,-0.795325],[-0.552618,-0.83239,-0.0417206],[-0.649208,0.461315,-0.604746]],[[0.522631,-0.307108,-0.795325],[-0.0549336,-0.94306,0.328056],[-0.850787,-0.127762,-0.509743]]],3],[1044,[0.538629,-0.462702,0.70412],104,43.6015,[7.13266,90.222,-23.3439],[2.8357,90.2386,-19.5551],[-2.63678,-1.88901,40.3017],false,[36.1211,137.25,-13.8191],[-1.67124,124.063,-43.8722],[-14.7366,97.2206,-37.517],[-5.64269,89.4086,-25.6291],[6.41214,90.6213,-16.9923],[[[0.651266,-0.407415,-0.640208],[0.07595,0.874415,-0.479197],[0.755039,0.263461,0.60042]],[[0.552499,-0.436969,-0.709791],[-0.715202,0.188793,-0.672937],[0.428056,0.87944,-0.208213]],[[0.552499,-0.436969,-0.709791],[-0.636101,-0.77134,-0.0202782],[-0.538629,0.462702,-0.70412]],[[0.552499,-0.436969,-0.709791],[-0.195797,-0.895776,0.39906],[-0.810191,-0.0815052,-0.580472]]],4]],[[0,200,0],[235.247,235.247,147.751]]],[120878,6692915211,[[104,"right",[-0.906797,-0.133503,-0.39987],[0.0690982,-0.982772,0.171419],[-7.36962,129.322,-10.5565],[-34.2942,-11.3187,9.9937],[1.7279,126.666,-11.5874],1,1,0.36686,[[0.627495,-0.105697,-0.771413],[-0.0138782,0.989068,-0.146808],[0.778497,0.102827,0.619168]],55.0038,[218.82,162.335,145.827],[37.378,138.369,1.51888]]],[[1040,[-0.586314,-0.728055,-0.355206],104,44.9875,[-23.2371,70.6412,-1.39865],[-26.4455,70.287,2.78354],[-8.2929,-12.3213,13.9701],false,[30.4669,132.747,26.4556],[30.4669,132.747,26.4556],[2.44592,102.087,14.9877],[-14.8103,80.6593,4.53336],[-29.269,66.9085,1.37217],[[[-0.0714053,0.801536,-0.593668],[-0.0116978,0.594473,0.80403],[0.997379,0.0643566,-0.0330723]],[[-0.53259,0.676834,-0.508177],[-0.541719,0.188722,0.8191],[0.650299,0.711533,0.266142]],[[-0.53259,0.676834,-0.508177],[-0.610396,0.108772,0.784592],[0.586314,0.728055,0.355206]],[[-0.53259,0.676834,-0.508177],[-0.451803,0.280363,0.846918],[0.715697,0.680656,0.156477]]],0],[1041,[0.789966,-0.545798,0.279388],104,50.7633,[-16.3432,86.8787,5.93674],[-20.897,86.3384,10.8034],[-23.3057,-9.89802,27.9377],false,[23.8201,147.212,13.6001],[-36.0558,131.036,-0.0472332],[-47.9586,96.0222,2.73105],[-31.4766,84.6346,8.56025],[-17.1627,86.1351,11.7818],[[[0.25771,-0.148413,-0.954756],[-0.211297,0.95556,-0.205571],[0.942836,0.254715,0.214898]],[[0.232367,-0.155181,-0.960169],[-0.918147,0.290763,-0.26919],[0.320954,0.944127,-0.0749152]],[[0.232367,-0.155181,-0.960169],[-0.567414,-0.823421,-0.00423809],[-0.789966,0.545798,-0.279388]],[[0.232367,-0.155181,-0.960169],[0.0637918,-0.982633,0.17425],[-0.970534,-0.101741,-0.218433]]],1],[1042,[0.683561,-0.513594,0.518619],104,57.8407,[-12.1532,80.1011,-2.77423],[-14.9676,80.2856,4.95649],[-3.30311,0.497098,35.8786],false,[25.7399,146.926,3.14984],[-28.3653,130.426,-17.5229],[-42.4123,91.5249,-12.9869],[-25.6332,78.9179,-0.256574],[-11.1556,80.671,6.84714],[[[0.414941,-0.273346,-0.867817],[-0.143935,0.922072,-0.359257],[0.898391,0.273979,0.343261]],[[0.450494,-0.262184,-0.853413],[-0.826484,0.239007,-0.509706],[0.337609,0.934952,-0.10902]],[[0.450494,-0.262184,-0.853413],[-0.574282,-0.816995,-0.0521522],[-0.683561,0.513594,-0.518619]],[[0.450494,-0.262184,-0.853413],[-0.022581,-0.958947,0.282686],[-0.892494,-0.108077,-0.43792]]],2],[1043,[0.653091,-0.454296,0.605877],104,55.6154,[-1.65629,82.8504,-13.7157],[-2.08048,83.2144,-5.76592],[7.47966,6.56425,41.2345],false,[29.3705,144.564,-6.53018],[-15.4704,128.758,-32.2826],[-27.377,92.6066,-26.0524],[-11.7599,81.7431,-11.5643],[1.9687,83.8955,-3.37804],[[[0.552286,-0.298775,-0.778276],[-0.0852092,0.908451,-0.409215],[0.829289,0.29232,0.476266]],[[0.52236,-0.30901,-0.794766],[-0.79488,0.160976,-0.585023],[0.308717,0.937336,-0.161538]],[[0.52236,-0.30901,-0.794766],[-0.548281,-0.83554,-0.0354949],[-0.653091,0.454296,-0.605877]],[[0.52236,-0.30901,-0.794766],[-0.050779,-0.941649,0.332744],[-0.851212,-0.133455,-0.507571]]],3],[1044,[0.543226,-0.455566,0.705241],104,43.6015,[7.1322,90.222,-23.3433],[2.83097,90.2171,-19.335],[-1.51869,-1.22087,36.8572],false,[35.9136,137.182,-13.853],[-1.89376,123.901,-43.846],[-14.8124,97.0356,-37.2898],[-5.64087,89.3441,-25.3829],[6.43055,90.6486,-16.7827],[[[0.650991,-0.408902,-0.639539],[0.0753314,0.873154,-0.481588],[0.755338,0.265332,0.599219]],[[0.552409,-0.438621,-0.708841],[-0.718125,0.181358,-0.671867],[0.423249,0.880182,-0.214801]],[[0.552409,-0.438621,-0.708841],[-0.632257,-0.774643,-0.013389],[-0.543226,0.455566,-0.705241]],[[0.552409,-0.438621,-0.708841],[-0.191381,-0.894385,0.404287],[-0.811306,-0.0876733,-0.578011]]],4]],[[0,200,0],[235.247,235.247,147.751]]],[120879,6692924026,[[104,"right",[-0.906882,-0.136145,-0.398784],[0.0711555,-0.982256,0.173525],[-7.49716,129.208,-10.5092],[-28.9458,-11.7754,8.746],[1.47691,126.735,-11.558],1,1,0.369534,[[0.627363,-0.106948,-0.771348],[-0.0129122,0.98896,-0.147622],[0.77862,0.102572,0.619056]],55.0038,[218.714,162.274,145.789],[37.2433,138.368,1.50721]]],[[1040,[-0.581631,-0.730578,-0.357717],104,44.9875,[-23.2619,70.6347,-1.36462],[-26.3722,70.1571,2.89119],[-3.82078,-12.7284,13.5544],false,[30.3648,132.787,26.4623],[30.3648,132.787,26.4623],[2.38613,102.052,15.095],[-14.7323,80.5493,4.56681],[-29.1975,66.783,1.50447],[[[-0.0734769,0.800084,-0.595371],[-0.0121549,0.596222,0.802728],[0.997223,0.0662185,-0.0340836]],[[-0.534298,0.6747,-0.509221],[-0.541217,0.189694,0.819207],[0.649315,0.713299,0.263806]],[[-0.534298,0.6747,-0.509221],[-0.613377,0.105052,0.782773],[0.581631,0.730578,0.357717]],[[-0.534298,0.6747,-0.509221],[-0.449269,0.283621,0.847182],[0.716019,0.681424,0.151584]]],0],[1041,[0.790952,-0.543432,0.281206],104,50.7633,[-16.384,86.8668,5.98923],[-20.8885,86.2162,10.9793],[-16.7426,-10.6391,25.8397],false,[23.6787,147.211,13.5807],[-36.1775,130.889,0.0212943],[-47.9654,95.841,2.85925],[-31.4628,84.5027,8.72638],[-17.1551,86.0297,11.963],[[[0.257169,-0.150019,-0.954651],[-0.21333,0.954692,-0.207494],[0.942525,0.257017,0.213514]],[[0.23377,-0.156332,-0.959642],[-0.918868,0.287139,-0.270614],[0.317856,0.945046,-0.0765245]],[[0.23377,-0.156332,-0.959642],[-0.565461,-0.824768,-0.00338646],[-0.790952,0.543432,-0.281206]],[[0.23377,-0.156332,-0.959642],[0.0650505,-0.982263,0.175864],[-0.970113,-0.103537,-0.219454]]],1],[1042,[0.688491,-0.506344,0.519226],104,57.8407,[-12.1537,80.1011,-2.77221],[-14.7624,80.2617,5.212],[5.84865,0.818154,34.689],false,[25.59,146.906,3.12945],[-28.501,130.255,-17.4597],[-42.2685,91.2817,-12.6935],[-25.3684,78.8527,0.0517114],[-10.8841,80.7098,7.11531],[[[0.414718,-0.274455,-0.867574],[-0.146037,0.920996,-0.361163],[0.898155,0.276479,0.341873]],[[0.449926,-0.263302,-0.853369],[-0.829504,0.230834,-0.508566],[0.330893,0.93669,-0.114551]],[[0.449926,-0.263302,-0.853369],[-0.568811,-0.82115,-0.0465367],[-0.688491,0.506344,-0.519226]],[[0.449926,-0.263302,-0.853369],[-0.0169557,-0.957896,0.286613],[-0.892905,-0.114485,-0.435447]]],2],[1043,[0.656438,-0.44865,0.606467],104,55.6154,[-1.65622,82.8505,-13.7147],[-1.96613,83.1892,-5.55058],[8.82663,4.68279,36.3776],false,[29.2168,144.529,-6.5485],[-15.6157,128.579,-32.2269],[-27.3505,92.3998,-25.8377],[-11.6533,81.6714,-11.3354],[2.07967,83.9123,-3.18044],[[[0.552189,-0.29942,-0.778097],[-0.0873284,0.907378,-0.411142],[0.829132,0.294978,0.474897]],[[0.522335,-0.309727,-0.794503],[-0.796612,0.155207,-0.584227],[0.304263,0.938073,-0.165662]],[[0.522335,-0.309727,-0.794503],[-0.544293,-0.838321,-0.0310292],[-0.656438,0.44865,-0.606467]],[[0.522335,-0.309727,-0.794503],[-0.0462204,-0.9406