{"metadata":{"formatVersion":2,"generatedBy":"LeapJS Playback 0.2.1","frames":228,"protocolVersion":6,"serviceVersion":"2.2.4+26750","frameRate":"1.1e+2","modified":"Sun Apr 12 2015 15:23:30 GMT-0300 (E. South America Standard Time)"},"frames":[["id","timestamp",{"hands":[["id","type","direction","palmNormal","palmPosition","palmVelocity","stabilizedPalmPosition","pinchStrength","grabStrength","confidence","armBasis","armWidth","elbow","wrist"]]},{"pointables":[["id","direction","handId","length","stabilizedTipPosition","tipPosition","tipVelocity","tool","carpPosition","mcpPosition","pipPosition","dipPosition","btipPosition","bases","type"]]},{"interactionBox":["center","size"]}],[69147,6092879177,[[69,"right",[0.253803,0.924484,0.284452],[-0.177517,0.333606,-0.925848],[-7.15542,136.224,39.8462],[-74.0116,14.4299,23.5262],[-7.27224,123.55,30.0122],0.672004,1,0.131668,[[0.940326,-0.154256,-0.303301],[0.278213,0.861734,0.424278],[0.195917,-0.483342,0.853227]],55.9505,[34.2956,-24.7012,230.487],[-12.1521,89.8889,28.2055]]],[[690,[0.419018,0.858081,-0.296852],69,45.7618,[-16.1256,179.168,7.35121],[-17.9513,178.965,8.24184],[33.4157,-33.1727,-11.1339],false,[-38.3993,94.8929,24.7984],[-38.3993,94.8929,24.7984],[-32.7766,138.035,19.4748],[-20.2319,163.724,10.5875],[-14.3746,182.911,6.13322],[[[0.590911,-0.192227,0.7835],[-0.784882,-0.361511,0.503259],[0.186504,-0.912337,-0.364497]],[[0.527624,0.0359629,0.848716],[-0.839736,0.172958,0.514713],[-0.128282,-0.984272,0.121456]],[[0.527624,0.0359629,0.848716],[-0.738943,0.512254,0.437675],[-0.419018,-0.858081,0.296852]],[[0.527624,0.0359629,0.848716],[-0.800233,0.356271,0.482387],[-0.285025,-0.93369,0.216756]]],0],[691,[-0.158409,-0.387227,-0.908274],69,51.637,[-31.6711,156.868,-10.0974],[-33.9448,157.187,-9.56411],[-109.721,14.0104,41.7402],false,[-26.2331,96.5448,41.6052],[-22.1492,159.942,53.3157],[-29.1795,172.741,18.5326],[-32.5414,164.523,-0.743971],[-34.3079,154.645,-11.8969],[[[0.979943,-0.0266467,-0.19749],[0.188986,-0.190129,0.963398],[-0.0632198,-0.981398,-0.181279]],[[0.981977,0.0342585,-0.185869],[0.0314726,0.940064,0.339543],[0.186361,-0.339273,0.922043]],[[0.981977,0.0342585,-0.185869],[-0.10309,0.921348,-0.374821],[0.158409,0.387227,0.908274]],[[0.981977,0.0342585,-0.185869],[-0.147842,0.751898,-0.642489],[0.117744,0.658388,0.743412]]],1],[692,[-0.28706,-0.853532,-0.434832],69,58.8363,[-23.0271,132.752,0.758887],[-26.1934,135.149,1.39227],[-82.2197,13.2392,31.2514],false,[-15.4369,96.4832,41.0267],[-3.4002,155.832,50.2883],[-17.4799,168.459,12.4257],[-24.6475,147.147,1.56832],[-26.2901,130.759,2.57104],[[[0.91572,-0.126187,-0.381489],[0.350502,-0.213397,0.911927],[-0.196481,-0.968782,-0.151183]],[[0.917881,-0.115235,-0.379756],[0.216389,0.947475,0.235513],[0.33267,-0.298348,0.894605]],[[0.917881,-0.115235,-0.379756],[-0.274027,0.508137,-0.816521],[0.28706,0.853532,0.434832]],[[0.917881,-0.115235,-0.379756],[-0.384167,-0.017975,-0.923088],[0.0995459,0.993176,-0.0607683]]],2],[693,[-0.452152,-0.815221,-0.361904],69,56.5726,[-12.0388,125.504,0.266587],[-15.4967,128.97,1.79306],[-68.6948,19.8641,41.049],false,[-5.1887,95.6579,37.7616],[13.4086,147.055,43.903],[-1.26247,160.381,10.0456],[-12.2607,140.551,1.24261],[-15.9755,124.711,3.35206],[[[0.84778,-0.250928,-0.46723],[0.408588,-0.252641,0.877057],[-0.338119,-0.934456,-0.111658]],[[0.844313,-0.260377,-0.468337],[0.383784,0.903788,0.189412],[0.373959,-0.339663,0.863008]],[[0.844313,-0.260377,-0.468337],[-0.287567,0.517319,-0.806031],[0.452152,0.815221,0.361904]],[[0.844313,-0.260377,-0.468337],[-0.48566,-0.00251617,-0.874144],[0.226429,0.965504,-0.128579]]],3],[694,[-0.600557,-0.717816,-0.352237],69,44.3519,[1.38529,126.489,3.27127],[-1.85189,129.953,4.36429],[-65.4091,26.5825,36.345],false,[3.04643,94.0231,28.5051],[27.0493,138.571,34.1336],[12.8232,152.556,10.3428],[2.50923,140.228,4.2935],[-2.50945,125.997,5.45381],[[[0.723706,-0.312178,-0.615463],[0.503987,-0.370151,0.780375],[-0.47143,-0.874947,-0.110547]],[[0.726791,-0.306417,-0.614722],[0.511691,0.838578,0.186974],[0.4582,-0.450439,0.766262]],[[0.726791,-0.306417,-0.614722],[-0.333326,0.625178,-0.705723],[0.600557,0.717816,0.352237]],[[0.726791,-0.306417,-0.614722],[-0.601516,0.148119,-0.785009],[0.331592,0.940303,-0.0766635]]],4]],[[0,200,0],[235.247,235.247,147.751]]],[69148,6092905187,[[69,"right",[0.219198,0.929066,0.297976],[-0.170374,0.337159,-0.925903],[-9.62849,136.857,39.7938],[-86.7493,20.4013,8.08636],[-7.68051,125.856,31.707],0.667432,1,0.137714,[[0.951543,-0.125079,-0.280928],[0.242725,0.866399,0.436392],[0.188812,-0.483434,0.854775]],55.9505,[31.8179,-24.1053,230.272],[-12.9455,90.5066,27.6231]]],[[690,[0.400682,0.872292,-0.280286],69,45.7618,[-17.5259,179.082,7.29195],[-20.4541,179.405,8.18533],[-47.2431,-0.679083,-2.06704],false,[-39.2678,94.722,23.7596],[-39.2678,94.722,23.7596],[-34.5786,138.029,18.8977],[-22.5828,164.144,10.5064],[-17.0505,183.481,6.28797],[[[0.581739,-0.181513,0.792864],[-0.782509,-0.390883,0.484655],[0.221946,-0.902366,-0.369427]],[[0.511213,0.0410229,0.858474],[-0.852769,0.148548,0.500717],[-0.106984,-0.988054,0.110923]],[[0.511213,0.0410229,0.858474],[-0.760339,0.487261,0.42949],[-0.400682,-0.872292,0.280286]],[[0.511213,0.0410229,0.858474],[-0.816202,0.336054,0.469982],[-0.269214,-0.940949,0.205278]]],0],[691,[-0.128953,-0.382935,-0.914731],69,51.637,[-34.4904,157.081,-9.83393],[-36.1233,157.466,-9.91505],[-93.9425,12.1362,8.27855],false,[-27.4795,96.5847,40.8119],[-25.6123,159.958,53.1956],[-32.3823,172.888,18.4095],[-35.1192,164.761,-1.00411],[-36.3625,154.943,-12.2789],[[[0.983855,0.00596385,-0.178866],[0.176616,-0.193776,0.965017],[-0.0289048,-0.981028,-0.191701]],[[0.983755,0.0667734,-0.166637],[-0.00445783,0.937049,0.349169],[0.179462,-0.342754,0.922124]],[[0.983755,0.0667734,-0.166637],[-0.124891,0.921359,-0.368103],[0.128953,0.382935,0.914731]],[[0.983755,0.0667734,-0.166637],[-0.159241,0.753139,-0.638297],[0.0828797,0.654464,0.751537]]],1],[692,[-0.251649,-0.858103,-0.447584],69,58.8363,[-24.9804,133.685,1.26758],[-27.8786,135.544,1.02188],[-71.7891,14.7448,3.29206],false,[-16.6777,96.8663,40.4404],[-6.68951,156.466,50.4905],[-20.4411,169.022,12.4839],[-26.7245,147.596,1.30814],[-27.8642,131.156,2.14216],[[[0.926284,-0.0936852,-0.364995],[0.339728,-0.21147,0.916442],[-0.163042,-0.972884,-0.164053]],[[0.928056,-0.0827562,-0.36313],[0.182045,0.951388,0.248438],[0.324917,-0.29667,0.898006]],[[0.928056,-0.0827562,-0.36313],[-0.274562,0.506765,-0.817193],[0.251649,0.858103,0.447584]],[[0.928056,-0.0827562,-0.36313],[-0.36598,-0.0218275,-0.930367],[0.0690674,0.996331,-0.0505443]]],2],[693,[-0.418494,-0.826957,-0.375507],69,56.5726,[-13.382,126.57,0.995332],[-16.9497,129.682,1.67748],[-60.9989,25.31,13.0178],false,[-6.34871,96.3943,37.3652],[10.5046,148.283,44.3469],[-3.92239,161.515,10.3482],[-14.1019,141.4,1.21428],[-17.316,125.433,3.18086],[[[0.863931,-0.219622,-0.453198],[0.399668,-0.248528,0.882326],[-0.306411,-0.943398,-0.126935]],[[0.860761,-0.229234,-0.454469],[0.351938,0.91307,0.206015],[0.367737,-0.337275,0.866611]],[[0.860761,-0.229234,-0.454469],[-0.289748,0.513414,-0.807745],[0.418494,0.826957,0.375507]],[[0.860761,-0.229234,-0.454469],[-0.469799,-0.0141469,-0.88266],[0.195906,0.973268,-0.119871]]],3],[694,[-0.56833,-0.736784,-0.366266],69,44.3519,[0.109606,127.647,3.89265],[-3.35356,130.998,4.52298],[-60.7199,35.3596,17.8497],false,[2.1073,95.1105,28.2536],[24.5875,140.328,34.7618],[10.3745,154.09,10.8337],[0.614009,141.437,4.54343],[-3.8908,127.024,5.57343],[[[0.744669,-0.283231,-0.604358],[0.500525,-0.362026,0.786392],[-0.441524,-0.888098,-0.127826]],[[0.747811,-0.276865,-0.603427],[0.480851,0.852565,0.204733],[0.457777,-0.44326,0.770688]],[[0.747811,-0.276865,-0.603427],[-0.343189,0.616844,-0.708326],[0.56833,0.736784,0.366266]],[[0.747811,-0.276865,-0.603427],[-0.593455,0.128713,-0.794509],[0.29764,0.952249,-0.0680539]]],4]],[[0,200,0],[235.247,235.247,147.751]]],[69149,6092913845,[[69,"right",[0.210537,0.930454,0.299882],[-0.169655,0.336879,-0.926137],[-10.3525,137.005,39.7427],[-85.9203,19.5477,4.37048],[-7.85592,126.588,32.2346],0.665816,1,0.139702,[[0.953949,-0.11793,-0.275815],[0.234165,0.867431,0.439009],[0.187478,-0.483379,0.855101]],55.9505,[31.1992,-23.954,230.231],[-13.2478,90.6447,27.5054]]],[[690,[0.394505,0.87615,-0.276995],69,45.7618,[-17.9833,179.099,7.27781],[-21.26,179.485,8.12194],[-60.4953,2.88325,-2.03629],false,[-39.5889,94.651,23.5485],[-39.5889,94.651,23.5485],[-35.1448,137.991,18.7465],[-23.334,164.221,10.4537],[-17.9182,183.601,6.28177],[[[0.580236,-0.177741,0.794817],[-0.78111,-0.397801,0.481271],[0.230638,-0.90009,-0.369654]],[[0.508025,0.043222,0.860257],[-0.855354,0.142881,0.49795],[-0.101392,-0.988796,0.109557]],[[0.508025,0.043222,0.860257],[-0.765687,0.480096,0.428055],[-0.394505,-0.87615,0.276995]],[[0.508025,0.043222,0.860257],[-0.820035,0.32985,0.467698],[-0.263541,-0.943043,0.203015]]],0],[691,[-0.122431,-0.38289,-0.915645],69,51.637,[-35.1499,157.114,-9.82686],[-36.8281,157.458,-10.0382],[-90.5781,8.75349,2.28399],false,[-27.8798,96.5888,40.6469],[-26.5732,159.961,53.1119],[-33.3184,172.88,18.3169],[-35.9168,164.754,-1.11604],[-37.0382,154.938,-12.4061],[[[0.984434,0.0141611,-0.175184],[0.174587,-0.193498,0.965442],[-0.0202259,-0.980999,-0.192958]],[[0.983794,0.0749499,-0.162884],[-0.0133467,0.936533,0.350326],[0.178803,-0.342475,0.922356]],[[0.983794,0.0749499,-0.162884],[-0.130994,0.920749,-0.367509],[0.122431,0.38289,0.915645]],[[0.983794,0.0749499,-0.162884],[-0.162975,0.752534,-0.638069],[0.0747529,0.654274,0.752554]]],1],[692,[-0.242954,-0.859707,-0.449308],69,58.8363,[-25.5231,133.906,1.365],[-28.4424,135.582,0.916821],[-70.0319,12.1873,-0.984159],false,[-17.0792,96.9585,40.3161],[-7.61272,156.625,50.4733],[-21.3242,169.114,12.4301],[-27.3906,147.648,1.21124],[-28.3981,131.198,2.02714],[[[0.928367,-0.0857278,-0.361643],[0.338018,-0.209809,0.917455],[-0.154527,-0.973977,-0.165802]],[[0.93004,-0.0748079,-0.359762],[0.1734,0.952541,0.250198],[0.323971,-0.295077,0.898873]],[[0.93004,-0.0748079,-0.359762],[-0.275678,0.50528,-0.817737],[0.242954,0.859707,0.449308]],[[0.93004,-0.0748079,-0.359762],[-0.362349,-0.0240204,-0.931733],[0.0610593,0.996909,-0.0494465]]],2],[693,[-0.410112,-0.830345,-0.377274],69,56.5726,[-13.8031,126.874,1.18716],[-17.4538,129.804,1.63679],[-60.2686,22.7423,8.08322],false,[-6.7354,96.574,37.2789],[9.66999,148.59,44.3844],[-4.73362,161.754,10.3496],[-14.7093,141.557,1.17273],[-17.7895,125.562,3.1308],[[[0.867368,-0.21206,-0.450226],[0.398383,-0.246339,0.88352],[-0.298268,-0.9457,-0.129185]],[[0.864274,-0.221716,-0.451523],[0.343858,0.915556,0.208613],[0.367142,-0.335558,0.86753]],[[0.864274,-0.221716,-0.451523],[-0.291272,0.511243,-0.808574],[0.410112,0.830345,0.377274]],[[0.864274,-0.221716,-0.451523],[-0.466669,-0.0183785,-0.884241],[0.187752,0.974938,-0.119352]]],3],[694,[-0.560278,-0.741973,-0.368191],69,44.3519,[-0.283272,127.977,4.05634],[-3.8688,131.212,4.53245],[-60.373,32.83,13.2774],false,[1.76464,95.3698,28.1975],[23.8526,140.76,34.8427],[9.61719,154.436,10.878],[-0.00499933,141.693,4.55469],[-4.37396,127.238,5.57726],[[[0.74919,-0.276453,-0.601904],[0.500514,-0.358899,0.787831],[-0.433821,-0.891496,-0.130515]],[[0.752349,-0.269911,-0.600932],[0.473021,0.856238,0.207625],[0.4585,-0.440459,0.771863]],[[0.752349,-0.269911,-0.600932],[-0.346497,0.613696,-0.709448],[0.560278,0.741973,0.368191]],[[0.752349,-0.269911,-0.600932],[-0.592152,0.122637,-0.79644],[0.288665,0.955044,-0.0675626]]],4]],[[0,200,0],[235.247,235.247,147.751]]],[69150,6092922628,[[69,"right",[0.199616,0.930934,0.305803],[-0.170863,0.340372,-0.924636],[-11.3516,137.189,39.9462],[-93.4055,19.9002,9.42638],[-8.10563,127.345,32.7854],0.664605,1,0.14151,[[0.956994,-0.108958,-0.268868],[0.223253,0.868431,0.442703],[0.185257,-0.48369,0.855409]],55.9505,[30.2103,-23.8016,230.233],[-13.7103,90.8709,27.4343]]],[[690,[0.384724,0.88269,-0.269898],69,45.7618,[-18.6613,179.187,7.38275],[-22.4813,179.715,8.49942],[-83.2839,10.4965,11.2683],false,[-40.0829,94.6137,23.4294],[-40.0829,94.6137,23.4294],[-35.9976,138.014,18.8585],[-24.4796,164.44,10.7782],[-19.2326,183.891,6.72589],[[[0.580034,-0.176028,0.795345],[-0.778006,-0.409038,0.476859],[0.241386,-0.895378,-0.374207]],[[0.505489,0.0431761,0.861752],[-0.857784,0.133036,0.496496],[-0.0932069,-0.99017,0.104284]],[[0.505489,0.0431761,0.861752],[-0.772313,0.467968,0.42958],[-0.384724,-0.88269,0.269898]],[[0.505489,0.0431761,0.861752],[-0.824189,0.319709,0.467437],[-0.255328,-0.946531,0.197195]]],0],[691,[-0.11584,-0.378933,-0.918145],69,51.637,[-35.9395,157.192,-9.7482],[-37.9159,157.64,-9.78279],[-99.4708,12.0626,9.42117],false,[-28.4407,96.5796,40.5703],[-27.8561,159.888,53.4035],[-34.6496,172.941,18.6676],[-37.1082,164.899,-0.818433],[-38.0927,155.135,-12.1662],[[[0.984681,0.0258626,-0.172438],[0.174132,-0.197176,0.96478],[-0.00904901,-0.980027,-0.198659]],[[0.983348,0.0865624,-0.159792],[-0.0244179,0.934233,0.355825],[0.180085,-0.345998,0.92079]],[[0.983348,0.0865624,-0.159792],[-0.140028,0.921367,-0.362595],[0.11584,0.378933,0.918145]],[[0.983348,0.0865624,-0.159792],[-0.16947,0.754294,-0.634287],[0.065625,0.650805,0.756403]]],1],[692,[-0.232307,-0.859918,-0.454504],69,58.8363,[-26.1336,134.128,1.47549],[-29.314,135.777,1.09278],[-77.8755,15.0775,4.22963],false,[-17.644,97.0684,40.2708],[-8.85363,156.775,50.797],[-22.5999,169.332,12.7888],[-28.4004,147.86,1.44021],[-29.2279,131.396,2.16865],[[[0.930196,-0.0735482,-0.359621],[0.337856,-0.211433,0.917142],[-0.14349,-0.974621,-0.171826]],[[0.93174,-0.0626602,-0.357679],[0.162391,0.952916,0.256086],[0.324792,-0.296689,0.898045]],[[0.93174,-0.0626602,-0.357679],[-0.279096,0.506571,-0.815777],[0.232307,0.859918,0.454504]],[[0.93174,-0.0626602,-0.357679],[-0.359646,-0.0231939,-0.9328],[0.0501535,0.997765,-0.0441462]]],2],[693,[-0.398221,-0.836048,-0.377417],69,56.5726,[-14.2703,127.177,1.40647],[-18.1851,130.033,2.01228],[-66.2002,23.6166,17.6994],false,[-7.2886,96.8138,37.2594],[8.53145,148.962,44.7086],[-5.92921,162.151,10.7075],[-15.6156,141.815,1.52708],[-18.4578,125.781,3.525],[[[0.870808,-0.200021,-0.449094],[0.398705,-0.247109,0.88316],[-0.287625,-0.948119,-0.135435]],[[0.867743,-0.209953,-0.45049],[0.333405,0.918098,0.214328],[0.368596,-0.336177,0.866673]],[[0.867743,-0.209953,-0.45049],[-0.297392,0.506896,-0.809083],[0.398221,0.836048,0.377417]],[[0.867743,-0.209953,-0.45049],[-0.465842,-0.0276307,-0.884437],[0.173243,0.977321,-0.121781]]],3],[694,[-0.549606,-0.74819,-0.371679],69,44.3519,[-0.72733,128.32,4.23473],[-4.64988,131.606,4.81018],[-67.9748,36.3643,17.8726],false,[1.24797,95.7546,28.1942],[22.8235,141.343,35.1603],[8.49862,154.994,11.2354],[-0.940295,142.145,4.85218],[-5.10564,127.628,5.83474],[[[0.753737,-0.264813,-0.60146],[0.502306,-0.357998,0.7871],[-0.423756,-0.895383,-0.136819]],[[0.757012,-0.257837,-0.600377],[0.462665,0.860344,0.213892],[0.461381,-0.439692,0.770583]],[[0.757012,-0.257837,-0.600377],[-0.353363,0.611336,-0.708097],[0.549606,0.74819,0.371679]],[[0.757012,-0.257837,-0.600377],[-0.592614,0.116086,-0.797078],[0.275211,0.959189,-0.0649189]]],4]],[[0,200,0],[235.247,235.247,147.751]]],[69151,6092931275,[[69,"right",[0.18855,0.93335,0.305463],[-0.177904,0.338357,-0.924048],[-12.0958,137.406,40.1067],[-91.4569,21.2847,11.8503],[-8.40319,128.095,33.3314],0.662974,1,0.148517,[[0.960148,-0.102999,-0.259823],[0.214403,0.867793,0.448294],[0.179299,-0.486135,0.855292]],55.9505,[28.6112,-24.1878,230.361],[-13.8967,91.0644,27.5897]]],[[690,[0.371284,0.888539,-0.269531],69,45.7618,[-19.4748,179.279,7.50569],[-23.6773,179.782,8.65459],[-99.6827,11.165,13.8981],false,[-40.3267,94.4696,23.6625],[-40.3267,94.4696,23.6625],[-36.6545,137.9,19.0321],[-25.5389,164.502,10.9628],[-20.5453,184.019,6.90858],[[[0.584556,-0.168751,0.79361],[-0.771305,-0.419088,0.479013],[0.251759,-0.892126,-0.375139]],[[0.50769,0.0487795,0.860158],[-0.857457,0.125697,0.498967],[-0.0837798,-0.990869,0.105641]],[[0.50769,0.0487795,0.860158],[-0.777431,0.456201,0.432991],[-0.371284,-0.888539,0.269532]],[[0.50769,0.0487795,0.860158],[-0.826561,0.309175,0.470327],[-0.242997,-0.949753,0.197284]]],0],[691,[-0.113639,-0.380225,-0.917886],69,51.637,[-36.8174,157.214,-9.62285],[-39.0641,157.525,-9.53514],[-108.205,5.47544,14.4897],false,[-28.6608,96.5808,40.7699],[-28.8508,159.889,53.6177],[-35.9124,172.867,18.9073],[-38.3242,164.797,-0.573292],[-39.2161,155.022,-11.9192],[[[0.983762,0.038527,-0.175293],[0.179453,-0.19514,0.964218],[0.00294174,-0.980018,-0.198885]],[[0.981688,0.0991961,-0.162629],[-0.035326,0.933712,0.356279],[0.18719,-0.34401,0.920118]],[[0.981688,0.0991961,-0.162629],[-0.152886,0.919559,-0.36199],[0.113639,0.380225,0.917886]],[[0.981688,0.0991961,-0.162629],[-0.18098,0.752096,-0.633718],[0.0594504,0.651546,0.756276]]],1],[692,[-0.222485,-0.86295,-0.453672],69,58.8363,[-26.7728,134.307,1.60469],[-30.1433,135.757,1.33255],[-82.4618,10.8174,10.0925],false,[-17.8722,97.2081,40.4392],[-9.81763,157.02,50.9552],[-23.8345,169.406,12.9898],[-29.3898,147.859,1.66201],[-30.001,131.386,2.39798],[[[0.930012,-0.0615329,-0.362342],[0.343207,-0.207286,0.916101],[-0.131479,-0.976343,-0.17166]],[[0.931418,-0.0506625,-0.360409],[0.15092,0.954876,0.255801],[0.331186,-0.292651,0.897035]],[[0.931418,-0.0506625,-0.360409],[-0.288031,0.502744,-0.815038],[0.222485,0.86295,0.453672]],[[0.931418,-0.0506625,-0.360409],[-0.362062,-0.0281929,-0.931727],[0.0370427,0.998318,-0.0446024]]],2],[693,[-0.387329,-0.843223,-0.372761],69,56.5726,[-14.7537,127.451,1.63564],[-18.8792,130.108,2.36074],[-69.6381,20.2571,23.4525],false,[-7.52318,97.087,37.3976],[7.64841,149.433,44.8143],[-7.0777,162.445,10.859],[-16.4992,141.934,1.79187],[-19.0828,125.869,3.88811],[[[0.871991,-0.188737,-0.451675],[0.404409,-0.242171,0.881933],[-0.275836,-0.951699,-0.134844]],[[0.869,-0.198875,-0.453088],[0.322402,0.922196,0.21357],[0.375362,-0.331668,0.865505]],[[0.869,-0.198875,-0.453088],[-0.307921,0.499423,-0.809791],[0.387329,0.843223,0.372761]],[[0.869,-0.198875,-0.453088],[-0.469084,-0.0396833,-0.882262],[0.157479,0.979221,-0.127774]]],3],[694,[-0.538418,-0.758852,-0.366402],69,44.3519,[-1.18834,128.644,4.4204],[-5.33094,131.825,5.08394],[-70.4234,33.6957,21.4871],false,[0.999853,96.1393,28.3074],[22.0092,141.999,35.2225],[7.43188,155.457,11.3404],[-1.81489,142.424,5.04783],[-5.71136,127.84,6.12995],[[[0.755318,-0.254992,-0.603717],[0.509144,-0.351701,0.785544],[-0.412635,-0.900714,-0.135818]],[[0.758758,-0.247415,-0.602554],[0.451493,0.866547,0.212723],[0.469511,-0.433454,0.769206]],[[0.758758,-0.247415,-0.602554],[-0.366596,0.602436,-0.708998],[0.538418,0.758852,0.366402]],[[0.758758,-0.247415,-0.602554],[-0.598338,0.100876,-0.794869],[0.257446,0.963644,-0.0714976]]],4]],[[0,200,0],[235.247,235.247,147.751]]],[69152,6092940209,[[69,"right",[0.181036,0.934282,0.307154],[-0.182762,0.338834,-0.922924],[-12.6785,137.561,40.339],[-84.2973,20.2193,15.7137],[-8.74467,128.851,33.8911],0.66185,1,0.151014,[[0.962417,-0.0992116,-0.252806],[0.208136,0.867424,0.451947],[0.174451,-0.487579,0.855473]],55.9505,[27.2575,-24.361,230.537],[-14.1011,91.2335,27.7225]]],[[690,[0.361769,0.893092,-0.267413],69,45.7618,[-20.3034,179.383,7.6702],[-24.4661,179.882,8.91311],[-98.4649,12.2222,18.4783],false,[-40.5679,94.4166,23.8572],[-40.5679,94.4166,23.8572],[-37.0991,137.864,19.2221],[-26.2684,164.601,11.2163],[-21.4322,184.164,7.18887],[[[0.587649,-0.165398,0.792031],[-0.766627,-0.42686,0.47966],[0.258751,-0.889064,-0.377642]],[[0.509156,0.0510068,0.859162],[-0.857028,0.121835,0.500659],[-0.0791387,-0.991239,0.105747]],[[0.509156,0.0510068,0.859162],[-0.78095,0.446973,0.43627],[-0.361769,-0.893092,0.267413]],[[0.509156,0.0510068,0.859162],[-0.827875,0.301976,0.472687],[-0.235336,-0.95195,0.19598]]],0],[691,[-0.112217,-0.379213,-0.91848],69,51.637,[-37.701,157.24,-9.43489],[-39.9234,157.553,-9.19791],[-104.856,4.96169,20.7893],false,[-28.8854,96.5917,40.9453],[-29.6009,159.867,53.9345],[-36.8475,172.865,19.2697],[-39.2291,164.817,-0.223418],[-40.0589,155.058,-11.5877],[[[0.983023,0.0474966,-0.177226],[0.183146,-0.195698,0.963411],[0.0110759,-0.979513,-0.201075]],[[0.980447,0.108111,-0.164424],[-0.0426933,0.932525,0.358572],[0.192095,-0.344542,0.918907]],[[0.980447,0.108111,-0.164424],[-0.16165,0.918972,-0.359666],[0.112217,0.379213,0.91848]],[[0.980447,0.108111,-0.164424],[-0.18885,0.751786,-0.631786],[0.0553082,0.650485,0.757503]]],1],[692,[-0.215796,-0.864067,-0.454775],69,58.8363,[-27.4238,134.472,1.7626],[-30.7829,135.825,1.62492],[-79.4022,10.2192,15.8731],false,[-18.1034,97.3139,40.5938],[-10.549,157.17,51.2266],[-24.7521,169.515,13.3171],[-30.1404,147.94,1.96181],[-30.6035,131.462,2.67132],[[[0.92976,-0.0526148,-0.364387],[0.3469,-0.206308,0.91493],[-0.123315,-0.977071,-0.173565]],[[0.931071,-0.0417714,-0.362439],[0.143134,0.955601,0.257563],[0.335588,-0.291687,0.895712]],[[0.931071,-0.0417714,-0.362439],[-0.294175,0.50164,-0.813522],[0.215796,0.864067,0.454775]],[[0.931071,-0.0417714,-0.362439],[-0.363757,-0.0298626,-0.931015],[0.0280665,0.998681,-0.0429989]]],2],[693,[-0.37732,-0.850827,-0.365681],69,56.5726,[-15.2194,127.691,1.8974],[-19.3371,130.154,2.90749],[-63.8656,15.8337,34.542],false,[-7.76004,97.2898,37.5307],[6.96982,149.749,45.0329],[-7.95023,162.678,11.1306],[-17.1283,141.982,2.23566],[-19.4574,125.901,4.49919],[[[0.872666,-0.180122,-0.453884],[0.408333,-0.240582,0.880559],[-0.267805,-0.95377,-0.136398]],[[0.869823,-0.190066,-0.455283],[0.314286,0.924809,0.214368],[0.380305,-0.329551,0.864155]],[[0.869823,-0.190066,-0.455283],[-0.317863,0.489866,-0.811785],[0.37732,0.850827,0.365681]],[[0.869823,-0.190066,-0.455283],[-0.472496,-0.0553737,-0.879592],[0.14197,0.980208,-0.137971]]],3],[694,[-0.529868,-0.766564,-0.362796],69,44.3519,[-1.65636,128.957,4.62559],[-5.83885,132.022,5.43333],[-66.4496,30.7329,26.259],false,[0.752081,96.4366,28.4209],[21.3749,142.463,35.3952],[6.6231,155.831,11.5702],[-2.47683,142.666,5.3396],[-6.16176,128.032,6.495],[[[0.75626,-0.247056,-0.605833],[0.513818,-0.348981,0.783711],[-0.405045,-0.903978,-0.136978]],[[0.75981,-0.239058,-0.604599],[0.443776,0.870314,0.213579],[0.475133,-0.430586,0.767362]],[[0.75981,-0.239058,-0.604599],[-0.376734,0.596013,-0.709112],[0.529868,0.766564,0.362796]],[[0.75981,-0.239058,-0.604599],[-0.602836,0.0891979,-0.792864],[0.243469,0.9669,-0.0763391]]],4]],[[0,200,0],[235.247,235.247,147.751]]],[69153,6092948603,[[69,"right",[0.17435,0.940743,0.290868],[-0.190228,0.322006,-0.927429],[-13.4456,138.095,40.6062],[-86.1325,31.4449,19.8816],[-9.1108,129.571,34.4141],0.660145,1,0.155421,[[0.962813,-0.0964052,-0.252384],[0.206703,0.864392,0.458367],[0.173969,-0.49349,0.852175]],55.9505,[26.7201,-25.4404,230.791],[-14.5243,91.5555,28.7589]]],[[690,[0.350871,0.892821,-0.282418],69,45.7618,[-21.164,179.434,7.67844],[-25.5449,179.778,8.48058],[-108.019,6.55231,0.978488],false,[-41.0365,94.445,24.9749],[-41.0365,94.445,24.9749],[-37.7688,137.812,19.5193],[-27.2643,164.542,11.0642],[-22.6107,184.076,6.69841],[[[0.592937,-0.147243,0.791673],[-0.760509,-0.425542,0.490449],[0.264675,-0.892879,-0.364299]],[[0.513141,0.0689615,0.85553],[-0.855061,0.127652,0.50257],[-0.0745524,-0.989419,0.12447]],[[0.513141,0.0689615,0.85553],[-0.783311,0.445101,0.433946],[-0.350871,-0.892821,0.282418]],[[0.513141,0.0689615,0.85553],[-0.827893,0.302751,0.47216],[-0.226452,-0.950571,0.212447]]],0],[691,[-0.113376,-0.395269,-0.911542],69,51.637,[-38.6166,157.116,-9.28403],[-41.1055,157.032,-9.11042],[-114.079,-12.1526,18.1981],false,[-29.2902,97.0021,41.9661],[-30.496,160.474,53.9187],[-38.0256,172.842,19.084],[-40.4318,164.453,-0.26187],[-41.2313,154.5,-11.4588],[[[0.981692,0.053097,-0.182923],[0.189557,-0.178225,0.965559],[0.0186667,-0.982556,-0.185027]],[[0.978649,0.113884,-0.171105],[-0.0490679,0.937847,0.343563],[0.199597,-0.327832,0.923411]],[[0.978649,0.113884,-0.171105],[-0.171443,0.911478,-0.373918],[0.113376,0.395269,0.911542]],[[0.978649,0.113884,-0.171105],[-0.198512,0.739528,-0.643189],[0.0532883,0.663422,0.746345]]],1],[692,[-0.210355,-0.873457,-0.439117],69,58.8363,[-28.0725,134.558,1.95068],[-31.7154,135.552,2.04143],[-87.4241,-0.0895634,24.5292],false,[-18.5167,97.8119,41.5486],[-11.4346,157.898,51.1596],[-25.9305,169.493,13.1241],[-31.1829,147.683,2.15975],[-31.4957,131.215,3.14994],[[[0.928394,-0.0505382,-0.368145],[0.353158,-0.188211,0.916436],[-0.115604,-0.980827,-0.156886]],[[0.929616,-0.0396845,-0.366387],[0.136035,0.960925,0.241074],[0.342504,-0.273948,0.89869]],[[0.929616,-0.0396845,-0.366387],[-0.302597,0.485282,-0.820327],[0.210355,0.873457,0.439117]],[[0.929616,-0.0396845,-0.366387],[-0.368042,-0.048841,-0.928525],[0.0189533,0.998018,-0.0600089]]],2],[693,[-0.37032,-0.861681,-0.346943],69,56.5726,[-15.6654,127.866,2.15946],[-20.1512,129.973,3.48201],[-72.0944,7.52691,43.0495],false,[-8.18864,97.8271,38.4344],[6.11795,150.529,45.0005],[-9.0751,162.785,10.9701],[-18.0829,141.826,2.53091],[-20.2152,125.771,5.146],[[[0.871981,-0.179991,-0.45525],[0.41472,-0.222512,0.882324],[-0.260109,-0.958171,-0.11938]],[[0.86927,-0.189799,-0.456449],[0.30724,0.93079,0.198076],[0.387264,-0.312421,0.867421]],[[0.86927,-0.189799,-0.456449],[-0.327464,0.47062,-0.819319],[0.37032,0.861681,0.346943]],[[0.86927,-0.189799,-0.456449],[-0.476945,-0.0792344,-0.875355],[0.129975,0.978621,-0.1594]]],3],[694,[-0.520994,-0.78204,-0.342021],69,44.3519,[-2.10516,129.199,4.8433],[-6.59475,131.932,5.94218],[-71.8933,20.4576,35.7093],false,[0.28601,96.898,29.2971],[20.539,143.21,35.4113],[5.54465,156.041,11.4427],[-3.40289,142.61,5.56887],[-6.8389,127.951,7.11095],[[[0.755425,-0.250423,-0.605493],[0.520676,-0.331571,0.786738],[-0.397781,-0.909587,-0.120087]],[[0.759269,-0.241539,-0.604293],[0.436205,0.877987,0.197137],[0.482945,-0.413276,0.771989]],[[0.759269,-0.241539,-0.604293],[-0.38997,0.574519,-0.719619],[0.520994,0.78204,0.342021]],[[0.759269,-0.241539,-0.604293],[-0.609895,0.0598283,-0.790221],[0.227023,0.968545,-0.101888]]],4]],[[0,200,0],[235.247,235.247,147.751]]],[69154,6092957251,[[69,"right",[0.166215,0.944783,0.282414],[-0.202321,0.312979,-0.92796],[-14.0935,138.388,40.8361],[-83.1549,32.1004,21.6608],[-9.52031,130.296,34.9419],0.657615,1,0.158913,[[0.963707,-0.092952,-0.250256],[0.203742,0.861828,0.46448],[0.172503,-0.498611,0.849488]],55.9505,[26.1494,-26.4564,230.733],[-14.7474,91.7535,29.3376]]],[[690,[0.336516,0.895773,-0.290426],69,45.7618,[-22.1353,179.455,7.67941],[-26.6874,179.677,8.44344],[-116.128,2.71811,0.0930412],false,[-41.3242,94.3134,25.7761],[-41.3242,94.3134,25.7761],[-38.3512,137.644,19.8749],[-28.2764,164.461,11.18],[-23.8647,184.011,6.63733],[[[0.601753,-0.134653,0.78725],[-0.751103,-0.430536,0.500483],[0.271548,-0.892472,-0.360215]],[[0.520542,0.0800573,0.850075],[-0.851138,0.127744,0.509162],[-0.0678295,-0.988571,0.134636]],[[0.520542,0.0800573,0.850075],[-0.784725,0.437243,0.439347],[-0.336516,-0.895773,0.290426]],[[0.520542,0.0800573,0.850075],[-0.826406,0.297566,0.478025],[-0.214684,-0.951339,0.221056]]],0],[691,[-0.117123,-0.403277,-0.907551],69,51.637,[-39.6632,156.917,-9.07285],[-42.4182,156.642,-8.75678],[-123.957,-20.7094,24.2308],false,[-29.454,97.1291,42.6398],[-31.277,160.67,54.1415],[-39.2641,172.699,19.2903],[-41.7499,164.14,0.0290462],[-42.5368,154.095,-11.086],[[[0.979318,0.0629068,-0.192301],[0.200351,-0.168938,0.965049],[0.0282213,-0.983617,-0.178047]],[[0.975687,0.123735,-0.180899],[-0.0566307,0.939689,0.337309],[0.211725,-0.318864,0.92385]],[[0.975687,0.123735,-0.180899],[-0.185248,0.906674,-0.37898],[0.117123,0.403277,0.907551]],[[0.975687,0.123735,-0.180899],[-0.212799,0.732365,-0.646806],[0.0524511,0.669576,0.74089]]],1],[692,[-0.204241,-0.879184,-0.430489],69,58.8363,[-28.773,134.599,2.17954],[-32.6747,135.341,2.48414],[-93.3412,-6.03084,31.3241],false,[-18.6947,98.0581,42.1176],[-12.2133,158.291,51.2265],[-27.1861,169.437,13.2419],[-32.2858,147.485,2.49292],[-32.3985,131.022,3.61344],[[[0.925527,-0.0426899,-0.376269],[0.363603,-0.177425,0.914502],[-0.105799,-0.983208,-0.148689]],[[0.926637,-0.031841,-0.374605],[0.127235,0.964171,0.232779],[0.353772,-0.263365,0.897488]],[[0.926637,-0.031841,-0.374605],[-0.31564,0.475417,-0.821188],[0.204241,0.879184,0.430489]],[[0.926637,-0.031841,-0.374605],[-0.375894,-0.060368,-0.924694],[0.00682906,0.997668,-0.0679081]]],2],[693,[-0.363209,-0.868873,-0.336361],69,56.5726,[-16.1444,128.017,2.43022],[-21.0157,129.898,3.89513],[-79.2264,4.02004,43.7032],false,[-8.39622,98.1679,38.9087],[5.36573,151.076,44.9604],[-10.2738,162.912,10.9834],[-19.1086,141.777,2.80163],[-21.0203,125.721,5.57629],[[[0.869809,-0.173414,-0.461909],[0.42524,-0.211274,0.880076],[-0.250207,-0.96192,-0.110025]],[[0.867198,-0.183266,-0.463013],[0.298411,0.935622,0.188579],[0.398645,-0.301704,0.866058]],[[0.867198,-0.183266,-0.463013],[-0.340656,0.459862,-0.820049],[0.363209,0.868873,0.336361]],[[0.867198,-0.183266,-0.463013],[-0.484137,-0.0927131,-0.870066],[0.116526,0.978682,-0.169126]]],3],[694,[-0.511587,-0.794443,-0.32732],69,44.3519,[-2.57807,129.417,5.07258],[-7.36653,131.957,6.30695],[-75.8351,16.3206,37.3618],false,[0.00510171,97.2679,29.7011],[19.7818,143.851,35.2927],[4.41704,156.324,11.3697],[-4.36894,142.68,5.74834],[-7.52458,127.985,7.52833],[[[0.752705,-0.246272,-0.610561],[0.531564,-0.319822,0.784318],[-0.388427,-0.914912,-0.109822]],[[0.756872,-0.23634,-0.609335],[0.4269,0.88473,0.187109],[0.494875,-0.401742,0.77052]],[[0.756872,-0.23634,-0.609335],[-0.406723,0.559467,-0.7222],[0.511587,0.794443,0.32732]],[[0.756872,-0.23634,-0.609335],[-0.619414,0.0380323,-0.784143],[0.208498,0.970926,-0.117606]]],4]],[[0,200,0],[235.247,235.247,147.751]]],[69155,6092965903,[[69,"right",[0.158443,0.947051,0.279266],[-0.20606,0.308327,-0.928695],[-14.6182,138.482,40.8985],[-77.1784,26.4493,17.8245],[-9.94637,130.98,35.4397],0.656951,1,0.15978,[[0.965472,-0.0891406,-0.24478],[0.198279,0.860899,0.468549],[0.168964,-0.500906,0.848849]],55.9505,[25.1718,-26.9467,230.79],[-14.886,91.8074,29.5465]]],[[690,[0.327188,0.898461,-0.292773],69,45.7618,[-23.0709,179.446,7.65869],[-27.4854,179.558,8.34387],[-111.315,-0.903926,-2.4564],false,[-41.4878,94.1285,26.0083],[-41.4878,94.1285,26.0083],[-38.7814,137.449,19.9086],[-28.986,164.347,11.1435],[-24.7539,183.923,6.5414],[[[0.603789,-0.12703,0.786958],[-0.746812,-0.435379,0.502709],[0.278766,-0.89124,-0.357745]],[[0.520882,0.0870272,0.849181],[-0.851393,0.124921,0.509436],[-0.0617461,-0.988343,0.139164]],[[0.520882,0.0870272,0.849181],[-0.788435,0.430342,0.439518],[-0.327188,-0.898461,0.292773]],[[0.520882,0.0870272,0.849181],[-0.828415,0.291529,0.478267],[-0.205939,-0.952595,0.223947]]],0],[691,[-0.114704,-0.407143,-0.906133],69,51.637,[-40.6173,156.691,-8.90969],[-43.1545,156.337,-8.71374],[-113.588,-24.4412,19.1103],false,[-29.6227,97.0985,42.8491],[-31.9766,160.657,54.1545],[-40.1068,172.513,19.277],[-42.5412,163.872,0.0458597],[-43.2544,153.784,-11.0355],[[[0.978521,0.070684,-0.193649],[0.2029,-0.164192,0.965335],[0.0364381,-0.983893,-0.175007]],[[0.974384,0.131509,-0.182433],[-0.0642522,0.940179,0.334566],[0.215518,-0.314274,0.924545]],[[0.974384,0.131509,-0.182433],[-0.193441,0.903847,-0.381629],[0.114704,0.407143,0.906133]],[[0.974384,0.131509,-0.182433],[-0.21981,0.728392,-0.648944],[0.0475409,0.672421,0.73864]]],1],[692,[-0.197113,-0.88241,-0.4272],69,58.8363,[-29.4311,134.603,2.38409],[-33.209,135.143,2.60085],[-84.8984,-10.1214,26.3222],false,[-18.8724,98.118,42.3114],[-12.8966,158.432,51.2244],[-28.008,169.329,13.2224],[-32.9297,147.296,2.55561],[-32.8977,130.838,3.73502],[[[0.925425,-0.0359452,-0.377222],[0.36616,-0.17144,0.914623],[-0.0975472,-0.984539,-0.145493]],[[0.926442,-0.0251107,-0.375599],[0.119255,0.965958,0.229571],[0.357048,-0.257476,0.897899]],[[0.926442,-0.0251107,-0.375599],[-0.320704,0.469812,-0.822451],[0.197113,0.882409,0.4272]],[[0.926442,-0.0251107,-0.375599],[-0.376432,-0.0669488,-0.924022],[-0.00194299,0.99744,-0.0714766]]],2],[693,[-0.354785,-0.874941,-0.329555],69,56.5726,[-16.5991,128.131,2.68534],[-21.4562,129.729,4.13656],[-71.85,-2.35635,39.1777],false,[-8.57896,98.3059,39.0901],[4.73639,151.348,44.9602],[-11.0605,162.885,10.9531],[-19.6904,141.603,2.93688],[-21.4246,125.549,5.83545],[[[0.87073,-0.16741,-0.462389],[0.428046,-0.204867,0.880231],[-0.242087,-0.964367,-0.106725]],[[0.868157,-0.177461,-0.463477],[0.290125,0.939163,0.183848],[0.402655,-0.294075,0.866827]],[[0.868157,-0.177461,-0.463477],[-0.347032,0.45054,-0.822546],[0.354785,0.874941,0.329555]],[[0.868157,-0.177461,-0.463477],[-0.484901,-0.104391,-0.868316],[0.10571,0.978575,-0.176679]]],3],[694,[-0.503047,-0.802136,-0.321747],69,44.3519,[-3.02762,129.605,5.28609],[-7.79889,131.938,6.4786],[-68.8777,11.9467,32.419],false,[-0.180832,97.449,29.8754],[19.2027,144.217,35.2982],[3.69849,156.474,11.3537],[-4.94084,142.698,5.828],[-7.91144,127.978,7.71518],[[[0.754084,-0.241733,-0.610674],[0.535184,-0.312801,0.784687],[-0.380704,-0.918543,-0.106507]],[[0.758402,-0.231177,-0.609412],[0.418879,0.889211,0.18397],[0.499366,-0.394793,0.771215]],[[0.758402,-0.231177,-0.609412],[-0.414451,0.550577,-0.724635],[0.503047,0.802136,0.321747]],[[0.758402,-0.231177,-0.609412],[-0.621533,0.0250465,-0.782988],[0.196273,0.972589,-0.124689]]],4]],[[0,200,0],[235.247,235.247,147.751]]],[69156,6092974701,[[69,"right",[0.152154,0.948317,0.278466],[-0.210958,0.306414,-0.928228],[-15.0173,138.453,41.0197],[-68.6103,18.4371,16.7346],[-10.3768,131.614,35.9133],0.656965,1,0.163721,[[0.966942,-0.0865319,-0.239864],[0.193987,0.860157,0.471699],[0.165504,-0.502636,0.848508]],55.9505,[24.2687,-27.391,230.849],[-14.9687,91.7732,29.686]]],[[690,[0.318397,0.901406,-0.293413],69,45.7618,[-23.9816,179.411,7.67941],[-28.2549,179.427,8.46969],[-106.378,-3.94451,2.42533],false,[-41.5968,93.8944,26.2216],[-41.5968,93.8944,26.2216],[-39.1981,137.226,20.073],[-29.6658,164.212,11.2887],[-25.6133,183.824,6.67706],[[[0.606924,-0.122211,0.785308],[-0.74213,-0.440741,0.504965],[0.284405,-0.889276,-0.358193]],[[0.522544,0.091359,0.847704],[-0.850854,0.119695,0.511586],[-0.0547276,-0.988598,0.140279]],[[0.522544,0.091359,0.847704],[-0.790931,0.423227,0.441935],[-0.318397,-0.901406,0.293413]],[[0.522544,0.091359,0.847704],[-0.829493,0.284434,0.480664],[-0.197203,-0.954333,0.224411]]],0],[691,[-0.114198,-0.40838,-0.90564],69,51.637,[-41.4914,156.456,-8.73697],[-43.8244,156.075,-8.51494],[-103.447,-25.7734,20.0185],false,[-29.7071,96.9595,43.0279],[-32.5035,160.503,54.3161],[-40.82,172.289,19.4588],[-43.2437,163.622,0.238143],[-43.9123,153.523,-10.836],[[[0.97742,0.0779068,-0.19642],[0.206825,-0.162293,0.964824],[0.0432887,-0.983662,-0.174741]],[[0.97286,0.138699,-0.185217],[-0.0702935,0.939764,0.334517],[0.220458,-0.312419,0.924009]],[[0.97286,0.138699,-0.185217],[-0.20125,0.902213,-0.381458],[0.114198,0.40838,0.90564]],[[0.97286,0.138699,-0.185217],[-0.227061,0.726384,-0.648699],[0.0445651,0.673149,0.738163]]],1],[692,[-0.191634,-0.88418,-0.42603],69,58.8363,[-30.0501,134.577,2.58272],[-33.6824,134.949,2.79748],[-76.4458,-13.0634,24.9341],false,[-18.9662,98.059,42.4596],[-13.4157,158.419,51.3333],[-28.7146,169.187,13.3694],[-33.4995,147.11,2.73181],[-33.3389,130.653,3.92425],[[[0.924606,-0.029188,-0.379804],[0.369992,-0.168342,0.913656],[-0.0906048,-0.985296,-0.144851]],[[0.925545,-0.0183729,-0.378192],[0.112698,0.966921,0.228831],[0.361477,-0.254414,0.896999]],[[0.925545,-0.0183729,-0.378192],[-0.326562,0.466784,-0.82187],[0.191634,0.88418,0.42603]],[[0.925545,-0.0183729,-0.378192],[-0.378513,-0.0705661,-0.922902],[-0.00973119,0.997338,-0.0722665]]],2],[693,[-0.346958,-0.880802,-0.322192],69,56.5726,[-17.0175,128.212,2.93766],[-21.7965,129.541,4.51369],[-62.6724,-7.47989,40.4562],false,[-8.68354,98.3223,39.2094],[4.25201,151.465,45.0223],[-11.7353,162.834,11.0478],[-20.1748,141.41,3.21068],[-21.7115,125.362,6.25554],[[[0.870655,-0.16109,-0.464768],[0.432029,-0.201321,0.879103],[-0.235182,-0.966188,-0.105685]],[[0.868063,-0.171523,-0.465883],[0.283553,0.941591,0.181672],[0.40751,-0.289805,0.865996]],[[0.868063,-0.171523,-0.465883],[-0.355088,0.441324,-0.824103],[0.346958,0.880802,0.322192]],[[0.868063,-0.171523,-0.465883],[-0.487538,-0.117471,-0.865163],[0.0936672,0.978152,-0.185596]]],3],[694,[-0.496193,-0.80791,-0.317921],69,44.3519,[-3.45683,129.767,5.48973],[-8.17873,131.896,6.6672],[-61.8778,7.8729,29.1031],false,[-0.305119,97.5245,29.9715],[18.744,144.438,35.3224],[3.07774,156.564,11.4164],[-5.44388,142.689,5.95647],[-8.25122,127.945,7.90655],[[[0.754152,-0.23634,-0.612698],[0.539701,-0.308489,0.783299],[-0.374136,-0.9214,-0.105095]],[[0.758573,-0.225301,-0.611397],[0.412262,0.892582,0.182584],[0.504585,-0.39056,0.769972]],[[0.758573,-0.225301,-0.611397],[-0.422325,0.544538,-0.724652],[0.496194,0.80791,0.317921]],[[0.758573,-0.225301,-0.611397],[-0.624629,0.0156669,-0.780764],[0.185486,0.974163,-0.128845]]],4]],[[0,200,0],[235.247,235.247,147.751]]],[69157,6092983249,[[69,"right",[0.14771,0.949658,0.276281],[-0.215104,0.303505,-0.928232],[-15.3913,138.458,41.1477],[-62.0776,13.7484,16.2734],[-10.7858,132.172,36.3403],0.656784,1,0.167988,[[0.967841,-0.0850502,-0.23675],[0.191495,0.85939,0.474108],[0.163138,-0.504197,0.84804]],55.9505,[23.5588,-27.7764,230.953],[-15.1177,91.7579,29.9013]]],[[690,[0.311636,0.903134,-0.295352],69,45.7618,[-24.8039,179.36,7.71609],[-28.9118,179.304,8.54602],[-99.7327,-6.13766,4.46118],false,[-41.7663,93.7272,26.5043],[-41.7663,93.7272,26.5043],[-39.5834,137.054,20.2465],[-30.2536,164.093,11.4042],[-26.3379,183.723,6.75548],[[[0.609675,-0.117413,0.783907],[-0.738361,-0.443833,0.507775],[0.288305,-0.888384,-0.357287]],[[0.524304,0.0957914,0.846126],[-0.850073,0.116993,0.513506],[-0.0498013,-0.988502,0.14277]],[[0.524304,0.0957914,0.846126],[-0.792457,0.418538,0.443665],[-0.311636,-0.903134,0.295352]],[[0.524304,0.0957914,0.846126],[-0.829939,0.279828,0.482595],[-0.190541,-0.955259,0.226216]]],0],[691,[-0.114374,-0.410739,-0.904551],69,51.637,[-42.2537,156.229,-8.57115],[-44.4256,155.828,-8.33872],[-94.7063,-26.454,20.1556],false,[-29.8487,96.8888,43.273],[-32.9622,160.438,54.4496],[-41.4363,172.116,19.5943],[-43.8637,163.399,0.396752],[-44.5062,153.275,-10.6554],[[[0.976452,0.0828723,-0.199182],[0.210281,-0.15934,0.964569],[0.0481983,-0.983739,-0.173014]],[[0.971591,0.143654,-0.188081],[-0.074503,0.939957,0.333062],[0.224634,-0.309587,0.923956]],[[0.971591,0.143654,-0.188081],[-0.207195,0.900365,-0.38264],[0.114374,0.410739,0.904551]],[[0.971591,0.143654,-0.188081],[-0.23276,0.72382,-0.649544],[0.0428271,0.674869,0.736694]]],1],[692,[-0.187854,-0.886159,-0.423595],69,58.8363,[-30.6064,134.532,2.76899],[-34.1317,134.769,3.00266],[-70.1208,-14.8633,24.4104],false,[-19.1155,98.0459,42.6739],[-13.8713,158.452,51.4197],[-29.3301,169.063,13.4763],[-34.0206,146.937,2.89956],[-33.7647,130.484,4.12883],[[[0.923736,-0.0248552,-0.382223],[0.373342,-0.164595,0.912976],[-0.0856041,-0.986048,-0.142762]],[[0.924618,-0.0140574,-0.380637],[0.108032,0.96796,0.226676],[0.365255,-0.25071,0.896512]],[[0.924618,-0.0140574,-0.380637],[-0.33135,0.463167,-0.821999],[0.187854,0.886159,0.423595]],[[0.924618,-0.0140574,-0.380637],[-0.38058,-0.0747856,-0.921719],[-0.0155093,0.997101,-0.0744981]]],2],[693,[-0.341,-0.885863,-0.314587],69,56.5726,[-17.3839,128.263,3.17096],[-22.1355,129.351,4.87538],[-56.5303,-11.3489,40.8913],false,[-8.84313,98.3593,39.3956],[3.81722,151.582,45.0744],[-12.3347,162.757,11.113],[-20.6293,141.209,3.46094],[-22.012,125.176,6.64829],[[[0.87028,-0.15721,-0.466795],[0.435465,-0.197299,0.878318],[-0.230179,-0.967656,-0.103246]],[[0.867695,-0.167845,-0.467902],[0.278574,0.943766,0.17805],[0.411705,-0.284839,0.865659]],[[0.867695,-0.167845,-0.467902],[-0.361696,0.43252,-0.825895],[0.341,0.885864,0.314587]],[[0.867695,-0.167845,-0.467902],[-0.489899,-0.12914,-0.862161],[0.0842851,0.977318,-0.194281]]],3],[694,[-0.48996,-0.814109,-0.311715],69,44.3519,[-3.84185,129.895,5.6795],[-8.51388,131.806,6.90791],[-55.6997,3.39699,28.7797],false,[-0.485141,97.5898,30.1369],[18.3215,144.616,35.3489],[2.52005,156.603,11.4615],[-5.8945,142.621,6.10816],[-8.54256,127.863,8.17066]