{"metadata":{"formatVersion":2,"generatedBy":"LeapJS Playback 0.2.1","frames":251,"protocolVersion":6,"serviceVersion":"2.2.4+26750","frameRate":"1.1e+2","modified":"Sun Apr 12 2015 15:14:20 GMT-0300 (E. South America Standard Time)"},"frames":[["id","timestamp",{"hands":[["id","type","direction","palmNormal","palmPosition","palmVelocity","stabilizedPalmPosition","pinchStrength","grabStrength","confidence","armBasis","armWidth","elbow","wrist"]]},{"pointables":[["id","direction","handId","length","stabilizedTipPosition","tipPosition","tipVelocity","tool","carpPosition","mcpPosition","pipPosition","dipPosition","btipPosition","bases","type"]]},{"interactionBox":["center","size"]}],[23552,5523506253,[[18,"right",[-0.00997902,0.968215,-0.249921],[0.159473,-0.245193,-0.956268],[-37.6081,112.223,26.2518],[-10.0511,-7.98679,-6.82491],[-37.3488,112.399,26.426],0,0,0.455681,[[0.986357,0.0474362,0.157637],[-0.0954725,0.94493,0.313036],[-0.134107,-0.323815,0.936568]],54.135,[-62.1049,-5.25495,257.046],[-31.3427,69.0237,42.2112]]],[[180,[0.551244,0.602755,-0.576902],18,44.2768,[-29.8561,117.66,-16.7578],[-31.2161,117.84,-16.76],[7.80665,-7.60682,-15.2836],false,[-53.7591,62.7627,30.4832],[-53.7591,62.7627,30.4832],[-59.5521,96.2998,5.18079],[-43.5843,113.76,-11.5302],[-25.7165,118.681,-18.7317],[[[0.252643,0.428115,0.867692],[-0.861878,-0.307961,0.402897],[0.439702,-0.849633,0.291179]],[[0.144941,0.61175,0.777659],[-0.979966,-0.0197514,0.198185],[0.136599,-0.790805,0.596631]],[[0.144941,0.61175,0.777659],[-0.821658,0.512297,-0.24986],[-0.551244,-0.602755,0.576902]],[[0.144941,0.61175,0.777659],[-0.414046,0.751334,-0.513871],[-0.898643,-0.247505,0.362192]]],0],[181,[-0.28822,0.927334,-0.238708],18,49.9615,[-77.4102,196.513,4.4149],[-78.9467,195.58,4.65984],[-38.2657,-17.9561,7.35457],false,[-49.7349,75.9762,45.138],[-59.1093,132.187,19.4661],[-69.9798,166.539,13.6301],[-75.8983,185.581,8.72836],[-79.9383,198.796,4.28442],[[[0.971463,0.211262,0.107838],[-0.183754,0.382837,0.905357],[0.149983,-0.899336,0.410732]],[[0.948577,0.310576,0.0611971],[-0.107253,0.133441,0.985236],[0.297824,-0.941136,0.159889]],[[0.948577,0.310576,0.0611971],[-0.130887,0.208794,0.969161],[0.28822,-0.927334,0.238708]],[[0.948577,0.310576,0.0611971],[-0.150796,0.273375,0.950014],[0.278321,-0.910389,0.306151]]],1],[182,[-0.117951,0.91781,-0.379094],18,56.9271,[-48.9321,206.455,-1.3276],[-50.1755,205.687,-1.90191],[-30.306,-9.28014,-5.80696],false,[-40.0224,79.1662,47.3578],[-40.9323,133.653,24.0406],[-45.7861,172.401,11.714],[-48.6357,194.574,2.55554],[-50.5014,208.777,-4.49383],[[[0.999791,0.0194357,0.00640572],[-0.0135341,0.393204,0.919352],[0.0153495,-0.919246,0.393385]],[[0.992948,0.11358,-0.0339604],[-0.00205534,0.302918,0.953014],[0.118531,-0.946224,0.301016]],[[0.992948,0.11358,-0.0339604],[-0.0118884,0.380426,0.924735],[0.117951,-0.91781,0.379094]],[[0.992948,0.11358,-0.0339604],[-0.0199399,0.4424,0.896596],[0.11686,-0.889596,0.441546]]],2],[183,[0.00838486,0.926158,-0.377043],18,54.7369,[-21.4261,198.364,2.90594],[-22.3221,198.179,2.70411],[5.08937,4.80524,9.52125],false,[-29.6598,80.3096,47.8533],[-22.5488,129.264,28.2317],[-22.0721,165.352,16.4716],[-21.8748,187.149,7.59788],[-21.7962,201.476,0.765489],[[[0.989309,-0.145748,-0.00509731],[0.0584272,0.364084,0.929532],[-0.133621,-0.919892,0.368707]],[[0.99825,-0.029826,-0.0510642],[0.057788,0.308631,0.949425],[-0.0125575,-0.950714,0.309814]],[[0.99825,-0.029826,-0.0510642],[0.0585392,0.375954,0.924787],[-0.00838486,-0.926158,0.377043]],[[0.99825,-0.029826,-0.0510642],[0.058929,0.429422,0.901179],[-0.00495046,-0.902611,0.430428]]],3],[184,[0.0979839,0.9383,-0.33165],18,42.9127,[-0.114583,177.508,12.8328],[-0.446222,177.411,12.0864],[11.6209,-7.42065,-35.6286],false,[-18.661,77.3269,43.812],[-5.69019,122.467,28.9478],[-2.23331,151.336,21.3927],[-0.605143,166.927,15.8818],[0.619687,180.326,10.1013],[[[0.94385,-0.309376,-0.115904],[0.199553,0.254272,0.946321],[-0.263298,-0.916314,0.301732]],[[0.973775,-0.159153,-0.162579],[0.196264,0.226195,0.954105],[-0.115075,-0.960992,0.251499]],[[0.973775,-0.159153,-0.162579],[0.205331,0.307023,0.929288],[-0.0979839,-0.9383,0.33165]],[[0.973775,-0.159153,-0.162579],[0.21158,0.370783,0.904298],[-0.0836406,-0.914981,0.394733]]],4]],[[0,200,0],[235.247,235.247,147.751]]],[23553,5523514513,[[18,"right",[-0.0135616,0.967825,-0.251259],[0.15901,-0.245997,-0.956139],[-37.7168,112.133,26.1204],[-10.8429,-8.72866,-9.14034],[-37.4171,112.349,26.3693],0,0,0.466487,[[0.985982,0.0499468,0.1592],[-0.0981732,0.945165,0.31149],[-0.134912,-0.322752,0.936819]],54.135,[-62.2319,-5.05744,257.024],[-31.2851,68.9773,42.1317]]],[[180,[0.550735,0.602476,-0.57768],18,44.2768,[-29.8525,117.63,-16.8424],[-31.2064,117.727,-16.9542],[5.55602,-7.89756,-17.6038],false,[-53.6961,62.6248,30.4427],[-53.6961,62.6248,30.4427],[-59.4808,96.1181,5.0805],[-43.5278,113.57,-11.653],[-25.7442,118.644,-18.9565],[[[0.252371,0.430175,0.866752],[-0.860299,-0.310284,0.404488],[0.44294,-0.847746,0.291772]],[[0.144095,0.61308,0.776769],[-0.980118,-0.0197803,0.197429],[0.136404,-0.789773,0.59804]],[[0.144095,0.61308,0.776769],[-0.822149,0.511034,-0.250831],[-0.550735,-0.602476,0.57768]],[[0.144095,0.61308,0.776769],[-0.423411,0.747674,-0.511572],[-0.894405,-0.255177,0.367321]]],0],[181,[-0.291726,0.926149,-0.239048],18,49.9615,[-77.7547,196.341,4.54017],[-79.368,195.33,4.50662],[-41.5118,-21.1542,0.625258],false,[-49.6965,75.8723,45.0736],[-59.2938,132.016,19.3358],[-70.2891,166.324,13.4827],[-76.2796,185.342,8.57397],[-80.3713,198.54,4.12655],[[[0.970892,0.214668,0.106234],[-0.183822,0.383486,0.905068],[0.15355,-0.898252,0.411785]],[[0.947611,0.313839,0.0594854],[-0.106242,0.134039,0.985264],[0.301241,-0.939967,0.16036]],[[0.947611,0.313839,0.0594854],[-0.130115,0.209171,0.969184],[0.291726,-0.926149,0.239048]],[[0.947611,0.313839,0.0594854],[-0.150242,0.273571,0.950045],[0.281888,-0.90921,0.306391]]],1],[182,[-0.118737,0.918731,-0.376609],18,56.9271,[-49.2355,206.235,-1.67656],[-50.4885,205.568,-2.09931],[-30.0951,-8.81902,-5.76054],false,[-39.9919,79.0979,47.2758],[-41.1157,133.549,23.8838],[-46.0001,172.291,11.5526],[-48.8686,194.487,2.45419],[-50.748,208.723,-4.5239],[[[0.999727,0.0227957,0.00503189],[-0.0136187,0.394444,0.918819],[0.0189603,-0.918637,0.394647]],[[0.992859,0.114245,-0.0343288],[-0.0019243,0.303073,0.952965],[0.119276,-0.946095,0.301128]],[[0.992859,0.114245,-0.0343288],[-0.011487,0.377996,0.925736],[0.118737,-0.918731,0.376609]],[[0.992859,0.114245,-0.0343288],[-0.019324,0.438,0.898767],[0.117716,-0.891686,0.437081]]],2],[183,[0.0163181,0.929036,-0.369629],18,54.7369,[-21.4245,198.361,2.88951],[-22.0926,198.228,2.75487],[16.6224,7.75704,15.9785],false,[-29.6325,80.2767,47.7558],[-22.712,129.227,28.0563],[-21.9421,165.366,16.4686],[-21.5581,187.23,7.76938],[-21.3514,201.628,1.08785],[[[0.989784,-0.142438,-0.00622635],[0.0584534,0.365579,0.928943],[-0.130041,-0.919817,0.370171]],[[0.998154,-0.0367648,-0.04834],[0.0572453,0.303728,0.951038],[-0.0202825,-0.952049,0.305272]],[[0.998154,-0.0367648,-0.04834],[0.0584989,0.368158,0.927921],[-0.0163181,-0.929036,0.369629]],[[0.998154,-0.0367648,-0.04834],[0.0593197,0.419518,0.905807],[-0.0130224,-0.907002,0.420924]]],3],[184,[0.102188,0.938101,-0.330945],18,42.9127,[-0.0827387,177.493,12.741],[-0.433785,177.393,11.8117],[11.6512,-5.5061,-32.1698],false,[-18.6292,77.3253,43.7039],[-5.82979,122.488,28.7592],[-2.25654,151.335,21.1772],[-0.558518,166.923,15.678],[0.731695,180.328,9.92542],[[[0.944726,-0.306373,-0.116743],[0.199969,0.256265,0.945696],[-0.259818,-0.916768,0.303365]],[[0.973291,-0.163039,-0.161624],[0.196355,0.226428,0.954031],[-0.118948,-0.960286,0.252394]],[[0.973291,-0.163039,-0.161624],[0.205577,0.30559,0.929706],[-0.102188,-0.938101,0.330945]],[[0.973291,-0.163039,-0.161624],[0.211994,0.368098,0.905297],[-0.0881054,-0.915381,0.39283]]],4]],[[0,200,0],[235.247,235.247,147.751]]],[23554,5523523345,[[18,"right",[-0.015518,0.967598,-0.252019],[0.158466,-0.246484,-0.956104],[-37.7604,112.066,26.057],[-9.24734,-8.407,-8.61125],[-37.4763,112.301,26.3155],0,0,0.47729,[[0.985762,0.0511095,0.160189],[-0.0994622,0.945377,0.310435],[-0.135573,-0.321947,0.937]],54.135,[-62.3351,-4.91516,257.031],[-31.2366,68.9349,42.0962]]],[[180,[0.552036,0.601221,-0.577745],18,44.2768,[-29.8316,117.602,-16.9186],[-31.0576,117.642,-17.08],[8.24353,-7.37484,-16.8559],false,[-53.6483,62.5337,30.4352],[-53.6483,62.5337,30.4352],[-59.3251,96.0061,5.02095],[-43.3343,113.422,-11.7145],[-25.6242,118.62,-19.1084],[[[0.252499,0.431312,0.866149],[-0.859339,-0.311469,0.405615],[0.444726,-0.846733,0.291997]],[[0.143927,0.613782,0.776245],[-0.980493,-0.0176564,0.195759],[0.133859,-0.789278,0.599268]],[[0.143927,0.613782,0.776245],[-0.821304,0.511669,-0.252298],[-0.552036,-0.601221,0.577745]],[[0.143927,0.613782,0.776245],[-0.43118,0.744933,-0.509076],[-0.890713,-0.261431,0.371867]]],0],[181,[-0.293671,0.925564,-0.238932],18,49.9615,[-78.1466,196.136,4.65548],[-79.5841,195.182,4.45816],[-36.8965,-20.029,-1.16063],false,[-49.6571,75.7999,45.0514],[-59.3793,131.906,19.2786],[-70.4425,166.193,13.4252],[-76.4729,185.199,8.51879],[-80.5938,198.388,4.07439],[[[0.970622,0.216457,0.10507],[-0.183571,0.383889,0.904948],[0.155548,-0.89765,0.412346]],[[0.947118,0.315551,0.0582653],[-0.105337,0.134227,0.985336],[0.303103,-0.939367,0.160368]],[[0.947118,0.315551,0.0582653],[-0.129323,0.209186,0.969287],[0.293671,-0.925564,0.238932]],[[0.947118,0.315551,0.0582653],[-0.149559,0.273449,0.950188],[0.2839,-0.908655,0.306182]]],1],[182,[-0.1169,0.920452,-0.372965],18,56.9271,[-49.5011,206.039,-1.96156],[-50.5174,205.533,-2.12738],[-20.1243,-5.41321,0.312515],false,[-39.9559,79.0444,47.2411],[-41.1992,133.474,23.8067],[-46.0059,172.25,11.5511],[-48.8301,194.487,2.54066],[-50.6815,208.766,-4.35802],[[[0.999691,0.0245548,0.00399156],[-0.0133734,0.395156,0.918517],[0.0209767,-0.918286,0.395362]],[[0.993086,0.112391,-0.0338927],[-0.00154328,0.301193,0.953562],[0.11738,-0.946917,0.299284]],[[0.993086,0.112391,-0.0338927],[-0.0107214,0.374349,0.927226],[0.1169,-0.920452,0.372965]],[[0.993086,0.112391,-0.0338927],[-0.0182535,0.433049,0.901185],[0.115962,-0.894336,0.432107]]],2],[183,[0.0236841,0.930382,-0.365826],18,54.7369,[-21.3918,198.361,2.8805],[-21.7607,198.234,2.77507],[26.4287,6.75516,15.61],false,[-29.5981,80.2417,47.7096],[-22.7837,129.188,27.9639],[-21.7392,165.341,16.443],[-21.1818,187.238,7.83333],[-20.8569,201.672,1.23638],[[[0.990026,-0.140705,-0.00712432],[0.0587596,0.366426,0.92859],[-0.128047,-0.919747,0.371039]],[[0.997995,-0.0434887,-0.0459906],[0.0570021,0.301635,0.951718],[-0.0275166,-0.952431,0.303509]],[[0.997995,-0.0434887,-0.0459906],[0.0586981,0.364003,0.929546],[-0.0236841,-0.930382,0.365826]],[[0.997995,-0.0434887,-0.0459906],[0.0598938,0.413821,0.908386],[-0.0204726,-0.909319,0.415596]]],3],[184,[0.107582,0.938938,-0.326836],18,42.9127,[-0.0427115,177.481,12.6668],[-0.249075,177.381,11.7546],[15.9233,-3.33316,-20.9209],false,[-18.5937,77.3064,43.6487],[-5.88896,122.479,28.6549],[-2.16908,151.322,21.1271],[-0.381411,166.924,15.6962],[0.99377,180.357,10.0285],[[[0.945143,-0.304807,-0.117464],[0.200484,0.257374,0.945286],[-0.257898,-0.916979,0.304364]],[[0.972701,-0.167397,-0.160722],[0.196263,0.223847,0.954659],[-0.12383,-0.960141,0.25059]],[[0.972701,-0.167397,-0.160722],[0.205619,0.300623,0.931315],[-0.107582,-0.938938,0.326836]],[[0.972701,-0.167397,-0.160722],[0.212213,0.361373,0.907951],[-0.0939076,-0.917272,0.387032]]],4]],[[0,200,0],[235.247,235.247,147.751]]],[23555,5523531889,[[18,"right",[-0.0195383,0.968858,-0.246845],[0.153799,-0.241041,-0.958251],[-37.8052,111.875,25.9278],[-8.19553,-12.0851,-10.3225],[-37.5247,112.238,26.2584],0,0,0.477639,[[0.985519,0.0507455,0.161796],[-0.0992557,0.946262,0.307794],[-0.137482,-0.319396,0.937595]],54.135,[-62.6119,-4.5868,256.775],[-31.0755,68.6781,41.7037]]],[[180,[0.552424,0.602636,-0.575897],18,44.2768,[-29.8074,117.589,-16.9857],[-30.9727,117.669,-17.2554],[9.35534,-4.05204,-17.8681],false,[-53.5345,62.2768,30.1341],[-53.5345,62.2768,30.1341],[-59.152,95.8842,4.88542],[-43.15,113.341,-11.7965],[-25.5408,118.702,-19.3137],[[[0.256157,0.42746,0.866984],[-0.856219,-0.315936,0.408746],[0.448634,-0.847032,0.28507]],[[0.146853,0.609718,0.778895],[-0.980249,-0.0157419,0.197139],[0.132461,-0.792462,0.595364]],[[0.146853,0.609718,0.778895],[-0.820525,0.514853,-0.248324],[-0.552424,-0.602636,0.575897]],[[0.146853,0.609718,0.778895],[-0.440552,0.745337,-0.500387],[-0.885634,-0.26966,0.378068]]],0],[181,[-0.297562,0.926099,-0.231944],18,49.9615,[-78.5466,195.93,4.86994],[-79.9769,194.995,5.03309],[-39.1851,-20.6691,16.7252],false,[-49.4977,75.4772,44.7974],[-59.5151,131.69,19.3739],[-70.7048,165.979,13.7761],[-76.8151,184.996,9.01322],[-80.9977,198.199,4.66934],[[[0.970604,0.218555,0.100806],[-0.17956,0.378643,0.907958],[0.16027,-0.899368,0.406756]],[[0.946572,0.317829,0.0546538],[-0.100086,0.128416,0.986657],[0.306569,-0.939412,0.153365]],[[0.946572,0.317829,0.0546538],[-0.124333,0.203289,0.971192],[0.297562,-0.926099,0.231944]],[[0.946572,0.317829,0.0546538],[-0.144827,0.267521,0.952606],[0.288144,-0.909625,0.299258]]],1],[182,[-0.118603,0.923694,-0.364311],18,56.9271,[-49.7265,205.919,-2.00156],[-50.8087,205.514,-1.61865],[-22.1014,-3.07608,19.7217],false,[-39.7933,78.7366,46.9501],[-41.3144,133.285,23.8091],[-46.1764,172.149,11.8592],[-49.0417,194.465,3.05789],[-50.9251,208.811,-3.68919],[[[0.999627,0.0272651,-0.00143831],[-0.00932097,0.390304,0.920639],[0.0256627,-0.920282,0.390412]],[[0.992922,0.112625,-0.0376944],[0.00290902,0.294227,0.955731],[0.11873,-0.949077,0.291817]],[[0.992922,0.112625,-0.0376944],[-0.00621237,0.366203,0.930514],[0.118603,-0.923694,0.364311]],[[0.992922,0.112625,-0.0376944],[-0.0137243,0.424066,0.905527],[0.11797,-0.898601,0.422611]]],2],[183,[0.0250542,0.933296,-0.358233],18,54.7369,[-21.3643,198.362,2.89618],[-21.8017,198.249,3.12024],[20.2649,5.87415,23.9015],false,[-29.4363,79.9597,47.3673],[-22.8645,129.027,27.8412],[-21.761,165.256,16.5642],[-21.1714,187.221,8.13317],[-20.8271,201.715,1.67027],[[[0.990348,-0.13796,-0.0133678],[0.0629445,0.361719,0.93016],[-0.12349,-0.922023,0.366911]],[[0.997712,-0.045854,-0.0496842],[0.0610416,0.294963,0.953557],[-0.0290694,-0.954408,0.297087]],[[0.997712,-0.045854,-0.0496842],[0.0627965,0.356168,0.932309],[-0.0250542,-0.933296,0.358233]],[[0.997712,-0.045854,-0.0496842],[0.0640363,0.405141,0.912009],[-0.0216901,-0.913103,0.407151]]],3],[184,[0.109714,0.941666,-0.318164],18,42.9127,[-0.00166552,177.471,12.6074],[-0.228413,177.366,11.8516],[13.6201,-1.98752,-9.15542],false,[-18.4469,77.0758,43.2299],[-5.94804,122.361,28.403],[-2.16898,151.247,21.0716],[-0.345893,166.894,15.7848],[1.06256,180.386,10.2669],[[[0.945294,-0.301604,-0.124316],[0.205055,0.252968,0.945494],[-0.253717,-0.919262,0.300975]],[[0.971607,-0.169111,-0.165472],[0.200384,0.216307,0.95554],[-0.1258,-0.961568,0.244053]],[[0.971607,-0.169111,-0.165472],[0.209624,0.290976,0.933483],[-0.109714,-0.941666,0.318164]],[[0.971607,-0.169111,-0.165472],[0.216169,0.350192,0.911393],[-0.0961795,-0.921285,0.376806]]],4]],[[0,200,0],[235.247,235.247,147.751]]],[23556,5523540540,[[18,"right",[-0.0262403,0.969495,-0.243703],[0.150868,-0.237154,-0.959686],[-38.0159,111.678,25.9192],[-12.4853,-14.9191,-7.84493],[-37.594,112.159,26.2105],0,0,0.486808,[[0.984967,0.0538477,0.164134],[-0.102536,0.946926,0.304661],[-0.139018,-0.316911,0.938212]],54.135,[-62.8547,-4.22294,256.741],[-30.966,68.4718,41.5287]]],[[180,[0.550941,0.604885,-0.574959],18,44.2768,[-29.7991,117.578,-17.0335],[-31.0784,117.618,-17.3093],[3.65602,-3.96674,-14.5453],false,[-53.4396,61.9769,30.0399],[-53.4396,61.9769,30.0399],[-59.136,95.6451,4.89027],[-43.177,113.167,-11.7644],[-25.6688,118.712,-19.3834],[[[0.257591,0.426225,0.867167],[-0.852531,-0.322157,0.411588],[0.454794,-0.845309,0.280386]],[[0.147067,0.607796,0.780356],[-0.979964,-0.0176044,0.198397],[0.134323,-0.793898,0.593029]],[[0.147067,0.607796,0.780356],[-0.821483,0.514488,-0.245901],[-0.550941,-0.604885,0.574959]],[[0.147067,0.607796,0.780356],[-0.450546,0.743501,-0.494181],[-0.880556,-0.278909,0.383185]]],0],[181,[-0.304,0.925175,-0.227232],18,49.9615,[-79.0474,195.679,5.14976],[-80.7636,194.625,5.50878],[-52.8656,-26.6746,26.7663],false,[-49.413,75.1545,44.7264],[-59.869,131.388,19.5252],[-71.2828,165.63,14.0988],[-77.5253,184.628,9.43264],[-81.8047,197.823,5.15688],[[[0.969771,0.22385,0.0971364],[-0.177649,0.374761,0.909942],[0.167288,-0.899692,0.403199]],[[0.944959,0.323126,0.0514051],[-0.0962651,0.124414,0.98755],[0.312708,-0.938142,0.148672]],[[0.944959,0.323126,0.0514051],[-0.120983,0.199097,0.972483],[0.304,-0.925175,0.227232]],[[0.944959,0.323126,0.0514051],[-0.14191,0.263197,0.954248],[0.294813,-0.90902,0.294565]]],1],[182,[-0.123367,0.925367,-0.358437],18,56.9271,[-50.0424,205.809,-1.92363],[-51.5523,205.375,-1.21336],[-37.9181,-5.43763,29.7966],false,[-39.718,78.4633,46.8458],[-41.6581,133.074,23.8837],[-46.7074,171.976,12.1357],[-49.6878,194.332,3.47625],[-51.6497,208.716,-3.16624],[[[0.999437,0.0330508,-0.00583879],[-0.00742422,0.387367,0.921896],[0.0327312,-0.921333,0.387394]],[[0.992354,0.116442,-0.0409355],[0.00548283,0.289741,0.957089],[0.123306,-0.949995,0.286887]],[[0.992354,0.116442,-0.0409355],[-0.00385677,0.360747,0.932656],[0.123367,-0.925366,0.358437]],[[0.992354,0.116442,-0.0409355],[-0.011564,0.417908,0.908416],[0.122885,-0.900996,0.416059]]],2],[183,[0.0222285,0.935201,-0.353418],18,54.7369,[-21.3662,198.363,2.91894],[-22.3411,198.247,3.39293],[-0.688523,4.55349,27.0334],false,[-29.3664,79.745,47.2203],[-23.1659,128.911,27.8195],[-22.1668,165.188,16.6932],[-21.6436,187.198,8.37556],[-21.345,201.732,1.99893],[[[0.991057,-0.132187,-0.0182466],[0.0650472,0.359171,0.931002],[-0.116513,-0.923863,0.364557]],[[0.997646,-0.0436852,-0.0528502],[0.0633145,0.291035,0.954615],[-0.0263213,-0.955715,0.293116]],[[0.997646,-0.0436852,-0.0528502],[0.0648647,0.351411,0.933971],[-0.0222285,-0.935201,0.353418]],[[0.997646,-0.0436852,-0.0528502],[0.0659371,0.399776,0.914238],[-0.0188104,-0.915571,0.401716]]],3],[184,[0.113918,0.942937,-0.312876],18,42.9127,[0.0423848,177.461,12.5499],[-0.360977,177.387,11.92],[9.25656,-0.409025,-2.50397],false,[-18.3793,76.9376,43.0246],[-6.20893,122.341,28.2845],[-2.31377,151.234,21.0421],[-0.420825,166.902,15.8431],[1.05331,180.428,10.428],[[[0.946448,-0.295742,-0.129506],[0.20785,0.251197,0.945356],[-0.24705,-0.921649,0.299215]],[[0.970608,-0.172832,-0.167478],[0.202748,0.212287,0.955943],[-0.129664,-0.961802,0.241089]],[[0.970608,-0.172832,-0.167478],[0.211996,0.284602,0.934912],[-0.113918,-0.942937,0.312876]],[[0.970608,-0.172832,-0.167478],[0.218601,0.342053,0.9139],[-0.100665,-0.92365,0.369781]]],4]],[[0,200,0],[235.247,235.247,147.751]]],[23557,5523549184,[[18,"right",[-0.0299632,0.971147,-0.236591],[0.141793,-0.230174,-0.962764],[-37.9605,111.493,25.5794],[-7.47365,-16.6467,-16.1932],[-37.638,112.079,26.1348],0,0,0.458127,[[0.984807,0.0506999,0.166085],[-0.0996281,0.948324,0.301258],[-0.142229,-0.313228,0.938967]],54.135,[-63.3238,-3.66199,256.2],[-30.6986,68.188,40.8141]]],[[180,[0.552432,0.605019,-0.573385],18,44.2768,[-29.7794,117.573,-17.0875],[-30.8881,117.675,-17.6853],[10.3157,-1.33474,-21.9103],false,[-53.2745,61.7415,29.5001],[-53.2745,61.7415,29.5001],[-58.8532,95.6108,4.59519],[-42.851,113.136,-12.014],[-25.4434,118.788,-19.7837],[[[0.265479,0.420484,0.867591],[-0.848016,-0.326282,0.417623],[0.458683,-0.846601,0.269956]],[[0.154428,0.601683,0.783664],[-0.979208,-0.0123977,0.202481],[0.131545,-0.798638,0.587259]],[[0.154428,0.601683,0.783664],[-0.819128,0.521468,-0.238957],[-0.552432,-0.605019,0.573385]],[[0.154428,0.601683,0.783664],[-0.457884,0.746441,-0.482875],[-0.875497,-0.284257,0.390773]]],0],[181,[-0.307536,0.926393,-0.217296],18,49.9615,[-79.4608,195.475,5.49303],[-81.0234,194.526,6.20431],[-46.6278,-22.8401,40.9199],false,[-49.1226,74.8213,44.2391],[-59.9024,131.216,19.5386],[-71.4171,165.48,14.4776],[-77.7322,184.503,10.0156],[-82.0724,197.723,5.88211],[[[0.970365,0.224566,0.0892242],[-0.16925,0.368089,0.914257],[0.172469,-0.902264,0.395188]],[[0.944969,0.324126,0.0444389],[-0.0866598,0.117008,0.989343],[0.315472,-0.93875,0.138658]],[[0.944969,0.324126,0.0444389],[-0.111599,0.191671,0.975094],[0.307536,-0.926393,0.217296]],[[0.944969,0.324126,0.0444389],[-0.132772,0.255802,0.957568],[0.299005,-0.910773,0.28476]]],1],[182,[-0.126424,0.928629,-0.348806],18,56.9271,[-50.2925,205.745,-1.76676],[-51.785,205.399,-0.710074],[-34.3052,-2.49685,39.441],false,[-39.4118,78.1291,46.2869],[-41.652,132.897,23.7306],[-46.7993,171.896,12.3512],[-49.8536,194.33,3.92446],[-51.873,208.78,-2.55755],[[[0.999285,0.0345398,-0.0153793],[0.00106621,0.380857,0.924633],[0.0377939,-0.923989,0.380548]],[[0.991964,0.11658,-0.0491633],[0.0144251,0.281831,0.959356],[0.125698,-0.952355,0.277885]],[[0.991964,0.11658,-0.0491633],[0.00499055,0.352218,0.935905],[0.126424,-0.928629,0.348806]],[[0.991964,0.11658,-0.0491633],[-0.00283609,0.408964,0.912546],[0.126491,-0.905073,0.406008]]],2],[183,[0.0205598,0.938165,-0.345576],18,54.7369,[-21.3692,198.364,2.93972],[-22.4157,198.267,3.57247],[-2.33353,3.99479,25.9396],false,[-29.0589,79.4232,46.5692],[-23.1165,128.733,27.4559],[-22.1617,165.096,16.6061],[-21.6778,187.175,8.47296],[-21.4122,201.766,2.22703],[[[0.991012,-0.130619,-0.0288696],[0.0736621,0.352702,0.932832],[-0.111663,-0.926574,0.359154]],[[0.997086,-0.0446369,-0.0618589],[0.0720164,0.283443,0.956281],[-0.025152,-0.95795,0.285832]],[[0.997086,-0.0446369,-0.0618589],[0.0734594,0.343298,0.93635],[-0.0205598,-0.938165,0.345576]],[[0.997086,-0.0446369,-0.0618589],[0.0744233,0.3913,0.917249],[-0.0167378,-0.91918,0.393482]]],3],[184,[0.112879,0.946206,-0.303237],18,42.9127,[0.0871565,177.453,12.4895],[-0.328854,177.371,11.7903],[7.09531,0.0559927,-3.16827],false,[-18.1095,76.6613,42.2465],[-6.14669,122.185,27.7086],[-2.272,151.143,20.7208],[-0.396325,166.866,15.682],[1.05846,180.454,10.42],[[[0.945543,-0.293451,-0.140839],[0.216748,0.244837,0.945027],[-0.242836,-0.924089,0.295109]],[[0.968882,-0.172479,-0.177533],[0.211259,0.20248,0.956228],[-0.128983,-0.963978,0.232617]],[[0.968882,-0.172479,-0.177533],[0.220285,0.273761,0.936232],[-0.112879,-0.946206,0.303237]],[[0.968882,-0.172479,-0.177533],[0.226711,0.330511,0.916168],[-0.0993435,-0.927908,0.359329]]],4]],[[0,200,0],[235.247,235.247,147.751]]],[23558,5523558156,[[18,"right",[-0.0331386,0.971666,-0.234025],[0.138262,-0.227445,-0.963925],[-38.0879,111.438,25.5238],[-9.31408,-13.7675,-13.4543],[-37.6865,112.01,26.0689],0,0,0.467482,[[0.98463,0.0510681,0.167019],[-0.0999828,0.94891,0.299289],[-0.143202,-0.311388,0.939431]],54.135,[-63.5131,-3.31651,256.111],[-30.6647,68.1115,40.6192]]],[[180,[0.554135,0.60446,-0.572331],18,44.2768,[-29.7605,117.571,-17.1326],[-30.8035,117.716,-17.7847],[10.1568,0.749635,-18.6332],false,[-53.2735,61.6424,29.3839],[-53.2735,61.6424,29.3839],[-58.7467,95.5851,4.55552],[-42.6952,113.094,-12.0231],[-25.3765,118.874,-19.8969],[[[0.268177,0.418911,0.867522],[-0.845518,-0.329238,0.420358],[0.461714,-0.846236,0.265902]],[[0.156813,0.599435,0.784913],[-0.97916,-0.00949408,0.20287],[0.12906,-0.800367,0.585453]],[[0.156813,0.599435,0.784913],[-0.817523,0.524696,-0.237381],[-0.554135,-0.60446,0.572331]],[[0.156813,0.599435,0.784913],[-0.465534,0.745778,-0.476542],[-0.871027,-0.290676,0.396005]]],0],[181,[-0.310571,0.926314,-0.21328],18,49.9615,[-79.8506,195.302,5.82272],[-81.4208,194.427,6.56762],[-45.9175,-19.6889,40.6731],false,[-49.089,74.6946,44.1381],[-60.0992,131.126,19.6248],[-71.7129,165.378,14.7094],[-78.0904,184.399,10.3298],[-82.4785,197.622,6.25453],[[[0.970225,0.226532,0.0857143],[-0.166232,0.365418,0.91588],[0.176154,-0.902858,0.392195]],[[0.944417,0.326146,0.0412859],[-0.0826643,0.114045,0.990031],[0.318186,-0.938415,0.134667]],[[0.944417,0.326146,0.0412859],[-0.107804,0.188603,0.976118],[0.310571,-0.926314,0.21328]],[[0.944417,0.326146,0.0412859],[-0.129175,0.252668,0.958891],[0.302307,-0.910927,0.280754]]],1],[182,[-0.12856,0.929975,-0.344412],18,56.9271,[-50.5313,205.702,-1.59721],[-52.1434,205.411,-0.43122],[-35.3218,-0.874266,38.8547],false,[-39.3772,78.0192,46.1534],[-41.8351,132.838,23.7443],[-47.06,171.872,12.5204],[-50.1659,194.339,4.19983],[-52.2227,208.818,-2.20518],[[[0.999131,0.0368332,-0.0194863],[0.00409659,0.378545,0.925574],[0.0414683,-0.92485,0.378065]],[[0.991667,0.117644,-0.0525037],[0.0178019,0.278502,0.960271],[0.127593,-0.953203,0.274087]],[[0.991667,0.117644,-0.0525037],[0.00830907,0.348292,0.937349],[0.12856,-0.929975,0.344412]],[[0.991667,0.117644,-0.0525037],[0.000418127,0.404606,0.914491],[0.128828,-0.906893,0.401185]]],2],[183,[0.0194393,0.939435,-0.342174],18,54.7369,[-21.3767,198.367,2.95916],[-22.6569,198.322,3.71884],[-8.91542,4.64495,23.7791],false,[-29.0261,79.3359,46.3955],[-23.2748,128.707,27.3813],[-22.3567,165.103,16.642],[-21.8992,187.213,8.58892],[-21.6533,201.829,2.40272],[[[0.991173,-0.128309,-0.0333565],[0.0767894,0.350534,0.933397],[-0.108071,-0.927719,0.357292]],[[0.996874,-0.0444228,-0.0653288],[0.0752079,0.280457,0.956916],[-0.024187,-0.958838,0.282921]],[[0.996874,-0.0444228,-0.0653288],[0.0765725,0.339835,0.937363],[-0.0194393,-0.939435,0.342174]],[[0.996874,-0.0444228,-0.0653288],[0.0774674,0.387489,0.918614],[-0.0154932,-0.920803,0.389719]]],3],[184,[0.115014,0.947181,-0.299365],18,42.9127,[0.133707,177.448,12.4272],[-0.375388,177.421,11.7851],[4.52878,1.75635,-1.23701],false,[-18.0888,76.6096,42.02],[-6.28947,122.196,27.5464],[-2.35256,151.165,20.6371],[-0.441416,166.904,15.6627],[1.0454,180.516,10.471],[[[0.945599,-0.290963,-0.145542],[0.220167,0.242962,0.94472],[-0.239518,-0.92537,0.293805]],[[0.967918,-0.174631,-0.180662],[0.214382,0.198945,0.956275],[-0.131054,-0.964326,0.23]],[[0.967918,-0.174631,-0.180662],[0.223398,0.268982,0.936879],[-0.115014,-0.947181,0.299365]],[[0.967918,-0.174631,-0.180662],[0.229839,0.324809,0.917427],[-0.101531,-0.929518,0.354526]]],4]],[[0,200,0],[235.247,235.247,147.751]]],[23559,5523566534,[[18,"right",[-0.0374943,0.972429,-0.230167],[0.127303,-0.223804,-0.966284],[-38.2169,111.334,25.1967],[-10.886,-13.3965,-20.0663],[-37.7306,111.954,25.9964],0,0,0.436292,[[0.984645,0.048529,0.167686],[-0.0973635,0.949966,0.29679],[-0.144893,-0.308559,0.940105]],54.135,[-63.7816,-2.81126,255.696],[-30.5451,67.9678,40.0499]]],[[180,[0.55217,0.604008,-0.574702],18,44.2768,[-29.7539,117.571,-17.1722],[-31.0024,117.731,-18.187],[2.04089,1.05452,-26.0725],false,[-53.2736,61.5001,29.0579],[-53.2736,61.5001,29.0579],[-58.7744,95.549,4.38155],[-42.7798,113.045,-12.2657],[-25.5825,118.91,-20.3405],[[[0.277659,0.416299,0.865795],[-0.839974,-0.332155,0.429087],[0.466207,-0.846386,0.257454]],[[0.165597,0.596125,0.785629],[-0.977626,-0.00554647,0.210276],[0.129708,-0.802872,0.581869]],[[0.165597,0.596125,0.785629],[-0.817121,0.528969,-0.22914],[-0.55217,-0.604008,0.574702]],[[0.165597,0.596125,0.785629],[-0.473811,0.746754,-0.466756],[-0.864917,-0.294946,0.406111]]],0],[181,[-0.314623,0.926599,-0.205977],18,49.9615,[-80.2014,195.163,6.13514],[-81.9089,194.322,7.07183],[-48.8861,-17.9693,45.6022],false,[-48.9377,74.5072,43.8082],[-60.3286,131.006,19.6265],[-72.0567,165.256,14.9795],[-78.5173,184.284,10.7498],[-82.9757,197.515,6.77924],[[[0.970789,0.227873,0.0751177],[-0.156064,0.361899,0.919061],[0.182245,-0.903937,0.38689]],[[0.944296,0.327601,0.0313494],[-0.0711258,0.110149,0.991367],[0.321319,-0.938374,0.127315]],[[0.944296,0.327601,0.0313494],[-0.0965266,0.18464,0.978055],[0.314623,-0.926599,0.205977]],[[0.944296,0.327601,0.0313494],[-0.118187,0.248675,0.961349],[0.307143,-0.911503,0.273541]]],1],[182,[-0.133021,0.931556,-0.338391],18,56.9271,[-50.7792,205.672,-1.43769],[-52.6588,205.403,-0.225855],[-41.8064,-0.519102,36.3586],false,[-39.2084,77.8411,45.7211],[-42.0202,132.735,23.5372],[-47.3959,171.813,12.5418],[-50.6095,194.318,4.36661],[-52.7477,208.829,-1.93738],[[[0.998771,0.038597,-0.0310882],[0.0143455,0.37528,0.926801],[0.0474385,-0.926108,0.374265]],[[0.990933,0.118498,-0.0633205],[0.028608,0.274388,0.961193],[0.131274,-0.95429,0.268511]],[[0.990933,0.118498,-0.0633205],[0.0188878,0.343746,0.938873],[0.133021,-0.931556,0.338391]],[[0.990933,0.118498,-0.0633205],[0.0107639,0.399757,0.916558],[0.133923,-0.908929,0.394857]]],2],[183,[0.0157276,0.940943,-0.338201],18,54.7369,[-21.3938,198.369,2.97583],[-23.0494,198.338,3.55783],[-18.7281,3.93444,12.7555],false,[-28.8573,79.1745,45.8463],[-23.4116,128.622,26.9414],[-22.6109,165.061,16.3381],[-22.2407,187.206,8.37858],[-22.0616,201.852,2.25994],[[[0.990924,-0.126509,-0.0454502],[0.0871714,0.347365,0.93367],[-0.10233,-0.929157,0.35524]],[[0.996086,-0.0441693,-0.076566],[0.0858385,0.276627,0.957136],[-0.0210957,-0.959962,0.279336]],[[0.996086,-0.0441693,-0.076566],[0.0869823,0.335673,0.937954],[-0.0157276,-0.940943,0.338201]],[[0.996086,-0.0441693,-0.076566],[0.0876696,0.383091,0.919541],[-0.0112837,-0.922654,0.385463]]],3],[184,[0.114914,0.949139,-0.293139],18,42.9127,[0.156047,177.446,12.372],[-0.508246,177.441,11.3728],[-0.463941,2.50987,-11.3884],false,[-17.9677,76.4822,41.3331],[-6.41476,122.139,26.8838],[-2.47081,151.139,20.1094],[-0.561321,166.91,15.2384],[0.92019,180.564,10.1567],[[[0.944304,-0.288842,-0.15767],[0.23085,0.239997,0.942926],[-0.234517,-0.926807,0.293309]],[[0.965556,-0.176069,-0.191576],[0.224644,0.192592,0.955219],[-0.131289,-0.965354,0.225511]],[[0.965556,-0.176069,-0.191576],[0.233445,0.261028,0.936679],[-0.114914,-0.949139,0.293139]],[[0.965556,-0.176069,-0.191576],[0.239722,0.315684,0.918083],[-0.101169,-0.932386,0.347018]]],4]],[[0,200,0],[235.247,235.247,147.751]]],[23560,5523575712,[[18,"right",[-0.0409139,0.972259,-0.2303],[0.123377,-0.223813,-0.966791],[-38.3741,111.289,25.1508],[-12.6278,-11.0413,-15.8592],[-37.7804,111.902,25.931],0,0,0.451448,[[0.984502,0.0494152,0.168266],[-0.0981087,0.950481,0.29489],[-0.145362,-0.306828,0.940599]],54.135,[-63.8726,-2.43607,255.742],[-30.5287,67.9459,39.9822]]],[[180,[0.55333,0.602012,-0.57568],18,44.2768,[-29.7482,117.569,-17.2027],[-30.9585,117.645,-18.2867],[2.90488,-1.69712,-21.3629],false,[-53.292,61.4195,29.0975],[-53.292,61.4195,29.0975],[-58.7043,95.4706,4.40461],[-42.6761,112.909,-12.271],[-25.5523,118.845,-20.4486],[[[0.280648,0.417254,0.86437],[-0.837175,-0.334047,0.433071],[0.469441,-0.845169,0.255565]],[[0.168286,0.596076,0.785094],[-0.977442,-0.00221012,0.211193],[0.127622,-0.802925,0.582258]],[[0.168286,0.596076,0.785094],[-0.815785,0.531295,-0.228517],[-0.55333,-0.602012,0.57568]],[[0.168286,0.596076,0.785094],[-0.479557,0.745355,-0.463111],[-0.861223,-0.298562,0.411285]]],0],[181,[-0.317849,0.925833,-0.204463],18,49.9615,[-80.5809,195.017,6.43134],[-82.3524,194.17,7.22863],[-48.6481,-17.6305,37.4917],false,[-48.9195,74.4419,43.8234],[-60.5588,130.905,19.6766],[-72.3919,165.127,15.0831],[-78.9189,184.138,10.8845],[-83.4283,197.359,6.9363],[[[0.970571,0.230248,0.0705569],[-0.152691,0.361822,0.919658],[0.186221,-0.903366,0.386331]],[[0.943634,0.329897,0.0268797],[-0.06672,0.110044,0.991685],[0.324196,-0.937581,0.125852]],[[0.943634,0.329897,0.0268797],[-0.0923378,0.184394,0.978505],[0.317849,-0.925833,0.204463]],[[0.943634,0.329897,0.0268797],[-0.114213,0.248317,0.961922],[0.310661,-0.910773,0.271998]]],1],[182,[-0.135824,0.931656,-0.337],18,56.9271,[-51.0767,205.636,-1.28007],[-53.0928,205.339,-0.205168],[-43.0811,-1.98975,27.9545],false,[-39.1895,77.8001,45.6903],[-42.2369,132.679,23.5022],[-47.7167,171.753,12.544],[-50.9981,194.261,4.40251],[-53.1843,208.777,-1.87355],[[[0.99852,0.0410052,-0.0357171],[0.0177195,0.375618,0.926605],[0.0514117,-0.925867,0.374336]],[[0.990477,0.119958,-0.0675685],[0.0323727,0.274092,0.961158],[0.133819,-0.954193,0.267599]],[[0.990477,0.119958,-0.0675685],[0.0225247,0.342968,0.939077],[0.135824,-0.931656,0.337]],[[0.990477,0.119958,-0.0675685],[0.0142794,0.398617,0.917006],[0.136937,-0.909239,0.393108]]],2],[183,[0.0186524,0.941421,-0.336718],18,54.7369,[-21.414,198.373,2.99521],[-23.1017,198.351,3.49786],[-12.6644,3.31957,8.03372],false,[-28.8413,79.1586,45.7672],[-23.6028,128.613,26.8216],[-22.6867,165.055,16.2381],[-22.2477,187.211,8.31342],[-22.0238,201.871,2.22984],[[[0.991007,-0.124124,-0.0499903],[0.0906439,0.347882,0.933146],[-0.0984349,-0.929285,0.356004]],[[0.995733,-0.0479322,-0.0788541],[0.0890674,0.275723,0.957102],[-0.0241341,-0.960041,0.278816]],[[0.995733,-0.0479322,-0.0788541],[0.0903745,0.333811,0.938298],[-0.0186524,-0.941421,0.336718]],[[0.995733,-0.0479322,-0.0788541],[0.0911947,0.380506,0.920271],[-0.0141061,-0.923535,0.383254]]],3],[184,[0.119148,0.948845,-0.292397],18,42.9127,[0.17423,177.446,12.3255],[-0.496234,177.45,11.1588],[1.60892,1.97159,-14.2492],false,[-17.9662,76.4911,41.2045],[-6.59075,122.171,26.6875],[-2.52755,151.145,19.8716],[-0.547698,166.911,15.0129],[0.999093,180.571,9.96611],[[[0.944262,-0.286607,-0.161942],[0.234623,0.240865,0.941773],[-0.230912,-0.927276,0.294685]],[[0.964197,-0.180846,-0.193957],[0.2281,0.192534,0.954411],[-0.135258,-0.964482,0.226892]],[[0.964197,-0.180846,-0.193957],[0.236914,0.258819,0.936421],[-0.119148,-0.948845,0.292397]],[[0.964197,-0.180846,-0.193957],[0.243244,0.311808,0.918481],[-0.105626,-0.932776,0.344634]]],4]],[[0,200,0],[235.247,235.247,147.751]]],[23561,5523583934,[[18,"right",[-0.0436834,0.972052,-0.230666],[0.120843,-0.22405,-0.967057],[-38.5119,111.251,25.1296],[-13.6783,-9.40049,-12.4847],[-37.8269,111.861,25.88],0,0,0.464075,[[0.984363,0.0505095,0.168753],[-0.0990837,0.95085,0.293372],[-0.145641,-0.305505,0.940986]],54.135,[-63.9367,-2.146,255.807],[-30.5289,67.9325,39.9585]]],[[180,[0.553587,0.600953,-0.576538],18,44.2768,[-29.7445,117.567,-17.2227],[-30.9489,117.566,-18.3409],[2.06749,-3.63485,-17.0248],false,[-53.3121,61.3525,29.148],[-53.3121,61.3525,29.148],[-58.6842,95.3984,4.43919],[-42.6486,112.806,-12.2613],[-25.5647,118.777,-20.4974],[[[0.282452,0.418291,0.863281],[-0.835117,-0.33559,0.435843],[0.472018,-0.844045,0.254534]],[[0.169889,0.596245,0.784621],[-0.977288,-0.000408829,0.211917],[0.126675,-0.802803,0.582633]],[[0.169889,0.596245,0.784621],[-0.815278,0.532304,-0.227978],[-0.553587,-0.600953,0.576538]],[[0.169889,0.596245,0.784621],[-0.482584,0.744531,-0.461288],[-0.859215,-0.300278,0.414226]]],0],[181,[-0.320466,0.925111,-0.203646],18,49.9615,[-80.9196,194.887,6.66532],[-82.7223,194.035,7.32512],[-47.6674,-17.3732,30.8056],false,[-48.9213,74.3917,43.8536],[-60.755,130.818,19.7144],[-72.6751,165.013,15.1488],[-79.2557,184.009,10.967],[-83.8059,197.22,7.03111],[[[0.970297,0.232333,0.0674208],[-0.150594,0.361972,0.919944],[0.189329,-0.902772,0.386209]],[[0.943014,0.331902,0.0237768],[-0.0637924,0.110195,0.991861],[0.326581,-0.936855,0.125088]],[[0.943014,0.331902,0.0237768],[-0.0895869,0.184422,0.978756],[0.320466,-0.925111,0.203646]],[[0.943014,0.331902,0.0237768],[-0.111633,0.248243,0.962244],[0.313468,-0.910064,0.271148]]],1],[182,[-0.137374,0.931604,-0.336515],18,56.9271,[-51.3566,205.599,-1.15367],[-53.4175,205.279,-0.21665],[-41.5005,-3.10334,21.2117],false,[-39.1927,77.7713,45.6885],[-42.425,132.632,23.4821],[-47.9617,171.702,12.5365],[-51.2805,194.209,4.40667],[-53.4936,208.725,-1.85956],[[[0.998316,0.0430944,-0.0388434],[0.019807,0.376132,0.926354],[0.0545309,-0.925563,0.374645]],[[0.99021,0.12067,-0.0701684],[0.0346923,0.274163,0.961057],[0.135208,-0.954082,0.267293]],[[0.99021,0.12067,-0.0701684],[0.024762,0.342859,0.93906],[0.137374,-0.931604,0.336515]],[[0.99021,0.12067,-0.0701684],[0.0164386,0.398376,0.917075],[0.138617,-0.90925,0.392492]]],2],[183,[0.0262172,0.941673,-0.335506],18,54.7369,[-21.4202,198.376,3.0092],[-22.854,198.353,3.47051],[2.55732,2.54295,5.48957],false,[-28.8472,79.1517,45.7325],[-23.7721,128.607,26.7456],[-22.5686,165.043,16.1689],[-21.9516,187.205,8.27276],[-21.608,201.875,2.22089],[[[0.991106,-0.122057,-0.0530093],[0.0928097,0.348553,0.932683],[-0.0953644,-0.929308,0.356781]],[[0.995381,-0.0555993,-0.0782707],[0.0906219,0.274868,0.957202],[-0.0317057,-0.959873,0.278637]],[[0.995381,-0.0555993,-0.0782707],[0.0923593,0.331904,0.938781],[-0.0262172,-0.941673,0.335506]],[[0.995381,-0.0555993,-0.0782707],[0.0935366,0.377801,0.92115],[-0.0216445,-0.924216,0.381257]]],3],[184,[0.124572,0.947702,-0.293842],18,42.9127,[0.18977,177.444,12.29],[-0.396934,177.427,10.9498],[6.02977,0.261559,-17.7449],false,[-17.9807,76.5049,41.1374],[-6.747,122.202,26.5619],[-2.5232,151.135,19.673],[-0.45323,166.882,14.7903],[1.17378,180.529,9.7336],[[[0.944358,-0.284696,-0.164732],[0.237041,0.241845,0.940916],[-0.228036,-0.927609,0.295872]],[[0.962924,-0.186894,-0.194548],[0.230236,0.193465,0.95371],[-0.140604,-0.963142,0.229321]],[[0.962924,-0.186894,-0.194548],[0.23929,0.258712,0.935846],[-0.124572,-0.947702,0.293842]],[[0.962924,-0.186894,-0.194548],[0.245833,0.310891,0.918103],[-0.111104,-0.931889,0.345309]]],4]],[[0,200,0],[235.247,235.247,147.751]]],[23562,5523593189,[[18,"right",[-0.0465944,0.972011,-0.23027],[0.117153,-0.223612,-0.967612],[-38.6295,111.18,25.0589],[-13.407,-8.90648,-11.1229],[-37.8798,111.816,25.8259],0,0,0.475834,[[0.984244,0.0510764,0.16928],[-0.0995134,0.951366,0.291546],[-0.146157,-0.303798,0.941459]],54.135,[-64.0237,-1.81227,255.801],[-30.4974,67.8746,39.8443]]],[[180,[0.55203,0.600975,-0.578007],18,44.2768,[-29.743,117.564,-17.2399],[-31.0424,117.501,-18.4539],[-2.21461,-4.31367,-15.3339],false,[-53.3136,61.2517,29.1298],[-53.3136,61.2517,29.1298],[-58.7191,95.3064,4.44047],[-42.7285,112.715,-12.3025],[-25.699,118.731,-20.6174],[[[0.28531,0.418673,0.862155],[-0.83258,-0.337334,0.439336],[0.474772,-0.84316,0.252335]],[[0.172388,0.595965,0.784288],[-0.976748,0.000392904,0.214392],[0.127462,-0.80301,0.582175]],[[0.172388,0.595965,0.784288],[-0.81581,0.532592,-0.22539],[-0.55203,-0.600975,0.578007]],[[0.172388,0.595965,0.784288],[-0.486541,0.743819,-0.458271],[-0.856481,-0.302588,0.418187]]],0],[181,[-0.323193,0.924574,-0.201767],18,49.9615,[-81.3008,194.738,6.91292],[-83.0812,193.885,7.48546],[-45.0958,-17.1026,26.8666],false,[-48.8859,74.2966,43.8194],[-60.9343,130.704,19.743],[-72.9421,164.877,15.2444],[-79.5787,183.863,11.1012],[-84.1724,197.066,7.19288],[[[0.970114,0.234242,0.0633232],[-0.147378,0.361485,0.920656],[0.192766,-0.902474,0.385204]],[[0.942448,0.333766,0.0198173],[-0.0596907,0.109637,0.992178],[0.328982,-0.936259,0.12325]],[[0.942448,0.333766,0.0198173],[-0.0856656,0.18375,0.979233],[0.323193,-0.924574,0.201767]],[[0.942448,0.333766,0.0198173],[-0.107892,0.247483,0.962866],[0.316467,-0.909589,0.269251]]],1],[182,[-0.139235,0.931797,-0.335213],18,56.9271,[-51.6907,205.551,-1.01851],[-53.7391,205.206,-0.192162],[-39.0516,-4.24566,16.6477],false,[-39.1562,77.6951,45.6134],[-42.592,132.554,23.4327],[-48.1949,171.627,12.5337],[-51.5587,194.139,4.43536],[-53.8046,208.66,-1.8083],[[[0.998053,0.0450809,-0.0431],[0.0230206,0.375981,0.926341],[0.0579651,-0.92553,0.374211]],[[0.98986,0.121343,-0.0738496],[0.0381693,0.273558,0.961098],[0.136825,-0.954171,0.266153]],[[0.98986,0.121343,-0.0738496],[0.028137,0.342097,0.939243],[0.139235,-0.931797,0.335213]],[[0.98986,0.121343,-0.0738496],[0.0197147,0.397501,0.91739],[0.140674,-0.909543,0.391078]]],2],[183,[0.0390681,0.94161,-0.334433],18,54.7369,[-21.4017,198.378,3.02591],[-22.2573,198.301,3.38274],[26.1171,-0.232849,0.257367],false,[-28.8133,79.0959,45.6135],[-23.9174,128.565,26.6155],[-22.2295,164.966,15.9852],[-21.31,187.127,8.11433],[-20.7617,201.811,2.11051],[[[0.991111,-0.120082,-0.0572701],[0.0961042,0.348546,0.932352],[-0.0919975,-0.929568,0.356988]],[[0.994678,-0.0685795,-0.0768913],[0.092941,0.27514,0.956901],[-0.0444679,-0.958955,0.28005]],[[0.994678,-0.0685795,-0.0768913],[0.0953368,0.329649,0.939278],[-0.0390681,-0.941609,0.334433]],[[0.994678,-0.0685795,-0.0768913],[0.0970684,0.373561,0.922513],[-0.0345419,-0.925067,0.37823]]],3],[184,[0.130109,0.947455,-0.292234],18,42.9127,[0.207398,177.442,12.2556],[-0.261414,177.396,10.7732],[9.8539,-0.815163,-17.3586],false,[-17.9613,76.4716,40.9714],[-6.88058,122.193,26.3577],[-2.49836,151.101,19.4603],[-0.336382