{"metadata":{"formatVersion":2,"generatedBy":"LeapJS Playback 0.2.1","frames":112,"frameRate":"1.1e+2","modified":"Sun Apr 12 2015 21:15:52 GMT-0300 (E. South America Standard Time)","title":"c"},"frames":[["id","timestamp",{"hands":[["id","type","direction","palmNormal","palmPosition","palmVelocity","stabilizedPalmPosition","pinchStrength","grabStrength","confidence","armBasis","armWidth","elbow","wrist"]]},{"pointables":[["id","direction","handId","length","stabilizedTipPosition","tipPosition","tipVelocity","tool","carpPosition","mcpPosition","pipPosition","dipPosition","btipPosition","bases","type"]]},{"interactionBox":["center","size"]}],[74831,6164684399,[[71,"right",[-0.702,0.711921,-0.0190903],[-0.708115,-0.700604,-0.0878995],[20.8146,118.82,35.8605],[13.5843,17.3385,10.6203],[12.2029,117.013,32.7294],0,0.154756,0.300736,[[0.521936,0.0282508,-0.852517],[0.0283968,0.998322,0.0504679],[0.852512,-0.0505498,0.520258]],54.429,[252.919,77.2223,150.568],[56.3028,88.8807,30.5805]]],[[710,[-0.986981,0.159317,0.0220739],71,44.5173,[-45.1619,92.2304,50.5443],[-35.8424,93.1461,57.8808],[4.77725,18.0927,-4.41102],false,[49.9727,79.1631,54.078],[49.9727,79.1631,54.078],[7.96409,86.0791,56.4312],[-20.7808,90.7191,57.0741],[-40.3139,94.0797,59.6838],[[[0.526937,0.784949,-0.325872],[0.529519,-0.00329841,0.848292],[0.664791,-0.619552,-0.417383]],[[0.156604,0.983185,-0.093932],[0.0694962,0.0839003,0.994048],[0.985213,-0.1622,-0.0551885]],[[0.156604,0.983185,-0.093932],[0.0366677,0.0892522,0.995334],[0.986981,-0.159317,-0.0220739]],[[0.156604,0.983185,-0.093932],[0.144139,0.071336,0.986983],[0.977087,-0.168105,-0.130544]]],0],[711,[-0.813432,0.562352,-0.148626],71,50.2328,[-42.7565,168.383,45.0966],[-37.0313,179.482,49.1104],[-4.47881,20.3094,-8.21186],false,[55.9066,97.7038,48.5102],[5.50508,134.286,56.9136],[-9.59106,167.621,54.157],[-26.3853,179.232,51.0885],[-40.6782,180.604,48.4763],[[[-0.0429932,0.167036,-0.985013],[0.595733,0.79576,0.108941],[0.802031,-0.582121,-0.133721]],[[0.17979,0.0000745611,-0.983705],[0.893565,0.418163,0.163347],[0.411361,-0.908372,0.0751147]],[[0.17979,0.0000745611,-0.983705],[0.553177,0.826898,0.101166],[0.813431,-0.562352,0.148626]],[[0.17979,0.0000745611,-0.983705],[0.0924838,0.995569,0.0169785],[0.979348,-0.0940293,0.178986]]],1],[712,[-0.907921,0.410748,-0.0834554],71,57.2362,[-51.6179,167.89,29.5109],[-48.2017,179.261,30.9532],[-4.80647,14.6569,2.60587],false,[55.922,100.892,38.4871],[8.1739,136.552,38.3376],[-14.6356,170.508,33.6555],[-36.689,180.485,31.6283],[-52.6967,179.435,31.0639],[[[-0.0351642,-0.0512677,-0.998066],[0.597351,0.79957,-0.0621177],[0.801208,-0.59838,0.00250857]],[[0.0421421,-0.108644,-0.993187],[0.831449,0.555018,-0.0254334],[0.554,-0.824713,0.113721]],[[0.0421421,-0.108644,-0.993187],[0.417017,0.905253,-0.08133],[0.907921,-0.410748,0.0834554]],[[0.0421421,-0.108644,-0.993187],[-0.0611309,0.991927,-0.1111],[0.99724,0.0653964,0.0351604]]],2],[713,[-0.871901,0.453016,-0.185916],71,55.0341,[-43.6644,167.779,6.46202],[-39.1389,175.902,5.10906],[-6.72639,-9.29258,-2.69695],false,[55.4527,101.391,28.0155],[13.46,133.529,19.8503],[-7.14693,164.293,10.6047],[-27.7785,175.013,6.20544],[-43.6433,175.759,4.63595],[[[0.0381933,-0.198894,-0.979277],[0.618549,0.774382,-0.133155],[0.784817,-0.600645,0.152602]],[[0.0847935,-0.234258,-0.96847],[0.837419,0.543461,-0.0581355],[0.539944,-0.806085,0.242254]],[[0.0847935,-0.234258,-0.96847],[0.482284,0.860174,-0.165837],[0.871901,-0.453016,0.185916]],[[0.0847935,-0.234258,-0.96847],[0.0683093,0.97105,-0.228901],[0.994054,-0.0467461,0.0983407]]],3],[714,[-0.808761,0.587894,0.0169375],71,43.1457,[-26.1653,158.221,1.482],[-20.1969,165.537,1.51359],[4.43719,6.92487,2.26813],false,[53.1057,95.9842,17.3827],[16.9902,126.78,3.22162],[3.72908,153.693,-0.256919],[-9.78282,163.515,0.0260543],[-24.0967,166.364,1.9689],[[[0.0260399,-0.392273,-0.91948],[0.68385,0.677891,-0.269838],[0.729158,-0.62176,0.285908]],[[-0.172313,-0.209319,-0.962546],[0.881779,0.40277,-0.245442],[0.43906,-0.891045,0.11517]],[[-0.172313,-0.209319,-0.962546],[0.562329,0.781388,-0.270591],[0.808761,-0.587894,-0.0169375]],[[-0.172313,-0.209319,-0.962546],[0.15865,0.958507,-0.236842],[0.972182,-0.193519,-0.131955]]],4]],[[0,200,0],[235.247,235.247,147.751]]],[74832,6164692584,[[71,"right",[-0.701897,0.711915,-0.0227532],[-0.707789,-0.700698,-0.0897602],[20.9692,118.983,36.0298],[14.925,18.0037,13.1704],[12.2405,117.022,32.7435],0,0.151922,0.304472,[[0.520985,0.0268651,-0.853143],[0.0293791,0.998348,0.0493784],[0.85306,-0.05079,0.519335]],54.429,[253.219,77.3226,150.702],[56.4767,89.0363,30.9273]]],[[710,[-0.987058,0.159354,0.0179445],71,44.5173,[-45.1491,92.2321,50.5559],[-35.7749,93.3405,57.8719],[5.47113,19.4942,-4.11662],false,[50.0545,79.3493,54.4124],[50.0545,79.3493,54.4124],[8.03789,86.2699,56.6034],[-20.7093,90.9109,57.126],[-40.2554,94.2736,59.6338],[[[0.528232,0.784512,-0.324824],[0.5262,-0.00221658,0.850358],[0.666396,-0.620109,-0.413981]],[[0.156989,0.983061,-0.0945819],[0.0658648,0.0851345,0.99419],[0.985402,-0.162306,-0.0513839]],[[0.156989,0.983061,-0.0945819],[0.0327125,0.0905408,0.995355],[0.987058,-0.159354,-0.0179445]],[[0.156989,0.983061,-0.0945819],[0.139229,0.0727829,0.987582],[0.977737,-0.168208,-0.125445]]],0],[711,[-0.813071,0.561709,-0.152964],71,50.2328,[-42.7069,168.495,45.132],[-37.0383,179.684,48.9406],[-4.69918,19.6146,-12.0043],false,[56.0108,97.8827,48.8439],[5.57797,134.477,57.003],[-9.65498,167.738,54.104],[-26.4417,179.335,50.9459],[-40.7182,180.76,48.2723],[[[-0.0391385,0.165764,-0.985388],[0.595328,0.795884,0.110239],[0.802529,-0.582315,-0.129834]],[[0.183931,-0.00143347,-0.982938],[0.890994,0.422536,0.16611],[0.415089,-0.906345,0.0789948]],[[0.183931,-0.00143347,-0.982938],[0.552345,0.827333,0.10215],[0.813071,-0.561709,0.152964]],[[0.183931,-0.00143347,-0.982938],[0.0962201,0.995222,0.0165537],[0.978218,-0.0976231,0.18319]]],1],[712,[-0.908434,0.409129,-0.0857931],71,57.2362,[-51.5979,167.982,29.5236],[-48.2324,179.364,30.8717],[-5.32396,11.7257,0.111954],false,[56.0654,101.058,38.8168],[8.31943,136.719,38.4347],[-14.6783,170.538,33.6884],[-36.7442,180.476,31.6044],[-52.753,179.47,30.9941],[[[-0.0312658,-0.0525568,-0.998128],[0.597616,0.799473,-0.0608164],[0.801173,-0.598399,0.00641261]],[[0.0447101,-0.108963,-0.99304],[0.82825,0.559839,-0.0241384],[0.558573,-0.821406,0.115279]],[[0.0447101,-0.108963,-0.99304],[0.41563,0.905947,-0.0806932],[0.908434,-0.409129,0.0857931]],[[0.0447101,-0.108963,-0.99304],[-0.0580865,0.992069,-0.111471],[0.99731,0.0626661,0.0380262]]],2],[713,[-0.873468,0.448734,-0.188922],71,55.0341,[-43.636,167.838,6.45004],[-39.1038,175.832,4.99546],[-4.61503,-11.047,-4.73892],false,[55.6371,101.543,28.3428],[13.6776,133.672,19.9721],[-7.09928,164.292,10.6274],[-27.7679,174.91,6.15694],[-43.6293,175.617,4.53604],[[[0.0420129,-0.20016,-0.978862],[0.61909,0.774192,-0.131737],[0.784196,-0.600469,0.156443]],[[0.0884103,-0.235392,-0.967871],[0.834155,0.548554,-0.0572157],[0.544398,-0.802296,0.244851]],[[0.0884103,-0.235392,-0.967871],[0.478788,0.862107,-0.165935],[0.873468,-0.448734,0.188922]],[[0.0884103,-0.235392,-0.967871],[0.0668065,0.970889,-0.230024],[0.993841,-0.0443236,0.101562]]],3],[714,[-0.810102,0.586143,0.0130971],71,43.1457,[-26.1063,158.301,1.48194],[-20.0085,165.614,1.4679],[8.82082,6.3552,0.280515],false,[53.3314,96.1229,17.708],[17.2726,126.902,3.36603],[3.93741,153.768,-0.189859],[-9.5969,163.56,0.0289528],[-23.9211,166.4,1.90869],[[[0.0296197,-0.393462,-0.918864],[0.684921,0.677523,-0.26804],[0.728015,-0.62141,0.289558]],[[-0.168184,-0.210929,-0.962924],[0.881352,0.405341,-0.242727],[0.441511,-0.889498,0.117731]],[[-0.168184,-0.210929,-0.962924],[0.561649,0.782269,-0.269454],[0.810102,-0.586143,-0.0130971]],[[-0.168184,-0.210929,-0.962924],[0.158812,0.95828,-0.23765],[0.972879,-0.192893,-0.127669]]],4]],[[0,200,0],[235.247,235.247,147.751]]],[74833,6164702100,[[71,"right",[-0.701679,0.71208,-0.024269],[-0.707752,-0.700528,-0.0913674],[21.1077,119.137,36.062],[14.8203,17.4606,10.3528],[12.2863,117.033,32.7607],0,0.149327,0.311952,[[0.520781,0.0269078,-0.853266],[0.0295212,0.998338,0.0495005],[0.85318,-0.0509683,0.519121]],54.429,[253.389,77.4268,150.762],[56.6196,89.1817,31.0365]]],[[710,[-0.987061,0.159576,0.0156928],71,44.5173,[-45.1306,92.2349,50.5723],[-35.6913,93.5079,57.7886],[6.30111,18.863,-6.1415],false,[50.1431,79.4949,54.5068],[50.1431,79.4949,54.5068],[8.12412,86.4262,56.6179],[-20.6231,91.0737,57.0749],[-40.1778,94.4387,59.5112],[[[0.529133,0.784407,-0.323609],[0.524314,-0.00238585,0.851522],[0.667168,-0.620241,-0.412538]],[[0.157427,0.983029,-0.0941795],[0.0639801,0.0850154,0.994323],[0.985456,-0.162559,-0.0495105]],[[0.157427,0.983029,-0.0941795],[0.0304552,0.0904904,0.995432],[0.987061,-0.159576,-0.0156928]],[[0.157427,0.983029,-0.0941795],[0.135654,0.0729379,0.988068],[0.978169,-0.168324,-0.121869]]],0],[711,[-0.813049,0.561073,-0.155399],71,50.2328,[-42.6567,168.611,45.1666],[-37.0621,179.861,48.7977],[-5.47251,17.1464,-13.6063],false,[56.116,98.0272,48.9525],[5.6737,134.633,57.0018],[-9.73646,167.804,54.0159],[-26.5228,179.388,50.8075],[-40.7853,180.88,48.0965],[[[-0.0369163,0.165827,-0.985464],[0.595268,0.79574,0.111603],[0.802679,-0.582495,-0.128087]],[[0.186555,-0.00176827,-0.982443],[0.888181,0.427724,0.167886],[0.419918,-0.903907,0.0813648]],[[0.186555,-0.00176827,-0.982443],[0.551497,0.827764,0.103233],[0.813049,-0.561073,0.155399]],[[0.186555,-0.00176827,-0.982443],[0.10077,0.994759,0.0173447],[0.977263,-0.102236,0.185756]]],1],[712,[-0.909263,0.407295,-0.0857443],71,57.2362,[-51.5756,168.09,29.5386],[-48.3073,179.453,30.8694],[-6.77922,8.40628,0.814001],false,[56.1935,101.203,38.9258],[8.45681,136.875,38.4398],[-14.7554,170.552,33.7241],[-36.8415,180.445,31.6414],[-52.8522,179.482,31.0145],[[[-0.0290661,-0.0524945,-0.998198],[0.597935,0.799337,-0.0594475],[0.801017,-0.598585,0.00815468]],[[0.0453672,-0.107797,-0.993137],[0.824676,0.56511,-0.0236664],[0.563783,-0.817943,0.114535]],[[0.0453672,-0.107797,-0.993137],[0.413742,0.906913,-0.079538],[0.909263,-0.407295,0.0857443]],[[0.0453672,-0.107797,-0.993137],[-0.0553925,0.99236,-0.110243],[0.997433,0.0600138,0.0390494]]],2],[713,[-0.875493,0.444485,-0.189595],71,55.0341,[-43.6046,167.904,6.4363],[-39.1457,175.781,4.9346],[-5.12066,-11.2486,-4.28319],false,[55.7885,101.689,28.4508],[13.8552,133.828,19.9889],[-7.11213,164.312,10.628],[-27.8287,174.83,6.14169],[-43.6899,175.496,4.5016],[[[0.0441354,-0.200116,-0.978778],[0.61956,0.774055,-0.130322],[0.783707,-0.60066,0.158147]],[[0.0902011,-0.235134,-0.967768],[0.830685,0.553804,-0.0571308],[0.549387,-0.798757,0.245276]],[[0.0902011,-0.235134,-0.967768],[0.474738,0.864376,-0.165765],[0.875493,-0.444485,0.189595]],[[0.0902011,-0.235134,-0.967768],[0.0645292,0.971068,-0.229921],[0.993831,-0.0417101,0.102764]]],3],[714,[-0.811203,0.584653,0.0114064],71,43.1457,[-26.0375,158.394,1.48125],[-19.8809,165.737,1.41681],[9.94927,7.19483,-1.31819],false,[53.5052,96.2698,17.8106],[17.4854,127.058,3.39053],[4.08178,153.887,-0.184981],[-9.47093,163.655,0.0055842],[-23.8012,166.487,1.85049],[[[0.0315643,-0.393418,-0.918818],[0.685671,0.677378,-0.266484],[0.727227,-0.621595,0.291136]],[[-0.16575,-0.211184,-0.96329],[0.880675,0.407864,-0.240952],[0.443777,-0.888284,0.118381]],[[-0.16575,-0.211184,-0.96329],[0.560782,0.783315,-0.268219],[0.811203,-0.584653,-0.0114064]],[[-0.16575,-0.211184,-0.96329],[0.158821,0.958335,-0.237425],[0.973295,-0.192344,-0.125304]]],4]],[[0,200,0],[235.247,235.247,147.751]]],[74834,6164710040,[[71,"right",[-0.69608,0.717661,-0.0208862],[-0.712906,-0.69433,-0.0983362],[20.972,118.812,35.7351],[6.94794,3.08123,-2.35544],[12.3242,117.04,32.7737],0,0.150186,0.226654,[[0.522486,0.0357536,-0.851898],[0.0224359,0.998198,0.0556541],[0.852353,-0.0481915,0.520742]],54.429,[252.843,77.5058,150.682],[56.2641,88.6203,30.5831]]],[[710,[-0.985639,0.167696,0.0198214],71,44.5173,[-45.1159,92.2372,50.5855],[-36.0609,93.507,57.4832],[-6.69999,14.0318,-12.547],false,[49.6504,78.8129,53.9649],[49.6504,78.8129,53.9649],[7.69743,86.0785,56.2568],[-21.0084,90.9625,56.8341],[-40.5413,94.4645,59.252],[[[0.536048,0.782619,-0.31648],[0.52201,-0.012668,0.852845],[0.663444,-0.622372,-0.415326]],[[0.165405,0.982412,-0.0866484],[0.0675711,0.0763633,0.994788],[0.983908,-0.170398,-0.0537518]],[[0.165405,0.982412,-0.0866484],[0.0340034,0.0821256,0.996042],[0.985639,-0.167696,-0.0198214]],[[0.165405,0.982412,-0.0866484],[0.134,0.0646569,0.98887],[0.97708,-0.175175,-0.120949]]],0],[711,[-0.808417,0.568223,-0.153573],71,50.2328,[-42.6191,168.695,45.1912],[-36.8584,179.908,48.7393],[1.57384,13.1806,-12.2169],false,[55.7813,97.3384,48.562],[5.60261,134.274,56.7474],[-9.66809,167.526,53.9353],[-26.3588,179.257,50.7646],[-40.5961,180.93,48.0271],[[[-0.0330069,0.173296,-0.984317],[0.601109,0.790261,0.118974],[0.798485,-0.587755,-0.130254]],[[0.189255,0.0038727,-0.98192],[0.889398,0.423097,0.173091],[0.416118,-0.906076,0.0766288]],[[0.189255,0.0038727,-0.98192],[0.557355,0.822866,0.11067],[0.808417,-0.568223,0.153573]],[[0.189255,0.0038727,-0.98192],[0.11185,0.993398,0.025476],[0.975537,-0.11465,0.187573]]],1],[712,[-0.906905,0.412854,-0.0841098],71,57.2362,[-51.5564,168.179,29.551],[-48.1829,179.611,30.8701],[-2.01021,8.90845,0.683901],false,[55.9102,100.586,38.559],[8.45243,136.631,38.2096],[-14.7074,170.374,33.7186],[-36.7362,180.403,31.6756],[-52.7542,179.602,31.0073],[[[-0.0268128,-0.0449814,-0.998628],[0.60426,0.795086,-0.0520373],[0.796336,-0.604826,0.00586194]],[[0.0464816,-0.100373,-0.993864],[0.825483,0.564128,-0.0183659],[0.562509,-0.819564,0.109078]],[[0.0464816,-0.100373,-0.993864],[0.418763,0.90525,-0.0718385],[0.906905,-0.412854,0.0841098]],[[0.0464816,-0.100373,-0.993864],[-0.0453658,0.9937,-0.102478],[0.997888,0.0498508,0.0416353]]],2],[713,[-0.875632,0.445396,-0.186794],71,55.0341,[-43.5785,167.958,6.4252],[-39.0792,175.821,4.92764],[-3.10865,-10.1553,-2.32936],false,[55.5368,101.152,28.0869],[13.8761,133.676,19.7511],[-7.08534,164.226,10.5922],[-27.8052,174.765,6.17213],[-43.6656,175.445,4.53003],[[[0.045192,-0.193304,-0.980097],[0.625878,0.770155,-0.123038],[0.778611,-0.607861,0.15579]],[[0.0905724,-0.228463,-0.96933],[0.830745,0.554126,-0.0529798],[0.549235,-0.800468,0.239983]],[[0.0905724,-0.228463,-0.96933],[0.474411,0.865694,-0.159709],[0.875632,-0.445396,0.186794]],[[0.0905724,-0.228463,-0.96933],[0.0647731,0.972621,-0.223187],[0.993781,-0.042572,0.102891]]],3],[714,[-0.810788,0.585171,0.0140842],71,43.1457,[-25.9826,158.468,1.48011],[-19.8165,165.82,1.34699],[7.48706,5.16181,-2.8555],false,[53.2399,95.8286,17.4014],[17.498,126.999,3.11311],[4.07069,153.841,-0.275222],[-9.47508,163.617,-0.039918],[-23.8003,166.487,1.78621],[[[0.0309655,-0.386935,-0.921587],[0.691601,0.673965,-0.259731],[0.721616,-0.629327,0.288474]],[[-0.163865,-0.203814,-0.965199],[0.880631,0.410709,-0.236234],[0.444564,-0.888695,0.112184]],[[-0.163865,-0.203814,-0.965199],[0.561935,0.784879,-0.261139],[0.810788,-0.585171,-0.0140842]],[[-0.163865,-0.203814,-0.965199],[0.162827,0.959416,-0.230236],[0.972952,-0.194888,-0.124028]]],4]],[[0,200,0],[235.247,235.247,147.751]]],[74835,6164719096,[[71,"right",[-0.693783,0.719877,-0.0210422],[-0.714876,-0.691916,-0.101019],[20.8819,118.818,35.6646],[2.28382,2.40586,-3.85411],[12.3595,117.048,32.7856],0,0.154747,0.235136,[[0.522416,0.0377881,-0.851853],[0.0208521,0.998153,0.0570659],[0.852436,-0.0475751,0.520663]],54.429,[252.688,77.5522,150.613],[56.0897,88.5245,30.5314]]],[[710,[-0.985042,0.170882,0.0221823],71,44.5173,[-45.0969,92.2406,50.603],[-36.2623,93.6705,57.5526],[-11.0221,14.7487,-6.72818],false,[49.3973,78.6969,53.8823],[49.3973,78.6969,53.8823],[7.47512,86.0965,56.3043],[-21.2133,91.0733,56.9503],[-40.7431,94.627,59.3176],[[[0.539147,0.781489,-0.314001],[0.520218,-0.0158063,0.853887],[0.66234,-0.623719,-0.415066]],[[0.168466,0.982083,-0.0844563],[0.0704403,0.0734672,0.994807],[0.983187,-0.173541,-0.0568014]],[[0.168466,0.982083,-0.0844563],[0.0362169,0.079456,0.99618],[0.985042,-0.170882,-0.0221823]],[[0.168466,0.982083,-0.0844563],[0.131309,0.0625578,0.989366],[0.976922,-0.177765,-0.118418]]],0],[711,[-0.806623,0.570505,-0.154541],71,50.2328,[-42.583,168.778,45.2143],[-36.912,180.083,48.6233],[-1.45848,13.2816,-12.771],false,[55.5974,97.2125,48.5247],[5.518,134.291,56.6727],[-9.80462,167.517,53.8477],[-26.4582,179.296,50.6571],[-40.677,181.078,47.892],[[[-0.0304456,0.17513,-0.984074],[0.603338,0.788161,0.121598],[0.796904,-0.590027,-0.129659]],[[0.191474,0.00485094,-0.981486],[0.888259,0.424542,0.175385],[0.417532,-0.905395,0.0769799]],[[0.191474,0.00485094,-0.981486],[0.559193,0.82128,0.11315],[0.806623,-0.570505,0.154541]],[[0.191474,0.00485094,-0.981486],[0.118913,0.992507,0.0281036],[0.974268,-0.122092,0.189463]]],1],[712,[-0.906974,0.412864,-0.0833192],71,57.2362,[-51.5366,168.28,29.5652],[-48.3478,179.709,30.8791],[-7.33039,6.65058,1.32923],false,[55.7569,100.478,38.5277],[8.41319,136.672,38.145],[-14.8962,170.323,33.7385],[-36.9266,180.351,31.7147],[-52.9476,179.626,31.0312],[[[-0.0249063,-0.0431401,-0.998759],[0.606854,0.793277,-0.0493979],[0.794423,-0.607331,0.00642216]],[[0.0468351,-0.0977326,-0.99411],[0.822976,0.567821,-0.0170509],[0.566143,-0.81733,0.107026]],[[0.0468351,-0.0977326,-0.99411],[0.418575,0.905534,-0.0693044],[0.906974,-0.412864,0.0833192]],[[0.0468351,-0.0977326,-0.99411],[-0.040748,0.994187,-0.0996599],[0.998071,0.0451755,0.0425805]]],2],[713,[-0.880171,0.437094,-0.185061],71,55.0341,[-43.5506,168.018,6.41254],[-39.3734,175.558,4.93558],[-12.8175,-19.7177,0.11017],false,[55.4068,101.063,28.0559],[13.8655,133.732,19.6924],[-7.31757,164.146,10.5888],[-28.1449,174.488,6.20976],[-44.0144,175.001,4.59534],[[[0.0465951,-0.191721,-0.980343],[0.628539,0.768403,-0.120399],[0.776381,-0.610574,0.156308]],[[0.0913308,-0.226644,-0.969686],[0.826794,0.56,-0.053016],[0.55504,-0.796889,0.238533]],[[0.0913308,-0.226644,-0.969686],[0.465787,0.870392,-0.159565],[0.880171,-0.437094,0.185061]],[[0.0913308,-0.226644,-0.969686],[0.0540535,0.973449,-0.222432],[0.994353,-0.0321,0.101157]]],3],[714,[-0.815556,0.578506,0.0140788],71,43.1457,[-25.9296,158.541,1.47855],[-20.0762,165.736,1.3015],[-5.30587,-3.00673,-3.20358],false,[53.1152,95.7655,17.3563],[17.5005,127.073,3.05009],[3.81228,153.789,-0.292911],[-9.81316,163.454,-0.0576981],[-24.1564,166.248,1.74311],[[[0.0316419,-0.385409,-0.922203],[0.694241,0.672247,-0.257126],[0.719047,-0.632095,0.288837]],[[-0.160868,-0.203281,-0.965815],[0.876773,0.419903,-0.234417],[0.453201,-0.88451,0.110683]],[[-0.160868,-0.203281,-0.965815],[0.555868,0.789941,-0.258851],[0.815556,-0.578506,-0.0140788]],[[-0.160868,-0.203281,-0.965815],[0.158463,0.960545,-0.228566],[0.974172,-0.189815,-0.122308]]],4]],[[0,200,0],[235.247,235.247,147.751]]],[74836,6164727297,[[71,"right",[-0.692514,0.721098,-0.0210442],[-0.715888,-0.690526,-0.103333],[20.8511,118.83,35.6138],[0.752794,2.15479,-4.44742],[12.3841,117.053,32.7938],0,0.157132,0.239945,[[0.522438,0.0395986,-0.851757],[0.0196645,0.998096,0.0584635],[0.85245,-0.0472929,0.520665]],54.429,[252.617,77.5769,150.572],[56.0156,88.4842,30.4908]]],[[710,[-0.984701,0.172661,0.023482],71,44.5173,[-45.0775,92.2442,50.6212],[-36.3644,93.7588,57.5709],[-11.4079,13.4888,-4.62679],false,[49.2673,78.6304,53.8146],[49.2673,78.6304,53.8146],[7.36276,86.1042,56.3142],[-21.3158,91.1328,56.998],[-40.8461,94.7134,59.32],[[[0.541009,0.781068,-0.311836],[0.518756,-0.0180719,0.854731],[0.661968,-0.624184,-0.414961]],[[0.170209,0.981945,-0.0825423],[0.0720313,0.0711423,0.994862],[0.982772,-0.17528,-0.0586216]],[[0.170209,0.981945,-0.0825423],[0.0373099,0.0772827,0.996311],[0.984701,-0.172661,-0.023482]],[[0.170209,0.981945,-0.0825423],[0.128834,0.0608703,0.989796],[0.97695,-0.179107,-0.116147]]],0],[711,[-0.806431,0.570496,-0.155575],71,50.2328,[-42.5564,168.841,45.2313],[-37.0312,180.147,48.5247],[-6.23524,9.5999,-13.1544],false,[55.5079,97.144,48.4972],[5.47847,134.295,56.6211],[-9.98555,167.454,53.7707],[-26.6352,179.232,50.5587],[-40.8403,181.084,47.7692],[[[-0.0284939,0.176766,-0.98384],[0.60448,0.786929,0.12388],[0.79611,-0.591182,-0.129274]],[[0.193423,0.00586839,-0.981098],[0.886015,0.428444,0.17724],[0.421386,-0.903549,0.0776714]],[[0.193423,0.00586839,-0.981098],[0.558799,0.821279,0.115079],[0.806431,-0.570496,0.155575]],[[0.193423,0.00586839,-0.981098],[0.123352,0.991902,0.0302518],[0.97333,-0.126872,0.191133]]],1],[712,[-0.907499,0.411794,-0.0828906],71,57.2362,[-51.5201,168.369,29.578],[-48.4953,179.723,30.8925],[-10.4972,3.03404,1.54884],false,[55.6898,100.425,38.5058],[8.40883,136.701,38.1021],[-15.0452,170.259,33.7576],[-37.0885,180.262,31.7442],[-53.1104,179.572,31.0457],[[[-0.0233034,-0.0414899,-0.998867],[0.608293,0.792314,-0.0471017],[0.793371,-0.608701,0.00677438]],[[0.047462,-0.0955475,-0.994293],[0.820511,0.571414,-0.0157439],[0.569657,-0.815081,0.105518]],[[0.047462,-0.0955475,-0.994293],[0.417363,0.906254,-0.0671647],[0.907499,-0.411794,0.0828906]],[[0.047462,-0.0955475,-0.994293],[-0.0385684,0.994497,-0.0974081],[0.998128,0.0429715,0.0435156]]],2],[713,[-0.884408,0.42892,-0.183983],71,55.0341,[-43.5262,168.073,6.40052],[-39.6537,175.25,4.94457],[-19.2626,-27.573,1.12159],false,[55.3583,101.028,28.0343],[13.887,133.782,19.6539],[-7.52624,164.043,10.5839],[-28.4538,174.193,6.23035],[-44.3293,174.549,4.63284],[[[0.0479127,-0.190222,-0.980571],[0.630054,0.767517,-0.118106],[0.775072,-0.612154,0.156624]],[[0.0925427,-0.225217,-0.969904],[0.822577,0.56618,-0.0529847],[0.561073,-0.792917,0.237654]],[[0.0925427,-0.225217,-0.969904],[0.457447,0.874817,-0.159491],[0.884408,-0.42892,0.183983]],[[0.0925427,-0.225217,-0.969904],[0.0442049,0.974053,-0.221963],[0.994727,-0.0223335,0.100097]]],3],[714,[-0.818955,0.573685,0.0140469],71,43.1457,[-25.8846,158.605,1.47695],[-20.2469,165.673,1.27512],[-10.5422,-6.71549,-3.09135],false,[53.0756,95.7514,17.3224],[17.5386,127.143,3.00702],[3.66656,153.768,-0.299381],[-10.0157,163.353,-0.0646996],[-24.3723,166.091,1.71579],[[[0.0325306,-0.383978,-0.922769],[0.69582,0.671469,-0.254878],[0.717479,-0.63379,0.289023]],[[-0.158484,-0.20258,-0.966356],[0.874036,0.426485,-0.232749],[0.459287,-0.881517,0.109471]],[[-0.158484,-0.20258,-0.966356],[0.551539,0.793629,-0.256824],[0.818955,-0.573685,-0.0140469]],[[-0.158484,-0.20258,-0.966356],[0.155223,0.961443,-0.227007],[0.975084,-0.185978,-0.120929]]],4]],[[0,200,0],[235.247,235.247,147.751]]],[74837,6164736393,[[71,"right",[-0.690694,0.722841,-0.0210178],[-0.717561,-0.688675,-0.104076],[20.7775,118.881,35.5971],[-1.69571,3.10711,-3.72287],[12.4076,117.058,32.8016],0,0.157319,0.24947,[[0.522008,0.0401412,-0.851995],[0.019126,0.99809,0.0587427],[0.852726,-0.0469594,0.520243]],54.429,[252.534,77.6195,150.46],[55.8686,88.4498,30.4762]]],[[710,[-0.984252,0.175164,0.0237638],71,44.5173,[-45.0529,92.2495,50.6446],[-36.5102,93.948,57.5842],[-12.7108,15.3951,-3.67472],false,[49.0834,78.6005,53.7911],[49.0834,78.6005,53.7911],[7.20031,86.1814,56.3261],[-21.4652,91.283,57.0182],[-40.9918,94.9091,59.2999],[[[0.543127,0.779877,-0.311135],[0.518263,-0.0198293,0.854992],[0.660619,-0.625618,-0.414951]],[[0.172707,0.98156,-0.0819237],[0.072921,0.0702035,0.994864],[0.98227,-0.177794,-0.0594517]],[[0.172707,0.98156,-0.0819237],[0.0376757,0.0765294,0.996355],[0.984252,-0.175164,-0.0237638]],[[0.172707,0.98156,-0.0819237],[0.12689,0.0603083,0.990082],[0.976766,-0.18139,-0.114135]]],0],[711,[-0.806968,0.569441,-0.156652],71,50.2328,[-42.5317,168.903,45.2473],[-37.2171,180.26,48.436],[-12.343,7.11339,-13.0084],false,[55.3732,97.1012,48.4869],[5.43275,134.373,56.6047],[-10.2406,167.428,53.6873],[-26.9014,179.184,50.453],[-41.0949,181.106,47.6516],[[[-0.0275372,0.177364,-0.98376],[0.606385,0.785346,0.124617],[0.794694,-0.593106,-0.129177]],[[0.194358,0.00558106,-0.980915],[0.883073,0.434391,0.177443],[0.427091,-0.900707,0.0794989]],[[0.194358,0.00558106,-0.980915],[0.557698,0.822013,0.115179],[0.806968,-0.569441,0.156652]],[[0.194358,0.00558106,-0.980915],[0.128067,0.99128,0.0310152],[0.972535,-0.131651,0.191949]]],1],[712,[-0.908764,0.409314,-0.0813023],71,57.2362,[-51.5044,168.464,29.5927],[-48.703,179.744,30.9854],[-14.5302,-0.474005,4.34776],false,[55.5686,100.387,38.4974],[8.3788,136.781,38.0885],[-15.2419,170.232,33.8142],[-37.3159,180.174,31.8394],[-53.3384,179.484,31.1549],[[[-0.0228856,-0.0408964,-0.998901],[0.6103,0.790813,-0.0463594],[0.79184,-0.61069,0.00686079]],[[0.0465359,-0.0942114,-0.994464],[0.817739,0.57536,-0.0162412],[0.573705,-0.812456,0.103815]],[[0.0465359,-0.0942114,-0.994464],[0.414707,0.907517,-0.0665682],[0.908764,-0.409314,0.0813023]],[[0.0465359,-0.0942114,-0.994464],[-0.0387099,0.994625,-0.0960381],[0.998166,0.0429648,0.0426388]]],2],[713,[-0.886931,0.423855,-0.183576],71,55.0341,[-43.4993,168.136,6.38629],[-39.8671,175.101,4.94804],[-20.1864,-26.2211,0.858166],false,[55.2441,100.996,28.0261],[13.8593,133.859,19.6417],[-7.66939,164.036,10.5641],[-28.6566,174.065,6.22014],[-44.5357,174.319,4.6379],[[[0.0479481,-0.189816,-0.980648],[0.632036,0.766,-0.117366],[0.773454,-0.614178,0.156699]],[[0.0930356,-0.22536,-0.969823],[0.82045,0.569203,-0.053561],[0.564097,-0.790709,0.237853]],[[0.0930356,-0.22536,-0.969823],[0.452435,0.877245,-0.160445],[0.886931,-0.423855,0.183576]],[[0.0930356,-0.22536,-0.969823],[0.0377595,0.974146,-0.222742],[0.994947,-0.015897,0.0991398]]],3],[714,[-0.824839,0.565178,0.014661],71,43.1457,[-25.838,158.675,1.47533],[-20.5947,165.499,1.28705],[-20.5578,-14.1466,-1.68588],false,[52.9537,95.7314,17.3102],[17.5029,127.22,2.9931],[3.35841,153.704,-0.292045],[-10.4221,163.146,-0.0471047],[-24.8025,165.756,1.73395],[[[0.0320505,-0.383564,-0.922958],[0.697633,0.669861,-0.254155],[0.715738,-0.63574,0.289056]],[[-0.156647,-0.203545,-0.966453],[0.869568,0.43556,-0.232677],[0.468308,-0.876845,0.108767]],[[-0.156647,-0.203545,-0.966453],[0.543234,0.799464,-0.256425],[0.824839,-0.565178,-0.014661]],[[-0.156647,-0.203545,-0.966453],[0.146727,0.962879,-0.226575],[0.976695,-0.177297,-0.120967]]],4]],[[0,200,0],[235.247,235.247,147.751]]],[74838,6164744673,[[71,"right",[-0.689232,0.724237,-0.0209939],[-0.7189,-0.687187,-0.104673],[20.7186,118.921,35.5838],[-3.08364,3.57253,-3.18373],[12.4282,117.063,32.8085],0,0.158993,0.25619,[[0.52166,0.0405748,-0.852188],[0.0186967,0.998085,0.0589664],[0.852948,-0.0466935,0.519903]],54.429,[252.467,77.6534,150.37],[55.7506,88.4223,30.4643]]],[[710,[-0.983904,0.177123,0.0236618],71,44.5173,[-45.0278,92.2553,50.6686],[-36.6285,94.0952,57.557],[-13.1446,15.9193,-3.96143],false,[48.9358,78.5766,53.7722],[48.9358,78.5766,53.7722],[7.06805,86.2407,56.3102],[-21.5873,91.3993,56.9993],[-41.1102,95.062,59.254],[[[0.544822,0.778918,-0.310572],[0.517864,-0.021239,0.855199],[0.659534,-0.626766,-0.414945]],[[0.174688,0.981252,-0.0814125],[0.07304,0.069542,0.994902],[0.981911,-0.179744,-0.0595225]],[[0.174688,0.981252,-0.0814125],[0.0376382,0.0759687,0.9964],[0.983904,-0.177123,-0.0236618]],[[0.174688,0.981252,-0.0814125],[0.125585,0.0598041,0.990279],[0.976582,-0.183214,-0.112783]]],0],[711,[-0.809136,0.566013,-0.157887],71,50.2328,[-42.5115,168.957,45.2609],[-37.479,180.263,48.3398],[-19.9298,1.24745,-13.4474],false,[55.265,97.067,48.4786],[5.39615,134.436,56.5916],[-10.5472,167.354,53.5992],[-27.2527,179.04,50.3394],[-41.4417,180.979,47.5272],[[[-0.0267695,0.177842,-0.983695],[0.607909,0.784072,0.125209],[0.793555,-0.594646,-0.129101]],[[0.195114,0.00534284,-0.980766],[0.87931,0.442001,0.177339],[0.434447,-0.896999,0.0815427]],[[0.195114,0.00534284,-0.980766],[0.554283,0.824379,0.11476],[0.809136,-0.566013,0.157887]],[[0.195114,0.00534284,-0.980766],[0.129248,0.991124,0.0311119],[0.972227,-0.132832,0.192692]]],1],[712,[-0.909095,0.408787,-0.0802405],71,57.2362,[-51.4914,168.548,29.6059],[-48.8099,179.816,31.0497],[-13.8399,0.39968,5.47263],false,[55.4711,100.357,38.4905],[8.35477,136.846,38.0777],[-15.331,170.257,33.8543],[-37.413,180.186,31.9053],[-53.4366,179.512,31.2293],[[[-0.0225501,-0.0404199,-0.998928],[0.611907,0.789605,-0.0457633],[0.790608,-0.612283,0.00692754]],[[0.0458789,-0.0931977,-0.99459],[0.816665,0.576879,-0.0163848],[0.575285,-0.811495,0.102578]],[[0.0458789,-0.0931977,-0.99459],[0.414054,0.907859,-0.0659709],[0.909095,-0.408787,0.0802405]],[[0.0458789,-0.0931977,-0.99459],[-0.0378312,0.994762,-0.0949589],[0.99823,0.0419832,0.0421128]]],2],[713,[-0.888977,0.419769,-0.18307],71,55.0341,[-43.4752,168.194,6.37285],[-40.0342,174.977,4.95872],[-19.8696,-24.5579,1.07177],false,[55.1522,100.971,28.0194],[13.8371,133.92,19.6319],[-7.77576,164.037,10.5539],[-28.8114,173.97,6.22193],[-44.6932,174.136,4.65558],[[[0.0479767,-0.18949,-0.98071],[0.633623,0.764779,-0.116771],[0.772153,-0.615798,0.156757]],[[0.0932952,-0.22537,-0.969796],[0.8189,0.57139,-0.0540058],[0.566303,-0.789128,0.237863]],[[0.0932952,-0.22537,-0.969796],[0.448349,0.879206,-0.161186],[0.888977,-0.419769,0.18307]],[[0.0932952,-0.22537,-0.969796],[0.0321886,0.974218,-0.223301],[0.995118,-0.0103834,0.0981442]]],3],[714,[-0.830185,0.557281,0.0151632],71,43.1457,[-25.7972,158.738,1.47389],[-20.9072,165.311,1.29484],[-26.4777,-19.5611,-0.948257],false,[52.8558,95.7155,17.3002],[17.4744,127.281,2.98198],[3.10335,153.644,-0.293194],[-10.7665,162.954,-0.0398638],[-25.1696,165.434,1.74467],[[[0.0316657,-0.38323,-0.92311],[0.699084,0.668567,-0.253575],[0.714338,-0.637302,0.28908]],[[-0.15496,-0.204547,-0.966513],[0.865792,0.44307,-0.23258],[0.475806,-0.87284,0.108437]],[[-0.15496,-0.204547,-0.966513],[0.535518,0.804735,-0.256168],[0.830185,-0.557281,-0.0151632]],[[-0.15496,-0.204547,-0.966513],[0.13796,0.964264,-0.22619],[0.97824,-0.16839,-0.121203]]],4]],[[0,200,0],[235.247,235.247,147.751]]],[74839,6164753289,[[71,"right",[-0.688192,0.725212,-0.0214289],[-0.719808,-0.686169,-0.105111],[20.6874,118.981,35.5743],[-3.22488,4.46598,-2.63221],[12.4501,117.068,32.8158],0,0.161443,0.265185,[[0.521193,0.0405171,-0.852476],[0.0186466,0.998093,0.0588383],[0.853235,-0.0465619,0.519444]],54.429,[252.462,77.6939,150.277],[55.6793,88.4325,30.4769]]],[[710,[-0.983674,0.178465,0.0231306],71,44.5173,[-44.9993,92.2625,50.6961],[-36.7096,94.2351,57.5244],[-12.2339,15.876,-4.61667],false,[48.8362,78.5968,53.7806],[48.8362,78.5968,53.7806],[6.9782,86.3186,56.305],[-21.6704,91.5162,56.9786],[-41.194,95.2033,59.1881],[[[0.546118,0.778142,-0.310243],[0.517304,-0.0219624,0.85552],[0.658902,-0.627704,-0.41453]],[[0.176072,0.981016,-0.0812805],[0.0727982,0.0693677,0.994931],[0.981682,-0.181096,-0.0592025]],[[0.176072,0.981016,-0.0812805],[0.0371972,0.0758809,0.996423],[0.983674,-0.178465,-0.0231306]],[[0.176072,0.981016,-0.0812805],[0.123415,0.0599196,0.990544],[0.97661,-0.184438,-0.110522]]],0],[711,[-0.812646,0.560419,-0.159803],71,50.2328,[-42.4919,169.014,45.2746],[-37.813,180.189,48.1924],[-27.6224,-5.98528,-15.2299],false,[55.1949,97.0781,48.4908],[5.37396,134.518,56.5725],[-10.8966,167.266,53.4773],[-27.6746,178.836,50.178],[-41.864,180.747,47.3496],[[[-0.0259081,0.177868,-0.983713],[0.608942,0.783211,0.125577],[0.792792,-0.595771,-0.128603]],[[0.196102,0.00475315,-0.980572],[0.874628,0.451288,0.177102],[0.443363,-0.892365,0.0843414]],[[0.196102,0.00475315,-0.980572],[0.548772,0.828196,0.113762],[0.812646,-0.560419,0.159803]],[[0.196102,0.00475315,-0.980572],[0.127491,0.991377,0.0303022],[0.97226,-0.130957,0.193805]]],1],[712,[-0.90986,0.407205,-0.0796127],71,57.2362,[-51.4791,168.63,29.6194],[-48.9194,179.848,31.0741],[-13.2146,-0.352909,4.93817],false,[55.4118,100.367,38.5028],[8.34746,136.923,38.0604],[-15.4116,170.286,33.8641],[-37.5122,180.177,31.9303],[-53.5354,179.488,31.2604],[[[-0.0219884,-0.0403998,-0.998942],[0.613053,0.788737,-0.045393],[0.789736,-0.613402,0.00742416]],[[0.0455633,-0.0926583,-0.994655],[0.815426,0.578625,-0.0165494],[0.577065,-0.810313,0.10192]],[[0.0455633,-0.0926583,-0.994655],[0.412405,0.908625,-0.0657526],[0.90986,-0.407205,0.0796127]],[[0.0455633,-0.0926583,-0.994655],[-0.0388082,0.994773,-0.0944471],[0.998207,0.042904,0.0417292]]],2],[713,[-0.890671,0.416348,-0.182647],71,55.0341,[-43.4506,168.255,6.3585],[-40.1711,174.873,4.95051],[-18.3256,-21.814,0.939862],false,[55.1003,100.982,28.0314],[13.8371,133.99,19.618],[-7.85519,164.049,10.539],[-28.9309,173.901,6.21704],[-44.8145,173.997,4.66345],[[[0.0483158,-0.189569,-0.980678],[0.634778,0.763879,-0.116387],[0.771182,-0.61689,0.157242]],[[0.0934834,-0.22544,-0.969762],[0.817436,0.573435,-0.0545067],[0.568383,-0.787623,0.237889]],[[0.0934834,-0.22544,-0.969762],[0.444934,0.880813,-0.161871],[0.890671,-0.416348,0.182647]],[[0.0934834,-0.22544,-0.969762],[0.0278107,0.974238,-0.2238],[0.995232,-0.00604817,0.0973447]]],3],[714,[-0.835821,0.548793,0.0151511],71,43.1457,[-25.7556,158.806,1.47201],[-21.2122,165.087,1.27277],[-29.9681,-24.1621,-1.40428],false,[52.803,95.7296,17.3109],[17.4752,127.345,2.97041],[2.87452,153.58,-0.315999],[-11.0895,162.749,-0.0628706],[-25.517,165.082,1.72165],[[[0.0316946,-0.383285,-0.923086],[0.700187,0.667573,-0.253149],[0.713255,-0.63831,0.28953]],[[-0.15288,-0.206156,-0.966503],[0.86194,0.450584,-0.232451],[0.483412,-0.868604,0.108809]],[[-0.15288,-0.206156,-0.966503],[0.527286,0.810139,-0.25621],[0.835821,-0.548793,-0.0151511]],[[-0.15288,-0.206156,-0.966503],[0.128155,0.965605,-0.226236],[0.9799,-0.15845,-0.121202]]],4]],[[0,200,0],[235.247,235.247,147.751]]],[74840,6164762457,[[71,"right",[-0.687369,0.725978,-0.0218898],[-0.720482,-0.685355,-0.105801],[20.6732,119.019,35.588],[-2.75613,4.3726,-1.48084],[12.4751,117.074,32.8243],0,0.164228,0.275314,[[0.520709,0.0406729,-0.852765],[0.0184743,0.998094,0.0588851],[0.853534,-0.0464163,0.518965]],54.429,[252.487,77.7273,150.204],[55.6354,88.4323,30.5149]]],[[710,[-0.98351,0.179453,0.0224594],71,44.5173,[-44.9668,92.2711,50.7274],[-36.7713,94.3296,57.5004],[-10.8342,14.1134,-5.07654],false,[48.7623,78.6009,53.8116],[48.7623,78.6009,53.8116],[6.91163,86.3656,56.3265],[-21.7322,91.592,56.9806],[-41.2614,95.2945,59.1129],[[[0.547235,0.77758,-0.309682],[0.516576,-0.0226586,0.855941],[0.658546,-0.628376,-0.414079]],[[0.17712,0.980856,-0.0809299],[0.0725873,0.0689871,0.994973],[0.981509,-0.182104,-0.0589787]],[[0.17712,0.980856,-0.0809299],[0.0365525,0.0756174,0.996467],[0.98351,-0.179453,-0.0224594]],[[0.17712,0.980856,-0.0809299],[0.119612,0.0601674,0.990996],[0.976894,-0.185206,-0.106665]]],0],[711,[-0.815114,0.556343,-0.161468],71,50.2328,[-42.4715,169.077,45.2893],[-38.0573,180.124,48.0878],[-28.5322,-9.48549,-14.6069],false,[55.1458,97.0758,48.5297],[5.35981,134.57,56.5759],[-11.1286,167.201,53.4061],[-27.9576,178.688,50.0725],[-42.1472,180.571,47.2264],[[[-0.0249027,0.178037,-0.983709],[0.609707,0.782517,0.12619],[0.792235,-0.596632,-0.128037]],[[0.197221,0.00442597,-0.980349],[0.87134,0.457506,0.177356],[0.449301,-0.889196,0.086373]],[[0.197221,0.00442597,-0.980349],[0.544696,0.830941,0.11333],[0.815114,-0.556343,0.161468]],[[0.197221,0.00442597,-0.980349],[0.125662,0.991627,0.0297567],[0.972272,-0.129061,0.195013]]],1],[712,[-0.911228,0.404228,-0.0791411],71,57.2362,[-51.4675,168.715,29.6337],[-49.0566,179.79,31.1179],[-13.5052,-4.12947,4.89508],false,[55.3746,100.366,38.5424],[8.35118,136.974,38.0665],[-15.5106,170.266,33.8935],[-37.6444,180.085,31.9712],[-53.6656,179.35,31.3052],[[[-0.0212127,-0.0402327,-0.998965],[0.613965,0.788062,-0.0447761],[0.789048,-0.614279,0.00798455]],[[0.0455707,-0.0920209,-0.994714],[0.813655,0.581114,-0.0164829],[0.579559,-0.808603,0.101355]],[[0.0455707,-0.0920209,-0.994714],[0.409374,0.910017,-0.065431],[0.911228,-0.404228,0.0791411]],[[0.0455707,-0.0920209,-0.994714],[-0.0417438,0.994703,-0.0939323],[0.998089,0.0458037,0.041488]]],2],[713,[-0.892528,0.41261,-0.18206],71,55.0341,[-43.4253,168.32,6.34344],[-40.3008,174.731,4.97519],[-16.7272,-20.6052,2.01074],false,[55.0723,100.983,28.0708],[13.8527,134.037,19.6282],[-7.92543,164.037,10.5581],[-29.0451,173.801,6.25005],[-44.9304,173.819,4.7105],[[[0.0489109,-0.189483,-0.980665],[0.635721,0.763191,-0.115756],[0.770368,-0.617767,0.157786]],[[0.0937287,-0.225167,-0.969801],[0.815839,0.575675,-0.0548109],[0.570632,-0.786065,0.237657]],[[0.0937287,-0.225167,-0.969801],[0.441144,0.882639,-0.162295],[0.892528,-0.41261,0.18206]],[[0.0937287,-0.225167,-0.969801],[0.0228435,0.974319,-0.224008],[0.995336,-0.00115769,0.0964653]]],3],[714,[-0.841078,0.540702,0.0151479],71,43.1457,[-25.7118,158.878,1.46989],[-21.482,164.846,1.27514],[-30.4908,-27.093,-0.916014],false,[52.778,95.7345,17.3477],[17.4971,127.391,2.9827],[2.68776,153.508,-0.312401],[-11.3641,162.541,-0.0593266],[-25.8141,164.731,1.72471],[[[0.0320276,-0.383188,-0.923115],[0.701135,0.666832,-0.252478],[0.712309,-0.639142,0.290024]],[[-0.150765,-0.207441,-0.96656],[0.858403,0.457476,-0.232077],[0.49032,-0.864687,0.109097]],[[-0.150765,-0.207441,-0.96656],[0.519479,0.815236,-0.255993],[0.841078,-0.540702,-0.0151479]],[[-0.150765,-0.207441,-0.96656],[0.118598,0.966879,-0.226009],[0.98143,-0.148706,-0.12117]]],4]],[[0,200,0],[235.247,235.247,147.751]]],[74841,6164770636,[[71,"right",[-0.68692,0.726383,-0.0225389],[-0.720761,-0.684916,-0.106739],[20.6649,119.02,35.6125],[-2.31538,3.30481,-0.34839],[12.4993,117.079,32.8325],0,0.166876,0.286717,[[0.520177,0.0409642,-0.853075],[0.0181722,0.998092,0.0590087],[0.853865,-0.0461972,0.51844]],54.429,[252.543,77.7596,150.142],[55.615,88.4141,30.5736]]],[[710,[-0.983447,0.179925,0.0214233],71,44.5173,[-44.9371,92.2791,50.756],[-36.8201,94.3566,57.4682],[-9.70795,11.2082,-5.40671],false,[48.7097,78.5825,53.8607],[48.7097,78.5825,53.8607],[6.86142,86.3682,56.3491],[-21.7806,91.6084,56.9731],[-41.3148,95.3176,59.0474],[[[0.548039,0.777315,-0.308924],[0.515593,-0.023112,0.856522],[0.658648,-0.628686,-0.413445]],[[0.177686,0.98079,-0.0804947],[0.0719363,0.0686323,0.995045],[0.981454,-0.182596,-0.0583594]],[[0.177686,0.98079,-0.0804947],[0.0354948,0.0753557,0.996525],[0.983447,-0.179925,-0.0214233]],[[0.177686,0.98079,-0.0804947],[0.116703,0.060218,0.99134],[0.977143,-0.185541,-0.103761]]],0],[711,[-0.816547,0.553785,-0.163012],71,50.2328,[-42.4535,169.135,45.3026],[-38.2242,180.051,48.0039],[-26.7412,-11.1618,-13.7289],false,[55.11,97.0547,48.5893],[5.33682,134.576,56.5858],[-11.2754,167.14,53.3627],[-28.1339,178.573,49.9971],[-42.3224,180.434,47.1306],[[[-0.0236845,0.178227,-0.983704],[0.61002,0.782139,0.12702],[0.792032,-0.597071,-0.127246]],[[0.19857,0.00429313,-0.980077],[0.869285,0.461095,0.178142],[0.452673,-0.887341,0.0878275]],[[0.19857,0.00429313,-0.980077],[0.542052,0.832649,0.11347],[0.816547,-0.553785,0.163012]],[[0.19857,0.00429313,-0.980077],[0.124136,0.991827,0.0294953],[0.972194,-0.12752,0.196414]]],1],[712,[-0.912906,0.400426,-0.0791365],71,57.2362,[-51.4583,168.788,29.6465],[-49.2281,179.638,31.1434],[-15.3898,-10.0164,4.25922],false,[55.352,100.347,38.6028],[8.35056,136.982,38.0803],[-15.6435,170.18,33.9156],[-37.8181,179.907,31.9934],[-53.8363,179.112,31.3239],[[[-0.0201046,-0.0400428,-0.998996],[0.614475,0.787712,-0.0439401],[0.78868,-0.614741,0.00876871]],[[0.0461134,-0.0914604,-0.99474],[0.811326,0.584371,-0.0161187],[0.582772,-0.806316,0.101152]],[[0.0461134,-0.0914604,-0.99474],[0.405557,0.911753,-0.0650298],[0.912906,-0.400426,0.0791365]],[[0.0461134,-0.0914604,-0.99474],[-0.0454119,0.994578,-0.0935507],[0.997903,0.049487,0.04171]]],2],[713,[-0.893593,0.4103,-0.182062],71,55.0341,[-43.4033,168.377,6.33016],[-40.385,174.605,4.98212],[-14.5401,-19.201,2.13221],false,[55.062,100.965,28.1311],[13.8712,134.045,19.6477],[-7.9664,164.002,10.5788],[-29.1113,173.711,6.27076],[-44.9965,173.686,4.73077],[[[0.0499113,-0.189337,-0.980643],[0.636296,0.76284,-0.1149],[0.769828,-0.618245,0.158549]],[[0.0943762,-0.224796,-0.969825],[0.814671,0.577352,-0.054547],[0.572192,-0.78494,0.237623]],[[0.0943762,-0.224796,-0.969825],[0.438846,0.88381,-0.162154],[0.893593,-0.4103,0.182062]],[[0.0943762,-0.224796,-0.969825],[0.0201607,0.974404,-0.223896],[0.995332,0.0015781,0.0964927]]],3],[714,[-0.845699,0.53346,0.0146039],71,43.1457,[-25.6733,158.943,1.46771],[-21.7095,164.587,1.26637],[-30.1879,-30.0697,-1.08919],false,[52.7768,95.7203,17.4044