{"metadata":{"formatVersion":2,"generatedBy":"LeapJS Playback 0.2.1","frames":257,"frameRate":"1.1e+2","modified":"Sun Apr 12 2015 21:27:22 GMT-0300 (E. South America Standard Time)","title":"e"},"frames":[["id","timestamp",{"hands":[["id","type","direction","palmNormal","palmPosition","palmVelocity","stabilizedPalmPosition","pinchStrength","grabStrength","confidence","armBasis","armWidth","elbow","wrist"]]},{"pointables":[["id","direction","handId","length","stabilizedTipPosition","tipPosition","tipVelocity","tool","carpPosition","mcpPosition","pipPosition","dipPosition","btipPosition","bases","type"]]},{"interactionBox":["center","size"]}],[84395,6274090007,[[78,"right",[-0.512558,0.732574,-0.447905],[-0.257736,-0.628844,-0.733571],[1.81736,160.942,28.0084],[9.60558,-120.01,-4.08162],[0.162398,170.274,25.1649],0,1,0.605642,[[0.493443,0.383278,-0.780776],[-0.0175393,0.901875,0.43164],[0.869601,-0.199296,0.451747]],52.7612,[225.239,87.5249,148.428],[30.827,132.08,47.4334]]],[[780,[-0.733779,0.183679,-0.654087],78,43.1532,[-42.4039,133.727,1.83465],[-42.9683,132.974,2.42389],[9.41143,-126.184,1.70968],false,[10.6405,118.231,54.2078],[10.6405,118.231,54.2078],[-25.1678,124.202,34.4467],[-45.8836,129.387,15.9807],[-41.3204,133.755,-2.33951],[[[0.460096,0.810252,0.363048],[-0.343876,-0.214365,0.914219],[0.818572,-0.545472,0.179998]],[[0.0300245,0.970586,0.238875],[-0.498546,-0.192593,0.845198],[0.866343,-0.144467,0.478099]],[[0.0300245,0.970586,0.238875],[-0.678724,-0.155643,0.717711],[0.733779,-0.183679,0.654087]],[[0.0300245,0.970586,0.238875],[-0.971416,0.0846342,-0.221783],[-0.235477,-0.225388,0.945384]]],0],[781,[-0.429895,-0.0282591,-0.902437],78,48.6936,[-44.9639,204.648,-4.55403],[-43.959,194.93,3.16318],[3.21988,-122.44,5.08925],false,[15.7418,136.643,58.7027],[-25.3115,171.831,30.6439],[-35.6886,205.404,25.1116],[-44.2923,204.839,7.05066],[-43.5519,191.543,2.27411],[[[0.721371,0.379859,-0.579078],[0.159531,0.722525,0.672687],[0.673924,-0.577638,0.460609]],[[0.881664,0.202257,-0.426333],[0.37091,0.261478,0.891097],[0.291708,-0.94378,0.155517]],[[0.881664,0.202257,-0.426333],[-0.194572,0.978925,0.0620343],[0.429895,0.0282591,0.902437]],[[0.881664,0.202257,-0.426333],[-0.468966,0.275367,-0.839193],[-0.0523348,0.939822,0.337633]]],1],[782,[-0.492707,-0.249002,-0.833809],78,55.4825,[-29.8378,207.46,-10.9618],[-28.6569,198.8,-4.76243],[3.37727,-124.198,1.36719],false,[22.9137,141.774,53.5857],[-9.96117,177.774,22.5936],[-18.0389,215.96,14.2577],[-29.6401,210.097,-5.37497],[-27.6195,194.728,-4.02392],[[[0.767952,0.169549,-0.61766],[0.293948,0.763485,0.575052],[0.569074,-0.623172,0.536481]],[[0.850312,0.065893,-0.522137],[0.485803,0.283278,0.826891],[0.202396,-0.956772,0.208864]],[[0.850312,0.065893,-0.522137],[-0.184955,0.966259,-0.179263],[0.492707,0.249002,0.833809]],[[0.850312,0.065893,-0.522137],[-0.510006,-0.141634,-0.84843],[-0.129858,0.987724,-0.0868278]]],2],[783,[-0.525286,-0.235906,-0.817571],78,53.3479,[-8.52286,197.664,-10.3716],[-9.27217,197.226,-10.61],[1.02515,-123.528,-2.87885],false,[30.5197,144.483,47.3978],[7.59839,178.576,15.7366],[2.90115,214.198,6.92181],[-9.14772,208.787,-11.8314],[-8.35983,193.448,-9.97963],[[[0.818966,0.0179562,-0.57356],[0.366054,0.753394,0.546262],[0.441925,-0.657325,0.610431]],[[0.843917,-0.0213651,-0.536049],[0.521233,0.269138,0.809865],[0.126968,-0.962865,0.238266]],[[0.843917,-0.0213651,-0.536049],[-0.10899,0.971541,-0.210308],[0.525286,0.235906,0.817571]],[[0.843917,-0.0213651,-0.536049],[-0.534051,-0.128313,-0.835658],[-0.0509279,0.991504,-0.119695]]],3],[784,[-0.624519,-0.181171,-0.759706],78,41.8237,[11.5053,191.018,-10.7142],[10.7496,190.094,-11.0663],[10.3145,-125.207,-11.4343],false,[37.9769,141.736,38.6961],[23.241,175.549,7.9595],[22.7187,203.713,-0.02449],[12.6046,200.779,-12.3279],[11.2665,186.7,-10.4026],[[[0.792794,-0.182974,-0.581376],[0.526573,0.685962,0.502172],[0.306918,-0.704256,0.640176]],[[0.780949,-0.156905,-0.604565],[0.624339,0.223745,0.748424],[0.0178373,-0.961935,0.272696]],[[0.780949,-0.156905,-0.604565],[0.00967214,0.970854,-0.239475],[0.624519,0.181171,0.759706]],[[0.780949,-0.156905,-0.604565],[-0.617517,-0.0486649,-0.78505],[0.0937573,0.986414,-0.134896]]],4]],[[0,200,0],[235.247,235.247,147.751]]],[84396,6274098710,[[78,"right",[-0.511853,0.732899,-0.448181],[-0.259977,-0.629389,-0.732313],[1.85536,160.074,27.9941],[8.2076,-114.603,-3.43084],[0.420692,168.718,25.5966],0,1,0.640195,[[0.492941,0.379577,-0.782899],[-0.0177699,0.904023,0.427113],[0.869881,-0.19663,0.452375]],52.7612,[225.314,87.2261,148.552],[30.8398,131.186,47.4171]]],[[780,[-0.734349,0.183884,-0.65339],78,43.1532,[-42.406,132.647,1.897],[-42.9946,132.139,2.48493],[5.75119,-118.178,3.25276],false,[10.6375,117.383,54.2404],[10.6375,117.383,54.2404],[-25.1776,123.386,34.5015],[-45.9096,128.577,16.0552],[-41.3613,132.91,-2.27707],[[[0.46213,0.809902,0.36124],[-0.342935,-0.212447,0.91502],[0.817821,-0.54674,0.179565]],[[0.0319076,0.970893,0.237378],[-0.498138,-0.190453,0.845923],[0.866511,-0.145238,0.477562]],[[0.0319076,0.970893,0.237378],[-0.678022,-0.15347,0.718841],[0.734349,-0.183884,0.65339]],[[0.0319076,0.970893,0.237378],[-0.971543,0.0858984,-0.220739],[-0.234705,-0.22358,0.946005]]],0],[781,[-0.431246,-0.0288211,-0.901774],78,48.6936,[-44.7831,203.146,-3.45759],[-43.8914,194.108,3.17087],[4.38318,-114.928,3.93613],false,[15.7796,135.792,58.702],[-25.2494,171.017,30.6539],[-35.5722,204.602,25.0897],[-44.2029,204.025,7.04205],[-43.4929,190.72,2.28537],[[[0.721226,0.377708,-0.580663],[0.161856,0.723167,0.67144],[0.673525,-0.578244,0.460432]],[[0.881414,0.200021,-0.427903],[0.372697,0.262036,0.890187],[0.290182,-0.944102,0.156415]],[[0.881414,0.200021,-0.427903],[-0.192706,0.979368,0.060855],[0.431246,0.0288211,0.901774]],[[0.881414,0.200021,-0.427903],[-0.469671,0.274882,-0.838957],[-0.0501865,0.940442,0.336229]]],1],[782,[-0.494166,-0.2497,-0.832737],78,55.4825,[-29.5357,205.798,-9.87012],[-28.5762,197.926,-4.77454],[4.78421,-117.643,0.413786],false,[22.9535,140.903,53.5673],[-9.89982,176.92,22.573],[-17.9121,215.109,14.189],[-29.5476,209.23,-5.41848],[-27.5494,193.86,-4.03585],[[[0.76736,0.167258,-0.619018],[0.296206,0.763741,0.573552],[0.568701,-0.623477,0.536521]],[[0.849788,0.0634056,-0.523297],[0.487399,0.283568,0.825852],[0.200754,-0.956854,0.210069]],[[0.849788,0.0634056,-0.523297],[-0.183467,0.966245,-0.180859],[0.494166,0.2497,0.832737]],[[0.849788,0.0634056,-0.523297],[-0.511243,-0.142709,-0.847505],[-0.128416,0.987732,-0.0888571]]],2],[783,[-0.526949,-0.236147,-0.816431],78,53.3479,[-8.50503,196.69,-10.4209],[-9.21779,196.321,-10.6553],[2.2028,-118.289,-3.53896],false,[30.5555,143.589,47.3646],[7.65115,177.68,15.6892],[3.00498,213.298,6.83241],[-9.08202,207.881,-11.8947],[-8.31799,192.544,-10.0212],[[[0.818158,0.0156325,-0.574781],[0.368251,0.753475,0.544671],[0.441598,-0.657291,0.610705]],[[0.84306,-0.0236322,-0.5373],[0.522951,0.269307,0.8087],[0.125588,-0.962764,0.239401]],[[0.84306,-0.0236322,-0.5373],[-0.107588,0.97143,-0.211539],[0.526949,0.236147,0.816431]],[[0.84306,-0.0236322,-0.5373],[-0.535547,-0.128625,-0.834652],[-0.0493858,0.991412,-0.121095]]],3],[784,[-0.624995,-0.181643,-0.759202],78,41.8237,[11.5873,190.004,-10.8217],[10.852,189.141,-11.1351],[10.4915,-121.015,-10.9703],false,[37.9948,140.815,38.6558],[23.2767,174.613,7.89348],[22.8463,202.76,-0.15565],[12.7245,199.818,-12.4509],[11.3548,185.749,-10.4755],[[[0.791601,-0.185259,-0.582277],[0.52858,0.685684,0.500441],[0.306547,-0.70393,0.640712]],[[0.780531,-0.160814,-0.604078],[0.624944,0.223465,0.748003],[0.0147011,-0.961355,0.274921]],[[0.780531,-0.160814,-0.604078],[0.0123633,0.970126,-0.242286],[0.624995,0.181643,0.759202]],[[0.780531,-0.160814,-0.604078],[-0.617707,-0.0500616,-0.784813],[0.0959675,0.985714,-0.13841]]],4]],[[0,200,0],[235.247,235.247,147.751]]],[84397,6274107371,[[78,"right",[-0.511245,0.733582,-0.447758],[-0.26278,-0.629467,-0.731244],[1.88947,159.31,27.9859],[7.07277,-107.569,-2.76978],[0.650259,167.248,25.97],0,1,0.671575,[[0.492228,0.375849,-0.785143],[-0.01801,0.906184,0.422501],[0.87028,-0.193826,0.452818]],52.7612,[225.417,87.0458,148.608],[30.8534,130.378,47.3742]]],[[780,[-0.735439,0.184573,-0.651968],78,43.1532,[-42.4543,131.759,1.98069],[-43.058,131.432,2.57326],[1.85967,-108.567,5.26316],false,[10.6365,116.624,54.2505],[10.6365,116.624,54.2505],[-25.2,122.676,34.5655],[-45.9627,127.887,16.1594],[-41.4455,132.194,-2.18652],[[[0.46455,0.809245,0.359606],[-0.341504,-0.210959,0.915899],[0.817049,-0.548287,0.178359]],[[0.0341423,0.971057,0.236394],[-0.497088,-0.188699,0.846933],[0.867028,-0.146425,0.476258]],[[0.0341423,0.971057,0.236394],[-0.67673,-0.151594,0.720456],[0.735439,-0.184573,0.651968]],[[0.0341423,0.971057,0.236394],[-0.971852,0.0874275,-0.21877],[-0.233105,-0.22227,0.946709]]],0],[781,[-0.433128,-0.0287841,-0.900873],78,48.6936,[-44.6113,201.684,-2.45544],[-43.8344,193.414,3.22984],[4.91693,-105.623,4.65969],false,[15.826,135.025,58.686],[-25.187,170.312,30.6918],[-35.4513,203.914,25.12],[-44.1198,203.337,7.09039],[-43.4459,190.027,2.34583],[[[0.72082,0.375716,-0.582457],[0.164731,0.723397,0.670493],[0.673262,-0.579254,0.459547]],[[0.880952,0.197824,-0.429871],[0.375059,0.262017,0.889201],[0.288539,-0.94457,0.156628]],[[0.880952,0.197824,-0.429871],[-0.190588,0.979815,0.060326],[0.433128,0.0287841,0.900873]],[[0.880952,0.197824,-0.429871],[-0.470803,0.274971,-0.838294],[-0.0476329,0.940881,0.335372]]],1],[782,[-0.496173,-0.249721,-0.831536],78,55.4825,[-29.2628,204.226,-8.91763],[-28.5115,197.184,-4.74437],[5.35333,-108.953,0.984431],false,[23,140.117,53.5323],[-9.84175,176.177,22.5745],[-17.7842,214.375,14.1679],[-29.467,208.495,-5.4113],[-27.4956,193.124,-4.00919],[[[0.766439,0.165139,-0.620726],[0.298964,0.763609,0.572295],[0.5685,-0.624204,0.535889]],[[0.848975,0.0610056,-0.524899],[0.489528,0.283282,0.82469],[0.199005,-0.957094,0.210636]],[[0.848975,0.0610056,-0.524899],[-0.181807,0.966394,-0.181737],[0.496173,0.249721,0.831536]],[[0.848975,0.0610056,-0.524899],[-0.51302,-0.143003,-0.846381],[-0.126696,0.98784,-0.090109]]],2],[783,[-0.529137,-0.2358,-0.815115],78,53.3479,[-8.47991,195.837,-10.4482],[-9.18104,195.545,-10.6672],[2.52946,-110.64,-3.01075],false,[30.5948,142.782,47.3117],[7.69664,176.894,15.6542],[3.10492,212.515,6.77877],[-9.03228,207.106,-11.9181],[-8.29424,191.769,-10.0317],[[[0.817012,0.0134447,-0.576464],[0.370929,0.753169,0.543276],[0.441479,-0.65769,0.61036]],[[0.841879,-0.0257895,-0.53905],[0.525201,0.268876,0.807385],[0.124116,-0.962829,0.239906]],[[0.841879,-0.0257895,-0.53905],[-0.106087,0.971459,-0.212161],[0.529137,0.2358,0.815115]],[[0.841879,-0.0257895,-0.53905],[-0.537554,-0.12837,-0.8334],[-0.0477052,0.991391,-0.121936]]],3],[784,[-0.626162,-0.181259,-0.758331],78,41.8237,[11.6582,189.092,-10.9084],[10.9209,188.316,-11.1881],[9.56436,-114.125,-10.1115],false,[38.0106,139.986,38.5902],[23.2998,173.788,7.82923],[22.9522,201.924,-0.262732],[12.8115,198.988,-12.5439],[11.4076,184.928,-10.5348],[[[0.790023,-0.187397,-0.583735],[0.531025,0.685007,0.498777],[0.306393,-0.704023,0.640684]],[[0.779549,-0.164208,-0.604433],[0.626228,0.222631,0.747177],[0.0118733,-0.960974,0.276383]],[[0.779549,-0.164208,-0.604433],[0.0149648,0.969629,-0.244121],[0.626162,0.181259,0.758331]],[[0.779549,-0.164208,-0.604433],[-0.618569,-0.0502835,-0.78412],[0.0983656,0.985143,-0.140772]]],4]],[[0,200,0],[235.247,235.247,147.751]]],[84398,6274116042,[[78,"right",[-0.514163,0.730767,-0.449017],[-0.263184,-0.632685,-0.728316],[1.77284,158.597,27.8865],[1.61343,-100.842,-5.08275],[0.829179,165.869,26.2755],0,1,0.651687,[[0.491798,0.374363,-0.786122],[-0.0180422,0.907039,0.420659],[0.870522,-0.192696,0.452834]],52.7612,[225.474,86.7231,148.539],[30.8564,129.803,47.3014]]],[[780,[-0.737716,0.180285,-0.650594],78,43.1532,[-42.5437,130.82,2.08459],[-43.1599,130.509,2.67779],[-2.0333,-108.06,7.28235],false,[10.6904,116.025,54.2794],[10.6904,116.025,54.2794],[-25.2077,121.915,34.6577],[-46.0347,127.004,16.2903],[-41.5678,131.256,-2.08088],[[[0.463552,0.811621,0.355515],[-0.338606,-0.208515,0.917533],[0.81882,-0.545703,0.178163]],[[0.0322406,0.971993,0.232789],[-0.494605,-0.186876,0.848789],[0.86852,-0.142504,0.474727]],[[0.0322406,0.971993,0.232789],[-0.674341,-0.150757,0.722867],[0.737716,-0.180285,0.650594]],[[0.0322406,0.971993,0.232789],[-0.972536,0.0842242,-0.216979],[-0.230508,-0.2194,0.948014]]],0],[781,[-0.435389,-0.0331105,-0.899633],78,48.6936,[-44.4967,200.233,-1.57115],[-44.0942,192.5,3.13197],[-4.36153,-105.497,0.400977],false,[15.8475,134.454,58.636],[-25.3227,169.543,30.6243],[-35.6818,203.101,24.9601],[-44.3955,202.438,6.95526],[-43.7009,189.111,2.25838],[[[0.718397,0.375358,-0.585672],[0.164752,0.726165,0.667488],[0.675842,-0.576012,0.459835]],[[0.879352,0.198391,-0.432875],[0.37675,0.26607,0.88728],[0.291203,-0.943318,0.159225]],[[0.879352,0.198391,-0.432875],[-0.192812,0.979564,0.0572613],[0.435389,0.0331105,0.899633]],[[0.879352,0.198391,-0.432875],[-0.473635,0.270695,-0.83809],[-0.0490919,0.942001,0.332001]]],1],[782,[-0.497593,-0.254139,-0.829346],78,55.4825,[-29.0774,202.713,-8.1245],[-28.785,196.27,-4.88562],[-4.54086,-107.693,-3.73685],false,[22.9958,139.545,53.4455],[-10.0127,175.416,22.446],[-18.0609,213.567,13.9247],[-29.7772,207.583,-5.6029],[-27.7615,192.223,-4.14073],[[[0.764419,0.164755,-0.623314],[0.298631,0.766348,0.568798],[0.571387,-0.620941,0.536609]],[[0.847538,0.0610372,-0.527213],[0.490932,0.287273,0.822472],[0.201655,-0.955902,0.21351]],[[0.847538,0.0610372,-0.527213],[-0.184606,0.96524,-0.185021],[0.497593,0.254139,0.829346]],[[0.847538,0.0610372,-0.527213],[-0.514682,-0.147939,-0.844522],[-0.129542,0.987111,-0.093969]]],2],[783,[-0.530665,-0.240475,-0.812752],78,53.3479,[-8.64394,194.969,-10.561],[-9.45424,194.658,-10.8406],[-6.87422,-108.212,-7.34559],false,[30.568,142.206,47.1956],[7.50577,176.151,15.4773],[2.81261,211.733,6.50104],[-9.35964,206.217,-12.1416],[-8.56605,190.891,-10.1823],[[[0.81547,0.0133407,-0.578646],[0.370545,0.755975,0.539627],[0.444641,-0.654464,0.611532]],[[0.840507,-0.0256664,-0.541193],[0.52674,0.272588,0.805134],[0.126858,-0.961788,0.242632]],[[0.840507,-0.0256664,-0.541193],[-0.109283,0.970316,-0.215741],[0.530665,0.240475,0.812752]],[[0.840507,-0.0256664,-0.541193],[-0.539367,-0.13421,-0.831307],[-0.0512968,0.99062,-0.126648]]],3],[784,[-0.626989,-0.18622,-0.756443],78,41.8237,[11.5749,188.222,-11.0677],[10.6859,187.47,-11.4129],[-0.410495,-109.676,-14.6777],false,[37.9676,139.396,38.4646],[23.0958,173.054,7.62257],[22.6949,201.153,-0.591479],[12.5408,198.137,-12.8421],[11.1739,184.085,-10.7529],[[[0.788942,-0.18759,-0.585134],[0.530687,0.688037,0.494951],[0.309746,-0.70101,0.642373]],[[0.778924,-0.165692,-0.604833],[0.626969,0.226813,0.745296],[0.0136944,-0.959741,0.280554]],[[0.778924,-0.165692,-0.604833],[0.0127043,0.968436,-0.248939],[0.626989,0.18622,0.756443]],[[0.778924,-0.165692,-0.604833],[-0.619762,-0.0560942,-0.782783],[0.0957731,0.984581,-0.146383]]],4]],[[0,200,0],[235.247,235.247,147.751]]],[84399,6274124693,[[78,"right",[-0.517135,0.728038,-0.450036],[-0.264226,-0.635915,-0.725118],[1.80035,157.813,27.91],[2.02914,-98.1313,-3.01213],[0.985835,164.569,26.5391],0,1,0.682031,[[0.490613,0.373117,-0.787453],[-0.0168837,0.907588,0.419522],[0.871214,-0.192528,0.451575]],52.7612,[225.779,86.1087,148.292],[31.0065,129.151,47.3364]]],[[780,[-0.74042,0.176129,-0.648657],78,43.1532,[-42.572,129.83,2.30069],[-43.1428,129.527,2.94249],[-1.25467,-109.593,13.7353],false,[10.892,115.357,54.4306],[10.892,115.357,54.4306],[-25.0794,121.093,34.8975],[-45.9827,126.066,16.5848],[-41.5732,130.258,-1.81397],[[[0.463013,0.813886,0.351011],[-0.335196,-0.205823,0.919391],[0.820526,-0.543347,0.177513]],[[0.0307888,0.972931,0.229034],[-0.491578,-0.184776,0.851005],[0.870289,-0.138789,0.472582]],[[0.0307888,0.972931,0.229034],[-0.671439,-0.14961,0.725801],[0.74042,-0.176129,0.648657]],[[0.0307888,0.972931,0.229034],[-0.973281,0.0813473,-0.214724],[-0.227543,-0.216303,0.94944]]],0],[781,[-0.438213,-0.0374255,-0.898091],78,48.6936,[-44.4148,198.799,-0.783266],[-44.2145,191.525,3.18224],[-6.89356,-107.311,1.81765],false,[16.0248,133.813,58.7024],[-25.3088,168.713,30.6954],[-35.756,202.228,24.9411],[-44.5262,201.479,6.96711],[-43.818,188.136,2.3193],[[[0.715713,0.374676,-0.589383],[0.165404,0.728966,0.664267],[0.678525,-0.572911,0.459758]],[[0.877531,0.198607,-0.436458],[0.379068,0.270127,0.885064],[0.293679,-0.942118,0.161759]],[[0.877531,0.198607,-0.436458],[-0.194702,0.979364,0.0541901],[0.438213,0.0374255,0.898091]],[[0.877531,0.198607,-0.436458],[-0.4769,0.266449,-0.837598],[-0.0500589,0.943165,0.328533]]],1],[782,[-0.499625,-0.258441,-0.826791],78,55.4825,[-28.9461,201.255,-7.4537],[-28.9212,195.291,-4.88557],[-7.60216,-108.77,-2.84485],false,[23.1456,138.899,53.47],[-10.0378,174.587,22.4459],[-18.1837,212.693,13.8145],[-29.9478,206.607,-5.653],[-27.8911,191.259,-4.13001],[[[0.76205,0.164032,-0.626397],[0.298879,0.76906,0.564994],[0.574414,-0.617771,0.537036]],[[0.845771,0.060734,-0.530078],[0.492964,0.291104,0.819906],[0.204104,-0.954762,0.216268]],[[0.845771,0.060734,-0.530078],[-0.187208,0.964116,-0.188237],[0.499625,0.258441,0.826791]],[[0.845771,0.060734,-0.530078],[-0.516915,-0.152846,-0.842281],[-0.132176,0.986382,-0.0978785]]],2],[783,[-0.532763,-0.245066,-0.810004],78,53.3479,[-8.80073,194.057,-10.6309],[-9.59722,193.698,-10.8889],[-9.78154,-108.732,-6.72747],false,[30.6919,141.553,47.1858],[7.45651,175.333,15.4176],[2.66681,210.875,6.33817],[-9.55355,205.254,-12.2415],[-8.70839,189.941,-10.2089],[[[0.81356,0.0128888,-0.581338],[0.370719,0.758729,0.535629],[0.447981,-0.651279,0.612493]],[[0.83878,-0.0258951,-0.543855],[0.528854,0.276265,0.802491],[0.129467,-0.960733,0.24542]],[[0.83878,-0.0258951,-0.543855],[-0.112305,0.96916,-0.219353],[0.532763,0.245066,0.810004]],[[0.83878,-0.0258951,-0.543855],[-0.541723,-0.139914,-0.828831],[-0.05463,0.989825,-0.131385]]],3],[784,[-0.628462,-0.189645,-0.754367],78,41.8237,[11.4886,187.356,-11.1913],[10.5981,186.565,-11.5028],[-3.12879,-107.835,-13.5568],false,[38.069,138.727,38.4412],[23.0274,172.239,7.52373],[22.6016,200.313,-0.773173],[12.4237,197.242,-12.9902],[11.0892,183.198,-10.8261],[[[0.787429,-0.188119,-0.586998],[0.530856,0.690957,0.490683],[0.313284,-0.69799,0.643944]],[[0.777758,-0.167266,-0.605899],[0.628395,0.229216,0.743357],[0.0145436,-0.958896,0.283383]],[[0.777758,-0.167266,-0.605899],[0.0112742,0.9675,-0.252618],[0.628462,0.189645,0.754367]],[[0.777758,-0.167266,-0.605899],[-0.62157,-0.0612773,-0.780958],[0.0934995,0.984006,-0.151626]]],4]],[[0,200,0],[235.247,235.247,147.751]]],[84400,6274133370,[[78,"right",[-0.521246,0.723776,-0.452162],[-0.264893,-0.640879,-0.72049],[1.7097,157.131,27.841],[-1.29177,-92.9423,-4.32714],[1.10376,163.357,26.7512],0,1,0.59957,[[0.490645,0.371282,-0.7883],[-0.0152753,0.908204,0.418249],[0.871225,-0.19317,0.451278]],52.7612,[225.859,85.4892,148.207],[31.0841,128.675,47.3171]]],[[780,[-0.743986,0.169702,-0.646287],78,43.1532,[-42.6417,128.82,2.55697],[-43.2216,128.541,3.20057],[-3.67892,-110.777,18.3727],false,[11.0424,114.856,54.5663],[11.0424,114.856,54.5663],[-25.0176,120.356,35.129],[-46.0216,125.147,16.8832],[-41.6784,129.247,-1.552],[[[0.461662,0.817376,0.344622],[-0.331005,-0.201703,0.92182],[0.822984,-0.539641,0.177437]],[[0.0282382,0.974333,0.223333],[-0.487916,-0.181564,0.853799],[0.872434,-0.133078,0.470266]],[[0.0282382,0.974333,0.223333],[-0.667599,-0.147907,0.729682],[0.743986,-0.169702,0.646287]],[[0.0282382,0.974333,0.223333],[-0.974152,0.0769175,-0.212396],[-0.224122,-0.211563,0.95132]]],0],[781,[-0.441492,-0.0440421,-0.896183],78,48.6936,[-44.3914,197.381,-0.10622],[-44.5074,190.547,3.10195],[-14.0295,-108.637,-1.13361],false,[16.1306,133.353,58.7139],[-25.4245,167.958,30.6686],[-36.004,201.405,24.7647],[-44.8398,200.523,6.82895],[-44.1042,187.156,2.25611],[[[0.71222,0.37367,-0.594233],[0.165533,0.733259,0.659493],[0.68216,-0.568069,0.460387]],[[0.8752,0.199001,-0.440935],[0.381548,0.276384,0.882062],[0.297398,-0.940218,0.165963]],[[0.8752,0.199001,-0.440935],[-0.197761,0.979009,0.0493116],[0.441492,0.0440421,0.896184]],[[0.8752,0.199001,-0.440935],[-0.480958,0.259967,-0.837315],[-0.0519978,0.944889,0.323234]]],1],[782,[-0.50171,-0.26506,-0.823426],78,55.4825,[-28.8959,199.844,-6.91882],[-29.2373,194.309,-5.03493],[-15.3006,-109.546,-6.81443],false,[23.2146,138.432,53.4255],[-10.2044,173.835,22.3275],[-18.4977,211.866,13.5108],[-30.3108,205.625,-5.87744],[-28.1942,190.294,-4.26308],[[[0.759109,0.162972,-0.630233],[0.298495,0.773226,0.559484],[0.578492,-0.612831,0.538317]],[[0.843673,0.0603047,-0.533459],[0.495012,0.297226,0.816468],[0.207795,-0.952901,0.22091]],[[0.843673,0.0603047,-0.533459],[-0.191055,0.962344,-0.193368],[0.50171,0.26506,0.823426]],[[0.843673,0.0603047,-0.533459],[-0.519338,-0.160096,-0.839439],[-0.136027,0.985258,-0.10375]]],2],[783,[-0.535006,-0.251852,-0.806436],78,53.3479,[-9.06533,193.136,-10.7786],[-9.92604,192.749,-11.0938],[-17.5792,-108.657,-11.0964],false,[30.7281,141.075,47.0975],[7.26035,174.598,15.2281],[2.32488,210.076,5.97773],[-9.94694,204.299,-12.5201],[-9.03123,189.004,-10.3864],[[[0.811289,0.0122567,-0.584517],[0.370256,0.762964,0.529902],[0.45246,-0.646325,0.614446]],[[0.836761,-0.0262014,-0.546941],[0.531069,0.28219,0.798959],[0.133407,-0.959001,0.25004]],[[0.836761,-0.0262014,-0.546941],[-0.116618,0.967411,-0.224758],[0.535006,0.251852,0.806436]],[[0.836761,-0.0262014,-0.546941],[-0.54436,-0.147776,-0.825733],[-0.0591897,0.988674,-0.137916]]],3],[784,[-0.630604,-0.196211,-0.750893],78,41.8237,[11.2933,186.5,-11.3759],[10.2881,185.684,-11.7574],[-12.0838,-106,-17.8171],false,[38.081,138.223,38.3409],[22.8112,171.51,7.29218],[22.2713,199.537,-1.15921],[12.0586,196.359,-13.3199],[10.7839,182.324,-11.0607],[[[0.7858,-0.188864,-0.588939],[0.530444,0.695464,0.484727],[0.318038,-0.693297,0.646677]],[[0.776072,-0.168322,-0.607767],[0.630375,0.235229,0.739794],[0.0184409,-0.957254,0.28866]],[[0.776072,-0.168322,-0.607767],[0.0071408,0.966007,-0.258418],[0.630604,0.196211,0.750893]],[[0.776072,-0.168322,-0.607767],[-0.624288,-0.0685633,-0.77818],[0.0893139,0.983345,-0.158291]]],4]],[[0,200,0],[235.247,235.247,147.751]]],[84401,6274142073,[[78,"right",[-0.523621,0.721077,-0.453727],[-0.264921,-0.643983,-0.717707],[1.63118,156.6,27.8786],[-3.35466,-84.4091,-2.01945],[1.18986,162.254,26.9353],0,1,0.634654,[[0.490486,0.370515,-0.78876],[-0.0141023,0.908369,0.417931],[0.871335,-0.193866,0.450768]],52.7612,[225.902,84.9338,148.175],[31.1021,128.275,47.3993]]],[[780,[-0.746358,0.165489,-0.644642],78,43.1532,[-42.7086,127.989,2.80552],[-43.2736,127.812,3.42457],[-4.68448,-103.632,20.883],false,[11.1033,114.44,54.7357],[11.1033,114.44,54.7357],[-25.0006,119.789,35.3378],[-46.0716,124.461,17.1385],[-41.7476,128.502,-1.31425],[[[0.460604,0.819556,0.340841],[-0.328827,-0.199122,0.92316],[0.824449,-0.537289,0.177775]],[[0.026421,0.975197,0.219757],[-0.486114,-0.179557,0.85525],[0.873496,-0.129424,0.469312]],[[0.026421,0.975197,0.219757],[-0.66502,-0.146985,0.732218],[0.746358,-0.165489,0.644642]],[[0.026421,0.975197,0.219757],[-0.974431,0.0741931,-0.212086],[-0.22313,-0.208535,0.952222]]],0],[781,[-0.443085,-0.0482301,-0.895181],78,48.6936,[-44.4042,196.038,0.478091],[-44.7003,189.828,3.11207],[-16.207,-101.606,-0.532376],false,[16.1606,132.962,58.808],[-25.5202,167.38,30.7197],[-36.181,200.784,24.7174],[-45.0486,199.819,6.80172],[-44.2926,186.436,2.27689],[[[0.710303,0.373046,-0.596914],[0.165251,0.735938,0.656572],[0.684223,-0.565006,0.461093]],[[0.873941,0.199261,-0.443308],[0.382645,0.28031,0.880346],[0.299682,-0.939,0.168728]],[[0.873941,0.199261,-0.443308],[-0.199756,0.978759,0.0461396],[0.443085,0.0482301,0.895181]],[[0.873941,0.199261,-0.443308],[-0.483085,0.255829,-0.837365],[-0.0534433,0.945963,0.31984]]],1],[782,[-0.502571,-0.26916,-0.821569],78,55.4825,[-28.8939,198.539,-6.48225],[-29.4396,193.588,-5.06193],[-17.4908,-102.104,-5.98072],false,[23.2238,138.037,53.4881],[-10.3284,173.26,22.3287],[-18.7096,211.243,13.3912],[-30.5431,204.906,-5.95335],[-28.3906,189.586,-4.28211],[[[0.757565,0.16232,-0.632256],[0.297939,0.775828,0.556168],[0.580799,-0.609708,0.539379]],[[0.842639,0.0600176,-0.535123],[0.495842,0.301075,0.814552],[0.21,-0.95171,0.223938]],[[0.842639,0.0600176,-0.535123],[-0.193342,0.961224,-0.196642],[0.502571,0.26916,0.821569]],[[0.842639,0.0600176,-0.535123],[-0.520406,-0.16453,-0.837918],[-0.138334,0.984545,-0.107406]]],2],[783,[-0.53603,-0.256238,-0.804372],78,53.3479,[-9.29699,192.361,-10.8605],[-10.1293,192.048,-11.1382],[-19.4782,-100.965,-9.35461],false,[30.7197,140.673,47.1364],[7.1212,174.034,15.1933],[2.09637,209.472,5.83855],[-10.1989,203.595,-12.6119],[-9.23508,188.312,-10.4106],[[[0.810148,0.0118771,-0.586106],[0.369665,0.765611,0.526486],[0.454982,-0.643194,0.615867]],[[0.835712,-0.0263014,-0.548537],[0.532106,0.285823,0.796975],[0.135823,-0.957921,0.252861]],[[0.835712,-0.0263014,-0.548537],[-0.1194,0.966256,-0.22824],[0.53603,0.256238,0.804372]],[[0.835712,-0.0263014,-0.548537],[-0.545622,-0.153086,-0.823931],[-0.0623027,0.987863,-0.142286]]],3],[784,[-0.631481,-0.200393,-0.749049],78,41.8237,[11.1028,185.756,-11.5031],[10.1037,185.027,-11.826],[-14.7824,-97.7002,-15.1756],false,[38.062,137.806,38.3759],[22.6633,170.951,7.23866],[22.0624,198.947,-1.30731],[11.8355,195.702,-13.4382],[10.5996,181.674,-11.1149],[[[0.785071,-0.189311,-0.589767],[0.529907,0.698285,0.481244],[0.32072,-0.690333,0.648521]],[[0.775377,-0.169084,-0.608441],[0.631165,0.238813,0.73797],[0.020525,-0.956231,0.29189]],[[0.775377,-0.169084,-0.608441],[0.00472478,0.965015,-0.262154],[0.631481,0.200393,0.749049]],[[0.775377,-0.169084,-0.608441],[-0.625533,-0.0735286,-0.776725],[0.0865941,0.982855,-0.16278]]],4]],[[0,200,0],[235.247,235.247,147.751]]],[84402,6274150878,[[78,"right",[-0.525079,0.719747,-0.454154],[-0.266281,-0.645786,-0.71558],[1.61222,156,27.9254],[-3.03087,-80.0128,-0.0438776],[1.25916,161.228,27.0977],0,1,0.667023,[[0.490096,0.369478,-0.789488],[-0.0121761,0.908534,0.417632],[0.871583,-0.195067,0.449768]],52.7612,[226,84.1266,147.994],[31.1445,127.737,47.4417]]],[[780,[-0.748828,0.163217,-0.642353],78,43.1532,[-42.777,127.243,3.04832],[-43.3258,127.115,3.64516],[-5.52733,-97.1346,22.5778],false,[11.1704,113.908,54.8576],[11.1704,113.908,54.8576],[-24.9786,119.186,35.5244],[-46.1193,123.794,17.3897],[-41.8227,127.792,-1.0786],[[[0.460976,0.820587,0.337844],[-0.326529,-0.197152,0.924397],[0.825154,-0.536441,0.177063]],[[0.0262186,0.975739,0.217363],[-0.484155,-0.17784,0.856718],[0.874589,-0.127699,0.467747]],[[0.0262186,0.975739,0.217363],[-0.662246,-0.145926,0.73494],[0.748828,-0.163217,0.642353]],[[0.0262186,0.975739,0.217363],[-0.974758,0.0731809,-0.210931],[-0.22172,-0.206346,0.953027]]],0],[781,[-0.445164,-0.0506256,-0.894017],78,48.6936,[-44.4315,194.771,0.991493],[-44.793,189.143,3.19426],[-14.6963,-95.1311,2.10059],false,[16.2275,132.442,58.8749],[-25.538,166.773,30.8059],[-36.2308,200.157,24.7514],[-45.1401,199.144,6.85899],[-44.3865,185.751,2.36541],[[[0.708686,0.372033,-0.599462],[0.166417,0.737547,0.654469],[0.685616,-0.563574,0.460776]],[[0.872781,0.198691,-0.445842],[0.384583,0.282555,0.878782],[0.300581,-0.938448,0.170196]],[[0.872781,0.198691,-0.445842],[-0.200204,0.978754,0.0442649],[0.445164,0.0506256,0.894017]],[[0.872781,0.198691,-0.445842],[-0.485196,0.253474,-0.83686],[-0.0532671,0.946717,0.317631]]],1],[782,[-0.504221,-0.271288,-0.819856],78,55.4825,[-28.9126,197.326,-6.11618],[-29.5393,192.889,-5.02233],[-15.9219,-95.6608,-3.40213],false,[23.2754,137.509,53.5265],[-10.3693,172.641,22.3652],[-18.7808,210.601,13.3567],[-30.653,204.213,-5.94745],[-28.4912,188.899,-4.24286],[[[0.755976,0.161251,-0.634427],[0.298846,0.777273,0.553658],[0.582401,-0.608149,0.539411]],[[0.841484,0.0590113,-0.537049],[0.49748,0.303123,0.812792],[0.210756,-0.951123,0.225716]],[[0.841484,0.0590113,-0.537049],[-0.194076,0.960688,-0.19853],[0.504221,0.271288,0.819856]],[[0.841484,0.0590113,-0.537049],[-0.522112,-0.1668,-0.836407],[-0.138937,0.984223,-0.109549]]],2],[783,[-0.537818,-0.258765,-0.802367],78,53.3479,[-9.46029,191.639,-10.884],[-10.2372,191.345,-11.1252],[-17.8739,-95.145,-6.33292],false,[30.7549,140.134,47.151],[7.06286,173.407,15.1866],[1.99939,208.825,5.77263],[-10.3369,202.889,-12.6318],[-9.34853,187.615,-10.3834],[[[0.808748,0.010943,-0.588053],[0.370506,0.767025,0.52383],[0.456784,-0.641524,0.616276]],[[0.834368,-0.0270492,-0.550544],[0.533945,0.287668,0.795079],[0.136867,-0.957348,0.254463]],[[0.834368,-0.0270492,-0.550544],[-0.120758,0.965562,-0.230452],[0.537818,0.258765,0.802367]],[[0.834368,-0.0270492,-0.550544],[-0.547493,-0.156434,-0.822058],[-0.0638878,0.987318,-0.145333]]],3],[784,[-0.633042,-0.202704,-0.747107],78,41.8237,[10.9506,185.047,-11.5847],[9.99934,184.336,-11.8563],[-14.2526,-92.4517,-12.0579],false,[38.0778,137.25,38.3797],[22.5877,170.314,7.20232],[21.9612,198.291,-1.40567],[11.7091,195.008,-13.5051],[10.4909,180.987,-11.1362],[[[0.78377,-0.190266,-0.591188],[0.530676,0.699679,0.478364],[0.322625,-0.688657,0.649357]],[[0.774109,-0.170265,-0.609725],[0.63269,0.240642,0.736067],[0.0213987,-0.955563,0.294008]],[[0.774109,-0.170265,-0.609725],[0.00361256,0.964324,-0.264701],[0.633042,0.202704,0.747107]],[[0.774109,-0.170265,-0.609725],[-0.627272,-0.0764427,-0.77504],[0.0853535,0.982429,-0.165978]]],4]],[[0,200,0],[235.247,235.247,147.751]]],[84403,6274159386,[[78,"right",[-0.523731,0.72715,-0.443801],[-0.270241,-0.635871,-0.722937],[1.69621,154.787,28.3642],[0.346243,-96.4082,13.4693],[1.32872,160.203,27.2993],0,1,0.667826,[[0.490862,0.372506,-0.787587],[-0.0156474,0.90761,0.419522],[0.871097,-0.193604,0.45134]],52.7612,[225.926,82.8982,148.355],[31.1796,126.181,47.4516]]],[[780,[-0.750523,0.173461,-0.637673],78,43.1532,[-42.8514,126.504,3.25617],[-43.3919,126.345,3.83436],[-6.55639,-95.2802,22.7816],false,[11.1767,112.328,54.7438],[11.1767,112.328,54.7438],[-24.9965,117.965,35.5576],[-46.1851,122.862,17.555],[-41.9076,127.076,-0.869899],[[[0.464604,0.814728,0.346932],[-0.32493,-0.207604,0.922671],[0.82375,-0.541405,0.168276]],[[0.0299143,0.972865,0.229432],[-0.482884,-0.186907,0.855505],[0.875173,-0.136381,0.46419]],[[0.0299143,0.972865,0.229432],[-0.660167,-0.153118,0.735346],[0.750523,-0.173461,0.637673]],[[0.0299143,0.972865,0.229432],[-0.974875,0.0790854,-0.208239],[-0.220733,-0.217438,0.950788]]],0],[781,[-0.447511,-0.0380025,-0.893471],78,48.6936,[-44.43,193.654,1.55496],[-44.6537,188.39,4.16794],[-6.61945,-93.4645,31.3365],false,[16.3069,130.793,58.98],[-25.4099,165.614,31.4471],[-36.0034,199.107,25.8374],[-44.9597,198.347,7.95595],[-44.2618,185.008,3.29515],[[[0.708479,0.377109,-0.596529],[0.170542,0.728727,0.663228],[0.684816,-0.571616,0.451975]],[[0.872358,0.201301,-0.445498],[0.387701,0.270229,0.881286],[0.29779,-0.941517,0.157692]],[[0.872358,0.201301,-0.445498],[-0.196787,0.978792,0.0569325],[0.447511,0.0380025,0.893471]],[[0.872358,0.201301,-0.445498],[-0.486372,0.265423,-0.832462],[-0.0493299,0.942883,0.329451]]],1],[782,[-0.506988,-0.25985,-0.821852],78,55.4825,[-28.9012,196.267,-5.65348],[-29.3956,192.174,-4.0332],[-7.5558,-92.7472,27.514],false,[23.3589,135.903,53.6778],[-10.242,171.536,23.0427],[-18.5466,209.632,14.5223],[-30.4841,203.514,-4.82888],[-28.3644,188.174,-3.30945],[[[0.754963,0.166622,-0.634246],[0.302857,0.769265,0.562592],[0.581643,-0.616822,0.530304]],[[0.840412,0.0628086,-0.538296],[0.500411,0.291424,0.815267],[0.208078,-0.95453,0.213486]],[[0.840412,0.0628086,-0.538296],[-0.191496,0.963604,-0.186538],[0.506988,0.25985,0.821852]],[[0.840412,0.0628086,-0.538296],[-0.524548,-0.155394,-0.837079],[-0.136224,0.985854,-0.0976492]]],2],[783,[-0.53997,-0.247321,-0.804528],78,53.3479,[-9.43859,190.97,-10.3999],[-10.0796,190.644,-10.2135],[-8.43015,-91.8402,22.8275],false,[30.8316,138.582,47.317],[7.17498,172.333,15.8307],[2.24406,207.882,6.85032],[-10.1416,202.209,-11.6037],[-9.2057,186.907,-9.52952],[[[0.807335,0.0155673,-0.589889],[0.374409,0.759148,0.532459],[0.456102,-0.650732,0.607058]],[[0.833464,-0.0238534,-0.552058],[0.536258,0.275899,0.797689],[0.133285,-0.960891,0.242743]],[[0.833464,-0.0238534,-0.552058],[-0.117345,0.96864,-0.219013],[0.53997,0.247321,0.804528]],[[0.833464,-0.0238534,-0.552058],[-0.549252,-0.145143,-0.822956],[-0.0604969,0.989123,-0.134073]]],3],[784,[-0.635314,-0.191188,-0.748214],78,41.8237,[10.9183,184.357,-11.2889],[10.1123,183.588,-11.0749],[-7.28244,-91.3168,14.9514],false,[38.1231,135.783,38.4921],[22.6695,169.288,7.76959],[22.1364,197.373,-0.486195],[11.8475,194.276,-12.6035],[10.5863,180.232,-10.3985],[[[0.781662,-0.185501,-0.595478],[0.534236,0.691835,0.485754],[0.321865,-0.697821,0.639882]],[[0.772225,-0.165649,-0.613375],[0.635088,0.22892,0.737739],[0.018208,-0.959248,0.281979]],[[0.772225,-0.165649,-0.613375],[0.00667045,0.967475,-0.252879],[0.635314,0.191188,0.748214]],[[0.772225,-0.165649,-0.613375],[-0.629173,-0.0651022,-0.774534],[0.0883684,0.984034,-0.154495]]],4]],[[0,200,0],[235.247,235.247,147.751]]],[84404,6274168500,[[78,"right",[-0.522766,0.731411,-0.437897],[-0.274674,-0.6308,-0.725703],[1.72828,153.689,28.7233],[1.22677,-103.071,20.6649],[1.39644,159.099,27.5407],0,1,0.69824,[[0.491322,0.372292,-0.787402],[-0.0156238,0.907665,0.419405],[0.870838,-0.193761,0.451772]],52.7612,[225.867,81.5595,148.55],[31.1789,124.877,47.5494]]],[[780,[-0.753194,0.179068,-0.632956],78,43.1532,[-42.9902,125.688,3.56985],[-43.5334,125.516,4.17626],[-9.87453,-94.1141,27.4237],false,[11.1541,111.048,54.8269],[11.1541,111.048,54.8269],[-25.0555,116.906,35.7761],[-46.3195,121.961,17.9067],[-42.0866,126.267,-0.507318],[[[0.468407,0.811185,0.350104],[-0.322624,-0.211858,0.922513],[0.822501,-0.545064,0.162471]],[[0.0336005,0.971451,0.234848],[-0.481038,-0.190253,0.855807],[0.876056,-0.141726,0.460912]],[[0.0336005,0.971451,0.234848],[-0.656939,-0.155619,0.737708],[0.753194,-0.179068,0.632956]],[[0.0336005,0.971451,0.234848],[-0.975273,0.0832271,-0.204734],[-0.218435,-0.222162,0.950226]]],0],[781,[-0.450507,-0.0314628,-0.892218],78,48.6936,[-44.4176,192.577,2.14753],[-44.5863,187.579,4.8743],[-2.77916,-92.2137,44.0402],false,[16.3589,129.472,59.1526],[-25.3319,164.588,31.9567],[-35.8331,198.147,26.5745],[-44.8493,197.517,8.7181],[-44.2093,184.203,3.98021],[[[0.707783,0.378221,-0.596651],[0.175089,0.724325,0.666856],[0.684389,-0.576456,0.446443]],[[0.871571,0.201008,-0.447169],[0.391439,0.26387,0.88156],[0.295195,-0.943382,0.151299]],[[0.871571,0.201008,-0.447169],[-0.193412,0.979084,0.0631333],[0.450507,0.0314628,0.892218]],[[0.871571,0.201008,-0.447169],[-0.488179,0.271662,-0.829386],[-0.045234,0.941167,0.3349]]],1],[782,[-0.510384,-0.253873,-0.821618],78,55.4825,[-28.8809,195.241,-5.14478],[-29.3316,191.351,-3.34733],[-3.70999,-92.0713,40.5014],false,[23.4105,134.589,53.857],[-10.1719,170.508,23.5372],[-18.3784,208.679,15.2595],[-30.3958,202.701,-4.08616],[-28.3162,187.347,-2.65173],[[[0.75345,0.167804,-0.635731],[0.307211,0.765009,0.566024],[0.581321,-0.621774,0.524845]],[[0.838895,0.063119,-0.54062],[0.503959,0.285155,0.815299],[0.205621,-0.956401,0.207406]],[[0.838895,0.063119,-0.54062],[-0.189109,0.965176,-0.180758],[0.510384,0.253873,0.821618]],[[0.838895,0.063119,-0.54062],[-0.527628,-0.149589,-0.8362],[-0.133651,0.986732,-0.0921863]]],2],[783,[-0.542219,-0.241331,-0.804834],78,53.3479,[-9.373,190.214,-9.8765],[-9.97855,189.792,-9.61855],[-2.9502,-92.1987,33.8594],false,[30.8713,137.28,47.4874],[7.22424,171.29,16.2733],[2.44376,206.905,7.47707],[-9.99351,201.369,-10.984],[-9.116,186.055,-8.97394],[[[0.805467,0.0163253,-0.592415],[0.378631,0.754832,0.5356],[0.455918,-0.655715,0.601811]],[[0.832538,-0.024932,-0.553407],[0.538687,0.269458,0.798253],[0.129218,-0.962689,0.237764]],[[0.832538,-0.024932,-0.553407],[-0.113488,0.970122,-0.214436],[0.542219,0.241331,0.804834]],[[0.832538,-0.024932,-0.553407],[-0.551057,-0.139558,-0.822715],[-0.0567205,0.9899,-0.129926]]],3],[784,[-0.638059,-0.184663,-0.747516],78,41.8237,[10.9117,183.571,-10.9019],[10.1469,182.689,-10.5699],[-4.44316,-93.3041,26.0005],false,[38.1249,134.509,38.6228],[22.6825,168.24,8.14431],[22.2396,196.375,0.0537822],[11.9063,193.384,-12.0523],[10.6036,179.333,-9.91497],[[[0.779114,-0.184622,-0.599079],[0.538083,0.687266,0.487988],[0.321633,-0.702553,0.634801]],[[0.769928,-0.165136,-0.616394],[0.637952,0.222081,0.737359],[0.0151249,-0.960942,0.276335]],[[0.769928,-0.165136,-0.616394],[0.00961663,0.968829,-0.247543],[0.638059,0.184663,0.747516]],[[0.769928,-0.165136,-0.616394],[-0.63157,-0.0590382,-0.773068],[0.0912703,0.984502,-0.14975]]],4]],[[0,200,0],[235.247,235.247,147.751]]],[84405,6274176736,[[78,"right",[-0.521698,0.734183,-0.434519],[-0.277691,-0.627723,-0.727222],[1.7868,153.03,28.9559],[2.72322,-97.2144,22.5931],[1.45621,158.17,27.7574],0,1,0.723321,[[0.491306,0.371902,-0.787596],[-0.0149406,0.907722,0.419305],[0.870859,-0.19424,0.451525]],52.7612,[225.891,80.6556,148.577],[31.1983,124.081,47.632]]],[[780,[-0.755057,0.182528,-0.62974],78,43.1532,[-43.0892,125.139,3.8166],[-43.5984,125.031,4.40334],[-10.2122,-85.231,28.0447],false,[11.1516,110.28,54.9027],[11.1516,110.28,54.9027],[-25.0738,116.283,35.9274],[-46.3904,121.436,18.1488],[-42.1852,125.79,-0.260197],[[[0.471177,0.808826,0.351841],[-0.321417,-0.214022,0.922435],[0.821391,-0.547718,0.159128]],[[0.0362727,0.970626,0.237842],[-0.48015,-0.191801,0.855961],[0.876436,-0.145248,0.459089]],[[0.0362727,0.970626,0.237842],[-0.654655,-0.156742,0.739499],[0.755057,-0.182528,0.62974]],[[0.0362727,0.970626,0.237842],[-0.975497,0.0860703,-0.20248],[-0.217003,-0.22467,0.949965]]],0],[781,[-0.452268,-0.0274679,-0.891459],78,48.6936,[-44.3942,191.747,2.62929],[-44.4827,187.114,5.30766],[1.08108,-83.1232,46.1504],false,[16.4124,128.676,59.2784],[-25.2388,163.988,32.2764],[-35.663,197.592,27.0232],[-44.7145,197.042,9.18199],[-44.1171,183.74,4.40138],[[[0.707626,0.378326,-0.596771],[0.178237,0.721696,0.668869],[0.683738,-0.579676,0.443259]],[[0.871238,0.200202,-0.448178],[0.393798,0.259988,0.881663],[0.293032,-0.94463,0.147672]],[[0.871238,0.200202,-0.448178],[-0.190783,0.979369,0.0666141],[0.452268,0.0274679,0.891459]],[[0.871238,0.200202,-0.448178],[-0.489042,0.275485,-0.827615],[-0.0422242,0.940227,0.33792]]],1],[782,[-0.512495,-0.249915,-0.821517],78,55.4825,[-28.8495,194.453,-4.72477],[-29.2213,190.869,-2.92551],[0.5135,-83.3513,43.0181],false,[23.4671,133.791,53.986],[-10.0795,169.896,23.8472],[-18.1942,208.117,15.7099],[-30.2613,202.232,-3.63343],[-28.2186,186.869,-2.248],[[[0.752673,0.167919,-0.636622],[0.310272,0.762365,0.567918],[0.580702,-0.624982,0.521711]],[[0.838119,0.062572,-0.541887],[0.50618,0.28106,0.815345],[0.20332,-0.957648,0.203889]],[[0.838119,0.062572,-0.541887],[-0.18683,0.966244,-0.177391],[0.512495,0.249915,0.821517]],[[0.838119,0.062572,-0.541887],[-0.529455,-0.145763,-0.835722],[-0.13128,0.987339,-0.0890377]]],2],[783,[-0.542992,-0.236844,-0.805645],78,53.3479,[-9.26759,189.675,-9.51955],[-9.81369,189.283,-9.27427],[2.9507,-84.0767,34.8465],false,[30.9228,136.484,47.6109],[7.30474,170.657,16.5526],[2.68269,206.313,7.83763],[-9.77231,200.88,-10.642],[-8.96567,185.556,-8.67243],[[[0.804378,0.0161663,-0.593897],[0.381607,0.752103,0.537324],[0.455358,-0.658848,0.598806]],[[0.832628,-0.0272701,-0.553161],[0.539557,0.265251,0.799074],[0.124936,-0.963794,0.235569]],[[0.832628,-0.0272701,-0.553161],[-0.109043,0.971165,-0.212011],[0.542992,0.236844,0.805645]],[[0.832628,-0.0272701,-0.553161],[-0.551373,-0.134846,-0.823289],[-0.0521403,0.990491,-0.127313]]],3],[784,[-0.63986,-0.180542,-0.746983],78,41.8237,[10.9352,182.968,-10.59],[10.2233,182.134,-10.2547],[-1.16995,-86.6934,29.0289],false,[38.1523,133.723,38.7235],[22.7395,167.593,8.38427],[22.3631,195.755,0.387612],[12.0006,192.832,-11.7098],[10.6655,178.778,-9.61191],[[[0.777491,-0.18469,-0.601163],[0.540793,0.684279,0.489189],[0.321015,-0.705444,0.6319]],[[0.7684,-0.165284,-0.618258],[0.639841,0.21782,0.736993],[0.0128557,-0.961892,0.273128]],[[0.7684,-0.165284,-0.618258],[0.0118427,0.969