{"metadata":{"formatVersion":2,"generatedBy":"LeapJS Playback 0.2.1","frames":299,"protocolVersion":6,"serviceVersion":"2.2.4+26750","frameRate":"1.1e+2","modified":"Sun Apr 12 2015 15:22:32 GMT-0300 (E. South America Standard Time)"},"frames":[["id","timestamp",{"hands":[["id","type","direction","palmNormal","palmPosition","palmVelocity","stabilizedPalmPosition","pinchStrength","grabStrength","confidence","armBasis","armWidth","elbow","wrist"]]},{"pointables":[["id","direction","handId","length","stabilizedTipPosition","tipPosition","tipVelocity","tool","carpPosition","mcpPosition","pipPosition","dipPosition","btipPosition","bases","type"]]},{"interactionBox":["center","size"]}],[64779,6029908735,[[67,"right",[-0.285424,0.899306,-0.331333],[-0.139786,-0.38108,-0.913913],[-31.6621,107.689,34.1185],[-29.9521,-52.1532,14.9712],[-30.2237,110.514,33.1051],1,0,0.669562,[[0.990328,0.121464,-0.0670661],[-0.0721998,0.863895,0.49847],[0.118484,-0.488806,0.864309]],56.9236,[17.6815,-50.6633,260.505],[-10.897,67.2375,52.0323]]],[[670,[-0.0573702,0.624447,-0.778957],67,46.5576,[-42.9859,114.284,-19.7865],[-45.211,110.662,-17.2938],[-24.6026,-30.1111,13.1197],false,[-35.5201,55.348,50.1993],[-35.5201,55.348,50.1993],[-49.9515,84.2983,19.5043],[-51.6989,103.318,-4.22188],[-44.4371,113.647,-20.8861],[[[0.450867,0.602661,0.658421],[-0.589162,-0.353201,0.72673],[0.670527,-0.715575,0.195818]],[[0.271464,0.760602,0.589739],[-0.906408,-0.00399592,0.422384],[0.323622,-0.649207,0.688331]],[[0.271464,0.760602,0.589739],[-0.960737,0.177625,0.213151],[0.0573702,-0.624447,0.778957]],[[0.271464,0.760602,0.589739],[-0.897588,0.421208,-0.130072],[-0.347336,-0.494034,0.79705]]],0],[671,[0.19799,-0.935387,-0.293003],67,52.5351,[-60.5179,104.609,-2.92171],[-61.6042,101.323,-2.32379],[-18.4561,-40.2748,3.69228],false,[-28.9752,72.1469,61.3066],[-58.973,123.712,33.726],[-70.2126,130.779,-2.2844],[-65.9376,110.581,-8.61102],[-60.4523,98.9327,-0.41423],[[[0.886769,0.362487,-0.286783],[0.0728857,0.50303,0.86119],[0.45643,-0.784579,0.419651]],[[0.932521,0.271844,-0.23771],[-0.21129,0.944561,0.251319],[0.292851,-0.184135,0.938261]],[[0.932521,0.271844,-0.23771],[-0.302002,0.226167,-0.926091],[-0.19799,0.935387,0.293003]],[[0.932521,0.271844,-0.23771],[-0.0354284,-0.586217,-0.809379],[-0.359374,0.763185,-0.537028]]],1],[672,[0.0367501,-0.966629,-0.253529],67,59.8595,[-49.8807,104.446,-8.77237],[-50.9538,101.355,-7.88576],[-16.6766,-39.3372,6.71627],false,[-19.4551,77.2692,59.2747],[-40.0769,128.757,30.8433],[-55.9554,136.207,-8.48192],[-55.0219,111.651,-14.9224],[-49.7857,98.5567,-5.81511],[[[0.914776,0.162053,-0.370032],[0.231758,0.539724,0.809312],[0.330867,-0.826097,0.456169]],[[0.927864,0.127219,-0.350548],[-0.055537,0.976669,0.207446],[0.368761,-0.173013,0.913281]],[[0.927864,0.127219,-0.350548],[-0.371104,0.222358,-0.901576],[-0.0367501,0.966629,0.253529]],[[0.927864,0.127219,-0.350548],[-0.204414,-0.612703,-0.76342],[-0.311903,0.780006,-0.5425]]],2],[673,[-0.13325,-0.958568,-0.251778],67,57.5565,[-32.6605,105.293,-8.97252],[-33.8788,102.306,-7.76901],[-16.9528,-38.1212,11.7289],false,[-9.52102,80.0786,55.5503],[-19.9205,127.763,28.1748],[-32.6037,136.78,-8.58076],[-35.9013,113.058,-14.8116],[-33.2272,99.4215,-5.56499],[[[0.933404,-0.00243078,-0.358819],[0.306952,0.523313,0.794936],[0.185842,-0.852137,0.489209]],[[0.941156,-0.0427716,-0.335255],[0.115121,0.973211,0.199015],[0.317762,-0.225898,0.920868]],[[0.941156,-0.0427716,-0.335255],[-0.310596,0.281635,-0.907861],[0.13325,0.958568,0.251778]],[[0.941156,-0.0427716,-0.335255],[-0.297588,-0.575095,-0.762042],[-0.16021,0.816968,-0.553982]]],3],[674,[-0.16418,0.748225,-0.64281],67,45.1232,[-8.10529,175.012,-13.8905],[-9.13012,172.244,-10.9837],[-20.1683,-55.2542,23.038],false,[0.207816,77.9321,47.6513],[-2.01504,123.444,23.0142],[-3.51758,151.442,8.4658],[-6.38624,164.516,-2.76578],[-10.2414,173.77,-14.4532],[[[0.885006,-0.187473,-0.426168],[0.463598,0.439211,0.769526],[0.042912,-0.878606,0.475616]],[[0.884428,-0.17693,-0.431837],[0.464246,0.427882,0.775495],[0.047567,-0.886348,0.46057]],[[0.884428,-0.17693,-0.431837],[0.436843,0.639418,0.632703],[0.16418,-0.748225,0.642809]],[[0.884428,-0.17693,-0.431837],[0.393834,0.779405,0.487261],[0.250365,-0.601019,0.759008]]],4]],[[0,200,0],[235.247,235.247,147.751]]],[64780,6029917030,[[67,"right",[-0.283503,0.899853,-0.331498],[-0.136801,-0.380095,-0.914775],[-31.8608,107.368,34.1078],[-28.4171,-48.6829,10.8072],[-30.4258,110.125,33.2289],1,0,0.697215,[[0.990047,0.123407,-0.0676615],[-0.0736609,0.86402,0.498039],[0.119922,-0.488098,0.864511]],56.9236,[17.7323,-50.8466,260.579],[-11.1931,66.8834,52.0576]]],[[670,[-0.0541963,0.625279,-0.778517],67,46.5576,[-43.1747,114.091,-19.6272],[-45.2848,110.429,-17.3327],[-20.2954,-30.1067,8.39959],false,[-35.819,55.0156,50.1246],[-35.819,55.0156,50.1246],[-50.1488,84.0077,19.4214],[-51.7995,103.053,-4.29139],[-44.4909,113.402,-20.9225],[[[0.448979,0.601668,0.660616],[-0.592061,-0.353416,0.724266],[0.66924,-0.716305,0.197548]],[[0.269978,0.7598,0.591452],[-0.907662,-0.00417524,0.419681],[0.321343,-0.650143,0.688515]],[[0.269978,0.7598,0.591452],[-0.96134,0.178128,0.20999],[0.0541963,-0.625279,0.778517]],[[0.269978,0.7598,0.591452],[-0.897168,0.421514,-0.131965],[-0.349572,-0.495005,0.795468]]],0],[671,[0.198251,-0.935317,-0.293051],67,52.5351,[-60.6447,104.283,-2.87158],[-61.6769,101.063,-2.44585],[-15.9263,-38.0613,-0.990475],false,[-29.3006,71.7987,61.2715],[-59.1572,123.414,33.6323],[-70.2583,130.523,-2.4127],[-65.9775,110.328,-8.74036],[-60.5328,98.6677,-0.53279],[[[0.888088,0.362041,-0.283241],[0.0701894,0.50215,0.861927],[0.454282,-0.785348,0.420542]],[[0.933629,0.271222,-0.23404],[-0.211367,0.944523,0.251397],[0.28924,-0.185244,0.939162]],[[0.933629,0.271222,-0.23404],[-0.298383,0.227202,-0.92701],[-0.198251,0.935317,0.293051]],[[0.933629,0.271222,-0.23404],[-0.0329445,-0.585532,-0.80998],[-0.356722,0.763931,-0.537734]]],1],[672,[0.0369298,-0.966427,-0.254275],67,59.8595,[-49.9919,104.145,-8.69792],[-51.006,101.09,-7.97149],[-13.9902,-37.5507,2.36587],false,[-19.7691,76.9152,59.2788],[-40.2467,128.447,30.8225],[-55.9784,135.943,-8.55291],[-55.0403,111.393,-15.0123],[-49.8469,98.2853,-5.89889],[[[0.916234,0.161664,-0.36658],[0.229277,0.538764,0.810657],[0.328554,-0.8268,0.456568]],[[0.929212,0.126833,-0.347101],[-0.0555539,0.976527,0.208107],[0.365349,-0.174093,0.914446]],[[0.929212,0.126833,-0.347101],[-0.367698,0.223456,-0.902699],[-0.0369298,0.966427,0.254275]],[[0.929212,0.126833,-0.347101],[-0.202151,-0.611816,-0.764733],[-0.309355,0.780766,-0.542867]]],2],[673,[-0.133149,-0.958134,-0.253475],67,57.5565,[-32.7627,105.044,-8.86914],[-33.9317,102.037,-7.79598],[-14.2912,-36.6743,7.77215],false,[-9.8194,79.72,55.5928],[-20.0817,127.439,28.2256],[-32.6267,136.51,-8.56394],[-35.9218,112.799,-14.8368],[-33.2918,99.149,-5.59755],[[[0.934688,-0.00284567,-0.355457],[0.304509,0.522306,0.796537],[0.183391,-0.852753,0.48906]],[[0.942309,-0.0431309,-0.331955],[0.115196,0.972878,0.200596],[0.314299,-0.227263,0.92172]],[[0.942309,-0.0431309,-0.331955],[-0.307124,0.283052,-0.908601],[0.133149,0.958134,0.253475]],[[0.942309,-0.0431309,-0.331955],[-0.295341,-0.573912,-0.763806],[-0.157569,0.817781,-0.55354]]],3],[674,[-0.163016,0.745959,-0.645733],67,45.1232,[-8.25122,174.59,-13.6575],[-9.18237,171.814,-11.0009],[-17.0604,-54.6961,16.3841],false,[-0.0639068,77.5732,47.7268],[-2.16126,123.111,23.1254],[-3.61686,151.088,8.53328],[-6.46518,164.122,-2.74939],[-10.3044,173.316,-14.4898],[[[0.886383,-0.187784,-0.423157],[0.461178,0.438101,0.77161],[0.0404891,-0.879093,0.474927]],[[0.88585,-0.177496,-0.428679],[0.461679,0.428976,0.776423],[0.0460812,-0.885706,0.461955]],[[0.88585,-0.177496,-0.428679],[0.434392,0.641904,0.631872],[0.163016,-0.745959,0.645733]],[[0.88585,-0.177496,-0.428679],[0.391288,0.782296,0.484671],[0.249327,-0.597082,0.762449]]],4]],[[0,200,0],[235.247,235.247,147.751]]],[64781,6029926021,[[67,"right",[-0.28141,0.900551,-0.331384],[-0.134472,-0.378942,-0.915598],[-32.0277,106.969,34.0767],[-25.7146,-47.5144,6.89401],[-30.6385,109.706,33.3414],1,0,0.631312,[[0.989803,0.12491,-0.0684676],[-0.0746904,0.864401,0.497225],[0.121292,-0.487041,0.864916]],56.9236,[17.7924,-51.0352,260.665],[-11.4634,66.4398,52.0455]]],[[670,[-0.0514028,0.626242,-0.777933],67,46.5576,[-43.3867,113.856,-19.4555],[-45.3597,110.125,-17.3788],[-16.71,-31.7235,4.60575],false,[-36.0976,54.6037,50.0246],[-36.0976,54.6037,50.0246],[-50.3433,83.6458,19.3296],[-51.909,102.72,-4.36541],[-44.5426,113.081,-20.9638],[[[0.447688,0.600412,0.662631],[-0.594688,-0.353484,0.722077],[0.667774,-0.717324,0.198807]],[[0.269083,0.758839,0.593091],[-0.908593,-0.00424985,0.417661],[0.319458,-0.651264,0.688332]],[[0.269083,0.758839,0.593091],[-0.961744,0.178842,0.207517],[0.0514028,-0.626242,0.777933]],[[0.269083,0.758839,0.593091],[-0.896356,0.422593,-0.134021],[-0.352336,-0.495558,0.793902]]],0],[671,[0.197979,-0.93529,-0.293322],67,52.5351,[-60.7732,103.934,-2.83671],[-61.7402,100.741,-2.57191],[-13.4373,-37.543,-4.52955],false,[-29.593,71.3669,61.2095],[-59.3033,123.048,33.5356],[-70.2827,130.209,-2.53653],[-66.0079,110.014,-8.87004],[-60.6038,98.3391,-0.656247],[[[0.889381,0.361276,-0.280144],[0.0681678,0.501134,0.862681],[0.452055,-0.786349,0.421072]],[[0.934704,0.270253,-0.23085],[-0.210929,0.944537,0.251711],[0.286072,-0.186583,0.939867]],[[0.934704,0.270253,-0.23085],[-0.295182,0.228466,-0.927723],[-0.197979,0.93529,0.293322]],[[0.934704,0.270253,-0.23085],[-0.0311382,-0.584739,-0.810624],[-0.35406,0.764882,-0.538142]]],1],[672,[0.0365921,-0.966206,-0.255161],67,59.8595,[-50.1057,103.814,-8.63473],[-51.0521,100.759,-8.06723],[-11.5266,-37.4705,-1.18598],false,[-20.0493,76.474,59.2514],[-40.3783,128.061,30.7888],[-55.9819,135.615,-8.62662],[-55.0523,111.07,-15.1086],[-49.9018,97.9467,-5.99369],[[[0.917539,0.160956,-0.363614],[0.227455,0.537611,0.811935],[0.326169,-0.827688,0.456669]],[[0.930404,0.126122,-0.344153],[-0.0550753,0.97638,0.208921],[0.362374,-0.175427,0.915375]],[[0.930404,0.126122,-0.344153],[-0.364704,0.22481,-0.903577],[-0.0365921,0.966206,0.255161]],[[0.930404,0.126122,-0.344153],[-0.200551,-0.610752,-0.766004],[-0.306802,0.781713,-0.542952]]],2],[673,[-0.133514,-0.957682,-0.25499],67,57.5565,[-32.8707,104.76,-8.76847],[-33.9778,101.687,-7.84012],[-11.7959,-37.3958,4.24808],false,[-10.0851,79.2708,55.5988],[-20.2067,127.032,28.2522],[-32.6302,136.156,-8.56528],[-35.9343,112.456,-14.8756],[-33.3487,98.7923,-5.64519],[[[0.935762,-0.00358809,-0.352614],[0.30271,0.521078,0.798025],[0.180876,-0.853501,0.488692]],[[0.943255,-0.0438624,-0.329158],[0.115709,0.972529,0.201986],[0.311257,-0.228611,0.922419]],[[0.943255,-0.0438624,-0.329158],[-0.304045,0.284468,-0.909195],[0.133514,0.957682,0.25499]],[[0.943255,-0.0438624,-0.329158],[-0.293721,-0.572621,-0.765397],[-0.154911,0.818646,-0.553011]]],3],[674,[-0.16267,0.742594,-0.649687],67,45.1232,[-8.41238,174.074,-13.4282],[-9.22878,171.252,-11.0898],[-14.4896,-57.4109,8.70646],false,[-0.308285,77.1208,47.7602],[-2.27599,122.687,23.2018],[-3.69001,150.637,8.55232],[-6.53229,163.612,-2.79942],[-10.3741,172.714,-14.6103],[[[0.887441,-0.188395,-0.42066],[0.459352,0.436711,0.773485],[0.0379863,-0.879654,0.474095]],[[0.886954,-0.178414,-0.426006],[0.459683,0.430414,0.776811],[0.0447648,-0.884823,0.463772]],[[0.886954,-0.178414,-0.426006],[0.432263,0.64554,0.629624],[0.16267,-0.742594,0.649687]],[[0.886954,-0.178414,-0.426006],[0.388668,0.786605,0.479781],[0.249499,-0.591118,0.767027]]],4]],[[0,200,0],[235.247,235.247,147.751]]],[64782,6029934419,[[67,"right",[-0.280118,0.900962,-0.331363],[-0.131192,-0.377872,-0.916516],[-32.2142,106.571,34.0571],[-24.8048,-47.4855,4.50594],[-30.8343,109.317,33.4304],1,0,0.662532,[[0.989465,0.127435,-0.0686959],[-0.0768623,0.86453,0.496669],[0.122683,-0.486156,0.865217]],56.9236,[17.8722,-51.2428,260.745],[-11.7191,66.0189,52.0535]]],[[670,[-0.0485055,0.627102,-0.777425],67,46.5576,[-43.5853,113.615,-19.2999],[-45.3977,109.799,-17.4303],[-13.2408,-34.0542,1.69077],false,[-36.347,54.1877,49.9298],[-36.347,54.1877,49.9298],[-50.5079,83.2644,19.2283],[-51.9854,102.365,-4.4512],[-44.5558,112.743,-21.0108],[[[0.445344,0.599602,0.664941],[-0.597335,-0.354255,0.71951],[0.666978,-0.717622,0.200398]],[[0.266954,0.758166,0.594911],[-0.909886,-0.00512755,0.414826],[0.317558,-0.652041,0.688476]],[[0.266954,0.758166,0.594911],[-0.962488,0.17868,0.204182],[0.0485055,-0.627102,0.777425]],[[0.266954,0.758166,0.594911],[-0.8958,0.422845,-0.13691],[-0.355356,-0.496373,0.792045]]],0],[671,[0.19891,-0.935018,-0.293557],67,52.5351,[-60.8841,103.613,-2.82093],[-61.7946,100.39,-2.70386],[-11.5968,-38.7354,-7.39311],false,[-29.8813,70.9373,61.1575],[-59.486,122.653,33.4357],[-70.331,129.856,-2.66868],[-66.0361,109.667,-9.00727],[-60.6644,97.983,-0.785319],[[[0.890426,0.361507,-0.276503],[0.065092,0.500132,0.863499],[0.450449,-0.786881,0.421799]],[[0.935598,0.270334,-0.227102],[-0.211684,0.944297,0.251976],[0.28257,-0.187675,0.940708]],[[0.935598,0.270334,-0.227102],[-0.291703,0.229478,-0.928574],[-0.19891,0.935018,0.293557]],[[0.935598,0.270334,-0.227102],[-0.0282208,-0.58391,-0.811327],[-0.351937,0.765485,-0.538676]]],1],[672,[0.0374647,-0.965924,-0.256099],67,59.8595,[-50.2043,103.503,-8.59097],[-51.0861,100.411,-8.16242],[-9.5714,-38.5977,-3.7957],false,[-20.3301,76.0457,59.2398],[-40.5507,127.667,30.7633],[-56.0114,135.265,-8.70002],[-55.0597,110.727,-15.2058],[-49.9429,97.5929,-6.08755],[[[0.918866,0.16128,-0.360102],[0.224566,0.536651,0.813373],[0.32443,-0.828248,0.456893]],[[0.931647,0.126453,-0.340652],[-0.0557898,0.976156,0.209779],[0.359057,-0.176435,0.916487]],[[0.931647,0.126453,-0.340652],[-0.361429,0.225831,-0.904638],[-0.0374647,0.965924,0.256099]],[[0.931647,0.126453,-0.340652],[-0.19783,-0.609853,-0.767426],[-0.304791,0.782361,-0.543152]]],2],[673,[-0.132668,-0.957369,-0.256599],67,57.5565,[-32.9673,104.483,-8.6841],[-34.0129,101.338,-7.87276],[-9.84099,-38.5174,2.13274],false,[-10.3524,78.8457,55.6266],[-20.3701,126.639,28.2986],[-32.6602,135.807,-8.55289],[-35.9434,112.115,-14.903],[-33.3922,98.4393,-5.6798],[[[0.937033,-0.00327855,-0.349225],[0.299868,0.520127,0.799717],[0.179019,-0.854083,0.488359]],[[0.944433,-0.0435509,-0.325807],[0.115045,0.972288,0.203519],[0.307915,-0.229692,0.923271]],[[0.944433,-0.0435509,-0.325807],[-0.300743,0.285564,-0.909949],[0.132668,0.957369,0.256599]],[[0.944433,-0.0435509,-0.325807],[-0.291007,-0.571674,-0.76714],[-0.152846,0.819324,-0.552581]]],3],[674,[-0.1623,0.739433,-0.653374],67,45.1232,[-8.56681,173.553,-13.2347],[-9.3216,170.735,-11.1318],[-13.9355,-58.9965,4.80132],false,[-0.547465,76.7036,47.821],[-2.42166,122.299,23.3082],[-3.80055,150.228,8.61611],[-6.63636,163.147,-2.80006],[-10.4777,172.16,-14.6797],[[[0.888941,-0.188002,-0.41766],[0.456591,0.435772,0.775647],[0.0361811,-0.880204,0.473215]],[[0.8885,-0.178513,-0.422731],[0.456796,0.431713,0.777793],[0.0436528,-0.88417,0.465121]],[[0.8885,-0.178513,-0.422731],[0.429217,0.649131,0.628014],[0.1623,-0.739433,0.653374]],[[0.8885,-0.178513,-0.422731],[0.385142,0.790928,0.475498],[0.249468,-0.585291,0.771492]]],4]],[[0,200,0],[235.247,235.247,147.751]]],[64783,6029943434,[[67,"right",[-0.278736,0.901498,-0.33107],[-0.128253,-0.376586,-0.917461],[-32.4036,106.18,34.0291],[-23.7611,-46.3415,2.41145],[-31.0415,108.903,33.5094],1,0,0.693111,[[0.989139,0.129758,-0.0690499],[-0.0788155,0.864744,0.49599],[0.124069,-0.485161,0.865578]],56.9236,[17.9446,-51.424,260.817],[-11.981,65.5975,52.0385]]],[[670,[-0.0457621,0.628108,-0.77678],67,46.5576,[-43.7988,113.336,-19.141],[-45.4676,109.497,-17.4837],[-11.4525,-34.4818,-0.564892],false,[-36.6053,53.7769,49.8167],[-36.6053,53.7769,49.8167],[-50.6924,82.8956,19.121],[-52.0863,102.027,-4.53884],[-44.6045,112.427,-21.0608],[[[0.44331,0.59856,0.667235],[-0.599838,-0.355046,0.717034],[0.666086,-0.718101,0.201643]],[[0.265099,0.757349,0.596778],[-0.911004,-0.00604379,0.412354],[0.315903,-0.652982,0.688346]],[[0.265099,0.757349,0.596778],[-0.963135,0.178614,0.201169],[0.0457621,-0.628108,0.77678]],[[0.265099,0.757349,0.596778],[-0.895356,0.423054,-0.139149],[-0.357853,-0.497441,0.790249]]],0],[671,[0.199562,-0.934729,-0.294034],67,52.5351,[-60.9948,103.278,-2.81958],[-61.8636,100.06,-2.83634],[-10.4694,-38.2324,-9.36653],false,[-30.1719,70.5092,61.0886],[-59.6682,122.272,33.3387],[-70.3876,129.526,-2.79291],[-66.0786,109.343,-9.1418],[-60.7394,97.6476,-0.915714],[[[0.891453,0.361605,-0.273044],[0.0623675,0.498938,0.86439],[0.4488,-0.787593,0.422228]],[[0.936471,0.27026,-0.223566],[-0.21217,0.944051,0.252492],[0.279297,-0.189018,0.941417]],[[0.936471,0.27026,-0.223566],[-0.28844,0.230739,-0.92928],[-0.199562,0.934729,0.294034]],[[0.936471,0.27026,-0.223566],[-0.0256561,-0.582914,-0.812129],[-0.349806,0.766271,-0.538948]]],1],[672,[0.038068,-0.965597,-0.257241],67,59.8595,[-50.3035,103.172,-8.5593],[-51.1364,100.083,-8.26126],[-8.45095,-38.0875,-5.74793],false,[-20.6128,75.6173,59.2097],[-40.7226,127.284,30.7362],[-56.0502,134.936,-8.76848],[-55.0832,110.406,-15.3033],[-50.0003,97.2585,-6.186],[[[0.920111,0.161483,-0.356819],[0.222019,0.535477,0.814845],[0.322652,-0.828968,0.456845]],[[0.932804,0.126658,-0.337392],[-0.0562466,0.975899,0.210849],[0.355967,-0.177704,0.917447]],[[0.932804,0.126658,-0.337392],[-0.358367,0.227111,-0.905535],[-0.038068,0.965597,0.25724]],[[0.932804,0.126658,-0.337392],[-0.195453,-0.608755,-0.768906],[-0.302778,0.783183,-0.543094]]],2],[673,[-0.132038,-0.957001,-0.258291],67,57.5565,[-33.0678,104.177,-8.60443],[-34.0638,101.004,-7.9126],[-8.70401,-38.2571,0.326219],false,[-10.6223,78.419,55.6335],[-20.5342,126.253,28.3373],[-32.7012,135.47,-8.5428],[-35.9688,111.786,-14.9348],[-33.4515,98.0975,-5.72226],[[[0.93819,-0.00309565,-0.346106],[0.297361,0.518947,0.801418],[0.177129,-0.854801,0.487792]],[[0.94549,-0.0433398,-0.322754],[0.114576,0.972007,0.205122],[0.30483,-0.23092,0.923988]],[[0.94549,-0.0433398,-0.322754],[-0.297682,0.286827,-0.910558],[0.132038,0.957001,0.258291]],[[0.94549,-0.0433398,-0.322754],[-0.288622,-0.570532,-0.768889],[-0.150818,0.820131,-0.551941]]],3],[674,[-0.161864,0.736982,-0.656245],67,45.1232,[-8.73407,172.967,-13.0467],[-9.41401,170.249,-11.1493],[-13.2271,-57.8271,2.949],false,[-0.792055,76.2846,47.8578],[-2.57059,121.913,23.4009],[-3.9108,149.836,8.69363],[-6.73899,162.713,-2.77271],[-10.5801,171.649,-14.7106],[[[0.89027,-0.187711,-0.414951],[0.454137,0.434576,0.777755],[0.0343343,-0.880857,0.472136]],[[0.88986,-0.178448,-0.419887],[0.454256,0.432134,0.779045],[0.0424282,-0.883978,0.4656]],[[0.88986,-0.178448,-0.419887],[0.426555,0.651931,0.626926],[0.161864,-0.736982,0.656245]],[[0.88986,-0.178448,-0.419887],[0.382,0.794622,0.47186],[0.249449,-0.580287,0.775269]]],4]],[[0,200,0],[235.247,235.247,147.751]]],[64784,6029951786,[[67,"right",[-0.277637,0.901963,-0.330726],[-0.125628,-0.375391,-0.918313],[-32.5831,105.853,33.9771],[-23.1773,-44.4943,0.185927],[-31.2294,108.531,33.5664],1,0,0.718962,[[0.988834,0.131915,-0.0693179],[-0.0806592,0.864926,0.495375],[0.125302,-0.484253,0.865909]],56.9236,[18.004,-51.5583,260.853],[-12.2191,65.2442,51.994]]],[[670,[-0.0430594,0.629016,-0.776199],67,46.5576,[-43.9913,113.069,-19.0063],[-45.5188,109.245,-17.5626],[-9.80357,-33.7129,-2.97525],false,[-36.8385,53.4302,49.6851],[-36.8385,53.4302,49.6851],[-50.8529,82.5885,18.9938],[-52.1645,101.748,-4.64834],[-44.636,112.169,-21.1357],[[[0.441447,0.597638,0.669294],[-0.601981,-0.355875,0.714823],[0.66539,-0.718458,0.202667]],[[0.263423,0.756575,0.5985],[-0.912054,-0.00679063,0.410014],[0.314271,-0.653872,0.688248]],[[0.263423,0.756575,0.5985],[-0.963719,0.178698,0.198275],[0.0430594,-0.629016,0.776199]],[[0.263423,0.756575,0.5985],[-0.894956,0.423246,-0.141129],[-0.360087,-0.498455,0.788594]]],0],[671,[0.200249,-0.934426,-0.294532],67,52.5351,[-61.0904,102.984,-2.83154],[-61.9365,99.7864,-2.97995],[-9.98481,-36.9168,-11.3517],false,[-30.4357,70.1471,60.9972],[-59.8433,121.95,33.2277],[-70.4533,129.251,-2.92669],[-66.1294,109.075,-9.28633],[-60.8174,97.3685,-1.05772],[[[0.8923,0.361821,-0.269975],[0.0599155,0.497821,0.865208],[0.44745,-0.7882,0.422527]],[[0.937193,0.270325,-0.220439],[-0.212711,0.943786,0.253028],[0.276447,-0.190246,0.94201]],[[0.937193,0.270325,-0.220439],[-0.285603,0.231891,-0.92987],[-0.200249,0.934426,0.294532]],[[0.937193,0.270325,-0.220439],[-0.0233331,-0.581972,-0.812874],[-0.348029,0.766963,-0.539113]]],1],[672,[0.0387201,-0.965282,-0.258326],67,59.8595,[-50.3899,102.876,-8.54406],[-51.1931,99.8121,-8.37541],[-8.00138,-36.7161,-7.77075],false,[-20.8704,75.2561,59.1528],[-40.8894,126.962,30.6869],[-56.1013,134.664,-8.85283],[-55.1176,110.142,-15.4152],[-50.0627,96.9821,-6.30008],[[[0.921172,0.161803,-0.353923],[0.219716,0.534399,0.816176],[0.321196,-0.829601,0.456722]],[[0.933794,0.126981,-0.334521],[-0.0567715,0.975647,0.211872],[0.353278,-0.178853,0.918263]],[[0.933794,0.126981,-0.334521],[-0.355709,0.228271,-0.906291],[-0.0387201,0.965282,0.258326]],[[0.933794,0.126981,-0.334521],[-0.19329,-0.607745,-0.77025],[-0.30111,0.783914,-0.542965]]],2],[673,[-0.131417,-0.956649,-0.259908],67,57.5565,[-33.1579,103.894,-8.54262],[-34.1215,100.731,-7.97584],[-8.25022,-36.827,-1.70117],false,[-10.869,78.061,55.6094],[-20.6943,125.931,28.3457],[-32.7524,135.197,-8.5578],[-36.0046,111.523,-14.9898],[-33.5161,97.8215,-5.78764],[[[0.939197,-0.00279206,-0.343368],[0.295095,0.517875,0.802947],[0.17558,-0.855452,0.48721]],[[0.946421,-0.0430585,-0.320052],[0.114112,0.971726,0.206706],[0.302103,-0.232152,0.924575]],[[0.946421,-0.0430585,-0.320052],[-0.294986,0.288043,-0.911051],[0.131417,0.956649,0.259908]],[[0.946421,-0.0430585,-0.320052],[-0.286458,-0.5695,-0.770462],[-0.149095,0.820863,-0.551321]]],3],[674,[-0.160975,0.735678,-0.657924],67,45.1232,[-8.88458,172.428,-12.8914],[-9.4976,169.875,-11.1583],[-12.3995,-54.437,2.11274],false,[-1.01645,75.935,47.8597],[-2.71691,121.595,23.4562],[-4.0187,149.52,8.74855],[-6.83135,162.374,-2.74713],[-10.6611,171.265,-14.7214],[[[0.891451,-0.187312,-0.412589],[0.451927,0.433511,0.779635],[0.0328272,-0.881466,0.471105]],[[0.891069,-0.178293,-0.417383],[0.451994,0.432094,0.780382],[0.0412116,-0.884028,0.465613]],[[0.891069,-0.178293,-0.417383],[0.424363,0.653444,0.626839],[0.160975,-0.735678,0.657924]],[[0.891069,-0.178293,-0.417383],[0.379656,0.796736,0.470184],[0.248713,-0.577428,0.777636]]],4]],[[0,200,0],[235.247,235.247,147.751]]],[64785,6029960728,[[67,"right",[-0.276626,0.902412,-0.330349],[-0.122629,-0.374102,-0.919244],[-32.793,105.506,33.8704],[-23.2593,-42.9403,-3.12133],[-31.4298,108.143,33.6054],1,0,0.744231,[[0.988475,0.134469,-0.0695315],[-0.0828892,0.865108,0.494688],[0.126673,-0.483224,0.866284]],56.9236,[18.0689,-51.6812,260.845],[-12.4848,64.8731,51.8959]]],[[670,[-0.0403745,0.630067,-0.77549],67,46.5576,[-44.1886,112.778,-18.8824],[-45.5773,108.975,-17.6991],[-8.64435,-33.0151,-6.41567],false,[-37.0957,53.0608,49.4906],[-37.0957,53.0608,49.4906],[-51.0285,82.2613,18.8023],[-52.2583,101.452,-4.81834],[-44.6725,111.895,-21.2658],[[[0.439237,0.59672,0.671562],[-0.604267,-0.356922,0.712368],[0.664779,-0.718702,0.203805]],[[0.26143,0.755748,0.600416],[-0.913255,-0.00768267,0.407316],[0.312441,-0.654818,0.688182]],[[0.26143,0.755748,0.600416],[-0.964378,0.178495,0.195232],[0.0403745,-0.630067,0.77549]],[[0.26143,0.755748,0.600416],[-0.894433,0.42351,-0.143626],[-0.362827,-0.499484,0.786684]]],0],[671,[0.201227,-0.934042,-0.29508],67,52.5351,[-61.1859,102.687,-2.86151],[-62.0265,99.4914,-3.18775],[-9.97263,-35.9325,-14.5653],false,[-30.7307,69.7621,60.8469],[-60.0517,121.602,33.0555],[-70.5423,128.953,-3.12364],[-66.1973,108.785,-9.49512],[-60.9126,97.0682,-1.26384],[[[0.893144,0.362259,-0.266574],[0.0570808,0.496602,0.866099],[0.446133,-0.788768,0.422859]],[[0.937919,0.270609,-0.216975],[-0.213532,0.943443,0.253613],[0.273334,-0.191538,0.942657]],[[0.937919,0.270609,-0.216975],[-0.282515,0.2331,-0.93051],[-0.201227,0.934042,0.29508]],[[0.937919,0.270609,-0.216975],[-0.0206252,-0.580934,-0.813689],[-0.34624,0.76765,-0.539288]]],1],[672,[0.0396647,-0.964923,-0.25952],67,59.8595,[-50.477,102.572,-8.54664],[-51.2653,99.5233,-8.55037],[-8.00064,-35.6068,-10.9739],false,[-21.1598,74.8743,59.0408],[-41.09,126.619,30.5832],[-56.1752,134.372,-8.99504],[-55.1676,109.86,-15.5877],[-50.1407,96.6872,-6.475],[[[0.922302,0.162361,-0.35071],[0.217037,0.533259,0.817637],[0.319772,-0.830225,0.456588]],[[0.934853,0.127542,-0.331334],[-0.0575765,0.975355,0.212998],[0.350334,-0.180045,0.919157]],[[0.934853,0.127542,-0.331334],[-0.352811,0.229471,-0.90712],[-0.0396647,0.964923,0.25952]],[[0.934853,0.127542,-0.331334],[-0.190749,-0.606675,-0.771726],[-0.299439,0.784652,-0.542823]]],2],[673,[-0.130495,-0.956285,-0.261708],67,57.5565,[-33.2519,103.594,-8.49396],[-34.1952,100.445,-8.09438],[-8.2601,-35.541,-4.85773],false,[-11.1472,77.6848,55.5337],[-20.8874,125.593,28.306],[-32.8275,134.911,-8.62283],[-36.0569,111.245,-15.0994],[-33.5967,97.5313,-5.90891],[[[0.940304,-0.00224785,-0.34033],[0.292459,0.516759,0.804629],[0.17406,-0.856128,0.486568]],[[0.94745,-0.0425175,-0.317065],[0.113359,0.971437,0.20847],[0.299145,-0.233457,0.925208]],[[0.94745,-0.0425175,-0.317065],[-0.292077,0.28933,-0.91158],[0.130495,0.956285,0.261708]],[[0.94745,-0.0425175,-0.317065],[-0.283924,-0.568418,-0.772197],[-0.147394,0.82164,-0.55062]]],3],[674,[-0.159824,0.734787,-0.6592],67,45.1232,[-9.04273,171.862,-12.7487],[-9.60353,169.506,-11.1904],[-12.1621,-50.7111,0.842673],false,[-1.26946,75.5704,47.8129],[-2.89402,121.265,23.4686],[-4.1551,149.197,8.77212],[-6.94764,162.036,-2.74585],[-10.7603,170.893,-14.7513],[[[0.892794,-0.186673,-0.409966],[0.449372,0.432438,0.781705],[0.0313618,-0.882129,0.469964]],[[0.892437,-0.177865,-0.414632],[0.449402,0.431766,0.782059],[0.0399231,-0.884275,0.465257]],[[0.892437,-0.177865,-0.414632],[0.421915,0.654562,0.627324],[0.159824,-0.734787,0.6592]],[[0.892437,-0.177865,-0.414632],[0.37716,0.79846,0.469267],[0.247601,-0.575174,0.779659]]],4]],[[0,200,0],[235.247,235.247,147.751]]],[64786,6029969083,[[67,"right",[-0.275513,0.902986,-0.329709],[-0.120338,-0.372683,-0.920123],[-32.9526,105.214,33.7971],[-22.1881,-40.881,-4.57756],[-31.6096,107.798,33.628],1,0,0.580824,[[0.988188,0.136403,-0.0698483],[-0.0845171,0.865301,0.494077],[0.127833,-0.482337,0.866608]],56.9236,[18.1308,-51.7922,260.841],[-12.7027,64.5483,51.8142]]],[[670,[-0.0380316,0.631245,-0.774651],67,46.5576,[-44.3617,112.511,-18.7824],[-45.6282,108.774,-17.7869],[-7.66206,-31.0661,-7.4865],false,[-37.3107,52.7466,49.3271],[-37.3107,52.7466,49.3271],[-51.1821,81.9984,18.6598],[-52.3405,101.225,-4.93526],[-44.7004,111.687,-21.3456],[[[0.437653,0.595584,0.673602],[-0.606221,-0.357823,0.710253],[0.664045,-0.719196,0.204453]],[[0.260114,0.754742,0.602251],[-0.9141,-0.00845681,0.405401],[0.311066,-0.655968,0.68771]],[[0.260114,0.754742,0.602251],[-0.964829,0.178593,0.192899],[0.0380316,-0.631245,0.774651]],[[0.260114,0.754742,0.602251],[-0.893758,0.424245,-0.145648],[-0.365428,-0.500381,0.784908]]],0],[671,[0.2017,-0.933696,-0.295851],67,52.5351,[-61.2672,102.433,-2.89795],[-62.0915,99.265,-3.34408],[-9.3694,-33.7372,-15.6011],false,[-30.9705,69.4289,60.7251],[-60.2046,121.319,32.9355],[-70.5962,128.727,-3.26069],[-66.241,108.566,-9.64881],[-60.9823,96.8361,-1.41959],[[[0.893937,0.362407,-0.263701],[0.0549629,0.495282,0.866992],[0.44481,-0.78953,0.422832]],[[0.938589,0.270591,-0.214081],[-0.213874,0.943147,0.254426],[0.270755,-0.193015,0.9431]],[[0.938589,0.270591,-0.214081],[-0.279941,0.234502,-0.930936],[-0.2017,0.933696,0.295851]],[[0.938589,0.270591,-0.214081],[-0.0186339,-0.579801,-0.814545],[-0.344533,0.768512,-0.539153]]],1],[672,[0.0401104,-0.964551,-0.260831],67,59.8595,[-50.5517,102.308,-8.55985],[-51.3158,99.2999,-8.68044],[-7.47795,-33.4082,-12.1396],false,[-21.3936,74.5412,58.9515],[-41.2352,126.335,30.5201],[-56.2157,134.148,-9.08594],[-55.1968,109.645,-15.7119],[-50.1968,96.4576,-6.60606],[[[0.923258,0.162627,-0.348062],[0.215055,0.531966,0.819001],[0.318349,-0.831002,0.456169]],[[0.93574,0.127804,-0.328721],[-0.0579072,0.97506,0.214256],[0.347905,-0.181452,0.919803]],[[0.93574,0.127804,-0.328721],[-0.350403,0.230884,-0.907695],[-0.0401104,0.964551,0.260831]],[[0.93574,0.127804,-0.328721],[-0.188902,-0.605464,-0.77313],[-0.297837,0.785544,-0.542414]]],2],[673,[-0.130045,-0.955859,-0.263481],67,57.5565,[-33.3351,103.323,-8.4605],[-34.2467,100.217,-8.17837],[-7.72918,-33.477,-6.19437],false,[-11.3711,77.3541,55.4748],[-21.0269,125.306,28.294],[-32.8696,134.682,-8.6516],[-36.0878,111.027,-15.172],[-33.6547,97.298,-5.99619],[[[0.941186,-0.00200178,-0.337882],[0.290506,0.515464,0.806165],[0.172552,-0.856909,0.48573]],[[0.948255,-0.0422684,-0.314683],[0.113045,0.971099,0.210207],[0.296703,-0.234903,0.925628]],[[0.948255,-0.0422684,-0.314683],[-0.289655,0.29077,-0.911895],[0.130045,0.955859,0.263481]],[[0.948255,-0.0422684,-0.314683],[-0.282068,-0.56717,-0.773793],[-0.145772,0.822516,-0.549744]]],3],[674,[-0.158532,0.734584,-0.659737],67,45.1232,[-9.17728,171.362,-12.6286],[-9.65322,169.214,-11.1693],[-10.4299,-46.4547,1.62184],false,[-1.47386,75.2485,47.7766],[-3.02222,120.98,23.4969],[-4.23722,148.929,8.82874],[-7.00719,161.765,-2.69861],[-10.8015,170.603,-14.7234],[[[0.893807,-0.186308,-0.407919],[0.447454,0.431134,0.783523],[0.029891,-0.882844,0.468715]],[[0.893471,-0.177644,-0.412495],[0.447471,0.430761,0.783719],[0.038464,-0.884809,0.464363]],[[0.893471,-0.177644,-0.412495],[0.420211,0.65485,0.628168],[0.158532,-0.734584,0.659737]],[[0.893471,-0.177644,-0.412495],[0.375487,0.799372,0.469057],[0.246412,-0.573975,0.780918]]],4]],[[0,200,0],[235.247,235.247,147.751]]],[64787,6029978311,[[67,"right",[-0.274366,0.90355,-0.329121],[-0.117526,-0.371196,-0.921087],[-33.1327,104.915,33.7233],[-21.4389,-38.5013,-5.53928],[-31.802,107.433,33.6401],1,0,0.619661,[[0.98785,0.138713,-0.070079],[-0.0865153,0.865439,0.493488],[0.129102,-0.481429,0.866925]],56.9236,[18.1952,-51.9036,260.842],[-12.9444,64.2178,51.7382]]],[[670,[-0.0355702,0.632447,-0.773787],67,46.5576,[-44.5422,112.225,-18.6892],[-45.7134,108.575,-17.8729],[-7.89979,-29.0083,-8.05897],false,[-37.546,52.4235,49.1557],[-37.546,52.4235,49.1557],[-51.3746,81.7231,18.5147],[-52.458,100.987,-5.05397],[-44.7673,111.474,-21.4243],[[[0.435635,0.594447,0.67591],[-0.608474,-0.358873,0.707792],[0.663311,-0.719613,0.205368]],[[0.258276,0.75379,0.60423],[-0.914948,-0.00990797,0.403451],[0.310104,-0.65704,0.68712]],[[0.258276,0.75379,0.60423],[-0.965416,0.178358,0.190158],[0.0355702,-0.632447,0.773787]],[[0.258276,0.75379,0.60423],[-0.893298,0.424494,-0.14773],[-0.367849,-0.501602,0.782996]]],0],[671,[0.202459,-0.933295,-0.296597],67,52.5351,[-61.3481,102.176,-2.94578],[-62.157,99.031,-3.51572],[-8.6987,-31.4721,-16.41],false,[-31.2392,69.0868,60.6],[-60.3798,121.025,32.8026],[-70.655,128.491,-3.41479],[-66.2834,108.339,-9.81903],[-61.0533,96.5963,-1.59029],[[[0.894801,0.362704,-0.260341],[0.0523323,0.493889,0.867949],[0.443388,-0.790266,0.422951]],[[0.93932,0.27072,-0.210684],[-0.21448,0.942797,0.255212],[0.267723,-0.194538,0.943652]],[[0.93932,0.27072,-0.210684],[-0.276925,0.235945,-0.931473],[-0.202459,0.933295,0.296597]],[[0.93932,0.27072,-0.210684],[-0.0161426,-0.578601,-0.815451],[-0.342661,0.769371,-0.539122]]],1],[672,[0.0408342,-0.964148,-0.262205],67,59.8595,[-50.6264,102.038,-8.58465],[-51.3643,99.0709,-8.82044],[-6.83608,-31.0915,-12.9718],false,[-21.656,74.2005,58.8644],[-41.4022,126.042,30.4543],[-56.2592,133.917,-9.18607],[-55.2219,109.425,-15.8469],[-50.2515,96.222,-6.74677],[[[0.924358,0.163055,-0.344929],[0.212577,0.530628,0.820515],[0.316818,-0.831773,0.455828]],[[0.936765,0.128229,-0.325621],[-0.0584942,0.974735,0.215568],[0.345036,-0.18289,0.920598]],[[0.936765,0.128229,-0.325621],[-0.347569,0.232328,-0.908416],[-0.0408342,0.964148,0.262205]],[[0.936765,0.128229,-0.325621],[-0.186572,-0.604207,-0.774677],[-0.296078,0.786442,-0.542076]]],2],[673,[-0.129222,-0.95547,-0.265291],67,57.5565,[-33.4211,103.035,-8.43536],[-34.296,99.9837,-8.2613],[-7.06919,-31.3639,-6.95728],false,[-11.6224,77.0176,55.4234],[-21.1873,125.014,28.2893],[-32.918,134.444,-8.67827],[-36.1159,110.798,-15.2435],[-33.7108,97.0553,-6.08169],[[[0.942232,-0.00159213,-0.334956],[0.288067,0.514136,0.807887],[0.170927,-0.857707,0.484894]],[[0.949207,-0.0417844,-0.311865],[0.112378,0.970793,0.211971],[0.2939,-0.236251,0.926179]],[[0.949207,-0.0417844,-0.311865],[-0.286893,0.292116,-0.912338],[0.129222,0.95547,0.265291]],[[0.949207,-0.0417844,-0.311865],[-0.279717,-0.565961,-0.77553],[-0.144099,0.823372,-0.548902]]],3],[674,[-0.157071,0.734431,-0.660257],67,45.1232,[-9.31304,170.845,-12.5069],[-9.71216,168.922,-11.1292],[-9.18886,-42.0704,2.75727],false,[-1.70157,74.923,47.7526],[-3.16834,120.694,23.5414],[-4.33508,148.662,8.906],[-7.07952,161.494,-2.63044],[-10.8519,170.314,-14.6758],[[[0.895047,-0.18578,-0.405435],[0.445073,0.42982,0.785598],[0.0283157,-0.883595,0.467394]],[[0.89473,-0.177196,-0.409952],[0.445078,0.429692,0.785665],[0.0369366,-0.885419,0.463324]],[[0.89473,-0.177196,-0.409952],[0.418076,0.655143,0.629285],[0.157071,-0.734431,0.660257]],[[0.89473,-0.177196,-0.409952],[0.373418,0.800339,0.46906],[0.244985,-0.572765,0.782255]]],4]],[[0,200,0],[235.247,235.247,147.751]]],[64788,6029986908,[[67,"right",[-0.273367,0.90399,-0.328745],[-0.114967,-0.370018,-0.921884],[-33.2891,104.661,33.6544],[-20.5805,-36.1354,-6.19252],[-31.9729,107.115,33.6417],1,0,0.577999,[[0.987549,0.140747,-0.0702615],[-0.0882834,0.865543,0.492992],[0.130201,-0.480651,0.867192]],56.9236,[18.2501,-51.9944,260.842],[-13.1547,63.9394,51.6743]]],[[670,[-0.0333016,0.63346,-0.773058],67,46.5576,[-44.6969,111.97,-18.617],[-45.7651,108.4,-17.9531],[-7.08704,-27.1413,-8.3854],false,[-37.75,52.1504,49.0078],[-37.75,52.1504,49.0078],[-51.5289,81.4916,18.3842],[-52.5433,100.786,-5.1623],[-44.7957,111.289,-21.4958],[[[0.433782,0.593552,0.677885],[-0.610489,-0.359719,0.705624],[0.662673,-0.719929,0.206318]],[[0.256691,0.752962,0.605935],[-0.91577,-0.0109515,0.401555],[0.308991,-0.657973,0.686729]],[[0.256691,0.752962,0.605935],[-0.96592,0.178259,0.187679],[0.0333016,-0.63346,0.773058]],[[0.256691,0.752962,0.605935],[-0.89263,0.425075,-0.150074],[-0.370569,-0.502353,0.78123]]],0],[671,[0.203183,-0.932976,-0.297107],67,52.5351,[-61.4153,101.96,-2.99427],[-62.2094,98.8281,-3.67153],[-7.97914,-29.4691,-16.8349],false,[-31.4739,68.7986,60.4909],[-60.5321,120.775,32.6776],[-70.7024,128.287,-3.55986],[-66.3152,108.142,-9.97511],[-61.1105,96.3886,-1.74485],[[[0.895558,0.362958,-0.257366],[0.0499335,0.492783,0.868718],[0.442134,-0.790839,0.423192]],[[0.939961,0.270834,-0.20766],[-0.215067,0.942515,0.255756],[0.26499,-0.19574,0.944175]],[[0.939961,0.270834,-0.20766],[-0.274208,0.237076,-0.93199],[-0.203183,0.932976,0.297107]],[[0.939961,0.270834,-0.20766],[-0.0138668,-0.577659,-0.816161],[-0.341,0.770039,-0.539221]]],1],[672,[0.0415295,-0.963826,-0.263276],67,59.8595,[-50.6886,101.807,-8.61419],[-51.4014,98.872,-8.94761],[-6.15259,-29.0735,-13.4371],false,[-21.8856,73.9137,58.7887],[-41.5477,125.793,30.3889],[-56.2933,133.716,-9.2833],[-55.2383,109.232,-15.9714],[-50.294,96.0177,-6.87411],[[[0.925336,0.163415,-0.342124],[0.210314,0.529569,0.821781],[0.315469,-0.832377,0.455661]],[[0.937678,0.128589,-0.32284],[-0.0590662,0.974476,0.216583],[0.342449,-0.184016,0.92134]],[[0.937678,0.128589,-0.32284],[-0.345015,0.23346,-0.909099],[-0.0415295,0.963826,0.263276]],[[0.937678,0.128589,-0.32284],[-0.184439,-0.603214,-0.775961],[-0.294521,0.787146,-0.541903]]],2],[673,[-0.128335,-0.955223,-0.266607],67,57.5565,[-33.495,102.78,-8.42078],[-34.3334,99.7769,-8.33506],[-6.36412,-29.778,-7.35656],false,[-11.8421,76.7343,55.3794],[-21.3268,124.766,28.2795],[-32.96,134.228,-8.71065],[-36.1359,110.589,-15.3085],[-33.7539,96.8348,-6.15684],[[[0.943169,-0.00124681,-0.33231],[0.285837,0.513087,0.809345],[0.169495,-0.858336,0.484284]],[[0.950051,-0.0412993,-0.309349],[0.111608,0.970617,0.213183],[0.291455,-0.237061,0.926745]],[[0.950051,-0.0412993,-0.309349],[-0.284486,0.292991,-0.912811],[0.128335,0.955223,0.266607]],[[0.950051,-0.0412993,-0.309349],[-0.277554,-0.565052,-0.776968],[-0.14271,0.824021,-0.548291]]],3],[674,[-0.155753,0.734122,-0.660913],67,45.1232,[-9.42621,170.4,-12.4068],[-9.76082,168.666,-11.1078],[-8.13059,-38.6535,3.00193],false,[-1.8999,74.6486,47.7339],[-3.29494,120.45,23.5767],[-4.41782,148.433,8.9654],[-7.13923,161.26,-2.58249],[-10.8919,170.059,-14.649],[[[0.896167,-0.185341,-0.403154],[0.442899,0.428786,0.78739],[0.026931,-0.88419,0.466351]],[[0.895869,-0.176878,-0.407595],[0.442895,0.428885,0.787339],[0.035548,-0.885874,0.462563]],[[0.895869,-0.176878,-0.407595],[0.416126,0.655575,0.630128],[0.155753,-0.734122,0.660913]],[[0.895869,-0.176878,-0.407595],[0.37152,0.801361,0.468822],[0.243706,-0.571432,0.783628]]],4]],[[0,200,0],[235.247,235.247,147.751]]],[64789,6029995063,[[67,"right",[-0.272384,0.904609,-0.327857],[-0.112549,-0.368357,-0.922847],[-33.4357,104.427,33.619],[-19.924,-34.2757,-5.7232],[-32.1284,106.829,33.6393],1,0,0.576385,[[0.987247,0.142794,-0.0703807],[-0.090093,0.865632,0.492509],[0.131251,-0.479887,0.867457]],56.9236,[18.3037,-52.0793,260.852],[-13.3542,63.6702,51.6199]]],[[670,[-0.0311672,0.634841,-0.772014],67,46.5576,[-44.8341,111.74,-18.5573],[-45.8303,108.271,-17.9898],[-7.07588,-24.8657,-7.35929],false,[-37.9437,51.889,48.8666],[-37.9437,51.889,48.8666],[-51.6974,81.2855,18.2848],[-52.6467,100.622,-5.22991],[-44.8394,111.146,-21.5213],[[[0.43204,0.592288,0.6801],[-0.612413,-0.360905,0.703348],[0.662036,-0.720376,0.206799]],[[0.255155,0.751852,0.60796],[-0.91639,-0.012527,0.400091],[0.308425,-0.659213,0.685793]],[[0.255155,0.751852,0.60796],[-0.966398,0.178035,0.185416],[0.0311672,-0.634841,0.772014]],[[0.255155,0.751852,0.60796],[-0.89188,0.425849,-0.152326],[-0.373425,-0.503361,0.779219]]],0],[671,[0.203835,-0.932508,-0.298129],67,52.5351,[-61.4728,101.775,-3.04095],[-62.2573,98.6651,-3.79239],[-7.41464,-27.153,-16.2951],false,[-31.6964,68.5159,60.3962],[-60.6742,120.545,32.5983],[-70.7444,128.123,-3.65347],[-66.3431,107.988,-10.0908],[-61.163,96.2197,-1.86594],[[[0.896284,0.363309,-0.254325],[0.0476715,0.491225,0.869727],[0.440911,-0.791647,0.422957]],[[0.940573,0.271018,-0.204626],[-0.215588,0.942108,0.256817],[0.262382,-0.197441,0.944549]],[[0.940573,0.271018,-0.204626],[-0.271614,0.238702,-0.932334],[-0.203835,0.932508,0.298129]],[[0.940573,0.271018,-0.204626],[-0.0117246,-0.57629,-0.817161],[-0.339389,0.770999,-0.538865]]],1],[672,[0.0421563,-0.963368,-0.26485],67,59.8595,[-50.7419,101.607,-8.64479],[-51.4348,98.7154,-9.04127],[-5.61506,-26.6676,-12.926],false,[-22.1029,73.6329,58.7287],[-41.6831,125.565,30.3693],[-56.3225,133.558,-9.32826],[-55.2516,109.086,-16.0563],[-50.3326,95.8545,-6.9696],[[[0.926265,0.163914,-0.33936],[0.208181,0.528075,0.823285],[0.314155,-0.833228,0.455013]],[[0.938543,0.129077,-0.32012],[-0.0595754,0.974104,0.218109],[0.339983,-0.185633,0.921928]],[[0.938543,0.129077,-0.32012],[-0.342579,0.235078,-0.909603],[-0.0421563,0.963368,0.26485]],[[0.938543,0.129077,-0.32012],[-0.182433,-0.601809,-0.777524],[-0.293012,0.78814,-0.541275]]],2],[673,[-0.127412,-0.954902,-0.268194],67,57.5565,[-33.56,102.55,-8.41117],[-34.3659,99.6082,-8.37317],[-5.75854,-27.9334,-6.58485],false,[-12.05,76.4584,55.3513],[-21.4568,124.539,28.312],[-32.9994,134.047,-8.69473],[-36.1525,110.416,-15.3318],[-33.7909,96.6484,-6.19539],[[[0.944053,-0.000767036,-0.329793],[0.283735,0.511606,0.81102],[0.168102,-0.85922,0.483201]],[[0.950837,-0.0406419,-0.307012],[0.110814,0.970363,0.214744],[0.289186,-0.238208,0.927161]],[[0.950837,-0.0406419,-0.307012],[-0.282267,0.294126,-0.913135],[0.127412,0.954902,0.268194]],[[0.950837,-0.0406419,-0.307012],[-0.275482,-0.563908,-0.778535],[-0.141486,0.824837,-0.547381]]],3],[674,[-0.153992,0.73508,-0.66026],67,45.1232,[-9.51855,170.024,-12.3076],[-9.78533,168.492,-10.9822],[-6.64987,-34.0424,6.38349],false,[-2.0877,74.3851,47.7287],[-3.41294,120.23,23.6497],[-4.48999,148.24,9.08772