{"metadata":{"formatVersion":2,"generatedBy":"LeapJS Playback 0.2.1","frames":1093,"protocolVersion":6,"serviceVersion":"2.2.4+26750","frameRate":"1.1e+2","modified":"Sun Apr 12 2015 15:47:55 GMT-0300 (E. South America Standard Time)"},"frames":[["id","timestamp",{"hands":[["id","type","direction","palmNormal","palmPosition","palmVelocity","stabilizedPalmPosition","pinchStrength","grabStrength","confidence","armBasis","armWidth","elbow","wrist"]]},{"pointables":[["id","direction","handId","length","stabilizedTipPosition","tipPosition","tipVelocity","tool","carpPosition","mcpPosition","pipPosition","dipPosition","btipPosition","bases","type"]]},{"interactionBox":["center","size"]}],[189063,7546826879,[[211,"right",[0.411409,0.648482,-0.64048],[0.0593832,-0.720281,-0.691136],[82.0685,90.1679,66.1218],[1.19209e-7,1.19209e-7,1.19209e-7],[82.0685,90.1679,66.1218],0.352991,0.128487,0,[[0.918347,-0.232532,0.320263],[-0.0466254,0.740001,0.670988],[-0.393021,-0.631132,0.668735]],63.4026,[-38.9809,-113.005,285.705],[66.6063,56.5523,106.046]]],[[2110,[0.165601,0.422229,-0.891235],211,51.8568,[56.8621,96.4552,0.818725],[56.8621,96.4552,0.818725],[1.19209e-7,1.19209e-7,1.19209e-7],false,[40.0443,53.5907,91.3016],[40.0443,53.5907,91.3016],[48.1531,74.6149,47.0383],[53.7712,88.9393,16.8024],[57.7853,98.7002,-3.95563],[[[0.393151,0.671666,0.627931],[-0.919087,0.267265,0.289566],[0.0266675,-0.690966,0.722395]],[[0.377545,0.807723,0.452817],[-0.911486,0.410381,0.0279432],[-0.163257,-0.423286,0.891166]],[[0.377545,0.807723,0.452817],[-0.911063,0.411468,0.0256508],[-0.165601,-0.422229,0.891235]],[[0.377545,0.807723,0.452817],[-0.909805,0.414599,0.019017],[-0.172377,-0.419155,0.891401]]],0],[2111,[0.287901,-0.240634,-0.926935],211,58.5146,[95.3005,110.536,-27.9993],[95.3005,110.536,-27.9993],[1.19209e-7,1.19209e-7,1.19209e-7],false,[50.5683,72.5323,100.616],[69.5184,113.984,43.3329],[86.0643,123.403,5.05848],[92.9883,117.616,-17.2343],[95.9912,108.421,-31.2148],[[[0.965679,-0.133928,0.222548],[-0.021217,0.813277,0.58149],[-0.25887,-0.566254,0.782523]],[[0.913978,-0.219953,0.340977],[0.1218,0.950299,0.286526],[-0.387052,-0.220347,0.895342]],[[0.913978,-0.219953,0.340977],[0.285933,0.945366,-0.156609],[-0.287901,0.240633,0.926935]],[[0.913978,-0.219953,0.340977],[0.365299,0.811847,-0.455478],[-0.176638,0.540855,0.822359]]],1],[2112,[0.188562,-0.129344,-0.973506],211,66.6727,[111.724,116.228,-30.2245],[111.724,116.228,-30.2245],[1.19209e-7,1.19209e-7,1.19209e-7],false,[62.3882,72.6185,103.84],[89.3675,110.206,52.0854],[105.786,126.527,10.0823],[111.122,122.867,-17.4628],[111.904,114.245,-34.0364],[[[0.911199,-0.345868,0.223811],[0.13667,0.766297,0.627781],[-0.388635,-0.541446,0.745519]],[[0.911906,-0.344881,0.222453],[0.226344,0.87479,0.428382],[-0.34234,-0.340293,0.875788]],[[0.911906,-0.344881,0.222453],[0.364517,0.929692,-0.0529185],[-0.188562,0.129344,0.973506]],[[0.911906,-0.344881,0.222453],[0.408262,0.817588,-0.406044],[-0.0418379,0.461092,0.886365]]],2],[2113,[0.0919634,-0.254851,-0.962597],211,64.1076,[123.622,104.083,-7.81258],[123.622,104.083,-7.81258],[1.19209e-7,1.19209e-7,1.19209e-7],false,[73.9117,69.5399,106.516],[106.505,100.687,63.4778],[123.819,121.479,28.2019],[126.353,114.454,1.6688],[122.806,100.985,-10.6447],[[[0.831164,-0.478552,0.283115],[0.188963,0.721978,0.665613],[-0.522933,-0.499736,0.690511]],[[0.890272,-0.411983,0.194128],[0.236113,0.782018,0.576801],[-0.389443,-0.467673,0.793483]],[[0.890272,-0.411983,0.194128],[0.446047,0.874826,-0.189],[-0.0919634,0.254851,0.962597]],[[0.890272,-0.411983,0.194128],[0.413516,0.552613,-0.723618],[0.190841,0.724492,0.662337]]],3],[2114,[0.229639,-0.108218,-0.967241],211,50.2592,[144.624,94.1006,18.8338],[144.624,94.1006,18.8338],[1.19209e-7,1.19209e-7,1.19209e-7],false,[84.1501,59.7612,106.826],[120.908,87.5943,72.1411],[142.343,102.912,48.8225],[146.812,100.806,29.9986],[143.97,92.0977,15.4988],[[[0.72233,-0.645844,0.247235],[0.268992,0.591751,0.759917],[-0.637089,-0.482407,0.601166]],[[0.725497,-0.643431,0.244234],[0.32012,0.629642,0.707866],[-0.609243,-0.43537,0.662779]],[[0.725497,-0.643431,0.244234],[0.648783,0.757816,0.0692453],[-0.229639,0.108218,0.967241]],[[0.725497,-0.643431,0.244234],[0.66798,0.572883,-0.474983],[0.165701,0.507742,0.845424]]],4]],[[0,200,0],[235.247,235.247,147.751]]],[189064,7546835558,[[211,"right",[0.40991,0.654686,-0.635106],[0.0586258,-0.713763,-0.69793],[78.2561,91.2655,66.6167],[-439.269,126.463,57.0273],[81.8274,90.2374,66.1531],0.35361,0.129889,0.0313138,[[0.919466,-0.234408,0.315652],[-0.0422894,0.739217,0.672139],[-0.390889,-0.631357,0.669771]],63.4026,[-42.1314,-112.348,286.189],[62.8831,57.2691,106.252]]],[[2110,[0.163586,0.430591,-0.887599],211,51.8568,[56.5729,96.5786,0.862302],[52.9267,98.1406,1.41538],[-453.937,193.765,68.4061],false,[36.2975,54.4288,91.5263],[36.2975,54.4288,91.5263],[44.2906,75.8752,47.4449],[49.8404,90.4833,17.3324],[53.843,100.423,-3.3429],[[[0.393828,0.666021,0.633495],[-0.918747,0.263981,0.293628],[0.028332,-0.697661,0.715868]],[[0.37782,0.803776,0.45956],[-0.911786,0.409273,0.0337871],[-0.160928,-0.431786,0.887504]],[[0.37782,0.803776,0.45956],[-0.911313,0.410531,0.0311991],[-0.163586,-0.430591,0.887599]],[[0.37782,0.803776,0.45956],[-0.909786,0.414434,0.0231157],[-0.171878,-0.426835,0.887846]]],0],[2111,[0.286271,-0.233172,-0.929344],211,58.5146,[94.99,110.684,-27.9461],[91.3126,112.47,-27.3224],[-459.506,219.408,78.6775],false,[46.8261,73.2892,100.999],[65.6523,115.285,44.0728],[82.1368,125.046,5.85739],[89.0216,119.438,-16.4933],[91.9968,110.35,-30.5494],[[[0.966142,-0.135399,0.219626],[-0.0207052,0.807802,0.58909],[-0.257177,-0.573693,0.777648]],[[0.914551,-0.222757,0.337604],[0.122051,0.947758,0.294717],[-0.385617,-0.228329,0.89396]],[[0.914551,-0.222757,0.337604],[0.285738,0.946578,-0.149479],[-0.286271,0.233172,0.929344]],[[0.914551,-0.222757,0.337604],[0.364651,0.815233,-0.449916],[-0.175004,0.534579,0.826801]]],1],[2112,[0.180293,-0.124828,-0.97566],211,66.6727,[111.286,116.377,-30.1832],[107.32,117.94,-29.6968],[-531.105,181.203,50.1636],false,[58.6516,73.3526,104.203],[85.5187,111.438,52.7554],[101.487,127.883,10.6273],[106.588,124.351,-16.9787],[107.272,115.844,-33.6156],[[[0.911793,-0.347376,0.219005],[0.13729,0.76049,0.63467],[-0.38702,-0.548621,0.741101]],[[0.914927,-0.342879,0.212939],[0.228167,0.874562,0.427879],[-0.332939,-0.342893,0.878394]],[[0.914927,-0.342879,0.212939],[0.361114,0.931049,-0.0523897],[-0.180293,0.124828,0.97566]],[[0.914927,-0.342879,0.212939],[0.401959,0.821842,-0.403737],[-0.0365694,0.454983,0.889749]]],2],[2113,[0.0934213,-0.239596,-0.966368],211,64.1076,[123.336,104.233,-7.79269],[119.758,106.022,-7.43874],[-439.922,230.591,30.627],false,[70.1815,70.2563,106.831],[102.682,101.824,64.029],[119.875,122.842,28.8282],[122.45,116.237,2.1912],[119.013,103.051,-10.4555],[[[0.831941,-0.480657,0.277206],[0.189675,0.715852,0.671996],[-0.521438,-0.506482,0.686715]],[[0.890968,-0.41307,0.188546],[0.237929,0.77838,0.580959],[-0.386737,-0.472755,0.791793]],[[0.890968,-0.41307,0.188546],[0.444352,0.878617,-0.174882],[-0.0934213,0.239596,0.966368]],[[0.890968,-0.41307,0.188546],[0.414726,0.571235,-0.708303],[0.184874,0.70927,0.680262]]],3],[2114,[0.227985,-0.0989853,-0.96862],211,50.2592,[144.346,94.2134,18.8645],[140.725,95.6829,19.2633],[-449.286,182.678,49.7377],false,[80.4263,60.4815,107.032],[117.107,88.66,72.5449],[138.493,104.216,49.3384],[142.929,102.289,30.4877],[140.066,93.7136,15.9133],[[[0.723146,-0.647675,0.239953],[0.269945,0.5848,0.764943],[-0.635759,-0.488392,0.597732]],[[0.72638,-0.645174,0.2369],[0.32081,0.623109,0.713313],[-0.607826,-0.442136,0.659593]],[[0.72638,-0.645174,0.2369],[0.648378,0.757596,0.0751888],[-0.227985,0.0989853,0.96862]],[[0.72638,-0.645174,0.2369],[0.666703,0.577702,-0.470922],[0.166969,0.500011,0.849771]]],4]],[[0,200,0],[235.247,235.247,147.751]]],[189065,7546844255,[[211,"right",[0.406746,0.660347,-0.631269],[0.0446839,-0.704567,-0.70823],[73.0559,93.9858,67.8588],[-481.584,176.155,79.9057],[80.4597,90.8218,66.4191],0.355121,0.13268,0.0607721,[[0.92102,-0.246279,0.301777],[-0.0267194,0.732977,0.679728],[-0.388598,-0.634106,0.668506]],63.4026,[-46.4694,-110.794,286.817],[57.9296,59.5623,107.219]]],[[2110,[0.15552,0.441439,-0.883711],211,51.8568,[54.7507,97.5905,1.28095],[46.9614,101.927,3.07793],[-515.906,258.113,101.063],false,[31.1423,57.1137,92.7917],[31.1423,57.1137,92.7917],[38.7161,79.1085,48.907],[43.9923,94.0847,18.9264],[47.8382,104.261,-1.66338],[[[0.406569,0.654471,0.637471],[-0.913054,0.266517,0.308707],[0.0321428,-0.707557,0.705925]],[[0.389389,0.794766,0.465536],[-0.908364,0.41503,0.0512421],[-0.152486,-0.442829,0.883545]],[[0.389389,0.794766,0.465536],[-0.907849,0.416507,0.0482896],[-0.15552,-0.441439,0.883711]],[[0.389389,0.794766,0.465536],[-0.906146,0.421173,0.0388991],[-0.165155,-0.43699,0.884174]]],0],[2111,[0.272525,-0.225198,-0.935423],211,58.5146,[92.9944,111.794,-27.535],[85.089,116.28,-25.9211],[-527.878,275.973,100.949],false,[41.9262,75.7671,102.386],[60.3483,118.401,45.8029],[76.4429,128.515,7.51336],[82.9971,123.099,-14.9836],[85.7107,114.13,-29.1685],[[[0.967788,-0.145299,0.205608],[-0.00743526,0.799809,0.600208],[-0.251657,-0.582403,0.772965]],[[0.916783,-0.234233,0.323485],[0.133264,0.94295,0.305101],[-0.376495,-0.236603,0.895696]],[[0.916783,-0.234233,0.323485],[0.291956,0.945738,-0.142624],[-0.272525,0.225198,0.935423]],[[0.916783,-0.234233,0.323485],[0.366101,0.816582,-0.446278],[-0.159619,0.527569,0.834382]]],1],[2112,[0.160769,-0.115179,-0.980249],211,66.6727,[108.614,117.592,-29.8389],[100.684,121.577,-28.5964],[-598.907,242.562,68.1751],false,[53.7909,75.7021,105.442],[80.2927,114.293,54.1822],[95.4672,131.021,11.8724],[100.016,127.762,-15.8635],[100.365,119.47,-32.6194],[[[0.911883,-0.356853,0.202794],[0.150765,0.75075,0.643152],[-0.381759,-0.555905,0.738397]],[[0.917642,-0.348267,0.191422],[0.240471,0.870093,0.430246],[-0.316396,-0.34878,0.882182]],[[0.917642,-0.348267,0.191422],[0.363436,0.930292,-0.0497026],[-0.160769,0.115179,0.980249]],[[0.917642,-0.348267,0.191422],[0.39697,0.825878,-0.400425],[-0.0186365,0.443436,0.896112]]],2],[2113,[0.0799143,-0.2262,-0.970797],211,64.1076,[121.49,105.25,-7.58578],[113.74,109.446,-6.57712],[-507.255,273.772,47.7567],false,[65.3296,72.4878,107.882],[97.524,104.404,65.1077],[114.397,125.699,29.9191],[116.6,119.464,3.15999],[112.94,106.521,-9.67352],[[[0.831788,-0.490342,0.260181],[0.203283,0.705232,0.679208],[-0.516532,-0.512067,0.686281]],[[0.890271,-0.421872,0.171584],[0.25173,0.769789,0.586564],[-0.379538,-0.479008,0.791519]],[[0.890271,-0.421872,0.171584],[0.448365,0.877985,-0.167666],[-0.0799143,0.2262,0.970797]],[[0.890271,-0.421872,0.171584],[0.410682,0.580783,-0.702874],[0.19687,0.696215,0.690309]]],3],[2114,[0.215382,-0.0868205,-0.972663],211,50.2592,[142.656,95.0106,19.0319],[134.965,98.6217,19.7903],[-506.023,224.454,52.6689],false,[75.5043,62.638,107.822],[111.958,91.0214,73.2622],[133.163,106.754,50.0096],[137.354,105.065,31.0803],[134.254,96.7171,16.4222],[[[0.721315,-0.656052,0.222036],[0.283743,0.572352,0.769353],[-0.631818,-0.491945,0.598996]],[[0.724716,-0.653387,0.218799],[0.333983,0.610836,0.717868],[-0.602696,-0.447175,0.660903]],[[0.724716,-0.653387,0.218799],[0.654521,0.752029,0.0778077],[-0.215382,0.0868205,0.972663]],[[0.724716,-0.653387,0.218799],[0.664909,0.579821,-0.470854],[0.180785,0.486717,0.854648]]],4]],[[0,200,0],[235.247,235.247,147.751]]],[189066,7546852899,[[211,"right",[0.278618,0.628274,-0.726391],[-0.0195167,-0.752481,-0.658325],[68.343,95.8168,74.0488],[-498.467,185.619,248.697],[77.4308,92.0705,68.3263],0.358596,0.163156,0.101444,[[0.907019,-0.298146,0.297365],[-0.000617813,0.705235,0.708974],[-0.42109,-0.643236,0.639477]],63.4026,[-52.3885,-109.014,289.204],[60.7394,63.7948,117.406]]],[[2110,[-0.0136604,0.340192,-0.940257],211,51.8568,[44.2809,96.1391,5.76194],[30.2778,94.4333,12.2671],[-903.202,-49.1046,346.035],false,[32.3438,59.1744,107.205],[32.3438,59.1744,107.205],[30.9617,76.3513,60.6212],[30.4983,87.8926,28.7223],[29.69,96.009,6.91046],[[[0.458207,0.716123,0.526512],[-0.872773,0.250353,0.419036],[0.168268,-0.651531,0.739726]],[[0.395797,0.865379,0.30735],[-0.917916,0.36266,0.160957],[0.0278255,-0.345828,0.937885]],[[0.395797,0.865379,0.30735],[-0.918236,0.367952,0.146468],[0.0136604,-0.340192,0.940257]],[[0.395797,0.865379,0.30735],[-0.917682,0.360056,0.167988],[0.03471,-0.348539,0.936651]]],0],[2111,[0.120188,-0.294851,-0.947955],211,58.5146,[80.2615,113.234,-23.6145],[62.9529,115.474,-17.1391],[-1054.41,170.556,304.139],false,[43.3958,78.9182,113.863],[51.3964,117.986,52.4761],[60.4647,131.988,13.117],[63.3552,124.897,-9.68133],[63.373,112.231,-21.0216],[[[0.993353,-0.0893046,0.0726282],[0.036129,0.840952,0.539902],[-0.109293,-0.533689,0.838589]],[[0.973671,-0.1513,0.170509],[0.0834555,0.932645,0.351012],[-0.212132,-0.32754,0.920716]],[[0.973671,-0.1513,0.170509],[0.1937,0.943489,-0.268903],[-0.120188,0.294851,0.947955]],[[0.973671,-0.1513,0.170509],[0.227955,0.649668,-0.725237],[-0.00104604,0.74501,0.667052]]],1],[2112,[0.0750011,-0.0947111,-0.992675],211,66.6727,[97.7879,120.393,-28.1957],[85.3924,124.77,-25.1346],[-931.206,255.254,130.497],false,[55.5607,79.573,115.167],[72.5112,115.342,58.1365],[82.8954,133.034,14.7848],[85.0175,130.354,-13.3028],[84.061,121.956,-29.9819],[[[0.948643,-0.302631,0.0921454],[0.201139,0.801826,0.562688],[-0.244172,-0.515256,0.821518]],[[0.945995,-0.308089,0.100869],[0.241276,0.876933,0.415661],[-0.216516,-0.368876,0.903909]],[[0.945995,-0.308089,0.100869],[0.315386,0.946631,-0.0664892],[-0.0750011,0.0947111,0.992675]],[[0.945995,-0.308089,0.100869],[0.32012,0.838678,-0.440615],[0.0511521,0.44911,0.892011]]],2],[2113,[0.0464568,-0.188313,-0.98101],211,64.1076,[114.493,108.788,-6.67952],[107.585,114.927,-3.13875],[-663.087,337.184,76.8232],false,[67.4794,77.0308,116.121],[91.6034,107.013,67.0915],[106.212,129.135,31.4035],[107.492,123.944,4.36295],[103.372,110.939,-8.26686],[[[0.884491,-0.434735,0.169352],[0.260515,0.761322,0.593735],[-0.387049,-0.481035,0.786638]],[[0.90667,-0.404254,0.120536],[0.264535,0.767437,0.584005],[-0.32859,-0.497613,0.802751]],[[0.90667,-0.404254,0.120536],[0.419276,0.895051,-0.151957],[-0.0464568,0.188313,0.98101]],[[0.90667,-0.404254,0.120536],[0.358953,0.589239,-0.723844],[0.221592,0.699555,0.679353]]],3],[2114,[0.186355,-0.0721979,-0.979826],211,50.2592,[137.572,97.7287,19.1063],[128.289,102.72,20.1018],[-583.782,293.118,21.8737],false,[78.0395,67.6356,115.25],[107.719,94.8816,73.9505],[127.177,110.875,49.3855],[130.804,109.47,30.3168],[127.239,100.826,15.9385],[[[0.778465,-0.607264,0.158813],[0.359689,0.638927,0.679997],[-0.514408,-0.472231,0.715809]],[[0.755297,-0.627276,0.189871],[0.351653,0.632359,0.690262],[-0.553052,-0.454584,0.698203]],[[0.755297,-0.627276,0.189871],[0.62833,0.775443,0.0623649],[-0.186355,0.0721979,0.979826]],[[0.755297,-0.627276,0.189871],[0.62156,0.593731,-0.511025],[0.207821,0.503992,0.838333]]],4]],[[0,200,0],[235.247,235.247,147.751]]],[189067,7546861638,[[211,"right",[0.189065,0.595508,-0.780785],[-0.0953057,-0.780243,-0.618173],[63.6534,99.4929,80.1888],[-508.687,248.56,370.252],[72.6751,94.6325,72.421],0.35838,0.226687,0.147589,[[0.893818,-0.3687,0.255245],[0.0605187,0.663169,0.746019],[-0.444328,-0.651358,0.615065]],63.4026,[-58.0538,-105.592,290.727],[61.3173,69.3986,125.487]]],[[2110,[-0.123915,0.272307,-0.954198],211,51.8568,[32.2121,94.9429,13.1337],[16.8638,93.8725,23.2355],[-1081.23,-60.1354,590.552],false,[31.9263,64.4124,118.928],[31.9263,64.4124,118.928],[23.4338,78.8915,72.1812],[19.2298,88.1297,39.8093],[15.2602,94.9134,17.8888],[[[0.515411,0.737099,0.437076],[-0.817711,0.270477,0.508124],[0.256319,-0.619295,0.742142]],[[0.416979,0.886876,0.198945],[-0.892689,0.358428,0.273196],[0.170984,-0.291513,0.941161]],[[0.416979,0.886876,0.198945],[-0.90043,0.373228,0.223444],[0.123915,-0.272307,0.954198]],[[0.416979,0.886876,0.198945],[-0.892788,0.358597,0.272651],[0.170467,-0.291305,0.941319]]],0],[2111,[-0.0145562,-0.363409,-0.931516],211,58.5146,[64.7202,114.75,-17.1272],[46.102,116.7,-8.39992],[-1298.46,168.214,499.127],false,[43.6368,84.3981,123.37],[44.2152,120.749,59.833],[47.742,136.213,20.136],[47.3919,127.473,-2.26694],[45.8316,113.298,-11.5208],[[[0.995199,-0.0885854,-0.0416226],[0.0975571,0.863459,0.494896],[-0.00790109,-0.49658,0.867955]],[[0.99049,-0.132714,0.0362974],[0.11011,0.922782,0.369254],[-0.0824997,-0.361746,0.928619]],[[0.99049,-0.132714,0.0362974],[0.136816,0.922128,-0.361885],[0.0145562,0.363409,0.931516]],[[0.99049,-0.132714,0.0362974],[0.102506,0.535823,-0.838085],[0.0917763,0.833835,0.544331]]],1],[2112,[-0.0229197,-0.127889,-0.991524],211,66.6727,[84.1896,122.727,-24.8318],[70.5467,125.664,-20.6234],[-1125.18,226.948,244.794],false,[55.8687,85.078,123.195],[65.8583,118.3,63.0644],[72.6276,136.06,19.0307],[71.9791,132.441,-9.02421],[69.1665,123.03,-24.935],[[[0.953671,-0.300753,-0.00772977],[0.264206,0.82494,0.49967],[-0.1439,-0.478563,0.866182]],[[0.948831,-0.315227,0.0187259],[0.282484,0.873791,0.395844],[-0.141143,-0.3703,0.918127]],[[0.948831,-0.315227,0.0187259],[0.31495,0.94036,-0.12857],[0.0229197,0.127889,0.991524]],[[0.948831,-0.315227,0.0187259],[0.277656,0.804558,-0.52497],[0.150419,0.503307,0.850915]]],2],[2113,[-0.00983811,-0.183525,-0.982966],211,64.1076,[104.701,112.786,-5.20177],[98.199,117.898,-2.186],[-781.195,337.317,107.549],false,[67.8232,82.5494,122.842],[85.8978,110.318,70.0497],[98.7276,131.653,33.2171],[98.4564,126.594,6.12258],[93.5404,113.98,-6.6184],[[[0.899452,-0.429225,0.0821752],[0.326944,0.785668,0.525198],[-0.289991,-0.445523,0.847003]],[[0.903563,-0.422717,0.0698802],[0.316685,0.768767,0.555615],[-0.28859,-0.479903,0.828498]],[[0.903563,-0.422717,0.0698802],[0.428341,0.887484,-0.169985],[0.00983811,0.183525,0.982966]],[[0.903563,-0.422717,0.0698802],[0.337117,0.600763,-0.72487],[0.264434,0.678523,0.685333]]],3],[2114,[0.137829,-0.063473,-0.98842],211,50.2592,[128.973,102.135,19.2629],[120.798,106.706,20.3919],[-665.881,330.296,21.3988],false,[78.2307,73.0986,121.135],[102.743,98.4547,75.4725],[120.792,114.26,49.7376],[123.474,113.025,30.5015],[119.324,104.667,16.1115],[[[0.793375,-0.60178,0.0917392],[0.435949,0.666875,0.604339],[-0.424858,-0.439474,0.791428]],[[0.761792,-0.630983,0.146747],[0.395615,0.632499,0.665908],[-0.512994,-0.449228,0.731459]],[[0.761792,-0.630983,0.146747],[0.63299,0.773196,0.0386147],[-0.137829,0.063473,0.98842]],[[0.761792,-0.630983,0.146747],[0.600921,0.603648,-0.523931],[0.242008,0.487309,0.839024]]],4]],[[0,200,0],[235.247,235.247,147.751]]],[189068,7546870218,[[211,"right",[0.131209,0.594179,-0.793559],[-0.135323,-0.782252,-0.608087],[58.4902,102.796,85.7427],[-533.228,284.539,443.292],[67.1346,97.8213,77.6243],0.30234,0.291626,0.192609,[[0.881734,-0.415571,0.223261],[0.102924,0.631329,0.768655],[-0.460382,-0.654771,0.599436]],63.4321,[-64.2704,-103.19,292.302],[59.4712,72.7995,131.185]]],[[2110,[-0.192741,0.260023,-0.946171],211,51.8809,[21.2493,95.3048,21.0498],[6.83563,96.3819,32.2777],[-1111.71,31.2534,717.537],false,[29.6987,67.6771,126.72],[29.6987,67.6771,126.72],[16.7764,81.9632,80.9133],[10.2344,90.7888,48.7988],[4.61091,97.3117,27.1512],[[[0.541824,0.740293,0.397986],[-0.781056,0.268583,0.563751],[0.310448,-0.616303,0.723735]],[[0.421917,0.892524,0.159333],[-0.868539,0.34749,0.353397],[0.260049,-0.287492,0.921804]],[[0.421917,0.892524,0.159333],[-0.88591,0.368495,0.281734],[0.192741,-0.260023,0.946171]],[[0.421917,0.892524,0.159333],[-0.873913,0.353572,0.333561],[0.241375,-0.279979,0.929166]]],0],[2111,[-0.0743969,-0.32725,-0.942005],211,58.5418,[50.7656,117.661,-10.645],[34.7498,120.692,-2.17923],[-1305.75,259.984,556.759],false,[41.6154,87.7302,130.282],[37.5708,123.932,66.7457],[38.233,139.487,26.9123],[36.4429,131.613,4.24652],[34.3252,117.814,-5.46879],[[[0.990164,-0.0847521,-0.111323],[0.128553,0.865149,0.48476],[0.0552269,-0.494302,0.867534]],[[0.991149,-0.12841,-0.0336689],[0.131844,0.922613,0.362494],[-0.0154845,-0.363725,0.931378]],[[0.991149,-0.12841,-0.0336689],[0.109945,0.936172,-0.333907],[0.0743969,0.32725,0.942004]],[[0.991149,-0.12841,-0.0336689],[0.0460328,0.570343,-0.820115],[0.124514,0.811307,0.571207]]],1],[2112,[-0.0807699,-0.13013,-0.988202],211,66.7037,[71.4151,126.154,-19.8722],[59.0569,129.493,-14.8625],[-1163.04,299.518,372.351],false,[53.8074,88.4584,129.244],[59.4077,121.576,68.453],[64.2245,140.844,24.7739],[61.9381,137.16,-3.20001],[58.0277,127.217,-18.5556],[[[0.952001,-0.296992,-0.0740906],[0.295282,0.827303,0.477889],[-0.0806338,-0.476829,0.87529]],[[0.947548,-0.317624,-0.0356212],[0.303441,0.858986,0.412391],[-0.100387,-0.401569,0.91031]],[[0.947548,-0.317624,-0.0356212],[0.309241,0.939245,-0.148959],[0.0807699,0.13013,0.988202]],[[0.947548,-0.317624,-0.0356212],[0.241785,0.785232,-0.570044],[0.20903,0.531531,0.820842]]],2],[2113,[-0.0337738,-0.148856,-0.988282],211,64.1374,[95.3953,117.743,-2.6559],[89.4876,122.88,0.587033],[-814.097,413.941,182.34],false,[65.7234,85.9751,128.056],[79.9312,113.688,74.0327],[91.8424,135.54,37.1695],[90.911,131.435,9.91581],[85.6988,119.532,-3.39189],[[[0.904773,-0.425439,0.01971],[0.359823,0.788348,0.499033],[-0.227847,-0.44442,0.866359]],[[0.900771,-0.432927,0.0344249],[0.341897,0.755778,0.558485],[-0.267801,-0.491297,0.8288]],[[0.900771,-0.432927,0.0344249],[0.432979,0.889053,-0.148707],[0.0337738,0.148856,0.988282]],[[0.900771,-0.432927,0.0344249],[0.331783,0.63484,-0.697781],[0.280234,0.639963,0.715484]]],3],[2114,[0.130064,-0.00739737,-0.991478],211,50.2825,[120.618,107.27,19.7503],[113.511,111.689,21.1596],[-704.828,402.405,38.9934],false,[76.0288,76.5567,125.643],[97.1736,101.9,78.287],[113.588,117.288,51.2172],[116.12,117.144,31.9126],[112.455,110.165,16.6721],[[[0.800347,-0.598387,0.0371215],[0.474615,0.670199,0.570591],[-0.366313,-0.439052,0.820395]],[[0.767044,-0.632886,0.105345],[0.440664,0.639015,0.630457],[-0.466324,-0.437167,0.769043]],[[0.767044,-0.632886,0.105345],[0.628272,0.774209,0.0766419],[-0.130064,0.00739737,0.991478]],[[0.767044,-0.632886,0.105345],[0.60498,0.658783,-0.447218],[0.213639,0.406767,0.8882]]],4]],[[0,200,0],[235.247,235.247,147.751]]],[189069,7546879283,[[211,"right",[0.0917491,0.597245,-0.796794],[-0.169018,-0.779218,-0.603533],[52.675,107.231,89.8408],[-563.139,341.064,445.72],[61.3455,101.588,82.5153],0.262245,0.316759,0.239161,[[0.87065,-0.452812,0.19217],[0.140368,0.603126,0.785198],[-0.47145,-0.656659,0.588672]],63.4321,[-70.8,-99.4629,293.269],[55.9165,77.034,135.045]]],[[2110,[-0.239875,0.26408,-0.934196],211,51.8809,[10.9249,97.6285,28.7561],[-2.10725,101.244,39.2153],[-1078.26,174.03,734.97],false,[25.9372,72.0153,132.107],[25.9372,72.0153,132.107],[10.0899,86.7753,87.3819],[1.94815,95.7386,55.6738],[-4.57651,102.285,34.2879],[[[0.563963,0.737022,0.372484],[-0.74999,0.268341,0.604572],[0.34563,-0.620316,0.704094]],[[0.432201,0.890715,0.140812],[-0.843503,0.344091,0.412436],[0.318911,-0.297031,0.900038]],[[0.432201,0.890715,0.140812],[-0.869288,0.369983,0.327796],[0.239875,-0.26408,0.934196]],[[0.432201,0.890715,0.140812],[-0.857188,0.357298,0.3709],[0.280054,-0.281006,0.917935]]],0],[2111,[-0.122327,-0.294128,-0.947905],211,58.5418,[37.5594,122.483,-4.62504],[24.4445,126.656,2.44884],[-1260.26,379.371,542.424],false,[38.0835,92.0188,135.13],[30.8645,128.507,72.0417],[29.4537,144.352,32.3418],[26.5104,137.275,9.534],[23.8586,124.272,-1.1045],[[[0.982807,-0.0870694,-0.162818],[0.156123,0.862668,0.481071],[0.098571,-0.498219,0.86143]],[[0.987659,-0.130195,-0.0870588],[0.153107,0.919672,0.36161],[0.0329858,-0.370477,0.928256]],[[0.987659,-0.130195,-0.0870588],[0.0978058,0.946857,-0.306425],[0.122327,0.294128,0.947905]],[[0.987659,-0.130195,-0.0870588],[0.0148784,0.631339,-0.775364],[0.155912,0.7645,0.625485]]],1],[2112,[-0.12583,-0.128271,-0.983724],211,66.7037,[59.0386,130.777,-14.6672],[48.6318,134.534,-10.3987],[-1150.6,372.241,411.672],false,[50.2076,92.7171,133.466],[52.7532,126.082,72.6057],[55.9844,145.995,29.0698],[52.4224,142.364,1.22264],[47.708,132.288,-13.8174],[[[0.945977,-0.29936,-0.124548],[0.322157,0.824381,0.465415],[-0.0366517,-0.480395,0.876286]],[[0.942742,-0.324197,-0.0783149],[0.326653,0.850099,0.413072],[-0.0673415,-0.415003,0.907325]],[[0.942742,-0.324197,-0.0783149],[0.308875,0.937253,-0.161721],[0.12583,0.128271,0.983724]],[[0.942742,-0.324197,-0.0783149],[0.218464,0.777678,-0.589484],[0.252013,0.538622,0.803975]]],2],[2113,[-0.0520836,-0.116689,-0.991802],211,64.1374,[86.0184,123.911,0.123139],[80.5703,128.569,2.76747],[-826.576,488.159,208.223],false,[62.0384,90.2052,131.652],[73.514,118.112,77.0816],[84.751,140.261,40.1844],[83.3147,137.043,12.8336],[77.8519,125.892,-1.01384],[[[0.903277,-0.428079,-0.0289655],[0.387587,0.785153,0.483024],[-0.18403,-0.447531,0.875128]],[[0.895366,-0.445298,0.00537138],[0.366729,0.744122,0.558383],[-0.252644,-0.497988,0.829566]],[[0.895366,-0.445298,0.00537138],[0.442274,0.887746,-0.127672],[0.0520836,0.116689,0.991802]],[[0.895366,-0.445298,0.00537138],[0.334747,0.665027,-0.667596],[0.293707,0.599541,0.744504]]],3],[2114,[0.0994374,0.0102655,-0.994991],211,50.2825,[111.463,113.013,20.7341],[105.116,116.693,22.1929],[-756.626,448.681,65.666],false,[72.1763,80.7683,128.669],[90.9175,106.257,80.3877],[106.261,121.624,52.6848],[108.197,121.824,33.3119],[104.316,115.476,17.8498],[[[0.799366,-0.600805,-0.00689296],[0.50557,0.666369,0.548044],[-0.324674,-0.441572,0.836421]],[[0.766158,-0.638831,0.0699774],[0.472227,0.63349,0.612938],[-0.435893,-0.436562,0.787027]],[[0.766158,-0.638831,0.0699774],[0.634912,0.769279,0.0713887],[-0.0994374,-0.0102655,0.994991]],[[0.766158,-0.638831,0.0699774],[0.601545,0.674568,-0.427905],[0.226154,0.369937,0.901111]]],4]],[[0,200,0],[235.247,235.247,147.751]]],[189070,7546887550,[[211,"right",[0.0646112,0.603356,-0.79485],[-0.192934,-0.773933,-0.603161],[47.2398,111.255,92.5537],[-587.226,378.269,415.701],[56.05,105.217,86.2839],0.238827,0.317175,0.280666,[[0.861667,-0.478787,0.168202],[0.168333,0.58235,0.795319],[-0.478741,-0.656986,0.582388]],63.4616,[-76.708,-95.9918,294],[52.028,80.6752,137.393]]],[[2110,[-0.272122,0.273898,-0.922458],211,51.9051,[2.47052,100.784,34.7796],[-9.71558,106.024,44.0828],[-1039.33,281.889,701.039],false,[21.934,75.7549,135.499],[21.934,75.7549,135.499],[3.97469,91.2447,91.8055],[-5.26587,100.546,60.4813],[-12.3615,107.253,39.3162],[[[0.579153,0.73257,0.357662],[-0.726892,0.265427,0.633385],[0.369066,-0.626809,0.686223]],[[0.440578,0.887716,0.133613],[-0.821823,0.338947,0.457953],[0.361244,-0.31157,0.878878]],[[0.440578,0.887716,0.133613],[-0.855477,0.370056,0.362241],[0.272122,-0.273898,0.922458]],[[0.440578,0.887716,0.133613],[-0.844523,0.359384,0.397019],[0.304422,-0.287757,0.908033]]],0],[2111,[-0.15691,-0.269906,-0.950016],211,58.5691,[27.0147,127.594,-0.0274521],[15.8812,132.203,5.89369],[-1204.18,459.659,511.756],false,[34.2444,95.7117,138.241],[24.8509,132.739,75.7153],[22.0172,149.108,36.2838],[18.24,142.611,13.4146],[15.1561,130.126,2.27064],[[[0.976031,-0.08829,-0.198917],[0.175862,0.858393,0.481907],[0.128202,-0.505339,0.853345]],[[0.983422,-0.131219,-0.125147],[0.168803,0.914562,0.367535],[0.066227,-0.382568,0.921551]],[[0.983422,-0.131219,-0.125147],[0.0908826,0.953904,-0.286021],[0.15691,0.269906,0.950016]],[[0.983422,-0.131219,-0.125147],[-0.00588008,0.666724,-0.745281],[0.181234,0.733662,0.6549]]],1],[2112,[-0.157207,-0.120177,-0.980226],211,66.7347,[49.0572,135.462,-10.6815],[39.9896,139.463,-7.24323],[-1118.95,430.546,404.517],false,[46.308,96.3924,136.144],[46.7489,130.252,75.4684],[48.8014,150.667,32.0695],[44.3491,147.264,4.30842],[39.0968,137.272,-10.6201],[[[0.940001,-0.300784,-0.161018],[0.341112,0.819805,0.459958],[-0.00634464,-0.487286,0.873219]],[[0.938055,-0.328504,-0.110169],[0.343837,0.84334,0.412982],[-0.0427563,-0.42528,0.904051]],[[0.938055,-0.328504,-0.110169],[0.308768,0.936826,-0.164376],[0.157207,0.120177,0.980226]],[[0.938055,-0.328504,-0.110169],[0.203213,0.77915,-0.592984],[0.280636,0.533864,0.797642]]],2],[2113,[-0.0704761,-0.0957164,-0.992911],211,64.1672,[77.8697,129.422,2.12086],[72.6211,133.503,4.20439],[-842.466,520.913,199.761],false,[58.0638,93.8635,133.883],[67.6447,122.189,79.1297],[78.0802,144.328,41.9668],[76.1358,141.687,14.5727],[70.4538,131.123,0.346482],[[[0.900415,-0.430153,-0.064974],[0.407023,0.780269,0.474881],[-0.153574,-0.454036,0.877648]],[[0.891289,-0.453012,-0.0195929],[0.388081,0.739766,0.549671],[-0.234513,-0.49752,0.835151]],[[0.891289,-0.453012,-0.0195929],[0.447925,0.886351,-0.117238],[0.0704761,0.0957164,0.992911]],[[0.891289,-0.453012,-0.0195929],[0.335211,0.687385,-0.64431],[0.305348,0.567699,0.764513]]],3],[2114,[0.0674782,0.0187115,-0.997545],211,50.3059,[103.216,118.034,21.6971],[97.446,121.198,23.0516],[-798.224,473.52,78.1194],false,[68.0649,84.4204,130.459],[85.1305,110.258,81.7121],[99.6532,125.822,53.6582],[100.968,126.186,34.2265],[96.6033,120.035,18.8052],[[[0.796876,-0.602782,-0.0405239],[0.526938,0.660667,0.534654],[-0.295507,-0.447407,0.844099]],[[0.765258,-0.642497,0.0397137],[0.494281,0.626005,0.603162],[-0.412391,-0.441945,0.79663]],[[0.765258,-0.642497,0.0397137],[0.640177,0.76606,0.0576737],[-0.0674782,-0.0187115,0.997545]],[[0.765258,-0.642497,0.0397137],[0.591395,0.677346,-0.437556],[0.254229,0.35833,0.898314]]],4]],[[0,200,0],[235.247,235.247,147.751]]],[189071,7546896710,[[211,"right",[0.0411168,0.612383,-0.789492],[-0.214921,-0.766243,-0.605542],[41.2885,115.578,95.1416],[-604.639,404.387,378.581],[49.8799,109.548,89.9863],0.217056,0.318621,0.325407,[[0.852683,-0.501889,0.145047],[0.194655,0.562864,0.803302],[-0.48481,-0.656728,0.57764]],63.4616,[-82.9582,-92.1347,294.777],[47.4097,84.4629,139.447]]],[[2110,[-0.302092,0.292308,-0.907357],211,51.9051,[-6.47702,105.355,40.8501],[-17.7534,111.687,48.9156],[-995.262,384.128,658.619],false,[17.2535,79.6585,138.466],[17.2535,79.6585,138.466],[-2.85122,96.362,96.1768],[-13.1095,106.288,65.3654],[-20.5016,113.255,44.3864],[[[0.5929,0.726547,0.347274],[-0.705221,0.260277,0.659484],[0.388759,-0.635913,0.666694]],[[0.451048,0.882369,0.134087],[-0.795624,0.329453,0.508373],[0.404397,-0.335984,0.850634]],[[0.451048,0.882369,0.134087],[-0.839819,0.368755,0.398402],[0.302092,-0.292308,0.907357]],[[0.451048,0.882369,0.134087],[-0.834252,0.363441,0.414649],[0.317141,-0.298889,0.900048]]],0],[2111,[-0.188393,-0.243648,-0.951391],211,58.5691,[16.2875,133.915,4.54818],[7.16769,138.363,9.39884],[-1134.34,523.642,479.28],false,[29.715,99.5436,141.041],[18.4446,137.326,79.2821],[14.3643,154.401,40.2612],[9.82925,148.536,17.3589],[6.32425,136.556,5.7942],[[[0.968817,-0.0889938,-0.231244],[0.194253,0.852163,0.485885],[0.153817,-0.515654,0.842877]],[[0.978285,-0.131793,-0.159967],[0.184025,0.907406,0.377822],[0.0953604,-0.399055,0.911955]],[[0.978285,-0.131793,-0.159967],[0.0864112,0.960868,-0.263186],[0.188393,0.243648,0.951391]],[[0.978285,-0.131793,-0.159967],[-0.0230538,0.697818,-0.715904],[0.205979,0.704046,0.679627]]],1],[2112,[-0.183757,-0.106941,-0.977137],211,66.7347,[38.8787,141.216,-6.73415],[31.3153,145.091,-4.06889],[-1066.3,482.661,389.237],false,[41.7072,100.211,138.565],[40.3145,134.774,78.3017],[41.3894,155.795,35.1569],[36.1852,152.766,7.4833],[30.4715,142.975,-7.40844],[[[0.933285,-0.301803,-0.194663],[0.358576,0.813321,0.458183],[0.0200431,-0.497417,0.86728]],[[0.932664,-0.332909,-0.138959],[0.360051,0.835126,0.415845],[-0.0223906,-0.437876,0.898756]],[[0.932664,-0.332909,-0.138959],[0.310438,0.936875,-0.160914],[0.183757,0.106941,0.977137]],[[0.932664,-0.332909,-0.138959],[0.192191,0.784522,-0.589566],[0.305288,0.52316,0.795677]]],2],[2113,[-0.0906402,-0.0739625,-0.993133],211,64.1672,[68.8283,135.615,4.10681],[64.2752,138.975,5.82215],[-851.614,544.484,192.929],false,[53.3754,97.6725,135.897],[61.2891,126.605,81.1949],[70.8051,148.817,43.8293],[68.3043,146.776,16.4291],[62.3805,136.806,1.87677],[[[0.896358,-0.432159,-0.0988963],[0.424795,0.77341,0.470518],[-0.126851,-0.463763,0.876831]],[[0.887275,-0.45886,-0.0468057],[0.408671,0.73504,0.541021],[-0.213849,-0.499163,0.839705]],[[0.887275,-0.45886,-0.0468057],[0.452248,0.885425,-0.107216],[0.0906402,0.0739625,0.993133]],[[0.887275,-0.45886,-0.0468057],[0.333767,0.708781,-0.621473],[0.318344,0.535795,0.782036]]],3],[2114,[0.0370695,0.0291845,-0.998886],211,50.3059,[94.0826,123.625,22.8962],[89.3755,126.173,24.1267],[-821.05,492.243,91.0262],false,[63.2283,88.2389,132.044],[78.8073,114.59,83.0749],[92.5533,130.413,54.7755],[93.2754,130.981,35.3177],[88.4309,125.035,19.9595],[[[0.793059,-0.604739,-0.0731225],[0.546153,0.652747,0.525013],[-0.269765,-0.456302,0.847947]],[[0.763164,-0.646135,0.00944354],[0.514992,0.616965,0.595094],[-0.390338,-0.449291,0.8036]],[[0.763164,-0.646135,0.00944354],[0.64514,0.762665,0.0462245],[-0.0370695,-0.0291845,0.998886]],[[0.763164,-0.646135,0.00944354],[0.581328,0.680091,-0.446692],[0.282201,0.34639,0.894638]]],4]],[[0,200,0],[235.247,235.247,147.751]]],[189072,7546904914,[[211,"right",[0.0205121,0.623179,-0.78181],[-0.226865,-0.758675,-0.610691],[36.1418,119.235,96.876],[-610.398,414.87,336.17],[44.3885,113.42,92.7402],0.192116,0.318365,0.364156,[[0.845989,-0.516935,0.130695],[0.211717,0.55063,0.807454],[-0.489366,-0.655427,0.575271]],63.4911,[-88.2439,-88.8024,295.38],[43.4103,87.5271,140.615]]],[[2110,[-0.329114,0.315958,-0.889862],211,51.9292,[-14.0649,109.954,45.7263],[-24.7946,116.853,52.8393],[-964.563,457.319,620.417],false,[13.2402,82.632,140.283],[13.2402,82.632,140.283],[-8.86817,100.757,99.5814],[-20.0492,111.491,69.35],[-27.7435,118.867,48.6091],[[[0.598735,0.72377,0.343034],[-0.690184,0.248909,0.679478],[0.406402,-0.643584,0.648565]],[[0.457069,0.877914,0.142669],[-0.770398,0.310611,0.556783],[0.444493,-0.3644,0.818314]],[[0.457069,0.877914,0.142669],[-0.8263,0.359774,0.433349],[0.329114,-0.315958,0.889862]],[[0.457069,0.877914,0.142669],[-0.825967,0.359454,0.434248],[0.32995,-0.316321,0.889423]]],0],[2111,[-0.210249,-0.217918,-0.953051],211,58.5963,[7.76255,139.552,7.93598],[-0.132121,143.735,11.9845],[-1073.26,561.087,439.524],false,[25.704,102.532,142.834],[12.851,141.129,81.8529],[7.76456,158.937,43.2583],[2.70101,153.688,20.3055],[-1.06713,142.168,8.35092],[[[0.963331,-0.0825634,-0.255297],[0.203103,0.846142,0.492741],[0.175335,-0.526524,0.831883]],[[0.974456,-0.125417,-0.186294],[0.19057,0.900676,0.390468],[0.11882,-0.415996,0.90157]],[[0.974456,-0.125417,-0.186294],[0.0789317,0.967875,-0.238721],[0.210249,0.217918,0.953051]],[[0.974456,-0.125417,-0.186294],[-0.0379956,0.725504,-0.687168],[0.22134,0.676694,0.702207]]],1],[2112,[-0.20185,-0.0930481,-0.974986],211,66.7658,[30.8248,146.384,-3.84544],[24.0806,150.164,-1.69309],[-1015.94,518.193,363.059],false,[37.6376,103.274,140.083],[34.7094,138.663,80.3197],[35,160.364,37.4755],[29.2808,157.727,9.85],[23.2881,148.127,-5.06766],[[[0.929329,-0.295968,-0.220794],[0.366842,0.808237,0.46063],[0.0421219,-0.509074,0.859692]],[[0.930022,-0.330353,-0.161014],[0.367453,0.828681,0.422215],[-0.00605091,-0.451834,0.892081]],[[0.930022,-0.330353,-0.161014],[0.307108,0.93926,-0.153219],[0.20185,0.0930481,0.974986]],[[0.930022,-0.330353,-0.161014],[0.180639,0.792472,-0.582544],[0.320044,0.512693,0.796691]]],2],[2113,[-0.106003,-0.0544204,-0.992876],211,64.1971,[61.3359,140.995,5.53238],[57.1945,144.042,7.03043],[-848.373,564.315,179.855],false,[49.2523,100.81,137.104],[55.7814,130.523,82.6051],[64.4617,153.034,45.1908],[61.5357,151.532,17.785],[55.4649,142.019,2.97823],[[[0.895082,-0.427737,-0.125969],[0.433457,0.768386,0.470849],[-0.104607,-0.47605,0.873174]],[[0.886506,-0.457457,-0.0695732],[0.419632,0.731463,0.537468],[-0.194978,-0.505664,0.840409]],[[0.886506,-0.457457,-0.0695732],[0.450412,0.887565,-0.0967359],[0.106003,0.0544204,0.992875]],[[0.886506,-0.457457,-0.0695732],[0.328284,0.727762,-0.602157],[0.326094,0.510976,0.795341]]],3],[2114,[0.0151979,0.0418068,-0.99901],211,50.3293,[86.6806,128.564,23.7611],[82.6079,130.936,24.8333],[-820.85,513.946,90.2244],false,[59.0446,91.4586,132.889],[73.3842,118.538,83.9065],[86.4837,134.747,55.4993],[86.7798,135.562,36.03],[81.6316,129.823,20.6829],[[[0.792953,-0.601001,-0.100116],[0.556442,0.647406,0.520805],[-0.248188,-0.468683,0.847785]],[[0.764355,-0.644613,-0.0153478],[0.526804,0.610583,0.591326],[-0.371805,-0.460068,0.806287]],[[0.764355,-0.644613,-0.0153478],[0.644616,0.763365,0.041752],[-0.0151979,-0.0418068,0.99901]],[[0.764355,-0.644613,-0.0153478],[0.570885,0.687614,-0.44864],[0.299752,0.334158,0.893581]]],4]],[[0,200,0],[235.247,235.247,147.751]]],[189073,7546914761,[[211,"right",[0.000442566,0.635433,-0.772156],[-0.234915,-0.750482,-0.617731],[30.1818,123.131,98.5704],[-608.877,409.206,287.571],[37.5018,118.128,95.5664],0.158466,0.317697,0.408978,[[0.845194,-0.522404,0.112878],[0.225153,0.53957,0.811277],[-0.48472,-0.660271,0.573662]],63.4911,[-91.8524,-86.841,295.977],[38.552,90.7919,141.645]]],[[2110,[-0.356881,0.34535,-0.867968],211,51.9292,[-23.115,116.016,51.2463],[-32.7403,122.599,57.0321],[-919.731,506.085,571.851],false,[8.41172,85.7095,141.861],[8.41172,85.7095,141.861],[-15.6494,105.447,103.062],[-27.7737,117.18,73.5739],[-35.8355,125.122,53.1844],[[[0.601337,0.722144,0.34191],[-0.677388,0.233841,0.69747],[0.423721,-0.65102,0.629789]],[[0.462738,0.872502,0.15689],[-0.74287,0.285071,0.605705],[0.483753,-0.396832,0.780069]],[[0.462738,0.872502,0.15689],[-0.811486,0.345651,0.471186],[0.356881,-0.34535,0.867968]],[[0.462738,0.872502,0.15689],[-0.816308,0.350359,0.459227],[0.345709,-0.340573,0.874354]]],0],[2111,[-0.229365,-0.18521,-0.955557],211,58.5963,[-1.88428,146.419,11.4521],[-8.1082,149.664,14.5214],[-995.934,578.217,389.143],false,[20.8048,105.646,144.466],[6.45061,145.108,84.3798],[0.398686,163.785,46.3393],[-5.12526,159.324,23.3261],[-9.1158,148.4,10.894],[[[0.958291,-0.072395,-0.276473],[0.208171,0.839626,0.501691],[0.195814,-0.538319,0.819676]],[[0.970776,-0.114744,-0.210778],[0.193926,0.892459,0.407321],[0.141373,-0.436293,0.888629]],[[0.970776,-0.114744,-0.210778],[0.0706059,0.975977,-0.206116],[0.229365,0.18521,0.955557]],[[0.970776,-0.114744,-0.210778],[-0.0514648,0.758322,-0.649846],[0.234404,0.641703,0.730255]]],1],[2112,[-0.212817,-0.0715596,-0.974468],211,66.7658,[21.9407,152.811,-0.854805],[16.4984,155.889,0.672126],[-937.868,541.057,326.456],false,[32.6738,106.508,141.481],[28.287,142.807,82.3555],[28.0209,165.342,39.9442],[21.9909,163.314,12.3333],[15.8444,154.073,-2.74699],[[[0.926313,-0.286526,-0.244637],[0.371433,0.803276,0.465601],[0.0631046,-0.522159,0.85051]],[[0.928426,-0.325636,-0.178849],[0.371477,0.820853,0.433827],[0.00553867,-0.469214,0.883067]],[[0.928426,-0.325636,-0.178849],[0.304524,0.942783,-0.135739],[0.212817,0.0715596,0.974468]],[[0.928426,-0.325636,-0.178849],[0.173986,0.806443,-0.565136],[0.32826,0.493569,0.805379]]],2],[2113,[-0.119454,-0.0346156,-0.992236],211,64.1971,[52.6159,147.308,7.1393],[49.4472,149.561,8.39976],[-825.605,563.442,167.889],false,[44.2388,104.165,138.223],[49.451,134.767,84.0752],[57.3164,157.678,46.7235],[54.0191,156.723,19.3353],[47.8439,147.648,4.2985],[[[0.894849,-0.419977,-0.15121],[0.438487,0.763698,0.473808],[-0.08351,-0.49029,0.867549]],[[0.886953,-0.452809,-0.0909824],[0.426732,0.728083,0.536465],[-0.176673,-0.514644,0.839004]],[[0.886953,-0.452809,-0.0909824],[0.446144,0.890935,-0.0847924],[0.119454,0.0346156,0.992236]],[[0.886953,-0.452809,-0.0909824],[0.321384,0.746568,-0.582536],[0.331702,0.487442,0.807697]]],3],[2114,[-0.00394364,0.0537155,-0.998549],211,50.3293,[78.183,134.36,24.7613],[75.1926,136.133,25.6626],[-800.353,515.308,89.8046],false,[53.9978,94.9437,133.659],[67.1496,122.876,84.8227],[79.637,139.466,56.3595],[79.5601,140.512,36.8993],[74.1759,134.975,21.5589],[[[0.794335,-0.594273,-0.125978],[0.563219,0.642743,0.519294],[-0.227631,-0.483447,0.845259]],[[0.766403,-0.641263,-0.0375227],[0.535728,0.605858,0.588159],[-0.354432,-0.470869,0.807874]],[[0.766403,-0.641263,-0.0375227],[0.642348,0.765439,0.0386389],[0.00394364,-0.0537156,0.998548]],[[0.766403,-0.641263,-0