{"metadata":{"formatVersion":2,"generatedBy":"LeapJS Playback 0.2.1","frames":427,"protocolVersion":6,"serviceVersion":"2.2.4+26750","frameRate":"1.1e+2","modified":"Sun Apr 12 2015 15:18:22 GMT-0300 (E. South America Standard Time)"},"frames":[["id","timestamp",{"hands":[["id","type","direction","palmNormal","palmPosition","palmVelocity","stabilizedPalmPosition","pinchStrength","grabStrength","confidence","armBasis","armWidth","elbow","wrist"]]},{"pointables":[["id","direction","handId","length","stabilizedTipPosition","tipPosition","tipVelocity","tool","carpPosition","mcpPosition","pipPosition","dipPosition","btipPosition","bases","type"]]},{"interactionBox":["center","size"]}],[42459,5776162916,[[43,"right",[-0.242958,0.969357,-0.0363207],[-0.209627,-0.0890249,-0.97372],[30.8826,131.15,8.00205],[-7.47993,-20.2985,-5.64313],[30.0163,131.99,5.63378],0,0,0.553812,[[0.677547,0.363133,-0.639581],[-0.130787,0.91524,0.381092],[0.723757,-0.174559,0.667611]],55.6199,[220,46.1781,169.231],[49.4269,87.3176,11.8898]]],[[430,[-0.951769,0.298339,-0.0716185],43,45.4913,[-66.412,110.699,13.6427],[-56.5623,106.044,-0.262387],[-18.1029,-21.2187,16.5835],false,[24.6083,77.8855,8.4137],[24.6083,77.8855,8.4137],[-13.5082,96.7414,-1.07902],[-41.8341,105.62,-3.21049],[-61.625,105.026,1.819],[[[0.521204,0.360912,0.773362],[-0.573667,-0.522757,0.63058],[0.631864,-0.772313,-0.0654202]],[[0.160537,0.683166,0.712399],[-0.457129,-0.588226,0.667101],[0.874792,-0.432753,0.217863]],[[0.160537,0.683166,0.712399],[-0.261464,-0.666542,0.69811],[0.951769,-0.298339,0.0716185]],[[0.160537,0.683166,0.712399],[0.188911,-0.729684,0.657171],[0.968783,0.0290799,-0.246199]]],0],[431,[-0.194911,0.979305,-0.054513],43,51.3319,[-12.1706,213.519,8.19162],[-6.32593,214.72,18.2448],[3.14944,-14.3372,-13.9271],false,[32.5847,90.0708,23.1108],[5.27823,147.468,13.9586],[0.30157,183.505,23.065],[-3.81063,204.166,21.9149],[-7.33232,217.834,17.0985],[[[0.892877,0.388466,-0.227739],[0.14819,0.224091,0.963236],[0.425218,-0.8938,0.142519]],[[0.964756,0.181404,-0.190626],[0.227232,-0.208974,0.951155],[0.132707,-0.960949,-0.24283]],[[0.964756,0.181404,-0.190626],[0.176792,0.0897469,0.980148],[0.194911,-0.979305,0.054513]],[[0.964756,0.181404,-0.190626],[0.116121,0.356581,0.92702],[0.236139,-0.916484,0.322949]]],1],[432,[-0.216842,-0.521762,-0.825072],43,58.4886,[5.25887,154.436,-31.5356],[6.38301,159.372,-28.5399],[-8.9996,66.6798,25.5698],false,[42.0796,94.9937,22.0474],[23.8575,152.132,11.4687],[8.91691,186.439,-7.76492],[3.53454,173.488,-28.2445],[7.06868,157.473,-27.9241],[[[0.903684,0.220207,-0.36724],[0.306307,0.266862,0.913762],[0.299219,-0.93824,0.173708]],[[0.91168,0.193942,-0.36225],[0.206726,0.545411,0.812275],[0.35511,-0.815422,0.457148]],[[0.91168,0.193942,-0.36225],[-0.349025,0.830753,-0.433625],[0.216842,0.521762,0.825072]],[[0.91168,0.193942,-0.36225],[-0.349883,-0.0958577,-0.931876],[-0.215455,0.976318,-0.0195345]]],2],[433,[-0.312356,-0.505062,-0.804579],43,56.2383,[23.8508,152.157,-33.652],[25.6753,157.64,-29.5786],[-4.45132,63.3073,23.1076],false,[51.7491,98.2251,18.7224],[43.2933,151.041,7.38419],[31.7236,183.999,-9.96309],[24.1706,171.786,-29.4182],[26.1789,155.609,-28.9278],[[[0.912187,0.0589888,-0.405506],[0.379471,0.251868,0.890261],[0.154649,-0.965962,0.207366]],[[0.904833,0.0997784,-0.413911],[0.305402,0.525263,0.794247],[0.296661,-0.84507,0.444803]],[[0.904833,0.0997784,-0.413911],[-0.28933,0.857296,-0.42583],[0.312356,0.505061,0.804579]],[[0.904833,0.0997784,-0.413911],[-0.407572,-0.0781782,-0.909821],[-0.123139,0.991934,-0.0300713]]],3],[434,[-0.532158,-0.47482,-0.700966],43,44.0898,[42.5848,150.358,-29.9816],[45.0281,152.542,-27.7777],[23.7004,18.5505,-4.0788],false,[60.702,98.0398,10.1117],[60.2056,147.667,0.179086],[56.884,173.138,-16.932],[47.7988,165.032,-28.8992],[44.9326,150.355,-27.2462],[[[0.848632,-0.0956395,-0.520265],[0.528892,0.17164,0.831152],[0.00980733,-0.980506,0.196242]],[[0.842953,-0.219911,-0.490988],[0.527113,0.52017,0.671993],[0.107619,-0.825265,0.554397]],[[0.842953,-0.219911,-0.490988],[-0.0789808,0.852165,-0.517279],[0.532158,0.47482,0.700966]],[[0.842953,-0.219911,-0.490988],[-0.503131,0.000915825,-0.86421],[0.190499,0.975519,-0.109872]]],4]],[[0,200,0],[235.247,235.247,147.751]]],[42460,5776171261,[[43,"right",[-0.240045,0.969986,-0.0388049],[-0.211319,-0.0912272,-0.97315],[30.7265,130.314,7.89793],[-10.3718,-40.8476,-7.40231],[30.0204,131.981,5.64681],0,0,0.558367,[[0.678429,0.357075,-0.642053],[-0.128727,0.918195,0.37463],[0.723301,-0.17151,0.668895]],55.6199,[219.608,46.016,169.531],[49.1423,86.4371,11.887]]],[[430,[-0.950939,0.301077,-0.0711955],43,45.4913,[-66.3675,110.669,13.5796],[-56.8276,105.432,-0.144234],[-21.5818,-34.0621,15.5644],false,[24.2899,77.0709,8.47456],[24.2899,77.0709,8.47456],[-13.7976,95.9956,-0.997455],[-42.0989,104.956,-3.11633],[-61.8885,104.454,1.9277],[[[0.523433,0.361572,0.771546],[-0.574342,-0.519153,0.632939],[0.629403,-0.774432,-0.0640762]],[[0.163636,0.684768,0.710152],[-0.457302,-0.585191,0.669647],[0.874127,-0.434332,0.217387]],[[0.163636,0.684768,0.710152],[-0.262563,-0.663661,0.700439],[0.950939,-0.301077,0.0711955]],[[0.163636,0.684768,0.710152],[0.186526,-0.728347,0.659332],[0.968727,0.0245713,-0.246911]]],0],[431,[-0.192019,0.979728,-0.0571069],43,51.3319,[-12.1541,213.52,8.21949],[-6.21352,214.027,17.9493],[5.81776,-31.9976,-19.4467],false,[32.3249,89.2746,23.1244],[5.18081,146.729,13.8438],[0.326807,182.807,22.8515],[-3.72437,203.477,21.6467],[-7.21162,217.141,16.7953],[[[0.893727,0.385062,-0.23017],[0.15028,0.226449,0.96236],[0.42269,-0.894677,0.144517]],[[0.965022,0.177912,-0.19256],[0.227987,-0.206872,0.951434],[0.129437,-0.962056,-0.240198]],[[0.965022,0.177912,-0.19256],[0.178496,0.0920844,0.979622],[0.192019,-0.979728,0.0571069]],[[0.965022,0.177912,-0.19256],[0.118558,0.358943,0.925799],[0.233829,-0.916246,0.325295]]],1],[432,[-0.224186,-0.513428,-0.828331],43,58.4886,[5.31013,154.806,-31.3273],[6.25635,159.055,-28.483],[-10.1475,39.398,20.7318],false,[41.8333,94.1653,22.0327],[23.7706,151.328,11.3134],[9.06987,185.923,-7.58621],[3.50523,173.179,-28.1467],[6.93157,157.14,-27.8798],[[[0.903816,0.216364,-0.369193],[0.308455,0.268591,0.912532],[0.296601,-0.93864,0.176018]],[[0.912111,0.188795,-0.363882],[0.214401,0.536871,0.815967],[0.349409,-0.822269,0.449208]],[[0.912111,0.188795,-0.363882],[-0.343213,0.837107,-0.425978],[0.224186,0.513428,0.828331]],[[0.912111,0.188795,-0.363882],[-0.352735,-0.090846,-0.931303],[-0.208883,0.977805,-0.0162669]]],2],[433,[-0.31896,-0.494311,-0.808654],43,56.2383,[23.9453,152.521,-33.4036],[25.5758,157.286,-29.5316],[-6.20786,36.3138,18.5603],false,[51.5078,97.3573,18.6843],[43.197,150.166,7.20386],[31.8609,183.403,-9.76085],[24.1483,171.45,-29.3145],[26.0634,155.259,-28.8998],[[[0.91177,0.0550099,-0.406999],[0.381538,0.253305,0.888969],[0.151997,-0.965821,0.209967]],[[0.904423,0.0963313,-0.41562],[0.312299,0.514226,0.798774],[0.29067,-0.852228,0.434994]],[[0.904423,0.0963313,-0.41562],[-0.283344,0.863931,-0.41634],[0.31896,0.494311,0.808654]],[[0.904423,0.0963313,-0.41562],[-0.410159,-0.0718052,-0.909183],[-0.117426,0.992756,-0.025431]]],3],[434,[-0.539049,-0.45857,-0.706499],43,44.0898,[42.758,150.515,-29.8615],[45.2149,152.042,-27.8916],[24.5158,0.309724,-6.54998],false,[60.4475,97.1194,10.0612],[60.0884,146.719,-0.0158587],[57.4305,172.382,-16.955],[48.2276,164.553,-29.0166],[45.0957,149.931,-27.3593],[[[0.847576,-0.0997577,-0.521214],[0.530627,0.172447,0.829878],[0.0070951,-0.979954,0.199096]],[[0.840296,-0.235332,-0.488387],[0.535245,0.503233,0.678432],[0.0861157,-0.83149,0.548824]],[[0.840296,-0.235332,-0.488387],[-0.0576979,0.856932,-0.51219],[0.539049,0.45857,0.706499]],[[0.840296,-0.235332,-0.488387],[-0.500572,0.00910127,-0.865647],[0.208159,0.971873,-0.110153]]],4]],[[0,200,0],[235.247,235.247,147.751]]],[42461,5776179957,[[43,"right",[-0.239568,0.969953,-0.0424057],[-0.211543,-0.0947772,-0.972763],[30.6398,129.588,8.07137],[-10.264,-52.2214,-0.109553],[30.0256,131.961,5.6672],0,0,0.546241,[[0.678323,0.354432,-0.643627],[-0.128152,0.919607,0.371349],[0.723502,-0.169412,0.669211]],55.6199,[219.548,45.7904,169.94],[49.0344,85.7171,12.222]]],[[430,[-0.95074,0.30143,-0.0723488],43,45.4913,[-66.2909,110.611,13.4721],[-56.9403,104.707,0.150689],[-19.1921,-46.7322,20.1742],false,[24.1767,76.3505,8.8492],[24.1767,76.3505,8.8492],[-13.912,95.2467,-0.675018],[-42.2073,104.218,-2.82822],[-61.9987,103.753,2.21264],[[[0.523755,0.364206,0.770087],[-0.574485,-0.516484,0.634989],[0.629005,-0.774982,-0.0612799]],[[0.164086,0.687364,0.707536],[-0.457089,-0.582629,0.672022],[0.874154,-0.433676,0.218586]],[[0.164086,0.687364,0.707536],[-0.263003,-0.660811,0.702964],[0.950739,-0.30143,0.0723488]],[[0.164086,0.687364,0.707536],[0.18569,-0.725958,0.662197],[0.968811,0.0227253,-0.246756]]],0],[431,[-0.191565,0.979597,-0.0607643],43,51.3319,[-12.1274,213.519,8.26428],[-6.2588,213.357,17.8142],[2.89378,-44.0339,-18.4043],false,[32.2205,88.6052,23.4516],[5.10342,146.037,13.9602],[0.26818,182.151,22.8327],[-3.77343,202.819,21.5507],[-7.2551,216.467,16.6485],[[[0.893878,0.383748,-0.231777],[0.150569,0.229988,0.961475],[0.42227,-0.894339,0.147801]],[[0.965071,0.176727,-0.193406],[0.228065,-0.203392,0.952165],[0.128936,-0.963016,-0.236593]],[[0.965071,0.176727,-0.193406],[0.178721,0.0956916,0.979235],[0.191565,-0.979597,0.0607643]],[[0.965071,0.176727,-0.193406],[0.1189,0.362372,0.924418],[0.233455,-0.915125,0.328702]]],1],[432,[-0.227325,-0.510209,-0.829464],43,58.4886,[5.34694,155.072,-31.1537],[6.17418,158.581,-28.2675],[-9.64432,13.093,21.5273],false,[41.7312,93.487,22.3399],[23.695,150.618,11.4091],[9.10799,185.335,-7.35513],[3.46543,172.671,-27.9437],[6.85017,156.623,-27.6726],[[[0.903856,0.214523,-0.370167],[0.308756,0.271864,0.91146],[0.296164,-0.93812,0.17949]],[[0.912339,0.186268,-0.364612],[0.217789,0.533308,0.817405],[0.346707,-0.825159,0.44599]],[[0.912339,0.186268,-0.364612],[-0.340531,0.839638,-0.42314],[0.227325,0.510209,0.829464]],[[0.912339,0.186268,-0.364612],[-0.353636,-0.0903139,-0.931013],[-0.206347,0.978339,-0.0165259]]],2],[433,[-0.322657,-0.486753,-0.811766],43,56.2383,[24.0188,152.794,-33.1932],[25.538,156.945,-29.232],[-5.4655,16.0176,23.0691],false,[51.4066,96.6616,18.9777],[43.1201,149.431,7.30046],[31.9509,182.878,-9.35893],[24.1489,171.108,-28.9879],[26.0245,154.912,-28.5968],[[[0.911723,0.0530242,-0.407368],[0.381827,0.256452,0.887942],[0.151553,-0.965101,0.213567]],[[0.904323,0.0946766,-0.416216],[0.316512,0.505495,0.80268],[0.28639,-0.857619,0.427165]],[[0.904323,0.0946766,-0.416216],[-0.27945,0.868394,-0.409634],[0.322657,0.486753,0.811766]],[[0.904323,0.0946766,-0.416216],[-0.411064,-0.0695514,-0.90895],[-0.115005,0.993075,-0.0239788]]],3],[434,[-0.542603,-0.446178,-0.711693],43,44.0898,[42.946,150.652,-29.7333],[45.3977,151.596,-27.7741],[23.9761,-12.5508,-1.83789],false,[60.3446,96.3868,10.354],[60.0084,145.948,0.0906899],[57.8467,171.72,-16.7536],[48.5831,164.103,-28.9039],[45.2435,149.524,-27.2674],[[[0.847431,-0.102139,-0.520988],[0.530865,0.175298,0.829128],[0.00664199,-0.979203,0.202775]],[[0.838994,-0.246637,-0.485036],[0.539615,0.491855,0.683297],[0.0700414,-0.835014,0.545752]],[[0.838994,-0.246637,-0.485036],[-0.0408831,0.860288,-0.508167],[0.542603,0.446178,0.711693]],[[0.838994,-0.246637,-0.485036],[-0.496812,0.0164014,-0.867703],[0.221963,0.968969,-0.108771]]],4]],[[0,200,0],[235.247,235.247,147.751]]],[42462,5776188611,[[43,"right",[-0.238359,0.97027,-0.0419609],[-0.212198,-0.0941941,-0.972676],[30.5468,128.85,8.20194],[-10.3913,-61.0094,3.92641],[30.0314,131.926,5.69532],0,0,0.558784,[[0.678362,0.351835,-0.64501],[-0.128077,0.921074,0.36772],[0.723479,-0.166836,0.669884]],55.6199,[219.396,45.6346,170.205],[48.888,84.9541,12.3283]]],[[430,[-0.950273,0.302963,-0.0720729],43,45.4913,[-66.1797,110.517,13.3155],[-57.0838,104.073,0.331939],[-18.3559,-53.155,19.7528],false,[24.0166,75.6203,8.96616],[24.0166,75.6203,8.96616],[-14.0628,94.5554,-0.517765],[-42.3442,103.572,-2.66275],[-62.1381,103.149,2.37212],[[[0.524641,0.363292,0.769916],[-0.574791,-0.51596,0.635138],[0.627986,-0.775761,-0.0618762]],[[0.165334,0.686935,0.707662],[-0.457048,-0.582468,0.672189],[0.87394,-0.434571,0.217661]],[[0.165334,0.686935,0.707662],[-0.263905,-0.660556,0.702866],[0.950273,-0.302963,0.0720729]],[[0.165334,0.686935,0.707662],[0.183948,-0.726424,0.662171],[0.968931,0.0206935,-0.246463]]],0],[431,[-0.190378,0.979854,-0.0603537],43,51.3319,[-12.0861,213.513,8.33462],[-6.24217,212.662,17.9914],[2.65005,-53.6564,-8.07697],false,[32.084,87.86,23.5681],[5.0346,145.33,14.1101],[0.249242,181.447,22.9965],[-3.76733,202.12,21.7232],[-7.23471,215.773,16.8272],[[[0.894237,0.382687,-0.232145],[0.15139,0.229486,0.961466],[0.421215,-0.894923,0.14728]],[[0.965183,0.175586,-0.193885],[0.228338,-0.203972,0.951975],[0.127606,-0.963102,-0.236963]],[[0.965183,0.175586,-0.193885],[0.179381,0.0951638,0.979166],[0.190378,-0.979854,0.0603537]],[[0.965183,0.175586,-0.193885],[0.119862,0.361935,0.924465],[0.232496,-0.915518,0.328287]]],1],[432,[-0.230747,-0.504302,-0.832127],43,58.4886,[5.37002,155.242,-31.0241],[6.097,158.208,-27.9882],[-9.12696,-3.00326,24.3301],false,[41.6002,92.73,22.4527],[23.6306,149.887,11.5503],[9.16425,184.785,-6.96944],[3.43675,172.268,-27.6241],[6.77224,156.209,-27.4076],[[[0.903924,0.213495,-0.370595],[0.309603,0.271177,0.911378],[0.295072,-0.938554,0.179025]],[[0.912547,0.184616,-0.364932],[0.221435,0.527161,0.820407],[0.343838,-0.829468,0.440179]],[[0.912547,0.184616,-0.364932],[-0.33766,0.843562,-0.417599],[0.230747,0.504302,0.832127]],[[0.912547,0.184616,-0.364932],[-0.354837,-0.0862557,-0.930941],[-0.203344,0.979018,-0.0132036]]],2],[433,[-0.325213,-0.481391,-0.813941],43,56.2383,[24.0665,152.962,-33.044],[25.4795,156.5,-28.9809],[-5.66719,-3.39629,24.4037],false,[51.2778,95.8934,19.0862],[43.0519,148.677,7.43056],[31.9882,182.258,-9.02763],[24.1244,170.618,-28.7091],[25.9619,154.417,-28.3643],[[[0.911566,0.0519983,-0.407853],[0.382641,0.25568,0.887814],[0.150445,-0.965362,0.213172]],[[0.90421,0.0936818,-0.416687],[0.319261,0.499789,0.80516],[0.283685,-0.861066,0.422006]],[[0.90421,0.0936818,-0.416687],[-0.276841,0.871485,-0.404812],[0.325213,0.481391,0.813941]],[[0.90421,0.0936818,-0.416687],[-0.411959,-0.0660662,-0.908804],[-0.112667,0.993408,-0.0211446]]],3],[434,[-0.545725,-0.432883,-0.717493],43,44.0898,[43.1354,150.761,-29.6016],[45.5359,151.212,-27.6175],[22.1377,-20.6136,3.12397],false,[60.2107,95.6101,10.4575],[59.9318,145.175,0.210362],[58.1824,171.097,-16.4518],[48.8655,163.706,-28.7012],[45.3508,149.161,-27.1386],[[[0.847013,-0.103047,-0.521488],[0.531543,0.174356,0.828892],[0.0055101,-0.979276,0.202456]],[[0.837533,-0.254324,-0.483588],[0.543438,0.479556,0.688986],[0.056682,-0.839849,0.539853]],[[0.837533,-0.254324,-0.483588],[-0.0268616,0.86483,-0.501345],[0.545725,0.432883,0.717493]],[[0.837533,-0.254324,-0.483588],[-0.493932,0.0259826,-0.869112],[0.233601,0.96677,-0.103857]]],4]],[[0,200,0],[235.247,235.247,147.751]]],[42463,5776197475,[[43,"right",[-0.239081,0.969785,-0.0485519],[-0.211487,-0.100809,-0.972168],[30.3374,128.453,8.16669],[-13.9788,-56.6041,1.78423],[30.0357,131.876,5.73079],0,0,0.561679,[[0.677629,0.350801,-0.646342],[-0.127364,0.921594,0.366665],[0.724291,-0.166142,0.669178]],55.6199,[219.409,45.4441,170.306],[48.7098,84.6,12.5961]]],[[430,[-0.950327,0.302068,-0.0750598],43,45.4913,[-66.0307,110.379,13.1022],[-57.2802,103.549,0.413873],[-19.2033,-54.0961,16.5165],false,[23.8478,75.2247,9.27976],[23.8478,75.2247,9.27976],[-14.2472,94.0578,-0.34388],[-42.5302,103.048,-2.57776],[-62.3298,102.654,2.43667],[[[0.523854,0.368799,0.767831],[-0.574809,-0.512182,0.638172],[0.628626,-0.775666,-0.0563194]],[[0.164335,0.691744,0.703196],[-0.456724,-0.578506,0.675821],[0.874298,-0.432228,0.220867]],[[0.164335,0.691744,0.703196],[-0.264335,-0.655931,0.707023],[0.950327,-0.302068,0.0750598]],[[0.164335,0.691744,0.703196],[0.18335,-0.721886,0.667281],[0.969215,0.019273,-0.245462]]],0],[431,[-0.19112,0.979278,-0.0669875],43,51.3319,[-12.0357,213.501,8.41917],[-6.52496,212.299,17.3753],[-6.69774,-50.2095,-24.7279],false,[31.8961,87.5673,23.8054],[4.80857,144.952,13.9488],[-0.0113989,181.124,22.5918],[-4.04362,201.784,21.1785],[-7.51868,215.402,16.1897],[[[0.894093,0.381834,-0.234096],[0.150581,0.235977,0.960021],[0.42181,-0.893598,0.153488]],[[0.965169,0.175067,-0.194421],[0.227878,-0.197459,0.953458],[0.128529,-0.964553,-0.230475]],[[0.965169,0.175067,-0.194421],[0.178665,0.101812,0.978628],[0.19112,-0.979278,0.0669875]],[[0.965169,0.175067,-0.194421],[0.118969,0.368164,0.922118],[0.233011,-0.91313,0.334513]]],1],[432,[-0.234079,-0.499814,-0.833902],43,58.4886,[5.38298,155.381,-30.916],[5.88115,158.062,-28.0451],[-13.2363,-6.43977,15.7627],false,[41.4093,92.4372,22.664],[23.4027,149.507,11.3709],[9.06537,184.542,-6.98996],[3.25516,172.136,-27.6887],[6.5469,156.068,-27.472],[[[0.904002,0.211735,-0.371414],[0.308794,0.277457,0.90976],[0.295679,-0.937116,0.185439]],[[0.912874,0.182087,-0.365384],[0.2248,0.522894,0.822221],[0.340772,-0.832723,0.436403]],[[0.912874,0.182087,-0.365384],[-0.334466,0.846777,-0.413645],[0.234079,0.499814,0.833902]],[[0.912874,0.182087,-0.365384],[-0.355513,-0.0853834,-0.930763],[-0.200677,0.979568,-0.0132102]]],2],[433,[-0.326115,-0.481436,-0.813553],43,56.2383,[24.1049,153.104,-32.9111],[25.3018,156.156,-29.0757],[-9.4568,-13.8017,14.5716],false,[51.0867,95.5857,19.2829],[42.8277,148.284,7.27194],[31.8434,181.889,-9.1926],[23.9578,170.247,-28.8647],[25.7855,154.046,-28.4545],[[[0.911793,0.0500002,-0.407595],[0.38186,0.261861,0.886347],[0.151051,-0.96381,0.21967]],[[0.904438,0.0914787,-0.416681],[0.320415,0.499182,0.805078],[0.281647,-0.861655,0.422169]],[[0.904438,0.0914787,-0.416681],[-0.275028,0.871694,-0.405596],[0.326115,0.481436,0.813553]],[[0.904438,0.0914787,-0.416681],[-0.411622,-0.0694482,-0.908705],[-0.112065,0.993382,-0.025157]]],3],[434,[-0.546403,-0.431257,-0.717956],43,44.0898,[43.3187,150.842,-29.4824],[45.4904,150.814,-27.7707],[14.828,-27.8415,-2.76602],false,[60.0255,95.2521,10.662],[59.715,144.748,0.0861344],[58.2222,170.626,-16.6685],[48.8937,163.263,-28.9258],[45.2868,148.749,-27.2857],[[[0.847435,-0.105845,-0.520241],[0.530864,0.180264,0.828063],[0.00613404,-0.977907,0.208951]],[[0.837316,-0.262279,-0.479699],[0.544575,0.477737,0.689351],[0.048368,-0.838437,0.542847]],[[0.837316,-0.262279,-0.479699],[-0.0185695,0.863265,-0.504409],[0.546403,0.431257,0.717956]],[[0.837316,-0.262279,-0.479699],[-0.491355,0.0237288,-0.870636],[0.239732,0.9647,-0.109003]]],4]],[[0,200,0],[235.247,235.247,147.751]]],[42464,5776205971,[[43,"right",[-0.2379,0.969914,-0.0516697],[-0.213634,-0.104146,-0.971347],[30.1546,127.945,8.12188],[-15.9497,-57.4402,-0.0609739],[30.0377,131.811,5.77055],0,0,0.507629,[[0.677146,0.347414,-0.648673],[-0.125379,0.923113,0.363514],[0.725089,-0.164822,0.66864]],55.6199,[219.365,45.2394,170.26],[48.4781,84.0843,12.6766]]],[[430,[-0.949877,0.30356,-0.0747342],43,45.4913,[-65.859,110.207,12.8538],[-57.5245,103.123,0.653084],[-21.3787,-52.1446,18.8853],false,[23.597,74.7298,9.44663],[23.597,74.7298,9.44663],[-14.4991,93.5704,-0.157991],[-42.7687,102.605,-2.38218],[-62.5623,102.272,2.66047],[[[0.525931,0.370958,0.765367],[-0.574162,-0.509038,0.641263],[0.627483,-0.776705,-0.0547291]],[[0.16673,0.694123,0.700282],[-0.455808,-0.57552,0.678981],[0.874323,-0.432401,0.220431]],[[0.16673,0.694123,0.700282],[-0.264452,-0.652721,0.709944],[0.949877,-0.30356,0.0747342]],[[0.16673,0.694123,0.700282],[0.182753,-0.719672,0.669831],[0.968918,0.0162983,-0.246844]]],0],[431,[-0.189987,0.97927,-0.0702498],43,51.3319,[-11.9798,213.484,8.51092],[-6.57985,211.873,17.0936],[-6.62376,-50.1784,-26.9163],false,[31.6917,87.1157,23.9095],[4.65962,144.499,13.8953],[-0.095454,180.709,22.413],[-4.10378,201.37,20.9309],[-7.57149,214.974,15.8985],[[[0.894109,0.379771,-0.237365],[0.152882,0.239348,0.958822],[0.420946,-0.893581,0.155943]],[[0.96499,0.173079,-0.197071],[0.229599,-0.194195,0.953715],[0.126798,-0.965573,-0.227135]],[[0.96499,0.173079,-0.197071],[0.180827,0.105231,0.977869],[0.189987,-0.97927,0.0702498]],[[0.96499,0.173079,-0.197071],[0.12136,0.371447,0.920488],[0.232519,-0.912179,0.337438]]],1],[432,[-0.240909,-0.491701,-0.836775],43,58.4886,[5.38812,155.5,-30.8199],[5.65571,157.991,-27.9469],[-16.5405,-6.7499,14.6626],false,[41.2089,91.9687,22.7303],[23.2544,149.02,11.262],[9.07539,184.289,-6.77151],[3.09565,172.084,-27.5416],[6.30904,155.999,-27.3885],[[[0.903509,0.209149,-0.374069],[0.311045,0.280431,0.90808],[0.294824,-0.936811,0.188317]],[[0.912553,0.17881,-0.367797],[0.231674,0.515091,0.825233],[0.337008,-0.838277,0.428622]],[[0.912553,0.17881,-0.367797],[-0.33047,0.852207,-0.405626],[0.240909,0.491701,0.836775]],[[0.912553,0.17881,-0.367797],[-0.358985,-0.0805681,-0.929859],[-0.195901,0.980579,-0.0093326]]],2],[433,[-0.330442,-0.477599,-0.814068],43,56.2383,[24.1371,153.235,-32.7802],[25.1031,155.839,-29.0878],[-12.95,-20.5774,10.1176],false,[50.8834,95.0917,19.3175],[42.6691,147.756,7.12745],[31.7907,181.463,-9.19811],[23.8004,169.914,-28.8827],[25.5807,153.708,-28.4763],[[[0.911012,0.0472708,-0.409663],[0.384042,0.26465,0.884574],[0.150232,-0.963185,0.222946]],[[0.903685,0.0887661,-0.418896],[0.324882,0.495132,0.805789],[0.278936,-0.864271,0.418605]],[[0.903685,0.0887661,-0.418896],[-0.272326,0.874082,-0.402267],[0.330442,0.477599,0.814068]],[[0.903685,0.0887661,-0.418896],[-0.41405,-0.0682467,-0.907692],[-0.109161,0.993712,-0.0249198]]],3],[434,[-0.5497,-0.426556,-0.718248],43,44.0898,[43.4809,150.889,-29.3826],[45.4174,150.37,-27.904],[8.95837,-34.7145,-6.29824],false,[59.8039,94.7141,10.6795],[59.5369,144.171,-0.0800344],[58.2965,170.061,-16.8363],[48.9118,162.778,-29.0985],[45.1972,148.296,-27.4137],[[[0.846215,-0.108907,-0.521594],[0.532816,0.182639,0.826287],[0.00527487,-0.97713,0.212579]],[[0.835297,-0.269965,-0.478955],[0.548328,0.47273,0.689828],[0.0401871,-0.838835,0.5429]],[[0.835297,-0.269965,-0.478955],[-0.0103994,0.863232,-0.504701],[0.5497,0.426556,0.718248]],[[0.835297,-0.269965,-0.478955],[-0.49125,0.0247108,-0.870668],[0.246885,0.962553,-0.111979]]],4]],[[0,200,0],[235.247,235.247,147.751]]],[42465,5776214597,[[43,"right",[-0.235235,0.97043,-0.0541303],[-0.221584,-0.107772,-0.969168],[29.983,127.104,7.84258],[-16.9948,-68.0412,-8.61991],[30.0366,131.716,5.81222],0,0,0.514609,[[0.678301,0.338536,-0.652152],[-0.121415,0.92698,0.354917],[0.724684,-0.16156,0.669874]],55.6199,[218.995,45.1299,170.324],[48.2032,83.2059,12.4492]]],[[430,[-0.949155,0.30706,-0.0694146],43,45.4913,[-65.6819,110.01,12.5985],[-57.8501,102.535,1.17562],[-25.0686,-54.5782,28.5393],false,[23.268,73.9167,9.45614],[23.268,73.9167,9.45614],[-14.846,92.8334,0.0748684],[-43.0941,101.972,-1.99101],[-62.8607,101.774,3.16355],[[[0.533094,0.37267,0.759558],[-0.570712,-0.504353,0.648009],[0.624578,-0.778939,-0.0561804]],[[0.174479,0.696646,0.695874],[-0.452104,-0.571138,0.68513],[0.874734,-0.434149,0.215305]],[[0.174479,0.696646,0.695874],[-0.262032,-0.648381,0.714801],[0.949155,-0.30706,0.0694146]],[[0.174479,0.696646,0.695874],[0.18253,-0.717349,0.672379],[0.967595,0.00970162,-0.252321]]],0],[431,[-0.187464,0.979545,-0.0731371],43,51.3319,[-11.9127,213.454,8.61302],[-6.41684,211.188,16.7268],[0.139914,-57.9119,-31.0005],false,[31.5151,86.3407,23.7997],[4.58651,143.765,13.7417],[0.0119894,180.028,22.1345],[-3.94309,200.694,20.5915],[-7.40759,214.286,15.5256],[[[0.893412,0.375859,-0.246059],[0.161162,0.243111,0.956516],[0.419335,-0.894219,0.156624]],[[0.96395,0.169143,-0.205405],[0.236475,-0.190677,0.952744],[0.121984,-0.966971,-0.223801]],[[0.96395,0.169143,-0.205405],[0.188832,0.109006,0.975941],[0.187464,-0.979545,0.0731371]],[[0.96395,0.169143,-0.205405],[0.129752,0.37515,0.917838],[0.232303,-0.911402,0.339679]]],1],[432,[-0.251406,-0.488622,-0.83549],43,58.4886,[5.38301,155.61,-30.7181],[5.2931,157.412,-28.0337],[-22.8366,-23.9137,7.81828],false,[41.0381,91.158,22.5243],[23.1742,148.215,10.9426],[9.04795,183.607,-6.88958],[2.80765,171.478,-27.6277],[5.94344,155.378,-27.488],[[[0.9012,0.204602,-0.38207],[0.319051,0.283463,0.904353],[0.293335,-0.936903,0.190178]],[[0.910261,0.17403,-0.375684],[0.242268,0.51194,0.82415],[0.335755,-0.841208,0.423837]],[[0.910261,0.17403,-0.375684],[-0.328968,0.854963,-0.401021],[0.251406,0.488622,0.83549]],[[0.910261,0.17403,-0.375684],[-0.367259,-0.0795741,-0.926709],[-0.19117,0.98152,-0.00851904]]],2],[433,[-0.340455,-0.473161,-0.812532],43,56.2383,[24.1614,153.357,-32.6421],[24.7591,155.199,-29.3055],[-19.7085,-35.2997,0.629154],false,[50.6953,94.235,19.0218],[42.5518,146.871,6.66169],[31.757,180.704,-9.45497],[23.5246,169.263,-29.1024],[25.2321,153.049,-28.6987],[[[0.907911,0.0425446,-0.416999],[0.391811,0.267346,0.880347],[0.148937,-0.962661,0.226057]],[[0.900603,0.0842252,-0.426404],[0.335113,0.490198,0.804615],[0.276791,-0.867532,0.413248]],[[0.900603,0.0842252,-0.426404],[-0.270194,0.87694,-0.397456],[0.340455,0.473161,0.812532]],[[0.900603,0.0842252,-0.426404],[-0.421844,-0.0669395,-0.904194],[-0.104699,0.994196,-0.0247561]]],3],[434,[-0.557654,-0.421038,-0.715366],43,44.0898,[43.6223,150.884,-29.3143],[45.2136,149.567,-28.3422],[0.864154,-50.5882,-17.8451],false,[59.5464,93.7906,10.3159],[59.351,143.199,-0.661741],[58.3266,169.121,-17.3841],[48.8061,161.933,-29.5972],[44.9868,147.488,-27.8238],[[[0.841744,-0.113921,-0.527721],[0.539863,0.184602,0.821261],[0.00385953,-0.976189,0.216889]],[[0.830064,-0.278779,-0.482986],[0.556679,0.46576,0.687877],[0.03319,-0.839851,0.541802]],[[0.830064,-0.278779,-0.482986],[-0.003926,0.863139,-0.504951],[0.557654,0.421038,0.715367]],[[0.830064,-0.278779,-0.482986],[-0.496543,0.0247671,-0.867659],[0.253847,0.960036,-0.117868]]],4]],[[0,200,0],[235.247,235.247,147.751]]],[42466,5776240962,[[43,"right",[-0.23447,0.970348,-0.0587273],[-0.224681,-0.112868,-0.967874],[29.8848,125.276,7.85299],[-8.90627,-68.8313,-3.12528],[30.0229,131.136,5.99611],0,0,0.545881,[[0.678082,0.331426,-0.656019],[-0.121166,0.930755,0.344984],[0.72493,-0.15444,0.671286]],55.6199,[218.927,44.988,170.851],[48.077,81.386,12.6441]]],[[430,[-0.948584,0.308799,-0.0695043],43,45.4913,[-65.0063,109.086,11.6374],[-58.0184,100.764,1.58925],[-13.0007,-60.4011,18.9516],false,[23.1238,72.1048,9.77901],[23.1238,72.1048,9.77901],[-15.0018,91.0059,0.413292],[-43.233,100.196,-1.65525],[-62.9996,100.108,3.50186],[[[0.535796,0.376308,0.755854],[-0.569191,-0.500235,0.652524],[0.623654,-0.779845,-0.0538328]],[[0.177299,0.700279,0.691501],[-0.450489,-0.566953,0.689655],[0.875,-0.433789,0.214948]],[[0.177299,0.700279,0.691501],[-0.262207,-0.643624,0.719024],[0.948584,-0.308799,0.0695043]],[[0.177299,0.700279,0.691501],[0.179757,-0.713856,0.676829],[0.967601,0.00430131,-0.252446]]],0],[431,[-0.186783,0.979304,-0.0779458],43,51.3319,[-11.5793,213.201,9.09895],[-6.40979,209.442,16.3871],[0.232687,-62.9659,-19.9426],false,[31.4271,84.5992,24.0287],[4.52267,141.994,13.739],[0.00768822,178.306,21.9462],[-3.93302,198.967,20.3017],[-7.40059,212.535,15.1719],[[[0.893008,0.373631,-0.250872],[0.16435,0.248194,0.954667],[0.418958,-0.893756,0.160233]],[[0.963466,0.167102,-0.209308],[0.239245,-0.185658,0.953044],[0.120396,-0.968302,-0.218853]],[[0.963466,0.167102,-0.209308],[0.191952,0.114193,0.974738],[0.186783,-0.979304,0.0779458]],[[0.963466,0.167102,-0.209308],[0.132939,0.380067,0.915356],[0.232509,-0.90974,0.343967]]],1],[432,[-0.25898,-0.481705,-0.837191],43,58.4886,[5.34673,155.849,-30.3266],[5.12565,156.012,-27.8705],[-12.4069,-42.2767,6.90531],false,[40.9507,89.4002,22.6975],[23.1059,146.41,10.8581],[9.14218,182.021,-6.66247],[2.71388,170.065,-27.4429],[5.77542,153.95,-27.3268],[[[0.900211,0.201624,-0.385965],[0.322116,0.288105,0.901796],[0.293022,-0.936132,0.194409]],[[0.909544,0.17007,-0.379218],[0.250156,0.504622,0.826304],[0.331891,-0.846423,0.416432]],[[0.909544,0.17007,-0.379218],[-0.325052,0.859672,-0.394087],[0.25898,0.481705,0.837191]],[[0.909544,0.17007,-0.379218],[-0.371341,-0.0772134,-0.92528],[-0.186643,0.982402,-0.00707492]]],2],[433,[-0.34535,-0.471058,-0.811688],43,56.2383,[24.231,153.583,-32.1296],[24.5974,153.507,-29.3196],[-11.4142,-54.1616,-0.73338],false,[50.5999,92.4485,19.1484],[42.4689,145.023,6.52491],[31.7509,178.91,-9.53129],[23.4002,167.52,-29.1583],[25.0604,151.301,-28.737],[[[0.906658,0.0393708,-0.420025],[0.394786,0.271786,0.877654],[0.148711,-0.961552,0.230874]],[[0.899382,0.0809038,-0.429613],[0.339981,0.48834,0.803702],[0.27482,-0.868895,0.411698]],[[0.899382,0.0809038,-0.429613],[-0.268041,0.878384,-0.39572],[0.34535,0.471058,0.811688]],[[0.899382,0.0809038,-0.429613],[-0.425147,-0.0669705,-0.902643],[-0.101799,0.994469,-0.0258361]]],3],[434,[-0.561283,-0.413605,-0.716863],43,44.0898,[44.035,150.565,-29.1384],[45.2588,147.883,-28.4458],[1.48131,-59.0499,-9.39775],false,[59.4237,91.9477,10.4178],[59.2418,141.296,-0.830053],[58.5295,167.266,-17.4928],[48.947,160.205,-29.7315],[45.009,145.797,-27.9201],[[[0.84,-0.117635,-0.529682],[0.542575,0.188575,0.818567],[0.00359282,-0.974988,0.222228]],[[0.827601,-0.286863,-0.482478],[0.560842,0.457934,0.689749],[0.0230796,-0.841431,0.539872]],[[0.827601,-0.286863,-0.482478],[0.00608627,0.864084,-0.503312],[0.561283,0.413605,0.716863]],[[0.827601,-0.286863,-0.482478],[-0.496556,0.0266506,-0.867595],[0.26174,0.957601,-0.120388]]],4]],[[0,200,0],[235.247,235.247,147.751]]],[42467,5776249319,[[43,"right",[-0.233151,0.970628,-0.0593407],[-0.225678,-0.113364,-0.967584],[29.8992,124.757,7.89977],[-6.16607,-67.1018,-0.877003],[30.0189,130.929,6.05794],0,0,0.550719,[[0.678134,0.328409,-0.657481],[-0.120558,0.932197,0.341284],[0.724983,-0.152171,0.671747]],55.6199,[218.896,44.9819,171.028],[48.0336,80.8453,12.7121]]],[[430,[-0.947955,0.310707,-0.0695826],43,45.4913,[-64.7932,108.783,11.337],[-58.05,100.373,1.72779],[-10.256,-55.9243,17.4059],false,[23.0648,71.5969,9.87636],[23.0648,71.5969,9.87636],[-15.0396,90.5481,0.525733],[-43.252,99.7951,-1.54514],[-63.0195,99.761,3.60957],[[[0.536981,0.376186,0.755073],[-0.569331,-0.498882,0.653436],[0.622506,-0.780769,-0.0537162]],[[0.178923,0.700585,0.690772],[-0.45079,-0.565693,0.690492],[0.874514,-0.434938,0.214601]],[[0.178923,0.700585,0.690772],[-0.263376,-0.642372,0.719716],[0.947955,-0.310707,0.0695826]],[[0.178923,0.700585,0.690772],[0.17793,-0.713567,0.677616],[0.96764,0.00166836,-0.252329]]],0],[431,[-0.185479,0.979499,-0.0786125],43,51.3319,[-11.4607,213.102,9.26734],[-6.27015,208.981,16.3942],[4.48533,-60.9459,-14.579],false,[31.3981,84.0916,24.1084],[4.5658,141.516,13.7936],[0.108798,177.841,21.974],[-3.8044,198.506,20.3154],[-7.25742,212.074,15.1772],[[[0.893316,0.372159,-0.251959],[0.165527,0.248764,0.954315],[0.417835,-0.894211,0.160622]],[[0.963517,0.165575,-0.210284],[0.239811,-0.185187,0.952993],[0.11885,-0.968654,-0.218138]],[[0.963517,0.165575,-0.210284],[0.192957,0.114748,0.974474],[0.185479,-0.979499,0.0786125]],[[0.963517,0.165575,-0.210284],[0.134265,0.380653,0.914919],[0.231533,-0.909774,0.344534]]],1],[432,[-0.261586,-0.478954,-0.837959],43,58.4886,[5.33718,155.907,-30.202],[5.15683,155.671,-27.7534],[-8.02821,-42.3177,8.83139],false,[40.9273,88.8779,22.7648],[23.1527,145.903,10.893],[9.27311,181.604,-6.51187],[2.78013,169.716,-27.3113],[5.80535,153.594,-27.2101],[[[0.900159,0.200029,-0.386913],[0.323304,0.288408,0.901275],[0.291869,-0.936381,0.194943]],[[0.909505,0.168283,-0.380106],[0.252924,0.501639,0.827277],[0.329893,-0.848551,0.413681]],[[0.909505,0.168283,-0.380106],[-0.323067,0.861559,-0.39159],[0.261586,0.478954,0.837959]],[[0.909505,0.168283,-0.380106],[-0.37254,-0.0757181,-0.924922],[-0.184429,0.982826,-0.00617404]]],2],[433,[-0.347316,-0.469378,-0.811823],43,56.2383,[24.2544,153.63,-31.969],[24.6346,153.072,-29.2444],[-7.13602,-54.0592,1.77664],false,[50.5778,91.9096,19.2049],[42.51,144.485,6.54419],[31.8651,178.423,-9.45391],[23.4668,167.073,-29.0842],[25.0968,150.851,-28.6614],[[[0.906349,0.037738,-0.420842],[0.395929,0.271965,0.877083],[0.147554,-0.961567,0.231554]],[[0.899151,0.079127,-0.430426],[0.342094,0.486322,0.804029],[0.272946,-0.870189,0.410208]],[[0.899151,0.079127,-0.430426],[-0.26627,0.879445,-0.39456],[0.347316,0.469378,0.811823]],[[0.899151,0.079127,-0.430426],[-0.426074,-0.0663282,-0.902253],[-0.099942,0.994655,-0.0259251]]],3],[434,[-0.56267,-0.411146,-0.717189],43,44.0898,[44.1556,150.444,-29.0871],[45.3258,147.393,-28.4201],[3.11238,-59.3039,-6.2162],false,[59.3933,91.3891,10.4671],[59.2713,140.728,-0.822143],[58.6508,166.713,-17.4652],[49.0446,159.694,-29.7094],[45.0646,145.298,-27.8948],[[[0.839374,-0.119265,-0.530309],[0.54355,0.188496,0.817938],[0.00240959,-0.974805,0.223045]],[[0.826631,-0.289382,-0.482637],[0.562385,0.455449,0.690137],[0.0201034,-0.841917,0.539233]],[[0.826631,-0.289382,-0.482637],[0.00910753,0.864417,-0.502693],[0.56267,0.411146,0.717189]],[[0.826631,-0.289382,-0.482637],[-0.496692,0.0279741,-0.867476],[0.264534,0.956805,-0.12061]]],4]],[[0,200,0],[235.247,235.247,147.751]]],[42468,5776258714,[[43,"right",[-0.229439,0.971496,-0.0596166],[-0.229887,-0.113606,-0.966564],[29.8552,123.826,7.81353],[-5.74303,-76.2226,-3.24077],[30.0122,130.639,6.1295],0,0,0.551156,[[0.67907,0.320269,-0.660524],[-0.11828,0.935787,0.332135],[0.724481,-0.147416,0.673346]],55.6199,[218.574,45.1037,171.302],[47.8298,79.8464,12.6089]]],[[430,[-0.946261,0.31615,-0.0681177],43,45.4913,[-64.5548,108.416,10.9996],[-58.227,99.823,1.98498],[-11.7954,-54.3458,17.8997],false,[22.8129,70.6961,9.88118],[22.8129,70.6961,9.88118],[-15.242,89.802,0.644326],[-43.404,99.211,-1.38295],[-63.1652,99.3208,3.79466],[[[0.541428,0.374907,0.75253],[-0.568812,-0.495781,0.656242],[0.61912,-0.783356,-0.0551782]],[[0.184478,0.700658,0.689236],[-0.450754,-0.562856,0.69283],[0.873378,-0.438488,0.21199]],[[0.184478,0.700658,0.689236],[-0.265629,-0.639631,0.721328],[0.946261,-0.31615,0.0681177]],[[0.184478,0.700658,0.689236],[0.173878,-0.713477,0.678761],[0.967334,-0.00537332,-0.25345]]],0],[431,[-0.181829,0.980144,-0.0790934],43,51.3319,[-11.2999,212.954,9.47984],[-5.94091,208.206,16.3451],[13.1954,-67.064,-11.896],false,[31.2519,83.1739,24.0656],[4.6131,140.694,13.7851],[0.334481,177.047,21.9382],[-3.50171,197.726,20.2694],[-6.91986,211.302,15.128],[[[0.893836,0.368224,-0.255869],[0.170235,0.249234,0.953364],[0.414823,-0.895708,0.160089]],[[0.963354,0.161427,-0.21422],[0.242759,-0.185001,0.952283],[0.114093,-0.969389,-0.217409]],[[0.963354,0.161427,-0.21422],[0.197199,0.115146,0.973578],[0.181829,-0.980144,0.0790935]],[[0.963354,0.161427,-0.21422],[0.13935,0.381213,0.913925],[0.229196,-0.910285,0.344748]]],1],[432,[-0.269113,-0.472867,-0.839032],43,58.4886,[5.32527,155.946,-30.0561],[5.1146,155.132,-27.6346],[-6.49176,-47.3604,10.0796],false,[40.7952,87.9199,22.6794],[23.2063,145.002,10.8072],[9.50769,180.902,-6.32957],[2.82789,169.165,-27.1557],[5.75897,153.026,-27.0953],[[[0.899457,0.195906,-0.390639],[0.327964,0.288173,0.899664],[0.288821,-0.937325,0.194949]],[[0.908838,0.163623,-0.383719],[0.260775,0.495112,0.82877],[0.32559,-0.853283,0.407308]],[[0.908838,0.163623,-0.383719],[-0.318733,0.865808,-0.385727],[0.269113,0.472867,0.839032]],[[0.908838,0.163623,-0.383719],[-0.376938,-0.0719097,-0.923443],[-0.17869,0.983899,-0.0036784]]],2],[433,[-0.354043,-0.463994,-0.812012],43,56.2383,[24.2803,153.644,-31.7862],[24.6055,152.377,-29.2436],[-5.47164,-60.4585,1.18184],false,[50.444,90.9081,19.0784],[42.5406,143.501,6.38515],[32.0916,177.581,-9.43722],[23.5307,166.362,-29.0721],[25.0619,150.13,-28.6688],[[[0.904856,0.0335505,-0.424395],[0.400428,0.271406,0.875212],[0.144547,-0.96188,0.232149]],[[0.897984,0.0739337,-0.433773],[0.34906,0.480532,0.804516],[0.267923,-0.873855,0.405703]],[[0.897984,0.0739337,-0.433773],[-0.261303,0.882748,-0.390483],[0.354043,0.463994,0.812012]],[[0.897984,0.0739337,-0.433773],[-0.429896,-0.0629313,-0.900683],[-0.0938887,0.995276,-0.0247274]]],3],[434,[-0.567376,-0.405448,-0.716726],43,44.0898,[44.2873,150.248,-29.0412],[45.3418,146.518,-28.5571],[2.75814,-69.6377,-8.45396],false,[59.2234,90.3412,10.3072],[59.2579,139.667,-1.04148],[58.8154,165.697,-17.619],[49.1289,158.775,-29.8553],[45.0622,144.406,-28.0229],[[[0.83682,-0.123311,-0.533411],[0.547478,0.187267,0.815597],[-0.000681374,-0.974539,0.224219]],[[0.823328,-0.294853,-0.484967],[0.567385,0.449169,0.690161],[0.014336,-0.843391,0.537108]],[[0.823328,-0.294853,-0.484967],[0.0146999,0.865259,-0.501109],[0.567376,0.405448,0.716726]],[[0.823328,-0.294853,-0.484967],[-0.499074,0.0308129,-0.866011],[0.270289,0.955046,-0.121784]]],4]],[[0,200,0],[235.247,235.247,147.751]]],[42469,5776266623,[[43,"right",[-0.227693,0.971617,-0.0641667],[-0.23348,-0.118452,-0.96512],[29.7477,123.09,7.59593],[-7.67342,-80.3465,-9.20688],[30.0023,130.355,6.18462],0,0,0.554076,[[0.680119,0.313283,-0.662791],[-0.116225,0.938735,0.32445],[0.72383,-0.143632,0.674863]],55.6199,[218.241,45.2507,171.621],[47.6504,79.1015,12.5709]]],[[430,[-0.945402,0.318768,-0.0678387],43,45.4913,[-64.3575,108.087,10.7178],[-58.4078,99.2558,2.18206],[-13.6866,-56.8246,17.8308],false,[22.6059,69.9872,9.98046],[22.6059,69.9872,9.98046],[-15.4292,89.135,0.749134],[-43.5657,98.622,-1.26984],[-63.3171,98.835,3.94185],[[[0.544798,0.377939,0.74857],[-0.567518,-0.491011,0.660933],[0.617349,-0.784901,-0.0530142]],[[0.188265,0.704074,0.684716],[-0.450067,-0.557819,0.697336],[0.872924,-0.439452,0.211863]],[[0.188265,0.704074,0.684716],[-0.266029,-0.634561,0.725646],[0.945402,-0.318768,0.0678387]],[[0.188265,0.704074,0.684716],[0.172483,-0.71005,0.682699],[0.966854,-0.0104262,-0.255118]]],0],[431,[-0.180153,0.980057,-0.0838643],43,51.3319,[-11.1558,212.806,9.65189],[-5.85071,207.588,15.7865],[12.7645,-69.7694,-26.3061],false,[31.1193,82.5256,24.0666],[4.56046,140.042,13.5621],[0.382609,176.448,21.5294],[-3.41823,197.125,19.7601],[-6.82727,210.679,14.5558],[[[0.893677,0.364998,-0.260994],[0.174055,0.254126,0.951381],[0.413577,-0.895654,0.163576]],[[0.962921,0.15831,-0.218453],[0.245708,-0.180241,0.952439],[0.111406,-0.970799,-0.212456]],[[0.962921,0.15831,-0.218453],[0.20082,0.12011,0.972237],[0.180153,-0.980057,0.0838643]],[[0.962921,0.15831,-0.218453],[0.143293,0.385958,0.91132],[0.228584,-0.908831,0.348962]]],1],[432,[-0.274464,-0.473035,-0.837202],43,58.4886,[5.30874,155.951,-29.9413],[4.95347,154.48,-27.8452],[-9.60996,-56.9696,0.678854],false,[40.6672,87.2445,22.6211],[23.1518,144.296,10.496],[9.52856,180.23,-6.63097],[2.71593,168.488,-27.4116],[5.59543,152.34,-27.3082],[[[0.898482,0.19193,-0.394832],[0.331674,0.292449,0.89692],[0.287614,-0.936823,0.199102]],[[0.907894,0.15941,-0.387709],[0.26624,0.495121,0.827025],[0.323799,-0.854075,0.407076]],[[0.907894,0.15941,-0.387709],[-0.316858,0.866503,-0.385713],[0.274464,0.473035,0.837202]],[[0.907894,0.15941,-0.387709],[-0.380675,-0.0737874,-0.92176],[-0.175545,0.984451,-0.00630792]]],2],[433,[-0.360231,-0.460605,-0.811219],43,56.2383,[24.2973,153.625,-31.6454],[24.4934,151.783,-29.4744],[-7.05938,-64.0215,-6.42752],false,[50.3094,90.1933,18.9703],[42.4675,142.732,6.01522],[32.2143,176.912,-9.71884],[23.5037,165.774,-29.3345],[24.9474,149.535,-28.8963],[[[0.903437,0.0293814,-0.427712],[0.404018,0.275401,0.872309],[0.143422,-0.96088,0.236937]],[[0.896948,0.067953,-0.436884],[0.35548,0.476722,0.803972],[0.262904,-0.876424,0.403438]],[[0.896948,0.067953,-0.436884],[-0.256356,0.885,-0.38866],[0.360231,0.460605,0.811219]],[[0.896948,0.067953,-0.436884],[-0.433184,-0.0627782,-0.899117],[-0.0885244,0.995711,-0.0268726]]],3],[434,[-0.570756,-0.404482,-0.714585],43,44.0898,[44.3879,150.04,-29.0254],[45.2557,145.705,-28.9053],[-0.597068,-78.3563,-16.9966],false,[59.057,89.5604,10.1719],[59.1511,138.823,-1.44818],[58.8181,164.832,-18.0609],[49.0739,157.927,-30.2607],[44.9667,143.58,-28.3457],[[[0.834707,-0.127938,-0.535626],[0.550691,0.190638,0.812648],[-0.00185836,-0.973288,0.229581]],[[0.820928,-0.299876,-0.485954],[0.57093,0.447107,0.688574],[0.0107869,-0.842716,0.538251]],[[0.820928,-0.299876,-0.485954],[0.0177272,0.863984,-0.503206],[0.570756,0.404482,0.714585]],[[0.820928,-0.299876,-