{"metadata":{"formatVersion":2,"generatedBy":"LeapJS Playback 0.2.1","frames":101,"frameRate":"1.1e+2","modified":"Sun Apr 12 2015 21:29:16 GMT-0300 (E. South America Standard Time)","title":"nome"},"frames":[["id","timestamp",{"hands":[["id","type","direction","palmNormal","palmPosition","palmVelocity","stabilizedPalmPosition","pinchStrength","grabStrength","confidence","armBasis","armWidth","elbow","wrist"]]},{"pointables":[["id","direction","handId","length","stabilizedTipPosition","tipPosition","tipVelocity","tool","carpPosition","mcpPosition","pipPosition","dipPosition","btipPosition","bases","type"]]},{"interactionBox":["center","size"]}],[152835,7088733506,[[152,"right",[0.187769,0.771388,-0.608032],[-0.235311,-0.565687,-0.790334],[-26.1768,130.63,39.6192],[10.3613,6.64175,2.45624],[-26.2554,131.21,41.0077],1,0,0.594629,[[0.906769,-0.251455,-0.338437],[0.297682,0.950266,0.0915379],[0.298588,-0.183751,0.936526]],56.4637,[43.6186,49.9526,295.297],[-27.8195,93.9155,71.2307]]],[[1520,[0.320744,0.141584,-0.936524],152,46.1815,[-35.6746,111.71,-17.0312],[-36.1248,112.035,-16.932],[2.66567,11.904,4.66882],false,[-54.7306,93.5259,67.413],[-54.7306,93.5259,67.413],[-52.8065,106.851,25.2786],[-43.1159,111.129,-3.01646],[-33.0964,111.756,-21.1631],[[[0.630838,0.539199,0.55795],[-0.735505,0.186516,0.651341],[0.247136,-0.821265,0.514245]],[[0.46572,0.837407,0.286101],[-0.883863,0.456068,0.103872],[-0.0434987,-0.301249,0.952553]],[[0.46572,0.837407,0.286101],[-0.82476,0.527923,-0.202655],[-0.320744,-0.141584,0.936524]],[[0.46572,0.837407,0.286101],[-0.741407,0.545741,-0.39049],[-0.483137,-0.0302584,0.875022]]],0],[1521,[0.172758,0.91232,-0.371251],152,52.1107,[-28.7748,228.063,3.66959],[-30.7346,220.522,3.81996],[-3.49262,10.0741,12.5108],false,[-42.0577,108.558,74.8034],[-42.7221,155.269,29.3319],[-35.8902,190.462,16.5221],[-32.1901,210.002,8.57068],[-29.6709,223.629,2.4733],[[[0.971599,-0.157821,-0.176318],[0.236414,0.679491,0.69455],[0.0101924,-0.716508,0.697504]],[[0.967955,-0.226998,-0.107401],[0.175665,0.306424,0.935546],[-0.179457,-0.924433,0.336481]],[[0.967955,-0.226998,-0.107401],[0.182257,0.3408,0.9223],[-0.172758,-0.91232,0.371251]],[[0.967955,-0.226998,-0.107401],[0.188088,0.371958,0.908994],[-0.166392,-0.900066,0.402735]]],1],[1522,[0.10468,0.927703,-0.358343],152,59.3759,[-13.3669,232.398,2.71666],[-15.3945,225.879,1.104],[-4.44282,10.8347,8.28002],false,[-31.2192,108.254,73.5839],[-23.6427,150.739,29.3153],[-18.7635,190.662,14.9399],[-16.1258,214.038,5.91035],[-14.5282,229.372,-0.383039],[[[0.909409,-0.366682,-0.196265],[0.397438,0.627132,0.669887],[-0.122551,-0.687204,0.716053]],[[0.916176,-0.230123,-0.328123],[0.38415,0.270874,0.882641],[-0.114236,-0.934703,0.33657]],[[0.916176,-0.230123,-0.328123],[0.386863,0.293957,0.874028],[-0.10468,-0.927703,0.358343]],[[0.916176,-0.230123,-0.328123],[0.389123,0.314775,0.865737],[-0.0959413,-0.920847,0.377936]]],2],[1523,[-0.5121,-0.758242,-0.403513],152,57.0915,[-32.6233,107.661,-11.887],[-38.6122,99.4012,-15.1786],[-2.15822,18.1297,1.71054],false,[-20.9617,105.282,71.4717],[-6.24841,140.685,31.3327],[-19.5519,128.85,-4.02904],[-32.1226,110.238,-13.9342],[-40.5522,96.0393,-15.1442],[[[0.848897,-0.510038,-0.13869],[0.457286,0.577106,0.676638],[-0.265073,-0.637817,0.723137]],[[0.855097,-0.494364,-0.156249],[0.394843,0.816244,-0.421716],[0.336018,0.298914,0.893164]],[[0.855097,-0.494364,-0.156249],[0.0810077,0.425057,-0.901534],[0.5121,0.758242,0.403513]],[[0.855097,-0.494364,-0.156249],[-0.0978661,0.142044,-0.98501],[0.509148,0.857571,0.0730801]]],3],[1524,[-0.702175,-0.59015,-0.398338],152,44.7587,[-23.9388,102.036,-3.8603],[-24.6702,102.332,-4.87133],[-0.0378472,13.9169,0.0956277],false,[-12.8676,96.8667,66.7048],[7.82097,127.955,31.4117],[-3.86279,120.174,3.39952],[-16.0325,109.946,-3.50427],[-27.438,99.8561,-4.68742],[[[0.725208,-0.668727,-0.163943],[0.558527,0.432118,0.708041],[-0.402643,-0.605043,0.686878]],[[0.665042,-0.743434,-0.0708882],[0.647046,0.620999,-0.442371],[0.372895,0.248327,0.894026]],[[0.665042,-0.743434,-0.0708882],[0.254303,0.314687,-0.914495],[0.702175,0.59015,0.398338]],[[0.665042,-0.743434,-0.0708882],[0.0107591,0.10445,-0.994472],[0.746729,0.660603,0.0774622]]],4]],[[0,200,0],[235.247,235.247,147.751]]],[152836,7088742095,[[152,"right",[0.185716,0.77211,-0.607747],[-0.238005,-0.564741,-0.790203],[-26.0071,130.716,39.6677],[12.8408,7.51868,3.29945],[-26.2512,131.202,40.9853],1,0,0.595427,[[0.907114,-0.25172,-0.337314],[0.298053,0.950052,0.0925564],[0.297167,-0.184496,0.936831]],56.4637,[43.5551,49.8222,295.381],[-27.543,93.9635,71.2409]]],[[1520,[0.318246,0.14275,-0.937199],152,46.1815,[-35.66,111.713,-17.0264],[-36.0727,112.178,-16.869],[3.54549,13.7627,5.41188],false,[-54.4669,93.5788,67.5142],[-54.4669,93.5788,67.5142],[-52.6266,106.953,25.3915],[-43.0115,111.265,-2.92402],[-33.0607,111.927,-21.1072],[[[0.63274,0.538525,0.556445],[-0.733284,0.18575,0.654058],[0.248867,-0.821881,0.512423]],[[0.467079,0.83667,0.286044],[-0.883236,0.456695,0.106409],[-0.0416055,-0.302346,0.95229]],[[0.467079,0.83667,0.286044],[-0.824959,0.528778,-0.199592],[-0.318246,-0.14275,0.937199]],[[0.467079,0.83667,0.286044],[-0.742702,0.546778,-0.386558],[-0.479824,-0.0318928,0.876785]]],0],[1521,[0.171526,0.912756,-0.370751],152,52.1107,[-28.782,228.025,3.6715],[-30.6822,220.65,3.99149],[-1.00866,11.3466,14.4192],false,[-41.7687,108.602,74.8794],[-42.5869,155.367,29.4661],[-35.7973,190.575,16.6751],[-32.1236,210.124,8.73434],[-29.6247,223.759,2.64464],[[[0.970991,-0.157625,-0.179807],[0.238786,0.67866,0.694551],[0.0125495,-0.717339,0.696612]],[[0.967579,-0.226895,-0.110949],[0.178842,0.305308,0.935309],[-0.178343,-0.924828,0.335988]],[[0.967579,-0.226895,-0.110949],[0.18539,0.3397,0.922081],[-0.171526,-0.912756,0.370751]],[[0.967579,-0.226895,-0.110949],[0.191177,0.370875,0.908792],[-0.165052,-0.900539,0.402227]]],1],[1522,[0.103498,0.928128,-0.357584],152,59.3759,[-13.3789,232.346,2.70437],[-15.3505,226.01,1.22955],[-1.9874,12.0077,9.90863],false,[-30.9345,108.299,73.6227],[-23.5077,150.837,29.3793],[-18.6761,190.776,15.0348],[-16.0681,214.163,6.02432],[-14.4912,229.505,-0.255877],[[[0.90873,-0.36646,-0.199791],[0.399723,0.626328,0.669279],[-0.12013,-0.688055,0.715646]],[[0.915053,-0.229757,-0.331497],[0.387146,0.269818,0.881655],[-0.113123,-0.935099,0.335847]],[[0.915053,-0.229757,-0.331497],[0.389829,0.292898,0.873066],[-0.103498,-0.928128,0.357584]],[[0.915053,-0.229757,-0.331497],[0.39206,0.313714,0.864796],[-0.0946981,-0.921301,0.377144]]],2],[1523,[-0.513493,-0.757931,-0.402324],152,57.0915,[-32.6233,107.661,-11.887],[-38.6162,99.5707,-15.1115],[-1.43347,19.0294,3.08412],false,[-20.6843,105.329,71.4721],[-6.1068,140.78,31.3256],[-19.5117,129.029,-4.02588],[-32.1166,110.424,-13.9019],[-40.5475,96.2238,-15.0767],[[[0.848411,-0.509885,-0.142181],[0.459593,0.576293,0.675767],[-0.262625,-0.638674,0.723273]],[[0.854569,-0.494144,-0.159793],[0.393797,0.81715,-0.420939],[0.338579,0.296795,0.892903]],[[0.854569,-0.494144,-0.159793],[0.0776939,0.425867,-0.901444],[0.513493,0.757931,0.402324]],[[0.854569,-0.494144,-0.159793],[-0.101992,0.142008,-0.984597],[0.509224,0.857704,0.0709569]]],3],[1524,[-0.704021,-0.589298,-0.396337],152,44.7587,[-23.9716,102.049,-3.88217],[-24.6344,102.491,-4.84677],[1.65925,15.7503,0.319989],false,[-12.6066,96.9199,66.6677],[7.96254,128.05,31.3416],[-3.76398,120.33,3.3304],[-15.9657,110.117,-3.53871],[-27.3866,100.038,-4.66658],[[[0.724634,-0.668542,-0.167203],[0.560937,0.431267,0.706653],[-0.400318,-0.605856,0.687521]],[[0.663956,-0.744215,-0.0728538],[0.647374,0.620839,-0.442116],[0.37426,0.246382,0.893994]],[[0.663956,-0.744215,-0.0728538],[0.252027,0.314441,-0.91521],[0.704021,0.589298,0.396337]],[[0.663956,-0.744215,-0.0728538],[0.00688079,0.103504,-0.994605],[0.74774,0.659872,0.0738429]]],4]],[[0,200,0],[235.247,235.247,147.751]]],[152837,7088750807,[[152,"right",[0.184387,0.773162,-0.606814],[-0.239878,-0.563329,-0.790645],[-25.8397,130.765,39.7646],[14.5433,7.02431,5.38781],[-26.2437,131.194,40.963],1,0,0.592306,[[0.90747,-0.252009,-0.336141],[0.29834,0.949891,0.0932739],[0.295791,-0.184927,0.937182]],56.4637,[43.4627,49.7131,295.5],[-27.3063,93.9575,71.2765]]],[[1520,[0.316779,0.144532,-0.937423],152,46.1815,[-35.6411,111.723,-17.0178],[-35.9563,112.322,-16.7795],[6.16286,15.2214,6.75146],false,[-54.2388,93.5818,67.6112],[-54.2388,93.5818,67.6112],[-52.4241,107.028,25.5105],[-42.8533,111.395,-2.81176],[-32.9569,112.106,-21.0227],[[[0.634071,0.537489,0.555932],[-0.731758,0.184664,0.656072],[0.249971,-0.822803,0.510401]],[[0.468269,0.835649,0.287081],[-0.882633,0.457471,0.108068],[-0.0410242,-0.303992,0.951791]],[[0.468269,0.835649,0.287081],[-0.824849,0.529907,-0.197036],[-0.316779,-0.144532,0.937423]],[[0.468269,0.835649,0.287081],[-0.743642,0.548194,-0.382727],[-0.477201,-0.034266,0.878126]]],0],[1521,[0.17077,0.913388,-0.36954],152,52.1107,[-28.7876,227.995,3.67417],[-30.5859,220.762,4.25773],[2.16242,11.7525,18.6865],false,[-41.5222,108.591,74.9735],[-42.4406,155.436,29.6446],[-35.6768,190.666,16.8999],[-32.0193,210.228,8.98511],[-29.533,223.873,2.91365],[[[0.97056,-0.157394,-0.182321],[0.240448,0.677415,0.695193],[0.0140877,-0.718565,0.695317]],[[0.967299,-0.226795,-0.113566],[0.181018,0.303646,0.935431],[-0.177668,-0.925399,0.334771]],[[0.967299,-0.226795,-0.113566],[0.18754,0.338061,0.922249],[-0.17077,-0.913388,0.36954]],[[0.967299,-0.226795,-0.113566],[0.193299,0.369259,0.909001],[-0.164222,-0.901228,0.401023]]],1],[1522,[0.10278,0.928748,-0.356179],152,59.3759,[-13.3884,232.304,2.69564],[-15.2593,226.126,1.46965],[1.27115,12.3542,14.5963],false,[-30.6909,108.289,73.6913],[-23.3622,150.904,29.5058],[-18.5593,190.868,15.2204],[-15.9694,214.271,6.2453],[-14.4051,229.623,-0.0111978],[[[0.908233,-0.366189,-0.202529],[0.401322,0.625113,0.669458],[-0.118545,-0.689303,0.714709]],[[0.914266,-0.229267,-0.333997],[0.389195,0.268232,0.881237],[-0.11245,-0.935675,0.334465]],[[0.914266,-0.229267,-0.333997],[0.39186,0.291314,0.872687],[-0.10278,-0.928748,0.356179]],[[0.914266,-0.229267,-0.333997],[0.394072,0.312133,0.864454],[-0.0939393,-0.92196,0.37572]]],2],[1523,[-0.514514,-0.757357,-0.402102],152,57.0915,[-32.6233,107.661,-11.887],[-38.5645,99.7364,-15.0268],[0.790594,19.4813,4.64481],false,[-20.446,105.322,71.5119],[-5.95774,140.842,31.3944],[-19.4256,129.197,-3.96783],[-32.0556,110.605,-13.8384],[-40.4877,96.4042,-14.9946],[[[0.848034,-0.509709,-0.145033],[0.461202,0.575061,0.67572],[-0.261018,-0.639923,0.722751]],[[0.854159,-0.493922,-0.162648],[0.393315,0.818241,-0.419268],[0.340171,0.294149,0.893174]],[[0.854159,-0.493922,-0.162648],[0.0754239,0.427143,-0.901033],[0.514514,0.757357,0.402102]],[[0.854159,-0.493922,-0.162648],[-0.105017,0.142489,-0.984209],[0.509298,0.857752,0.0698383]]],3],[1524,[-0.705507,-0.588199,-0.395324],152,44.7587,[-23.9998,102.069,-3.90175],[-24.5532,102.639,-4.78596],[4.27126,16.7112,1.63695],false,[-12.3802,96.9206,66.6741],[8.11042,128.111,31.3555],[-3.62709,120.47,3.32731],[-15.8546,110.276,-3.52425],[-27.2904,100.209,-4.6115],[[[0.724185,-0.668311,-0.170049],[0.562604,0.429972,0.706117],[-0.398789,-0.607029,0.687374]],[[0.662879,-0.745011,-0.0744974],[0.648274,0.620878,-0.44074],[0.37461,0.243863,0.894538]],[[0.662879,-0.745011,-0.0744974],[0.250702,0.314611,-0.915516],[0.705507,0.588199,0.395325]],[[0.662879,-0.745011,-0.0744974],[0.00393408,0.102963,-0.994677],[0.748716,0.659058,0.071183]]],4]],[[0,200,0],[235.247,235.247,147.751]]],[152838,7088759447,[[152,"right",[0.1826,0.775215,-0.60473],[-0.241727,-0.560794,-0.791883],[-25.6272,130.762,39.9422],[17.2096,5.04887,9.41063],[-26.2324,131.186,40.9443],1,0,0.594171,[[0.908083,-0.252059,-0.334442],[0.298187,0.949894,0.0937373],[0.294057,-0.184848,0.937743]],56.4637,[43.352,49.6244,295.694],[-27.0021,93.8497,71.3362]]],[[1520,[0.314631,0.14811,-0.937588],152,46.1815,[-35.6183,111.742,-17.0041],[-35.8219,112.508,-16.637],[8.46625,17.6875,9.29206],false,[-53.9437,93.4777,67.7385],[-53.9437,93.4777,67.7385],[-52.1803,107.066,25.6812],[-42.6744,111.541,-2.64601],[-32.8437,112.337,-20.889],[[[0.635327,0.535851,0.556079],[-0.730134,0.182272,0.658545],[0.251524,-0.824403,0.507045]],[[0.46919,0.834382,0.289255],[-0.882197,0.457642,0.110872],[-0.0398652,-0.3072,0.95081]],[[0.46919,0.834382,0.289255],[-0.825147,0.530915,-0.19303],[-0.314631,-0.14811,0.937588]],[[0.46919,0.834382,0.289255],[-0.745086,0.549848,-0.377509],[-0.474033,-0.0383962,0.87967]]],0],[1521,[0.169561,0.914652,-0.366963],152,52.1107,[-28.7914,227.972,3.67772],[-30.4887,220.873,4.74466],[4.52229,12.0478,28.6283],false,[-41.2129,108.467,75.1178],[-42.2614,155.46,29.946],[-35.5404,190.734,17.3003],[-31.9087,210.324,9.44069],[-29.4419,223.989,3.40788],[[[0.970138,-0.15649,-0.185318],[0.242019,0.675195,0.696806],[0.0160829,-0.720848,0.692906]],[[0.967073,-0.226129,-0.116774],[0.18331,0.300619,0.935962],[-0.176544,-0.92655,0.332172]],[[0.967073,-0.226129,-0.116774],[0.189788,0.33508,0.922877],[-0.169561,-0.914652,0.366963]],[[0.967073,-0.226129,-0.116774],[0.195505,0.366323,0.909717],[-0.162936,-0.902592,0.39847]]],1],[1522,[0.101607,0.92995,-0.353369],152,59.3759,[-13.3951,232.272,2.6914],[-15.1702,226.251,1.93487],[3.60322,12.9323,24.9729],false,[-30.3849,108.172,73.8069],[-23.182,150.935,29.7436],[-18.4271,190.947,15.5775],[-15.8668,214.38,6.67329],[-14.3228,229.754,0.463768],[[[0.907824,-0.365236,-0.206055],[0.402843,0.623028,0.670488],[-0.116508,-0.691692,0.712733]],[[0.91348,-0.227892,-0.337076],[0.391359,0.265448,0.881122],[-0.111324,-0.936804,0.331669]],[[0.91348,-0.227892,-0.337076],[0.393994,0.288546,0.872645],[-0.101607,-0.92995,0.353369]],[[0.91348,-0.227892,-0.337076],[0.396178,0.309381,0.86448],[-0.0927232,-0.923227,0.372899]]],2],[1523,[-0.515364,-0.756532,-0.402566],152,57.0915,[-32.6233,107.661,-11.887],[-38.4738,99.9168,-14.8946],[3.52571,20.0318,7.52941],false,[-20.1446,105.216,71.5916],[-5.76974,140.872,31.5545],[-19.3123,129.365,-3.82443],[-31.9632,110.794,-13.7064],[-40.3907,96.5897,-14.8599],[[[0.847815,-0.508964,-0.148879],[0.462754,0.572975,0.676431],[-0.258975,-0.642383,0.721302]],[[0.853893,-0.493108,-0.166467],[0.392255,0.819976,-0.416863],[0.342058,0.290659,0.893596]],[[0.853893,-0.493108,-0.166467],[0.0725712,0.429539,-0.900127],[0.515364,0.756532,0.402566]],[[0.853893,-0.493108,-0.166467],[-0.10846,0.144228,-0.983582],[0.509022,0.857929,0.0696729]]],3],[1524,[-0.706864,-0.586741,-0.395068],152,44.7587,[-24.0204,102.095,-3.91714],[-24.4226,102.808,-4.68865],[7.77041,18.1125,3.66904],false,[-12.0886,96.8326,66.7055],[8.30213,128.146,31.4377],[-3.44381,120.627,3.37991],[-15.6948,110.458,-3.46721],[-27.1422,100.402,-4.52419],[[[0.723951,-0.667521,-0.174101],[0.564276,0.427818,0.706091],[-0.396847,-0.609416,0.686385]],[[0.662038,-0.745463,-0.0773981],[0.648977,0.621858,-0.438317],[0.374879,0.239953,0.895482]],[[0.662038,-0.745463,-0.0773981],[0.249096,0.31626,-0.915386],[0.706864,0.586741,0.395068]],[[0.662038,-0.745463,-0.0773981],[0.000627572,0.103822,-0.994596],[0.74947,0.658412,0.0692018]]],4]],[[0,200,0],[235.247,235.247,147.751]]],[152839,7088768120,[[152,"right",[0.180917,0.777227,-0.60265],[-0.243715,-0.558221,-0.79309],[-25.3442,130.822,40.1021],[21.3102,5.5621,11.8116],[-26.2157,131.179,40.9284],1,0,0.596465,[[0.90875,-0.252242,-0.332485],[0.29821,0.949812,0.0944876],[0.291965,-0.185016,0.938363]],56.4637,[43.2212,49.5413,295.884],[-26.6322,93.8069,71.378]]],[[1520,[0.312458,0.151629,-0.937752],152,46.1815,[-35.5888,111.77,-16.9858],[-35.624,112.761,-16.5099],[12.0983,21.4906,10.6957],false,[-53.5831,93.4429,67.8493],[-53.5831,93.4429,67.8493],[-51.8735,107.174,25.8361],[-42.4332,111.755,-2.49606],[-32.6667,112.633,-20.7697],[[[0.636702,0.534111,0.556181],[-0.728439,0.179999,0.661043],[0.252958,-0.826031,0.503672]],[[0.470273,0.833027,0.291391],[-0.881674,0.457934,0.113787],[-0.0386499,-0.310423,0.949813]],[[0.470273,0.833027,0.291391],[-0.825356,0.532047,-0.188979],[-0.312458,-0.151629,0.937752]],[[0.470273,0.833027,0.291391],[-0.746364,0.551608,-0.372383],[-0.470939,-0.0423615,0.881148]]],0],[1521,[0.168491,0.915875,-0.364394],152,52.1107,[-28.794,227.955,3.68165],[-30.3072,221.048,5.2142],[8.83746,14.2055,35.3669],false,[-40.8352,108.409,75.2446],[-42.0079,155.551,30.2307],[-35.3242,190.867,17.6835],[-31.7155,210.483,9.87895],[-29.266,224.168,3.88469],[[[0.969673,-0.155738,-0.188361],[0.243743,0.672934,0.69839],[0.0179887,-0.723122,0.690486]],[[0.966795,-0.225614,-0.120029],[0.185704,0.297565,0.936466],[-0.175563,-0.92766,0.329581]],[[0.966795,-0.225614,-0.120029],[0.192143,0.33207,0.923477],[-0.168491,-0.915876,0.364394]],[[0.966795,-0.225614,-0.120029],[0.197822,0.363358,0.910405],[-0.161786,-0.903919,0.395924]]],1],[1522,[0.100577,0.931123,-0.350564],152,59.3759,[-13.3998,232.247,2.68994],[-14.9961,226.437,2.38193],[7.91966,15.2198,32.0105],false,[-30.0105,108.121,73.9045],[-22.9284,151.029,29.9636],[-18.2154,191.088,15.9167],[-15.6811,214.551,7.08316],[-14.155,229.945,0.920548],[[[0.907333,-0.364425,-0.209623],[0.404505,0.620877,0.671481],[-0.114554,-0.69405,0.710754]],[[0.912629,-0.226661,-0.340195],[0.393614,0.262606,0.880969],[-0.110344,-0.937904,0.328878]],[[0.912629,-0.226661,-0.340195],[0.396222,0.285719,0.872567],[-0.100577,-0.931123,0.350564]],[[0.912629,-0.226661,-0.340195],[0.398382,0.306569,0.864469],[-0.0916481,-0.924467,0.370082]]],2],[1523,[-0.51636,-0.75567,-0.402908],152,57.0915,[-32.6233,107.661,-11.887],[-38.3131,100.176,-14.777],[7.80319,23.0797,9.10642],false,[-19.7757,105.173,71.6528],[-5.51014,140.963,31.6959],[-19.1208,129.619,-3.7097],[-31.796,111.07,-13.6],[-40.2199,96.8621,-14.7401],[[[0.847494,-0.508348,-0.152763],[0.464438,0.570813,0.677104],[-0.257005,-0.64479,0.719857]],[[0.853533,-0.492406,-0.170346],[0.391535,0.82185,-0.413839],[0.343775,0.286529,0.894271]],[[0.853533,-0.492406,-0.170346],[0.0696692,0.431855,-0.899248],[0.51636,0.75567,0.402908]],[[0.853533,-0.492406,-0.170346],[-0.112272,0.145445,-0.982975],[0.508799,0.858127,0.068859]]],3],[1524,[-0.708319,-0.585301,-0.394598],152,44.7587,[-24.0323,102.13,-3.92901],[-24.2376,103.032,-4.60509],[11.7976,20.5849,4.97015],false,[-11.7313,96.8072,66.7182],[8.56311,128.239,31.5005],[-3.21123,120.832,3.42502],[-15.4875,110.688,-3.41396],[-26.9461,100.642,-4.44369],[[[0.723585,-0.666839,-0.178184],[0.566058,0.425574,0.70602],[-0.394972,-0.611729,0.685409]],[[0.661195,-0.745881,-0.0805168],[0.649312,0.62272,-0.436593],[0.375786,0.236392,0.896049]],[[0.661195,-0.745881,-0.0805168],[0.247197,0.317938,-0.915319],[0.708319,0.585301,0.394598]],[[0.661195,-0.745881,-0.0805168],[-0.00267482,0.10498,-0.994471],[0.75021,0.657754,0.0674174]]],4]],[[0,200,0],[235.247,235.247,147.751]]],[152840,7088776765,[[152,"right",[0.179896,0.778679,-0.60108],[-0.245398,-0.556204,-0.793988],[-25.0965,130.886,40.2263],[23.2606,6.03395,12.4898],[-26.1942,131.174,40.9149],1,0,0.600858,[[0.909188,-0.252677,-0.330956],[0.298531,0.949653,0.0950747],[0.29027,-0.185241,0.938845]],56.4637,[43.1171,49.4738,296.034],[-26.3308,93.7933,71.4129]]],[[1520,[0.311418,0.154099,-0.937695],152,46.1815,[-35.5518,111.808,-16.964],[-35.4091,112.971,-16.407],[15.4968,22.9772,11.0782],false,[-53.2886,93.4437,67.9365],[-53.2886,93.4437,67.9365],[-51.5862,107.282,25.9584],[-42.1774,111.938,-2.37209],[-32.4635,112.883,-20.6705],[[[0.637911,0.532598,0.556245],[-0.727096,0.178515,0.662921],[0.253772,-0.827328,0.501126]],[[0.471575,0.831626,0.293282],[-0.880986,0.458822,0.115529],[-0.0384877,-0.312858,0.94902]],[[0.471575,0.831626,0.293282],[-0.825007,0.533527,-0.186314],[-0.311418,-0.154099,0.937695]],[[0.471575,0.831626,0.293282],[-0.747139,0.553464,-0.36805],[-0.468401,-0.0455596,0.88234]]],0],[1521,[0.167983,0.916736,-0.362458],152,52.1107,[-28.7957,227.941,3.68555],[-30.1061,221.199,5.57187],[12.6151,15.0456,36.922],false,[-40.5229,108.389,75.3437],[-41.7742,155.642,30.449],[-35.1071,190.988,17.9761],[-31.5093,210.622,10.213],[-29.0685,224.322,4.24778],[[[0.969266,-0.155476,-0.190657],[0.245264,0.671151,0.699572],[0.0191933,-0.724833,0.688657]],[[0.966506,-0.225529,-0.122482],[0.187607,0.295207,0.936833],[-0.175126,-0.928434,0.32763]],[[0.966506,-0.225529,-0.122482],[0.194029,0.329743,0.923917],[-0.167983,-0.916736,0.362458]],[[0.966506,-0.225529,-0.122482],[0.199689,0.361063,0.910911],[-0.161214,-0.904859,0.394005]]],1],[1522,[0.100105,0.931967,-0.348448],152,59.3759,[-13.4028,232.228,2.6899],[-14.7987,226.591,2.72253],[11.8115,15.9182,33.9485],false,[-29.701,108.102,73.9816],[-22.6963,151.117,30.1331],[-18.0018,191.21,16.176],[-15.4793,214.694,7.39575],[-13.9617,230.103,1.26857],[[[0.90684,-0.364096,-0.212312],[0.405961,0.619128,0.672218],[-0.113303,-0.695784,0.709258]],[[0.911909,-0.226022,-0.342543],[0.3954,0.260341,0.880841],[-0.109911,-0.938689,0.326777]],[[0.911909,-0.226022,-0.342543],[0.397996,0.283463,0.872495],[-0.100105,-0.931967,0.348448]],[[0.911909,-0.226022,-0.342543],[0.400143,0.304321,0.86445],[-0.0911414,-0.925366,0.367955]]],2],[1523,[-0.517342,-0.754947,-0.403004],152,57.0915,[-32.6277,107.655,-11.889],[-38.1573,100.409,-14.6794],[10.8861,24.7485,9.53614],false,[-19.4713,105.157,71.7024],[-5.27679,141.043,31.8062],[-18.9293,129.857,-3.63353],[-31.6287,111.325,-13.5262],[-40.0518,97.1154,-14.6417],[[[0.847081,-0.508147,-0.155691],[0.465895,0.569037,0.677598],[-0.255725,-0.646516,0.718764]],[[0.853115,-0.492091,-0.173324],[0.391515,0.823418,-0.410729],[0.344834,0.28254,0.895132]],[[0.853115,-0.492091,-0.173324],[0.0674647,0.433477,-0.898636],[0.517342,0.754947,0.403004]],[[0.853115,-0.492091,-0.173324],[-0.115604,0.145658,-0.982558],[0.508754,0.858272,0.0673751]]],3],[1524,[-0.709807,-0.583834,-0.394096],152,44.7587,[-24.036,102.173,-3.93802],[-24.0637,103.228,-4.53367],[14.492,21.6752,5.48905],false,[-11.4385,96.802,66.7313],[8.79331,128.317,31.5516],[-2.9831,121.008,3.45107],[-15.2851,110.89,-3.37921],[-26.7601,100.859,-4.37631],[[[0.723089,-0.666549,-0.18126],[0.56754,0.423706,0.705955],[-0.393752,-0.613341,0.68467]],[[0.659965,-0.746767,-0.0823663],[0.650524,0.622845,-0.434607],[0.375852,0.233245,0.896846]],[[0.659965,-0.746767,-0.0823663],[0.24621,0.318554,-0.915371],[0.709807,0.583834,0.394096]],[[0.659965,-0.746767,-0.0823663],[-0.00534403,0.104963,-0.994462],[0.751277,0.65675,0.0652815]]],4]],[[0,200,0],[235.247,235.247,147.751]]],[152841,7088785432,[[152,"right",[0.178852,0.779866,-0.599851],[-0.247829,-0.554313,-0.794555],[-24.7622,130.987,40.3154],[27.3319,7.5544,11.9017],[-26.1648,131.17,40.9026],1,0,0.602551,[[0.9096,-0.253637,-0.329085],[0.299374,0.949313,0.0958115],[0.288103,-0.18567,0.939427]],56.4637,[42.9894,49.4062,296.185],[-25.9402,93.8282,71.4244]]],[[1520,[0.310088,0.156058,-0.937812],152,46.1815,[-35.5042,111.855,-16.9389],[-35.1477,113.209,-16.3246],[19.4164,24.9329,10.7611],false,[-52.9072,93.5039,68.0173],[-52.9072,93.5039,68.0173],[-51.2355,107.442,26.0709],[-41.8669,112.157,-2.26312],[-32.2159,113.159,-20.5917],[[[0.639708,0.530965,0.555742],[-0.725253,0.177551,0.665195],[0.254522,-0.828584,0.498665]],[[0.473486,0.830044,0.294683],[-0.87999,0.460145,0.117831],[-0.0377921,-0.31511,0.948303]],[[0.473486,0.830044,0.294683],[-0.824413,0.535418,-0.183496],[-0.310088,-0.156058,0.937812]],[[0.473486,0.830044,0.294683],[-0.747827,0.555602,-0.363402],[-0.465366,-0.0483063,0.883799]]],0],[1521,[0.167663,0.917409,-0.360901],152,52.1107,[-28.7966,227.93,3.68953],[-29.7992,221.379,5.87072],[18.6303,16.5589,36.2256],false,[-40.1123,108.425,75.4237],[-41.4487,155.776,30.6353],[-34.7901,191.144,18.222],[-31.1991,210.793,10.4922],[-28.7646,224.504,4.55048],[[[0.968664,-0.1557,-0.193513],[0.247527,0.669465,0.70039],[0.0204998,-0.726343,0.687027]],[[0.966034,-0.22591,-0.125474],[0.19023,0.293044,0.936983],[-0.174905,-0.929026,0.326066]],[[0.966034,-0.22591,-0.125474],[0.196642,0.327605,0.924125],[-0.167663,-0.917409,0.360901]],[[0.966034,-0.22591,-0.125474],[0.202289,0.358949,0.911172],[-0.160804,-0.905605,0.392456]]],1],[1522,[0.0998376,0.932658,-0.346673],152,59.3759,[-13.4046,232.212,2.69066],[-14.4949,226.767,2.99308],[17.9268,17.0901,33.1909],false,[-29.2942,108.133,74.0329],[-22.3747,151.239,30.26],[-17.6893,191.359,16.3778],[-15.1736,214.86,7.64228],[-13.6612,230.282,1.54498],[[[0.906043,-0.364231,-0.215459],[0.408118,0.617395,0.672505],[-0.111923,-0.697251,0.708036]],[[0.910867,-0.225889,-0.345392],[0.397854,0.258164,0.880377],[-0.109699,-0.939322,0.325023]],[[0.910867,-0.225889,-0.345392],[0.400442,0.281289,0.872079],[-0.0998376,-0.932658,0.346673]],[[0.910867,-0.225889,-0.345392],[0.402582,0.302153,0.864078],[-0.0908241,-0.926109,0.36616]]],2],[1523,[-0.51882,-0.753665,-0.403503],152,57.0915,[-32.6408,107.638,-11.8952],[-37.9442,100.714,-14.6281],[15.181,28.8986,7.60443],false,[-19.0723,105.187,71.7207],[-4.95767,141.15,31.8659],[-18.654,130.174,-3.62257],[-31.3897,111.674,-13.5275],[-39.8189,97.4655,-14.6158],[[[0.846336,-0.508366,-0.158997],[0.468032,0.567254,0.677621],[-0.254288,-0.64791,0.718018]],[[0.852381,-0.492145,-0.176751],[0.392139,0.825188,-0.406562],[0.34594,0.277234,0.896363]],[[0.852381,-0.492145,-0.176751],[0.0653705,0.43564,-0.897744],[0.51882,0.753665,0.403503]],[[0.852381,-0.492145,-0.176751],[-0.119335,0.146016,-0.982058],[0.509123,0.85818,0.0657307]]],3],[1524,[-0.711823,-0.582135,-0.392971],152,44.7587,[-24.0293,102.225,-3.94559],[-23.8395,103.453,-4.48957],[18.0663,23.4046,4.98433],false,[-11.058,96.8372,66.7106],[9.10325,128.415,31.547],[-2.68923,121.207,3.42731],[-15.0262,111.118,-3.38346],[-26.523,101.108,-4.33462],[[[0.722172,-0.666629,-0.184588],[0.569653,0.421794,0.705397],[-0.39238,-0.614569,0.684355]],[[0.658296,-0.74802,-0.0843363],[0.651917,0.622535,-0.43296],[0.376365,0.230035,0.897459]],[[0.658296,-0.74802,-0.0843363],[0.244855,0.318724,-0.915675],[0.711823,0.582135,0.392971]],[[0.658296,-0.74802,-0.0843363],[-0.0086925,0.104475,-0.99449],[0.752709,0.655402,0.0622733]]],4]],[[0,200,0],[235.247,235.247,147.751]]],[152842,7088794200,[[152,"right",[0.178059,0.780378,-0.599421],[-0.25089,-0.553019,-0.794496],[-24.3657,131.106,40.3921],[32.1355,9.15207,11.0564],[-26.1236,131.168,40.891],1,0,0.604575,[[0.909851,-0.255256,-0.327132],[0.300892,0.948756,0.0965703],[0.285719,-0.186296,0.940031]],56.4637,[42.8606,49.3379,296.364],[-25.4984,93.9098,71.4588]]],[[1520,[0.308628,0.156863,-0.938159],152,46.1815,[-35.4431,111.913,-16.9094],[-34.8496,113.413,-16.2301],[23.4058,25.1336,10.9296],false,[-52.4758,93.6238,68.1314],[-52.4758,93.6238,68.1314],[-50.846,107.623,26.2037],[-41.5214,112.362,-2.14079],[-31.9288,113.39,-20.4986],[[[0.642029,0.52947,0.554491],[-0.723049,0.177648,0.667564],[0.254951,-0.829519,0.496888]],[[0.47601,0.828446,0.295113],[-0.878667,0.462075,0.120125],[-0.0368474,-0.316487,0.947881]],[[0.47601,0.828446,0.295113],[-0.823506,0.537654,-0.181013],[-0.308628,-0.156863,0.938159]],[[0.47601,0.828446,0.295113],[-0.747971,0.557872,-0.359608],[-0.462551,-0.049559,0.885206]]],0],[1521,[0.167767,0.917638,-0.360272],152,52.1107,[-28.7969,227.918,3.69397],[-29.3877,221.546,6.07382],[26.1802,17.2031,32.6663],false,[-39.6401,108.519,75.5182],[-41.0495,155.928,30.7921],[-34.3824,191.302,18.4025],[-30.7892,210.956,10.6863],[-28.3547,224.671,4.75411],[[[0.967887,-0.156686,-0.196581],[0.250454,0.668288,0.700474],[0.0216185,-0.727214,0.68607]],[[0.965369,-0.226987,-0.12861],[0.193376,0.291649,0.936774],[-0.175126,-0.929203,0.325443]],[[0.965369,-0.226987,-0.12861],[0.199795,0.326218,0.923939],[-0.167767,-0.917638,0.360272]],[[0.965369,-0.226987,-0.12861],[0.205444,0.357572,0.911008],[-0.160799,-0.905881,0.391821]]],1],[1522,[0.100009,0.932958,-0.345814],152,59.3759,[-13.4052,232.196,2.69189],[-14.0845,226.919,3.1571],[25.6147,17.1148,29.2656],false,[-28.8265,108.216,74.0948],[-21.9824,151.367,30.3546],[-17.2868,191.498,16.5077],[-14.7668,215.007,7.79377],[-13.2526,230.434,1.71124],[[[0.904936,-0.36511,-0.218597],[0.410895,0.616049,0.672048],[-0.110705,-0.697981,0.707508]],[[0.909551,-0.226626,-0.348364],[0.400788,0.256576,0.87951],[-0.109938,-0.939579,0.324198]],[[0.909551,-0.226626,-0.348364],[0.40338,0.279696,0.871237],[-0.100009,-0.932958,0.345814]],[[0.909551,-0.226626,-0.348364],[0.405522,0.300556,0.86326],[-0.0909338,-0.926448,0.365273]]],2],[1523,[-0.520858,-0.752319,-0.403389],152,57.0915,[-32.6653,107.605,-11.9073],[-37.6989,101.01,-14.5655],[19.3374,31.7901,6.29636],false,[-18.6154,105.26,71.7487],[-4.5735,141.254,31.8963],[-18.3242,130.485,-3.63446],[-31.1099,112.018,-13.5366],[-39.5533,97.8145,-14.5819],[[[0.845215,-0.509239,-0.162135],[0.47076,0.565826,0.676924],[-0.252976,-0.648473,0.717974]],[[0.851292,-0.492819,-0.180087],[0.393287,0.826524,-0.40272],[0.347314,0.272006,0.897433]],[[0.851292,-0.492819,-0.180087],[0.0633149,0.437202,-0.897132],[0.520858,0.752319,0.403389]],[[0.851292,-0.492819,-0.180087],[-0.123376,0.145588,-0.981622],[0.50998,0.857866,0.0631358]]],3],[1524,[-0.714357,-0.580247,-0.391162],152,44.7587,[-24.0101,102.289,-3.95152],[-23.5813,103.657,-4.4352],[21.729,24.0541,4.80897],false,[-10.6266,96.9058,66.7045],[9.47025,128.501,31.5201],[-2.34437,121.379,3.38796],[-14.7252,111.322,-3.39146],[-26.2519,101.341,-4.28291],[[[0.720775,-0.667314,-0.187551],[0.57228,0.420203,0.704219],[-0.391126,-0.614916,0.684762]],[[0.656002,-0.749885,-0.0856443],[0.653819,0.621288,-0.431882],[0.377071,0.227319,0.897855]],[[0.656002,-0.749885,-0.0856443],[0.243632,0.317784,-0.916328],[0.714357,0.580247,0.391162]],[[0.656002,-0.749885,-0.0856443],[-0.0122034,0.102919,-0.994615],[0.754661,0.653514,0.0583641]]],4]],[[0,200,0],[235.247,235.247,147.751]]],[152843,7088802823,[[152,"right",[0.178308,0.781031,-0.598495],[-0.252923,-0.551425,-0.794959],[-23.9117,131.232,40.5411],[37.566,10.5996,12.7035],[-26.0679,131.17,40.8821],1,0,0.605395,[[0.910106,-0.25693,-0.325106],[0.302433,0.948193,0.0972822],[0.283269,-0.18686,0.94066]],56.4637,[42.7204,49.2831,296.608],[-25.0526,93.99,71.5524]]],[[1520,[0.30809,0.157936,-0.938156],152,46.1815,[-35.3648,111.982,-16.8736],[-34.4459,113.645,-16.0877],[29.4646,26.094,12.5115],false,[-52.0354,93.7492,68.2658],[-52.0354,93.7492,68.2658],[-50.4052,107.818,26.3614],[-41.097,112.59,-1.98299],[-31.5372,113.644,-20.3564],[[[0.64366,0.527663,0.554322],[-0.721766,0.177698,0.668938],[0.254471,-0.830659,0.495226]],[[0.478096,0.826853,0.296205],[-0.877534,0.463842,0.121592],[-0.0368533,-0.318063,0.947353]],[[0.478096,0.826853,0.296205],[-0.822499,0.539787,-0.179237],[-0.30809,-0.157936,0.938156]],[[0.478096,0.826853,0.296205],[-0.747619,0.560115,-0.356844],[-0.460967,-0.0508427,0.88596]]],0],[1521,[0.168597,0.917936,-0.359122],152,52.1107,[-28.796,227.905,3.69946],[-28.8488,221.731,6.36928],[35.7464,18.3295,33.0589],false,[-39.1663,108.614,75.6558],[-40.5731,156.093,31.0046],[-33.8718,191.477,18.6591],[-30.2608,211.137,10.9674],[-27.8148,224.858,5.05256],[[[0.967352,-0.157823,-0.198297],[0.252516,0.666839,0.701115],[0.0215801,-0.728298,0.684921]],[[0.964831,-0.228234,-0.130421],[0.195231,0.289924,0.936925],[-0.176026,-0.929437,0.324286]],[[0.964831,-0.228234,-0.130421],[0.201682,0.324503,0.924133],[-0.168597,-0.917936,0.359122]],[[0.964831,-0.228234,-0.130421],[0.207359,0.355869,0.911241],[-0.161564,-0.906238,0.39068]]],1],[1522,[0.100889,0.933339,-0.34453],152,59.3759,[-13.4041,232.18,2.6941],[-13.5414,227.086,3.43722],[35.4464,17.7112,30.1034],false,[-28.3553,108.297,74.2155],[-21.5136,151.505,30.531],[-16.7788,191.65,16.7383],[-14.2366,215.168,8.05677],[-12.7083,230.603,1.99586],[[[0.904057,-0.36612,-0.220537],[0.412836,0.614405,0.672364],[-0.110667,-0.698901,0.706605]],[[0.908682,-0.227454,-0.350089],[0.402503,0.25463,0.879292],[-0.110856,-0.939909,0.322929]],[[0.908682,-0.227454,-0.350089],[0.405116,0.277748,0.871055],[-0.100889,-0.933339,0.34453]],[[0.908682,-0.227454,-0.350089],[0.407276,0.298606,0.863111],[-0.0917796,-0.926876,0.363975]]],2],[1523,[-0.522633,-0.751157,-0.40326],152,57.0915,[-32.7032,107.554,-11.9264],[-37.3412,101.291,-14.4294],[25.6021,32.773,8.50015],false,[-18.1522,105.329,71.8492],[-4.1174,141.364,32.0307],[-17.8964,130.757,-3.5378],[-30.7257,112.318,-13.4368],[-39.1865,98.1225,-14.448],[[[0.844207,-0.510246,-0.164204],[0.472633,0.564085,0.677071],[-0.252848,-0.649197,0.717364]],[[0.850276,-0.493824,-0.182122],[0.394851,0.827259,-0.39967],[0.348029,0.267919,0.898385]],[[0.850276,-0.493824,-0.182122],[0.0623373,0.438065,-0.896779],[0.522633,0.751157,0.40326]],[[0.850276,-0.493824,-0.182122],[-0.125986,0.145005,-0.981377],[0.511037,0.857386,0.0610791]]],3],[1524,[-0.716479,-0.578179,-0.390342],152,44.7587,[-23.973,102.362,-3.95217],[-23.2087,103.88,-4.3112],[27.9409,25.1182,6.98407],false,[-10.1835,96.9712,66.7801],[9.90675,128.591,31.6135],[-1.89497,121.562,3.45251],[-14.3126,111.541,-3.31269],[-25.869,101.59,-4.16059],[[[0.719494,-0.668096,-0.189673],[0.573977,0.41827,0.703989],[-0.390998,-0.615384,0.684415]],[[0.653706,-0.751812,-0.0862955],[0.656351,0.620039,-0.429832],[0.37666,0.224344,0.898775]],[[0.653706,-0.751812,-0.0862955],[0.243569,0.316997,-0.916617],[0.716479,0.578179,0.390342]],[[0.653706,-0.751812,-0.0862955],[-0.014487,0.101581,-0.994722],[0.75661,0.651505,0.0555126]]],4]],[[0,200,0],[235.247,235.247,147.751]]],[152844,7088811969,[[152,"right",[0.180296,0.780609,-0.598451],[-0.254784,-0.550592,-0.794942],[-23.3827,131.416,40.6643],[43.2104,13.2634,12.9157],[-25.985,131.177,40.8754],1,0,0.608816,[[0.909884,-0.259711,-0.323515],[0.305199,0.947238,0.0979449],[0.281009,-0.187855,0.94114]],56.4637,[42.6148,49.2285,296.841],[-24.6174,94.1734,71.6707]]],[[1520,[0.308598,0.157268,-0.938101],152,46.1815,[-35.2542,112.068,-16.8282],[-33.9483,113.872,-15.9623],[36.1375,26.1013,12.8997],false,[-51.602,94.0096,68.3942],[-51.602,94.0096,68.3942],[-49.9191,108.085,26.494],[-40.5955,112.836,-1.84875],[-31.0523,113.881,-20.2314],[[[0.645362,0.525757,0.554155],[-0.721007,0.179648,0.669235],[0.252302,-0.831448,0.495013]],[[0.480814,0.825169,0.296504],[-0.875997,0.466736,0.121601],[-0.0380476,-0.318204,0.947259]],[[0.480814,0.825169,0.296504],[-0.820723,0.542552,-0.179029],[-0.308598,-0.157268,0.938101]],[[0.480814,0.825169,0.296504],[-0.746367,0.562635,-0.355496],[-0.460168,-0.050373,0.886402]]],0],[1521,[0.171075,0.917503,-0.359057],152,52.1107,[-28.7926,227.888,3.70761],[-28.0735,221.934,6.50728],[49.3383,19.3582,28.0443],false,[-38.6881,108.837,75.7815],[-39.9771,156.326,31.1376],[-33.1797,191.692,18.7945],[-29.5157,211.343,11.1042],[-27.0328,225.058,5.19037],[[[0.966826,-0.160536,-0.198684],[0.254669,0.66602,0.701114],[0.0197733,-0.728454,0.684809]],[[0.96413,-0.230959,-0.130807],[0.196399,0.289236,0.936894],[-0.17855,-0.928978,0.324222]],[[0.96413,-0.230959,-0.130807],[0.202943,0.3238,0.924104],[-0.171075,-0.917503,0.359057]],[[0.96413,-0.230959,-0.130807],[0.208704,0.355151,0.911214],[-0.163997,-0.905829,0.390614]]],1],[1522,[0.103422,0.933099,-0.344428],152,59.3759,[-13.3993,232.159,2.6976],[-12.7514,227.246,3.56996],[49.5588,17.6076,25.7684],false,[-27.8786,108.489,74.337],[-20.9309,151.684,30.6562],[-16.0869,191.817,16.8671],[-13.4809,215.33,8.18819],[-11.9107,230.76,2.12918],[[[0.902933,-0.368649,-0.220929],[0.414828,0.613137,0.672295],[-0.112381,-0.698685,0.706547]],[[0.907902,-0.22999,-0.350454],[0.403548,0.253363,0.879179],[-0.11341,-0.939634,0.322841]],[[0.907902,-0.22999,-0.350454],[0.406223,0.276463,0.870949],[-0.103422,-0.933099,0.344428]],[[0.907902,-0.22999,-0.350454],[0.408439,0.297305,0.863011],[-0.0942922,-0.926668,0.363861]]],2],[1523,[-0.525017,-0.750149,-0.402037],152,57.0915,[-32.7603,107.471,-11.9561],[-36.8942,101.55,-14.2732],[32.3186,31.8439,11.0752],false,[-17.6848,105.493,71.9665],[-3.56292,141.493,32.1478],[-17.3561,130.988,-3.4453],[-30.2439,112.574,-13.3143],[-38.7397,98.3957,-14.2738],[[[0.842696,-0.512613,-0.164595],[0.474485,0.562646,0.676974],[-0.254417,-0.64858,0.717367]],[[0.848782,-0.496269,-0.182445],[0.397737,0.826623,-0.39812],[0.348388,0.265352,0.899007]],[[0.848782,-0.496269,-0.182445],[0.0626575,0.437029,-0.897262],[0.525017,0.750149,0.402037]],[[0.848782,-0.496269,-0.182445],[-0.127475,0.142811,-0.981507],[0.513146,0.856343,0.0579533]]],3],[1524,[-0.719016,-0.575925,-0.389007],152,44.7587,[-23.9085,102.454,-3.94509],[-22.7542,104.09,-4.16174],[34.3412,24.8892,9.5484],false,[-9.74176,97.1131,66.8932],[10.4248,128.681,31.7235],[-1.35403,121.712,3.53802],[-13.8156,111.73,-3.20405],[-25.4125,101.822,-4.00065],[[[0.717526,-0.670106,-0.190039],[0.575425,0.416541,0.703832],[-0.392483,-0.614371,0.684475]],[[0.650594,-0.75462,-0.0853014],[0.659852,0.617315,-0.42839],[0.375929,0.222422,0.899559]],[[0.650594,-0.75462,-0.0853014],[0.244425,0.314419,-0.917277],[0.719016,0.575925,0.389007]],[[0.650594,-0.75462,-0.0853014],[-0.015978,0.0986971,-0.994989],[0.759258,0.648697,0.0521545]]],4]],[[0,200,0],[235.247,235.247,147.751]]],[152845,7088820197,[[152,"right",[0.181496,0.780684,-0.59799],[-0.257013,-0.549297,-0.795121],[-22.831,131.565,40.7739],[49.2723,14.4746,13.0177],[-25.8831,131.19,40.8721],1,0,0.610112,[[0.909789,-0.262221,-0.321751],[0.307594,0.946411,0.0984499],[0.278693,-0.188537,0.941692]],56.4637,[42.5578,49.1902,297.053],[-24.1202,94.2983,71.7499]]],[[1520,[0.308268,0.15738,-0.938191],152,46.1815,[-35.1275,112.16,-16.7807],[-33.4657,114.096,-15.8557],[41.654,26.6896,12.9176],false,[-51.1089,94.2022,68.504],[-51.1089,94.2022,68.504],[-49.4096,108.31,26.6154],[-40.0959,113.065,-1.73004],[-30.5835,114.116,-20.1282],[[[0.647256,0.523727,0.553868],[-0.719812,0.180811,0.670208],[0.250861,-0.832477,0.494016]],[[0.483359,0.823515,0.296964],[-0.874579,0.469147,0.122527],[-0.0384169,-0.318943,0.946995]],[[0.483359,0.823515,0.296964],[-0.81935,0.545028,-0.177792],[-0.308268,-0.15738,0.938191]],[[0.483359,0.823515,0.296964],[-0.745636,0.565026,-0.353232],[-0.458684,-0.050689,0.887153]]],0],[1521,[0.172888,0.917392,-0.35847],152,52.1107,[-28.7859,227.868,3.71816],[-27.3402,222.122,6.69953],[59.4068,20.2208,26.8308],false,[-38.1509,108.992,75.8892],[-39.3762,156.523,31.2873],[-32.5073,191.883,18.9666],[-28.8044,211.531,11.2889],[-26.295,225.245,5.3839],[[[0.96621,-0.162694,-0.199921],[0.257069,0.664805,0.701392],[0.0187965,-0.729085,0.684165]],[[0.963421,-0.233177,-0.132092],[0.198154,0.287962,0.936917],[-0.18043,-0.92882,0.323633]],[[0.963421,-0.233177,-0.132092],[0.204767,0.32252,0.924149],[-0.172888,-0.917392,0.35847]],[[0.963421,-0.233177,-0.132092],[0.21059,0.353869,0.911279],[-0.165746,-0.905762,0.39003]]],1],[1522,[0.105294,0.933142,-0.343744],152,59.3759,[-13.3902,232.136,2.7025],[-12.0081,227.4,3.74908],[59.8695,17.8578,24.7428],false,[-27.3439,108.62,74.4321],[-20.3418,151.835,30.7802],[-15.4164,191.968,17.0198],[-12.7631,215.481,8.35808],[-11.1624,230.914,2.3107],[[[0.901791,-0.370633,-0.222271],[0.417068,0.61156,0.672345],[-0.113261,-0.699017,0.706079]],[[0.906948,-0.231886,-0.351674],[0.405151,0.251639,0.878937],[-0.115318,-0.939631,0.322173]],[[0.906948,-0.231886,-0.351674],[0.407871,0.274728,0.870727],[-0.105294,-0.933142,0.343744]],[[0.906948,-0.231886,-0.351674],[0.410127,0.295562,0.862808],[-0.0961314,-0.926753,0.363162]]],2],[1523,[-0.527347,-0.748801,-0.401501],152,57.0915,[-32.828,107.367,-11.9939],[-36.4463,101.824,-14.1584],[38.2944,32.8594,11.6111],false,[-17.16,105.601,72.0475],[-2.99674,141.601,32.2435],[-16.8162,131.237,-3.38109],[-29.7612,112.856,-13.2369],[-38.2875,98.6941,-14.156],[[[0.841271,-0.5145,-0.165991],[0.476608,0.560923,0.676913],[-0.255164,-0.648579,0.717103]],[[0.847353,-0.49822,-0.183764],[0.400195,0.826592,-0.395714],[0.349051,0.261768,0.899801]],[[0.847353,-0.49822,-0.183764],[0.062433,0.43712,-0.897233],[0.527347,0.748801,0.401501]],[[0.847353,-0.49822,-0.183764],[-0.129532,0.141678,-0.981401],[0.514989,0.855397,0.0555154]]],3],[1524,[-0.721725,-0.573856,-0.387043],152,44.7587,[-23.8257,102.548,-3.93174],[-22.303,104.292,-4.03399],[39.819,25.0536,11.2565],false,[-9.24299,97.2062,66.9579],[10.9596,128.755,31.7923],[-0.819288,121.857,3.58946],[-13.3279,111.911,-3.11857],[-24.9611,102.041,-3.85239],[[[0.715693,-0.671669,-0.191427],[0.577226,0.414552,0.703532],[-0.393184,-0.614009,0.684397]],[[0.647729,-0.757076,-0.0853397],[0.662663,0.615111,-0.42