{"metadata":{"formatVersion":2,"generatedBy":"LeapJS Playback 0.2.1","frames":417,"frameRate":"1.1e+2","modified":"Sun Apr 12 2015 21:30:01 GMT-0300 (E. South America Standard Time)","title":"oi"},"frames":[["id","timestamp",{"hands":[["id","type","direction","palmNormal","palmPosition","palmVelocity","stabilizedPalmPosition","pinchStrength","grabStrength","confidence","armBasis","armWidth","elbow","wrist"]]},{"pointables":[["id","direction","handId","length","stabilizedTipPosition","tipPosition","tipVelocity","tool","carpPosition","mcpPosition","pipPosition","dipPosition","btipPosition","bases","type"]]},{"interactionBox":["center","size"]}],[175425,7351509161,[[179,"right",[-0.293506,0.79578,-0.529706],[-0.0766904,-0.571925,-0.816713],[-38.2915,125.304,20.8168],[36.1236,-262.981,46.1222],[-38.6169,127.04,20.5769],0.599728,0,0.54585,[[0.955593,0.193722,-0.222066],[-0.0144086,0.783374,0.621383],[0.294337,-0.59059,0.751378]],55.827,[51.8756,-48.5583,225.183],[-17.7513,91.1489,47.4403]]],[[1790,[0.142194,0.360876,-0.92171],179,45.6608,[-44.6326,111.399,-30.4341],[-45.2637,111.2,-30.5476],[56.644,-307.343,62.7289],false,[-41.3968,78.3788,47.0174],[-41.3968,78.3788,47.0174],[-56.7349,96.2134,10.1479],[-52.4873,106.994,-17.3856],[-42.1841,112.364,-34.2806],[[[0.394756,0.74694,0.535022],[-0.618027,-0.215015,0.756182],[0.67986,-0.629166,0.37675]],[[0.147601,0.913031,0.380249],[-0.924779,-0.00892443,0.3804],[0.35071,-0.407793,0.843035]],[[0.147601,0.913031,0.380249],[-0.978772,0.190114,-0.0765618],[-0.142194,-0.360876,0.92171]],[[0.147601,0.913031,0.380249],[-0.851896,0.312685,-0.420122],[-0.502482,-0.261922,0.823959]]],0],[1791,[0.471302,-0.832367,0.291615],179,51.5231,[-53.4182,96.1828,-0.467913],[-53.1188,95.1958,-0.253261],[56.6974,-291.106,70.1404],false,[-36.1013,97.0439,54.4254],[-65.4764,139.45,15.7802],[-68.7428,117.963,-14.9516],[-58.7623,100.336,-8.77627],[-51.3825,93.4795,2.29616],[[[0.890069,0.329873,-0.314581],[0.00918834,0.67701,0.735917],[0.455734,-0.657907,0.599554]],[[0.862823,0.366613,-0.34804],[-0.498002,0.734656,-0.460732],[0.0867792,0.570855,0.816452]],[[0.862823,0.366613,-0.34804],[-0.182787,-0.415644,-0.890971],[-0.471302,0.832367,-0.291615]],[[0.862823,0.366613,-0.34804],[0.111751,-0.809797,-0.57597],[-0.492999,0.458066,-0.73968]]],1],[1792,[0.262685,-0.900806,0.345753],179,58.7064,[-45.4807,91.8634,-1.91018],[-45.1589,90.8961,-1.86314],[62.7155,-290.428,85.4503],false,[-26.824,101.914,51.8563],[-46.9732,144.452,12.8576],[-56.4105,119.691,-20.0241],[-49.866,97.2482,-11.41],[-43.685,88.7788,1.28393],[[[0.928762,0.117675,-0.351503],[0.169536,0.708424,0.685123],[0.329635,-0.695908,0.638006]],[[0.922819,0.129901,-0.362673],[-0.313792,0.799588,-0.512049],[0.223474,0.586332,0.778636]],[[0.922819,0.129901,-0.362673],[-0.281785,-0.414336,-0.865404],[-0.262685,0.900806,-0.345753]],[[0.922819,0.129901,-0.362673],[-0.0864093,-0.847648,-0.523475],[-0.375419,0.51441,-0.771001]]],2],[1793,[0.08505,-0.905654,0.4154],179,56.4478,[-32.9571,93.3133,1.80112],[-32.6915,92.2257,1.77875],[60.8894,-279.379,82.7489],false,[-16.9797,104.233,48.1734],[-27.0691,143.766,11.4686],[-37.5067,120.596,-18.306],[-35.4425,98.6148,-8.22398],[-31.6706,90.054,5.20922],[[[0.951706,-0.0397569,-0.304424],[0.24588,0.692476,0.678248],[0.183841,-0.720345,0.668809]],[[0.953507,-0.0469967,-0.297685],[-0.140457,0.80463,-0.576924],[0.26664,0.591913,0.760619]],[[0.953507,-0.0469967,-0.297685],[-0.289122,-0.421405,-0.85955],[-0.08505,0.905654,-0.4154]],[[0.953507,-0.0469967,-0.297685],[-0.194246,-0.851057,-0.487822],[-0.230421,0.522966,-0.820617]]],3],[1794,[-0.0712134,0.765537,-0.639438],179,44.254,[-10.2591,189.202,-23.705],[-9.26744,187.626,-23.5345],[-34.3614,-287.549,-12.2626],false,[-6.95934,100.929,41.5278],[-9.13198,139.286,8.28713],[-7.08118,167.868,-3.48566],[-8.3015,180.986,-14.4431],[-11.1273,189.354,-26.693],[[[0.912791,-0.236729,-0.332824],[0.406182,0.611482,0.679048],[0.0427662,-0.755016,0.654311]],[[0.910853,-0.211373,-0.354497],[0.407388,0.322676,0.854351],[-0.0661991,-0.922606,0.380022]],[[0.910853,-0.211373,-0.354497],[0.406541,0.607679,0.682239],[0.0712134,-0.765537,0.639438]],[[0.910853,-0.211373,-0.354497],[0.367879,0.805178,0.465138],[0.187116,-0.554085,0.811158]]],4]],[[0,200,0],[235.247,235.247,147.751]]],[175426,7351518288,[[179,"right",[-0.292984,0.798731,-0.525536],[-0.0738812,-0.566926,-0.820449],[-37.1199,123.079,21.1257],[61.7534,-257.631,42.7094],[-37.6864,124.578,20.918],0.600205,0,0.587488,[[0.956616,0.19489,-0.216571],[-0.0195544,0.784607,0.619684],[0.290693,-0.588565,0.754379]],55.827,[52.1525,-50.446,226.044],[-16.6125,88.7823,47.5913]]],[[1790,[0.142734,0.367575,-0.918975],179,45.6608,[-43.4093,109.512,-30.1825],[-43.9255,109.318,-30.3127],[80.5206,-278.519,52.741],false,[-40.2425,75.9892,47.0262],[-40.2425,75.9892,47.0262],[-55.5084,94.0738,10.2486],[-51.2446,105.054,-17.2033],[-40.8653,110.53,-34.0176],[[[0.392499,0.744036,0.540698],[-0.619795,-0.220386,0.753183],[0.679558,-0.630746,0.374648]],[[0.146436,0.910421,0.386897],[-0.925589,-0.0119074,0.378343],[0.349059,-0.413511,0.840932]],[[0.146436,0.910421,0.386897],[-0.978869,0.189794,-0.076122],[-0.142734,-0.367575,0.918975]],[[0.146436,0.910421,0.386897],[-0.849896,0.315927,-0.421743],[-0.506195,-0.267064,0.820026]]],0],[1791,[0.471596,-0.83358,0.28765],179,51.5231,[-52.2623,93.8516,-0.2531],[-51.8554,93.0871,-0.171367],[79.4344,-274.333,53.0997],false,[-34.9876,94.6137,54.5639],[-64.3071,137.227,16.1045],[-67.4695,115.928,-14.7691],[-57.4828,98.2759,-8.67768],[-50.1227,91.36,2.37116],[[[0.890533,0.332798,-0.310154],[0.00647693,0.672436,0.740127],[0.454872,-0.661116,0.596671]],[[0.863248,0.369826,-0.343557],[-0.497739,0.736916,-0.457395],[0.0840162,0.565847,0.820219]],[[0.863248,0.369826,-0.343557],[-0.180002,-0.410333,-0.893994],[-0.471596,0.83358,-0.28765]],[[0.863248,0.369826,-0.343557],[0.114244,-0.806088,-0.580664],[-0.491682,0.462008,-0.738104]]],1],[1792,[0.263235,-0.902048,0.342077],179,58.7064,[-44.2939,89.5675,-1.61897],[-43.8713,88.7996,-1.74158],[84.7143,-273.427,65.8186],false,[-25.7089,99.5094,52.0498],[-45.8018,142.267,13.2623],[-55.1128,117.67,-19.7782],[-48.5545,95.1965,-11.2557],[-42.3949,86.6744,1.41325],[[[0.929561,0.120877,-0.348289],[0.166924,0.704341,0.689956],[0.328714,-0.699494,0.634551]],[[0.923608,0.133217,-0.359446],[-0.313585,0.801882,-0.508577],[0.220482,0.582443,0.782399]],[[0.923608,0.133217,-0.359446],[-0.278667,-0.410564,-0.868206],[-0.263235,0.902048,-0.342077]],[[0.923608,0.133217,-0.359446],[-0.0835463,-0.84518,-0.527912],[-0.374123,0.517614,-0.769485]]],2],[1793,[0.0848529,-0.908365,0.40948],179,56.4478,[-31.8271,91.0289,2.07581],[-31.4324,90.1296,1.88817],[82.0798,-265.296,62.4254],false,[-15.8574,101.862,48.4076],[-25.8933,141.612,11.9222],[-36.2302,118.638,-18.0394],[-34.1708,96.5912,-8.10104],[-30.4248,87.9477,5.28636],[[[0.952556,-0.0368198,-0.302128],[0.243304,0.68852,0.683186],[0.182866,-0.724282,0.664812]],[[0.954334,-0.0440495,-0.295475],[-0.139696,0.808468,-0.571721],[0.264066,0.586889,0.765395]],[[0.954334,-0.0440495,-0.295475],[-0.286436,-0.415853,-0.863146],[-0.0848529,0.908365,-0.40948]],[[0.954334,-0.0440495,-0.295475],[-0.192041,-0.848089,-0.493827],[-0.228836,0.528019,-0.81782]]],3],[1794,[-0.0733375,0.768991,-0.635039],179,44.254,[-9.69998,186.721,-23.3095],[-8.22689,185.685,-22.7861],[7.24586,-266.475,14.3147],false,[-5.81576,98.6113,41.7684],[-7.94282,137.171,8.76078],[-5.97602,165.831,-2.83466],[-7.23274,179.009,-13.7167],[-10.0789,187.435,-25.9215],[[[0.913936,-0.233654,-0.331854],[0.403693,0.6077,0.68391],[0.041869,-0.759017,0.649723]],[[0.911839,-0.206206,-0.355005],[0.405609,0.31876,0.856664],[-0.0634875,-0.925133,0.374296]],[[0.911839,-0.206206,-0.355005],[0.403945,0.605089,0.686073],[0.0733375,-0.768991,0.635039]],[[0.911839,-0.206206,-0.355005],[0.364734,0.803832,0.469919],[0.188465,-0.557973,0.808175]]],4]],[[0,200,0],[235.247,235.247,147.751]]],[175427,7351526495,[[179,"right",[-0.291418,0.79086,-0.53816],[-0.0611666,-0.576833,-0.814569],[-35.7585,120.904,21.1672],[88.1791,-259.501,33.1554],[-36.5081,122.333,21.0703],0.601259,0,0.518623,[[0.957862,0.197944,-0.20813],[-0.0266375,0.782712,0.621814],[0.28599,-0.590068,0.755003]],55.827,[52.2883,-52.5469,226.865],[-15.3641,87.0368,48.2655]]],[[1790,[0.146604,0.359741,-0.921463],179,45.6608,[-41.6652,107,-29.9761],[-41.9558,106.596,-30.1255],[117.515,-290.079,45.7298],false,[-38.913,74.1008,47.5781],[-38.913,74.1008,47.5781],[-53.9027,91.7511,10.4773],[-49.5233,102.497,-17.0488],[-38.9674,107.84,-33.7961],[[[0.381988,0.752532,0.536452],[-0.627202,-0.215227,0.748528],[0.678751,-0.622392,0.389776]],[[0.138639,0.914861,0.379221],[-0.929142,-0.012366,0.369517],[0.342746,-0.40358,0.848321]],[[0.138639,0.914861,0.379221],[-0.979432,0.183346,-0.0842482],[-0.146604,-0.359741,0.921463]],[[0.138639,0.914861,0.379221],[-0.846022,0.30846,-0.434854],[-0.514806,-0.260542,0.816757]]],0],[1791,[0.47309,-0.827372,0.302725],179,51.5231,[-50.661,91.4073,-0.0313975],[-50.0742,90.5824,0.0528508],[114.398,-282.081,46.6013],false,[-33.8514,92.8418,54.9578],[-62.9657,134.835,15.6689],[-65.6513,113.161,-14.9886],[-55.6329,95.6406,-8.57794],[-48.3601,88.8977,2.6344],[[[0.892156,0.334347,-0.303759],[-0.0059024,0.681009,0.732251],[0.451688,-0.651489,0.60954]],[[0.864972,0.370922,-0.337993],[-0.496721,0.728616,-0.471578],[0.0713487,0.575791,0.814478]],[[0.864972,0.370922,-0.337993],[-0.167359,-0.42175,-0.891133],[-0.47309,0.827372,-0.302725]],[[0.864972,0.370922,-0.337993],[0.125581,-0.812102,-0.569842],[-0.485852,0.450452,-0.749026]]],1],[1792,[0.26599,-0.89404,0.360475],179,58.7064,[-42.6047,87.1572,-1.1054],[-41.9853,86.3047,-1.2054],[122.471,-281.018,68.0056],false,[-24.5722,97.7618,52.4936],[-44.4577,139.948,12.9811],[-53.1951,114.785,-19.7881],[-46.5682,92.5109,-10.8073],[-40.4995,84.2435,2.07267],[[[0.932825,0.122227,-0.338965],[0.15493,0.713262,0.68356],[0.325321,-0.690158,0.646412]],[[0.926893,0.134481,-0.350407],[-0.31315,0.791743,-0.524481],[0.206899,0.595868,0.775973]],[[0.926893,0.134481,-0.350407],[-0.2648,-0.427326,-0.86445],[-0.26599,0.89404,-0.360475]],[[0.926893,0.134481,-0.350407],[-0.0707498,-0.854265,-0.515001],[-0.368598,0.502142,-0.782297]]],2],[1793,[0.0855831,-0.902678,0.421721],179,56.4478,[-30.2806,88.7402,2.51326],[-29.6513,87.7734,2.40659],[116.271,-270.336,62.8117],false,[-14.6928,100.13,48.9377],[-24.5316,139.394,11.8777],[-34.3905,116.01,-17.9278],[-32.3133,94.1017,-7.69236],[-28.6687,85.652,5.84587],[[[0.95618,-0.0347862,-0.290705],[0.231472,0.697808,0.677853],[0.179276,-0.71544,0.675282]],[[0.957908,-0.0418654,-0.284007],[-0.137775,0.800887,-0.58275],[0.251854,0.59735,0.761408]],[[0.957908,-0.0418654,-0.284007],[-0.274022,-0.428276,-0.861099],[-0.0855831,0.902678,-0.421721]],[[0.957908,-0.0418654,-0.284007],[-0.181224,-0.855454,-0.485135],[-0.222645,0.516183,-0.827033]]],3],[1794,[-0.0735501,0.760472,-0.645192],179,44.254,[-8.62315,184.194,-23.4356],[-6.90062,183.134,-23.17],[46.7289,-277.954,-1.18713],false,[-4.55672,96.8601,42.4528],[-6.52085,135.021,8.97494],[-4.67171,163.557,-2.94283],[-5.93207,176.588,-13.9989],[-8.73186,184.836,-26.3358],[[[0.919025,-0.232173,-0.318572],[0.392298,0.617935,0.681365],[0.0386621,-0.751167,0.658979]],[[0.916847,-0.202994,-0.343781],[0.394752,0.332192,0.856633],[-0.0596896,-0.921109,0.384701]],[[0.916847,-0.202994,-0.343781],[0.392406,0.616828,0.682306],[0.0735501,-0.760472,0.645192]],[[0.916847,-0.202994,-0.343781],[0.353582,0.812727,0.463092],[0.185396,-0.54614,0.816921]]],4]],[[0,200,0],[235.247,235.247,147.751]]],[175428,7351536701,[[179,"right",[-0.288838,0.786295,-0.54618],[-0.0599973,-0.584241,-0.80936],[-34.3537,119.138,21.0727],[103.27,-233.146,20.212],[-34.9624,120.04,21.072],0.601313,0,0.5677,[[0.959278,0.193256,-0.206003],[-0.0244668,0.783419,0.621012],[0.281401,-0.590684,0.756245]],55.827,[52.4867,-54.2385,227.428],[-14.0801,85.4908,48.5343]]],[[1790,[0.146811,0.352635,-0.924173],179,45.6608,[-40.0961,104.702,-29.8812],[-40.4613,104.452,-30.0599],[124.246,-264.144,33.8879],false,[-37.6471,72.5847,47.9066],[-37.6471,72.5847,47.9066],[-52.5198,89.9957,10.6459],[-48.1342,100.53,-16.9611],[-37.5324,105.709,-33.7305],[[[0.38179,0.756876,0.530447],[-0.629422,-0.20735,0.748888],[0.676804,-0.619794,0.397231]],[[0.140892,0.917315,0.3724],[-0.929786,-0.00660475,0.368041],[0.340069,-0.398107,0.851977]],[[0.140892,0.917315,0.3724],[-0.979079,0.184881,-0.0849882],[-0.146811,-0.352635,0.924173]],[[0.140892,0.917315,0.3724],[-0.844282,0.307775,-0.438705],[-0.517046,-0.252601,0.817836]]],0],[1791,[0.47119,-0.825193,0.311507],179,51.5231,[-48.9816,89.0272,0.163168],[-48.6606,88.6441,0.2019],[121.771,-253.881,36.8562],false,[-32.5753,91.3854,55.1257],[-61.5255,133.058,15.3769],[-64.1687,111.107,-15.0863],[-54.1906,93.6323,-8.48972],[-46.9544,86.9838,2.8024],[[[0.893435,0.330172,-0.304566],[-0.0067029,0.687754,0.725913],[0.449143,-0.646515,0.616677]],[[0.866308,0.366579,-0.33931],[-0.49455,0.724943,-0.479455],[0.0702223,0.583161,0.809316]],[[0.866308,0.366579,-0.33931],[-0.165804,-0.429741,-0.887599],[-0.47119,0.825193,-0.311507]],[[0.866308,0.366579,-0.33931],[0.125827,-0.817528,-0.561975],[-0.483403,0.444148,-0.754356]]],1],[1792,[0.26531,-0.888545,0.374297],179,58.7064,[-40.8198,84.7504,-0.563892],[-40.5092,84.3243,-0.816027],[130.072,-254.247,60.8845],false,[-23.2823,96.2684,52.6398],[-43.0029,138.118,12.6889],[-51.6449,112.535,-19.779],[-45.035,90.3976,-10.4538],[-39.004,82.3129,2.55912],[[[0.933866,0.117674,-0.337709],[0.154302,0.719311,0.677335],[0.322623,-0.684649,0.653583]],[[0.927942,0.12991,-0.349353],[-0.311522,0.78493,-0.535574],[0.204641,0.605813,0.768839]],[[0.927942,0.12991,-0.349353],[-0.261791,-0.440013,-0.858985],[-0.26531,0.888545,-0.374297]],[[0.927942,0.12991,-0.349353],[-0.0688721,-0.861391,-0.503252],[-0.366306,0.491049,-0.790374]]],2],[1793,[0.0833201,-0.898686,0.430606],179,56.4478,[-28.5978,86.3622,2.86965],[-28.2432,85.8272,2.64893],[122.854,-245.745,50.9103],false,[-13.3903,98.5883,49.0872],[-23.075,137.523,11.6413],[-32.8946,113.878,-17.9703],[-30.8724,92.0667,-7.51928],[-27.2721,83.7449,6.10971],[[[0.956857,-0.0389217,-0.287941],[0.230834,0.703689,0.671966],[0.176467,-0.709442,0.682314]],[[0.958543,-0.0458822,-0.281231],[-0.135163,0.795643,-0.590494],[0.250853,0.604025,0.756457]],[[0.958543,-0.0458822,-0.281231],[-0.272495,-0.436186,-0.857606],[-0.0833201,0.898686,-0.430606]],[[0.958543,-0.0458822,-0.281231],[-0.18117,-0.859915,-0.477204],[-0.219939,0.50837,-0.832578]]],3],[1794,[-0.074359,0.754225,-0.652392],179,44.254,[-7.10375,181.465,-23.9502],[-5.49955,180.889,-23.7859],[74.5658,-259.96,-18.6264],false,[-3.24295,95.2436,42.6586],[-5.06369,133.097,8.82484],[-3.2431,161.524,-3.35365],[-4.51732,174.448,-14.5331],[-7.32584,182.572,-26.9495],[[[0.919468,-0.236501,-0.314079],[0.391528,0.623608,0.676623],[0.0358396,-0.745104,0.665985]],[[0.917163,-0.205116,-0.341671],[0.394155,0.340473,0.853651],[-0.058768,-0.917608,0.393117]],[[0.917163,-0.205116,-0.341671],[0.391513,0.623756,0.676495],[0.074359,-0.754225,0.652392]],[[0.917163,-0.205116,-0.341671],[0.352456,0.817621,0.455269],[0.185974,-0.53798,0.822187]]],4]],[[0,200,0],[235.247,235.247,147.751]]],[175429,7351543890,[[179,"right",[-0.28456,0.786211,-0.548542],[-0.0636796,-0.586435,-0.807489],[-33.2617,118.026,20.9985],[114.269,-215.395,13.3073],[-33.9342,118.822,21.0276],0.60124,0,0.599235,[[0.960325,0.187015,-0.206887],[-0.0195406,0.785134,0.619017],[0.278199,-0.590415,0.757638]],55.827,[52.6399,-55.3156,227.781],[-13.1696,84.3501,48.558]]],[[1790,[0.147524,0.349744,-0.925157],179,45.6608,[-39.1743,103.559,-29.873],[-39.4713,103.265,-30.06],[126.353,-240.935,26.2855],false,[-36.8104,71.5773,47.9804],[-36.8104,71.5773,47.9804],[-51.5965,89.0047,10.6931],[-47.1896,99.4523,-16.9434],[-36.5675,104.523,-33.7333],[[[0.386339,0.756345,0.527905],[-0.630286,-0.201381,0.74979],[0.67341,-0.622405,0.398913]],[[0.14738,0.917175,0.370228],[-0.929502,0.000484151,0.368817],[0.33809,-0.398484,0.852588]],[[0.14738,0.917175,0.370228],[-0.978016,0.190967,-0.0837601],[-0.147524,-0.349744,0.925157]],[[0.14738,0.917175,0.370228],[-0.842567,0.312471,-0.438684],[-0.518035,-0.247288,0.818833]]],0],[1791,[0.466691,-0.826846,0.313886],179,51.5231,[-48.064,87.8689,0.212887],[-47.7501,87.5495,0.228985],[122.869,-230.844,29.3679],false,[-31.628,90.3712,55.1382],[-60.3557,132.083,15.2697],[-63.1385,110.053,-15.1234],[-53.2556,92.5429,-8.4764],[-46.0514,85.8898,2.83341],[[[0.895183,0.324088,-0.305963],[-0.00246169,0.690066,0.723743],[0.445691,-0.647129,0.618533]],[[0.868188,0.360619,-0.340886],[-0.490697,0.726223,-0.481474],[0.0739302,0.585282,0.807453]],[[0.868188,0.360619,-0.340886],[-0.168667,-0.431601,-0.886156],[-0.466691,0.826846,-0.313886]],[[0.868188,0.360619,-0.340886],[0.120952,-0.820007,-0.559428],[-0.481269,0.444458,-0.755538]]],1],[1792,[0.260564,-0.888533,0.377646],179,58.7064,[-39.8935,83.5473,-0.425228],[-39.6166,83.1795,-0.749985],[128.736,-232.547,49.2454],false,[-22.3083,95.1931,52.6331],[-41.8056,137.029,12.5584],[-50.6031,111.382,-19.8177],[-44.1114,89.2454,-10.409],[-38.1206,81.179,2.63375],[[[0.934383,0.111259,-0.338451],[0.158701,0.720547,0.675001],[0.31897,-0.684422,0.65561]],[[0.928529,0.123483,-0.350123],[-0.307304,0.784809,-0.538182],[0.208324,0.607311,0.766664]],[[0.928529,0.123483,-0.350123],[-0.264463,-0.441885,-0.857203],[-0.260564,0.888533,-0.377646]],[[0.928529,0.123483,-0.350123],[-0.0737162,-0.862969,-0.499851],[-0.363868,0.489936,-0.792189]]],2],[1793,[0.0786989,-0.897354,0.434238],179,56.4478,[-27.6667,85.1015,2.9839],[-27.3375,84.6225,2.70907],[123.588,-227.854,41.5005],false,[-12.4046,97.4451,49.0694],[-21.8818,136.316,11.5047],[-31.8469,112.62,-18.0165],[-29.9368,90.8403,-7.47729],[-26.3742,82.5554,6.18407],[[[0.956498,-0.0453083,-0.288199],[0.23514,0.70447,0.669651],[0.172687,-0.708287,0.684478]],[[0.958134,-0.0522017,-0.281522],[-0.131054,0.79424,-0.593303],[0.254567,0.605358,0.754147]],[[0.958134,-0.0522017,-0.281522],[-0.275292,-0.438214,-0.855677],[-0.0786989,0.897354,-0.434238]],[[0.958134,-0.0522017,-0.281522],[-0.186047,-0.860886,-0.473564],[-0.217637,0.506114,-0.834556]]],3],[1794,[-0.0727663,0.752536,-0.654518],179,44.254,[-5.93667,179.985,-24.2238],[-4.2173,179.461,-24.0675],[98.2416,-245.542,-22.5307],false,[-2.27926,94.022,42.6473],[-3.89737,131.778,8.69501],[-1.98472,160.167,-3.55836],[-3.23165,173.062,-14.7742],[-6.03639,181.155,-27.2125],[[[0.917968,-0.242752,-0.313699],[0.395374,0.623485,0.674497],[0.0318509,-0.743194,0.668317]],[[0.915666,-0.209699,-0.342903],[0.39717,0.341007,0.852039],[-0.0617398,-0.916374,0.395534]],[[0.915666,-0.209699,-0.342903],[0.395298,0.624272,0.673813],[0.0727663,-0.752536,0.654518]],[[0.915666,-0.209699,-0.342903],[0.356458,0.817861,0.451709],[0.185724,-0.535845,0.823637]]],4]],[[0,200,0],[235.247,235.247,147.751]]],[175430,7351552878,[[179,"right",[-0.282037,0.784666,-0.552046],[-0.0663736,-0.589985,-0.804681],[-31.2682,115.964,21.0005],[143.76,-219.238,9.71891],[-32.0369,116.788,21.0083],0.601088,0,0.635445,[[0.96271,0.178509,-0.203282],[-0.0156795,0.786961,0.616803],[0.27008,-0.590615,0.760414]],55.827,[52.6074,-57.3688,228.585],[-11.2815,82.3444,48.7049]]],[[1790,[0.147622,0.345845,-0.926606],179,45.6608,[-37.292,101.377,-29.7694],[-37.5503,101.051,-29.9516],[149.488,-241.476,22.4893],false,[-34.9694,69.656,48.2028],[-34.9694,69.656,48.2028],[-49.7112,87.0249,10.8706],[-45.3014,97.3561,-16.8091],[-34.672,102.314,-33.6281],[[[0.389468,0.757392,0.524091],[-0.63052,-0.195537,0.751139],[0.671386,-0.622995,0.401396]],[[0.152372,0.917733,0.366808],[-0.929065,0.00642415,0.36986],[0.337077,-0.397145,0.853613]],[[0.152372,0.917733,0.366808],[-0.977236,0.195338,-0.0827805],[-0.147622,-0.345845,0.926606]],[[0.152372,0.917733,0.366808],[-0.841459,0.315134,-0.438904],[-0.518391,-0.241778,0.820253]]],0],[1791,[0.463995,-0.827014,0.317421],179,51.5231,[-46.2374,85.7748,0.354963],[-45.8802,85.4444,0.382955],[146.236,-231.695,26.0077],false,[-29.7132,88.4643,55.2688],[-58.3142,130.094,15.2233],[-61.1998,107.932,-15.0644],[-51.374,90.4185,-8.34259],[-44.1848,83.7935,2.99324],[[[0.896163,0.319354,-0.308067],[0.000557488,0.693463,0.720492],[0.443724,-0.64585,0.621278]],[[0.869198,0.355921,-0.343241],[-0.488485,0.725718,-0.484475],[0.0766615,0.588773,0.804655]],[[0.869198,0.355921,-0.343241],[-0.170889,-0.435164,-0.883985],[-0.463995,0.827014,-0.317421]],[[0.869198,0.355921,-0.343241],[0.11762,-0.823072,-0.555624],[-0.480271,0.442576,-0.757276]]],1],[1792,[0.258098,-0.88686,0.383229],179,58.7064,[-38.0659,81.4212,-0.179702],[-37.7422,81.0365,-0.516653],[150.814,-233.893,43.263],false,[-20.3776,93.24,52.735],[-39.7479,134.959,12.4767],[-48.6474,109.156,-19.7474],[-42.2171,87.0609,-10.1997],[-36.2441,79.0598,2.89143],[[[0.934559,0.106232,-0.33958],[0.161798,0.723122,0.671502],[0.316892,-0.682502,0.658612]],[[0.928723,0.11846,-0.351341],[-0.305062,0.782718,-0.542484],[0.210739,0.610999,0.763066]],[[0.928723,0.11846,-0.351341],[-0.266194,-0.446594,-0.854222],[-0.258098,0.88686,-0.383229]],[[0.928723,0.11846,-0.351341],[-0.076551,-0.865911,-0.494306],[-0.362786,0.485969,-0.795123]]],2],[1793,[0.0760298,-0.895191,0.43915],179,56.4478,[-25.8638,82.9497,3.17302],[-25.4669,82.4555,2.89343],[146.789,-231.193,35.8506],false,[-10.4681,95.4388,49.1542],[-19.8276,134.168,11.4134],[-29.8982,110.359,-17.9817],[-28.0529,88.6323,-7.32331],[-24.5069,80.4132,6.38204],[[[0.956132,-0.0501784,-0.288606],[0.238174,0.706739,0.666178],[0.170541,-0.705693,0.687687]],[[0.957732,-0.0569796,-0.281963],[-0.128706,0.791725,-0.597166],[0.257263,0.608215,0.750926]],[[0.957732,-0.0569796,-0.281963],[-0.277433,-0.442025,-0.853021],[-0.0760298,0.895191,-0.43915]],[[0.957732,-0.0569796,-0.281963],[-0.189278,-0.862933,-0.468531],[-0.216618,0.502096,-0.837243]]],3],[1794,[-0.0742887,0.749272,-0.658083],179,44.254,[-3.93466,177.538,-24.5542],[-2.24317,177.059,-24.3815],[131.631,-251.171,-25.1504],false,[-0.359667,91.9484,42.7417],[-1.86178,129.55,8.61337],[0.0490417,157.889,-3.75528],[-1.22397,170.729,-15.0322],[-4.06834,178.746,-27.5099],[[[0.91686,-0.247597,-0.313152],[0.398113,0.62519,0.6713],[0.0295677,-0.740158,0.671783]],[[0.914417,-0.212122,-0.344741],[0.400047,0.343822,0.849558],[-0.0616807,-0.914763,0.399256]],[[0.914417,-0.212122,-0.344741],[0.397899,0.627372,0.669388],[0.0742887,-0.749272,0.658083]],[[0.914417,-0.212122,-0.344741],[0.358284,0.820465,0.4455],[0.188347,-0.530888,0.826247]]],4]],[[0,200,0],[235.247,235.247,147.751]]],[175431,7351561301,[[179,"right",[-0.274753,0.780252,-0.561888],[-0.0638354,-0.597891,-0.799031],[-29.2124,113.884,21.0352],[169.791,-226.429,8.2665],[-30.005,114.699,21.0277],0.600664,0,0.583129,[[0.96494,0.171642,-0.198568],[-0.0134596,0.787902,0.615654],[0.262124,-0.591397,0.762588]],55.827,[52.4422,-59.4393,229.608],[-9.56463,80.4587,49.2133]]],[[1790,[0.153996,0.336956,-0.928841],179,45.6608,[-35.0507,98.9622,-29.5947],[-35.2251,98.5591,-29.7718],[181.261,-254.382,22.2756],false,[-33.3075,67.8747,48.6843],[-33.3075,67.8747,48.6843],[-47.706,85.0007,11.1067],[-43.1058,95.0663,-16.6399],[-32.3533,99.8121,-33.4417],[[[0.38954,0.76093,0.518888],[-0.63634,-0.184934,0.748913],[0.66583,-0.621921,0.412171]],[[0.155826,0.920009,0.359586],[-0.931305,0.0155041,0.363911],[0.329226,-0.391591,0.859224]],[[0.155826,0.920009,0.359586],[-0.975707,0.200112,-0.0891709],[-0.153996,-0.336956,0.928841]],[[0.155826,0.920009,0.359586],[-0.837095,0.316251,-0.446382],[-0.524395,-0.23145,0.819415]]],0],[1791,[0.458163,-0.825788,0.328878],179,51.5231,[-44.202,83.5508,0.589765],[-43.8288,83.2224,0.633641],[171.488,-239.966,27.0117],false,[-28.0104,86.73,55.5923],[-56.1538,128.077,14.9353],[-58.945,105.62,-15.1432],[-49.2427,88.1332,-8.17873],[-42.1572,81.593,3.27112],[[[0.899642,0.312066,-0.305383],[-0.000944525,0.700801,0.713356],[0.436627,-0.641477,0.630765]],[[0.873012,0.348481,-0.341192],[-0.482029,0.72292,-0.495011],[0.0741526,0.596614,0.799095]],[[0.873012,0.348481,-0.341192],[-0.167144,-0.443436,-0.880584],[-0.458163,0.825788,-0.328878]],[[0.873012,0.348481,-0.341192],[0.11748,-0.829259,-0.546377],[-0.473338,0.43691,-0.764893]]],1],[1792,[0.252828,-0.881791,0.398149],179,58.7064,[-35.9849,79.1503,0.32772],[-35.6474,78.7552,-0.00641807],[176.823,-243.295,49.4327],false,[-18.6361,91.4367,53.0716],[-37.5475,132.829,12.2619],[-46.3119,106.624,-19.6733],[-40.0129,84.6551,-9.75378],[-34.1564,76.8235,3.49158],[[[0.937252,0.0984586,-0.334462],[0.160751,0.729217,0.665133],[0.309383,-0.677162,0.667633]],[[0.931519,0.110657,-0.34645],[-0.298663,0.776338,-0.555067],[0.20754,0.620527,0.756223]],[[0.931519,0.110657,-0.34645],[-0.261438,-0.458475,-0.849382],[-0.252828,0.881791,-0.398149]],[[0.931519,0.110657,-0.34645],[-0.0757732,-0.872636,-0.482457],[-0.355712,0.47567,-0.804492]]],2],[1793,[0.0692549,-0.890625,0.449434],179,56.4478,[-23.8654,80.6729,3.5662],[-23.4382,80.1666,3.33653],[171.129,-241.422,40.3622],false,[-8.69325,93.5532,49.5341],[-17.6245,131.936,11.3384],[-27.6113,107.863,-17.8698],[-25.9305,86.2473,-6.96175],[-22.5091,78.1653,6.8564],[[[0.957762,-0.0575181,-0.281751],[0.237083,0.71243,0.660481],[0.162738,-0.699382,0.695975]],[[0.959277,-0.0642151,-0.275071],[-0.121242,0.785942,-0.606296],[0.255123,0.614956,0.746151]],[[0.959277,-0.0642151,-0.275071],[-0.273846,-0.450181,-0.849909],[-0.0692549,0.890625,-0.449434]],[[0.959277,-0.0642151,-0.275071],[-0.190013,-0.867249,-0.46019],[-0.209004,0.493716,-0.844134]]],3],[1794,[-0.0696006,0.742917,-0.665755],179,44.254,[-1.5053,174.854,-24.9098],[0.217343,174.374,-24.7603],[173.546,-268.152,-29.4609],false,[1.4407,89.9509,43.2245],[0.337616,127.208,8.70456],[2.38563,155.433,-3.89925],[1.19295,168.164,-15.3077],[-1.58345,176.049,-27.8845],[[[0.917733,-0.254995,-0.304538],[0.396603,0.630205,0.667494],[0.0217132,-0.733362,0.679492]],[[0.915461,-0.217584,-0.338509],[0.396939,0.350074,0.848462],[-0.0661091,-0.911101,0.406846]],[[0.915461,-0.217584,-0.338509],[0.396342,0.633033,0.664968],[0.0696006,-0.742917,0.665755]],[[0.915461,-0.217584,-0.338509],[0.357955,0.824639,0.437995],[0.183847,-0.522138,0.83281]]],4]],[[0,200,0],[235.247,235.247,147.751]]],[175432,7351570389,[[179,"right",[-0.270473,0.777565,-0.56766],[-0.068989,-0.603775,-0.794164],[-27.4014,112.612,21.0099],[177.955,-202.496,5.20515],[-27.9963,113.088,21.0139],0.600023,0,0.621193,[[0.966856,0.161047,-0.198125],[-0.00569076,0.789379,0.613879],[0.255259,-0.592405,0.764133]],55.827,[52.452,-60.8543,230.183],[-7.93082,79.2823,49.4234]]],[[1790,[0.153503,0.330241,-0.931331],179,45.6608,[-33.3289,97.3578,-29.4382],[-33.5743,97.0318,-29.6237],[180.524,-229.036,20.694],false,[-31.7567,66.8512,49.0294],[-31.7567,66.8512,49.0294],[-46.0705,83.8719,11.3717],[-41.485,93.7369,-16.4493],[-30.7295,98.2873,-33.3031],[[[0.395331,0.762437,0.512253],[-0.636397,-0.174791,0.751297],[0.662354,-0.623007,0.416112]],[[0.164574,0.920794,0.353629],[-0.930483,0.0259683,0.365415],[0.327288,-0.389184,0.861057]],[[0.164574,0.920794,0.353629],[-0.974347,0.207556,-0.0869957],[-0.153503,-0.330241,0.931331]],[[0.164574,0.920794,0.353629],[-0.835327,0.320765,-0.446473],[-0.524542,-0.221918,0.821954]]],0],[1791,[0.453343,-0.826106,0.334708],179,51.5231,[-42.4599,81.9904,0.840907],[-42.2485,81.8868,0.87311],[172.149,-214.156,26.8371],false,[-26.3251,85.7255,55.7796],[-54.2581,126.934,14.8372],[-57.2443,104.258,-15.0582],[-47.6441,86.7645,-7.97031],[-40.5826,80.2699,3.52023],[[[0.901208,0.303699,-0.30918],[0.00475652,0.706428,0.707769],[0.433362,-0.639318,0.635193]],[[0.874693,0.340092,-0.345326],[-0.478141,0.722105,-0.499945],[0.079334,0.602413,0.794232]],[[0.874693,0.340092,-0.345326],[-0.171444,-0.449318,-0.876767],[-0.453343,0.826106,-0.334708]],[[0.874693,0.340092,-0.345326],[0.111235,-0.834328,-0.539929],[-0.471741,0.43386,-0.767611]]],1],[1792,[0.247643,-0.88005,0.405198],179,58.7064,[-34.2449,77.5116,0.671014],[-34.0945,77.3599,0.279721],[175.1,-218.223,44.3823],false,[-16.924,90.3501,53.2078],[-35.625,131.541,12.0987],[-44.6072,105.136,-19.6099],[-38.4374,83.2101,-9.51481],[-32.6135,75.4525,3.78833],[[[0.937367,0.0896241,-0.336617],[0.166561,0.733394,0.659083],[0.305943,-0.67387,0.672531]],[[0.931737,0.101679,-0.348609],[-0.294324,0.773751,-0.560967],[0.212697,0.625277,0.750859]],[[0.931737,0.101679,-0.348609],[-0.265593,-0.463869,-0.845155],[-0.247643,0.88005,-0.405198]],[[0.931737,0.101679,-0.348609],[-0.082099,-0.876159,-0.474979],[-0.353732,0.471176,-0.808002]]],2],[1793,[0.0642428,-0.887303,0.456691],179,56.4478,[-22.0987,78.9453,3.86344],[-21.87,78.7191,3.58448],[171.504,-218.478,36.7274],false,[-6.97283,92.3729,49.639],[-15.7098,130.509,11.1529],[-25.8993,106.269,-17.846],[-24.3401,84.734,-6.76186],[-20.9484,76.7461,7.11811],[[[0.956931,-0.0660613,-0.2827],[0.242774,0.716068,0.654452],[0.159198,-0.694898,0.701265]],[[0.958403,-0.0726721,-0.276013],[-0.117081,0.781836,-0.612393],[0.260301,0.619235,0.740805]],[[0.958403,-0.0726721,-0.276013],[-0.278096,-0.455426,-0.845725],[-0.0642428,0.887303,-0.456691]],[[0.958403,-0.0726721,-0.276013],[-0.196307,-0.869826,-0.452621],[-0.20719,0.487976,-0.84791]]],3],[1794,[-0.0686984,0.738473,-0.670774],179,44.254,[0.652251,172.799,-25.385],[2.18267,172.55,-25.2786],[185.716,-248.691,-35.8283],false,[3.12755,88.654,43.3432],[2.21678,125.642,8.53015],[4.35941,153.782,-4.2488],[3.18219,166.436,-15.7432],[0.38948,174.229,-28.3736],[[[0.915569,-0.263445,-0.303858],[0.401761,0.632851,0.661882],[0.0179276,-0.728077,0.685261]],[[0.91329,-0.224022,-0.340169],[0.401394,0.353205,0.845061],[-0.0691634,-0.908328,0.4125]],[[0.91329,-0.224022,-0.340169],[0.401474,0.63598,0.659051],[0.0686984,-0.738473,0.670774]],[[0.91329,-0.224022,-0.340169],[0.362909,0.826739,0.429883],[0.184927,-0.516059,0.836353]]],4]],[[0,200,0],[235.247,235.247,147.751]]],[175433,7351578551,[[179,"right",[-0.266583,0.775921,-0.571734],[-0.0741479,-0.607954,-0.790503],[-25.7178,111.634,21.1022],[185.108,-181.61,6.74768],[-26.281,111.993,21.0804],0.599204,0,0.609425,[[0.968385,0.151643,-0.198077],[0.00153279,0.790391,0.6126],[0.249455,-0.593537,0.765171]],55.827,[52.6028,-62.0549,230.682],[-6.407,78.3493,49.6769]]],[[1790,[0.15328,0.325085,-0.93318],179,45.6608,[-31.8189,96.2267,-29.2244],[-32.0431,95.8828,-29.4],[181.997,-205.734,22.3277],false,[-30.311,66.0658,49.3961],[-30.311,66.0658,49.3961],[-44.5411,83.0321,11.6821],[-39.9623,92.7431,-16.194],[-29.209,97.1343,-33.0914],[[[0.400987,0.762918,0.507115],[-0.636173,-0.16641,0.753387],[0.659161,-0.624711,0.41862]],[[0.172622,0.921011,0.3492],[-0.929694,0.0352374,0.366642],[0.325377,-0.38794,0.862341]],[[0.172622,0.921011,0.3492],[-0.972989,0.214613,-0.0850559],[-0.15328,-0.325085,0.93318]],[[0.172622,0.921011,0.3492],[-0.833769,0.325386,-0.446042],[-0.524434,-0.214155,0.824079]]],0],[1791,[0.448846,-0.826924,0.338724],179,51.5231,[-40.9966,80.9423,1.12592],[-40.7902,80.8862,1.16983],[173.787,-190.979,29.243],false,[-24.7495,84.9447,56.0266],[-52.495,126.088,14.8916],[-55.6762,103.258,-14.866],[-46.1713,85.747,-7.69306],[-39.129,79.2765,3.82286],[[[0.902554,0.296231,-0.312481],[0.0104097,0.710501,0.703619],[0.430452,-0.638307,0.638182]],[[0.876143,0.332657,-0.348873],[-0.474584,0.722139,-0.503275],[0.0845165,0.606511,0.790571]],[[0.876143,0.332657,-0.348873],[-0.175812,-0.453361,-0.873816],[-0.448846,0.826924,-0.338724]],[[0.876143,0.332657,-0.348873],[0.105113,-0.83815,-0.535216],[-0.470451,0.432254,-0.769306]]],1],[1792,[0.242594,-0.879547,0.409324],179,58.7064,[-32.8178,76.4065,0.95075],[-32.6731,76.3071,0.58092],[174.558,-195.425,41.7242],false,[-15.3241,89.4952,53.4118],[-33.8382,130.562,12.0946],[-43.049,104.052,-19.4609],[-37.005,82.1391,-9.26297],[-31.208,74.416,4.072],[[[0.937324,0.0817771,-0.338728],[0.172295,0.736167,0.654501],[0.302884,-0.671841,0.675937]],[[0.931764,0.0937654,-0.350749],[-0.290248,0.772744,-0.564466],[0.218112,0.627753,0.74723]],[[0.931764,0.0937654,-0.350749],[-0.270119,-0.466482,-0.842276],[-0.242594,0.879547,-0.409324]],[[0.931764,0.0937654,-0.350749],[-0.0885855,-0.878164,-0.470086],[-0.352093,0.46908,-0.809935]]],2],[1793,[0.0595516,-0.884949,0.461865],179,56.4478,[-20.6329,77.7559,4.14502],[-20.426,77.6061,3.87192],[172.852,-197.63,36.3044],false,[-5.36668,91.4346,49.8143],[-13.9314,129.4,11.121],[-24.3229,105.055,-17.7176],[-22.8776,83.5765,-6.5079],[-19.5108,75.6509,7.41381],[[[0.956006,-0.0737108,-0.283935],[0.24839,0.718337,0.649842],[0.156061,-0.69178,0.705043]],[[0.957442,-0.0802645,-0.27724],[-0.113291,0.778952,-0.616764],[0.265461,0.621925,0.736709]],[[0.957442,-0.0802645,-0.27724],[-0.282414,-0.458719,-0.842508],[-0.0595516,0.884949,-0.461865]],[[0.957442,-0.0802645,-0.27724],[-0.202492,-0.871287,-0.447052],[-0.205673,0.484166,-0.85046]]],3],[1794,[-0.0687779,0.73542,-0.674113],179,44.254,[2.45252,171.336,-25.6443],[3.96628,171.125,-25.5486],[194.058,-229.131,-33.8405],false,[4.69926,87.6158,43.5232],[3.95971,124.405,8.49621],[6.17035,152.489,-4.39263],[4.99177,165.091,-15.9443],[2.16763,172.816,-28.6099],[[[0.913372,-0.270951,-0.303869],[0.406865,0.634169,0.657488],[0.0145574,-0.724165,0.689473]],[[0.911041,-0.229055,-0.342837],[0.406093,0.354571,0.84224],[-0.0713588,-0.906539,0.416047]],[[0.911041,-0.229055,-0.342837],[0.406538,0.637724,0.654244],[0.0687779,-0.73542,0.674113]],[[0.911041,-0.229055,-0.342837],[0.367466,0.828193,0.42316],[0.187009,-0.511498,0.838688]]],4]],[[0,200,0],[235.247,235.247,147.751]]],[175434,7351587365,[[179,"right",[-0.262698,0.776277,-0.573048],[-0.0817215,-0.609673,-0.788429],[-23.9047,110.909,21.0968],[190.664,-154.791,4.76305],[-24.3997,111.135,21.0934],0.598302,0,0.644062,[[0.970056,0.1405,-0.198118],[0.0101969,0.791424,0.611182],[0.242666,-0.594901,0.766293]],55.827,[52.658,-63.1662,230.97],[-4.74606,77.5608,49.6991]]],[[1790,[0.152446,0.322365,-0.93426],179,45.6608,[-30.1818,95.461,-29.1058],[-30.4519,95.1432,-29.2951],[182.153,-172.095,19.5838],false,[-28.7447,65.4611,49.5417],[-28.7447,65.4611,49.5417],[-42.9175,82.5088,11.8428],[-38.3636,92.1385,-16.0656],[-27.5966,96.3874,-32.9907],[[[0.408702,0.761285,0.503396],[-0.634669,-0.159298,0.756187],[0.655864,-0.628546,0.418059]],[[0.182821,0.919796,0.347206],[-0.928202,0.0450741,0.369338],[0.324065,-0.3898,0.861996]],[[0.182821,0.919796,0.347206],[-0.971255,0.223733,-0.0812842],[-0.152446,-0.322365,0.93426]],[[0.182821,0.919796,0.347206],[-0.831171,0.333224,-0.445103],[-0.525101,-0.207213,0.825428]]],0],[1791,[0.443821,-0.82932,0.339488],179,51.5231,[-39.4556,80.2032,1.29076],[-39.2845,80.2211,1.30952],[172.981,-159.763,25.6169],false,[-23.0139,84.3159,56.0961],[-50.5924,125.551,14.9412],[-54.0596,102.661,-14.7375],[-44.6611,85.0985,-7.54835],[-37.625,78.6087,3.9605],[[[0.903655,0.288351,-0.31664],[0.0184563,0.712454,0.701476],[0.427863,-0.639736,0.638491]],[[0.877328,0.324958,-0.353127],[-0.470968,0.724277,-0.503599],[0.092113,0.608133,0.788473]],[[0.877328,0.324958,-0.353127],[-0.182536,-0.454567,-0.871808],[-0.443821,0.82932,-0.339488]],[[0.877328,0.324958,-0.353127],[0.0967435,-0.840503,-0.5331],[-0.470039,0.433541,-0.768834]]],1],[1792,[0.236749,-0.881166,0.409264],179,58.7064,[-31.3414,75.6015,1.02332],[-31.2235,75.581,0.666476],[171.24,-164.631,31.3774],false,[-13.5634,88.7859,53.4336],[-31.9121,129.873,12.063],[-41.463,103.399,-19.421],[-35.5647,81.4454,-9.22459],[-29.7809,73.693,4.09908],[[[0.936677,0.0735599,-0.34238],[0.180353,0.736729,0.651693],[0.30018,-0.672175,0.67681]],[[0.931161,0.085566,-0.354426],[-0.285988,0.774375,-0.564406],[0.226165,0.626915,0.745538]],[[0.931161,0.085566,-0.354426],[-0.277289,-0.465001,-0.840765],[-0.236749,0.881166,-0.409264]],[[0.931161,0.085566,-0.354426],[-0.0976414,-0.878048,-0.468506],[-0.351291,0.470861,-0.809249]]],2],[1793,[0.0538612,-0.885084,0.462304],179,56.4478,[-19.1122,76.8555,4.17253],[-18.9478,76.802,3.89642],[170.949,-168.467,25.4684],false,[-3.60456,90.6381,49.7941],[-12.0186,128.555,11.0203],[-22.7129,104.274,-17.7619],[-21.4056,82.7927,-6.54157],[-18.0526,74.8603,7.37962],[[[0.954363,-0.0819065,-0.287197],[0.256291,0.718299,0.646809],[0.153315,-0.690897,0.70651]],[[0.955759,-0.0883816,-0.280559],[-0.10904,0.779388,-0.616981],[0.273194,0.620277,0.73527]],[[0.955759,-0.0883816,-0.280559],[-0.289178,-0.456962,-0.841167],[-0.0538612,0.885084,-0.462304]],[[0.955759,-0.0883816,-0.280559],[-0.211115,-0.870272,-0.445037],[-0.20483,0.484578,-0.850429]]],3],[1794,[-0.0691511,0.735016,-0.674514],179,44.254,[4.41645,170.194,-25.8395],[5.85981,170.065,-25.7759],[199.934,-198.585,-30.0024],false,[6.40857,86.7234,43.4777],[5.82379,123.415,8.34516],[8.11343,151.485,-4.55999],[6.92845,164.08,-16.1185],[4.05983,171.791,-28.7823],[[[0.91014,-0.27887,-0.306393],[0.414141,0.632935,0.654126],[0.0115108,-0.722236,0.691551]],[[0.907726,-0.234113,-0.348172],[0.413001,0.352402,0.839787],[-0.0739086,-0.906093,0.416574]],[[0.907726,-0.234113,-0.348172],[0.413825,0.636351,0.651004],[0.0691511,-0.735016,0.674514]],[[0.907726,-0.234113,-0.348172],[0.374099,0.827327,0.419022],[0.189954,-0.510608,0.838568]]],4]],[[0,200,0],[235.247,235.247,147.751]]],[175435,7351595886,[[179,"right",[-0.260291,0.777704,-0.57221],[-0.0809133,-0.608123,-0.789708],[-21.7109,109.884,21.2233],[208.169,-145.752,7.40634],[-22.2609,110.14,21.1968],0.597699,0,0.674625,[[0.972236,0.135564,-0.190734],[0.00968529,0.791084,0.611631],[0.233802,-0.596497,0.767807]],55.827,[52.6428,-64.6491,231.436],[-2.66436,76.4554,49.8068]]],[[1790,[0.154761,0.324866,-0.933012],179,45.6608,[-27.9106,94.6404,-28.9875],[-28.1312,94.2945,-29.1803],[205.602,-152.357,18.0898],false,[-26.6806,64.3919,49.5752],[-26.6806,64.3919,49.5752],[-40.7124,81.5967,11.895],[-36.0893,91.3012,-15.9761],[-25.2701,95.5664,-32.8637],[[[0.40874,0.759761,0.505663],[-0.636552,-0.159716,0.754515],[0.654014,-0.630281,0.418344]],[[0.184926,0.918172,0.350374],[-0.928905,0.0469126,0.367335],[0.32084,-0.393394,0.86157]],[[0.184926,0.918172,0.350374],[-0.97049,0.226762,-0.0820212],[-0.154761,-0.324866,0.933012]],[[0.184926,0.918172,0.350374],[-0.829089,0.337179,-0.446006],[-0.52765,-0.208013,0.8236]]],0],[1791,[0.441947,-0.830554,0.338914],179,51.5231,[-37.3454,79.2682,1.3423],[-37.0916,79.2553,1.34626],[195.102,-147.543,20.0118],false,[-20.936,83.2262,56.1763],[-48.3633,124.577,15.0362],[-51.8012,101.746,-14.6917],[-42.4423,84.1578,-7.51471],[-35.4394,77.6377,3.99726],[[[0.904772,0.287572,-0.31415],[0.017991,0.711156,0.702804],[0.425517,-0.641529,0.63826]],[[0.878519,0.324362,-0.350705],[-0.468895,0.725869,-0.503241],[0.0913338,0.606551,0.789781]],[[0.878519,0.324362,-0.350705],[-0.181349,-0.452735,-0.873008],[-0.441947,0.830554,-0.338914]],[[0.878519,0.324362,-0.350705],[0.0966932,-0.839686,-0.534395],[-0.46782,0.435565,-0.769043]]],1],[1792,[0.234211,-0.883054,0.406646],179,58.7064,[-29.2743,74.6578,1.0031],[-29.0497,74.6081,0.678577],[192.741,-151.16,22.0872],false,[-11.473,87.6869,53.5424],[-29.6703,128.876,12.2065],[-39.2107,102.521,-19.3805],[-33.3755,80.5206,-9.24927],[-27.632,72.7162,4.06141],[[[0.93753,0.0727785,-0.340208],[0.180032,0.735278,0.653418],[0.297702,-0.673847,0.676242]],[[0.932003,0.0849312,-0.35236],[-0.283433,0.77672,-0.56247],[0.225914,0.624094,0.747977]],[[0.932003,0.0849312,-0.35236],[-0.276616,-0.461522,-0.8429],[-0.234211,0.883054,-0.406646]],[[0.932003,0.0849312,-0.35236],[-0.098363,-0.876408,-0.471418],[-0.348849,0.474022,-0.80846]]],2],[1793,[0.0508074,-0.887219,0.458543],179,56.4478,[-17.0613,75.8903,4.13452],[-16.7812,75.8122,3.90851],[192.179,-154.316,17.2448],false,[-1.50357,89.5307,49.928],[-9.77661,127.53,11.2047],[-20.455,103.394,-17.7049],[-19.2219,81.8609,-6.57577],[-15.9167,73.8719,7.32444],[[[0.954863,-0.0828137,-0.285268],[0.255953,0.716743,0.648666],[0.150746,-0.692402,0.705588]],[[0.956228,-0.0892685,-0.278674],[-0.105898,0.782215,-0.613942],[0.272789,0.61658,0.738522]],[[0.956228,-0.0892685,-0.278674],[-0.288179,-0.45263,-0.843848],[-0.0508074,0.887219,-0.458543]],[[0.956228,-0.0892685,-0.278674],[-0.211807,-0.868244,-0.448654],[-0.201907,0.488041,-0.849147]]],3],[1794,[-0.069078,0.737795,-0.671481],179,44.254,[6.63505,169.252,-25.5043],[8.08184,169.124,-25.4077],[216.563,-174.