{"metadata":{"formatVersion":2,"generatedBy":"LeapJS Playback 0.2.1","frames":562,"frameRate":"80","modified":"Sun Apr 12 2015 21:44:45 GMT-0300 (E. South America Standard Time)","title":"poder"},"frames":[["id","timestamp",{"hands":[["id","type","direction","palmNormal","palmPosition","palmVelocity","stabilizedPalmPosition","pinchStrength","grabStrength","confidence","armBasis","armWidth","elbow","wrist"]]},{"pointables":[["id","direction","handId","length","stabilizedTipPosition","tipPosition","tipVelocity","tool","carpPosition","mcpPosition","pipPosition","dipPosition","btipPosition","bases","type"]]},{"interactionBox":["center","size"]}],[138362,6924553495,[[134,"right",[0.0934802,0.401483,-0.911083],[-0.95151,-0.233339,-0.200452],[55.4945,129.64,-12.8079],[6.29458,-253.915,-69.0108],[55.4249,132.591,-11.9909],0.867617,1,0.328236,[[0.287517,-0.816719,-0.500304],[0.956007,0.276447,0.0981195],[0.0581715,-0.506506,0.860272]],56.162,[70.4807,-15.0663,233.621],[56.6373,105.469,28.8982]],[135,"left",[0.0617365,-0.0528455,-0.996693],[0.996372,-0.055346,0.0646511],[-67.0724,110.795,-0.784743],[-12.7141,-55.972,10.6537],[-66.9419,110.799,-0.86575],0.942892,1,0.286204,[[0.0314218,-0.772602,-0.634113],[-0.992155,0.0526928,-0.113364],[-0.120999,-0.6327,0.764885]],55.6483,[-102.664,-42.3313,226.661],[-74.1329,106.858,46.3027]]],[[1340,[-0.275161,-0.115164,-0.954476],134,45.9347,[18.1581,132.299,-31.2132],[18.3737,132.755,-31.0659],[-4.40146,-199.575,-47.4095],false,[39.9341,124.291,38.7887],[39.9341,124.291,38.7887],[27.131,148.837,4.59418],[18.8621,145.376,-24.0892],[17.8649,127.121,-33.6422],[[[0.987228,-0.069334,-0.143437],[0.153186,0.660428,0.735098],[0.0437623,-0.747681,0.662614]],[[0.953047,0.0979008,-0.286561],[0.0837878,0.824103,0.560209],[0.291001,-0.557916,0.777206]],[[0.953047,0.0979008,-0.286561],[-0.126445,0.98851,-0.0828182],[0.275161,0.115164,0.954476]],[[0.953047,0.0979008,-0.286561],[-0.29894,0.455223,-0.838694],[0.0483405,0.884979,0.463115]]],0],[1341,[-0.146881,-0.610456,0.778312],134,51.8322,[18.2249,133.919,-5.17144],[17.9246,131.804,-6.1978],[19.8798,-138.183,-34.6132],false,[59.2975,125.803,31.0901],[52.899,158.474,-24.5544],[16.7689,149.646,-31.6653],[13.6398,136.641,-15.0845],[20.0016,130.434,-2.92825],[[[0.304604,-0.805661,-0.508062],[0.947354,0.311526,0.0739742],[0.0986764,-0.503847,0.858138]],[[0.298869,-0.777459,-0.553385],[0.0169881,0.584132,-0.811481],[0.954143,0.233126,0.187787]],[[0.298869,-0.777459,-0.553385],[-0.942923,-0.151332,-0.296641],[0.146881,0.610456,-0.778312]],[[0.298869,-0.777459,-0.553385],[-0.855692,-0.475039,0.205253],[-0.422455,0.412183,-0.80724]]],1],[1342,[-0.229831,-0.418405,0.878701],134,59.0586,[17.2622,124.446,-3.19142],[16.9855,122.694,-3.62845],[0.874136,-135.103,-19.2343],false,[63.9379,117.882,25.301],[60.4086,141.765,-31.2541],[18.5171,137.227,-36.6698],[12.7567,126.74,-14.6465],[18.6258,121.406,-0.105781],[[[0.149141,-0.907549,-0.39257],[0.987149,0.159697,0.00583765],[0.0573943,-0.388396,0.919704]],[[0.149112,-0.907348,-0.393045],[0.0736812,0.406579,-0.91064],[0.986071,0.106827,0.12748]],[[0.149112,-0.907348,-0.393045],[-0.96174,-0.0406907,-0.270926],[0.229831,0.418405,-0.878701]],[[0.149112,-0.907348,-0.393045],[-0.923147,-0.270182,0.273498],[-0.354351,0.322057,-0.877903]]],2],[1343,[-0.282901,-0.287553,0.91503],134,56.7865,[24.0357,112.888,-3.78458],[23.2748,110.503,-3.91758],[-43.5621,-155.666,-10.9978],false,[66.2867,108.511,20.4107],[65.5223,122.423,-33.0124],[26.508,120.583,-38.041],[19.6007,113.562,-15.6994],[24.5029,109.591,-0.487771],[[[0.0811192,-0.964252,-0.252265],[0.996608,0.0819862,0.00709055],[0.0138451,-0.251984,0.967632]],[[0.0807537,-0.957756,-0.276013],[0.1094,0.283761,-0.952634],[0.990712,0.0467328,0.127694]],[[0.0807537,-0.957756,-0.276013],[-0.955744,0.00419227,-0.294171],[0.282901,0.287553,-0.91503]],[[0.0807537,-0.957756,-0.276013],[-0.951243,-0.156758,0.265638],[-0.297683,0.241104,-0.923717]]],3],[1344,[-0.3393,-0.077688,0.937465],134,44.5195,[33.5352,106.427,-11.0535],[32.21,103.979,-11.3441],[-66.9956,-194.585,-10.8497],false,[62.8953,96.8696,17.1961],[66.2184,103.567,-33.3616],[35.6682,106.792,-38.6104],[29.819,105.453,-22.4495],[33.485,103.472,-7.83979],[[[-0.0836147,-0.987139,-0.136257],[0.994375,-0.0915748,0.0532279],[-0.065021,-0.13104,0.989243]],[[-0.0851275,-0.989959,-0.112849],[0.178405,0.0962849,-0.979235],[0.980268,-0.103493,0.168417]],[[-0.0851275,-0.989959,-0.112849],[-0.936819,0.118094,-0.329279],[0.3393,0.077688,-0.937465]],[[-0.0851275,-0.989959,-0.112849],[-0.966709,0.0546325,0.249977],[-0.241302,0.130372,-0.961653]]],4],[1350,[0.476832,-0.253953,-0.84151],135,45.5146,[-33.796,128.068,-12.2503],[-34.5657,129.857,-12.5698],[0.0183808,-99.4293,-0.852842],false,[-63.4613,131.318,48.6653],[-63.4613,131.318,48.6653],[-52.1434,150.74,11.3134],[-37.945,143.178,-13.7439],[-32.5626,123.556,-11.8016],[[[-0.902707,-0.362026,-0.2325],[-0.422541,0.847809,0.320435],[-0.0811096,-0.3875,0.918295]],[[-0.869185,-0.278851,-0.408362],[-0.420851,0.850742,0.314837],[-0.259618,-0.445511,0.856807]],[[-0.869185,-0.278851,-0.408362],[-0.130951,0.926148,-0.353697],[-0.476832,0.253953,0.84151]],[[-0.869185,-0.278851,-0.408362],[0.418532,0.024938,-0.90786],[-0.263341,0.960011,-0.0950322]]],0],[1351,[-0.0428848,-0.0984039,0.994222],135,51.3581,[-36.9468,126.548,10.1976],[-36.9891,126.688,10.4785],[-14.757,-45.7678,-3.4024],false,[-80.3115,124.746,38.594],[-66.3232,131.546,-23.7453],[-29.0921,129.211,-19.7253],[-29.9974,127.133,1.26138],[-39.2536,126.43,12.9436],[[[-0.0473822,-0.991786,-0.118809],[-0.974861,0.0718395,-0.210913],[-0.217716,-0.105828,0.970258]],[[-0.0514635,-0.993599,-0.100562],[0.112715,0.0942731,-0.989145],[-0.992294,0.0622398,-0.107142]],[[-0.0514635,-0.993599,-0.100562],[0.997754,-0.0554788,0.0375461],[0.0428848,0.0984039,-0.994222]],[[-0.0514635,-0.993599,-0.100562],[0.782647,-0.102674,0.613939],[0.620334,0.0471091,-0.782922]]],1],[1352,[-0.0361921,0.0433744,0.998403],135,58.5185,[-36.1615,117.297,15.7879],[-35.732,117.399,15.8919],[-12.8153,-45.7339,-4.01987],false,[-82.1528,114.357,36.5174],[-69.3235,112.467,-23.0168],[-27.6226,116.495,-18.9213],[-28.5214,117.572,5.87332],[-38.6598,117.243,18.7746],[[[0.0905282,-0.994583,0.051077],[-0.973381,-0.0992088,-0.20661],[-0.210558,0.0310134,0.977089]],[[0.0915067,-0.994717,0.0465313],[0.101232,-0.037193,-0.994167],[-0.990646,-0.0956834,-0.097294]],[[0.0915067,-0.994717,0.0465313],[0.995147,0.0930446,0.0320318],[0.0361921,-0.0433744,-0.998403]],[[0.0915067,-0.994717,0.0465313],[0.781022,0.10068,0.616335],[0.617763,0.0200568,-0.786108]]],2],[1353,[-0.0162486,0.211175,0.977313],135,56.2671,[-40.0715,105.722,19.3621],[-39.5176,105.866,19.5848],[-6.93058,-47.9035,-3.63805],false,[-81.8008,103.638,36.2002],[-70.7893,93.7347,-16.4621],[-32.2492,99.4343,-14.2895],[-32.6423,104.543,9.35457],[-42.4437,106.044,22.3135],[[[0.131674,-0.968851,0.209736],[-0.970642,-0.168975,-0.17118],[-0.201288,0.181038,0.962657]],[[0.131314,-0.968526,0.211459],[0.0848151,-0.201548,-0.9758],[-0.987706,-0.146071,-0.0556796]],[[0.131314,-0.968526,0.211459],[0.991208,0.131771,-0.011993],[0.0162486,-0.211175,-0.977313]],[[0.131314,-0.968526,0.211459],[0.788632,0.231306,0.569698],[0.600679,-0.0919541,-0.794184]]],3],[1354,[0.0795223,0.330688,0.940384],135,44.1123,[-43.0968,92.2078,15.0182],[-42.6064,92.1434,14.8371],[-9.57278,-46.4332,2.26351],false,[-76.0311,93.0373,39.1696],[-68.4584,77.0777,-8.28937],[-38.7523,85.0599,-11.0127],[-37.394,90.7085,5.05017],[-44.9517,92.6532,17.9227],[[[0.266049,-0.900059,0.345125],[-0.95229,-0.300947,-0.0507487],[-0.149541,0.315157,0.937184]],[[0.273099,-0.914505,0.298494],[-0.00349325,-0.31123,-0.950328],[-0.96198,-0.258491,0.088191]],[[0.273099,-0.914505,0.298494],[0.958694,0.233081,-0.163034],[-0.0795223,-0.330688,-0.940384]],[[0.273099,-0.914505,0.298494],[0.820582,0.383396,0.423855],[0.502058,-0.129184,-0.855131]]],4]],[[0,200,0],[235.247,235.247,147.751]]],[138363,6924562289,[[134,"right",[0.104159,0.391045,-0.914459],[-0.954391,-0.219372,-0.202517],[55.6412,128.481,-12.6616],[9.09005,-221.03,-45.9528],[55.519,130.802,-12.2828],0.866303,1,0.332518,[[0.272996,-0.821079,-0.501301],[0.959905,0.266988,0.0854428],[0.0636859,-0.504527,0.861044]],56.162,[71.3532,-15.3656,234.186],[56.1975,104.699,29.2791]],[135,"left",[0.0533959,-0.0371124,-0.997884],[0.99736,-0.0472688,0.0551259],[-67.3549,110.724,-0.847029],[-17.9405,-43.0866,5.87848],[-67.1852,110.754,-0.854725],0.945625,1,0.292752,[[0.0427362,-0.774184,-0.631516],[-0.99154,0.0446757,-0.121868],[-0.122562,-0.631381,0.765726]],55.6483,[-102.863,-42.8715,226.791],[-73.9635,106.007,46.2344]]],[[1340,[-0.272864,-0.123475,-0.954096],134,45.9347,[18.2516,131.251,-31.372],[18.6245,131.848,-31.1443],[3.85775,-173.278,-36.2444],false,[39.7681,123.891,38.9128],[39.7681,123.891,38.9128],[27.4894,148.25,4.3933],[19.2894,144.539,-24.2787],[18.0374,126.207,-33.6534],[[[0.986549,-0.087163,-0.138288],[0.160986,0.664857,0.729417],[0.0283636,-0.741868,0.669946]],[[0.955612,0.0797741,-0.283622],[0.0944369,0.82892,0.551338],[0.279082,-0.553649,0.784593]],[[0.955612,0.0797741,-0.283622],[-0.111132,0.989136,-0.0962263],[0.272864,0.123475,0.954096]],[[0.955612,0.0797741,-0.283622],[-0.288307,0.451518,-0.8444],[0.0606992,0.888689,0.454476]]],0],[1341,[-0.158996,-0.599935,0.784091],134,51.8322,[18.3987,133.078,-5.36138],[18.1326,131.342,-6.21337],[20.8892,-115.228,-25.8133],false,[59.1875,125.005,31.2879],[53.5793,157.239,-24.6958],[17.338,148.934,-31.8699],[13.9508,136.154,-15.166],[20.1786,129.975,-2.92592],[[[0.293316,-0.815499,-0.498926],[0.952095,0.296392,0.075277],[0.0864893,-0.497105,0.863369]],[[0.28828,-0.787794,-0.544311],[0.0298718,0.575566,-0.817209],[0.95708,0.219326,0.189457]],[[0.28828,-0.787794,-0.544311],[-0.944254,-0.139495,-0.298205],[0.158996,0.599935,-0.784091]],[[0.28828,-0.787794,-0.544311],[-0.863635,-0.45942,0.207528],[-0.413557,0.41026,-0.812808]]],1],[1342,[-0.232808,-0.406175,0.883642],134,59.0586,[17.37,123.651,-3.2273],[17.1912,122.252,-3.51022],[9.61522,-112.511,-9.26239],false,[63.7202,116.953,25.5961],[60.8378,140.344,-31.2008],[18.8909,136.411,-36.661],[13.0559,126.231,-14.5139],[18.9172,120.974,0.0579264],[[[0.135669,-0.913661,-0.383168],[0.989645,0.14327,0.00878083],[0.0468736,-0.380391,0.923637]],[[0.135623,-0.913289,-0.384071],[0.0818267,0.396653,-0.914314],[0.987376,0.0925752,0.128527]],[[0.135623,-0.913289,-0.384071],[-0.96302,-0.0304278,-0.267708],[0.232808,0.406175,-0.883642]],[[0.135623,-0.913289,-0.384071],[-0.925405,-0.255234,0.280145],[-0.353881,0.317427,-0.879778]]],2],[1343,[-0.288701,-0.274158,0.917327],134,56.7865,[23.7668,111.847,-3.77323],[23.1401,109.964,-3.70778],[-34.7931,-130.491,-0.878985],false,[65.9334,107.497,20.8067],[65.6352,120.903,-32.7503],[26.6129,119.654,-37.8966],[19.5639,112.96,-15.4989],[24.3883,109.061,-0.244019],[[[0.0660962,-0.967863,-0.242635],[0.997799,0.0654275,0.0108218],[0.00540097,-0.242816,0.970057]],[[0.0659419,-0.961543,-0.266619],[0.117199,0.272815,-0.954901],[0.990917,0.0317204,0.130682]],[[0.0659419,-0.961543,-0.266619],[-0.955146,0.016483,-0.295677],[0.288701,0.274158,-0.917327]],[[0.0659419,-0.961543,-0.266619],[-0.953848,-0.139194,0.266081],[-0.29296,0.236768,-0.926345]]],3],[1344,[-0.344242,-0.0634016,0.936738],134,44.5195,[33.0627,105.103,-10.9956],[31.9404,103.22,-11.0551],[-57.2996,-165.734,0.927437],false,[62.3621,95.8835,17.6885],[66.0176,102.035,-32.9155],[35.5489,105.72,-38.333],[29.6146,104.627,-22.1846],[33.1922,102.72,-7.54323],[[[-0.0995029,-0.986879,-0.127161],[0.992463,-0.107618,0.058611],[-0.0715268,-0.120371,0.990149]],[[-0.101137,-0.989408,-0.104133],[0.184301,0.0842255,-0.979254],[0.977653,-0.118231,0.17383]],[[-0.101137,-0.989408,-0.104133],[-0.933418,0.130586,-0.334183],[0.344242,0.0634016,-0.936738]],[[-0.101137,-0.989408,-0.104133],[-0.9666,0.0729473,0.245689],[-0.235491,0.125504,-0.963739]]],4],[1350,[0.473715,-0.240147,-0.847304],135,45.5146,[-34.1263,128.192,-12.2269],[-34.9514,129.952,-12.5304],[-10.5565,-68.6736,0.0753112],false,[-63.4908,130.524,48.8778],[-63.4908,130.524,48.8778],[-52.4905,150.45,11.6971],[-38.3849,143.299,-13.5327],[-32.8795,123.689,-11.835],[[[-0.90145,-0.366633,-0.230147],[-0.427264,0.838962,0.337028],[-0.0695187,-0.402147,0.912932]],[[-0.869644,-0.279381,-0.407021],[-0.42432,0.844406,0.327001],[-0.252333,-0.457082,0.85288]],[[-0.869644,-0.279381,-0.407021],[-0.138976,0.929664,-0.34119],[-0.473715,0.240147,0.847304]],[[-0.869644,-0.279381,-0.407021],[0.413723,0.0373975,-0.909634],[-0.269356,0.959452,-0.083064]]],0],[1351,[-0.0334213,-0.113996,0.992919],135,51.3581,[-37.2318,126.588,10.1849],[-37.3224,126.713,10.3941],[-21.0614,-32.5999,-4.99722],false,[-80.3698,123.953,38.8542],[-66.9944,131.827,-23.4932],[-29.7102,129.77,-19.8303],[-30.4157,127.363,1.12887],[-39.5646,126.398,12.8767],[[[-0.0395506,-0.990253,-0.133546],[-0.977291,0.0661803,-0.2013],[-0.208176,-0.122552,0.970383]],[[-0.0434326,-0.99237,-0.115395],[0.103209,0.110429,-0.988511],[-0.993711,0.0548433,-0.097625]],[[-0.0434326,-0.99237,-0.115395],[0.998497,-0.0469817,0.0282151],[0.0334213,0.113996,-0.992919]],[[-0.0434326,-0.99237,-0.115395],[0.788777,-0.104949,0.605654],[0.613144,0.0647159,-0.787316]]],1],[1352,[-0.0298623,0.0275766,0.999174],135,58.5185,[-36.3896,117.28,15.688],[-35.9968,117.349,15.6638],[-17.7881,-35.0931,-9.45457],false,[-82.1363,113.581,36.635],[-69.8173,112.714,-23.0305],[-28.1232,117.058,-19.1983],[-28.8648,117.743,5.61545],[-38.9146,117.121,18.5751],[[[0.0998754,-0.994382,0.035071],[-0.974242,-0.104893,-0.199626],[-0.202183,0.0142299,0.979244]],[[0.100826,-0.994438,0.0304593],[0.0936761,-0.0209904,-0.995381],[-0.990484,-0.103214,-0.0910386]],[[0.100826,-0.994438,0.0304593],[0.994456,0.101653,0.0269157],[0.0298623,-0.0275766,-0.999174]],[[0.100826,-0.994438,0.0304593],[0.784122,0.0982716,0.612776],[0.612361,0.0379002,-0.789669]]],2],[1353,[-0.0101998,0.196029,0.980545],135,56.2671,[-40.1712,105.643,19.1541],[-39.6128,105.725,19.1803],[-7.84018,-39.3643,-15.0875],false,[-81.6912,102.872,36.1509],[-71.0574,93.8708,-16.7505],[-32.5506,99.883,-14.8454],[-32.7974,104.626,8.87686],[-42.5151,105.834,21.9289],[[[0.14219,-0.970694,0.193741],[-0.970565,-0.175162,-0.165292],[-0.194384,0.164535,0.967028]],[[0.141841,-0.970397,0.195476],[0.0774987,-0.18598,-0.979492],[-0.986851,-0.154082,-0.0488249]],[[0.141841,-0.970397,0.195476],[0.989837,0.141076,-0.0179072],[0.0101998,-0.196029,-0.980545]],[[0.141841,-0.970397,0.195476],[0.790696,0.229874,0.567414],[0.595551,-0.074079,-0.799894]]],3],[1354,[0.0821102,0.31786,0.944576],135,44.1123,[-43.1805,92.1714,14.7303],[-42.6561,92.0716,14.2829],[-8.79924,-36.2067,-15.125],false,[-75.8009,92.2795,38.9075],[-68.5053,77.1133,-8.85409],[-38.8949,85.4077,-11.6839],[-37.4924,90.8371,4.45059],[-44.9988,92.5182,17.3901],[[[0.277134,-0.902752,0.328992],[-0.949969,-0.308779,-0.0470581],[-0.144068,0.29949,0.94316]],[[0.283696,-0.91602,0.283589],[-0.00777066,-0.297927,-0.954557],[-0.958883,-0.268601,0.0916388]],[[0.283696,-0.91602,0.283589],[0.955392,0.244687,-0.16539],[-0.0821102,-0.31786,-0.944576]],[[0.283696,-0.91602,0.283589],[0.819059,0.385272,0.425097],[0.498656,-0.111678,-0.859575]]],4]],[[0,200,0],[235.247,235.247,147.751]]],[138364,6924571207,[[134,"right",[0.102273,0.394042,-0.913384],[-0.952406,-0.226277,-0.20426],[55.698,128.405,-12.6245],[8.34812,-163.126,-32.2984],[55.5978,129.747,-12.4333],0.861883,1,0.33435,[[0.280552,-0.819101,-0.500364],[0.957739,0.273359,0.0895089],[0.063462,-0.50433,0.861176]],56.162,[71.4884,-15.4904,234.198],[56.386,104.527,29.2598]],[135,"left",[0.0448904,-0.0206495,-0.998778],[0.998334,-0.0353651,0.0456016],[-67.6208,110.502,-0.725294],[-21.1757,-38.1059,7.99602],[-67.4299,110.613,-0.782024],0.946841,1,0.300456,[[0.05958,-0.776366,-0.62746],[-0.990242,0.0333631,-0.135308],[-0.125983,-0.629399,0.766802]],55.6483,[-103.452,-43.4529,227.142],[-73.7457,104.958,46.3313]]],[[1340,[-0.270442,-0.127388,-0.954271],134,45.9347,[18.3214,130.503,-31.4603],[18.6536,131.307,-31.1865],[4.40121,-142.035,-27.4129],false,[39.7961,123.568,38.9185],[39.7961,123.568,38.9185],[27.3465,147.836,4.39636],[19.2193,144.008,-24.2809],[18.1261,125.687,-33.6971],[[[0.987369,-0.0791781,-0.137237],[0.154907,0.664326,0.731214],[0.0332743,-0.743237,0.6682]],[[0.955211,0.088188,-0.282481],[0.0866168,0.82944,0.551839],[0.282967,-0.55159,0.784652]],[[0.955211,0.088188,-0.282481],[-0.12014,0.987925,-0.0978323],[0.270442,0.127388,0.954271]],[[0.955211,0.088188,-0.282481],[-0.291142,0.451013,-0.843696],[0.0529987,0.88815,0.456487]]],0],[1341,[-0.147305,-0.601641,0.785066],134,51.8322,[18.6108,132.405,-5.44928],[18.3757,130.983,-6.11219],[24.1758,-94.6484,-15.3],false,[59.2159,124.851,31.3211],[53.4282,157.176,-24.5923],[17.2591,148.546,-31.7482],[14.121,135.729,-15.0235],[20.5094,129.642,-2.82054],[[[0.30026,-0.811996,-0.500506],[0.949672,0.303583,0.0772029],[0.0892565,-0.498497,0.862284]],[[0.295084,-0.784311,-0.545694],[0.023861,0.576997,-0.816398],[0.955173,0.227885,0.188977]],[[0.295084,-0.784311,-0.545694],[-0.944048,-0.151277,-0.293067],[0.147305,0.601641,-0.785066]],[[0.295084,-0.784311,-0.545694],[-0.85613,-0.470616,0.213452],[-0.424225,0.404199,-0.810343]]],1],[1342,[-0.223394,-0.410265,0.884182],134,59.0586,[17.5704,122.994,-3.22143],[17.495,121.84,-3.45451],[18.46,-94.4971,-4.19938],false,[63.818,116.848,25.6158],[60.8257,140.353,-31.1285],[18.9087,136.068,-36.5533],[13.3096,125.786,-14.3926],[19.3288,120.569,0.129658],[[[0.143234,-0.911656,-0.385185],[0.988492,0.150917,0.0103876],[0.048661,-0.38224,0.922781]],[[0.14316,-0.911079,-0.386575],[0.0773496,0.399703,-0.913375],[0.986672,0.100858,0.127693]],[[0.14316,-0.911079,-0.386575],[-0.964158,-0.0402209,-0.262264],[0.223394,0.410265,-0.884182]],[[0.14316,-0.911079,-0.386575],[-0.920564,-0.266006,0.28601],[-0.363409,0.314922,-0.876788]]],2],[1343,[-0.284815,-0.278913,0.917109],134,56.7865,[23.7023,111.049,-3.77486],[23.4096,109.61,-3.74562],[-15.9457,-105.791,-1.40794],false,[66.1106,107.421,20.8065],[65.7758,120.953,-32.7185],[26.7685,119.411,-37.8996],[19.8144,112.601,-15.5073],[24.7117,108.707,-0.274187],[[[0.0739063,-0.966735,-0.244872],[0.997247,0.0731355,0.0122522],[0.00606413,-0.245103,0.969478]],[[0.0737307,-0.960274,-0.269143],[0.115794,0.276295,-0.954072],[0.990533,0.0391792,0.131566]],[[0.0737307,-0.960274,-0.269143],[-0.955743,0.00903685,-0.294065],[0.284815,0.278913,-0.917109]],[[0.0737307,-0.960274,-0.269143],[-0.951906,-0.148241,0.268139],[-0.297385,0.236429,-0.925021]]],3],[1344,[-0.342796,-0.069617,0.936827],134,44.5195,[32.9106,104.189,-10.9783],[32.2518,102.935,-11.0974],[-31.8713,-129.529,-0.619409],false,[62.6333,95.7877,17.6559],[66.3047,102.09,-32.9285],[35.8138,105.554,-38.3665],[29.9044,104.354,-22.2167],[33.5229,102.422,-7.58868],[[[-0.0916854,-0.987311,-0.129655],[0.993194,-0.100061,0.0596193],[-0.0718362,-0.123306,0.989765]],[[-0.0932556,-0.989803,-0.107677],[0.18468,0.0890752,-0.978754],[0.978364,-0.11116,0.17449]],[[-0.0932556,-0.989803,-0.107677],[-0.93477,0.124276,-0.332808],[0.342796,0.069617,-0.936827]],[[-0.0932556,-0.989803,-0.107677],[-0.966732,0.0641447,0.247617],[-0.238185,0.127187,-0.962856]]],4],[1350,[0.469672,-0.22172,-0.854546],135,45.5146,[-34.6494,128.439,-12.0783],[-35.4823,130.142,-12.3405],[-23.9075,-42.2415,4.7914],false,[-63.5608,129.562,49.2726],[-63.5608,129.562,49.2726],[-53.0739,150.122,12.2891],[-39.0886,143.52,-13.1563],[-33.3591,123.951,-11.7461],[[[-0.898769,-0.374458,-0.228025],[-0.434803,0.827993,0.354081],[-0.0562146,-0.417383,0.90699]],[[-0.869515,-0.28372,-0.404286],[-0.431365,0.834911,0.341831],[-0.240558,-0.471622,0.848354]],[[-0.869515,-0.28372,-0.404286],[-0.152813,0.932922,-0.326044],[-0.469672,0.22172,0.854546]],[[-0.869515,-0.28372,-0.404286],[0.406648,0.0533371,-0.912027],[-0.280323,0.957423,-0.0689966]]],0],[1351,[-0.0233404,-0.130227,0.99121],135,51.3581,[-37.5595,126.594,10.2394],[-37.7012,126.692,10.5022],[-26.9753,-24.3276,-0.224371],false,[-80.4448,122.935,39.2943],[-67.731,131.964,-23.035],[-30.3927,130.326,-19.7285],[-30.8854,127.577,1.19456],[-39.9196,126.308,13.002],[[[-0.0282115,-0.988444,-0.148939],[-0.979821,0.0568399,-0.191627],[-0.197878,-0.140528,0.970101]],[[-0.0318742,-0.990879,-0.130934],[0.0930361,0.12749,-0.987467],[-0.995152,0.0436563,-0.0881238]],[[-0.0318742,-0.990879,-0.130934],[0.999219,-0.0346501,0.0189766],[0.0233404,0.130227,-0.99121]],[[-0.0318742,-0.990879,-0.130934],[0.795241,-0.104497,0.597221],[0.605456,0.0850878,-0.791318]]],1],[1352,[-0.0224297,0.0111597,0.999686],135,58.5185,[-36.6177,117.225,15.6176],[-36.2493,117.259,15.6088],[-20.5974,-28.5035,-8.39522],false,[-82.0997,112.577,36.9259],[-70.3074,112.811,-22.8518],[-28.6398,117.628,-19.3075],[-29.1968,117.906,5.51893],[-39.1408,116.946,18.5395],[[[0.112765,-0.993452,0.0183587],[-0.974591,-0.114186,-0.192703],[-0.193538,-0.00383801,0.981085]],[[0.113695,-0.993422,0.0136407],[0.0852049,-0.00392947,-0.996356],[-0.989855,-0.114443,-0.0841977]],[[0.113695,-0.993422,0.0136407],[0.993263,0.113965,0.0210133],[0.0224297,-0.0111597,-0.999686]],[[0.113695,-0.993422,0.0136407],[0.787363,0.0984682,0.608575],[0.605915,0.0584516,-0.793379]]],2],[1353,[-0.00477193,0.180224,0.983614],135,56.2671,[-40.2463,105.519,18.952],[-39.6848,105.53,18.9439],[-7.66938,-34.7184,-18.2735],false,[-81.5235,101.884,36.2675],[-71.2525,93.857,-16.8619],[-32.8075,100.326,-15.2244],[-32.923,104.687,8.5721],[-42.5612,105.558,21.7098],[[[0.156201,-0.971735,0.177008],[-0.969717,-0.184936,-0.159526],[-0.187752,0.146729,0.971195]],[[0.155863,-0.97147,0.178755],[0.0704061,-0.16958,-0.982998],[-0.985266,-0.165799,-0.0419661]],[[0.155863,-0.97147,0.178755],[0.987767,0.154162,-0.0234545],[0.00477193,-0.180224,-0.983614]],[[0.155863,-0.97147,0.178755],[0.791712,0.231078,0.565504],[0.590676,-0.0533809,-0.805141]]],3],[1354,[0.084357,0.304855,0.948656],135,44.1123,[-43.2025,92.1006,14.4398],[-42.6163,91.9445,13.8934],[-5.22729,-30.3638,-22.8247],false,[-75.475,91.3256,38.8033],[-68.4176,77.0108,-9.25594],[-38.9388,85.7263,-12.1928],[-37.4979,90.9336,4.01136],[-44.9472,92.3185,17.0188],[[[0.291485,-0.904218,0.312132],[-0.946369,-0.32013,-0.0436192],[-0.139364,0.282678,0.949037]],[[0.297607,-0.916302,0.267994],[-0.0115082,-0.284136,-0.958715],[-0.954619,-0.282236,0.0951059]],[[0.297607,-0.916302,0.267994],[0.950954,0.25972,-0.168023],[-0.084357,-0.304855,-0.948656]],[[0.297607,-0.916302,0.267994],[0.816421,0.389778,0.426062],[0.49486,-0.0919965,-0.864089]]],4]],[[0,200,0],[235.247,235.247,147.751]]],[138365,6924588183,[[134,"right",[0.104902,0.37446,-0.92129],[-0.958381,-0.209276,-0.194187],[55.619,125.985,-13.3763],[2.44329,-153.771,-37.7431],[55.6118,127.271,-13.054],0.854525,1,0.325076,[[0.257427,-0.828336,-0.497585],[0.963852,0.25673,0.07127],[0.0687095,-0.497945,0.864482]],56.162,[72.4103,-15.6075,234.673],[56.0592,102.891,28.9482]],[135,"left",[0.0356647,-0.00169345,-0.999362],[0.999088,-0.0234298,0.0356946],[-67.8768,110.325,-0.562309],[-18.4056,-25.5433,8.72496],[-67.7542,110.404,-0.62256],0.947478,1,0.320156,[[0.0760506,-0.778635,-0.622851],[-0.988484,0.0230833,-0.149551],[-0.130823,-0.627052,0.767913]],55.6483,[-104.332,-44.0197,227.511],[-73.4843,103.838,46.4383]]],[[1340,[-0.278823,-0.142553,-0.949703],134,45.9347,[18.2613,128.438,-31.9349],[18.5221,129.16,-31.787],[-1.21179,-133.988,-29.7431],false,[39.9484,122.467,38.3441],[39.9484,122.467,38.3441],[27.8104,146.304,3.41294],[19.4313,142.02,-25.127],[17.8873,123.54,-34.1618],[[[0.984516,-0.103241,-0.141664],[0.173974,0.674438,0.717542],[0.0214639,-0.731078,0.681956]],[[0.95512,0.061833,-0.289695],[0.107861,0.838238,0.53453],[0.275885,-0.541787,0.793948]],[[0.95512,0.061833,-0.289695],[-0.10002,0.987854,-0.118915],[0.278823,0.142553,0.949703]],[[0.95512,0.061833,-0.289695],[-0.286607,0.440023,-0.851021],[0.0748512,0.895855,0.437997]]],0],[1341,[-0.139944,-0.580498,0.802145],134,51.8322,[19.1078,130.962,-5.72005],[18.8106,129.541,-6.49054],[27.5952,-90.3438,-17.6925],false,[59.3421,123.184,30.6067],[53.8962,154.568,-25.8734],[17.4982,146.474,-32.472],[14.5169,134.107,-15.3835],[21.0901,128.249,-3.16648],[[[0.279363,-0.827622,-0.486825],[0.956505,0.284219,0.0657052],[0.0839856,-0.484006,0.871025]],[[0.274574,-0.801098,-0.531838],[0.0259081,0.559058,-0.828724],[0.961217,0.213767,0.174258]],[[0.274574,-0.801098,-0.531838],[-0.951328,-0.14582,-0.271499],[0.139944,0.580498,-0.802145]],[[0.274574,-0.801098,-0.531838],[-0.856786,-0.454898,0.24287],[-0.436495,0.388985,-0.811272]]],1],[1342,[-0.214063,-0.388647,0.896175],134,59.0586,[17.9505,121.566,-3.35129],[17.7054,120.415,-3.73885],[18.9551,-89.7878,-9.03787],false,[63.7328,114.976,25.0265],[60.8851,137.468,-32.134],[18.8394,133.944,-37.0898],[13.4742,124.203,-14.6285],[19.7106,119.187,-0.127324],[[[0.12096,-0.921648,-0.368691],[0.991577,0.129512,0.00156298],[0.0463095,-0.365774,0.929551]],[[0.120869,-0.92093,-0.370512],[0.0766896,0.380796,-0.921474],[0.989702,0.0829631,0.116652]],[[0.120869,-0.92093,-0.370512],[-0.969313,-0.0290069,-0.244113],[0.214063,0.388647,-0.896175]],[[0.120869,-0.92093,-0.370512],[-0.918488,-0.24533,0.310151],[-0.376525,0.302823,-0.875515]]],2],[1343,[-0.279915,-0.255773,0.925326],134,56.7865,[23.5123,109.386,-3.86051],[23.1234,108.06,-3.92098],[-14.7635,-99.4705,-4.83159],false,[65.7895,105.413,20.383],[65.4033,117.939,-33.3859],[26.3342,117.14,-38.2598],[19.4997,110.895,-15.6669],[24.5116,107.191,-0.42375],[[[0.0513606,-0.972553,-0.226943],[0.998656,0.0516076,0.00484894],[0.00699613,-0.226887,0.973896]],[[0.0511658,-0.966461,-0.251666],[0.114507,0.256011,-0.959868],[0.992104,0.0202948,0.123766]],[[0.0511658,-0.966461,-0.251666],[-0.95866,0.0231,-0.283614],[0.279915,0.255773,-0.925326]],[[0.0511658,-0.966461,-0.251666],[-0.951188,-0.123953,0.282625],[-0.30434,0.224921,-0.925628]]],3],[1344,[-0.335655,-0.0460831,0.940857],134,44.5195,[32.44,102.163,-11.0351],[31.7101,101.036,-11.211],[-31.6498,-122.009,-3.44427],false,[62.0408,93.8005,17.4745],[65.5219,99.0677,-33.2414],[35.0774,103.096,-38.5488],[29.2911,102.302,-22.3295],[33.0142,100.544,-7.70576],[[[-0.113892,-0.987344,-0.110361],[0.991155,-0.120537,0.0555143],[-0.0681142,-0.103062,0.99234]],[[-0.115292,-0.989284,-0.089586],[0.180054,0.0678804,-0.981312],[0.976877,-0.129268,0.170299]],[[-0.115292,-0.989284,-0.089586],[-0.934903,0.138543,-0.326745],[0.335655,0.0460831,-0.940857]],[[-0.115292,-0.989284,-0.089586],[-0.962626,0.0890223,0.255784],[-0.245068,0.115728,-0.962574]]],4],[1350,[0.464725,-0.200817,-0.862382],135,45.5146,[-35.2116,128.78,-11.8567],[-36.0153,130.408,-12.08],[-27.4587,-14.2309,8.37549],false,[-63.5831,128.512,49.7402],[-63.5831,128.512,49.7402],[-53.6432,149.794,13.0149],[-39.8053,143.814,-12.6639],[-33.8445,124.292,-11.6136],[[[-0.896098,-0.381661,-0.22659],[-0.441832,0.815711,0.373363],[-0.0423336,-0.434685,0.899587]],[[-0.869576,-0.287126,-0.401741],[-0.438005,0.824161,0.359041],[-0.228009,-0.488178,0.842433]],[[-0.869576,-0.287126,-0.401741],[-0.166935,0.936606,-0.30806],[-0.464725,0.200817,0.862382]],[[-0.869576,-0.287126,-0.401741],[0.398477,0.0724758,-0.91431],[-0.291638,0.955147,-0.0513896]]],0],[1351,[-0.0126472,-0.1489,0.988771],135,51.3581,[-38.0283,126.592,10.4058],[-38.0685,126.682,10.6825],[-24.6304,-13.4985,4.82058],false,[-80.4761,121.855,39.7977],[-68.4695,132.191,-22.4687],[-31.0842,130.97,-19.5334],[-31.3512,127.826,1.33818],[-40.2614,126.223,13.1991],[[[-0.0171538,-0.985816,-0.166951],[-0.982234,0.0478227,-0.181462],[-0.186873,-0.160872,0.969123]],[[-0.0205804,-0.988602,-0.149137],[0.0821942,0.146991,-0.985717],[-0.996404,0.0325447,-0.0782322]],[[-0.0205804,-0.988602,-0.149137],[0.999708,-0.0222355,0.00943865],[0.0126472,0.1489,-0.988771]],[[-0.0205804,-0.988602,-0.149137],[0.801867,-0.105416,0.58813],[0.597148,0.107484,-0.794897]]],1],[1352,[-0.0143085,-0.00794415,0.999866],135,58.5185,[-36.9362,117.119,15.5591],[-36.4914,117.168,15.5929],[-17.5988,-18.2164,-4.96031],false,[-82.0226,111.521,37.2533],[-70.8022,113.006,-22.6164],[-29.1672,118.291,-19.3677],[-29.5225,118.094,5.46327],[-39.3521,116.761,18.5378],[[[0.125457,-0.992098,-0.0010863],[-0.974858,-0.123073,-0.185754],[-0.184153,-0.0243631,0.982596]],[[0.12639,-0.991962,-0.00607266],[0.0757956,0.0157609,-0.996999],[-0.989081,-0.12555,-0.0771784]],[[0.12639,-0.991962,-0.00607266],[0.991877,0.126286,0.0151976],[0.0143085,0.00794415,-0.999866]],[[0.12639,-0.991962,-0.00607266],[0.790754,0.097053,0.604391],[0.598943,0.0811907,-0.796665]]],2],[1353,[0.00122224,0.161844,0.986816],135,56.2671,[-40.33,105.322,18.6818],[-39.7507,105.332,18.7139],[-5.67784,-24.2856,-16.2056],false,[-81.3178,100.85,36.3917],[-71.4512,93.9343,-16.97],[-33.0752,100.859,-15.5984],[-33.0456,104.775,8.27555],[-42.5969,105.272,21.4959],[[[0.170119,-0.972751,0.157529],[-0.968777,-0.194354,-0.153939],[-0.180361,0.126422,0.975442]],[[0.169794,-0.972521,0.159289],[0.0624562,-0.150692,-0.986606],[-0.983499,-0.177468,-0.0351535]],[[0.169794,-0.972521,0.159289],[0.985479,0.16736,-0.0286687],[-0.00122224,-0.161844,-0.986816]],[[0.169794,-0.972521,0.159289],[0.792801,0.230808,0.564087],[0.585351,-0.0305063,-0.810206]]],3],[1354,[0.0857806,0.289803,0.953234],135,44.1123,[-43.2133,92.0092,14.0757],[-42.6024,91.8429,13.4908],[-2.65719,-19.3245,-23.1092],false,[-75.1128,90.3254,38.6754],[-68.3319,76.9887,-9.70396],[-38.9906,86.1328,-12.7126],[-37.5254,91.083,3.56981],[-44.9295,92.1403,16.6337],[[[0.305817,-0.906007,0.292622],[-0.942627,-0.331348,-0.040777],[-0.133904,0.263363,0.955358]],[[0.311369,-0.916636,0.250657],[-0.0150829,-0.268503,-0.963161],[-0.95017,-0.296117,0.0974289]],[[0.311369,-0.916636,0.250657],[0.94641,0.275306,-0.168865],[-0.0857806,-0.289803,-0.953234]],[[0.311369,-0.916636,0.250657],[0.813095,0.393505,0.428987],[0.49186,-0.0702348,-0.867837]]],4]],[[0,200,0],[235.247,235.247,147.751]]],[138366,6924597061,[[134,"right",[0.1076,0.366935,-0.924003],[-0.959365,-0.205525,-0.193335],[55.5885,125.234,-13.5559],[0.846956,-135.021,-32.9876],[55.6019,126.413,-13.2654],0.851164,1,0.328827,[[0.251968,-0.830357,-0.49701],[0.965074,0.253667,0.06546],[0.0717198,-0.496146,0.865272]],56.162,[72.9401,-15.6137,234.854],[55.8727,102.456,28.9416]],[135,"left",[0.0322492,0.00566551,-0.999464],[0.999299,-0.0192144,0.032135],[-67.9668,110.258,-0.461417],[-16.1608,-20.655,9.44131],[-67.8507,110.338,-0.549445],0.947521,1,0.32219,[[0.0816549,-0.779415,-0.621164],[-0.987772,0.0197648,-0.154647],[-0.132812,-0.626196,0.76827]],55.6483,[-104.701,-44.2482,227.666],[-73.3844,103.408,46.5098]]],[[1340,[-0.278711,-0.149349,-0.948691],134,45.9347,[18.2559,127.723,-32.1201],[18.523,128.39,-32.0219],[-0.629137,-120.588,-28.1875],false,[39.8617,122.19,38.1777],[39.8617,122.19,38.1777],[27.8828,145.811,3.04553],[19.5072,141.323,-25.464],[17.8755,122.773,-34.338],[[[0.984042,-0.10965,-0.140134],[0.17712,0.678868,0.712577],[0.0169983,-0.726027,0.687456]],[[0.955688,0.0543432,-0.289321],[0.111937,0.841905,0.527887],[0.272268,-0.536882,0.798516]],[[0.955688,0.0543432,-0.289321],[-0.0947647,0.98729,-0.127585],[0.278711,0.149349,0.948691]],[[0.955688,0.0543432,-0.289321],[-0.283554,0.434023,-0.855115],[0.0791026,0.899261,0.4302]]],0],[1341,[-0.136724,-0.571981,0.808792],134,51.8322,[19.3162,130.403,-5.83569],[18.9886,129.066,-6.62656],[26.6441,-80.2058,-16.6596],false,[59.2646,122.743,30.4499],[54.03,153.73,-26.2691],[17.5916,145.727,-32.7539],[14.6789,133.541,-15.5238],[21.3195,127.807,-3.28467],[[[0.275211,-0.832769,-0.480369],[0.957989,0.279507,0.0642919],[0.080726,-0.477882,0.874707]],[[0.270671,-0.806961,-0.52493],[0.0272425,0.551487,-0.833739],[0.962286,0.211369,0.171255]],[[0.270671,-0.806961,-0.52493],[-0.952913,-0.147146,-0.265149],[0.136724,0.571981,-0.808792]],[[0.270671,-0.806961,-0.52493],[-0.855736,-0.451464,0.252778],[-0.440969,0.380781,-0.812743]]],1],[1342,[-0.210288,-0.380734,0.900456],134,59.0586,[18.1165,121.016,-3.41951],[17.8357,119.939,-3.85112],[19.5607,-79.9478,-9.63804],false,[63.6147,114.47,24.9349],[60.9305,136.546,-32.3955],[18.8645,133.189,-37.2951],[13.5939,123.647,-14.7265],[19.9192,118.736,-0.227759],[[[0.116214,-0.925042,-0.361651],[0.992265,0.124134,0.00134272],[0.043651,-0.359009,0.932313]],[[0.116118,-0.924258,-0.363681],[0.0778568,0.373501,-0.924357],[0.990179,0.0790196,0.11533]],[[0.116118,-0.924258,-0.363681],[-0.970719,-0.0280814,-0.238571],[0.210288,0.380734,-0.900456]],[[0.116118,-0.924258,-0.363681],[-0.916883,-0.240533,0.318542],[-0.381892,0.296464,-0.875367]]],2],[1343,[-0.278158,-0.24752,0.928096],134,56.7865,[23.4652,108.761,-3.89236],[23.0923,107.551,-3.96622],[-10.3413,-88.1773,-4.30129],false,[65.6227,104.861,20.3651],[65.3433,116.984,-33.4968],[26.2696,116.352,-38.3589],[19.4781,110.308,-15.6983],[24.5357,106.699,-0.447543],[[[0.0462365,-0.974499,-0.219577],[0.998918,0.0462188,0.00522039],[0.00506131,-0.219581,0.975581]],[[0.0460916,-0.968554,-0.244496],[0.115657,0.248284,-0.961758],[0.992219,0.0160512,0.123464]],[[0.0460916,-0.968554,-0.244496],[-0.959429,0.0252312,-0.28082],[0.278158,0.24752,-0.928096]],[[0.0460916,-0.968554,-0.244496],[-0.950555,-0.117774,0.287359],[-0.307118,0.219162,-0.926092]]],3],[1344,[-0.335419,-0.0379106,0.941306],134,44.5195,[32.2772,101.436,-11.0497],[31.5774,100.417,-11.2142],[-27.0288,-108.01,-2.59741],false,[61.813,93.2475,17.5413],[65.3592,98.1136,-33.2102],[34.9402,102.269,-38.5657],[29.158,101.616,-22.3387],[32.8854,99.9367,-7.70675],[[[-0.119178,-0.987515,-0.103012],[0.990445,-0.125496,0.0571743],[-0.0693881,-0.0952139,0.993036]],[[-0.120564,-0.989246,-0.0828025],[0.181036,0.0601019,-0.981638],[0.976058,-0.133341,0.171843]],[[-0.120564,-0.989246,-0.0828025],[-0.934322,0.141262,-0.327241],[0.335419,0.0379106,-0.941306]],[[-0.120564,-0.989246,-0.0828025],[-0.961909,0.0958021,0.256034],[-0.245348,0.110517,-0.963115]]],4],[1350,[0.462652,-0.192787,-0.865324],135,45.5146,[-35.3941,128.887,-11.7464],[-36.2098,130.501,-11.9361],[-26.238,-6.6933,9.89148],false,[-63.5819,128.101,49.9562],[-63.5819,128.101,49.9562],[-53.8498,149.661,13.3372],[-40.0736,143.92,-12.4292],[-34.0291,124.416,-11.5227],[[[-0.895161,-0.384025,-0.226298],[-0.444177,0.811014,0.380739],[-0.0373173,-0.441339,0.896564]],[[-0.869679,-0.288156,-0.400781],[-0.440253,0.819995,0.365766],[-0.223241,-0.494544,0.839994]],[[-0.869679,-0.288156,-0.400781],[-0.172083,0.937976,-0.300979],[-0.462652,0.192787,0.865325]],[[-0.869679,-0.288156,-0.400781],[0.39522,0.0799561,-0.9151],[-0.295736,0.95424,-0.0443489]]],0],[1351,[-0.00877795,-0.156159,0.987693],135,51.3581,[-38.1707,126.584,10.4888],[-38.1983,126.664,10.7984],[-21.9532,-10.3459,7.12546],false,[-80.4789,121.44,40.0232],[-68.7318,132.278,-22.2073],[-31.3318,131.203,-19.4049],[-31.5171,127.907,1.44391],[-40.3821,126.177,13.321],[[[-0.0133373,-0.984655,-0.174004],[-0.983053,0.044732,-0.177779],[-0.182835,-0.168684,0.968565]],[[-0.0166738,-0.987571,-0.156288],[0.0782379,0.154542,-0.984884],[-0.996795,0.0286494,-0.0746887]],[[-0.0166738,-0.987571,-0.156288],[0.999822,-0.0178405,0.00606507],[0.00877795,0.156159,-0.987693]],[[-0.0166738,-0.987571,-0.156288],[0.804208,-0.106125,0.584797],[0.594114,0.115937,-0.795982]]],1],[1352,[-0.0111748,-0.0153652,0.99982],135,58.5185,[-37.0349,117.076,15.5623],[-36.5745,117.12,15.63],[-15.2294,-14.8142,-2.51117],false,[-81.9882,111.119,37.4096],[-70.9796,113.085,-22.4856],[-29.3574,118.533,-19.344],[-29.6349,118.151,5.48573],[-39.4208,116.678,18.5779],[[[0.129867,-0.991493,-0.00867392],[-0.974931,-0.126094,-0.183329],[-0.180676,-0.0322649,0.983013]],[[0.130802,-0.991313,-0.0137725],[0.0721994,0.0233798,-0.997116],[-0.988776,-0.129431,-0.0746303]],[[0.130802,-0.991313,-0.0137725],[0.991345,0.130625,0.0130875],[0.0111748,0.0153652,-0.99982]],[[0.130802,-0.991313,-0.0137725],[0.792049,0.0961343,0.602841],[0.59628,0.0897616,-0.797742]]],2],[1353,[0.00337923,0.154649,0.987964],135,56.2671,[-40.358,105.247,18.5988],[-39.7797,105.245,18.6646],[-4.86243,-20.3753,-13.3626],false,[-81.2389,100.457,36.4686],[-71.5243,93.9702,-16.9748],[-33.1742,101.055,-15.6972],[-33.0925,104.796,8.20448],[-42.6138,105.152,21.451],[[[0.174986,-0.973089,0.149924],[-0.968424,-0.197574,-0.152051],[-0.17758,0.118583,0.976936]],[[0.174665,-0.972873,0.15169],[0.0593953,-0.143367,-0.987886],[-0.982835,-0.181558,-0.032743]],[[0.174665,-0.972873,0.15169],[0.984622,0.17205,-0.0302994],[-0.00337923,-0.154649,-0.987964]],[[0.174665,-0.972873,0.15169],[0.7931,0.230308,0.563871],[0.58351,-0.021817,-0.811813]]],3],[1354,[0.0867178,0.284,0.954895],135,44.1123,[-43.2141,91.976,13.9557],[-42.5952,91.798,13.3731],[-1.64543,-15.4342,-20.4843],false,[-74.9793,89.9442,38.6552],[-68.3048,76.9868,-9.8419],[-39.0135,86.2812,-12.8766],[-37.5322,91.1323,3.43413],[-44.9151,92.068,16.5193],[[[0.310847,-0.906713,0.285035],[-0.941277,-0.335261,-0.0399699],[-0.131802,0.255872,0.957683]],[[0.316183,-0.916796,0.243955],[-0.0166709,-0.262477,-0.964794],[-0.948552,-0.300984,0.0982744]],[[0.316183,-0.916796,0.243955],[0.944727,0.280766,-0.169299],[-0.0867178,-0.284,-0.954895]],[[0.316183,-0.916796,0.243955],[0.812088,0.39449,0.429989],[0.49045,-0.0621583,-0.86925]]],4]],[[0,200,0],[235.247,235.247,147.751]]],[138367,6924613924,[[134,"right",[0.127084,0.340985,-0.931439],[-0.967058,-0.166218,-0.192794],[55.9101,123.872,-13.563],[9.08599,-110.5,-18.2694],[55.7954,124.818,-13.4522],0.850407,1,0.338822,[[0.206879,-0.84071,-0.500407],[0.974459,0.22273,0.0286636],[0.0873577,-0.493556,0.865316]],56.162,[75.8145,-15.395,235.352],[55.0256,102.059,29.4293]],[135,"left",[0.0297891,0.0184516,-0.999386],[0.999491,-0.0120032,0.0295706],[-68.0215,110.386,-0.450886],[-10.323,-7.89689,5.45621],[-67.9533,110.367,-0.490216],0.94767,1,0.340098,[[0.090609,-0.78097,-0.617961],[-0.986554,0.0143603,-0.162803],[-0.136018,-0.624403,0.769168]],55.6483,[-105.346,-44.3277,227.811],[-73.2734,102.905,46.443]]],[[1340,[-0.283431,-0.158218,-0.945851],134,45.9347,[18.5124,127.141,-32.3587],[18.9875,128.168,-32.245],[9.69336,-70.2348,-19.9176],false,[39.8949,122.697,38.1582],[39.8949,122.697,38.1582],[29.0041,146.008,2.46908],[20.4866,141.253,-25.9551],[18.0693,122.593,-34.408],[[[0.978515,-0.157114,-0.133505],[0.205379,0.685902,0.698111],[-0.018111,-0.710531,0.703433]],[[0.957601,0.00641968,-0.288026],[0.147397,0.84808,0.508954],[0.247536,-0.529829,0.811176]],[[0.957601,0.00641968,-0.288026],[-0.051643,0.987383,-0.14969],[0.283431,0.158218,0.945851]],[[0.957601,0.00641968,-0.288026],[-0.263186,0.426162,-0.865517],[0.117189,0.904624,0.409783]]],0],[1341,[-0.161113,-0.546036,0.822123],134,51.8322,[19.8238,130.034,-6.05046],[19.6401,129.536,-6.82029],[32.0529,-31.7077,-14.8364],false,[59.3277,122.2,30.5022],[55.6847,152.119,-26.9107],[18.9418,145.613,-33.3541],[15.5095,133.981,-15.84],[21.9169,128.269,-3.46674],[[[0.238769,-0.85487,-0.460638],[0.96945,0.237288,0.0621393],[0.056183,-0.461402,0.88541]],[[0.235589,-0.830203,-0.505233],[0.054468,0.530328,-0.846041],[0.970325,0.171799,0.170159]],[[0.235589,-0.830203,-0.505233],[-0.958405,-0.112284,-0.262397],[0.161113,0.546036,-0.822123]],[[0.235589,-0.830203,-0.505233],[-0.873761,-0.408541,0.263884],[-0.425486,0.379285,-0.821647]]],1],[1342,[-0.214269,-0.350927,0.911558],134,59.0586,[18.6337,120.709,-3.42715],[18.4051,120.486,-3.76502],[29.5642,-29.7207,-1.86599],false,[63.3165,113.618,25.1903],[61.8196,134.508,-32.6258],[19.6438,132.886,-37.4629],[14.2735,124.091,-14.6161],[20.6292,119.286,-0.0952281],[[[0.0753744,-0.93719,-0.34058],[0.996858,0.0791586,0.00279227],[0.0243429,-0.33972,0.940212]],[[0.0753172,-0.93639,-0.342783],[0.093534,0.348878,-0.932489],[0.992763,0.0381705,0.113861]],[[0.0753172,-0.93639,-0.342783],[-0.973867,0.00479191,-0.227071],[0.214269,0.350927,-0.911558]],[[0.0753172,-0.93639,-0.342783],[-0.920368,-0.197567,0.337475],[-0.383731,0.290069,-0.876704]]],2],[1343,[-0.280608,-0.214978,0.935438],134,56.7865,[23.3995,108.289,-3.72738],[22.9269,107.864,-3.63584],[-6.7011,-40.6104,8.16132],false,[64.9022,103.828,20.843],[65.3457,114.746,-33.2749],[26.2833,115.747,-38.166],[19.432,110.498,-15.3262],[24.4993,107.016,-0.0490404],[[[0.00277185,-0.98025,-0.197743],[0.999964,0.0011