{"metadata":{"formatVersion":2,"generatedBy":"LeapJS Playback 0.2.1","frames":383,"frameRate":"74","modified":"Sun Apr 12 2015 21:45:24 GMT-0300 (E. South America Standard Time)","title":"querer"},"frames":[["id","timestamp",{"hands":[["id","type","direction","palmNormal","palmPosition","palmVelocity","stabilizedPalmPosition","pinchStrength","grabStrength","confidence","armBasis","armWidth","elbow","wrist"]]},{"pointables":[["id","direction","handId","length","stabilizedTipPosition","tipPosition","tipVelocity","tool","carpPosition","mcpPosition","pipPosition","dipPosition","btipPosition","bases","type"]]},{"interactionBox":["center","size"]}],[140627,6957052246,[[138,"left",[-0.149078,0.126597,-0.980688],[0.0358896,0.99181,0.122577],[-117.574,108.657,34.5998],[-19.6397,57.1658,8.72793],[-115.381,104.667,32.2683],0,0.365505,0.230413,[[0.847112,-0.0632409,0.527638],[-0.0284535,-0.996867,-0.0737996],[-0.530652,-0.0475034,0.846258]],55.6483,[-229.228,87.6308,278.918],[-104.101,98.832,79.3717]],[139,"right",[0.182141,0.231604,-0.955607],[-0.062441,0.972627,0.223828],[74.2407,126.027,35.6888],[-12.2978,56.2104,24.9388],[75.5266,118.232,22.1248],0,0.217677,0.692514,[[-0.979154,-0.203117,0.00126381],[0.147325,-0.714457,-0.683993],[0.139834,-0.669548,0.729488]],57.4665,[92.9174,-52.2075,257.67],[58.8676,110.829,80.0379]]],[[1380,[-0.350574,0.645165,-0.678867],138,45.5146,[-162.399,162.943,28.0217],[-161.573,164.377,27.8482],[24.7503,93.7391,-0.830583],false,[-127.919,108.23,87.2529],[-127.919,108.23,87.2529],[-149.067,134.305,59.4445],[-159.506,153.516,39.2302],[-162.966,167.502,24.7332],[[[0.336448,-0.869208,-0.362326],[-0.753147,-0.479338,0.450561],[0.565308,-0.121295,0.815914]],[[0.0370813,-0.71474,-0.698406],[-0.873673,-0.36245,0.32454],[0.485099,-0.598144,0.637889]],[[0.0370813,-0.71474,-0.698406],[-0.935801,-0.270017,0.226646],[0.350574,-0.645165,0.678867]],[[0.0370813,-0.71474,-0.698406],[-0.984864,-0.144553,0.0956431],[0.169317,-0.684289,0.709282]]],0],[1381,[-0.0716198,0.47285,-0.878227],138,51.3581,[-148.032,121.785,-46.6102],[-149.531,125.4,-44.6397],[5.7124,78.3518,10.0605],false,[-122.965,92.3569,74.9217],[-142.503,109.92,16.2881],[-146.879,105.029,-20.6537],[-148.39,115.011,-39.1919],[-148.494,127.994,-46.5449],[[[0.949115,0.00457328,-0.314897],[-0.081905,-0.961902,-0.260836],[0.304093,-0.273355,0.912581]],[[0.992396,-0.0545863,-0.11032],[-0.0393648,-0.989964,0.135723],[0.116622,0.130348,0.984586]],[[0.992396,-0.0545863,-0.11032],[-0.100104,-0.87945,-0.465345],[0.0716198,-0.47285,0.878227]],[[0.992396,-0.0545863,-0.11032],[-0.122892,-0.489802,-0.863129],[0.00692004,-0.870123,0.492785]]],1],[1382,[-0.00047402,0.389206,-0.921151],138,58.5185,[-121.35,117.009,-59.5624],[-122.375,119.426,-57.9257],[8.08213,29.5213,5.92428],false,[-113.147,91.1162,70.7146],[-123.578,107.736,13.0305],[-121.473,98.6542,-28.0188],[-121.484,108.32,-50.8949],[-122.27,121.903,-60.0726],[[[0.981436,0.131513,-0.139597],[0.0864295,-0.953049,-0.290219],[0.171211,-0.272766,0.946724]],[[0.996221,0.0801839,0.0333668],[0.0709941,-0.973152,0.218941],[-0.0500265,0.215745,0.975167]],[[0.996221,0.0801839,0.0333668],[0.086848,-0.917654,-0.387773],[0.00047402,-0.389206,0.921151]],[[0.996221,0.0801839,0.0333668],[0.0724563,-0.555515,-0.828344],[0.0478841,-0.827631,0.559226]]],2],[1383,[0.103404,0.449178,-0.887438],138,56.2671,[-88.1969,115.157,-54.1523],[-93.186,119.792,-49.2247],[-34.7037,49.4804,21.1158],false,[-102.723,91.9663,68.3177],[-103.878,106.7,15.6466],[-96.2499,98.3037,-21.6879],[-93.7482,109.171,-43.1576],[-94.1775,123.698,-50.5762],[[[0.986607,0.161408,0.0235201],[0.161742,-0.949427,-0.269123],[0.0211082,-0.269323,0.962818]],[[0.977829,0.117435,0.173376],[0.075057,-0.969489,0.233359],[-0.195491,0.215172,0.956809]],[[0.977829,0.117435,0.173376],[0.182093,-0.885691,-0.427076],[-0.103404,-0.449178,0.887438]],[[0.977829,0.117435,0.173376],[0.207746,-0.440005,-0.873635],[0.0263088,-0.890284,0.454646]]],3],[1384,[0.302096,0.625517,-0.719351],138,44.1123,[-59.1244,126.751,-25.8735],[-64.312,129.736,-20.8706],[-8.84785,-4.91326,0.711623],false,[-91.9288,98.006,69.5399],[-86.0064,109.254,20.5214],[-69.6027,107.36,-5.5728],[-64.4425,118.044,-17.8602],[-65.1857,132.531,-21.885],[[[0.942042,0.283792,0.178939],[0.314451,-0.932804,-0.176062],[-0.11695,-0.222125,0.967979]],[[0.83792,0.185589,0.51327],[0.125335,-0.98071,0.149996],[-0.531207,0.0613537,0.845018]],[[0.83792,0.185589,0.51327],[0.454563,-0.757816,-0.468068],[-0.302096,-0.625517,0.719351]],[[0.83792,0.185589,0.51327],[0.543555,-0.198695,-0.815517],[0.0493666,-0.962329,0.267368]]],4],[1390,[0.807021,0.384696,-0.448025],139,47.0017,[153.22,148.626,26.8288],[151.653,157.73,46.188],[-10.2814,50.3702,29.0795],false,[82.9265,120.074,90.0937],[82.9265,120.074,90.0937],[111.278,143.814,64.4175],[136.093,155.643,50.641],[156.164,159.307,45.235],[[[-0.303477,-0.832356,-0.463774],[0.746576,-0.510148,0.427053],[-0.592053,-0.216641,0.776234]],[[-0.0658114,-0.695375,-0.715627],[0.77399,-0.488214,0.403219],[-0.629768,-0.527352,0.570344]],[[-0.0658114,-0.695375,-0.715627],[0.586844,-0.607011,0.535865],[-0.807021,-0.384696,0.448025]],[[-0.0658114,-0.695375,-0.715627],[0.302331,-0.697367,0.649828],[-0.950928,-0.17359,0.256128]]],0],[1391,[0.251537,0.457076,-0.853118],139,53.0361,[120.276,141.314,-46.8296],[118.91,148.547,-44.1248],[-41.508,98.6729,29.3829],false,[78.6476,105.019,75.5309],[100.625,129.782,18.0325],[111.707,127.617,-19.032],[117.19,137.581,-37.6286],[119.637,150.206,-46.1174],[[[-0.936775,0.0202544,-0.349345],[0.112826,-0.927526,-0.356321],[-0.331244,-0.373208,0.866599]],[[-0.958183,-0.00665409,-0.286079],[-0.00961492,-0.998416,0.0554266],[-0.285995,0.0558595,0.956602]],[[-0.958183,-0.00665409,-0.286079],[0.136437,-0.889403,-0.436289],[-0.251537,-0.457076,0.853118]],[[-0.958183,-0.00665409,-0.286079],[0.238057,-0.573295,-0.784004],[-0.158791,-0.819322,0.550905]]],1],[1392,[0.19229,0.41226,-0.890543],139,60.4304,[94.8551,142.182,-58.988],[93.575,144.095,-58.9931],[-27.7153,107.643,37.1189],false,[68.7059,104.016,70.6858],[81.2745,127.535,13.6949],[87.2148,121.43,-28.9324],[92.1462,132.002,-51.7709],[95.3524,145.815,-61.0525],[[[-0.978331,0.127468,-0.163156],[-0.0544709,-0.918718,-0.39114],[-0.199752,-0.373777,0.905754]],[[-0.980229,0.123825,-0.154333],[-0.143099,-0.982315,0.120744],[-0.136652,0.140442,0.980613]],[[-0.980229,0.123825,-0.154333],[-0.0466457,-0.902612,-0.427919],[-0.19229,-0.41226,0.890543]],[[-0.980229,0.123825,-0.154333],[0.0579734,-0.566026,-0.822346],[-0.189183,-0.815035,0.547657]]],2],[1393,[0.070437,0.430434,-0.89987],139,58.1055,[65.3571,134.281,-57.6412],[63.8129,142.706,-54.3295],[-28.5296,126.156,52.9666],false,[58.0234,104.952,67.8992],[60.8737,125.815,15.4776],[60.457,120.588,-24.4746],[62.2168,131.342,-46.9563],[64.3302,145.311,-56.1391],[[[-0.990155,0.139966,0.00186501],[-0.130569,-0.91871,-0.372725],[-0.0504554,-0.369298,0.92794]],[[-0.989527,0.144094,-0.00853032],[-0.143976,-0.981026,0.129841],[0.0103409,0.129709,0.991498]],[[-0.989527,0.144094,-0.00853032],[-0.125994,-0.891046,-0.436076],[-0.070437,-0.430434,0.89987]],[[-0.989527,0.144094,-0.00853032],[-0.0714535,-0.540321,-0.83842],[-0.125421,-0.82903,0.544958]]],3],[1394,[-0.307681,0.569301,-0.762384],139,45.5536,[22.1739,132.266,-38.238],[20.8762,148.638,-26.3792],[-4.78885,95.2978,61.6948],false,[46.7014,110.817,69.3706],[42.1917,127.572,20.0383],[27.4643,126.981,-8.24002],[22.037,137.023,-21.6879],[21.0672,151.295,-27.7723],[[[-0.954063,0.246144,0.170811],[-0.286926,-0.914749,-0.284442],[0.0862353,-0.320385,0.943354]],[[-0.880026,0.134392,0.455514],[-0.11074,-0.990755,0.0783628],[0.461834,0.0185175,0.886773]],[[-0.880026,0.134392,0.455514],[-0.361783,-0.81107,-0.45965],[0.307681,-0.569301,0.762384]],[[-0.880026,0.134392,0.455514],[-0.47081,-0.372856,-0.799572],[0.062385,-0.918105,0.391396]]],4]],[[0,200,0],[235.247,235.247,147.751]]],[140628,6957068889,[[138,"left",[-0.146301,0.128776,-0.980822],[0.0318641,0.99159,0.125437],[-117.635,108.637,34.4604],[-12.4832,31.0357,1.07076],[-115.802,105.408,32.6778],0,0.369312,0.242608,[[0.847638,-0.0572144,0.527481],[-0.0236087,-0.997251,-0.070231],[-0.530049,-0.0470773,0.846659]],55.6483,[-229.258,87.6361,278.89],[-104.274,98.7368,79.2493]],[139,"right",[0.176873,0.236875,-0.955304],[-0.0668019,0.971258,0.228463],[74.0896,126.536,35.7216],[-10.8554,44.7125,14.6575],[75.4582,118.627,22.7725],0,0.228507,0.695638,[[-0.978958,-0.204061,0.000241942],[0.14817,-0.711646,-0.686735],[0.140308,-0.672249,0.726907]],57.4665,[93.1507,-52.6396,257.069],[58.9855,111.055,80.0655]]],[[1380,[-0.350721,0.645766,-0.678219],138,45.5146,[-162.408,163.645,27.9707],[-161.82,164.215,27.72],[7.11886,47.3412,-3.9959],false,[-128.152,108.026,87.0775],[-128.152,108.026,87.0775],[-149.305,134.101,59.2726],[-159.748,153.33,39.0776],[-163.21,167.344,24.608],[[[0.340813,-0.866968,-0.363612],[-0.752875,-0.483327,0.446738],[0.56305,-0.121501,0.817442]],[[0.0419852,-0.71265,-0.700262],[-0.873388,-0.366554,0.320674],[0.485212,-0.598137,0.63781]],[[0.0419852,-0.71265,-0.700262],[-0.935538,-0.274072,0.222829],[0.350721,-0.645766,0.678219]],[[0.0419852,-0.71265,-0.700262],[-0.984652,-0.148349,0.0919368],[0.169402,-0.685655,0.707941]]],0],[1381,[-0.0663866,0.472592,-0.878777],138,51.3581,[-148.04,122.634,-46.1933],[-149.123,125.314,-44.8791],[14.1644,39.9635,-0.775634],false,[-123.099,92.2055,74.719],[-142.508,109.86,16.0698],[-146.597,104.901,-20.8957],[-147.998,114.877,-39.4455],[-148.079,127.874,-46.7749],[[[0.950126,0.00890355,-0.311739],[-0.0775318,-0.961466,-0.263764],[0.302075,-0.274779,0.912824]],[[0.993335,-0.0518637,-0.102932],[-0.0374931,-0.98987,0.136936],[0.108992,0.132164,0.985217]],[[0.993335,-0.0518637,-0.102932],[-0.0942216,-0.879754,-0.465999],[0.0663866,-0.472592,0.878777]],[[0.993335,-0.0518637,-0.102932],[-0.115133,-0.488487,-0.864942],[0.00542194,-0.871029,0.491202]]],1],[1382,[0.00245147,0.392481,-0.919757],138,58.5185,[-121.423,117.337,-59.3067],[-122.094,119.596,-58.0162],[12.6951,21.6523,1.43396],false,[-113.263,91.0122,70.541],[-123.565,107.754,12.8689],[-121.235,98.7318,-28.1815],[-121.174,108.479,-51.0229],[-121.966,122.113,-60.1231],[[[0.981405,0.135473,-0.135983],[0.0908653,-0.951919,-0.292565],[0.16908,-0.274769,0.946528]],[[0.995791,0.0833112,0.0382049],[0.073056,-0.973202,0.218039],[-0.0553461,0.21433,0.975192]],[[0.995791,0.0833112,0.0382049],[0.0916207,-0.915979,-0.390624],[-0.00245147,-0.392481,0.919757]],[[0.995791,0.0833112,0.0382049],[0.0779361,-0.550323,-0.831306],[0.0482321,-0.830785,0.5545]]],2],[1383,[0.0944061,0.470912,-0.877114],138,56.2671,[-88.9028,115.868,-53.5127],[-93.5737,120.758,-48.8478],[-31.4205,59.1739,24.022],false,[-102.835,91.9069,68.181],[-103.869,106.782,15.5473],[-96.321,98.7682,-21.8873],[-94.0371,110.161,-43.1072],[-94.6828,124.939,-49.9945],[[[0.985929,0.164934,0.0272327],[0.166094,-0.948081,-0.27121],[0.018913,-0.271917,0.962135]],[[0.977654,0.122378,0.170931],[0.0822996,-0.971,0.224467],[-0.193443,0.205383,0.959373]],[[0.977654,0.122378,0.170931],[0.187832,-0.873651,-0.448836],[-0.0944061,-0.470912,0.877114]],[[0.977654,0.122378,0.170931],[0.206464,-0.405893,-0.890294],[0.0395724,-0.90569,0.42209]]],3],[1384,[0.299426,0.625642,-0.720358],138,44.1123,[-59.7702,127.022,-25.3496],[-64.4454,129.856,-20.8555],[-8.42679,-0.66807,-0.390967],false,[-92.0664,97.9825,69.4556],[-86.0233,109.388,20.4883],[-69.6279,107.431,-5.6065],[-64.5134,118.118,-17.9111],[-65.3354,132.608,-21.9076],[[[0.940404,0.286722,0.182841],[0.318434,-0.93116,-0.177598],[-0.119333,-0.225237,0.966968]],[[0.837827,0.188817,0.512244],[0.127087,-0.979964,0.153359],[-0.530937,0.0633884,0.845037]],[[0.837827,0.188817,0.512244],[0.456497,-0.756915,-0.467643],[-0.299426,-0.625642,0.720358]],[[0.837827,0.188817,0.512244],[0.543197,-0.194462,-0.816775],[0.0546089,-0.962566,0.265491]]],4],[1390,[0.80302,0.391133,-0.449638],139,47.0017,[153.121,149.168,27.815],[151.37,158.621,46.0439],[-13.3558,51.6021,12.2248],false,[83.0355,120.386,90.0625],[83.0355,120.386,90.0625],[111.149,144.397,64.3761],[135.841,156.424,50.55],[155.869,160.222,45.0769],[[[-0.300877,-0.831916,-0.466249],[0.751126,-0.507966,0.421639],[-0.587607,-0.22335,0.77771]],[[-0.0650026,-0.692499,-0.718484],[0.778333,-0.485766,0.397781],[-0.624478,-0.533363,0.570571]],[[-0.0650026,-0.692499,-0.718484],[0.592396,-0.606185,0.530666],[-0.80302,-0.391133,0.449638]],[[-0.0650026,-0.692499,-0.718484],[0.308872,-0.69861,0.645401],[-0.94888,-0.179967,0.259305]]],0],[1391,[0.24558,0.461583,-0.852427],139,53.0361,[119.782,143.17,-46.1042],[118.304,149.387,-44.1333],[-39.5671,77.53,16.4873],false,[78.7778,105.374,75.45],[100.379,130.513,17.9727],[111.316,128.294,-19.1316],[116.669,138.356,-37.7131],[118.989,151.086,-46.0796],[[[-0.938327,0.0166968,-0.345347],[0.116385,-0.92529,-0.360961],[-0.325573,-0.378892,0.866281]],[[-0.95932,-0.0106089,-0.28212],[-0.00599532,-0.998303,0.057927],[-0.282256,0.0572619,0.957629]],[[-0.95932,-0.0106089,-0.28212],[0.139265,-0.887034,-0.4402],[-0.24558,-0.461583,0.852427]],[[-0.95932,-0.0106089,-0.28212],[0.238833,-0.563356,-0.790942],[-0.150543,-0.826146,0.542972]]],1],[1392,[0.202553,0.412189,-0.888298],139,60.4304,[95.0692,142.892,-58.7235],[93.8639,144.476,-58.7677],[-1.53345,71.4534,27.6523],false,[68.8215,104.338,70.6419],[81.023,128.18,13.7056],[87.375,121.83,-28.8265],[92.5696,132.401,-51.6074],[95.891,146.276,-60.7561],[[[-0.979686,0.122847,-0.158505],[-0.0511017,-0.91724,-0.395043],[-0.193917,-0.378918,0.904885]],[[-0.978303,0.125499,-0.164842],[-0.146868,-0.981283,0.124555],[-0.146125,0.146062,0.978424]],[[-0.978303,0.125499,-0.164842],[-0.0435343,-0.902414,-0.428666],[-0.202553,-0.412189,0.888298]],[[-0.978303,0.125499,-0.164842],[0.0672025,-0.560407,-0.825486],[-0.195976,-0.818654,0.539814]]],2],[1393,[0.0686239,0.436142,-0.897258],139,58.1055,[64.8589,136.573,-56.5877],[63.3655,143.414,-54.0417],[-24.9634,88.9822,37.5772],false,[58.1224,105.228,67.9041],[60.6395,126.34,15.5655],[60.1965,121.061,-24.3795],[61.911,131.958,-46.796],[63.977,146.059,-55.7852],[[[-0.990886,0.13454,0.00661795],[-0.127121,-0.917731,-0.376311],[-0.0445555,-0.373722,0.92647]],[[-0.990089,0.140241,-0.00755485],[-0.140014,-0.981412,0.131253],[0.0109927,0.13101,0.99132]],[[-0.990089,0.140241,-0.00755485],[-0.122538,-0.888883,-0.441443],[-0.0686239,-0.436142,0.897258]],[[-0.990089,0.140241,-0.00755485],[-0.0684921,-0.529109,-0.845785],[-0.122611,-0.836885,0.53347]]],3],[1394,[-0.306732,0.572245,-0.76056],139,45.5536,[22.0972,133.504,-37.2966],[20.6557,148.933,-26.0215],[-5.64094,60.7092,43.164],false,[46.7749,111.024,69.449],[41.9675,127.974,20.2118],[27.2876,127.163,-8.08574],[21.877,137.257,-21.5015],[20.9703,151.615,-27.3892],[[[-0.954667,0.240156,0.175888],[-0.283126,-0.915021,-0.28736],[0.0919301,-0.324132,0.941535]],[[-0.881616,0.130333,0.453616],[-0.104108,-0.991144,0.0824374],[0.460343,0.0254529,0.887376]],[[-0.881616,0.130333,0.453616],[-0.358705,-0.80966,-0.464523],[0.306732,-0.572245,0.76056]],[[-0.881616,0.130333,0.453616],[-0.46835,-0.360366,-0.806712],[0.0583267,-0.923661,0.378745]]],4]],[[0,200,0],[235.247,235.247,147.751]]],[140629,6957078179,[[138,"left",[-0.139349,0.131023,-0.981537],[0.0378362,0.991189,0.12694],[-117.878,109.08,34.2366],[-16.3259,35.7494,-6.02621],[-116.034,105.818,32.8517],0,0.373503,0.244846,[[0.848701,-0.0659316,0.524748],[-0.0305509,-0.996654,-0.0758124],[-0.527991,-0.0483105,0.847875]],55.6483,[-229.361,87.6408,279.021],[-104.861,99.0324,79.0941]],[139,"right",[0.172743,0.240172,-0.955237],[-0.0704577,0.970345,0.231229],[73.8776,126.857,35.6895],[-14.2309,41.8562,9.54876],[75.4134,118.86,23.1386],0,0.233268,0.698623,[[-0.978757,-0.205025,-0.000411183],[0.149037,-0.7101,-0.688147],[0.140795,-0.673589,0.725571]],57.4665,[93.2695,-52.8288,256.719],[58.9855,111.192,80.0404]]],[[1380,[-0.342134,0.649007,-0.67951],138,45.5146,[-162.341,164.131,27.7889],[-161.644,164.966,27.2981],[10.4669,56.9341,-15.8092],false,[-128.724,108.474,86.7869],[-128.724,108.474,86.7869],[-149.527,134.728,58.8868],[-159.715,154.053,38.6534],[-162.991,168.109,24.1812],[[[0.337147,-0.868805,-0.362643],[-0.758898,-0.478755,0.441439],[0.557141,-0.126379,0.820745]],[[0.0414602,-0.71202,-0.700934],[-0.877818,-0.361017,0.314804],[0.477196,-0.60224,0.639992]],[[0.0414602,-0.71202,-0.700934],[-0.938736,-0.267986,0.216699],[0.342134,-0.649007,0.67951]],[[0.0414602,-0.71202,-0.700934],[-0.986196,-0.141722,0.0856301],[0.160308,-0.687708,0.708067]]],0],[1381,[-0.0557366,0.472597,-0.879515],138,51.3581,[-147.958,123.136,-46.0739],[-148.621,125.975,-45.3012],[25.1304,47.938,-13.2339],false,[-123.702,92.6353,74.4389],[-142.627,110.497,15.6943],[-146.449,105.534,-21.2994],[-147.625,115.51,-39.8647],[-147.551,128.508,-47.1919],[[[0.952076,0.00282652,-0.30585],[-0.0824409,-0.960578,-0.265507],[0.294543,-0.277997,0.91431]],[[0.993747,-0.0591029,-0.094734],[-0.0457437,-0.989451,0.137456],[0.101859,0.132263,0.985967]],[[0.993747,-0.0591029,-0.094734],[-0.0967528,-0.879295,-0.466347],[0.0557366,-0.472597,0.879515]],[[0.993747,-0.0591029,-0.094734],[-0.111547,-0.487514,-0.865961],[-0.00499666,-0.871113,0.491058]]],1],[1382,[0.0124829,0.394856,-0.918658],138,58.5185,[-121.405,117.574,-59.1893],[-121.6,120.164,-58.2075],[25.03,33.712,-3.97535],false,[-113.849,91.3803,70.3203],[-123.679,108.265,12.6077],[-121.088,99.2309,-28.4242],[-120.778,109.037,-51.2384],[-121.403,122.724,-60.2729],[[[0.983127,0.128956,-0.129737],[0.0861923,-0.952141,-0.293254],[0.161345,-0.277123,0.947191]],[[0.996042,0.0759443,0.0461766],[0.0641163,-0.973739,0.218451],[-0.0615541,0.214626,0.974755]],[[0.996042,0.0759443,0.0461766],[0.0879999,-0.915599,-0.392345],[-0.0124829,-0.394856,0.918658]],[[0.996042,0.0759443,0.0461766],[0.0803167,-0.546556,-0.833562],[0.0380662,-0.833972,0.550493]]],2],[1383,[0.0976517,0.480826,-0.871362],138,56.2671,[-89.2715,116.294,-53.1633],[-93.525,121.479,-48.6767],[-21.7202,66.7822,23.5813],false,[-103.4,92.2069,68.0259],[-104.008,107.156,15.4065],[-96.4057,99.2283,-22.0355],[-94.0432,110.861,-43.1163],[-94.6451,125.77,-49.7209],[[[0.986841,0.158176,0.033542],[0.161311,-0.948844,-0.27143],[0.0111076,-0.273269,0.961874]],[[0.977852,0.116504,0.173874],[0.0764662,-0.972187,0.221373],[-0.194829,0.203175,0.959563]],[[0.977852,0.116504,0.173874],[0.18512,-0.869042,-0.458799],[-0.0976517,-0.480826,0.871362]],[[0.977852,0.116504,0.173874],[0.206021,-0.389384,-0.897739],[0.0368865,-0.913678,0.404762]]],3],[1384,[0.30547,0.624554,-0.718763],138,44.1123,[-60.0613,127.152,-25.1042],[-64.3286,129.944,-20.7494],[-3.1833,2.62515,2.50175],false,[-92.5991,98.2073,69.375],[-86.1756,109.634,20.4611],[-69.6988,107.54,-5.57176],[-64.481,118.209,-17.8491],[-65.2225,132.713,-21.8071],[[[0.941184,0.280073,0.189027],[0.313181,-0.933081,-0.176856],[-0.126845,-0.225653,0.965915]],[[0.837247,0.183372,0.515162],[0.119653,-0.980702,0.154618],[-0.533573,0.0678125,0.843031]],[[0.837247,0.183372,0.515162],[0.453547,-0.759149,-0.466892],[-0.30547,-0.624554,0.718763]],[[0.837247,0.183372,0.515162],[0.544602,-0.194767,-0.815766],[0.0492519,-0.963556,0.262932]]],4],[1390,[0.799797,0.395953,-0.451161],139,47.0017,[153.049,149.521,28.4128],[151.044,159.269,45.8513],[-19.5479,56.5921,2.96011],false,[83.0251,120.605,89.9852],[83.0251,120.605,89.9852],[110.947,144.811,64.2729],[135.54,156.987,50.3999],[155.533,160.89,44.873],[[[-0.298606,-0.832047,-0.467475],[0.754759,-0.505663,0.417904],[-0.5841,-0.228042,0.778989]],[[-0.064164,-0.690897,-0.7201],[0.781795,-0.483272,0.394012],[-0.620226,-0.537689,0.571149]],[[-0.064164,-0.690897,-0.7201],[0.596832,-0.604882,0.527172],[-0.799797,-0.395953,0.451161]],[[-0.064164,-0.690897,-0.7201],[0.314103,-0.698893,0.642563],[-0.947218,-0.184956,0.261857]]],0],[1391,[0.240997,0.46524,-0.851746],139,53.0361,[119.473,144.097,-45.796],[117.743,150.03,-44.2169],[-45.34,75.8056,9.70603],false,[78.7885,105.612,75.347],[100.092,131,17.8674],[110.929,128.831,-19.2689],[116.183,138.973,-37.8356],[118.41,151.763,-46.1342],[[[-0.939493,0.0133532,-0.342308],[0.119408,-0.923806,-0.363763],[-0.321084,-0.382628,0.866315]],[[-0.960085,-0.0140987,-0.279351],[-0.00212165,-0.998333,0.0576771],[-0.279699,0.0559676,0.958455]],[[-0.960085,-0.0140987,-0.279351],[0.141974,-0.885072,-0.443273],[-0.240997,-0.46524,0.851746]],[[-0.960085,-0.0140987,-0.279351],[0.239482,-0.557438,-0.794928],[-0.144514,-0.830099,0.538564]]],1],[1392,[0.208668,0.411775,-0.887074],139,60.4304,[95.1955,143.131,-58.6215],[93.9154,144.683,-58.6778],[4.11197,58.6205,23.3096],false,[68.8216,104.544,70.5679],[80.733,128.59,13.6559],[87.3435,122.051,-28.808],[92.6949,132.612,-51.5576],[96.0766,146.526,-60.6231],[[[-0.980733,0.118826,-0.155057],[-0.0482213,-0.916425,-0.39729],[-0.189306,-0.382158,0.904499]],[[-0.977129,0.125755,-0.171477],[-0.148637,-0.980592,0.127853],[-0.152071,0.150417,0.976857]],[[-0.977129,0.125755,-0.171477],[-0.0409435,-0.902567,-0.428598],[-0.208668,-0.411775,0.887074]],[[-0.977129,0.125755,-0.171477],[0.0735178,-0.556889,-0.827327],[-0.199534,-0.821012,0.534907]]],2],[1393,[0.0659025,0.440607,-0.895278],139,58.1055,[64.5751,137.637,-56.1092],[62.8764,143.881,-53.9024],[-31.3104,78.9903,31.8615],false,[58.1099,105.393,67.8665],[60.364,126.653,15.5759],[59.8692,121.377,-24.3688],[61.5157,132.385,-46.7358],[63.5224,146.578,-55.5943],[[[-0.991457,0.130036,0.0101313],[-0.124177,-0.917309,-0.378317],[-0.0399014,-0.376343,0.925621]],[[-0.990627,0.136476,-0.00575519],[-0.136044,-0.981951,0.131391],[0.0122803,0.130942,0.991314]],[[-0.990627,0.136476,-0.00575519],[-0.119648,-0.887265,-0.445472],[-0.0659025,-0.440607,0.895278]],[[-0.990627,0.136476,-0.00575519],[-0.0668993,-0.521469,-0.850644],[-0.119093,-0.842285,0.525711]]],3],[1394,[-0.308454,0.570968,-0.760823],139,45.5536,[22.047,134.113,-36.8292],[20.3122,148.991,-25.8707],[-13.2264,44.3037,34.4098],false,[46.7413,111.134,69.4628],[41.6998,128.191,20.2861],[27.0308,127.192,-8.01118],[21.5899,137.264,-21.4316],[20.6636,151.644,-27.2637],[[[-0.955174,0.235371,0.179562],[-0.279907,-0.915538,-0.288863],[0.0964062,-0.326175,0.940381]],[[-0.882449,0.126872,0.452976],[-0.0983992,-0.991425,0.0859911],[0.460001,0.0313103,0.887366]],[[-0.882449,0.126872,0.452976],[-0.355162,-0.81111,-0.464716],[0.308454,-0.570968,0.760823]],[[-0.882449,0.126872,0.452976],[-0.466618,-0.358065,-0.808738],[0.0595885,-0.925037,0.375175]]],4]],[[0,200,0],[235.247,235.247,147.751]]],[140630,6957095441,[[138,"left",[-0.134621,0.128386,-0.982545],[0.0357733,0.991554,0.124662],[-118.091,109.238,34.0653],[-14.4894,23.5248,-7.81739],[-116.431,106.479,33.0862],0,0.378457,0.249327,[[0.849554,-0.0649492,0.523487],[-0.0291347,-0.996654,-0.0763732],[-0.526696,-0.0496315,0.848604]],55.6483,[-229.478,87.6176,279.111],[-105.285,99.3207,79.0122]],[139,"right",[0.165016,0.250914,-0.953841],[-0.0742066,0.967516,0.241673],[73.514,127.503,35.7815],[-17.3737,39.8168,7.60878],[75.3058,119.35,23.8546],0,0.241681,0.725511,[[-0.978927,-0.204211,0.000567079],[0.147378,-0.708401,-0.690253],[0.141359,-0.675623,0.723568]],57.4665,[93.4268,-53.2145,256.257],[59.0055,111.301,80.0668]]],[[1380,[-0.339697,0.646822,-0.682808],138,45.5146,[-162.421,164.549,27.3775],[-161.908,165.043,26.7716],[-1.28702,32.8055,-22.6649],false,[-129.199,108.747,86.562],[-129.199,108.747,86.562],[-149.902,134.901,58.494],[-160.017,154.161,38.1624],[-163.239,168.177,23.6391],[[[0.340209,-0.869211,-0.358789],[-0.760409,-0.47876,0.438825],[0.553205,-0.123534,0.823834]],[[0.045985,-0.713688,-0.698952],[-0.878842,-0.361534,0.311336],[0.474892,-0.599952,0.643844]],[[0.045985,-0.713688,-0.698952],[-0.93941,-0.268831,0.212694],[0.339697,-0.646822,0.682808]],[[0.045985,-0.713688,-0.698952],[-0.986419,-0.142887,0.081002],[0.157682,-0.685735,0.710566]]],0],[1381,[-0.0493712,0.469012,-0.881811],138,51.3581,[-147.758,123.735,-46.0213],[-148.271,125.78,-45.6911],[22.5074,20.4573,-17.1661],false,[-124.093,92.8847,74.2788],[-142.749,110.573,15.3959],[-146.285,105.421,-21.6003],[-147.327,115.321,-40.2141],[-147.204,128.299,-47.576],[[[0.95359,0.00345019,-0.301087],[-0.0797275,-0.961352,-0.263526],[0.29036,-0.2753,0.916461]],[[0.99449,-0.0586603,-0.0868798],[-0.0459114,-0.988789,0.142083],[0.0942405,0.137312,0.986035]],[[0.99449,-0.0586603,-0.0868798],[-0.0924749,-0.881242,-0.463532],[0.0493712,-0.469012,0.881811]],[[0.99449,-0.0586603,-0.0868798],[-0.104508,-0.489953,-0.865462],[-0.00820119,-0.869773,0.493384]]],1],[1382,[0.0197447,0.394121,-0.918847],138,58.5185,[-121.28,117.961,-59.009],[-121.19,120.027,-58.3525],[26.0973,15.7708,-4.9624],false,[-114.217,91.6338,70.2126],[-123.783,108.362,12.4098],[-120.843,99.1352,-28.556],[-120.353,108.923,-51.3749],[-120.917,122.639,-60.3694],[[[0.983578,0.130061,-0.125136],[0.0890302,-0.95274,-0.29045],[0.156998,-0.274539,0.948673]],[[0.995594,0.0765083,0.0542107],[0.0625746,-0.97268,0.223558],[-0.0698337,0.219181,0.973182]],[[0.995594,0.0765083,0.0542107],[0.0916649,-0.915869,-0.390874],[-0.0197447,-0.394121,0.918847]],[[0.995594,0.0765083,0.0542107],[0.0872368,-0.543782,-0.83468],[0.0343812,-0.835732,0.548061]]],2],[1383,[0.0959134,0.486262,-0.868533],138,56.2671,[-89.9027,117.03,-52.563],[-93.6719,121.727,-48.5314],[-15.8814,42.4692,17.1466],false,[-103.758,92.4699,67.9686],[-104.124,107.288,15.3097],[-96.4522,99.2698,-22.099],[-94.1318,111.034,-43.1113],[-94.8209,126.029,-49.5075],[[[0.986432,0.159691,0.0380865],[0.164034,-0.949279,-0.268258],[0.00668375,-0.270866,0.962594]],[[0.977325,0.119478,0.174819],[0.0786226,-0.97134,0.224313],[-0.196609,0.205482,0.958708]],[[0.977325,0.119478,0.174819],[0.188779,-0.865607,-0.463776],[-0.0959134,-0.486262,0.868533]],[[0.977325,0.119478,0.174819],[0.207493,-0.375719,-0.903206],[0.0422306,-0.918999,0.391991]]],3],[1384,[0.298566,0.628487,-0.718236],138,44.1123,[-60.5924,127.39,-24.6865],[-64.6767,130.044,-20.7008],[-13.4017,6.96825,3.01154],false,[-92.9726,98.4893,69.3568],[-86.3207,109.804,20.4473],[-69.8884,107.664,-5.60991],[-64.7885,118.4,-17.8783],[-65.7003,132.927,-21.7175],[[[0.939822,0.281907,0.193037],[0.315405,-0.933061,-0.172965],[-0.131356,-0.223441,0.965826]],[[0.837651,0.188095,0.512797],[0.123183,-0.979703,0.158138],[-0.532134,0.0692969,0.84382]],[[0.837651,0.188095,0.512797],[0.457382,-0.754735,-0.470294],[-0.298566,-0.628487,0.718236]],[[0.837651,0.188095,0.512797],[0.542837,-0.182577,-0.819752],[0.0605666,-0.965032,0.25504]]],4],[1390,[0.794567,0.405007,-0.452363],139,47.0017,[152.861,150.352,29.6952],[150.567,160.243,45.7659],[-23.3038,56.2815,-0.518622],false,[83.0595,120.745,89.9479],[83.0595,120.745,89.9479],[110.675,145.369,64.3015],[135.107,157.823,50.3916],[155.041,161.894,44.7722],[[[-0.297184,-0.828846,-0.474022],[0.760298,-0.50574,0.407645],[-0.577607,-0.239252,0.780467]],[[-0.0652018,-0.683804,-0.726746],[0.787061,-0.482945,0.383796],[-0.61342,-0.546969,0.569684]],[[-0.0652018,-0.683804,-0.726746],[0.603665,-0.606944,0.516922],[-0.794567,-0.405007,0.452363]],[[-0.0652018,-0.683804,-0.726746],[0.322247,-0.703704,0.633212],[-0.944408,-0.192905,0.266236]]],0],[1391,[0.233387,0.47521,-0.848355],139,53.0361,[118.724,145.925,-45.308],[116.743,151.548,-44.1265],[-50.931,82.023,7.97798],false,[78.8067,105.88,75.1845],[99.5854,131.973,17.8291],[110.208,130.047,-19.3826],[115.295,140.406,-37.8753],[117.386,153.338,-45.989],[[[-0.941827,0.0116662,-0.335896],[0.122012,-0.91935,-0.374044],[-0.313169,-0.393268,0.864445]],[[-0.961682,-0.0162806,-0.273683],[0.00203174,-0.998631,0.0522663],[-0.274159,0.0497076,0.960399]],[[-0.961682,-0.0162806,-0.273683],[0.143869,-0.879722,-0.453201],[-0.233387,-0.47521,0.848355]],[[-0.961682,-0.0162806,-0.273683],[0.23826,-0.543507,-0.80488],[-0.135645,-0.839247,0.52656]]],1],[1392,[0.207795,0.418887,-0.883943],139,60.4304,[94.8385,144.301,-58.3783],[93.3452,145.977,-58.4314],[-13.2242,68.0907,19.0176],false,[68.8141,104.806,70.4611],[80.2118,129.5,13.7218],[86.812,123.15,-28.7723],[92.141,133.892,-51.4416],[95.4888,147.919,-60.3445],[[[-0.982386,0.114982,-0.147298],[-0.0458766,-0.912553,-0.406376],[-0.181143,-0.392461,0.901755]],[[-0.97739,0.125061,-0.170497],[-0.147161,-0.981336,0.12379],[-0.151833,0.146082,0.977551]],[[-0.97739,0.125061,-0.170497],[-0.0391283,-0.899385,-0.435403],[-0.207795,-0.418887,0.883943]],[[-0.97739,0.125061,-0.170497],[0.075418,-0.547113,-0.833654],[-0.197539,-0.827663,0.525311]]],2],[1393,[0.0625778,0.45578,-0.88789],139,58.1055,[63.9703,139.588,-55.2512],[62.0339,145.366,-53.321],[-36.5056,84.7431,34.238],false,[58.08,105.623,67.84],[59.8671,127.431,15.7572],[59.2621,122.389,-24.2162],[60.8255,133.776,-46.3987],[62.7733,148.214,-54.8648],[[[-0.992063,0.124437,0.0180645],[-0.121697,-0.914052,-0.386909],[-0.031634,-0.386036,0.921941]],[[-0.991155,0.132699,-0.00173774],[-0.131858,-0.983225,0.126024],[0.0150146,0.125138,0.992026]],[[-0.991155,0.132699,-0.00173774],[-0.11703,-0.880145,-0.460053],[-0.0625778,-0.45578,0.88789]],[[-0.991155,0.132699,-0.00173774],[-0.065183,-0.498189,-0.864615],[-0.115599,-0.856854,0.502432]]],3],[1394,[-0.310541,0.576712,-0.755624],139,45.5536,[21.9291,135.152,-36.0327],[19.7063,149.767,-25.2352],[-21.3297,44.648,34.5299],false,[46.6911,111.284,69.5709],[41.2267,128.817,20.607],[26.5307,127.801,-7.6756],[21.0529,137.973,-21.0043],[20.1323,152.442,-26.6141],[[[-0.95522,0.228227,0.188326],[-0.276831,-0.914061,-0.296407],[0.104493,-0.335269,0.93631]],[[-0.882702,0.119999,0.454353],[-0.09195,-0.992263,0.0834278],[0.460849,0.0318641,0.886906]],[[-0.882702,0.119999,0.454353],[-0.352705,-0.808086,-0.4718],[0.310541,-0.576712,0.755624]],[[-0.882702,0.119999,0.454353],[-0.466186,-0.345452,-0.814453],[0.0592242,-0.930732,0.360873]]],4]],[[0,200,0],[235.247,235.247,147.751]]],[140631,6957103964,[[138,"left",[-0.131915,0.127995,-0.982963],[0.0383623,0.991545,0.123964],[-118.223,109.502,34.0257],[-14.7807,25.4627,-6.98466],[-116.61,106.78,33.1799],0,0.379605,0.255015,[[0.849922,-0.0693957,0.522319],[-0.0323942,-0.996296,-0.0796566],[-0.525912,-0.0507817,0.849022]],55.6483,[-229.562,87.6085,279.208],[-105.553,99.5827,79.0107]],[139,"right",[0.160344,0.253141,-0.954049],[-0.0765541,0.966833,0.243667],[73.3639,127.855,35.8376],[-17.4339,40.2203,7.34059],[75.2488,119.6,24.2066],0,0.246779,0.728496,[[-0.979007,-0.203827,0.000246018],[0.147009,-0.706939,-0.691828],[0.141187,-0.677268,0.722062]],57.4665,[93.4675,-53.3895,255.976],[59.0881,111.527,80.1519]]],[[1380,[-0.336211,0.647264,-0.684114],138,45.5146,[-162.429,164.764,27.218],[-161.864,165.427,26.5853],[0.446058,36.1015,-22.5091],false,[-129.458,109.084,86.4963],[-129.458,109.084,86.4963],[-150.018,135.276,58.3592],[-160.03,154.55,37.9886],[-163.177,168.563,23.4467],[[[0.338529,-0.870482,-0.357294],[-0.762838,-0.476197,0.437396],[0.550888,-0.124486,0.825243]],[[0.0455614,-0.714371,-0.698282],[-0.880616,-0.358742,0.309549],[0.471636,-0.600815,0.645431]],[[0.0455614,-0.714371,-0.698282],[-0.940684,-0.26594,0.210689],[0.336211,-0.647264,0.684114]],[[0.0455614,-0.714371,-0.698282],[-0.987025,-0.139927,0.0787501],[0.153966,-0.685634,0.711477]]],0],[1381,[-0.0449498,0.468052,-0.882557],138,51.3581,[-147.66,123.993,-46.0188],[-148.093,126.022,-45.8206],[21.7158,22.3541,-16.3712],false,[-124.369,93.1977,74.2377],[-142.833,110.893,15.2968],[-146.263,105.68,-21.7008],[-147.212,115.56,-40.3304],[-147.023,128.534,-47.6977],[[[0.954308,0.000437818,-0.298825],[-0.081899,-0.961326,-0.262956],[0.287383,-0.275414,0.917365]],[[0.994585,-0.0618973,-0.0834819],[-0.0494363,-0.988365,0.143845],[0.0914142,0.138939,0.986073]],[[0.994585,-0.0618973,-0.0834819],[-0.0937018,-0.88153,-0.462735],[0.0449498,-0.468052,0.882557]],[[0.994585,-0.0618973,-0.0834819],[-0.10315,-0.490017,-0.865588],[-0.01267,-0.869513,0.493748]]],1],[1382,[0.0254959,0.394187,-0.918676],138,58.5185,[-121.194,118.148,-58.9295],[-120.943,120.185,-58.3597],[28.2516,17.15,-3.18406],false,[-114.487,91.9149,70.196],[-123.867,108.624,12.3575],[-120.761,99.2923,-28.5721],[-120.128,109.082,-51.3867],[-120.604,122.824,-60.3457],[[[0.984246,0.1271,-0.122903],[0.0869465,-0.953225,-0.289486],[0.153948,-0.274239,0.949259]],[[0.995596,0.0729182,0.0589186],[0.0578382,-0.972386,0.226096],[-0.0737781,0.221692,0.972322]],[[0.995596,0.0729182,0.0589186],[0.0902132,-0.916133,-0.390592],[-0.0254959,-0.394187,0.918676]],[[0.995596,0.0729182,0.0589186],[0.0891411,-0.541779,-0.835781],[0.0290229,-0.837352,0.545893]]],2],[1383,[0.0977584,0.48688,-0.867981],138,56.2671,[-90.1818,117.365,-52.2937],[-93.6808,121.913,-48.4602],[-11.8133,36.3792,14.7497],false,[-104.021,92.7188,67.9762],[-104.218,107.496,15.3049],[-96.5234,99.4014,-22.0826],[-94.1583,111.18,-43.0815],[-94.8169,126.199,-49.4278],[[[0.986799,0.156853,0.0403027],[0.161907,-0.949965,-0.267119],[0.00361213,-0.270118,0.96282]],[[0.97743,0.117155,0.175802],[0.0757857,-0.971207,0.22586],[-0.197201,0.207439,0.958165]],[[0.97743,0.117155,0.175802],[0.187283,-0.865576,-0.464438],[-0.0977584,-0.48688,0.867981]],[[0.97743,0.117155,0.175802],[0.20737,-0.373057,-0.904337],[0.0403637,-0.920382,0.388931]]],3],[1384,[0.296678,0.630859,-0.716937],138,44.1123,[-60.8373,127.503,-24.496],[-64.8347,130.133,-20.6038],[-16.1643,10.0462,5.8289],false,[-93.2207,98.7079,69.3852],[-86.42,109.965,20.4828],[-70.0201,107.766,-5.59001],[-64.9525,118.542,-17.8362],[-65.9163,133.091,-21.5777],[[[0.940178,0.279326,0.195046],[0.313099,-0.934111,-0.171479],[-0.134296,-0.222289,0.965687]],[[0.838552,0.187138,0.511674],[0.121581,-0.979751,0.15908],[-0.531083,0.0711869,0.844324]],[[0.838552,0.187138,0.511674],[0.45696,-0.752992,-0.473488],[-0.296678,-0.630859,0.716937]],[[0.838552,0.187138,0.511674],[0.541046,-0.175664,-0.822442],[0.0640279,-0.9665,0.248554]]],4],[1390,[0.791358,0.408533,-0.454812],139,47.0017,[152.757,150.796,30.3355],[150.343,160.846,45.5736],[-24.1182,59.9687,-6.27987],false,[83.1488,121.036,89.9536],[83.1488,121.036,89.9536],[110.577,145.8,64.2407],[134.911,158.362,50.2555],[154.807,162.512,44.5638],[[[-0.296234,-0.829033,-0.474288],[0.763647,-0.503838,0.40372],[-0.573662,-0.242594,0.782343]],[[-0.0657544,-0.68275,-0.727687],[0.790242,-0.480904,0.3798],[-0.609257,-0.550076,0.571159]],[[-0.0657544,-0.68275,-0.727687],[0.607807,-0.605767,0.513437],[-0.791358,-0.408533,0.454812]],[[-0.0657544,-0.68275,-0.727687],[0.327194,-0.703698,0.630677],[-0.942667,-0.196625,0.269663]]],0],[1391,[0.229225,0.476974,-0.8485],139,53.0361,[118.357,146.707,-45.1259],[116.226,152.05,-44.1715],[-53.0146,76.0832,4.84105],false,[78.8881,106.182,75.1812],[99.3479,132.446,17.7892],[109.856,130.481,-19.4529],[114.853,140.878,-37.9487],[116.866,153.854,-46.0112],[[[-0.943196,0.00901938,-0.332116],[0.123665,-0.918272,-0.376142],[-0.308365,-0.395847,0.864995]],[[-0.962512,-0.0187858,-0.270586],[0.00432921,-0.998536,0.0539252],[-0.271203,0.0507323,0.961184]],[[-0.962512,-0.0187858,-0.270586],[0.145002,-0.878717,-0.454787],[-0.229225,-0.476974,0.8485]],[[-0.962512,-0.0187858,-0.270586],[0.237693,-0.538978,-0.808087],[-0.130659,-0.84211,0.523238]]],1],[1392,[0.203276,0.421485,-0.883759],139,60.4304,[94.5087,144.773,-58.3224],[92.8128,146.517,-58.398],[-26.9265,68.0559,15.0652],false,[68.8804,105.082,70.4958],[79.9667,129.914,13.755],[86.4308,123.631,-28.7701],[91.644,134.44,-51.4347],[94.9123,148.508,-60.303],[[[-0.983355,0.111866,-0.143176],[-0.0443736,-0.911995,-0.407793],[-0.176194,-0.394652,0.901779]],[[-0.978396,0.122177,-0.166775],[-0.143625,-0.981928,0.123241],[-0.148704,0.144532,0.978263]],[[-0.978396,0.122177,-0.166775],[-0.0376816,-0.898567,-0.437215],[-0.203276,-0.421485,0.883759]],[[-0.978396,0.122177,-0.166775],[0.0745015,-0.544128,-0.835688],[-0.192848,-0.830059,0.52327]]],2],[1393,[0.0612626,0.458312,-0.886678],139,58.1055,[63.6952,140.379,-54.8894],[61.6355,145.727,-53.081],[-36.7664,73.2979,32.973],false,[58.1332,105.867,67.9189],[59.6375,127.772,15.8678],[58.9957,122.618,-24.0908],[60.5263,134.068,-46.243],[62.4476,148.581,-54.5858],[[[-0.992403,0.121,0.0222396],[-0.120111,-0.913788,-0.388026],[-0.0266289,-0.387749,0.92138]],[[-0.99142,0.130712,-0.000936199],[-0.129742,-0.983135,0.12889],[0.0159271,0.127906,0.991658]],[[-0.99142,0.130712,-0.000936199],[-0.11547,-0.879127,-0.462387],[-0.0612626,-0.458312,0.886678]],[[-0.99142,0.130712,-0.000936199],[-0.0639108,-0.49097,-0.868829],[-0.114026,-0.861314,0.495112]]],3],[1394,[-0.311361,0.579038,-0.753505],139,45.5536,[21.869,135.621,-35.6688],[19.4168,149.999,-24.9153],[-23.0601,41.3729,35.4364],false,[46.732,111.486,69.7052],[41.012,129.085,20.7944],[26.2933,128,-7.47389],[20.8011,138.214,-20.7652],[19.8984,152.726,-26.265],[[[-0.955236,0.224619,0.192535],[-0.274881,-0.914487,-0.296907],[0.10938,-0.33654,0.935295]],[[-0.882659,0.117565,0.455074],[-0.088739,-0.992483,0.0842827],[0.461561,0.0340101,0.886456]],[[-0.882659,0.117565,0.455074],[-0.352091,-0.80678,-0.474488],[0.311361,-0.579038,0.753505]],[[-0.882659,0.117565,0.455074],[-0.466413,-0.33871,-0.81715],[0.0580697,-0.933517,0.353799]]],4]],[[0,200,0],[235.247,235.247,147.751]]],[140632,6957112641,[[138,"left",[-0.130667,0.127892,-0.983143],[0.0353452,0.991615,0.124297],[-118.264,109.483,33.9799],[-12.091,18.1133,-6.5324],[-116.773,107.047,33.2589],0,0.381017,0.263096,[[0.850223,-0.0655567,0.522325],[-0.0291266,-0.996554,-0.0776656],[-0.525617,-0.0508196,0.849202]],55.6483,[-229.579,87.6045,279.223],[-105.639,99.5876,78.9829]],[139,"right",[0.155776,0.25529,-0.954233],[-0.0788215,0.966158,0.245613],[73.2176,128.199,35.8924],[-17.2821,40.0599,7.06598],[75.1862,119.865,24.5667],0,0.252684,0.731187,[[-0.979088,-0.203438,-0.0000536418],[0.14663,-0.705506,-0.693369],[0.141019,-0.678877,0.720583]],57.4665,[93.5078,-53.56,255.698],[59.1693,111.748,80.234]]],[[1380,[-0.336952,0.646496,-0.684475],138,45.5146,[-162.48,164.868,27.0914],[-162.055,165.286,26.4851],[-5.44764,22.126,-19.6452],false,[-129.583,109.019,86.4318],[-129.583,109.019,86.4318],[-150.173,135.16,58.2689],[-160.207,154.411,37.8876],[-163.368,168.42,23.3445],[[[0.341583,-0.869419,-0.356976],[-0.762199,-0.478481,0.436015],[0.549886,-0.123151,0.826111]],[[0.0487253,-0.71404,-0.698407],[-0.880084,-0.361343,0.308031],[0.472311,-0.599648,0.646022]],[[0.0487253,-0.71404,-0.698407],[-0.94026,-0.268681,0.209097],[0.336952,-0.646496,0.684475]],[[0.0487253,-0.71404,-0.698407],[-0.98676,-0.142709,0.077061],[0.154694,-0.685406,0.71154]]],0],[1381,[-0.0436425,0.467678,-0.882821],138,51.3581,[-147.564,124.184,-46.0285],[-147.955,125.882,-45.9176],[19.6817,12.1731,-14.6983],false,[-124.429,93.1506,74.1773],[-142.847,110.81,15.211],[-146.16,105.546,-21.79],[-147.082,115.418,-40.4251],[-146.903,128.398,-47.7831],[[[0.954791,0.00322815,-0.29726],[-0.0787397,-0.961481,-0.263351],[0.28666,-0.274851,0.91776]],[[0.994971,-0.0593922,-0.08065],[-0.0472554,-0.988326,0.144837],[0.0883107,0.140298,0.986163]],[[0.994971,-0.0593922,-0.08065],[-0.0901509,-0.881901,-0.462734],[0.0436425,-0.467678,0.882821]],[[0.994971,-0.0593922,-0.08065],[-0.0994432,-0.489673,-0.866216],[-0.0119543,-0.869881,0.493117]]],1],[1382,[0.02887,0.399496,-0.91628],138,58.5185,[-121.077,118.353,-58.8436],[-120.687,120.295,-58.3058],[30.0518,20.2336,0.614114],false,[-114.537,91.8969,70.1515],[-123.869,108.596,12.3021],[-120.546,99.3488,-28.6296],[-119.829,109.27,-51.3848],[-120.299,123.091,-60.2213],[[[0.984082,0.129927,-0.121255],[0.0901254,-0.952895,-0.289602],[0.15317,-0.274064,0.949436]],[[0.995156,0.0746954,0.0639221],[0.0585901,-0.972711,0.224502],[-0.078947,0.21967,0.972375]],[[0.995156,0.0746954,0.0639221],[0.0939785,-0.913687,-0.395404],[-0.02887,-0.399496,0.91628]],[[0.995156,0.0746954,0.0639221],[0.0940525,-0.533996,-0.840239],[0.0286278,-0.842181,0.538435]]],2],[1383,[0.0966689,0.483956,-0.869736],138,56.2671,[-90.4453,117.669,-52.0457],[-93.7486,121.896,-48.4701],[-9.61863,21.5882,8.5095],false,[-104.069,92.7312,67.949],[-104.222,107.522,15.2815],[-96.4971,99.3234,-22.077],[-94.1584,111.032,-43.1184],[-94.8571,126.027,-49.5147],[[[0.986283,0.159641,0.041963],[0.16504,-0.949428,-0.267112],[0.00280102,-0.270373,0.962752]],[[0.977064,0.120437,0.175614],[0.0784104,-0.970231,0.229137],[-0.197983,0.210112,0.957422]],[[0.977064,0.120437,0.175614],[0.189738,-0.866765,-0