{"metadata":{"formatVersion":2,"generatedBy":"LeapJS Playback 0.2.1","frames":182,"frameRate":"1.1e+2","modified":"Sun Apr 12 2015 21:49:58 GMT-0300 (E. South America Standard Time)","title":"reais"},"frames":[["id","timestamp",{"hands":[["id","type","direction","palmNormal","palmPosition","palmVelocity","stabilizedPalmPosition","pinchStrength","grabStrength","confidence","armBasis","armWidth","elbow","wrist"]]},{"pointables":[["id","direction","handId","length","stabilizedTipPosition","tipPosition","tipVelocity","tool","carpPosition","mcpPosition","pipPosition","dipPosition","btipPosition","bases","type"]]},{"interactionBox":["center","size"]}],[5998,5288409865,[[4,"right",[0.0675446,0.985804,-0.153716],[-0.378872,-0.117184,-0.918],[-19.9163,78.513,65.9551],[21.9696,34.869,-19.0255],[-21.3934,73.7108,73.3716],1,0,0.623075,[[0.96194,-0.173355,-0.211233],[0.227097,0.937087,0.265132],[0.151982,-0.303011,0.94079]],58.8525,[22.6252,-46.5964,309.32],[-15.2752,28.967,74.7107]]],[[40,[0.105834,0.704765,-0.701502],4,48.1353,[-33.7492,89.0038,13.564],[-33.0285,90.342,12.946],[17.8424,23.112,-21.0974],false,[-43.5704,27.8485,75.6653],[-43.5704,27.8485,75.6653],[-46.5746,64.1849,47.4472],[-43.2417,86.3787,25.3561],[-30.1344,91.2555,8.87403],[[[0.723459,0.248789,0.643981],[-0.599733,-0.235546,0.764747],[0.341948,-0.93948,-0.0212007]],[[0.58132,0.528506,0.618667],[-0.811062,0.315482,0.492594],[0.0651607,-0.788132,0.612047]],[[0.58132,0.528506,0.618667],[-0.806763,0.473273,0.35376],[-0.105834,-0.704765,0.701502]],[[0.58132,0.528506,0.618667],[-0.542565,0.818401,-0.189321],[-0.606375,-0.225611,0.762502]]],0],[41,[-0.0474226,0.835257,-0.547811],4,54.3153,[-37.5299,162.147,34.6474],[-40.7925,168.145,35.5932],[-9.79798,21.0738,-39.1135],false,[-29.185,38.8118,88.0016],[-38.9431,104.291,72.6904],[-39.0753,139.703,54.7881],[-40.134,158.35,42.5588],[-41.4015,170.72,32.8437],[[[0.921219,0.0469807,-0.386198],[0.361569,0.263041,0.89447],[0.143609,-0.96364,0.225332]],[[0.930477,-0.162512,-0.328333],[0.366336,0.420887,0.829851],[0.00333088,-0.892437,0.45116]],[[0.930477,-0.162512,-0.328333],[0.363269,0.525296,0.76948],[0.0474226,-0.835257,0.547811]],[[0.930477,-0.162512,-0.328333],[0.357437,0.599214,0.716367],[0.0803237,-0.783922,0.615642]]],1],[42,[-0.333451,0.875691,-0.349251],4,61.8879,[-41.1956,165.808,29.7611],[-45.7517,177.449,41.0669],[-13.8448,20.42,-41.8688],false,[-18.3306,40.2782,84.9405],[-19.4055,102.18,67.0696],[-32.0202,143.204,55.2472],[-40.778,166.203,46.0744],[-47.1855,180.674,38.9486],[[[0.856924,-0.129178,-0.498993],[0.515172,0.245977,0.821032],[0.0166816,-0.960629,0.277332]],[[0.829776,0.0967527,-0.549646],[0.480811,0.376105,0.792064],[0.283359,-0.921512,0.265563]],[[0.829776,0.0967527,-0.549646],[0.447528,0.47308,0.758889],[0.333451,-0.875691,0.349251]],[[0.829776,0.0967527,-0.549646],[0.418552,0.543579,0.727555],[0.369169,-0.833763,0.410553]]],2],[43,[-0.579389,-0.448493,-0.68056],4,59.5069,[-36.9524,88.0912,10.3041],[-35.5362,92.4542,7.9144],[21.6414,17.6062,-23.9825],false,[-8.23934,39.7521,79.779],[-1.17727,93.8791,60.6062],[-15.3106,115.377,28.341],[-30.1347,103.901,10.9283],[-37.6052,88.9679,6.57223],[[[0.808749,-0.287307,-0.513206],[0.575348,0.205371,0.791705],[-0.122065,-0.935563,0.331395]],[[0.81262,-0.253427,-0.524808],[0.471541,0.815105,0.336531],[0.342487,-0.520941,0.781872]],[[0.81262,-0.253427,-0.524808],[-0.0629005,0.857105,-0.511287],[0.579389,0.448493,0.68056]],[[0.81262,-0.253427,-0.524808],[-0.390186,0.432316,-0.812932],[0.432901,0.865377,0.252425]]],3],[44,[-0.750766,-0.357703,-0.555337],4,46.6523,[-17.9483,82.7525,16.1502],[-17.3706,85.7817,14.3431],[22.7995,19.0178,-18.9059],false,[-0.870266,35.4933,69.7614],[13.2734,83.8411,51.5771],[4.01701,100.973,25.3594],[-9.54537,94.5112,15.3274],[-19.9433,82.5347,13.9508],[[[0.682929,-0.423614,-0.595112],[0.681075,0.0747169,0.728392],[-0.264092,-0.902756,0.339539]],[[0.655764,-0.504799,-0.561384],[0.699742,0.685558,0.200927],[0.283433,-0.524585,0.802793]],[[0.655764,-0.504799,-0.561384],[0.0795245,0.785638,-0.613555],[0.750766,0.357703,0.555337]],[[0.655764,-0.504799,-0.561384],[-0.378675,0.42336,-0.823026],[0.65313,0.752293,0.0864694]]],4]],[[0,200,0],[235.247,235.247,147.751]]],[5999,5288418871,[[4,"right",[0.066335,0.98574,-0.154651],[-0.378174,-0.118591,-0.918107],[-19.8263,78.6157,65.8854],[18.6804,28.4216,-15.9265],[-21.3316,73.9044,73.0761],1,0,0.62147,[[0.96224,-0.172585,-0.210495],[0.226233,0.93709,0.26586],[0.151369,-0.303442,0.94075]],58.8525,[22.6227,-46.5862,309.292],[-15.125,29.0845,74.6927]]],[[40,[0.104887,0.704549,-0.701862],4,48.1353,[-33.6557,89.1665,13.4309],[-32.9409,90.384,12.8626],[15.394,18.4328,-17.4326],false,[-43.4192,27.9296,75.6317],[-43.4192,27.9296,75.6317],[-46.4645,64.2421,47.3872],[-43.1614,86.4291,25.2849],[-30.054,91.3115,8.80458],[[[0.722749,0.25038,0.644162],[-0.599874,-0.235581,0.764626],[0.343199,-0.939048,-0.0200697]],[[0.58034,0.529759,0.618515],[-0.811691,0.314674,0.492075],[0.0660513,-0.787614,0.612619]],[[0.58034,0.529759,0.618515],[-0.807591,0.472193,0.353313],[-0.104887,-0.704549,0.701862]],[[0.58034,0.529759,0.618515],[-0.543602,0.817519,-0.190156],[-0.606384,-0.225871,0.762418]]],0],[41,[-0.048224,0.83462,-0.548711],4,54.3153,[-37.6149,162.284,34.6535],[-40.8058,168.187,35.4171],[-7.44722,16.5669,-33.6711],false,[-29.0556,38.9241,87.9657],[-38.8911,104.375,72.5839],[-39.0602,139.769,54.645],[-40.1367,158.401,42.3955],[-41.4152,170.76,32.6667],[[[0.921384,0.0478148,-0.3857],[0.360693,0.264402,0.894423],[0.144746,-0.963227,0.226369]],[[0.930885,-0.161606,-0.327624],[0.365289,0.422235,0.829628],[0.00426101,-0.891965,0.452085]],[[0.930885,-0.161606,-0.327624],[0.362117,0.526586,0.769141],[0.048224,-0.83462,0.548711]],[[0.930885,-0.161606,-0.327624],[0.356216,0.600446,0.715944],[0.0810193,-0.783166,0.616512]]],1],[42,[-0.334402,0.874878,-0.350376],4,61.8879,[-41.2577,165.966,29.9066],[-45.7773,177.491,40.877],[-10.8236,16.0732,-36.1056],false,[-18.2014,40.4018,84.9095],[-19.3474,102.284,66.9768],[-32.0095,143.279,55.1033],[-40.7923,166.257,45.9009],[-47.2146,180.712,38.7561],[[[0.857389,-0.12854,-0.498359],[0.514361,0.247468,0.821092],[0.0177848,-0.960332,0.278292]],[[0.829979,0.0972751,-0.549246],[0.479831,0.377583,0.791956],[0.284424,-0.920852,0.26671]],[[0.829979,0.0972751,-0.549246],[0.446441,0.474474,0.75866],[0.334402,-0.874878,0.350376]],[[0.829979,0.0972751,-0.549246],[0.417392,0.544897,0.727235],[0.370025,-0.832841,0.411652]]],2],[43,[-0.578339,-0.449864,-0.680548],4,59.5069,[-36.8992,88.289,10.1753],[-35.4357,92.4803,7.81792],[18.801,13.592,-20.2857],false,[-8.10636,39.8839,79.7545],[-1.10436,94.0012,60.5323],[-15.2542,115.449,28.2415],[-30.0515,103.939,10.829],[-37.4979,88.9917,6.47875],[[[0.80943,-0.286746,-0.512444],[0.574608,0.206912,0.791841],[-0.121027,-0.935395,0.332248]],[[0.81329,-0.252603,-0.524167],[0.470091,0.816125,0.336086],[0.342889,-0.519742,0.782493]],[[0.81329,-0.252603,-0.524167],[-0.0638951,0.85663,-0.51196],[0.578339,0.449864,0.680548]],[[0.81329,-0.252603,-0.524167],[-0.39034,0.431202,-0.813449],[0.431501,0.866173,0.252091]]],3],[44,[-0.750657,-0.36048,-0.553686],4,46.6523,[-17.888,83.0557,15.9184],[-17.2704,85.7786,14.2872],[19.7134,13.2264,-15.0108],false,[-0.725748,35.6249,69.7454],[13.3649,83.9734,51.5217],[4.1113,101.016,25.245],[-9.44911,94.5043,15.2428],[-19.8367,82.5126,13.9207],[[[0.68384,-0.423301,-0.594289],[0.680544,0.0763355,0.72872],[-0.263102,-0.902768,0.340276]],[[0.655981,-0.506547,-0.559552],[0.699574,0.686349,0.198799],[0.283347,-0.521857,0.804599]],[[0.655981,-0.506547,-0.559552],[0.0787608,0.78324,-0.616711],[0.750657,0.36048,0.553686]],[[0.655981,-0.506547,-0.559552],[-0.379412,0.419573,-0.824624],[0.652484,0.753239,0.0830422]]],4]],[[0,200,0],[235.247,235.247,147.751]]],[6000,5288427207,[[4,"right",[0.0649201,0.985661,-0.155748],[-0.377353,-0.120239,-0.918231],[-19.7208,78.7359,65.8037],[17.1297,24.8223,-14.3512],[-21.2746,74.0754,72.8187],1,0,0.612422,[[0.96259,-0.171682,-0.209634],[0.225219,0.937092,0.266711],[0.150657,-0.303947,0.940701]],58.8525,[22.6209,-46.5744,309.259],[-14.9492,29.2224,74.6717]]],[[40,[0.10366,0.704491,-0.702102],4,48.1353,[-33.5761,89.2962,13.3243],[-32.8429,90.4409,12.7702],[14.2005,16.1433,-15.0971],false,[-43.2422,28.0248,75.5924],[-43.2422,28.0248,75.5924],[-46.3341,64.315,47.3244],[-43.0697,86.5002,25.2144],[-29.9649,91.3935,8.7352],[[[0.721914,0.252242,0.644371],[-0.60004,-0.235621,0.764483],[0.344663,-0.938539,-0.0187429]],[[0.579318,0.531038,0.618376],[-0.812338,0.313728,0.491611],[0.0670622,-0.78713,0.613131]],[[0.579318,0.531038,0.618376],[-0.808483,0.470841,0.353077],[-0.10366,-0.704491,0.702102]],[[0.579318,0.531038,0.618376],[-0.544831,0.81655,-0.190803],[-0.606258,-0.226375,0.762368]]],0],[41,[-0.0491731,0.833852,-0.549793],4,54.3153,[-37.6747,162.38,34.6542],[-40.823,168.234,35.2075],[-5.9556,13.779,-31.3562],false,[-28.9042,39.0558,87.9236],[-38.83,104.474,72.4591],[-39.0427,139.845,54.4762],[-40.1404,158.46,42.2026],[-41.432,170.804,32.4572],[[[0.921577,0.0487913,-0.385117],[0.359663,0.265995,0.894365],[0.146077,-0.962739,0.227587]],[[0.93136,-0.160545,-0.326792],[0.364059,0.423837,0.829351],[0.00535897,-0.891396,0.453193]],[[0.93136,-0.160545,-0.326792],[0.360763,0.528125,0.768722],[0.0491731,-0.833852,0.549793]],[[0.93136,-0.160545,-0.326792],[0.35478,0.601918,0.71542],[0.0818454,-0.782253,0.61756]]],1],[42,[-0.335514,0.873909,-0.35173],4,61.8879,[-41.3022,166.08,30.008],[-45.8069,177.538,40.6503],[-8.9629,13.3893,-33.7188],false,[-18.0501,40.5467,84.8732],[-19.2792,102.406,66.868],[-31.9968,143.366,54.9328],[-40.8088,166.319,45.6949],[-47.2485,180.755,38.5272],[[[0.857932,-0.127792,-0.497616],[0.513408,0.249213,0.82116],[0.0190745,-0.95998,0.279418]],[[0.830221,0.0978699,-0.548776],[0.47867,0.379346,0.791815],[0.285671,-0.920064,0.268094]],[[0.830221,0.0978699,-0.548776],[0.445156,0.476136,0.758374],[0.335514,-0.873909,0.35173]],[[0.830221,0.0978699,-0.548776],[0.416023,0.546465,0.726843],[0.371023,-0.831744,0.412971]]],2],[43,[-0.577092,-0.451585,-0.680467],4,59.5069,[-36.8529,88.4454,10.0701],[-35.3176,92.5079,7.70686],[17.6657,10.92,-18.3797],false,[-7.95074,40.0385,79.7258],[-1.01897,94.1442,60.4457],[-15.1892,115.533,28.1249],[-29.9546,103.979,10.7145],[-37.3711,89.0144,6.37357],[[[0.810228,-0.286089,-0.51155],[0.573738,0.208717,0.791998],[-0.119813,-0.935195,0.333249]],[[0.814076,-0.251613,-0.523423],[0.468368,0.817335,0.335551],[0.343383,-0.518319,0.78322]],[[0.814076,-0.251613,-0.523423],[-0.0651559,0.856015,-0.512828],[0.577092,0.451585,0.680467]],[[0.814076,-0.251613,-0.523423],[-0.390614,0.429734,-0.814094],[0.429769,0.867191,0.251552]]],3],[44,[-0.750001,-0.361902,-0.553647],4,46.6523,[-17.8287,83.2923,15.7319],[-17.1439,85.8327,14.1904],[18.6427,11.6925,-14.2463],false,[-0.556611,35.7793,69.7268],[13.472,84.1283,51.4568],[4.22541,101.107,25.1358],[-9.32316,94.5689,15.1343],[-19.706,82.572,13.8228],[[[0.684905,-0.422932,-0.593324],[0.67992,0.0782312,0.729102],[-0.261944,-0.902778,0.341141]],[[0.656706,-0.507354,-0.557969],[0.69898,0.687254,0.197759],[0.283133,-0.519879,0.805954]],[[0.656706,-0.507354,-0.557969],[0.0789652,0.782061,-0.618179],[0.750001,0.361902,0.553647]],[[0.656706,-0.507354,-0.557969],[-0.378673,0.417999,-0.825763],[0.652184,0.753571,0.0823807]]],4]],[[0,200,0],[235.247,235.247,147.751]]],[6001,5288436252,[[4,"right",[0.0636842,0.985589,-0.15671],[-0.376631,-0.12168,-0.918337],[-19.6286,78.8411,65.7322],[15.2184,21.1847,-12.5727],[-21.2139,74.251,72.5576],1,0,0.616099,[[0.962893,-0.170891,-0.208884],[0.224332,0.937093,0.267455],[0.150038,-0.30439,0.940657]],58.8525,[22.6203,-46.5642,309.23],[-14.7955,29.3431,74.6534]]],[[40,[0.102847,0.704486,-0.702226],4,48.1353,[-33.4935,89.4195,13.2239],[-32.7444,90.4909,12.6963],[13.3389,13.8287,-12.4305],false,[-43.0874,28.1082,75.5582],[-43.0874,28.1082,75.5582],[-46.2113,64.3853,47.2768],[-42.9726,86.5703,25.1629],[-29.8638,91.4635,8.68684],[[[0.72118,0.253871,0.644553],[-0.600186,-0.235656,0.764358],[0.345941,-0.938092,-0.0175804]],[[0.578621,0.531864,0.618319],[-0.812777,0.313042,0.491322],[0.0677571,-0.786845,0.61342]],[[0.578621,0.531864,0.618319],[-0.809086,0.469915,0.35293],[-0.102847,-0.704486,0.702226]],[[0.578621,0.531864,0.618319],[-0.545369,0.816013,-0.191562],[-0.606441,-0.226371,0.762224]]],0],[41,[-0.0500075,0.833168,-0.550755],4,54.3153,[-37.7227,162.458,34.6523],[-40.8386,168.274,35.0223],[-4.68627,11.2246,-28.2279],false,[-28.7718,39.1711,87.8868],[-38.7766,104.56,72.3499],[-39.0274,139.911,54.328],[-40.1438,158.51,42.0329],[-41.4468,170.842,32.2728],[[[0.921744,0.0496451,-0.384607],[0.358759,0.267388,0.894313],[0.147238,-0.962309,0.228653]],[[0.931775,-0.159615,-0.326065],[0.362981,0.425251,0.8291],[0.0063227,-0.89089,0.454176]],[[0.931775,-0.159615,-0.326065],[0.359575,0.529485,0.768343],[0.0500075,-0.833168,0.550755]],[[0.931775,-0.159615,-0.326065],[0.353521,0.60322,0.714947],[0.0825726,-0.78144,0.618493]]],1],[42,[-0.336484,0.87305,-0.352934],4,61.8879,[-41.3385,166.172,30.0886],[-45.8325,177.579,40.4496],[-7.28333,10.9224,-30.4372],false,[-17.9179,40.6736,84.8415],[-19.2196,102.513,66.7727],[-31.9857,143.442,54.7828],[-40.8232,166.372,45.5132],[-47.2779,180.791,38.3252],[[[0.858407,-0.127138,-0.496965],[0.512572,0.25074,0.821218],[0.0202004,-0.959669,0.280404]],[[0.830434,0.098381,-0.548362],[0.477648,0.380906,0.791684],[0.286761,-0.919365,0.269325]],[[0.830434,0.098381,-0.548362],[0.444025,0.477603,0.758114],[0.336484,-0.87305,0.352934]],[[0.830434,0.098381,-0.548362],[0.41482,0.547849,0.726489],[0.371892,-0.830772,0.414142]]],2],[43,[-0.575882,-0.453488,-0.680227],4,59.5069,[-36.8062,88.5905,9.96999],[-35.2178,92.524,7.61536],[16.0223,8.26024,-15.6782],false,[-7.81473,40.1737,79.7008],[-0.944286,94.2692,60.3699],[-15.1416,115.611,28.0294],[-29.876,104.008,10.6252],[-37.257,89.0208,6.29945],[[[0.810924,-0.285513,-0.510768],[0.572974,0.210295,0.792134],[-0.118753,-0.935018,0.334126]],[[0.814797,-0.250359,-0.522902],[0.466629,0.818454,0.335246],[0.344039,-0.517159,0.783699]],[[0.814797,-0.250359,-0.522902],[-0.0668288,0.855376,-0.513678],[0.575882,0.453488,0.680227]],[[0.814797,-0.250359,-0.522902],[-0.391363,0.427897,-0.814702],[0.427716,0.868461,0.250668]]],3],[44,[-0.749632,-0.362552,-0.553722],4,46.6523,[-17.7645,83.5082,15.5557],[-17.0344,85.8788,14.0937],[16.9682,10.3054,-13.5471],false,[-0.408782,35.9144,69.7106],[13.5657,84.2637,51.4],[4.3406,101.172,25.0264],[-9.20129,94.6226,15.0236],[-19.5947,82.6342,13.7183],[[[0.685836,-0.422608,-0.592479],[0.67937,0.0798893,0.729434],[-0.260932,-0.902784,0.341898]],[[0.656975,-0.509017,-0.556135],[0.698994,0.687642,0.196355],[0.282473,-0.517735,0.807564]],[[0.656975,-0.509017,-0.556135],[0.0802261,0.780677,-0.619763],[0.749632,0.362552,0.553722]],[[0.656975,-0.509017,-0.556135],[-0.377055,0.416939,-0.827038],[0.652851,0.753036,0.0819911]]],4]],[[0,200,0],[235.247,235.247,147.751]]],[6002,5288444610,[[4,"right",[0.062567,0.985522,-0.157582],[-0.375879,-0.122997,-0.91847],[-19.5071,78.9753,65.6232],[15.0432,19.862,-12.693],[-21.1583,74.405,72.3315],1,0,0.616538,[[0.963195,-0.170198,-0.208056],[0.223524,0.937056,0.268258],[0.149304,-0.30489,0.940612]],58.8525,[22.6141,-46.5404,309.159],[-14.6185,29.4916,74.5935]]],[[40,[0.102164,0.704381,-0.702432],4,48.1353,[-33.4169,89.5243,13.137],[-32.6166,90.5702,12.5833],[13.7898,13.1536,-12.071],false,[-42.9095,28.2225,75.4809],[-42.9095,28.2225,75.4809],[-46.0706,64.4865,47.1868],[-42.8533,86.6682,25.0665],[-29.7357,91.556,8.59586],[[[0.720443,0.255361,0.644789],[-0.600395,-0.235691,0.764183],[0.347113,-0.937678,-0.0164843]],[[0.577815,0.532772,0.61829],[-0.813283,0.312211,0.491015],[0.0685623,-0.786561,0.613695]],[[0.577815,0.532772,0.61829],[-0.809748,0.469043,0.352572],[-0.102164,-0.704381,0.702432]],[[0.577815,0.532772,0.61829],[-0.545765,0.815489,-0.192658],[-0.606852,-0.22612,0.761971]]],0],[41,[-0.0507159,0.832542,-0.551635],4,54.3153,[-37.7558,162.513,34.649],[-40.8128,168.348,34.8076],[-2.58352,10.6497,-27.4584],false,[-28.6157,39.3145,87.8086],[-38.6912,104.676,72.2046],[-38.9753,140.009,54.1471],[-40.1075,158.595,41.8323],[-41.42,170.914,32.0587],[[[0.921934,0.0504301,-0.38405],[0.357842,0.268661,0.894299],[0.148279,-0.961914,0.229641]],[[0.932186,-0.15876,-0.325308],[0.36191,0.42654,0.828906],[0.00715961,-0.890426,0.455072]],[[0.932186,-0.15876,-0.325308],[0.35841,0.530725,0.768032],[0.0507159,-0.832542,0.551635]],[[0.932186,-0.15876,-0.325308],[0.352295,0.604406,0.71455],[0.0831759,-0.780697,0.619349]]],1],[42,[-0.337336,0.872263,-0.354063],4,61.8879,[-41.3638,166.236,30.1436],[-45.8163,177.653,40.2204],[-4.91786,10.406,-29.5677],false,[-17.7617,40.8276,84.769],[-19.1281,102.649,66.642],[-31.9374,143.549,54.6009],[-40.7973,166.458,45.3018],[-47.2651,180.862,38.0946],[[[0.858889,-0.126536,-0.496285],[0.511723,0.252135,0.821321],[0.0212044,-0.959384,0.281307]],[[0.830681,0.0988544,-0.547902],[0.476633,0.382327,0.79161],[0.287732,-0.918724,0.270475]],[[0.830681,0.0988544,-0.547902],[0.442914,0.478941,0.75792],[0.337336,-0.872263,0.354063]],[[0.830681,0.0988544,-0.547902],[0.413646,0.54911,0.726206],[0.372647,-0.829883,0.415244]]],2],[43,[-0.574815,-0.454839,-0.680227],4,59.5069,[-36.7645,88.709,9.88555],[-35.0794,92.5855,7.48189],[16.2223,8.03827,-15.6574],false,[-7.65453,40.3355,79.6353],[-0.838373,94.4215,60.2589],[-15.0473,115.718,27.8936],[-29.7544,104.08,10.4894],[-37.111,89.0795,6.17069],[[[0.811612,-0.284982,-0.509972],[0.572194,0.211739,0.792313],[-0.117814,-0.934854,0.334915]],[[0.815473,-0.249571,-0.522224],[0.465239,0.819385,0.334905],[0.34432,-0.516065,0.784297]],[[0.815473,-0.249571,-0.522224],[-0.0677629,0.854889,-0.514366],[0.574815,0.454839,0.680227]],[[0.815473,-0.249571,-0.522224],[-0.391496,0.426709,-0.815261],[0.426303,0.869272,0.250263]]],3],[44,[-0.749133,-0.363542,-0.553748],4,46.6523,[-17.7024,83.6813,15.4093],[-16.8913,85.9582,13.9698],[17.1051,10.3216,-14.0049],false,[-0.236767,36.0761,69.654],[13.6898,84.4257,51.3077],[4.47843,101.277,24.8927],[-9.05446,94.7094,14.8894],[-19.4487,82.7208,13.5921],[[[0.686747,-0.422308,-0.591638],[0.678792,0.0814062,0.729804],[-0.260039,-0.90279,0.342565]],[[0.657475,-0.510014,-0.554629],[0.698693,0.688222,0.195393],[0.282055,-0.515981,0.808832]],[[0.657475,-0.510014,-0.554629],[0.0807878,0.779566,-0.621088],[0.749133,0.363542,0.553748]],[[0.657475,-0.510014,-0.554629],[-0.3761,0.415696,-0.828098],[0.652898,0.753049,0.0814935]]],4]],[[0,200,0],[235.247,235.247,147.751]]],[6003,5288453732,[[4,"right",[0.0615902,0.985447,-0.158432],[-0.374708,-0.124294,-0.918774],[-19.3405,79.1394,65.4826],[15.9355,19.3411,-13.4507],[-21.0971,74.5643,72.1011],1,0,0.605734,[[0.963534,-0.169482,-0.207068],[0.222662,0.936997,0.269182],[0.148401,-0.305472,0.940566]],58.8525,[22.6033,-46.5073,309.058],[-14.4042,29.6698,74.5044]]],[[40,[0.10218,0.704062,-0.702749],4,48.1353,[-33.3238,89.6325,13.0425],[-32.4075,90.6744,12.4289],[16.4558,12.9481,-12.9318],false,[-42.6946,28.3685,75.3615],[-42.6946,28.3685,75.3615],[-45.872,64.6167,47.0491],[-42.6543,86.7883,24.9188],[-29.5181,91.6672,8.46026],[[[0.719423,0.256805,0.645354],[-0.600973,-0.23568,0.763732],[0.348228,-0.937286,-0.015221]],[[0.576747,0.533663,0.61852],[-0.81401,0.31155,0.490228],[0.0689169,-0.786219,0.614093]],[[0.576747,0.533663,0.61852],[-0.810507,0.468509,0.351536],[-0.10218,-0.704062,0.702749]],[[0.576747,0.533663,0.61852],[-0.545939,0.815022,-0.194138],[-0.607711,-0.225705,0.761409]]],0],[41,[-0.0511129,0.831913,-0.552548],4,54.3153,[-37.7819,162.558,34.6442],[-40.7217,168.453,34.5502],[1.01427,10.9188,-27.5497],false,[-28.4276,39.4887,87.6948],[-38.562,104.824,72.0185],[-38.8686,140.138,53.9249],[-40.0097,158.71,41.5898],[-41.3264,171.018,31.802],[[[0.922303,0.0511512,-0.383067],[0.356528,0.269913,0.894447],[0.149147,-0.961525,0.230705]],[[0.932734,-0.157969,-0.32412],[0.360483,0.427812,0.828872],[0.00772579,-0.889957,0.45598]],[[0.932734,-0.157969,-0.32412],[0.356925,0.531946,0.767879],[0.0511129,-0.831913,0.552548]],[[0.932734,-0.157969,-0.32412],[0.350779,0.605575,0.714307],[0.08344,-0.779952,0.620252]]],1],[42,[-0.337964,0.871494,-0.355357],4,61.8879,[-41.3838,166.289,30.1866],[-45.7366,177.759,39.9461],[-1.12696,10.7341,-29.6071],false,[-17.5719,41.0116,84.6659],[-18.9904,102.814,66.4797],[-31.8345,143.687,54.3811],[-40.7109,166.576,45.0479],[-47.1875,180.964,37.8184],[[[0.85959,-0.125993,-0.495207],[0.51051,0.2535,0.821656],[0.0220122,-0.959095,0.282226]],[[0.831188,0.0992674,-0.547058],[0.475275,0.383723,0.791751],[0.288514,-0.918097,0.271767]],[[0.831188,0.0992674,-0.547058],[0.441483,0.480255,0.757924],[0.337964,-0.871494,0.355357]],[[0.831188,0.0992674,-0.547058],[0.412171,0.550348,0.726107],[0.373151,-0.829013,0.416527]]],2],[43,[-0.573436,-0.456094,-0.680551],4,59.5069,[-36.7181,88.8257,9.79929],[-34.8717,92.6781,7.30656],[18.1048,8.65851,-16.5577],false,[-7.45847,40.5266,79.544],[-0.683937,94.6024,60.1246],[-14.8925,115.853,27.7294],[-29.5644,104.184,10.3169],[-36.8953,89.1702,5.99832],[[[0.812514,-0.284507,-0.508799],[0.57106,0.213147,0.792754],[-0.117095,-0.934678,0.335656]],[[0.816384,-0.248703,-0.521214],[0.463644,0.82034,0.334777],[0.344313,-0.514965,0.785023]],[[0.816384,-0.248703,-0.521214],[-0.0684673,0.854474,-0.514963],[0.573436,0.456094,0.680551]],[[0.816384,-0.248703,-0.521214],[-0.391218,0.425723,-0.815909],[0.424812,0.870004,0.250257]]],3],[44,[-0.748507,-0.364969,-0.553656],4,46.6523,[-17.6262,83.8491,15.262],[-16.6795,86.0544,13.8246],[18.9316,10.4226,-14.4835],false,[-0.0245825,36.2665,69.5749],[13.8659,84.6153,51.199],[4.68119,101.403,24.7346],[-8.84038,94.81,14.7329],[-19.232,82.8173,13.4525],[[[0.687901,-0.422055,-0.590476],[0.677881,0.0828815,0.730485],[-0.259365,-0.902774,0.343117]],[[0.65812,-0.511252,-0.55272],[0.698414,0.688753,0.194519],[0.281239,-0.514044,0.810347]],[[0.65812,-0.511252,-0.55272],[0.0813322,0.778087,-0.622869],[0.748507,0.364969,0.553656]],[[0.65812,-0.511252,-0.55272],[-0.375246,0.413713,-0.829477],[0.652739,0.753302,0.0804275]]],4]],[[0,200,0],[235.247,235.247,147.751]]],[6004,5288461929,[[4,"right",[0.0609009,0.985393,-0.159035],[-0.373879,-0.125211,-0.918987],[-19.2228,79.2554,65.3831],[15.5372,18.0257,-13.1169],[-21.0432,74.6992,71.9079],1,0,0.609128,[[0.963773,-0.168975,-0.206372],[0.222052,0.936954,0.269834],[0.147766,-0.305884,0.940532]],58.8525,[22.5964,-46.484,308.987],[-14.2527,29.7958,74.4416]]],[[40,[0.102215,0.703862,-0.702944],4,48.1353,[-33.2389,89.7238,12.9614],[-32.2647,90.7504,12.3239],[16.7383,12.3047,-12.4209],false,[-42.5427,28.4717,75.2771],[-42.5427,28.4717,75.2771],[-45.7396,64.7137,46.959],[-42.5207,86.8791,24.8225],[-29.3709,91.7509,8.3728],[[[0.7187,0.257826,0.645752],[-0.601381,-0.235673,0.763413],[0.349014,-0.937008,-0.0143263]],[[0.576031,0.534235,0.618694],[-0.814482,0.310908,0.489852],[0.0693391,-0.786085,0.614217]],[[0.576031,0.534235,0.618694],[-0.811012,0.468157,0.35084],[-0.102215,-0.703862,0.702944]],[[0.576031,0.534235,0.618694],[-0.545996,0.814738,-0.195171],[-0.60834,-0.22538,0.761004]]],0],[41,[-0.0513983,0.831457,-0.553206],4,54.3153,[-37.7997,162.59,34.6399],[-40.658,168.526,34.3666],[2.81781,10.4464,-26.1393],false,[-28.2946,39.6118,87.6144],[-38.4707,104.928,71.8868],[-38.7933,140.229,53.7673],[-39.9407,158.79,41.4175],[-41.2604,171.09,31.6194],[[[0.922563,0.0516609,-0.382372],[0.355598,0.270799,0.894549],[0.149759,-0.961249,0.231458]],[[0.93312,-0.157409,-0.323279],[0.359473,0.428723,0.82884],[0.00812979,-0.889617,0.456634]],[[0.93312,-0.157409,-0.323279],[0.355873,0.532824,0.767759],[0.0513983,-0.831457,0.553206]],[[0.93312,-0.157409,-0.323279],[0.349704,0.606415,0.714121],[0.0836319,-0.779412,0.620904]]],1],[42,[-0.338407,0.870941,-0.356289],4,61.8879,[-41.3974,166.326,30.2157],[-45.6799,177.833,39.75],[0.904426,10.3029,-28.0754],false,[-17.4378,41.1418,84.5931],[-18.893,102.931,66.3648],[-31.7617,143.783,54.2247],[-40.6497,166.658,44.8671],[-47.1325,181.036,37.6216],[[[0.860085,-0.125609,-0.494445],[0.50965,0.254464,0.821891],[0.0225818,-0.95889,0.282878]],[[0.831547,0.0995515,-0.54646],[0.47431,0.384726,0.791844],[0.289066,-0.917647,0.272699]],[[0.831547,0.0995515,-0.54646],[0.440466,0.481197,0.757918],[0.338407,-0.870941,0.356289]],[[0.831547,0.0995515,-0.54646],[0.411124,0.551235,0.726028],[0.373505,-0.82839,0.41745]]],2],[43,[-0.572434,-0.457122,-0.680705],4,59.5069,[-36.6769,88.9216,9.72658],[-34.7257,92.7397,7.18434],[18.1024,8.32592,-15.9932],false,[-7.31994,40.6617,79.4794],[-0.57475,94.7303,60.0297],[-14.7856,115.948,27.6138],[-29.4319,104.252,10.1974],[-36.7422,89.228,5.88147],[[[0.813151,-0.284171,-0.507969],[0.570257,0.214143,0.793063],[-0.116588,-0.934553,0.336181]],[[0.817033,-0.248019,-0.520523],[0.462458,0.82105,0.334678],[0.344368,-0.514163,0.785523]],[[0.817033,-0.248019,-0.520523],[-0.0691146,0.854123,-0.515459],[0.572434,0.457122,0.680705]],[[0.817033,-0.248019,-0.520523],[-0.391151,0.424847,-0.816398],[0.423625,0.870627,0.250101]]],3],[44,[-0.748042,-0.365638,-0.553843],4,46.6523,[-17.5561,83.9844,15.14],[-16.531,86.1273,13.7147],[18.7867,10.193,-14.3099],false,[0.125348,36.4012,69.519],[13.9904,84.7493,51.1222],[4.82537,101.492,24.6221],[-8.6878,94.8865,14.6171],[-19.0822,82.8958,13.3402],[[[0.688716,-0.421876,-0.589653],[0.677234,0.0839244,0.730965],[-0.25889,-0.902761,0.343509]],[[0.658558,-0.512173,-0.551345],[0.698245,0.689105,0.193877],[0.280636,-0.512653,0.811438]],[[0.658558,-0.512173,-0.551345],[0.0820711,0.777166,-0.62392],[0.748042,0.365638,0.553843]],[[0.658558,-0.512173,-0.551345],[-0.374181,0.412798,-0.830413],[0.652909,0.753178,0.0802059]]],4]],[[0,200,0],[235.247,235.247,147.751]]],[6005,5288470874,[[4,"right",[0.0603276,0.985347,-0.159538],[-0.373187,-0.125974,-0.919164],[-19.1247,79.352,65.3002],[14.2884,16.0529,-12.064],[-20.9865,74.8366,71.7127],1,0,0.610434,[[0.963971,-0.168552,-0.205793],[0.221543,0.936918,0.270377],[0.147239,-0.306228,0.940503]],58.8525,[22.5912,-46.4646,308.927],[-14.1265,29.9009,74.3893]]],[[40,[0.10226,0.703717,-0.703083],4,48.1353,[-33.1471,89.8164,12.8785],[-32.146,90.8107,12.2406],[15.8523,10.9905,-11.0696],false,[-42.4162,28.5578,75.2069],[-42.4162,28.5578,75.2069],[-45.6344,64.798,46.8889],[-42.4142,86.9588,24.7481],[-29.246,91.8141,8.30821],[[[0.718097,0.258677,0.646083],[-0.601721,-0.235667,0.763146],[0.349668,-0.936775,-0.0135802]],[[0.575463,0.534668,0.618848],[-0.814844,0.310259,0.489662],[0.0698033,-0.786047,0.614214]],[[0.575463,0.534668,0.618848],[-0.81141,0.467881,0.350287],[-0.10226,-0.703717,0.703083]],[[0.575463,0.534668,0.618848],[-0.545645,0.814663,-0.196455],[-0.609191,-0.224619,0.760547]]],0],[41,[-0.0516425,0.831066,-0.553771],4,54.3153,[-37.8146,162.618,34.6355],[-40.6059,168.586,34.2116],[3.73052,9.4574,-23.6187],false,[-28.1839,39.7145,87.5474],[-38.3945,105.015,71.7772],[-38.7307,140.304,53.6355],[-39.8836,158.857,41.2731],[-41.206,171.149,31.4661],[[[0.922779,0.0520855,-0.381793],[0.354822,0.271536,0.894634],[0.150268,-0.961018,0.232087]],[[0.933441,-0.156942,-0.322579],[0.358631,0.429496,0.828805],[0.00847172,-0.889327,0.457193]],[[0.933441,-0.156942,-0.322579],[0.354994,0.533571,0.767646],[0.0516425,-0.831066,0.553771]],[[0.933441,-0.156942,-0.322579],[0.348806,0.607132,0.71395],[0.0837989,-0.778948,0.621464]]],1],[42,[-0.338775,0.870472,-0.357085],4,61.8879,[-41.4085,166.356,30.2394],[-45.6325,177.894,39.5842],[2.09456,9.34955,-25.3746],false,[-17.3262,41.2503,84.5324],[-18.8118,103.029,66.2692],[-31.7011,143.864,54.0934],[-40.5987,166.726,44.7149],[-47.0866,181.095,37.4558],[[[0.860497,-0.125289,-0.493809],[0.508934,0.255268,0.822086],[0.0230553,-0.958718,0.283421]],[[0.831848,0.0997789,-0.54596],[0.4735,0.385579,0.791913],[0.289527,-0.917264,0.273498]],[[0.831848,0.0997789,-0.54596],[0.439613,0.481998,0.757904],[0.338775,-0.870472,0.357085]],[[0.831848,0.0997789,-0.54596],[0.410247,0.551988,0.725952],[0.373798,-0.827861,0.418237]]],2],[43,[-0.571561,-0.458066,-0.680804],4,59.5069,[-36.6332,89.0173,9.65251],[-34.606,92.789,7.08305],[16.9072,7.4949,-14.5125],false,[-7.20458,40.7743,79.4257],[-0.483796,94.8368,59.9506],[-14.7002,116.027,27.5194],[-29.3241,104.307,10.1004],[-36.615,89.2729,5.78761],[[[0.81368,-0.283891,-0.507277],[0.569587,0.214972,0.793321],[-0.116166,-0.934448,0.336619]],[[0.817584,-0.247317,-0.519991],[0.461383,0.821673,0.334633],[0.344502,-0.513506,0.785895]],[[0.817584,-0.247317,-0.519991],[-0.0698153,0.853821,-0.515864],[0.571561,0.458066,0.680804]],[[0.817584,-0.247317,-0.519991],[-0.391221,0.424024,-0.816792],[0.422495,0.871228,0.24992]]],3],[44,[-0.747788,-0.365955,-0.553976],4,46.6523,[-17.4813,84.1156,15.0182],[-16.4093,86.1842,13.6174],[17.4325,9.36988,-13.5345],false,[0.250188,36.5135,69.4725],[14.0941,84.861,51.0581],[4.95237,101.555,24.5196],[-8.55622,94.9441,14.5122],[-18.9608,82.962,13.2383],[[[0.689394,-0.421726,-0.588967],[0.676695,0.0847932,0.731365],[-0.258495,-0.90275,0.343836]],[[0.6587,-0.513513,-0.549926],[0.698397,0.689207,0.192967],[0.279922,-0.511174,0.812616]],[[0.6587,-0.513513,-0.549926],[0.0832254,0.776132,-0.625054],[0.747788,0.365955,0.553976]],[[0.6587,-0.513513,-0.549926],[-0.372805,0.412114,-0.831371],[0.653552,0.75264,0.0800194]]],4]],[[0,200,0],[235.247,235.247,147.751]]],[6006,5288479307,[[4,"right",[0.059908,0.985313,-0.159907],[-0.37268,-0.126533,-0.919293],[-19.0528,79.4228,65.2395],[12.7909,14.0643,-10.8005],[-20.9356,74.9573,71.5424],1,0,0.611886,[[0.964115,-0.168241,-0.20537],[0.221169,0.936891,0.270775],[0.146854,-0.30648,0.940481]],58.8525,[22.5877,-46.4504,308.883],[-14.0341,29.9779,74.3509]]],[[40,[0.102328,0.703605,-0.703185],4,48.1353,[-33.0641,89.8972,12.8062],[-32.0615,90.8552,12.1817],[14.3667,9.68587,-9.57276],false,[-42.3235,28.6208,75.1555],[-42.3235,28.6208,75.1555],[-45.5623,64.8624,46.8415],[-42.3399,87.0197,24.6974],[-29.1572,91.8613,8.26521],[[[0.717655,0.2593,0.646325],[-0.601971,-0.235662,0.762951],[0.350147,-0.936604,-0.0130329]],[[0.575061,0.534964,0.618966],[-0.815089,0.309678,0.489622],[0.07025,-0.786075,0.614127]],[[0.575061,0.534964,0.618966],[-0.811686,0.467712,0.349874],[-0.102328,-0.703605,0.703185]],[[0.575061,0.534964,0.618966],[-0.545316,0.814644,-0.19745],[-0.609865,-0.223986,0.760194]]],0],[41,[-0.0518268,0.830771,-0.554197],4,54.3153,[-37.8256,162.639,34.6318],[-40.5686,168.629,34.0964],[3.99474,8.36112,-20.9249],false,[-28.1027,39.7897,87.4983],[-38.3387,105.079,71.6968],[-38.685,140.359,53.5384],[-39.842,158.906,41.1665],[-41.1664,171.192,31.3528],[[[0.922937,0.0523967,-0.381369],[0.354253,0.272076,0.894695],[0.15064,-0.960848,0.232547]],[[0.933676,-0.1566,-0.322066],[0.358013,0.430074,0.828772],[0.00872659,-0.889108,0.457614]],[[0.933676,-0.1566,-0.322066],[0.35435,0.534132,0.767554],[0.0518268,-0.830771,0.554197]],[[0.933676,-0.1566,-0.322066],[0.348146,0.607671,0.713814],[0.083927,-0.778597,0.621887]]],1],[42,[-0.339044,0.870121,-0.357684],4,61.8879,[-41.4167,166.379,30.2567],[-45.5976,177.938,39.4607],[2.61313,8.27968,-22.4969],false,[-17.2444,41.3298,84.4879],[-18.7523,103.1,66.199],[-31.6567,143.922,53.9965],[-40.5614,166.775,44.6022],[-47.0529,181.137,37.3328],[[[0.860798,-0.125054,-0.493343],[0.508408,0.255856,0.822228],[0.0234017,-0.958592,0.283819]],[[0.832071,0.0999385,-0.545592],[0.472902,0.386219,0.791958],[0.289865,-0.916977,0.274101]],[[0.832071,0.0999385,-0.545592],[0.438985,0.482598,0.757886],[0.339044,-0.870121,0.357684]],[[0.832071,0.0999385,-0.545592],[0.409602,0.552551,0.725888],[0.374012,-0.827466,0.418827]]],2],[43,[-0.570929,-0.458673,-0.680925],4,59.5069,[-36.5937,89.1005,9.58721],[-34.519,92.8266,7.00697],[15.2464,6.69074,-12.9822],false,[-7.12008,40.8569,79.3863],[-0.417144,94.9149,59.8926],[-14.6378,116.085,27.4498],[-29.2455,104.349,10.0278],[-36.5233,89.3085,5.71489],[[[0.814068,-0.283685,-0.50677],[0.569096,0.21558,0.793508],[-0.115858,-0.93437,0.336941]],[[0.817987,-0.246807,-0.519599],[0.460592,0.822137,0.334583],[0.344604,-0.513008,0.786175]],[[0.817987,-0.246807,-0.519599],[-0.0702691,0.853642,-0.516098],[0.570929,0.458673,0.680925]],[[0.817987,-0.246807,-0.519599],[-0.391196,0.423569,-0.81704],[0.421737,0.871594,0.249924]]],3],[44,[-0.747651,-0.366187,-0.554008],4,46.6523,[-17.4143,84.2255,14.9141],[-16.3203,86.2237,13.546],[15.7046,8.31849,-12.33],false,[0.341641,36.5958,69.4385],[14.1701,84.9428,51.0112],[5.04772,101.598,24.4419],[-8.45838,94.9833,14.4339],[-18.872,83.0086,13.1642],[[[0.689891,-0.421616,-0.588464],[0.676299,0.0854297,0.731657],[-0.258206,-0.902741,0.344076]],[[0.658737,-0.514667,-0.548802],[0.6986,0.689217,0.192193],[0.279328,-0.509998,0.813559]],[[0.658737,-0.514667,-0.548802],[0.0841651,0.775258,-0.626012],[0.747651,0.366187,0.554008]],[[0.658737,-0.514667,-0.548802],[-0.371749,0.411518,-0.832139],[0.654116,0.752177,0.0797553]]],4]],[[0,200,0],[235.247,235.247,147.751]]],[6007,5288487914,[[4,"right",[0.0595575,0.985284,-0.160216],[-0.372255,-0.127001,-0.9194],[-18.9927,79.482,65.1888],[11.255,12.1646,-9.50426],[-20.8865,75.0719,71.3815],1,0,0.613722,[[0.964236,-0.167981,-0.205017],[0.220857,0.936869,0.271107],[0.146533,-0.30669,0.940462]],58.8525,[22.5849,-46.4386,308.847],[-13.9569,30.0423,74.3189]]],[[40,[0.102511,0.70351,-0.703253],4,48.1353,[-32.9825,89.9737,12.7383],[-31.9885,90.8918,12.1366],[12.913,8.41651,-7.96705],false,[-42.246,28.6736,75.1125],[-42.246,28.6736,75.1125],[-45.504,64.9205,46.8076],[-42.2758,87.0748,24.6614],[-29.0772,91.8994,8.23688],[[[0.717284,0.25982,0.646527],[-0.60218,-0.235658,0.762788],[0.350547,-0.936461,-0.0125751]],[[0.574797,0.535106,0.619088],[-0.815239,0.309137,0.489714],[0.0706656,-0.786191,0.61393]],[[0.574797,0.535106,0.619088],[-0.81185,0.467691,0.349521],[-0.102511,-0.70351,0.703253]],[[0.574797,0.535106,0.619088],[-0.544773,0.814766,-0.19844],[-0.610599,-0.2232,0.759836]]],0],[41,[-0.0519857,0.830516,-0.554564],4,54.3153,[-37.8346,162.656,34.6284],[-40.5381,168.664,33.9987],[3.95668,7.2689,-18.2857],false,[-28.035,39.8526,87.4573],[-38.292,105.132,71.6296],[-38.6469,140.405,53.4568],[-39.8075,158.946,41.0767],[-41.1337,171.227,31.2573],[[[0.923068,0.0526567,-0.381014],[0.353777,0.272528,0.894746],[0.150951,-0.960706,0.232933]],[[0.933872,-0.156313,-0.321637],[0.357496,0.430567,0.828739],[0.00894373,-0.88892,0.457975]],[[0.933872,-0.156313,-0.321637],[0.35381,0.534612,0.767469],[0.0519857,-0.830516,0.554564]],[[0.933872,-0.156313,-0.321637],[0.347593,0.608134,0.713689],[0.0840395,-0.778293,0.622252]]],1],[42,[-0.339269,0.869822,-0.358199],4,61.8879,[-41.4233,166.397,30.2704],[-45.5684,177.975,39.3558],[2.80773,7.20872,-19.682],false,[-17.176,41.3962,84.4508],[-18.7026,103.16,66.1404],[-31.6196,143.971,53.9148],[-40.5302,166.816,44.507],[-47.0248,181.172,37.2289],[[[0.86105,-0.124858,-0.492954],[0.507968,0.256348,0.822347],[0.0236909,-0.958486,0.284153]],[[0.832258,0.100066,-0.545283],[0.472399,0.386767,0.791991],[0.290149,-0.916732,0.274619]],[[0.832258,0.100066,-0.545283],[0.438456,0.483111,0.757865],[0.339269,-0.869822,0.358199]],[[0.832258,0.100066,-0.545283],[0.409059,0.553032,0.725828],[0.374189,-0.827129,0.419332]]],2],[43,[-0.570385,-0.459121,-0.681079],4,59.5069,[-36.5553,89.1787,9.52501],[-34.4487,92.859,6.94108],[13.4224,5.9321,-11.4913],false,[-7.04947,40.9259,79.3534],[-0.361429,94.9801,59.8441],[-14.5883,116.133,27.3927],[-29.1821,104.386,9.9667],[-36.449,89.3404,5.65106],[[[0.814392,-0.283514,-0.506345],[0.568684,0.216087,0.793665],[-0.1156,-0.934305,0.33721]],[[0.818331,-0.246295,-0.519301],[0.459868,0.822554,0.334553],[0.344755,-0.512585,0.786385]],[[0.818331,-0.246295,-0.519301],[-0.0706756,0.85355,-0.516195],[0.570385,0.459121,0.681079]],[[0.818331,-0.246295,-0.519301],[-0.39116,0.423331,-0.817181],[0.421103,0.871854,0.250084]]],3],[44,[-0.747588,-0.36636,-0.553979],4,46.6523,[-17.3502,84.3249,14.8179],[-16.2461,86.2546,13.4858],[13.8956,7.21913,-11.0118],false,[0.418066,36.6646,69.41],[14.2336,85.0112,50.972],[5.13009,101.631,24.3741],[-8.37488,95.0132,14.3666],[-18.7979,83.0461,13.1022],[[[0.690306,-0.421524,-0.588043],[0.675967,0.0859618,0.731901],[-0.257965,-0.902734,0.344277]],[[0.658692,-0.515824,-0.547769],[0.698873,0.689152,0.191432],[0.278751,-0.508916,0.814434]],[[0.658692,-0.515824,-0.547769],[0.0850753,0.774407,-0.626942],[0.747588,0.36636,0.553979]],[[0.658692,-0.515824,-0.547769],[-0.370789,0.410944,-0.832851],[0.654707,0.751699,0.0794232]]],4]],[[0,200,0],[235.247,235.247,147.751]]],[6008,5288496638,[[4,"right",[0.0592684,0.98526,-0.160471],[-0.371905,-0.127387,-0.919489],[-18.9431,79.5309,65.1469],[9.76586,10.4098,-8.24713],[-20.8395,75.1795,71.231],1,0,0.616275,[[0.964335,-0.167767,-0.204726],[0.220599,0.93685,0.271381],[0.146269,-0.306865,0.940446]],58.8525,[22.5827,-46.4288,308.816],[-13.8931,30.0955,74.2925]]],[[40,[0.102851,0.703301,-0.703412],4,48.1353,[-32.9029,90.0447,12.6748],[-31.9235,90.9143,12.0989],[11.6478,6.85381,-6.62476],false,[-42.182,28.7172,75.077],[-42.182,28.7172,75.077],[-45.4588,64.9685,46.7799],[-42.22,87.1162,24.6287],[-29.0012,91.9162,8.21324],[[[0.716978,0.26025,0.646693],[-0.602352,-0.235654,0.762653],[0.350876,-0.936342,-0.0121969]],[[0.574556,0.535256,0.619182],[-0.815373,0.308633,0.489809],[0.0710734,-0.786287,0.61376]],[[0.574556,0.535256,0.619182],[-0.811977,0.467833,0.349035],[-0.102851,-0.703301,0.703412]],[[0.574556,0.535256,0.619182],[-0.54398,0.814979,-0.19974],[-0.611532,-0.22206,0.75942]]],0],[41,[-0.052121,0.830299,-0.554876],4,54.3153,[-37.842,162.67,34.6255],[-40.5135,168.692,33.9169],[3.72905,6.23345,-15.7985],false,[-27.979,39.9046,87.4234],[-38.2535,105.176,71.5741],[-38.6156,140.443,53.3892],[-39.7792,158.978,41.0021],[-41.1069,171.256,31.1778],[[[0.923177,0.0528714,-0.380721],[0.353384,0.2729,0.894788],[0.151208,-0.960588,0.233251]],[[0.934033,-0.156075,-0.321282],[0.357069,0.430982,0.828707],[0.00912639,-0.88876,0.458281]],[[0.934033,-0.156075,-0.321282],[0.353363,0.535018,0.767392],[0.052121,-0.830299,0.554876]],[[0.934033,-0.156075,-0.321282],[0.347135,0.608526,0.713578],[0.0841368,-0.778034,0.622562]]],1],[42,[-0.339454,0.86957,-0.358634],4,61.8879,[-41.4285,166.412,30.2814],[-45.5442,178.004,39.2678],[2.78601,6.19014,-17.0291],false,[-17.1196,41.4511,84.4201],[-18.6616,103.209,66.092],[-31.589,144.011,53.8468],[-40.5045,166.85,44.4275],[-47.0016,181.201,37.142],[[[0.861258,-0.124696,-0.492632],[0.507605,0.256754,0.822444],[0.0239294,-0.958399,0.284428]],[[0.832413,0.100165,-0.545027],[0.47198,0.38723,0.792015],[0.290383,-0.916526,0.275059]],[[0.832413,0.100165,-0.545027],[0.438017,0.483544,0.757843],[0.339454,-0.86957,0.358634]],[[0.832413,0.100165,-0.545027],[0.408609,0.553436,0.725774],[0.374335,-0.826847,0.419759]]],2],[43,[-0.569888,-0.45959,-0.681179],4,59.5069,[-36.5187,89.2513,9.46654],[-34.3951,92.881,6.88535],[11.5159,4.95986,-9.99443],false,[-6.99118,40.9829,79.3262],[-0.315433,95.034,59.8041],[-14.5548,116.168,27.3463],[-29.1359,104.409,9.91773],[-36.3914,89.3594,5.59892],[[[0.814659,-0.283372,-0.505995],[0.568345,0.216507,0.793794],[-0.115388,-0.934251,0.337432]],[[0.81863,-0.245692,-0.519115],[0.459107,0.823011,0.334476],[0.345059,-0.512142,0.78654]],[[0.81863,-0.245692,-0.519115],[-0.0712202,0.853471,-0.516251],[0.569888,0.45959,0.681179]],[[0.81863,-0.245692,-0.519115],[-0.391241,0.423137,-0.817243],[0.420446,0.872119,0.250268]]],3],[44,[-0.747713,-0.366184,-0.553926],4,46.6523,[-17.2904,84.4138,14.73],[-16.1858,86.2774,13.4294],[12.1092,6.20846,-9.96892],false,[0.481146,36.7214,69.3865],[14.286,85.0676,50.9397],[5.20904,101.647,24.307],[-8.2982,95.0317,14.3005],[-18.739,83.0796,13.0414],[[[0.690649,-0.421448,-0.587695],[0.675693,0.0864011,0.732102],[-0.257766,-0.902727,0.344442]],[[0.658359,-0.517536,-0.546553],[0.69951,0.688798,0.190376],[0.277938,-0.507655,0.815498]],[[0.658359,-0.517536,-0.546553],[0.0865374,0.773347,-0.628049],[0.747713,0.366184,0.553926]],[[0.658359,-0.517536,-0.546553],[-0.369397,0.410513,-0.833681],[0.655828,0.750756,0.0790886]]],4]],[[0,200,0],[235.247,235.247,147.751]]],[6009,5288505361,[[4,"right",[0.059027,0.985239,-0.160684],[-0.371612,-0.127709,-0.919563],[-18.9017,79.5717,65.1119],[8.4248,8.87778,-7.11491],[-20.79