{"metadata":{"formatVersion":2,"generatedBy":"LeapJS Playback 0.2.1","frames":213,"frameRate":"79","modified":"Sun Apr 12 2015 21:46:06 GMT-0300 (E. South America Standard Time)","title":"salto alto"},"frames":[["id","timestamp",{"hands":[["id","type","direction","palmNormal","palmPosition","palmVelocity","stabilizedPalmPosition","pinchStrength","grabStrength","confidence","armBasis","armWidth","elbow","wrist"]]},{"pointables":[["id","direction","handId","length","stabilizedTipPosition","tipPosition","tipVelocity","tool","carpPosition","mcpPosition","pipPosition","dipPosition","btipPosition","bases","type"]]},{"interactionBox":["center","size"]}],[180201,7424519951,[[182,"right",[0.16982,-0.800174,-0.575225],[-0.976934,-0.213377,0.00840769],[38.3325,134.169,20.1112],[-17.4829,15.0043,5.59381],[41.006,133.278,15.4837],0,0,0.472435,[[-0.210801,-0.958698,0.190948],[0.908046,-0.264375,-0.324899],[0.361962,0.104901,0.926272]],58.3378,[124.179,196.592,283.193],[34.7042,170.661,54.2247]],[183,"left",[0.486174,-0.829749,-0.274139],[0.761839,0.248783,0.598087],[-86.4643,96.8632,-10.8685],[-14.9968,35.2057,-1.98831],[-83.5853,96.7036,-13.5526],0,0.428676,0.381736,[[0.0457676,-0.876311,0.479567],[-0.670884,-0.382659,-0.635206],[-0.740148,0.292662,0.605417]],50.3384,[-270.254,190.827,132.455],[-112.382,128.402,3.3201]]],[[1820,[0.0106642,-0.164846,-0.986262],182,47.7143,[21.6501,165.185,-54.5422],[22.1134,168.003,-53.8939],[-2.74081,38.7519,0.134511],false,[21.1334,185.688,34.7614],[21.1334,185.688,34.7614],[18.6828,168.285,-7.42556],[19.0156,163.139,-38.2124],[21.9814,169.54,-58.4446],[[[0.959031,-0.190844,0.209377],[0.266429,0.858815,-0.437553],[-0.0963112,0.475411,0.874476]],[[0.961277,-0.269934,0.0555114],[0.270315,0.884381,-0.380526],[0.0536235,0.380796,0.923103]],[[0.961277,-0.269934,0.0555114],[0.275376,0.948663,-0.155584],[-0.0106642,0.164846,0.986262]],[[0.961277,-0.269934,0.0555114],[0.238302,0.915369,0.324517],[-0.138412,-0.298723,0.944249]]],0],[1821,[-0.167613,0.731037,0.661431],182,53.8402,[7.05467,143.734,10.55],[4.12357,145.998,10.6423],[-11.542,16.5669,-16.5491],false,[41.2419,177.529,35.0154],[41.184,129.123,-11.8204],[2.63558,121.435,-10.3965],[-1.0735,137.612,4.24013],[5.96646,148.907,12.4582],[[[0.156143,-0.686922,0.709759],[0.987734,0.107964,-0.112805],[0.000859307,0.718667,0.695354]],[[0.155916,-0.642822,0.74998],[0.123331,-0.740655,-0.660469],[0.980041,0.195473,-0.0362001]],[[0.155916,-0.642822,0.74998],[-0.973445,-0.228834,0.0062348],[0.167613,-0.731037,-0.661431]],[[0.155916,-0.642822,0.74998],[-0.879284,0.255619,0.401893],[-0.450055,-0.722107,-0.525368]]],1],[1822,[-0.158962,0.798187,0.581058],182,61.3466,[7.19644,142.576,21.8489],[3.66482,144.182,22.6149],[-12.2912,16.4076,-11.2824],false,[44.5221,169.65,42.3798],[45.7437,118.162,4.59738],[1.96996,114.098,0.760967],[-2.16854,134.879,15.8885],[5.85036,147.086,24.9811],[[[-0.0158646,-0.591785,0.80594],[0.999691,0.00602988,0.0241061],[-0.0191254,0.806074,0.591506]],[[-0.0158942,-0.590534,0.806856],[0.125637,-0.801742,-0.584316],[0.991949,0.0920841,0.0869362]],[[-0.0158942,-0.590534,0.806856],[-0.987157,-0.119024,-0.106559],[0.158962,-0.798187,-0.581058]],[[-0.0158942,-0.590534,0.806856],[-0.884596,0.384466,0.263963],[-0.466087,-0.709546,-0.528495]]],2],[1823,[-0.210314,0.883586,0.418383],182,58.9864,[11.8113,138.418,33.2753],[7.12223,140.074,34.2616],[-29.273,11.1826,-14.6056],false,[45.183,162.426,50.9756],[47.3313,111.672,24.3609],[7.16189,107.368,17.9446],[1.82788,129.778,28.5557],[8.99956,143.357,36.0912],[[[-0.0938217,-0.465474,0.880075],[0.994884,-0.0105731,0.100469],[-0.0374605,0.884999,0.464084]],[[-0.0946838,-0.444352,0.890834],[0.163429,-0.889652,-0.426392],[0.982001,0.105216,0.156856]],[[-0.0946838,-0.444352,0.890834],[-0.973038,-0.147741,-0.177115],[0.210314,-0.883586,-0.418383]],[[-0.0946838,-0.444352,0.890834],[-0.902918,0.415196,0.111134],[-0.419254,-0.793828,-0.440526]]],3],[1824,[-0.51186,-0.823911,-0.24325],182,46.2443,[19.8925,57.9229,7.87219],[18.0935,53.2101,28.876],[-25.0723,14.965,-8.3265],false,[39.5427,156.581,61.1644],[44.4898,106.886,43.1577],[34.9522,76.592,36.8921],[25.7865,61.8384,32.5363],[15.5616,50.5961,28.2821],[[[-0.260612,-0.351728,0.899093],[0.960936,-0.00461313,0.276733],[-0.0931871,0.936091,0.33919]],[[-0.275525,-0.11075,0.954893],[0.915033,-0.334657,0.225209],[0.29462,0.935809,0.193546]],[[-0.275525,-0.11075,0.954893],[0.813687,-0.555793,0.170319],[0.51186,0.823911,0.24325]],[[-0.275525,-0.11075,0.954893],[0.710124,-0.692977,0.124527],[0.647928,0.712402,0.269578]]],4],[1830,[0.450483,0.101612,-0.886984],183,41.1716,[-61.0063,149.179,-76.7132],[-62.8325,149.741,-76.8455],[1.64351,35.6907,19.5598],false,[-97.5559,144.02,-7.7964],[-97.5559,144.02,-7.7964],[-74.3192,141.133,-39.5267],[-62.1853,143.87,-63.4178],[-60.7306,152.098,-79.9106],[[[-0.758792,-0.585477,-0.285398],[-0.185941,0.614657,-0.766566],[-0.624228,0.528596,0.57526]],[[-0.621018,-0.6781,-0.393086],[-0.516842,0.731314,-0.445033],[-0.589246,0.0732096,0.80463]],[[-0.621018,-0.6781,-0.393086],[-0.641406,0.727911,-0.24237],[-0.450483,-0.101612,0.886984]],[[-0.621018,-0.6781,-0.393086],[-0.779837,0.584903,0.22303],[-0.0786802,-0.445049,0.892043]]],0],[1831,[-0.514419,0.716652,0.470938],183,46.4576,[-59.7004,115.428,-1.91716],[-62.9825,117.009,-2.6538],[-17.9266,44.7583,-3.67721],false,[-107.942,129.98,-14.5541],[-69.6957,89.932,-32.1982],[-43.8292,98.6351,-12.0213],[-53.6518,112.319,-3.02896],[-65.6939,118.393,-2.49665],[[[-0.340354,-0.631848,0.696367],[-0.671653,-0.354925,-0.650315],[-0.658058,0.689055,0.303583]],[[-0.306067,-0.666442,0.679836],[0.570519,-0.700072,-0.429427],[-0.762123,-0.256426,-0.594487]],[[-0.306067,-0.666442,0.679836],[0.801059,0.205582,0.562175],[0.51442,-0.716652,-0.470938]],[[-0.306067,-0.666442,0.679836],[0.332187,0.594462,0.732303],[0.892174,-0.449966,-0.0394379]]],1],[1832,[-0.435531,0.840279,0.32287],183,52.9347,[-62.8611,116.927,5.44883],[-67.2623,117.911,5.07687],[-17.9519,43.7243,-2.35971],false,[-111.814,123.101,-8.86892],[-78.4007,80.7419,-20.14],[-47.4128,93.2095,-1.85767],[-57.1968,112.086,5.39546],[-69.9201,119.732,5.17738],[[[-0.30661,-0.463119,0.831571],[-0.73381,-0.441422,-0.516401],[-0.606229,0.768549,0.204496]],[[-0.298584,-0.47322,0.828801],[0.498574,-0.817837,-0.287344],[-0.813801,-0.327422,-0.480128]],[[-0.298584,-0.47322,0.828801],[0.849212,0.264565,0.456996],[0.435531,-0.840279,-0.32287]],[[-0.298584,-0.47322,0.828801],[0.419909,0.714704,0.559351],[0.857044,-0.515034,0.0146896]]],2],[1833,[-0.345405,0.919877,0.185802],183,50.8981,[-70.7366,113.713,9.7666],[-75.2651,114.444,12.3572],[-14.5504,40.8343,-1.30186],false,[-114.904,117.817,-1.33785],[-88.2689,76.3443,-5.74079],[-58.4905,87.6262,9.48476],[-66.0495,107.757,13.5509],[-77.8542,116.493,12.071],[[[-0.336284,-0.31037,0.889148],[-0.772792,-0.448657,-0.448887],[-0.538244,0.838079,0.088975]],[[-0.338572,-0.3068,0.889518],[0.416658,-0.896499,-0.150618],[-0.843662,-0.31963,-0.43136]],[[-0.338572,-0.3068,0.889518],[0.875251,0.244337,0.417415],[0.345405,-0.919877,-0.185802]],[[-0.338572,-0.3068,0.889518],[0.495727,0.745353,0.445762],[0.799765,-0.59188,0.100266]]],3],[1834,[0.891879,-0.273739,0.360026],183,39.9032,[-50.1347,60.599,21.5182],[-48.8579,57.9487,28.305],[-1.40332,24.3691,-2.74172],false,[-115.323,116.129,9.77024],[-95.3347,74.9124,9.56136],[-72.5495,61.9525,19.2133],[-58.7687,57.7229,24.7762],[-46.2324,55.7112,29.697],[[[-0.263979,-0.132859,0.955334],[-0.860185,-0.415653,-0.295492],[-0.436346,0.899767,0.00456004]],[[-0.354572,0.0709753,0.932331],[-0.45708,-0.883013,-0.10661],[-0.815694,0.463951,-0.345533]],[[-0.354572,0.0709753,0.932331],[-0.280769,-0.959182,-0.033759],[-0.891879,0.273739,-0.360026]],[[-0.354572,0.0709753,0.932331],[-0.163388,-0.986477,0.0129594],[-0.920643,0.147737,-0.361373]]],4]],[[0,200,0],[235.247,235.247,147.751]]],[180202,7424528122,[[182,"right",[0.171518,-0.799589,-0.575534],[-0.976831,-0.213923,0.00609292],[38.3039,134.203,20.1038],[-13.9477,12.2497,3.95246],[40.9555,133.295,15.5701],0,0,0.483095,[[-0.212441,-0.958073,0.192261],[0.90747,-0.266408,-0.324847],[0.362447,0.10546,0.926019]],58.3378,[124.176,196.732,283.147],[34.581,170.663,54.2404]],[183,"left",[0.489005,-0.827901,-0.27469],[0.76162,0.251733,0.597131],[-86.7474,97.2863,-10.9589],[-19.9651,39.398,-4.28259],[-83.6926,96.7234,-13.4647],0,0.42611,0.395278,[[0.0480108,-0.876192,0.479566],[-0.671338,-0.38381,-0.634031],[-0.739595,0.29151,0.606648]],50.3384,[-270.522,190.906,132.657],[-112.768,128.727,3.25981]]],[[1820,[0.00979507,-0.159318,-0.987179],182,47.7143,[21.5934,165.511,-54.4687],[21.9443,168.278,-53.8948],[-8.69166,40.3494,-0.446146],false,[21.0444,185.699,34.7603],[21.0444,185.699,34.7603],[18.4927,168.369,-7.45061],[18.7985,163.396,-38.266],[21.7674,169.941,-58.4515],[[[0.958677,-0.190494,0.211308],[0.266908,0.859334,-0.436239],[-0.098483,0.474612,0.874668]],[[0.960986,-0.271405,0.0533364],[0.270902,0.884616,-0.379562],[0.0558328,0.379202,0.923628]],[[0.960986,-0.271405,0.0533364],[0.276423,0.949188,-0.150444],[-0.00979507,0.159318,0.987179]],[[0.960986,-0.271405,0.0533364],[0.239389,0.912704,0.331157],[-0.138558,-0.305469,0.942067]]],0],[1821,[-0.16917,0.731096,0.660969],182,53.8402,[7.01968,143.768,10.5491],[4.12052,146.043,10.5577],[-8.77149,13.8306,-15.1061],false,[41.1568,177.552,35.0513],[41.2279,129.186,-11.8258],[2.68042,121.478,-10.4841],[-1.06311,137.656,4.14236],[5.95717,148.955,12.3723],[[[0.154973,-0.687441,0.709513],[0.987918,0.108606,-0.110556],[-0.00105636,0.718074,0.695966]],[[0.154624,-0.642643,0.750401],[0.125135,-0.740679,-0.660103],[0.980017,0.195969,-0.0341097]],[[0.154624,-0.642643,0.750401],[-0.973382,-0.229147,0.00432913],[0.16917,-0.731096,-0.660969]],[[0.154624,-0.642643,0.750401],[-0.880155,0.255425,0.400107],[-0.448797,-0.722335,-0.526131]]],1],[1822,[-0.158609,0.797546,0.582034],182,61.3466,[7.14269,142.605,21.8661],[3.68368,144.214,22.5772],[-8.21534,13.4346,-9.42128],false,[44.4252,169.668,42.4161],[45.7578,118.213,4.59263],[1.98854,114.169,0.684305],[-2.14074,134.933,15.8373],[5.88271,147.119,24.9548],[[[-0.0172963,-0.592481,0.805399],[0.999633,0.00656078,0.0262939],[-0.0208627,0.805558,0.59215]],[[-0.0173177,-0.591653,0.806007],[0.126248,-0.80097,-0.585243],[0.991848,0.0916213,0.0885657]],[[-0.0173177,-0.591653,0.806007],[-0.98719,-0.11776,-0.107653],[0.158609,-0.797546,-0.582034]],[[-0.0173177,-0.591653,0.806007],[-0.88443,0.38506,0.263653],[-0.466352,-0.70829,-0.529944]]],2],[1823,[-0.212077,0.883103,0.418513],182,58.9864,[11.7079,138.459,33.2982],[7.0562,140.077,34.1879],[-24.1914,8.31037,-13.3208],false,[45.0713,162.437,51.0072],[47.3058,111.707,24.354],[7.15434,107.378,17.8431],[1.77563,129.776,28.4575],[8.91783,143.355,36.0195],[[[-0.0954849,-0.466276,0.879471],[0.994668,-0.01011,0.102632],[-0.0389633,0.884582,0.464755]],[[-0.0963861,-0.445069,0.890294],[0.165053,-0.889222,-0.426664],[0.981564,0.105821,0.159168]],[[-0.0963861,-0.445069,0.890294],[-0.972488,-0.148472,-0.179508],[0.212077,-0.883103,-0.418513]],[[-0.0963861,-0.445069,0.890294],[-0.903536,0.414335,0.109311],[-0.417531,-0.793877,-0.442072]]],3],[1824,[-0.512436,-0.823221,-0.244367],182,46.2443,[19.8494,57.8234,8.32377],[18.0523,53.2425,28.8067],[-20.4334,12.5154,-8.16946],false,[39.4121,156.58,61.1787],[44.426,106.904,43.1405],[34.9257,76.5989,36.8683],[25.7497,61.8577,32.4925],[15.5013,50.6463,28.2135],[[[-0.262379,-0.352638,0.898222],[0.960332,-0.00431908,0.278826],[-0.0944454,0.93575,0.339783]],[[-0.27758,-0.110498,0.954327],[0.914782,-0.333844,0.227423],[0.293467,0.936129,0.19375]],[[-0.27758,-0.110498,0.954327],[0.812624,-0.556863,0.171886],[0.512436,0.823221,0.244367]],[[-0.27758,-0.110498,0.954327],[0.707958,-0.695025,0.125445],[0.649419,0.710444,0.271153]]],4],[1830,[0.454837,0.101137,-0.884813],183,41.1716,[-61.0428,149.457,-76.57],[-62.9262,150.196,-76.7315],[-2.53288,37.5296,18.1048],false,[-98.0155,144.401,-7.8759],[-98.0155,144.401,-7.8759],[-74.5844,141.52,-39.4634],[-62.3333,144.244,-63.2962],[-60.8443,152.443,-79.8004],[[[-0.756899,-0.588392,-0.284427],[-0.189236,0.613892,-0.766372],[-0.625535,0.526242,0.575999]],[[-0.615643,-0.682198,-0.394448],[-0.517629,0.727508,-0.450325],[-0.594175,0.0730618,0.801011]],[[-0.615643,-0.682198,-0.394448],[-0.643511,0.724139,-0.248025],[-0.454837,-0.101137,0.884813]],[[-0.615643,-0.682198,-0.394448],[-0.783899,0.581331,0.218076],[-0.0805342,-0.443464,0.892667]]],0],[1831,[-0.515488,0.714879,0.472462],183,46.4576,[-59.8502,115.516,-1.95142],[-63.3047,117.515,-2.76441],[-22.9083,48.995,-6.01764],false,[-108.356,130.32,-14.6199],[-69.9787,90.418,-32.3088],[-44.1029,99.2003,-12.1784],[-53.9458,112.851,-3.15694],[-66.0054,118.887,-2.59568],[[[-0.337076,-0.6331,0.696824],[-0.671093,-0.357532,-0.649465],[-0.660313,0.686553,0.304354]],[[-0.302544,-0.667693,0.680186],[0.572027,-0.698018,-0.430762],[-0.762399,-0.25876,-0.593119]],[[-0.302544,-0.667693,0.680186],[0.80171,0.207687,0.56047],[0.515488,-0.714879,-0.472462]],[[-0.302544,-0.667693,0.680186],[0.331948,0.595141,0.731859],[0.893464,-0.447206,-0.0415826]]],1],[1832,[-0.436407,0.839023,0.324945],183,52.9347,[-62.9483,116.957,5.44294],[-67.546,118.403,4.99161],[-21.612,47.708,-4.11835],false,[-112.195,123.428,-8.92958],[-78.6337,81.1954,-20.2394],[-47.6455,93.7439,-2.01288],[-57.4493,112.592,5.28687],[-70.1889,120.212,5.11096],[[[-0.30381,-0.464235,0.831977],[-0.732753,-0.444258,-0.515469],[-0.608911,0.766238,0.205199]],[[-0.295399,-0.474739,0.829073],[0.500457,-0.816102,-0.288999],[-0.813807,-0.329545,-0.478662]],[[-0.295399,-0.474739,0.829073],[0.849875,0.265825,0.455026],[0.436407,-0.839023,-0.324945]],[[-0.295399,-0.474739,0.829073],[0.419916,0.714964,0.559015],[0.858143,-0.513273,0.0118491]]],2],[1833,[-0.347678,0.918834,0.186717],183,50.8981,[-70.8064,113.732,9.80462],[-75.5614,114.915,12.2638],[-19.7307,45.1449,-3.70855],false,[-115.255,118.132,-1.39439],[-88.4672,76.761,-5.82775],[-58.7075,88.1454,9.35799],[-66.3162,108.254,13.4442],[-78.1464,116.959,11.988],[[[-0.333997,-0.311597,0.88958],[-0.771623,-0.451638,-0.447907],[-0.541335,0.836021,0.0895897]],[[-0.336265,-0.308087,0.889948],[0.419588,-0.895016,-0.151301],[-0.843132,-0.322534,-0.430232]],[[-0.336265,-0.308087,0.889948],[0.87524,0.246629,0.416087],[0.347678,-0.918834,-0.186717]],[[-0.336265,-0.308087,0.889948],[0.494512,0.746458,0.445263],[0.801489,-0.589816,0.0986553]]],3],[1834,[0.891719,-0.274711,0.359681],183,39.9032,[-50.1142,60.504,21.6824],[-49.0067,58.3029,28.2158],[-5.68334,30.5226,-4.77202],false,[-115.654,116.443,9.71431],[-95.5086,75.3031,9.48319],[-72.6932,62.3954,19.1337],[-58.9149,58.1507,24.6912],[-46.3833,56.1003,29.6081],[[[-0.262289,-0.133807,0.955667],[-0.858953,-0.418958,-0.294405],[-0.439778,0.898092,0.00504542]],[[-0.354236,0.0710134,0.932456],[-0.455408,-0.883988,-0.105685],[-0.816774,0.462086,-0.34548]],[[-0.354236,0.0710134,0.932456],[-0.281698,-0.958901,-0.0339886],[-0.891719,0.274711,-0.359681]],[[-0.354236,0.0710134,0.932456],[-0.166049,-0.986044,0.0120131],[-0.920296,0.150578,-0.361084]]],4]],[[0,200,0],[235.247,235.247,147.751]]],[180203,7424545329,[[182,"right",[0.171275,-0.800069,-0.574938],[-0.977696,-0.210024,0.00100813],[38.1582,134.169,20.1357],[-11.4338,5.74428,2.98998],[40.8496,133.329,15.7428],0,0,0.468896,[[-0.219951,-0.955479,0.196677],[0.905427,-0.274996,-0.323386],[0.363074,0.106948,0.925602]],58.3378,[124.156,197.07,283.069],[34.4059,170.633,54.2661]],[183,"left",[0.530643,-0.807751,-0.25682],[0.732268,0.2843,0.618835],[-87.0094,97.2207,-12.5499],[-17.7916,19.5776,-44.729],[-83.8361,96.7449,-13.4251],0,0.418476,0.358398,[[0.0296514,-0.8883,0.458306],[-0.684253,-0.352273,-0.638515],[-0.728642,0.294664,0.618267]],50.3384,[-270.134,190.45,132.64],[-114.716,127.599,0.764411]]],[[1820,[0.00594287,-0.152402,-0.988301],182,47.7143,[21.3961,166.228,-54.3383],[21.6578,168.654,-53.9054],[-16.3053,35.3697,-1.19934],false,[21.0294,185.729,34.7223],[21.0294,185.729,34.7223],[18.1565,168.498,-7.50837],[18.342,163.741,-38.3588],[21.3385,170.497,-58.4704],[[[0.956813,-0.194392,0.216149],[0.272568,0.858412,-0.434552],[-0.101072,0.4747,0.874325]],[[0.958841,-0.279703,0.0488977],[0.276899,0.882953,-0.379106],[0.0628627,0.377042,0.924061]],[[0.958841,-0.279703,0.0488977],[0.283883,0.947913,-0.144467],[-0.00594287,0.152402,0.988301]],[[0.958841,-0.279703,0.0488977],[0.247116,0.906826,0.341467],[-0.139851,-0.315329,0.938621]]],0],[1821,[-0.16883,0.732879,0.659079],182,53.8402,[6.96513,143.823,10.5443],[4.09671,146.191,10.3981],[-5.32093,11.5832,-12.5944],false,[41.1073,177.502,35.1134],[41.2258,129.152,-11.7803],[2.64012,121.607,-10.6196],[-1.09588,137.825,3.96505],[5.93906,149.104,12.2101],[[[0.148589,-0.688298,0.710047],[0.988897,0.104699,-0.105451],[-0.00175929,0.717833,0.696213]],[[0.14819,-0.642203,0.752074],[0.125304,-0.742149,-0.658418],[0.980989,0.191809,-0.029509]],[[0.14819,-0.642203,0.752074],[-0.974441,-0.224642,0.000182584],[0.16883,-0.732879,-0.659079]],[[0.14819,-0.642203,0.752074],[-0.880783,0.260123,0.395673],[-0.449734,-0.721049,-0.527094]]],1],[1822,[-0.156202,0.797899,0.582201],182,61.3466,[7.04819,142.661,21.893],[3.63151,144.339,22.4771],[-5.57259,10.7186,-7.64469],false,[44.3065,169.602,42.492],[45.6277,118.155,4.65711],[1.85667,114.332,0.551899],[-2.20997,135.105,15.7092],[5.84855,147.236,24.8691],[[[-0.0237892,-0.592684,0.805084],[0.999503,0.00256122,0.0314195],[-0.0206838,0.805431,0.592328]],[[-0.0237989,-0.592306,0.805362],[0.124874,-0.801042,-0.585439],[0.991887,0.0866358,0.0930274]],[[-0.0237989,-0.592306,0.805362],[-0.987438,-0.111943,-0.111509],[0.156202,-0.797899,-0.582201]],[[-0.0237989,-0.592306,0.805362],[-0.883201,0.389894,0.26065],[-0.468391,-0.705093,-0.532404]]],2],[1823,[-0.210779,0.883826,0.41764],182,58.9864,[11.5164,138.536,33.3335],[6.86312,140.166,34.0605],[-18.3395,6.78667,-10.6448],false,[44.8797,162.366,51.0837],[47.0484,111.636,24.4238],[6.91407,107.469,17.7054],[1.56828,129.884,28.2976],[8.72428,143.434,35.8999],[[[-0.101852,-0.466193,0.8788],[0.994081,-0.0141158,0.107725],[-0.0378157,0.88457,0.464872]],[[-0.102728,-0.4449,0.889669],[0.163717,-0.889766,-0.426044],[0.981144,0.101887,0.164241]],[[-0.102728,-0.4449,0.889669],[-0.972121,-0.14462,-0.184569],[0.210779,-0.883826,-0.41764]],[[-0.102728,-0.4449,0.889669],[-0.902464,0.417837,0.104744],[-0.418337,-0.792134,-0.444429]]],3],[1824,[-0.515762,-0.820467,-0.246626],182,46.2443,[19.7322,57.6143,9.2849],[17.5101,53.3006,28.7573],[-25.6904,8.55686,-5.65447],false,[39.1451,156.528,61.2239],[44.0531,106.838,43.1935],[34.4814,76.5602,36.9013],[25.2458,61.8683,32.485],[14.939,50.73,28.1557],[[[-0.268386,-0.351897,0.896737],[0.958865,-0.00824855,0.283743],[-0.0924517,0.936002,0.339636]],[[-0.282934,-0.108598,0.952972],[0.912428,-0.336763,0.23252],[0.295674,0.935306,0.19437]],[[-0.282934,-0.108598,0.952972],[0.808665,-0.561285,0.176127],[0.515762,0.820467,0.246626]],[[-0.282934,-0.108598,0.952972],[0.702412,-0.700025,0.12877],[0.65312,0.705812,0.274342]]],4],[1830,[0.483119,0.117929,-0.867576],183,41.1716,[-61.1098,150.248,-76.6201],[-62.8559,150.977,-77.4656],[-1.81319,41.5497,-8.47673],false,[-100.29,143.839,-9.98011],[-100.29,143.839,-9.98011],[-75.5582,141.865,-40.6322],[-62.5453,145.041,-64.0006],[-60.8025,153.239,-80.4805],[[[-0.723178,-0.619719,-0.304897],[-0.191045,0.603723,-0.773964],[-0.663713,0.501465,0.554993]],[[-0.569371,-0.710441,-0.41363],[-0.531508,0.701973,-0.474061],[-0.627149,0.0500693,0.777288]],[[-0.569371,-0.710441,-0.41363],[-0.665141,0.693805,-0.276083],[-0.483119,-0.117929,0.867576]],[[-0.569371,-0.710441,-0.41363],[-0.816658,0.546498,0.185498],[-0.0942624,-0.443411,0.891348]]],0],[1831,[-0.556793,0.69452,0.455657],183,46.4576,[-60.2593,115.767,-2.10069],[-64.6302,118.405,-3.71139],[-47.1547,50.2063,-28.2195],false,[-109.835,129.329,-16.9803],[-69.3359,90.996,-33.3606],[-44.4312,100.852,-12.5151],[-55.0628,114.114,-3.81455],[-67.365,119.663,-3.61541],[[[-0.331695,-0.644733,0.688692],[-0.635937,-0.386413,-0.668034],[-0.696823,0.659548,0.281839]],[[-0.295032,-0.678139,0.673115],[0.611973,-0.675129,-0.411935],[-0.733788,-0.290394,-0.614188]],[[-0.295032,-0.678139,0.673115],[0.77649,0.240352,0.582489],[0.556793,-0.69452,-0.455657]],[[-0.295032,-0.678139,0.673115],[0.286773,0.609149,0.739391],[0.911437,-0.411175,-0.0147533]]],1],[1832,[-0.474735,0.82272,0.312664],183,52.9347,[-63.2152,117.061,5.38323],[-69.0158,119.135,3.96815],[-49.4931,45.3486,-28.6172],false,[-113.558,122.298,-11.3827],[-77.9656,81.4547,-21.5231],[-48.0041,95.2003,-2.46273],[-58.6688,113.682,4.56114],[-71.6659,120.838,4.04211],[[[-0.309484,-0.474314,0.824163],[-0.698003,-0.475276,-0.535635],[-0.645764,0.741039,0.183982]],[[-0.299915,-0.485206,0.821357],[0.539375,-0.796407,-0.273517],[-0.786846,-0.360987,-0.500562]],[[-0.299915,-0.485206,0.821357],[0.827453,0.296154,0.47709],[0.474735,-0.82272,-0.312664]],[[-0.299915,-0.485206,0.821357],[0.378906,0.729574,0.569343],[0.875489,-0.481971,0.0349624]]],2],[1833,[-0.38887,0.904745,0.173831],183,50.8981,[-71.0233,113.79,9.84706],[-77.2207,115.364,10.9572],[-54.5756,36.6897,-36.455],false,[-116.625,116.899,-3.92355],[-88.0395,76.6546,-7.39751],[-59.2357,89.2749,8.63129],[-67.7459,109.075,12.4355],[-79.8579,117.311,10.611],[[[-0.347636,-0.322908,0.880273],[-0.73856,-0.484084,-0.469246],[-0.577649,0.813261,0.070202]],[[-0.349976,-0.319606,0.88055],[0.45998,-0.877502,-0.13568],[-0.816048,-0.357551,-0.454117]],[[-0.349976,-0.319606,0.88055],[0.85223,0.281583,0.440924],[0.38887,-0.904745,-0.173831]],[[-0.349976,-0.319606,0.88055],[0.451847,0.765821,0.457551],[0.82058,-0.558006,0.123606]]],3],[1834,[0.887546,-0.24777,0.388424],183,39.9032,[-50.0575,60.3226,22.1113],[-49.0298,59.4417,27.9584],[-2.69468,47.6875,-9.6126],false,[-117.289,115.222,7.17426],[-95.4742,74.9454,7.70002],[-72.5252,62.8987,18.1166],[-58.8114,59.0703,24.1182],[-46.3955,57.344,29.4368],[[[-0.285314,-0.142158,0.947833],[-0.831752,-0.45465,-0.318561],[-0.476219,0.879252,-0.0114776]],[[-0.385862,0.0609081,0.920544],[-0.41971,-0.900168,-0.116368],[-0.821556,0.431263,-0.372904]],[[-0.385862,0.0609081,0.920544],[-0.251741,-0.966902,-0.0415463],[-0.887546,0.24777,-0.388424]],[[-0.385862,0.0609081,0.920544],[-0.140497,-0.990059,0.00661596],[-0.911796,0.126781,-0.390583]]],4]],[[0,200,0],[235.247,235.247,147.751]]],[180204,7424562675,[[182,"right",[0.172942,-0.800368,-0.574023],[-0.97791,-0.209,-0.00321469],[38.0822,134.217,20.1966],[-8.18182,4.35592,3.23027],[40.7522,133.36,15.8996],0,0,0.48326,[[-0.225632,-0.953507,0.199788],[0.903683,-0.281458,-0.322705],[0.363934,0.107732,0.925174]],58.3378,[124.181,197.322,283],[34.2192,170.691,54.3029]],[183,"left",[0.536755,-0.80471,-0.253646],[0.728512,0.290362,0.620452],[-87.3293,97.4668,-12.7923],[-18.0918,17.0914,-30.5407],[-83.9479,96.768,-13.4048],0,0.412784,0.378063,[[0.0291275,-0.889215,0.456562],[-0.686188,-0.349918,-0.637733],[-0.726841,0.294712,0.620361]],50.3384,[-270.31,190.548,132.701],[-115.276,127.686,0.379496]]],[[1820,[0.00495993,-0.146738,-0.989163],182,47.7143,[21.1873,166.905,-54.239],[21.4883,168.997,-53.9139],[-14.8644,31,-1.43309],false,[20.9439,185.798,34.6979],[20.9439,185.798,34.6979],[17.9329,168.648,-7.5565],[18.0877,164.068,-38.4339],[21.1175,170.983,-58.4865],[[[0.955657,-0.195349,0.220361],[0.275361,0.858036,-0.433533],[-0.104387,0.474988,0.873779]],[[0.957772,-0.283679,0.0468849],[0.279877,0.882447,-0.378096],[0.0658843,0.375252,0.924579]],[[0.957772,-0.283679,0.0468849],[0.287484,0.947626,-0.139134],[-0.00495993,0.146738,0.989163]],[[0.957772,-0.283679,0.0468849],[0.250354,0.902977,0.349222],[-0.141403,-0.322737,0.935866]]],0],[1821,[-0.170333,0.73415,0.657276],182,53.8402,[6.924,143.867,10.539],[4.09504,146.302,10.2922],[-2.86973,9.26484,-9.72393],false,[41.0113,177.549,35.1783],[41.2837,129.189,-11.7047],[2.68458,121.692,-10.6981],[-1.08467,137.937,3.84667],[5.93554,149.218,12.1019],[[[0.144769,-0.688305,0.710829],[0.989457,0.103641,-0.101157],[-0.00404421,0.717979,0.696053]],[[0.144219,-0.641267,0.753643],[0.127249,-0.743263,-0.656786],[0.98133,0.190621,-0.0255917]],[[0.144219,-0.641267,0.753643],[-0.974776,-0.223161,-0.0033505],[0.170332,-0.73415,-0.657276]],[[0.144219,-0.641267,0.753643],[-0.881922,0.262119,0.391801],[-0.448793,-0.721159,-0.527745]]],1],[1822,[-0.157423,0.7981,0.581597],182,61.3466,[6.96917,142.708,21.9131],[3.57488,144.426,22.3983],[-4.56552,8.03609,-6.22261],false,[44.17,169.648,42.5723],[45.6023,118.192,4.754],[1.84451,114.421,0.463037],[-2.25391,135.199,15.6046],[5.78532,147.318,24.7975],[[[-0.0279224,-0.592491,0.805093],[0.999359,0.00152106,0.0357794],[-0.0224236,0.805575,0.592069]],[[-0.0279276,-0.592302,0.805232],[0.126391,-0.801173,-0.584933],[0.991587,0.0854384,0.0972367]],[[-0.0279276,-0.592302,0.805232],[-0.987136,-0.110519,-0.115531],[0.157423,-0.7981,-0.581597]],[[-0.0279276,-0.592302,0.805232],[-0.883674,0.391183,0.257093],[-0.46727,-0.704382,-0.534327]]],2],[1823,[-0.212016,0.884142,0.416343],182,58.9864,[11.3489,138.604,33.3603],[6.72996,140.248,33.9796],[-13.6452,5.71144,-8.00028],false,[44.6981,162.412,51.1679],[46.9299,111.675,24.528],[6.82236,107.54,17.6322],[1.4452,129.964,28.1916],[8.57712,143.511,35.8209],[[[-0.106174,-0.465904,0.878442],[0.993586,-0.0151344,0.112064],[-0.0389162,0.884706,0.464522]],[[-0.107079,-0.44448,0.889366],[0.164845,-0.890065,-0.424983],[0.98049,0.1011,0.168578]],[[-0.107079,-0.44448,0.889366],[-0.971382,-0.143978,-0.18891],[0.212016,-0.884142,-0.416343]],[[-0.107079,-0.44448,0.889366],[-0.902609,0.418562,0.100512],[-0.41693,-0.791987,-0.446012]]],3],[1824,[-0.516106,-0.819758,-0.248257],182,46.2443,[19.6063,57.4109,10.2375],[17.3031,53.3745,28.7791],[-19.2943,6.62446,-2.40423],false,[38.9132,156.583,61.2842],[43.8478,106.884,43.2855],[34.2916,76.6032,36.9843],[25.0498,61.924,32.5388],[14.7312,50.8117,28.1709],[[[-0.272664,-0.351429,0.895629],[0.957609,-0.00919369,0.287926],[-0.0929514,0.936169,0.339039]],[[-0.287217,-0.107424,0.951823],[0.911244,-0.33688,0.236952],[0.295195,0.935399,0.194647]],[[-0.287217,-0.107424,0.951823],[0.806933,-0.562545,0.180006],[0.516106,0.819758,0.248257]],[[-0.287217,-0.107424,0.951823],[0.699972,-0.701864,0.132007],[0.653869,0.704164,0.276781]]],4],[1830,[0.488722,0.121796,-0.863896],183,41.1716,[-61.2244,150.94,-76.6723],[-62.9718,151.395,-77.5182],[-5.32567,34.2353,-5.81806],false,[-100.926,144.001,-10.354],[-100.926,144.001,-10.354],[-75.9025,142.21,-40.7794],[-62.7386,145.491,-64.0487],[-60.9571,153.683,-80.5273],[[[-0.718137,-0.6251,-0.305827],[-0.192729,0.60093,-0.775718],[-0.668682,0.49813,0.552024]],[[-0.558275,-0.717274,-0.41695],[-0.534475,0.69531,-0.480499],[-0.634559,0.0454008,0.77154]],[[-0.558275,-0.717274,-0.41695],[-0.670433,0.686064,-0.282552],[-0.488722,-0.121796,0.863896]],[[-0.558275,-0.717274,-0.41695],[-0.824042,0.537753,0.178259],[-0.0963556,-0.443102,0.891278]]],0],[1831,[-0.56192,0.691795,0.453504],183,46.4576,[-60.658,116.022,-2.24957],[-65.0924,118.808,-3.91995],[-37.3871,37.6565,-20.6419],false,[-110.354,129.414,-17.354],[-69.5528,91.319,-33.538],[-44.7574,101.362,-12.6511],[-55.487,114.571,-3.99168],[-67.8236,120.045,-3.82821],[[[-0.32947,-0.645576,0.688971],[-0.631358,-0.391929,-0.669162],[-0.702023,0.655457,0.278461]],[[-0.292333,-0.678947,0.673478],[0.617104,-0.671922,-0.409516],[-0.730564,-0.295891,-0.615406]],[[-0.292333,-0.678947,0.673478],[0.773814,0.245867,0.583748],[0.56192,-0.691795,-0.453504]],[[-0.292333,-0.678947,0.673478],[0.281352,0.612013,0.739108],[0.913993,-0.40555,-0.0121117]]],1],[1832,[-0.480177,0.820356,0.310558],183,52.9347,[-63.5089,117.186,5.31264],[-69.4957,119.533,3.75804],[-39.3696,34.9926,-20.8907],false,[-114.047,122.37,-11.7536],[-78.1544,81.7437,-21.7075],[-48.3291,95.7088,-2.59286],[-59.1161,114.138,4.3837],[-72.153,121.217,3.82772],[[[-0.308796,-0.474749,0.824171],[-0.69323,-0.480943,-0.536774],[-0.651213,0.737094,0.180597]],[[-0.298883,-0.485874,0.821337],[0.545127,-0.793361,-0.270954],[-0.783266,-0.366749,-0.501985]],[[-0.298883,-0.485874,0.821337],[0.824681,0.301567,0.478496],[0.480177,-0.820356,-0.310558]],[[-0.298883,-0.485874,0.821337],[0.373492,0.732463,0.569212],[0.878164,-0.476891,0.0374507]]],2],[1833,[-0.394268,0.90284,0.17156],183,50.8981,[-71.2622,113.863,9.88218],[-77.7052,115.735,10.7252],[-42.0662,29.8367,-25.6085],false,[-117.1,116.965,-4.29303],[-88.2384,76.9044,-7.60248],[-59.5654,89.7443,8.4863],[-68.1937,109.502,12.2408],[-80.3428,117.675,10.3776],[[[-0.348118,-0.32349,0.879868],[-0.733926,-0.489891,-0.470488],[-0.583238,0.809544,0.0668776]],[[-0.35043,-0.320275,0.880127],[0.466151,-0.874697,-0.132697],[-0.812343,-0.363771,-0.455816]],[[-0.35043,-0.320275,0.880127],[0.84956,0.286886,0.442656],[0.394268,-0.90284,-0.17156]],[[-0.35043,-0.320275,0.880127],[0.446897,0.768661,0.457649],[0.823093,-0.5537,0.126232]]],3],[1834,[0.885628,-0.248806,0.392121],183,39.9032,[-50.0162,60.1373,22.5978],[-49.3128,59.6736,27.9487],[-9.13974,32.699,-5.59705],false,[-117.786,115.305,6.80604],[-95.7067,75.1754,7.47618],[-72.7619,63.2176,18.0038],[-59.0778,59.3732,24.0626],[-46.6914,57.5959,29.4329],[[[-0.287199,-0.142199,0.947257],[-0.827762,-0.460783,-0.32014],[-0.482003,0.876047,-0.0146294]],[[-0.389604,0.0614449,0.918931],[-0.416534,-0.901649,-0.116311],[-0.821406,0.428081,-0.37688]],[[-0.389604,0.0614449,0.918931],[-0.252729,-0.966602,-0.0425184],[-0.885628,0.248806,-0.392121]],[[-0.389604,0.0614449,0.918931],[-0.144172,-0.98954,0.00504096],[-0.909628,0.13052,-0.394387]]],4]],[[0,200,0],[235.247,235.247,147.751]]],[180205,7424579970,[[182,"right",[0.173895,-0.800571,-0.573452],[-0.977977,-0.208648,-0.00527996],[38.0857,134.261,20.2246],[-4.32161,3.52533,2.48652],[40.6693,133.388,16.0341],0,0,0.493612,[[-0.228259,-0.952563,0.2013],[0.902899,-0.284461,-0.322267],[0.364241,0.108193,0.924999]],58.3378,[124.2,197.49,282.967],[34.162,170.745,54.3134]],[183,"left",[0.538529,-0.8037,-0.253086],[0.728581,0.293271,0.619001],[-87.7104,97.7955,-13.0085],[-19.9085,17.9724,-22.2355],[-84.0593,96.7984,-13.3931],0,0.40838,0.399748,[[0.0315833,-0.888906,0.456999],[-0.687199,-0.351325,-0.635868],[-0.725783,0.293966,0.621951]],50.3384,[-270.528,190.665,132.814],[-115.719,127.962,0.152818]]],[[1820,[0.00255036,-0.142799,-0.989748],182,47.7143,[20.9699,167.503,-54.1662],[21.2708,169.265,-53.9227],[-14.9301,25.6051,-1.33926],false,[20.9347,185.852,34.676],[20.9347,185.852,34.676],[17.7543,168.765,-7.59132],[17.8339,164.307,-38.487],[20.8563,171.345,-58.4982],[[[0.955107,-0.19564,0.222476],[0.276608,0.85783,-0.433146],[-0.106106,0.47524,0.873435]],[[0.95708,-0.286495,0.0438012],[0.281345,0.88212,-0.377769],[0.069591,0.373879,0.924863]],[[0.95708,-0.286495,0.0438012],[0.289813,0.94738,-0.13594],[-0.00255036,0.142799,0.989748]],[[0.95708,-0.286495,0.0438012],[0.253183,0.900031,0.354744],[-0.141055,-0.328429,0.933937]]],0],[1821,[-0.171641,0.734988,0.655997],182,53.8402,[6.89322,143.901,10.5341],[4.12801,146.372,10.2271],[-0.839438,6.81635,-7.15405],false,[40.9981,177.596,35.2019],[41.3545,129.225,-11.6685],[2.75164,121.735,-10.7428],[-1.04657,138,3.77364],[5.95875,149.288,12.0307],[[[0.142981,-0.688183,0.711309],[0.989711,0.10326,-0.099041],[-0.0052911,0.718151,0.695867]],[[0.142342,-0.64039,0.754745],[0.128637,-0.744074,-0.655596],[0.981423,0.190407,-0.023535]],[[0.142342,-0.64039,0.754745],[-0.974822,-0.222921,-0.00529792],[0.171641,-0.734988,-0.655997]],[[0.142342,-0.64039,0.754745],[-0.88271,0.262869,0.389516],[-0.447841,-0.721665,-0.527861]]],1],[1822,[-0.157572,0.798208,0.581408],182,61.3466,[6.90408,142.749,21.9291],[3.60463,144.49,22.3682],[-1.6449,6.04421,-4.14279],false,[44.1379,169.695,42.6047],[45.6335,118.229,4.80216],[1.88131,114.49,0.427319],[-2.22098,135.27,15.564],[5.81543,147.38,24.7714],[[[-0.0298787,-0.592284,0.805175],[0.999279,0.00116928,0.0379417],[-0.0234137,0.805729,0.591822]],[[-0.0298769,-0.592347,0.805129],[0.126952,-0.801214,-0.584756],[0.991459,0.0847421,0.0991374]],[[-0.0298769,-0.592347,0.805129],[-0.987056,-0.109495,-0.117185],[0.157572,-0.798208,-0.581408]],[[-0.0298769,-0.592347,0.805129],[-0.883697,0.39207,0.25566],[-0.467106,-0.703851,-0.535169]]],2],[1823,[-0.212984,0.884332,0.415446],182,58.9864,[11.2102,138.662,33.3807],[6.70243,140.305,33.9333],[-8.33417,4.45837,-5.69562],false,[44.6448,162.462,51.2032],[46.9159,111.717,24.5806],[6.8236,107.584,17.5951],[1.42188,130.013,28.1317],[8.53672,143.564,35.7716],[[[-0.108243,-0.46565,0.878324],[0.993335,-0.0154654,0.114218],[-0.0396017,0.884834,0.464221]],[[-0.10917,-0.444078,0.889312],[0.16569,-0.890273,-0.424218],[0.980117,0.101038,0.170771]],[[-0.10917,-0.444078,0.889312],[-0.970937,-0.144055,-0.191125],[0.212984,-0.884332,-0.415446]],[[-0.10917,-0.444078,0.889312],[-0.90282,0.418651,0.0982249],[-0.415931,-0.792165,-0.446627]]],3],[1824,[-0.516098,-0.819586,-0.24884],182,46.2443,[19.4848,57.2196,11.1466],[17.2599,53.4266,28.8094],[-11.3485,4.93403,-0.473974],false,[38.8359,156.637,61.3083],[43.7914,106.932,43.3325],[34.2616,76.6411,37.0386],[25.02,61.965,32.5827],[14.6944,50.8658,28.198],[[[-0.274729,-0.351111,0.895123],[0.95698,-0.00946856,0.29],[-0.0933466,0.936286,0.338608]],[[-0.289325,-0.106633,0.951273],[0.910841,-0.336287,0.239332],[0.29438,0.935703,0.194422]],[[-0.289325,-0.106633,0.951273],[0.806185,-0.562945,0.182094],[0.516098,0.819586,0.24884]],[[-0.289325,-0.106633,0.951273],[0.698689,-0.702818,0.133721],[0.654312,0.703333,0.277846]]],4],[1830,[0.490603,0.124741,-0.862408],183,41.1716,[-61.4415,151.566,-76.7581],[-63.2567,151.865,-77.6401],[-11.7604,32.1688,-6.42344],false,[-101.426,144.297,-10.6262],[-101.426,144.297,-10.6262],[-76.2657,142.635,-40.9456],[-63.0512,145.995,-64.1748],[-61.2973,154.201,-80.6498],[[[-0.7169,-0.627476,-0.303855],[-0.195357,0.599178,-0.776416],[-0.669246,0.497252,0.552132]],[[-0.55159,-0.721717,-0.418178],[-0.53727,0.690904,-0.483728],[-0.638035,0.0421447,0.768853]],[[-0.55159,-0.721717,-0.418178],[-0.674579,0.680855,-0.285271],[-0.490603,-0.124741,0.862408]],[[-0.55159,-0.721717,-0.418178],[-0.828704,0.531182,0.176339],[-0.0948615,-0.443813,0.891085]]],0],[1831,[-0.561418,0.691348,0.454805],183,46.4576,[-61.0222,116.266,-2.39521],[-65.4687,119.196,-4.18339],[-29.5583,30.471,-17.94],false,[-110.825,129.675,-17.59],[-69.9458,91.6613,-33.7684],[-45.1133,101.766,-12.9557],[-55.8333,114.967,-4.27141],[-68.1779,120.422,-4.07646],[[[-0.326839,-0.645336,0.690447],[-0.631227,-0.39466,-0.66768],[-0.70337,0.654053,0.278363]],[[-0.289335,-0.678893,0.674826],[0.617223,-0.671166,-0.410575],[-0.731656,-0.297724,-0.61322]],[[-0.289335,-0.678893,0.674826],[0.775304,0.247268,0.581174],[0.561418,-0.691348,-0.454805]],[[-0.289335,-0.678893,0.674826],[0.282529,0.613005,0.737836],[0.914583,-0.404139,-0.0144433]]],1],[1832,[-0.48157,0.81965,0.310264],183,52.9347,[-63.8069,117.324,5.23267],[-69.8976,119.936,3.49236],[-31.9702,29.5966,-18.3533],false,[-114.492,122.629,-11.9735],[-78.5062,82.0823,-21.9109],[-48.6875,96.1508,-2.86196],[-59.5058,114.564,4.108],[-72.5598,121.613,3.56465],[[[-0.306432,-0.47424,0.825346],[-0.692684,-0.483624,-0.535066],[-0.652907,0.735666,0.1803]],[[-0.29638,-0.485469,0.822483],[0.546739,-0.792349,-0.270666],[-0.783093,-0.369464,-0.500262]],[[-0.29638,-0.485469,0.822483],[0.824772,0.304127,0.476716],[0.48157,-0.81965,-0.310264]],[[-0.29638,-0.485469,0.822483],[0.372764,0.734074,0.567611],[0.879321,-0.47482,0.0366001]]],2],[1833,[-0.395666,0.902312,0.171119],183,50.8981,[-71.5084,113.95,9.9074],[-78.0844,116.137,10.4792],[-32.666,26.9397,-20.2542],false,[-117.521,117.229,-4.50009],[-88.5584,77.2391,-7.7846],[-59.8969,90.1791,8.24428],[-68.5558,109.926,11.9891],[-80.7208,118.078,10.1388],[[[-0.346078,-0.322995,0.880854],[-0.733268,-0.492573,-0.468711],[-0.585277,0.808113,0.0663735]],[[-0.348351,-0.31985,0.881106],[0.468271,-0.873667,-0.132016],[-0.812018,-0.366608,-0.454119]],[[-0.348351,-0.31985,0.881106],[0.849764,0.289014,0.440875],[0.395666,-0.902312,-0.171119]],[[-0.348351,-0.31985,0.881106],[0.446524,0.769856,0.456002],[0.824177,-0.552284,0.125359]]],3],[1834,[0.885028,-0.251646,0.391664],183,39.9032,[-50.0013,59.9758,23.0642],[-49.6104,59.8938,27.7741],[-13.0025,24.4601,-7.86066],false,[-118.188,115.585,6.60253],[-96.0018,75.5146,7.3069],[-73.0504,63.5688,17.8339],[-59.3756,59.6805,23.8856],[-46.9962,57.8366,29.2496],[[[-0.285545,-0.141437,0.947871],[-0.826977,-0.463471,-0.318283],[-0.484328,0.874751,-0.0153766]],[[-0.388917,0.0627456,0.919134],[-0.416715,-0.901764,-0.114766],[-0.82164,0.427651,-0.376858]],[[-0.388917,0.0627456,0.919134],[-0.255871,-0.965783,-0.0423376],[-0.885028,0.251646,-0.391664]],[[-0.388917,0.0627456,0.919134],[-0.149182,-0.9888,0.00437727],[-0.909114,0.135416,-0.393921]]],4]],[[0,200,0],[235.247,235.247,147.751]]],[180206,7424588686,[[182,"right",[0.176978,-0.799621,-0.573834],[-0.977844,-0.209086,-0.0102235],[38.0151,134.304,20.3217],[-5.33093,3.91795,4.79923],[40.6322,133.401,16.094],0,0,0.496975,[[-0.232695,-0.950871,0.204198],[0.901234,-0.289744,-0.32222],[0.365555,0.109052,0.924379]],58.3378,[124.276,197.692,282.948],[33.9133,170.735,54.4468]],[183,"left",[0.539362,-0.802907,-0.253831],[0.729035,0.294382,0.617938],[-88.0104,98.058,-13.341],[-23.786,21.2176,-26.4882],[-84.1167,96.8167,-13.3923],0,0.405943,0.405946,[[0.033108,-0.889075,0.456563],[-0.68823,-0.351532,-0.634638],[-0.724737,0.293208,0.623526]],50.3384,[-270.63,190.725,132.857],[-116.045,128.184,-0.140522]]],[[1820,[0.00405566,-0.139828,-0.990167],182,47.7143,[20.8738,167.778,-54.1288],[21.2636,169.499,-53.849],[-12.4057,25.8246,0.964019],false,[20.772,185.865,34.7699],[20.772,185.865,34.7699],[17.6284,168.862,-7.5338],[17.755,164.497,-38.4425],[20.8178,171.587,-58.4291],[[[0.954134,-0.195541,0.226697],[0.278256,0.858612,-0.430533],[-0.110458,0.473866,0.873642]],[[0.956683,-0.287702,0.0445468],[0.282888,0.882498,-0.375727],[0.0687851,0.372054,0.925659]],[[0.956683,-0.287702,0.0445468],[0.291102,0.947457,-0.132604],[-0.00405566,0.139828,0.990168]],[[0.956683,-0.287702,0.0445468],[0.253624,0.898746,0.357673],[-0.14294,-0.330882,0.932784]]],0],[1821,[-0.175094,0.734385,0.65576],182,53.8402,[6.8794,143.916,10.5317],[4.10344,146.428,10.171],[-1.4663,6.72515,-7.05095],false,[40.8365,177.618,35.3782],[41.437,129.318,-11.5632],[2.83419,121.808,-10.8288],[-1.04042,138.059,3.68234],[5.92086,149.344,11.9813],[[[0.139934,-0.689196,0.710935],[0.990121,0.103862,-0.0942002],[-0.00891649,0.717093,0.69692]],[[0.139053,-0.640927,0.754902],[0.132174,-0.743475,-0.655572],[0.981425,0.190938,-0.0186689]],[[0.139053,-0.640927,0.754902],[-0.974683,-0.223364,-0.0101036],[0.175094,-0.734385,-0.65576]],[[0.139053,-0.640927,0.754902],[-0.884656,0.262177,0.385548],[-0.445026,-0.72144,-0.530543]]],1],[1822,[-0.160534,0.797206,0.581971],182,61.3466,[6.87348,142.768,21.936],[3.52662,144.516,22.3236],[-3.68777,5.18357,-4.37604],false,[43.9449,169.707,42.7838],[45.6432,118.3,4.91091],[1.91351,114.55,0.325136],[-2.26591,135.305,15.4765],[5.72369,147.402,24.7407],[[[-0.0334131,-0.593517,0.804127],[0.999088,0.00156813,0.0426715],[-0.0265873,0.80482,0.592924]],[[-0.0334081,-0.593669,0.804015],[0.130011,-0.80021,-0.585458],[0.99095,0.0849721,0.103917]],[[-0.0334081,-0.593669,0.804015],[-0.986465,-0.109629,-0.121937],[0.160534,-0.797206,-0.581971]],[[-0.0334081,-0.593669,0.804015],[-0.885003,0.391361,0.252201],[-0.464384,-0.703131,-0.538474]]],2],[1823,[-0.21575,0.883609,0.415556],182,58.9864,[11.1429,138.689,33.3894],[6.56017,140.311,33.8857],[-10.7269,3.29441,-5.76648],false,[44.4145,162.461,51.3736],[46.8351,111.758,24.6853],[6.78,107.607,17.4998],[1.30814,130.017,28.0392],[8.37499,143.563,35.7317],[[[-0.112181,-0.467031,0.877096],[0.992791,-0.0151849,0.118893],[-0.0422081,0.884111,0.465367]],[[-0.113177,-0.44534,0.88818],[0.168363,-0.889592,-0.424594],[0.979206,0.101483,0.17566]],[[-0.113177,-0.44534,0.88818],[-0.969868,-0.144593,-0.196086],[0.21575,-0.883609,-0.415556]],[[-0.113177,-0.44534,0.88818],[-0.903614,0.417826,0.0943574],[-0.413125,-0.791893,-0.449704]]],3],[1824,[-0.514645,-0.819433,-0.25233],182,46.2443,[19.4266,57.1307,11.5684],[17.1918,53.4456,28.7042],[-10.1817,4.12714,-3.6027],false,[38.5605