{"metadata":{"formatVersion":2,"generatedBy":"LeapJS Playback 0.2.1","frames":428,"frameRate":"1.1e+2","modified":"Sun Apr 12 2015 21:46:31 GMT-0300 (E. South America Standard Time)","title":"tchau"},"frames":[["id","timestamp",{"hands":[["id","type","direction","palmNormal","palmPosition","palmVelocity","stabilizedPalmPosition","pinchStrength","grabStrength","confidence","armBasis","armWidth","elbow","wrist"]]},{"pointables":[["id","direction","handId","length","stabilizedTipPosition","tipPosition","tipVelocity","tool","carpPosition","mcpPosition","pipPosition","dipPosition","btipPosition","bases","type"]]},{"interactionBox":["center","size"]}],[176893,7378727157,[[180,"right",[0.00895071,0.903507,-0.428479],[-0.0486492,-0.427595,-0.90266],[-2.05113,115.383,13.8744],[-7.4183,-64.349,-43.2987],[-13.0342,122.415,34.8212],0,0,0.257961,[[0.953568,0.0116002,-0.300955],[0.034555,0.988445,0.147586],[0.299189,-0.151133,0.942149]],55.6024,[74.844,38.6209,259.174],[4.354,74.2283,37.2004]]],[[1800,[-0.671424,0.712786,-0.202797],180,45.477,[-78.2881,136.917,11.7587],[-78.7805,132.612,10.6678],[-18.6437,-87.3055,-23.5047],false,[-20.977,68.2202,30.9713],[-20.977,68.2202,30.9713],[-47.4685,100.725,19.1818],[-67.4447,121.931,13.1482],[-81.3984,136.335,9.28808],[[[0.447164,0.547117,0.707606],[-0.785545,-0.138102,0.603197],[0.427741,-0.825585,0.368031]],[[0.422291,0.592874,0.68569],[-0.672147,-0.302729,0.675702],[0.608184,-0.746228,0.270659]],[[0.422291,0.592874,0.68569],[-0.608983,-0.374749,0.699073],[0.671424,-0.712786,0.202797]],[[0.422291,0.592874,0.68569],[-0.595669,-0.388686,0.702924],[0.683264,-0.705282,0.189018]]],0],[1801,[-0.254554,0.907507,-0.334115],180,51.3157,[-40.8236,201.302,-15.6362],[-42.3048,200.644,-15.0379],[-13.6055,-40.6212,32.0438],false,[-13.0341,83.7487,42.0895],[-23.5838,136.532,7.10457],[-32.9593,171.196,-3.66164],[-38.3282,190.337,-10.7085],[-42.1736,203.616,-16.2893],[[[0.9861,0.123187,-0.1115],[0.0245437,0.555709,0.831015],[0.164332,-0.8222,0.544961]],[[0.963517,0.208464,-0.167859],[0.0953447,0.318684,0.943053],[0.250087,-0.924653,0.287182]],[[0.963517,0.208464,-0.167859],[0.0826827,0.364655,0.927464],[0.254554,-0.907507,0.334115]],[[0.963517,0.208464,-0.167859],[0.0714803,0.403963,0.911978],[0.257924,-0.890706,0.374324]]],1],[1802,[-0.0904938,0.899841,-0.426729],180,58.4702,[-9.42426,211.223,-24.5819],[-10.4124,209.485,-24.6559],[-48.2836,-34.4331,25.2255],false,[-2.60084,86.3062,41.8587],[-4.29656,136.869,7.99326],[-7.7104,175.493,-8.30301],[-9.95589,197.822,-18.8918],[-11.5669,212.298,-26.4234],[[[0.980506,-0.08558,-0.176872],[0.194504,0.550349,0.811963],[0.0278536,-0.830537,0.556266]],[[0.973898,-0.00960586,-0.226784],[0.21198,0.395747,0.893559],[0.0811659,-0.918309,0.387454]],[[0.973898,-0.00960586,-0.226784],[0.208169,0.436113,0.875483],[0.0904938,-0.899841,0.426729]],[[0.973898,-0.00960586,-0.226784],[0.204624,0.469594,0.858843],[0.0982466,-0.88283,0.459302]]],2],[1803,[0.115015,0.943936,-0.309446],180,56.2206,[26.2308,203.619,-14.2245],[24.8614,202.83,-13.6257],[-66.8315,-22.6553,27.8424],false,[7.9915,86.4202,40.2116],[14.7003,131.232,9.6399],[19.588,168.461,-0.853234],[22.3683,191.279,-8.33345],[24.0919,206.487,-13.95],[[[0.956447,-0.24811,-0.153788],[0.264849,0.516072,0.81457],[-0.122738,-0.819824,0.559307]],[[0.963175,-0.182184,-0.197743],[0.237859,0.234439,0.942582],[-0.125365,-0.954907,0.26914]],[[0.963175,-0.182184,-0.197743],[0.243033,0.275308,0.930129],[-0.115015,-0.943936,0.309446]],[[0.963175,-0.182184,-0.197743],[0.247219,0.310903,0.917726],[-0.105717,-0.932817,0.344494]]],3],[1804,[0.442848,0.828135,-0.343624],180,44.0759,[58.64,173.713,-9.79579],[58.2838,172.472,-10.629],[-28.3013,-25.8056,-18.1373],false,[18.0129,81.487,34.783],[31.2926,122.703,8.60953],[45.3449,148.517,-0.781117],[52.903,162.651,-6.64578],[59.3897,174.978,-12.3202],[[[0.878817,-0.423165,-0.220483],[0.398496,0.396729,0.826926],[-0.262454,-0.814578,0.517281]],[[0.841924,-0.515876,-0.158225],[0.289384,0.18418,0.939327],[-0.455434,-0.83663,0.304351]],[[0.841924,-0.515876,-0.158225],[0.308299,0.219236,0.925682],[-0.442848,-0.828135,0.343624]],[[0.841924,-0.515876,-0.158225],[0.324297,0.249391,0.912489],[-0.431271,-0.819559,0.377265]]],4]],[[0,200,0],[235.247,235.247,147.751]]],[176894,7378735861,[[180,"right",[0.00540331,0.9055,-0.424311],[-0.0522041,-0.423483,-0.904398],[-2.28622,114.906,13.4654],[-12.647,-61.7848,-44.2838],[-12.7118,122.19,34.1806],0,0,0.262891,[[0.952769,0.0133001,-0.303403],[0.0334421,0.98837,0.148344],[0.301848,-0.151484,0.941244]],55.6024,[75.4148,37.9648,258.33],[4.29844,73.655,36.5693]]],[[1800,[-0.674989,0.710826,-0.197776],180,45.477,[-78.3426,135.979,11.4062],[-79.0934,131.971,10.5479],[-24.9183,-85.9999,-21.8591],false,[-21.0517,67.6327,30.4321],[-21.0517,67.6327,30.4321],[-47.7149,100.071,18.8498],[-67.7972,121.22,12.9656],[-81.7696,135.616,9.14665],[[[0.44959,0.544588,0.708021],[-0.782447,-0.142237,0.606255],[0.430866,-0.826555,0.362163]],[[0.423269,0.592608,0.685317],[-0.66794,-0.306952,0.677965],[0.612127,-0.744712,0.265903]],[[0.423269,0.592608,0.685317],[-0.604345,-0.378869,0.700875],[0.674989,-0.710826,0.197776]],[[0.423269,0.592608,0.685317],[-0.593917,-0.389731,0.703827],[0.684183,-0.704929,0.186999]]],0],[1801,[-0.255977,0.909143,-0.328534],180,51.3157,[-41.056,201.001,-15.4172],[-42.7023,200.269,-14.8582],[-22.1575,-41.2568,29.0946],false,[-13.0823,83.123,41.5848],[-23.8862,136.05,6.89583],[-33.3086,170.766,-3.66031],[-38.7075,189.941,-10.5895],[-42.5763,203.248,-16.0876],[[[0.985352,0.125382,-0.115587],[0.0275444,0.551887,0.833464],[0.168292,-0.824439,0.54035]],[[0.962831,0.209472,-0.170524],[0.0989285,0.313971,0.944264],[0.251336,-0.926037,0.281578]],[[0.962831,0.209472,-0.170524],[0.0862119,0.359973,0.928971],[0.255977,-0.909143,0.328534]],[[0.962831,0.209472,-0.170524],[0.0749542,0.399321,0.913742],[0.259497,-0.892561,0.368778]]],1],[1802,[-0.0942989,0.901544,-0.422286],180,58.4702,[-10.5695,209.977,-24.6064],[-11.0223,209.164,-24.5992],[-53.6696,-35.1054,20.2912],false,[-2.65456,85.6992,41.3165],[-4.59559,136.416,7.69489],[-8.16205,175.107,-8.40937],[-10.502,197.477,-18.8879],[-12.1777,211.983,-26.3484],[[[0.9798,-0.0830887,-0.181901],[0.197421,0.546905,0.813585],[0.0318829,-0.833061,0.552261]],[[0.9728,-0.00670591,-0.231548],[0.215568,0.392108,0.894305],[0.0847949,-0.919895,0.382889]],[[0.9728,-0.00670591,-0.231548],[0.211583,0.432635,0.87639],[0.0942989,-0.901544,0.422286]],[[0.9728,-0.00670591,-0.231548],[0.207885,0.466254,0.859879],[0.102194,-0.884626,0.454966]]],2],[1803,[0.109478,0.945712,-0.306012],180,56.2206,[25.3518,203.367,-13.8367],[24.1668,202.568,-13.7125],[-70.2217,-25.6601,16.0418],false,[7.92966,85.839,39.6199],[14.4183,130.803,9.2255],[19.1026,168.101,-1.11738],[21.749,190.962,-8.51457],[23.3778,206.199,-14.081],[[[0.956124,-0.245765,-0.159459],[0.267835,0.512736,0.8157],[-0.11871,-0.822619,0.556063]],[[0.962633,-0.177592,-0.204449],[0.2427,0.230809,0.942244],[-0.120146,-0.956655,0.265286]],[[0.962633,-0.177592,-0.204449],[0.247695,0.272194,0.929816],[-0.109478,-0.945712,0.306012]],[[0.962633,-0.177592,-0.204449],[0.251708,0.308235,0.917406],[-0.0999055,-0.934587,0.341419]]],3],[1804,[0.439754,0.830422,-0.342074],180,44.0759,[58.4826,173.471,-10.0144],[57.8309,172.208,-11.0749],[-34.6451,-26.9671,-26.8191],false,[17.9336,80.9481,34.1211],[31.0199,122.308,8.07706],[44.982,148.188,-1.26689],[52.4873,162.36,-7.10511],[58.9253,174.724,-12.7557],[[[0.878473,-0.42064,-0.2266],[0.40174,0.393564,0.826869],[-0.258633,-0.817416,0.514723]],[[0.842031,-0.513704,-0.164599],[0.293628,0.180516,0.938721],[-0.452512,-0.838762,0.302838]],[[0.842031,-0.513704,-0.164599],[0.312411,0.215654,0.925145],[-0.439754,-0.830422,0.342074]],[[0.842031,-0.513704,-0.164599],[0.328287,0.245884,0.912013],[-0.428033,-0.821979,0.375684]]],4]],[[0,200,0],[235.247,235.247,147.751]]],[176895,7378744582,[[180,"right",[0.00334798,0.906243,-0.422743],[-0.0518633,-0.422019,-0.905102],[-2.40403,114.466,13.3261],[-12.8774,-58.7545,-36.7145],[-12.394,121.952,33.5377],0,0,0.266378,[[0.95203,0.0159897,-0.305588],[0.0315396,0.988188,0.149965],[0.304376,-0.152409,0.94028]],55.6319,[76.03,37.2392,258.018],[4.27992,73.1664,36.367]]],[[1800,[-0.678278,0.707702,-0.197729],180,45.5011,[-78.4526,135.02,11.0445],[-79.291,131.316,10.3052],[-27.2096,-85.3825,-24.5975],false,[-21.075,67.1007,30.2303],[-21.075,67.1007,30.2303],[-47.8764,99.4439,18.6136],[-68.0672,120.511,12.7277],[-82.0683,134.88,8.85411],[[[0.448895,0.544261,0.708713],[-0.781819,-0.144858,0.606445],[0.432727,-0.826315,0.360487]],[[0.420987,0.594816,0.68481],[-0.666767,-0.308926,0.678223],[0.614973,-0.742132,0.26655]],[[0.420987,0.594816,0.68481],[-0.602254,-0.38125,0.701384],[0.678278,-0.707702,0.197729]],[[0.420987,0.594816,0.68481],[-0.594341,-0.389438,0.703631],[0.685222,-0.70323,0.189575]]],0],[1801,[-0.2566,0.909633,-0.326687],180,51.343,[-41.2814,200.684,-15.2552],[-42.9077,199.828,-14.8255],[-23.2575,-42.3471,22.0468],false,[-13.1262,82.5958,41.4113],[-24.0616,135.589,6.80187],[-33.5132,170.338,-3.6907],[-38.9281,189.533,-10.5846],[-42.808,202.856,-16.0581],[[[0.985034,0.127559,-0.11592],[0.0269061,0.550496,0.834404],[0.170249,-0.825035,0.538825]],[[0.962701,0.210536,-0.169944],[0.0985452,0.312123,0.944917],[0.251983,-0.92642,0.279734]],[[0.962701,0.210536,-0.169944],[0.0858071,0.358109,0.929728],[0.2566,-0.909633,0.326687]],[[0.962701,0.210536,-0.169944],[0.074531,0.397452,0.914591],[0.260099,-0.893144,0.366936]]],1],[1802,[-0.0965842,0.901985,-0.420825],180,58.5012,[-11.4379,209.05,-24.6216],[-11.3811,208.765,-24.5809],[-50.0776,-36.4531,14.8202],false,[-2.69826,85.1948,41.1415],[-4.76104,135.993,7.59119],[-8.4254,174.722,-8.45599],[-10.8233,197.116,-18.9038],[-12.5374,211.637,-26.3456],[[[0.979862,-0.0808065,-0.182593],[0.196782,0.545889,0.814421],[0.0338649,-0.833952,0.550797]],[[0.972657,-0.00418627,-0.232209],[0.215305,0.391123,0.8948],[0.0870762,-0.920329,0.381329]],[[0.972657,-0.00418627,-0.232209],[0.211211,0.431746,0.876918],[0.0965842,-0.901985,0.420825]],[[0.972657,-0.00418627,-0.232209],[0.207419,0.465444,0.86043],[0.104478,-0.885067,0.453586]]],2],[1803,[0.100631,0.946731,-0.305899],180,56.2504,[24.3498,203.067,-13.5438],[23.4212,202.291,-13.6941],[-76.0608,-27.1064,8.23715],false,[7.89031,85.3588,39.4383],[14.2751,130.413,9.10223],[18.6248,167.776,-1.226],[21.0586,190.674,-8.62439],[22.5413,205.933,-14.1972],[[[0.956525,-0.243569,-0.16042],[0.267265,0.511858,0.816438],[-0.116746,-0.823818,0.554702]],[[0.963099,-0.169836,-0.208798],[0.244963,0.231717,0.941435],[-0.111507,-0.957843,0.26477]],[[0.963099,-0.169836,-0.208798],[0.249628,0.273599,0.928886],[-0.100631,-0.946731,0.305899]],[[0.963099,-0.169836,-0.208798],[0.253336,0.310043,0.916348],[-0.0908924,-0.93543,0.341627]]],3],[1804,[0.437833,0.83185,-0.341069],180,44.0993,[58.3119,173.221,-10.2237],[57.5797,171.928,-11.1642],[-32.075,-27.4011,-22.6704],false,[17.9062,80.495,33.9225],[30.9018,121.948,7.92915],[44.8122,147.884,-1.38891],[52.2887,162.089,-7.21306],[58.7012,174.481,-12.8515],[[[0.879187,-0.418483,-0.22782],[0.401414,0.392936,0.827326],[-0.256703,-0.818824,0.513449]],[[0.842966,-0.511729,-0.165959],[0.29389,0.179659,0.938803],[-0.450596,-0.840152,0.301839]],[[0.842966,-0.511729,-0.165959],[0.312588,0.214847,0.925273],[-0.437833,-0.83185,0.341069]],[[0.842966,-0.511729,-0.165959],[0.328388,0.24512,0.912183],[-0.42611,-0.823438,0.374673]]],4]],[[0,200,0],[235.247,235.247,147.751]]],[176896,7378753213,[[180,"right",[0.000853905,0.907087,-0.420943],[-0.0518981,-0.420336,-0.905883],[-2.59462,113.929,13.0393],[-15.3163,-59.678,-35.7909],[-12.0857,121.699,32.8929],0,0,0.266449,[[0.951292,0.0187156,-0.307724],[0.0294503,0.988074,0.151136],[0.306883,-0.152837,0.939395]],55.6319,[76.5481,36.5706,257.433],[4.20707,72.5986,35.9907]]],[[1800,[-0.680466,0.705399,-0.19844],180,45.5011,[-78.6056,134.053,10.6538],[-79.5383,130.566,9.93073],[-28.5243,-87.603,-30.9612],false,[-21.1408,66.4882,29.8694],[-21.1408,66.4882,29.8694],[-48.1013,98.7092,18.2815],[-68.3572,119.707,12.3743],[-82.3423,134.069,8.41473],[[[0.448441,0.54386,0.709308],[-0.780833,-0.147819,0.607001],[0.434973,-0.826054,0.358375]],[[0.419026,0.596732,0.684345],[-0.664622,-0.311937,0.67895],[0.618624,-0.739328,0.265892]],[[0.419026,0.596732,0.684345],[-0.601152,-0.382522,0.701636],[0.680466,-0.705399,0.19844]],[[0.419026,0.596732,0.684345],[-0.596629,-0.387188,0.702936],[0.684435,-0.702849,0.193786]]],0],[1801,[-0.257818,0.910074,-0.324492],180,51.343,[-41.5354,200.306,-15.1529],[-43.2333,199.283,-14.8976],[-27.2387,-47.8628,14.1336],false,[-13.2147,81.9789,41.0726],[-24.3066,135.016,6.58051],[-33.8039,169.777,-3.82959],[-39.2445,188.982,-10.6771],[-43.1425,202.313,-16.1181],[[[0.984618,0.130003,-0.116731],[0.0265758,0.548896,0.835468],[0.172687,-0.825719,0.536998]],[[0.962373,0.212046,-0.169925],[0.0986278,0.310118,0.945568],[0.253201,-0.926749,0.277535]],[[0.962373,0.212046,-0.169925],[0.0858375,0.356092,0.9305],[0.257818,-0.910074,0.324492]],[[0.962373,0.212046,-0.169925],[0.0745155,0.395431,0.915468],[0.261315,-0.893684,0.364751]]],1],[1802,[-0.0992888,0.902509,-0.41907],180,58.5012,[-12.119,208.323,-24.6867],[-11.8534,208.277,-24.6806],[-50.9187,-41.8436,7.85557],false,[-2.79291,84.6019,40.7967],[-5.00619,135.461,7.34977],[-8.78357,174.212,-8.61968],[-11.2486,196.619,-19.0239],[-13.0073,211.149,-26.4382],[[[0.979842,-0.078241,-0.183813],[0.196439,0.544711,0.815292],[0.0363355,-0.834966,0.549101]],[[0.972388,-0.00138441,-0.233366],[0.215417,0.389951,0.895284],[0.0897618,-0.920834,0.379482]],[[0.972388,-0.00138441,-0.233366],[0.211195,0.43067,0.877451],[0.0992888,-0.902509,0.41907]],[[0.972388,-0.00138441,-0.233366],[0.207294,0.464446,0.860999],[0.107194,-0.8856,0.451909]]],2],[1803,[0.0910725,0.948016,-0.304911],180,56.2504,[23.2477,202.698,-13.3924],[22.5326,201.933,-13.798],[-85.1481,-32.013,-0.151609],false,[7.79341,84.793,39.0824],[14.044,129.921,8.82912],[18.0242,167.335,-1.46634],[20.2268,190.264,-8.84085],[21.5527,205.544,-14.395],[[[0.956895,-0.241099,-0.161938],[0.267001,0.510835,0.817165],[-0.114294,-0.825178,0.553189]],[[0.963432,-0.161358,-0.213923],[0.247767,0.232451,0.94052],[-0.102033,-0.95913,0.26393]],[[0.963432,-0.161358,-0.213923],[0.252002,0.274279,0.928044],[-0.0910725,-0.948016,0.304911]],[[0.963432,-0.161358,-0.213923],[0.255328,0.310649,0.91559],[-0.0812824,-0.936729,0.340489]]],3],[1804,[0.435535,0.833465,-0.340067],180,44.0993,[58.1133,172.952,-10.4423],[57.2289,171.571,-11.4167],[-34.3096,-31.0826,-24.2911],false,[17.8142,79.9627,33.5462],[30.6884,121.496,7.62123],[44.5286,147.481,-1.6662],[51.9659,161.714,-7.47324],[58.3435,174.13,-13.0964],[[[0.879877,-0.416052,-0.229603],[0.401429,0.392193,0.827671],[-0.254306,-0.820418,0.512097]],[[0.843931,-0.509504,-0.167886],[0.294596,0.178627,0.938779],[-0.448322,-0.841723,0.300847]],[[0.843931,-0.509504,-0.167886],[0.313193,0.213873,0.925294],[-0.435535,-0.833465,0.340067]],[[0.843931,-0.509504,-0.167886],[0.328904,0.244196,0.912245],[-0.423795,-0.82509,0.373662]]],4]],[[0,200,0],[235.247,235.247,147.751]]],[176897,7378761901,[[180,"right",[-0.00143604,0.908569,-0.417732],[-0.0519485,-0.417236,-0.907312],[-2.84628,113.369,12.807],[-18.9536,-60.9528,-33.3802],[-11.7797,121.424,32.2277],0,0,0.272894,[[0.950509,0.0211695,-0.309975],[0.027438,0.988059,0.151615],[0.309483,-0.152616,0.938578]],55.6614,[77.0599,35.9548,256.984],[4.0672,71.9499,35.6173]]],[[1800,[-0.682523,0.703714,-0.197355],180,45.5253,[-78.8193,133.075,10.2656],[-79.8426,129.819,9.6712],[-32.2508,-88.2624,-31.5177],false,[-21.2876,65.8057,29.4966],[-21.2876,65.8057,29.4966],[-48.3966,97.9632,17.992],[-68.7246,118.922,12.1141],[-82.7122,133.287,8.11956],[[[0.448038,0.542271,0.710778],[-0.779914,-0.151573,0.607256],[0.437032,-0.826419,0.355014]],[[0.417417,0.596985,0.685108],[-0.662761,-0.315801,0.678983],[0.6217,-0.737482,0.263837]],[[0.417417,0.596985,0.685108],[-0.599937,-0.385223,0.701198],[0.682523,-0.703714,0.197355]],[[0.417417,0.596985,0.685108],[-0.598025,-0.387191,0.701748],[0.6842,-0.702633,0.195392]]],0],[1801,[-0.25899,0.911009,-0.320917],180,51.3702,[-41.8344,199.894,-15.0491],[-43.6108,198.762,-14.7861],[-32.3922,-49.7189,13.4598],false,[-13.3779,81.2811,40.7525],[-24.6196,134.445,6.4412],[-34.1659,169.253,-3.83904],[-39.6342,188.488,-10.6147],[-43.5517,201.842,-16.0058],[[[0.984231,0.132442,-0.117257],[0.0262908,0.545992,0.837377],[0.174926,-0.827255,0.5339]],[[0.962053,0.213763,-0.169584],[0.098734,0.306671,0.946681],[0.254372,-0.927501,0.273928]],[[0.962053,0.213763,-0.169584],[0.0858927,0.35266,0.931801],[0.25899,-0.911009,0.320917]],[[0.962053,0.213763,-0.169584],[0.0745259,0.392021,0.916933],[0.262487,-0.894776,0.361214]]],1],[1802,[-0.101769,0.903695,-0.415906],180,58.5322,[-12.7326,207.751,-24.6647],[-12.3636,207.824,-24.579],[-52.8007,-43.072,8.2684],false,[-2.95631,83.9279,40.4753],[-5.30916,134.928,7.19308],[-9.1922,173.746,-8.64676],[-11.7201,196.193,-18.9779],[-13.5207,210.751,-26.3459],[[[0.979815,-0.0755724,-0.18507],[0.196142,0.542228,0.817017],[0.0386065,-0.836826,0.546106]],[[0.972131,0.00158342,-0.234432],[0.215535,0.387339,0.896389],[0.0922238,-0.921936,0.376203]],[[0.972131,0.00158342,-0.234432],[0.211196,0.428173,0.878672],[0.101769,-0.903695,0.415906]],[[0.972131,0.00158342,-0.234432],[0.207196,0.462049,0.862311],[0.109684,-0.886853,0.448844]]],2],[1803,[0.0839858,0.949822,-0.301304],180,56.2803,[22.136,202.303,-13.2584],[21.7282,201.582,-13.6741],[-87.3574,-33.6317,1.85067],false,[7.63347,84.147,38.7502],[13.764,129.419,8.63448],[17.4716,166.918,-1.53018],[19.5039,189.902,-8.8213],[20.7144,205.222,-14.3178],[[[0.957224,-0.238554,-0.163749],[0.266775,0.508491,0.818699],[-0.112039,-0.827363,0.55038]],[[0.963634,-0.154396,-0.218108],[0.24977,0.230248,0.940532],[-0.094995,-0.960806,0.260439]],[[0.963634,-0.154396,-0.218108],[0.253684,0.272029,0.928248],[-0.0839858,-0.949822,0.301304]],[[0.963634,-0.154396,-0.218108],[0.256726,0.30835,0.915976],[-0.074169,-0.93866,0.336774]]],3],[1804,[0.433423,0.835519,-0.337717],180,44.1227,[57.8789,172.66,-10.6576],[56.8298,171.217,-11.5189],[-36.4086,-32.6722,-21.254],false,[17.6639,79.3544,33.1839],[30.4333,121.028,7.37945],[44.2163,147.087,-1.84018],[51.6214,161.362,-7.61014],[57.9704,173.817,-13.201],[[[0.880498,-0.413425,-0.231955],[0.401457,0.39009,0.82865],[-0.252101,-0.822745,0.509446]],[[0.844806,-0.50717,-0.170532],[0.295259,0.176071,0.939053],[-0.446234,-0.843669,0.298492]],[[0.844806,-0.50717,-0.170532],[0.313763,0.211392,0.925671],[-0.433423,-0.835519,0.337717]],[[0.844806,-0.50717,-0.170532],[0.329392,0.241783,0.912711],[-0.421668,-0.827236,0.371317]]],4]],[[0,200,0],[235.247,235.247,147.751]]],[176898,7378770532,[[180,"right",[-0.00442727,0.907989,-0.41897],[-0.0517318,-0.418621,-0.906686],[-3.07504,112.91,12.6224],[-20.9541,-58.9082,-30.2009],[-11.4793,121.13,31.551],0,0,0.274833,[[0.949869,0.0243239,-0.3117],[0.0249571,0.987889,0.153145],[0.31165,-0.153247,0.937758]],55.6614,[77.4824,35.3974,256.655],[3.97874,71.5412,35.4819]]],[[1800,[-0.684532,0.700908,-0.20036],180,45.5253,[-79.065,132.115,9.87867],[-80.1328,129.1,9.37445],[-33.2149,-88.2552,-33.1385],false,[-21.3652,65.3175,29.3964],[-21.3652,65.3175,29.3964],[-48.6391,97.3138,17.8324],[-69.027,118.189,11.865],[-83.0241,132.517,7.77212],[[[0.447261,0.544498,0.709563],[-0.778845,-0.15293,0.608286],[0.439724,-0.824702,0.35568]],[[0.415381,0.600895,0.682923],[-0.660475,-0.316998,0.68065],[0.625485,-0.733783,0.265201]],[[0.415381,0.600895,0.682923],[-0.599061,-0.384257,0.702476],[0.684532,-0.700908,0.20036]],[[0.415381,0.600895,0.682923],[-0.598906,-0.384415,0.702521],[0.684668,-0.700821,0.200201]]],0],[1801,[-0.260991,0.910124,-0.321804],180,51.3702,[-42.1764,199.426,-15.0411],[-44.0388,198.173,-15.0434],[-37.1648,-54.655,2.1001],false,[-13.4871,80.8305,40.6228],[-24.9142,133.916,6.2509],[-34.5358,168.693,-4.06441],[-40.0463,187.909,-10.8589],[-43.9936,201.249,-16.2626],[[[0.983731,0.135044,-0.118478],[0.025639,0.547209,0.836603],[0.17781,-0.82603,0.534844]],[[0.961525,0.215478,-0.170408],[0.0986856,0.307976,0.946262],[0.25638,-0.926671,0.274862]],[[0.961525,0.215478,-0.170408],[0.0857508,0.353898,0.931345],[0.260991,-0.910124,0.321804]],[[0.961525,0.215478,-0.170408],[0.0743025,0.393201,0.916445],[0.264478,-0.893847,0.362062]]],1],[1802,[-0.104932,0.902758,-0.417154],180,58.5322,[-13.3161,207.185,-24.8526],[-12.922,207.281,-24.8913],[-55.5946,-48.3977,-3.43814],false,[-3.07326,83.5061,40.331],[-5.60436,134.454,6.98171],[-9.62038,173.237,-8.90978],[-12.2269,195.661,-19.2719],[-14.0793,210.202,-26.6606],[[[0.979828,-0.0730751,-0.186002],[0.195479,0.543894,0.816068],[0.0415312,-0.835966,0.547207]],[[0.971855,0.00412205,-0.235543],[0.215406,0.389273,0.895582],[0.0953822,-0.921113,0.377429]],[[0.971855,0.00412205,-0.235543],[0.210919,0.43013,0.877782],[0.104932,-0.902758,0.417154]],[[0.971855,0.00412205,-0.235543],[0.206792,0.464018,0.86135],[0.112847,-0.885816,0.450106]]],2],[1803,[0.0771222,0.95008,-0.302324],180,56.2803,[21.0661,201.873,-13.3078],[20.9354,201.204,-13.9539],[-88.8094,-37.0008,-8.46958],false,[7.51405,83.7526,38.5944],[13.4857,129,8.41048],[16.9212,166.507,-1.82027],[18.7875,189.498,-9.13608],[19.8878,204.824,-14.6396],[[[0.957718,-0.23609,-0.164435],[0.266208,0.510357,0.817722],[-0.109135,-0.82692,0.551627]],[[0.963877,-0.148584,-0.221054],[0.251384,0.233205,0.939373],[-0.0880246,-0.961009,0.262132]],[[0.963877,-0.148584,-0.221054],[0.25494,0.274355,0.927219],[-0.0771222,-0.95008,0.302324]],[[0.963877,-0.148584,-0.221054],[0.257676,0.31012,0.915111],[-0.0674171,-0.939014,0.337204]]],3],[1804,[0.430668,0.836232,-0.339471],180,44.1227,[57.6128,172.357,-10.8946],[56.4089,170.889,-11.8589],[-39.6486,-34.118,-25.917],false,[17.552,78.9806,33.024],[30.1772,120.654,7.1493],[43.8756,146.738,-2.12562],[51.2337,161.025,-7.92555],[57.541,173.49,-13.5423],[[[0.881411,-0.411269,-0.232321],[0.401233,0.392349,0.827692],[-0.249253,-0.822752,0.510835]],[[0.846046,-0.505031,-0.170731],[0.29583,0.178334,0.938446],[-0.443497,-0.844477,0.300282]],[[0.846046,-0.505031,-0.170731],[0.314214,0.213679,0.924992],[-0.430668,-0.836232,0.339471]],[[0.846046,-0.505031,-0.170731],[0.329738,0.244086,0.911973],[-0.418901,-0.827868,0.373036]]],4]],[[0,200,0],[235.247,235.247,147.751]]],[176899,7378779226,[[180,"right",[-0.00695652,0.906992,-0.42109],[-0.0517753,-0.420862,-0.905646],[-3.24595,112.485,12.4979],[-20.6088,-56.2207,-25.9673],[-11.1779,120.813,30.8536],0,0,0.280117,[[0.949316,0.0268509,-0.313175],[0.0230539,0.987713,0.154567],[0.313477,-0.153952,0.937033]],55.6909,[77.9049,34.8352,256.578],[3.93099,71.1646,35.4586]]],[[1800,[-0.685288,0.698645,-0.20561],180,45.5494,[-79.3243,131.191,9.48718],[-80.3447,128.447,9.07032],[-32.4808,-85.725,-35.0872],false,[-21.4188,64.8657,29.4124],[-21.4188,64.8657,29.4124],[-48.8727,96.7027,17.7477],[-69.2938,117.522,11.6207],[-83.2884,131.827,7.38841],[[[0.4468,0.547176,0.707791],[-0.777826,-0.153276,0.609503],[0.441993,-0.822864,0.357124]],[[0.413436,0.60563,0.679914],[-0.658089,-0.317314,0.682811],[0.629277,-0.729743,0.267369]],[[0.413436,0.60563,0.679914],[-0.599542,-0.38093,0.703876],[0.685288,-0.698645,0.20561]],[[0.413436,0.60563,0.679914],[-0.600809,-0.379637,0.703494],[0.684178,-0.699349,0.206912]]],0],[1801,[-0.262626,0.909025,-0.323574],180,51.3974,[-42.5305,198.935,-15.1159],[-44.3714,197.61,-15.3216],[-38.3427,-55.98,-7.35534],false,[-13.5596,80.4311,40.5997],[-25.1515,133.437,6.09797],[-34.8395,168.195,-4.29155],[-40.3874,187.398,-11.127],[-44.3612,200.728,-16.5592],[[[0.98329,0.137004,-0.119881],[0.0253126,0.549226,0.835291],[0.18028,-0.824367,0.53658]],[[0.961071,0.2166,-0.171545],[0.0988624,0.310182,0.945523],[0.258011,-0.925674,0.276693]],[[0.961071,0.2166,-0.171545],[0.085852,0.35603,0.930522],[0.262626,-0.909025,0.323574]],[[0.961071,0.2166,-0.171545],[0.0743373,0.395266,0.915554],[0.266115,-0.892664,0.363777]]],1],[1802,[-0.107618,0.901465,-0.419261],180,58.5632,[-13.8162,206.661,-25.1521],[-13.3722,206.74,-25.2338],[-54.4234,-50.5896,-13.5574],false,[-3.14666,83.1312,40.2899],[-5.83192,134.021,6.80655],[-9.96258,172.777,-9.18223],[-12.6372,195.181,-19.6022],[-14.5349,209.706,-27.0293],[[[0.979787,-0.0712811,-0.186914],[0.195137,0.546249,0.814576],[0.0440373,-0.834585,0.549117]],[[0.971565,0.00589974,-0.236701],[0.215517,0.391956,0.894384],[0.0980529,-0.919965,0.379539]],[[0.971565,0.00589974,-0.236701],[0.210904,0.432813,0.876466],[0.107618,-0.901465,0.419261]],[[0.971565,0.00589974,-0.236701],[0.20667,0.466694,0.859933],[0.11554,-0.884399,0.452204]]],2],[1803,[0.0711959,0.950314,-0.303043],180,56.3101,[20.1129,201.458,-13.4561],[20.2716,200.835,-14.1995],[-85.0617,-37.3086,-14.1155],false,[7.44375,83.3978,38.5402],[13.2822,128.612,8.22774],[16.4876,166.148,-2.04882],[18.2114,189.157,-9.38591],[19.2158,204.495,-14.8997],[[[0.958071,-0.234295,-0.16494],[0.265944,0.512877,0.81623],[-0.106644,-0.825871,0.553682]],[[0.963986,-0.143604,-0.223852],[0.25297,0.235313,0.938421],[-0.0820854,-0.961252,0.263166]],[[0.963986,-0.143604,-0.223852],[0.256248,0.276192,0.926313],[-0.0711959,-0.950314,0.303043]],[[0.963986,-0.143604,-0.223852],[0.258744,0.311725,0.914265],[-0.0615116,-0.939258,0.337654]]],3],[1804,[0.428341,0.836378,-0.342046],180,44.1461,[57.3407,172.05,-11.1487],[56.0751,170.54,-12.1973],[-38.3216,-34.8291,-29.6458],false,[17.4918,78.633,32.9669],[30.0001,120.297,6.96698],[43.6347,146.403,-2.39378],[50.9569,160.7,-8.2408],[57.2323,173.172,-13.8987],[[[0.882089,-0.409805,-0.232331],[0.401248,0.3952,0.826328],[-0.246816,-0.822117,0.513035]],[[0.847006,-0.503505,-0.170482],[0.296526,0.181343,0.93765],[-0.441195,-0.844747,0.302901]],[[0.847006,-0.503505,-0.170482],[0.314809,0.21669,0.924089],[-0.428341,-0.836378,0.342046]],[[0.847006,-0.503505,-0.170482],[0.330244,0.247093,0.91098],[-0.416558,-0.827906,0.375568]]],4]],[[0,200,0],[235.247,235.247,147.751]]],[176900,7378788356,[[180,"right",[-0.0116062,0.905591,-0.423993],[-0.052777,-0.423986,-0.90413],[-3.45224,112.106,12.288],[-21.1608,-52.1454,-25.1408],[-10.8698,120.466,30.1131],0,0,0.284422,[[0.949002,0.0305909,-0.313782],[0.0200317,0.98742,0.156848],[0.314632,-0.155135,0.93645]],55.6909,[78.1937,34.2787,256.343],[3.94729,70.8872,35.3611]]],[[1800,[-0.687389,0.69535,-0.209724],180,45.5494,[-79.6121,130.247,9.10445],[-80.6251,127.724,8.83967],[-32.3667,-84.8101,-33.1049],false,[-21.3956,64.4729,29.4084],[-21.3956,64.4729,29.4084],[-49.0975,96.0829,17.7126],[-69.5812,116.804,11.463],[-83.5828,131.064,7.10405],[[[0.44675,0.551152,0.704731],[-0.775486,-0.154244,0.612234],[0.446135,-0.820024,0.358503]],[[0.412011,0.611134,0.675841],[-0.653508,-0.318679,0.686564],[0.634959,-0.72454,0.268082]],[[0.412011,0.611134,0.675841],[-0.598116,-0.378157,0.706579],[0.687389,-0.69535,0.209724]],[[0.412011,0.611134,0.675841],[-0.601397,-0.374827,0.705568],[0.68452,-0.697151,0.213102]]],0],[1801,[-0.266281,0.907206,-0.325686],180,51.3974,[-42.9569,198.391,-15.2774],[-44.9216,197.003,-15.6872],[-44.6893,-58.892,-16.4154],false,[-13.5635,80.104,40.5227],[-25.4554,132.954,5.88361],[-35.2782,167.649,-4.5883],[-40.9034,186.814,-11.4683],[-44.9325,200.115,-16.9309],[[[0.982415,0.140336,-0.123156],[0.0256256,0.552019,0.833437],[0.184946,-0.821937,0.538716]],[[0.959955,0.219076,-0.174619],[0.100251,0.3134,0.944315],[0.261602,-0.924006,0.278887]],[[0.959955,0.219076,-0.174619],[0.0870652,0.359142,0.929213],[0.266281,-0.907206,0.325686]],[[0.959955,0.219076,-0.174619],[0.0753948,0.398281,0.91416],[0.269818,-0.890718,0.365814]]],1],[1802,[-0.112405,0.899618,-0.421963],180,58.5632,[-14.4417,206.114,-25.5777],[-14.0668,206.194,-25.7263],[-60.1077,-53.2369,-24.65],false,[-3.16182,82.8425,40.1742],[-6.13622,133.614,6.53462],[-10.4662,172.299,-9.56958],[-13.2598,194.658,-20.0567],[-15.2367,209.15,-27.5275],[[[0.97951,-0.0681772,-0.189506],[0.1954,0.549618,0.812243],[0.0487793,-0.832629,0.551678]],[[0.970833,0.00892429,-0.23959],[0.216607,0.395755,0.892446],[0.102783,-0.918313,0.382279]],[[0.970833,0.00892429,-0.23959],[0.211774,0.436586,0.874382],[0.112405,-0.899618,0.421963]],[[0.970833,0.00892429,-0.23959],[0.207352,0.470438,0.857726],[0.120367,-0.882388,0.454866]]],2],[1803,[0.0641066,0.950142,-0.305155],180,56.3101,[19.1541,201.048,-13.7793],[19.4413,200.506,-14.6764],[-86.2846,-37.3444,-24.8143],false,[7.42244,83.1435,38.393],[13.0023,128.281,7.91816],[15.9317,165.813,-2.45551],[17.4838,188.818,-9.84374],[18.3724,204.152,-15.3867],[[[0.958476,-0.2312,-0.166944],[0.266337,0.51652,0.8138],[-0.101921,-0.824472,0.55665]],[[0.963866,-0.138178,-0.227748],[0.255607,0.238969,0.936781],[-0.0750178,-0.961146,0.265653]],[[0.963866,-0.138178,-0.227748],[0.258559,0.279528,0.924668],[-0.0641066,-0.950142,0.305155]],[[0.963866,-0.138178,-0.227748],[0.260771,0.314785,0.912638],[-0.0544148,-0.939051,0.339443]]],3],[1804,[0.424136,0.836847,-0.346115],180,44.1461,[57.0359,171.755,-11.4491],[55.5735,170.302,-12.7775],[-42.9246,-32.4524,-38.908],false,[17.4724,78.3988,32.8063],[29.7479,120.025,6.63607],[43.255,146.151,-2.85276],[50.5053,160.456,-8.76934],[56.7164,172.933,-14.4875],[[[0.882968,-0.407214,-0.233549],[0.402115,0.39939,0.823888],[-0.242222,-0.82138,0.516395]],[[0.848417,-0.500846,-0.171296],[0.298595,0.185633,0.936152],[-0.43707,-0.845395,0.307045]],[[0.848417,-0.500846,-0.171296],[0.316699,0.220997,0.922422],[-0.424136,-0.836847,0.346115]],[[0.848417,-0.500846,-0.171296],[0.331975,0.251407,0.909169],[-0.412289,-0.82822,0.379566]]],4]],[[0,200,0],[235.247,235.247,147.751]]],[176901,7378796565,[[180,"right",[-0.0166701,0.903871,-0.427479],[-0.0513883,-0.427748,-0.902436],[-3.70838,111.764,12.0173],[-23.7094,-49.4751,-27.1288],[-10.6088,120.149,29.4537],0,0,0.291963,[[0.948805,0.0360378,-0.3138],[0.0154289,0.986996,0.160001],[0.315486,-0.156651,0.935911]],55.7204,[78.4161,33.6663,256.227],[3.92895,70.6522,35.2551]]],[[1800,[-0.689617,0.690857,-0.217127],180,45.5735,[-79.9059,129.395,8.69931],[-80.9657,126.906,8.31441],[-36.2351,-89.3689,-42.5027],false,[-21.3992,64.0804,29.3472],[-21.3992,64.0804,29.3472],[-49.4163,95.3991,17.5335],[-69.9774,115.997,11.0599],[-83.972,130.209,6.4768],[[[0.44452,0.556178,0.702188],[-0.774131,-0.155882,0.613532],[0.450691,-0.816313,0.361262]],[[0.407913,0.618313,0.671786],[-0.649337,-0.320787,0.689535],[0.641848,-0.717485,0.27064]],[[0.407913,0.618313,0.671786],[-0.59836,-0.374706,0.708209],[0.689617,-0.690857,0.217127]],[[0.407913,0.618313,0.671786],[-0.60498,-0.36803,0.706083],[0.683818,-0.694437,0.223943]]],0],[1801,[-0.27067,0.904746,-0.328896],180,51.4246,[-43.4063,197.893,-15.5268],[-45.5924,196.353,-16.2479],[-55.0038,-62.5952,-29.9843],false,[-13.634,79.803,40.3997],[-25.8365,132.484,5.54904],[-35.8314,167.113,-5.0521],[-41.5523,186.235,-12.0036],[-45.6483,199.504,-17.516],[[[0.981565,0.144936,-0.124593],[0.0235118,0.555365,0.831274],[0.189676,-0.818879,0.54172]],[[0.958828,0.222865,-0.176013],[0.0993495,0.317389,0.943077],[0.266043,-0.921735,0.28218]],[[0.958828,0.222865,-0.176013],[0.0859477,0.362996,0.927818],[0.27067,-0.904746,0.328896]],[[0.958828,0.222865,-0.176013],[0.0740912,0.402012,0.912632],[0.274153,-0.888098,0.368948]]],1],[1802,[-0.117572,0.897326,-0.425422],180,58.5942,[-15.1074,205.643,-26.0951],[-14.8625,205.643,-26.3572],[-69.3314,-55.3119,-38.4383],false,[-3.24143,82.5953,40.031],[-6.51023,133.247,6.18022],[-11.0624,171.866,-10.08],[-13.986,194.179,-20.6587],[-16.048,208.638,-28.1896],[[[0.97968,-0.0638439,-0.190133],[0.193277,0.55376,0.809934],[0.053579,-0.830225,0.554847]],[[0.970544,0.0131121,-0.240569],[0.215362,0.400396,0.890675],[0.108001,-0.916248,0.385778]],[[0.970544,0.0131121,-0.240569],[0.21029,0.441174,0.872435],[0.117572,-0.897326,0.425422]],[[0.970544,0.0131121,-0.240569],[0.205668,0.474971,0.85563],[0.125482,-0.879904,0.458283]]],2],[1803,[0.0578783,0.949644,-0.30794],180,56.3399,[18.3272,200.732,-14.199],[18.596,200.21,-15.2422],[-89.3003,-35.9131,-36.354],false,[7.34514,82.9444,38.2381],[12.667,128.016,7.56766],[15.3535,165.555,-2.92504],[16.7556,188.559,-10.3846],[17.5434,203.891,-15.9744],[[[0.95951,-0.226884,-0.166922],[0.264386,0.521036,0.811555],[-0.0971566,-0.822828,0.559924]],[[0.964351,-0.132966,-0.228797],[0.255538,0.243253,0.935697],[-0.0687606,-0.960806,0.268559]],[[0.964351,-0.132966,-0.228797],[0.258221,0.28372,0.923485],[-0.0578783,-0.949644,0.30794]],[[0.964351,-0.132966,-0.228797],[0.260198,0.318897,0.911374],[-0.0482195,-0.938416,0.342126]]],3],[1804,[0.419452,0.837654,-0.34985],180,44.1695,[56.747,171.529,-11.7371],[54.99,170.165,-13.3371],[-49.0633,-27.5711,-46.618],false,[17.4199,78.2277,32.6576],[29.4629,119.838,6.30154],[42.832,146.009,-3.30943],[50.0061,160.336,-9.29303],[56.1501,172.829,-15.0697],[[[0.884854,-0.403543,-0.232778],[0.400778,0.404649,0.821971],[-0.237508,-0.820617,0.519786]],[[0.850843,-0.497113,-0.170131],[0.298522,0.190909,0.935114],[-0.432377,-0.846424,0.310833]],[[0.850843,-0.497113,-0.170131],[0.316426,0.226305,0.921228],[-0.419452,-0.837654,0.34985]],[[0.850843,-0.497113,-0.170131],[0.331528,0.256734,0.907842],[-0.407621,-0.828834,0.383247]]],4]],[[0,200,0],[235.247,235.247,147.751]]],[176902,7378805598,[[180,"right",[-0.0215206,0.902555,-0.430036],[-0.0520916,-0.430564,-0.901056],[-3.9397,111.5,11.8051],[-24.2326,-43.8825,-26.1276],[-10.3421,119.803,28.7478],0,0,0.296051,[[0.94871,0.0400626,-0.3136],[0.0121514,0.986585,0.162798],[0.315915,-0.158259,0.935496]],55.7204,[78.517,33.1222,256.014],[3.92847,70.4876,35.1404]]],[[1800,[-0.691926,0.687415,-0.220679],180,45.5735,[-80.2278,128.52,8.29495],[-81.2549,126.286,8.07377],[-35.0983,-84.2161,-38.7301],false,[-21.3885,63.7955,29.3206],[-21.3885,63.7955,29.3206],[-49.6482,94.8896,17.4908],[-70.278,115.385,10.9113],[-84.2589,129.563,6.18326],[[[0.44415,0.560014,0.699367],[-0.77182,-0.157259,0.616088],[0.455,-0.813421,0.362384]],[[0.406261,0.623397,0.668078],[-0.644843,-0.322416,0.692983],[0.647403,-0.712337,0.271008]],[[0.406261,0.623397,0.668078],[-0.596818,-0.372607,0.710614],[0.691925,-0.687416,0.220679]],[[0.406261,0.623397,0.668078],[-0.606851,-0.362537,0.707318],[0.683143,-0.692779,0.231024]]],0],[1801,[-0.274663,0.902877,-0.330715],180,51.4246,[-43.9208,197.371,-15.8127],[-46.1955,195.853,-16.5896],[-58.5168,-60.5985,-32.1325],false,[-13.6576,79.5816,40.3065],[-26.1697,132.112,5.33748],[-36.3127,166.675,-5.3348],[-42.118,185.758,-12.3248],[-46.2742,198.997,-17.8633],[[[0.980623,0.148573,-0.127686],[0.0235012,0.55786,0.829602],[0.194488,-0.816528,0.543559]],[[0.957606,0.225767,-0.178942],[0.100494,0.320342,0.941956],[0.269985,-0.920006,0.284073]],[[0.957606,0.225767,-0.178942],[0.0868985,0.365844,0.92661],[0.274663,-0.902877,0.330715]],[[0.957606,0.225767,-0.178942],[0.0748713,0.404763,0.911351],[0.278182,-0.886113,0.3707]]],1],[1802,[-0.122533,0.895541,-0.427776],180,58.5942,[-15.8228,205.189,-26.5845],[-15.6013,205.217,-26.8162],[-72.4538,-53.1467,-41.7303],false,[-3.27761,82.4152,39.9013],[-6.84507,132.955,5.91376],[-11.6046,171.506,-10.4473],[-14.6516,193.775,-21.0846],[-16.7955,208.202,-28.6535],[[[0.979413,-0.0604014,-0.192619],[0.193213,0.556885,0.807805],[0.0584742,-0.828391,0.55709]],[[0.969807,0.0164695,-0.243315],[0.216154,0.403927,0.888887],[0.112921,-0.914643,0.388171]],[[0.969807,0.0164695,-0.243315],[0.210853,0.444675,0.87052],[0.122533,-0.895541,0.427776]],[[0.969807,0.0164695,-0.243315],[0.206037,0.478438,0.853607],[0.13047,-0.877967,0.4606]]],2],[1803,[0.0528316,0.948946,-0.310983],180,56.3399,[17.5218,200.428,-14.6965],[17.886,199.965,-15.7626],[-85.7399,-33.8636,-42.5754],false,[7.30254,82.8022,38.0786],[12.357,127.806,7.26397],[14.8504,165.326,-3.34478],[16.1302,188.313,-10.8781],[16.8342,203.631,-16.5185],[[[0.959972,-0.223455,-0.168883],[0.26446,0.524455,0.809326],[-0.092276,-0.821593,0.562557]],[[0.964256,-0.129451,-0.231199],[0.257173,0.247069,0.934248],[-0.0638172,-0.960312,0.271529]],[[0.964256,-0.129451,-0.231199],[0.259653,0.287652,0.921866],[-0.0528316,-0.948946,0.310983]],[[0.964256,-0.129451,-0.231199],[0.261446,0.322922,0.909598],[-0.0430892,-0.937531,0.345223]]],3],[1804,[0.415036,0.838309,-0.353529],180,44.1695,[56.4248,171.317,-12.0592],[54.4474,170.065,-13.8886],[-52.0755,-23.1004,-50.447],false,[17.3813,78.1104,32.4843],[29.1827,119.693,5.97564],[42.4174,145.889,-3.75126],[49.516,160.227,-9.79778],[55.5926,172.728,-15.6289],[[[0.885859,-0.400606,-0.234026],[0.401353,0.408655,0.819705],[-0.232744,-0.82007,0.522795]],[[0.8524,-0.494133,-0.171016],[0.300338,0.194949,0.933698],[-0.428032,-0.847247,0.314582]],[[0.8524,-0.494133,-0.171016],[0.318055,0.23037,0.919658],[-0.415036,-0.838309,0.353529]],[[0.8524,-0.494133,-0.171016],[0.332991,0.260814,0.906142],[-0.403151,-0.829342,0.38686]]],4]],[[0,200,0],[235.247,235.247,147.751]]],[176903,7378813939,[[180,"right",[-0.0251531,0.901766,-0.431492],[-0.0525286,-0.432224,-0.900235],[-4.15103,111.292,11.6536],[-24.5165,-39.0184,-24.0772],[-10.1146,119.49,28.1197],0,0,0.299997,[[0.948647,0.0431377,-0.313382],[0.00964517,0.986254,0.164957],[0.31619,-0.159508,0.93519]],55.7499,[78.587,32.6406,255.972],[3.89386,70.321,35.0539]]],[[1800,[-0.693829,0.684834,-0.222722],180,45.5976,[-80.5213,127.803,7.97242],[-81.5027,125.813,7.90035],[-34.8986,-77.1937,-34.524],false,[-21.4271,63.5375,29.292],[-21.4271,63.5375,29.292],[-49.8806,94.4866,17.4612],[-70.5781,114.916,10.8172],[-84.541,129.087,5.96888],[[[0.443789,0.562548,0.697561],[-0.77012,-0.158613,0.617865],[0.458221,-0.811407,0.362839]],[[0.404979,0.62679,0.665678],[-0.641515,-0.323984,0.695336],[0.651498,-0.708639,0.270889]],[[0.404979,0.62679,0.665678],[-0.595478,-0.371669,0.712228],[0.693829,-0.684834,0.222722]],[[0.404979,0.62679,0.665678],[-0.609097,-0.358039,0.707679],[0.681904,-0.692057,0.236777]]],0],[1801,[-0.277611,0.901638,-0.331635],180,51.4519,[-44.3859,196.946,-16.0557],[-46.6809,195.481,-16.7981],[-59.3658,-55.1264,-30.7414],false,[-13.7194,79.3741,40.2422],[-26.4691,131.835,5.1921],[-36.727,166.373,-5.52221],[-42.5977,185.44,-12.5354],[-46.8005,198.666,-18.0899],[[[0.979907,0.151387,-0.129862],[0.0234048,0.559312,0.828627],[0.198076,-0.815016,0.544531]],[[0.956699,0.228015,-0.18093],[0.101253,0.322074,0.941284],[0.2729,-0.918846,0.285041]],[[0.956699,0.228015,-0.18093],[0.0875152,0.367503,0.925896],[0.277611,-0.901638,0.331635]],[[0.956699,0.228015,-0.18093],[0.0753624,0.406357,0.910601],[0.281153,-0.884807,0.371578]]],1],[1802,[-0.126259,0.89439,-0.429098],180,58.6253,[-16.4095,204.876,-26.9327],[-16.1948,204.904,-27.1061],[-72.0652,-47.6727,-40.4838],false,[-3.34352,82.2405,39.8117],[-7.13581,132.739,5.72925],[-12.0538,171.267,-10.6969],[-15.195,193.519,-21.3727],[-17.4017,207.934,-28.967],[[[0.979215,-0.0576991,-0.194445],[0.193076,0.558825,0.806497],[0.0621265,-0.827276,0.55835]],[[0.969258,0.0191395,-0.245303],[0.216656,0.40614,0.887756],[0.116619,-0.91361,0.389508]],[[0.969258,0.0191395,-0.245303],[0.211184,0.446878,0.869311],[0.126259,-0.89439,0.429098]],[[0.969258,0.0191395,-0.245303],[0.20622,0.480627,0.852333],[0.134212,-0.876716,0.461904]]],2],[1803,[0.049282,0.94858,-0.312678],180,56.3698,[16.9057,200.221,-15.0894],[17.3396,199.779,-16.1009],[-79.9589,-29.5777,-42.5319],false,[7.23738,82.6574,37.9665],[12.0949,127.649,7.05093],[14.4529,165.178,-3.62983],[15.6473,188.169,-11.2082],[16.293,203.487,-16.8792],[[[0.960325,-0.220772,-0.1704],[0.264425,0.526618,0.807931],[-0.088633,-0.820934,0.564102]],[[0.964196,-0.126857,-0.232881],[0.25824,0.249397,0.933334],[-0.0603204,-0.960056,0.273228]],[[0.964196,-0.126857,-0.232881],[0.260572,0.290006,0.920868],[-0.049282,-0.94858,0.312678]],[[0.964196,-0.126857,-0.232881],[0.262233,0.325294,0.908525],[-0.0394983,-0.937065,0.346913]]],3],[1804,[0.411715,0.838969,-0.355841],180,44.1928,[56.1384,171.154,-12.342],[54.0015,169.991,-14.2615],[-51.4665,-18.4934,-49.279],false,[17.3249,77.9849,32.3572],[28.9519,119.581,5.7423],[42.0924,145.816,-4.06274],[49.1379,160.172,-10.152],[55.1671,172.688,-16.0203],[[[0.886632,-0.39826,-0.235102],[0.401695,0.411258,0.818234],[-0.229182,-0.819912,0.524614]],[[0.853585,-0.491785,-0.171871],[0.301616,0.197533,0.932743],[-