{"metadata":{"formatVersion":2,"generatedBy":"LeapJS Playback 0.2.1","frames":177,"frameRate":"79","modified":"Sun Apr 12 2015 21:47:05 GMT-0300 (E. South America Standard Time)","title":"tenis"},"frames":[["id","timestamp",{"hands":[["id","type","direction","palmNormal","palmPosition","palmVelocity","stabilizedPalmPosition","pinchStrength","grabStrength","confidence","armBasis","armWidth","elbow","wrist"]]},{"pointables":[["id","direction","handId","length","stabilizedTipPosition","tipPosition","tipVelocity","tool","carpPosition","mcpPosition","pipPosition","dipPosition","btipPosition","bases","type"]]},{"interactionBox":["center","size"]}],[184781,7488819898,[[199,"left",[0.763644,-0.0260908,-0.64511],[0.5968,-0.352691,0.720721],[-73.2871,113.136,20.7005],[53.4474,52.3171,21.8224],[-74.7684,107.245,23.1588],0.569664,0,0.47567,[[-0.329477,-0.939819,-0.0904736],[-0.842982,0.335973,-0.420124],[-0.425237,0.0621539,0.902945]],55.0588,[-211.977,124.01,257.097],[-112.769,109.509,46.4396]],[200,"right",[-0.421018,0.0882902,-0.902745],[-0.740851,-0.607699,0.28608],[66.2315,182.423,103.109],[-169.588,-251.824,16.5674],[72.9563,188.479,100.702],0.804121,0,0.306636,[[0.237973,-0.714198,-0.658248],[0.664491,0.614006,-0.425966],[0.708393,-0.336032,0.620695]],63.3552,[286.156,84.1021,314.543],[95.9849,174.311,147.914]]],[[1990,[0.754736,-0.645193,-0.118744],199,45.0324,[-31.1597,97.8301,53.6007],[-30.0694,98.6603,53.7811],[36.9477,-25.9119,7.9625],false,[-103.39,129.336,61.3238],[-103.39,129.336,61.3238],[-60.311,129.676,59.1966],[-38.0757,110.668,55.6983],[-28.003,93.3378,53.0225],[[[-0.483904,-0.0660277,-0.872627],[-0.366677,0.920696,0.133671],[-0.794597,-0.384656,0.469739]],[[-0.0499141,0.124003,-0.991026],[-0.00169209,0.992251,0.124242],[-0.998752,-0.00787832,0.0493175]],[[-0.0499141,0.124003,-0.991026],[0.654127,0.753889,0.0613853],[-0.754736,0.645193,0.118744]],[[-0.0499141,0.124003,-0.991026],[0.865685,0.500229,0.0189904],[-0.498094,0.856968,0.132316]]],0],[1991,[0.956149,-0.205953,-0.208237],199,50.814,[10.6248,116.473,-8.02066],[12.6301,119.779,-7.13025],[63.5391,74.1234,44.8531],false,[-108.129,128.535,41.4137],[-52.5752,133.465,10.9086],[-17.9789,127.324,-1.06956],[1.99025,123.023,-5.41858],[16.2312,119.571,-7.21622],[[[-0.114614,-0.926478,-0.358472],[-0.472391,0.368271,-0.800765],[-0.873905,-0.0775597,0.479869]],[[-0.259054,-0.92641,-0.273233],[-0.253717,0.338225,-0.906218],[-0.931944,0.165435,0.322664]],[[-0.259054,-0.92641,-0.273233],[-0.136639,0.315196,-0.939139],[-0.956149,0.205953,0.208237]],[[-0.259054,-0.92641,-0.273233],[-0.048915,0.29511,-0.95421],[-0.964624,0.233826,0.121765]]],1],[1992,[-0.717229,0.0366269,0.695875],199,57.8985,[-63.9931,107.205,57.666],[-63.1101,110.375,56.1677],[50.8438,-5.93182,26.7367],false,[-109.585,119.365,36.2186],[-58.3035,116.321,4.67247],[-33.7578,107.49,37.14],[-51.3809,108.39,54.2385],[-67.1965,110.902,56.926],[[[-0.149407,-0.977554,-0.148546],[-0.504039,0.204544,-0.839111],[-0.85066,0.0504959,0.523285]],[[-0.177212,-0.975373,-0.131312],[0.788201,-0.060758,-0.612412],[-0.589352,0.212027,-0.779557]],[[-0.177212,-0.975373,-0.131312],[0.673928,-0.217498,0.706056],[0.717229,-0.0366269,-0.695875]],[[-0.177212,-0.975373,-0.131312],[0.141127,-0.157229,0.977426],[0.974001,-0.15468,-0.165515]]],2],[1993,[-0.658334,0.125733,0.74215],199,55.671,[-70.894,95.8201,54.1632],[-69.8073,98.129,52.6652],[43.1402,4.11815,4.99932],false,[-110.953,109.162,33.6257],[-67.2118,98.8024,3.47625],[-42.3954,92.7776,32.4298],[-58.1537,95.7872,50.1944],[-73.581,99.048,53.6593],[[[-0.234535,-0.972088,-0.0062399],[-0.540285,0.135685,-0.83047],[-0.808137,0.191403,0.557028]],[[-0.211487,-0.977132,-0.022059],[0.736259,-0.144428,-0.661108],[-0.642803,0.156057,-0.749967]],[[-0.211487,-0.977132,-0.022059],[0.722405,-0.171477,0.66987],[0.658334,-0.125733,-0.74215]],[[-0.211487,-0.977132,-0.022059],[0.205256,-0.0664685,0.976449],[0.955585,-0.201978,-0.21462]]],3],[1994,[-0.545459,0.199647,0.814012],199,43.645,[-72.6457,84.4317,46.0933],[-71.1355,86.6448,44.8628],[40.2332,16.0259,-13.4662],false,[-111.171,97.3324,36.9787],[-74.4772,82.0534,6.47549],[-51.7738,81.1449,26.9012],[-60.9922,84.519,40.6582],[-74.7309,87.4293,45.6186],[[[-0.233976,-0.952368,0.195576],[-0.639447,-0.000788036,-0.768835],[-0.732368,0.304949,0.608805]],[[-0.159089,-0.978221,0.133318],[0.650011,-0.205424,-0.731633],[-0.743086,0.0297362,-0.668535]],[[-0.159089,-0.978221,0.133318],[0.8229,-0.0567805,0.565341],[0.545459,-0.199647,-0.814012]],[[-0.159089,-0.978221,0.133318],[0.351847,0.0699937,0.933437],[0.922439,-0.195407,-0.333049]]],4],[2000,[-0.723013,-0.257836,-0.640916],200,51.818,[15.7124,184.875,71.5403],[-1.65163,176.843,101.27],[-182.288,-254.343,199.728],false,[74.628,189.856,163.164],[74.628,189.856,163.164],[33.9234,190.977,134.788],[9.41295,182.237,113.061],[-4.82982,171.894,97.8408],[[[0.791073,0.243181,-0.561308],[0.074447,0.872494,0.48292],[0.607175,-0.423813,0.672102]],[[0.537543,0.372776,-0.756364],[-0.196043,0.927646,0.317866],[0.820131,-0.0225865,0.57173]],[[0.537543,0.372776,-0.756364],[-0.433935,0.89138,0.130924],[0.723013,0.257836,0.640916]],[[0.537543,0.372776,-0.756364],[-0.58001,0.814538,-0.0107619],[0.612075,0.444484,0.654063]]],0],[2001,[-0.690065,-0.0735617,-0.719999],200,58.4709,[-2.22068,206.507,25.5754],[-6.26105,204.304,28.3571],[-312.962,-155.551,160.057],false,[88.7487,196.281,145.421],[44.3296,205.569,88.0509],[21.5417,209.4,52.1241],[4.958,207.632,34.8211],[-8.36529,204.18,24.8632],[[[0.44522,-0.763216,-0.468274],[0.658052,0.633544,-0.406926],[0.607245,-0.126977,0.784303]],[[0.496924,-0.771428,-0.397448],[0.684453,0.629965,-0.366971],[0.53347,-0.0896775,0.841051]],[[0.496924,-0.771428,-0.397448],[0.526191,0.63205,-0.56889],[0.690065,0.0735617,0.719999]],[[0.496924,-0.771428,-0.397448],[0.371432,0.602999,-0.705997],[0.784286,0.203202,0.586177]]],1],[2002,[-0.797869,-0.493171,0.346681],200,66.6229,[2.02326,157.043,56.5434],[-17.7023,149.258,88.755],[-282.861,-169.594,442.823],false,[94.8989,188.184,138.602],[57.3343,189.601,80.3019],[14.3254,169.68,73.222],[-8.23319,155.736,83.0239],[-20.3311,146.759,94.0769],[[[0.404419,-0.8701,-0.281728],[0.737021,0.492451,-0.462917],[0.541522,-0.0204273,0.840438]],[[0.439769,-0.869516,-0.224825],[0.034998,0.266732,-0.963135],[0.897429,0.415688,0.147732]],[[0.439769,-0.869516,-0.224825],[-0.412322,0.0269212,-0.91064],[0.797869,0.493171,-0.346681]],[[0.439769,-0.869516,-0.224825],[-0.622384,-0.114578,-0.77428],[0.647489,0.480432,-0.591561]]],2],[2003,[-0.875211,-0.472576,0.10333],200,64.0597,[12.0154,138.367,61.8102],[-0.0938434,133.391,68.7523],[-374.674,-170.551,238.084],false,[100.033,178.066,134.078],[71.4066,171.885,79.1111],[34.9118,152.548,62.7501],[10.8055,139.532,65.5961],[-4.2233,131.32,72.7941],[[[0.422982,-0.898254,-0.119277],[0.780918,0.428126,-0.454835],[0.459623,0.0992419,0.882552]],[[0.473625,-0.880587,-0.0156971],[0.317482,0.187328,-0.929577],[0.821514,0.435287,0.368294]],[[0.473625,-0.880587,-0.0156971],[-0.0984095,-0.0352016,-0.994523],[0.875211,0.472576,-0.10333]],[[0.473625,-0.880587,-0.0156971],[-0.348138,-0.170816,-0.92175],[0.808999,0.442028,-0.387468]]],3],[2004,[-0.910444,-0.411995,0.0367793],200,50.2216,[32.0368,128.372,69.6159],[26.1703,123.958,69.6839],[-383.842,-210,153.409],false,[101.69,164.019,134.508],[81.6918,153.397,81.4874],[54.5964,136.431,66.8589],[36.8912,128.419,67.5742],[21.5934,122.942,73.0237],[[[0.338452,-0.939039,0.0604734],[0.874719,0.290277,-0.38808],[0.346868,0.184244,0.91964]],[[0.406646,-0.875242,0.261899],[0.49057,-0.0326435,-0.87079],[0.770702,0.482583,0.416093]],[[0.406646,-0.875242,0.261899],[0.0757101,-0.2534,-0.964394],[0.910444,0.411995,-0.0367793]],[[0.406646,-0.875242,0.261899],[-0.194612,-0.363079,-0.911208],[0.892617,0.31957,-0.317977]]],4]],[[0,200,0],[235.247,235.247,147.751]]],[184782,7488836920,[[199,"left",[0.762803,-0.017209,-0.646401],[0.595662,-0.370304,0.712785],[-72.7336,113.614,21.3576],[43.9225,41.2919,29.4593],[-74.5716,107.861,22.9846],0.569805,0,0.488589,[[-0.340717,-0.934586,-0.102283],[-0.83432,0.350713,-0.425335],[-0.433384,0.0595822,0.899238]],55.0588,[-213.315,123.583,256.857],[-112.207,109.682,47.065]],[200,"right",[-0.485844,-0.00532967,-0.874029],[-0.790298,-0.424457,0.441888],[61.6332,176.432,103.366],[-215.346,-297.395,15.9135],[66.3334,181.433,102.261],0.871673,0,0.320319,[[0.0788928,-0.850707,-0.519686],[0.701044,0.417974,-0.577784],[0.70874,-0.31874,0.629359]],63.3552,[284.207,86.1119,315.819],[93.9428,171.679,146.865]]],[[1990,[0.750773,-0.647116,-0.13259],199,45.0324,[-30.7081,97.5027,53.7087],[-29.5797,98.1679,54.0819],[33.1086,-26.2667,11.8173],false,[-102.705,129.155,62.3336],[-102.705,129.155,62.3336],[-59.6276,129.28,60.1613],[-37.509,110.215,56.255],[-27.542,92.883,53.2195],[[[-0.485184,-0.045875,-0.873208],[-0.361572,0.919775,0.15258],[-0.796155,-0.389757,0.462847]],[[-0.0502537,0.144188,-0.988273],[0.00441554,0.989546,0.144149],[-0.998727,-0.00288027,0.050365]],[[-0.0502537,0.144188,-0.988273],[0.658645,0.748633,0.0757327],[-0.750773,0.647116,0.13259]],[[-0.0502537,0.144188,-0.988273],[0.868652,0.494631,0.0279953],[-0.492867,0.857059,0.150106]]],0],[1991,[0.955484,-0.204341,-0.212829],199,50.814,[11.2298,117.429,-7.61755],[13.238,120.511,-6.38997],[50.7774,60.4288,44.1619],false,[-107.47,128.78,42.417],[-51.923,134.025,11.9519],[-17.3527,128.044,-0.181431],[2.60262,123.777,-4.62636],[16.833,120.319,-6.49488],[[[-0.119983,-0.918456,-0.376886],[-0.471256,0.386823,-0.792645],[-0.873797,-0.0825057,0.47924]],[[-0.261921,-0.91953,-0.293023],[-0.253337,0.358484,-0.898504],[-0.931245,0.161103,0.326845]],[[-0.261921,-0.91953,-0.293023],[-0.135826,0.335723,-0.932117],[-0.955484,0.204341,0.212829]],[[-0.261921,-0.91953,-0.293023],[-0.0477465,0.315597,-0.947691],[-0.963908,0.234229,0.126566]]],1],[1992,[-0.715889,0.0260303,0.697729],199,57.8985,[-63.9156,107.421,57.609],[-62.5466,110.076,56.7733],[43.167,-11.3655,30.951],false,[-108.981,119.724,37.0404],[-57.7502,117.04,5.37922],[-33.2266,107.429,37.6411],[-50.8168,108.069,54.7851],[-66.6139,110.603,57.5585],[[[-0.154826,-0.973555,-0.167988],[-0.503826,0.224073,-0.834237],[-0.849817,0.0445247,0.525194]],[[-0.182344,-0.971595,-0.150842],[0.787426,-0.0524281,-0.614175],[-0.588821,0.230769,-0.77462]],[[-0.182344,-0.971595,-0.150842],[0.673984,-0.235213,0.700301],[0.715889,-0.0260303,-0.697729]],[[-0.182344,-0.971595,-0.150842],[0.142405,-0.177894,0.973691],[0.972868,-0.156066,-0.170798]]],2],[1993,[-0.656471,0.114467,0.745616],199,55.671,[-70.7044,96.1395,54.0359],[-69.3094,97.9586,53.0375],[37.0008,-2.45456,12.9709],false,[-110.406,109.583,34.2446],[-66.7539,99.5974,3.84162],[-41.9553,92.8603,32.6531],[-57.6689,95.6003,50.5006],[-73.0703,98.8756,54.0656],[[[-0.239772,-0.970494,-0.025501],[-0.540433,0.155249,-0.82694],[-0.806499,0.184495,0.561712]],[[-0.216973,-0.975303,-0.0413035],[0.735062,-0.135393,-0.664343],[-0.642344,0.174505,-0.746285]],[[-0.216973,-0.975303,-0.0413035],[0.722474,-0.188893,0.665094],[0.656471,-0.114467,-0.745616]],[[-0.216973,-0.975303,-0.0413035],[0.206986,-0.0873147,0.97444],[0.953981,-0.202878,-0.220819]]],3],[1994,[-0.543242,0.186214,0.818665],199,43.645,[-72.4006,84.8084,45.8538],[-70.7059,86.6358,44.9812],[33.6886,8.72409,-3.71881],false,[-110.685,97.6898,37.3594],[-74.1062,82.8307,6.51214],[-51.3905,81.3909,26.8937],[-60.5714,84.538,40.7293],[-74.285,87.4232,45.7732],[[[-0.238891,-0.95484,0.17667],[-0.640263,0.0180977,-0.767943],[-0.730065,0.296569,0.615672]],[[-0.16427,-0.979821,0.113867],[0.648262,-0.194241,-0.736225],[-0.743486,0.0471239,-0.667089]],[[-0.16427,-0.979821,0.113867],[0.823349,-0.0726247,0.562869],[0.543242,-0.186214,-0.818665]],[[-0.16427,-0.979821,0.113867],[0.353878,0.0492128,0.933996],[0.920753,-0.193722,-0.338653]]],4],[2000,[-0.80151,-0.27608,-0.530435],200,51.818,[15.1669,184.651,72.4289],[-6.08792,178.55,107.057],[-227.48,-96.6512,272.89],false,[76.5271,192.804,160.309],[76.5271,192.804,160.309],[33.9857,193.048,134.746],[6.81418,183.689,116.764],[-10.2785,173.497,104.704],[[[0.762292,0.0142625,-0.647076],[0.242575,0.92059,0.306059],[0.600056,-0.390271,0.698299]],[[0.510071,0.14733,-0.847421],[-0.0717106,0.989075,0.128794],[0.857138,-0.00492482,0.515063]],[[0.510071,0.14733,-0.847421],[-0.312105,0.949776,-0.0227341],[0.80151,0.27608,0.530435]],[[0.510071,0.14733,-0.847421],[-0.447508,0.886832,-0.115178],[0.734551,0.437977,0.518278]]],0],[2001,[-0.746043,-0.0864515,-0.660262],200,58.4709,[-9.93573,198.572,27.9669],[-13.1178,196.054,30.0774],[-354.323,-317.511,127.524],false,[89.7165,193.738,140.8],[41.9599,199.75,85.7191],[16.7679,200.552,51.2312],[-1.16108,198.474,35.3638],[-15.4652,195.61,26.6591],[[[0.286469,-0.893473,-0.345891],[0.701208,0.441533,-0.559781],[0.652872,-0.0821818,0.752997]],[[0.346345,-0.897243,-0.273861],[0.729548,0.441137,-0.522645],[0.58975,-0.0187796,0.807368]],[[0.346345,-0.897243,-0.273861],[0.56874,0.432991,-0.699324],[0.746043,0.0864515,0.660262]],[[0.346345,-0.897243,-0.273861],[0.413574,0.408067,-0.813903],[0.842022,0.168629,0.512408]]],1],[2002,[-0.813171,-0.291768,0.503612],200,66.6229,[-0.565754,156.857,61.0104],[-26.6441,154.958,102.586],[-385.577,73.1902,607.93],false,[93.9904,183.713,135.222],[51.779,180.834,80.2501],[5.89885,166.988,80.5163],[-17.0924,158.739,94.7553],[-28.9275,153.907,108.382],[[[0.248276,-0.958454,-0.140448],[0.753708,0.282213,-0.593532],[0.608509,0.0415035,0.792461]],[[0.2873,-0.95373,-0.0886462],[-0.0309087,0.0832686,-0.996048],[0.957342,0.288905,-0.00555547]],[[0.2873,-0.95373,-0.0886462],[-0.506174,-0.0726033,-0.85937],[0.813171,0.291768,-0.503612]],[[0.2873,-0.95373,-0.0886462],[-0.718499,-0.153384,-0.678405],[0.633418,0.258598,-0.729321]]],2],[2003,[-0.914805,-0.29688,0.273851],200,64.0597,[3.42433,136.95,70.2638],[-13.9857,133.611,85.2593],[-568.077,-71.3869,574.692],false,[97.1865,172.282,132.337],[63.0077,161.193,81.4664],[22.4358,145.446,72.5538],[-2.7611,137.269,80.0966],[-17.8485,133.042,90.0772],[[[0.277588,-0.960428,0.0228457],[0.788534,0.214194,-0.576485],[0.548779,0.17804,0.816788]],[[0.337488,-0.934344,0.11447],[0.22803,-0.0368351,-0.972957],[0.913293,0.354464,0.200627]],[[0.337488,-0.934344,0.11447],[-0.221887,-0.197139,-0.954936],[0.914805,0.29688,-0.273851]],[[0.337488,-0.934344,0.11447],[-0.475934,-0.274283,-0.835617],[0.812151,0.227531,-0.537253]]],3],[2004,[-0.951477,-0.241871,0.190236],200,50.2216,[20.444,124.732,78.8197],[10.4508,120.561,85.2673],[-621.382,-190.534,500.259],false,[96.8548,158.441,135.267],[70.7246,142.019,86.5702],[39.943,127.467,77.8094],[21.4398,122.764,81.5089],[6.1845,120.934,89.1013],[[[0.205108,-0.955467,0.212162],[0.867475,0.0770869,-0.491473],[0.453231,0.28485,0.844655]],[[0.299515,-0.869733,0.392244],[0.379079,-0.268793,-0.885465],[0.875551,0.413902,0.24919]],[[0.299515,-0.869733,0.392244],[-0.070582,-0.430189,-0.899975],[0.951477,0.241871,-0.190236]],[[0.299515,-0.869733,0.392244],[-0.343433,-0.48184,-0.806154],[0.890137,0.106746,-0.443014]]],4]],[[0,200,0],[235.247,235.247,147.751]]],[184783,7488845597,[[199,"left",[0.762015,-0.00825862,-0.647507],[0.597382,-0.376969,0.707834],[-72.4431,113.599,21.6627],[41.1419,29.8247,30.9769],[-74.4685,108.139,22.9206],0.570373,0,0.493491,[[-0.344452,-0.932947,-0.1047],[-0.830876,0.354868,-0.428619],[-0.437034,0.0606462,0.897398]],55.0588,[-213.835,123.44,256.737],[-111.875,109.291,47.3736]],[200,"right",[-0.508893,-0.0428556,-0.859762],[-0.795722,-0.357615,0.488813],[59.6106,174.148,103.446],[-220.073,-288.295,14.1191],[63.4293,178.286,102.773],0.906757,0,0.309024,[[0.0206221,-0.884563,-0.465965],[0.700061,0.345516,-0.624927],[0.713785,-0.313317,0.626373]],63.3552,[284.459,86.8035,314.54],[92.8404,170.915,146.387]]],[[1990,[0.751652,-0.644334,-0.1409],199,45.0324,[-30.4739,97.3182,53.7589],[-29.2413,97.8274,54.146],[34.5634,-29.0517,10.2063],false,[-102.397,128.612,62.8482],[-102.397,128.612,62.8482],[-59.3225,128.848,60.6167],[-37.1779,109.865,56.4656],[-27.2062,92.5736,53.2216],[[[-0.486194,-0.0371361,-0.873061],[-0.363398,0.9172,0.163357],[-0.794706,-0.396692,0.459433]],[[-0.051957,0.155119,-0.986528],[0.0026391,0.987881,0.155193],[-0.998646,-0.00545982,0.0517367]],[[-0.051957,0.155119,-0.986528],[0.65751,0.748847,0.0831181],[-0.751652,0.644334,0.1409]],[[-0.051957,0.155119,-0.986528],[0.868417,0.494796,0.032064],[-0.493104,0.855052,0.160416]]],0],[1991,[0.956105,-0.198501,-0.215547],199,50.814,[11.5058,117.882,-7.41797],[13.5077,121.082,-6.07271],[45.4726,62.1404,42.4161],false,[-107.186,128.45,42.9346],[-51.6895,134.16,12.461],[-17.1067,128.449,0.233528],[2.86155,124.303,-4.26818],[17.1033,120.915,-6.17813],[[[-0.118444,-0.914427,-0.387032],[-0.473115,0.394659,-0.787659],[-0.873003,-0.0898173,0.479374]],[[-0.258867,-0.916859,-0.303904],[-0.25524,0.368377,-0.893953],[-0.93158,0.153846,0.32938]],[[-0.258867,-0.916859,-0.303904],[-0.137301,0.346363,-0.927999],[-0.956105,0.198501,0.215547]],[[-0.258867,-0.916859,-0.303904],[-0.0488742,0.326659,-0.943878],[-0.964676,0.229485,0.129372]]],1],[1992,[-0.714856,0.0163899,0.69908],199,57.8985,[-63.8672,107.504,57.593],[-62.2096,109.68,57.0357],[42.24,-20.6306,30.8811],false,[-108.684,119.452,37.4584],[-57.4877,117.237,5.70511],[-32.9068,107.319,37.8304],[-50.4717,107.722,55.0076],[-66.2698,110.186,57.8379],[[[-0.152899,-0.971946,-0.178723],[-0.50538,0.232315,-0.831036],[-0.849243,0.0367416,0.526723]],[[-0.180278,-0.97025,-0.161599],[0.786874,-0.0436808,-0.615566],[-0.590194,0.238131,-0.771339]],[[-0.180278,-0.97025,-0.161599],[0.675634,-0.241549,0.696544],[0.714856,-0.0163899,-0.69908]],[[-0.180278,-0.97025,-0.161599],[0.144596,-0.188648,0.971341],[0.972929,-0.151745,-0.174304]]],2],[1993,[-0.656476,0.105083,0.746992],199,55.671,[-70.5991,96.2559,53.9899],[-68.9872,97.6132,53.1772],[36.5299,-12.4001,13.9048],false,[-110.09,109.34,34.5507],[-66.455,99.7928,3.98286],[-41.6473,92.7933,32.7239],[-57.361,95.3087,50.6043],[-72.7653,98.514,54.2203],[[[-0.23767,-0.970675,-0.0361048],[-0.541827,0.163333,-0.824467],[-0.806187,0.176389,0.564757]],[[-0.215094,-0.975216,-0.0518414],[0.735409,-0.126817,-0.66565],[-0.642579,0.181302,-0.744461]],[[-0.215094,-0.975216,-0.0518414],[0.723031,-0.194706,0.662809],[0.656476,-0.105083,-0.746992]],[[-0.215094,-0.975216,-0.0518414],[0.208133,-0.0976408,0.973215],[0.954157,-0.198542,-0.223977]]],3],[1994,[-0.541773,0.175761,0.821943],199,43.645,[-72.2554,84.9548,45.7483],[-70.3241,86.3645,44.9894],[36.9044,-1.89264,-1.80069],false,[-110.339,97.4116,37.532],[-73.767,82.9809,6.474],[-51.0251,81.3632,26.813],[-60.1812,84.3336,40.704],[-73.8858,87.1331,45.82],[[[-0.236566,-0.95729,0.166228],[-0.641279,0.0253068,-0.766891],[-0.72993,0.288018,0.619877]],[[-0.161998,-0.981393,0.103078],[0.647851,-0.184567,-0.73907],[-0.744343,0.0529483,-0.665695]],[[-0.161998,-0.981393,0.103078],[0.824766,-0.0773079,0.560165],[0.541773,-0.175761,-0.821943]],[[-0.161998,-0.981393,0.103078],[0.356483,0.0392015,0.933479],[0.92015,-0.187967,-0.343499]]],4],[2000,[-0.818779,-0.299123,-0.490027],200,51.818,[14.8037,184.494,73.0074],[-7.57292,177.549,108.573],[-212.484,-106.033,248.635],false,[76.7185,193.663,158.753],[76.7185,193.663,158.753],[33.6547,192.676,134.098],[5.89774,182.535,117.486],[-11.9334,172.355,106.536],[[[0.744566,-0.0638924,-0.664484],[0.290157,0.927436,0.235949],[0.601191,-0.368484,0.709076]],[[0.494642,0.0657208,-0.866608],[-0.0498833,0.99764,0.0471854],[0.867664,0.0198894,0.496753]],[[0.494642,0.0657208,-0.866608],[-0.291428,0.951948,-0.0941482],[0.818779,0.299124,0.490027]],[[0.494642,0.0657208,-0.866608],[-0.410047,0.896824,-0.166034],[0.766284,0.437478,0.470556]]],0],[2001,[-0.758653,-0.0952832,-0.64449],200,58.4709,[-12.7298,194.966,28.4402],[-15.8167,192.115,30.3062],[-342.875,-357.926,97.9588],false,[89.4078,192.679,138.917],[40.4944,197.073,84.7054],[14.5015,196.577,50.8111],[-3.73051,194.287,35.3227],[-18.2058,191.571,26.8567],[[[0.238306,-0.926837,-0.290143],[0.704321,0.370627,-0.605449],[0.668687,-0.0600717,0.741113]],[[0.301447,-0.928321,-0.217599],[0.73407,0.371598,-0.56838],[0.608498,0.0116035,0.79347]],[[0.301447,-0.928321,-0.217599],[0.57756,0.359362,-0.732996],[0.758653,0.0952832,0.64449]],[[0.301447,-0.928321,-0.217599],[0.427846,0.335645,-0.83922],[0.852102,0.159882,0.498357]]],1],[2002,[-0.80642,-0.219118,0.549249],200,66.6229,[-1.84798,156.861,63.2154],[-29.2729,156.717,106.887],[-360.431,112.57,574.921],false,[93.0944,182.116,133.944],[49.3387,177.408,80.3223],[2.93788,165.696,82.8834],[-19.8625,159.501,98.4127],[-31.3805,156.171,112.743],[[[0.202872,-0.975944,-0.0798545],[0.748979,0.207189,-0.629367],[0.630771,0.0678718,0.772995]],[[0.243066,-0.969548,-0.0299163],[-0.0591241,0.0159755,-0.998123],[0.968206,0.244379,-0.0534405]],[[0.243066,-0.969548,-0.0299163],[-0.539078,-0.109379,-0.835123],[0.80642,0.219118,-0.549249]],[[0.243066,-0.969548,-0.0299163],[-0.748942,-0.167982,-0.64099],[0.616445,0.178209,-0.766966]]],2],[2003,[-0.916288,-0.232866,0.325869],200,64.0597,[-0.335066,136.525,74.2456],[-18.2376,133.871,91.0217],[-543.35,-38.3653,596.725],false,[95.7162,170.384,131.779],[59.7389,157.411,82.6232],[18.1945,143.039,76.2233],[-7.04322,136.625,85.1988],[-21.9241,133.829,95.962],[[[0.236442,-0.968142,0.0824415],[0.781286,0.138991,-0.608501],[0.577657,0.208286,0.789259]],[[0.298856,-0.93918,0.169193],[0.190043,-0.115172,-0.974997],[0.935184,0.323537,0.144064]],[[0.298856,-0.93918,0.169193],[-0.26665,-0.252417,-0.930152],[0.916288,0.232866,-0.325869]],[[0.298856,-0.93918,0.169193],[-0.518678,-0.308681,-0.797301],[0.801036,0.150521,-0.579384]]],3],[2004,[-0.954439,-0.180446,0.237665],200,50.2216,[15.8196,123.561,83.0541],[5.50224,119.822,91.0451],[-603.812,-157.147,542.61],false,[94.867,156.803,135.664],[66.7562,138.301,88.8525],[35.0263,124.72,82.161],[16.4655,121.211,86.7828],[1.41194,120.664,94.9564],[[[0.169347,-0.947096,0.272637],[0.856495,0.0045695,-0.516135],[0.487584,0.320918,0.811957]],[[0.271926,-0.853932,0.443685],[0.333924,-0.34868,-0.875738],[0.902524,0.386294,0.190333]],[[0.271926,-0.853932,0.443685],[-0.122889,-0.488098,-0.864094],[0.954439,0.180446,-0.237665]],[[0.271926,-0.853932,0.443685],[-0.393102,-0.519406,-0.758742],[0.878366,0.0319086,-0.476922]]],4]],[[0,200,0],[235.247,235.247,147.751]]],[184784,7488854212,[[199,"left",[0.759505,0.000956828,-0.6505],[0.599306,-0.389883,0.699159],[-71.7873,113.526,22.2609],[50.3958,19.7068,41.1518],[-74.3492,108.378,22.8912],0.572066,0,0.498465,[[-0.353953,-0.9286,-0.111442],[-0.82343,0.365911,-0.433674],[-0.443487,0.0617356,0.894152]],55.0588,[-214.595,123.274,256.655],[-111.129,108.871,48.0493]],[200,"right",[-0.519513,-0.0423966,-0.85341],[-0.78892,-0.359822,0.49813],[58.2246,171.96,103.327],[-204.415,-279.235,6.73644],[60.8532,175.155,103.047],0.933303,0,0.309548,[[0.0244193,-0.886118,-0.462815],[0.694173,0.348175,-0.629999],[0.719394,-0.305889,0.623621]],63.3552,[285.118,86.5999,313.259],[91.9937,168.717,145.845]]],[[1990,[0.748681,-0.644536,-0.155081],199,45.0324,[-30.1516,97.0064,53.8164],[-28.5783,97.0004,54.259],[44.8985,-45.58,9.90248],false,[-101.551,127.914,63.8057],[-101.551,127.914,63.8057],[-58.4878,128.079,61.3681],[-36.4309,109.09,56.7993],[-26.6055,91.7809,53.2232],[[[-0.489618,-0.0216441,-0.871668],[-0.360853,0.915093,0.17997],[-0.793763,-0.402661,0.455856]],[[-0.0563336,0.171232,-0.983619],[0.00590771,0.985223,0.171173],[-0.998395,-0.00383185,0.0565127]],[[-0.0563336,0.171232,-0.983619],[0.660533,0.745153,0.091889],[-0.748681,0.644536,0.155082]],[[-0.0563336,0.171232,-0.983619],[0.872218,0.487865,0.0349759],[-0.485862,0.85596,0.176835]]],0],[1991,[0.955508,-0.195203,-0.221135],199,50.814,[11.7987,118.296,-7.20179],[14.1164,121.404,-5.6075],[52.1958,55.7392,46.1065],false,[-106.417,128.093,43.9108],[-51.0263,134.195,13.3216],[-16.479,128.688,0.901972],[3.47681,124.611,-3.71644],[17.7126,121.248,-5.7123],[[[-0.121837,-0.90763,-0.4017],[-0.475309,0.408645,-0.77916],[-0.871342,-0.0960015,0.481193]],[[-0.260061,-0.911275,-0.319291],[-0.257501,0.384145,-0.886637],[-0.930624,0.148362,0.334555]],[[-0.260061,-0.911275,-0.319291],[-0.139188,0.362594,-0.921495],[-0.955508,0.195203,0.221135]],[[-0.260061,-0.911275,-0.319291],[-0.0504568,0.343042,-0.937964],[-0.964273,0.227817,0.135192]]],1],[1992,[-0.712059,0.00602802,0.702094],199,57.8985,[-63.7921,107.557,57.5964],[-61.4334,108.994,57.531],[55.0904,-36.3132,37.9699],false,[-107.955,119.19,38.2919],[-56.8857,117.399,6.30814],[-32.2058,106.9,38.1718],[-49.7019,107.048,55.423],[-65.4837,109.493,58.3591],[[[-0.155612,-0.968532,-0.194243],[-0.508079,0.24711,-0.825101],[-0.847136,0.029705,0.530545]],[[-0.182784,-0.967075,-0.177075],[0.784505,-0.0349103,-0.619139],[-0.592572,0.252085,-0.765057]],[[-0.182784,-0.967075,-0.177075],[0.67791,-0.25442,0.689716],[0.712059,-0.00602803,-0.702094]],[[-0.182784,-0.967075,-0.177075],[0.1482,-0.205154,0.967444],[0.971919,-0.150591,-0.180819]]],2],[1993,[-0.654341,0.0946183,0.750257],199,55.671,[-70.4584,96.321,53.9721],[-68.3039,97.0364,53.5161],[47.2554,-26.8302,20.7742],false,[-109.394,109.13,35.222],[-65.8959,100.004,4.33122],[-41.0501,92.4851,32.9077],[-56.7128,94.7499,50.8663],[-72.0966,97.9319,54.5881],[[[-0.239833,-0.969458,-0.0512961],[-0.544645,0.178102,-0.819537],[-0.803643,0.168614,0.570725]],[[-0.217614,-0.973733,-0.0669912],[0.733803,-0.117964,-0.669043],[-0.643566,0.194751,-0.740199]],[[-0.217614,-0.973733,-0.0669912],[0.724212,-0.207101,0.657744],[0.654341,-0.0946183,-0.750257]],[[-0.217614,-0.973733,-0.0669912],[0.211276,-0.114003,0.970755],[0.952894,-0.197096,-0.230535]]],3],[1994,[-0.537238,0.163112,0.827508],199,43.645,[-72.06,85.0495,45.6669],[-69.6342,85.9082,45.1362],[48.9169,-15.3122,4.05565],false,[-109.656,97.1544,38.0059],[-73.2334,83.1676,6.57117],[-50.4208,81.167,26.7965],[-59.5002,83.9237,40.7816],[-73.1683,86.6669,46.0244],[[[-0.237924,-0.959439,0.151225],[-0.644163,0.0393401,-0.763876],[-0.726943,0.279158,0.627395]],[[-0.163681,-0.982632,0.0874229],[0.644756,-0.173628,-0.744408],[-0.746658,0.0654789,-0.661977]],[[-0.163681,-0.982632,0.0874229],[0.827396,-0.0884803,0.554605],[0.537238,-0.163112,-0.827508]],[[-0.163681,-0.982632,0.0874229],[0.361995,0.0226109,0.931906],[0.917697,-0.184182,-0.352007]]],4],[2000,[-0.815005,-0.323739,-0.480583],200,51.818,[14.2535,184.156,73.8649],[-8.50968,172.988,109.184],[-180.161,-219.071,196.571],false,[75.9871,191.417,158.448],[75.9871,191.417,158.448],[32.8055,188.944,134.105],[5.17651,177.969,117.813],[-12.7283,167.753,107.019],[[[0.736322,-0.0614958,-0.673831],[0.291434,0.927577,0.233809],[0.610652,-0.368536,0.700918]],[[0.487093,0.0664623,-0.870817],[-0.0759915,0.996544,0.0335519],[0.870038,0.0498318,0.49046]],[[0.487093,0.0664623,-0.870817],[-0.313858,0.943809,-0.103524],[0.815005,0.323739,0.480583]],[[0.487093,0.0664623,-0.870817],[-0.413142,0.896013,-0.162707],[0.76945,0.439025,0.4639]]],0],[2001,[-0.755847,-0.0914362,-0.648332],200,58.4709,[-15.1061,192.087,28.7401],[-17.6665,190.012,30.5053],[-308.816,-326.683,76.3463],false,[88.4295,190.487,138.453],[38.8352,194.88,84.8638],[12.4866,194.319,51.2463],[-5.67794,192.122,35.6656],[-20.0199,189.535,26.9363],[[[0.236308,-0.925944,-0.294595],[0.696047,0.372856,-0.613594],[0.677995,-0.0600543,0.732609]],[[0.301845,-0.927361,-0.221113],[0.726923,0.373937,-0.575981],[0.616825,0.0131254,0.786991]],[[0.301845,-0.927361,-0.221113],[0.581021,0.362823,-0.728543],[0.755847,0.0914362,0.648333]],[[0.301845,-0.927361,-0.221113],[0.442862,0.341781,-0.82889],[0.844253,0.152274,0.513858]]],1],[2002,[-0.796985,-0.220998,0.562116],200,66.6229,[-3.05861,156.763,65.2624],[-30.4565,154.399,108.194],[-300.598,11.2664,459.042],false,[92.0724,179.939,133.418],[47.6589,175.238,80.3389],[1.3197,163.443,83.5505],[-21.214,157.194,99.4435],[-32.479,153.835,113.967],[[[0.203591,-0.975449,-0.0839601],[0.740693,0.209537,-0.638332],[0.640254,0.06777,0.765168]],[[0.244262,-0.969089,-0.0346786],[-0.0734776,0.0171625,-0.997149],[0.966921,0.246114,-0.0670142]],[[0.244262,-0.969089,-0.0346786],[-0.552404,-0.109665,-0.826331],[0.796985,0.220998,-0.562116]],[[0.244262,-0.969089,-0.0346786],[-0.759496,-0.168954,-0.628188],[0.602911,0.179781,-0.777289]]],2],[2003,[-0.903893,-0.226756,0.362711],200,64.0597,[-3.40004,135.93,77.743],[-19.5728,132.098,93.7816],[-437.886,-80.9044,528.258],false,[94.6878,168.215,131.201],[58.1226,155.256,82.4773],[16.2974,141.072,77.6883],[-8.59889,134.826,87.6786],[-23.0783,132.137,99.0021],[[[0.239171,-0.967846,0.0779166],[0.773378,0.141364,-0.617982],[0.587097,0.208062,0.782321]],[[0.300413,-0.940141,0.160896],[0.152725,-0.119099,-0.981066],[0.941503,0.319298,0.107804]],[[0.300413,-0.940141,0.160896],[-0.304515,-0.254396,-0.917907],[0.903893,0.226756,-0.362711]],[[0.300413,-0.940141,0.160896],[-0.549769,-0.308522,-0.776253],[0.779427,0.14474,-0.609544]]],3],[2004,[-0.949871,-0.177954,0.257057],200,50.2216,[12.2677,122.194,86.2077],[3.97281,117.842,92.0802],[-488.888,-177.061,429.495],false,[93.9113,154.627,135.075],[65.251,136.149,88.5876],[33.3561,122.647,82.5538],[14.8841,119.186,87.5528],[-0.0110441,118.669,96.0135],[[[0.174419,-0.947224,0.268968],[0.849973,0.00693007,-0.52678],[0.497115,0.320497,0.806324]],[[0.278741,-0.854405,0.438516],[0.315053,-0.349991,-0.882184],[0.907218,0.384057,0.171625]],[[0.278741,-0.854405,0.438516],[-0.141595,-0.488186,-0.861177],[0.949871,0.177954,-0.257057]],[[0.278741,-0.854405,0.438516],[-0.408569,-0.518732,-0.750992],[0.869123,0.0301683,-0.493675]]],4]],[[0,200,0],[235.247,235.247,147.751]]],[184785,7488871633,[[199,"left",[0.759506,0.01074,-0.650412],[0.598226,-0.404243,0.691891],[-71.0792,113.581,22.8453],[45.885,12.0554,37.63],[-74.1054,108.766,22.8878],0.573815,0,0.501742,[[-0.364152,-0.923722,-0.118875],[-0.815768,0.377938,-0.437819],[-0.44935,0.0624582,0.89117]],55.0588,[-215.267,123.137,256.456],[-110.434,108.565,48.5462]],[200,"right",[-0.539725,-0.0950773,-0.836455],[-0.776299,-0.32816,0.53821],[56.828,172.421,103.168],[-146.913,-137.747,-0.62325],[57.6737,172.995,103.142],0.946446,0,0.297861,[[-0.00758237,-0.896326,-0.443331],[0.698065,0.312696,-0.644147],[0.715994,-0.314358,0.623323]],63.3552,[283.821,87.4216,312.317],[91.609,171.812,144.983]]],[[1990,[0.746112,-0.644415,-0.167469],199,45.0324,[-29.4535,96.2747,53.9741],[-27.9966,96.2494,54.4803],[38.9678,-42.8134,10.3043],false,[-100.803,127.29,64.6473],[-100.803,127.29,64.6473],[-57.7419,127.395,62.1699],[-35.7606,108.409,57.2361],[-26.0798,91.0883,53.3364],[[[-0.489675,-0.0043667,-0.871894],[-0.358324,0.912647,0.196672],[-0.794873,-0.408725,0.448465]],[[-0.0568598,0.188935,-0.980342],[0.0084777,0.981987,0.18876],[-0.998346,-0.00242185,0.0574373]],[[-0.0568598,0.188935,-0.980342],[0.663388,0.740967,0.104326],[-0.746112,0.644415,0.167469]],[[-0.0568598,0.188935,-0.980342],[0.876127,0.480269,0.041744],[-0.478715,0.856531,0.192839]]],0],[1991,[0.955914,-0.191535,-0.222582],199,50.814,[12.3542,118.976,-6.74598],[14.9106,121.88,-4.76755],[49.1894,42.782,47.8985],false,[-105.669,127.846,44.7593],[-50.2611,134.353,14.2839],[-15.6936,129.074,1.82148],[4.27069,125.073,-2.82715],[18.5094,121.737,-4.84718],[[[-0.124344,-0.899802,-0.418205],[-0.474178,0.42412,-0.771542],[-0.871604,-0.102367,0.479403]],[[-0.259883,-0.904703,-0.337599],[-0.255706,0.401607,-0.87939],[-0.931169,0.142213,0.335708]],[[-0.259883,-0.904703,-0.337599],[-0.136708,0.380561,-0.914595],[-0.955914,0.191535,0.222582]],[[-0.259883,-0.904703,-0.337599],[-0.0474942,0.361164,-0.931292],[-0.964471,0.225993,0.136829]]],1],[1992,[-0.712102,-0.00501138,0.702058],199,57.8985,[-63.6012,107.612,57.6389],[-60.7491,108.373,58.0307],[47.875,-36.092,33.6127],false,[-107.231,119.051,38.9788],[-56.1669,117.704,6.96513],[-31.5216,106.557,38.635],[-49.0188,106.434,55.8854],[-64.7941,108.866,58.867],[[[-0.158288,-0.964389,-0.211893],[-0.507394,0.263542,-0.820425],[-0.847052,0.0223498,0.53104]],[[-0.185284,-0.963182,-0.19481],[0.784545,-0.0256135,-0.619542],[-0.591742,0.267628,-0.760405]],[[-0.185284,-0.963182,-0.19481],[0.677185,-0.268804,0.684955],[0.712102,0.00501138,-0.702058]],[[-0.185284,-0.963182,-0.19481],[0.14769,-0.223285,0.9635],[0.971523,-0.149749,-0.183623]]],2],[1993,[-0.655218,0.0834827,0.750813],199,55.671,[-70.1461,96.3698,53.9811],[-67.7149,96.543,53.8239],[40.4429,-27.5213,19.4241],false,[-108.697,109.053,35.7258],[-65.2251,100.373,4.67126],[-40.4688,92.2726,33.1665],[-56.1525,94.2709,51.1384],[-71.5279,97.4342,54.9109],[[[-0.24251,-0.967693,-0.0689828],[-0.54415,0.194545,-0.816121],[-0.803175,0.160381,0.573749]],[[-0.220647,-0.971686,-0.084512],[0.734926,-0.108665,-0.669384],[-0.641248,0.209808,-0.738094]],[[-0.220647,-0.971686,-0.084512],[0.722499,-0.221038,0.655086],[0.655218,-0.0834827,-0.750813]],[[-0.220647,-0.971686,-0.084512],[0.210497,-0.132046,0.968636],[0.952369,-0.195937,-0.233673]]],3],[1994,[-0.535563,0.149351,0.831184],199,43.645,[-71.6041,85.1563,45.5451],[-69.0032,85.5502,45.2309],[43.6868,-17.6851,5.62498],false,[-108.993,97.0295,38.2904],[-72.6091,83.5187,6.60369],[-49.8106,81.0879,26.7978],[-58.8618,83.612,40.8451],[-72.508,86.2975,46.1739],[[[-0.240574,-0.96138,0.133687],[-0.644051,0.0550652,-0.762998],[-0.72617,0.269659,0.632425]],[[-0.166432,-0.983601,0.0694999],[0.644587,-0.161864,-0.7472],[-0.746196,0.0795589,-0.660956]],[[-0.166432,-0.983601,0.0694999],[0.827933,-0.101114,0.551637],[0.535563,-0.149351,-0.831184]],[[-0.166432,-0.983601,0.0694999],[0.364453,0.00413053,0.931213],[0.916229,-0.180313,-0.357788]]],4],[2000,[-0.818674,-0.369698,-0.439427],200,51.818,[12.6399,183.15,76.388],[-9.46451,172.052,110.559],[-118.683,-136.57,142.852],false,[75.8784,195.251,156.536],[75.8784,195.251,156.536],[32.2952,190.234,133.328],[4.54184,177.701,118.431],[-13.6093,166.91,108.655],[[[0.720071,-0.10322,-0.68618],[0.295716,0.940229,0.168885],[0.627734,-0.324524,0.707555]],[[0.469001,0.0111208,-0.883127],[-0.0944794,0.994815,-0.0376478],[0.878129,0.101094,0.46762]],[[0.469001,0.0111208,-0.883127],[-0.331378,0.929085,-0.164285],[0.818674,0.369698,0.439427]],[[0.469001,0.0111208,-0.883127],[-0.414224,0.885895,-0.208826],[0.780036,0.463752,0.420093]]],0],[2001,[-0.757703,-0.126408,-0.64024],200,58.4709,[-18.8089,186.794,28.7187],[-20.2042,186.059,30.3332],[-233.693,-281.758,34.9588],false,[87.8401,193.083,136.345],[36.9721,194.157,83.7905],[9.90281,191.449,50.857],[-8.30632,188.411,35.4707],[-22.5491,185.448,26.6984],[[[0.230419,-0.942447,-0.242284],[0.680673,0.334034,-0.652001],[0.695407,-0.0146826,0.718466]],[[0.29925,-0.939138,-0.16873],[0.713357,0.337639,-0.614103],[0.633697,0.0634055,0.770979]],[[0.29925,-0.939138,-0.16873],[0.579945,0.319439,-0.749415],[0.757703,0.126408,0.64024]],[[0.29925,-0.939138,-0.16873],[0.455536,0.295995,-0.839568],[0.838413,0.174378,0.516388]]],1],[2002,[-0.782975,-0.18563,0.59371],200,66.6229,[-5.12967,156.675,68.8402],[-31.6784,155.214,111.263],[-192.586,31.5863,326.478],false,[91.3755,182.243,131.886],[45.7111,174.271,80.2801],[-0.522901,162.705,85.3189],[-22.6604,157.456,102.105],[-33.5674,155.005,117.077],[[[0.202816,-0.978809,-0.0282648],[0.724931,0.16949,-0.667644],[0.658286,0.114919,0.743944]],[[0.244654,-0.969413,0.019549],[-0.0972069,-0.0445826,-0.994265],[0.964725,0.241351,-0.105141]],[[0.244654,-0.969413,0.019549],[-0.571922,-0.16056,-0.804441],[0.782975,0.18563,-0.59371]],[[0.244654,-0.969413,0.019549],[-0.774199,-0.207446,-0.597981],[0.583747,0.131164,-0.801271]]],2],[2003,[-0.886959,-0.195313,0.418518],200,64.0597,[-7.2931,135.396,83.1805],[-20.9694,132.704,99.8605],[-268.721,-23.3566,441.568],false,[93.9527,170.404,130.338],[56.2494,154.459,83.4002],[14.1822,140.31,81.4926],[-10.2477,134.93,93.0201],[-24.2228,133.089,105.12],[[[0.242248,-0.961202,0.131932],[0.758184,0.102702,-0.643901],[0.60537,0.256012,0.753648]],[[0.30325,-0.929759,0.208776],[0.106418,-0.184679,-0.97702],[0.94695,0.318499,0.0429392]],[[0.30325,-0.929759,0.208776],[-0.348344,-0.312091,-0.883886],[0.886959,0.195313,-0.418518]],[[0.30325,-0.929759,0.208776],[-0.584907,-0.354579,-0.729491],[0.752279,0.0991037,-0.651349]]],3],[2004,[-0.938105,-0.144334,0.314843],200,50.2216,[8.08858,121.243,91.7827],[2.27067,118.663,98.1264],[-305.1,-67.8273,392.316],false,[93.287,157.082,135.063],[63.5472,135.765,90.5091],[31.2156,122.415,86.9816],[12.9724,119.608,93.1043],[-1.51596,119.877,102.255],[[[0.182058,-0.928779,0.322837],[0.837117,-0.0258382,-0.546413],[0.515839,0.369731,0.772793]],[[0.288994,-0.827219,0.481862],[0.265976,-0.414143,-0.870484],[0.919641,0.379728,0.100336]],[[0.288994,-0.827219,0.481862],[-0.190895,-0.543025,-0.817731],[0.938105,0.144334,-0.314843]],[[0.288994,-0.827219,0.481862],[-0.449226,-0.561661,-0.69479],[0.845387,-0.0156745,-0.533925]]],4]],[[0,200,0],[235.247,235.247,147.751]]],[184786,7488880287,[[199,"left",[0.759864,0.0225128,-0.649692],[0.59814,-0.415662,0.685166],[-70.3931,113.552,22.9083],[54.7546,7.935,29.5698],[-73.9649,108.948,22.8886],0.575108,0,0.37405,[[-0.371898,-0.92009,-0.122988],[-0.810431,0.38643,-0.44031],[-0.452651,0.0640776,0.889382]],55.0588,[-215.362,123.013,255.989],[-109.758,108.064,48.4963]],[200,"right",[-0.548082,-0.11598,-0.828345],[-0.770193,-0.31625,0.553885],[56.7072,172.822,103.173],[-111.606,-88.8637,-0.302589],[57.1466,172.901,103.159],0.950875,0,0.291491,[[-0.0187148,-0.898858,-0.437841],[0.700847,0.300525,-0.646914],[0.713066,-0.318966,0.624338]],63.3552,[283.34,87.6434,312.238],[91.9147,173.271,144.631]]],[[1990,[0.745011,-0.642676,-0.178678],199,45.0324,[-29.0805,95.8639,53.9674],[-27.4139,95.5686,54.2187],[45.5439,-51.9448,-1.32528],false,[-100.151,126.516,64.9233],[-100.151,126.516,64.9233],[-57.0901,126.659,62.4412],[-35.1412,107.725,57.1771],[-25.5486,90.4251,52.9777],[[[-0.48918,0.0102968,-0.872122],[-0.359122,0.908855,0.212165],[-0.794817,-0.416985,0.440896]],[[-0.0570002,0.205546,-0.976986],[0.00857777,0.978642,0.205394],[-0.998337,-0.00332716,0.0575459]],[[-0.0570002,0.205546,-0.976986],[0.664612,0.73805,0.116502],[-0.745011,0.642676,0.178678]],[[-0.0570002,0.205546,-0.976986],[0.878487,0.475274,0.0487385],[-0.474354,0.855491,0.207661]]],0],[1991,[0.956625,-0.186054,-0.22417],199,50.814,[12.6454,119.308,-6.5278],[15.6358,122.455,-4.45137],[58.3421,48.9657,45.5196],false,[-105.006,127.41,45.0449],[-49.5858,134.483,14.7181],[-14.9916,129.487,2.21297],[4.9875,125.601,-2.46881],[19.2355,122.322,-4.51656],[[[-0.12343,-0.892553,-0.433722],[-0.474062,0.437002,-0.764391],[-0.871797,-0.111262,0.477065]],[[-0.257811,-0.898986,-0.354059],[-0.255185,0.41679,-0.872449],[-0.931887,0.134577,0.33686]],[[-0.257811,-0.898986,-0.354059],[-0.135651,0.396496,-0.907959],[-0.956625,0.186054,0.22417]],[[-0.257811,-0.898986,-0.354059],[-0.0460434,0.377462,-0.92488],[-0.965098,0.222142,0.138706]]],1],[1992,[-0.712761,-0.0178088,0.701181],199,57.8985,[-63.4804,107.614,57.6593],[-60.1004,107.74,58.0099],[55.0242,-46.0349,23.9766],false,[-106.558,118.715,39.1128],[-55.4749,117.958,7.11013],[-30.8547,106.287,38.6102],[-48.3681,105.85,55.839],[-64.1478,108.214,58.8509],[[[-0.157442,-0.960711,-0.228574],[-0.50713,0.277265,-0.816053],[-0.847367,0.0125643,0.530858]],[[-0.184216,-0.959831,-0.211636],[0.78525,-0.0142207,-0.619015],[-0.59114,0.28022,-0.756327]],[[-0.184216,-0.959831,-0.211636],[0.676784,-0.280015,0.680849],[0.712761,0.0178088,-0.701181]],[[-0.184216,-0.959831,-0.211636],[0.147218,-0.239837,0.959586],[0.971798,-0.145614,-0.185486]]],2],[1993,[-0.653864,0.0697091,0.753394],199,55.671,[-69.9493,96.3535,53.9711],[-66.9815,95.9794,53.6089],[53.6781,-38,7.75712],false,[-108.015,108.774,35.6871],[-64.5188,100.662,4.51269],[-39.7226,92.0829,32.8324],[-55.3739,93.7515,50.8661],[-70.7458,96.8365,54.7167],[[[-0.241742,-0.966541,-0.08579],[-0.543836,0.208178,-0.81296],[-0.803619,0.149871,0.575965]],[[-0.220072,-0.970217,-0.101228],[0.734196,-0.0964169,-0.672057],[-0.642281,0.222222,-0.733548]],[[-0.220072,-0.970217,-0.101228],[0.723899,-0.23199,0.649731],[0.653864,-0.0697091,-0.753394]],[[-0.220072,-0.970217,-0.101228],[0.212068,-0.148875,0.965849],[0.952153,-0.191089,-0.238515]]],3],[1994,[-0.536073,0.13467,0.83336],199,43.645,[-71.3459,85.1671,45.457],[-68.319,85.1449,44.8154],[53.1953,-25.3112,-8.17672],false,[-108