{"metadata":{"formatVersion":2,"generatedBy":"LeapJS Playback 0.2.1","frames":189,"protocolVersion":6,"serviceVersion":"2.2.4+26750","frameRate":"1.1e+2","modified":"Sun Apr 12 2015 15:16:56 GMT-0300 (E. South America Standard Time)"},"frames":[["id","timestamp",{"hands":[["id","type","direction","palmNormal","palmPosition","palmVelocity","stabilizedPalmPosition","pinchStrength","grabStrength","confidence","armBasis","armWidth","elbow","wrist"]]},{"pointables":[["id","direction","handId","length","stabilizedTipPosition","tipPosition","tipVelocity","tool","carpPosition","mcpPosition","pipPosition","dipPosition","btipPosition","bases","type"]]},{"interactionBox":["center","size"]}],[34509,5675780543,[[40,"right",[-0.287792,0.14208,-0.947095],[-0.414959,-0.909781,-0.0103895],[-53.0513,217.655,64.2956],[8.975,-6.62608,20.6941],[-54.9808,217.272,59.8785],1,0,0.642893,[[0.581872,0.0179914,-0.813081],[0.493309,0.78703,0.370446],[0.646584,-0.616652,0.449075]],57.79,[126.967,60.563,218.469],[-31.3639,211.564,108.502]]],[[400,[-0.174899,-0.516437,-0.838274],40,47.2663,[-78.7579,167.054,33.4437],[-78.4822,169.026,44.2307],[-5.45611,-3.06721,27.2656],false,[-56.8514,212.296,119.634],[-56.8514,212.296,119.634],[-75.5154,194.915,82.229],[-80.9237,178.945,56.3074],[-78.0333,165.637,40.0268],[[[0.662312,0.684516,-0.3046],[-0.396747,0.6653,0.63243],[0.635558,-0.298017,0.712216]],[[0.388939,0.745913,-0.540685],[-0.823873,0.544252,0.158186],[0.412262,0.383931,0.826218]],[[0.388939,0.745913,-0.540685],[-0.904509,0.420603,-0.0704026],[0.174899,0.516437,0.838274]],[[0.388939,0.745913,-0.540685],[-0.911144,0.224698,-0.345439],[-0.136177,0.626997,0.767028]]],0],[401,[-0.445949,0.0635572,-0.892799],40,53.3347,[-109.702,239.142,-15.1218],[-109.978,239.232,-14.7624],[12.26,-15.9693,16.5778],false,[-45.972,226.956,108.28],[-78.362,231.514,50.1246],[-94.1542,237.889,15.0793],[-103.93,239.282,-4.49177],[-111.303,238.968,-18.1174],[[[0.802551,-0.360623,-0.47525],[0.346785,0.930206,-0.120234],[0.48544,-0.068316,0.871597]],[[0.822903,-0.363253,-0.436896],[0.398201,0.917212,-0.012587],[0.405299,-0.163615,0.899424]],[[0.822903,-0.363253,-0.436896],[0.35208,0.92952,-0.109691],[0.445949,-0.0635572,0.892799]],[[0.822903,-0.363253,-0.436896],[0.310561,0.93147,-0.189513],[0.475797,0.0202677,0.879322]]],1],[402,[-0.232675,-0.766075,0.599159],40,60.7706,[-92.2508,172.41,43.2668],[-91.2962,173.854,51.5411],[1.23405,-4.72845,35.2891],false,[-36.83,224.445,102.379],[-60.3378,225.52,43.6422],[-88.0003,198.004,23.9296],[-94.001,178.246,39.3819],[-90.6835,172.284,54.9995],[[[0.789801,-0.519796,-0.325618],[0.488047,0.854121,-0.179685],[0.371517,-0.0170018,0.928271]],[[0.774298,-0.518699,-0.362511],[0.00571258,0.578555,-0.815623],[0.632795,0.629465,0.450937]],[[0.774298,-0.518699,-0.362511],[-0.588494,-0.37958,-0.713859],[0.232675,0.766075,-0.599159]],[[0.774298,-0.518699,-0.362511],[-0.602141,-0.780096,-0.169931],[-0.194651,0.34986,-0.916356]]],2],[403,[-0.43168,-0.761208,0.483958],40,58.4326,[-76.2462,171.315,38.7193],[-75.3913,171.345,42.3568],[0.0937843,-3.21838,16.6832],false,[-27.9513,219.392,97.9311],[-41.5461,216.959,42.8249],[-64.4081,195.404,17.2371],[-75.2536,176.28,29.396],[-75.4088,170.267,45.238],[[[0.796811,-0.57953,-0.170988],[0.554822,0.813825,-0.172807],[0.239301,0.0428262,0.97]],[[0.785727,-0.58084,-0.212739],[0.253615,0.616181,-0.745654],[0.564191,0.531927,0.63146]],[[0.785727,-0.58084,-0.212739],[-0.443041,-0.288424,-0.848838],[0.43168,0.761208,-0.483958]],[[0.785727,-0.58084,-0.212739],[-0.618505,-0.732623,-0.284103],[0.0091608,0.354808,-0.934894]]],3],[404,[-0.561552,-0.665865,0.491206],40,45.8101,[-58.1346,173.385,39.8658],[-56.9828,174.398,44.5113],[2.36449,-8.7633,22.9477],false,[-20.851,208.72,96.4129],[-25.9186,205.509,44.1672],[-45.4629,190.304,23.79],[-55.424,178.493,32.5033],[-57.3156,173.478,47.1887],[[[0.716453,-0.697126,-0.0266532],[0.690948,0.714344,-0.110917],[0.0963628,0.0610509,0.993472]],[[0.699143,-0.69934,-0.148738],[0.373857,0.534902,-0.757701],[0.609451,0.474135,0.635426]],[[0.699143,-0.69934,-0.148738],[-0.442559,-0.259899,-0.858251],[0.561552,0.665865,-0.491206]],[[0.699143,-0.69934,-0.148738],[-0.704669,-0.638777,-0.308879],[0.121001,0.320761,-0.939399]]],4]],[[0,200,0],[235.247,235.247,147.751]]],[34510,5675789147,[[40,"right",[-0.288119,0.140858,-0.947178],[-0.416121,-0.909268,-0.0086423],[-53.0022,217.63,64.433],[8.11391,-5.64049,19.4459],[-54.978,217.273,59.8852],1,0,0.64453,[[0.581028,0.0176138,-0.813693],[0.494679,0.786261,0.370252],[0.646296,-0.617644,0.448127]],57.79,[126.962,60.3418,218.372],[-31.2988,211.586,108.638]]],[[400,[-0.177828,-0.516129,-0.837847],40,47.2663,[-78.7578,167.056,33.4585],[-78.5149,169.017,44.4052],[-4.83754,-1.63748,25.282],false,[-56.7794,212.369,119.782],[-56.7794,212.369,119.782],[-75.4083,194.939,82.3825],[-80.9072,178.979,56.4741],[-78.073,165.653,40.1978],[[[0.663018,0.683161,-0.3061],[-0.395562,0.666863,0.631525],[0.635561,-0.297631,0.712375]],[[0.390557,0.744473,-0.541503],[-0.823495,0.545462,0.155974],[0.411488,0.385008,0.826103]],[[0.390557,0.744473,-0.541503],[-0.90324,0.423521,-0.0691892],[0.177828,0.516129,0.837847]],[[0.390557,0.744473,-0.541503],[-0.910844,0.227185,-0.344602],[-0.133526,0.627811,0.766827]]],0],[401,[-0.44542,0.063378,-0.893076],40,53.3347,[-109.604,239.082,-15.0033],[-109.881,239.177,-14.6564],[12.3123,-12.4308,15.4461],false,[-45.8874,226.996,108.398],[-78.3028,231.498,50.2523],[-94.0618,237.876,15.1928],[-103.826,239.266,-4.38438],[-111.194,238.945,-18.012],[[[0.801837,-0.36244,-0.475073],[0.347903,0.929562,-0.121979],[0.48582,-0.0674725,0.871451]],[[0.822506,-0.365066,-0.436131],[0.399881,0.916475,-0.0129975],[0.404448,-0.16371,0.899789]],[[0.822506,-0.365066,-0.436131],[0.353672,0.928822,-0.110479],[0.44542,-0.063378,0.893076]],[[0.822506,-0.365066,-0.436131],[0.31202,0.930751,-0.190647],[0.475528,0.0207271,0.879456]]],1],[402,[-0.23338,-0.76481,0.6005],40,60.7706,[-92.2506,172.41,43.2685],[-91.3122,173.855,51.769],[0.423854,-3.4231,32.9692],false,[-36.7518,224.463,102.496],[-60.2897,225.47,43.7703],[-87.9978,197.957,24.117],[-94.0167,178.232,39.6039],[-90.6993,172.29,55.2294],[[[0.788965,-0.521345,-0.325168],[0.489036,0.853197,-0.181377],[0.371992,-0.0159185,0.928099]],[[0.77344,-0.52029,-0.362061],[0.00603692,0.577213,-0.816571],[0.63384,0.629383,0.449581]],[[0.77344,-0.52029,-0.362061],[-0.589342,-0.379953,-0.71296],[0.23338,0.76481,-0.6005]],[[0.77344,-0.52029,-0.362061],[-0.603243,-0.77958,-0.168383],[-0.194648,0.348645,-0.91682]]],2],[403,[-0.433681,-0.760754,0.482881],40,58.4326,[-76.2447,171.316,38.7245],[-75.4135,171.375,42.4172],[-0.740217,-1.42501,13.4911],false,[-27.8819,219.391,98.0522],[-41.5093,216.883,42.9573],[-64.3765,195.416,17.301],[-75.2723,176.303,29.4329],[-75.4374,170.3,45.2785],[[[0.795982,-0.58083,-0.170442],[0.555764,0.812827,-0.174467],[0.239875,0.0441475,0.969799]],[[0.784823,-0.582198,-0.212364],[0.256116,0.616754,-0.744324],[0.564321,0.529773,0.633153]],[[0.784823,-0.582198,-0.212364],[-0.442689,-0.286878,-0.849545],[0.433681,0.760754,-0.482881]],[[0.784823,-0.582198,-0.212364],[-0.619644,-0.731825,-0.283679],[0.00974432,0.354228,-0.935108]]],3],[404,[-0.562734,-0.664521,0.491672],40,45.8101,[-58.1285,173.391,39.8858],[-56.9887,174.366,44.6619],[1.55128,-7.49706,21.5644],false,[-20.796,208.708,96.548],[-25.8957,205.416,44.3106],[-45.4442,190.225,23.9273],[-55.4263,178.437,32.6489],[-57.3229,173.451,47.3431],[[[0.715551,-0.698081,-0.0258666],[0.691797,0.713278,-0.112484],[0.0969729,0.0625935,0.993317]],[[0.698239,-0.700486,-0.147587],[0.375325,0.533777,-0.757768],[0.609584,0.473711,0.635614]],[[0.698239,-0.700486,-0.147587],[-0.442484,-0.260253,-0.858182],[0.562734,0.664521,-0.491672]],[[0.698239,-0.700486,-0.147587],[-0.70551,-0.638417,-0.3077],[0.121317,0.318972,-0.939967]]],4]],[[0,200,0],[235.247,235.247,147.751]]],[34511,5675798110,[[40,"right",[-0.288541,0.139959,-0.947183],[-0.416972,-0.90889,-0.00727839],[-52.9706,217.614,64.5433],[6.85737,-4.59085,17.4937],[-54.9755,217.273,59.8909],1,0,0.647509,[[0.580216,0.017299,-0.814279],[0.495742,0.785741,0.369935],[0.646211,-0.618314,0.447324]],57.79,[126.993,60.1957,218.281],[-31.2471,211.604,108.743]]],[[400,[-0.180217,-0.515859,-0.837503],40,47.2663,[-78.7578,167.058,33.4696],[-78.5552,169.014,44.5433],[-4.70125,-0.555856,22.5396],false,[-56.7203,212.424,119.901],[-56.7203,212.424,119.901],[-75.3319,194.959,82.5093],[-80.9047,179.007,56.6116],[-78.1243,165.671,40.3343],[[[0.663475,0.682166,-0.307329],[-0.394572,0.668009,0.630933],[0.635699,-0.297344,0.712371]],[[0.391636,0.743413,-0.542179],[-0.823174,0.546356,0.154532],[0.411104,0.385787,0.825931]],[[0.391636,0.743413,-0.542179],[-0.902299,0.425706,-0.0680529],[0.180217,0.515859,0.837503]],[[0.391636,0.743413,-0.542179],[-0.910748,0.229311,-0.343445],[-0.130994,0.628294,0.766869]]],0],[401,[-0.445134,0.0632885,-0.893224],40,53.3347,[-109.529,239.049,-14.9043],[-109.823,239.142,-14.5613],[10.9151,-9.33476,14.1481],false,[-45.8215,227.027,108.493],[-78.2666,231.488,50.3603],[-94.0044,237.872,15.2924],[-103.762,239.26,-4.28803],[-111.13,238.933,-17.9162],[[[0.801222,-0.363772,-0.475093],[0.348697,0.929086,-0.123328],[0.486266,-0.0668506,0.87125]],[[0.822155,-0.366396,-0.435678],[0.401151,0.915916,-0.0132656],[0.403905,-0.163866,0.900005]],[[0.822155,-0.366396,-0.435678],[0.354848,0.928304,-0.111063],[0.445134,-0.0632885,0.893224]],[[0.822155,-0.366396,-0.435678],[0.313065,0.93022,-0.191521],[0.475449,0.0210642,0.879491]]],1],[402,[-0.233792,-0.763889,0.601511],40,60.7706,[-92.2505,172.41,43.2698],[-91.3314,173.856,51.9522],[-0.270215,-2.38528,29.5469],false,[-36.6916,224.478,102.588],[-60.2629,225.435,43.8753],[-88.0083,197.925,24.2704],[-94.0378,178.224,39.7834],[-90.7176,172.297,55.414],[[[0.788289,-0.52248,-0.324984],[0.489724,0.852517,-0.182714],[0.372519,-0.0151208,0.927901]],[[0.772741,-0.521456,-0.361877],[0.00612298,0.576234,-0.817262],[0.634692,0.629316,0.448472]],[[0.772741,-0.521456,-0.361877],[-0.590095,-0.380208,-0.7122],[0.233792,0.763889,-0.601511]],[[0.772741,-0.521456,-0.361877],[-0.604086,-0.779192,-0.167152],[-0.194809,0.347771,-0.917118]]],2],[403,[-0.435265,-0.760548,0.48178],40,58.4326,[-76.2437,171.316,38.7283],[-75.4387,171.408,42.4462],[-1.41287,-0.0111104,10.2575],false,[-27.8291,219.393,98.1457],[-41.491,216.83,43.0619],[-64.3603,195.441,17.3423],[-75.2959,176.333,29.4465],[-75.4676,170.335,45.2939],[[[0.795341,-0.58178,-0.170189],[0.556418,0.812094,-0.175794],[0.240483,0.0451195,0.969604]],[[0.784122,-0.583193,-0.212223],[0.258139,0.617466,-0.743034],[0.564373,0.527847,0.634714]],[[0.784122,-0.583193,-0.212223],[-0.442376,-0.285401,-0.850206],[0.435265,0.760548,-0.48178]],[[0.784122,-0.583193,-0.212223],[-0.620524,-0.731168,-0.283449],[0.0101348,0.353948,-0.93521]]],3],[404,[-0.56364,-0.663543,0.491956],40,45.8101,[-58.124,173.395,39.9012],[-56.9979,174.35,44.7689],[0.845537,-5.99966,19.0227],false,[-20.754,208.701,96.6506],[-25.8873,205.35,44.4202],[-45.4356,190.172,24.0267],[-55.4338,178.402,32.7533],[-57.3326,173.438,47.4548],[[[0.714886,-0.698778,-0.0254229],[0.692394,0.712494,-0.113767],[0.0976113,0.0637275,0.993182]],[[0.697579,-0.701326,-0.146713],[0.376559,0.533047,-0.757671],[0.609579,0.473289,0.635933]],[[0.697579,-0.701326,-0.146713],[-0.442372,-0.260485,-0.858169],[0.56364,0.663543,-0.491956]],[[0.697579,-0.701326,-0.146713],[-0.706138,-0.638206,-0.306696],[0.121461,0.317545,-0.940432]]],4]],[[0,200,0],[235.247,235.247,147.751]]],[34512,5675806508,[[40,"right",[-0.288967,0.139649,-0.947099],[-0.416643,-0.909044,-0.00691704],[-52.9516,217.619,64.5832],[5.66659,-3.24741,14.1956],[-54.9735,217.274,59.8954],1,0,0.653883,[[0.580542,0.0175029,-0.814042],[0.495704,0.785542,0.370406],[0.645948,-0.618561,0.447364]],57.79,[126.967,60.1579,218.323],[-31.2084,211.627,108.776]]],[[400,[-0.18242,-0.514812,-0.83767],40,47.2663,[-78.7579,167.059,33.4774],[-78.5669,169.021,44.5587],[-4.23759,0.604264,17.2187],false,[-56.6776,212.44,119.943],[-56.6776,212.44,119.943],[-75.2522,194.95,82.5448],[-80.8931,179.031,56.6419],[-78.1595,165.707,40.3469],[[[0.663104,0.682341,-0.307739],[-0.394566,0.668002,0.630945],[0.63609,-0.296959,0.712184]],[[0.391631,0.74342,-0.542173],[-0.823583,0.545968,0.15372],[0.410288,0.386323,0.826086]],[[0.391631,0.74342,-0.542173],[-0.901858,0.426961,-0.0660013],[0.18242,0.514812,0.83767]],[[0.391631,0.74342,-0.542173],[-0.911064,0.23083,-0.341583],[-0.12879,0.627729,0.767704]]],0],[401,[-0.44493,0.0632625,-0.893328],40,53.3347,[-109.483,239.034,-14.8422],[-109.8,239.125,-14.5216],[8.92619,-6.90407,11.7331],false,[-45.7886,227.044,108.528],[-78.2583,231.48,50.4073],[-93.9831,237.878,15.3357],[-103.736,239.264,-4.24697],[-111.102,238.933,-17.876],[[[0.801166,-0.363582,-0.475332],[0.348309,0.929187,-0.123666],[0.486635,-0.066485,0.871072]],[[0.822329,-0.366214,-0.435502],[0.401132,0.915931,-0.0127772],[0.403569,-0.164187,0.900097]],[[0.822329,-0.366214,-0.435502],[0.3547,0.928378,-0.110917],[0.44493,-0.0632625,0.893328]],[[0.822329,-0.366214,-0.435502],[0.312774,0.930284,-0.191686],[0.475339,0.0214151,0.879542]]],1],[402,[-0.233323,-0.763878,0.601707],40,60.7706,[-92.2504,172.41,43.2706],[-91.304,173.843,52.0136],[0.662561,-2.14743,23.7893],false,[-36.6601,224.498,102.62],[-60.255,225.433,43.9164],[-87.9982,197.91,24.327],[-94.0156,178.209,39.845],[-90.6879,172.285,55.4753],[[[0.788351,-0.522263,-0.325184],[0.48934,0.852657,-0.183092],[0.372892,-0.0147845,0.927757]],[[0.772785,-0.521252,-0.362077],[0.00561312,0.57609,-0.817367],[0.634643,0.629617,0.44812]],[[0.772785,-0.521252,-0.362077],[-0.590223,-0.380509,-0.711933],[0.233323,0.763878,-0.601707]],[[0.772785,-0.521252,-0.362077],[-0.603887,-0.779418,-0.16682],[-0.195254,0.34757,-0.917099]]],2],[403,[-0.435635,-0.76118,0.480445],40,58.4326,[-76.2429,171.317,38.7308],[-75.4117,171.444,42.388],[-0.283782,1.09587,5.65968],false,[-27.7975,219.415,98.1752],[-41.4803,216.834,43.0975],[-64.3276,195.498,17.3148],[-75.2724,176.374,29.3855],[-75.4424,170.369,45.2302],[[[0.795486,-0.581527,-0.170378],[0.556052,0.812258,-0.176189],[0.24085,0.0454168,0.969499]],[[0.784222,-0.582954,-0.212507],[0.25902,0.618794,-0.741621],[0.56383,0.526553,0.636269]],[[0.784222,-0.582954,-0.212507],[-0.441834,-0.2842,-0.85089],[0.435635,0.76118,-0.480445]],[[0.784222,-0.582954,-0.212507],[-0.620399,-0.731161,-0.283742],[0.0100317,0.354356,-0.935057]]],3],[404,[-0.565077,-0.664406,0.489135],40,45.8101,[-58.1207,173.399,39.9116],[-56.9527,174.393,44.6675],[1.92806,-3.03236,10.1819],false,[-20.7191,208.725,96.6796],[-25.8718,205.36,44.452],[-45.3534,190.238,23.9534],[-55.377,178.453,32.6299],[-57.2947,173.482,47.3266],[[[0.715131,-0.698523,-0.025555],[0.692089,0.712722,-0.114195],[0.0979812,0.0639777,0.99313]],[[0.69792,-0.70112,-0.146075],[0.379284,0.53486,-0.755029],[0.607496,0.471545,0.639213]],[[0.69792,-0.70112,-0.146075],[-0.439996,-0.258833,-0.859889],[0.565077,0.664406,-0.489135]],[[0.69792,-0.70112,-0.146075],[-0.705592,-0.638214,-0.307934],[0.122672,0.317983,-0.940127]]],4]],[[0,200,0],[235.247,235.247,147.751]]],[34513,5675815577,[[40,"right",[-0.28932,0.139428,-0.947024],[-0.416282,-0.909211,-0.00668496],[-52.9415,217.618,64.6149],[4.40941,-2.37943,11.2364],[-54.9718,217.274,59.8994],1,0,0.657326,[[0.580935,0.017805,-0.813755],[0.495609,0.785324,0.370995],[0.645667,-0.618829,0.447398]],57.79,[126.924,60.1049,218.357],[-31.182,211.639,108.801]]],[[400,[-0.184589,-0.513658,-0.837904],40,47.2663,[-78.7579,167.06,33.4839],[-78.5856,169.027,44.5612],[-3.99831,1.41755,12.6626],false,[-56.648,212.444,119.977],[-56.648,212.444,119.977],[-75.1907,194.939,82.5695],[-80.8986,179.055,56.6594],[-78.1975,165.742,40.3503],[[[0.662735,0.682571,-0.308023],[-0.394635,0.667914,0.630994],[0.636432,-0.296625,0.712017]],[[0.39164,0.743497,-0.542061],[-0.82393,0.545622,0.15309],[0.409582,0.386664,0.826277]],[[0.39164,0.743497,-0.542061],[-0.901413,0.428215,-0.0639277],[0.184589,0.513658,0.837904]],[[0.39164,0.743497,-0.542061],[-0.911276,0.231944,-0.340262],[-0.127256,0.627228,0.768369]]],0],[401,[-0.444498,0.0634842,-0.893528],40,53.3347,[-109.443,239.029,-14.7964],[-109.771,239.115,-14.4963],[7.53326,-4.63158,9.27194],false,[-45.7684,227.051,108.556],[-78.2582,231.468,50.4453],[-93.9613,237.886,15.3679],[-103.705,239.277,-4.21918],[-111.066,238.944,-17.851],[[[0.801162,-0.363315,-0.475543],[0.347899,0.929312,-0.123879],[0.486935,-0.0661938,0.870926]],[[0.822594,-0.365963,-0.435212],[0.401145,0.915936,-0.011991],[0.403015,-0.16472,0.900248]],[[0.822594,-0.365963,-0.435212],[0.354627,0.928462,-0.110448],[0.444498,-0.0634842,0.893527]],[[0.822594,-0.365963,-0.435212],[0.312588,0.930381,-0.191519],[0.475002,0.0215001,0.879722]]],1],[402,[-0.232878,-0.763939,0.601801],40,60.7706,[-92.2504,172.41,43.2712],[-91.2829,173.823,52.0588],[1.13937,-2.11243,18.5914],false,[-36.6408,224.507,102.646],[-60.2544,225.427,43.9494],[-87.993,197.891,24.3702],[-93.9989,178.189,39.8907],[-90.6647,172.268,55.5203],[[[0.788457,-0.521984,-0.325373],[0.488943,0.852831,-0.183341],[0.37319,-0.0145323,0.927641]],[[0.772876,-0.520983,-0.362269],[0.00515123,0.576033,-0.81741],[0.634536,0.629891,0.447886]],[[0.772876,-0.520983,-0.362269],[-0.59028,-0.380753,-0.711756],[0.232878,0.76394,-0.601801]],[[0.772876,-0.520983,-0.362269],[-0.603647,-0.779646,-0.166622],[-0.195634,0.347461,-0.91706]]],2],[403,[-0.435574,-0.761575,0.479874],40,58.4326,[-76.2423,171.317,38.7328],[-75.3892,171.458,42.3642],[0.458701,1.13902,3.60703],false,[-27.7775,219.427,98.1988],[-41.4766,216.836,43.1256],[-64.3113,195.521,17.3138],[-75.2546,176.387,29.3701],[-75.4195,170.38,45.214],[[[0.795664,-0.581228,-0.170564],[0.555672,0.812461,-0.176454],[0.241137,0.0456209,0.969418]],[[0.784371,-0.582666,-0.212748],[0.259244,0.619523,-0.740934],[0.563519,0.526014,0.636989]],[[0.784371,-0.582666,-0.212748],[-0.441629,-0.283732,-0.851152],[0.435574,0.761575,-0.479874]],[[0.784371,-0.582666,-0.212748],[-0.620215,-0.731325,-0.28372],[0.00972626,0.354491,-0.935009]]],3],[404,[-0.567057,-0.665516,0.48532],40,45.8101,[-58.1166,173.403,39.9239],[-56.9106,174.44,44.5151],[2.55751,-0.67676,1.74414],false,[-20.6953,208.74,96.7021],[-25.8631,205.368,44.4765],[-45.2567,190.317,23.8427],[-55.3155,178.512,32.4515],[-57.2635,173.529,47.1403],[[[0.715402,-0.698241,-0.025702],[0.691769,0.712985,-0.114491],[0.0982677,0.0641275,0.993092]],[[0.698355,-0.700881,-0.145141],[0.382848,0.537117,-0.75162],[0.604754,0.469331,0.643429]],[[0.698355,-0.700881,-0.145141],[-0.436745,-0.256622,-0.862206],[0.567057,0.665516,-0.48532]],[[0.698355,-0.700881,-0.145141],[-0.70482,-0.638099,-0.309933],[0.124612,0.318742,-0.939615]]],4]],[[0,200,0],[235.247,235.247,147.751]]],[34514,5675823877,[[40,"right",[-0.289591,0.139244,-0.946968],[-0.41597,-0.909355,-0.00650608],[-52.9357,217.614,64.6368],[3.45788,-1.88356,9.03494],[-54.9705,217.274,59.9024],1,0,0.659175,[[0.581141,0.0180451,-0.813603],[0.49549,0.785239,0.371335],[0.645573,-0.61893,0.447393]],57.79,[126.92,60.0877,218.373],[-31.1638,211.647,108.819]]],[[400,[-0.186173,-0.512832,-0.838059],40,47.2663,[-78.7579,167.061,33.4888],[-78.5924,169.024,44.5647],[-3.31319,1.49925,9.67279],false,[-56.6274,212.444,120],[-56.6274,212.444,120],[-75.1442,194.924,82.5869],[-80.9012,179.066,56.6719],[-78.211,165.757,40.3573],[[[0.662427,0.682772,-0.30824],[-0.394717,0.667835,0.631028],[0.636702,-0.296342,0.711893]],[[0.391584,0.743571,-0.542001],[-0.82424,0.545293,0.152591],[0.409011,0.386987,0.826408]],[[0.391584,0.743571,-0.542001],[-0.901112,0.429076,-0.0623838],[0.186173,0.512832,0.838059]],[[0.391584,0.743571,-0.542001],[-0.911372,0.23229,-0.339768],[-0.12674,0.627012,0.76863]]],0],[401,[-0.443968,0.0639475,-0.893758],40,53.3347,[-109.408,239.036,-14.7674],[-109.736,239.118,-14.4843],[6.88782,-2.48601,7.29373],false,[-45.7555,227.054,108.576],[-78.2605,231.454,50.472],[-93.936,237.906,15.3884],[-103.668,239.308,-4.20374],[-111.023,238.976,-17.8388],[[[0.801175,-0.363082,-0.475699],[0.347549,0.929421,-0.124044],[0.487163,-0.0659482,0.870818]],[[0.82285,-0.365743,-0.434913],[0.401332,0.915868,-0.01089],[0.402306,-0.165584,0.900406]],[[0.82285,-0.365743,-0.434913],[0.354698,0.928516,-0.109759],[0.443968,-0.0639475,0.893758]],[[0.82285,-0.365743,-0.434913],[0.312513,0.930469,-0.191213],[0.474608,0.0214236,0.879936]]],1],[402,[-0.232517,-0.763998,0.601866],40,60.7706,[-92.2503,172.41,43.2717],[-91.2673,173.803,52.0907],[1.34571,-2.14567,14.8104],false,[-36.6285,224.513,102.664],[-60.2562,225.419,43.9724],[-87.99,197.873,24.4008],[-93.9866,178.17,39.9229],[-90.6474,172.249,55.552],[[[0.788561,-0.521741,-0.325512],[0.488605,0.852984,-0.183532],[0.373412,-0.0143209,0.927555]],[[0.772968,-0.520749,-0.36241],[0.0047827,0.57599,-0.817442],[0.634427,0.630124,0.447713]],[[0.772968,-0.520749,-0.36241],[-0.590302,-0.380957,-0.711629],[0.232517,0.763998,-0.601866]],[[0.772968,-0.520749,-0.36241],[-0.603434,-0.779841,-0.166481],[-0.195927,0.347375,-0.917029]]],2],[403,[-0.435639,-0.761963,0.479198],40,58.4326,[-76.2417,171.318,38.7349],[-75.3716,171.472,42.3272],[0.869063,1.18618,1.68074],false,[-27.7644,219.435,98.2146],[-41.4756,216.834,43.1449],[-64.2944,195.543,17.299],[-75.2394,176.4,29.3384],[-75.4018,170.39,45.1813],[[[0.795825,-0.580969,-0.170699],[0.55535,0.812637,-0.176657],[0.241349,0.0457905,0.969358]],[[0.784524,-0.582415,-0.212876],[0.259634,0.620269,-0.740173],[0.563128,0.525413,0.637831]],[[0.784524,-0.582415,-0.212876],[-0.441295,-0.283205,-0.8515],[0.435639,0.761963,-0.479198]],[[0.784524,-0.582415,-0.212876],[-0.620025,-0.731453,-0.283805],[0.0095839,0.35464,-0.934954]]],3],[404,[-0.568519,-0.666202,0.482661],40,45.8101,[-58.1127,173.406,39.9345],[-56.877,174.471,44.3995],[2.86838,0.453109,-2.74943],false,[-20.679,208.751,96.7173],[-25.8579,205.372,44.4932],[-45.1802,190.363,23.7622],[-55.265,178.545,32.3239],[-57.238,173.559,47.0081],[[[0.715636,-0.697996,-0.0258079],[0.691496,0.713213,-0.114717],[0.0984789,0.0642499,0.993063]],[[0.698789,-0.700677,-0.144031],[0.385549,0.538521,-0.749231],[0.602533,0.468023,0.646458]],[[0.698789,-0.700677,-0.144031],[-0.434143,-0.255394,-0.863883],[0.568519,0.666202,-0.482661]],[[0.698789,-0.700677,-0.144031],[-0.704105,-0.638213,-0.31132],[0.126213,0.31896,-0.939327]]],4]],[[0,200,0],[235.247,235.247,147.751]]],[34515,5675832888,[[40,"right",[-0.289886,0.139007,-0.946912],[-0.415618,-0.909518,-0.006281],[-52.9288,217.607,64.6565],[2.71941,-1.57062,7.15274],[-54.9694,217.274,59.9051],1,0,0.6615,[[0.58126,0.0183492,-0.813511],[0.495344,0.785188,0.371638],[0.645578,-0.618986,0.447309]],57.79,[126.941,60.0817,218.368],[-31.1433,211.655,108.834]]],[[400,[-0.187656,-0.512016,-0.838227],40,47.2663,[-78.758,167.062,33.4932],[-78.5876,169.018,44.568],[-2.22804,1.45344,7.23255],false,[-56.6044,212.443,120.021],[-56.6044,212.443,120.021],[-75.0925,194.909,82.6005],[-80.8953,179.076,56.6804],[-78.2054,165.77,40.3641],[[[0.662083,0.68299,-0.308498],[-0.394816,0.667764,0.63104],[0.636998,-0.296001,0.71177]],[[0.391597,0.743634,-0.541904],[-0.824548,0.544987,0.152021],[0.408379,0.387294,0.826577]],[[0.391597,0.743634,-0.541904],[-0.900798,0.429939,-0.0609566],[0.187656,0.512016,0.838227]],[[0.391597,0.743634,-0.541904],[-0.911367,0.232348,-0.339741],[-0.126733,0.626915,0.768711]]],0],[401,[-0.443241,0.0646306,-0.894069],40,53.3347,[-109.366,239.054,-14.745],[-109.69,239.124,-14.4792],[6.67215,-0.61209,5.4532],false,[-45.7411,227.056,108.592],[-78.2625,231.435,50.4963],[-93.9042,237.925,15.4046],[-103.621,239.342,-4.19433],[-110.965,239.016,-17.8347],[[[0.801196,-0.362832,-0.475856],[0.347156,0.92954,-0.124254],[0.48741,-0.0656442,0.870702]],[[0.823165,-0.365511,-0.434512],[0.401555,0.915784,-0.00962499],[0.401437,-0.166558,0.900615]],[[0.823165,-0.365511,-0.434512],[0.354875,0.928561,-0.108808],[0.443241,-0.0646306,0.894069]],[[0.823165,-0.365511,-0.434512],[0.312606,0.930569,-0.190574],[0.474,0.0210426,0.880273]]],1],[402,[-0.232113,-0.764043,0.601965],40,60.7706,[-92.2503,172.411,43.272],[-91.249,173.778,52.1228],[1.5533,-2.28523,11.716],false,[-36.6145,224.517,102.678],[-60.2575,225.407,43.993],[-87.9857,197.849,24.4305],[-93.972,178.144,39.9552],[-90.6272,172.226,55.5839],[[[0.788681,-0.521477,-0.325644],[0.488226,0.85315,-0.183768],[0.373654,-0.0140538,0.927462]],[[0.773076,-0.520495,-0.362545],[0.00437377,0.575915,-0.817498],[0.634299,0.630402,0.447503]],[[0.773076,-0.520495,-0.362545],[-0.59032,-0.381213,-0.711477],[0.232113,0.764043,-0.601965]],[[0.773076,-0.520495,-0.362545],[-0.603191,-0.780068,-0.166299],[-0.196252,0.347246,-0.917009]]],2],[403,[-0.435686,-0.762359,0.478525],40,58.4326,[-76.2403,171.318,38.7392],[-75.349,171.485,42.2824],[1.34191,1.25631,0.000289385],false,[-27.7497,219.443,98.2277],[-41.4738,216.829,43.1618],[-64.2732,195.566,17.2759],[-75.2194,176.413,29.2983],[-75.3775,170.403,45.1414],[[[0.796007,-0.580682,-0.170825],[0.554989,0.81283,-0.176905],[0.241577,0.0460116,0.96929]],[[0.784704,-0.582136,-0.212971],[0.260128,0.621111,-0.739293],[0.562648,0.524727,0.638819]],[[0.784704,-0.582136,-0.212971],[-0.440927,-0.282712,-0.851855],[0.435686,0.762359,-0.478525]],[[0.784704,-0.582136,-0.212971],[-0.6198,-0.731681,-0.283709],[0.00933058,0.354627,-0.934961]]],3],[404,[-0.569719,-0.666936,0.480225],40,45.8101,[-58.1093,173.41,39.9436],[-56.843,174.496,44.2909],[3.04519,1.09258,-5.63032],false,[-20.6604,208.761,96.73],[-25.8513,205.373,44.5076],[-45.1123,190.405,23.6898],[-55.2183,178.575,32.2083],[-57.2108,173.583,46.8879],[[[0.715902,-0.697721,-0.0258986],[0.691189,0.713468,-0.114987],[0.0987066,0.0644185,0.993029]],[[0.699178,-0.70044,-0.143294],[0.387822,0.539949,-0.747027],[0.600619,0.466732,0.649167]],[[0.699178,-0.70044,-0.143294],[-0.431937,-0.254125,-0.865362],[0.569719,0.666936,-0.480225]],[[0.699178,-0.70044,-0.143294],[-0.703494,-0.638286,-0.312551],[0.12746,0.319335,-0.939031]]],4]],[[0,200,0],[235.247,235.247,147.751]]],[34516,5675841249,[[40,"right",[-0.289959,0.139006,-0.94689],[-0.415599,-0.909527,-0.006255],[-52.929,217.607,64.6566],[2.0109,-1.18038,5.31154],[-54.9684,217.275,59.9073],1,0,0.665479,[[0.581234,0.0183249,-0.81353],[0.495354,0.785201,0.371597],[0.645594,-0.61897,0.447308]],57.79,[126.949,60.0855,218.366],[-31.1401,211.654,108.832]]],[[400,[-0.188612,-0.511406,-0.838385],40,47.2663,[-78.758,167.062,33.4969],[-78.596,169.024,44.5508],[-1.81736,1.55432,4.95043],false,[-56.6004,212.442,120.022],[-56.6004,212.442,120.022],[-75.0686,194.905,82.5928],[-80.901,179.091,56.6678],[-78.2106,165.785,40.3503],[[[0.662045,0.683006,-0.308544],[-0.394784,0.667752,0.631073],[0.637057,-0.295991,0.711721]],[[0.391803,0.743635,-0.541754],[-0.824668,0.544927,0.151581],[0.407937,0.387377,0.826756]],[[0.391803,0.743635,-0.541754],[-0.900509,0.430663,-0.0601118],[0.188612,0.511406,0.838385]],[[0.391803,0.743635,-0.541754],[-0.911276,0.232536,-0.339856],[-0.126752,0.626844,0.768766]]],0],[401,[-0.442529,0.0653867,-0.894367],40,53.3347,[-109.323,239.083,-14.7355],[-109.641,239.159,-14.4964],[6.6185,1.37243,3.54655],false,[-45.7383,227.055,108.592],[-78.2641,231.435,50.4984],[-93.8729,237.961,15.3989],[-103.574,239.395,-4.20656],[-110.909,239.077,-17.8521],[[[0.801168,-0.362812,-0.475917],[0.347127,0.929548,-0.124275],[0.487476,-0.0656384,0.870666]],[[0.823369,-0.365515,-0.434122],[0.401981,0.915609,-0.00850081],[0.400593,-0.16751,0.900814]],[[0.823369,-0.365515,-0.434122],[0.355291,0.928506,-0.107914],[0.442529,-0.0653867,0.894367]],[[0.823369,-0.365515,-0.434122],[0.312978,0.93058,-0.189912],[0.473401,0.0204971,0.880608]]],1],[402,[-0.232095,-0.764081,0.601923],40,60.7706,[-92.2503,172.411,43.2723],[-91.2515,173.774,52.1226],[1.09198,-1.7493,8.68844],false,[-36.6121,224.517,102.677],[-60.2595,225.406,43.9937],[-87.9887,197.849,24.4318],[-93.9744,178.143,39.9554],[-90.629,172.224,55.5836],[[[0.788668,-0.521458,-0.325705],[0.488195,0.853161,-0.1838],[0.373723,-0.0140507,0.927434]],[[0.773057,-0.520476,-0.362611],[0.00432204,0.575947,-0.817476],[0.634321,0.630388,0.447489]],[[0.773057,-0.520476,-0.362611],[-0.590351,-0.381161,-0.711479],[0.232095,0.764081,-0.601923]],[[0.773057,-0.520476,-0.362611],[-0.603203,-0.780053,-0.166325],[-0.196287,0.347307,-0.916978]]],2],[403,[-0.436832,-0.763141,0.476229],40,58.4326,[-76.2392,171.319,38.7424],[-75.3476,171.544,42.1298],[1.00018,2.90512,-5.26425],false,[-27.7474,219.443,98.2259],[-41.4756,216.829,43.161],[-64.2378,195.659,17.1664],[-75.2127,176.486,29.1312],[-75.3793,170.465,44.9697],[[[0.796007,-0.580664,-0.170887],[0.554958,0.812842,-0.176942],[0.241648,0.0460117,0.969272]],[[0.784697,-0.582119,-0.213045],[0.262128,0.623058,-0.736945],[0.561729,0.522434,0.641501]],[[0.784697,-0.582119,-0.213045],[-0.439805,-0.28063,-0.853123],[0.436832,0.763141,-0.476229]],[[0.784697,-0.582119,-0.213045],[-0.619802,-0.731354,-0.284548],[0.00982965,0.35533,-0.934689]]],3],[404,[-0.570232,-0.667146,0.479325],40,45.8101,[-58.1067,173.412,39.9502],[-56.835,174.515,44.2298],[2.49345,1.31602,-5.86139],false,[-20.6581,208.761,96.7276],[-25.8527,205.373,44.5056],[-45.0909,190.426,23.652],[-55.206,178.592,32.1545],[-57.2047,173.599,46.833],[[[0.715915,-0.697705,-0.0259553],[0.691165,0.713483,-0.115034],[0.0987788,0.0644154,0.993022]],[[0.699242,-0.70043,-0.143033],[0.388811,0.540511,-0.746105],[0.599906,0.466095,0.650283]],[[0.699242,-0.70043,-0.143033],[-0.431157,-0.253602,-0.865904],[0.570232,0.667146,-0.479325]],[[0.699242,-0.70043,-0.143033],[-0.703359,-0.638274,-0.312877],[0.127855,0.31938,-0.938962]]],4]],[[0,200,0],[235.247,235.247,147.751]]],[34517,5675850404,[[40,"right",[-0.290253,0.138925,-0.946812],[-0.415842,-0.909418,-0.00595809],[-52.9257,217.6,64.659],[1.55113,-1.0494,3.90341],[-54.9676,217.275,59.9093],1,0,0.670489,[[0.581049,0.0178476,-0.813673],[0.495679,0.785188,0.37119],[0.645512,-0.619,0.447386]],57.79,[126.945,60.0732,218.381],[-31.123,211.65,108.828]]],[[400,[-0.189991,-0.510617,-0.838555],40,47.2663,[-78.758,167.063,33.5023],[-78.6187,169.037,44.5351],[-1.78329,2.07743,3.13732],false,[-56.5791,212.446,120.026],[-56.5791,212.446,120.026],[-75.0287,194.91,82.5874],[-80.9037,179.12,56.6572],[-78.2299,165.817,40.3349],[[[0.662118,0.682779,-0.308889],[-0.394386,0.667962,0.6311],[0.637227,-0.296041,0.711548]],[[0.392435,0.743416,-0.541598],[-0.824571,0.545248,0.150953],[0.407526,0.387347,0.826973]],[[0.392435,0.743416,-0.541598],[-0.899944,0.431977,-0.0591419],[0.189991,0.510617,0.838555]],[[0.392435,0.743416,-0.541598],[-0.911113,0.233554,-0.339597],[-0.125969,0.626726,0.76899]]],0],[401,[-0.441887,0.0662034,-0.894624],40,53.3347,[-109.27,239.126,-14.7304],[-109.596,239.195,-14.5032],[6.38962,2.84552,2.34807],false,[-45.7171,227.054,108.59],[-78.2621,231.432,50.5073],[-93.84,237.997,15.4011],[-103.527,239.448,-4.21003],[-110.854,239.14,-17.86],[[[0.800906,-0.363104,-0.476136],[0.347329,0.929435,-0.124551],[0.487763,-0.0656223,0.870506]],[[0.823406,-0.365836,-0.433782],[0.402694,0.915304,-0.00754016],[0.399801,-0.168473,0.900986]],[[0.823406,-0.365836,-0.433782],[0.356004,0.928322,-0.107146],[0.441887,-0.0662034,0.894624]],[[0.823406,-0.365836,-0.433782],[0.313653,0.930467,-0.189347],[0.47289,0.0198524,0.880898]]],1],[402,[-0.232131,-0.763951,0.602074],40,60.7706,[-92.2502,172.411,43.2726],[-91.2666,173.774,52.1426],[0.343136,-1.22989,6.87786],false,[-36.5937,224.513,102.673],[-60.2613,225.398,43.9973],[-88.0048,197.846,24.4483],[-93.9915,178.144,39.9758],[-90.6429,172.225,55.6035],[[[0.788416,-0.521722,-0.325894],[0.488356,0.853001,-0.184113],[0.374043,-0.013995,0.927306]],[[0.77279,-0.520741,-0.3628],[0.00421129,0.575838,-0.817553],[0.634648,0.630269,0.447195]],[[0.77279,-0.520741,-0.3628],[-0.590687,-0.38106,-0.711254],[0.232131,0.763951,-0.602074]],[[0.77279,-0.520741,-0.3628],[-0.603485,-0.779892,-0.166055],[-0.196473,0.34727,-0.916953]]],2],[403,[-0.437947,-0.763682,0.474333],40,58.4326,[-76.2382,171.32,38.7451],[-75.3601,171.604,41.9933],[0.345247,4.09084,-8.31073],false,[-27.7319,219.435,98.2192],[-41.48,216.816,43.1595],[-64.2212,195.743,17.0676],[-75.2242,176.556,28.9848],[-75.3919,170.529,44.8208],[[[0.795794,-0.580903,-0.171068],[0.555112,0.812666,-0.177271],[0.241999,0.0461093,0.96918]],[[0.784429,-0.582365,-0.21336],[0.264032,0.624834,-0.734758],[0.561212,0.520032,0.643901]],[[0.784429,-0.582365,-0.21336],[-0.439174,-0.278641,-0.854099],[0.437947,0.763682,-0.474333]],[[0.784429,-0.582365,-0.21336],[-0.62014,-0.730969,-0.284799],[0.00989783,0.355717,-0.934541]]],3],[404,[-0.570782,-0.667107,0.478724],40,45.8101,[-58.1046,173.414,39.9555],[-56.8392,174.527,44.1778],[1.69036,1.3085,-5.62409],false,[-20.6459,208.751,96.7202],[-25.8597,205.356,44.5006],[-45.0837,190.434,23.6159],[-55.2085,178.601,32.1078],[-57.2086,173.612,46.7875],[[[0.715721,-0.697899,-0.0260889],[0.691314,0.713281,-0.115395],[0.0991427,0.0645549,0.992977]],[[0.699061,-0.700645,-0.142867],[0.389818,0.540908,-0.745292],[0.599463,0.465313,0.651251]],[[0.699061,-0.700645,-0.142867],[-0.430723,-0.253111,-0.866264],[0.570782,0.667107,-0.478724]],[[0.699061,-0.700645,-0.142867],[-0.703524,-0.638165,-0.31273],[0.12794,0.319127,-0.939036]]],4]],[[0,200,0],[235.247,235.247,147.751]]],[34518,5675858541,[[40,"right",[-0.290637,0.138835,-0.946708],[-0.416117,-0.909294,-0.00560119],[-52.9162,217.593,64.6603],[1.45396,-1.00294,2.96052],[-54.9668,217.275,59.911],1,0,0.672568,[[0.580832,0.0172407,-0.813841],[0.496062,0.785192,0.37067],[0.645412,-0.619013,0.447512]],57.79,[126.948,60.0647,218.404],[-31.0955,211.644,108.82]]],[[400,[-0.191032,-0.51014,-0.838608],40,47.2663,[-78.7581,167.064,33.5091],[-78.6305,169.042,44.5276],[-1.3746,2.04643,2.15458],false,[-56.5463,212.45,120.03],[-56.5463,212.45,120.03],[-74.9818,194.91,82.5866],[-80.889,179.135,56.6546],[-78.236,165.834,40.3276],[[[0.662185,0.682522,-0.309314],[-0.393902,0.668198,0.631152],[0.637458,-0.296099,0.711318]],[[0.3929,0.743176,-0.541589],[-0.824503,0.545503,0.150405],[0.407215,0.387448,0.827079]],[[0.3929,0.743176,-0.541589],[-0.89952,0.43295,-0.0584636],[0.191032,0.51014,0.838608]],[[0.3929,0.743176,-0.541589],[-0.911047,0.23453,-0.339101],[-0.124993,0.626645,0.769215]]],0],[401,[-0.441235,0.0672317,-0.89487],40,53.3347,[-109.219,239.177,-14.7287],[-109.548,239.237,-14.507],[6.53238,4.30265,1.61081],false,[-45.6851,227.053,108.586],[-78.2548,231.43,50.5174],[-93.8045,238.032,15.4057],[-103.477,239.506,-4.21081],[-110.796,239.214,-17.8659],[[[0.800583,-0.363433,-0.476428],[0.347552,0.929307,-0.124881],[0.488134,-0.0656059,0.8703]],[[0.823392,-0.366196,-0.433504],[0.403438,0.914983,-0.00663139],[0.399077,-0.169432,0.901127]],[[0.823392,-0.366196,-0.433504],[0.356843,0.928106,-0.10622],[0.441235,-0.0672317,0.89487]],[[0.823392,-0.366196,-0.433504],[0.314546,0.930348,-0.188452],[0.47232,0.0188134,0.881227]]],1],[402,[-0.232129,-0.763797,0.602271],40,60.7706,[-92.2502,172.411,43.2727],[-91.278,173.774,52.1667],[-0.0840461,-0.867653,5.89185],false,[-36.5651,224.508,102.665],[-60.2588,225.389,44.0004],[-88.0194,197.843,24.4678],[-94.006,178.145,40.0004],[-90.6529,172.227,55.6275],[[[0.788113,-0.522019,-0.32615],[0.488529,0.85282,-0.184491],[0.374455,-0.0139338,0.92714]],[[0.772469,-0.521041,-0.363055],[0.00403652,0.575709,-0.817645],[0.63504,0.630139,0.44682]],[[0.772469,-0.521041,-0.363055],[-0.591108,-0.38096,-0.710958],[0.232129,0.763797,-0.602271]],[[0.772469,-0.521041,-0.363055],[-0.603808,-0.779718,-0.1657],[-0.196744,0.347213,-0.916916]]],2],[403,[-0.43872,-0.76398,0.473138],40,58.4326,[-76.2374,171.32,38.7471],[-75.3714,171.648,41.899],[-0.0867745,4.47144,-9.23296],false,[-27.7068,219.427,98.2088],[-41.4804,216.801,43.1558],[-64.2145,195.799,17.0012],[-75.2369,176.605,28.8884],[-75.4026,170.573,44.7231],[[[0.795542,-0.581174,-0.171317],[0.555276,0.812466,-0.177673],[0.242448,0.046218,0.969063]],[[0.784127,-0.582643,-0.213711],[0.265299,0.626013,-0.733296],[0.561036,0.5183,0.645449]],[[0.784127,-0.582643,-0.213711],[-0.438941,-0.277241,-0.854674],[0.43872,0.76398,-0.473138]],[[0.784127,-0.582643,-0.213711],[-0.620524,-0.73065,-0.284782],[0.00977824,0.355918,-0.934466]]],3],[404,[-0.571376,-0.666974,0.4782],40,45.8101,[-58.1032,173.416,39.9591],[-56.8394,174.539,44.1262],[1.303,1.32915,-5.67154],false,[-20.6247,208.74,96.7087],[-25.863,205.337,44.492],[-45.0704,190.438,23.5762],[-55.2058,178.606,32.0588],[-57.2078,173.625,46.7407],[[[0.715499,-0.698119,-0.0262796],[0.691476,0.713052,-0.115839],[0.0996079,0.0647108,0.99292]],[[0.698886,-0.700891,-0.142513],[0.390923,0.541187,-0.744511],[0.598947,0.464617,0.652222]],[[0.698886,-0.700891,-0.142513],[-0.430219,-0.252779,-0.866611],[0.571376,0.666974,-0.4782]],[[0.698886,-0.700891,-0.142513],[-0.703674,-0.638126,-0.312471],[0.128066,0.318664,-0.939176]]],4]],[[0,200,0],[235.247,235.247,147.751]]],[34519,5675867287,[[40,"right",[-0.291176,0.138839,-0.946541],[-0.416418,-0.909158,-0.00525661],[-52.9004,217.584,64.6566],[1.54803,-1.00945,2.05448],[-54.9658,217.275,59.9133],1,0,0.671799,[[0.580663,0.0164313,-0.813979],[0.496518,0.785197,0.370048],[0.645214,-0.619028,0.447776]],57.79,[126.941,60.0489,218.452],[-31.0544,211.632,108.804]]],[[400,[-0.192064,-0.509572,-0.838718],40,47.2663,[-78.7582,167.067,33.5222],[-78.6384,169.048,44.5061],[-0.851069,2.06291,0.899121],false,[-56.498,212.448,120.029],[-56.498,212.448,120.029],[-74.9147,194.904,82.5777],[-80.8539,179.147,56.6423],[-78.2399,165.854,40.3025],[[[0.662217,0.682276,-0.309788],[-0.393294,0.668388,0.63133],[0.6378,-0.29624,0.710952]],[[0.393424,0.74297,-0.541492],[-0.824458,0.545741,0.149785],[0.4068,0.387509,0.827255]],[[0.393424,0.74297,-0.541492],[-0.899071,0.433972,-0.0577801],[0.192064,0.509572,0.838718]],[[0.393424,0.74297,-0.541492],[-0.911072,0.23618,-0.337886],[-0.123149,0.626271,0.769818]]],0],[401,[-0.440977,0.0678118,-0.894953],40,53.3347,[-109.169,239.229,-14.7253],[-109.52,239.264,-14.5005],[5.7779,4.37833,1.36442],false,[-45.6391,227.046,108.577],[-78.2432,231.428,50.528],[-93.7799,238.053,15.4148],[-103.447,239.54,-4.20345],[-110.763,239.256,-17.8603],[[[0.80017,-0.363741,-0.476887],[0.347779,0.929181,-0.125185],[0.488649,-0.0656819,0.870004]],[[0.823278,-0.366536,-0.433433],[0.404003,0.914737,-0.00617728],[0.398741,-0.170022,0.901165]],[[0.823278,-0.366536,-0.433433],[0.357424,0.927929,-0.105806],[0.440977,-0.0678118,0.894953]],[[0.823278,-0.366536,-0.433433],[0.315121,0.930224,-0.1881],[0.472135,0.0182751,0.881337]]],1],[402,[-0.232048,-0.763693,0.602434],40,60.7706,[-92.2502,172.411,43.2728],[-91.2865,173.775,52.188],[-0.310427,-0.576394,4.97009],false,[-36.5235,224.497,102.651],[-60.2532,225.381,44.0005],[-88.035,197.843,24.4864],[-94.0196,178.147,40.0232],[-90.6594,172.229,55.6486],[[[0.787741,-0.522308,-0.326586],[0.488694,0.852642,-0.184875],[0.375023,-0.0139672,0.92691]],[[0.772071,-0.521328,-0.363487],[0.00374091,0.575656,-0.817684],[0.635525,0.62995,0.446397]],[[0.772071,-0.521328,-0.363487],[-0.591659,-0.380775,-0.710599],[0.232048,0.763693,-0.602434]],[[0.772071,-0.521328,-0.363487],[-0.604182,-0.779509,-0.165317],[-0.197157,0.347249,-0.916814]]],2],[403,[-0.439851,-0.76453,0.471196],40,58.4326,[-76.2368,171.321,38.7487],[-75.3827,171.704,41.7593],[-0.459467,5.06252,-11.4139],false,[-27.6697,219.413,98.1894],[-41.4782,216.786,43.1452],[-64.1971,195.879,16.9013],[-75.2479,176.671,28.7396],[-75.4161,170.629,44.5702],[[[0.795246,-0.581451,-0.171752],[0.555432,0.812267,-0.178094],[0.243061,0.0462318,0.968909]],[[0.783803,-0.58292,-0.214143],[0.267043,0.627694,-0.731224],[0.560661,0.51595,0.647653]],[[0.783803,-0.58292,-0.214143],[-0.438388,-0.275134,-0.855638],[0.439851,0.76453,-0.471196]],[[0.783803,-0.58292,-0.214143],[-0.62093,-0.730122,-0.28525],[0.00992768,0.356548,-0.934224]]],3],[404,[-0.572124,-0.666979,0.477298],40,45.8101,[-58.1021,173.417,39.9618],[-56.8344,174.558,44.0452],[1.15574,1.57326,-6.58687],false,[-20.592,208.724,96.6859],[-25.8637,205.317,44.4728],[-45.0492,190.453,23.5116],[-55.1979,178.622,31.9782],[-57.2016,173.645,46.6615],[[[0.715255,-0.698356,-0.0266541],[0.691637,0.712814,-0.116334],[0.100242,0.0647737,0.992852]],[[0.698677,-0.701144,-0.142297],[0.392338,0.541812,-0.74331],[0.59826