{"metadata":{"formatVersion":2,"generatedBy":"LeapJS Playback 0.2.1","frames":464,"frameRate":"1.1e+2","modified":"Sun Apr 12 2015 21:26:46 GMT-0300 (E. South America Standard Time)","title":"รง"},"frames":[["id","timestamp",{"hands":[["id","type","direction","palmNormal","palmPosition","palmVelocity","stabilizedPalmPosition","pinchStrength","grabStrength","confidence","armBasis","armWidth","elbow","wrist"]]},{"pointables":[["id","direction","handId","length","stabilizedTipPosition","tipPosition","tipVelocity","tool","carpPosition","mcpPosition","pipPosition","dipPosition","btipPosition","bases","type"]]},{"interactionBox":["center","size"]}],[164568,7207601666,[[161,"right",[-0.489525,0.771365,-0.406646],[-0.786557,-0.591922,-0.175947],[36.9821,148.515,63.2248],[-2.65882,-52.1865,-65.2697],[38.4931,154.504,71.2032],0.0322824,0.136286,0.934341,[[0.638414,-0.316395,-0.701656],[0.360412,0.928373,-0.0907009],[0.680096,-0.19498,0.706719]],63.0417,[251.007,55.9876,267.724],[69.3357,108.072,78.941]]],[[1610,[-0.895957,0.300379,-0.32716],161,51.5616,[-35.4113,136.87,74.5918],[-38.8918,135.767,70.0369],[-27.5737,2.84613,-17.7086],false,[51.9718,105.728,103.723],[51.9718,105.728,103.723],[7.39173,121.102,89.0511],[-22.8313,131.234,78.0152],[-43.0572,137.484,68.6352],[[[0.759467,0.585901,-0.28272],[0.239861,0.151775,0.95887],[0.604712,-0.796043,-0.0252667]],[[0.38565,0.891531,-0.237587],[-0.190891,0.329033,0.924823],[0.902682,-0.311305,0.297077]],[[0.38565,0.891531,-0.237587],[-0.220307,0.339037,0.914614],[0.895957,-0.300379,0.32716]],[[0.38565,0.891531,-0.237587],[-0.297036,0.363765,0.882861],[0.873524,-0.269903,0.405103]]],0],[1611,[-0.935502,-0.042549,-0.35075],161,58.1815,[-43.8833,200.761,67.5744],[-41.9941,197.076,49.4976],[33.1136,-46.6034,-162.439],false,[65.0091,123.48,95.6679],[17.2308,174.649,75.7476],[-8.5486,204.708,60.3019],[-30.9194,203.69,51.9144],[-43.4248,192.655,49.1628],[[[0.288886,-0.100888,-0.952033],[0.696894,0.703994,0.136863],[0.656418,-0.703003,0.273682]],[[0.352721,-0.170287,-0.920103],[0.71256,0.686218,0.146159],[0.606503,-0.707182,0.363383]],[[0.352721,-0.170287,-0.920103],[0.0205785,0.984476,-0.174311],[0.935502,0.042549,0.35075]],[[0.352721,-0.170287,-0.920103],[-0.572953,0.738114,-0.356247],[0.739805,0.652832,0.162782]]],1],[1612,[-0.952005,-0.0958975,-0.290672],161,66.2931,[-42.2844,198.341,41.397],[-39.7245,191.522,25.1955],[39.6735,-92.4498,-160.467],false,[69.2817,123.859,84.2658],[27.06,170.906,56.545],[-0.884442,201.994,33.5949],[-27.6679,199.296,25.4172],[-41.4235,186.799,25.9424],[[[0.25185,-0.313464,-0.915594],[0.749943,0.661198,-0.020084],[0.611684,-0.681585,0.401603]],[[0.305117,-0.372689,-0.87636],[0.750676,0.660383,-0.0194819],[0.585993,-0.651918,0.481263]],[[0.305117,-0.372689,-0.87636],[0.0242896,0.922988,-0.384062],[0.952005,0.0958975,0.290672]],[[0.305117,-0.372689,-0.87636],[-0.599577,0.639774,-0.480828],[0.739872,0.672154,-0.0282497]]],2],[1613,[-0.912624,0.0616668,-0.404121],161,63.7426,[-38.4324,183.639,14.1682],[-37.4382,173.879,1.49637],[18.6244,-152.854,-134.746],false,[72.4993,121.21,72.8482],[38.3233,160.929,39.7564],[1.4927,172.075,18.0014],[-23.5197,173.765,6.92561],[-40.9035,172.484,0.772536],[[[0.281864,-0.459295,-0.842378],[0.785137,0.615048,-0.0726352],[0.551464,-0.640909,0.533969]],[[0.32091,-0.50433,-0.801666],[0.450335,0.825881,-0.339293],[0.833196,-0.252135,0.49215]],[[0.32091,-0.50433,-0.801666],[0.253247,0.861306,-0.440474],[0.912624,-0.0616668,0.404121]],[[0.32091,-0.50433,-0.801666],[0.112329,0.860727,-0.49652],[0.940425,0.0692876,0.332866]]],3],[1614,[-0.923867,0.088222,-0.372406],161,49.973,[-14.5157,168.591,5.44335],[-13.4805,159.414,-3.70381],[23.6869,-172.411,-121.187],false,[72.2416,112.3,61.9483],[46.1065,147.709,25.1481],[17.4396,157.216,7.49569],[-0.43777,158.924,0.289427],[-16.8391,158.286,-4.337],[[[0.210168,-0.625654,-0.751257],[0.865035,0.477068,-0.155309],[0.455571,-0.617222,0.641477]],[[0.229356,-0.651342,-0.72329],[0.52525,0.708438,-0.47141],[0.819456,-0.271788,0.504602]],[[0.229356,-0.651342,-0.72329],[0.306374,0.753638,-0.58152],[0.923867,-0.088222,0.372406]],[[0.229356,-0.651342,-0.72329],[0.149648,0.757862,-0.635021],[0.96177,0.037407,0.271292]]],4]],[[0,200,0],[235.247,235.247,147.751]]],[164569,7207610332,[[161,"right",[-0.486671,0.763394,-0.424713],[-0.786918,-0.594213,-0.166344],[36.9399,147.952,62.6503],[-3.24859,-55.5876,-65.5404],[38.4691,154.403,71.0706],0.0339015,0.145775,0.937072,[[0.630402,-0.331342,-0.702001],[0.367114,0.924061,-0.106482],[0.683974,-0.190588,0.70417]],63.0417,[251.872,56.8862,267.442],[69.1646,107.797,79.3403]]],[[1610,[-0.896576,0.298143,-0.32751],161,51.5616,[-35.5293,136.839,74.4587],[-39.144,135.656,70.0248],[-28.9212,1.04099,-9.78775],false,[51.7044,106.006,104.1],[51.7044,106.006,104.1],[7.15522,121.202,89.1514],[-23.0887,131.259,78.1037],[-43.3477,137.432,68.7448],[[[0.761527,0.578532,-0.292192],[0.236547,0.171637,0.95634],[0.603425,-0.797396,-0.00614406]],[[0.387682,0.885855,-0.254879],[-0.189724,0.347265,0.918375],[0.902057,-0.307681,0.302696]],[[0.387682,0.885855,-0.254879],[-0.214136,0.355488,0.909821],[0.896576,-0.298143,0.32751]],[[0.387682,0.885855,-0.254879],[-0.290104,0.379706,0.878444],[0.874953,-0.266616,0.404195]]],0],[1611,[-0.934438,-0.0507783,-0.352486],161,58.1815,[-43.8833,200.761,67.5744],[-41.8154,196.247,47.6604],[29.8242,-58.4181,-173.548],false,[64.8024,123.562,95.7211],[17.1873,174.377,74.543],[-8.43471,204.203,58.3984],[-30.78,202.988,49.9693],[-43.233,191.84,47.4454],[[[0.292258,-0.121489,-0.948591],[0.697595,0.705582,0.124561],[0.654176,-0.698137,0.290962]],[[0.355535,-0.189953,-0.915157],[0.714303,0.686698,0.134971],[0.602798,-0.701687,0.379829]],[[0.355535,-0.189953,-0.915157],[0.0204856,0.980479,-0.195552],[0.934438,0.0507783,0.352486]],[[0.355535,-0.189953,-0.915157],[-0.575211,0.727282,-0.374424],[0.7367,0.65953,0.149312]]],1],[1612,[-0.95092,-0.103268,-0.291698],161,66.2931,[-42.228,198.21,41.1716],[-39.4367,190.136,23.4509],[38.2532,-109.401,-170.319],false,[69.1181,123.694,84.3297],[27.0815,170.213,55.4611],[-0.6545,200.877,31.7024],[-27.4074,197.972,23.4958],[-41.1149,185.437,24.2934],[[[0.254719,-0.333185,-0.907803],[0.751155,0.659386,-0.0312452],[0.609003,-0.673942,0.418232]],[[0.308428,-0.392414,-0.866535],[0.752721,0.65766,-0.0299065],[0.581621,-0.643035,0.49822]],[[0.308428,-0.392414,-0.866535],[0.0249816,0.913973,-0.405005],[0.950919,0.103268,0.291698]],[[0.308428,-0.392414,-0.866535],[-0.601068,0.625652,-0.497269],[0.737285,0.674219,-0.0428992]]],2],[1613,[-0.911766,0.0498204,-0.407678],161,63.7426,[-38.3567,183.039,13.5579],[-37.3016,171.766,0.179245],[17.2341,-178.726,-138.016],false,[72.3736,120.798,72.9828],[38.39,159.865,38.9298],[1.56986,170.364,16.8385],[-23.419,171.73,5.66523],[-40.7829,170.276,-0.505896],[[[0.284207,-0.477483,-0.831406],[0.786465,0.612077,-0.0826756],[0.54836,-0.630375,0.54948]],[[0.323989,-0.522802,-0.788486],[0.448565,0.818692,-0.358515],[0.832959,-0.237532,0.499758]],[[0.323989,-0.522802,-0.788486],[0.252417,0.850997,-0.460531],[0.911766,-0.0498204,0.407678]],[[0.323989,-0.522802,-0.788486],[0.112537,0.84882,-0.516565],[0.939344,0.0786273,0.333843]]],3],[1614,[-0.921984,0.0778003,-0.379333],161,49.973,[-14.3547,167.425,4.51415],[-13.2455,157.262,-4.79438],[25.1153,-192.86,-122.673],false,[72.1412,111.66,62.273],[46.2047,146.325,24.6338],[17.637,155.363,6.57829],[-0.203889,156.868,-0.762021],[-16.5819,156.094,-5.44976],[[[0.211884,-0.641758,-0.737056],[0.866431,0.472246,-0.162111],[0.452108,-0.60426,0.656101]],[[0.233376,-0.670068,-0.704659],[0.527891,0.69589,-0.486897],[0.816619,-0.258353,0.516126]],[[0.233376,-0.670068,-0.704659],[0.309001,0.738212,-0.599635],[0.921984,-0.0778003,0.379333]],[[0.233376,-0.670068,-0.704659],[0.152189,0.740909,-0.654134],[0.960403,0.0454175,0.274888]]],4]],[[0,200,0],[235.247,235.247,147.751]]],[164570,7207619539,[[161,"right",[-0.484165,0.751871,-0.447519],[-0.787243,-0.597555,-0.152237],[36.8311,147.333,61.9795],[-5.64597,-58.8282,-67.5885],[38.4434,154.292,70.9282],0.0432311,0.160306,0.887203,[[0.619843,-0.351642,-0.701529],[0.3772,0.91744,-0.126589],[0.688124,-0.186151,0.701308]],63.0712,[252.859,57.8497,267.327],[68.9574,107.599,79.9016]]],[[1610,[-0.897157,0.293806,-0.32983],161,51.5857,[-35.6952,136.801,74.2978],[-39.4589,135.592,70.0642],[-32.0878,1.49376,-2.83945],false,[51.4059,106.526,104.656],[51.4059,106.526,104.656],[6.85715,121.461,89.3714],[-23.4205,131.377,78.2402],[-43.7297,137.429,68.8838],[[[0.763323,0.569076,-0.305762],[0.233684,0.198021,0.951935],[0.602271,-0.798085,0.0181699]],[[0.389794,0.877845,-0.278297],[-0.187434,0.371501,0.909316],[0.901626,-0.302284,0.309347]],[[0.389794,0.877845,-0.278297],[-0.207775,0.378242,0.902088],[0.897157,-0.293806,0.32983]],[[0.389794,0.877845,-0.278297],[-0.281857,0.401422,0.871445],[0.876708,-0.261244,0.403899]]],0],[1611,[-0.933689,-0.0676479,-0.351638],161,58.2087,[-43.883,200.76,67.5727],[-41.6875,194.979,45.509],[23.3913,-80.3121,-187.753],false,[64.563,123.83,95.8276],[17.0694,174.121,73.0678],[-8.48403,203.533,56.0283],[-30.8219,201.915,47.6156],[-43.1387,190.527,45.4665],[[[0.295166,-0.148403,-0.94385],[0.698221,0.707832,0.107058],[0.6522,-0.690616,0.312547]],[[0.3578,-0.21552,-0.908587],[0.714767,0.689343,0.117959],[0.600906,-0.691634,0.400693]],[[0.3578,-0.21552,-0.908587],[0.014321,0.974153,-0.225433],[0.933688,0.0676479,0.351638]],[[0.3578,-0.21552,-0.908587],[-0.584425,0.707197,-0.397895],[0.728304,0.673368,0.12708]]],1],[1612,[-0.949842,-0.113964,-0.291224],161,66.3242,[-42.228,198.21,41.1716],[-39.1858,188.331,21.3873],[34.8589,-131.831,-184.885],false,[68.9179,123.636,84.4459],[27.0242,169.408,54.1338],[-0.489653,199.483,29.3414],[-27.2247,196.276,21.1443],[-40.8571,183.677,22.3371],[[[0.257184,-0.358823,-0.897275],[0.75222,0.657219,-0.0472167],[0.606648,-0.662805,0.43894]],[[0.311765,-0.418128,-0.853212],[0.755133,0.654053,-0.0446009],[0.576695,-0.630384,0.519653]],[[0.311765,-0.418128,-0.853212],[0.0245339,0.901211,-0.432686],[0.949842,0.113964,0.291224]],[[0.311765,-0.418128,-0.853212],[-0.604702,0.605325,-0.517607],[0.732897,0.677311,-0.0641241]]],2],[1613,[-0.912717,0.0309476,-0.407418],161,63.7724,[-38.2716,182.116,12.724],[-37.3606,168.916,-1.14409],[7.79998,-217.955,-136.667],false,[72.2077,120.418,73.1901],[38.3766,158.581,37.9285],[1.4628,168.187,15.5476],[-23.5638,169.036,4.37623],[-40.9365,167.268,-1.71354],[[[0.286212,-0.500965,-0.816772],[0.787627,0.608439,-0.0971858],[0.545643,-0.615496,0.568716]],[[0.326132,-0.5455,-0.772054],[0.443771,0.809471,-0.384479],[0.834689,-0.217224,0.506072]],[[0.326132,-0.5455,-0.772054],[0.24614,0.837539,-0.487794],[0.912717,-0.0309477,0.407418]],[[0.326132,-0.5455,-0.772054],[0.105839,0.832644,-0.543601],[0.93938,0.0955723,0.329288]]],3],[1614,[-0.920822,0.0643963,-0.384629],161,49.9964,[-14.1637,165.803,3.34174],[-13.1336,154.581,-5.9137],[20.8406,-220.542,-122.394],false,[71.9966,110.98,62.7347],[46.2216,144.629,24.0365],[17.7079,153.072,5.58082],[-0.118906,154.319,-1.86546],[-16.4896,153.367,-6.57504],[[[0.213341,-0.662434,-0.718099],[0.867647,0.46633,-0.172412],[0.449082,-0.586274,0.674246]],[[0.236461,-0.692096,-0.681975],[0.529485,0.680293,-0.506801],[0.814698,-0.241256,0.527317]],[[0.236461,-0.692096,-0.681975],[0.310117,0.718927,-0.62207],[0.920822,-0.0643963,0.384629]],[[0.236461,-0.692096,-0.681975],[0.152972,0.719643,-0.677284],[0.959524,0.055828,0.276039]]],4]],[[0,200,0],[235.247,235.247,147.751]]],[164571,7207627665,[[161,"right",[-0.481223,0.743501,-0.46436],[-0.78907,-0.598143,-0.139981],[36.9641,146.826,61.4661],[-0.109081,-59.7371,-66.4815],[38.4236,154.192,70.8014],0.0501428,0.176882,0.876481,[[0.611583,-0.368928,-0.699899],[0.385958,0.911345,-0.143128],[0.690654,-0.182597,0.699754]],63.0712,[253.518,58.5879,267.296],[68.9405,107.387,80.2864]]],[[1610,[-0.897599,0.293216,-0.32915],161,51.5857,[-35.8553,136.778,74.1597],[-39.5157,135.769,70.3001],[-26.0293,9.11728,7.37192],false,[51.3609,106.913,105.04],[51.3609,106.913,105.04],[6.8326,121.769,89.6182],[-23.46,131.664,78.5099],[-43.8024,137.678,69.2015],[[[0.76551,0.559739,-0.317311],[0.233393,0.218009,0.947628],[0.599601,-0.799477,0.0362491]],[[0.393174,0.870167,-0.297024],[-0.18229,0.390398,0.902419],[0.901213,-0.300663,0.312117]],[[0.393174,0.870167,-0.297024],[-0.199324,0.396022,0.896346],[0.897599,-0.293216,0.329151]],[[0.393174,0.870167,-0.297024],[-0.272542,0.418817,0.866206],[0.878143,-0.259618,0.401825]]],0],[1611,[-0.933678,-0.0786368,-0.349372],161,58.2087,[-43.8768,200.747,67.5365],[-41.2619,194.112,43.9711],[30.3014,-86.7812,-186.266],false,[64.5841,123.977,95.8492],[17.2803,173.915,71.9452],[-8.13988,203.051,54.2465],[-30.4775,201.17,45.888],[-42.7049,189.63,44.0635],[[[0.295611,-0.16997,-0.940066],[0.700458,0.707699,0.092308],[0.649594,-0.685764,0.32826]],[[0.357926,-0.23644,-0.903319],[0.717327,0.688946,0.1039],[0.597772,-0.685164,0.416196]],[[0.357926,-0.23644,-0.903319],[0.0115715,0.968459,-0.248905],[0.933678,0.0786368,0.349372]],[[0.357926,-0.23644,-0.903319],[-0.590877,0.691728,-0.415183],[0.723017,0.682355,0.10788]]],1],[1612,[-0.949664,-0.126053,-0.286791],161,66.3242,[-42.1887,198.102,41.006],[-38.7795,186.726,20.0023],[36.7366,-149.972,-180.103],false,[68.9497,123.52,84.4792],[27.2383,168.756,53.1293],[-0.231777,198.22,27.5665],[-26.9618,194.672,19.4943],[-40.489,182.004,21.0794],[[[0.256884,-0.379194,-0.888944],[0.754442,0.653548,-0.0607658],[0.60401,-0.655047,0.453966]],[[0.312644,-0.439219,-0.842224],[0.755471,0.652447,-0.05981],[0.575776,-0.617576,0.5358]],[[0.312644,-0.439219,-0.842224],[0.0197992,0.889493,-0.45652],[0.949664,0.126053,0.286791]],[[0.312644,-0.439219,-0.842224],[-0.611044,0.585857,-0.532351],[0.727241,0.681072,-0.0852173]]],2],[1613,[-0.915491,0.0142998,-0.402085],161,63.7724,[-38.1863,180.992,11.8216],[-37.336,166.581,-1.82482],[4.33151,-238.676,-118.533],false,[72.24,120.046,73.2999],[38.5708,157.54,37.1766],[1.51239,166.432,14.7393],[-23.5903,166.824,3.71421],[-40.9918,164.76,-2.19751],[[[0.28536,-0.519638,-0.805323],[0.789738,0.603571,-0.109619],[0.543032,-0.604713,0.582613]],[[0.324915,-0.563128,-0.759814],[0.438472,0.801536,-0.406549],[0.837957,-0.201063,0.507347]],[[0.324915,-0.563128,-0.759814],[0.23729,0.826246,-0.510892],[0.915491,-0.0142999,0.402085]],[[0.324915,-0.563128,-0.759814],[0.0952176,0.8188,-0.566128],[0.940938,0.111596,0.31966]]],3],[1614,[-0.92027,0.0553915,-0.387343],161,49.9964,[-13.9639,164.089,2.19145],[-12.9137,152.534,-6.67476],[22.532,-228.702,-114.641],false,[72.008,110.382,63.053],[46.3833,143.262,23.6012],[17.9184,151.276,4.88055],[0.102319,152.348,-2.61828],[-16.2648,151.286,-7.31664],[[[0.211856,-0.678671,-0.703223],[0.86936,0.459589,-0.181636],[0.446464,-0.572873,0.687376]],[[0.23657,-0.709742,-0.663552],[0.53158,0.666206,-0.523061],[0.8133,-0.22899,0.534889]],[[0.23657,-0.709742,-0.663552],[0.311669,0.702281,-0.64005],[0.92027,-0.0553915,0.387343]],[[0.23657,-0.709742,-0.663552],[0.154112,0.701702,-0.695603],[0.959314,0.0622976,0.275382]]],4]],[[0,200,0],[235.247,235.247,147.751]]],[164572,7207636909,[[161,"right",[-0.47879,0.734116,-0.481492],[-0.790491,-0.599087,-0.127353],[36.77,146.656,60.6044],[-5.97377,-48.1319,-73.9908],[38.402,154.093,70.6683],0.047435,0.191715,0.880199,[[0.603559,-0.386552,-0.697348],[0.395252,0.904643,-0.159366],[0.692454,-0.179442,0.698791]],63.1007,[253.784,59.5705,267.191],[68.6383,107.549,80.3512]]],[[1610,[-0.898866,0.292662,-0.326174],161,51.6098,[-36.0778,136.787,74.0028],[-39.9419,136.325,70.3713],[-33.336,25.8205,10.5535],false,[51.0237,107.678,105.101],[51.0237,107.678,105.101],[6.46011,122.439,89.6173],[-23.8894,132.32,78.6043],[-44.2989,138.306,69.3978],[[[0.767304,0.550467,-0.328985],[0.232985,0.238664,0.942739],[0.597464,-0.800016,0.0548778]],[[0.395473,0.862385,-0.316058],[-0.175751,0.408804,0.895539],[0.901506,-0.298615,0.313236]],[[0.395473,0.862385,-0.316058],[-0.188789,0.413086,0.890909],[0.898866,-0.292662,0.326174]],[[0.395473,0.862385,-0.316058],[-0.260949,0.435426,0.861574],[0.880628,-0.258254,0.397238]]],0],[1611,[-0.933532,-0.0839808,-0.34852],161,58.2359,[-43.8694,200.731,67.4906],[-41.1915,193.716,42.0091],[23.3146,-70.4432,-192.723],false,[64.3074,124.504,95.5393],[17.1374,174.037,70.4546],[-8.08557,202.958,52.085],[-30.4301,200.948,43.743],[-42.6539,189.353,42.1921],[[[0.296135,-0.191842,-0.935682],[0.702217,0.707773,0.0771314],[0.647453,-0.679893,0.344311]],[[0.358205,-0.257597,-0.897403],[0.721255,0.686695,0.0907812],[0.592857,-0.679775,0.431771]],[[0.358205,-0.257597,-0.897403],[0.0144129,0.962596,-0.270557],[0.933532,0.0839808,0.34852]],[[0.358205,-0.257597,-0.897403],[-0.591382,0.681178,-0.431584],[0.722466,0.685304,0.0916637]]],1],[1612,[-0.949324,-0.139368,-0.281711],161,66.3552,[-42.111,197.863,40.6461],[-38.7338,185.299,18.2791],[24.6002,-151.703,-181.474],false,[68.6855,123.78,84.1818],[27.1059,168.428,51.7617],[-0.373993,197.21,25.4023],[-27.107,193.285,17.4693],[-40.5233,180.544,19.4635],[[[0.256807,-0.399763,-0.879909],[0.756217,0.650052,-0.0746266],[0.601819,-0.646237,0.469245]],[[0.313986,-0.460577,-0.83023],[0.754961,0.65137,-0.0758326],[0.575713,-0.602981,0.552239]],[[0.313986,-0.460577,-0.83023],[0.0140423,0.87661,-0.480996],[0.949324,0.139368,0.281711]],[[0.313986,-0.460577,-0.83023],[-0.617775,0.564906,-0.547024],[0.720948,0.684653,-0.10716]]],2],[1613,[-0.917725,-0.00196568,-0.397211],161,63.8023,[-38.1092,179.316,10.5459],[-37.6373,164.52,-2.845],[-8.29068,-235.63,-113.617],false,[71.9798,120.045,73.0819],[38.4307,156.821,36.0704],[1.23213,164.99,13.5496],[-23.9436,164.936,2.65297],[-41.3738,162.589,-3.0934],[[[0.284828,-0.538363,-0.793119],[0.791431,0.598897,-0.122305],[0.540841,-0.592863,0.59666]],[[0.32433,-0.581036,-0.746463],[0.433561,0.792661,-0.428618],[0.840735,-0.184624,0.508998]],[[0.32433,-0.581036,-0.746463],[0.229326,0.813876,-0.533869],[0.917725,0.00196568,0.397211]],[[0.32433,-0.581036,-0.746463],[0.0857695,0.803933,-0.588503],[0.942048,0.126845,0.310574]]],3],[1614,[-0.920186,0.0438816,-0.389014],161,50.0198,[-13.762,161.862,0.730201],[-13.0415,150.665,-7.72871],[11.5378,-221.905,-114.418],false,[71.7329,110.148,63.0501],[46.2234,142.214,22.8219],[17.7775,149.728,3.83623],[-0.0452655,150.578,-3.69847],[-16.4202,149.359,-8.36077],[[[0.210802,-0.694867,-0.687548],[0.87075,0.453125,-0.190978],[0.444249,-0.558424,0.700575]],[[0.237424,-0.727537,-0.643677],[0.532608,0.651642,-0.540084],[0.812378,-0.214599,0.542207]],[[0.237424,-0.727537,-0.643677],[0.311268,0.684664,-0.65905],[0.920186,-0.0438816,0.389014]],[[0.237424,-0.727537,-0.643677],[0.152756,0.682343,-0.714895],[0.95932,0.0714079,0.27314]]],4]],[[0,200,0],[235.247,235.247,147.751]]],[164573,7207644976,[[161,"right",[-0.474609,0.723891,-0.500728],[-0.791951,-0.599466,-0.115993],[36.5274,145.99,59.9461],[-12.0011,-56.7334,-75.8948],[38.3821,154.008,70.5546],0.0460389,0.200971,0.885487,[[0.595675,-0.404467,-0.693958],[0.403882,0.897625,-0.176491],[0.694299,-0.175146,0.698049]],63.1007,[253.834,60.4367,267.385],[68.1949,107.266,80.7435]]],[[1610,[-0.899039,0.29237,-0.325957],161,51.6098,[-36.3058,136.808,73.8727],[-40.4492,136.486,70.4535],[-41.4092,26.8677,13.2427],false,[50.4887,108.043,105.416],[50.4887,108.043,105.416],[5.96061,122.707,89.7388],[-24.3947,132.578,78.7331],[-44.8355,138.543,69.5826],[[[0.770305,0.540015,-0.339137],[0.230245,0.260418,0.93764],[0.594657,-0.800354,0.0762663]],[[0.399044,0.853527,-0.335045],[-0.171307,0.428361,0.887221],[0.900787,-0.296644,0.31715]],[[0.399044,0.853527,-0.335045],[-0.180256,0.43129,0.884023],[0.899039,-0.29237,0.325957]],[[0.399044,0.853527,-0.335045],[-0.250768,0.453054,0.855486],[0.881975,-0.257358,0.394826]]],0],[1611,[-0.932523,-0.0902868,-0.349642],161,58.2359,[-43.8636,200.717,67.452],[-41.172,192.795,39.9599],[17.8987,-80.4809,-206.609],false,[63.8624,124.594,95.5052],[16.9472,173.661,69.0639],[-8.09142,202.236,49.9161],[-30.4118,200.074,41.5473],[-42.642,188.455,40.247],[[[0.298994,-0.21511,-0.929694],[0.704217,0.707197,0.0628505],[0.643957,-0.673498,0.362932]],[[0.360682,-0.280097,-0.889637],[0.723567,0.6859,0.077401],[0.588523,-0.67163,0.450061]],[[0.360682,-0.280097,-0.889637],[0.0176114,0.955716,-0.293762],[0.932523,0.0902868,0.349642]],[[0.360682,-0.280097,-0.889637],[-0.589409,0.670789,-0.450155],[0.722846,0.686723,0.0768495]]],1],[1612,[-0.948317,-0.141051,-0.284252],161,66.3552,[-42.0391,197.632,40.2978],[-38.5427,183.842,16.3454],[24.778,-153.684,-197.075],false,[68.2805,123.584,84.185],[26.9669,167.575,50.5485],[-0.150162,195.887,23.3197],[-26.8548,191.915,15.3152],[-40.3335,179.281,17.552],[[[0.258784,-0.421511,-0.869114],[0.758594,0.645691,-0.0872772],[0.597968,-0.636719,0.486851]],[[0.316568,-0.482327,-0.81679],[0.759627,0.644616,-0.0862421],[0.568113,-0.593154,0.570453]],[[0.316568,-0.482327,-0.81679],[0.0218934,0.864561,-0.502051],[0.948317,0.141051,0.284252]],[[0.316568,-0.482327,-0.81679],[-0.612517,0.553548,-0.564276],[0.724298,0.67893,-0.120197]]],2],[1613,[-0.918286,-0.0160516,-0.395593],161,63.8023,[-38.0479,177.461,9.223],[-37.7455,162.073,-3.9137],[-10.1981,-252.987,-115.657],false,[71.6039,119.574,73.1902],[38.3124,155.56,35.1824],[1.12118,163.106,12.4335],[-24.0699,162.666,1.58128],[-41.5028,160.071,-4.04906],[[[0.286032,-0.558083,-0.778928],[0.79382,0.5933,-0.133584],[0.536689,-0.580119,0.61272]],[[0.325366,-0.599903,-0.730927],[0.433107,0.781682,-0.448766],[0.840568,-0.170557,0.514155]],[[0.325366,-0.599903,-0.730927],[0.225585,0.799912,-0.556105],[0.918286,0.0160516,0.395593]],[[0.325366,-0.599903,-0.730927],[0.0800414,0.787685,-0.610857],[0.942195,0.140247,0.304303]]],3],[1614,[-0.919076,0.0324604,-0.392741],161,50.0198,[-13.5903,159.604,-0.643432],[-13.0309,148.243,-8.66834],[8.88191,-242.169,-113.837],false,[71.3623,109.441,63.3971],[46.1069,140.615,22.3169],[17.7557,147.623,2.99872],[-0.04562,148.252,-4.60816],[-16.4105,146.88,-9.2634],[[[0.211105,-0.711782,-0.669926],[0.872921,0.445676,-0.198449],[0.439823,-0.542899,0.715414]],[[0.239368,-0.745706,-0.621793],[0.535842,0.63551,-0.555877],[0.809676,-0.200124,0.551702]],[[0.239368,-0.745706,-0.621793],[0.313053,0.665484,-0.67759],[0.919076,-0.0324604,0.392741]],[[0.239368,-0.745706,-0.621793],[0.153418,0.661414,-0.734162],[0.958731,0.0803407,0.272726]]],4]],[[0,200,0],[235.247,235.247,147.751]]],[164574,7207654382,[[161,"right",[-0.470473,0.711094,-0.522494],[-0.793342,-0.600107,-0.102369],[36.283,145.558,59.3268],[-15.9851,-53.6474,-73.0269],[38.3582,153.911,70.4268],0.0439361,0.213433,0.88604,[[0.58547,-0.425184,-0.690249],[0.415431,0.888493,-0.19493],[0.696162,-0.172625,0.696821]],63.1302,[253.99,61.1388,267.726],[67.7667,107.316,81.3258]]],[[1610,[-0.899406,0.291565,-0.325666],161,51.634,[-36.6138,136.876,73.7445],[-40.9871,137.02,70.7165],[-47.5317,37.9334,19.9307],false,[49.9609,108.832,105.91],[49.9609,108.832,105.91],[5.44392,123.348,89.9927],[-24.938,133.198,78.9917],[-45.4415,139.161,69.9537],[[[0.773247,0.52809,-0.351013],[0.227473,0.285702,0.93093],[0.5919,-0.799685,0.100792]],[[0.402531,0.842904,-0.357045],[-0.166481,0.450944,0.876889],[0.900141,-0.293534,0.321846]],[[0.402531,0.842904,-0.357045],[-0.170404,0.452219,0.875477],[0.899406,-0.291565,0.325666]],[[0.402531,0.842904,-0.357045],[-0.236731,0.472625,0.848872],[0.884267,-0.257174,0.389788]]],0],[1611,[-0.931489,-0.0983751,-0.350214],161,58.2632,[-43.8577,200.702,67.4096],[-41.1385,191.971,37.7802],[12.6715,-80.6951,-212.5],false,[63.4293,125.068,95.5898],[16.7443,173.543,67.5998],[-8.10845,201.697,47.5626],[-30.4145,199.341,39.1762],[-42.6466,187.682,38.179],[[[0.301869,-0.24176,-0.922186],[0.706143,0.706579,0.0459125],[0.640498,-0.665055,0.384011]],[[0.36319,-0.305777,-0.88011],[0.726069,0.684849,0.0616851],[0.58388,-0.661424,0.470746]],[[0.36319,-0.305777,-0.88011],[0.0205066,0.947007,-0.320557],[0.931489,0.0983751,0.350214]],[[0.36319,-0.305777,-0.88011],[-0.588147,0.657379,-0.471101],[0.722618,0.688733,0.0589116]]],1],[1612,[-0.947416,-0.146299,-0.284605],161,66.3862,[-41.9532,197.337,39.8564],[-38.4057,182.342,14.3786],[20.8259,-152.113,-200.789],false,[67.8894,123.731,84.3141],[26.8204,166.912,49.2913],[-0.0326562,194.577,21.113],[-26.7244,190.455,13.0948],[-40.2392,177.907,15.6486],[[[0.260794,-0.446277,-0.856051],[0.760902,0.640762,-0.102235],[0.59415,-0.624709,0.50668]],[[0.318869,-0.506477,-0.801126],[0.762969,0.638642,-0.100072],[0.562318,-0.579325,0.590069]],[[0.318869,-0.506477,-0.801126],[0.0269417,0.849751,-0.526495],[0.947416,0.146299,0.284605]],[[0.318869,-0.506477,-0.801126],[-0.609423,0.537795,-0.582563],[0.725897,0.673986,-0.137173]]],2],[1613,[-0.92073,-0.035547,-0.388578],161,63.8321,[-38.0111,174.673,7.41648],[-37.9547,159.403,-4.69934],[-16.2934,-262.142,-102.111],false,[71.2438,119.405,73.4429],[38.1926,154.435,34.3023],[0.925907,161.252,11.4069],[-24.3441,160.276,0.742136],[-41.8067,157.302,-4.63063],[[[0.287279,-0.580369,-0.761999],[0.796143,0.586999,-0.146931],[0.532567,-0.56445,0.630689]],[[0.32529,-0.619924,-0.71406],[0.430609,0.7694,-0.471804],[0.84188,-0.154008,0.517223]],[[0.32529,-0.619924,-0.71406],[0.215506,0.783857,-0.582345],[0.92073,0.035547,0.388578]],[[0.32529,-0.619924,-0.71406],[0.0651904,0.768033,-0.637084],[0.943365,0.160687,0.290246]]],3],[1614,[-0.917887,0.0175235,-0.396456],161,50.0432,[-13.3969,156.532,-2.36959],[-13.0116,145.676,-9.54818],[6.37701,-251.922,-108.173],false,[71.0082,108.999,63.9299],[45.9937,139.108,21.8816],[17.739,145.47,2.17291],[-0.0475646,145.81,-5.50952],[-16.4087,144.233,-10.142],[[[0.211465,-0.730755,-0.64906],[0.875035,0.437395,-0.20736],[0.435425,-0.524101,0.731931]],[[0.242241,-0.766564,-0.594726],[0.539267,0.615954,-0.574275],[0.806542,-0.181603,0.562592]],[[0.242241,-0.766564,-0.594726],[0.31433,0.641929,-0.699374],[0.917887,-0.0175235,0.396456]],[[0.242241,-0.766564,-0.594726],[0.153048,0.6355,-0.75678],[0.958069,0.0923017,0.271265]]],4]],[[0,200,0],[235.247,235.247,147.751]]],[164575,7207662386,[[161,"right",[-0.466576,0.703811,-0.535684],[-0.794744,-0.599413,-0.0953264],[36.2166,145.272,58.9047],[-14.0746,-49.2165,-67.9894],[38.3389,153.834,70.323],0.0334273,0.213164,0.889894,[[0.57963,-0.437213,-0.687658],[0.421304,0.883127,-0.206373],[0.697518,-0.170093,0.696087]],63.1302,[254.098,61.8037,267.839],[67.5117,107.304,81.6354]]],[[1610,[-0.89988,0.295181,-0.321068],161,51.634,[-36.8873,136.973,73.6665],[-41.3251,137.605,71.0736],[-46.6537,49.1032,28.607],false,[49.6257,109.272,106.129],[49.6257,109.272,106.129],[5.137,123.826,90.167],[-25.2609,133.797,79.3213],[-45.8024,139.843,70.4256],[[[0.776002,0.520051,-0.356886],[0.225097,0.300225,0.926928],[0.589196,-0.799632,0.115913]],[[0.405979,0.835925,-0.369338],[-0.161108,0.463277,0.871446],[0.89957,-0.294285,0.322755]],[[0.405979,0.835925,-0.369338],[-0.159367,0.462707,0.872069],[0.89988,-0.295181,0.321068]],[[0.405979,0.835925,-0.369338],[-0.224401,0.482952,0.846405],[0.885904,-0.260743,0.383651]]],0],[1611,[-0.930696,-0.0965742,-0.352814],161,58.2632,[-43.8531,200.691,67.3779],[-40.7912,191.677,36.3965],[20.8179,-62.1315,-202.703],false,[63.1773,125.299,95.5923],[16.7318,173.444,66.651],[-7.73586,201.586,46.1288],[-30.0229,199.273,37.6801],[-42.2909,187.641,36.827],[[[0.304338,-0.257671,-0.917052],[0.708053,0.705198,0.0368334],[0.637212,-0.660531,0.397063]],[[0.36467,-0.320483,-0.874246],[0.732518,0.678368,0.056874],[0.574833,-0.661141,0.48214]],[[0.36467,-0.320483,-0.874246],[0.0286413,0.942318,-0.33349],[0.930696,0.0965742,0.352814]],[[0.36467,-0.320483,-0.874246],[-0.584614,0.651976,-0.48286],[0.724736,0.687181,0.050397]]],1],[1612,[-0.946485,-0.147245,-0.287203],161,66.3862,[-41.8782,197.084,39.473],[-38.1026,181.496,13.0389],[24.9403,-137.33,-193.544],false,[67.6723,123.764,84.3557],[26.8515,166.485,48.4886],[0.283091,193.792,19.6974],[-26.3824,189.644,11.606],[-39.9526,177.187,14.3094],[[[0.262435,-0.460961,-0.847728],[0.763129,0.63681,-0.110027],[0.59056,-0.618052,0.518894]],[[0.321026,-0.521317,-0.790678],[0.766427,0.633446,-0.10647],[0.556357,-0.571817,0.602904]],[[0.321026,-0.521317,-0.790678],[0.0333003,0.840564,-0.540688],[0.946485,0.147245,0.287203]],[[0.321026,-0.521317,-0.790678],[-0.604719,0.52969,-0.594764],[0.728874,0.669072,-0.145206]]],2],[1613,[-0.919425,-0.0392684,-0.3913],161,63.8321,[-37.953,172.189,5.78282],[-37.7712,158.24,-5.5828],[-6.20031,-231.2,-104.329],false,[71.0515,119.252,73.5684],[38.2386,153.732,33.7453],[1.07677,160.283,10.6029],[-24.1574,159.205,-0.136526],[-41.6094,156.192,-5.52245],[[[0.2882,-0.593573,-0.751407],[0.798366,0.582223,-0.153715],[0.528727,-0.555597,0.641685]],[[0.326023,-0.632542,-0.702567],[0.434659,0.760259,-0.482782],[0.839512,-0.147979,0.522801]],[[0.326023,-0.632542,-0.702567],[0.219925,0.77353,-0.594377],[0.919425,0.0392684,0.3913]],[[0.326023,-0.632542,-0.702567],[0.0696911,0.757231,-0.649418],[0.94279,0.162762,0.290957]]],3],[1614,[-0.916755,0.0073612,-0.399381],161,50.0432,[-13.2121,153.853,-3.81204],[-12.8335,144.055,-10.1696],[10.5697,-240.672,-100.246],false,[70.8182,108.693,64.2258],[46.0375,138.182,21.604],[17.8959,144.126,1.60507],[0.13124,144.269,-6.13405],[-16.2204,142.546,-10.7481],[[[0.211556,-0.741874,-0.636292],[0.877027,0.431425,-0.211415],[0.431356,-0.513319,0.741914]],[[0.244734,-0.779846,-0.576146],[0.542947,0.60254,-0.58494],[0.803314,-0.169662,0.570877]],[[0.244734,-0.779846,-0.576146],[0.315697,0.625928,-0.713127],[0.916755,-0.0073612,0.399381]],[[0.244734,-0.779846,-0.576146],[0.152583,0.617789,-0.771398],[0.957509,0.100877,0.270186]]],4]],[[0,200,0],[235.247,235.247,147.751]]],[164576,7207671701,[[161,"right",[-0.463273,0.69384,-0.551329],[-0.795619,-0.599647,-0.0861017],[36.0403,145.008,58.2927],[-15.4488,-43.3166,-67.3407],[38.3175,153.751,70.2111],0.0205014,0.213512,0.892769,[[0.572402,-0.45128,-0.684618],[0.428187,0.876553,-0.219795],[0.699293,-0.167333,0.694973]],63.1597,[254.342,62.6417,267.894],[67.1932,107.424,81.9014]]],[[1610,[-0.900495,0.297442,-0.317233],161,51.6581,[-37.2323,137.136,73.5985],[-41.7701,138.259,71.2991],[-48.0291,57.0678,28.8634],false,[49.2173,109.92,106.299],[49.2173,109.92,106.299],[4.72395,124.442,90.2497],[-25.709,134.495,79.5286],[-46.2918,140.57,70.7208],[[[0.778297,0.511272,-0.364493],[0.222465,0.318308,0.921515],[0.587166,-0.798299,0.133998]],[[0.40885,0.827614,-0.384575],[-0.155568,0.478441,0.864229],[0.899244,-0.293513,0.324361]],[[0.40885,0.827614,-0.384575],[-0.148158,0.476008,0.866871],[0.900495,-0.297442,0.317233]],[[0.40885,0.827614,-0.384575],[-0.213514,0.496456,0.841394],[0.887273,-0.261892,0.379683]]],0],[1611,[-0.929702,-0.0955309,-0.355709],161,58.2904,[-43.8488,200.681,67.3479],[-40.5341,191.296,34.6509],[22.2421,-46.9684,-199.246],false,[62.8445,125.713,95.4858],[16.5765,173.381,65.4072],[-7.47809,201.468,44.29],[-29.7518,199.18,35.768],[-42.0591,187.566,35.0939],[[[0.307018,-0.276601,-0.910622],[0.709348,0.704408,0.0251941],[0.634481,-0.653683,0.412472]],[[0.366409,-0.337973,-0.866902],[0.739372,0.67138,0.0507607],[0.564865,-0.659562,0.495888]],[[0.366409,-0.337973,-0.866902],[0.037404,0.936295,-0.349217],[0.929702,0.0955309,0.355709]],[[0.366409,-0.337973,-0.866902],[-0.581048,0.644582,-0.496888],[0.726724,0.685776,0.0398024]]],1],[1612,[-0.945516,-0.148128,-0.289926],161,66.4172,[-41.7955,196.8,39.0352],[-37.9115,180.489,11.3838],[22.3601,-123.157,-190.822],false,[67.3778,123.944,84.2928],[26.7502,166.036,47.4154],[0.472895,192.925,17.9345],[-26.1778,188.749,9.76254],[-39.8225,176.399,12.6352],[[[0.264461,-0.478378,-0.837386],[0.764799,0.632982,-0.12007],[0.587489,-0.608678,0.533261]],[[0.323028,-0.53799,-0.778601],[0.770161,0.627561,-0.1141],[0.550005,-0.562791,0.617059]],[[0.323028,-0.53799,-0.778601],[0.0406444,0.829834,-0.556528],[0.945516,0.148128,0.289926]],[[0.323028,-0.53799,-0.778601],[-0.599208,0.520532,-0.608273],[0.732532,0.663033,-0.154221]]],2],[1613,[-0.91829,-0.0460354,-0.393222],161,63.8619,[-37.8855,169.248,3.82075],[-37.7189,156.752,-6.66044],[-3.64141,-209.211,-108.137],false,[70.7871,119.207,73.6052],[38.1683,152.962,32.9643],[1.08131,159.112,9.554],[-24.1335,157.848,-1.24325],[-41.5821,154.741,-6.61694],[[[0.289621,-0.609082,-0.738335],[0.800077,0.577461,-0.162531],[0.525354,-0.543653,0.654557]],[[0.327265,-0.647209,-0.68849],[0.437732,0.749557,-0.496543],[0.83743,-0.138873,0.528608]],[[0.327265,-0.647209,-0.68849],[0.222802,0.760922,-0.609391],[0.91829,0.0460354,0.393222]],[[0.327265,-0.647209,-0.68849],[0.0723062,0.743629,-0.664671],[0.942162,0.167741,0.290161]]],3],[1614,[-0.915131,-0.00493273,-0.403127],161,50.0666,[-13.0021,150.652,-5.48971],[-12.742,142.138,-10.9887],[10.316,-231.243,-97.8522],false,[70.5649,108.458,64.4711],[45.9817,137.149,21.1592],[17.9561,142.564,0.821507],[0.214628,142.469,-6.99383],[-16.1283,140.576,-11.6015],[[[0.212274,-0.754895,-0.620543],[0.878633,0.425382,-0.216919],[0.427719,-0.499183,0.753573]],[[0.248169,-0.794919,-0.553638],[0.546815,0.586712,-0.597296],[0.799628,-0.154507,0.580278]],[[0.248169,-0.794919,-0.553638],[0.317722,0.606695,-0.728679],[0.915131,0.00493273,0.403127]],[[0.248169,-0.794919,-0.553638],[0.153038,0.596512,-0.787878],[0.956552,0.110799,0.269689]]],4]],[[0,200,0],[235.247,235.247,147.751]]],[164577,7207679705,[[161,"right",[-0.46279,0.682857,-0.565272],[-0.795805,-0.60096,-0.0744397],[35.9295,144.875,57.6515],[-15.0497,-36.6612,-70.5116],[38.3012,153.691,70.1254],0.00704012,0.214558,0.895721,[[0.565366,-0.465624,-0.680849],[0.436475,0.869278,-0.232046],[0.699893,-0.165983,0.694693]],63.1597,[254.368,63.3387,267.937],[67.0588,107.76,82.0192]]],[[1610,[-0.902055,0.296813,-0.313367],161,51.6581,[-37.535,137.313,73.5648],[-42.0712,138.878,71.6047],[-45.3519,63.786,32.1728],false,[49.0739,110.749,106.354],[49.0739,110.749,106.354],[4.5188,125.168,90.3837],[-25.9669,135.199,79.7932],[-46.6019,141.234,71.0803],[[[0.778636,0.503608,-0.374307],[0.222204,0.336571,0.915066],[0.586815,-0.795675,0.150163]],[[0.408992,0.819787,-0.400842],[-0.147791,0.492967,0.857404],[0.90049,-0.291431,0.322777]],[[0.408992,0.819787,-0.400842],[-0.13792,0.489746,0.860887],[0.902055,-0.296813,0.313367]],[[0.408992,0.819787,-0.400842],[-0.203632,0.510174,0.835618],[0.889528,-0.260137,0.375592]]],0],[1611,[-0.929434,-0.095938,-0.356299],161,58.2904,[-43.8458,200.675,67.3268],[-40.3882,190.92,33.0764],[21.6749,-39.7446,-199.813],false,[62.7113,126.318,95.2338],[16.4733,173.393,64.1897],[-7.29739,201.314,42.5375],[-29.5646,199.015,34.0013],[-41.9075,187.429,33.5267],[[[0.30729,-0.294846,-0.904787],[0.709598,0.704514,0.0114156],[0.634069,-0.645543,0.425712]],[[0.366357,-0.355065,-0.860065],[0.744444,0.666361,0.0420098],[0.558198,-0.655661,0.508452]],[[0.366357,-0.355065,-0.860065],[0.0439963,0.929906,-0.365156],[0.929434,0.095938,0.356299]],[[0.366357,-0.355065,-0.860065],[-0.578445,0.637101,-0.509414],[0.728824,0.684128,0.0280211]]],1],[1612,[-0.945035,-0.148794,-0.291153],161,66.4172,[-41.7301,196.57,38.6746],[-37.8274,179.549,9.89221],[19.3263,-115.21,-191.91],false,[67.2485,124.324,84.0803],[26.6517,165.686,46.3525],[0.594567,192.121,16.2725],[-26.0425,187.927,8.06595],[-39.7574,175.697,11.1128],[[[0.264628,-0.495104,-0.827553],[0.765082,0.630181,-0.13237],[0.587045,-0.598117,0.545559]],[[0.323554,-0.553948,-0.767108],[0.773212,0.622086,-0.123096],[0.545396,-0.553309,0.629598]],[[0.323554,-0.553948,-0.767108],[0.0471425,0.819147,-0.571643],[0.945035,0.148794,0.291153]],[[0.323554,-0.553948,-0.767108],[-0.594284,0.511896,-0.620313],[0.736301,0.656585,-0.163576]]],2],[1613,[-0.918653,-0.0554073,-0.391161],161,63.8619,[-37.8515,166.749,2.18831],[-37.8407,155.216,-7.46281],[-6.10764,-203.54,-105.587],false,[70.6605,119.373,73.4908],[38.0709,152.321,32.1702],[0.985085,157.992,8.63732],[-24.2397,156.471,-2.10334],[-41.6914,153.215,-7.37737],[[[0.289699,-0.623813,-0.725901],[0.800357,0.57381,-0.173698],[0.524884,-0.53066,0.665505]],[[0.327368,-0.661008,-0.675203],[0.437708,0.739371,-0.511608],[0.837402,-0.128057,0.531375]],[[0.327368,-0.661008,-0.675203],[0.221149,0.74833,-0.625375],[0.918653,0.0554073,0.391161]],[[0.327368,-0.661008,-0.675203],[0.0695401,0.729495,-0.680442],[0.942334,0.175801,0.28478]]],3],[1614,[-0.914508,-0.0164895,-0.404232],161,50.0666,[-12.8565,147.968,-6.84184],[-12.7846,140.391,-11.6579],[7.26892,-227.503,-94.5822],false,[70.4381,108.444,64.5732],[45.8832,136.273,20.6866],[17.9238,141.178,0.129632],[0.194413,140.859,-7.70713],[-16.1425,138.809,-12.2688],[[[0.21225,-0.767216,-0.605252],[0.87888,0.420647,-0.225005],[0.427224,-0.484186,0.763573]],[[0.250265,-0.808112,-0.533219],[0.548614,0.572159,-0.609637],[0.797741,-0.13996,0.586533]],[[0.250265,-0.808112,-0.533219],[0.317872,0.588798,-0.743152],[0.914508,0.0164895,0.404232]],[[0.250265,-0.808112,-0.533219],[0.151797,0.576685,-0.802741],[0.956204,0.119957,0.266993]]],4]],[[0,200,0],[235.247,235.247,147.751]]],[164578,7207688842,[[161,"right",[-0.463539,0.668834,-0.5812],[-0.795348,-0.603195,-0.0598118],[35.8232,145.027,56.8078],[-14.0982,-21.8427,-76.5842],[38.2869,153.641,70.0485],0,0.224162,0.896965,[[0.556867,-0.482634,-0.675991],[0.44819,0.859806,-0.244662],[0.699303,-0.166728,0.695109]],63.1892,[254.244,63.8689,268.169],[67.0056,108.51,82.0526]]],[[1610,[-0.903958,0.29403,-0.310495],161,51.6822,[-37.8963,137.586,73.5384],[-42.3385,139.781,71.7481],[-41.5138,74.791,27.5791],false,[49.0184,112.065,106.328],[49.0184,112.065,106.328],[4.36147,126.277,90.3836],[-26.2028,136.218,79.8853],[-46.9059,142.156,71.2385],[[[0.778098,0.495171,-0.386483],[0.222256,0.358443,0.906709],[0.587508,-0.791407,0.168849]],[[0.408007,0.810431,-0.420394],[-0.140336,0.510664,0.84825],[0.902128,-0.287096,0.322088]],[[0.408007,0.810431,-0.420394],[-0.128026,0.506703,0.852562],[0.903958,-0.29403,0.310495]],[[0.408007,0.810431,-0.420394],[-0.194389,0.527021,0.827322],[0.892044,-0.255834,0.372567]]],0],[1611,[-0.92935,-0.100776,-0.35518],161,58.3176,[-43.8433,200.669,67.3083],[-40.3455,190.571,31.1892],[16.0258,-33.5945,-202.902],false,[62.6457,127.383,94.829],[16.3373,173.69,62.675],[-7.26779,201.275,40.3816],[-29.5434,198.86,31.8683],[-41.8977,187.266,31.6611],[[[0.307207,-0.316064,-0.897623],[0.709035,0.705151,-0.00562818],[0.634739,-0.634717,0.440727]],[[0.36615,-0.374965,-0.851666],[0.747637,0.66346,0.029323],[0.554051,-0.647474,0.523264]],[[0.36615,-0.374965,-0.851666],[0.0473527,0.921545,-0.385373],[0.92935,0.100776,0.35518]],[[0.36615,-0.374965,-0.851666],[-0.578159,0.625473,-0.523942],[0.729154,0.68424,0.0122277]]],1],[1612,[-0.944695,-0.145104,-0.294103],161,66.4482,[-41.6673,196.354,38.3178],[-37.6364,178.935,8.08639],[19.5874,-89.3366,-197.46],false,[67.1827,125.126,83.7193],[26.5204,165.565,45.0143],[0.868157,191.696,14.2915],[-25.7718,187.604,5.99794],[-39.5978,175.531,9.21654],[[[0.264733,-0.514459,-0.815627],[0.764528,0.627459,-0.147624],[0.587719,-0.584489,0.559428]],[[0.322721,-0.570844,-0.754976],[0.779639,0.612602,-0.129931],[0.53667,-0.546677,0.642752]],[[0.322721,-0.570844,-0.754976],[0.0583374,0.808135,-0.586102],[0.944695,0.145104,0.294103]],[[0.322721,-0.570844,-0.754976],[-0.587712,0.504394,-0.632599],[0.741921,0.647861,-0.172714]]],2],[1613,[-0.922621,-0.0763947,-0.378067],161,63.8918,[-37.9053,163.707,0.415351],[-38.2047,153.153,-7.90957],[-17.7008,-210.407,-85.7441],false,[70.5966,119.925,73.2446],[37.9506,151.869,31.1435],[0.698619,156.811,7.6699],[-24.6469,154.712,-2.71608],[-42.1369,151.032,-7.60064],[[[0.289944,-0.640691,-0.710948],[0.799834,0.570147,-0.187611],[0.525546,-0.514244,0.677757]],[[0.326717,-0.675763,-0.660758],[0.431711,0.728632,-0.531715],[0.840763,-0.111536,0.529791]],[[0.326717,-0.675763,-0.660758],[0.205005,0.73315,-0.648432],[0.922621,0.0763947,0.378067]],[[0.326717,-0.675763,-0.660758],[0.0469153,0.709858,-0.70278],[0.943957,0.198611,0.263626]]],3],[1614,[-0.914213,-0.0312487,-0.404026],161,50.09,[-12.7436,144.992,-8.31343],[-12.8641,138.575,-12.4338],[3.00969,-219.106,-92.9313],false,[70.3797,108.782,64.5857],[45.7755,135.551,20.0373],[17.8556,139.819,-0.742142],[0.123615,139.213,-8.57859],[-16.2169,136.959,-13.0604],[[[0.212653,-0.781242,-0.58689],[0.878461,0.415869,-0.235285],[0.427883,-0.4655