{"metadata":{"formatVersion":2,"generatedBy":"LeapJS Playback 0.2.1","frames":1,"frameRate":"1.0e+2","modified":"Tue Jun 02 2015 20:35:39 GMT-0300 (E. South America Standard Time)","title":"leap-playback-recording-100fps (14)"},"frames":[["id","timestamp",{"hands":[["id","type","direction","palmNormal","palmPosition","palmVelocity","stabilizedPalmPosition","pinchStrength","grabStrength","confidence","armBasis","armWidth","elbow","wrist"]]},{"pointables":[["id","direction","handId","length","stabilizedTipPosition","tipPosition","tipVelocity","tool","carpPosition","mcpPosition","pipPosition","dipPosition","btipPosition","bases","type"]]},{"interactionBox":["center","size"]}],[3782126,1818190036167,[[798,"right",[-0.911041,-0.123274,-0.393457],[-0.392978,-0.0292091,0.919084],[30.763,87.3108,-15.8515],[1.3233,8.58135,-14.0223],[33.17,88.2643,-18.5927],0.160219,0,0.266592,[[0.0894788,-0.883016,-0.460735],[0.991313,0.12373,-0.0446123],[0.0964002,-0.45274,0.886416]],63.72,[108.636,-35.7074,240.923],[82.6082,86.5325,1.59113]]],[[7980,[-0.970189,0.229711,0.0772422],798,52.1164,[-21.084,134.377,7.65873],[-21.8852,133.327,21.2957],[17.7395,17.3875,-1.12803],false,[77.924,114.917,12.2412],[77.924,114.917,12.2412],[29.0424,123.967,16.765],[-4.03679,131.799,19.3986],[-27.1305,134.664,21.8889],[[[0.223933,-0.397084,-0.890044],[0.430861,0.859482,-0.275046],[0.874193,-0.321893,0.363554]],[[-0.133533,-0.24071,-0.961368],[0.15247,0.953516,-0.259923],[0.979246,-0.181288,-0.0906245]],[[-0.133533,-0.24071,-0.961368],[0.202244,0.943022,-0.264209],[0.970189,-0.229711,-0.0772422]],[[-0.133533,-0.24071,-0.961368],[0.0920799,0.962845,-0.25387],[0.986757,-0.122423,-0.106407]]],0],[7981,[-0.981077,-0.114692,-0.155991],798,58.8075,[-66.9404,105.18,-41.9025],[-72.3699,100.627,-43.3229],[-10.1739,-13.3202,27.9803],false,[76.8659,106.169,-9.76404],[5.71043,109.126,-28.2203],[-35.4396,104.345,-39.6037],[-59.1526,101.572,-43.374],[-76.0835,99.5837,-44.5176],[[[-0.0299455,-0.998559,-0.0445389],[0.252297,0.035565,-0.966996],[0.967186,-0.0401942,0.250868]],[[0.11705,-0.993108,-0.00598603],[0.262469,0.0367473,-0.964241],[0.957815,0.111294,0.264961]],[[0.11705,-0.993108,-0.00598603],[0.154229,0.0241316,-0.98774],[0.981077,0.114692,0.155991]],[[0.11705,-0.993108,-0.00598603],[0.0657709,0.0137659,-0.99774],[0.990946,0.116392,0.0669289]]],1],[7982,[0.831485,0.152073,0.534328],798,67.0064,[24.5746,98.4717,21.9226],[23.7069,97.4771,25.494],[17.5509,18.2458,-16.6752],false,[76.3609,94.0898,-12.1004],[9.20655,87.3289,-29.7683],[-14.7131,92.219,11.7914],[8.93133,96.5434,26.9858],[27.565,97.6498,24.8176],[[[0.0584315,-0.986142,0.15527],[0.264775,-0.134656,-0.954862],[0.962538,0.0969056,0.253238]],[[0.0770679,-0.98408,0.160147],[-0.86475,-0.145924,-0.480535],[0.496255,-0.101453,-0.862229]],[[0.0770679,-0.98408,0.160147],[-0.550175,0.0919803,0.829968],[-0.831485,-0.152073,-0.534328]],[[0.0770679,-0.98408,0.160147],[0.104112,0.16769,0.980327],[-0.991575,-0.0588785,0.115378]]],2],[7983,[0.832916,0.301998,0.463733],798,64.4285,[33.0837,84.3557,20.1254],[33.0894,83.3781,22.3005],[21.9233,18.2827,-17.9316],false,[76.524,81.8337,-11.2698],[17.8108,66.4454,-26.7531],[-3.8504,72.8627,11.794],[19.223,81.2286,24.6404],[37.4075,84.0567,21.4126],[[[0.179313,-0.948158,0.262381],[0.298822,-0.20161,-0.932769],[0.937311,0.245663,0.247179]],[[0.194095,-0.944159,0.266252],[-0.85281,-0.296537,-0.429862],[0.484812,-0.143628,-0.862745]],[[0.194095,-0.944159,0.266252],[-0.518246,0.131757,0.845021],[-0.832916,-0.301998,-0.463733]],[[0.194095,-0.944159,0.266252],[0.122808,0.292665,0.948296],[-0.973265,-0.151362,0.172755]]],3],[7984,[0.689291,0.585056,0.427302],798,50.5107,[32.1233,72.4056,12.8803],[31.2485,71.1758,14.9833],[15.8178,16.2176,-10.0199],false,[77.2011,70.1159,-3.22038],[25.9533,48.1586,-19.1523],[5.32171,55.1769,8.69281],[18.8034,66.6199,17.0503],[34.7559,72.5763,14.3767],[[[0.234736,-0.86692,0.439715],[0.404701,-0.324128,-0.855078],[0.883808,0.378671,0.274759]],[[0.376394,-0.793147,0.478796],[-0.719633,-0.575779,-0.388082],[0.583487,-0.198486,-0.787494]],[[0.376394,-0.793147,0.478796],[-0.619036,0.169196,0.766921],[-0.689291,-0.585056,-0.427302]],[[0.376394,-0.793147,0.478796],[-0.0424254,0.501504,0.864115],[-0.925488,-0.34556,0.155113]]],4]],[[0,200,0],[235.247,235.247,147.751]]]]}