{"metadata":{"formatVersion":2,"generatedBy":"LeapJS Playback 0.2.1","frames":2,"frameRate":"1.0e+2","modified":"Tue Jun 02 2015 20:37:29 GMT-0300 (E. South America Standard Time)","title":"leap-playback-recording-100fps (16)"},"frames":[["id","timestamp",{"hands":[["id","type","direction","palmNormal","palmPosition","palmVelocity","stabilizedPalmPosition","pinchStrength","grabStrength","confidence","armBasis","armWidth","elbow","wrist"]]},{"pointables":[["id","direction","handId","length","stabilizedTipPosition","tipPosition","tipVelocity","tool","carpPosition","mcpPosition","pipPosition","dipPosition","btipPosition","bases","type"]]},{"interactionBox":["center","size"]}],[3797564,1818340956823,[[816,"right",[-0.9626,-0.152328,-0.224046],[-0.248799,0.169698,0.953573],[32.754,95.8663,-13.7402],[-39.5055,92.603,72.8461],[34.7458,88.8133,-18.8821],0.0285352,0,0.100391,[[-0.196192,-0.975395,-0.100565],[0.703755,-0.0686486,-0.707118],[0.682816,-0.209504,0.699908]],53.6458,[233.322,48.303,153.367],[78.1093,95.9259,-5.73105]]],[[8160,[-0.979667,-0.200625,0.00144544],816,43.8767,[3.71622,116.241,-23.4562],[2.44932,121.797,-11.3674],[-55.9866,72.8547,174.782],false,[76.0465,121.276,-1.2454],[76.0465,121.276,-1.2454],[40.8188,136.982,-17.9336],[12.6974,131.223,-17.8921],[0.111658,118.153,-10.2102],[[[0.0778499,-0.573302,-0.815638],[0.400632,0.767147,-0.500979],[0.912926,-0.28777,0.289406]],[[0.11875,-0.585641,-0.801825],[0.532206,0.719281,-0.446533],[0.838246,-0.37371,0.397096]],[[0.11875,-0.585641,-0.801825],[-0.161713,0.78535,-0.597557],[0.979667,0.200625,-0.00144544]],[[0.11875,-0.585641,-0.801825],[-0.760189,0.465874,-0.452851],[0.638757,0.663315,-0.389875]]],0],[8161,[-0.945078,-0.181106,-0.27208],816,49.51,[-50.4413,91.725,-49.1087],[-51.6168,100.208,-46.4906],[-46.1107,158.101,95.4717],false,[72.1986,110.499,-17.5949],[10.6848,112.874,-24.432],[-22.0196,105.812,-38.1734],[-41.251,102.127,-43.71],[-55.2115,99.7299,-46.2139],[[[-0.0559088,-0.985406,0.160776],[0.102611,-0.165846,-0.980799],[0.993149,-0.038338,0.110385]],[[0.135235,-0.974523,0.178933],[0.405167,-0.110411,-0.907551],[0.904185,0.19523,0.379913]],[[0.135235,-0.974523,0.178933],[0.297554,-0.132311,-0.945492],[0.945078,0.181106,0.27208]],[[0.135235,-0.974523,0.178933],[0.199456,-0.150119,-0.96834],[0.97053,0.166643,0.174073]]],1],[8162,[-0.992161,-0.0423517,0.117572],816,56.4126,[-61.4082,80.6679,-17.4492],[-63.0068,90.0754,-14.5807],[-42.7383,30.6642,18.4039],false,[71.2798,100.175,-17.4065],[13.0356,94.4975,-22.4554],[-27.3786,92.0076,-19.7701],[-51.1315,90.9936,-16.9553],[-66.7516,90.5536,-14.4806],[[[0.0621154,-0.938719,0.339042],[0.113461,-0.330854,-0.936836],[0.991599,0.0966598,0.0859566]],[[0.0803449,-0.936782,0.340565],[-0.0410941,-0.344493,-0.937889],[0.99592,0.0613594,-0.0661744]],[[0.0803449,-0.936782,0.340565],[-0.0957155,-0.347342,-0.932841],[0.992161,0.0423517,-0.117572]],[[0.0803449,-0.936782,0.340565],[-0.137061,-0.348807,-0.927118],[0.987299,0.0278109,-0.156421]]],2],[8163,[-0.989878,-0.0161297,0.141004],816,54.2423,[-51.9784,68.8834,-10.8776],[-52.1551,75.5057,-8.88506],[-27.5899,-6.16359,1.17662],false,[71.3202,90.1962,-14.6866],[20.2365,77.41,-17.5357],[-17.2052,75.878,-14.2631],[-40.2914,75.5018,-10.9745],[-55.7618,75.5372,-8.12836],[[[0.198629,-0.886633,0.417647],[0.149161,-0.393826,-0.907002],[0.968658,0.242454,0.0540255]],[[0.0728496,-0.910394,0.407279],[-0.0626189,-0.411734,-0.90915],[0.995375,0.0407279,-0.0870025]],[[0.0728496,-0.910394,0.407279],[-0.1218,-0.413429,-0.902353],[0.989878,0.0161297,-0.141004]],[[0.0728496,-0.910394,0.407279],[-0.16564,-0.413737,-0.895201],[0.983492,-0.00224671,-0.180938]]],3],[8164,[0.217039,0.589126,0.778347],816,42.5249,[19.1219,83.9425,18.8976],[14.5459,82.2417,22.8689],[-16.5921,-60.402,38.4718],false,[72.7234,81.8229,-6.23143],[27.6845,63.2349,-9.25575],[2.55463,67.7391,6.05394],[6.12851,77.44,18.8706],[17.8452,84.0317,24.3347],[[[0.282011,-0.775271,0.565176],[0.263228,-0.503958,-0.822641],[0.922595,0.380764,0.0619512]],[[0.194555,-0.807463,0.556913],[-0.499531,-0.570184,-0.652195],[0.844166,-0.151307,-0.514285]],[[0.194555,-0.807463,0.556913],[-0.956578,-0.0305594,0.289869],[-0.217039,-0.589126,-0.778347]],[[0.194555,-0.807463,0.556913],[-0.557002,0.376397,0.74032],[-0.807402,-0.454235,-0.376528]]],4]],[[0,200,0],[235.247,235.247,147.751]]],[3797565,1818340966440,[[816,"right",[-0.962656,-0.155886,-0.221343],[-0.247344,0.174043,0.953168],[32.2992,95.8956,-13.8922],[-41.7658,66.5955,47.1022],[34.678,89.0095,-18.7439],0.02805,0,0.106613,[[-0.199158,-0.974858,-0.0999438],[0.701978,-0.0707558,-0.708676],[0.683786,-0.211297,0.69842]],53.6458,[233.103,48.0791,152.786],[77.6699,96.1096,-5.97344]]],[[8160,[-0.97918,-0.202949,0.00422726],816,43.8767,[3.70519,116.286,-23.3538],[1.95133,121.749,-11.6078],[-54.8996,50.4721,117.084],false,[75.5527,121.478,-1.61568],[75.5527,121.478,-1.61568],[40.2551,137.007,-18.3208],[12.1477,131.182,-18.1994],[-0.376648,118.113,-10.4172],[[[0.0776747,-0.577346,-0.812796],[0.397729,0.765521,-0.505757],[0.914209,-0.283988,0.289089]],[[0.118742,-0.589543,-0.798961],[0.529581,0.718253,-0.451283],[0.839907,-0.369529,0.397498]],[[0.118742,-0.589543,-0.798961],[-0.164641,0.781825,-0.601367],[0.97918,0.202949,-0.00422726]],[[0.118742,-0.589543,-0.798961],[-0.762797,0.460954,-0.453499],[0.635642,0.663295,-0.394967]]],0],[8161,[-0.945193,-0.184859,-0.269143],816,49.51,[-50.6971,92.7298,-48.6838],[-52.1526,99.8583,-46.4827],[-48.7408,101.711,67.7654],false,[71.6995,110.606,-17.9012],[10.1666,112.792,-24.6286],[-22.5484,105.578,-38.2652],[-41.7821,101.816,-43.742],[-55.7419,99.3718,-46.2037],[[[-0.053132,-0.984691,0.166011],[0.101093,-0.170696,-0.980124],[0.993457,-0.0352934,0.108615]],[[0.138026,-0.973237,0.183733],[0.403568,-0.114145,-0.907801],[0.904478,0.199449,0.377013]],[[0.138026,-0.973237,0.183733],[0.295904,-0.136514,-0.945412],[0.945193,0.184859,0.269143]],[[0.138026,-0.973237,0.183733],[0.197783,-0.154687,-0.967964],[0.97048,0.169944,0.171139]]],1],[8162,[-0.992675,-0.0425449,0.113074],816,56.4126,[-61.4937,81.0444,-17.3744],[-63.4961,90.0174,-14.8854],[-45.4127,19.3477,0.0939995],false,[70.8068,100.281,-17.6573],[12.5672,94.4323,-22.5611],[-27.8566,91.9343,-20.032],[-51.6219,90.9157,-17.3249],[-67.2539,90.4731,-14.9279],[[[0.065126,-0.936783,0.343798],[0.112441,-0.335446,-0.935325],[0.991522,0.0995711,0.083487]],[[0.0793779,-0.935254,0.344963],[-0.0370545,-0.348584,-0.936545],[0.996156,0.0615586,-0.0623252]],[[0.0793779,-0.935254,0.344963],[-0.0910762,-0.351412,-0.931781],[0.992675,0.0425449,-0.113074]],[[0.0793779,-0.935254,0.344963],[-0.132051,-0.35287,-0.926307],[0.98806,0.0279756,-0.151512]]],2],[8163,[-0.989805,-0.0192328,0.141127],816,54.2423,[-51.9934,69.0353,-10.828],[-52.5594,75.2907,-8.83835],[-31.8896,-11.9751,0.583877],false,[70.8775,90.3165,-14.8856],[19.8204,77.3887,-17.5669],[-17.6142,75.7348,-14.2719],[-40.6987,75.2862,-10.9805],[-56.1696,75.2747,-8.13739],[[[0.201664,-0.883949,0.42186],[0.148357,-0.398172,-0.905234],[0.968154,0.245139,0.0508433]],[[0.0763743,-0.908017,0.411913],[-0.0614282,-0.41662,-0.907003],[0.995185,0.0439686,-0.0875969]],[[0.0763743,-0.908017,0.411913],[-0.120223,-0.418492,-0.900228],[0.989805,0.0192328,-0.141127]],[[0.0763743,-0.908017,0.411913],[-0.163815,-0.418933,-0.893118],[0.98353,0.000733877,-0.180742]]],3],[8164,[0.224424,0.594248,0.772336],816,42.5249,[19.1061,83.9379,18.9139],[14.4029,82.4841,22.8494],[-14.6325,-35.1802,26.5576],false,[72.3183,81.9908,-6.38977],[27.32,63.2754,-9.22805],[2.30272,67.8868,6.23333],[5.9982,77.672,18.951],[17.7612,84.2928,24.2787],[[[0.285058,-0.771614,0.568643],[0.262865,-0.507579,-0.820527],[0.921761,0.383374,0.0581404]],[[0.198429,-0.803815,0.56081],[-0.50436,-0.574356,-0.644776],[0.840385,-0.154908,-0.519381]],[[0.198429,-0.803815,0.56081],[-0.954075,-0.0273946,0.298311],[-0.224424,-0.594248,-0.772336]],[[0.198429,-0.803815,0.56081],[-0.55097,0.381738,0.742097],[-0.810591,-0.456243,-0.36713]]],4]],[[0,200,0],[235.247,235.247,147.751]]]]}