{"metadata":{"formatVersion":2,"generatedBy":"LeapJS Playback 0.2.1","frames":1,"frameRate":"1.0e+2","modified":"Tue Jun 02 2015 20:38:17 GMT-0300 (E. South America Standard Time)","title":"leap-playback-recording-100fps (17)"},"frames":[["id","timestamp",{"hands":[["id","type","direction","palmNormal","palmPosition","palmVelocity","stabilizedPalmPosition","pinchStrength","grabStrength","confidence","armBasis","armWidth","elbow","wrist"]]},{"pointables":[["id","direction","handId","length","stabilizedTipPosition","tipPosition","tipVelocity","tool","carpPosition","mcpPosition","pipPosition","dipPosition","btipPosition","bases","type"]]},{"interactionBox":["center","size"]}],[3801557,1818379870715,[[817,"right",[-0.951629,-0.255508,-0.170643],[-0.153247,-0.0866621,0.984381],[23.6146,83.5922,-14.6023],[2.426,12.4265,-1.54752],[19.2776,81.1323,-7.9442],0,0,0.172128,[[-0.139154,-0.985978,-0.0921005],[0.114833,0.0763113,-0.990449],[0.98359,-0.148402,0.102604]],53.7779,[293.39,55.5414,12.6876],[69.2565,89.358,-10.6931]]],[[8170,[-0.852626,-0.480191,0.206023],817,43.9847,[-0.683947,91.0956,11.3254],[1.55194,93.0774,9.2045],[10.7443,7.95198,2.25867],false,[64.2007,112.474,-0.185562],[64.2007,112.474,-0.185562],[22.9528,120.916,-1.66785],[-1.58214,107.098,4.26062],[2.66868,88.9064,10.6749],[[[0.0585353,-0.359819,-0.931184],[0.2256,0.91342,-0.338774],[0.97246,-0.190245,0.134643]],[[-0.0357584,-0.33974,-0.939839],[0.200282,0.918925,-0.3398],[0.979086,-0.200383,0.0351845]],[[-0.0357584,-0.33974,-0.939839],[-0.521297,0.808698,-0.272501],[0.852626,0.480191,-0.206023]],[[-0.0357584,-0.33974,-0.939839],[-0.975913,-0.190651,0.106049],[-0.21521,0.920993,-0.32474]]],0],[8171,[-0.942982,-0.298755,-0.14673],817,49.6319,[-67.357,85.4495,-29.8076],[-65.6225,79.1178,-29.974],[-3.29608,39.5844,-4.45147],false,[59.9484,105.042,-18.2662],[-1.81268,98.7048,-19.0822],[-35.761,88.0714,-26.0937],[-54.997,81.977,-29.0868],[-68.6524,77.6098,-30.6322],[[[0.102744,-0.992145,-0.0713506],[0.00575787,0.0723222,-0.997365],[0.994691,0.102063,0.0131434]],[[0.3108,-0.948114,-0.0669566],[0.163701,0.122789,-0.978838],[0.936272,0.293262,0.19337]],[[0.3108,-0.948114,-0.0669566],[0.119113,0.108743,-0.986908],[0.942982,0.298755,0.14673]],[[0.3108,-0.948114,-0.0669566],[0.0813312,0.0967158,-0.991984],[0.946989,0.302863,0.107171]]],1],[8172,[-0.971048,-0.220122,-0.0928011],817,56.5515,[-72.585,66.7521,-29.094],[-71.2288,64.6303,-30.2283],[2.41222,7.25904,0.473524],false,[60.5183,94.8956,-20.4391],[3.32752,80.9406,-21.6978],[-35.8802,71.8297,-27.5791],[-59.1849,66.5469,-29.8063],[-74.6489,63.1138,-30.5918],[[[0.233689,-0.96693,0.10216],[0.044882,-0.0942297,-0.994538],[0.971275,0.236998,0.0213773]],[[0.210684,-0.972257,0.101627],[0.163325,-0.0674896,-0.984261],[0.963814,0.223966,0.144574]],[[0.210684,-0.972257,0.101627],[0.112597,-0.0791325,-0.990485],[0.971048,0.220122,0.0928011]],[[0.210684,-0.972257,0.101627],[0.070155,-0.0886539,-0.993589],[0.975034,0.216463,0.0495308]]],2],[8173,[-0.989116,-0.131506,0.0659967],817,54.3758,[-61.1947,54.2858,-24.6863],[-58.8713,54.7062,-19.508],[0.392358,14.0834,32.8259],false,[62.291,84.6837,-20.1556],[13.4204,64.5708,-21.5677],[-23.8746,59.0552,-22.3249],[-46.9999,55.9806,-20.782],[-62.5142,54.1014,-18.6777],[[[0.37002,-0.911641,0.178872],[0.0924026,-0.155469,-0.98351],[0.924417,0.380447,0.0267114]],[[0.140905,-0.975754,0.167481],[0.0440913,-0.162816,-0.985671],[0.989041,0.14627,0.0200807]],[[0.140905,-0.975754,0.167481],[-0.0423717,-0.174957,-0.983664],[0.989116,0.131506,-0.0659967]],[[0.140905,-0.975754,0.167481],[-0.110249,-0.183582,-0.976802],[0.983865,0.119172,-0.133443]]],3],[8174,[-0.97521,-0.220437,-0.0192904],817,42.6296,[-33.9828,32.6797,-18.1317],[-32.0456,37.0008,-20.0265],[-1.7199,18.4098,-10.7886],false,[65.8742,74.984,-14.0436],[23.7535,50.3112,-17.5107],[-5.04746,43.0396,-20.371],[-21.1453,39.4008,-20.6894],[-35.3828,36.4736,-20.0954],[[[0.454137,-0.823178,0.340791],[0.230134,-0.261143,-0.937466],[0.860696,0.504165,0.0708466]],[[0.203884,-0.929005,0.308837],[0.164299,-0.278519,-0.946273],[0.96511,0.243671,0.0958486]],[[0.203884,-0.929005,0.308837],[0.086,-0.297248,-0.950919],[0.97521,0.220437,0.0192904]],[[0.203884,-0.929005,0.308837],[0.0242064,-0.310583,-0.950238],[0.978696,0.201214,-0.040835]]],4]],[[0,200,0],[235.247,235.247,147.751]]]]}