{"metadata":{"formatVersion":2,"generatedBy":"LeapJS Playback 0.2.1","frames":1,"frameRate":"1.0e+2","modified":"Tue Jun 02 2015 20:39:06 GMT-0300 (E. South America Standard Time)","title":"leap-playback-recording-100fps (18)"},"frames":[["id","timestamp",{"hands":[["id","type","direction","palmNormal","palmPosition","palmVelocity","stabilizedPalmPosition","pinchStrength","grabStrength","confidence","armBasis","armWidth","elbow","wrist"]]},{"pointables":[["id","direction","handId","length","stabilizedTipPosition","tipPosition","tipVelocity","tool","carpPosition","mcpPosition","pipPosition","dipPosition","btipPosition","bases","type"]]},{"interactionBox":["center","size"]}],[3803703,1818400834945,[[818,"right",[0.171444,0.744409,-0.645339],[-0.100282,-0.638449,-0.763103],[-2.49081,89.2096,22.5805],[-0.216931,-3.25596,1.87941],[-4.58495,85.668,25.051],0.832075,1,0.73362,[[0.777083,0.0394158,-0.628163],[0.178287,0.943374,0.279749],[0.603619,-0.329382,0.726052]],57.8284,[144.189,-26.8316,235.348],[-3.71952,53.8786,57.4393]]],[[8180,[0.359309,0.174589,-0.916742],818,47.2976,[-14.4744,61.2605,-16.7224],[-11.056,67.3197,-21.0579],[0.423141,0.235278,1.63034],false,[-30.5916,50.3683,51.0634],[-30.5916,50.3683,51.0634],[-36.9542,68.1395,9.88106],[-25.8361,73.5418,-18.4858],[-6.22827,66.1542,-21.9617],[[[0.51753,0.637617,0.57062],[-0.810821,0.152381,0.56511],[0.273373,-0.755132,0.595855]],[[0.383034,0.868196,0.31547],[-0.912995,0.303894,0.272193],[0.140448,-0.392282,0.90906]],[[0.383034,0.868196,0.31547],[-0.850989,0.464494,-0.245077],[-0.359309,-0.174589,0.916742]],[[0.383034,0.868196,0.31547],[-0.0323538,0.353916,-0.934718],[-0.923168,0.347822,0.163651]]],0],[8181,[-0.242956,-0.211756,-0.946642],818,53.3701,[-32.6999,130.668,-36.0491],[-35.8157,127.17,-38.7062],[-3.51828,-8.72861,0.261742],false,[-19.9733,67.4955,58.5929],[-20.6725,111.795,8.64308],[-30.4054,142.651,-13.1136],[-35.7347,138.006,-33.8787],[-35.8,123.747,-39.9692],[[[0.994949,-0.0677819,-0.0740405],[0.0998335,0.745114,0.659423],[0.0104717,-0.663484,0.748118]],[[0.95635,0.111072,-0.270293],[0.151931,0.60112,0.784583],[0.249624,-0.791402,0.558006]],[[0.95635,0.111072,-0.270293],[-0.162382,0.97099,-0.175527],[0.242956,0.211756,0.946642]],[[0.95635,0.111072,-0.270293],[-0.292195,0.376778,-0.879011],[0.00420664,0.91962,0.392786]]],1],[8182,[-0.157412,-0.143924,-0.976989],818,60.811,[-1.05347,128.028,-42.2783],[-2.34935,128.727,-44.67],[-3.47823,-4.0781,0.356674],false,[-8.82596,68.252,58.3932],[-0.869316,109.213,10.7697],[5.43918,144.637,-14.1064],[1.37684,140.923,-39.3197],[-3.38578,125.971,-45.9992],[[[0.955521,-0.282822,-0.0836097],[0.26681,0.70818,0.653677],[-0.125663,-0.64691,0.752141]],[[0.960209,-0.253421,-0.117375],[0.239168,0.529122,0.814143],[-0.144215,-0.809819,0.568678]],[[0.960209,-0.253421,-0.117375],[0.230696,0.95659,-0.178089],[0.157411,0.143924,0.976989]],[[0.960209,-0.253421,-0.117375],[-0.00364916,0.408853,-0.912593],[0.279259,0.876708,0.39166]]],2],[8183,[-0.425166,-0.882458,0.20125],818,58.4714,[-10.6428,52.5999,-2.35037],[-8.36807,47.7428,-2.53264],[-10.5852,-19.6754,-3.93666],false,[2.08663,66.1746,57.4397],[17.5659,100.976,15.2381],[6.15105,78.1908,-16.301],[-4.53791,56.0052,-11.2414],[-10.2021,44.0541,-0.62975],[[[0.903764,-0.427513,-0.0210521],[0.330254,0.665181,0.669676],[-0.272292,-0.612182,0.742355]],[[0.899882,-0.436003,-0.0107048],[0.333112,0.702952,-0.628407],[0.281512,0.561926,0.777811]],[[0.899882,-0.436003,-0.0107048],[-0.097192,-0.17655,-0.979481],[0.425166,0.882458,-0.20125]],[[0.899882,-0.436003,-0.0107048],[-0.280403,-0.559586,-0.779896],[0.334046,0.704816,-0.625818]]],3],[8184,[-0.576169,-0.794734,0.190862],818,45.8405,[3.22766,56.5644,5.83522],[5.40557,53.5509,3.54853],[-9.14376,-18.3043,-11.7136],false,[11.6124,58.1544,54.009],[33.0896,89.5351,17.6325],[20.4863,74.7193,-7.89019],[10.2591,60.6125,-4.50233],[3.31368,50.4009,5.09927],[[[0.799101,-0.599484,-0.0453497],[0.441439,0.533874,0.721186],[-0.408129,-0.59632,0.691255]],[[0.802641,-0.594244,-0.0513951],[0.448903,0.658566,-0.603967],[0.392751,0.461697,0.79535]],[[0.802641,-0.594244,-0.0513951],[-0.154264,-0.123581,-0.980271],[0.576169,0.794734,-0.190862]],[[0.802641,-0.594244,-0.0513951],[-0.398293,-0.469836,-0.787793],[0.443994,0.652785,-0.613792]]],4]],[[0,200,0],[235.247,235.247,147.751]]]]}