{"metadata":{"formatVersion":2,"generatedBy":"LeapJS Playback 0.2.1","frames":1,"frameRate":"1.0e+2","modified":"Tue Jun 02 2015 20:38:49 GMT-0300 (E. South America Standard Time)","title":"leap-playback-recording-100fps (18)"},"frames":[["id","timestamp",{"hands":[["id","type","direction","palmNormal","palmPosition","palmVelocity","stabilizedPalmPosition","pinchStrength","grabStrength","confidence","armBasis","armWidth","elbow","wrist"]]},{"pointables":[["id","direction","handId","length","stabilizedTipPosition","tipPosition","tipVelocity","tool","carpPosition","mcpPosition","pipPosition","dipPosition","btipPosition","bases","type"]]},{"interactionBox":["center","size"]}],[3803435,1818398229280,[[818,"right",[0.0875704,0.712068,-0.696628],[-0.207435,-0.67095,-0.711897],[-5.82604,86.4009,19.4208],[0.549362,8.40152,-3.59927],[-8.79228,79.7467,26.1226],0.83906,1,0.689065,[[0.690037,0.0188268,-0.723529],[0.222398,0.945783,0.236714],[0.688758,-0.324253,0.648438]],57.8284,[166.206,-26.7494,214.627],[-2.56406,52.7041,55.7362]]],[[8180,[0.261677,0.171724,-0.949756],818,47.2976,[-17.8082,56.5728,-13.8103],[-11.425,63.7256,-20.5288],[5.49133,13.8909,-19.7917],false,[-30.077,49.268,53.2234],[-30.077,49.268,53.2234],[-34.1013,65.7195,11.2063],[-26.0042,71.0332,-18.1821],[-7.29918,61.4333,-21.1965],[[[0.594687,0.655829,0.465011],[-0.725536,0.188631,0.661828],[0.34633,-0.730963,0.588004]],[[0.473659,0.834544,0.281395],[-0.876217,0.414314,0.246145],[0.0888328,-0.363152,0.927486]],[[0.473659,0.834544,0.281395],[-0.840936,0.523495,-0.137042],[-0.261677,-0.171724,0.949756]],[[0.473659,0.834544,0.281395],[0.00874365,0.315038,-0.949039],[-0.880665,0.451981,0.141924]]],0],[8181,[-0.370831,-0.250228,-0.894354],818,53.3701,[-45.6148,123.598,-32.2524],[-46.9203,122.078,-38.5855],[1.11526,9.50198,-3.30156],false,[-18.4139,66.5752,58.4402],[-25.57,108.572,7.03119],[-37.9453,138.541,-14.6238],[-46.0797,133.053,-34.242],[-47.0825,118.543,-39.6174],[[[0.975193,-0.0843518,-0.204655],[0.193678,0.772807,0.604365],[0.107179,-0.62901,0.769973]],[[0.911589,0.0859368,-0.402021],[0.261277,0.633894,0.727951],[0.317397,-0.768631,0.555397]],[[0.911589,0.0859368,-0.402021],[-0.177455,0.964365,-0.196237],[0.370831,0.250228,0.894354]],[[0.911589,0.0859368,-0.402021],[-0.405985,0.342021,-0.847465],[0.0646712,0.935755,0.346671]]],1],[8182,[-0.301464,-0.296143,-0.906321],818,60.811,[-13.876,118.021,-43.881],[-15.1274,118.031,-49.8601],[3.42766,17.4919,0.00482363],false,[-7.39165,67.1729,56.6999],[-5.68023,105.825,6.57861],[-3.21468,137.186,-23.8174],[-10.9946,129.544,-47.207],[-16.6181,113.857,-50.8368],[[[0.933306,-0.299058,-0.198758],[0.358064,0.733424,0.577823],[-0.0270293,-0.610454,0.791591]],[[0.933685,-0.284358,-0.217652],[0.353631,0.636518,0.685412],[-0.0563635,-0.716928,0.694865]],[[0.933685,-0.284358,-0.217652],[0.193264,0.911833,-0.362228],[0.301465,0.296143,0.906321]],[[0.933685,-0.284358,-0.217652],[-0.139667,0.270489,-0.952538],[0.329735,0.919769,0.212836]]],2],[8183,[-0.299311,-0.810615,0.503304],818,58.4714,[-17.8499,52.9035,-5.92551],[-10.5382,49.7544,2.07254],[12.9852,10.1668,-3.17096],false,[3.27559,64.9088,54.3776],[13.1319,97.5538,8.89262],[-2.3218,75.3953,-21.3458],[-9.84667,55.0159,-8.6924],[-10.6857,47.861,6.65769],[[[0.88949,-0.440064,-0.123092],[0.422786,0.690349,0.587086],[-0.173379,-0.574248,0.800112]],[[0.894437,-0.422051,-0.147836],[0.233951,0.723355,-0.649634],[0.381116,0.54647,0.745735]],[[0.894437,-0.422051,-0.147836],[-0.332258,-0.405925,-0.851369],[0.299311,0.810615,-0.503304]],[[0.894437,-0.422051,-0.147836],[-0.444448,-0.802387,-0.398297],[0.0494802,0.421956,-0.905265]]],3],[8184,[-0.620349,-0.612996,0.489288],818,45.8405,[-1.94763,54.0453,5.05446],[-0.160868,56.8007,3.77202],[9.83091,11.5049,3.40645],false,[12.1905,56.615,50.0684],[28.7553,86.0266,9.69719],[14.5309,71.0402,-14.8555],[3.51952,60.1593,-6.17047],[-1.44788,55.5154,7.91727],[[[0.781279,-0.611545,-0.12496],[0.538997,0.560036,0.62916],[-0.314778,-0.558903,0.767165]],[[0.710031,-0.703932,0.0183131],[0.547147,0.535144,-0.643623],[0.443266,0.467012,0.765124]],[[0.710031,-0.703932,0.0183131],[-0.3332,-0.358771,-0.87193],[0.620349,0.612996,-0.489288]],[[0.710031,-0.703932,0.0183131],[-0.628506,-0.645251,-0.434317],[0.317546,0.296869,-0.900574]]],4]],[[0,200,0],[235.247,235.247,147.751]]]]}