{"metadata":{"formatVersion":2,"generatedBy":"LeapJS Playback 0.2.1","frames":87,"frameRate":"1.0e+2","modified":"Tue Jun 02 2015 20:40:14 GMT-0300 (E. South America Standard Time)","title":"leap-playback-recording-100fps (20)"},"frames":[["id","timestamp",{"hands":[["id","type","direction","palmNormal","palmPosition","palmVelocity","stabilizedPalmPosition","pinchStrength","grabStrength","confidence","armBasis","armWidth","elbow","wrist"]]},{"pointables":[["id","direction","handId","length","stabilizedTipPosition","tipPosition","tipVelocity","tool","carpPosition","mcpPosition","pipPosition","dipPosition","btipPosition","bases","type"]]},{"interactionBox":["center","size"]}],[3814721,1818508363088,[[828,"right",[-0.0884985,0.648989,-0.755633],[-0.833674,-0.463422,-0.30038],[6.96617,108.22,6.87255],[-52.2437,-6.00959,-14.8689],[9.34079,108.852,-3.67337],0.750818,1,0.282864,[[0.554907,-0.0934347,-0.826649],[0.819075,0.235251,0.523233],[0.145582,-0.967433,0.207072]],57.6853,[53.8991,-162.327,91.585],[18.3147,74.1424,40.9704]]],[[8280,[-0.228306,0.0281566,-0.973182],828,47.1806,[-30.6227,99.4329,-29.2755],[-31.6488,100.119,-28.4585],[20.4572,-101.764,-56.8153],false,[-3.63071,83.1728,55.3963],[-3.63071,83.1728,55.3963],[-20.3512,98.9013,16.4709],[-27.3982,99.7704,-13.5679],[-31.4595,98.8094,-34.34],[[[0.947746,0.298342,-0.112999],[-0.0313408,0.439559,0.897667],[0.317482,-0.847219,0.42594]],[[0.870955,0.452625,-0.191228],[-0.323321,0.820969,0.47061],[0.370002,-0.348052,0.86137]],[[0.870955,0.452625,-0.191228],[-0.435103,0.891256,0.12786],[0.228306,-0.0281566,0.973182]],[[0.870955,0.452625,-0.191228],[-0.452431,0.890546,0.0472567],[0.191687,0.0453591,0.980407]]],0],[8281,[-0.105807,-0.843512,0.526586],828,53.2381,[-31.1534,106.908,5.25707],[-34.528,102.78,6.39228],[-50.1409,-58.7514,-20.8211],false,[14.2495,93.2574,49.1437],[-5.76168,137.49,3.54946],[-38.748,127.427,-14.4321],[-41.0632,108.969,-2.90968],[-33.3637,101.591,8.29365],[[[0.522522,-0.485836,-0.700666],[0.797932,0.568227,0.201054],[0.300459,-0.664139,0.684576]],[[0.527333,-0.496559,-0.689456],[0.0511733,0.828539,-0.557588],[0.848116,0.258753,0.462326]],[[0.527333,-0.496559,-0.689456],[-0.843045,-0.204737,-0.497351],[0.105807,0.843512,-0.526586]],[[0.527333,-0.496559,-0.689456],[-0.688571,-0.725156,-0.00438608],[-0.497785,0.477052,-0.724314]]],1],[8282,[-0.248017,-0.72063,0.647441],828,60.6605,[-31.4391,97.0731,0.854617],[-32.4466,94.3177,1.36704],[-26.0892,-65.1757,-3.75427],false,[21.0809,89.1298,41.362],[6.72829,126.432,-7.54421],[-31.9481,118.867,-26.2787],[-38.3328,100.316,-9.61139],[-31.1267,92.9358,3.91716],[[[0.414576,-0.6608,-0.625676],[0.881186,0.463191,0.0946841],[0.22724,-0.59059,0.774316]],[[0.422575,-0.681865,-0.597068],[0.189247,0.710639,-0.677626],[0.88635,0.173354,0.429339]],[[0.422575,-0.681865,-0.597068],[-0.871733,-0.125509,-0.473634],[0.248017,0.72063,-0.647441]],[[0.422575,-0.681865,-0.597068],[-0.801254,-0.588949,0.105506],[-0.423584,0.433819,-0.795222]]],2],[8283,[-0.0325127,-0.559866,0.827945],828,58.3267,[-10.7094,82.5433,8.47916],[-13.2436,79.828,9.31564],[-20.6762,-35.4349,-17.8573],false,[26.2185,82.6329,33.9397],[18.0303,110.704,-14.6474],[-19.4283,97.2806,-21.9079],[-20.2437,83.24,-1.14433],[-11.3696,78.5939,12.4852],[[[0.375883,-0.773532,-0.510255],[0.915349,0.395734,0.0743757],[0.144393,-0.495017,0.856801]],[[0.376119,-0.774343,-0.50885],[-0.0298769,0.538754,-0.841933],[0.92609,0.33187,0.179501]],[[0.376119,-0.774343,-0.50885],[-0.926001,-0.294861,-0.235752],[0.0325127,0.559866,-0.827945]],[[0.376119,-0.774343,-0.50885],[-0.76373,-0.570038,0.30294],[-0.524643,0.274683,-0.805791]]],3],[8284,[-0.140267,-0.469437,0.871754],828,45.7271,[-1.75918,77.7728,-0.620039],[-3.13897,76.2036,-0.612426],[-9.45697,-23.0965,-13.0652],false,[26.6295,71.6315,27.2458],[24.9583,93.5469,-20.4251],[-6.07853,87.9862,-25.9446],[-8.56217,79.6741,-10.5089],[-1.43268,75.0882,2.59213],[[[0.233624,-0.880309,-0.412888],[0.971806,0.225305,0.0695093],[0.0318361,-0.417486,0.908126]],[[0.232908,-0.871395,-0.431768],[0.0752471,0.458795,-0.88535],[0.969583,0.173716,0.172427]],[[0.232908,-0.871395,-0.431768],[-0.96233,-0.142476,-0.231564],[0.140267,0.469437,-0.871754]],[[0.232908,-0.871395,-0.431768],[-0.85849,-0.392815,0.329685],[-0.456891,0.293882,-0.839574]]],4]],[[0,200,0],[235.247,235.247,147.751]]],[3814722,1818508372611,[[828,"right",[-0.0919166,0.647733,-0.756303],[-0.828848,-0.470706,-0.302402],[6.70539,108.056,6.72558],[-45.0844,-9.23499,-15.0313],[9.28322,108.835,-3.44622],0.73653,1,0.283994,[[0.561479,-0.0908245,-0.822491],[0.814332,0.237201,0.529716],[0.146985,-0.967206,0.207145]],57.6853,[54.1761,-162.315,91.5096],[18.2487,74.0981,40.8773]]],[[8280,[-0.224634,0.0310679,-0.973948],828,47.1806,[-30.501,99.1834,-29.6414],[-31.4797,99.7991,-28.8783],[17.9785,-73.319,-50.8904],false,[-3.81316,82.9501,55.2359],[-3.81316,82.9501,55.2359],[-20.3056,98.5211,16.1503],[-27.2393,99.48,-13.9122],[-31.3604,98.8591,-34.6854],[[[0.94548,0.306344,-0.110549],[-0.037599,0.439842,0.897288],[0.323503,-0.844211,0.42738]],[[0.870948,0.454659,-0.186374],[-0.329023,0.821316,0.46603],[0.364957,-0.344566,0.864917]],[[0.870948,0.454659,-0.186374],[-0.437024,0.890124,0.12919],[0.224634,-0.0310679,0.973948]],[[0.870948,0.454659,-0.186374],[-0.451238,0.890183,0.0629113],[0.194511,0.0293067,0.980463]]],0],[8281,[-0.100709,-0.84415,0.526563],828,53.2381,[-31.6347,106.437,5.27701],[-34.7643,102.288,6.1002],[-42.6051,-57.0213,-23.455],false,[13.9978,93.1829,49.0267],[-6.26229,137.215,3.3478],[-39.1088,126.884,-14.738],[-41.3125,108.413,-3.21611],[-33.5857,101.105,8.01456],[[[0.528604,-0.481804,-0.698887],[0.792491,0.57514,0.202908],[0.304196,-0.661119,0.685847]],[[0.533507,-0.492547,-0.687581],[0.0464062,0.828762,-0.557674],[0.844522,0.265615,0.465007]],[[0.533507,-0.492547,-0.687581],[-0.839779,-0.211679,-0.499964],[0.100709,0.84415,-0.526563]],[[0.533507,-0.492547,-0.687581],[-0.682513,-0.730848,-0.00603289],[-0.499546,0.472502,-0.726082]]],1],[8282,[-0.235222,-0.720857,0.651948],828,60.6605,[-31.6439,96.5604,0.862467],[-32.4499,93.7539,1.28407],[-15.3056,-66.2462,0.242912],false,[20.8859,89.1088,41.2668],[6.35252,126.256,-7.70372],[-32.2666,118.102,-26.3082],[-38.322,99.5446,-9.52494],[-30.9895,92.3142,4.01657],[[[0.421945,-0.657635,-0.624083],[0.876935,0.470751,0.0968397],[0.230103,-0.588141,0.775334]],[[0.430084,-0.678721,-0.595286],[0.178138,0.710223,-0.681066],[0.885039,0.186873,0.426362]],[[0.430084,-0.678721,-0.595286],[-0.871606,-0.140368,-0.46968],[0.235222,0.720857,-0.651948]],[[0.430084,-0.678721,-0.595286],[-0.793255,-0.598917,0.109747],[-0.431014,0.425013,-0.795984]]],2],[8283,[-0.0332332,-0.560819,0.827271],828,58.3267,[-10.869,82.3625,8.51219],[-13.3463,79.4869,9.07027],[-18.811,-35.3299,-21.3044],false,[26.0995,82.6513,33.8632],[17.8081,110.621,-14.7651],[-19.5178,96.9296,-22.2069],[-20.3512,82.8652,-1.46016],[-11.5131,78.2721,12.2107],[[[0.383892,-0.77062,-0.508696],[0.911729,0.403575,0.076671],[0.146213,-0.493226,0.857525]],[[0.384101,-0.771328,-0.507464],[-0.0298601,0.53896,-0.841802],[0.922808,0.33849,0.183983]],[[0.384101,-0.771328,-0.507464],[-0.922693,-0.300891,-0.241045],[0.0332332,0.560819,-0.827271]],[[0.384101,-0.771328,-0.507464],[-0.76121,-0.575602,0.298733],[-0.522519,0.271543,-0.808232]]],3],[8284,[-0.138514,-0.470324,0.871556],828,45.7271,[-1.81412,77.6913,-0.617828],[-3.103,75.9419,-0.759578],[-5.65631,-24.4487,-13.7637],false,[26.623,71.6496,27.1776],[24.8983,93.5198,-20.5121],[-6.07547,87.6874,-26.1051],[-8.52805,79.3596,-10.6729],[-1.39661,74.8385,2.44954],[[[0.242278,-0.878544,-0.411657],[0.96965,0.233631,0.0720739],[0.0328555,-0.416625,0.908484]],[[0.241526,-0.869509,-0.430835],[0.0734239,0.459082,-0.885355],[0.967613,0.182203,0.174723]],[[0.241526,-0.869509,-0.430835],[-0.960458,-0.150827,-0.234035],[0.138514,0.470324,-0.871556]],[[0.241526,-0.869509,-0.430835],[-0.856039,-0.400009,0.3274],[-0.457015,0.289736,-0.840946]]],4]],[[0,200,0],[235.247,235.247,147.751]]],[3814723,1818508382268,[[828,"right",[-0.0956737,0.648411,-0.755255],[-0.822021,-0.479354,-0.307409],[6.33559,107.879,6.56831],[-43.1057,-11.9012,-15.3968],[9.21355,108.812,-3.20952],0.722239,1,0.275325,[[0.570251,-0.0876769,-0.816778],[0.807881,0.239962,0.538281],[0.148801,-0.966815,0.207671]],57.6853,[54.4728,-162.344,91.4582],[18.1014,73.974,40.6972]]],[[8280,[-0.217804,0.0326097,-0.975448],828,47.1806,[-30.3357,98.8891,-30.0443],[-31.2801,99.2975,-29.4051],[19.2566,-62.8332,-50.4198],false,[-4.12704,82.5421,54.9708],[-4.12704,82.5421,54.9708],[-20.375,98.0003,15.7383],[-27.0979,99.0069,-14.3704],[-31.1221,98.5322,-35.1665],[[[0.94246,0.317286,-0.105355],[-0.0468234,0.437297,0.898097],[0.331025,-0.841487,0.426991]],[[0.869587,0.460278,-0.178779],[-0.338443,0.819226,0.462952],[0.359547,-0.34207,0.868167]],[[0.869587,0.460278,-0.178779],[-0.443147,0.887176,0.128607],[0.217804,-0.0326097,0.975448]],[[0.869587,0.460278,-0.178779],[-0.455787,0.887492,0.0679435],[0.189938,0.0224024,0.98154]]],0],[8281,[-0.0942143,-0.846559,0.52389],828,53.2381,[-32.096,105.948,5.24991],[-35.0868,101.668,5.70114],[-39.6812,-59.4307,-28.4481],false,[13.596,92.9903,48.8696],[-6.94558,136.896,3.19527],[-39.585,126.261,-15.0876],[-41.6465,107.737,-3.62421],[-33.8944,100.488,7.62739],[[[0.537329,-0.474159,-0.69746],[0.784954,0.583601,0.207982],[0.308422,-0.659229,0.685779]],[[0.542329,-0.484938,-0.686086],[0.0403425,0.830696,-0.555262],[0.839197,0.273457,0.470075]],[[0.542329,-0.484938,-0.686086],[-0.834867,-0.219482,-0.504802],[0.0942143,0.846559,-0.52389]],[[0.542329,-0.484938,-0.686086],[-0.674309,-0.738365,-0.01113],[-0.501185,0.46867,-0.727436]]],1],[8282,[-0.221588,-0.723326,0.653986],828,60.6605,[-31.8052,96.0073,0.866278],[-32.4963,93.0727,1.09884],[-9.17455,-70.0837,-0.324746],false,[20.5664,89.0126,41.1334],[5.84473,126.107,-7.82105],[-32.6509,117.297,-26.3826],[-38.3553,98.676,-9.54682],[-30.9076,91.5776,4.00171],[[[0.432317,-0.65136,-0.623565],[0.871076,0.480422,0.102079],[0.233084,-0.587303,0.775079]],[[0.440612,-0.67256,-0.594578],[0.166044,0.711967,-0.682299],[0.882207,0.201903,0.425377]],[[0.440612,-0.67256,-0.594578],[-0.869919,-0.156403,-0.467738],[0.221588,0.723326,-0.653986]],[[0.440612,-0.67256,-0.594578],[-0.783715,-0.611197,0.110586],[-0.43778,0.417254,-0.796397]]],2],[8283,[-0.0327052,-0.563869,0.825216],828,58.3267,[-11.0147,82.1832,8.52107],[-13.452,79.0734,8.71186],[-16.9701,-37.3505,-26.6792],false,[25.8878,82.6318,33.7399],[17.51,110.619,-14.8634],[-19.6251,96.5598,-22.569],[-20.4453,82.4188,-1.87389],[-11.6417,77.8754,11.8357],[[[0.395001,-0.765037,-0.508618],[0.906724,0.413691,0.0819234],[0.147736,-0.493536,0.857086]],[[0.39519,-0.76567,-0.507518],[-0.0305407,0.541235,-0.840317],[0.918092,0.347585,0.190507]],[[0.39519,-0.76567,-0.507518],[-0.918017,-0.309519,-0.247877],[0.0327052,0.563869,-0.825216]],[[0.39519,-0.76567,-0.507518],[-0.75692,-0.584463,0.292361],[-0.520478,0.268613,-0.810525]]],3],[8284,[-0.137113,-0.474141,0.869707],828,45.7271,[-1.86169,77.6077,-0.626669],[-3.07036,75.6649,-1.02957],[-3.03822,-25.7766,-17.9149],false,[26.5675,71.6523,27.0319],[24.8206,93.6126,-20.6156],[-6.05924,87.4394,-26.3598],[-8.48703,79.044,-10.9603],[-1.36712,74.5689,2.18411],[[[0.254162,-0.874784,-0.412499],[0.966589,0.244425,0.077215],[0.0332785,-0.418342,0.90768]],[[0.253387,-0.865576,-0.431942],[0.0720258,0.462155,-0.883869],[0.96468,0.19285,0.179448]],[[0.253387,-0.865576,-0.431942],[-0.957599,-0.161147,-0.238823],[0.137113,0.474141,-0.869707]],[[0.253387,-0.865576,-0.431942],[-0.852999,-0.410527,0.322274],[-0.456277,0.286786,-0.842357]]],4]],[[0,200,0],[235.247,235.247,147.751]]],[3814724,1818508391965,[[828,"right",[-0.0984242,0.648854,-0.75452],[-0.816972,-0.485609,-0.311032],[6.06647,107.75,6.45386],[-38.6166,-12.3173,-14.3459],[9.13539,108.786,-2.96953],0.712122,1,0.249006,[[0.576559,-0.0853505,-0.812586],[0.803145,0.241936,0.544449],[0.150125,-0.966531,0.208039]],57.6853,[54.6891,-162.362,91.4186],[17.9943,73.8863,40.5677]]],[[8280,[-0.210648,0.0311313,-0.977066],828,47.1806,[-30.1022,98.5646,-30.4219],[-30.9949,98.8404,-29.85],[23.3262,-56.2972,-47.9192],false,[-4.35315,82.247,54.7785],[-4.35315,82.247,54.7785],[-20.3505,97.5904,15.3981],[-26.8525,98.5513,-14.7605],[-30.7776,98.1585,-35.5772],[[[0.940165,0.325227,-0.101578],[-0.0535244,0.435402,0.898644],[0.33649,-0.839436,0.426757]],[[0.869274,0.4632,-0.17265],[-0.34503,0.818636,0.459119],[0.354001,-0.33953,0.871437]],[[0.869274,0.4632,-0.17265],[-0.447202,0.885707,0.124634],[0.210648,-0.0311313,0.977066]],[[0.869274,0.4632,-0.17265],[-0.458302,0.88606,0.0696961],[0.185262,0.0185408,0.982514]]],0],[8281,[-0.0895591,-0.848272,0.521933],828,53.2381,[-32.5193,105.476,5.19433],[-35.3224,101.222,5.40412],[-34.939,-55.7734,-28.8666],false,[13.3039,92.8512,48.7556],[-7.44216,136.662,3.08237],[-39.9277,125.81,-15.3467],[-41.8874,107.249,-3.92608],[-34.118,100.043,7.34127],[[[0.543624,-0.468549,-0.696373],[0.779388,0.589712,0.211647],[0.311492,-0.657801,0.685763]],[[0.548702,-0.479365,-0.684935],[0.0360245,0.832078,-0.553487],[0.835242,0.279025,0.473832]],[[0.548702,-0.479365,-0.684935],[-0.831207,-0.225044,-0.50838],[0.0895591,0.848272,-0.521933]],[[0.548702,-0.479365,-0.684935],[-0.668291,-0.743752,-0.0148396],[-0.502308,0.465878,-0.728453]]],1],[8282,[-0.213288,-0.725343,0.654512],828,60.6605,[-31.9382,95.4664,0.857263],[-32.5528,92.5859,0.934194],[-6.6172,-65.7069,-2.48528],false,[20.3335,88.944,41.037],[5.47464,125.997,-7.9073],[-32.9156,116.754,-26.4765],[-38.4063,98.0812,-9.62721],[-30.8978,91.0612,3.92858],[[[0.439825,-0.646733,-0.62313],[0.866723,0.487424,0.105874],[0.235256,-0.586647,0.774919]],[[0.448197,-0.667917,-0.594143],[0.158379,0.713454,-0.682568],[0.879793,0.211825,0.425553]],[[0.448197,-0.667917,-0.594143],[-0.868117,-0.166627,-0.467556],[0.213288,0.725343,-0.654512]],[[0.448197,-0.667917,-0.594143],[-0.777381,-0.619365,0.109847],[-0.44136,0.412642,-0.796824]]],2],[8283,[-0.0729958,-0.580276,0.811142],828,58.3267,[-11.1848,82.0515,8.4437],[-14.4009,79.0887,7.24269],[-54.1306,-22.5658,-79.2737],false,[25.7328,82.6196,33.6516],[17.2916,110.618,-14.9346],[-19.7227,97.2899,-24.3352],[-21.5533,82.7374,-3.99298],[-13.1249,77.9466,9.86747],[[[0.403054,-0.760905,-0.508499],[0.902989,0.421022,0.0857326],[0.148855,-0.493724,0.856784]],[[0.403107,-0.761084,-0.508189],[0.00943533,0.558732,-0.829294],[0.915104,0.3295,0.23241]],[[0.403107,-0.761084,-0.508189],[-0.912237,-0.289882,-0.289469],[0.0729958,0.580276,-0.811142]],[[0.403107,-0.761084,-0.508189],[-0.7676,-0.583549,0.265068],[-0.498292,0.283235,-0.819441]]],3],[8284,[-0.136013,-0.476936,0.868351],828,45.7271,[-1.90211,77.5276,-0.641352],[-3.04463,75.4643,-1.22256],[-1.38575,-24.378,-18.5134],false,[26.5263,71.6573,26.928],[24.7622,93.6817,-20.6893],[-6.04667,87.26,-26.5415],[-8.45498,78.8152,-11.1661],[-1.34378,74.3729,1.99419],[[[0.262795,-0.87197,-0.413047],[0.964266,0.252264,0.0809546],[0.0336069,-0.419561,0.907105]],[[0.261999,-0.862606,-0.432743],[0.0708926,0.464398,-0.882785],[0.962461,0.200611,0.182824]],[[0.261999,-0.862606,-0.432743],[-0.955435,-0.168649,-0.242283],[0.136013,0.476936,-0.868351]],[[0.261999,-0.862606,-0.432743],[-0.850692,-0.418172,0.31852],[-0.455719,0.284679,-0.843373]]],4]],[[0,200,0],[235.247,235.247,147.751]]],[3814725,1818508401733,[[828,"right",[-0.104121,0.65115,-0.751773],[-0.80975,-0.494381,-0.316059],[5.71209,107.653,6.2433],[-37.9292,-11.6081,-16.4672],[9.04806,108.757,-2.73449],0.706105,1,0.253746,[[0.584538,-0.0831441,-0.807095],[0.797118,0.244452,0.552129],[0.15139,-0.96609,0.209167]],57.6853,[54.958,-162.361,91.3632],[17.9539,73.7804,40.2366]]],[[8280,[-0.200024,0.025062,-0.97947],828,47.1806,[-29.7625,98.0594,-30.8773],[-30.5931,98.1433,-30.4634],[30.807,-61.7469,-51.1689],false,[-4.54388,81.7909,54.4117],[-4.54388,81.7909,54.4117],[-20.34,97.0602,14.9215],[-26.5141,97.8338,-15.3114],[-30.2602,97.4237,-36.1607],[[[0.936315,0.337532,-0.0968886],[-0.0619734,0.430405,0.900506],[0.345651,-0.837152,0.423912]],[[0.867031,0.47013,-0.165033],[-0.355068,0.815358,0.457295],[0.349549,-0.337891,0.873868]],[[0.867031,0.47013,-0.165033],[-0.456342,0.882242,0.115767],[0.200024,-0.025062,0.97947]],[[0.867031,0.47013,-0.165033],[-0.465828,0.882385,0.0663402],[0.176811,0.019358,0.984054]]],0],[8281,[-0.0810553,-0.851902,0.51739],828,53.2381,[-32.9123,105.007,5.10392],[-35.6085,100.631,4.99666],[-33.1111,-57.4508,-32.3871],false,[12.9977,92.6455,48.4982],[-8.14919,136.409,2.96315],[-40.4329,125.256,-15.6404],[-42.2065,106.615,-4.31924],[-34.387,99.4519,6.94071],[[[0.551784,-0.458335,-0.696752],[0.771182,0.598474,0.217042],[0.31751,-0.657083,0.683688]],[[0.556986,-0.469196,-0.68529],[0.0279212,0.835244,-0.549171],[0.830052,0.286746,0.47832]],[[0.556986,-0.469196,-0.68529],[-0.826557,-0.232633,-0.512529],[0.0810553,0.851902,-0.51739]],[[0.556986,-0.469196,-0.68529],[-0.658933,-0.751916,-0.0207517],[-0.505543,0.463118,-0.727975]]],1],[8282,[-0.20564,-0.73095,0.650711],828,60.6605,[-32.0665,94.9361,0.790186],[-32.6875,92.0217,0.538415],[-8.508,-63.6866,-13.172],false,[20.1014,88.864,40.7849],[4.9373,125.96,-8.03341],[-33.2771,116.297,-26.751],[-38.571,97.4795,-9.99955],[-31.0141,90.4945,3.54744],[[[0.450001,-0.63816,-0.624701],[0.860149,0.4978,0.11108],[0.240089,-0.587322,0.772923]],[[0.458547,-0.659381,-0.595777],[0.15091,0.718455,-0.679006],[0.875763,0.221447,0.428953]],[[0.458547,-0.659381,-0.595777],[-0.86455,-0.175866,-0.47077],[0.20564,0.73095,-0.650711]],[[0.458547,-0.659381,-0.595777],[-0.769689,-0.629788,0.104623],[-0.4442,0.410589,-0.796306]]],2],[8283,[-0.136782,-0.606718,0.78306],828,58.3267,[-11.3955,81.9636,8.25823],[-15.9279,79.4575,4.46166],[-99.6683,0.166724,-159.746],false,[25.6044,82.6434,33.3878],[16.9705,110.764,-15.0936],[-19.7201,98.8131,-27.2193],[-23.1504,83.5975,-7.58139],[-15.2982,78.3837,6.46357],[[[0.414296,-0.753332,-0.510734],[0.897317,0.431958,0.090747],[0.152253,-0.495886,0.854936]],[[0.414223,-0.753094,-0.511145],[0.0747419,0.587838,-0.805519],[0.907101,0.295461,0.299784]],[[0.414223,-0.753094,-0.511145],[-0.899839,-0.254446,-0.354327],[0.136782,0.606718,-0.78306]],[[0.414223,-0.753094,-0.511145],[-0.782888,-0.581237,0.221924],[-0.464226,0.308243,-0.83035]]],3],[8284,[-0.132674,-0.482965,0.86553],828,45.7271,[-1.93224,77.4576,-0.664933],[-2.96322,75.2849,-1.60978],[1.4738,-22.6991,-24.755],false,[26.5583,71.7242,26.6152],[24.6731,93.9512,-20.9031],[-6.03368,87.1664,-26.8807],[-8.38286,78.6148,-11.5552],[-1.25959,74.1959,1.60641],[[[0.275138,-0.866609,-0.416278],[0.960734,0.26401,0.0853772],[0.0359128,-0.423423,0.90522]],[[0.274277,-0.857039,-0.436184],[0.0675905,0.469637,-0.880268],[0.959273,0.211955,0.186738]],[[0.274277,-0.857039,-0.436184],[-0.952455,-0.179525,-0.246172],[0.132674,0.482965,-0.86553]],[[0.274277,-0.857039,-0.436184],[-0.846397,-0.430455,0.313561],[-0.456492,0.283182,-0.843459]]],4]],[[0,200,0],[235.247,235.247,147.751]]],[3814726,1818508411789,[[828,"right",[-0.131044,0.669243,-0.731397],[-0.795427,-0.511316,-0.325348],[4.93686,107.785,6.05033],[-49.7323,-4.13801,-17.2876],[8.93436,108.73,-2.49154],0.694235,1,0.260959,[[0.591933,-0.0854497,-0.801445],[0.791661,0.248292,0.558233],[0.151292,-0.964909,0.214619]],57.6853,[55.5173,-162.504,91.4011],[18.5372,73.3479,38.9418]]],[[8280,[-0.138466,-0.0664217,-0.988137],828,47.1806,[-27.8524,94.7264,-31.5286],[-27.1818,92.5823,-30.7699],[117.465,-213.356,-57.555],false,[-4.10488,80.1897,53.4944],[-4.10488,80.1897,53.4944],[-20.3739,96.1815,14.4851],[-24.6479,94.1313,-16.0153],[-26.6604,91.1539,-36.8954],[[[0.923984,0.370978,-0.0928921],[-0.0693377,0.401381,0.913283],[0.376093,-0.837418,0.396593]],[[0.854701,0.496028,-0.153111],[-0.374002,0.792922,0.481037],[0.360013,-0.35388,0.863227]],[[0.854701,0.496028,-0.153111],[-0.500313,0.865763,0.0119123],[0.138466,0.0664217,0.988137]],[[0.854701,0.496028,-0.153111],[-0.510356,0.85686,-0.0729932],[0.0949876,0.140528,0.98551]]],0],[8281,[-0.0496459,-0.869095,0.492148],828,53.2381,[-33.3433,104.436,5.00447],[-36.1601,99.4632,4.83874],[-39.9798,-75.2973,-26.5832],false,[13.0264,91.7872,47.7924],[-9.88472,136.152,3.7163],[-41.9225,124.512,-15.0136],[-43.0088,105.495,-4.24479],[-34.8774,98.2629,6.74699],[[[0.561309,-0.419117,-0.713634],[0.752726,0.616954,0.22972],[0.343999,-0.666115,0.661782]],[[0.566977,-0.430186,-0.70248],[-0.00306867,0.85169,-0.524036],[0.823728,0.299272,0.481568]],[[0.566977,-0.430186,-0.70248],[-0.822236,-0.244161,-0.514113],[0.0496459,0.869095,-0.492148]],[[0.566977,-0.430186,-0.70248],[-0.634169,-0.772213,-0.0389536],[-0.525706,0.467577,-0.710637]]],1],[8282,[-0.176219,-0.756106,0.630278],828,60.6605,[-32.2163,94.3436,0.67509],[-32.9652,91.0633,0.144351],[-14.1864,-73.412,-20.5812],false,[20.1926,88.4715,39.9241],[3.45513,126.47,-7.67068],[-34.5633,116.087,-26.4019],[-39.0998,96.6223,-10.1765],[-31.2133,89.4974,3.10722],[[[0.466023,-0.604252,-0.646299],[0.844155,0.522441,0.120238],[0.264999,-0.60161,0.753552]],[[0.475479,-0.626028,-0.618069],[0.12167,0.742614,-0.658575],[0.871273,0.237938,0.429266]],[[0.475479,-0.626028,-0.618069],[-0.861897,-0.190768,-0.46983],[0.176219,0.756106,-0.630278]],[[0.475479,-0.626028,-0.618069],[-0.747674,-0.65779,0.0910769],[-0.463577,0.418809,-0.78083]]],2],[8283,[-0.155268,-0.646855,0.746639],828,58.3267,[-11.5952,81.9055,8.01806],[-16.8552,79.6865,1.67922],[-100.82,12.6186,-204.332],false,[25.8413,82.6569,32.3098],[15.9275,111.894,-15.2574],[-20.2689,100.546,-29.2962],[-24.1627,84.3235,-10.5716],[-16.3474,78.7086,3.33859],[[[0.434969,-0.723851,-0.535576],[0.883311,0.45849,0.0977161],[0.174824,-0.515583,0.838815]],[[0.434818,-0.723404,-0.536302],[0.100607,0.630844,-0.76936],[0.894881,0.280575,0.347082]],[[0.434818,-0.723404,-0.536302],[-0.887032,-0.241381,-0.393586],[0.155268,0.646855,-0.746639]],[[0.434818,-0.723404,-0.536302],[-0.772944,-0.605385,0.189909],[-0.46205,0.331956,-0.822384]]],3],[8284,[-0.110119,-0.512598,0.851538],828,45.7271,[-1.9476,77.4121,-0.704017],[-2.72749,75.3871,-2.69887],[8.2024,-12.9771,-50.0419],false,[27.1024,71.9796,25.2097],[24.134,95.5238,-21.6139],[-6.37801,87.9045,-27.5831],[-8.32782,78.8282,-12.5054],[-0.965232,74.257,0.471232],[[[0.300312,-0.844398,-0.443626],[0.952163,0.29296,0.0869458],[0.0565478,-0.448516,0.891984]],[[0.298972,-0.834153,-0.463471],[0.0452339,0.497527,-0.866268],[0.953189,0.238025,0.186479]],[[0.298972,-0.834153,-0.463471],[-0.947887,-0.203549,-0.245108],[0.110119,0.512598,-0.851538]],[[0.298972,-0.834153,-0.463471],[-0.829454,-0.467304,0.305995],[-0.471828,0.292944,-0.831602]]],4]],[[0,200,0],[235.247,235.247,147.751]]],[3814727,1818508421187,[[828,"right",[-0.157088,0.687196,-0.709285],[-0.781201,-0.525852,-0.33646],[4.26177,107.848,6.19381],[-56.0269,-1.05531,-8.01584],[8.80203,108.705,-2.24558],0.698458,1,0.266111,[[0.598562,-0.0876351,-0.796268],[0.786713,0.251693,0.563679],[0.151017,-0.963831,0.219598]],57.6853,[56.0789,-162.737,91.5852],[19.1658,72.8515,37.909]]],[[8280,[-0.0940021,-0.113308,-0.989103],828,47.1806,[-25.6703,91.3112,-31.9505],[-24.641,89.1078,-31.134],[153.104,-251.708,-47.1162],false,[-3.57864,78.5174,52.8034],[-3.57864,78.5174,52.8034],[-20.2699,95.1505,14.2432],[-23.1714,91.653,-16.287],[-24.1404,87.6466,-37.0693],[[[0.9112,0.402733,-0.0867281],[-0.0755805,0.370375,0.925802],[0.404973,-0.837036,0.367924]],[[0.842009,0.521057,-0.139713],[-0.393188,0.770081,0.502374],[0.369356,-0.36807,0.853288]],[[0.842009,0.521057,-0.139713],[-0.53121,0.845967,-0.0464262],[0.0940021,0.113308,0.989103]],[[0.842009,0.521057,-0.139713],[-0.53752,0.832311,-0.135391],[0.0457381,0.1891,0.980892]]],0],[8281,[-0.0192879,-0.885212,0.464787],828,53.2381,[-33.7703,103.803,4.93166],[-36.5801,98.2903,4.94513],[-41.6214,-89.5248,-15.0178],false,[13.1396,90.8228,47.3655],[-11.46,135.791,4.83765],[-43.2453,123.749,-14.0676],[-43.6673,104.379,-3.89742],[-35.239,97.0675,6.8144],[[[0.56924,-0.378743,-0.72974],[0.734538,0.63301,0.244444],[0.369351,-0.675169,0.638535]],[[0.575355,-0.390014,-0.718927],[-0.0330044,0.8672,-0.496865],[0.817238,0.309602,0.486076]],[[0.575355,-0.390014,-0.718927],[-0.817676,-0.253551,-0.516834],[0.0192879,0.885212,-0.464787]],[[0.575355,-0.390014,-0.718927],[-0.609956,-0.790201,-0.0594658],[-0.544904,0.472728,-0.692538]]],1],[8282,[-0.147591,-0.78045,0.607548],828,60.6605,[-32.3565,93.7455,0.566771],[-33.131,90.1216,0.00270541],[-15.0933,-81.214,-18.6379],false,[20.3518,87.9819,39.3546],[2.09829,126.894,-6.92622],[-35.7061,115.885,-25.7327],[-39.5056,95.7934,-10.0924],[-31.3041,88.5146,2.91419],[[[0.48029,-0.568804,-0.66767],[0.828131,0.544889,0.131513],[0.289001,-0.616082,0.732749]],[[0.490623,-0.591142,-0.640188],[0.0932568,0.766092,-0.63593],[0.866367,0.2523,0.43099]],[[0.490623,-0.591142,-0.640188],[-0.858782,-0.203591,-0.470154],[0.147591,0.78045,-0.607548]],[[0.490623,-0.591142,-0.640188],[-0.725861,-0.683732,0.0750694],[-0.482094,0.427857,-0.764541]]],2],[8283,[-0.142595,-0.678019,0.72108],828,58.3267,[-11.7356,81.8653,7.82306],[-17.0585,79.5901,0.29528],[-75.4699,8.94961,-187.656],false,[26.1275,82.5886,31.5285],[14.9696,112.964,-15.0398],[-20.875,101.488,-29.8558],[-24.4511,84.484,-11.7722],[-16.4054,78.6574,1.91791],[[[0.45378,-0.692713,-0.560564],[0.86912,0.482941,0.106766],[0.196761,-0.535646,0.821199]],[[0.45362,-0.692277,-0.561232],[0.0943423,0.663515,-0.742191],[0.886188,0.283724,0.366295]],[[0.45362,-0.692277,-0.561232],[-0.879713,-0.247067,-0.406278],[0.142595,0.678019,-0.72108]],[[0.45362,-0.692277,-0.561232],[-0.753638,-0.634106,0.173034],[-0.475668,0.344474,-0.809369]]],3],[8284,[-0.149339,-0.562291,0.813343],828,45.7271,[-1.97217,77.3917,-0.768261],[-3.26803,75.909,-4.92796],[-27.0774,9.19192,-123.411],false,[27.6743,72.1827,24.09],[23.6424,97.0668,-21.9547],[-6.55338,89.8467,-29.7492],[-9.19765,79.8905,-15.3477],[-2.11719,74.7313,-2.43471],[[[0.32362,-0.820262,-0.471635],[0.943065,0.320087,0.0904071],[0.0768067,-0.47404,0.877147]],[[0.321149,-0.805555,-0.49794],[0.0838391,0.547911,-0.832324],[0.94331,0.225554,0.243498]],[[0.321149,-0.805555,-0.49794],[-0.93518,-0.186843,-0.30088],[0.149339,0.562291,-0.813343]],[[0.321149,-0.805555,-0.49794],[-0.831249,-0.491699,0.259339],[-0.453749,0.330626,-0.827526]]],4]],[[0,200,0],[235.247,235.247,147.751]]],[3814728,1818508430865,[[828,"right",[-0.175301,0.698187,-0.694121],[-0.771219,-0.535623,-0.343989],[3.80608,107.891,6.29066],[-53.4167,0.532029,-2.75469],[8.64383,108.679,-1.97527],0.737252,1,0.276243,[[0.602982,-0.0888789,-0.792789],[0.783355,0.253932,0.567339],[0.15089,-0.96313,0.22274]],57.6853,[56.4969,-162.842,91.6491],[19.615,72.5758,37.205]]],[[8280,[-0.0661674,-0.137025,-0.988355],828,47.1806,[-23.7184,88.5811,-32.2189],[-23.4828,87.7596,-31.4898],[152.404,-230.964,-36.4574],false,[-3.17581,77.4353,52.3118],[-3.17581,77.4353,52.3118],[-20.1439,94.4931,14.0592],[-22.1863,90.2636,-16.4479],[-22.5405,85.7911,-37.1546],[[[0.901842,0.424169,-0.0822289],[-0.079185,0.349353,0.933639],[0.424748,-0.835484,0.348649]],[[0.833466,0.537,-0.130248],[-0.405397,0.75442,0.51624],[0.375483,-0.377467,0.846482]],[[0.833466,0.537,-0.130248],[-0.548594,0.832379,-0.0786742],[0.0661674,0.137025,0.988355]],[[0.833466,0.537,-0.130248],[-0.552317,0.816743,-0.166963],[0.0167198,0.211096,0.977322]]],0],[8281,[0.00170493,-0.894968,0.446128],828,53.2381,[-34.2131,103.097,4.87031],[-36.8444,97.4929,4.99749],[-37.5556,-87.6073,-8.47062],false,[13.246,90.2117,47.0599],[-12.5234,135.506,5.58495],[-44.1304,123.189,-13.4408],[-44.0931,103.606,-3.67895],[-35.46,96.256,6.84229],[[[0.573835,-0.351048,-0.739918],[0.72181,0.643628,0.254428],[0.386915,-0.68008,0.622726]],[[0.58027,-0.362452,-0.729325],[-0.0536801,0.876542,-0.478323],[0.812653,0.316707,0.489175]],[[0.58027,-0.362452,-0.729325],[-0.814422,-0.260118,-0.518705],[-0.00170493,0.894968,-0.446128]],[[0.58027,-0.362452,-0.729325],[-0.593094,-0.801779,-0.0734222],[-0.558145,0.475163,-0.680216]]],1],[8282,[-0.127384,-0.795815,0.591989],828,60.6605,[-32.4897,93.1351,0.460135],[-33.218,89.4814,-0.0982687],[-13.2008,-76.9962,-15.9189],false,[20.4799,87.6952,38.9606],[1.16835,127.153,-6.42001],[-36.4792,115.7,-25.276],[-39.7585,95.213,-10.0362],[-31.3368,87.8488,2.78023],[[[0.489318,-0.544247,-0.681442],[0.816752,0.559926,0.139284],[0.305752,-0.624723,0.718496]],[[0.500265,-0.566923,-0.654472],[0.0732003,0.780837,-0.620431],[0.862773,0.262472,0.432124]],[[0.500265,-0.566923,-0.654472],[-0.856451,-0.212782,-0.470335],[0.127384,0.795815,-0.591989]],[[0.500265,-0.566923,-0.654472],[-0.710403,-0.70087,0.0640979],[-0.495039,0.432873,-0.753364]]],2],[8283,[-0.134666,-0.698746,0.70258],828,58.3267,[-11.8412,81.8356,7.66487],[-17.234,79.5443,-0.639399],[-57.5743,6.28382,-160.481],false,[26.3338,82.5924,30.999],[14.2997,113.677,-14.8775],[-21.3104,102.129,-30.1944],[-24.6876,84.6053,-12.5748],[-16.5128,78.6189,0.969098],[[[0.466007,-0.670898,-0.57683],[0.858955,0.499411,0.113075],[0.212214,-0.548164,0.809]],[[0.465831,-0.670445,-0.577499],[0.088998,0.684823,-0.723254],[0.880387,0.285518,0.37868]],[[0.465831,-0.670445,-0.577499],[-0.874566,-0.249514,-0.415784],[0.134666,0.698746,-0.70258]],[[0.465831,-0.670445,-0.577499],[-0.741231,-0.652108,0.159159],[-0.483299,0.353919,-0.800727]]],3],[8284,[-0.182345,-0.595372,0.782485],828,45.7271,[-1.9984,77.3847,-0.839959],[-3.78958,76.5464,-6.83947],[-42.7865,30.4531,-158.313],false,[28.0702,72.3791,23.3386],[23.2817,98.1197,-22.1595],[-6.6156,91.5246,-31.5042],[-9.8443,80.9827,-17.6492],[-2.94075,75.4361,-4.80115],[[[0.339063,-0.803066,-0.490021],[0.936331,0.338578,0.0930061],[0.0912202,-0.490357,0.866735]],[[0.33572,-0.7857,-0.519584],[0.122318,0.58329,-0.803001],[0.933986,0.206029,0.291927]],[[0.33572,-0.7857,-0.519584],[-0.924144,-0.167952,-0.343147],[0.182345,0.595372,-0.782485]],[[0.33572,-0.7857,-0.519584],[-0.831604,-0.506289,0.22827],[-0.442411,0.355453,-0.823362]]],4]],[[0,200,0],[235.247,235.247,147.751]]],[3814729,1818508440590,[[828,"right",[-0.187914,0.70455,-0.684323],[-0.764116,-0.542623,-0.348837],[3.48759,107.916,6.32766],[-47.3592,1.1432,-0.832071],[8.46946,108.653,-1.69449],0.769446,1,0.283736,[[0.606229,-0.08955,-0.790232],[0.780861,0.255442,0.570093],[0.150807,-0.962668,0.224783]],57.6853,[56.7825,-162.865,91.6704],[19.9208,72.4395,36.7269]]],[[8280,[-0.0513936,-0.14608,-0.987937],828,47.1806,[-22.3522,86.8501,-32.3942],[-22.7572,86.9813,-31.7434],[133.186,-190.523,-28.6918],false,[-2.89423,76.7549,51.9618],[-2.89423,76.7549,51.9618],[-20.0537,94.0644,13.9081],[-21.64,89.5554,-16.5861],[-21.6069,84.8282,-37.2391],[[[0.895098,0.438781,-0.0791895],[-0.0815808,0.335781,0.938401],[0.438343,-0.8335,0.336353]],[[0.827469,0.547643,-0.124022],[-0.413654,0.743888,0.5249],[0.379717,-0.383036,0.84208]],[[0.827469,0.547643,-0.124022],[-0.559154,0.823861,-0.0927312],[0.0513936,0.14608,0.987937]],[[0.827469,0.547643,-0.124022],[-0.561509,0.806416,-0.185477],[-0.00156168,0.223116,0.974791]]],0],[8281,[0.0161851,-0.90073,0.434078],828,53.2381,[-34.6407,102.382,4.81555],[-37.0242,96.9409,4.99391],[-31.9667,-78.7468,-5.65943],false,[13.3172,89.8458,46.8323],[-13.2579,135.289,6.03393],[-44.7346,122.763,-13.072],[-44.3804,103.054,-3.57382],[-35.6076,95.6959,6.82504],[[[0.576791,-0.332563,-0.746133],[0.712812,0.651041,0.260854],[0.399013,-0.682311,0.612569]],[[0.583453,-0.344049,-0.735671],[-0.0679145,0.881994,-0.466342],[0.809302,0.322051,0.491236]],[[0.583453,-0.344049,-0.735671],[-0.811985,-0.265171,-0.519965],[-0.0161851,0.90073,-0.434078]],[[0.583453,-0.344049,-0.735671],[-0.581287,-0.809513,-0.0824303],[-0.567175,0.475731,-0.672304]]],1],[8282,[-0.113227,-0.805288,0.581972],828,60.6605,[-32.608,92.5596,0.359243],[-33.2696,89.0305,-0.189453],[-10.7705,-68.1908,-13.7276],false,[20.5633,87.5458,38.6799],[0.521291,127.302,-6.11955],[-37.0082,115.516,-25.0057],[-39.923,94.7853,-10.0238],[-31.3496,87.3836,2.66988],[[[0.495371,-0.527769,-0.689976],[0.808651,0.570306,0.144341],[0.317319,-0.629453,0.709294]],[[0.506742,-0.550635,-0.663336],[0.059152,0.789838,-0.610457],[0.860066,0.270106,0.432815]],[[0.506742,-0.550635,-0.663336],[-0.85463,-0.219802,-0.470419],[0.113227,0.805288,-0.581972]],[[0.506742,-0.550635,-0.663336],[-0.699462,-0.712392,0.0570172],[-0.503951,0.435085,-0.746147]]],2],[8283,[-0.125886,-0.710971,0.691862],828,58.3267,[-11.9158,81.8139,7.54799],[-17.2965,79.4655,-1.17067],[-41.1632,2.33276,-127.812],false,[26.4691,82.6373,30.6347],[13.8281,114.139,-14.792],[-21.6316,102.419,-30.3262],[-24.7886,84.5891,-12.9753],[-16.5027,78.5329,0.469609],[[[0.474289,-0.656126,-0.586982],[0.85168,0.510786,0.117214],[0.222915,-0.555514,0.80107]],[[0.474127,-0.655722,-0.587565],[0.081581,0.697188,-0.712231],[0.876669,0.289754,0.38405]],[[0.474127,-0.655722,-0.587565],[-0.871411,-0.254064,-0.419636],[0.125886,0.710971,-0.691862]],[[0.474127,-0.655722,-0.587565],[-0.731594,-0.664703,0.151459],[-0.489871,0.358048,-0.794876]]],3],[8284,[-0.196522,-0.614838,0.763776],828,45.7271,[-2.02065,77.3832,-0.903132],[-4.0976,76.9427,-7.99828],[-41.2507,35.8995,-151.28],false,[28.3357,72.5532,22.835],[23.0211,98.8161,-22.3048],[-6.68304,92.5096,-32.4322],[-10.1628,81.623,-18.9084],[-3.31983,75.8641,-6.12143],[[[0.349616,-0.791328,-0.501566],[0.931407,0.351418,0.0947989],[0.101242,-0.500305,0.85991]],[[0.345657,-0.772399,-0.532842],[0.139392,0.603808,-0.784847],[0.92795,0.197015,0.316377]],[[0.345657,-0.772399,-0.532842],[-0.917551,-0.15929,-0.364317],[0.196522,0.614838,-0.763776]],[[0.345657,-0.772399,-0.532842],[-0.829588,-0.516913,0.211151],[-0.438526,0.369053,-0.819448]]],4]],[[0,200,0],[235.247,235.247,147.751]]],[3814730,1818508450346,[[828,"right",[-0.200452,0.706052,-0.679198],[-0.75417,-0.553714,-0.353028],[3.43578,107.582,6.06191],[-35.0019,-9.25734,-8.59284],[8.29663,108.616,-1.42817],0.79367,1,0.291967,[[0.613622,-0.0896236,-0.784497],[0.775228,0.25708,0.577002],[0.149966,-0.962225,0.227229]],57.6853,[57.1559,-163.011,91.7466],[20.4999,72.1849,36.2052]]],[[8280,[-0.0452815,-0.143906,-0.988555],828,47.1806,[-21.4,85.6531,-32.7164],[-22.0961,86.1337,-32.2108],[113.751,-159.085,-31.5919],false,[-2.39161,75.9773,51.4646],[-2.39161,75.9773,51.4646],[-19.8142,93.2781,13.5268],[-21.2119,88.8362,-16.9865],[-20.8853,83.9845,-37.6081],[[[0.887069,0.455386,-0.0757093],[-0.0877629,0.32737,0.940812],[0.453217,-0.82792,0.330366]],[[0.818258,0.562327,-0.11934],[-0.426394,0.732952,0.530065],[0.38554,-0.382845,0.839517]],[[0.818258,0.562327,-0.11934],[-0.573065,0.814297,-0.0922891],[0.0452815,0.143906,0.988555]],[[0.818258,0.562327,-0.11934],[-0.574644,0.794575,-0.196047],[-0.0154178,0.228995,0.973306]]],0],[8281,[0.0319899,-0.903537,0.427315],828,53.2381,[-35.0076,101.604,4.7191],[-36.8896,95.9055,4.61766],[-18.5075,-87.1249,-15.0413],false,[13.5825,89.3951,46.436],[-13.7996,134.651,5.96382],[-45.0435,121.716,-13.2513],[-44.3435,101.945,-3.90107],[-35.4434,94.6682,6.4466],[[[0.582803,-0.316651,-0.74838],[0.700938,0.661833,0.265826],[0.411128,-0.679492,0.607671]],[[0.589693,-0.328131,-0.737964],[-0.0833128,0.884154,-0.459707],[0.803319,0.332568,0.494042]],[[0.589693,-0.328131,-0.737964],[-0.806993,-0.275592,-0.522313],[-0.0319899,0.903537,-0.427315]],[[0.589693,-0.328131,-0.737964],[-0.566715,-0.819133,-0.0886289],[-0.575409,0.470479,-0.668994]]],1],[8282,[-0.0984856,-0.811348,0.576208],828,60.6605,[-32.6647,91.9468,0.219834],[-32.9699,88.0812,-0.595902],[1.5361,-76.9197,-21.7026],false,[20.8701,87.2856,38.269],[0.123087,127.002,-6.2438],[-37.1859,114.667,-25.2158],[-39.7212,93.7801,-10.3823],[-31.0158,86.4435,2.25921],[[[0.504901,-0.513697,-0.693679],[0.798233,0.583692,0.148754],[0.328481,-0.628823,0.704757]],[[0.516679,-0.536552,-0.667199],[0.0446699,0.795107,-0.604822],[0.855013,0.282695,0.434783]],[[0.516679,-0.536552,-0.667199],[-0.850496,-0.232005,-0.472049],[0.0984856,0.811348,-0.576208]],[[0.516679,-0.536552,-0.667199],[-0.686434,-0.725349,0.0517419],[-0.511715,0.431254,-0.74308]]],2],[8283,[-0.113697,-0.718365,0.686313],828,58.3267,[-11.9629,81.7942,7.46494],[-16.8729,78.8367,-1.70731],[-15.7465,-17.8623,-105.347],false,[26.8645,82.5433,30.1899],[13.666,114.145,-15.0086],[-21.573,101.921,-30.656],[-24.4243,83.9053,-13.4443],[-16.0372,77.896,-0.0411425],[[[0.486116,-0.643164,-0.591634],[0.84233,0.525156,0.121204],[0.232747,-0.557271,0.797044]],[[0.485936,-0.642734,-0.592249],[0.0696564,0.70396,-0.706815],[0.871214,0.302213,0.38685]],[[0.485936,-0.642734,-0.592249],[-0.866567,-0.266167,-0.422156],[0.113697,0.718365,-0.686313]],[[0.485936,-0.642734,-0.592249],[-0.719718,-0.678728,0.146061],[-0.495855,0.355276,-0.792406]]],3],[8284,[-0.199155,-0.627361,0.752831],828,45.7271,[-2.03449,77.3814,-0.951669],[-3.8372,76.76,-8.95952],[-21.3384,20.78,-137.127],false,[28.9136,72.5519,22.317],[23.1345,99.0451,-22.6307],[-6.38036,92.6189,-33.2253],[-9.9067,81.5105,-19.8953],[-3.06049,75.7007,-7.13322],[[[0.363882,-0.78121,-0.507248],[0.924916,0.367417,0.0976451],[0.11009,-0.504693,0.856251]],[[0.359431,-0.761445,-0.539455],[0.14372,0.61636,-0.774238],[0.922038,0.200755,0.330973]],[[0.359431,-0.761445,-0.539455],[-0.911673,-0.163155,-0.377139],[0.199155,0.627361,-0.752831]],[[0.359431,-0.761445,-0.539455],[-0.823602,-0.530641,0.200251],[-0.438737,0.37232,-0.817856]]],4]],[[0,200,0],[235.247,235.247,147.751]]],[3814731,1818508460027,[[828,"right",[-0.213827,0.707349,-0.673747],[-0.744027,-0.564849,-0.356889],[3.41121,107.251,5.81879],[-25.5229,-16.548,-13.4166],[8.13731,108.572,-1.19184],0.802044,1,0.296914,[[0.620479,-0.0899937,-0.779042],[0.76994,0.258631,0.583354],[0.148986,-0.961775,0.229765]],57.6853,[57.559,-163.139,91.8473],[21.1424,71.9475,35.686]]],[[8280,[-0.0421412,-0.138289,-0.989495],828,47.1806,[-20.7357,84.8482,-33.0956],[-21.5895,85.4963,-32.6355],[95.615,-130.297,-34.0608],false,[-1.80652,75.2014,50.9834],[-1.80652,75.2014,50.9834],[-19.5353,92.4761,13.1757],[-20.8361,88.2075,-17.3666],[-20.3483,83.4117,-37.998],[[[0.878475,0.472235,-0.0726368],[-0.0932547,0.318571,0.943301],[0.468599,-0.821892,0.323895]],[[0.808232,0.5775,-0.115131],[-0.439147,0.721364,0.535523],[0.392316,-0.382267,0.836636]],[[0.808232,0.5775,-0.115131],[-0.587355,0.804593,-0.0874331],[0.0421412,0.138289,0.989495]],[[0.808232,0.5775,-0.115131],[-0.588414,0.784383,-0.196246],[-0.0230248,0.226357,0.973772]]],0],[8281,[0.0485853,-0.906083,0.420301],828,53.2381,[-35.3078,100.78,4.59215],[-36.7099,94.8582,4.28631],[-7.69277,-93.6054,-20.3484],false,[13.9145,88.9492,46.0497],[-14.3206,133.997,5.933],[-45.3326,120.647,-13.3741],[-44.2695,100.821,-4.17735],[-35.2325,93.6296,6.1115],[[[0.588122,-0.300175,-0.751004],[0.68876,0.672623,0.270531],[0.423936,-0.676367,0.602333]],[[0.595251,-0.311642,-0.740645],[-0.099509,0.886044,-0.452796],[0.797354,0.343228,0.496408]],[[0.595251,-0.311642,-0.740645],[-0.80207,-0.286169,-0.524206],[-0.0485853,0.906083,-0.420301]],[[0.595251,-0.311642,-0.740645],[-0.551657,-0.82868,-0.0946785],[-0.584252,0.46494,-0.665192]]],1],[8282,[-0.082877,-0.817272,0.570262],828,60.6605,[-32.6657,91.307,0.055231],[-32.6278,87.1276,-0.963206],[11.5088,-83.3792,-26.2297],false,[21.2352,87.0364,37.8639],[-0.266125,126.699,-6.33811],[-37.3524,113.808,-25.3769],[-39.4859,92.7683,-10.6965],[-30.6374,85.5005,1.88528],[[[0.513898,-0.499033,-0.697764],[0.787414,0.597179,0.152829],[0.340423,-0.627967,0.699835]],[[0.526113,-0.52187,-0.671459],[0.0293243,0.80023,-0.598976],[0.849909,0.295439,0.436314]],[[0.526113,-0.52187,-0.671459],[-0.846367,-0.244373,-0.473228],[0.082877,0.817272,-0.570262]],[[0.526113,-0.52187,-0.671459],[-0.67281,-0.738341,0.0466806],[-0.520127,0.427205,-0.73957]]],2],[8283,[-0.104473,-0.726973,0.678672],828,58.3267,[-11.9941,81.7771,7.40272],[-16.5232,78.2812,-2.38284],[-0.0383435,-29.7131,-94.0693],false,[27.3115,82.4667,29.7465],[13.5067,114.16,-15.2058],[-21.4977,101.557,-31.0775],[-24.1177,83.3259,-14.0575],[-15.6504,77.3342,-0.696896],[[[0.497563,-0.629593,-0.596694],[0.832568,0.539677,0.124818],[0.243437,-0.558893,0.792702]],[[0.497362,-0.629133,-0.597346],[0.060748,0.712115,-0.69943],[0.865413,0.311582,0.392398]],[[0.497362,-0.629133,-0.597346],[-0.861229,-0.275139,-0.427296],[0.104473,0.726973,-0.678672]],[[0.497362,-0.