{"metadata":{"formatVersion":2,"generatedBy":"LeapJS Playback 0.2.1","frames":90,"frameRate":"1.0e+2","modified":"Tue Jun 02 2015 20:39:59 GMT-0300 (E. South America Standard Time)","title":"leap-playback-recording-100fps (20)"},"frames":[["id","timestamp",{"hands":[["id","type","direction","palmNormal","palmPosition","palmVelocity","stabilizedPalmPosition","pinchStrength","grabStrength","confidence","armBasis","armWidth","elbow","wrist"]]},{"pointables":[["id","direction","handId","length","stabilizedTipPosition","tipPosition","tipVelocity","tool","carpPosition","mcpPosition","pipPosition","dipPosition","btipPosition","bases","type"]]},{"interactionBox":["center","size"]}],[3814561,1818506807032,[[828,"right",[-0.422708,0.700688,-0.574765],[-0.504703,-0.70877,-0.49287],[-9.24357,112.357,8.81582],[-1.9513,-5.76883,-9.75578],[-2.38514,114.076,9.34917],1,1,0.339496,[[0.710699,0.0736261,-0.699633],[0.630771,0.373671,0.680072],[0.311503,-0.924635,0.219126]],57.6853,[94.7297,-145.697,87.8943],[18.5891,80.3108,34.3334]]],[[8280,[0.0724553,-0.00760867,-0.997343],828,47.1806,[-12.5983,81.6021,-24.9835],[-13.0287,82.14,-26.5649],[15.0596,1.22797,-23.2046],false,[-4.46241,73.32,48.154],[-4.46241,73.32,48.154],[-25.8017,89.9347,11.95],[-23.5653,89.6999,-18.8346],[-8.05568,79.2021,-28.7414],[[[0.67183,0.737775,0.0658185],[-0.21511,0.109306,0.970453],[0.708782,-0.666138,0.232138]],[[0.575664,0.816912,0.0355888],[-0.667554,0.444387,0.597405],[0.472212,-0.367661,0.80115]],[[0.575664,0.816912,0.0355888],[-0.81447,0.576712,-0.0635696],[-0.0724553,0.00760867,0.997343]],[[0.575664,0.816912,0.0355888],[-0.364344,0.295225,-0.88323],[-0.732028,0.495477,0.467588]]],0],[8281,[0.445819,-0.835107,0.322246],828,53.2381,[-40.0747,89.0286,4.80424],[-39.691,87.0318,4.21317],[27.4927,-29.5784,2.05602],false,[5.87283,92.0571,46.5411],[-34.8843,131.454,11.5762],[-57.6398,108.192,-9.72587],[-47.8847,89.9192,-2.6747],[-36.4729,85.599,6.83055],[[[0.671065,0.0370617,-0.740472],[0.418556,0.805429,0.419637],[0.61195,-0.591533,0.524983]],[[0.651381,0.0557463,-0.756701],[-0.48311,0.799485,-0.356971],[0.585071,0.598094,0.547701]],[[0.651381,0.0557463,-0.756701],[-0.613962,-0.547256,-0.568825],[-0.445819,0.835107,-0.322246]],[[0.651381,0.0557463,-0.756701],[-0.177091,-0.958584,-0.223062],[-0.737796,0.279303,-0.614531]]],1],[8282,[0.276762,-0.82165,0.498291],828,60.6605,[-32.7188,85.7848,3.66433],[-32.5136,81.1726,0.396542],[11.2837,-14.5186,-14.6201],false,[13.5915,94.0225,38.7425],[-18.932,131.281,-0.542187],[-47.6445,105.623,-21.0684],[-40.5198,84.4711,-8.24075],[-29.4765,79.6707,3.7767],[[[0.66632,-0.18105,-0.723353],[0.539316,0.786917,0.299834],[0.514933,-0.589901,0.621981]],[[0.681015,-0.198131,-0.704956],[-0.321315,0.784217,-0.53081],[0.658009,0.588003,0.470401]],[[0.681015,-0.198131,-0.704956],[-0.677954,-0.534448,-0.504721],[-0.276762,0.82165,-0.498291]],[[0.681015,-0.198131,-0.704956],[-0.33888,-0.938681,-0.0635507],[-0.649137,0.282174,-0.706398]]],2],[8283,[0.202849,-0.755338,0.623151],828,58.3267,[-16.1347,91.0293,13.1758],[-15.461,77.5264,-0.170384],[9.80689,-6.33042,-19.0662],false,[21.0228,93.0983,30.5196],[-1.57075,125.572,-10.11],[-28.4556,100.084,-26.3478],[-23.3684,81.1418,-10.7202],[-13.588,76.7998,2.37914],[[[0.692269,-0.324688,-0.644469],[0.601683,0.752765,0.267062],[0.398422,-0.572645,0.716475]],[[0.698784,-0.334144,-0.632494],[-0.264406,0.700926,-0.662414],[0.664673,0.630119,0.401447]],[[0.698784,-0.334144,-0.632494],[-0.685969,-0.563749,-0.460038],[-0.202849,0.755338,-0.623151]],[[0.698784,-0.334144,-0.632494],[-0.421135,-0.906892,0.0138336],[-0.578226,0.256699,-0.774442]]],3],[8284,[0.105092,-0.744436,0.659371],828,45.7271,[-6.74186,85.5852,5.07814],[-3.58506,81.4448,-8.79515],[9.43338,1.90111,-19.284],false,[26.601,85.9391,21.3743],[12.7423,116.197,-19.2208],[-11.9407,98.834,-29.895],[-10.0799,85.6527,-18.2199],[-1.51097,80.5962,-6.19896],[[[0.624734,-0.508669,-0.592422],[0.734852,0.639531,0.225815],[0.264007,-0.576417,0.773333]],[[0.609131,-0.475917,-0.634399],[-0.185414,0.6923,-0.697382],[0.771091,0.542424,0.333459]],[[0.609131,-0.475917,-0.634399],[-0.786076,-0.468314,-0.403444],[-0.105092,0.744436,-0.659371]],[[0.609131,-0.475917,-0.634399],[-0.572199,-0.817617,0.0639568],[-0.549134,0.324045,-0.770355]]],4]],[[0,200,0],[235.247,235.247,147.751]]],[3814562,1818506816773,[[828,"right",[-0.423977,0.700779,-0.573718],[-0.503828,-0.708902,-0.493574],[-9.22472,112.336,8.76037],[-0.810556,-4.701,-8.56318],[-2.46137,114.057,9.34261],1,1,0.341665,[[0.711174,0.073044,-0.699211],[0.630468,0.373767,0.6803],[0.311034,-0.924642,0.219761]],57.6853,[94.6915,-145.71,87.9429],[18.6657,80.2995,34.2268]]],[[8280,[0.0734966,-0.00688748,-0.997272],828,47.1806,[-12.5534,81.6044,-25.0503],[-12.8954,82.1521,-26.6712],[13.7332,2.11926,-20.1108],false,[-4.37003,73.2568,48.0473],[-4.37003,73.2568,48.0473],[-25.7149,89.9311,11.874],[-23.4463,89.7185,-18.9083],[-7.95788,79.2505,-28.8796],[[[0.670749,0.738698,0.0664963],[-0.214903,0.107757,0.970673],[0.709868,-0.665367,0.231026]],[[0.575734,0.816809,0.0367891],[-0.667406,0.443481,0.598242],[0.472334,-0.368981,0.800471]],[[0.575734,0.816809,0.0367891],[-0.814327,0.576867,-0.063998],[-0.0734966,0.00688748,0.997272]],[[0.575734,0.816809,0.0367891],[-0.366235,0.297849,-0.881566],[-0.731029,0.494074,0.470626]]],0],[8281,[0.449516,-0.832494,0.323865],828,53.2381,[-39.8834,88.6117,4.78835],[-39.4987,86.8901,4.25546],[25.663,-25.2453,3.30737],false,[5.9365,92.0113,46.4542],[-34.893,131.392,11.5546],[-57.5216,107.965,-9.70199],[-47.6856,89.7488,-2.61539],[-36.2634,85.4625,6.89277],[[[0.670726,0.0390039,-0.740679],[0.417509,0.805524,0.420496],[0.613036,-0.591278,0.524001]],[[0.651349,0.0573616,-0.756607],[-0.487078,0.796183,-0.358954],[0.581808,0.602331,0.546532]],[[0.651349,0.0573616,-0.756607],[-0.611293,-0.551057,-0.568029],[-0.449516,0.832494,-0.323865]],[[0.651349,0.0573616,-0.756607],[-0.174408,-0.959122,-0.22286],[-0.738462,0.277118,-0.614719]]],1],[8282,[0.278431,-0.821661,0.497342],828,60.6605,[-32.6893,85.5931,3.56135],[-32.4313,81.1121,0.334799],[10.301,-11.94,-12.4316],false,[13.6492,93.9981,38.6552],[-18.9451,131.257,-0.570009],[-47.6197,105.565,-21.106],[-40.452,84.4128,-8.30279],[-29.3963,79.6156,3.70461],[[[0.666314,-0.179136,-0.723834],[0.53825,0.787345,0.300624],[0.516054,-0.589914,0.621039]],[[0.681047,-0.196224,-0.705458],[-0.323022,0.784103,-0.529943],[0.657139,0.588794,0.470626]],[[0.681047,-0.196224,-0.705458],[-0.677238,-0.535135,-0.504955],[-0.278431,0.821661,-0.497342]],[[0.681047,-0.196224,-0.705458],[-0.337427,-0.939138,-0.0645282],[-0.64986,0.281987,-0.705808]]],2],[8283,[0.203346,-0.756456,0.62163],828,58.3267,[-16.1344,91.0199,13.1659],[-15.4306,77.525,-0.311814],[7.76358,-4.6722,-17.753],false,[21.0788,93.0955,30.4283],[-1.57894,125.586,-10.1517],[-28.4447,100.115,-26.4456],[-23.3451,81.1441,-10.856],[-13.559,76.7905,2.23513],[[[0.692509,-0.322835,-0.645143],[0.600656,0.753328,0.267785],[0.399554,-0.572953,0.715599]],[[0.699079,-0.332349,-0.633113],[-0.264809,0.702128,-0.660978],[0.664202,0.62973,0.402834]],[[0.699079,-0.332349,-0.633113],[-0.685521,-0.56331,-0.461241],[-0.203346,0.756456,-0.621631]],[[0.699079,-0.332349,-0.633113],[-0.420181,-0.907356,0.0123501],[-0.578564,0.257389,-0.773961]]],3],[8284,[0.10645,-0.745188,0.658303],828,45.7271,[-6.74133,85.5846,5.07589],[-3.52493,81.4705,-8.90446],[8.38422,2.09905,-16.9786],false,[26.6642,85.9562,21.2718],[12.7447,116.245,-19.2797],[-11.92,98.8712,-29.9791],[-10.0352,85.6766,-18.3229],[-1.4502,80.6216,-6.31278],[[[0.62527,-0.506982,-0.593302],[0.733979,0.640346,0.226345],[0.265166,-0.576997,0.772503]],[[0.609575,-0.474148,-0.635297],[-0.186327,0.693257,-0.696188],[0.77052,0.542751,0.334245]],[[0.609575,-0.474148,-0.635297],[-0.785549,-0.468912,-0.403775],[-0.10645,0.745188,-0.658303]],[[0.609575,-0.474148,-0.635297],[-0.570733,-0.818685,0.0633927],[-0.550166,0.323943,-0.769661]]],4]],[[0,200,0],[235.247,235.247,147.751]]],[3814563,1818506826780,[[828,"right",[-0.425274,0.700812,-0.572717],[-0.502209,-0.709159,-0.494853],[-9.24588,112.347,8.77219],[-1.2019,-2.95379,-5.63812],[-2.52193,114.042,9.33752],1,1,0.263198,[[0.712096,0.0731507,-0.698261],[0.629553,0.373712,0.681178],[0.310777,-0.924656,0.220067]],57.6853,[94.6671,-145.685,87.986],[18.7041,80.3282,34.1953]]],[[8280,[0.0744829,-0.00542169,-0.997208],828,47.1806,[-12.5142,81.6095,-25.1077],[-12.7949,82.2138,-26.7267],[11.5364,4.16456,-16.2464],false,[-4.32084,73.2153,47.9979],[-4.32084,73.2153,47.9979],[-25.6762,89.9334,11.851],[-23.3771,89.766,-18.9294],[-7.89517,79.3524,-28.9673],[[[0.669188,0.739987,0.0678708],[-0.215402,0.105754,0.970782],[0.711189,-0.664255,0.230164]],[[0.574768,0.817411,0.0384861],[-0.668074,0.441562,0.598915],[0.472566,-0.369949,0.799887]],[[0.574768,0.817411,0.0384861],[-0.81492,0.57603,-0.0639993],[-0.0744829,0.00542169,0.997208]],[[0.574768,0.817411,0.0384861],[-0.368353,0.300433,-0.879805],[-0.730724,0.491507,0.473775]]],0],[8281,[0.453023,-0.830166,0.324954],828,53.2381,[-39.7007,88.25,4.78696],[-39.3501,86.7775,4.31709],[22.6464,-21.0006,4.52474],false,[5.94701,91.9939,46.4378],[-34.9546,131.345,11.5896],[-57.447,107.778,-9.65723],[-47.5342,89.6133,-2.54681],[-36.1057,85.3587,6.96798],[[[0.670853,0.0415879,-0.740424],[0.41571,0.805718,0.421904],[0.614119,-0.590837,0.52323]],[[0.651716,0.0596761,-0.756112],[-0.490745,0.793283,-0.360378],[0.578304,0.605922,0.546281]],[[0.651716,0.0596761,-0.756112],[-0.608306,-0.554314,-0.568067],[-0.453023,0.830166,-0.324954]],[[0.651716,0.0596761,-0.756112],[-0.171271,-0.959572,-0.223358],[-0.738872,0.275066,-0.615147]]],1],[8282,[0.280233,-0.821685,0.496289],828,60.6605,[-32.6599,85.4146,3.46504],[-32.3661,81.0738,0.312901],[9.01253,-9.36427,-9.58572],false,[13.6578,94.0092,38.6441],[-19.003,131.263,-0.530668],[-47.6114,105.528,-21.1051],[-40.3973,84.3749,-8.32901],[-29.3346,79.5832,3.67409],[[[0.666891,-0.176587,-0.723929],[0.536523,0.787983,0.302038],[0.517107,-0.589831,0.620242]],[[0.681659,-0.19368,-0.70557],[-0.324811,0.783994,-0.52901],[0.655621,0.589781,0.471507]],[[0.681659,-0.19368,-0.70557],[-0.675878,-0.536024,-0.505833],[-0.280233,0.821685,-0.496289]],[[0.681659,-0.19368,-0.70557],[-0.335385,-0.939763,-0.0660529],[-0.650276,0.281663,-0.705555]]],2],[8283,[0.204624,-0.757094,0.620434],828,58.3267,[-16.1342,91.0113,13.1569],[-15.3849,77.5426,-0.366811],[6.88096,-2.82947,-13.9377],false,[21.0916,93.1352,30.4179],[-1.62238,125.644,-10.1164],[-28.4319,100.147,-26.4631],[-23.3002,81.16,-10.9036],[-13.5097,76.8048,2.18379],[[[0.693363,-0.320357,-0.64546],[0.599009,0.754148,0.269163],[0.400545,-0.573264,0.714795]],[[0.699964,-0.329898,-0.633417],[-0.265956,0.702718,-0.65989],[0.66281,0.63036,0.404139]],[[0.699964,-0.329898,-0.633417],[-0.684236,-0.563894,-0.462433],[-0.204624,0.757094,-0.620434]],[[0.699964,-0.329898,-0.633417],[-0.418348,-0.908223,0.010724],[-0.578822,0.257482,-0.773736]]],3],[8284,[0.107808,-0.74609,0.65706],828,45.7271,[-6.74075,85.584,5.07342],[-3.47517,81.5367,-8.95232],[7.27044,3.43982,-13.3641],false,[26.6944,86.0223,21.2516],[12.7233,116.347,-19.2553],[-11.9056,98.951,-30.0013],[-9.99674,85.7404,-18.3671],[-1.40095,80.6879,-6.36374],[[[0.626493,-0.504727,-0.593934],[0.732578,0.641511,0.22758],[0.26615,-0.57768,0.771654]],[[0.610717,-0.471809,-0.635942],[-0.187209,0.694313,-0.694898],[0.769401,0.54344,0.335702]],[[0.610717,-0.471809,-0.635942],[-0.784476,-0.469837,-0.404785],[-0.107808,0.74609,-0.65706]],[[0.610717,-0.471809,-0.635942],[-0.568842,-0.820095,0.0621547],[-0.550858,0.323791,-0.76923]]],4]],[[0,200,0],[235.247,235.247,147.751]]],[3814564,1818506836231,[[828,"right",[-0.426697,0.700125,-0.572498],[-0.500075,-0.710092,-0.495675],[-9.18666,112.35,8.69298],[0.935131,-2.01559,-6.42313],[-2.56239,114.031,9.33361],1,1,0.269409,[[0.713501,0.072627,-0.69688],[0.62846,0.37339,0.682362],[0.309766,-0.924827,0.220771]],57.6853,[94.5446,-145.67,88.0744],[18.8287,80.3849,34.1116]]],[[8280,[0.07537,-0.00465769,-0.997145],828,47.1806,[-12.4774,81.6147,-25.1583],[-12.6103,82.2289,-26.8392],[12.9803,3.92407,-15.2602],false,[-4.18678,73.2035,47.8944],[-4.18678,73.2035,47.8944],[-25.5617,89.8991,11.7486],[-23.2353,89.7554,-19.0298],[-7.73401,79.3964,-29.0945],[[[0.667249,0.741648,0.0688225],[-0.216296,0.104519,0.970717],[0.712737,-0.662597,0.230156]],[[0.572778,0.81876,0.0394694],[-0.669475,0.439473,0.598888],[0.472999,-0.369453,0.79986]],[[0.572778,0.81876,0.0394694],[-0.816238,0.574117,-0.0643778],[-0.07537,0.00465769,0.997145]],[[0.572778,0.81876,0.0394694],[-0.369643,0.300967,-0.879081],[-0.731635,0.488928,0.475036]]],0],[8281,[0.456373,-0.827744,0.32644],828,53.2381,[-39.5273,87.9537,4.78158],[-39.1297,86.6522,4.28032],[22.9307,-18.6505,2.33563],false,[6.03401,92.0093,46.3541],[-34.9457,131.28,11.5072],[-57.3005,107.573,-9.72874],[-47.3145,89.4612,-2.58581],[-35.8812,85.2471,6.94127],[[[0.67122,0.043825,-0.739962],[0.413376,0.806481,0.422739],[0.615292,-0.589633,0.52321]],[[0.65226,0.0616791,-0.755482],[-0.494165,0.790361,-0.36212],[0.574768,0.609529,0.546]],[[0.65226,0.0616791,-0.755482],[-0.605211,-0.557705,-0.568053],[-0.456373,0.827744,-0.32644]],[[0.65226,0.0616791,-0.755482],[-0.167839,-0.960192,-0.223298],[-0.73918,0.272448,-0.615942]]],1],[8282,[0.282219,-0.821146,0.496055],828,60.6605,[-32.6292,85.2584,3.37841],[-32.2044,81.0106,0.217494],[11.1883,-8.44497,-9.93144],false,[13.7446,94.0499,38.5668],[-18.9861,131.248,-0.602873],[-47.5093,105.439,-21.2042],[-40.244,84.3004,-8.43407],[-29.1764,79.53,3.57299],[[[0.667806,-0.174371,-0.723623],[0.534311,0.789139,0.302938],[0.518215,-0.588943,0.62016]],[[0.68261,-0.191443,-0.705261],[-0.326746,0.783281,-0.528874],[0.653667,0.591456,0.472122]],[[0.68261,-0.191443,-0.705261],[-0.674089,-0.537651,-0.506493],[-0.282219,0.821146,-0.496055]],[[0.68261,-0.191443,-0.705261],[-0.332879,-0.940596,-0.0668626],[-0.650566,0.280408,-0.705787]]],2],[8283,[0.206065,-0.757064,0.619993],828,58.3267,[-16.1339,91.0029,13.1479],[-15.2376,77.5405,-0.482337],[9.43894,-2.1734,-13.3462],false,[21.1859,93.2007,30.3448],[-1.58505,125.68,-10.1814],[-28.32,100.129,-26.5669],[-23.1522,81.1434,-11.0185],[-13.3597,76.8032,2.07241],[[[0.694595,-0.318128,-0.645238],[0.596905,0.755488,0.270079],[0.40155,-0.572741,0.71465]],[[0.701222,-0.327674,-0.63318],[-0.267224,0.702577,-0.659528],[0.660968,0.631676,0.4051]],[[0.701222,-0.327674,-0.63318],[-0.682514,-0.565229,-0.463348],[-0.206065,0.757064,-0.619993]],[[0.701222,-0.327674,-0.63318],[-0.416072,-0.909279,0.00977408],[-0.57894,0.256595,-0.773943]]],3],[8284,[0.109286,-0.746339,0.656533],828,45.7271,[-6.74001,85.5832,5.07042],[-3.32436,81.5806,-9.06028],[9.6704,3.76108,-12.8522],false,[26.8128,86.1086,21.1771],[12.7902,116.426,-19.3176],[-11.7903,98.9856,-30.1022],[-9.85527,85.7706,-18.4773],[-1.25102,80.7349,-6.4729],[[[0.628164,-0.502704,-0.593884],[0.730788,0.643222,0.228503],[0.26713,-0.577541,0.771419]],[[0.612308,-0.469752,-0.635933],[-0.188211,0.694619,-0.694321],[0.76789,0.544828,0.336909]],[[0.612308,-0.469752,-0.635933],[-0.783029,-0.471499,-0.405652],[-0.109286,0.746339,-0.656533]],[[0.612308,-0.469752,-0.635933],[-0.566601,-0.8217,0.061423],[-0.5514,0.322711,-0.769296]]],4]],[[0,200,0],[235.247,235.247,147.751]]],[3814565,1818506845976,[[828,"right",[-0.427316,0.700399,-0.571701],[-0.498882,-0.710024,-0.496973],[-9.15708,112.391,8.6668],[1.55163,-0.198777,-5.32596],[-2.59136,114.024,9.33068],1,1,0.282017,[[0.714521,0.0723426,-0.695864],[0.627612,0.373212,0.683239],[0.309132,-0.924921,0.221265]],57.6853,[94.4479,-145.653,88.1371],[18.8869,80.4254,34.0535]]],[[8280,[0.0760305,-0.00308577,-0.997101],828,47.1806,[-12.4408,81.6226,-25.208],[-12.4904,82.3181,-26.9236],[11.7919,6.07661,-13.647],false,[-4.12636,73.1936,47.8137],[-4.12636,73.1936,47.8137],[-25.4952,89.9297,11.6831],[-23.1484,89.8345,-19.0939],[-7.6469,79.5152,-29.1989],[[[0.666239,0.742422,0.0702549],[-0.216942,0.102819,0.970755],[0.713486,-0.661995,0.229564]],[[0.572094,0.819158,0.041088],[-0.670154,0.437974,0.599226],[0.472866,-0.370349,0.799525]],[[0.572094,0.819158,0.041088],[-0.816657,0.573559,-0.0640464],[-0.0760305,0.00308577,0.997101]],[[0.572094,0.819158,0.041088],[-0.370675,0.302915,-0.877976],[-0.731648,0.487054,0.476938]]],0],[8281,[0.459332,-0.825512,0.327938],828,53.2381,[-39.3526,87.6955,4.78277],[-38.9424,86.5948,4.30636],[22.1329,-14.8453,2.8492],false,[6.07053,92.0151,46.3062],[-34.9425,131.283,11.495],[-57.1694,107.447,-9.73024],[-47.1186,89.3834,-2.55452],[-35.6839,85.1984,6.98362],[[[0.67155,0.0457853,-0.739543],[0.412095,0.806406,0.424132],[0.615791,-0.589588,0.522674]],[[0.65284,0.0633911,-0.754839],[-0.497201,0.787648,-0.36387],[0.571481,0.612856,0.545726]],[[0.65284,0.0633911,-0.754839],[-0.60234,-0.560813,-0.568045],[-0.459332,0.825512,-0.327938]],[[0.65284,0.0633911,-0.754839],[-0.165145,-0.960611,-0.223501],[-0.739275,0.270568,-0.616657]]],1],[8282,[0.283236,-0.821333,0.495166],828,60.6605,[-32.5982,85.114,3.29597],[-32.1124,81.0204,0.153947],[10.5186,-5.54696,-9.14243],false,[13.7825,94.0771,38.526],[-18.9765,131.289,-0.606646],[-47.4489,105.459,-21.2511],[-40.1575,84.3154,-8.50393],[-29.0895,79.5435,3.50218],[[[0.668414,-0.172439,-0.723525],[0.533115,0.789397,0.304369],[0.518663,-0.589167,0.619574]],[[0.683234,-0.189523,-0.705175],[-0.327761,0.783377,-0.528104],[0.652506,0.591947,0.473112]],[[0.683234,-0.189523,-0.705175],[-0.673029,-0.538045,-0.507483],[-0.283236,0.821333,-0.495166]],[[0.683234,-0.189523,-0.705175],[-0.331552,-0.940958,-0.0683436],[-0.650588,0.280497,-0.705732]]],2],[8283,[0.206439,-0.757905,0.61884],828,58.3267,[-16.1335,90.994,13.1384],[-15.1741,77.5974,-0.583263],[8.6595,0.10275,-12.369],false,[21.2292,93.2497,30.3066],[-1.56309,125.758,-10.1841],[-28.2613,100.211,-26.6351],[-23.0841,81.204,-11.1155],[-13.2942,76.8557,1.97461],[[[0.695351,-0.316274,-0.645335],[0.59577,0.755876,0.271494],[0.401927,-0.573256,0.714026]],[[0.702,-0.325853,-0.633258],[-0.267428,0.703504,-0.658456],[0.66006,0.631587,0.406717]],[[0.702,-0.325853,-0.633258],[-0.6816,-0.565155,-0.46478],[-0.206439,0.757905,-0.61884]],[[0.702,-0.325853,-0.633258],[-0.414972,-0.909798,0.00813228],[-0.578787,0.257076,-0.773898]]],3],[8284,[0.1085,-0.748819,0.653833],828,45.7271,[-6.73918,85.5823,5.06703],[-3.2702,81.6676,-9.18564],[7.77888,4.82085,-13.5381],false,[26.8703,86.1783,21.1316],[12.8291,116.536,-19.3262],[-11.739,99.1304,-30.1944],[-9.81784,85.8714,-18.6174],[-1.22135,80.798,-6.62328],[[[0.629135,-0.501013,-0.594286],[0.729823,0.643847,0.229825],[0.267484,-0.578314,0.770717]],[[0.612955,-0.467413,-0.637033],[-0.187692,0.697035,-0.692036],[0.767501,0.543753,0.339521]],[[0.612955,-0.467413,-0.637033],[-0.782633,-0.469889,-0.408278],[-0.1085,0.748819,-0.653833]],[[0.612955,-0.467413,-0.637033],[-0.566386,-0.822082,0.0582116],[-0.550902,0.325126,-0.768635]]],4]],[[0,200,0],[235.247,235.247,147.751]]],[3814566,1818506855652,[[828,"right",[-0.427857,0.700819,-0.570781],[-0.497805,-0.709806,-0.498363],[-9.12105,112.454,8.65222],[2.18574,1.77622,-4.21135],[-2.6164,114.018,9.32808],1,1,0.289065,[[0.715525,0.072024,-0.694864],[0.626815,0.372957,0.68411],[0.308427,-0.925049,0.221714]],57.6853,[94.3366,-145.628,88.1946],[18.948,80.4809,34.0012]]],[[8280,[0.0765912,-0.00134228,-0.997062],828,47.1806,[-12.403,81.6339,-25.2574],[-12.3775,82.435,-26.9875],[11.2229,8.20633,-11.6201],false,[-4.06354,73.2,47.7383],[-4.06354,73.2,47.7383],[-25.4267,89.9825,11.6259],[-23.0626,89.941,-19.15],[-7.54885,79.6514,-29.2664],[[[0.665332,0.743088,0.071781],[-0.217539,0.100998,0.970812],[0.71415,-0.661528,0.228848]],[[0.571457,0.819516,0.0427943],[-0.670786,0.436433,0.599643],[0.47274,-0.371376,0.799123]],[[0.571457,0.819516,0.0427943],[-0.81705,0.573055,-0.0635348],[-0.0765912,0.00134228,0.997062]],[[0.571457,0.819516,0.0427943],[-0.370518,0.304193,-0.877601],[-0.732225,0.485655,0.477478]]],0],[8281,[0.461547,-0.824026,0.328566],828,53.2381,[-39.1882,87.4838,4.78551],[-38.7827,86.5802,4.31444],[20.5135,-10.7941,2.40758],false,[6.11199,92.0358,46.2662],[-34.93,131.312,11.4982],[-57.0579,107.392,-9.73629],[-46.9586,89.3608,-2.54683],[-35.5233,85.193,6.99811],[[[0.671859,0.0477663,-0.739137],[0.41094,0.806203,0.425635],[0.616226,-0.589708,0.522025]],[[0.653333,0.0651927,-0.754259],[-0.49947,0.78582,-0.364716],[0.568934,0.61501,0.545963]],[[0.653333,0.0651927,-0.754259],[-0.600109,-0.562789,-0.568453],[-0.461547,0.824026,-0.328566]],[[0.653333,0.0651927,-0.754259],[-0.16301,-0.960803,-0.224243],[-0.739313,0.269457,-0.617097]]],1],[8282,[0.284139,-0.821647,0.494126],828,60.6605,[-32.5682,84.9875,3.22115],[-32.0197,81.0587,0.0964474],[10.0939,-2.66095,-8.41379],false,[13.8254,94.1194,38.4931],[-18.9581,131.356,-0.595568],[-47.3846,105.513,-21.2871],[-40.0699,84.3613,-8.56664],[-29.0018,79.5844,3.4374],[[[0.668971,-0.170487,-0.723472],[0.532039,0.789529,0.305905],[0.51905,-0.589557,0.618878]],[[0.683806,-0.187588,-0.705138],[-0.328662,0.783618,-0.527185],[0.651452,0.592245,0.47419]],[[0.683806,-0.187588,-0.705138],[-0.672067,-0.538244,-0.508546],[-0.284139,0.821647,-0.494126]],[[0.683806,-0.187588,-0.705138],[-0.330362,-0.941258,-0.0699648],[-0.650592,0.280793,-0.70561]]],2],[8283,[0.207,-0.758662,0.617724],828,58.3267,[-16.133,90.9846,13.1281],[-15.0965,77.6725,-0.661666],[8.54789,2.30977,-11.0237],false,[21.2771,93.314,30.2761],[-1.53349,125.861,-10.1733],[-28.1943,100.311,-26.6806],[-23.003,81.2851,-11.189],[-13.2144,76.9278,1.89907],[[[0.696038,-0.314417,-0.645502],[0.594749,0.756135,0.273007],[0.402249,-0.573935,0.713298]],[[0.702701,-0.324019,-0.633422],[-0.26787,0.704288,-0.657437],[0.659134,0.631656,0.408109]],[[0.702701,-0.324019,-0.633422],[-0.680707,-0.565194,-0.46604],[-0.207,0.758662,-0.617724]],[[0.702701,-0.324019,-0.633422],[-0.413893,-0.910302,0.00649155],[-0.578709,0.257607,-0.773779]]],3],[8284,[0.107773,-0.751252,0.651157],828,45.7271,[-6.73829,85.5815,5.0634],[-3.21274,81.7789,-9.30037],[6.64291,6.35184,-13.6227],false,[26.9309,86.2641,21.0925],[12.874,116.671,-19.3232],[-11.6829,99.2999,-30.2725],[-9.77467,85.9979,-18.7428],[-1.1854,80.8867,-6.75958],[[[0.630014,-0.499315,-0.594783],[0.728954,0.644331,0.231223],[0.267784,-0.579243,0.769915]],[[0.613539,-0.465112,-0.638154],[-0.187206,0.699424,-0.689753],[0.767153,0.542657,0.342052]],[[0.613539,-0.465112,-0.638154],[-0.782275,-0.468286,-0.410796],[-0.107773,0.751252,-0.651157]],[[0.613539,-0.465112,-0.638154],[-0.566203,-0.822425,0.0550526],[-0.55044,0.327548,-0.767938]]],4]],[[0,200,0],[235.247,235.247,147.751]]],[3814567,1818506865509,[[828,"right",[-0.427472,0.702034,-0.569575],[-0.497376,-0.708751,-0.500289],[-9.0063,112.604,8.6287],[4.98855,5.74939,-3.6703],[-2.65069,114.011,9.32432],1,1,0.30128,[[0.716654,0.0713963,-0.693765],[0.626058,0.372507,0.685048],[0.307343,-0.925279,0.222261]],57.6853,[94.1693,-145.588,88.2561],[19.0457,80.5772,33.9291]]],[[8280,[0.0776445,0.000777696,-0.996981],828,47.1806,[-12.3574,81.6536,-25.3135],[-12.1995,82.6623,-27.0806],[12.6409,13.0374,-11.0563],false,[-3.97574,73.2647,47.6329],[-3.97574,73.2647,47.6329],[-25.3002,90.1451,11.5432],[-22.9036,90.1691,-19.2302],[-7.39144,79.897,-29.3668],[[[0.665225,0.742976,0.0739081],[-0.218284,0.0988637,0.970865],[0.714022,-0.661977,0.227946]],[[0.571912,0.81907,0.0451792],[-0.671002,0.43542,0.600138],[0.471883,-0.373541,0.798619]],[[0.571912,0.81907,0.0451792],[-0.816632,0.573693,-0.0631515],[-0.0776445,-0.000777696,0.996981]],[[0.571912,0.81907,0.0451792],[-0.369966,0.3067,-0.876961],[-0.732149,0.484829,0.478434]]],0],[8281,[0.462372,-0.823586,0.328509],828,53.2381,[-39.0243,87.3215,4.78295],[-38.5896,86.6951,4.27668],[20.1261,-4.00115,0.59856],false,[6.19959,92.1044,46.2096],[-34.8187,131.453,11.4962],[-56.8807,107.506,-9.77645],[-46.7634,89.4851,-2.58825],[-35.3357,85.311,6.96318],[[[0.672417,0.0494253,-0.738521],[0.41056,0.8053,0.427706],[0.61587,-0.590803,0.521205]],[[0.654109,0.0666904,-0.753454],[-0.50038,0.785151,-0.364908],[0.567239,0.615703,0.546945]],[[0.654109,0.0666904,-0.753454],[-0.598626,-0.563257,-0.569551],[-0.462372,0.823586,-0.328509]],[[0.654109,0.0666904,-0.753454],[-0.162143,-0.960588,-0.225789],[-0.738817,0.269858,-0.617516]]],1],[8282,[0.283995,-0.822561,0.492688],828,60.6605,[-32.5369,84.8751,3.14952],[-31.8812,81.2137,0.00526552],[11.1012,2.87704,-8.86567],false,[13.9188,94.2055,38.4469],[-18.8376,131.525,-0.585289],[-47.2414,105.713,-21.3466],[-39.9304,84.5378,-8.66316],[-28.8708,79.7367,3.33901],[[[0.669532,-0.168862,-0.723334],[0.531751,0.788896,0.308032],[0.518621,-0.590871,0.617984]],[[0.684359,-0.186006,-0.705021],[-0.328546,0.78453,-0.5259],[0.650931,0.591536,0.475788]],[[0.684359,-0.186006,-0.705021],[-0.671566,-0.537397,-0.510102],[-0.283995,0.822561,-0.492688]],[[0.684359,-0.186006,-0.705021],[-0.330193,-0.941147,-0.0722129],[-0.650097,0.282213,-0.7055]]],2],[8283,[0.20655,-0.76002,0.616203],828,58.3267,[-16.1323,90.9726,13.1148],[-14.9762,77.845,-0.770703],[9.71023,6.79322,-10.9462],false,[21.3767,93.4186,30.2339],[-1.40538,126.052,-10.1618],[-28.0526,100.539,-26.7469],[-22.8726,81.4785,-11.2935],[-13.0938,77.0932,1.7925],[[[0.696551,-0.31296,-0.645657],[0.594489,0.755578,0.275109],[0.401747,-0.575463,0.712349]],[[0.703206,-0.322589,-0.633592],[-0.267371,0.705748,-0.656074],[0.658798,0.630759,0.410035]],[[0.703206,-0.322589,-0.633592],[-0.680323,-0.564186,-0.467819],[-0.20655,0.76002,-0.616203]],[[0.703206,-0.322589,-0.633592],[-0.413841,-0.91034,0.00418263],[-0.578133,0.259265,-0.773656]]],3],[8284,[0.106199,-0.753986,0.64825],828,45.7271,[-6.73712,85.5804,5.05871],[-3.10333,81.9791,-9.43468],[7.46656,10.1227,-14.0876],false,[27.0381,86.3891,21.0391],[13.0097,116.883,-19.3207],[-11.5506,99.5754,-30.3623],[-9.67015,86.225,-18.8841],[-1.09602,81.0631,-6.91183],[[[0.630501,-0.497972,-0.595392],[0.728733,0.643875,0.233183],[0.267239,-0.580904,0.768852]],[[0.613812,-0.463185,-0.639292],[-0.185883,0.702228,-0.687258],[0.767256,0.540681,0.344937]],[[0.613812,-0.463185,-0.639292],[-0.782277,-0.465796,-0.413615],[-0.106199,0.753985,-0.64825]],[[0.613812,-0.463185,-0.639292],[-0.566849,-0.822213,0.0514595],[-0.54947,0.330796,-0.76724]]],4]],[[0,200,0],[235.247,235.247,147.751]]],[3814568,1818506875117,[[828,"right",[-0.426949,0.703324,-0.568375],[-0.497123,-0.707595,-0.502173],[-8.91273,112.753,8.62001],[6.36669,8.56983,-2.86781],[-2.69586,114.002,9.31924],1,1,0.310618,[[0.717637,0.0709197,-0.692797],[0.625364,0.372137,0.685882],[0.306458,-0.925464,0.222709]],57.6853,[94.0232,-145.544,88.3084],[19.1159,80.6671,33.8719]]],[[8280,[0.0785532,0.00294408,-0.996906],828,47.1806,[-12.3048,81.6827,-25.3752],[-12.0483,82.8888,-27.1521],[12.926,16.53,-9.98002],false,[-3.91663,73.3288,47.5432],[-3.91663,73.3288,47.5432],[-25.1975,90.3129,11.4764],[-22.7729,90.4038,-19.2946],[-7.2605,80.1398,-29.4392],[[[0.665287,0.74271,0.0759881],[-0.218974,0.0968106,0.970916],[0.713753,-0.662577,0.227041]],[[0.572622,0.81844,0.0475379],[-0.671074,0.43463,0.600631],[0.470919,-0.375836,0.798112]],[[0.572622,0.81844,0.0475379],[-0.816048,0.574584,-0.0626053],[-0.0785532,-0.00294408,0.996906]],[[0.572622,0.81844,0.0475379],[-0.368847,0.308982,-0.876631],[-0.732159,0.484444,0.478809]]],0],[8281,[0.462618,-0.823582,0.328172],828,53.2381,[-38.8739,87.2065,4.77641],[-38.4418,86.8229,4.24205],[18.5381,1.14212,-0.651],false,[6.26266,92.1699,46.1678],[-34.7243,131.6,11.5093],[-56.7377,107.649,-9.8091],[-46.615,89.6276,-2.62826],[-35.1972,85.4397,6.92886],[[[0.672961,0.0509071,-0.737924],[0.410374,0.804314,0.429734],[0.6154,-0.592019,0.520381]],[[0.654917,0.0679739,-0.752637],[-0.500737,0.78496,-0.36483],[0.565991,0.615806,0.548121]],[[0.654917,0.0679739,-0.752637],[-0.597551,-0.563109,-0.570824],[-0.462618,0.823582,-0.328172]],[[0.654917,0.0679739,-0.752637],[-0.161781,-0.960245,-0.2275],[-0.73818,0.270756,-0.617884]]],1],[8282,[0.283668,-0.823531,0.491253],828,60.6605,[-32.5056,84.7762,3.08174],[-31.7723,81.3736,-0.0705554],[11.0089,6.94939,-8.77821],false,[13.9878,94.2865,38.4153],[-18.7344,131.695,-0.560414],[-47.1223,105.921,-21.3903],[-39.8198,84.7206,-8.74379],[-28.7693,79.8932,3.25622],[[[0.670031,-0.167412,-0.723209],[0.53165,0.788149,0.310113],[0.51808,-0.592279,0.617089]],[[0.684845,-0.184601,-0.704918],[-0.328252,0.785514,-0.524612],[0.650568,0.590669,0.47736]],[[0.684845,-0.184601,-0.704918],[-0.671208,-0.536394,-0.511626],[-0.283668,0.823531,-0.491253]],[[0.684845,-0.184601,-0.704918],[-0.330242,-0.940958,-0.0744234],[-0.64956,0.283762,-0.705373]]],2],[8283,[0.205809,-0.761512,0.614607],828,58.3267,[-16.1312,90.9577,13.0978],[-14.8925,78.0219,-0.872742],[9.51912,10.1165,-10.7461],false,[21.4516,93.516,30.2059],[-1.29608,126.24,-10.136],[-27.9385,100.775,-26.8037],[-22.7772,81.6778,-11.3903],[-13.0093,77.2614,1.69344],[[[0.696971,-0.31168,-0.645823],[0.594406,0.754892,0.277164],[0.40114,-0.577056,0.711402]],[[0.703619,-0.321342,-0.633766],[-0.266569,0.707394,-0.654625],[0.658681,0.629549,0.412076]],[[0.703619,-0.321342,-0.633766],[-0.68012,-0.562884,-0.46968],[-0.205809,0.761512,-0.614607]],[[0.703619,-0.321342,-0.633766],[-0.414046,-0.910254,0.00185039],[-0.577483,0.261106,-0.773523]]],3],[8284,[0.104643,-0.756521,0.645543],828,45.7271,[-6.73557,85.5791,5.05256],[-3.01992,82.1754,-9.54733],[7.40803,12.7977,-13.7702],false,[27.1185,86.5054,21.0002],[13.1242,117.088,-19.3042],[-11.4417,99.8435,-30.4313],[-9.58882,86.4482,-19.001],[-1.02966,81.2378,-7.03905],[[[0.630856,-0.49679,-0.596004],[0.728663,0.643257,0.235095],[0.266591,-0.582597,0.767795]],[[0.613994,-0.461483,-0.640347],[-0.18455,0.704853,-0.684926],[0.767433,0.538716,0.347609]],[[0.613994,-0.461483,-0.640347],[-0.782343,-0.463367,-0.416208],[-0.104643,0.756521,-0.645543]],[[0.613994,-0.461483,-0.640347],[-0.567581,-0.821911,0.0481095],[-0.54851,0.33391,-0.766577]]],4]],[[0,200,0],[235.247,235.247,147.751]]],[3814569,1818506884830,[[828,"right",[-0.42653,0.704359,-0.567406],[-0.496918,-0.706663,-0.503685],[-8.83746,112.872,8.61302],[6.7715,9.66501,-2.23885],[-2.75436,113.991,9.31252],1,1,0.317138,[[0.718427,0.0705341,-0.692017],[0.624807,0.371837,0.686552],[0.305743,-0.925615,0.223068]],57.6853,[93.905,-145.508,88.3499],[19.1725,80.7395,33.8257]]],[[8280,[0.0785431,0.00532407,-0.996897],828,47.1806,[-12.2452,81.7232,-25.4449],[-11.9233,83.0904,-27.2247],[11.4247,18.7745,-9.57295],false,[-3.86895,73.3805,47.4708],[-3.86895,73.3805,47.4708],[-25.1061,90.4649,11.4257],[-22.6818,90.6292,-19.3451],[-7.18933,80.3776,-29.5325],[[[0.665335,0.742494,0.0776598],[-0.219527,0.095159,0.970954],[0.713538,-0.663059,0.22631]],[[0.573621,0.81762,0.0495608],[-0.670898,0.434248,0.601103],[0.469952,-0.378055,0.797634]],[[0.573621,0.81762,0.0495608],[-0.815347,0.575733,-0.0611645],[-0.0785431,-0.00532407,0.996896]],[[0.573621,0.81762,0.0495608],[-0.369158,0.312055,-0.875411],[-0.731219,0.483858,0.480832]]],0],[8281,[0.463245,-0.823097,0.328504],828,53.2381,[-38.7295,87.1203,4.77087],[-38.2958,86.911,4.23927],[17.4123,3.55956,-0.462074],false,[6.31349,92.2227,46.134],[-34.6483,131.717,11.5199],[-56.6024,107.733,-9.82233],[-46.466,89.7227,-2.63422],[-35.0564,85.5299,6.93057],[[[0.673397,0.0520986,-0.737443],[0.410224,0.803518,0.431363],[0.615023,-0.592996,0.519715]],[[0.655659,0.0689184,-0.751905],[-0.50149,0.784205,-0.365418],[0.564464,0.616663,0.548733]],[[0.655659,0.0689184,-0.751905],[-0.596251,-0.563703,-0.571597],[-0.463245,0.823097,-0.328504]],[[0.655659,0.0689184,-0.751905],[-0.161206,-0.960087,-0.228571],[-0.737648,0.271077,-0.61838]]],1],[8282,[0.283431,-0.824289,0.490117],828,60.6605,[-32.4729,84.6832,3.01409],[-31.6824,81.5005,-0.128696],[10.3415,8.82486,-8.15072],false,[14.0434,94.3517,38.3896],[-18.6514,131.832,-0.540348],[-47.0258,106.086,-21.4241],[-39.7294,84.8665,-8.80687],[-28.6861,80.0181,3.19137],[[[0.670431,-0.166245,-0.723107],[0.531567,0.787544,0.311785],[0.517647,-0.593411,0.616365]],[[0.685235,-0.183472,-0.704834],[-0.32805,0.786274,-0.5236],[0.650258,0.59001,0.478595]],[[0.685235,-0.183472,-0.704834],[-0.670909,-0.535617,-0.512831],[-0.283431,0.824289,-0.490117]],[[0.685235,-0.183472,-0.704834],[-0.330272,-0.940805,-0.0761927],[-0.649132,0.284997,-0.705269]]],2],[8283,[0.204522,-0.763253,0.612875],828,58.3267,[-16.1299,90.9396,13.0768],[-14.8533,78.1799,-0.990915],[7.8625,11.8598,-11.2599],false,[21.5119,93.5945,30.1833],[-1.2082,126.391,-10.1152],[-27.8593,101,-26.8805],[-22.7302,81.8584,-11.5105],[-12.9747,77.4101,1.57165],[[[0.697308,-0.310651,-0.645955],[0.594339,0.754337,0.278815],[0.400653,-0.578336,0.710636]],[[0.703964,-0.320357,-0.633882],[-0.265129,0.709446,-0.652988],[0.658894,0.62774,0.414488]],[[0.703964,-0.320357,-0.633882],[-0.680151,-0.561085,-0.471782],[-0.204522,0.763253,-0.612875]],[[0.703964,-0.320357,-0.633882],[-0.414475,-0.910061,-0.000363936],[-0.576754,0.262984,-0.77343]]],3],[8284,[0.103303,-0.758658,0.643247],828,45.7271,[-6.73348,85.5775,5.0443],[-2.95487,82.3347,-9.64277],[6.84275,13.5649,-12.9227],false,[27.1833,86.5991,20.9688],[13.2163,117.253,-19.2908],[-11.3551,100.063,-30.4893],[-9.52597,86.6296,-19.0997],[-0.97934,81.3781,-7.14675],[[[0.631141,-0.495838,-0.596495],[0.728607,0.642758,0.236632],[0.266071,-0.583958,0.766942]],[[0.61412,-0.460071,-0.641242],[-0.183412,0.707064,-0.68295],[0.767604,0.537025,0.34984]],[[0.61412,-0.460071,-0.641242],[-0.782422,-0.461273,-0.418381],[-0.103303,0.758658,-0.643247]],[[0.61412,-0.460071,-0.641242],[-0.568219,-0.821629,0.0453061],[-0.547707,0.336543,-0.766]]],4]],[[0,200,0],[235.247,235.247,147.751]]],[3814570,1818506894527,[[828,"right",[-0.425991,0.705468,-0.566433],[-0.496854,-0.70564,-0.505181],[-8.77367,112.991,8.6209],[6.71501,10.4281,-1.34665],[-2.82556,113.979,9.30433],1,1,0.324732,[[0.719121,0.0702511,-0.691325],[0.624303,0.371558,0.687161],[0.305141,-0.925748,0.223337]],57.6853,[93.7975,-145.474,88.3842],[19.212,80.8065,33.794]]],[[8280,[0.0777367,0.00837028,-0.996939],828,47.1806,[-12.1836,81.7769,-25.5222],[-11.8232,83.3252,-27.3247],[8.33634,22.2053,-10.9664],false,[-3.83937,73.4312,47.4135],[-3.83937,73.4312,47.4135],[-25.0208,90.6389,11.3942],[-22.6213,90.8973,-19.3779],[-7.19653,80.6818,-29.7033],[[[0.665522,0.742152,0.0793132],[-0.220045,0.0935557,0.970993],[0.713204,-0.66367,0.22557]],[[0.575258,0.816336,0.0517099],[-0.67036,0.434278,0.601681],[0.468717,-0.380786,0.797061]],[[0.575258,0.816336,0.0517099],[-0.81427,0.577517,-0.0586442],[-0.0777367,-0.00837028,0.996939]],[[0.575258,0.816336,0.0517099],[-0.372904,0.317995,-0.871677],[-0.728025,0.482157,0.487344]]],0],[8281,[0.464475,-0.822039,0.329416],828,53.2381,[-38.5892,87.0577,4.77158],[-38.1347,86.9929,4.2769],[17.3344,5.05432,1.07063],false,[6.34968,92.2724,46.1148],[-34.5803,131.839,11.5456],[-56.4584,107.791,-9.80268],[-46.295,89.804,-2.59463],[-34.8915,85.6148,6.97894],[[[0.673829,0.0531579,-0.736973],[0.410231,0.802647,0.432977],[0.614545,-0.594081,0.519039]],[[0.656328,0.069799,-0.75124],[-0.502808,0.782832,-0.366549],[0.56251,0.618306,0.54889]],[[0.656328,0.069799,-0.75124],[-0.594556,-0.565137,-0.571947],[-0.464475,0.822039,-0.329416]],[[0.656328,0.069799,-0.75124],[-0.160266,-0.96009,-0.229221],[-0.737257,0.270842,-0.618947]]],1],[8282,[0.28304,-0.825103,0.488972],828,60.6605,[-32.4391,84.5953,2.94641],[-31.6107,81.6316,-0.172151],[9.32961,10.2788,-7.26197],false,[14.0846,94.4123,38.3785],[-18.5766,131.97,-0.505343],[-46.9429,106.259,-21.4427],[-39.6565,85.0181,-8.8549],[-28.6213,80.1466,3.14135],[[[0.670788,-0.165209,-0.723014],[0.531636,0.786841,0.31344],[0.517114,-0.594633,0.615634]],[[0.685579,-0.182475,-0.704758],[-0.327699,0.787101,-0.522576],[0.650073,0.589216,0.479823]],[[0.685579,-0.182475,-0.704758],[-0.670723,-0.534704,-0.514025],[-0.28304,0.825102,-0.488972]],[[0.685579,-0.182475,-0.704758],[-0.330482,-0.940588,-0.0779516],[-0.648663,0.286352,-0.705152]]],2],[8283,[0.2029,-0.765255,0.610914],828,58.3267,[-16.1284,90.9189,13.0522],[-14.8411,78.3441,-1.10809],[5.82725,13.3082,-11.7215],false,[21.5575,93.6669,30.1751],[-1.12964,126.539,-10.0797],[-27.7997,101.241,-26.9539],[-22.7113,82.0493,-11.6331],[-12.9689,77.5649,1.44657],[[[0.697576,-0.309756,-0.646096],[0.594416,0.75367,0.280448],[0.400072,-0.579684,0.709865]],[[0.704208,-0.319466,-0.63406],[-0.263305,0.711858,-0.651098],[0.659364,0.62546,0.41718]],[[0.704208,-0.319466,-0.63406],[-0.680384,-0.558862,-0.474079],[-0.2029,0.765255,-0.610914]],[[0.704208,-0.319466,-0.63406],[-0.41514,-0.909753,-0.00269732],[-0.575977,0.265123,-0.773279]]],3],[8284,[0.101935,-0.760686,0.641066],828,45.7271,[-6.73071,85.5754,5.03345],[-2.90563,82.4915,-9.71941],[6.02311,14.0736,-11.7047],false,[27.2319,86.6856,20.9517],[13.2972,117.413,-19.2629],[-11.2819,100.278,-30.5289],[-9.47699,86.8091,-19.1779],[-0.943097,81.5172,-7.23367],[[[0.631323,-0.495007,-0.596991],[0.728673,0.642122,0.238149],[0.265456,-0.58536,0.766085]],[[0.614171,-0.458818,-0.64209],[-0.18223,0.709182,-0.681067],[0.767845,0.5353,0.351949]],[[0.614171,-0.458818,-0.64209],[-0.782562,-0.459176,-0.420422],[-0.101935,0.760686,-0.641066]],[[0.614171,-0.458818,-0.64209],[-0.568949,-0.821266,0.0426411],[-0.546891,0.339128,-0.765443]]],4]],[[0,200,0],[235.247,235.247,147.751]]],[3814571,1818506904269,[[828,"right",[-0.424883,0.706989,-0.565368],[-0.497292,-0.704156,-0.506819],[-8.72235,113.219,8.6485],[6.29029,14.2209,-0.119866],[-2.90921,113.968,9.29503],1,1,0.332232,[[0.7197,0.0699867,-0.690748],[0.623931,0.3712,0.687692],[0.304535,-0.925912,0.223486]],57.6853,[93.6506,-145.363,88.4049],[19.2132,80.9567,33.7783]]],[[8280,[0.0771334,0.011282,-0.996957],828,47.1806,[-12.1197,81.85,-25.6065],[-11.7632,83.66,-27.3812],[5.47854,27.0679,-9.96486],false,[-3.85457,73.5804,47.3695],[-3.85457,73.5804,47.3695],[-24.9828,90.9163,11.3805],[-22.6019,91.2645,-19.3921],[-7.22002,81.0626,-29.7946],[[[0.666266,0.741289,0.0811254],[-0.220552,0.0919626,0.97103],[0.712353,-0.664856,0.224764]],[[0.576963,0.814992,0.0538618],[-0.669716,0.434306,0.602378],[0.467541,-0.383622,0.796392]],[[0.576963,0.814992,0.0538618],[-0.81312,0.579362,-0.0563538],[-0.0771334,-0.011282,0.996957]],[[0.576963,0.814992,0.0538618],[-0.374211,0.322382,-0.869503],[-0.726003,0.481516,0.490981]]],0],[8281,[0.464815,-0.821546,0.330165],828,53.2381,[-38.4571,87.0285,4.77834],[-38.0114,87.2058,4.3259],[16.0051,10.0162,2.4425],false,[6.35542,92.4131,46.1127],[-34.5107,132.089,11.5927],[-56.3321,108.002,-9.7703],[-46.1613,90.0259,-2.54586],[-34.7695,85.8263,7.03705],[[[0.674346,0.0538246,-0.736452],[0.410818,0.80139,0.434744],[0.613585,-0.595715,0.518302]],[[0.657178,0.0702234,-0.750457],[-0.503325,0.782013,-0.367587],[0.561054,0.619293,0.549267]],[[0.657178,0.0702234,-0.750457],[-0.59335,-0.565801,-0.572543],[-0.464815,0.821546,-0.330165]],[[0.657178,0.0702234,-0.750457],[-0.160251,-0.95987,-0.230152],[-0.736503,0.271512,-0.619551]]],1],[8282,[0.281988,-0.826213,0.487704],828,60.6605,[-32.4036,84.5121,2.87581],[-31.5751,81.8904,-0.202951],[7.50486,15.1247,-6.23898],false,[14.0975,94.5594,38.3852],[-18.4993,132.225,-0.448083],[-46.8759,106.574,-21.4451],[-39.6166,85.3047,-8.89001],[-28.5938,80.3998,3.10405],[[[0.671062,-0.164565,-0.722907],[0.532281,0.78568,0.315253],[0.516093,-0.596344,0.614835]],[[0.685826,-0.181885,-0.70467],[-0.32671,0.788268,-0.521435],[0.65031,0.587837,0.481191]],[[0.685826,-0.181885,-0.70467],[-0.670914,-0.533189,-0.515349],[-0.281988,0.826213,-0.487704]],[[0.685826,-0.181885,-0.70467],[-0.331399,-0.940103,-0.0798845],[-0.647933,0.288314,-0.705024]]],2],[8283,[0.200292,-0.767784,0.608597],828,58.3267,[-16.1266,90.8945,13.0223],[-14.8789,78.6254,-1.22506],[2.76368,17.8166,-12.1331],false,[21.5747,93.8214,30.1851],[-1.05216,126.794,-10.0218],[-27.7635,101.623,-27.0216],[-22.7405,82.3683,-11.7589],[-13.0185,77.8323,1.31811],[[[0.697648,-0.309285,-0.646244],[0.595046,0.752504,0.282238],[0.399009,-0.581447,0.709021]],[[0.704257,-0.319016,-0.634233],[-0.260603,0.714827,-0.648929],[0.660385,0.622296,0.420285]],[[0.704257,-0.319016,-0.634233],[-0.681106,-0.555641,-0.476821],[-0.200292,0.767784,-0.608597]],[[0.704257,-0.319016,-0.634233],[-0.416724,-0.909016,-0.00550308],[-0.574772,0.268176,-0.773122]]],3],[8284,[0.10003,-0.762796,0.638855],828,45.7271,[-6.72