{"metadata":{"formatVersion":2,"generatedBy":"LeapJS Playback 0.2.1","frames":1,"frameRate":"1.0e+2","modified":"Tue Jun 02 2015 20:40:53 GMT-0300 (E. South America Standard Time)","title":"leap-playback-recording-100fps (21)"},"frames":[["id","timestamp",{"hands":[["id","type","direction","palmNormal","palmPosition","palmVelocity","stabilizedPalmPosition","pinchStrength","grabStrength","confidence","armBasis","armWidth","elbow","wrist"]]},{"pointables":[["id","direction","handId","length","stabilizedTipPosition","tipPosition","tipVelocity","tool","carpPosition","mcpPosition","pipPosition","dipPosition","btipPosition","bases","type"]]},{"interactionBox":["center","size"]}],[3818098,1818541540250,[[831,"right",[-0.907001,-0.297225,-0.298339],[0.212852,-0.93483,0.284232],[4.82472,100.088,-22.6476],[-21.6538,-24.6942,1.23581],[4.34912,101.517,-19.021],0.857512,1,0.132092,[[0.244504,-0.146803,-0.958471],[0.385349,0.921774,-0.0428804],[0.889789,-0.358861,0.281948]],63.72,[295.896,21.8033,61.4152],[55.6532,118.696,-14.7107]]],[[8310,[-0.532247,-0.809722,-0.247111],831,52.1164,[-8.88762,35.9548,-3.93717],[-6.87559,33.6326,-4.13851],[-34.3451,-17.5915,-63.9912],false,[50.6965,115.156,15.3553],[50.6965,115.156,15.3553],[20.5187,76.0563,8.12391],[2.37144,48.4483,-0.301488],[-9.31191,29.3302,-7.06356],[[[-0.221144,0.699954,-0.679087],[-0.0336635,0.690434,0.722612],[0.97466,0.182662,-0.129122]],[[-0.597025,0.56595,-0.568561],[-0.52733,0.257237,0.809785],[0.604553,0.783281,0.144866]],[[-0.597025,0.56595,-0.568561],[-0.600229,0.155083,0.784649],[0.532247,0.809722,0.247111]],[[-0.597025,0.56595,-0.568561],[-0.627972,0.111332,0.770231],[0.499211,0.816888,0.288933]]],0],[8311,[0.951614,-0.135982,0.275571],831,58.8075,[5.9939,64.5182,4.67957],[2.97358,62.2826,8.59189],[-93.369,-49.4891,0.891405],false,[39.76,128.687,-0.74359],[-27.4087,99.5409,-7.90887],[-31.5684,57.7271,1.03947],[-8.5675,54.4404,7.70012],[5.4846,64.0743,8.98218],[[[0.205931,-0.241443,-0.948313],[-0.352182,0.885862,-0.302021],[0.912995,0.396175,0.0973945]],[[0.241031,-0.225965,-0.943845],[-0.965676,0.0411825,-0.256466],[0.0968223,0.973264,-0.208283]],[[0.241031,-0.225965,-0.943845],[-0.190615,-0.964598,0.182256],[-0.951614,0.135982,-0.275571]],[[0.241031,-0.225965,-0.943845],[0.515243,-0.794354,0.321754],[-0.822453,-0.563863,-0.0750372]]],1],[8312,[0.904057,-0.109255,0.413212],831,67.0064,[14.5926,60.5787,-3.24944],[11.381,57.4244,0.122103],[-60.8446,-36.2066,4.06245],false,[41.1311,127.021,-12.8663],[-19.9661,97.248,-28.6231],[-26.8065,52.0506,-13.3366],[-1.09835,48.9437,-1.58628],[14.3605,59.4142,0.543033],[[[0.384388,-0.333155,-0.860961],[-0.292167,0.840773,-0.455785],[0.875719,0.426743,0.225846]],[[0.354787,-0.347287,-0.868054],[-0.924114,0.0106705,-0.381969],[0.141915,0.937698,-0.317146]],[[0.354787,-0.347287,-0.868054],[-0.238343,-0.931373,0.275204],[-0.904057,0.109255,-0.413212]],[[0.354787,-0.347287,-0.868054],[0.444306,-0.754287,0.483366],[-0.822629,-0.557174,-0.11331]]],2],[8313,[0.804831,-0.0478197,0.591575],831,64.4285,[23.2144,64.8042,-15.5494],[20.6444,60.4514,-13.3049],[-40.8099,-32.4856,11.0055],false,[44.8487,123.355,-23.9871],[-6.17369,94.919,-46.6118],[-12.6623,52.6121,-33.7943],[9.63316,51.2874,-17.4065],[23.4831,62.7325,-12.2801],[[[0.529991,-0.329152,-0.781517],[-0.235893,0.827997,-0.5087],[0.814533,0.453961,0.361186]],[[0.549091,-0.318333,-0.772764],[-0.823049,-0.0452963,-0.566161],[0.145224,0.946896,-0.286875]],[[0.549091,-0.318333,-0.772764],[-0.225271,-0.946772,0.229947],[-0.804831,0.0478197,-0.591575]],[[0.549091,-0.318333,-0.772764],[0.386022,-0.723486,0.572324],[-0.741273,-0.612562,-0.274376]]],3],[8314,[0.599038,0.0288469,0.800201],831,50.5107,[24.0717,70.9677,-31.1481],[22.0365,66.0471,-29.1068],[-26.3309,-32.6731,11.6267],false,[52.8797,114.754,-31.9925],[9.16292,89.5502,-60.556],[1.88567,56.4307,-50.5352],[13.6021,56.9949,-34.8843],[24.0955,68.501,-27.4946],[[[0.652345,-0.406653,-0.639594],[-0.077693,0.803554,-0.59014],[0.75393,0.434667,0.4926]],[[0.759914,-0.335438,-0.556787],[-0.616581,-0.100767,-0.780816],[0.205809,0.936658,-0.283399]],[[0.759914,-0.335438,-0.556787],[-0.252356,-0.941621,0.222861],[-0.599038,-0.0288468,-0.800201]],[[0.759914,-0.335438,-0.556787],[0.227867,-0.664742,0.711474],[-0.608775,-0.667533,-0.428712]]],4]],[[0,200,0],[235.247,235.247,147.751]]]]}