{"metadata":{"formatVersion":2,"generatedBy":"LeapJS Playback 0.2.1","frames":1,"frameRate":"1.1e+2","modified":"Tue Jun 02 2015 19:34:11 GMT-0300 (E. South America Standard Time)","title":"leap-playback-recording-110fps"},"frames":[["id","timestamp",{"hands":[["id","type","direction","palmNormal","palmPosition","palmVelocity","stabilizedPalmPosition","pinchStrength","grabStrength","confidence","armBasis","armWidth","elbow","wrist"]]},{"pointables":[["id","direction","handId","length","stabilizedTipPosition","tipPosition","tipVelocity","tool","carpPosition","mcpPosition","pipPosition","dipPosition","btipPosition","bases","type"]]},{"interactionBox":["center","size"]}],[3643046,1816849556204,[[703,"right",[0.0930591,0.985463,-0.142136],[-0.170333,-0.124894,-0.97744],[5.27514,101.733,-4.26357],[-1.34548,0.0156399,-2.26401],[3.99499,103.24,-2.96848],0.496275,1,0.941144,[[0.789097,0.109665,-0.604401],[0.167728,0.908078,0.383748],[0.590927,-0.404189,0.698167]],57.557,[152.274,-45.2161,175.681],[8.15518,53.3596,5.40781]]],[[7030,[0.120409,0.797963,-0.590557],703,47.0757,[-30.345,127.754,-40.4325],[-27.4069,127.427,-43.3604],[-5.50667,8.85894,4.36061],false,[-19.0552,52.0609,0.334964],[-19.0552,52.0609,0.334964],[-35.5558,91.2266,-14.7265],[-31.8474,115.802,-32.9144],[-25.8496,130.924,-46.4146],[[[0.565254,0.25766,0.783645],[-0.749631,-0.236049,0.618332],[0.344298,-0.936959,0.0597229]],[[0.462625,0.481236,0.744574],[-0.807501,-0.117945,0.577954],[0.365951,-0.86862,0.334034]],[[0.462625,0.481236,0.744574],[-0.878339,0.36286,0.311212],[-0.120409,-0.797963,0.590557]],[[0.462625,0.481236,0.744574],[-0.83993,0.506685,0.19439],[-0.283717,-0.71532,0.63861]]],0],[7031,[-0.0387351,-0.990482,0.132083],703,53.1196,[-21.628,95.5581,-27.4072],[-20.6107,91.075,-28.9779],[-0.181303,0.923891,-4.11019],false,[-8.00056,62.9528,15.0866],[-14.4752,126.836,-2.03326],[-20.4803,120.758,-39.8881],[-21.326,99.1336,-37.0043],[-20.3693,88.121,-26.2346],[[[0.982681,0.051926,-0.177881],[0.157624,0.27049,0.949732],[0.0974307,-0.961322,0.25762]],[[0.987378,-0.0582538,-0.147281],[0.0337573,0.98594,-0.163657],[0.154743,0.15662,0.975461]],[[0.987378,-0.0582538,-0.147281],[-0.153573,-0.124711,-0.980236],[0.0387351,0.990482,-0.132083]],[[0.987378,-0.0582538,-0.147281],[-0.145747,-0.698155,-0.700954],[-0.0619914,0.713572,-0.697833]]],1],[7032,[-0.0358501,-0.9891,0.142815],703,60.5256,[-8.99393,90.3563,-31.682],[-7.39115,84.4813,-31.7199],[-1.15484,0.74536,-2.25102],false,[3.00211,64.4515,14.4527],[5.38187,124.888,-3.24852],[-8.64676,118.803,-44.0133],[-9.5676,93.3968,-40.345],[-6.71837,81.3772,-28.7027],[[[0.945444,-0.125307,-0.300722],[0.323589,0.254203,0.911411],[-0.037762,-0.958999,0.280883]],[[0.94617,-0.0795933,-0.31373],[0.0306764,0.986982,-0.157881],[0.322212,0.139758,0.936294]],[[0.94617,-0.0795933,-0.31373],[-0.321678,-0.12388,-0.93871],[0.0358501,0.9891,-0.142815]],[[0.94617,-0.0795933,-0.31373],[-0.276743,-0.701612,-0.656623],[-0.167854,0.7081,-0.685871]]],2],[7033,[-0.204305,-0.971385,0.121124],703,58.1969,[3.15251,82.4508,-29.7409],[4.75281,78.9811,-31.5851],[0.114443,0.431826,-1.13693],false,[13.7332,63.9852,11.6651],[24.2052,116.872,-5.50453],[9.31914,113.074,-42.8242],[4.20687,88.7671,-39.7934],[5.07129,76.0604,-28.72],[[[0.90248,-0.28387,-0.323955],[0.388941,0.2139,0.896087],[-0.185078,-0.9347,0.30345]],[[0.911018,-0.233952,-0.339577],[0.18438,0.967683,-0.17203],[0.368849,0.0941112,0.924713]],[[0.911018,-0.233952,-0.339577],[-0.358197,-0.0409692,-0.932747],[0.204305,0.971385,-0.121124]],[[0.911018,-0.233952,-0.339577],[-0.409173,-0.615137,-0.673932],[-0.0512188,0.75291,-0.656128]]],3],[7034,[-0.344257,-0.930749,0.123259],703,45.6253,[16.1845,86.2374,-29.2372],[18.9093,82.2988,-29.7125],[-0.829815,0.197035,0.416613],false,[22.9167,59.8233,3.68939],[39.9759,107.116,-10.9984],[24.966,108.049,-39.1755],[18.884,91.605,-36.9979],[18.9957,79.5964,-27.0885],[[[0.798241,-0.421558,-0.430233],[0.506686,0.0837198,0.858056],[-0.325701,-0.902929,0.280426]],[[0.817789,-0.361754,-0.447611],[0.332215,0.931816,-0.146123],[0.469952,-0.0292052,0.882209]],[[0.817789,-0.361754,-0.447611],[-0.461203,0.0532936,-0.885692],[0.344257,0.930749,-0.123259]],[[0.817789,-0.361754,-0.447611],[-0.575474,-0.523698,-0.628148],[-0.00717834,0.771281,-0.636454]]],4]],[[0,200,0],[235.247,235.247,147.751]]]]}