{"metadata":{"formatVersion":2,"generatedBy":"LeapJS Playback 0.2.1","frames":1,"frameRate":"1.1e+2","modified":"Tue Jun 02 2015 19:33:23 GMT-0300 (E. South America Standard Time)","title":"leap-playback-recording-110fps"},"frames":[["id","timestamp",{"hands":[["id","type","direction","palmNormal","palmPosition","palmVelocity","stabilizedPalmPosition","pinchStrength","grabStrength","confidence","armBasis","armWidth","elbow","wrist"]]},{"pointables":[["id","direction","handId","length","stabilizedTipPosition","tipPosition","tipVelocity","tool","carpPosition","mcpPosition","pipPosition","dipPosition","btipPosition","bases","type"]]},{"interactionBox":["center","size"]}],[3642634,1816845778201,[[703,"right",[0.108969,0.991347,-0.0731861],[-0.510811,-0.00731615,-0.859662],[4.55945,97.2895,1.27475],[19.6176,12.4009,-59.3645],[4.02577,108.229,2.52927],0.390235,1,0.155756,[[0.759153,-0.0821948,-0.645702],[0.246436,0.954445,0.168239],[0.602458,-0.286844,0.744825]],57.557,[154.04,-21.8965,186.37],[7.10918,48.0606,4.71785]]],[[7030,[-0.15661,0.864821,-0.477031],703,47.0757,[-40.5139,127.528,-30.8317],[-37.5812,128.594,-30.2746],[52.437,4.84951,-119.146],false,[-20.17,48.2999,9.57712],[-20.17,48.2999,9.57712],[-32.1857,88.5215,-6.88237],[-37.009,115.156,-21.5739],[-37.3792,132.112,-34.1942],[[[0.821294,0.147249,0.551175],[-0.500381,-0.278139,0.819913],[0.274035,-0.949187,-0.154753]],[[0.691968,0.44071,0.5718],[-0.670943,0.10022,0.734705],[0.266486,-0.892038,0.36504]],[[0.691968,0.44071,0.5718],[-0.704736,0.240541,0.667448],[0.15661,-0.864821,0.477031]],[[0.691968,0.44071,0.5718],[-0.721715,0.403084,0.562717],[0.0175117,-0.802059,0.596988]]],0],[7031,[0.0776578,-0.996975,-0.00310872],703,53.1196,[-29.3252,103.765,-15.4146],[-25.4232,89.7141,-14.6852],[29.1556,21.9478,-80.9076],false,[-3.88219,57.0562,20.3698],[-11.2676,122.655,12.7329],[-31.091,120.331,-20.548],[-29.3956,98.5645,-20.6159],[-23.6806,86.6151,-12.6956],[[[0.858949,0.037249,-0.510704],[0.499855,0.155469,0.852041],[0.111136,-0.987138,0.114921]],[[0.855039,0.0682049,-0.514058],[-0.0892809,0.995872,-0.0163705],[0.51082,0.059893,0.857599]],[[0.855039,0.0682049,-0.514058],[-0.512716,-0.0372626,-0.85775],[-0.0776578,0.996975,0.00310872]],[[0.855039,0.0682049,-0.514058],[-0.363019,-0.629164,-0.687291],[-0.370304,0.774274,-0.513201]]],1],[7032,[-0.102626,-0.988781,0.108535],703,60.5256,[-22.1709,97.0278,-21.1229],[-19.8316,82.9232,-19.5991],[28.6779,20.7724,-70.957],false,[6.27803,58.2304,15.9997],[6.70451,120.162,4.34469],[-20.9406,118.172,-29.2318],[-23.5767,92.7742,-26.444],[-18.5413,79.531,-17.0955],[[[0.768184,-0.123513,-0.628202],[0.640193,0.137818,0.755751],[-0.00676732,-0.982726,0.184941]],[[0.767773,-0.148112,-0.623367],[0.0857347,0.987914,-0.129133],[0.63496,0.0457006,0.771192]],[[0.767773,-0.148112,-0.623367],[-0.632449,-0.0193568,-0.77436],[0.102626,0.988781,-0.108535]],[[0.767773,-0.148112,-0.623367],[-0.567913,-0.607761,-0.555069],[-0.296646,0.780186,-0.550737]]],2],[7033,[-0.253993,-0.952377,0.168714],703,58.1969,[-9.21708,86.7974,-20.2451],[-8.21047,77.595,-23.5885],[32.2278,22.2258,-66.9154],false,[15.2863,57.7068,9.54041],[22.9039,111.798,-5.2098],[-4.29011,111.773,-35.0304],[-10.6457,87.9418,-30.8087],[-7.44185,74.5755,-21.0156],[[[0.708355,-0.276818,-0.649311],[0.692898,0.0972438,0.714448],[-0.134631,-0.955989,0.26069]],[[0.704597,-0.301692,-0.642281],[0.222519,0.953405,-0.203726],[0.673817,0.000625007,0.738898]],[[0.704597,-0.301692,-0.642281],[-0.662594,0.0442596,-0.74767],[0.253993,0.952377,-0.168714]],[[0.704597,-0.301692,-0.642281],[-0.683744,-0.530784,-0.500762],[-0.189836,0.791991,-0.580269]]],3],[7034,[-0.435236,-0.866505,0.244415],703,45.6253,[2.72504,86.926,-20.985],[4.3663,80.9679,-26.4339],[30.7326,24.2111,-65.9355],false,[20.7611,54.1556,-1.53594],[34.991,102.18,-16.8492],[11.1983,105.986,-37.8144],[3.50894,90.6777,-33.4963],[4.64187,78.2016,-24.251],[[[0.563723,-0.39784,-0.723837],[0.780004,-0.0318394,0.624965],[-0.271682,-0.916902,0.292368]],[[0.540643,-0.468624,-0.698639],[0.390866,0.875323,-0.284665],[0.744935,-0.119172,0.656406]],[[0.540643,-0.468624,-0.698639],[-0.719913,0.171932,-0.672432],[0.435236,0.866505,-0.244415]],[[0.540643,-0.468624,-0.698639],[-0.838099,-0.371873,-0.399125],[-0.0727656,0.801313,-0.593804]]],4]],[[0,200,0],[235.247,235.247,147.751]]]]}