{"metadata":{"formatVersion":2,"generatedBy":"LeapJS Playback 0.2.1","frames":1,"frameRate":"1.1e+2","modified":"Tue Jun 02 2015 19:36:15 GMT-0300 (E. South America Standard Time)","title":"leap-playback-recording-110fps (1)"},"frames":[["id","timestamp",{"hands":[["id","type","direction","palmNormal","palmPosition","palmVelocity","stabilizedPalmPosition","pinchStrength","grabStrength","confidence","armBasis","armWidth","elbow","wrist"]]},{"pointables":[["id","direction","handId","length","stabilizedTipPosition","tipPosition","tipVelocity","tool","carpPosition","mcpPosition","pipPosition","dipPosition","btipPosition","bases","type"]]},{"interactionBox":["center","size"]}],[3654806,1816957754999,[[707,"right",[-0.552953,0.764284,-0.331833],[-0.662912,-0.644809,-0.380486],[27.6335,123.14,7.48983],[-3.53084,-3.78257,10.5714],[24.861,126.12,5.5829],0,1,0.607766,[[0.625503,-0.121804,-0.770655],[0.519447,0.802022,0.294848],[0.582169,-0.584743,0.564938]],58.61,[205.852,-57.5461,159.732],[61.2717,87.6734,19.4314]]],[[7070,[-0.889283,0.237567,-0.390816],707,47.9369,[-42.726,112.637,-0.692213],[-39.2063,101.292,9.44788],[-2.80151,-7.24707,4.0813],false,[43.1909,79.1136,39.3309],[43.1909,79.1136,39.3309],[-0.721663,91.2176,33.5585],[-28.6108,98.668,21.302],[-42.3378,102.054,5.06913],[[[0.688144,0.722014,-0.0717845],[0.106027,-0.00219143,0.994361],[0.717785,-0.691875,-0.0780611]],[[0.268877,0.962809,-0.026548],[-0.114047,0.0591939,0.99171],[0.956399,-0.26362,0.125721]],[[0.268877,0.962809,-0.026548],[-0.369974,0.12869,0.920086],[0.889283,-0.237567,0.390816]],[[0.268877,0.962809,-0.026548],[-0.721857,0.219683,0.656248],[0.637674,-0.157286,0.754078]]],0],[7071,[-0.811529,-0.119139,-0.572037],707,54.0915,[-29.027,163.351,-12.9151],[-30.1859,163.099,-5.91533],[-3.7295,-2.90574,3.73039],false,[53.4158,98.1619,36.5043],[4.61086,142.217,20.4927],[-8.3368,177.654,8.73578],[-26.3788,175.005,-3.98179],[-31.09,160.194,-6.30804],[[[0.40476,0.118876,-0.906663],[0.562144,0.749679,0.34925],[0.721223,-0.651038,0.236615]],[[0.580794,-0.0572052,-0.812038],[0.745202,0.438857,0.502075],[0.327647,-0.896734,0.297515]],[[0.580794,-0.0572052,-0.812038],[-0.0640222,0.991228,-0.115619],[0.811529,0.119139,0.572037]],[[0.580794,-0.0572052,-0.812038],[-0.75684,0.329408,-0.564521],[0.299785,0.942453,0.148023]]],1],[7072,[-0.872165,-0.180288,-0.45478],707,61.6329,[-23.5079,164.811,-25.4191],[-25.9401,163.809,-24.5841],[1.2559,-5.34743,-2.89562],false,[58.4402,101.02,26.7647],[16.0969,143.382,3.72827],[1.37472,181.637,-13.1656],[-21.4376,176.922,-25.0608],[-26.8781,160.525,-24.4893],[[[0.396677,-0.09973,-0.912525],[0.638179,0.744508,0.19605],[0.65983,-0.660123,0.358974]],[[0.484566,-0.190544,-0.85375],[0.809276,0.468146,0.35484],[0.332067,-0.862863,0.38105]],[[0.484566,-0.190544,-0.85375],[-0.0672648,0.964982,-0.253547],[0.872165,0.180288,0.45478]],[[0.484566,-0.190544,-0.85375],[-0.816165,0.2527,-0.519632],[0.314756,0.948597,-0.0330655]]],2],[7073,[-0.757373,-0.624023,-0.192303],707,59.2617,[-6.352,139.568,-30.7238],[-8.38334,140.317,-28.5659],[-3.4526,-4.01245,5.23567],false,[62.9312,101.014,16.3954],[29.5248,138.655,-11.6551],[7.2064,169.089,-27.9203],[-12.0918,153.189,-32.8203],[-7.24347,137.637,-27.346],[[[0.440208,-0.251624,-0.861918],[0.685598,0.714057,0.141697],[0.579805,-0.653305,0.486846]],[[0.389513,-0.195382,-0.900058],[0.743876,0.642959,0.182352],[0.543072,-0.740561,0.395781]],[[0.389513,-0.195382,-0.900058],[-0.524085,0.756585,-0.391042],[0.757373,0.624023,0.192303]],[[0.389513,-0.195382,-0.900058],[-0.87675,-0.377995,-0.297372],[-0.282116,0.904956,-0.318535]]],3],[7074,[-0.848195,-0.523079,-0.0833869],707,46.4601,[12.7543,136.368,-36.4856],[10.8411,134.662,-34.6615],[0.370141,-5.40695,7.26239],false,[65.0811,94.8313,5.05834],[40.0089,130.19,-26.0189],[23.8979,156.287,-36.8431],[8.63858,146.877,-38.3433],[11.7172,132.019,-33.7437],[[[0.384983,-0.440047,-0.811263],[0.794233,0.605686,0.0483637],[0.470088,-0.662951,0.582678]],[[0.241093,-0.241079,-0.940083],[0.834559,0.545922,0.0740321],[0.495364,-0.802403,0.332812]],[[0.241093,-0.241079,-0.940083],[-0.471635,0.817477,-0.330592],[0.848195,0.523079,0.0833869]],[[0.241093,-0.241079,-0.940083],[-0.950878,-0.252487,-0.179113],[-0.194178,0.937087,-0.290109]]],4]],[[0,200,0],[235.247,235.247,147.751]]]]}