{"metadata":{"formatVersion":2,"generatedBy":"LeapJS Playback 0.2.1","frames":1,"frameRate":"1.1e+2","modified":"Tue Jun 02 2015 19:35:56 GMT-0300 (E. South America Standard Time)","title":"leap-playback-recording-110fps (1)"},"frames":[["id","timestamp",{"hands":[["id","type","direction","palmNormal","palmPosition","palmVelocity","stabilizedPalmPosition","pinchStrength","grabStrength","confidence","armBasis","armWidth","elbow","wrist"]]},{"pointables":[["id","direction","handId","length","stabilizedTipPosition","tipPosition","tipVelocity","tool","carpPosition","mcpPosition","pipPosition","dipPosition","btipPosition","bases","type"]]},{"interactionBox":["center","size"]}],[3654715,1816956914348,[[707,"right",[-0.515538,0.805836,-0.291288],[-0.663894,-0.590565,-0.458778],[26.227,126.373,4.48032],[4.03625,-0.667472,6.0029],[23.8708,126.651,5.26262],0.0528617,1,0.531108,[[0.669602,-0.0735433,-0.73907],[0.470187,0.812272,0.345164],[0.574942,-0.578623,0.578478]],58.61,[201.055,-54.7029,158.549],[58.2698,88.9967,14.8857]]],[[7070,[-0.830993,0.29062,-0.474333],707,47.9369,[-43.5147,114.593,-2.38429],[-41.9232,106.515,6.46323],[6.37488,-5.90621,5.36166],false,[39.0924,79.4627,33.257],[39.0924,79.4627,33.257],[-4.69787,93.209,31.9945],[-30.7589,102.323,17.1188],[-45.0764,107.789,2.00151],[[[0.711195,0.702819,0.0157118],[0.0621225,-0.0850938,0.994434],[0.700245,-0.706261,-0.104179]],[[0.297257,0.95272,0.0629546],[-0.0450446,-0.0518684,0.997638],[0.953734,-0.29939,0.0274967]],[[0.297257,0.95272,0.0629546],[-0.470202,0.0886837,0.878092],[0.830993,-0.29062,0.474333]],[[0.297257,0.95272,0.0629546],[-0.685037,0.166879,0.709137],[0.665103,-0.253922,0.702255]]],0],[7071,[-0.779514,-0.159723,-0.605678],707,54.0915,[-29.177,163.005,-14.5747],[-29.5798,165.489,-7.81055],[3.26542,-5.35212,6.57762],false,[49.9774,98.3355,32.4138],[3.21564,145.084,18.0241],[-9.28267,181.128,7.71458],[-26.6129,177.577,-5.7509],[-29.7026,162.322,-7.92496],[[[0.447474,0.177823,-0.87644],[0.567667,0.700798,0.432014],[0.691029,-0.690841,0.212645]],[[0.61507,-0.0122214,-0.788378],[0.722259,0.40981,0.557133],[0.316276,-0.912089,0.260889]],[[0.61507,-0.0122214,-0.788378],[-0.11852,0.987086,-0.107768],[0.779514,0.159723,0.605678]],[[0.61507,-0.0122214,-0.788378],[-0.763567,0.240088,-0.599435],[0.196606,0.970674,0.138339]]],1],[7072,[-0.840234,-0.247317,-0.482537],707,61.6329,[-23.008,164.011,-25.7206],[-24.8885,165.875,-26.2766],[2.09379,-6.72518,4.92158],false,[55.5053,101.799,23.1554],[15.4561,147.214,1.90058],[0.586084,185.732,-14.2496],[-21.391,179.263,-26.8708],[-25.0045,162.376,-26.1385],[[[0.433347,-0.0392394,-0.900373],[0.650179,0.705435,0.282186],[0.624082,-0.707688,0.331211]],[[0.525018,-0.148679,-0.838004],[0.782216,0.472319,0.406267],[0.335402,-0.868798,0.364275]],[[0.525018,-0.148679,-0.838004],[-0.135509,0.95746,-0.254771],[0.840234,0.247317,0.482537]],[[0.525018,-0.148679,-0.838004],[-0.825018,0.152941,-0.544017],[0.209049,0.976987,-0.0423662]]],2],[7073,[-0.624998,-0.759691,-0.179575],707,59.2617,[-6.11384,138.794,-32.5516],[-9.39086,137.239,-30.8279],[1.99345,-7.4232,7.04903],false,[60.4456,102.476,13.0149],[29.4049,143.3,-13.2458],[1.73598,168.429,-30.3296],[-14.1893,149.072,-34.9053],[-8.0094,133.936,-29.6092],[[[0.470208,-0.19602,-0.860512],[0.699041,0.67791,0.227551],[0.538745,-0.70853,0.455785]],[[0.425812,-0.138975,-0.894075],[0.60448,0.77896,0.166808],[0.673266,-0.61148,0.415698]],[[0.425812,-0.138975,-0.894075],[-0.654264,0.63526,-0.410345],[0.624998,0.759691,0.179575]],[[0.425812,-0.138975,-0.894075],[-0.830287,-0.452724,-0.325061],[-0.359594,0.880754,-0.308165]]],3],[7074,[-0.753114,-0.650461,-0.0985859],707,46.4601,[12.8178,137.03,-37.5945],[9.76596,135.487,-36.974],[2.72272,-4.82314,6.75617],false,[62.9121,97.1538,1.31204],[40.2612,135.675,-27.8027],[20.1791,158.95,-38.4219],[6.63032,147.248,-40.1955],[10.7686,132.515,-36.0525],[[[0.407392,-0.386005,-0.827666],[0.808498,0.573891,0.130308],[0.424691,-0.722253,0.545883]],[[0.283075,-0.185118,-0.941063],[0.733899,0.673499,0.088274],[0.617464,-0.715633,0.326508]],[[0.283075,-0.185118,-0.941063],[-0.593875,0.736636,-0.323544],[0.753114,0.650461,0.0985859]],[[0.283075,-0.185118,-0.941063],[-0.922898,-0.319603,-0.214741],[-0.261014,0.929293,-0.261316]]],4]],[[0,200,0],[235.247,235.247,147.751]]]]}