{"metadata":{"formatVersion":2,"generatedBy":"LeapJS Playback 0.2.1","frames":1,"frameRate":"1.1e+2","modified":"Tue Jun 02 2015 19:38:52 GMT-0300 (E. South America Standard Time)","title":"leap-playback-recording-110fps (3)"},"frames":[["id","timestamp",{"hands":[["id","type","direction","palmNormal","palmPosition","palmVelocity","stabilizedPalmPosition","pinchStrength","grabStrength","confidence","armBasis","armWidth","elbow","wrist"]]},{"pointables":[["id","direction","handId","length","stabilizedTipPosition","tipPosition","tipVelocity","tool","carpPosition","mcpPosition","pipPosition","dipPosition","btipPosition","bases","type"]]},{"interactionBox":["center","size"]}],[3663911,1817041495935,[[711,"right",[-0.156138,0.705074,-0.691731],[0.287211,-0.637651,-0.71478],[9.28335,74.3764,9.06129],[-1.39891,0.224816,-0.00689092],[14.0912,74.1091,8.77108],0.534808,1,0.439557,[[0.885502,0.457725,0.0798344],[-0.139531,0.0980721,0.985349],[0.44319,-0.883668,0.15071]],58.61,[132.589,-175.392,84.4097],[22.5236,44.0649,46.9812]]],[[7110,[-0.178943,0.672793,-0.717864],711,47.9369,[-12.2108,66.6088,-17.6071],[-22.5104,76.7846,-10.591],[-6.48161,5.05106,-3.52533],false,[1.08702,27.3753,39.3586],[1.08702,27.3753,39.3586],[-31.5308,52.8388,19.4632],[-37.1427,73.9385,-3.04997],[-18.5993,78.1898,-13.1232],[[[0.0929315,0.83277,0.545764],[-0.828085,-0.239708,0.50677],[0.552846,-0.499034,0.667328]],[[0.182318,0.73968,0.647792],[-0.679769,-0.381194,0.626582],[0.710404,-0.554586,0.433313]],[[0.182318,0.73968,0.647792],[-0.966819,0.0149615,0.255022],[0.178943,-0.672793,0.717864]],[[0.182318,0.73968,0.647792],[-0.474059,0.643329,-0.601162],[-0.861411,-0.197489,0.467942]]],0],[7111,[0.232017,-0.286559,-0.929544],711,54.0915,[-15.5345,98.5908,-41.981],[-17.6956,102.122,-40.9924],[-1.83831,1.04828,0.702622],false,[1.39564,48.085,46.1695],[-16.6407,84.7123,-7.79646],[-26.2294,120.055,-22.6468],[-21.0712,113.684,-43.3125],[-16.6714,98.9814,-39.9304],[[[0.905424,0.424255,-0.0146612],[-0.330404,0.725975,0.603153],[0.266535,-0.541265,0.797491]],[[0.939679,0.312954,0.13807],[-0.241092,0.319625,0.916359],[0.242647,-0.894371,0.375795]],[[0.939679,0.312954,0.13807],[-0.251339,0.905508,-0.341884],[-0.232017,0.286559,0.929544]],[[0.939679,0.312954,0.13807],[0.196525,-0.16357,-0.966759],[-0.279967,0.935577,-0.215207]]],1],[7112,[0.0861995,-0.247835,-0.96496],711,61.6329,[2.28229,109.491,-44.981],[-0.240388,113.415,-43.886],[-2.5355,2.63134,-3.16915],false,[10.8783,54.2683,46.5175],[1.91743,92.3366,-4.36156],[-4.81896,133.205,-20.1717],[-2.56433,126.723,-45.4111],[0.457287,109.754,-44.1033],[[[0.97608,0.217209,-0.00938918],[-0.166643,0.775189,0.609354],[0.139635,-0.593213,0.792843]],[[0.983079,0.178298,0.0420249],[-0.102322,0.344186,0.933309],[0.151943,-0.921816,0.356606]],[[0.983079,0.178298,0.0420249],[-0.161635,0.952254,-0.25901],[-0.0861995,0.247835,0.96496]],[[0.983079,0.178298,0.0420249],[0.0547465,-0.0670385,-0.996247],[-0.174812,0.98169,-0.0756654]]],2],[7113,[-0.0192618,-0.197575,-0.980098],711,59.2617,[20.6641,110.075,-40.0009],[16.6754,114.422,-36.6264],[-0.0826651,1.28619,-1.33787],false,[21.6103,57.8003,46.3183],[21.8416,94.3903,1.81219],[14.9239,132.651,-11.4997],[14.4331,127.616,-36.4731],[17.169,110.655,-36.883],[[[0.995756,0.068486,0.0614778],[-0.0919442,0.769421,0.632089],[-0.00401304,-0.635059,0.772453]],[[0.985724,0.160244,-0.0516755],[-0.00379657,0.327993,0.944673],[0.168327,-0.93099,0.323918]],[[0.985724,0.160244,-0.0516755],[-0.167265,0.967102,-0.191668],[0.0192618,0.197575,0.980098]],[[0.985724,0.160244,-0.0516755],[-0.0548233,0.0152818,-0.998379],[-0.159195,0.986959,0.0238487]]],3],[7114,[-0.133783,-0.0929371,-0.986643],711,46.4601,[41.1208,105.021,-25.544],[36.3045,109.651,-21.4981],[-1.91143,1.13588,-2.59579],false,[34.2509,55.2909,44.0181],[40.9495,92.0824,5.98982],[38.3062,123.449,-2.19281],[35.8994,121.777,-19.9428],[36.2706,106.153,-22.6155],[[[0.990011,-0.133554,0.0451774],[0.0640606,0.711558,0.699701],[-0.125594,-0.689818,0.713006]],[[0.989225,0.047212,-0.13858],[0.12177,0.260143,0.957861],[0.081273,-0.964415,0.251591]],[[0.989225,0.047212,-0.13858],[-0.0594606,0.994552,-0.0856196],[0.133783,0.0929371,0.986643]],[[0.989225,0.047212,-0.13858],[-0.144517,0.163514,-0.975899],[-0.0234143,0.985411,0.168575]]],4]],[[0,200,0],[235.247,235.247,147.751]]]]}