{"metadata":{"formatVersion":2,"generatedBy":"LeapJS Playback 0.2.1","frames":1,"frameRate":"1.1e+2","modified":"Tue Jun 02 2015 19:38:37 GMT-0300 (E. South America Standard Time)","title":"leap-playback-recording-110fps (3)"},"frames":[["id","timestamp",{"hands":[["id","type","direction","palmNormal","palmPosition","palmVelocity","stabilizedPalmPosition","pinchStrength","grabStrength","confidence","armBasis","armWidth","elbow","wrist"]]},{"pointables":[["id","direction","handId","length","stabilizedTipPosition","tipPosition","tipVelocity","tool","carpPosition","mcpPosition","pipPosition","dipPosition","btipPosition","bases","type"]]},{"interactionBox":["center","size"]}],[3663750,1817040004541,[[711,"right",[-0.179805,0.623903,-0.760536],[0.211759,-0.730461,-0.649295],[15.1933,74.1539,8.04631],[-0.551664,-23.5667,8.31282],[14.9634,77.9404,12.9527],0.395251,1,0.637618,[[0.914409,0.404349,-0.0189075],[-0.0409753,0.13893,0.989454],[0.402711,-0.903991,0.143607]],58.61,[130.031,-176.489,84.0718],[30.0181,48.0152,48.4072]]],[[7110,[0.0167647,0.378968,-0.925258],711,47.9369,[-5.51696,61.7217,-20.731],[-4.61052,59.377,-20.8926],[-0.130294,-28.7332,9.96122],false,[7.49791,31.5108,44.3307],[7.49791,31.5108,44.3307],[-21.6168,48.1275,12.9562],[-21.0911,60.0124,-16.0611],[-0.283329,59.6395,-21.5657],[[[0.16207,0.886873,0.432654],[-0.797647,-0.140384,0.586559],[0.580942,-0.440169,0.684659]],[[0.116522,0.918342,0.378247],[-0.764414,-0.160227,0.624498],[0.634108,-0.361905,0.683324]],[[0.116522,0.918342,0.378247],[-0.993047,0.114154,0.0287626],[-0.0167647,-0.378968,0.925258]],[[0.116522,0.918342,0.378247],[-0.228273,0.395409,-0.889687],[-0.966599,0.0173249,0.255707]]],0],[7111,[0.153155,-0.405677,-0.901093],711,54.0915,[-14.5051,106.115,-39.5993],[-14.3468,96.671,-43.3389],[-3.08884,-21.2891,10.9426],false,[9.04621,52.8498,48.5287],[-11.484,83.5555,-8.1711],[-20.874,117.223,-26.6081],[-17.469,108.204,-46.6412],[-13.3492,93.8232,-41.825],[[[0.916812,0.378608,-0.12693],[-0.259636,0.806697,0.530876],[0.303388,-0.453757,0.83789]],[[0.957687,0.285783,0.0341128],[-0.162398,0.43871,0.883833],[0.237619,-0.851975,0.466557]],[[0.957687,0.285783,0.0341128],[-0.243679,0.86819,-0.432281],[-0.153155,0.405677,0.901093]],[[0.957687,0.285783,0.0341128],[0.118799,-0.284556,-0.95127],[-0.26215,0.915071,-0.306466]]],1],[7112,[0.0157779,-0.419127,-0.90779],711,61.6329,[3.79812,114.523,-43.1963],[3.21797,106.161,-46.2661],[-2.72604,-22.1667,9.60006],false,[18.7473,58.6007,47.4838],[7.53731,90.698,-6.94301],[1.12283,129.978,-26.4754],[1.53552,119.016,-50.2195],[4.05917,102.816,-44.7432],[[[0.98011,0.170716,-0.10119],[-0.0941767,0.848934,0.520041],[0.174683,-0.500167,0.848126]],[[0.989284,0.13834,-0.0466773],[-0.019592,0.442595,0.896508],[0.144682,-0.885986,0.440563]],[[0.989284,0.13834,-0.0466773],[-0.145148,0.897326,-0.416818],[-0.0157779,0.419127,0.90779]],[[0.989284,0.13834,-0.0466773],[0.000084453,-0.320244,-0.947335],[-0.146003,0.93718,-0.316824]]],2],[7113,[-0.0804636,-0.360077,-0.929446],711,59.2617,[21.8177,112.64,-38.1848],[21.6359,106.731,-41.2401],[-1.90506,-20.0771,5.75558],false,[29.5582,61.6008,46.1367],[27.9151,92.5804,-2.41478],[21.9285,129.143,-20.1978],[19.8783,119.968,-43.8805],[21.9778,103.181,-40.8584],[[[0.999426,0.0307663,-0.0141917],[-0.018295,0.842584,0.538254],[0.0285178,-0.537685,0.842663]],[[0.987053,0.101019,-0.124587],[0.0671304,0.44526,0.892882],[0.145672,-0.889685,0.432713]],[[0.987053,0.101019,-0.124587],[-0.138753,0.927437,-0.347287],[0.0804636,0.360077,0.929446]],[[0.987053,0.101019,-0.124587],[-0.103932,-0.188797,-0.976501],[-0.122167,0.976806,-0.175853]]],3],[7114,[-0.203669,-0.258835,-0.944205],711,46.4601,[43.0908,104.776,-25.8879],[42.2242,103.333,-25.9673],[-3.52892,-22.3341,4.71855],false,[41.9013,58.2729,43.3179],[47.1777,89.9353,0.723424],[45.3546,120.49,-10.272],[41.6905,115.833,-27.2585],[41.7439,100.047,-25.7846],[[[0.985202,-0.171317,-0.00530586],[0.139967,0.786277,0.601812],[-0.0989286,-0.593649,0.79862]],[[0.978287,-0.0159877,-0.206637],[0.19953,0.342317,0.918154],[0.0560564,-0.939448,0.338075]],[[0.978287,-0.0159877,-0.206637],[-0.0383893,0.965789,-0.256471],[0.203669,0.258835,0.944205]],[[0.978287,-0.0159877,-0.206637],[-0.207228,-0.0916436,-0.973991],[-0.00336512,0.995664,-0.0929668]]],4]],[[0,200,0],[235.247,235.247,147.751]]]]}