{"metadata":{"formatVersion":2,"generatedBy":"LeapJS Playback 0.2.1","frames":1,"frameRate":"1.0e+2","modified":"Tue Jun 02 2015 19:41:41 GMT-0300 (E. South America Standard Time)","title":"leap-playback-recording-100fps"},"frames":[["id","timestamp",{"hands":[["id","type","direction","palmNormal","palmPosition","palmVelocity","stabilizedPalmPosition","pinchStrength","grabStrength","confidence","armBasis","armWidth","elbow","wrist"]]},{"pointables":[["id","direction","handId","length","stabilizedTipPosition","tipPosition","tipVelocity","tool","carpPosition","mcpPosition","pipPosition","dipPosition","btipPosition","bases","type"]]},{"interactionBox":["center","size"]}],[3688947,1817276875820,[[721,"right",[-0.286561,0.957777,-0.0233548],[-0.397437,-0.141021,-0.906729],[5.58526,147.624,49.3148],[109.736,83.9142,11.9072],[4.01071,146.553,49.2656],1,0,0.24668,[[0.780507,0.380492,-0.496019],[0.205465,0.593231,0.778371],[0.590418,-0.709438,0.384843]],50.6755,[151.32,-43.8398,133.517],[24.5419,108.496,50.8803]]],[[7210,[-0.353022,0.747387,-0.56284],721,41.4473,[-24.6541,149.498,16.255],[-24.1663,148.894,17.0437],[39.6184,210.811,16.4595],false,[2.14404,98.9974,52.7023],[2.14404,98.9974,52.7023],[-25.0547,125.458,41.0387],[-34.6271,145.724,25.777],[-21.6564,150.719,13.398],[[[0.650346,0.413847,0.637009],[-0.411995,-0.512362,0.753489],[0.638208,-0.752473,-0.162709]],[[0.366422,0.66396,0.651837],[-0.629551,-0.338936,0.699134],[0.685128,-0.666542,0.293803]],[[0.366422,0.66396,0.651837],[-0.860878,-0.0238766,0.508252],[0.353022,-0.747387,0.56284]],[[0.366422,0.66396,0.651837],[-0.616513,0.697957,-0.364373],[-0.696884,-0.268352,0.665087]]],0],[7211,[0.0863672,-0.824214,-0.559654],721,46.7687,[-26.155,133.688,15.0883],[-26.7935,134.739,14.5011],[72.6532,168.507,29.6885],false,[11.4773,110.948,63.9028],[-16.7866,161.922,58.7917],[-31.061,159.332,27.8572],[-29.4008,143.489,17.0993],[-25.0942,130.864,14.5115],[[[0.811248,0.407807,-0.419011],[0.329423,0.27328,0.903769],[0.48307,-0.871213,0.0873573]],[[0.83187,0.368775,-0.414725],[-0.365309,0.926425,0.0910293],[0.417781,0.0757783,0.905382]],[[0.83187,0.368775,-0.414725],[-0.548208,0.429741,-0.717489],[-0.0863672,0.824214,0.559654]],[[0.83187,0.368775,-0.414725],[-0.455564,0.0269819,-0.889794],[-0.316943,0.929127,0.190446]]],1],[7212,[-0.0242511,-0.911638,-0.410278],721,53.2892,[-18.8043,128.026,11.0173],[-19.5465,129.182,10.2161],[64.3545,165.002,16.9026],false,[19.5557,115.677,61.0264],[-0.860398,166.637,52.9721],[-20.8684,159.93,20.9701],[-21.4168,139.314,11.6917],[-17.9279,124.807,10.8268],[[[0.80093,0.23375,-0.551246],[0.472357,0.319097,0.821618],[0.367955,-0.918443,0.14516]],[[0.803944,0.226151,-0.550028],[-0.28503,0.958252,-0.0226135],[0.521951,0.174954,0.83484]],[[0.803944,0.226151,-0.550028],[-0.594211,0.343179,-0.727421],[0.0242511,0.911638,0.410278]],[[0.803944,0.226151,-0.550028],[-0.546969,-0.0818801,-0.833139],[-0.233452,0.970645,0.0578706]]],2],[7213,[-0.146784,-0.936557,-0.318301],721,51.239,[-6.42794,127.87,10.5034],[-7.12703,129.167,9.5674],[69.6614,144.943,14.6599],false,[27.4407,118.777,56.1607],[15.7612,166.078,45.7734],[-4.38127,159.925,17.155],[-7.61507,139.292,10.1425],[-5.92645,124.538,10.6624],[[[0.808445,0.0713218,-0.584235],[0.539862,0.305541,0.784343],[0.234449,-0.949504,0.208509]],[[0.808296,0.0719224,-0.584366],[-0.159117,0.982264,-0.0991964],[0.566867,0.173163,0.805404]],[[0.808296,0.0719224,-0.584366],[-0.570185,0.343057,-0.746458],[0.146784,0.936557,0.318301]],[[0.808296,0.0719224,-0.584366],[-0.577704,-0.094687,-0.810735],[-0.113642,0.992906,-0.0349852]]],3],[7214,[0.0513805,0.92217,-0.383357],721,40.1704,[32.6601,211.538,17.7813],[36.0067,213.167,19.4827],[156.031,127.141,116.787],false,[33.8501,118.525,46.8349],[29.6494,163.232,36.3395],[36.0494,190.095,31.0274],[36.8486,204.439,25.0643],[35.4213,215.974,17.7972],[[[0.729758,-0.0905236,-0.677686],[0.67761,0.22782,0.699244],[0.0910925,-0.969486,0.227593]],[[0.732355,-0.295774,-0.613331],[0.641762,-0.00124305,0.766903],[-0.227592,-0.955257,0.188906]],[[0.732355,-0.295774,-0.613331],[0.678982,0.24924,0.690552],[-0.0513805,-0.92217,0.383357]],[[0.732355,-0.295774,-0.613331],[0.672916,0.452101,0.585481],[0.104118,-0.8415,0.530129]]],4]],[[0,200,0],[235.247,235.247,147.751]]]]}