{"metadata":{"formatVersion":2,"generatedBy":"LeapJS Playback 0.2.1","frames":1,"frameRate":"1.0e+2","modified":"Tue Jun 02 2015 19:41:11 GMT-0300 (E. South America Standard Time)","title":"leap-playback-recording-100fps"},"frames":[["id","timestamp",{"hands":[["id","type","direction","palmNormal","palmPosition","palmVelocity","stabilizedPalmPosition","pinchStrength","grabStrength","confidence","armBasis","armWidth","elbow","wrist"]]},{"pointables":[["id","direction","handId","length","stabilizedTipPosition","tipPosition","tipVelocity","tool","carpPosition","mcpPosition","pipPosition","dipPosition","btipPosition","bases","type"]]},{"interactionBox":["center","size"]}],[3688281,1817270292132,[[721,"right",[-0.336548,0.900671,-0.274824],[0.0946328,-0.258022,-0.961493],[-5.71838,118.461,6.4847],[-8.1579,-17.3698,7.04037],[4.30945,124.395,18.708],0.990312,0,0.106992,[[0.819388,0.556935,-0.135742],[-0.17187,0.464589,0.868687],[0.546867,-0.688462,0.4764]],50.6755,[131.516,-65.0445,123.876],[14.0894,82.7868,21.5807]]],[[7210,[0.102598,0.765867,-0.63476],721,41.4473,[-7.73835,134.134,-36.0693],[-8.42253,132.865,-36.0569],[-15.2767,-10.2894,9.41614],false,[-5.42331,70.1935,14.1067],[-5.42331,70.1935,14.1067],[-11.7584,101.295,-9.73746],[-8.97643,122.062,-26.9494],[-9.14432,136.581,-38.594],[[[0.226692,0.547208,0.805713],[-0.664989,-0.517461,0.538538],[0.711618,-0.657873,0.246583]],[[0.142009,0.620314,0.771391],[-0.976917,-0.0378044,0.210246],[0.15958,-0.783442,0.600627]],[[0.142009,0.620314,0.771391],[-0.984534,0.169285,0.0451171],[-0.102598,-0.765867,0.63476]],[[0.142009,0.620314,0.771391],[-0.989824,0.0818869,0.116372],[0.00902045,-0.780067,0.625631]]],0],[7211,[0.48379,-0.822029,-0.300359],721,46.7687,[-17.8065,103.778,-34.3648],[-18.18,104.144,-34.5998],[-2.23047,-12.5863,4.53898],false,[-3.74939,84.1128,26.7093],[-31.2268,129.851,2.70394],[-32.5474,127.951,-31.3849],[-23.2478,112.149,-37.1585],[-16.2054,101.146,-33.4218],[[[0.867092,0.495857,-0.0477244],[-0.166136,0.378169,0.910707],[0.469628,-0.781738,0.410287]],[[0.850077,0.522985,-0.0620931],[-0.525238,0.850524,-0.0270766],[0.0386511,0.0556309,0.997703]],[[0.850077,0.522985,-0.0620931],[-0.208126,0.225288,-0.951803],[-0.48379,0.822029,0.300359]],[[0.850077,0.522985,-0.0620931],[0.0935399,-0.265955,-0.959436],[-0.518285,0.809787,-0.275002]]],1],[7212,[0.109549,-0.65212,-0.750159],721,53.2892,[-18.235,119.877,-52.3865],[-18.3312,118.692,-53.0972],[-0.565197,-12.5796,7.01839],false,[4.2054,89.7945,27.2877],[-15.009,136.497,4.30326],[-23.807,143.501,-32.3432],[-21.3295,128.754,-49.3081],[-17.1622,115.157,-53.9032],[[[0.938101,0.3139,-0.146404],[-0.00680095,0.439301,0.898314],[0.346296,-0.841713,0.414243]],[[0.92782,0.337829,-0.158183],[-0.294063,0.923303,0.24706],[0.229515,-0.182712,0.956002]],[[0.92782,0.337829,-0.158183],[-0.35658,0.678684,-0.642059],[-0.109549,0.65212,0.750159]],[[0.92782,0.337829,-0.158183],[-0.247785,0.241167,-0.938318],[-0.278842,0.909786,0.307469]]],2],[7213,[-0.00115007,-0.681224,-0.732075],721,51.239,[-2.41253,120.554,-47.8077],[-2.58258,119.896,-47.8484],[-2.13538,-11.1307,9.01891],false,[13.095,93.71,26.2373],[3.00164,137.953,5.68529],[-3.85531,145.446,-28.3651],[-3.88064,130.438,-44.4934],[-2.08326,116.262,-48.5656],[[[0.976662,0.152598,-0.151148],[0.0712821,0.433549,0.898306],[0.20261,-0.888115,0.412553]],[[0.972766,0.168924,-0.158718],[-0.128404,0.962805,0.237737],[0.192974,-0.210882,0.958274]],[[0.972766,0.168924,-0.158718],[-0.231787,0.71232,-0.662477],[0.00115007,0.681224,0.732075]],[[0.972766,0.168924,-0.158718],[-0.197724,0.247396,-0.948525],[-0.120962,0.954075,0.274059]]],3],[7214,[-0.0651975,0.918406,-0.39023],721,40.1704,[20.1777,187.141,-11.3952],[18.7016,186.687,-10.4634],[-31.9246,-9.94926,35.5825],false,[23.1382,93.8046,21.0182],[19.9058,136.597,4.13958],[20.6498,164.687,3.04786],[19.6357,178.973,-3.02209],[17.7215,189.101,-12.0587],[[[0.968254,-0.0249637,-0.248718],[0.239939,0.371828,0.896757],[0.0700941,-0.927966,0.366014]],[[0.968967,-0.0351752,-0.244675],[0.24577,0.0311445,0.968828],[-0.0264585,-0.998896,0.038823]],[[0.968967,-0.0351752,-0.244675],[0.238437,0.394072,0.887612],[0.0651975,-0.918406,0.39023]],[[0.968967,-0.0351752,-0.244675],[0.203972,0.672924,0.711033],[0.139637,-0.738874,0.659216]]],4]],[[0,200,0],[235.247,235.247,147.751]]]]}