{"metadata":{"formatVersion":2,"generatedBy":"LeapJS Playback 0.2.1","frames":79,"frameRate":"1.0e+2","modified":"Tue Jun 02 2015 19:42:43 GMT-0300 (E. South America Standard Time)","title":"leap-playback-recording-100fps (1)"},"frames":[["id","timestamp",{"hands":[["id","type","direction","palmNormal","palmPosition","palmVelocity","stabilizedPalmPosition","pinchStrength","grabStrength","confidence","armBasis","armWidth","elbow","wrist"]]},{"pointables":[["id","direction","handId","length","stabilizedTipPosition","tipPosition","tipVelocity","tool","carpPosition","mcpPosition","pipPosition","dipPosition","btipPosition","bases","type"]]},{"interactionBox":["center","size"]}],[3693124,1817317637772,[[724,"right",[-0.308889,0.185821,-0.932769],[-0.828997,0.428132,0.359814],[-4.91385,110.537,32.7918],[41.8854,-106.316,-183.412],[-18.9975,117.865,52.8792],0.93274,0,0.528572,[[-0.779968,-0.605687,-0.157461],[0.293016,-0.131117,-0.947075],[0.552985,-0.784826,0.279743]],57.1155,[143.892,-96.0972,144.1],[10.0619,93.8424,76.3984]]],[[7240,[-0.840463,0.124558,-0.527358],724,46.7146,[-61.1025,136.046,40.7562],[-56.1729,136.603,33.625],[82.5828,26.5648,-171.522],false,[14.8973,120.016,83.2997],[14.8973,120.016,83.2997],[-16.8135,136.853,56.5983],[-42.4995,140.659,40.4814],[-61.4494,136.303,32.6076],[[[0.493602,-0.702556,-0.512613],[0.86649,0.447779,0.220657],[0.0745133,-0.553091,0.829782]],[[0.428941,-0.441749,-0.787951],[0.56011,0.814415,-0.151676],[0.708722,-0.376279,0.596764]],[[0.428941,-0.441749,-0.787951],[0.331105,0.88845,-0.317846],[0.840463,-0.124558,0.527358]],[[0.428941,-0.441749,-0.787951],[0.002187,0.872777,-0.488115],[0.90333,0.207649,0.375336]]],0],[7241,[-0.404805,0.0499965,0.913035],724,52.7122,[-42.0435,150.525,48.3288],[-39.9484,151.604,42.5491],[164.954,78.2775,-327.054],false,[23.0938,107.901,67.8893],[0.231148,133.72,11.6811],[-32.6336,153.791,11.7361],[-41.4038,154.875,31.5171],[-39.6264,150.631,46.1243],[[[-0.511454,-0.840651,-0.178104],[0.786267,-0.374194,-0.491694],[0.346697,-0.391516,0.852359]],[[-0.512792,-0.839129,-0.181403],[0.0933532,0.155546,-0.983408],[0.853422,-0.521219,-0.00142729]],[[-0.512792,-0.839129,-0.181403],[-0.757084,0.541631,-0.365322],[0.404805,-0.0499965,-0.913035]],[[-0.512792,-0.839129,-0.181403],[-0.850632,0.46805,0.239488],[-0.116056,0.277115,-0.953802]]],1],[7242,[0.173993,-0.110434,0.978535],724,60.0613,[-30.4482,128.369,62.1802],[-27.4432,130.95,58.0411],[139.307,149.905,-215.691],false,[18.5263,98.3586,64.7443],[-7.39805,115.45,10.4613],[-40.3115,139.845,24.1796],[-35.8766,137.031,49.1215],[-25.5744,129.666,60.2282],[[[-0.586407,-0.809627,0.0251389],[0.695901,-0.519434,-0.495893],[0.414546,-0.273301,0.86802]],[[-0.591578,-0.806123,0.0142124],[-0.263985,0.177011,-0.948145],[0.761805,-0.564653,-0.31752]],[[-0.591578,-0.806123,0.0142124],[-0.78725,0.581352,0.20559],[-0.173993,0.110434,-0.978535]],[[-0.591578,-0.806123,0.0142124],[-0.525326,0.398766,0.751677],[-0.611611,0.437209,-0.659379]]],2],[7243,[0.251262,0.0626618,0.965889],724,57.7506,[-33.3042,114.652,61.9908],[-29.5137,118.382,59.3943],[115.692,138.177,-116.812],false,[12.3574,89.2687,63.9813],[-14.7449,97.0503,15.4277],[-44.9061,121.029,26.347],[-38.667,122.585,50.3308],[-27.3356,117.369,61.5056],[[[-0.569792,-0.799544,0.189912],[0.665087,-0.584398,-0.464906],[0.482697,-0.138592,0.864752]],[[-0.564753,-0.800939,0.198873],[-0.337449,0.00420676,-0.941334],[0.753115,-0.598731,-0.272652]],[[-0.564753,-0.800939,0.198873],[-0.78608,0.595458,0.165857],[-0.251262,-0.0626618,-0.965889]],[[-0.564753,-0.800939,0.198873],[-0.472501,0.511394,0.717788],[-0.676607,0.311405,-0.667255]]],3],[7244,[-0.735201,0.193135,-0.649752],724,45.2754,[-65.7061,92.4923,-19.186],[-66.5612,91.3984,-17.9679],[-158.774,-411.844,72.4664],false,[2.48519,82.3267,68.1157],[-23.7714,82.033,23.2613],[-44.4046,83.8841,-0.725581],[-57.2938,87.2701,-12.1168],[-69.3614,91.7588,-20.6569],[[[-0.612102,-0.702587,0.362909],[0.608382,-0.711575,-0.351471],[0.505176,0.00565114,0.862998]],[[-0.567482,-0.699627,0.434151],[0.504135,-0.712118,-0.488606],[0.651008,-0.0584044,0.75682]],[[-0.567482,-0.699627,0.434151],[0.370734,-0.687911,-0.623967],[0.735201,-0.193136,0.649752]],[[-0.567482,-0.699627,0.434151],[0.260588,-0.652776,-0.711321],[0.781062,-0.290527,0.552753]]],4]],[[0,200,0],[235.247,235.247,147.751]]],[3693125,1817317647830,[[724,"right",[-0.345234,0.111242,-0.931901],[-0.802251,0.480309,0.354538],[-5.75447,108.612,30.2747],[4.06515,-131.966,-203.565],[-18.2683,117.356,51.6346],0.932771,0,0.502855,[[-0.811837,-0.581051,-0.0574464],[0.213259,-0.203489,-0.95557],[0.543545,-0.788018,0.289114]],57.1155,[142.281,-95.2887,144.502],[10.7346,95.4234,74.5318]]],[[7240,[-0.860236,0.100197,-0.499955],724,46.7146,[-60.8164,136.106,40.0911],[-56.3763,136.079,30.9877],[53.7033,5.05479,-200.087],false,[16.4727,121.964,78.8656],[16.4727,121.964,78.8656],[-16.0138,137.242,52.1596],[-42.304,140.304,36.8801],[-61.6805,135.824,30.2051],[[[0.454205,-0.757987,-0.468139],[0.885477,0.441969,0.143506],[0.0981273,-0.479707,0.871924]],[[0.383196,-0.519814,-0.763514],[0.570966,0.783071,-0.24657],[0.726057,-0.341456,0.596866]],[[0.383196,-0.519814,-0.763514],[0.336385,0.848383,-0.408768],[0.860236,-0.100197,0.499955]],[[0.383196,-0.519814,-0.763514],[0.00236693,0.827162,-0.561959],[0.923664,0.213533,0.318195]]],0],[7241,[-0.362843,0.140974,0.921125],724,52.7122,[-41.4408,150.711,45.9407],[-39.3642,151.305,37.7903],[133.131,46.297,-371.119],false,[23.7012,108.323,64.2671],[-1.0083,129.699,6.98598],[-33.3662,150.575,6.62245],[-41.2273,153.629,26.5788],[-38.9035,150.639,41.4179],[[[-0.538091,-0.838988,-0.0809797],[0.75502,-0.437058,-0.488799],[0.374703,-0.32416,0.86863]],[[-0.539526,-0.837737,-0.084314],[0.053615,0.0657526,-0.996395],[0.84026,-0.542101,0.00944005]],[[-0.539526,-0.837737,-0.084314],[-0.759775,0.527563,-0.380026],[0.362843,-0.140974,-0.921125]],[[-0.539526,-0.837737,-0.084314],[-0.828183,0.509977,0.232455],[-0.151738,0.195243,-0.968946]]],1],[7242,[0.207446,-0.022892,0.977979],724,60.0613,[-29.7402,129.33,60.1974],[-26.9228,131.941,54.336],[110.703,135.097,-263.312],false,[18.7804,98.6666,62.1784],[-9.10411,111.605,7.71853],[-40.9133,138.024,20.2425],[-35.6257,137.44,45.1702],[-25.0692,130.86,56.5275],[[[-0.603296,-0.788186,0.121643],[0.661223,-0.579618,-0.476263],[0.445891,-0.206895,0.870848]],[[-0.608819,-0.78554,0.110754],[-0.295434,0.0949405,-0.950634],[0.736246,-0.611484,-0.289877]],[[-0.608819,-0.78554,0.110754],[-0.765706,0.618387,0.176894],[-0.207446,0.022892,-0.977979]],[[-0.608819,-0.78554,0.110754],[-0.486388,0.47991,0.730146],[-0.62671,0.390657,-0.674256]]],2],[7243,[0.292239,0.142673,0.945643],724,57.7506,[-32.4774,115.748,60.8048],[-29.0682,119.477,57.0252],[93.0982,128.972,-152.203],false,[12.3754,89.7143,62.4866],[-16.6488,93.9186,14.607],[-45.7708,119.563,24.5148],[-38.5143,123.106,47.9958],[-26.8491,118.62,59.1436],[[[-0.579221,-0.76409,0.284024],[0.630308,-0.640749,-0.438352],[0.516928,-0.0748804,0.852747]],[[-0.573894,-0.764817,0.292746],[-0.376666,-0.0708972,-0.923632],[0.727165,-0.640335,-0.247393]],[[-0.573894,-0.764817,0.292746],[-0.765011,0.628251,0.14163],[-0.292239,-0.142673,-0.945643]],[[-0.573894,-0.764817,0.292746],[-0.430678,0.585918,0.686452],[-0.696535,0.267871,-0.665645]]],3],[7244,[-0.757809,0.153453,-0.634175],724,45.2754,[-69.0652,87.4511,-17.2373],[-69.9934,86.6849,-16.0107],[-214.963,-430.495,111.494],false,[2.53674,83.4315,67.6317],[-25.6669,79.8977,24.1176],[-47.2908,80.1889,0.947625],[-60.5764,82.8792,-10.1704],[-72.8897,86.8825,-18.6005],[[[-0.611629,-0.651177,0.449309],[0.575721,-0.755874,-0.311768],[0.542637,0.0679905,0.837211]],[[-0.563829,-0.643153,0.518124],[0.465414,-0.765683,-0.443982],[0.682266,-0.00918786,0.731046]],[[-0.563829,-0.643153,0.518124],[0.328364,-0.750205,-0.573908],[0.757809,-0.153453,0.634175]],[[-0.563829,-0.643153,0.518124],[0.21667,-0.720566,-0.658664],[0.796964,-0.259112,0.545628]]],4]],[[0,200,0],[235.247,235.247,147.751]]],[3693126,1817317657231,[[724,"right",[-0.373995,0.0545975,-0.925822],[-0.782029,0.51807,0.34646],[-5.81528,106.527,28.5916],[1.06427,-157.554,-196.576],[-17.5775,116.755,50.3562],0.932787,0,0.513547,[[-0.830597,-0.556539,0.019307],[0.149572,-0.256354,-0.95494],[0.536411,-0.790283,0.29617]],57.1155,[141.728,-95.2141,144.772],[11.9089,96.0461,73.0947]]],[[7240,[-0.874922,0.0823764,-0.477207],724,46.7146,[-60.6195,136.091,39.591],[-55.9775,134.977,29.1033],[52.1295,-28.3326,-201.374],false,[18.2253,122.706,75.4283],[18.2253,122.706,75.4283],[-14.8933,136.765,48.8296],[-41.6323,139.283,34.2454],[-61.2929,134.76,28.4941],[[[0.425871,-0.796206,-0.429755],[0.896927,0.433971,0.0848026],[0.118981,-0.421574,0.898954]],[[0.348777,-0.576446,-0.738962],[0.574876,0.754305,-0.317084],[0.740184,-0.31422,0.594469]],[[0.348777,-0.576446,-0.738962],[0.335957,0.812972,-0.475614],[0.874922,-0.0823764,0.477207]],[[0.348777,-0.576446,-0.738962],[-0.00127956,0.78818,-0.615443],[0.937205,0.215598,0.274161]]],0],[7241,[-0.329644,0.209469,0.920575],724,52.7122,[-40.9823,150.644,44.1473],[-38.4448,150.25,34.2563],[123.387,1.56258,-372.57],false,[24.7403,107.979,61.5682],[-1.49435,125.903,3.78326],[-33.4973,147.309,3.03116],[-40.6391,151.847,22.9756],[-37.8713,149.82,37.901],[[[-0.554274,-0.832309,-0.00653292],[0.731103,-0.483094,-0.481776],[0.397831,-0.271812,0.87627]],[[-0.555785,-0.831267,-0.00987087],[0.0217217,-0.0026515,-0.999761],[0.831042,-0.555866,0.0195302]],[[-0.555785,-0.831267,-0.00987087],[-0.763176,0.514895,-0.390442],[0.329644,-0.209469,-0.920575]],[[-0.555785,-0.831267,-0.00987087],[-0.811444,0.539873,0.223819],[-0.180724,0.132405,-0.974581]]],1],[7242,[0.232111,0.045497,0.971625],724,60.0613,[-29.2171,129.869,58.5989],[-26.0679,131.996,51.441],[102.811,98.9011,-277.886],false,[19.594,98.2976,60.2991],[-9.85954,108.055,6.00245],[-40.9252,135.862,17.3299],[-35.0089,137.021,42.0956],[-24.24,131.084,53.6065],[[[-0.611889,-0.766747,0.194142],[0.635428,-0.622701,-0.45659],[0.470981,-0.156019,0.868237]],[[-0.617679,-0.764755,0.183367],[-0.318523,0.0300965,-0.947437],[0.719038,-0.643618,-0.262182]],[[-0.617679,-0.764755,0.183367],[-0.751397,0.642713,0.149405],[-0.232111,-0.045497,-0.971625]],[[-0.617679,-0.764755,0.183367],[-0.457971,0.539335,0.706668],[-0.639324,0.352517,-0.683371]]],2],[7243,[0.323451,0.202426,0.924339],724,57.7506,[-31.8121,116.45,59.7668],[-28.1344,119.649,55.2254],[94.0944,97.2006,-162.973],false,[13.0556,89.508,61.4195],[-17.4636,91.0173,14.3149],[-45.8441,117.804,23.3104],[-37.8126,122.83,46.2625],[-25.8793,118.915,57.3415],[[[-0.582059,-0.732211,0.353658],[0.604778,-0.680547,-0.413642],[0.543554,-0.0268801,0.838944]],[[-0.576521,-0.732446,0.362142],[-0.406737,-0.127137,-0.904655],[0.708653,-0.668849,-0.224615]],[[-0.576521,-0.732446,0.362142],[-0.750335,0.650036,0.120208],[-0.323451,-0.202426,-0.924339]],[[-0.576521,-0.732446,0.362142],[-0.399882,0.639432,0.656674],[-0.712543,0.233772,-0.661538]]],3],[7244,[-0.774977,0.121817,-0.620138],724,45.2754,[-71.2736,83.2207,-15.3016],[-71.8957,82.6298,-14.0886],[-212.053,-432.067,139.774],false,[3.29008,83.772,67.2911],[-26.3926,77.841,25.0397],[-48.7672,76.9637,2.60916],[-62.3538,79.0994,-8.26283],[-74.8585,82.6882,-16.5971],[[[-0.607109,-0.607822,0.511831],[0.552514,-0.785831,-0.277845],[0.571093,0.114111,0.812915]],[[-0.556719,-0.596016,0.578644],[0.437828,-0.802495,-0.40535],[0.705954,0.0276808,0.707717]],[[-0.556719,-0.596016,0.578644],[0.299124,-0.793678,-0.529717],[0.774977,-0.121817,0.620138]],[[-0.556719,-0.596016,0.578644],[0.187099,-0.76864,-0.611708],[0.809357,-0.232286,0.53943]]],4]],[[0,200,0],[235.247,235.247,147.751]]],[3693127,1817317666951,[[724,"right",[-0.400938,0.00174934,-0.916103],[-0.76478,0.549888,0.335761],[-5.75889,104.796,27.087],[2.45214,-163.583,-184.336],[-16.8209,115.989,48.8666],0.932793,0,0.518262,[[-0.843007,-0.530295,0.0901462],[0.0889092,-0.302652,-0.948945],[0.530504,-0.791953,0.302286]],57.1155,[141.553,-94.7894,144.784],[13.1631,96.8749,71.6262]]],[[7240,[-0.888113,0.0648224,-0.455031],724,46.7146,[-60.4639,136.046,39.1711],[-55.574,133.99,27.3159],[50.444,-48.7032,-197.494],false,[19.877,123.536,72.0869],[19.877,123.536,72.0869],[-13.8693,136.383,45.6645],[-41.0115,138.364,31.758],[-60.8929,133.799,26.8622],[[[0.402858,-0.82759,-0.390896],[0.904383,0.425593,0.0310088],[0.1407,-0.366012,0.919912]],[[0.318952,-0.625917,-0.711686],[0.573962,0.725113,-0.380497],[0.754213,-0.287121,0.590529]],[[0.318952,-0.625917,-0.711686],[0.330945,0.777191,-0.53521],[0.888113,-0.0648224,0.455031]],[[0.318952,-0.625917,-0.711686],[-0.00877211,0.748923,-0.662599],[0.94773,0.21758,0.23338]]],0],[7241,[-0.29907,0.271411,0.914819],724,52.7122,[-40.6087,150.49,42.6625],[-37.6559,149.247,30.933],[111.311,-28.7592,-363.705],false,[25.7894,107.877,58.9997],[-1.94533,122.514,0.989515],[-33.6888,144.284,-0.179137],[-40.1682,150.165,19.6406],[-36.9747,149.035,34.576],[[[-0.5645,-0.823086,0.0622068],[0.710249,-0.522745,-0.47147],[0.420578,-0.221962,0.879686]],[[-0.566085,-0.822241,0.058882],[-0.00833523,-0.0657158,-0.997804],[0.824304,-0.565333,0.0303472]],[[-0.566085,-0.822241,0.058882],[-0.768183,0.500256,-0.39955],[0.29907,-0.271411,-0.914819]],[[-0.566085,-0.822241,0.058882],[-0.797537,0.564344,0.21319],[-0.208523,0.0737233,-0.975235]]],1],[7242,[0.257033,0.107568,0.960397],724,60.0613,[-28.7806,130.216,57.2304],[-25.207,132.06,48.6927],[97.5165,71.674,-280.307],false,[20.4876,98.2095,58.495],[-10.4608,104.961,4.57425],[-40.9198,133.855,14.7722],[-34.3683,136.597,39.2518],[-23.3617,131.286,50.8438],[[[-0.615242,-0.74425,0.25994],[0.61365,-0.659118,-0.434738],[0.494885,-0.107957,0.862226]],[[-0.621202,-0.742885,0.249459],[-0.342183,-0.0292399,-0.939178],[0.704996,-0.66878,-0.236039]],[[-0.621202,-0.742885,0.249459],[-0.740299,0.66072,0.124125],[-0.257033,-0.107568,-0.960397]],[[-0.621202,-0.742885,0.249459],[-0.432591,0.59051,0.681295],[-0.653432,0.315308,-0.688191]]],2],[7243,[0.341361,0.266444,0.901377],724,57.7506,[-31.3097,116.988,58.7769],[-27.5585,120.067,53.1701],[78.9009,83.3842,-179.05],false,[13.8773,89.6016,60.3585],[-18.0223,88.5887,14.1641],[-46.0346,116.183,21.7656],[-37.5584,122.799,44.1474],[-25.4221,119.556,55.2233],[[[-0.580207,-0.700206,0.416018],[0.583589,-0.713713,-0.387348],[0.568141,0.0180417,0.822733]],[[-0.574355,-0.699984,0.424427],[-0.425297,-0.187851,-0.885344],[0.699456,-0.689009,-0.189808]],[[-0.574355,-0.699984,0.424427],[-0.744036,0.662593,0.0859141],[-0.341361,-0.266444,-0.901377]],[[-0.574355,-0.699984,0.424427],[-0.380763,0.687415,0.618449],[-0.724663,0.193603,-0.661348]]],3],[7244,[-0.791055,0.0904765,-0.605017],724,45.2754,[-72.9704,79.4241,-13.2596],[-73.3801,79.0819,-12.1117],[-195.198,-413.654,160.292],false,[4.22222,84.3851,66.8631],[-26.7878,76.2398,25.9554],[-49.8414,74.2553,4.29624],[-63.7099,75.8415,-6.31065],[-76.4041,79.0005,-14.5318],[[[-0.598948,-0.565796,0.566689],[0.534127,-0.809515,-0.243708],[0.596632,0.156715,0.787064]],[[-0.546014,-0.550411,0.631599],[0.415685,-0.832543,-0.366167],[0.727375,0.0626143,0.683377]],[[-0.546014,-0.550411,0.631599],[0.275863,-0.829977,-0.484807],[0.791055,-0.0904765,0.605017]],[[-0.546014,-0.550411,0.631599],[0.163735,-0.80947,-0.56387],[0.82162,-0.204466,0.532103]]],4]],[[0,200,0],[235.247,235.247,147.751]]],[3693128,1817317676679,[[724,"right",[-0.423168,-0.0439913,-0.904982],[-0.752467,0.573439,0.323977],[-5.69762,102.999,25.9436],[3.57975,-169.766,-164.752],[-15.9833,115.011,47.1404],0.932792,0,0.520471,[[-0.848495,-0.507585,0.149712],[0.0375473,-0.33993,-0.939701],[0.52787,-0.79171,0.307487]],57.1155,[142.003,-94.2871,144.794],[14.2503,97.3185,70.3771]]],[[7240,[-0.898763,0.0478391,-0.435818],724,46.7146,[-60.4639,136.046,39.1711],[-55.3269,132.629,25.8409],[44.2046,-74.7146,-185.226],false,[21.1607,123.909,69.2426],[21.1607,123.909,69.2426],[-13.1467,135.615,43.0133],[-40.6143,137.077,29.694],[-60.6431,132.447,25.5123],[[[0.387363,-0.850671,-0.355399],[0.907841,0.419093,-0.0136374],[0.160546,-0.317363,0.934615]],[[0.296805,-0.665234,-0.685106],[0.569208,0.699297,-0.432418],[0.766752,-0.261624,0.586212]],[[0.296805,-0.665234,-0.685106],[0.322696,0.745101,-0.583689],[0.898763,-0.0478391,0.435818]],[[0.296805,-0.665234,-0.685106],[-0.0185872,0.713275,-0.700638],[0.954757,0.220687,0.199339]]],0],[7241,[-0.274589,0.32245,0.905885],724,52.7122,[-40.3316,150.28,41.4932],[-37.1751,147.855,28.1608],[93.4103,-61.9855,-340.759],false,[26.6415,107.522,56.8779],[-2.39803,119.261,-1.15268],[-34.0071,141.201,-2.72934],[-39.9561,148.187,16.8968],[-36.4032,147.831,31.7894],[[[-0.568586,-0.813839,0.1199],[0.69483,-0.553153,-0.459601],[0.440364,-0.178012,0.879995]],[[-0.570234,-0.813165,0.116599],[-0.0331367,-0.119053,-0.992335],[0.820814,-0.569727,0.0409424]],[[-0.570234,-0.813165,0.116599],[-0.774231,0.484549,-0.407158],[0.274589,-0.32245,-0.905885]],[[-0.570234,-0.813165,0.116599],[-0.788044,0.581568,0.201904],[-0.231992,0.0232471,-0.97244]]],1],[7242,[0.27545,0.162299,0.947516],724,60.0613,[-28.4651,130.395,56.1611],[-24.6655,131.685,46.325],[83.7415,39.4173,-270.43],false,[21.2611,97.8866,57.0211],[-10.9466,101.997,3.57393],[-41.0551,131.623,12.652],[-34.0341,135.76,36.8032],[-22.8231,131.051,48.4595],[[[-0.613929,-0.724103,0.314271],[0.5982,-0.686552,-0.413282],[0.515022,-0.065729,0.854653]],[[-0.619987,-0.723274,0.304124],[-0.360515,-0.0816679,-0.929171],[0.696882,-0.685715,-0.210118]],[[-0.619987,-0.723274,0.304124],[-0.734672,0.671218,0.0986022],[-0.27545,-0.162299,-0.947516]],[[-0.619987,-0.723274,0.304124],[-0.415492,0.631449,0.654705],[-0.66557,0.279548,-0.692005]]],2],[7243,[0.354372,0.321307,0.87817],724,57.7506,[-30.9654,117.324,57.9602],[-27.1849,119.984,51.3796],[63.375,57.5122,-182.042],false,[14.6379,89.4464,59.5027],[-18.3867,86.2259,14.2088],[-46.2453,114.294,20.5287],[-37.446,122.273,42.3343],[-25.1279,119.652,53.3739],[[[-0.574784,-0.672054,0.466869],[0.568922,-0.738277,-0.362318],[0.588176,0.0573579,0.806696]],[[-0.568696,-0.671428,0.475152],[-0.438972,-0.240782,-0.865637],[0.695621,-0.700863,-0.157806]],[[-0.568696,-0.671428,0.475152],[-0.742297,0.667793,0.0552094],[-0.354372,-0.321307,-0.87817]],[[-0.568696,-0.671428,0.475152],[-0.368231,0.724357,0.582849],[-0.735521,0.156498,-0.65918]]],3],[7244,[-0.804201,0.0604048,-0.59128],724,45.2754,[-74.1609,75.8825,-11.3294],[-74.4276,75.6153,-10.2462],[-169.676,-398.124,171.176],false,[5.10812,84.6664,66.5084],[-26.9482,74.5999,26.854],[-50.536,71.6069,5.89733],[-64.6349,72.6658,-4.46872],[-77.494,75.3923,-12.5878],[[[-0.588894,-0.529614,0.610502],[0.52231,-0.825832,-0.212589],[0.616762,0.193679,0.76295]],[[-0.533759,-0.511027,0.673761],[0.401524,-0.854362,-0.329916],[0.744231,0.0944358,0.661213]],[[-0.533759,-0.511027,0.673761],[0.261461,-0.85744,-0.44321],[0.804201,-0.0604048,0.59128]],[[-0.533759,-0.511027,0.673761],[0.149647,-0.841255,-0.519515],[0.83229,-0.176469,0.525501]]],4]],[[0,200,0],[235.247,235.247,147.751]]],[3693129,1817317686400,[[724,"right",[-0.446373,-0.0823069,-0.891054],[-0.746439,0.583443,0.320035],[-5.57626,101.775,25.0539],[6.1888,-156.934,-143.295],[-15.0823,113.865,45.2284],0.932784,0,0.527735,[[-0.848631,-0.490996,0.196848],[-0.00211885,-0.368965,-0.929441],[0.528981,-0.789169,0.312075]],57.1155,[143.569,-93.0119,144.67],[15.5477,97.9788,69.1435]]],[[7240,[-0.910251,0.0269331,-0.41318],724,46.7146,[-60.4626,136.045,39.1672],[-55.3654,131.246,25.0864],[30.8648,-94.3475,-154.514],false,[22.3024,124.526,66.7499],[22.3024,124.526,66.7499],[-12.7447,135.043,40.9996],[-40.5635,135.866,28.3722],[-60.675,131.02,24.892],[[[0.381935,-0.863034,-0.330602],[0.905218,0.421449,-0.0544165],[0.186295,-0.278483,0.9422]],[[0.281712,-0.691031,-0.665668],[0.554167,0.683536,-0.475055],[0.783286,-0.235062,0.575507]],[[0.281712,-0.691031,-0.665668],[0.303449,0.722323,-0.621425],[0.910251,-0.0269331,0.41318]],[[0.281712,-0.691031,-0.665668],[-0.0391441,0.684912,-0.727574],[0.9587,0.231024,0.165898]]],0],[7241,[-0.252282,0.358005,0.898992],724,52.7122,[-40.1468,150.062,40.5988],[-37.1911,146.569,26.274],[65.7848,-82.4155,-297.908],false,[27.5357,107.669,54.9213],[-3.05882,116.932,-2.75725],[-34.8004,138.675,-4.39623],[-40.2661,146.432,15.0806],[-36.3217,146.693,29.8763],[[[-0.561479,-0.810322,0.167691],[0.685198,-0.5689,-0.454814],[0.463945,-0.140467,0.874656]],[[-0.563202,-0.809793,0.164434],[-0.058377,-0.159506,-0.985469],[0.824255,-0.564618,0.0425605]],[[-0.563202,-0.809793,0.164434],[-0.786866,0.46483,-0.405925],[0.252282,-0.358005,-0.898992]],[[-0.563202,-0.809793,0.164434],[-0.785154,0.586468,0.198969],[-0.257559,-0.017046,-0.966112]]],1],[7242,[0.285297,0.214257,0.934184],724,60.0613,[-28.2825,130.495,55.3685],[-24.6977,131.471,44.3215],[53.4566,22.8126,-254.068],false,[22.2058,98.028,55.5964],[-11.401,99.8441,2.88858],[-41.6717,129.617,10.8828],[-34.3998,135.078,34.6942],[-22.9616,131.037,46.3804],[[[-0.602163,-0.712913,0.35938],[0.590429,-0.700651,-0.400603],[0.537395,-0.0290402,0.842831]],[[-0.608552,-0.712515,0.349267],[-0.37252,-0.132109,-0.918573],[0.700638,-0.689108,-0.185031]],[[-0.608552,-0.712515,0.349267],[-0.740453,0.668144,0.072892],[-0.285297,-0.214257,-0.934184]],[[-0.608552,-0.712515,0.349267],[-0.410543,0.659374,0.629825],[-0.679057,0.239892,-0.693781]]],2],[7243,[0.36788,0.364966,0.855257],724,57.7506,[-30.7229,117.526,57.3429],[-26.8118,119.813,50.1091],[53.8492,35.5828,-167.513],false,[15.6888,89.672,58.5913],[-18.4883,84.4921,14.3461],[-46.4742,112.589,19.9337],[-37.3395,121.652,41.1704],[-24.7701,119.618,52.0494],[[[-0.559302,-0.654556,0.508662],[0.562728,-0.750363,-0.346831],[0.608702,0.0922549,0.788017]],[[-0.552993,-0.65357,0.516764],[-0.453737,-0.283961,-0.844683],[0.6988,-0.701579,-0.139521]],[[-0.552993,-0.65357,0.516764],[-0.747571,0.663058,0.0386118],[-0.36788,-0.364966,-0.855257]],[[-0.552993,-0.65357,0.516764],[-0.361813,0.747065,0.55766],[-0.750526,0.12141,-0.649592]]],3],[7244,[-0.818597,0.0286287,-0.573655],724,45.2754,[-74.9154,72.6971,-9.365],[-75.0783,72.491,-8.25536],[-139.21,-376.843,182.246],false,[6.36693,85.147,66.0324],[-26.6635,73.3598,27.6727],[-50.7626,69.3727,7.47716],[-65.1139,69.8746,-2.57991],[-78.1803,72.1169,-10.514],[[[-0.570332,-0.50644,0.646715],[0.520438,-0.831918,-0.192502],[0.635505,0.226785,0.738039]],[[-0.513211,-0.48492,0.708144],[0.398075,-0.865464,-0.304153],[0.760362,0.1258,0.6372]],[[-0.513211,-0.48492,0.708144],[0.257904,-0.87409,-0.411646],[0.818597,-0.0286287,0.573655]],[[-0.513211,-0.48492,0.708144],[0.146247,-0.862433,-0.484584],[0.845711,-0.14513,0.513528]]],4]],[[0,200,0],[235.247,235.247,147.751]]],[3693130,1817317696110,[[724,"right",[-0.462253,-0.116051,-0.879121],[-0.746232,0.586462,0.314961],[-5.20158,100.947,24.1721],[15.6724,-135.962,-127.933],[-14.152,112.649,43.2459],0.932772,0,0.398868,[[-0.848571,-0.475149,0.232724],[-0.033738,-0.390374,-0.920038],[0.528005,-0.788569,0.31523]],57.1155,[144.575,-92.0298,144.239],[16.7895,98.8156,67.9486]]],[[7240,[-0.918326,0.00454752,-0.395798],724,46.7146,[-60.37,135.937,38.8702],[-55.3155,129.965,24.2257],[23.779,-105.447,-135.982],false,[23.2239,125.333,64.5538],[23.2239,125.333,64.5538],[-12.4227,134.665,39.172],[-40.4882,134.804,27.0758],[-60.6135,129.669,24.1291],[[[0.384493,-0.869763,-0.309319],[0.899639,0.428155,-0.0856356],[0.206919,-0.245349,0.947095]],[[0.275951,-0.709517,-0.648411],[0.537724,0.673117,-0.507707],[0.796683,-0.208564,0.567272]],[[0.275951,-0.709517,-0.648411],[0.283774,0.704674,-0.650313],[0.918326,-0.00454752,0.395798]],[[0.275951,-0.709517,-0.648411],[-0.0590377,0.660819,-0.74822],[0.959357,0.244753,0.140465]]],0],[7241,[-0.238801,0.385036,0.891471],724,52.7122,[-40.0191,149.86,39.8918],[-37.245,145.447,24.5273],[45.0703,-91.9789,-263.483],false,[28.4062,108.146,53.1875],[-3.36624,115.199,-4.16575],[-35.3558,136.568,-5.91014],[-40.5295,144.909,13.4037],[-36.3058,145.696,28.1035],[[[-0.549833,-0.809725,0.205011],[0.682309,-0.576979,-0.448943],[0.481807,-0.106963,0.869725]],[[-0.55161,-0.809324,0.201795],[-0.0753116,-0.192617,-0.97838],[0.830695,-0.554882,0.0452977]],[[-0.55161,-0.809324,0.201795],[-0.799187,0.443556,-0.405657],[0.238801,-0.385036,-0.891471]],[[-0.55161,-0.809324,0.201795],[-0.787188,0.585113,0.194879],[-0.275793,-0.051353,-0.959844]]],1],[7242,[0.283295,0.262626,0.922373],724,60.0613,[-28.1885,130.554,54.7877],[-24.9773,131.376,42.2597],[24.1799,14.2648,-244.893],false,[23.1896,98.4811,54.2817],[-11.4238,98.2275,2.1983],[-42.1848,127.801,8.96664],[-34.9639,134.495,32.477],[-23.3802,131.131,44.234],[[[-0.587891,-0.706427,0.394139],[0.589943,-0.707774,-0.388617],[0.553491,0.00405511,0.832846]],[[-0.594701,-0.706423,0.383794],[-0.373372,-0.180091,-0.910033],[0.711986,-0.684495,-0.156658]],[[-0.594701,-0.706423,0.383794],[-0.75238,0.657262,0.0439422],[-0.283295,-0.262626,-0.922373]],[[-0.594701,-0.706423,0.383794],[-0.416418,0.679026,0.604583],[-0.687697,0.199727,-0.697984]]],2],[7243,[0.367964,0.406682,0.836189],724,57.7506,[-30.5663,117.653,56.8755],[-26.6523,119.735,48.7014],[39.1651,23.2812,-162.194],false,[16.8168,90.1661,57.6745],[-18.1348,83.1951,14.2886],[-46.5564,111.012,19.0161],[-37.4196,121.11,39.7793],[-24.6997,119.699,50.5816],[[[-0.542821,-0.642752,0.54057],[0.563777,-0.755947,-0.332717],[0.622496,0.124155,0.772712]],[[-0.536664,-0.641498,0.548153],[-0.456453,-0.325662,-0.828006],[0.709677,-0.694568,-0.118043]],[[-0.536664,-0.641498,0.548153],[-0.759337,0.650454,0.0177968],[-0.367964,-0.406682,-0.836189]],[[-0.536664,-0.641498,0.548153],[-0.367603,0.762486,0.532432],[-0.759513,0.0842351,-0.645015]]],3],[7244,[-0.828817,-0.001263,-0.559518],724,45.2754,[-75.0301,69.9031,-7.84071],[-74.9963,69.7571,-6.86865],[-95.394,-349.457,171.79],false,[7.68423,85.7997,65.4382],[-25.9417,72.4312,28.1288],[-50.357,67.4921,8.53222],[-64.8875,67.47,-1.27701],[-78.1159,69.2628,-9.05544],[[[-0.552766,-0.490264,0.673863],[0.525251,-0.832757,-0.175005],[0.646963,0.257211,0.717831]],[[-0.494538,-0.466094,0.733613],[0.402508,-0.870903,-0.281983],[0.770337,0.155834,0.618302]],[[-0.494538,-0.466094,0.733613],[0.261715,-0.884734,-0.385682],[0.828817,0.001263,0.559518]],[[-0.494538,-0.466094,0.733613],[0.14953,-0.877093,-0.456452],[0.856197,-0.116036,0.503451]]],4]],[[0,200,0],[235.247,235.247,147.751]]],[3693131,1817317705858,[[724,"right",[-0.478984,-0.142094,-0.866247],[-0.747764,0.582943,0.317847],[-4.7617,100.081,23.437],[24.3221,-122.118,-112.507],[-13.1979,111.372,41.2331],0.932756,0,0.404386,[[-0.84815,-0.46228,0.258726],[-0.0563184,-0.406938,-0.911718],[0.526754,-0.787845,0.31911]],57.1155,[145.659,-91.435,143.998],[18.1764,99.2351,66.769]]],[[7240,[-0.926619,-0.0169582,-0.375618],724,46.7146,[-60.2375,135.738,38.4389],[-55.3056,128.436,23.9539],[17.4457,-120.893,-104.645],false,[24.1563,125.757,62.6529],[24.1563,125.757,62.6529],[-12.1594,134.033,37.8604],[-40.4784,133.515,26.3809],[-60.5884,128.054,23.966],[[[0.390329,-0.871042,-0.298211],[0.891392,0.438583,-0.114307],[0.230356,-0.221206,0.947631]],[[0.272134,-0.719597,-0.638845],[0.5169,0.669301,-0.533714],[0.811638,-0.184978,0.5541]],[[0.272134,-0.719597,-0.638845],[0.25946,0.694185,-0.671407],[0.926619,0.0169582,0.375618]],[[0.272134,-0.719597,-0.638845],[-0.0834776,0.643744,-0.760674],[0.958632,0.260335,0.115115]]],0],[7241,[-0.225317,0.40148,0.887719],724,52.7122,[-39.9262,149.655,39.3062],[-37.4235,144.128,23.4976],[26.6183,-104.663,-217.227],false,[29.3439,108.393,51.5603],[-3.72945,113.72,-5.24127],[-36.0526,134.597,-6.77293],[-40.9342,143.295,12.4597],[-36.4098,144.467,27.0438],[[[-0.533703,-0.812493,0.234556],[0.680899,-0.577347,-0.450607],[0.501535,-0.0807813,0.861357]],[[-0.53554,-0.812191,0.231393],[-0.0931393,-0.215522,-0.972047],[0.839358,-0.542122,0.0397739]],[[-0.53554,-0.812191,0.231393],[-0.813897,0.423273,-0.398009],[0.225317,-0.40148,-0.887719]],[[-0.53554,-0.812191,0.231393],[-0.79115,0.578353,0.198971],[-0.295429,-0.0765096,-0.952296]]],1],[7242,[0.279929,0.302577,0.911091],724,60.0613,[-28.1454,130.579,54.3775],[-25.3874,130.927,40.6647],[-0.165013,-2.88888,-223.421],false,[24.2909,98.6838,52.9789],[-11.4065,96.7847,1.66686],[-42.7987,125.874,7.58177],[-35.6636,133.586,30.8046],[-23.9146,130.843,42.5589],[[[-0.569241,-0.705528,0.42213],[0.591713,-0.708031,-0.385445],[0.570823,0.0303687,0.820511]],[[-0.576527,-0.70586,0.411555],[-0.37373,-0.220105,-0.901044],[0.726596,-0.673287,-0.136905]],[[-0.576527,-0.70586,0.411555],[-0.76763,0.640475,0.0231468],[-0.279929,-0.302577,-0.911091]],[[-0.576527,-0.70586,0.411555],[-0.425551,0.68938,0.586226],[-0.697512,0.162838,-0.697826]]],2],[7243,[0.365697,0.44128,0.819474],724,57.7506,[-30.4674,117.717,56.5397],[-26.5505,119.245,47.6279],[26.8537,1.8605,-148.108],false,[18.1111,90.3591,56.69],[-17.6444,81.9348,14.2269],[-46.6515,109.228,18.4199],[-37.571,120.185,38.7681],[-24.6894,119.347,49.4376],[[[-0.522011,-0.637974,0.566121],[0.567427,-0.755299,-0.327948],[0.636814,0.15004,0.756278]],[[-0.516097,-0.636559,0.573094],[-0.457205,-0.361056,-0.812774],[0.724298,-0.681492,-0.104698]],[[-0.516097,-0.636559,0.573094],[-0.774538,0.632507,0.00504473],[-0.365697,-0.44128,-0.819474]],[[-0.516097,-0.636559,0.573094],[-0.376859,0.769603,0.51545],[-0.769169,0.0500468,-0.637083]]],3],[7244,[-0.839677,-0.0275836,-0.542385],724,45.2754,[-74.8469,67.2744,-6.4141],[-74.718,67.109,-5.45528],[-58.2893,-326.819,164.66],false,[9.20801,86.0411,64.742],[-25.0022,71.3757,28.4653],[-49.727,65.6051,9.49397],[-64.4479,65.1215,-0.0148865],[-77.8554,66.5161,-7.56499],[[[-0.53133,-0.482695,0.6962],[0.533344,-0.82909,-0.167791],[0.658204,0.282162,0.697963]],[[-0.472166,-0.45637,0.754179],[0.410484,-0.870963,-0.270048],[0.780104,0.182071,0.598572]],[[-0.472166,-0.45637,0.754179],[0.268331,-0.889363,-0.370179],[0.839677,0.0275836,0.542385]],[[-0.472166,-0.45637,0.754179],[0.154942,-0.8852,-0.438649],[0.867786,-0.0902611,0.488673]]],4]],[[0,200,0],[235.247,235.247,147.751]]],[3693132,1817317715817,[[724,"right",[-0.495672,-0.161299,-0.8534],[-0.749284,0.576296,0.326276],[-4.0735,99.3325,22.8204],[37.7106,-108.069,-97.3823],[-12.1784,110.027,39.1757],0.932738,0,0.418781,[[-0.846737,-0.453624,0.27796],[-0.0723064,-0.419497,-0.904872],[0.527075,-0.786287,0.322404]],57.1155,[147.379,-90.859,143.668],[19.8191,99.4342,65.6416]]],[[7240,[-0.934426,-0.0357747,-0.354355],724,46.7146,[-60.0281,135.375,37.8043],[-55.0426,126.985,24.0946],[20.4549,-128.812,-69.3027],false,[25.3085,125.98,61.03],[25.3085,125.98,61.03],[-11.6722,133.382,36.9544],[-40.2298,132.289,26.1247],[-60.3068,126.514,24.218],[[[0.396732,-0.869316,-0.294776],[0.881986,0.449994,-0.140022],[0.254371,-0.204437,0.945252]],[[0.268609,-0.724126,-0.63521],[0.494716,0.669535,-0.554057],[0.826502,-0.165424,0.538079]],[[0.268609,-0.724126,-0.63521],[0.233873,0.688739,-0.686252],[0.934426,0.0357747,0.354355]],[[0.268609,-0.724126,-0.63521],[-0.109044,0.632347,-0.766973],[0.957057,0.275281,0.0908922]]],0],[7241,[-0.21168,0.41053,0.886937],724,52.7122,[-39.8409,149.429,38.761],[-37.3812,142.89,22.9998],[20.0882,-110.529,-167.313],false,[30.5118,108.541,50.0651],[-3.87514,112.581,-6.05849],[-36.5344,132.956,-7.16269],[-41.1204,141.85,12.0529],[-36.2923,143.291,26.515],[[[-0.516173,-0.816874,0.257454],[0.679449,-0.573553,-0.457587],[0.521455,-0.0612669,0.851076]],[[-0.51807,-0.816645,0.25435],[-0.111157,-0.230565,-0.966687],[0.848084,-0.529085,0.0286736]],[[-0.51807,-0.816645,0.25435],[-0.828731,0.405655,-0.385551],[0.21168,-0.41053,-0.886937]],[[-0.51807,-0.816645,0.25435],[-0.795119,0.569414,0.208695],[-0.31526,-0.0941196,-0.944326]]],1],[7242,[0.281149,0.330421,0.900987],724,60.0613,[-28.1193,130.584,54.0916],[-25.4135,130.331,39.6245],[-3.33332,-20.407,-188.394],false,[25.6375,98.779,51.7285],[-11.1437,95.6331,1.24995],[-43.0888,124.177,6.85458],[-35.9226,132.599,29.8198],[-23.9764,130.343,41.4786],[[[-0.549192,-0.707815,0.444281],[0.593685,-0.704604,-0.388678],[0.588154,0.0503044,0.807183]],[[-0.556912,-0.708418,0.433582],[-0.378348,-0.248342,-0.891728],[0.739393,-0.660659,-0.129723]],[[-0.556912,-0.708418,0.433582],[-0.781539,0.623672,0.0151554],[-0.281149,-0.330421,-0.900987]],[[-0.556912,-0.708418,0.433582],[-0.432272,0.692973,0.577],[-0.709217,0.133913,-0.692154]]],2],[7243,[0.357684,0.472041,0.805754],724,57.7506,[-30.4036,117.745,56.2973],[-26.4214,118.646,46.7198],[17.4714,-16.4636,-132.851],false,[19.6662,90.4173,55.6895],[-16.8811,80.8713,14.1479],[-46.5966,107.458,17.8924],[-37.715,119.179,37.8999],[-24.7049,118.878,48.4413],[[[-0.499836,-0.637554,0.58625],[0.571378,-0.751411,-0.330013],[0.650916,0.170017,0.739867]],[[-0.49455,-0.636157,0.592221],[-0.452634,-0.393179,-0.800333],[0.741986,-0.663864,-0.0934993]],[[-0.49455,-0.636157,0.592221],[-0.792138,0.610313,-0.00590469],[-0.357684,-0.472041,-0.805754]],[[-0.49455,-0.636157,0.592221],[-0.389787,0.771351,0.503074],[-0.776844,0.0179556,-0.629437]]],3],[7244,[-0.850145,-0.0505009,-0.524121],724,45.2754,[-74.3559,64.885,-5.05749],[-74.1139,64.7675,-4.11023],[-21.9398,-299.78,156.367],false,[11.0076,86.0825,63.9951],[-23.7656,70.4065,28.6894],[-48.7777,63.9222,10.3352],[-63.6821,63.0368,1.1465],[-77.2655,64.0815,-6.14096],[[[-0.508632,-0.480614,0.714356],[0.541926,-0.823434,-0.168142],[0.669037,0.301606,0.679282]],[[-0.448362,-0.452487,0.770861],[0.419748,-0.867985,-0.265356],[0.789166,0.204591,0.579102]],[[-0.448362,-0.452487,0.770861],[0.276087,-0.89034,-0.362037],[0.850145,0.0505009,0.524121]],[[-0.448362,-0.452487,0.770861],[0.161303,-0.889204,-0.428133],[0.879177,-0.0676163,0.471673]]],4]],[[0,200,0],[235.247,235.247,147.751]]],[3693133,1817317725280,[[724,"right",[-0.506967,-0.173616,-0.8443],[-0.750912,0.569889,0.333703],[-2.69346,98.2356,22.8872],[68.6843,-110.316,-67.4626],[-10.9271,108.471,37.027],0.932718,0,0.423326,[[-0.845668,-0.447348,0.291077],[-0.084999,-0.425535,-0.900941],[0.526898,-0.786638,0.321837]],57.1155,[149.378,-91.4336,143.216],[21.8612,98.9446,65.3265]]],[[7240,[-0.939478,-0.0493959,-0.339029],724,46.7146,[-59.6438,134.72,36.9177],[-53.9877,125.329,24.7814],[46.8087,-142.549,-28.774],false,[26.9616,125.518,60.4326],[26.9616,125.518,60.4326],[-10.4843,132.308,36.902],[-39.1963,130.799,26.5407],[-59.2336,124.786,24.9808],[[[0.402407,-0.866796,-0.294505],[0.874275,0.459281,-0.157174],[0.271499,-0.19423,0.942636]],[[0.26706,-0.725452,-0.634348],[0.477786,0.671331,-0.566599],[0.836899,-0.151767,0.525897]],[[0.26706,-0.725452,-0.634348],[0.214615,0.686498,-0.694738],[0.939478,0.0493959,0.339029]],[[0.26706,-0.725452,-0.634348],[-0.127857,0.625764,-0.769462],[0.955161,0.286598,0.0743621]]],0],[7241,[-0.202577,0.4147,0.887123],724,52.7122,[-39.7132,149.122,38.1715],[-36.508,141.397,23.2672],[40.889,-124.096,-111.366],false,[32.2005,108.058,49.517],[-3.10326,111.265,-6.08871],[-36.0164,131.244,-6.83296],[-40.4053,140.229,12.3867],[-35.3667,141.835,26.7593],[[[-0.502333,-0.82092,0.271573],[0.679009,-0.568968,-0.46392],[0.535358,-0.0486422,0.843224]],[[-0.504269,-0.820738,0.268516],[-0.123444,-0.239241,-0.963081],[0.854678,-0.518799,0.0193265]],[[-0.504269,-0.820738,0.268516],[-0.839449,0.392954,-0.375383],[0.202577,-0.4147,-0.887123]],[[-0.504269,-0.820738,0.268516],[-0.798418,0.561592,0.217126],[-0.329,-0.104898,-0.938486]]],1],[7242,[0.278614,0.349999,0.894357],724,60.0613,[-28.0926,130.574,53.8892],[-24.7045,129.294,39.4105],[17.2922,-46.2829,-141.137],false,[27.4692,98.2522,51.329],[-10.0547,94.2892,1.45838],[-42.4637,122.348,6.84376],[-35.3621,131.269,29.64],[-23.2999,129.379,41.2444],[[[-0.533731,-0.71084,0.45808],[0.595897,-0.700493,-0.392703],[0.600031,0.0633706,0.797463]],[[-0.541785,-0.711631,0.44727],[-0.379178,-0.267978,-0.88567],[0.750129,-0.649438,-0.124649]],[[-0.541785,-0.711631,0.44727],[-0.792997,0.609165,0.00864628],[-0.278614,-0.349999,-0.894357]],[[-0.541785,-0.711631,0.44727],[-0.440082,0.693538,0.570379],[-0.716098,0.112187,-0.688925]]],2],[7243,[0.346973,0.494013,0.79722],724,57.7506,[-30.3438,117.747,56.1109],[-25.651,117.575,46.5447],[32.2369,-44.3983,-101.023],false,[21.6604,89.8511,55.4452],[-15.4141,79.5593,14.5539],[-45.72,105.519,17.9483],[-37.1044,117.786,37.7439],[-24.0391,117.894,48.2207],[[[-0.483007,-0.638925,0.598732],[0.575066,-0.747112,-0.333351],[0.660306,0.1833,0.728284]],[[-0.478664,-0.637708,0.603497],[-0.445244,-0.416113,-0.792848],[0.756729,-0.648211,-0.0847575]],[[-0.478664,-0.637708,0.603497],[-0.80653,0.590998,-0.0151988],[-0.346973,-0.494013,-0.79722]],[[-0.478664,-0.637708,0.603497],[-0.402825,0.770251,0.494414],[-0.780136,-0.00644509,-0.625576]]],3],[7244,[-0.856875,-0.067351,-0.511106],724,45.2754,[-73.2666,62.6877,-3.75293],[-72.6959,62.4772,-2.73016],[28.0395,-283.546,153.739],false,[13.1847,85.4778,63.9175],[-21.9459,69.125,29.2788],[-47.1247,62.1139,11.3512],[-62.1471,60.9331,2.39074],[-75.8495,61.7222,-4.70367],[[[-0.491671,-0.481129,0.725792],[0.549002,-0.818244,-0.170507],[0.675912,0.314628,0.666448]],[[-0.430571,-0.451718,0.781383],[0.428361,-0.864301,-0.263611],[0.794428,0.22121,0.565641]],[[-0.430571,-0.451718,0.781383],[0.283503,-0.889615,-0.358067],[0.856875,0.067351,0.511106]],[[-0.430571,-0.451718,0.781383],[0.167514,-0.890698,-0.422607],[0.886875,-0.0510693,0.459178]]],4]],[[0,200,0],[235.247,235.247,147.751]]],[3693134,1817317734998,[[724,"right",[-0.517849,-0.201906,-0.831304],[-0.758698,0.557349,0.337253],[-1.30186,97.2996,22.62],[90.5112,-106.216,-55.7552],[-9.26955,106.547,34.5459],0.932696,0,0.430986,[[-0.837908,-0.44756,0.31241],[-0.0964808,-0.441913,-0.891855],[0.537216,-0.777434,0.327101]],57.1155,[154.015,-88.739,143.734],[24.001,99.4115,64.5704]]],[[7240,[-0.944123,-0.0788462,-0.320023],724,46.7146,[-58.9638,133.456,35.5775],[-53.24,123.184,25.0056],[55.6409,-166.047,-13.9216],false,[28.3442,126.006,59.0954],[28.3442,126.006,59.0954],[-9.69311,131.435,36.1676],[-38.5471,129.025,26.3871],[-58.4562,122.505,25.3034],[[[0.41851,-0.861979,-0.28608],[0.85948,0.477687,-0.18196],[0.293503,-0.169728,0.94077]],[[0.273248,-0.730186,-0.62623],[0.450156,0.672387,-0.587585],[0.850115,-0.121344,0.512426]],[[0.273248,-0.730186,-0.62623],[0.1843,0.678684,-0.71093],[0.944123,0.0788462,0.320023]],[[0.273248,-0.730186,-0.62623],[-0.15694,0.608443,-0.777925],[0.949055,0.310847,0.0516605]]],0],[7241,[-0.196482,0.426129,0.883068],724,52.7122,[-39.5297,148.631,37.3842],[-36.1709,139.611,22.8456],[39.1845,-141.521,-91.5538],false,[33.8175,108.478,48.4051],[-2.56854,109.769,-6.57699],[-35.9799,128.911,-7.07005],[-40.2367,138.143,12.0618],[-34.9744,140.141,26.3045],[[[-0.47657,-0.827822,0.295959],[0.684421,-0.560649,-0.466091],[0.551769,-0.0195645,0.833767]],[[-0.478553,-0.827746,0.292956],[-0.135022,-0.2603,-0.95604],[0.867615,-0.497071,0.0128038]],[[-0.478553,-0.827746,0.292956],[-0.855793,0.365034,-0.366563],[0.196482,-0.426129,-0.883068]],[[-0.478553,-0.827746,0.292956],[-0.808034,0.545718,0.221975],[-0.34361,-0.130492,-0.930002]]],1],[7242,[0.276314,0.380229,0.882653],724,60.0613,[-28.0634,130.552,53.6976],[-24.2427,128.238,38.6761],[25.1769,-66.2736,-121.667],false,[29.3671,98.5949,50.4851],[-8.95348,92.7708,1.40916],[-42.1168,119.99,6.50032],[-35.0738,129.682,28.9983],[-22.8281,128.408,40.4938],[[[-0.50729,-0.715067,0.480974],[0.605946,-0.692825,-0.390927],[0.61277,0.093131,0.784754]],[[-0.515757,-0.716292,0.470021],[-0.380528,-0.300007,-0.874754],[0.767589,-0.630017,-0.117838]],[[-0.515757,-0.716292,0.470021],[-0.810953,0.585108,0.00181545],[-0.276314,-0.380229,-0.882653]],[[-0.515757,-0.716292,0.470021],[-0.453284,0.693688,0.55976],[-0.727,0.075647,-0.682458]]],2],[7243,[0.329906,0.527641,0.782788],724,57.7506,[-30.2788,117.732,55.9217],[-25.0902,116.598,45.9389],[36.3204,-62.0525,-89.6141],false,[23.8468,90.1318,54.8629],[-13.7016,78.1617,14.8708],[-44.8801,103.13,17.7679],[-36.6883,116.231,37.2051],[-23.5806,117.037,47.5982],[[[-0.455812,-0.639292,0.619307],[0.587379,-0.738821,-0.330349],[0.668746,0.213191,0.71227]],[[-0.453628,-0.638593,0.621628],[-0.433745,-0.451131,-0.779965],[0.778516,-0.623442,-0.0723411]],[[-0.453628,-0.638593,0.621628],[-0.827879,0.560173,-0.0286768],[-0.329906,-0.527641,-0.782788]],[[-0.453628,-0.638593,0.621628],[-0.426207,0.768039,0.477979],[-0.782668,