{"metadata":{"formatVersion":2,"generatedBy":"LeapJS Playback 0.2.1","frames":1,"frameRate":"1.0e+2","modified":"Tue Jun 02 2015 19:43:39 GMT-0300 (E. South America Standard Time)","title":"leap-playback-recording-100fps (2)"},"frames":[["id","timestamp",{"hands":[["id","type","direction","palmNormal","palmPosition","palmVelocity","stabilizedPalmPosition","pinchStrength","grabStrength","confidence","armBasis","armWidth","elbow","wrist"]]},{"pointables":[["id","direction","handId","length","stabilizedTipPosition","tipPosition","tipVelocity","tool","carpPosition","mcpPosition","pipPosition","dipPosition","btipPosition","bases","type"]]},{"interactionBox":["center","size"]}],[3698693,1817372110242,[[727,"right",[-0.0389357,0.816517,-0.576007],[0.0607438,-0.573444,-0.81699],[46.0366,94.0343,7.41257],[5.96834,-3.56006,-3.11017],[44.6325,98.0148,6.66187],0,0,0.522918,[[0.898682,0.347062,-0.268176],[-0.0668221,0.712639,0.698341],[0.43348,-0.609667,0.663627]],61.5419,[168.196,-104.649,214.118],[55.1568,54.3339,41.0632]]],[[7270,[-0.881035,0.44027,-0.173031],727,50.3349,[-57.5211,94.8659,10.6441],[-54.3834,89.6096,11.6284],[2.79434,-3.62369,-0.460411],false,[28.4572,43.8146,33.6942],[28.4572,43.8146,33.6942],[-8.99541,69.203,17.0492],[-38.008,83.7012,11.3512],[-59.3599,91.1107,11.6969],[[[0.33942,0.699112,0.629314],[-0.814667,-0.115965,0.568217],[0.470226,-0.705545,0.530182]],[[0.279669,0.779782,0.560111],[-0.56418,-0.338563,0.753045],[0.776844,-0.526607,0.345252]],[[0.279669,0.779782,0.560111],[-0.381527,-0.445086,0.810145],[0.881035,-0.44027,0.173031]],[[0.279669,0.779782,0.560111],[-0.171683,-0.53337,0.828276],[0.944622,-0.327805,-0.0152917]]],0],[7271,[-0.17536,0.868772,-0.463124],727,56.7973,[10.8454,188.311,-30.9949],[7.51652,182.622,-35.2328],[4.15032,-5.71015,-8.89027],false,[34.6771,63.6029,43.3826],[20.8527,113.332,-5.45112],[13.3555,152.633,-16.448],[9.26182,172.914,-27.2593],[6.56747,185.464,-37.6287],[[[0.976697,0.202945,-0.0698289],[-0.0906072,0.684839,0.72304],[0.194559,-0.699864,0.687268]],[[0.983524,0.175575,-0.0430485],[-0.00575779,0.268437,0.96328],[0.180683,-0.947162,0.265025]],[[0.983524,0.175575,-0.0430485],[-0.0439134,0.463043,0.885248],[0.17536,-0.868772,0.463124]],[[0.983524,0.175575,-0.0430485],[-0.0775874,0.625064,0.776708],[0.163278,-0.760571,0.628388]]],1],[7272,[0.0427857,-0.86845,0.493927],727,64.716,[38.4282,65.6844,-15.5847],[40.2416,60.5222,-14.8668],[4.93731,-2.51187,-7.62024],false,[45.9077,67.5146,43.3588],[41.9374,116.036,-3.2284],[37.7585,89.8079,-41.4615],[38.9336,65.9564,-27.8961],[40.5777,58.8374,-11.2821],[[[0.995043,-0.0132164,-0.0985651],[0.0801129,0.693758,0.715739],[0.0589209,-0.720087,0.691378]],[[0.994701,-0.00922908,-0.102392],[-0.0501091,0.826124,-0.561256],[0.0897681,0.563413,0.821284]],[[0.994701,-0.00922908,-0.102392],[-0.0934806,-0.49569,-0.863454],[-0.0427857,0.86845,-0.493927]],[[0.994701,-0.00922908,-0.102392],[-0.0486102,-0.919817,-0.389324],[-0.0905886,0.392239,-0.915392]]],2],[7273,[-0.140036,-0.848354,0.510573],727,62.2262,[51.2008,64.2673,-7.99032],[53.0312,59.7742,-7.41492],[4.99118,-2.82968,-10.9261],false,[57.6791,68.5323,42.2696],[63.2328,112.359,0.935918],[57.3111,87.8517,-34.0847],[53.5644,65.1539,-20.4243],[52.8629,58.0866,-3.83527],[[[0.983979,-0.1713,-0.0494219],[0.152837,0.667733,0.728542],[-0.0917984,-0.724424,0.683216]],[[0.982152,-0.184406,-0.0370264],[0.128628,0.802154,-0.583098],[0.137228,0.567928,0.811558]],[[0.982152,-0.184406,-0.0370264],[-0.125564,-0.496275,-0.859037],[0.140036,0.848354,-0.510573]],[[0.982152,-0.184406,-0.0370264],[-0.184025,-0.90145,-0.39182],[0.0388765,0.391641,-0.919297]]],3],[7274,[-0.372149,-0.813003,0.447807],727,48.7842,[63.0903,72.6894,-6.75378],[64.6297,68.2049,-6.51612],[5.6189,-4.18483,-4.56521],false,[69.653,63.3145,37.9865],[82.4053,104.782,2.57254],[73.879,88.9072,-26.4368],[66.849,73.5494,-17.9776],[63.9862,66.4991,-3.17086],[[[0.927871,-0.361951,-0.0897074],[0.295306,0.566319,0.769466],[-0.227706,-0.740456,0.632357]],[[0.902475,-0.429688,-0.030107],[0.351005,0.774128,-0.526803],[0.249668,0.464859,0.849454]],[[0.902475,-0.429688,-0.030107],[-0.216894,-0.39293,-0.893623],[0.372149,0.813003,-0.447807]],[[0.902475,-0.429688,-0.030107],[-0.394924,-0.797504,-0.456095],[0.171968,0.423504,-0.889422]]],4]],[[0,200,0],[235.247,235.247,147.751]]]]}