{"metadata":{"formatVersion":2,"generatedBy":"LeapJS Playback 0.2.1","frames":1,"frameRate":"1.0e+2","modified":"Tue Jun 02 2015 19:43:24 GMT-0300 (E. South America Standard Time)","title":"leap-playback-recording-100fps (2)"},"frames":[["id","timestamp",{"hands":[["id","type","direction","palmNormal","palmPosition","palmVelocity","stabilizedPalmPosition","pinchStrength","grabStrength","confidence","armBasis","armWidth","elbow","wrist"]]},{"pointables":[["id","direction","handId","length","stabilizedTipPosition","tipPosition","tipVelocity","tool","carpPosition","mcpPosition","pipPosition","dipPosition","btipPosition","bases","type"]]},{"interactionBox":["center","size"]}],[3698535,1817370524760,[[727,"right",[0.0498197,0.867577,-0.494801],[-0.00642617,-0.495127,-0.868797],[43.0157,109.843,9.62785],[-1.61992,-28.654,-6.16682],[43.6128,107.576,-2.01661],0,0,0.477466,[[0.898342,0.289968,-0.330001],[0.0204228,0.722822,0.690732],[0.438823,-0.627253,0.643419]],61.5419,[162.229,-97.25,206.984],[47.7971,66.3192,39.1992]]],[[7270,[-0.867991,0.475205,-0.144121],727,50.3349,[-62.2932,114.092,7.69563],[-61.2267,108.264,12.8569],[3.5953,-45.868,-6.88184],false,[20.0666,59.5666,31.2466],[20.0666,59.5666,31.2466],[-16.5683,86.7658,15.6769],[-45.1514,102.414,10.931],[-66.3985,109.851,12.9765],[[[0.417358,0.593451,0.688206],[-0.820347,-0.079764,0.566276],[0.390951,-0.800908,0.453545]],[[0.319787,0.756945,0.569886],[-0.565964,-0.329772,0.755602],[0.759882,-0.564167,0.322947]],[[0.319787,0.756945,0.569886],[-0.379904,-0.448569,0.808986],[0.867991,-0.475205,0.144121]],[[0.319787,0.756945,0.569886],[-0.118983,-0.564626,0.816725],[0.939989,-0.328985,-0.0904964]]],0],[7271,[0.0576219,0.902487,-0.426846],727,56.7973,[21.2841,196.601,-45.7923],[24.6794,204.502,-27.2638],[-34.6365,-42.1855,-26.5922],false,[28.4826,77.5212,42.6889],[20.0826,132.949,-0.969133],[22.1686,173.518,-9.42424],[23.5138,194.586,-19.3886],[24.5297,207.607,-29.4744],[[[0.992924,0.0998647,-0.0642571],[-0.0112348,0.617676,0.786352],[0.118219,-0.780066,0.614427]],[[0.998036,-0.0415442,0.0468919],[-0.0373821,0.205725,0.977896],[-0.0502727,-0.977728,0.203768]],[[0.998036,-0.0415442,0.0468919],[-0.0245864,0.428709,0.903108],[-0.0576219,-0.902487,0.426846]],[[0.998036,-0.0415442,0.0468919],[-0.0116093,0.61289,0.790083],[-0.0615629,-0.789075,0.611204]]],1],[7272,[-0.0519282,-0.910478,0.410284],727,64.716,[32.8142,80.0803,-15.932],[33.4422,79.9428,-15.5974],[9.45406,-35.1574,-1.60446],false,[40.0781,80.1554,42.8762],[41.3456,133.086,1.19639],[34.1533,111.664,-39.504],[32.7271,86.6583,-28.2358],[33.6598,78.0054,-12.3089],[[[0.987036,-0.113215,-0.113761],[0.159391,0.608391,0.777467],[-0.0188097,-0.785521,0.618549]],[[0.987122,-0.109042,-0.117044],[0.0414738,0.881108,-0.471092],[0.154497,0.460171,0.874284]],[[0.987122,-0.109042,-0.117044],[-0.151304,-0.398923,-0.904416],[0.0519282,0.910478,-0.410284]],[[0.987122,-0.109042,-0.117044],[-0.15149,-0.872246,-0.465013],[-0.051385,0.476756,-0.877533]]],2],[7273,[-0.237046,-0.869313,0.433711],727,62.2262,[46.8432,78.1107,-6.8055],[46.0307,77.4426,-8.5463],[10.5672,-28.9454,-3.61807],false,[51.8855,79.9702,41.719],[62.1163,126.7,4.68213],[53.5492,106.989,-32.7368],[47.207,83.73,-21.1328],[45.7726,75.5195,-5.12767],[[[0.958667,-0.273116,-0.0797794],[0.228822,0.573397,0.786674],[-0.169108,-0.772414,0.612192]],[[0.954142,-0.292334,-0.0644548],[0.224051,0.840166,-0.493885],[0.198532,0.456795,0.867135]],[[0.954142,-0.292334,-0.0644548],[-0.18282,-0.398543,-0.898744],[0.237046,0.869313,-0.433711]],[[0.954142,-0.292334,-0.0644548],[-0.28861,-0.841144,-0.457364],[0.0794874,0.454992,-0.886941]]],3],[7274,[-0.460917,-0.800691,0.382687],727,48.7842,[61.9236,84.456,-5.18084],[59.1807,83.6781,-6.80767],[3.01418,-23.3554,-1.18147],false,[63.1895,73.9024,36.7845],[80.3346,116.935,5.31041],[70.0836,105.082,-25.0324],[61.3768,89.9566,-17.8034],[57.8679,82.1215,-3.54005],[[[0.881577,-0.451641,-0.137266],[0.359299,0.453428,0.815664],[-0.306147,-0.76839,0.562006]],[[0.846701,-0.525928,-0.0806069],[0.439311,0.776491,-0.451737],[0.300172,0.347075,0.888502]],[[0.846701,-0.525928,-0.0806069],[-0.265807,-0.286868,-0.920355],[0.460917,0.800691,-0.382687]],[[0.846701,-0.525928,-0.0806069],[-0.488541,-0.708446,-0.509344],[0.210773,0.470642,-0.856779]]],4]],[[0,200,0],[235.247,235.247,147.751]]]]}