{"metadata":{"formatVersion":2,"generatedBy":"LeapJS Playback 0.2.1","frames":1,"protocolVersion":6,"serviceVersion":"2.2.5+26752","frameRate":"1.1e+2","modified":"Tue Jun 02 2015 20:42:35 GMT-0300 (E. South America Standard Time)"},"frames":[["id","timestamp",{"hands":[["id","type","direction","palmNormal","palmPosition","palmVelocity","stabilizedPalmPosition","pinchStrength","grabStrength","confidence","armBasis","armWidth","elbow","wrist"]]},{"pointables":[["id","direction","handId","length","stabilizedTipPosition","tipPosition","tipVelocity","tool","carpPosition","mcpPosition","pipPosition","dipPosition","btipPosition","bases","type"]]},{"interactionBox":["center","size"]}],[526181,1298647716471,[[244,"right",[-0.00213804,-0.992371,-0.123267],[-0.00596368,-0.123252,0.992357],[-15.7964,185.834,-12.8459],[-4.67113,19.9737,22.4031],[-13.9843,187.928,-13.5956],0,0,0.120597,[[0.657535,-0.497373,-0.565922],[0.00586664,0.75449,-0.656285],[0.753401,0.42821,0.499022]],63.72,[195.386,355.55,124.302],[-8.03257,239.933,-10.4334]]],[[2440,[0.0957272,-0.992426,0.0769868],244,52.1164,[-59.1266,151.885,-11.9689],[-60.2103,148.873,-7.73132],[2.49249,17.5,86.8972],false,[-36.5972,242.079,0.544686],[-36.5972,242.079,0.544686],[-62.2149,200.691,-10.5246],[-58.951,166.854,-7.89964],[-60.732,143.519,-8.03385],[[[0.407306,-0.0845531,-0.909369],[-0.801276,0.444707,-0.40024],[0.438244,0.891676,0.113381]],[[0.43422,-0.0279619,-0.900373],[-0.740323,0.55836,-0.374374],[0.5132,0.829128,0.22175]],[[0.43422,-0.0279619,-0.900373],[-0.895706,-0.119619,-0.428255],[-0.0957272,0.992426,-0.0769868]],[[0.43422,-0.0279619,-0.900373],[-0.897587,0.0710074,-0.435082],[0.0760989,0.997084,0.0057346]]],0],[2441,[0.10987,-0.988915,0.0998799],244,58.8075,[-33.3467,83.4159,-10.4189],[-32.353,82.1577,-9.51551],[19.8917,8.96085,-28.9029],false,[-28.4382,233.847,-20.1326],[-40.8722,161.362,-18.2128],[-36.1695,118.755,-15.3221],[-33.5139,94.8528,-12.908],[-31.6326,78.007,-10.7639],[[[0.985425,-0.169437,-0.0151224],[-0.0193211,-0.023159,-0.999545],[0.16901,0.985269,-0.0260952]],[[0.993889,0.108229,-0.0217194],[-0.0142573,-0.06925,-0.997497],[-0.109462,0.991711,-0.0672838]],[[0.993889,0.108229,-0.0217194],[-0.0106688,-0.101656,-0.994762],[-0.10987,0.988915,-0.0998799]],[[0.993889,0.108229,-0.0217194],[-0.00783292,-0.127115,-0.991857],[-0.110108,0.985966,-0.12549]]],1],[2442,[-0.0474508,-0.995356,0.0837568],244,67.0064,[-23.0416,72.5823,-13.6609],[-22.7394,70.9191,-12.0901],[6.59916,11.7164,-18.7155],false,[-16.5674,231.164,-22.003],[-18.8361,161.455,-20.2455],[-20.918,113.374,-17.5633],[-22.2674,85.0698,-15.1815],[-23.222,66.408,-13.1896],[[[0.987957,-0.0283188,0.152112],[0.15127,-0.029834,-0.988042],[0.0325183,0.999154,-0.025191]],[[0.987746,-0.0342757,0.15226],[0.149974,-0.0615409,-0.986773],[0.0431925,0.997516,-0.0556463]],[[0.987746,-0.0342757,0.15226],[0.148682,-0.0899553,-0.984785],[0.0474508,0.995356,-0.0837568]],[[0.987746,-0.0342757,0.15226],[0.147571,-0.112432,-0.98264],[0.0507996,0.993068,-0.105997]]],2],[2443,[-0.103583,-0.986607,0.126003],244,64.4285,[-4.23737,85.7199,-9.07263],[-5.08376,82.3151,-8.4697],[-57.8293,9.53295,-90.3238],false,[-4.3803,229.971,-21.0124],[3.03204,167.794,-19.3267],[-1.1342,123.448,-15.809],[-4.00365,96.1173,-12.3185],[-6.0854,77.7993,-9.28405],[[[0.967741,0.121354,0.220794],[0.222428,0.0000850051,-0.974949],[-0.118332,0.992609,-0.0269102]],[[0.972295,-0.0737513,0.221816],[0.214352,-0.0972331,-0.971905],[0.0932471,0.992525,-0.0787306]],[[0.972295,-0.0737513,0.221816],[0.209553,-0.145489,-0.966913],[0.103583,0.986607,-0.126003]],[[0.972295,-0.0737513,0.221816],[0.205494,-0.182625,-0.961468],[0.111419,0.980413,-0.16241]]],3],[2444,[-0.435667,0.672696,0.598059],244,50.5107,[-0.832537,189.111,31.6557],[-0.564582,189.068,31.7746],[46.6743,54.737,-3.41812],false,[7.4635,231.337,-13.2397],[22.3448,175.299,-13.9253],[12.3301,163.386,17.825],[3.80901,176.544,29.5223],[-1.86031,192.539,32.5428],[[[0.897398,0.233728,0.37423],[0.358905,0.106653,-0.92726],[-0.25664,0.966435,0.011824]],[[0.89401,0.246183,0.374352],[0.347171,-0.908791,-0.231454],[0.283227,0.336887,-0.897936]],[[0.89401,0.246183,0.374352],[-0.104593,-0.697764,0.708651],[0.435667,-0.672696,-0.598059]],[[0.89401,0.246183,0.374352],[-0.304245,-0.279787,0.910579],[0.328908,-0.927962,-0.175232]]],4]],[[0,200,0],[235.247,235.247,147.751]]]]}