{"metadata":{"formatVersion":2,"generatedBy":"LeapJS Playback 0.2.1","frames":1,"protocolVersion":6,"serviceVersion":"2.2.5+26752","frameRate":"1.1e+2","modified":"Tue Jun 02 2015 20:43:01 GMT-0300 (E. South America Standard Time)"},"frames":[["id","timestamp",{"hands":[["id","type","direction","palmNormal","palmPosition","palmVelocity","stabilizedPalmPosition","pinchStrength","grabStrength","confidence","armBasis","armWidth","elbow","wrist"]]},{"pointables":[["id","direction","handId","length","stabilizedTipPosition","tipPosition","tipVelocity","tool","carpPosition","mcpPosition","pipPosition","dipPosition","btipPosition","bases","type"]]},{"interactionBox":["center","size"]}],[528408,1298676500120,[[249,"right",[-0.171834,-0.883644,-0.435484],[0.320929,-0.468157,0.823307],[4.44187,159.969,-25.08],[21.6354,28.8762,16.6119],[6.48559,158.272,-27.1752],1,0.0380671,0.335041,[[0.421446,-0.588738,-0.689762],[-0.278797,0.639657,-0.716318],[0.862934,0.494193,0.105442]],62.1171,[246.188,338.52,19.4256],[19.0571,208.445,-8.32772]]],[[2490,[0.378786,-0.914478,-0.142304],249,50.8054,[19.9677,118.265,5.5574],[24.9795,115.383,-2.27907],[14.4903,22.2375,12.6286],false,[-2.87491,206.511,11.9098],[-2.87491,206.511,11.9098],[0.561794,158.514,4.6692],[13.1519,128.118,-0.0606768],[28.3756,111.345,-2.78565],[[[0.0542085,0.245615,-0.967851],[-0.826036,0.555599,0.0947311],[0.561005,0.794344,0.233005]],[[-0.0137289,0.148192,-0.988863],[-0.997409,-0.0718803,0.00307551],[-0.070624,0.986343,0.148795]],[[-0.0137289,0.148192,-0.988863],[-0.925382,-0.376522,-0.0435784],[-0.378786,0.914478,0.142304]],[[-0.0137289,0.148192,-0.988863],[-0.744687,-0.661481,-0.0887914],[-0.667272,0.735175,0.119438]]],0],[2491,[0.00218412,-0.988562,0.150802],249,57.3282,[-19.118,65.0854,-26.2026],[-23.3429,61.9008,-18.6939],[-1.91956,27.7396,-8.07467],false,[-3.46177,206.204,-11.1885],[-23.1533,139.46,-28.5428],[-24.0461,97.7942,-24.3939],[-23.9947,74.5014,-20.8407],[-23.6878,58.14,-17.7381],[[[0.889311,-0.150054,-0.431983],[-0.365704,0.333801,-0.868814],[0.274565,0.930624,0.241977]],[[0.911559,-0.0600365,-0.406763],[-0.410617,-0.0816288,-0.908147],[0.0213184,0.994853,-0.0990614]],[[0.911559,-0.0600365,-0.406763],[-0.411164,-0.138353,-0.901001],[-0.00218412,0.988562,-0.150802]],[[0.911559,-0.0600365,-0.406763],[-0.410757,-0.177297,-0.89434],[-0.0184249,0.982324,-0.186277]]],1],[2492,[-0.0920802,-0.968764,0.230254],249,65.3209,[-6.17673,56.2076,-30.4537],[-12.5373,53.8062,-20.7073],[1.70794,28.9006,-12.2055],false,[6.33374,204.441,-17.8987],[-3.85093,140.314,-38.1393],[-9.24974,94.2099,-30.8486],[-11.8023,67.3547,-24.4657],[-13.1971,49.8278,-19.322],[[[0.967456,-0.0776352,-0.240836],[-0.203974,0.323977,-0.923815],[0.149746,0.942874,0.297598]],[[0.952267,-0.15326,-0.264004],[-0.282816,-0.11742,-0.95196],[0.114898,0.981185,-0.15516]],[[0.952267,-0.15326,-0.264004],[-0.291046,-0.194953,-0.936635],[0.0920802,0.968764,-0.230254]],[[0.952267,-0.15326,-0.264004],[-0.295618,-0.247282,-0.922747],[0.0761368,0.956746,-0.280785]]],2],[2493,[0.094843,0.465063,0.880183],249,62.8078,[21.5433,139.259,9.45121],[23.8323,135.735,7.64918],[16.2891,27.0265,19.318],false,[17.5644,203.047,-21.8177],[17.0729,145.834,-43.1564],[21.2917,109.247,-19.9042],[23.8529,121.806,3.86523],[23.8289,139.404,8.56044],[[[0.991553,0.0377623,-0.124086],[-0.129455,0.347494,-0.928703],[0.00804935,0.936921,0.349447]],[[0.991522,0.0347589,-0.125206],[-0.0866185,-0.541451,-0.836258],[-0.0968602,0.840013,-0.53385]],[[0.991522,0.0347589,-0.125206],[0.0888227,-0.884595,0.457823],[-0.094843,-0.465063,-0.880183]],[[0.991522,0.0347589,-0.125206],[0.129934,-0.25543,0.958057],[0.00131968,-0.966203,-0.257781]]],3],[2494,[-0.01449,0.39841,0.917093],249,49.2401,[35.9973,144.647,-0.657996],[36.1852,141.04,-3.9855],[18.2334,24.4937,17.7458],false,[31.0844,201.631,-19.0429],[37.3334,150.855,-43.0841],[36.4605,120.864,-26.115],[36.1843,128.46,-8.62893],[36.306,144.216,-2.7911],[[[0.993488,0.0880082,0.0723582],[0.0275667,0.430538,-0.902151],[-0.11055,0.898271,0.425308]],[[0.999609,-0.0161803,0.0228229],[0.0118919,-0.492677,-0.870131],[0.0253233,0.870062,-0.492292]],[[0.999609,-0.0161803,0.0228229],[-0.0239317,-0.917065,0.398019],[0.01449,-0.39841,-0.917093]],[[0.999609,-0.0161803,0.0228229],[-0.027022,-0.347122,0.937431],[-0.00724556,-0.93768,-0.347423]]],4]],[[0,200,0],[235.247,235.247,147.751]]]]}