{"metadata":{"formatVersion":2,"generatedBy":"LeapJS Playback 0.2.1","frames":1,"frameRate":"1.0e+2","modified":"Tue Jun 02 2015 19:47:01 GMT-0300 (E. South America Standard Time)","title":"leap-playback-recording-100fps (4)"},"frames":[["id","timestamp",{"hands":[["id","type","direction","palmNormal","palmPosition","palmVelocity","stabilizedPalmPosition","pinchStrength","grabStrength","confidence","armBasis","armWidth","elbow","wrist"]]},{"pointables":[["id","direction","handId","length","stabilizedTipPosition","tipPosition","tipVelocity","tool","carpPosition","mcpPosition","pipPosition","dipPosition","btipPosition","bases","type"]]},{"interactionBox":["center","size"]}],[3711658,1817499592339,[[742,"right",[0.0270219,0.91329,-0.406412],[-0.969323,-0.0754205,-0.233935],[-7.29984,147.055,-13.8465],[-58.703,9.1419,-3.48885],[-2.39413,142.856,-14.6004],1,1,0.1913,[[0.193225,-0.348518,-0.917169],[0.73949,0.666095,-0.0973194],[0.64484,-0.659433,0.386432]],56.0936,[150.01,-55.497,92.2849],[-3.25872,101.24,0.435903]]],[[7420,[-0.499886,0.571398,-0.650859],742,45.8788,[-44.9342,145.071,-33.5257],[-54.7823,154.756,-10.6693],[-51.8008,31.6245,48.3985],false,[-18.6869,107.817,21.6018],[-18.6869,107.817,21.6018],[-41.4526,145.396,22.3712],[-56.4566,162.546,2.83571],[-54.2592,152.224,-14.8584],[[[0.970568,0.084605,-0.225478],[0.226336,-0.000564438,0.974049],[0.0822821,-0.996414,-0.019697]],[[0.837231,0.511187,-0.194248],[0.175063,0.0859759,0.980796],[0.518071,-0.855158,-0.0175082]],[[0.837231,0.511187,-0.194248],[-0.221718,0.642021,0.733928],[0.499886,-0.571398,0.650859]],[[0.837231,0.511187,-0.194248],[-0.536348,0.698323,-0.474],[-0.106655,0.501032,0.858832]]],0],[7421,[-0.14746,-0.945644,0.289851],742,51.7691,[-34.7492,131.541,-15.5028],[-44.3269,144.721,-1.47403],[-46.8077,34.6949,43.348],false,[-0.0127361,114.877,15.5292],[-10.2462,176.12,-2.88042],[-46.7659,174.157,-12.5158],[-49.9035,154.036,-6.34846],[-43.158,142.059,-0.242645],[[[0.245371,-0.24124,-0.938934],[0.956465,0.21811,0.193913],[0.158011,-0.945638,0.284256]],[[0.257754,-0.31967,-0.911797],[0.0341087,0.946106,-0.322057],[0.965608,0.0519112,0.254766]],[[0.257754,-0.31967,-0.911797],[-0.954892,0.0597432,-0.290882],[0.14746,0.945644,-0.289851]],[[0.257754,-0.31967,-0.911797],[-0.855816,-0.513567,-0.0618758],[-0.448489,0.796279,-0.405953]]],1],[7422,[-0.132586,-0.926898,0.351115],742,58.9867,[-31.6529,125.678,-25.6766],[-43.0566,136.049,-10.5854],[-67.7194,41.5905,33.6397],false,[3.96974,113.107,5.60425],[-3.66392,168.593,-19.5994],[-45.8418,169.437,-24.1547],[-49.1608,146.234,-15.3652],[-40.9096,133.19,-9.41121],[[[0.0977896,-0.400405,-0.911105],[0.987415,0.153371,0.0385776],[0.124291,-0.903412,0.410365]],[[0.0927879,-0.364294,-0.92665],[0.0575452,0.931071,-0.36027],[0.994022,-0.0198956,0.107356]],[[0.0927879,-0.364294,-0.92665],[-0.986819,0.0902812,-0.134305],[0.132586,0.926898,-0.351115]],[[0.0927879,-0.364294,-0.92665],[-0.86175,-0.495587,0.108541],[-0.498776,0.788469,-0.359915]]],2],[7423,[-0.209255,-0.809863,0.548028],742,56.7173,[-23.8869,123.989,-27.6484],[-37.0187,130.31,-18.702],[-81.1515,40.4598,22.5166],false,[5.71497,109.572,-4.46655],[0.882784,155.705,-34.2842],[-37.9497,159.704,-39.0872],[-43.0527,139.954,-25.7227],[-35.5203,128.109,-17.15],[[[0.0402985,-0.539401,-0.841084],[0.995338,0.0954952,-0.0135534],[0.0876303,-0.836617,0.540734]],[[0.0432566,-0.567553,-0.8222],[0.152888,0.817037,-0.555946],[0.987296,-0.101656,0.122114]],[[0.0432566,-0.567553,-0.8222],[-0.976904,0.148344,-0.153795],[0.209255,0.809863,-0.548028]],[[0.0432566,-0.567553,-0.8222],[-0.887924,-0.399074,0.228761],[-0.457952,0.720155,-0.521206]]],3],[7424,[-0.210119,-0.778245,0.591764],742,44.4653,[-14.131,121.754,-35.7675],[-27.8172,125.964,-31.3577],[-98.4814,35.3979,11.5084],false,[1.83721,103.008,-14.4086],[1.15785,142.054,-47.2793],[-29.3048,148.448,-47.5239],[-32.9226,135.048,-37.3349],[-26.2812,123.55,-29.9902],[[[-0.114846,-0.640919,-0.758969],[0.993294,-0.0638546,-0.0963816],[0.0133091,-0.764948,0.643954]],[[-0.115524,-0.581273,-0.805466],[0.169997,0.787362,-0.592589],[0.97865,-0.205385,0.00785585]],[[-0.115524,-0.581273,-0.805466],[-0.970827,0.237607,-0.0322307],[0.210119,0.778245,-0.591764]],[[-0.115524,-0.581273,-0.805466],[-0.891673,-0.296628,0.341952],[-0.437691,0.757716,-0.484038]]],4]],[[0,200,0],[235.247,235.247,147.751]]]]}