{"metadata":{"formatVersion":2,"generatedBy":"LeapJS Playback 0.2.1","frames":1,"frameRate":"1.0e+2","modified":"Tue Jun 02 2015 19:46:16 GMT-0300 (E. South America Standard Time)","title":"leap-playback-recording-100fps (4)"},"frames":[["id","timestamp",{"hands":[["id","type","direction","palmNormal","palmPosition","palmVelocity","stabilizedPalmPosition","pinchStrength","grabStrength","confidence","armBasis","armWidth","elbow","wrist"]]},{"pointables":[["id","direction","handId","length","stabilizedTipPosition","tipPosition","tipVelocity","tool","carpPosition","mcpPosition","pipPosition","dipPosition","btipPosition","bases","type"]]},{"interactionBox":["center","size"]}],[3711266,1817495853166,[[742,"right",[-0.314078,0.797153,-0.515657],[-0.914291,-0.400296,-0.0619375],[-2.93088,132.853,-12.2889],[-2.43663,9.95906,19.9032],[-4.43902,136.494,-12.9414],0.856373,1,0.35485,[[0.338129,-0.558712,-0.757304],[0.815941,0.575021,-0.0599205],[0.468944,-0.597654,0.650308]],56.0936,[128.654,-48.6052,161.294],[17.1929,93.4483,6.72509]]],[[7420,[-0.533704,0.119305,-0.837213],742,45.8788,[-42.9482,120.011,-27.2202],[-42.176,119.183,-28.2516],[-0.944487,9.03953,-3.31938],false,[3.02719,98.5848,29.1355],[3.02719,98.5848,29.1355],[-26.2376,124.963,9.67292],[-42.2566,128.543,-15.4559],[-42.512,116.412,-32.106],[[[0.859408,0.331699,-0.389093],[0.325599,0.23169,0.916681],[0.394211,-0.914492,0.0911156]],[[0.74597,0.532761,-0.399618],[0.0039165,0.596526,0.802584],[0.665969,-0.600269,0.442904]],[[0.74597,0.532761,-0.399618],[-0.398358,0.837814,0.373335],[0.533704,-0.119305,0.837213]],[[0.74597,0.532761,-0.399618],[-0.665865,0.607814,-0.432651],[0.0123939,0.588836,0.808157]]],0],[7421,[0.382388,-0.869071,0.313839],742,51.7691,[-32.5233,119.709,4.61015],[-30.2179,120.795,3.70679],[-4.83466,3.05175,8.58006],false,[17.6225,109.775,19.2769],[-13.7423,161.121,-4.68637],[-47.6976,144.532,-6.17607],[-39.5613,126.04,0.501652],[-26.7485,119.375,4.70013],[[[0.199424,-0.311747,-0.929002],[0.851875,0.523696,0.00712937],[0.484292,-0.792815,0.370007]],[[0.171948,-0.266791,-0.948291],[-0.405443,0.858152,-0.314947],[0.897803,0.438632,0.0393888]],[[0.171948,-0.266791,-0.948291],[-0.907862,-0.416579,-0.0474171],[-0.382388,0.869071,-0.313839]],[[0.171948,-0.266791,-0.948291],[-0.494708,-0.855827,0.151075],[-0.851879,0.44315,-0.279141]]],1],[7422,[0.320446,-0.799888,0.507439],742,58.9867,[-30.3354,111.707,0.38074],[-28.1364,112.06,-0.0239046],[-0.690784,3.26271,8.83002],false,[20.7864,107.628,9.13407],[-7.07529,153.197,-21.187],[-46.4265,137.772,-17.4438],[-38.4047,117.749,-4.74107],[-24.8347,110.462,1.29462],[[[0.114854,-0.500672,-0.857983],[0.883752,0.445919,-0.14191],[0.453642,-0.741946,0.493686]],[[0.113977,-0.499238,-0.858936],[-0.356273,0.786526,-0.504427],[0.927404,0.363509,-0.0882187]],[[0.113977,-0.499238,-0.858936],[-0.940385,-0.333079,0.0688097],[-0.320446,0.799888,-0.507439]],[[0.113977,-0.499238,-0.858936],[-0.560466,-0.746168,0.359322],[-0.820297,0.440449,-0.364852]]],2],[7423,[0.0496733,-0.761604,0.646137],742,56.7173,[-27.6195,107.355,-9.06913],[-28.5374,105.149,-9.66062],[-19.2826,8.78614,-1.25798],false,[22.3952,103.129,-0.568279],[-0.370572,139.974,-34.6996],[-38.5574,130.762,-32.7183],[-37.346,112.189,-16.9613],[-27.076,103.147,-7.83434],[[[0.113409,-0.63658,-0.762827],[0.90371,0.38513,-0.187037],[0.412851,-0.668162,0.618961]],[[0.114491,-0.638329,-0.761202],[-0.210433,0.733269,-0.646556],[0.970881,0.234207,-0.0503726]],[[0.114491,-0.638329,-0.761202],[-0.992182,-0.111788,-0.0554888],[-0.0496733,0.761604,-0.646137]],[[0.114491,-0.638329,-0.761202],[-0.772669,-0.538825,0.335632],[-0.624399,0.549731,-0.554908]]],3],[7424,[-0.0111964,-0.635029,0.772407],742,44.4653,[-21.3317,107.845,-21.5624],[-20.7487,104.948,-21.7522],[-9.32099,12.1746,6.07303],false,[19.7022,94.125,-8.85357],[2.75774,125.041,-45.7686],[-28.0537,121.913,-42.6418],[-28.2465,110.98,-29.3426],[-19.4767,103.212,-19.6988],[[[0.00954175,-0.764459,-0.644601],[0.943249,0.220876,-0.247984],[0.331951,-0.605653,0.723183]],[[0.013974,-0.77248,-0.634886],[-0.141382,0.627042,-0.766048],[0.989857,0.100466,-0.100452]],[[0.013974,-0.77248,-0.634886],[-0.99984,-0.0036852,-0.0175229],[0.0111964,0.635029,-0.772407]],[[0.013974,-0.77248,-0.634886],[-0.815949,-0.375817,0.439305],[-0.577955,0.511896,-0.635556]]],4]],[[0,200,0],[235.247,235.247,147.751]]]]}