{"metadata":{"formatVersion":2,"generatedBy":"LeapJS Playback 0.2.1","frames":1,"frameRate":"1.0e+2","modified":"Tue Jun 02 2015 19:48:21 GMT-0300 (E. South America Standard Time)","title":"leap-playback-recording-100fps (5)"},"frames":[["id","timestamp",{"hands":[["id","type","direction","palmNormal","palmPosition","palmVelocity","stabilizedPalmPosition","pinchStrength","grabStrength","confidence","armBasis","armWidth","elbow","wrist"]]},{"pointables":[["id","direction","handId","length","stabilizedTipPosition","tipPosition","tipVelocity","tool","carpPosition","mcpPosition","pipPosition","dipPosition","btipPosition","bases","type"]]},{"interactionBox":["center","size"]}],[3719198,1817573667603,[[749,"right",[-0.0119456,-0.993249,-0.115388],[0.156723,-0.11583,0.980827],[3.97412,181.791,-49.5095],[32.2004,64.8507,-14.3429],[1.24701,176.817,-48.0708],1,0,0.0341933,[[0.855564,-0.0546286,-0.514807],[-0.0312929,0.987141,-0.156756],[0.51675,0.150225,0.842853]],55.8091,[132.74,264.773,150.505],[10.5395,229.248,-48.8118]]],[[7490,[0.14709,-0.854703,0.497843],749,45.6461,[-8.06283,152.818,9.379],[-11.0885,157.611,7.23771],[-81.8316,62.5845,-19.9954],false,[-12.6006,230.97,-35.2668],[-12.6006,230.97,-35.2668],[-24.9213,194.577,-14.4056],[-20.5288,169.053,0.461255],[-9.92704,153.958,9.39929],[[[0.254887,-0.0876515,-0.96299],[-0.860218,0.434306,-0.267216],[0.441654,0.896491,0.0352996]],[[0.0156884,-0.501238,-0.865167],[-0.959343,0.236325,-0.154312],[0.281808,0.832413,-0.477152]],[[0.0156884,-0.501238,-0.865167],[-0.988999,-0.135068,0.0603183],[-0.14709,0.854703,-0.497843]],[[0.0156884,-0.501238,-0.865167],[-0.855714,-0.454315,0.247692],[-0.517211,0.73645,-0.436044]]],0],[7491,[-0.0453463,-0.8407,0.539599],749,51.5065,[-22.5801,94.9245,-16.3259],[-24.1207,98.6465,-19.2187],[-15.6932,69.7415,-41.6428],false,[-8.42037,223.69,-54.255],[-18.239,160.121,-50.448],[-22.0398,124.717,-38.2798],[-22.9998,106.92,-26.8567],[-23.0424,95.9145,-16.7174],[[[0.971545,-0.160491,-0.174193],[-0.181333,-0.0308576,-0.982937],[0.152378,0.986555,-0.059082]],[[0.97099,-0.164042,-0.173979],[-0.216738,-0.296423,-0.930139],[0.10101,0.940863,-0.323378]],[[0.97099,-0.164042,-0.173979],[-0.234781,-0.516056,-0.82375],[0.0453463,0.8407,-0.539599]],[[0.97099,-0.164042,-0.173979],[-0.239103,-0.657413,-0.714589],[0.00284621,0.735458,-0.677564]]],1],[7492,[0.0134159,0.192369,0.981231],749,58.6875,[2.19673,152.096,20.7121],[1.20861,155.976,19.6247],[-19.9084,75.6777,-13.8838],false,[1.59564,221.423,-57.5485],[0.513229,160.366,-55.3442],[0.680295,145.078,-15.9938],[1.01443,149.869,8.44476],[1.2895,157.383,23.086],[[[0.999782,-0.0181009,-0.0104377],[-0.0110822,-0.0358792,-0.999295],[0.0177136,0.999192,-0.036072]],[[0.999815,-0.0161237,-0.010509],[-0.0188348,-0.931986,-0.362006],[-0.00395738,0.362137,-0.932117]],[[0.999815,-0.0161237,-0.010509],[-0.0137994,-0.98119,0.19255],[-0.0134159,-0.192369,-0.981231]],[[0.999815,-0.0161237,-0.010509],[-0.00954556,-0.889573,0.456694],[-0.0167121,-0.456509,-0.889562]]],2],[7493,[-0.0857637,0.212818,0.973321],749,56.4296,[16.5302,160.304,15.3583],[15.4106,164.294,13.5966],[-12.7863,58.9294,-7.47741],false,[12.2789,220.483,-58.4223],[19.4843,166.1,-57.6985],[18.9856,152.544,-20.9923],[16.9048,157.707,2.62316],[15.0634,165.411,16.9428],[[[0.989463,0.131892,0.0597288],[0.0609464,-0.00521042,-0.998127],[-0.131334,0.99125,-0.0131939]],[[0.990286,0.125525,0.0598123],[0.138462,-0.929646,-0.341449],[0.0127438,0.346413,-0.937995]],[[0.990286,0.125525,0.0598123],[0.109447,-0.968995,0.221516],[0.0857637,-0.212818,-0.973321]],[[0.990286,0.125525,0.0598123],[0.0816833,-0.873282,0.480319],[0.112525,-0.470768,-0.875052]]],3],[7494,[-0.237563,0.127214,0.963006],749,44.2398,[28.3979,163.236,4.0883],[25.5055,167.255,-1.30741],[-1.61539,46.4961,-2.52456],false,[23.6082,221.826,-53.3997],[36.875,172.863,-55.8209],[32.7866,159.727,-28.0755],[28.7171,161.906,-11.5787],[24.7545,167.769,1.75666],[[[0.94385,0.244768,0.221893],[0.202258,0.102962,-0.973905],[-0.261227,0.964099,0.0476747]],[[0.963347,0.158026,0.216772],[0.233527,-0.891681,-0.387777],[0.132013,0.424186,-0.895901]],[[0.963347,0.158026,0.216772],[0.124603,-0.979206,0.160093],[0.237563,-0.127214,-0.963006]],[[0.963347,0.158026,0.216772],[0.055393,-0.90784,0.415641],[0.262476,-0.388399,-0.883319]]],4]],[[0,200,0],[235.247,235.247,147.751]]]]}