{"metadata":{"formatVersion":2,"generatedBy":"LeapJS Playback 0.2.1","frames":1,"frameRate":"1.0e+2","modified":"Tue Jun 02 2015 19:48:03 GMT-0300 (E. South America Standard Time)","title":"leap-playback-recording-100fps (5)"},"frames":[["id","timestamp",{"hands":[["id","type","direction","palmNormal","palmPosition","palmVelocity","stabilizedPalmPosition","pinchStrength","grabStrength","confidence","armBasis","armWidth","elbow","wrist"]]},{"pointables":[["id","direction","handId","length","stabilizedTipPosition","tipPosition","tipVelocity","tool","carpPosition","mcpPosition","pipPosition","dipPosition","btipPosition","bases","type"]]},{"interactionBox":["center","size"]}],[3719166,1817573356465,[[749,"right",[0.0830193,-0.996286,-0.0228593],[0.250526,-0.00133676,0.968109],[2.64204,168.164,-45.9413],[-86.4711,46.2462,-56.722],[7.56696,165.082,-41.8545],1,0,0.0715238,[[0.838262,0.00653512,-0.545228],[-0.1387,0.969593,-0.201623],[0.527332,0.244637,0.813679]],55.8091,[128.91,273.715,142.229],[4.20732,215.864,-50.1888]]],[[7490,[0.272011,-0.786114,0.555009],749,45.6461,[-7.14791,146.589,11.6371],[-2.62571,148.157,13.6552],[6.89947,-38.3094,-63.3926],false,[-17.7552,216.687,-34.7335],[-17.7552,216.687,-34.7335],[-21.458,181.126,-9.5717],[-13.3351,157.65,7.00231],[0.635509,145.381,15.6313],[[[0.180252,-0.158566,-0.970755],[-0.920697,0.320121,-0.223247],[0.346159,0.934012,-0.0882889]],[[-0.00278609,-0.577397,-0.816459],[-0.996403,0.0707526,-0.0466359],[0.084694,0.813392,-0.575517]],[[-0.00278609,-0.577397,-0.816459],[-0.96229,-0.22054,0.159249],[-0.272011,0.786114,-0.555009]],[[-0.00278609,-0.577397,-0.816459],[-0.731759,-0.555291,0.395197],[-0.681558,0.598552,-0.420968]]],0],[7491,[-0.0476497,-0.821327,0.568464],749,51.5065,[-27.3443,77.9629,-16.3191],[-23.9348,83.4735,-11.1565],[33.9525,56.044,-4.76074],false,[-14.454,207.981,-53.2897],[-17.1641,144.462,-42.8028],[-21.7615,109.575,-29.4758],[-22.7702,92.1874,-17.4416],[-22.6077,81.61,-6.85737],[[[0.96479,-0.082402,-0.249781],[-0.259638,-0.146514,-0.954527],[0.0420585,0.985771,-0.16275]],[[0.950818,-0.211678,-0.226137],[-0.284637,-0.309125,-0.907427],[0.122178,0.927165,-0.354173]],[[0.950818,-0.211678,-0.226137],[-0.306064,-0.52973,-0.791019],[0.0476497,0.821327,-0.568464]],[[0.950818,-0.211678,-0.226137],[-0.309561,-0.674963,-0.669774],[-0.0108578,0.706836,-0.707294]]],1],[7492,[0.0651643,0.381051,0.922255],749,58.6875,[7.4958,156.517,29.4516],[7.83315,156.593,24.4807],[63.5952,-71.8989,-71.8767],false,[-4.56991,206.375,-57.2937],[0.975684,146.029,-49.449],[5.91271,138.224,-8.25526],[7.53569,147.714,14.7144],[8.05747,157.871,27.6554],[[[0.991633,0.0777293,-0.103065],[-0.0918042,-0.136658,-0.986355],[-0.0907533,0.987564,-0.128378]],[[0.991335,0.0809187,-0.103479],[0.0598274,-0.979424,-0.192742],[-0.116946,0.184881,-0.975778]],[[0.991335,0.0809187,-0.103479],[0.114058,-0.921006,0.372476],[-0.0651643,-0.381051,-0.922255]],[[0.991335,0.0809187,-0.103479],[0.127478,-0.782726,0.609171],[-0.0317022,-0.617083,-0.786259]]],2],[7493,[-0.0401747,0.378459,0.924746],749,56.4296,[21.2089,161.644,24.8196],[19.8954,163.824,16.5697],[50.0495,-57.4289,-89.3518],false,[6.04039,206.39,-59.0828],[18.9695,153.306,-54.0953],[22.2026,146.42,-15.7092],[21.2279,155.603,6.72766],[19.6692,165.494,19.6709],[[[0.97155,0.23229,-0.0461823],[-0.0235681,-0.099204,-0.994788],[-0.23566,0.967574,-0.090907]],[[0.97632,0.211757,-0.0442478],[0.199932,-0.961352,-0.189289],[-0.0826209,0.17596,-0.980924]],[[0.97632,0.211757,-0.0442478],[0.212568,-0.90107,0.378004],[0.0401747,-0.378459,-0.924746]],[[0.97632,0.211757,-0.0442478],[0.194233,-0.768,0.610287],[0.0952504,-0.60443,-0.790944]]],3],[7494,[-0.193743,0.281299,0.939859],749,44.2398,[32.9242,162.921,10.9719],[28.5106,164.313,1.05487],[16.3831,-31.8491,-109.286],false,[17.5495,209.319,-55.2951],[35.6471,161.873,-54.491],[34.6769,153.759,-24.6193],[31.358,158.578,-8.51902],[27.5873,166.271,3.91138],[[[0.928194,0.355891,0.108613],[0.107103,0.0240085,-0.993958],[-0.356349,0.934219,-0.0158327]],[[0.950972,0.28926,0.109458],[0.307687,-0.920696,-0.240098],[0.0313271,0.262005,-0.964558]],[[0.950972,0.28926,0.109458],[0.241073,-0.914986,0.32355],[0.193743,-0.281299,-0.939859]],[[0.950972,0.28926,0.109458],[0.182394,-0.810349,0.556837],[0.24977,-0.509571,-0.823378]]],4]],[[0,200,0],[235.247,235.247,147.751]]]]}