{"metadata":{"formatVersion":2,"generatedBy":"LeapJS Playback 0.2.1","frames":1,"frameRate":"1.0e+2","modified":"Tue Jun 02 2015 19:50:08 GMT-0300 (E. South America Standard Time)","title":"leap-playback-recording-100fps (6)"},"frames":[["id","timestamp",{"hands":[["id","type","direction","palmNormal","palmPosition","palmVelocity","stabilizedPalmPosition","pinchStrength","grabStrength","confidence","armBasis","armWidth","elbow","wrist"]]},{"pointables":[["id","direction","handId","length","stabilizedTipPosition","tipPosition","tipVelocity","tool","carpPosition","mcpPosition","pipPosition","dipPosition","btipPosition","bases","type"]]},{"interactionBox":["center","size"]}],[3732654,1817706687038,[[753,"right",[-0.120218,0.875655,-0.467735],[-0.365085,-0.477131,-0.799411],[14.9479,115.408,9.42965],[9.60372,2.76938,4.29744],[11.7377,113.508,7.35715],1,0,0.421733,[[0.802477,0.172594,-0.571177],[0.32453,0.677037,0.660531],[0.500711,-0.715425,0.487295]],59.4042,[155.066,-107.365,156.175],[29.0308,72.7163,33.5167]]],[[7530,[0.160552,0.374003,-0.913425],753,48.5865,[2.58622,104.255,-36.559],[2.95901,105.389,-36.2286],[-10.4346,13.1628,6.11639],false,[1.20299,67.1031,36.9808],[1.20299,67.1031,36.9808],[-15.0373,96.2149,4.5092],[-9.93399,108.103,-24.5252],[5.69778,104.805,-39.385],[[[0.674569,0.567585,0.472022],[-0.532781,-0.068272,0.843495],[0.510981,-0.820479,0.256345]],[[0.536125,0.743967,0.398852],[-0.768624,0.234899,0.595013],[0.34898,-0.625569,0.697766]],[[0.536125,0.743967,0.398852],[-0.828729,0.553747,0.0810669],[-0.160552,-0.374003,0.913425]],[[0.536125,0.743967,0.398852],[-0.4464,0.650894,-0.614055],[-0.716447,0.151163,0.681067]]],0],[7531,[-0.185484,0.582174,-0.791625],753,54.8244,[-27.0218,174.789,-58.8612],[-22.492,182.25,-50.1096],[6.60298,5.52517,9.11751],false,[13.6003,83.9746,44.0522],[-8.66605,138.521,8.93784],[-15.7371,162.848,-22.0846],[-19.9166,175.966,-39.9226],[-22.9734,184.94,-52.7228],[[[0.889889,0.0734247,-0.450229],[0.320473,0.601763,0.731559],[0.324646,-0.795292,0.511972]],[[0.942253,-0.123231,-0.311404],[0.284589,0.784794,0.550552],[0.176543,-0.607381,0.774545]],[[0.942253,-0.123231,-0.311404],[0.278844,0.803672,0.525698],[0.185484,-0.582174,0.791625]],[[0.942253,-0.123231,-0.311404],[0.274463,0.816971,0.507178],[0.191908,-0.563359,0.803616]]],1],[7532,[-0.519363,0.617748,-0.590465],753,62.468,[-39.1856,182.144,-58.7654],[-32.8176,190.862,-47.1159],[7.65018,6.32428,10.5068],false,[24.036,86.2001,39.8193],[11.0116,138.04,2.75759],[-11.7303,167.093,-22.8926],[-25.4988,183.47,-38.546],[-34.7612,193.909,-49.1355],[[[0.857809,-0.138366,-0.494993],[0.473355,0.587907,0.655973],[0.200245,-0.797007,0.569808]],[[0.781384,0.0635491,-0.620807],[0.36511,0.760218,0.537368],[0.506098,-0.646553,0.570819]],[[0.781384,0.0635491,-0.620807],[0.345979,0.783804,0.515703],[0.519363,-0.617748,0.590465]],[[0.781384,0.0635491,-0.620807],[0.331534,0.800531,0.499235],[0.528701,-0.595912,0.604453]]],2],[7533,[-0.275381,-0.95951,0.0592123],753,60.0646,[-0.0524133,89.9903,-27.0283],[3.35403,92.934,-28.1886],[8.89553,6.22492,13.8274],false,[34.0565,85.7263,34.2928],[30.5439,131.252,-2.11171],[9.18934,127.809,-37.7085],[2.07744,103.029,-36.1793],[4.0756,89.7161,-25.1264],[[[0.839787,-0.298067,-0.453778],[0.539574,0.550812,0.636762],[0.0601487,-0.779591,0.623394]],[[0.837055,-0.269615,-0.476074],[0.191062,0.959414,-0.207411],[0.512674,0.0826547,0.854596]],[[0.837055,-0.269615,-0.476074],[-0.472763,0.0815377,-0.877409],[0.275381,0.95951,-0.0592123]],[[0.837055,-0.269615,-0.476074],[-0.534958,-0.585768,-0.608848],[-0.114715,0.764319,-0.634553]]],3],[7534,[-0.626492,-0.7617,0.165291],753,47.0896,[12.6822,95.1446,-23.5702],[17.3291,98.0872,-26.3498],[7.23522,0.802827,15.9735],false,[42.0024,79.6646,25.5655],[46.6166,121.329,-8.56718],[31.7553,119.505,-37.9348],[20.3318,105.616,-34.9209],[16.5615,95.6486,-22.8938],[[[0.74033,-0.473178,-0.477509],[0.666803,0.426693,0.610988],[-0.0853566,-0.770737,0.63141]],[[0.698812,-0.642844,-0.31371],[0.55535,0.763997,-0.328473],[0.45083,0.0553222,0.890894]],[[0.698812,-0.642844,-0.31371],[-0.345209,0.0810292,-0.935021],[0.626492,0.7617,-0.165291]],[[0.698812,-0.642844,-0.31371],[-0.67573,-0.449419,-0.584304],[0.234629,0.620302,-0.748448]]],4]],[[0,200,0],[235.247,235.247,147.751]]]]}