{"metadata":{"formatVersion":2,"generatedBy":"LeapJS Playback 0.2.1","frames":1,"frameRate":"1.0e+2","modified":"Tue Jun 02 2015 19:49:39 GMT-0300 (E. South America Standard Time)","title":"leap-playback-recording-100fps (6)"},"frames":[["id","timestamp",{"hands":[["id","type","direction","palmNormal","palmPosition","palmVelocity","stabilizedPalmPosition","pinchStrength","grabStrength","confidence","armBasis","armWidth","elbow","wrist"]]},{"pointables":[["id","direction","handId","length","stabilizedTipPosition","tipPosition","tipVelocity","tool","carpPosition","mcpPosition","pipPosition","dipPosition","btipPosition","bases","type"]]},{"interactionBox":["center","size"]}],[3732632,1817706473353,[[753,"right",[-0.112546,0.817235,-0.565209],[-0.321186,-0.568207,-0.757615],[9.56451,111.207,4.44362],[45.2512,20.742,24.6225],[5.9061,110.772,4.40317],1,0,0.454472,[[0.783665,0.217084,-0.582017],[0.299752,0.688489,0.660402],[0.544076,-0.691995,0.474473]],59.4042,[160.157,-102.514,153.06],[23.2061,71.6698,33.6291]]],[[7530,[0.2092,0.274496,-0.938556],753,48.5865,[1.32832,93.1355,-42.4512],[3.34166,95.5102,-41.6258],[27.5613,46.5278,31.6581],false,[-4.65931,65.9002,36.4798],[-4.65931,65.9002,36.4798],[-16.6604,90.3277,-1.2684],[-10.0107,99.0529,-31.1016],[6.77076,93.6948,-43.9748],[[[0.643692,0.62895,0.435984],[-0.56919,0.0126502,0.822109],[0.51155,-0.777343,0.366135]],[[0.514831,0.785087,0.344365],[-0.817585,0.3288,0.472701],[0.257884,-0.524908,0.811152]],[[0.514831,0.785087,0.344365],[-0.831375,0.555239,-0.0229213],[-0.2092,-0.274496,0.938556]],[[0.514831,0.785087,0.344365],[-0.378645,0.568622,-0.730272],[-0.76914,0.245575,0.590014]]],0],[7531,[-0.158754,0.488437,-0.858036],753,54.8244,[-30.7855,169.198,-64.9922],[-26.2233,170.292,-63.6541],[28.7807,57.1253,64.1564],false,[7.14306,83.6867,42.1975],[-14.3587,133.646,0.414378],[-20.4051,154.299,-33.3662],[-23.9824,165.305,-52.7006],[-26.6002,172.763,-66.5294],[[[0.908059,0.0423118,-0.416699],[0.277754,0.683827,0.67471],[0.313498,-0.728417,0.609203]],[[0.957148,-0.137059,-0.255113],[0.24714,0.845778,0.472843],[0.150962,-0.515629,0.843408]],[[0.957148,-0.137059,-0.255113],[0.242208,0.861768,0.445748],[0.158754,-0.488437,0.858036]],[[0.957148,-0.137059,-0.255113],[0.238445,0.872909,0.425645],[0.164352,-0.468235,0.868184]]],1],[7532,[-0.501897,0.538814,-0.676593],753,62.468,[-41.0198,179.948,-61.5923],[-36.8029,178.949,-62.0886],[25.1135,51.86,69.5815],false,[17.7234,85.6525,38.2018],[5.58292,132.898,-4.82089],[-16.434,158.509,-34.4619],[-29.7395,172.793,-52.3986],[-38.6788,181.821,-64.4609],[[[0.881321,-0.173689,-0.439438],[0.434089,0.664977,0.60776],[0.186655,-0.726387,0.661455]],[[0.807557,0.0117709,-0.589672],[0.328308,0.821609,0.466019],[0.489965,-0.56993,0.659631]],[[0.807557,0.0117709,-0.589672],[0.30976,0.842342,0.441031],[0.501897,-0.538814,0.676593]],[[0.807557,0.0117709,-0.589672],[0.295781,0.856901,0.422178],[0.51026,-0.515346,0.688515]]],2],[7533,[-0.279877,-0.952433,0.120584],753,60.0646,[-7.24193,88.2998,-20.2969],[-0.514653,84.6757,-32.1434],[59.8372,39.6582,6.26759],false,[27.9893,84.7867,33.1978],[25.4181,126.022,-8.07275],[5.84518,118.516,-44.0667],[-1.38285,93.9187,-40.9525],[-0.149097,81.3925,-28.9119],[[[0.863935,-0.328321,-0.381867],[0.501675,0.627374,0.595587],[0.0440296,-0.706121,0.706721]],[[0.861987,-0.304602,-0.405211],[0.190192,0.935277,-0.29847],[0.469899,0.180209,0.864129]],[[0.861987,-0.304602,-0.405211],[-0.422666,0.00946714,-0.906236],[0.279877,0.952433,-0.120584]],[[0.861987,-0.304602,-0.405211],[-0.501957,-0.624552,-0.598308],[-0.0708298,0.719133,-0.691253]]],3],[7534,[-0.632875,-0.759355,0.151157],753,47.0896,[6.12247,93.6819,-15.6429],[13.5533,90.232,-30.9787],[55.7258,44.1835,16.8552],false,[36.4141,77.9785,25.5351],[41.9176,115.787,-12.7072],[28.6552,111.216,-42.5375],[17.1153,97.3694,-39.7813],[12.2708,87.8327,-27.7894],[[[0.768378,-0.506957,-0.390629],[0.631847,0.503805,0.589024],[-0.101809,-0.69941,0.707432]],[[0.726444,-0.64991,-0.223375],[0.557146,0.747251,-0.36222],[0.402328,0.13868,0.904931]],[[0.726444,-0.64991,-0.223375],[-0.26786,0.0315608,-0.962941],[0.632875,0.759355,-0.151158]],[[0.726444,-0.64991,-0.223375],[-0.617568,-0.474773,-0.627057],[0.301478,0.59347,-0.74626]]],4]],[[0,200,0],[235.247,235.247,147.751]]]]}