{"metadata":{"formatVersion":2,"generatedBy":"LeapJS Playback 0.2.1","frames":1,"frameRate":"1.0e+2","modified":"Tue Jun 02 2015 19:52:03 GMT-0300 (E. South America Standard Time)","title":"leap-playback-recording-100fps (7)"},"frames":[["id","timestamp",{"hands":[["id","type","direction","palmNormal","palmPosition","palmVelocity","stabilizedPalmPosition","pinchStrength","grabStrength","confidence","armBasis","armWidth","elbow","wrist"]]},{"pointables":[["id","direction","handId","length","stabilizedTipPosition","tipPosition","tipVelocity","tool","carpPosition","mcpPosition","pipPosition","dipPosition","btipPosition","bases","type"]]},{"interactionBox":["center","size"]}],[3737310,1817752326905,[[757,"right",[-0.0337333,0.951805,-0.304842],[-0.167661,-0.306082,-0.937125],[1.2397,128.772,-11.4478],[-0.504524,-0.0326423,-0.0875285],[1.85889,122.626,-11.309],0.703422,1,0.052777,[[0.947504,0.118401,-0.297015],[0.13605,0.691341,0.709604],[0.289357,-0.712761,0.63894]],58.0782,[81.6146,-92.4113,163.305],[10.4056,82.995,6.06559]]],[[7570,[0.10687,0.74274,-0.660996],757,47.502,[-23.4465,138.362,-43.8696],[-24.1541,141.803,-43.3835],[-0.630715,-0.108008,-0.0209024],false,[-16.7407,77.52,2.20637],[-16.7407,77.52,2.20637],[-38.9274,114.85,-11.3684],[-35.6062,137.932,-31.91],[-20.9805,143.228,-46.5069],[[[0.539847,0.45165,0.710336],[-0.704792,-0.21888,0.674803],[0.460254,-0.86493,0.200158]],[[0.488696,0.539719,0.685478],[-0.723451,-0.188461,0.664155],[0.487642,-0.820479,0.29836]],[[0.488696,0.539719,0.685478],[-0.865884,0.396283,0.305294],[-0.10687,-0.74274,0.660996]],[[0.488696,0.539719,0.685478],[-0.539509,0.804404,-0.248726],[-0.685643,-0.24827,0.684292]]],0],[7571,[0.181797,-0.97158,0.151597],757,53.6007,[-20.427,106.064,-38.3433],[-21.2271,109.791,-38.1952],[-0.242346,0.576743,1.28693],false,[-6.83869,92.1147,14.6857],[-21.6818,151.509,-12.6724],[-28.2644,139.442,-49.339],[-24.2593,118.038,-45.9993],[-20.2109,107.415,-35.3561],[[[0.965616,0.140589,-0.218677],[0.136333,0.442368,0.886411],[0.221355,-0.885746,0.407991]],[[0.964265,0.145925,-0.221132],[-0.204783,0.940076,-0.272617],[0.1681,0.308159,0.936365]],[[0.964265,0.145925,-0.221132],[-0.192726,-0.186381,-0.963389],[-0.181797,0.97158,-0.151597]],[[0.964265,0.145925,-0.221132],[-0.0511118,-0.71651,-0.695702],[-0.259964,0.682143,-0.683447]]],1],[7572,[0.0210517,-0.977553,0.209637],757,61.0737,[-11.1991,100.923,-38.362],[-12.1377,104.367,-38.9454],[-0.49421,-0.0656069,-0.145381],false,[3.97458,94.8375,13.4142],[-1.57701,151.816,-14.2689],[-15.362,138.557,-53.8196],[-14.8164,113.221,-48.3861],[-11.3086,101.803,-36.1095],[[[0.94916,-0.0578577,-0.309432],[0.302446,0.440214,0.845422],[0.087302,-0.896027,0.435332]],[[0.94804,-0.0470615,-0.314652],[-0.0525956,0.952208,-0.300888],[0.313775,0.301803,0.900256]],[[0.94804,-0.0470615,-0.314652],[-0.317455,-0.205369,-0.925768],[-0.0210517,0.977553,-0.209637]],[[0.94804,-0.0470615,-0.314652],[-0.243473,-0.743944,-0.622309],[-0.204797,0.666583,-0.716747]]],2],[7573,[-0.13012,-0.961136,0.243489],757,58.724,[2.16839,95.93,-34.3547],[1.45296,100.765,-36.1377],[-0.463634,-0.0192526,-0.100193],false,[14.7334,95.2241,10.3346],[18.2476,145.832,-15.861],[3.43182,133.921,-51.8755],[0.146375,109.653,-45.7276],[1.80624,98.1358,-33.2935],[[[0.926143,-0.222104,-0.304841],[0.372115,0.406168,0.8346],[-0.0615516,-0.886396,0.458818]],[[0.927158,-0.204974,-0.31363],[0.0895415,0.934047,-0.345744],[0.363814,0.292476,0.884362]],[[0.927158,-0.204974,-0.31363],[-0.35135,-0.184943,-0.917796],[0.13012,0.961136,-0.243489]],[[0.927158,-0.204974,-0.31363],[-0.361771,-0.707525,-0.607067],[-0.0974686,0.676309,-0.730141]]],3],[7574,[-0.337114,-0.904209,0.262221],757,46.0385,[14.4697,101.18,-32.9389],[13.6288,106.987,-34.5936],[-0.449923,0.0232225,-0.0965888],false,[24.335,90.8981,2.76021],[35.1895,137.209,-20.2774],[19.9267,131.317,-48.0445],[13.917,115.198,-43.3698],[13.6587,104.507,-31.8606],[[[0.838494,-0.387239,-0.383371],[0.504725,0.286761,0.814261],[-0.205378,-0.87625,0.435896]],[[0.831062,-0.416678,-0.368397],[0.291647,0.890482,-0.349262],[0.47358,0.182816,0.861568]],[[0.831062,-0.416678,-0.368397],[-0.442369,-0.0937308,-0.891921],[0.337114,0.904209,-0.262221]],[[0.831062,-0.416678,-0.368397],[-0.555937,-0.60276,-0.572377],[0.0164419,0.680486,-0.732577]]],4]],[[0,200,0],[235.247,235.247,147.751]]]]}