{"metadata":{"formatVersion":2,"generatedBy":"LeapJS Playback 0.2.1","frames":1,"frameRate":"1.0e+2","modified":"Tue Jun 02 2015 19:51:32 GMT-0300 (E. South America Standard Time)","title":"leap-playback-recording-100fps (7)"},"frames":[["id","timestamp",{"hands":[["id","type","direction","palmNormal","palmPosition","palmVelocity","stabilizedPalmPosition","pinchStrength","grabStrength","confidence","armBasis","armWidth","elbow","wrist"]]},{"pointables":[["id","direction","handId","length","stabilizedTipPosition","tipPosition","tipVelocity","tool","carpPosition","mcpPosition","pipPosition","dipPosition","btipPosition","bases","type"]]},{"interactionBox":["center","size"]}],[3737146,1817750731216,[[757,"right",[-0.00761929,0.909187,-0.416317],[-0.161437,-0.411987,-0.896775],[1.99067,119.765,-13.5087],[-5.16572,3.37814,-1.49319],[2.27665,112.982,-9.49099],0.702067,1,0.027178,[[0.889095,0.189485,-0.416659],[0.144178,0.748014,0.647833],[0.434422,-0.636059,0.637736]],58.0782,[116.766,-80.3114,166.414],[9.85782,76.2189,9.47143]]],[[7570,[0.134028,0.654836,-0.743792],757,47.502,[-25.0782,126.063,-43.611],[-22.3737,129.08,-47.476],[-8.22252,7.5245,1.86213],false,[-17.3499,70.8964,5.83767],[-17.3499,70.8964,5.83767],[-38.4502,106.768,-12.5485],[-34.2851,127.118,-35.6631],[-19.2751,130.231,-50.497],[[[0.540014,0.521609,0.660537],[-0.719043,-0.121987,0.684175],[0.437449,-0.844419,0.309185]],[[0.490503,0.608336,0.623966],[-0.737787,-0.0911564,0.668851],[0.463765,-0.788427,0.40411]],[[0.490503,0.608336,0.623966],[-0.861071,0.448461,0.239665],[-0.134028,-0.654836,0.743792]],[[0.490503,0.608336,0.623966],[-0.514079,0.780153,-0.35649],[-0.703654,-0.145909,0.6954]]],0],[7571,[0.151135,-0.95883,0.240424],757,53.6007,[-24.0514,90.3007,-40.6795],[-20.8621,97.7666,-39.7783],[-6.71911,9.0928,5.52126],false,[-7.29249,86.6624,16.6576],[-20.3843,142.672,-17.8091],[-26.7432,126.57,-52.9326],[-23.4136,105.447,-47.636],[-19.8084,95.5826,-36.1374],[[[0.971565,0.0931352,-0.217688],[0.133957,0.541887,0.829707],[0.195237,-0.835275,0.514002]],[[0.970486,0.0976859,-0.220486],[-0.178287,0.90629,-0.383214],[0.162389,0.411214,0.896958]],[[0.970486,0.0976859,-0.220486],[-0.187922,-0.266652,-0.945295],[-0.151135,0.95883,-0.240424]],[[0.970486,0.0976859,-0.220486],[-0.0675272,-0.767631,-0.637325],[-0.231509,0.633403,-0.738379]]],1],[7572,[-0.00126437,-0.940833,0.338868],757,61.0737,[-14.9878,89.1045,-36.2473],[-11.7008,92.2113,-38.2455],[-6.23923,7.99107,1.11271],false,[3.59717,88.9857,15.2522],[-0.25719,142.363,-19.0951],[-13.7612,124.352,-56.8218],[-13.794,99.9666,-48.0388],[-10.6926,90.208,-34.3084],[[[0.951842,-0.114322,-0.284477],[0.300537,0.531362,0.792043],[0.060612,-0.839396,0.54013]],[[0.951172,-0.105726,-0.289989],[-0.0280999,0.905944,-0.422464],[0.307379,0.409984,0.858738]],[[0.951172,-0.105726,-0.289989],[-0.308659,-0.321955,-0.895028],[0.00126437,0.940833,-0.338868]],[[0.951172,-0.105726,-0.289989],[-0.249972,-0.814995,-0.522778],[-0.181068,0.569741,-0.801629]]],2],[7573,[-0.153639,-0.921958,0.355512],757,58.724,[-1.5655,81.372,-24.6138],[1.95691,88.9653,-34.6257],[-7.99655,5.43425,-4.51073],false,[14.4043,88.7756,12.3285],[19.4455,135.815,-19.6336],[4.85068,119.92,-54.1697],[0.971413,96.641,-45.1933],[2.21717,86.6657,-31.4473],[[[0.925005,-0.276329,-0.260784],[0.369553,0.494807,0.786509],[-0.0882974,-0.823898,0.559817]],[[0.926621,-0.25938,-0.272206],[0.113722,0.883386,-0.454639],[0.358387,0.390322,0.848061]],[[0.926621,-0.25938,-0.272206],[-0.343175,-0.287604,-0.894156],[0.153639,0.921958,-0.355512]],[[0.926621,-0.25938,-0.272206],[-0.368813,-0.76786,-0.523802],[-0.0731521,0.585759,-0.807177]]],3],[7574,[-0.363444,-0.859091,0.360377],757,46.0385,[12.2974,89.0125,-27.7525],[14.081,95.0943,-33.7844],[-7.46567,5.01691,-4.80094],false,[24.0098,83.3763,5.4832],[36.2457,126.372,-22.7105],[21.23,117.487,-49.8077],[14.7509,102.172,-43.3832],[14.0283,92.8955,-30.7242],[[[0.834707,-0.447761,-0.320584],[0.499664,0.371058,0.782721],[-0.231517,-0.813527,0.533455]],[[0.826072,-0.476023,-0.301674],[0.317063,0.835102,-0.449528],[0.465914,0.275693,0.840784]],[[0.826072,-0.476023,-0.301674],[-0.430713,-0.188056,-0.882679],[0.363444,0.859091,-0.360377]],[[0.826072,-0.476023,-0.301674],[-0.561685,-0.651742,-0.509649],[0.0459909,0.590452,-0.805761]]],4]],[[0,200,0],[235.247,235.247,147.751]]]]}