{"metadata":{"formatVersion":2,"generatedBy":"LeapJS Playback 0.2.1","frames":75,"frameRate":"1.0e+2","modified":"Tue Jun 02 2015 20:27:49 GMT-0300 (E. South America Standard Time)","title":"leap-playback-recording-100fps (10)"},"frames":[["id","timestamp",{"hands":[["id","type","direction","palmNormal","palmPosition","palmVelocity","stabilizedPalmPosition","pinchStrength","grabStrength","confidence","armBasis","armWidth","elbow","wrist"]]},{"pointables":[["id","direction","handId","length","stabilizedTipPosition","tipPosition","tipVelocity","tool","carpPosition","mcpPosition","pipPosition","dipPosition","btipPosition","bases","type"]]},{"interactionBox":["center","size"]}],[3762549,1817998344945,[[784,"right",[-0.6303,-0.010273,-0.776284],[-0.165271,-0.975217,0.147097],[2.12458,108.96,-32.8523],[90.2468,26.7946,-66.9352],[0.638096,108.47,-31.5512],1,1,0.189834,[[0.752025,-0.219668,-0.621453],[0.250088,0.967424,-0.0393273],[0.609848,-0.125843,0.782463]],58.1017,[189.224,80.7897,193.169],[39.0833,111.771,0.530904]]],[[7840,[-0.288825,-0.669509,-0.684352],784,47.5212,[-25.6138,52.9244,-30.2665],[-23.112,53.6838,-32.2825],[110.433,16.8261,-93.6775],false,[19.7041,107.945,20.3358],[19.7041,107.945,20.3358],[-14.8475,85.1451,1.41252],[-23.8269,64.3304,-19.8635],[-22.8765,50.0643,-35.7056],[[[0.330072,0.781321,-0.529707],[-0.290586,0.618009,0.730496],[0.898116,-0.0871905,0.431028]],[[-0.118499,0.734319,-0.668381],[-0.640092,0.458106,0.616783],[0.759105,0.500914,0.415747]],[[-0.118499,0.734319,-0.668381],[-0.95002,0.111951,0.291426],[0.288825,0.669509,0.684352]],[[-0.118499,0.734319,-0.668381],[-0.991955,-0.117736,0.0465143],[-0.0445363,0.668516,0.742363]]],0],[7841,[-0.416759,-0.908512,0.0302897],784,53.6224,[-76.2008,80.8758,-45.2551],[-69.803,81.8534,-49.1424],[120.361,11.2672,-113.3],false,[22.0795,123.607,5.63098],[-29.2354,115.692,-36.8455],[-63.9949,111.403,-54.3956],[-73.18,91.3798,-53.728],[-68.0915,78.1486,-47.2665],[[[0.641959,-0.219599,-0.734619],[0.0523776,0.96843,-0.243721],[0.764948,0.117981,0.633194]],[[0.460974,-0.239945,-0.854359],[0.0139483,0.964592,-0.263378],[0.887304,0.109494,0.447999]],[[0.460974,-0.239945,-0.854359],[-0.783464,0.342099,-0.5188],[0.416759,0.908512,-0.0302897]],[[0.460974,-0.239945,-0.854359],[-0.825118,-0.470245,-0.313129],[-0.326624,0.849291,-0.414754]]],1],[7842,[0.321752,-0.582154,0.746708],784,61.0984,[-27.2091,60.5186,-20.9413],[-19.3351,61.613,-24.623],[87.8152,24.5201,-97.2731],false,[28.8801,122.607,-3.24672],[-13.7403,113.173,-49.5237],[-36.7865,76.1036,-54.6573],[-28.4437,61.0089,-35.2958],[-17.286,61.8655,-22.3195],[[[0.721006,-0.363495,-0.589934],[0.176936,0.919717,-0.350448],[0.669958,0.148294,0.727437]],[[0.717923,-0.364172,-0.593267],[-0.457851,0.394945,-0.796487],[0.524366,0.843444,0.116804]],[[0.717923,-0.364172,-0.593267],[-0.617303,-0.726963,-0.300768],[-0.321752,0.582154,-0.746708]],[[0.717923,-0.364172,-0.593267],[-0.246127,-0.929989,0.273024],[-0.65116,-0.0499911,-0.757293]]],2],[7843,[0.160006,-0.56473,0.809616],784,58.7478,[-12.7707,60.2193,-29.5655],[-5.07687,61.2588,-32.1259],[95.0286,29.9425,-86.0743],false,[36.5612,119.2,-10.6545],[5.08353,108.83,-57.173],[-16.0766,74.7831,-64.4425],[-12.0349,60.5183,-43.9921],[-3.44426,61.5681,-29.3174],[[[0.796334,-0.406002,-0.448347],[0.249263,0.895656,-0.368333],[0.551109,0.181559,0.814442]],[[0.801669,-0.404212,-0.440385],[-0.295903,0.37178,-0.879898],[0.519392,0.835699,0.178437]],[[0.801669,-0.404212,-0.440385],[-0.575955,-0.719508,-0.38805],[-0.160006,0.56473,-0.809616]],[[0.801669,-0.404212,-0.440385],[-0.321034,-0.912587,0.253223],[-0.504246,-0.0616223,-0.861359]]],3],[7844,[-0.16711,-0.440681,0.881972],784,46.0572,[-1.2591,66.9238,-39.8305],[6.66958,68.0802,-41.5855],[103.719,40.4728,-65.4084],false,[44.999,110.18,-14.6382],[22.4833,101.171,-61.621],[7.27183,73.8375,-69.4329],[4.29155,65.9783,-53.7036],[7.01834,68.8753,-38.4985],[[[0.802561,-0.524629,-0.284008],[0.417791,0.834102,-0.360172],[0.425848,0.170404,0.888603]],[[0.879921,-0.470197,-0.0682146],[0.0560966,0.245384,-0.967802],[0.471796,0.847763,0.242295]],[[0.879921,-0.470197,-0.0682146],[-0.444761,-0.764667,-0.466339],[0.16711,0.440681,-0.881972]],[[0.879921,-0.470197,-0.0682146],[-0.44231,-0.8631,0.243763],[-0.173493,-0.184321,-0.967433]]],4]],[[0,200,0],[235.247,235.247,147.751]]],[3762550,1817998354177,[[784,"right",[-0.625843,-0.00103815,-0.779948],[-0.167741,-0.976419,0.135897],[3.20873,108.62,-32.9268],[97.8743,8.92866,-50.4202],[1.5448,108.523,-32.0364],1,1,0.20121,[[0.757865,-0.215125,-0.615924],[0.242838,0.969253,-0.0397322],[0.605534,-0.119458,0.786803]],58.1017,[189.058,81.6067,194.401],[39.9795,111.017,0.695347]]],[[7840,[-0.285225,-0.662329,-0.692796],784,47.5212,[-24.5576,52.9528,-31.0201],[-22.1008,53.356,-33.0278],[110.485,2.20255,-89.5862],false,[20.4805,107.016,20.3476],[20.4805,107.016,20.3476],[-14.0309,84.4672,1.05376],[-22.8984,63.8758,-20.4848],[-21.8276,49.7769,-36.4684],[[[0.334415,0.786264,-0.519573],[-0.293749,0.610812,0.735269],[0.895476,-0.0932604,0.435229]],[[-0.114475,0.741189,-0.661464],[-0.64187,0.453012,0.618695],[0.758221,0.495399,0.423888]],[[-0.114475,0.741189,-0.661464],[-0.9516,0.109359,0.287225],[0.285225,0.662329,0.692796]],[[-0.114475,0.741189,-0.661464],[-0.992158,-0.118933,0.038438],[-0.0501799,0.660677,0.748991]]],0],[7841,[-0.413667,-0.910184,0.0211107],784,53.6224,[-75.1398,80.8934,-45.7919],[-68.5107,81.6827,-49.8251],[126.678,2.67959,-102.199],false,[22.9665,122.827,5.8219],[-28.1165,115.447,-37.0288],[-62.7675,111.278,-54.8208],[-71.8844,91.218,-54.3555],[-66.7654,77.965,-47.9631],[[[0.645804,-0.212989,-0.733193],[0.0553936,0.970842,-0.233234],[0.761491,0.110009,0.638772]],[[0.466258,-0.231711,-0.853764],[0.0143676,0.966945,-0.254581],[0.884532,0.106434,0.454175]],[[0.466258,-0.231711,-0.853764],[-0.781974,0.343331,-0.520232],[0.413667,0.910184,-0.0211107]],[[0.466258,-0.231711,-0.853764],[-0.821365,-0.471841,-0.320508],[-0.328576,0.850692,-0.410319]]],1],[7842,[0.316895,-0.589913,0.742684],784,61.0984,[-26.6672,60.5702,-21.2694],[-18.3778,61.2418,-25.3288],[93.0155,6.83172,-90.8476],false,[29.8163,121.909,-3.02669],[-12.553,113.035,-49.6437],[-35.6242,76.0558,-55.2926],[-27.4074,60.7599,-36.0354],[-16.3205,61.478,-22.9902],[[[0.723778,-0.358532,-0.589577],[0.180482,0.923036,-0.33975],[0.666012,0.139496,0.732782]],[[0.720807,-0.359149,-0.592831],[-0.452637,0.403843,-0.795004],[0.524935,0.841382,0.128529]],[[0.720807,-0.359149,-0.592831],[-0.616453,-0.723198,-0.311401],[-0.316895,0.589913,-0.742684]],[[0.720807,-0.359149,-0.592831],[-0.248582,-0.932339,0.262585],[-0.647027,-0.0419059,-0.761315]]],2],[7843,[0.157676,-0.568491,0.807438],784,58.7478,[-12.0191,60.3,-29.8784],[-3.99708,61.0196,-32.6633],[103.977,15.7147,-74.7257],false,[37.5342,118.566,-10.4257],[6.30723,108.739,-57.2302],[-14.7993,74.7335,-64.8392],[-10.8165,60.3737,-44.4437],[-2.28646,61.3622,-29.7295],[[[0.79822,-0.402651,-0.448015],[0.25287,0.899039,-0.357472],[0.546719,0.172051,0.819449]],[[0.804044,-0.400781,-0.439191],[-0.291736,0.377706,-0.878765],[0.518077,0.834694,0.18677]],[[0.804044,-0.400781,-0.439191],[-0.573282,-0.718465,-0.393898],[-0.157676,0.568491,-0.807438]],[[0.804044,-0.400781,-0.439191],[-0.320664,-0.914335,0.247318],[-0.500688,-0.0580221,-0.863681]]],3],[7844,[-0.171293,-0.443215,0.879897],784,46.0572,[-0.290424,67.054,-40.1019],[7.7614,67.9309,-41.983],[109.385,25.9761,-56.1258],false,[45.9797,109.575,-14.4555],[23.7194,101.097,-61.6585],[8.54406,73.8137,-69.7103],[5.48916,65.9092,-54.018],[8.14631,68.7616,-38.7921],[[[0.803304,-0.523007,-0.284897],[0.421246,0.837112,-0.348993],[0.421016,0.160336,0.89277]],[[0.880125,-0.470201,-0.0655086],[0.0619895,0.250629,-0.966096],[0.470678,0.846225,0.249733]],[[0.880125,-0.470201,-0.0655086],[-0.442763,-0.763198,-0.470627],[0.171293,0.443215,-0.879897]],[[0.880125,-0.470201,-0.0655086],[-0.44362,-0.863698,0.239222],[-0.169062,-0.181484,-0.968753]]],4]],[[0,200,0],[235.247,235.247,147.751]]],[3762551,1817998363910,[[784,"right",[-0.629871,0.00908809,-0.776646],[-0.169342,-0.977483,0.125901],[5.10673,108.506,-31.6588],[126.363,2.87792,2.58031],[3.00468,108.516,-31.8816],1,1,0.225204,[[0.775892,-0.214103,-0.593423],[0.235237,0.970997,-0.042761],[0.585367,-0.106417,0.803754]],58.1017,[186.17,84.2442,199.676],[42.0566,110.443,1.79628]]],[[7840,[-0.290153,-0.654432,-0.698234],784,47.5212,[-23.0658,52.9503,-31.335],[-20.3172,53.2784,-32.1774],[132.058,-0.675905,-37.1081],false,[22.6501,106.269,21.504],[22.6501,106.269,21.504],[-12.0511,84.009,2.21547],[-21.0718,63.6631,-19.4922],[-20.0469,49.7442,-35.6357],[[[0.333579,0.791227,-0.512529],[-0.288496,0.603264,0.743534],[0.897494,-0.100164,0.429502]],[[-0.117282,0.748439,-0.652751],[-0.636401,0.44795,0.627961],[0.76239,0.48906,0.423771]],[[-0.117282,0.748439,-0.652751],[-0.949766,0.107507,0.293915],[0.290153,0.654432,0.698234]],[[-0.117282,0.748439,-0.652751],[-0.991937,-0.120071,0.0405524],[-0.0480256,0.652243,0.756487]]],0],[7841,[-0.409838,-0.912009,0.0165144],784,53.6224,[-73.7738,80.922,-46.1183],[-66.5707,81.7698,-48.3761],[149.097,4.06864,-28.5332],false,[25.0983,122.235,7.14227],[-26.2231,115.451,-35.5216],[-60.9602,111.403,-53.1731],[-69.9927,91.303,-52.8092],[-64.7631,78.0333,-46.5421],[[[0.641497,-0.206302,-0.738865],[0.0564803,0.973248,-0.222707],[0.765044,0.101135,0.635987]],[[0.462132,-0.223214,-0.85826],[0.0118946,0.969277,-0.245682],[0.886732,0.103329,0.450589]],[[0.462132,-0.223214,-0.85826],[-0.786427,0.344116,-0.51295],[0.409838,0.912009,-0.0165144]],[[0.462132,-0.223214,-0.85826],[-0.820823,-0.474006,-0.318696],[-0.335683,0.851759,-0.402272]]],1],[7842,[0.319546,-0.598545,0.734598],784,61.0984,[-25.9336,60.6175,-21.5637],[-16.5567,61.1073,-24.4876],[120.913,1.16816,-38.3349],false,[31.9,121.4,-1.75148],[-10.7308,113.143,-48.2433],[-33.916,76.2814,-54.1843],[-25.6305,60.7616,-35.1368],[-14.4732,61.3197,-22.1439],[[[0.719868,-0.353613,-0.597283],[0.180903,0.926343,-0.330398],[0.670122,0.129793,0.730814]],[[0.716953,-0.354173,-0.600449],[-0.45573,0.413668,-0.788155],[0.52753,0.838713,0.135174]],[[0.716953,-0.354173,-0.600449],[-0.619571,-0.718543,-0.315955],[-0.319546,0.598545,-0.734598]],[[0.716953,-0.354173,-0.600449],[-0.249,-0.934613,0.253965],[-0.651135,-0.0325693,-0.758263]]],2],[7843,[0.165341,-0.570809,0.804263],784,58.7478,[-10.9916,60.3968,-30.1052],[-2.07943,61.0539,-31.7462],[134.644,13.7537,-20.4978],false,[39.5716,118.122,-9.22729],[8.0797,108.889,-55.9751],[-13.0493,74.9092,-63.6384],[-8.87284,60.4909,-43.3232],[-0.231092,61.4414,-28.6718],[[[0.794937,-0.399478,-0.45661],[0.253141,0.902377,-0.348762],[0.551357,0.161657,0.818457]],[[0.801403,-0.397538,-0.446897],[-0.297957,0.38252,-0.874586],[0.518628,0.834052,0.188103]],[[0.801403,-0.397538,-0.446897],[-0.574818,-0.718429,-0.391719],[-0.165341,0.570809,-0.804263]],[[0.801403,-0.397538,-0.446897],[-0.316946,-0.915888,0.246362],[-0.507246,-0.0557924,-0.859994]]],3],[7844,[-0.166719,-0.447669,0.87852],784,46.0572,[0.938503,67.199,-40.2606],[9.53317,67.9877,-41.1167],[131.733,20.9032,-11.0822],false,[47.9748,109.156,-13.4007],[25.4507,101.256,-60.5787],[10.2009,74.0464,-68.7379],[7.22756,66.0625,-53.0702],[9.97283,68.8256,-37.8434],[[[0.800581,-0.521654,-0.294869],[0.421411,0.839972,-0.341848],[0.426008,0.149415,0.892296]],[[0.879193,-0.470828,-0.0730749],[0.05748,0.257058,-0.964685],[0.472986,0.843944,0.253067]],[[0.879193,-0.470828,-0.0730749],[-0.446345,-0.760206,-0.472084],[0.166719,0.447669,-0.87852]],[[0.879193,-0.470828,-0.0730749],[-0.443295,-0.864532,0.236801],[-0.174668,-0.175801,-0.968806]]],4]],[[0,200,0],[235.247,235.247,147.751]]],[3762552,1817998373623,[[784,"right",[-0.604184,0.0199342,-0.796596],[-0.197423,-0.972264,0.125407],[6.77793,109.456,-33.3551],[139.743,30.6821,-49.3115],[4.68312,108.934,-32.5371],1,1,0.165354,[[0.778055,-0.234138,-0.582932],[0.250726,0.966574,-0.0535787],[0.575992,-0.104469,0.810752]],58.1017,[184.476,84.965,200.866],[42.6708,110.685,1.26394]]],[[7840,[-0.280461,-0.652223,-0.704234],784,47.5212,[-21.9601,53.4513,-32.2655],[-19.8337,54.8003,-34.3823],[109.914,45.1733,-93.0429],false,[22.544,107.105,20.3566],[22.544,107.105,20.3566],[-12.0407,85.5383,0.0961105],[-20.7601,65.2611,-21.7981],[-19.4282,51.2336,-37.8247],[[[0.369336,0.779736,-0.505571],[-0.29722,0.614575,0.730724],[0.880484,-0.119616,0.458738]],[[-0.0789501,0.746869,-0.660267],[-0.645308,0.46655,0.604904],[0.759832,0.473833,0.445126]],[[-0.0789501,0.746869,-0.660267],[-0.956613,0.12958,0.260961],[0.280461,0.652223,0.704234]],[[-0.0789501,0.746869,-0.660267],[-0.994923,-0.100501,0.0052831],[-0.0624117,0.657332,0.751012]]],0],[7841,[-0.428146,-0.903646,0.010779],784,53.6224,[-72.3702,81.3099,-46.9417],[-64.8143,84.26,-52.1454],[158.131,77.5554,-132.94],false,[25.8464,122.921,5.99933],[-24.2303,117.145,-38.2622],[-58.463,113.725,-56.9985],[-67.899,93.8088,-56.761],[-63.1185,80.5021,-50.2197],[[[0.659598,-0.22638,-0.716716],[0.0876581,0.970226,-0.22578],[0.746489,0.0860982,0.659804]],[[0.484445,-0.239565,-0.841381],[0.0411088,0.966945,-0.251648],[0.873855,0.0873213,0.47828]],[[0.484445,-0.239565,-0.841381],[-0.762892,0.355012,-0.540335],[0.428146,0.903646,-0.010779]],[[0.484445,-0.239565,-0.841381],[-0.81924,-0.461586,-0.34027],[-0.306852,0.854135,-0.419874]]],1],[7842,[0.281303,-0.601264,0.747897],784,61.0984,[-25.282,60.7692,-21.9686],[-16.2707,62.6644,-26.6537],[95.4036,48.2151,-92.2625],false,[32.9075,121.866,-2.66598],[-8.39923,114.382,-50.4656],[-32.2811,78.0622,-56.9575],[-24.9872,62.4719,-37.5651],[-14.2392,62.8505,-24.2254],[[[0.729715,-0.374727,-0.571923],[0.214277,0.919641,-0.329159],[0.649309,0.117642,0.751371]],[[0.726971,-0.37522,-0.575086],[-0.419821,0.419872,-0.804648],[0.543382,0.826389,0.147709]],[[0.726971,-0.37522,-0.575086],[-0.626404,-0.705473,-0.331551],[-0.281303,0.601264,-0.747897]],[[0.726971,-0.37522,-0.575086],[-0.279405,-0.926673,0.251417],[-0.627253,-0.0220912,-0.778502]]],2],[7843,[0.128261,-0.565438,0.814757],784,58.7478,[-9.97981,60.6219,-30.4763],[-1.49115,62.2939,-33.3521],[115.324,48.1569,-60.4849],false,[40.7318,118.356,-9.87347],[10.5389,109.621,-57.5645],[-11.1156,76.0657,-65.6186],[-7.87574,61.783,-45.0382],[0.337165,62.7111,-30.1408],[[[0.799069,-0.421584,-0.428668],[0.286453,0.8938,-0.345059],[0.528615,0.152933,0.834972]],[[0.805708,-0.41961,-0.418045],[-0.261368,0.381484,-0.886655],[0.531527,0.823648,0.197692]],[[0.805708,-0.41961,-0.418045],[-0.578259,-0.710076,-0.401758],[-0.128261,0.565438,-0.814757]],[[0.805708,-0.41961,-0.418045],[-0.34415,-0.906068,0.246173],[-0.482074,-0.0544737,-0.874436]]],3],[7844,[-0.202549,-0.428879,0.880361],784,46.0572,[2.221,67.465,-40.5405],[10.5475,68.9235,-42.2515],[125.67,44.1937,-37.5233],false,[49.0404,109.162,-13.7274],[27.8547,101.538,-61.566],[12.2239,74.5622,-69.7833],[8.61162,66.9134,-54.0827],[10.9599,69.8385,-38.8199],[[[0.796492,-0.542898,-0.266202],[0.45282,0.827324,-0.332399],[0.400694,0.144212,0.904791]],[[0.869741,-0.491922,-0.0395407],[0.0922926,0.240838,-0.966167],[0.484802,0.836666,0.254868]],[[0.869741,-0.491922,-0.0395407],[-0.450027,-0.757677,-0.472652],[0.202549,0.428879,-0.880361]],[[0.869741,-0.491922,-0.0395407],[-0.470348,-0.850516,0.235361],[-0.149409,-0.186105,-0.971103]]],4]],[[0,200,0],[235.247,235.247,147.751]]],[3762553,1817998383733,[[784,"right",[-0.600436,0.0228678,-0.799345],[-0.190682,-0.974852,0.115344],[7.27507,109.18,-33.2456],[112.324,13.1182,-31.1048],[5.92085,109.051,-32.8754],1,1,0.173235,[[0.782654,-0.22267,-0.581266],[0.235454,0.970346,-0.0546863],[0.576206,-0.094061,0.811874]],58.1017,[184.847,87.1958,201.438],[42.9888,110.353,1.56002]]],[[7840,[-0.267956,-0.648766,-0.712252],784,47.5212,[-20.8167,53.6025,-33.0667],[-18.7188,54.2566,-34.896],[113.118,14.9282,-81.0403],false,[22.7971,106.444,20.5189],[22.7971,106.444,20.5189],[-11.4884,84.7423,-0.103313],[-19.819,64.5725,-22.2468],[-18.1272,50.7207,-38.3918],[[[0.36589,0.787194,-0.496437],[-0.305403,0.605447,0.734957],[0.879121,-0.1173,0.461939]],[[-0.082714,0.752048,-0.653897],[-0.652504,0.455077,0.605923],[0.753257,0.476789,0.453073]],[[-0.082714,0.752048,-0.653897],[-0.959874,0.116303,0.255178],[0.267956,0.648766,0.712252]],[[-0.082714,0.752048,-0.653897],[-0.993415,-0.114418,-0.00593102],[-0.0792778,0.649101,0.75656]]],0],[7841,[-0.413968,-0.910277,0.00516694],784,53.6224,[-71.0201,81.5114,-47.6855],[-63.803,83.4101,-52.4612],[141.806,27.7653,-101.361],false,[26.0497,122.418,6.32645],[-23.7661,116.682,-38.2336],[-57.8764,112.95,-57.1333],[-67,92.8886,-57.0194],[-62.0189,79.6359,-50.5184],[[[0.664767,-0.214691,-0.715537],[0.0814249,0.972932,-0.216272],[0.7426,0.085508,0.664254]],[[0.490851,-0.227998,-0.840882],[0.0299081,0.968992,-0.245276],[0.87073,0.0952447,0.482449]],[[0.490851,-0.227998,-0.840882],[-0.766613,0.345562,-0.541194],[0.413968,0.910277,-0.00516694]],[[0.490851,-0.227998,-0.840882],[-0.810456,-0.47368,-0.344656],[-0.319728,0.850673,-0.417289]]],1],[7842,[0.283397,-0.60454,0.744458],784,61.0984,[-24.6338,60.8745,-22.3606],[-15.4333,62.1906,-27.0928],[92.9587,19.9198,-76.0847],false,[33.1607,121.497,-2.3134],[-7.85547,114.152,-50.384],[-31.406,77.6938,-57.2983],[-24.0578,62.0186,-37.9951],[-13.3702,62.3917,-24.6068],[[[0.735296,-0.363859,-0.571792],[0.208923,0.92427,-0.319493],[0.644741,0.115461,0.755631]],[[0.73274,-0.364313,-0.574777],[-0.419483,0.423264,-0.803046],[0.535842,0.829532,0.157319]],[[0.73274,-0.364313,-0.574777],[-0.618691,-0.708384,-0.339725],[-0.283397,0.60454,-0.744458]],[[0.73274,-0.364313,-0.574777],[-0.272137,-0.931022,0.243186],[-0.623726,-0.0217741,-0.78134]]],2],[7843,[0.135031,-0.563003,0.815349],784,58.7478,[-8.8605,60.8303,-30.8361],[-0.4472,62.1442,-33.5102],[115.204,30.8662,-41.9458],false,[41.0462,118.114,-9.51467],[11.1524,109.6,-57.4336],[-10.1049,75.826,-65.631],[-6.69407,61.6049,-45.0357],[1.4932,62.6467,-30.1317],[[[0.804305,-0.411535,-0.42864],[0.281369,0.899122,-0.335278],[0.523378,0.149059,0.838962]],[[0.811399,-0.409455,-0.417107],[-0.263401,0.380899,-0.886305],[0.521777,0.829013,0.20121]],[[0.811399,-0.409455,-0.417107],[-0.568681,-0.717896,-0.401531],[-0.135031,0.563003,-0.815349]],[[0.811399,-0.409455,-0.417107],[-0.332693,-0.910279,0.24639],[-0.480569,-0.0611522,-0.874822]]],3],[7844,[-0.198681,-0.426401,0.882444],784,46.0572,[3.58556,67.7299,-40.7748],[11.4678,68.9544,-42.219],[116.976,33.2481,-19.7533],false,[49.4426,109.019,-13.4133],[28.548,101.685,-61.425],[13.17,74.5523,-69.6026],[9.62669,66.9478,-53.8649],[11.9297,69.9338,-38.607],[[[0.801854,-0.534383,-0.267329],[0.448169,0.833781,-0.322419],[0.395189,0.138724,0.908065]],[[0.874145,-0.484241,-0.0371743],[0.0915384,0.239447,-0.966585],[0.476961,0.841532,0.253638]],[[0.874145,-0.484241,-0.0371743],[-0.443167,-0.763998,-0.468945],[0.198681,0.426401,-0.882444]],[[0.874145,-0.484241,-0.0371743],[-0.463034,-0.854059,0.23703],[-0.146529,-0.189986,-0.970791]]],4]],[[0,200,0],[235.247,235.247,147.751]]],[3762554,1817998393134,[[784,"right",[-0.606222,0.0246202,-0.794914],[-0.175198,-0.979101,0.103285],[8.21422,108.442,-31.6783],[108.784,-12.9702,25.2527],[7.00092,108.764,-32.3116],1,1,0.208636,[[0.788586,-0.203601,-0.580241],[0.209749,0.976067,-0.0574291],[0.578046,-0.0764172,0.812418]],58.1017,[186.457,90.87,202.912],[44.146,109.683,2.89991]]],[[7840,[-0.249415,-0.644963,-0.722367],784,47.5212,[-18.9803,53.2696,-33.3407],[-16.3623,53.0618,-33.9361],[160.828,-25.6635,-31.4418],false,[24.1468,105.213,21.9386],[24.1468,105.213,21.9386],[-9.87983,83.186,1.23212],[-17.634,63.1345,-21.2258],[-15.3541,49.5929,-37.5606],[[[0.350571,0.799302,-0.488074],[-0.309388,0.590732,0.745195],[0.883956,-0.110239,0.454388]],[[-0.0999477,0.759102,-0.643253],[-0.65662,0.435408,0.615849],[0.74757,0.483925,0.454924]],[[-0.0999477,0.759102,-0.643253],[-0.963225,0.088238,0.253794],[0.249415,0.644963,0.722367]],[[-0.0999477,0.759102,-0.643253],[-0.989241,-0.145227,-0.0176753],[-0.106835,0.634565,0.76545]]],0],[7841,[-0.393332,-0.919397,0.000133103],784,53.6224,[-69.5991,81.4282,-48.0608],[-62.378,81.6934,-50.6121],[146.045,-32.241,-15.9858],false,[27.0606,121.425,7.94426],[-22.97,115.54,-36.355],[-57.1499,111.377,-55.0373],[-65.8186,91.114,-55.0344],[-60.4587,77.9333,-48.6899],[[[0.66296,-0.194881,-0.722846],[0.0652873,0.976897,-0.203496],[0.745803,0.0877169,0.660366]],[[0.488505,-0.209112,-0.847133],[0.00968827,0.972098,-0.234373],[0.872507,0.106285,0.476901]],[[0.488505,-0.209112,-0.847133],[-0.778879,0.333139,-0.531381],[0.393332,0.919397,-0.000133103]],[[0.488505,-0.209112,-0.847133],[-0.801871,-0.490389,-0.341353],[-0.344044,0.846044,-0.407239]]],1],[7842,[0.298015,-0.609702,0.734473],784,61.0984,[-23.8637,60.8963,-22.6707],[-13.7404,61.0504,-26.0231],[118.141,-20.112,-21.2502],false,[34.1248,120.729,-0.754844],[-7.10747,113.417,-48.6452],[-30.1485,76.6983,-55.8903],[-22.4212,60.8893,-36.846],[-11.6448,61.2567,-23.5289],[[[0.736716,-0.344901,-0.581629],[0.192787,0.931575,-0.308224],[0.648137,0.114944,0.752799]],[[0.734171,-0.345349,-0.584574],[-0.431457,0.427487,-0.794418],[0.524249,0.835457,0.164846]],[[0.734171,-0.345349,-0.584574],[-0.610065,-0.713441,-0.344706],[-0.298015,0.609702,-0.734473]],[[0.734171,-0.345349,-0.584574],[-0.255868,-0.938229,0.232932],[-0.628907,-0.0214382,-0.777185]]],2],[7843,[0.156964,-0.560678,0.813021],784,58.7478,[-7.57791,60.9537,-30.9878],[1.45398,61.523,-32.2207],[143.808,4.90905,14.9169],false,[42.0103,117.564,-8.05439],[11.9175,109.249,-55.8837],[-8.74298,75.0923,-64.0202],[-4.77815,60.9298,-43.4837],[3.5533,62.1127,-28.6704],[[[0.807422,-0.393465,-0.439608],[0.265492,0.907742,-0.324837],[0.526862,0.145568,0.837393]],[[0.815111,-0.391274,-0.427199],[-0.280024,0.379436,-0.881825],[0.507129,0.838411,0.199717]],[[0.815111,-0.391274,-0.427199],[-0.557634,-0.729757,-0.395599],[-0.156964,0.560678,-0.813021]],[[0.815111,-0.391274,-0.427199],[-0.31055,-0.917651,0.247941],[-0.489032,-0.0694327,-0.869498]]],3],[7844,[-0.182652,-0.43245,0.882964],784,46.0572,[4.97005,67.9003,-40.7797],[13.0082,68.5611,-41.0234],[131.528,12.8513,25.5093],false,[50.5155,108.651,-12.1331],[29.4022,101.653,-60.0994],[14.3873,74.3237,-68.2968],[11.1299,66.6113,-52.5498],[13.5325,69.5661,-37.3011],[[[0.807933,-0.518513,-0.279978],[0.433341,0.844764,-0.313991],[0.399324,0.132358,0.907206]],[[0.881415,-0.469916,-0.0478198],[0.0789423,0.246369,-0.965956],[0.465699,0.847633,0.25425]],[[0.881415,-0.469916,-0.0478198],[-0.435599,-0.769523,-0.466998],[0.182652,0.43245,-0.882964]],[[0.881415,-0.469916,-0.0478198],[-0.446923,-0.862459,0.237539],[-0.152866,-0.187999,-0.9702]]],4]],[[0,200,0],[235.247,235.247,147.751]]],[3762555,1817998402812,[[784,"right",[-0.606452,0.0328601,-0.794441],[-0.177751,-0.979462,0.0951763],[9.90564,108.155,-30.0464],[128.046,-17.8525,67.1031],[8.40101,108.471,-31.2198],1,1,0.240084,[[0.796331,-0.201065,-0.570465],[0.195891,0.978033,-0.0712642],[0.572262,-0.0549992,0.818224]],58.1017,[186.741,95.4718,205.968],[45.8535,109.012,4.52671]]],[[7840,[-0.23038,-0.640843,-0.732287],784,47.5212,[-16.0561,52.8278,-33.0928],[-13.7838,52.7238,-32.8435],[203.089,-28.828,7.19519],false,[25.8497,104.435,23.5353],[25.8497,104.435,23.5353],[-8.09204,82.5131,2.58044],[-15.2544,62.5897,-20.1859],[-12.2239,49.2968,-36.6028],[[[0.352503,0.80242,-0.481522],[-0.307544,0.585304,0.750224],[0.883832,-0.116367,0.453101]],[[-0.100143,0.764148,-0.63722],[-0.658708,0.429074,0.618061],[0.745704,0.481637,0.460381]],[[-0.100143,0.764148,-0.63722],[-0.967934,0.0734694,0.240221],[0.23038,0.640843,0.732287]],[[-0.100143,0.764148,-0.63722],[-0.984786,-0.167533,-0.0461382],[-0.142012,0.622905,0.7693]]],0],[7841,[-0.387745,-0.921765,-0.00186165],784,53.6224,[-67.9139,81.3238,-48.1348],[-60.5083,81.5625,-48.9871],[160.911,-27.1863,38.6836],false,[28.8012,120.756,9.67569],[-21.2614,115.374,-34.6514],[-55.4654,111.261,-53.3006],[-64.011,90.9456,-53.3417],[-58.523,77.796,-47.0426],[[[0.662171,-0.190591,-0.72471],[0.0677972,0.978386,-0.195358],[0.74628,0.0802271,0.66078]],[[0.487442,-0.20333,-0.849151],[0.00762923,0.973463,-0.228718],[0.873122,0.105008,0.476058]],[[0.487442,-0.20333,-0.849151],[-0.782338,0.330162,-0.528148],[0.387745,0.921765,0.00186165]],[[0.487442,-0.20333,-0.849151],[-0.79894,-0.496216,-0.3398],[-0.352271,0.844053,-0.404326]]],1],[7842,[0.29724,-0.615957,0.729552],784,61.0984,[-22.8769,60.8995,-22.9028],[-12.1697,60.7973,-24.7884],[131.615,-21.4697,22.8329],false,[35.8602,120.115,0.968284],[-5.40917,113.312,-46.9652],[-28.5473,76.7129,-54.5017],[-20.8401,60.7417,-35.585],[-10.0521,60.9895,-22.2746],[[[0.735583,-0.341979,-0.58478],[0.195137,0.933603,-0.300512],[0.648721,0.106939,0.753475]],[[0.733026,-0.342397,-0.587739],[-0.430714,0.435118,-0.790669],[0.526459,0.832729,0.171477]],[[0.733026,-0.342397,-0.587739],[-0.611818,-0.70948,-0.349738],[-0.29724,0.615957,-0.729552]],[[0.733026,-0.342397,-0.587739],[-0.257471,-0.939444,0.226172],[-0.629589,-0.0144643,-0.776794]]],2],[7843,[0.164976,-0.555052,0.815292],784,58.7478,[-6.04692,61.0789,-30.8852],[3.33965,61.5089,-30.5764],[162.681,4.41472,66.1297],false,[43.7346,116.989,-6.36057],[13.602,109.154,-54.2457],[-6.98659,74.9101,-62.1962],[-2.81938,60.8897,-41.6023],[5.58834,62.1651,-26.8399],[[[0.806213,-0.391914,-0.443197],[0.267773,0.909717,-0.317351],[0.527559,0.137177,0.83837]],[[0.814317,-0.389734,-0.430111],[-0.285473,0.376277,-0.881431],[0.505365,0.840549,0.19515]],[[0.814317,-0.389734,-0.430111],[-0.556481,-0.734864,-0.387691],[-0.164976,0.555052,-0.815292]],[[0.814317,-0.389734,-0.430111],[-0.305511,-0.91788,0.253298],[-0.493509,-0.0748611,-0.866513]]],3],[7844,[-0.179943,-0.431042,0.884207],784,46.0572,[6.46587,68.0452,-40.5377],[14.6517,68.4856,-39.5215],[143.872,7.66405,66.2383],false,[52.2146,108.088,-10.5169],[31.0649,101.547,-58.5316],[15.9788,74.2531,-66.7155],[12.7697,66.5657,-50.9463],[15.2273,69.5179,-35.7059],[[[0.806453,-0.518292,-0.284618],[0.435458,0.846207,-0.307098],[0.400012,0.123721,0.908121]],[[0.880435,-0.471454,-0.0506537],[0.076788,0.247181,-0.965922],[0.467909,0.846542,0.253828]],[[0.880435,-0.471454,-0.0506537],[-0.438697,-0.769372,-0.46434],[0.179943,0.431042,-0.884207]],[[0.880435,-0.471454,-0.0506537],[-0.447643,-0.861656,0.239091],[-0.156366,-0.187829,-0.969675]]],4]],[[0,200,0],[235.247,235.247,147.751]]],[3762556,1817998412509,[[784,"right",[-0.605454,0.0443555,-0.794644],[-0.183308,-0.979374,0.0849987],[11.456,107.999,-28.686],[137.354,-17.3269,88.5038],[9.8553,108.246,-30.0136],1,1,0.264203,[[0.802105,-0.199214,-0.562976],[0.186148,0.979155,-0.0812678],[0.56743,-0.0396112,0.822468]],58.1017,[187.071,98.5508,208.415],[47.373,108.303,5.92847]]],[[7840,[-0.220069,-0.633778,-0.741549],784,47.5212,[-12.9668,52.5061,-32.5106],[-11.827,52.639,-32.086],[207.808,-22.6392,26.9715],false,[27.3247,103.644,24.8702],[27.3247,103.644,24.8702],[-6.66314,82.0336,3.66757],[-13.5049,62.3298,-19.3867],[-9.98557,49.2779,-35.8992],[[[0.357462,0.80531,-0.472965],[-0.305034,0.579326,0.755867],[0.882709,-0.125923,0.452734]],[[-0.097088,0.770641,-0.62983],[-0.658016,0.42508,0.621548],[0.746718,0.474783,0.465825]],[[-0.097088,0.770641,-0.62983],[-0.970641,0.0666108,0.231127],[0.220069,0.633778,0.741549]],[[-0.097088,0.770641,-0.62983],[-0.981517,-0.178995,-0.0677129],[-0.164919,0.611615,0.773776]]],0],[7841,[-0.383991,-0.92332,-0.00551791],784,53.6224,[-66.121,81.2714,-47.9692],[-58.8033,81.7945,-47.7554],[166.41,-12.7558,65.6038],false,[30.3813,120.089,11.1808],[-19.6656,115.439,-33.2467],[-53.8824,111.498,-51.9097],[-62.3453,91.1484,-52.0313],[-56.7572,78.0146,-45.7874],[[[0.661831,-0.186881,-0.725985],[0.0734515,0.979935,-0.185291],[0.746046,0.0693069,0.662278]],[[0.486843,-0.197384,-0.850896],[0.00842112,0.975149,-0.221389],[0.873449,0.100616,0.476407]],[[0.486843,-0.197384,-0.850896],[-0.78456,0.329423,-0.525306],[0.383991,0.92332,0.00551791]],[[0.486843,-0.197384,-0.850896],[-0.796446,-0.500326,-0.339628],[-0.358688,0.843038,-0.400786]]],1],[7842,[0.295164,-0.622653,0.724694],784,61.0984,[-21.745,60.9039,-23.0491],[-10.8513,60.7776,-23.9246],[134.572,-14.8006,43.8636],false,[37.4454,119.497,2.47405],[-3.81264,113.414,-45.5658],[-27.1243,76.9998,-53.454],[-19.471,60.855,-34.6633],[-8.6762,60.9725,-21.3566],[[[0.734256,-0.340098,-0.587538],[0.200646,0.935516,-0.290775],[0.648544,0.0956162,0.755148]],[[0.731669,-0.340476,-0.59054],[-0.428169,0.444546,-0.786797],[0.530408,0.828526,0.179479]],[[0.731669,-0.340476,-0.59054],[-0.614442,-0.704542,-0.35508],[-0.295164,0.622653,-0.724694]],[[0.731669,-0.340476,-0.59054],[-0.260355,-0.940228,0.219513],[-0.629981,-0.00686043,-0.77658]]],2],[7843,[0.164678,-0.559157,0.812542],784,58.7478,[-4.45773,61.1845,-30.6233],[4.78659,61.4801,-29.4662],[159.947,1.6284,82.8045],false,[45.3097,116.402,-4.8788],[15.1824,109.225,-52.8703],[-5.49924,75.0639,-60.9366],[-1.33956,60.9399,-40.4122],[7.07728,62.0857,-25.6443],[[[0.804463,-0.391869,-0.446405],[0.273164,0.911399,-0.307788],[0.527466,0.125662,0.840231]],[[0.812755,-0.38982,-0.432978],[-0.285872,0.380722,-0.879391],[0.507648,0.838505,0.197995]],[[0.812755,-0.38982,-0.432978],[-0.558848,-0.7317,-0.390262],[-0.164678,0.559157,-0.812542]],[[0.812755,-0.38982,-0.432978],[-0.308788,-0.918432,0.24725],[-0.494044,-0.0672552,-0.866832]]],3],[7844,[-0.17952,-0.431114,0.884259],784,46.0572,[7.94027,68.1794,-40.1435],[16.0563,68.5456,-38.3561],[145.248,7.93818,84.5555],false,[53.7441,107.497,-9.11775],[32.607,101.564,-57.2169],[17.3751,74.3715,-65.467],[14.1735,66.6829,-49.6969],[16.6791,69.5912,-34.4559],[[[0.803838,-0.519858,-0.289124],[0.440483,0.846851,-0.298024],[0.399775,0.112209,0.909719]],[[0.878043,-0.475571,-0.0536036],[0.0764813,0.250001,-0.96522],[0.472432,0.843405,0.255884]],[[0.878043,-0.475571,-0.0536036],[-0.443637,-0.766794,-0.463911],[0.17952,0.431114,-0.884259]],[[0.878043,-0.475571,-0.0536036],[-0.451248,-0.859995,0.238295],[-0.159425,-0.185044,-0.969713]]],4]],[[0,200,0],[235.247,235.247,147.751]]],[3762557,1817998422206,[[784,"right",[-0.60149,0.0481273,-0.797429],[-0.188892,-0.978448,0.0834261],[12.7299,107.839,-28.2617],[135.604,-17.0984,75.4189],[11.2326,108.051,-29.1742],1,1,0.287769,[[0.805336,-0.202569,-0.557135],[0.184088,0.978801,-0.0897845],[0.563512,-0.0302551,0.825554]],58.1017,[187.219,100.479,209.766],[48.4859,107.927,6.52028]]],[[7840,[-0.206487,-0.633558,-0.745633],784,47.5212,[-10.1188,52.291,-32.0881],[-10.0133,52.5352,-31.8413],[207.391,-18.7031,25.4109],false,[28.3249,103.362,25.3648],[28.3249,103.362,25.3648],[-5.59523,81.8506,3.9536],[-12.0148,62.1537,-19.2276],[-7.83164,49.215,-35.6742],[[[0.363932,0.803737,-0.470703],[-0.305488,0.580402,0.754858],[0.879904,-0.130923,0.456759]],[[-0.0914229,0.771214,-0.629976],[-0.660511,0.426471,0.617938],[0.745229,0.4726,0.470406]],[[-0.0914229,0.771214,-0.629976],[-0.974169,0.061914,0.217167],[0.206487,0.633558,0.745633]],[[-0.0914229,0.771214,-0.629976],[-0.976328,-0.193948,-0.0957447],[-0.196023,0.606311,0.77069]]],0],[7841,[-0.380679,-0.924704,-0.0022801],784,53.6224,[-64.2768,81.2303,-47.7647],[-57.3131,81.8259,-47.4751],[163.401,-8.34887,56.0176],false,[31.5325,119.799,11.7018],[-18.3302,115.447,-32.9623],[-52.4908,111.499,-51.7265],[-60.8807,91.1192,-51.7767],[-55.2286,78.0525,-45.4501],[[[0.664217,-0.189876,-0.723024],[0.07951,0.979662,-0.18423],[0.7433,0.0648812,0.665805]],[[0.489378,-0.199372,-0.848976],[0.00993636,0.974728,-0.223176],[0.872015,0.100782,0.478991]],[[0.489378,-0.199372,-0.848976],[-0.784597,0.324303,-0.528427],[0.380679,0.924704,0.0022801]],[[0.489378,-0.199372,-0.848976],[-0.793024,-0.506741,-0.338123],[-0.362798,0.838728,-0.406095]]],1],[7842,[0.290844,-0.622122,0.726893],784,61.0984,[-20.5208,60.9134,-23.1547],[-9.80248,60.8009,-23.6222],[128.68,-8.98815,41.8688],false,[38.634,119.176,3.02772],[-2.4308,113.346,-45.2087],[-25.8718,77.0328,-53.1769],[-18.3305,60.9017,-34.3292],[-7.57591,61.0225,-20.9899],[[[0.735181,-0.343573,-0.584352],[0.206959,0.934644,-0.289151],[0.645506,0.0916417,0.758238]],[[0.732519,-0.343947,-0.587466],[-0.42303,0.44613,-0.788679],[0.53335,0.826238,0.181299]],[[0.732519,-0.343947,-0.587466],[-0.615488,-0.703324,-0.355682],[-0.290844,0.622122,-0.726893]],[[0.732519,-0.343947,-0.587466],[-0.263612,-0.938963,0.221038],[-0.627634,-0.00705166,-0.778476]]],2],[7843,[0.160091,-0.557686,0.814467],784,58.7478,[-2.90238,61.26,-30.3101],[5.92225,61.3915,-28.9351],[147.924,-2.33013,76.1579],false,[46.516,116.045,-4.29059],[16.5757,109.062,-52.4274],[-4.18789,74.9353,-60.4291],[-0.144077,60.8484,-39.8561],[8.21662,61.9631,-25.0539],[[[0.804452,-0.395815,-0.442931],[0.279427,0.910154,-0.305843],[0.524193,0.122269,0.842777]],[[0.812729,-0.39381,-0.429401],[-0.282344,0.378474,-0.881498],[0.50966,0.837658,0.196407]],[[0.812729,-0.39381,-0.429401],[-0.560216,-0.730685,-0.390202],[-0.160091,0.557686,-0.814467]],[[0.812729,-0.39381,-0.429401],[-0.314065,-0.91686,0.246435],[-0.490749,-0.0654256,-0.868841]]],3],[7844,[-0.183285,-0.425412,0.886245],784,46.0572,[9.34473,68.2799,-39.7195],[17.2111,68.4646,-37.7731],[138.18,3.3734,79.0259],false,[54.9229,107.098,-8.49661],[33.9795,101.312,-56.6983],[18.6362,74.1555,-64.8615],[15.3674,66.5686,-49.056],[17.8472,69.5287,-33.8207],[[[0.802413,-0.52391,-0.285748],[0.446353,0.844713,-0.295345],[0.396109,0.109444,0.911658]],[[0.875858,-0.480045,-0.0492924],[0.0800243,0.245215,-0.96616],[0.475888,0.842275,0.253189]],[[0.875858,-0.480045,-0.0492924],[-0.446407,-0.76719,-0.460586],[0.183285,0.425412,-0.886245]],[[0.875858,-0.480045,-0.0492924],[-0.456047,-0.856788,0.240697],[-0.157778,-0.188336,-0.969348]]],4]],[[0,200,0],[235.247,235.247,147.751]]],[3762558,1817998432170,[[784,"right",[-0.592839,0.0674217,-0.802494],[-0.199111,-0.977823,0.0649404],[14.5783,108.135,-26.9246],[150.53,-3.07785,92.9984],[12.8811,108.093,-28.0658],1,1,0.312459,[[0.80792,-0.199212,-0.554599],[0.172794,0.979844,-0.10024],[0.563389,-0.0148457,0.826058]],58.1017,[188.68,103.634,211.581],[49.977,107.289,8.21086]]],[[7840,[-0.193465,-0.620074,-0.760315],784,47.5212,[-7.40251,52.6488,-31.8164],[-7.7724,53.1,-31.6527],[217.778,4.67541,23.1304],false,[29.582,102.604,26.7721],[29.582,102.604,26.7721],[-4.26198,81.713,4.63842],[-10.2767,62.4353,-18.9993],[-5.21771,49.9003,-35.5123],[[[0.376406,0.807958,-0.453345],[-0.307586,0.570562,0.761479],[0.873905,-0.147182,0.46328]],[[-0.0787369,0.782269,-0.617944],[-0.664021,0.421189,0.6178],[0.743557,0.458972,0.48628]],[[-0.0787369,0.782269,-0.617944],[-0.977943,0.0596861,0.200165],[0.193465,0.620074,0.760315]],[[-0.0787369,0.782269,-0.617944],[-0.968298,-0.207419,-0.139199],[-0.237065,0.587394,0.773801]]],0],[7841,[-0.382517,-0.923794,-0.0168843],784,53.6224,[-62.1915,81.4253,-47.4972],[-55.2825,82.9369,-47.0967],[175.526,26.7675,51.1185],false,[33.0863,119.237,13.4224],[-16.3579,116.125,-31.807],[-50.3714,112.626,-50.9244],[-58.8017,92.2667,-51.2965],[-53.2106,79.1209,-45.0806],[[[0.669702,-0.184149,-0.719436],[0.0907794,0.981803,-0.166802],[0.737061,0.0463975,0.674232]],[[0.495821,-0.189817,-0.847426],[0.016957,0.97775,-0.209087],[0.868259,0.0892998,0.488008]],[[0.495821,-0.189817,-0.847426],[-0.779643,0.332526,-0.530645],[0.382517,0.923794,0.0168843]],[[0.495821,-0.189817,-0.847426],[-0.790798,-0.501956,-0.350254],[-0.358887,0.843807,-0.398987]]],1],[7842,[0.278553,-0.63595,0.719706],784,61.0984,[-19.1339,60.9816,-23.2201],[-8.43234,61.2846,-23.3088],[132.328,8.77887,39.6523],false,[40.2696,118.691,4.8107],[-0.355306,114.075,-43.9271],[-24.0538,78.1219,-52.723],[-16.8312,61.6323,-34.0617],[-6.20078,61.4567,-20.6239],[[[0.73777,-0.340845,-0.582683],[0.218854,0.937316,-0.271187],[0.638591,0.0725511,0.766119]],[[0.735045,-0.341151,-0.585939],[-0.41105,0.46305,-0.785253],[0.539209,0.818047,0.200133]],[[0.735045,-0.341151,-0.585939],[-0.618156,-0.692231,-0.372423],[-0.278553,0.63595,-0.719706]],[[0.735045,-0.341151,-0.585939],[-0.273545,-0.939953,0.204113],[-0.620388,0.0102483,-0.784228]]],2],[7843,[0.148896,-0.569533,0.80837],784,58.7478,[-1.26806,61.395,-29.9271],[7.4343,61.8403,-28.313],[149.582,11.5479,73.2461],false,[48.1954,115.607,-2.48016],[18.6819,109.728,-51.0263],[-2.28132,75.8835,-59.68],[1.47971,61.4973,-39.2609],[9.71752,62.3395,-24.3722],[[[0.805092,-0.396136,-0.441479],[0.29125,0.912404,-0.287563],[0.516721,0.102934,0.849943]],[[0.81333,-0.394422,-0.427698],[-0.271522,0.392835,-0.878611],[0.514558,0.83073,0.21241]],[[0.81333,-0.394422,-0.427698],[-0.562427,-0.721154,-0.404491],[-0.148896,0.569533,-0.80837]],[[0.81333,-0.394422,-0.427698],[-0.323555,-0.917599,0.230922],[-0.483536,-0.0494322,-0.873928]]],3],[7844,[-0.194039,-0.433741,0.879897],784,46.0572,[10.8108,68.4423,-39.207],[18.8159,68.964,-36.8865],[145.38,17.0662,83.6954],false,[56.5585,106.65,-6.75259],[36.0532,101.881,-55.2531],[20.5253,74.9647,-63.85],[17.0648,67.2292,-48.1577],[19.4398,69.9674,-32.8644],[[[0.800221,-0.526834,-0.286517],[0.457425,0.845168,-0.276501],[0.387825,0.0902018,0.917309]],[[0.871767,-0.487554,-0.0480916],[0.0898538,0.255611,-0.962595],[0.48161,0.834838,0.266642]],[[0.871767,-0.487554,-0.0480916],[-0.449856,-0.757733,-0.472725],[0.194039,0.433741,-0.879897]],[[0.871767,-0.487554,-0.0480916],[-0.466032,-0.855534,0.225556],[-0.151115,-0.17422,-0.973043]]],4]],[[0,200,0],[235.247,235.247,147.751]]],[3762559,1817998441660,[[784,"right",[-0.588029,0.0891038,-0.803917],[-0.207896,-0.977172,0.0437594],[16.1991,108.403,-25.69],[156.347,5.91755,103.651],[14.4664,108.241,-26.9306],1,1,0.332399,[[0.815001,-0.193187,-0.546308],[0.160527,0.981162,-0.107482],[0.55678,-0.000098717,0.83066]],58.1017,[188.481,106.5,214.102],[51.4049,106.525,9.5989]]],[[7840,[-0.191489,-0.603073,-0.774361],784,47.5212,[-5.41075,53.2014,-31.694],[-6.12463,53.6791,-31.6112],[205.777,21.8564,18.4029],false,[30.8734,101.637,27.9563],[30.8734,101.637,27.9563],[-3.03697,81.4829,5.24886],[-8.99025,62.7337,-18.8255],[-3.43303,50.6062,-35.482],[[[0.385744,0.813788,-0.434684],[-0.306619,0.557445,0.771518],[0.870165,-0.164326,0.464554]],[[-0.0694148,0.795306,-0.60222],[-0.663426,0.414033,0.623252],[0.745015,0.442791,0.498887]],[[-0.0694148,0.795306,-0.60222],[-0.979037,0.0615666,0.194155],[0.191489,0.603073,0.774361]],[[-0.0694148,0.795306,-0.60222],[-0.962999,-0.211006,-0.167659],[-0.260412,0.5683,0.780526]]],0],[7841,[-0.383673,-0.922871,-0.0332191],784,53.6224,[-60.1152,81.8181,-47.1602],[-53.5516,84.0321,-46.5585],[177.577,51.2939,52.882],false,[34.5912,118.51,14.9703],[-14.6409,116.762,-30.5628],[-48.5912,113.748,-49.8739],[-57.0471,93.4085,-50.606],[-51.4834,80.1625,-44.5812],[[[0.671838,-0.175164,-0.719689],[0.100137,0.984194,-0.146063],[0.733898,0.0260633,0.678759]],[[0.498445,-0.176673,-0.848728],[0.0217879,0.981258,-0.191465],[0.866648,0.0769425,0.492952]],[[0.498445,-0.176673,-0.848728],[-0.777398,0.342192,-0.527785],[0.383673,0.922871,0.0332191]],[[0.498445,-0.176673,-0.848728],[-0.789944,-0.495865,-0.360702],[-0.357129,0.850238,-0.386723]]],1],[7842,[0.269453,-0.652881,0.707914],784,61.0984,[-17.7202,61.0952,-23.2608],[-7.23387,61.6994,-23.1616],[130.883,19.1046,33.042],false,[41.8144,118.079,6.38556],[1.40652,114.823,-42.6416],[-22.5559,79.2659,-52.2945],[-15.5692,62.3373,-33.9389],[-5.00884,61.7975,-20.4556],[[[0.737833,-0.33523,-0.585853],[0.228365,0.940745,-0.250695],[0.635179,0.0511819,0.770667]],[[0.73509,-0.335447,-0.589167],[-0.402971,0.482669,-0.777589],[0.545213,0.809015,0.21963]],[[0.73509,-0.335447,-0.589167],[-0.622123,-0.679133,-0.389539],[-0.269453,0.652881,-0.707913]],[[0.73509,-0.335447,-0.589167],[-0.282519,-0.941532,0.183577],[-0.6163,0.0315054,-0.786881]]],2],[7843,[0.143998,-0.581671,0.800577],784,58.7478,[0.31887,61.5788,-29.5236],[8.82797,62.3123,-27.8388],[150.035,22.4104,68.7329],false,[49.7513,115.076,-0.92722],[20.4422,110.455,-49.7327],[-0.69292,76.8716,-58.9639],[2.9444,62.1789,-38.7417],[11.143,62.7445,-23.8183],[[[0.803934,-0.394001,-0.445481],[0.300628,0.915543,-0.267216],[0.51314,0.0808993,0.854484]],[[0.812268,-0.392617,-0.431362],[-0.266625,0.40783,-0.873261],[0.51878,0.824334,0.226586]],[[0.812268,-0.392617,-0.431362],[-0.565231,-0.712398,-0.415936],[-0.143998,0.581671,-0.800577]],[[0.812268,-0.392617,-0.431362],[-0.3296,-0.919103