{"metadata":{"formatVersion":2,"generatedBy":"LeapJS Playback 0.2.1","frames":17,"frameRate":"1.0e+2","modified":"Tue Jun 02 2015 20:26:59 GMT-0300 (E. South America Standard Time)","title":"leap-playback-recording-100fps (10)"},"frames":[["id","timestamp",{"hands":[["id","type","direction","palmNormal","palmPosition","palmVelocity","stabilizedPalmPosition","pinchStrength","grabStrength","confidence","armBasis","armWidth","elbow","wrist"]]},{"pointables":[["id","direction","handId","length","stabilizedTipPosition","tipPosition","tipVelocity","tool","carpPosition","mcpPosition","pipPosition","dipPosition","btipPosition","bases","type"]]},{"interactionBox":["center","size"]}],[3762350,1817996380532,[[784,"right",[-0.701773,0.128351,-0.700743],[-0.353758,-0.916576,0.186395],[-9.94311,107.176,-33.935],[148.456,-87.8569,12.4091],[-12.2059,108.547,-34.1715],0.757771,1,0.266946,[[0.775591,-0.361018,-0.517808],[0.227082,0.924963,-0.304756],[0.588976,0.118781,0.799374]],58.1017,[175.305,131.078,191.849],[30.3028,101.835,-4.95196]]],[[7840,[-0.32887,-0.637979,-0.696296],784,47.5212,[-25.7388,55.3671,-34.8046],[-23.5168,54.5863,-34.5176],[180.292,-103.799,-4.21463],false,[12.9348,102.252,16.9708],[12.9348,102.252,16.9708],[-23.0668,82.8437,-3.00252],[-33.2912,63.0093,-24.6499],[-21.0375,51.6325,-37.9094],[[[0.428299,0.692468,-0.580558],[-0.0655704,0.664591,0.744325],[0.901255,-0.280726,0.330049]],[[-0.0310351,0.744211,-0.667223],[-0.611079,0.514129,0.601875],[0.790961,0.426405,0.438816]],[[-0.0310351,0.744211,-0.667223],[-0.943865,0.19782,0.264548],[0.32887,0.637979,0.696296]],[[-0.0310351,0.744211,-0.667223],[-0.81812,-0.402409,-0.410788],[-0.574209,0.53312,0.621343]]],0],[7841,[0.0615045,-0.911914,0.405746],784,53.6224,[-68.8916,79.3329,-27.7755],[-62.2228,76.0228,-27.5443],[177.153,-138.43,10.2897],false,[16.9424,117.061,1.74597],[-39.3608,120.553,-34.5565],[-72.6094,101.78,-43.3178],[-71.2538,81.6822,-34.3755],[-60.3465,74.3969,-25.9693],[[[0.491753,-0.351774,-0.796513],[0.23182,0.934637,-0.269654],[0.839308,-0.0520444,0.541159]],[[0.416808,-0.345906,-0.840607],[-0.325459,0.806669,-0.493317],[0.848733,0.479201,0.223647]],[[0.416808,-0.345906,-0.840607],[-0.906912,-0.220819,-0.358818],[-0.0615045,0.911914,-0.405746]],[[0.416808,-0.345906,-0.840607],[-0.579741,-0.813429,0.0472633],[-0.700123,0.467635,-0.539579]]],1],[7842,[0.649097,-0.22618,0.726303],784,61.0984,[-24.7856,79.6506,-10.3147],[-17.5683,75.3552,-10.7524],[174.557,-102.719,4.73814],false,[22.3133,114.633,-7.81001],[-26.3171,114.766,-48.8237],[-45.2298,77.3042,-35.7625],[-28.3992,71.4396,-16.9301],[-14.1875,76.4845,-8.79459],[[[0.553853,-0.509715,-0.65836],[0.32999,0.860341,-0.388485],[0.76443,-0.0020883,0.644703]],[[0.556525,-0.509719,-0.656099],[-0.710709,0.116942,-0.693698],[0.430317,0.852356,-0.297181]],[[0.556525,-0.509719,-0.656099],[-0.518607,-0.830078,0.204983],[-0.649097,0.22618,-0.726303]],[[0.556525,-0.509719,-0.656099],[-0.0488375,-0.808395,0.586611],[-0.829395,-0.294421,-0.474785]]],2],[7843,[0.540907,-0.175913,0.82248],784,58.7478,[-13.1326,77.3823,-17.7776],[-5.88545,73.0058,-18.1998],[176.198,-90.918,3.75296],false,[28.1861,109.659,-15.9499],[-9.86665,106.464,-58.4249],[-29.7528,73.0766,-46.1948],[-16.0898,68.6331,-25.4194],[-3.03052,74.1606,-15.9776],[[[0.633846,-0.567863,-0.525139],[0.392917,0.82122,-0.41378],[0.666225,0.0559364,0.74365]],[[0.626308,-0.568457,-0.533475],[-0.607845,0.0723853,-0.79075],[0.488123,0.819523,-0.300198]],[[0.626308,-0.568457,-0.533475],[-0.561389,-0.803686,0.197307],[-0.540907,0.175913,-0.82248]],[[0.626308,-0.568457,-0.533475],[-0.141957,-0.756036,0.638951],[-0.766542,-0.324449,-0.554207]]],3],[7844,[0.322389,-0.0198892,0.946398],784,46.0572,[-8.35256,80.1701,-29.6718],[-1.25217,76.0342,-29.8818],[175.922,-83.188,5.50022],false,[33.9726,99.035,-20.6467],[4.85209,95.2273,-64.6126],[-14.4273,71.4113,-54.5817],[-8.67773,71.0566,-37.7033],[1.27198,77.5411,-27.4087],[[[0.633001,-0.685403,-0.359905],[0.544025,0.724594,-0.423084],[0.550768,0.0720157,0.831546]],[[0.697631,-0.670773,-0.251743],[-0.394646,-0.0665116,-0.916423],[0.597968,0.738675,-0.311118]],[[0.697631,-0.670773,-0.251743],[-0.639825,-0.741396,0.202374],[-0.322389,0.0198892,-0.946398]],[[0.697631,-0.670773,-0.251743],[-0.33549,-0.616314,0.712463],[-0.633054,-0.412579,-0.654997]]],4]],[[0,200,0],[235.247,235.247,147.751]]],[3762351,1817996390017,[[784,"right",[-0.705728,0.128623,-0.69671],[-0.351591,-0.91733,0.18679],[-7.83469,106.397,-33.7265],[169.648,-86.2055,15.1571],[-9.68037,107.305,-33.9144],0.752661,1,0.275293,[[0.786676,-0.357405,-0.503391],[0.227799,0.925892,-0.301384],[0.573802,0.12242,0.809793]],58.1017,[173.841,131.198,194.395],[32.5747,101.059,-4.97125]]],[[7840,[-0.335462,-0.636447,-0.694551],784,47.5212,[-23.1276,54.0394,-34.6958],[-21.566,53.7712,-34.3373],[185.031,-97.8688,3.39022],false,[15.3255,101.418,17.0461],[15.3255,101.418,17.0461],[-20.8136,82.0461,-2.71326],[-31.2428,62.2594,-24.3064],[-19.2251,50.8324,-37.7376],[[[0.424271,0.693968,-0.581724],[-0.0623612,0.663276,0.745773],[0.903385,-0.280133,0.324685]],[[-0.0354658,0.745282,-0.665805],[-0.606909,0.51324,0.606834],[0.79398,0.425605,0.434116]],[[-0.0354658,0.745282,-0.665805],[-0.941386,0.198719,0.272586],[0.335462,0.636447,0.694551]],[[-0.0354658,0.745282,-0.665805],[-0.82559,-0.397273,-0.400719],[-0.563155,0.53547,0.629387]]],0],[7841,[0.0660762,-0.912168,0.404454],784,53.6224,[-66.7335,78.2467,-27.6816],[-60.0308,75.1401,-27.0917],[194.023,-126.058,22.0817],false,[19.2318,116.257,1.82438],[-37.2721,119.738,-34.1661],[-70.5166,100.876,-42.7492],[-69.0603,80.7724,-33.8353],[-58.0955,73.4944,-25.4978],[[[0.487862,-0.349835,-0.799754],[0.229179,0.935374,-0.269356],[0.842299,-0.0518788,0.536508]],[[0.412903,-0.344011,-0.843307],[-0.330664,0.806122,-0.490743],[0.848629,0.481481,0.219098]],[[0.412903,-0.344011,-0.843307],[-0.908375,-0.222723,-0.353906],[-0.0660762,0.912168,-0.404454]],[[0.412903,-0.344011,-0.843307],[-0.578066,-0.814504,0.049226],[-0.703811,0.467162,-0.535172]]],1],[7842,[0.652739,-0.227733,0.722544],784,61.0984,[-23.0082,78.6856,-10.3446],[-15.312,74.5018,-10.5566],[192.234,-99.5281,9.13966],false,[24.5537,113.852,-7.76463],[-24.2988,113.991,-48.5135],[-43.1138,76.4878,-35.4305],[-26.1888,70.5829,-16.6956],[-11.9388,75.6121,-8.61737],[[[0.550909,-0.507926,-0.662202],[0.326796,0.861398,-0.388842],[0.767922,-0.00218863,0.64054]],[[0.553452,-0.50793,-0.660074],[-0.714441,0.117825,-0.689704],[0.428094,0.853302,-0.297676]],[[0.553452,-0.50793,-0.660074],[-0.517322,-0.830749,0.205506],[-0.652739,0.227733,-0.722544]],[[0.553452,-0.50793,-0.660074],[-0.0457264,-0.809854,0.584846],[-0.831625,-0.293502,-0.471441]]],2],[7843,[0.545835,-0.176243,0.819147],784,58.7478,[-11.4167,76.4132,-17.8192],[-3.63936,72.2089,-18.0602],[193.956,-88.7667,7.061],false,[30.3885,108.899,-15.9445],[-7.89032,105.726,-58.2176],[-27.6536,72.2915,-45.9167],[-13.8661,67.8397,-25.2254],[-0.762168,73.37,-15.8473],[[[0.631697,-0.566192,-0.529514],[0.389634,0.822399,-0.414542],[0.670183,0.0555483,0.740115]],[[0.624108,-0.566782,-0.537817],[-0.612505,0.0724567,-0.787139],[0.485105,0.820675,-0.301936]],[[0.624108,-0.566782,-0.537817],[-0.559065,-0.804796,0.199375],[-0.545835,0.176243,-0.819147]],[[0.624108,-0.566782,-0.537817],[-0.137412,-0.75722,0.638542],[-0.76916,-0.324617,-0.550469]]],3],[7844,[0.327718,-0.0212869,0.944536],784,46.0572,[-6.59235,79.263,-29.67],[0.924441,75.2557,-29.767],[191.277,-82.9568,7.38364],false,[36.1627,98.2898,-20.6903],[6.80869,94.518,-64.5038],[-12.3844,70.6624,-54.4018],[-6.53979,70.2827,-37.5567],[3.45941,76.7575,-27.304],[[[0.631897,-0.684007,-0.364473],[0.54081,0.725979,-0.424828],[0.555185,0.0713363,0.828662]],[[0.696951,-0.669521,-0.256904],[-0.39986,-0.0654372,-0.914237],[0.59529,0.739905,-0.313321]],[[0.696951,-0.669521,-0.256904],[-0.637856,-0.742488,0.204578],[-0.327718,0.0212869,-0.944536]],[[0.696951,-0.669521,-0.256904],[-0.330916,-0.618087,0.713066],[-0.636202,-0.411959,-0.652332]]],4]],[[0,200,0],[235.247,235.247,147.751]]],[3762352,1817996399743,[[784,"right",[-0.708909,0.124119,-0.694292],[-0.34498,-0.919622,0.187841],[-6.66515,105.594,-33.5634],[155.168,-85.1442,15.6311],[-7.67691,106.168,-33.6812],0.746144,1,0.28074,[[0.791911,-0.351232,-0.499513],[0.220917,0.927401,-0.301866],[0.569273,0.1287,0.812012]],58.1017,[174.027,132.2,194.966],[33.8754,100.515,-4.94614]]],[[7840,[-0.336272,-0.637944,-0.692783],784,47.5212,[-21.1814,52.8664,-34.4963],[-20.2124,52.8587,-34.1548],[170.245,-96.1939,8.52928],false,[16.6991,100.759,17.1296],[16.6991,100.759,17.1296],[-19.4066,81.1815,-2.48758],[-29.8611,61.3482,-24.0258],[-17.9378,49.9405,-37.5571],[[[0.417772,0.696789,-0.583053],[-0.0641445,0.662758,0.746081],[0.906285,-0.274292,0.321577]],[[-0.0424134,0.745135,-0.665564],[-0.607421,0.509677,0.609319],[0.793247,0.430121,0.430993]],[[-0.0424134,0.745135,-0.665564],[-0.940809,0.194427,0.277626],[0.336272,0.637944,0.692783]],[[-0.0424134,0.745135,-0.665564],[-0.828264,-0.398765,-0.393657],[-0.558731,0.534566,0.634081]]],0],[7841,[0.0753274,-0.911202,0.405013],784,53.6224,[-64.4677,76.9679,-27.4833],[-58.6077,73.9588,-26.7342],[181.934,-125.636,27.6382],false,[20.4571,115.625,1.89703],[-36.19,118.743,-33.9011],[-69.2974,99.5759,-42.3371],[-67.6372,79.4937,-33.4109],[-56.5908,72.3023,-25.1062],[[[0.487411,-0.346548,-0.801458],[0.222174,0.93688,-0.269988],[0.844434,-0.0464678,0.53364]],[[0.412744,-0.341248,-0.844507],[-0.339703,0.8026,-0.490341],[0.845129,0.489267,0.215346]],[[0.412744,-0.341248,-0.844507],[-0.907727,-0.230781,-0.350388],[-0.0753274,0.911202,-0.405013]],[[0.412744,-0.341248,-0.844507],[-0.571736,-0.818823,0.0514391],[-0.709056,0.461604,-0.533068]]],1],[7842,[0.656639,-0.223716,0.720261],784,61.0984,[-20.9719,77.565,-10.3326],[-13.854,73.6431,-10.3708],[179.826,-96.275,12.0463],false,[25.762,113.256,-7.71034],[-23.2284,113.082,-48.2933],[-41.753,75.4559,-35.1502],[-24.7269,69.6551,-16.4745],[-10.482,74.7722,-8.4427],[[[0.551952,-0.504244,-0.664144],[0.319864,0.863557,-0.389816],[0.770089,0.00272384,0.637931]],[[0.554437,-0.504233,-0.66208],[-0.717598,0.113259,-0.687186],[0.421488,0.856109,-0.299041]],[[0.554437,-0.504233,-0.66208],[-0.511297,-0.834087,0.207062],[-0.656639,0.223716,-0.720261]],[[0.554437,-0.504233,-0.66208],[-0.0386328,-0.810289,0.584756],[-0.831329,-0.298632,-0.468734]]],2],[7843,[0.551204,-0.170619,0.816739],784,58.7478,[-9.4208,75.3212,-17.8182],[-2.1401,71.4688,-17.8864],[183.657,-84.1507,10.6988],false,[31.6011,108.342,-15.9107],[-6.7995,104.926,-58.0543],[-26.2441,71.3551,-45.6168],[-12.321,67.0453,-24.9863],[0.782386,72.685,-15.6728],[[[0.633567,-0.562001,-0.53174],[0.382867,0.824971,-0.415735],[0.672314,0.0598106,0.737846]],[[0.625974,-0.562638,-0.539996],[-0.616731,0.0666289,-0.784349],[0.477284,0.824014,-0.305288]],[[0.625974,-0.562638,-0.539996],[-0.551662,-0.808905,0.203325],[-0.551204,0.170619,-0.816739]],[[0.625974,-0.562638,-0.539996],[-0.128827,-0.757534,0.639958],[-0.76913,-0.331031,-0.546679]]],3],[7844,[0.331384,-0.0195871,0.943293],784,46.0572,[-4.60803,78.2332,-29.6374],[2.32281,74.504,-29.6275],[177.366,-81.3705,9.50686],false,[37.4281,97.7713,-20.6777],[7.95071,93.8144,-64.3919],[-11.0475,69.8354,-54.2138],[-5.13748,69.486,-37.3909],[4.85715,76.016,-27.1687],[[[0.635093,-0.679834,-0.366719],[0.534632,0.729538,-0.426548],[0.557517,0.0748385,0.826785]],[[0.700188,-0.665017,-0.259788],[-0.403147,-0.0679583,-0.912608],[0.589245,0.74373,-0.315683]],[[0.700188,-0.665017,-0.259788],[-0.632394,-0.746572,0.206661],[-0.331384,0.0195871,-0.943293]],[[0.700188,-0.665017,-0.259788],[-0.324583,-0.620595,0.713798],[-0.635911,-0.41547,-0.650386]]],4]],[[0,200,0],[235.247,235.247,147.751]]],[3762353,1817996409440,[[784,"right",[-0.705868,0.119219,-0.698239],[-0.340966,-0.921207,0.187403],[-4.4833,105.18,-33.3597],[175.587,-72.7374,17.2004],[-5.28147,105.427,-33.4401],0.737834,1,0.28963,[[0.805635,-0.34405,-0.482268],[0.213205,0.927913,-0.305811],[0.552717,0.14355,0.820912]],58.1017,[172.007,135.705,197.584],[35.9314,100.364,-4.51973]]],[[7840,[-0.330534,-0.640442,-0.69324],784,47.5212,[-18.7859,52.1889,-34.2906],[-17.8519,52.3492,-33.9688],[190.979,-83.1747,11.8382],false,[18.6367,100.548,17.464],[18.6367,100.548,17.464],[-17.2715,80.763,-2.30712],[-27.5476,60.8521,-23.8595],[-15.5918,49.438,-37.3568],[[[0.417072,0.698185,-0.581884],[-0.0717207,0.663511,0.744721],[0.906039,-0.268869,0.326807]],[[-0.0426854,0.743917,-0.666907],[-0.613027,0.507587,0.605437],[0.788908,0.434675,0.434375]],[[-0.0426854,0.743917,-0.666907],[-0.942828,0.190844,0.273227],[0.330534,0.640442,0.69324]],[[-0.0426854,0.743917,-0.666907],[-0.827223,-0.400633,-0.393949],[-0.56025,0.534865,0.632487]]],0],[7841,[0.0808506,-0.909384,0.408024],784,53.6224,[-61.8849,75.717,-27.3112],[-56.2429,73.2326,-26.7259],[202.346,-111.671,21.0994],false,[22.3948,115.412,2.22902],[-34.077,118.167,-33.8744],[-66.9852,98.7031,-42.4093],[-65.2033,78.6609,-33.4167],[-54.1475,71.5703,-25.038],[[[0.49355,-0.345083,-0.798327],[0.218508,0.937673,-0.270229],[0.841821,-0.0410693,0.538192]],[[0.419525,-0.340289,-0.841548],[-0.343986,0.798337,-0.494299],[0.840043,0.496851,0.217868]],[[0.419525,-0.340289,-0.841548],[-0.904136,-0.239216,-0.353997],[-0.0808506,0.909384,-0.408024]],[[0.419525,-0.340289,-0.841548],[-0.566028,-0.822835,0.050548],[-0.709656,0.455133,-0.537813]]],1],[7842,[0.653999,-0.21926,0.724023],784,61.0984,[-18.6,76.4614,-10.2659],[-11.6148,73.217,-10.1502],[194.804,-81.0616,15.2553],false,[27.7636,113.057,-7.3464],[-21.0084,112.556,-48.1889],[-39.3901,74.8478,-35.0789],[-22.4325,69.1626,-16.3056],[-8.25763,74.3621,-8.20323],[[[0.558215,-0.502219,-0.660433],[0.317231,0.864704,-0.389423],[0.766655,0.00787201,0.642011]],[[0.560581,-0.502193,-0.658446],[-0.714721,0.108173,-0.690994],[0.418238,0.857963,-0.298288]],[[0.560581,-0.502193,-0.658446],[-0.50797,-0.836497,0.20552],[-0.653999,0.21926,-0.724023]],[[0.560581,-0.502193,-0.658446],[-0.0376634,-0.809768,0.58554],[-0.827243,-0.303443,-0.472855]]],2],[7843,[0.550139,-0.162422,0.819125],784,58.7478,[-7.0174,74.2805,-17.7282],[0.239779,71.1787,-17.5545],[203.759,-66.7686,18.3617],false,[33.6729,108.162,-15.5082],[-4.48361,104.474,-57.85],[-23.7109,70.806,-45.3387],[-9.81467,66.7033,-24.648],[3.21243,72.476,-15.3091],[[[0.639437,-0.559334,-0.527509],[0.38058,0.826424,-0.414949],[0.668041,0.0645742,0.741317]],[[0.632103,-0.560005,-0.535574],[-0.614581,0.0586455,-0.786671],[0.471949,0.826411,-0.307098]],[[0.632103,-0.560005,-0.535574],[-0.545704,-0.812412,0.205413],[-0.550139,0.162422,-0.819125]],[[0.632103,-0.560005,-0.535574],[-0.125503,-0.756029,0.642394],[-0.764653,-0.338843,-0.548171]]],3],[7844,[0.327068,-0.0164126,0.944858],784,46.0572,[-2.25648,77.2257,-29.5284],[4.67408,74.1441,-29.3116],[196.482,-68.4258,16.488],false,[39.5826,97.6167,-20.2279],[10.3604,93.434,-64.0922],[-8.55063,69.3706,-53.9511],[-2.7176,69.0779,-37.1002],[7.19134,75.6707,-26.8352],[[[0.640726,-0.676909,-0.362303],[0.532918,0.731803,-0.42481],[0.552692,0.0791091,0.829622]],[[0.704923,-0.661664,-0.255507],[-0.398814,-0.0718584,-0.914212],[0.586541,0.746349,-0.314536]],[[0.704923,-0.661664,-0.255507],[-0.629372,-0.749621,0.20484],[-0.327068,0.0164126,-0.944858]],[[0.704923,-0.661664,-0.255507],[-0.324968,-0.621485,0.712848],[-0.63046,-0.419472,-0.653119]]],4]],[[0,200,0],[235.247,235.247,147.751]]],[3762354,1817996419594,[[784,"right",[-0.697747,0.122347,-0.705819],[-0.344102,-0.92143,0.180445],[-0.962166,105.076,-32.237],[227.599,-53.762,45.5689],[-1.44544,105.115,-32.3716],0.728854,1,0.293886,[[0.812115,-0.341328,-0.473248],[0.212554,0.928382,-0.304839],[0.543406,0.146973,0.826504]],58.1017,[172.9,136.302,200.525],[39.1165,100.118,-2.95553]]],[[7840,[-0.324968,-0.637363,-0.698688],784,47.5212,[-15.5575,51.9727,-33.6089],[-14.5522,52.2224,-33.2189],[230.468,-61.5653,30.4967],false,[21.573,100.248,18.8306],[21.573,100.248,18.8306],[-14.1487,80.5916,-1.40093],[-24.2517,60.7764,-23.1227],[-12.344,49.3017,-36.611],[[[0.424441,0.699631,-0.574775],[-0.079448,0.661119,0.746063],[0.901963,-0.270995,0.336191]],[[-0.0340519,0.746192,-0.66486],[-0.6188,0.506653,0.600325],[0.784811,0.431857,0.444491]],[[-0.0340519,0.746192,-0.66486],[-0.945112,0.192267,0.264192],[0.324968,0.637363,0.698688]],[[-0.0340519,0.746192,-0.66486],[-0.829142,-0.392514,-0.398065],[-0.557999,0.537708,0.632065]]],0],[7841,[0.0770306,-0.910297,0.406726],784,53.6224,[-58.4769,74.6885,-26.989],[-52.8009,73.1394,-26.2773],[245.494,-80.9467,28.9171],false,[25.5207,115.158,3.68895],[-30.5336,118.098,-33.0449],[-63.3327,98.6322,-41.9852],[-61.635,78.5699,-33.0213],[-50.6723,71.4584,-24.5386],[[[0.502214,-0.343,-0.793809],[0.222611,0.938312,-0.264602],[0.835599,-0.0438242,0.547589]],[[0.428942,-0.337998,-0.837715],[-0.339129,0.799275,-0.496136],[0.837258,0.496907,0.228218]],[[0.428942,-0.337998,-0.837715],[-0.900042,-0.238992,-0.364428],[-0.0770306,0.910297,-0.406726]],[[0.428942,-0.337998,-0.837715],[-0.566433,-0.823035,0.0420402],[-0.703678,0.456476,-0.544488]]],1],[7842,[0.645413,-0.222741,0.730636],784,61.0984,[-15.4687,75.403,-9.92071],[-8.39172,73.0348,-9.214],[231.974,-62.0334,38.6456],false,[30.9955,112.829,-5.8326],[-17.3093,112.52,-47.2284],[-35.8809,74.7899,-34.4529],[-19.1459,69.0144,-15.5081],[-5.05722,74.1633,-7.22509],[[[0.565131,-0.500668,-0.655712],[0.322603,0.865626,-0.382909],[0.759311,0.00485891,0.650709]],[[0.567352,-0.500651,-0.653804],[-0.706792,0.111352,-0.698602],[0.422559,0.858457,-0.290681]],[[0.567352,-0.500651,-0.653804],[-0.511423,-0.836501,0.196754],[-0.645413,0.222741,-0.730636]],[[0.567352,-0.500651,-0.653804],[-0.0455523,-0.811822,0.582125],[-0.822214,-0.300488,-0.483395]]],2],[7843,[0.542504,-0.16253,0.824181],784,58.7478,[-3.75638,73.3053,-17.3047],[3.61722,71.0825,-16.4557],[244.313,-48.135,46.0826],false,[36.9918,107.955,-13.9429],[-0.684704,104.451,-56.7279],[-20.0194,70.7557,-44.4575],[-6.31606,66.6503,-23.6391],[6.61448,72.4201,-14.1651],[[[0.644773,-0.558316,-0.522064],[0.386196,0.827357,-0.40784],[0.659637,0.0613448,0.749077]],[[0.637726,-0.558937,-0.529996],[-0.606691,0.0594547,-0.792711],[0.474586,0.827076,-0.301186]],[[0.637726,-0.558937,-0.529996],[-0.546805,-0.813126,0.199576],[-0.542504,0.16253,-0.824181]],[[0.637726,-0.558937,-0.529996],[-0.131328,-0.756896,0.640204],[-0.758985,-0.338672,-0.556096]]],3],[7844,[0.317397,-0.0194295,0.948094],784,46.0572,[0.971005,76.2598,-29.0767],[8.14885,74.0242,-28.1647],[240.97,-51.1103,46.1415],false,[42.9431,97.418,-18.6303],[14.217,93.4145,-62.8377],[-4.81791,69.3441,-52.948],[0.84264,68.9976,-36.0395],[10.6498,75.5438,-25.6476],[[[0.644052,-0.676441,-0.357247],[0.53853,0.732594,-0.416283],[0.543307,0.0757194,0.836112]],[[0.706786,-0.661715,-0.250174],[-0.389743,-0.069098,-0.918328],[0.590385,0.746565,-0.306736]],[[0.706786,-0.661715,-0.250174],[-0.632229,-0.749504,0.196294],[-0.317397,0.0194295,-0.948094]],[[0.706786,-0.661715,-0.250174],[-0.333319,-0.623423,0.707278],[-0.623981,-0.416506,-0.661189]]],4]],[[0,200,0],[235.247,235.247,147.751]]],[3762355,1817996428913,[[784,"right",[-0.687052,0.139332,-0.713124],[-0.354837,-0.920794,0.161956],[2.30939,105.13,-31.1518],[262.514,-36.9183,65.6158],[1.80724,105.128,-31.3149],0.72558,1,0.301273,[[0.814327,-0.337393,-0.472268],[0.211009,0.930104,-0.300635],[0.54069,0.145162,0.828603]],58.1017,[175.059,135.102,202.58],[41.9439,99.364,-1.41721]]],[[7840,[-0.321799,-0.623688,-0.712361],784,47.5212,[-12.8091,52.1111,-33.4611],[-11.8335,52.4008,-33.1399],[247.485,-38.3248,24.0255],false,[24.1109,99.3317,20.133],[24.1109,99.3317,20.133],[-11.5219,80.322,-0.859081],[-21.5265,60.9319,-23.0059],[-9.64048,49.5048,-36.5537],[[[0.438459,0.704172,-0.558476],[-0.0834795,0.650614,0.754807],[0.894866,-0.284331,0.344051]],[[-0.0182407,0.756326,-0.65394],[-0.621931,0.503531,0.599715],[0.782859,0.417645,0.461198]],[[-0.0182407,0.756326,-0.65394],[-0.946632,0.197443,0.254761],[0.321799,0.623688,0.712361]],[[-0.0182407,0.756326,-0.65394],[-0.830326,-0.375811,-0.41149],[-0.556979,0.535478,0.634853]]],0],[7841,[0.0658025,-0.91625,0.395166],784,53.6224,[-55.0519,74.2136,-26.7998],[-49.8479,73.5809,-26.3425],[267.505,-44.5789,19.4972],false,[28.397,114.429,5.27133],[-27.1293,118.436,-32.1571],[-59.9523,99.3512,-41.803],[-58.502,79.1578,-33.0938],[-47.695,71.8596,-24.5701],[[[0.509716,-0.335749,-0.792126],[0.234647,0.940056,-0.247459],[0.827726,-0.0597362,0.557944]],[[0.43745,-0.329449,-0.83672],[-0.326516,0.808775,-0.489153],[0.837869,0.487182,0.246228]],[[0.43745,-0.329449,-0.83672],[-0.896832,-0.227924,-0.379135],[-0.0658025,0.91625,-0.395166]],[[0.43745,-0.329449,-0.83672],[-0.572217,-0.819762,0.0236085],[-0.693689,0.468458,-0.547122]]],1],[7842,[0.63347,-0.2398,0.735671],784,61.0984,[-12.2896,74.5469,-9.50365],[-5.7175,72.8128,-8.71296],[247.45,-51.3731,42.9117],false,[33.9779,112.191,-4.21047],[-13.7664,112.948,-46.2457],[-32.849,75.2055,-34.2864],[-16.4236,68.9877,-15.2111],[-2.40053,73.8768,-6.66353],[[[0.569338,-0.496036,-0.655593],[0.335558,0.86822,-0.365505],[0.750503,-0.0118934,0.66076]],[[0.571431,-0.496068,-0.653746],[-0.696385,0.128354,-0.706097],[0.434183,0.858745,-0.272109]],[[0.571431,-0.496068,-0.653746],[-0.521711,-0.834513,0.177215],[-0.63347,0.2398,-0.735671]],[[0.571431,-0.496068,-0.653746],[-0.0609245,-0.820065,0.569019],[-0.818386,-0.285326,-0.498833]]],2],[7843,[0.530189,-0.179136,0.82874],784,58.7478,[-0.421187,72.5145,-16.7768],[6.38363,70.8773,-15.8105],[259.405,-40.5675,52.7523],false,[40.0384,107.384,-12.3127],[2.91058,104.868,-55.6434],[-16.8748,71.1715,-44.1182],[-3.48249,66.6466,-23.1846],[9.37081,72.1626,-13.4577],[[[0.646649,-0.556409,-0.52178],[0.399131,0.82974,-0.390161],[0.650031,0.0440386,0.758631]],[[0.639814,-0.55684,-0.529686],[-0.595638,0.076241,-0.799627],[0.485648,0.827114,-0.282895]],[[0.639814,-0.55684,-0.529686],[-0.556361,-0.811073,0.180616],[-0.530189,0.179136,-0.82874]],[[0.639814,-0.55684,-0.529686],[-0.146425,-0.764919,0.627263],[-0.754452,-0.323772,-0.570942]]],3],[7844,[0.304814,-0.0363789,0.951717],784,46.0572,[4.35877,75.5056,-28.4915],[11.0966,73.9402,-27.4176],[262.254,-39.2975,55.9203],false,[45.9564,96.8633,-17.0785],[17.7925,93.7866,-61.7197],[-1.58592,69.75,-52.4333],[3.85021,69.1012,-35.4601],[13.5786,75.3999,-24.8437],[[[0.64264,-0.67697,-0.358783],[0.5507,0.733707,-0.398001],[0.532676,0.0581894,0.844316]],[[0.703964,-0.664457,-0.250862],[-0.378402,-0.0519815,-0.924181],[0.601038,0.745517,-0.288025]],[[0.703964,-0.664457,-0.250862],[-0.641501,-0.746441,0.176926],[-0.304814,0.0363789,-0.951717]],[[0.703964,-0.664457,-0.250862],[-0.34829,-0.630788,0.693398],[-0.618974,-0.400754,-0.675476]]],4]],[[0,200,0],[235.247,235.247,147.751]]],[3762356,1817996438658,[[784,"right",[-0.680292,0.14921,-0.717593],[-0.362085,-0.919663,0.152037],[4.98647,105.38,-30.6286],[266.095,-18.5514,62.1138],[4.60463,105.349,-30.711],0.72365,1,0.292711,[[0.818996,-0.335866,-0.465231],[0.212014,0.930544,-0.29856],[0.533194,0.145884,0.83332]],58.1017,[175.608,135.046,204.54],[44.3388,99.1304,-0.618163]]],[[7840,[-0.320234,-0.616091,-0.71964],784,47.5212,[-10.379,52.4455,-33.4554],[-9.5364,52.7441,-33.1549],[243.993,-16.4129,16.4594],false,[26.3306,99.0509,20.7857],[26.3306,99.0509,20.7857],[-9.25759,80.44,-0.635045],[-19.2135,61.2861,-23.0082],[-7.34977,49.8585,-36.5751],[[[0.447542,0.705512,-0.549507],[-0.0854384,0.645404,0.759048],[0.890172,-0.292757,0.349123]],[[-0.00796204,0.761368,-0.648272],[-0.623381,0.503122,0.598552],[0.781878,0.408886,0.470616]],[[-0.00796204,0.761368,-0.648272],[-0.947305,0.201869,0.248721],[0.320234,0.616091,0.71964]],[[-0.00796204,0.761368,-0.648272],[-0.831188,-0.365458,-0.419007],[-0.555934,0.5355,0.63575]]],0],[7841,[0.0608149,-0.918501,0.390714],784,53.6224,[-51.516,74.1461,-26.6988],[-47.3268,74.1196,-26.4407],[267.5,-15.4403,12.0932],false,[30.8352,114.232,6.075],[-24.3565,118.885,-31.7713],[-57.1759,99.9869,-41.7902],[-55.8356,79.7438,-33.1792],[-45.1061,72.3764,-24.617],[[[0.513989,-0.33305,-0.790502],[0.242725,0.940355,-0.238364],[0.822739,-0.0693579,0.564172]],[[0.442718,-0.326008,-0.835296],[-0.319578,0.813019,-0.486693],[0.837777,0.48241,0.255753]],[[0.442718,-0.326008,-0.835296],[-0.894596,-0.223775,-0.386811],[-0.0608149,0.918501,-0.390714]],[[0.442718,-0.326008,-0.835296],[-0.574184,-0.818586,0.0151606],[-0.688704,0.472902,-0.549591]]],1],[7842,[0.626079,-0.249463,0.738779],784,61.0984,[-8.93991,73.9244,-9.09457],[-3.41765,72.9425,-8.49467],[244.231,-32.4294,36.9727],false,[36.4789,112.03,-3.378],[-10.9147,113.416,-45.7924],[-30.3241,75.7075,-34.2613],[-14.0904,69.2392,-15.1054],[-0.104534,73.968,-6.408],[[[0.571459,-0.494753,-0.654717],[0.34413,0.86876,-0.356132],[0.744989,-0.0217935,0.66672]],[[0.573381,-0.494808,-0.652993],[-0.690079,0.137938,-0.710468],[0.441618,0.857985,-0.262365]],[[0.573381,-0.494808,-0.652993],[-0.528451,-0.832426,0.166752],[-0.626079,0.249463,-0.738779]],[[0.573381,-0.494808,-0.652993],[-0.0709444,-0.824016,0.562107],[-0.816212,-0.275975,-0.507579]]],2],[7843,[0.522363,-0.188505,0.831627],784,58.7478,[3.07442,71.942,-16.2474],[8.72314,70.9922,-15.5056],[253.848,-25.1268,46.5529],false,[42.5741,107.245,-11.4672],[5.78594,105.3,-55.1158],[-14.2987,71.6444,-43.9946],[-1.1041,66.8828,-22.9882],[11.7038,72.2441,-13.116],[[[0.647282,-0.556641,-0.520745],[0.407652,0.830055,-0.380563],[0.644085,0.0340487,0.764196]],[[0.640591,-0.556964,-0.528616],[-0.588727,0.0857379,-0.803772],[0.492994,0.8261,-0.272977]],[[0.640591,-0.556964,-0.528616],[-0.562833,-0.808862,0.170182],[-0.522363,0.188505,-0.831627]],[[0.640591,-0.556964,-0.528616],[-0.15639,-0.768609,0.620309],[-0.751788,-0.314694,-0.579467]]],3],[7844,[0.296739,-0.0458439,0.953857],784,46.0572,[7.95611,74.9716,-27.8938],[13.5433,74.1014,-27.0588],[258.826,-23.0775,50.3386],false,[48.4628,96.7223,-16.265],[20.6451,94.1678,-61.1555],[1.03598,70.1887,-52.2112],[6.32811,69.3711,-35.1999],[16.0098,75.5211,-24.4543],[[[0.641164,-0.678405,-0.358712],[0.558657,0.733097,-0.387905],[0.526128,0.0483142,0.849032]],[[0.701621,-0.66713,-0.250333],[-0.371253,-0.0423884,-0.927564],[0.608194,0.743735,-0.277414]],[[0.701621,-0.66713,-0.250333],[-0.647823,-0.74353,0.165799],[-0.296739,0.0458439,-0.953858]],[[0.701621,-0.66713,-0.250333],[-0.358156,-0.633897,0.685492],[-0.615997,-0.391297,-0.683692]]],4]],[[0,200,0],[235.247,235.247,147.751]]],[3762357,1817996448332,[[784,"right",[-0.677682,0.159945,-0.717749],[-0.354663,-0.926124,0.128485],[8.03903,106.01,-30.4241],[280.525,5.87064,50.1569],[7.64451,105.934,-30.457],0.721816,1,0.283506,[[0.830571,-0.312051,-0.461277],[0.193607,0.938401,-0.286215],[0.522176,0.148416,0.839824]],58.1017,[175.838,135.947,206.414],[47.2817,99.4077,-0.345715]]],[[7840,[-0.312408,-0.601486,-0.735266],784,47.5212,[-7.06271,53.0225,-34.451],[-6.12944,53.3203,-34.2716],[274.8,6.45711,-21.7085],false,[29.1587,98.6689,20.9483],[29.1587,98.6689,20.9483],[-6.18463,80.2898,-1.06973],[-15.8972,61.59,-23.9287],[-3.94853,50.5461,-37.7367],[[[0.444196,0.72209,-0.530355],[-0.0953422,0.626697,0.773408],[0.890842,-0.29298,0.347222]],[[-0.0109687,0.776239,-0.630343],[-0.630025,0.484154,0.607177],[0.776497,0.403792,0.483739]],[[-0.0109687,0.776239,-0.630343],[-0.949885,0.188859,0.249101],[0.312408,0.601486,0.735266]],[[-0.0109687,0.776239,-0.630343],[-0.828476,-0.360037,-0.428953],[-0.559917,0.517519,0.647045]]],0],[7841,[0.0726508,-0.925232,0.372382],784,53.6224,[-47.5656,74.13,-27.0083],[-43.8857,74.177,-27.1949],[296.449,-9.58655,-12.5306],false,[33.6073,114.229,6.62162],[-21.417,119.279,-31.4171],[-53.9452,100.189,-42.0066],[-52.344,79.7979,-33.7995],[-41.542,72.4182,-25.3399],[[[0.521245,-0.309926,-0.795141],[0.235594,0.947776,-0.214978],[0.820243,-0.0752742,0.567041]],[[0.450926,-0.302557,-0.839717],[-0.327405,0.819147,-0.470961],[0.830345,0.487296,0.270316]],[[0.450926,-0.302557,-0.839717],[-0.8896,-0.228923,-0.39523],[-0.0726508,0.925232,-0.372382]],[[0.450926,-0.302557,-0.839717],[-0.562058,-0.827089,-0.00381669],[-0.693366,0.473691,-0.54301]]],1],[7842,[0.624815,-0.260752,0.735945],784,61.0984,[-5.179,73.5022,-9.04605],[-0.154509,72.9874,-9.07604],[271.967,-21.6146,8.94997],false,[39.3218,112.299,-2.84815],[-7.85067,114.258,-45.4858],[-26.942,76.1122,-34.9013],[-10.7411,69.3511,-15.8189],[3.1576,73.9928,-6.93685],[[[0.579419,-0.474248,-0.662844],[0.338276,0.879852,-0.33381],[0.741513,-0.0308085,0.67023]],[[0.581052,-0.474314,-0.661365],[-0.688251,0.147353,-0.710351],[0.434383,0.867936,-0.240827]],[[0.581052,-0.474314,-0.661365],[-0.521521,-0.840853,0.144848],[-0.624815,0.260752,-0.735945]],[[0.581052,-0.474314,-0.661365],[-0.0667099,-0.837644,0.542128],[-0.811128,-0.270885,-0.518356]]],2],[7843,[0.519295,-0.203442,0.830026],784,58.7478,[6.93939,71.6749,-16.1267],[11.9956,71.3094,-16.0855],[278.333,-8.37234,15.4354],false,[45.5036,107.757,-11.0122],[8.9725,106.51,-54.9015],[-10.8737,72.4279,-44.6878],[2.24344,67.289,-23.7218],[14.9473,72.5285,-13.6517],[[[0.655064,-0.538581,-0.529927],[0.402274,0.842291,-0.358778],[0.639584,0.0218468,0.768411]],[[0.648479,-0.538776,-0.537768],[-0.584952,0.0993923,-0.804955],[0.487141,0.836565,-0.250704]],[[0.648479,-0.538776,-0.537768],[-0.556603,-0.817515,0.147856],[-0.519295,0.203442,-0.830026]],[[0.648479,-0.538776,-0.537768],[-0.153076,-0.784309,0.601189],[-0.745682,-0.307539,-0.591082]]],3],[7844,[0.291936,-0.0657767,0.954173],784,46.0572,[11.9315,74.8663,-27.6787],[16.859,74.7286,-27.5332],[283.196,2.45112,21.3691],false,[51.5123,97.4027,-16.0209],[23.9633,95.6535,-61.1153],[4.52124,71.3002,-52.8425],[9.7277,70.1271,-35.8255],[19.2953,76.1044,-24.8822],[[[0.649153,-0.66415,-0.370816],[0.554178,0.746867,-0.367528],[0.521044,0.0330835,0.852889]],[[0.708839,-0.654899,-0.26202],[-0.365953,-0.0238778,-0.930327],[0.603014,0.755339,-0.256588]],[[0.708839,-0.654899,-0.26202],[-0.642122,-0.752848,0.144563],[-0.291936,0.0657767,-0.954173]],[[0.708839,-0.654899,-0.26202],[-0.356341,-0.653049,0.668243],[-0.608744,-0.380308,-0.696274]]],4]],[[0,200,0],[235.247,235.247,147.751]]],[3762358,1817996458061,[[784,"right",[-0.672727,0.180782,-0.717465],[-0.357083,-0.928614,0.100831],[10.7194,106.352,-29.5701],[279.053,14.4786,61.185],[10.3777,106.306,-29.6687],0.71954,1,0.305627,[[0.847047,-0.290604,-0.445041],[0.179327,0.944456,-0.2754],[0.500353,0.153469,0.852111]],58.1017,[172.938,136.64,210.354],[49.7544,98.8567,0.568962]]],[[7840,[-0.314809,-0.579292,-0.751875],784,47.5212,[-4.74817,53.6384,-35.0593],[-3.85013,53.8658,-34.8915],[259.804,23.0291,-32.1678],false,[31.4921,97.5707,21.7175],[31.4921,97.5707,21.7175],[-3.88266,79.9819,-0.88764],[-13.6699,61.9721,-24.263],[-1.78794,51.2277,-38.3618],[[[0.448875,0.735467,-0.507543],[-0.0992881,0.605511,0.789619],[0.888061,-0.304047,0.344822]],[[-0.00527864,0.793208,-0.608927],[-0.629245,0.47063,0.618512],[0.777189,0.38643,0.496638]],[[-0.00527864,0.793208,-0.608927],[-0.94914,0.187727,0.252767],[0.314809,0.579292,0.751875]],[[-0.00527864,0.793208,-0.608927],[-0.830637,-0.342532,-0.438992],[-0.556789,0.50348,0.660676]]],0],[7841,[0.0805669,-0.932027,0.353319],784,53.6224,[-43.6799,74.2956,-27.2251],[-40.9889,74.5009,-27.3895],[302.443,2.16508,-11.6331],false,[36.0605,113.508,7.8505],[-18.7066,119.7,-30.3901],[-51.0726,100.683,-41.5903],[-49.297,80.142,-33.8034],[-38.4481,72.7008,-25.4584],[[[0.525868,-0.289073,-0.799937],[0.238617,0.952847,-0.187467],[0.81641,-0.0922955,0.57005]],[[0.456915,-0.280499,-0.844126],[-0.329568,0.828056,-0.453551],[0.826204,0.485431,0.285908]],[[0.456915,-0.280499,-0.844126],[-0.885854,-0.229445,-0.403258],[-0.0805669,0.932027,-0.353319]],[[0.456915,-0.280499,-0.844126],[-0.553441,-0.832574,-0.02291],[-0.696371,0.477641,-0.535655]]],1],[7842,[0.619987,-0.281678,0.732308],784,61.0984,[-1.56005,73.1256,-9.05199],[2.36433,72.769,-9.16323],[268.546,-21.9527,3.94722],false,[41.8331,111.826,-1.63146],[-5.05783,115.04,-44.503],[-24.2478,76.6467,-35.0495],[-8.17205,69.3431,-16.0614],[5.6791,73.7075,-6.96693],[[[0.582898,-0.457058,-0.671809],[0.341952,0.888001,-0.307446],[0.737088,-0.0505165,0.673906]],[[0.584302,-0.457154,-0.670523],[-0.684068,0.167088,-0.710023],[0.436626,0.873551,-0.215095]],[[0.584302,-0.457154,-0.670523],[-0.523649,-0.843604,0.118844],[-0.619987,0.281678,-0.732308]],[[0.584302,-0.457154,-0.670523],[-0.0718471,-0.852135,0.518366],[-0.80835,-0.254707,-0.53075]]],2],[7843,[0.512911,-0.227765,0.827675],784,58.7478,[10.5892,71.4713,-16.0897],[14.5039,71.2512,-16.1617],[271.89,-8.07005,8.44134],false,[48.06,107.498,-9.87659],[11.8128,107.519,-54.0183],[-8.1717,73.2115,-44.8884],[4.78417,67.4583,-23.9818],[17.4275,72.3852,-13.6805],[[[0.657566,-0.525143,-0.540215],[0.406046,0.851014,-0.333019],[0.634613,-0.000370184,0.77283]],[[0.651116,-0.525112,-0.548001],[-0.579156,0.122899,-0.805899],[0.490536,0.842112,-0.2241]],[[0.651116,-0.525112,-0.548001],[-0.559437,-0.819988,0.121034],[-0.512911,0.227765,-0.827675]],[[0.651116,-0.525112,-0.548001],[-0.159033,-0.80039,0.578001],[-0.742129,-0.289195,-0.604657]]],3],[7844,[0.285939,-0.0924236,0.95378],784,46.0572,[15.7282,74.9223,-27.5087],[19.4786,74.9854,-27.4683],[279.093,9.30997,17.1783],false,[54.0833,97.2727,-15.1276],[26.825,96.8085,-60.4297],[7.29239,72.2759,-52.9367],[12.3919,70.6276,-35.9267],[21.9009,76.2815,-24.7626],[[[0.650406,-0.655001,-0.384637],[0.557839,0.755577,-0.343393],[0.515546,0.00877913,0.856817]],[[0.709271,-0.648866,-0.275513],[-0.360436,0.00207501,-0.932781],[0.605822,0.7609,-0.232403]],[[0.709271,-0.648866,-0.275513],[-0.64434,-0.755269,0.119983],[-0.285939,0.0924236,-0.95378]],[[0.709271,-0.648866,-0.275513],[-0.361791,-0.670497,0.64772],[-0.605014,-0.359731,-0.710318]]],4]],[[0,200,0],[235.247,235.247,147.751]]],[3762359,1817996467886,[[784,"right",[-0.667115,0.200553,-0.717451],[-0.369507,-0.92534,0.0849175],[14.6193,106.564,-28.7431],[313.9,16.5646,67.9814],[14.168,106.537,-28.8416],0.712819,1,0.329934,[[0.865767,-0.281419,-0.413825],[0.175437,0.945105,-0.275678],[0.468689,0.166073,0.867612]],58.1017,[168.807,138.984,215.044],[53.4188,98.0977,1.44303]]],[[7840,[-0.33173,-0.56067,-0.758686],784,47.5212,[-2.45012,54.3813,-34.9],[-1.34743,54.5039,-34.7725],[251.064,38.6134,-15.6654],false,[35.0468,96.7232,22.4908],[35.0468,96.7232,22.4908],[-0.771886,80.1994,-0.218628],[-11.0851,62.7685,-23.8057],[0.377768,51.9564,-38.1966],[[[0.460615,0.737311,-0.494173],[-0.0949857,0.594501,0.798465],[0.882503,-0.320845,0.34387]],[[0.0080141,0.802522,-0.596569],[-0.616975,0.473463,0.628629],[0.786942,0.36303,0.49893]],[[0.0080141,0.802522,-0.596569],[-0.94334,0.20398,0.261727],[0.33173,0.56067,0.758686]],[[0.0080141,0.802522,-0.596569],[-0.843446,-0.315045,-0.435138],[-0.537154,0.506661,0.674359]]],0],[7841,[0.0810493,-0.934622,0.346283],784,53.6224,[-39.1866,74.9002,-27.0536],[-37.1408,75.3211,-27.0832],[334.596,25.4519,4.18252],false,[39.883,112.812,8.89184],[-14.6278,120.304,-29.4822],[-47.0476,101.565,-40.9915],[-45.2613,80.9669,-33.3596],[-34.4067,73.4871,-25.0567],[[[0.525663,-0.283512,-0.802059],[0.251753,0.952444,-0.171673],[0.812588,-0.111678,0.572039]],[[0.458325,-0.273568,-0.845635],[-0.32412,0.834483,-0.445629],[0.827578,0.47833,0.293795]],[[0.458325,-0.273568,-0.845635],[-0.885082,-0.227248,-0.406188],[-0.0810493,0.934622,-0.346283]],[[0.458325,-0.273568,-0.845635],[-0.551802,-0.833455,-0.0294434],[-0.696744,0.480118,-0.532948]]],1],[7842,[0.613597,-0.300579,0.730172],784,61.0984,[2.42581,72.9018,-8.89048],[5.78455,72.7741,-8.86477],[292.608,-15.4252,12.1146],false,[45.6757,111.201,-0.590234],[-0.977341,115.685,-43.6071],[-20.6575,77.3912,-34.7793],[-4.7475,69.5975,-15.8466],[9.12137,73.6332,-6.62819],[[[0.579942,-0.45418,-0.676304],[0.354777,0.888118,-0.292199],[0.733349,-0.0704787,0.67619]],[[0.581044,-0.454286,-0.675286],[-0.679618,0.185674,-0.70968],[0.44778,0.871292,-0.200856]],[[0.581044,-0.454286,-0.675286],[-0.534684,-0.838616,0.104099],[-0.613597,0.300579,-0.730172]],[[0.581044,-0.454286,-0.675286],[-0.0853533,-0.859159,0.504541],[-0.809384,-0.235523,-0.537984]]],2],[7843,[0.505346,-0.248296,0.826423],784,58.7478,[14.5205,71.31,-15.9117],[17.8635,71.1895,-15.8655],[292.072,-8.06429,14.6515],false,[51.883,106.92,-8.87466],[15.8371,108.093,-53.1654],[-4.64733,73.9157,-44.6781],[8.11744,67.6439,-23.8031],[20.7722,72.227,-13.3581],[[[0.653134,-0.525251,-0.545461],[0.418502,0.8507,-0.318067],[0.631089,-0.0205363,0.775439]],[[0.64676,-0.525018,-0.553225],[-0.573486,0.143427,-0.806562],[0.502807,0.838919,-0.208328]],[[0.64676,-0.525018,-0.553225],[-0.571251,-0.814067,0.104727],[-0.505346,0.248296,-0.826423]],[[0.64676,-0.525018,-0.553225],[-0.173058,-0.807458,0.563971],[-0.7428,-0.269014,-0.61309]]],3],[7844,[0.2804,-0.11104,0.953439],784,46.0572,[19.8435,74.9878,-27.2002],[22.9646,75.0531,-27.0869],[301.355,8.36425,23.5777],false,[57.797,96.6998,-14.2575],[30.7381,97.2886,-59.6775],[10.8564,72.8996,-52.6484],[15.8571,70.9193,-35.6445],[25.3879,76.2723,-24.3515],[[[0.643599,-0.657389,-0.391944],[0.569093,0.753469,-0.329268],[0.511775,-0.0111366,0.859047]],[[0.702002,-0.653711,-0.282587],[-0.35628,0.0212112,-0.934138],[0.616651,0.756447,-0.218014]],[[0.702002,-0.653711,-0.282587],[-0.654652,-0.748553,0.105351],[-0.2804,0.11104,-0.953439]],[[0.702002,-0.653711,-0.282587],[-0.373461,-0.675766,0.635505],[-0.606399,-0.34059,-0.718525]]],4]],[[0,200,0],[235.247,235.247,147.751]]],[3762360,1817996477501,[[784,"right",[-0.66063,0.220218,-0.717685],[-0.375308,-0.924845,0.0616883],[17.5595,106.364,-27.952],[311.548,5.71284,72.1334],[17.1825,106.383,-28.0509],0.707742,1,0.350109,[[0.881687,-0.261525,-0.392725],[0.158682,0.948206,-0.275183],[0.444352,0.180307,0.87752]],58.1017,[165.482,141.399,218.362],[56.0856,97.0083,2.32178]]],[[7840,[-0.354953,-0.53614,-0.765874],784,47.5212,[-1.43388,54.9528,-34.7059],[-0.0441425,54.9003,-34.7811],[205.43,44.1115,-5.21167],false,[37.5503,95.2745,23.1992],[37.5503,95.2745,23.1992],[1.19766,79.9238,0.514927],[-9.83759,63.2556,-23.2956],[1.17739,52.5295,-38.0949],[[[0.468399,0.745392,-0.474334],[-0.0975831,0.577232,0.810728],[0.878111,-0.333458,0.343113]],[[0.0166981,0.815451,-0.578585],[-0.601533,0.470422,0.645647],[0.798673,0.337257,0.498376]],[[0.0166981,0.815451,-0.578585],[-0.934735,0.218159,0.280494],[0.354953,0.53614,0.765874]],[[0.0166981,0.815451,-0.578585],[-0.856327,-0.287064,-0.429299],[-0.516164,0.502626,0.6935]]],0],[7841,[0.085996,-0.939041,0.332878],784,53.6224,[-35.1786,75.1132,-26.9918],[-34.0272,75.339,-27.1695],[336.14,17.6918,2.91795],false,[42.5775,111.632,9.99576],[-11.6037,120.285,-28.6],[-43.9001,101.678,-40.657],[-42.0048,80.9826,-33.3206],[-31.1349,73.4665,-25.0706],[[[0.530011,-0.268729,-0.804284],[0.258356,0.95454,-0.14868],[0.807676,-0.128989,0.575345]],[[0.464731,-0.257731,-0.847113],[-0.323029,0.841415,-0.433213],[0.824426,0.474969,0.307777]],[[0.464731,-0.257731,-0.847113],[-0.881266,-0.227547,-0.414237],[-0.085996,0.939041,-0.332878]],[[0.464731,-0.257731,-0.847113],[-0.545168,-0.837151,-0.0443819],[-0.697723,0.482445,-0.529556]]],1],[7842,[0.606581,-0.320233,0.727675],784,61.0984,[5.93849,72.4509,-8.82278],[8.39688,72.1897,-8.88808],[286.547,-28.7193,7.86877],false,[48.4314,110.198,0.522895],[2.12518,115.901,-42.7237],[-17.8283,77.5341,-34.883],[-2.10014,69.2307,-16.015],[11.7237,72.9783,-6.60924],[[[0.582397,-0.442447,-0.681948],[0.361911,0.892303,-0.269846],[0.727897,-0.089647,0.679801]],[[0.583362,-0.442566,-0.681047],[-0.67348,0.205123,-0.710176],[0.453997,0.872961,-0.178398]],[[0.583362,-0.442566,-0.681047],[-0.540138,-0.837607,0.0816399],[-0.606581,0.320233,-0.727675]],[[0.583362,-0.442566,-0.681047],[-0.0939815,-0.869656,0.484629],[-0.806757,-0.218708,-0.548917]]],2],[7843,[0.497177,-0.270309,0.824468],784,58.7478,[17.9844,70.923,-15.8111],[20.4916,70.6752,-15.8383],[286.273,-21.6783,11.0562],false,[54.676,106.066,-7.8088],[18.9674,108.426,-52.3248],[-1.78171,74.1909,-44.7623],[10.7767,67.3631,-23.9367],[23.3756,71.6246,-13.2899],[[[0.654215,-0.516815,-0.552182],[0.425615,0.855099,-0.29607],[0.625184,-0.0413232,0.779383]],[[0.647892,-0.516373,-0.559995],[-0.566433,0.16494,-0.807433],[0.509303,0.840329,-0.185627]],[[0.647892,-0.516373,-0.5