{"metadata":{"formatVersion":2,"generatedBy":"LeapJS Playback 0.2.1","frames":241,"frameRate":"1.0e+2","modified":"Tue Jun 02 2015 20:33:33 GMT-0300 (E. South America Standard Time)","title":"leap-playback-recording-100fps (12)"},"frames":[["id","timestamp",{"hands":[["id","type","direction","palmNormal","palmPosition","palmVelocity","stabilizedPalmPosition","pinchStrength","grabStrength","confidence","armBasis","armWidth","elbow","wrist"]]},{"pointables":[["id","direction","handId","length","stabilizedTipPosition","tipPosition","tipVelocity","tool","carpPosition","mcpPosition","pipPosition","dipPosition","btipPosition","bases","type"]]},{"interactionBox":["center","size"]}],[3772577,1818096669804,[[794,"right",[0.325202,0.696193,-0.639968],[0.0151265,-0.680496,-0.732595],[57.2688,101.937,48.501],[113.161,-14.9837,12.3938],[57.2254,101.946,48.4949],0.591075,0,0.506058,[[0.986234,-0.163787,-0.0227122],[0.163844,0.949438,0.267811],[-0.0223002,-0.267846,0.963204]],59.0936,[42.0226,1.11475,326.307],[47.6065,68.1824,85.124]]],[[7940,[0.434479,0.236351,-0.869118],794,48.3324,[59.4631,86.7697,-3.95872],[59.0749,86.318,-4.51143],[156.976,-4.19971,40.9668],false,[21.728,65.2,73.6882],[21.728,65.2,73.6882],[31.3749,81.9035,31.6049],[45.1131,89.3769,4.12336],[63.829,85.993,-6.3335],[[[0.430404,0.652532,0.623662],[-0.894631,0.216573,0.390808],[0.119947,-0.726153,0.676989]],[[0.381333,0.825931,0.415238],[-0.900645,0.433183,-0.0345197],[-0.208385,-0.360818,0.909058]],[[0.381333,0.825931,0.415238],[-0.815974,0.511836,-0.268721],[-0.434479,-0.236351,0.869118]],[[0.381333,0.825931,0.415238],[-0.333183,0.541784,-0.77166],[-0.862308,0.155909,0.481786]]],0],[7941,[-0.060458,0.84181,-0.536377],794,54.5378,[37.7047,189.824,-5.82701],[38.3061,189.608,-5.62191],[100.726,-46.849,-35.955],false,[31.7532,82.739,82.3561],[42.8255,124.749,29.7475],[40.6185,161.075,13.5315],[39.2633,179.945,1.50837],[38.2496,192.003,-8.72117],[[[0.986703,-0.108424,0.121087],[0.00904681,0.780468,0.625131],[-0.162284,-0.615723,0.771071]],[[0.997718,0.0347843,-0.0578666],[0.0386027,0.409273,0.911595],[0.0553924,-0.911749,0.406996]],[[0.997718,0.0347843,-0.0578666],[0.0300552,0.538652,0.841992],[0.060458,-0.84181,0.536377]],[[0.997718,0.0347843,-0.0578666],[0.0215795,0.647826,0.761483],[0.0639751,-0.760994,0.645597]]],1],[7942,[-0.347643,-0.809623,0.472922],794,62.1414,[44.4231,68.1792,24.9669],[44.9134,68.042,24.8434],[127.919,-25.5397,30.5336],false,[43.0024,83.0827,84.2896],[62.1408,121.515,35.8842],[57.293,94.3922,0.684666],[48.125,73.041,13.1565],[43.7752,66.5742,28.7443],[[[0.93961,-0.322065,0.115792],[0.172165,0.737194,0.653379],[-0.295792,-0.593986,0.748123]],[[0.93603,-0.329098,0.12467],[0.334793,0.723555,-0.603641],[0.108451,0.606764,0.787449]],[[0.93603,-0.329098,0.12467],[-0.0547017,-0.48601,-0.87224],[0.347643,0.809623,-0.472922]],[[0.93603,-0.329098,0.12467],[-0.248094,-0.868332,-0.429475],[0.249594,0.371071,-0.894432]]],2],[7943,[-0.468182,-0.764208,0.443613],794,59.7506,[56.1745,64.5494,34.1086],[56.8002,64.4098,33.8228],[128.488,-18.3745,26.9235],false,[54.0237,80.4989,85.5788],[79.3592,112.718,44.4115],[73.1593,88.763,11.1754],[61.1314,69.1299,22.5721],[55.3169,63.0483,37.7195],[[[0.87017,-0.460615,0.175037],[0.229339,0.692989,0.683498],[-0.436128,-0.554617,0.708656]],[[0.880224,-0.447392,0.158257],[0.450352,0.682363,-0.575816],[0.149627,0.578119,0.802116]],[[0.880224,-0.447392,0.158257],[-0.077528,-0.464572,-0.882135],[0.468182,0.764208,-0.443613]],[[0.880224,-0.447392,0.158257],[-0.33556,-0.822588,-0.459073],[0.335566,0.350983,-0.874189]]],3],[7944,[-0.635373,-0.697515,0.331321],794,46.8434,[69.3889,68.8399,37.8906],[69.9999,68.73,37.6592],[127.034,-11.4763,24.8984],false,[63.8434,71.7526,84.4442],[93.903,100.631,50.4703],[87.0127,85.9235,21.983],[75.4879,73.2715,27.9928],[68.2738,67.4101,40.9978],[[[0.763909,-0.629838,0.140523],[0.322453,0.561171,0.762307],[-0.558987,-0.537021,0.631777]],[[0.764214,-0.629545,0.140179],[0.609775,0.63444,-0.475038],[0.210123,0.448508,0.868728]],[[0.764214,-0.629545,0.140179],[-0.110805,-0.342266,-0.933047],[0.635373,0.697515,-0.331321]],[[0.764214,-0.629545,0.140179],[-0.460775,-0.684999,-0.564325],[0.45129,0.366674,-0.813565]]],4]],[[0,200,0],[235.247,235.247,147.751]]],[3772578,1818096680008,[[794,"right",[0.323904,0.696292,-0.640518],[0.015737,-0.680888,-0.732219],[57.6505,101.854,48.5543],[90.0498,-12.8811,10.2075],[57.6302,101.859,48.5515],0.589298,0,0.510096,[[0.986435,-0.162855,-0.020602],[0.162376,0.949629,0.268028],[-0.0240855,-0.267738,0.963191]],59.0936,[42.023,1.06625,326.381],[48.0539,68.1068,85.2011]]],[[7940,[0.453789,0.231933,-0.860397],794,48.3324,[60.7257,86.7131,-3.18394],[60.1114,86.2903,-3.85344],[147.685,-4.78029,52.3712],false,[22.1741,65.0813,73.7795],[22.1741,65.0813,73.7795],[31.9388,82.1342,31.8639],[46.2877,89.4679,4.6581],[65.1548,85.885,-5.45495],[[[0.42978,0.653494,0.623085],[-0.894748,0.215524,0.391121],[0.121305,-0.7256,0.67734]],[[0.382817,0.821158,0.423261],[-0.899421,0.435896,-0.0321913],[-0.210932,-0.368366,0.905436]],[[0.382817,0.821158,0.423261],[-0.80469,0.521446,-0.283845],[-0.453789,-0.231933,0.860397]],[[0.382817,0.821158,0.423261],[-0.312743,0.546303,-0.77701],[-0.869277,0.165081,0.465946]]],0],[7941,[-0.0602383,0.835699,-0.545874],794,54.5378,[38.2237,189.331,-6.32902],[38.6413,189.191,-6.06506],[80.6144,-46.9966,-41.5685],false,[32.1786,82.6394,82.4327],[43.1657,124.635,29.795],[40.9642,160.85,13.3301],[39.6139,179.583,1.09405],[38.606,191.484,-9.31773],[[[0.986914,-0.106956,0.120669],[0.0082424,0.780833,0.624686],[-0.161036,-0.615517,0.771496]],[[0.99778,0.0348599,-0.0567387],[0.0371666,0.415462,0.908851],[0.0552553,-0.908942,0.413244]],[[0.99778,0.0348599,-0.0567387],[0.0283874,0.54808,0.835944],[0.0602383,-0.835699,0.545874]],[[0.99778,0.0348599,-0.0567387],[0.019711,0.659249,0.751666],[0.063608,-0.751116,0.657098]]],1],[7942,[-0.347003,-0.807082,0.47771],794,62.1414,[44.8723,68.0079,25.3069],[45.27,67.9127,25.1059],[98.9984,-22.104,31.1013],false,[43.4282,83.0001,84.3605],[62.4886,121.432,35.9242],[57.6037,94.1326,0.8667],[48.4526,72.8484,13.4648],[44.1163,66.4425,29.0815],[[[0.940122,-0.320666,0.115518],[0.171436,0.737806,0.65288],[-0.294586,-0.593982,0.748601]],[[0.936204,-0.328377,0.12526],[0.334035,0.720548,-0.607644],[0.10928,0.61072,0.78427]],[[0.936204,-0.328377,0.12526],[-0.0557738,-0.4907,-0.869542],[0.347003,0.807082,-0.47771]],[[0.936204,-0.328377,0.12526],[-0.248213,-0.870091,-0.425832],[0.248821,0.367574,-0.89609]]],2],[7943,[-0.466966,-0.764546,0.444312],794,59.7506,[56.739,64.4302,34.2356],[57.225,64.3202,33.9027],[102.006,-15.4262,21.0009],false,[54.4538,80.4327,85.6458],[79.7236,112.664,44.4481],[73.542,88.681,11.229],[61.5453,69.0393,22.6436],[55.7457,62.9599,37.7977],[[[0.870908,-0.459281,0.174874],[0.228687,0.6937,0.682996],[-0.434997,-0.554835,0.70918]],[[0.880891,-0.446114,0.158158],[0.449194,0.682619,-0.576416],[0.149186,0.578803,0.801705]],[[0.880891,-0.446114,0.158158],[-0.077295,-0.465244,-0.881801],[0.466966,0.764546,-0.444312]],[[0.880891,-0.446114,0.158158],[-0.334668,-0.823337,-0.458381],[0.334708,0.350854,-0.87457]]],3],[7944,[-0.634467,-0.697575,0.332927],794,46.8434,[69.958,68.7487,38.0214],[70.4086,68.6607,37.7574],[100.316,-10.0693,20.3407],false,[64.2853,71.6997,84.5113],[94.2875,100.601,50.5066],[87.388,85.8468,22.046],[75.8796,73.1936,28.0848],[68.6797,67.3424,41.1023],[[[0.76487,-0.628674,0.140508],[0.322026,0.562058,0.761833],[-0.557918,-0.537457,0.632351]],[[0.764895,-0.62865,0.14048],[0.608824,0.634306,-0.476433],[0.210403,0.449949,0.867915]],[[0.764895,-0.62865,0.14048],[-0.111299,-0.343784,-0.93243],[0.634467,0.697575,-0.332927]],[[0.764895,-0.62865,0.14048],[-0.460514,-0.686157,-0.56313],[0.450403,0.366042,-0.81434]]],4]],[[0,200,0],[235.247,235.247,147.751]]],[3772579,1818096689265,[[794,"right",[0.322809,0.698031,-0.639177],[0.0151462,-0.679055,-0.733931],[58.2469,101.723,48.6843],[82.8444,-13.2331,11.2868],[58.2096,101.732,48.6763],0.586058,0,0.515056,[[0.986264,-0.164178,-0.0181484],[0.163001,0.949593,0.267776],[-0.0267294,-0.267056,0.96331]],59.0936,[42.0172,1.01064,326.468],[48.7102,67.8805,85.2586]]],[[7940,[0.466734,0.231197,-0.853643],794,48.3324,[61.9024,86.7605,-2.61565],[61.1967,86.3764,-3.32926],[143.584,-1.69706,55.3653],false,[22.8178,64.8718,73.8612],[22.8178,64.8718,73.8612],[32.7124,82.2737,32.1198],[47.4706,89.5841,5.12755],[66.4016,85.9246,-4.83756],[[[0.430249,0.652134,0.624185],[-0.894366,0.214146,0.392749],[0.122458,-0.72723,0.675382]],[[0.384818,0.815973,0.431396],[-0.897904,0.439185,-0.0297489],[-0.213737,-0.375905,0.901672]],[[0.384818,0.815973,0.431396],[-0.796288,0.529845,-0.291874],[-0.466734,-0.231197,0.853643]],[[0.384818,0.815973,0.431396],[-0.3019,0.552955,-0.776593],[-0.872222,0.168609,0.459129]]],0],[7941,[-0.0590923,0.831587,-0.552242],794,54.5378,[38.7354,188.962,-6.63826],[39.2612,188.915,-6.14054],[77.6994,-43.7499,-35.0488],false,[32.825,82.4128,82.5458],[43.729,124.544,29.9995],[41.5747,160.702,13.404],[40.2501,179.343,1.02522],[39.2605,191.13,-9.51817],[[[0.987109,-0.106812,0.119196],[0.00865696,0.779278,0.626618],[-0.159817,-0.617509,0.770157]],[[0.997866,0.0338212,-0.0558468],[0.0365946,0.418653,0.907409],[0.05407,-0.907516,0.416522]],[[0.997866,0.0338212,-0.0558468],[0.0277639,0.554364,0.831811],[0.0590923,-0.831587,0.552242]],[[0.997866,0.0338212,-0.0558468],[0.0190378,0.667472,0.744391],[0.0624524,-0.743866,0.665404]]],1],[7942,[-0.346584,-0.806427,0.479119],794,62.1414,[45.3129,67.8965,25.5513],[45.8065,67.8225,25.3052],[87.1242,-18.9814,29.7263],false,[44.0768,82.7738,84.4608],[63.0608,121.335,36.0971],[58.103,94.0126,1.0676],[48.963,72.7457,13.7028],[44.6463,66.3409,29.3255],[[[0.940406,-0.32053,0.11357],[0.171904,0.736255,0.654505],[-0.293405,-0.595977,0.747479]],[[0.93625,-0.328757,0.123916],[0.333369,0.719943,-0.608726],[0.11091,0.611229,0.783644]],[[0.93625,-0.328757,0.123916],[-0.0575844,-0.491523,-0.868959],[0.346584,0.806427,-0.479119]],[[0.93625,-0.328757,0.123916],[-0.249168,-0.869976,-0.425508],[0.247693,0.367506,-0.896431]]],2],[7943,[-0.46632,-0.765334,0.443633],794,59.7506,[57.2553,64.3362,34.3207],[57.8048,64.2273,33.9741],[90.8542,-13.9792,17.3621],false,[55.1051,80.2081,85.7262],[80.3101,112.553,44.5781],[74.0877,88.6288,11.3245],[62.1076,68.9668,22.7217],[56.3273,62.858,37.8713],[[[0.871326,-0.459323,0.172665],[0.229212,0.6921,0.684441],[-0.433881,-0.556795,0.708327]],[[0.881132,-0.446316,0.156229],[0.448391,0.68368,-0.575784],[0.150171,0.577393,0.802537]],[[0.881132,-0.446316,0.156229],[-0.0784331,-0.463752,-0.882487],[0.46632,0.765334,-0.443633]],[[0.881132,-0.446316,0.156229],[-0.335141,-0.822502,-0.459533],[0.333596,0.352551,-0.874312]]],3],[7944,[-0.633982,-0.698368,0.332188],794,46.8434,[70.483,68.6644,38.0908],[70.9999,68.5657,37.8005],[90.0076,-10.1161,15.8659],false,[64.9392,71.4824,84.558],[94.8868,100.482,50.5887],[87.9562,85.7891,22.1038],[76.4566,73.1216,28.1293],[69.2726,67.2408,41.1423],[[[0.765323,-0.628677,0.138007],[0.322705,0.560304,0.762837],[-0.556904,-0.539281,0.631691]],[[0.76514,-0.628854,0.138214],[0.608188,0.635431,-0.475747],[0.21135,0.448073,0.868655]],[[0.76514,-0.628854,0.138214],[-0.112373,-0.341795,-0.933032],[0.633982,0.698368,-0.332188]],[[0.76514,-0.628854,0.138214],[-0.461077,-0.684983,-0.564098],[0.44941,0.367887,-0.814058]]],4]],[[0,200,0],[235.247,235.247,147.751]]],[3772580,1818096699011,[[794,"right",[0.320263,0.701592,-0.636553],[0.0121135,-0.674924,-0.737788],[59.4546,101.643,48.739],[94.9034,-11.7552,9.62051],[59.3951,101.648,48.736],0.590863,0,0.519717,[[0.985682,-0.168064,-0.0136539],[0.165547,0.94917,0.267713],[-0.032033,-0.26614,0.963402]],59.0936,[42.0429,0.955711,326.394],[50.0639,67.5963,85.1611]]],[[7940,[0.474712,0.233125,-0.848706],794,48.3324,[63.4434,86.9095,-2.14627],[62.6885,86.6027,-2.92901],[149.481,3.69723,52.9671],false,[24.1252,64.653,73.8523],[24.1252,64.653,73.8523],[34.0034,82.4773,32.2856],[49.0138,89.8487,5.44948],[68.0122,86.0566,-4.33633],[[[0.43283,0.648595,0.626085],[-0.892747,0.211985,0.397575],[0.125145,-0.731018,0.670785]],[[0.388106,0.810026,0.439582],[-0.896572,0.442278,-0.023413],[-0.213383,-0.38503,0.897897]],[[0.388106,0.810026,0.439582],[-0.789951,0.538062,-0.294052],[-0.474712,-0.233125,0.848706]],[[0.388106,0.810026,0.439582],[-0.288413,0.559761,-0.776843],[-0.875324,0.174716,0.450868]]],0],[7941,[-0.0592395,0.827889,-0.557755],794,54.5378,[39.5116,188.669,-6.83729],[40.3831,188.805,-6.06198],[89.182,-36.0402,-25.6614],false,[34.1689,82.1444,82.5945],[44.8626,124.57,30.2418],[42.7227,160.707,13.5987],[41.3948,179.264,1.09631],[40.397,190.932,-9.57838],[[[0.987577,-0.107532,0.114584],[0.0112612,0.775746,0.630944],[-0.156735,-0.621815,0.76732]],[[0.997802,0.0324886,-0.0577537],[0.0388109,0.419901,0.90674],[0.0537095,-0.906988,0.417717]],[[0.997802,0.0324886,-0.0577537],[0.029693,0.55995,0.827994],[0.0592395,-0.827889,0.557755]],[[0.997802,0.0324886,-0.0577537],[0.0206383,0.675846,0.736754],[0.0629687,-0.736326,0.67369]]],1],[7942,[-0.345186,-0.809375,0.475141],794,62.1414,[46.1311,67.8899,25.5763],[46.9111,67.8876,25.2016],[95.0007,-11.2734,16.8699],false,[45.4284,82.494,84.4658],[64.2188,121.325,36.2427],[59.1358,94.2319,1.0535],[50.0326,72.8873,13.5838],[45.7691,66.3906,29.1831],[[[0.940835,-0.321212,0.107947],[0.174617,0.732559,0.657926],[-0.290412,-0.60015,0.745306]],[[0.936571,-0.329791,0.118631],[0.331519,0.723794,-0.605159],[0.113712,0.606103,0.787216]],[[0.936571,-0.329791,0.118631],[-0.0606806,-0.485953,-0.871876],[0.345186,0.809375,-0.475141]],[[0.936571,-0.329791,0.118631],[-0.250969,-0.867337,-0.429816],[0.244642,0.37278,-0.895089]]],2],[7943,[-0.464733,-0.767602,0.441373],794,59.7506,[58.1211,64.296,34.2773],[58.9423,64.2317,33.8331],[98.4732,-9.82047,7.94544],false,[56.4616,79.9207,85.6719],[81.5018,112.495,44.6041],[75.1401,88.7514,11.2474],[63.2008,69.0311,22.5865],[57.4792,62.8411,37.7255],[[[0.871985,-0.460332,0.166542],[0.232042,0.688233,0.68738],[-0.431043,-0.560741,0.706945]],[[0.881638,-0.447356,0.150292],[0.446254,0.686666,-0.573888],[0.153532,0.57303,0.805025]],[[0.881638,-0.447356,0.150292],[-0.0820865,-0.458977,-0.884648],[0.464733,0.767602,-0.441373]],[[0.881638,-0.447356,0.150292],[-0.337163,-0.819911,-0.462673],[0.330205,0.357237,-0.873697]]],3],[7944,[-0.632982,-0.699784,0.331114],794,46.8434,[71.3499,68.6168,38.0295],[72.1518,68.5502,37.6312],[98.2222,-7.63715,6.05454],false,[66.2902,71.2011,84.4148],[96.1018,100.39,50.4876],[89.0504,85.8486,21.9544],[77.5689,73.1554,27.9604],[70.4337,67.2095,40.9706],[[[0.765829,-0.629483,0.131364],[0.325844,0.555994,0.764654],[-0.554375,-0.54279,0.63091]],[[0.765382,-0.629921,0.131873],[0.606589,0.637623,-0.474854],[0.215035,0.443437,0.870128]],[[0.765382,-0.629921,0.131873],[-0.116293,-0.336902,-0.93433],[0.632982,0.699784,-0.331114]],[[0.765382,-0.629921,0.131873],[-0.463633,-0.681797,-0.565859],[0.446357,0.371958,-0.813887]]],4]],[[0,200,0],[235.247,235.247,147.751]]],[3772581,1818096708734,[[794,"right",[0.319697,0.70466,-0.633441],[0.0109193,-0.671221,-0.741177],[60.3965,101.586,48.868],[95.4815,-10.0284,10.6878],[60.3516,101.589,48.8621],0.594074,0,0.518473,[[0.985203,-0.171068,-0.0104729],[0.167601,0.948851,0.267566],[-0.0358349,-0.265362,0.963483]],59.0936,[42.0675,0.914696,326.384],[51.0404,67.3605,85.1311]]],[[7940,[0.482716,0.235076,-0.843638],794,48.3324,[64.8159,87.0822,-1.72403],[63.9958,86.8257,-2.52975],[147.114,8.00108,50.2116],false,[25.0861,64.4831,73.841],[25.0861,64.4831,73.841],[35.0871,82.6501,32.4525],[50.3506,90.0832,5.77658],[69.3984,86.2187,-3.88394],[[[0.433871,0.645295,0.628769],[-0.892157,0.210307,0.399783],[0.125744,-0.734415,0.66695]],[[0.390206,0.80467,0.447488],[-0.895024,0.445537,-0.0207077],[-0.216035,-0.392432,0.89405]],[[0.390206,0.80467,0.447488],[-0.784044,0.545202,-0.296699],[-0.482716,-0.235076,0.843638]],[[0.390206,0.80467,0.447488],[-0.27848,0.566396,-0.775658],[-0.877604,0.17805,0.445095]]],0],[7941,[-0.0571503,0.821531,-0.567293],794,54.5378,[40.3938,188.374,-7.06022],[41.4482,188.571,-6.18711],[95.8153,-35.0107,-26.2959],false,[35.1474,81.9269,82.6579],[45.789,124.61,30.5047],[43.7383,160.677,13.6991],[42.4572,179.092,0.982905],[41.4916,190.572,-9.89588],[[[0.987684,-0.108456,0.11277],[0.0123543,0.77257,0.634809],[-0.155972,-0.625598,0.764395]],[[0.997941,0.0304345,-0.0564606],[0.0382726,0.423834,0.904931],[0.0514711,-0.905229,0.421796]],[[0.997941,0.0304345,-0.0564606],[0.0291188,0.569351,0.821579],[0.0571503,-0.821531,0.567293]],[[0.997941,0.0304345,-0.0564606],[0.0200105,0.688598,0.724867],[0.0609397,-0.724504,0.686571]]],1],[7942,[-0.345492,-0.812056,0.470319],794,62.1414,[46.9662,67.9386,25.5321],[47.8048,67.9719,25.1475],[94.3022,-5.14707,8.93212],false,[46.4094,82.2632,84.5164],[65.1517,121.329,36.4643],[60.0405,94.4605,1.1072],[50.9293,73.0452,13.5103],[46.6708,66.4651,29.076],[[[0.940857,-0.322084,0.105123],[0.175729,0.72919,0.661364],[-0.289669,-0.603775,0.742662]],[[0.936415,-0.331085,0.116228],[0.331741,0.727389,-0.600711],[0.114344,0.601072,0.790973]],[[0.936415,-0.331085,0.116228],[-0.0613324,-0.48057,-0.874809],[0.345492,0.812056,-0.470319]],[[0.936415,-0.331085,0.116228],[-0.251829,-0.864771,-0.434458],[0.244353,0.377564,-0.893161]]],2],[7943,[-0.464623,-0.769702,0.437817],794,59.7506,[58.9818,64.291,34.2188],[59.8484,64.2541,33.773],[97.0148,-6.28123,3.39168],false,[57.4432,79.6799,85.6954],[82.4423,112.451,44.759],[76.036,88.8851,11.2848],[64.0995,69.1109,22.5327],[58.3913,62.8458,37.6457],[[[0.872032,-0.461471,0.163109],[0.233176,0.684696,0.690522],[-0.430335,-0.564124,0.704681]],[[0.881592,-0.448524,0.147043],[0.445973,0.689469,-0.570736],[0.154607,0.568734,0.807861]],[[0.881592,-0.448524,0.147043],[-0.083192,-0.454296,-0.886958],[0.464623,0.769702,-0.437817]],[[0.881592,-0.448524,0.147043],[-0.338037,-0.817368,-0.466521],[0.329434,0.361575,-0.872202]]],3],[7944,[-0.633206,-0.700432,0.329309],794,46.8434,[72.2016,68.5932,37.9935],[73.0495,68.5471,37.6103],[96.2734,-5.54974,3.76517],false,[67.267,70.9632,84.3819],[97.0455,100.311,50.563],[89.936,85.8922,21.9821],[78.4505,73.1872,27.9554],[71.3267,67.1935,40.9499],[[[0.76577,-0.630406,0.12722],[0.327029,0.552038,0.767011],[-0.553759,-0.545749,0.628895]],[[0.764921,-0.631241,0.128183],[0.606541,0.638901,-0.473196],[0.216805,0.439706,0.871582]],[[0.764921,-0.631241,0.128183],[-0.11809,-0.333062,-0.935481],[0.633206,0.700432,-0.329309]],[[0.764921,-0.631241,0.128183],[-0.465076,-0.678932,-0.568116],[0.445645,0.374949,-0.812905]]],4]],[[0,200,0],[235.247,235.247,147.751]]],[3772582,1818096718428,[[794,"right",[0.321971,0.7052,-0.631686],[0.00735623,-0.669059,-0.743173],[61.6288,101.322,48.9237],[104.731,-15.0592,9.24502],[61.5762,101.333,48.9212],0.595743,0,0.518923,[[0.98415,-0.17718,-0.00746558],[0.172707,0.948047,0.267168],[-0.040259,-0.264223,0.963621]],59.0936,[42.0872,0.867679,326.382],[52.1679,67.0282,85.0951]]],[[7940,[0.486784,0.235053,-0.841304],794,48.3324,[66.1294,87.0364,-1.5198],[65.3167,86.754,-2.3455],[143.688,3.30707,40.7627],false,[26.1902,64.2923,73.8238],[26.1902,64.2923,73.8238],[36.2759,82.6387,32.5351],[51.6681,90.0711,5.93298],[70.7095,86.1209,-3.70546],[[[0.437205,0.641616,0.630223],[-0.890859,0.212829,0.40134],[0.123376,-0.736908,0.664639]],[[0.394705,0.800001,0.451892],[-0.892605,0.450486,-0.017868],[-0.217865,-0.396308,0.891894]],[[0.394705,0.800001,0.451892],[-0.779262,0.55204,-0.296651],[-0.486784,-0.235053,0.841304]],[[0.394705,0.800001,0.451892],[-0.273018,0.571728,-0.773685],[-0.877308,0.182002,0.444078]]],0],[7941,[-0.0526396,0.813428,-0.579278],794,54.5378,[41.5681,187.966,-7.38979],[43.1139,188.055,-6.57884],[117.961,-42.6896,-33.7979],false,[36.3331,81.6679,82.6817],[47.0983,124.461,30.6441],[45.2515,160.46,13.6693],[44.0716,178.693,0.684465],[43.1695,189.92,-10.4609],[[[0.987341,-0.112898,0.111412],[0.0162288,0.770625,0.637082],[-0.157782,-0.627209,0.762702]],[[0.998139,0.0249732,-0.0556342],[0.0396268,0.427828,0.902991],[0.0463524,-0.903515,0.426042]],[[0.998139,0.0249732,-0.0556342],[0.0307881,0.581129,0.813229],[0.0526396,-0.813428,0.579278]],[[0.998139,0.0249732,-0.0556342],[0.0218518,0.705253,0.708619],[0.0569327,-0.708516,0.703394]]],1],[7942,[-0.348943,-0.812384,0.467195],794,62.1414,[47.8996,67.8989,25.4607],[48.8675,67.8481,25.0892],[98.9704,-7.09239,3.3665],false,[47.5984,81.9518,84.5294],[66.4534,121.082,36.5736],[61.2179,94.3812,1.10761],[52.0156,72.9572,13.4284],[47.7345,66.3428,28.9732],[[[0.939616,-0.326306,0.103181],[0.179449,0.726487,0.663336],[-0.29141,-0.604766,0.741174]],[[0.93498,-0.335654,0.114673],[0.334807,0.72839,-0.597789],[0.117123,0.597314,0.793409]],[[0.93498,-0.335654,0.114673],[-0.0636569,-0.476832,-0.876686],[0.348943,0.812384,-0.467195]],[[0.93498,-0.335654,0.114673],[-0.25587,-0.862142,-0.437311],[0.24565,0.379536,-0.891969]]],2],[7943,[-0.4675,-0.769089,0.435828],794,59.7506,[59.9199,64.176,34.1593],[60.9067,64.0398,33.7186],[100.629,-10.905,0.471081],false,[58.6226,79.3191,85.6891],[83.7154,112.107,44.8239],[77.1805,88.6721,11.2829],[65.1701,68.9137,22.4796],[59.4486,62.6265,37.5785],[[[0.870272,-0.465577,0.160826],[0.236741,0.681668,0.692302],[-0.43195,-0.564417,0.703458]],[[0.879812,-0.452701,0.144886],[0.448394,0.689334,-0.569],[0.157712,0.56558,0.809473]],[[0.879812,-0.452701,0.144886],[-0.0858699,-0.451181,-0.888292],[0.4675,0.769089,-0.435828]],[[0.879812,-0.452701,0.144886],[-0.341906,-0.814496,-0.468718],[0.330198,0.362847,-0.871385]]],3],[7944,[-0.636028,-0.697595,0.329893],794,46.8434,[73.1235,68.433,37.9893],[74.1031,68.2605,37.6193],[99.5268,-12.7473,3.39312],false,[68.4086,70.5656,84.3396],[98.2739,99.8894,50.5765],[91.0353,85.5374,21.9945],[79.4986,72.8839,27.9783],[72.3658,66.9043,40.9744],[[[0.76327,-0.633961,0.124549],[0.33012,0.548395,0.768299],[-0.555374,-0.545304,0.627856]],[[0.762013,-0.635191,0.125967],[0.608776,0.636377,-0.473726],[0.220744,0.437671,0.871617]],[[0.762013,-0.635191,0.125967],[-0.121671,-0.331501,-0.935576],[0.636028,0.697595,-0.329893]],[[0.762013,-0.635191,0.125967],[-0.469292,-0.675726,-0.56847],[0.446207,0.374067,-0.813003]]],4]],[[0,200,0],[235.247,235.247,147.751]]],[3772583,1818096728479,[[794,"right",[0.323382,0.705523,-0.630605],[0.0051579,-0.667716,-0.744398],[62.3905,101.159,48.9582],[96.0075,-15.4138,7.49271],[62.3636,101.165,48.957],0.59793,0,0.50604,[[0.983476,-0.180949,-0.0056179],[0.175862,0.94754,0.266909],[-0.0429738,-0.263487,0.963705]],59.0936,[42.1039,0.847291,326.381],[52.8644,66.8234,85.0729]]],[[7940,[0.489587,0.235339,-0.839595],794,48.3324,[67.0515,87.02,-1.39598],[66.175,86.7371,-2.21537],[125.876,1.95957,31.7756],false,[26.8725,64.175,73.8134],[26.8725,64.175,73.8134],[37.0476,82.6431,32.6009],[52.5284,90.0846,6.05288],[71.5564,86.1016,-3.59857],[[[0.439259,0.639335,0.631111],[-0.890051,0.214388,0.402302],[0.121903,-0.738436,0.663213]],[[0.397638,0.796677,0.45518],[-0.890828,0.454043,-0.016474],[-0.219796,-0.398937,0.890247]],[[0.397638,0.796677,0.45518],[-0.776008,0.556705,-0.296463],[-0.489587,-0.235339,0.839595]],[[0.397638,0.796677,0.45518],[-0.270735,0.575873,-0.77141],[-0.876691,0.183508,0.444678]]],0],[7941,[-0.0497303,0.808109,-0.58693],794,54.5378,[42.6978,187.564,-7.71961],[44.1572,187.7,-6.87983],[113.533,-41.3595,-33.3102],false,[37.0658,81.5082,82.6966],[47.9079,124.369,30.7302],[46.1929,160.323,13.647],[45.0781,178.437,0.490708],[44.2168,189.497,-10.8231],[[[0.987118,-0.115643,0.11057],[0.0186208,0.769415,0.638478],[-0.158909,-0.628193,0.761657]],[[0.998255,0.0214833,-0.0550025],[0.0404226,0.43038,0.901742],[0.0430444,-0.902392,0.428761]],[[0.998255,0.0214833,-0.0550025],[0.0318388,0.588642,0.807767],[0.0497303,-0.808109,0.58693]],[[0.998255,0.0214833,-0.0550025],[0.0230526,0.715767,0.697958],[0.0543635,-0.698008,0.714023]]],1],[7942,[-0.351524,-0.813139,0.463935],794,62.1414,[48.6849,67.8602,25.3514],[49.5269,67.793,25.0093],[89.2471,-6.1134,-1.97908],false,[48.333,81.7598,84.5375],[67.258,120.928,36.6411],[61.9746,94.3857,1.06403],[52.7043,72.9418,13.2988],[48.3995,66.2973,28.8243],[[[0.938838,-0.328911,0.10198],[0.181743,0.724809,0.664546],[-0.292493,-0.605367,0.740256]],[[0.933958,-0.338711,0.114003],[0.337271,0.729857,-0.594607],[0.118194,0.593788,0.795893]],[[0.933958,-0.338711,0.114003],[-0.0644398,-0.473371,-0.878503],[0.351524,0.813139,-0.463935]],[[0.933958,-0.338711,0.114003],[-0.258277,-0.860182,-0.439751],[0.247011,0.381264,-0.890855]]],2],[7943,[-0.469506,-0.76878,0.434213],794,59.7506,[60.6992,64.0556,34.1007],[61.5574,63.9107,33.6787],[89.8824,-11.4576,-1.43703],false,[59.3511,79.0966,85.6853],[84.5021,111.895,44.8638],[77.8953,88.5487,11.2747],[65.8334,68.7982,22.4299],[60.0983,62.4947,37.5168],[[[0.869173,-0.468108,0.159415],[0.238938,0.67979,0.693393],[-0.432951,-0.564588,0.702704]],[[0.878607,-0.455408,0.143713],[0.450141,0.689315,-0.567643],[0.159446,0.563426,0.810635]],[[0.878607,-0.455408,0.143713],[-0.0872603,-0.448977,-0.889273],[0.469506,0.76878,-0.434213]],[[0.878607,-0.455408,0.143713],[-0.344239,-0.812564,-0.470361],[0.330982,0.363791,-0.870693]]],3],[7944,[-0.637684,-0.696408,0.329205],794,46.8434,[73.9064,68.2668,37.9738],[74.7676,68.0863,37.5953],[89.45,-14.1509,1.5739],false,[69.1137,70.3204,84.3134],[99.0328,99.6289,50.5847],[91.7354,85.3429,21.9846],[80.1686,72.711,27.9559],[73.0282,66.7287,40.9466],[[[0.761714,-0.63615,0.122899],[0.332022,0.546138,0.769087],[-0.556374,-0.545019,0.627217]],[[0.760379,-0.637454,0.124401],[0.610165,0.635497,-0.47312],[0.222536,0.435656,0.872171]],[[0.760379,-0.637454,0.124401],[-0.123219,-0.329649,-0.936028],[0.637684,0.696408,-0.329205]],[[0.760379,-0.637454,0.124401],[-0.47148,-0.6735,-0.569301],[0.446687,0.374232,-0.812663]]],4]],[[0,200,0],[235.247,235.247,147.751]]],[3772584,1818096737866,[[794,"right",[0.324522,0.705617,-0.629912],[0.00435629,-0.667063,-0.744989],[62.9841,101.049,49.0167],[86.6841,-14.38,7.13508],[62.9606,101.053,49.0145],0.600067,0,0.506745,[[0.983101,-0.18302,-0.00399117],[0.177431,0.947262,0.266859],[-0.0450599,-0.263058,0.963727]],59.0936,[42.1186,0.825836,326.413],[53.4014,66.6945,85.099]]],[[7940,[0.492497,0.235242,-0.837919],794,48.3324,[67.7845,86.9929,-1.25487],[66.9061,86.7096,-2.0548],[111.965,0.518238,27.1782],false,[27.4081,64.0933,73.8318],[27.4081,64.0933,73.8318],[37.675,82.6414,32.6781],[53.2478,90.0797,6.18303],[72.28,86.0652,-3.44706],[[[0.440043,0.638146,0.631768],[-0.889827,0.215305,0.402309],[0.120709,-0.739197,0.662583]],[[0.399156,0.794495,0.45766],[-0.889657,0.45634,-0.0162753],[-0.221779,-0.400663,0.888979]],[[0.399156,0.794495,0.45766],[-0.773383,0.559856,-0.297388],[-0.492497,-0.235242,0.837919]],[[0.399156,0.794495,0.45766],[-0.267862,0.578417,-0.770509],[-0.876884,0.184964,0.443693]]],0],[7941,[-0.0472459,0.804083,-0.592637],794,54.5378,[43.6311,187.23,-7.99212],[44.9718,187.414,-7.11932],[106.059,-38.6221,-31.0842],false,[37.6244,81.404,82.7324],[48.5385,124.295,30.8063],[46.9274,160.209,13.6283],[45.8684,178.233,0.344075],[45.0445,189.171,-11.09],[[[0.986928,-0.117154,0.11067],[0.0195899,0.768822,0.639163],[-0.159966,-0.62864,0.761067]],[[0.998378,0.0191404,-0.0536227],[0.0400821,0.43261,0.90069],[0.0404373,-0.901378,0.431141]],[[0.998378,0.0191404,-0.0536227],[0.0317738,0.594209,0.803683],[0.0472459,-0.804083,0.592637]],[[0.998378,0.0191404,-0.0536227],[0.023206,0.723231,0.690216],[0.0519926,-0.690341,0.721614]]],1],[7942,[-0.353441,-0.81371,0.461471],794,62.1414,[49.2981,67.8286,25.2657],[50.077,67.7493,24.9827],[80.809,-5.29827,-3.80411],false,[48.8915,81.6378,84.5759],[67.8824,120.822,36.7181],[62.605,94.3843,1.06194],[53.2841,72.9253,13.2317],[48.9527,66.2626,28.742],[[[0.938345,-0.330345,0.101882],[0.182643,0.723959,0.665226],[-0.293512,-0.605603,0.739659]],[[0.933259,-0.340518,0.114349],[0.339248,0.730927,-0.592163],[0.118061,0.591434,0.797664]],[[0.933259,-0.340518,0.114349],[-0.0640923,-0.471087,-0.879755],[0.353441,0.81371,-0.461471]],[[0.933259,-0.340518,0.114349],[-0.259338,-0.859004,-0.441425],[0.248539,0.382309,-0.889982]]],2],[7943,[-0.47091,-0.7669,0.436014],794,59.7506,[61.2742,63.9437,34.159],[62.057,63.8015,33.8186],[79.0169,-11.927,4.29923],false,[59.9055,78.9578,85.7236],[85.1119,111.756,44.9364],[78.4243,88.3586,11.3992],[66.3263,68.6564,22.6007],[60.5813,62.3773,37.694],[[[0.868469,-0.469493,0.159179],[0.239767,0.678833,0.694044],[-0.433905,-0.56459,0.702114]],[[0.877684,-0.457125,0.143898],[0.451243,0.687157,-0.569381],[0.161398,0.56467,0.809382]],[[0.877684,-0.457125,0.143898],[-0.0889577,-0.450446,-0.888361],[0.47091,0.7669,-0.436014]],[[0.877684,-0.457125,0.143898],[-0.34604,-0.81223,-0.469616],[0.331551,0.36238,-0.871065]]],3],[7944,[-0.638825,-0.695677,0.328535],794,46.8434,[74.5163,68.1372,37.983],[75.3138,67.9695,37.6322],[80.5489,-13.6517,2.17766],false,[69.6558,70.1689,84.346],[99.6238,99.4644,50.6494],[92.3114,85.2125,22.0361],[80.7239,72.5938,27.9953],[73.5715,66.6126,40.9799],[[[0.760777,-0.637349,0.122492],[0.332644,0.544981,0.769639],[-0.557284,-0.544778,0.626619]],[[0.75937,-0.63872,0.124071],[0.611253,0.634937,-0.472467],[0.222997,0.434616,0.872572]],[[0.75937,-0.63872,0.124071],[-0.123528,-0.32874,-0.936307],[0.638825,0.695677,-0.328535]],[[0.75937,-0.63872,0.124071],[-0.472395,-0.672334,-0.569921],[0.447437,0.37417,-0.812279]]],4]],[[0,200,0],[235.247,235.247,147.751]]],[3772585,1818096747647,[[794,"right",[0.325095,0.705295,-0.629978],[0.00335107,-0.667018,-0.745034],[63.6076,100.879,49.0785],[79.9282,-15.2484,6.89501],[63.588,100.884,49.0766],0.598656,0,0.473306,[[0.982778,-0.184781,-0.00199919],[0.178608,0.947062,0.266781],[-0.0474026,-0.262543,0.963755]],59.0936,[42.1294,0.793503,326.483],[53.9989,66.5334,85.1619]]],[[7940,[0.493903,0.235241,-0.837091],794,48.3324,[68.4898,86.9128,-1.13559],[67.6119,86.6069,-1.91468],[99.6888,-2.25945,22.591],false,[27.9987,63.9621,73.9035],[27.9987,63.9621,73.9035],[38.329,82.5562,32.7864],[53.9463,89.9945,6.31755],[72.9641,85.9775,-3.33985],[[[0.440977,0.637611,0.631658],[-0.889446,0.216276,0.40263],[0.120109,-0.739376,0.662493]],[[0.400658,0.792846,0.459204],[-0.888638,0.45833,-0.015995],[-0.223148,-0.401658,0.888187]],[[0.400658,0.792846,0.459204],[-0.771708,0.562189,-0.297338],[-0.493903,-0.235241,0.837091]],[[0.400658,0.792846,0.459204],[-0.267788,0.580638,-0.768862],[-0.876221,0.185081,0.444952]]],0],[7941,[-0.0452855,0.800588,-0.597502],794,54.5378,[44.5187,186.886,-8.24716],[45.7573,187.063,-7.35497],[98.7107,-37.8869,-28.5693],false,[38.2375,81.2608,82.8017],[49.1818,124.143,30.8747],[47.6546,160.009,13.5898],[46.6395,177.954,0.196505],[45.8445,188.795,-11.3323],[[[0.986834,-0.118267,0.110322],[0.0206726,0.768757,0.639207],[-0.160408,-0.62851,0.761081]],[[0.998459,0.0170628,-0.0528122],[0.0401384,0.435179,0.899449],[0.0383299,-0.900182,0.433823]],[[0.998459,0.0170628,-0.0528122],[0.0320857,0.598973,0.800126],[0.0452855,-0.800588,0.597502]],[[0.998459,0.0170628,-0.0528122],[0.0237179,0.72912,0.683974],[0.050177,-0.684173,0.727592]]],1],[7942,[-0.354281,-0.813304,0.461542],794,62.1414,[49.8868,67.7391,25.2531],[50.652,67.5965,25.0487],[74.322,-8.33835,-0.733379],false,[49.5055,81.4818,84.6413],[68.5238,120.648,36.7796],[63.2049,94.2173,1.12414],[53.8619,72.7691,13.2958],[49.5268,66.1108,28.807],[[[0.93801,-0.331404,0.101536],[0.183684,0.72371,0.66521],[-0.293935,-0.605323,0.739721]],[[0.932884,-0.341632,0.114079],[0.339953,0.730538,-0.592238],[0.118989,0.591272,0.797646]],[[0.932884,-0.341632,0.114079],[-0.0648969,-0.470982,-0.879753],[0.354281,0.813304,-0.461542]],[[0.932884,-0.341632,0.114079],[-0.26048,-0.858676,-0.441391],[0.24875,0.382052,-0.890034]]],2],[7943,[-0.471748,-0.766412,0.435967],794,59.7506,[61.8421,63.8086,34.2132],[62.6307,63.6362,33.8779],[73.0593,-13.3564,4.57922],false,[60.5169,78.7894,85.7851],[85.746,111.562,44.9913],[79.0242,88.178,11.4515],[66.9047,68.4884,22.6518],[61.1553,62.2143,37.7455],[[[0.867997,-0.470477,0.158848],[0.240768,0.678518,0.694006],[-0.434295,-0.564149,0.702227]],[[0.877164,-0.458197,0.143662],[0.45196,0.68671,-0.569351],[0.162221,0.564344,0.809445]],[[0.877164,-0.458197,0.143662],[-0.0896547,-0.450187,-0.888422],[0.471748,0.766412,-0.435967]],[[0.877164,-0.458197,0.143662],[-0.347111,-0.811754,-0.469648],[0.33181,0.362091,-0.871087]]],3],[7944,[-0.639613,-0.694484,0.329525],794,46.8434,[75.0988,67.9829,38.0283],[75.8825,67.7855,37.7175],[73.8221,-15.2296,4.18589],false,[70.2569,69.9897,84.4035],[100.246,99.2538,50.6985],[92.8913,84.9921,22.1009],[81.2896,72.395,28.0781],[74.1355,66.4305,41.0694],[[[0.760105,-0.638209,0.122187],[0.333521,0.544557,0.769559],[-0.557678,-0.544194,0.626776]],[[0.758512,-0.639758,0.123974],[0.611846,0.633687,-0.473377],[0.224286,0.434915,0.872092]],[[0.758512,-0.639758,0.123974],[-0.124719,-0.329244,-0.935972],[0.639613,0.694484,-0.329525]],[[0.758512,-0.639758,0.123974],[-0.473678,-0.67193,-0.569332],[0.447536,0.373122,-0.812706]]],4]],[[0,200,0],[235.247,235.247,147.751]]],[3772586,1818096757348,[[794,"right",[0.324098,0.703331,-0.632681],[0.004231,-0.66985,-0.742484],[64.1363,100.698,49.2152],[72.4919,-16.2374,8.99712],[64.1196,100.704,49.2109],0.598116,0,0.48246,[[0.983115,-0.182988,0.00077533],[0.176127,0.947385,0.267284],[-0.0496444,-0.262634,0.963617]],59.0936,[42.1456,0.714705,326.716],[54.5764,66.4775,85.4298]]],[[7940,[0.494474,0.232977,-0.837387],794,48.3324,[69.1003,86.6254,-0.916262],[68.2329,86.279,-1.66173],[88.5982,-11.183,23.0488],false,[28.5793,63.8276,74.1826],[28.5793,63.8276,74.1826],[38.9056,82.3178,33.0177],[54.5409,89.6846,6.53951],[73.5647,85.6572,-3.10182],[[[0.440131,0.64062,0.629198],[-0.889723,0.216591,0.401848],[0.121154,-0.736678,0.665303]],[[0.399867,0.794433,0.457147],[-0.889016,0.457541,-0.0174949],[-0.223062,-0.399415,0.889219]],[[0.399867,0.794433,0.457147],[-0.771752,0.560891,-0.299667],[-0.494474,-0.232977,0.837387]],[[0.399867,0.794433,0.457147],[-0.268069,0.578313,-0.770515],[-0.876496,0.185556,0.444211]]],0],[7941,[-0.0450885,0.794957,-0.604988],794,54.5378,[45.2276,186.464,-8.55938],[46.2514,186.451,-7.82721],[85.1094,-45.387,-33.9016],false,[38.7948,81.1741,83.0143],[49.6778,123.873,30.9234],[48.152,159.623,13.4011],[47.1413,177.443,-0.159964],[46.3523,188.148,-11.8154],[[[0.987001,-0.116492,0.110721],[0.0196482,0.771218,0.636268],[-0.15951,-0.625822,0.763481]],[[0.998511,0.0172529,-0.0517465],[0.038844,0.441109,0.896613],[0.038295,-0.897288,0.439782]],[[0.998511,0.0172529,-0.0517465],[0.0306985,0.606421,0.794551],[0.0450885,-0.794957,0.604988]],[[0.998511,0.0172529,-0.0517465],[0.0222689,0.737068,0.675452],[0.0497942,-0.675599,0.735586]]],1],[7942,[-0.353226,-0.811986,0.464662],794,62.1414,[50.4387,67.5628,25.3679],[51.2226,67.3073,25.3149],[69.7805,-14.6088,7.46607],false,[50.0625,81.4175,84.8524],[69.0249,120.427,36.8406],[63.7411,93.8522,1.28718],[54.4258,72.4387,13.5411],[50.0991,65.8344,29.0776],[[[0.938468,-0.329728,0.10275],[0.182723,0.726493,0.662435],[-0.29307,-0.602899,0.74204]],[[0.933328,-0.339972,0.115404],[0.339008,0.728694,-0.595044],[0.118205,0.594494,0.795364]],[[0.933328,-0.339972,0.115404],[-0.0642661,-0.474445,-0.877936],[0.353226,0.811986,-0.464662]],[[0.933328,-0.339972,0.115404],[-0.259348,-0.860702,-0.438099],[0.248269,0.37896,-0.891488]]],2],[7943,[-0.471379,-0.766281,0.436596],794,59.7506,[62.3983,63.6529,34.3052],[63.2182,63.425,34.0948],[69.9051,-15.3492,7.59054],false,[61.0777,78.7446,86.0058],[86.2598,111.396,45.086],[79.6246,87.9523,11.5707],[67.5146,68.266,22.7871],[61.7577,62.0266,37.8924],[[[0.868649,-0.468677,0.160596],[0.23987,0.68149,0.6914],[-0.433488,-0.562062,0.704397]],[[0.877557,-0.456775,0.145774],[0.45194,0.686472,-0.569654],[0.160134,0.565785,0.808853]],[[0.877557,-0.456775,0.145774],[-0.0877224,-0.451853,-0.887769],[0.471379,0.766281,-0.436596]],[[0.877557,-0.456775,0.145774],[-0.345704,-0.813446,-0.467754],[0.332237,0.360086,-0.871755]]],3],[7944,[-0.638772,-0.693723,0.332744],794,46.8434,[75.6423,67.8157,38.1747],[76.4481,67.5807,38],[69.2338,-16.8941,11.478],false,[70.8296,69.953,84.6573],[100.777,99.1295,50.8394],[93.4328,84.7382,22.3041],[81.8463,72.155,28.3396],[74.7017,66.2387,41.3581],[[[0.760985,-0.636696,0.124582],[0.33281,0.547945,0.767459],[-0.556902,-0.542563,0.628877]],[[0.759235,-0.638394,0.126553],[0.611065,0.632337,-0.476181],[0.223967,0.438865,0.870193]],[[0.759235,-0.638394,0.126553],[-0.124629,-0.333469,-0.934487],[0.638772,0.693723,-0.332744]],[[0.759235,-0.638394,0.126553],[-0.473073,-0.674888,-0.566329],[0.44695,0.370108,-0.814405]]],4]],[[0,200,0],[235.247,235.247,147.751]]],[3772587,1818096767070,[[794,"right",[0.323301,0.701989,-0.634577],[0.00493268,-0.671831,-0.740688],[64.7019,100.465,49.3692],[68.2953,-18.526,11.0034],[64.6833,100.472,49.3641],0.597193,0,0.485091,[[0.983317,-0.181866,0.00355107],[0.174307,0.947667,0.267478],[-0.0520104,-0.262397,0.963557]],59.0936,[42.1577,0.627102,326.947],[55.181,66.3303,85.6757]]],[[7940,[0.494463,0.231774,-0.837727],794,48.3324,[69.6939,86.3287,-0.71434],[68.8558,85.9641,-1.43498],[80.493,-16.9089,22.3178],false,[29.1863,63.6218,74.4369],[29.1863,63.6218,74.4369],[39.5017,82.0459,33.2396],[55.1367,89.3746,6.75062],[74.1562,85.3619,-2.90536],[[[0.439456,0.642784,0.627461],[-0.889942,0.216691,0.401308],[0.121989,-0.734761,0.667267]],[[0.399224,0.79556,0.455747],[-0.889364,0.45683,-0.0183873],[-0.222827,-0.397984,0.889919]],[[0.399224,0.79556,0.455747],[-0.772092,0.559791,-0.300845],[-0.494463,-0.231774,0.837727]],[[0.399224,0.79556,0.455747],[-0.269675,0.576979,-0.770954],[-0.876297,0.184879,0.444886]]],0],[7941,[-0.0442966,0.789121,-0.612639],794,54.5378,[45.8641,185.986,-8.88335],[46.828,185.816,-8.22631],[78.0981,-51.5972,-35.7944],false,[39.3831,81.0031,83.2216],[50.2172,123.574,31.0161],[48.7175,159.224,13.2868],[47.7245,176.912,-0.445841],[46.9506,187.466,-12.2396],[[[0.987133,-0.115114,0.110987],[0.0188309,0.772939,0.6342],[-0.158792,-0.62395,0.765161]],[[0.998588,0.0169745,-0.0503383],[0.0374868,0.446247,0.894125],[0.0376406,-0.894749,0.44498]],[[0.998588,0.0169745,-0.0503383],[0.0293238,0.614003,0.788759],[0.0442966,-0.789121,0.612639]],[[0.998588,0.0169745,-0.0503383],[0.0208929,0.745724,0.665927],[0.0488422,-0.666039,0.744316]]],1],[7942,[-0.352398,-0.811089,0.466852],794,62.1414,[50.9843,67.3363,25.5336],[51.821,66.9962,25.5608],[67.3644,-19.7001,12.6495],false,[50.6507,81.2638,85.0585],[69.5683,120.165,36.9416],[64.3125,93.4888,1.46037],[55.0191,72.0989,13.7721],[50.6988,65.532,29.3263],[[[0.938833,-0.328423,0.10359],[0.181955,0.728464,0.660479],[-0.292378,-0.601231,0.743664]],[[0.933676,-0.338695,0.11634],[0.338268,0.727426,-0.597014],[0.117577,0.596772,0.79375]],[[0.933676,-0.338695,0.11634],[-0.0637588,-0.476886,-0.876649],[0.352398,0.811089,-0.466852]],[[0.933676,-0.338695,0.11634],[-0.258448,-0.862148,-0.435781],[0.247899,0.37681,-0.892502]]],2],[7943,[-0.470628,-0.764695,0.440171],794,59.7506,[62.9306,63.448,34.4985],[63.7971,63.1415,34.4172],[66.6383,-19.6443,15.6946],false,[61.6688,78.6061,86.2187],[86.8135,111.175,45.2104],[80.1697,87.5807,11.8028],[68.0789,67.9351,23.1111],[62.331,61.7466,38.2407],[[[0.869169,-0.467294,0.161811],[0.239153,0.683601,0.689562],[-0.432842,-0.560648,0.705919]],[[0.877933,-0.455601,0.147179],[0.451137,0.684237,-0.57297],[0.16034,0.569427,0.806253]],[[0.877933,-0.455601,0.147179],[-0.087995,-0.455707,-0.88577],[0.470628,0.764695,-0.440171]],[[0.877933,-0.455601,0.147179],[-0.345245,-0.815395,-0.464691],[0.331722,0.357154,-0.873156]]],3],[7944,[-0.638099,-0.693508,0.33448],794,46.8434,[76.1827,67.6258,38.3501],[77.0499,67.3347,38.2431],[67.1614,-19.2655,15.2034],false,[71.4304,69.8216,84.8932],[101.344,98.9401,50.9959],[94.0205,84.4696,22.4955],[82.4462,71.8903,28.5625],[75.3073,66.0022,41.597],[[[0.761687,-0.635526,0.126251],[0.332242,0.550362,0.765974],[-0.55628,-0.541487,0.630353]],[[0.759874,-0.637284,0.1283],[0.610499,0.631774,-0.477654],[0.223344,0.441284,0.869129]],[[0.759874,-0.637284,0.1283],[-0.124181,-0.336031,-0.933629],[0.638099,0.693508,-0.33448]],[[0.759874,-0.637284,0.1283],[-0.472385,-0.676901,-0.564497],[0.446591,0.36834,-0.815403]]],4]],[[0,200,0],[235.247