{"metadata":{"formatVersion":2,"generatedBy":"LeapJS Playback 0.2.1","frames":60,"frameRate":"1.0e+2","modified":"Tue Jun 02 2015 20:35:04 GMT-0300 (E. South America Standard Time)","title":"leap-playback-recording-100fps (13)"},"frames":[["id","timestamp",{"hands":[["id","type","direction","palmNormal","palmPosition","palmVelocity","stabilizedPalmPosition","pinchStrength","grabStrength","confidence","armBasis","armWidth","elbow","wrist"]]},{"pointables":[["id","direction","handId","length","stabilizedTipPosition","tipPosition","tipVelocity","tool","carpPosition","mcpPosition","pipPosition","dipPosition","btipPosition","bases","type"]]},{"interactionBox":["center","size"]}],[3778298,1818152658525,[[797,"right",[-0.406831,0.739621,-0.536142],[-0.753447,-0.603541,-0.260876],[27.7421,118.863,20.1224],[105.301,-36.5522,11.0281],[27.7052,118.87,20.114],0,0.829051,0.295612,[[0.561291,-0.329747,-0.759091],[0.550591,0.83356,0.0450248],[0.617901,-0.443221,0.649426]],58.9458,[209.052,-28.4753,204.494],[54.7184,82.2281,42.2864]]],[[7970,[-0.817026,0.267243,-0.510929],797,48.2116,[-42.8807,106.377,13.7295],[-42.1329,107.096,14.3634],[68.695,53.9912,71.4708],false,[34.8566,81.7111,62.5489],[34.8566,81.7111,62.5489],[-2.88979,94.0713,38.9946],[-28.6596,102.5,22.8794],[-46.4078,108.35,11.9474],[[[0.802369,0.564305,-0.194331],[0.0800207,0.220949,0.971997],[0.59144,-0.79545,0.132127]],[[0.431151,0.871515,-0.233603],[-0.382015,0.410873,0.827797],[0.817419,-0.267665,0.51008]],[[0.431151,0.871515,-0.233603],[-0.382854,0.411148,0.827273],[0.817026,-0.267243,0.510929]],[[0.431151,0.871515,-0.233603],[-0.376941,0.409206,0.830942],[0.819771,-0.270207,0.50494]]],0],[7971,[-0.769867,0.0769194,-0.633552],797,54.4014,[-29.1414,169.496,-13.3399],[-28.0295,170.938,-13.4056],[151.135,204.81,-50.5839],false,[48.312,97.7274,55.9708],[7.87546,144.073,26.8367],[-2.78727,175.128,4.44345],[-20.0011,176.848,-9.72242],[-31.6788,167.315,-14.4738],[[[0.440893,-0.16941,-0.881427],[0.672753,0.71244,0.199582],[0.594153,-0.680977,0.428081]],[[0.577828,-0.337461,-0.743125],[0.770802,0.524946,0.360965],[0.268289,-0.781378,0.563444]],[[0.577828,-0.337461,-0.743125],[0.27096,0.938192,-0.215354],[0.769867,-0.0769194,0.633552]],[[0.577828,-0.337461,-0.743125],[-0.346743,0.722755,-0.597825],[0.73884,0.603114,0.300616]]],1],[7972,[-0.886558,0.0155414,-0.462356],797,61.9861,[-30.3959,164.31,-27.1777],[-28.1062,166.993,-27.8283],[112.181,169.596,-49.6338],false,[54.0157,97.3115,46.1197],[19.8629,139.287,10.9467],[3.36709,172.371,-13.9834],[-19.9546,172.78,-26.146],[-33.3344,161.767,-27.5242],[[[0.39592,-0.37881,-0.836511],[0.750487,0.658419,0.0570432],[0.529166,-0.650375,0.544973]],[[0.41719,-0.405041,-0.813569],[0.830113,0.534237,0.1597],[0.369953,-0.741979,0.559108]],[[0.41719,-0.405041,-0.813569],[0.199917,0.914166,-0.352609],[0.886558,-0.0155414,0.462356]],[[0.41719,-0.405041,-0.813569],[-0.483289,0.65925,-0.576039],[0.769665,0.633506,0.0792805]]],2],[7973,[-0.894406,-0.0348444,-0.445897],797,59.6012,[-16.0766,147.49,-39.7275],[-14.2144,149.638,-40.5948],[63.5693,149.676,-87.4537],false,[58.7166,94.0696,36.2936],[32.7337,128.852,-2.08445],[17.5394,156.794,-28.4798],[-5.3811,155.901,-39.9065],[-18.8129,145.024,-39.7737],[[[0.411767,-0.518938,-0.7491],[0.793342,0.608604,0.014476],[0.448393,-0.600253,0.662299]],[[0.400908,-0.504412,-0.764749],[0.839125,0.537161,0.0855998],[0.367616,-0.676038,0.638617]],[[0.400908,-0.504412,-0.764749],[0.198268,0.86276,-0.465118],[0.894406,0.0348444,0.445897]],[[0.400908,-0.504412,-0.764749],[-0.48514,0.591218,-0.644282],[0.777117,0.629309,-0.00768592]]],3],[7974,[-0.932726,0.131058,-0.335925],797,46.7263,[3.84138,137.077,-36.9189],[5.6124,138.502,-37.3429],[71.6748,61.3709,-46.4974],false,[60.0659,85.0218,26.8248],[42.024,115.538,-13.4318],[31.5166,140.562,-31.6896],[14.6404,142.933,-37.7677],[0.855975,134.994,-36.6622],[[[0.324115,-0.678301,-0.659437],[0.884206,0.465043,-0.0437573],[0.336347,-0.568896,0.750485]],[[0.227152,-0.509959,-0.829665],[0.919355,0.393303,0.00996154],[0.32123,-0.765019,0.558173]],[[0.227152,-0.509959,-0.829665],[0.280043,0.850156,-0.445882],[0.932726,-0.131058,0.335925]],[[0.227152,-0.509959,-0.829665],[-0.448414,0.701481,-0.553941],[0.864481,0.497862,-0.0693299]]],4]],[[0,200,0],[235.247,235.247,147.751]]],[3778299,1818152668230,[[797,"right",[-0.40159,0.739789,-0.53985],[-0.761828,-0.597007,-0.251397],[28.3142,118.856,20.209],[91.7379,-26.0932,10.4115],[28.2704,118.857,20.2021],0,0.835097,0.311925,[[0.555904,-0.343923,-0.756761],[0.555931,0.830655,0.0308726],[0.61799,-0.437869,0.652962]],58.9458,[209.36,-27.269,205.607],[55.0039,82.0977,42.5165]]],[[7970,[-0.817005,0.272052,-0.508419],797,48.2116,[-42.5292,106.869,14.2113],[-41.7298,107.821,14.9559],[60.8687,59.8709,68.2412],false,[35.2596,81.9749,62.8997],[35.2596,81.9749,62.8997],[-2.48001,94.5516,39.4493],[-28.2492,103.132,23.4133],[-46.0017,109.095,12.5496],[[[0.807565,0.553466,-0.203749],[0.0883697,0.228016,0.969639],[0.583121,-0.801052,0.135228]],[[0.439389,0.864698,-0.243383],[-0.372833,0.422045,0.826362],[0.817272,-0.272353,0.507829]],[[0.439389,0.864698,-0.243383],[-0.373416,0.422239,0.825999],[0.817005,-0.272052,0.508419]],[[0.439389,0.864698,-0.243383],[-0.366857,0.420046,0.830047],[0.819971,-0.275427,0.501784]]],0],[7971,[-0.773169,0.0753001,-0.629714],797,54.4014,[-28.1677,169.606,-13.3921],[-27.109,171.034,-13.4283],[136.551,148.402,-36.3744],false,[48.8568,97.7815,56.1094],[8.77677,144.345,26.831],[-1.66185,175.279,4.16706],[-18.9495,176.963,-9.913],[-30.7163,167.432,-14.4423],[[[0.433632,-0.181697,-0.882581],[0.682014,0.706314,0.189679],[0.588915,-0.684183,0.4302]],[[0.570413,-0.351423,-0.742382],[0.778231,0.520268,0.351678],[0.26265,-0.778346,0.570256]],[[0.570413,-0.351423,-0.742382],[0.277198,0.933184,-0.228757],[0.773169,-0.0753001,0.629714]],[[0.570413,-0.351423,-0.742382],[-0.346967,0.716146,-0.605598],[0.744475,0.603023,0.286567]]],1],[7972,[-0.889191,0.0220792,-0.457003],797,61.9861,[-29.6078,164.532,-27.1373],[-27.3237,167.169,-27.7784],[103.705,128.309,-32.756],false,[54.4962,97.2192,46.2285],[20.6133,139.292,10.9108],[4.34473,172.368,-14.1793],[-19.0462,172.948,-26.2011],[-32.557,162.076,-27.4063],[[[0.386547,-0.390192,-0.835663],[0.75827,0.650235,0.0471368],[0.524985,-0.651878,0.547217]],[[0.407443,-0.416212,-0.812871],[0.83718,0.525847,0.15038],[0.364856,-0.74179,0.562697]],[[0.407443,-0.416212,-0.812871],[0.208157,0.909,-0.361096],[0.889191,-0.0220792,0.457003]],[[0.407443,-0.416212,-0.812871],[-0.479537,0.660006,-0.578304],[0.777197,0.625427,0.0693257]]],2],[7973,[-0.89766,-0.0270755,-0.439856],797,59.6012,[-15.5043,147.569,-39.6618],[-13.7058,149.551,-40.4175],[62.9286,108.746,-56.27],false,[59.1007,93.8429,36.4021],[33.2858,128.603,-2.10917],[18.3044,156.58,-28.5895],[-4.69947,155.886,-39.8614],[-18.2429,145.152,-39.5461],[[[0.401321,-0.529768,-0.747187],[0.800298,0.599584,0.00473206],[0.445494,-0.599871,0.664597]],[[0.389825,-0.514292,-0.763898],[0.846556,0.526636,0.0774499],[0.362464,-0.676874,0.640672]],[[0.389825,-0.514292,-0.763898],[0.205532,0.857188,-0.472214],[0.89766,0.0270755,0.439856]],[[0.389825,-0.514292,-0.763898],[-0.483784,0.591461,-0.645079],[0.783575,0.62103,-0.01824]]],3],[7974,[-0.933477,0.138899,-0.330649],797,46.7263,[4.21518,136.781,-36.8355],[5.9851,138.214,-37.2402],[62.7543,37.2175,-29.0338],false,[60.29,84.7026,27.0009],[42.3555,115.091,-13.4003],[31.9908,140.089,-31.7733],[15.1011,142.603,-37.7559],[1.2375,134.826,-36.4995],[[[0.312398,-0.687373,-0.655687],[0.889169,0.454518,-0.0528434],[0.334345,-0.566508,0.753181]],[[0.215897,-0.518546,-0.827344],[0.923572,0.383425,0.00069219],[0.316866,-0.764261,0.561695]],[[0.215897,-0.518546,-0.827344],[0.286374,0.843692,-0.454063],[0.933477,-0.138899,0.330649]],[[0.215897,-0.518546,-0.827344],[-0.444363,0.702317,-0.556141],[0.869442,0.48771,-0.0787946]]],4]],[[0,200,0],[235.247,235.247,147.751]]],[3778300,1818152677941,[[797,"right",[-0.388897,0.740704,-0.54783],[-0.77591,-0.583935,-0.238712],[28.9357,118.742,20.6638],[83.6171,-21.8846,21.0736],[28.8845,118.751,20.6282],0,0.840919,0.322649,[[0.544093,-0.365142,-0.755403],[0.565036,0.825026,0.00818125],[0.62024,-0.431281,0.655209]],58.9458,[209.884,-25.9899,206.982],[54.9661,81.7314,43.33]]],[[7970,[-0.81377,0.281892,-0.508248],797,48.2116,[-42.1779,107.624,14.8465],[-41.3562,109.112,15.9377],[54.6374,81.0258,77.2791],false,[35.3458,82.3144,63.8247],[35.3458,82.3144,63.8247],[-2.2455,95.3479,40.3857],[-27.9126,104.239,24.355],[-45.603,110.431,13.5183],[[[0.817984,0.533133,-0.216035],[0.0990196,0.239452,0.965846],[0.566654,-0.811438,0.143077]],[[0.456125,0.85172,-0.257921],[-0.359522,0.441485,0.822092],[0.81406,-0.282248,0.507585]],[[0.456125,0.85172,-0.257921],[-0.360179,0.441712,0.821682],[0.81377,-0.281892,0.508248]],[[0.456125,0.85172,-0.257921],[-0.352553,0.439057,0.826399],[0.817102,-0.286011,0.500541]]],0],[7971,[-0.775817,0.0765031,-0.626303],797,54.4014,[-26.7102,169.874,-13.3811],[-25.6397,171.307,-13.4056],[142.135,113.671,-25.0894],false,[49.2372,97.73,56.7374],[9.98776,144.734,27.0404],[0.0442958,175.473,3.89336],[-17.3026,177.184,-10.1104],[-29.2455,167.742,-14.3559],[[[0.424364,-0.20315,-0.882409],[0.698084,0.694066,0.17593],[0.576709,-0.690654,0.436353]],[[0.559498,-0.375437,-0.738924],[0.790169,0.51073,0.338805],[0.250191,-0.773435,0.582411]],[[0.559498,-0.375437,-0.738924],[0.291667,0.923685,-0.248467],[0.775817,-0.0765031,0.626303]],[[0.559498,-0.375437,-0.738924],[-0.340587,0.708633,-0.617932],[0.755621,0.5974,0.26861]]],1],[7972,[-0.891905,0.0326854,-0.451039],797,61.9861,[-28.3569,164.872,-26.9386],[-26.0606,167.381,-27.5949],[112.909,101.452,-16.3706],false,[54.804,96.9102,46.8336],[21.6181,139.208,11.1252],[5.8828,172.269,-14.3214],[-17.5795,173.129,-26.1864],[-31.2907,162.483,-27.1179],[[[0.373112,-0.409917,-0.832319],[0.77227,0.634397,0.0337528],[0.514185,-0.655369,0.553268]],[[0.393397,-0.435824,-0.809503],[0.848942,0.51018,0.13789],[0.352897,-0.741467,0.570693]],[[0.393397,-0.435824,-0.809503],[0.223033,0.899438,-0.375856],[0.891905,-0.0326854,0.451039]],[[0.393397,-0.435824,-0.809503],[-0.472393,0.659555,-0.584665],[0.788723,0.612409,0.0535863]]],2],[7973,[-0.90127,-0.0143233,-0.433021],797,59.6012,[-14.6916,147.6,-39.3705],[-12.8376,149.408,-40.0367],[71.9163,76.8248,-27.2035],false,[59.2765,93.3003,37.0292],[33.9811,128.071,-1.81609],[19.4571,156.048,-28.5502],[-3.63928,155.681,-39.6469],[-17.3787,145.21,-39.0677],[[[0.385426,-0.548542,-0.74199],[0.812951,0.582274,-0.0081791],[0.436528,-0.600049,0.670361]],[[0.37351,-0.532155,-0.759804],[0.858493,0.508585,0.0658195],[0.351398,-0.67687,0.646812]],[[0.37351,-0.532155,-0.759804],[0.219551,0.846526,-0.484965],[0.90127,0.0143233,0.433021]],[[0.37351,-0.532155,-0.759804],[-0.478118,0.591463,-0.649288],[0.794918,0.605791,-0.0335152]]],3],[7974,[-0.933146,0.152875,-0.325373],797,46.7263,[4.75558,136.367,-36.5065],[6.5531,137.667,-36.8416],[62.0907,12.9144,-7.30277],false,[60.2138,84.0075,27.7498],[42.6921,114.212,-12.9689],[32.6782,139.17,-31.5907],[15.7945,141.936,-37.4778],[1.79323,134.448,-36.0125],[[[0.293702,-0.702922,-0.647796],[0.898354,0.434552,-0.0642288],[0.326649,-0.563086,0.759101]],[[0.199249,-0.533413,-0.822053],[0.930901,0.365097,-0.0112719],[0.306141,-0.763004,0.5693]],[[0.199249,-0.533413,-0.822053],[0.29923,0.831925,-0.467292],[0.933146,-0.152875,0.325373]],[[0.199249,-0.533413,-0.822053],[-0.435065,0.703515,-0.561948],[0.878077,0.469614,-0.0918946]]],4]],[[0,200,0],[235.247,235.247,147.751]]],[3778301,1818152688084,[[797,"right",[-0.378212,0.737439,-0.559588],[-0.789216,-0.572802,-0.22144],[29.5062,118.802,20.7916],[75.3099,-13.4341,18.5028],[29.4609,118.798,20.7797],0,0.8485,0.33533,[[0.529446,-0.389271,-0.753761],[0.577411,0.816297,-0.0159904],[0.621517,-0.426764,0.656955]],58.9458,[210.202,-24.8635,208.086],[54.9653,81.7295,43.9986]]],[[7970,[-0.811137,0.28697,-0.509612],797,48.2116,[-41.7972,108.605,15.5322],[-40.9797,110.441,16.7001],[50.0538,95.6348,75.2845],false,[35.5179,83.1105,64.6195],[35.5179,83.1105,64.6195],[-1.96433,96.3969,41.1478],[-27.5484,105.448,25.0741],[-45.191,111.771,14.2349],[[[0.826787,0.512216,-0.232503],[0.111167,0.256392,0.960159],[0.55142,-0.819694,0.15504]],[[0.470904,0.83721,-0.278082],[-0.345536,0.465075,0.815052],[0.811698,-0.287724,0.508292]],[[0.470904,0.83721,-0.278082],[-0.346851,0.465541,0.814228],[0.811137,-0.28697,0.509612]],[[0.470904,0.83721,-0.278082],[-0.337934,0.462366,0.819767],[0.814893,-0.292059,0.500651]]],0],[7971,[-0.780445,0.0700742,-0.621285],797,54.4014,[-25.3911,169.92,-13.8408],[-24.4,171.332,-13.9311],[137.048,79.5198,-32.9917],false,[49.6596,98.1011,57.127],[11.1303,145.291,26.7884],[1.53318,175.615,2.95768],[-15.9172,177.182,-10.9339],[-28.0078,167.758,-14.7834],[[[0.41346,-0.228987,-0.881258],[0.713126,0.683217,0.15705],[0.566128,-0.693383,0.44578]],[[0.547584,-0.402989,-0.733316],[0.80115,0.505417,0.320488],[0.241478,-0.76299,0.599613]],[[0.547584,-0.402989,-0.733316],[0.301758,0.912518,-0.276139],[0.780445,-0.0700742,0.621285]],[[0.547584,-0.402989,-0.733316],[-0.33909,0.694325,-0.634768],[0.764964,0.596249,0.243552]]],1],[7972,[-0.895158,0.0397367,-0.443974],797,61.9861,[-27.1806,165.064,-27.1635],[-24.9937,167.398,-27.9393],[112.265,75.4248,-20.1342],false,[55.133,96.9745,47.2012],[22.526,139.22,10.9021],[7.23311,172.078,-15.0716],[-16.3148,173.124,-26.7507],[-30.2091,162.692,-27.3283],[[[0.358475,-0.433654,-0.826704],[0.785017,0.61928,0.015551],[0.505217,-0.654551,0.562422]],[[0.378242,-0.459288,-0.803734],[0.859827,0.49599,0.12121],[0.342974,-0.736918,0.582512]],[[0.378242,-0.459288,-0.803734],[0.23585,0.887398,-0.396105],[0.895158,-0.0397367,0.443974]],[[0.378242,-0.459288,-0.803734],[-0.467036,0.654957,-0.594061],[0.799256,0.600071,0.0332286]]],2],[7973,[-0.905307,-0.0015044,-0.424754],797,59.6012,[-13.853,147.605,-39.2086],[-12.1862,149.116,-40.0082],[72.7182,53.1554,-16.9198],false,[59.4574,93.083,37.4382],[34.5647,127.584,-1.90499],[20.4655,155.491,-28.9369],[-2.73431,155.452,-39.8219],[-16.6669,145.263,-38.9275],[[[0.36871,-0.570692,-0.733733],[0.824327,0.565533,-0.0256322],[0.429578,-0.595385,0.678955]],[[0.355019,-0.551686,-0.754721],[0.870401,0.489641,0.0515167],[0.341121,-0.6752,0.65402]],[[0.355019,-0.551686,-0.754721],[0.233196,0.834051,-0.499979],[0.905307,0.0015044,0.424754]],[[0.355019,-0.551686,-0.754721],[-0.473474,0.590004,-0.654001],[0.806092,0.589523,-0.0517462]]],3],[7974,[-0.933631,0.162812,-0.3191],797,46.7263,[5.24409,135.732,-36.3307],[6.92823,136.899,-36.8109],[55.5337,-11.1109,-2.58069],false,[60.138,83.5922,28.3386],[42.9118,113.335,-12.8435],[33.1774,138.117,-31.8445],[16.2849,141.063,-37.6181],[2.18011,133.836,-35.8619],[[[0.274646,-0.721311,-0.635831],[0.906332,0.415048,-0.0793569],[0.321141,-0.554479,0.767738]],[[0.181727,-0.552383,-0.813541],[0.937237,0.34767,-0.0267051],[0.297595,-0.757627,0.580894]],[[0.181727,-0.552383,-0.813541],[0.30872,0.817536,-0.486134],[0.933631,-0.162812,0.3191]],[[0.181727,-0.552383,-0.813541],[-0.429549,0.699619,-0.570983],[0.884569,0.453219,-0.110136]]],4]],[[0,200,0],[235.247,235.247,147.751]]],[3778302,1818152697378,[[797,"right",[-0.371605,0.73475,-0.567497],[-0.797446,-0.565617,-0.210137],[29.8864,118.814,20.8434],[65.6017,-9.29168,14.8537],[29.8469,118.812,20.8375],0,0.851678,0.359158,[[0.519811,-0.404827,-0.752271],[0.585156,0.8103,-0.0317191],[0.622406,-0.423708,0.65809]],58.9458,[210.447,-24.0998,208.79],[54.9886,81.7299,44.4181]]],[[7970,[-0.808097,0.287804,-0.513953],797,48.2116,[-41.4267,109.435,16.0116],[-40.6447,111.155,16.992],[47.8526,88.5598,59.2522],false,[35.6609,83.6283,65.1102],[35.6609,83.6283,65.1102],[-1.71363,97.0014,41.5163],[-27.2018,106.079,25.3057],[-44.7845,112.435,14.3886],[[[0.832038,0.498595,-0.243137],[0.119067,0.267568,0.956154],[0.541789,-0.824506,0.163261]],[[0.479998,0.827482,-0.291334],[-0.338421,0.481044,0.808745],[0.809366,-0.289602,0.510937]],[[0.479998,0.827482,-0.291334],[-0.34144,0.482122,0.806831],[0.808097,-0.287804,0.513953]],[[0.479998,0.827482,-0.291334],[-0.331739,0.478641,0.812928],[0.812128,-0.293557,0.504255]]],0],[7971,[-0.782729,0.0682707,-0.618607],797,54.4014,[-24.4931,169.981,-14.2347],[-23.5679,171.361,-14.3331],[124.891,59.0718,-35.7626],false,[49.9539,98.3386,57.3539],[11.8754,145.61,26.576],[2.54164,175.682,2.32479],[-14.9597,177.208,-11.5069],[-27.1596,167.835,-15.129],[[[0.406242,-0.245778,-0.880091],[0.722442,0.676131,0.144653],[0.559505,-0.694579,0.452233]],[[0.539672,-0.420615,-0.729272],[0.808455,0.500574,0.309558],[0.23485,-0.756643,0.610194]],[[0.539672,-0.420615,-0.729272],[0.309983,0.904667,-0.292383],[0.782729,-0.0682707,0.618607]],[[0.539672,-0.420615,-0.729272],[-0.336094,0.686581,-0.644707],[0.771878,0.593034,0.229163]]],1],[7972,[-0.903926,0.0260572,-0.426895],797,61.9861,[-26.8524,164.369,-26.777],[-24.855,166.491,-27.6453],[86.9788,29.0553,0.0217427],false,[55.3642,97.0123,47.4182],[23.116,139.186,10.7179],[7.56979,171.761,-15.4621],[-16.2087,172.446,-26.6919],[-29.9674,161.821,-26.7267],[[[0.348947,-0.448998,-0.82258],[0.79283,0.609432,0.00367398],[0.499657,-0.653447,0.568638]],[[0.365618,-0.470803,-0.802912],[0.862996,0.494609,0.102954],[0.348656,-0.730552,0.587139]],[[0.365618,-0.470803,-0.802912],[0.221905,0.881853,-0.416044],[0.903926,-0.0260572,0.426895]],[[0.365618,-0.470803,-0.802912],[-0.489818,0.6362,-0.596094],[0.791456,0.611223,0.00199828]]],2],[7973,[-0.907298,0.00936568,-0.420384],797,59.6012,[-13.1697,147.682,-39.1487],[-11.7327,148.937,-39.9821],[70.7525,41.5298,-11.7679],false,[59.5916,92.9382,37.6873],[34.9446,127.231,-1.99082],[21.2259,155.173,-29.1827],[-2.02492,155.413,-39.9556],[-16.0852,145.419,-38.8714],[[[0.357906,-0.584919,-0.727855],[0.831258,0.554655,-0.0369799],[0.425339,-0.5918,0.684733]],[[0.342518,-0.563454,-0.751798],[0.878928,0.474871,0.0445345],[0.331914,-0.67603,0.657888]],[[0.342518,-0.563454,-0.751798],[0.243908,0.826094,-0.508013],[0.907298,-0.00936567,0.420384]],[[0.342518,-0.563454,-0.751798],[-0.470036,0.590086,-0.656403],[0.813479,0.578202,-0.0627284]]],3],[7974,[-0.935408,0.165381,-0.312506],797,46.7263,[5.51508,135.107,-36.1814],[7.06913,136.214,-36.7238],[45.6456,-26.8244,2.37463],false,[60.1081,83.3207,28.7107],[43.0579,112.735,-12.7792],[33.4141,137.372,-32.0132],[16.4894,140.365,-37.6675],[2.36631,133.238,-35.6663],[[[0.262428,-0.733033,-0.62753],[0.911096,0.402449,-0.0890969],[0.31786,-0.548359,0.773478]],[[0.170183,-0.564143,-0.807949],[0.940274,0.338275,-0.0381425],[0.294827,-0.753202,0.588017]],[[0.170183,-0.564143,-0.807949],[0.309918,0.808945,-0.499559],[0.935408,-0.165381,0.312506]],[[0.170183,-0.564143,-0.807949],[-0.431903,0.694257,-0.575732],[0.885719,0.446935,-0.125505]]],4]],[[0,200,0],[235.247,235.247,147.751]]],[3778303,1818152707127,[[797,"right",[-0.363864,0.73071,-0.577638],[-0.805824,-0.557984,-0.198246],[30.4007,118.761,20.809],[61.8282,-8.1466,9.45684],[30.3576,118.765,20.8112],0,0.856829,0.379586,[[0.509224,-0.421852,-0.750155],[0.593376,0.803432,-0.0490143],[0.623375,-0.420164,0.659443]],58.9458,[210.792,-23.2292,209.582],[55.0918,81.7155,44.8729]]],[[7970,[-0.804824,0.288284,-0.518798],797,48.2116,[-40.9648,110.29,16.3913],[-40.1849,111.865,17.1654],[48.8689,82.3886,44.4824],false,[35.8724,84.2008,65.6036],[35.8724,84.2008,65.6036],[-1.37013,97.6297,41.8334],[-26.7551,106.722,25.47],[-44.2683,113.098,14.453],[[[0.837738,0.483383,-0.254039],[0.1264,0.280926,0.951369],[0.531241,-0.829109,0.174243]],[[0.489746,0.816355,-0.306126],[-0.331201,0.498994,0.800819],[0.806508,-0.290809,0.514757]],[[0.489746,0.816355,-0.306126],[-0.335272,0.500457,0.798208],[0.804824,-0.288284,0.518798]],[[0.489746,0.816355,-0.306126],[-0.325271,0.496845,0.804577],[0.808918,-0.294464,0.508864]]],0],[7971,[-0.78513,0.0645703,-0.615956],797,54.4014,[-23.4599,169.909,-14.8201],[-22.5406,171.244,-14.9748],[119.99,38.9135,-43.8019],false,[50.3323,98.5922,57.5636],[12.7756,145.886,26.1848],[3.72782,175.646,1.44549],[-13.8273,177.089,-12.327],[-26.1279,167.749,-15.6834],[[[0.399448,-0.265068,-0.877599],[0.732063,0.668463,0.131305],[0.551838,-0.694907,0.461063]],[[0.5316,-0.440017,-0.723731],[0.815828,0.495668,0.297889],[0.227654,-0.748798,0.622475]],[[0.5316,-0.440017,-0.723731],[0.317763,0.895665,-0.311145],[0.78513,-0.0645703,0.615956]],[[0.5316,-0.440017,-0.723731],[-0.33425,0.676136,-0.656595],[0.778254,0.590953,0.212358]]],1],[7972,[-0.907765,0.0261496,-0.418664],797,61.9861,[-26.0968,164.036,-26.8981],[-24.1964,166.012,-27.8952],[85.3685,12.4579,-5.81633],false,[55.6854,97.0367,47.6302],[23.8665,139.062,10.3886],[8.49879,171.444,-16.1336],[-15.3807,172.132,-27.1469],[-29.1829,161.567,-26.8422],[[[0.33964,-0.466563,-0.816678],[0.800993,0.598608,-0.00886338],[0.493005,-0.651144,0.577025]],[[0.354418,-0.486073,-0.798825],[0.869254,0.48613,0.0898631],[0.344653,-0.726231,0.594814]],[[0.354418,-0.486073,-0.798825],[0.22439,0.873527,-0.431972],[0.907765,-0.0261496,0.418664]],[[0.354418,-0.486073,-0.798825],[-0.493981,0.628021,-0.601308],[0.793959,0.607719,-0.0175287]]],2],[7973,[-0.909682,0.0160795,-0.414994],797,59.6012,[-12.4061,147.498,-39.2142],[-11.0944,148.478,-40.1319],[71.9607,20.6344,-11.8643],false,[59.8194,92.7532,37.9492],[35.4829,126.749,-2.17356],[22.0896,154.584,-29.6355],[-1.2223,154.996,-40.2703],[-15.377,145.169,-38.9305],[[[0.347133,-0.601088,-0.719856],[0.83852,0.542682,-0.0487899],[0.41998,-0.586677,0.692407]],[[0.330352,-0.577557,-0.746522],[0.88649,0.461397,0.0353252],[0.324041,-0.673454,0.664422]],[[0.330352,-0.577557,-0.746522],[0.251686,0.816192,-0.520081],[0.909682,-0.0160795,0.414994]],[[0.330352,-0.577557,-0.746522],[-0.469251,0.585753,-0.66083],[0.818945,0.568613,-0.0775144]]],3],[7974,[-0.937052,0.16689,-0.306727],797,46.7263,[5.90609,134.263,-36.1243],[7.40813,135.304,-36.7551],[44.3811,-44.6917,2.23544],false,[60.1709,82.9896,29.1235],[43.3576,111.977,-12.7619],[33.8508,136.419,-32.3104],[16.8963,139.438,-37.8601],[2.76817,132.405,-35.5847],[[[0.250056,-0.746298,-0.616856],[0.916092,0.388607,-0.0987943],[0.313444,-0.540392,0.780851]],[[0.158971,-0.578202,-0.800257],[0.943534,0.327592,-0.0492582],[0.290639,-0.747239,0.597631]],[[0.158971,-0.578202,-0.800257],[0.310905,0.798643,-0.515274],[0.937052,-0.16689,0.306727]],[[0.158971,-0.578202,-0.800257],[-0.435507,0.686373,-0.582432],[0.886037,0.441107,-0.142697]]],4]],[[0,200,0],[235.247,235.247,147.751]]],[3778304,1818152716868,[[797,"right",[-0.355135,0.727338,-0.587246],[-0.813964,-0.549524,-0.188375],[31.0353,118.636,21.1222],[62.8049,-9.52017,16.1182],[30.9788,118.647,21.0963],0,0.870362,0.397814,[[0.498963,-0.437421,-0.74813],[0.600167,0.797163,-0.0658104],[0.625168,-0.416166,0.66028]],58.9458,[211.419,-22.3462,210.578],[55.2704,81.5999,45.6595]]],[[7970,[-0.801303,0.290753,-0.522854],797,48.2116,[-40.4253,111.135,16.8188],[-39.6174,112.598,17.6448],[52.2051,79.6721,44.7903],false,[36.1387,84.6488,66.3961],[36.1387,84.6488,66.3961],[-0.943167,98.2011,42.4454],[-26.2171,107.372,25.954],[-43.6669,113.829,14.8844],[[[0.843723,0.468011,-0.262863],[0.132634,0.29275,0.946945],[0.520134,-0.833824,0.184926]],[[0.500212,0.805026,-0.318938],[-0.323937,0.515559,0.793261],[0.803027,-0.293483,0.518667]],[[0.500212,0.805026,-0.318938],[-0.328179,0.517104,0.790508],[0.801303,-0.290753,0.522854]],[[0.500212,0.805026,-0.318938],[-0.316484,0.512818,0.798032],[0.805994,-0.298247,0.511295]]],0],[7971,[-0.790003,0.0524265,-0.610858],797,54.4014,[-22.4242,169.419,-15.0362],[-21.4818,170.75,-15.1843],[116.243,10.6585,-35.7735],false,[50.7766,98.7213,58.1173],[13.8011,146.077,26.1479],[4.90018,175.433,0.877714],[-12.7639,176.605,-12.7807],[-25.0891,167.168,-15.7559],[[[0.393565,-0.283141,-0.874607],[0.741576,0.660045,0.120022],[0.543297,-0.695824,0.469741]],[[0.524325,-0.45863,-0.717455],[0.821538,0.494063,0.284563],[0.223959,-0.73862,0.635832]],[[0.524325,-0.45863,-0.717455],[0.317771,0.887079,-0.334831],[0.790003,-0.0524265,0.610858]],[[0.524325,-0.45863,-0.717455],[-0.342021,0.658176,-0.67069],[0.779811,0.597045,0.188237]]],1],[7972,[-0.910325,0.03057,-0.412763],797,61.9861,[-25.0318,163.936,-26.8077],[-23.2144,165.744,-27.847],[92.9696,6.67172,-0.68467],false,[56.083,96.9494,48.1951],[24.7573,138.874,10.4261],[9.70819,171.172,-16.3804],[-14.2387,171.976,-27.2384],[-28.1165,161.522,-26.6672],[[[0.331122,-0.482892,-0.810663],[0.809185,0.587238,-0.019285],[0.485364,-0.64959,0.585196]],[[0.343718,-0.499736,-0.795061],[0.876326,0.474978,0.0803022],[0.337507,-0.724334,0.60119]],[[0.343718,-0.499736,-0.795061],[0.230578,0.865638,-0.444415],[0.910325,-0.03057,0.412763]],[[0.343718,-0.499736,-0.795061],[-0.494534,0.623408,-0.605639],[0.798307,0.601353,-0.0328598]]],2],[7973,[-0.912549,0.0199088,-0.408483],797,59.6012,[-11.5464,147.091,-38.9912],[-10.2987,147.923,-39.8762],[76.3304,0.544941,1.19222],false,[60.1333,92.4705,38.5672],[36.1709,126.223,-1.98425],[23.048,153.931,-29.7041],[-0.337403,154.441,-40.172],[-14.5427,144.73,-38.5472],[[[0.33699,-0.616106,-0.711934],[0.845834,0.53023,-0.0584893],[0.413525,-0.582468,0.699806]],[[0.318942,-0.590555,-0.741297],[0.893012,0.449263,0.0263115],[0.317499,-0.670379,0.670662]],[[0.318942,-0.590555,-0.741297],[0.25599,0.806752,-0.53256],[0.912549,-0.0199088,0.408483]],[[0.318942,-0.590555,-0.741297],[-0.472027,0.579265,-0.664562],[0.821868,0.561869,-0.0940058]]],3],[7974,[-0.937429,0.171119,-0.303224],797,46.7263,[6.51306,133.461,-35.8551],[7.99605,134.479,-36.4689],[50.8862,-54.58,11.2424],false,[60.3277,82.5776,29.882],[43.8139,111.192,-12.3772],[34.5263,135.48,-32.2215],[17.5651,138.576,-37.7078],[3.41025,131.671,-35.2137],[[[0.238166,-0.758463,-0.606638],[0.92114,0.374391,-0.106452],[0.30786,-0.533446,0.787818]],[[0.148581,-0.591003,-0.792868],[0.947261,0.315265,-0.0574837],[0.283936,-0.742512,0.606676]],[[0.148581,-0.591003,-0.792868],[0.31488,0.788311,-0.528598],[0.937429,-0.171119,0.303224]],[[0.148581,-0.591003,-0.792868],[-0.435772,0.680595,-0.588977],[0.887709,0.43302,-0.156419]]],4]],[[0,200,0],[235.247,235.247,147.751]]],[3778305,1818152726590,[[797,"right",[-0.352252,0.721231,-0.596444],[-0.819433,-0.545563,-0.175758],[31.4007,118.572,21.0789],[55.4147,-8.66222,10.09],[31.3665,118.578,21.0803],0,0.880791,0.412115,[[0.489618,-0.451813,-0.745748],[0.607247,0.790454,-0.0802122],[0.62572,-0.41358,0.661382]],58.9458,[211.747,-21.5859,211.247],[55.4604,81.7141,46.0535]]],[[7970,[-0.800944,0.288231,-0.524797],797,48.2116,[-39.9389,111.811,17.1953],[-39.2793,112.985,17.9494],[47.7487,67.2572,39.6249],false,[36.4642,85.2369,66.8396],[36.4642,85.2369,66.8396],[-0.600352,98.6781,42.7996],[-25.8629,107.769,26.247],[-43.3056,114.181,15.1399],[[[0.846135,0.456945,-0.27433],[0.140038,0.306026,0.941667],[0.514242,-0.835194,0.19495]],[[0.505111,0.795902,-0.333771],[-0.317193,0.530863,0.785859],[0.802653,-0.291076,0.520599]],[[0.505111,0.795902,-0.333771],[-0.321483,0.532413,0.783062],[0.800944,-0.288231,0.524797]],[[0.505111,0.795902,-0.333771],[-0.309471,0.528043,0.790821],[0.805662,-0.29616,0.513029]]],0],[7971,[-0.795703,0.0396567,-0.604388],797,54.4014,[-21.8881,168.814,-15.425],[-21.0358,170.118,-15.6565],[96.2814,-11.7478,-38.1642],false,[51.1731,99.0599,58.2714],[14.4192,146.228,25.7739],[5.50141,175.155,0.0195964],[-12.2901,176.042,-13.4942],[-24.6231,166.506,-16.0975],[[[0.386597,-0.299679,-0.872201],[0.747594,0.655627,0.106099],[0.540043,-0.69307,0.477501]],[[0.517282,-0.474594,-0.712165],[0.825876,0.495003,0.270001],[0.224383,-0.727827,0.648013]],[[0.517282,-0.474594,-0.712165],[0.315081,0.879311,-0.357122],[0.795703,-0.0396567,0.604388]],[[0.517282,-0.474594,-0.712165],[-0.351499,0.640903,-0.682416],[0.7803,0.603327,0.164708]]],1],[7972,[-0.912716,0.0337562,-0.407198],797,61.9861,[-24.3882,163.78,-27.0435],[-22.7784,165.352,-28.1306],[83.6466,-0.108704,-8.50685],false,[56.4124,97.0932,48.3501],[25.2326,138.696,10.1076],[10.4109,170.854,-16.9921],[-13.5989,171.742,-27.7037],[-27.5354,161.384,-26.8739],[[[0.322856,-0.497908,-0.804892],[0.813865,0.580149,-0.0324265],[0.483103,-0.644605,0.592534]],[[0.33393,-0.512667,-0.790989],[0.882041,0.465881,0.0704157],[0.332407,-0.721199,0.607765]],[[0.33393,-0.512667,-0.790989],[0.235457,0.857924,-0.456647],[0.912716,-0.0337562,0.407198]],[[0.33393,-0.512667,-0.790989],[-0.495772,0.618185,-0.609965],[0.801686,0.595836,-0.0477353]]],2],[7973,[-0.916283,0.0193026,-0.400066],797,59.6012,[-11.0995,146.48,-38.9092],[-10.0769,147.182,-39.8924],[62.8838,-19.1182,1.86007],false,[60.3747,92.4348,38.771],[36.4761,125.763,-2.16691],[23.4356,153.259,-30.1356],[-0.0455038,153.754,-40.3878],[-14.2455,144.094,-38.4389],[[[0.328152,-0.629648,-0.704173],[0.849837,0.522249,-0.0709443],[0.412423,-0.575152,0.706475]],[[0.308712,-0.602354,-0.736116],[0.897303,0.441149,0.0153241],[0.315507,-0.665249,0.676682]],[[0.308712,-0.602354,-0.736116],[0.25519,0.797996,-0.545968],[0.916283,-0.0193026,0.400066]],[[0.308712,-0.602354,-0.736116],[-0.479302,0.569956,-0.667398],[0.821563,0.558856,-0.112757]]],3],[7974,[-0.941502,0.164663,-0.294041],797,46.7263,[6.6591,132.399,-35.688],[7.96377,133.373,-36.3835],[36.7567,-71.6788,12.0687],false,[60.442,82.4095,30.237],[43.9404,110.513,-12.3684],[34.5665,134.519,-32.5126],[17.5316,137.498,-37.8328],[3.45393,130.567,-34.9988],[[[0.228721,-0.769561,-0.596207],[0.923607,0.365079,-0.116909],[0.307631,-0.523921,0.794273]],[[0.139427,-0.604013,-0.784684],[0.947858,0.310737,-0.0707702],[0.286576,-0.733901,0.615843]],[[0.139427,-0.604013,-0.784684],[0.306812,0.779778,-0.545721],[0.941502,-0.164663,0.294041]],[[0.139427,-0.604013,-0.784684],[-0.448443,0.667993,-0.593872],[0.88287,0.434688,-0.17773]]],4]],[[0,200,0],[235.247,235.247,147.751]]],[3778306,1818152736466,[[797,"right",[-0.351336,0.718084,-0.600764],[-0.821918,-0.543841,-0.169375],[31.5074,118.573,20.9997],[42.1698,-6.06691,4.71101],[31.4975,118.573,21.0054],0,0.885628,0.419014,[[0.485375,-0.458865,-0.744214],[0.610354,0.787297,-0.0873576],[0.626003,-0.411833,0.662205]],58.9458,[211.861,-21.0509,211.577],[55.5043,81.8128,46.1779]]],[[7970,[-0.800833,0.286411,-0.525961],797,48.2116,[-39.5912,112.295,17.4512],[-39.1748,113.166,18.0363],[37.1617,52.397,29.7699],false,[36.581,85.5588,66.9914],[36.581,85.5588,66.9914],[-0.482393,98.9259,42.9084],[-25.7415,107.96,26.319],[-43.1868,114.345,15.2008],[[[0.847002,0.451799,-0.280119],[0.143861,0.31247,0.938971],[0.511754,-0.835608,0.199666]],[[0.5071,0.79152,-0.341094],[-0.314066,0.53824,0.782087],[0.802628,-0.28947,0.521531]],[[0.5071,0.79152,-0.341094],[-0.318616,0.539874,0.779115],[0.800833,-0.286411,0.525961]],[[0.5071,0.79152,-0.341094],[-0.305877,0.535265,0.787357],[0.805785,-0.294935,0.513541]]],0],[7971,[-0.798449,0.0347647,-0.601057],797,54.4014,[-21.6753,168.541,-15.6719],[-20.9095,169.859,-15.9114],[72.4512,-14.8043,-33.6784],false,[51.3155,99.264,58.2792],[14.6403,146.325,25.5379],[5.72677,175.074,-0.41574],[-12.1261,175.852,-13.8551],[-24.4666,166.28,-16.2854],[[[0.382991,-0.307538,-0.871055],[0.75028,0.65365,0.0991078],[0.538886,-0.691493,0.481082]],[[0.513531,-0.481789,-0.710046],[0.828242,0.494598,0.263415],[0.224277,-0.723361,0.65303]],[[0.513531,-0.481789,-0.710046],[0.314267,0.875597,-0.366831],[0.798449,-0.0347647,0.601057]],[[0.513531,-0.481789,-0.710046],[-0.35592,0.633348,-0.687162],[0.780773,0.605599,0.153766]]],1],[7972,[-0.91284,0.0417839,-0.406174],797,61.9861,[-23.863,164.105,-27.196],[-22.575,165.334,-28.1953],[74.1118,10.8699,-10.2921],false,[56.519,97.2048,48.3579],[25.3811,138.638,9.89713],[10.9613,170.949,-17.2369],[-13.0518,172.048,-27.9216],[-27.0379,161.765,-26.9951],[[[0.318722,-0.505029,-0.802098],[0.815877,0.576906,-0.0390433],[0.482453,-0.641969,0.595914]],[[0.328011,-0.517375,-0.7904],[0.887595,0.455217,0.0703736],[0.323394,-0.724638,0.608535]],[[0.328011,-0.517375,-0.7904],[0.24317,0.854738,-0.458575],[0.91284,-0.0417839,0.406174]],[[0.328011,-0.517375,-0.7904],[-0.495098,0.618426,-0.610268],[0.804541,0.5915,-0.0533001]]],2],[7973,[-0.918191,0.0201973,-0.395623],797,59.6012,[-10.89,146.195,-38.8707],[-10.0405,146.885,-39.8731],[48.2963,-18.9808,2.05957],false,[60.4368,92.4612,38.8023],[36.5421,125.573,-2.31319],[23.6075,153.043,-30.3568],[0.0775562,153.56,-40.4952],[-14.1059,143.913,-38.3744],[[[0.323828,-0.636039,-0.700421],[0.851527,0.518591,-0.0772334],[0.412356,-0.571417,0.709539]],[[0.303127,-0.607126,-0.734515],[0.900101,0.435531,0.011467],[0.312942,-0.664613,0.678496]],[[0.303127,-0.607126,-0.734515],[0.255028,0.794349,-0.551335],[0.918191,-0.0201973,0.395623]],[[0.303127,-0.607126,-0.734515],[-0.484479,0.565552,-0.667407],[0.820606,0.558166,-0.122705]]],3],[7974,[-0.944841,0.158002,-0.286899],797,46.7263,[6.58506,131.669,-35.5636],[7.77367,132.727,-36.293],[22.2042,-69.4468,11.8269],false,[60.443,82.3728,30.3426],[43.9214,110.221,-12.4226],[34.439,134.066,-32.706],[17.3437,136.925,-37.8969],[3.35283,129.915,-34.8353],[[[0.224199,-0.774784,-0.591139],[0.924591,0.360816,-0.122243],[0.308004,-0.519155,0.797253]],[[0.134965,-0.610305,-0.780585],[0.947495,0.309977,-0.0785336],[0.289893,-0.729001,0.620096]],[[0.134965,-0.610305,-0.780585],[0.29843,0.77625,-0.555316],[0.944841,-0.158002,0.286899]],[[0.134965,-0.610305,-0.780585],[-0.46034,0.658989,-0.594828],[0.877423,0.439615,-0.192007]]],4]],[[0,200,0],[235.247,235.247,147.751]]],[3778307,1818152745998,[[797,"right",[-0.351527,0.713897,-0.605624],[-0.823393,-0.543601,-0.162857],[31.6368,118.596,20.9177],[33.9261,-3.62344,0.874471],[31.6235,118.594,20.926],0,0.887604,0.429078,[[0.48156,-0.465335,-0.742673],[0.613594,0.784077,-0.0934136],[0.625781,-0.410715,0.663107]],58.9458,[211.931,-20.591,211.954],[55.6289,81.9936,46.3294]]],[[7970,[-0.801319,0.283239,-0.526938],797,48.2116,[-39.3347,112.604,17.6274],[-39.044,113.263,18.1254],[30.711,40.0205,23.4978],false,[36.767,85.9438,67.1609],[36.767,85.9438,67.1609],[-0.317079,99.1641,43.0287],[-25.5915,108.098,26.4086],[-43.0487,114.421,15.2732],[[[0.847131,0.447891,-0.285943],[0.1469,0.319748,0.936046],[0.510676,-0.834958,0.205073]],[[0.507783,0.787727,-0.348773],[-0.31181,0.545456,0.77798],[0.803076,-0.286294,0.522595]],[[0.507783,0.787727,-0.348773],[-0.316297,0.547049,0.775044],[0.801319,-0.283239,0.526938]],[[0.507783,0.787727,-0.348773],[-0.303293,0.542395,0.783467],[0.806331,-0.292051,0.514331]]],0],[7971,[-0.800199,0.0307737,-0.598944],797,54.4014,[-21.5286,168.346,-15.9568],[-20.7897,169.63,-16.247],[55.9462,-16.4205,-33.5801],false,[51.5049,99.5499,58.3003],[14.8345,146.416,25.2757],[5.92098,174.98,-0.881437],[-11.971,175.668,-14.2735],[-24.325,166.082,-16.5731],[[[0.380135,-0.315287,-0.869535],[0.751782,0.652977,0.0918924],[0.538814,-0.688633,0.485246]],[[0.510754,-0.488477,-0.707474],[0.829958,0.494822,0.257529],[0.224277,-0.718708,0.658148]],[[0.510754,-0.488477,-0.707474],[0.314342,0.872034,-0.375161],[0.800199,-0.0307737,0.598944]],[[0.510754,-0.488477,-0.707474],[-0.358046,0.627289,-0.691601],[0.781622,0.606546,0.145494]]],1],[7972,[-0.908558,0.06395,-0.412835],797,61.9861,[-22.8731,165.176,-27.5973],[-22.0529,165.78,-28.3769],[84.0996,42.2665,-20.1786],false,[56.6786,97.4007,48.3825],[25.5199,138.583,9.66961],[12.022,171.324,-17.4225],[-11.8784,173.006,-28.2825],[-26.042,162.962,-27.4393],[[[0.315668,-0.512091,-0.798822],[0.816873,0.574997,-0.0458046],[0.482776,-0.638077,0.599821]],[[0.32243,-0.521018,-0.790303],[0.896884,0.435145,0.0790375],[0.302717,-0.734295,0.607597]],[[0.32243,-0.521018,-0.790303],[0.265634,0.851147,-0.452756],[0.908558,-0.06395,0.412835]],[[0.32243,-0.521018,-0.790303],[-0.481894,0.62826,-0.610793],[0.81475,0.57778,-0.0485057]]],2],[7973,[-0.919528,0.0212568,-0.392449],797,59.6012,[-10.6888,146.008,-38.8927],[-9.97125,146.571,-39.8887],[40.2997,-18.405,0.405525],false,[60.5624,92.5727,38.8554],[36.6241,125.398,-2.46381],[23.8243,152.847,-30.5897],[0.260034,153.392,-40.6468],[-13.906,143.753,-38.3747],[[[0.320789,-0.642286,-0.696105],[0.852312,0.516307,-0.0836155],[0.413109,-0.566476,0.713054]],[[0.298578,-0.611549,-0.732707],[0.902745,0.430084,0.00890151],[0.309682,-0.664105,0.680486]],[[0.298578,-0.611549,-0.732707],[0.255577,0.790921,-0.555989],[0.919528,-0.0212568,0.392449]],[[0.298578,-0.611549,-0.732707],[-0.488989,0.561275,-0.667727],[0.819598,0.557655,-0.131457]]],3],[7974,[-0.947286,0.152768,-0.281621],797,46.7263,[6.55701,131.085,-35.4958],[7.67987,132.138,-36.2581],[15.2253,-66.2208,10.1366],false,[60.5273,82.4165,30.4773],[43.9477,109.951,-12.4682],[34.4072,133.652,-32.8931],[17.2676,136.416,-37.9885],[3.35066,129.346,-34.7341],[[[0.22118,-0.779954,-0.58545],[0.924957,0.358034,-0.12754],[0.309086,-0.513307,0.800613]],[[0.131467,-0.616245,-0.776504],[0.947442,0.308573,-0.0844803],[0.291669,-0.724585,0.624424]],[[0.131467,-0.616245,-0.776504],[0.292173,0.772595,-0.563677],[0.947286,-0.152768,0.281621]],[[0.131467,-0.616245,-0.776504],[-0.470054,0.650894,-0.596143],[0.872792,0.443372,-0.204097]]],4]],[[0,200,0],[235.247,235.247,147.751]]],[3778308,1818152755924,[[797,"right",[-0.348085,0.710429,-0.61166],[-0.832216,-0.534539,-0.147255],[31.8403,118.881,20.4772],[29.9232,6.01871,-12.6159],[31.8061,118.836,20.548],0,0.89039,0.44047,[[0.470598,-0.483636,-0.737993],[0.623451,0.774121,-0.109753],[0.624377,-0.408453,0.665823]],58.9458,[211.548,-19.7193,212.442],[55.5976,82.3003,46.1395]]],[[7970,[-0.802432,0.286305,-0.523577],797,48.2116,[-39.1233,113.321,17.848],[-38.909,114.411,18.3953],[25.7692,62.1674,24.1186],false,[37.0035,86.7834,67.1035],[37.0035,86.7834,67.1035],[-0.126989,100.147,43.1219],[-25.4365,109.177,26.6078],[-42.9127,115.572,15.5435],[[[0.850097,0.432526,-0.300427],[0.160698,0.330214,0.930126],[0.501509,-0.838976,0.211208]],[[0.514691,0.776064,-0.364442],[-0.297568,0.560337,0.772966],[0.804081,-0.289392,0.519333]],[[0.514691,0.776064,-0.364442],[-0.301987,0.56192,0.770097],[0.802432,-0.286305,0.523577]],[[0.514691,0.776064,-0.364442],[-0.288968,0.557215,0.778465],[0.807211,-0.295357,0.511052]]],0],[7971,[-0.805869,0.0331565,-0.591165],797,54.4014,[-21.1007,168.659,-16.4106],[-20.2671,170.068,-16.8201],[55.8241,3.34861,-39.9373],false,[51.8313,100.069,57.9129],[15.4574,146.982,24.6271],[6.7047,175.333,-1.81445],[-11.3141,176.074,-15.0326],[-23.8053,166.604,-17.0541],[[[0.367,-0.331995,-0.868959],[0.761358,0.643916,0.07554],[0.534458,-0.689312,0.489084]],[[0.496986,-0.50483,-0.705799],[0.839347,0.486086,0.243346],[0.220231,-0.713349,0.665305]],[[0.496986,-0.50483,-0.705799],[0.32184,0.862582,-0.390348],[0.805869,-0.0331565,0.591165]],[[0.496986,-0.50483,-0.705799],[-0.358356,0.621362,-0.696771],[0.790307,0.599213,0.127899]]],1],[7972,[-0.911814,0.0726198,-0.40413],797,61.9861,[-22.334,165.738,-28.0076],[-21.6805,166.174,-28.7674],[74.0802,45.238,-26.5711],false,[56.8744,97.7178,47.9738],[25.8773,138.796,9.0221],[12.6896,171.476,-18.2967],[-11.2964,173.386,-28.9276],[-25.5649,163.522,-27.7831],[[[0.300627,-0.526947,-0.794953],[0.823992,0.563228,-0.061736],[0.480272,-0.636476,0.603521]],[[0.306463,-0.534672,-0.787532],[0.904768,0.420685,0.0664736],[0.295761,-0.732905,0.612679]],[[0.306463,-0.534672,-0.787532],[0.273268,0.841934,-0.465266],[0.911814,-0.0726197,0.40413]],[[0.306463,-0.534672,-0.787532],[-0.482073,0.626216,-0.612747],[0.820784,0.567432,-0.0658386]]],2],[7973,[-0.917835,0.0533885,-0.393356],797,59.6012,[-9.87226,147.29,-39.3194],[-9.46823,147.494,-40.1285],[55.9021,33.5267,-14.6535],false,[60.596,92.7108,38.4743],[36.6798,125.302,-3.0427],[24.8948,153.265,-31.1051],[1.37392,154.633,-41.1854],[-13.0446,145.39,-38.8596],[[[0.305049,-0.655815,-0.690545],[0.858255,0.503565,-0.0991036],[0.412727,-0.562432,0.716468]],[[0.278585,-0.61928,-0.734087],[0.917111,0.398455,0.011903],[0.285129,-0.676555,0.678951]],[[0.278585,-0.61928,-0.734087],[0.282789,0.783353,-0.553523],[0.917835,-0.0533885,0.393356]],[[0.278585,-0.61928,-0.734087],[-0.475908,0.574893,-0.665589],[0.834208,0.534781,-0.134564]]],3],[7974,[-0.949637,0.157705,-0.270773],797,46.7263,[6.37838,130.758,-35.6557],[7.40693,131.809,-36.4903],[4.36736,-54.9489,0.917234],false,[60.3395,82.4449,30.2349],[43.6936,109.624,-12.9104],[34.2312,133.175,-33.5442],[17.0491,136.029,-38.4434],[3.14275,129.0