{"metadata":{"formatVersion":2,"generatedBy":"LeapJS Playback 0.2.1","frames":539,"protocolVersion":6,"serviceVersion":"2.2.1+24116","frameRate":"98","modified":"Mon Dec 22 2014 20:24:29 GMT-0200 (E. South America Daylight Time)"},"frames":[["id","timestamp",{"hands":[["id","type","direction","palmNormal","palmPosition","palmVelocity","stabilizedPalmPosition","pinchStrength","grabStrength","confidence","armBasis","armWidth","elbow","wrist"]]},{"pointables":[["id","direction","handId","length","stabilizedTipPosition","tipPosition","tipVelocity","tool","carpPosition","mcpPosition","pipPosition","dipPosition","btipPosition","bases","type"]]},{"interactionBox":["center","size"]}],[449335,23165678748,[[98,"right",[-0.0708683,-0.11654,-0.990654],[-0.182444,-0.974883,0.127736],[63.0787,114.207,157.663],[1.19209e-7,1.19209e-7,1.19209e-7],[63.0787,114.207,157.663],0,0,0,[[0.979891,-0.190888,-0.0581066],[0.183145,0.976002,-0.117803],[0.0791994,0.104792,0.991335]],62.0012,[95.6499,150.551,469.265],[74.8429,123.02,208.824]]],[[980,[-0.470693,-0.300892,-0.829405],98,50.7106,[-5.17201,92.5695,134.697],[-5.17201,92.5695,134.697],[1.19209e-7,1.19209e-7,1.19209e-7],false,[45.959,118.428,214.792],[45.959,118.428,214.792],[16.6183,109.287,177.179],[1.0026,99.3049,149.663],[-7.01637,90.5576,130.227],[[[0.543969,0.77285,-0.326805],[-0.67998,0.634206,0.367982],[0.491656,0.0220499,0.87051]],[[0.421874,0.748871,-0.511092],[-0.676101,0.635432,0.37298],[0.604078,0.1882,0.774384]],[[0.421874,0.748871,-0.511092],[-0.7749,0.590472,0.22555],[0.470693,0.300892,0.829405]],[[0.421874,0.748871,-0.511092],[-0.835477,0.540041,0.101654],[0.352136,0.384121,0.853494]]],0],[981,[-0.37022,-0.446938,-0.814361],98,57.2213,[15.9588,108.651,73.3513],[15.9588,108.651,73.3513],[1.19209e-7,1.19209e-7,1.19209e-7],false,[56.3883,134.274,201.671],[37.8488,118.044,134.46],[28.5803,130.902,95.7782],[19.8733,120.39,76.6257],[14.7895,105.144,72.3733],[[[0.954838,-0.206664,-0.21348],[0.145637,0.951783,-0.27],[0.258986,0.226716,0.938896]],[[0.927524,-0.226309,-0.297463],[0.300902,0.924221,0.235103],[0.221715,-0.307571,0.925334]],[[0.927524,-0.226309,-0.297463],[0.0513494,0.865465,-0.49833],[0.37022,0.446938,0.814361]],[[0.927524,-0.226309,-0.297463],[-0.214914,0.328213,-0.919831],[0.305797,0.917094,0.255788]]],1],[982,[-0.151397,-0.153029,-0.976556],98,65.199,[46.4365,104.182,46.2033],[46.4365,104.182,46.2033],[1.19209e-7,1.19209e-7,1.19209e-7],false,[67.7981,133.271,198.156],[59.2399,116.013,133.06],[52.9582,111.146,86.8379],[48.7692,106.912,59.8172],[45.7397,103.366,42.1368],[[[0.942138,-0.333341,-0.0354918],[0.310618,0.907888,-0.281525],[0.126067,0.254211,0.958897]],[[0.933386,-0.347335,-0.090276],[0.332944,0.931981,-0.143384],[0.133938,0.103776,0.985541]],[[0.933386,-0.347335,-0.090276],[0.325377,0.925171,-0.19542],[0.151397,0.153029,0.976556]],[[0.933386,-0.347335,-0.090276],[0.318344,0.917475,-0.238532],[0.165677,0.193904,0.966929]]],2],[983,[-0.0580037,-0.134739,-0.989182],98,62.6906,[76.8318,104.111,54.5481],[76.8318,104.111,54.5481],[1.19209e-7,1.19209e-7,1.19209e-7],false,[79.1764,129.898,196.722],[80.5388,112.709,138.261],[79.6509,110.665,94.8439],[78.0874,107.033,68.1807],[76.4568,103.238,50.476],[[[0.924306,-0.359785,0.127329],[0.380996,0.889393,-0.252631],[-0.0223528,0.28202,0.959148]],[[0.919183,-0.39383,-0.000254481],[0.3933,0.91798,-0.0512653],[0.0204234,0.0470221,0.998685]],[[0.919183,-0.39383,-0.000254481],[0.389535,0.909254,-0.146694],[0.0580037,0.134739,0.989182]],[[0.919183,-0.39383,-0.000254481],[0.38348,0.895175,-0.227168],[0.0896935,0.208712,0.973855]]],3],[984,[0.0797901,-0.098601,-0.991923],98,49.1483,[105.253,101.472,80.0618],[105.253,101.472,80.0618],[1.19209e-7,1.19209e-7,1.19209e-7],false,[89.3503,120.879,199.353],[98.7709,105.967,145.759],[103.277,105.572,111.652],[104.795,103.696,92.7749],[105.39,100.807,76.2643],[[[0.839765,-0.4667,0.277464],[0.51664,0.844005,-0.144013],[-0.16697,0.264286,0.949881]],[[0.855751,-0.503543,0.118891],[0.500539,0.863894,0.0561111],[-0.130963,0.0114923,0.991321]],[[0.855751,-0.503543,0.118891],[0.511199,0.858325,-0.0442001],[-0.0797901,0.098601,0.991923]],[[0.855751,-0.503543,0.118891],[0.516173,0.846635,-0.129513],[-0.0354415,0.172199,0.984424]]],4]],[[0,200,0],[235.247,235.247,147.751]]],[449336,23165688093,[[98,"right",[-0.0623025,-0.0736876,-0.995333],[-0.176036,-0.980825,0.0836323],[60.3072,111.828,157.699],[-296.538,-254.528,3.77054],[62.9272,114.077,157.665],0,0,0.0466902,[[0.980747,-0.182946,-0.0683053],[0.172494,0.975554,-0.136162],[0.0915458,0.121758,0.988329]],62.0012,[95.6581,150.472,468.939],[71.6074,118.484,209.288]]],[[980,[-0.461957,-0.26779,-0.845508],98,50.7106,[-5.25771,92.5042,134.646],[-7.59747,90.721,133.26],[-259.519,-197.788,-153.717],false,[42.7138,113.427,214.816],[42.7138,113.427,214.816],[13.7356,105.725,176.605],[-1.59027,96.8411,148.555],[-9.39183,88.8929,128.692],[[[0.540613,0.790295,-0.288395],[-0.687598,0.612601,0.389782],[0.484713,-0.0124215,0.874585]],[[0.420136,0.773502,-0.474532],[-0.683768,0.613635,0.394859],[0.596614,0.158575,0.786706]],[[0.420136,0.773502,-0.474532],[-0.781077,0.574442,0.244816],[0.461957,0.26779,0.845508]],[[0.420136,0.773502,-0.474532],[-0.840309,0.529031,0.118355],[0.34259,0.349028,0.872245]]],0],[981,[-0.360604,-0.41411,-0.83575],98,57.2213,[15.9132,108.671,73.3401],[13.8729,109.584,72.8414],[-224.037,97.7141,-54.9434],false,[53.1241,129.905,202.484],[35.2296,116.492,134.482],[26.147,130.915,96.3111],[17.6662,121.176,76.6556],[12.7295,106.095,71.6974],[[[0.958003,-0.190236,-0.214571],[0.140509,0.963691,-0.22706],[0.249975,0.187375,0.949949]],[[0.931461,-0.206407,-0.299628],[0.291848,0.915618,0.276528],[0.217267,-0.345021,0.913102]],[[0.931461,-0.206407,-0.299628],[0.0484256,0.886515,-0.460158],[0.360604,0.41411,0.83575]],[[0.931461,-0.206407,-0.299628],[-0.21024,0.366774,-0.906243],[0.29695,0.907123,0.298241]]],1],[982,[-0.141021,-0.103422,-0.98459],98,65.199,[46.3506,104.348,46.1764],[44.731,107.102,45.725],[-176.144,340.695,-55.1209],false,[64.5681,129.139,199.021],[56.6457,114.679,133.167],[50.8891,112.305,86.6822],[46.9872,109.443,59.4392],[44.134,106.746,41.5807],[[[0.944884,-0.324652,-0.0423837],[0.305902,0.921536,-0.239156],[0.116701,0.21301,0.970056]],[[0.936487,-0.336502,-0.0987851],[0.328522,0.940321,-0.0887114],[0.122741,0.050624,0.991147]],[[0.936487,-0.336502,-0.0987851],[0.3211,0.935986,-0.144307],[0.141021,0.103422,0.98459]],[[0.936487,-0.336502,-0.0987851],[0.314078,0.930054,-0.190667],[0.156035,0.147531,0.976672]]],2],[983,[-0.0479617,-0.0944937,-0.994369],98,62.6906,[76.7781,104.171,54.5425],[75.0047,106.193,54.3625],[-191.397,213.661,-19.6724],false,[75.9823,125.915,197.533],[77.9281,111.305,138.391],[77.442,111.019,94.9203],[76.1492,108.472,68.1173],[74.7126,105.402,50.2561],[[[0.925992,-0.358306,0.11898],[0.376192,0.902307,-0.210528],[-0.0319229,0.239707,0.97032]],[[0.92232,-0.38635,-0.00777218],[0.386266,0.922329,-0.0103822],[0.0111797,0.00657362,0.999916]],[[0.92232,-0.38635,-0.00777218],[0.38344,0.917499,-0.105683],[0.0479617,0.0944937,0.994369]],[[0.92232,-0.38635,-0.00777218],[0.378262,0.90676,-0.186291],[0.0790211,0.16888,0.982464]]],3],[984,[0.0882138,-0.054786,-0.994594],98,49.1483,[105.2,101.506,80.0592],[103.179,102.795,79.9595],[-221.824,141.401,-10.8819],false,[86.2036,116.863,199.85],[96.1521,104.375,145.735],[100.93,105.504,111.682],[102.608,104.461,92.7534],[103.35,102.295,76.1386],[[[0.841101,-0.472284,0.263623],[0.51133,0.853202,-0.102901],[-0.176325,0.221349,0.959122]],[[0.858592,-0.502041,0.103806],[0.493496,0.864221,0.0979009],[-0.138861,-0.0328293,0.989768]],[[0.858592,-0.502041,0.103806],[0.505014,0.863107,-0.00275193],[-0.0882138,0.054786,0.994594]],[[0.858592,-0.502041,0.103806],[0.510748,0.855143,-0.0886954],[-0.04424,0.129172,0.990635]]],4]],[[0,200,0],[235.247,235.247,147.751]]],[449337,23165697439,[[98,"right",[-0.0515757,-0.0170954,-0.998523],[-0.173845,-0.984434,0.0258337],[56.1233,108.683,156.458],[-339.391,-277.77,-34.9395],[62.0073,113.348,157.502],0,0,0.0906343,[[0.980211,-0.180048,-0.0822731],[0.165308,0.97315,-0.160167],[0.108902,0.143397,0.983655]],62.0012,[95.4685,150.095,466.883],[66.8582,112.422,208.46]]],[[980,[-0.451743,-0.220661,-0.864429],98,50.7106,[-5.73931,92.2174,134.294],[-11.4442,88.8262,130.128],[-302.453,-199.267,-205.267],false,[37.9238,106.986,213.382],[37.9238,106.986,213.382],[9.37986,101.396,174.483],[-5.60714,94.0752,145.805],[-13.1799,87.2553,125.44],[[[0.541153,0.806781,-0.237185],[-0.693578,0.587699,0.416605],[0.475503,-0.0609405,0.877601]],[[0.422731,0.80031,-0.425209],[-0.689883,0.588437,0.421667],[0.587673,0.115093,0.800871]],[[0.422731,0.80031,-0.425209],[-0.785637,0.557506,0.268254],[0.451743,0.220661,0.864429]],[[0.422731,0.80031,-0.425209],[-0.843039,0.519437,0.139535],[0.33254,0.299482,0.894275]]],0],[981,[-0.350557,-0.367187,-0.861559],98,57.2213,[15.6279,108.798,73.2197],[10.5751,111.11,71.0974],[-260.894,115.508,-92.7136],false,[48.412,124.165,202.119],[31.2774,114.598,133.277],[22.5289,131.078,95.8683],[14.2844,122.442,75.6058],[9.44257,107.665,69.727],[[[0.960801,-0.175307,-0.214776],[0.139885,0.975399,-0.170376],[0.239361,0.133653,0.961688]],[[0.935188,-0.186687,-0.300951],[0.285706,0.899847,0.329619],[0.209275,-0.394239,0.894863]],[[0.935188,-0.186687,-0.300951],[0.0503359,0.91122,-0.408833],[0.350557,0.367187,0.861559]],[[0.935188,-0.186687,-0.300951],[-0.201498,0.41835,-0.885653],[0.291243,0.888893,0.353619]]],1],[982,[-0.130846,-0.0481873,-0.990231],98,65.199,[45.8066,105.095,45.9435],[41.7384,110.338,44.2418],[-217.236,342.502,-83.9369],false,[59.8942,123.626,198.74],[52.7118,112.916,132.09],[47.4743,113.283,85.4848],[43.8538,111.949,58.0858],[41.1728,110.209,40.0822],[[[0.946287,-0.319335,-0.0506611],[0.305528,0.934417,-0.183078],[0.105802,0.157766,0.981792]],[[0.938471,-0.328022,-0.108045],[0.326805,0.944638,-0.029297],[0.111673,-0.00781506,0.993714]],[[0.938471,-0.328022,-0.108045],[0.319611,0.94344,-0.0881429],[0.130846,0.0481873,0.990231]],[[0.938471,-0.328022,-0.108045],[0.312689,0.939864,-0.13741],[0.146621,0.0951712,0.984604]]],2],[983,[-0.036647,-0.0412754,-0.998475],98,62.6906,[76.428,104.502,54.4388],[71.9719,108.822,53.1379],[-228.47,230.434,-51.3464],false,[71.3336,120.52,197.194],[73.9482,109.304,137.341],[73.9741,111.418,93.9183],[72.9863,110.305,67.0047],[71.7472,108.165,48.9936],[[[0.9258,-0.362163,0.108316],[0.375572,0.913767,-0.154839],[-0.0428987,0.184031,0.981984]],[[0.92369,-0.382714,-0.0180814],[0.38314,0.922586,0.0451434],[-0.000595346,-0.0486262,0.998817]],[[0.92369,-0.382714,-0.0180814],[0.381384,0.922944,-0.052151],[0.036647,0.0412754,0.998476]],[[0.92369,-0.382714,-0.0180814],[0.377029,0.916339,-0.134803],[0.0681595,0.117699,0.990707]]],3],[984,[0.0987468,0.00170004,-0.995111],98,49.1483,[104.865,101.672,79.9803],[99.838,104.184,78.7944],[-260.315,143.227,-43.1392],false,[81.558,111.377,199.102],[92.1154,102.013,144.474],[97.251,105.088,110.593],[99.1303,105.12,91.6551],[100.049,103.893,74.9535],[[[0.839746,-0.484398,0.245327],[0.50972,0.858959,-0.048739],[-0.187117,0.165977,0.968214]],[[0.859008,-0.504961,0.0843783],[0.489719,0.858502,0.15215],[-0.149269,-0.0893765,0.984749]],[[0.859008,-0.504961,0.0843783],[0.502349,0.86314,0.0513236],[-0.0987468,-0.00170004,0.995111]],[[0.859008,-0.504961,0.0843783],[0.509022,0.860033,-0.0352096],[-0.0547886,0.0731958,0.995812]]],4]],[[0,200,0],[235.247,235.247,147.751]]],[449338,23165706785,[[98,"right",[-0.0412633,0.0314318,-0.998654],[-0.173536,-0.98454,-0.0238173],[51.3123,105.957,153.469],[-389.106,-281.723,-115.682],[59.4479,111.579,156.537],0,0,0.138588,[[0.978631,-0.180996,-0.0975785],[0.161485,0.970284,-0.180196],[0.127294,0.160588,0.978779]],62.0012,[94.9503,149.355,462.842],[61.5081,107.166,205.7]]],[[980,[-0.441682,-0.179048,-0.879124],98,50.7106,[-7.00641,91.6181,133.201],[-15.96,87.3934,125.5],[-353.548,-186.317,-287.702],false,[32.5276,101.495,210.053],[32.5276,101.495,210.053],[4.40735,97.7883,170.624],[-10.2458,91.8482,141.458],[-17.6531,86.0564,120.718],[[[0.543107,0.817391,-0.192109],[-0.698176,0.566715,0.437475],[0.46646,-0.10347,0.87847]],[[0.426673,0.820059,-0.381384],[-0.694815,0.567169,0.442212],[0.578949,0.0763113,0.811785]],[[0.426673,0.820059,-0.381384],[-0.789219,0.543549,0.28581],[0.441682,0.179048,0.879124]],[[0.426673,0.820059,-0.381384],[-0.843888,0.512657,0.158225],[0.325273,0.254335,0.910775]]],0],[981,[-0.341599,-0.324745,-0.881958],98,57.2213,[14.7695,109.135,72.6996],[6.59994,112.448,67.7888],[-308.305,122.14,-168.236],false,[43.1216,119.201,199.747],[26.7034,112.989,130.348],[18.277,131.115,93.6329],[10.2431,123.477,72.8906],[5.45307,109.042,66.1791],[[[0.963066,-0.164596,-0.213102],[0.141075,0.982535,-0.121336],[0.229351,0.0867916,0.969466]],[[0.938291,-0.17179,-0.300163],[0.281031,0.884574,0.372224],[0.201572,-0.433609,0.878266]],[[0.938291,-0.17179,-0.300163],[0.0540352,0.930069,-0.363389],[0.341599,0.324745,0.881959]],[[0.938291,-0.17179,-0.300163],[-0.191289,0.465278,-0.864248],[0.288128,0.868334,0.403705]]],1],[982,[-0.120805,-0.000556346,-0.992676],98,65.199,[44.3119,106.698,45.0435],[38.0827,113.059,41.3264],[-266.617,327.792,-148.135],false,[54.6383,118.828,196.465],[48.1498,111.368,129.302],[43.4016,114.027,82.7188],[40.059,114.012,55.252],[37.5553,113.121,37.1611],[[[0.946943,-0.316427,-0.0563358],[0.306862,0.94223,-0.134303],[0.0955784,0.10989,0.989338]],[[0.93972,-0.32232,-0.11418],[0.326615,0.944932,0.020637],[0.101241,-0.0566859,0.993246]],[[0.93972,-0.32232,-0.11418],[0.319896,0.946631,-0.0394607],[0.120805,0.000556346,0.992676]],[[0.93972,-0.32232,-0.11418],[0.313333,0.945376,-0.0899282],[0.136929,0.048731,0.989382]]],2],[983,[-0.0268101,0.00274994,-0.999637],98,62.6906,[75.3757,105.299,53.9221],[68.2307,110.926,50.4519],[-277.325,226.193,-118.524],false,[66.0948,115.802,194.887],[69.3331,107.507,134.591],[69.8409,111.67,91.3191],[69.1183,111.744,64.3741],[68.0377,110.351,46.2798],[[[0.924841,-0.36693,0.100153],[0.376624,0.920238,-0.106378],[-0.0531314,0.136103,0.989269]],[[0.92413,-0.381203,-0.0258337],[0.381899,0.919518,0.0929547],[-0.01168,-0.0957681,0.995335]],[[0.92413,-0.381203,-0.0258337],[0.381135,0.924487,-0.00767879],[0.0268101,-0.00274994,0.999637]],[[0.92413,-0.381203,-0.0258337],[0.377426,0.921309,-0.0934843],[0.0594373,0.0766413,0.995286]]],3],[984,[0.107437,0.0467804,-0.993111],98,49.1483,[103.849,102.051,79.55],[95.7827,105.137,76.129],[-310.352,129.692,-111.979],false,[76.3043,106.578,196.454],[87.4299,99.8791,141.548],[92.9052,104.563,107.906],[94.9499,105.454,89.0055],[95.9959,104.952,72.2739],[[[0.837449,-0.495684,0.230168],[0.509702,0.86035,-0.00168547],[-0.197189,0.118728,0.973149]],[[0.858365,-0.508391,0.0689118],[0.487734,0.850295,0.197772],[-0.159141,-0.13615,0.977823]],[[0.858365,-0.508391,0.0689118],[0.501665,0.859855,0.0947744],[-0.107437,-0.0467804,0.993111]],[[0.858365,-0.508391,0.0689118],[0.509235,0.860606,0.00602338],[-0.0623681,0.029922,0.997605]]],4]],[[0,200,0],[235.247,235.247,147.751]]],[449339,23165716130,[[98,"right",[-0.0443139,0.0639121,-0.996971],[-0.164623,-0.984776,-0.055813],[47.2608,103.808,149.299],[-401.69,-267.052,-209.377],[55.3466,108.964,154.101],0,0,0.185876,[[0.979054,-0.171624,-0.109535],[0.148621,0.970145,-0.191652],[0.139156,0.171359,0.975332]],62.0012,[94.1486,148.409,457.752],[57.5898,103.39,201.516]]],[[980,[-0.437578,-0.155999,-0.885545],98,50.7106,[-9.24358,90.6571,131.134],[-20.1497,85.7913,120.967],[-385.551,-178.535,-344.94],false,[28.6743,97.3124,205.752],[28.6743,97.3124,205.752],[0.546908,94.6623,166.242],[-13.9702,89.4869,136.864],[-22.2021,84.8334,116.147],[[[0.535103,0.828234,-0.166415],[-0.702097,0.545559,0.457631],[0.469815,-0.12804,0.87343]],[[0.41881,0.836128,-0.354243],[-0.69946,0.545813,0.461349],[0.579097,0.0545613,0.813431]],[[0.41881,0.836128,-0.354243],[-0.795691,0.525883,0.300538],[0.437578,0.155999,0.885545]],[[0.41881,0.836128,-0.354243],[-0.83302,0.509049,0.21667],[0.361491,0.204348,0.909707]]],0],[981,[-0.341255,-0.29887,-0.891191],98,57.2213,[13.0065,109.592,71.4526],[2.18508,112.571,63.8748],[-355.906,89.2679,-241.327],false,[39.0779,115.446,196.008],[22.5249,111.37,126.482],[13.75,130.377,90.2983],[5.72427,123.348,69.3389],[1.02264,109.155,62.0685],[[[0.963932,-0.148625,-0.220785],[0.131779,0.987253,-0.0892471],[0.231235,0.0569333,0.971231]],[[0.938921,-0.153185,-0.308159],[0.272702,0.877391,0.394739],[0.209908,-0.454664,0.865575]],[[0.938921,-0.153185,-0.308159],[0.0444178,0.941919,-0.332891],[0.341255,0.29887,0.891191]],[[0.938921,-0.153185,-0.308159],[-0.196078,0.49776,-0.84486],[0.282809,0.85368,0.437321]]],1],[982,[-0.123652,0.0306771,-0.991851],98,65.199,[41.5177,108.817,43.0541],[33.6579,114.48,37.4865],[-325.323,277.936,-222.344],false,[50.5885,115.287,192.687],[43.9823,109.982,125.331],[39.0905,114.157,78.8741],[35.6691,115.006,51.4302],[33.1168,114.667,33.3273],[[[0.949627,-0.305677,-0.0690674],[0.297891,0.948924,-0.103944],[0.0973129,0.0781333,0.992182]],[[0.942298,-0.309728,-0.127054],[0.318113,0.946649,0.0515765],[0.104301,-0.089018,0.990554]],[[0.942298,-0.309728,-0.127054],[0.311102,0.95033,-0.00939171],[0.123652,-0.0306771,0.991851]],[[0.942298,-0.309728,-0.127054],[0.304288,0.950644,-0.0606957],[0.139583,0.0185324,0.990037]]],2],[983,[-0.0301744,0.0316556,-0.999043],98,62.6906,[73.23,106.521,52.5237],[63.8439,112.159,46.4592],[-331.978,197.474,-206.353],false,[62.0676,112.42,190.982],[65.2144,106.144,130.437],[65.5874,111.692,87.32],[64.774,112.545,60.3911],[63.6292,111.628,42.2703],[[[0.92842,-0.361506,0.0857268],[0.367927,0.926667,-0.0769312],[-0.0516291,0.102966,0.993344]],[[0.927548,-0.37158,-0.0397889],[0.373605,0.919588,0.121557],[-0.00857881,-0.127616,0.991787]],[[0.927548,-0.37158,-0.0397889],[0.372484,0.927861,0.0181499],[0.0301744,-0.0316556,0.999043]],[[0.927548,-0.37158,-0.0397889],[0.36836,0.927028,-0.070212],[0.0629748,0.0504684,0.996738]]],3],[984,[0.0998107,0.0711096,-0.992462],98,49.1483,[101.784,102.597,78.2768],[91.375,105.618,71.8351],[-358.366,102.396,-211.439],false,[72.365,103.243,192.219],[83.3991,98.4581,137.095],[88.6896,104.157,103.58],[90.5891,105.51,84.6921],[91.4757,105.34,67.9446],[[[0.842565,-0.495269,0.211644],[0.501834,0.864591,0.0254029],[-0.195567,0.0848068,0.977017]],[[0.863104,-0.502464,0.0507999],[0.481048,0.848582,0.220232],[-0.153767,-0.165646,0.974124]],[[0.863104,-0.502464,0.0507999],[0.495064,0.861669,0.111526],[-0.0998107,-0.0711096,0.992462]],[[0.863104,-0.502464,0.0507999],[0.502251,0.864538,0.0178033],[-0.052864,0.0101482,0.99855]]],4]],[[0,200,0],[235.247,235.247,147.751]]],[449340,23165734822,[[98,"right",[-0.0552932,0.113576,-0.991989],[-0.112798,-0.98786,-0.106816],[37.963,99.4204,140.438],[-448.284,-251.321,-338.183],[42.927,102.145,144.339],0,0,0.275162,[[0.984989,-0.117616,-0.126344],[0.0903396,0.974941,-0.203294],[0.147089,0.188828,0.970932]],62.0012,[87.3435,146.427,447.589],[48.7009,96.819,192.509]]],[[980,[-0.428134,-0.123698,-0.895209],98,50.7106,[-19.0581,86.3306,122.02],[-29.4599,80.792,111.839],[-451.657,-206.742,-414.103],false,[20.1802,88.9998,196.56],[20.1802,88.9998,196.56],[-8.13424,87.636,157.119],[-22.338,83.5322,127.42],[-32.3593,80.8712,107.145],[[[0.48931,0.863081,-0.125165],[-0.726395,0.482759,0.489177],[0.482625,-0.14844,0.863156]],[[0.378308,0.875085,-0.301843],[-0.719065,0.483154,0.499508],[0.582948,0.0280772,0.812024]],[[0.378308,0.875085,-0.301843],[-0.820722,0.467894,0.327858],[0.428134,0.123698,0.895209]],[[0.378308,0.875085,-0.301843],[-0.814386,0.469649,0.340889],[0.440067,0.116856,0.890329]]],0],[981,[-0.331141,-0.280555,-0.900908],98,57.2213,[3.33692,109.273,64.1209],[-8.33307,109.402,55.4738],[-458.345,-46.2464,-347.319],false,[29.5363,108.145,187.735],[12.6875,106.841,118.173],[2.40665,126.219,82.5868],[-5.38126,119.621,61.3989],[-9.40975,105.675,53.2946],[[[0.968711,-0.0854144,-0.233033],[0.0787553,0.996179,-0.0377498],[0.235367,0.0182161,0.971736]],[[0.94351,-0.08671,-0.319797],[0.22205,0.881827,0.416023],[0.245932,-0.463532,0.851267]],[[0.94351,-0.08671,-0.319797],[-0.0116031,0.955913,-0.29342],[0.331141,0.280555,0.900908]],[[0.94351,-0.08671,-0.319797],[-0.225987,0.537437,-0.81246],[0.242319,0.838834,0.487482]]],1],[982,[-0.130749,0.0795848,-0.988216],98,65.199,[30.0375,113.516,34.5231],[23.1677,115.756,29.4921],[-437.742,182.422,-321.663],false,[41.0132,108.773,184.353],[34.1787,106.659,116.845],[28.9978,113.832,70.787],[25.3801,116.034,43.4437],[22.6851,116.342,25.3609],[[[0.963889,-0.250732,-0.0897324],[0.246542,0.967555,-0.0552599],[0.100677,0.0311416,0.994432]],[[0.956491,-0.25211,-0.146855],[0.270043,0.955536,0.118438],[0.110466,-0.152942,0.982042]],[[0.956491,-0.25211,-0.146855],[0.260826,0.964421,0.0431591],[0.130749,-0.0795848,0.988216]],[[0.956491,-0.25211,-0.146855],[0.251798,0.967552,-0.0210202],[0.147389,-0.016872,0.988935]]],2],[983,[-0.04003,0.0800773,-0.995985],98,62.6906,[62.426,110.356,44.6695],[53.2812,113.924,38.098],[-445.307,146.817,-324.053],false,[52.6143,106.613,182.444],[55.6226,103.692,121.638],[55.38,111.504,78.8715],[54.301,113.662,52.0249],[53.0454,113.56,33.8886],[[[0.946852,-0.315637,0.0620072],[0.317861,0.947669,-0.0298012],[-0.0493559,0.0479269,0.997631]],[[0.945561,-0.319156,-0.0636636],[0.325396,0.930511,0.168126],[0.0055811,-0.17969,0.983708]],[[0.945561,-0.319156,-0.0636636],[0.322973,0.944313,0.0629422],[0.04003,-0.0800773,0.995985]],[[0.945561,-0.319156,-0.0636636],[0.318032,0.947686,-0.0273517],[0.0690625,0.00561563,0.997597]]],3],[984,[0.0816713,0.106471,-0.990956],98,49.1483,[91.4683,104.381,70.5955],[81.102,106.802,62.8656],[-453.365,74.052,-344.213],false,[63.3913,97.9446,183.145],[74.2386,96.6456,127.792],[78.9262,103.994,94.5088],[80.4805,106.02,75.6496],[81.0569,106.26,58.8894],[[[0.869153,-0.460183,0.181121],[0.455644,0.887526,0.0684622],[-0.192255,0.0230227,0.981075]],[[0.888602,-0.45805,0.0240217],[0.437976,0.862886,0.252198],[-0.136247,-0.213583,0.967377]],[[0.888602,-0.45805,0.0240217],[0.451349,0.882527,0.13202],[-0.0816713,-0.106471,0.990956]],[[0.888602,-0.45805,0.0240217],[0.45739,0.888812,0.0284192],[-0.0343682,-0.0142661,0.999307]]],4]],[[0,200,0],[235.247,235.247,147.751]]],[449341,23165744167,[[98,"right",[-0.0642724,0.123265,-0.99029],[-0.0922858,-0.988824,-0.117092],[34.5921,98.4399,136.642],[-423.465,-209.823,-357.462],[39.2383,100.506,140.933],0,0,0.318651,[[0.986072,-0.0959767,-0.135831],[0.0671704,0.976941,-0.202668],[0.152151,0.190722,0.969781]],62.0012,[85.6998,145.603,443.389],[45.7272,95.4976,188.611]]],[[980,[-0.429101,-0.118036,-0.895511],98,50.7106,[-23.543,84.4955,117.891],[-33.0363,79.4151,108.447],[-436.606,-183.812,-398.05],false,[17.4082,87.0222,192.757],[17.4082,87.0222,192.757],[-11.1648,85.8204,153.497],[-25.4006,81.9044,123.788],[-36.2816,79.8301,103.891],[[[0.469846,0.874737,-0.118659],[-0.733334,0.461603,0.499144],[0.491393,-0.147504,0.858357]],[[0.360805,0.886495,-0.289734],[-0.72371,0.462075,0.512573],[0.588272,0.0247449,0.808284]],[[0.360805,0.886495,-0.289734],[-0.828066,0.44743,0.337808],[0.429101,0.118036,0.895511]],[[0.360805,0.886495,-0.289734],[-0.800946,0.453683,0.390714],[0.477814,0.0910901,0.873726]]],0],[981,[-0.329579,-0.290958,-0.898177],98,57.2213,[-1.60015,108.475,60.2292],[-12.5516,107.514,51.8728],[-456.997,-100.063,-360.988],false,[26.2929,106.461,184.086],[9.01653,105.56,114.622],[-2.06896,124.26,78.9161],[-9.82014,117.417,57.7924],[-13.5888,103.468,49.5714],[[[0.968758,-0.061977,-0.240138],[0.0571173,0.997998,-0.0271514],[0.24134,0.0125871,0.970359]],[[0.943349,-0.0628532,-0.325794],[0.199427,0.892151,0.405334],[0.265181,-0.447343,0.854145]],[[0.943349,-0.0628532,-0.325794],[-0.0383389,0.954669,-0.29519],[0.329579,0.290958,0.898177]],[[0.943349,-0.0628532,-0.325794],[-0.24229,0.540345,-0.805806],[0.226688,0.839093,0.494505]]],1],[982,[-0.1371,0.0951985,-0.985972],98,65.199,[25.3888,115.055,30.9607],[18.8926,116.348,26.0815],[-441.612,157.083,-333.271],false,[37.7311,107.372,180.638],[30.4974,105.854,113.156],[25.0522,114.16,67.3192],[21.2587,116.794,40.038],[18.4378,117.244,21.9774],[[[0.968431,-0.228927,-0.09866],[0.22536,0.973187,-0.046048],[0.106556,0.0223603,0.994055]],[[0.960682,-0.229835,-0.155775],[0.25221,0.95698,0.143452],[0.116103,-0.177099,0.977321]],[[0.960682,-0.229835,-0.155775],[0.24144,0.968562,0.0599451],[0.1371,-0.0951985,0.985972]],[[0.960682,-0.229835,-0.155775],[0.230845,0.972919,-0.0118221],[0.154273,-0.0246026,0.987722]]],2],[983,[-0.0486205,0.0890897,-0.994836],98,62.6906,[57.3821,111.724,40.7957],[48.913,114.356,34.3742],[-451.559,118.041,-345.258],false,[49.363,105.484,178.631],[52.0313,103.297,117.778],[51.3434,111.582,75.1061],[50.0328,113.983,48.2905],[48.6482,114.014,30.1633],[[[0.953794,-0.295848,0.0524527],[0.297256,0.954561,-0.0212674],[-0.0437774,0.0358766,0.998397]],[[0.951751,-0.298012,-0.0732024],[0.306463,0.935346,0.176657],[0.0158236,-0.190568,0.981547]],[[0.951751,-0.298012,-0.0732024],[0.302995,0.950396,0.0703017],[0.0486205,-0.0890897,0.994836]],[[0.951751,-0.298012,-0.0732024],[0.29727,0.954561,-0.0210847],[0.0761596,-0.00169347,0.997094]]],3],[984,[0.0709376,0.105803,-0.991854],98,49.1483,[86.6389,105,66.6608],[76.9914,107.052,58.8248],[-449.252,54.6363,-370.422],false,[60.3279,97.042,179.167],[70.8344,96.5858,123.735],[75.1724,104.138,90.4501],[76.5224,106.152,71.5739],[76.9132,106.288,54.8071],[[[0.880002,-0.443335,0.170442],[0.436944,0.89632,0.07544],[-0.186216,0.00808616,0.982476]],[[0.898169,-0.439308,0.0173754],[0.421184,0.871104,0.252552],[-0.126084,-0.219516,0.967427]],[[0.898169,-0.439308,0.0173754],[0.43389,0.892084,0.126192],[-0.0709376,-0.105803,0.991854]],[[0.898169,-0.439308,0.0173754],[0.439033,0.8983,0.0175068],[-0.0232992,-0.00809571,0.999696]]],4]],[[0,200,0],[235.247,235.247,147.751]]],[449342,23165762859,[[98,"right",[-0.0902858,0.129892,-0.987409],[-0.0589209,-0.990418,-0.1249],[28.375,97.3045,130.45],[-379.253,-137.281,-344.699],[32.4745,98.5125,134.406],0,0,0.395862,[[0.986132,-0.0584002,-0.15535],[0.0269909,0.980016,-0.197081],[0.163755,0.190155,0.968001]],62.0012,[83.7618,144.252,436.448],[40.7405,94.2948,182.137]]],[[980,[-0.438291,-0.117277,-0.891149],98,50.7106,[-32.0645,81.3787,110.747],[-39.5838,77.2125,103.702],[-396.076,-145.68,-326.583],false,[12.8445,84.7554,186.805],[12.8445,84.7554,186.805],[-16.5277,83.436,148.144],[-31.0684,79.5453,118.579],[-43.1654,77.975,99.3496],[[[0.435135,0.89233,-0.120024],[-0.738518,0.429983,0.519333],[0.515024,-0.13734,0.846102]],[[0.328224,0.902101,-0.280147],[-0.725656,0.430668,0.536608],[0.604725,0.0271631,0.795971]],[[0.328224,0.902101,-0.280147],[-0.836762,0.415282,0.35689],[0.438291,0.117277,0.891149]],[[0.328224,0.902101,-0.280147],[-0.781076,0.425979,0.456577],[0.531216,0.0689566,0.844426]]],0],[981,[-0.333031,-0.330427,-0.883124],98,57.2213,[-13.3826,104.348,51.5776],[-20.9979,103.109,46.3869],[-454.316,-182.911,-331.015],false,[20.8275,104.583,178.139],[2.08395,103.689,109.057],[-10.7409,120.262,72.8856],[-18.5733,112.491,52.1158],[-21.9342,98.3771,43.9992],[[[0.964899,-0.0244273,-0.261484],[0.0203046,0.999623,-0.0184569],[0.261836,0.0124997,0.965031]],[[0.938481,-0.0254215,-0.344395],[0.158538,0.917697,0.364277],[0.30679,-0.396467,0.865271]],[[0.938481,-0.0254215,-0.344395],[-0.0913469,0.943489,-0.318565],[0.333031,0.330427,0.883124]],[[0.938481,-0.0254215,-0.344395],[-0.279972,0.527816,-0.801889],[0.202162,0.848978,0.488228]]],1],[982,[-0.158813,0.120105,-0.979976],98,65.199,[15.3904,117.402,24.286],[9.92973,117.326,20.6952],[-458.93,119.384,-309.922],false,[32.1473,105.942,174.456],[23.503,104.779,107.133],[17.0345,114.751,61.7636],[12.6403,118.075,34.6483],[9.42793,118.794,16.6619],[[[0.973709,-0.192565,-0.121697],[0.188884,0.981135,-0.0412066],[0.127336,0.0171366,0.991712]],[[0.964501,-0.193241,-0.179989],[0.225202,0.957834,0.17843],[0.137919,-0.21263,0.96735]],[[0.964501,-0.193241,-0.179989],[0.210989,0.973772,0.0851522],[0.158813,-0.120105,0.979976]],[[0.964501,-0.193241,-0.179989],[0.197165,0.980362,0.00400176],[0.175681,-0.0393472,0.983661]]],2],[983,[-0.0736759,0.0960124,-0.99265],98,62.6906,[46.2839,113.372,32.6692],[39.8721,114.657,28.0636],[-466.987,68.6191,-341.608],false,[43.7935,104.498,172.181],[45.2111,102.966,111.266],[43.2948,111.629,68.7064],[41.3089,114.217,41.9498],[39.5227,114.344,23.8581],[[[0.964806,-0.261355,0.0290228],[0.261931,0.964916,-0.0181614],[-0.023258,0.0251242,0.999414]],[[0.960096,-0.262442,-0.096644],[0.276175,0.944153,0.17973],[0.0440781,-0.199248,0.978957]],[[0.960096,-0.262442,-0.096644],[0.269792,0.960159,0.0728455],[0.0736759,-0.0960124,0.99265]],[[0.960096,-0.262442,-0.096644],[0.261844,0.964922,-0.019041],[0.0982511,-0.0070245,0.995137]]],3],[984,[0.0448138,0.0893402,-0.994992],98,49.1483,[76.1309,105.442,57.7937],[68.7399,106.917,51.7031],[-443.407,15.063,-377.146],false,[55.0662,96.4567,172.398],[64.3705,96.8907,116.751],[67.8365,104.29,83.3294],[68.6893,105.99,64.3935],[68.6388,105.688,47.6244],[[[0.899,-0.412506,0.147098],[0.405714,0.910922,0.0749415],[-0.164909,-0.0076926,0.986279]],[[0.913342,-0.407168,0.00457669],[0.394536,0.887674,0.237436],[-0.100739,-0.215055,0.971392]],[[0.913342,-0.407168,0.00457669],[0.40472,0.908973,0.0998449],[-0.0448138,-0.0893402,0.994992]],[[0.913342,-0.407168,0.00457669],[0.407183,0.913176,-0.0176699],[0.00301529,0.0180022,0.999833]]],4]],[[0,200,0],[235.247,235.247,147.751]]],[449343,23165772203,[[98,"right",[-0.10297,0.139188,-0.984898],[-0.050948,-0.989599,-0.134526],[24.3192,96.0536,126.398],[-394.773,-136.311,-369.907],[29.5361,97.6265,131.521],0,0,0.434159,[[0.984819,-0.0479022,-0.166842],[0.0140944,0.980062,-0.198191],[0.173009,0.192831,0.965859]],62.0012,[82.7643,143.291,431.653],[37.3118,92.6305,177.905]]],[[980,[-0.445134,-0.108266,-0.888895],98,50.7106,[-35.8149,80.1912,107.706],[-43.9708,76.1331,100.327],[-417.315,-134.266,-335.316],false,[9.56381,82.7753,182.794],[9.56381,82.7753,182.794],[-20.2228,81.8237,144.44],[-34.9905,78.2319,114.95],[-47.7102,77.088,96.0961],[[[0.425209,0.897667,-0.115719],[-0.736495,0.417478,0.532248],[0.526091,-0.14109,0.838643]],[[0.319315,0.908215,-0.270523],[-0.722463,0.418045,0.550714],[0.613258,0.0195915,0.78964]],[[0.319315,0.908215,-0.270523],[-0.836596,0.404257,0.369707],[0.445134,0.108266,0.888895]],[[0.319315,0.908215,-0.270523],[-0.765541,0.415478,0.491249],[0.558556,0.0502332,0.827944]]],0],[981,[-0.33561,-0.349987,-0.874571],98,57.2213,[-18.1216,102.284,48.1275],[-26.0713,100.61,42.7911],[-478.669,-217.829,-347.197],false,[17.2569,102.767,174.244],[-2.27786,102.404,105.376],[-15.8251,117.918,68.9986],[-23.7181,109.687,48.43],[-26.9539,95.4998,40.39],[[[0.961988,-0.0124407,-0.27281],[0.0105848,0.99991,-0.0082735],[0.272888,0.00507136,0.962032]],[[0.935248,-0.0128274,-0.353761],[0.142445,0.928502,0.342918],[0.324069,-0.371105,0.870207]],[[0.935248,-0.0128274,-0.353761],[-0.112593,0.936667,-0.33163],[0.33561,0.349987,0.874571]],[[0.935248,-0.0128274,-0.353761],[-0.295684,0.521157,-0.800604],[0.194635,0.853365,0.483618]]],1],[982,[-0.170526,0.144134,-0.974754],98,65.199,[11.0048,118.385,21.4704],[4.52223,118.197,17.2923],[-493.411,120.739,-323.677],false,[28.5197,104.273,170.445],[19.1061,103.721,103.217],[12.0998,114.952,58.2236],[7.38144,118.94,31.2528],[3.95268,120.042,13.3259],[[[0.974017,-0.181918,-0.134893],[0.179057,0.98328,-0.0331529],[0.138669,0.00813801,0.990305]],[[0.963652,-0.182074,-0.195507],[0.22149,0.953678,0.203568],[0.149386,-0.239471,0.959342]],[[0.963652,-0.182074,-0.195507],[0.205657,0.972664,0.107846],[0.170526,-0.144134,0.974754]],[[0.963652,-0.182074,-0.195507],[0.190293,0.981435,0.0239494],[0.187517,-0.0602825,0.98041]]],2],[983,[-0.0861357,0.105346,-0.990698],98,62.6906,[41.7488,113.701,29.3349],[34.4625,114.566,24.0728],[-498.628,46.4753,-365.936],false,[40.1519,102.964,168.021],[40.8769,102.075,107.081],[38.3877,111.165,64.6408],[36.0659,114.005,37.9368],[34.0665,114.292,19.8693],[[[0.967519,-0.25234,0.0151946],[0.252517,0.967528,-0.01112],[-0.0118952,0.0145957,0.999823]],[[0.961363,-0.252177,-0.110401],[0.269264,0.94482,0.186579],[0.0572576,-0.209097,0.976217]],[[0.961363,-0.252177,-0.110401],[0.261462,0.96193,0.0795545],[0.0861357,-0.105346,0.990698]],[[0.961363,-0.252177,-0.110401],[0.252362,0.967552,-0.0125281],[0.109978,-0.0158168,0.993808]]],3],[984,[0.0338086,0.0841828,-0.995877],98,49.1483,[71.9739,105.224,54.1629],[63.7599,106.123,47.227],[-466.642,-18.4795,-407.019],false,[51.5023,95.0304,168.024],[60.1556,96.1276,112.281],[63.2902,103.55,78.8327],[63.9336,105.152,59.8799],[63.6831,104.685,43.1164],[[[0.904528,-0.405327,0.132438],[0.397878,0.913965,0.0797547],[-0.153371,-0.0194461,0.987977]],[[0.916966,-0.398958,-0.00259482],[0.388425,0.891233,0.234158],[-0.0911067,-0.215723,0.972195]],[[0.916966,-0.398958,-0.00259482],[0.397531,0.913097,0.0906809],[-0.0338086,-0.0841828,0.995877]],[[0.916966,-0.398958,-0.00259482],[0.398687,0.916547,-0.0314666],[0.0149321,0.0278193,0.999501]]],4]],[[0,200,0],[235.247,235.247,147.751]]],[449344,23165790895,[[98,"right",[-0.128134,0.149049,-0.980493],[-0.0486828,-0.988396,-0.143888],[17.5089,94.9206,119.447],[-379.977,-99.479,-370.861],[23.222,96.206,125.182],0,0,0.503982,[[0.982216,-0.0392573,-0.183605],[0.00238092,0.980423,-0.196891],[0.18774,0.192952,0.96308]],62.0012,[81.1157,141.718,423.595],[31.7932,91.0265,170.578]]],[[980,[-0.46132,-0.100092,-0.88157],98,50.7106,[-44.0645,78.3613,101.37],[-51.4612,75.3216,94.9601],[-408.223,-89.818,-311.101],false,[4.23096,80.9561,176.045],[4.23096,80.9561,176.045],[-26.3898,80.3699,138.346],[-41.6945,77.0493,109.099],[-55.384,76.3994,90.9125],[[[0.417139,0.901343,-0.116511],[-0.72542,0.407433,0.554765],[0.547504,-0.146895,0.823809]],[[0.309609,0.912994,-0.265676],[-0.711828,0.407794,0.571843],[0.630431,0.0120681,0.776152]],[[0.309609,0.912994,-0.265676],[-0.83146,0.395504,0.390193],[0.46132,0.100092,0.88157]],[[0.309609,0.912994,-0.265676],[-0.736725,0.406973,0.540009],[0.601148,0.0285386,0.798628]]],0],[981,[-0.349368,-0.378329,-0.85721],98,57.2213,[-28.4915,97.9841,40.9371],[-35.0275,97.3911,36.8499],[-479.04,-204.217,-332.72],false,[11.5968,101.083,167.523],[-9.63648,101.338,99.1594],[-24.4385,115.084,62.5608],[-32.6551,106.187,42.4005],[-35.9221,91.9368,34.4853],[[[0.954985,-0.00385475,-0.296629],[0.0047351,0.999986,0.00224946],[0.296616,-0.00355276,0.95499]],[[0.926581,-0.00354153,-0.376078],[0.126771,0.944378,0.303446],[0.354085,-0.328843,0.875492]],[[0.926581,-0.00354153,-0.376078],[-0.139245,0.925665,-0.351789],[0.349368,0.378329,0.85721]],[[0.926581,-0.00354153,-0.376078],[-0.320668,0.51506,-0.794912],[0.196518,0.857147,0.476109]]],1],[982,[-0.195485,0.17982,-0.96408],98,65.199,[0.570168,120.842,15.1088],[-5.01154,120.195,11.5516],[-503.054,122.638,-313.154],false,[22.7534,102.696,163.463],[11.6796,102.803,96.4865],[3.56191,115.842,52.1725],[-1.84705,120.817,25.497],[-5.7489,122.507,7.71315],[[[0.971386,-0.174716,-0.160887],[0.17263,0.984618,-0.0269654],[0.163123,-0.00157998,0.986604]],[[0.958234,-0.174215,-0.226795],[0.227659,0.944648,0.236246],[0.173084,-0.278011,0.944856]],[[0.958234,-0.174215,-0.226795],[0.208739,0.96815,0.138254],[0.195485,-0.17982,0.96408]],[[0.958234,-0.174215,-0.226795],[0.190399,0.980361,0.0513801],[0.21339,-0.0924156,0.972586]]],2],[983,[-0.111334,0.114802,-0.98713],98,62.6906,[31.7578,114.017,21.9781],[25.0117,114.566,17.1097],[-502.016,23.9198,-369.239],false,[34.3291,101.482,160.738],[33.5484,101.245,99.7933],[29.967,110.796,57.5325],[26.966,113.89,30.9246],[24.5119,114.329,12.9164],[[[0.969007,-0.246768,-0.0114527],[0.246702,0.969067,-0.00692665],[0.0128077,0.00388656,0.99991]],[[0.959748,-0.245307,-0.136775],[0.268508,0.944224,0.190641],[0.0823807,-0.219692,0.972085]],[[0.959748,-0.245307,-0.136775],[0.257852,0.962624,0.0828696],[0.111334,-0.114802,0.98713]],[[0.959748,-0.245307,-0.136775],[0.246294,0.969144,-0.00992192],[0.134988,-0.0241643,0.990552]]],3],[984,[0.0112603,0.0616672,-0.998033],98,49.1483,[63.4058,104.009,46.4206],[55.117,104.474,39.3056],[-461.869,-60.1804,-416.307],false,[45.7206,93.6152,160.375],[52.9834,95.3565,104.451],[55.5205,102.454,70.8811],[55.7348,103.627,51.8873],[55.043,102.612,35.1605],[[[0.909805,-0.401363,0.105656],[0.39457,0.915399,0.0797435],[-0.128723,-0.0308624,0.9912]],[[0.918677,-0.394761,-0.0140268],[0.388066,0.895328,0.218614],[-0.0737417,-0.206279,0.975711]],[[0.918677,-0.394761,-0.0140268],[0.39485,0.916712,0.0610973],[-0.0112603,-0.0616672,0.998033]],[[0.918677,-0.394761,-0.0140268],[0.392851,0.916786,-0.0719119],[0.0412476,0.0605534,0.997312]]],4]],[[0,200,0],[235.247,235.247,147.751]]],[449345,23165800240,[[98,"right",[-0.136502,0.156257,-0.978239],[-0.0478,-0.98737,-0.151046],[13.6168,93.9067,115.429],[-390.314,-102.034,-387.61],[20.4351,95.5388,122.353],0,0,0.536973,[[0.98037,-0.0365629,-0.193745],[-0.00255448,0.980217,-0.19791],[0.197148,0.19452,0.960882]],62.0012,[80.1234,140.756,418.849],[28.3292,89.6529,166.409]]],[[980,[-0.466037,-0.0945815,-0.879695],98,50.7106,[-47.6239,77.575,98.5015],[-55.5357,74.4506,91.3789],[-415.269,-91.2586,-331.287],false,[0.833899,79.4818,172.025],[0.833899,79.4818,172.025],[-30.058,79.1403,134.545],[-45.5192,76.0025,105.36],[-59.4982,75.5602,87.3889],[[[0.414284,0.903102,-0.113027],[-0.721683,0.401623,0.563802],[0.554565,-0.152005,0.81814]],[[0.306016,0.915674,-0.260568],[-0.708408,0.401861,0.580229],[0.636013,0.00702936,0.771647]],[[0.306016,0.915674,-0.260568],[-0.830159,0.390635,0.397795],[0.466037,0.0945815,0.879695]],[[0.306016,0.915674,-0.260568],[-0.72769,0.401453,0.55615],[0.613858,0.019422,0.789177]]],0],[981,[-0.354404,-0.379336,-0.854694],98,57.2213,[-32.7002,96.4608,37.8039],[-39.6683,96.0409,33.0765],[-484.469,-186.749,-353.882],false,[8.08738,99.6892,163.597],[-13.7078,100.42,95.4143],[-28.9269,113.697,58.8133],[-37.2619,104.776,38.7122],[-40.5929,90.6275,30.6425],[[[0.95252,0.000465323,-0.304476],[0.00266502,0.999948,0.0098654],[0.304465,-0.0102084,0.952469]],[[0.923527,0.00132255,-0.383532],[0.120653,0.948222,0.293797],[0.364062,-0.317604,0.875549]],[[0.923527,0.00132255,-0.383532],[-0.146618,0.925258,-0.349858],[0.354404,0.379336,0.854694]],[[0.923527,0.00132255,-0.383532],[-0.327037,0.525127,-0.785677],[0.200364,0.851023,0.485401]]],1],[982,[-0.205026,0.197276,-0.958669],98,65.199,[-3.71198,121.68,12.351],[-9.87021,120.869,8.14485],[-509.555,110.538,-326.061],false,[19.2068,101.357,159.459],[7.58245,101.952,92.5778],[-0.947933,115.889,48.6161],[-6.62089,121.347,22.0903],[-10.7072,123.32,4.37715],[[[0.970393,-0.171392,-0.170186],[0.170345,0.985164,-0.0208431],[0.171233,-0.00876434,0.985192]],[[0.955843,-0.170342,-0.239475],[0.230831,0.93951,0.253055],[0.181884,-0.29716,0.937344]],[[0.955843,-0.170342,-0.239475],[0.210544,0.965435,0.153641],[0.205026,-0.197276,0.958669]],[[0.955843,-0.170342,-0.239475],[0.190846,0.979463,0.065038],[0.223478,-0.107869,0.968722]]],2],[983,[-0.119693,0.12024,-0.985503],98,62.6906,[27.6805,113.984,18.8226],[20.2507,114.283,13.1829],[-503.964,7.89625,-383.827],false,[30.7622,100.188,156.63],[29.481,100.415,95.6931],[25.5574,110.295,53.5385],[22.3311,113.536,26.9745],[19.7197,114.039,8.98998],[[[0.969393,-0.244588,-0.021293],[0.244612,0.96962,-0.00153246],[0.0210209,-0.00372296,0.999772]],[[0.95917,-0.242206,-0.146046],[0.268045,0.943231,0.196128],[0.0902514,-0.227267,0.969641]],[[0.95917,-0.242206,-0.146046],[0.256256,0.962745,0.0863398],[0.119693,-0.12024,0.985503]],[[0.95917,-0.242206,-0.146046],[0.24364,0.96983,-0.00826148],[0.143641,-0.0276585,0.989243]]],3],[984,[0.00589004,0.0541969,-0.998513],98,49.1483,[59.8354,103.336,43.0751],[50.7154,103.373,34.993],[-462.141,-79.4061,-429.544],false,[42.1668,92.3494,156.113],[48.9658,94.5334,100.146],[51.3845,101.546,66.5494],[51.4966,102.577,47.5464],[50.6912,101.372,30.8373],[[[0.911479,-0.4002,0.0951108],[0.3933,0.91561,0.083508],[-0.120504,-0.0387087,0.991958]],[[0.919229,-0.393401,-0.0159305],[0.387397,0.896492,0.215003],[-0.0703009,-0.203809,0.976483]],[[0.919229,-0.393401,-0.0159305],[0.39368,0.917768,0.0521365],[-0.00589004,-0.0541969,0.998513]],[[0.919229,-0.393401,-0.