{"metadata":{"formatVersion":2,"generatedBy":"LeapJS Playback 0.2.1","frames":1,"protocolVersion":6,"serviceVersion":"2.2.2+24469","frameRate":"1.1e+2","modified":"Mon Feb 16 2015 20:14:38 GMT-0200 (E. South America Daylight Time)"},"frames":[["id","timestamp",{"hands":[["id","type","direction","palmNormal","palmPosition","palmVelocity","stabilizedPalmPosition","pinchStrength","grabStrength","confidence","armBasis","armWidth","elbow","wrist"]]},{"pointables":[["id","direction","handId","length","stabilizedTipPosition","tipPosition","tipVelocity","tool","carpPosition","mcpPosition","pipPosition","dipPosition","btipPosition","bases","type"]]},{"interactionBox":["center","size"]}],[3643,120693333659,[[2,"left",[0.0695366,0.092435,-0.993288],[-0.141882,-0.984659,-0.101565],[-24.4737,177.132,84.7732],[3.45927,19.3673,8.31498],[-26.5805,167.098,89.0635],0,0,1,[[-0.786888,0.32374,-0.525357],[0.114991,0.913351,0.390598],[-0.606288,-0.246945,0.755932]],61.3895,[-192.463,113.272,333.102],[-34.7525,177.508,136.465]]],[[20,[0.767731,-0.146226,-0.623865],2,50.2103,[57.2403,138.173,75.2737],[62.2451,147.369,79.4149],[6.5457,19.3578,14.7014],false,[-9.33762,162.894,140.203],[-9.33762,162.894,140.203],[19.4237,152.166,103.183],[44.6426,147.362,82.6897],[66.7911,148.502,78.6229],[[[-0.256871,0.958295,-0.125255],[0.830998,0.285177,0.477616],[-0.493416,-0.0185987,0.869594]],[[-0.113228,0.927335,-0.356693],[0.793421,0.300481,0.529334],[-0.598049,0.223073,0.76979]],[[-0.113228,0.927335,-0.356693],[0.63069,0.344483,0.695386],[-0.767731,0.146226,0.623865]],[[-0.113228,0.927335,-0.356693],[0.149221,0.370801,0.916646],[-0.9823,-0.0505635,0.180363]]],0],[21,[0.286756,-0.375525,-0.881335],2,56.6567,[20.8947,148.381,-4.95152],[24.3161,150.341,-7.01612],[12.5731,20.1545,6.49164],false,[-13.6207,183.546,131.447],[1.31365,177.838,62.3945],[14.0813,165.587,24.9763],[20.7588,156.843,4.45318],[25.1888,149.71,-9.70514],[[[-0.961745,0.161411,-0.221344],[0.175074,0.983597,-0.0434333],[-0.210703,0.0805234,0.974228]],[[-0.920235,0.147794,-0.362386],[0.240868,0.943691,-0.226783],[-0.308463,0.295981,0.904016]],[[-0.920235,0.147794,-0.362386],[0.266341,0.914952,-0.303191],[-0.286756,0.375525,0.881335]],[[-0.920235,0.147794,-0.362386],[0.284144,0.889048,-0.358964],[-0.269126,0.433301,0.860129]]],1],[22,[0.0435855,-0.342605,-0.938468],2,64.5557,[-18.5497,153.961,-20.6483],[-15.6795,155.357,-22.6891],[15.3714,20.4843,3.42091],false,[-24.5004,187.007,128.225],[-19.3355,183.037,61.3251],[-17.2386,171.355,16.43],[-16.0446,161.969,-9.28062],[-15.2815,154.566,-25.7847],[[[-0.997029,0.000745606,-0.0770181],[0.00529095,0.998254,-0.0588293],[-0.0768398,0.0590621,0.995293]],[[-0.998877,0.0025064,-0.0473061],[0.0143238,0.967837,-0.251172],[-0.045155,0.251567,0.966786]],[[-0.998877,0.0025064,-0.0473061],[0.0185595,0.939476,-0.342111],[-0.0435855,0.342605,0.938468]],[[-0.998877,0.0025064,-0.0473061],[0.0216297,0.912562,-0.408366],[-0.0421462,0.408931,0.911591]]],2],[23,[-0.123154,-0.383854,-0.915145],2,62.0721,[-53.1651,157.964,-10.9064],[-52.0752,160.479,-12.2871],[14.0642,18.9418,2.78871],false,[-36.1778,187.835,126.48],[-40.5587,185.579,66.3327],[-46.9372,179.199,24.2433],[-50.224,168.954,-0.180861],[-51.9997,159.038,-15.0988],[[[-0.995013,-0.0658258,0.0749422],[-0.068408,0.99713,-0.0324239],[0.0725929,0.0373888,0.996661]],[[-0.985337,-0.0624356,0.158788],[-0.0845837,0.986982,-0.13679],[0.14818,0.148215,0.977791]],[[-0.985337,-0.0624356,0.158788],[-0.118089,0.921281,-0.370536],[0.123154,0.383854,0.915145]],[[-0.985337,-0.0624356,0.158788],[-0.139213,0.832258,-0.536625],[0.0986481,0.550861,0.828746]]],3],[24,[-0.426513,-0.375263,-0.822961],2,48.6634,[-90.0168,162.609,18.0767],[-90.0934,163.584,17.8039],[7.26405,14.9483,3.88271],false,[-48.6613,182.231,127.354],[-60.0765,183.509,72.6831],[-77.1364,178,43.716],[-85.1733,170.928,28.2086],[-91.048,162.17,15.3808],[[[-0.954851,-0.2249,0.194111],[-0.215652,0.974113,0.067808],[0.204337,-0.022886,0.978633]],[[-0.822083,-0.218592,0.525734],[-0.270904,0.96232,-0.0234924],[0.500789,0.161736,0.850324]],[[-0.822083,-0.218592,0.525734],[-0.377181,0.900775,-0.215265],[0.426513,0.375263,0.822961]],[[-0.822083,-0.218592,0.525734],[-0.446131,0.821009,-0.356247],[0.35376,0.527411,0.772458]]],4]],[[0,200,0],[235.247,235.247,147.751]]]]}