{"metadata":{"formatVersion":2,"generatedBy":"LeapJS Playback 0.2.1","frames":1,"protocolVersion":6,"serviceVersion":"2.2.2+24469","frameRate":"1.1e+2","modified":"Mon Feb 16 2015 20:32:46 GMT-0200 (E. South America Daylight Time)"},"frames":[["id","timestamp",{"hands":[["id","type","direction","palmNormal","palmPosition","palmVelocity","stabilizedPalmPosition","pinchStrength","grabStrength","confidence","armBasis","armWidth","elbow","wrist"]]},{"pointables":[["id","direction","handId","length","stabilizedTipPosition","tipPosition","tipVelocity","tool","carpPosition","mcpPosition","pipPosition","dipPosition","btipPosition","bases","type"]]},{"interactionBox":["center","size"]}],[26342,121764759635,[[9,"left",[0.239382,0.703875,-0.668772],[0.170669,0.647568,0.742649],[-35.2956,163.731,111.508],[-18.1091,-0.228841,-39.8464],[-30.6271,161.207,115.941],1,0,0.938042,[[0.974374,-0.224407,-0.0153775],[-0.143046,-0.565447,-0.812286],[-0.173587,-0.79367,0.583057]],58.687,[-84.3364,-73.267,287.05],[-41.1699,124.098,142.06]]],[[90,[0.278428,0.955489,-0.0975601],9,47.9999,[-54.9693,217.422,140.561],[-55.9364,217.303,139.835],[-60.9394,-4.2349,-57.8618],false,[-65.3227,135.985,150.638],[-65.3227,135.985,150.638],[-78.3514,179.256,142.18],[-69.6081,209.261,139.117],[-50.8914,219.863,140.497],[[[0.278675,-0.55932,-0.780706],[-0.938976,-0.329367,-0.0992013],[0.201654,-0.760709,0.616974]],[[0.154012,-0.144678,-0.977419],[-0.946558,-0.305323,-0.103955],[0.283389,-0.941194,0.183969]],[[0.154012,-0.144678,-0.977419],[-0.948029,0.257115,-0.187439],[-0.278428,-0.955489,0.0975601]],[[0.154012,-0.144678,-0.977419],[-0.471488,0.858572,-0.201379],[-0.86832,-0.491856,-0.0640163]]],0],[91,[0.0933463,-0.200031,0.975333],9,54.1625,[-43.5995,204.931,145.341],[-44.0269,204.153,144.865],[-53.4145,32.3795,-57.9586],false,[-58.937,129.092,130.932],[-52.1623,185.381,93.8269],[-46.0226,218.474,114.632],[-43.9446,214.022,136.344],[-43.909,202.691,147.264],[[[0.982431,-0.169589,-0.077897],[-0.157581,-0.530202,-0.833099],[-0.0999834,-0.830738,0.547611]],[[0.987071,-0.109606,-0.116949],[-0.0401788,0.537142,-0.842534],[-0.155165,-0.83634,-0.525794]],[[0.987071,-0.109606,-0.116949],[0.130296,0.97364,0.187214],[-0.0933463,0.200031,-0.975333]],[[0.987071,-0.109606,-0.116949],[0.160267,0.685215,0.710489],[-0.00226113,0.720046,-0.693922]]],1],[92,[0.185377,0.980964,-0.0578385],9,61.7138,[-13.6779,256.355,79.0621],[-16.3539,257.232,77.8009],[-73.8771,16.0494,-37.5034],false,[-48.1082,126.809,128.455],[-33.0895,178.244,92.9888],[-23.7046,219.065,78.2822],[-18.8495,244.757,76.7674],[-16.1375,261.659,79.32],[[[0.972264,-0.187378,0.139976],[0.00862248,-0.56935,-0.82205],[-0.233729,-0.800456,0.551943]],[[0.975344,-0.176504,0.132477],[0.0633461,-0.351119,-0.934186],[-0.211403,-0.919544,0.331281]],[[0.975344,-0.176504,0.132477],[0.119746,-0.0809707,-0.989497],[-0.185377,-0.980964,0.0578385]],[[0.975344,-0.176504,0.132477],[0.155406,0.123093,-0.980152],[-0.156694,-0.976573,-0.147488]]],2],[93,[0.424042,0.891432,-0.159807],9,59.3395,[20.2582,235.835,78.5358],[20.3961,235.197,77.3399],[-55.8413,39.0945,-21.6057],false,[-36.9776,124.832,128.932],[-15.2726,168.186,97.6644],[4.15838,200.994,82.1905],[14.9774,223.738,78.1132],[21.3563,239.719,78.3156],[[[0.923836,-0.259672,0.281242],[0.0706091,-0.606509,-0.791935],[-0.376219,-0.751476,0.54198]],[[0.86961,-0.351502,0.346735],[0.144265,-0.490726,-0.859288],[-0.472194,-0.797266,0.376031]],[[0.86961,-0.351502,0.346735],[0.252918,-0.286,-0.924249],[-0.424042,-0.891432,0.159807]],[[0.86961,-0.351502,0.346735],[0.326142,-0.118302,-0.937889],[-0.37069,-0.928682,-0.0117632]]],3],[94,[0.633014,0.73871,-0.231518],9,46.5211,[41.5805,203.042,88.2482],[40.9941,203.118,87.1941],[-10.0527,34.0307,5.70186],false,[-25.8572,124.578,135.868],[0.617511,160.281,106.263],[23.1176,180.21,93.7265],[34.5206,193.517,89.5559],[43.5353,206.482,87.9233],[[[0.849633,-0.241096,0.469038],[0.179922,-0.703507,-0.687536],[-0.495734,-0.668544,0.554344]],[[0.692142,-0.406108,0.59667],[0.208798,-0.678677,-0.704132],[-0.6909,-0.611943,0.384946]],[[0.692142,-0.406108,0.59667],[0.346745,-0.537944,-0.768365],[-0.633014,-0.73871,0.231518]],[[0.692142,-0.406108,0.59667],[0.44553,-0.409993,-0.79587],[-0.56784,-0.816689,0.10284]]],4]],[[0,200,0],[235.247,235.247,147.751]]]]}