{"metadata":{"formatVersion":2,"generatedBy":"LeapJS Playback 0.2.1","frames":1,"frameRate":"1.0e+2","modified":"Tue Mar 17 2015 20:45:03 GMT-0300 (E. South America Standard Time)","title":"4"},"frames":[["id","timestamp",{"hands":[["id","type","direction","palmNormal","palmPosition","palmVelocity","stabilizedPalmPosition","pinchStrength","grabStrength","confidence","armBasis","armWidth","elbow","wrist"]]},{"pointables":[["id","direction","handId","length","stabilizedTipPosition","tipPosition","tipVelocity","tool","carpPosition","mcpPosition","pipPosition","dipPosition","btipPosition","bases","type"]]},{"interactionBox":["center","size"]}],[98095,100362229597,[[196,"right",[-0.937136,-0.0199019,-0.348395],[-0.341564,0.256813,0.904091],[54.7452,130.848,36.2033],[-50.6658,26.8428,-8.95046],[58.3643,129.997,37.2552],0,0,0.268224,[[0.170916,-0.900328,0.400247],[0.56372,-0.243812,-0.789161],[0.808089,0.360507,0.465861]],60.3698,[310.284,216.056,171.284],[103.572,123.837,52.1144]]],[[1960,[-0.993063,-0.0126097,-0.116907],196,49.3763,[33.386,164.314,39.5813],[28.2414,165.397,35.5567],[-60.7646,19.1581,-33.6061],false,[105.046,152.627,55.8108],[105.046,152.627,55.8108],[71.5654,176.395,32.342],[39.4866,175.988,28.5656],[24.888,162.137,37.8765],[[[0.0938755,-0.622403,-0.777047],[0.576009,0.670554,-0.467515],[0.812035,-0.403698,0.421458]],[[0.0990921,-0.624984,-0.774323],[0.699298,0.597339,-0.392643],[0.707929,-0.502574,0.496242]],[[0.0990921,-0.624984,-0.774323],[0.0633011,0.780536,-0.621898],[0.993063,0.0126097,0.116907]],[[0.0990921,-0.624984,-0.774323],[-0.746124,0.468196,-0.473382],[0.658391,0.624649,-0.419921]]],0],[1961,[-0.977459,0.0529099,0.204386],196,55.7156,[-34.681,156.476,33.4542],[-39.8704,156.103,32.4639],[-54.7837,1.2378,-39.4213],false,[101.326,140.284,37.4212],[34.9419,152.77,20.231],[-5.47082,154.039,24.9195],[-27.8542,155.251,29.5999],[-43.4138,156.355,33.9254],[[[-0.227811,-0.955881,0.185457],[0.202524,-0.232816,-0.9512],[0.952411,-0.179135,0.246627]],[[-0.00300027,-0.971471,0.237138],[-0.119296,-0.235098,-0.964623],[0.992854,-0.0311839,-0.115188]],[[-0.00300027,-0.971471,0.237138],[-0.211102,-0.23118,-0.949732],[0.977459,-0.0529099,-0.204386]],[[-0.00300027,-0.971471,0.237138],[-0.275767,-0.22714,-0.934002],[0.96122,-0.0681972,-0.267218]]],1],[1962,[-0.988346,0.0813691,0.128651],196,63.4835,[-47.6066,138.338,33.783],[-51.5168,138.104,31.4907],[-46.3553,6.72023,-8.79303],false,[98.4924,128.977,37.8898],[34.0509,132.08,23.5078],[-11.4848,134.377,26.0828],[-38.1121,136.569,29.5488],[-55.5234,138.418,32.7751],[[[-0.128208,-0.917505,0.376493],[0.181955,-0.394943,-0.900507],[0.974913,-0.0469474,0.217579]],[[-0.0237774,-0.917294,0.397501],[-0.0717096,-0.395024,-0.915868],[0.997142,-0.0502816,-0.0563861]],[[-0.0237774,-0.917294,0.397501],[-0.150355,-0.38981,-0.908538],[0.988346,-0.0813691,-0.128651]],[[-0.0237774,-0.917294,0.397501],[-0.207518,-0.384424,-0.89953],[0.977942,-0.103877,-0.181214]]],2],[1963,[-0.997474,0.0530614,0.0472242],196,61.041,[-39.4949,114.423,33.618],[-43.7115,115.583,32.3568],[-44.8511,-0.47011,-25.588],false,[96.405,118.05,41.3131],[38.2983,112.195,30.7611],[-4.0188,113.19,30.3803],[-30.198,114.583,31.6198],[-47.7792,115.911,33.1974],[[[0.00330665,-0.882013,0.471214],[0.203315,-0.460781,-0.863912],[0.979108,0.0986616,0.177803]],[[-0.0249951,-0.884496,0.465877],[-0.00299898,-0.465955,-0.884804],[0.999683,-0.0235129,0.00899399]],[[-0.0249951,-0.884496,0.465877],[-0.0664897,-0.46352,-0.883588],[0.997474,-0.0530614,-0.0472242]],[[-0.0249951,-0.884496,0.465877],[-0.113773,-0.460478,-0.88035],[0.993192,-0.0750088,-0.0891223]]],3],[1964,[-0.995932,-0.0537258,0.0723413],196,47.855,[-16.8618,88.2225,45.799],[-21.3741,90.5785,44.5107],[-42.2473,11.5465,-15.4686],false,[95.2586,109.034,51.2736],[42.8319,95.7119,41.683],[9.50072,92.395,42.2221],[-8.95435,91.3995,43.5626],[-25.1758,91.0711,45.4183],[[[0.0829662,-0.776326,0.624848],[0.287052,-0.581818,-0.760979],[0.954315,0.2425,0.174575]],[[0.0872633,-0.775226,0.625628],[0.0494702,-0.623876,-0.779956],[0.994956,0.0990115,-0.0160909]],[[0.0872633,-0.775226,0.625628],[-0.0224685,-0.629395,-0.77676],[0.995932,0.0537258,-0.0723413]],[[0.0872633,-0.775226,0.625628],[-0.0755116,-0.631364,-0.771801],[0.993319,0.0201078,-0.113634]]],4]],[[0,200,0],[235.247,235.247,147.751]]]]}