{"metadata":{"formatVersion":2,"generatedBy":"LeapJS Playback 0.2.1","frames":1,"frameRate":"1.0e+2","modified":"Tue Mar 17 2015 20:45:20 GMT-0300 (E. South America Standard Time)","title":"4"},"frames":[["id","timestamp",{"hands":[["id","type","direction","palmNormal","palmPosition","palmVelocity","stabilizedPalmPosition","pinchStrength","grabStrength","confidence","armBasis","armWidth","elbow","wrist"]]},{"pointables":[["id","direction","handId","length","stabilizedTipPosition","tipPosition","tipVelocity","tool","carpPosition","mcpPosition","pipPosition","dipPosition","btipPosition","bases","type"]]},{"interactionBox":["center","size"]}],[98172,100362978334,[[196,"right",[-0.931842,-0.0100062,-0.362726],[-0.354281,0.241224,0.903491],[51.1724,136.524,22.3456],[-33.6784,26.632,-83.749],[52.3018,134.734,34.0413],0,0,0.233786,[[0.0281005,-0.953345,0.300573],[0.571069,-0.231481,-0.787589],[0.820421,0.19378,0.537921]],60.3698,[309.597,178.61,176.457],[99.7296,129.04,38.8541]]],[[1960,[-0.991234,-0.00685018,-0.131941],196,49.3763,[27.2531,168.321,35.027],[24.7984,171.167,21.9639],[-36.2995,24.7696,-103.71],false,[101.245,157.751,43.1078],[101.245,157.751,43.1078],[68.2012,182.073,19.5878],[36.1814,181.852,15.3257],[21.4,167.883,24.1586],[[[0.103474,-0.608203,-0.787008],[0.585246,0.677013,-0.446251],[0.804226,-0.414418,0.426002]],[[0.108614,-0.61084,-0.784269],[0.707126,0.601981,-0.370932],[0.698696,-0.514289,0.497324]],[[0.108614,-0.61084,-0.784269],[0.0752224,0.791724,-0.606229],[0.991234,0.00685018,0.131941]],[[0.108614,-0.61084,-0.784269],[-0.737424,0.479558,-0.475637],[0.66664,0.629999,-0.398361]]],0],[1961,[-0.975611,0.0758168,0.205997],196,55.7156,[-40.8452,162.441,32.9719],[-42.9374,164.049,19.0975],[-33.8938,29.6003,-79.7696],false,[97.7614,145.766,24.4378],[31.686,158.811,6.48908],[-8.67723,161.113,11.2104],[-31.0183,162.849,15.9277],[-46.5423,164.292,20.2812],[[[-0.233802,-0.958322,0.164184],[0.216047,-0.215848,-0.952225],[0.947977,-0.187161,0.257509]],[[-0.0306081,-0.976276,0.214355],[-0.125366,-0.209013,-0.969844],[0.991638,-0.0565579,-0.115994]],[[-0.0306081,-0.976276,0.214355],[-0.217362,-0.202822,-0.954786],[0.975611,-0.0758168,-0.205997]],[[-0.0306081,-0.976276,0.214355],[-0.281667,-0.19734,-0.939],[0.959024,-0.0891179,-0.268945]]],1],[1962,[-0.989184,0.0372546,0.141869],196,63.4835,[-52.2081,140.985,30.6301],[-54.9009,140.763,18.8849],[-35.9227,-18.8854,-75.4167],false,[94.8826,134.463,24.6531],[30.6759,138.068,9.36628],[-14.8709,138.406,12.6483],[-41.5208,139.41,16.4704],[-58.96,140.459,19.8988],[[[-0.136959,-0.923865,0.357374],[0.19417,-0.378813,-0.904875],[0.97136,-0.0545396,0.231269]],[[0.0212558,-0.920589,0.389953],[-0.0690536,-0.390462,-0.918026],[0.997386,-0.00741427,-0.0718696]],[[0.0212558,-0.920589,0.389953],[-0.14513,-0.388751,-0.909841],[0.989184,-0.0372546,-0.141869]],[[0.0212558,-0.920589,0.389953],[-0.200261,-0.386057,-0.900475],[0.979512,-0.0589521,-0.192564]]],2],[1963,[-0.998587,0.0415663,0.0331098],196,61.041,[-44.9319,116.494,30.9472],[-47.302,119.886,17.0141],[-33.3672,24.9955,-67.7972],false,[92.707,123.482,27.8406],[34.7465,118.035,16.3108],[-7.56571,118.503,15.1575],[-33.7741,119.593,16.0265],[-51.3847,120.732,17.4122],[[[-0.00676804,-0.890618,0.454702],[0.214755,-0.445397,-0.869196],[0.976645,0.0917667,0.194279]],[[-0.0221547,-0.891953,0.451584],[0.0193197,-0.451993,-0.891812],[0.999568,-0.0110333,0.027246]],[[-0.0221547,-0.891953,0.451584],[-0.0483031,-0.450213,-0.891614],[0.998587,-0.0415663,-0.0331098]],[[-0.0221547,-0.891953,0.451584],[-0.0988823,-0.447525,-0.888788],[0.994852,-0.0643445,-0.0782836]]],3],[1964,[-0.996428,-0.0567271,0.062548],196,47.855,[-22.4047,90.5622,43.6145],[-25.0758,95.6053,29.5291],[-31.9985,43.2486,-61.387],false,[91.3803,114.286,37.6132],[39.0594,101.336,26.9907],[5.75638,97.7094,26.8683],[-12.7079,96.6582,28.0274],[-28.9342,96.3592,29.8448],[[[0.0709233,-0.788094,0.611455],[0.296523,-0.568629,-0.767291],[0.952389,0.235729,0.193359]],[[0.0832254,-0.784982,0.613903],[0.0693255,-0.609987,-0.789373],[0.994116,0.108255,0.00365285]],[[0.0832254,-0.784982,0.613903],[-0.0142741,-0.616916,-0.786899],[0.996429,0.0567271,-0.062548]],[[0.0832254,-0.784982,0.613903],[-0.076121,-0.619248,-0.781497],[0.993619,0.0183095,-0.111291]]],4]],[[0,200,0],[235.247,235.247,147.751]]]]}