{"metadata":{"formatVersion":2,"generatedBy":"LeapJS Playback 0.2.1","frames":1,"frameRate":"1.0e+2","modified":"Tue Mar 17 2015 20:47:23 GMT-0300 (E. South America Standard Time)","title":"b"},"frames":[["id","timestamp",{"hands":[["id","type","direction","palmNormal","palmPosition","palmVelocity","stabilizedPalmPosition","pinchStrength","grabStrength","confidence","armBasis","armWidth","elbow","wrist"]]},{"pointables":[["id","direction","handId","length","stabilizedTipPosition","tipPosition","tipVelocity","tool","carpPosition","mcpPosition","pipPosition","dipPosition","btipPosition","bases","type"]]},{"interactionBox":["center","size"]}],[101261,100412071685,[[201,"right",[-0.260915,0.755913,-0.600433],[-0.0420084,-0.630278,-0.775232],[42.6282,82.2115,60.8808],[1.97482,-0.339291,0.651096],[38.8839,88.361,53.2662],0,0,0.960938,[[0.847759,0.159462,-0.505843],[-0.178316,0.983908,0.0113226],[0.499508,0.0806008,0.862551]],63.72,[199.118,67.2268,328.046],[64.2508,45.4646,95.1575]]],[[2010,[0.0614657,0.38907,-0.919155],201,52.1164,[31.3848,73.8295,1.04192],[32.4298,71.5457,5.3428],[1.03773,-0.652691,0.884911],false,[37.1955,31.0236,94.4331],[37.1955,31.0236,94.4331],[22.6197,53.3883,52.2533],[24.7154,66.6539,20.9142],[34.6265,72.9981,0.684254],[[[0.374751,0.782484,0.497273],[-0.655569,-0.155623,0.738926],[0.655585,-0.60291,0.454652]],[[0.23085,0.890385,0.392329],[-0.928141,0.0805065,0.363418],[0.291997,-0.448032,0.844988]],[[0.23085,0.890385,0.392329],[-0.971046,0.236302,0.0350886],[-0.0614657,-0.38907,0.919155]],[[0.23085,0.890385,0.392329],[-0.875995,0.365692,-0.314489],[-0.423488,-0.271079,0.864393]]],0],[2011,[-0.143182,0.929025,-0.341192],201,58.8075,[-5.20522,180.107,22.5612],[0.634901,173.205,26.9778],[3.18799,0.436699,1.47452],false,[43.0036,52.8642,101.584],[12.05,98.0392,52.4558],[6.04693,138.847,40.4361],[2.58616,161.302,32.1893],[0.0938219,176.78,25.3972],[[[0.906948,0.301452,-0.294232],[-0.0206324,0.729436,0.683738],[0.420738,-0.614044,0.66778]],[[0.988505,0.117333,-0.0953457],[0.0577369,0.28988,0.95532],[0.139729,-0.949843,0.279774]],[[0.988505,0.117333,-0.0953457],[0.0485456,0.350922,0.935146],[0.143182,-0.929025,0.341192]],[[0.988505,0.117333,-0.0953457],[0.0397314,0.406874,0.91262],[0.145874,-0.905917,0.397536]]],1],[2012,[-0.0265721,0.931405,-0.363014],201,67.0064,[28.1127,196.828,14.7752],[30.9138,188.552,17.6023],[3.23358,-0.0384756,1.18009],false,[53.768,58.1396,98.7707],[33.3527,103.384,49.7425],[32.3512,148.829,33.7114],[31.5956,175.315,23.3886],[30.9947,192.599,16.0378],[[[0.945592,0.0869238,-0.313528],[0.142237,0.75624,0.638646],[0.292616,-0.648494,0.702731]],[[0.984188,-0.0392422,-0.172727],[0.175906,0.330923,0.927117],[0.0207773,-0.942841,0.332594]],[[0.984188,-0.0392422,-0.172727],[0.175124,0.361863,0.915634],[0.0265721,-0.931405,0.363014]],[[0.984188,-0.0392422,-0.172727],[0.174219,0.390502,0.903967],[0.0319767,-0.919765,0.391164]]],2],[2013,[0.00839262,0.924343,-0.381471],201,64.4285,[55.9571,183.575,14.615],[57.1899,182.825,16.9743],[-1.27356,1.54061,5.54923],false,[65.2156,60.4151,94.9363],[56.1136,102.377,49.3278],[56.9068,144.288,33.8647],[57.1393,169.894,23.2972],[57.1331,186.903,15.5643],[[[0.964915,-0.0667125,-0.253944],[0.218687,0.73946,0.63669],[0.145306,-0.669886,0.728106]],[[0.970807,-0.0989832,-0.218488],[0.239206,0.332106,0.912407],[-0.0177518,-0.938034,0.346088]],[[0.970807,-0.0989832,-0.218488],[0.239717,0.368501,0.898189],[-0.00839262,-0.924343,0.381471]],[[0.970807,-0.0989832,-0.218488],[0.239864,0.401867,0.883724],[0.000329294,-0.910332,0.413878]]],3],[2014,[0.180242,0.926499,-0.330322],201,50.5107,[90.1476,161.507,23.3736],[89.4527,160.164,25.1675],[-4.89572,2.98245,7.55774],false,[76.9732,56.0398,88.2152],[76.6944,96.9108,47.084],[83.5221,130.004,36.6665],[87.0474,148.125,30.2058],[89.9425,163.921,23.9439],[[[0.925761,-0.265053,-0.269652],[0.378077,0.657975,0.65125],[0.00480853,-0.704852,0.709338]],[[0.925754,-0.273273,-0.261343],[0.325104,0.222282,0.919183],[-0.193096,-0.935902,0.294621]],[[0.925754,-0.273273,-0.261343],[0.332403,0.258692,0.906966],[-0.180242,-0.926499,0.330322]],[[0.925754,-0.273273,-0.261343],[0.338775,0.29242,0.894272],[-0.167958,-0.916413,0.363288]]],4]],[[0,200,0],[235.247,235.247,147.751]]]]}