{"metadata":{"formatVersion":2,"generatedBy":"LeapJS Playback 0.2.1","frames":1,"frameRate":"1.1e+2","modified":"Tue Mar 17 2015 20:44:08 GMT-0300 (E. South America Standard Time)","title":"l"},"frames":[["id","timestamp",{"hands":[["id","type","direction","palmNormal","palmPosition","palmVelocity","stabilizedPalmPosition","pinchStrength","grabStrength","confidence","armBasis","armWidth","elbow","wrist"]]},{"pointables":[["id","direction","handId","length","stabilizedTipPosition","tipPosition","tipVelocity","tool","carpPosition","mcpPosition","pipPosition","dipPosition","btipPosition","bases","type"]]},{"interactionBox":["center","size"]}],[67395,99955164833,[[152,"right",[-0.359599,0.900805,-0.243388],[-0.247724,-0.343639,-0.905839],[86.6286,115.701,63.2902],[7.23183,-14.0535,-2.28667],[80.6064,116.715,58.8239],0,0,0.816434,[[0.891767,0.259739,-0.370523],[-0.322784,0.93901,-0.118617],[0.317115,0.225378,0.921218]],63.72,[199.596,131.417,326.432],[113.975,70.5653,77.7034]]],[[1520,[-0.781471,0.609196,0.134847],152,52.1164,[4.86197,112.891,96.1762],[6.60051,112.762,97.8816],[12.2936,-5.69321,2.43145],false,[86.8833,56.2041,78.6376],[86.8833,56.2041,78.6376],[48.2658,87.3023,84.4126],[21.621,108.073,89.0103],[2.13374,114.333,100.359],[[[0.513407,0.589951,0.623194],[-0.472886,-0.411502,0.779131],[0.716094,-0.694711,0.067712]],[[0.543946,0.559303,0.625542],[-0.325001,-0.546865,0.771565],[0.773626,-0.622991,-0.115691]],[[0.543946,0.559303,0.625542],[-0.305657,-0.562192,0.768449],[0.781471,-0.609196,-0.134847]],[[0.543946,0.559303,0.625542],[0.103902,-0.78463,0.611196],[0.832663,-0.267462,-0.484909]]],0],[1521,[-0.395688,0.758908,-0.517194],152,58.8075,[25.5428,202.058,34.3851],[24.6917,195.562,29.9749],[5.94084,-11.3898,3.02255],false,[95.135,74.7034,90.949],[55.6505,132.319,67.8423],[39.3915,167.986,50.2559],[29.8275,186.329,37.7551],[22.915,198.172,27.5638],[[[0.826474,0.412925,-0.382667],[0.169991,0.464955,0.868861],[0.536697,-0.783141,0.31408]],[[0.912174,0.259382,-0.317269],[0.157217,0.493462,0.855441],[0.378446,-0.830191,0.409343]],[[0.912174,0.259382,-0.317269],[0.106627,0.59731,0.794891],[0.395688,-0.758908,0.517194]],[[0.912174,0.259382,-0.317269],[0.06521,0.672461,0.737254],[0.404582,-0.693193,0.596487]]],1],[1522,[-0.139253,-0.807371,-0.573376],152,67.0064,[54.8686,131.584,16.0943],[53.8282,128.189,16.1917],[1.10937,20.4498,-2.48109],false,[105.175,80.9859,87.5818],[75.9588,139.007,62.1357],[52.8333,164.303,28.2449],[48.8735,141.345,11.9401],[55.2025,124.515,17.4032],[[[0.850215,0.217969,-0.479191],[0.319011,0.510764,0.798343],[0.418767,-0.831631,0.364725]],[[0.869528,0.177371,-0.460934],[0.117192,0.832531,0.541441],[0.479778,-0.524816,0.703122]],[[0.869528,0.177371,-0.460934],[-0.473845,0.562753,-0.677332],[0.139253,0.807371,0.573376]],[[0.869528,0.177371,-0.460934],[-0.361238,-0.408021,-0.838466],[-0.336791,0.895577,-0.290713]]],2],[1523,[-0.248062,-0.816912,-0.520692],152,64.4285,[76.6695,130.853,14.5811],[76.1374,127.412,14.1895],[5.57276,4.39632,-1.92489],false,[115.513,84.7927,82.1434],[97.9396,138.997,56.1281],[79.8471,163.488,23.4306],[72.9753,140.858,9.00633],[77.0416,123.869,15.634],[[[0.87609,0.0540839,-0.479105],[0.392126,0.498261,0.773287],[0.280542,-0.865339,0.415314]],[[0.88375,0.029328,-0.467039],[0.23454,0.835872,0.496295],[0.40494,-0.548141,0.731824]],[[0.88375,0.029328,-0.467039],[-0.3968,0.576017,-0.714671],[0.248062,0.816912,0.520692]],[[0.88375,0.029328,-0.467039],[-0.414269,-0.415135,-0.809965],[-0.217639,0.909287,-0.354726]]],3],[1524,[-0.407089,-0.765776,-0.497861],152,50.5107,[95.6565,133.654,19.2334],[95.8677,129.235,18.3383],[6.3728,-6.68059,-0.037087],false,[125.193,83.2713,71.822],[117.184,135.296,47.5004],[101.761,156.875,24.1176],[93.799,141.898,14.38],[96.4503,125.66,19.5193],[[[0.825757,-0.129509,-0.548956],[0.546851,0.422186,0.722989],[0.138129,-0.89721,0.419445]],[[0.81087,-0.0520927,-0.582903],[0.390184,0.79047,0.472138],[0.436172,-0.610282,0.661294]],[[0.81087,-0.0520927,-0.582903],[-0.420438,0.640994,-0.642151],[0.407089,0.765776,0.497861]],[[0.81087,-0.0520927,-0.582903],[-0.564651,-0.331429,-0.75586],[-0.153816,0.942041,-0.29816]]],4]],[[0,200,0],[235.247,235.247,147.751]]]]}