{"metadata":{"formatVersion":2,"generatedBy":"LeapJS Playback 0.2.1","frames":50,"frameRate":"1.1e+2","modified":"Fri Mar 20 2015 19:21:43 GMT-0300 (E. South America Standard Time)","title":"nome"},"frames":[["id","timestamp",{"hands":[["id","type","direction","palmNormal","palmPosition","palmVelocity","stabilizedPalmPosition","pinchStrength","grabStrength","confidence","armBasis","armWidth","elbow","wrist"]]},{"pointables":[["id","direction","handId","length","stabilizedTipPosition","tipPosition","tipVelocity","tool","carpPosition","mcpPosition","pipPosition","dipPosition","btipPosition","bases","type"]]},{"interactionBox":["center","size"]}],[46677,99629882968,[[125,"right",[0.369614,0.86091,-0.349599],[0.324955,-0.472248,-0.819381],[-8.60144,86.4878,68.7938],[408.294,-133.914,247.248],[-10.1014,87.2454,67.7245],0.39029,0,0.293253,[[0.778059,-0.15957,0.607586],[0.235157,0.970861,-0.0461596],[-0.582516,0.178793,0.792911]],61.7915,[-175.402,88.7982,301.498],[-22.883,41.9851,93.8916]]],[[1250,[0.66492,0.522242,-0.53399],125,50.5391,[11.5428,96.5372,16.9461],[12.6719,97.1102,18.3345],[559.499,-115.465,287.032],false,[-44.7717,39.4142,73.9108],[-44.7717,39.4142,73.9108],[-17.8122,68.307,45.9535],[4.17254,85.5742,28.2978],[15.9995,99.5952,14.9333],[[[0.131766,0.514229,0.84747],[-0.990154,0.027521,0.137252],[0.0472557,-0.857211,0.512792]],[[0.123964,0.627852,0.768398],[-0.821252,0.499544,-0.275683],[-0.556937,-0.596873,0.57755]],[[0.123964,0.627852,0.768398],[-0.736556,0.577118,-0.352732],[-0.66492,-0.522242,0.53399]],[[0.123964,0.627852,0.768398],[-0.844433,0.473426,-0.250602],[-0.52112,-0.617795,0.588866]]],0],[1251,[0.283275,0.453021,-0.845297],125,57.0277,[-2.00392,150.311,-15.0746],[-1.67624,150.744,-13.8019],[628.442,-141.938,270.995],false,[-40.2895,55.822,89.3732],[-21.4553,112.944,51.0045],[-10.2214,134.401,17.1054],[-3.58178,145.019,-2.7074],[1.25563,151.784,-17.0374],[[[0.920212,-0.0420154,0.389159],[-0.288991,0.597632,0.747877],[-0.263996,-0.800669,0.537806]],[[0.941552,0.0361771,0.334921],[-0.201925,0.856418,0.475158],[-0.269642,-0.515015,0.813666]],[[0.941552,0.0361771,0.334921],[-0.182307,0.890765,0.416295],[-0.283275,-0.453021,0.845297]],[[0.941552,0.0361771,0.334921],[-0.168041,0.912126,0.373882],[-0.291964,-0.408309,0.864893]]],1],[1252,[0.215136,0.501345,-0.838075],125,64.9785,[11.3821,156.292,-13.4472],[15.586,155.384,-10.6866],[528.24,-2.16425,369.768],false,[-29.7461,56.7696,94.8973],[-3.50436,109.984,62.3859],[6.36062,136.332,25.0599],[12.2932,150.157,1.94936],[16.2532,158.463,-13.7801],[[[0.911778,-0.251064,0.325005],[-0.134984,0.564201,0.814528],[-0.387867,-0.786539,0.480536]],[[0.975438,-0.0687498,0.209271],[-0.0630648,0.823114,0.564363],[-0.211054,-0.563699,0.798561]],[[0.975438,-0.0687498,0.209271],[-0.0472995,0.862512,0.503822],[-0.215136,-0.501345,0.838075]],[[0.975438,-0.0687498,0.209271],[-0.0360409,0.88743,0.45953],[-0.217306,-0.455786,0.863156]]],2],[1253,[-0.329769,-0.912536,-0.241932],125,62.4785,[4.79673,51.1429,30.2586],[5.58825,50.291,31.4616],[624.262,-104.357,271.72],false,[-18.7464,54.9116,99.0791],[12.6326,100.588,74.2012],[21.6835,87.2541,33.9823],[12.8247,62.7402,27.4832],[4.1288,47.4446,31.8084],[[[0.852326,-0.405886,0.329844],[-0.081792,0.519461,0.85057],[-0.516576,-0.751942,0.409552]],[[0.858748,-0.396409,0.324673],[0.467884,0.86496,-0.181463],[-0.208896,0.30774,0.928256]],[[0.858748,-0.396409,0.324673],[0.39218,0.100691,-0.914361],[0.329769,0.912536,0.241932]],[[0.858748,-0.396409,0.324673],[0.179456,-0.360827,-0.915204],[0.479946,0.844194,-0.238722]]],3],[1254,[-0.547038,-0.75513,-0.361287],125,48.982,[10.6997,56.9101,42.3901],[12.5722,56.301,43.4759],[571.038,-90.5225,306.13],false,[-7.19795,47.3547,99.1687],[27.3816,88.2556,82.0453],[32.1042,80.1546,49.0633],[21.7286,65.8322,42.2109],[10.2711,53.7875,43.9563],[[[0.788529,-0.570401,0.229925],[0.00645669,0.381521,0.924338],[-0.614964,-0.727382,0.304523]],[[0.718003,-0.645144,0.261268],[0.682278,0.726617,-0.080778],[-0.137728,0.236256,0.96188]],[[0.718003,-0.645144,0.261268],[0.430373,0.116481,-0.895104],[0.547039,0.75513,0.361287]],[[0.718003,-0.645144,0.261268],[0.120899,-0.254064,-0.959602],[0.68546,0.720583,-0.104421]]],4]],[[0,200,0],[235.247,235.247,147.751]]],[46678,99629891460,[[125,"right",[0.372752,0.856265,-0.357585],[0.332315,-0.48298,-0.810122],[-4.99874,84.7348,70.6423],[412.463,-152.865,239.52],[-6.84012,85.6408,69.5894],0.396589,0,0.325498,[[0.769621,-0.151675,0.620224],[0.23292,0.971129,-0.0515367],[-0.594501,0.184127,0.78273]],61.7915,[-175.163,88.775,301.136],[-19.5059,40.5654,96.1955]]],[[1250,[0.673741,0.510635,-0.534159],125,50.5391,[15.7847,94.5022,19.0115],[16.89,94.4533,20.1786],[543.794,-168.402,268.937],false,[-41.2139,37.7287,76.0541],[-41.2139,37.7287,76.0541],[-14.1058,66.2385,47.8484],[8.17056,83.122,30.1871],[20.313,96.8202,16.7708],[[[0.124135,0.525379,0.841764],[-0.991349,0.0292182,0.127959],[0.0426319,-0.850367,0.524461]],[[0.116878,0.640111,0.75934],[-0.820203,0.493338,-0.28963],[-0.560007,-0.588962,0.582681]],[[0.116878,0.640111,0.75934],[-0.729666,0.57403,-0.371587],[-0.673741,-0.510635,0.534159]],[[0.116878,0.640111,0.75934],[-0.836716,0.475355,-0.271928],[-0.53502,-0.60357,0.591149]]],0],[1251,[0.292002,0.441976,-0.84817],125,57.0277,[2.71939,148.213,-13.307],[2.80999,147.876,-12.7033],[600.706,-192.268,234.959],false,[-36.871,54.3395,91.3384],[-17.6918,110.953,52.3905],[-6.10362,131.962,18.3308],[0.740587,142.321,-1.54931],[5.72478,148.9,-15.9155],[[[0.916671,-0.0367748,0.397947],[-0.295708,0.607413,0.737296],[-0.268832,-0.793534,0.545924]],[[0.938256,0.0396232,0.343664],[-0.205694,0.862634,0.462118],[-0.278146,-0.504275,0.817522]],[[0.938256,0.0396232,0.343664],[-0.185498,0.896151,0.403117],[-0.292002,-0.441976,0.84817]],[[0.938256,0.0396232,0.343664],[-0.170823,0.916923,0.360654],[-0.300823,-0.397092,0.867078]]],1],[1252,[0.222506,0.493524,-0.840788],125,64.9785,[15.7779,155.071,-11.0101],[19.8754,152.824,-9.38582],[522.504,-80.2185,312.973],false,[-26.3777,55.3611,96.9442],[0.155974,108.145,63.9712],[10.3501,134.096,26.4555],[16.4859,147.705,3.2701],[20.5845,155.878,-12.4936],[[[0.908813,-0.246653,0.336483],[-0.142307,0.574882,0.805766],[-0.392183,-0.780175,0.48736]],[[0.973509,-0.0658984,0.218948],[-0.0686667,0.829108,0.554855],[-0.218096,-0.555191,0.802619]],[[0.973509,-0.0658984,0.218948],[-0.0526495,0.867232,0.495113],[-0.222506,-0.493524,0.840788]],[[0.973509,-0.0658984,0.218948],[-0.0411903,0.891359,0.451423],[-0.224909,-0.448483,0.865031]]],2],[1253,[-0.328226,-0.915824,-0.231376],125,62.4785,[8.78136,49.3004,32.5948],[9.53219,48.0786,33.9362],[581.687,-146.236,278.352],false,[-15.4162,53.5597,101.249],[16.1858,98.9071,76.0541],[25.5953,85.0395,36.099],[16.778,60.4372,29.8834],[8.03585,45.2141,34.368],[[[0.849319,-0.401404,0.342829],[-0.0894422,0.530628,0.842873],[-0.520247,-0.746531,0.41477]],[[0.855785,-0.391999,0.337594],[0.469541,0.862494,-0.188776],[-0.217172,0.320066,0.922168]],[[0.855785,-0.391999,0.337594],[0.399875,0.0872012,-0.912412],[0.328226,0.915824,0.231376]],[[0.855785,-0.391999,0.337594],[0.186619,-0.374709,-0.908166],[0.482499,0.840196,-0.247516]]],3],[1254,[-0.54405,-0.759482,-0.356646],125,48.982,[14.6231,55.3855,44.7163],[16.4426,54.2739,45.92],[540.96,-128.712,301.191],false,[-3.86901,46.0059,101.542],[30.8636,86.6813,84.1927],[35.94,78.1996,51.3593],[25.6211,63.7946,44.5949],[14.1367,51.7861,46.4119],[[[0.786423,-0.567229,0.244519],[-0.00186209,0.393682,0.919245],[-0.617685,-0.723371,0.308544]],[[0.715092,-0.642055,0.27642],[0.683173,0.725657,-0.0818299],[-0.148047,0.247358,0.957547]],[[0.715092,-0.642055,0.27642],[0.438922,0.104648,-0.89241],[0.54405,0.759482,0.356646]],[[0.715092,-0.642055,0.27642],[0.128791,-0.267652,-0.954869],[0.687063,0.71842,-0.108705]]],4]],[[0,200,0],[235.247,235.247,147.751]]],[46679,99629900521,[[125,"right",[0.377581,0.860618,-0.341715],[0.335844,-0.471184,-0.815595],[-1.41401,82.2576,72.6583],[407.812,-186.15,234.817],[-3.33728,83.4567,71.5705],0.413173,0,0.345295,[[0.758303,-0.158001,0.632465],[0.244531,0.968284,-0.0512888],[-0.604302,0.19355,0.772889]],61.7915,[-174.438,88.4134,299.785],[-16.2145,37.7366,97.4208]]],[[1250,[0.687077,0.507427,-0.520041],125,50.5391,[20.2517,92.1702,21.2381],[21.2641,92.1402,22.4501],[530.903,-195.804,263.707],false,[-37.8059,35.2867,77.1041],[-37.8059,35.2867,77.1041],[-10.6136,64.1212,49.3125],[12.1037,80.8986,32.118],[24.988,94.335,19.1359],[[[0.12053,0.511635,0.850707],[-0.992028,0.0303297,0.122312],[0.0367771,-0.858668,0.511212]],[[0.113856,0.631701,0.766805],[-0.819438,0.496117,-0.287034],[-0.561745,-0.595669,0.574126]],[[0.113856,0.631701,0.766805],[-0.717608,0.586064,-0.376254],[-0.687077,-0.507427,0.520041]],[[0.113856,0.631701,0.766805],[-0.815319,0.500449,-0.291215],[-0.567707,-0.592034,0.572017]]],0],[1251,[0.29914,0.466784,-0.832242],125,57.0277,[7.20072,147.36,-10.218],[7.39286,147.16,-9.2649],[567.545,-150.045,279.413],false,[-33.5069,51.6404,92.6753],[-13.9134,108.8,54.7454],[-2.00293,130.671,21.3457],[5.00858,141.612,1.83884],[10.1057,148.649,-12.2684],[[[0.914072,-0.0459485,0.40294],[-0.298405,0.596634,0.744971],[-0.274638,-0.801197,0.531656]],[[0.935532,0.0282498,0.352111],[-0.207491,0.85066,0.483038],[-0.285881,-0.524957,0.801681]],[[0.935532,0.0282498,0.352111],[-0.187871,0.88392,0.428241],[-0.29914,-0.466784,0.832242]],[[0.935532,0.0282498,0.352111],[-0.173604,0.904881,0.388653],[-0.30764,-0.424725,0.85145]]],1],[1252,[0.229199,0.506617,-0.831148],125,64.9785,[20.1469,153.809,-8.09968],[24.1566,151.576,-6.1035],[508.922,-97.1166,326.777],false,[-23.0454,52.5402,98.361],[3.85363,105.754,66.3896],[14.3605,132.257,29.3497],[20.6808,146.227,6.43015],[24.9013,154.655,-9.16636],[[[0.905952,-0.254805,0.338121],[-0.145532,0.562542,0.813859],[-0.397582,-0.786525,0.472554]],[[0.971924,-0.0724383,0.223866],[-0.0695327,0.820514,0.567381],[-0.224785,-0.567017,0.792441]],[[0.971924,-0.0724383,0.223866],[-0.0532074,0.859123,0.508997],[-0.229199,-0.506617,0.831148]],[[0.971924,-0.0724383,0.223866],[-0.0415322,0.883676,0.466253],[-0.231599,-0.46246,0.855858]]],2],[1253,[-0.329792,-0.911062,-0.247391],125,62.4785,[12.5604,47.3856,34.3517],[13.2387,46.1552,35.467],[533.742,-164.659,249.191],false,[-12.1163,50.6365,102.704],[19.78,96.2757,78.4234],[29.394,83.0103,38.3128],[20.5346,58.5358,31.667],[11.7157,43.2762,35.8682],[[[0.845946,-0.409448,0.341655],[-0.0930334,0.51754,0.850586],[-0.525091,-0.751335,0.399719]],[[0.852469,-0.399986,0.336612],[0.473349,0.863871,-0.172244],[-0.221894,0.306168,0.925756]],[[0.852469,-0.399986,0.336612],[0.405627,0.0998819,-0.908565],[0.329792,0.911062,0.247391]],[[0.852469,-0.399986,0.336612],[0.190752,-0.361506,-0.912648],[0.486734,0.842214,-0.231875]]],3],[1254,[-0.544417,-0.751075,-0.373493],125,48.982,[18.4708,53.5188,46.6295],[20.1618,52.2229,47.5801],[505.324,-154.695,268.292],false,[-0.594347,43.0425,102.949],[34.3695,83.8765,86.4578],[39.7324,75.9974,53.52],[29.4065,61.7519,46.436],[17.8533,49.7745,48.0044],[[[0.783152,-0.573501,0.240353],[-0.00634805,0.379131,0.925321],[-0.621798,-0.726193,0.293276]],[[0.710286,-0.649636,0.271047],[0.686318,0.724687,-0.0616095],[-0.156401,0.229785,0.960592]],[[0.710286,-0.649636,0.271047],[0.446212,0.117724,-0.887151],[0.544417,0.751075,0.373493]],[[0.710286,-0.649636,0.271047],[0.133267,-0.25399,-0.957982],[0.691183,0.716562,-0.0938301]]],4]],[[0,200,0],[235.247,235.247,147.751]]],[46680,99629908896,[[125,"right",[0.378457,0.862774,-0.335248],[0.33063,-0.4643,-0.82165],[2.25949,80.4206,74.3452],[415.77,-194.72,226.196],[0.0583143,81.6147,73.254],0.425062,0,0.400591,[[0.747936,-0.160304,0.644123],[0.250703,0.966745,-0.050512],[-0.614606,0.199263,0.763252]],61.7915,[-173.474,87.8795,298.591],[-12.5529,35.7067,98.7504]]],[[1250,[0.693725,0.503038,-0.515459],125,50.5391,[24.0861,90.2878,23.0177],[25.1,90.3192,24.1524],[514.155,-202.619,249.588],false,[-34.2469,33.5132,78.5138],[-34.2469,33.5132,78.5138],[-7.15503,62.5109,50.794],[15.7821,79.1432,33.7511],[28.9582,92.4426,20.9217],[[[0.126019,0.503112,0.854984],[-0.991349,0.0319837,0.127298],[0.0366993,-0.863629,0.50279]],[[0.119182,0.625634,0.770959],[-0.8201,0.499732,-0.278754],[-0.55967,-0.599041,0.572642]],[[0.119182,0.625634,0.770959],[-0.71031,0.596267,-0.374065],[-0.693725,-0.503038,0.515459]],[[0.119182,0.625634,0.770959],[-0.805443,0.514965,-0.293382],[-0.580567,-0.585997,0.565287]]],0],[1251,[0.298512,0.478387,-0.825855],125,57.0277,[10.8041,146.609,-7.74113],[11.1316,146.255,-6.8143],[533.201,-135.669,284.291],false,[-29.8272,49.7046,94.2203],[-10.2472,107.169,56.7467],[1.6644,129.444,23.6151],[8.66118,140.656,4.258],[13.7411,147.908,-9.74646],[[[0.915824,-0.0524138,0.398144],[-0.293162,0.590315,0.752053],[-0.274448,-0.805469,0.525259]],[[0.936613,0.019469,0.349824],[-0.202513,0.844854,0.495186],[-0.28591,-0.534642,0.795244]],[[0.936613,0.019469,0.349824],[-0.18343,0.877933,0.442252],[-0.298512,-0.478387,0.825855]],[[0.936613,0.019469,0.349824],[-0.169564,0.898925,0.403958],[-0.306601,-0.43767,0.845246]]],1],[1252,[0.226742,0.515089,-0.826602],125,64.9785,[23.7417,152.729,-5.73203],[27.6524,150.499,-3.82539],[485.756,-105.946,312.813],false,[-19.3365,50.5201,99.8646],[7.56556,103.961,68.2769],[17.9773,130.789,31.445],[24.2299,144.993,8.65085],[28.4008,153.595,-6.86363],[[[0.906794,-0.260615,0.331368],[-0.140065,0.555128,0.819887],[-0.397627,-0.789881,0.466884]],[[0.972741,-0.0774107,0.218591],[-0.0644683,0.815201,0.575579],[-0.222751,-0.573982,0.787989]],[[0.972741,-0.0774107,0.218591],[-0.0486058,0.853634,0.518601],[-0.226742,-0.515089,0.826602]],[[0.972741,-0.0774107,0.218591],[-0.0372762,0.87818,0.476876],[-0.228877,-0.472025,0.851356]]],2],[1253,[-0.333881,-0.907783,-0.253876],125,62.4785,[15.8515,45.8638,35.6916],[16.6391,44.654,36.7459],[500.217,-168.754,225.204],false,[-8.39255,48.5436,104.137],[23.5209,94.3224,80.1437],[32.9082,81.4161,39.8626],[23.9389,57.0297,33.0426],[15.0921,41.7626,37.1573],[[[0.846357,-0.415113,0.333707],[-0.0875246,0.509627,0.855932],[-0.525375,-0.753632,0.394994]],[[0.852885,-0.405622,0.328723],[0.475023,0.864141,-0.166175],[-0.216659,0.297879,0.929692]],[[0.852885,-0.405622,0.328723],[0.401387,0.106772,-0.909664],[0.333881,0.907783,0.253876]],[[0.852885,-0.405622,0.328723],[0.184873,-0.354197,-0.916715],[0.488272,0.842624,-0.2271]]],3],[1254,[-0.54872,-0.745238,-0.37885],125,48.982,[21.8978,51.9333,48.0517],[23.6725,50.6285,48.8764],[483.144,-163.443,238.791],false,[3.10835,40.9149,104.255],[38.1122,81.8053,87.9899],[43.3595,74.2807,54.9507],[32.952,60.1459,47.7651],[21.3562,48.2032,49.2829],[[[0.782612,-0.578009,0.231137],[-0.000889084,0.370261,0.928927],[-0.622509,-0.727195,0.289257]],[[0.708852,-0.654993,0.261752],[0.688557,0.723069,-0.0553196],[-0.153031,0.219444,0.963549]],[[0.708852,-0.654993,0.261752],[0.443212,0.12492,-0.88767],[0.54872,0.745238,0.37885]],[[0.708852,-0.654993,0.261752],[0.127542,-0.245952,-0.960854],[0.693731,0.714487,-0.0908045]]],4]],[[0,200,0],[235.247,235.247,147.751]]],[46681,99629917635,[[125,"right",[0.362761,0.873811,-0.32382],[0.353593,-0.450572,-0.81973],[6.48973,78.3889,76.8632],[434.059,-204.835,242.783],[3.98967,79.6428,75.4602],0.43397,0,0.418349,[[0.738754,-0.13926,0.659431],[0.24163,0.968104,-0.0662501],[-0.629172,0.208281,0.74884]],61.7915,[-172.35,87.7008,296.814],[-7.61444,33.167,100.747]]],[[1250,[0.695808,0.517299,-0.498251],125,50.5391,[28.7254,88.7651,25.6609],[30.0892,88.9348,27.1415],[530.891,-189.863,276.69],false,[-28.9506,30.6038,80.1757],[-28.9506,30.6038,80.1757],[-2.10827,60.3969,53.0632],[20.8977,77.5007,36.5892],[33.9748,91.1742,24.0552],[[[0.101468,0.499928,0.860103],[-0.993592,0.00765436,0.112767],[0.0497917,-0.866033,0.497501]],[[0.092945,0.623035,0.776652],[-0.826967,0.482723,-0.288277],[-0.554514,-0.615472,0.560097]],[[0.092945,0.623035,0.776652],[-0.712189,0.58671,-0.385432],[-0.695808,-0.517299,0.498251]],[[0.092945,0.623035,0.776652],[-0.812004,0.498841,-0.302998],[-0.576204,-0.602482,0.552272]]],0],[1251,[0.300358,0.499814,-0.812386],125,57.0277,[14.5541,145.928,-4.64619],[15.2441,145.35,-3.40606],[512.084,-119.946,316.054],false,[-25.1476,46.7843,96.0538],[-6.38828,104.958,59.2599],[5.55773,127.96,26.6421],[12.5978,139.675,7.60073],[17.7218,147.328,-6.1723],[[[0.910861,-0.0335557,0.411346],[-0.318107,0.577923,0.751541],[-0.262945,-0.815401,0.515733]],[[0.929938,0.035975,0.365953],[-0.230214,0.83299,0.50312],[-0.286735,-0.552118,0.78291]],[[0.929938,0.035975,0.365953],[-0.212134,0.865385,0.45399],[-0.300358,-0.499814,0.812386]],[[0.929938,0.035975,0.365953],[-0.198933,0.886211,0.418396],[-0.30926,-0.461883,0.831278]]],1],[1252,[0.226749,0.526441,-0.819418],125,64.9785,[27.3298,151.745,-2.90844],[31.3651,149.616,-0.440063],[468.773,-105.567,332.593],false,[-14.7632,47.8078,101.859],[11.3243,102.09,71.0317],[21.6491,129.391,34.5241],[27.9018,143.908,11.928],[32.0972,152.733,-3.454],[[[0.907756,-0.241438,0.343055],[-0.165231,0.545888,0.821405],[-0.385588,-0.802318,0.45564]],[[0.970947,-0.0561331,0.232617],[-0.0920267,0.809745,0.579521],[-0.220891,-0.584091,0.781053]],[[0.970947,-0.0561331,0.232617],[-0.0764627,0.848357,0.523874],[-0.226749,-0.526441,0.819418]],[[0.970947,-0.0561331,0.232617],[-0.0652681,0.873116,0.483123],[-0.230221,-0.484269,0.844086]]],2],[1253,[-0.30898,-0.913768,-0.26374],125,62.4785,[20.818,44.4239,37.9183],[22.2688,43.2586,39.2582],[537.798,-166.554,243.41],false,[-3.83945,46.0605,106.28],[27.3278,92.7481,83.0697],[37.6067,80.3455,42.848],[29.3063,55.7984,35.763],[20.7587,40.3085,39.6722],[[[0.850975,-0.397334,0.343464],[-0.112161,0.501389,0.857921],[-0.51309,-0.768593,0.382104]],[[0.857355,-0.387645,0.338635],[0.456794,0.876237,-0.153457],[-0.237238,0.286253,0.92832]],[[0.857355,-0.387645,0.338635],[0.411671,0.121487,-0.903198],[0.30898,0.913768,0.26374]],[[0.857355,-0.387645,0.338635],[0.205869,-0.344736,-0.915847],[0.471763,0.85492,-0.215757]]],3],[1254,[-0.524865,-0.755068,-0.392923],125,48.982,[26.5967,50.553,50.2543],[29.052,49.3755,51.5169],[518.843,-157.164,255.726],false,[7.83627,38.705,106.518],[42.0951,80.5244,91.0479],[48.0937,73.4548,58.0362],[38.1387,59.1335,50.5837],[26.8032,46.9167,51.8688],[[[0.792627,-0.560965,0.238873],[-0.0233246,0.363599,0.931264],[-0.60926,-0.743717,0.275114]],[[0.720144,-0.640009,0.267919],[0.671407,0.740189,-0.0365126],[-0.174943,0.206177,0.962749]],[[0.720144,-0.640009,0.267919],[0.453772,0.14234,-0.879676],[0.524865,0.755068,0.392923]],[[0.720144,-0.640009,0.267919],[0.14661,-0.237061,-0.960369],[0.678157,0.730884,-0.0768864]]],4]],[[0,200,0],[235.247,235.247,147.751]]],[46682,99629926233,[[125,"right",[0.355072,0.878011,-0.320969],[0.364953,-0.446287,-0.817091],[10.3615,77.3913,79.1553],[438.351,-181.379,249.067],[7.76809,78.3077,77.6514],0.438958,0,0.441508,[[0.729924,-0.126623,0.671697],[0.235572,0.969088,-0.0733081],[-0.641651,0.211742,0.73719]],61.7915,[-171.401,87.4447,295.943],[-3.39891,32.0045,102.926]]],[[1250,[0.697173,0.521928,-0.491468],125,50.5391,[32.9809,87.7102,28.1186],[34.3803,88.0378,29.615],[522.722,-166.918,280.416],false,[-24.5481,29.1992,82.1945],[-24.5481,29.1992,82.1945],[2.14813,59.2792,55.2552],[25.1992,76.5361,39.0054],[38.2726,90.3124,26.5806],[[[0.0891894,0.50089,0.860903],[-0.994437,-0.00385162,0.105264],[0.0560418,-0.865502,0.49776]],[[0.079797,0.624788,0.776706],[-0.830351,0.47276,-0.294983],[-0.551498,-0.6214,0.556518]],[[0.079797,0.624788,0.776706],[-0.712448,0.580716,-0.393937],[-0.697173,-0.521928,0.491468]],[[0.079797,0.624788,0.776706],[-0.813518,0.491099,-0.311464],[-0.576039,-0.607011,0.547464]]],0],[1251,[0.30311,0.507133,-0.806809],125,57.0277,[18.1911,145.311,-2.02706],[19.204,144.632,-0.851647],[496.739,-107.91,312.497],false,[-21.0523,45.4193,98.1028],[-2.6895,103.813,61.4583],[9.35806,127.037,29.0357],[16.4626,138.924,10.125],[21.6366,146.722,-3.54756],[[[0.908058,-0.0231118,0.418206],[-0.330427,0.574054,0.749186],[-0.257388,-0.818491,0.513637]],[[0.925951,0.0433886,0.375143],[-0.242887,0.829082,0.503617],[-0.289173,-0.557442,0.778227]],[[0.925951,0.0433886,0.375143],[-0.225254,0.860775,0.456429],[-0.30311,-0.507133,0.806809]],[[0.925951,0.0433886,0.375143],[-0.212361,0.881259,0.422238],[-0.312278,-0.470638,0.825217]]],1],[1252,[0.22751,0.529688,-0.81711],125,64.9785,[30.7862,150.936,-0.373437],[35.0274,148.952,2.07505],[458.04,-99.5008,321.433],false,[-10.7246,46.5615,103.986],[14.9657,101.148,73.3633],[25.2906,128.53,36.916],[31.5644,143.136,14.3836],[35.7839,152.041,-0.945513],[[[0.907871,-0.231002,0.349869],[-0.177723,0.543773,0.820199],[-0.379717,-0.806814,0.452621]],[[0.969607,-0.0456618,0.24037],[-0.105207,0.809156,0.578098],[-0.220894,-0.585817,0.779759]],[[0.969607,-0.0456618,0.24037],[-0.0900104,0.846962,0.523978],[-0.22751,-0.529688,0.81711]],[[0.969607,-0.0456618,0.24037],[-0.0790509,0.871275,0.484388],[-0.231546,-0.488667,0.841184]]],2],[1253,[-0.297398,-0.917502,-0.26409],125,62.4785,[25.3117,43.4586,40.2751],[26.819,42.4683,41.7035],[534.165,-147.896,256.169],false,[0.184946,44.9397,108.49],[30.9848,91.9891,85.5205],[41.6944,79.6835,45.3816],[33.7052,55.036,38.2871],[25.2963,39.4652,42.1757],[[[0.852894,-0.387544,0.34983],[-0.12442,0.499883,0.85711],[-0.507041,-0.77455,0.378129]],[[0.859176,-0.377816,0.345069],[0.448017,0.881244,-0.15063],[-0.247179,0.284015,0.926411]],[[0.859176,-0.377816,0.345069],[0.416379,0.124277,-0.900657],[0.297398,0.917502,0.26409]],[[0.859176,-0.377816,0.345069],[0.215462,-0.344542,-0.913711],[0.464105,0.859387,-0.214617]]],3],[1254,[-0.51319,-0.761019,-0.396845],125,48.982,[31.0188,49.6436,52.5743],[33.4905,48.6985,53.9935],[518.082,-136.068,264.511],false,[11.9428,37.7195,108.814],[45.8318,79.9352,93.6086],[52.2102,72.998,60.64],[42.4766,58.5639,53.1131],[31.2689,46.2238,54.3402],[[[0.797232,-0.551817,0.244783],[-0.0345525,0.363113,0.931104],[-0.602683,-0.750764,0.270419]],[[0.725446,-0.631704,0.273274],[0.662666,0.748344,-0.0292604],[-0.186019,0.202316,0.961491]],[[0.725446,-0.631704,0.273274],[0.458655,0.147648,-0.876262],[0.51319,0.761019,0.396845]],[[0.725446,-0.631704,0.273274],[0.155368,-0.236493,-0.959131],[0.670514,0.738255,-0.0734162]]],4]],[[0,200,0],[235.247,235.247,147.751]]],[46683,99629934851,[[125,"right",[0.353732,0.878529,-0.321032],[0.367865,-0.446232,-0.815814],[14.1693,76.8014,81.3136],[439.275,-151.494,249.43],[11.4889,77.4322,79.7801],0.444791,0,0.464307,[[0.720066,-0.121306,0.68322],[0.233655,0.96949,-0.0741227],[-0.653384,0.213011,0.726441]],61.7915,[-170.613,87.1782,295.301],[0.461776,31.4058,105.098]]],[[1250,[0.701254,0.518847,-0.488919],125,50.5391,[37.0391,86.827,30.3617],[38.4772,87.2261,31.8109],[510.413,-148.049,274.117],false,[-20.6335,28.5301,84.3211],[-20.6335,28.5301,84.3211],[6.03661,58.6097,57.3554],[29.2226,75.7647,41.19],[42.4006,89.4727,28.8001],[[[0.0860457,0.50195,0.860606],[-0.994662,-0.00609401,0.103003],[0.056947,-0.864875,0.498746]],[[0.0764291,0.627138,0.775149],[-0.831027,0.469649,-0.298034],[-0.550957,-0.621391,0.557064]],[[0.0764291,0.627138,0.775149],[-0.708803,0.580944,-0.400128],[-0.701254,-0.518847,0.488919]],[[0.0764291,0.627138,0.775149],[-0.810559,0.491814,-0.317984],[-0.580649,-0.604001,0.545921]]],0],[1251,[0.306769,0.50897,-0.804265],125,57.0277,[21.9536,144.762,0.287622],[23.2987,144.072,1.40123],[490.574,-95.9854,299.611],false,[-17.2122,44.7742,100.221],[1.09643,103.175,63.5607],[13.3078,126.416,31.2114],[20.4981,138.345,12.3603],[25.73,146.191,-1.26271],[[[0.907154,-0.0205558,0.420296],[-0.333487,0.574012,0.747861],[-0.256628,-0.818588,0.513863]],[[0.924228,0.0425644,0.379462],[-0.244729,0.828856,0.503095],[-0.293106,-0.55784,0.776469]],[[0.924228,0.0425644,0.379462],[-0.227368,0.859731,0.457347],[-0.306769,-0.50897,0.804265]],[[0.924228,0.0425644,0.379462],[-0.214686,0.879746,0.424214],[-0.315774,-0.473535,0.822223]]],1],[1252,[0.229181,0.529486,-0.816774],125,64.9785,[34.3708,150.209,1.91748],[38.8955,148.357,4.23248],[457.054,-93.6996,301.545],false,[-6.90062,45.9465,106.127],[18.7306,100.563,75.5084],[29.1364,127.85,39.0129],[35.4562,142.451,16.4897],[39.7061,151.378,1.1818],[[[0.907613,-0.228513,0.352165],[-0.180874,0.544162,0.819251],[-0.378844,-0.80726,0.452557]],[[0.968956,-0.0441584,0.243256],[-0.10753,0.810709,0.57549],[-0.222623,-0.583782,0.780793]],[[0.968956,-0.0441584,0.243256],[-0.0927334,0.847168,0.523169],[-0.229181,-0.529486,0.816774]],[[0.968956,-0.0441584,0.243256],[-0.0820704,0.870675,0.484963],[-0.233212,-0.489872,0.840022]]],2],[1253,[-0.29491,-0.918574,-0.263156],125,62.4785,[29.3346,42.7773,42.5111],[30.7997,41.8987,43.9424],[514.55,-126.699,257.897],false,[4.00243,44.3549,110.657],[34.7435,91.4541,87.7112],[45.5734,79.1352,47.6087],[37.6511,54.459,40.5394],[29.2666,38.8788,44.4431],[[[0.853006,-0.385184,0.352157],[-0.127551,0.500435,0.856327],[-0.506075,-0.77537,0.377743]],[[0.859305,-0.375399,0.347376],[0.446225,0.882177,-0.150487],[-0.249955,0.284322,0.925572]],[[0.859305,-0.375399,0.347376],[0.417879,0.123686,-0.900044],[0.29491,0.918574,0.263156]],[[0.859305,-0.375399,0.347376],[0.217827,-0.345895,-0.912638],[0.462759,0.859902,-0.215458]]],3],[1254,[-0.510468,-0.762728,-0.397074],125,48.982,[35.0971,48.9895,54.821],[37.4612,48.1834,56.2495],[502.934,-115.691,263.969],false,[15.7765,37.1628,111.016],[49.6005,79.4433,95.8451],[56.1115,72.5372,62.8958],[46.4295,58.0706,55.3646],[35.2459,45.7101,56.6052],[[[0.797971,-0.549692,0.247146],[-0.0375308,0.363951,0.930662],[-0.601526,-0.751917,0.269792]],[[0.726426,-0.629602,0.275511],[0.660491,0.750357,-0.0267563],[-0.189886,0.201409,0.960925]],[[0.726426,-0.629602,0.275511],[0.460139,0.147806,-0.875457],[0.510468,0.762728,0.397074]],[[0.726426,-0.629602,0.275511],[0.157006,-0.238253,-0.958428],[0.66907,0.739484,-0.0742215]]],4]],[[0,200,0],[235.247,235.247,147.751]]],[46684,99629943550,[[125,"right",[0.345143,0.878951,-0.329122],[0.3649,-0.44875,-0.815764],[18.2617,76.6438,83.5515],[447.588,-115.915,251.518],[15.366,76.9809,81.939],0.449145,0,0.478365,[[0.709865,-0.107841,0.696033],[0.224548,0.971294,-0.0785204],[-0.667585,0.212032,0.713703]],61.7915,[-169.741,86.8193,294.587],[5.05135,31.3034,107.719]]],[[1250,[0.696842,0.517397,-0.4967],125,50.5391,[40.8847,86.1865,32.3946],[42.3076,86.7117,33.7794],[491.709,-124.471,261.367],false,[-16.1775,28.1504,87.1195],[-16.1775,28.1504,87.1195],[10.0721,58.1978,59.7089],[33.1122,75.3048,43.2861],[46.213,88.936,30.7308],[[[0.0889289,0.507915,0.856804],[-0.993799,-0.0123957,0.110496],[0.0667433,-0.861318,0.503663]],[[0.0776361,0.634048,0.769387],[-0.83661,0.461177,-0.295634],[-0.542269,-0.620725,0.566255]],[[0.0776361,0.634048,0.769387],[-0.71301,0.574703,-0.401662],[-0.696842,-0.517397,0.4967]],[[0.0776361,0.634048,0.769387],[-0.812871,0.487075,-0.319372],[-0.577246,-0.600618,0.553214]]],0],[1251,[0.301267,0.505153,-0.808739],125,57.0277,[25.3801,144.153,2.24464],[26.6338,143.441,3.2339],[462.555,-91.1848,274.951],false,[-12.752,44.5172,102.892],[4.87169,102.814,65.7338],[16.8623,125.869,33.1698],[23.9236,137.709,14.2138],[29.0624,145.5,0.524091],[[[0.910385,-0.0115886,0.4136],[-0.331929,0.576339,0.746764],[-0.247028,-0.817128,0.520844]],[[0.925908,0.0477246,0.374723],[-0.244669,0.831557,0.498649],[-0.287806,-0.553386,0.781621]],[[0.925908,0.0477246,0.374723],[-0.227889,0.861709,0.453347],[-0.301267,-0.505153,0.808739]],[[0.925908,0.0477246,0.374723],[-0.215637,0.881254,0.420585],[-0.310154,-0.470227,0.826251]]],1],[1252,[0.221634,0.523379,-0.822771],125,64.9785,[37.7797,149.476,3.83134],[42.0266,147.792,5.79999],[433.95,-91.5912,266.206],false,[-2.40522,45.7985,108.713],[22.6124,100.4,77.5649],[32.6741,127.343,40.7194],[38.7858,141.776,18.0309],[42.8966,150.61,2.63145],[[[0.911798,-0.21996,0.34676],[-0.178581,0.548003,0.817191],[-0.369775,-0.807038,0.460387]],[[0.970666,-0.0377688,0.237448],[-0.107101,0.81627,0.567655],[-0.215261,-0.576434,0.788281]],[[0.970666,-0.0377688,0.237448],[-0.0932003,0.851262,0.516397],[-0.221634,-0.523379,0.822771]],[[0.970666,-0.0377688,0.237448],[-0.0831953,0.873817,0.479085],[-0.22558,-0.484786,0.845042]]],2],[1253,[-0.290802,-0.922381,-0.254258],125,62.4785,[33.2705,42.3877,44.784],[34.8613,41.646,46.2894],[501.069,-101.138,261.81],false,[8.54223,44.3114,113.171],[38.7795,91.4796,89.7036],[49.3965,78.9872,49.5978],[41.5845,54.2087,42.7675],[33.3338,38.6047,46.8569],[[[0.858295,-0.377006,0.348133],[-0.124678,0.504882,0.854137],[-0.497781,-0.776506,0.386333]],[[0.864513,-0.367169,0.343227],[0.43883,0.884338,-0.15929],[-0.245042,0.288327,0.925647]],[[0.864513,-0.367169,0.343227],[0.409942,0.119998,-0.904184],[0.290802,0.922381,0.254258]],[[0.864513,-0.367169,0.343227],[0.212721,-0.35142,-0.911731],[0.455376,0.861215,-0.225702]]],3],[1254,[-0.508181,-0.76895,-0.387903],125,48.982,[39.1442,48.6569,57.0491],[41.5859,48.0575,58.5114],[495.044,-88.677,263.048],false,[20.3689,37.2041,113.486],[53.7807,79.624,97.8001],[60.1121,72.5806,64.845],[50.4735,57.9961,57.4877],[39.3857,45.5694,58.9142],[[[0.803636,-0.542548,0.244562],[-0.0331486,0.369498,0.92864],[-0.594197,-0.754396,0.278957]],[[0.73303,-0.622612,0.273898],[0.654654,0.755089,-0.0356108],[-0.184646,0.205413,0.961099]],[[0.73303,-0.622612,0.273898],[0.452127,0.145155,-0.880063],[0.508181,0.76895,0.387903]],[[0.73303,-0.622612,0.273898],[0.15049,-0.244247,-0.957965],[0.663339,0.743436,-0.0853437]]],4]],[[0,200,0],[235.247,235.247,147.751]]],[46685,99629952184,[[125,"right",[0.34027,0.878297,-0.335874],[0.371728,-0.453734,-0.809903],[21.9633,76.7389,85.9389],[442.59,-82.2745,258.146],[19.0277,76.8466,84.1591],0.451193,0,0.494649,[[0.699882,-0.0949937,0.707914],[0.215974,0.972867,-0.082976],[-0.680824,0.210964,0.701408]],61.7915,[-169.287,86.7693,294.123],[8.97236,31.5329,110.475]]],[[1250,[0.697014,0.514853,-0.499097],125,50.5391,[44.677,85.695,34.5191],[46.2759,86.2972,36.0893],[482.252,-104.519,262.046],false,[-12.1418,28.0333,89.8131],[-12.1418,28.0333,89.8131],[13.9465,57.9593,62.1173],[36.9924,74.9822,45.6153],[50.1674,88.4808,32.9945],[[[0.081478,0.516562,0.852364],[-0.994164,-0.0185435,0.106271],[0.0707013,-0.856049,0.512037]],[[0.069391,0.644338,0.761586],[-0.839482,0.45015,-0.30436],[-0.538939,-0.618218,0.572146]],[[0.069391,0.644338,0.761586],[-0.713692,0.565469,-0.413387],[-0.697014,-0.514853,0.499097]],[[0.069391,0.644338,0.761586],[-0.811286,0.480702,-0.332777],[-0.580517,-0.594772,0.556098]]],0],[1251,[0.306677,0.496225,-0.812225],125,57.0277,[29.0526,143.409,4.05438],[30.6152,142.681,5.06688],[463.056,-93.8137,256.721],false,[-8.90399,44.5717,105.446],[8.46465,102.643,67.8174],[20.6755,125.316,35.0673],[27.8637,136.947,16.0296],[33.0933,144.594,2.29351],[[[0.908603,-0.00112443,0.417659],[-0.339369,0.580906,0.739849],[-0.243453,-0.81397,0.527431]],[[0.922921,0.0536283,0.381236],[-0.249628,0.837235,0.486542],[-0.293092,-0.544207,0.786089]],[[0.922921,0.0536283,0.381236],[-0.232737,0.866536,0.44153],[-0.306677,-0.496225,0.812225]],[[0.922921,0.0536283,0.381236],[-0.220428,0.885481,0.409066],[-0.31564,-0.461571,0.82905]]],1],[1252,[0.224874,0.511456,-0.829364],125,64.9785,[41.3802,148.625,5.58149],[45.7452,147.069,7.49884],[436.633,-97.8188,243.213],false,[1.40745,45.9823,111.299],[26.1697,100.468,79.748],[36.3709,126.84,42.5293],[42.572,140.944,19.6589],[46.7451,149.568,4.15738],[[[0.91181,-0.210098,0.35279],[-0.186136,0.554341,0.811208],[-0.366,-0.805335,0.466347]],[[0.969361,-0.0310831,0.243665],[-0.112727,0.825049,0.553703],[-0.218246,-0.564206,0.796267]],[[0.969361,-0.0310831,0.243665],[-0.0988449,0.858747,0.502776],[-0.224874,-0.511456,0.829364]],[[0.969361,-0.0310831,0.243665],[-0.0888727,0.880382,0.465864],[-0.228999,-0.473245,0.850646]]],2],[1253,[-0.283427,-0.926962,-0.245785],125,62.4785,[37.1546,42.1843,47.3268],[38.9832,41.538,49.0987],[494.196,-78.1235,279.511],false,[12.3454,44.6163,115.819],[42.3465,91.7797,92.0406],[53.2322,78.994,52.0995],[45.6183,54.0925,45.4968],[37.4566,38.479,49.7261],[[[0.859432,-0.367507,0.355409],[-0.132088,0.511959,0.848793],[-0.493892,-0.776425,0.391451]],[[0.865652,-0.357589,0.350395],[0.433041,0.88603,-0.165607],[-0.251241,0.295093,0.921845]],[[0.865652,-0.357589,0.350395],[0.412693,0.113453,-0.903777],[0.283427,0.926962,0.245785]],[[0.865652,-0.357589,0.350395],[0.21848,-0.359903,-0.907048],[0.450459,0.861742,-0.233425]]],3],[1254,[-0.501496,-0.776541,-0.381426],125,48.982,[43.0327,48.5456,59.5399],[45.6067,48.1019,61.3079],[486.628,-64.1,279.693],false,[24.2214,37.5981,116.252],[57.3966,80.1094,100.314],[63.9235,72.8047,67.4538],[54.4117,58.0761,60.2193],[43.4042,45.5909,61.752],[[[0.806425,-0.534404,0.253163],[-0.0399184,0.377946,0.924967],[-0.589988,-0.756022,0.283453]],[[0.736424,-0.614537,0.282885],[0.649189,0.75958,-0.0399043],[-0.190351,0.213032,0.958324]],[[0.736424,-0.614537,0.282885],[0.454072,0.139026,-0.880052],[0.501496,0.776541,0.381426]],[[0.736424,-0.614537,0.282885],[0.154951,-0.253814,-0.954761],[0.658536,0.746942,-0.0916915]]],4]],[[0,200,0],[235.247,235.247,147.751]]],[46686,99629960902,[[125,"right",[0.344348,0.878884,-0.330134],[0.383887,-0.452709,-0.804789],[25.0799,76.5736,87.8033],[419.847,-65.3544,246.307],[22.3234,76.6979,86.1435],0.454258,0,0.504462,[[0.691102,-0.0949204,0.716497],[0.217158,0.972804,-0.0805855],[-0.689363,0.211286,0.69292]],61.7915,[-168.722,86.6556,293.535],[11.773,31.335,112.109]]],[[1250,[0.704741,0.514378,-0.488626],125,50.5391,[48.4848,85.3593,36.6527],[50.223,86.0465,38.2862],[473.929,-84.0886,259.577],false,[-9.03483,27.8349,91.1387],[-9.03483,27.8349,91.1387],[17.435,57.762,63.8085],[40.7363,74.7692,47.6527],[54.1566,88.2266,35.2483],[[[0.0685966,0.515896,0.8539],[-0.99559,-0.0195039,0.0917625],[0.0639943,-0.856429,0.512283]],[[0.057601,0.644968,0.762036],[-0.835267,0.449217,-0.31707],[-0.546819,-0.61824,0.564595]],[[0.057601,0.644968,0.762036],[-0.707122,0.565184,-0.424907],[-0.704741,-0.514378,0.488626]],[[0.057601,0.644968,0.762036],[-0.804373,0.482094,-0.347231],[-0.591326,-0.59296,0.546564]]],0],[1251,[0.324018,0.493283,-0.80727],125,57.0277,[33.2888,142.865,5.99787],[35.2924,142.406,7.16138],[483.512,-80.847,251.316],false,[-6.03975,44.3626,106.831],[11.8237,102.481,69.5091],[24.7513,125.025,36.9454],[32.346,136.587,18.0239],[37.8639,144.189,4.37546],[[[0.902424,-0.000691916,0.430848],[-0.350624,0.579969,0.735322],[-0.250388,-0.814638,0.523136]],[[0.916108,0.0493827,0.397878],[-0.253891,0.839505,0.480385],[-0.310298,-0.541103,0.781616]],[[0.916108,0.0493827,0.397878],[-0.236132,0.868466,0.4359],[-0.324018,-0.493283,0.80727]],[[0.916108,0.0493827,0.397878],[-0.223232,0.887158,0.403878],[-0.333036,-0.458815,0.823757]]],1],[1252,[0.239566,0.507154,-0.827891],125,64.9785,[45.4549,147.874,7.48828],[50.1271,146.711,9.63798],[457.263,-90.0064,240.025],false,[4.18408,45.7771,112.835],[29.355,100.312,81.6945],[40.2383,126.402,44.4699],[46.8445,140.387,21.6401],[51.2865,148.958,6.18421],[[[0.906761,-0.209607,0.365855],[-0.198422,0.553477,0.808883],[-0.37204,-0.806057,0.46028]],[[0.96526,-0.032798,0.259224],[-0.118569,0.829083,0.546408],[-0.23284,-0.558162,0.796392]],[[0.96526,-0.032798,0.259224],[-0.104314,0.861231,0.497393],[-0.239566,-0.507154,0.827891]],[[0.96526,-0.032798,0.259224],[-0.0941108,0.881866,0.462012],[-0.243754,-0.470358,0.848144]]],2],[1253,[-0.280038,-0.927354,-0.248179],125,62.4785,[40.7652,42.0267,49.5836],[42.6516,41.4343,51.2395],[473.532,-61.5235,272.473],false,[15.0563,44.4168,117.513],[45.3587,91.6269,94.214],[56.8204,78.8571,54.4293],[49.2976,53.945,47.7623],[41.0775,38.3418,51.9159],[[[0.854489,-0.367063,0.367577],[-0.14489,0.51111,0.847215],[-0.498853,-0.777195,0.383554]],[[0.860861,-0.356995,0.362593],[0.434672,0.886391,-0.159282],[-0.264536,0.294728,0.918235]],[[0.860861,-0.356995,0.362593],[0.42485,0.112108,-0.898295],[0.280038,0.927354,0.248179]],[[0.860861,-0.356995,0.362593],[0.230415,-0.361851,-0.903312],[0.453683,0.861173,-0.229246]]],3],[1254,[-0.494967,-0.776785,-0.389375],125,48.982,[46.6355,48.4533,61.8132],[49.1397,48.0164,63.5053],[464.948,-49.4789,272.479],false,[26.9309,37.4085,118.113],[60.297,79.9626,102.696],[67.3419,72.735,69.9256],[57.954,58.0018,62.5404],[46.9373,45.5068,63.9198],[[[0.803125,-0.533918,0.264427],[-0.0537215,0.377111,0.924609],[-0.593384,-0.756782,0.274184]],[[0.732984,-0.613919,0.292981],[0.648476,0.760706,-0.0283671],[-0.205457,0.210784,0.955697]],[[0.732984,-0.613919,0.292981],[0.466627,0.14039,-0.873241],[0.494967,0.776785,0.389375]],[[0.732984,-0.613919,0.292981],[0.168351,-0.253585,-0.952551],[0.659084,0.747528,-0.0825201]]],4]],[[0,200,0],[235.247,235.247,147.751]]],[46687,99629969507,[[125,"right",[0.345669,0.879689,-0.326588],[0.393155,-0.451795,-0.800819],[28.281,76.4489,89.5426],[407.202,-51.9114,234.632],[25.4738,76.5662,87.941],0.456161,0,0.547412,[[0.682375,-0.0924757,0.725129],[0.216345,0.973076,-0.0794924],[-0.698254,0.211121,0.684009]],61.7915,[-167.992,86.4565,292.803],[14.8309,31.1789,113.71]]],[[1250,[0.708659,0.515541,-0.481684],125,50.5391,[52.1456,85.1479,38.641],[53.9808,85.8929,40.2664],[463.675,-66.0875,252.067],false,[-5.75296,27.6311,92.5285],[-5.75296,27.6311,92.5285],[20.9316,57.5961,65.4497],[44.3625,74.6418,49.5235],[57.9362,88.0861,37.2727],[[[0.0586549,0.51603,0.85456],[-0.996429,-0.0218157,0.0815659],[0.0607333,-0.856293,0.512908]],[[0.0482444,0.645701,0.762065],[-0.83294,0.44708,-0.326082],[-0.551256,-0.619023,0.5594]],[[0.0482444,0.645701,0.762065],[-0.7039,0.563283,-0.43271],[-0.708659,-0.515541,0.481684]],[[0.0482444,0.645701,0.762065],[-0.799979,0.481822,-0.357606],[-0.598086,-0.592383,0.539792]]],0],[1251,[0.337442,0.489585,-0.804015],125,57.0277,[37.5488,142.385,7.86475],[39.6315,142.083,9.04442],[489.919,-72.9697,241.618],false,[-2.95703,44.1652,108.251],[15.1526,102.326,71.1138],[28.6339,124.719,38.671],[36.5432,136.195,19.8258],[42.2844,143.735,6.23569],[[[0.897965,0.00138926,0.440064],[-0.359477,0.579134,0.731697],[-0.253839,-0.815231,0.520542]],[[0.910651,0.0465569,0.410546],[-0.256919,0.841983,0.474401],[-0.323586,-0.537491,0.778714]],[[0.910651,0.0465569,0.410546],[-0.238429,0.870712,0.43013],[-0.337442,-0.489585,0.804015]],[[0.910651,0.0465569,0.410546],[-0.225038,0.889209,0.398328],[-0.346516,-0.455126,0.820236]]],1],[1252,[0.249673,0.504498,-0.826526],125,64.9785,[49.5661,147.274,9.37989],[54.1452,146.448,11.5529],[462.34,-78.9093,233.372],false,[7.20149,45.6034,114.359],[32.5633,100.197,83.4781],[43.9172,126.079,46.2489],[50.8021,139.991,23.4568],[55.429,148.54,8.04261],[[[0.903452,-0.207513,0.375118],[-0.207976,0.552993,0.806812],[-0.374861,-0.806931,0.456444]],[[0.962141,-0.0328938,0.270561],[-0.123615,0.832055,0.540744],[-0.242909,-0.553717,0.796488]],[[0.962141,-0.0328938,0.270561],[-0.10931,0.862786,0.493611],[-0.249673,-0.504498,0.826526]],[[0.962141,-0.0328938,0.270561],[-0.0990994,0.882527,0.459701],[-0.253899,-0.469109,0.845856]]],2],[1253,[-0.276244,-0.92835,-0.248707],125,62.4785,[44.2326,41.9081,51.6166],[46.2944,41.3645,53.2134],[459.261,-48.4162,262.849],false,[18.0284,44.2681,119.148],[48.4581,91.549,96.1607],[60.3404,78.7813,56.4989],[52.9195,53.8425,49.8177],[44.6841,38.2391,53.94],[[[0.851531,-0.36509,0.376303],[-0.154741,0.510749,0.84569],[-0.500949,-0.778361,0.378424]],[[0.858062,-0.354796,0.371281],[0.434188,0.88729,-0.155552],[-0.274245,0.294679,0.915398]],[[0.858062,-0.354796,0.371281],[0.432919,0.110842,-0.894592],[0.276244,0.92835,0.248707]],[[0.858062,-0.354796,0.371281],[0.239018,-0.363983,-0.900215],[0.454532,0.861183,-0.227518]]],3],[1254,[-0.489039,-0.778106,-0.394197],125,48.982,[50.0917,48.4034,63.8705],[52.6911,47.9915,65.5105],[451.179,-37.0037,262.297],false,[29.9124,37.2874,119.87],[63.3358,79.9191,104.795],[70.7706,72.7576,72.0964],[61.4951,57.9994,64.6198],[50.4933,45.4821,65.9132],[[[0.801612,-0.532061,0.272632],[-0.0640584,0.37696,0.924012],[-0.594403,-0.758164,0.268092]],[[0.7316,-0.611989,0.300386],[0.646334,0.76279,-0.0201046],[-0.216827,0.208858,0.953606]],[[0.7316,-0.611989,0.300386],[0.474976,0.141494,-0.868549],[0.489039,0.778106,0.394197]],[[0.7316,-0.611989,0.300386],[0.177592,-0.254323,-0.950674],[0.658197,0.748859,-0.0773788]]],4]],[[0,200,0],[235.247,235.247,147.751]]],[46688,9962997826