{"metadata":{"formatVersion":2,"generatedBy":"LeapJS Playback 0.2.1","frames":49,"frameRate":"1.1e+2","modified":"Fri Mar 20 2015 19:24:13 GMT-0300 (E. South America Standard Time)","title":"oi2"},"frames":[["id","timestamp",{"hands":[["id","type","direction","palmNormal","palmPosition","palmVelocity","stabilizedPalmPosition","pinchStrength","grabStrength","confidence","armBasis","armWidth","elbow","wrist"]]},{"pointables":[["id","direction","handId","length","stabilizedTipPosition","tipPosition","tipVelocity","tool","carpPosition","mcpPosition","pipPosition","dipPosition","btipPosition","bases","type"]]},{"interactionBox":["center","size"]}],[42056,99568565175,[[112,"right",[-0.370728,0.916645,-0.149407],[-0.274923,-0.261973,-0.925088],[-14.8224,123.183,115.663],[-67.3178,-95.6459,47.596],[-12.012,128.693,112.553],0.914268,0,0.777613,[[0.790654,0.31581,-0.524528],[-0.24086,0.948065,0.20775],[0.562896,-0.0379203,0.825657]],60.7581,[156.764,69.4962,337.195],[11.8468,79.2588,124.629]]],[[1120,[-0.4264,0.640247,-0.638958],112,49.6939,[-57.1542,118.377,79.1925],[-61.1594,113.411,83.7972],[-77.8952,-93.9492,61.1665],false,[-13.8892,65.3641,125.081],[-13.8892,65.3641,125.081],[-56.5144,84.6472,116.319],[-70.3769,105.462,95.5463],[-57.7162,114.725,79.6748],[[[0.530531,0.534659,0.657781],[-0.446316,-0.483528,0.752996],[0.720652,-0.693066,-0.0178999]],[[0.216518,0.758103,0.615142],[-0.38876,-0.511027,0.766627],[0.895537,-0.405131,0.184073]],[[0.216518,0.758103,0.615142],[-0.878239,-0.12395,0.46188],[0.4264,-0.640247,0.638958]],[[0.216518,0.758103,0.615142],[-0.794505,0.502991,-0.340238],[-0.567347,-0.415065,0.711223]]],0],[1121,[0.323928,-0.882292,-0.341515],112,56.074,[-37.2623,101.128,72.7169],[-41.9175,96.313,76.9546],[-82.7096,-81.9835,53.5112],false,[-5.72367,81.9226,138.119],[-44.2714,138.369,122.341],[-55.1759,127.158,84.4789],[-47.7103,106.824,76.6081],[-39.545,92.7849,77.8943],[[[0.812278,0.451502,-0.369257],[0.195573,0.385601,0.9017],[0.549505,-0.804648,0.224914]],[[0.818411,0.442417,-0.366702],[-0.509261,0.854033,-0.106208],[0.266187,0.273669,0.924256]],[[0.818411,0.442417,-0.366702],[-0.47463,0.160714,-0.865389],[-0.323928,0.882292,0.341515]],[[0.818411,0.442417,-0.366702],[-0.281065,-0.248407,-0.926982],[-0.501204,0.86172,-0.0789509]]],1],[1122,[0.156218,-0.960463,-0.230447],112,63.8918,[-29.693,96.4647,68.4528],[-33.9764,91.2842,72.85],[-81.4263,-82.5621,50.4492],false,[3.71944,88.2445,135.168],[-25.1148,145.345,116.899],[-42.8188,129.566,77.53],[-38.583,103.524,71.2816],[-31.9873,87.1293,74.2454],[[[0.833728,0.266245,-0.483747],[0.342099,0.438622,0.831011],[0.433434,-0.858327,0.27461]],[[0.840928,0.251714,-0.479041],[-0.380073,0.904866,-0.191732],[0.385206,0.343303,0.856597]],[[0.840928,0.251714,-0.479041],[-0.518108,0.118955,-0.847003],[-0.156218,0.960463,0.230447]],[[0.840928,0.251714,-0.479041],[-0.396665,-0.315431,-0.862067],[-0.368098,0.914956,-0.165409]]],2],[1123,[-0.00199549,-0.98224,-0.187618],112,61.4337,[-16.561,98.8263,68.7223],[-20.8606,94.1617,71.996],[-83.4462,-79.519,42.2919],false,[13.3925,92.396,130.027],[-4.34782,145.997,110.543],[-23.3999,132.674,74.8426],[-23.4526,106.729,69.8868],[-19.4879,89.7649,73.6159],[[[0.860248,0.103205,-0.499322],[0.414434,0.428938,0.802656],[0.297016,-0.897419,0.326221]],[[0.863599,0.0928999,-0.495546],[-0.232824,0.945286,-0.228534],[0.447202,0.312737,0.837977]],[[0.863599,0.0928999,-0.495546],[-0.504175,0.163016,-0.848076],[0.00199549,0.98224,0.187618]],[[0.863599,0.0928999,-0.495546],[-0.452408,-0.291044,-0.842983],[-0.222539,0.952188,-0.209317]]],3],[1124,[-0.166701,0.570607,-0.804126],112,48.1629,[10.4797,186.185,50.9353],[7.24759,184.54,52.8129],[-154.881,-82.897,47.8944],false,[22.3123,91.9048,119.812],[13.746,143.353,101.462],[12.5184,167.64,78.1091],[9.40947,178.282,63.1124],[5.19319,185.553,48.9886],[[[0.808461,-0.0736564,-0.583922],[0.56779,0.358787,0.740868],[0.154934,-0.930509,0.331887]],[[0.813664,-0.381027,-0.439056],[0.580195,0.579559,0.572264],[0.0364105,-0.720368,0.692636]],[[0.813664,-0.381027,-0.439056],[0.556922,0.727479,0.400764],[0.166701,-0.570607,0.804126]],[[0.813664,-0.381027,-0.439056],[0.521672,0.811849,0.26222],[0.256534,-0.442402,0.859343]]],4]],[[0,200,0],[235.247,235.247,147.751]]],[42057,99568573407,[[112,"right",[-0.372811,0.917259,-0.140171],[-0.284517,-0.256785,-0.92364],[-15.8798,122.129,116.197],[-82.8709,-103.902,51.9903],[-12.2145,128.35,112.743],0.918153,0,0.779794,[[0.78803,0.317118,-0.527679],[-0.243615,0.94779,0.205779],[0.565386,-0.0336098,0.824141]],60.7581,[156.466,69.5173,336.802],[10.9078,78.1701,124.627]]],[[1120,[-0.431122,0.643374,-0.632617],112,49.6939,[-57.4064,118.02,79.4562],[-62.4356,112.445,84.6561],[-97.2456,-98.7128,71.1336],false,[-14.814,64.2566,125.269],[-14.814,64.2566,125.269],[-57.5261,83.5586,116.985],[-71.5422,104.475,96.4184],[-59.0139,113.815,80.4871],[[[0.537134,0.531177,0.655239],[-0.438068,-0.488165,0.754845],[0.720821,-0.692492,-0.0295185]],[[0.221603,0.755146,0.616966],[-0.381619,-0.515075,0.767506],[0.897362,-0.405528,0.174036]],[[0.221603,0.755146,0.616966],[-0.874658,-0.125797,0.468134],[0.431122,-0.643374,0.632617]],[[0.221603,0.755146,0.616966],[-0.797317,0.504573,-0.331199],[-0.561407,-0.418522,0.713905]]],0],[1121,[0.320954,-0.880112,-0.349845],112,56.074,[-37.3957,100.986,72.8489],[-43.3583,95.4686,77.6383],[-106.275,-87.0065,60.5703],false,[-6.5209,80.7446,138.316],[-45.2654,137.256,123.274],[-56.5695,126.27,85.4626],[-49.1725,105.986,77.3998],[-40.9827,91.9476,78.5265],[[[0.808077,0.45415,-0.375179],[0.204854,0.380496,0.901808],[0.55231,-0.805587,0.214436]],[[0.814216,0.445093,-0.372752],[-0.510792,0.854378,-0.0955524],[0.275942,0.268199,0.922998]],[[0.814216,0.445093,-0.372752],[-0.483777,0.165213,-0.859456],[-0.320954,0.880112,0.349845]],[[0.814216,0.445093,-0.372752],[-0.290414,-0.243695,-0.92535],[-0.502705,0.861687,-0.0691598]]],1],[1122,[0.155372,-0.959407,-0.235369],112,63.8918,[-29.8102,96.32,68.5821],[-35.4006,90.407,73.507],[-104.471,-88.9486,57.7914],false,[2.88691,87.0894,135.302],[-26.1713,144.276,117.67],[-44.2521,128.652,78.411],[-40.0393,102.638,72.029],[-33.3911,86.2429,74.87],[[[0.828425,0.269572,-0.490961],[0.350596,0.434019,0.829886],[0.436801,-0.859627,0.265041]],[[0.835855,0.254667,-0.486304],[-0.382857,0.905305,-0.183963],[0.393405,0.339951,0.854205]],[[0.835855,0.254667,-0.486304],[-0.526504,0.121176,-0.841492],[-0.155372,0.959407,0.235369]],[[0.835855,0.254667,-0.486304],[-0.404585,-0.312956,-0.859284],[-0.371023,0.914988,-0.158551]]],2],[1123,[-0.00336551,-0.981165,-0.19314],112,61.4337,[-16.782,98.5789,68.9074],[-22.3549,93.3521,72.4414],[-108.293,-84.2306,44.8503],false,[12.5028,91.2768,130.084],[-5.47292,144.979,111.099],[-24.8931,131.852,75.5245],[-24.982,105.935,70.4228],[-20.9672,88.9538,74.0154],[[[0.854872,0.106643,-0.507761],[0.422633,0.424545,0.800714],[0.300958,-0.899104,0.317861]],[[0.858282,0.0962804,-0.504066],[-0.23571,0.946463,-0.220565],[0.455844,0.30812,0.835026]],[[0.858282,0.0962804,-0.504066],[-0.513168,0.167465,-0.841792],[0.00336551,0.981165,0.19314]],[[0.858282,0.0962804,-0.504066],[-0.46105,-0.28667,-0.839793],[-0.225356,0.953179,-0.201654]]],3],[1124,[-0.180711,0.57233,-0.799864],112,48.1629,[8.91888,185.42,51.3853],[5.14922,183.678,53.3524],[-181.546,-88.2995,52.9934],false,[21.3146,90.8505,119.772],[12.5256,142.398,101.812],[10.8068,166.712,78.5181],[7.43664,177.386,63.6009],[3.00624,184.707,49.569],[[[0.802298,-0.0697586,-0.592834],[0.575369,0.354851,0.736907],[0.158962,-0.932317,0.324833]],[[0.809577,-0.375251,-0.45141],[0.584796,0.582353,0.564694],[0.0509783,-0.721146,0.690905]],[[0.809577,-0.375251,-0.45141],[0.558505,0.729126,0.395533],[0.180711,-0.57233,0.799864]],[[0.809577,-0.375251,-0.45141],[0.521461,0.812862,0.259488],[0.269561,-0.445469,0.853753]]],4]],[[0,200,0],[235.247,235.247,147.751]]],[42058,99568582103,[[112,"right",[-0.374243,0.918743,-0.125911],[-0.297021,-0.247384,-0.922269],[-17.0392,120.974,116.763],[-96.3269,-111.617,55.4677],[-12.5217,127.88,112.999],0.921622,0,0.783878,[[0.785104,0.318946,-0.530929],[-0.247191,0.947342,0.203568],[0.567899,-0.028581,0.822602]],60.7581,[156.045,69.5656,336.167],[9.83914,76.9238,124.389]]],[[1120,[-0.43743,0.649434,-0.622005],112,49.6939,[-57.7796,117.571,79.8079],[-63.924,111.558,85.6355],[-117.105,-98.2905,81.0508],false,[-15.878,63.0128,125.237],[-15.878,63.0128,125.237],[-58.6733,82.4079,117.628],[-72.8945,103.521,97.4058],[-60.5493,113.003,81.4155],[[[0.546133,0.524383,0.65327],[-0.428107,-0.495598,0.755716],[0.720044,-0.692391,-0.0461707]],[[0.229159,0.749359,0.621246],[-0.37294,-0.521937,0.767136],[0.899112,-0.407483,0.159859]],[[0.229159,0.749359,0.621246],[-0.869564,-0.129214,0.476616],[0.43743,-0.649434,0.622005]],[[0.229159,0.749359,0.621246],[-0.800903,0.507883,-0.317189],[-0.553209,-0.424872,0.71655]]],0],[1121,[0.315927,-0.876669,-0.362824],112,56.074,[-37.6268,100.774,73.0457],[-45.0382,94.7146,78.3266],[-129.516,-86.793,64.9734],false,[-7.4028,79.3659,138.336],[-46.3202,136.039,124.385],[-58.144,125.449,86.6199],[-50.8628,105.245,78.258],[-42.6622,91.1954,79.1407],[[[0.803169,0.457644,-0.38142],[0.217127,0.371333,0.902755],[0.554775,-0.807882,0.198876]],[[0.809321,0.448584,-0.379172],[-0.511559,0.855541,-0.0797363],[0.288629,0.258501,0.921884]],[[0.809321,0.448584,-0.379172],[-0.495165,0.17385,-0.851227],[-0.315927,0.876669,0.362824]],[[0.809321,0.448584,-0.379172],[-0.302682,-0.234714,-0.923739],[-0.503371,0.86237,-0.0541804]]],1],[1122,[0.152047,-0.957207,-0.246244],112,63.8918,[-30.0227,96.1008,68.7743],[-37.1199,89.6677,74.0679],[-129.324,-87.9058,59.0142],false,[1.96654,85.7378,135.26],[-27.2999,143.108,118.597],[-45.9069,127.873,79.4308],[-41.7842,101.918,72.7539],[-35.1022,85.4975,75.358],[[[0.821875,0.274235,-0.499316],[0.361914,0.425531,0.829423],[0.439931,-0.862391,0.250484]],[[0.82947,0.259057,-0.494842],[-0.384802,0.907191,-0.17009],[0.404854,0.331502,0.852174]],[[0.82947,0.259057,-0.494842],[-0.537458,0.129013,-0.833363],[-0.152047,0.957207,0.246244]],[[0.82947,0.259057,-0.494842],[-0.415834,-0.305075,-0.856745],[-0.372909,0.916416,-0.145326]]],2],[1123,[-0.00629891,-0.979221,-0.202698],112,61.4337,[-17.1531,98.2303,69.1592],[-24.1043,92.6326,72.8289],[-132.928,-83.8354,44.2004],false,[11.5133,89.9743,129.956],[-6.69139,143.871,111.755],[-26.5935,131.108,76.3148],[-26.7599,105.242,70.9606],[-22.7024,88.2262,74.3337],[[[0.84802,0.111474,-0.518108],[0.433548,0.416328,0.799191],[0.304792,-0.902355,0.304725]],[[0.851487,0.101034,-0.51455],[-0.238193,0.948709,-0.207883],[0.467155,0.299572,0.831879]],[[0.851487,0.101034,-0.51455],[-0.524338,0.175836,-0.833158],[0.00629891,0.979221,0.202698]],[[0.851487,0.101034,-0.51455],[-0.472335,-0.278405,-0.836295],[-0.227748,0.955135,-0.189336]]],3],[1124,[-0.196611,0.577413,-0.792426],112,48.1629,[6.92014,184.563,51.9942],[2.8057,182.948,54.1367],[-206.138,-86.9203,63.5419],false,[20.1856,89.6491,119.523],[11.1795,141.378,102.202],[8.91306,165.807,79.0759],[5.24633,176.576,64.2975],[0.568765,184.011,50.4061],[[[0.794227,-0.0640446,-0.604237],[0.585381,0.347231,0.732639],[0.162888,-0.93559,0.313271]],[[0.803623,-0.368123,-0.467628],[0.59133,0.582653,0.557534],[0.0672231,-0.72457,0.685915]],[[0.803623,-0.368123,-0.467628],[0.561724,0.728752,0.391645],[0.196611,-0.577413,0.792426]],[[0.803623,-0.368123,-0.467628],[0.522679,0.812309,0.258768],[0.284599,-0.452371,0.8452]]],4]],[[0,200,0],[235.247,235.247,147.751]]],[42059,99568590885,[[112,"right",[-0.374048,0.92055,-0.112583],[-0.308564,-0.23801,-0.920945],[-18.3526,120.002,117.309],[-110.639,-111.366,57.2845],[-12.9547,127.295,113.319],0.926049,0,0.787074,[[0.782049,0.319806,-0.534906],[-0.249474,0.947175,0.201551],[0.571106,-0.0241778,0.82052]],60.7581,[155.566,69.6099,335.431],[8.53496,75.8345,124.188]]],[[1120,[-0.441199,0.655506,-0.612907],112,49.6939,[-58.2867,117.052,80.237],[-65.5096,110.894,86.4931],[-134.248,-90.8678,83.8751],false,[-17.1956,61.9602,125.213],[-17.1956,61.9602,125.213],[-60.0233,81.4968,118.169],[-74.367,102.808,98.2432],[-62.1721,112.41,82.2095],[[[0.554924,0.51715,0.651625],[-0.419879,-0.502093,0.756045],[0.718165,-0.693151,-0.0614833]],[[0.236445,0.743752,0.625241],[-0.366698,-0.527597,0.766273],[0.899792,-0.410456,0.147984]],[[0.236445,0.743752,0.625241],[-0.8657,-0.130937,0.483134],[0.441199,-0.655506,0.612907]],[[0.236445,0.743752,0.625241],[-0.803407,0.51156,-0.304702],[-0.546472,-0.430278,0.718491]]],0],[1121,[0.309977,-0.873712,-0.374889],112,56.074,[-37.9927,100.486,73.3188],[-46.8547,94.1628,78.9775],[-150.4,-80.2716,66.93],false,[-8.53318,78.1722,138.366],[-47.5119,135.043,125.428],[-59.8156,124.848,87.7079],[-52.6716,104.711,79.0679],[-44.4848,90.6414,79.7228],[[[0.799353,0.459904,-0.386682],[0.228668,0.362278,0.903585],[0.555649,-0.810705,0.184423]],[[0.80552,0.450804,-0.384594],[-0.510814,0.857224,-0.0650836],[0.300344,0.248882,0.920788]],[[0.80552,0.450804,-0.384594],[-0.505026,0.182765,-0.843532],[-0.309977,0.873712,0.374889]],[[0.80552,0.450804,-0.384594],[-0.314027,-0.225645,-0.92221],[-0.502518,0.863632,-0.0401963]]],1],[1122,[0.147548,-0.955168,-0.256677],112,63.8918,[-30.3724,95.7972,69.0421],[-38.9851,89.1305,74.5936],[-151.656,-80.6769,58.7412],false,[0.81008,84.5573,135.238],[-28.5498,142.135,119.479],[-47.6538,127.306,80.3961],[-43.6531,101.407,73.4364],[-36.9661,84.9542,75.8156],[[[0.816301,0.277603,-0.506546],[0.37266,0.416928,0.829033],[0.441336,-0.86551,0.236887]],[[0.823976,0.262257,-0.502279],[-0.385077,0.909458,-0.15685],[0.415667,0.322656,0.850361]],[[0.823976,0.262257,-0.502279],[-0.547076,0.137386,-0.825732],[-0.147548,0.955168,0.256677]],[[0.823976,0.262257,-0.502279],[-0.426372,-0.296853,-0.85445],[-0.373189,0.918205,-0.132781]]],2],[1123,[-0.010541,-0.977224,-0.211948],112,61.4337,[-17.721,97.7804,69.4819],[-25.9936,92.0937,73.2029],[-154.966,-77.7911,43.222],false,[10.3,88.8281,129.859],[-8.02385,142.928,112.397],[-28.3761,130.546,77.0771],[-28.6546,104.733,71.4787],[-24.5872,87.6786,74.6416],[[[0.841919,0.114985,-0.52721],[0.443908,0.407893,0.797853],[0.306787,-0.90576,0.29237]],[[0.845417,0.104484,-0.523788],[-0.238856,0.95111,-0.195799],[0.477722,0.290641,0.829041]],[[0.845417,0.104484,-0.523788],[-0.534003,0.184705,-0.82506],[0.010541,0.977224,0.211948]],[[0.845417,0.104484,-0.523788],[-0.482854,-0.269676,-0.833143],[-0.228303,0.957266,-0.177538]]],3],[1124,[-0.210194,0.58275,-0.784997],112,48.1629,[4.62763,183.708,52.7229],[0.492747,182.358,54.9308],[-222.535,-81.2587,71.4309],false,[18.8453,88.5881,119.32],[9.72608,140.496,102.605],[6.98049,165.033,79.6457],[3.06045,175.901,65.0058],[-1.82477,183.461,51.2538],[[[0.78677,-0.0596063,-0.614361],[0.594801,0.339177,0.728814],[0.164935,-0.938832,0.302308]],[[0.79759,-0.362134,-0.4824],[0.597678,0.58242,0.55097],[0.0814337,-0.727768,0.680972]],[[0.79759,-0.362134,-0.4824],[0.565393,0.727503,0.388677],[0.210194,-0.58275,0.784997]],[[0.79759,-0.362134,-0.4824],[0.524883,0.810745,0.259211],[0.297234,-0.459947,0.83672]]],4]],[[0,200,0],[235.247,235.247,147.751]]],[42060,99568599469,[[112,"right",[-0.373565,0.922253,-0.0994914],[-0.320469,-0.228967,-0.91917],[-19.64,119.11,117.943],[-121.015,-109.383,61.6382],[-13.508,126.618,113.702],0.932414,0,0.794475,[[0.779027,0.320495,-0.538888],[-0.251411,0.947036,0.19979],[0.574378,-0.020159,0.818342]],60.7581,[155.115,69.6409,334.764],[7.24198,74.8308,124.082]]],[[1120,[-0.445024,0.661016,-0.604162],112,49.6939,[-58.9191,116.483,80.7381],[-67.0718,110.288,87.437],[-147.004,-84.4932,88.9289],false,[-18.5017,60.9966,125.3],[-18.5017,60.9966,125.3],[-61.3564,80.6633,118.803],[-75.8244,102.153,99.1617],[-63.7726,111.862,83.0838],[[[0.564024,0.510097,0.649368],[-0.411456,-0.508207,0.756591],[0.715948,-0.693921,-0.0767585]],[[0.243647,0.738573,0.628607],[-0.360543,-0.532715,0.765652],[0.900358,-0.413189,0.136493]],[[0.243647,0.738573,0.628607],[-0.861737,-0.132543,0.489737],[0.445024,-0.661016,0.604161]],[[0.243647,0.738573,0.628607],[-0.805588,0.515026,-0.292878],[-0.54006,-0.435039,0.720469]]],0],[1121,[0.303214,-0.870724,-0.387171],112,56.074,[-38.5177,100.124,73.6779],[-48.6732,93.7004,79.7483],[-167.375,-72.5612,71.8954],false,[-9.64382,77.0709,138.492],[-48.6658,134.132,126.562],[-61.4876,124.356,88.9025],[-54.4995,104.289,79.9794],[-46.333,90.1986,80.4065],[[[0.795408,0.461912,-0.392382],[0.240614,0.353541,0.903943],[0.556265,-0.813416,0.170067]],[[0.801598,0.452757,-0.39045],[-0.509388,0.859108,-0.0495763],[0.312992,0.238631,0.919288]],[[0.801598,0.452757,-0.39045],[-0.515269,0.191966,-0.835253],[-0.303214,0.870724,0.387171]],[[0.801598,0.452757,-0.39045],[-0.325826,-0.216739,-0.920251],[-0.501276,0.86489,-0.0262171]]],1],[1122,[0.142987,-0.953276,-0.266119],112,63.8918,[-30.8864,95.4087,69.3967],[-40.8296,88.6497,75.2612],[-168.273,-74.1365,63.3571],false,[-0.327344,83.4666,135.306],[-29.7649,141.242,120.441],[-49.3769,126.796,81.4672],[-45.4998,100.948,74.2515],[-38.8075,84.4684,76.4221],[[[0.810497,0.280686,-0.514111],[0.383778,0.408599,0.828107],[0.442503,-0.868483,0.223447]],[[0.818276,0.26512,-0.510035],[-0.385143,0.91154,-0.14408],[0.426719,0.314334,0.848001]],[[0.818276,0.26512,-0.510035],[-0.556758,0.14483,-0.817952],[-0.142987,0.953276,0.266119]],[[0.818276,0.26512,-0.510035],[-0.436959,-0.289616,-0.85158],[-0.373485,0.919692,-0.121139]]],2],[1123,[-0.0143443,-0.975523,-0.219429],112,61.4337,[-18.5017,97.2389,69.8834],[-27.8418,91.5833,73.7459],[-170.749,-72.9828,48.0407],false,[9.10358,87.7686,129.849],[-9.32704,142.061,113.112],[-30.1338,130.011,77.9423],[-30.5127,104.243,72.1463],[-26.4269,87.1609,75.1277],[[[0.835529,0.118216,-0.536579],[0.454614,0.399715,0.795961],[0.308574,-0.908985,0.28023]],[[0.839068,0.107615,-0.533276],[-0.239667,0.953112,-0.184761],[0.488389,0.282836,0.825518]],[[0.839068,0.107615,-0.533276],[-0.543837,0.191765,-0.816987],[0.0143443,0.975523,0.219429]],[[0.839068,0.107615,-0.533276],[-0.493324,-0.26272,-0.829222],[-0.229339,0.958852,-0.167351]]],3],[1124,[-0.224086,0.587772,-0.777373],112,48.1629,[2.17711,182.905,53.5476],[-1.82082,181.816,55.7986],[-236.05,-76.1461,79.9528],false,[17.5167,87.609,119.202],[8.29484,139.685,103.078],[5.05136,164.314,80.2825],[0.87223,175.276,65.7847],[-4.22326,182.958,52.1777],[[[0.778949,-0.0554636,-0.624629],[0.604499,0.331348,0.724424],[0.166791,-0.941877,0.291631]],[[0.791137,-0.356091,-0.497294],[0.604026,0.58274,0.54366],[0.0962009,-0.730488,0.676115]],[[0.791137,-0.356091,-0.497294],[0.569111,0.726446,0.385213],[0.224086,-0.587772,0.777373]],[[0.791137,-0.356091,-0.497294],[0.527242,0.809159,0.259378],[0.310028,-0.467398,0.827902]]],4]],[[0,200,0],[235.247,235.247,147.751]]],[42061,99568608226,[[112,"right",[-0.373086,0.923725,-0.0868221],[-0.331209,-0.220014,-0.917548],[-21.064,118.133,118.537],[-132.174,-109.983,63.2977],[-14.2353,125.801,114.167],0.93667,0,0.798358,[[0.775576,0.32163,-0.543172],[-0.253793,0.946732,0.19821],[0.577989,-0.0158741,0.81589]],60.7581,[154.613,69.669,334.017],[5.8098,73.7558,123.966]]],[[1120,[-0.449512,0.666306,-0.594959],112,49.6939,[-59.7402,115.825,81.3418],[-68.7872,109.597,88.3237],[-161.01,-82.0276,90.9542],false,[-19.9421,59.9524,125.349],[-19.9421,59.9524,125.349],[-62.8243,79.7269,119.382],[-77.4383,101.389,100.04],[-65.5561,111.234,83.9188],[[[0.572185,0.503215,0.647595],[-0.403763,-0.514461,0.756509],[0.713849,-0.694337,-0.0911877]],[[0.250188,0.733295,0.632205],[-0.354569,-0.538216,0.764594],[0.900936,-0.415453,0.125349]],[[0.250188,0.733295,0.632205],[-0.857522,-0.135332,0.496327],[0.449512,-0.666306,0.594959]],[[0.250188,0.733295,0.632205],[-0.808638,0.51736,-0.280077],[-0.532457,-0.441154,0.722408]]],0],[1121,[0.297028,-0.867523,-0.398972],112,56.074,[-39.2776,99.6516,74.1558],[-50.5739,93.1425,80.4558],[-181.457,-69.4791,73.3044],false,[-10.9085,75.8908,138.586],[-49.965,133.121,127.62],[-63.2557,123.76,90.0182],[-56.4101,103.766,80.8231],[-48.2628,89.6601,81.0319],[[[0.791719,0.464212,-0.3971],[0.251401,0.344851,0.904365],[0.556757,-0.815834,0.156322]],[[0.797931,0.455006,-0.395316],[-0.507982,0.860668,-0.0347201],[0.324438,0.228518,0.917889]],[[0.797931,0.455006,-0.395316],[-0.524481,0.200932,-0.827373],[-0.297028,0.867523,0.398972]],[[0.797931,0.455006,-0.395316],[-0.336465,-0.207919,-0.918456],[-0.500097,0.865875,-0.0128114]]],1],[1122,[0.138422,-0.951085,-0.276183],112,63.8918,[-31.6475,94.8951,69.8695],[-42.7765,88.0972,75.8391],[-182.824,-71.0623,63.5698],false,[-1.61764,82.3004,135.354],[-31.1222,140.257,121.352],[-51.2005,126.209,82.4697],[-47.4472,100.421,74.9811],[-40.7564,83.9131,76.9337],[[[0.805124,0.284086,-0.520644],[0.393794,0.400372,0.827423],[0.44351,-0.871205,0.210478]],[[0.812964,0.268385,-0.516778],[-0.385017,0.913529,-0.131249],[0.436866,0.305669,0.845999]],[[0.812964,0.268385,-0.516778],[-0.565623,0.152993,-0.810348],[-0.138422,0.951085,0.276183]],[[0.812964,0.268385,-0.516778],[-0.446834,-0.281554,-0.849156],[-0.373402,0.921247,-0.108969]]],2],[1123,[-0.0183376,-0.973524,-0.227846],112,61.4337,[-19.586,96.5664,70.3847],[-29.7977,91.0176,74.2075],[-184.849,-70.6278,48.7601],false,[7.75847,86.6371,129.831],[-10.7669,141.11,113.8],[-31.9901,129.42,78.758],[-32.4745,103.705,72.7396],[-28.3805,86.5916,75.5273],[[[0.829623,0.121789,-0.544879],[0.464247,0.391669,0.794399],[0.310161,-0.91201,0.268397]],[[0.833203,0.111085,-0.541694],[-0.240011,0.955178,-0.173293],[0.498164,0.2744,0.822519]],[[0.833203,0.111085,-0.541694],[-0.552663,0.199776,-0.809107],[0.0183376,0.973524,0.227846]],[[0.833203,0.111085,-0.541694],[-0.502957,-0.254855,-0.825883],[-0.229797,0.960577,-0.156475]]],3],[1124,[-0.237195,0.592476,-0.769877],112,48.1629,[-0.509829,182.084,54.473],[-4.22473,181.183,56.6595],[-247.299,-74.9349,85.4431],false,[16.0506,86.5616,119.088],[6.73653,138.798,103.546],[3.01125,163.508,80.9127],[-1.41235,174.558,66.5547],[-6.70224,182.358,53.0897],[[[0.771757,-0.0509853,-0.63387],[0.613199,0.323721,0.72055],[0.168459,-0.944778,0.281098]],[[0.785171,-0.349746,-0.511062],[0.609342,0.583562,0.536803],[0.110491,-0.732894,0.671311]],[[0.785171,-0.349746,-0.511062],[0.572053,0.725706,0.382237],[0.237195,-0.592476,0.769877]],[[0.785171,-0.349746,-0.511062],[0.52907,0.807748,0.260055],[0.321856,-0.474575,0.81926]]],4]],[[0,200,0],[235.247,235.247,147.751]]],[42062,99568616785,[[112,"right",[-0.369568,0.926184,-0.0748538],[-0.34517,-0.21163,-0.914369],[-22.6055,117.507,119.092],[-144.785,-100.287,63.704],[-15.1242,124.92,114.69],0.943431,0,0.800797,[[0.772909,0.319218,-0.548371],[-0.25255,0.947596,0.195655],[0.582091,-0.012733,0.813024]],60.7581,[153.975,69.6799,333.133],[4.11592,72.9581,123.82]]],[[1120,[-0.453541,0.671,-0.586566],112,49.6939,[-60.7576,115.136,82.0314],[-70.7223,109.315,89.2449],[-179.44,-68.7931,93.1588],false,[-21.6839,59.2733,125.465],[-21.6839,59.2733,125.465],[-64.5408,79.2531,120.024],[-79.2858,101.068,100.955],[-67.5727,110.977,84.7496],[[[0.583769,0.495598,0.643115],[-0.395713,-0.517977,0.758361],[0.70896,-0.697197,-0.106264]],[[0.259487,0.729055,0.633361],[-0.349192,-0.540624,0.76537],[0.900406,-0.419768,0.114295]],[[0.259487,0.729055,0.633361],[-0.852624,-0.135048,0.504772],[0.453541,-0.671,0.586566]],[[0.259487,0.729055,0.633361],[-0.810658,0.520871,-0.267443],[-0.52488,-0.444041,0.726174]]],0],[1121,[0.286444,-0.865839,-0.410211],112,56.074,[-40.3136,99.1082,74.756],[-52.7877,92.981,81.2608],[-202.828,-55.1205,77.5583],false,[-12.3845,75.069,138.689],[-51.2996,132.572,128.689],[-65.2065,123.626,91.2097],[-58.6049,103.671,81.7556],[-50.5272,89.523,81.7479],[[[0.788416,0.463162,-0.404822],[0.26582,0.336955,0.903217],[0.554743,-0.819721,0.142543]],[[0.794614,0.453901,-0.403191],[-0.503332,0.863874,-0.0194481],[0.339479,0.218393,0.914909]],[[0.794614,0.453901,-0.403191],[-0.535294,0.210468,-0.818025],[-0.286444,0.865839,0.410211]],[[0.794614,0.453901,-0.403191],[-0.350355,-0.199537,-0.915116],[-0.495823,0.868423,0.000471946]]],1],[1122,[0.129702,-0.949758,-0.284847],112,63.8918,[-32.7073,94.291,70.4643],[-45.0606,87.8981,76.5058],[-205.112,-58.1903,66.7164],false,[-3.10742,81.4558,135.373],[-32.5106,139.66,122.209],[-53.2121,126.018,83.509],[-49.6953,100.266,75.7855],[-43.0588,83.7134,77.533],[[[0.79917,0.283882,-0.529847],[0.407399,0.392329,0.824684],[0.441987,-0.874922,0.197884]],[[0.807029,0.268021,-0.526184],[-0.381866,0.916547,-0.118824],[0.450425,0.296827,0.842028]],[[0.807029,0.268021,-0.526184],[-0.576092,0.161633,-0.801245],[-0.129702,0.949758,0.284847]],[[0.807029,0.268021,-0.526184],[-0.459924,-0.273587,-0.84476],[-0.37037,0.923751,-0.0975234]]],2],[1123,[-0.0264754,-0.971749,-0.234526],112,61.4337,[-21.0117,95.821,70.9751],[-32.0908,90.7608,74.7081],[-206.748,-59.7563,50.7182],false,[6.21216,85.7861,129.75],[-12.2594,140.467,114.377],[-34.0342,129.152,79.5514],[-34.7336,103.484,73.3566],[-30.6857,86.3318,75.9678],[[[0.822501,0.121647,-0.555602],[0.477337,0.383518,0.790609],[0.309259,-0.915487,0.257377]],[[0.826091,0.110842,-0.552528],[-0.237353,0.957694,-0.162746],[0.511114,0.265587,0.817451]],[[0.826091,0.110842,-0.552528],[-0.562914,0.208368,-0.799819],[0.0264754,0.971749,0.234526]],[[0.826091,0.110842,-0.552528],[-0.515703,-0.246618,-0.820506],[-0.22721,0.962753,-0.146567]]],3],[1124,[-0.25353,0.593646,-0.763745],112,48.1629,[-3.40046,181.286,55.3519],[-6.86322,180.608,57.2781],[-265.534,-73.7139,82.1228],false,[14.3522,85.7481,118.892],[5.08648,138.143,103.862],[0.802374,162.846,81.3193],[-3.92587,173.917,67.0758],[-9.47078,181.768,53.7435],[[[0.762514,-0.0501795,-0.645022],[0.62489,0.315372,0.71418],[0.167585,-0.947641,0.271832]],[[0.776503,-0.34594,-0.526658],[0.617169,0.586098,0.524967],[0.127066,-0.732676,0.668611]],[[0.776503,-0.34594,-0.526658],[0.576859,0.726574,0.373262],[0.25353,-0.593646,0.763745]],[[0.776503,-0.34594,-0.526658],[0.532188,0.807564,0.254199],[0.337372,-0.477667,0.811181]]],4]],[[0,200,0],[235.247,235.247,147.751]]],[42063,99568625515,[[112,"right",[-0.367524,0.92728,-0.0712602],[-0.352236,-0.209702,-0.912116],[-24.2043,117.154,119.837],[-155.046,-84.2907,69.5061],[-16.2107,123.991,115.306],0.951362,0,0.770408,[[0.769738,0.316987,-0.554096],[-0.250362,0.948364,0.194741],[0.587215,-0.0111751,0.809354]],60.7581,[153.605,69.6488,332.697],[2.42652,72.5258,124.329]]],[[1120,[-0.454599,0.670437,-0.586391],112,49.6939,[-62.0158,114.386,82.8208],[-72.4841,108.998,89.9876],[-186.817,-59.7527,88.289],false,[-23.3988,58.9106,126.142],[-23.3988,58.9106,126.142],[-66.2287,78.9551,120.728],[-81.008,100.752,101.664],[-69.4052,110.675,85.3878],[[[0.589689,0.493299,0.639471],[-0.391754,-0.517688,0.76061],[0.706255,-0.699039,-0.112024]],[[0.26172,0.729834,0.631541],[-0.348989,-0.538511,0.76695],[0.899839,-0.421127,0.113765]],[[0.26172,0.729834,0.631541],[-0.851377,-0.133628,0.507249],[0.454599,-0.670437,0.586391]],[[0.26172,0.729834,0.631541],[-0.813122,0.519246,-0.263091],[-0.519938,-0.444664,0.729341]]],0],[1121,[0.280454,-0.866015,-0.41396],112,56.074,[-41.6763,98.4812,75.522],[-54.7422,92.797,82.2094],[-209.741,-44.7224,84.8304],false,[-13.962,74.6665,139.317],[-52.7877,132.288,129.654],[-67.0337,123.505,92.263],[-60.5701,103.546,82.7225],[-52.5327,89.3759,82.6466],[[[0.786803,0.461413,-0.409926],[0.273156,0.335258,0.901658],[0.553468,-0.821401,0.137744]],[[0.793066,0.452013,-0.408328],[-0.500112,0.865866,-0.0128305],[0.347757,0.214385,0.912745]],[[0.793066,0.452013,-0.408328],[-0.540733,0.21378,-0.813576],[-0.280454,0.866015,0.41396]],[[0.793066,0.452013,-0.408328],[-0.357277,-0.197754,-0.912824],[-0.493356,0.869815,0.00466196]]],1],[1122,[0.125146,-0.949874,-0.286493],112,63.8918,[-34.1122,93.5804,71.23],[-47.0332,87.6513,77.4002],[-210.841,-49.906,75.9591],false,[-4.69107,81.0312,135.942],[-34.0257,139.33,123.047],[-55.0429,125.797,84.4801],[-51.6496,100.042,76.7119],[-45.0433,83.4716,78.4043],[[[0.796173,0.282237,-0.535211],[0.414327,0.390324,0.82218],[0.440956,-0.87635,0.193827]],[[0.804051,0.266271,-0.531602],[-0.379977,0.91782,-0.114996],[0.457295,0.29446,0.839151]],[[0.804051,0.266271,-0.531602],[-0.58124,0.163827,-0.79707],[-0.125146,0.949874,0.286493]],[[0.804051,0.266271,-0.531602],[-0.466447,-0.271935,-0.841712],[-0.368685,0.924744,-0.0944487]]],2],[1123,[-0.0308396,-0.971456,-0.235208],112,61.4337,[-22.801,94.9958,71.7113],[-34.0698,90.4826,75.5115],[-212.308,-51.8236,61.3182],false,[4.60032,85.3417,130.257],[-13.8283,140.089,115.073],[-35.8852,128.891,80.3878],[-36.6998,103.23,74.1749],[-32.678,86.0662,76.7475],[[[0.818871,0.119966,-0.561301],[0.483997,0.381356,0.7876],[0.308541,-0.916611,0.254218]],[[0.822485,0.109049,-0.558236],[-0.235525,0.95865,-0.159746],[0.517732,0.262867,0.814158]],[[0.822485,0.109049,-0.558236],[-0.567951,0.210671,-0.795644],[0.0308396,0.971456,0.235208]],[[0.822485,0.109049,-0.558236],[-0.522072,-0.244785,-0.81702],[-0.225743,0.963425,-0.1444]]],3],[1124,[-0.265644,0.589724,-0.762665],112,48.1629,[-6.41951,180.457,56.1905],[-9.27637,179.964,57.8257],[-269.904,-74.4563,77.232],false,[12.663,85.2928,119.341],[3.43596,137.729,104.433],[-1.29623,162.284,81.8181],[-6.25041,173.282,67.5946],[-11.9722,181.09,54.3124],[[[0.757775,-0.0515991,-0.650472],[0.630814,0.312884,0.710054],[0.166884,-0.948389,0.269645]],[[0.772137,-0.343544,-0.534586],[0.619762,0.592941,0.514117],[0.140356,-0.728285,0.670747]],[[0.772137,-0.343544,-0.534586],[0.577268,0.730892,0.364087],[0.265644,-0.589724,0.762665]],[[0.772137,-0.343544,-0.534586],[0.53161,0.810102,0.247237],[0.348132,-0.475092,0.808141]]],4]],[[0,200,0],[235.247,235.247,147.751]]],[42064,99568634194,[[112,"right",[-0.366766,0.928011,-0.0654073],[-0.359452,-0.206206,-0.910095],[-25.7154,116.778,120.559],[-160.122,-73.3703,73.132],[-17.4393,123.059,115.985],0.957857,0,0.77436,[[0.76637,0.316841,-0.558829],[-0.250048,0.94843,0.194823],[0.591738,-0.00957302,0.806073]],60.7581,[153.23,69.6348,332.224],[0.886761,72.0994,124.701]]],[[1120,[-0.457522,0.670467,-0.584078],112,49.6939,[-63.4841,113.604,83.6832],[-74.1961,108.67,90.7045],[-191.362,-53.2701,84.3113],false,[-24.9429,58.5135,126.666],[-24.9429,58.5135,126.666],[-67.7742,78.5786,121.338],[-82.6485,100.376,102.35],[-71.2133,110.388,86.0096],[[[0.595219,0.490378,0.636587],[-0.386678,-0.519664,0.761859],[0.70441,-0.699628,-0.119695]],[[0.263255,0.729546,0.631237],[-0.347759,-0.538564,0.767472],[0.899867,-0.421559,0.111926]],[[0.263255,0.729546,0.631237],[-0.849335,-0.135043,0.510287],[0.457522,-0.670467,0.584078]],[[0.263255,0.729546,0.631237],[-0.817382,0.516223,-0.255733],[-0.512428,-0.448639,0.732216]]],0],[1121,[0.275466,-0.864921,-0.41956],112,56.074,[-43.3173,97.8087,76.4221],[-56.5916,92.6294,83.0988],[-211.738,-36.8722,88.646],false,[-15.3843,74.2129,139.82],[-54.2023,131.919,130.642],[-68.7875,123.357,93.3311],[-62.4388,103.423,83.6616],[-54.4231,89.241,83.4838],[[[0.784304,0.461691,-0.414378],[0.28047,0.331904,0.900653],[0.553357,-0.822606,0.130823]],[[0.790694,0.452082,-0.412827],[-0.498038,0.867144,-0.0043011],[0.356036,0.209004,0.910799]],[[0.790694,0.452082,-0.412827],[-0.546738,0.218024,-0.80842],[-0.275466,0.864921,0.41956]],[[0.790694,0.452082,-0.412827],[-0.364306,-0.194489,-0.910744],[-0.492021,0.870515,0.0109145]]],1],[1122,[0.122101,-0.949276,-0.289771],112,63.8918,[-35.8035,92.8111,72.1308],[-48.8813,87.4366,78.2403],[-211.456,-42.9652,81.2582],false,[-6.13051,80.576,136.395],[-35.4813,138.957,123.917],[-56.8095,125.581,85.4655],[-53.4988,99.8415,77.6085],[-46.8935,83.2627,79.217],[[[0.792471,0.282918,-0.540321],[0.421109,0.38704,0.820285],[0.441199,-0.877586,0.187579]],[[0.800411,0.266814,-0.536798],[-0.379459,0.918748,-0.109144],[0.464061,0.291053,0.836621]],[[0.800411,0.266814,-0.536798],[-0.586885,0.166392,-0.792389],[-0.122101,0.949276,0.289771]],[[0.800411,0.266814,-0.536798],[-0.47271,-0.269734,-0.838921],[-0.368629,0.925232,-0.0897725]]],2],[1123,[-0.0339448,-0.970678,-0.237976],112,61.4337,[-24.8537,94.1574,72.5462],[-35.9449,90.2692,76.2407],[-213.484,-44.1148,66.8965],false,[3.12337,84.8927,130.654],[-15.3441,139.715,115.791],[-37.6838,128.68,81.2347],[-38.5805,103.041,74.9488],[-34.5591,85.8651,77.4437],[[[0.814745,0.120703,-0.567117],[0.490501,0.378091,0.785147],[0.309191,-0.917866,0.248843]],[[0.818398,0.109675,-0.564089],[-0.235071,0.959626,-0.154469],[0.524372,0.259018,0.811137]],[[0.818398,0.109675,-0.564089],[-0.573648,0.213907,-0.790678],[0.0339448,0.970678,0.237976]],[[0.818398,0.109675,-0.564089],[-0.528464,-0.241938,-0.813752],[-0.225723,0.964073,-0.140043]]],3],[1124,[-0.279922,0.586105,-0.760345],112,48.1629,[-9.46714,179.671,57.0129],[-11.7734,179.412,58.4768],[-276.3,-72.6608,76.7547],false,[11.1027,84.8688,119.677],[1.83547,137.367,105.012],[-3.41887,161.796,82.3775],[-8.63931,172.727,68.1973],[-14.5716,180.493,54.9827],[[[0.752735,-0.0504834,-0.656385],[0.636629,0.309675,0.706261],[0.167612,-0.949501,0.265243]],[[0.767916,-0.338619,-0.54373],[0.621304,0.600271,0.503643],[0.155843,-0.724577,0.671343]],[[0.767916,-0.338619,-0.54373],[0.57615,0.736083,0.355293],[0.279922,-0.586105,0.760345]],[[0.767916,-0.338619,-0.54373],[0.529176,0.813678,0.240626],[0.360941,-0.47251,0.804025]]],4]],[[0,200,0],[235.247,235.247,147.751]]],[42065,99568642814,[[112,"right",[-0.364536,0.929657,-0.0534003],[-0.368915,-0.196837,-0.908382],[-27.0898,116.522,121.045],[-159.942,-61.8125,68.702],[-18.7698,122.157,116.683],0.962727,0,0.772458,[[0.763435,0.317623,-0.56239],[-0.250718,0.948183,0.195164],[0.595237,-0.00799419,0.80351]],60.7581,[152.658,69.6703,331.385],[-0.585765,71.7284,124.522]]],[[1120,[-0.460519,0.674358,-0.577203],112,49.6939,[-65.1559,112.857,84.5744],[-75.8682,108.741,91.1727],[-194.204,-35.7039,73.2477],false,[-26.4367,58.2022,126.615],[-26.4367,58.2022,126.615],[-69.2294,78.4082,121.515],[-84.2012,100.332,102.75],[-73.012,110.547,86.3659],[[[0.602882,0.482784,0.63518],[-0.380845,-0.525427,0.760844],[0.701064,-0.700604,-0.132905]],[[0.266892,0.725364,0.63452],[-0.34708,-0.541876,0.765445],[0.899057,-0.42452,0.107137]],[[0.266892,0.725364,0.63452],[-0.846576,-0.138158,0.514025],[0.460519,-0.674358,0.577203]],[[0.266892,0.725364,0.63452],[-0.823021,0.514102,-0.241528],[-0.501404,-0.457761,0.734199]]],0],[1121,[0.268466,-0.861862,-0.430256],112,56.074,[-45.2158,97.156,77.407],[-58.4099,92.8327,83.6866],[-212.135,-20.3126,82.6584],false,[-16.7026,73.7526,139.817],[-55.4307,131.655,131.543],[-70.4302,123.524,94.2995],[-64.2429,103.661,84.3834],[-56.2714,89.4576,84.0073],[[[0.78165,0.463108,-0.417797],[0.29023,0.32285,0.900852],[0.552077,-0.825408,0.117948]],[[0.788099,0.453352,-0.416378],[-0.494807,0.86895,0.00956852],[0.36615,0.198486,0.909141]],[[0.788099,0.453352,-0.416378],[-0.553918,0.227301,-0.800943],[-0.268466,0.861862,0.430256]],[[0.788099,0.453352,-0.416378],[-0.37347,-0.185538,-0.908898],[-0.489305,0.871807,0.0230908]]],1],[1122,[0.116627,-0.947078,-0.299068],112,63.8918,[-37.767,92.0608,73.1053],[-50.7397,87.6354,78.7189],[-212.661,-25.2827,74.0412],false,[-7.46297,80.1191,136.36],[-36.7544,138.699,124.699],[-58.5012,125.749,86.3362],[-55.3389,100.07,78.2271],[-48.762,83.4614,79.6367],[[[0.788045,0.285465,-0.545431],[0.43025,0.378296,0.81962],[0.440308,-0.880569,0.175293]],[[0.796014,0.269212,-0.542113],[-0.377457,0.920943,-0.0969028],[0.473167,0.28176,0.8347]],[[0.796014,0.269212,-0.542113],[-0.593936,0.174837,-0.785285],[-0.116627,0.947078,0.299068]],[[0.796014,0.269212,-0.542113],[-0.481291,-0.261599,-0.836615],[-0.367043,0.926871,-0.0786673]]],2],[1123,[-0.039368,-0.968363,-0.246419],112,61.4337,[-27.131,93.4066,73.3948],[-37.8231,90.4604,76.6093],[-215.043,-25.8827,59.7028],false,[1.74785,84.4602,130.569],[-16.695,139.471,116.385],[-39.4123,128.857,81.9428],[-40.4522,103.278,75.4338],[-36.4558,86.0713,77.7434],[[[0.809559,0.123436,-0.573914],[0.499269,0.369461,0.783728],[0.308779,-0.921011,0.237473]],[[0.813251,0.112237,-0.570987],[-0.232986,0.961945,-0.142754],[0.533236,0.249127,0.808452]],[[0.813251,0.112237,-0.570987],[-0.58058,0.222879,-0.783104],[0.039368,0.968363,0.246419]],[[0.813251,0.112237,-0.570987],[-0.536939,-0.233516,-0.810658],[-0.22432,0.965854,-0.129643]]],3],[1124,[-0.293999,0.587777,-0.753713],112,48.1629,[-12.3912,179.163,57.865],[-14.129,179.332,59.2472],[-276.578,-56.5537,80.3136],false,[9.61999,84.5126,119.515],[0.371675,137.169,105.418],[-5.38281,161.624,82.9325],[-10.8658,172.586,68.8761],[-17.0114,180.403,55.7897],[[[0.746159,-0.0467448,-0.664125],[0.644413,0.301332,0.702803],[0.167269,-0.952373,0.254964]],[[0.761841,-0.3321,-0.556155],[0.624875,0.603006,0.495899],[0.170677,-0.725323,0.666915]],[[0.761841,-0.3321,-0.556155],[0.577203,0.737718,0.350155],[0.293999,-0.587777,0.753713]],[[0.761841,-0.3321,-0.556155],[0.528944,0.814552,0.238168],[0.373922,-0.475621,0.796221]]],4]],[[0,200,0],[235.247,235.247,147.751]]],[42066,99568651550,[[112,"right",[-0.363742,0.930471,-0.0437672],[-0.377819,-0.190319,-0.906108],[-28.5105,116.298,121.679],[-160.661,-52.1389,69.7507],[-20.2116,121.29,117.422],0.964715,0,0.766667,[[0.76026,0.318926,-0.565942],[-0.251466,0.947754,0.196282],[0.598973,-0.00691018,0.800739]],60.7581,[152.169,69.668,330.757],[-2.03655,71.447,124.607]]],[[1120,[-0.465862,0.675785,-0.571216],112,49.6939,[-67.072,112.129,85.5287],[-77.6273,108.695,91.8071],[-198.894,-26.303,70.6575],false,[-27.885,57.9414,126.856],[-27.885,57.9414,126.856],[-70.6743,78.1981,121.932],[-85.8198,100.168,103.361],[-74.9307,110.59,86.9046],[[[0.609569,0.477763,0.632588],[-0.37431,-0.52996,0.760943],[0.698797,-0.700631,-0.144216]],[[0.269153,0.72318,0.636057],[-0.34552,-0.543957,0.764674],[0.898984,-0.425585,0.103466]],[[0.269153,0.72318,0.636057],[-0.842929,-0.14257,0.518791],[0.465862,-0.675785,0.571216]],[[0.269153,0.72318,0.636057],[-0.830334,0.508852,-0.227188],[-0.487957,-0.466991,0.73744]]],0],[1121,[0.263223,-0.859444,-0.438257],112,56.074,[-47.3663,96.5184,78.5007],[-60.2139,92.9033,84.4811],[-210.746,-12.5993,84.6763],false,[-18.0042,73.391,140.068],[-56.7292,131.398,132.547],[-72.1008,123.548,95.3951],[-66.0344,103.74,85.2947],[-58.0842,89.5303,84.7584],[[[0.778277,0.464837,-0.422152],[0.299241,0.316483,0.900163],[0.552033,-0.826901,0.107213]],[[0.784792,0.454962,-0.420846],[-0.493255,0.869647,0.020324],[0.375234,0.191634,0.906905]],[[0.784792,0.454962,-0.420846],[-0.561083,0.233164,-0.794242],[-0.263223,0.859444,0.438257]],[[0.784792,0.454962,-0.420846],[-0.382048,-0.179538,-0.906535],[-0.487997,0.872225,0.0329167]]],1],[1122,[0.112581,-0.94529,-0.306191],112,63.8918,[-40.0047,91.333,74.1777],[-52.5919,87.7293,79.4122],[-212.687,-15.2471,74.9939],false,[-8.78912,79.7681,136.566],[-38.1092,138.463,125.572],[-60.2469,125.819,87.3311],[-57.1943,100.187,79.0289],[-50.6217,83.5647,80.2776],[[[0.78321,0.288037,-0.551014],[0.438557,0.372282,0.817969],[0.440738,-0.882293,0.165254]],[[0.791216,0.271693,-0.547868],[-0.376786,0.922224,-0.0868046],[0.481673,0.27511,0.832049]],[[0.791216,0.271693,-0.547868],[-0.601084,0.180583,-0.778516],[-0.112581,0.94529,0.306191]],[[0.791216,0.271693,-0.547868],[-0.489314,-0.256101,-0.833657],[-0.366809,0.927683,-0.0696883]]],2],[1123,[-0.0438698,-0.966455,-0.25306],112,61.4337,[-29.63,92.7532,74.289],[-39.7076,90.5963,77.1921],[-216.341,-12.9122,60.1225],false,[0.372145,84.1354,130.716],[-18.1288,139.263,117.073],[-41.2127,129.019,82.7626],[-42.3715,103.49,76.0782],[-38.3773,86.2641,78.2461],[[[0.804228,0.126172,-0.580774],[0.507219,0.363594,0.781363],[0.309752,-0.922973,0.228416]],[[0.808034,0.114634,-0.577876],[-0.23128,0.963865,-0.132191],[0.54184,0.240466,0.805348]],[[0.808034,0.114634,-0.577876],[-0.5875,0.229832,-0.7759],[0.0438698,0.966455,0.25306]],[[0.808034,0.114634,-0.577876],[-0.544809,-0.227883,-0.807002],[-0.224198,0.966917,-0.121684]]],3],[1124,[-0.306395,0.589135,-0.747691],112,48.1629,[-15.218,178.837,58.7685],[-16.4922,179.247,60.071],[-274.973,-44.0093,84.7317],false,[8.13874,84.2506,119.588],[-1.17054,137.012,105.928],[-7.37132,161.48,83.5766],[-13.0855,172.467,69.6324],[-19.4183,180.328,56.6622],[[[0.739737,-0.0433229,-0.671501],[0.651491,0.295812,0.698609],[0.168372,-0.954263,0.247047]],[[0.756259,-0.326364,-0.567061],[0.627891,0.605656,0.488809],[0.183914,-0.725719,0.662954]],[[0.756259,-0.326364