{"metadata":{"formatVersion":2,"generatedBy":"LeapJS Playback 0.2.1","frames":50,"frameRate":"1.1e+2","modified":"Fri Mar 20 2015 19:24:42 GMT-0300 (E. South America Standard Time)","title":"oi2"},"frames":[["id","timestamp",{"hands":[["id","type","direction","palmNormal","palmPosition","palmVelocity","stabilizedPalmPosition","pinchStrength","grabStrength","confidence","armBasis","armWidth","elbow","wrist"]]},{"pointables":[["id","direction","handId","length","stabilizedTipPosition","tipPosition","tipVelocity","tool","carpPosition","mcpPosition","pipPosition","dipPosition","btipPosition","bases","type"]]},{"interactionBox":["center","size"]}],[42285,99570585445,[[112,"right",[-0.337205,0.896971,-0.285895],[-0.290378,-0.387971,-0.874734],[22.6674,95.4218,128.731],[-267.403,-52.7642,105.824],[23.1521,95.4682,128.557],0.999834,0,0.617238,[[0.842127,0.264999,-0.469678],[0.0381835,0.839451,0.542093],[0.537926,-0.474445,0.696806]],60.7581,[186.224,-69.7703,323.603],[47.7353,52.3754,144.211]]],[[1120,[-0.401218,0.580407,-0.708627],112,49.6939,[-20.8998,86.7418,95.1892],[-22.4016,86.7754,95.4577],[-311.351,-75.3724,176.274],false,[21.5021,39.6921,146.772],[21.5021,39.6921,146.772],[-17.8226,62.3523,132.433],[-30.8665,81.2217,109.395],[-19.2494,88.1744,91.6556],[[[0.554281,0.607327,0.569146],[-0.459257,-0.347123,0.817672],[0.694158,-0.714604,0.0865152]],[[0.284858,0.814326,0.505697],[-0.486064,-0.331993,0.808407],[0.826195,-0.476082,0.301244]],[[0.284858,0.814326,0.505697],[-0.870563,-0.00103718,0.492056],[0.401218,-0.580407,0.708627]],[[0.284858,0.814326,0.505697],[-0.804895,0.489699,-0.335169],[-0.520576,-0.311558,0.794942]]],0],[1121,[0.430699,-0.897691,-0.0930028],112,56.074,[-3.58535,73.3631,100.359],[-3.61614,72.7707,101.498],[-352.902,-30.4924,127.721],false,[30.3625,57.7074,157.155],[-6.15135,112.544,133.058],[-21.824,101.919,96.7308],[-11.8977,81.2302,94.5874],[-1.82059,71.0292,102.32],[[[0.826199,0.359541,-0.433734],[0.215549,0.509568,0.832994],[0.520512,-0.78171,0.343506]],[[0.780818,0.422324,-0.460397],[-0.493916,0.868545,-0.0409456],[0.382583,0.259368,0.886768]],[[0.780818,0.422324,-0.460397],[-0.452571,-0.125674,-0.882828],[-0.430699,0.897691,0.0930028]],[[0.780818,0.422324,-0.460397],[-0.0878151,-0.655415,-0.750147],[-0.618556,0.626158,-0.474674]]],1],[1122,[0.241003,-0.969321,0.0483223],112,63.8918,[5.81612,68.5173,97.2107],[5.89949,68.0632,98.2415],[-346.016,-54.3047,130.299],false,[40.016,63.1495,153.276],[13.2173,117.889,126.612],[-8.1415,103.909,88.3931],[-1.60679,77.6264,89.7034],[7.3474,65.7544,99.701],[[[0.839994,0.158451,-0.518944],[0.363501,0.545731,0.755013],[0.402837,-0.822843,0.400813]],[[0.829236,0.179793,-0.529191],[-0.310479,0.935494,-0.168682],[0.464727,0.30418,0.831567]],[[0.829236,0.179793,-0.529191],[-0.504267,-0.167607,-0.847126],[-0.241003,0.969321,-0.0483223]],[[0.829236,0.179793,-0.529191],[-0.250301,-0.727117,-0.639257],[-0.499718,0.662552,-0.557949]]],2],[1123,[0.0201936,-0.995697,0.0904375],112,61.4337,[18.4834,71.0152,95.0764],[18.6548,70.437,96.1548],[-344.572,-60.951,108.385],false,[49.8044,66.1087,147.562],[33.9534,116.789,120.216],[13.057,107.119,84.3717],[13.5904,80.8187,86.7605],[19.4669,68.0451,97.701],[[[0.860311,-0.00595723,-0.509735],[0.435242,0.529148,0.7284],[0.265386,-0.848508,0.457825]],[[0.866812,-0.0276408,-0.497868],[-0.0897423,0.973511,-0.210294],[0.490492,0.226965,0.841371]],[[0.866812,-0.0276408,-0.497868],[-0.498225,-0.0884461,-0.862525],[-0.0201936,0.995697,-0.0904375]],[[0.866812,-0.0276408,-0.497868],[-0.373943,-0.69653,-0.612383],[-0.329853,0.716995,-0.614097]]],3],[1124,[-0.0787617,0.616301,-0.783562],112,48.1629,[49.8681,154.998,63.8057],[49.6672,155.266,64.1407],[-352.275,-110.699,10.9833],false,[58.6346,63.7444,137.531],[51.8778,112.121,111.627],[53.5558,137.218,89.1754],[52.0869,148.711,74.5622],[49.1874,156.872,60.5934],[[[0.801424,-0.191471,-0.56662],[0.585478,0.444724,0.677818],[0.122207,-0.874963,0.468514]],[[0.804042,-0.425389,-0.415404],[0.592486,0.514755,0.619667],[-0.0497678,-0.74436,0.665922]],[[0.804042,-0.425389,-0.415404],[0.589333,0.662735,0.462028],[0.0787617,-0.616301,0.783562]],[[0.804042,-0.425389,-0.415404],[0.567797,0.756651,0.32417],[0.176418,-0.496511,0.849914]]],4]],[[0,200,0],[235.247,235.247,147.751]]],[42286,99570594086,[[112,"right",[-0.336544,0.899437,-0.278839],[-0.302379,-0.383651,-0.87257],[20.0817,94.9409,129.455],[-275.846,-53.5291,99.9893],[20.6303,95.0352,129.295],1,0,0.631781,[[0.83661,0.262894,-0.480594],[0.0437703,0.842433,0.537021],[0.546048,-0.470312,0.693281]],60.7581,[185.718,-69.3509,322.976],[45.1379,51.7309,144.491]]],[[1120,[-0.400922,0.582575,-0.707013],112,49.6939,[-23.581,86.2761,96.4061],[-25.2438,86.3703,96.6991],[-315.27,-70.7399,166.233],false,[18.8804,39.1547,147.318],[18.8804,39.1547,147.318],[-20.6462,61.8516,133.607],[-33.6805,80.7916,110.621],[-22.0686,87.6531,92.8428],[[[0.563643,0.602897,0.564644],[-0.451145,-0.347922,0.821838],[0.691936,-0.717959,0.0758898]],[[0.291784,0.812766,0.504255],[-0.47459,-0.334698,0.81409],[0.830438,-0.476852,0.288071]],[[0.291784,0.812766,0.504255],[-0.868403,0.0041282,0.495842],[0.400922,-0.582575,0.707013]],[[0.291784,0.812766,0.504255],[-0.802561,0.494845,-0.333203],[-0.520344,-0.307472,0.796682]]],0],[1121,[0.424437,-0.899395,-0.104602],112,56.074,[-6.66673,73.2151,101.236],[-6.71041,72.5883,102.329],[-354.497,-28.1711,120.144],false,[27.9426,57.0947,157.657],[-8.60752,112.175,134.18],[-24.8192,101.845,98.0048],[-15.0373,81.1164,95.5941],[-4.91059,70.8192,103.132],[[[0.822632,0.357388,-0.44221],[0.227608,0.505722,0.83213],[0.521029,-0.785187,0.334678]],[[0.776772,0.421039,-0.46835],[-0.489912,0.87128,-0.0292661],[0.395742,0.252183,0.883058]],[[0.776772,0.421039,-0.46835],[-0.465273,-0.117533,-0.877329],[-0.424437,0.899395,0.104602]],[[0.776772,0.421039,-0.46835],[-0.101204,-0.650553,-0.752687],[-0.621597,0.632065,-0.462721]]],1],[1122,[0.236258,-0.970835,0.0407533],112,63.8918,[2.73366,68.2691,98.0291],[2.77703,67.8018,98.9996],[-350.11,-47.9351,119.641],false,[37.574,62.5075,153.684],[10.7076,117.457,127.524],[-11.1791,103.76,89.5022],[-4.77302,77.4365,90.6072],[4.2369,65.4713,100.442],[[[0.834526,0.156536,-0.528264],[0.374791,0.5415,0.752535],[0.403854,-0.825999,0.393228]],[[0.823786,0.177877,-0.538271],[-0.307569,0.937841,-0.160794],[0.476211,0.298016,0.82729]],[[0.823786,0.177877,-0.538271],[-0.515324,-0.160743,-0.841786],[-0.236258,0.970835,-0.0407533]],[[0.823786,0.177877,-0.538271],[-0.261802,-0.722814,-0.639531],[-0.502828,0.667758,-0.548875]]],2],[1123,[0.0156565,-0.996237,0.085246],112,61.4337,[15.3748,70.7009,95.7322],[15.5241,70.1246,96.7622],[-349.376,-54.6647,98.9909],false,[47.3075,65.4432,147.865],[31.3618,116.287,120.881],[10.0009,106.879,85.2415],[10.4145,80.5641,87.4932],[16.3455,67.7031,98.301],[[[0.854217,-0.00799145,-0.519855],[0.446139,0.524693,0.725022],[0.266971,-0.851254,0.451767]],[[0.860818,-0.0299429,-0.508031],[-0.0871409,0.974852,-0.20511],[0.501397,0.220833,0.836561]],[[0.860818,-0.0299429,-0.508031],[-0.508672,-0.0813353,-0.85711],[-0.0156565,0.996237,-0.085246]],[[0.860818,-0.0299429,-0.508031],[-0.384914,-0.691346,-0.611458],[-0.332917,0.721903,-0.606649]]],3],[1124,[-0.0857538,0.617946,-0.78153],112,48.1629,[46.7241,154.519,64.3089],[46.559,154.808,64.6704],[-355.4,-96.0318,23.5767],false,[56.0084,63.0747,137.723],[49.163,111.57,112.066],[50.6335,136.665,89.5977],[49.0342,148.19,75.0224],[46.0137,156.406,61.112],[[[0.793839,-0.193045,-0.576675],[0.595392,0.439782,0.672385],[0.12381,-0.877112,0.464053]],[[0.797126,-0.428021,-0.425896],[0.602236,0.512627,0.611985],[-0.0436165,-0.744319,0.666398]],[[0.797126,-0.428021,-0.425896],[0.597693,0.6595,0.455876],[0.0857538,-0.617946,0.78153]],[[0.797126,-0.428021,-0.425896],[0.575166,0.752927,0.319821],[0.183779,-0.499899,0.846361]]],4]],[[0,200,0],[235.247,235.247,147.751]]],[42287,99570602752,[[112,"right",[-0.332304,0.902633,-0.273546],[-0.315981,-0.37981,-0.869425],[17.351,94.7335,130.124],[-286.284,-45.6601,93.9218],[17.9575,94.7893,129.97],1,0,0.645741,[[0.830307,0.257906,-0.494039],[0.0527815,0.846101,0.530402],[0.554802,-0.466473,0.688911]],60.7581,[185.056,-68.8001,322.16],[42.2221,51.2932,144.8]]],[[1120,[-0.397859,0.584583,-0.707086],112,49.6939,[-26.3793,86.0402,97.5304],[-28.2207,86.3238,97.881],[-321.593,-56.3534,156.405],false,[15.8958,38.9328,147.923],[15.8958,38.9328,147.923],[-23.7239,61.7918,134.76],[-36.6586,80.797,111.772],[-24.995,87.4642,93.9538],[[[0.575376,0.597322,0.558702],[-0.444197,-0.345362,0.826689],[0.686754,-0.723831,0.0666153]],[[0.301613,0.811214,0.50096],[-0.464919,-0.33359,0.820102],[0.832394,-0.48026,0.276534]],[[0.301613,0.811214,0.50096],[-0.866451,0.0139547,0.499067],[0.397859,-0.584583,0.707086]],[[0.301613,0.811214,0.50096],[-0.797404,0.502664,-0.333879],[-0.522662,-0.298766,0.798476]]],0],[1121,[0.414798,-0.902854,-0.113121],112,56.074,[-9.89932,73.2756,102.119],[-10.0071,72.6972,103.202],[-361.42,-17.6114,115.666],false,[25.2309,56.7809,158.178],[-11.1344,112.2,135.215],[-27.8979,102.113,99.2234],[-18.3381,81.3049,96.6163],[-8.20737,70.8928,103.99],[[[0.820257,0.351158,-0.451516],[0.241757,0.502561,0.830051],[0.518393,-0.790013,0.327335]],[[0.774373,0.415552,-0.47714],[-0.482589,0.875604,-0.0206332],[0.409211,0.246241,0.878585]],[[0.774373,0.415552,-0.47714],[-0.477796,-0.110319,-0.871516],[-0.414798,0.902854,0.113121]],[[0.774373,0.415552,-0.47714],[-0.11687,-0.647185,-0.753322],[-0.621842,0.639115,-0.452597]]],1],[1122,[0.227538,-0.973146,0.0348385],112,63.8918,[-0.57394,68.2464,98.8046],[-0.603863,67.8231,99.7581],[-360.718,-34.6145,111.6],false,[34.8591,62.119,154.097],[8.14344,117.33,128.337],[-14.3281,103.93,90.5508],[-8.15852,77.5431,91.4955],[0.858815,65.4638,101.183],[[[0.82944,0.150341,-0.537984],[0.388273,0.537227,0.748753],[0.401588,-0.82993,0.387224]],[[0.818742,0.171823,-0.547849],[-0.301,0.940991,-0.15471],[0.488939,0.29157,0.822147]],[[0.818742,0.171823,-0.547849],[-0.527151,-0.153181,-0.835851],[-0.227538,0.973146,-0.0348385]],[[0.818742,0.171823,-0.547849],[-0.276424,-0.718353,-0.638404],[-0.503242,0.674126,-0.540649]]],2],[1123,[0.00696344,-0.996616,0.0819057],112,61.4337,[12.0345,70.5994,96.3552],[12.1385,70.0544,97.3631],[-360.411,-42.4348,91.759],false,[44.5467,64.9818,148.166],[28.7063,115.997,121.446],[6.84143,106.883,86.0357],[7.02536,80.5581,88.1992],[12.9587,67.6073,98.8981],[[[0.847851,-0.0143576,-0.53004],[0.459145,0.519865,0.720365],[0.265207,-0.854128,0.447361]],[[0.854476,-0.0366172,-0.518199],[-0.0804283,0.97616,-0.201599],[0.513227,0.213939,0.831161]],[[0.854476,-0.0366172,-0.518199],[-0.519444,-0.0735949,-0.851329],[-0.00696344,0.996616,-0.0819057]],[[0.854476,-0.0366172,-0.518199],[-0.398689,-0.685726,-0.608956],[-0.333044,0.726939,-0.600535]]],3],[1124,[-0.0907955,0.618342,-0.780646],112,48.1629,[43.6288,154.079,64.6387],[43.508,154.389,65.022],[-355.95,-84.0008,27.4081],false,[53.1057,62.5558,137.918],[46.3608,111.145,112.411],[47.7027,136.187,89.8761],[46.0094,147.719,75.3173],[42.8941,155.975,61.4515],[[[0.78525,-0.198815,-0.586391],[0.607042,0.433787,0.665829],[0.121992,-0.878807,0.461321]],[[0.788329,-0.434359,-0.435741],[0.613966,0.509567,0.602816],[-0.0397994,-0.742747,0.668388]],[[0.788329,-0.434359,-0.435741],[0.608518,0.654969,0.448019],[0.0907955,-0.618342,0.780646]],[[0.788329,-0.434359,-0.435741],[0.585331,0.747663,0.31367],[0.189542,-0.502327,0.843648]]],4]],[[0,200,0],[235.247,235.247,147.751]]],[42288,99570611400,[[112,"right",[-0.333458,0.903452,-0.269406],[-0.325186,-0.378447,-0.866621],[14.7319,94.4134,130.616],[-290.683,-43.3648,84.0881],[15.3348,94.4837,130.495],1,0,0.655379,[[0.825016,0.257078,-0.503249],[0.0568809,0.848234,0.526558],[0.562239,-0.463044,0.685184]],60.7581,[184.421,-68.2932,321.405],[39.673,50.9173,145.004]]],[[1120,[-0.398694,0.584234,-0.706905],112,49.6939,[-29.1223,85.6407,98.4914],[-31.0091,85.9003,98.8176],[-321.287,-56.2265,142.634],false,[13.3579,38.5982,148.376],[13.3579,38.5982,148.376],[-26.456,61.3906,135.692],[-39.4178,80.3845,112.71],[-27.7697,86.9599,94.8476],[[[0.581871,0.595819,0.553558],[-0.436603,-0.345404,0.830707],[0.686152,-0.725049,0.0591556]],[[0.305822,0.811395,0.498108],[-0.454735,-0.335162,0.825156],[0.836474,-0.478858,0.266469]],[[0.305822,0.811395,0.498108],[-0.86459,0.0175948,0.50217],[0.398694,-0.584234,0.706905]],[[0.305822,0.811395,0.498108],[-0.796254,0.504793,-0.333411],[-0.521969,-0.294656,0.800454]]],0],[1121,[0.411486,-0.903521,-0.119704],112,56.074,[-12.8921,73.1041,102.84],[-12.9744,72.4899,103.876],[-356.627,-19.648,106.288],false,[22.8239,56.4208,158.555],[-13.6722,111.923,136.004],[-30.8333,101.939,100.171],[-21.3498,81.1161,97.4125],[-11.1641,70.6652,104.654],[[[0.816356,0.350207,-0.459258],[0.250785,0.50136,0.828097],[0.520259,-0.791197,0.321462]],[[0.770155,0.414931,-0.484452],[-0.48101,0.876605,-0.0138754],[0.418916,0.243713,0.874708]],[[0.770155,0.414931,-0.484452],[-0.487381,-0.107155,-0.866589],[-0.411486,0.903521,0.119704]],[[0.770155,0.414931,-0.484452],[-0.126334,-0.645228,-0.753472],[-0.625221,0.641493,-0.444506]]],1],[1122,[0.224318,-0.974088,0.0288648],112,63.8918,[-3.66949,68.0707,99.3745],[-3.66255,67.6212,100.283],[-359.074,-31.7503,98.3142],false,[32.4204,61.7466,154.384],[5.54542,117.027,128.941],[-17.351,103.799,91.3496],[-11.2687,77.3871,92.1323],[-2.19389,65.2428,101.684],[[[0.824345,0.149459,-0.546001],[0.396551,0.535857,0.745389],[0.403983,-0.830975,0.382463]],[[0.813622,0.170898,-0.555709],[-0.299722,0.942313,-0.149036],[0.498182,0.287818,0.817909]],[[0.813622,0.170898,-0.555709],[-0.536377,-0.148141,-0.830875],[-0.224318,0.974088,-0.0288648]],[[0.813622,0.170898,-0.555709],[-0.285531,-0.715156,-0.637984],[-0.506449,0.67775,-0.53307]]],2],[1123,[0.00488825,-0.996831,0.079398],112,61.4337,[8.96786,70.3688,96.8356],[9.10312,69.8162,97.8056],[-357.982,-38.7893,81.6076],false,[42.0539,64.5988,148.36],[26.037,115.667,121.846],[3.80724,106.673,86.6328],[3.93636,80.3422,88.73],[9.93636,67.3495,99.3405],[[[0.842555,-0.0152786,-0.538394],[0.467109,0.518403,0.716287],[0.268161,-0.855,0.44392]],[[0.84932,-0.0377731,-0.526526],[-0.0799318,0.976733,-0.199006],[0.521792,0.211106,0.826539]],[[0.84932,-0.0377731,-0.526526],[-0.527856,-0.0700081,-0.846444],[-0.00488825,0.996831,-0.079398]],[[0.84932,-0.0377731,-0.526526],[-0.406487,-0.68316,-0.60668],[-0.336785,0.729291,-0.595576]]],3],[1124,[-0.0986695,0.617559,-0.780311],112,48.1629,[40.3585,153.659,64.8131],[40.2847,153.992,65.2177],[-361.945,-74.592,25.462],false,[50.5073,62.1681,138.026],[43.5933,110.793,112.633],[44.6722,135.775,90.0173],[42.8321,147.292,75.4647],[39.5918,155.557,61.6329],[[[0.779089,-0.199577,-0.594297],[0.614315,0.432128,0.660214],[0.12505,-0.879451,0.459269]],[[0.783225,-0.435516,-0.443717],[0.620914,0.511173,0.594279],[-0.0320021,-0.740965,0.670781]],[[0.783225,-0.435516,-0.443717],[0.613859,0.65494,0.440715],[0.0986695,-0.617559,0.780311]],[[0.783225,-0.435516,-0.443717],[0.589652,0.746625,0.307996],[0.197153,-0.502869,0.841578]]],4]],[[0,200,0],[235.247,235.247,147.751]]],[42289,99570620122,[[112,"right",[-0.333746,0.903956,-0.267351],[-0.334465,-0.378714,-0.862965],[12.3548,94.3876,131.121],[-285.833,-32.5633,77.1043],[12.9006,94.4052,131.007],1,0,0.665861,[[0.819965,0.254708,-0.512621],[0.0627621,0.85014,0.522804],[0.568962,-0.460854,0.681099]],60.7581,[183.802,-67.8004,320.674],[37.323,50.8464,145.326]]],[[1120,[-0.399506,0.582701,-0.707711],112,49.6939,[-31.7259,85.3798,99.4161],[-33.5652,85.7552,99.7622],[-313.392,-47.167,132.403],false,[11.0105,38.5986,148.965],[11.0105,38.5986,148.965],[-28.9538,61.3446,136.678],[-41.9421,80.2886,113.67],[-30.3205,86.7355,95.7431],[[[0.588676,0.595036,0.547168],[-0.429464,-0.343241,0.835312],[0.684851,-0.726717,0.0534891]],[[0.310631,0.81237,0.493521],[-0.445561,-0.334187,0.830539],[0.839633,-0.477885,0.258151]],[[0.310631,0.81237,0.493521],[-0.862498,0.0226728,0.505552],[0.399506,-0.582701,0.707711]],[[0.310631,0.81237,0.493521],[-0.795171,0.506553,-0.333326],[-0.520779,-0.288892,0.803325]]],0],[1121,[0.40702,-0.904894,-0.124506],112,56.074,[-15.6825,73.1135,103.576],[-15.7224,72.549,104.598],[-345.657,-12.9685,100.552],false,[20.619,56.4099,159.03],[-15.9518,111.976,136.76],[-33.514,102.046,101.107],[-24.1335,81.1909,98.2377],[-13.9075,70.7033,105.369],[[[0.812784,0.347548,-0.467539],[0.260008,0.501768,0.825],[0.521323,-0.792111,0.317463]],[[0.76641,0.412483,-0.492417],[-0.478356,0.87812,-0.0089505],[0.428709,0.24241,0.870314]],[[0.76641,0.412483,-0.492417],[-0.496941,-0.105001,-0.861408],[-0.40702,0.904894,0.124506]],[[0.76641,0.412483,-0.492417],[-0.136448,-0.644547,-0.75229],[-0.627693,0.643752,-0.437705]]],1],[1122,[0.22039,-0.975077,0.0255497],112,63.8918,[-6.54888,68.064,99.9889],[-6.48562,67.655,100.894],[-349.732,-22.4443,91.0687],false,[30.1884,61.7059,154.76],[3.2099,117.022,129.505],[-20.1056,103.889,92.1396],[-14.1298,77.45,92.8324],[-5.01078,65.2586,102.282],[[[0.81943,0.14667,-0.554096],[0.405058,0.535789,0.740849],[0.405539,-0.831516,0.379631]],[[0.808723,0.16802,-0.563681],[-0.297682,0.943456,-0.145868],[0.5073,0.285764,0.81301]],[[0.808723,0.16802,-0.563681],[-0.54534,-0.144892,-0.825597],[-0.22039,0.975077,-0.0255497]],[[0.808723,0.16802,-0.563681],[-0.294911,-0.713343,-0.635743],[-0.508915,0.680376,-0.527346]]],2],[1123,[0.0012348,-0.996938,0.0781811],112,61.4337,[6.09777,70.3422,97.3276],[6.27367,69.8259,98.2845],[-349.172,-28.3909,74.8712],false,[39.7706,64.526,148.641],[23.6288,115.601,122.216],[1.03543,106.704,87.21],[1.06805,80.3708,89.2751],[7.1114,67.3421,99.8167],[[[0.837295,-0.0181028,-0.546452],[0.475289,0.518119,0.711093],[0.270254,-0.855117,0.442422]],[[0.844195,-0.0408686,-0.534476],[-0.0780311,0.977099,-0.197962],[0.530326,0.208825,0.821673]],[[0.844195,-0.0408686,-0.534476],[-0.536035,-0.0666601,-0.84156],[-0.0012348,0.996938,-0.0781811]],[[0.844195,-0.0408686,-0.534476],[-0.415049,-0.680822,-0.603503],[-0.339219,0.731308,-0.591709]]],3],[1124,[-0.106905,0.614176,-0.781895],112,48.1629,[37.3191,153.31,64.8405],[37.3199,153.679,65.2735],[-358.276,-65.3181,19.4654],false,[48.118,62.0608,138.229],[41.0832,110.671,112.841],[41.8895,135.518,90.0661],[39.8958,146.973,75.484],[36.5244,155.201,61.6615],[[[0.772828,-0.202309,-0.601504],[0.62173,0.431399,0.653718],[0.127235,-0.879185,0.459179]],[[0.777798,-0.43821,-0.450557],[0.628059,0.514624,0.583699],[-0.0239146,-0.736976,0.675495]],[[0.777798,-0.43821,-0.450557],[0.619355,0.656324,0.430858],[0.106905,-0.614176,0.781895]],[[0.777798,-0.43821,-0.450557],[0.594099,0.746557,0.299498],[0.205123,-0.500625,0.841011]]],4]],[[0,200,0],[235.247,235.247,147.751]]],[42290,99570628723,[[112,"right",[-0.334794,0.904833,-0.263042],[-0.346983,-0.377918,-0.858359],[10.0901,94.4022,131.685],[-279.882,-23.5124,74.0629],[10.6129,94.4027,131.559],1,0,0.674351,[[0.815123,0.250756,-0.522204],[0.0697049,0.85245,0.518141],[0.57508,-0.458749,0.677372]],60.7581,[183.18,-67.3103,319.953],[35.1256,50.7945,145.564]]],[[1120,[-0.402249,0.581502,-0.707143],112,49.6939,[-34.2408,85.2105,100.4],[-36.101,85.6786,100.866],[-308.057,-38.6359,129.126],false,[8.83034,38.6197,149.556],[8.83034,38.6197,149.556],[-31.304,61.3326,137.772],[-44.3814,80.2377,114.782],[-32.8669,86.5845,96.7512],[[[0.597554,0.593493,0.539161],[-0.41923,-0.341936,0.841027],[0.683502,-0.728592,0.0444851]],[[0.316725,0.81308,0.488453],[-0.434383,-0.333453,0.836732],[0.843206,-0.47719,0.247575]],[[0.316725,0.81308,0.488453],[-0.859,0.0274905,0.511237],[0.402249,-0.581502,0.707143]],[[0.316725,0.81308,0.488453],[-0.795895,0.507948,-0.329454],[-0.515981,-0.28441,0.808006]]],0],[1121,[0.400665,-0.906438,-0.133561],112,56.074,[-18.4593,73.2495,104.381],[-18.5069,72.7204,105.413],[-340.491,-4.51498,99.4299],false,[18.6212,56.4059,159.488],[-18.0903,112.07,137.698],[-36.2165,102.296,102.285],[-26.9824,81.4057,99.2066],[-16.6991,70.8517,106.155],[[[0.80743,0.345241,-0.478398],[0.272366,0.50117,0.821368],[0.523329,-0.793497,0.310628]],[[0.760845,0.41038,-0.502696],[-0.47469,0.880153,0.0000628135],[0.442475,0.238577,0.864463]],[[0.760845,0.41038,-0.502696],[-0.510473,-0.0997938,-0.854083],[-0.400665,0.906438,0.133561]],[[0.760845,0.41038,-0.502696],[-0.15063,-0.641807,-0.751927],[-0.63121,0.647821,-0.4265]]],1],[1122,[0.217171,-0.975893,0.0216509],112,63.8918,[-9.33536,68.1248,100.74],[-9.27328,67.7395,101.658],[-342.983,-14.2292,91.0503],false,[28.1473,61.675,155.091],[0.986748,117.062,130.188],[-22.87,104.019,93.133],[-16.9815,77.5575,93.7201],[-7.78016,65.3232,103.033],[[[0.812369,0.144333,-0.565],[0.416374,0.53478,0.735285],[0.408276,-0.832573,0.374342]],[[0.801626,0.165647,-0.574418],[-0.29657,0.944467,-0.141518],[0.519077,0.2838,0.806236]],[[0.801626,0.165647,-0.574418],[-0.556984,-0.142103,-0.818276],[-0.217171,0.975893,-0.0216509]],[[0.801626,0.165647,-0.574418],[-0.306109,-0.711599,-0.632395],[-0.51351,0.682779,-0.519731]]],2],[1123,[-0.00163521,-0.997035,0.0769311],112,61.4337,[3.27809,70.3815,97.9122],[3.45316,69.8868,98.863],[-343.696,-19.4113,73.4973],false,[37.6548,64.4678,148.843],[21.3026,115.583,122.626],[-1.78039,106.784,87.9168],[-1.82359,80.4478,89.9489],[4.30639,67.3817,100.394],[[[0.829881,-0.0204877,-0.557564],[0.486153,0.516912,0.704597],[0.273776,-0.855793,0.438935]],[[0.836936,-0.0434689,-0.545572],[-0.0772664,0.977472,-0.196412],[0.54182,0.206538,0.814723]],[[0.836936,-0.0434689,-0.545572],[-0.547299,-0.0634943,-0.834525],[0.00163521,0.997035,-0.0769311]],[[0.836936,-0.0434689,-0.545572],[-0.425614,-0.678393,-0.598862],[-0.344081,0.733412,-0.586272]]],3],[1124,[-0.118875,0.61095,-0.782693],112,48.1629,[34.098,153.03,64.881],[34.1858,153.442,65.3463],[-362.623,-56.6594,15.5705],false,[45.8559,61.9781,138.321],[38.6169,110.604,113.021],[39.0407,135.326,90.1001],[36.8237,146.72,75.5032],[33.2563,154.913,61.7085],[[[0.764179,-0.204524,-0.611719],[0.631576,0.429781,0.645291],[0.130928,-0.879465,0.457602]],[[0.770512,-0.440419,-0.460805],[0.637301,0.518014,0.570533],[-0.0125701,-0.733275,0.679816]],[[0.770512,-0.440419,-0.460805],[0.626242,0.657853,0.418389],[0.118875,-0.61095,0.782693]],[[0.770512,-0.440419,-0.460805],[0.599332,0.746722,0.288457],[0.217051,-0.498435,0.839316]]],4]],[[0,200,0],[235.247,235.247,147.751]]],[42291,99570637391,[[112,"right",[-0.329954,0.908402,-0.256779],[-0.358341,-0.372181,-0.856197],[7.75486,94.4214,132.249],[-277.097,-16.6697,71.6637],[8.27383,94.418,132.124],1,0,0.679516,[[0.809422,0.246852,-0.532823],[0.0765537,0.855253,0.512525],[0.582216,-0.455638,0.673363]],60.7581,[182.459,-66.7385,319.096],[32.5681,50.5655,145.739]]],[[1120,[-0.399748,0.584865,-0.705786],112,49.6939,[-36.8029,85.338,101.246],[-38.6611,85.9912,101.724],[-304.875,-19.8666,118.402],false,[6.21453,38.5906,149.946],[6.21453,38.5906,149.946],[-33.8951,61.5433,138.549],[-46.8912,80.5577,115.603],[-35.4504,86.8485,97.5057],[[[0.607555,0.5868,0.535297],[-0.413834,-0.341379,0.843921],[0.677952,-0.734252,0.0354316]],[[0.325269,0.810385,0.487315],[-0.429046,-0.332767,0.839753],[0.842686,-0.482226,0.239454]],[[0.325269,0.810385,0.487315],[-0.856972,0.0347668,0.514188],[0.399748,-0.584865,0.705786]],[[0.325269,0.810385,0.487315],[-0.794584,0.513623,-0.323772],[-0.512676,-0.2819,0.810984]]],0],[1121,[0.390731,-0.909425,-0.142392],112,56.074,[-21.2857,73.5968,105.114],[-21.3389,73.1166,106.105],[-336.894,8.73983,94.9605],false,[16.2454,56.2632,159.842],[-20.2213,112.296,138.593],[-38.8024,102.855,103.326],[-29.7973,81.8959,100.045],[-19.539,71.2155,106.835],[[[0.805541,0.340309,-0.48507],[0.284374,0.496158,0.82034],[0.519841,-0.798759,0.302901]],[[0.759282,0.405869,-0.508686],[-0.466645,0.884398,0.00911265],[0.453579,0.230456,0.860904]],[[0.759282,0.405869,-0.508686],[-0.520404,-0.0906437,-0.849096],[-0.390731,0.909425,0.142392]],[[0.759282,0.405869,-0.508686],[-0.164321,-0.636773,-0.753339],[-0.629674,0.655584,-0.416797]]],1],[1122,[0.20849,-0.977908,0.0150672],112,63.8918,[-12.2177,68.3852,101.384],[-12.1652,68.0422,102.261],[-340.394,-1.26094,85.8481],false,[25.7711,61.4698,155.369],[-1.17793,117.159,130.915],[-25.5076,104.47,94.0453],[-19.8545,77.9543,94.4539],[-10.6734,65.5934,103.618],[[[0.808007,0.139662,-0.57238],[0.42781,0.528892,0.732975],[0.405096,-0.837119,0.367599]],[[0.797375,0.16104,-0.5816],[-0.289764,0.947544,-0.134901],[0.529367,0.276093,0.802211]],[[0.797375,0.16104,-0.5816],[-0.566325,-0.133272,-0.813335],[-0.20849,0.977908,-0.0150672]],[[0.797375,0.16104,-0.5816],[-0.318845,-0.705824,-0.632574],[-0.512377,0.68984,-0.51146]]],2],[1123,[-0.009545,-0.997283,0.0730423],112,61.4337,[0.398173,70.557,98.4506],[0.57333,70.0862,99.3725],[-340.566,-8.3219,70.2129],false,[35.2401,64.2067,149.039],[19.0511,115.541,123.152],[-4.43695,107.058,88.6361],[-4.68907,80.715,90.5655],[1.42576,67.5527,100.898],[[[0.824249,-0.0253189,-0.565661],[0.497141,0.510564,0.701552],[0.271044,-0.859467,0.433418]],[[0.831266,-0.0485137,-0.553754],[-0.0709668,0.978771,-0.19228],[0.551326,0.199134,0.810176]],[[0.831266,-0.0485137,-0.553754],[-0.555793,-0.055432,-0.829471],[0.009545,0.997283,-0.0730423]],[[0.831266,-0.0485137,-0.553754],[-0.437252,-0.672171,-0.597492],[-0.34323,0.738805,-0.579965]]],3],[1124,[-0.12604,0.610264,-0.782108],112,48.1629,[31.2732,152.816,65.1931],[31.4725,153.275,65.6952],[-352.774,-48.1549,21.0595],false,[43.3183,61.6863,138.43],[36.2304,110.454,113.362],[36.4472,135.115,90.3721],[34.0966,146.497,75.786],[30.4057,154.702,62.0316],[[[0.756531,-0.208632,-0.619785],[0.64127,0.422459,0.640548],[0.128195,-0.882044,0.453393]],[[0.762437,-0.4448,-0.469939],[0.64703,0.516867,0.560536],[-0.00643064,-0.731438,0.681878]],[[0.762437,-0.4448,-0.469939],[0.634668,0.655539,0.409225],[0.12604,-0.610264,0.782108]],[[0.762437,-0.4448,-0.469939],[0.606843,0.743591,0.280739],[0.224569,-0.499225,0.836865]]],4]],[[0,200,0],[235.247,235.247,147.751]]],[42292,99570646473,[[112,"right",[-0.322514,0.914814,-0.243106],[-0.372837,-0.35884,-0.855702],[5.28185,94.1777,132.701],[-275.769,-19.4825,65.6021],[5.7699,94.2169,132.607],1,0,0.685159,[[0.803454,0.242726,-0.543641],[0.0820749,0.859245,0.504937],[0.589682,-0.450313,0.670442]],60.7581,[181.561,-66.0338,318.028],[29.7477,49.8992,145.423]]],[[1120,[-0.397758,0.594835,-0.698541],112,49.6939,[-39.6713,85.7027,101.998],[-41.5019,86.4666,102.493],[-308.095,-0.219961,105.977],false,[3.31021,38.1809,149.822],[3.31021,38.1809,149.822],[-36.6946,61.6102,139.043],[-49.6261,80.9487,116.333],[-38.3667,87.3349,98.1547],[[[0.620646,0.574045,0.534108],[-0.407603,-0.345699,0.845193],[0.66982,-0.74227,0.0194255]],[[0.33781,0.802824,0.491282],[-0.423637,-0.336414,0.841045],[0.840486,-0.492239,0.226462]],[[0.33781,0.802824,0.491282],[-0.853037,0.040563,0.520271],[0.397758,-0.594835,0.698541]],[[0.33781,0.802824,0.491282],[-0.794554,0.523048,-0.308391],[-0.504547,-0.286173,0.814578]]],0],[1121,[0.377437,-0.912393,-0.158369],112,56.074,[-24.3866,74.0165,105.703],[-24.4253,73.5372,106.62],[-337.726,19.2856,85.2356],false,[13.662,55.6306,159.782],[-22.4085,112.301,139.573],[-41.5458,103.507,104.436],[-32.847,82.4793,100.786],[-22.6371,71.5939,107.319],[[[0.803542,0.336305,-0.49114],[0.299879,0.484031,0.822062],[0.514191,-0.807845,0.288088]],[[0.757785,0.402608,-0.513487],[-0.45555,0.889847,0.0254154],[0.467158,0.21466,0.857721]],[[0.757785,0.402608,-0.513487],[-0.532263,-0.0737999,-0.843356],[-0.377437,0.912393,0.158369]],[[0.757785,0.402608,-0.513487],[-0.181658,-0.625665,-0.758646],[-0.626708,0.668169,-0.400982]]],1],[1122,[0.197164,-0.980368,0.00206571],112,63.8918,[-15.3805,68.6686,101.852],[-15.3172,68.337,102.652],[-341.81,7.64444,74.9575],false,[23.1927,60.776,155.25],[-3.40362,117.029,131.717],[-28.3066,104.982,95.0147],[-22.9606,78.3996,95.0707],[-13.8209,65.8251,103.983],[[[0.802649,0.136594,-0.5806],[0.442627,0.516065,0.73332],[0.399795,-0.845588,0.353759]],[[0.792209,0.158081,-0.589419],[-0.280735,0.952,-0.121997],[0.541842,0.262117,0.798562]],[[0.792209,0.158081,-0.589419],[-0.577522,-0.117849,-0.807825],[-0.197164,0.980368,-0.00206571]],[[0.792209,0.158081,-0.589419],[-0.335007,-0.694656,-0.636571],[-0.510074,0.701757,-0.497355]]],2],[1123,[-0.0204693,-0.997849,0.0622812],112,61.4337,[-2.78584,70.7593,98.7701],[-2.59139,70.2863,99.6329],[-342.685,0.133943,59.4536],false,[32.6161,63.4728,148.835],[16.711,115.264,123.693],[-7.28363,107.418,89.3749],[-7.82432,81.0606,91.02],[-1.74495,67.7118,101.132],[[[0.817068,-0.0286243,-0.575831],[0.51136,0.497287,0.700868],[0.266292,-0.867114,0.420955]],[[0.823986,-0.0521181,-0.564209],[-0.0619245,0.981513,-0.181102],[0.563217,0.184164,0.805525]],[[0.823986,-0.0521181,-0.564209],[-0.566241,-0.0397699,-0.82328],[0.0204693,0.997849,-0.0622812]],[[0.823986,-0.0521181,-0.564209],[-0.452331,-0.660199,-0.599611],[-0.34124,0.74928,-0.567569]]],3],[1124,[-0.133649,0.615699,-0.776565],112,48.1629,[28.306,152.753,65.7778],[28.6206,153.247,66.3101],[-345.596,-36.7011,33.1028],false,[40.5371,60.9748,138.103],[33.712,110.087,113.642],[33.7272,134.857,90.7685],[31.2347,146.34,76.2858],[27.4056,154.669,62.6441],[[[0.746598,-0.210561,-0.631075],[0.653723,0.408207,0.637192],[0.123442,-0.888274,0.442415]],[[0.75165,-0.447713,-0.48433],[0.659562,0.50972,0.552416],[-0.000451065,-0.734669,0.678425]],[[0.75165,-0.447713,-0.48433],[0.645879,0.648435,0.402953],[0.133649,-0.615699,0.776565]],[[0.75165,-0.447713,-0.48433],[0.617045,0.736716,0.276597],[0.232977,-0.506758,0.830011]]],4]],[[0,200,0],[235.247,235.247,147.751]]],[42293,99570654785,[[112,"right",[-0.318333,0.918766,-0.233523],[-0.3854,-0.350491,-0.853594],[3.35299,94.0894,133.248],[-264.554,-17.209,65.6626],[3.80656,94.1133,133.128],1,0,0.690853,[[0.798701,0.238754,-0.552335],[0.0875017,0.862073,0.499174],[0.595332,-0.447021,0.667647]],60.7581,[180.895,-65.5385,317.289],[27.6267,49.5468,145.404]]],[[1120,[-0.396946,0.599579,-0.694938],112,49.6939,[-42.0485,86.0173,102.665],[-43.749,86.7796,103.291],[-299.681,9.38974,99.2842],false,[1.15333,37.9997,150.034],[1.15333,37.9997,150.034],[-38.8132,61.6852,139.681],[-51.7182,81.178,117.088],[-40.7136,87.6683,98.7915],[[[0.631112,0.565896,0.530527],[-0.400443,-0.348071,0.847639],[0.664337,-0.747401,0.00693766]],[[0.346177,0.799026,0.491649],[-0.418447,-0.337534,0.843192],[0.839681,-0.497623,0.217504]],[[0.346177,0.799026,0.491649],[-0.850056,0.0454132,0.52473],[0.396946,-0.599579,0.694938]],[[0.346177,0.799026,0.491649],[-0.798111,0.526278,-0.293344],[-0.493133,-0.290842,0.819897]]],0],[1121,[0.36802,-0.914241,-0.169485],112,56.074,[-26.8381,74.3567,106.398],[-26.8475,73.8752,107.339],[-325.828,24.7745,86.3044],false,[11.7516,55.3062,159.985],[-24.1177,112.376,140.556],[-43.7417,103.986,105.589],[-35.26,82.9158,101.683],[-25.0614,71.9026,108.016],[[[0.800357,0.33341,-0.498263],[0.313013,0.476442,0.821599],[0.511323,-0.813536,0.276962]],[[0.754853,0.400195,-0.519655],[-0.448016,0.893255,0.0371203],[0.47904,0.204794,0.853569]],[[0.754853,0.400195,-0.519655],[-0.542917,-0.0633074,-0.837397],[-0.36802,0.914241,0.169485]],[[0.754853,0.400195,-0.519655],[-0.195721,-0.618751,-0.760816],[-0.626012,0.676011,-0.388739]]],1],[1122,[0.189506,-0.981857,-0.00660081],112,63.8918,[-17.8925,68.9219,102.44],[-17.8022,68.5974,103.259],[-330.693,13.5924,75.0544],false,[21.2684,60.409,155.375],[-5.1693,117.011,132.51],[-30.5813,105.38,96.0234],[-25.4429,78.7577,95.8445],[-16.3014,66.0509,104.565],[[[0.796914,0.134294,-0.588977],[0.454966,0.507974,0.731415],[0.397409,-0.85084,0.343712]],[[0.786577,0.155832,-0.597506],[-0.274918,0.954817,-0.11289],[0.552917,0.253061,0.793878]],[[0.786577,0.155832,-0.597506],[-0.587694,-0.108039,-0.801837],[-0.189506,0.981857,0.0066008]],[[0.786577,0.155832,-0.597506],[-0.347881,-0.687626,-0.637299],[-0.510172,0.709145,-0.486659]]],2],[1123,[-0.0276547,-0.998054,0.055894],112,61.4337,[-5.31069,70.9364,99.2305],[-5.10247,70.4728,100.097],[-332.231,5.60652,59.2335],false,[30.6373,63.0761,148.869],[14.8374,115.147,124.242],[-9.60845,107.694,90.1565],[-10.3389,81.3309,91.6329],[-4.25323,67.8627,101.581],[[[0.81013,-0.031056,-0.585427],[0.523176,0.488889,0.69805],[0.26453,-0.871793,0.412311]],[[0.817033,-0.0547836,-0.573983],[-0.0565814,0.983054,-0.174368],[0.573809,0.174941,0.800087]],[[0.817033,-0.0547836,-0.573983],[-0.575928,-0.0297939,-0.816957],[0.0276547,0.998054,-0.055894]],[[0.817033,-0.0547836,-0.573983],[-0.464511,-0.652298,-0.598947],[-0.341595,0.75598,-0.558396]]],3],[1124,[-0.145474,0.615798,-0.774358],112,48.1629,[25.5723,152.58,66.1859],[26.0152,153.123,66.7522],[-341.775,-32.6792,37.2458],false,[38.4148,60.5878,138.03],[31.6815,109.907,113.963],[31.357,134.671,91.0854],[28.644,146.156,76.6438],[24.6096,154.497,63.0688],[[[0.737647,-0.212097,-0.641009],[0.664114,0.399152,0.632163],[0.12178,-0.892016,0.43529]],[[0.742708,-0.449109,-0.496675],[0.669546,0.508741,0.541193],[0.00962476,-0.734495,0.678545]],[[0.742708,-0.449109,-0.496675],[0.653622,0.647375,0.392024],[0.145474,-0.615798,0.774358]],[[0.742708,-0.449109,-0.496675],[0.623001,0.73536,0.266676],[0.245468,-0.507492,0.825953]]],4]],[[0,200,0],[235.247,235.247,147.751]]],[42294,99570663382,[[112,"right",[-0.315713,0.921508,-0.226161],[-0.399897,-0.345372,-0.849],[1.21889,94.0325,133.875],[-260.245,-14.4113,67.5852],[1.67497,94.0468,133.744],1,0,0.701537,[[0.793335,0.233235,-0.562335],[0.0948152,0.865092,0.492571],[0.601356,-0.444092,0.664194]],60.7581,[180.195,-65.0337,316.543],[25.3764,49.2977,145.547]]],[[1120,[-0.396942,0.600497,-0.694147],112,49.6939,[-44.596,86.2162,103.414],[-46.2333,86.9224,104.219],[-298.011,10.9662,96.3924],false,[-1.10165,37.9066,150.523],[-1.10165,37.9066,150.523],[-41.0802,61.7327,140.546],[-53.9851,81.2553,117.978],[-43.3118,87.8167,99.5117],[[[0.642323,0.560191,0.523074],[-0.39045,-0.348108,0.852273],[0.659522,-0.751669,-0.00487094]],[[0.353771,0.797943,0.487989],[-0.411533,-0.335724,0.847308],[0.839933,-0.500576,0.20961]],[[0.353771,0.797943,0.487989],[-0.846926,0.0518661,0.529175],[0.396942,-0.600497,0.694147]],[[0.353771,0.797943,0.487989],[-0.803797,0.526151,-0.277625],[-0.478285,-0.294029,0.827521]]],0],[1121,[0.359624,-0.91609,-0.177341],112,56.074,[-29.4612,74.5924,107.362],[-29.4873,74.0937,108.331],[-320.725,24.6501,94.7319],false,[9.75036,55.1139,160.372],[-26.025,112.472,141.633],[-46.1963,104.304,106.926],[-37.9081,83.1914,102.838],[-27.6925,72.0917,108.991],[[[0.795245,0.329801,-0.50874],[0.327873,0.471884,0.818429],[0.509984,-0.817653,0.26713]],[[0.749936,0.396853,-0.529248],[-0.441747,0.895966,0.0458852],[0.492398,0.199383,0.847225]],[[0.749936,0.396853,-0.529248],[-0.555217,-0.0573361,-0.829727],[-0.359624,0.91609,0.177341]],[[0.749936,0.396853,-0.529248],[-0.210722,-0.615069,-0.759794],[-0.62705,0.681321,-0.377637]]],1],[1122,[0.182858,-0.983061,-0.012377],112,63.8918,[-20.6278,69.1058,103.266],[-20.5433,68.7692,104.102],[-327.543,15.1321,81.7393],false,[19.2326,60.1696,155.641],[-7.16477,117.011,133.329],[-33.171,105.65,97.1772],[-28.2128,78.9945,96.8416],[-19.033,66.1971,105.387],[[[0.78921,0.130992,-0.59999],[0.468715,0.502781,0.726304],[0.396803,-0.854431,0.335402]],[[0.778929,0.152546,-0.608276],[-0.270351,0.956884,-0.106227],[0.565845,0.247191,0.786585]],[[0.778929,0.152546,-0.608276],[-0.599861,-0.101588,-0.793629],[-0.182858,0.983061,0.012377]],[[0.778929,0.152546,-0.608276],[-0.361677,-0.683117,-0.634461],[-0.512308,0.714199,-0.476927]]],2],[1123,[-0.0336498,-0.998028,0.0529946],112,61.4337,[-8.09477,71.0406,99.8896],[-7.88603,70.5761,100.753],[-330.044,6.98472,64.4125],false,[28.524,62.7966,149.009],[12.7085,115.043,124.768],[-12.2712,107.847,91.0158],[-13.16,81.4844,92.4156],[-7.02742,67.9378,102.228],[[[0.801407,-0.0344496,-0.597127],[0.536313,0.483361,0.691903],[0.264792,-0.874743,0.405845]],[[0.808349,-0.0583603,-0.585804],[-0.052723,0.983899,-0.170773],[0.586338,0.168929,0.792257]],[[0.808349,-0.0583603,-0.585804],[-0.587741,-0.023126,-0.808719],[0.0336498,0.998028,-0.0529946]],[[0.808349,-0.0583603,-0.585804],[-0.477577,-0.646848,-0.594565],[-0.344227,0.760383,-0.55075]]],3],[1124,[-0.158659,0.614615,-0.772706],112,48.1629,[22.4407,152.315,66.4784],[22.982,152.882,67.0506],[-347.878,-32.2269,36.3509],false,[36.1285,60.2919,138.051],[29.3688,109.728,114.231],[28.6354,134.428,91.294],[25.6765,145.89,76.8833],[21.4221,154.23,63.3753],[[[0.726963,-0.214849,-0.6522],[0.675705,0.392926,0.623724],[0.12226,-0.894119,0.430817]],[[0.732671,-0.451316,-0.509418],[0.680235,0.509532,0.526933],[0.0217518,-0.732592,0.68032]],[[0.732671,-0.451316,-0.509418],[0.661831,0.646964,0.378706],[0.158659,-0.614615,0.772706]],[[0.732671,-0.451316,-0.509418],[0.629435,0.734028,0.254979],[0.258851,-0.507462,0.821875]]],4]],[[0,200,0],[235.247,235.247,147.751]]],[42295,99570672125,[[112,"right",[-0.31105,0.925263,-0.217107],[-0.415054,-0.337753,-0.84478],[-1.0575,94.0004,134.343],[-260.278,-11.5363,63.8148],[-0.596872,94.0082,134.242],1,0,0.711803,[[0.787649,0.227252,-0.572683],[0.102074,0.868518,0.485034],[0.60761,-0.440493,0.66089]],60.7581,[179.312,-64.3999,315.593],[22.8825,49.0048,145.447]]],[[1120,[-0.395599,0.603239,-0.692535],112,49.6939,[-47.3236,86.5266,104.006],[-48.8898,87.2632,104.898],[-301.201,18.759,85.8007],false,[-3.61751,37.8143,150.751],[-3.61751,37.8143,150.751],[-43.5314,61.8915,141.124],[-56.3927,81.5033,118.61],[-46.1116,88.1975,99.9688],[[[0.654578,0.552122,0.51642],[-0.381067,-0.349003,0.856145],[0.652928,-0.757204,-0.0180547]],[[0.362665,0.795373,0.485651],[-0.406529,-0.333907,0.850435],[0.838575,-0.505854,0.202246]],[[0.362665,0.795373,0.485651],[-0.843786,0.0590349,0.533422],[0.395599,-0.603239,0.692535]],[[0.362665,0.795373,0.485651],[-0.810075,0.526685,-0.257644],[-0.460708,-0.299975,0.835322]]],0],[1121,[0.349177,-0.918252,-0.186787],112,56.074,[-32.2457,74.9219,108.22],[-32.3053,74.4508,109.138],[-320.945,28.7474,94.8439],false,[7.5224,54.8798,160.525],[-28.0278,112.632,142.583],[-48.7596,104.795,108.131],[-40.7121,83.6318,103.826],[-30.5059,72.4137,109.776],[[[0.790609,0.32556,-0.518602],[0.343681,0.465022,0.815867],[0.506775,-0.823265,0.255761]],[[0.74565,0.393002,-0.538103],[-0.433461,0.899416,0.0562383],[0.50608,0.191312,0.841001]],[[0.74565,0.393002,-0.538103],[-0.567522,-0.048615,-0.821922],[-0.349177,0.918252,0.186787]],[[0.74565,0.393002,-0.538103],[-0.227007,-0.609421,-0.759653],[-0.626477,0.688589,-0.365201]]],1],[1122,[0.173995,-0.984543,-0.0199991],112,63.8918,[-23.5513,69.3906,103.961],[-23.479,69.0725,104.748],[-329.722,20.3204,80.2036],false,[16.9782,59.8783,155.682],[-9.25129,117.051,134.029],[-35.8718,106.089,98.2032],[-31.154,79.3932,97.6609],[-21.966,66.4697,106.006],[[[0.781557,0.127264,-0.610715],[0.483438,0.495179,0.721862],[0.394281,-0.859419,0.325486]],[[0.771368,0.14889,-0.618727],[-0.26364,0.959656,-0.0977504],[0.579211,0.238523,0.779501]],[[0.771368,0.14889,-0.618727],[-0.612141,-0.0922288,-0.785352],[-0.173995,0.984543,0.0199991]],[[0.771368,0.14889,-0.618727],[-0.376911,-0.676495,-0.632687],[-0.512766,0.72124,-0.465708]]],2],[1123,[-0.0417995,-0.997956,0.0483371],112,61.4337,[-11.07,71.2376,100.398],[-10.8618,70.7901,101.217],[-332.827,11.4516,62.0637],false,[26.1951,62.4592,148.928],[10.4787,114.958,125.172],[-15.0446,108.136,91.7505],[-16.1487,81.7752,93.0273],[-10.0002,68.1195,102.677],[[[0.792377,-0.0382871,-0.608829],[0.550364,0.475358,0.686393],[0.263131,-0.878959,0.397734]],[[0.799309,-0.0624279,-0.597668],[-0.0467357,0.985118,-0.165401],[0.5991,0.160139,0.784497]],[[0.799309,-0.0624279,-0.597668],[-0.599464,-0.0136541,-0.800285],[0.0417995,0.997956,-0.0483371]],[[0.799309,-0.0624279,-0.597668],[-0.491929,-0.639195,-0.59113],[-0.345124,0.766506,-0.541625]]],3],[1124,[-0.16941,0.616237,-0.769124],112,48.1629,[19.342,152.212,66.7678],[19.9597,152.792,67.339],[-349.666,-26.698,35.484],false,[33.6189,59.9445,137.85],[26.9391,109.553,114.37],[25.8753,134.253,91.445],[22.7158,145.745,77.1011],[18.2806,154.142,63.6863],[[[0.715605,-0.217773,-0.66369],[0.687978,0.384082,0.615766],[0.120814,-0.897249,0.424674]],[[0.721435,-0.454139,-0.522771],[0.691763,0.507032,0.514181],[0.031552,-0.732582,0.679947]],[[0.721435,-0.454139,-0.522771],[0.67144,0.643436,0.367639],[0.16941,-0.616237,0.769