{"metadata":{"formatVersion":2,"generatedBy":"LeapJS Playback 0.2.1","frames":140,"frameRate":"1.1e+2","modified":"Wed Mar 18 2015 21:00:58 GMT-0300 (E. South America Standard Time)","title":"oi2"},"frames":[["id","timestamp",{"hands":[["id","type","direction","palmNormal","palmPosition","palmVelocity","stabilizedPalmPosition","pinchStrength","grabStrength","confidence","armBasis","armWidth","elbow","wrist"]]},{"pointables":[["id","direction","handId","length","stabilizedTipPosition","tipPosition","tipVelocity","tool","carpPosition","mcpPosition","pipPosition","dipPosition","btipPosition","bases","type"]]},{"interactionBox":["center","size"]}],[42044,99568460729,[[112,"right",[-0.343205,0.917881,-0.199258],[-0.23509,-0.289338,-0.92791],[-11.3358,129.59,111.916],[8.48512,-3.47601,5.89043],[-11.8593,129.915,111.728],0.886479,0,0.821043,[[0.803327,0.293626,-0.518122],[-0.210928,0.953891,0.213546],[0.556934,-0.0622608,0.82822]],60.7581,[157.296,69.4651,336.933],[13.9139,85.4942,123.708]]],[[1120,[-0.401403,0.629926,-0.664882],112,49.6939,[-56.7618,119.75,77.9895],[-57.0548,120.673,78.7163],[7.78645,-5.29726,10.0534],false,[-12.1064,72.1362,123.368],[-12.1064,72.1362,123.368],[-53.646,92.4231,112.036],[-66.6959,112.902,90.42],[-53.4196,121.533,74.6958],[[[0.509226,0.547199,0.664275],[-0.492774,-0.447419,0.746318],[0.705594,-0.707382,0.0418079]],[[0.21198,0.770117,0.601651],[-0.439781,-0.474612,0.762454],[0.87273,-0.42622,0.238074]],[[0.21198,0.770117,0.601651],[-0.891033,-0.100563,0.442659],[0.401403,-0.629926,0.664882]],[[0.21198,0.770117,0.601651],[-0.77532,0.507308,-0.376188],[-0.594932,-0.386728,0.704626]]],0],[1121,[0.312505,-0.898087,-0.309485],112,56.074,[-37.0798,101.395,72.3277],[-37.4675,102.022,72.1892],[1.56964,4.2796,10.6315],false,[-4.23161,88.9848,136.212],[-40.7417,145.583,116.599],[-50.0263,133.261,78.6499],[-42.824,112.563,71.5173],[-35.1558,98.3028,73.3232],[[[0.838829,0.421878,-0.34407],[0.159652,0.413597,0.896353],[0.520458,-0.806819,0.279584]],[[0.845429,0.411506,-0.34046],[-0.483613,0.860341,-0.161034],[0.226645,0.300794,0.926367]],[[0.845429,0.411506,-0.34046],[-0.433117,0.155253,-0.887866],[-0.312505,0.898087,0.309485]],[[0.845429,0.411506,-0.34046],[-0.252391,-0.253967,-0.933702],[-0.470689,0.875308,-0.110851]]],1],[1122,[0.136208,-0.967529,-0.212923],112,63.8918,[-29.5651,96.7606,68.0742],[-29.692,97.0713,68.185],[4.26372,0.395495,14.8884],false,[5.4779,95.0093,133.513],[-21.197,151.98,111.872],[-37.4988,135.645,72.1263],[-33.8056,109.411,66.353],[-27.861,92.8478,69.7295],[[[0.861843,0.232264,-0.450865],[0.310555,0.461153,0.8312],[0.400976,-0.856383,0.32531]],[[0.867342,0.220319,-0.446292],[-0.349152,0.908369,-0.230128],[0.354697,0.355423,0.864792]],[[0.867342,0.220319,-0.446292],[-0.478711,0.123888,-0.869188],[-0.136208,0.967529,0.212923]],[[0.867342,0.220319,-0.446292],[-0.371015,-0.311501,-0.874823],[-0.33176,0.924352,-0.188436]]],2],[1123,[-0.0240983,-0.984113,-0.175903],112,61.4337,[-16.2885,99.4985,67.9504],[-16.4334,99.7972,67.8995],[7.75981,-6.26346,20.5852],false,[15.477,98.7825,128.717],[-0.135776,151.995,106.532],[-17.8412,138.372,70.2556],[-18.4778,112.378,65.6093],[-15.2254,95.3491,69.7136],[[[0.885577,0.0682798,-0.459447],[0.38396,0.449034,0.80681],[0.261396,-0.890902,0.371437]],[[0.888042,0.0597369,-0.455865],[-0.19663,0.945616,-0.259129],[0.415594,0.319754,0.851492]],[[0.888042,0.0597369,-0.455865],[-0.459131,0.167195,-0.872494],[0.0240983,0.984113,0.175903]],[[0.888042,0.0597369,-0.455865],[-0.421964,-0.287809,-0.859716],[-0.182559,0.955823,-0.23038]]],3],[1124,[-0.0601898,0.576932,-0.814571],112,48.1629,[17.9866,189.622,49.0227],[18.3542,190.267,49.8249],[-7.44872,-5.53414,1.75354],false,[24.8713,97.7507,118.978],[18.318,148.67,98.4537],[20.9675,173.161,75.4339],[19.845,183.921,60.2424],[17.1813,191.192,45.7453],[[[0.834182,-0.11043,-0.540319],[0.538601,0.373702,0.755153],[0.118527,-0.920952,0.371213]],[[0.820577,-0.436053,-0.369475],[0.566108,0.531225,0.630335],[-0.0785854,-0.726401,0.682764]],[[0.820577,-0.436053,-0.369475],[0.568358,0.690657,0.447171],[0.0601898,-0.576932,0.814571]],[[0.820577,-0.436053,-0.369475],[0.548075,0.783677,0.292343],[0.162072,-0.44239,0.882057]]],4]],[[0,200,0],[235.247,235.247,147.751]]],[42045,99568469405,[[112,"right",[-0.343986,0.918172,-0.196557],[-0.236925,-0.287431,-0.928036],[-11.2966,129.534,112.012],[7.4288,-4.26731,7.27701],[-11.8059,129.879,111.755],0.889245,0,0.826719,[[0.803405,0.29436,-0.517583],[-0.211806,0.953682,0.213608],[0.556488,-0.0619869,0.82854]],60.7581,[157.263,69.4645,336.964],[13.9952,85.423,123.656]]],[[1120,[-0.400988,0.630998,-0.664116],112,49.6939,[-56.7274,119.719,78.042],[-57.0153,120.563,78.8715],[6.78429,-6.54688,12.6243],false,[-12.0204,72.0554,123.342],[-12.0204,72.0554,123.342],[-53.629,92.2913,112.173],[-66.6654,112.805,90.5817],[-53.3834,121.449,74.8696],[[[0.510405,0.545969,0.664383],[-0.491028,-0.449224,0.746385],[0.70596,-0.707189,0.0388005]],[[0.212335,0.769228,0.602662],[-0.436723,-0.477009,0.762716],[0.874178,-0.425148,0.234654]],[[0.212335,0.769228,0.602662],[-0.891135,-0.100646,0.442434],[0.400988,-0.630998,0.664116]],[[0.212335,0.769228,0.602662],[-0.775027,0.508197,-0.375591],[-0.595186,-0.387329,0.704081]]],0],[1121,[0.312543,-0.897407,-0.311412],112,56.074,[-37.0762,101.401,72.3461],[-37.4827,102.036,72.3167],[0.394198,3.99341,11.4266],false,[-4.12534,88.8794,136.205],[-40.6989,145.505,116.791],[-50.0632,133.27,78.834],[-42.86,112.587,71.6569],[-35.1771,98.3316,73.4349],[[[0.837938,0.422954,-0.344921],[0.161371,0.411728,0.896905],[0.521363,-0.807211,0.27675]],[[0.844544,0.412584,-0.341349],[-0.484244,0.86056,-0.157936],[0.228589,0.29868,0.926573]],[[0.844544,0.412584,-0.341349],[-0.434813,0.156315,-0.88685],[-0.312543,0.897407,0.311412]],[[0.844544,0.412584,-0.341349],[-0.253666,-0.253147,-0.933579],[-0.471592,0.875038,-0.109135]]],1],[1122,[0.137248,-0.967421,-0.212742],112,63.8918,[-29.5585,96.7585,68.0937],[-29.6678,97.0529,68.3678],[3.86015,-0.160088,16.562],false,[5.57609,94.9136,133.5],[-21.1667,151.92,112.037],[-37.5261,135.618,72.3016],[-33.8047,109.387,66.5332],[-27.8303,92.8358,69.9143],[[[0.860802,0.23358,-0.452172],[0.312119,0.459484,0.831539],[0.401997,-0.856922,0.32262]],[[0.866447,0.221336,-0.447526],[-0.350099,0.908404,-0.228544],[0.355949,0.354699,0.864574]],[[0.866447,0.221336,-0.447526],[-0.480033,0.122908,-0.868597],[-0.137248,0.967421,0.212742]],[[0.866447,0.221336,-0.447526],[-0.371615,-0.312709,-0.874137],[-0.333424,0.923701,-0.188694]]],2],[1123,[-0.0220407,-0.984575,-0.173569],112,61.4337,[-16.2697,99.4828,68.0031],[-16.3735,99.7197,68.1405],[7.70973,-7.23143,22.7404],false,[15.5636,98.7011,128.69],[-0.116789,151.955,106.653],[-17.8665,138.285,70.4162],[-18.4487,112.278,65.8315],[-15.1487,95.2672,69.9704],[[[0.884583,0.069624,-0.461157],[0.385477,0.447447,0.806969],[0.262528,-0.891596,0.368965]],[[0.88714,0.0607886,-0.45748],[-0.198493,0.945173,-0.259324],[0.416634,0.320863,0.850567]],[[0.88714,0.0607886,-0.45748],[-0.460974,0.164063,-0.872116],[0.0220407,0.984575,0.173569]],[[0.88714,0.0607886,-0.45748],[-0.422697,-0.29084,-0.858335],[-0.185231,0.954839,-0.232321]]],3],[1124,[-0.0651296,0.576573,-0.814445],112,48.1629,[17.8594,189.589,49.0545],[18.0767,190.227,49.8774],[-15.0008,-4.87526,3.39575],false,[24.9379,97.6941,118.93],[18.3213,148.655,98.5289],[20.8085,173.147,75.492],[19.5939,183.9,60.3028],[16.8526,191.163,45.8165],[[[0.833089,-0.108931,-0.542307],[0.540039,0.372289,0.754824],[0.119671,-0.921702,0.368977]],[[0.8202,-0.433937,-0.372788],[0.567301,0.532918,0.627828],[-0.073772,-0.726427,0.683272]],[[0.8202,-0.433937,-0.372788],[0.568358,0.692287,0.444643],[0.0651296,-0.576573,0.814445]],[[0.8202,-0.433937,-0.372788],[0.547224,0.7851,0.290109],[0.166787,-0.441946,0.8814]]],4]],[[0,200,0],[235.247,235.247,147.751]]],[42046,99568478121,[[112,"right",[-0.345251,0.918453,-0.192991],[-0.239237,-0.28497,-0.928201],[-11.2554,129.438,112.147],[6.70499,-6.05658,9.44534],[-11.7628,129.844,111.786],0.892116,0,0.827335,[[0.803441,0.295581,-0.516831],[-0.213203,0.953331,0.213785],[0.555902,-0.0615734,0.828964]],60.7581,[157.22,69.4626,337.012],[14.1031,85.3147,123.595]]],[[1120,[-0.401263,0.632282,-0.662727],112,49.6939,[-56.7018,119.687,78.0971],[-56.9902,120.411,79.0828],[5.58068,-8.76994,16.1049],false,[-11.9027,71.9271,123.313],[-11.9027,71.9271,123.313],[-53.5956,92.0977,112.343],[-66.6409,112.654,90.7969],[-53.3649,121.326,75.0957],[[[0.511789,0.544479,0.664541],[-0.488626,-0.451746,0.746439],[0.706624,-0.706731,0.034848]],[[0.212642,0.768067,0.604033],[-0.433006,-0.480091,0.762901],[0.87595,-0.423775,0.23049]],[[0.212642,0.768067,0.604033],[-0.890938,-0.101453,0.442647],[0.401263,-0.632282,0.662727]],[[0.212642,0.768067,0.604033],[-0.775148,0.508965,-0.3743],[-0.594919,-0.388623,0.703593]]],0],[1121,[0.312924,-0.89639,-0.313948],112,56.074,[-37.0743,101.405,72.3618],[-37.5044,102.027,72.4879],[-0.620648,3.08548,13.3559],false,[-3.98573,88.7207,136.204],[-40.6572,145.372,117.052],[-50.1204,133.245,79.0841],[-42.9085,112.586,71.8485],[-35.2012,98.3388,73.5887],[[[0.836654,0.424608,-0.346002],[0.1635,0.409295,0.897633],[0.522759,-0.80758,0.273015]],[[0.843223,0.414322,-0.342508],[-0.485399,0.860637,-0.15392],[0.231003,0.296042,0.926821]],[[0.843223,0.414322,-0.342508],[-0.437096,0.157549,-0.885508],[-0.312924,0.89639,0.313948]],[[0.843223,0.414322,-0.342508],[-0.255273,-0.252107,-0.933423],[-0.473086,0.874517,-0.106817]]],1],[1122,[0.139232,-0.967303,-0.211989],112,63.8918,[-29.5532,96.756,68.1109],[-29.6242,96.9899,68.6294],[4.45045,-2.22886,20.5467],false,[5.70347,94.7704,133.489],[-21.1433,151.817,112.262],[-37.5638,135.531,72.5453],[-33.7886,109.303,66.7973],[-27.7664,92.7715,70.1917],[[[0.859375,0.23556,-0.453857],[0.31403,0.457358,0.831991],[0.403558,-0.857517,0.319069]],[[0.865198,0.222964,-0.449131],[-0.351828,0.908143,-0.226921],[0.35728,0.354348,0.864169]],[[0.865198,0.222964,-0.449131],[-0.481712,0.12088,-0.867953],[-0.139232,0.967303,0.211989]],[[0.865198,0.222964,-0.449131],[-0.372124,-0.314844,-0.873153],[-0.336088,0.922583,-0.189432]]],2],[1123,[-0.0200399,-0.984754,-0.172795],112,61.4337,[-16.2549,99.4684,68.0493],[-16.3409,99.6413,68.3705],[6.73788,-7.90096,23.6445],false,[15.6747,98.5796,128.663],[-0.108162,151.883,106.82],[-17.9227,138.197,70.622],[-18.4521,112.185,66.0577],[-15.1017,95.1847,70.1986],[[[0.883261,0.0716491,-0.463375],[0.38733,0.44545,0.807186],[0.264245,-0.892435,0.365697]],[[0.885886,0.0626283,-0.459656],[-0.20088,0.94492,-0.258407],[0.418155,0.321255,0.849672]],[[0.885886,0.0626283,-0.459656],[-0.46347,0.162288,-0.871124],[0.0200399,0.984754,0.172795]],[[0.885886,0.0626283,-0.459656],[-0.424075,-0.292349,-0.857142],[-0.188061,0.954259,-0.232428]]],3],[1124,[-0.0714196,0.576356,-0.814072],112,48.1629,[17.6652,189.557,49.1048],[17.7029,190.182,49.9752],[-23.7094,-4.65164,5.89929],false,[25.0231,97.6079,118.874],[18.3102,148.621,98.6368],[20.5857,173.118,75.5832],[19.2537,183.867,60.4011],[16.4155,191.127,45.9317],[[[0.831687,-0.106715,-0.544893],[0.541808,0.370565,0.754404],[0.121412,-0.922656,0.366013]],[[0.819795,-0.430998,-0.377064],[0.568666,0.535098,0.624731],[-0.0674915,-0.726575,0.683764]],[[0.819795,-0.430998,-0.377064],[0.568186,0.694302,0.441712],[0.0714196,-0.576356,0.814072]],[[0.819795,-0.430998,-0.377064],[0.545999,0.786837,0.287702],[0.172689,-0.441733,0.880369]]],4]],[[0,200,0],[235.247,235.247,147.751]]],[42047,99568486891,[[112,"right",[-0.346503,0.918769,-0.189205],[-0.241586,-0.282302,-0.928408],[-11.2175,129.331,112.281],[6.06616,-7.71633,11.0307],[-11.7277,129.811,111.818],0.894348,0,0.815731,[[0.803455,0.296862,-0.516075],[-0.214685,0.952964,0.21394],[0.555311,-0.0610982,0.829395]],60.7581,[157.172,69.4627,337.051],[14.2072,85.1924,123.523]]],[[1120,[-0.401879,0.633757,-0.660943],112,49.6939,[-56.6832,119.657,78.1503],[-56.9774,120.271,79.2956],[4.28423,-10.0459,18.5953],false,[-11.7888,71.7853,123.273],[-11.7888,71.7853,123.273],[-53.5588,91.9032,112.5],[-66.6242,112.507,91.0125],[-53.3613,121.216,75.3203],[[[0.513203,0.542836,0.664795],[-0.486201,-0.454426,0.746395],[0.70727,-0.706276,0.0307149]],[[0.213092,0.766706,0.605601],[-0.429491,-0.48323,0.762906],[0.87757,-0.42267,0.226321]],[[0.213092,0.766706,0.605601],[-0.890553,-0.102536,0.443172],[0.401879,-0.633757,0.660943]],[[0.213092,0.766706,0.605601],[-0.775478,0.509771,-0.372516],[-0.594328,-0.39025,0.703192]]],0],[1121,[0.313565,-0.895329,-0.316327],112,56.074,[-37.0733,101.407,72.3749],[-37.5204,102.01,72.6681],[-1.13186,2.19359,15.0817],false,[-3.84929,88.5454,136.193],[-40.618,145.227,117.317],[-50.179,133.21,79.3384],[-42.9523,112.575,72.0481],[-35.2169,98.3393,73.7544],[[[0.83536,0.426332,-0.347009],[0.165667,0.40666,0.898433],[0.524145,-0.808003,0.269078]],[[0.841824,0.416234,-0.34363],[-0.486684,0.860639,-0.149798],[0.23339,0.293343,0.927081]],[[0.841824,0.416234,-0.34363],[-0.439328,0.158541,-0.884226],[-0.313565,0.895329,0.316327]],[[0.841824,0.416234,-0.34363],[-0.256678,-0.251333,-0.933246],[-0.474814,0.873831,-0.10474]]],1],[1122,[0.140336,-0.966847,-0.213338],112,63.8918,[-29.5495,96.7542,68.1245],[-29.6263,96.9626,68.814],[3.12108,-2.25965,20.4936],false,[5.8276,94.611,133.469],[-21.1225,151.701,112.493],[-37.6264,135.492,72.7796],[-33.8212,109.276,66.995],[-27.7623,92.7529,70.3644],[[[0.85793,0.237634,-0.455507],[0.315977,0.455044,0.832522],[0.405112,-0.858175,0.315309]],[[0.863857,0.224851,-0.45077],[-0.353274,0.908324,-0.22393],[0.359094,0.352689,0.864096]],[[0.863857,0.224851,-0.45077],[-0.483795,0.121034,-0.866772],[-0.140336,0.966847,0.213338]],[[0.863857,0.224851,-0.45077],[-0.373383,-0.314861,-0.87261],[-0.338137,0.92212,-0.188039]]],2],[1123,[-0.0184536,-0.984769,-0.172888],112,61.4337,[-16.2439,99.4563,68.0879],[-16.3294,99.5806,68.5673],[5.25913,-7.65764,23.1212],false,[15.7825,98.4429,128.628],[-0.102577,151.801,106.993],[-17.988,138.131,70.8235],[-18.4754,112.119,66.2568],[-15.0806,95.1247,70.3862],[[[0.881917,0.0737726,-0.465597],[0.389218,0.443271,0.807478],[0.265955,-0.893347,0.362214]],[[0.884629,0.0644997,-0.461813],[-0.20294,0.944926,-0.256768],[0.419818,0.320865,0.848999]],[[0.884629,0.0644997,-0.461813],[-0.46593,0.161464,-0.869965],[0.0184536,0.984769,0.172888]],[[0.884629,0.0644997,-0.461813],[-0.425583,-0.293043,-0.856157],[-0.190553,0.953921,-0.231784]]],3],[1124,[-0.0778362,0.576587,-0.81332],112,48.1629,[17.4199,189.528,49.173],[17.3107,190.144,50.0911],[-30.6593,-4.08618,8.35237],false,[25.1044,97.5088,118.81],[18.2956,148.579,98.7487],[20.3436,173.084,75.6827],[18.892,183.837,60.5145],[15.9588,191.107,46.069],[[[0.830257,-0.10438,-0.547521],[0.543607,0.36867,0.754038],[0.123148,-0.923681,0.362833]],[[0.819413,-0.427696,-0.381626],[0.569975,0.537406,0.621549],[-0.0607457,-0.726822,0.684134]],[[0.819413,-0.427696,-0.381626],[0.567894,0.69615,0.439173],[0.0778362,-0.576587,0.81332]],[[0.819413,-0.427696,-0.381626],[0.544712,0.788306,0.286117],[0.178467,-0.442324,0.878919]]],4]],[[0,200,0],[235.247,235.247,147.751]]],[42048,99568495357,[[112,"right",[-0.34812,0.919151,-0.184318],[-0.244287,-0.278768,-0.928769],[-11.2339,129.137,112.447],[3.97851,-11.6734,13.2459],[-11.7019,129.776,111.851],0.896301,0,0.820192,[[0.803282,0.298672,-0.5153],[-0.216802,0.952452,0.214085],[0.554739,-0.0602526,0.82984]],60.7581,[157.093,69.4691,337.068],[14.2754,84.9811,123.425]]],[[1120,[-0.402887,0.635821,-0.658341],112,49.6939,[-56.6724,119.626,78.2006],[-57.0242,120.068,79.5484],[1.70179,-12.9342,21.6971],false,[-11.7066,71.5463,123.204],[-11.7066,71.5463,123.204],[-53.5588,91.616,112.663],[-66.657,112.287,91.2603],[-53.4133,121.049,75.5816],[[[0.514762,0.54068,0.665346],[-0.48328,-0.458015,0.746098],[0.708139,-0.705611,0.0255317]],[[0.213643,0.764764,0.607859],[-0.425666,-0.487178,0.762539],[0.879298,-0.421657,0.221452]],[[0.213643,0.764764,0.607859],[-0.889966,-0.104248,0.443952],[0.402887,-0.635821,0.658341]],[[0.213643,0.764764,0.607859],[-0.775985,0.510847,-0.369976],[-0.593468,-0.392647,0.702584]]],0],[1121,[0.314817,-0.89395,-0.318973],112,56.074,[-37.0732,101.409,72.3856],[-37.5822,101.929,72.8911],[-2.80233,-0.488751,17.9682],false,[-3.7436,88.2622,136.167],[-40.6354,144.979,117.642],[-50.3019,133.096,79.6487],[-43.0464,112.493,72.2974],[-35.2717,98.2747,73.9676],[[[0.833763,0.428673,-0.347964],[0.168135,0.403164,0.899549],[0.525899,-0.808516,0.264068]],[[0.840071,0.41885,-0.34474],[-0.488467,0.860475,-0.144853],[0.235969,0.290081,0.927455]],[[0.840071,0.41885,-0.34474],[-0.441782,0.15943,-0.882842],[-0.314817,0.89395,0.318973]],[[0.840071,0.41885,-0.34474],[-0.257941,-0.250644,-0.933083],[-0.477229,0.872778,-0.10252]]],1],[1122,[0.141476,-0.966066,-0.216105],112,63.8918,[-29.5475,96.7525,68.1348],[-29.7016,96.8926,68.9891],[-0.0628785,-3.68188,20.3072],false,[5.91776,94.3496,133.437],[-21.1626,151.495,112.782],[-37.7657,135.402,73.0627],[-33.9296,109.207,67.2031],[-27.83,92.6886,70.5197],[[[0.856187,0.240446,-0.457307],[0.318177,0.451984,0.833351],[0.407071,-0.859009,0.310478]],[[0.862209,0.227508,-0.452589],[-0.355098,0.90864,-0.219726],[0.36125,0.350163,0.864225]],[[0.862209,0.227508,-0.452589],[-0.486396,0.122297,-0.865137],[-0.141476,0.966066,0.216105]],[[0.862209,0.227508,-0.452589],[-0.375121,-0.313656,-0.872298],[-0.340412,0.921879,-0.185093]]],2],[1123,[-0.0167228,-0.984542,-0.174347],112,61.4337,[-16.2374,99.4458,68.1188],[-16.3892,99.486,68.7514],[2.05154,-8.56372,22.495],false,[15.8527,98.2124,128.579],[-0.160841,151.641,107.215],[-18.1326,138.03,71.0656],[-18.5744,112.024,66.4604],[-15.1286,95.0308,70.5532],[[[0.880321,0.0766539,-0.468144],[0.391349,0.440394,0.808022],[0.268106,-0.894526,0.35769]],[[0.883096,0.0672298,-0.464352],[-0.205399,0.945203,-0.253775],[0.421846,0.319485,0.848514]],[[0.883096,0.0672298,-0.464352],[-0.468895,0.16173,-0.868321],[0.0167228,0.984542,0.174347]],[[0.883096,0.0672298,-0.464352],[-0.427473,-0.292689,-0.855336],[-0.193415,0.953841,-0.229734]]],3],[1124,[-0.0848343,0.577801,-0.811757],112,48.1629,[17.1261,189.501,49.2686],[16.8067,190.096,50.2912],[-39.4951,-3.95354,12.8037],false,[25.1437,97.3287,118.727],[18.214,148.473,98.8974],[20.005,173.007,75.8405],[18.4229,183.783,60.7015],[15.3891,191.084,46.2928],[[[0.82859,-0.10122,-0.550629],[0.545646,0.366184,0.753777],[0.125335,-0.925021,0.358647]],[[0.818995,-0.423572,-0.387085],[0.571337,0.539519,0.61846],[-0.0531225,-0.727671,0.683866]],[[0.818995,-0.423572,-0.387085],[0.567495,0.697663,0.437282],[0.0848343,-0.577801,0.811757]],[[0.818995,-0.423572,-0.387085],[0.543301,0.789446,0.285656],[0.184587,-0.444254,0.876679]]],4]],[[0,200,0],[235.247,235.247,147.751]]],[42049,99568504098,[[112,"right",[-0.351341,0.918764,-0.180088],[-0.24809,-0.276836,-0.928339],[-11.281,128.718,112.761],[1.47013,-21.3829,19.337],[-11.682,129.726,111.894],0.898155,0,0.821263,[[0.802839,0.301025,-0.514619],[-0.219656,0.9518,0.214076],[0.554257,-0.0588292,0.830264]],60.7581,[157.087,69.4518,337.245],[14.3932,84.5973,123.494]]],[[1120,[-0.405866,0.636316,-0.656029],112,49.6939,[-56.6679,119.579,78.2626],[-57.1324,119.526,80.0235],[-2.01031,-25.3198,30.4201],false,[-11.5554,71.097,123.362],[-11.5554,71.097,123.362],[-53.5286,91.0456,113.075],[-66.7236,111.733,91.7472],[-53.5314,120.543,76.0521],[[[0.516617,0.540159,0.664331],[-0.478486,-0.461294,0.747167],[0.710041,-0.703872,0.0201464]],[[0.213936,0.764013,0.6087],[-0.420226,-0.490541,0.7634],[0.88184,-0.41911,0.216114]],[[0.213936,0.764013,0.6087],[-0.88854,-0.106702,0.446218],[0.405866,-0.636316,0.656029]],[[0.213936,0.764013,0.6087],[-0.777663,0.510305,-0.367191],[-0.591161,-0.394808,0.703317]]],0],[1121,[0.317224,-0.892674,-0.320159],112,56.074,[-37.0738,101.407,72.398],[-37.6814,101.521,73.3691],[-5.01411,-12.5469,27.9033],false,[-3.57189,87.7975,136.332],[-40.697,144.471,118.143],[-50.5052,132.642,80.169],[-43.1942,112.069,72.7903],[-35.3531,97.8849,74.4454],[[[0.830972,0.431752,-0.350821],[0.171482,0.401117,0.899833],[0.529225,-0.807896,0.25928]],[[0.837146,0.42221,-0.347744],[-0.491794,0.859278,-0.140641],[0.239429,0.288755,0.926981]],[[0.837146,0.42221,-0.347744],[-0.445596,0.157707,-0.881233],[-0.317224,0.892674,0.320159]],[[0.837146,0.42221,-0.347744],[-0.25987,-0.252416,-0.93207],[-0.481305,0.870646,-0.101589]]],1],[1122,[0.143718,-0.965372,-0.217719],112,63.8918,[-29.5465,96.7489,68.146],[-29.8281,96.5106,69.3909],[-3.89996,-14.2162,26.956],false,[6.06064,93.917,133.572],[-21.2646,151.05,113.207],[-38.0068,134.993,73.5309],[-34.1099,108.817,67.6275],[-27.9394,92.3168,70.9052],[[[0.853342,0.243884,-0.460791],[0.321076,0.450501,0.833042],[0.410752,-0.858819,0.306126]],[[0.859481,0.230814,-0.456089],[-0.358602,0.908109,-0.2162],[0.364276,0.349374,0.863273]],[[0.859481,0.230814,-0.456089],[-0.490548,0.121577,-0.862891],[-0.143718,0.965372,0.217719]],[[0.859481,0.230814,-0.456089],[-0.377766,-0.314277,-0.870932],[-0.344362,0.920844,-0.182922]]],2],[1123,[-0.0144764,-0.984352,-0.175617],112,61.4337,[-16.2344,99.4307,68.1509],[-16.5347,99.1334,69.0848],[-3.02708,-16.7715,26.2198],false,[15.962,97.8184,128.676],[-0.290572,151.265,107.538],[-18.3959,137.678,71.4463],[-18.7783,111.677,66.8075],[-15.2596,94.6895,70.8627],[[[0.877838,0.0801839,-0.472198],[0.394154,0.439167,0.807326],[0.272108,-0.89482,0.353913]],[[0.880697,0.0706122,-0.468387],[-0.209197,0.945148,-0.250862],[0.424981,0.318918,0.847161]],[[0.880697,0.0706122,-0.468387],[-0.473458,0.161446,-0.865894],[0.0144764,0.984352,0.175617]],[[0.880697,0.0706122,-0.468387],[-0.430537,-0.292979,-0.853698],[-0.197509,0.953508,-0.227625]]],3],[1124,[-0.0947099,0.577289,-0.811028],112,48.1629,[16.7199,189.407,49.3905],[16.0397,189.754,50.497],[-53.9853,-13.0753,16.102],false,[25.2073,96.9855,118.777],[18.0516,148.166,99.1227],[19.4812,172.683,76.0219],[17.7149,183.449,60.8965],[14.5381,190.753,46.5196],[[[0.826158,-0.0975935,-0.554921],[0.548373,0.3655,0.752128],[0.129421,-0.925681,0.355479]],[[0.818577,-0.418474,-0.393461],[0.57283,0.544177,0.612975],[-0.0424015,-0.727153,0.685165]],[[0.818577,-0.418474,-0.393461],[0.566535,0.701154,0.432922],[0.0947099,-0.577289,0.811028]],[[0.818577,-0.418474,-0.393461],[0.5409,0.792093,0.28287],[0.193284,-0.444374,0.874742]]],4]],[[0,200,0],[235.247,235.247,147.751]]],[42050,99568512787,[[112,"right",[-0.354994,0.917638,-0.178659],[-0.250462,-0.277474,-0.927511],[-11.4397,128.283,113.064],[-3.78897,-29.0278,23.4658],[-11.6717,129.665,111.943],0.901375,0,0.8016,[[0.802039,0.303398,-0.514473],[-0.222317,0.951126,0.214323],[0.554354,-0.0575193,0.830291]],60.7581,[157.136,69.4366,337.455],[14.4172,84.2449,123.697]]],[[1120,[-0.407722,0.634659,-0.656484],112,49.6939,[-56.6692,119.512,78.3325],[-57.2766,118.838,80.4146],[-5.62555,-38.7687,33.8566],false,[-11.4872,70.6594,123.654],[-11.4872,70.6594,123.654],[-53.5744,90.4259,113.482],[-66.8298,111.059,92.1396],[-53.6755,119.889,76.4237],[[[0.517185,0.541729,0.662608],[-0.47432,-0.463007,0.748762],[0.712418,-0.701537,0.0174927]],[[0.21249,0.765166,0.607757],[-0.415903,-0.491993,0.764831],[0.884235,-0.415288,0.213691]],[[0.21249,0.765166,0.607757],[-0.888038,-0.108299,0.446834],[0.407722,-0.634659,0.656484]],[[0.21249,0.765166,0.607757],[-0.779348,0.507896,-0.366957],[-0.589461,-0.39568,0.704254]]],0],[1121,[0.3203,-0.891862,-0.319359],112,56.074,[-37.0755,101.401,72.413],[-37.8353,100.985,73.8468],[-8.4639,-25.163,35.093],false,[-3.51277,87.3835,136.599],[-40.8881,143.938,118.553],[-50.7859,132.072,80.6138],[-43.4039,111.517,73.2536],[-35.4931,97.3739,74.9263],[[[0.828302,0.434548,-0.353671],[0.173345,0.401508,0.899301],[0.532792,-0.8062,0.257243]],[[0.834386,0.425231,-0.350684],[-0.495402,0.857477,-0.138959],[0.241614,0.289674,0.926127]],[[0.834386,0.425231,-0.350684],[-0.448563,0.154145,-0.880358],[-0.320299,0.891862,0.319359]],[[0.834386,0.425231,-0.350684],[-0.260782,-0.255957,-0.930849],[-0.485585,0.868139,-0.102674]]],1],[1122,[0.147511,-0.965277,-0.215596],112,63.8918,[-29.5461,96.7423,68.1599],[-29.9542,95.9545,69.8828],[-6.50779,-27.5988,34.9407],false,[6.08976,93.5352,133.806],[-21.4951,150.582,113.549],[-38.2932,134.402,73.947],[-34.2935,108.229,68.1012],[-28.0391,91.7655,71.406],[[[0.8509,0.246776,-0.463757],[0.322539,0.451396,0.831992],[0.414653,-0.857522,0.304498]],[[0.857198,0.233513,-0.459003],[-0.362803,0.906385,-0.216427],[0.365495,0.352049,0.86167]],[[0.857198,0.233513,-0.459003],[-0.493409,0.117101,-0.861879],[-0.147511,0.965277,0.215596]],[[0.857198,0.233513,-0.459003],[-0.378653,-0.318312,-0.86908],[-0.349048,0.918776,-0.184435]]],2],[1123,[-0.0103783,-0.984915,-0.172724],112,61.4337,[-16.2339,99.4079,68.1882],[-16.6731,98.601,69.5427],[-6.31674,-28.671,33.2568],false,[15.9609,97.4701,128.876],[-0.541997,150.866,107.806],[-18.7089,137.137,71.7995],[-18.983,111.121,67.2371],[-15.3719,94.1622,71.3283],[[[0.875894,0.0831594,-0.475284],[0.395562,0.440307,0.806015],[0.276299,-0.893988,0.352768]],[[0.878853,0.0734104,-0.47141],[-0.213961,0.943801,-0.251915],[0.426424,0.32226,0.845169]],[[0.878853,0.0734104,-0.47141],[-0.476979,0.156692,-0.864834],[0.0103783,0.984916,0.172724]],[[0.878853,0.0734104,-0.47141],[-0.431894,-0.297372,-0.851491],[-0.202693,0.951935,-0.229641]]],3],[1124,[-0.104701,0.573986,-0.812144],112,48.1629,[16.2086,189.224,49.5007],[15.1601,189.231,50.5628],[-68.2897,-25.6131,14.2121],false,[25.1737,96.6694,118.944],[17.7803,147.83,99.3256],[18.8428,172.263,76.1169],[16.8901,182.968,60.9707],[13.5696,190.218,46.5992],[[[0.824506,-0.0947712,-0.55786],[0.549826,0.367159,0.750257],[0.13372,-0.925318,0.354832]],[[0.818987,-0.41351,-0.397832],[0.572946,0.551227,0.606532],[-0.0315113,-0.724678,0.688366]],[[0.818987,-0.41351,-0.397832],[0.564179,0.706789,0.426792],[0.104701,-0.573986,0.812144]],[[0.818987,-0.41351,-0.397832],[0.537068,0.796509,0.277724],[0.202035,-0.441115,0.874414]]],4]],[[0,200,0],[235.247,235.247,147.751]]],[42051,99568521399,[[112,"right",[-0.359048,0.916478,-0.1765],[-0.252798,-0.277538,-0.926858],[-11.6907,127.781,113.417],[-10.4931,-36.7592,28.1014],[-11.6725,129.591,112.001],0.902733,0,0.804247,[[0.800874,0.306409,-0.514504],[-0.225583,0.950255,0.214775],[0.554718,-0.055944,0.830155]],60.7581,[157.18,69.4269,337.638],[14.3682,83.8297,123.914]]],[[1120,[-0.410877,0.633254,-0.655873],112,49.6939,[-56.6812,119.422,78.4142],[-57.5506,118.111,80.8585],[-12.7896,-49.9861,38.0718],false,[-11.4855,70.148,123.952],[-11.4855,70.148,123.952],[-53.6929,89.7266,113.916],[-67.0508,110.314,92.5932],[-53.9754,119.204,76.8451],[[[0.517574,0.54303,0.661238],[-0.469873,-0.465466,0.750041],[0.715079,-0.698899,0.014242]],[[0.210851,0.765903,0.6074],[-0.411339,-0.494159,0.765903],[0.886759,-0.411339,0.210852]],[[0.210851,0.765903,0.6074],[-0.886973,-0.111275,0.448214],[0.410877,-0.633254,0.655873]],[[0.210851,0.765903,0.6074],[-0.78245,0.50469,-0.364773],[-0.58593,-0.398347,0.705695]]],0],[1121,[0.323955,-0.890872,-0.318435],112,56.074,[-37.0788,101.391,72.4322],[-38.0592,100.389,74.3828],[-13.0857,-36.5371,42.4551],false,[-3.52632,86.8896,136.884],[-41.1768,143.322,119.028],[-51.1524,131.427,81.1179],[-43.6862,110.895,73.779],[-35.6989,96.7973,75.4732],[[[0.825391,0.437955,-0.356265],[0.175119,0.401311,0.899046],[0.536715,-0.804453,0.254544]],[[0.831519,0.42866,-0.353309],[-0.499277,0.855532,-0.137065],[0.243513,0.290371,0.925411]],[[0.831519,0.42866,-0.353309],[-0.451253,0.150329,-0.879643],[-0.323955,0.890872,0.318435]],[[0.831519,0.42866,-0.353309],[-0.261152,-0.259696,-0.929708],[-0.490281,0.865337,-0.103996]]],1],[1122,[0.151534,-0.964901,-0.214487],112,63.8918,[-29.547,96.7316,68.1778],[-30.1688,95.3635,70.3927],[-11.2492,-38.456,41.3331],false,[6.04308,93.0795,134.062],[-21.8269,150.042,113.96],[-38.6813,133.772,74.4183],[-34.5725,107.61,68.6025],[-28.229,91.1826,71.9174],[[[0.848286,0.250371,-0.46661],[0.323881,0.451816,0.831242],[0.41894,-0.856257,0.302179]],[[0.854762,0.236891,-0.461806],[-0.367287,0.904748,-0.21571],[0.366718,0.353996,0.860351]],[[0.854762,0.236891,-0.461806],[-0.496407,0.113356,-0.860657],[-0.151534,0.964901,0.214487]],[[0.854762,0.236891,-0.461806],[-0.379541,-0.321615,-0.867475],[-0.354021,0.916758,-0.184995]]],2],[1123,[-0.00648506,-0.985108,-0.171812],112,61.4337,[-16.2375,99.3766,68.2321],[-16.9208,98.065,69.981],[-12.2856,-37.2974,37.5705],false,[15.8815,97.0557,129.101],[-0.896094,150.41,108.141],[-19.1307,136.599,72.2],[-19.302,110.578,67.6617],[-15.5997,93.6391,71.7558],[[[0.873846,0.0868595,-0.478382],[0.39685,0.441023,0.80499],[0.280899,-0.893283,0.350916]],[[0.876897,0.0769799,-0.474474],[-0.218759,0.942857,-0.251327],[0.428014,0.324183,0.843629]],[[0.876897,0.0769799,-0.474474],[-0.480634,0.153739,-0.86334],[0.00648506,0.985108,0.171812]],[[0.876897,0.0769799,-0.474474],[-0.433435,-0.300117,-0.849743],[-0.207811,0.950791,-0.229806]]],3],[1124,[-0.114407,0.571915,-0.812296],112,48.1629,[15.5963,188.977,49.6282],[14.1741,188.723,50.7457],[-81.8391,-34.152,16.6328],false,[25.0611,96.2986,119.134],[17.4065,147.45,99.5911],[18.099,171.824,76.3068],[15.9654,182.49,61.1577],[12.509,189.713,46.8046],[[[0.82282,-0.0911838,-0.56094],[0.551181,0.368501,0.748603],[0.138446,-0.925145,0.353468]],[[0.819486,-0.407875,-0.402593],[0.572732,0.557676,0.600813],[-0.0205405,-0.722935,0.69061]],[[0.819486,-0.407875,-0.402593],[0.561564,0.711724,0.422012],[0.114407,-0.571915,0.812296]],[[0.819486,-0.407875,-0.402593],[0.533122,0.800316,0.274364],[0.210295,-0.439469,0.873294]]],4]],[[0,200,0],[235.247,235.247,147.751]]],[42052,99568530151,[[112,"right",[-0.362164,0.91603,-0.172414],[-0.257592,-0.276125,-0.92596],[-11.9905,126.988,113.858],[-16.8661,-51.2005,34.0918],[-11.6848,129.49,112.073],0.905492,0,0.807139,[[0.799647,0.308143,-0.515377],[-0.228411,0.949861,0.213523],[0.555332,-0.0530253,0.829937]],60.7581,[157.2,69.4227,337.775],[14.2295,83.074,124.108]]],[[1120,[-0.414589,0.633175,-0.653609],112,49.6939,[-56.7087,119.298,78.5179],[-57.9492,117.191,81.4785],[-21.7497,-64.0387,46.3498],false,[-11.5923,69.333,124.268],[-11.5923,69.333,124.268],[-53.9114,88.7951,114.478],[-67.39,109.38,93.2291],[-54.3992,118.319,77.4388],[[[0.520201,0.542793,0.659369],[-0.464407,-0.468151,0.751771],[0.71674,-0.697288,0.00854437]],[[0.211582,0.765632,0.607488],[-0.405861,-0.496605,0.767242],[0.889106,-0.40889,0.205668]],[[0.211582,0.765632,0.607488],[-0.88507,-0.113566,0.451391],[0.414589,-0.633175,0.653609]],[[0.211582,0.765632,0.607488],[-0.785081,0.503351,-0.360951],[-0.582135,-0.400556,0.707583]]],0],[1121,[0.324731,-0.889615,-0.321146],112,56.074,[-37.0862,101.374,72.459],[-38.4954,99.611,74.9728],[-23.1123,-50.1563,48.8547],false,[-3.59563,86.065,137.189],[-41.4786,142.449,119.675],[-51.6512,130.616,81.7985],[-44.1671,110.113,74.3971],[-36.129,96.0383,76.0424],[[[0.822289,0.44061,-0.360144],[0.17947,0.399779,0.89887],[0.540029,-0.803766,0.249658]],[[0.828428,0.431364,-0.357257],[-0.50204,0.854683,-0.132186],[0.248321,0.288864,0.924605]],[[0.828428,0.431364,-0.357257],[-0.456352,0.150033,-0.877059],[-0.324731,0.889615,0.321146]],[[0.828428,0.431364,-0.357257],[-0.265078,-0.259933,-0.92853],[-0.493398,0.863921,-0.100991]]],1],[1122,[0.153234,-0.964358,-0.215717],112,63.8918,[-29.551,96.7135,68.203],[-30.5969,94.5824,70.9593],[-21.3608,-51.9118,47.3577],false,[5.94294,92.2829,134.325],[-22.1741,149.224,114.509],[-39.2077,132.968,75.0388],[-35.0528,106.819,69.1897],[-28.642,90.4111,72.4672],[[[0.844965,0.253316,-0.471026],[0.327716,0.45077,0.830306],[0.422654,-0.855942,0.297869]],[[0.851611,0.239605,-0.466206],[-0.370676,0.904142,-0.212429],[0.370617,0.353718,0.858793]],[[0.851611,0.239605,-0.466206],[-0.501276,0.112268,-0.857973],[-0.153234,0.964358,0.215717]],[[0.851611,0.239605,-0.466206],[-0.383088,-0.322564,-0.865561],[-0.357773,0.91572,-0.182909]]],2],[1123,[-0.00497079,-0.984863,-0.173265],112,61.4337,[-16.2502,99.3288,68.2883],[-17.3853,97.3313,70.431],[-23.2762,-49.4851,40.7991],false,[15.743,96.2923,129.314],[-1.27864,149.653,108.568],[-19.6887,135.865,72.7078],[-19.82,109.851,68.1312],[-16.0505,92.9157,72.1795],[[[0.870827,0.089889,-0.483301],[0.400554,0.440201,0.803604],[0.284985,-0.893388,0.347334]],[[0.873948,0.0799293,-0.479401],[-0.222429,0.942801,-0.248298],[0.432133,0.323632,0.841738]],[[0.873948,0.0799293,-0.479401],[-0.485993,0.153808,-0.860322],[0.00497079,0.984863,0.173265]],[[0.873948,0.0799293,-0.479401],[-0.437544,-0.300028,-0.847666],[-0.211587,0.950576,-0.227236]]],3],[1124,[-0.125718,0.570167,-0.811852],112,48.1629,[14.8554,188.609,49.7923],[13.0546,187.929,51.0213],[-95.6891,-49.3054,21.0132],false,[24.8658,95.5776,119.292],[16.9802,146.753,99.905],[17.2719,171.081,76.5638],[14.9273,181.714,61.4231],[11.3018,188.914,47.1001],[[[0.819724,-0.088093,-0.565943],[0.554717,0.368154,0.746158],[0.142623,-0.925582,0.350651]],[[0.818446,-0.402875,-0.40968],[0.574518,0.563063,0.594045],[-0.00865038,-0.721562,0.692295]],[[0.818446,-0.402875,-0.40968],[0.560661,0.715962,0.416003],[0.125718,-0.570168,0.811852]],[[0.818446,-0.402875,-0.40968],[0.530554,0.803614,0.269661],[0.220585,-0.43806,0.871462]]],4]],[[0,200,0],[235.247,235.247,147.751]]],[42053,99568538738,[[112,"right",[-0.364296,0.915885,-0.16865],[-0.261214,-0.274315,-0.925483],[-12.5058,126.247,114.274],[-28.2466,-60.4697,37.8849],[-11.7164,129.365,112.158],0.908779,0,0.811423,[[0.797991,0.309583,-0.517078],[-0.230753,0.949548,0.212395],[0.556744,-0.0501723,0.829167]],60.7581,[157.159,69.4315,337.774],[13.825,82.3483,124.305]]],[[1120,[-0.41656,0.633407,-0.65213],112,49.6939,[-56.7583,119.146,78.6374],[-58.5127,116.364,81.9702],[-33.5392,-71.608,48.2877],false,[-11.9751,68.5678,124.545],[-11.9751,68.5678,124.545],[-54.3659,87.9512,114.911],[-67.9086,108.544,93.71],[-54.9852,117.535,77.894],[[[0.522253,0.542015,0.658385],[-0.460415,-0.470642,0.752672],[0.717823,-0.696215,0.00375738]],[[0.211723,0.765197,0.607986],[-0.402466,-0.49863,0.767717],[0.890615,-0.407237,0.202394]],[[0.211723,0.765197,0.607986],[-0.884111,-0.115191,0.452857],[0.41656,-0.633407,0.65213]],[[0.211723,0.765197,0.607986],[-0.787273,0.50215,-0.357836],[-0.579115,-0.402889,0.708736]]],0],[1121,[0.324928,-0.888399,-0.324298],112,56.074,[-37.101,101.347,72.4945],[-39.1257,98.922,75.4647],[-36.566,-57.7622,50.7432],false,[-3.94735,85.2811,137.471],[-41.9915,141.649,120.257],[-52.3175,129.9,82.3954],[-44.8289,109.425,74.9213],[-36.7578,95.3629,76.5105],[[[0.820043,0.442714,-0.362675],[0.182787,0.397914,0.899029],[0.542327,-0.803535,0.245385]],[[0.82617,0.433529,-0.359855],[-0.50389,0.85428,-0.127675],[0.252067,0.286809,0.924231]],[[0.82617,0.433529,-0.359855],[-0.460288,0.150998,-0.874834],[-0.324928,0.888399,0.324298]],[[0.82617,0.433529,-0.359855],[-0.268323,-0.25887,-0.927895],[-0.495425,0.863157,-0.0975445]]],1],[1122,[0.154384,-0.963842,-0.217197],112,63.8918,[-29.5611,96.686,68.2371],[-31.2076,93.882,71.4544],[-34.5519,-59.5856,49.8295],false,[5.56923,91.5203,134.58],[-22.72,148.466,115.022],[-39.8884,132.249,75.5943],[-35.7023,106.115,69.7051],[-29.2438,89.7182,72.9458],[[[0.842518,0.255719,-0.474101],[0.330656,0.449294,0.829941],[0.425242,-0.856004,0.293983]],[[0.849311,0.241785,-0.469265],[-0.373001,0.903903,-0.209356],[0.373551,0.352845,0.857881]],[[0.849311,0.241785,-0.469265],[-0.504813,0.112021,-0.85593],[-0.154384,0.963842,0.217197]],[[0.849311,0.241785,-0.469265],[-0.385687,-0.322748,-0.864338],[-0.360439,0.915081,-0.18086]]],2],[1123,[-0.00402297,-0.984533,-0.175152],112,61.4337,[-16.2775,99.2628,68.3579],[-18.0284,96.6699,70.831],[-36.9522,-56.51,41.9104],false,[15.3413,95.5565,129.536],[-1.85132,148.94,108.992],[-20.3952,135.203,73.1809],[-20.5015,109.198,68.5543],[-16.6846,92.262,72.555],[[[0.868573,0.0923611,-0.486878],[0.403392,0.438899,0.802896],[0.287847,-0.893777,0.343958]],[[0.871736,0.0823658,-0.483004],[-0.224974,0.943,-0.245229],[0.435274,0.322438,0.840577]],[[0.871736,0.0823658,-0.483004],[-0.48996,0.154629,-0.857922],[0.00402297,0.984533,0.175152]],[[0.871736,0.0823658,-0.483004],[-0.440655,-0.299239,-0.846333],[-0.214243,0.950616,-0.224563]]],3],[1124,[-0.135421,0.568229,-0.811651],112,48.1629,[14.0109,188.156,49.9846],[11.8511,187.163,51.3166],[-108.716,-60.0913,24.7232],false,[24.4213,94.8795,119.473],[16.3739,146.089,100.242],[16.3173,170.362,76.8427],[13.7917,180.96,61.7057],[10.0232,188.134,47.4068],[[[0.817379,-0.0855016,-0.569721],[0.557412,0.367223,0.744607],[0.145549,-0.926195,0.34782]],[[0.817612,-0.398609,-0.415478],[0.575768,0.568139,0.587971],[0.00167848,-0.719951,0.694023]],[[0.817612,-0.398609,-0.415478],[0.559618,0.719879,0.410611],[0.135421,-0.568229,0.811651]],[[0.817612,-0.398609,-0.415478],[0.528144,0.806584,0.26549],[0.229291,-0.4365,0.869996]]],4]],[[0,200,0],[235.247,235.247,147.751]]],[42054,99568547501,[[112,"right",[-0.366595,0.915683,-0.164719],[-0.265423,-0.272619,-0.924786],[-13.0832,125.355,114.682],[-38.3518,-71.5612,40.1886],[-11.7722,129.201,112.261],0.910723,0,0.792542,[[0.796174,0.310925,-0.519069],[-0.233283,0.949284,0.210804],[0.558288,-0.0467465,0.828329]],60.7581,[157.099,69.4409,337.733],[13.3675,81.4758,124.479]]],[[1120,[-0.419904,0.633823,-0.649576],112,49.6939,[-56.8393,118.948,78.7853],[-59.1901,115.405,82.5318],[-45.6394,-81.0867,52.2716],false,[-12.4092,67.6534,124.817],[-12.4092,67.6534,124.817],[-54.8848,86.962,115.409],[-68.5362,107.568,94.291],[-55.6925,116.609,78.4389],[[[0.524692,0.541346,0.656996],[-0.455878,-0.473096,0.753893],[0.718939,-0.695071,-0.0014417]],[[0.212784,0.764537,0.608446],[-0.397936,-0.500918,0.768589],[0.892396,-0.405666,0.197649]],[[0.212784,0.764537,0.608446],[-0.882272,-0.117269,0.455899],[0.419904,-0.633823,0.649576]],[[0.212784,0.764537,0.608446],[-0.789601,0.501341,-0.353818],[-0.575546,-0.405143,0.710356]]],0],[1121,[0.324946,-0.887175,-0.327613],112,56.074,[-37.1282,101.303,72.5451],[-39.842,98.0762,75.9667],[-48.8488,-67.8603,52.1665],false,[-4.34321,84.35,137.741],[-42.563,140.696,120.847],[-53.066,129.026,83.0101],[-45.577,108.579,75.4597],[-37.4712,94.5301,76.9875],[[[0.817506,0.444854,-0.365772],[0.186668,0.396153,0.899009],[0.54483,-0.803223,0.240817]],[[0.823626,0.435725,-0.36302],[-0.505871,0.853806,-0.122924],[0.256387,0.284885,0.923637]],[[0.823626,0.435725,-0.36302],[-0.464811,0.151869,-0.872288],[-0.324946,0.887175,0.327613]],[[0.823626,0.435725,-0.36302],[-0.272189,-0.25786,-0.92705],[-0.497547,0.862353,-0.0937807]]],1],[1122,[0.155465,-0.963336,-0.218667],112,63.8918,[-29.5815,96.6416,68.2859],[-31.9041,93.0218,71.9577],[-46.6551,-69.8434,51.6169],false,[5.14879,90.6111,134.816],[-23.3289,147.556,115.532],[-40.6545,131.369,76.1601],[-36.4391,105.249,70.2311],[-29.9301,88.864,73.4316],[[[0.839717,0.25815,-0.477738],[0.334106,0.447927,0.829298],[0.428074,-0.855991,0.289882]],[[0.846673,0.243977,-0.472885],[-0.375549,0.903569,-0.206217],[0.376972,0.35219,0.856653]],[[0.846673,0.243977,-0.472885],[-0.508897,0.111622,-0.85356],[-0.155465,0.963336,0.218667]],[[0.846673,0.243977,-0.472885],[-0.388831,-0.323008,-0.86283],[-0.363256,0.914407,-0.178616]]],2],[1123,[-0.00317373,-0.984217,-0.176937],112,61.4337,[-16.328,99.165,68.4495],[-18.7618,95.8553,71.2283],[-49.5613,-66.0361,42.441],false,[14.889,94.6743,129.733],[-2.49152,148.077,109.398],[-21.1918,134.389,73.6495],[-21.2756,108.391,68.9759],[-17.4085,91.4558,72.9286],[[[0.865968,0.0948639,-0.49102],[0.406722,0.43771,0.801865],[0.290992,-0.894098,0.34046]],[[0.869195,0.0847742,-0.487149],[-0.227657,0.943174,-0.242065],[0.438945,0.321305,0.839101]],[[0.869195,0.0847742,-0.487149],[-0.49446,0.155339,-0.855207],[0.00317373,0.984217,0.176937]],[[0.869195,0.0847742,-0.487149],[-0.444279,-0.298591,-0.844665],[-0.217064,0.950608,-0.221871]]],3],[1124,[-0.145313,0.567075,-0.810746],112,48.1629,[13.0194,187.588,50.2104],[10.5451,186.269,51.6062],[-120.684,-71.1345,27.4446],false,[23.9194,94.0349,119.623],[15.694,145.275,100.55],[15.2672,169.499,77.1033],[12.5571,180.075,61.9832],[8.64732,187.246,47.7207],[[[0.814641,-0.082891,-0.574011],[0.560561,0.366414,0.742639],[0.148768,-0.926752,0.344961]],[[0.816534,-0.394006,-0.421938],[0.577159,0.57318,0.581681],[0.0126605,-0.718487,0.695425]],[[0.816534,-0.394006,-0.421938],[0.55871,0.723315,0.405782],[0.145313,-0.56