{"metadata":{"formatVersion":2,"generatedBy":"LeapJS Playback 0.2.1","frames":50,"frameRate":"1.0e+2","modified":"Fri Mar 20 2015 19:22:46 GMT-0300 (E. South America Standard Time)","title":"tchau"},"frames":[["id","timestamp",{"hands":[["id","type","direction","palmNormal","palmPosition","palmVelocity","stabilizedPalmPosition","pinchStrength","grabStrength","confidence","armBasis","armWidth","elbow","wrist"]]},{"pointables":[["id","direction","handId","length","stabilizedTipPosition","tipPosition","tipVelocity","tool","carpPosition","mcpPosition","pipPosition","dipPosition","btipPosition","bases","type"]]},{"interactionBox":["center","size"]}],[636296,601844118257,[[425,"right",[-0.337148,0.77542,-0.533905],[-0.245932,-0.619957,-0.745098],[22.1861,83.9405,22.3539],[6.66253,-55.4944,28.1933],[21.7674,84.7927,21.9479],0,0,0.702584,[[0.810916,0.203521,-0.54863],[0.0794804,0.890571,0.447846],[0.57974,-0.40677,0.706002]],58.2952,[189.355,-51.5588,223.28],[46.1516,48.919,48.8875]]],[[4250,[-0.675919,0.61496,-0.40615],425,47.6795,[-50.5515,92.9802,31.5931],[-50.3672,91.0174,30.811],[2.63028,-98.712,36.5543],false,[21.0756,37.2387,53.6221],[21.0756,37.2387,53.6221],[-16.1525,63.0266,47.7396],[-37.2364,82.209,35.0706],[-54.167,94.6489,30.9428],[[[0.519863,0.754065,0.401408],[-0.489806,-0.121864,0.863273],[0.69988,-0.645396,0.305993]],[[0.483547,0.785954,0.385305],[-0.318814,-0.251812,0.913755],[0.815194,-0.564684,0.12881]],[[0.483547,0.785954,0.385305],[-0.556162,-0.0640424,0.828603],[0.675919,-0.61496,0.40615]],[[0.483547,0.785954,0.385305],[-0.375384,-0.211454,0.902427],[0.79074,-0.581003,0.192787]]],0],[4251,[-0.529096,0.738094,-0.418659],425,53.801,[-42.1998,158.206,-4.94483],[-42.3217,156.559,-5.45169],[-43.4418,-81.0652,55.2074],false,[28.88,56.8046,58.7748],[-5.85409,100.155,20.7697],[-23.7292,133.914,11.5138],[-35.4289,150.236,2.25612],[-44.3682,159.531,-6.57598],[[[0.839254,0.248396,-0.483687],[0.171274,0.723505,0.668735],[0.516061,-0.644081,0.56466]],[[0.807344,0.285964,-0.516159],[0.37599,0.424861,0.823483],[0.454782,-0.858905,0.23549]],[[0.807344,0.285964,-0.516159],[0.261252,0.611099,0.747198],[0.529096,-0.738094,0.418659]],[[0.807344,0.285964,-0.516159],[0.145382,0.751365,0.643672],[0.571891,-0.594706,0.565037]]],1],[4252,[-0.232067,0.862761,-0.449208],425,61.3019,[-3.60614,178.618,-18.7936],[-4.37375,176.996,-19.3955],[-46.4356,-59.4133,43.2176],false,[38.2211,61.0466,54.1219],[12.9082,103.875,14.134],[6.16878,145.365,0.802845],[0.131442,167.81,-10.8835],[-5.00103,180.947,-20.715],[[[0.859682,0.0320908,-0.50982],[0.321982,0.740767,0.589569],[0.396578,-0.670995,0.626491]],[[0.881911,-0.00819375,-0.471345],[0.445954,0.338652,0.828517],[0.152833,-0.940876,0.302315]],[[0.881911,-0.00819375,-0.471345],[0.410339,0.505545,0.758977],[0.232067,-0.862761,0.449208]],[[0.881911,-0.00819375,-0.471345],[0.364842,0.645042,0.671425],[0.298536,-0.764103,0.571859]]],2],[4253,[-0.0721345,0.912141,-0.40348],425,58.9434,[28.9866,175.596,-21.3479],[28.144,174.228,-20.6773],[-9.55019,-21.5183,80.252],false,[47.8034,62.5193,48.4354],[33.0679,101.696,9.29286],[32.7335,140.809,-2.57874],[30.9053,163.926,-12.8044],[28.6643,178.529,-21.4017],[[[0.881937,-0.122936,-0.455054],[0.395058,0.719399,0.571309],[0.257131,-0.683631,0.683031]],[[0.884105,-0.12878,-0.449193],[0.467217,0.260447,0.844911],[0.008183,-0.956861,0.290431]],[[0.884105,-0.12878,-0.449193],[0.461688,0.38912,0.797138],[0.0721345,-0.912141,0.40348]],[[0.884105,-0.12878,-0.449193],[0.448521,0.503563,0.738413],[0.131104,-0.854307,0.502963]]],3],[4254,[0.121,0.909464,-0.397787],425,46.2105,[60.573,153.78,-21.7402],[58.3198,152.104,-20.2617],[-1.80214,-25.2046,46.5536],false,[56.7233,57.924,40.1376],[50.675,95.5807,3.2655],[56.8665,125.9,-6.16071],[59.0316,142.174,-13.2786],[59.8606,155.876,-21.0388],[[[0.82829,-0.318396,-0.461042],[0.548577,0.628278,0.551661],[0.114016,-0.709852,0.695061]],[[0.827525,-0.313739,-0.465586],[0.527796,0.152022,0.835656],[-0.191399,-0.937261,0.291392]],[[0.827525,-0.313739,-0.465586],[0.548235,0.272843,0.790566],[-0.121,-0.909464,0.397787]],[[0.827525,-0.313739,-0.465586],[0.558962,0.382755,0.735568],[-0.0525706,-0.868945,0.492108]]],4]],[[0,200,0],[235.247,235.247,147.751]]],[636297,601844129589,[[425,"right",[-0.340724,0.771506,-0.537295],[-0.247371,-0.624922,-0.74046],[23.5524,83.6942,21.967],[44.5342,-44.2705,7.46593],[22.3902,84.4094,21.9545],0,0,0.714878,[[0.81303,0.199646,-0.546922],[0.0813631,0.891193,0.446268],[0.576508,-0.407328,0.708323]],58.2952,[190.094,-51.7336,223.587],[47.6882,48.8821,48.6214]]],[[4250,[-0.677568,0.609433,-0.411696],425,47.6795,[-49.801,92.1871,31.5774],[-49.0051,90.6148,30.622],[40.9925,-81.006,14.6329],false,[22.6543,37.1786,53.5182],[22.6543,37.1786,53.5182],[-14.6999,62.7689,47.5722],[-35.8352,81.7789,34.7302],[-52.8488,94.1084,30.6121],[[[0.519758,0.757531,0.394966],[-0.486377,-0.117695,0.865786],[0.702346,-0.642101,0.307273]],[[0.481531,0.790722,0.378003],[-0.314769,-0.246494,0.916603],[0.817954,-0.560357,0.1302]],[[0.481531,0.790722,0.378003],[-0.555905,-0.0578783,0.829229],[0.677568,-0.609433,0.411696]],[[0.481531,0.790722,0.378003],[-0.369755,-0.207751,0.905605],[0.794613,-0.575846,0.192335]]],0],[4251,[-0.531632,0.736418,-0.418398],425,53.801,[-41.7057,157.593,-4.97384],[-41.2,156.12,-5.90092],[4.0224,-67.1593,23.3639],false,[30.4367,56.7912,58.5249],[-4.52722,99.8412,20.3889],[-22.5144,133.508,11.0162],[-34.2702,149.793,1.76428],[-43.2526,159.086,-7.02611],[[[0.836951,0.247224,-0.488255],[0.172217,0.727855,0.663753],[0.519474,-0.639615,0.566603]],[[0.804596,0.284804,-0.521069],[0.378415,0.430324,0.819526],[0.457632,-0.856568,0.238463]],[[0.804596,0.284804,-0.521069],[0.264563,0.613658,0.743929],[0.531632,-0.736418,0.418398]],[[0.804596,0.284804,-0.521069],[0.149646,0.751915,0.642051],[0.574658,-0.594568,0.562368]]],1],[4252,[-0.229843,0.865826,-0.44443],425,61.3019,[-3.0453,178.214,-18.7704],[-3.0476,176.803,-19.7556],[9.63591,-44.0399,20.2971],false,[39.7517,61.0244,53.8122],[14.2028,103.56,13.662],[7.44252,145.025,0.264827],[1.46306,167.55,-11.2972],[-3.60021,180.83,-20.9699],[[[0.857735,0.0308085,-0.513167],[0.322597,0.744954,0.583931],[0.400276,-0.666405,0.629034]],[[0.880419,-0.00963896,-0.474098],[0.448731,0.340164,0.826395],[0.153305,-0.940317,0.303812]],[[0.880419,-0.00963896,-0.474098],[0.41477,0.500253,0.760074],[0.229843,-0.865826,0.44443]],[[0.880419,-0.00963896,-0.474098],[0.371652,0.634971,0.677264],[0.294511,-0.772476,0.562623]]],2],[4253,[-0.0681371,0.913486,-0.401125],425,58.9434,[29.299,175.471,-21.0936],[29.6041,174.001,-21.1939],[37.4132,-21.6917,37.3796],false,[49.31,62.4828,48.0818],[34.3491,101.394,8.75975],[34.0305,140.451,-3.2936],[32.3036,163.602,-13.4596],[30.1849,178.301,-21.9226],[[[0.880515,-0.12384,-0.457556],[0.39565,0.723628,0.56553],[0.261065,-0.678989,0.686162]],[[0.883435,-0.131575,-0.449701],[0.46849,0.26401,0.843099],[0.00779508,-0.955503,0.294877]],[[0.883435,-0.131575,-0.449701],[0.463574,0.385009,0.79804],[0.0681371,-0.913486,0.401125]],[[0.883435,-0.131575,-0.449701],[0.451862,0.493138,0.743395],[0.123953,-0.859943,0.495109]]],3],[4254,[0.120732,0.907897,-0.401431],425,46.2105,[60.6201,153.571,-21.5035],[59.5737,151.73,-21.0649],[34.8805,-28.377,6.35517],false,[58.209,57.8562,39.7788],[51.9466,95.2785,2.70431],[58.0895,125.546,-6.91926],[60.2498,141.791,-14.1023],[61.094,155.479,-21.887],[[[0.827255,-0.319444,-0.462175],[0.549285,0.632708,0.545863],[0.118049,-0.705433,0.698877]],[[0.826643,-0.31585,-0.465726],[0.529719,0.157482,0.833425],[-0.189894,-0.935649,0.297493]],[[0.826643,-0.31585,-0.465726],[0.549623,0.275612,0.78864],[-0.120732,-0.907897,0.401431]],[[0.826643,-0.31585,-0.465726],[0.560175,0.383147,0.734441],[-0.0535316,-0.868008,0.493656]]],4]],[[0,200,0],[235.247,235.247,147.751]]],[636298,601844141051,[[425,"right",[-0.336774,0.769701,-0.54235],[-0.243552,-0.627603,-0.739457],[26.2281,83.3787,21.3364],[107.926,-38.6522,-13.4998],[23.798,84.0313,21.7278],0,0,0.731054,[[0.816766,0.197083,-0.542265],[0.0808544,0.89148,0.445787],[0.571275,-0.407948,0.712196]],58.2952,[191.284,-52.1194,224.193],[50.1712,48.6493,48.2712]]],[[4250,[-0.673909,0.607774,-0.420069],425,47.6795,[-48.1139,91.6043,31.0111],[-46.3821,90.3854,29.5422],[103.562,-62.1661,-23.8684],false,[25.0973,36.9887,53.0645],[25.0973,36.9887,53.0645],[-12.2242,62.5505,46.7991],[-33.2453,81.5087,33.6959],[-50.2366,93.819,29.431],[[[0.518121,0.758595,0.395075],[-0.491643,-0.113826,0.863326],[0.699884,-0.641543,0.313982]],[[0.479319,0.792339,0.377427],[-0.319965,-0.242687,0.91582],[0.817237,-0.559733,0.137196]],[[0.479319,0.792339,0.377427],[-0.562228,-0.0530043,0.825282],[0.673909,-0.607774,0.420069]],[[0.479319,0.792339,0.377427],[-0.374828,-0.20404,0.904363],[0.793572,-0.574949,0.199191]]],0],[4251,[-0.527112,0.738827,-0.419865],425,53.801,[-39.8901,157.166,-5.55042],[-38.2503,155.936,-6.9845],[89.3862,-49.7154,-15.946],false,[32.8685,56.6135,58.0403],[-1.82605,99.5457,19.5273],[-19.7148,133.211,9.96299],[-31.3707,149.549,0.678648],[-40.2721,158.933,-8.09782],[[[0.840084,0.244514,-0.484222],[0.168956,0.730304,0.661899],[0.515473,-0.637863,0.572205]],[[0.807782,0.282192,-0.517549],[0.374628,0.432116,0.820323],[0.455129,-0.85653,0.243338]],[[0.807782,0.282192,-0.517549],[0.263897,0.611966,0.745558],[0.527112,-0.738827,0.419865]],[[0.807782,0.282192,-0.517549],[0.152275,0.748282,0.645667],[0.569474,-0.600368,0.561478]]],1],[4252,[-0.225299,0.866011,-0.446391],425,61.3019,[-1.15218,177.808,-19.2737],[0.0420514,176.484,-20.7367],[95.8779,-39.4606,-15.7854],false,[42.2156,60.8194,53.3667],[16.9473,103.22,12.8977],[10.3008,144.645,-0.67914],[4.4395,167.175,-12.2922],[-0.520153,180.49,-21.9712],[[[0.860809,0.0279824,-0.508159],[0.319826,0.746947,0.582908],[0.395879,-0.664295,0.634029]],[[0.883075,-0.0120504,-0.469077],[0.444365,0.342589,0.827751],[0.150726,-0.939408,0.307886]],[[0.883075,-0.0120504,-0.469077],[0.411605,0.49988,0.762038],[0.225299,-0.866011,0.446391]],[[0.883075,-0.0120504,-0.469077],[0.370075,0.632483,0.680448],[0.288484,-0.77448,0.56299]]],2],[4253,[-0.0635308,0.912263,-0.404649],425,58.9434,[30.3641,175.227,-21.0516],[32.7322,173.565,-22.0759],[115.604,-28.3008,-2.7122],false,[51.8092,62.2462,47.6877],[37.1204,101.016,8.12428],[36.9382,140.018,-4.10868],[35.3281,163.138,-14.3639],[33.3069,177.823,-22.8745],[[[0.883108,-0.126467,-0.451804],[0.392966,0.72548,0.565028],[0.256318,-0.676524,0.690374]],[[0.886225,-0.134866,-0.443189],[0.463233,0.267197,0.844997],[0.00445741,-0.954158,0.299271]],[[0.886225,-0.134866,-0.443189],[0.458878,0.386766,0.799902],[0.0635308,-0.912263,0.404649]],[[0.886225,-0.134866,-0.443189],[0.44791,0.493646,0.745446],[0.118243,-0.859142,0.497889]]],3],[4254,[0.130055,0.908528,-0.397068],425,46.2105,[61.2781,153.267,-21.3137],[62.8689,151.331,-21.465],[118.91,-30.6165,-6.99228],false,[60.7531,57.5787,39.4562],[54.7478,94.8604,2.19803],[61.0155,125.079,-7.49873],[63.3426,141.336,-14.6037],[64.4169,155.094,-22.2347],[[[0.829688,-0.322038,-0.455971],[0.546629,0.63434,0.546635],[0.113203,-0.702784,0.702339]],[[0.829227,-0.319214,-0.458787],[0.524255,0.159674,0.836458],[-0.193752,-0.934134,0.299756]],[[0.829227,-0.319214,-0.458787],[0.54357,0.269592,0.794891],[-0.130055,-0.908528,0.397068]],[[0.829227,-0.319214,-0.458787],[0.554745,0.370018,0.745215],[-0.0681236,-0.872462,0.483911]]],4]],[[0,200,0],[235.247,235.247,147.751]]],[636299,601844152503,[[425,"right",[-0.328288,0.763919,-0.555567],[-0.245382,-0.636943,-0.730815],[29.287,83.7691,20.5241],[161.304,-14.2587,-32.7592],[25.9065,83.9306,21.2654],0,0,0.73317,[[0.820401,0.184654,-0.541152],[0.0910126,0.892182,0.442412],[0.564499,-0.412207,0.715141]],58.2952,[192.275,-52.5515,224.743],[52.8362,49.2692,48.0935]]],[[4250,[-0.666511,0.605949,-0.434269],425,47.6795,[-45.7275,91.8116,30.0696],[-43.3012,91.4627,28.2974],[158.924,-10.8992,-54.4861],false,[27.6497,37.8825,52.9544],[27.6497,37.8825,52.9544],[-9.4646,63.6044,46.1377],[-30.255,82.5057,32.5916],[-47.1341,94.8704,28.0479],[[[0.522463,0.760449,0.38568],[-0.496234,-0.0966504,0.862792],[0.693386,-0.642165,0.326865]],[[0.483382,0.794746,0.367044],[-0.325363,-0.226144,0.918149],[0.8127,-0.563239,0.149267]],[[0.483382,0.794746,0.367044],[-0.567543,-0.0347216,0.822611],[0.666511,-0.605949,0.434269]],[[0.483382,0.794746,0.367044],[-0.380618,-0.186775,0.905674],[0.788335,-0.57749,0.212211]]],0],[4251,[-0.517062,0.741767,-0.427117],425,53.801,[-36.9446,157.362,-6.82915],[-34.4039,156.656,-8.88345],[173.216,-10.7838,-65.6901],false,[35.556,57.5193,57.663],[1.37084,100.128,18.3436],[-16.1639,133.834,8.2775],[-27.5975,150.236,-1.1672],[-36.3517,159.715,-9.9899],[[[0.844079,0.230384,-0.484204],[0.171942,0.739028,0.651364],[0.507904,-0.633057,0.584185]],[[0.812238,0.267782,-0.51823],[0.375826,0.439211,0.815995],[0.446121,-0.857547,0.256104]],[[0.812238,0.267782,-0.51823],[0.270031,0.614878,0.740951],[0.517062,-0.741767,0.427117]],[[0.812238,0.267782,-0.51823],[0.163122,0.748692,0.642535],[0.560054,-0.606426,0.564435]]],1],[4252,[-0.210749,0.867201,-0.451162],425,61.3019,[2.12979,177.789,-20.5012],[4.32434,176.783,-22.6031],[190.601,-16.138,-63.5585],false,[44.9563,61.5788,52.9667],[20.2012,103.552,11.7413],[14.0296,144.867,-2.38185],[8.54689,167.428,-14.119],[3.88013,180.862,-23.7792],[[[0.863176,0.0133534,-0.504726],[0.323277,0.753259,0.572793],[0.387838,-0.657588,0.645879]],[[0.88513,-0.0265935,-0.464584],[0.443799,0.348506,0.825582],[0.139955,-0.936929,0.320275]],[[0.88513,-0.0265935,-0.464584],[0.414885,0.497247,0.761981],[0.210749,-0.867201,0.451162]],[[0.88513,-0.0265935,-0.464584],[0.37797,0.623458,0.684426],[0.271447,-0.781405,0.561893]]],2],[4253,[-0.0521931,0.907312,-0.417206],425,58.9434,[32.4818,174.93,-21.5926],[36.8687,173.315,-24.0934],[197.892,-26.8795,-62.161],false,[54.5853,62.8421,47.3088],[40.3763,101.114,7.09128],[40.6303,139.936,-5.70093],[39.3075,162.931,-16.2744],[37.4873,177.527,-24.9809],[[[0.883999,-0.140384,-0.445912],[0.39632,0.730942,0.555567],[0.247943,-0.667844,0.701789]],[[0.887322,-0.149546,-0.436228],[0.461108,0.27498,0.843662],[-0.00621233,-0.949748,0.312953]],[[0.887322,-0.149546,-0.436228],[0.458186,0.392965,0.797273],[0.0521931,-0.907312,0.417206]],[[0.887322,-0.149546,-0.436228],[0.448687,0.498409,0.741801],[0.106486,-0.853947,0.509348]]],3],[4254,[0.143683,0.902698,-0.405575],425,46.2105,[62.8396,152.852,-21.4637],[66.901,150.852,-22.9447],[196.385,-34.8423,-48.4721],false,[63.5268,57.978,39.1894],[57.9793,94.7292,1.33792],[64.5732,124.736,-8.79005],[67.1442,140.888,-16.0473],[68.4861,154.584,-23.7472],[[[0.829038,-0.335566,-0.447316],[0.549327,0.638316,0.539252],[0.104574,-0.692783,0.713524]],[[0.828759,-0.333735,-0.449198],[0.521161,0.167908,0.836779],[-0.203838,-0.927592,0.313085]],[[0.828759,-0.333735,-0.449198],[0.540845,0.271582,0.796071],[-0.143683,-0.902698,0.405575]],[[0.828759,-0.333735,-0.449198],[0.553098,0.366448,0.748196],[-0.0850916,-0.868525,0.488286]]],4]],[[0,200,0],[235.247,235.247,147.751]]],[636300,601844163780,[[425,"right",[-0.316082,0.75934,-0.568767],[-0.248076,-0.644795,-0.722978],[32.8939,85.3718,18.5774],[213.807,37.5297,-79.076],[28.6903,84.5048,20.1945],0,0,0.747252,[[0.826429,0.169242,-0.537003],[0.103366,0.89194,0.440181],[0.553471,-0.419286,0.719631]],58.2952,[192.591,-52.5529,224.557],[55.8757,51.0164,46.7984]]],[[4250,[-0.656825,0.606274,-0.448345],425,47.6795,[-42.7765,93.1139,28.3602],[-39.6718,93.9765,25.7957],[212.404,65.3094,-111.338],false,[30.5311,39.9882,51.6641],[30.5311,39.9882,51.6641],[-6.27502,65.9857,44.2482],[-26.7633,84.8971,30.263],[-43.4845,97.3667,25.4313],[[[0.528693,0.760073,0.377853],[-0.50267,-0.0783395,0.860921],[0.683964,-0.645099,0.340649]],[[0.48945,0.795099,0.358128],[-0.332988,-0.209152,0.919442],[0.805952,-0.569273,0.162389]],[[0.48945,0.795099,0.358128],[-0.573602,-0.0157846,0.818982],[0.656825,-0.606274,0.448345]],[[0.48945,0.795099,0.358128],[-0.387996,-0.169231,0.905991],[0.780959,-0.58239,0.225666]]],0],[4251,[-0.504693,0.744297,-0.437387],425,53.801,[-33.0793,158.544,-9.14108],[-29.7348,158.707,-12.1014],[253.478,53.1816,-138.803],false,[38.6314,59.6013,56.1355],[5.18033,102.012,15.9795],[-11.8918,135.785,5.35833],[-23.0519,152.243,-4.31345],[-31.6232,161.787,-13.2455],[[[0.849653,0.213676,-0.482112],[0.176302,0.746526,0.641574],[0.496998,-0.630113,0.596616]],[[0.818328,0.251069,-0.517013],[0.3764,0.445699,0.812204],[0.434352,-0.859253,0.270226]],[[0.818328,0.251069,-0.517013],[0.274997,0.618859,0.735792],[0.504693,-0.744297,0.437387]],[[0.818328,0.251069,-0.517013],[0.172197,0.751122,0.63731],[0.548349,-0.610557,0.571431]]],1],[4252,[-0.184233,0.875592,-0.446538],425,61.3019,[7.11753,178.954,-22.4876],[9.97755,178.698,-25.1297],[298.681,49.09,-112.7],false,[48.1065,63.4847,51.4406],[24.0893,105.125,9.44841],[18.7453,146.41,-5.09358],[13.9524,169.189,-16.7105],[9.83665,182.984,-26.1092],[[[0.8664,-0.00383478,-0.499336],[0.328276,0.757888,0.563774],[0.376278,-0.652374,0.657893]],[[0.888732,-0.0456316,-0.456151],[0.442119,0.34836,0.826544],[0.121188,-0.936249,0.329774]],[[0.888732,-0.0456316,-0.456151],[0.419779,0.480891,0.76976],[0.184233,-0.875592,0.446538]],[[0.888732,-0.0456316,-0.456151],[0.390956,0.595058,0.702182],[0.239394,-0.802387,0.546686]]],2],[4253,[-0.0385784,0.901804,-0.430421],425,58.9434,[35.7378,174.961,-23.0356],[41.828,174.19,-27.2628],[277.573,7.19402,-135.826],false,[57.7844,64.5557,45.8266],[44.2639,102.391,4.96368],[45.0447,141.007,-8.4175],[44.067,163.862,-19.3259],[42.4877,178.363,-28.2375],[[[0.885101,-0.156917,-0.438148],[0.401165,0.734494,0.547343],[0.23593,-0.660223,0.713051]],[[0.888359,-0.16627,-0.427986],[0.458751,0.282639,0.842415],[-0.0191022,-0.944706,0.327362]],[[0.888359,-0.16627,-0.427986],[0.457525,0.398879,0.794711],[0.0385784,-0.901804,0.430421]],[[0.888359,-0.16627,-0.427986],[0.449756,0.502689,0.738257],[0.0923943,-0.848327,0.521349]]],3],[4254,[0.160331,0.896644,-0.412703],425,46.2105,[65.5702,152.636,-22.2537],[71.7707,151.478,-25.3838],[273.339,-5.33292,-103.804],false,[66.7202,59.4719,37.8365],[61.8283,95.7234,-0.582989],[68.8815,125.513,-11.037],[71.7504,141.557,-18.4218],[73.3896,155.179,-26.1948],[[[0.827926,-0.351464,-0.437049],[0.553205,0.639913,0.533363],[0.0922149,-0.683363,0.724232]],[[0.827715,-0.349921,-0.438683],[0.517058,0.171841,0.838524],[-0.218033,-0.920883,0.323164]],[[0.827715,-0.349921,-0.438683],[0.537756,0.271267,0.798269],[-0.160331,-0.896644,0.412703]],[[0.827715,-0.349921,-0.438683],[0.551436,0.362398,0.751389],[-0.103949,-0.863842,0.492921]]],4]],[[0,200,0],[235.247,235.247,147.751]]],[636301,601844175070,[[425,"right",[-0.290485,0.760399,-0.580872],[-0.256466,-0.646708,-0.718328],[36.3763,86.0727,17.1387],[245.18,45.6684,-95.1066],[31.9695,85.1737,18.8908],0,0,0.606314,[[0.829037,0.147542,-0.539379],[0.120853,0.894495,0.430434],[0.545979,-0.422031,0.723738]],58.2952,[193.034,-52.7683,224.777],[58.1696,51.4791,46.0042]]],[[4250,[-0.636403,0.616945,-0.463001],425,47.6795,[-39.4057,95.0889,26.2897],[-36.0473,96.5787,23.4915],[248.038,119.115,-142.794],false,[32.5016,41.152,50.711],[32.5016,41.152,50.711],[-3.5742,67.956,42.6094],[-23.4254,87.2003,28.1671],[-39.791,100.016,23.0334],[[[0.543665,0.75083,0.375077],[-0.513855,-0.0555777,0.856075],[0.663613,-0.658153,0.355602]],[[0.505139,0.786961,0.354298],[-0.347558,-0.190268,0.918151],[0.789961,-0.586933,0.177403]],[[0.505139,0.786961,0.354298],[-0.582946,0.00840376,0.812467],[0.636403,-0.616945,0.463001]],[[0.505139,0.786961,0.354298],[-0.400758,-0.149692,0.903873],[0.764348,-0.598569,0.239766]]],0],[4251,[-0.479018,0.756131,-0.445879],425,53.801,[-27.7538,160.387,-11.8709],[-23.9642,160.836,-14.7976],[339.863,98.6224,-171.535],false,[41.048,60.6051,55.0494],[9.12407,103.376,14.0415],[-6.94268,137.482,2.92922],[-17.535,154.202,-6.93035],[-25.7334,163.991,-15.9469],[[[0.86001,0.186514,-0.474969],[0.188189,0.749263,0.634973],[0.474308,-0.635467,0.609273]],[[0.82985,0.224487,-0.510837],[0.379807,0.443432,0.811859],[0.408773,-0.867741,0.282721]],[[0.82985,0.224487,-0.510837],[0.286166,0.614713,0.735008],[0.479018,-0.756131,0.445879]],[[0.82985,0.224487,-0.510837],[0.190412,0.746616,0.637422],[0.524492,-0.626235,0.576834]]],1],[4252,[-0.151153,0.880583,-0.44914],425,61.3019,[13.8103,180.219,-24.7953],[16.7042,179.842,-27.2898],[398.013,65.4666,-137.977],false,[50.6692,64.1929,50.417],[28.1761,105.934,7.68751],[24.1854,147.26,-7.1696],[20.2531,170.169,-18.8542],[16.7277,184.135,-28.2394],[[[0.871417,-0.0315364,-0.489528],[0.341242,0.755875,0.558755],[0.352401,-0.653956,0.669444]],[[0.892421,-0.0738475,-0.445118],[0.442034,0.340956,0.829671],[0.0904967,-0.937174,0.33692]],[[0.892421,-0.0738475,-0.445118],[0.425132,0.468103,0.774689],[0.151153,-0.880583,0.44914]],[[0.892421,-0.0738475,-0.445118],[0.401914,0.578447,0.709834],[0.205058,-0.812371,0.545899]]],2],[4253,[-0.0069911,0.897336,-0.441293],425,58.9434,[40.9886,174.934,-25.192],[48.3062,174.138,-29.5859],[376.643,0.841474,-162.495],false,[60.4318,64.9537,44.8999],[48.3224,102.64,3.46031],[50.3197,141.016,-10.4704],[50.1425,163.758,-21.6544],[49.1249,178.218,-30.7132],[[[0.885557,-0.184318,-0.426398],[0.413689,0.730458,0.543408],[0.211306,-0.657615,0.723113]],[[0.889257,-0.196258,-0.413164],[0.454791,0.282877,0.84448],[-0.0488617,-0.938863,0.340807]],[[0.889257,-0.196258,-0.413164],[0.457355,0.395312,0.79659],[0.0069911,-0.897336,0.441293]],[[0.889257,-0.196258,-0.413164],[0.453517,0.495866,0.740567],[0.0595315,-0.845931,0.529959]]],3],[4254,[0.190302,0.887074,-0.420578],425,46.2105,[70.0974,152.137,-23.5876],[77.562,150.672,-27.0752],[352.435,-29.0152,-120.555],false,[69.3223,59.553,37.0687],[65.7714,95.4661,-1.81314],[73.7482,124.919,-12.5533],[77.1534,140.792,-20.079],[79.2821,154.282,-27.9628],[[[0.823454,-0.377334,-0.423726],[0.563421,0.63191,0.532209],[0.0669363,-0.676985,0.732947]],[[0.823468,-0.377478,-0.423569],[0.510975,0.168953,0.842828],[-0.246586,-0.910475,0.332009]],[[0.823468,-0.377478,-0.423569],[0.534496,0.265727,0.802312],[-0.190302,-0.887074,0.420578]],[[0.823468,-0.377478,-0.423569],[0.55107,0.354512,0.755409],[-0.13499,-0.855471,0.499946]]],4]],[[0,200,0],[235.247,235.247,147.751]]],[636302,601844186492,[[425,"right",[-0.268496,0.757227,-0.595413],[-0.246317,-0.65153,-0.717521],[41.386,86.8122,16.0509],[309.901,52.0495,-95.15],[36.6296,85.9846,17.4853],0,0,0.617971,[[0.836434,0.140766,-0.529681],[0.123998,0.892789,0.433073],[0.533856,-0.427917,0.729305]],58.2952,[193.988,-53.4025,225.929],[62.1183,52.2988,45.781]]],[[4250,[-0.618914,0.61813,-0.484624],425,47.6795,[-34.9482,96.9627,23.6283],[-31.0866,98.1264,20.6292],[309.357,123.533,-179.472],false,[36.237,42.2912,49.9826],[36.237,42.2912,49.9826],[0.624647,69.355,40.7703],[-18.6811,88.6363,25.6535],[-34.8105,101.55,20.0401],[[[0.542655,0.749013,0.380139],[-0.534528,-0.0411592,0.844148],[0.647924,-0.661276,0.378033]],[[0.504567,0.785737,0.357811],[-0.370549,-0.177243,0.911745],[0.779811,-0.592623,0.201723]],[[0.504567,0.785737,0.357811],[-0.601961,0.0230705,0.798192],[0.618914,-0.61813,0.484624]],[[0.504567,0.785737,0.357811],[-0.421807,-0.137264,0.896235],[0.75332,-0.603138,0.262171]]],0],[4251,[-0.457552,0.762526,-0.457384],425,53.801,[-21.2064,162.066,-14.8923],[-17.2774,162.167,-17.7237],[422.607,105.717,-198.952],false,[44.8863,61.6984,54.3223],[14.4016,104.366,12.1288],[-0.993174,138.572,0.387318],[-11.1109,155.433,-9.72666],[-18.9428,165.401,-18.8715],[[[0.872955,0.172479,-0.456291],[0.181134,0.753909,0.631515],[0.452925,-0.633934,0.626887]],[[0.843972,0.210493,-0.49336],[0.36647,0.445357,0.816919],[0.391677,-0.870259,0.29873]],[[0.843972,0.210493,-0.49336],[0.279924,0.611757,0.739862],[0.457552,-0.762526,0.457384]],[[0.843972,0.210493,-0.49336],[0.191472,0.74096,0.643675],[0.501048,-0.637708,0.585046]]],1],[4252,[-0.129705,0.878818,-0.45919],425,61.3019,[21.0789,181.06,-27.261],[23.87,180.431,-29.6462],[473.27,59.7044,-161.906],false,[54.6523,65.1363,49.8831],[33.6249,106.657,6.20343],[30.4203,147.855,-9.19098],[27.046,170.718,-21.137],[23.9389,184.687,-30.665],[[[0.882365,-0.0458213,-0.468329],[0.336009,0.758114,0.558892],[0.329438,-0.65051,0.68433]],[[0.901868,-0.0879012,-0.422974],[0.425855,0.345584,0.836193],[0.0726707,-0.934262,0.349104]],[[0.901868,-0.0879012,-0.422974],[0.412081,0.468991,0.781177],[0.129705,-0.878818,0.45919]],[[0.901868,-0.0879012,-0.422974],[0.392392,0.576263,0.716903],[0.180728,-0.812524,0.554205]]],2],[4253,[0.0200443,0.893979,-0.44766],425,58.9434,[48.7661,174.995,-27.6537],[55.7642,174.355,-31.1211],[470.651,5.42097,-154.672],false,[64.5503,65.7365,44.592],[53.8292,103.108,2.49039],[56.7344,141.274,-11.8544],[57.2424,163.93,-23.1997],[56.7586,178.382,-32.3152],[[[0.89337,-0.198068,-0.40331],[0.408522,0.73178,0.545534],[0.187081,-0.652125,0.734666]],[[0.897527,-0.213365,-0.385903],[0.435195,0.287547,0.853184],[-0.0710742,-0.933698,0.350936]],[[0.897527,-0.213365,-0.385903],[0.440504,0.394052,0.806647],[-0.0200443,-0.893979,0.44766]],[[0.897527,-0.213365,-0.385903],[0.440051,0.489553,0.75279],[0.0283009,-0.845467,0.533278]]],3],[4254,[0.21652,0.880587,-0.421528],425,46.2105,[77.5542,151.598,-25.0803],[84.6378,150.538,-27.6571],[442.169,-24.6931,-97.7232],false,[73.5651,60.1607,37.0304],[71.3201,95.6968,-2.2927],[79.9985,124.908,-13.1471],[83.8728,140.665,-20.6898],[86.4809,154.081,-28.5565],[[[0.829156,-0.390384,-0.400126],[0.557413,0.631557,0.538912],[0.04232,-0.669878,0.741264]],[[0.829355,-0.393699,-0.396447],[0.490101,0.171927,0.854542],[-0.268273,-0.903018,0.335541]],[[0.829355,-0.393699,-0.396447],[0.515062,0.263758,0.815563],[-0.21652,-0.880587,0.421528]],[[0.829355,-0.393699,-0.396447],[0.53368,0.348163,0.770693],[-0.165393,-0.850755,0.498861]]],4]],[[0,200,0],[235.247,235.247,147.751]]],[636303,601844196578,[[425,"right",[-0.247652,0.755424,-0.606632],[-0.237019,-0.654351,-0.718086],[45.9004,87.1389,14.7823],[351.505,46.1098,-104.402],[41.4819,86.5887,16.0706],0,0,0.63939,[[0.843342,0.134746,-0.520209],[0.125346,0.892024,0.434261],[0.522554,-0.431437,0.735391]],58.2952,[194.701,-53.9283,226.863],[65.6231,52.6424,45.2109]]],[[4250,[-0.602952,0.620476,-0.501457],425,47.6795,[-30.5829,98.3661,20.9503],[-26.6098,99.2059,17.8327],[348.441,117.426,-208.457],false,[39.5558,42.924,48.9112],[39.5558,42.924,48.9112],[4.39098,70.2475,38.791],[-14.4168,89.6019,23.1491],[-30.3377,102.615,17.1808],[[[0.541687,0.746379,0.386643],[-0.553383,-0.0295853,0.832401],[0.632726,-0.664863,0.397008]],[[0.504284,0.783491,0.363097],[-0.39087,-0.167836,0.905015],[0.770011,-0.598309,0.221606]],[[0.504284,0.783491,0.363097],[-0.61818,0.033947,0.785303],[0.602952,-0.620476,0.501457]],[[0.504284,0.783491,0.363097],[-0.439077,-0.129423,0.889079],[0.743578,-0.607776,0.278747]]],0],[4251,[-0.437464,0.7682,-0.467434],425,53.801,[-15.295,163.197,-17.6096],[-11.1521,163.064,-20.5482],[478.911,101.045,-223.197],false,[48.303,62.276,53.3013],[19.1877,104.931,10.1387],[4.44147,139.244,-2.11053],[-5.23202,156.23,-12.4467],[-12.7222,166.345,-21.7161],[[[0.884492,0.160406,-0.438114],[0.174784,0.756732,0.629926],[0.432578,-0.63374,0.641287]],[[0.856813,0.198309,-0.475967],[0.353714,0.445595,0.822394],[0.375177,-0.872994,0.311647]],[[0.856813,0.198309,-0.475967],[0.272941,0.608722,0.744957],[0.437464,-0.7682,0.467434]],[[0.856813,0.198309,-0.475967],[0.19039,0.736178,0.649456],[0.47919,-0.647082,0.593011]]],1],[4252,[-0.109483,0.878011,-0.46595],425,61.3019,[27.5673,181.475,-29.4602],[30.4165,180.685,-31.8368],[525.328,48.581,-179.071],false,[58.1987,65.5836,49.0545],[38.559,106.987,4.62329],[36.1034,148.092,-11.151],[33.2551,170.934,-23.2729],[30.5403,184.922,-32.8919],[[[0.89196,-0.0580601,-0.44837],[0.331256,0.758859,0.560716],[0.307695,-0.648662,0.696105]],[[0.910038,-0.100008,-0.402279],[0.410766,0.347939,0.842739],[0.055688,-0.932168,0.357718]],[[0.910038,-0.100008,-0.402279],[0.399804,0.468076,0.788075],[0.109483,-0.878011,0.46595]],[[0.910038,-0.100008,-0.402279],[0.383268,0.572692,0.724659],[0.15791,-0.813648,0.559501]]],2],[4253,[0.0485448,0.89322,-0.446992],425,58.9434,[56.2223,175.01,-29.5248],[62.7448,174.349,-32.3694],[540.155,2.78432,-145.149],false,[68.2163,66.0461,43.9793],[58.8033,103.209,1.38334],[62.6356,141.207,-13.1881],[63.8659,163.844,-24.5165],[63.9583,178.365,-33.535],[[[0.899992,-0.209923,-0.38203],[0.403776,0.731707,0.549153],[0.164255,-0.648488,0.743292]],[[0.904488,-0.229162,-0.359702],[0.416066,0.28871,0.862285],[-0.0937534,-0.929586,0.356482]],[[0.904488,-0.229162,-0.359702],[0.423726,0.386838,0.819032],[-0.0485448,-0.89322,0.446992]],[[0.904488,-0.229162,-0.359702],[0.426464,0.475267,0.769578],[-0.00540365,-0.849474,0.527603]]],3],[4254,[0.237216,0.875392,-0.42121],425,46.2105,[85.4355,151.034,-26.3526],[90.8954,150.13,-28.3286],[494.944,-30.3546,-88.62],false,[77.3388,60.3251,36.6591],[76.3197,95.5893,-2.95856],[85.5613,124.612,-13.8534],[89.806,140.276,-21.3904],[92.7884,153.629,-29.2326],[[[0.833784,-0.401562,-0.378884],[0.551757,0.629963,0.546545],[0.0192114,-0.664752,0.746817]],[[0.833892,-0.405915,-0.373975],[0.472237,0.174009,0.864126],[-0.285687,-0.897192,0.336793]],[[0.833892,-0.405915,-0.373975],[0.49835,0.262531,0.826271],[-0.237216,-0.875392,0.42121]],[[0.833892,-0.405915,-0.373975],[0.518512,0.343968,0.782836],[-0.18913,-0.846711,0.497304]]],4]],[[0,200,0],[235.247,235.247,147.751]]],[636304,601844206699,[[425,"right",[-0.22969,0.749691,-0.620649],[-0.241276,-0.661654,-0.70993],[50.8879,87.7596,13.1201],[394.316,50.7238,-122.535],[47.2355,87.305,14.2658],0,0,0.578374,[[0.849977,0.115099,-0.514093],[0.139107,0.892173,0.42974],[0.508123,-0.436783,0.742315]],58.2952,[195.278,-54.4606,227.628],[69.7643,53.4307,44.2663]]],[[4250,[-0.590779,0.621969,-0.51394],425,47.6795,[-25.379,100.154,18.2171],[-21.5652,101.046,15.533],[391.938,135.651,-213.271],false,[43.5081,44.1989,47.8762],[43.5081,44.1989,47.8762],[8.83503,71.8928,37.088],[-9.59308,91.2938,21.0568],[-25.3118,104.444,14.8569],[[[0.550397,0.743449,0.37993],[-0.561284,-0.00739386,0.82759],[0.61808,-0.668752,0.413217]],[[0.513423,0.781176,0.355191],[-0.399932,-0.148391,0.904453],[0.759244,-0.606419,0.23623]],[[0.513423,0.781176,0.355191],[-0.622395,0.0540295,0.780836],[0.590779,-0.621969,0.51394]],[[0.513423,0.781176,0.355191],[-0.444344,-0.112091,0.888816],[0.734135,-0.614166,0.289561]]],0],[4251,[-0.417684,0.77424,-0.475491],425,53.801,[-8.81123,164.47,-20.516],[-4.46882,164.367,-23.5384],[534.992,110.604,-244.283],false,[52.5329,63.4724,52.044],[24.5149,105.91,7.95086],[10.4914,140.323,-4.85353],[1.2553,157.443,-15.3679],[-5.93245,167.726,-24.692],[[[0.890932,0.139002,-0.432341],[0.181534,0.763633,0.619605],[0.416276,-0.630511,0.655111]],[[0.864151,0.176846,-0.471136],[0.354888,0.449612,0.819697],[0.356788,-0.875543,0.325772]],[[0.864151,0.176846,-0.471136],[0.280684,0.607682,0.742926],[0.417684,-0.77424,0.475491]],[[0.864151,0.176846,-0.471136],[0.20443,0.732122,0.649773],[0.459839,-0.657816,0.596511]]],1],[4252,[-0.0884237,0.874468,-0.476957],425,61.3019,[34.5835,181.789,-32.2873],[37.5096,180.952,-34.8972],[578.531,41.2921,-217.283],false,[62.5197,66.5504,47.8379],[43.9664,107.562,2.58402],[42.3519,148.449,-13.8523],[40.0515,171.199,-26.2606],[37.7231,185.166,-36.0108],[[[0.894893,-0.0796915,-0.439109],[0.338638,0.762111,0.551825],[0.290674,-0.642523,0.708994]],[[0.911973,-0.121505,-0.391843],[0.408612,0.354269,0.841148],[0.0366145,-0.927216,0.372733]],[[0.911973,-0.121505,-0.391843],[0.400607,0.46962,0.786747],[0.0884237,-0.874468,0.476957]],[[0.911973,-0.121505,-0.391843],[0.387249,0.570277,0.724446],[0.135435,-0.812416,0.56713]]],2],[4253,[0.0670028,0.885315,-0.460139],425,58.9434,[63.8834,174.798,-32.0468],[69.6041,173.95,-35.2021],[580.738,-10.5165,-186.483],false,[72.589,66.7692,42.8493],[64.1742,103.403,-0.408388],[68.7449,141.099,-15.5398],[70.443,163.536,-27.2013],[70.854,177.916,-36.4339],[[[0.899823,-0.230598,-0.370329],[0.410802,0.733599,0.541363],[0.146836,-0.639262,0.75484]],[[0.903746,-0.249271,-0.348003],[0.413206,0.295635,0.861314],[-0.111819,-0.922206,0.370179]],[[0.903746,-0.249271,-0.348003],[0.422792,0.392532,0.816802],[-0.0670028,-0.885315,0.460139]],[[0.903746,-0.249271,-0.348003],[0.427393,0.479771,0.76626],[-0.0240445,-0.841239,0.540128]]],3],[4254,[0.257037,0.864388,-0.432163],425,46.2105,[93.0941,150.269,-28.2762],[97.403,149.323,-30.5177],[539.161,-46.2328,-128.453],false,[81.6817,60.785,35.7045],[81.6011,95.431,-4.46778],[91.4362,124.101,-15.7701],[96.0355,139.568,-23.5031],[99.3514,152.752,-31.4942],[[[0.830441,-0.421057,-0.3648],[0.557105,0.629424,0.54172],[0.0015187,-0.653098,0.757272]],[[0.830426,-0.426282,-0.358714],[0.466859,0.181081,0.865594],[-0.304031,-0.886281,0.349388]],[[0.830426,-0.426282,-0.358714],[0.494291,0.266676,0.827381],[-0.257037,-0.864388,0.432163]],[[0.830426,-0.426282,-0.358714],[0.515924,0.345393,0.783917],[-0.210273,-0.836055,0.506752]]],4]],[[0,200,0],[235.247,235.247,147.751]]],[636305,601844216512,[[425,"right",[-0.193641,0.748125,-0.634674],[-0.245111,-0.663295,-0.707078],[53.8424,87.9111,12.0769],[366.78,40.3023,-117.742],[51.6166,87.7069,12.8143],0,0,0.536584,[[0.849561,0.0960508,-0.518672],[0.155485,0.893996,0.420234],[0.504054,-0.43766,0.744569]],58.2952,[195.51,-54.6649,227.97],[71.0023,53.4431,44.0515]]],[[4250,[-0.56363,0.632164,-0.531686],425,47.6795,[-21.5386,102.138,15.6772],[-18.3701,103.336,12.943],[370.096,163.269,-227.479],false,[44.4108,45.0336,47.1846],[44.4108,45.0336,47.1846],[10.7673,73.5569,35.3486],[-6.81397,93.2759,18.7637],[-22.0895,106.772,12.2108],[[[0.56371,0.73175,0.383111],[-0.579334,0.0196745,0.814853],[0.588731,-0.68129,0.435018]],[[0.527933,0.770732,0.356734],[-0.422565,-0.125978,0.897535],[0.736699,-0.624581,0.259177]],[[0.527933,0.770732,0.356734],[-0.635302,0.0796287,0.768148],[0.56363,-0.632164,0.531686]],[[0.527933,0.770732,0.356734],[-0.460751,-0.0929321,0.882651],[0.713439,-0.630346,0.306053]]],0],[4251,[-0.379854,0.788443,-0.483806],425,53.801,[-2.46293,166.011,-23.269],[1.77515,166.052,-26.2522],[566.509,130.218,-252.337],false,[53.9093,64.0853,51.3194],[28.1394,106.761,6.09929],[15.4955,141.484,-7.29053],[7.09588,158.919,-17.9888],[0.501077,169.541,-27.3699],[[[0.903961,0.10723,-0.413951],[0.190422,0.765823,0.61421],[0.382875,-0.634048,0.671855]],[[0.879258,0.145226,-0.453668],[0.351314,0.445473,0.823488],[0.321689,-0.883438,0.340666]],[[0.879258,0.145226,-0.453668],[0.28743,0.597718,0.74841],[0.379854,-0.788443,0.483806]],[[0.879258,0.145226,-0.453668],[0.221136,0.7191,0.658782],[0.421905,-0.679562,0.60016]]],1],[4252,[-0.0512636,0.871449,-0.487799],425,61.3019,[41.4659,181.848,-34.8225],[44.3446,180.91,-37.2583],[612.766,26.8485,-224.832],false,[64.0731,66.8146,47.3008],[47.7447,107.772,1.14938],[47.6947,148.47,-15.8254],[46.3611,171.142,-28.5158],[44.6886,185.086,-38.432],[[[0.901582,-0.111554,-0.417978],[0.348866,0.75882,0.549986],[0.255817,-0.641676,0.723056]],[[0.916347,-0.153166,-0.36993],[0.400383,0.353162,0.845559],[0.00113432,-0.922939,0.384944]],[[0.916347,-0.153166,-0.36993],[0.39709,0.465957,0.790698],[0.0512636,-0.871449,0.487799]],[[0.916347,-0.153166,-0.36993],[0.388388,0.564524,0.728332],[0.0972787,-0.811081,0.576788]]],2],[4253,[0.103436,0.877328,-0.468611],425,58.9434,[71.2598,174.109,-34.175],[76.1915,172.916,-36.8186],[606.57,-39.4865,-179.922],false,[74.2518,66.6736,42.5365],[67.8812,102.984,-1.33951],[73.8877,140.331,-16.8291],[76.5091,162.566,-28.7054],[77.5578,176.822,-38.0781],[[[0.90052,-0.261649,-0.347281],[0.420365,0.728069,0.541487],[0.111165,-0.633605,0.765629]],[[0.903377,-0.280004,-0.32482],[0.402887,0.294599,0.866541],[-0.146944,-0.913679,0.378944]],[[0.903377,-0.280004,-0.32482],[0.416187,0.389734,0.82152],[-0.103436,-0.877328,0.468611]],[[0.903377,-0.280004,-0.32482],[0.424437,0.475414,0.770607],[-0.0613496,-0.834014,0.548322]]],3],[4254,[0.292819,0.850462,-0.437002],425,46.2105,[99.9347,148.805,-29.5746],[103.178,147.515,-31.2444],[552.667,-88.4278,-113.156],false,[83.3181,60.3341,35.6699],[85.1491,94.4514,-4.91104],[96.083,122.654,-16.3801],[101.323,137.871,-24.1997],[105.226,150.849,-32.2631],[[[0.825415,-0.449901,-0.340997],[0.56347,0.619653,0.54638],[-0.034517,-0.643132,0.764977]],[[0.825068,-0.455719,-0.33404],[0.452792,0.179617,0.873337],[-0.337997,-0.871813,0.354542]],[[0.825068,-0.455719,-0.33404],[0.483239,0.262743,0.835132],[-0.292819,-0.850462,0.437002]],[[0.825068,-0.455719,-0.33404],[0.507927,0.339199,0.791805],[-0.247535,-0.822961,0.511334]]],4]],[[0,200,0],[235.247,235.247,147.751]]],[636306,601844225921,[[425,"right",[-0.162656,0.743378,-0.648793],[-0.241599,-0.66754,-0.704287],[56.5482,88.3133,11.3037],[344.2,40.9983,-107.601],[55.0452,88.1285,11.7641],0,0,0.480947,[[0.850125,0.0854772,-0.519597],[0.165059,0.893753,0.417086],[0.500043,-0.44034,0.745693]],58.2952,[195.728,-54.8374,228.326],[72.2102,53.9324,44.1297]]],[[4250,[-0.539473,0.636531,-0.551178],425,47.6795,[-18.4199,103.959,13.2771],[-15.4419,105.231,10.4002],[351.647,173.636,-239.341],false,[45.3819,46.1099,46.7181],[45.3819,46.1099,46.7181],[12.6154,75.143,33.7184],[-4.21235,94.9982,16.5256],[-19.135,108.697,9.59123],[[[0.569305,0.725145,0.387371],[-0.598378,0.0423742,0.800092],[0.563769,-0.687291,0.458035]],[[0.534869,0.764629,0.359525],[-0.446222,-0.105704,0.888658],[0.717496,-0.635743,0.284657]],[[0.534869,0.764629,0.359525],[-0.650295,0.100854,0.752957],[0.539473,-0.636531,0.551178]],[[0.534869,0.764629,0.359525],[-0.477666,-0.0773478,0.87513],[0.696958,-0.639813,0.323866]]],0],[4251,[-0.346355,0.798722,-0.492018],425,53.801,[3.35229,167.476,-25.8235],[7.28439,167.442,-28.7665],[573.724,136.859,-255.274],false,[55.1703,65.0173,50.8391],[31.3938,107.602,4.4563],[19.8983,142.483,-9.54399],[12.2395,160.145,-20.4238],[6.19638,171.05,-29.8518],[[[0.915756,0.0832226,-0.393021],[0.191313,0.769913,0.608797],[0.353258,-0.632699,0.68913]],[[0.893237,0.120531,-0.433127],[0.34145,0.444846,0.827964],[0.29247,-0.887459,0.356198]],[[0.893237,0.120531,-0.433127],[0.286645,0.589505,0.755195],[0.346355,-0.798722,0.492018]],[[0.893237,0.120531,-0.433127],[0.229476,0.706217,0.669774],[0.386611,-0.69766,0.603161]]],1],[4252,[-0.021058,0.866837,-0.498146],425,61.3019,[47.606,181.853,-37.0329],[50.2167,180.91,-39.3155],[614.68,18.5073,-223.401],false,[65.4829,67.4847,47.0361],[51.1301,108.146,-0.024313],[52.317,148.616,-17.4987],[51.7691,171.167,-30.4582],[50.643,185.049,-40.5378],[[[0.908941,-0.135501,-0.394292],[0.351087,0.758821,0.548569],[0.224865,-0.637048,0.737296]],[[0.921566,-0.176362,-0.34585],[0.387287,0.355882,0.850504],[-0.026915,-0.917739,0.396272]],[[0.921566,-0.176362,-0.34585],[0.38765,0.466357,0.795134],[0.021058,-0.866837,0.498146]],[[0.921566,-0.176362,-0.34585],[0.382655,0.562963,0.732563],[0.0655041,-0.807446,0.586293]]],2],[4253,[0.132879,0.868884,-0.476847],425,58.9434,[77.857,173.374,-35.8814],[81.8461,172.2,-38.0971],[603.948,-50.4735,-167.203],false,[75.7689,67.0724,42.5248],[71.2174,102.916,-1.9573],[78.357,139.92,-17.7863],[81.7246,161.94,-29.8713],[83.2995,176.055,-39.3833],[[[0.903055,-0.284586,-0.321719],[0.422119,0.726507,0.542221],[0.0794222,-0.625459,0.776204]],[[0.904974,-0.302561,-0.299129],[0.387962,0.2982,0.872103],[-0.174664,-0.905281,0.387245]],[[0.904974,-0.302561,-0.299129],[0.404184,0.391786,0.826522],[-0.132879,-0.868884,0.476847]],[[0.904974,-0.302561,-0.299129],[0.415371,0.476033,0.775151],[-0.0921351,-0.825741,0.556473]]],3],[4254,[0.321601,0.838018,-0.440794],425,46.2105,[105.842,147.432,-30.3036],[108.203,146.309,-31.5498],[546.206,-100.753,-90.7109],false,[84.8656,60.4581,35.9645],[88.3863,93.9859,-4.99465],[100.183,121.785,-16.5915],[105.938,136.78,-24.4789],[110.324,149.566,-32.6003],[[[0.823934,-0.471165,-0.314858],[0.562786,0.615268,0.552013],[-0.0663673,-0.63202,0.772105]],[[0.823229,-0.477467,-0.307115],[0.435089,0.183121,0.881569],[-0.364681,-0.859355,0.358491]],[[0.823229,-0.477467,-0.307115],[0.467832,0.264105,0.843434],[-0.321601,-0.838018,0.440794]],[[0.823229,-0.477467,-0.307115],[0.494913,0.338558,0.800275],[-0.278129,-0.810804,0.515015]]],4]],[[0,200,0],[235.247,235.247,147.751]]],[636307,6018