{"metadata":{"formatVersion":2,"generatedBy":"LeapJS Playback 0.2.1","frames":1,"frameRate":"1.1e+2","modified":"Sun Mar 15 2015 13:48:41 GMT-0300 (E. South America Standard Time)","title":"tres"},"frames":[["id","timestamp",{"hands":[["id","type","direction","palmNormal","palmPosition","palmVelocity","stabilizedPalmPosition","pinchStrength","grabStrength","confidence","armBasis","armWidth","elbow","wrist"]]},{"pointables":[["id","direction","handId","length","stabilizedTipPosition","tipPosition","tipVelocity","tool","carpPosition","mcpPosition","pipPosition","dipPosition","btipPosition","bases","type"]]},{"interactionBox":["center","size"]}],[82747,100155725064,[[176,"right",[-0.906652,-0.209528,-0.366171],[-0.420055,0.529002,0.737368],[76.4552,102.873,18.811],[-4.02661,33.6917,-15.2267],[76.0003,105.902,16.7755],0.791222,0,0.455071,[[-0.642233,-0.542709,0.541298],[-0.218498,-0.547267,-0.807934],[0.734708,-0.637154,0.232892]],58.942,[306.642,-53.7053,96.3232],[123.145,105.427,38.1574]]],[[1760,[-0.729759,-0.413285,0.544653],176,48.2084,[40.2153,100.771,59.4849],[42.3521,112.593,62.1129],[10.964,45.7675,-5.37801],false,[122.853,133.06,31.7142],[122.853,133.06,31.7142],[76.8436,132.728,35.6065],[53.8278,119.693,52.7843],[38.5237,110.397,64.951],[[[0.183015,-0.84495,-0.502559],[0.573241,0.507015,-0.643685],[0.798687,-0.170284,0.577151]],[[-0.0490226,-0.762941,-0.644607],[-0.0689522,0.646428,-0.759853],[0.996415,0.00719708,-0.0842961]],[[-0.0490226,-0.762941,-0.644607],[-0.681945,0.497108,-0.536503],[0.729759,0.413285,-0.544653]],[[-0.0490226,-0.762941,-0.644607],[-0.705581,0.483244,-0.518296],[0.706931,0.429414,-0.562007]]],0],[1761,[-0.981936,0.081535,0.170743],176,54.3978,[-18.239,117.584,6.53212],[-15.8401,121.554,7.1616],[-15.9938,-4.95723,7.07562],false,[121.184,115.283,18.9878],[57.2346,116.015,-4.27609],[17.809,117.796,0.390919],[-4.14514,119.619,4.20838],[-19.5137,121.307,7.48519],[[[-0.190878,-0.845853,0.498094],[0.2838,-0.533307,-0.796895],[0.939693,-0.0107506,0.34185]],[[0.0293457,-0.825845,0.563133],[-0.122227,-0.562113,-0.817979],[0.992068,-0.0448259,-0.117436]],[[0.0293457,-0.825845,0.563133],[-0.186922,-0.557971,-0.808535],[0.981936,-0.081535,-0.170743]],[[0.0293457,-0.825845,0.563133],[-0.231383,-0.553686,-0.799934],[0.97242,-0.106825,-0.207335]]],1],[1762,[-0.995993,0.0892653,-0.00546964],176,61.982,[-25.3687,101.013,3.31671],[-26.7183,104.871,5.16781],[-10.428,-1.42642,6.54838],false,[118.968,104.919,23.159],[57.1821,98.1829,5.77711],[12.7043,100.663,3.9095],[-13.4944,103.011,3.76563],[-30.7608,104.987,4.13233],[[[-0.107733,-0.736137,0.668204],[0.268006,-0.668738,-0.693515],[0.957375,0.104368,0.269334]],[[-0.0692738,-0.731362,0.678462],[-0.00710852,-0.679717,-0.73344],[0.997572,-0.055631,0.0418876]],[[-0.0692738,-0.731362,0.678462],[-0.0565628,-0.676122,-0.734615],[0.995993,-0.0892653,0.00546964]],[[-0.0692738,-0.731362,0.678462],[-0.0925379,-0.672453,-0.734332],[0.993296,-0.113653,-0.0210953]]],2],[1763,[-0.98742,0.14095,-0.0716592],176,59.5973,[-14.5842,89.3215,8.08755],[-17.4049,93.1511,13.3931],[-3.30606,-6.05489,6.5639],false,[117.246,95.958,29.9331],[61.7996,82.8086,19.4374],[20.942,86.6577,14.5433],[-4.36042,90.2695,12.7071],[-21.3632,93.3007,12.0607],[[[0.0144323,-0.660234,0.750922],[0.290006,-0.715955,-0.635063],[0.956916,0.226938,0.181139]],[[-0.149839,-0.689365,0.708748],[0.0156242,-0.718402,-0.695452],[0.988587,-0.0931325,0.118416]],[[-0.149839,-0.689365,0.708748],[-0.0504986,-0.710569,-0.701813],[0.98742,-0.14095,0.0716592]],[[-0.149839,-0.689365,0.708748],[-0.0985229,-0.702863,-0.70447],[0.983789,-0.175385,0.0373982]]],3],[1764,[0.645335,0.681955,0.344211],176,46.7232,[66.2051,102.752,54.9765],[70.867,110.328,57.3779],[10.3009,51.5234,-16.3708],false,[115.873,91.0292,42.0633],[66.2592,71.8054,35.2911],[48.0804,94.5744,50.1541],[59.756,106.912,56.3816],[74.9951,111.407,57.7181],[[[0.0769708,-0.502097,0.861379],[0.372115,-0.787048,-0.492022],[0.92499,0.358403,0.126258]],[[0.0730391,-0.503616,0.860835],[-0.828106,-0.511636,-0.229061],[0.555793,-0.696132,-0.454417]],[[0.0730391,-0.503616,0.860835],[-0.7604,0.530385,0.37481],[-0.645335,-0.681955,-0.344211]],[[0.0730391,-0.503616,0.860835],[-0.284883,0.816642,0.501933],[-0.955776,-0.281898,-0.0838249]]],4]],[[0,200,0],[235.247,235.247,147.751]]]]}