{"metadata":{"formatVersion":2,"generatedBy":"LeapJS Playback 0.2.1","frames":1,"frameRate":"1.1e+2","modified":"Sun Mar 15 2015 13:49:29 GMT-0300 (E. South America Standard Time)","title":"tres"},"frames":[["id","timestamp",{"hands":[["id","type","direction","palmNormal","palmPosition","palmVelocity","stabilizedPalmPosition","pinchStrength","grabStrength","confidence","armBasis","armWidth","elbow","wrist"]]},{"pointables":[["id","direction","handId","length","stabilizedTipPosition","tipPosition","tipVelocity","tool","carpPosition","mcpPosition","pipPosition","dipPosition","btipPosition","bases","type"]]},{"interactionBox":["center","size"]}],[82504,100153492605,[[176,"right",[-0.918187,-0.16573,-0.359814],[-0.388067,0.193786,0.901028],[72.3105,114.172,11.8806],[9.09525,-79.7591,-72.3278],[70.3185,123.093,23.7286],1,0,0.342216,[[-0.678852,-0.728334,0.0932137],[0.116655,-0.232311,-0.965621],[0.724949,-0.64464,0.242669]],58.942,[301.346,-46.1434,88.5687],[120.287,114.858,27.9612]]],[[1760,[-0.75222,-0.547333,0.366868],176,48.2084,[38.7744,110.66,55.7664],[38.7943,112.222,54.7249],[28.3059,25.7402,31.7979],false,[117.217,142.817,31.7134],[117.217,142.817,31.7134],[71.4507,140.065,37.1863],[47.7265,122.803,48.757],[36.4269,107.064,58.414],[[[0.199961,-0.594762,-0.778636],[0.467823,0.756205,-0.457488],[0.860905,-0.272784,0.429455]],[[-0.0754572,-0.48156,-0.873158],[-0.10912,0.874384,-0.472806],[0.99116,0.0596029,-0.118527]],[[-0.0754572,-0.48156,-0.873158],[-0.654578,0.68449,-0.320939],[0.75222,0.547333,-0.366868]],[[-0.0754572,-0.48156,-0.873158],[-0.849629,0.489409,-0.196493],[0.521954,0.727034,-0.446077]]],0],[1761,[-0.990386,-0.0940838,-0.101409],176,54.3978,[-22.0409,126.862,-14.7756],[-21.2744,123.987,-18.8695],[16.8154,-104.166,-105.803],false,[115.742,130.458,13.6622],[50.0079,132.345,-3.85097],[12.6582,126.896,-16.2863],[-9.48488,124.792,-18.5536],[-25.2184,123.922,-17.3374],[[[-0.075695,-0.981043,0.178394],[0.247521,-0.191794,-0.94971],[0.965921,-0.0277322,0.257346]],[[0.0705084,-0.974047,0.215085],[0.334284,-0.180081,-0.925108],[0.939831,0.137127,0.312911]],[[0.0705084,-0.974047,0.215085],[0.119013,-0.205867,-0.971316],[0.990386,0.0940838,0.101409]],[[0.0705084,-0.974047,0.215085],[-0.06311,-0.219546,-0.973559],[0.995513,0.05507,-0.0769519]]],1],[1762,[-0.994421,-0.0523585,0.0915696],176,61.982,[-30.8479,107.317,0.44652],[-30.839,105.851,-0.0899087],[-10.6511,-56.1414,39.8186],false,[114.752,119.117,14.0366],[52.3106,112.242,-0.75304],[8.12576,107.003,-3.61057],[-18.0316,105.625,-1.20191],[-35.0301,105.601,2.4332],[[[0.0144207,-0.928604,0.370793],[0.252307,-0.355452,-0.899997],[0.96754,0.106532,0.229167]],[[0.0839358,-0.918543,0.386308],[0.104265,-0.377452,-0.920141],[0.991001,0.117511,0.0640901]],[[0.0839358,-0.918543,0.386308],[-0.0638841,-0.391838,-0.917813],[0.994421,0.0523585,-0.0915696]],[[0.0839358,-0.918543,0.386308],[-0.191541,-0.395319,-0.898351],[0.977889,0.00140996,-0.20912]]],2],[1763,[-0.993474,-0.00885435,0.113713],176,59.5973,[-12.7054,99.3209,-20.0109],[-19.696,90.0993,10.1075],[-30.0861,-30.2597,21.0681],false,[114.391,108.24,17.3061],[59.3988,93.6832,6.29126],[18.3472,89.6468,3.72485],[-7.11039,89.4199,6.63873],[-23.8432,90.4284,10.8454],[[[0.137584,-0.87335,0.467259],[0.283407,-0.417311,-0.863442],[0.949079,0.25122,0.190098]],[[0.0594636,-0.890977,0.450137],[0.0992886,-0.44342,-0.890798],[0.99328,0.0976636,0.0620966]],[[0.0594636,-0.890977,0.450137],[-0.0973303,-0.453961,-0.885689],[0.993474,0.00885435,-0.113713]],[[0.0594636,-0.890977,0.450137],[-0.243133,-0.450282,-0.859146],[0.968169,-0.0583551,-0.243401]]],3],[1764,[0.0975834,0.657128,0.747436],176,46.7232,[37.2093,87.696,15.7308],[46.7403,103.539,53.7848],[144.797,157.181,44.7328],false,[114.57,99.3089,26.9772],[66.1966,78.4258,16.9355],[39.4299,85.1888,34.4742],[41.1954,97.0777,47.997],[51.1752,106.685,55.8918],[[[0.197774,-0.757366,0.62232],[0.384084,-0.524224,-0.760045],[0.901868,0.38934,0.187215]],[[0.222378,-0.746429,0.62721],[-0.529942,-0.632526,-0.564865],[0.818358,-0.206771,-0.536224]],[[0.222378,-0.746429,0.62721],[-0.970065,-0.105008,0.21897],[-0.0975834,-0.657128,-0.747436]],[[0.222378,-0.746429,0.62721],[-0.747513,0.282471,0.601194],[-0.625917,-0.60254,-0.49515]]],4]],[[0,200,0],[235.247,235.247,147.751]]]]}