{"metadata":{"formatVersion":2,"generatedBy":"LeapJS Playback 0.2.1","frames":1,"frameRate":"1.0e+2","modified":"Tue Mar 17 2015 20:48:06 GMT-0300 (E. South America Standard Time)","title":"u"},"frames":[["id","timestamp",{"hands":[["id","type","direction","palmNormal","palmPosition","palmVelocity","stabilizedPalmPosition","pinchStrength","grabStrength","confidence","armBasis","armWidth","elbow","wrist"]]},{"pointables":[["id","direction","handId","length","stabilizedTipPosition","tipPosition","tipVelocity","tool","carpPosition","mcpPosition","pipPosition","dipPosition","btipPosition","bases","type"]]},{"interactionBox":["center","size"]}],[60104,99815726781,[[146,"left",[0.0181722,0.706033,-0.707946],[-0.089562,-0.704067,-0.704463],[-27.5262,88.3946,29.7234],[-4.7688,-16.8164,18.9316],[-22.5133,86.5601,48.4602],0.0870235,0,0.252918,[[-0.918855,-0.0294863,-0.393492],[0.0633006,0.973275,-0.220747],[-0.389485,0.227743,0.892432]],54.0825,[-123.729,111.3,269.592],[-34.4734,59.1099,65.0797]]],[[1460,[-0.115465,0.357043,-0.926924],146,44.2339,[-11.5239,77.2414,-2.44777],[-15.6922,80.6556,-20.5464],[7.73092,-19.0663,22.1355],false,[-11.2521,48.7615,59.458],[-11.2521,48.7615,59.458],[-10.4746,65.2002,20.4172],[-13.816,75.5326,-6.40685],[-15.5426,82.7682,-24.8253],[[[-0.317061,0.798172,0.512244],[0.834388,-0.0220017,0.550739],[-0.450854,-0.602028,0.659009]],[[-0.223441,0.899914,0.374472],[0.974545,0.199023,0.103211],[-0.0183521,-0.388001,0.921476]],[[-0.223441,0.899914,0.374472],[0.967854,0.250352,-0.0241306],[0.115465,-0.357043,0.926924]],[[-0.223441,0.899914,0.374472],[0.970834,0.239731,0.00316988],[0.0869201,-0.364259,0.927233]]],0],[1461,[-0.0787001,0.688182,-0.721257],146,49.913,[-7.34282,147.946,-13.1461],[-11.2011,149.943,-33.9588],[23.214,-2.49429,36.416],false,[-16.4175,67.3801,65.0649],[-5.81608,103.048,14.9205],[-8.40196,129.701,-9.82959],[-10.0165,143.819,-24.626],[-11.2497,153.247,-35.5754],[[[-0.978627,0.193669,-0.0691422],[0.116031,0.797626,0.591887],[-0.16978,-0.571214,0.80305]],[[-0.988939,0.0373453,0.143541],[0.130268,0.681418,0.720208],[0.0709152,-0.730941,0.678746]],[[-0.988939,0.0373453,0.143541],[0.125718,0.724576,0.677631],[0.0787001,-0.688182,0.721257]],[[-0.988939,0.0373453,0.143541],[0.121516,0.758916,0.63975],[0.085044,-0.650116,0.75506]]],1],[1462,[0.0261717,0.639954,-0.767968],146,56.8719,[-21.3279,154.007,-22.6669],[-22.2807,155.878,-41.5924],[5.74332,21.0914,52.3209],false,[-26.2826,70.8203,64.8037],[-24.2648,105.83,17.0882],[-23.3642,134.213,-12.3603],[-22.7326,149.659,-30.8955],[-22.2614,159.108,-43.7365],[[[-0.997913,-0.024117,-0.059894],[-0.0548437,0.80615,0.589164],[-0.0340747,-0.591219,0.805791]],[[-0.998055,-0.0267502,-0.0563041],[-0.0583195,0.719671,0.691862],[-0.022013,-0.6938,0.719831]],[[-0.998055,-0.0267502,-0.0563041],[-0.0565754,0.767948,0.638009],[-0.0261717,-0.639954,0.767968]],[[-0.998055,-0.0267502,-0.0563041],[-0.0548919,0.805187,0.590474],[-0.0295401,-0.592417,0.80509]]],2],[1463,[0.166528,-0.79162,0.587883],146,54.6838,[-31.1089,57.8167,19.4418],[-33.9409,55.2712,19.1865],[-3.45188,-21.0861,19.5317],false,[-36.6549,71.5978,64.0714],[-42.836,103.378,21.8999],[-38.8027,77.1957,-5.23497],[-34.8873,58.583,8.58741],[-33.4844,53.6157,23.582],[[[-0.985058,-0.171559,0.0150955],[-0.127058,0.78311,0.608765],[0.116261,-0.597751,0.793207]],[[-0.982511,-0.183588,0.0311011],[-0.152838,0.699724,-0.697873],[-0.106359,0.690422,0.715546]],[[-0.982511,-0.183588,0.0311011],[0.0833078,-0.58278,-0.808348],[-0.166528,0.79162,-0.587883]],[[-0.982511,-0.183588,0.0311011],[0.163849,-0.931762,-0.323995],[-0.0884604,0.313233,-0.945548]]],3],[1464,[0.352383,-0.80685,0.474152],146,42.8711,[-42.2231,64.4878,22.9112],[-45.249,62.7871,18.4474],[-4.9088,-21.2585,17.1017],false,[-47.3032,66.4981,61.5169],[-59.6207,97.1594,25.0439],[-53.223,80.0755,1.21359],[-47.3732,66.6813,9.08479],[-44.5327,60.8758,22.2095],[[[-0.930356,-0.366607,0.00600451],[-0.26795,0.690986,0.671373],[0.250279,-0.623007,0.741095]],[[-0.922159,-0.385727,0.0289545],[-0.322767,0.726063,-0.607169],[-0.213179,0.569251,0.794045]],[[-0.922159,-0.385727,0.0289545],[0.159531,-0.447446,-0.879967],[-0.352383,0.80685,-0.474152]],[[-0.922159,-0.385727,0.0289545],[0.334554,-0.832911,-0.440832],[-0.194157,0.39683,-0.897122]]],4]],[[0,200,0],[235.247,235.247,147.751]]]]}