{"metadata":{"formatVersion":2,"generatedBy":"LeapJS Playback 0.2.1","frames":1,"frameRate":"1.1e+2","modified":"Tue Mar 17 2015 20:42:40 GMT-0300 (E. South America Standard Time)","title":"v"},"frames":[["id","timestamp",{"hands":[["id","type","direction","palmNormal","palmPosition","palmVelocity","stabilizedPalmPosition","pinchStrength","grabStrength","confidence","armBasis","armWidth","elbow","wrist"]]},{"pointables":[["id","direction","handId","length","stabilizedTipPosition","tipPosition","tipVelocity","tool","carpPosition","mcpPosition","pipPosition","dipPosition","btipPosition","bases","type"]]},{"interactionBox":["center","size"]}],[78107,100076422262,[[169,"right",[-0.152362,0.616225,-0.772692],[-0.0771046,-0.786848,-0.612311],[58.3367,56.4221,63.5446],[55.9245,89.1336,108.601],[57.2118,53.3867,59.1319],0.928469,0,0.406561,[[0.707303,-0.011344,-0.70682],[-0.0443859,0.997186,-0.0604204],[0.705516,0.0741084,0.704808]],63.72,[264.897,46.8114,296.937],[74.4081,26.8022,106.639]]],[[1690,[0.0912759,0.235719,-0.967525],169,52.1164,[42.2776,44.9381,5.88878],[43.032,44.0611,10.3701],[45.2353,-11.2487,129.96],false,[46.0074,15.2344,107.443],[46.0074,15.2344,107.443],[43.9914,29.5315,59.6587],[47.1035,37.5685,26.6703],[41.6759,45.7675,5.43249],[[[0.435721,0.837591,0.329529],[-0.69903,0.0842656,0.71011],[0.567014,-0.53976,0.622217]],[[0.364772,0.896139,0.252739],[-0.930221,0.338971,0.140669],[0.0403875,-0.286415,0.957254]],[[0.364772,0.896139,0.252739],[-0.926612,0.375995,0.00418755],[-0.0912759,-0.235719,0.967525]],[[0.364772,0.896139,0.252739],[-0.901753,0.272402,0.335618],[0.231913,-0.350332,0.90746]]],0],[1691,[-0.335498,0.793891,-0.507128],169,58.8075,[4.57148,140.576,12.4409],[3.36952,137.205,10.2118],[-1.57277,-27.1207,-18.78],false,[53.8316,37.4857,109.797],[30.026,72.6841,49.7399],[16.0033,107.907,29.5287],[7.89421,127.095,17.2712],[2.02852,140.223,8.04153],[[[0.945743,0.136701,-0.294759],[0.0294302,0.867417,0.496712],[0.32358,-0.478436,0.81633]],[[0.922494,0.167774,-0.347645],[0.206089,0.547446,0.811067],[0.326393,-0.819851,0.470439]],[[0.922494,0.167774,-0.347645],[0.190909,0.584457,0.788647],[0.335498,-0.793891,0.507128]],[[0.922494,0.167774,-0.347645],[0.176472,0.617683,0.766371],[0.343312,-0.768322,0.540202]]],1],[1692,[0.037635,0.786701,-0.616186],169,67.0064,[57.316,151.338,-4.47644],[55.4605,147.823,-7.48186],[-12.4436,-26.0975,-46.3101],false,[65.211,40.9093,106.571],[51.876,75.1946,47.2899],[54.0615,114.213,19.0752],[55.1317,136.584,1.55314],[55.7047,150.953,-10.5437],[[[0.961798,-0.0790838,-0.26209],[0.195993,0.867325,0.45753],[0.191134,-0.491419,0.849691]],[[0.979511,-0.151122,-0.133116],[0.196219,0.567333,0.79977],[-0.045342,-0.809503,0.585362]],[[0.979511,-0.151122,-0.133116],[0.197842,0.598551,0.77627],[-0.037635,-0.786701,0.616186]],[[0.979511,-0.151122,-0.133116],[0.199068,0.626477,0.75359],[-0.0304902,-0.764649,0.643725]]],2],[1693,[-0.274257,-0.798419,-0.536013],169,64.4285,[54.2777,33.3265,-15.404],[54.5032,30.7743,-9.97218],[48.9057,-30.5074,143.117],false,[76.9885,41.1265,103.082],[74.3927,71.9563,48.6159],[65.0828,67.3936,5.15588],[57.4853,45.2758,-9.69276],[53.4377,27.0485,-10.3811],[[[0.961912,-0.215694,-0.167934],[0.270201,0.843351,0.464489],[0.0414395,-0.492173,0.86951]],[[0.960967,-0.206442,-0.184183],[0.181999,0.973115,-0.141149],[0.208371,0.102119,0.972704]],[[0.960967,-0.206442,-0.184183],[-0.0363996,0.565605,-0.823873],[0.274257,0.798419,0.536013]],[[0.960967,-0.206442,-0.184183],[-0.172076,0.0753019,-0.982201],[0.216637,0.975557,0.036839]]],3],[1694,[-0.38882,-0.701244,-0.597559],169,50.5107,[77.5362,36.413,-4.71304],[78.8478,35.5541,0.223877],[51.6015,-5.62758,136.334],false,[88.4777,34.2044,98.3239],[94.3398,64.1835,49.0372],[92.8029,60.6508,13.8885],[85.198,46.9353,2.20099],[76.7932,32.0288,0.136571],[[[0.902287,-0.40757,-0.140592],[0.419116,0.752719,0.507697],[-0.101096,-0.517012,0.849987]],[[0.870342,-0.492316,0.0114254],[0.490526,0.864664,-0.108354],[0.0434651,0.0999094,0.994047]],[[0.870342,-0.492316,0.0114254],[0.302199,0.515638,-0.801744],[0.38882,0.701244,0.597559]],[[0.870342,-0.492316,0.0114254],[0.0688446,0.0986682,-0.992736],[0.487612,0.864806,0.119768]]],4]],[[0,200,0],[235.247,235.247,147.751]]]]}